Branch PC,Accuracy,Mispredictions,Correct Predictions,Total,dir_t_pred_t,dir_t_pred_nt,dir_nt_pred_t,dir_nt_pred_nt
aggregate,99.4316%,130253,22786721,22916974,12904396,58978,71275,9882325
0xa7838e,96.5231%,4057,112628,116685,98608,1253,2804,14020
0xa39395,86.8127%,3804,25042,28846,12982,2009,1795,12060
0x62358e,94.6%,2808,49192,52000,38831,1744,1064,10361
0x64dac3,98.9292%,2570,237430,240000,200654,1260,1310,36776
0xa305cd,95.6876%,2352,52188,54540,22277,1333,1019,29911
0xa39282,91.985%,2312,26534,28846,17540,1238,1074,8994
0x652b74,97.7019%,2071,88046,90117,31199,1447,624,56847
0x64dace,96.227%,1437,36649,38086,21419,667,770,15230
0x65245a,97.5149%,1427,55995,57422,48631,588,839,7364
0xa77dc5,97.3641%,1259,46505,47764,14351,655,604,32154
0x64daf9,97.9683%,1219,58781,60000,58776,24,1195,5
0xa7827d,96.805%,1122,33995,35117,13898,600,522,20097
0xa76a95,95.4272%,973,20305,21278,6928,492,481,13377
0x927d6c,98.5503%,966,65667,66633,63078,371,595,2589
0x64f32f,97.0619%,959,31681,32640,31681,143,816,0
0xa76290,94.1204%,878,14055,14933,5128,523,355,8927
0xa77fec,96.2989%,834,21700,22534,18215,369,465,3485
0x655562,99.6591%,830,242623,243453,229483,455,375,13140
0xa761d8,98.367%,801,48249,49050,8868,440,361,39381
0xa77da5,98.8674%,781,68175,68956,20798,394,387,47377
0xa77ffd,95.4305%,752,15705,16457,1822,497,255,13883
0xa762de,94.0898%,723,11510,12233,3033,448,275,8477
0xa39234,97.7688%,720,31550,32270,14313,318,402,17237
0x8bf414,93.375%,689,9711,10400,5941,413,276,3770
0x8bff21,93.5481%,671,9729,10400,5888,466,205,3841
0xa77fb5,98.6722%,657,48824,49481,26018,301,356,22806
0xa304d2,99.0054%,654,65102,65756,19908,451,203,45194
0xa78397,96.398%,606,16218,16824,7699,325,281,8519
0xa76aa1,95.7209%,593,13265,13858,7931,232,361,5334
0xa39242,98.2615%,561,31709,32270,3047,377,184,28662
0x65c95b,94.6635%,555,9845,10400,6300,303,252,3545
0x645e98,94.7981%,541,9859,10400,5995,359,182,3864
0x64bee9,96.6188%,541,15459,16000,10168,375,166,5291
0x8bfe9c,94.9038%,530,9870,10400,8997,262,268,873
0x926a87,87.0534%,529,3557,4086,1028,345,184,2529
0x8bf3dc,94.9712%,523,9877,10400,8979,280,243,898
0x65df04,95.1154%,508,9892,10400,9383,203,305,509
0x6437af,95.1346%,506,9894,10400,8985,274,232,909
0x8c72fb,98.8165%,503,41997,42500,41997,3,500,0
0xa78154,95.1018%,503,9766,10269,3274,290,213,6492
0x8c737b,98.8235%,500,42000,42500,42000,0,500,0
0x6434c4,95.2308%,496,9904,10400,921,220,276,8983
0x63b1c3,97.0476%,496,16304,16800,14760,241,255,1544
0x645310,95.25%,494,9906,10400,6029,325,169,3877
0x642e26,95.2596%,493,9907,10400,8978,281,212,929
0x643324,95.2788%,491,9909,10400,916,225,266,8993
0x65ddb4,95.2885%,490,9910,10400,9394,192,298,516
0x65db63,95.2885%,490,9910,10400,9397,189,301,513
0x6429c6,95.3173%,487,9913,10400,8983,276,211,930
0x643016,95.3462%,484,9916,10400,9003,256,228,913
0x9283a5,90.0144%,484,4363,4847,992,254,230,3371
0x63d8c9,95.3558%,483,9917,10400,8982,277,206,935
0x642bd6,95.3654%,482,9918,10400,8995,264,218,923
0xa762d6,96.7722%,482,14451,14933,2396,304,178,12055
0x63d558,95.3654%,482,9918,10400,8997,262,220,921
0x643206,95.375%,481,9919,10400,8984,275,206,935
0x65c91d,95.4038%,478,9922,10400,9348,238,240,574
0x63c258,95.4231%,476,9924,10400,8982,277,199,942
0x6435a4,95.4519%,473,9927,10400,935,206,267,8992
0x63da28,95.4712%,471,9929,10400,8971,288,183,958
0x643654,95.5096%,467,9933,10400,931,210,257,9002
0x632dee,98.0214%,463,22937,23400,22932,0,463,5
0x6433f4,95.5673%,461,9939,10400,948,193,268,8991
0x926a76,90.6327%,459,4441,4900,3870,216,243,571
0x65d9f3,95.5865%,459,9941,10400,9385,201,258,556
0x63d678,95.6154%,456,9944,10400,8998,261,195,946
0x658b1c,95.9519%,421,9979,10400,3380,140,281,6599
0x75af72,66.7199%,417,836,1253,272,242,175,564
0x652bf9,91.2607%,409,4271,4680,1674,187,222,2597
0x632d6e,98.2735%,404,22996,23400,22931,1,403,65
0x429839,96.1923%,396,10004,10400,9063,196,200,941
0xa8dbfc,94.1317%,368,5903,6271,5539,160,208,364
0xa76a4a,98.341%,353,20925,21278,17857,135,218,3068
0xa22380,98.2745%,353,20105,20458,509,252,101,19596
0x652ac5,99.6227%,352,92938,93290,88200,243,109,4738
0xa78147,98.1167%,350,18234,18584,8169,146,204,10065
0xa2424c,98.415%,347,21546,21893,21280,108,239,266
0xa77e20,99.0469%,345,35853,36198,814,205,140,35039
0x9fb655,94.9925%,335,6355,6690,5408,171,164,947
0xa768f5,99.5156%,334,68622,68956,21112,166,168,47510
0xa8dc23,94.6739%,334,5937,6271,5425,149,185,512
0xa8dc34,94.8015%,326,5945,6271,1791,165,161,4154
0xa2e900,99.143%,323,37366,37689,34652,158,165,2714
0xa304ef,99.4837%,320,61656,61976,7243,193,127,54413
0xa8dc0c,94.8971%,320,5951,6271,5595,124,196,356
0x9282b4,98.9077%,313,28343,28656,23657,152,161,4686
0x64ef36,97%,312,10088,10400,6670,210,102,3418
0x638441,95.3457%,311,6371,6682,5422,157,154,949
0xa3885d,99.6801%,310,96609,96919,164,273,37,96445
0x64f015,97.0481%,307,10093,10400,6684,196,111,3409
0x64f0b3,97.0962%,302,10098,10400,3418,102,200,6680
0x92813a,96.8272%,301,9186,9487,6198,106,195,2988
0x92851b,93.8312%,299,4548,4847,2953,145,154,1595
0x65ec23,97.1442%,297,10103,10400,6300,202,95,3803
0x65e983,97.1442%,297,10103,10400,6312,190,107,3791
0x638515,95.5852%,295,6387,6682,5431,148,147,956
0xa76269,97.5885%,295,11938,12233,6550,143,152,5388
0x62364f,97.7846%,288,12712,13000,12712,28,260,0
0x655da6,99.4626%,286,52936,53222,39607,100,186,13329
0xa30530,99.4774%,285,54255,54540,3696,155,130,50559
0xa78296,98.5909%,284,19870,20154,1045,196,88,18825
0xa77e3a,99.1927%,284,34895,35179,34258,66,218,637
0x637d80,95.7647%,283,6399,6682,5438,141,142,961
0x8c39f1,97.7%,276,11724,12000,9849,151,125,1875
0x637cc2,95.9144%,273,6409,6682,5436,143,130,973
0x8c0c84,95.8154%,272,6228,6500,1995,186,86,4233
0x65ead3,97.4423%,266,10134,10400,6299,203,63,3835
0x92c61a,97.4519%,265,10135,10400,9909,108,157,226
0xa7697f,99.4694%,253,47425,47678,25569,127,126,21856
0x64ede2,99.2458%,251,33029,33280,31924,76,175,1105
0x62359a,99.3863%,249,40326,40575,39990,80,169,336
0x64c024,95.0417%,238,4562,4800,57,172,66,4505
0xa8209e,99.9622%,230,607702,607932,604196,87,143,3506
0xa9168c,93.589%,229,3343,3572,3189,57,172,154
0x64cb91,98.5938%,225,15775,16000,230,136,89,15545
0xa30629,99.5893%,224,54316,54540,19497,130,94,34819
0x7a9862,97.8846%,220,10180,10400,9636,64,156,544
0x63ae73,90.9167%,218,2182,2400,1477,65,153,705
0xa7631b,99.5596%,216,48834,49050,44074,71,145,4760
0x8c0c74,97.85%,215,9785,10000,3358,142,73,6427
0x63afb3,92.4286%,212,2588,2800,1752,47,165,836
0xa782bb,98.816%,210,17527,17737,3017,121,89,14510
0x429895,98.0385%,204,10196,10400,6180,64,140,4016
0x5943b3,93.2692%,189,2619,2808,46,162,27,2573
0x64f2b6,98.825%,188,15812,16000,10052,122,66,5760
0x8c4f66,98.5615%,187,12813,13000,12495,5,182,318
0x655319,98.6238%,186,13329,13515,6845,26,160,6484
0x6527eb,99.8292%,186,108694,108880,24494,115,71,84200
0x9f5cff,96.5582%,182,5106,5288,4772,64,118,334
0xa393c3,99.3968%,174,28672,28846,8630,108,66,20042
0x6561d9,98.7199%,173,13342,13515,551,113,60,12791
0x8c5e99,93.28%,168,2332,2500,2332,68,100,0
0x96108b,98.4188%,168,10457,10625,10457,43,125,0
0xa81ffc,99.8253%,167,95433,95600,8214,105,62,87219
0x5e8d62,94.2589%,165,2709,2874,1364,73,92,1345
0xa76b08,98.8094%,165,13693,13858,10276,85,80,3417
0x5e8463,84.357%,163,879,1042,444,77,86,435
0xa2e87b,99.5728%,161,37528,37689,36052,70,91,1476
0x8a7bca,98.5317%,161,10804,10965,10799,37,124,5
0xa82002,99.8167%,160,87121,87281,14909,100,60,72212
0x4299b5,98.5%,156,10244,10400,9971,29,127,273
0xa393dc,99.4592%,156,28690,28846,6330,87,69,22360
0x64ed4f,88.141%,148,1100,1248,537,39,109,563
0x654545,99.8923%,148,137306,137454,128906,27,121,8400
0x8c5364,98.9077%,142,12858,13000,12479,21,121,379
0xa8dbf7,99.8341%,141,84835,84976,81454,76,65,3381
0x9f9955,96.2029%,137,3471,3608,1496,70,67,1975
0x8c5308,99.7385%,136,51864,52000,10293,107,29,41571
0xa782af,99.2728%,135,18429,18564,743,84,51,17686
0x654fbe,99.8865%,135,118810,118945,110696,46,89,8114
0x5e8d7a,95.3375%,134,2740,2874,2248,47,87,492
0xa76ad3,97.6471%,134,5561,5695,3463,72,62,2098
0x652462,98.4274%,129,8074,8203,4034,68,61,4040
0xa91682,96.1795%,126,3172,3298,3133,21,105,39
0xa7800a,99.1159%,125,14013,14138,12576,60,65,1437
0x636e3a,88.6673%,125,978,1103,809,37,88,169
0xa82075,98.5335%,122,8197,8319,4626,44,78,3571
0x636523,85.6974%,121,725,846,548,46,75,177
0x63b1ca,93.3852%,119,1680,1799,196,61,58,1484
0xa77ea3,88.42%,118,901,1019,256,59,59,645
0x8c5a7e,76.6%,117,383,500,347,53,64,36
0x636d6c,89.3926%,117,986,1103,802,44,73,184
0x928531,93.3676%,116,1633,1749,978,56,60,655
0x5f1b3a,94.4444%,114,1938,2052,1061,64,50,877
0x8c4ef9,99.7808%,114,51886,52000,10294,106,8,41592
0x5e847b,89.0595%,114,928,1042,783,34,80,145
0x75c75b,65.9639%,113,219,332,117,49,64,102
0x64ef65,98.9135%,113,10287,10400,10172,20,93,115
0x64b89d,99.2938%,113,15887,16000,3743,81,32,12144
0x9f5df8,88.4134%,111,847,958,123,77,34,724
0x92629d,72.25%,111,289,400,17,73,38,272
0x5e8d2f,94.9749%,110,2079,2189,1378,59,51,701
0xa8dc4a,98.2459%,110,6161,6271,1543,39,71,4618
0x8c62f9,78%,110,390,500,390,10,100,0
0x64b8ed,99.3187%,109,15891,16000,15592,8,101,299
0x5f3579,94.4838%,109,1867,1976,1638,34,75,229
0xa22300,99.554%,108,24106,24214,3693,63,45,20413
0x64ed43,99.2987%,108,15292,15400,14127,25,83,1165
0x7a9233,70.6522%,108,260,368,113,48,60,147
0x639563,73.25%,107,293,400,103,66,41,190
0x8c6707,95.76%,106,2394,2500,2394,6,100,0
0x92a4a9,99.6336%,105,28551,28656,25432,40,65,3119
0x65c9c0,99%,104,10296,10400,10182,10,94,114
0x64deda,97.4%,104,3896,4000,3896,4,100,0
0x64df26,97.4%,104,3896,4000,3896,4,100,0
0x63ab14,74.25%,103,297,400,99,70,33,198
0x64c042,91.5%,102,1098,1200,1097,23,79,1
0x63a593,74.5%,102,298,400,106,63,39,192
0x63a734,74.5%,102,298,400,105,64,38,193
0x8c07c9,87.375%,101,699,800,162,58,43,537
0x652b7f,99.8879%,101,90016,90117,85378,59,42,4638
0x8c0688,75.25%,99,301,400,54,56,43,247
0x75631a,75%,99,297,396,260,30,69,37
0x926ab4,97.9796%,99,4801,4900,4789,13,86,12
0x9f5cbb,99.0067%,98,9768,9866,8360,48,50,1408
0x8b8036,98.4295%,98,6142,6240,6026,6,92,116
0x65494c,99.9194%,97,120311,120408,111876,12,85,8435
0x7a9881,96.3077%,96,2504,2600,2496,4,92,8
0x654ed5,99.0201%,95,9600,9695,1441,51,44,8159
0x8c13ad,76.25%,95,305,400,58,52,43,247
0x65b02c,76.5%,94,306,400,259,31,63,47
0x5e8432,88.6999%,93,730,823,489,32,61,241
0x65df3f,96.4615%,92,2508,2600,2480,20,72,28
0x63a124,77%,92,308,400,101,68,24,207
0x9f5e8b,78.9352%,91,341,432,106,44,47,235
0x5f1b7e,95.5653%,91,1961,2052,63,70,21,1898
0x92c5ee,99.125%,91,10309,10400,1093,57,34,9216
0x926b53,74.5714%,89,261,350,14,55,34,247
0x65db9c,96.5769%,89,2511,2600,2480,20,69,31
0xa24136,99.6365%,88,24118,24206,2255,58,30,21863
0x64de2c,97.825%,87,3913,4000,3896,4,83,17
0xa7817d,98.7025%,87,6618,6705,5232,51,36,1386
0x756357,72.2045%,87,226,313,55,50,37,171
0x64f0c6,99.1635%,87,10313,10400,10181,11,76,132
0x63b1f9,97.9286%,87,4113,4200,4110,6,81,3
0x64cc92,97.85%,86,3914,4000,3914,6,80,0
0x7a8dde,78.5%,86,314,400,106,42,44,208
0x928665,98.2257%,86,4761,4847,4655,33,53,106
0x5e8069,86.6252%,86,557,643,438,32,54,119
0x755feb,82.377%,86,402,488,46,46,40,356
0x64db04,92.9167%,85,1115,1200,1115,5,80,0
0xa90e28,90.7609%,85,835,920,733,41,44,102
0x65eec3,96.7692%,84,2516,2600,2492,8,76,24
0x64b8a7,99.3183%,83,12093,12176,107,57,26,11986
0xa762c3,99.1166%,82,9200,9282,8557,35,47,643
0x64bf77,97.95%,82,3918,4000,3910,10,72,8
0x429ea4,79.5%,82,318,400,71,39,43,247
0x92c608,99.2115%,82,10318,10400,1412,38,44,8906
0x64fa8d,97.975%,81,3919,4000,3919,1,80,0
0x654ffe,99.9319%,81,118864,118945,110704,38,43,8160
0x8c3404,79.75%,81,319,400,62,48,33,257
0x7785ae,87.3438%,81,559,640,449,39,42,110
0xa77eb4,88.7784%,79,625,704,62,44,35,563
0xa24a29,92.5359%,78,967,1045,531,37,41,436
0x63a317,80.5%,78,322,400,97,46,32,225
0x5e8054,87.8694%,78,565,643,507,30,48,58
0x638880,98.6806%,78,5834,5912,5792,18,60,42
0xa77ec2,92.4436%,77,942,1019,842,30,47,100
0xa78246,99.7074%,77,26242,26319,979,40,37,25263
0x64fb0d,98.075%,77,3923,4000,3916,4,73,7
0x5e8ca3,89.8936%,76,676,752,548,31,45,128
0x6393f4,81.25%,75,325,400,97,46,29,228
0x639f84,81.25%,75,325,400,96,47,28,229
0x639a13,81.5%,74,326,400,100,43,31,226
0x756349,81.3131%,74,322,396,42,41,33,280
0x64cbfe,99.5375%,74,15926,16000,1076,49,25,14850
0x63cfb5,81.5%,74,326,400,110,33,41,216
0x639c03,81.5%,74,326,400,104,39,35,222
0x65efe3,97.1538%,74,2526,2600,2496,4,70,30
0x7a96ae,79.8913%,74,294,368,116,31,43,178
0xa78289,99.6411%,74,20545,20619,415,50,24,20130
0x63a413,81.5%,74,326,400,101,42,32,225
0xa76a81,97.7785%,73,3213,3286,2453,27,46,760
0xa7807b,92.9605%,73,964,1037,663,32,41,301
0x64c649,98.175%,73,3927,4000,3919,1,72,8
0x63a8c3,82%,72,328,400,98,45,27,230
0x5e8a85,75.4325%,71,218,289,142,41,30,76
0x64a8e0,97.2692%,71,2529,2600,2487,13,58,42
0x62338a,99.4615%,70,12930,13000,12736,4,66,194
0xa7623d,99.436%,69,12164,12233,11519,28,41,645
0x64f032,99.3365%,69,10331,10400,10182,10,59,149
0x65da24,97.3462%,69,2531,2600,2494,6,63,37
0x89fe03,79.7619%,68,268,336,15,39,29,253
0x5e8a9a,76.8166%,67,222,289,191,21,46,31
0x6525eb,99.7542%,66,26781,26847,2194,44,22,24587
0x63cf38,83.5%,66,334,400,227,30,36,107
0x63d584,99.375%,65,10335,10400,10186,6,59,149
0x652614,99.7359%,65,24544,24609,18605,39,26,5939
0x5e8397,78.4768%,65,237,302,203,22,43,34
0xa30a98,99.6324%,64,17347,17411,16769,18,46,578
0x63c6e6,84%,64,336,400,231,26,38,105
0x63c9c5,98.9175%,64,5848,5912,5796,14,50,52
0x7a9339,82.8804%,63,305,368,31,40,23,274
0x65e1ce,97.5769%,63,2537,2600,2497,3,60,40
0x652717,99.8505%,63,42071,42134,13403,22,41,28668
0x65ddf0,97.5769%,63,2537,2600,2487,13,50,50
0x8bf475,97.5769%,63,2537,2600,2537,11,52,0
0x658b2c,99.3942%,63,10337,10400,7772,28,35,2565
0x9281ad,99.3359%,63,9424,9487,9109,13,50,315
0xa393d1,99.7851%,62,28784,28846,18750,28,34,10034
0x7a94fd,83.1522%,62,306,368,43,38,24,263
0x5a8d05,92.9224%,62,814,876,1,49,13,813
0x7a8edc,83.8542%,62,322,384,50,34,28,272
0x658b38,97.6538%,61,2539,2600,2539,9,52,0
0x6550d1,97.319%,60,2178,2238,1094,25,35,1084
0x6429f0,97.6923%,60,2540,2600,2540,8,52,0
0xa820aa,99.6069%,59,14950,15009,14836,27,32,114
0xa90e38,98.8749%,59,5185,5244,4794,32,27,391
0x637716,98.4695%,59,3796,3855,3582,16,43,214
0x64c779,98.525%,59,3941,4000,3918,2,57,23
0x637dc0,99.117%,59,6623,6682,6255,20,39,368
0x59907c,85.8173%,59,357,416,36,28,31,321
0x64ec52,99.7219%,59,21157,21216,20364,20,39,793
0x7a9c72,85.25%,59,341,400,10,43,16,331
0x63d90b,99.4327%,59,10341,10400,10186,6,53,155
0x645fe1,97.7692%,58,2542,2600,2537,11,47,5
0x5e6b1c,95.7037%,58,1292,1350,1292,8,50,0
0x8c001b,97.7692%,58,2542,2600,2542,6,52,0
0x656519,80%,58,232,290,98,27,31,134
0x6468c9,97.7692%,58,2542,2600,2542,6,52,0
0x63c285,99.4519%,57,10343,10400,10185,7,50,158
0x63d6a0,99.4519%,57,10343,10400,10185,7,50,158
0x5e682c,95.7778%,57,1293,1350,1292,8,49,1
0x5f1b98,97.0297%,57,1862,1919,103,49,8,1759
0xa7801b,96.2051%,57,1445,1502,1016,21,36,429
0x642e6c,97.8077%,57,2543,2600,2543,5,52,0
0x64334b,97.8077%,57,2543,2600,2543,5,52,0
0x64341b,97.8462%,56,2544,2600,2544,4,52,0
0x65289f,99.9662%,56,165508,165564,140925,30,26,24583
0x6434ed,97.8462%,56,2544,2600,2544,4,52,0
0x644088,97.8846%,55,2545,2600,2545,3,52,0
0x6457f1,97.8846%,55,2545,2600,2545,3,52,0
0x9283f9,98.4726%,55,3546,3601,582,28,27,2964
0x6435cb,97.8846%,55,2545,2600,2545,3,52,0
0x647389,97.8846%,55,2545,2600,2545,3,52,0
0x66ec02,97.8846%,55,2545,2600,2545,3,52,0
0xa76b45,99.2611%,55,7389,7444,4729,29,26,2660
0x6465d9,97.8846%,55,2545,2600,2545,3,52,0
0xa78574,99.3146%,55,7969,8024,6638,36,19,1331
0x643676,97.8846%,55,2545,2600,2545,3,52,0
0x63da7b,99.4712%,55,10345,10400,10185,7,48,160
0x8c090d,86.25%,55,345,400,79,31,24,266
0x659ba6,97.8846%,55,2545,2600,2545,3,52,0
0x8a7a33,65.4088%,55,104,159,25,29,26,79
0x64b257,97.8846%,55,2545,2600,2545,3,52,0
0x92c938,97.8846%,55,2545,2600,2545,3,52,0
0x6445db,97.8846%,55,2545,2600,2545,3,52,0
0x66ede2,97.8846%,55,2545,2600,2545,3,52,0
0x66ecf2,97.8846%,55,2545,2600,2545,3,52,0
0x64324c,97.8846%,55,2545,2600,2545,3,52,0
0x64b396,97.8846%,55,2545,2600,2545,3,52,0
0x646da9,97.8846%,55,2545,2600,2545,3,52,0
0x645b38,97.8846%,55,2545,2600,2545,3,52,0
0x643ebd,97.9231%,54,2546,2600,2546,2,52,0
0x646ed9,97.9231%,54,2546,2600,2546,2,52,0
0x646799,97.9231%,54,2546,2600,2546,2,52,0
0x6461b9,97.9231%,54,2546,2600,2546,2,52,0
0x64425d,97.9231%,54,2546,2600,2546,2,52,0
0x643cb0,97.9231%,54,2546,2600,2546,2,52,0
0x643955,97.9231%,54,2546,2600,2546,2,52,0
0x598dfc,87.0192%,54,362,416,25,31,23,337
0x652ae9,98.8859%,54,4793,4847,128,39,15,4665
0x64593d,97.9231%,54,2546,2600,2546,2,52,0
0x642c21,97.9231%,54,2546,2600,2546,2,52,0
0x643061,97.9231%,54,2546,2600,2546,2,52,0
0x8c104c,86.5%,54,346,400,271,19,35,75
0x6464a9,97.9615%,53,2547,2600,2547,1,52,0
0x65d174,97.9615%,53,2547,2600,2547,1,52,0
0x646bde,97.9615%,53,2547,2600,2547,1,52,0
0x5e8bcb,83.3856%,53,266,319,137,26,27,129
0x63439d,97.9615%,53,2547,2600,2547,1,52,0
0x645cc5,97.9615%,53,2547,2600,2547,1,52,0
0x646a9e,97.9615%,53,2547,2600,2547,1,52,0
0x927103,96.2251%,53,1351,1404,1345,5,48,6
0x643810,97.9615%,53,2547,2600,2547,1,52,0
0x644438,97.9615%,53,2547,2600,2547,1,52,0
0x634add,97.9615%,53,2547,2600,2547,1,52,0
0x6471c9,97.9615%,53,2547,2600,2547,1,52,0
0x647099,97.9615%,53,2547,2600,2547,1,52,0
0x7b0b3f,74.5192%,53,155,208,19,25,28,136
0x6474b9,97.9615%,53,2547,2600,2547,1,52,0
0x6462e9,97.9615%,53,2547,2600,2547,1,52,0
0x8bf420,99.1816%,52,6302,6354,6229,18,34,73
0x65cea3,98%,52,2548,2600,2548,0,52,0
0x63329d,98%,52,2548,2600,2548,0,52,0
0x65d084,98%,52,2548,2600,2548,0,52,0
0x644751,98%,52,2548,2600,2545,3,49,3
0x92cbc4,98%,52,2548,2600,2548,0,52,0
0x65cd94,98%,52,2548,2600,2548,0,52,0
0x634a7d,98%,52,2548,2600,2548,0,52,0
0x645368,98%,52,2548,2600,2539,9,43,9
0x645c15,98%,52,2548,2600,2548,0,52,0
0x7aae28,75%,52,156,208,142,24,28,14
0x641f6b,98.0385%,51,2549,2600,2545,3,48,4
0x5f0cb4,98.8884%,51,4537,4588,4397,7,44,140
0x8c34c4,87.25%,51,349,400,76,34,17,273
0x92b195,98.0385%,51,2549,2600,2544,4,47,5
0x5e8d34,93.2181%,51,701,752,137,36,15,564
0x7aaf99,75.4808%,51,157,208,142,24,27,15
0x92cb0d,98.0769%,50,2550,2600,2548,0,50,2
0x42989b,98.7969%,50,4106,4156,4028,18,32,78
0x659a77,98.0769%,50,2550,2600,2546,2,48,4
0xa77fe7,99.7884%,49,23113,23162,598,30,19,22515
0xa3077f,99.9102%,49,54491,54540,3815,36,13,50676
0x652bb6,99.9456%,49,90068,90117,85410,27,22,4658
0x613d1a,98.0431%,49,2455,2504,2393,15,34,62
0x757fa9,76.9231%,48,160,208,138,30,18,22
0x926a93,96.504%,48,1325,1373,1268,25,23,57
0x636c53,81.323%,48,209,257,100,31,17,109
0xa76302,98.2222%,48,2652,2700,55,30,18,2597
0x8c075b,88%,48,352,400,77,33,15,275
0x9f99be,99.7224%,48,17243,17291,16716,8,40,527
0x63b1e6,99.7143%,48,16752,16800,12578,22,26,4174
0x7b2fac,76.9231%,48,160,208,11,31,17,149
0x658608,94.2613%,47,772,819,718,10,37,54
0x63322d,98.1923%,47,2553,2600,2546,2,45,7
0x7b3025,77.4038%,47,161,208,129,27,20,32
0x960d34,70.4403%,47,112,159,7,27,20,105
0x8c4a1d,99.6385%,47,12953,13000,12488,12,35,465
0x7a9458,87.2283%,47,321,368,50,25,22,271
0x9282db,99.0303%,47,4800,4847,3635,15,32,1165
0x8c0c9e,97.8909%,46,2135,2181,2060,21,25,75
0x7664f1,84.0278%,46,242,288,190,22,24,52
0x8c56ef,99.6462%,46,12954,13000,12495,5,41,459
0x758ead,77.8846%,46,162,208,135,18,28,27
0x769842,88.9423%,46,370,416,26,25,21,344
0x7a95ba,87.5%,46,322,368,39,25,21,283
0x75d4e5,94.7126%,46,824,870,777,24,22,47
0x669c2c,77.8846%,46,162,208,153,13,33,9
0x5e4f67,46.5116%,46,40,86,25,23,23,15
0x5f691c,95.614%,45,981,1026,979,9,36,2
0x5e8cd4,94.016%,45,707,752,151,22,23,556
0x7684c8,85.5769%,45,267,312,208,17,28,59
0xa7621a,98.7073%,45,3436,3481,3285,12,33,151
0x598831,96.3942%,45,1203,1248,1193,7,38,10
0x9fb682,99.3423%,44,6646,6690,6425,6,38,221
0x8bf458,99.5769%,44,10356,10400,7782,18,26,2574
0xa245a3,95.8917%,44,1027,1071,44,28,16,983
0x637d18,99.3415%,44,6638,6682,6410,15,29,228
0x8c3a41,99.6333%,44,11956,12000,9979,21,23,1977
0x5f5439,77.4359%,44,151,195,71,16,28,80
0x8bff2d,99.3075%,44,6310,6354,6231,16,28,79
0xa24415,98.0977%,44,2269,2313,1045,26,18,1224
0x637dd8,99.3415%,44,6638,6682,6414,11,33,224
0x4298f1,99.5769%,44,10356,10400,8245,18,26,2111
0x64e79e,99.473%,43,8117,8160,7836,4,39,281
0xa8dce8,99.9499%,43,85779,85822,78853,17,26,6926
0x65271e,99.8502%,43,28666,28709,17501,24,19,11165
0xa90ced,97.6931%,43,1821,1864,1821,15,28,0
0x65e499,98.3462%,43,2557,2600,2500,0,43,57
0xa245b8,93.4947%,43,618,661,352,20,23,266
0x63731c,83.2685%,43,214,257,55,25,18,159
0xa90f3a,86.039%,43,265,308,260,14,29,5
0x65fbd0,79.8077%,42,166,208,11,23,19,155
0x7582b6,79.8077%,42,166,208,145,19,23,21
0x5f468c,89.6296%,42,363,405,191,19,23,172
0x8c0e2b,58%,42,58,100,33,20,22,25
0x5f1a6b,97.9532%,42,2010,2052,98,26,16,1912
0xa785f9,99.3873%,42,6813,6855,400,24,18,6413
0x9f5cbf,97.1879%,41,1417,1458,971,15,26,446
0xa76b39,99.8073%,41,21237,21278,13819,15,26,7418
0x5e785c,80.2885%,41,167,208,152,14,27,15
0x75a868,93.4295%,41,583,624,508,13,28,75
0x645ea6,99.3547%,41,6313,6354,6231,16,25,82
0x7a9566,88.8587%,41,327,368,15,29,12,312
0x6373e7,94.4818%,41,702,743,225,32,9,477
0x5986f9,58.3333%,40,56,96,26,22,18,30
0x8c617c,99.6923%,40,12960,13000,12494,6,34,466
0x756cce,80.7692%,40,168,208,104,12,28,64
0x63bdbf,99.6154%,40,10360,10400,10188,4,36,172
0x8c59c4,99.7%,39,12961,13000,12493,7,32,468
0x5e83d4,87.0861%,39,263,302,58,19,20,205
0x8c0e6e,87%,39,261,300,91,19,20,170
0x620a5b,96.0526%,39,949,988,949,1,38,0
0x5f5a79,88.1459%,39,290,329,208,13,26,82
0x6031db,98.2955%,39,2249,2288,2192,8,31,57
0x8c0cd2,98.44%,39,2461,2500,2386,14,25,75
0x89fd99,95.3125%,39,793,832,363,15,24,430
0x667038,81.25%,39,169,208,145,21,18,24
0xa24c41,86.3158%,39,246,285,179,14,25,67
0x64cb36,99.7625%,38,15962,16000,10287,13,25,5675
0x75d38a,72.6619%,38,101,139,94,13,25,7
0x7aae93,81.7308%,38,170,208,141,15,23,29
0x7575be,58.6957%,38,54,92,43,17,21,11
0x6e6a2a,81.7308%,38,170,208,164,15,23,6
0x5f15aa,96.2963%,38,988,1026,985,3,35,3
0x62109b,96.1538%,38,950,988,950,0,38,0
0x9f995a,98.1391%,38,2004,2042,1759,24,14,245
0x643801,99.6346%,38,10362,10400,7783,17,21,2579
0x75c3ae,78.9773%,37,139,176,122,10,27,17
0x7b28f9,82.2115%,37,171,208,150,14,23,21
0x5f4767,81.0256%,37,158,195,72,15,22,86
0x64eea0,99.6442%,37,10363,10400,10174,18,19,189
0x9e16a8,99.8073%,37,19163,19200,18805,11,26,358
0x63be4f,99.6442%,37,10363,10400,10189,3,34,174
0x928fe0,76.7296%,37,122,159,15,19,18,107
0x64ae52,82.2115%,37,171,208,136,20,17,35
0x5e8190,72.9927%,37,100,137,41,24,13,59
0x8c0cca,99.63%,37,9963,10000,7478,22,15,2485
0x758082,82.2115%,37,171,208,154,14,23,17
0x64cc67,99.7687%,37,15963,16000,11987,13,24,3976
0x615198,99.7659%,37,15771,15808,15184,16,21,587
0x76850f,88.4615%,36,276,312,132,18,18,144
0x5ea34c,80.1105%,36,145,181,124,15,21,21
0x598f7c,82.6923%,36,172,208,110,19,17,62
0x7563c6,92.623%,36,452,488,357,9,27,95
0x75d3da,78.5714%,36,132,168,114,12,24,18
0x8c43be,98.6154%,36,2564,2600,2495,5,31,69
0x64edf5,97.1875%,36,1244,1280,1235,13,23,9
0x66fb97,99.25%,36,4764,4800,4465,15,21,299
0x65e308,98.6538%,35,2565,2600,2498,2,33,67
0x64ec65,95.7933%,35,797,832,795,5,30,2
0x6e6914,83.1731%,35,173,208,2,24,11,171
0x618221,99.1144%,35,3917,3952,3795,5,30,122
0x649f00,98.6538%,35,2565,2600,2491,9,26,74
0x8c4831,99.7308%,35,12965,13000,12494,6,29,471
0x65c995,99.6635%,35,10365,10400,10286,13,22,79
0x759245,83.1731%,35,173,208,148,20,15,25
0x6e6ac5,83.6538%,34,174,208,113,11,23,61
0x5f1ee7,88.0702%,34,251,285,113,20,14,138
0x5f1fdb,96.6862%,34,992,1026,981,7,27,11
0xa24d33,88.0702%,34,251,285,67,21,13,184
0x8b7dca,99.6595%,34,9950,9984,9763,13,21,187
0x5e8a5b,83.6538%,34,174,208,120,11,23,54
0x5f4934,74.2424%,34,98,132,72,15,19,26
0x8c140c,88.2759%,34,256,290,9,24,10,247
0x42a6c1,73.3871%,33,91,124,64,14,19,27
0x617e11,99.165%,33,3919,3952,3795,5,28,124
0x8bec5d,82.5397%,33,156,189,58,12,21,98
0x7586c7,84.1346%,33,175,208,140,16,17,35
0x60311f,98.5577%,33,2255,2288,1697,19,14,558
0x7a96cf,91.0326%,33,335,368,259,17,16,76
0xa246c9,95.0076%,33,628,661,141,24,9,487
0x6180c0,99.165%,33,3919,3952,3794,6,27,125
0xa90eac,96.5481%,33,923,956,11,19,14,912
0x614c24,99.5228%,33,6883,6916,6644,6,27,239
0x8c51f3,98.7308%,33,2567,2600,2494,6,27,73
0x8c5496,98.7308%,33,2567,2600,2491,9,24,76
0xa782c8,99.774%,33,14566,14599,235,23,10,14331
0x8bec72,84.1346%,33,175,208,141,15,18,34
0x9f5cde,93.0085%,33,439,472,4,16,17,435
0x616b99,96.7836%,33,993,1026,986,2,31,7
0x618e40,99.5228%,33,6883,6916,6645,5,28,238
0x65b041,91.75%,33,367,400,282,18,15,85
0x7563f5,62.069%,33,54,87,37,15,18,17
0x63bfff,99.6827%,33,10367,10400,10190,2,31,177
0xa782a2,99.8255%,33,18880,18913,327,22,11,18553
0x63bd3f,99.6827%,33,10367,10400,10190,2,31,177
0x42992a,95.5466%,33,708,741,604,13,20,104
0x8c4473,98.7692%,32,2568,2600,2494,6,26,74
0x9f5de8,87.5969%,32,226,258,186,14,18,40
0x926c49,98.9153%,32,2918,2950,2887,4,28,31
0x638482,99.5211%,32,6650,6682,6414,11,21,236
0x8c484e,93.6%,32,468,500,396,4,28,72
0x6369a9,99.5211%,32,6650,6682,6416,9,23,234
0x8c50e3,98.7692%,32,2568,2600,2492,8,24,76
0x5e8c6c,95.7447%,32,720,752,97,12,20,623
0x63a341,92.25%,31,369,400,283,17,14,86
0xa233a0,94.2164%,31,505,536,261,17,14,244
0x65a392,92.0918%,31,361,392,284,10,21,77
0x8c3a7a,98.9667%,31,2969,3000,2493,7,24,476
0x9f5cc3,93.4322%,31,441,472,323,15,16,118
0x65654d,98.8727%,31,2719,2750,106,19,12,2613
0x618ce0,99.5518%,31,6885,6916,6644,6,25,241
0x6388e7,99.4664%,31,5779,5810,5646,9,22,133
0x7ab007,85.0962%,31,177,208,140,16,15,37
0x598087,99.1233%,31,3505,3536,3383,17,14,122
0x64c036,99.3542%,31,4769,4800,3585,15,16,1184
0x759059,85.0962%,31,177,208,29,13,18,148
0x8c4a3f,93.8%,31,469,500,390,10,21,79
0x598cfc,85.0962%,31,177,208,88,14,17,89
0x76884a,89.6667%,31,269,300,209,15,16,60
0x63bf6f,99.7019%,31,10369,10400,10191,1,30,178
0x60367b,98.137%,31,1633,1664,1592,8,23,41
0x64bd8d,99.3542%,31,4769,4800,3583,17,14,1186
0x7588ba,85.0962%,31,177,208,170,10,21,7
0x608be0,82.9545%,30,146,176,116,16,14,30
0x64a980,98.8462%,30,2570,2600,2494,6,24,76
0x7612b1,76.1905%,30,96,126,72,12,18,24
0x761e03,77.2727%,30,102,132,75,13,17,27
0x65fe54,85.5769%,30,178,208,80,18,12,98
0x927ec1,99.6838%,30,9457,9487,191,17,13,9266
0x642c0a,99.7115%,30,10370,10400,7793,7,23,2577
0x757fd5,85.5769%,30,178,208,14,12,18,164
0x63bedf,99.7115%,30,10370,10400,10190,2,28,180
0x5e4f26,65.1163%,30,56,86,7,9,21,49
0x64531c,99.5279%,30,6324,6354,6228,19,11,96
0x42a6b6,75.8065%,30,94,124,44,8,22,50
0x5f017f,92.6108%,30,376,406,344,12,18,32
0x63858b,99.566%,29,6653,6682,6412,13,16,241
0x5f367c,97.0648%,29,959,988,943,7,22,16
0x64f358,96.4461%,29,787,816,774,10,19,13
0x5f43ff,92.5641%,29,361,390,360,12,17,1
0x669c5e,86.0577%,29,179,208,138,18,11,41
0x65e5c3,98.8846%,29,2571,2600,2496,4,25,75
0x759274,86.0577%,29,179,208,145,11,18,34
0x926bb9,85.5%,29,171,200,131,10,19,40
0x5f4668,92.8395%,29,376,405,8,13,16,368
0x429fc7,92.75%,29,371,400,246,14,15,125
0x63ca32,88.6275%,29,226,255,219,12,17,7
0x614b30,99.5807%,29,6887,6916,6647,3,26,240
0x639584,92.75%,29,371,400,285,15,14,86
0x598c23,69.7917%,29,67,96,56,8,21,11
0x8c5f13,98.8846%,29,2571,2600,2493,7,22,78
0xa91675,98.6398%,29,2103,2132,2103,7,22,0
0x64daef,99.9879%,29,239971,240000,179984,16,13,59987
0x64304a,99.7308%,28,10372,10400,7788,12,16,2584
0x778651,82.5%,28,132,160,123,11,17,9
0xa30954,99.8625%,28,20331,20359,17403,8,20,2928
0x597f86,98.0769%,28,1428,1456,1394,6,22,34
0x5f75b1,97.271%,28,998,1026,986,2,26,12
0x8c462a,98.9231%,28,2572,2600,2495,5,23,77
0xa8dd28,99.9657%,28,81502,81530,2805,20,8,78697
0xa245ad,97.1972%,28,971,999,326,12,16,645
0x758612,82.9268%,28,136,164,72,7,21,64
0x8c5a3b,99.776%,28,12472,12500,11994,6,22,478
0x7a9cbd,93%,28,372,400,2,18,10,370
0x7624d5,77.7778%,28,98,126,79,5,23,19
0x429996,98.6898%,28,2109,2137,2025,12,16,84
0x65acd1,91.6667%,28,308,336,241,11,17,67
0x8c459a,98.9231%,28,2572,2600,2496,4,24,76
0x75d56a,96.8182%,28,852,880,650,10,18,202
0x9fa8f5,99.8048%,28,14319,14347,14145,11,17,174
0x76b260,77.7778%,28,98,126,74,10,18,24
0x4abb44,92.8571%,27,351,378,300,14,13,51
0xa78606,99.6061%,27,6828,6855,5610,19,8,1218
0x5e8437,91.0596%,27,275,302,60,17,10,215
0x8c3524,93.25%,27,373,400,279,11,16,94
0x63c2fa,99.7404%,27,10373,10400,9992,8,19,381
0x75a8b4,95.4545%,27,567,594,26,16,11,541
0x8c46ba,98.9615%,27,2573,2600,2498,2,25,75
0x64f20b,99.9968%,27,848613,848640,815993,7,20,32620
0x6e6b61,87.0192%,27,181,208,147,9,18,34
0x64eab2,96.7548%,27,805,832,790,10,17,15
0x926a44,86.5%,27,173,200,91,11,16,82
0x595689,95.6731%,27,597,624,597,3,24,0
0x6435b7,99.7404%,27,10373,10400,7789,11,16,2584
0x9260f4,98.9615%,27,2573,2600,2548,0,27,25
0x609228,87.8378%,27,195,222,149,15,12,46
0x7622ec,79.5455%,27,105,132,74,14,13,31
0x8c4b2e,98.9615%,27,2573,2600,2491,9,18,82
0x65263b,99.5474%,27,5938,5965,4092,9,18,1846
0x75988e,87.0192%,27,181,208,83,12,15,98
0x64ecb5,97.8906%,27,1253,1280,1239,9,18,14
0x590ae9,93.5096%,27,389,416,374,10,17,15
0x616c89,97.3684%,27,999,1026,985,3,24,14
0x75c7fc,84.6591%,27,149,176,129,3,24,20
0x5980d1,80.1471%,27,109,136,93,9,18,16
0x636a79,99.5959%,27,6655,6682,6414,11,16,241
0xa90d38,56.6667%,26,34,60,24,12,14,10
0x7560cf,93.4343%,26,370,396,4,17,9,366
0x8c4cce,99%,26,2574,2600,2496,4,22,78
0x5ea767,87.5%,26,182,208,145,11,15,37
0x5980de,56.6667%,26,34,60,25,15,11,9
0xa224de,98.1982%,26,1417,1443,91,14,12,1326
0x607fcf,87.5%,26,182,208,152,4,22,30
0x5f5ce3,99.3122%,26,3754,3780,3350,10,16,404
0x8a8544,98.4706%,26,1674,1700,1672,8,18,2
0x760f87,80.303%,26,106,132,80,8,18,26
0x64bf69,99.8375%,26,15974,16000,11990,10,16,3984
0x59951b,95.8333%,26,598,624,595,5,21,3
0x63c174,99.75%,26,10374,10400,10187,5,21,187
0x7590f3,87.5%,26,182,208,41,11,15,141
0x8c163b,74%,26,74,100,72,7,19,2
0x9ff032,99.9643%,26,72774,72800,71336,8,18,1438
0x598e0c,93.75%,26,390,416,295,17,9,95
0x613d2c,72.9167%,26,70,96,66,6,20,4
0x5f4b6d,92.4855%,26,320,346,266,7,19,54
0x778cdd,96.75%,26,774,800,629,11,15,145
0x639a23,89.8833%,26,231,257,83,7,19,148
0x7699f6,93.75%,26,390,416,302,10,16,88
0x6035bf,98.4375%,26,1638,1664,1235,13,13,403
0x63c7c2,99.6109%,26,6656,6682,6415,10,16,241
0x637f10,99.2218%,26,3315,3341,3077,7,19,238
0x761634,80.303%,26,106,132,77,11,15,29
0x8c3504,93.5%,26,374,400,277,13,13,97
0x5f53e1,99.3734%,25,3965,3990,3776,4,21,189
0x760b46,81.0606%,25,107,132,76,12,13,31
0x59908c,93.9904%,25,391,416,302,10,15,89
0x598f8c,87.9808%,25,183,208,146,10,15,37
0x643667,99.7596%,25,10375,10400,7787,13,12,2588
0x6e698e,87.9808%,25,183,208,108,12,13,75
0x7628fe,80.1587%,25,101,126,81,7,18,20
0x7620f1,81.0606%,25,107,132,76,12,13,31
0xa24b47,93.9024%,25,385,410,268,17,8,117
0x89fe21,96.9952%,25,807,832,606,18,7,201
0x618b91,99.6385%,25,6891,6916,6643,7,18,248
0x643407,99.7596%,25,10375,10400,7788,12,13,2587
0x642e55,99.7596%,25,10375,10400,7788,12,13,2587
0x8c5f82,99.0385%,25,2575,2600,2495,5,20,80
0x92935f,98.5294%,25,1675,1700,1675,5,20,0
0x5f6cd4,97.5634%,25,1001,1026,984,4,21,17
0x7613ed,80.1587%,25,101,126,74,10,15,27
0x5f5397,87.1795%,25,170,195,101,13,12,69
0x8c629b,99.8077%,25,12975,13000,12494,6,19,481
0x5f5a66,67.1053%,25,51,76,35,8,17,16
0x8c0979,91.3793%,25,265,290,84,16,9,181
0xa78123,96.4029%,25,670,695,87,11,14,583
0x89fc43,60.9375%,25,39,64,33,15,10,6
0x7590e7,87.9808%,25,183,208,1,13,12,182
0x75a8df,95.9936%,25,599,624,459,9,16,140
0x429a0d,93.75%,25,375,400,375,17,8,0
0x761852,81.0606%,25,107,132,78,10,15,29
0x65e043,99.0769%,24,2576,2600,2495,5,19,81
0x64cbbf,99.85%,24,15976,16000,247,10,14,15729
0x8c4fe3,99.0769%,24,2576,2600,2496,4,20,80
0x649c92,88.4615%,24,184,208,145,11,13,39
0x636af9,99.6408%,24,6658,6682,6416,9,15,242
0x76202a,81.8182%,24,108,132,85,15,9,23
0x64a000,99.0769%,24,2576,2600,2494,6,18,82
0x64a070,99.0769%,24,2576,2600,2497,3,21,79
0x75ed7f,81.8182%,24,108,132,62,11,13,46
0x5f3d8e,76.9231%,24,80,104,11,5,19,69
0x929015,80.8%,24,101,125,98,7,17,3
0x63c9fc,99.5869%,24,5786,5810,5650,5,19,136
0x6512b8,98%,24,1176,1200,1113,7,17,63
0x75a884,95.3935%,24,497,521,71,12,12,426
0x6d9264,87.7551%,24,172,196,2,14,10,170
0x8c552b,99.04%,24,2476,2500,2397,3,21,79
0x8c078d,94%,24,376,400,285,15,9,91
0x65e762,99.0769%,24,2576,2600,2497,3,21,79
0x76990b,94.2308%,24,392,416,9,10,14,383
0x65e9bd,99.1154%,23,2577,2600,2496,4,19,81
0x63dbdb,99.7788%,23,10377,10400,10190,2,21,187
0x650094,98.0833%,23,1177,1200,1114,6,17,63
0x64a0e0,99.1154%,23,2577,2600,2494,6,17,83
0x761d5e,82.5758%,23,109,132,58,15,8,51
0x961249,99.8298%,23,13492,13515,13349,7,16,143
0x7b0bb4,88.9423%,23,185,208,140,16,7,45
0x8bec59,88.9423%,23,185,208,5,14,9,180
0x5f4910,82.5758%,23,109,132,12,9,14,97
0x761182,56.6038%,23,30,53,15,15,8,15
0x616be9,97.7583%,23,1003,1026,984,4,19,19
0x66b482,95.0855%,23,445,468,445,5,18,0
0x8c3a95,95.4%,23,477,500,395,5,18,82
0x65efb3,99.7788%,23,10377,10400,10375,8,15,2
0x65d7ef,99.1154%,23,2577,2600,2498,2,21,79
0x8c5064,99.1154%,23,2577,2600,2495,5,18,82
0x8c534a,99.9558%,23,51977,52000,38991,9,14,12986
0x8c5174,99.1154%,23,2577,2600,2493,7,16,84
0x7a924b,93.75%,23,345,368,264,12,11,81
0x6636e6,98.0833%,23,1177,1200,1103,17,6,74
0x60864c,95.0855%,23,445,468,445,5,18,0
0x75f2c9,82.5758%,23,109,132,77,11,12,32
0x66f092,94.1327%,23,369,392,283,11,12,86
0x75ebb3,81.746%,23,103,126,73,11,12,30
0x5e788a,88.9423%,23,185,208,184,11,12,1
0x5f0ce7,88.0435%,22,162,184,138,6,16,24
0x8c11ce,94.3878%,22,370,392,281,13,9,89
0x65ffca,89.4231%,22,186,208,145,11,11,41
0x5f6bd8,97.8558%,22,1004,1026,985,3,19,19
0x609109,90.0901%,22,200,222,166,2,20,34
0x643337,99.7885%,22,10378,10400,7795,5,17,2583
0x603133,96.1538%,22,550,572,547,3,19,3
0x760d3f,83.3333%,22,110,132,80,8,14,30
0x66fbf7,99.5417%,22,4778,4800,4475,5,17,303
0x7560f6,94.1333%,22,353,375,267,5,17,86
0x596d42,96.4744%,22,602,624,454,14,8,148
0x5f5426,89.5238%,22,188,210,120,9,13,68
0x8c1068,94.5%,22,378,400,288,12,10,90
0x8bebaa,89.4231%,22,186,208,146,10,12,40
0x639c2f,94.5%,22,378,400,292,8,14,86
0x66722a,89.4231%,22,186,208,147,9,13,39
0x618e7b,91.7293%,22,244,266,244,8,14,0
0x4298ff,98.9705%,22,2115,2137,785,11,11,1330
0x762fe5,82.5397%,22,104,126,76,8,14,28
0xa78507,79.2453%,22,84,106,84,8,14,0
0xa90c69,87.7778%,22,158,180,154,8,14,4
0xa24461,98.2287%,22,1220,1242,1039,6,16,181
0x9f8d92,99.6715%,22,6676,6698,6429,8,14,247
0x768932,92.3611%,22,266,288,202,10,12,64
0xa24148,99.8995%,22,21871,21893,10648,12,10,11223
0x42991e,97.2362%,22,774,796,41,14,8,733
0x5993be,97.3558%,22,810,832,793,7,15,17
0x63cd8a,99.6708%,22,6660,6682,6415,10,12,245
0xa39958,99.9272%,21,28825,28846,0,7,14,28825
0x65ff1c,89.9038%,21,187,208,52,7,14,135
0x7697a3,94.9519%,21,395,416,0,10,11,395
0x760fdd,84.0909%,21,111,132,80,8,13,31
0x769734,94.9519%,21,395,416,385,11,10,10
0x649f80,99.1923%,21,2579,2600,2496,4,17,83
0x8c037b,94.75%,21,379,400,289,11,10,90
0x5e8ad2,87.8613%,21,152,173,96,12,9,56
0x8c4dee,99.1923%,21,2579,2600,2494,6,15,85
0x927368,98.5043%,21,1383,1404,1346,4,17,37
0x64d5a3,34.375%,21,11,32,8,16,5,3
0x8c450a,99.1923%,21,2579,2600,2493,7,14,86
0x5e773c,85.4167%,21,123,144,0,13,8,123
0x5d2865,99.196%,21,2591,2612,37,9,12,2554
0x75ce6a,88.0682%,21,155,176,146,10,11,9
0x63d7b0,99.7981%,21,10379,10400,10188,4,17,191
0xa246eb,96.823%,21,640,661,541,8,13,99
0x63178d,95.5128%,21,447,468,447,3,18,0
0x76888e,93%,21,279,300,191,9,12,88
0x75983c,89.9038%,21,187,208,115,14,7,72
0x6317e1,90.2778%,21,195,216,182,16,5,13
0x75ceed,88.0682%,21,155,176,121,11,10,34
0x5e6abf,99.6111%,21,5379,5400,4036,14,7,1343
0x7edc69,89.9038%,21,187,208,148,8,13,39
0x7b4353,89.9038%,21,187,208,145,11,10,42
0xa230ba,94.878%,21,389,410,156,3,18,233
0x5f59f6,93.617%,21,308,329,284,12,9,24
0xa24387,95.8416%,21,484,505,483,2,19,1
0x76b129,83.3333%,21,105,126,97,9,12,8
0x65846b,99.9014%,21,21273,21294,20471,4,17,802
0x5f55be,92.6316%,21,264,285,202,7,14,62
0x8c4f52,99.9596%,21,51979,52000,38992,8,13,12987
0x760e7e,83.3333%,21,105,126,74,10,11,31
0x9f5e96,95.8824%,21,489,510,429,3,18,60
0x64533d,99.7981%,21,10379,10400,7789,11,10,2590
0x756e72,78.2609%,20,72,92,49,11,9,23
0x926e11,90%,20,180,200,139,11,9,41
0x645fb0,99.8077%,20,10380,10400,7790,10,10,2590
0x639415,95%,20,380,400,287,13,7,93
0x5f4eb4,85.1852%,20,115,135,113,7,13,2
0x7563d8,83.6066%,20,102,122,80,7,13,22
0x762992,84.127%,20,106,126,78,6,14,28
0x762d48,84.127%,20,106,126,75,9,11,31
0x75818c,90.3846%,20,188,208,2,8,12,186
0x6d8d9d,88.8889%,20,160,180,160,4,16,0
0x6491e5,76.1905%,20,64,84,62,8,12,2
0x762a3f,84.127%,20,106,126,73,9,11,33
0x75f167,84.8485%,20,112,132,110,7,13,2
0x5e802b,90.3846%,20,188,208,25,10,10,163
0x778b85,97.5%,20,780,800,597,3,17,183
0x758104,90.3846%,20,188,208,147,9,11,41
0x5e8080,90.3846%,20,188,208,124,7,13,64
0x7684db,93.5897%,20,292,312,55,12,8,237
0x63cb7a,99.7007%,20,6662,6682,6420,5,15,242
0x7ce4b7,90%,20,180,200,136,14,6,44
0x75d4df,97.7273%,20,860,880,0,10,10,860
0x617f60,99.4939%,20,3932,3952,3798,2,18,134
0x65274e,99.9879%,20,165544,165564,140944,11,9,24600
0x758955,90.3846%,20,188,208,148,8,12,40
0x760fa1,54.5455%,20,24,44,11,9,11,13
0x76e489,87.5%,20,140,160,139,14,6,1
0x5e84e5,90.3846%,20,188,208,187,8,12,1
0x760cde,84.8485%,20,112,132,65,8,12,47
0x64dbd7,98.3333%,20,1180,1200,1119,1,19,61
0x7610ef,84.127%,20,106,126,62,5,15,44
0x761588,84.8485%,20,112,132,77,11,9,35
0x65ee93,99.8077%,20,10380,10400,10375,8,12,5
0x638321,99.7007%,20,6662,6682,6413,12,8,249
0x64f266,99.9976%,20,848620,848640,815995,5,15,32625
0x760712,84.127%,20,106,126,76,8,12,30
0x639f93,95%,20,380,400,379,13,7,1
0x762442,84.127%,20,106,126,84,4,16,22
0x5e76f4,55.5556%,20,25,45,3,10,10,22
0x643235,99.8077%,20,10380,10400,7790,10,10,2590
0x637267,99.4812%,20,3835,3855,3587,11,9,248
0x649ef2,99.8173%,19,10381,10400,7788,12,7,2593
0x9e16ba,95.0521%,19,365,384,283,5,14,82
0x636b7b,99.7157%,19,6663,6682,6420,5,14,243
0x926c0b,99.3529%,19,2917,2936,2833,15,4,84
0x632d7a,95.9402%,19,449,468,449,1,18,0
0x76982b,95.4327%,19,397,416,2,14,5,395
0x9f9a2b,94.1358%,19,305,324,0,16,3,305
0xa820af,86.9863%,19,127,146,92,8,11,35
0x5e8ea6,90.8654%,19,189,208,189,6,13,0
0x961116,99.431%,19,3320,3339,3172,8,11,148
0x5f3fe1,52.5%,19,21,40,12,12,7,9
0x5e8224,90.8654%,19,189,208,70,7,12,119
0x7685ed,93.9103%,19,293,312,201,7,12,92
0x927d8e,99.9701%,19,63430,63449,57132,14,5,6298
0x5e4f7c,50%,19,19,38,18,8,11,1
0xa389de,95.6522%,19,418,437,382,9,10,36
0x8bffd1,99.8173%,19,10381,10400,7791,9,10,2590
0x4298e3,99.8173%,19,10381,10400,280,10,9,10101
0x429f84,81%,19,81,100,1,9,10,80
0x67019f,99.2388%,19,2477,2496,2280,8,11,197
0x6676df,90.8654%,19,189,208,147,9,10,42
0x762b1e,84.9206%,19,107,126,76,8,11,31
0x8bf983,90.8654%,19,189,208,146,10,9,43
0x9f5dd6,92.6357%,19,239,258,225,7,12,14
0x7615ab,85.6061%,19,113,132,82,6,13,31
0x76e534,88.125%,19,141,160,110,10,9,31
0x64a8d2,99.8173%,19,10381,10400,7793,7,12,2588
0x5f5da4,95.4762%,19,401,420,401,4,15,0
0x767759,87.8205%,19,137,156,93,11,8,44
0x64ed75,99.8937%,19,17861,17880,54,10,9,17807
0x6679ef,90.8654%,19,189,208,142,14,5,47
0x75d376,88.6905%,19,149,168,17,12,7,132
0x63cc7a,99.7157%,19,6663,6682,6419,6,13,244
0x6434d7,99.8173%,19,10381,10400,7795,5,14,2586
0x61725f,96.6783%,19,553,572,548,2,17,5
0x6035d3,95.4327%,19,397,416,396,4,15,1
0x7587a6,90.8654%,19,189,208,143,13,6,46
0x7e7bce,91.3462%,18,190,208,145,11,7,45
0x632dfa,96.1538%,18,450,468,450,0,18,0
0xa762cc,97.3913%,18,672,690,43,9,9,629
0x620a4f,99.5445%,18,3934,3952,2957,7,11,977
0x6f4c69,91.3462%,18,190,208,147,9,9,43
0x760b1c,86.3636%,18,114,132,28,14,4,86
0x650455,91.3462%,18,190,208,147,9,9,43
0x429b43,80.8511%,18,76,94,0,11,7,76
0x9ff0d1,95.0549%,18,346,364,0,14,4,346
0x6637b6,99.3077%,18,2582,2600,2544,4,14,38
0x429eee,93.7931%,18,272,290,22,11,7,250
0x64fc45,91.3462%,18,190,208,145,11,7,45
0x5f7244,98.2456%,18,1008,1026,987,1,17,21
0x597fcc,67.8571%,18,38,56,34,8,10,4
0x766402,94%,18,282,300,210,14,4,72
0x7613ba,69.4915%,18,41,59,28,10,8,13
0xa39c2e,99.4743%,18,3406,3424,2345,4,14,1061
0x95a252,91.3462%,18,190,208,146,10,8,44
0x7b29b0,91.3462%,18,190,208,150,6,12,40
0x75efea,86.3636%,18,114,132,76,12,6,38
0x614e4c,99.7397%,18,6898,6916,6649,1,17,249
0x761bb8,66.6667%,18,36,54,8,8,10,28
0x778148,97.8365%,18,814,832,622,2,16,192
0x8c3535,95.5%,18,382,400,293,7,11,89
0x6457d5,99.8269%,18,10382,10400,7790,10,8,2592
0x65532f,99.7291%,18,6626,6644,6575,1,17,51
0x6886f4,91.3462%,18,190,208,154,2,16,36
0x756ce4,91.3462%,18,190,208,148,8,10,42
0x778578,97.75%,18,782,800,147,13,5,635
0x5ea2eb,82.6923%,18,86,104,84,12,6,2
0xa39c18,99.4743%,18,3406,3424,2569,11,7,837
0x64bd99,98.5%,18,1182,1200,1117,3,15,65
0x598d0c,91.3462%,18,190,208,145,11,7,45
0x6031f0,79.5455%,18,70,88,61,5,13,9
0x5f5401,99.5489%,18,3972,3990,3775,5,13,197
0x5f1988,99.1228%,18,2034,2052,3,10,8,2031
0x768529,94.2308%,18,294,312,130,6,12,164
0x7598c4,91.8269%,17,191,208,144,12,5,47
0x761614,87.1212%,17,115,132,38,6,11,77
0x66ae02,91.8269%,17,191,208,147,9,8,44
0x4299d6,91.0526%,17,173,190,146,6,11,27
0x5f46f6,91.2821%,17,178,195,172,7,10,6
0x95a532,91.8269%,17,191,208,147,9,8,44
0x755f3b,91.4141%,17,181,198,156,6,11,25
0xa30b01,99.9134%,17,19610,19627,19610,5,12,0
0x63b2d6,79.7619%,17,67,84,66,4,13,1
0x6313f9,91.8269%,17,191,208,145,11,6,46
0x667a56,91.8269%,17,191,208,145,11,6,46
0x6151e9,97.2039%,17,591,608,451,5,12,140
0x5e8ab9,91.8269%,17,191,208,32,3,14,159
0x7a9875,99.8365%,17,10383,10400,7791,9,8,2592
0x6445cc,99.8365%,17,10383,10400,7790,10,7,2593
0xa8dd12,99.7555%,17,6935,6952,4289,3,14,2646
0x92904d,99%,17,1683,1700,1674,6,11,9
0x5f5817,94.8328%,17,312,329,305,8,9,7
0x762bc8,86.5079%,17,109,126,71,11,6,38
0x766443,94.3333%,17,283,300,189,11,6,94
0x64554f,91.8269%,17,191,208,147,9,8,44
0x614e95,93.609%,17,249,266,249,3,14,0
0x8beb6a,87.5%,17,119,136,32,8,9,87
0x618d1b,93.609%,17,249,266,249,3,14,0
0x62362e,99.9673%,17,51983,52000,38994,6,11,12989
0x7a8efe,95.5729%,17,367,384,280,8,9,87
0x5f59ed,99.728%,17,6234,6251,5911,11,6,323
0x8beb60,91.8269%,17,191,208,64,8,9,127
0x7621d5,87.1212%,17,115,132,82,6,11,33
0x5f4f14,87.4074%,17,118,135,113,7,10,5
0x5e74c8,91.5%,17,183,200,183,9,8,0
0x618fd4,93.609%,17,249,266,249,3,14,0
0x596c60,29.1667%,17,7,24,6,12,5,1
0x6f5219,91.8269%,17,191,208,146,10,7,45
0x75d2fb,90.3409%,17,159,176,126,6,11,33
0x63cfe3,95.75%,17,383,400,383,9,8,0
0x778d46,97.875%,17,783,800,594,6,11,189
0x768ff5,46.875%,17,15,32,12,10,7,3
0x9270ef,99.6973%,17,5599,5616,4200,12,5,1399
0x761bf6,55.2632%,17,21,38,18,11,6,3
0x65c977,99.8365%,17,10383,10400,10380,3,14,3
0x608aef,90.3409%,17,159,176,124,6,11,35
0x7633b5,86.5079%,17,109,126,73,11,6,36
0x631581,99.0919%,17,1855,1872,1392,12,5,463
0x630fc1,91.8269%,17,191,208,150,6,11,41
0x92917d,99.8095%,17,8908,8925,8816,4,13,92
0x63cf59,95.75%,17,383,400,383,9,8,0
0x618fa1,99.7542%,17,6899,6916,6648,2,15,251
0x66fd6f,99.3189%,17,2479,2496,2284,4,13,195
0x66eed2,98.5833%,17,1183,1200,1117,3,14,66
0x777e87,91.8269%,17,191,208,191,9,8,0
0x7b3472,91.8269%,17,191,208,146,10,7,45
0x5f76f3,83.6538%,17,87,104,87,13,4,0
0x75a8a4,97.4359%,16,608,624,588,6,10,20
0x759865,92.3077%,16,192,208,56,6,10,136
0x9e0d5a,72.4138%,16,42,58,21,15,1,21
0x65fc59,92.3077%,16,192,208,0,0,16,192
0x6670d8,92.3077%,16,192,208,145,11,5,47
0x92a583,95.6164%,16,349,365,267,7,9,82
0x6088ca,90.9091%,16,160,176,124,8,8,36
0x644dc4,92.3077%,16,192,208,149,7,9,43
0x618bc4,93.985%,16,250,266,250,2,14,0
0x926bff,99.4576%,16,2934,2950,2929,7,9,5
0x761d63,72.8814%,16,43,59,29,9,7,14
0x89fe36,92.3077%,16,192,208,192,8,8,0
0x631437,92.3077%,16,192,208,144,12,4,48
0x5f6ffd,98.4962%,16,1048,1064,1025,1,15,23
0x608aaa,90.9091%,16,160,176,124,6,10,36
0x596e52,97.4359%,16,608,624,459,9,7,149
0x634ad1,99.8462%,16,10384,10400,7796,4,12,2588
0x9e1cd6,92.3077%,16,192,208,191,9,7,1
0x597ec6,92.3077%,16,192,208,192,8,8,0
0x5f5a41,98.892%,16,1428,1444,1363,5,11,65
0x590b0e,98.0769%,16,816,832,618,6,10,198
0xa30c08,99.9047%,16,16771,16787,16577,2,14,194
0x614d38,99.7687%,16,6900,6916,6646,4,12,254
0x5f4997,64.4444%,16,29,45,19,10,6,10
0x41cbdf,75%,16,48,64,48,16,0,0
0x6528bf,99.9087%,16,17509,17525,9684,11,5,7825
0x774952,92.3077%,16,192,208,144,12,4,48
0x8c736b,99.9962%,16,424984,425000,382498,2,14,42486
0x89fda9,96.4758%,16,438,454,109,9,7,329
0x66f172,98.2143%,16,880,896,660,12,4,220
0x659882,92.3077%,16,192,208,150,6,10,42
0x5f1fbd,99.2203%,16,2036,2052,1022,4,12,1014
0x6429df,99.8462%,16,10384,10400,7790,10,6,2594
0x64ed38,99.9519%,16,33264,33280,17869,11,5,15395
0x756337,95.9596%,16,380,396,279,11,5,101
0x5e9c2e,92.3077%,16,192,208,146,10,6,46
0x5f558e,94.386%,16,269,285,203,6,10,66
0x608612,99.1453%,16,1856,1872,1401,3,13,455
0x95a059,92.3077%,16,192,208,150,6,10,42
0x644aa4,92.3077%,16,192,208,143,13,3,49
0x6638a6,99.3846%,16,2584,2600,2541,7,9,43
0x616c39,98.4405%,16,1010,1026,987,1,15,23
0x92a3fa,89.9371%,16,143,159,21,9,7,122
0x688836,92.3077%,16,192,208,148,8,8,44
0x667b6f,92.3077%,16,192,208,148,8,8,44
0x6372e7,99.585%,16,3839,3855,3591,7,9,248
0x8c14b2,96%,16,384,400,99,11,5,285
0x8bfde9,92.3077%,16,192,208,147,9,7,45
0x760b20,82.2222%,16,74,90,68,5,11,6
0x76237e,87.8788%,16,116,132,76,12,4,40
0x616a26,98.4405%,16,1010,1026,983,5,11,27
0x686a7b,92.3077%,16,192,208,143,13,3,49
0x5a8e3a,80%,16,64,80,40,10,6,24
0x4298a8,99.7639%,15,6339,6354,6238,9,6,101
0x755f14,92.7885%,15,193,208,2,8,7,191
0x65a263,96.1735%,15,377,392,285,9,6,92
0x631781,99.1987%,15,1857,1872,1395,9,6,462
0x616a86,98.538%,15,1011,1026,987,1,14,24
0x5f5a61,98.9612%,15,1429,1444,1362,6,9,67
0x63aec0,97.5%,15,585,600,585,3,12,0
0x7b2416,92.7885%,15,193,208,145,11,4,48
0x616fba,92.7885%,15,193,208,149,7,8,44
0x650085,99.6875%,15,4785,4800,3593,7,8,1192
0x7b3fc2,92.7885%,15,193,208,144,12,3,49
0x7edd5b,92.7885%,15,193,208,149,7,8,44
0x8bef85,92.7885%,15,193,208,152,4,11,41
0x659243,92.7885%,15,193,208,150,6,9,43
0x7cc9d9,90.3846%,15,141,156,141,9,6,0
0x598006,75%,15,45,60,16,10,5,29
0x5f5197,92.3077%,15,180,195,171,8,7,9
0x6490f3,95.5357%,15,321,336,241,11,4,80
0x64a0d2,99.8558%,15,10385,10400,7793,7,8,2592
0x7a9dc4,96.3942%,15,401,416,307,5,10,94
0x6592f2,92.7885%,15,193,208,146,10,5,47
0x64cc2d,99.9062%,15,15985,16000,392,8,7,15593
0x60911d,93.2432%,15,207,222,207,4,11,0
0x75ed91,74.5763%,15,44,59,10,5,10,34
0xa223b5,99.6006%,15,3741,3756,2308,5,10,1433
0x761c7a,72.2222%,15,39,54,31,5,10,8
0x63a5a2,96.25%,15,385,400,385,7,8,0
0x75d594,93.1818%,15,205,220,201,9,6,4
0x659162,92.7885%,15,193,208,149,7,8,44
0x65a741,95.3125%,15,305,320,230,10,5,75
0x8c08b4,98.125%,15,785,800,597,3,12,188
0x5e6899,98.8462%,15,1285,1300,1248,2,13,37
0x663806,99.4231%,15,2585,2600,2544,4,11,41
0x66e8e3,96.25%,15,385,400,290,10,5,95
0x65c91f,98.1572%,15,799,814,0,0,15,799
0x777d57,92.7885%,15,193,208,193,7,8,0
0x429910,99.2981%,15,2122,2137,1335,6,9,787
0x8c16f6,96.25%,15,385,400,293,7,8,92
0x63158d,96.7949%,15,453,468,447,3,12,6
0x5ea32b,93.0556%,15,201,216,200,8,7,1
0x63aeaa,99.375%,15,2385,2400,1791,9,6,594
0x7b3293,92.7885%,15,193,208,149,7,8,44
0x65eb09,99.4231%,15,2585,2600,2492,8,7,93
0x7b45b3,92.7885%,15,193,208,153,3,12,40
0x95a622,92.7885%,15,193,208,150,6,9,43
0x6e6b10,92.7885%,15,193,208,193,5,10,0
0x64d415,53.125%,15,17,32,15,9,6,2
0x7a9f1a,85%,15,85,100,85,11,4,0
0x653672,99.1987%,15,1857,1872,1660,4,11,197
0x75684e,93.2692%,14,194,208,151,5,9,43
0x75940c,93.2692%,14,194,208,148,8,6,46
0x6315e1,93.2692%,14,194,208,152,4,10,42
0x75c97c,65%,14,26,40,26,4,10,0
0x7619cb,73.5849%,14,39,53,34,8,6,5
0x686fd1,86.5385%,14,90,104,90,10,4,0
0x75c289,90.9677%,14,141,155,137,10,4,4
0x75875f,93.2692%,14,194,208,194,11,3,0
0x5fcabb,84.0909%,14,74,88,70,10,4,4
0x7aafb5,66.6667%,14,28,42,16,8,6,12
0x66675f,93.5185%,14,202,216,156,6,8,46
0x75935d,93.2692%,14,194,208,150,6,8,44
0x66efb2,99.7083%,14,4786,4800,3591,9,5,1195
0x63afff,98%,14,686,700,684,2,12,2
0x593aba,93.2692%,14,194,208,194,6,8,0
0x65136c,95.625%,14,306,320,306,10,4,0
0x596eb2,97.8395%,14,634,648,478,8,6,156
0x8c34dd,96.5%,14,386,400,296,4,10,90
0x590ad3,98.3173%,14,818,832,407,9,5,411
0x5f4938,68.8889%,14,31,45,0,5,9,31
0x6702bf,75%,14,42,56,41,7,7,1
0x635b51,96.4286%,14,378,392,289,5,9,89
0x64a062,99.8654%,14,10386,10400,7793,7,7,2593
0x636bbe,99.7905%,14,6668,6682,6422,3,11,246
0x597e06,93.2692%,14,194,208,194,6,8,0
0x659a63,99.8654%,14,10386,10400,7789,11,3,2597
0x64f0d4,93.2692%,14,194,208,194,6,8,0
0x5949a1,93.2692%,14,194,208,194,6,8,0
0x6338ce,98.8333%,14,1186,1200,1118,2,12,68
0x75f966,74.0741%,14,40,54,30,6,8,10
0x7aa8b8,86.5385%,14,90,104,46,6,8,44
0x76f34f,95.5128%,14,298,312,298,2,12,0
0x5e81f6,93.2692%,14,194,208,2,6,8,192
0x8c5517,99.86%,14,9986,10000,7495,5,9,2491
0x64ed81,99.9214%,14,17802,17816,17202,6,8,600
0x5ea36b,91.6667%,14,154,168,149,6,8,5
0x6678d6,93.2692%,14,194,208,150,6,8,44
0x761279,39.1304%,14,9,23,1,2,12,8
0x5f3dc0,86.5385%,14,90,104,90,9,5,0
0x77903e,93.2692%,14,194,208,194,6,8,0
0x5f341a,95.3947%,14,290,304,279,9,5,11
0x631851,93.2692%,14,194,208,147,9,5,47
0x42964e,93%,14,186,200,0,8,6,186
0xa76224,92.3913%,14,170,184,90,8,6,80
0x762ebe,88.8889%,14,112,126,83,5,9,29
0x9271cf,99.0028%,14,1390,1404,1390,5,9,0
0x5d3c75,87.037%,14,94,108,22,4,10,72
0x641f57,99.8654%,14,10386,10400,7794,6,8,2592
0x67a42e,95.625%,14,306,320,231,9,5,75
0x8beb75,85.4167%,14,82,96,50,10,4,32
0x9ff049,99.0385%,14,1442,1456,1085,7,7,357
0x65ed4c,99.4615%,14,2586,2600,2499,1,13,87
0x5ea40e,72.549%,14,37,51,34,5,9,3
0x7b154e,93.2692%,14,194,208,147,9,5,47
0x6448d4,93.2692%,14,194,208,152,4,10,42
0x755fa8,93.2692%,14,194,208,150,6,8,44
0x63a133,96.5%,14,386,400,386,6,8,0
0x595182,97.7564%,14,610,624,594,6,8,16
0x42a246,96.75%,13,387,400,387,5,8,0
0x64b382,99.875%,13,10387,10400,7795,5,8,2592
0x95a412,93.75%,13,195,208,151,5,8,44
0x429f09,94.9416%,13,244,257,150,7,6,94
0x63a422,96.75%,13,387,400,387,5,8,0
0x644740,99.875%,13,10387,10400,7792,8,5,2595
0x66b472,99.3056%,13,1859,1872,1398,6,7,461
0x8c08c2,93.5%,13,187,200,93,7,6,94
0x75d391,59.375%,13,19,32,17,5,8,2
0x616ae6,98.7329%,13,1013,1026,985,3,10,28
0x65137c,95.9375%,13,307,320,232,8,5,75
0x407473,63.8889%,13,23,36,7,5,8,16
0x5e752f,93.75%,13,195,208,195,5,8,0
0x65ec58,99.5%,13,2587,2600,2497,3,10,90
0x66f953,76.7857%,13,43,56,35,7,6,8
0x63c8a2,99.1569%,13,1529,1542,1277,8,5,252
0x75c62f,96.0843%,13,319,332,1,7,6,318
0x5f1586,99.3665%,13,2039,2052,1016,10,3,1023
0x9f5e6e,94.3966%,13,219,232,0,4,9,219
0x8c13bd,95.5172%,13,277,290,0,0,13,277
0x8c159f,87%,13,87,100,0,10,3,87
0x637b83,99.6109%,13,3328,3341,3077,7,6,251
0x9270d4,99.7685%,13,5603,5616,5603,3,10,0
0x7b175f,93.75%,13,195,208,150,6,7,45
0x6d8f6b,75%,13,39,52,4,12,1,35
0xa22846,98.0333%,13,648,661,529,7,6,119
0x63a063,96.75%,13,387,400,387,5,8,0
0x5ea89e,93.75%,13,195,208,153,3,10,42
0x7b4233,93.75%,13,195,208,149,7,6,46
0x63d6c1,93.75%,13,195,208,195,5,8,0
0x595626,99.4792%,13,2483,2496,1863,9,4,620
0x6526c5,99.8415%,13,8190,8203,367,6,7,7823
0x76e4e9,91.875%,13,147,160,117,3,10,30
0x76706f,59.375%,13,19,32,19,9,4,0
0x5a6363,93.9815%,13,203,216,157,5,8,46
0x407406,63.8889%,13,23,36,19,5,8,4
0x64e25b,97.4%,13,487,500,487,3,10,0
0x63cec6,96.75%,13,387,400,387,5,8,0
0x659672,93.75%,13,195,208,147,9,4,48
0x8c72eb,99.9969%,13,424987,425000,382496,4,9,42491
0x8c73da,99.9694%,13,42487,42500,42000,0,13,487
0x778ed7,59.375%,13,19,32,15,9,4,4
0x65cb9c,93.75%,13,195,208,195,5,8,0
0x6180fb,91.4474%,13,139,152,139,5,8,0
0x5ea07b,93.9815%,13,203,216,154,8,5,49
0x66eec2,99.7292%,13,4787,4800,3596,4,9,1191
0x64f288,99.9602%,13,32627,32640,16633,7,6,15994
0x5f4b52,95.2381%,13,260,273,195,5,8,65
0x926af5,96.75%,13,387,400,386,4,9,1
0x926b0f,96.75%,13,387,400,387,5,8,0
0x63a8d2,96.75%,13,387,400,387,5,8,0
0x621633,59.375%,13,19,32,8,0,13,11
0x75ea27,89.6825%,13,113,126,91,3,10,22
0x649f72,99.875%,13,10387,10400,7795,5,8,2592
0x62368c,95%,13,247,260,247,3,10,0
0x77467e,93.75%,13,195,208,148,8,5,47
0x75c643,95.9877%,13,311,324,288,6,7,23
0x645b24,99.875%,13,10387,10400,7792,8,5,2595
0x5f32a6,65.7895%,13,25,38,0,4,9,25
0x67a4de,99.7292%,13,4787,4800,3596,4,9,1191
0x76afc3,90.1515%,13,119,132,118,8,5,1
0x8c06ec,96.75%,13,387,400,292,8,5,95
0x7a8dff,96.75%,13,387,400,292,8,5,95
0x638378,99.8054%,13,6669,6682,6420,5,8,249
0xa79f1c,99.9811%,13,68770,68783,68770,13,0,0
0x643ae4,93.75%,13,195,208,148,8,5,47
0x5f538e,99.6491%,13,3692,3705,3507,3,10,185
0x6597d2,94.2308%,12,196,208,148,8,4,48
0x65caec,94.2308%,12,196,208,96,2,10,100
0x63617d,94.6429%,12,212,224,190,2,10,22
0x65da0d,99.8846%,12,10388,10400,7799,1,11,2589
0x6593a6,94.2308%,12,196,208,147,9,3,49
0x653b8d,76.9231%,12,40,52,40,10,2,0
0x8c1493,97%,12,388,400,388,12,0,0
0x64d637,62.5%,12,20,32,20,4,8,0
0x8c4b1d,99.8846%,12,10388,10400,7793,7,5,2595
0x64b976,97%,12,388,400,388,4,8,0
0x7a9cd4,97%,12,388,400,293,7,5,95
0x65506d,99.1957%,12,1480,1492,364,9,3,1116
0x778498,94.2308%,12,196,208,196,4,8,0
0x756de2,86.9565%,12,80,92,78,4,8,2
0x63a743,97%,12,388,400,388,4,8,0
0x5f6139,95.7895%,12,273,285,198,11,1,75
0x639a3e,97%,12,388,400,295,5,7,93
0x42a6cc,90.3226%,12,112,124,110,8,4,2
0x65fc07,99.2941%,12,1688,1700,1660,6,6,28
0x75c48e,93.1818%,12,164,176,160,8,4,4
0x64f058,94.2308%,12,196,208,196,4,8,0
0x609140,94.5946%,12,210,222,160,8,4,50
0x5e809c,84.4156%,12,65,77,53,2,10,12
0x7b3173,94.2308%,12,196,208,149,7,5,47
0x66fc05,96.25%,12,308,320,308,4,8,0
0x687b9a,94.2308%,12,196,208,148,8,4,48
0x8c11d9,87.7551%,12,86,98,79,5,7,7
0x66e843,94.2308%,12,196,208,151,5,7,45
0x8c1527,95.3307%,12,245,257,152,5,7,93
0x9f5cd6,97.4576%,12,460,472,0,0,12,460
0x63bd50,94.2308%,12,196,208,196,4,8,0
0x666ef7,94.2308%,12,196,208,196,4,8,0
0x959fb9,94.2308%,12,196,208,148,8,4,48
0xa3a763,99.6495%,12,3412,3424,0,4,8,3412
0x599947,62.5%,12,20,32,7,7,5,13
0x8bebc6,76.9231%,12,40,52,40,10,2,0
0xa768c9,99.9826%,12,68944,68956,0,0,12,68944
0x5dad44,94.2308%,12,196,208,151,5,7,45
0x75641d,76.9231%,12,40,52,0,0,12,40
0x63ab33,97%,12,388,400,388,4,8,0
0x768f53,62.5%,12,20,32,7,3,9,13
0x9262c9,97%,12,388,400,0,8,4,388
0x8c15dc,95.8621%,12,278,290,153,6,6,125
0x5f42b5,45.4545%,12,10,22,3,4,8,7
0x6870bb,76.9231%,12,40,52,40,8,4,0
0x9f7cf7,99.4146%,12,2038,2050,0,8,4,2038
0x63806a,99.8204%,12,6670,6682,6421,4,8,249
0x7bd049,95.3846%,12,248,260,248,2,10,0
0x66e6c2,96.25%,12,308,320,233,7,5,75
0x76e348,92.5%,12,148,160,139,3,9,9
0x608ac2,93.1818%,12,164,176,161,5,7,3
0x64d353,97%,12,388,400,388,4,8,0
0x648f0b,78.5714%,12,44,56,34,8,4,10
0x63c8c4,98.4436%,12,759,771,507,7,5,252
0x7694dd,96.1538%,12,300,312,201,7,5,99
0x7cf3b7,94%,12,188,200,145,5,7,43
0x5994f1,99.5192%,12,2484,2496,1867,5,7,617
0x63137d,94.2308%,12,196,208,153,3,9,43
0x6491d2,96.4286%,12,324,336,246,6,6,78
0x760db7,90.4762%,12,114,126,68,5,7,46
0x762f43,62.5%,12,20,32,0,0,12,20
0x8c09d0,97%,12,388,400,295,5,7,93
0x768fd1,62.5%,12,20,32,3,7,5,17
0x66995e,94.2308%,12,196,208,195,5,7,1
0x429791,94.2308%,12,196,208,191,9,3,5
0x631151,94.2308%,12,196,208,151,5,7,45
0x8c3a56,99.9%,12,11988,12000,8992,8,4,2996
0x62108f,99.6964%,12,3940,3952,2962,2,10,978
0x64406d,99.8846%,12,10388,10400,7794,6,6,2594
0x64f3a2,62.5%,12,20,32,20,4,8,0
0x926c4e,79.661%,12,47,59,47,4,8,0
0x926294,99.8846%,12,10388,10400,9994,6,6,394
0x76a3b6,92.8571%,12,156,168,120,6,6,36
0x641cef,94.2308%,12,196,208,151,5,7,45
0x609015,94.5946%,12,210,222,162,2,10,48
0x429e1d,78.5714%,12,44,56,40,8,4,4
0x5f5421,99.6992%,12,3978,3990,3776,4,8,202
0x8c5a27,99.976%,12,49988,50000,37496,4,8,12492
0x65c376,94.7115%,11,197,208,153,3,8,44
0x76991a,97.3558%,11,405,416,1,5,6,404
0x65db7d,99.8942%,11,10389,10400,7796,4,7,2593
0x9e0d58,88.0435%,11,81,92,26,8,3,55
0x769021,65.625%,11,21,32,2,5,6,19
0x64d505,65.625%,11,21,32,18,6,5,3
0x66b852,94.7115%,11,197,208,155,1,10,42
0x616b46,98.9279%,11,1015,1026,984,4,7,31
0x6514dc,72.5%,11,29,40,25,5,6,4
0x64eeb3,94.7115%,11,197,208,197,3,8,0
0x6d8d88,94.3878%,11,185,196,9,7,4,176
0x63d5a5,94.7115%,11,197,208,197,3,8,0
0x8c5e40,99.89%,11,9989,10000,7493,7,4,2496
0x63a673,97.25%,11,389,400,389,3,8,0
0x65fc35,99.3529%,11,1689,1700,1661,5,6,28
0x778457,94.5%,11,189,200,189,3,8,0
0x64afc3,94.7115%,11,197,208,152,4,7,45
0x64ed94,99.9657%,11,32021,32032,17203,5,6,14818
0x63afe9,99.6071%,11,2789,2800,2094,6,5,695
0x8c3c68,97.8%,11,489,500,391,9,2,98
0x65a3a0,88.7755%,11,87,98,79,5,6,8
0x765c28,96.4744%,11,301,312,203,5,6,98
0x5a8bbd,98.7443%,11,865,876,0,0,11,865
0x63649c,95.7198%,11,246,257,0,5,6,246
0x7cc8fc,92.9487%,11,145,156,0,0,11,145
0x618254,92.7632%,11,141,152,141,3,8,0
0x6394d5,97.25%,11,389,400,296,4,7,93
0x5da473,94.7115%,11,197,208,150,6,5,47
0x645cb6,99.8942%,11,10389,10400,7797,3,8,2592
0x768348,89.4231%,11,93,104,93,7,4,0
0x64be77,99.725%,11,3989,4000,0,0,11,3989
0x65e99c,99.8942%,11,10389,10400,7793,7,4,2596
0x6475d1,97.25%,11,389,400,296,4,7,93
0x5999b9,65.625%,11,21,32,10,6,5,11
0xa232a0,97.9478%,11,525,536,282,3,8,243
0x617e44,92.7632%,11,141,152,141,3,8,0
0x64dec3,99.9313%,11,15989,16000,11995,5,6,3994
0x76e51e,93.125%,11,149,160,149,4,7,0
0x63c044,82.8125%,11,53,64,0,8,3,53
0x659932,94.7115%,11,197,208,151,5,6,46
0x596e62,92.9487%,11,145,156,145,5,6,0
0x6535b0,94.7115%,11,197,208,152,4,7,45
0xa233c6,97.9478%,11,525,536,247,4,7,278
0x64dbcb,99.7708%,11,4789,4800,3592,8,3,1197
0x5f4697,94.359%,11,184,195,3,2,9,181
0x670053,94.7115%,11,197,208,197,3,8,0
0x756ce8,78.8462%,11,41,52,16,4,7,25
0x5f5e94,98.9087%,11,997,1008,889,7,4,108
0x63aa13,97.25%,11,389,400,389,3,8,0
0x762a6c,71.0526%,11,27,38,1,5,6,26
0x65781c,78.8462%,11,41,52,41,9,2,0
0x92795f,99.4963%,11,2173,2184,724,4,7,1449
0x76854b,93.75%,11,165,176,0,2,9,165
0x926b66,96.8571%,11,339,350,339,4,7,0
0x77472d,94.7115%,11,197,208,149,7,4,48
0x641c2f,94.7115%,11,197,208,151,5,6,46
0x65eeac,99.8942%,11,10389,10400,7796,4,7,2593
0x7a9bc7,97.25%,11,389,400,382,4,7,7
0x61724b,99.5192%,11,2277,2288,1711,5,6,566
0x7b3423,94.7115%,11,197,208,150,6,5,47
0x590b16,94.7115%,11,197,208,197,3,8,0
0x7d0803,94.7115%,11,197,208,149,7,4,48
0x762c09,71.0526%,11,27,38,0,6,5,27
0x7e639c,85.8974%,11,67,78,67,5,6,0
0x760301,92.9487%,11,145,156,101,3,8,44
0x6314b0,94.7115%,11,197,208,148,8,3,49
0x6083aa,99.3227%,11,1613,1624,0,0,11,1613
0x60914f,79.6296%,11,43,54,8,3,8,35
0x63a4e2,97.25%,11,389,400,389,3,8,0
0x593966,98.6779%,11,821,832,795,5,6,26
0x7b3f92,94.7115%,11,197,208,152,4,7,45
0x596dc2,93.2099%,11,151,162,151,5,6,0
0x75cead,45%,11,9,20,4,7,4,5
0x7ede0a,94.7115%,11,197,208,149,7,4,48
0x596db2,98.3025%,11,637,648,481,5,6,156
0x66723f,78.8462%,11,41,52,41,9,2,0
0x665cec,89.4231%,11,93,104,46,6,5,47
0x7b0b58,75%,11,33,44,0,5,6,33
0x8c66b0,99.89%,11,9989,10000,7498,2,9,2491
0x64c994,97.25%,11,389,400,389,3,8,0
0x7bd25f,95.7692%,11,249,260,249,1,10,0
0x6310b1,94.7115%,11,197,208,152,4,7,45
0x4031fa,57.6923%,11,15,26,2,10,1,13
0x63c4a4,87.7778%,11,79,90,79,5,6,0
0x617f9b,92.7632%,11,141,152,141,3,8,0
0x6311a1,95.1923%,10,198,208,152,4,6,46
0x631011,95.1923%,10,198,208,149,7,3,49
0x76fbad,58.3333%,10,14,24,11,6,4,3
0x670222,95.1923%,10,198,208,198,2,8,0
0x8c13e4,96.5517%,10,280,290,280,10,0,0
0x8c3512,97.5%,10,390,400,295,5,5,95
0xa26876,75%,10,30,40,0,0,10,30
0x653372,95.1923%,10,198,208,152,4,6,46
0x75e78c,92.0635%,10,116,126,115,5,5,1
0x594433,95.1923%,10,198,208,198,2,8,0
0x63c395,90.566%,10,96,106,1,5,5,95
0x6f53c9,95.1923%,10,198,208,149,7,3,49
0x63c19d,95.1923%,10,198,208,198,2,8,0
0x63daaf,95.1923%,10,198,208,198,2,8,0
0x7bd584,75%,10,30,40,26,4,6,4
0x7590d0,95.1923%,10,198,208,0,2,8,198
0x5fcbb4,88.6364%,10,78,88,66,8,2,12
0xa2458d,99.0663%,10,1061,1071,3,1,9,1058
0x66fdda,95.1923%,10,198,208,198,2,8,0
0x634b4d,98%,10,490,500,490,0,10,0
0x653b02,95.1923%,10,198,208,148,8,2,50
0x659722,95.1923%,10,198,208,150,6,4,48
0x64efa3,95.1923%,10,198,208,198,2,8,0
0x66732a,95.1923%,10,198,208,153,3,7,45
0x5f3f2b,52.381%,10,11,21,0,0,10,11
0x761101,83.0508%,10,49,59,0,6,4,49
0x63bc51,95.1923%,10,198,208,198,2,8,0
0x66e612,96.875%,10,310,320,238,2,8,72
0x63c36f,97.5%,10,390,400,390,2,8,0
0x63819e,99.7007%,10,3331,3341,3080,4,6,251
0x64eba3,96.875%,10,310,320,283,5,5,27
0x64b243,99.9038%,10,10390,10400,7795,5,5,2595
0xa90c5b,54.5455%,10,12,22,8,6,4,4
0x63be60,95.1923%,10,198,208,198,2,8,0
0x6668ea,95.3704%,10,206,216,157,5,5,49
0x68706b,80.7692%,10,42,52,42,6,4,0
0x7b164e,95.1923%,10,198,208,150,6,4,48
0xa244db,94.9239%,10,187,197,34,4,6,153
0x777ebd,95.1923%,10,198,208,198,2,8,0
0x5f4a5b,71.4286%,10,25,35,25,6,4,0
0x5f3a3d,83.3333%,10,50,60,24,6,4,26
0x64cf93,96.875%,10,310,320,309,7,3,1
0x649ff2,99.9038%,10,10390,10400,7795,5,5,2595
0x5957e3,76.1905%,10,32,42,32,10,0,0
0x636c7e,98.703%,10,761,771,507,7,3,254
0x77415b,80.7692%,10,42,52,42,8,2,0
0x77289b,95.1923%,10,198,208,153,3,7,45
0x63bcaf,95.1923%,10,198,208,198,2,8,0
0x639c46,90%,10,90,100,90,8,2,0
0x603690,84.375%,10,54,64,44,4,6,10
0x76224a,92.4242%,10,122,132,84,4,6,38
0x6512ac,99.7917%,10,4790,4800,3598,2,8,1192
0x648d5f,82.1429%,10,46,56,37,5,5,9
0x617047,95.1923%,10,198,208,148,8,2,50
0x64e7bc,96.875%,10,310,320,310,2,8,0
0x6f4aca,95.1923%,10,198,208,152,4,6,46
0x63c010,95.1923%,10,198,208,198,2,8,0
0x5da61e,95%,10,190,200,142,8,2,48
0x76b2a7,76.1905%,10,32,42,32,8,2,0
0x77347f,80.7692%,10,42,52,42,8,2,0
0x645c06,99.9038%,10,10390,10400,7794,6,4,2596
0x75c50a,94.3182%,10,166,176,9,1,9,157
0x63bf80,95.1923%,10,198,208,198,2,8,0
0x64d982,99.1667%,10,1190,1200,1119,1,9,71
0x615223,93.4211%,10,142,152,142,2,8,0
0x76afe1,92.4242%,10,122,132,86,2,8,36
0x5983e0,90.3846%,10,94,104,94,6,4,0
0x762356,77.2727%,10,34,44,4,2,8,30
0x926d70,97.5%,10,390,400,390,2,8,0
0x67a69e,99.7917%,10,4790,4800,3598,2,8,1192
0x75978b,95.1923%,10,198,208,151,5,5,47
0xa222d1,99.9587%,10,24204,24214,0,0,10,24204
0x404a85,54.5455%,10,12,22,4,2,8,8
0x5fcb38,88.6364%,10,78,88,70,4,6,8
0x643ea2,99.9038%,10,10390,10400,7794,6,4,2596
0xa0f95a,97.0238%,10,326,336,154,6,4,172
0x7af857,80.7692%,10,42,52,42,8,2,0
0x62339c,96.1538%,10,250,260,250,0,10,0
0x5f3239,73.6842%,10,28,38,11,3,7,17
0x659b92,99.9038%,10,10390,10400,7796,4,6,2594
0x633f21,96.875%,10,310,320,235,5,5,75
0x66efc2,99.1667%,10,1190,1200,1119,1,9,71
0x5f63b9,86.8421%,10,66,76,34,4,6,32
0x64a972,99.9038%,10,10390,10400,7794,6,4,2596
0x63c420,88.8889%,10,80,90,80,4,6,0
0x65aa4d,89.7959%,10,88,98,79,5,5,9
0x5f4a01,77.7778%,10,35,45,1,9,1,34
0x76a39a,94.0476%,10,158,168,154,6,4,4
0x769810,97.5962%,10,406,416,400,6,4,6
0xa90dbd,95.4955%,10,212,222,210,8,2,2
0x76595f,90.3846%,10,94,104,94,6,4,0
0x66ebf3,99.9038%,10,10390,10400,7796,4,6,2594
0x75bbfa,94.3182%,10,166,176,159,9,1,7
0x766c7b,96.7949%,10,302,312,199,9,1,103
0x646029,80.7692%,10,42,52,42,8,2,0
0xa78588,99.8754%,10,8014,8024,6850,5,5,1164
0x667736,95.1923%,10,198,208,150,6,4,48
0x75e85d,92.0635%,10,116,126,79,5,5,37
0x761729,83.0508%,10,49,59,4,2,8,45
0x8c63b3,97.5%,10,390,400,296,4,6,94
0x64b123,95.1923%,10,198,208,152,4,6,46
0x66ece3,99.9038%,10,10390,10400,7794,6,4,2596
0x761877,79.5455%,9,35,44,35,7,2,0
0x599099,91.3462%,9,95,104,95,5,4,0
0x76578e,91.3462%,9,95,104,0,0,9,95
0x8a85de,97.8571%,9,411,420,397,3,6,14
0x5f5ed5,91.9643%,9,103,112,103,5,4,0
0x663746,99.25%,9,1191,1200,1115,5,4,76
0x429b58,89.1566%,9,74,83,70,5,4,4
0xa820bb,80.4348%,9,37,46,1,7,2,36
0x7581d5,95.6731%,9,199,208,148,8,1,51
0x63bad7,89.7727%,9,79,88,0,8,1,79
0x64af13,95.6731%,9,199,208,151,5,4,48
0x5f47c2,91.6667%,9,99,108,99,5,4,0
0x63bdd0,95.6731%,9,199,208,199,1,8,0
0x66fbaa,97.1875%,9,311,320,311,1,8,0
0x643c9f,99.9135%,9,10391,10400,7796,4,5,2595
0x757896,82.6923%,9,43,52,43,7,2,0
0x66a991,95.6731%,9,199,208,152,4,5,47
0x760da6,92.8571%,9,117,126,0,0,9,117
0xa24931,99.1388%,9,1036,1045,435,8,1,601
0x64ed64,99.9725%,9,32695,32704,14817,7,2,17878
0x778d5a,95.5%,9,191,200,191,1,8,0
0x659512,95.6731%,9,199,208,148,8,1,51
0x762bda,79.5455%,9,35,44,4,2,7,31
0x658922,99.9049%,9,9455,9464,7092,6,3,2363
0x631521,95.6731%,9,199,208,150,6,3,49
0x66f923,83.9286%,9,47,56,36,6,3,11
0x633221,99.9135%,9,10391,10400,7797,3,6,2594
0x663fda,89.2857%,9,75,84,75,7,2,0
0x63c317,97.75%,9,391,400,391,1,8,0
0x649106,89.2857%,9,75,84,64,6,3,11
0x631901,95.6731%,9,199,208,153,3,6,46
0x64c3bd,97.75%,9,391,400,391,1,8,0
0x5ea2a4,91.3462%,9,95,104,94,2,7,1
0x5fcfde,89.7727%,9,79,88,79,9,0,0
0x667bc6,95.6731%,9,199,208,149,7,2,50
0x65a271,90.8163%,9,89,98,80,4,5,9
0x9613ff,99.7305%,9,3330,3339,3175,5,4,155
0x7650de,91.3462%,9,95,104,95,5,4,0
0x7627a6,50%,9,9,18,5,7,2,4
0x5e7a2d,30.7692%,9,4,13,2,3,6,2
0x6039ad,79.5455%,9,35,44,31,5,4,4
0xa78036,99.2241%,9,1151,1160,1150,6,3,1
0x64cd65,97.1875%,9,311,320,235,5,4,76
0x669c9b,82.6923%,9,43,52,43,7,2,0
0x597f12,55%,9,11,20,1,5,4,10
0x593d2e,95.6731%,9,199,208,199,1,8,0
0x7b3ffb,95.6731%,9,199,208,152,4,5,47
0x669e13,82.6923%,9,43,52,0,0,9,43
0x8c341e,97.75%,9,391,400,294,6,3,97
0x593d4e,95.6731%,9,199,208,196,4,5,3
0x5ea352,78.5714%,9,33,42,10,3,6,23
0x63bbe2,85.9375%,9,55,64,3,5,4,52
0x63c297,95.6731%,9,199,208,199,1,8,0
0x66abd1,95.6731%,9,199,208,154,2,7,45
0x76ca00,79.5455%,9,35,44,35,7,2,0
0x644f84,95.6731%,9,199,208,151,5,4,48
0x8c0f01,97.75%,9,391,400,297,3,6,94
0x657e3e,82.6923%,9,43,52,43,7,2,0
0x5f3303,99.0891%,9,979,988,0,0,9,979
0x596f10,94.2308%,9,147,156,147,3,6,0
0x63c4f0,90%,9,81,90,81,3,6,0
0x7e75cf,82.6923%,9,43,52,0,0,9,43
0x7613b5,92.8571%,9,117,126,63,4,5,54
0x603bbf,79.5455%,9,35,44,31,5,4,4
0x64c31d,97.75%,9,391,400,391,1,8,0
0x6210fb,76.3158%,9,29,38,28,2,7,1
0x7aae33,78.5714%,9,33,42,0,0,9,33
0x63c3bd,90%,9,81,90,66,6,3,15
0x64c8ed,97.75%,9,391,400,391,1,8,0
0x766548,96.875%,9,279,288,189,3,6,90
0x66747a,95.6731%,9,199,208,151,5,4,48
0x7a90aa,43.75%,9,7,16,0,2,7,7
0x5e8164,88.3117%,9,68,77,2,3,6,66
0x76290f,76.3158%,9,29,38,4,8,1,25
0x64cef5,97.1875%,9,311,320,1,3,6,310
0x6535a2,99.5192%,9,1863,1872,1661,3,6,202
0xa22815,99.0991%,9,990,999,336,2,7,654
0x76e548,77.5%,9,31,40,31,3,6,0
0x65d076,99.9135%,9,10391,10400,7796,4,5,2595
0x63dc0f,95.6731%,9,199,208,199,1,8,0
0x5e8b8a,94.7977%,9,164,173,11,6,3,153
0x5ecd1e,82.6923%,9,43,52,43,7,2,0
0x89fbed,71.875%,9,23,32,21,3,6,2
0x960df0,99.9334%,9,13506,13515,13352,4,5,154
0x63d947,95.6731%,9,199,208,199,1,8,0
0x65aa41,97.7041%,9,383,392,291,3,6,92
0x659466,95.6731%,9,199,208,151,5,4,48
0xa22493,99.3763%,9,1434,1443,1,1,8,1433
0xa2280c,99.1597%,9,1062,1071,68,4,5,994
0x636171,98.9955%,9,887,896,669,3,6,218
0x635b5e,90.8163%,9,89,98,81,3,6,8
0x92c725,99.9135%,9,10391,10400,7793,7,2,2598
0x7605b9,92.8571%,9,117,126,0,5,4,117
0x75f936,83.3333%,9,45,54,0,1,8,45
0x8c14df,96.8966%,9,281,290,28,5,4,253
0x631281,95.6731%,9,199,208,149,7,2,50
0x4299cc,97.75%,9,391,400,204,6,3,187
0x7582c4,79.5455%,9,35,44,0,5,4,35
0x6215bf,81.25%,9,39,48,33,3,6,6
0x65ca5c,95.6731%,9,199,208,199,1,8,0
0x926cee,97.75%,9,391,400,391,1,8,0
0xa308c3,99.879%,9,7427,7436,7427,9,0,0
0x63d7d1,95.6731%,9,199,208,199,1,8,0
0x64ce65,97.1875%,9,311,320,237,3,6,74
0x89fc4a,43.75%,9,7,16,3,5,4,4
0x65ddcf,99.9135%,9,10391,10400,7798,2,7,2593
0x66f983,83.9286%,9,47,56,38,4,5,9
0x5f548a,91.6667%,9,99,108,99,5,4,0
0x7a9801,97.75%,9,391,400,298,2,7,93
0x7b2fe8,78.0488%,9,32,41,32,9,0,0
0x63133f,95.6731%,9,199,208,152,4,5,47
0xa0ebd9,99.9896%,9,86285,86294,86252,2,7,33
0x5e8beb,94.7977%,9,164,173,0,0,9,164
0xa223c5,99.3763%,9,1434,1443,0,2,7,1434
0x65a8e1,97.1875%,9,311,320,231,9,0,80
0x631241,95.6731%,9,199,208,151,5,4,48
0x769876,83.6364%,9,46,55,1,3,6,45
0x621153,98.9183%,9,823,832,621,3,6,202
0x6f4d1a,95.6731%,9,199,208,152,4,5,47
0x6d9286,43.75%,9,7,16,0,0,9,7
0x9e1612,91.6667%,8,88,96,85,3,5,3
0x657e1e,96.1538%,8,200,208,156,0,8,44
0x63bef0,96.1538%,8,200,208,200,0,8,0
0x8c00a6,84.6154%,8,44,52,44,6,2,0
0x5f3279,78.9474%,8,30,38,2,4,4,28
0x76898f,97.2222%,8,280,288,190,2,6,90
0x63b2aa,97.619%,8,328,336,247,5,3,81
0x8bf3de,99.2989%,8,1133,1141,0,0,8,1133
0x766cca,92.3077%,8,96,104,96,4,4,0
0x76603c,91.6667%,8,88,96,88,4,4,0
0x75fc67,94.8718%,8,148,156,101,3,5,47
0x659300,84.6154%,8,44,52,44,6,2,0
0x7724f7,96.1538%,8,200,208,199,1,7,1
0x631301,96.1538%,8,200,208,152,4,4,48
0x63c86f,96.8872%,8,249,257,158,3,5,91
0x593c67,0%,8,0,8,0,0,8,0
0x66a313,96.1538%,8,200,208,153,3,5,47
0x76bc10,80.9524%,8,34,42,34,6,2,0
0x7580e6,96.1538%,8,200,208,0,5,3,200
0x62115f,96.1538%,8,200,208,200,0,8,0
0x75d3ec,80.9524%,8,34,42,34,6,2,0
0x647691,98%,8,392,400,296,4,4,96
0x655131,99.7815%,8,3653,3661,19,1,7,3634
0x76140d,80.9524%,8,34,42,34,6,2,0
0x632de2,99.9915%,8,93592,93600,70200,0,8,23392
0x42a4cd,66.6667%,8,16,24,11,5,3,5
0x66f182,96.4286%,8,216,224,189,3,5,27
0x9f99d4,98.5891%,8,559,567,255,0,8,304
0x596f4f,94.8718%,8,148,156,148,2,6,0
0x64cfa7,97.5%,8,312,320,233,7,1,79
0x757866,84.6154%,8,44,52,44,6,2,0
0x5f0c2c,99.8256%,8,4580,4588,0,0,8,4580
0x429fc9,94.2857%,8,132,140,132,8,0,0
0x59985a,75%,8,24,32,24,4,4,0
0x76f7a9,33.3333%,8,4,12,4,2,6,0
0x7e749b,94.8718%,8,148,156,148,2,6,0
0x9feeef,42.8571%,8,6,14,5,5,3,1
0x766eee,75%,8,24,32,24,4,4,0
0xa0ee56,99.9878%,8,65748,65756,0,0,8,65748
0xa22523,99.3559%,8,1234,1242,600,2,6,634
0x765942,97.4359%,8,304,312,204,4,4,100
0xa389c0,99.9917%,8,96911,96919,0,0,8,96911
0x63a664,98%,8,392,400,392,6,2,0
0x5f30e3,78.9474%,8,30,38,16,2,6,14
0x648dc0,85.7143%,8,48,56,39,3,5,9
0x8c10cd,92%,8,92,100,92,6,2,0
0x64ce23,97.5%,8,312,320,312,4,4,0
0x762279,81.8182%,8,36,44,36,6,2,0
0x7688a8,92%,8,92,100,92,4,4,0
0x5ea392,38.4615%,8,5,13,5,6,2,0
0x7a925d,91.3043%,8,84,92,84,4,4,0
0x7ce4c3,84%,8,42,50,42,6,2,0
0xa769b3,99.9636%,8,21975,21983,21817,2,6,158
0x66b082,96.1538%,8,200,208,155,1,7,45
0x65efcc,99.9231%,8,10392,10400,7795,5,3,2597
0x8c0d07,98%,8,392,400,296,4,4,96
0x631389,84.6154%,8,44,52,44,6,2,0
0x7e737c,84.6154%,8,44,52,44,6,2,0
0x8c38d0,98.6667%,8,592,600,494,6,2,98
0x9e0cdb,76.4706%,8,26,34,0,0,8,26
0x774a41,84.6154%,8,44,52,44,6,2,0
0x65ec3c,99.9231%,8,10392,10400,7797,3,5,2595
0x639c14,96.8872%,8,249,257,0,1,7,249
0x8c0e9f,97.3333%,8,292,300,189,1,7,103
0x762b3c,80.9524%,8,34,42,34,6,2,0
0x617eff,99.7976%,8,3944,3952,0,0,8,3944
0x5e8250,93.8931%,8,123,131,3,5,3,120
0x76289e,93.6508%,8,118,126,117,3,5,1
0x761714,93.9394%,8,124,132,67,6,2,57
0x603dcc,81.8182%,8,36,44,27,3,5,9
0x5f4ecc,46.6667%,8,7,15,7,4,4,0
0x65142c,75%,8,24,32,21,3,5,3
0x75c81b,81.8182%,8,36,44,36,6,2,0
0x65358c,96.1538%,8,200,208,0,0,8,200
0x9f7cca,99.6101%,8,2044,2052,0,0,8,2044
0x5f2383,84.6154%,8,44,52,0,0,8,44
0x761a75,55.5556%,8,10,18,9,7,1,1
0x64aa02,98%,8,392,400,292,8,0,100
0x7cd6f3,84.6154%,8,44,52,0,0,8,44
0x5f3664,99.5951%,8,1968,1976,983,5,3,985
0x765034,92.3077%,8,96,104,96,4,4,0
0x42a8b1,78.9474%,8,30,38,30,8,0,0
0x643944,99.9231%,8,10392,10400,7796,4,4,2596
0x659170,84.6154%,8,44,52,44,6,2,0
0x64b8f6,98%,8,392,400,134,3,5,258
0x653403,96.1538%,8,200,208,148,8,0,52
0xa76e0e,99.9624%,8,21270,21278,0,2,6,21270
0x762ecf,78.9474%,8,30,38,4,2,6,26
0xa389e6,82.6087%,8,38,46,38,2,6,0
0x5d283e,82.6087%,8,38,46,0,0,8,38
0x929945,99.9408%,8,13507,13515,13353,3,5,154
0x65a72c,97.5%,8,312,320,311,5,3,1
0x7b2fc8,80.9524%,8,34,42,0,1,7,34
0x5e899c,50%,8,8,16,7,4,4,1
0x5f239e,84.6154%,8,44,52,44,6,2,0
0x759629,96.1538%,8,200,208,47,5,3,153
0x7b3392,96.1538%,8,200,208,150,6,2,50
0x66fe4f,93.75%,8,120,128,119,1,7,1
0x404aa0,63.6364%,8,14,22,3,3,5,11
0x766981,75%,8,24,32,24,4,4,0
0x403226,69.2308%,8,18,26,18,8,0,0
0x778b9f,96%,8,192,200,191,1,7,1
0x6639d6,90%,8,72,80,72,6,2,0
0x761e6c,81.8182%,8,36,44,36,6,2,0
0x663a76,92%,8,92,100,92,6,2,0
0x761a62,85.1852%,8,46,54,31,5,3,15
0x75d4d1,99.0909%,8,872,880,0,0,8,872
0x65acdd,90.4762%,8,76,84,67,3,5,9
0x648ebf,85.7143%,8,48,56,40,2,6,8
0x5e68de,96%,8,192,200,148,2,6,44
0x64458f,99.9231%,8,10392,10400,10392,8,0,0
0x616d94,84.6154%,8,44,52,0,0,8,44
0x66ffbf,99.6795%,8,2488,2496,2284,4,4,204
0x669986,96.1538%,8,200,208,154,2,6,46
0x7633cc,80.9524%,8,34,42,34,6,2,0
0x76d753,84.6154%,8,44,52,0,0,8,44
0x757ab6,84.6154%,8,44,52,44,6,2,0
0xa78514,42.8571%,8,6,14,4,0,8,2
0x766f66,75%,8,24,32,0,0,8,24
0x67a41c,97.5%,8,312,320,312,4,4,0
0x64b132,84.6154%,8,44,52,44,6,2,0
0x959e3d,84.6154%,8,44,52,44,6,2,0
0x7d0636,84.6154%,8,44,52,44,6,2,0
0x8bf028,96.1538%,8,200,208,150,6,2,50
0x6537b2,96.1538%,8,200,208,156,0,8,44
0x657a5d,96.1538%,8,200,208,153,3,5,47
0x593e70,96.1538%,8,200,208,199,1,7,1
0x6595c2,96.1538%,8,200,208,151,5,3,49
0x65ab4d,96.4286%,8,216,224,188,4,4,28
0x6699d2,84.6154%,8,44,52,44,6,2,0
0x7af727,84.6154%,8,44,52,44,6,2,0
0x5a8dcd,84%,8,42,50,0,0,8,42
0x7a9dd8,92.3077%,8,96,104,96,4,4,0
0x5ac70b,99.0566%,7,735,742,734,4,3,1
0x616fcb,86.5385%,7,45,52,45,5,2,0
0x64185c,12.5%,7,1,8,1,5,2,0
0x7785ff,95.625%,7,153,160,153,7,0,0
0x7a8e09,93%,7,93,100,93,3,4,0
0x658a2a,92.3077%,7,84,91,84,5,2,0
0x66b913,96.6346%,7,201,208,152,4,3,49
0x8a7a39,93.3333%,7,98,105,98,3,4,0
0xa3082b,99.9656%,7,20352,20359,0,0,7,20352
0x77827c,78.125%,7,25,32,23,1,6,2
0x5a8f4d,94.7761%,7,127,134,127,7,0,0
0x92737b,87.037%,7,47,54,45,2,5,2
0x768f96,78.125%,7,25,32,23,3,4,2
0x765c72,93.2692%,7,97,104,97,3,4,0
0x63a054,98.25%,7,393,400,393,5,2,0
0x631101,96.6346%,7,201,208,153,3,4,48
0x651388,91.25%,7,73,80,73,5,2,0
0x66e983,98.25%,7,393,400,298,2,5,95
0x65df1e,99.9327%,7,10393,10400,7796,4,3,2597
0x762516,83.3333%,7,35,42,35,5,2,0
0x66367d,50%,7,7,14,7,5,2,0
0x65ab41,99.2188%,7,889,896,668,4,3,221
0x766454,93%,7,93,100,93,3,4,0
0x761c9b,61.1111%,7,11,18,11,5,2,0
0x658936,99.7041%,7,2359,2366,2274,1,6,85
0x66f9e6,87.5%,7,49,56,38,4,3,11
0x7aad6e,87.037%,7,47,54,47,5,2,0
0x763564,94.697%,7,125,132,86,2,5,39
0x769085,78.125%,7,25,32,25,3,4,0
0x7675a3,56.25%,7,9,16,9,5,2,0
0x7694ee,93.2692%,7,97,104,97,3,4,0
0x66f9b6,87.5%,7,49,56,39,3,4,10
0x654734,99.9179%,7,8514,8521,8514,7,0,0
0x5f14d8,99.6589%,7,2045,2052,71,5,2,1974
0x5f6620,99.3177%,7,1019,1026,0,0,7,1019
0x648e1f,87.5%,7,49,56,39,3,4,10
0x7aa121,87.037%,7,47,54,47,5,2,0
0x9ff099,50%,7,7,14,7,7,0,0
0x7aa155,86.5385%,7,45,52,45,5,2,0
0xa39203,99.9783%,7,32263,32270,0,0,7,32263
0x5f6afb,99.3177%,7,1019,1026,0,0,7,1019
0x8c61ef,99.9462%,7,12993,13000,0,0,7,12993
0x7e7c8d,96.6346%,7,201,208,153,3,4,48
0x63523e,91.25%,7,73,80,73,5,2,0
0x75ed57,84.0909%,7,37,44,37,7,0,0
0x76f4bd,50%,7,7,14,1,5,2,6
0x755db7,96.6346%,7,201,208,0,0,7,201
0x7e7573,86.5385%,7,45,52,0,0,7,45
0x63cfc4,97.2763%,7,250,257,250,6,1,0
0x76f323,41.6667%,7,5,12,0,0,7,5
0x63935e,98.25%,7,393,400,294,6,1,99
0x7625dc,61.1111%,7,11,18,3,3,4,8
0x7689b7,92.7083%,7,89,96,89,3,4,0
0x5acbf4,78.125%,7,25,32,25,3,4,0
0x429987,96.0894%,7,172,179,172,5,2,0
0x645312,99.827%,7,4039,4046,4039,7,0,0
0x768642,93.2692%,7,97,104,97,3,4,0
0x75e876,83.3333%,7,35,42,35,5,2,0
0x5f3f8a,56.25%,7,9,16,9,7,0,0
0x757a56,86.5385%,7,45,52,45,5,2,0
0x63a4d3,98.25%,7,393,400,393,5,2,0
0x64cf12,97.8125%,7,313,320,238,2,5,75
0x761618,92.0455%,7,81,88,70,3,4,11
0x7aa772,86.5385%,7,45,52,0,0,7,45
0x8c676f,98.6%,7,493,500,398,2,5,95
0x7b1f29,86.5385%,7,45,52,45,5,2,0
0x766570,92.7083%,7,89,96,89,3,4,0
0x64c268,91.25%,7,73,80,73,5,2,0
0x76ad6d,86.5385%,7,45,52,45,5,2,0
0x5f4481,68.1818%,7,15,22,15,3,4,0
0x639ee8,12.5%,7,1,8,1,5,2,0
0x6310bd,86.5385%,7,45,52,45,5,2,0
0x5e7598,66.6667%,7,14,21,10,3,4,4
0x5993d3,78.125%,7,25,32,3,5,2,22
0x5f47d3,83.7209%,7,36,43,0,4,3,36
0x5ed5e2,86.5385%,7,45,52,45,5,2,0
0x429fd3,97.3077%,7,253,260,253,7,0,0
0x6f522c,86.5385%,7,45,52,45,5,2,0
0x65c4ad,96.6346%,7,201,208,154,2,5,47
0x598e19,93.2692%,7,97,104,97,3,4,0
0x8c087e,98.7931%,7,573,580,573,3,4,0
0x65c997,93.0693%,7,94,101,0,0,7,94
0x686f8a,93.2692%,7,97,104,97,3,4,0
0x76a5f9,86.5385%,7,45,52,45,5,2,0
0x63c464,92.2222%,7,83,90,80,4,3,3
0x7579f6,86.5385%,7,45,52,45,5,2,0
0x5e8ef3,46.1538%,7,6,13,1,4,3,5
0x75a8f8,95.5128%,7,149,156,147,3,4,2
0x686a5c,86.5385%,7,45,52,0,0,7,45
0x960a99,99.7904%,7,3332,3339,3178,2,5,154
0x8c4f78,98.6%,7,493,500,397,3,4,96
0x5e8533,46.1538%,7,6,13,2,3,4,4
0x6394b4,98.25%,7,393,400,393,5,2,0
0x6583e6,99.1453%,7,812,819,0,0,7,812
0x76f560,50%,7,7,14,7,7,0,0
0x5ea7a7,86.5385%,7,45,52,45,5,2,0
0x598ecb,78.125%,7,25,32,14,4,3,11
0x663bf6,91.25%,7,73,80,73,5,2,0
0x7cf086,86.5385%,7,45,52,0,0,7,45
0x620a31,99.2915%,7,981,988,0,0,7,981
0x66748f,86.5385%,7,45,52,45,5,2,0
0x5f71b4,99.3177%,7,1019,1026,1019,7,0,0
0x75cbc2,86.5385%,7,45,52,0,0,7,45
0x66f0a2,92.8571%,7,91,98,79,5,2,12
0x5e7152,85.4167%,7,41,48,41,5,2,0
0x75d24e,95.977%,7,167,174,167,7,0,0
0x769043,78.125%,7,25,32,0,4,3,25
0x756151,98.2323%,7,389,396,286,7,0,103
0x76b0f5,94.4444%,7,119,126,119,7,0,0
0x758e77,96.6346%,7,201,208,0,0,7,201
0x595831,83.3333%,7,35,42,1,3,4,34
0x92c653,99.9327%,7,10393,10400,7795,5,2,2598
0x8a897e,96.6667%,7,203,210,198,2,5,5
0x66755f,86.5385%,7,45,52,45,5,2,0
0x64520d,86.5385%,7,45,52,45,7,0,0
0x7b4493,96.6346%,7,201,208,151,5,2,50
0x8bef22,96.6346%,7,201,208,201,7,0,0
0x667833,86.5385%,7,45,52,0,0,7,45
0xa769de,99.9671%,7,21271,21278,21271,5,2,0
0x637405,97.2763%,7,250,257,229,2,5,21
0x7e7f22,86.5385%,7,45,52,45,5,2,0
0x6311f1,96.6346%,7,201,208,151,5,2,50
0x599a2a,78.125%,7,25,32,15,3,4,10
0x63134b,86.5385%,7,45,52,45,5,2,0
0x6313bb,96.6346%,7,201,208,152,4,3,49
0x5e8be5,96.6346%,7,201,208,32,3,4,169
0x7612d6,83.3333%,7,35,42,35,5,2,0
0x596f8e,95.5128%,7,149,156,149,1,6,0
0x5f4d7d,87.037%,7,47,54,47,5,2,0
0x757b16,86.5385%,7,45,52,45,5,2,0
0xa303fd,99.9261%,7,9467,9474,0,0,7,9467
0x596d56,95.5128%,7,149,156,149,1,6,0
0x5e7f81,86.5385%,7,45,52,37,2,5,8
0x66385e,78.125%,7,25,32,25,5,2,0
0x762a49,84.0909%,7,37,44,2,4,3,35
0xa2424a,99.968%,7,21886,21893,0,0,7,21886
0xa79031,99.4815%,7,1343,1350,0,0,7,1343
0x669e98,86.5385%,7,45,52,45,5,2,0
0x64b073,96.6346%,7,201,208,152,4,3,49
0x65a8ed,91.25%,7,73,80,73,5,2,0
0x5da781,96.6346%,7,201,208,154,2,5,47
0x758787,96.6346%,7,201,208,201,2,5,0
0x42996f,99.6724%,7,2130,2137,1956,2,5,174
0x760d61,84.0909%,7,37,44,37,5,2,0
0x5f5ac3,93.5185%,7,101,108,101,3,4,0
0x67abae,12.5%,7,1,8,1,7,0,0
0x596ec2,95.679%,7,155,162,155,1,6,0
0x960e74,99.9482%,7,13508,13515,13354,2,5,154
0x926a78,99.14%,7,807,814,807,7,0,0
0x608afa,84.7826%,7,39,46,4,6,1,35
0x75d31c,86.3636%,6,38,44,38,4,2,0
0x681fb1,94.2308%,6,98,104,98,2,4,0
0x76776a,88.4615%,6,46,52,46,4,2,0
0x8c3bed,98.8%,6,494,500,0,0,6,494
0x7e7f12,97.1154%,6,202,208,153,3,3,49
0x761db3,95.4545%,6,126,132,124,2,4,2
0x774b50,88.4615%,6,46,52,46,4,2,0
0x65a24c,93.8776%,6,92,98,0,0,6,92
0x5985a0,94.2308%,6,98,104,98,2,4,0
0x64cf29,92.5%,6,74,80,74,4,2,0
0x8c0bc1,94%,6,94,100,0,0,6,94
0x763450,96.1538%,6,150,156,101,3,3,49
0x6512ce,92.5%,6,74,80,74,4,2,0
0x5e6cb1,25%,6,2,8,2,4,2,0
0x42ae7d,75%,6,18,24,0,0,6,18
0x5e64b5,88%,6,44,50,44,4,2,0
0x95a76a,97.1154%,6,202,208,153,3,3,49
0x774962,88.4615%,6,46,52,46,4,2,0
0x761be6,84.2105%,6,32,38,0,0,6,32
0x608c0a,86.3636%,6,38,44,38,4,2,0
0x65248d,99.9269%,6,8197,8203,0,0,6,8197
0x6585a0,99.9718%,6,21288,21294,20472,3,3,816
0x766a99,50%,6,6,12,5,3,3,1
0x64c01c,99.875%,6,4794,4800,4794,6,0,0
0x7ab027,88.4615%,6,46,52,46,4,2,0
0x66b6d2,97.1154%,6,202,208,152,4,2,50
0x757906,88.4615%,6,46,52,46,4,2,0
0x95a422,88.4615%,6,46,52,46,4,2,0
0x762453,84.2105%,6,32,38,0,0,6,32
0x639af6,25%,6,2,8,2,4,2,0
0x5fcf28,93.1818%,6,82,88,82,6,0,0
0x64ee13,81.25%,6,26,32,19,5,1,7
0x5ea8ae,88.4615%,6,46,52,46,4,2,0
0x7aa472,88%,6,44,50,44,4,2,0
0x9e1b18,25%,6,2,8,1,5,1,1
0x65a821,81.25%,6,26,32,22,2,4,4
0x5eccbe,88.4615%,6,46,52,46,4,2,0
0x67abc4,25%,6,2,8,2,4,2,0
0x95a129,97.1154%,6,202,208,154,2,4,48
0x63620d,81.25%,6,26,32,26,4,2,0
0x65aa2c,98.4694%,6,386,392,386,6,0,0
0x6f53dc,88.4615%,6,46,52,46,4,2,0
0x65a80c,81.25%,6,26,32,26,6,0,0
0x6410a9,25%,6,2,8,2,4,2,0
0x59822c,81.25%,6,26,32,26,2,4,0
0x59597c,85.7143%,6,36,42,36,6,0,0
0x653b82,97.1154%,6,202,208,151,5,1,51
0x9283ff,99.7994%,6,2985,2991,2983,4,2,2
0x7e7c79,88.4615%,6,46,52,0,0,6,46
0x6440b0,88.4615%,6,46,52,46,4,2,0
0x6d8754,62.5%,6,10,16,3,1,5,7
0x5e78f3,50%,6,6,12,1,2,4,5
0x66357a,88.4615%,6,46,52,46,4,2,0
0x92b081,94%,6,94,100,0,0,6,94
0x7a8c55,94.2308%,6,98,104,0,0,6,98
0x653840,88.4615%,6,46,52,46,4,2,0
0x663ab6,94%,6,94,100,94,4,2,0
0xa769ae,99.9874%,6,47672,47678,25693,3,3,21979
0x7af5cc,88.4615%,6,46,52,46,4,2,0
0x663a09,99.5%,6,1194,1200,1194,4,2,0
0x8c5b33,98.5%,6,394,400,297,3,3,97
0x42a93e,84.2105%,6,32,38,32,6,0,0
0x5f62e9,92.1053%,6,70,76,34,6,0,36
0x663c39,99.7692%,6,2594,2600,2594,4,2,0
0x640339,25%,6,2,8,2,4,2,0
0x66ead2,25%,6,2,8,0,6,0,2
0x7e8220,88.4615%,6,46,52,46,4,2,0
0x5f4cad,88.8889%,6,48,54,48,4,2,0
0x5943bc,99.7692%,6,2594,2600,2594,6,0,0
0x644242,99.9423%,6,10394,10400,7796,4,2,2598
0x66e392,25%,6,2,8,2,4,2,0
0x640719,25%,6,2,8,2,4,2,0
0x76076a,85.7143%,6,36,42,36,4,2,0
0x6663e6,88.4615%,6,46,52,46,4,2,0
0x7bdb5f,85%,6,34,40,26,4,2,8
0x8a88e5,96.4706%,6,164,170,164,4,2,0
0xa22fa9,98.5366%,6,404,410,318,4,2,86
0x639cf6,25%,6,2,8,2,4,2,0
0x7aaeef,88.8889%,6,48,54,48,4,2,0
0x76b8a3,86.3636%,6,38,44,0,0,6,38
0x64aac2,98.5%,6,394,400,296,4,2,98
0x92c374,99.7692%,6,2594,2600,0,0,6,2594
0x666393,88.4615%,6,46,52,0,0,6,46
0x7e8193,88.4615%,6,46,52,0,0,6,46
0x757936,88.4615%,6,46,52,46,4,2,0
0x926bed,99.7966%,6,2944,2950,2944,6,0,0
0x630f73,62.5%,6,10,16,10,4,2,0
0x66679f,88.8889%,6,48,54,48,4,2,0
0x665fa2,97.1154%,6,202,208,153,3,3,49
0x7cc719,88.4615%,6,46,52,46,4,2,0
0x76a300,88.4615%,6,46,52,46,4,2,0
0x645328,99.8555%,6,4147,4153,4147,6,0,0
0x663c75,88.4615%,6,46,52,46,4,2,0
0x63c862,97.6654%,6,251,257,0,0,6,251
0x76984e,98.5577%,6,410,416,357,4,2,53
0x667bd6,88.4615%,6,46,52,46,4,2,0
0x7613d5,71.4286%,6,15,21,1,1,5,14
0x42a0d3,97.6923%,6,254,260,1,2,4,253
0x926ab8,93.8776%,6,92,98,89,1,5,3
0x9fef8d,50%,6,6,12,6,2,4,0
0x76d716,88.4615%,6,46,52,46,4,2,0
0x76d914,88.4615%,6,46,52,46,4,2,0
0x75bec9,96.5909%,6,170,176,8,2,4,162
0x687ba8,88.4615%,6,46,52,46,4,2,0
0x5ea155,88.4615%,6,46,52,0,0,6,46
0x667200,88.4615%,6,46,52,0,0,6,46
0x659257,88.4615%,6,46,52,46,4,2,0
0x642837,97.1154%,6,202,208,155,1,5,47
0x8c71d1,70%,6,14,20,14,4,2,0
0x650060,99.5%,6,1194,1200,0,0,6,1194
0xa24a4d,99.5489%,6,1324,1330,691,3,3,633
0x669d72,88.4615%,6,46,52,46,4,2,0
0x66786f,97.1154%,6,202,208,152,4,2,50
0x926c1a,94.1176%,6,96,102,87,1,5,9
0x5f3f47,71.4286%,6,15,21,13,3,3,2
0x6384ad,97.6654%,6,251,257,0,0,6,251
0x76fc56,85%,6,34,40,34,4,2,0
0x5f5db6,60%,6,9,15,9,2,4,0
0x618d83,99.9132%,6,6910,6916,0,0,6,6910
0xa2e335,99.989%,6,54534,54540,54534,6,0,0
0x64335b,88.4615%,6,46,52,46,4,2,0
0x64c05e,92.5%,6,74,80,74,4,2,0
0x66a602,97.1154%,6,202,208,151,5,1,51
0x686a8b,88.4615%,6,46,52,46,4,2,0
0x5ed215,88.4615%,6,46,52,46,4,2,0
0x76a453,88.4615%,6,46,52,0,0,6,46
0x5e7896,53.8462%,6,7,13,7,5,1,0
0x769a0a,94.2308%,6,98,104,98,2,4,0
0x7cd492,88.4615%,6,46,52,0,0,6,46
0x8a4c0a,62.5%,6,10,16,10,2,4,0
0x669e32,88.4615%,6,46,52,46,4,2,0
0x7e8a10,88.4615%,6,46,52,46,4,2,0
0x639dd3,25%,6,2,8,2,4,2,0
0x645913,99.9423%,6,10394,10400,10394,6,0,0
0x7b0fa7,88.4615%,6,46,52,46,4,2,0
0x64441d,99.9423%,6,10394,10400,7799,1,5,2595
0x95a262,88.4615%,6,46,52,46,4,2,0
0x67ac05,25%,6,2,8,1,5,1,1
0x66f4f2,25%,6,2,8,2,4,2,0
0x618f48,99.9132%,6,6910,6916,6910,6,0,0
0x9ff19f,80%,6,24,30,7,3,3,17
0x757b76,88.8889%,6,48,54,48,4,2,0
0x5f2376,88.4615%,6,46,52,46,4,2,0
0x5f6bb8,99.7076%,6,2046,2052,1020,6,0,1026
0x7d0813,88.4615%,6,46,52,46,4,2,0
0x64592c,99.9423%,6,10394,10400,7797,3,3,2597
0x76d6ac,88.8889%,6,48,54,48,4,2,0
0x66a8a1,97.1154%,6,202,208,153,3,3,49
0x603fd8,86.3636%,6,38,44,26,4,2,12
0x429a44,25%,6,2,8,0,6,0,2
0x5f4f2c,60%,6,9,15,9,2,4,0
0x6043f0,86.3636%,6,38,44,38,6,0,0
0x7563a9,98.4848%,6,390,396,390,6,0,0
0x92c6d6,99.9423%,6,10394,10400,7799,1,5,2595
0x75c3dc,86.3636%,6,38,44,38,4,2,0
0x8c6143,99.9538%,6,12994,13000,12994,6,0,0
0x76b0d4,95.2381%,6,120,126,0,1,5,120
0x5fc9ed,93.1818%,6,82,88,65,1,5,17
0x64555a,88.4615%,6,46,52,46,4,2,0
0x6662b6,88.4615%,6,46,52,46,4,2,0
0x76af62,0%,6,0,6,0,4,2,0
0x404bbc,72.7273%,6,16,22,16,6,0,0
0xa224f5,99.7406%,6,2307,2313,1069,2,4,1238
0x7b3965,88.4615%,6,46,52,46,4,2,0
0x7cf3c3,88%,6,44,50,44,4,2,0
0x76d6e6,88.4615%,6,46,52,46,4,2,0
0x757996,88.4615%,6,46,52,46,4,2,0
0x648c17,25%,6,2,8,2,4,2,0
0x5f396e,84.2105%,6,32,38,32,4,2,0
0x65ed39,99.9423%,6,10394,10400,7797,3,3,2597
0x61705c,88.4615%,6,46,52,46,4,2,0
0xa7a6fe,97.6654%,6,251,257,251,6,0,0
0x7cdc5b,97.1154%,6,202,208,155,1,5,47
0x5f4b80,91.7808%,6,67,73,67,2,4,0
0x6468ff,88.4615%,6,46,52,46,4,2,0
0x7b0a6c,25%,6,2,8,2,4,2,0
0x646f0f,88.4615%,6,46,52,46,4,2,0
0x5fca83,93.1818%,6,82,88,77,3,3,5
0x63bf64,99.9423%,6,10394,10400,0,0,6,10394
0x6325df,96.4286%,6,162,168,162,4,2,0
0x641dbb,88.4615%,6,46,52,46,4,2,0
0x8c165b,71.4286%,6,15,21,10,5,1,5
0x5e61e8,25%,6,2,8,2,4,2,0
0x757966,88.4615%,6,46,52,46,4,2,0
0x5f4078,68.4211%,6,13,19,9,6,0,4
0x9274da,88.8889%,6,48,54,2,2,4,46
0x7afd9d,94.2308%,6,98,104,51,1,5,47
0x631475,97.1154%,6,202,208,153,3,3,49
0x403153,76.9231%,6,20,26,14,6,0,6
0x655223,98.8%,6,494,500,480,0,6,14
0x6314e7,97.1154%,6,202,208,154,2,4,48
0x8c02cc,94%,6,94,100,94,4,2,0
0x63525f,92.5%,6,74,80,74,4,2,0
0x618ee3,99.9132%,6,6910,6916,0,0,6,6910
0x5f3fe8,62.5%,6,10,16,7,4,2,3
0x645bdb,88.4615%,6,46,52,0,0,6,46
0x60610a,76.9231%,6,20,26,19,3,3,1
0x8c160b,95.4198%,6,125,131,28,3,3,97
0x762770,50%,6,6,12,4,2,4,2
0x64cb19,99.85%,6,3994,4000,0,0,6,3994
0x8c537d,98.8%,6,494,500,397,3,3,97
0x66b2c2,97.1154%,6,202,208,155,1,5,47
0x66e572,25%,6,2,8,2,4,2,0
0x772681,25%,6,2,8,2,4,2,0
0x618c44,99.9132%,6,6910,6916,0,0,6,6910
0x640c59,25%,6,2,8,2,4,2,0
0x5ea412,53.8462%,6,7,13,6,2,4,1
0x774739,88.4615%,6,46,52,46,4,2,0
0x688848,88.4615%,6,46,52,46,4,2,0
0x7b1562,88.4615%,6,46,52,46,4,2,0
0x66e192,25%,6,2,8,2,4,2,0
0x63385f,80%,6,24,30,24,4,2,0
0x757027,88.4615%,6,46,52,19,1,5,27
0x75cd1d,88.4615%,6,46,52,46,4,2,0
0x7cdea7,88.4615%,6,46,52,0,0,6,46
0x773941,88.4615%,6,46,52,46,4,2,0
0x6401c9,25%,6,2,8,2,4,2,0
0x5a8d13,99.3151%,6,870,876,870,6,0,0
0x7e8001,88.4615%,6,46,52,46,4,2,0
0x76815d,94.2308%,6,98,104,98,2,4,0
0x663d89,99.7692%,6,2594,2600,2594,4,2,0
0x7732d1,88.4615%,6,46,52,46,4,2,0
0x64eda1,99.9595%,6,14818,14824,14150,2,4,668
0x63a23e,94%,6,94,100,94,4,2,0
0x636201,95.3125%,6,122,128,90,6,0,32
0x8c3a06,99.95%,6,11994,12000,8997,3,3,2997
0x76affc,86.3636%,6,38,44,38,4,2,0
0x76afb5,86.3636%,6,38,44,0,0,6,38
0x76fc32,75%,6,18,24,15,3,3,3
0x7b1454,88.4615%,6,46,52,46,4,2,0
0x6416ce,25%,6,2,8,2,4,2,0
0x95a85c,88.4615%,6,46,52,46,4,2,0
0x66ec16,88.4615%,6,46,52,46,4,2,0
0x76d8b6,86.3636%,6,38,44,38,4,2,0
0x8c39ac,99.95%,6,11994,12000,8997,3,3,2997
0x7b10e3,88.4615%,6,46,52,46,6,0,0
0x64baa4,92.5%,6,74,80,74,4,2,0
0x92984e,99.7714%,6,2619,2625,2498,2,4,121
0x633911,98.125%,6,314,320,240,0,6,74
0x8c3a66,99.8%,6,2994,3000,0,0,6,2994
0x650815,92.5%,6,74,80,74,4,2,0
0x7cde63,88.4615%,6,46,52,0,0,6,46
0x76dfe3,88.0952%,5,37,42,37,3,2,0
0x92be10,95%,5,95,100,0,2,3,95
0x632525,87.5%,5,35,40,35,3,2,0
0x63abf9,37.5%,5,3,8,3,3,2,0
0x66f372,37.5%,5,3,8,3,3,2,0
0x7cddd0,90.3846%,5,47,52,47,3,2,0
0x926c01,64.2857%,5,9,14,9,5,0,0
0x7e67ad,90.3846%,5,47,52,47,3,2,0
0xa39cf7,99.854%,5,3419,3424,3419,5,0,0
0x762d60,88.0952%,5,37,42,37,3,2,0
0x608ed0,91.3793%,5,53,58,0,0,5,53
0x66a3c3,97.5962%,5,203,208,153,3,2,50
0x5e9c3f,90.3846%,5,47,52,47,3,2,0
0xa22827,99.2436%,5,656,661,104,4,1,552
0x927d77,99.843%,5,3179,3184,3179,5,0,0
0x92c592,99.8077%,5,2595,2600,0,0,5,2595
0x620a6e,86.8421%,5,33,38,32,0,5,1
0x66fa18,64.2857%,5,9,14,9,3,2,0
0x635165,90.3846%,5,47,52,47,3,2,0
0x42a4e9,68.75%,5,11,16,11,5,0,0
0x66aea3,90.3846%,5,47,52,47,3,2,0
0x648891,37.5%,5,3,8,3,3,2,0
0x66f195,84.375%,5,27,32,27,3,2,0
0x6350e5,90.3846%,5,47,52,47,3,2,0
0x6668c9,90.7407%,5,49,54,0,0,5,49
0x67a5ae,37.5%,5,3,8,3,3,2,0
0x65a3bd,64.2857%,5,9,14,9,3,2,0
0x7a8f1b,94.7917%,5,91,96,91,1,4,0
0x65c095,97.5962%,5,203,208,154,2,3,49
0x76bbe1,88.0952%,5,37,42,4,5,0,33
0x64b082,90.3846%,5,47,52,47,3,2,0
0x5a636e,90.7407%,5,49,54,49,1,4,0
0x6395a0,95%,5,95,100,95,3,2,0
0x76e731,28.5714%,5,2,7,2,5,0,0
0x8c185c,37.5%,5,3,8,3,3,2,0
0x63a387,95%,5,95,100,95,3,2,0
0x8c0a30,95%,5,95,100,95,3,2,0
0x8c12d3,37.5%,5,3,8,2,4,1,1
0x9fb87b,98.0843%,5,256,261,1,1,4,255
0x7ce24c,90.3846%,5,47,52,47,3,2,0
0x59486f,97.5962%,5,203,208,0,0,5,203
0x7e7bda,90.3846%,5,47,52,47,3,2,0
0x7562a7,98.7374%,5,391,396,0,0,5,391
0x648747,37.5%,5,3,8,3,3,2,0
0x65a74d,93.75%,5,75,80,75,3,2,0
0x644216,99.9519%,5,10395,10400,10395,5,0,0
0x64ae65,90.3846%,5,47,52,47,3,2,0
0x75c645,83.3333%,5,25,30,0,0,5,25
0x666384,90.3846%,5,47,52,47,3,2,0
0x61699c,90.3846%,5,47,52,47,3,2,0
0x63a8f0,37.5%,5,3,8,3,3,2,0
0x42ae8d,79.1667%,5,19,24,15,1,4,4
0x66f492,37.5%,5,3,8,3,3,2,0
0x63ab8a,37.5%,5,3,8,3,3,2,0
0x5e9766,90.7407%,5,49,54,0,0,5,49
0x64c228,93.75%,5,75,80,75,3,2,0
0xa22505,99.5974%,5,1237,1242,1,1,4,1236
0x630fcd,90.3846%,5,47,52,47,3,2,0
0x606050,80.7692%,5,21,26,0,0,5,21
0x8bfcab,95%,5,95,100,95,3,2,0
0x773413,90.3846%,5,47,52,0,0,5,47
0x429f45,95%,5,95,100,0,0,5,95
0x64b3a9,90.3846%,5,47,52,47,3,2,0
0x64f0d9,37.5%,5,3,8,0,0,5,3
0x6f4ae7,90.3846%,5,47,52,47,3,2,0
0x7b1f12,97.5962%,5,203,208,154,2,3,49
0x7bc881,90.3846%,5,47,52,0,0,5,47
0x649ca1,90.3846%,5,47,52,47,3,2,0
0x76f60f,64.2857%,5,9,14,8,5,0,1
0x7cdd81,90.3846%,5,47,52,47,5,0,0
0x659c20,37.5%,5,3,8,3,3,2,0
0x6317ed,72.2222%,5,13,18,13,3,2,0
0xa78410,99.5093%,5,1014,1019,1014,3,2,0
0x631061,97.5962%,5,203,208,154,2,3,49
0x6da38d,68.75%,5,11,16,3,1,4,8
0x641cff,90.3846%,5,47,52,47,3,2,0
0x75f5fe,16.6667%,5,1,6,1,3,2,0
0x6e6b6e,90.3846%,5,47,52,47,3,2,0
0x7cd56c,90.3846%,5,47,52,47,3,2,0
0x669e68,90.3846%,5,47,52,47,3,2,0
0x949f8a,37.5%,5,3,8,3,5,0,0
0x7588ff,82.1429%,5,23,28,0,1,4,23
0x6467cf,90.3846%,5,47,52,47,3,2,0
0x63ca0f,98.0545%,5,252,257,0,2,3,252
0x63a17a,37.5%,5,3,8,2,4,1,1
0x66b392,90.3846%,5,47,52,47,3,2,0
0x6338f8,93.75%,5,75,80,0,0,5,75
0x8bf741,97.5962%,5,203,208,155,1,4,48
0x767633,90.3846%,5,47,52,0,0,5,47
0x76b642,88.6364%,5,39,44,0,0,5,39
0x6487ed,37.5%,5,3,8,1,5,0,2
0x76696b,84.375%,5,27,32,0,0,5,27
0x6488e3,37.5%,5,3,8,2,4,1,1
0x642a1d,90.3846%,5,47,52,47,3,2,0
0x42a258,37.5%,5,3,8,0,2,3,3
0x7cc8a6,96.7949%,5,151,156,0,0,5,151
0xa0ee60,99.9924%,5,65751,65756,65751,5,0,0
0x640b89,37.5%,5,3,8,3,3,2,0
0x64aa82,98.75%,5,395,400,296,4,1,99
0x5ed324,90.3846%,5,47,52,47,3,2,0
0x8bfbbd,95%,5,95,100,0,0,5,95
0x7b45be,90.3846%,5,47,52,47,3,2,0
0x6678eb,90.3846%,5,47,52,47,3,2,0
0x5e769a,61.5385%,5,8,13,0,0,5,8
0x75ccb5,90.3846%,5,47,52,47,3,2,0
0x667389,90.3846%,5,47,52,47,3,2,0
0x64ea96,84.375%,5,27,32,0,0,5,27
0x768408,95.1923%,5,99,104,0,0,5,99
0x7679fd,58.3333%,5,7,12,4,4,1,3
0xa0ed58,99.9589%,5,12166,12171,0,0,5,12166
0x648f36,64.2857%,5,9,14,9,3,2,0
0x7d0716,90.3846%,5,47,52,47,3,2,0
0x7e7593,90.3846%,5,47,52,0,0,5,47
0x65aea1,37.5%,5,3,8,3,3,2,0
0x8c0392,95%,5,95,100,95,3,2,0
0x62102f,86.8421%,5,33,38,0,0,5,33
0x640489,37.5%,5,3,8,2,4,1,1
0x66f3d2,37.5%,5,3,8,3,3,2,0
0x659681,90.3846%,5,47,52,47,3,2,0
0x6338c1,99.8958%,5,4795,4800,3597,3,2,1198
0x5ac65a,99.3261%,5,737,742,737,5,0,0
0x642842,90.3846%,5,47,52,47,3,2,0
0x7cdc6c,90.3846%,5,47,52,47,3,2,0
0x666c13,37.5%,5,3,8,0,0,5,3
0x640679,37.5%,5,3,8,3,3,2,0
0x9fa80d,97.3822%,5,186,191,0,0,5,186
0x5e6e28,97.5%,5,195,200,148,2,3,47
0x5e9f4f,95.1923%,5,99,104,99,1,4,0
0x774c19,90.3846%,5,47,52,47,5,0,0
0x633ede,99.5833%,5,1195,1200,1119,1,4,76
0x75c685,98.4568%,5,319,324,294,0,5,25
0x9ff1a7,83.3333%,5,25,30,16,4,1,9
0x667a6b,90.3846%,5,47,52,47,3,2,0
0x5f310c,72.2222%,5,13,18,8,2,3,5
0x5e889f,61.5385%,5,8,13,7,1,4,1
0x7632fb,88.0952%,5,37,42,0,0,5,37
0x64af22,90.3846%,5,47,52,47,3,2,0
0x7cd690,90.3846%,5,47,52,47,3,2,0
0x643278,90.3846%,5,47,52,47,3,2,0
0x762395,88.6364%,5,39,44,39,3,2,0
0x64dbee,93.75%,5,75,80,75,3,2,0
0x774c60,90.3846%,5,47,52,47,3,2,0
0x63a5e2,37.5%,5,3,8,3,3,2,0
0x598c44,84.375%,5,27,32,15,1,4,12
0x641189,37.5%,5,3,8,3,3,2,0
0x60879b,88.6364%,5,39,44,0,0,5,39
0x6675c9,90.3846%,5,47,52,47,3,2,0
0x6372ef,98.0545%,5,252,257,252,5,0,0
0x667599,90.3846%,5,47,52,47,3,2,0
0x686eab,90.3846%,5,47,52,47,3,2,0
0x5daa66,37.5%,5,3,8,3,3,2,0
0x66e2d2,37.5%,5,3,8,3,3,2,0
0x76ebaf,28.5714%,5,2,7,0,4,1,2
0x59586a,88.0952%,5,37,42,37,3,2,0
0x616df8,90.3846%,5,47,52,47,3,2,0
0x65780d,97.5962%,5,203,208,155,1,4,48
0x59584b,88.0952%,5,37,42,37,5,0,0
0x640ae5,37.5%,5,3,8,3,3,2,0
0x68887d,37.5%,5,3,8,3,3,2,0
0x778155,97.5962%,5,203,208,195,5,0,8
0x6871c3,37.5%,5,3,8,3,5,0,0
0x76e3fd,68.75%,5,11,16,0,0,5,11
0x631481,90.3846%,5,47,52,47,3,2,0
0x6d8850,68.75%,5,11,16,0,4,1,11
0x63171e,37.5%,5,3,8,3,3,2,0
0x7582f8,87.1795%,5,34,39,34,5,0,0
0x686b49,90.3846%,5,47,52,47,5,0,0
0x7619a0,90.7407%,5,49,54,0,1,4,49
0x653411,90.3846%,5,47,52,47,3,2,0
0x653680,97.5962%,5,203,208,156,0,5,47
0x76951b,37.5%,5,3,8,2,2,3,1
0x590bf8,84.375%,5,27,32,20,4,1,7
0x64c5d2,99.875%,5,3995,4000,3995,5,0,0
0x590a6c,84.375%,5,27,32,22,2,3,5
0x757c36,90.3846%,5,47,52,47,3,2,0
0x64d99b,93.75%,5,75,80,75,3,2,0
0x6470cf,90.3846%,5,47,52,47,3,2,0
0x773a7d,90.3846%,5,47,52,47,3,2,0
0x597f0c,37.5%,5,3,8,3,3,2,0
0x9f4f98,98.0843%,5,256,261,256,5,0,0
0x6400f9,37.5%,5,3,8,3,3,2,0
0x763588,88.6364%,5,39,44,39,3,2,0
0x9284d3,99.8968%,5,4842,4847,4842,5,0,0
0xa79f40,99.9927%,5,68778,68783,0,0,5,68778
0x6514cc,87.5%,5,35,40,35,5,0,0
0x76d572,90.3846%,5,47,52,47,3,2,0
0x7b21a2,97.5962%,5,203,208,152,4,1,51
0x6313c7,90.3846%,5,47,52,47,3,2,0
0x5f55ce,93.4211%,5,71,76,71,1,4,0
0x770058,90.3846%,5,47,52,47,3,2,0
0x643830,90.3846%,5,47,52,47,3,2,0
0x64fcbd,93.75%,5,75,80,75,3,2,0
0x75d380,96.4029%,5,134,139,0,0,5,134
0x76f786,64.2857%,5,9,14,1,1,4,8
0x7b0be1,90.3846%,5,47,52,47,3,2,0
0x75f000,88.6364%,5,39,44,39,3,2,0
0x67a15b,37.5%,5,3,8,3,3,2,0
0x7598e6,90.3846%,5,47,52,47,3,2,0
0x5e7028,90.7407%,5,49,54,49,3,2,0
0x5f4407,72.2222%,5,13,18,1,2,3,12
0x65bf04,90.3846%,5,47,52,47,3,2,0
0x5f1e0f,98.2456%,5,280,285,0,3,2,280
0x5e6e46,90%,5,45,50,45,3,2,0
0x5e6877,97.5%,5,195,200,146,4,1,49
0x6662e6,90.3846%,5,47,52,47,3,2,0
0x761c1e,86.8421%,5,33,38,0,1,4,33
0x595915,88.0952%,5,37,42,37,3,2,0
0x616bf9,86.8421%,5,33,38,33,3,2,0
0x756ba9,90.3846%,5,47,52,47,3,2,0
0x65af11,37.5%,5,3,8,1,5,0,2
0x63a52a,37.5%,5,3,8,3,3,2,0
0xa76984,99.9773%,5,21977,21982,21817,1,4,160
0x687e22,90.3846%,5,47,52,47,3,2,0
0x65e02b,99.9519%,5,10395,10400,7798,2,3,2597
0x5f36bb,86.8421%,5,33,38,15,5,0,18
0x7728b2,90.3846%,5,47,52,47,3,2,0
0x603708,68.75%,5,11,16,11,3,2,0
0x5f2ceb,90.7407%,5,49,54,49,3,2,0
0x9e1618,37.5%,5,3,8,0,0,5,3
0x757c06,90.3846%,5,47,52,47,3,2,0
0x631535,90.3846%,5,47,52,47,3,2,0
0x67b0fb,37.5%,5,3,8,3,3,2,0
0x67b6d4,37.5%,5,3,8,3,3,2,0
0x757bd6,90.3846%,5,47,52,47,3,2,0
0x762425,88.0952%,5,37,42,0,0,5,37
0x670310,37.5%,5,3,8,3,3,2,0
0x7579c6,90.3846%,5,47,52,47,3,2,0
0x67b57b,37.5%,5,3,8,3,3,2,0
0x929b09,99.8503%,5,3334,3339,3178,2,3,156
0x76873a,58.3333%,5,7,12,7,5,0,0
0x757b46,90.3846%,5,47,52,47,3,2,0
0x959e05,90.3846%,5,47,52,47,3,2,0
0x64bf9d,93.75%,5,75,80,75,3,2,0
0x6461ef,90.3846%,5,47,52,47,3,2,0
0x67b3fb,37.5%,5,3,8,3,3,2,0
0x65621b,99.963%,5,13510,13515,0,0,5,13510
0x67ac54,37.5%,5,3,8,3,3,2,0
0x64beb5,99.9688%,5,15995,16000,15995,5,0,0
0xa90ecb,99.46%,5,921,926,0,0,5,921
0x7a8d31,95.1923%,5,99,104,3,1,4,96
0x64d2d7,98.75%,5,395,400,395,5,0,0
0x64fb25,93.75%,5,75,80,75,3,2,0
0x64d05d,37.5%,5,3,8,3,3,2,0
0x652437,99.9913%,5,57417,57422,0,0,5,57417
0x5f6159,93.4211%,5,71,76,37,1,4,34
0x6489d9,37.5%,5,3,8,3,3,2,0
0x66efdb,93.75%,5,75,80,75,3,2,0
0x960bdf,99.8503%,5,3334,3339,3180,0,5,154
0x404b55,77.2727%,5,17,22,3,5,0,14
0x617d53,99.8735%,5,3947,3952,0,0,5,3947
0x8c572f,99%,5,495,500,398,2,3,97
0x64883f,37.5%,5,3,8,3,3,2,0
0x63fdb9,37.5%,5,3,8,3,3,2,0
0x66733f,90.3846%,5,47,52,47,3,2,0
0x5f4cfd,90.7407%,5,49,54,49,3,2,0
0x5da53f,37.5%,5,3,8,2,4,1,1
0x761653,88.6364%,5,39,44,39,3,2,0
0x66f612,37.5%,5,3,8,3,3,2,0
0x616946,90.3846%,5,47,52,0,0,5,47
0xa0f24b,99.9529%,5,10620,10625,0,0,5,10620
0x67ad2e,37.5%,5,3,8,3,5,0,0
0x598f2e,50%,5,5,10,3,5,0,2
0x653952,97.5962%,5,203,208,154,2,3,49
0x65fc5b,97.5962%,5,203,208,203,5,0,0
0x75fc7f,90.3846%,5,47,52,47,3,2,0
0x7b3433,90.3846%,5,47,52,47,3,2,0
0xa24a45,99.5215%,5,1040,1045,0,0,5,1040
0x5f3a5c,91.6667%,5,55,60,25,5,0,30
0x76fdd0,95.1923%,5,99,104,99,1,4,0
0xa76907,99.9895%,5,47673,47678,0,0,5,47673
0x7a9666,98.6413%,5,363,368,0,4,1,363
0x665fb5,90.3846%,5,47,52,47,3,2,0
0x640e79,37.5%,5,3,8,3,3,2,0
0x64ccd2,93.75%,5,75,80,75,3,2,0
0x75cac0,37.5%,5,3,8,3,3,2,0
0x89fc5c,37.5%,5,3,8,0,0,5,3
0x5ed153,90.3846%,5,47,52,0,0,5,47
0x6d92f5,68.75%,5,11,16,11,1,4,0
0x65c39e,90.3846%,5,47,52,47,3,2,0
0x63acab,37.5%,5,3,8,3,3,2,0
0x927356,50%,5,5,10,0,1,4,5
0x64152c,37.5%,5,3,8,3,3,2,0
0x63fc79,37.5%,5,3,8,3,3,2,0
0xa79697,98.0545%,5,252,257,79,3,2,173
0x75e583,16.6667%,5,1,6,1,3,2,0
0x66f252,37.5%,5,3,8,2,4,1,1
0x648a7d,37.5%,5,3,8,3,3,2,0
0x666042,90.3846%,5,47,52,47,3,2,0
0x7bd517,87.5%,5,35,40,29,1,4,6
0x64b831,98.75%,5,395,400,395,5,0,0
0x67b385,37.5%,5,3,8,2,4,1,1
0x66f552,37.5%,5,3,8,3,3,2,0
0x667888,90.3846%,5,47,52,47,3,2,0
0x7afe77,90.3846%,5,47,52,47,3,2,0
0x645cd5,90.3846%,5,47,52,47,3,2,0
0x66f15c,97.7679%,5,219,224,0,0,5,219
0xa90c41,90%,5,45,50,29,5,0,16
0x640dc9,37.5%,5,3,8,2,4,1,1
0x663b59,99.8077%,5,2595,2600,2595,3,2,0
0x64d424,37.5%,5,3,8,3,3,2,0
0x778556,97.5%,5,195,200,0,0,5,195
0x5fcc9c,94.3182%,5,83,88,83,5,0,0
0x663cab,97.7679%,5,219,224,219,3,2,0
0x64660f,90.3846%,5,47,52,47,3,2,0
0x64cfb8,93.75%,5,75,80,75,3,2,0
0x66eb12,37.5%,5,3,8,2,4,1,1
0x7a96e0,94.5652%,5,87,92,87,1,4,0
0x65cd86,99.9519%,5,10395,10400,7798,2,3,2597
0x665a82,90.3846%,5,47,52,47,3,2,0
0x5eca81,90.3846%,5,47,52,47,3,2,0
0x66996b,97.5962%,5,203,208,203,5,0,0
0x7a9181,68.75%,5,11,16,9,3,2,2
0x63fe59,37.5%,5,3,8,3,3,2,0
0x635c91,98.75%,5,395,400,298,2,3,97
0x64df65,95%,5,95,100,95,3,2,0
0xa30524,99.9908%,5,54535,54540,0,0,5,54535
0x7a9d68,68.75%,5,11,16,9,3,2,2
0x651438,37.5%,5,3,8,2,4,1,1
0x666102,90.3846%,5,47,52,47,3,2,0
0x63ac4d,37.5%,5,3,8,3,3,2,0
0x65eaec,99.9519%,5,10395,10400,7800,0,5,2595
0x7a9fd2,95%,5,95,100,0,0,5,95
0x5e8e51,85.7143%,5,30,35,30,5,0,0
0xa7a647,99.0347%,5,513,518,254,3,2,259
0x67abfd,37.5%,5,3,8,3,5,0,0
0x64bdae,93.75%,5,75,80,75,3,2,0
0x7692dc,58.3333%,5,7,12,7,1,4,0
0x7e88ef,90.3846%,5,47,52,47,3,2,0
0x666162,90.3846%,5,47,52,47,3,2,0
0x667bb3,97.5962%,5,203,208,203,5,0,0
0x63130d,90.3846%,5,47,52,47,3,2,0
0x5d3c80,93.9024%,5,77,82,77,5,0,0
0x6660a2,90.3846%,5,47,52,47,3,2,0
0x42a817,88.0952%,5,37,42,0,0,5,37
0x5e8f12,37.5%,5,3,8,3,3,2,0
0x64d00d,37.5%,5,3,8,3,3,2,0
0x5e7f71,87.1795%,5,34,39,34,5,0,0
0x64c8fe,37.5%,5,3,8,2,4,1,1
0x6486fe,37.5%,5,3,8,2,4,1,1
0x7aa06d,95%,5,95,100,95,1,4,0
0x6544e9,99.9531%,4,8517,8521,0,0,4,8517
0x7cd9bc,92.3077%,4,48,52,48,2,2,0
0x767c7e,50%,4,4,8,1,3,1,3
0x640029,50%,4,4,8,4,2,2,0
0x6500ad,95%,4,76,80,76,2,2,0
0x645c25,92.3077%,4,48,52,48,2,2,0
0x67a57e,50%,4,4,8,3,3,1,1
0x67ac7b,50%,4,4,8,4,2,2,0
0x639431,96%,4,96,100,96,2,2,0
0xa2bc10,0%,4,0,4,0,0,4,0
0xa3a3b0,0%,4,0,4,0,1,3,0
0x658ac3,92.3077%,4,48,52,0,0,4,48
0x949f74,50%,4,4,8,4,4,0,0
0x67b4fd,50%,4,4,8,4,4,0,0
0x757ae6,92.3077%,4,48,52,48,2,2,0
0x67ad44,50%,4,4,8,4,2,2,0
0x92c620,98.9556%,4,379,383,0,0,4,379
0x655c34,99.9962%,4,106440,106444,53219,3,1,53221
0x67b4c4,50%,4,4,8,3,3,1,1
0xa78555,99.9501%,4,8020,8024,0,0,4,8020
0x766a44,66.6667%,4,8,12,0,0,4,8
0x67ad85,50%,4,4,8,4,2,2,0
0x66b552,98.0769%,4,204,208,153,3,1,51
0xa230d3,99.0244%,4,406,410,33,1,3,373
0x7cf0dc,92.3077%,4,48,52,48,2,2,0
0xa24423,99.6779%,4,1238,1242,1,1,3,1237
0x8c11e6,71.4286%,4,10,14,10,2,2,0
0x659940,92.3077%,4,48,52,48,2,2,0
0x5ea00e,50%,4,4,8,4,2,2,0
0x926e28,92%,4,46,50,46,2,2,0
0x5e75af,50%,4,4,8,3,3,1,1
0x76fe38,50%,4,4,8,1,3,1,3
0x67aafc,50%,4,4,8,4,2,2,0
0x67b49e,50%,4,4,8,4,4,0,0
0x608907,90.9091%,4,40,44,40,2,2,0
0x8a87f1,60%,4,6,10,6,2,2,0
0xa38bd6,33.3333%,4,2,6,1,2,2,1
0x92703f,92.5926%,4,50,54,0,0,4,50
0x6475e2,96%,4,96,100,96,2,2,0
0x7b1170,92.3077%,4,48,52,48,2,2,0
0x66ebdc,99.8462%,4,2596,2600,0,0,4,2596
0x648b73,50%,4,4,8,4,2,2,0
0x75d244,97.7273%,4,172,176,0,2,2,172
0x67b554,50%,4,4,8,4,2,2,0
0x7aaa15,92.3077%,4,48,52,48,2,2,0
0x67b644,50%,4,4,8,4,2,2,0
0x63a9f3,99%,4,396,400,396,2,2,0
0x8a88fe,60%,4,6,10,0,0,4,6
0x65564f,99.9852%,4,27026,27030,13513,2,2,13513
0x67b1fd,50%,4,4,8,4,4,0,0
0x6397c6,50%,4,4,8,4,2,2,0
0x76d614,92.3077%,4,48,52,48,2,2,0
0x7e88b4,92.3077%,4,48,52,48,2,2,0
0x67b3d4,50%,4,4,8,4,2,2,0
0x64879b,50%,4,4,8,3,3,1,1
0x7aa2fd,50%,4,4,8,4,2,2,0
0x65c4c3,92.3077%,4,48,52,48,2,2,0
0x76cf19,92.3077%,4,48,52,48,2,2,0
0x5ea481,50%,4,4,8,4,2,2,0
0x63fb39,50%,4,4,8,2,4,0,2
0x67af7b,50%,4,4,8,4,2,2,0
0x75fb8a,33.3333%,4,2,6,2,2,2,0
0x67b505,50%,4,4,8,3,3,1,1
0x646d88,99.8462%,4,2596,2600,0,0,4,2596
0x646ddf,92.3077%,4,48,52,48,2,2,0
0x5fca4b,95.4545%,4,84,88,76,4,0,8
0x646c14,92.3077%,4,48,52,48,2,2,0
0x63aa65,50%,4,4,8,4,2,2,0
0x63534c,95%,4,76,80,76,2,2,0
0x63fbd9,50%,4,4,8,4,2,2,0
0x758928,98.0769%,4,204,208,0,0,4,204
0x634b41,99.8%,4,1996,2000,1498,2,2,498
0x7e7281,33.3333%,4,2,6,2,2,2,0
0x63806f,98.4436%,4,253,257,0,0,4,253
0x66e6d7,95%,4,76,80,76,2,2,0
0x5f42ab,85.7143%,4,24,28,4,2,2,20
0x75c006,97.5904%,4,162,166,0,0,4,162
0x7b3482,92.3077%,4,48,52,48,2,2,0
0x757a93,92.3077%,4,48,52,0,0,4,48
0x635c5d,96%,4,96,100,96,2,2,0
0x65eecd,96%,4,96,100,0,0,4,96
0x66ea92,50%,4,4,8,4,2,2,0
0x59588f,90.4762%,4,38,42,38,4,0,0
0x6392a7,33.3333%,4,2,6,0,2,2,2
0x4a4a1a,80%,4,16,20,16,4,0,0
0x644285,92.3077%,4,48,52,48,2,2,0
0x641a84,50%,4,4,8,4,2,2,0
0x9f7d9f,50%,4,4,8,0,0,4,4
0x67a0c5,50%,4,4,8,3,3,1,1
0x9ff0fd,99.6337%,4,1088,1092,1088,4,0,0
0x64ab02,99%,4,396,400,298,2,2,98
0x75ebd1,90.4762%,4,38,42,38,2,2,0
0x6417b4,50%,4,4,8,3,3,1,1
0x659521,92.3077%,4,48,52,48,2,2,0
0x76d746,92.3077%,4,48,52,48,2,2,0
0x65d7e1,99.9615%,4,10396,10400,7800,0,4,2596
0x657d44,92.3077%,4,48,52,48,2,2,0
0x64aa42,99%,4,396,400,298,2,2,98
0x643ee5,92.3077%,4,48,52,48,2,2,0
0x765dbd,95.8333%,4,92,96,0,0,4,92
0x64d89e,33.3333%,4,2,6,1,3,1,1
0x92cbab,99.9615%,4,10396,10400,7799,1,3,2597
0x7cba04,92.3077%,4,48,52,0,0,4,48
0x9e0957,99.4667%,4,746,750,0,2,2,746
0x6821a4,92.3077%,4,48,52,48,4,0,0
0x682223,92.3077%,4,48,52,48,2,2,0
0x6405c9,50%,4,4,8,4,2,2,0
0x642c42,92.3077%,4,48,52,48,2,2,0
0x63a472,50%,4,4,8,4,2,2,0
0x9fb7f0,98.4674%,4,257,261,257,4,0,0
0x9ff013,99.7253%,4,1452,1456,0,0,4,1452
0x60845a,77.7778%,4,14,18,0,0,4,14
0x7cf357,92.3077%,4,48,52,48,2,2,0
0x5ea1be,92.3077%,4,48,52,48,2,2,0
0x667111,92.3077%,4,48,52,48,2,2,0
0x66003a,92.3077%,4,48,52,48,2,2,0
0x619f2c,81.8182%,4,18,22,18,2,2,0
0x769590,0%,4,0,4,0,0,4,0
0x6da354,0%,4,0,4,0,2,2,0
0x59596a,90.4762%,4,38,42,38,4,0,0
0x7edd6b,92.3077%,4,48,52,48,2,2,0
0x63d005,50%,4,4,8,0,0,4,4
0x7e7fba,92.3077%,4,48,52,48,4,0,0
0x64d20f,99%,4,396,400,0,0,4,396
0x67aa1e,50%,4,4,8,4,4,0,0
0x604f32,90.9091%,4,40,44,40,4,0,0
0x5eced9,96.1538%,4,100,104,48,4,0,52
0x603cc6,90.9091%,4,40,44,40,4,0,0
0x67af54,50%,4,4,8,4,2,2,0
0x769250,66.6667%,4,8,12,6,4,0,2
0x66e3f2,50%,4,4,8,4,2,2,0
0x5f61f7,94.7368%,4,72,76,72,4,0,0
0xa0eea9,99.9939%,4,65752,65756,58319,1,3,7433
0x429b65,95.8333%,4,92,96,92,2,2,0
0x8c16a8,98.6207%,4,286,290,0,0,4,286
0x7739a3,92.3077%,4,48,52,0,0,4,48
0x5f6cb3,99.8051%,4,2048,2052,1022,4,0,1026
0x66edd3,99.9615%,4,10396,10400,7797,3,1,2599
0x63165e,50%,4,4,8,4,2,2,0
0x663755,95%,4,76,80,76,2,2,0
0x7d05a5,92.3077%,4,48,52,48,2,2,0
0x6448df,92.3077%,4,48,52,48,2,2,0
0x7b281d,92.3077%,4,48,52,48,2,2,0
0x64ce72,95%,4,76,80,76,2,2,0
0x649123,71.4286%,4,10,14,10,2,2,0
0x65abd1,50%,4,4,8,4,2,2,0
0xa43c29,99.9624%,4,10621,10625,0,0,4,10621
0x6da657,50%,4,4,8,4,2,2,0
0x64fc54,92.3077%,4,48,52,48,2,2,0
0x7cf1d2,92.3077%,4,48,52,48,2,2,0
0x8a7ca5,60%,4,6,10,0,0,4,6
0x6595d1,92.3077%,4,48,52,48,2,2,0
0x632d47,99.9829%,4,23396,23400,0,0,4,23396
0x633951,87.5%,4,28,32,23,1,3,5
0x8bf223,96%,4,96,100,96,4,0,0
0x66edbc,99.8462%,4,2596,2600,0,0,4,2596
0x6338a8,99.6667%,4,1196,1200,0,0,4,1196
0x76dc65,90.9091%,4,40,44,40,2,2,0
0x63ad05,50%,4,4,8,4,2,2,0
0x5ed051,92.3077%,4,48,52,48,2,2,0
0x7e886f,92.3077%,4,48,52,48,2,2,0
0xa22643,99.6689%,4,1204,1208,1204,2,2,0
0xa76199,99.9185%,4,4901,4905,0,0,4,4901
0x597e52,80%,4,16,20,14,4,0,2
0x639ef8,50%,4,4,8,4,2,2,0
0x644f8f,92.3077%,4,48,52,48,2,2,0
0x7cd092,92.3077%,4,48,52,48,2,2,0
0x928676,97.4843%,4,155,159,155,4,0,0
0x645962,92.3077%,4,48,52,48,2,2,0
0x9fb4e8,98.4674%,4,257,261,4,0,4,253
0x6431c2,99.8462%,4,2596,2600,0,0,4,2596
0x665af2,92.3077%,4,48,52,48,2,2,0
0x5fced2,95.4545%,4,84,88,84,4,0,0
0x7e7789,33.3333%,4,2,6,2,2,2,0
0x6507e8,95%,4,76,80,0,0,4,76
0x66e153,50%,4,4,8,4,2,2,0
0x64d966,99.6667%,4,1196,1200,0,0,4,1196
0x7a9e52,96%,4,96,100,0,0,4,96
0x7b403e,92.3077%,4,48,52,48,2,2,0
0x598e36,0%,4,0,4,0,4,0,0
0x64e08e,60%,4,6,10,6,2,2,0
0x75ccef,92.3077%,4,48,52,48,2,2,0
0x60346e,75%,4,12,16,0,2,2,12
0x89fabd,50%,4,4,8,4,2,2,0
0x75cb60,92.3077%,4,48,52,48,2,2,0
0xa79f37,99.9942%,4,68779,68783,0,0,4,68779
0x643686,92.3077%,4,48,52,48,2,2,0
0x92a51a,98.9041%,4,361,365,356,1,3,5
0x75cf49,90.9091%,4,40,44,40,2,2,0
0x666363,92.3077%,4,48,52,0,0,4,48
0x7a919a,75%,4,12,16,9,3,1,3
0x598f99,92.3077%,4,48,52,48,2,2,0
0x7a900e,75%,4,12,16,0,0,4,12
0x7b33a2,92.3077%,4,48,52,48,2,2,0
0x8c3b73,99.2%,4,496,500,496,4,0,0
0x75e297,33.3333%,4,2,6,2,2,2,0
0x66ae93,98.0769%,4,204,208,155,1,3,49
0x6637c7,92.3077%,4,48,52,48,2,2,0
0x663817,92.3077%,4,48,52,48,2,2,0
0x5e89ff,69.2308%,4,9,13,0,0,4,9
0x65aae8,87.5%,4,28,32,0,0,4,28
0x666132,92.3077%,4,48,52,48,2,2,0
0x647202,92.3077%,4,48,52,48,2,2,0
0x7aa370,92%,4,46,50,0,0,4,46
0x5e79f6,69.2308%,4,9,13,0,0,4,9
0x640d09,50%,4,4,8,4,2,2,0
0x64b410,50%,4,4,8,4,2,2,0
0x67a1eb,50%,4,4,8,4,2,2,0
0x7627bf,33.3333%,4,2,6,2,0,4,0
0x5e840b,98.6755%,4,298,302,0,0,4,298
0x652582,99.9851%,4,26843,26847,0,0,4,26843
0x76a528,96.1538%,4,100,104,49,3,1,51
0xa796a3,97.7143%,4,171,175,171,2,2,0
0x65a44c,50%,4,4,8,4,2,2,0
0x75c268,97.5904%,4,162,166,9,2,2,153
0x66f994,71.4286%,4,10,14,0,0,4,10
0x7b27c2,92.3077%,4,48,52,48,2,2,0
0x6396b6,50%,4,4,8,4,2,2,0
0x7b29c7,92.3077%,4,48,52,48,2,2,0
0x75bbb0,90.9091%,4,40,44,0,0,4,40
0x76ca89,33.3333%,4,2,6,2,2,2,0
0x64cd74,95%,4,76,80,76,2,2,0
0x594879,98.0769%,4,204,208,204,4,0,0
0x648e6f,92.8571%,4,52,56,40,2,2,12
0x766322,66.6667%,4,8,12,5,3,1,3
0x5ed280,92.3077%,4,48,52,0,0,4,48
0x42ae98,50%,4,4,8,4,4,0,0
0x5939f4,50%,4,4,8,4,4,0,0
0x75d6c4,50%,4,4,8,4,2,2,0
0x5e9d12,96.1538%,4,100,104,0,0,4,100
0x403292,84.6154%,4,22,26,2,4,0,20
0x92b0ba,96%,4,96,100,96,2,2,0
0x598d19,92.3077%,4,48,52,48,2,2,0
0x64342b,92.3077%,4,48,52,48,2,2,0
0x64c303,99%,4,396,400,0,0,4,396
0x650464,92.3077%,4,48,52,48,2,2,0
0x66601b,50%,4,4,8,3,3,1,1
0x9f8110,97.9058%,4,187,191,0,0,4,187
0x75f976,77.7778%,4,14,18,14,2,2,0
0x9fa965,99.9717%,4,14152,14156,14152,4,0,0
0x669f04,92.3077%,4,48,52,48,2,2,0
0x9f5e00,99.5825%,4,954,958,954,4,0,0
0x66ea12,50%,4,4,8,4,2,2,0
0x67a53c,50%,4,4,8,4,4,0,0
0x42a291,50%,4,4,8,4,2,2,0
0x6661f2,92.3077%,4,48,52,48,2,2,0
0x6640cd,71.4286%,4,10,14,9,3,1,1
0x76fb48,42.8571%,4,3,7,0,1,3,3
0x659890,92.3077%,4,48,52,48,2,2,0
0x757ba6,92.5926%,4,50,54,50,2,2,0
0xa79efc,99.9942%,4,68779,68783,0,0,4,68779
0x7aa1e9,92.3077%,4,48,52,48,2,2,0
0x7b449e,92.3077%,4,48,52,48,2,2,0
0x7aa0f1,92.5926%,4,50,54,50,2,2,0
0x666072,92.3077%,4,48,52,48,2,2,0
0xa79f45,99.9942%,4,68779,68783,0,0,4,68779
0x648b21,50%,4,4,8,4,2,2,0
0x67a60e,50%,4,4,8,4,2,2,0
0x666203,92.3077%,4,48,52,0,0,4,48
0x666222,92.3077%,4,48,52,48,2,2,0
0x666252,92.3077%,4,48,52,48,2,2,0
0x755cb7,92.3077%,4,48,52,0,0,4,48
0x64199e,50%,4,4,8,4,2,2,0
0x4030cc,84.6154%,4,22,26,6,0,4,16
0x66b612,98.0769%,4,204,208,155,1,3,49
0x66f732,50%,4,4,8,4,2,2,0
0x66631f,92.3077%,4,48,52,48,2,2,0
0x66634f,92.3077%,4,48,52,48,2,2,0
0x6409a9,50%,4,4,8,3,3,1,1
0x67b31e,50%,4,4,8,4,4,0,0
0x63163e,50%,4,4,8,4,2,2,0
0x66f6d2,50%,4,4,8,3,3,1,1
0x755e99,98.0769%,4,204,208,0,0,4,204
0x669da2,92.3077%,4,48,52,48,2,2,0
0x76037c,92.3077%,4,48,52,48,2,2,0
0x7cc09e,92.3077%,4,48,52,48,4,0,0
0x65bef5,98.0769%,4,204,208,156,0,4,48
0x67a5de,50%,4,4,8,4,2,2,0
0x5f3d2e,63.6364%,4,7,11,2,3,1,5
0x5e4ecb,89.4737%,4,34,38,0,0,4,34
0x6415dc,50%,4,4,8,4,2,2,0
0x5ea3ef,69.2308%,4,9,13,1,0,4,8
0x640859,50%,4,4,8,4,2,2,0
0x5f4454,33.3333%,4,2,6,1,2,2,1
0x7563e2,94.2857%,4,66,70,0,0,4,66
0x66f7f2,50%,4,4,8,4,2,2,0
0x66f792,50%,4,4,8,4,2,2,0
0x6f4d2e,92.3077%,4,48,52,48,2,2,0
0x8c4bd3,99.8462%,4,2596,2600,0,0,4,2596
0x5f4c8b,92.5926%,4,50,54,0,0,4,50
0x66f432,50%,4,4,8,4,2,2,0
0x960f13,99.8476%,4,2621,2625,2498,2,2,123
0x67a001,50%,4,4,8,3,3,1,1
0x5f4dfb,0%,4,0,4,0,0,4,0
0x7b1393,92.3077%,4,48,52,0,0,4,48
0x7b03af,92.3077%,4,48,52,48,2,2,0
0x7cbde9,92.3077%,4,48,52,48,2,2,0
0x67a408,95%,4,76,80,0,0,4,76
0x656a93,90%,4,36,40,36,2,2,0
0x686efa,92.3077%,4,48,52,48,2,2,0
0x761366,33.3333%,4,2,6,2,2,2,0
0x7578c6,92.3077%,4,48,52,48,2,2,0
0x67a963,50%,4,4,8,2,4,0,2
0x665b52,92.3077%,4,48,52,48,2,2,0
0x67b685,50%,4,4,8,4,2,2,0
0x7b4241,92.3077%,4,48,52,48,2,2,0
0x67a4eb,99.6667%,4,1196,1200,1196,2,2,0
0x6476a2,96%,4,96,100,96,2,2,0
0x760b58,90.9091%,4,40,44,40,2,2,0
0x640909,50%,4,4,8,4,2,2,0
0x659474,92.3077%,4,48,52,48,2,2,0
0x63ad99,50%,4,4,8,3,3,1,1
0x7b0dbb,92.3077%,4,48,52,48,2,2,0
0x7b0d16,92.3077%,4,48,52,0,0,4,48
0x5dad5e,92.3077%,4,48,52,48,2,2,0
0x66e332,50%,4,4,8,3,3,1,1
0xa76a61,99.8783%,4,3282,3286,0,0,4,3282
0x66e212,50%,4,4,8,4,2,2,0
0x8c33e5,99%,4,396,400,297,3,1,99
0x7693db,96.1538%,4,100,104,100,4,0,0
0x63a91f,50%,4,4,8,4,2,2,0
0x5f42cf,73.3333%,4,11,15,0,0,4,11
0x76bbf1,90.4762%,4,38,42,0,0,4,38
0x5da411,92.3077%,4,48,52,0,0,4,48
0x5da492,92.3077%,4,48,52,48,2,2,0
0x8c3b21,99.2%,4,496,500,0,0,4,496
0x959fc5,92.3077%,4,48,52,48,2,2,0
0x635c1e,50%,4,4,8,3,3,1,1
0x75d6a8,50%,4,4,8,4,4,0,0
0x7aa68d,92.3077%,4,48,52,48,2,2,0
0x5e69b7,99.68%,4,1246,1250,0,0,4,1246
0x761c01,55.5556%,4,5,9,2,2,2,3
0xa3942e,99.9861%,4,28842,28846,28842,4,0,0
0x66e272,50%,4,4,8,4,2,2,0
0x663a49,99.6667%,4,1196,1200,1196,2,2,0
0x75d5ba,60%,4,6,10,6,2,2,0
0x640529,50%,4,4,8,4,2,2,0
0x7b0e1d,92.3077%,4,48,52,48,2,2,0
0x66f672,50%,4,4,8,3,3,1,1
0x5f4e64,73.3333%,4,11,15,8,3,1,3
0x66f312,50%,4,4,8,4,2,2,0
0x686b90,92.3077%,4,48,52,48,2,2,0
0x6311fd,92.3077%,4,48,52,48,2,2,0
0x6312c1,98.0769%,4,204,208,153,3,1,51
0x64d50f,50%,4,4,8,4,2,2,0
0x65858d,99.9953%,4,85172,85176,63879,3,1,21293
0x7aaeb0,92.3077%,4,48,52,48,2,2,0
0x5f7430,99.6101%,4,1022,1026,0,0,4,1022
0x66ea52,50%,4,4,8,4,2,2,0
0x631443,92.3077%,4,48,52,48,2,2,0
0x76aeeb,33.3333%,4,2,6,1,3,1,1
0x6314f3,92.3077%,4,48,52,48,2,2,0
0x8c17a4,50%,4,4,8,1,1,3,3
0x67b87b,50%,4,4,8,4,2,2,0
0x590b6e,87.5%,4,28,32,0,0,4,28
0x75cd7a,90.9091%,4,40,44,0,0,4,40
0x67a68c,99.9167%,4,4796,4800,4796,4,0,0
0x64e646,50%,4,4,8,2,4,0,2
0x66e4b2,50%,4,4,8,4,2,2,0
0x66e452,50%,4,4,8,4,2,2,0
0x66a79c,92.3077%,4,48,52,0,0,4,48
0x928883,99.9147%,4,4684,4688,1214,2,2,3470
0x648acf,50%,4,4,8,4,2,2,0
0x631405,92.3077%,4,48,52,48,2,2,0
0x8c479c,99.9692%,4,12996,13000,0,0,4,12996
0x6316be,50%,4,4,8,4,2,2,0
0x8bfadf,50%,4,4,8,3,3,1,1
0x640ff9,50%,4,4,8,4,2,2,0
0x648935,50%,4,4,8,4,2,2,0
0x76fc9f,92.3077%,4,48,52,48,2,2,0
0x949fdb,50%,4,4,8,4,4,0,0
0x67b0d4,50%,4,4,8,4,2,2,0
0x6398d6,50%,4,4,8,3,3,1,1
0x9f80cf,97.9058%,4,187,191,187,4,0,0
0x648bcd,50%,4,4,8,3,3,1,1
0x6418ad,50%,4,4,8,3,3,1,1
0x66a492,92.3077%,4,48,52,48,2,2,0
0x66a533,98.0769%,4,204,208,155,1,3,49
0x75fa05,33.3333%,4,2,6,1,3,1,1
0x641daf,98.0769%,4,204,208,153,3,1,51
0x630f51,75%,4,12,16,12,2,2,0
0x65af81,50%,4,4,8,4,2,2,0
0x66a6d2,92.3077%,4,48,52,48,2,2,0
0x773318,92.3077%,4,48,52,48,2,2,0
0x76a238,92.3077%,4,48,52,48,4,0,0
0x644d83,92.3077%,4,48,52,0,0,4,48
0x66a7b1,98.0769%,4,204,208,154,2,2,50
0x669d42,92.3077%,4,48,52,48,2,2,0
0x75e768,90.4762%,4,38,42,38,4,0,0
0x640a49,50%,4,4,8,4,2,2,0
0x95a632,92.3077%,4,48,52,48,2,2,0
0x8beea1,98.0769%,4,204,208,0,0,4,204
0x76b8be,90.9091%,4,40,44,40,2,2,0
0x66eeeb,95%,4,76,80,76,2,2,0
0x640279,50%,4,4,8,4,2,2,0
0x63169e,50%,4,4,8,4,2,2,0
0x65a296,71.4286%,4,10,14,10,2,2,0
0x67a8d6,50%,4,4,8,4,2,2,0
0x65b0ac,50%,4,4,8,4,2,2,0
0x631767,99.1453%,4,464,468,0,0,4,464
0x63161e,50%,4,4,8,4,2,2,0
0x5ed462,92.3077%,4,48,52,48,2,2,0
0x632459,90%,4,36,40,36,2,2,0
0x63185d,92.3077%,4,48,52,48,2,2,0
0x65845c,99.9953%,4,85172,85176,63881,1,3,21291
0x7b32a1,92.3077%,4,48,52,48,2,2,0
0x6314bc,92.3077%,4,48,52,48,2,2,0
0x95a779,92.3077%,4,48,52,48,2,2,0
0x686ae3,92.3077%,4,48,52,0,0,4,48
0x772513,50%,4,4,8,4,2,2,0
0x8c73ec,99.2%,4,496,500,496,2,2,0
0x761c2c,89.1892%,4,33,37,31,1,3,2
0x7634c6,90.9091%,4,40,44,0,0,4,40
0x95a824,92.3077%,4,48,52,48,2,2,0
0x7629b5,90.4762%,4,38,42,37,3,1,1
0x655734,99.9704%,4,13511,13515,0,0,4,13511
0x5f75f9,89.4737%,4,34,38,34,2,2,0
0x77468a,92.3077%,4,48,52,48,2,2,0
0x63bc46,98.0769%,4,204,208,0,0,4,204
0x66b6e2,92.3077%,4,48,52,48,2,2,0
0x4073d7,88.8889%,4,32,36,32,4,0,0
0x75f17c,73.3333%,4,11,15,2,4,0,9
0x66b092,92.3077%,4,48,52,48,2,2,0
0x6675f1,92.3077%,4,48,52,48,2,2,0
0x67aec4,50%,4,4,8,4,2,2,0
0x76ccdb,90.9091%,4,40,44,40,2,2,0
0x63106d,92.3077%,4,48,52,48,2,2,0
0x7e63a3,33.3333%,4,2,6,2,2,2,0
0x641c3f,92.3077%,4,48,52,48,2,2,0
0x95ab10,92.3077%,4,48,52,48,2,2,0
0x6676f8,92.3077%,4,48,52,48,2,2,0
0x66b212,92.3077%,4,48,52,48,2,2,0
0x7ce140,92.3077%,4,48,52,48,2,2,0
0x643973,92.3077%,4,48,52,48,2,2,0
0x65ad61,50%,4,4,8,4,2,2,0
0x63ad55,50%,4,4,8,4,2,2,0
0x6597e0,92.3077%,4,48,52,48,2,2,0
0x5fcc28,95.4545%,4,84,88,71,3,1,13
0x66b2d2,92.3077%,4,48,52,48,2,2,0
0x63110d,92.3077%,4,48,52,48,2,2,0
0x66a6c2,98.0769%,4,204,208,154,2,2,50
0x64d85e,50%,4,4,8,3,3,1,1
0x666f0e,50%,4,4,8,4,2,2,0
0x95a135,92.3077%,4,48,52,48,2,2,0
0x65084e,95%,4,76,80,76,2,2,0
0x667a08,92.3077%,4,48,52,48,2,2,0
0x8c4fc3,99.8462%,4,2596,2600,0,0,4,2596
0x778f03,98.0769%,4,204,208,0,0,4,204
0x63fa89,50%,4,4,8,3,3,1,1
0x9fb5c1,98.4674%,4,257,261,257,4,0,0
0x7cdd76,92.3077%,4,48,52,0,0,4,48
0x64d623,87.5%,4,28,32,28,4,0,0
0x76332c,96.8254%,4,122,126,0,0,4,122
0x64e382,60%,4,6,10,0,0,4,6
0x65141c,87.5%,4,28,32,28,4,0,0
0x5ed57f,92.3077%,4,48,52,48,4,0,0
0x7613a4,90.4762%,4,38,42,0,0,4,38
0x75959a,98.0769%,4,204,208,204,3,1,0
0xa227f7,99.7199%,3,1068,1071,11,1,2,1057
0xa3882f,99.9969%,3,96916,96919,0,0,3,96916
0x644dcf,94.2308%,3,49,52,49,1,2,0
0x7d06a7,94.2308%,3,49,52,49,1,2,0
0x643dd5,94.2308%,3,49,52,49,3,0,0
0x7b0d54,94.2308%,3,49,52,0,0,3,49
0x8bf3f6,99.9712%,3,10397,10400,10397,3,0,0
0x64f216,99.9908%,3,32637,32640,0,0,3,32637
0x5e83f1,99.0066%,3,299,302,299,3,0,0
0x7a9891,97%,3,97,100,0,0,3,97
0x648a2b,62.5%,3,5,8,4,2,1,1
0x66e627,96.25%,3,77,80,77,1,2,0
0x645836,94.2308%,3,49,52,49,1,2,0
0x67b085,62.5%,3,5,8,5,1,2,0
0x757818,94.2308%,3,49,52,49,1,2,0
0x7618cc,50%,3,3,6,2,2,1,1
0x9e1582,96.875%,3,93,96,93,3,0,0
0x65ab5c,90.625%,3,29,32,29,1,2,0
0x67a54e,62.5%,3,5,8,5,1,2,0
0x64531e,97.1963%,3,104,107,0,0,3,104
0x659a8f,94.2308%,3,49,52,49,1,2,0
0x7b2432,94.2308%,3,49,52,49,1,2,0
0x597e4c,62.5%,3,5,8,5,1,2,0
0x6457b4,99.9712%,3,10397,10400,10397,3,0,0
0x75d764,62.5%,3,5,8,4,2,1,1
0x6435db,94.2308%,3,49,52,49,1,2,0
0x593dec,98.5577%,3,205,208,0,0,3,205
0x757a26,94.2308%,3,49,52,49,1,2,0
0x8c32ac,97%,3,97,100,97,3,0,0
0x639a56,97%,3,97,100,97,1,2,0
0x6870c2,25%,3,1,4,1,1,2,0
0x643c4f,94.2308%,3,49,52,0,0,3,49
0x7cd7b0,94.2308%,3,49,52,49,1,2,0
0x5f6d6d,99.718%,3,1061,1064,0,0,3,1061
0x8bf9d1,94.2308%,3,49,52,49,1,2,0
0x64fd05,96.25%,3,77,80,77,1,2,0
0x760f29,50%,3,3,6,1,3,0,2
0x959fa8,94.2308%,3,49,52,0,0,3,49
0xa0efef,99.923%,3,3891,3894,0,0,3,3891
0x67b1c4,62.5%,3,5,8,5,1,2,0
0x639e88,62.5%,3,5,8,0,1,2,5
0x67b205,62.5%,3,5,8,5,1,2,0
0x6871fa,62.5%,3,5,8,5,1,2,0
0x760c6d,50%,3,3,6,3,1,2,0
0x5f4438,86.3636%,3,19,22,16,0,3,3
0x65b6a3,94.2308%,3,49,52,0,0,3,49
0x6407b9,62.5%,3,5,8,4,2,1,1
0x777f84,98.5577%,3,205,208,0,0,3,205
0x5e6eee,62.5%,3,5,8,5,1,2,0
0x76d666,94.2308%,3,49,52,49,1,2,0
0x9285e3,99.9381%,3,4844,4847,4844,3,0,0
0x407444,91.6667%,3,33,36,33,3,0,0
0x778e3b,90.625%,3,29,32,29,3,0,0
0x7e6781,94.2308%,3,49,52,49,1,2,0
0x665ad3,94.2308%,3,49,52,0,0,3,49
0x67b044,62.5%,3,5,8,5,1,2,0
0x67b01e,62.5%,3,5,8,5,3,0,0
0x76506f,25%,3,1,4,1,1,2,0
0x76bc92,50%,3,3,6,3,1,2,0
0x67b4ae,62.5%,3,5,8,5,3,0,0
0x42a4bd,87.5%,3,21,24,0,0,3,21
0x639fd9,62.5%,3,5,8,5,1,2,0
0x5f23cf,94.4444%,3,51,54,51,1,2,0
0x9f7ce8,99.8538%,3,2049,2052,0,2,1,2049
0xa3a212,25%,3,1,4,0,0,3,1
0x669dd2,94.2308%,3,49,52,49,1,2,0
0xa76918,99.9937%,3,47675,47678,0,0,3,47675
0x66af23,98.5577%,3,205,208,153,3,0,52
0x67b32e,62.5%,3,5,8,5,3,0,0
0x5f3e32,25%,3,1,4,0,1,2,1
0x67b27b,62.5%,3,5,8,5,1,2,0
0x8c45a6,97%,3,97,100,0,0,3,97
0x7733a2,94.2308%,3,49,52,0,0,3,49
0x8c0c93,99.9538%,3,6497,6500,4318,1,2,2179
0x67b854,62.5%,3,5,8,4,2,1,1
0x7615be,93.1818%,3,41,44,41,1,2,0
0x949fcc,62.5%,3,5,8,3,1,2,2
0xa76e3a,99.9859%,3,21273,21276,0,0,3,21273
0xa3a620,25%,3,1,4,0,0,3,1
0x7ccdd5,50%,3,3,6,3,1,2,0
0x75d919,93.1818%,3,41,44,41,1,2,0
0x7b3051,94.2308%,3,49,52,49,1,2,0
0x64d646,62.5%,3,5,8,5,1,2,0
0x65af6c,62.5%,3,5,8,5,3,0,0
0x5f126a,97.2222%,3,105,108,53,1,2,52
0x659730,94.2308%,3,49,52,49,1,2,0
0x64d5b3,62.5%,3,5,8,5,1,2,0
0x9e0e4f,90%,3,27,30,0,0,3,27
0x645ec9,99.9278%,3,4150,4153,4150,3,0,0
0x681c27,94.2308%,3,49,52,49,1,2,0
0x7e7621,94.2308%,3,49,52,49,1,2,0
0x67add4,62.5%,3,5,8,5,1,2,0
0x9f8cce,98.8506%,3,258,261,0,0,3,258
0x67b6fb,62.5%,3,5,8,5,1,2,0
0x67af05,62.5%,3,5,8,5,1,2,0
0x7603bd,62.5%,3,5,8,5,1,2,0
0x67b344,62.5%,3,5,8,5,1,2,0
0x67adfb,62.5%,3,5,8,4,2,1,1
0x766b9d,97.1154%,3,101,104,0,0,3,101
0xa77e7d,99.9952%,3,62248,62251,0,0,3,62248
0x6445fb,94.2308%,3,49,52,49,1,2,0
0x76780f,25%,3,1,4,1,3,0,0
0x92a3ff,97.6744%,3,126,129,0,0,3,126
0x8c47dc,99.9769%,3,12997,13000,12997,3,0,0
0x63132c,94.2308%,3,49,52,0,0,3,49
0x67b7c4,62.5%,3,5,8,4,2,1,1
0x65b04d,97%,3,97,100,97,1,2,0
0x67b805,62.5%,3,5,8,5,1,2,0
0x8a4cac,62.5%,3,5,8,5,3,0,0
0x616a36,92.1053%,3,35,38,35,1,2,0
0x64c85d,96.25%,3,77,80,77,1,2,0
0x765108,25%,3,1,4,0,2,1,1
0x63a6ba,62.5%,3,5,8,5,1,2,0
0x633991,92.5%,3,37,40,29,1,2,8
0x5e8252,97.561%,3,120,123,120,3,0,0
0x8a4c1e,25%,3,1,4,1,1,2,0
0x9ff0d6,99.1429%,3,347,350,347,3,0,0
0x5f3a76,90%,3,27,30,27,1,2,0
0x633eed,96.25%,3,77,80,77,1,2,0
0x7695d5,25%,3,1,4,1,3,0,0
0x76713a,25%,3,1,4,1,1,2,0
0x5e72a8,62.5%,3,5,8,5,1,2,0
0x642e98,94.2308%,3,49,52,49,1,2,0
0x405432,50%,3,3,6,3,3,0,0
0x7653bb,50%,3,3,6,2,2,1,1
0x95aa08,94.2308%,3,49,52,49,1,2,0
0x6403e9,62.5%,3,5,8,4,2,1,1
0x669e02,94.2308%,3,49,52,49,1,2,0
0x757a86,94.2308%,3,49,52,49,1,2,0
0x8c6237,99.9769%,3,12997,13000,12997,3,0,0
0x403ece,50%,3,3,6,3,3,0,0
0xa768d3,99.9956%,3,68953,68956,0,0,3,68953
0x652541,99.9888%,3,26844,26847,0,0,3,26844
0x9fb59e,98.8506%,3,258,261,258,3,0,0
0x63ff49,62.5%,3,5,8,4,2,1,1
0x7cd42c,94.2308%,3,49,52,49,1,2,0
0x643aef,94.2308%,3,49,52,49,1,2,0
0x632dc7,99.9872%,3,23397,23400,0,0,3,23397
0x7725fe,94.2308%,3,49,52,49,1,2,0
0x429fb4,99.25%,3,397,400,0,0,3,397
0x634ae9,94.2308%,3,49,52,49,1,2,0
0x75f137,93.1818%,3,41,44,41,3,0,0
0x763464,94.2308%,3,49,52,49,1,2,0
0x5f41c3,25%,3,1,4,1,3,0,0
0x76c1ca,93.1818%,3,41,44,41,1,2,0
0x8beefe,98.5577%,3,205,208,205,3,0,0
0x8beec4,98.5577%,3,205,208,205,3,0,0
0x634341,98.5577%,3,205,208,154,2,1,51
0x63c39d,97%,3,97,100,0,2,1,97
0x76a3c8,92.8571%,3,39,42,39,1,2,0
0x645b5d,94.2308%,3,49,52,49,1,2,0
0x89fd13,62.5%,3,5,8,5,3,0,0
0x7aa5b4,94.2308%,3,49,52,49,3,0,0
0xa78597,99.7434%,3,1166,1169,0,0,3,1166
0x64fb8d,96.25%,3,77,80,77,1,2,0
0xa43c72,99.9718%,3,10622,10625,0,0,3,10622
0x5f770f,25%,3,1,4,1,1,2,0
0x7ede1a,94.2308%,3,49,52,49,1,2,0
0x658b49,94.2308%,3,49,52,49,1,2,0
0x7e8467,94.2308%,3,49,52,49,1,2,0
0x7e84a3,94.2308%,3,49,52,49,1,2,0
0x75d748,62.5%,3,5,8,5,3,0,0
0x6da2fe,25%,3,1,4,0,0,3,1
0x774268,94.2308%,3,49,52,49,1,2,0
0x7e8110,94.2308%,3,49,52,49,1,2,0
0x67aad5,62.5%,3,5,8,5,1,2,0
0x76e86d,50%,3,3,6,2,3,0,1
0x64c7ba,96.25%,3,77,80,77,1,2,0
0x8c6b5d,97%,3,97,100,0,0,3,97
0x5f4061,25%,3,1,4,0,0,3,1
0x92b1cc,94.2308%,3,49,52,49,1,2,0
0x648987,62.5%,3,5,8,4,2,1,1
0x5f1318,94.4444%,3,51,54,51,1,2,0
0x6464df,94.2308%,3,49,52,49,1,2,0
0x647de2,62.5%,3,5,8,5,1,2,0
0xa7a66e,98.8327%,3,254,257,0,0,3,254
0x63c95a,98.8327%,3,254,257,0,0,3,254
0x7725a7,94.2308%,3,49,52,49,3,0,0
0x762147,93.1818%,3,41,44,41,1,2,0
0x774206,94.2308%,3,49,52,49,3,0,0
0x64308d,94.2308%,3,49,52,49,1,2,0
0xa39385,99.9896%,3,28843,28846,18775,1,2,10068
0x9f8cc0,98.8506%,3,258,261,2,2,1,256
0x75f2e4,93.1818%,3,41,44,41,1,2,0
0x961199,98.1132%,3,156,159,0,0,3,156
0x640f39,62.5%,3,5,8,4,2,1,1
0x6d9038,91.6667%,3,33,36,0,0,3,33
0x9e1604,96.875%,3,93,96,0,0,3,93
0x7b3843,94.2308%,3,49,52,49,3,0,0
0x7bc8bc,94.2308%,3,49,52,49,1,2,0
0x596c8a,98.0769%,3,153,156,0,0,3,153
0x76e6aa,57.1429%,3,4,7,4,2,1,0
0x9fb64c,99.9568%,3,6946,6949,256,3,0,6690
0x8c1678,50%,3,3,6,3,2,1,0
0x75d674,62.5%,3,5,8,4,2,1,1
0x4b9b2d,75%,3,9,12,0,0,3,9
0x64b6c4,96.25%,3,77,80,77,1,2,0
0x8bf04e,94.2308%,3,49,52,49,1,2,0
0x64e189,70%,3,7,10,0,0,3,7
0x76a22b,97.1154%,3,101,104,51,1,2,50
0x6f4c7c,94.2308%,3,49,52,49,1,2,0
0x6491fd,78.5714%,3,11,14,11,1,2,0
0x75d714,62.5%,3,5,8,5,1,2,0
0x761b0c,50%,3,3,6,3,1,2,0
0x644460,94.2308%,3,49,52,49,1,2,0
0x66e512,62.5%,3,5,8,5,1,2,0
0x67a254,62.5%,3,5,8,5,1,2,0
0x67a915,62.5%,3,5,8,5,1,2,0
0x76331d,97.619%,3,123,126,0,0,3,123
0x643ce5,94.2308%,3,49,52,49,1,2,0
0x8bf4df,94.2308%,3,49,52,49,1,2,0
0x6da63c,62.5%,3,5,8,0,0,3,5
0x61805f,99.9241%,3,3949,3952,0,0,3,3949
0x760a94,50%,3,3,6,2,2,1,1
0x5958b3,92.8571%,3,39,42,39,3,0,0
0x7bc864,94.2308%,3,49,52,0,0,3,49
0x63936d,97%,3,97,100,97,1,2,0
0x6474ef,94.2308%,3,49,52,49,1,2,0
0x7aa17d,94.2308%,3,49,52,49,1,2,0
0x77319d,94.2308%,3,49,52,49,1,2,0
0x8c0167,62.5%,3,5,8,5,1,2,0
0x95a803,94.2308%,3,49,52,0,0,3,49
0xa7a650,99.4208%,3,515,518,258,3,0,257
0x960ec3,97.6%,3,122,125,0,0,3,122
0x631799,83.3333%,3,15,18,15,1,2,0
0x773061,94.2308%,3,49,52,49,1,2,0
0x762467,92.1053%,3,35,38,0,0,3,35
0x95a733,94.2308%,3,49,52,0,0,3,49
0x659bbe,94.2308%,3,49,52,49,1,2,0
0x618b30,99.9566%,3,6913,6916,0,0,3,6913
0x763534,93.1818%,3,41,44,0,0,3,41
0x77298e,94.2308%,3,49,52,49,1,2,0
0x66e8f3,97%,3,97,100,97,1,2,0
0x6434fd,94.2308%,3,49,52,49,1,2,0
0x64b26f,94.2308%,3,49,52,49,1,2,0
0x75fbc3,94.2308%,3,49,52,0,0,3,49
0x8c13d1,99.25%,3,397,400,109,1,2,288
0x75c98d,70%,3,7,10,7,1,2,0
0x65e31a,97%,3,97,100,0,0,3,97
0x761f83,50%,3,3,6,3,1,2,0
0xa393a0,99.9896%,3,28843,28846,28842,0,3,1
0x9f4f8c,98.8506%,3,258,261,0,0,3,258
0x608004,94.2308%,3,49,52,49,1,2,0
0x6453a1,94.2308%,3,49,52,49,1,2,0
0x7e75da,94.2308%,3,49,52,49,3,0,0
0x778df6,90.625%,3,29,32,23,1,2,6
0x8bf28e,97%,3,97,100,97,1,2,0
0x7aa8d3,94.2308%,3,49,52,49,3,0,0
0x5f0ade,99.9346%,3,4585,4588,0,0,3,4585
0x76a95e,62.5%,3,5,8,1,1,2,4
0x60326d,86.3636%,3,19,22,19,1,2,0
0x7a9d8f,97.1154%,3,101,104,0,0,3,101
0x928d7c,98.1132%,3,156,159,0,0,3,156
0x66f8f5,94.6429%,3,53,56,40,2,1,13
0x65e464,99.9712%,3,10397,10400,10397,3,0,0
0x76b0a0,97.619%,3,123,126,123,3,0,0
0x778fa7,99.2788%,3,413,416,205,3,0,208
0x616af5,92.1053%,3,35,38,35,1,2,0
0x666303,94.2308%,3,49,52,0,0,3,49
0x646ad4,94.2308%,3,49,52,49,1,2,0
0x4031aa,88.4615%,3,23,26,19,1,2,4
0x5f419b,40%,3,2,5,0,1,2,2
0x63aee6,75%,3,9,12,9,1,2,0
0x92d59b,94.2308%,3,49,52,49,1,2,0
0x6316fe,62.5%,3,5,8,4,2,1,1
0x616b55,92.1053%,3,35,38,35,1,2,0
0x76fc06,57.1429%,3,4,7,2,2,1,2
0x9fa7f6,98.4293%,3,188,191,188,3,0,0
0x7b1773,94.2308%,3,49,52,49,1,2,0
0x66fc6c,98.5577%,3,205,208,0,0,3,205
0x8c3616,97%,3,97,100,97,3,0,0
0x6663b4,94.2308%,3,49,52,49,1,2,0
0x616c49,92.1053%,3,35,38,35,1,2,0
0x67a045,62.5%,3,5,8,4,2,1,1
0x75f8b1,50%,3,3,6,2,2,1,1
0x632545,92.1053%,3,35,38,35,1,2,0
0x4a2689,50%,3,3,6,3,3,0,0
0x66f1f2,62.5%,3,5,8,4,2,1,1
0x636ab6,98.8327%,3,254,257,0,0,3,254
0x594848,98.5577%,3,205,208,0,0,3,205
0x64c3ce,62.5%,3,5,8,5,1,2,0
0x7ce455,94.2308%,3,49,52,49,1,2,0
0x656ae3,92.1053%,3,35,38,35,1,2,0
0x6473bf,94.2308%,3,49,52,49,1,2,0
0x631567,99.359%,3,465,468,0,0,3,465
0x8c0270,98.5%,3,197,200,99,1,2,98
0x631599,83.3333%,3,15,18,15,1,2,0
0x64c253,96.25%,3,77,80,0,0,3,77
0x63190d,94.2308%,3,49,52,49,1,2,0
0x644aaf,94.2308%,3,49,52,49,1,2,0
0x66f2b2,62.5%,3,5,8,4,2,1,1
0x593b2a,62.5%,3,5,8,0,0,3,5
0x76fbe2,57.1429%,3,4,7,4,2,1,0
0x778d63,62.5%,3,5,8,0,0,3,5
0x616a95,92.1053%,3,35,38,35,1,2,0
0x666902,94.4444%,3,51,54,51,1,2,0
0x778dd3,90.625%,3,29,32,29,3,0,0
0x66f5b2,62.5%,3,5,8,5,1,2,0
0x5f5eef,25%,3,1,4,1,1,2,0
0x959e75,94.2308%,3,49,52,49,1,2,0
0x65369d,94.2308%,3,49,52,49,1,2,0
0x6215b4,93.75%,3,45,48,0,0,3,45
0x6638b7,94.2308%,3,49,52,49,1,2,0
0x663888,94.2308%,3,49,52,0,0,3,49
0x6537c0,94.2308%,3,49,52,49,1,2,0
0x92724d,70%,3,7,10,0,1,2,7
0x66a3d3,94.2308%,3,49,52,49,1,2,0
0x653832,98.5577%,3,205,208,155,1,2,50
0x598de8,97.1154%,3,101,104,0,0,3,101
0x76a353,92.8571%,3,39,42,0,0,3,39
0x4b9b54,75%,3,9,12,0,0,3,9
0x7edc9e,94.2308%,3,49,52,49,1,2,0
0x665b22,94.2308%,3,49,52,49,1,2,0
0x7cbae8,94.2308%,3,49,52,49,1,2,0
0x7b3181,94.2308%,3,49,52,49,1,2,0
0x653b0d,94.2308%,3,49,52,49,1,2,0
0x61721f,99.4755%,3,569,572,0,0,3,569
0x67a6ab,99.75%,3,1197,1200,1197,1,2,0
0x63c244,98.5577%,3,205,208,0,0,3,205
0x616f46,94.2308%,3,49,52,49,1,2,0
0x616c99,92.1053%,3,35,38,35,1,2,0
0x8c729f,83.3333%,3,15,18,14,2,1,1
0x6575bd,98.5577%,3,205,208,156,0,3,49
0x6660d2,94.2308%,3,49,52,49,1,2,0
0x6575cd,94.2308%,3,49,52,49,1,2,0
0x7cdf01,94.2308%,3,49,52,49,1,2,0
0x5e66b0,94%,3,47,50,47,3,0,0
0x657a3c,94.2308%,3,49,52,0,0,3,49
0x632429,92.1053%,3,35,38,35,1,2,0
0x65d8db,97%,3,97,100,0,0,3,97
0x7cdfc6,94.2308%,3,49,52,0,0,3,49
0x657d35,98.5577%,3,205,208,154,2,1,51
0x76fdef,25%,3,1,4,1,1,2,0
0x66afb3,98.5577%,3,205,208,156,0,3,49
0x607fa7,98.5577%,3,205,208,205,3,0,0
0x9f99ff,81.25%,3,13,16,1,3,0,12
0x95a065,94.2308%,3,49,52,49,1,2,0
0x665c26,94.2308%,3,49,52,49,1,2,0
0x6533e2,94.2308%,3,49,52,0,0,3,49
0x665ac2,94.2308%,3,49,52,49,1,2,0
0x639e28,62.5%,3,5,8,4,2,1,1
0x65aa5b,78.5714%,3,11,14,11,1,2,0
0x9e17ca,96.875%,3,93,96,0,0,3,93
0x7cdbdc,94.2308%,3,49,52,49,1,2,0
0x64e296,70%,3,7,10,7,1,2,0
0x5da79e,94.2308%,3,49,52,49,1,2,0
0x768770,75%,3,9,12,6,2,1,3
0x65d166,99.9712%,3,10397,10400,7800,0,3,2597
0x5f2406,94.4444%,3,51,54,51,1,2,0
0x5fcafb,96.5909%,3,85,88,85,3,0,0
0x66edf6,94.2308%,3,49,52,49,1,2,0
0x92bd55,99.25%,3,397,400,300,0,3,97
0x8bf78f,94.2308%,3,49,52,49,1,2,0
0x65a961,62.5%,3,5,8,5,1,2,0
0x64d3a1,62.5%,3,5,8,5,1,2,0
0x667713,94.2308%,3,49,52,0,0,3,49
0x639e98,62.5%,3,5,8,5,1,2,0
0x63101d,94.2308%,3,49,52,49,1,2,0
0x65b5f8,94.2308%,3,49,52,49,1,2,0
0x68201b,25%,3,1,4,1,3,0,0
0x63115d,94.2308%,3,49,52,49,1,2,0
0x6394f1,97%,3,97,100,97,1,2,0
0x92679c,62.5%,3,5,8,4,2,1,1
0x669e73,94.2308%,3,49,52,0,0,3,49
0x9268e0,94%,3,47,50,0,0,3,47
0x64e4a4,70%,3,7,10,7,1,2,0
0x928a0d,98.1132%,3,156,159,0,0,3,156
0x65a82d,62.5%,3,5,8,5,1,2,0
0x7b0d61,94.2308%,3,49,52,49,3,0,0
0x76e79e,57.1429%,3,4,7,0,1,2,4
0x669ee3,94.2308%,3,49,52,0,0,3,49
0x429868,99.9712%,3,10397,10400,10397,3,0,0
0x65acec,78.5714%,3,11,14,11,1,2,0
0x65cb2c,96.9388%,3,95,98,95,3,0,0
0x6da487,62.5%,3,5,8,5,1,2,0
0x92c3c5,99.8846%,3,2597,2600,0,0,3,2597
0x8bec86,94.2308%,3,49,52,49,1,2,0
0x64c702,99.925%,3,3997,4000,3997,3,0,0
0x652817,99.9964%,3,84268,84271,84268,3,0,0
0x76d5ae,94.2308%,3,49,52,49,1,2,0
0x63956d,98.7013%,3,228,231,228,3,0,0
0x7cc319,94.2308%,3,49,52,0,0,3,49
0x64c80d,96.25%,3,77,80,77,1,2,0
0x5ea098,94.4444%,3,51,54,51,1,2,0
0x65ece9,99.8846%,3,2597,2600,0,0,3,2597
0x65ef93,99.8846%,3,2597,2600,0,0,3,2597
0x64afd2,94.2308%,3,49,52,49,1,2,0
0x4299e0,92.1053%,3,35,38,31,2,1,4
0x7cd8bc,94.2308%,3,49,52,49,1,2,0
0x644766,94.2308%,3,49,52,49,1,2,0
0x63a214,97%,3,97,100,97,3,0,0
0x63fd19,62.5%,3,5,8,4,2,1,1
0x4049e2,50%,3,3,6,3,3,0,0
0x7cc409,94.2308%,3,49,52,49,1,2,0
0x4049bd,50%,3,3,6,3,3,0,0
0x623375,99.9769%,3,12997,13000,0,0,3,12997
0x7781de,90.625%,3,29,32,0,0,3,29
0x926d9c,81.25%,3,13,16,13,0,3,0
0x404941,50%,3,3,6,0,0,3,3
0x66e853,94.2308%,3,49,52,49,1,2,0
0x63a9ed,62.5%,3,5,8,0,0,3,5
0x66e993,97%,3,97,100,97,1,2,0
0x67a27b,62.5%,3,5,8,5,1,2,0
0x8c06a6,99.25%,3,397,400,0,0,3,397
0x65ad4c,62.5%,3,5,8,5,3,0,0
0x76f85b,57.1429%,3,4,7,0,1,2,4
0x762bee,92.1053%,3,35,38,0,0,3,35
0x6443f6,99.9712%,3,10397,10400,10397,3,0,0
0x65adc1,62.5%,3,5,8,5,1,2,0
0x63a0aa,62.5%,3,5,8,5,1,2,0
0x65ae1c,62.5%,3,5,8,5,3,0,0
0x633291,99.9712%,3,10397,10400,7800,0,3,2597
0x655152,99.9176%,3,3638,3641,0,0,3,3638
0x7aad3d,94.2308%,3,49,52,49,1,2,0
0x65d731,97%,3,97,100,0,0,3,97
0x63124d,94.2308%,3,49,52,49,1,2,0
0x403fae,50%,3,3,6,3,3,0,0
0x618b38,99.9566%,3,6913,6916,6913,3,0,0
0x40281f,83.3333%,3,15,18,0,0,3,15
0x65e2ec,99.9712%,3,10397,10400,7798,2,1,2599
0x65e47d,99.9712%,3,10397,10400,7798,2,1,2599
0x6312cd,94.2308%,3,49,52,49,1,2,0
0x961a24,62.5%,3,5,8,4,2,1,1
0x7b2792,94.2308%,3,49,52,49,1,2,0
0x5e990e,94.2308%,3,49,52,0,0,3,49
0x403186,88.4615%,3,23,26,23,3,0,0
0x5da641,94%,3,47,50,47,1,2,0
0x5e8de3,91.4286%,3,32,35,32,3,0,0
0x614cce,99.9566%,3,6913,6916,6913,3,0,0
0x5f54f8,25%,3,1,4,0,2,1,1
0xa22e3f,91.1765%,3,31,34,0,0,3,31
0x5f4d3d,94.4444%,3,51,54,51,1,2,0
0x618024,99.9241%,3,3949,3952,0,0,3,3949
0x75d99c,50%,3,3,6,3,1,2,0
0x7b13b1,94.2308%,3,49,52,0,0,3,49
0x64fb5d,96.25%,3,77,80,77,1,2,0
0x5e8979,81.25%,3,13,16,13,3,0,0
0x633277,99.8846%,3,2597,2600,0,0,3,2597
0xa2425a,99.4059%,3,502,505,252,3,0,250
0x5f4d1b,94.4444%,3,51,54,0,0,3,51
0x772b2f,94.2308%,3,49,52,0,0,3,49
0x602fd3,86.3636%,3,19,22,0,0,3,19
0x66a612,94.2308%,3,49,52,49,1,2,0
0x63b026,78.5714%,3,11,14,11,1,2,0
0x67a98a,62.5%,3,5,8,5,1,2,0
0x635bfe,62.5%,3,5,8,5,1,2,0
0x67aa85,62.5%,3,5,8,5,1,2,0
0x960e7e,98.1132%,3,156,159,34,0,3,122
0x5f5e1c,25%,3,1,4,1,1,2,0
0x7cc366,94.2308%,3,49,52,0,0,3,49
0x403e9f,50%,3,3,6,0,0,3,3
0x7560b8,99.2424%,3,393,396,0,0,3,393
0x5e882b,76.9231%,3,10,13,0,0,3,10
0x635b6b,78.5714%,3,11,14,11,1,2,0
0x635bbe,62.5%,3,5,8,5,1,2,0
0x5f1276,94.4444%,3,51,54,0,0,3,51
0x5f5b22,25%,3,1,4,1,1,2,0
0x64ab75,97%,3,97,100,97,1,2,0
0x634a71,99.9712%,3,10397,10400,7798,2,1,2599
0x8a0e25,62.5%,3,5,8,5,1,2,0
0x66b7a2,94.2308%,3,49,52,49,1,2,0
0x89fb76,62.5%,3,5,8,0,0,3,5
0x65e9d7,97%,3,97,100,0,0,3,97
0x7b2208,94.2308%,3,49,52,49,1,2,0
0x665d79,94.2308%,3,49,52,49,1,2,0
0x66b923,94.2308%,3,49,52,49,1,2,0
0x773d05,94.2308%,3,49,52,49,1,2,0
0x6514e8,70%,3,7,10,7,1,2,0
0x8c172e,97%,3,97,100,97,1,2,0
0x634a11,98.5577%,3,205,208,155,1,2,50
0x634328,94.2308%,3,49,52,0,0,3,49
0x669d83,94.2308%,3,49,52,0,0,3,49
0x5e4ea9,75%,3,9,12,0,0,3,9
0x63521e,96.25%,3,77,80,77,1,2,0
0x6351b2,94%,3,47,50,47,1,2,0
0x633938,62.5%,3,5,8,0,0,3,5
0x7ccfd3,94.2308%,3,49,52,0,0,3,49
0x66774b,94.2308%,3,49,52,49,1,2,0
0x613d86,87.5%,3,21,24,0,2,1,21
0x5f2f22,94.2308%,3,49,52,49,1,2,0
0x773bb1,94.2308%,3,49,52,49,1,2,0
0x772b81,94.2308%,3,49,52,49,1,2,0
0x5f4c1c,25%,3,1,4,1,1,2,0
0x66ad3c,62.5%,3,5,8,3,3,0,2
0x64db26,96.25%,3,77,80,77,1,2,0
0x5e7069,25%,3,1,4,0,2,1,1
0x960e8c,97.6%,3,122,125,0,0,3,122
0x64faa5,96.25%,3,77,80,77,1,2,0
0x75e61e,93.1818%,3,41,44,41,1,2,0
0x66b77c,94.2308%,3,49,52,0,0,3,49
0x6338da,96.25%,3,77,80,77,1,2,0
0x7b27f2,94.2308%,3,49,52,49,1,2,0
0x9f5830,78.5714%,3,11,14,11,3,0,0
0x686fd9,25%,3,1,4,0,2,1,1
0x65ae31,62.5%,3,5,8,4,2,1,1
0x63b312,78.5714%,3,11,14,11,1,2,0
0x402813,83.3333%,3,15,18,0,0,3,15
0x5f23b3,94.4444%,3,51,54,0,0,3,51
0x67a43b,96.25%,3,77,80,77,1,2,0
0x7ce0f1,94.2308%,3,49,52,49,3,0,0
0x760e9f,92.8571%,3,39,42,39,1,2,0
0x5e7388,62.5%,3,5,8,5,1,2,0
0x635cbe,62.5%,3,5,8,5,1,2,0
0x633ed1,99.9375%,3,4797,4800,3599,1,2,1198
0x7b1662,94.2308%,3,49,52,49,1,2,0
0x633f8e,62.5%,3,5,8,4,2,1,1
0x639e18,62.5%,3,5,8,5,1,2,0
0x64631f,94.2308%,3,49,52,49,1,2,0
0x7aa1b5,94.2308%,3,49,52,49,1,2,0
0x949ff0,62.5%,3,5,8,4,2,1,1
0x77857e,99.5312%,3,637,640,0,0,3,637
0x633f2d,96.25%,3,77,80,77,1,2,0
0x648ec4,78.5714%,3,11,14,0,0,3,11
0x7e74aa,50%,3,3,6,3,1,2,0
0x66b142,98.5577%,3,205,208,154,2,1,51
0x5f004a,99.6305%,3,809,812,405,1,2,404
0x76ed5c,57.1429%,3,4,7,0,1,2,4
0x67a127,62.5%,3,5,8,4,2,1,1
0x6593b4,94.2308%,3,49,52,49,1,2,0
0x6311ad,94.2308%,3,49,52,49,1,2,0
0x9289e5,98.1132%,3,156,159,0,0,3,156
0x67a085,62.5%,3,5,8,5,1,2,0
0x65a8cc,99.0625%,3,317,320,317,3,0,0
0x8a7a5c,98.1132%,3,156,159,0,0,3,156
0x7724fd,62.5%,3,5,8,2,2,1,3
0x7578a3,94.2308%,3,49,52,0,0,3,49
0x63434d,94.2308%,3,49,52,49,1,2,0
0xa38cb0,50%,3,3,6,0,0,3,3
0x960b37,98.1132%,3,156,159,0,0,3,156
0x960b2f,99.9102%,3,3336,3339,3177,3,0,159
0x6465b8,99.8846%,3,2597,2600,0,0,3,2597
0x7cee08,0%,2,0,2,0,2,0,0
0x633208,99.9231%,2,2598,2600,0,0,2,2598
0x631462,96.1538%,2,50,52,0,0,2,50
0x7cc75d,0%,2,0,2,0,2,0,0
0x5f3b26,50%,2,2,4,0,2,0,2
0x403265,92.3077%,2,24,26,24,2,0,0
0x66ed06,96.1538%,2,50,52,50,0,2,0
0x63391d,97.5%,2,78,80,78,0,2,0
0x8a4b47,0%,2,0,2,0,0,2,0
0x7621ec,95.4545%,2,42,44,0,0,2,42
0x616ba9,94.7368%,2,36,38,36,0,2,0
0x6305d3,0%,2,0,2,0,0,2,0
0x65a834,0%,2,0,2,0,0,2,0
0x64dab9,99.9992%,2,239998,240000,239998,2,0,0
0x76cd84,0%,2,0,2,0,2,0,0
0x6311d7,96.1538%,2,50,52,0,0,2,50
0x9f580c,85.7143%,2,12,14,0,0,2,12
0x62e85e,0%,2,0,2,0,0,2,0
0x64dbb8,99.9583%,2,4798,4800,4798,2,0,0
0x63b34d,0%,2,0,2,0,0,2,0
0x64f60a,0%,2,0,2,0,0,2,0
0x63a78a,75%,2,6,8,6,0,2,0
0x7c8a5e,50%,2,2,4,1,1,1,1
0x65a94c,75%,2,6,8,6,2,0,0
0x5ea629,99.0385%,2,206,208,206,2,0,0
0x64604b,0%,2,0,2,0,0,2,0
0x630a36,0%,2,0,2,0,0,2,0
0x63408a,0%,2,0,2,0,0,2,0
0x63b323,0%,2,0,2,0,0,2,0
0x658651,97.8022%,2,89,91,89,0,2,0
0x633d1d,0%,2,0,2,0,0,2,0
0x64d4c3,93.75%,2,30,32,30,2,0,0
0x649e83,98%,2,98,100,0,0,2,98
0x630871,0%,2,0,2,0,0,2,0
0x760ffc,95.4545%,2,42,44,42,0,2,0
0x6332a9,96.1538%,2,50,52,50,0,2,0
0x76dd9b,95.2381%,2,40,42,0,0,2,40
0x8c730d,99.6%,2,498,500,498,0,2,0
0x685130,66.6667%,2,4,6,4,2,0,0
0x76fe62,75%,2,6,8,6,0,2,0
0x643e76,99.9808%,2,10398,10400,10398,2,0,0
0x5f4f53,50%,2,2,4,1,1,1,1
0x8a5248,75%,2,6,8,5,1,1,1
0x669ed4,96.1538%,2,50,52,50,0,2,0
0x64c2f0,75%,2,6,8,0,0,2,6
0x633239,96.1538%,2,50,52,50,0,2,0
0x67a90d,75%,2,6,8,6,2,0,0
0x5fd136,97.7273%,2,86,88,86,2,0,0
0x64362e,96.1538%,2,50,52,0,0,2,50
0x64d217,99.5%,2,398,400,398,2,0,0
0x633122,0%,2,0,2,0,0,2,0
0x7ceccf,0%,2,0,2,0,2,0,0
0x6051fe,0%,2,0,2,0,2,0,0
0x8c4c44,99.9231%,2,2598,2600,0,0,2,2598
0x66ae12,96.1538%,2,50,52,50,0,2,0
0x67a0bd,75%,2,6,8,6,2,0,0
0x63db88,99.9808%,2,10398,10400,10398,2,0,0
0x76a659,0%,2,0,2,0,0,2,0
0x658cb9,0%,2,0,2,0,2,0,0
0x633e0f,0%,2,0,2,0,0,2,0
0x7ce020,96.1538%,2,50,52,50,0,2,0
0x5f2cf8,0%,2,0,2,0,0,2,0
0x65129c,99.9583%,2,4798,4800,4798,2,0,0
0x681bcf,96.1538%,2,50,52,50,2,0,0
0x66af9c,96.1538%,2,50,52,0,0,2,50
0x66b862,96.1538%,2,50,52,50,0,2,0
0x8c738d,99.6%,2,498,500,498,0,2,0
0x66afc3,96.1538%,2,50,52,50,0,2,0
0x42aa6d,85.7143%,2,12,14,12,2,0,0
0x4023a2,90.9091%,2,20,22,20,2,0,0
0x650778,0%,2,0,2,0,2,0,0
0x66b12c,96.1538%,2,50,52,0,0,2,50
0x959c9c,0%,2,0,2,0,2,0,0
0x68224d,0%,2,0,2,0,0,2,0
0x67b19e,75%,2,6,8,6,2,0,0
0x9274f0,96%,2,48,50,0,0,2,48
0x65b678,96.1538%,2,50,52,50,0,2,0
0x67b7fd,75%,2,6,8,6,2,0,0
0x66aa82,75%,2,6,8,6,0,2,0
0x66a9a0,96.1538%,2,50,52,50,0,2,0
0x7ed6c1,0%,2,0,2,0,0,2,0
0x66aa87,0%,2,0,2,0,0,2,0
0x634a89,96.1538%,2,50,52,50,0,2,0
0x66a8b0,96.1538%,2,50,52,50,0,2,0
0x64bac7,0%,2,0,2,0,0,2,0
0x658c7d,0%,2,0,2,0,2,0,0
0x65ad14,0%,2,0,2,0,0,2,0
0x66aaf2,75%,2,6,8,5,1,1,1
0x7cdd33,96.1538%,2,50,52,0,0,2,50
0x66a1e2,75%,2,6,8,6,0,2,0
0x757714,0%,2,0,2,0,0,2,0
0x66ac52,75%,2,6,8,6,0,2,0
0x66acc2,75%,2,6,8,6,0,2,0
0x65aefc,75%,2,6,8,6,2,0,0
0xa76ef4,99.9731%,2,7442,7444,7442,2,0,0
0x649a07,0%,2,0,2,0,0,2,0
0x63153a,0%,2,0,2,0,0,2,0
0x64b941,99.5%,2,398,400,137,2,0,261
0x66b622,96.1538%,2,50,52,50,0,2,0
0x8c020d,98%,2,98,100,0,0,2,98
0x6314f8,0%,2,0,2,0,0,2,0
0x631448,0%,2,0,2,0,0,2,0
0x621628,93.75%,2,30,32,0,0,2,30
0x64ec21,93.75%,2,30,32,0,0,2,30
0x604d26,95.4545%,2,42,44,42,2,0,0
0x64c32e,75%,2,6,8,6,0,2,0
0x64c843,97.5%,2,78,80,0,0,2,78
0x7574db,97.8261%,2,90,92,0,0,2,90
0x64b57c,0%,2,0,2,0,2,0,0
0x595275,99.6795%,2,622,624,622,2,0,0
0x407485,94.4444%,2,34,36,34,2,0,0
0x59801a,94.1176%,2,32,34,0,0,2,32
0x63128d,96.1538%,2,50,52,50,0,2,0
0x89f9c1,0%,2,0,2,0,0,2,0
0x7cd761,96.1538%,2,50,52,50,2,0,0
0x66b49a,88.8889%,2,16,18,16,0,2,0
0x8c3516,98%,2,98,100,0,0,2,98
0x5e6b57,96%,2,48,50,48,0,2,0
0x66194a,0%,2,0,2,0,0,2,0
0x65056e,0%,2,0,2,0,2,0,0
0x65a057,0%,2,0,2,0,2,0,0
0x641c44,0%,2,0,2,0,0,2,0
0x64ed8c,99.6711%,2,606,608,606,2,0,0
0x66a7c0,96.1538%,2,50,52,50,0,2,0
0x67a03d,75%,2,6,8,6,2,0,0
0x66b382,99.0385%,2,206,208,155,1,1,51
0x7bcf8d,99.6154%,2,518,520,258,2,0,260
0x8c11a3,99.4898%,2,390,392,390,2,0,0
0x6316de,75%,2,6,8,4,2,0,2
0x67a51d,0%,2,0,2,0,0,2,0
0x63188d,0%,2,0,2,0,0,2,0
0x6315ed,96.1538%,2,50,52,50,0,2,0
0x429b51,97.5904%,2,81,83,0,0,2,81
0x64b10c,96.1538%,2,50,52,0,0,2,50
0x66b562,96.1538%,2,50,52,50,0,2,0
0x63155b,88.8889%,2,16,18,0,0,2,16
0x7b421c,96.1538%,2,50,52,0,0,2,50
0x760f7d,95.4545%,2,42,44,0,0,2,42
0x63ee40,0%,2,0,2,0,0,2,0
0x760eac,0%,2,0,2,0,0,2,0
0x67a4cc,99.9583%,2,4798,4800,4798,2,0,0
0x64b512,0%,2,0,2,0,2,0,0
0x687d73,96.1538%,2,50,52,0,0,2,50
0x64a95c,99.9231%,2,2598,2600,0,0,2,2598
0x66a482,99.0385%,2,206,208,156,0,2,50
0x7b26dd,0%,2,0,2,0,2,0,0
0x687915,0%,2,0,2,0,2,0,0
0x65b0c1,75%,2,6,8,5,1,1,1
0x66999f,96.1538%,2,50,52,49,1,1,1
0x650b60,0%,2,0,2,0,2,0,0
0x65038f,0%,2,0,2,0,0,2,0
0x8c3ca1,98%,2,98,100,0,0,2,98
0x669de3,96.1538%,2,50,52,0,0,2,50
0x67aa7d,75%,2,6,8,6,2,0,0
0x632e06,88.8889%,2,16,18,16,0,2,0
0x67ab9e,75%,2,6,8,6,2,0,0
0x8c07f6,99.6552%,2,578,580,0,0,2,578
0x75990d,0%,2,0,2,0,2,0,0
0x65cec4,96.1538%,2,50,52,50,0,2,0
0x5e9ae0,96.1538%,2,50,52,50,0,2,0
0x75abd0,99.6109%,2,512,514,512,2,0,0
0x66a543,96.1538%,2,50,52,50,0,2,0
0xa43d79,99.9812%,2,10623,10625,0,0,2,10623
0x5e97d8,96.2963%,2,52,54,52,0,2,0
0x646a75,99.9231%,2,2598,2600,0,0,2,2598
0x65e709,99.9231%,2,2598,2600,0,0,2,2598
0x639382,0%,2,0,2,0,0,2,0
0x5f55e4,50%,2,2,4,0,2,0,2
0x7b3b88,0%,2,0,2,0,0,2,0
0x9279a3,99.9084%,2,2182,2184,2092,1,1,90
0x927295,77.7778%,2,7,9,7,2,0,0
0x64cf53,0%,2,0,2,0,0,2,0
0x63ed98,0%,2,0,2,0,0,2,0
0x762de8,66.6667%,2,4,6,4,0,2,0
0x63c14b,99.0385%,2,206,208,0,0,2,206
0x772698,75%,2,6,8,5,1,1,1
0x5ea7fb,0%,2,0,2,0,0,2,0
0x67aa46,75%,2,6,8,6,0,2,0
0x6449d4,0%,2,0,2,0,0,2,0
0xa78445,0%,2,0,2,0,2,0,0
0x65ab2c,99.7768%,2,894,896,894,2,0,0
0x757b83,96.2963%,2,52,54,0,0,2,52
0x66b152,96.1538%,2,50,52,50,0,2,0
0x653380,96.1538%,2,50,52,50,0,2,0
0x5ac6d3,99.7305%,2,740,742,0,0,2,740
0x8c4d43,99.9231%,2,2598,2600,0,0,2,2598
0x769f72,0%,2,0,2,0,0,2,0
0x75cb0f,96.1538%,2,50,52,50,0,2,0
0x7783fe,99%,2,198,200,198,2,0,0
0x608469,88.8889%,2,16,18,0,0,2,16
0x89fc2f,96.875%,2,62,64,62,2,0,0
0x67a0e8,0%,2,0,2,0,0,2,0
0x6503aa,0%,2,0,2,0,0,2,0
0x89fbff,75%,2,6,8,0,0,2,6
0x7738d6,96.1538%,2,50,52,0,0,2,50
0x62fac3,0%,2,0,2,0,0,2,0
0x5f4a90,50%,2,2,4,0,0,2,2
0x66af33,96.1538%,2,50,52,50,0,2,0
0x5e7038,0%,2,0,2,0,0,2,0
0x631723,0%,2,0,2,0,0,2,0
0x66754a,99.0385%,2,206,208,155,1,1,51
0x5f4467,33.3333%,2,1,3,1,1,1,0
0x5e6a42,99.8519%,2,1348,1350,0,0,2,1348
0x75d658,75%,2,6,8,6,2,0,0
0x5f5592,97.3684%,2,74,76,0,0,2,74
0x65848d,99.7558%,2,817,819,0,0,2,817
0x5da31a,50%,2,2,4,1,1,1,1
0x5f3dc5,60%,2,3,5,3,1,1,0
0x5f69e5,94.7368%,2,36,38,36,2,0,0
0xa0eee8,99.9731%,2,7434,7436,7434,2,0,0
0x7b1c2c,0%,2,0,2,0,2,0,0
0x657290,0%,2,0,2,0,0,2,0
0x66fea4,99.0385%,2,206,208,0,0,2,206
0x63f175,0%,2,0,2,0,0,2,0
0x590b5d,93.75%,2,30,32,0,0,2,30
0x67a56c,75%,2,6,8,6,2,0,0
0x7597b0,96.1538%,2,50,52,50,0,2,0
0x5f7387,97.3684%,2,74,76,74,2,0,0
0x62f790,0%,2,0,2,0,0,2,0
0x64de88,99.9875%,2,15998,16000,0,0,2,15998
0x8a4c48,0%,2,0,2,0,0,2,0
0x9f5804,85.7143%,2,12,14,0,0,2,12
0x635bc3,0%,2,0,2,0,0,2,0
0x76adc8,0%,2,0,2,0,2,0,0
0x658cd7,0%,2,0,2,0,2,0,0
0x5e7b40,84.6154%,2,11,13,11,2,0,0
0x7e8083,96.1538%,2,50,52,0,0,2,50
0x655432,99.9852%,2,13513,13515,13513,2,0,0
0x65970c,96.1538%,2,50,52,0,0,2,50
0x63538f,97.5%,2,78,80,78,0,2,0
0x643fa5,96.1538%,2,50,52,50,2,0,0
0x661c10,75%,2,6,8,5,1,1,1
0x5e8cf4,99.734%,2,750,752,750,2,0,0
0x5f30a3,50%,2,2,4,0,2,0,2
0x89fcea,75%,2,6,8,0,0,2,6
0x66a323,96.1538%,2,50,52,50,0,2,0
0x5f3331,99.3421%,2,302,304,302,2,0,0
0x645ca3,99.9808%,2,10398,10400,0,0,2,10398
0x8c5043,99.9231%,2,2598,2600,0,0,2,2598
0x645a53,96.1538%,2,50,52,50,2,0,0
0x6636f5,97.5%,2,78,80,78,0,2,0
0x5f30fb,90%,2,18,20,17,1,1,1
0x5e79b0,83.3333%,2,10,12,0,0,2,10
0x75d18e,0%,2,0,2,0,0,2,0
0x5f39f0,93.3333%,2,28,30,0,0,2,28
0x64b9a5,75%,2,6,8,5,1,1,1
0x5f3aad,50%,2,2,4,0,2,0,2
0x596f32,98.7179%,2,154,156,0,0,2,154
0x5e7291,75%,2,6,8,6,2,0,0
0x755dfd,99.0385%,2,206,208,0,0,2,206
0x75fc28,96.1538%,2,50,52,0,0,2,50
0x5f4085,50%,2,2,4,2,2,0,0
0x9fef0e,50%,2,2,4,0,0,2,2
0xa0eeb6,99.9731%,2,7434,7436,0,0,2,7434
0x64d3f3,75%,2,6,8,0,0,2,6
0x669bd8,96.1538%,2,50,52,0,0,2,50
0x949d9f,0%,2,0,2,0,2,0,0
0x7edb34,0%,2,0,2,0,0,2,0
0x665f12,96.1538%,2,50,52,50,0,2,0
0x64ddf3,99.95%,2,3998,4000,0,0,2,3998
0x95aa64,96.1538%,2,50,52,0,0,2,50
0x667b86,96.1538%,2,50,52,50,0,2,0
0x6da745,0%,2,0,2,0,2,0,0
0x429b38,97.9167%,2,94,96,0,2,0,94
0x667723,99.0385%,2,206,208,206,2,0,0
0x9ff065,99.4505%,2,362,364,0,0,2,362
0x638010,99.9701%,2,6680,6682,6680,2,0,0
0x6f4cef,96.1538%,2,50,52,0,0,2,50
0x631802,0%,2,0,2,0,0,2,0
0x62f02f,0%,2,0,2,0,0,2,0
0x64675f,96.1538%,2,50,52,0,0,2,50
0x667574,96.1538%,2,50,52,0,0,2,50
0x6673b9,96.1538%,2,50,52,50,0,2,0
0x7aaaeb,0%,2,0,2,0,0,2,0
0x5f404b,60%,2,3,5,0,1,1,3
0x669d53,96.1538%,2,50,52,0,0,2,50
0x5f48e0,95.5556%,2,43,45,43,2,0,0
0x7b0104,0%,2,0,2,0,0,2,0
0x642b4a,96.1538%,2,50,52,50,2,0,0
0x66abe0,96.1538%,2,50,52,50,0,2,0
0x8c4bf6,99.9231%,2,2598,2600,0,0,2,2598
0x76f9c4,71.4286%,2,5,7,1,0,2,4
0x66e3f7,0%,2,0,2,0,0,2,0
0x5ea44c,98.8439%,2,171,173,171,2,0,0
0x6366a6,99.9481%,2,3853,3855,0,0,2,3853
0x5f73f0,97.3684%,2,74,76,37,1,1,37
0x630331,0%,2,0,2,0,0,2,0
0x65acbc,99.4048%,2,334,336,334,2,0,0
0x654528,99.9985%,2,137452,137454,0,0,2,137452
0x95a3fc,96.1538%,2,50,52,0,0,2,50
0x95a542,96.1538%,2,50,52,50,0,2,0
0x62fe52,0%,2,0,2,0,0,2,0
0x62fd2d,0%,2,0,2,0,0,2,0
0x6e6814,0%,2,0,2,0,2,0,0
0x7a9b87,99.5%,2,398,400,398,2,0,0
0x7b3aff,0%,2,0,2,0,2,0,0
0x62ea9e,0%,2,0,2,0,0,2,0
0x63d774,99.0385%,2,206,208,0,0,2,206
0x62faa4,0%,2,0,2,0,0,2,0
0x95a944,96.1538%,2,50,52,0,0,2,50
0x9e097b,99.7333%,2,748,750,0,0,2,748
0x8a4a96,50%,2,2,4,0,2,0,2
0x76d983,0%,2,0,2,0,0,2,0
0x651289,99.8333%,2,1198,1200,0,0,2,1198
0x5f60ea,94.7368%,2,36,38,0,0,2,36
0x8bea2c,50%,2,2,4,1,1,1,1
0x761ea4,0%,2,0,2,0,0,2,0
0x9f7e6d,75%,2,6,8,0,0,2,6
0x636608,99.9481%,2,3853,3855,3853,2,0,0
0x62f49b,0%,2,0,2,0,0,2,0
0x62f3d6,0%,2,0,2,0,0,2,0
0x6636fa,0%,2,0,2,0,0,2,0
0xa395f5,71.4286%,2,5,7,5,2,0,0
0x666053,96.1538%,2,50,52,0,0,2,50
0x63f69d,0%,2,0,2,0,0,2,0
0x7cb76c,0%,2,0,2,0,2,0,0
0x66671f,96.2963%,2,52,54,0,0,2,52
0xa3a484,50%,2,2,4,2,1,1,0
0x7cc792,0%,2,0,2,0,0,2,0
0xa78e6e,0%,2,0,2,0,0,2,0
0x7cf50b,0%,2,0,2,0,0,2,0
0x40312c,92.3077%,2,24,26,24,2,0,0
0x666286,96.1538%,2,50,52,50,0,2,0
0x6701b7,99.0385%,2,206,208,0,0,2,206
0x6661c2,96.2963%,2,52,54,52,0,2,0
0x666192,96.2963%,2,52,54,52,0,2,0
0x62e8de,0%,2,0,2,0,0,2,0
0x639a9b,0%,2,0,2,0,0,2,0
0x593a43,75%,2,6,8,6,2,0,0
0x5f3473,99.8988%,2,1974,1976,1974,2,0,0
0x769c5e,0%,2,0,2,0,0,2,0
0x7b435e,96.1538%,2,50,52,50,0,2,0
0x769cb3,96.1538%,2,50,52,0,0,2,50
0x769e15,96.1538%,2,50,52,50,0,2,0
0x7afc91,96.1538%,2,50,52,50,2,0,0
0x64f6b0,0%,2,0,2,0,0,2,0
0x665b03,96.1538%,2,50,52,0,0,2,50
0x634c4c,0%,2,0,2,0,0,2,0
0x7b3c45,0%,2,0,2,0,0,2,0
0x645848,0%,2,0,2,0,0,2,0
0x92b2b3,96.1538%,2,50,52,50,0,2,0
0x6343ac,96.1538%,2,50,52,50,0,2,0
0x5f1083,96.2963%,2,52,54,52,2,0,0
0x68873c,96.1538%,2,50,52,50,0,2,0
0x404a27,66.6667%,2,4,6,0,0,2,4
0x761b66,88.8889%,2,16,18,0,0,2,16
0xa79712,0%,2,0,2,0,2,0,0
0x632e61,0%,2,0,2,0,0,2,0
0x42a6d1,66.6667%,2,4,6,4,2,0,0
0x67aa30,75%,2,6,8,6,2,0,0
0x66e1d2,75%,2,6,8,5,1,1,1
0xa78051,50%,2,2,4,0,0,2,2
0x650630,0%,2,0,2,0,2,0,0
0x67a5fc,75%,2,6,8,6,2,0,0
0x7e6762,96.1538%,2,50,52,0,0,2,50
0x666b18,75%,2,6,8,0,0,2,6
0x635765,0%,2,0,2,0,0,2,0
0x7a9e33,98%,2,98,100,0,0,2,98
0x669db3,96.1538%,2,50,52,0,0,2,50
0x778679,98.75%,2,158,160,0,0,2,158
0x63c1cf,75%,2,6,8,0,0,2,6
0xa79040,99.8519%,2,1348,1350,0,0,2,1348
0x9f5d7b,98.5075%,2,132,134,132,2,0,0
0x67b67d,75%,2,6,8,6,2,0,0
0x5f016a,99.7537%,2,810,812,404,2,0,406
0x64c9a0,75%,2,6,8,6,0,2,0
0x642d76,96.1538%,2,50,52,50,2,0,0
0x681f28,98.0769%,2,102,104,102,2,0,0
0x8c60ff,99.9846%,2,12998,13000,0,0,2,12998
0x65b6b8,96.1538%,2,50,52,50,0,2,0
0x7e7dd1,0%,2,0,2,0,2,0,0
0xa76a40,99.9906%,2,21276,21278,0,0,2,21276
0x6409eb,0%,2,0,2,0,0,2,0
0x64f89e,0%,2,0,2,0,0,2,0
0x5ea0a7,0%,2,0,2,0,0,2,0
0x8bea3c,0%,2,0,2,0,2,0,0
0x63167e,75%,2,6,8,5,1,1,1
0x64db92,97.5%,2,78,80,0,0,2,78
0x641f79,96.1538%,2,50,52,50,0,2,0
0x632d8e,88.8889%,2,16,18,16,0,2,0
0x632d62,99.9979%,2,93598,93600,70198,2,0,23400
0x641ef8,99.9231%,2,2598,2600,0,0,2,2598
0x8c686e,98%,2,98,100,98,2,0,0
0x8bedf5,0%,2,0,2,0,0,2,0
0x65dfe9,99.9231%,2,2598,2600,0,0,2,2598
0x641219,75%,2,6,8,4,2,0,2
0x7c894f,50%,2,2,4,2,2,0,0
0x62fa79,0%,2,0,2,0,0,2,0
0x638702,99.2218%,2,255,257,0,0,2,255
0x658c9b,0%,2,0,2,0,2,0,0
0x64991c,0%,2,0,2,0,0,2,0
0x67a8b0,75%,2,6,8,6,2,0,0
0x76e363,88.8889%,2,16,18,0,2,0,16
0x65d0a2,96.1538%,2,50,52,50,0,2,0
0xa39f8c,50%,2,2,4,2,1,1,0
0x670202,99.5192%,2,414,416,207,1,1,207
0x5958c5,95.2381%,2,40,42,40,2,0,0
0x75d624,75%,2,6,8,5,1,1,1
0x637d00,99.9701%,2,6680,6682,6680,2,0,0
0x76f6b9,85.7143%,2,12,14,12,1,1,0
0x67a782,0%,2,0,2,0,0,2,0
0x6354a2,0%,2,0,2,0,0,2,0
0x64cff3,75%,2,6,8,0,0,2,6
0x763005,95.2381%,2,40,42,40,0,2,0
0x657143,0%,2,0,2,0,0,2,0
0x5ef9f6,0%,2,0,2,0,2,0,0
0x656c7e,0%,2,0,2,0,0,2,0
0x656c61,0%,2,0,2,0,0,2,0
0x65944c,96.1538%,2,50,52,0,0,2,50
0x682235,0%,2,0,2,0,0,2,0
0x5ecaad,96.1538%,2,50,52,50,0,2,0
0x64b1da,96.1538%,2,50,52,0,0,2,50
0x636ba3,99.2218%,2,255,257,0,0,2,255
0x67a1c4,75%,2,6,8,6,0,2,0
0x62353a,99.9846%,2,12998,13000,0,0,2,12998
0x8c0628,98%,2,98,100,0,0,2,98
0xa30897,99.9731%,2,7434,7436,0,0,2,7434
0x65ac73,85.7143%,2,12,14,0,0,2,12
0x650bca,0%,2,0,2,0,2,0,0
0x65f98f,98%,2,98,100,98,0,2,0
0x8bf829,0%,2,0,2,0,2,0,0
0x635b9e,75%,2,6,8,6,0,2,0
0xa394d2,71.4286%,2,5,7,5,2,0,0
0x643c85,99.9808%,2,10398,10400,10398,2,0,0
0x7cc777,0%,2,0,2,0,0,2,0
0x65c005,0%,2,0,2,0,0,2,0
0x7cf479,0%,2,0,2,0,0,2,0
0x65267b,99.8927%,2,1862,1864,0,0,2,1862
0x59811e,93.75%,2,30,32,30,2,0,0
0x65b638,96.1538%,2,50,52,50,0,2,0
0x769303,50%,2,2,4,0,0,2,2
0x63461f,0%,2,0,2,0,0,2,0
0x639f02,0%,2,0,2,0,0,2,0
0xa3958f,71.4286%,2,5,7,5,2,0,0
0x67a59c,75%,2,6,8,6,2,0,0
0x7cdad0,96.1538%,2,50,52,50,0,2,0
0x92b141,96.1538%,2,50,52,0,0,2,50
0x65b421,0%,2,0,2,0,0,2,0
0x8c0514,75%,2,6,8,5,1,1,1
0x66f1f7,0%,2,0,2,0,0,2,0
0x7bc8e2,0%,2,0,2,0,0,2,0
0x8c1283,75%,2,6,8,6,2,0,0
0x65b341,0%,2,0,2,0,0,2,0
0x63a8ba,75%,2,6,8,0,0,2,6
0x634a1d,96.1538%,2,50,52,50,0,2,0
0x7cc0f9,96.1538%,2,50,52,50,0,2,0
0x76fa7a,71.4286%,2,5,7,5,2,0,0
0x661919,0%,2,0,2,0,0,2,0
0x66136c,0%,2,0,2,0,2,0,0
0x7e7bb9,96.1538%,2,50,52,0,0,2,50
0x65ce95,99.9808%,2,10398,10400,7800,0,2,2598
0x6535cd,96.1538%,2,50,52,50,0,2,0
0x65cdbb,96.1538%,2,50,52,50,0,2,0
0x762a20,95.2381%,2,40,42,0,0,2,40
0x639c8b,0%,2,0,2,0,0,2,0
0x65cbbc,75%,2,6,8,6,0,2,0
0x65ca84,75%,2,6,8,6,0,2,0
0x65c812,75%,2,6,8,0,0,2,6
0x76e769,71.4286%,2,5,7,0,1,1,5
0x6349f8,96.1538%,2,50,52,0,0,2,50
0x926bd5,96.6102%,2,57,59,0,0,2,57
0x76e8c2,71.4286%,2,5,7,1,0,2,4
0x92a2e4,98.7421%,2,157,159,0,0,2,157
0x4030de,92.3077%,2,24,26,24,2,0,0
0x639207,95%,2,38,40,0,2,0,38
0x76ee7c,71.4286%,2,5,7,4,1,1,1
0x926317,75%,2,6,8,6,0,2,0
0x7780a3,99.7596%,2,830,832,830,2,0,0
0x92610b,96.1538%,2,50,52,50,0,2,0
0x637f1f,99.2218%,2,255,257,255,2,0,0
0x64ec97,93.75%,2,30,32,0,0,2,30
0xa230e1,99.5122%,2,408,410,337,1,1,71
0x92cb85,99.9231%,2,2598,2600,0,0,2,2598
0xa233b3,99.6269%,2,534,536,0,0,2,534
0x92bdb0,99%,2,198,200,99,1,1,99
0xa24a3f,99.8086%,2,1043,1045,0,0,2,1043
0x6386ed,99.2218%,2,255,257,0,0,2,255
0x8a7a8d,90%,2,18,20,0,0,2,18
0x6f56f2,0%,2,0,2,0,2,0,0
0x645af6,99.9808%,2,10398,10400,10398,2,0,0
0x65d195,96.1538%,2,50,52,50,0,2,0
0x7ccc81,0%,2,0,2,0,0,2,0
0x67b02e,75%,2,6,8,6,2,0,0
0x5f2c33,0%,2,0,2,0,2,0,0
0x67aefd,75%,2,6,8,6,2,0,0
0x67aeae,75%,2,6,8,6,2,0,0
0x75c919,80%,2,8,10,8,2,0,0
0x67ae9e,75%,2,6,8,6,2,0,0
0x7b1cf3,0%,2,0,2,0,2,0,0
0x760b76,0%,2,0,2,0,2,0,0
0x62f3f1,0%,2,0,2,0,0,2,0
0x598369,98.0769%,2,102,104,102,2,0,0
0x65562f,99.9852%,2,13513,13515,0,0,2,13513
0x655488,99.9852%,2,13513,13515,0,0,2,13513
0x67ac68,75%,2,6,8,0,0,2,6
0xa48252,99.9812%,2,10623,10625,0,0,2,10623
0x614dde,99.9711%,2,6914,6916,0,0,2,6914
0xa43c7e,99.9812%,2,10623,10625,0,0,2,10623
0xa43be0,99.9812%,2,10623,10625,0,0,2,10623
0x595927,95.2381%,2,40,42,40,2,0,0
0x644355,96.1538%,2,50,52,50,2,0,0
0x67ad7d,75%,2,6,8,6,2,0,0
0x643156,96.1538%,2,50,52,50,2,0,0
0xa3a5b4,50%,2,2,4,2,1,1,0
0xa3a2dc,50%,2,2,4,2,1,1,0
0x64659f,96.1538%,2,50,52,0,0,2,50
0x603ab8,95.4545%,2,42,44,35,1,1,7
0x63fd5a,0%,2,0,2,0,0,2,0
0x67a198,0%,2,0,2,0,0,2,0
0x6357fe,0%,2,0,2,0,0,2,0
0x65a782,0%,2,0,2,0,0,2,0
0xa39de1,50%,2,2,4,2,1,1,0
0x6044f6,95.4545%,2,42,44,42,2,0,0
0x949cc9,75%,2,6,8,5,1,1,1
0x65381c,96.1538%,2,50,52,0,0,2,50
0x4aba64,87.5%,2,14,16,0,0,2,14
0x67b254,75%,2,6,8,5,1,1,1
0x64603a,0%,2,0,2,0,0,2,0
0x597d85,90%,2,18,20,17,1,1,1
0x768aea,93.75%,2,30,32,0,0,2,30
0xa0f621,94.1176%,2,32,34,0,0,2,32
0x62f6ea,0%,2,0,2,0,0,2,0
0x76e0ea,0%,2,0,2,0,0,2,0
0xa0f548,94.1176%,2,32,34,0,0,2,32
0x76cc07,97.7273%,2,86,88,43,1,1,43
0x618ad3,99.9711%,2,6914,6916,0,0,2,6914
0x643e42,99.9231%,2,2598,2600,0,0,2,2598
0x639674,0%,2,0,2,0,0,2,0
0x602fbb,90.9091%,2,20,22,0,0,2,20
0x644046,99.9808%,2,10398,10400,10398,2,0,0
0x63c502,75%,2,6,8,0,0,2,6
0x9fb4f7,99.2337%,2,259,261,0,0,2,259
0x65adac,75%,2,6,8,6,2,0,0
0x7662ec,83.3333%,2,10,12,10,2,0,0
0x9e0cf0,94.1176%,2,32,34,29,1,1,3
0x649136,0%,2,0,2,0,0,2,0
0x7e7c99,96.1538%,2,50,52,50,0,2,0
0x8c51d3,99.9231%,2,2598,2600,0,0,2,2598
0x6314d4,96.1538%,2,50,52,0,0,2,50
0x657a6c,96.1538%,2,50,52,50,0,2,0
0x681b8d,96.1538%,2,50,52,0,0,2,50
0x616d9c,96.1538%,2,50,52,50,2,0,0
0x669944,99.0385%,2,206,208,206,2,0,0
0xa7a722,99.2218%,2,255,257,0,0,2,255
0x76d76e,96.1538%,2,50,52,50,0,2,0
0x765c7e,50%,2,2,4,0,0,2,2
0x65e1ad,99.9808%,2,10398,10400,7799,1,1,2599
0x59587d,95.2381%,2,40,42,40,2,0,0
0x6572c0,0%,2,0,2,0,0,2,0
0x75d878,0%,2,0,2,0,0,2,0
0x75d679,0%,2,0,2,0,0,2,0
0x76d7bb,0%,2,0,2,0,0,2,0
0x6379a8,99.2218%,2,255,257,0,0,2,255
0x766ab3,50%,2,2,4,0,0,2,2
0x960c6d,98.7421%,2,157,159,157,0,2,0
0x604b1a,95.4545%,2,42,44,42,2,0,0
0x7ebc6d,0%,2,0,2,0,2,0,0
0x645c88,99.9231%,2,2598,2600,0,0,2,2598
0x67af68,75%,2,6,8,0,0,2,6
0x603ed2,95.4545%,2,42,44,29,1,1,13
0x663d64,0%,2,0,2,0,0,2,0
0x644175,96.1538%,2,50,52,50,2,0,0
0x76704e,93.75%,2,30,32,0,0,2,30
0x598f0c,83.3333%,2,10,12,0,2,0,10
0x5ed0d3,0%,2,0,2,0,0,2,0
0x6037e5,95.4545%,2,42,44,42,2,0,0
0x76ddb9,95.2381%,2,40,42,0,0,2,40
0x95aca4,0%,2,0,2,0,0,2,0
0x92895b,98.7421%,2,157,159,0,0,2,157
0x681b22,0%,2,0,2,0,0,2,0
0x6539d2,99.0385%,2,206,208,156,0,2,50
0x605e18,90.9091%,2,20,22,0,0,2,20
0x6330c4,0%,2,0,2,0,0,2,0
0x642f66,96.1538%,2,50,52,50,2,0,0
0x653960,96.1538%,2,50,52,50,0,2,0
0x634031,0%,2,0,2,0,0,2,0
0x8c425b,98%,2,98,100,0,0,2,98
0xa90f18,98.9691%,2,192,194,192,2,0,0
0x633f4e,75%,2,6,8,5,1,1,1
0x67a5cc,75%,2,6,8,6,2,0,0
0xa22393,99.9917%,2,24212,24214,0,0,2,24212
0x657380,0%,2,0,2,0,0,2,0
0x5f2cb3,96.2963%,2,52,54,0,0,2,52
0x65b684,0%,2,0,2,0,0,2,0
0x67b974,0%,2,0,2,0,0,2,0
0x65c0a4,96.1538%,2,50,52,50,0,2,0
0x6338e1,0%,2,0,2,0,0,2,0
0x5ed411,96.1538%,2,50,52,0,0,2,50
0x76ce9c,96.1538%,2,50,52,0,0,2,50
0xa224d8,99.8614%,2,1441,1443,0,0,2,1441
0x633869,0%,2,0,2,0,0,2,0
0x636189,93.75%,2,30,32,30,0,2,0
0x8c6a89,98%,2,98,100,0,0,2,98
0x75f91b,88.8889%,2,16,18,16,2,0,0
0x65890c,99.9155%,2,2364,2366,0,0,2,2364
0x772543,96.1538%,2,50,52,0,0,2,50
0x63395e,75%,2,6,8,6,0,2,0
0x66f0b5,85.7143%,2,12,14,12,0,2,0
0x635b83,0%,2,0,2,0,0,2,0
0x6361ae,75%,2,6,8,6,0,2,0
0x75f9c8,66.6667%,2,4,6,4,2,0,0
0x756813,99.0385%,2,206,208,0,0,2,206
0x64992e,0%,2,0,2,0,0,2,0
0x634af5,0%,2,0,2,0,0,2,0
0x429f9b,97.7778%,2,88,90,0,0,2,88
0x77247c,75%,2,6,8,6,2,0,0
0x75e074,85.7143%,2,12,14,12,0,2,0
0x635c9d,98%,2,98,100,98,0,2,0
0x5ef9c7,50%,2,2,4,2,0,2,0
0x76db8f,95.4545%,2,42,44,42,2,0,0
0x685b2b,75%,2,6,8,5,1,1,1
0x6499f5,0%,2,0,2,0,0,2,0
0x634b5d,80%,2,8,10,8,0,2,0
0x6367a1,99.8187%,2,1101,1103,1101,2,0,0
0x429936,98.3871%,2,122,124,0,0,2,122
0x7cb4eb,0%,2,0,2,0,0,2,0
0xa3a5c2,50%,2,2,4,2,2,0,0
0x75d368,95.2381%,2,40,42,0,0,2,40
0x66b792,99.0385%,2,206,208,154,2,0,52
0x6215fc,83.3333%,2,10,12,3,1,1,7
0x667364,96.1538%,2,50,52,0,0,2,50
0x62167a,83.3333%,2,10,12,10,2,0,0
0x42bc79,66.6667%,2,4,6,4,2,0,0
0x7681fe,98.0769%,2,102,104,0,0,2,102
0x7a8f24,50%,2,2,4,0,0,2,2
0x6539dd,96.1538%,2,50,52,50,0,2,0
0x63f1f9,0%,2,0,2,0,0,2,0
0x67b37d,75%,2,6,8,6,2,0,0
0x7cc096,96.1538%,2,50,52,0,0,2,50
0x7cbe47,0%,2,0,2,0,0,2,0
0x62ec3e,0%,2,0,2,0,0,2,0
0x634f6c,0%,2,0,2,0,0,2,0
0x9fef88,75%,2,6,8,2,2,0,4
0x67b79e,75%,2,6,8,6,2,0,0
0x76f4d2,75%,2,6,8,6,2,0,0
0x646f4e,0%,2,0,2,0,0,2,0
0x67a1f0,0%,2,0,2,0,0,2,0
0x404954,66.6667%,2,4,6,4,2,0,0
0x7cb653,0%,2,0,2,0,0,2,0
0x6358ed,0%,2,0,2,0,0,2,0
0x7cca1f,66.6667%,2,4,6,0,2,0,4
0x5fd010,97.7273%,2,86,88,86,2,0,0
0x635779,0%,2,0,2,0,0,2,0
0x67a07d,75%,2,6,8,6,2,0,0
0x8c543e,99.9615%,2,5198,5200,2598,2,0,2600
0x762054,93.75%,2,30,32,0,0,2,30
0x6402d9,0%,2,0,2,0,0,2,0
0x65ae8c,75%,2,6,8,6,2,0,0
0x64b087,0%,2,0,2,0,0,2,0
0x6361ce,75%,2,6,8,6,0,2,0
0x63399d,80%,2,8,10,8,0,2,0
0x75d32a,0%,2,0,2,0,0,2,0
0x634b1b,80%,2,8,10,0,0,2,8
0x634cc0,50%,1,1,2,0,0,1,1
0x6033e5,93.75%,1,15,16,15,1,0,0
0x618067,99.9747%,1,3951,3952,3951,1,0,0
0x605038,97.7273%,1,43,44,43,1,0,0
0x64fe1f,50%,1,1,2,1,1,0,0
0x773e5a,50%,1,1,2,1,1,0,0
0x60490e,97.7273%,1,43,44,43,1,0,0
0x68772c,50%,1,1,2,1,1,0,0
0x6876fc,50%,1,1,2,1,1,0,0
0x959e52,98.0769%,1,51,52,0,0,1,51
0x7616b1,83.3333%,1,5,6,3,1,0,2
0x9e197c,50%,1,1,2,1,1,0,0
0x5990b6,75%,1,3,4,3,1,0,0
0x64e7e4,87.5%,1,7,8,0,0,1,7
0x76fd82,99.0385%,1,103,104,103,1,0,0
0x62f765,50%,1,1,2,0,0,1,1
0x7cd219,50%,1,1,2,1,1,0,0
0x76a018,50%,1,1,2,1,1,0,0
0x8c334c,99%,1,99,100,99,1,0,0
0x64a6e3,99%,1,99,100,99,1,0,0
0x635a9a,50%,1,1,2,0,0,1,1
0x641b27,50%,1,1,2,1,1,0,0
0x604a14,97.7273%,1,43,44,43,1,0,0
0x64b91c,99.75%,1,399,400,136,1,0,263
0x687905,75%,1,3,4,1,1,0,2
0x604808,97.7273%,1,43,44,43,1,0,0
0x687d02,98.0769%,1,51,52,0,0,1,51
0x7724af,87.5%,1,7,8,7,1,0,0
0x634f3e,50%,1,1,2,0,0,1,1
0xa0f979,99.4318%,1,175,176,175,1,0,0
0x960a72,99.3711%,1,158,159,0,0,1,158
0x761cab,50%,1,1,2,0,0,1,1
0x631919,50%,1,1,2,0,0,1,1
0x75d4b1,99.5455%,1,219,220,0,0,1,219
0x7a98a2,99%,1,99,100,99,1,0,0
0x5fd0bc,98.8636%,1,87,88,87,1,0,0
0x9297d0,99.2%,1,124,125,0,0,1,124
0x5fd0f9,98.8636%,1,87,88,87,1,0,0
0x687be8,50%,1,1,2,1,1,0,0
0x687e66,50%,1,1,2,1,1,0,0
0x7e82a4,50%,1,1,2,1,1,0,0
0x667c06,50%,1,1,2,1,1,0,0
0x7ce6a6,50%,1,1,2,1,1,0,0
0x7b010f,50%,1,1,2,1,1,0,0
0x92a3e2,99.9794%,1,4846,4847,4688,0,1,158
0x8c156f,99%,1,99,100,0,0,1,99
0xa39803,85.7143%,1,6,7,6,1,0,0
0xa78dcb,50%,1,1,2,0,0,1,1
0x76a545,98.0769%,1,51,52,51,1,0,0
0xa76af3,99.9928%,1,13857,13858,0,0,1,13857
0x67ba24,50%,1,1,2,0,0,1,1
0x5f3aff,75%,1,3,4,1,1,0,2
0x7d0014,50%,1,1,2,1,1,0,0
0x61737c,95.4545%,1,21,22,21,1,0,0
0x67af28,50%,1,1,2,0,0,1,1
0x634391,99.9904%,1,10399,10400,7800,0,1,2599
0x5e7053,75%,1,3,4,0,0,1,3
0x64a806,99%,1,99,100,99,1,0,0
0x76a6df,50%,1,1,2,1,1,0,0
0x76a75a,50%,1,1,2,1,1,0,0
0x4074f1,97.2222%,1,35,36,35,1,0,0
0x7ce508,50%,1,1,2,1,1,0,0
0x63ed44,50%,1,1,2,0,0,1,1
0x8c3213,99%,1,99,100,99,1,0,0
0x7b04da,50%,1,1,2,1,1,0,0
0x7cbd46,98.0769%,1,51,52,0,0,1,51
0x66549e,50%,1,1,2,0,0,1,1
0x769ef9,50%,1,1,2,1,1,0,0
0x7cf091,98.0769%,1,51,52,51,1,0,0
0x7b1c40,50%,1,1,2,1,1,0,0
0x63b388,50%,1,1,2,0,0,1,1
0x6042ea,97.7273%,1,43,44,43,1,0,0
0x6059dd,50%,1,1,2,1,1,0,0
0x5f0b1d,99.9891%,1,9175,9176,4587,1,0,4588
0x68200f,75%,1,3,4,0,0,1,3
0x605afa,50%,1,1,2,1,1,0,0
0x7b3ab8,50%,1,1,2,1,1,0,0
0x5f752f,99.9025%,1,1025,1026,1025,1,0,0
0x6640f0,50%,1,1,2,1,1,0,0
0x7ce2f1,50%,1,1,2,1,1,0,0
0x9e16d7,98.9583%,1,95,96,95,1,0,0
0x663b2a,50%,1,1,2,0,0,1,1
0x598ebf,96.875%,1,31,32,0,0,1,31
0x76920c,91.6667%,1,11,12,0,0,1,11
0x5998d0,96.875%,1,31,32,27,1,0,4
0x8a004a,50%,1,1,2,0,0,1,1
0x7cfb5d,50%,1,1,2,1,1,0,0
0x5fc94a,98.8636%,1,87,88,87,1,0,0
0x8c5f5a,99.9615%,1,2599,2600,0,0,1,2599
0x7cc13d,50%,1,1,2,1,1,0,0
0x7aaab2,50%,1,1,2,1,1,0,0
0x8c4c51,99.9615%,1,2599,2600,2599,1,0,0
0x772a64,50%,1,1,2,1,1,0,0
0x9f7dbf,87.5%,1,7,8,7,1,0,0
0x8bfedd,99.9892%,1,9258,9259,9258,1,0,0
0x7cfba3,50%,1,1,2,1,1,0,0
0x92b05d,99%,1,99,100,0,0,1,99
0x66b87f,50%,1,1,2,0,0,1,1
0x7aff6c,50%,1,1,2,1,1,0,0
0x8c4357,99.9615%,1,2599,2600,2599,1,0,0
0x5fce66,98.8636%,1,87,88,87,1,0,0
0x5fcf6a,98.8636%,1,87,88,87,1,0,0
0x5fd07f,98.8636%,1,87,88,87,1,0,0
0x7cf6f7,50%,1,1,2,1,1,0,0
0x642a40,50%,1,1,2,0,0,1,1
0x7b3813,99.0385%,1,103,104,51,1,0,52
0x642997,98.0769%,1,51,52,0,0,1,51
0x9e14e5,98.9583%,1,95,96,0,0,1,95
0x68820a,50%,1,1,2,1,1,0,0
0x6867bc,50%,1,1,2,1,1,0,0
0x8a01a2,50%,1,1,2,1,1,0,0
0x598fb6,50%,1,1,2,1,1,0,0
0x593dfe,99.5192%,1,207,208,207,1,0,0
0x929486,99.9546%,1,2204,2205,2099,1,0,105
0x42a4d8,87.5%,1,7,8,7,1,0,0
0x75ca14,50%,1,1,2,1,1,0,0
0x4074ab,97.2222%,1,35,36,35,1,0,0
0x661acd,50%,1,1,2,0,0,1,1
0x95a66c,50%,1,1,2,1,1,0,0
0x89ffc2,50%,1,1,2,1,1,0,0
0x76fb0a,85.7143%,1,6,7,6,1,0,0
0x7cd143,50%,1,1,2,1,1,0,0
0x7b1d1a,50%,1,1,2,1,1,0,0
0x634267,50%,1,1,2,0,0,1,1
0x403f2e,83.3333%,1,5,6,5,1,0,0
0x7cec69,50%,1,1,2,1,1,0,0
0x403109,96.1538%,1,25,26,25,1,0,0
0x7663a7,99%,1,99,100,0,0,1,99
0xa22e2d,97.0588%,1,33,34,33,1,0,0
0x949fb6,87.5%,1,7,8,7,1,0,0
0x5e66a1,99%,1,99,100,49,1,0,50
0x659fe1,50%,1,1,2,1,1,0,0
0x403f44,83.3333%,1,5,6,5,1,0,0
0x660ccf,50%,1,1,2,1,1,0,0
0x633b4f,50%,1,1,2,0,0,1,1
0xa2e96b,99.9973%,1,37688,37689,37688,1,0,0
0x7b3beb,50%,1,1,2,1,1,0,0
0x9fb727,99.6139%,1,258,259,258,1,0,0
0x7cefa4,50%,1,1,2,1,1,0,0
0x75d6f8,87.5%,1,7,8,7,1,0,0
0x6f551f,50%,1,1,2,1,1,0,0
0xa38be2,83.3333%,1,5,6,5,1,0,0
0x5da555,50%,1,1,2,0,0,1,1
0x7ceb9d,50%,1,1,2,1,1,0,0
0x67b1ae,87.5%,1,7,8,7,1,0,0
0x6041e4,97.7273%,1,43,44,43,1,0,0
0x76cb81,97.7273%,1,43,44,0,0,1,43
0x7b1c67,50%,1,1,2,1,1,0,0
0x6301f1,50%,1,1,2,0,0,1,1
0x64fd17,50%,1,1,2,0,0,1,1
0x75f5d1,50%,1,1,2,1,1,0,0
0x5e908d,75%,1,3,4,1,1,0,2
0x633f6e,87.5%,1,7,8,6,0,1,1
0x5da32a,50%,1,1,2,1,1,0,0
0x76f2d4,91.6667%,1,11,12,11,1,0,0
0x949ee3,50%,1,1,2,0,0,1,1
0x67b62e,87.5%,1,7,8,7,1,0,0
0x76cf86,50%,1,1,2,1,1,0,0
0x5e708f,50%,1,1,2,1,1,0,0
0x7cd504,98.0769%,1,51,52,51,1,0,0
0x5f2527,50%,1,1,2,0,0,1,1
0xa0f65c,97.0588%,1,33,34,33,1,0,0
0x62f9b4,50%,1,1,2,0,0,1,1
0x5efae7,75%,1,3,4,1,1,0,2
0x686506,50%,1,1,2,1,1,0,0
0x6864ef,50%,1,1,2,1,1,0,0
0x633d65,50%,1,1,2,0,0,1,1
0x633db7,50%,1,1,2,0,0,1,1
0xa3a126,75%,1,3,4,3,1,0,0
0x633dcf,50%,1,1,2,0,0,1,1
0x6864d8,50%,1,1,2,1,1,0,0
0xa3a476,75%,1,3,4,3,1,0,0
0x659f33,50%,1,1,2,1,1,0,0
0x76ebd2,85.7143%,1,6,7,6,1,0,0
0x5ef98b,50%,1,1,2,1,1,0,0
0x5ef8d7,50%,1,1,2,1,1,0,0
0x7cfc4b,50%,1,1,2,1,1,0,0
0x7b1406,98.0769%,1,51,52,51,1,0,0
0x5949aa,87.5%,1,7,8,7,1,0,0
0x5ef73c,50%,1,1,2,0,0,1,1
0x766a3a,75%,1,3,4,3,1,0,0
0x5f01b3,98%,1,49,50,0,0,1,49
0x65a003,50%,1,1,2,1,1,0,0
0x75e9f8,97.619%,1,41,42,41,1,0,0
0x633bd6,50%,1,1,2,0,0,1,1
0x404913,83.3333%,1,5,6,5,1,0,0
0x5da298,50%,1,1,2,0,0,1,1
0x6873a3,50%,1,1,2,1,1,0,0
0x8bfe87,99.9615%,1,2599,2600,0,0,1,2599
0xa39dd3,75%,1,3,4,3,1,0,0
0x7b0510,50%,1,1,2,1,1,0,0
0xa3a052,75%,1,3,4,0,0,1,3
0x686607,50%,1,1,2,0,0,1,1
0x634167,50%,1,1,2,0,0,1,1
0x590c38,87.5%,1,7,8,0,0,1,7
0x67ad1e,87.5%,1,7,8,7,1,0,0
0x4a3f78,50%,1,1,2,1,1,0,0
0xa3a060,75%,1,3,4,0,1,0,3
0x64afac,98.0769%,1,51,52,0,0,1,51
0x599488,99.8397%,1,623,624,0,0,1,623
0x59863a,96.875%,1,31,32,31,1,0,0
0x75d782,50%,1,1,2,0,0,1,1
0x7622d3,97.7273%,1,43,44,0,0,1,43
0x618003,99.9747%,1,3951,3952,0,0,1,3951
0x5e9726,98.1481%,1,53,54,0,0,1,53
0x76f24b,85.7143%,1,6,7,0,1,0,6
0x6181c8,99.9747%,1,3951,3952,3951,1,0,0
0x7ceb37,50%,1,1,2,1,1,0,0
0x67b828,50%,1,1,2,0,0,1,1
0xa22c32,99.0476%,1,104,105,104,1,0,0
0x5e898c,90.9091%,1,10,11,10,1,0,0
0x7bc88c,98.0769%,1,51,52,51,1,0,0
0x8c1695,0%,1,0,1,0,1,0,0
0x64b535,50%,1,1,2,1,1,0,0
0x5e977a,98.1481%,1,53,54,53,1,0,0
0x5e76fe,96.875%,1,31,32,31,1,0,0
0x5e8d85,99.867%,1,751,752,578,1,0,173
0x769b39,75%,1,3,4,3,1,0,0
0x616c23,99.9025%,1,1025,1026,0,0,1,1025
0x67add9,50%,1,1,2,0,0,1,1
0xa79ec3,99.9985%,1,68782,68783,0,0,1,68782
0xa39603,85.7143%,1,6,7,6,1,0,0
0x67b7ae,87.5%,1,7,8,7,1,0,0
0xa39752,85.7143%,1,6,7,6,1,0,0
0x68767e,50%,1,1,2,1,1,0,0
0x7cf609,50%,1,1,2,1,1,0,0
0x95acaf,50%,1,1,2,1,1,0,0
0x5eff63,99.7537%,1,405,406,405,1,0,0
0xa31d19,99.9906%,1,10624,10625,10624,1,0,0
0x6876c6,50%,1,1,2,1,1,0,0
0x687695,50%,1,1,2,1,1,0,0
0x774b09,98.0769%,1,51,52,51,1,0,0
0x617db8,99.9747%,1,3951,3952,3951,1,0,0
0x617f07,99.9747%,1,3951,3952,3951,1,0,0
0x5e858a,92.3077%,1,12,13,12,1,0,0
0x5e9af1,50%,1,1,2,1,1,0,0
0x637ddd,99.6109%,1,256,257,0,0,1,256
0x6d882b,93.75%,1,15,16,15,1,0,0
0x92c7df,99.9808%,1,5199,5200,2599,1,0,2600
0x64eec5,87.5%,1,7,8,0,0,1,7
0x76f6fb,0%,1,0,1,0,1,0,0
0x7aa42a,98%,1,49,50,49,1,0,0
0x76fb20,85.7143%,1,6,7,6,1,0,0
0x7627d6,75%,1,3,4,3,1,0,0
0x6da57e,50%,1,1,2,1,1,0,0
0x7b227a,50%,1,1,2,0,0,1,1
0x96168f,99.9701%,1,3338,3339,3180,0,1,158
0x404c2b,95.4545%,1,21,22,21,1,0,0
0x76e40f,93.75%,1,15,16,0,0,1,15
0x8bf7b9,50%,1,1,2,0,0,1,1
0x403158,83.3333%,1,5,6,5,1,0,0
0x5e7744,99.2366%,1,130,131,130,1,0,0
0x5e5ab2,50%,1,1,2,1,1,0,0
0x7b232e,50%,1,1,2,1,1,0,0
0x614bc6,99.9855%,1,6915,6916,6915,1,0,0
0x65764a,50%,1,1,2,0,0,1,1
0x658be2,50%,1,1,2,0,0,1,1
0x7b1cd7,50%,1,1,2,1,1,0,0
0x7b1cb8,50%,1,1,2,1,1,0,0
0x961926,99.3711%,1,158,159,0,0,1,158
0x67b0b8,87.5%,1,7,8,0,0,1,7
0x5e72b0,50%,1,1,2,1,1,0,0
0x67b6b8,87.5%,1,7,8,0,0,1,7
0x7b1c8e,50%,1,1,2,1,1,0,0
0x5e7f5a,98.0769%,1,51,52,51,1,0,0
0x76fffd,98.0769%,1,51,52,51,1,0,0
0x8c187b,50%,1,1,2,1,1,0,0
0x5e8487,99.6689%,1,301,302,224,1,0,77
0x8c34ad,99%,1,99,100,0,0,1,99
0x634378,99.9615%,1,2599,2600,0,0,1,2599
0x604702,97.7273%,1,43,44,43,1,0,0
0x7b2288,50%,1,1,2,1,1,0,0
0x631047,98.0769%,1,51,52,0,0,1,51
0x5957fd,97.619%,1,41,42,41,1,0,0
0x6876dd,50%,1,1,2,1,1,0,0
0x75c687,96.6667%,1,29,30,29,1,0,0
0x75d19a,50%,1,1,2,1,1,0,0
0x8c5153,99.9615%,1,2599,2600,0,0,1,2599
0x614b7d,99.9855%,1,6915,6916,0,0,1,6915
0x64a67d,99%,1,99,100,99,1,0,0
0x67b6e8,87.5%,1,7,8,0,0,1,7
0x75d02c,75%,1,3,4,1,1,0,2
0x67afe8,50%,1,1,2,0,0,1,1
0x8c5eb9,99%,1,99,100,0,0,1,99
0x64a712,99%,1,99,100,99,1,0,0
0x6f5561,50%,1,1,2,1,1,0,0
0x62ffd9,50%,1,1,2,0,0,1,1
0x926a89,99.9631%,1,2712,2713,2712,1,0,0
0x762225,97.7273%,1,43,44,43,1,0,0
0x7cee70,50%,1,1,2,1,1,0,0
0x6f5508,50%,1,1,2,1,1,0,0
0x8bef68,99.5192%,1,207,208,207,1,0,0
0x6e6b4d,90%,1,9,10,9,1,0,0
0x62ff17,50%,1,1,2,0,0,1,1
0x771ef3,50%,1,1,2,1,1,0,0
0x6512e4,50%,1,1,2,0,0,1,1
0x8beeab,99.5192%,1,207,208,207,1,0,0
0x66ea17,50%,1,1,2,0,0,1,1
0x64bc3a,50%,1,1,2,1,1,0,0
0x4030f7,96.1538%,1,25,26,25,1,0,0
0x62fdb8,50%,1,1,2,0,0,1,1
0x7738de,98.0769%,1,51,52,51,1,0,0
0xa397b3,85.7143%,1,6,7,6,1,0,0
0x61c474,50%,1,1,2,1,1,0,0
0x7d013a,50%,1,1,2,1,1,0,0
0x65d645,50%,1,1,2,0,0,1,1
0x6038aa,97.7273%,1,43,44,21,1,0,22
0x5aca8b,75%,1,3,4,3,1,0,0
0x6da344,75%,1,3,4,3,1,0,0
0x5acaf2,75%,1,3,4,3,1,0,0
0x7c9e11,50%,1,1,2,1,1,0,0
0xa2b825,75%,1,3,4,3,1,0,0
0x76ec0d,85.7143%,1,6,7,6,1,0,0
0x66509b,50%,1,1,2,1,1,0,0
0x89fb91,87.5%,1,7,8,7,1,0,0
0x7b223e,50%,1,1,2,0,0,1,1
0x9267aa,50%,1,1,2,0,0,1,1
0x5f69d8,98.6842%,1,75,76,37,1,0,38
0x5ac76b,96.875%,1,31,32,27,1,0,4
0x402290,95%,1,19,20,19,1,0,0
0x926b18,87.5%,1,7,8,0,1,0,7
0x65a5c5,50%,1,1,2,0,0,1,1
0x7ccc8c,50%,1,1,2,1,1,0,0
0x404001,83.3333%,1,5,6,5,1,0,0
0x94a03f,50%,1,1,2,1,1,0,0
0xa39f7e,75%,1,3,4,3,1,0,0
0x5e6319,98%,1,49,50,0,0,1,49
0x92a5c8,98.9011%,1,90,91,0,0,1,90
0x8be9a8,50%,1,1,2,1,1,0,0
0x7579a3,98.0769%,1,51,52,0,0,1,51
0x5f2f12,99.0385%,1,103,104,51,1,0,52
0x403ff4,83.3333%,1,5,6,5,1,0,0
0x4ba178,50%,1,1,2,1,1,0,0
0x5ecab7,50%,1,1,2,1,1,0,0
0x62f13d,50%,1,1,2,0,0,1,1
0x926d88,87.5%,1,7,8,0,0,1,7
0x66e96c,99%,1,99,100,0,0,1,99
0x669eb3,98.0769%,1,51,52,0,0,1,51
0x685aed,87.5%,1,7,8,4,0,1,3
0x95a9af,98.0769%,1,51,52,51,1,0,0
0x599157,96.875%,1,31,32,31,1,0,0
0x64e392,90%,1,9,10,9,1,0,0
0x66a97c,98.0769%,1,51,52,0,0,1,51
0x95a7b3,50%,1,1,2,1,1,0,0
0x8c04a2,50%,1,1,2,0,0,1,1
0x687718,50%,1,1,2,1,1,0,0
0x66a179,50%,1,1,2,0,0,1,1
0x7cdc9f,50%,1,1,2,1,1,0,0
0x685a9e,50%,1,1,2,1,1,0,0
0x7cd284,50%,1,1,2,1,1,0,0
0x7cec03,50%,1,1,2,1,1,0,0
0x59925f,96.875%,1,31,32,31,1,0,0
0x777ee1,87.5%,1,7,8,7,1,0,0
0x5f7bbe,50%,1,1,2,1,1,0,0
0x62f88f,50%,1,1,2,0,0,1,1
0x65cc84,50%,1,1,2,0,0,1,1
0x7d04dd,50%,1,1,2,1,1,0,0
0x6550dc,99.9897%,1,9693,9694,0,0,1,9693
0x66a7dd,50%,1,1,2,0,0,1,1
0x7b2cd9,50%,1,1,2,1,1,0,0
0x9e1b35,50%,1,1,2,1,1,0,0
0x774719,98.0769%,1,51,52,0,0,1,51
0x616ed6,98.0769%,1,51,52,51,1,0,0
0x64bb0e,50%,1,1,2,1,1,0,0
0x63182b,50%,1,1,2,0,0,1,1
0x6051cc,50%,1,1,2,1,1,0,0
0x590a05,87.5%,1,7,8,7,1,0,0
0x7590f5,99.359%,1,155,156,155,1,0,0
0x7cd871,98.0769%,1,51,52,51,1,0,0
0x949ddb,50%,1,1,2,1,1,0,0
0x7699af,99.7596%,1,415,416,0,0,1,415
0x7ef49b,50%,1,1,2,1,1,0,0
0x7afb9a,98.0769%,1,51,52,51,1,0,0
0x7cd713,98.0769%,1,51,52,0,0,1,51
0x926f59,98%,1,49,50,0,0,1,49
0x7cbd8e,98.0769%,1,51,52,51,1,0,0
0x8c0456,50%,1,1,2,1,1,0,0
0x642015,50%,1,1,2,0,0,1,1
0x429901,99.9254%,1,1340,1341,1340,1,0,0
0x6311b2,50%,1,1,2,0,0,1,1
0x7bd1dc,99.6154%,1,259,260,259,1,0,0
0x95a8ec,50%,1,1,2,0,0,1,1
0x620c44,83.3333%,1,5,6,5,1,0,0
0x63b37b,50%,1,1,2,0,0,1,1
0x661352,50%,1,1,2,0,0,1,1
0x5f4490,75%,1,3,4,3,1,0,0
0x5a8e45,96.6667%,1,29,30,29,1,0,0
0x661a63,87.5%,1,7,8,5,1,0,2
0x661bc4,50%,1,1,2,0,0,1,1
0x638050,99.985%,1,6681,6682,6681,1,0,0
0x635dca,50%,1,1,2,0,0,1,1
0x929567,99.2%,1,124,125,124,1,0,0
0x7aa192,98.0769%,1,51,52,0,0,1,51
0xa39744,85.7143%,1,6,7,6,1,0,0
0x7cbe2d,50%,1,1,2,1,1,0,0
0x6313e6,98.0769%,1,51,52,0,0,1,51
0x605599,50%,1,1,2,1,1,0,0
0x643302,99.9615%,1,2599,2600,0,0,1,2599
0x7bd32e,90%,1,9,10,9,1,0,0
0x8bff23,99.9753%,1,4045,4046,4045,1,0,0
0x65a149,50%,1,1,2,0,0,1,1
0x63c782,99.6109%,1,256,257,0,0,1,256
0x64c543,98.75%,1,79,80,0,0,1,79
0x8a4aab,50%,1,1,2,1,1,0,0
0x7ce201,98.0769%,1,51,52,51,1,0,0
0x62ea5e,50%,1,1,2,0,0,1,1
0x6858f0,50%,1,1,2,1,1,0,0
0x630914,50%,1,1,2,0,0,1,1
0x92bd1c,99.75%,1,399,400,300,0,1,99
0x5997a6,95.8333%,1,23,24,23,1,0,0
0x42af2c,83.3333%,1,5,6,5,1,0,0
0x7cf453,50%,1,1,2,0,0,1,1
0x92c3d1,99.9615%,1,2599,2600,2599,1,0,0
0x7625f5,91.6667%,1,11,12,0,0,1,11
0x7ccde3,50%,1,1,2,1,1,0,0
0x66a252,87.5%,1,7,8,6,0,1,1
0x59824f,75%,1,3,4,0,0,1,3
0x8bf348,98.0769%,1,51,52,0,0,1,51
0x598eed,92.8571%,1,13,14,1,1,0,12
0x774884,50%,1,1,2,1,1,0,0
0x7bc8c1,50%,1,1,2,0,0,1,1
0x7cc6be,98.0769%,1,51,52,51,1,0,0
0x65b595,50%,1,1,2,0,0,1,1
0x645c31,50%,1,1,2,0,0,1,1
0x613d7e,97.9167%,1,47,48,23,1,0,24
0x7cd641,98.0769%,1,51,52,51,1,0,0
0xa79792,98.7805%,1,81,82,81,1,0,0
0x4a48e1,75%,1,3,4,3,1,0,0
0x66f257,50%,1,1,2,0,0,1,1
0x7cd0d3,50%,1,1,2,1,1,0,0
0x4a223a,75%,1,3,4,3,1,0,0
0x95aa1f,50%,1,1,2,0,0,1,1
0x630bd7,50%,1,1,2,0,0,1,1
0x41cc0f,98.4375%,1,63,64,63,1,0,0
0x65a079,50%,1,1,2,1,1,0,0
0x404972,83.3333%,1,5,6,5,1,0,0
0x9f7e72,87.5%,1,7,8,7,1,0,0
0x8c10f8,50%,1,1,2,1,1,0,0
0x6318c1,50%,1,1,2,0,0,1,1
0xa24d46,99.6491%,1,284,285,0,0,1,284
0x766cdc,75%,1,3,4,0,0,1,3
0x6d9045,97.2222%,1,35,36,35,1,0,0
0xa78048,75%,1,3,4,0,0,1,3
0x595958,97.619%,1,41,42,41,1,0,0
0x64bc32,50%,1,1,2,0,0,1,1
0x656e44,50%,1,1,2,0,0,1,1
0x6867ac,75%,1,3,4,1,1,0,2
0x596e8a,99.3827%,1,161,162,0,0,1,161
0x635c51,99.75%,1,399,400,299,1,0,100
0x595946,97.619%,1,41,42,41,1,0,0
0x6491bc,98.8095%,1,83,84,0,0,1,83
0x42a8de,97.3684%,1,37,38,37,1,0,0
0x64ee5c,87.5%,1,7,8,7,1,0,0
0x656f35,50%,1,1,2,0,0,1,1
0x40320d,96.1538%,1,25,26,25,1,0,0
0x9fb69e,99.6139%,1,258,259,258,1,0,0
0x616951,98.0769%,1,51,52,51,1,0,0
0x593a24,87.5%,1,7,8,7,1,0,0
0x593a0c,87.5%,1,7,8,7,1,0,0
0x9fb719,99.6139%,1,258,259,258,1,0,0
0x67009c,99.5192%,1,207,208,0,0,1,207
0x6607fb,50%,1,1,2,1,1,0,0
0x64a64b,99%,1,99,100,99,1,0,0
0x650792,50%,1,1,2,1,1,0,0
0x66b202,99.5192%,1,207,208,156,0,1,51
0x7ceed8,50%,1,1,2,1,1,0,0
0x770e9f,50%,1,1,2,0,0,1,1
0x659fb7,50%,1,1,2,1,1,0,0
0x4048c7,83.3333%,1,5,6,5,1,0,0
0x633311,50%,1,1,2,0,0,1,1
0x645e9a,99.9753%,1,4045,4046,4045,1,0,0
0x9e17f5,98.9583%,1,95,96,95,1,0,0
0x68228e,50%,1,1,2,0,0,1,1
0x594231,87.5%,1,7,8,7,1,0,0
0x4048b0,83.3333%,1,5,6,0,0,1,5
0x649860,50%,1,1,2,0,0,1,1
0x6d8e6e,93.75%,1,15,16,0,0,1,15
0x64fca8,98.75%,1,79,80,0,0,1,79
0x4a2c43,83.3333%,1,5,6,5,1,0,0
0x616e33,98.0769%,1,51,52,0,0,1,51
0x4a2b0d,83.3333%,1,5,6,5,1,0,0
0x65c853,99.5192%,1,207,208,0,0,1,207
0x42a5c5,99.1935%,1,123,124,123,1,0,0
0x4a261c,83.3333%,1,5,6,5,1,0,0
0x7cf5f6,50%,1,1,2,0,0,1,1
0x8c1506,99.6552%,1,289,290,32,1,0,257
0x404a90,95.4545%,1,21,22,5,1,0,16
0x8c1fc7,50%,1,1,2,0,0,1,1
0x7cb493,50%,1,1,2,1,1,0,0
0x64193e,50%,1,1,2,1,1,0,0
0x7ce28b,50%,1,1,2,1,1,0,0
0x666023,98.0769%,1,51,52,0,0,1,51
0x60532f,50%,1,1,2,1,1,0,0
0x5d2873,99.961%,1,2565,2566,2565,1,0,0
0x4a447d,75%,1,3,4,3,1,0,0
0x7cda81,98.0769%,1,51,52,51,1,0,0
0x6053e3,50%,1,1,2,1,1,0,0
0x68884d,50%,1,1,2,0,0,1,1
0x665d00,98.0769%,1,51,52,51,1,0,0
0x7cf4b2,50%,1,1,2,1,1,0,0
0x653715,50%,1,1,2,0,0,1,1
0x7cef3e,50%,1,1,2,1,1,0,0
0x65081a,50%,1,1,2,0,0,1,1
0x639cb2,50%,1,1,2,0,0,1,1
0x66b16f,50%,1,1,2,0,0,1,1
0x5958ff,97.619%,1,41,42,41,1,0,0
0x7cb534,50%,1,1,2,0,0,1,1
0x7e7da3,50%,1,1,2,1,1,0,0
0x685cc1,50%,1,1,2,1,1,0,0
0x40492a,83.3333%,1,5,6,5,1,0,0
0x64efd4,87.5%,1,7,8,7,1,0,0
0x6594fc,98.0769%,1,51,52,0,0,1,51
0x685204,50%,1,1,2,0,0,1,1
0x66b1ec,98.0769%,1,51,52,0,0,1,51
0x40313e,96.1538%,1,25,26,25,1,0,0
0xa76a6b,99.9696%,1,3285,3286,0,0,1,3285
0x5958a1,97.619%,1,41,42,41,1,0,0
0x758826,98.0769%,1,51,52,51,1,0,0
0x404c5c,95.4545%,1,21,22,21,1,0,0
0x59446e,87.5%,1,7,8,7,1,0,0
0x632cf4,50%,1,1,2,0,0,1,1
0x8befbb,98.0769%,1,51,52,51,1,0,0
0x4a2e95,83.3333%,1,5,6,5,1,0,0
0x4a2e1a,83.3333%,1,5,6,5,1,0,0
0x77286f,98.0769%,1,51,52,0,0,1,51
0x65517a,99.9863%,1,7301,7302,3660,1,0,3641
0x8c31c3,99%,1,99,100,0,0,1,99
0x7731fd,98.0769%,1,51,52,0,0,1,51
0x7a999b,99%,1,99,100,99,1,0,0
0x7cdeb2,98.0769%,1,51,52,51,1,0,0
0x5987c7,99.9199%,1,1247,1248,0,0,1,1247
0x8c1665,83.3333%,1,5,6,0,0,1,5
0x7cb764,50%,1,1,2,0,0,1,1
0x62ebbe,50%,1,1,2,0,0,1,1
0x5ac5bf,50%,1,1,2,1,1,0,0
0x66730b,98.0769%,1,51,52,0,0,1,51
0x75af86,99.8647%,1,738,739,738,1,0,0
0x4abb54,98.4375%,1,63,64,63,1,0,0
0x63ecab,50%,1,1,2,0,0,1,1
0x688554,50%,1,1,2,1,1,0,0
0x640f98,50%,1,1,2,0,0,1,1
0x8a0027,50%,1,1,2,1,1,0,0
0x7e7e08,50%,1,1,2,1,1,0,0
0x64cd88,50%,1,1,2,0,0,1,1
0x405097,95.4545%,1,21,22,15,1,0,6
0x645e19,98.0769%,1,51,52,0,0,1,51
0x4a4322,50%,1,1,2,1,1,0,0
0x404e5c,95.4545%,1,21,22,21,1,0,0
0x7ccb39,50%,1,1,2,1,1,0,0
0x4a3d5b,50%,1,1,2,1,1,0,0
0x75d7d0,50%,1,1,2,1,1,0,0
0x76a976,87.5%,1,7,8,5,1,0,2
0x6678b3,98.0769%,1,51,52,0,0,1,51
0x763215,50%,1,1,2,0,0,1,1
0x632b34,50%,1,1,2,0,0,1,1
0x5ed1bb,98.0769%,1,51,52,51,1,0,0
0x646352,50%,1,1,2,0,0,1,1
0x9f5ecb,99.1935%,1,123,124,123,1,0,0
0x66abe5,50%,1,1,2,0,0,1,1
0x63d8bb,99.5192%,1,207,208,0,0,1,207
0x67b61e,87.5%,1,7,8,7,1,0,0
0x65f9ad,50%,1,1,2,0,0,1,1
0x5f6eea,99.906%,1,1063,1064,1063,1,0,0
0x64fe39,50%,1,1,2,1,1,0,0
0x7b35a0,50%,1,1,2,1,1,0,0
0x9f8108,99.4764%,1,190,191,0,0,1,190
0x685d16,50%,1,1,2,1,1,0,0
0x59897a,97.9167%,1,47,48,47,1,0,0
0x4abb35,99.8008%,1,501,502,123,1,0,378
0x4049a6,83.3333%,1,5,6,5,1,0,0
0x5aca0d,75%,1,3,4,3,1,0,0
0x64a749,99%,1,99,100,99,1,0,0
0x76100a,50%,1,1,2,0,0,1,1
0x8c4da3,99.9615%,1,2599,2600,2599,1,0,0
0x65a452,50%,1,1,2,0,0,1,1
0x9fb7d8,99.6169%,1,260,261,260,1,0,0
0xa78491,50%,1,1,2,1,1,0,0
0x650a5b,50%,1,1,2,1,1,0,0
0x403fd4,83.3333%,1,5,6,5,1,0,0
0x404b01,95.4545%,1,21,22,21,1,0,0
0x6310e7,98.0769%,1,51,52,0,0,1,51
0x7cf531,50%,1,1,2,1,1,0,0
0x772c93,50%,1,1,2,1,1,0,0
0x685cd8,50%,1,1,2,1,1,0,0
0x40526d,83.3333%,1,5,6,5,1,0,0
0x62f0d7,50%,1,1,2,0,0,1,1
0x633e82,50%,1,1,2,0,0,1,1
0x6056cf,50%,1,1,2,1,1,0,0
0x666d50,87.5%,1,7,8,0,0,1,7
0x42a6dc,83.3333%,1,5,6,5,1,0,0
0x65e754,99.9904%,1,10399,10400,7799,1,0,2600
0x8c15f8,99.2366%,1,130,131,0,0,1,130
0x9f4f37,99.6169%,1,260,261,260,1,0,0
0x635edb,50%,1,1,2,0,0,1,1
0x7d0092,50%,1,1,2,1,1,0,0
0x63f3c3,50%,1,1,2,0,0,1,1
0x76239f,50%,1,1,2,0,0,1,1
0x76e11d,50%,1,1,2,1,1,0,0
0x650a14,50%,1,1,2,1,1,0,0
0x64ddde,99%,1,99,100,0,0,1,99
0x6509f2,50%,1,1,2,1,1,0,0
0x6509d0,50%,1,1,2,1,1,0,0
0x656ee5,50%,1,1,2,0,0,1,1
0x7aa162,98.0769%,1,51,52,0,0,1,51
0x6373f0,99.7942%,1,485,486,485,1,0,0
0x7b009b,50%,1,1,2,0,0,1,1
0x659b7c,99.9615%,1,2599,2600,0,0,1,2599
0x595817,97.619%,1,41,42,41,1,0,0
0x95ae7f,50%,1,1,2,1,1,0,0
0x4031c1,96.1538%,1,25,26,25,1,0,0
0x637295,99.6109%,1,256,257,256,1,0,0
0x66e197,50%,1,1,2,0,0,1,1
0x64b55a,50%,1,1,2,1,1,0,0
0x614a94,99.9855%,1,6915,6916,0,0,1,6915
0x595472,99.8397%,1,623,624,623,1,0,0
0x64e43f,90%,1,9,10,9,1,0,0
0x63d788,99.9904%,1,10399,10400,10399,1,0,0
0x64e432,95%,1,19,20,9,1,0,10
0x8c33ad,99%,1,99,100,0,0,1,99
0x686525,50%,1,1,2,1,1,0,0
0x75e5f2,97.7273%,1,43,44,0,0,1,43
0x7aa013,99%,1,99,100,0,0,1,99
0x602f3d,95.4545%,1,21,22,21,1,0,0
0x66600c,87.5%,1,7,8,7,1,0,0
0x778284,87.5%,1,7,8,7,1,0,0
0x608fd2,99.5495%,1,221,222,221,1,0,0
0x63b395,50%,1,1,2,0,0,1,1
0x429f25,99%,1,99,100,0,0,1,99
0x60889d,99.4318%,1,175,176,175,1,0,0
0x659f58,50%,1,1,2,1,1,0,0
0x64c026,99.9781%,1,4570,4571,4570,1,0,0
0xa7a6b0,99.6109%,1,256,257,256,1,0,0
0x650ba8,50%,1,1,2,1,1,0,0
0x772a17,50%,1,1,2,1,1,0,0
0x7b43bd,50%,1,1,2,0,0,1,1
0xa39eb8,75%,1,3,4,0,1,0,3
0x76dff7,50%,1,1,2,0,0,1,1
0x656e03,50%,1,1,2,0,0,1,1
0x636f3b,99.6109%,1,256,257,0,0,1,256
0x63c9f5,99.9831%,1,5911,5912,101,1,0,5810
0x608f1e,99.5495%,1,221,222,0,0,1,221
0x5fcd11,98.8636%,1,87,88,87,1,0,0
0x64ee2c,87.5%,1,7,8,7,1,0,0
0x7bd322,95%,1,19,20,9,1,0,10
0x6876af,50%,1,1,2,1,1,0,0
0xa7699f,99.9979%,1,47677,47678,47677,1,0,0
0x63c877,98.9583%,1,95,96,0,0,1,95
0x76657e,75%,1,3,4,0,0,1,3
0x7a9eb7,99%,1,99,100,99,1,0,0
0x76ea03,85.7143%,1,6,7,0,1,0,6
0x7edfe7,50%,1,1,2,1,1,0,0
0x5983f2,96.875%,1,31,32,27,1,0,4
0x7a8cd2,99.0385%,1,103,104,103,1,0,0
0x64d26f,99.75%,1,399,400,0,0,1,399
0x75f627,50%,1,1,2,1,1,0,0
0x5f43be,94.4444%,1,17,18,0,0,1,17
0x76dea7,98.8095%,1,83,84,41,1,0,42
0xa30bbd,91.6667%,1,11,12,11,1,0,0
0x8c5d0d,99.96%,1,2499,2500,2499,1,0,0
0x4a2ee8,83.3333%,1,5,6,5,1,0,0
0x7ced3a,50%,1,1,2,1,1,0,0
0x639557,99%,1,99,100,0,0,1,99
0x669951,99.5192%,1,207,208,207,1,0,0
0x76e674,85.7143%,1,6,7,1,1,0,5
0xa7980a,99.422%,1,172,173,172,1,0,0
0x6085e7,99.9466%,1,1871,1872,1871,1,0,0
0x8beeda,99.5192%,1,207,208,207,1,0,0
0x6045fc,97.7273%,1,43,44,43,1,0,0
0x76e68c,85.7143%,1,6,7,4,1,0,2
0x65a4cb,50%,1,1,2,0,0,1,1
0x7625a9,83.3333%,1,5,6,0,0,1,5
0x63cf42,99.3007%,1,142,143,0,0,1,142
0x641eb8,98.0769%,1,51,52,0,0,1,51
0x65a754,50%,1,1,2,1,1,0,0
0x8c6578,99.96%,1,2499,2500,2499,1,0,0
0x605c29,50%,1,1,2,1,1,0,0
0x7cf5b0,50%,1,1,2,1,1,0,0
0x8c5f8e,99%,1,99,100,0,0,1,99
0x618de7,99.9855%,1,6915,6916,6915,1,0,0
0x63cf44,99.3007%,1,142,143,142,1,0,0
0x7cc976,99.359%,1,155,156,155,1,0,0
0x8c613b,99.9962%,1,25999,26000,12999,1,0,13000
0x6590d6,50%,1,1,2,0,0,1,1
0x7cd1ae,50%,1,1,2,1,1,0,0
0x772a0f,50%,1,1,2,0,0,1,1
0x5ecef1,98.0769%,1,51,52,51,1,0,0
0x7ce40a,98.0769%,1,51,52,51,1,0,0
0x778c4b,87.5%,1,7,8,7,1,0,0
0x687db9,98.0769%,1,51,52,51,1,0,0
0x773f21,50%,1,1,2,1,1,0,0
0x66ecb5,98.0769%,1,51,52,0,0,1,51
0x635b38,98.9796%,1,97,98,0,0,1,97
0x64f5fa,50%,1,1,2,0,0,1,1
0x761343,83.3333%,1,5,6,5,1,0,0
0x65a563,50%,1,1,2,0,0,1,1
0xa46938,99.9906%,1,10624,10625,0,0,1,10624
0x64b687,50%,1,1,2,0,0,1,1
0x63140a,50%,1,1,2,0,0,1,1
0x64a7dc,99%,1,99,100,99,1,0,0
0x9f5e21,99.569%,1,231,232,231,1,0,0
0x64a6b4,99%,1,99,100,99,1,0,0
0x5f0c47,99.9782%,1,4587,4588,4587,1,0,0
0x6388dd,99.9831%,1,5911,5912,101,1,0,5810
0x77826a,96.875%,1,31,32,31,1,0,0
0x765add,99.0385%,1,103,104,103,1,0,0
0x595989,97.619%,1,41,42,41,1,0,0
0x5ed573,98.0769%,1,51,52,0,0,1,51
0x62eade,50%,1,1,2,0,0,1,1
0x76d723,98.0769%,1,51,52,0,0,1,51
0x5997d9,96.875%,1,31,32,7,1,0,24
0x7afdd0,98.0769%,1,51,52,51,1,0,0
0x650b83,50%,1,1,2,1,1,0,0
0x7b0828,50%,1,1,2,1,1,0,0
0x66fdc2,99.7596%,1,415,416,207,1,0,208
0x778fb1,99.5192%,1,207,208,207,1,0,0
0x65a469,87.5%,1,7,8,5,1,0,2
0x89fee2,50%,1,1,2,1,1,0,0
0xa77e43,99.883%,1,854,855,0,0,1,854
0x636c9e,99.8054%,1,513,514,256,1,0,257
0x641b87,50%,1,1,2,0,0,1,1
0x9fef9e,75%,1,3,4,3,1,0,0
0x9e1530,98.9583%,1,95,96,95,1,0,0
0xa3a134,75%,1,3,4,3,0,1,0
0x778d11,99.375%,1,159,160,159,1,0,0
0x64fc2c,98.0769%,1,51,52,0,0,1,51
0x755f02,99.5192%,1,207,208,0,0,1,207
0x7bd5bf,90%,1,9,10,9,1,0,0
0x5e91d7,50%,1,1,2,1,1,0,0
0x65af2d,50%,1,1,2,0,0,1,1
0x76dadd,97.7273%,1,43,44,0,0,1,43
0x7affe6,50%,1,1,2,1,1,0,0
0x769a8a,75%,1,3,4,3,1,0,0
0x7aab05,50%,1,1,2,0,0,1,1
0x65487f,99.9992%,1,120407,120408,8521,0,1,111886
0x5a8e8b,99.8858%,1,875,876,875,1,0,0
0x76db78,98.8636%,1,87,88,43,1,0,44
0x7e82eb,50%,1,1,2,1,1,0,0
0x76cd70,75%,1,3,4,1,1,0,2
0x7e80c9,98.0769%,1,51,52,51,1,0,0
0x8c3c3a,99.8%,1,499,500,499,1,0,0
0x94a0b1,50%,1,1,2,1,1,0,0
0x7aa3aa,98%,1,49,50,49,1,0,0
0x7bc951,50%,1,1,2,1,1,0,0
0x5ac4fa,50%,1,1,2,1,1,0,0
0x685157,83.3333%,1,5,6,5,1,0,0
0x67baa5,50%,1,1,2,0,0,1,1
0x6433cb,98.0769%,1,51,52,0,0,1,51
0x758a2b,99.0385%,1,103,104,51,1,0,52
0x7aa022,99%,1,99,100,99,1,0,0
0x6053ca,50%,1,1,2,1,1,0,0
0x65b0ae,50%,1,1,2,1,1,0,0
0x643a16,50%,1,1,2,0,0,1,1
0x761a99,50%,1,1,2,1,1,0,0
0x65b644,50%,1,1,2,0,0,1,1
0x6da2dc,75%,1,3,4,0,0,1,3
0x761b17,50%,1,1,2,0,0,1,1
0x6d9067,99.4444%,1,179,180,179,1,0,0
0x5958e9,97.619%,1,41,42,41,1,0,0
0x4b9bf8,91.6667%,1,11,12,11,1,0,0
0x65a72e,75%,1,3,4,3,1,0,0
0x76bb9b,97.619%,1,41,42,0,0,1,41
0x76f420,92.8571%,1,13,14,0,0,1,13
0x608940,50%,1,1,2,1,1,0,0
0x688576,50%,1,1,2,1,1,0,0
0x658b9e,50%,1,1,2,0,0,1,1
0x65af1a,50%,1,1,2,0,0,1,1
0x9f57fe,92.8571%,1,13,14,0,0,1,13
0x4b9ed8,98.4375%,1,63,64,63,1,0,0
0x7657d4,99.0385%,1,103,104,103,1,0,0
0x7b0076,50%,1,1,2,1,1,0,0
0x649998,50%,1,1,2,0,0,1,1
0x9fb58a,99.6169%,1,260,261,260,1,0,0
0x773cbb,98.0769%,1,51,52,51,1,0,0
0x63b258,98.8095%,1,83,84,83,1,0,0
0x756427,98.0769%,1,51,52,51,1,0,0
0x632d3b,99.7863%,1,467,468,0,0,1,467
0x685d4b,50%,1,1,2,1,1,0,0
0x76fed4,50%,1,1,2,1,1,0,0
0x598529,99.0385%,1,103,104,103,1,0,0
0x75f309,50%,1,1,2,1,1,0,0
0x65a7f9,87.5%,1,7,8,0,0,1,7
0x67b700,50%,1,1,2,0,0,1,1
0x774d46,50%,1,1,2,1,1,0,0
0x773b47,98.0769%,1,51,52,51,1,0,0
0x7700b5,50%,1,1,2,1,1,0,0
0x6432fb,98.0769%,1,51,52,0,0,1,51
0x771f2a,50%,1,1,2,1,1,0,0
0x5ea161,98.0769%,1,51,52,51,1,0,0
0x95aabf,98.0769%,1,51,52,51,1,0,0
0x75e1a9,50%,1,1,2,1,1,0,0
0x9f9a30,99.6753%,1,307,308,307,1,0,0
0x77375a,50%,1,1,2,1,1,0,0
0x593b06,87.5%,1,7,8,0,0,1,7
0x42bc5c,83.3333%,1,5,6,5,1,0,0
0x774846,50%,1,1,2,1,1,0,0
0x646198,99.9615%,1,2599,2600,0,0,1,2599
0x76fa90,85.7143%,1,6,7,6,1,0,0
0x7cf687,50%,1,1,2,1,1,0,0
0x4a4410,75%,1,3,4,3,1,0,0
0x76fe3a,75%,1,3,4,3,1,0,0
0x64fb32,50%,1,1,2,0,0,1,1
0x76fe46,75%,1,3,4,3,1,0,0
0x6361b2,50%,1,1,2,0,0,1,1
0x67b9a2,50%,1,1,2,0,0,1,1
0x64a075,99%,1,99,100,0,0,1,99
0x7740f3,98.0769%,1,51,52,51,1,0,0
0x949fa0,87.5%,1,7,8,7,1,0,0
0x653a02,50%,1,1,2,0,0,1,1
0x76ecda,85.7143%,1,6,7,6,1,0,0
0x76cc21,97.7273%,1,43,44,43,1,0,0
0x773fe8,50%,1,1,2,1,1,0,0
0x7610d2,97.619%,1,41,42,0,0,1,41
0x404ab0,95.4545%,1,21,22,21,1,0,0
0x40518c,83.3333%,1,5,6,5,1,0,0
0x6600d4,50%,1,1,2,0,0,1,1
0x7cdb91,98.0769%,1,51,52,51,1,0,0
0x635202,50%,1,1,2,0,0,1,1
0x7b3551,50%,1,1,2,1,1,0,0
0x8c0c14,99.96%,1,2499,2500,0,0,1,2499
0x76ba97,50%,1,1,2,0,0,1,1
0x772ffe,98.0769%,1,51,52,51,1,0,0
0x63f2bb,50%,1,1,2,0,0,1,1
0x5fcfa4,98.8636%,1,87,88,87,1,0,0
0x5fc9b8,98.8636%,1,87,88,87,1,0,0
0x926d9e,66.6667%,1,2,3,2,1,0,0
0x772d5b,50%,1,1,2,1,1,0,0
0x76bcb0,50%,1,1,2,1,1,0,0
0x8a001d,50%,1,1,2,0,0,1,1
0x6d926f,99.4444%,1,179,180,179,1,0,0
0x9e1af0,87.5%,1,7,8,7,1,0,0
0x637b9d,99.6109%,1,256,257,256,1,0,0
0x772e34,50%,1,1,2,1,1,0,0
0x95ac4c,50%,1,1,2,0,0,1,1
0x7bd545,90%,1,9,10,0,0,1,9
0x76baca,50%,1,1,2,0,0,1,1
0x616b83,99.9025%,1,1025,1026,0,0,1,1025
0x76d549,98.0769%,1,51,52,0,0,1,51
0x75f366,50%,1,1,2,1,1,0,0
0x8bfc60,99%,1,99,100,99,1,0,0
0x7735cc,50%,1,1,2,1,1,0,0
0x686560,50%,1,1,2,1,1,0,0
0x6412c9,87.5%,1,7,8,5,1,0,2
0x7cd046,98.0769%,1,51,52,51,1,0,0
0x75e081,50%,1,1,2,0,0,1,1
0x64a0bc,99.9615%,1,2599,2600,0,0,1,2599
0x649a4f,50%,1,1,2,0,0,1,1
0x76e88b,0%,1,0,1,0,0,1,0
0x64f80c,50%,1,1,2,0,0,1,1
0x5f6983,97.3684%,1,37,38,37,1,0,0
0x6851bd,50%,1,1,2,0,0,1,1
0x773266,98.0769%,1,51,52,51,1,0,0
0x649228,50%,1,1,2,1,1,0,0
0x75f88d,50%,1,1,2,0,0,1,1
0x605d5d,95.4545%,1,21,22,21,1,0,0
0x77314e,98.0769%,1,51,52,51,1,0,0
0x682138,98.0769%,1,51,52,0,0,1,51
0x6393fe,99.6109%,1,256,257,256,1,0,0
0x7cf2b8,99.0385%,1,103,104,51,1,0,52
0x6394be,50%,1,1,2,1,1,0,0
0x650520,50%,1,1,2,1,1,0,0
0x7aeebd,50%,1,1,2,1,1,0,0
0x76f64f,0%,1,0,1,0,1,0,0
0x64ebad,96.875%,1,31,32,31,1,0,0
0x650744,50%,1,1,2,1,1,0,0
0x7e7689,50%,1,1,2,0,0,1,1
0xa3979b,85.7143%,1,6,7,6,1,0,0
0xa43c98,99.9906%,1,10624,10625,0,0,1,10624
0x650664,50%,1,1,2,1,1,0,0
0x65067e,50%,1,1,2,1,1,0,0
0x40400c,83.3333%,1,5,6,5,1,0,0
0x64e1fe,99.8%,1,499,500,499,1,0,0
0x5958d7,97.619%,1,41,42,41,1,0,0
0x4a3e99,50%,1,1,2,1,1,0,0
0x8bcf0d,50%,1,1,2,1,1,0,0
0x7e7dba,50%,1,1,2,1,1,0,0
0x772947,98.0769%,1,51,52,51,1,0,0
0x598851,97.9167%,1,47,48,47,1,0,0
0x609040,98.2759%,1,57,58,57,1,0,0
0x659f06,50%,1,1,2,1,1,0,0
0x7e81d9,98.0769%,1,51,52,51,1,0,0
0x64bd53,98.75%,1,79,80,0,0,1,79
0x64db83,98.75%,1,79,80,0,0,1,79
0x64cac6,98.75%,1,79,80,0,0,1,79
0x7af9d5,50%,1,1,2,1,1,0,0
0x9e15ae,98.9583%,1,95,96,0,0,1,95
0x64c7f3,98.75%,1,79,80,0,0,1,79
0x614de6,99.9855%,1,6915,6916,6915,1,0,0
0x650a39,50%,1,1,2,1,1,0,0
0x5f40cd,75%,1,3,4,3,1,0,0
0x7cc018,98.0769%,1,51,52,0,0,1,51
0x7ceda0,50%,1,1,2,1,1,0,0
0x8c5c92,99.96%,1,2499,2500,0,0,1,2499
0x5a6378,75%,1,3,4,3,1,0,0
0x647274,50%,1,1,2,0,0,1,1
0x8c5b40,99%,1,99,100,0,0,1,99
0x658c5f,50%,1,1,2,1,1,0,0
0x762c03,97.3684%,1,37,38,0,0,1,37
0x773693,50%,1,1,2,1,1,0,0
0x639afb,50%,1,1,2,0,0,1,1
0x5e9e52,99.0385%,1,103,104,103,1,0,0
0x5e9e0e,99.5192%,1,207,208,103,1,0,104
0x7cc3ae,98.0769%,1,51,52,51,1,0,0
0x5ed4ef,50%,1,1,2,0,0,1,1
0x8c50ef,99%,1,99,100,0,0,1,99
0x768650,75%,1,3,4,0,0,1,3
0x650a85,50%,1,1,2,1,1,0,0
0x5e99c3,99.0385%,1,103,104,51,1,0,52
0x64f0a3,99.5192%,1,207,208,0,0,1,207
0x64d653,50%,1,1,2,0,0,1,1
0xa7849b,50%,1,1,2,1,1,0,0
0x6381ad,99.6109%,1,256,257,256,1,0,0
0x6d8e63,93.75%,1,15,16,0,0,1,15
0x6509a6,50%,1,1,2,1,1,0,0
0x5e4d58,91.6667%,1,11,12,11,1,0,0
0x774cff,50%,1,1,2,1,1,0,0
0x657ea9,50%,1,1,2,0,0,1,1
0x64f77b,50%,1,1,2,0,0,1,1
0x42ae9f,93.75%,1,15,16,15,1,0,0
0x7749fa,98.0769%,1,51,52,51,1,0,0
0x76ceb0,98.0769%,1,51,52,51,1,0,0
0xa3975c,85.7143%,1,6,7,6,1,0,0
0x9f8117,99.4764%,1,190,191,0,0,1,190
0x594850,99.5192%,1,207,208,207,1,0,0
0x429646,99.5192%,1,207,208,7,1,0,200
0x77485d,50%,1,1,2,1,1,0,0
0x7e733d,98.0769%,1,51,52,51,1,0,0
0x681f12,99.5192%,1,207,208,103,1,0,104
0x67b07d,87.5%,1,7,8,7,1,0,0
0x6da1a8,75%,1,3,4,3,1,0,0
0x755c89,50%,1,1,2,0,0,1,1
0x95ae74,50%,1,1,2,0,0,1,1
0x64f2aa,99.9938%,1,15999,16000,15999,1,0,0
0x92739a,85.7143%,1,6,7,6,1,0,0
0x64f234,99.9969%,1,32639,32640,32639,1,0,0
0x64bfe3,98.75%,1,79,80,0,0,1,79
0x8bf416,99.9753%,1,4045,4046,4045,1,0,0
0x7cd2ef,50%,1,1,2,1,1,0,0
0x7e72ec,98.0769%,1,51,52,0,0,1,51
0x7b3c9d,50%,1,1,2,1,1,0,0
0x636c45,99.6109%,1,256,257,0,0,1,256
0x9f8da8,99.6169%,1,260,261,260,1,0,0
0x7e70c6,50%,1,1,2,1,1,0,0
0x659f8d,50%,1,1,2,1,1,0,0
0x5fd042,98.8636%,1,87,88,87,1,0,0
0x7e719a,50%,1,1,2,1,1,0,0
0x763261,50%,1,1,2,0,0,1,1
0x644e2d,50%,1,1,2,0,0,1,1
0x8c568f,99.9923%,1,12999,13000,12999,1,0,0
0x5f4b41,98.6301%,1,72,73,0,0,1,72
0x5f3584,99.6711%,1,303,304,303,1,0,0
0x773a2e,98.0769%,1,51,52,51,1,0,0
0x66f07c,98.9796%,1,97,98,0,0,1,97
0x63becd,99.5192%,1,207,208,0,0,1,207
0x5f3390,99.6711%,1,303,304,303,1,0,0
0x7cfd14,50%,1,1,2,1,1,0,0
0x403f90,83.3333%,1,5,6,5,1,0,0
0x598c85,92.8571%,1,13,14,1,1,0,12
0x7607e0,50%,1,1,2,1,1,0,0
0x64a7ad,99%,1,99,100,99,1,0,0
0x7651fd,50%,1,1,2,1,1,0,0
0x75fc9d,50%,1,1,2,0,0,1,1
0x6d872d,93.75%,1,15,16,15,1,0,0
0x768dcb,96.875%,1,31,32,0,0,1,31
0x7cf7da,50%,1,1,2,1,1,0,0
0x598486,99.0385%,1,103,104,0,0,1,103
0x6660e3,98.0769%,1,51,52,0,0,1,51
0x64fdeb,50%,1,1,2,1,1,0,0
0x5f240f,50%,1,1,2,1,1,0,0
0x7bcfa0,99.6154%,1,259,260,259,1,0,0
0x669f17,50%,1,1,2,1,1,0,0
0x7cb5ef,50%,1,1,2,1,1,0,0
0x767ce2,75%,1,3,4,3,1,0,0
0x659180,50%,1,1,2,0,0,1,1
0x63870c,99.6109%,1,256,257,0,0,1,256
0x6f54f1,50%,1,1,2,1,1,0,0
0x404c15,95.4545%,1,21,22,21,1,0,0
0x7cc44d,50%,1,1,2,1,1,0,0
0x8c2127,50%,1,1,2,0,0,1,1
0x5f0533,50%,1,1,2,1,1,0,0
0x631202,50%,1,1,2,0,0,1,1
0x598ca7,91.6667%,1,11,12,9,1,0,2
0x770f36,50%,1,1,2,1,1,0,0
0x5f692a,97.3684%,1,37,38,37,1,0,0
0x64349b,98.0769%,1,51,52,0,0,1,51
0x598c66,93.75%,1,15,16,1,1,0,14
0x769e1e,50%,1,1,2,0,0,1,1
0x75fbe2,98.0769%,1,51,52,51,1,0,0
0x685238,50%,1,1,2,0,0,1,1
0x65075e,50%,1,1,2,1,1,0,0
0x5f30fd,50%,1,1,2,1,1,0,0
0x65a02d,50%,1,1,2,1,1,0,0
0x7bced0,99.6154%,1,259,260,0,0,1,259
0x429a6a,50%,1,1,2,1,1,0,0
0xa397a5,85.7143%,1,6,7,6,1,0,0
0x8c69a2,99%,1,99,100,99,1,0,0
0x5f310e,87.5%,1,7,8,7,1,0,0
0x8c5446,99.9615%,1,2599,2600,2599,1,0,0
0x8c4045,99%,1,99,100,99,1,0,0
0x7579d3,98.0769%,1,51,52,0,0,1,51
0x67aaa8,50%,1,1,2,0,0,1,1
0x64a77b,99%,1,99,100,99,1,0,0
0x67ba4b,50%,1,1,2,0,0,1,1
0x75fd93,98.0769%,1,51,52,0,0,1,51
0x5e6fca,98.1481%,1,53,54,53,1,0,0
0x6506a3,50%,1,1,2,1,1,0,0
0x679fd1,50%,1,1,2,0,0,1,1
0x7e89c9,98.0769%,1,51,52,51,1,0,0
0x5f39e0,98.3333%,1,59,60,29,1,0,30
0x6637e8,98.0769%,1,51,52,0,0,1,51
0x8c5687,99.9923%,1,12999,13000,0,0,1,12999
0x65b02e,99.0909%,1,109,110,109,1,0,0
0x5f3de2,0%,1,0,1,0,1,0,0
0x5f3a10,98.3333%,1,59,60,29,1,0,30
0x767655,98.0769%,1,51,52,51,1,0,0
0x5f1149,99.0741%,1,107,108,53,1,0,54
0x5f1d28,99.6491%,1,284,285,0,1,0,284
0x67a8c0,87.5%,1,7,8,7,1,0,0
0x67a98f,50%,1,1,2,0,0,1,1
0x5f15c2,97.3684%,1,37,38,0,0,1,37
0x63ee5c,50%,1,1,2,0,0,1,1
0x767a26,75%,1,3,4,0,0,1,3
0x8c418e,99%,1,99,100,99,1,0,0
0x5f3d3a,83.3333%,1,5,6,5,1,0,0
0x65ad07,50%,1,1,2,0,0,1,1
0x63ee78,50%,1,1,2,0,0,1,1
0x646f49,50%,1,1,2,0,0,1,1
0x75683c,99.5192%,1,207,208,207,1,0,0
0x7679b4,75%,1,3,4,3,1,0,0
0x92c343,99.9615%,1,2599,2600,0,0,1,2599
0x6703b6,50%,1,1,2,1,1,0,0
0x598d36,50%,1,1,2,1,1,0,0
0x7edd70,50%,1,1,2,0,0,1,1
0x65064a,50%,1,1,2,1,1,0,0
0x4ba168,75%,1,3,4,1,1,0,2
0x5f4290,95.4545%,1,21,22,0,0,1,21
0xa31e0f,99.9906%,1,10624,10625,0,0,1,10624
0x669c32,97.619%,1,41,42,41,1,0,0
0x7b07da,50%,1,1,2,1,1,0,0
0x6458ec,98.0769%,1,51,52,0,0,1,51
0x5f0009,99.7537%,1,405,406,405,1,0,0
0xa7a87b,99.6109%,1,256,257,256,1,0,0
0x635bde,87.5%,1,7,8,5,1,0,2
0x5f4201,80%,1,4,5,0,1,0,4
0x76f740,92.8571%,1,13,14,0,1,0,13
0x7cf732,50%,1,1,2,1,1,0,0
0x64abd1,50%,1,1,2,0,0,1,1
0x6052df,50%,1,1,2,1,1,0,0
0x67a3e6,50%,1,1,2,0,0,1,1
0x5ed0db,50%,1,1,2,1,1,0,0
0x7cc157,50%,1,1,2,0,0,1,1
0x760c10,50%,1,1,2,0,0,1,1
0x5987d4,99.9199%,1,1247,1248,1247,1,0,0
0x5f463d,99.4872%,1,194,195,0,0,1,194
0x647241,50%,1,1,2,0,0,1,1
0x75fad4,50%,1,1,2,1,1,0,0
0x5f6a2a,97.3684%,1,37,38,37,1,0,0
0x757c13,98.0769%,1,51,52,0,0,1,51
0x5f2f6b,50%,1,1,2,1,1,0,0
0x652a89,99.9794%,1,4846,4847,0,0,1,4846
0x760ec8,50%,1,1,2,1,1,0,0
0x65e178,99.9615%,1,2599,2600,0,0,1,2599
0x8bf3c2,99.9615%,1,2599,2600,0,0,1,2599
0xa7a6cc,99.6109%,1,256,257,256,1,0,0
0x62eb7e,50%,1,1,2,0,0,1,1
0x8c027f,99%,1,99,100,99,1,0,0
0x9e0de7,96.6667%,1,29,30,29,1,0,0
0x666d7d,87.5%,1,7,8,0,0,1,7
0x635db1,50%,1,1,2,0,0,1,1
0x5f1192,98.1481%,1,53,54,53,1,0,0
0x645474,50%,1,1,2,0,0,1,1
0x65a203,92.8571%,1,13,14,0,0,1,13
0x5f2ac9,50%,1,1,2,1,1,0,0
0x64e76c,99.9877%,1,8159,8160,8159,1,0,0
0x667a43,99.5192%,1,207,208,207,1,0,0
0x76832a,99.0385%,1,103,104,0,0,1,103
0x597e64,50%,1,1,2,0,0,1,1
0x7b0b78,97.4359%,1,38,39,38,1,0,0
0x757bb3,98.0769%,1,51,52,0,0,1,51
0x64f96a,50%,1,1,2,0,0,1,1
0x76aeb0,50%,1,1,2,1,1,0,0
0x641674,50%,1,1,2,1,1,0,0
0x8c3b68,99.9%,1,999,1000,499,1,0,500
0x5f34cc,99.9494%,1,1975,1976,1975,1,0,0
0x758a37,98.0769%,1,51,52,51,1,0,0
0x5f2c13,75%,1,3,4,1,1,0,2
0x642ba2,99.9615%,1,2599,2600,0,0,1,2599
0x5f065e,50%,1,1,2,1,1,0,0
0x64fe53,50%,1,1,2,1,1,0,0
0x75d203,50%,1,1,2,0,0,1,1
0x64a985,99%,1,99,100,0,0,1,99
0x7cd971,98.0769%,1,51,52,51,1,0,0
0x76e9c3,85.7143%,1,6,7,6,1,0,0
0x635d9b,50%,1,1,2,0,0,1,1
0x5f6a77,98.6842%,1,75,76,37,1,0,38
0x648b8d,50%,1,1,2,0,0,1,1
0x5f05f5,50%,1,1,2,0,0,1,1
0x76abdf,98.0769%,1,51,52,0,0,1,51
0x756229,99.7475%,1,395,396,0,0,1,395
0x7b40fe,50%,1,1,2,1,1,0,0
0x5a32af,50%,1,1,2,1,1,0,0
0x76d5e9,98.0769%,1,51,52,0,0,1,51
0x7cf6bf,50%,1,1,2,1,1,0,0
0x42a9cd,92.8571%,1,13,14,13,1,0,0
0x64fe05,50%,1,1,2,1,1,0,0
0x42a81d,97.619%,1,41,42,41,1,0,0
0x688412,50%,1,1,2,1,1,0,0
0x772da2,50%,1,1,2,1,1,0,0
0x5f323b,95.8333%,1,23,24,0,0,1,23
0x5e63c2,98%,1,49,50,49,1,0,0
0x89fca3,87.5%,1,7,8,7,1,0,0
0x8c49be,99.9923%,1,12999,13000,12999,1,0,0
0x633a34,50%,1,1,2,0,0,1,1
0x7742de,50%,1,1,2,1,1,0,0
0x605240,50%,1,1,2,1,1,0,0
0x927233,90%,1,9,10,0,1,0,9
0x63150e,98.0769%,1,51,52,0,0,1,51
0x66a5ec,98.0769%,1,51,52,0,0,1,51
0x7e70ed,50%,1,1,2,1,1,0,0
0x928ae9,99.3711%,1,158,159,0,0,1,158
0x7bd1cd,99.8077%,1,519,520,259,1,0,260
0x614b63,100%,0,6916,6916,0,0,0,6916
0x7cf2c0,100%,0,52,52,52,0,0,0
0x614bbe,100%,0,6916,6916,0,0,0,6916
0x76cf29,100%,0,2,2,0,0,0,2
0x778c09,100%,0,8,8,0,0,0,8
0x769298,100%,0,12,12,0,0,0,12
0x64752a,100%,0,2,2,0,0,0,2
0x769172,100%,0,4,4,4,0,0,0
0x7cbf46,100%,0,2,2,0,0,0,2
0x7cc009,100%,0,52,52,0,0,0,52
0x657466,100%,0,2,2,0,0,0,2
0x7691df,100%,0,12,12,0,0,0,12
0x76f7c9,100%,0,6,6,0,0,0,6
0x7b2696,100%,0,2,2,2,0,0,0
0x60902a,100%,0,58,58,0,0,0,58
0x613cc2,100%,0,24,24,0,0,0,24
0x9e1787,100%,0,96,96,0,0,0,96
0x7733c5,100%,0,52,52,0,0,0,52
0x617db0,100%,0,3952,3952,0,0,0,3952
0x67b6d9,100%,0,2,2,0,0,0,2
0x64357b,100%,0,52,52,0,0,0,52
0x639dde,100%,0,2,2,0,0,0,2
0x64b59b,100%,0,2,2,0,0,0,2
0x613caf,100%,0,24,24,0,0,0,24
0x769276,100%,0,12,12,0,0,0,12
0x6181c0,100%,0,3952,3952,0,0,0,3952
0x7bd29e,100%,0,10,10,0,0,0,10
0x67b838,100%,0,8,8,0,0,0,8
0x768561,100%,0,176,176,0,0,0,176
0x7aa353,100%,0,50,50,0,0,0,50
0x7b231a,100%,0,2,2,0,0,0,2
0x7bd097,100%,0,10,10,0,0,0,10
0x7693ae,100%,0,104,104,0,0,0,104
0x96139a,100%,0,159,159,0,0,0,159
0x6372aa,100%,0,257,257,0,0,0,257
0x7bd089,100%,0,10,10,0,0,0,10
0x7cd866,100%,0,52,52,0,0,0,52
0x7e7748,100%,0,6,6,0,0,0,6
0x64dbf3,100%,0,2,2,0,0,0,2
0x60309a,100%,0,22,22,0,0,0,22
0x593d8e,100%,0,8,8,0,0,0,8
0x634e92,100%,0,2,2,0,0,0,2
0x7cc328,100%,0,52,52,0,0,0,52
0x75bb5e,100%,0,2,2,0,0,0,2
0x7e72d2,100%,0,52,52,0,0,0,52
0x6527bb,100%,0,24609,24609,0,0,0,24609
0x778ced,100%,0,160,160,0,0,0,160
0x7cc3a6,100%,0,52,52,0,0,0,52
0x6091a8,100%,0,222,222,0,0,0,222
0x5eca62,100%,0,52,52,0,0,0,52
0x67b70d,100%,0,2,2,0,0,0,2
0x614a7a,100%,0,266,266,0,0,0,266
0x5e6b6d,100%,0,2,2,0,0,0,2
0x7cc041,100%,0,52,52,0,0,0,52
0x639e1a,100%,0,2,2,0,0,0,2
0x64ba52,100%,0,80,80,0,0,0,80
0x7e73a0,100%,0,2,2,0,0,0,2
0x64599d,100%,0,2,2,0,0,0,2
0x618184,100%,0,3952,3952,0,0,0,3952
0x63428a,100%,0,2,2,0,0,0,2
0x7cc467,100%,0,2,2,0,0,0,2
0x7cc525,100%,0,2,2,0,0,0,2
0x7cc566,100%,0,2,2,0,0,0,2
0x632994,100%,0,2,2,0,0,0,2
0x7cc629,100%,0,52,52,0,0,0,52
0x613cd2,100%,0,24,24,0,0,0,24
0xa3a3a2,100%,0,4,4,0,0,0,4
0x8c4fef,100%,0,100,100,0,0,0,100
0x63e32d,100%,0,8,8,0,0,0,8
0x63edec,100%,0,2,2,0,0,0,2
0x768082,100%,0,104,104,0,0,0,104
0x759378,100%,0,52,52,0,0,0,52
0x772563,100%,0,52,52,0,0,0,52
0x7682c0,100%,0,104,104,0,0,0,104
0x6d8f58,100%,0,52,52,0,0,0,52
0xa24d48,100%,0,285,285,285,0,0,0
0x7e8173,100%,0,52,52,0,0,0,52
0x602e17,100%,0,2,2,0,0,0,2
0x75e02b,100%,0,14,14,0,0,0,14
0x630e42,100%,0,2,2,0,0,0,2
0x7cb43e,100%,0,2,2,0,0,0,2
0x67b528,100%,0,2,2,0,0,0,2
0xa309d4,100%,0,7436,7436,7436,0,0,0
0x7cb407,100%,0,2,2,0,0,0,2
0x645293,100%,0,2600,2600,0,0,0,2600
0x5f0970,100%,0,40,40,0,0,0,40
0x67b559,100%,0,2,2,0,0,0,2
0x76891a,100%,0,96,96,0,0,0,96
0x65b26f,100%,0,2,2,0,0,0,2
0x6d8dc2,100%,0,16,16,0,0,0,16
0x75e2b8,100%,0,2,2,0,0,0,2
0x67b568,100%,0,8,8,0,0,0,8
0x7cb5e4,100%,0,2,2,0,0,0,2
0x7cb631,100%,0,2,2,0,0,0,2
0x7cb6a4,100%,0,2,2,0,0,0,2
0x65239e,100%,0,8203,8203,8203,0,0,0
0x8a8938,100%,0,10,10,0,0,0,10
0x76bc7c,100%,0,6,6,0,0,0,6
0x6f50a7,100%,0,2,2,0,0,0,2
0x7783a2,100%,0,200,200,0,0,0,200
0x7682dc,100%,0,104,104,0,0,0,104
0x64c1b9,100%,0,2,2,0,0,0,2
0x5f0f3c,100%,0,2,2,0,0,0,2
0x64990a,100%,0,2,2,0,0,0,2
0x64ae86,100%,0,2,2,0,0,0,2
0xa3a62a,100%,0,4,4,0,0,0,4
0x63f12f,100%,0,2,2,0,0,0,2
0x7cfb4a,100%,0,2,2,0,0,0,2
0xa0f5f9,100%,0,34,34,0,0,0,34
0x634d5c,100%,0,2,2,0,0,0,2
0x761f45,100%,0,6,6,0,0,0,6
0x7cc676,100%,0,52,52,0,0,0,52
0x766f96,100%,0,32,32,0,0,0,32
0x7e81ce,100%,0,52,52,0,0,0,52
0x7684e9,100%,0,312,312,0,0,0,312
0x7689c5,100%,0,4,4,0,0,0,4
0x6462c8,100%,0,2600,2600,0,0,0,2600
0x5f0e62,100%,0,2,2,0,0,0,2
0x7d0001,100%,0,2,2,0,0,0,2
0x67a346,100%,0,2,2,0,0,0,2
0x77293f,100%,0,52,52,0,0,0,52
0x768701,100%,0,12,12,0,0,0,12
0x76cf43,100%,0,2,2,0,0,0,2
0x772903,100%,0,52,52,0,0,0,52
0x76c02a,100%,0,44,44,0,0,0,44
0x76c04a,100%,0,44,44,0,0,0,44
0x75f8b9,100%,0,2,2,0,0,0,2
0x7687e7,100%,0,100,100,0,0,0,100
0x607dda,100%,0,2,2,0,0,0,2
0x63a94a,100%,0,2,2,0,0,0,2
0x7d04ca,100%,0,2,2,0,0,0,2
0x7cbc2f,100%,0,2,2,0,0,0,2
0x8c5a97,100%,0,100,100,0,0,0,100
0x778d88,100%,0,32,32,0,0,0,32
0x63f33f,100%,0,2,2,0,0,0,2
0x614d63,100%,0,6916,6916,0,0,0,6916
0x6da31c,100%,0,4,4,0,0,0,4
0x614cc6,100%,0,6916,6916,0,0,0,6916
0x64f885,100%,0,2,2,0,0,0,2
0x623590,100%,0,11425,11425,11425,0,0,0
0x8c123c,100%,0,2,2,0,0,0,2
0x60353f,100%,0,16,16,0,0,0,16
0x76ccfb,100%,0,2,2,0,0,0,2
0x64f8d8,100%,0,2,2,0,0,0,2
0x76fd24,100%,0,104,104,0,0,0,104
0x76cd2e,100%,0,2,2,0,0,0,2
0x770da8,100%,0,2,2,2,0,0,0
0x614d7d,100%,0,6916,6916,0,0,0,6916
0x76906b,100%,0,32,32,0,0,0,32
0x614c53,100%,0,6916,6916,0,0,0,6916
0x7690c0,100%,0,4,4,0,0,0,4
0x41cc01,100%,0,64,64,0,0,0,64
0x7e898a,100%,0,52,52,0,0,0,52
0x76fcad,100%,0,2,2,0,0,0,2
0x757b23,100%,0,52,52,0,0,0,52
0x65c07c,100%,0,52,52,0,0,0,52
0x7cbcf9,100%,0,52,52,0,0,0,52
0x637987,100%,0,257,257,0,0,0,257
0x926cf2,100%,0,8,8,0,0,0,8
0x7aa1b9,100%,0,2,2,0,0,0,2
0xa246dc,100%,0,661,661,0,0,0,661
0x7cb59b,100%,0,2,2,0,0,0,2
0x76fb78,100%,0,6,6,0,0,0,6
0x65d740,100%,0,100,100,0,0,0,100
0x7cb6af,100%,0,2,2,2,0,0,0
0x63f409,100%,0,2,2,0,0,0,2
0x76c30c,100%,0,2,2,0,0,0,2
0x65c484,100%,0,52,52,0,0,0,52
0x64289a,100%,0,2,2,0,0,0,2
0x768dff,100%,0,32,32,0,0,0,32
0x7cb99b,100%,0,52,52,0,0,0,52
0xa22637,100%,0,1242,1242,34,0,0,1208
0x63583f,100%,0,2,2,0,0,0,2
0x65a4b9,100%,0,2,2,0,0,0,2
0x655a8e,100%,0,53222,53222,13515,0,0,39707
0x9f9979,100%,0,259,259,0,0,0,259
0x67b580,100%,0,2,2,0,0,0,2
0x6d9121,100%,0,16,16,0,0,0,16
0x76c7cc,100%,0,44,44,0,0,0,44
0x65af8a,100%,0,2,2,0,0,0,2
0x63bdad,100%,0,208,208,0,0,0,208
0x6356f8,100%,0,2,2,0,0,0,2
0x5f616b,100%,0,38,38,0,0,0,38
0x76fec6,100%,0,2,2,0,0,0,2
0x618f04,100%,0,6916,6916,0,0,0,6916
0x6da361,100%,0,4,4,0,0,0,4
0x8bf2c0,100%,0,2,2,0,0,0,2
0x8bfe9e,100%,0,1141,1141,0,0,0,1141
0x66752b,100%,0,52,52,0,0,0,52
0xa24101,100%,0,24206,24206,0,0,0,24206
0x66b45c,100%,0,468,468,0,0,0,468
0x42a8ab,100%,0,38,38,0,0,0,38
0x7bd288,100%,0,10,10,0,0,0,10
0x64d7ae,100%,0,2,2,0,0,0,2
0x76fe77,100%,0,2,2,0,0,0,2
0x765114,100%,0,2,2,0,0,0,2
0x76683f,100%,0,32,32,0,0,0,32
0x62eb3e,100%,0,2,2,0,0,0,2
0x608b58,100%,0,176,176,0,0,0,176
0x7651cb,100%,0,2,2,0,0,0,2
0x63fb7a,100%,0,2,2,0,0,0,2
0x681fd1,100%,0,4,4,0,0,0,4
0x76dac2,100%,0,44,44,0,0,0,44
0x9f5dda,100%,0,26,26,0,0,0,26
0x65c1a1,100%,0,2,2,2,0,0,0
0x5fc942,100%,0,88,88,0,0,0,88
0x6416b5,100%,0,2,2,0,0,0,2
0x6359fa,100%,0,2,2,0,0,0,2
0x597b60,100%,0,34,34,0,0,0,34
0x640945,100%,0,2,2,0,0,0,2
0x8c3260,100%,0,100,100,0,0,0,100
0x76507f,100%,0,2,2,0,0,0,2
0x6d8ba6,100%,0,16,16,0,0,0,16
0x63d7df,100%,0,8,8,0,0,0,8
0x64e4c1,100%,0,2,2,0,0,0,2
0x63ecf0,100%,0,2,2,0,0,0,2
0x620a44,100%,0,3952,3952,0,0,0,3952
0x6168f3,100%,0,52,52,0,0,0,52
0x66f4f7,100%,0,2,2,0,0,0,2
0x68229a,100%,0,2,2,2,0,0,0
0x67aae9,100%,0,8,8,0,0,0,8
0x64056a,100%,0,2,2,0,0,0,2
0x685cf7,100%,0,2,2,2,0,0,0
0x76681b,100%,0,32,32,0,0,0,32
0x8c32e1,100%,0,100,100,0,0,0,100
0x8c1fa1,100%,0,2,2,0,0,0,2
0x7730e2,100%,0,52,52,0,0,0,52
0x608a5d,100%,0,44,44,0,0,0,44
0x75c675,100%,0,30,30,0,0,0,30
0x761dc2,100%,0,6,6,0,0,0,6
0xa0f296,100%,0,10625,10625,10625,0,0,0
0x632f82,100%,0,2,2,0,0,0,2
0x7c8d1c,100%,0,2,2,0,0,0,2
0x7e7f53,100%,0,52,52,0,0,0,52
0x7cf203,100%,0,52,52,0,0,0,52
0x95ac32,100%,0,2,2,0,0,0,2
0x7e7efc,100%,0,52,52,0,0,0,52
0x5ea1fc,100%,0,2,2,0,0,0,2
0x76c4ae,100%,0,44,44,0,0,0,44
0x766ece,100%,0,32,32,0,0,0,32
0xa244f3,100%,0,197,197,197,0,0,0
0x773ac3,100%,0,52,52,0,0,0,52
0x63306d,100%,0,2,2,0,0,0,2
0x598f68,100%,0,52,52,0,0,0,52
0x766fe7,100%,0,32,32,0,0,0,32
0x769a7e,100%,0,4,4,0,0,0,4
0x76ffec,100%,0,52,52,0,0,0,52
0x8c4ceb,100%,0,100,100,0,0,0,100
0x5e7157,100%,0,2,2,0,0,0,2
0x7cbd31,100%,0,52,52,0,0,0,52
0x7ce1a3,100%,0,52,52,0,0,0,52
0x5f2153,100%,0,2,2,0,0,0,2
0x762555,100%,0,2,2,0,0,0,2
0x5ea3cc,100%,0,2,2,0,0,0,2
0x764f92,100%,0,2,2,0,0,0,2
0x40753f,100%,0,36,36,0,0,0,36
0x8c0102,100%,0,2,2,0,0,0,2
0x7cbf05,100%,0,2,2,0,0,0,2
0x76dc93,100%,0,2,2,0,0,0,2
0x597a7b,100%,0,34,34,0,0,0,34
0x66f317,100%,0,2,2,0,0,0,2
0xa0eed2,100%,0,7436,7436,0,0,0,7436
0x5fcd85,100%,0,88,88,88,0,0,0
0x7e7f73,100%,0,52,52,0,0,0,52
0x636d38,100%,0,257,257,0,0,0,257
0x765eff,100%,0,96,96,0,0,0,96
0x6087d5,100%,0,176,176,0,0,0,176
0x681c6c,100%,0,2,2,0,0,0,2
0x96115f,100%,0,159,159,0,0,0,159
0x605cbf,100%,0,22,22,0,0,0,22
0x7edccb,100%,0,2,2,0,0,0,2
0x7cf8a3,100%,0,2,2,2,0,0,0
0x765ed3,100%,0,96,96,0,0,0,96
0x76d6c3,100%,0,52,52,0,0,0,52
0x616ece,100%,0,52,52,0,0,0,52
0x8a0198,100%,0,2,2,0,0,0,2
0x7664d3,100%,0,96,96,0,0,0,96
0x616e53,100%,0,52,52,0,0,0,52
0x681c53,100%,0,2,2,0,0,0,2
0x8c6b72,100%,0,100,100,0,0,0,100
0x76d686,100%,0,54,54,0,0,0,54
0x618f40,100%,0,6916,6916,0,0,0,6916
0x76d6f3,100%,0,52,52,0,0,0,52
0x7661f8,100%,0,4,4,0,0,0,4
0x76614d,100%,0,4,4,0,0,0,4
0xa31cc4,100%,0,10625,10625,0,0,0,10625
0x688782,100%,0,2,2,0,0,0,2
0x605809,100%,0,2,2,2,0,0,0
0x766060,100%,0,4,4,0,0,0,4
0x7e7faf,100%,0,52,52,0,0,0,52
0x681bc5,100%,0,52,52,0,0,0,52
0x6361e7,100%,0,32,32,0,0,0,32
0x6336a1,100%,0,2,2,0,0,0,2
0x681cee,100%,0,2,2,0,0,0,2
0x6170d6,100%,0,2,2,0,0,0,2
0x65e2d3,100%,0,10400,10400,10400,0,0,0
0x5f117e,100%,0,54,54,0,0,0,54
0x7aafa3,100%,0,42,42,0,0,0,42
0x7b0344,100%,0,2,2,0,0,0,2
0x765bba,100%,0,104,104,0,0,0,104
0x606284,100%,0,4,4,0,0,0,4
0x7a9266,100%,0,4,4,0,0,0,4
0xa77fa8,100%,0,14138,14138,0,0,0,14138
0x5f1241,100%,0,54,54,0,0,0,54
0x76d809,100%,0,2,2,0,0,0,2
0x6087f3,100%,0,176,176,0,0,0,176
0x62e95e,100%,0,2,2,0,0,0,2
0x76d7ab,100%,0,2,2,0,0,0,2
0x7656cd,100%,0,4,4,0,0,0,4
0x7666d8,100%,0,32,32,0,0,0,32
0x641d09,100%,0,2,2,0,0,0,2
0xa90dcd,100%,0,4,4,0,0,0,4
0x65e578,100%,0,2600,2600,0,0,0,2600
0x7653cf,100%,0,2,2,0,0,0,2
0x7596a1,100%,0,52,52,0,0,0,52
0x6086eb,100%,0,2,2,0,0,0,2
0x64ba24,100%,0,80,80,0,0,0,80
0x7b27f7,100%,0,2,2,0,0,0,2
0x765d5f,100%,0,96,96,0,0,0,96
0x95b598,100%,0,2,2,0,0,0,2
0x616d33,100%,0,52,52,0,0,0,52
0x5e64e0,100%,0,2,2,0,0,0,2
0xa3a1fa,100%,0,4,4,0,0,0,4
0x605d57,100%,0,22,22,0,0,0,22
0x76aa19,100%,0,52,52,0,0,0,52
0x6357d2,100%,0,2,2,0,0,0,2
0x5e62f2,100%,0,50,50,0,0,0,50
0x766693,100%,0,32,32,0,0,0,32
0x75f603,100%,0,2,2,0,0,0,2
0x961938,100%,0,159,159,0,0,0,159
0x598aa0,100%,0,48,48,0,0,0,48
0x7cf1b3,100%,0,52,52,0,0,0,52
0x614fc5,100%,0,152,152,0,0,0,152
0x67b8f6,100%,0,2,2,0,0,0,2
0x65ec79,100%,0,100,100,0,0,0,100
0x64cb2a,100%,0,16000,16000,0,0,0,16000
0x76ebcb,100%,0,7,7,0,0,0,7
0x9619eb,100%,0,2,2,0,0,0,2
0x6497d4,100%,0,2,2,0,0,0,2
0xa2b798,100%,0,4,4,0,0,0,4
0xa2237a,100%,0,20458,20458,0,0,0,20458
0x59806b,100%,0,136,136,0,0,0,136
0x593cb9,100%,0,8,8,0,0,0,8
0x762b8b,100%,0,42,42,0,0,0,42
0x67b2e8,100%,0,2,2,0,0,0,2
0x67b88d,100%,0,2,2,0,0,0,2
0x65a656,100%,0,2,2,0,0,0,2
0x63abbf,100%,0,2,2,0,0,0,2
0x75cb9a,100%,0,52,52,0,0,0,52
0xa22631,100%,0,1242,1242,0,0,0,1242
0x67a65e,100%,0,2,2,0,0,0,2
0x67b9fb,100%,0,2,2,0,0,0,2
0xa3087a,100%,0,7436,7436,0,0,0,7436
0xa246e2,100%,0,661,661,0,0,0,661
0x64126c,100%,0,2,2,0,0,0,2
0x926db2,100%,0,16,16,8,0,0,8
0x949ffc,100%,0,2,2,0,0,0,2
0x961497,100%,0,159,159,0,0,0,159
0x76f3f3,100%,0,14,14,0,0,0,14
0x42c08e,100%,0,26,26,0,0,0,26
0x5953be,100%,0,624,624,0,0,0,624
0x64d1d6,100%,0,400,400,0,0,0,400
0x63fcbc,100%,0,2,2,0,0,0,2
0x595460,100%,0,624,624,0,0,0,624
0x63efef,100%,0,2,2,0,0,0,2
0x7b436a,100%,0,2,2,0,0,0,2
0x92d5fc,100%,0,2,2,0,0,0,2
0x7cca83,100%,0,2,2,2,0,0,0
0x5f1349,100%,0,2,2,0,0,0,2
0x64fb62,100%,0,2,2,0,0,0,2
0x597dec,100%,0,8,8,0,0,0,8
0x7cc919,100%,0,156,156,0,0,0,156
0x769498,100%,0,104,104,0,0,0,104
0x643b66,100%,0,2,2,0,0,0,2
0x7bce77,100%,0,10,10,0,0,0,10
0x7ccabc,100%,0,2,2,0,0,0,2
0x658b1e,100%,0,6880,6880,0,0,0,6880
0x76f5e4,100%,0,14,14,0,0,0,14
0x76f62a,100%,0,1,1,0,0,0,1
0x7bd077,100%,0,10,10,0,0,0,10
0x66ead7,100%,0,2,2,0,0,0,2
0x597eac,100%,0,8,8,0,0,0,8
0x641e76,100%,0,2,2,0,0,0,2
0xa22775,100%,0,1071,1071,0,0,0,1071
0x772b3a,100%,0,52,52,52,0,0,0
0x76f40c,100%,0,14,14,0,0,0,14
0xa233b9,100%,0,536,536,0,0,0,536
0x67b868,100%,0,8,8,0,0,0,8
0x652875,100%,0,24609,24609,0,0,0,24609
0x7aa4ca,100%,0,52,52,0,0,0,52
0x64bfaf,100%,0,2,2,0,0,0,2
0x7cb6f1,100%,0,2,2,0,0,0,2
0x75d92b,100%,0,2,2,0,0,0,2
0x597f24,100%,0,14,14,0,0,0,14
0x7b44c4,100%,0,2,2,0,0,0,2
0x5997bd,100%,0,24,24,24,0,0,0
0x76f4ae,100%,0,14,14,0,0,0,14
0x5da656,100%,0,2,2,0,0,0,2
0x5e84ff,100%,0,13,13,0,0,0,13
0x7ccb2f,100%,0,2,2,0,0,0,2
0x769995,100%,0,416,416,0,0,0,416
0x60894f,100%,0,2,2,0,0,0,2
0x76e109,100%,0,2,2,0,0,0,2
0x660815,100%,0,2,2,2,0,0,0
0x767295,100%,0,16,16,0,0,0,16
0x63fad8,100%,0,2,2,0,0,0,2
0x7cf3fb,100%,0,2,2,0,0,0,2
0x5ea0fc,100%,0,52,52,0,0,0,52
0x757843,100%,0,52,52,0,0,0,52
0x618ddf,100%,0,6916,6916,0,0,0,6916
0x646357,100%,0,2,2,0,0,0,2
0x7698f5,100%,0,416,416,0,0,0,416
0x5ed176,100%,0,52,52,0,0,0,52
0x64cd43,100%,0,80,80,0,0,0,80
0x5ed32d,100%,0,2,2,0,0,0,2
0x67a268,100%,0,8,8,0,0,0,8
0x621601,100%,0,8,8,0,0,0,8
0x5f0615,100%,0,4,4,2,0,0,2
0x5ea5d2,100%,0,52,52,0,0,0,52
0x761658,100%,0,2,2,0,0,0,2
0x6491a7,100%,0,14,14,0,0,0,14
0x64723c,100%,0,2,2,0,0,0,2
0x769a2d,100%,0,4,4,0,0,0,4
0x9f7db2,100%,0,8,8,0,0,0,8
0xa769fb,100%,0,21278,21278,0,0,0,21278
0x769a13,100%,0,4,4,0,0,0,4
0x9e095c,100%,0,748,748,0,0,0,748
0x9f7da5,100%,0,8,8,0,0,0,8
0x9f5cf6,100%,0,4836,4836,0,0,0,4836
0x76deb7,100%,0,42,42,42,0,0,0
0x5ed3b3,100%,0,52,52,0,0,0,52
0x767156,100%,0,2,2,0,0,0,2
0x647368,100%,0,2600,2600,0,0,0,2600
0x65710f,100%,0,2,2,0,0,0,2
0xa796eb,100%,0,2,2,0,0,0,2
0x75a84f,100%,0,156,156,0,0,0,156
0x65bf89,100%,0,2,2,0,0,0,2
0x67ba6f,100%,0,2,2,0,0,0,2
0x5eca85,100%,0,2,2,0,0,0,2
0x616c73,100%,0,1026,1026,0,0,0,1026
0x6571b0,100%,0,2,2,0,0,0,2
0x5eca2b,100%,0,2,2,0,0,0,2
0x685b7d,100%,0,2,2,0,0,0,2
0x65cf3c,100%,0,2,2,0,0,0,2
0x6851f9,100%,0,2,2,0,0,0,2
0x64de92,100%,0,16000,16000,0,0,0,16000
0x68522d,100%,0,2,2,0,0,0,2
0x5ecdb2,100%,0,52,52,0,0,0,52
0xa78466,100%,0,2,2,0,0,0,2
0x67ba39,100%,0,2,2,0,0,0,2
0x7e8e77,100%,0,2,2,0,0,0,2
0x62f954,100%,0,2,2,0,0,0,2
0x76e15b,100%,0,2,2,0,0,0,2
0x76e336,100%,0,160,160,0,0,0,160
0x598ce8,100%,0,52,52,0,0,0,52
0x63ac0c,100%,0,2,2,0,0,0,2
0x41cbd1,100%,0,64,64,0,0,0,64
0x641127,100%,0,2,2,0,0,0,2
0x767432,100%,0,16,16,0,0,0,16
0x599144,100%,0,32,32,0,0,0,32
0x63feef,100%,0,2,2,0,0,0,2
0x769706,100%,0,104,104,0,0,0,104
0x41cbc7,100%,0,64,64,0,0,0,64
0x67baaf,100%,0,2,2,0,0,0,2
0x76e3a1,100%,0,16,16,0,0,0,16
0x76744a,100%,0,16,16,0,0,0,16
0xa22c4a,100%,0,105,105,0,0,0,105
0x949bc3,100%,0,2,2,0,0,0,2
0x92a2b8,100%,0,159,159,0,0,0,159
0x7b3fa0,100%,0,52,52,0,0,0,52
0x7b0df3,100%,0,52,52,0,0,0,52
0x761546,100%,0,2,2,0,0,0,2
0x7614f8,100%,0,2,2,0,0,0,2
0x7b0e83,100%,0,52,52,0,0,0,52
0x76d589,100%,0,52,52,0,0,0,52
0x761419,100%,0,2,2,0,0,0,2
0x7b0f14,100%,0,52,52,0,0,0,52
0x7b0f26,100%,0,52,52,52,0,0,0
0x7b3c2b,100%,0,2,2,0,0,0,2
0x65a3f6,100%,0,2,2,0,0,0,2
0x660832,100%,0,2,2,2,0,0,0
0x7b10c9,100%,0,52,52,0,0,0,52
0x64d1a3,100%,0,8,8,0,0,0,8
0xa27e34,100%,0,40,40,40,0,0,0
0x7b3b6e,100%,0,2,2,0,0,0,2
0x634c30,100%,0,2,2,0,0,0,2
0xa230cd,100%,0,410,410,0,0,0,410
0x76136b,100%,0,2,2,0,0,0,2
0x927252,100%,0,9,9,1,0,0,8
0x75c8da,100%,0,10,10,0,0,0,10
0x7b40d7,100%,0,2,2,2,0,0,0
0xa7a678,100%,0,257,257,0,0,0,257
0x65989c,100%,0,2,2,0,0,0,2
0x7b45cb,100%,0,2,2,0,0,0,2
0x681e59,100%,0,104,104,0,0,0,104
0x641828,100%,0,2,2,0,0,0,2
0x7afcc1,100%,0,52,52,0,0,0,52
0x7cbd86,100%,0,52,52,0,0,0,52
0x76157b,100%,0,44,44,0,0,0,44
0x634c14,100%,0,2,2,0,0,0,2
0x9f7ce2,100%,0,2052,2052,0,0,0,2052
0x92a5ef,100%,0,91,91,0,0,0,91
0x769ee3,100%,0,2,2,0,0,0,2
0x7b0c72,100%,0,2,2,0,0,0,2
0x76a00c,100%,0,2,2,0,0,0,2
0xa243fb,100%,0,24206,24206,0,0,0,24206
0x7b0cf3,100%,0,52,52,0,0,0,52
0x76a183,100%,0,52,52,0,0,0,52
0x5a6323,100%,0,54,54,0,0,0,54
0x76154b,100%,0,2,2,0,0,0,2
0x6434a2,100%,0,2600,2600,0,0,0,2600
0x76a93d,100%,0,2,2,0,0,0,2
0x63413f,100%,0,2,2,0,0,0,2
0xa43bb7,100%,0,10625,10625,0,0,0,10625
0x63f237,100%,0,2,2,0,0,0,2
0xa7a72b,100%,0,257,257,0,0,0,257
0x7a995c,100%,0,100,100,0,0,0,100
0x7b315c,100%,0,52,52,0,0,0,52
0x62e91e,100%,0,2,2,0,0,0,2
0x7b30d9,100%,0,2,2,0,0,0,2
0x761118,100%,0,53,53,0,0,0,53
0x75caea,100%,0,52,52,0,0,0,52
0x7b31ac,100%,0,2,2,0,0,0,2
0x643a11,100%,0,2,2,0,0,0,2
0x8a862b,100%,0,20,20,0,0,0,20
0x762183,100%,0,2,2,0,0,0,2
0x7b2d2f,100%,0,2,2,2,0,0,0
0xa797b7,100%,0,173,173,0,0,0,173
0x7b2aea,100%,0,2,2,0,0,0,2
0x8c671b,100%,0,100,100,0,0,0,100
0x6639a6,100%,0,2,2,0,0,0,2
0x404b8b,100%,0,14,14,0,0,0,14
0x8c1fdc,100%,0,2,2,0,0,0,2
0x7b3715,100%,0,52,52,0,0,0,52
0x75c94d,100%,0,10,10,0,0,0,10
0x927338,100%,0,9,9,0,0,0,9
0x603191,100%,0,22,22,0,0,0,22
0x8c5efa,100%,0,2600,2600,0,0,0,2600
0x7b3b5d,100%,0,2,2,0,0,0,2
0x621133,100%,0,208,208,0,0,0,208
0x7b0801,100%,0,2,2,2,0,0,0
0x616d56,100%,0,52,52,0,0,0,52
0x7b131e,100%,0,2,2,0,0,0,2
0x7595a1,100%,0,1,1,0,0,0,1
0x596f72,100%,0,156,156,0,0,0,156
0x7b340c,100%,0,52,52,0,0,0,52
0x8c5dd6,100%,0,10000,10000,0,0,0,10000
0x761328,100%,0,6,6,0,0,0,6
0x5f327b,100%,0,32,32,0,0,0,32
0x76601e,100%,0,96,96,0,0,0,96
0x8c0a65,100%,0,2,2,0,0,0,2
0x598c38,100%,0,32,32,0,0,0,32
0x7b327c,100%,0,52,52,0,0,0,52
0x75c9aa,100%,0,2,2,0,0,0,2
0x760794,100%,0,2,2,0,0,0,2
0x4b9bec,100%,0,12,12,0,0,0,12
0x40280b,100%,0,18,18,0,0,0,18
0x92bd75,100%,0,100,100,0,0,0,100
0x75d7c4,100%,0,2,2,0,0,0,2
0x65888b,100%,0,91,91,0,0,0,91
0x635aae,100%,0,2,2,0,0,0,2
0x64920a,100%,0,2,2,0,0,0,2
0x42a6e7,100%,0,6,6,0,0,0,6
0x92b038,100%,0,100,100,0,0,0,100
0x59896c,100%,0,48,48,0,0,0,48
0xa22e4f,100%,0,34,34,34,0,0,0
0x7cc638,100%,0,52,52,0,0,0,52
0x7628ad,100%,0,6,6,0,0,0,6
0x7a9605,100%,0,368,368,0,0,0,368
0x5989f6,100%,0,48,48,0,0,0,48
0x641763,100%,0,2,2,0,0,0,2
0x7740eb,100%,0,52,52,0,0,0,52
0x778171,100%,0,8,8,0,0,0,8
0x8be97f,100%,0,2,2,0,0,0,2
0x655358,100%,0,68,68,0,0,0,68
0x656d77,100%,0,2,2,0,0,0,2
0x7b001b,100%,0,2,2,0,0,0,2
0x593d32,100%,0,8,8,0,0,0,8
0x7cfb37,100%,0,2,2,0,0,0,2
0x7aaaa6,100%,0,2,2,0,0,0,2
0x634aab,100%,0,52,52,0,0,0,52
0x6437b1,100%,0,1141,1141,0,0,0,1141
0x67b538,100%,0,8,8,0,0,0,8
0x75cfae,100%,0,2,2,0,0,0,2
0x761d03,100%,0,44,44,0,0,0,44
0x63e33f,100%,0,8,8,0,0,0,8
0x59870d,100%,0,48,48,0,0,0,48
0x634d80,100%,0,2,2,0,0,0,2
0x76d773,100%,0,2,2,0,0,0,2
0x7b02b2,100%,0,2,2,0,0,0,2
0x598847,100%,0,48,48,0,0,0,48
0x8c5936,100%,0,13000,13000,0,0,0,13000
0x7b045a,100%,0,2,2,0,0,0,2
0x616bd3,100%,0,1026,1026,0,0,0,1026
0x7728e3,100%,0,52,52,0,0,0,52
0x403f98,100%,0,6,6,0,0,0,6
0x778c39,100%,0,8,8,0,0,0,8
0x62f160,100%,0,2,2,0,0,0,2
0x75e59b,100%,0,2,2,0,0,0,2
0x778bd5,100%,0,8,8,0,0,0,8
0x64ec00,100%,0,32,32,0,0,0,32
0x761702,100%,0,132,132,0,0,0,132
0x7616e3,100%,0,44,44,0,0,0,44
0x7616b6,100%,0,2,2,0,0,0,2
0x8c46c6,100%,0,100,100,0,0,0,100
0x40324f,100%,0,26,26,26,0,0,0
0x63f04c,100%,0,2,2,0,0,0,2
0x6455ba,100%,0,2,2,0,0,0,2
0x596dc6,100%,0,6,6,0,0,0,6
0x8bfb16,100%,0,2,2,0,0,0,2
0x42a9fa,100%,0,14,14,14,0,0,0
0x7cbd08,100%,0,52,52,0,0,0,52
0x7615c3,100%,0,2,2,0,0,0,2
0x7b161f,100%,0,52,52,0,0,0,52
0x926ac6,100%,0,8,8,0,0,0,8
0x8c434c,100%,0,2600,2600,0,0,0,2600
0x7aa4fe,100%,0,52,52,0,0,0,52
0x6345ec,100%,0,2,2,0,0,0,2
0x7b172f,100%,0,52,52,0,0,0,52
0x598a93,100%,0,48,48,0,0,0,48
0x8bfcdc,100%,0,2,2,0,0,0,2
0x7ebbab,100%,0,2,2,0,0,0,2
0x6678f0,100%,0,2,2,0,0,0,2
0x65a84b,100%,0,2,2,0,0,0,2
0x76198f,100%,0,54,54,0,0,0,54
0x7e6792,100%,0,52,52,0,0,0,52
0x7cdd13,100%,0,52,52,0,0,0,52
0x772617,100%,0,2,2,0,0,0,2
0xa0edb8,100%,0,9474,9474,0,0,0,9474
0x63326b,100%,0,52,52,0,0,0,52
0x6d90ea,100%,0,4,4,0,0,0,4
0x92b28a,100%,0,52,52,0,0,0,52
0x75942f,100%,0,52,52,0,0,0,52
0x596bd6,100%,0,6,6,0,0,0,6
0x67ad49,100%,0,2,2,0,0,0,2
0x64eb38,100%,0,32,32,0,0,0,32
0x778bcc,100%,0,8,8,0,0,0,8
0x404893,100%,0,6,6,0,0,0,6
0x8c15ab,100%,0,90,90,0,0,0,90
0x660d1d,100%,0,2,2,2,0,0,0
0x64f695,100%,0,2,2,0,0,0,2
0x76b1e1,100%,0,126,126,0,0,0,126
0x7a8cc5,100%,0,104,104,0,0,0,104
0x6461ff,100%,0,2,2,0,0,0,2
0x5f0a4c,100%,0,184,184,0,0,0,184
0x7567ea,100%,0,52,52,0,0,0,52
0x766dfb,100%,0,32,32,0,0,0,32
0x644d48,100%,0,2,2,0,0,0,2
0x6f4c3f,100%,0,52,52,0,0,0,52
0x8c60c3,100%,0,500,500,0,0,0,500
0x66f934,100%,0,14,14,0,0,0,14
0x75d5d6,100%,0,2,2,0,0,0,2
0x75d608,100%,0,8,8,0,0,0,8
0x75d629,100%,0,2,2,0,0,0,2
0x7cda33,100%,0,52,52,0,0,0,52
0x8c3071,100%,0,100,100,0,0,0,100
0x7588cf,100%,0,28,28,0,0,0,28
0x429f18,100%,0,100,100,0,0,0,100
0x75685d,100%,0,52,52,0,0,0,52
0x63cfeb,100%,0,8,8,0,0,0,8
0x7582db,100%,0,39,39,0,0,0,39
0x63f4f0,100%,0,2,2,0,0,0,2
0x648cfc,100%,0,14,14,0,0,0,14
0x5f2f2b,100%,0,2,2,0,0,0,2
0x67b3e8,100%,0,8,8,0,0,0,8
0xa22afc,100%,0,105,105,0,0,0,105
0xa38b76,100%,0,40,40,0,0,0,40
0x617d74,100%,0,3952,3952,0,0,0,3952
0x7b28e1,100%,0,52,52,0,0,0,52
0x64bbaa,100%,0,2,2,2,0,0,0
0x755fb6,100%,0,52,52,0,0,0,52
0x404b86,100%,0,14,14,0,0,0,14
0x7a9d2d,100%,0,4,4,0,0,0,4
0x67b280,100%,0,2,2,0,0,0,2
0x648710,100%,0,2,2,0,0,0,2
0xa38c92,100%,0,6,6,0,0,0,6
0x681df3,100%,0,4,4,0,0,0,4
0x67b259,100%,0,2,2,0,0,0,2
0x64f15a,100%,0,816,816,0,0,0,816
0x7ce49b,100%,0,50,50,0,0,0,50
0x5efaaa,100%,0,2,2,0,0,0,2
0x75d478,100%,0,10,10,0,0,0,10
0xa7a6dd,100%,0,257,257,0,0,0,257
0x76af83,100%,0,2,2,0,0,0,2
0x756c16,100%,0,52,52,0,0,0,52
0x648bd7,100%,0,2,2,0,0,0,2
0x6f3e71,100%,0,2,2,0,0,0,2
0x7d005a,100%,0,2,2,2,0,0,0
0x76a97a,100%,0,2,2,0,0,0,2
0x759685,100%,0,52,52,0,0,0,52
0x76aa47,100%,0,52,52,0,0,0,52
0x6661d3,100%,0,52,52,0,0,0,52
0x76287e,100%,0,42,42,0,0,0,42
0x6398e3,100%,0,2,2,0,0,0,2
0xa77e69,100%,0,855,855,855,0,0,0
0x63570c,100%,0,2,2,0,0,0,2
0x76abc5,100%,0,52,52,0,0,0,52
0x7b27d3,100%,0,52,52,0,0,0,52
0xa76a8a,100%,0,806,806,0,0,0,806
0x679f53,100%,0,2,2,0,0,0,2
0x927d2e,100%,0,9487,9487,0,0,0,9487
0xa82018,100%,0,72272,72272,0,0,0,72272
0x76ada7,100%,0,2,2,0,0,0,2
0x9f7d0a,100%,0,2042,2042,0,0,0,2042
0x67a1a8,100%,0,8,8,0,0,0,8
0x6446aa,100%,0,52,52,0,0,0,52
0x757ea5,100%,0,52,52,0,0,0,52
0x660ce9,100%,0,2,2,2,0,0,0
0x758120,100%,0,52,52,0,0,0,52
0x766d9a,100%,0,32,32,0,0,0,32
0x41cbf7,100%,0,64,64,0,0,0,64
0x67a280,100%,0,2,2,0,0,0,2
0x7586e6,100%,0,52,52,0,0,0,52
0x763275,100%,0,2,2,0,0,0,2
0x7587d7,100%,0,52,52,0,0,0,52
0x760398,100%,0,2,2,0,0,0,2
0x75881a,100%,0,52,52,0,0,0,52
0x6f54da,100%,0,2,2,2,0,0,0
0x5f41e6,100%,0,4,4,0,0,0,4
0xa0eec3,100%,0,7436,7436,0,0,0,7436
0x929818,100%,0,125,125,0,0,0,125
0x5f4849,100%,0,35,35,0,0,0,35
0x766e06,100%,0,32,32,0,0,0,32
0x756d39,100%,0,32,32,0,0,0,32
0x75d769,100%,0,2,2,0,0,0,2
0x75d04c,100%,0,2,2,2,0,0,0
0x75ce78,100%,0,20,20,0,0,0,20
0x7578e3,100%,0,52,52,0,0,0,52
0x9e1621,100%,0,96,96,0,0,0,96
0x635acb,100%,0,2,2,0,0,0,2
0xa222f5,100%,0,24214,24214,0,0,0,24214
0x5f0746,100%,0,4,4,2,0,0,2
0x681fb9,100%,0,4,4,0,0,0,4
0x75cf7b,100%,0,2,2,0,0,0,2
0x760cb3,100%,0,44,44,0,0,0,44
0x757a03,100%,0,52,52,0,0,0,52
0x760ce4,100%,0,59,59,0,0,0,59
0x76cb5a,100%,0,44,44,0,0,0,44
0x760b5d,100%,0,2,2,0,0,0,2
0x7bd113,100%,0,260,260,0,0,0,260
0x763245,100%,0,2,2,0,0,0,2
0x761258,100%,0,23,23,0,0,0,23
0x757a33,100%,0,52,52,0,0,0,52
0x760b25,100%,0,17,17,0,0,0,17
0x757ac3,100%,0,52,52,0,0,0,52
0x763473,100%,0,2,2,0,0,0,2
0x75af7c,100%,0,739,739,0,0,0,739
0x599068,100%,0,104,104,0,0,0,104
0x60539d,100%,0,2,2,0,0,0,2
0x645cda,100%,0,2,2,0,0,0,2
0x4ba392,100%,0,2,2,0,0,0,2
0x5f2353,100%,0,52,52,0,0,0,52
0x63cdd5,100%,0,257,257,0,0,0,257
0x7cba69,100%,0,52,52,0,0,0,52
0xa22cea,100%,0,34,34,0,0,0,34
0x75ccca,100%,0,52,52,0,0,0,52
0x64f62c,100%,0,2,2,0,0,0,2
0x657370,100%,0,2,2,0,0,0,2
0x5e7814,100%,0,13,13,13,0,0,0
0x7aff86,100%,0,2,2,0,0,0,2
0x760f3d,100%,0,2,2,0,0,0,2
0xa0f956,100%,0,336,336,0,0,0,336
0x6699f5,100%,0,2,2,0,0,0,2
0x666ead,100%,0,8,8,0,0,0,8
0x663798,100%,0,52,52,0,0,0,52
0x760d95,100%,0,42,42,0,0,0,42
0x760d6d,100%,0,2,2,0,0,0,2
0x64f7b5,100%,0,2,2,0,0,0,2
0xa38c90,100%,0,6,6,0,0,0,6
0x63009b,100%,0,2,2,0,0,0,2
0x7b30a8,100%,0,2,2,0,0,0,2
0xa39934,100%,0,7,7,0,0,0,7
0x7b22bc,100%,0,2,2,0,0,0,2
0x755ecb,100%,0,208,208,0,0,0,208
0x9f5e57,100%,0,232,232,0,0,0,232
0x75c439,100%,0,2,2,0,0,0,2
0x603184,100%,0,22,22,0,0,0,22
0x7cf440,100%,0,2,2,0,0,0,2
0x75c465,100%,0,44,44,0,0,0,44
0x7cf219,100%,0,52,52,0,0,0,52
0x6498f8,100%,0,2,2,0,0,0,2
0x6083c4,100%,0,1624,1624,0,0,0,1624
0x5e9b98,100%,0,2,2,0,0,0,2
0x7cb982,100%,0,52,52,0,0,0,52
0x64982a,100%,0,2,2,0,0,0,2
0x63efd1,100%,0,2,2,0,0,0,2
0x64baad,100%,0,2,2,0,0,0,2
0x755eb9,100%,0,208,208,0,0,0,208
0x7603a3,100%,0,8,8,0,0,0,8
0x64faf8,100%,0,4000,4000,0,0,0,4000
0x5ed419,100%,0,52,52,52,0,0,0
0x961697,100%,0,159,159,0,0,0,159
0xa43c8a,100%,0,10625,10625,0,0,0,10625
0x648fe1,100%,0,2,2,0,0,0,2
0x6820bf,100%,0,2,2,0,0,0,2
0x634212,100%,0,2,2,0,0,0,2
0x773146,100%,0,52,52,0,0,0,52
0x7b2773,100%,0,52,52,0,0,0,52
0x757be3,100%,0,52,52,0,0,0,52
0x7b23b5,100%,0,52,52,0,0,0,52
0x95aab7,100%,0,52,52,0,0,0,52
0xa394dc,100%,0,7,7,0,0,0,7
0x7cd833,100%,0,52,52,0,0,0,52
0xa395a7,100%,0,7,7,0,0,0,7
0x5f3adf,100%,0,2,2,0,0,0,2
0x760b0a,100%,0,44,44,0,0,0,44
0x760a21,100%,0,2,2,0,0,0,2
0x594378,100%,0,208,208,0,0,0,208
0x7b22db,100%,0,2,2,0,0,0,2
0x7562eb,100%,0,396,396,0,0,0,396
0xa0efdd,100%,0,3894,3894,0,0,0,3894
0x661abc,100%,0,2,2,2,0,0,0
0x772f72,100%,0,52,52,0,0,0,52
0x5ef85b,100%,0,2,2,0,0,0,2
0x7748ab,100%,0,2,2,2,0,0,0
0x75bd00,100%,0,8,8,0,0,0,8
0x77493c,100%,0,52,52,0,0,0,52
0x7749b2,100%,0,52,52,0,0,0,52
0x96197b,100%,0,159,159,0,0,0,159
0x7ce1c3,100%,0,52,52,0,0,0,52
0x7cc661,100%,0,52,52,0,0,0,52
0x67aec9,100%,0,2,2,0,0,0,2
0xa31d37,100%,0,10625,10625,10625,0,0,0
0x76537e,100%,0,2,2,0,0,0,2
0x7731e3,100%,0,52,52,0,0,0,52
0x7aa422,100%,0,50,50,0,0,0,50
0x774b86,100%,0,2,2,0,0,0,2
0x76341f,100%,0,52,52,0,0,0,52
0x62fcc8,100%,0,2,2,0,0,0,2
0x7633dd,100%,0,2,2,0,0,0,2
0x666173,100%,0,54,54,0,0,0,54
0x92a306,100%,0,159,159,159,0,0,0
0x7ce3ff,100%,0,52,52,0,0,0,52
0x89f9d4,100%,0,2,2,0,0,0,2
0x63081b,100%,0,2,2,0,0,0,2
0x7658e2,100%,0,104,104,0,0,0,104
0x7ce693,100%,0,2,2,0,0,0,2
0x7ce680,100%,0,2,2,0,0,0,2
0x76b763,100%,0,44,44,0,0,0,44
0x77409d,100%,0,52,52,0,0,0,52
0x76b748,100%,0,44,44,0,0,0,44
0x641816,100%,0,2,2,0,0,0,2
0xa0eecc,100%,0,7436,7436,0,0,0,7436
0xa43c33,100%,0,10625,10625,0,0,0,10625
0x596e0a,100%,0,156,156,0,0,0,156
0x76a988,100%,0,2,2,0,0,0,2
0x7741ad,100%,0,52,52,0,0,0,52
0x645091,100%,0,2,2,0,0,0,2
0x7ce3ad,100%,0,52,52,0,0,0,52
0x926a58,100%,0,98,98,0,0,0,98
0x40752e,100%,0,36,36,36,0,0,0
0x774669,100%,0,52,52,0,0,0,52
0x76b081,100%,0,42,42,0,0,0,42
0xa38b13,100%,0,6,6,6,0,0,0
0x763122,100%,0,2,2,0,0,0,2
0x763049,100%,0,2,2,0,0,0,2
0x645bf3,100%,0,10400,10400,0,0,0,10400
0x67ba1a,100%,0,2,2,0,0,0,2
0x95af7c,100%,0,2,2,2,0,0,0
0x5ac4b8,100%,0,2,2,0,0,0,2
0x5ac4d9,100%,0,2,2,0,0,0,2
0x772af3,100%,0,52,52,0,0,0,52
0x7aac7e,100%,0,52,52,0,0,0,52
0x5ac5b8,100%,0,2,2,0,0,0,2
0x65aa66,100%,0,2,2,0,0,0,2
0x7cc351,100%,0,52,52,0,0,0,52
0x8becc7,100%,0,2,2,0,0,0,2
0x65ad77,100%,0,2,2,0,0,0,2
0x644a21,100%,0,2,2,0,0,0,2
0x7cdc2b,100%,0,52,52,0,0,0,52
0x657af1,100%,0,2,2,0,0,0,2
0x7afcca,100%,0,52,52,0,0,0,52
0x762e9f,100%,0,42,42,0,0,0,42
0x76b65e,100%,0,44,44,0,0,0,44
0x959de2,100%,0,52,52,0,0,0,52
0x404b90,100%,0,14,14,0,0,0,14
0x7cc6b6,100%,0,52,52,0,0,0,52
0x63a729,100%,0,8,8,0,0,0,8
0x657d1c,100%,0,52,52,0,0,0,52
0x7cdfd1,100%,0,52,52,52,0,0,0
0x7cdf83,100%,0,52,52,0,0,0,52
0x7cb708,100%,0,2,2,0,0,0,2
0x62ebde,100%,0,2,2,0,0,0,2
0x7cdf63,100%,0,52,52,0,0,0,52
0x75fb49,100%,0,2,2,0,0,0,2
0x6490c2,100%,0,14,14,0,0,0,14
0x8c1778,100%,0,2,2,0,0,0,2
0xa228de,100%,0,125,125,0,0,0,125
0x644ebf,100%,0,2,2,0,0,0,2
0x95adfe,100%,0,2,2,0,0,0,2
0x763223,100%,0,2,2,0,0,0,2
0x5f0128,100%,0,406,406,0,0,0,406
0x5ac497,100%,0,2,2,0,0,0,2
0x8c20da,100%,0,2,2,0,0,0,2
0x763149,100%,0,2,2,0,0,0,2
0x618163,100%,0,3952,3952,0,0,0,3952
0x949cd2,100%,0,2,2,0,0,0,2
0x75f93c,100%,0,53,53,0,0,0,53
0x7730c3,100%,0,52,52,0,0,0,52
0x8c6785,100%,0,100,100,0,0,0,100
0x6da61d,100%,0,2,2,0,0,0,2
0xa77de5,100%,0,32758,32758,0,0,0,32758
0x669cca,100%,0,2,2,2,0,0,0
0x75ddd5,100%,0,14,14,0,0,0,14
0x7b046b,100%,0,2,2,0,0,0,2
0x77325b,100%,0,52,52,0,0,0,52
0x9289bd,100%,0,159,159,0,0,0,159
0x655577,100%,0,13515,13515,0,0,0,13515
0x7732f3,100%,0,52,52,0,0,0,52
0x774c0e,100%,0,52,52,0,0,0,52
0x7cf053,100%,0,52,52,0,0,0,52
0x7cf033,100%,0,52,52,0,0,0,52
0x64c69d,100%,0,4000,4000,0,0,0,4000
0x770061,100%,0,2,2,0,0,0,2
0x762462,100%,0,38,38,0,0,0,38
0x928f91,100%,0,159,159,0,0,0,159
0x64ff27,100%,0,2,2,0,0,0,2
0x9e0d07,100%,0,34,34,0,0,0,34
0x6da384,100%,0,16,16,0,0,0,16
0x6d91fc,100%,0,16,16,0,0,0,16
0x928a35,100%,0,159,159,0,0,0,159
0x6d921a,100%,0,16,16,0,0,0,16
0x634a90,100%,0,2,2,0,0,0,2
0x75f9ec,100%,0,6,6,0,0,0,6
0x7cf51e,100%,0,2,2,0,0,0,2
0x6d8855,100%,0,12,12,0,0,0,12
0x7cf4f8,100%,0,2,2,0,0,0,2
0x772f53,100%,0,52,52,0,0,0,52
0x66f79f,100%,0,2,2,0,0,0,2
0x618af4,100%,0,6916,6916,0,0,0,6916
0x7cf49f,100%,0,2,2,0,0,0,2
0x6da46c,100%,0,8,8,0,0,0,8
0x7cc256,100%,0,2,2,0,0,0,2
0x7cf48c,100%,0,2,2,0,0,0,2
0x635a3f,100%,0,2,2,0,0,0,2
0x76c44d,100%,0,44,44,0,0,0,44
0x7cf466,100%,0,2,2,0,0,0,2
0x7cf429,100%,0,2,2,0,0,0,2
0x75f983,100%,0,2,2,0,0,0,2
0x8a0cd1,100%,0,8,8,0,0,0,8
0x75e8b5,100%,0,2,2,0,0,0,2
0x94a0be,100%,0,2,2,0,0,0,2
0x7e89be,100%,0,52,52,0,0,0,52
0x5f56c5,100%,0,108,108,0,0,0,108
0x7cea9a,100%,0,2,2,0,0,0,2
0x94a110,100%,0,2,2,0,0,0,2
0x94a11d,100%,0,2,2,2,0,0,0
0xa43e48,100%,0,10625,10625,0,0,0,10625
0x773c63,100%,0,52,52,0,0,0,52
0x61700f,100%,0,52,52,0,0,0,52
0x8c4e7a,100%,0,500,500,0,0,0,500
0x7ca9d9,100%,0,2,2,0,0,0,2
0x8c4b3d,100%,0,100,100,0,0,0,100
0x5f7520,100%,0,1026,1026,0,0,0,1026
0x634944,100%,0,2,2,0,0,0,2
0x8a0c61,100%,0,2,2,0,0,0,2
0x64688f,100%,0,52,52,0,0,0,52
0x7cea2e,100%,0,2,2,0,0,0,2
0x64bef8,100%,0,5457,5457,0,0,0,5457
0x429843,100%,0,1141,1141,0,0,0,1141
0x63f657,100%,0,2,2,0,0,0,2
0x77341b,100%,0,52,52,52,0,0,0
0x9e0d26,100%,0,92,92,0,0,0,92
0x75f01d,100%,0,2,2,0,0,0,2
0x949d67,100%,0,2,2,0,0,0,2
0x8c61ca,100%,0,13000,13000,0,0,0,13000
0xa2412b,100%,0,24206,24206,0,0,0,24206
0x4048a6,100%,0,6,6,0,0,0,6
0xa7841a,100%,0,2,2,0,0,0,2
0x64e09c,100%,0,2,2,0,0,0,2
0x766d76,100%,0,32,32,0,0,0,32
0x7cdb86,100%,0,52,52,0,0,0,52
0x95b30c,100%,0,2,2,0,0,0,2
0x773852,100%,0,52,52,0,0,0,52
0x618c87,100%,0,6916,6916,6916,0,0,0
0x7739c2,100%,0,52,52,0,0,0,52
0x590c01,100%,0,8,8,8,0,0,0
0x773add,100%,0,52,52,0,0,0,52
0x75ea39,100%,0,32,32,0,0,0,32
0x773b3c,100%,0,52,52,0,0,0,52
0x685faa,100%,0,2,2,0,0,0,2
0x6e6a96,100%,0,208,208,0,0,0,208
0x7a9734,100%,0,100,100,0,0,0,100
0x67af59,100%,0,2,2,0,0,0,2
0x64e725,100%,0,320,320,0,0,0,320
0x758c63,100%,0,52,52,0,0,0,52
0x42a2ac,100%,0,2,2,0,0,0,2
0x7a9816,100%,0,100,100,0,0,0,100
0x95a60c,100%,0,52,52,0,0,0,52
0x8bef93,100%,0,52,52,0,0,0,52
0x762305,100%,0,44,44,0,0,0,44
0x5ed2d1,100%,0,52,52,52,0,0,0
0x63a534,100%,0,2,2,0,0,0,2
0x95a6d6,100%,0,2,2,0,0,0,2
0x636b9a,100%,0,257,257,0,0,0,257
0x76bc30,100%,0,2,2,0,0,0,2
0x635222,100%,0,2,2,0,0,0,2
0x62ea7e,100%,0,2,2,0,0,0,2
0x6e688a,100%,0,52,52,0,0,0,52
0x7a993d,100%,0,100,100,0,0,0,100
0x7621b8,100%,0,44,44,0,0,0,44
0x7cde43,100%,0,52,52,0,0,0,52
0x6309ac,100%,0,2,2,0,0,0,2
0x76ed1a,100%,0,7,7,7,0,0,0
0x7bc946,100%,0,2,2,0,0,0,2
0x7a9648,100%,0,368,368,0,0,0,368
0x7e76db,100%,0,2,2,0,0,0,2
0x5aca87,100%,0,4,4,0,0,0,4
0x926c88,100%,0,8,8,0,0,0,8
0x640b28,100%,0,2,2,0,0,0,2
0x65a52d,100%,0,2,2,0,0,0,2
0x7d0587,100%,0,52,52,0,0,0,52
0x7d0617,100%,0,52,52,0,0,0,52
0x7cd3e1,100%,0,52,52,52,0,0,0
0x761fe3,100%,0,44,44,0,0,0,44
0x66ae7c,100%,0,52,52,0,0,0,52
0x66e337,100%,0,2,2,0,0,0,2
0x646e9f,100%,0,52,52,0,0,0,52
0x7ccc3e,100%,0,2,2,0,0,0,2
0x7577cb,100%,0,52,52,0,0,0,52
0x7d06f7,100%,0,52,52,0,0,0,52
0x7e660d,100%,0,2,2,0,0,0,2
0x7e6608,100%,0,2,2,0,0,0,2
0xa24515,100%,0,1071,1071,0,0,0,1071
0x8c32a4,100%,0,100,100,0,0,0,100
0x62158f,100%,0,12,12,0,0,0,12
0x4ba091,100%,0,2,2,0,0,0,2
0xa24bd5,100%,0,125,125,0,0,0,125
0x8c6852,100%,0,100,100,0,0,0,100
0x7aa287,100%,0,2,2,0,0,0,2
0x66f737,100%,0,2,2,0,0,0,2
0x8c4e13,100%,0,100,100,0,0,0,100
0x4ba05f,100%,0,2,2,0,0,0,2
0x64d953,100%,0,80,80,0,0,0,80
0x9f9222,100%,0,2,2,0,0,0,2
0x7cf577,100%,0,2,2,0,0,0,2
0x5f63cd,100%,0,1026,1026,0,0,0,1026
0x7aa3f5,100%,0,50,50,0,0,0,50
0x769aea,100%,0,4,4,0,0,0,4
0x7aa722,100%,0,52,52,0,0,0,52
0x7618d9,100%,0,2,2,0,0,0,2
0x4a2ede,100%,0,6,6,0,0,0,6
0x7aa74a,100%,0,52,52,0,0,0,52
0x64f94b,100%,0,2,2,0,0,0,2
0x62f3b7,100%,0,2,2,0,0,0,2
0x7aaa2e,100%,0,2,2,0,0,0,2
0x8a4bb9,100%,0,16,16,0,0,0,16
0x757913,100%,0,52,52,0,0,0,52
0x6e6803,100%,0,2,2,0,0,0,2
0x7a9fa9,100%,0,100,100,0,0,0,100
0x643d0b,100%,0,2,2,0,0,0,2
0x7611a2,100%,0,23,23,0,0,0,23
0x778cc3,100%,0,200,200,0,0,0,200
0x6e67ad,100%,0,2,2,0,0,0,2
0x6f5259,100%,0,2,2,0,0,0,2
0x761f91,100%,0,2,2,0,0,0,2
0x650828,100%,0,80,80,0,0,0,80
0x65c939,100%,0,10400,10400,10400,0,0,0
0x92a594,100%,0,91,91,0,0,0,91
0x761d72,100%,0,21,21,0,0,0,21
0x6f4d69,100%,0,2,2,2,0,0,0
0x8a4bf0,100%,0,16,16,0,0,0,16
0x5f4182,100%,0,4,4,0,0,0,4
0x598ac1,100%,0,96,96,0,0,0,96
0x639aba,100%,0,2,2,0,0,0,2
0x7741fb,100%,0,52,52,0,0,0,52
0x7b2d08,100%,0,2,2,2,0,0,0
0x95a048,100%,0,52,52,0,0,0,52
0x8bf50e,100%,0,2,2,0,0,0,2
0x65c758,100%,0,2,2,2,0,0,0
0x64e03d,100%,0,2,2,0,0,0,2
0x65aeaa,100%,0,2,2,0,0,0,2
0x7aa0d2,100%,0,54,54,0,0,0,54
0x7cd813,100%,0,52,52,0,0,0,52
0x7629db,100%,0,2,2,0,0,0,2
0x666c18,100%,0,8,8,0,0,0,8
0x637c93,100%,0,257,257,0,0,0,257
0x7aa102,100%,0,54,54,0,0,0,54
0x9274e3,100%,0,50,50,0,0,0,50
0x757b53,100%,0,54,54,0,0,0,54
0x7aa1ed,100%,0,2,2,0,0,0,2
0x7a8c26,100%,0,104,104,0,0,0,104
0x95a118,100%,0,52,52,0,0,0,52
0x6552cf,100%,0,13515,13515,13515,0,0,0
0x66b53c,100%,0,52,52,0,0,0,52
0x63ef3a,100%,0,2,2,0,0,0,2
0x7cd636,100%,0,52,52,0,0,0,52
0x7cd4ac,100%,0,52,52,0,0,0,52
0x7c8d8d,100%,0,2,2,0,0,0,2
0x7cda13,100%,0,52,52,0,0,0,52
0x762df2,100%,0,2,2,0,0,0,2
0x62fdf2,100%,0,2,2,0,0,0,2
0x7cdb53,100%,0,52,52,0,0,0,52
0x928982,100%,0,159,159,0,0,0,159
0x927068,100%,0,54,54,0,0,0,54
0x7aae45,100%,0,42,42,0,0,0,42
0x5f0b23,100%,0,4588,4588,0,0,0,4588
0x7cf64f,100%,0,2,2,2,0,0,0
0x7cdb33,100%,0,52,52,0,0,0,52
0x633474,100%,0,2,2,0,0,0,2
0x95a275,100%,0,2,2,0,0,0,2
0x5e663b,100%,0,50,50,0,0,0,50
0x7aaed3,100%,0,54,54,0,0,0,54
0x5e98f2,100%,0,52,52,0,0,0,52
0x635a1a,100%,0,2,2,0,0,0,2
0x762b46,100%,0,2,2,0,0,0,2
0x7e8063,100%,0,52,52,0,0,0,52
0x65144b,100%,0,2,2,0,0,0,2
0x658a51,100%,0,2,2,0,0,0,2
0x7aaf88,100%,0,52,52,0,0,0,52
0x7625b8,100%,0,18,18,0,0,0,18
0x62eafe,100%,0,2,2,0,0,0,2
0x5982ec,100%,0,104,104,0,0,0,104
0x926d44,100%,0,400,400,400,0,0,0
0x75e668,100%,0,2,2,0,0,0,2
0x7c88ef,100%,0,2,2,0,0,0,2
0x65a488,100%,0,2,2,0,0,0,2
0x773a26,100%,0,52,52,0,0,0,52
0x7a8d4b,100%,0,100,100,0,0,0,100
0x7a91cc,100%,0,92,92,0,0,0,92
0x928ab2,100%,0,159,159,0,0,0,159
0x8a010d,100%,0,2,2,2,0,0,0
0x65cb68,100%,0,98,98,98,0,0,0
0x7ccd8a,100%,0,6,6,0,0,0,6
0x7603c2,100%,0,2,2,0,0,0,2
0x65cbed,100%,0,2,2,0,0,0,2
0x64fa60,100%,0,80,80,0,0,0,80
0x926575,100%,0,8,8,8,0,0,0
0x5a62f6,100%,0,4,4,0,0,0,4
0x8c07e4,100%,0,580,580,0,0,0,580
0x661323,100%,0,2,2,0,0,0,2
0x7cd03b,100%,0,52,52,0,0,0,52
0x5ed080,100%,0,2,2,0,0,0,2
0x7cd3d6,100%,0,52,52,0,0,0,52
0xa244f1,100%,0,197,197,0,0,0,197
0x65a4a4,100%,0,2,2,0,0,0,2
0x7cd3a3,100%,0,52,52,0,0,0,52
0x8c4765,100%,0,500,500,0,0,0,500
0x6851c8,100%,0,2,2,0,0,0,2
0x60852f,100%,0,1872,1872,0,0,0,1872
0x8c58ae,100%,0,500,500,0,0,0,500
0x64c3a3,100%,0,400,400,0,0,0,400
0x67a08a,100%,0,2,2,0,0,0,2
0x656fe1,100%,0,2,2,0,0,0,2
0x5943a8,100%,0,2808,2808,0,0,0,2808
0x7ccfed,100%,0,52,52,0,0,0,52
0x42ab47,100%,0,14,14,0,0,0,14
0x67b9d7,100%,0,2,2,0,0,0,2
0x7b2102,100%,0,52,52,0,0,0,52
0x76c82b,100%,0,44,44,0,0,0,44
0x5a8fae,100%,0,134,134,0,0,0,134
0x7b3c8f,100%,0,2,2,0,0,0,2
0x6499e0,100%,0,2,2,0,0,0,2
0x64a8e5,100%,0,100,100,0,0,0,100
0x6573c1,100%,0,2,2,0,0,0,2
0x66ea97,100%,0,2,2,0,0,0,2
0xa3920f,100%,0,32270,32270,0,0,0,32270
0x7ce393,100%,0,52,52,0,0,0,52
0x67b58d,100%,0,2,2,0,0,0,2
0x7aa3d8,100%,0,50,50,0,0,0,50
0x66ee02,100%,0,2,2,0,0,0,2
0x66eef7,100%,0,2,2,0,0,0,2
0x638341,100%,0,257,257,0,0,0,257
0x76bd0d,100%,0,2,2,0,0,0,2
0x66e998,100%,0,2,2,0,0,0,2
0x633a66,100%,0,2,2,0,0,0,2
0x66f377,100%,0,2,2,0,0,0,2
0x6499aa,100%,0,2,2,0,0,0,2
0x66f49f,100%,0,2,2,0,0,0,2
0x66f557,100%,0,2,2,0,0,0,2
0x63d492,100%,0,8,8,0,0,0,8
0x66f964,100%,0,14,14,0,0,0,14
0xa0eed8,100%,0,7436,7436,0,0,0,7436
0x5f6ecb,100%,0,1064,1064,0,0,0,1064
0x772ad3,100%,0,52,52,0,0,0,52
0x75cb3a,100%,0,52,52,0,0,0,52
0x7d07e0,100%,0,52,52,0,0,0,52
0x64ced3,100%,0,80,80,0,0,0,80
0x662e4d,100%,0,2,2,0,0,0,2
0x66e0f2,100%,0,2,2,0,0,0,2
0x66e158,100%,0,2,2,0,0,0,2
0x7e8442,100%,0,52,52,0,0,0,52
0x64f9b5,100%,0,2,2,0,0,0,2
0x7e8482,100%,0,52,52,0,0,0,52
0x66e217,100%,0,2,2,0,0,0,2
0x66ace7,100%,0,2,2,0,0,0,2
0x66fd7f,100%,0,208,208,0,0,0,208
0x75752d,100%,0,92,92,0,0,0,92
0x7b0035,100%,0,2,2,0,0,0,2
0x656327,100%,0,13515,13515,0,0,0,13515
0x66e4b7,100%,0,2,2,0,0,0,2
0x65b46d,100%,0,2,2,0,0,0,2
0x66e51f,100%,0,2,2,0,0,0,2
0x66e586,100%,0,2,2,0,0,0,2
0x66e85f,100%,0,2,2,0,0,0,2
0x7e7243,100%,0,2,2,0,0,0,2
0x63ad18,100%,0,2,2,0,0,0,2
0x635de6,100%,0,2,2,0,0,0,2
0x7cf59d,100%,0,2,2,0,0,0,2
0x6343fb,100%,0,2,2,0,0,0,2
0x64bcdb,100%,0,2,2,0,0,0,2
0x634446,100%,0,2,2,0,0,0,2
0x6332fb,100%,0,2,2,0,0,0,2
0x66b0af,100%,0,2,2,0,0,0,2
0x63542b,100%,0,2,2,0,0,0,2
0x9fefb0,100%,0,4,4,0,0,0,4
0x635482,100%,0,2,2,0,0,0,2
0x635516,100%,0,2,2,0,0,0,2
0x6d90de,100%,0,4,4,0,0,0,4
0x682193,100%,0,52,52,0,0,0,52
0x63ecc1,100%,0,2,2,0,0,0,2
0x65b530,100%,0,2,2,0,0,0,2
0x63ed28,100%,0,2,2,0,0,0,2
0x661b05,100%,0,2,2,0,0,0,2
0x63ed60,100%,0,2,2,0,0,0,2
0x63ed7c,100%,0,2,2,0,0,0,2
0x63edb4,100%,0,2,2,0,0,0,2
0x65b623,100%,0,52,52,0,0,0,52
0x63ee08,100%,0,2,2,0,0,0,2
0x960ce3,100%,0,2,2,2,0,0,0
0x644bd8,100%,0,2,2,0,0,0,2
0x6313cc,100%,0,2,2,0,0,0,2
0x670032,100%,0,416,416,208,0,0,208
0xa9007e,100%,0,9866,9866,0,0,0,9866
0x631227,100%,0,52,52,0,0,0,52
0x62e87e,100%,0,2,2,0,0,0,2
0x62e89e,100%,0,2,2,0,0,0,2
0x62e8be,100%,0,2,2,0,0,0,2
0x62e93e,100%,0,2,2,0,0,0,2
0x67a947,100%,0,8,8,0,0,0,8
0x62ec1e,100%,0,2,2,0,0,0,2
0x63297b,100%,0,2,2,0,0,0,2
0x618da4,100%,0,6916,6916,0,0,0,6916
0x7625ca,100%,0,18,18,0,0,0,18
0x6528cc,100%,0,8203,8203,0,0,0,8203
0x634bcb,100%,0,2,2,0,0,0,2
0x66eccc,100%,0,2600,2600,0,0,0,2600
0x634be5,100%,0,2,2,0,0,0,2
0x64abaa,100%,0,2,2,0,0,0,2
0x762d8c,100%,0,2,2,0,0,0,2
0x635ba3,100%,0,2,2,0,0,0,2
0x646778,100%,0,2600,2600,0,0,0,2600
0x7b337c,100%,0,52,52,0,0,0,52
0x64db37,100%,0,2,2,0,0,0,2
0x63ed0c,100%,0,2,2,0,0,0,2
0x960be7,100%,0,159,159,0,0,0,159
0x64e1f1,100%,0,500,500,0,0,0,500
0x65759c,100%,0,52,52,0,0,0,52
0x5f4219,100%,0,4,4,0,0,0,4
0x62e97e,100%,0,2,2,0,0,0,2
0x7b27a3,100%,0,52,52,0,0,0,52
0x632f24,100%,0,2,2,0,0,0,2
0x64e4b2,100%,0,2,2,0,0,0,2
0x636c2c,100%,0,257,257,0,0,0,257
0x64da77,100%,0,1200,1200,0,0,0,1200
0x66e5fc,100%,0,80,80,0,0,0,80
0x6d92b2,100%,0,16,16,0,0,0,16
0x650aa1,100%,0,2,2,0,0,0,2
0x632e4b,100%,0,2,2,0,0,0,2
0x5e6d23,100%,0,50,50,0,0,0,50
0x767848,100%,0,4,4,4,0,0,0
0x7729a7,100%,0,2,2,0,0,0,2
0x64b9d3,100%,0,2,2,0,0,0,2
0xa782f7,100%,0,18293,18293,18293,0,0,0
0x64ba5a,100%,0,80,80,80,0,0,0
0x64d674,100%,0,2,2,0,0,0,2
0x64d043,100%,0,8,8,0,0,0,8
0x759571,100%,0,208,208,0,0,0,208
0x64d068,100%,0,2,2,0,0,0,2
0x7cd966,100%,0,52,52,0,0,0,52
0x64d28f,100%,0,400,400,0,0,0,400
0x64d450,100%,0,2,2,0,0,0,2
0x75cc44,100%,0,52,52,52,0,0,0
0x7631ce,100%,0,2,2,0,0,0,2
0x632d2e,100%,0,18,18,0,0,0,18
0x8c42da,100%,0,2600,2600,0,0,0,2600
0x63bff4,100%,0,10400,10400,0,0,0,10400
0x621072,100%,0,988,988,0,0,0,988
0x64d6ba,100%,0,2,2,0,0,0,2
0x7cb484,100%,0,2,2,0,0,0,2
0x64dfe3,100%,0,2,2,0,0,0,2
0x64d864,100%,0,2,2,0,0,0,2
0x657089,100%,0,2,2,0,0,0,2
0x6475ee,100%,0,2,2,0,0,0,2
0x9e1a19,100%,0,2,2,0,0,0,2
0x64d9a0,100%,0,2,2,0,0,0,2
0xa8dc69,100%,0,4689,4689,0,0,0,4689
0x634d2d,100%,0,2,2,0,0,0,2
0x65a9e3,100%,0,14,14,0,0,0,14
0x7b0b2a,100%,0,52,52,0,0,0,52
0x631702,100%,0,2,2,0,0,0,2
0x65aae3,100%,0,32,32,0,0,0,32
0x63cde7,100%,0,257,257,0,0,0,257
0x762527,100%,0,2,2,0,0,0,2
0x65ac78,100%,0,14,14,0,0,0,14
0x633a1b,100%,0,2,2,0,0,0,2
0x7b3f6c,100%,0,52,52,0,0,0,52
0x8c6a6a,100%,0,100,100,0,0,0,100
0x631622,100%,0,2,2,0,0,0,2
0x59851d,100%,0,104,104,0,0,0,104
0x64b323,100%,0,52,52,0,0,0,52
0x65ae4d,100%,0,2,2,0,0,0,2
0x66f437,100%,0,2,2,0,0,0,2
0x9fefa2,100%,0,4,4,0,0,0,4
0x639fe3,100%,0,2,2,0,0,0,2
0x8c2072,100%,0,2,2,0,0,0,2
0x6649e9,100%,0,2,2,0,0,0,2
0x6488f5,100%,0,2,2,0,0,0,2
0x63f0d0,100%,0,2,2,0,0,0,2
0x590ade,100%,0,416,416,0,0,0,416
0x64bb02,100%,0,2,2,0,0,0,2
0x64bbfb,100%,0,2,2,0,0,0,2
0x62f38c,100%,0,2,2,0,0,0,2
0x641052,100%,0,2,2,0,0,0,2
0x651253,100%,0,80,80,0,0,0,80
0x7622f6,100%,0,44,44,0,0,0,44
0x64e076,100%,0,10,10,0,0,0,10
0x681cfd,100%,0,2,2,2,0,0,0
0x67abc9,100%,0,2,2,0,0,0,2
0x76bb18,100%,0,42,42,0,0,0,42
0x63ee24,100%,0,2,2,0,0,0,2
0x76bb34,100%,0,42,42,0,0,0,42
0x651462,100%,0,2,2,0,0,0,2
0x65bf7f,100%,0,2,2,0,0,0,2
0x659263,100%,0,2,2,0,0,0,2
0x65a719,100%,0,80,80,0,0,0,80
0x75e1cf,100%,0,6,6,0,0,0,6
0x66f9c7,100%,0,14,14,0,0,0,14
0x6314c1,100%,0,2,2,0,0,0,2
0x65a8b9,100%,0,80,80,0,0,0,80
0x65a96d,100%,0,2,2,0,0,0,2
0x6618f8,100%,0,2,2,0,0,0,2
0x5f7410,100%,0,1026,1026,0,0,0,1026
0x5f7616,100%,0,2,2,0,0,0,2
0x5efdcc,100%,0,50,50,0,0,0,50
0x5efeea,100%,0,406,406,0,0,0,406
0x5eff33,100%,0,406,406,0,0,0,406
0x63f3e8,100%,0,2,2,0,0,0,2
0x5f005e,100%,0,406,406,0,0,0,406
0x92823a,100%,0,129,129,0,0,0,129
0x5f007d,100%,0,406,406,406,0,0,0
0x66ba5e,100%,0,2,2,2,0,0,0
0x5f019b,100%,0,50,50,0,0,0,50
0x6661a3,100%,0,54,54,0,0,0,54
0x5ef8a5,100%,0,2,2,0,0,0,2
0x66b36c,100%,0,52,52,0,0,0,52
0x5ef9dc,100%,0,2,2,0,0,0,2
0x5efb3a,100%,0,2,2,0,0,0,2
0x960df4,100%,0,159,159,0,0,0,159
0x686544,100%,0,2,2,2,0,0,0
0x5909c0,100%,0,8,8,0,0,0,8
0x590a45,100%,0,8,8,0,0,0,8
0x590a81,100%,0,8,8,0,0,0,8
0x5e9685,100%,0,2,2,0,0,0,2
0x5f6637,100%,0,1026,1026,0,0,0,1026
0x660ab6,100%,0,2,2,2,0,0,0
0x5f4ed0,100%,0,4,4,0,0,0,4
0x65dd98,100%,0,2600,2600,0,0,0,2600
0x5f5562,100%,0,76,76,0,0,0,76
0x5f5b79,100%,0,4,4,0,0,0,4
0x5ef60b,100%,0,2,2,0,0,0,2
0x5f5f72,100%,0,2,2,0,0,0,2
0x5f60f9,100%,0,76,76,0,0,0,76
0x5f63fe,100%,0,1026,1026,0,0,0,1026
0x5f642a,100%,0,1026,1026,0,0,0,1026
0x590a8a,100%,0,8,8,0,0,0,8
0x5e68a4,100%,0,50,50,0,0,0,50
0x5f69c0,100%,0,38,38,0,0,0,38
0x961776,100%,0,159,159,159,0,0,0
0x5f6a5f,100%,0,38,38,0,0,0,38
0x5f6a87,100%,0,38,38,0,0,0,38
0x5f6d48,100%,0,1064,1064,0,0,0,1064
0x5f7042,100%,0,1026,1026,0,0,0,1026
0x5f7060,100%,0,1026,1026,0,0,0,1026
0x5f71a5,100%,0,1026,1026,0,0,0,1026
0x5f729e,100%,0,38,38,0,0,0,38
0x9e1a5c,100%,0,2,2,0,0,0,2
0x5e6f56,100%,0,54,54,0,0,0,54
0x5e6f7b,100%,0,54,54,0,0,0,54
0x5e6fb6,100%,0,54,54,0,0,0,54
0x5e70ff,100%,0,2,2,0,0,0,2
0x5e7133,100%,0,48,48,0,0,0,48
0x9e1939,100%,0,2,2,0,0,0,2
0x9e1977,100%,0,2,2,0,0,0,2
0x666e98,100%,0,8,8,0,0,0,8
0x9e19ce,100%,0,2,2,0,0,0,2
0x9e19de,100%,0,2,2,0,0,0,2
0x9e19fa,100%,0,2,2,0,0,0,2
0x5e6ef3,100%,0,2,2,0,0,0,2
0x9e1adb,100%,0,8,8,0,0,0,8
0x9e1cab,100%,0,8,8,0,0,0,8
0x5e7268,100%,0,2,2,0,0,0,2
0x5e7371,100%,0,8,8,0,0,0,8
0x5e738c,100%,0,2,2,0,0,0,2
0x5e7491,100%,0,8,8,0,0,0,8
0x5e74d3,100%,0,8,8,0,0,0,8
0x5e76cf,100%,0,13,13,0,0,0,13
0x5e770b,100%,0,13,13,0,0,0,13
0x653644,100%,0,52,52,0,0,0,52
0x5da6d6,100%,0,52,52,0,0,0,52
0x590b65,100%,0,32,32,0,0,0,32
0x62f32c,100%,0,2,2,0,0,0,2
0x590c24,100%,0,8,8,0,0,0,8
0x686625,100%,0,2,2,0,0,0,2
0x686b3e,100%,0,52,52,0,0,0,52
0x686f07,100%,0,2,2,0,0,0,2
0x687176,100%,0,2,2,0,0,0,2
0x5da276,100%,0,2,2,0,0,0,2
0x5da4b3,100%,0,2,2,0,0,0,2
0x5da5b4,100%,0,50,50,0,0,0,50
0x926ad6,100%,0,8,8,0,0,0,8
0x5da7ae,100%,0,2,2,0,0,0,2
0x5daab6,100%,0,52,52,0,0,0,52
0x5e6107,100%,0,2,2,0,0,0,2
0x687b7c,100%,0,52,52,0,0,0,52
0x5e63ae,100%,0,100,100,50,0,0,50
0x635c78,100%,0,100,100,0,0,0,100
0x5e68f2,100%,0,1250,1250,0,0,0,1250
0x5e6846,100%,0,50,50,0,0,0,50
0x5e6cbd,100%,0,2,2,0,0,0,2
0x5e6e62,100%,0,2,2,0,0,0,2
0x9fa83e,100%,0,191,191,0,0,0,191
0x661a90,100%,0,2,2,0,0,0,2
0x67a968,100%,0,2,2,0,0,0,2
0x634dd0,100%,0,2,2,0,0,0,2
0x667a33,100%,0,52,52,0,0,0,52
0x614ade,100%,0,6916,6916,6916,0,0,0
0x67aab9,100%,0,8,8,0,0,0,8
0x67aada,100%,0,2,2,0,0,0,2
0x7cda76,100%,0,52,52,0,0,0,52
0x5f12ab,100%,0,54,54,0,0,0,54
0x5f12c5,100%,0,54,54,0,0,0,54
0x5f1334,100%,0,2,2,0,0,0,2
0x7b13f7,100%,0,52,52,0,0,0,52
0x5f0312,100%,0,2,2,0,0,0,2
0x5f03ec,100%,0,2,2,0,0,0,2
0x5f064a,100%,0,2,2,0,0,0,2
0x5f0721,100%,0,2,2,0,0,0,2
0x5f0752,100%,0,2,2,0,0,0,2
0x5f0787,100%,0,2,2,0,0,0,2
0x5f07a1,100%,0,2,2,0,0,0,2
0x5f07f4,100%,0,2,2,0,0,0,2
0x5f0810,100%,0,2,2,0,0,0,2
0x5f0825,100%,0,2,2,0,0,0,2
0x634b28,100%,0,500,500,0,0,0,500
0x593bde,100%,0,8,8,0,0,0,8
0x59877b,100%,0,1248,1248,0,0,0,1248
0x7b1035,100%,0,52,52,0,0,0,52
0xa24399,100%,0,505,505,505,0,0,0
0x760abe,100%,0,2,2,0,0,0,2
0x63061e,100%,0,2,2,0,0,0,2
0x67a04a,100%,0,2,2,0,0,0,2
0x67a1c9,100%,0,2,2,0,0,0,2
0x65abbc,100%,0,8,8,8,0,0,0
0x631871,100%,0,2,2,0,0,0,2
0x5f2be7,100%,0,2,2,0,0,0,2
0x67a1d8,100%,0,8,8,0,0,0,8
0x635094,100%,0,2,2,0,0,0,2
0x59835d,100%,0,104,104,0,0,0,104
0x67a28d,100%,0,2,2,0,0,0,2
0x65adca,100%,0,2,2,0,0,0,2
0x67a41e,100%,0,4,4,0,0,0,4
0x67a63c,100%,0,2,2,0,0,0,2
0x645793,100%,0,2600,2600,0,0,0,2600
0x67a882,100%,0,2,2,0,0,0,2
0x604e2c,100%,0,44,44,44,0,0,0
0x5f47de,100%,0,39,39,39,0,0,0
0x5f3a84,100%,0,2,2,0,0,0,2
0x5f3ab7,100%,0,2,2,0,0,0,2
0x5f3ad5,100%,0,4,4,2,0,0,2
0x5f3c87,100%,0,4,4,0,0,0,4
0x5f3cb6,100%,0,4,4,0,0,0,4
0x5f3cdc,100%,0,5,5,0,0,0,5
0x5f3cfd,100%,0,5,5,0,0,0,5
0x5f3d5d,100%,0,5,5,0,0,0,5
0x5f3fae,100%,0,16,16,0,0,0,16
0x5f439a,100%,0,15,15,0,0,0,15
0x5f3a4d,100%,0,30,30,0,0,0,30
0x5f47f4,100%,0,4,4,0,0,0,4
0x630b89,100%,0,2,2,0,0,0,2
0x630ca5,100%,0,2,2,0,0,0,2
0x5f4b5c,100%,0,73,73,0,0,0,73
0x5f4b8b,100%,0,4,4,0,0,0,4
0x5f4477,100%,0,1,1,0,0,0,1
0x5f4cdb,100%,0,54,54,0,0,0,54
0x631112,100%,0,2,2,0,0,0,2
0x5f4d8f,100%,0,2,2,0,0,0,2
0x5f4e68,100%,0,4,4,0,0,0,4
0x63436e,100%,0,52,52,0,0,0,52
0x661aec,100%,0,2,2,2,0,0,0
0x5f2e15,100%,0,4,4,2,0,0,2
0x687dae,100%,0,52,52,0,0,0,52
0x5e96fd,100%,0,54,54,0,0,0,54
0x5f3023,100%,0,2,2,0,0,0,2
0x5f35cd,100%,0,1976,1976,0,0,0,1976
0x62f7af,100%,0,2,2,0,0,0,2
0x5f36bf,100%,0,18,18,0,0,0,18
0x5f1465,100%,0,38,38,0,0,0,38
0x5f150b,100%,0,1976,1976,0,0,0,1976
0x64cfc2,100%,0,2,2,0,0,0,2
0x5f1b08,100%,0,2052,2052,0,0,0,2052
0x5f1b21,100%,0,2052,2052,0,0,0,2052
0x5f1b9a,100%,0,1767,1767,1767,0,0,0
0x5f1eaf,100%,0,285,285,0,0,0,285
0x5f1ecb,100%,0,285,285,0,0,0,285
0x5f1eff,100%,0,285,285,0,0,0,285
0x5f3712,100%,0,20,20,0,0,0,20
0x961715,100%,0,159,159,159,0,0,0
0x5f39be,100%,0,30,30,0,0,0,30
0x5f3a20,100%,0,30,30,0,0,0,30
0xa781f3,100%,0,98,98,0,0,0,98
0x63cf02,100%,0,8,8,0,0,0,8
0x7e62cd,100%,0,2,2,0,0,0,2
0x639d1e,100%,0,2,2,0,0,0,2
0x646620,100%,0,2,2,0,0,0,2
0x63cf7e,100%,0,8,8,0,0,0,8
0x606113,100%,0,4,4,4,0,0,0
0x7aac63,100%,0,52,52,0,0,0,52
0x8a8593,100%,0,20,20,0,0,0,20
0xa796b1,100%,0,2,2,0,0,0,2
0x64a005,100%,0,100,100,0,0,0,100
0x9fa90b,100%,0,191,191,191,0,0,0
0x65afb8,100%,0,2,2,0,0,0,2
0x6392a1,100%,0,6,6,0,0,0,6
0x650aaf,100%,0,2,2,0,0,0,2
0x429f58,100%,0,100,100,0,0,0,100
0x774967,100%,0,2,2,0,0,0,2
0x639334,100%,0,100,100,0,0,0,100
0x7b0393,100%,0,52,52,0,0,0,52
0x64da53,100%,0,80,80,0,0,0,80
0x76047b,100%,0,2,2,0,0,0,2
0x6394a7,100%,0,100,100,0,0,0,100
0x63950a,100%,0,2,2,0,0,0,2
0x6354de,100%,0,2,2,0,0,0,2
0x95a51c,100%,0,52,52,0,0,0,52
0xa77e4e,100%,0,855,855,0,0,0,855
0x636f1c,100%,0,257,257,0,0,0,257
0x64f3b3,100%,0,8,8,0,0,0,8
0x620a24,100%,0,38,38,0,0,0,38
0x636f29,100%,0,257,257,0,0,0,257
0x6595d6,100%,0,2,2,0,0,0,2
0x6386e3,100%,0,257,257,0,0,0,257
0x65b4c0,100%,0,2,2,0,0,0,2
0x76291e,100%,0,26,26,0,0,0,26
0x64c1e2,100%,0,2,2,0,0,0,2
0x63cdf9,100%,0,257,257,0,0,0,257
0x9fa85e,100%,0,191,191,191,0,0,0
0xa39eaa,100%,0,4,4,0,0,0,4
0x76f689,100%,0,14,14,0,0,0,14
0x65043c,100%,0,52,52,0,0,0,52
0x759815,100%,0,52,52,0,0,0,52
0xa769a9,100%,0,47678,47678,0,0,0,47678
0x64c97a,100%,0,400,400,0,0,0,400
0x6333c2,100%,0,2,2,0,0,0,2
0x8c2110,100%,0,2,2,0,0,0,2
0x8c440f,100%,0,100,100,0,0,0,100
0x9261d8,100%,0,8,8,0,0,0,8
0x598756,100%,0,1248,1248,0,0,0,1248
0x63a1e1,100%,0,100,100,0,0,0,100
0x4abb49,100%,0,64,64,0,0,0,64
0x63a4c9,100%,0,8,8,0,0,0,8
0x63003b,100%,0,2,2,0,0,0,2
0x63a5ec,100%,0,2,2,0,0,0,2
0x75cd3d,100%,0,2,2,0,0,0,2
0x67ae0d,100%,0,2,2,0,0,0,2
0xa2b7a3,100%,0,4,4,0,0,0,4
0x63a933,100%,0,2,2,0,0,0,2
0x64693b,100%,0,2,2,0,0,0,2
0x7b345c,100%,0,52,52,0,0,0,52
0x63ab0c,100%,0,8,8,0,0,0,8
0x772ff6,100%,0,52,52,0,0,0,52
0x7ce083,100%,0,52,52,0,0,0,52
0x62ecde,100%,0,2,2,0,0,0,2
0x63ac68,100%,0,2,2,0,0,0,2
0x65addd,100%,0,2,2,0,0,0,2
0x63ad60,100%,0,2,2,0,0,0,2
0x63ae53,100%,0,12,12,0,0,0,12
0x630e10,100%,0,2,2,0,0,0,2
0x95ae18,100%,0,2,2,0,0,0,2
0x64452a,100%,0,52,52,0,0,0,52
0x92bb8f,100%,0,52,52,50,0,0,2
0x66f5b7,100%,0,2,2,0,0,0,2
0x6337ad,100%,0,2,2,0,0,0,2
0x630ec4,100%,0,2,2,0,0,0,2
0x9e15c8,100%,0,96,96,0,0,0,96
0x75fa62,100%,0,2,2,0,0,0,2
0x64ae3c,100%,0,52,52,0,0,0,52
0x67b928,100%,0,2,2,0,0,0,2
0xa761f9,100%,0,3481,3481,0,0,0,3481
0x636548,100%,0,257,257,0,0,0,257
0x7aaa61,100%,0,2,2,0,0,0,2
0x5f42de,100%,0,15,15,0,0,0,15
0x639ea3,100%,0,2,2,0,0,0,2
0x65345b,100%,0,2,2,0,0,0,2
0x7b416d,100%,0,2,2,0,0,0,2
0x639f7a,100%,0,8,8,0,0,0,8
0x63a049,100%,0,8,8,0,0,0,8
0x65ce26,100%,0,52,52,0,0,0,52
0x42b911,100%,0,8,8,8,0,0,0
0x648e74,100%,0,14,14,0,0,0,14
0x63c2a9,100%,0,8,8,0,0,0,8
0x63bf5a,100%,0,208,208,0,0,0,208
0x6487ff,100%,0,2,2,0,0,0,2
0x63bd23,100%,0,208,208,0,0,0,208
0xa76ab3,100%,0,5695,5695,0,0,0,5695
0x660acd,100%,0,2,2,2,0,0,0
0x614c6d,100%,0,6916,6916,0,0,0,6916
0x617ea3,100%,0,3952,3952,0,0,0,3952
0x404016,100%,0,6,6,0,0,0,6
0x5f0b50,100%,0,4588,4588,0,0,0,4588
0x63c060,100%,0,8,8,0,0,0,8
0x63da1a,100%,0,208,208,0,0,0,208
0x9610a3,100%,0,159,159,0,0,0,159
0x63c2e2,100%,0,400,400,0,0,0,400
0x64d6a8,100%,0,2,2,0,0,0,2
0x63c324,100%,0,8,8,0,0,0,8
0x603246,100%,0,22,22,0,0,0,22
0x63c37e,100%,0,8,8,0,0,0,8
0x76fc69,100%,0,2,2,0,0,0,2
0xa7a682,100%,0,257,257,0,0,0,257
0x669d23,100%,0,52,52,0,0,0,52
0x64c3d7,100%,0,2,2,0,0,0,2
0x6360d6,100%,0,2,2,0,0,0,2
0x8c0b98,100%,0,100,100,0,0,0,100
0x67ba05,100%,0,2,2,0,0,0,2
0x6591b3,100%,0,2,2,0,0,0,2
0x64646f,100%,0,52,52,0,0,0,52
0x7631a8,100%,0,2,2,0,0,0,2
0x638820,100%,0,257,257,0,0,0,257
0x63bc11,100%,0,8,8,0,0,0,8
0x63eec8,100%,0,2,2,0,0,0,2
0x8c5659,100%,0,13000,13000,0,0,0,13000
0x634ab8,100%,0,2600,2600,0,0,0,2600
0x63bcd4,100%,0,8,8,0,0,0,8
0xa79647,100%,0,257,257,0,0,0,257
0x67a977,100%,0,8,8,0,0,0,8
0x64b7f3,100%,0,8,8,0,0,0,8
0x66f906,100%,0,14,14,0,0,0,14
0x67a9f7,100%,0,2,2,0,0,0,2
0x64b13e,100%,0,2,2,0,0,0,2
0x63be44,100%,0,10400,10400,0,0,0,10400
0x63be84,100%,0,8,8,0,0,0,8
0x42992e,100%,0,124,124,0,0,0,124
0x63bed4,100%,0,10400,10400,0,0,0,10400
0x63bf11,100%,0,8,8,0,0,0,8
0x639e50,100%,0,2,2,0,0,0,2
0x6383b5,100%,0,257,257,0,0,0,257
0x926a95,100%,0,80,80,0,0,0,80
0x657250,100%,0,2,2,0,0,0,2
0x64986a,100%,0,2,2,0,0,0,2
0xa90078,100%,0,9866,9866,0,0,0,9866
0x63696b,100%,0,257,257,0,0,0,257
0x76a325,100%,0,2,2,0,0,0,2
0x7b3fd3,100%,0,52,52,0,0,0,52
0x63149d,100%,0,52,52,0,0,0,52
0x636b32,100%,0,257,257,0,0,0,257
0x63828f,100%,0,257,257,0,0,0,257
0x5984ac,100%,0,104,104,0,0,0,104
0x67a259,100%,0,2,2,0,0,0,2
0x65fce8,100%,0,208,208,208,0,0,0
0x6573a2,100%,0,2,2,0,0,0,2
0x9fb4ee,100%,0,257,257,0,0,0,257
0x636d20,100%,0,257,257,0,0,0,257
0x64f1f3,100%,0,32640,32640,0,0,0,32640
0x636d76,100%,0,257,257,0,0,0,257
0xa79687,100%,0,257,257,0,0,0,257
0x634e11,100%,0,2,2,0,0,0,2
0x63c977,100%,0,257,257,0,0,0,257
0x643638,100%,0,2600,2600,0,0,0,2600
0x635445,100%,0,2,2,0,0,0,2
0x76d8f2,100%,0,52,52,0,0,0,52
0xa7965d,100%,0,257,257,0,0,0,257
0x67b649,100%,0,2,2,0,0,0,2
0x9fb582,100%,0,261,261,0,0,0,261
0xa7a70d,100%,0,257,257,0,0,0,257
0x64ac19,100%,0,2,2,0,0,0,2
0x7b3a69,100%,0,2,2,2,0,0,0
0x649ca9,100%,0,2,2,0,0,0,2
0x76b4e9,100%,0,2,2,0,0,0,2
0x63c9aa,100%,0,257,257,0,0,0,257
0x63cb55,100%,0,257,257,0,0,0,257
0x5f23e3,100%,0,54,54,0,0,0,54
0x66fc53,100%,0,208,208,0,0,0,208
0x769b2e,100%,0,4,4,0,0,0,4
0x9f9285,100%,0,2,2,0,0,0,2
0x64cf73,100%,0,80,80,0,0,0,80
0x758940,100%,0,208,208,0,0,0,208
0x637fd6,100%,0,257,257,0,0,0,257
0x75d6c9,100%,0,2,2,0,0,0,2
0x8bf900,100%,0,52,52,0,0,0,52
0x6d8e4b,100%,0,16,16,0,0,0,16
0x64ed03,100%,0,1280,1280,0,0,0,1280
0x8c59f2,100%,0,500,500,0,0,0,500
0x62eb5e,100%,0,2,2,0,0,0,2
0x75cc37,100%,0,52,52,0,0,0,52
0x63f7e1,100%,0,2,2,0,0,0,2
0x63442a,100%,0,2,2,0,0,0,2
0x64d585,100%,0,32,32,0,0,0,32
0x64eef3,100%,0,208,208,0,0,0,208
0x66ffda,100%,0,208,208,0,0,0,208
0x66f2b7,100%,0,2,2,0,0,0,2
0x64ecf7,100%,0,32,32,0,0,0,32
0x64f106,100%,0,32,32,0,0,0,32
0x5e6205,100%,0,2,2,0,0,0,2
0x6355e4,100%,0,2,2,0,0,0,2
0x648dc8,100%,0,14,14,0,0,0,14
0x64cd0f,100%,0,2,2,0,0,0,2
0x64f3cd,100%,0,8,8,0,0,0,8
0x9fefc6,100%,0,14,14,0,0,0,14
0x64f3f6,100%,0,8,8,0,0,0,8
0x64ff2c,100%,0,2,2,0,0,0,2
0x64be27,100%,0,80,80,0,0,0,80
0x76bc4c,100%,0,6,6,0,0,0,6
0x63cd61,100%,0,257,257,0,0,0,257
0x64e193,100%,0,500,500,0,0,0,500
0x62ec7e,100%,0,2,2,0,0,0,2
0x42a848,100%,0,42,42,42,0,0,0
0x64fb48,100%,0,80,80,0,0,0,80
0x76bb8f,100%,0,42,42,0,0,0,42
0x641985,100%,0,2,2,0,0,0,2
0x927c68,100%,0,365,365,0,0,0,365
0x64fb78,100%,0,80,80,0,0,0,80
0x66e457,100%,0,2,2,0,0,0,2
0x7b04cf,100%,0,2,2,0,0,0,2
0x64fba8,100%,0,2,2,0,0,0,2
0x7aaccb,100%,0,52,52,0,0,0,52
0x64e761,100%,0,8160,8160,0,0,0,8160
0x6354fa,100%,0,2,2,0,0,0,2
0x661b1c,100%,0,2,2,2,0,0,0
0x64b9ca,100%,0,2,2,0,0,0,2
0x6582a2,100%,0,91,91,0,0,0,91
0x762ee2,100%,0,32,32,0,0,0,32
0x603755,100%,0,44,44,0,0,0,44
0x8c58e8,100%,0,13000,13000,0,0,0,13000
0x63859f,100%,0,257,257,0,0,0,257
0x64c674,100%,0,80,80,0,0,0,80
0x7aa5a4,100%,0,104,104,52,0,0,52
0x62ea1e,100%,0,2,2,0,0,0,2
0x6312d2,100%,0,2,2,0,0,0,2
0x64c7ca,100%,0,2,2,0,0,0,2
0x665d82,100%,0,2,2,0,0,0,2
0x64c8d3,100%,0,400,400,0,0,0,400
0x9293f0,100%,0,105,105,0,0,0,105
0x633346,100%,0,2,2,0,0,0,2
0x64c960,100%,0,8,8,0,0,0,8
0x64c9a9,100%,0,2,2,0,0,0,2
0x642fd2,100%,0,2600,2600,0,0,0,2600
0x9fef00,100%,0,4,4,0,0,0,4
0x8c201d,100%,0,2,2,0,0,0,2
0x8bee58,100%,0,52,52,0,0,0,52
0x5e9fd6,100%,0,8,8,0,0,0,8
0x64cd7b,100%,0,2,2,0,0,0,2
0x666333,100%,0,52,52,0,0,0,52
0x64cdbe,100%,0,2,2,0,0,0,2
0x64ce82,100%,0,2,2,0,0,0,2
0x64cf2e,100%,0,2,2,0,0,0,2
0x630545,100%,0,2,2,0,0,0,2
0xa0f58b,100%,0,34,34,34,0,0,0
0x633f07,100%,0,80,80,0,0,0,80
0x659a4c,100%,0,2600,2600,0,0,0,2600
0x64b859,100%,0,400,400,0,0,0,400
0x67a99c,100%,0,2,2,0,0,0,2
0x6503c3,100%,0,2,2,0,0,0,2
0x650554,100%,0,2,2,2,0,0,0
0x6511dd,100%,0,2,2,0,0,0,2
0x92ca65,100%,0,2600,2600,2600,0,0,0
0x630c52,100%,0,2,2,0,0,0,2
0x9f928a,100%,0,2,2,2,0,0,0
0x62ebfe,100%,0,2,2,0,0,0,2
0xa79eeb,100%,0,68783,68783,68783,0,0,0
0x95a829,100%,0,2,2,0,0,0,2
0x6415ba,100%,0,2,2,0,0,0,2
0x75d719,100%,0,2,2,0,0,0,2
0x62e9be,100%,0,2,2,0,0,0,2
0x8c47d4,100%,0,13000,13000,0,0,0,13000
0x635f67,100%,0,2,2,0,0,0,2
0x660d03,100%,0,2,2,2,0,0,0
0x64c5ca,100%,0,4000,4000,0,0,0,4000
0x7cd933,100%,0,52,52,0,0,0,52
0x67a12c,100%,0,2,2,0,0,0,2
0x8a49ef,100%,0,2,2,0,0,0,2
0x92a2a2,100%,0,159,159,0,0,0,159
0x6489eb,100%,0,2,2,0,0,0,2
0x648a3d,100%,0,2,2,0,0,0,2
0x648ae1,100%,0,2,2,0,0,0,2
0x648e24,100%,0,14,14,0,0,0,14
0x8c3058,100%,0,100,100,0,0,0,100
0xa24b18,100%,0,505,505,0,0,0,505
0x65930c,100%,0,2,2,0,0,0,2
0x6497fe,100%,0,2,2,0,0,0,2
0x644012,100%,0,2600,2600,0,0,0,2600
0x648761,100%,0,2,2,0,0,0,2
0x8c68da,100%,0,100,100,0,0,0,100
0x649808,100%,0,2,2,0,0,0,2
0x6e671d,100%,0,2,2,0,0,0,2
0x649891,100%,0,2,2,0,0,0,2
0x64989e,100%,0,2,2,0,0,0,2
0x6498b0,100%,0,2,2,0,0,0,2
0x6498c2,100%,0,2,2,0,0,0,2
0x5e8ec8,100%,0,13,13,0,0,0,13
0x66ae17,100%,0,2,2,0,0,0,2
0x634ff0,100%,0,2,2,0,0,0,2
0x7cffee,100%,0,2,2,0,0,0,2
0x65ab6f,100%,0,2,2,0,0,0,2
0xa0eb64,100%,0,4,4,0,0,0,4
0xa79690,100%,0,257,257,0,0,0,257
0x63175b,100%,0,18,18,0,0,0,18
0x686fe8,100%,0,2,2,0,0,0,2
0x63af6d,100%,0,14,14,0,0,0,14
0x6546c7,100%,0,8521,8521,0,0,0,8521
0x63b18e,100%,0,84,84,0,0,0,84
0x62e8fe,100%,0,2,2,0,0,0,2
0x63b241,100%,0,84,84,0,0,0,84
0x6498d4,100%,0,2,2,0,0,0,2
0x63b2b8,100%,0,84,84,0,0,0,84
0x62e9fe,100%,0,2,2,0,0,0,2
0x7b0a2c,100%,0,2,2,0,0,0,2
0x63b35f,100%,0,2,2,0,0,0,2
0x6486c3,100%,0,2,2,0,0,0,2
0x4b9e34,100%,0,64,64,0,0,0,64
0x6233b2,100%,0,10,10,0,0,0,10
0x642eb8,100%,0,2,2,0,0,0,2
0x67b7c9,100%,0,2,2,0,0,0,2
0x62e99e,100%,0,2,2,0,0,0,2
0x76203c,100%,0,32,32,0,0,0,32
0x64f51e,100%,0,2,2,0,0,0,2
0x64f566,100%,0,2,2,0,0,0,2
0x635fae,100%,0,2,2,0,0,0,2
0x67b4c9,100%,0,2,2,0,0,0,2
0x64f5d5,100%,0,2,2,0,0,0,2
0x63601d,100%,0,2,2,0,0,0,2
0x64f658,100%,0,2,2,0,0,0,2
0x65c34c,100%,0,52,52,0,0,0,52
0x64f6ed,100%,0,2,2,0,0,0,2
0x64f749,100%,0,2,2,0,0,0,2
0x658bc0,100%,0,2,2,0,0,0,2
0x64f83c,100%,0,2,2,0,0,0,2
0x63f619,100%,0,2,2,0,0,0,2
0x64f8b6,100%,0,2,2,0,0,0,2
0x64f8fb,100%,0,2,2,0,0,0,2
0x64adc8,100%,0,2,2,0,0,0,2
0x64f919,100%,0,2,2,0,0,0,2
0x64f983,100%,0,2,2,0,0,0,2
0x64f9d4,100%,0,2,2,0,0,0,2
0x64af27,100%,0,2,2,0,0,0,2
0x64fa78,100%,0,4000,4000,0,0,0,4000
0x660084,100%,0,2,2,0,0,0,2
0x666143,100%,0,52,52,0,0,0,52
0x6335d3,100%,0,2,2,0,0,0,2
0x6498e6,100%,0,2,2,0,0,0,2
0x65fbe7,100%,0,34,34,0,0,0,34
0x649948,100%,0,2,2,0,0,0,2
0x64996c,100%,0,2,2,0,0,0,2
0x8c447f,100%,0,100,100,0,0,0,100
0x7b0ea5,100%,0,52,52,0,0,0,52
0x64997e,100%,0,2,2,0,0,0,2
0x633a82,100%,0,2,2,0,0,0,2
0x5e7de8,100%,0,13,13,0,0,0,13
0x6499bc,100%,0,2,2,0,0,0,2
0x6499c6,100%,0,2,2,0,0,0,2
0x6499d3,100%,0,2,2,0,0,0,2
0x649a19,100%,0,2,2,0,0,0,2
0x649a3d,100%,0,2,2,0,0,0,2
0x757873,100%,0,52,52,0,0,0,52
0x65db38,100%,0,2600,2600,0,0,0,2600
0x64f4bc,100%,0,2,2,0,0,0,2
0xa308b5,100%,0,7436,7436,0,0,0,7436
0x64f4f2,100%,0,2,2,0,0,0,2
0x926cbd,100%,0,400,400,400,0,0,0
0x92d60e,100%,0,2,2,0,0,0,2
0x65c177,100%,0,2,2,2,0,0,0
0x65c3aa,100%,0,2,2,0,0,0,2
0x926051,100%,0,2,2,0,0,0,2
0x92605f,100%,0,2,2,0,0,0,2
0x926129,100%,0,2,2,0,0,0,2
0x9261f5,100%,0,8,8,0,0,0,8
0x9262ad,100%,0,400,400,400,0,0,0
0x926466,100%,0,8,8,8,0,0,0
0xa43ee9,100%,0,10625,10625,10625,0,0,0
0x657233,100%,0,2,2,0,0,0,2
0x92d5ea,100%,0,2,2,0,0,0,2
0x926d2f,100%,0,8,8,0,0,0,8
0x926d74,100%,0,8,8,0,0,0,8
0x926c0d,100%,0,88,88,0,0,0,88
0x926c1c,100%,0,14,14,0,0,0,14
0x926e4c,100%,0,2,2,0,0,0,2
0x65c785,100%,0,2,2,2,0,0,0
0x65c95d,100%,0,3797,3797,0,0,0,3797
0x65c979,100%,0,17,17,0,0,0,17
0x65caee,100%,0,110,110,110,0,0,0
0x65cc41,100%,0,2,2,0,0,0,2
0x92c541,100%,0,2600,2600,2600,0,0,0
0x92b202,100%,0,2,2,0,0,0,2
0x92b23c,100%,0,2,2,0,0,0,2
0x92b93a,100%,0,2,2,0,0,0,2
0x92bbad,100%,0,2,2,2,0,0,0
0x92bc53,100%,0,2,2,0,0,0,2
0x92bc65,100%,0,2,2,0,0,0,2
0x92bdbf,100%,0,100,100,100,0,0,0
0x92be4e,100%,0,2,2,2,0,0,0
0x92c1c5,100%,0,52,52,0,0,0,52
0x92c461,100%,0,2600,2600,2600,0,0,0
0x65cc46,100%,0,2,2,0,0,0,2
0x92c5ca,100%,0,2600,2600,0,0,0,2600
0x92c684,100%,0,2600,2600,0,0,0,2600
0x92c7eb,100%,0,2600,2600,2600,0,0,0
0x92c9e8,100%,0,2600,2600,0,0,0,2600
0x92ca56,100%,0,2600,2600,0,0,0,2600
0x9298ce,100%,0,159,159,159,0,0,0
0x92cbde,100%,0,52,52,52,0,0,0
0x92c0c4,100%,0,50,50,50,0,0,0
0x92d5ac,100%,0,2,2,0,0,0,2
0x92d5cb,100%,0,2,2,0,0,0,2
0x65e593,100%,0,10400,10400,10400,0,0,0
0x632dbb,100%,0,468,468,0,0,0,468
0x6571c3,100%,0,2,2,0,0,0,2
0x65da3e,100%,0,100,100,0,0,0,100
0x657882,100%,0,2,2,0,0,0,2
0x65df4a,100%,0,100,100,0,0,0,100
0xa27e08,100%,0,40,40,40,0,0,0
0x65e055,100%,0,100,100,0,0,0,100
0x65e193,100%,0,10400,10400,10400,0,0,0
0x65e1d8,100%,0,100,100,0,0,0,100
0x65e448,100%,0,2600,2600,0,0,0,2600
0x65e4a3,100%,0,100,100,0,0,0,100
0x632dab,100%,0,18,18,0,0,0,18
0x65e5ac,100%,0,10400,10400,7800,0,0,2600
0x65e5c8,100%,0,100,100,0,0,0,100
0x65e830,100%,0,100,100,0,0,0,100
0x65e968,100%,0,2600,2600,0,0,0,2600
0x65eaa8,100%,0,2600,2600,0,0,0,2600
0x65ebf8,100%,0,2600,2600,0,0,0,2600
0x65ed5e,100%,0,100,100,0,0,0,100
0x65eff0,100%,0,100,100,0,0,0,100
0x65f026,100%,0,100,100,100,0,0,0
0x65fb18,100%,0,52,52,0,0,0,52
0x65d1a6,100%,0,2,2,0,0,0,2
0x65cc4a,100%,0,2,2,0,0,0,2
0x65cd13,100%,0,52,52,0,0,0,52
0x65cdcb,100%,0,2,2,0,0,0,2
0x65ce77,100%,0,2600,2600,0,0,0,2600
0x65cedd,100%,0,2,2,0,0,0,2
0x65cf41,100%,0,2,2,0,0,0,2
0x65cf7c,100%,0,2,2,0,0,0,2
0x65d003,100%,0,52,52,0,0,0,52
0x65d013,100%,0,52,52,0,0,0,52
0x65d0f6,100%,0,52,52,0,0,0,52
0x9f91f3,100%,0,2,2,0,0,0,2
0x65d5d0,100%,0,2,2,0,0,0,2
0x65d5e6,100%,0,2,2,0,0,0,2
0x632a04,100%,0,2,2,0,0,0,2
0x632a28,100%,0,2,2,0,0,0,2
0x632a67,100%,0,2,2,0,0,0,2
0x632b02,100%,0,2,2,0,0,0,2
0x632bb7,100%,0,2,2,0,0,0,2
0x632bd7,100%,0,2,2,0,0,0,2
0x632c64,100%,0,2,2,0,0,0,2
0x632d93,100%,0,2,2,0,0,0,2
0x63f027,100%,0,2,2,0,0,0,2
0x635f8b,100%,0,2,2,0,0,0,2
0x635fec,100%,0,2,2,0,0,0,2
0x636000,100%,0,2,2,0,0,0,2
0x63605b,100%,0,2,2,0,0,0,2
0x636157,100%,0,224,224,0,0,0,224
0x636197,100%,0,2,2,0,0,0,2
0x63eea2,100%,0,2,2,0,0,0,2
0x63eeed,100%,0,2,2,0,0,0,2
0x63ef0b,100%,0,2,2,0,0,0,2
0x63ef5f,100%,0,2,2,0,0,0,2
0x63efac,100%,0,2,2,0,0,0,2
0x635e2c,100%,0,2,2,0,0,0,2
0x63f06d,100%,0,2,2,0,0,0,2
0x63f0ab,100%,0,2,2,0,0,0,2
0x63f154,100%,0,2,2,0,0,0,2
0x63f1b3,100%,0,2,2,0,0,0,2
0x63f1d8,100%,0,2,2,0,0,0,2
0x63f25c,100%,0,2,2,0,0,0,2
0x63f301,100%,0,2,2,0,0,0,2
0x63f364,100%,0,2,2,0,0,0,2
0x63f511,100%,0,2,2,0,0,0,2
0x63f54f,100%,0,2,2,0,0,0,2
0x635791,100%,0,2,2,0,0,0,2
0x65643d,100%,0,125,125,0,0,0,125
0x6336cd,100%,0,2,2,0,0,0,2
0x928fa6,100%,0,159,159,0,0,0,159
0x633732,100%,0,2,2,0,0,0,2
0x633762,100%,0,2,2,0,0,0,2
0x633968,100%,0,2,2,0,0,0,2
0x633978,100%,0,10,10,0,0,0,10
0x635575,100%,0,2,2,0,0,0,2
0x6355ef,100%,0,2,2,0,0,0,2
0x635724,100%,0,2,2,0,0,0,2
0x63f595,100%,0,2,2,0,0,0,2
0x6357e6,100%,0,2,2,0,0,0,2
0x63586b,100%,0,2,2,0,0,0,2
0x6358b9,100%,0,2,2,0,0,0,2
0x63593f,100%,0,2,2,0,0,0,2
0x6359dd,100%,0,2,2,0,0,0,2
0x635be3,100%,0,2,2,0,0,0,2
0x635c03,100%,0,2,2,0,0,0,2
0x635c22,100%,0,2,2,0,0,0,2
0x63f447,100%,0,2,2,0,0,0,2
0x635c38,100%,0,100,100,0,0,0,100
0x65b450,100%,0,2,2,0,0,0,2
0x65b182,100%,0,2,2,0,0,0,2
0x65b1a2,100%,0,2,2,0,0,0,2
0x65b1d8,100%,0,2,2,0,0,0,2
0x65b2ce,100%,0,2,2,0,0,0,2
0x65b2ea,100%,0,2,2,0,0,0,2
0x65b31d,100%,0,2,2,0,0,0,2
0x65b35a,100%,0,2,2,0,0,0,2
0x65b38d,100%,0,2,2,0,0,0,2
0x65b3ca,100%,0,2,2,0,0,0,2
0x65b3fd,100%,0,2,2,0,0,0,2
0x661b17,100%,0,2,2,0,0,0,2
0x65b491,100%,0,2,2,0,0,0,2
0x65b4dd,100%,0,2,2,0,0,0,2
0x65b501,100%,0,2,2,0,0,0,2
0x65b54d,100%,0,2,2,0,0,0,2
0x65b571,100%,0,2,2,0,0,0,2
0x65b663,100%,0,52,52,0,0,0,52
0x65b759,100%,0,2,2,0,0,0,2
0x9f7d47,100%,0,2,2,0,0,0,2
0x9f7d4d,100%,0,2,2,0,0,0,2
0x9f7d5a,100%,0,2,2,2,0,0,0
0x621084,100%,0,3952,3952,0,0,0,3952
0x63f5d3,100%,0,2,2,0,0,0,2
0x63f5f8,100%,0,2,2,0,0,0,2
0x63f67c,100%,0,2,2,0,0,0,2
0x63f6db,100%,0,2,2,0,0,0,2
0x63f71d,100%,0,2,2,0,0,0,2
0x63f76a,100%,0,2,2,0,0,0,2
0x63f7b5,100%,0,2,2,0,0,0,2
0x63f7c0,100%,0,2,2,0,0,0,2
0x621846,100%,0,12,12,12,0,0,0
0x929952,100%,0,159,159,159,0,0,0
0x65fbd2,100%,0,174,174,174,0,0,0
0x621394,100%,0,38,38,38,0,0,0
0x621103,100%,0,8,8,0,0,0,8
0x621148,100%,0,832,832,0,0,0,832
0x6209c7,100%,0,6,6,0,0,0,6
0x6209d5,100%,0,6,6,0,0,0,6
0x620afe,100%,0,6,6,6,0,0,0
0x620e1c,100%,0,6,6,6,0,0,0
0x6612be,100%,0,2,2,0,0,0,2
0x661928,100%,0,2,2,0,0,0,2
0x6619c4,100%,0,2,2,0,0,0,2
0xa43cb4,100%,0,10625,10625,10625,0,0,0
0xa31ccc,100%,0,10625,10625,0,0,0,10625
0xa31cd4,100%,0,10625,10625,0,0,0,10625
0xa31cf9,100%,0,10625,10625,10625,0,0,0
0xa31dfb,100%,0,10625,10625,0,0,0,10625
0xa31e15,100%,0,10625,10625,0,0,0,10625
0xa2e8d5,100%,0,37689,37689,0,0,0,37689
0xa2e8e0,100%,0,37689,37689,0,0,0,37689
0xa2e8ee,100%,0,37689,37689,0,0,0,37689
0xa43be4,100%,0,10625,10625,10625,0,0,0
0xa43c66,100%,0,10625,10625,0,0,0,10625
0xa43ca6,100%,0,10625,10625,10625,0,0,0
0xa31c26,100%,0,42568,42568,42568,0,0,0
0xa43d7f,100%,0,10625,10625,10625,0,0,0
0xa43d93,100%,0,10625,10625,10625,0,0,0
0xa0f205,100%,0,10625,10625,0,0,0,10625
0xa0f222,100%,0,10625,10625,0,0,0,10625
0xa31c59,100%,0,10625,10625,10625,0,0,0
0xa0f28c,100%,0,10625,10625,0,0,0,10625
0x9610bd,100%,0,159,159,0,0,0,159
0x6552c3,100%,0,13515,13515,0,0,0,13515
0x6555ec,100%,0,13515,13515,13515,0,0,0
0x655d4f,100%,0,106444,106444,53222,0,0,53222
0x960af4,100%,0,159,159,0,0,0,159
0x92943d,100%,0,105,105,105,0,0,0
0x92949a,100%,0,105,105,0,0,0,105
0x9294e9,100%,0,125,125,125,0,0,0
0x9295ae,100%,0,125,125,0,0,0,125
0x929798,100%,0,125,125,125,0,0,0
0x9298ca,100%,0,159,159,0,0,0,159
0x929b1e,100%,0,159,159,0,0,0,159
0x960a58,100%,0,159,159,0,0,0,159
0x960aa8,100%,0,159,159,0,0,0,159
0x960ada,100%,0,159,159,0,0,0,159
0xa2270d,100%,0,761,761,761,0,0,0
0x960b6b,100%,0,159,159,0,0,0,159
0x960b6f,100%,0,159,159,0,0,0,159
0x960b89,100%,0,159,159,0,0,0,159
0x960c2b,100%,0,159,159,0,0,0,159
0x960d07,100%,0,159,159,0,0,0,159
0x65644f,100%,0,125,125,125,0,0,0
0x656556,100%,0,2625,2625,2625,0,0,0
0x960e49,100%,0,159,159,159,0,0,0
0x960ea4,100%,0,125,125,0,0,0,125
0xa31c0d,100%,0,42568,42568,42568,0,0,0
0xa0f53f,100%,0,34,34,0,0,0,34
0x8a844b,100%,0,20,20,0,0,0,20
0x6551a9,100%,0,20,20,0,0,0,20
0x6551d2,100%,0,80,80,60,0,0,20
0x655239,100%,0,20,20,0,0,0,20
0x8a84b3,100%,0,20,20,0,0,0,20
0x9290a2,100%,0,20,20,20,0,0,0
0x929250,100%,0,20,20,0,0,0,20
0x8a7c73,100%,0,10,10,0,0,0,10
0x8a881a,100%,0,2,2,0,0,0,2
0x8a898a,100%,0,10,10,0,0,0,10
0xa0f52a,100%,0,34,34,0,0,0,34
0x92a43b,100%,0,129,129,129,0,0,0
0xa0f578,100%,0,34,34,0,0,0,34
0xa23621,100%,0,34,34,0,0,0,34
0xa23636,100%,0,34,34,34,0,0,0
0xa39deb,100%,0,4,4,0,0,0,4
0xa39ec2,100%,0,4,4,0,0,0,4
0xa39f96,100%,0,4,4,0,0,0,4
0xa3a06a,100%,0,4,4,0,0,0,4
0xa3a13e,100%,0,4,4,0,0,0,4
0xa3a2ce,100%,0,4,4,4,0,0,0
0xa3a48e,100%,0,4,4,0,0,0,4
0x9615b9,100%,0,159,159,0,0,0,159
0xa22ad0,100%,0,761,761,0,0,0,761
0xa22c44,100%,0,105,105,0,0,0,105
0xa22c54,100%,0,105,105,105,0,0,0
0xa24bc2,100%,0,125,125,125,0,0,0
0xa24bd7,100%,0,125,125,125,0,0,0
0x961262,100%,0,159,159,159,0,0,0
0x961333,100%,0,159,159,0,0,0,159
0x961350,100%,0,159,159,0,0,0,159
0x961407,100%,0,159,159,0,0,0,159
0x961508,100%,0,159,159,159,0,0,0
0x92940d,100%,0,105,105,105,0,0,0
0x9615d6,100%,0,159,159,0,0,0,159
0x96161e,100%,0,159,159,159,0,0,0
0x961628,100%,0,159,159,159,0,0,0
0x961635,100%,0,159,159,0,0,0,159
0x9616c8,100%,0,159,159,0,0,0,159
0x96172f,100%,0,159,159,0,0,0,159
0x961917,100%,0,159,159,0,0,0,159
0x96196e,100%,0,159,159,0,0,0,159
0x92a2ce,100%,0,159,159,0,0,0,159
0x92a433,100%,0,159,159,30,0,0,129
0x6572a3,100%,0,2,2,0,0,0,2
0x656d53,100%,0,2,2,0,0,0,2
0x656e20,100%,0,2,2,0,0,0,2
0x656f0a,100%,0,2,2,0,0,0,2
0x656fa8,100%,0,2,2,0,0,0,2
0x6570a6,100%,0,2,2,0,0,0,2
0x6570df,100%,0,2,2,0,0,0,2
0x657170,100%,0,2,2,0,0,0,2
0x6571e0,100%,0,2,2,0,0,0,2
0x657204,100%,0,2,2,0,0,0,2
0x657220,100%,0,2,2,0,0,0,2
0x657274,100%,0,2,2,0,0,0,2
0x656d36,100%,0,2,2,0,0,0,2
0x6572e4,100%,0,2,2,0,0,0,2
0x657313,100%,0,2,2,0,0,0,2
0x657330,100%,0,2,2,0,0,0,2
0x6573e2,100%,0,2,2,0,0,0,2
0x65752a,100%,0,2,2,0,0,0,2
0x657633,100%,0,2,2,0,0,0,2
0x65765d,100%,0,2,2,0,0,0,2
0x65776e,100%,0,2,2,0,0,0,2
0x6577ec,100%,0,52,52,0,0,0,52
0x657899,100%,0,2,2,0,0,0,2
0x660348,100%,0,2,2,2,0,0,0
0x65fc1c,100%,0,34,34,0,0,0,34
0x65fe56,100%,0,110,110,110,0,0,0
0x66010b,100%,0,2,2,0,0,0,2
0x62330e,100%,0,10,10,0,0,0,10
0x62336d,100%,0,260,260,0,0,0,260
0x623451,100%,0,10,10,0,0,0,10
0x623507,100%,0,260,260,0,0,0,260
0x62359c,100%,0,505,505,0,0,0,505
0x660311,100%,0,2,2,2,0,0,0
0x66032b,100%,0,2,2,2,0,0,0
0x6578ac,100%,0,2,2,0,0,0,2
0x660362,100%,0,2,2,2,0,0,0
0x66058a,100%,0,2,2,2,0,0,0
0x6605db,100%,0,2,2,2,0,0,0
0x66084c,100%,0,2,2,2,0,0,0
0x660a65,100%,0,2,2,2,0,0,0
0x660a7f,100%,0,2,2,2,0,0,0
0x660a9c,100%,0,2,2,2,0,0,0
0x660d34,100%,0,2,2,2,0,0,0
0x656bc3,100%,0,2,2,0,0,0,2
0x656cc3,100%,0,2,2,0,0,0,2
0x928b1b,100%,0,159,159,0,0,0,159
0x653a4f,100%,0,2,2,0,0,0,2
0x653a58,100%,0,2,2,0,0,0,2
0x653b25,100%,0,2,2,0,0,0,2
0x653b2a,100%,0,2,2,0,0,0,2
0x653b98,100%,0,2,2,0,0,0,2
0x927f11,100%,0,208,208,208,0,0,0
0x928a02,100%,0,159,159,0,0,0,159
0x928a4f,100%,0,159,159,0,0,0,159
0x928a8a,100%,0,159,159,0,0,0,159
0x928ada,100%,0,159,159,0,0,0,159
0x653975,100%,0,2,2,0,0,0,2
0x928b70,100%,0,159,159,159,0,0,0
0x928db6,100%,0,159,159,0,0,0,159
0x8a7b4a,100%,0,129,129,0,0,0,129
0x8a7b73,100%,0,129,129,0,0,0,129
0xa38b82,100%,0,40,40,40,0,0,0
0xa0ebfa,100%,0,40,40,0,0,0,40
0xa0ec03,100%,0,40,40,0,0,0,40
0x929159,100%,0,105,105,0,0,0,105
0x9291ac,100%,0,105,105,105,0,0,0
0x929277,100%,0,105,105,0,0,0,105
0x653398,100%,0,2,2,0,0,0,2
0x657ad2,100%,0,2,2,0,0,0,2
0x657b04,100%,0,2,2,0,0,0,2
0x657c96,100%,0,2,2,0,0,0,2
0x657d68,100%,0,2,2,0,0,0,2
0x657dfb,100%,0,208,208,0,0,0,208
0x8a89cb,100%,0,10,10,0,0,0,10
0x65311c,100%,0,2,2,0,0,0,2
0x65328e,100%,0,2,2,0,0,0,2
0x6532ca,100%,0,2,2,0,0,0,2
0x653352,100%,0,52,52,0,0,0,52
0x633660,100%,0,2,2,0,0,0,2
0x6534a1,100%,0,2,2,0,0,0,2
0x653575,100%,0,52,52,0,0,0,52
0x6535da,100%,0,2,2,0,0,0,2
0x65365c,100%,0,208,208,0,0,0,208
0x6536de,100%,0,2,2,0,0,0,2
0x65379c,100%,0,52,52,0,0,0,52
0x6537d5,100%,0,2,2,0,0,0,2
0x653865,100%,0,2,2,0,0,0,2
0x6538b3,100%,0,2,2,0,0,0,2
0x65393c,100%,0,52,52,0,0,0,52
0x9f8120,100%,0,191,191,0,0,0,191
0x593d19,100%,0,8,8,0,0,0,8
0x593d6c,100%,0,8,8,0,0,0,8
0x593d7b,100%,0,8,8,0,0,0,8
0x593df2,100%,0,208,208,0,0,0,208
0x63f4cb,100%,0,2,2,0,0,0,2
0xa31e09,100%,0,10625,10625,0,0,0,10625
0x666afc,100%,0,8,8,0,0,0,8
0x666b01,100%,0,8,8,0,0,0,8
0x9f80ca,100%,0,191,191,0,0,0,191
0x9f80f7,100%,0,191,191,0,0,0,191
0x9f80fd,100%,0,191,191,0,0,0,191
0x65b74c,100%,0,2,2,0,0,0,2
0x9f812b,100%,0,191,191,191,0,0,0
0x9fa803,100%,0,191,191,0,0,0,191
0x9fa897,100%,0,191,191,191,0,0,0
0x9fa8a5,100%,0,191,191,0,0,0,191
0x9fa8b3,100%,0,191,191,0,0,0,191
0x666b28,100%,0,8,8,0,0,0,8
0x630dec,100%,0,2,2,0,0,0,2
0x666c4d,100%,0,8,8,0,0,0,8
0x8a7b6a,100%,0,129,129,0,0,0,129
0x666d55,100%,0,8,8,0,0,0,8
0x6663f9,100%,0,2,2,0,0,0,2
0x666113,100%,0,52,52,0,0,0,52
0x63039b,100%,0,2,2,0,0,0,2
0x65642f,100%,0,125,125,0,0,0,125
0x666233,100%,0,52,52,0,0,0,52
0xa23634,100%,0,34,34,0,0,0,34
0x666263,100%,0,52,52,0,0,0,52
0x666293,100%,0,52,52,0,0,0,52
0x6662c3,100%,0,52,52,0,0,0,52
0x6337df,100%,0,2,2,0,0,0,2
0x6663c3,100%,0,52,52,0,0,0,52
0x666d68,100%,0,8,8,0,0,0,8
0x92c73f,100%,0,2600,2600,0,0,0,2600
0x66690d,100%,0,2,2,0,0,0,2
0x593a77,100%,0,8,8,0,0,0,8
0x593acd,100%,0,8,8,0,0,0,8
0x593b4e,100%,0,8,8,0,0,0,8
0x593b8b,100%,0,8,8,0,0,0,8
0x593baf,100%,0,8,8,0,0,0,8
0x593c1f,100%,0,8,8,0,0,0,8
0x593c43,100%,0,8,8,0,0,0,8
0x632401,100%,0,2,2,0,0,0,2
0x62f6a0,100%,0,2,2,0,0,0,2
0x62f17f,100%,0,2,2,0,0,0,2
0x62f1a2,100%,0,2,2,0,0,0,2
0x62f24c,100%,0,2,2,0,0,0,2
0x62f2c7,100%,0,2,2,0,0,0,2
0x62f311,100%,0,2,2,0,0,0,2
0x62f47c,100%,0,2,2,0,0,0,2
0x62f516,100%,0,2,2,0,0,0,2
0x62f541,100%,0,2,2,0,0,0,2
0x62f560,100%,0,2,2,0,0,0,2
0x62f625,100%,0,2,2,0,0,0,2
0x6556b9,100%,0,13515,13515,0,0,0,13515
0x62f097,100%,0,2,2,0,0,0,2
0x62f6cb,100%,0,2,2,0,0,0,2
0x62f705,100%,0,2,2,0,0,0,2
0x62f7ca,100%,0,2,2,0,0,0,2
0x961438,100%,0,159,159,0,0,0,159
0x62f82a,100%,0,2,2,0,0,0,2
0x62f874,100%,0,2,2,0,0,0,2
0x62f9fe,100%,0,2,2,0,0,0,2
0x62fa19,100%,0,2,2,0,0,0,2
0x62fb3e,100%,0,2,2,0,0,0,2
0x62fb69,100%,0,2,2,0,0,0,2
0x667750,100%,0,2,2,0,0,0,2
0x666e80,100%,0,8,8,0,0,0,8
0x666e85,100%,0,8,8,0,0,0,8
0xa43d8d,100%,0,10625,10625,0,0,0,10625
0x592c8b,100%,0,8,8,0,0,0,8
0x592cd1,100%,0,8,8,0,0,0,8
0x666f85,100%,0,52,52,0,0,0,52
0x66745b,100%,0,52,52,0,0,0,52
0x6675a4,100%,0,52,52,0,0,0,52
0x6675d4,100%,0,52,52,0,0,0,52
0x6676b3,100%,0,52,52,0,0,0,52
0x6660b3,100%,0,52,52,0,0,0,52
0x6579bd,100%,0,2,2,0,0,0,2
0x6679b3,100%,0,52,52,0,0,0,52
0x667a70,100%,0,2,2,0,0,0,2
0x667b32,100%,0,52,52,0,0,0,52
0x667ba3,100%,0,52,52,0,0,0,52
0x667bdb,100%,0,2,2,0,0,0,2
0x669932,100%,0,52,52,0,0,0,52
0x669e43,100%,0,52,52,0,0,0,52
0x669f9c,100%,0,2,2,0,0,0,2
0x63559d,100%,0,2,2,0,0,0,2
0x89fc7b,100%,0,8,8,0,0,0,8
0x687c74,100%,0,2,2,0,0,0,2
0x687d52,100%,0,52,52,0,0,0,52
0x65eb1b,100%,0,100,100,0,0,0,100
0x632a94,100%,0,2,2,0,0,0,2
0x603253,100%,0,22,22,0,0,0,22
0x62f855,100%,0,2,2,0,0,0,2
0x60329f,100%,0,2,2,0,0,0,2
0x603624,100%,0,16,16,0,0,0,16
0x603631,100%,0,16,16,0,0,0,16
0x6036f3,100%,0,16,16,0,0,0,16
0x89fbf5,100%,0,8,8,0,0,0,8
0x62effe,100%,0,2,2,0,0,0,2
0x89fc99,100%,0,8,8,0,0,0,8
0x89fccf,100%,0,8,8,0,0,0,8
0x89fd09,100%,0,8,8,0,0,0,8
0x89fd67,100%,0,208,208,0,0,0,208
0x928266,100%,0,129,129,0,0,0,129
0x89fdb9,100%,0,336,336,336,0,0,0
0x89fe46,100%,0,8,8,0,0,0,8
0x89fe56,100%,0,2,2,0,0,0,2
0x89fe70,100%,0,2,2,0,0,0,2
0x89fed8,100%,0,2,2,0,0,0,2
0x5e8d0c,100%,0,752,752,0,0,0,752
0x5e7e5d,100%,0,13,13,0,0,0,13
0x92985e,100%,0,125,125,0,0,0,125
0x5e7e99,100%,0,13,13,0,0,0,13
0x5e7f15,100%,0,52,52,0,0,0,52
0x5e7fcd,100%,0,13,13,0,0,0,13
0x5e8041,100%,0,173,173,0,0,0,173
0x5e82d4,100%,0,77,77,0,0,0,77
0x5e8356,100%,0,302,302,0,0,0,302
0x5e8146,100%,0,22,22,0,0,0,22
0x5e8a71,100%,0,77,77,0,0,0,77
0x89ff5b,100%,0,2,2,0,0,0,2
0x63501b,100%,0,2,2,0,0,0,2
0x5e82b1,100%,0,8,8,0,0,0,8
0x5e88ae,100%,0,5,5,0,0,0,5
0x5e8f29,100%,0,2,2,0,0,0,2
0xa0f551,100%,0,34,34,0,0,0,34
0x5e97ea,100%,0,2,2,0,0,0,2
0x5e99db,100%,0,52,52,52,0,0,0
0x687ada,100%,0,2,2,0,0,0,2
0x687b13,100%,0,2,2,0,0,0,2
0x687c02,100%,0,2,2,0,0,0,2
0x96194a,100%,0,159,159,0,0,0,159
0x663a4d,100%,0,2,2,0,0,0,2
0xa43c35,100%,0,10625,10625,10625,0,0,0
0x663a7a,100%,0,2,2,0,0,0,2
0x663c04,100%,0,2,2,0,0,0,2
0x657128,100%,0,2,2,0,0,0,2
0x926e36,100%,0,2,2,0,0,0,2
0x6654b1,100%,0,2,2,0,0,0,2
0x665a63,100%,0,52,52,0,0,0,52
0xa22e45,100%,0,34,34,0,0,0,34
0x665aa3,100%,0,52,52,0,0,0,52
0x663a0e,100%,0,2,2,0,0,0,2
0x665b73,100%,0,52,52,0,0,0,52
0x665c63,100%,0,52,52,0,0,0,52
0x665c7e,100%,0,52,52,0,0,0,52
0x607de9,100%,0,2,2,0,0,0,2
0x665ef3,100%,0,52,52,0,0,0,52
0x665f6f,100%,0,52,52,0,0,0,52
0x633445,100%,0,2,2,0,0,0,2
0x665fba,100%,0,2,2,0,0,0,2
0x665fd3,100%,0,2,2,0,0,0,2
0x666083,100%,0,52,52,0,0,0,52
0x688305,100%,0,2,2,0,0,0,2
0x89ffb8,100%,0,2,2,0,0,0,2
0x62f8ef,100%,0,2,2,0,0,0,2
0x8a0030,100%,0,2,2,0,0,0,2
0x8a00a8,100%,0,2,2,0,0,0,2
0x8a0116,100%,0,2,2,0,0,0,2
0x8a0130,100%,0,2,2,0,0,0,2
0xa22cd8,100%,0,34,34,0,0,0,34
0x8a01fd,100%,0,2,2,0,0,0,2
0x62f606,100%,0,2,2,0,0,0,2
0x6882ef,100%,0,2,2,2,0,0,0
0x62fb88,100%,0,2,2,0,0,0,2
0x68834a,100%,0,2,2,0,0,0,2
0xa7843a,100%,0,2,2,0,0,0,2
0xa78470,100%,0,2,2,0,0,0,2
0x62f91a,100%,0,2,2,0,0,0,2
0xa78487,100%,0,2,2,0,0,0,2
0xa78e5f,100%,0,2,2,0,0,0,2
0xa78e79,100%,0,2,2,0,0,0,2
0xa78de4,100%,0,2,2,0,0,0,2
0x663699,100%,0,2,2,0,0,0,2
0x6605ef,100%,0,2,2,2,0,0,0
0x66b7bf,100%,0,2,2,0,0,0,2
0x66b2ac,100%,0,52,52,0,0,0,52
0x66b2ef,100%,0,2,2,0,0,0,2
0x66b44c,100%,0,18,18,0,0,0,18
0x635673,100%,0,2,2,0,0,0,2
0x655199,100%,0,20,20,0,0,0,20
0x66b4bf,100%,0,2,2,0,0,0,2
0x635698,100%,0,2,2,0,0,0,2
0x66b57f,100%,0,2,2,0,0,0,2
0x63ef7d,100%,0,2,2,0,0,0,2
0x66b63f,100%,0,2,2,0,0,0,2
0x66b6ff,100%,0,2,2,0,0,0,2
0x66b22f,100%,0,2,2,0,0,0,2
0x63f27d,100%,0,2,2,0,0,0,2
0x634d0c,100%,0,2,2,0,0,0,2
0x634df0,100%,0,2,2,0,0,0,2
0x634e67,100%,0,2,2,0,0,0,2
0x634ebb,100%,0,2,2,0,0,0,2
0x635112,100%,0,2,2,0,0,0,2
0x63516f,100%,0,2,2,0,0,0,2
0x63520a,100%,0,2,2,0,0,0,2
0x635242,100%,0,2,2,0,0,0,2
0x635266,100%,0,2,2,0,0,0,2
0x66aa12,100%,0,8,8,6,0,0,2
0x6324c6,100%,0,2,2,0,0,0,2
0x63256b,100%,0,2,2,0,0,0,2
0x634352,100%,0,2,2,0,0,0,2
0x66a1e7,100%,0,2,2,0,0,0,2
0x66a3ac,100%,0,52,52,0,0,0,52
0x66a51c,100%,0,52,52,0,0,0,52
0x66a560,100%,0,2,2,0,0,0,2
0x66a88c,100%,0,52,52,0,0,0,52
0x66a8cd,100%,0,2,2,0,0,0,2
0x66a9a5,100%,0,2,2,0,0,0,2
0x65b3e0,100%,0,2,2,0,0,0,2
0x66aa17,100%,0,2,2,0,0,0,2
0x8a85ea,100%,0,20,20,0,0,0,20
0x66ab0f,100%,0,2,2,0,0,0,2
0x634ce8,100%,0,2,2,0,0,0,2
0x66abbc,100%,0,52,52,0,0,0,52
0x66ac57,100%,0,2,2,0,0,0,2
0x66ad59,100%,0,2,2,0,0,0,2
0x66af0c,100%,0,52,52,0,0,0,52
0x66af38,100%,0,2,2,0,0,0,2
0x66afe8,100%,0,2,2,0,0,0,2
0x6347b3,100%,0,2,2,0,0,0,2
0x633eb7,100%,0,1200,1200,0,0,0,1200
0x633ef4,100%,0,2,2,0,0,0,2
0x9297fa,100%,0,125,125,0,0,0,125
0x633f36,100%,0,2,2,0,0,0,2
0x6344a6,100%,0,2,2,0,0,0,2
0x6344e5,100%,0,2,2,0,0,0,2
0x63450c,100%,0,2,2,0,0,0,2
0x634561,100%,0,2,2,0,0,0,2
0x634649,100%,0,2,2,0,0,0,2
0x634792,100%,0,2,2,0,0,0,2
0x633e23,100%,0,2,2,0,0,0,2
0x6347d2,100%,0,2,2,0,0,0,2
0x6347f5,100%,0,2,2,0,0,0,2
0x63487b,100%,0,2,2,0,0,0,2
0x6348d1,100%,0,2,2,0,0,0,2
0x63491b,100%,0,2,2,0,0,0,2
0x6349ce,100%,0,2,2,0,0,0,2
0x6334c8,100%,0,2,2,0,0,0,2
0x6334fb,100%,0,2,2,0,0,0,2
0x633574,100%,0,2,2,0,0,0,2
0x633602,100%,0,2,2,0,0,0,2
0x929ac6,100%,0,159,159,0,0,0,159
0x635350,100%,0,2,2,0,0,0,2
0x632ecc,100%,0,2,2,0,0,0,2
0x632ef0,100%,0,2,2,0,0,0,2
0x632fb6,100%,0,2,2,0,0,0,2
0x633031,100%,0,2,2,0,0,0,2
0x6330ae,100%,0,2,2,0,0,0,2
0x6340bf,100%,0,2,2,0,0,0,2
0xa3a3ba,100%,0,4,4,0,0,0,4
0x6341ba,100%,0,2,2,0,0,0,2
0x6341ed,100%,0,2,2,0,0,0,2
0x632472,100%,0,2,2,0,0,0,2
0x634304,100%,0,2,2,0,0,0,2
0x633aea,100%,0,2,2,0,0,0,2
0x633b1f,100%,0,2,2,0,0,0,2
0x92c6df,100%,0,2600,2600,0,0,0,2600
0x633ba8,100%,0,2,2,0,0,0,2
0x633cc2,100%,0,2,2,0,0,0,2
0x633d44,100%,0,2,2,0,0,0,2
0x656b21,100%,0,2,2,0,0,0,2
0x633da3,100%,0,2,2,0,0,0,2
0x65d102,100%,0,52,52,0,0,0,52
0x630595,100%,0,2,2,0,0,0,2
0x63027f,100%,0,2,2,0,0,0,2
0x6302a3,100%,0,2,2,0,0,0,2
0x630358,100%,0,2,2,0,0,0,2
0x6303bf,100%,0,2,2,0,0,0,2
0x6303e6,100%,0,2,2,0,0,0,2
0x630429,100%,0,2,2,0,0,0,2
0x63044d,100%,0,2,2,0,0,0,2
0x630474,100%,0,2,2,0,0,0,2
0x6304b7,100%,0,2,2,0,0,0,2
0x630502,100%,0,2,2,0,0,0,2
0x630569,100%,0,2,2,0,0,0,2
0x63023c,100%,0,2,2,0,0,0,2
0x6305f7,100%,0,2,2,0,0,0,2
0x630666,100%,0,2,2,0,0,0,2
0x630699,100%,0,2,2,0,0,0,2
0x630719,100%,0,2,2,0,0,0,2
0x63074e,100%,0,2,2,0,0,0,2
0x6307f6,100%,0,2,2,0,0,0,2
0x63089b,100%,0,2,2,0,0,0,2
0x630947,100%,0,2,2,0,0,0,2
0x9294d7,100%,0,105,105,0,0,0,105
0x630968,100%,0,2,2,0,0,0,2
0x62feb7,100%,0,2,2,0,0,0,2
0x62fba3,100%,0,2,2,0,0,0,2
0x62fc03,100%,0,2,2,0,0,0,2
0x62fc2e,100%,0,2,2,0,0,0,2
0x62fc4d,100%,0,2,2,0,0,0,2
0x62fc68,100%,0,2,2,0,0,0,2
0x62fd12,100%,0,2,2,0,0,0,2
0x62fd8d,100%,0,2,2,0,0,0,2
0x62fdd7,100%,0,2,2,0,0,0,2
0x63308e,100%,0,2,2,0,0,0,2
0x62fe7d,100%,0,2,2,0,0,0,2
0x630988,100%,0,2,2,0,0,0,2
0x928aa7,100%,0,159,159,0,0,0,159
0x62ff3f,100%,0,2,2,0,0,0,2
0x62ff5e,100%,0,2,2,0,0,0,2
0x62ff79,100%,0,2,2,0,0,0,2
0x630001,100%,0,2,2,0,0,0,2
0x630020,100%,0,2,2,0,0,0,2
0x6300e5,100%,0,2,2,0,0,0,2
0x63015e,100%,0,2,2,0,0,0,2
0x6301ae,100%,0,2,2,0,0,0,2
0x630215,100%,0,2,2,0,0,0,2
0x6315c7,100%,0,52,52,0,0,0,52
0x657300,100%,0,2,2,0,0,0,2
0x631292,100%,0,2,2,0,0,0,2
0x6312ac,100%,0,52,52,0,0,0,52
0x631350,100%,0,2,2,0,0,0,2
0x63136a,100%,0,52,52,0,0,0,52
0x63138e,100%,0,2,2,0,0,0,2
0x66a46c,100%,0,52,52,0,0,0,52
0x6313a8,100%,0,52,52,0,0,0,52
0x65747a,100%,0,2,2,2,0,0,0
0x631424,100%,0,52,52,0,0,0,52
0x63126c,100%,0,52,52,0,0,0,52
0x631642,100%,0,2,2,0,0,0,2
0x631662,100%,0,2,2,0,0,0,2
0x6316a2,100%,0,2,2,0,0,0,2
0x6316e2,100%,0,2,2,0,0,0,2
0x6317c8,100%,0,18,18,0,0,0,18
0x631892,100%,0,2,2,0,0,0,2
0x6318db,100%,0,2,2,0,0,0,2
0x6318e7,100%,0,52,52,0,0,0,52
0x631930,100%,0,2,2,0,0,0,2
0x8c71d7,100%,0,2,2,0,0,0,2
0x630fd2,100%,0,2,2,0,0,0,2
0x630ae1,100%,0,2,2,0,0,0,2
0x630bae,100%,0,2,2,0,0,0,2
0x630c82,100%,0,2,2,0,0,0,2
0x630cff,100%,0,2,2,0,0,0,2
0x630d31,100%,0,2,2,0,0,0,2
0x630f24,100%,0,2,2,0,0,0,2
0x630f55,100%,0,2,2,0,0,0,2
0x630f80,100%,0,2,2,0,0,0,2
0x630fa7,100%,0,52,52,0,0,0,52
0x660860,100%,0,2,2,2,0,0,0
0x67ade8,100%,0,8,8,0,0,0,8
0x630ff7,100%,0,52,52,0,0,0,52
0x631022,100%,0,2,2,0,0,0,2
0x631097,100%,0,52,52,0,0,0,52
0x6310c2,100%,0,2,2,0,0,0,2
0xa3a5cc,100%,0,4,4,0,0,0,4
0x631137,100%,0,52,52,0,0,0,52
0x631162,100%,0,2,2,0,0,0,2
0x631187,100%,0,52,52,0,0,0,52
0x631252,100%,0,2,2,0,0,0,2
0x926b2b,100%,0,7,7,7,0,0,0
0x5f6c18,100%,0,1026,1026,0,0,0,1026
0x6529a6,100%,0,4847,4847,4847,0,0,0
0xa769b7,100%,0,164,164,0,0,0,164
0xa782d0,100%,0,14341,14341,14341,0,0,0
0x6599fa,100%,0,52,52,0,0,0,52
0x659954,100%,0,2,2,0,0,0,2
0x7af874,100%,0,2,2,0,0,0,2
0x5efca6,100%,0,50,50,0,0,0,50
0x62f2f2,100%,0,2,2,0,0,0,2
0x960f60,100%,0,125,125,0,0,0,125
0x65b51a,100%,0,2,2,0,0,0,2
0x65991c,100%,0,52,52,0,0,0,52
0x76142f,100%,0,2,2,0,0,0,2
0x640619,100%,0,2,2,0,0,0,2
0x7b44bb,100%,0,2,2,0,0,0,2
0x6449cf,100%,0,2,2,0,0,0,2
0x65986c,100%,0,52,52,0,0,0,52
0xa30869,100%,0,16579,16579,16579,0,0,0
0x633e3b,100%,0,2,2,0,0,0,2
0x7cbbee,100%,0,2,2,0,0,0,2
0x640d6f,100%,0,2,2,0,0,0,2
0x9277ee,100%,0,91,91,89,0,0,2
0x641ca8,100%,0,52,52,0,0,0,52
0x6593c0,100%,0,2,2,0,0,0,2
0x594829,100%,0,8,8,0,0,0,8
0xa8dcbe,100%,0,81530,81530,0,0,0,81530
0x65b2aa,100%,0,2,2,0,0,0,2
0x5e6625,100%,0,50,50,0,0,0,50
0x64f4a5,100%,0,2,2,0,0,0,2
0x9feed6,100%,0,14,14,0,0,0,14
0x649e8c,100%,0,100,100,0,0,0,100
0x7700aa,100%,0,2,2,0,0,0,2
0x8c1514,100%,0,257,257,0,0,0,257
0x63af93,100%,0,14,14,0,0,0,14
0x62ec5e,100%,0,2,2,0,0,0,2
0x8bebfd,100%,0,2,2,0,0,0,2
0x8bf001,100%,0,52,52,0,0,0,52
0x64fcc9,100%,0,2,2,0,0,0,2
0x63bca4,100%,0,208,208,0,0,0,208
0x5f2e33,100%,0,52,52,0,0,0,52
0x634da1,100%,0,2,2,0,0,0,2
0x9f8cc5,100%,0,257,257,0,0,0,257
0x6415c5,100%,0,2,2,0,0,0,2
0x6699b3,100%,0,52,52,0,0,0,52
0x64de98,100%,0,16000,16000,0,0,0,16000
0x635f06,100%,0,2,2,0,0,0,2
0x63f385,100%,0,2,2,0,0,0,2
0x8c2134,100%,0,2,2,0,0,0,2
0x6e69fa,100%,0,208,208,0,0,0,208
0x77259f,100%,0,52,52,0,0,0,52
0x661c25,100%,0,2,2,2,0,0,0
0x64b5cb,100%,0,2,2,0,0,0,2
0x635c61,100%,0,2,2,0,0,0,2
0x9279d1,100%,0,91,91,91,0,0,0
0x64983c,100%,0,2,2,0,0,0,2
0x630182,100%,0,2,2,0,0,0,2
0x6304db,100%,0,2,2,0,0,0,2
0x6458f3,100%,0,2600,2600,0,0,0,2600
0x67b3a8,100%,0,2,2,0,0,0,2
0x66e8cc,100%,0,100,100,0,0,0,100
0x8c15c9,100%,0,290,290,0,0,0,290
0x646c4f,100%,0,2,2,0,0,0,2
0x64617f,100%,0,52,52,0,0,0,52
0x64dd20,100%,0,2,2,0,0,0,2
0x64aa0c,100%,0,100,100,0,0,0,100
0x6433d2,100%,0,2600,2600,0,0,0,2600
0x64e350,100%,0,10,10,0,0,0,10
0x8c5207,100%,0,100,100,0,0,0,100
0xa79ed7,100%,0,68783,68783,0,0,0,68783
0x64b61a,100%,0,2,2,0,0,0,2
0x646ae4,100%,0,2,2,0,0,0,2
0x6d88ad,100%,0,4,4,0,0,0,4
0x63a119,100%,0,8,8,0,0,0,8
0x7587b6,100%,0,52,52,0,0,0,52
0x7aa132,100%,0,52,52,0,0,0,52
0x5f3ee2,100%,0,4,4,0,0,0,4
0x6595ac,100%,0,52,52,0,0,0,52
0x8c5070,100%,0,100,100,0,0,0,100
0xa7a716,100%,0,257,257,0,0,0,257
0x76ff63,100%,0,52,52,0,0,0,52
0xa762a7,100%,0,9282,9282,0,0,0,9282
0x76b006,100%,0,2,2,0,0,0,2
0xa303b2,100%,0,9474,9474,9474,0,0,0
0x757af3,100%,0,52,52,0,0,0,52
0x643863,100%,0,2,2,0,0,0,2
0x768b59,100%,0,32,32,0,0,0,32
0x8c50c3,100%,0,2600,2600,0,0,0,2600
0x761c0f,100%,0,5,5,0,0,0,5
0x92d5b6,100%,0,2,2,0,0,0,2
0x66a26f,100%,0,2,2,2,0,0,0
0x8c0183,100%,0,2,2,0,0,0,2
0x8bf819,100%,0,2,2,0,0,0,2
0xa30596,100%,0,54540,54540,54540,0,0,0
0x6523b8,100%,0,8203,8203,0,0,0,8203
0x62f5db,100%,0,2,2,0,0,0,2
0x649815,100%,0,2,2,0,0,0,2
0x8c08f2,100%,0,100,100,0,0,0,100
0x64f85e,100%,0,2,2,0,0,0,2
0x8c0442,100%,0,2,2,0,0,0,2
0x64343a,100%,0,2,2,0,0,0,2
0x5e757f,100%,0,8,8,0,0,0,8
0xa773f3,100%,0,21278,21278,21278,0,0,0
0x7634ea,100%,0,44,44,44,0,0,0
0x7ce4f1,100%,0,2,2,0,0,0,2
0x6356ba,100%,0,2,2,0,0,0,2
0x8bff2f,100%,0,107,107,0,0,0,107
0x63809c,100%,0,257,257,0,0,0,257
0x5ea6b0,100%,0,208,208,0,0,0,208
0x5f503e,100%,0,108,108,0,0,0,108
0x64ffb4,100%,0,2,2,0,0,0,2
0x656522,100%,0,165,165,165,0,0,0
0x8bf1c4,100%,0,100,100,0,0,0,100
0x8bfe23,100%,0,52,52,0,0,0,52
0x8c0556,100%,0,2,2,0,0,0,2
0x646c25,100%,0,2,2,0,0,0,2
0x631072,100%,0,2,2,0,0,0,2
0xa43da1,100%,0,10625,10625,0,0,0,10625
0x8c0712,100%,0,100,100,0,0,0,100
0x63cff5,100%,0,8,8,0,0,0,8
0x778d78,100%,0,32,32,0,0,0,32
0x63bdfc,100%,0,8,8,0,0,0,8
0x65968d,100%,0,2,2,0,0,0,2
0x9fb508,100%,0,261,261,0,0,0,261
0x646937,100%,0,2,2,0,0,0,2
0x63be3d,100%,0,208,208,0,0,0,208
0x76722b,100%,0,16,16,0,0,0,16
0x8bec44,100%,0,52,52,0,0,0,52
0x62fcf3,100%,0,2,2,0,0,0,2
0x961961,100%,0,159,159,0,0,0,159
0x8c460a,100%,0,2600,2600,0,0,0,2600
0x634411,100%,0,2,2,0,0,0,2
0x5ed1b3,100%,0,52,52,0,0,0,52
0x7b1013,100%,0,52,52,0,0,0,52
0x634a4b,100%,0,52,52,0,0,0,52
0x6386c3,100%,0,257,257,0,0,0,257
0x7e88c1,100%,0,2,2,0,0,0,2
0x8bf7e5,100%,0,2,2,0,0,0,2
0x8bf573,100%,0,52,52,0,0,0,52
0x7eb95f,100%,0,2,2,2,0,0,0
0x67ab69,100%,0,2,2,0,0,0,2
0x8c158c,100%,0,100,100,0,0,0,100
0x8bf1f6,100%,0,100,100,0,0,0,100
0x8bf02f,100%,0,52,52,0,0,0,52
0x8beccf,100%,0,2,2,0,0,0,2
0x643518,100%,0,2,2,0,0,0,2
0x636a3c,100%,0,257,257,0,0,0,257
0x8c1552,100%,0,100,100,0,0,0,100
0x636c86,100%,0,257,257,0,0,0,257
0xa0ebc8,100%,0,86294,86294,0,0,0,86294
0x76a16c,100%,0,52,52,0,0,0,52
0x64aefc,100%,0,52,52,0,0,0,52
0x64e1b3,100%,0,500,500,0,0,0,500
0x634bfb,100%,0,2,2,0,0,0,2
0x7aacd8,100%,0,52,52,52,0,0,0
0x7b0485,100%,0,2,2,0,0,0,2
0x652726,100%,0,24609,24609,0,0,0,24609
0x632c00,100%,0,2,2,0,0,0,2
0x65a69f,100%,0,2,2,0,0,0,2
0x64f1e0,100%,0,32640,32640,0,0,0,32640
0x7ed6b0,100%,0,2,2,0,0,0,2
0x6678c3,100%,0,208,208,208,0,0,0
0x66fa48,100%,0,2,2,0,0,0,2
0x64546f,100%,0,2,2,0,0,0,2
0x5efb22,100%,0,2,2,0,0,0,2
0x61690d,100%,0,52,52,0,0,0,52
0x5f3b30,100%,0,2,2,0,0,0,2
0x63aa83,100%,0,2,2,0,0,0,2
0x8bfda6,100%,0,52,52,0,0,0,52
0x92901d,100%,0,20,20,0,0,0,20
0x76050b,100%,0,42,42,0,0,0,42
0x64e333,100%,0,10,10,0,0,0,10
0x656bf0,100%,0,2,2,0,0,0,2
0x8bef5e,100%,0,208,208,0,0,0,208
0x6d8dd9,100%,0,16,16,0,0,0,16
0x8c52d5,100%,0,500,500,0,0,0,500
0x608926,100%,0,2,2,0,0,0,2
0x7cc967,100%,0,156,156,0,0,0,156
0x8bf9fc,100%,0,2,2,0,0,0,2
0x8bf87a,100%,0,2,2,0,0,0,2
0x631837,100%,0,52,52,0,0,0,52
0xa39c40,100%,0,3424,3424,2349,0,0,1075
0x6404c9,100%,0,2,2,0,0,0,2
0x8c1548,100%,0,100,100,0,0,0,100
0x659526,100%,0,2,2,0,0,0,2
0x8a4b34,100%,0,2,2,0,0,0,2
0x648999,100%,0,2,2,0,0,0,2
0x640cb4,100%,0,2,2,0,0,0,2
0x961395,100%,0,159,159,0,0,0,159
0x648b33,100%,0,2,2,0,0,0,2
0x62f57b,100%,0,2,2,0,0,0,2
0x65ab82,100%,0,2,2,0,0,0,2
0xa2e1da,100%,0,54540,54540,0,0,0,54540
0x8bef18,100%,0,208,208,0,0,0,208
0xa762b1,100%,0,9282,9282,0,0,0,9282
0x6d9215,100%,0,16,16,0,0,0,16
0x640eda,100%,0,2,2,0,0,0,2
0x767712,100%,0,52,52,0,0,0,52
0x656d98,100%,0,2,2,0,0,0,2
0x929894,100%,0,125,125,0,0,0,125
0x64d8ed,100%,0,2,2,0,0,0,2
0x7cd913,100%,0,52,52,0,0,0,52
0x768233,100%,0,104,104,0,0,0,104
0x604c20,100%,0,44,44,44,0,0,0
0x6399a2,100%,0,2,2,0,0,0,2
0x62fe9c,100%,0,2,2,0,0,0,2
0x65ee68,100%,0,2600,2600,0,0,0,2600
0x8c0221,100%,0,100,100,0,0,0,100
0x8c3c92,100%,0,100,100,0,0,0,100
0x649f9c,100%,0,100,100,0,0,0,100
0x63a209,100%,0,100,100,0,0,0,100
0x633c9b,100%,0,2,2,0,0,0,2
0x63c796,100%,0,257,257,0,0,0,257
0x658b7c,100%,0,2,2,0,0,0,2
0x67aa4b,100%,0,2,2,0,0,0,2
0x65a56d,100%,0,2,2,0,0,0,2
0x63bad1,100%,0,88,88,0,0,0,88
0xa797cd,100%,0,173,173,0,0,0,173
0x687fa2,100%,0,2,2,0,0,0,2
0x5daa74,100%,0,2,2,0,0,0,2
0x9f8cdf,100%,0,261,261,0,0,0,261
0x773cb0,100%,0,52,52,0,0,0,52
0x63ae2d,100%,0,12,12,0,0,0,12
0x659b3a,100%,0,52,52,0,0,0,52
0x6600a8,100%,0,2,2,0,0,0,2
0x642004,100%,0,2,2,0,0,0,2
0xa7857e,100%,0,1350,1350,1350,0,0,0
0x649bf1,100%,0,2,2,0,0,0,2
0x651359,100%,0,80,80,0,0,0,80
0x7cd756,100%,0,52,52,0,0,0,52
0x65dc6a,100%,0,100,100,0,0,0,100
0x76777b,100%,0,2,2,0,0,0,2
0x631869,100%,0,2,2,0,0,0,2
0x64b05c,100%,0,52,52,0,0,0,52
0x8c360a,100%,0,100,100,0,0,0,100
0x64f82c,100%,0,2,2,0,0,0,2
0x8c5542,100%,0,100,100,0,0,0,100
0x68859d,100%,0,2,2,0,0,0,2
0x8bf422,100%,0,107,107,0,0,0,107
0x8c58c3,100%,0,13000,13000,0,0,0,13000
0x64ec82,100%,0,32,32,0,0,0,32
0x639b83,100%,0,2,2,0,0,0,2
0x644801,100%,0,2,2,0,0,0,2
0x65afa1,100%,0,2,2,0,0,0,2
0x634f0d,100%,0,2,2,0,0,0,2
0x6430ad,100%,0,2,2,0,0,0,2
0x599527,100%,0,8,8,8,0,0,0
0x687801,100%,0,2,2,0,0,0,2
0xa79f13,100%,0,68783,68783,0,0,0,68783
0xa7a730,100%,0,257,257,0,0,0,257
0x7597c9,100%,0,2,2,0,0,0,2
0x960da4,100%,0,159,159,0,0,0,159
0x647508,100%,0,2,2,0,0,0,2
0x64c213,100%,0,80,80,0,0,0,80
0x769669,100%,0,4,4,0,0,0,4
0x65849d,100%,0,819,819,0,0,0,819
0x5efb06,100%,0,2,2,0,0,0,2
0x76bec2,100%,0,44,44,0,0,0,44
0x760f05,100%,0,2,2,0,0,0,2
0x62ed5a,100%,0,2,2,0,0,0,2
0x63726c,100%,0,257,257,0,0,0,257
0xa3a208,100%,0,4,4,1,0,0,3
0x66e82c,100%,0,52,52,0,0,0,52
0x4293a1,100%,0,2,2,0,0,0,2
0x6417f1,100%,0,2,2,0,0,0,2
0x64f993,100%,0,2,2,0,0,0,2
0x652c4a,100%,0,4847,4847,0,0,0,4847
0x64e74c,100%,0,8160,8160,0,0,0,8160
0x9f7d17,100%,0,2042,2042,2042,0,0,0
0x65513d,100%,0,3641,3641,0,0,0,3641
0x65883f,100%,0,91,91,91,0,0,0
0x63c03e,100%,0,64,64,0,0,0,64
0x640425,100%,0,2,2,0,0,0,2
0x62103e,100%,0,38,38,0,0,0,38
0x656e65,100%,0,2,2,0,0,0,2
0xa7809d,100%,0,342,342,0,0,0,342
0x598ad4,100%,0,96,96,0,0,0,96
0x8c0c25,100%,0,2500,2500,0,0,0,2500
0x632c42,100%,0,2,2,0,0,0,2
0x64aacc,100%,0,100,100,0,0,0,100
0x665b33,100%,0,52,52,0,0,0,52
0x67a160,100%,0,2,2,0,0,0,2
0x8c6644,100%,0,10000,10000,0,0,0,10000
0x67b0d9,100%,0,2,2,0,0,0,2
0x64ead7,100%,0,32,32,0,0,0,32
0x769576,100%,0,4,4,0,0,0,4
0x64f3d7,100%,0,8,8,0,0,0,8
0x603656,100%,0,16,16,0,0,0,16
0x6438e8,100%,0,2600,2600,0,0,0,2600
0x646b9f,100%,0,52,52,0,0,0,52
0x76130e,100%,0,2,2,0,0,0,2
0x66ea57,100%,0,2,2,0,0,0,2
0x598415,100%,0,4,4,0,0,0,4
0x89ff41,100%,0,2,2,0,0,0,2
0x9f98f2,100%,0,2042,2042,0,0,0,2042
0x92b2f5,100%,0,2,2,2,0,0,0
0x8beb4d,100%,0,52,52,0,0,0,52
0x9f7d04,100%,0,2042,2042,0,0,0,2042
0x5f4d5b,100%,0,54,54,0,0,0,54
0x655133,100%,0,3641,3641,0,0,0,3641
0x63560d,100%,0,2,2,0,0,0,2
0x4b9e0d,100%,0,64,64,0,0,0,64
0x641ac9,100%,0,2,2,0,0,0,2
0xa783c4,100%,0,2319,2319,0,0,0,2319
0x639e8a,100%,0,7,7,0,0,0,7
0x7cffdb,100%,0,2,2,0,0,0,2
0x7b1e60,100%,0,52,52,0,0,0,52
0x63f574,100%,0,2,2,0,0,0,2
0x657f82,100%,0,91,91,91,0,0,0
0x8c53e3,100%,0,2600,2600,0,0,0,2600
0x8c5620,100%,0,500,500,0,0,0,500
0x661a29,100%,0,2,2,0,0,0,2
0x8c137f,100%,0,100,100,0,0,0,100
0x8c4636,100%,0,100,100,0,0,0,100
0x5f32a8,100%,0,34,34,34,0,0,0
0x62f202,100%,0,2,2,0,0,0,2
0x631312,100%,0,2,2,0,0,0,2
0x66a3f0,100%,0,2,2,0,0,0,2
0x761f54,100%,0,6,6,0,0,0,6
0x641847,100%,0,2,2,0,0,0,2
0x8c492a,100%,0,13000,13000,0,0,0,13000
0x592cbc,100%,0,8,8,0,0,0,8
0x6da44d,100%,0,2,2,0,0,0,2
0x655247,100%,0,20,20,20,0,0,0
0x67a8de,100%,0,2,2,0,0,0,2
0x7726ec,100%,0,8,8,6,0,0,2
0x8c68f1,100%,0,100,100,0,0,0,100
0x652b8c,100%,0,4680,4680,0,0,0,4680
0x64d5c0,100%,0,2,2,0,0,0,2
0x92cb98,100%,0,10400,10400,10400,0,0,0
0x7b43f5,100%,0,2,2,0,0,0,2
0x765016,100%,0,104,104,0,0,0,104
0x7aad53,100%,0,54,54,0,0,0,54
0x755e1b,100%,0,208,208,0,0,0,208
0x593c99,100%,0,8,8,0,0,0,8
0x960e0e,100%,0,159,159,159,0,0,0
0x6408a9,100%,0,2,2,0,0,0,2
0xa76abd,100%,0,5695,5695,0,0,0,5695
0x65ff1e,100%,0,149,149,149,0,0,0
0x762a5c,100%,0,38,38,0,0,0,38
0x67a491,100%,0,2,2,0,0,0,2
0x7c8d4b,100%,0,2,2,0,0,0,2
0x67b0e8,100%,0,8,8,0,0,0,8
0x641341,100%,0,2,2,0,0,0,2
0x65a8f9,100%,0,2,2,0,0,0,2
0x67a652,100%,0,2,2,0,0,0,2
0x7cf412,100%,0,2,2,0,0,0,2
0x766201,100%,0,4,4,0,0,0,4
0x9e1685,100%,0,384,384,0,0,0,384
0x6d9201,100%,0,16,16,0,0,0,16
0x66a2fc,100%,0,52,52,0,0,0,52
0x926af7,100%,0,10,10,0,0,0,10
0x64c553,100%,0,4000,4000,0,0,0,4000
0x62e9de,100%,0,2,2,0,0,0,2
0x658561,100%,0,21294,21294,0,0,0,21294
0x659bcf,100%,0,2,2,0,0,0,2
0x66eda5,100%,0,52,52,0,0,0,52
0x635462,100%,0,2,2,0,0,0,2
0x638719,100%,0,257,257,0,0,0,257
0x7cd383,100%,0,52,52,0,0,0,52
0x64b8ac,100%,0,12012,12012,12012,0,0,0
0xa0f1fc,100%,0,10625,10625,0,0,0,10625
0x654552,100%,0,8521,8521,8521,0,0,0
0x6427ba,100%,0,2,2,0,0,0,2
0x64021f,100%,0,2,2,0,0,0,2
0x64fcd3,100%,0,2,2,0,0,0,2
0x65c7af,100%,0,2,2,0,0,0,2
0x8c1682,100%,0,1,1,0,0,0,1
0x641d68,100%,0,52,52,0,0,0,52
0x62ed1e,100%,0,2,2,0,0,0,2
0x64bff4,100%,0,80,80,0,0,0,80
0x63edd0,100%,0,2,2,0,0,0,2
0xa30855,100%,0,16787,16787,16787,0,0,0
0x6438b0,100%,0,52,52,0,0,0,52
0x927a52,100%,0,91,91,0,0,0,91
0x65914c,100%,0,52,52,0,0,0,52
0x64fae0,100%,0,80,80,0,0,0,80
0xa394c4,100%,0,7,7,0,0,0,7
0x641925,100%,0,2,2,0,0,0,2
0x8bead4,100%,0,2,2,0,0,0,2
0x641861,100%,0,2,2,0,0,0,2
0x7621f1,100%,0,44,44,0,0,0,44
0x76cab8,100%,0,2,2,0,0,0,2
0x8c32fb,100%,0,100,100,0,0,0,100
0x77007e,100%,0,2,2,0,0,0,2
0x667394,100%,0,52,52,0,0,0,52
0x642de2,100%,0,2600,2600,0,0,0,2600
0x76bee8,100%,0,44,44,0,0,0,44
0x6435ea,100%,0,2,2,0,0,0,2
0x429ecc,100%,0,110,110,0,0,0,110
0x76d86a,100%,0,44,44,0,0,0,44
0x9f5824,100%,0,14,14,0,0,0,14
0x763293,100%,0,2,2,0,0,0,2
0x657de5,100%,0,52,52,0,0,0,52
0x6360aa,100%,0,2,2,0,0,0,2
0x67ba93,100%,0,2,2,0,0,0,2
0x632c22,100%,0,2,2,0,0,0,2
0x8c3344,100%,0,100,100,0,0,0,100
0x65aa19,100%,0,98,98,0,0,0,98
0x76188b,100%,0,2,2,0,0,0,2
0x64718f,100%,0,52,52,0,0,0,52
0x66f8d6,100%,0,14,14,0,0,0,14
0x9f581e,100%,0,14,14,0,0,0,14
0x9277a7,100%,0,91,91,2,0,0,89
0x9e19ec,100%,0,2,2,0,0,0,2
0x4297ae,100%,0,8,8,0,0,0,8
0x64b5b9,100%,0,2,2,0,0,0,2
0x5ac453,100%,0,2,2,0,0,0,2
0x641558,100%,0,2,2,0,0,0,2
0x75d230,100%,0,44,44,0,0,0,44
0x631486,100%,0,2,2,0,0,0,2
0x6411c5,100%,0,2,2,0,0,0,2
0x6346e9,100%,0,2,2,0,0,0,2
0x75928d,100%,0,52,52,0,0,0,52
0x65965c,100%,0,52,52,0,0,0,52
0x66ef9c,100%,0,1200,1200,0,0,0,1200
0x6427f3,100%,0,52,52,0,0,0,52
0x640c03,100%,0,2,2,0,0,0,2
0x95a9a7,100%,0,52,52,0,0,0,52
0x92a286,100%,0,159,159,0,0,0,159
0x646c87,100%,0,2,2,0,0,0,2
0x7b34bc,100%,0,2,2,2,0,0,0
0x633c3d,100%,0,2,2,0,0,0,2
0x6406b5,100%,0,2,2,0,0,0,2
0x8c3570,100%,0,100,100,0,0,0,100
0x8c4d68,100%,0,2600,2600,0,0,0,2600
0x5f1b5c,100%,0,2052,2052,0,0,0,2052
0x7d0687,100%,0,52,52,0,0,0,52
0x617ec4,100%,0,3952,3952,0,0,0,3952
0x63fa35,100%,0,2,2,0,0,0,2
0x9fb643,100%,0,6690,6690,0,0,0,6690
0x64511e,100%,0,2,2,0,0,0,2
0x9f8d5e,100%,0,261,261,0,0,0,261
0x65b4a2,100%,0,2,2,0,0,0,2
0x633050,100%,0,2,2,0,0,0,2
0x67a238,100%,0,8,8,0,0,0,8
0x7b00b5,100%,0,2,2,0,0,0,2
0x7ccc58,100%,0,2,2,0,0,0,2
0x63cc54,100%,0,257,257,0,0,0,257
0xa797ea,100%,0,173,173,0,0,0,173
0x9fb5b0,100%,0,261,261,0,0,0,261
0x6400a6,100%,0,2,2,0,0,0,2
0xa43d5e,100%,0,10625,10625,0,0,0,10625
0x9f4f86,100%,0,261,261,0,0,0,261
0x6428b9,100%,0,2,2,0,0,0,2
0x92a5b1,100%,0,91,91,0,0,0,91
0xa3098b,100%,0,7436,7436,7436,0,0,0
0x64460b,100%,0,2,2,0,0,0,2
0x65a90c,100%,0,2,2,0,0,0,2
0x7601aa,100%,0,156,156,0,0,0,156
0x75d12d,100%,0,2,2,0,0,0,2
0x6331fb,100%,0,52,52,0,0,0,52
0x67b1c9,100%,0,2,2,0,0,0,2
0x67b168,100%,0,2,2,0,0,0,2
0x64eb66,100%,0,32,32,0,0,0,32
0x960cae,100%,0,2,2,0,0,0,2
0x67b100,100%,0,2,2,0,0,0,2
0x630ea0,100%,0,2,2,0,0,0,2
0x67b0a8,100%,0,2,2,0,0,0,2
0x618c7f,100%,0,6916,6916,0,0,0,6916
0x67b049,100%,0,2,2,0,0,0,2
0x6453de,100%,0,2,2,0,0,0,2
0x5da3bd,100%,0,2,2,0,0,0,2
0x67af8d,100%,0,2,2,0,0,0,2
0x67af38,100%,0,8,8,0,0,0,8
0x64b67f,100%,0,2,2,0,0,0,2
0x67ae68,100%,0,2,2,0,0,0,2
0x60854d,100%,0,1872,1872,0,0,0,1872
0x67ae00,100%,0,2,2,0,0,0,2
0x7affa0,100%,0,2,2,0,0,0,2
0x67adb8,100%,0,8,8,0,0,0,8
0x67ada8,100%,0,2,2,0,0,0,2
0x67b3b8,100%,0,8,8,0,0,0,8
0x774bd2,100%,0,52,52,0,0,0,52
0x67b40d,100%,0,2,2,0,0,0,2
0x635853,100%,0,2,2,0,0,0,2
0x67b400,100%,0,2,2,0,0,0,2
0x63bdb4,100%,0,10400,10400,0,0,0,10400
0x76ce39,100%,0,52,52,0,0,0,52
0x67b3d9,100%,0,2,2,0,0,0,2
0x960f1f,100%,0,125,125,0,0,0,125
0x66e8f8,100%,0,2,2,0,0,0,2
0x8a8559,100%,0,20,20,0,0,0,20
0xa31c1c,100%,0,42568,42568,0,0,0,42568
0x63bd6c,100%,0,8,8,0,0,0,8
0x67b349,100%,0,2,2,0,0,0,2
0x7ce1f6,100%,0,52,52,0,0,0,52
0x67b28d,100%,0,2,2,0,0,0,2
0x67b268,100%,0,8,8,0,0,0,8
0x6323e3,100%,0,2,2,2,0,0,0
0x67b238,100%,0,8,8,0,0,0,8
0x687d14,100%,0,52,52,0,0,0,52
0x67b228,100%,0,2,2,0,0,0,2
0x63bbdc,100%,0,64,64,0,0,0,64
0x65a476,100%,0,2,2,0,0,0,2
0x7e716d,100%,0,2,2,0,0,0,2
0x67a938,100%,0,2,2,0,0,0,2
0x6440c0,100%,0,2,2,0,0,0,2
0x6459d2,100%,0,2,2,0,0,0,2
0x64987f,100%,0,2,2,0,0,0,2
0x64cdfa,100%,0,80,80,0,0,0,80
0xa7a63e,100%,0,518,518,0,0,0,518
0x64187b,100%,0,2,2,0,0,0,2
0x6536ca,100%,0,2,2,0,0,0,2
0x76b149,100%,0,126,126,0,0,0,126
0x63acce,100%,0,2,2,0,0,0,2
0xa43e5a,100%,0,10625,10625,0,0,0,10625
0x7b4194,100%,0,2,2,0,0,0,2
0xa0ebd2,100%,0,86294,86294,86294,0,0,0
0x6471a8,100%,0,2600,2600,0,0,0,2600
0x75d8d6,100%,0,44,44,0,0,0,44
0x636c5b,100%,0,126,126,0,0,0,126
0x63a852,100%,0,2,2,0,0,0,2
0x6317a1,100%,0,2,2,0,0,0,2
0x634a58,100%,0,2600,2600,0,0,0,2600
0x8c6563,100%,0,2500,2500,0,0,0,2500
0x644855,100%,0,2,2,0,0,0,2
0x605294,100%,0,2,2,2,0,0,0
0x7bc81c,100%,0,2,2,0,0,0,2
0x67ace8,100%,0,2,2,0,0,0,2
0x67ac8d,100%,0,2,2,0,0,0,2
0x7cc215,100%,0,2,2,0,0,0,2
0x67ac59,100%,0,2,2,0,0,0,2
0x762fa1,100%,0,32,32,0,0,0,32
0x7695ca,100%,0,4,4,0,0,0,4
0x6340e5,100%,0,2,2,0,0,0,2
0x4298af,100%,0,107,107,0,0,0,107
0x64984e,100%,0,2,2,0,0,0,2
0x687158,100%,0,2,2,0,0,0,2
0x644806,100%,0,2,2,0,0,0,2
0x637238,100%,0,257,257,0,0,0,257
0x6446f8,100%,0,2600,2600,0,0,0,2600
0x6443c2,100%,0,2600,2600,0,0,0,2600
0x652564,100%,0,26847,26847,0,0,0,26847
0x5e6916,100%,0,1250,1250,0,0,0,1250
0x774a77,100%,0,2,2,0,0,0,2
0x639444,100%,0,2,2,0,0,0,2
0x76e425,100%,0,16,16,0,0,0,16
0x644f48,100%,0,52,52,0,0,0,52
0x6031b6,100%,0,22,22,0,0,0,22
0x63a1c8,100%,0,100,100,0,0,0,100
0x633c5a,100%,0,2,2,0,0,0,2
0x8c202f,100%,0,2,2,0,0,0,2
0x6507bc,100%,0,2,2,0,0,0,2
0x8c2003,100%,0,2,2,0,0,0,2
0x766ff2,100%,0,32,32,0,0,0,32
0x7787c0,100%,0,800,800,0,0,0,800
0x8c1fe6,100%,0,2,2,0,0,0,2
0x8c1f8f,100%,0,2,2,0,0,0,2
0x7aab54,100%,0,2,2,2,0,0,0
0x8c5f1f,100%,0,100,100,0,0,0,100
0x65b249,100%,0,2,2,0,0,0,2
0x8c1f70,100%,0,2,2,0,0,0,2
0x631682,100%,0,2,2,0,0,0,2
0x8c494c,100%,0,13000,13000,0,0,0,13000
0x59924c,100%,0,32,32,0,0,0,32
0x592ca4,100%,0,8,8,0,0,0,8
0xa0eee2,100%,0,7436,7436,0,0,0,7436
0x649f05,100%,0,100,100,0,0,0,100
0x76a612,100%,0,2,2,0,0,0,2
0x597bdc,100%,0,34,34,0,0,0,34
0x8c6b34,100%,0,100,100,0,0,0,100
0x65a4dd,100%,0,2,2,0,0,0,2
0x75ddfa,100%,0,14,14,0,0,0,14
0x76a6d2,100%,0,2,2,0,0,0,2
0x65a3ce,100%,0,2,2,0,0,0,2
0x63ecd7,100%,0,2,2,0,0,0,2
0x65a333,100%,0,14,14,0,0,0,14
0x65a2a5,100%,0,2,2,0,0,0,2
0x6211c7,100%,0,38,38,38,0,0,0
0x63a0b4,100%,0,2,2,0,0,0,2
0x646910,100%,0,2,2,0,0,0,2
0x8c1648,100%,0,21,21,0,0,0,21
0x643298,100%,0,2,2,0,0,0,2
0x928dde,100%,0,159,159,0,0,0,159
0x65a108,100%,0,2,2,0,0,0,2
0xa308ab,100%,0,7436,7436,0,0,0,7436
0x65c1ca,100%,0,2,2,0,0,0,2
0x8c20fe,100%,0,2,2,0,0,0,2
0x595383,100%,0,624,624,0,0,0,624
0x8c20a6,100%,0,2,2,0,0,0,2
0x7cd4fc,100%,0,52,52,0,0,0,52
0x66f677,100%,0,2,2,0,0,0,2
0x429b71,100%,0,2,2,0,0,0,2
0x64d819,100%,0,2,2,0,0,0,2
0x929b3a,100%,0,159,159,0,0,0,159
0x65b5a8,100%,0,2,2,0,0,0,2
0xa79665,100%,0,257,257,0,0,0,257
0x635e5b,100%,0,2,2,0,0,0,2
0x5f1b80,100%,0,1919,1919,0,0,0,1919
0x6605c1,100%,0,2,2,2,0,0,0
0x614ad6,100%,0,6916,6916,0,0,0,6916
0x76f725,100%,0,14,14,0,0,0,14
0x653877,100%,0,2,2,0,0,0,2
0x8c445a,100%,0,2600,2600,0,0,0,2600
0x429815,100%,0,400,400,0,0,0,400
0x66a62f,100%,0,2,2,0,0,0,2
0x774193,100%,0,52,52,0,0,0,52
0x64d518,100%,0,2,2,0,0,0,2
0x8c0bef,100%,0,100,100,0,0,0,100
0x7cf39b,100%,0,50,50,0,0,0,50
0x63d5b0,100%,0,8,8,0,0,0,8
0x64d2cf,100%,0,400,400,0,0,0,400
0x757c7f,100%,0,2,2,0,0,0,2
0x76778d,100%,0,2,2,0,0,0,2
0x634fc0,100%,0,2,2,0,0,0,2
0x8c1582,100%,0,100,100,0,0,0,100
0x65a62f,100%,0,2,2,0,0,0,2
0x8c1565,100%,0,100,100,0,0,0,100
0x8c1535,100%,0,100,100,0,0,0,100
0x63c843,100%,0,257,257,0,0,0,257
0x42962f,100%,0,8,8,0,0,0,8
0x62ecbe,100%,0,2,2,0,0,0,2
0x64bba2,100%,0,2,2,0,0,0,2
0x92b17a,100%,0,2600,2600,0,0,0,2600
0x65b054,100%,0,2,2,0,0,0,2
0x65cf46,100%,0,2,2,0,0,0,2
0x76fe00,100%,0,2,2,0,0,0,2
0x63a480,100%,0,2,2,0,0,0,2
0x76ff87,100%,0,52,52,0,0,0,52
0x8c3204,100%,0,100,100,0,0,0,100
0x8c5180,100%,0,100,100,0,0,0,100
0x75863c,100%,0,85,85,85,0,0,0
0x634598,100%,0,2,2,0,0,0,2
0x645be3,100%,0,2600,2600,0,0,0,2600
0x4048f1,100%,0,6,6,0,0,0,6
0x635978,100%,0,2,2,0,0,0,2
0x429f64,100%,0,100,100,0,0,0,100
0x66a6f2,100%,0,2,2,0,0,0,2
0x6429a3,100%,0,2600,2600,0,0,0,2600
0x67ba81,100%,0,2,2,0,0,0,2
0xa77d7a,100%,0,68956,68956,0,0,0,68956
0x65ae3a,100%,0,2,2,0,0,0,2
0x644471,100%,0,2,2,0,0,0,2
0x66e633,100%,0,2,2,0,0,0,2
0x8c6b15,100%,0,100,100,0,0,0,100
0x42a2a2,100%,0,2,2,0,0,0,2
0x653a19,100%,0,2,2,0,0,0,2
0x429f78,100%,0,100,100,0,0,0,100
0x67a485,100%,0,2,2,0,0,0,2
0x7b151f,100%,0,52,52,0,0,0,52
0xa796e2,100%,0,2,2,0,0,0,2
0x429f38,100%,0,100,100,0,0,0,100
0x64b22c,100%,0,2600,2600,0,0,0,2600
0x5f051f,100%,0,2,2,0,0,0,2
0x9f5812,100%,0,14,14,0,0,0,14
0x429efc,100%,0,257,257,0,0,0,257
0x429e54,100%,0,8,8,0,0,0,8
0x64e3c8,100%,0,10,10,0,0,0,10
0xa3050a,100%,0,54540,54540,0,0,0,54540
0xa2e4e8,100%,0,54540,54540,0,0,0,54540
0x64f9ed,100%,0,2,2,0,0,0,2
0x63ffc9,100%,0,2,2,0,0,0,2
0x6300c6,100%,0,2,2,0,0,0,2
0x63fdf3,100%,0,2,2,0,0,0,2
0xa76adc,100%,0,2160,2160,0,0,0,2160
0x64c683,100%,0,4000,4000,0,0,0,4000
0x7621dd,100%,0,44,44,0,0,0,44
0x67b6a8,100%,0,2,2,0,0,0,2
0x769ad0,100%,0,4,4,0,0,0,4
0x63fc1f,100%,0,2,2,0,0,0,2
0x8c5943,100%,0,13000,13000,13000,0,0,0
0x639791,100%,0,2,2,0,0,0,2
0x42a2c8,100%,0,2,2,0,0,0,2
0x758989,100%,0,52,52,0,0,0,52
0x66adec,100%,0,52,52,0,0,0,52
0x6639db,100%,0,2,2,0,0,0,2
0x8a7aac,100%,0,20,20,0,0,0,20
0x64b5dd,100%,0,2,2,0,0,0,2
0x65b370,100%,0,2,2,0,0,0,2
0x960aca,100%,0,159,159,0,0,0,159
0x774afe,100%,0,52,52,0,0,0,52
0x76cf7a,100%,0,2,2,0,0,0,2
0x757943,100%,0,52,52,0,0,0,52
0xa90ebd,100%,0,926,926,0,0,0,926
0x9ff1db,100%,0,10,10,0,0,0,10
0x65b3b1,100%,0,2,2,0,0,0,2
0x64b28f,100%,0,2,2,0,0,0,2
0x6441e2,100%,0,2600,2600,0,0,0,2600
0x64b27f,100%,0,2,2,0,0,0,2
0x641a32,100%,0,2,2,0,0,0,2
0x7a911b,100%,0,16,16,0,0,0,16
0x65a551,100%,0,2,2,0,0,0,2
0x64188b,100%,0,2,2,0,0,0,2
0x8c65ec,100%,0,2500,2500,0,0,0,2500
0x65a51b,100%,0,2,2,0,0,0,2
0x9f7dd7,100%,0,8,8,0,0,0,8
0x92d5d5,100%,0,2,2,0,0,0,2
0x9f9a56,100%,0,16724,16724,16724,0,0,0
0x65a501,100%,0,2,2,0,0,0,2
0x686b03,100%,0,52,52,0,0,0,52
0x65a4ef,100%,0,2,2,0,0,0,2
0x643b47,100%,0,2,2,0,0,0,2
0x64d1b3,100%,0,400,400,0,0,0,400
0x67b859,100%,0,2,2,0,0,0,2
0x8bf148,100%,0,100,100,0,0,0,100
0x67ac38,100%,0,8,8,0,0,0,8
0x64abf5,100%,0,2,2,0,0,0,2
0x65a988,100%,0,2,2,0,0,0,2
0x4031e3,100%,0,26,26,26,0,0,0
0xa76a13,100%,0,21278,21278,0,0,0,21278
0x641b53,100%,0,2,2,0,0,0,2
0x641b00,100%,0,2,2,0,0,0,2
0x9feee2,100%,0,14,14,0,0,0,14
0x6346ad,100%,0,2,2,0,0,0,2
0x6315ab,100%,0,2,2,0,0,0,2
0x96139f,100%,0,159,159,0,0,0,159
0xa76b52,100%,0,7444,7444,7444,0,0,0
0x926c63,100%,0,8,8,0,0,0,8
0x7e8e7c,100%,0,2,2,0,0,0,2
0x64c8c0,100%,0,8,8,0,0,0,8
0x9f5d57,100%,0,134,134,0,0,0,134
0x602d83,100%,0,2,2,0,0,0,2
0x64b3be,100%,0,2,2,0,0,0,2
0x6354c2,100%,0,2,2,0,0,0,2
0x75ccfb,100%,0,2,2,0,0,0,2
0x62ec9e,100%,0,2,2,0,0,0,2
0x64bdbc,100%,0,2,2,0,0,0,2
0x63f2e0,100%,0,2,2,0,0,0,2
0x7cd5d3,100%,0,52,52,0,0,0,52
0x63f0f1,100%,0,2,2,0,0,0,2
0x633591,100%,0,2,2,0,0,0,2
0x62eabe,100%,0,2,2,0,0,0,2
0x62fade,100%,0,2,2,0,0,0,2
0x644295,100%,0,2,2,0,0,0,2
0xa30863,100%,0,16579,16579,0,0,0,16579
0x761ae5,100%,0,2,2,0,0,0,2
0x67b880,100%,0,2,2,0,0,0,2
0x64f073,100%,0,8,8,0,0,0,8
0x637d34,100%,0,257,257,0,0,0,257
0x7bdb21,100%,0,10,10,0,0,0,10
0x8c622f,100%,0,13000,13000,0,0,0,13000
0x643a5f,100%,0,2,2,0,0,0,2
0x657194,100%,0,2,2,0,0,0,2
0x77242b,100%,0,2,2,0,0,0,2
0x8c07a2,100%,0,200,200,0,0,0,200
0x8c64f2,100%,0,2500,2500,0,0,0,2500
0x66f3d7,100%,0,2,2,0,0,0,2
0x7b3619,100%,0,2,2,0,0,0,2
0x8c6ab5,100%,0,100,100,0,0,0,100
0x65a49a,100%,0,2,2,0,0,0,2
0x8c54fc,100%,0,2500,2500,0,0,0,2500
0xa31d31,100%,0,10625,10625,0,0,0,10625
0x62e83e,100%,0,2,2,0,0,0,2
0x64ab86,100%,0,2,2,0,0,0,2
0x66a6ac,100%,0,52,52,0,0,0,52
0x645c7b,100%,0,52,52,0,0,0,52
0x645eac,100%,0,107,107,0,0,0,107
0x76e196,100%,0,40,40,0,0,0,40
0x66fe80,100%,0,208,208,0,0,0,208
0x63a308,100%,0,100,100,0,0,0,100
0x7783f4,100%,0,200,200,0,0,0,200
0xa228f9,100%,0,125,125,0,0,0,125
0x659479,100%,0,2,2,0,0,0,2
0x66f617,100%,0,2,2,0,0,0,2
0x7b2b01,100%,0,2,2,0,0,0,2
0x63b371,100%,0,2,2,0,0,0,2
0xa389ab,100%,0,96482,96482,0,0,0,96482
0x76f6d4,100%,0,1,1,0,0,0,1
0x65922c,100%,0,52,52,0,0,0,52
0x5ed2c3,100%,0,52,52,0,0,0,52
0x64fc69,100%,0,2,2,0,0,0,2
0x63b184,100%,0,84,84,0,0,0,84
0x63684a,100%,0,1103,1103,0,0,0,1103
0x67b768,100%,0,2,2,0,0,0,2
0x62f640,100%,0,2,2,0,0,0,2
0x67b9e9,100%,0,2,2,0,0,0,2
0xa30547,100%,0,54540,54540,0,0,0,54540
0x67ba5d,100%,0,2,2,0,0,0,2
0x7cf58a,100%,0,2,2,0,0,0,2
0x8c63be,100%,0,100,100,0,0,0,100
0x64ac07,100%,0,2,2,0,0,0,2
0x778383,100%,0,200,200,0,0,0,200
0x8c4eec,100%,0,13000,13000,0,0,0,13000
0x6333fa,100%,0,2,2,0,0,0,2
0x5a8e6c,100%,0,876,876,0,0,0,876
0x8c358a,100%,0,100,100,0,0,0,100
0x64e665,100%,0,8,8,0,0,0,8
0x8c39b0,100%,0,3000,3000,0,0,0,3000
0x7aae15,100%,0,52,52,0,0,0,52
0x63a24c,100%,0,2,2,0,0,0,2
0x8c3a0a,100%,0,3000,3000,0,0,0,3000
0xa796c3,100%,0,2,2,0,0,0,2
0x8bef44,100%,0,208,208,208,0,0,0
0x640a8d,100%,0,2,2,0,0,0,2
0x762287,100%,0,2,2,0,0,0,2
0x757a63,100%,0,52,52,0,0,0,52
0x7aab46,100%,0,2,2,0,0,0,2
0x64aba0,100%,0,2,2,0,0,0,2
0x63401b,100%,0,2,2,0,0,0,2
0x63a589,100%,0,8,8,0,0,0,8
0x8c60db,100%,0,13000,13000,0,0,0,13000
0x608f38,100%,0,222,222,0,0,0,222
0x64493a,100%,0,2,2,0,0,0,2
0x6550ec,100%,0,9694,9694,0,0,0,9694
0x639201,100%,0,40,40,0,0,0,40
0x62ea3e,100%,0,2,2,0,0,0,2
0x9e096d,100%,0,748,748,0,0,0,748
0x8c67ce,100%,0,100,100,0,0,0,100
0xa76a07,100%,0,21278,21278,21278,0,0,0
0x63d95e,100%,0,8,8,0,0,0,8
0x8c485e,100%,0,100,100,0,0,0,100
0x8c1628,100%,0,100,100,0,0,0,100
0x65e2b8,100%,0,2600,2600,0,0,0,2600
0x8c6b7c,100%,0,100,100,0,0,0,100
0x8c0402,100%,0,2,2,0,0,0,2
0x7b4266,100%,0,2,2,0,0,0,2
0x63489b,100%,0,2,2,0,0,0,2
0xa78386,100%,0,99861,99861,0,0,0,99861
0x63530e,100%,0,2,2,0,0,0,2
0x64fa0f,100%,0,2,2,0,0,0,2
0x64bb62,100%,0,2,2,0,0,0,2
0x596d7a,100%,0,162,162,0,0,0,162
0x8c4adf,100%,0,2600,2600,0,0,0,2600
0x644a63,100%,0,52,52,0,0,0,52
0x648f97,100%,0,2,2,0,0,0,2
0x8a00b2,100%,0,2,2,2,0,0,0
0x62f9df,100%,0,2,2,0,0,0,2
0x66b5fc,100%,0,52,52,0,0,0,52
0x761bd0,100%,0,38,38,0,0,0,38
0x8c469a,100%,0,2600,2600,0,0,0,2600
0x8be96a,100%,0,2,2,0,0,0,2
0x594345,100%,0,8,8,0,0,0,8
0x65139b,100%,0,2,2,0,0,0,2
0x63e351,100%,0,8,8,0,0,0,8
0x643c63,100%,0,2600,2600,0,0,0,2600
0x66fb57,100%,0,8,8,0,0,0,8
0x64f3ec,100%,0,8,8,0,0,0,8
0x7669bc,100%,0,4,4,0,0,0,4
0x645ac8,100%,0,2600,2600,0,0,0,2600
0x757973,100%,0,52,52,0,0,0,52
0x9280ab,100%,0,9487,9487,9487,0,0,0
0xa8dcb7,100%,0,81530,81530,0,0,0,81530
0xa796cd,100%,0,2,2,0,0,0,2
0x8c618c,100%,0,500,500,0,0,0,500
0x65d0ba,100%,0,2,2,0,0,0,2
0xa30825,100%,0,20359,20359,0,0,0,20359
0x652698,100%,0,1864,1864,0,0,0,1864
0x660376,100%,0,2,2,2,0,0,0
0x8c4140,100%,0,100,100,0,0,0,100
0x6462af,100%,0,52,52,0,0,0,52
0x67ab01,100%,0,2,2,0,0,0,2
0x5951a5,100%,0,24,24,0,0,0,24
0x5982c6,100%,0,104,104,0,0,0,104
0x65abda,100%,0,2,2,0,0,0,2
0x65b604,100%,0,2,2,0,0,0,2
0x7e8893,100%,0,52,52,0,0,0,52
0x7a97e1,100%,0,400,400,0,0,0,400
0x65cad2,100%,0,8,8,0,0,0,8
0x7e8419,100%,0,2,2,0,0,0,2
0x62f267,100%,0,2,2,0,0,0,2
0x64c6fa,100%,0,4000,4000,0,0,0,4000
0x62eb1e,100%,0,2,2,0,0,0,2
0x65136e,100%,0,4,4,0,0,0,4
0x649f93,100%,0,100,100,0,0,0,100
0x646d6f,100%,0,52,52,0,0,0,52
0x8c6521,100%,0,2500,2500,0,0,0,2500
0xa765e1,100%,0,52,52,0,0,0,52
0x8c4f88,100%,0,100,100,0,0,0,100
0x66e6ac,100%,0,80,80,0,0,0,80
0x8c3c25,100%,0,500,500,0,0,0,500
0x7631b8,100%,0,2,2,0,0,0,2
0x66e277,100%,0,2,2,0,0,0,2
0x8c5402,100%,0,2600,2600,0,0,0,2600
0x8c54ae,100%,0,100,100,0,0,0,100
0x65b5e3,100%,0,52,52,0,0,0,52
0x6464ef,100%,0,2,2,0,0,0,2
0x7cb53f,100%,0,2,2,2,0,0,0
0x62f451,100%,0,2,2,0,0,0,2
0x8c33e9,100%,0,100,100,0,0,0,100
0x5e9f8f,100%,0,2,2,0,0,0,2
0x8c207f,100%,0,2,2,0,0,0,2
0x6877d3,100%,0,2,2,0,0,0,2
0x8c699a,100%,0,100,100,0,0,0,100
0xa308a5,100%,0,7436,7436,0,0,0,7436
0x8c103d,100%,0,100,100,0,0,0,100
0x961954,100%,0,159,159,0,0,0,159
0x67b5e8,100%,0,2,2,0,0,0,2
0x63bf9c,100%,0,8,8,0,0,0,8
0x5e77a3,100%,0,13,13,0,0,0,13
0x6312ec,100%,0,52,52,0,0,0,52
0x8c5633,100%,0,13000,13000,0,0,0,13000
0x6036e6,100%,0,16,16,0,0,0,16
0x8bf52a,100%,0,2,2,0,0,0,2
0x66e397,100%,0,2,2,0,0,0,2
0x9288ab,100%,0,3472,3472,0,0,0,3472
0x8c03cd,100%,0,2,2,0,0,0,2
0x65c1ef,100%,0,2,2,0,0,0,2
0x5e90ab,100%,0,2,2,2,0,0,0
0x639cfb,100%,0,2,2,0,0,0,2
0x62ed3e,100%,0,2,2,0,0,0,2
0x66b06c,100%,0,52,52,0,0,0,52
0xa30847,100%,0,17411,17411,17411,0,0,0
0x8c4a58,100%,0,100,100,0,0,0,100
0xa76957,100%,0,47678,47678,0,0,0,47678
0x64609e,100%,0,2,2,0,0,0,2
0x7b1d63,100%,0,2,2,0,0,0,2
0x62f22d,100%,0,2,2,0,0,0,2
0x645ceb,100%,0,2,2,0,0,0,2
0x6490dc,100%,0,84,84,0,0,0,84
0xa820b4,100%,0,46,46,0,0,0,46
0x616f7c,100%,0,52,52,0,0,0,52
0x4049d6,100%,0,6,6,0,0,0,6
0x8c4a93,100%,0,100,100,0,0,0,100
0x633362,100%,0,2,2,0,0,0,2
0x646047,100%,0,2,2,0,0,0,2
0x63d664,100%,0,208,208,0,0,0,208
0x64d9d5,100%,0,2,2,0,0,0,2
0x959e22,100%,0,52,52,0,0,0,52
0x646330,100%,0,2,2,0,0,0,2
0x64635b,100%,0,2,2,0,0,0,2
0x66e2d7,100%,0,2,2,0,0,0,2
0x646488,100%,0,2600,2600,0,0,0,2600
0x685ad4,100%,0,2,2,0,0,0,2
0x5ecdcd,100%,0,52,52,0,0,0,52
0x639bf8,100%,0,100,100,0,0,0,100
0x75d9a5,100%,0,2,2,0,0,0,2
0x65abfe,100%,0,2,2,0,0,0,2
0x64561f,100%,0,2,2,0,0,0,2
0x645100,100%,0,2,2,0,0,0,2
0x65cd67,100%,0,2600,2600,0,0,0,2600
0x66ebc5,100%,0,52,52,0,0,0,52
0x6453cc,100%,0,2,2,0,0,0,2
0x6454cc,100%,0,2,2,0,0,0,2
0xa3959d,100%,0,7,7,0,0,0,7
0x7cc056,100%,0,52,52,0,0,0,52
0x645513,100%,0,52,52,0,0,0,52
0x8c3241,100%,0,100,100,0,0,0,100
0x64def6,100%,0,100,100,0,0,0,100
0x64d689,100%,0,2,2,0,0,0,2
0x6470e7,100%,0,2,2,0,0,0,2
0x65343e,100%,0,2,2,0,0,0,2
0x7b32a6,100%,0,2,2,0,0,0,2
0x5f1124,100%,0,54,54,0,0,0,54
0x7e883c,100%,0,2,2,0,0,0,2
0x95a23b,100%,0,52,52,0,0,0,52
0x645b83,100%,0,2,2,0,0,0,2
0x65bedc,100%,0,52,52,0,0,0,52
0x92a5bb,100%,0,91,91,91,0,0,0
0x75d114,100%,0,2,2,0,0,0,2
0x67a108,100%,0,8,8,0,0,0,8
0x64705f,100%,0,52,52,0,0,0,52
0x647078,100%,0,2600,2600,0,0,0,2600
0x64bd64,100%,0,80,80,0,0,0,80
0x647213,100%,0,2,2,0,0,0,2
0x647245,100%,0,2,2,0,0,0,2
0x64995a,100%,0,2,2,0,0,0,2
0x6473cf,100%,0,2,2,0,0,0,2
0x64747f,100%,0,52,52,0,0,0,52
0x76e369,100%,0,16,16,0,0,0,16
0x76e56c,100%,0,6,6,0,0,0,6
0x647598,100%,0,100,100,0,0,0,100
0x646f7e,100%,0,2,2,0,0,0,2
0x647658,100%,0,100,100,0,0,0,100
0x961122,100%,0,159,159,0,0,0,159
0x63d544,100%,0,208,208,0,0,0,208
0x6397cb,100%,0,2,2,0,0,0,2
0x63a40a,100%,0,8,8,0,0,0,8
0x63d6cc,100%,0,8,8,0,0,0,8
0x63d8d3,100%,0,1141,1141,0,0,0,1141
0x63825b,100%,0,257,257,0,0,0,257
0x929adc,100%,0,159,159,0,0,0,159
0x63da32,100%,0,1141,1141,0,0,0,1141
0x646932,100%,0,2,2,0,0,0,2
0x646642,100%,0,2,2,0,0,0,2
0x646646,100%,0,2,2,0,0,0,2
0x64664a,100%,0,2,2,0,0,0,2
0x773833,100%,0,52,52,0,0,0,52
0x64667b,100%,0,2,2,0,0,0,2
0x8c6ad7,100%,0,100,100,0,0,0,100
0x6467df,100%,0,2,2,0,0,0,2
0x6468a8,100%,0,2600,2600,0,0,0,2600
0x6386d6,100%,0,257,257,0,0,0,257
0x643693,100%,0,2,2,0,0,0,2
0x8c5d84,100%,0,2500,2500,0,0,0,2500
0x63a187,100%,0,2,2,0,0,0,2
0x646a5f,100%,0,52,52,0,0,0,52
0x7a9a6f,100%,0,100,100,0,0,0,100
0x666c38,100%,0,8,8,0,0,0,8
0x646bb5,100%,0,2600,2600,0,0,0,2600
0x646c54,100%,0,2,2,0,0,0,2
0x646c58,100%,0,2,2,0,0,0,2
0xa228f3,100%,0,125,125,0,0,0,125
0x646eb8,100%,0,2600,2600,0,0,0,2600
0x656ca2,100%,0,2,2,0,0,0,2
0x64aa8c,100%,0,100,100,0,0,0,100
0x64da93,100%,0,60000,60000,0,0,0,60000
0x8c675a,100%,0,500,500,0,0,0,500
0x639899,100%,0,2,2,0,0,0,2
0x64a8bc,100%,0,2600,2600,0,0,0,2600
0x637e0a,100%,0,257,257,0,0,0,257
0x670083,100%,0,208,208,0,0,0,208
0x642cbb,100%,0,2,2,0,0,0,2
0x64aa4c,100%,0,100,100,0,0,0,100
0x6040de,100%,0,44,44,44,0,0,0
0x63c8aa,100%,0,257,257,0,0,0,257
0x67a148,100%,0,8,8,0,0,0,8
0x649a2b,100%,0,2,2,0,0,0,2
0x76758e,100%,0,16,16,0,0,0,16
0x6306c9,100%,0,2,2,0,0,0,2
0x64c390,100%,0,8,8,0,0,0,8
0x5ed21e,100%,0,2,2,0,0,0,2
0x63a3c5,100%,0,2,2,0,0,0,2
0x64d5e5,100%,0,2,2,0,0,0,2
0x65973c,100%,0,2,2,0,0,0,2
0xa30839,100%,0,20359,20359,20359,0,0,0
0x8c5cc1,100%,0,2500,2500,0,0,0,2500
0x8a4a17,100%,0,2,2,0,0,0,2
0x8c6aec,100%,0,100,100,0,0,0,100
0xa79702,100%,0,2,2,0,0,0,2
0x66640c,100%,0,2,2,0,0,0,2
0x65a686,100%,0,2,2,0,0,0,2
0x8c3cbd,100%,0,100,100,0,0,0,100
0x64f78b,100%,0,2,2,0,0,0,2
0x8c0738,100%,0,100,100,0,0,0,100
0x8c6aa3,100%,0,100,100,0,0,0,100
0x6f4a9f,100%,0,52,52,0,0,0,52
0x8bf073,100%,0,2,2,0,0,0,2
0x63869f,100%,0,257,257,0,0,0,257
0x643d2b,100%,0,2,2,0,0,0,2
0x774083,100%,0,52,52,0,0,0,52
0xa3087e,100%,0,7436,7436,0,0,0,7436
0x63e31b,100%,0,8,8,0,0,0,8
0x9289b2,100%,0,159,159,0,0,0,159
0x760c75,100%,0,2,2,0,0,0,2
0x5f45a1,100%,0,108,108,0,0,0,108
0x64016c,100%,0,2,2,0,0,0,2
0x8c3cca,100%,0,100,100,0,0,0,100
0x65053a,100%,0,2,2,2,0,0,0
0x8c2044,100%,0,2,2,0,0,0,2
0x644bfc,100%,0,2,2,0,0,0,2
0x5e8b73,100%,0,65,65,0,0,0,65
0x65a53f,100%,0,2,2,0,0,0,2
0x8c3cb0,100%,0,100,100,0,0,0,100
0xa7a6a3,100%,0,257,257,0,0,0,257
0xa76a24,100%,0,21278,21278,0,0,0,21278
0x633f52,100%,0,2,2,0,0,0,2
0x643582,100%,0,2600,2600,0,0,0,2600
0xa797e1,100%,0,173,173,0,0,0,173
0x67b10d,100%,0,2,2,0,0,0,2
0x644bea,100%,0,2,2,0,0,0,2
0xa7a53a,100%,0,68781,68781,0,0,0,68781
0x42a9c7,100%,0,14,14,0,0,0,14
0x644cf4,100%,0,2,2,0,0,0,2
0x644cf9,100%,0,2,2,0,0,0,2
0x67a228,100%,0,2,2,0,0,0,2
0x648851,100%,0,2,2,0,0,0,2
0x92b0e0,100%,0,2,2,0,0,0,2
0x644eba,100%,0,2,2,0,0,0,2
0x8c6b27,100%,0,100,100,0,0,0,100
0x644f04,100%,0,2,2,0,0,0,2
0x65b285,100%,0,2,2,0,0,0,2
0x652c31,100%,0,4847,4847,4847,0,0,0
0x76c1af,100%,0,44,44,0,0,0,44
0xa765ff,100%,0,98,98,0,0,0,98
0x405440,100%,0,22,22,0,0,0,22
0xa76619,100%,0,98,98,0,0,0,98
0x9e0e40,100%,0,30,30,0,0,0,30
0x5f41a5,100%,0,4,4,0,0,0,4
0x597f6c,100%,0,56,56,0,0,0,56
0xa765d6,100%,0,52,52,0,0,0,52
0x636f0a,100%,0,257,257,0,0,0,257
0x7cb581,100%,0,2,2,0,0,0,2
0x7a9623,100%,0,368,368,0,0,0,368
0x64abe3,100%,0,2,2,0,0,0,2
0x6396c3,100%,0,2,2,0,0,0,2
0x5f3b09,100%,0,2,2,0,0,0,2
0x65a5fa,100%,0,2,2,0,0,0,2
0x7614e8,100%,0,2,2,0,0,0,2
0x663bc6,100%,0,2,2,0,0,0,2
0x6592dc,100%,0,52,52,0,0,0,52
0x633248,100%,0,2,2,0,0,0,2
0x8c4516,100%,0,100,100,0,0,0,100
0x64c816,100%,0,2,2,0,0,0,2
0xa781c8,100%,0,6705,6705,6705,0,0,0
0x64f08d,100%,0,8,8,0,0,0,8
0x66b8fc,100%,0,52,52,0,0,0,52
0xa761a8,100%,0,4905,4905,4905,0,0,0
0x928a62,100%,0,159,159,0,0,0,159
0x62f4b6,100%,0,2,2,0,0,0,2
0x63bc71,100%,0,8,8,0,0,0,8
0x92afdc,100%,0,2,2,0,0,0,2
0x641b49,100%,0,2,2,0,0,0,2
0x8c074d,100%,0,400,400,0,0,0,400
0xa79047,100%,0,1350,1350,0,0,0,1350
0xa7a55c,100%,0,68781,68781,68781,0,0,0
0xa307fa,100%,0,54540,54540,0,0,0,54540
0x645973,100%,0,2,2,0,0,0,2
0x8bfc29,100%,0,100,100,0,0,0,100
0x8c477a,100%,0,13000,13000,0,0,0,13000
0xa307f2,100%,0,54540,54540,0,0,0,54540
0x630b0d,100%,0,2,2,0,0,0,2
0x92c954,100%,0,52,52,0,0,0,52
0x9f9941,100%,0,1566,1566,0,0,0,1566
0x765a53,100%,0,104,104,0,0,0,104
0xa7a553,100%,0,68781,68781,0,0,0,68781
0x5e69c6,100%,0,1250,1250,1250,0,0,0
0x9260b7,100%,0,52,52,0,0,0,52
0x6597ec,100%,0,2,2,0,0,0,2
0x65a616,100%,0,2,2,0,0,0,2
0x65d8cd,100%,0,100,100,0,0,0,100
0x9f98c3,100%,0,2042,2042,0,0,0,2042
0x64d693,100%,0,2,2,0,0,0,2
0x637392,100%,0,257,257,0,0,0,257
0x7ccf12,100%,0,2,2,0,0,0,2
0x75ebf8,100%,0,2,2,0,0,0,2
0x8beef4,100%,0,208,208,0,0,0,208
0x76a4a3,100%,0,52,52,0,0,0,52
0x63f46c,100%,0,2,2,0,0,0,2
0x652c3d,100%,0,4847,4847,0,0,0,4847
0x8c49b6,100%,0,13000,13000,0,0,0,13000
0x76d646,100%,0,52,52,0,0,0,52
0x949d91,100%,0,2,2,0,0,0,2
0x76167d,100%,0,6,6,0,0,0,6
0x75e31e,100%,0,2,2,0,0,0,2
0x63734a,100%,0,257,257,0,0,0,257
0xa3a2e6,100%,0,4,4,0,0,0,4
0x8c0cf4,100%,0,100,100,0,0,0,100
0xa76939,100%,0,47678,47678,47678,0,0,0
0x8c4d96,100%,0,2600,2600,0,0,0,2600
0x96147d,100%,0,159,159,159,0,0,0
0x64a840,100%,0,100,100,0,0,0,100
0xa785dc,100%,0,6855,6855,0,0,0,6855
0x64bbe8,100%,0,2,2,0,0,0,2
0x64734f,100%,0,52,52,0,0,0,52
0x76ca45,100%,0,2,2,0,0,0,2
0x65938c,100%,0,52,52,0,0,0,52
0x8c6a74,100%,0,100,100,0,0,0,100
0x63030d,100%,0,2,2,0,0,0,2
0x643ef5,100%,0,2,2,0,0,0,2
0xa77fc9,100%,0,23162,23162,0,0,0,23162
0x658b5a,100%,0,2,2,0,0,0,2
0x65dee8,100%,0,2600,2600,0,0,0,2600
0x652b09,100%,0,4680,4680,0,0,0,4680
0x637300,100%,0,257,257,0,0,0,257
0x636d5c,100%,0,257,257,0,0,0,257
0x7ebc94,100%,0,2,2,2,0,0,0
0x654718,100%,0,8521,8521,0,0,0,8521
0xa31db4,100%,0,10625,10625,10625,0,0,0
0x6392c8,100%,0,2,2,0,0,0,2
0x64fab2,100%,0,2,2,0,0,0,2
0x621587,100%,0,12,12,0,0,0,12
0x76c9cf,100%,0,44,44,0,0,0,44
0x8c12ef,100%,0,2,2,0,0,0,2
0xa30899,100%,0,7436,7436,0,0,0,7436
0x8c5a0c,100%,0,12500,12500,0,0,0,12500
0x6436ad,100%,0,2,2,0,0,0,2
0x8c2065,100%,0,2,2,0,0,0,2
0x8c0322,100%,0,100,100,0,0,0,100
0x64afd7,100%,0,2,2,0,0,0,2
0x65ad6a,100%,0,2,2,0,0,0,2
0x597d97,100%,0,2,2,0,0,0,2
0x636555,100%,0,257,257,0,0,0,257
0x769e8c,100%,0,2,2,0,0,0,2
0x65aa84,100%,0,2,2,0,0,0,2
0x7b426f,100%,0,2,2,0,0,0,2
0x64336a,100%,0,2,2,0,0,0,2
0x429af0,100%,0,2,2,0,0,0,2
0x642aa2,100%,0,2,2,0,0,0,2
0x603456,100%,0,16,16,0,0,0,16
0x8c4302,100%,0,2600,2600,0,0,0,2600
0x64b5ef,100%,0,2,2,0,0,0,2
0x9283d1,100%,0,3601,3601,0,0,0,3601
0x65a2ae,100%,0,2,2,0,0,0,2
0x648947,100%,0,2,2,0,0,0,2
0x64b6d1,100%,0,2,2,0,0,0,2
0x927c15,100%,0,365,365,0,0,0,365
0x7662b1,100%,0,12,12,0,0,0,12
0x596ef2,100%,0,156,156,0,0,0,156
0x645788,100%,0,52,52,0,0,0,52
0x64038e,100%,0,2,2,0,0,0,2
0x65aebd,100%,0,2,2,0,0,0,2
0xa38b78,100%,0,40,40,0,0,0,40
0xa783dd,100%,0,32758,32758,32758,0,0,0
0x67ab0e,100%,0,2,2,0,0,0,2
0xa7855f,100%,0,8024,8024,0,0,0,8024
0x8bfc03,100%,0,100,100,0,0,0,100
0x62eb9e,100%,0,2,2,0,0,0,2
0x641be8,100%,0,52,52,0,0,0,52
0x68853d,100%,0,2,2,2,0,0,0
0x62f939,100%,0,2,2,0,0,0,2
0x63db7a,100%,0,208,208,0,0,0,208
0x8c6a5d,100%,0,100,100,0,0,0,100
0x5ea02a,100%,0,54,54,0,0,0,54
0x8c211a,100%,0,2,2,0,0,0,2
0x634a24,100%,0,2,2,0,0,0,2
0x657354,100%,0,2,2,0,0,0,2
0x7e80be,100%,0,52,52,0,0,0,52
0x8c6b50,100%,0,100,100,0,0,0,100
0x65b432,100%,0,2,2,0,0,0,2
0xa768e5,100%,0,68956,68956,0,0,0,68956
0x7cba7a,100%,0,52,52,52,0,0,0
0x76ce13,100%,0,52,52,0,0,0,52
0x8c52f2,100%,0,13000,13000,0,0,0,13000
0x66e1d7,100%,0,2,2,0,0,0,2
0x5e8fd1,100%,0,2,2,0,0,0,2
0x7cd5f3,100%,0,52,52,0,0,0,52
0x7749ef,100%,0,52,52,0,0,0,52
0xa77dd7,100%,0,32758,32758,32758,0,0,0
0x64b601,100%,0,2,2,0,0,0,2
0x64c56d,100%,0,4000,4000,0,0,0,4000
0x6597bc,100%,0,52,52,0,0,0,52
0x6316c2,100%,0,2,2,0,0,0,2
0x7d0203,100%,0,2,2,2,0,0,0
0x8c355c,100%,0,100,100,0,0,0,100
0x7b36fa,100%,0,52,52,0,0,0,52
0x64d433,100%,0,2,2,0,0,0,2
0x92ca0b,100%,0,2600,2600,0,0,0,2600
0x774ac2,100%,0,52,52,0,0,0,52
0x5e8939,100%,0,16,16,0,0,0,16
0x9f8d0e,100%,0,261,261,0,0,0,261
0x929304,100%,0,20,20,0,0,0,20
0x763016,100%,0,2,2,0,0,0,2
0xa24b35,100%,0,410,410,72,0,0,338
0x8c4915,100%,0,500,500,0,0,0,500
0x8c6b46,100%,0,100,100,0,0,0,100
0x7e7332,100%,0,52,52,0,0,0,52
0x658a68,100%,0,2,2,0,0,0,2
0x7bd55d,100%,0,40,40,0,0,0,40
0x6037e1,100%,0,44,44,0,0,0,44
0x64f24c,100%,0,32640,32640,0,0,0,32640
0x597aec,100%,0,34,34,0,0,0,34
0x92a601,100%,0,91,91,91,0,0,0
0x5e9c63,100%,0,4,4,0,0,0,4
0x643aa3,100%,0,52,52,0,0,0,52
0x630a59,100%,0,2,2,0,0,0,2
0x640759,100%,0,2,2,0,0,0,2
0x63f48d,100%,0,2,2,0,0,0,2
0x8c44ea,100%,0,2600,2600,0,0,0,2600
0x652c18,100%,0,4847,4847,4847,0,0,0
0xa7853b,100%,0,8024,8024,0,0,0,8024
0x4b9ecc,100%,0,64,64,0,0,0,64
0x7b35ef,100%,0,2,2,2,0,0,0
0x6393e7,100%,0,100,100,0,0,0,100
0x64e3de,100%,0,10,10,0,0,0,10
0x7b43ec,100%,0,2,2,0,0,0,2
0x64b5aa,100%,0,2,2,0,0,0,2
0x66b6bc,100%,0,52,52,0,0,0,52
0xa7a543,100%,0,68781,68781,0,0,0,68781
0x92a516,100%,0,365,365,0,0,0,365
0xa77fd6,100%,0,23162,23162,0,0,0,23162
0x928590,100%,0,4847,4847,0,0,0,4847
0x65397a,100%,0,2,2,0,0,0,2
0x6d9242,100%,0,16,16,0,0,0,16
0x9f7cf1,100%,0,2050,2050,0,0,0,2050
0x66aea8,100%,0,2,2,0,0,0,2
0x8c20c0,100%,0,2,2,0,0,0,2
0x6605a4,100%,0,2,2,2,0,0,0
0x5993ee,100%,0,24,24,0,0,0,24
0x613d45,100%,0,24,24,0,0,0,24
0x644893,100%,0,52,52,0,0,0,52
0x7cb4d1,100%,0,2,2,0,0,0,2
0xa7967e,100%,0,257,257,0,0,0,257
0x590b1b,100%,0,8,8,0,0,0,8
0x76066d,100%,0,126,126,0,0,0,126
0x773c43,100%,0,52,52,0,0,0,52
0x8c1fba,100%,0,2,2,0,0,0,2
0xa76203,100%,0,3481,3481,0,0,0,3481
0xa765c8,100%,0,52,52,0,0,0,52
0x64e70a,100%,0,320,320,0,0,0,320
0x8c2094,100%,0,2,2,0,0,0,2
0x6488a3,100%,0,2,2,0,0,0,2
0x64566d,100%,0,2,2,0,0,0,2
0x63bd34,100%,0,10400,10400,0,0,0,10400
0x64bb48,100%,0,2,2,0,0,0,2
0x630c1f,100%,0,2,2,0,0,0,2
0x6583d8,100%,0,819,819,0,0,0,819
0x7627e4,100%,0,2,2,0,0,0,2
0xa389b1,100%,0,96482,96482,0,0,0,96482
0x66b83c,100%,0,52,52,0,0,0,52
0x64374a,100%,0,52,52,0,0,0,52
0x8c3aa2,100%,0,100,100,0,0,0,100
0x65885c,100%,0,91,91,0,0,0,91
0x63bfed,100%,0,208,208,0,0,0,208
0x593ce0,100%,0,8,8,0,0,0,8
0x656b5b,100%,0,2,2,0,0,0,2
0x66f1a2,100%,0,2,2,0,0,0,2
0x639a08,100%,0,100,100,0,0,0,100
0x646f52,100%,0,2,2,0,0,0,2
0x7e893f,100%,0,2,2,0,0,0,2
0x64d66a,100%,0,2,2,0,0,0,2
0x778465,100%,0,8,8,0,0,0,8
0x67a754,100%,0,2,2,0,0,0,2
0x651409,100%,0,8,8,0,0,0,8
0x8c1fb0,100%,0,2,2,0,0,0,2
0x67ac28,100%,0,2,2,0,0,0,2
0xa79f2b,100%,0,68783,68783,0,0,0,68783
0x63dacb,100%,0,8,8,0,0,0,8
0x64f67c,100%,0,2,2,0,0,0,2
0x76ad30,100%,0,52,52,0,0,0,52
0x633f72,100%,0,2,2,0,0,0,2
0x598627,100%,0,32,32,0,0,0,32
0xa8dc7a,100%,0,81530,81530,81530,0,0,0
0xa76e27,100%,0,21276,21276,21276,0,0,0
0x7cb9e2,100%,0,52,52,0,0,0,52
0x8c5747,100%,0,100,100,0,0,0,100
0x7b2f98,100%,0,52,52,0,0,0,52
0x646f20,100%,0,2,2,0,0,0,2
0x648d64,100%,0,14,14,0,0,0,14
0x66f6d7,100%,0,2,2,0,0,0,2
0x5f106f,100%,0,54,54,0,0,0,54
0x5e78b3,100%,0,1,1,1,0,0,0
0x9e152b,100%,0,96,96,0,0,0,96
0x64de6f,100%,0,4000,4000,0,0,0,4000
0x631600,100%,0,2,2,0,0,0,2
0x5938bd,100%,0,32,32,0,0,0,32
0x7aa3a2,100%,0,50,50,0,0,0,50
0x649d0c,100%,0,2,2,0,0,0,2
0x659a9f,100%,0,2,2,0,0,0,2
0x64638c,100%,0,2,2,0,0,0,2
0x5fcdf9,100%,0,88,88,88,0,0,0
0x5ed066,100%,0,2,2,0,0,0,2
0x63f6fc,100%,0,2,2,0,0,0,2
0x92a5dd,100%,0,91,91,0,0,0,91
0x6616b6,100%,0,2,2,2,0,0,0
0x8c0c8b,100%,0,4319,4319,0,0,0,4319
0x630a92,100%,0,2,2,0,0,0,2
0x646def,100%,0,2,2,0,0,0,2
0x760f8e,100%,0,44,44,0,0,0,44
0x5e761a,100%,0,8,8,0,0,0,8
0x630e80,100%,0,2,2,0,0,0,2
0x7615ff,100%,0,44,44,0,0,0,44
0x6550f6,100%,0,9695,9695,0,0,0,9695
0x63a6c4,100%,0,2,2,0,0,0,2
0x64f929,100%,0,2,2,0,0,0,2
0x76779f,100%,0,2,2,0,0,0,2
0x65e688,100%,0,100,100,0,0,0,100
0x65de02,100%,0,100,100,0,0,0,100
0x89faa2,100%,0,2,2,0,0,0,2
0x778f25,100%,0,208,208,0,0,0,208
0x64eff3,100%,0,208,208,0,0,0,208
0x7b006a,100%,0,2,2,0,0,0,2
0x7edeed,100%,0,2,2,2,0,0,0
0x7a8e1a,100%,0,4,4,0,0,0,4
0x603507,100%,0,2,2,0,0,0,2
0x649bfd,100%,0,2,2,0,0,0,2
0xa31b96,100%,0,27030,27030,0,0,0,27030
0x639eea,100%,0,2,2,0,0,0,2
0x64c22d,100%,0,2,2,0,0,0,2
0x5f3629,100%,0,1976,1976,0,0,0,1976
0x65b067,100%,0,2,2,0,0,0,2
0x8c457a,100%,0,2600,2600,0,0,0,2600
0x7b3bdf,100%,0,2,2,0,0,0,2
0x7729c1,100%,0,2,2,0,0,0,2
0x766142,100%,0,4,4,0,0,0,4
0x635ca2,100%,0,2,2,0,0,0,2
0x76158e,100%,0,44,44,0,0,0,44
0x6487ad,100%,0,2,2,0,0,0,2
0x5f3f58,100%,0,5,5,0,0,0,5
0xa234f6,100%,0,34,34,0,0,0,34
0x633a4d,100%,0,2,2,0,0,0,2
0x6546da,100%,0,8521,8521,8521,0,0,0
0x640e1f,100%,0,2,2,0,0,0,2
0x641ae6,100%,0,2,2,0,0,0,2
0x648a8f,100%,0,2,2,0,0,0,2
0x652b24,100%,0,4680,4680,0,0,0,4680
0x402806,100%,0,18,18,0,0,0,18
0x89fbc3,100%,0,8,8,0,0,0,8
0x8c6b00,100%,0,100,100,0,0,0,100
0x75ca74,100%,0,2,2,0,0,0,2
0xa769d2,100%,0,21278,21278,0,0,0,21278
0x4a29f3,100%,0,6,6,0,0,0,6
0xa76d40,100%,0,21276,21276,21276,0,0,0
0x7afb83,100%,0,52,52,0,0,0,52
0x618c23,100%,0,6916,6916,0,0,0,6916
0x63a659,100%,0,8,8,0,0,0,8
0x6549b1,100%,0,8520,8520,8520,0,0,0
0x647498,100%,0,2600,2600,0,0,0,2600
0x8c095f,100%,0,290,290,0,0,0,290
0xa76e1a,100%,0,21276,21276,0,0,0,21276
0x6407fa,100%,0,2,2,0,0,0,2
0x8c539a,100%,0,100,100,0,0,0,100
0x652482,100%,0,8203,8203,0,0,0,8203
0x595534,100%,0,624,624,0,0,0,624
0x960f5b,100%,0,125,125,0,0,0,125
0x7650c3,100%,0,104,104,0,0,0,104
0x7619b3,100%,0,53,53,0,0,0,53
0x8c6311,100%,0,100,100,0,0,0,100
0x7affda,100%,0,2,2,0,0,0,2
0xa768dd,100%,0,68956,68956,0,0,0,68956
0x92b08b,100%,0,100,100,100,0,0,0
0xa3960d,100%,0,7,7,0,0,0,7
0x630103,100%,0,2,2,0,0,0,2
0xa7692a,100%,0,47678,47678,0,0,0,47678
0x7ce0a3,100%,0,52,52,0,0,0,52
0x62ecfe,100%,0,2,2,0,0,0,2
0x65b300,100%,0,2,2,0,0,0,2
0x8c34e1,100%,0,100,100,0,0,0,100
0x6386b1,100%,0,257,257,0,0,0,257
0xa76a32,100%,0,21278,21278,0,0,0,21278
0x7b2224,100%,0,2,2,0,0,0,2
0x64165b,100%,0,2,2,0,0,0,2
0x9f4f31,100%,0,261,261,0,0,0,261
0x64de50,100%,0,100,100,0,0,0,100
0x75826e,100%,0,52,52,0,0,0,52
0x64a04c,100%,0,2600,2600,0,0,0,2600
0x66eeac,100%,0,1200,1200,0,0,0,1200
0x65be62,100%,0,2,2,0,0,0,2
0x8c3976,100%,0,3000,3000,0,0,0,3000
0x60904a,100%,0,58,58,0,0,0,58
0x64448b,100%,0,2,2,0,0,0,2
0x92990d,100%,0,159,159,0,0,0,159
0x64df03,100%,0,4000,4000,0,0,0,4000
0x646970,100%,0,2,2,0,0,0,2
0x6302ca,100%,0,2,2,0,0,0,2
0x64abbf,100%,0,2,2,0,0,0,2
0x63332a,100%,0,2,2,0,0,0,2
0x8c20ec,100%,0,2,2,0,0,0,2
0x7ce0e6,100%,0,52,52,0,0,0,52
0x652c57,100%,0,4847,4847,0,0,0,4847
0xa76d55,100%,0,21276,21276,0,0,0,21276
0x63476d,100%,0,2,2,0,0,0,2
0x67a006,100%,0,2,2,0,0,0,2
0x76fd77,100%,0,104,104,0,0,0,104
0x9f7e06,100%,0,8,8,0,0,0,8
0x64e4d0,100%,0,2,2,0,0,0,2
0x7a9eab,100%,0,100,100,0,0,0,100
0x5ed53c,100%,0,52,52,0,0,0,52
0x65a5e1,100%,0,2,2,0,0,0,2
0x926b6f,100%,0,7,7,7,0,0,0
0x67b468,100%,0,2,2,0,0,0,2
0xa7660e,100%,0,98,98,0,0,0,98
0x649f0e,100%,0,100,100,0,0,0,100
0x67af80,100%,0,2,2,0,0,0,2
0x75dc47,100%,0,14,14,0,0,0,14
0x67ac80,100%,0,2,2,0,0,0,2
0x76608b,100%,0,4,4,0,0,0,4
0x8c5d03,100%,0,2500,2500,0,0,0,2500
0x5e672b,100%,0,50,50,0,0,0,50
0x636d9f,100%,0,257,257,0,0,0,257
0x8c205b,100%,0,2,2,0,0,0,2
