Branch PC,Accuracy,Mispredictions,Correct Predictions,Total,dir_t_pred_t,dir_t_pred_nt,dir_nt_pred_t,dir_nt_pred_nt
aggregate,99.7907%,101707,48489245,48590952,12886111,39665,62042,35603134
0x638ed8,99.2833%,20629,2857902,2878531,2482378,7192,13437,375524
0x64cc86,99.7639%,13102,5536284,5549386,5536159,177,12925,125
0x7b358e,89.5411%,10792,92393,103185,86460,2077,8715,5933
0x64d0d3,98.1885%,9390,508972,518362,264514,4355,5035,244458
0x64cc75,99.8866%,6300,5549366,5555666,25,6255,45,5549341
0x406ce1,91.5472%,5273,57109,62382,28191,1710,3563,28918
0x406c31,92.1666%,3063,36039,39102,27929,1347,1716,8110
0x64d0f2,99.0233%,2626,266243,268869,10115,2137,489,256128
0x406b67,81.1168%,2117,9094,11211,8270,740,1377,824
0x406c06,97.9996%,2002,98080,100082,88751,804,1198,9329
0x7b3597,87.3566%,1852,12796,14648,7236,844,1008,5560
0x64cec8,78.6538%,1722,6345,8067,4322,674,1048,2023
0x638d03,90.4956%,1655,15758,17413,15623,507,1148,135
0x638eec,99.5753%,1652,387309,388961,370690,147,1505,16619
0x7b1cd3,84.5459%,1642,8983,10625,617,1237,405,8366
0x7b320a,92.8449%,1461,18958,20419,11884,1004,457,7074
0x7b347d,90.0669%,1455,13193,14648,6803,797,658,6390
0x638ecb,99.9554%,1283,2878530,2879813,0,1283,0,2878530
0x7b321b,86.1373%,1044,6487,7531,5772,228,816,715
0x7b1ca1,92.9087%,885,11595,12480,1224,631,254,10371
0x406c39,94.0772%,664,10547,11211,854,575,89,9693
0x7b32e4,95.1897%,653,12922,13575,12794,81,572,128
0x7b1d08,95.8894%,513,11967,12480,2007,284,229,9960
0x7b327b,91.6333%,502,5498,6000,1175,314,188,4323
0x7b303a,96.7307%,497,14705,15202,3157,213,284,11548
0x406d92,96.6885%,476,13898,14374,13897,12,464,1
0x406c0b,95.8077%,470,10741,11211,1114,271,199,9627
0x7b3251,71.0596%,437,1073,1510,444,256,181,629
0x7b377e,94.2694%,422,6942,7364,6915,65,357,27
0x7b3496,94.7645%,369,6679,7048,6166,144,225,513
0x7b31b5,98.776%,363,29294,29657,7931,271,92,21363
0x7b3806,95.7364%,339,7612,7951,1265,229,110,6347
0x64e273,96.8668%,335,10357,10692,10357,1,334,0
0x7b3236,90.0662%,300,2720,3020,1888,121,179,832
0x7b32e6,65%,245,455,700,329,99,146,126
0x7b3610,96.6212%,198,5662,5860,4938,70,128,724
0x64a748,99.87%,185,142081,142266,36751,60,125,105330
0x7b2fc5,99.2403%,174,22731,22905,10481,87,87,12250
0x64a793,99.9732%,167,621884,622051,52911,122,45,568973
0x7b337d,83.7758%,165,852,1017,11,149,16,841
0x7b3774,98.0322%,159,7921,8080,618,98,61,7303
0x4ab909,98.8443%,151,12915,13066,12757,9,142,158
0x4a76b9,98.872%,145,12710,12855,12698,6,139,12
0x7b361a,84.0376%,136,716,852,710,20,116,6
0x7b1b7f,99.4282%,131,22780,22911,12976,83,48,9804
0x5ea1d4,93.4444%,122,1739,1861,1682,20,102,57
0x7b13d8,99.7938%,121,58559,58680,7578,79,42,50981
0x7b3354,89.9827%,116,1042,1158,33,108,8,1009
0x7b1490,98.9493%,111,10453,10564,10393,38,73,60
0x7b2fa5,99.7276%,91,33316,33407,10461,41,50,22855
0x406b91,99.2418%,85,11126,11211,629,55,30,10497
0x64ced9,97.2973%,83,2988,3071,2596,42,41,392
0x7b1af5,99.7683%,82,35309,35391,12449,31,51,22860
0x7b363a,62.7551%,73,123,196,27,47,26,96
0x7d2236,98.9641%,65,6210,6275,5804,52,13,406
0x64cf6f,85.9122%,61,372,433,363,9,52,9
0x7b1469,99.451%,58,10506,10564,7625,32,26,2881
0x7b329d,98.7364%,57,4454,4511,489,10,47,3965
0x678c33,99.9824%,49,277703,277752,37405,25,24,240298
0x406b4d,99.8584%,48,33862,33910,22684,15,33,11178
0x7b3020,99.7722%,48,21022,21070,5847,21,27,15175
0x4996c7,99.8765%,46,37196,37242,19639,24,22,17557
0x7b151b,99.9267%,43,58637,58680,52803,9,34,5834
0x64a777,99.9191%,43,53093,53136,75,28,15,53018
0x7b34af,94.3089%,42,696,738,620,14,28,76
0x649a4c,99.7683%,41,17653,17694,1271,23,18,16382
0x499719,99.7799%,39,17679,17718,7,23,16,17672
0x64a0b9,91.9753%,39,447,486,284,21,18,163
0x4dbff5,90.4145%,37,349,386,214,24,13,135
0x7b1cdc,99.5782%,37,8734,8771,1,37,0,8733
0x54afc8,82.8571%,36,174,210,59,20,16,115
0x7b14c3,74.4361%,34,99,133,19,21,13,80
0x45f97f,94.1068%,32,511,543,367,5,27,144
0x4a76ad,99.7518%,32,12859,12891,8,28,4,12851
0x7b3347,99.0262%,32,3254,3286,2114,14,18,1140
0x617d49,94.0154%,31,487,518,341,12,19,146
0x5d0c0a,99.798%,30,14818,14848,14818,1,29,0
0x66dbd4,97.0414%,30,984,1014,503,11,19,481
0x64cc51,99.8458%,30,19429,19459,96,29,1,19333
0x538db4,89.899%,30,267,297,233,12,18,34
0x4ab8e0,99.778%,29,13037,13066,13037,0,29,0
0x64cbce,99.834%,29,17436,17465,10682,10,19,6754
0x64cc9d,99.7799%,29,13146,13175,3405,26,3,9741
0x64cca3,99.7024%,29,9715,9744,3415,27,2,6300
0x45f909,97.0165%,29,943,972,943,5,24,0
0x66db99,99.0014%,28,2776,2804,1774,16,12,1002
0x4ab7f9,94.7977%,27,492,519,204,14,13,288
0x66dbe3,94.6%,27,473,500,328,15,12,145
0x638f7a,99.8621%,25,18098,18123,16608,10,15,1490
0x498413,99.9745%,25,97930,97955,46966,17,8,50964
0x7b14cc,74.1935%,24,69,93,49,10,14,20
0x678c38,99.9904%,23,240299,240322,54284,16,7,186015
0x45b74f,78.7037%,23,85,108,16,14,9,69
0x4a6fd9,86.0606%,23,142,165,101,11,12,41
0x64ccea,99.8869%,22,19436,19458,6760,13,9,12676
0x4069f0,99.6415%,21,5836,5857,470,10,11,5366
0x498459,99.9608%,20,50952,50972,23453,14,6,27499
0x7b17e1,66.1017%,20,39,59,1,18,2,38
0x5a1401,99.9754%,20,81266,81286,29019,4,16,52247
0x7b1c4a,99.8478%,19,12461,12480,12461,1,18,0
0x7b31fd,99.907%,19,20419,20438,0,19,0,20419
0x7b31ec,99.4908%,19,3712,3731,3276,10,9,436
0x4a7249,95.815%,19,435,454,281,8,11,154
0x45bdbf,87.1622%,19,129,148,87,9,10,42
0x64cebb,99.9114%,18,20301,20319,12244,8,10,8057
0x5ea774,88.6792%,18,141,159,12,16,2,129
0x406d73,96.25%,18,462,480,0,15,3,462
0x7b3788,99.7772%,18,8062,8080,7945,6,12,117
0x4602f1,96.9091%,17,533,550,192,10,7,341
0x7b3645,86.8852%,16,106,122,52,2,14,54
0x7b364e,77.9412%,15,53,68,40,3,12,13
0x649a90,99.9085%,15,16385,16400,10708,13,2,5677
0x5a12f2,99.9742%,15,58143,58158,46494,2,13,11649
0x66dbb9,99.5442%,15,3276,3291,2268,9,6,1008
0x7b143d,99.858%,15,10549,10564,10468,3,12,81
0x7b14de,99.8675%,14,10550,10564,9,10,4,10541
0x64cd2f,99.9332%,13,19445,19458,13652,11,2,5793
0x5ea649,93.1429%,12,163,175,157,2,10,6
0x64ccb7,99.8768%,12,9732,9744,2897,3,9,6835
0x4a73b7,92.7711%,12,154,166,43,11,1,111
0x7b31e7,99.9441%,12,21443,21455,17721,3,9,3722
0x4ad6cc,96.4179%,12,323,335,113,11,1,210
0x5f7b79,95.2941%,12,243,255,241,6,6,2
0x674e57,99.6767%,12,3700,3712,3683,0,12,17
0x66db68,98.8258%,12,1010,1022,0,8,4,1010
0x7b37f9,99.8617%,11,7940,7951,5733,3,8,2207
0x460287,98.9237%,11,1011,1022,290,5,6,721
0x4a85b0,94.2708%,11,181,192,181,3,8,0
0x4a80b9,95.2586%,11,221,232,216,0,11,5
0x547d3a,95.6897%,10,222,232,215,1,9,7
0x4157a8,95.6897%,10,222,232,216,0,10,6
0x7b369b,91.8033%,10,112,122,0,9,1,112
0x4b5a08,99.9138%,10,11585,11595,0,9,1,11585
0x48942a,99.845%,9,5798,5807,4,8,1,5794
0x7b30a3,99.8466%,9,5859,5868,5706,3,6,153
0x678c13,99.9967%,9,273677,273686,35349,8,1,238328
0x48ea16,94.5455%,9,156,165,156,1,8,0
0x45b761,88.4615%,9,69,78,51,3,6,18
0x48c463,82%,9,41,50,23,7,2,18
0x494813,57.1429%,9,12,21,8,6,3,4
0x4a7508,83.3333%,9,45,54,33,5,4,12
0x549929,50%,9,9,18,8,6,3,1
0x4927ee,77.1429%,8,27,35,26,4,4,1
0x492791,77.1429%,8,27,35,26,4,4,1
0x4a7069,95.1515%,8,157,165,147,2,6,10
0x5d8eff,82.9787%,8,39,47,22,3,5,17
0x678c20,99.9966%,8,238321,238329,52300,7,1,186021
0x48c6d1,89.8734%,8,71,79,68,4,4,3
0x649a20,99.966%,8,23543,23551,17694,0,8,5849
0x5d8f9c,66.6667%,8,16,24,0,6,2,16
0x5ec357,91.3043%,8,84,92,54,5,3,30
0x5f7c01,50%,8,8,16,0,8,0,8
0x490ad3,53.3333%,7,8,15,7,3,4,1
0x5e995e,87.2727%,7,48,55,48,4,3,0
0x4602e9,99.2214%,7,892,899,346,3,4,546
0x549939,61.1111%,7,11,18,10,4,3,1
0x49852d,99.9496%,7,13879,13886,7059,3,4,6820
0x4a75c5,95.8824%,7,163,170,0,5,2,163
0x4157c8,92.7083%,7,89,96,77,3,4,12
0x4a71fe,92.3077%,6,72,78,52,2,4,20
0x487b79,91.4286%,6,64,70,35,1,5,29
0x649ecd,99.9677%,6,18569,18575,11818,2,4,6751
0x4ab7cd,98.8439%,6,513,519,513,6,0,0
0x4069e7,99.9849%,6,39761,39767,33910,0,6,5851
0x7b3691,95.082%,6,116,122,97,0,6,19
0x490aa2,70%,6,14,20,0,5,1,14
0x490a36,60%,6,9,15,8,2,4,1
0x45fa18,87.5%,5,35,40,19,5,0,16
0x4e844a,37.5%,5,3,8,1,3,2,2
0x45c72d,81.4815%,5,22,27,22,4,1,0
0x48fc43,37.5%,5,3,8,0,5,0,3
0x48c7ea,93.6709%,5,74,79,70,1,4,4
0x4e9118,37.5%,5,3,8,0,2,3,3
0x4a7270,98.8987%,5,449,454,287,2,3,162
0x4ab8a3,98.5163%,5,332,337,33,4,1,299
0x4e90e7,37.5%,5,3,8,2,5,0,1
0x5d9185,93.2432%,5,69,74,48,4,1,21
0x5e4c41,37.5%,5,3,8,3,5,0,0
0x4908e7,66.6667%,5,10,15,7,3,2,3
0x490d4c,66.6667%,5,10,15,8,2,3,2
0x4e84b7,0%,4,0,4,0,2,2,0
0x460341,50%,4,4,8,1,2,2,3
0x4a71f3,96.4286%,4,108,112,33,1,3,75
0x490aab,73.3333%,4,11,15,1,4,0,10
0x4b59b0,99.9655%,4,11591,11595,5795,2,2,5796
0x4a77f5,88.8889%,4,32,36,16,1,3,16
0x46167b,85.7143%,4,24,28,6,3,1,18
0x490a6b,60%,4,6,10,1,4,0,5
0x5ec254,97.7778%,4,176,180,8,4,0,168
0x5ea014,92.7273%,4,51,55,0,3,1,51
0x64cc6f,99.9999%,4,5555666,5555670,0,4,0,5555666
0x5ea1b3,99.7851%,4,1857,1861,1672,1,3,185
0x45f929,97.9167%,4,188,192,166,2,2,22
0x4a74c5,97.5904%,4,162,166,38,3,1,124
0x538df6,93.3333%,4,56,60,50,2,2,6
0x46034e,0%,4,0,4,0,4,0,0
0x4a7d8b,83.3333%,4,20,24,14,2,2,6
0x4a8079,95.8333%,4,92,96,76,4,0,16
0x48c4e8,60%,4,6,10,3,2,2,3
0x45c71f,94.2308%,3,49,52,24,1,2,25
0x60c35a,75%,3,9,12,0,3,0,9
0x415d17,98.3784%,3,182,185,169,0,3,13
0x64c570,66.6667%,3,6,9,6,3,0,0
0x49090a,70%,3,7,10,2,3,0,5
0x494945,70%,3,7,10,0,3,0,7
0x64a754,99.9972%,3,105452,105455,52317,2,1,53135
0x460fbd,62.5%,3,5,8,5,3,0,0
0x4927bb,62.5%,3,5,8,0,3,0,5
0x4984f1,99.9748%,3,11888,11891,6061,3,0,5827
0x4a7512,81.25%,3,13,16,9,2,1,4
0x4e9130,50%,3,3,6,0,3,0,3
0x45c85c,94.4444%,3,51,54,51,1,2,0
0x683e87,75%,3,9,12,9,3,0,0
0x4e8c0f,50%,3,3,6,3,1,2,0
0x4a97b3,75%,3,9,12,0,3,0,9
0x49b04d,90.625%,3,29,32,9,3,0,20
0x48c6f4,57.1429%,3,4,7,4,2,1,0
0x49094a,80%,3,12,15,4,1,2,8
0x676e00,92.5%,3,37,40,32,0,3,5
0x415788,96.875%,3,93,96,80,0,3,13
0x550a5a,99.9482%,3,5792,5795,0,0,3,5792
0x4e8bf5,66.6667%,2,4,6,0,1,1,4
0x4a7420,95.122%,2,39,41,29,1,1,10
0x490941,90%,2,18,20,3,2,0,15
0x7b34c8,98.0769%,2,102,104,102,2,0,0
0x5ec0af,98.9362%,2,186,188,167,1,1,19
0x4946cd,71.4286%,2,5,7,5,2,0,0
0x48cdbf,50%,2,2,4,2,1,1,0
0x7b3446,99.9756%,2,8200,8202,5859,1,1,2341
0x5a0b83,99.9828%,2,11620,11622,5795,0,2,5825
0x4a73d8,98.4%,2,123,125,111,1,1,12
0x4e8464,50%,2,2,4,0,1,1,2
0x4ed04e,33.3333%,2,1,3,1,1,1,0
0x4e8e9b,33.3333%,2,1,3,1,1,1,0
0x4927c7,94.2857%,2,33,35,33,2,0,0
0x4e8bce,33.3333%,2,1,3,0,1,1,1
0x5a0991,99.9902%,2,20506,20508,13614,1,1,6892
0x4890f3,99.9892%,2,18444,18446,6823,1,1,11621
0x48cd27,33.3333%,2,1,3,1,1,1,0
0x4e9084,50%,2,2,4,2,1,1,0
0x4e8314,33.3333%,2,1,3,1,1,1,0
0x45f985,98.8304%,2,169,171,145,2,0,24
0x60c11c,83.3333%,2,10,12,1,2,0,9
0x4e8f36,50%,2,2,4,2,2,0,0
0x5a142f,99.9962%,2,52261,52263,23208,0,2,29053
0x4eab5a,0%,2,0,2,0,1,1,0
0x4991d9,98.1982%,2,109,111,50,2,0,59
0x7b1c81,88.8889%,2,16,18,0,2,0,16
0x5a15e5,99.9708%,2,6854,6856,30,2,0,6824
0x7bd972,99.1379%,2,230,232,203,0,2,27
0x7b1bae,99.9913%,2,22909,22911,13058,1,1,9851
0x494864,80%,2,8,10,8,2,0,0
0x5ea1a0,99.8925%,2,1859,1861,1859,2,0,0
0x4e846a,33.3333%,2,1,3,0,1,1,1
0x4e8e57,33.3333%,2,1,3,1,1,1,0
0x4909e2,86.6667%,2,13,15,13,2,0,0
0x676ee2,91.6667%,2,22,24,16,0,2,6
0x5ea6c8,87.5%,2,14,16,3,2,0,11
0x460363,50%,2,2,4,2,1,1,0
0x64990d,90.4762%,2,19,21,19,2,0,0
0x4ea81a,0%,2,0,2,0,2,0,0
0x4e846f,0%,2,0,2,0,1,1,0
0x66dd29,95%,2,38,40,31,1,1,7
0x5ec7d8,99.7666%,2,855,857,697,1,1,158
0x4918ff,60%,2,3,5,3,2,0,0
0x490992,80%,1,4,5,4,1,0,0
0x674d84,98.2759%,1,57,58,28,1,0,29
0x5486b1,99.9914%,1,11621,11622,5794,1,0,5827
0x460a82,66.6667%,1,2,3,2,1,0,0
0x486245,87.5%,1,7,8,7,1,0,0
0x6ee670,0%,1,0,1,0,1,0,0
0x48c40f,90%,1,9,10,4,1,0,5
0x4862cf,87.5%,1,7,8,7,1,0,0
0x64d0b2,99.9921%,1,12684,12685,432,1,0,12252
0x460aab,66.6667%,1,2,3,2,1,0,0
0x48c452,98%,1,49,50,0,0,1,49
0x60c38b,66.6667%,1,2,3,2,1,0,0
0x490ab4,93.3333%,1,14,15,9,1,0,5
0x490a86,90%,1,9,10,9,1,0,0
0x5a1320,99.9914%,1,11661,11662,19,1,0,11642
0x66dd14,93.75%,1,15,16,7,1,0,8
0x485fed,87.5%,1,7,8,7,1,0,0
0x4ea6c8,50%,1,1,2,0,1,0,1
0x49095e,93.3333%,1,14,15,9,1,0,5
0x5ec163,99.4681%,1,187,188,179,1,0,8
0x4ea6f7,0%,1,0,1,0,1,0,0
0x490a74,80%,1,4,5,4,1,0,0
0x4e84c3,50%,1,1,2,1,1,0,0
0x4e89da,0%,1,0,1,0,1,0,0
0x5e47c9,87.5%,1,7,8,7,1,0,0
0x4e8fc9,75%,1,3,4,3,1,0,0
0x66f058,99.8788%,1,824,825,165,0,1,659
0x460ad1,66.6667%,1,2,3,2,1,0,0
0x66f065,99.8485%,1,659,660,329,1,0,330
0x48ca15,66.6667%,1,2,3,2,1,0,0
0x618c47,99.4652%,1,186,187,186,1,0,0
0x684188,91.6667%,1,11,12,0,0,1,11
0x488580,97.5%,1,39,40,32,0,1,7
0x4e8475,0%,1,0,1,0,1,0,0
0x64cf4e,99.7691%,1,432,433,432,1,0,0
0x5e99a2,66.6667%,1,2,3,2,1,0,0
0x487956,97.561%,1,40,41,15,1,0,25
0x4ed005,0%,1,0,1,0,1,0,0
0x4e84a0,75%,1,3,4,3,1,0,0
0x5a15be,99.9854%,1,6855,6856,0,0,1,6855
0x60cb6f,91.6667%,1,11,12,11,1,0,0
0x5e487a,87.5%,1,7,8,7,1,0,0
0x5e46c3,87.5%,1,7,8,7,1,0,0
0x4862dc,87.5%,1,7,8,7,1,0,0
0x486238,87.5%,1,7,8,7,1,0,0
0x461004,87.5%,1,7,8,0,0,1,7
0x5e4675,87.5%,1,7,8,7,1,0,0
0x490a3e,80%,1,4,5,4,1,0,0
0x4862f9,87.5%,1,7,8,0,0,1,7
0x676e0f,87.5%,1,7,8,7,1,0,0
0x5ea758,93.75%,1,15,16,10,1,0,5
0x45b786,98.1481%,1,53,54,0,0,1,53
0x5e1007,97.2973%,1,36,37,0,0,1,36
0x490c54,80%,1,4,5,4,1,0,0
0x4926dd,80%,1,4,5,4,1,0,0
0x4eab85,0%,1,0,1,0,1,0,0
0x45bc8e,98.1132%,1,52,53,0,1,0,52
0x66dd49,96.875%,1,31,32,24,0,1,7
0x4e8272,0%,1,0,1,0,1,0,0
0x491850,80%,1,4,5,4,1,0,0
0x491817,80%,1,4,5,4,1,0,0
0x5a1353,99.9978%,1,46495,46496,23211,1,0,23284
0x460349,80%,1,4,5,0,1,0,4
0x4ecf6c,0%,1,0,1,0,1,0,0
0x45bd4c,99.3243%,1,147,148,99,1,0,48
0x5ec7ad,99.9436%,1,1771,1772,915,0,1,856
0x5e456f,87.5%,1,7,8,7,1,0,0
0x535ba7,99.0991%,1,110,111,58,1,0,52
0x4e1573,99.3939%,1,164,165,0,0,1,164
0x48cb63,66.6667%,1,2,3,2,1,0,0
0x4e9092,0%,1,0,1,0,1,0,0
0x683cd0,91.6667%,1,11,12,11,1,0,0
0x4e8c46,0%,1,0,1,0,1,0,0
0x45f9b1,99.7475%,1,395,396,371,1,0,24
0x4e8bb0,75%,1,3,4,0,1,0,3
0x4908ec,80%,1,4,5,4,1,0,0
0x4e9191,50%,1,1,2,1,1,0,0
0x490953,93.3333%,1,14,15,9,1,0,5
0x490923,90%,1,9,10,9,1,0,0
0x550434,99.9943%,1,17448,17449,11653,1,0,5795
0x4ea900,0%,1,0,1,0,1,0,0
0x49087d,80%,1,4,5,4,1,0,0
0x649f1e,93.3333%,1,14,15,14,1,0,0
0x460af7,66.6667%,1,2,3,2,1,0,0
0x4e8dbb,0%,1,0,1,0,1,0,0
0x5d78c1,97.2973%,1,36,37,36,1,0,0
0x5d901e,88.8889%,1,8,9,8,1,0,0
0x45c8cf,98.1481%,1,53,54,3,1,0,50
0x4e8b49,50%,1,1,2,0,1,0,1
0x4e9a2a,0%,1,0,1,0,1,0,0
0x48cca7,66.6667%,1,2,3,2,1,0,0
0x49274b,80%,1,4,5,4,1,0,0
0x4ea408,50%,1,1,2,1,1,0,0
0x494762,85.7143%,1,6,7,6,1,0,0
0x48cbe2,66.6667%,1,2,3,2,1,0,0
0x4e967a,0%,1,0,1,0,1,0,0
0x5a147e,99.9975%,1,40716,40717,40696,1,0,20
0x45bafe,66.6667%,1,2,3,2,1,0,0
0x48c859,0%,1,0,1,0,1,0,0
0x48c94f,66.6667%,1,2,3,2,1,0,0
0x5498ba,75%,1,3,4,3,1,0,0
0x550509,99.9914%,1,11653,11654,5827,0,1,5826
0x684f97,66.6667%,1,2,3,2,1,0,0
0x4eaa38,0%,1,0,1,0,1,0,0
0x6840d2,100%,0,12,12,0,0,0,12
0x5ec463,100%,0,16,16,0,0,0,16
0x64d04f,100%,0,433,433,433,0,0,0
0x7b1c8a,100%,0,16,16,0,0,0,16
0x4a7577,100%,0,170,170,170,0,0,0
0x499e9a,100%,0,165,165,165,0,0,0
0x416517,100%,0,16,16,0,0,0,16
0x60c8db,100%,0,12,12,0,0,0,12
0x64c562,100%,0,9,9,0,0,0,9
0x7a63d1,100%,0,29,29,29,0,0,0
0x4e8e76,100%,0,1,1,0,0,0,1
0x547aca,100%,0,59,59,59,0,0,0
0x498589,100%,0,8,8,8,0,0,0
0x54f2c7,100%,0,69,69,0,0,0,69
0x54beba,100%,0,5827,5827,5827,0,0,0
0x617d68,100%,0,165,165,165,0,0,0
0x67e975,100%,0,9,9,9,0,0,0
0x4ab766,100%,0,994,994,994,0,0,0
0x7b1bde,100%,0,12480,12480,12480,0,0,0
0x490836,100%,0,5,5,0,0,0,5
0x486449,100%,0,8,8,0,0,0,8
0x5ea7a9,100%,0,131,131,131,0,0,0
0x5ec42d,100%,0,16,16,0,0,0,16
0x49972f,100%,0,17688,17688,0,0,0,17688
0x64d0fb,100%,0,506110,506110,506110,0,0,0
0x5ea7cd,100%,0,175,175,0,0,0,175
0x64c6a8,100%,0,9,9,0,0,0,9
0x4a70d4,100%,0,165,165,165,0,0,0
0x5ea4b1,100%,0,8,8,0,0,0,8
0x5ea6cf,100%,0,11,11,11,0,0,0
0x63918f,100%,0,1283,1283,1283,0,0,0
0x617ded,100%,0,165,165,165,0,0,0
0x5eadcb,100%,0,8,8,0,0,0,8
0x5ea509,100%,0,8,8,0,0,0,8
0x7b13a8,100%,0,5868,5868,5868,0,0,0
0x617e90,100%,0,165,165,0,0,0,165
0x499d5c,100%,0,166,166,166,0,0,0
0x7ac00a,100%,0,29,29,0,0,0,29
0x674211,100%,0,29,29,29,0,0,0
0x415e6d,100%,0,16,16,0,0,0,16
0x5d0b12,100%,0,14848,14848,14848,0,0,0
0x415d36,100%,0,16,16,16,0,0,0
0x645bff,100%,0,32,32,32,0,0,0
0x4f0e43,100%,0,20,20,20,0,0,0
0x490b64,100%,0,5,5,0,0,0,5
0x638a0b,100%,0,17413,17413,0,0,0,17413
0x618bb8,100%,0,187,187,187,0,0,0
0x7b3586,100%,0,88537,88537,0,0,0,88537
0x4a7f89,100%,0,8,8,8,0,0,0
0x5d0b9a,100%,0,14848,14848,0,0,0,14848
0x4a7d3f,100%,0,24,24,0,0,0,24
0x63a17f,100%,0,9,9,9,0,0,0
0x4a81a1,100%,0,16,16,8,0,0,8
0x5e997b,100%,0,3,3,0,0,0,3
0x68d908,100%,0,9,9,0,0,0,9
0x64d0c3,100%,0,518362,518362,0,0,0,518362
0x4a817d,100%,0,16,16,16,0,0,0
0x48cb50,100%,0,3,3,0,0,0,3
0x48e93f,100%,0,165,165,165,0,0,0
0x7bd8e5,100%,0,29,29,29,0,0,0
0x4a72a5,100%,0,165,165,165,0,0,0
0x7b3fcb,100%,0,9,9,0,0,0,9
0x5e5b69,100%,0,11701,11701,0,0,0,11701
0x5ec450,100%,0,16,16,0,0,0,16
0x649a13,100%,0,23551,23551,0,0,0,23551
0x4a83a3,100%,0,192,192,0,0,0,192
0x5ec440,100%,0,16,16,0,0,0,16
0x649f15,100%,0,15,15,0,0,0,15
0x6ec690,100%,0,33406,33406,33406,0,0,0
0x550cb7,100%,0,5896,5896,0,0,0,5896
0x48857b,100%,0,40,40,0,0,0,40
0x7b1b39,100%,0,22911,22911,22911,0,0,0
0x685b78,100%,0,16,16,0,0,0,16
0x406947,100%,0,16400,16400,0,0,0,16400
0x4aa0ab,100%,0,9,9,0,0,0,9
0x5ec167,100%,0,8,8,8,0,0,0
0x45c756,100%,0,26,26,0,0,0,26
0x5eae6d,100%,0,16,16,8,0,0,8
0x7b200e,100%,0,12480,12480,0,0,0,12480
0x7b50eb,100%,0,33407,33407,33407,0,0,0
0x5f7daf,100%,0,271,271,0,0,0,271
0x5ec15d,100%,0,188,188,0,0,0,188
0x4b5aba,100%,0,11586,11586,0,0,0,11586
0x490b70,100%,0,5,5,0,0,0,5
0x48fc32,100%,0,8,8,0,0,0,8
0x406b5a,100%,0,11211,11211,0,0,0,11211
0x5ec0c3,100%,0,20,20,20,0,0,0
0x7b1add,100%,0,35391,35391,0,0,0,35391
0x7ac054,100%,0,29,29,0,0,0,29
0x64e194,100%,0,10692,10692,0,0,0,10692
0x7b1c61,100%,0,18,18,0,0,0,18
0x4aa06f,100%,0,9,9,9,0,0,0
0x5dfb81,100%,0,54288,54288,0,0,0,54288
0x7b3666,100%,0,122,122,0,0,0,122
0x547b7c,100%,0,111,111,0,0,0,111
0x499170,100%,0,111,111,0,0,0,111
0x535be0,100%,0,52,52,52,0,0,0
0x4ebee7,100%,0,3,3,0,0,0,3
0x64c67a,100%,0,9,9,9,0,0,0
0x645b37,100%,0,32,32,32,0,0,0
0x4168e1,100%,0,16,16,16,0,0,0
0x4863fe,100%,0,8,8,0,0,0,8
0x5ea00e,100%,0,55,55,0,0,0,55
0x5a08ad,100%,0,5896,5896,5896,0,0,0
0x5dfcc2,100%,0,37,37,0,0,0,37
0x547d1c,100%,0,16,16,0,0,0,16
0x5dc81a,100%,0,54288,54288,0,0,0,54288
0x4a9aff,100%,0,9,9,0,0,0,9
0x486462,100%,0,8,8,0,0,0,8
0x7b14a7,100%,0,133,133,0,0,0,133
0x5553b7,100%,0,79,79,0,0,0,79
0x6390bc,100%,0,19406,19406,18123,0,0,1283
0x638e18,100%,0,19406,19406,0,0,0,19406
0x48c60e,100%,0,79,79,79,0,0,0
0x7b1b18,100%,0,22911,22911,0,0,0,22911
0x4926d4,100%,0,5,5,0,0,0,5
0x638e27,100%,0,19406,19406,0,0,0,19406
0x460290,100%,0,727,727,30,0,0,697
0x63a547,100%,0,9,9,0,0,0,9
0x5e6928,100%,0,79,79,0,0,0,79
0x49b3d7,100%,0,12,12,0,0,0,12
0x487aed,100%,0,69,69,69,0,0,0
0x638eb7,100%,0,2879813,2879813,0,0,0,2879813
0x5e9ef0,100%,0,55,55,0,0,0,55
0x461002,100%,0,8,8,0,0,0,8
0x7b304e,100%,0,11832,11832,0,0,0,11832
0x5e9bb1,100%,0,55,55,55,0,0,0
0x5e9b6a,100%,0,55,55,0,0,0,55
0x5e94a5,100%,0,52,52,0,0,0,52
0x7b1403,100%,0,19,19,0,0,0,19
0x45f98c,100%,0,396,396,24,0,0,372
0x48e9e1,100%,0,166,166,0,0,0,166
0x486226,100%,0,8,8,0,0,0,8
0x5a15a3,100%,0,6856,6856,0,0,0,6856
0x645e38,100%,0,32,32,0,0,0,32
0x5ea661,100%,0,16,16,0,0,0,16
0x535c33,100%,0,52,52,52,0,0,0
0x5a15af,100%,0,6856,6856,0,0,0,6856
0x5ec7bf,100%,0,857,857,857,0,0,0
0x4b5d28,100%,0,16,16,0,0,0,16
0x674e26,100%,0,29,29,0,0,0,29
0x535c0f,100%,0,52,52,52,0,0,0
0x535b9e,100%,0,111,111,0,0,0,111
0x535b69,100%,0,52,52,0,0,0,52
0x67449b,100%,0,29,29,0,0,0,29
0x538d8e,100%,0,52,52,0,0,0,52
0x63a2f8,100%,0,9,9,0,0,0,9
0x7a639a,100%,0,29,29,0,0,0,29
0x4862bd,100%,0,8,8,0,0,0,8
0x538d67,100%,0,52,52,0,0,0,52
0x63905a,100%,0,18123,18123,18123,0,0,0
0x535b30,100%,0,52,52,52,0,0,0
0x535a7f,100%,0,111,111,0,0,0,111
0x499d9d,100%,0,246,246,246,0,0,0
0x64df90,100%,0,10692,10692,10692,0,0,0
0x4b5bb0,100%,0,11586,11586,11586,0,0,0
0x60cba1,100%,0,12,12,12,0,0,0
0x5dc984,100%,0,11594,11594,0,0,0,11594
0x7b1b57,100%,0,22911,22911,0,0,0,22911
0x5e4445,100%,0,5875,5875,0,0,0,5875
0x45bc9c,100%,0,52,52,52,0,0,0
0x7b1b9f,100%,0,22911,22911,22911,0,0,0
0x7b1bb3,100%,0,9852,9852,9852,0,0,0
0x66efb6,100%,0,495,495,0,0,0,495
0x416a5b,100%,0,16,16,16,0,0,0
0x64c321,100%,0,9,9,9,0,0,0
0x7b50d7,100%,0,33407,33407,0,0,0,33407
0x48cba9,100%,0,3,3,0,0,0,3
0x5a0893,100%,0,5896,5896,0,0,0,5896
0x415880,100%,0,16,16,16,0,0,0
0x499703,100%,0,17718,17718,0,0,0,17718
0x406c5a,100%,0,32481,32481,32481,0,0,0
0x638783,100%,0,11605,11605,0,0,0,11605
0x4068b4,100%,0,16400,16400,16400,0,0,0
0x4ad6e3,100%,0,124,124,124,0,0,0
0x7b4247,100%,0,6980,6980,0,0,0,6980
0x60ccf7,100%,0,12,12,0,0,0,12
0x7b1ac9,100%,0,35391,35391,0,0,0,35391
0x406d07,100%,0,480,480,480,0,0,0
0x45ba72,100%,0,8,8,0,0,0,8
0x4607d6,100%,0,8,8,0,0,0,8
0x7b1ae5,100%,0,35391,35391,0,0,0,35391
0x64cee9,100%,0,433,433,433,0,0,0
0x4a780b,100%,0,170,170,170,0,0,0
0x4ad6be,100%,0,335,335,0,0,0,335
0x7b5113,100%,0,33407,33407,0,0,0,33407
0x674200,100%,0,29,29,0,0,0,29
0x4f0d45,100%,0,20,20,0,0,0,20
0x7b1c6b,100%,0,18,18,0,0,0,18
0x644662,100%,0,23202,23202,0,0,0,23202
0x674e0b,100%,0,29,29,0,0,0,29
0x649edc,100%,0,6755,6755,0,0,0,6755
0x60c53f,100%,0,12,12,12,0,0,0
0x548de7,100%,0,12,12,12,0,0,0
0x7b3489,100%,0,7048,7048,0,0,0,7048
0x48fc1b,100%,0,8,8,0,0,0,8
0x487836,100%,0,69,69,0,0,0,69
0x617aa0,100%,0,518,518,518,0,0,0
0x7b1ba9,100%,0,22911,22911,0,0,0,22911
0x5ea748,100%,0,16,16,0,0,0,16
0x64999d,100%,0,9,9,0,0,0,9
0x4a97a9,100%,0,12,12,0,0,0,12
0x490d0b,100%,0,5,5,0,0,0,5
0x7b22a6,100%,0,38,38,0,0,0,38
0x674251,100%,0,29,29,0,0,0,29
0x45bd9e,100%,0,100,100,0,0,0,100
0x45bd76,100%,0,100,100,0,0,0,100
0x45f8cc,100%,0,24,24,0,0,0,24
0x5f7ba8,100%,0,255,255,255,0,0,0
0x66efbf,100%,0,495,495,495,0,0,0
0x5e9f0e,100%,0,55,55,55,0,0,0
0x7b1b07,100%,0,22911,22911,0,0,0,22911
0x7b1cbd,100%,0,10625,10625,0,0,0,10625
0x66f364,100%,0,495,495,495,0,0,0
0x64599f,100%,0,32,32,0,0,0,32
0x4aa0c8,100%,0,9,9,9,0,0,0
0x4adb1a,100%,0,166,166,0,0,0,166
0x7b375f,100%,0,8080,8080,0,0,0,8080
0x538dce,100%,0,52,52,0,0,0,52
0x68e8ab,100%,0,29,29,0,0,0,29
0x61809e,100%,0,16,16,0,0,0,16
0x60cbd3,100%,0,12,12,12,0,0,0
0x4069c3,100%,0,39767,39767,0,0,0,39767
0x5e9f09,100%,0,55,55,0,0,0,55
0x4eaac1,100%,0,1,1,0,0,0,1
0x7b1bd2,100%,0,12480,12480,0,0,0,12480
0x406dbc,100%,0,480,480,0,0,0,480
0x68d7c2,100%,0,9,9,0,0,0,9
0x4a73d4,100%,0,166,166,41,0,0,125
0x4e8d9c,100%,0,1,1,0,0,0,1
0x4a9722,100%,0,12,12,12,0,0,0
0x676e48,100%,0,8,8,8,0,0,0
0x4a73f0,100%,0,125,125,125,0,0,0
0x48ea59,100%,0,8,8,0,0,0,8
0x426fb7,100%,0,358,358,0,0,0,358
0x5ec259,100%,0,168,168,0,0,0,168
0x4a7439,100%,0,136,136,136,0,0,0
0x460eec,100%,0,8,8,0,0,0,8
0x5d9194,100%,0,22,22,0,0,0,22
0x4a7481,100%,0,136,136,136,0,0,0
0x4b5aec,100%,0,11586,11586,0,0,0,11586
0x4ab7a0,100%,0,301,301,0,0,0,301
0x5ea61b,100%,0,175,175,0,0,0,175
0x4a76ed,100%,0,36,36,0,0,0,36
0x48ea37,100%,0,8,8,0,0,0,8
0x7b30b4,100%,0,159,159,0,0,0,159
0x48c642,100%,0,79,79,79,0,0,0
0x68421c,100%,0,12,12,12,0,0,0
0x490d1a,100%,0,5,5,0,0,0,5
0x487b4d,100%,0,69,69,8,0,0,61
0x674260,100%,0,29,29,29,0,0,0
0x6842fc,100%,0,12,12,12,0,0,0
0x5d0b51,100%,0,14848,14848,14848,0,0,0
0x5ec091,100%,0,230,230,0,0,0,230
0x684310,100%,0,12,12,0,0,0,12
0x645e17,100%,0,32,32,0,0,0,32
0x49b0c8,100%,0,20,20,0,0,0,20
0x7b31c9,100%,0,21455,21455,0,0,0,21455
0x5ea640,100%,0,175,175,0,0,0,175
0x6180c1,100%,0,16,16,16,0,0,0
0x68435e,100%,0,12,12,12,0,0,0
0x49853e,100%,0,7062,7062,0,0,0,7062
0x406a10,100%,0,5377,5377,0,0,0,5377
0x6390e3,100%,0,1283,1283,1283,0,0,0
0x49b248,100%,0,20,20,0,0,0,20
0x415f02,100%,0,16,16,0,0,0,16
0x499e34,100%,0,246,246,110,0,0,136
0x7b1f40,100%,0,12480,12480,12480,0,0,0
0x6f7b15,100%,0,29,29,0,0,0,29
0x499e3f,100%,0,136,136,136,0,0,0
0x45fa14,100%,0,40,40,0,0,0,40
0x6180b1,100%,0,16,16,0,0,0,16
0x54aeb9,100%,0,86,86,86,0,0,0
0x45f8c6,100%,0,24,24,0,0,0,24
0x6841fb,100%,0,12,12,12,0,0,0
0x4a8159,100%,0,16,16,16,0,0,0
0x60c147,100%,0,9,9,0,0,0,9
0x5e34c3,100%,0,5795,5795,0,0,0,5795
0x48611e,100%,0,11594,11594,0,0,0,11594
0x48c4d2,100%,0,10,10,0,0,0,10
0x676e97,100%,0,8,8,0,0,0,8
0x45c8ae,100%,0,52,52,0,0,0,52
0x406e27,100%,0,32548,32548,0,0,0,32548
0x4ad764,100%,0,71,71,71,0,0,0
0x63a533,100%,0,9,9,9,0,0,0
0x406cbf,100%,0,32481,32481,0,0,0,32481
0x4a72d7,100%,0,165,165,165,0,0,0
0x60c63b,100%,0,12,12,0,0,0,12
0x499247,100%,0,52,52,52,0,0,0
0x48e926,100%,0,165,165,0,0,0,165
0x5e4cb3,100%,0,8,8,0,0,0,8
0x4a7500,100%,0,54,54,0,0,0,54
0x61824e,100%,0,16,16,0,0,0,16
0x617d55,100%,0,165,165,0,0,0,165
0x5ea4f2,100%,0,8,8,8,0,0,0
0x649e8a,100%,0,18575,18575,18575,0,0,0
0x618022,100%,0,16,16,16,0,0,0
0x489103,100%,0,11622,11622,5795,0,0,5827
0x649e85,100%,0,18575,18575,0,0,0,18575
0x649e7c,100%,0,18575,18575,0,0,0,18575
0x4ad741,100%,0,71,71,0,0,0,71
0x68d7fc,100%,0,9,9,0,0,0,9
0x7abff6,100%,0,29,29,0,0,0,29
0x7b37dc,100%,0,7951,7951,0,0,0,7951
0x66f6d3,100%,0,165,165,165,0,0,0
0x4a7cf8,100%,0,8,8,0,0,0,8
0x7b14b1,100%,0,133,133,0,0,0,133
0x4a74b9,100%,0,166,166,166,0,0,0
0x554c67,100%,0,79,79,0,0,0,79
0x5359e3,100%,0,111,111,111,0,0,0
0x490d35,100%,0,15,15,0,0,0,15
0x5e92b0,100%,0,43,43,0,0,0,43
0x5e4f85,100%,0,5,5,0,0,0,5
0x7d2242,100%,0,419,419,419,0,0,0
0x4a8c77,100%,0,165,165,0,0,0,165
0x4e161a,100%,0,165,165,165,0,0,0
0x4e160b,100%,0,165,165,0,0,0,165
0x4ea7d8,100%,0,1,1,0,0,0,1
0x66f449,100%,0,165,165,165,0,0,0
0x48caad,100%,0,3,3,0,0,0,3
0x66f35b,100%,0,495,495,0,0,0,495
0x66f346,100%,0,825,825,330,0,0,495
0x618265,100%,0,16,16,0,0,0,16
0x7b511c,100%,0,33407,33407,33407,0,0,0
0x48620e,100%,0,8,8,0,0,0,8
0x683fb3,100%,0,12,12,12,0,0,0
0x66efb1,100%,0,495,495,0,0,0,495
0x4e157f,100%,0,165,165,165,0,0,0
0x45f94b,100%,0,24,24,0,0,0,24
0x490b3b,100%,0,5,5,0,0,0,5
0x64a7a7,100%,0,569018,569018,569018,0,0,0
0x4a74d1,100%,0,125,125,0,0,0,125
0x676e3c,100%,0,8,8,0,0,0,8
0x48612d,100%,0,11594,11594,0,0,0,11594
0x6f7b35,100%,0,29,29,29,0,0,0
0x7b5753,100%,0,35391,35391,0,0,0,35391
0x499c0c,100%,0,165,165,165,0,0,0
0x5e9589,100%,0,52,52,0,0,0,52
0x7a63c3,100%,0,29,29,0,0,0,29
0x7b3687,100%,0,122,122,0,0,0,122
0x618a47,100%,0,166,166,166,0,0,0
0x48c5e4,100%,0,79,79,79,0,0,0
0x7a640e,100%,0,29,29,29,0,0,0
0x7ac029,100%,0,29,29,0,0,0,29
0x5a12b9,100%,0,52339,52339,0,0,0,52339
0x7bd917,100%,0,29,29,0,0,0,29
0x7d2238,100%,0,419,419,0,0,0,419
0x5ea620,100%,0,175,175,175,0,0,0
0x460fb1,100%,0,8,8,0,0,0,8
0x4a6f71,100%,0,165,165,0,0,0,165
0x7bd91e,100%,0,29,29,0,0,0,29
0x4e849a,100%,0,4,4,0,0,0,4
0x4a70ab,100%,0,16,16,0,0,0,16
0x60cdbc,100%,0,12,12,0,0,0,12
0x7bd948,100%,0,232,232,0,0,0,232
0x4a71dd,100%,0,112,112,0,0,0,112
0x60c90f,100%,0,12,12,0,0,0,12
0x7bd983,100%,0,29,29,0,0,0,29
0x7b17c8,100%,0,59,59,0,0,0,59
0x487902,100%,0,52,52,0,0,0,52
0x5ea102,100%,0,175,175,0,0,0,175
0x7a641a,100%,0,29,29,0,0,0,29
0x60ce29,100%,0,12,12,12,0,0,0
0x538d7c,100%,0,52,52,0,0,0,52
0x4a7590,100%,0,170,170,170,0,0,0
0x4eab1d,100%,0,1,1,0,0,0,1
0x7a6428,100%,0,29,29,29,0,0,0
0x4a745d,100%,0,136,136,136,0,0,0
0x683ed3,100%,0,12,12,0,0,0,12
0x4a8133,100%,0,16,16,16,0,0,0
0x4a80c7,100%,0,16,16,16,0,0,0
0x5d78e7,100%,0,37,37,37,0,0,0
0x5ec40e,100%,0,16,16,0,0,0,16
0x4607be,100%,0,8,8,0,0,0,8
0x6744ad,100%,0,29,29,0,0,0,29
0x638d8b,100%,0,1283,1283,1283,0,0,0
0x4a8361,100%,0,192,192,192,0,0,0
0x4a8094,100%,0,16,16,16,0,0,0
0x674e7d,100%,0,29,29,0,0,0,29
0x4867ed,100%,0,28984,28984,28984,0,0,0
0x4a704a,100%,0,165,165,165,0,0,0
0x6f7777,100%,0,29,29,29,0,0,0
0x639105,100%,0,1283,1283,1283,0,0,0
0x4b598a,100%,0,11595,11595,0,0,0,11595
0x45f936,100%,0,24,24,24,0,0,0
0x4a7026,100%,0,165,165,165,0,0,0
0x6f7794,100%,0,29,29,0,0,0,29
0x7b3043,100%,0,11832,11832,0,0,0,11832
0x48e8f8,100%,0,165,165,0,0,0,165
0x7b4231,100%,0,6980,6980,0,0,0,6980
0x461066,100%,0,8,8,0,0,0,8
0x4a6f79,100%,0,165,165,165,0,0,0
0x64d13f,100%,0,12252,12252,0,0,0,12252
0x4b5f43,100%,0,8,8,0,0,0,8
0x415e9b,100%,0,16,16,16,0,0,0
0x415e1a,100%,0,16,16,16,0,0,0
0x7a63ad,100%,0,29,29,0,0,0,29
0x63a0e8,100%,0,9,9,0,0,0,9
0x7b1b84,100%,0,9852,9852,9852,0,0,0
0x64e241,100%,0,10692,10692,10692,0,0,0
0x49857b,100%,0,8,8,0,0,0,8
0x4a80c3,100%,0,16,16,0,0,0,16
0x46030f,100%,0,4,4,0,0,0,4
0x60cd87,100%,0,12,12,0,0,0,12
0x60cda8,100%,0,12,12,0,0,0,12
0x41576e,100%,0,16,16,0,0,0,16
0x41575f,100%,0,16,16,0,0,0,16
0x60cdcc,100%,0,12,12,12,0,0,0
0x48eaac,100%,0,8,8,0,0,0,8
0x7b34bb,100%,0,104,104,0,0,0,104
0x60c223,100%,0,12,12,12,0,0,0
0x60cf2a,100%,0,12,12,12,0,0,0
0x64d1e7,100%,0,12252,12252,0,0,0,12252
0x60cf3e,100%,0,12,12,0,0,0,12
0x549332,100%,0,12,12,0,0,0,12
0x41573c,100%,0,16,16,0,0,0,16
0x488a28,100%,0,8,8,0,0,0,8
0x6743d1,100%,0,29,29,0,0,0,29
0x54958d,100%,0,12,12,12,0,0,0
0x6840d7,100%,0,12,12,0,0,0,12
0x684167,100%,0,12,12,0,0,0,12
0x416a55,100%,0,16,16,0,0,0,16
0x63a1b1,100%,0,9,9,9,0,0,0
0x5eade0,100%,0,8,8,0,0,0,8
0x7b1c40,100%,0,12480,12480,0,0,0,12480
0x416a4b,100%,0,16,16,0,0,0,16
0x7a63e4,100%,0,29,29,0,0,0,29
0x684198,100%,0,12,12,0,0,0,12
0x4878b6,100%,0,69,69,0,0,0,69
0x5eae5a,100%,0,16,16,8,0,0,8
0x7a64af,100%,0,29,29,29,0,0,0
0x7a6433,100%,0,29,29,29,0,0,0
0x48630e,100%,0,8,8,0,0,0,8
0x46029b,100%,0,697,697,0,0,0,697
0x618987,100%,0,166,166,166,0,0,0
0x4a75ae,100%,0,170,170,170,0,0,0
0x4862f7,100%,0,8,8,0,0,0,8
0x4a6f1e,100%,0,165,165,165,0,0,0
0x7b35c4,100%,0,19,19,0,0,0,19
0x4a86b7,100%,0,800,800,0,0,0,800
0x617dd2,100%,0,165,165,0,0,0,165
0x48eadd,100%,0,8,8,0,0,0,8
0x48eabb,100%,0,8,8,0,0,0,8
0x7b5137,100%,0,33407,33407,0,0,0,33407
0x64e2fb,100%,0,334,334,334,0,0,0
0x54cd75,100%,0,12,12,0,0,0,12
0x54cd88,100%,0,12,12,0,0,0,12
0x54ab39,100%,0,16,16,16,0,0,0
0x54ce37,100%,0,12,12,0,0,0,12
0x54ce47,100%,0,12,12,0,0,0,12
0x489340,100%,0,5807,5807,0,0,0,5807
0x549414,100%,0,12,12,12,0,0,0
0x54ce66,100%,0,12,12,0,0,0,12
0x644b07,100%,0,23202,23202,0,0,0,23202
0x45f8dd,100%,0,24,24,0,0,0,24
0x549907,100%,0,4,4,0,0,0,4
0x5a09b4,100%,0,11622,11622,0,0,0,11622
0x4868e4,100%,0,8,8,0,0,0,8
0x7b307d,100%,0,32390,32390,0,0,0,32390
0x5dca54,100%,0,5807,5807,0,0,0,5807
0x5a0d2c,100%,0,5827,5827,5827,0,0,0
0x5a1357,100%,0,23284,23284,23264,0,0,20
0x5a13c7,100%,0,34874,34874,34874,0,0,0
0x5a138c,100%,0,23212,23212,11590,0,0,11622
0x5a13b1,100%,0,11622,11622,11622,0,0,0
0x5a1560,100%,0,11622,11622,0,0,0,11622
0x4867b8,100%,0,28984,28984,28984,0,0,0
0x49568f,100%,0,11622,11622,11622,0,0,0
0x499b26,100%,0,28,28,0,0,0,28
0x5a0d13,100%,0,5827,5827,0,0,0,5827
0x548e2e,100%,0,12,12,12,0,0,0
0x4ea7af,100%,0,1,1,0,0,0,1
0x49b1bf,100%,0,12,12,0,0,0,12
0x683cc2,100%,0,12,12,0,0,0,12
0x683ccb,100%,0,12,12,0,0,0,12
0x4e8a43,100%,0,1,1,0,0,0,1
0x683cff,100%,0,12,12,0,0,0,12
0x683eb8,100%,0,12,12,0,0,0,12
0x683f81,100%,0,12,12,12,0,0,0
0x49c6e6,100%,0,11622,11622,11622,0,0,0
0x5e32d6,100%,0,37,37,37,0,0,0
0x49c479,100%,0,11622,11622,0,0,0,11622
0x5dcad4,100%,0,5807,5807,5807,0,0,0
0x550af9,100%,0,23244,23244,11622,0,0,11622
0x550b32,100%,0,11622,11622,5827,0,0,5795
0x7b3069,100%,0,11832,11832,11832,0,0,0
0x644b38,100%,0,23202,23202,0,0,0,23202
0x4b5efa,100%,0,8,8,8,0,0,0
0x550be0,100%,0,11622,11622,5827,0,0,5795
0x54bf93,100%,0,12,12,12,0,0,0
0x5a0b54,100%,0,5827,5827,0,0,0,5827
0x5a09ea,100%,0,11622,11622,0,0,0,11622
0x5a0a04,100%,0,11622,11622,11622,0,0,0
0x4e8302,100%,0,3,3,0,0,0,3
0x4b59da,100%,0,5798,5798,0,0,0,5798
0x490cd1,100%,0,5,5,0,0,0,5
0x548671,100%,0,5827,5827,0,0,0,5827
0x548680,100%,0,5827,5827,0,0,0,5827
0x644827,100%,0,23202,23202,23202,0,0,0
0x489368,100%,0,11602,11602,5795,0,0,5807
0x4dbf47,100%,0,1,1,0,0,0,1
0x5e3945,100%,0,5807,5807,0,0,0,5807
0x5d8f59,100%,0,24,24,24,0,0,0
0x45c7a8,100%,0,50,50,0,0,0,50
0x45c886,100%,0,52,52,0,0,0,52
0x45c899,100%,0,52,52,0,0,0,52
0x5dad2c,100%,0,11602,11602,11602,0,0,0
0x644670,100%,0,23202,23202,23202,0,0,0
0x49b0fb,100%,0,20,20,20,0,0,0
0x644858,100%,0,23202,23202,0,0,0,23202
0x644873,100%,0,23202,23202,0,0,0,23202
0x645fc7,100%,0,32,32,0,0,0,32
0x644953,100%,0,23202,23202,23202,0,0,0
0x5dca65,100%,0,5807,5807,0,0,0,5807
0x5dca69,100%,0,5807,5807,5807,0,0,0
0x5dcaa9,100%,0,5807,5807,5807,0,0,0
0x4909ae,100%,0,5,5,0,0,0,5
0x7b2fe5,100%,0,12337,12337,0,0,0,12337
0x4f0d69,100%,0,20,20,0,0,0,20
0x4f0d71,100%,0,20,20,20,0,0,0
0x4f0dd9,100%,0,20,20,0,0,0,20
0x4a967e,100%,0,12,12,12,0,0,0
0x4a968d,100%,0,12,12,12,0,0,0
0x4a96ea,100%,0,12,12,12,0,0,0
0x4aa167,100%,0,12,12,0,0,0,12
0x5a1462,100%,0,29023,29023,0,0,0,29023
0x7b2fd7,100%,0,12337,12337,12337,0,0,0
0x4e8267,100%,0,1,1,0,0,0,1
0x638a3f,100%,0,17413,17413,0,0,0,17413
0x7b35dd,100%,0,12337,12337,12337,0,0,0
0x5a1486,100%,0,20,20,20,0,0,0
0x5ec71d,100%,0,60,60,36,0,0,24
0x644a77,100%,0,23202,23202,0,0,0,23202
0x638a02,100%,0,17413,17413,0,0,0,17413
0x5ec72f,100%,0,24,24,0,0,0,24
0x48854a,100%,0,8,8,0,0,0,8
0x495745,100%,0,11642,11642,11642,0,0,0
0x460f97,100%,0,8,8,0,0,0,8
0x645c31,100%,0,32,32,32,0,0,0
0x460fa6,100%,0,8,8,0,0,0,8
0x461187,100%,0,8,8,0,0,0,8
0x4b5a8f,100%,0,11586,11586,0,0,0,11586
0x5e9983,100%,0,3,3,0,0,0,3
0x5e9993,100%,0,3,3,0,0,0,3
0x5e99d1,100%,0,3,3,0,0,0,3
0x4b59c0,100%,0,5798,5798,0,0,0,5798
0x460f60,100%,0,8,8,0,0,0,8
0x63a302,100%,0,9,9,0,0,0,9
0x5e4d25,100%,0,8,8,0,0,0,8
0x48621d,100%,0,8,8,0,0,0,8
0x48851b,100%,0,8,8,0,0,0,8
0x5e4bc2,100%,0,8,8,0,0,0,8
0x4861d6,100%,0,8,8,0,0,0,8
0x48629e,100%,0,8,8,0,0,0,8
0x4862b0,100%,0,8,8,0,0,0,8
0x486767,100%,0,8,8,0,0,0,8
0x4868d9,100%,0,16,16,8,0,0,8
0x4868ea,100%,0,8,8,0,0,0,8
0x639c5c,100%,0,9,9,9,0,0,0
0x460799,100%,0,8,8,0,0,0,8
0x683f4f,100%,0,12,12,12,0,0,0
0x486678,100%,0,8,8,0,0,0,8
0x4866bb,100%,0,8,8,0,0,0,8
0x4866c7,100%,0,8,8,0,0,0,8
0x4866f1,100%,0,8,8,0,0,0,8
0x462151,100%,0,8,8,0,0,0,8
0x486192,100%,0,5803,5803,0,0,0,5803
0x4607ad,100%,0,8,8,0,0,0,8
0x5dfef9,100%,0,11602,11602,0,0,0,11602
0x4607ec,100%,0,8,8,0,0,0,8
0x460801,100%,0,8,8,0,0,0,8
0x460efb,100%,0,8,8,8,0,0,0
0x460f26,100%,0,8,8,0,0,0,8
0x460f35,100%,0,8,8,8,0,0,0
0x54f8e2,100%,0,5827,5827,0,0,0,5827
0x49921f,100%,0,59,59,0,0,0,59
0x61a4af,100%,0,59,59,59,0,0,0
0x61a50a,100%,0,59,59,0,0,0,59
0x61a6bf,100%,0,59,59,59,0,0,0
0x7b1920,100%,0,19,19,0,0,0,19
0x61a6fe,100%,0,59,59,0,0,0,59
0x538e0b,100%,0,8,8,8,0,0,0
0x48914c,100%,0,5827,5827,0,0,0,5827
0x54f86c,100%,0,5827,5827,5827,0,0,0
0x4991e4,100%,0,59,59,0,0,0,59
0x54f8e9,100%,0,5827,5827,5827,0,0,0
0x5a1349,100%,0,11642,11642,0,0,0,11642
0x54f8fe,100%,0,5827,5827,0,0,0,5827
0x54f93e,100%,0,5827,5827,0,0,0,5827
0x49c405,100%,0,11622,11622,0,0,0,11622
0x5dca60,100%,0,5807,5807,0,0,0,5807
0x5e2b85,100%,0,69695,69695,0,0,0,69695
0x5e002f,100%,0,37,37,0,0,0,37
0x48fc26,100%,0,8,8,0,0,0,8
0x48630c,100%,0,8,8,0,0,0,8
0x5e4b26,100%,0,8,8,0,0,0,8
0x48617d,100%,0,5803,5803,0,0,0,5803
0x486186,100%,0,5803,5803,0,0,0,5803
0x495678,100%,0,11642,11642,20,0,0,11622
0x486136,100%,0,11594,11594,0,0,0,11594
0x486142,100%,0,11594,11594,0,0,0,11594
0x48fbf2,100%,0,8,8,0,0,0,8
0x48fc0c,100%,0,8,8,0,0,0,8
0x5dcaca,100%,0,5807,5807,0,0,0,5807
0x485fde,100%,0,8,8,0,0,0,8
0x485ff9,100%,0,8,8,0,0,0,8
0x460a9c,100%,0,3,3,0,0,0,3
0x644b9b,100%,0,23202,23202,23202,0,0,0
0x488087,100%,0,8,8,0,0,0,8
0x460ac2,100%,0,3,3,0,0,0,3
0x48fae3,100%,0,8,8,0,0,0,8
0x48faf9,100%,0,8,8,0,0,0,8
0x4b5db5,100%,0,16,16,16,0,0,0
0x4ecffe,100%,0,1,1,0,0,0,1
0x4e91c8,100%,0,2,2,0,0,0,2
0x4e9141,100%,0,3,3,0,0,0,3
0x5498f7,100%,0,4,4,0,0,0,4
0x46031f,100%,0,4,4,0,0,0,4
0x4eab6d,100%,0,1,1,0,0,0,1
0x4ea7f6,100%,0,1,1,0,0,0,1
0x4eaaec,100%,0,1,1,0,0,0,1
0x4eab14,100%,0,1,1,0,0,0,1
0x4b5ee9,100%,0,8,8,0,0,0,8
0x5e3316,100%,0,32,32,0,0,0,32
0x64596b,100%,0,32,32,0,0,0,32
0x645b68,100%,0,32,32,0,0,0,32
0x645b84,100%,0,32,32,0,0,0,32
0x645c63,100%,0,32,32,32,0,0,0
0x487fd0,100%,0,8,8,0,0,0,8
0x4b5cce,100%,0,16,16,0,0,0,16
0x4b5ce0,100%,0,16,16,0,0,0,16
0x48cb35,100%,0,3,3,0,0,0,3
0x4947ca,100%,0,7,7,0,0,0,7
0x490a2d,100%,0,15,15,0,0,0,15
0x7b406e,100%,0,97,97,0,0,0,97
0x649f4f,100%,0,15,15,0,0,0,15
0x490a62,100%,0,10,10,0,0,0,10
0x490b08,100%,0,5,5,0,0,0,5
0x48c99c,100%,0,3,3,0,0,0,3
0x48cabc,100%,0,3,3,0,0,0,3
0x48caf0,100%,0,3,3,0,0,0,3
0x45f8ee,100%,0,24,24,0,0,0,24
0x48cbb8,100%,0,3,3,0,0,0,3
0x48da77,100%,0,3,3,0,0,0,3
0x4e8290,100%,0,1,1,1,0,0,0
0x4e8a1e,100%,0,1,1,0,0,0,1
0x4ed01a,100%,0,1,1,0,0,0,1
0x4e8a5e,100%,0,1,1,0,0,0,1
0x4e8b1e,100%,0,1,1,0,0,0,1
0x4ea6b9,100%,0,2,2,0,0,0,2
0x4aad28,100%,0,8,8,8,0,0,0
0x40682d,100%,0,8,8,8,0,0,0
0x40683f,100%,0,8,8,0,0,0,8
0x488047,100%,0,8,8,8,0,0,0
0x48855b,100%,0,8,8,0,0,0,8
0x48858c,100%,0,8,8,8,0,0,0
0x488856,100%,0,8,8,8,0,0,0
0x54ad3f,100%,0,8,8,8,0,0,0
0x4888e0,100%,0,8,8,8,0,0,0
0x6441fe,100%,0,8,8,0,0,0,8
0x4067d0,100%,0,8,8,8,0,0,0
0x49865b,100%,0,8,8,0,0,0,8
0x4a83af,100%,0,192,192,192,0,0,0
0x7b22bb,100%,0,38,38,0,0,0,38
0x7b3fe4,100%,0,9,9,9,0,0,0
0x7b3670,100%,0,122,122,0,0,0,122
0x7b4079,100%,0,97,97,0,0,0,97
0x7b36ae,100%,0,113,113,0,0,0,113
0x7b13f9,100%,0,19,19,0,0,0,19
0x645fb3,100%,0,32,32,32,0,0,0
0x45f942,100%,0,24,24,0,0,0,24
0x45f9a8,100%,0,396,396,0,0,0,396
0x4b5cf0,100%,0,16,16,16,0,0,0
0x4b5d71,100%,0,16,16,0,0,0,16
0x7b405f,100%,0,97,97,0,0,0,97
0x645d87,100%,0,32,32,0,0,0,32
0x645e49,100%,0,32,32,0,0,0,32
0x645eb2,100%,0,32,32,32,0,0,0
0x645ed3,100%,0,32,32,32,0,0,0
0x494704,100%,0,7,7,0,0,0,7
0x4b5ed9,100%,0,8,8,0,0,0,8
0x4b5f82,100%,0,8,8,8,0,0,0
0x54abaa,100%,0,16,16,0,0,0,16
0x676dca,100%,0,8,8,0,0,0,8
0x676dfb,100%,0,40,40,0,0,0,40
0x676e0a,100%,0,8,8,0,0,0,8
0x676ebf,100%,0,24,24,24,0,0,0
0x487fb6,100%,0,8,8,0,0,0,8
0x4b5a9c,100%,0,11586,11586,0,0,0,11586
0x486804,100%,0,28984,28984,28984,0,0,0
0x4b59cf,100%,0,5798,5798,0,0,0,5798
0x490cc6,100%,0,5,5,0,0,0,5
0x4b59e6,100%,0,5798,5798,0,0,0,5798
0x490cdd,100%,0,5,5,0,0,0,5
0x645d78,100%,0,32,32,0,0,0,32
0x4b5a19,100%,0,11586,11586,0,0,0,11586
0x4b5a47,100%,0,11586,11586,0,0,0,11586
0x4b5a80,100%,0,11586,11586,0,0,0,11586
0x4867d1,100%,0,28984,28984,28984,0,0,0
0x4b5ae6,100%,0,11586,11586,11586,0,0,0
0x4b5b21,100%,0,11586,11586,0,0,0,11586
0x4b5b47,100%,0,11586,11586,0,0,0,11586
0x638a10,100%,0,17413,17413,17413,0,0,0
0x638bd7,100%,0,17413,17413,17413,0,0,0
0x638c08,100%,0,17413,17413,0,0,0,17413
0x638c24,100%,0,17413,17413,0,0,0,17413
0x638c9f,100%,0,17413,17413,17413,0,0,0
0x644cfe,100%,0,23202,23202,23202,0,0,0
0x5dcacf,100%,0,5807,5807,0,0,0,5807
0x485f7e,100%,0,5807,5807,0,0,0,5807
0x485f8d,100%,0,5807,5807,5807,0,0,0
0x644a68,100%,0,23202,23202,0,0,0,23202
0x644b1b,100%,0,23202,23202,0,0,0,23202
0x644b28,100%,0,23202,23202,0,0,0,23202
0x644b48,100%,0,23202,23202,23202,0,0,0
0x644bbc,100%,0,23202,23202,23202,0,0,0
0x644cb0,100%,0,23202,23202,0,0,0,23202
0x5d8fef,100%,0,9,9,9,0,0,0
0x4893e3,100%,0,5807,5807,5807,0,0,0
0x48943f,100%,0,5795,5795,5795,0,0,0
0x5e2d99,100%,0,5795,5795,5795,0,0,0
0x5d8f0f,100%,0,22,22,0,0,0,22
0x45c76e,100%,0,26,26,0,0,0,26
0x406db2,100%,0,480,480,0,0,0,480
0x7d2251,100%,0,6275,6275,0,0,0,6275
0x4867a6,100%,0,28984,28984,0,0,0,28984
0x63a432,100%,0,9,9,9,0,0,0
0x639ee2,100%,0,9,9,0,0,0,9
0x639ef0,100%,0,9,9,9,0,0,0
0x639f1f,100%,0,9,9,0,0,0,9
0x63a0b7,100%,0,9,9,9,0,0,0
0x406865,100%,0,8,8,8,0,0,0
0x63a1e3,100%,0,9,9,9,0,0,0
0x4a9aef,100%,0,9,9,9,0,0,0
0x63a307,100%,0,9,9,0,0,0,9
0x63a397,100%,0,9,9,0,0,0,9
0x64e27c,100%,0,334,334,0,0,0,334
0x63a453,100%,0,9,9,9,0,0,0
0x4e8bdd,100%,0,2,2,0,0,0,2
0x63a595,100%,0,9,9,9,0,0,0
0x45fc47,100%,0,15,15,0,0,0,15
0x4a740d,100%,0,41,41,41,0,0,0
0x49082d,100%,0,5,5,0,0,0,5
0x4908de,100%,0,15,15,0,0,0,15
0x490913,100%,0,5,5,5,0,0,0
0x639eeb,100%,0,9,9,0,0,0,9
0x4b128e,100%,0,5803,5803,5803,0,0,0
0x550458,100%,0,5795,5795,0,0,0,5795
0x5505c3,100%,0,5795,5795,0,0,0,5795
0x5505fe,100%,0,5795,5795,5795,0,0,0
0x550731,100%,0,5795,5795,5795,0,0,0
0x550a17,100%,0,5795,5795,0,0,0,5795
0x550be5,100%,0,5795,5795,0,0,0,5795
0x550c10,100%,0,5795,5795,0,0,0,5795
0x638797,100%,0,11605,11605,0,0,0,11605
0x48650f,100%,0,8,8,0,0,0,8
0x638d0c,100%,0,1283,1283,0,0,0,1283
0x6390d3,100%,0,1283,1283,0,0,0,1283
0x639261,100%,0,1283,1283,1283,0,0,0
0x406ab1,100%,0,5377,5377,0,0,0,5377
0x64e147,100%,0,10692,10692,10692,0,0,0
0x64e178,100%,0,10692,10692,0,0,0,10692
0x64e20f,100%,0,10692,10692,10692,0,0,0
0x48852e,100%,0,8,8,0,0,0,8
0x499287,100%,0,59,59,0,0,0,59
0x7b1c13,100%,0,12480,12480,0,0,0,12480
0x5e2d65,100%,0,23202,23202,0,0,0,23202
0x5e0a67,100%,0,11602,11602,0,0,0,11602
0x7b4240,100%,0,6980,6980,0,0,0,6980
0x5a0ff5,100%,0,52339,52339,52319,0,0,20
0x460f6f,100%,0,8,8,8,0,0,0
0x486822,100%,0,28984,28984,0,0,0,28984
0x638fb2,100%,0,1505,1505,0,0,0,1505
0x4e82e6,100%,0,1,1,0,0,0,1
0x6840c8,100%,0,12,12,0,0,0,12
0x64e322,100%,0,334,334,0,0,0,334
0x5a0da9,100%,0,32,32,32,0,0,0
0x5d788b,100%,0,37,37,0,0,0,37
0x638db2,100%,0,1283,1283,0,0,0,1283
0x54ab9b,100%,0,16,16,0,0,0,16
0x64d11c,100%,0,12252,12252,12252,0,0,0
0x60cad8,100%,0,12,12,0,0,0,12
0x63a3d9,100%,0,9,9,9,0,0,0
0x4918f6,100%,0,5,5,0,0,0,5
0x68842d,100%,0,9,9,0,0,0,9
0x60ce4a,100%,0,12,12,12,0,0,0
0x7b141a,100%,0,19,19,19,0,0,0
0x4996e0,100%,0,17579,17579,0,0,0,17579
0x535cd1,100%,0,59,59,59,0,0,0
0x64ccae,100%,0,6302,6302,0,0,0,6302
0x4a81d4,100%,0,16,16,16,0,0,0
0x48809c,100%,0,8,8,8,0,0,0
0x7b201a,100%,0,12480,12480,0,0,0,12480
0x4e1639,100%,0,165,165,0,0,0,165
0x7b25f3,100%,0,12480,12480,12480,0,0,0
0x5ec234,100%,0,8,8,8,0,0,0
0x4a75dd,100%,0,170,170,0,0,0,170
0x460a73,100%,0,3,3,0,0,0,3
0x54a4c8,100%,0,59,59,59,0,0,0
0x7b14d6,100%,0,10564,10564,0,0,0,10564
0x66f764,100%,0,166,166,166,0,0,0
0x4a97ec,100%,0,9,9,0,0,0,9
0x64cc64,100%,0,5555670,5555670,0,0,0,5555670
0x7b3755,100%,0,8080,8080,0,0,0,8080
0x6391af,100%,0,1283,1283,1283,0,0,0
0x63906e,100%,0,19406,19406,0,0,0,19406
0x68d7cb,100%,0,9,9,0,0,0,9
0x64d187,100%,0,12252,12252,12252,0,0,0
0x64cfa7,100%,0,61,61,0,0,0,61
0x5e7a65,100%,0,17422,17422,0,0,0,17422
0x63a3b8,100%,0,9,9,0,0,0,9
0x7b1b2a,100%,0,22911,22911,0,0,0,22911
0x4b5adc,100%,0,11586,11586,0,0,0,11586
0x6ee3e3,100%,0,35390,35390,0,0,0,35390
0x7b203a,100%,0,12480,12480,0,0,0,12480
0x674e5c,100%,0,29,29,0,0,0,29
0x461666,100%,0,9,9,0,0,0,9
0x64d1aa,100%,0,12252,12252,0,0,0,12252
0x49a40d,100%,0,99,99,0,0,0,99
0x64d25f,100%,0,12252,12252,12252,0,0,0
0x6f7b5f,100%,0,29,29,29,0,0,0
0x5ec1c4,100%,0,180,180,180,0,0,0
0x64469f,100%,0,23202,23202,0,0,0,23202
0x67e918,100%,0,9,9,9,0,0,0
0x460308,100%,0,4,4,0,0,0,4
0x5d0acb,100%,0,29,29,0,0,0,29
0x676e33,100%,0,8,8,0,0,0,8
0x4a722e,100%,0,165,165,0,0,0,165
0x48c482,100%,0,20,20,5,0,0,15
0x49a4dd,100%,0,99,99,99,0,0,0
0x48641a,100%,0,8,8,8,0,0,0
0x4861be,100%,0,8,8,0,0,0,8
0x646015,100%,0,32,32,32,0,0,0
0x7b1c07,100%,0,12480,12480,12480,0,0,0
0x4aad21,100%,0,8,8,0,0,0,8
0x64cca9,100%,0,6302,6302,0,0,0,6302
0x4a76d5,100%,0,36,36,36,0,0,0
0x7b1c95,100%,0,12480,12480,0,0,0,12480
0x49b3c6,100%,0,12,12,0,0,0,12
0x6386a5,100%,0,19407,19407,0,0,0,19407
0x54934b,100%,0,12,12,12,0,0,0
0x64ce17,100%,0,12685,12685,0,0,0,12685
0x64ce12,100%,0,12685,12685,0,0,0,12685
0x638efc,100%,0,18124,18124,18124,0,0,0
0x7b34a2,100%,0,738,738,0,0,0,738
0x461682,100%,0,19,19,19,0,0,0
0x7b1bfb,100%,0,12480,12480,0,0,0,12480
0x7b1ad3,100%,0,35391,35391,0,0,0,35391
0x7b50c3,100%,0,33407,33407,0,0,0,33407
0x7b1c24,100%,0,12480,12480,0,0,0,12480
0x64c59c,100%,0,9,9,0,0,0,9
0x7b50fc,100%,0,33407,33407,0,0,0,33407
0x45c7b6,100%,0,50,50,50,0,0,0
0x5eadf3,100%,0,8,8,0,0,0,8
0x60cf8c,100%,0,12,12,12,0,0,0
0x485f99,100%,0,5807,5807,0,0,0,5807
0x6499f7,100%,0,23551,23551,23551,0,0,0
0x45fa28,100%,0,24,24,24,0,0,0
0x7b1f55,100%,0,12480,12480,0,0,0,12480
0x49c4af,100%,0,11622,11622,11622,0,0,0
0x7b512b,100%,0,33407,33407,0,0,0,33407
0x4996a8,100%,0,37242,37242,0,0,0,37242
0x4a766a,100%,0,170,170,0,0,0,170
0x7b1399,100%,0,5868,5868,0,0,0,5868
0x7b30c2,100%,0,5868,5868,0,0,0,5868
0x5a0973,100%,0,20508,20508,0,0,0,20508
0x45ba5e,100%,0,8,8,0,0,0,8
0x538de7,100%,0,60,60,0,0,0,60
0x64ccc0,100%,0,10275,10275,0,0,0,10275
0x61800b,100%,0,16,16,0,0,0,16
0x5a146b,100%,0,52231,52231,52231,0,0,0
0x5eae44,100%,0,16,16,16,0,0,0
0x48668a,100%,0,8,8,8,0,0,0
0x7b573a,100%,0,35391,35391,0,0,0,35391
0x64cce0,100%,0,19459,19459,0,0,0,19459
0x64cea7,100%,0,20319,20319,0,0,0,20319
0x4a732b,100%,0,166,166,166,0,0,0
0x7a6409,100%,0,29,29,0,0,0,29
0x5d0b89,100%,0,14848,14848,0,0,0,14848
0x4a74a0,100%,0,136,136,136,0,0,0
0x48cae3,100%,0,3,3,0,0,0,3
0x60c62b,100%,0,12,12,0,0,0,12
0x54ce50,100%,0,12,12,0,0,0,12
0x7b1d39,100%,0,12480,12480,12480,0,0,0
0x60caf4,100%,0,12,12,0,0,0,12
0x7b1c32,100%,0,12480,12480,0,0,0,12480
0x535a09,100%,0,111,111,111,0,0,0
0x7bd864,100%,0,29,29,29,0,0,0
0x499186,100%,0,111,111,111,0,0,0
0x64a76f,100%,0,105455,105455,52319,0,0,53136
0x4861e2,100%,0,8,8,0,0,0,8
0x492778,100%,0,5,5,0,0,0,5
0x4ac69d,100%,0,36,36,36,0,0,0
0x48853e,100%,0,8,8,0,0,0,8
0x45b9ff,100%,0,61,61,0,0,0,61
0x406b22,100%,0,33910,33910,0,0,0,33910
0x41597f,100%,0,16,16,16,0,0,0
0x45bd89,100%,0,100,100,0,0,0,100
0x7a64bc,100%,0,29,29,0,0,0,29
0x54dff7,100%,0,24238,24238,0,0,0,24238
0x64466b,100%,0,23202,23202,0,0,0,23202
0x4b5a56,100%,0,11586,11586,11586,0,0,0
0x64ce08,100%,0,12685,12685,0,0,0,12685
0x638e22,100%,0,19406,19406,0,0,0,19406
0x7b33c8,100%,0,1017,1017,1017,0,0,0
0x54da57,100%,0,271,271,0,0,0,271
0x7b2027,100%,0,12480,12480,12480,0,0,0
0x460ae8,100%,0,3,3,0,0,0,3
0x4a97c2,100%,0,9,9,0,0,0,9
0x68d5e5,100%,0,9,9,9,0,0,0
0x6841a8,100%,0,12,12,12,0,0,0
0x7b1cf3,100%,0,12480,12480,0,0,0,12480
0x4866d9,100%,0,8,8,0,0,0,8
0x48c9fe,100%,0,3,3,0,0,0,3
0x64cf0b,100%,0,433,433,0,0,0,433
0x48c9a5,100%,0,3,3,0,0,0,3
0x674207,100%,0,29,29,0,0,0,29
0x498432,100%,0,50972,50972,0,0,0,50972
0x45fc3b,100%,0,15,15,0,0,0,15
0x5a1459,100%,0,29055,29055,0,0,0,29055
0x4a727f,100%,0,165,165,165,0,0,0
0x4a71eb,100%,0,112,112,0,0,0,112
0x638cd1,100%,0,17413,17413,17413,0,0,0
0x617d05,100%,0,518,518,518,0,0,0
0x66dd61,100%,0,8,8,8,0,0,0
0x415f21,100%,0,16,16,0,0,0,16
0x4a7d4a,100%,0,24,24,24,0,0,0
0x5dfc64,100%,0,11602,11602,0,0,0,11602
0x406b70,100%,0,2201,2201,0,0,0,2201
0x7b22b4,100%,0,38,38,0,0,0,38
0x64c56b,100%,0,9,9,0,0,0,9
0x4a75eb,100%,0,170,170,170,0,0,0
0x675197,100%,0,29,29,0,0,0,29
0x5a0d84,100%,0,32,32,0,0,0,32
0x4a769f,100%,0,12891,12891,0,0,0,12891
0x4a71ce,100%,0,112,112,0,0,0,112
0x490be6,100%,0,5,5,0,0,0,5
0x60caa7,100%,0,12,12,12,0,0,0
0x48fc01,100%,0,8,8,0,0,0,8
0x644c9c,100%,0,23202,23202,23202,0,0,0
0x645e59,100%,0,32,32,32,0,0,0
0x415c5a,100%,0,185,185,169,0,0,16
0x48c3c3,100%,0,10,10,0,0,0,10
0x5a0da4,100%,0,32,32,0,0,0,32
0x5504c3,100%,0,5795,5795,5795,0,0,0
0x5ea155,100%,0,159,159,0,0,0,159
0x5a0e3d,100%,0,32,32,0,0,0,32
0x5a1ff9,100%,0,23377,23377,0,0,0,23377
0x5a0e57,100%,0,32,32,32,0,0,0
0x4863f6,100%,0,8,8,0,0,0,8
0x490ba6,100%,0,5,5,0,0,0,5
0x644921,100%,0,23202,23202,23202,0,0,0
0x7b575c,100%,0,35391,35391,35391,0,0,0
0x5d0ac2,100%,0,29,29,0,0,0,29
0x45b79e,100%,0,54,54,0,0,0,54
0x5e94d5,100%,0,52,52,0,0,0,52
0x645e2b,100%,0,32,32,0,0,0,32
0x535ca8,100%,0,52,52,52,0,0,0
0x486773,100%,0,8,8,0,0,0,8
0x4e8e19,100%,0,1,1,0,0,0,1
0x499235,100%,0,111,111,59,0,0,52
0x461013,100%,0,8,8,0,0,0,8
0x45b715,100%,0,30,30,0,0,0,30
0x48616e,100%,0,5803,5803,0,0,0,5803
0x5ea01c,100%,0,52,52,52,0,0,0
0x4863dd,100%,0,8,8,0,0,0,8
0x486454,100%,0,8,8,0,0,0,8
0x7b3797,100%,0,129,129,0,0,0,129
0x486481,100%,0,8,8,0,0,0,8
0x4b5aab,100%,0,11586,11586,0,0,0,11586
0x4864f5,100%,0,8,8,0,0,0,8
0x4864fd,100%,0,8,8,0,0,0,8
0x486506,100%,0,8,8,0,0,0,8
0x5d0ae6,100%,0,29,29,0,0,0,29
0x48c927,100%,0,1,1,0,0,0,1
0x4a726b,100%,0,454,454,0,0,0,454
0x54ed27,100%,0,5889,5889,0,0,0,5889
0x63877c,100%,0,11605,11605,0,0,0,11605
0x645970,100%,0,32,32,32,0,0,0
0x60c131,100%,0,9,9,0,0,0,9
0x48c9e5,100%,0,3,3,0,0,0,3
0x487921,100%,0,52,52,27,0,0,25
0x4861cd,100%,0,8,8,0,0,0,8
0x60c8e0,100%,0,12,12,12,0,0,0
0x5ec137,100%,0,188,188,0,0,0,188
0x415750,100%,0,16,16,0,0,0,16
0x66ef6f,100%,0,495,495,495,0,0,0
0x674d99,100%,0,29,29,0,0,0,29
0x7b5145,100%,0,33407,33407,0,0,0,33407
0x5361b8,100%,0,52,52,52,0,0,0
0x674da3,100%,0,29,29,29,0,0,0
0x63912f,100%,0,1283,1283,1283,0,0,0
0x7b32db,100%,0,12875,12875,0,0,0,12875
0x5e99f6,100%,0,55,55,0,0,0,55
0x7ac01b,100%,0,29,29,0,0,0,29
0x7b31a8,100%,0,20419,20419,0,0,0,20419
0x7b3248,100%,0,1510,1510,0,0,0,1510
0x7b32bf,100%,0,700,700,700,0,0,0
0x5a12c8,100%,0,52339,52339,29055,0,0,23284
0x7b373b,100%,0,8080,8080,0,0,0,8080
0x487f7b,100%,0,8,8,0,0,0,8
0x7b1cb3,100%,0,10625,10625,0,0,0,10625
0x63a3c9,100%,0,9,9,0,0,0,9
0x64df82,100%,0,10692,10692,0,0,0,10692
0x66ef8e,100%,0,495,495,495,0,0,0
0x63a104,100%,0,9,9,0,0,0,9
0x4a9667,100%,0,12,12,12,0,0,0
0x6448ef,100%,0,23202,23202,23202,0,0,0
0x7b5140,100%,0,33407,33407,0,0,0,33407
0x54a365,100%,0,29055,29055,0,0,0,29055
0x5e948b,100%,0,52,52,0,0,0,52
0x498340,100%,0,35186,35186,35186,0,0,0
0x49470e,100%,0,7,7,0,0,0,7
0x638f59,100%,0,18123,18123,18123,0,0,0
0x7b17d6,100%,0,59,59,0,0,0,59
0x617e9f,100%,0,165,165,0,0,0,165
0x4a821a,100%,0,8,8,0,0,0,8
0x60cd9b,100%,0,12,12,0,0,0,12
0x4dc088,100%,0,207,207,0,0,0,207
0x64a764,100%,0,105455,105455,52319,0,0,53136
0x5ec475,100%,0,16,16,16,0,0,0
0x67447a,100%,0,29,29,29,0,0,0
0x645962,100%,0,32,32,0,0,0,32
0x68d7d0,100%,0,9,9,9,0,0,0
0x66f3ea,100%,0,330,330,0,0,0,330
0x487b9b,100%,0,34,34,9,0,0,25
0x5a101a,100%,0,52319,52319,0,0,0,52319
0x60c375,100%,0,9,9,0,0,0,9
0x7b31d6,100%,0,21455,21455,0,0,0,21455
0x63a3ab,100%,0,9,9,0,0,0,9
0x4a97dd,100%,0,9,9,0,0,0,9
0x4a71b3,100%,0,165,165,165,0,0,0
0x60cce8,100%,0,12,12,0,0,0,12
0x4067c2,100%,0,8,8,0,0,0,8
0x54cd7f,100%,0,12,12,0,0,0,12
0x4e89b0,100%,0,1,1,0,0,0,1
0x618c01,100%,0,187,187,187,0,0,0
0x68d8da,100%,0,9,9,9,0,0,0
0x644a72,100%,0,23202,23202,0,0,0,23202
0x68841a,100%,0,9,9,0,0,0,9
0x490901,100%,0,10,10,0,0,0,10
0x48797c,100%,0,25,25,16,0,0,9
0x49c014,100%,0,5807,5807,0,0,0,5807
0x4e8ea3,100%,0,1,1,0,0,0,1
0x645d82,100%,0,32,32,0,0,0,32
0x60c8d2,100%,0,12,12,0,0,0,12
0x4a756e,100%,0,170,170,0,0,0,170
0x5f8797,100%,0,255,255,0,0,0,255
0x486814,100%,0,28984,28984,0,0,0,28984
0x60c361,100%,0,9,9,0,0,0,9
0x4a8474,100%,0,192,192,192,0,0,0
0x64d063,100%,0,12685,12685,0,0,0,12685
0x46037b,100%,0,3,3,0,0,0,3
0x4ad774,100%,0,71,71,71,0,0,0
0x7b5743,100%,0,35391,35391,0,0,0,35391
0x60ccf2,100%,0,12,12,0,0,0,12
0x45ba52,100%,0,8,8,0,0,0,8
0x64cc6a,100%,0,5555670,5555670,0,0,0,5555670
0x48fb81,100%,0,8,8,0,0,0,8
0x68417b,100%,0,12,12,0,0,0,12
0x490c3c,100%,0,5,5,0,0,0,5
0x66f3e1,100%,0,495,495,165,0,0,330
0x406acf,100%,0,33910,33910,33910,0,0,0
0x5ec48f,100%,0,16,16,0,0,0,16
0x64df8b,100%,0,10692,10692,0,0,0,10692
0x7b2f7a,100%,0,33407,33407,0,0,0,33407
0x7b3323,100%,0,1489,1489,0,0,0,1489
0x64dfbf,100%,0,10692,10692,0,0,0,10692
