Branch PC,Accuracy,Mispredictions,Correct Predictions,Total,dir_t_pred_t,dir_t_pred_nt,dir_nt_pred_t,dir_nt_pred_nt
aggregate,99.8126%,93259,49676182,49769441,13249836,33442,59817,36426346
0x638ed8,99.1792%,30719,3711993,3742712,3291792,9209,21510,420201
0x7b358e,92.7102%,11593,147437,159030,141855,1933,9660,5582
0x64cc86,99.8336%,9215,5529692,5538907,5529655,52,9163,37
0x64d0d3,98.1833%,7603,410904,418507,191729,3507,4096,219175
0x64cc75,99.913%,4823,5538890,5543713,10,4795,28,5538880
0x406ce1,92.8728%,4023,52423,56446,25515,1414,2609,26908
0x406c31,91.3969%,3069,32604,35673,25347,1380,1689,7257
0x406c06,98.622%,2052,146855,148907,138241,708,1344,8614
0x64cec8,82.7998%,1902,9156,11058,1591,1139,763,7565
0x64d0f2,99.0975%,1762,193474,195236,6772,1452,310,186702
0x638d03,89.3886%,1661,13992,15653,13857,638,1023,135
0x7b3597,92.3238%,1170,14072,15242,8681,545,625,5391
0x638ecb,99.969%,1160,3742710,3743870,0,1158,2,3742710
0x638eec,99.7548%,1083,440628,441711,428743,101,982,11885
0x406b67,89.8262%,1042,9200,10242,8796,337,705,404
0x7b347d,93.3211%,1018,14224,15242,7774,611,407,6450
0x7b320a,96.4595%,781,21278,22059,12640,563,218,8638
0x7b327b,91.5951%,675,7356,8031,5985,99,576,1371
0x7b321b,92.6942%,647,8209,8856,7956,75,572,253
0x7b1cd3,91.9649%,622,7119,7741,93,515,107,7026
0x406c39,94.3273%,581,9661,10242,833,465,116,8828
0x406c0b,95.9578%,414,9828,10242,1071,225,189,8757
0x7b1ca1,95.4633%,378,7954,8332,292,299,79,7662
0x7b3496,94.8666%,352,6505,6857,5445,166,186,1060
0x7b3236,95.2815%,326,6583,6909,6078,41,285,505
0x64e273,96.8806%,313,9721,10034,9721,0,313,0
0x7b303a,98.1609%,275,14678,14953,2249,97,178,12429
0x7b3806,97.3969%,238,8905,9143,551,184,54,8354
0x406d92,97.389%,234,8728,8962,8723,6,228,5
0x7b31b5,99.2824%,227,31406,31633,9147,172,55,22259
0x7b1d08,97.4436%,213,8119,8332,675,96,117,7444
0x7b3610,97.6332%,171,7054,7225,6484,52,119,570
0x7b32e4,96.3918%,168,4488,4656,4435,36,132,53
0x7b2fc5,99.2872%,148,20614,20762,12149,71,77,8465
0x7b3251,86.2981%,114,718,832,120,65,49,598
0x7b13d8,99.8589%,102,72178,72280,8616,68,34,63562
0x7b361a,85.4862%,100,589,689,581,15,85,8
0x7b3774,99.0353%,89,9137,9226,337,56,33,8800
0x64a793,99.9859%,78,551349,551427,47131,65,13,504218
0x7b1b7f,99.6387%,75,20683,20758,13854,43,32,6829
0x7b1490,99.4353%,69,12149,12218,12135,19,50,14
0x4ab909,99.3372%,66,9892,9958,9867,5,61,25
0x7b34af,94.8636%,64,1182,1246,974,32,32,208
0x7b377e,99.3547%,57,8776,8833,8776,4,53,0
0x7b32e6,70.8108%,54,131,185,28,40,14,103
0x4a76b9,99.456%,54,9872,9926,9872,1,53,0
0x7b363a,66.875%,53,107,160,28,39,14,79
0x64a748,99.9642%,45,125821,125866,31639,21,24,94182
0x64ced9,99.4717%,44,8284,8328,8124,22,22,160
0x7b1af5,99.8522%,43,29047,29090,8314,18,25,20733
0x406b91,99.6095%,40,10202,10242,260,24,16,9942
0x7b2fa5,99.8698%,40,30683,30723,9943,18,22,20740
0x7b3020,99.8197%,40,22141,22181,7209,19,21,14932
0x7b1469,99.6972%,37,12181,12218,8669,15,22,3512
0x7b329d,98.2537%,34,1913,1947,13,29,5,1900
0x64cbce,99.8085%,30,15635,15665,10025,9,21,5610
0x7b14c3,54.6875%,29,35,64,17,17,12,18
0x7b3323,99.5233%,29,6055,6084,0,29,0,6055
0x7d2236,99.4871%,28,5431,5459,5221,20,8,210
0x7b369b,69.8925%,28,65,93,7,17,11,58
0x64cf6f,84.6154%,28,154,182,150,4,24,4
0x7b151b,99.9626%,27,72253,72280,65048,4,23,7205
0x7b30a3,99.6541%,25,7203,7228,5409,12,13,1794
0x406b4d,99.9221%,24,30791,30815,20564,9,15,10227
0x678c33,99.9909%,22,242381,242403,29907,12,10,212474
0x7b3788,99.7615%,22,9204,9226,9137,6,16,67
0x5ea1d4,88.8325%,22,175,197,150,4,18,25
0x538db4,84.4444%,21,114,135,99,10,11,15
0x4ab8e0,99.7992%,20,9938,9958,9938,1,19,0
0x5d0c0a,99.8047%,20,10220,10240,10220,0,20,0
0x4996c7,99.9362%,19,29772,29791,14100,10,9,15672
0x66dbe3,78.1609%,19,68,87,45,8,11,23
0x7b3354,93.1159%,19,257,276,16,14,5,241
0x64cebb,99.9066%,18,19264,19282,8215,9,9,11049
0x7b3645,80.6452%,18,75,93,52,1,17,23
0x7b337d,93.0894%,17,229,246,3,14,3,226
0x64cc51,99.8789%,17,14020,14037,11,17,0,14009
0x54afc8,84.9057%,16,90,106,20,11,5,70
0x7b3347,99.3534%,15,2305,2320,2038,6,9,267
0x674e57,99.4141%,15,2545,2560,2537,3,12,8
0x66dbb9,97.8541%,15,684,699,475,7,8,209
0x4069f0,99.715%,15,5249,5264,230,11,4,5019
0x64a0b9,86.3636%,15,95,110,60,6,9,35
0x617d49,89.2857%,15,125,140,97,6,9,28
0x64ccea,99.8931%,15,14021,14036,5622,8,7,8399
0x64cca3,99.7863%,15,7004,7019,2196,13,2,4808
0x638f7a,99.8912%,14,12852,12866,11885,4,10,967
0x649a4c,99.911%,14,15709,15723,461,10,4,15248
0x64cc9d,99.8591%,13,9215,9228,2198,11,2,7017
0x66dbd4,94.0092%,13,204,217,126,4,9,78
0x45bdbf,84.3373%,13,70,83,67,5,8,3
0x7b143d,99.8936%,13,12205,12218,12186,1,12,19
0x498413,99.9839%,13,80557,80570,41904,8,5,38653
0x649a90,99.9213%,12,15240,15252,10039,8,4,5201
0x4a76ad,99.8793%,12,9930,9942,5,11,1,9925
0x5a1401,99.9836%,12,73082,73094,26101,2,10,46981
0x7b14de,99.91%,11,12207,12218,0,10,1,12207
0x678c13,99.9959%,10,245617,245627,31505,10,0,214112
0x649a20,99.9524%,10,20977,20987,15720,3,7,5257
0x7b364e,75%,10,30,40,23,3,7,7
0x64ccb7,99.8575%,10,7009,7019,2604,5,5,4405
0x4069e7,99.9723%,10,36069,36079,30815,0,10,5254
0x7b1cdc,99.8738%,9,7124,7133,0,9,0,7124
0x4ab7f9,91.5888%,9,98,107,32,6,3,66
0x45c8cf,81.25%,9,39,48,0,8,1,39
0x406d73,96.2656%,9,232,241,0,8,1,232
0x4dbff5,90.4255%,9,85,94,49,5,4,36
0x7b31fd,99.9592%,9,22059,22068,0,9,0,22059
0x7b3691,90.3226%,9,84,93,78,1,8,6
0x678c38,99.9958%,9,212475,212484,45360,3,6,167115
0x64cd2f,99.9359%,9,14027,14036,8809,9,0,5218
0x5f7b79,89.4737%,8,68,76,68,4,4,0
0x64a777,99.9831%,8,47193,47201,0,5,3,47193
0x45b74f,82.6087%,8,38,46,1,4,4,37
0x5a12f2,99.9847%,8,52222,52230,41775,2,6,10447
0x4a7249,91.6667%,8,88,96,52,7,1,36
0x499719,99.9555%,7,15741,15748,1,5,2,15740
0x45c72d,70.8333%,7,17,24,17,5,2,0
0x5ec163,85.1064%,7,40,47,40,6,1,0
0x4602f1,90.2778%,7,65,72,17,4,3,48
0x7b141a,30%,7,3,10,2,6,1,1
0x7b37f9,99.9234%,7,9136,9143,7127,4,3,2009
0x4a6fd9,83.7838%,6,31,37,6,4,2,25
0x66db99,98.9399%,6,560,566,345,4,2,215
0x45c71f,86.3636%,6,38,44,18,2,4,20
0x7b31e7,99.9731%,6,22308,22314,19961,1,5,2347
0x498459,99.9845%,6,38652,38658,20937,3,3,17715
0x7b3446,99.9356%,6,9313,9319,7225,0,6,2088
0x7b14cc,80%,6,24,30,23,3,3,1
0x5ea1b3,97.4619%,5,192,197,112,3,2,80
0x460287,97.6959%,5,212,217,78,3,2,134
0x4b5a08,99.9521%,5,10433,10438,0,4,1,10433
0x5ea649,88.8889%,5,40,45,40,3,2,0
0x4602e9,96.6887%,5,146,151,75,4,1,71
0x4ab766,97.7011%,4,170,174,170,3,1,0
0x7b17e1,84.6154%,4,22,26,0,4,0,22
0x538df6,88.5714%,4,31,35,25,1,3,6
0x5f7c01,50%,4,4,8,0,4,0,4
0x4a75c5,93.4426%,4,57,61,0,4,0,57
0x5486b1,99.9617%,4,10440,10444,5218,0,4,5222
0x45b761,90.2439%,4,37,41,21,2,2,16
0x64cc6f,99.9999%,4,5543712,5543716,0,3,1,5543712
0x48c452,78.9474%,4,15,19,0,0,4,15
0x490a36,55.5556%,4,5,9,5,1,3,0
0x5ec0af,91.4894%,4,43,47,39,3,1,4
0x4927ee,80.9524%,4,17,21,17,1,3,0
0x45c85c,91.6667%,4,44,48,43,1,3,1
0x4a73d4,89.4737%,4,34,38,3,3,1,31
0x48942a,99.9234%,4,5219,5223,0,4,0,5219
0x4a73b7,89.4737%,4,34,38,6,2,2,28
0x7b1c4a,99.952%,4,8328,8332,8328,0,4,0
0x494813,55.5556%,4,5,9,2,4,0,3
0x487b79,88.5714%,4,31,35,10,1,3,21
0x4a7508,62.5%,3,5,8,5,2,1,0
0x4a7069,91.8919%,3,34,37,34,2,1,0
0x48c7ea,90.3226%,3,28,31,28,2,1,0
0x4157c8,50%,3,3,6,3,2,1,0
0x48c463,84.2105%,3,16,19,13,1,2,3
0x66db68,98.6364%,3,217,220,2,1,2,215
0x4b59b0,99.9713%,3,10435,10438,5219,0,3,5216
0x492791,85.7143%,3,18,21,18,0,3,0
0x5a0991,99.9774%,3,13258,13261,8818,0,3,4440
0x5e995e,88.8889%,3,24,27,24,2,1,0
0x649ecd,99.9814%,3,16102,16105,10474,2,1,5628
0x49094a,66.6667%,3,6,9,0,3,0,6
0x4a71fe,50%,3,3,6,3,2,1,0
0x5ea774,93.0233%,3,40,43,1,3,0,39
0x4908e7,66.6667%,3,6,9,6,0,3,0
0x45bd4c,96.3855%,3,80,83,44,3,0,36
0x490ad3,66.6667%,3,6,9,6,0,3,0
0x490aa2,75%,3,9,12,0,3,0,9
0x4e8464,50%,2,2,4,0,1,1,2
0x5ea014,92.5926%,2,25,27,0,1,1,25
0x45fa18,33.3333%,2,1,3,0,2,0,1
0x4ad6cc,97.9592%,2,96,98,29,2,0,67
0x4984f1,99.981%,2,10519,10521,5293,2,0,5226
0x64a754,99.9979%,2,94204,94206,47003,2,0,47201
0x5e4c41,50%,2,2,4,2,2,0,0
0x4991d9,97.1429%,2,68,70,25,1,1,43
0x4ab8a3,98.0392%,2,100,102,14,2,0,86
0x683e87,50%,2,2,4,2,2,0,0
0x48c6d1,93.5484%,2,29,31,29,2,0,0
0x4927bb,66.6667%,2,4,6,2,1,1,2
0x490aab,77.7778%,2,7,9,1,2,0,6
0x4a7d8b,33.3333%,2,1,3,1,1,1,0
0x4a7420,66.6667%,2,4,6,4,2,0,0
0x415788,71.4286%,2,5,7,5,1,1,0
0x4e846f,0%,2,0,2,0,1,1,0
0x490941,83.3333%,2,10,12,2,1,1,8
0x4a71f3,80%,2,8,10,4,0,2,4
0x49090a,66.6667%,2,4,6,2,1,1,2
0x4157a8,50%,2,2,4,2,1,1,0
0x4a7270,97.9167%,2,94,96,57,2,0,37
0x550a5a,99.9617%,2,5216,5218,0,0,2,5216
0x66f065,99.3243%,1,147,148,73,1,0,74
0x547d3a,75%,1,3,4,2,1,0,1
0x64cfa7,96.4286%,1,27,28,0,0,1,27
0x460aab,0%,1,0,1,0,1,0,0
0x48ea16,97.2973%,1,36,37,36,0,1,0
0x684f97,0%,1,0,1,0,1,0,0
0x5a1320,99.9904%,1,10452,10453,3,1,0,10449
0x6180c1,0%,1,0,1,0,1,0,0
0x5ea6cf,50%,1,1,2,1,1,0,0
0x5e4d25,75%,1,3,4,0,0,1,3
0x550b32,99.9904%,1,10444,10445,5227,0,1,5217
0x4a8079,85.7143%,1,6,7,5,1,0,1
0x460efb,0%,1,0,1,0,1,0,0
0x5a0b83,99.9904%,1,10443,10444,5218,0,1,5225
0x49852d,99.9888%,1,8894,8895,4481,1,0,4413
0x5ea1a0,99.4924%,1,196,197,196,1,0,0
0x48641a,0%,1,0,1,0,1,0,0
0x618c47,98.4615%,1,64,65,64,1,0,0
0x550be0,99.9904%,1,10444,10445,5226,1,0,5218
0x5ec475,50%,1,1,2,1,1,0,0
0x5a142f,99.9979%,1,46990,46991,20879,1,0,26111
0x5a0ff5,99.9979%,1,47008,47009,47005,0,1,3
0x460f6f,0%,1,0,1,0,1,0,0
0x48fc43,75%,1,3,4,3,0,1,0
0x460fbd,0%,1,0,1,0,1,0,0
0x486186,99.9809%,1,5222,5223,0,0,1,5222
0x5d9185,93.75%,1,15,16,12,0,1,3
0x4607ad,0%,1,0,1,0,0,1,0
0x678c20,99.9995%,1,214111,214112,46990,1,0,167121
0x64d0b2,99.9881%,1,8405,8406,182,0,1,8223
0x538e0b,88.8889%,1,8,9,8,1,0,0
0x5ec254,97.8261%,1,45,46,3,1,0,42
0x490d4c,88.8889%,1,8,9,6,0,1,2
0x4890f3,99.9933%,1,14857,14858,4412,1,0,10445
0x4e846a,66.6667%,1,2,3,0,1,0,2
0x415e1a,0%,1,0,1,0,1,0,0
0x490a6b,83.3333%,1,5,6,2,1,0,3
0x5eae6d,50%,1,1,2,0,1,0,1
0x66f3e1,99.0991%,1,110,111,37,0,1,73
0x5dca60,99.9809%,1,5222,5223,0,0,1,5222
0x487956,97.1429%,1,34,35,15,0,1,19
0x4a80b9,75%,1,3,4,3,0,1,0
0x4868d9,50%,1,1,2,0,1,0,1
0x5ec091,98.6111%,1,71,72,0,0,1,71
0x4b5a19,99.9904%,1,10433,10434,0,0,1,10433
0x66dd14,0%,1,0,1,0,1,0,0
0x4a81a1,0%,1,0,1,0,1,0,0
0x415d17,97.561%,1,40,41,39,1,0,1
0x460f35,0%,1,0,1,0,1,0,0
0x684188,75%,1,3,4,0,0,1,3
0x4a7f89,0%,1,0,1,0,1,0,0
0x48668a,0%,1,0,1,0,1,0,0
0x4a7d4a,66.6667%,1,2,3,2,1,0,0
0x5eae44,50%,1,1,2,1,1,0,0
0x45b786,95.6522%,1,22,23,0,0,1,22
0x5ec167,0%,1,0,1,0,1,0,0
0x7b31ec,99.9575%,1,2351,2352,2320,0,1,31
0x460ad1,0%,1,0,1,0,1,0,0
0x4a73d8,96.875%,1,31,32,30,0,1,1
0x5ec357,98.4615%,1,64,65,44,0,1,20
0x5ec234,0%,1,0,1,0,1,0,0
0x460a82,0%,1,0,1,0,1,0,0
0x5ea4f2,0%,1,0,1,0,1,0,0
0x5e99a2,0%,1,0,1,0,1,0,0
0x460af7,0%,1,0,1,0,1,0,0
0x5a138c,99.9952%,1,20880,20881,10436,0,1,10444
0x7b34c8,99.5833%,1,239,240,239,1,0,0
0x5ea758,50%,1,1,2,1,1,0,0
0x5eae5a,50%,1,1,2,0,1,0,1
0x54ce47,100%,0,4,4,0,0,0,4
0x644921,100%,0,20880,20880,20880,0,0,0
0x54ed27,100%,0,5253,5253,0,0,0,5253
0x4a726b,100%,0,96,96,0,0,0,96
0x63877c,100%,0,10434,10434,0,0,0,10434
0x5a0d2c,100%,0,5226,5226,5226,0,0,0
0x5a0d13,100%,0,5226,5226,0,0,0,5226
0x7bd917,100%,0,20,20,0,0,0,20
0x5e5b69,100%,0,10455,10455,0,0,0,10455
0x64cca9,100%,0,4810,4810,0,0,0,4810
0x54ce37,100%,0,4,4,0,0,0,4
0x5ec463,100%,0,2,2,0,0,0,2
0x4e161a,100%,0,37,37,37,0,0,0
0x48630e,100%,0,4,4,0,0,0,4
0x4ab7cd,100%,0,107,107,107,0,0,0
0x4a76d5,100%,0,16,16,16,0,0,0
0x49568f,100%,0,10445,10445,10445,0,0,0
0x6840d7,100%,0,4,4,0,0,0,4
0x4868e4,100%,0,1,1,0,0,0,1
0x549414,100%,0,4,4,4,0,0,0
0x48943f,100%,0,5219,5219,5219,0,0,0
0x6f7b5f,100%,0,20,20,20,0,0,0
0x460ae8,100%,0,1,1,0,0,0,1
0x49470e,100%,0,3,3,0,0,0,3
0x7b50c3,100%,0,30723,30723,0,0,0,30723
0x7b1c24,100%,0,8332,8332,0,0,0,8332
0x638f59,100%,0,12866,12866,12866,0,0,0
0x7b17d6,100%,0,26,26,0,0,0,26
0x490ba6,100%,0,3,3,0,0,0,3
0x67449b,100%,0,20,20,0,0,0,20
0x535b69,100%,0,26,26,0,0,0,26
0x550cb7,100%,0,5257,5257,0,0,0,5257
0x489368,100%,0,10442,10442,5219,0,0,5223
0x5a09ea,100%,0,10444,10444,0,0,0,10444
0x490cd1,100%,0,3,3,0,0,0,3
0x4b59da,100%,0,5219,5219,0,0,0,5219
0x4ab7a0,100%,0,69,69,0,0,0,69
0x548680,100%,0,5226,5226,0,0,0,5226
0x486238,100%,0,4,4,4,0,0,0
0x60c90f,100%,0,4,4,0,0,0,4
0x4ac69d,100%,0,16,16,16,0,0,0
0x64e27c,100%,0,313,313,0,0,0,313
0x4a817d,100%,0,1,1,1,0,0,0
0x60ce29,100%,0,4,4,4,0,0,0
0x48e93f,100%,0,37,37,37,0,0,0
0x4893e3,100%,0,5223,5223,5223,0,0,0
0x4a74b9,100%,0,38,38,38,0,0,0
0x64e2fb,100%,0,313,313,313,0,0,0
0x649f1e,100%,0,9,9,9,0,0,0
0x7a641a,100%,0,20,20,0,0,0,20
0x67e918,100%,0,4,4,4,0,0,0
0x7bd983,100%,0,20,20,0,0,0,20
0x7b405f,100%,0,79,79,0,0,0,79
0x48620e,100%,0,4,4,0,0,0,4
0x7ac00a,100%,0,20,20,0,0,0,20
0x5d0b12,100%,0,10240,10240,10240,0,0,0
0x499287,100%,0,44,44,0,0,0,44
0x7bd91e,100%,0,20,20,0,0,0,20
0x64e322,100%,0,313,313,0,0,0,313
0x63a547,100%,0,4,4,0,0,0,4
0x406b70,100%,0,1109,1109,0,0,0,1109
0x7a6428,100%,0,20,20,20,0,0,0
0x4a74c5,100%,0,38,38,6,0,0,32
0x4a7590,100%,0,61,61,61,0,0,0
0x639105,100%,0,1158,1158,1158,0,0,0
0x644cb0,100%,0,20880,20880,0,0,0,20880
0x64ccae,100%,0,4810,4810,0,0,0,4810
0x638d0c,100%,0,1158,1158,0,0,0,1158
0x4a72a5,100%,0,37,37,37,0,0,0
0x7a64af,100%,0,20,20,20,0,0,0
0x638d8b,100%,0,1158,1158,1158,0,0,0
0x5d788b,100%,0,8,8,0,0,0,8
0x68d7d0,100%,0,4,4,4,0,0,0
0x638db2,100%,0,1158,1158,0,0,0,1158
0x63a3ab,100%,0,4,4,0,0,0,4
0x7b3248,100%,0,832,832,0,0,0,832
0x4a704a,100%,0,37,37,37,0,0,0
0x644b1b,100%,0,20880,20880,0,0,0,20880
0x7d2242,100%,0,218,218,218,0,0,0
0x498340,100%,0,31430,31430,31430,0,0,0
0x674da3,100%,0,20,20,20,0,0,0
0x5dad2c,100%,0,10442,10442,10442,0,0,0
0x63912f,100%,0,1158,1158,1158,0,0,0
0x7b3755,100%,0,9226,9226,0,0,0,9226
0x7b573a,100%,0,29090,29090,0,0,0,29090
0x54cd75,100%,0,4,4,0,0,0,4
0x4b598a,100%,0,10438,10438,0,0,0,10438
0x6391af,100%,0,1158,1158,1158,0,0,0
0x639261,100%,0,1158,1158,1158,0,0,0
0x4867d1,100%,0,26094,26094,26094,0,0,0
0x54cd88,100%,0,4,4,0,0,0,4
0x68d7c2,100%,0,4,4,0,0,0,4
0x48fc01,100%,0,4,4,0,0,0,4
0x644c9c,100%,0,20880,20880,20880,0,0,0
0x49b0c8,100%,0,4,4,0,0,0,4
0x684310,100%,0,4,4,0,0,0,4
0x535be0,100%,0,26,26,26,0,0,0
0x60c11c,100%,0,4,4,0,0,0,4
0x5a1560,100%,0,10445,10445,0,0,0,10445
0x5e7a65,100%,0,15657,15657,0,0,0,15657
0x490a74,100%,0,3,3,3,0,0,0
0x4867b8,100%,0,26094,26094,26094,0,0,0
0x4867a6,100%,0,26094,26094,0,0,0,26094
0x674d99,100%,0,20,20,0,0,0,20
0x6f7777,100%,0,20,20,20,0,0,0
0x54f8e2,100%,0,5227,5227,0,0,0,5227
0x486804,100%,0,26094,26094,26094,0,0,0
0x7ac01b,100%,0,20,20,0,0,0,20
0x7b31a8,100%,0,22059,22059,0,0,0,22059
0x4918f6,100%,0,3,3,0,0,0,3
0x7b201a,100%,0,8332,8332,0,0,0,8332
0x618a47,100%,0,38,38,38,0,0,0
0x7b50eb,100%,0,30723,30723,30723,0,0,0
0x48c642,100%,0,31,31,31,0,0,0
0x54dff7,100%,0,21295,21295,0,0,0,21295
0x60c147,100%,0,4,4,0,0,0,4
0x64cce0,100%,0,14036,14036,0,0,0,14036
0x49274b,100%,0,3,3,3,0,0,0
0x68435e,100%,0,4,4,4,0,0,0
0x7b31c9,100%,0,22314,22314,0,0,0,22314
0x644858,100%,0,20880,20880,0,0,0,20880
0x490836,100%,0,3,3,0,0,0,3
0x5ea640,100%,0,45,45,0,0,0,45
0x490a3e,100%,0,3,3,3,0,0,0
0x64466b,100%,0,20880,20880,0,0,0,20880
0x6841a8,100%,0,4,4,4,0,0,0
0x68421c,100%,0,4,4,4,0,0,0
0x7b1cf3,100%,0,8332,8332,0,0,0,8332
0x5a1353,100%,0,41777,41777,20880,0,0,20897
0x4866d9,100%,0,1,1,0,0,0,1
0x7b3666,100%,0,93,93,0,0,0,93
0x406dbc,100%,0,241,241,0,0,0,241
0x5e34c3,100%,0,5219,5219,0,0,0,5219
0x63a397,100%,0,4,4,0,0,0,4
0x4aa06f,100%,0,4,4,4,0,0,0
0x48c4d2,100%,0,1,1,0,0,0,1
0x486767,100%,0,1,1,0,0,0,1
0x486192,100%,0,5223,5223,0,0,0,5223
0x461187,100%,0,1,1,0,0,0,1
0x60cda8,100%,0,4,4,0,0,0,4
0x4b5a56,100%,0,10434,10434,10434,0,0,0
0x64cf0b,100%,0,182,182,0,0,0,182
0x4862bd,100%,0,4,4,0,0,0,4
0x495678,100%,0,10449,10449,4,0,0,10445
0x4b5a80,100%,0,10434,10434,0,0,0,10434
0x60cd87,100%,0,4,4,0,0,0,4
0x486822,100%,0,26094,26094,0,0,0,26094
0x68841a,100%,0,4,4,0,0,0,4
0x4b5aec,100%,0,10434,10434,0,0,0,10434
0x549332,100%,0,4,4,0,0,0,4
0x7b307d,100%,0,30477,30477,0,0,0,30477
0x7a6433,100%,0,20,20,20,0,0,0
0x4b5a8f,100%,0,10434,10434,0,0,0,10434
0x617d05,100%,0,140,140,140,0,0,0
0x5a147e,100%,0,36564,36564,36560,0,0,4
0x4a72d7,100%,0,37,37,37,0,0,0
0x406cbf,100%,0,29517,29517,0,0,0,29517
0x60c63b,100%,0,4,4,0,0,0,4
0x5a0a04,100%,0,10444,10444,10444,0,0,0
0x4b5b47,100%,0,10434,10434,0,0,0,10434
0x54ce66,100%,0,4,4,0,0,0,4
0x6840d2,100%,0,4,4,0,0,0,4
0x45c756,100%,0,22,22,0,0,0,22
0x5e2b85,100%,0,62648,62648,0,0,0,62648
0x490cdd,100%,0,3,3,0,0,0,3
0x4b59e6,100%,0,5219,5219,0,0,0,5219
0x644b48,100%,0,20880,20880,20880,0,0,0
0x684198,100%,0,4,4,0,0,0,4
0x49c6e6,100%,0,10445,10445,10445,0,0,0
0x63a1b1,100%,0,4,4,4,0,0,0
0x649e8a,100%,0,16105,16105,16105,0,0,0
0x48fc32,100%,0,4,4,0,0,0,4
0x4b5aba,100%,0,10434,10434,0,0,0,10434
0x406b5a,100%,0,10242,10242,0,0,0,10242
0x7a63e4,100%,0,20,20,0,0,0,20
0x649a13,100%,0,20987,20987,0,0,0,20987
0x7b30c2,100%,0,7228,7228,0,0,0,7228
0x49c405,100%,0,10446,10446,0,0,0,10446
0x7b1399,100%,0,7228,7228,0,0,0,7228
0x5a0973,100%,0,13261,13261,0,0,0,13261
0x49972f,100%,0,15742,15742,0,0,0,15742
0x64d25f,100%,0,8224,8224,8224,0,0,0
0x60cf3e,100%,0,4,4,0,0,0,4
0x63905a,100%,0,12866,12866,12866,0,0,0
0x5dfb81,100%,0,45359,45359,0,0,0,45359
0x60cdcc,100%,0,4,4,4,0,0,0
0x4b5a47,100%,0,10434,10434,0,0,0,10434
0x617aa0,100%,0,140,140,140,0,0,0
0x4f0d45,100%,0,4,4,0,0,0,4
0x7b1c6b,100%,0,4,4,0,0,0,4
0x674d84,100%,0,40,40,20,0,0,20
0x7b1c81,100%,0,4,4,0,0,0,4
0x7b1403,100%,0,10,10,0,0,0,10
0x48e9e1,100%,0,38,38,0,0,0,38
0x7b1c8a,100%,0,4,4,0,0,0,4
0x4863fe,100%,0,1,1,0,0,0,1
0x5ea00e,100%,0,27,27,0,0,0,27
0x5dfcc2,100%,0,8,8,0,0,0,8
0x485f99,100%,0,5223,5223,0,0,0,5223
0x4a81d4,100%,0,1,1,1,0,0,0
0x7b180e,100%,0,2,2,0,0,0,2
0x4a97a9,100%,0,4,4,0,0,0,4
0x7b1ba9,100%,0,20758,20758,0,0,0,20758
0x7b1c61,100%,0,4,4,0,0,0,4
0x64999d,100%,0,4,4,0,0,0,4
0x4a97b3,100%,0,4,4,0,0,0,4
0x45bd89,100%,0,47,47,0,0,0,47
0x674211,100%,0,20,20,20,0,0,0
0x4a97c2,100%,0,4,4,0,0,0,4
0x60cd9b,100%,0,4,4,0,0,0,4
0x685b78,100%,0,2,2,0,0,0,2
0x4aa0ab,100%,0,4,4,0,0,0,4
0x46167b,100%,0,12,12,4,0,0,8
0x67e975,100%,0,4,4,4,0,0,0
0x617d68,100%,0,37,37,37,0,0,0
0x7a63d1,100%,0,20,20,20,0,0,0
0x64c562,100%,0,4,4,0,0,0,4
0x490d1a,100%,0,3,3,0,0,0,3
0x7b1c95,100%,0,8332,8332,0,0,0,8332
0x7b1f55,100%,0,8332,8332,0,0,0,8332
0x7a639a,100%,0,20,20,0,0,0,20
0x7b1bfb,100%,0,8332,8332,0,0,0,8332
0x461682,100%,0,8,8,8,0,0,0
0x7b1c07,100%,0,8332,8332,8332,0,0,0
0x5e0a67,100%,0,10442,10442,0,0,0,10442
0x5e2d65,100%,0,20880,20880,0,0,0,20880
0x7b1c13,100%,0,8332,8332,0,0,0,8332
0x6840c8,100%,0,4,4,0,0,0,4
0x7b1c32,100%,0,8332,8332,0,0,0,8332
0x5eade0,100%,0,1,1,0,0,0,1
0x7b1c40,100%,0,8332,8332,0,0,0,8332
0x5e6928,100%,0,31,31,0,0,0,31
0x49b3d7,100%,0,4,4,0,0,0,4
0x487b4d,100%,0,30,30,0,0,0,30
0x7b1d39,100%,0,8332,8332,8332,0,0,0
0x60caf4,100%,0,4,4,0,0,0,4
0x54ce50,100%,0,4,4,0,0,0,4
0x7b200e,100%,0,8332,8332,0,0,0,8332
0x54da57,100%,0,59,59,0,0,0,59
0x7b2027,100%,0,8332,8332,8332,0,0,0
0x487836,100%,0,30,30,0,0,0,30
0x4ad6be,100%,0,98,98,0,0,0,98
0x7b22a6,100%,0,9,9,0,0,0,9
0x674e26,100%,0,20,20,0,0,0,20
0x7b3fe4,100%,0,24,24,24,0,0,0
0x7b22bb,100%,0,9,9,0,0,0,9
0x4607d6,100%,0,1,1,0,0,0,1
0x64cee9,100%,0,182,182,182,0,0,0
0x60c8d2,100%,0,4,4,0,0,0,4
0x60caa7,100%,0,4,4,4,0,0,0
0x54f2c7,100%,0,30,30,0,0,0,30
0x4a780b,100%,0,61,61,61,0,0,0
0x60cb6f,100%,0,4,4,4,0,0,0
0x64df90,100%,0,10034,10034,10034,0,0,0
0x4b5bb0,100%,0,10434,10434,10434,0,0,0
0x60cba1,100%,0,4,4,4,0,0,0
0x415d36,100%,0,1,1,1,0,0,0
0x4f0e43,100%,0,4,4,4,0,0,0
0x5a0d84,100%,0,8,8,0,0,0,8
0x4a769f,100%,0,9942,9942,0,0,0,9942
0x5504c3,100%,0,5218,5218,5218,0,0,0
0x5a0da4,100%,0,8,8,0,0,0,8
0x5a0e57,100%,0,8,8,8,0,0,0
0x60c375,100%,0,4,4,0,0,0,4
0x60c8e0,100%,0,4,4,4,0,0,0
0x4a756e,100%,0,61,61,0,0,0,61
0x54a4c8,100%,0,44,44,44,0,0,0
0x460a73,100%,0,1,1,0,0,0,1
0x5dfc64,100%,0,10442,10442,0,0,0,10442
0x4a75dd,100%,0,61,61,0,0,0,61
0x7b22b4,100%,0,9,9,0,0,0,9
0x675197,100%,0,20,20,0,0,0,20
0x7b5743,100%,0,29090,29090,0,0,0,29090
0x60ccf2,100%,0,4,4,0,0,0,4
0x4a766a,100%,0,61,61,0,0,0,61
0x4863f6,100%,0,1,1,0,0,0,1
0x5ea61b,100%,0,45,45,0,0,0,45
0x48ea59,100%,0,1,1,0,0,0,1
0x4a76ed,100%,0,16,16,0,0,0,16
0x64c6a8,100%,0,4,4,0,0,0,4
0x6842fc,100%,0,4,4,4,0,0,0
0x674260,100%,0,20,20,20,0,0,0
0x4ad6e3,100%,0,31,31,31,0,0,0
0x60ccf7,100%,0,4,4,0,0,0,4
0x64c56b,100%,0,4,4,0,0,0,4
0x5e47c9,100%,0,4,4,4,0,0,0
0x4a75eb,100%,0,61,61,61,0,0,0
0x7a6409,100%,0,20,20,0,0,0,20
0x64c570,100%,0,4,4,4,0,0,0
0x4a732b,100%,0,38,38,38,0,0,0
0x617e90,100%,0,37,37,0,0,0,37
0x64c59c,100%,0,4,4,0,0,0,4
0x4a70d4,100%,0,37,37,37,0,0,0
0x63918f,100%,0,1158,1158,1158,0,0,0
0x7b1f40,100%,0,8332,8332,8332,0,0,0
0x486462,100%,0,1,1,0,0,0,1
0x7b14a7,100%,0,64,64,0,0,0,64
0x68842d,100%,0,4,4,0,0,0,4
0x4adb1a,100%,0,38,38,0,0,0,38
0x4a77f5,100%,0,16,16,8,0,0,8
0x4aa0c8,100%,0,4,4,4,0,0,0
0x48797c,100%,0,20,20,15,0,0,5
0x49c014,100%,0,5223,5223,0,0,0,5223
0x4a97dd,100%,0,4,4,0,0,0,4
0x674207,100%,0,20,20,0,0,0,20
0x4a97ec,100%,0,4,4,0,0,0,4
0x4a7577,100%,0,61,61,61,0,0,0
0x60c8db,100%,0,4,4,0,0,0,4
0x490be6,100%,0,3,3,0,0,0,3
0x64d1aa,100%,0,8224,8224,0,0,0,8224
0x6390e3,100%,0,1158,1158,1158,0,0,0
0x406a10,100%,0,5023,5023,0,0,0,5023
0x499e34,100%,0,37,37,5,0,0,32
0x7b30b4,100%,0,1807,1807,0,0,0,1807
0x486454,100%,0,1,1,0,0,0,1
0x7b3797,100%,0,83,83,0,0,0,83
0x60cf2a,100%,0,4,4,4,0,0,0
0x639f1f,100%,0,4,4,0,0,0,4
0x63a0b7,100%,0,4,4,4,0,0,0
0x64c67a,100%,0,4,4,4,0,0,0
0x63a104,100%,0,4,4,0,0,0,4
0x683ed3,100%,0,4,4,0,0,0,4
0x63a3c9,100%,0,4,4,0,0,0,4
0x63a1e3,100%,0,4,4,4,0,0,0
0x60c131,100%,0,4,4,0,0,0,4
0x6f7794,100%,0,20,20,0,0,0,20
0x49a40d,100%,0,13,13,0,0,0,13
0x7bd972,100%,0,160,160,140,0,0,20
0x6744ad,100%,0,20,20,0,0,0,20
0x618bb8,100%,0,65,65,65,0,0,0
0x618c01,100%,0,65,65,65,0,0,0
0x4607be,100%,0,1,1,0,0,0,1
0x490d0b,100%,0,3,3,0,0,0,3
0x5d78e7,100%,0,8,8,8,0,0,0
0x674251,100%,0,20,20,0,0,0,20
0x54cd7f,100%,0,4,4,0,0,0,4
0x60cce8,100%,0,4,4,0,0,0,4
0x535a7f,100%,0,70,70,0,0,0,70
0x490992,100%,0,3,3,3,0,0,0
0x7bd8e5,100%,0,20,20,20,0,0,0
0x68d7fc,100%,0,4,4,0,0,0,4
0x4a75ae,100%,0,61,61,61,0,0,0
0x618987,100%,0,38,38,38,0,0,0
0x4a6f71,100%,0,37,37,0,0,0,37
0x460fb1,100%,0,1,1,0,0,0,1
0x461066,100%,0,1,1,0,0,0,1
0x4a7026,100%,0,37,37,37,0,0,0
0x7b4231,100%,0,8780,8780,0,0,0,8780
0x7b3687,100%,0,93,93,0,0,0,93
0x7ac029,100%,0,20,20,0,0,0,20
0x63a3b8,100%,0,4,4,0,0,0,4
0x7b406e,100%,0,79,79,0,0,0,79
0x7abff6,100%,0,20,20,0,0,0,20
0x7b4079,100%,0,79,79,0,0,0,79
0x5e9993,100%,0,1,1,0,0,0,1
0x68d908,100%,0,4,4,0,0,0,4
0x7b36ae,100%,0,69,69,0,0,0,69
0x7a640e,100%,0,20,20,20,0,0,0
0x7b32bf,100%,0,185,185,185,0,0,0
0x48c5e4,100%,0,31,31,31,0,0,0
0x5e9bb1,100%,0,27,27,27,0,0,0
0x7a63c3,100%,0,20,20,0,0,0,20
0x60cdbc,100%,0,4,4,0,0,0,4
0x63a0e8,100%,0,4,4,0,0,0,4
0x64df82,100%,0,10034,10034,0,0,0,10034
0x7a63ad,100%,0,20,20,0,0,0,20
0x7b3fcb,100%,0,24,24,0,0,0,24
0x638efc,100%,0,12867,12867,12867,0,0,0
0x7b34a2,100%,0,1246,1246,0,0,0,1246
0x415f02,100%,0,1,1,0,0,0,1
0x64d1e7,100%,0,8224,8224,0,0,0,8224
0x684167,100%,0,4,4,0,0,0,4
0x5d0b51,100%,0,10240,10240,10240,0,0,0
0x64ce08,100%,0,8406,8406,0,0,0,8406
0x64ce12,100%,0,8406,8406,0,0,0,8406
0x618265,100%,0,1,1,0,0,0,1
0x64cea7,100%,0,19282,19282,0,0,0,19282
0x64d0fb,100%,0,410283,410283,410283,0,0,0
0x64d11c,100%,0,8224,8224,8224,0,0,0
0x63a3d9,100%,0,4,4,4,0,0,0
0x60cad8,100%,0,4,4,0,0,0,4
0x5d0ae6,100%,0,20,20,0,0,0,20
0x5d0ac2,100%,0,20,20,0,0,0,20
0x64d187,100%,0,8224,8224,8224,0,0,0
0x68d7cb,100%,0,4,4,0,0,0,4
0x63a595,100%,0,4,4,4,0,0,0
0x7b1b84,100%,0,6861,6861,6861,0,0,0
0x7b575c,100%,0,29090,29090,29090,0,0,0
0x54958d,100%,0,4,4,4,0,0,0
0x6743d1,100%,0,20,20,0,0,0,20
0x674e7d,100%,0,20,20,0,0,0,20
0x7b14b1,100%,0,64,64,0,0,0,64
0x5ea7a9,100%,0,39,39,39,0,0,0
0x54beba,100%,0,5227,5227,5227,0,0,0
0x5e1007,100%,0,8,8,0,0,0,8
0x4a7cf8,100%,0,1,1,0,0,0,1
0x7b1bde,100%,0,8332,8332,8332,0,0,0
0x499e3f,100%,0,32,32,32,0,0,0
0x45fa14,100%,0,3,3,0,0,0,3
0x6f7b15,100%,0,20,20,0,0,0,20
0x64ccc0,100%,0,6619,6619,0,0,0,6619
0x4a9aff,100%,0,4,4,0,0,0,4
0x64d0c3,100%,0,418507,418507,0,0,0,418507
0x4a7439,100%,0,32,32,32,0,0,0
0x63a17f,100%,0,4,4,4,0,0,0
0x49a4dd,100%,0,13,13,13,0,0,0
0x60c35a,100%,0,4,4,0,0,0,4
0x490ab4,100%,0,9,9,6,0,0,3
0x61824e,100%,0,1,1,0,0,0,1
0x554c67,100%,0,31,31,0,0,0,31
0x49853e,100%,0,4482,4482,0,0,0,4482
0x68417b,100%,0,4,4,0,0,0,4
0x486226,100%,0,4,4,0,0,0,4
0x5a15a3,100%,0,4421,4421,0,0,0,4421
0x538de7,100%,0,35,35,0,0,0,35
0x4862f7,100%,0,4,4,0,0,0,4
0x7a64bc,100%,0,20,20,0,0,0,20
0x4861be,100%,0,4,4,0,0,0,4
0x63a302,100%,0,4,4,0,0,0,4
0x63a307,100%,0,4,4,0,0,0,4
0x63a432,100%,0,4,4,4,0,0,0
0x49c4af,100%,0,10445,10445,10445,0,0,0
0x5a146b,100%,0,46983,46983,46983,0,0,0
0x64cf4e,100%,0,182,182,182,0,0,0
0x5d0b9a,100%,0,10240,10240,0,0,0,10240
0x550509,100%,0,10454,10454,5227,0,0,5227
0x63a533,100%,0,4,4,4,0,0,0
0x64d04f,100%,0,182,182,182,0,0,0
0x64d063,100%,0,8406,8406,0,0,0,8406
0x45fc47,100%,0,9,9,0,0,0,9
0x535b30,100%,0,26,26,26,0,0,0
0x41576e,100%,0,1,1,0,0,0,1
0x48eaac,100%,0,1,1,0,0,0,1
0x48eadd,100%,0,1,1,0,0,0,1
0x617d55,100%,0,37,37,0,0,0,37
0x617dd2,100%,0,37,37,0,0,0,37
0x4a722e,100%,0,37,37,0,0,0,37
0x4a727f,100%,0,37,37,37,0,0,0
0x4a6f1e,100%,0,37,37,37,0,0,0
0x415750,100%,0,1,1,0,0,0,1
0x460290,100%,0,136,136,6,0,0,130
0x46029b,100%,0,130,130,0,0,0,130
0x4a8c77,100%,0,37,37,0,0,0,37
0x4a6f79,100%,0,37,37,37,0,0,0
0x4a71ce,100%,0,10,10,0,0,0,10
0x4a71dd,100%,0,10,10,0,0,0,10
0x4a8094,100%,0,1,1,1,0,0,0
0x45fa28,100%,0,2,2,2,0,0,0
0x66f3ea,100%,0,74,74,0,0,0,74
0x4e8475,100%,0,1,1,1,0,0,0
0x499e9a,100%,0,37,37,37,0,0,0
0x48ea37,100%,0,1,1,0,0,0,1
0x490d35,100%,0,9,9,0,0,0,9
0x547d1c,100%,0,1,1,0,0,0,1
0x61800b,100%,0,1,1,0,0,0,1
0x6180b1,100%,0,1,1,0,0,0,1
0x4a80c7,100%,0,1,1,1,0,0,0
0x49b248,100%,0,4,4,0,0,0,4
0x4168e1,100%,0,1,1,1,0,0,0
0x416a4b,100%,0,1,1,0,0,0,1
0x416a55,100%,0,1,1,0,0,0,1
0x415880,100%,0,1,1,1,0,0,0
0x41597f,100%,0,1,1,1,0,0,0
0x41573c,100%,0,1,1,0,0,0,1
0x5ea748,100%,0,2,2,0,0,0,2
0x5eadf3,100%,0,1,1,0,0,0,1
0x5ec137,100%,0,47,47,0,0,0,47
0x5ec15d,100%,0,47,47,0,0,0,47
0x490b70,100%,0,3,3,0,0,0,3
0x5ec40e,100%,0,2,2,0,0,0,2
0x5ec440,100%,0,2,2,0,0,0,2
0x649f15,100%,0,9,9,0,0,0,9
0x5ea7cd,100%,0,45,45,0,0,0,45
0x5eadcb,100%,0,1,1,0,0,0,1
0x5e92b0,100%,0,4,4,0,0,0,4
0x45ba52,100%,0,1,1,0,0,0,1
0x45ba5e,100%,0,1,1,0,0,0,1
0x5ea155,100%,0,43,43,0,0,0,43
0x5ec1c4,100%,0,46,46,46,0,0,0
0x5ec259,100%,0,42,42,0,0,0,42
0x5ec7bf,100%,0,80,80,80,0,0,0
0x415f21,100%,0,1,1,0,0,0,1
0x4a8133,100%,0,1,1,1,0,0,0
0x5e997b,100%,0,1,1,0,0,0,1
0x4a7d3f,100%,0,3,3,0,0,0,3
0x64990d,100%,0,9,9,9,0,0,0
0x4a70ab,100%,0,1,1,0,0,0,1
0x4a71b3,100%,0,37,37,37,0,0,0
0x617ded,100%,0,37,37,37,0,0,0
0x415e6d,100%,0,1,1,0,0,0,1
0x499247,100%,0,26,26,26,0,0,0
0x617e9f,100%,0,37,37,0,0,0,37
0x5f7daf,100%,0,59,59,0,0,0,59
0x5ea102,100%,0,45,45,0,0,0,45
0x486449,100%,0,1,1,0,0,0,1
0x5ea509,100%,0,1,1,0,0,0,1
0x4dc088,100%,0,84,84,0,0,0,84
0x5ea661,100%,0,2,2,0,0,0,2
0x64cc64,100%,0,5543716,5543716,0,0,0,5543716
0x406ab1,100%,0,5023,5023,0,0,0,5023
0x550c10,100%,0,5218,5218,0,0,0,5218
0x4b128e,100%,0,5219,5219,5219,0,0,0
0x638e27,100%,0,14025,14025,0,0,0,14025
0x4926d4,100%,0,3,3,0,0,0,3
0x638eb7,100%,0,3743870,3743870,0,0,0,3743870
0x644cfe,100%,0,20880,20880,20880,0,0,0
0x7b1b2a,100%,0,20758,20758,0,0,0,20758
0x644b38,100%,0,20880,20880,0,0,0,20880
0x60c361,100%,0,4,4,0,0,0,4
0x490c3c,100%,0,3,3,0,0,0,3
0x64cc6a,100%,0,5543716,5543716,0,0,0,5543716
0x48fb81,100%,0,4,4,0,0,0,4
0x7b1424,100%,0,2,2,2,0,0,0
0x7d2251,100%,0,5459,5459,0,0,0,5459
0x5505c3,100%,0,5218,5218,0,0,0,5218
0x638cd1,100%,0,15653,15653,15653,0,0,0
0x638c24,100%,0,15653,15653,0,0,0,15653
0x638c9f,100%,0,15653,15653,15653,0,0,0
0x6f7b35,100%,0,20,20,20,0,0,0
0x4e1573,100%,0,37,37,0,0,0,37
0x7b5113,100%,0,30723,30723,0,0,0,30723
0x7b2fd7,100%,0,8542,8542,8542,0,0,0
0x489103,100%,0,10445,10445,5219,0,0,5226
0x4a7512,100%,0,1,1,0,0,0,1
0x406acf,100%,0,30815,30815,30815,0,0,0
0x4a71eb,100%,0,10,10,0,0,0,10
0x64e178,100%,0,10034,10034,0,0,0,10034
0x638fb2,100%,0,977,977,0,0,0,977
0x7b25f3,100%,0,8332,8332,8332,0,0,0
0x64e241,100%,0,10034,10034,10034,0,0,0
0x4a80c3,100%,0,1,1,0,0,0,1
0x7b3069,100%,0,12607,12607,12607,0,0,0
0x416a5b,100%,0,1,1,1,0,0,0
0x5e4675,100%,0,4,4,4,0,0,0
0x66f6d3,100%,0,37,37,37,0,0,0
0x4a86b7,100%,0,179,179,0,0,0,179
0x7b35c4,100%,0,9,9,0,0,0,9
0x4e157f,100%,0,37,37,37,0,0,0
0x66ef6f,100%,0,111,111,111,0,0,0
0x66efb1,100%,0,111,111,0,0,0,111
0x66efb6,100%,0,111,111,0,0,0,111
0x426fb7,100%,0,163,163,0,0,0,163
0x5ec7d8,100%,0,80,80,35,0,0,45
0x66efbf,100%,0,111,111,111,0,0,0
0x5e9f0e,100%,0,27,27,27,0,0,0
0x66f35b,100%,0,111,111,0,0,0,111
0x66f449,100%,0,37,37,37,0,0,0
0x4e160b,100%,0,37,37,0,0,0,37
0x48e926,100%,0,37,37,0,0,0,37
0x487921,100%,0,26,26,6,0,0,20
0x5a1ff9,100%,0,20934,20934,0,0,0,20934
0x5a0b54,100%,0,5226,5226,0,0,0,5226
0x5ea6c8,100%,0,2,2,0,0,0,2
0x644873,100%,0,20880,20880,0,0,0,20880
0x5a09b4,100%,0,10444,10444,0,0,0,10444
0x48c482,100%,0,5,5,1,0,0,4
0x5f7ba8,100%,0,76,76,76,0,0,0
0x45bd76,100%,0,47,47,0,0,0,47
0x4862dc,100%,0,4,4,4,0,0,0
0x4861cd,100%,0,4,4,0,0,0,4
0x4878b6,100%,0,30,30,0,0,0,30
0x4a7500,100%,0,8,8,0,0,0,8
0x5e4cb3,100%,0,4,4,0,0,0,4
0x4ad741,100%,0,7,7,0,0,0,7
0x490a86,100%,0,6,6,6,0,0,0
0x4ad774,100%,0,7,7,7,0,0,0
0x4a968d,100%,0,4,4,4,0,0,0
0x683cff,100%,0,4,4,0,0,0,4
0x683eb8,100%,0,4,4,0,0,0,4
0x683f81,100%,0,4,4,4,0,0,0
0x54bf93,100%,0,4,4,4,0,0,0
0x4f0d69,100%,0,4,4,0,0,0,4
0x4f0d71,100%,0,4,4,4,0,0,0
0x4f0dd9,100%,0,4,4,0,0,0,4
0x4a967e,100%,0,4,4,4,0,0,0
0x683cd0,100%,0,4,4,4,0,0,0
0x4a96ea,100%,0,4,4,4,0,0,0
0x4aa167,100%,0,4,4,0,0,0,4
0x5a1486,100%,0,4,4,4,0,0,0
0x5ec72f,100%,0,4,4,0,0,0,4
0x49b0fb,100%,0,4,4,4,0,0,0
0x5d8f59,100%,0,8,8,8,0,0,0
0x5d8f9c,100%,0,8,8,0,0,0,8
0x5e002f,100%,0,8,8,0,0,0,8
0x48faf9,100%,0,4,4,0,0,0,4
0x4991e4,100%,0,44,44,0,0,0,44
0x49921f,100%,0,44,44,0,0,0,44
0x61a4af,100%,0,44,44,44,0,0,0
0x61a50a,100%,0,44,44,0,0,0,44
0x61a6bf,100%,0,44,44,44,0,0,0
0x7b1920,100%,0,4,4,0,0,0,4
0x61a6fe,100%,0,44,44,0,0,0,44
0x45c7a8,100%,0,40,40,0,0,0,40
0x5d78c1,100%,0,8,8,8,0,0,0
0x5e32d6,100%,0,8,8,8,0,0,0
0x49b04d,100%,0,8,8,4,0,0,4
0x548e2e,100%,0,4,4,4,0,0,0
0x49b1bf,100%,0,4,4,0,0,0,4
0x683cc2,100%,0,4,4,0,0,0,4
0x683ccb,100%,0,4,4,0,0,0,4
0x649f4f,100%,0,9,9,0,0,0,9
0x4908ec,100%,0,3,3,3,0,0,0
0x490913,100%,0,3,3,3,0,0,0
0x494704,100%,0,3,3,0,0,0,3
0x494864,100%,0,3,3,3,0,0,0
0x494945,100%,0,3,3,0,0,0,3
0x4947ca,100%,0,3,3,0,0,0,3
0x4909e2,100%,0,9,9,9,0,0,0
0x490a2d,100%,0,9,9,0,0,0,9
0x490953,100%,0,9,9,6,0,0,3
0x490a62,100%,0,6,6,0,0,0,6
0x490b08,100%,0,3,3,0,0,0,3
0x491817,100%,0,3,3,3,0,0,0
0x491850,100%,0,3,3,3,0,0,0
0x4918ff,100%,0,3,3,3,0,0,0
0x4926dd,100%,0,3,3,3,0,0,0
0x490c54,100%,0,3,3,3,0,0,0
0x7b13f9,100%,0,10,10,0,0,0,10
0x45c886,100%,0,44,44,0,0,0,44
0x45c899,100%,0,44,44,0,0,0,44
0x5d8eff,100%,0,8,8,4,0,0,4
0x5d8f0f,100%,0,4,4,0,0,0,4
0x45c76e,100%,0,22,22,0,0,0,22
0x406db2,100%,0,241,241,0,0,0,241
0x5d8fef,100%,0,4,4,4,0,0,0
0x5d901e,100%,0,4,4,4,0,0,0
0x48fae3,100%,0,4,4,0,0,0,4
0x7b17ff,100%,0,2,2,0,0,0,2
0x7b1819,100%,0,2,2,0,0,0,2
0x4a740d,100%,0,6,6,6,0,0,0
0x49082d,100%,0,3,3,0,0,0,3
0x49087d,100%,0,3,3,3,0,0,0
0x4908de,100%,0,9,9,0,0,0,9
0x490923,100%,0,6,6,6,0,0,0
0x461013,100%,0,1,1,0,0,0,1
0x5e948b,100%,0,26,26,0,0,0,26
0x5e94a5,100%,0,26,26,0,0,0,26
0x5e99f6,100%,0,27,27,0,0,0,27
0x5ea01c,100%,0,26,26,26,0,0,0
0x5e94d5,100%,0,26,26,0,0,0,26
0x535ca8,100%,0,26,26,26,0,0,0
0x486773,100%,0,1,1,0,0,0,1
0x499235,100%,0,70,70,44,0,0,26
0x5e9589,100%,0,26,26,0,0,0,26
0x45b79e,100%,0,23,23,0,0,0,23
0x4863dd,100%,0,1,1,0,0,0,1
0x4864f5,100%,0,1,1,0,0,0,1
0x4864fd,100%,0,1,1,0,0,0,1
0x486506,100%,0,1,1,0,0,0,1
0x460799,100%,0,1,1,0,0,0,1
0x683f4f,100%,0,4,4,4,0,0,0
0x5359e3,100%,0,70,70,70,0,0,0
0x45bc9c,100%,0,11,11,11,0,0,0
0x45bd9e,100%,0,47,47,0,0,0,47
0x54aeb9,100%,0,31,31,31,0,0,0
0x4a9722,100%,0,4,4,4,0,0,0
0x48c60e,100%,0,31,31,31,0,0,0
0x499170,100%,0,70,70,0,0,0,70
0x499186,100%,0,70,70,70,0,0,0
0x547b7c,100%,0,70,70,0,0,0,70
0x486678,100%,0,1,1,0,0,0,1
0x535a09,100%,0,70,70,70,0,0,0
0x538d67,100%,0,26,26,0,0,0,26
0x538d7c,100%,0,26,26,0,0,0,26
0x535b9e,100%,0,70,70,0,0,0,70
0x535ba7,100%,0,70,70,44,0,0,26
0x535c0f,100%,0,26,26,26,0,0,0
0x535c33,100%,0,26,26,26,0,0,0
0x48fbf2,100%,0,4,4,0,0,0,4
0x486245,100%,0,4,4,4,0,0,0
0x5e4bc2,100%,0,4,4,0,0,0,4
0x4861d6,100%,0,4,4,0,0,0,4
0x48629e,100%,0,4,4,0,0,0,4
0x4862b0,100%,0,4,4,0,0,0,4
0x4862cf,100%,0,4,4,4,0,0,0
0x48630c,100%,0,4,4,0,0,0,4
0x5e4b26,100%,0,4,4,0,0,0,4
0x48621d,100%,0,4,4,0,0,0,4
0x48fc0c,100%,0,4,4,0,0,0,4
0x48fc26,100%,0,4,4,0,0,0,4
0x485fde,100%,0,4,4,0,0,0,4
0x485fed,100%,0,4,4,4,0,0,0
0x485ff9,100%,0,4,4,0,0,0,4
0x460a9c,100%,0,1,1,0,0,0,1
0x460ac2,100%,0,1,1,0,0,0,1
0x638c08,100%,0,15653,15653,0,0,0,15653
0x4e844a,100%,0,4,4,0,0,0,4
0x5e487a,100%,0,4,4,4,0,0,0
0x5e46c3,100%,0,4,4,4,0,0,0
0x48c40f,100%,0,1,1,0,0,0,1
0x5e9983,100%,0,1,1,0,0,0,1
0x461004,100%,0,1,1,0,0,0,1
0x460fa6,100%,0,1,1,0,0,0,1
0x460f97,100%,0,1,1,0,0,0,1
0x460f60,100%,0,1,1,0,0,0,1
0x460f26,100%,0,1,1,0,0,0,1
0x460801,100%,0,1,1,0,0,0,1
0x4607ec,100%,0,1,1,0,0,0,1
0x4866f1,100%,0,1,1,0,0,0,1
0x4866c7,100%,0,1,1,0,0,0,1
0x4866bb,100%,0,1,1,0,0,0,1
0x66f764,100%,0,38,38,38,0,0,0
0x644a77,100%,0,20880,20880,0,0,0,20880
0x638a02,100%,0,15653,15653,0,0,0,15653
0x5ec71d,100%,0,12,12,8,0,0,4
0x5a0e3d,100%,0,8,8,0,0,0,8
0x5a13c7,100%,0,31333,31333,31333,0,0,0
0x6841fb,100%,0,4,4,4,0,0,0
0x4a8159,100%,0,1,1,1,0,0,0
0x5a15e5,100%,0,4421,4421,8,0,0,4413
0x66ef8e,100%,0,111,111,111,0,0,0
0x5dcad4,100%,0,5223,5223,5223,0,0,0
0x49c479,100%,0,10445,10445,0,0,0,10445
0x48616e,100%,0,5223,5223,0,0,0,5223
0x45b715,100%,0,5,5,0,0,0,5
0x5a1462,100%,0,26103,26103,0,0,0,26103
0x68d8da,100%,0,4,4,4,0,0,0
0x644a72,100%,0,20880,20880,0,0,0,20880
0x644662,100%,0,20880,20880,0,0,0,20880
0x7b50d7,100%,0,30723,30723,0,0,0,30723
0x64dfbf,100%,0,10034,10034,0,0,0,10034
0x490901,100%,0,6,6,0,0,0,6
0x7b1add,100%,0,29090,29090,0,0,0,29090
0x406947,100%,0,15252,15252,0,0,0,15252
0x60c53f,100%,0,4,4,4,0,0,0
0x649edc,100%,0,5629,5629,0,0,0,5629
0x674e0b,100%,0,20,20,0,0,0,20
0x48617d,100%,0,5223,5223,0,0,0,5223
0x638a3f,100%,0,15653,15653,0,0,0,15653
0x7b2fe5,100%,0,8542,8542,0,0,0,8542
0x644bbc,100%,0,20880,20880,20880,0,0,0
0x5d9194,100%,0,4,4,0,0,0,4
0x4a7481,100%,0,32,32,32,0,0,0
0x460eec,100%,0,1,1,0,0,0,1
0x416517,100%,0,1,1,0,0,0,1
0x4a9667,100%,0,4,4,4,0,0,0
0x4a73f0,100%,0,32,32,32,0,0,0
0x4b59cf,100%,0,5219,5219,0,0,0,5219
0x490cc6,100%,0,3,3,0,0,0,3
0x638e22,100%,0,14025,14025,0,0,0,14025
0x7b33c8,100%,0,246,246,246,0,0,0
0x64ce17,100%,0,8406,8406,0,0,0,8406
0x5dca65,100%,0,5223,5223,0,0,0,5223
0x6448ef,100%,0,20880,20880,20880,0,0,0
0x49b3c6,100%,0,4,4,0,0,0,4
0x7b5140,100%,0,30723,30723,0,0,0,30723
0x7b304e,100%,0,12607,12607,0,0,0,12607
0x5e9ef0,100%,0,27,27,0,0,0,27
0x461002,100%,0,1,1,0,0,0,1
0x644670,100%,0,20880,20880,20880,0,0,0
0x674e5c,100%,0,20,20,0,0,0,20
0x7b203a,100%,0,8332,8332,0,0,0,8332
0x548671,100%,0,5226,5226,0,0,0,5226
0x4927c7,100%,0,21,21,21,0,0,0
0x5a101a,100%,0,47005,47005,0,0,0,47005
0x487b9b,100%,0,24,24,5,0,0,19
0x60ce4a,100%,0,4,4,4,0,0,0
0x68e8ab,100%,0,20,20,0,0,0,20
0x54f86c,100%,0,5227,5227,5227,0,0,0
0x4996e0,100%,0,15681,15681,0,0,0,15681
0x535cd1,100%,0,44,44,44,0,0,0
0x64c321,100%,0,4,4,4,0,0,0
0x6499f7,100%,0,20987,20987,20987,0,0,0
0x639ef0,100%,0,4,4,4,0,0,0
0x54f8fe,100%,0,5227,5227,0,0,0,5227
0x486142,100%,0,10438,10438,0,0,0,10438
0x63906e,100%,0,14024,14024,0,0,0,14024
0x64df8b,100%,0,10034,10034,0,0,0,10034
0x5ec48f,100%,0,2,2,0,0,0,2
0x7b1b9f,100%,0,20758,20758,20758,0,0,0
0x7b1bd2,100%,0,8332,8332,0,0,0,8332
0x61809e,100%,0,1,1,0,0,0,1
0x6390d3,100%,0,1158,1158,0,0,0,1158
0x5e2d99,100%,0,5219,5219,5219,0,0,0
0x7b1bb3,100%,0,6861,6861,6861,0,0,0
0x5a0893,100%,0,5256,5256,0,0,0,5256
0x49095e,100%,0,9,9,6,0,0,3
0x5e4445,100%,0,5259,5259,0,0,0,5259
0x60cbd3,100%,0,4,4,4,0,0,0
0x54f93e,100%,0,5227,5227,0,0,0,5227
0x4b5b21,100%,0,10434,10434,0,0,0,10434
0x406b22,100%,0,30815,30815,0,0,0,30815
0x45b9ff,100%,0,12,12,0,0,0,12
0x5dca69,100%,0,5223,5223,5223,0,0,0
0x485f7e,100%,0,5223,5223,0,0,0,5223
0x7b5137,100%,0,30723,30723,0,0,0,30723
0x7bd864,100%,0,20,20,20,0,0,0
0x4068b4,100%,0,15252,15252,15252,0,0,0
0x487902,100%,0,26,26,0,0,0,26
0x7b17c8,100%,0,26,26,0,0,0,26
0x461666,100%,0,4,4,0,0,0,4
0x5a1349,100%,0,10449,10449,0,0,0,10449
0x54f8e9,100%,0,5227,5227,5227,0,0,0
0x494762,100%,0,3,3,3,0,0,0
0x5a1357,100%,0,20897,20897,20893,0,0,4
0x6390bc,100%,0,14024,14024,12866,0,0,1158
0x5d0b89,100%,0,10240,10240,0,0,0,10240
0x64a76f,100%,0,94206,94206,47005,0,0,47201
0x4861e2,100%,0,4,4,0,0,0,4
0x492778,100%,0,3,3,0,0,0,3
0x550be5,100%,0,5218,5218,0,0,0,5218
0x7b1b57,100%,0,20758,20758,0,0,0,20758
0x5dc984,100%,0,10434,10434,0,0,0,10434
0x64e194,100%,0,10034,10034,0,0,0,10034
0x4996a8,100%,0,29791,29791,0,0,0,29791
0x7b1ae5,100%,0,29090,29090,0,0,0,29090
0x45ba72,100%,0,1,1,0,0,0,1
0x489340,100%,0,5223,5223,0,0,0,5223
0x48eabb,100%,0,1,1,0,0,0,1
0x64d13f,100%,0,8224,8224,0,0,0,8224
0x415e9b,100%,0,1,1,1,0,0,0
0x7ac054,100%,0,20,20,0,0,0,20
0x7b4240,100%,0,8780,8780,0,0,0,8780
0x5ec0c3,100%,0,5,5,5,0,0,0
0x550434,100%,0,15672,15672,10454,0,0,5218
0x5ec450,100%,0,2,2,0,0,0,2
0x7b1ad3,100%,0,29090,29090,0,0,0,29090
0x5dcacf,100%,0,5223,5223,0,0,0,5223
0x5a13b1,100%,0,10445,10445,10445,0,0,0
0x48612d,100%,0,10438,10438,0,0,0,10438
0x644b07,100%,0,20880,20880,0,0,0,20880
0x4b5a9c,100%,0,10434,10434,0,0,0,10434
0x5d0acb,100%,0,20,20,0,0,0,20
0x6386a5,100%,0,14025,14025,0,0,0,14025
0x4b5adc,100%,0,10434,10434,0,0,0,10434
0x638797,100%,0,10434,10434,0,0,0,10434
0x639eeb,100%,0,4,4,0,0,0,4
0x68d5e5,100%,0,4,4,4,0,0,0
0x7b3489,100%,0,6857,6857,0,0,0,6857
0x4b5ae6,100%,0,10434,10434,10434,0,0,0
0x48fc1b,100%,0,4,4,0,0,0,4
0x5e3945,100%,0,5223,5223,0,0,0,5223
0x60c62b,100%,0,4,4,0,0,0,4
0x4a74a0,100%,0,32,32,32,0,0,0
0x5a15be,100%,0,4421,4421,0,0,0,4421
0x5553b7,100%,0,31,31,0,0,0,31
0x683fb3,100%,0,4,4,4,0,0,0
0x7b512b,100%,0,30723,30723,0,0,0,30723
0x639ee2,100%,0,4,4,0,0,0,4
0x67447a,100%,0,20,20,20,0,0,0
0x5ea620,100%,0,45,45,45,0,0,0
0x5a08ad,100%,0,5256,5256,5256,0,0,0
0x5e456f,100%,0,4,4,4,0,0,0
0x7b511c,100%,0,30723,30723,30723,0,0,0
0x66f346,100%,0,185,185,74,0,0,111
0x7b373b,100%,0,9226,9226,0,0,0,9226
0x7b33f3,100%,0,29,29,0,0,0,29
0x7b5145,100%,0,30723,30723,0,0,0,30723
0x5361b8,100%,0,26,26,26,0,0,0
0x4a9aef,100%,0,4,4,4,0,0,0
0x7b3670,100%,0,93,93,0,0,0,93
0x5505fe,100%,0,5218,5218,5218,0,0,0
0x6ec690,100%,0,30723,30723,30723,0,0,0
0x7b1ac9,100%,0,29090,29090,0,0,0,29090
0x4867ed,100%,0,26094,26094,26094,0,0,0
0x7b1bae,100%,0,20758,20758,13897,0,0,6861
0x7b31d6,100%,0,22314,22314,0,0,0,22314
0x7b375f,100%,0,9226,9226,0,0,0,9226
0x538dce,100%,0,26,26,0,0,0,26
0x7b4247,100%,0,8780,8780,0,0,0,8780
0x4946cd,100%,0,3,3,3,0,0,0
0x406d07,100%,0,241,241,241,0,0,0
0x66f058,100%,0,185,185,37,0,0,148
0x64e147,100%,0,10034,10034,10034,0,0,0
0x5e9b6a,100%,0,27,27,0,0,0,27
0x7b3586,100%,0,143788,143788,0,0,0,143788
0x638a0b,100%,0,15653,15653,0,0,0,15653
0x490b64,100%,0,3,3,0,0,0,3
0x644b9b,100%,0,20880,20880,20880,0,0,0
0x48914c,100%,0,5227,5227,0,0,0,5227
0x406e27,100%,0,24926,24926,0,0,0,24926
0x5a12c8,100%,0,47008,47008,26111,0,0,20897
0x550731,100%,0,5218,5218,5218,0,0,0
0x674200,100%,0,20,20,0,0,0,20
0x487aed,100%,0,30,30,30,0,0,0
0x548de7,100%,0,4,4,4,0,0,0
0x7b2f7a,100%,0,30723,30723,0,0,0,30723
0x5dcaa9,100%,0,5223,5223,5223,0,0,0
0x4909ae,100%,0,3,3,0,0,0,3
0x618022,100%,0,1,1,1,0,0,0
0x4ad764,100%,0,7,7,7,0,0,0
0x45c8ae,100%,0,44,44,0,0,0,44
0x4a745d,100%,0,32,32,32,0,0,0
0x63a2f8,100%,0,4,4,0,0,0,4
0x538d8e,100%,0,26,26,0,0,0,26
0x638bd7,100%,0,15653,15653,15653,0,0,0
0x550a17,100%,0,5218,5218,0,0,0,5218
0x7b1b39,100%,0,20758,20758,20758,0,0,0
0x6ee3e3,100%,0,29090,29090,0,0,0,29090
0x7b5753,100%,0,29090,29090,0,0,0,29090
0x45bc8e,100%,0,11,11,0,0,0,11
0x64a7a7,100%,0,504231,504231,504231,0,0,0
0x4a74d1,100%,0,32,32,0,0,0,32
0x490b3b,100%,0,3,3,0,0,0,3
0x7b1b07,100%,0,20758,20758,0,0,0,20758
0x7b1b18,100%,0,20758,20758,0,0,0,20758
0x7b14d6,100%,0,12218,12218,0,0,0,12218
0x5ec42d,100%,0,2,2,0,0,0,2
0x4069c3,100%,0,36079,36079,0,0,0,36079
0x5e9f09,100%,0,27,27,0,0,0,27
0x4862f9,100%,0,4,4,0,0,0,4
0x415c5a,100%,0,41,41,40,0,0,1
0x48c3c3,100%,0,1,1,0,0,0,1
0x48650f,100%,0,1,1,0,0,0,1
0x649e85,100%,0,16105,16105,0,0,0,16105
0x644b28,100%,0,20880,20880,0,0,0,20880
0x547aca,100%,0,44,44,44,0,0,0
0x7b34bb,100%,0,240,240,0,0,0,240
0x41575f,100%,0,1,1,0,0,0,1
0x5a15af,100%,0,4421,4421,0,0,0,4421
0x639c5c,100%,0,4,4,4,0,0,0
0x4868ea,100%,0,1,1,0,0,0,1
0x5dfef9,100%,0,10442,10442,0,0,0,10442
0x486481,100%,0,1,1,0,0,0,1
0x5ea4b1,100%,0,1,1,0,0,0,1
0x644953,100%,0,20880,20880,20880,0,0,0
0x64a764,100%,0,94206,94206,47005,0,0,47201
0x7b35dd,100%,0,8542,8542,8542,0,0,0
0x485f8d,100%,0,5223,5223,5223,0,0,0
0x4b59c0,100%,0,5219,5219,0,0,0,5219
0x5e99d1,100%,0,1,1,0,0,0,1
0x63a453,100%,0,4,4,4,0,0,0
0x5ec7ad,100%,0,148,148,68,0,0,80
0x7b3043,100%,0,12607,12607,0,0,0,12607
0x48e8f8,100%,0,37,37,0,0,0,37
0x498432,100%,0,38658,38658,0,0,0,38658
0x45fc3b,100%,0,9,9,0,0,0,9
0x5a1459,100%,0,26111,26111,0,0,0,26111
0x54a365,100%,0,26111,26111,0,0,0,26111
0x48c4e8,100%,0,1,1,0,0,0,1
0x649e7c,100%,0,16105,16105,0,0,0,16105
0x638783,100%,0,10434,10434,0,0,0,10434
0x406c5a,100%,0,29517,29517,29517,0,0,0
0x638e18,100%,0,14025,14025,0,0,0,14025
0x5a0da9,100%,0,8,8,8,0,0,0
0x550458,100%,0,5218,5218,0,0,0,5218
0x644827,100%,0,20880,20880,20880,0,0,0
0x4b5aab,100%,0,10434,10434,0,0,0,10434
0x486814,100%,0,26094,26094,0,0,0,26094
0x495745,100%,0,10449,10449,10449,0,0,0
0x5dca54,100%,0,5223,5223,0,0,0,5223
0x499b26,100%,0,4,4,0,0,0,4
0x499d9d,100%,0,37,37,37,0,0,0
0x5dcaca,100%,0,5223,5223,0,0,0,5223
0x5a12b9,100%,0,47008,47008,0,0,0,47008
0x7d2238,100%,0,218,218,0,0,0,218
0x638a10,100%,0,15653,15653,15653,0,0,0
0x60c223,100%,0,4,4,4,0,0,0
0x5f8797,100%,0,76,76,0,0,0,76
0x5dc81a,100%,0,45359,45359,0,0,0,45359
0x64e20f,100%,0,10034,10034,10034,0,0,0
0x7b1cbd,100%,0,7741,7741,0,0,0,7741
0x66f364,100%,0,111,111,111,0,0,0
0x499d5c,100%,0,38,38,38,0,0,0
0x7b13a8,100%,0,7228,7228,7228,0,0,0
0x499703,100%,0,15748,15748,0,0,0,15748
0x644a68,100%,0,20880,20880,0,0,0,20880
0x550af9,100%,0,20890,20890,10445,0,0,10445
0x7bd948,100%,0,160,160,0,0,0,160
0x60cf8c,100%,0,4,4,4,0,0,0
0x45c7b6,100%,0,40,40,40,0,0,0
0x7b50fc,100%,0,30723,30723,0,0,0,30723
0x54934b,100%,0,4,4,4,0,0,0
0x499c0c,100%,0,37,37,37,0,0,0
0x48611e,100%,0,10438,10438,0,0,0,10438
0x4e1639,100%,0,37,37,0,0,0,37
0x64469f,100%,0,20880,20880,0,0,0,20880
0x7b32db,100%,0,4471,4471,0,0,0,4471
0x7b1cb3,100%,0,7741,7741,0,0,0,7741
0x486136,100%,0,10438,10438,0,0,0,10438
0x7b37dc,100%,0,9143,9143,0,0,0,9143
