Branch PC,Accuracy,Mispredictions,Correct Predictions,Total,dir_t_pred_t,dir_t_pred_nt,dir_nt_pred_t,dir_nt_pred_nt
aggregate,99.7803%,102129,46383857,46485986,12987764,36256,65873,33396093
0x638ed8,99.3519%,28953,4438284,4467237,4123697,7855,21098,314587
0x64cc86,99.7373%,11309,4293780,4305089,4293680,70,11239,100
0x7b358e,93.0493%,9380,125570,134950,120800,1750,7630,4770
0x64d0d3,97.3935%,8834,330088,338922,161928,4461,4373,168160
0x406ce1,90.4243%,6125,57839,63964,29152,1639,4486,28687
0x64cc75,99.8667%,5746,4305084,4310830,11,5730,16,4305073
0x64cec8,82.6602%,4813,22944,27757,16623,1439,3374,6321
0x406c31,91.2056%,3494,36236,39730,28156,1530,1964,8080
0x64d0f2,98.6285%,2282,164107,166389,8283,1781,501,155824
0x406c06,98.1017%,1873,96793,98666,87063,778,1095,9730
0x638d03,89.8952%,1793,15951,17744,15802,637,1156,149
0x638eec,99.5952%,1359,334326,335685,319689,115,1244,14637
0x638ecb,99.9708%,1305,4467237,4468542,0,1305,0,4467237
0x406b67,89.3647%,1222,10268,11490,9850,376,846,418
0x7b3597,91.9435%,999,11401,12400,7460,452,547,3941
0x7b347d,93.0242%,865,11535,12400,4708,525,340,6827
0x7b320a,95.7248%,801,17935,18736,10801,516,285,7134
0x406c39,93.6031%,735,10755,11490,815,651,84,9940
0x7b1cd3,92.8811%,658,8585,9243,86,577,81,8499
0x7b1ca1,94.5093%,564,9708,10272,608,421,143,9100
0x7b321b,93.1392%,509,6910,7419,6762,61,448,148
0x7b303a,96.7568%,498,14857,15355,4553,201,297,10304
0x7b327b,93.1555%,467,6356,6823,5029,70,397,1327
0x406c0b,96.1706%,440,11050,11490,1206,240,200,9844
0x406d92,96.5955%,429,12172,12601,12172,11,418,0
0x7b3236,93.4328%,374,5321,5695,4785,69,305,536
0x64e273,96.8676%,344,10638,10982,10638,1,343,0
0x7b3496,95.8141%,300,6867,7167,5487,156,144,1380
0x7b1d08,97.3131%,276,9996,10272,1134,124,152,8862
0x7b31b5,99.1902%,235,28783,29018,7788,165,70,20995
0x7b2fc5,99.0836%,214,23137,23351,9933,109,105,13204
0x64a748,99.8769%,178,144445,144623,37315,50,128,107130
0x7b3806,97.8198%,166,7448,7614,431,143,23,7017
0x7b337d,92.8879%,165,2155,2320,8,146,19,2147
0x64a793,99.9742%,163,631592,631755,53774,122,41,577818
0x4ab909,98.8196%,161,13479,13640,13300,24,137,179
0x7b13d8,99.7214%,154,55126,55280,7121,99,55,48005
0x7b1b7f,99.3491%,152,23200,23352,12366,78,74,10834
0x4a76b9,98.9993%,134,13256,13390,13230,13,121,26
0x7b3323,97.4113%,132,4967,5099,58,97,35,4909
0x7b32e4,95.6381%,121,2653,2774,2637,11,110,16
0x7b3610,97.9913%,111,5415,5526,4959,38,73,456
0x5ea1d4,93.1846%,110,1504,1614,1461,17,93,43
0x7b3354,95.7473%,103,2319,2422,3,99,4,2316
0x7b3774,98.7361%,100,7812,7912,480,51,49,7332
0x7b1af5,99.7442%,86,33538,33624,10240,32,54,23298
0x7b3251,89.8704%,86,763,849,70,56,30,693
0x7b2fa5,99.766%,80,34112,34192,10806,35,45,23306
0x64ced9,99.1955%,78,9617,9695,9295,40,38,322
0x406b91,99.3386%,76,11414,11490,622,43,33,10792
0x7b34af,95.0131%,76,1448,1524,1256,36,40,192
0x4996c7,99.8188%,64,35265,35329,17370,27,37,17895
0x7b1469,99.3828%,62,9984,10046,7192,28,34,2792
0x45f97f,94.5845%,58,1013,1071,719,10,48,294
0x64a777,99.8982%,55,53969,54024,97,31,24,53872
0x406b4d,99.8441%,54,34585,34639,23127,22,32,11458
0x7b1490,99.4923%,51,9995,10046,9985,10,41,10
0x45f909,97.3075%,50,1807,1857,1805,4,46,2
0x7b3020,99.7654%,49,20834,20883,5508,20,29,15326
0x7b361a,91.4934%,45,484,529,482,6,39,2
0x64cf6f,87.7778%,44,316,360,311,2,42,5
0x7b151b,99.9276%,40,55240,55280,49739,13,27,5501
0x617d49,92.467%,40,491,531,345,14,26,146
0x678c33,99.987%,36,277292,277328,35331,22,14,241961
0x66dbd4,96.7213%,34,1003,1037,547,13,21,456
0x66dbe3,92.8721%,34,443,477,291,18,16,152
0x54afc8,76.5957%,33,108,141,38,19,14,70
0x64a0b9,93.1183%,32,433,465,270,16,16,163
0x538db4,84.5411%,32,175,207,162,10,22,13
0x4dbff5,90.4321%,31,293,324,165,22,9,128
0x7b363a,52.381%,30,33,63,4,18,12,29
0x5d0c0a,99.8047%,30,15330,15360,15330,0,30,0
0x64ccea,99.8317%,29,17205,17234,6799,11,18,10406
0x7b3347,99.3846%,29,4683,4712,2274,16,13,2409
0x4ab8e0,99.7874%,29,13611,13640,13611,1,28,0
0x5a1401,99.9674%,27,82700,82727,29536,2,25,53164
0x7b3788,99.6587%,27,7885,7912,7603,11,16,282
0x499719,99.8556%,26,17976,18002,12,20,6,17964
0x64cc51,99.8491%,26,17208,17234,123,25,1,17085
0x4a76ad,99.8137%,25,13397,13422,8,24,1,13389
0x64cbce,99.8595%,25,17768,17793,10970,12,13,6798
0x678c38,99.9897%,25,241950,241975,52683,13,12,189267
0x649a4c,99.8612%,25,17992,18017,1137,15,10,16855
0x4a80b9,94.0594%,24,380,404,380,1,23,0
0x66db99,99.1241%,24,2716,2740,1690,13,11,1026
0x7b143d,99.7611%,24,10022,10046,9995,7,17,27
0x7b1c4a,99.7761%,23,10249,10272,10249,3,20,0
0x66dbb9,99.2998%,23,3262,3285,2237,11,12,1025
0x7b377e,99.7019%,22,7359,7381,7359,3,19,0
0x64cebb,99.9418%,22,37799,37821,10052,12,10,27747
0x7b31ec,99.5698%,22,5092,5114,4701,11,11,391
0x4a7249,95.3437%,21,430,451,269,10,11,161
0x4157a8,94.802%,21,383,404,379,2,19,4
0x4602f1,95.9693%,21,500,521,200,13,8,300
0x64cc9d,99.8172%,21,11466,11487,2821,19,2,8645
0x64cca3,99.7571%,21,8626,8647,2854,20,1,5772
0x4ad6cc,94.0299%,20,315,335,114,17,3,201
0x649a90,99.8814%,20,16845,16865,10976,18,2,5869
0x7b32e6,84.127%,20,106,126,3,17,3,103
0x547d3a,95.0495%,20,384,404,378,3,17,6
0x498413,99.9809%,18,94399,94417,47756,10,8,46643
0x4a85b0,95%,18,342,360,342,2,16,0
0x7d2236,99.731%,17,6303,6320,5895,14,3,408
0x45bdbf,82.1053%,17,78,95,33,11,6,45
0x674e57,99.5573%,17,3823,3840,3807,3,14,16
0x4ab7f9,96.5587%,17,477,494,169,13,4,308
0x4602e9,98.2262%,16,886,902,374,7,9,512
0x7b14c3,68.6275%,16,35,51,3,6,10,32
0x4a6fd9,90.6977%,16,156,172,122,5,11,34
0x64cd2f,99.913%,15,17219,17234,11325,15,0,5894
0x638f7a,99.9055%,15,15866,15881,14631,7,8,1235
0x7b14cc,64.2857%,15,27,42,24,7,8,3
0x5ea649,90%,15,135,150,130,6,9,5
0x45b74f,84.7826%,14,78,92,24,11,3,54
0x48c6d1,75.4386%,14,43,57,43,7,7,0
0x49852d,99.8871%,13,11505,11518,5864,6,7,5641
0x4069f0,99.7807%,13,5916,5929,421,5,8,5495
0x66db68,98.8473%,12,1029,1041,0,4,8,1029
0x5ec0af,92.3567%,12,145,157,135,7,5,10
0x4a73b7,93.0233%,12,160,172,44,10,2,116
0x498459,99.9743%,12,46639,46651,23865,8,4,22774
0x415788,90.6977%,12,117,129,103,3,9,14
0x7b329d,99.3039%,12,1712,1724,0,8,4,1712
0x5a12f2,99.9814%,11,59153,59164,47296,0,11,11857
0x64ccb7,99.8728%,11,8636,8647,2945,3,8,5691
0x5ea774,91.9118%,11,125,136,5,11,0,120
0x7b14de,99.8905%,11,10035,10046,0,9,2,10035
0x460287,99.0503%,10,1043,1053,324,8,2,719
0x48c7ea,82.4561%,10,47,57,45,5,5,2
0x4b5a08,99.9152%,10,11784,11794,0,8,2,11784
0x406d73,97.8873%,9,417,426,0,8,1,417
0x7b31fd,99.952%,9,18736,18745,0,9,0,18736
0x48942a,99.8475%,9,5894,5903,0,8,1,5894
0x45c72d,47.0588%,9,8,17,7,8,1,1
0x678c13,99.9968%,9,278379,278388,35844,9,0,242535
0x7b1cdc,99.9068%,8,8572,8580,0,8,0,8572
0x4a7508,85.1852%,8,46,54,35,4,4,11
0x4157c8,94.2029%,8,130,138,112,3,5,18
0x4a7270,98.2262%,8,443,451,275,4,4,168
0x649ecd,99.9629%,7,18838,18845,12056,4,3,6782
0x48ea16,95.9302%,7,165,172,164,1,6,1
0x4a7d8b,66.6667%,7,14,21,10,4,3,4
0x5d8eff,89.7059%,7,61,68,37,3,4,24
0x4ab766,99.4243%,7,1209,1216,1209,5,2,0
0x5ea1b3,99.5663%,7,1607,1614,1464,3,4,143
0x4a73d4,95.9302%,7,165,172,35,6,1,130
0x7b30a3,99.8734%,7,5521,5528,5272,3,4,249
0x7b31e7,99.9715%,6,21059,21065,15948,3,3,5111
0x4a7069,96.5116%,6,166,172,148,1,5,18
0x678c20,99.9975%,6,242529,242535,53248,6,0,189281
0x64d0b2,99.9424%,6,10418,10424,360,0,6,10058
0x7b369b,85.3659%,6,35,41,0,6,0,35
0x7b3645,85.3659%,6,35,41,27,0,6,8
0x4a71fe,93.1818%,6,82,88,48,1,5,34
0x4984f1,99.9503%,6,12069,12075,6144,5,1,5925
0x7b37f9,99.9212%,6,7608,7614,5480,3,3,2128
0x45b761,89.4737%,6,51,57,43,3,3,8
0x64cc6f,99.9999%,6,4310830,4310836,0,6,0,4310830
0x5a0b83,99.9577%,5,11815,11820,5892,2,3,5923
0x66dd49,92.1875%,5,59,64,46,2,3,13
0x5ec163,96.8153%,5,152,157,146,4,1,6
0x7b1c81,75%,5,15,20,0,4,1,15
0x676e00,93.75%,5,75,80,64,0,5,11
0x66dd14,78.2609%,5,18,23,3,4,1,15
0x4a8079,96.124%,5,124,129,102,4,1,22
0x7b141a,44.4444%,5,4,9,4,3,2,0
0x45c71f,83.3333%,5,25,30,11,2,3,14
0x45c8cf,85.2941%,5,29,34,5,3,2,24
0x5ea758,64.2857%,5,9,14,5,2,3,4
0x4b59b0,99.9576%,5,11789,11794,5895,2,3,5894
0x48c6f4,28.5714%,5,2,7,2,4,1,0
0x487b79,90%,5,45,50,28,1,4,17
0x549939,37.5%,5,3,8,3,3,2,0
0x4a74c5,97.093%,5,167,172,36,5,0,131
0x674d84,93.3333%,4,56,60,26,4,0,30
0x4a7420,90.2439%,4,37,41,29,3,1,8
0x4a81a1,82.6087%,4,19,23,3,4,0,16
0x4a71f3,96.8504%,4,123,127,36,3,1,87
0x7b3691,90.2439%,4,37,41,37,2,2,0
0x649a20,99.9833%,4,23942,23946,18016,1,3,5926
0x549929,50%,4,4,8,3,3,1,1
0x4069e7,99.9901%,4,40564,40568,34639,0,4,5925
0x4a77f5,87.5%,4,28,32,14,2,2,14
0x4e9118,0%,4,0,4,0,2,2,0
0x45fa18,92.4528%,4,49,53,26,4,0,23
0x46167b,84%,4,21,25,4,4,0,17
0x5ec7ad,99.8039%,3,1527,1530,801,0,3,726
0x488580,96.25%,3,77,80,63,1,2,14
0x4e8bce,0%,3,0,3,0,1,2,0
0x494813,25%,3,1,4,0,2,1,1
0x460fbd,57.1429%,3,4,7,4,3,0,0
0x7b1c8a,81.25%,3,13,16,0,3,0,13
0x5a0ff5,99.9944%,3,53255,53258,53234,0,3,21
0x4e8c0f,25%,3,1,4,1,1,2,0
0x4a7512,80%,3,12,15,6,3,0,6
0x5a1320,99.9747%,3,11865,11868,21,3,0,11844
0x46034e,0%,3,0,3,0,3,0,0
0x538df6,92.1053%,3,35,38,35,0,3,0
0x64a754,99.9972%,3,107255,107258,53231,3,0,54024
0x7b3446,99.9623%,3,7950,7953,5525,1,2,2425
0x64c570,62.5%,3,5,8,5,3,0,0
0x7b364e,78.5714%,3,11,14,11,1,2,0
0x4e90e7,25%,3,1,4,0,3,0,1
0x5d9185,95.8333%,3,69,72,44,0,3,25
0x5ec254,98%,3,147,150,5,3,0,142
0x45f985,99.1228%,3,339,342,293,1,2,46
0x45c85c,91.1765%,3,31,34,29,1,2,2
0x5ec091,98.3784%,3,182,185,0,0,3,182
0x45bc8e,96.1538%,2,50,52,0,1,1,50
0x64990d,50%,2,2,4,2,2,0,0
0x494945,60%,2,3,5,2,1,1,1
0x7b33c8,99.9138%,2,2318,2320,2318,2,0,0
0x494864,60%,2,3,5,3,2,0,0
0x4ed04e,33.3333%,2,1,3,1,1,1,0
0x4e8f36,0%,2,0,2,0,2,0,0
0x4a73d8,98.4733%,2,129,131,118,0,2,11
0x415d17,98.9796%,2,194,196,173,0,2,21
0x5a0991,99.9882%,2,16960,16962,11263,1,1,5697
0x48cd27,33.3333%,2,1,3,1,1,1,0
0x48cdbf,50%,2,2,4,2,1,1,0
0x550b32,99.9831%,2,11819,11821,5926,1,1,5893
0x4e8314,0%,2,0,2,0,1,1,0
0x4607ad,71.4286%,2,5,7,0,0,2,5
0x550be0,99.9831%,2,11819,11821,5925,2,0,5894
0x4e8e9b,0%,2,0,2,0,1,1,0
0x415e1a,91.3043%,2,21,23,21,2,0,0
0x683e87,75%,2,6,8,6,2,0,0
0x7b1bae,99.9914%,2,23350,23352,12442,2,0,10908
0x4e8e57,0%,2,0,2,0,1,1,0
0x4868d9,85.7143%,2,12,14,6,1,1,6
0x45f929,99.4792%,2,382,384,336,0,2,46
0x5ea6c8,85.7143%,2,12,14,5,2,0,7
0x4ab8a3,99.7126%,1,347,348,32,0,1,315
0x4e89da,0%,1,0,1,0,1,0,0
0x48cb63,66.6667%,1,2,3,2,1,0,0
0x66f058,99.8837%,1,859,860,172,0,1,687
0x7bd972,99.5833%,1,239,240,210,0,1,29
0x5ec475,92.8571%,1,13,14,13,1,0,0
0x5a12c8,99.9981%,1,53257,53258,29569,1,0,23688
0x6ee670,0%,1,0,1,0,1,0,0
0x7b22bb,87.5%,1,7,8,0,1,0,7
0x64cfa7,97.8723%,1,46,47,0,0,1,46
0x460290,99.8613%,1,720,721,31,1,0,689
0x676e0f,93.75%,1,15,16,15,1,0,0
0x4e9084,50%,1,1,2,0,1,0,1
0x66f3e1,99.8062%,1,515,516,171,1,0,344
0x4ea408,50%,1,1,2,1,1,0,0
0x5a15e5,99.9824%,1,5679,5680,31,1,0,5648
0x7b1424,50%,1,1,2,1,1,0,0
0x48c482,93.3333%,1,14,15,5,1,0,9
0x4e8272,0%,1,0,1,0,1,0,0
0x4e8bb0,75%,1,3,4,0,1,0,3
0x4946cd,50%,1,1,2,1,1,0,0
0x4e9191,50%,1,1,2,1,1,0,0
0x5486b1,99.9915%,1,11819,11820,5894,0,1,5925
0x4ed005,0%,1,0,1,0,1,0,0
0x5ec71d,98.6111%,1,71,72,39,1,0,32
0x4ea6c8,50%,1,1,2,1,1,0,0
0x49b04d,96.875%,1,31,32,7,1,0,24
0x48641a,85.7143%,1,6,7,6,1,0,0
0x4ecf6c,0%,1,0,1,0,1,0,0
0x487b4d,98%,1,49,50,6,1,0,43
0x4a7439,99.2857%,1,139,140,139,1,0,0
0x5ec234,85.7143%,1,6,7,6,1,0,0
0x48c94f,66.6667%,1,2,3,2,1,0,0
0x5ea6cf,85.7143%,1,6,7,6,1,0,0
0x5ec167,85.7143%,1,6,7,6,1,0,0
0x4890f3,99.9943%,1,17468,17469,5647,1,0,11821
0x4e967a,0%,1,0,1,0,1,0,0
0x487956,94.7368%,1,18,19,5,1,0,13
0x494762,50%,1,1,2,1,1,0,0
0x7d2242,99.7567%,1,410,411,410,1,0,0
0x4e9a2a,0%,1,0,1,0,1,0,0
0x5eae44,92.8571%,1,13,14,13,1,0,0
0x5a142f,99.9981%,1,53188,53189,23618,1,0,29570
0x5ea4b1,85.7143%,1,6,7,0,0,1,6
0x460349,75%,1,3,4,0,1,0,3
0x5a147e,99.9976%,1,41437,41438,41414,0,1,23
0x54aeb9,98.4375%,1,63,64,63,1,0,0
0x5ea1a0,99.938%,1,1613,1614,1613,1,0,0
0x48668a,85.7143%,1,6,7,6,1,0,0
0x4b59e6,99.983%,1,5896,5897,0,0,1,5896
0x5eae6d,92.8571%,1,13,14,6,1,0,7
0x4e8dbb,0%,1,0,1,0,1,0,0
0x66dd29,98.75%,1,79,80,63,1,0,16
0x4ea9a2,0%,1,0,1,0,1,0,0
0x5eae5a,92.8571%,1,13,14,6,1,0,7
0x48cca7,66.6667%,1,2,3,2,1,0,0
0x45bd4c,98.9474%,1,94,95,72,1,0,22
0x48cbe2,66.6667%,1,2,3,2,1,0,0
0x48c4d2,85.7143%,1,6,7,0,0,1,6
0x4e8fc9,50%,1,1,2,1,1,0,0
0x4ea81a,50%,1,1,2,1,1,0,0
0x460efb,85.7143%,1,6,7,6,1,0,0
0x460f35,85.7143%,1,6,7,6,1,0,0
0x48ca15,66.6667%,1,2,3,2,1,0,0
0x5ec357,98.1481%,1,53,54,34,0,1,19
0x48c4e8,85.7143%,1,6,7,0,1,0,6
0x48c40f,85.7143%,1,6,7,0,1,0,6
0x6180c1,95.6522%,1,22,23,22,1,0,0
0x4a7d4a,95.2381%,1,20,21,20,1,0,0
0x4e8c46,0%,1,0,1,0,1,0,0
0x4a7f89,85.7143%,1,6,7,6,1,0,0
0x5ea4f2,85.7143%,1,6,7,6,1,0,0
0x676ebf,97.9167%,1,47,48,47,1,0,0
0x5498ba,50%,1,1,2,1,1,0,0
0x460341,80%,1,4,5,0,1,0,4
0x460363,50%,1,1,2,0,1,0,1
0x4e9092,0%,1,0,1,0,1,0,0
0x4ea9e4,0%,1,0,1,0,1,0,0
0x48c859,0%,1,0,1,0,1,0,0
0x535ba7,98.5507%,1,68,69,34,0,1,34
0x460f6f,85.7143%,1,6,7,6,1,0,0
0x676ee2,97.9167%,1,47,48,31,1,0,16
0x63905a,100%,0,15881,15881,15881,0,0,0
0x5a0da9,100%,0,32,32,32,0,0,0
0x64cce0,100%,0,17234,17234,0,0,0,17234
0x5d9194,100%,0,28,28,0,0,0,28
0x4a7481,100%,0,140,140,140,0,0,0
0x5dfb81,100%,0,52688,52688,0,0,0,52688
0x638783,100%,0,11829,11829,0,0,0,11829
0x54dff7,100%,0,24603,24603,0,0,0,24603
0x4a9aef,100%,0,8,8,8,0,0,0
0x4ea909,100%,0,1,1,0,0,0,1
0x5505fe,100%,0,5894,5894,5894,0,0,0
0x7b3586,100%,0,122550,122550,0,0,0,122550
0x486192,100%,0,5895,5895,0,0,0,5895
0x7b34a2,100%,0,1524,1524,0,0,0,1524
0x638efc,100%,0,15881,15881,15881,0,0,0
0x4e161a,100%,0,172,172,172,0,0,0
0x486767,100%,0,7,7,0,0,0,7
0x60c223,100%,0,8,8,8,0,0,0
0x4a76d5,100%,0,32,32,32,0,0,0
0x64cca9,100%,0,5773,5773,0,0,0,5773
0x64466b,100%,0,23596,23596,0,0,0,23596
0x64ccae,100%,0,5773,5773,0,0,0,5773
0x7b17d6,100%,0,31,31,0,0,0,31
0x638f59,100%,0,15881,15881,15881,0,0,0
0x49470e,100%,0,2,2,0,0,0,2
0x6f7b5f,100%,0,30,30,30,0,0,0
0x54a365,100%,0,29570,29570,0,0,0,29570
0x64e322,100%,0,343,343,0,0,0,343
0x5ec463,100%,0,14,14,0,0,0,14
0x67449b,100%,0,30,30,0,0,0,30
0x535b69,100%,0,35,35,0,0,0,35
0x486454,100%,0,7,7,0,0,0,7
0x7b3797,100%,0,298,298,0,0,0,298
0x60cf2a,100%,0,8,8,8,0,0,0
0x550cb7,100%,0,5977,5977,0,0,0,5977
0x5e9b6a,100%,0,35,35,0,0,0,35
0x5e5b69,100%,0,11911,11911,0,0,0,11911
0x68d8da,100%,0,8,8,8,0,0,0
0x644a72,100%,0,23596,23596,0,0,0,23596
0x639f1f,100%,0,8,8,0,0,0,8
0x406865,100%,0,16,16,16,0,0,0
0x63a0b7,100%,0,8,8,8,0,0,0
0x4ebee7,100%,0,2,2,0,0,0,2
0x64c67a,100%,0,8,8,8,0,0,0
0x7b1bd2,100%,0,10272,10272,0,0,0,10272
0x60cbd3,100%,0,8,8,8,0,0,0
0x64e27c,100%,0,343,343,0,0,0,343
0x416517,100%,0,23,23,0,0,0,23
0x638797,100%,0,11829,11829,0,0,0,11829
0x639eeb,100%,0,8,8,0,0,0,8
0x644bbc,100%,0,23596,23596,23596,0,0,0
0x6391af,100%,0,1305,1305,1305,0,0,0
0x7b3248,100%,0,849,849,0,0,0,849
0x7b3755,100%,0,7912,7912,0,0,0,7912
0x489340,100%,0,5902,5902,0,0,0,5902
0x406c5a,100%,0,33173,33173,33173,0,0,0
0x460eec,100%,0,7,7,0,0,0,7
0x4a817d,100%,0,23,23,23,0,0,0
0x48e93f,100%,0,172,172,172,0,0,0
0x64e2fb,100%,0,343,343,343,0,0,0
0x638e18,100%,0,17186,17186,0,0,0,17186
0x7ac00a,100%,0,30,30,0,0,0,30
0x5d0b12,100%,0,15360,15360,15360,0,0,0
0x499287,100%,0,34,34,0,0,0,34
0x684188,100%,0,8,8,0,0,0,8
0x644921,100%,0,23596,23596,23596,0,0,0
0x617d05,100%,0,531,531,531,0,0,0
0x6390bc,100%,0,17186,17186,15881,0,0,1305
0x7b31a8,100%,0,18736,18736,0,0,0,18736
0x7ac01b,100%,0,30,30,0,0,0,30
0x4b5a19,100%,0,11786,11786,0,0,0,11786
0x461187,100%,0,7,7,0,0,0,7
0x64d25f,100%,0,10064,10064,10064,0,0,0
0x5a0973,100%,0,16962,16962,0,0,0,16962
0x7b1399,100%,0,5528,5528,0,0,0,5528
0x7b30c2,100%,0,5528,5528,0,0,0,5528
0x4b5a8f,100%,0,11786,11786,0,0,0,11786
0x548680,100%,0,5926,5926,0,0,0,5926
0x66dd61,100%,0,16,16,16,0,0,0
0x4b5a47,100%,0,11786,11786,0,0,0,11786
0x4a72d7,100%,0,172,172,172,0,0,0
0x649e8a,100%,0,18845,18845,18845,0,0,0
0x49c6e6,100%,0,11821,11821,11821,0,0,0
0x645d78,100%,0,64,64,0,0,0,64
0x48c642,100%,0,57,57,57,0,0,0
0x406cbf,100%,0,33173,33173,0,0,0,33173
0x7b50eb,100%,0,34192,34192,34192,0,0,0
0x7b201a,100%,0,10272,10272,0,0,0,10272
0x4b59da,100%,0,5897,5897,0,0,0,5897
0x499e34,100%,0,301,301,161,0,0,140
0x60c63b,100%,0,8,8,0,0,0,8
0x68841a,100%,0,8,8,0,0,0,8
0x4dbf47,100%,0,1,1,0,0,0,1
0x7b1c24,100%,0,10272,10272,0,0,0,10272
0x7b50c3,100%,0,34192,34192,0,0,0,34192
0x5a1560,100%,0,11820,11820,0,0,0,11820
0x4867b8,100%,0,29477,29477,29477,0,0,0
0x406947,100%,0,16865,16865,0,0,0,16865
0x48857b,100%,0,80,80,0,0,0,80
0x6ec690,100%,0,34191,34191,34191,0,0,0
0x7b1add,100%,0,33624,33624,0,0,0,33624
0x649a13,100%,0,23946,23946,0,0,0,23946
0x45c756,100%,0,15,15,0,0,0,15
0x6840d2,100%,0,8,8,0,0,0,8
0x406a10,100%,0,5503,5503,0,0,0,5503
0x54beba,100%,0,5927,5927,5927,0,0,0
0x486822,100%,0,29477,29477,0,0,0,29477
0x4b5a80,100%,0,11786,11786,0,0,0,11786
0x64cf0b,100%,0,360,360,0,0,0,360
0x66f364,100%,0,516,516,516,0,0,0
0x48c9a5,100%,0,3,3,0,0,0,3
0x7b1cbd,100%,0,9243,9243,0,0,0,9243
0x4b5b47,100%,0,11786,11786,0,0,0,11786
0x5553b7,100%,0,57,57,0,0,0,57
0x4b5a56,100%,0,11786,11786,11786,0,0,0
0x7a6433,100%,0,30,30,30,0,0,0
0x48eabb,100%,0,7,7,0,0,0,7
0x4867a6,100%,0,29477,29477,0,0,0,29477
0x6841a8,100%,0,8,8,8,0,0,0
0x7b1cf3,100%,0,10272,10272,0,0,0,10272
0x4866d9,100%,0,7,7,0,0,0,7
0x48c9fe,100%,0,3,3,0,0,0,3
0x4a8159,100%,0,23,23,23,0,0,0
0x5e34c3,100%,0,5895,5895,0,0,0,5895
0x45f8c6,100%,0,48,48,0,0,0,48
0x6841fb,100%,0,8,8,8,0,0,0
0x54f8e9,100%,0,5927,5927,5927,0,0,0
0x5a1349,100%,0,11844,11844,0,0,0,11844
0x495745,100%,0,11844,11844,11844,0,0,0
0x49568f,100%,0,11820,11820,11820,0,0,0
0x639c5c,100%,0,8,8,8,0,0,0
0x4868ea,100%,0,7,7,0,0,0,7
0x489368,100%,0,11797,11797,5895,0,0,5902
0x5dfef9,100%,0,11797,11797,0,0,0,11797
0x618a47,100%,0,172,172,172,0,0,0
0x674da3,100%,0,30,30,30,0,0,0
0x5e3945,100%,0,5902,5902,0,0,0,5902
0x63912f,100%,0,1305,1305,1305,0,0,0
0x7b5145,100%,0,34192,34192,0,0,0,34192
0x645bff,100%,0,64,64,64,0,0,0
0x638a0b,100%,0,17744,17744,0,0,0,17744
0x4a7590,100%,0,163,163,163,0,0,0
0x6390e3,100%,0,1305,1305,1305,0,0,0
0x7b5753,100%,0,33624,33624,0,0,0,33624
0x5a1353,100%,0,47296,47296,23608,0,0,23688
0x415f02,100%,0,23,23,0,0,0,23
0x7b30b4,100%,0,253,253,0,0,0,253
0x486804,100%,0,29477,29477,29477,0,0,0
0x66ef6f,100%,0,516,516,516,0,0,0
0x63a397,100%,0,8,8,0,0,0,8
0x674d99,100%,0,30,30,0,0,0,30
0x4aa06f,100%,0,8,8,8,0,0,0
0x4867d1,100%,0,29477,29477,29477,0,0,0
0x5361b8,100%,0,35,35,35,0,0,0
0x5a1357,100%,0,23688,23688,23664,0,0,24
0x5a138c,100%,0,23608,23608,11788,0,0,11820
0x5a13b1,100%,0,11820,11820,11820,0,0,0
0x7a6428,100%,0,30,30,30,0,0,0
0x406b70,100%,0,1264,1264,0,0,0,1264
0x60c11c,100%,0,8,8,0,0,0,8
0x486186,100%,0,5895,5895,0,0,0,5895
0x495678,100%,0,11844,11844,24,0,0,11820
0x535be0,100%,0,35,35,35,0,0,0
0x644c9c,100%,0,23596,23596,23596,0,0,0
0x54cd88,100%,0,8,8,0,0,0,8
0x674211,100%,0,30,30,30,0,0,0
0x674e7d,100%,0,30,30,0,0,0,30
0x7b14b1,100%,0,51,51,0,0,0,51
0x4a7cf8,100%,0,7,7,0,0,0,7
0x45fa14,100%,0,53,53,0,0,0,53
0x7a639a,100%,0,30,30,0,0,0,30
0x674e26,100%,0,30,30,0,0,0,30
0x48809c,100%,0,16,16,16,0,0,0
0x4a81d4,100%,0,23,23,23,0,0,0
0x7b575c,100%,0,33624,33624,33624,0,0,0
0x617e90,100%,0,172,172,0,0,0,172
0x674207,100%,0,30,30,0,0,0,30
0x5dfc64,100%,0,11798,11798,0,0,0,11798
0x675197,100%,0,30,30,0,0,0,30
0x63a547,100%,0,8,8,0,0,0,8
0x48c927,100%,0,1,1,0,0,0,1
0x4a76ed,100%,0,32,32,0,0,0,32
0x5ea61b,100%,0,150,150,0,0,0,150
0x68d908,100%,0,8,8,0,0,0,8
0x7b3043,100%,0,10601,10601,0,0,0,10601
0x6f7794,100%,0,30,30,0,0,0,30
0x683ed3,100%,0,8,8,0,0,0,8
0x6744ad,100%,0,30,30,0,0,0,30
0x5d78e7,100%,0,36,36,36,0,0,0
0x4607be,100%,0,7,7,0,0,0,7
0x7bd8e5,100%,0,30,30,30,0,0,0
0x48cb50,100%,0,3,3,0,0,0,3
0x48ea59,100%,0,7,7,0,0,0,7
0x64d0c3,100%,0,338922,338922,0,0,0,338922
0x63a17f,100%,0,8,8,8,0,0,0
0x5d0b9a,100%,0,15360,15360,0,0,0,15360
0x5d0b51,100%,0,15360,15360,15360,0,0,0
0x618265,100%,0,23,23,0,0,0,23
0x5d0ae6,100%,0,30,30,0,0,0,30
0x5d0ac2,100%,0,30,30,0,0,0,30
0x45f8cc,100%,0,48,48,0,0,0,48
0x7b233e,100%,0,3,3,0,0,0,3
0x60cba1,100%,0,8,8,8,0,0,0
0x4b5bb0,100%,0,11786,11786,11786,0,0,0
0x64df90,100%,0,10982,10982,10982,0,0,0
0x60cb6f,100%,0,8,8,8,0,0,0
0x4a780b,100%,0,163,163,163,0,0,0
0x54f2c7,100%,0,50,50,0,0,0,50
0x66efbf,100%,0,516,516,516,0,0,0
0x415d36,100%,0,23,23,23,0,0,0
0x5e9f0e,100%,0,35,35,35,0,0,0
0x60caa7,100%,0,8,8,8,0,0,0
0x60c8e0,100%,0,8,8,8,0,0,0
0x60c8db,100%,0,8,8,0,0,0,8
0x4a7577,100%,0,163,163,163,0,0,0
0x4a97ec,100%,0,8,8,0,0,0,8
0x4a97dd,100%,0,8,8,0,0,0,8
0x49c014,100%,0,5902,5902,0,0,0,5902
0x60c8d2,100%,0,8,8,0,0,0,8
0x4863f6,100%,0,7,7,0,0,0,7
0x4a766a,100%,0,163,163,0,0,0,163
0x60ccf2,100%,0,8,8,0,0,0,8
0x7b5743,100%,0,33624,33624,0,0,0,33624
0x7b22b4,100%,0,8,8,0,0,0,8
0x4a75dd,100%,0,163,163,0,0,0,163
0x54a4c8,100%,0,34,34,34,0,0,0
0x4a756e,100%,0,163,163,0,0,0,163
0x48e8f8,100%,0,172,172,0,0,0,172
0x60c375,100%,0,8,8,0,0,0,8
0x5a0e57,100%,0,32,32,32,0,0,0
0x5a0da4,100%,0,32,32,0,0,0,32
0x5504c3,100%,0,5894,5894,5894,0,0,0
0x4a769f,100%,0,13422,13422,0,0,0,13422
0x5a0d84,100%,0,32,32,0,0,0,32
0x4f0e43,100%,0,24,24,24,0,0,0
0x684310,100%,0,8,8,0,0,0,8
0x4e8d9c,100%,0,1,1,0,0,0,1
0x68d7c2,100%,0,8,8,0,0,0,8
0x406dbc,100%,0,426,426,0,0,0,426
0x68435e,100%,0,8,8,8,0,0,0
0x7b31c9,100%,0,21065,21065,0,0,0,21065
0x5ea640,100%,0,150,150,0,0,0,150
0x645e17,100%,0,64,64,0,0,0,64
0x49b0c8,100%,0,24,24,0,0,0,24
0x4b5aec,100%,0,11786,11786,0,0,0,11786
0x68421c,100%,0,8,8,8,0,0,0
0x66efb6,100%,0,516,516,0,0,0,516
0x5ec7d8,100%,0,729,729,594,0,0,135
0x416a5b,100%,0,23,23,23,0,0,0
0x684198,100%,0,8,8,0,0,0,8
0x63a1b1,100%,0,8,8,8,0,0,0
0x7a63e4,100%,0,30,30,0,0,0,30
0x4991d9,100%,0,69,69,35,0,0,34
0x499c0c,100%,0,172,172,172,0,0,0
0x7b22e9,100%,0,1,1,0,0,0,1
0x66f346,100%,0,860,860,344,0,0,516
0x7b33f3,100%,0,155,155,0,0,0,155
0x7b511c,100%,0,34192,34192,34192,0,0,0
0x683fb3,100%,0,8,8,8,0,0,0
0x66efb1,100%,0,516,516,0,0,0,516
0x4e157f,100%,0,172,172,172,0,0,0
0x45f94b,100%,0,48,48,0,0,0,48
0x60cf3e,100%,0,8,8,0,0,0,8
0x48611e,100%,0,11786,11786,0,0,0,11786
0x60c147,100%,0,8,8,0,0,0,8
0x66f6d3,100%,0,172,172,172,0,0,0
0x4a74b9,100%,0,172,172,172,0,0,0
0x5e4f85,100%,0,4,4,0,0,0,4
0x4ab7cd,100%,0,494,494,494,0,0,0
0x4ab7a0,100%,0,312,312,0,0,0,312
0x7abff6,100%,0,30,30,0,0,0,30
0x60ce29,100%,0,8,8,8,0,0,0
0x7a641a,100%,0,30,30,0,0,0,30
0x7bd983,100%,0,30,30,0,0,0,30
0x60c90f,100%,0,8,8,0,0,0,8
0x7bd91e,100%,0,30,30,0,0,0,30
0x4a6f71,100%,0,172,172,0,0,0,172
0x460fb1,100%,0,7,7,0,0,0,7
0x7ac029,100%,0,30,30,0,0,0,30
0x4b598a,100%,0,11794,11794,0,0,0,11794
0x68d7fc,100%,0,8,8,0,0,0,8
0x7a640e,100%,0,30,30,30,0,0,0
0x48c5e4,100%,0,57,57,57,0,0,0
0x7a63c3,100%,0,30,30,0,0,0,30
0x60cdbc,100%,0,8,8,0,0,0,8
0x63a0e8,100%,0,8,8,0,0,0,8
0x7a63ad,100%,0,30,30,0,0,0,30
0x549907,100%,0,2,2,0,0,0,2
0x60cdcc,100%,0,8,8,8,0,0,0
0x60cda8,100%,0,8,8,0,0,0,8
0x60cd87,100%,0,8,8,0,0,0,8
0x46030f,100%,0,2,2,0,0,0,2
0x549332,100%,0,8,8,0,0,0,8
0x7b307d,100%,0,31872,31872,0,0,0,31872
0x45f8dd,100%,0,48,48,0,0,0,48
0x4868e4,100%,0,7,7,0,0,0,7
0x48797c,100%,0,13,13,6,0,0,7
0x54ce66,100%,0,8,8,0,0,0,8
0x549414,100%,0,8,8,8,0,0,0
0x54ce47,100%,0,8,8,0,0,0,8
0x54ce37,100%,0,8,8,0,0,0,8
0x54ab39,100%,0,32,32,32,0,0,0
0x4a75c5,100%,0,163,163,0,0,0,163
0x7a64af,100%,0,30,30,30,0,0,0
0x684167,100%,0,8,8,0,0,0,8
0x60cad8,100%,0,8,8,0,0,0,8
0x63a3d9,100%,0,8,8,8,0,0,0
0x64d11c,100%,0,10064,10064,10064,0,0,0
0x64d0fb,100%,0,328858,328858,328858,0,0,0
0x64cea7,100%,0,37821,37821,0,0,0,37821
0x64ce12,100%,0,10424,10424,0,0,0,10424
0x64ce08,100%,0,10424,10424,0,0,0,10424
0x4ea94c,100%,0,1,1,0,0,0,1
0x64d187,100%,0,10064,10064,10064,0,0,0
0x63a595,100%,0,8,8,8,0,0,0
0x64d063,100%,0,10424,10424,0,0,0,10424
0x46037b,100%,0,1,1,0,0,0,1
0x64d04f,100%,0,360,360,360,0,0,0
0x498589,100%,0,16,16,16,0,0,0
0x63a533,100%,0,8,8,8,0,0,0
0x550509,100%,0,11854,11854,5927,0,0,5927
0x64cf4e,100%,0,360,360,360,0,0,0
0x66f35b,100%,0,516,516,0,0,0,516
0x4aad21,100%,0,16,16,0,0,0,16
0x461682,100%,0,17,17,17,0,0,0
0x7b1bfb,100%,0,10272,10272,0,0,0,10272
0x7b1f55,100%,0,10272,10272,0,0,0,10272
0x7b1f40,100%,0,10272,10272,10272,0,0,0
0x6f7b15,100%,0,30,30,0,0,0,30
0x499e3f,100%,0,140,140,140,0,0,0
0x7b1bde,100%,0,10272,10272,10272,0,0,0
0x49c4af,100%,0,11821,11821,11821,0,0,0
0x5e1007,100%,0,36,36,0,0,0,36
0x5ea7a9,100%,0,120,120,120,0,0,0
0x6743d1,100%,0,30,30,0,0,0,30
0x54958d,100%,0,8,8,8,0,0,0
0x7b1b84,100%,0,10908,10908,10908,0,0,0
0x64d1e7,100%,0,10064,10064,0,0,0,10064
0x68d7cb,100%,0,8,8,0,0,0,8
0x618c01,100%,0,187,187,187,0,0,0
0x618c47,100%,0,187,187,187,0,0,0
0x4a9aff,100%,0,8,8,0,0,0,8
0x535a7f,100%,0,69,69,0,0,0,69
0x60cce8,100%,0,8,8,0,0,0,8
0x4067c2,100%,0,16,16,0,0,0,16
0x54cd7f,100%,0,8,8,0,0,0,8
0x4e89b0,100%,0,1,1,0,0,0,1
0x674251,100%,0,30,30,0,0,0,30
0x7b35c4,100%,0,9,9,0,0,0,9
0x618bb8,100%,0,187,187,187,0,0,0
0x49a40d,100%,0,114,114,0,0,0,114
0x64d1aa,100%,0,10064,10064,0,0,0,10064
0x60c131,100%,0,8,8,0,0,0,8
0x48c9e5,100%,0,3,3,0,0,0,3
0x63a1e3,100%,0,8,8,8,0,0,0
0x63a3c9,100%,0,8,8,0,0,0,8
0x5a15a3,100%,0,5680,5680,0,0,0,5680
0x5a146b,100%,0,53157,53157,53157,0,0,0
0x63a432,100%,0,8,8,8,0,0,0
0x63a3b8,100%,0,8,8,0,0,0,8
0x63a307,100%,0,8,8,0,0,0,8
0x63a302,100%,0,8,8,0,0,0,8
0x7a64bc,100%,0,30,30,0,0,0,30
0x64ccc0,100%,0,8539,8539,0,0,0,8539
0x538de7,100%,0,38,38,0,0,0,38
0x7b1c07,100%,0,10272,10272,10272,0,0,0
0x68417b,100%,0,8,8,0,0,0,8
0x49853e,100%,0,5870,5870,0,0,0,5870
0x554c67,100%,0,57,57,0,0,0,57
0x61824e,100%,0,23,23,0,0,0,23
0x60c35a,100%,0,8,8,0,0,0,8
0x49a4dd,100%,0,114,114,114,0,0,0
0x4a86b7,100%,0,851,851,0,0,0,851
0x4aa0ab,100%,0,8,8,0,0,0,8
0x60ccf7,100%,0,8,8,0,0,0,8
0x4ad6e3,100%,0,131,131,131,0,0,0
0x674260,100%,0,30,30,30,0,0,0
0x6842fc,100%,0,8,8,8,0,0,0
0x64c562,100%,0,8,8,0,0,0,8
0x7a63d1,100%,0,30,30,30,0,0,0
0x617d68,100%,0,172,172,172,0,0,0
0x67e975,100%,0,8,8,8,0,0,0
0x64c56b,100%,0,8,8,0,0,0,8
0x685b78,100%,0,14,14,0,0,0,14
0x60cd9b,100%,0,8,8,0,0,0,8
0x4a97c2,100%,0,8,8,0,0,0,8
0x45bd89,100%,0,73,73,0,0,0,73
0x4a97b3,100%,0,8,8,0,0,0,8
0x64999d,100%,0,8,8,0,0,0,8
0x617aa0,100%,0,531,531,531,0,0,0
0x7b1ba9,100%,0,23352,23352,0,0,0,23352
0x486462,100%,0,7,7,0,0,0,7
0x4e8ea3,100%,0,1,1,0,0,0,1
0x4aa0c8,100%,0,8,8,8,0,0,0
0x4adb1a,100%,0,172,172,0,0,0,172
0x64df82,100%,0,10982,10982,0,0,0,10982
0x5e9bb1,100%,0,35,35,35,0,0,0
0x7b32bf,100%,0,126,126,126,0,0,0
0x68842d,100%,0,8,8,0,0,0,8
0x7b14a7,100%,0,51,51,0,0,0,51
0x4a97a9,100%,0,8,8,0,0,0,8
0x64c6a8,100%,0,8,8,0,0,0,8
0x63918f,100%,0,1305,1305,1305,0,0,0
0x4a70d4,100%,0,172,172,172,0,0,0
0x64c59c,100%,0,8,8,0,0,0,8
0x4a732b,100%,0,172,172,172,0,0,0
0x7a6409,100%,0,30,30,0,0,0,30
0x4a75eb,100%,0,163,163,163,0,0,0
0x5e6928,100%,0,57,57,0,0,0,57
0x7b2027,100%,0,10272,10272,10272,0,0,0
0x54da57,100%,0,243,243,0,0,0,243
0x7b200e,100%,0,10272,10272,0,0,0,10272
0x54ce50,100%,0,8,8,0,0,0,8
0x60caf4,100%,0,8,8,0,0,0,8
0x7b1d39,100%,0,10272,10272,10272,0,0,0
0x7b1c95,100%,0,10272,10272,0,0,0,10272
0x49b3d7,100%,0,8,8,0,0,0,8
0x487836,100%,0,50,50,0,0,0,50
0x7b1c40,100%,0,10272,10272,0,0,0,10272
0x5eade0,100%,0,7,7,0,0,0,7
0x7b1c32,100%,0,10272,10272,0,0,0,10272
0x6840c8,100%,0,8,8,0,0,0,8
0x7b1c13,100%,0,10272,10272,0,0,0,10272
0x5e2d65,100%,0,23596,23596,0,0,0,23596
0x5e0a67,100%,0,11798,11798,0,0,0,11798
0x7b1c6b,100%,0,20,20,0,0,0,20
0x7b180e,100%,0,2,2,0,0,0,2
0x485f99,100%,0,5903,5903,0,0,0,5903
0x5dfcc2,100%,0,36,36,0,0,0,36
0x5ea00e,100%,0,35,35,0,0,0,35
0x4863fe,100%,0,7,7,0,0,0,7
0x48e9e1,100%,0,172,172,0,0,0,172
0x45f98c,100%,0,777,777,48,0,0,729
0x7b1403,100%,0,9,9,0,0,0,9
0x63a104,100%,0,8,8,0,0,0,8
0x4f0d45,100%,0,24,24,0,0,0,24
0x7b1c61,100%,0,20,20,0,0,0,20
0x64cee9,100%,0,360,360,360,0,0,0
0x4607d6,100%,0,7,7,0,0,0,7
0x7b3fe4,100%,0,6,6,6,0,0,0
0x7b22a6,100%,0,8,8,0,0,0,8
0x4ad6be,100%,0,335,335,0,0,0,335
0x5e94d5,100%,0,35,35,0,0,0,35
0x4b5cf0,100%,0,32,32,32,0,0,0
0x4b5d28,100%,0,32,32,0,0,0,32
0x535c33,100%,0,35,35,35,0,0,0
0x4b5d71,100%,0,32,32,0,0,0,32
0x7b405f,100%,0,39,39,0,0,0,39
0x4b5db5,100%,0,32,32,32,0,0,0
0x645d87,100%,0,64,64,0,0,0,64
0x645e2b,100%,0,64,64,0,0,0,64
0x45f9b1,100%,0,777,777,729,0,0,48
0x645e38,100%,0,64,64,0,0,0,64
0x5ea661,100%,0,14,14,0,0,0,14
0x645e49,100%,0,64,64,0,0,0,64
0x645eb2,100%,0,64,64,64,0,0,0
0x645ed3,100%,0,64,64,64,0,0,0
0x645fb3,100%,0,64,64,64,0,0,0
0x49b0fb,100%,0,24,24,24,0,0,0
0x49b248,100%,0,24,24,0,0,0,24
0x5d8f0f,100%,0,28,28,0,0,0,28
0x645b37,100%,0,64,64,64,0,0,0
0x4168e1,100%,0,23,23,23,0,0,0
0x645b68,100%,0,64,64,0,0,0,64
0x645b84,100%,0,64,64,0,0,0,64
0x645c31,100%,0,64,64,64,0,0,0
0x460f97,100%,0,7,7,0,0,0,7
0x645c63,100%,0,64,64,64,0,0,0
0x487fd0,100%,0,16,16,0,0,0,16
0x4b5ed9,100%,0,16,16,0,0,0,16
0x45b786,100%,0,46,46,0,0,0,46
0x45b79e,100%,0,46,46,0,0,0,46
0x4b5cce,100%,0,32,32,0,0,0,32
0x4b5ce0,100%,0,32,32,0,0,0,32
0x45f8ee,100%,0,48,48,0,0,0,48
0x45f942,100%,0,48,48,0,0,0,48
0x45f9a8,100%,0,777,777,0,0,0,777
0x406db2,100%,0,426,426,0,0,0,426
0x48858c,100%,0,16,16,16,0,0,0
0x488856,100%,0,16,16,16,0,0,0
0x54ad3f,100%,0,16,16,16,0,0,0
0x4f0d69,100%,0,24,24,0,0,0,24
0x4f0d71,100%,0,24,24,24,0,0,0
0x4f0dd9,100%,0,24,24,0,0,0,24
0x4888e0,100%,0,16,16,16,0,0,0
0x6441fe,100%,0,16,16,0,0,0,16
0x48855b,100%,0,16,16,0,0,0,16
0x4aad28,100%,0,16,16,16,0,0,0
0x462151,100%,0,16,16,0,0,0,16
0x488a28,100%,0,16,16,0,0,0,16
0x41573c,100%,0,23,23,0,0,0,23
0x49865b,100%,0,16,16,0,0,0,16
0x547d1c,100%,0,23,23,0,0,0,23
0x61800b,100%,0,23,23,0,0,0,23
0x6180b1,100%,0,23,23,0,0,0,23
0x4067d0,100%,0,16,16,16,0,0,0
0x4b5ee9,100%,0,16,16,0,0,0,16
0x4ea6b9,100%,0,2,2,0,0,0,2
0x4b5f82,100%,0,16,16,16,0,0,0
0x54abaa,100%,0,32,32,0,0,0,32
0x676dca,100%,0,16,16,0,0,0,16
0x676dfb,100%,0,80,80,0,0,0,80
0x676e0a,100%,0,16,16,0,0,0,16
0x487fb6,100%,0,16,16,0,0,0,16
0x64596b,100%,0,64,64,0,0,0,64
0x40682d,100%,0,16,16,16,0,0,0
0x40683f,100%,0,16,16,0,0,0,16
0x488047,100%,0,16,16,16,0,0,0
0x48851b,100%,0,16,16,0,0,0,16
0x45fa28,100%,0,30,30,30,0,0,0
0x48854a,100%,0,16,16,0,0,0,16
0x5ec72f,100%,0,32,32,0,0,0,32
0x48e926,100%,0,172,172,0,0,0,172
0x5a0a04,100%,0,11820,11820,11820,0,0,0
0x4e8302,100%,0,2,2,0,0,0,2
0x7bd917,100%,0,30,30,0,0,0,30
0x5a0d13,100%,0,5926,5926,0,0,0,5926
0x5a0d2c,100%,0,5926,5926,5926,0,0,0
0x66f449,100%,0,172,172,172,0,0,0
0x48caad,100%,0,3,3,0,0,0,3
0x4e160b,100%,0,172,172,0,0,0,172
0x5a09ea,100%,0,11820,11820,0,0,0,11820
0x499247,100%,0,35,35,35,0,0,0
0x66f3ea,100%,0,344,344,0,0,0,344
0x66f065,100%,0,688,688,344,0,0,344
0x499e9a,100%,0,172,172,172,0,0,0
0x617d55,100%,0,172,172,0,0,0,172
0x617dd2,100%,0,172,172,0,0,0,172
0x4a722e,100%,0,172,172,0,0,0,172
0x4ea91b,100%,0,1,1,0,0,0,1
0x5505c3,100%,0,5894,5894,0,0,0,5894
0x7b1b2a,100%,0,23352,23352,0,0,0,23352
0x64cc64,100%,0,4310836,4310836,0,0,0,4310836
0x60c361,100%,0,8,8,0,0,0,8
0x64cc6a,100%,0,4310836,4310836,0,0,0,4310836
0x7d2251,100%,0,6320,6320,0,0,0,6320
0x4ac69d,100%,0,32,32,32,0,0,0
0x48853e,100%,0,16,16,0,0,0,16
0x639261,100%,0,1305,1305,1305,0,0,0
0x4a727f,100%,0,172,172,172,0,0,0
0x5a1ff9,100%,0,23754,23754,0,0,0,23754
0x48c463,100%,0,15,15,0,0,0,15
0x5a0b54,100%,0,5926,5926,0,0,0,5926
0x644873,100%,0,23596,23596,0,0,0,23596
0x645fc7,100%,0,64,64,0,0,0,64
0x5a09b4,100%,0,11820,11820,0,0,0,11820
0x49857b,100%,0,16,16,0,0,0,16
0x45bd76,100%,0,73,73,0,0,0,73
0x5ec137,100%,0,157,157,0,0,0,157
0x5ec15d,100%,0,157,157,0,0,0,157
0x5ec1c4,100%,0,150,150,150,0,0,0
0x5ec259,100%,0,142,142,0,0,0,142
0x5ec7bf,100%,0,729,729,729,0,0,0
0x4dc088,100%,0,163,163,0,0,0,163
0x5f7b79,100%,0,208,208,208,0,0,0
0x5f7ba8,100%,0,208,208,208,0,0,0
0x5ea155,100%,0,136,136,0,0,0,136
0x5ea7cd,100%,0,150,150,0,0,0,150
0x5e002f,100%,0,36,36,0,0,0,36
0x4e8267,100%,0,1,1,0,0,0,1
0x5d78c1,100%,0,36,36,36,0,0,0
0x5e32d6,100%,0,36,36,36,0,0,0
0x5a1486,100%,0,24,24,24,0,0,0
0x548e2e,100%,0,8,8,8,0,0,0
0x5e3316,100%,0,64,64,0,0,0,64
0x7b2329,100%,0,3,3,0,0,0,3
0x4a6f1e,100%,0,172,172,172,0,0,0
0x535b30,100%,0,35,35,35,0,0,0
0x46029b,100%,0,689,689,0,0,0,689
0x4a8c77,100%,0,172,172,0,0,0,172
0x4a6f79,100%,0,172,172,172,0,0,0
0x4a71ce,100%,0,127,127,0,0,0,127
0x4a71dd,100%,0,127,127,0,0,0,127
0x4ad741,100%,0,91,91,0,0,0,91
0x416a4b,100%,0,23,23,0,0,0,23
0x4ad774,100%,0,91,91,91,0,0,0
0x4a71b3,100%,0,172,172,172,0,0,0
0x617ded,100%,0,172,172,172,0,0,0
0x617e9f,100%,0,172,172,0,0,0,172
0x4a821a,100%,0,16,16,0,0,0,16
0x5f7daf,100%,0,243,243,0,0,0,243
0x5ea102,100%,0,150,150,0,0,0,150
0x4864fd,100%,0,7,7,0,0,0,7
0x5eadf3,100%,0,7,7,0,0,0,7
0x5ec440,100%,0,14,14,0,0,0,14
0x7b3fcb,100%,0,6,6,0,0,0,6
0x5ea748,100%,0,14,14,0,0,0,14
0x45ba52,100%,0,7,7,0,0,0,7
0x45ba5e,100%,0,7,7,0,0,0,7
0x4863dd,100%,0,7,7,0,0,0,7
0x4864f5,100%,0,7,7,0,0,0,7
0x5eadcb,100%,0,7,7,0,0,0,7
0x486506,100%,0,7,7,0,0,0,7
0x486678,100%,0,7,7,0,0,0,7
0x4866bb,100%,0,7,7,0,0,0,7
0x4866c7,100%,0,7,7,0,0,0,7
0x4866f1,100%,0,7,7,0,0,0,7
0x4607ec,100%,0,7,7,0,0,0,7
0x460801,100%,0,7,7,0,0,0,7
0x460f26,100%,0,7,7,0,0,0,7
0x5d901e,100%,0,8,8,8,0,0,0
0x5d8f9c,100%,0,16,16,0,0,0,16
0x45c7a8,100%,0,26,26,0,0,0,26
0x45c886,100%,0,30,30,0,0,0,30
0x45c899,100%,0,30,30,0,0,0,30
0x7b2337,100%,0,3,3,0,0,0,3
0x45c76e,100%,0,15,15,0,0,0,15
0x4ea9ec,100%,0,1,1,0,0,0,1
0x5d8fef,100%,0,8,8,8,0,0,0
0x460f60,100%,0,7,7,0,0,0,7
0x4ea9f8,100%,0,1,1,0,0,0,1
0x7b34c8,100%,0,232,232,232,0,0,0
0x48ea37,100%,0,7,7,0,0,0,7
0x48eaac,100%,0,7,7,0,0,0,7
0x48eadd,100%,0,7,7,0,0,0,7
0x4a7d3f,100%,0,21,21,0,0,0,21
0x5ea509,100%,0,7,7,0,0,0,7
0x4e8bf5,100%,0,4,4,0,0,0,4
0x4ecffe,100%,0,1,1,0,0,0,1
0x494704,100%,0,2,2,0,0,0,2
0x4947ca,100%,0,2,2,0,0,0,2
0x4e91c8,100%,0,2,2,0,0,0,2
0x4e9130,100%,0,2,2,0,0,0,2
0x4e9141,100%,0,2,2,0,0,0,2
0x5498f7,100%,0,2,2,0,0,0,2
0x46031f,100%,0,2,2,0,0,0,2
0x4ea981,100%,0,1,1,0,0,0,1
0x538e0b,100%,0,3,3,3,0,0,0
0x7b13f9,100%,0,9,9,0,0,0,9
0x7b17ff,100%,0,2,2,0,0,0,2
0x7b1819,100%,0,2,2,0,0,0,2
0x7b3670,100%,0,41,41,0,0,0,41
0x7b406e,100%,0,39,39,0,0,0,39
0x7b4079,100%,0,39,39,0,0,0,39
0x7b36ae,100%,0,35,35,0,0,0,35
0x4e8290,100%,0,1,1,1,0,0,0
0x460fa6,100%,0,7,7,0,0,0,7
0x461004,100%,0,7,7,0,0,0,7
0x48c99c,100%,0,3,3,0,0,0,3
0x48cabc,100%,0,3,3,0,0,0,3
0x48caf0,100%,0,3,3,0,0,0,3
0x48cb35,100%,0,3,3,0,0,0,3
0x48cbb8,100%,0,3,3,0,0,0,3
0x48da77,100%,0,3,3,0,0,0,3
0x5d8f59,100%,0,16,16,16,0,0,0
0x4e8a1e,100%,0,1,1,0,0,0,1
0x4ed01a,100%,0,1,1,0,0,0,1
0x4e8a5e,100%,0,1,1,0,0,0,1
0x4e8b1e,100%,0,1,1,0,0,0,1
0x4e8b49,100%,0,1,1,0,0,0,1
0x4ea900,100%,0,1,1,0,0,0,1
0x4ea97d,100%,0,1,1,0,0,0,1
0x547b7c,100%,0,69,69,0,0,0,69
0x4a740d,100%,0,41,41,41,0,0,0
0x5e92b0,100%,0,43,43,0,0,0,43
0x45bc9c,100%,0,51,51,51,0,0,0
0x45bd9e,100%,0,73,73,0,0,0,73
0x4a9722,100%,0,8,8,8,0,0,0
0x48c60e,100%,0,57,57,57,0,0,0
0x499170,100%,0,69,69,0,0,0,69
0x499186,100%,0,69,69,69,0,0,0
0x4a7500,100%,0,54,54,0,0,0,54
0x5359e3,100%,0,69,69,69,0,0,0
0x535a09,100%,0,69,69,69,0,0,0
0x538d67,100%,0,35,35,0,0,0,35
0x538d7c,100%,0,35,35,0,0,0,35
0x535b9e,100%,0,69,69,0,0,0,69
0x535c0f,100%,0,35,35,35,0,0,0
0x5e9589,100%,0,35,35,0,0,0,35
0x5e948b,100%,0,35,35,0,0,0,35
0x4a80c7,100%,0,23,23,23,0,0,0
0x416a55,100%,0,23,23,0,0,0,23
0x415880,100%,0,23,23,23,0,0,0
0x41597f,100%,0,23,23,23,0,0,0
0x415750,100%,0,23,23,0,0,0,23
0x41575f,100%,0,23,23,0,0,0,23
0x7b34bb,100%,0,232,232,0,0,0,232
0x41576e,100%,0,23,23,0,0,0,23
0x4a8094,100%,0,23,23,23,0,0,0
0x5e94a5,100%,0,35,35,0,0,0,35
0x4a8133,100%,0,23,23,23,0,0,0
0x4a8361,100%,0,360,360,360,0,0,0
0x5ec40e,100%,0,14,14,0,0,0,14
0x4a83af,100%,0,360,360,360,0,0,0
0x4a70ab,100%,0,23,23,0,0,0,23
0x415e6d,100%,0,23,23,0,0,0,23
0x415f21,100%,0,23,23,0,0,0,23
0x683eb8,100%,0,8,8,0,0,0,8
0x4878b6,100%,0,50,50,0,0,0,50
0x487921,100%,0,35,35,22,0,0,13
0x49b1bf,100%,0,8,8,0,0,0,8
0x683cc2,100%,0,8,8,0,0,0,8
0x683ccb,100%,0,8,8,0,0,0,8
0x4e8a43,100%,0,1,1,0,0,0,1
0x683cd0,100%,0,8,8,8,0,0,0
0x683cff,100%,0,8,8,0,0,0,8
0x61a6fe,100%,0,34,34,0,0,0,34
0x683f4f,100%,0,8,8,8,0,0,0
0x460799,100%,0,7,7,0,0,0,7
0x683f81,100%,0,8,8,8,0,0,0
0x54bf93,100%,0,8,8,8,0,0,0
0x4a967e,100%,0,8,8,8,0,0,0
0x4a968d,100%,0,8,8,8,0,0,0
0x4a96ea,100%,0,8,8,8,0,0,0
0x4aa167,100%,0,8,8,0,0,0,8
0x499235,100%,0,69,69,34,0,0,35
0x5e995e,100%,0,35,35,35,0,0,0
0x7b3666,100%,0,41,41,0,0,0,41
0x5e99f6,100%,0,35,35,0,0,0,35
0x5ea014,100%,0,35,35,0,0,0,35
0x5ea01c,100%,0,35,35,35,0,0,0
0x535ca8,100%,0,35,35,35,0,0,0
0x486773,100%,0,7,7,0,0,0,7
0x4e8e19,100%,0,1,1,0,0,0,1
0x644cfe,100%,0,23596,23596,23596,0,0,0
0x461013,100%,0,7,7,0,0,0,7
0x486449,100%,0,7,7,0,0,0,7
0x4991e4,100%,0,34,34,0,0,0,34
0x49921f,100%,0,34,34,0,0,0,34
0x61a4af,100%,0,34,34,34,0,0,0
0x61a50a,100%,0,34,34,0,0,0,34
0x61a6bf,100%,0,34,34,34,0,0,0
0x7b17c8,100%,0,31,31,0,0,0,31
0x499b26,100%,0,40,40,0,0,0,40
0x5a15af,100%,0,5680,5680,0,0,0,5680
0x63877c,100%,0,11829,11829,0,0,0,11829
0x54ed27,100%,0,5968,5968,0,0,0,5968
0x4a726b,100%,0,451,451,0,0,0,451
0x645970,100%,0,64,64,64,0,0,0
0x461666,100%,0,8,8,0,0,0,8
0x487902,100%,0,35,35,0,0,0,35
0x5dca54,100%,0,5903,5903,0,0,0,5903
0x5a0e3d,100%,0,32,32,0,0,0,32
0x5a13c7,100%,0,35476,35476,35476,0,0,0
0x499703,100%,0,18002,18002,0,0,0,18002
0x4068b4,100%,0,16865,16865,16865,0,0,0
0x7ac054,100%,0,30,30,0,0,0,30
0x64e194,100%,0,10982,10982,0,0,0,10982
0x5ec0c3,100%,0,15,15,15,0,0,0
0x550434,100%,0,17748,17748,11854,0,0,5894
0x644a68,100%,0,23596,23596,0,0,0,23596
0x649e7c,100%,0,18845,18845,0,0,0,18845
0x7b37dc,100%,0,7614,7614,0,0,0,7614
0x486136,100%,0,11786,11786,0,0,0,11786
0x618987,100%,0,172,172,172,0,0,0
0x4a75ae,100%,0,163,163,163,0,0,0
0x7b32db,100%,0,2648,2648,0,0,0,2648
0x7b1cb3,100%,0,9243,9243,0,0,0,9243
0x487f7b,100%,0,16,16,0,0,0,16
0x4a83a3,100%,0,360,360,0,0,0,360
0x550458,100%,0,5894,5894,0,0,0,5894
0x644827,100%,0,23596,23596,23596,0,0,0
0x4b5aab,100%,0,11786,11786,0,0,0,11786
0x486481,100%,0,7,7,0,0,0,7
0x644b28,100%,0,23596,23596,0,0,0,23596
0x547aca,100%,0,34,34,34,0,0,0
0x4e8e76,100%,0,1,1,0,0,0,1
0x66ef8e,100%,0,516,516,516,0,0,0
0x4996e0,100%,0,17932,17932,0,0,0,17932
0x535cd1,100%,0,34,34,34,0,0,0
0x7b17e1,100%,0,31,31,0,0,0,31
0x644b07,100%,0,23596,23596,0,0,0,23596
0x63a453,100%,0,8,8,8,0,0,0
0x4e8bdd,100%,0,2,2,0,0,0,2
0x4b5aba,100%,0,11786,11786,0,0,0,11786
0x406b5a,100%,0,11490,11490,0,0,0,11490
0x49972f,100%,0,17970,17970,0,0,0,17970
0x644a77,100%,0,23596,23596,0,0,0,23596
0x638a02,100%,0,17744,17744,0,0,0,17744
0x5a15be,100%,0,5680,5680,0,0,0,5680
0x5a101a,100%,0,53234,53234,0,0,0,53234
0x4a74a0,100%,0,140,140,140,0,0,0
0x48cae3,100%,0,3,3,0,0,0,3
0x60c62b,100%,0,8,8,0,0,0,8
0x6840d7,100%,0,8,8,0,0,0,8
0x5dcacf,100%,0,5903,5903,0,0,0,5903
0x5ec450,100%,0,14,14,0,0,0,14
0x7b1ad3,100%,0,33624,33624,0,0,0,33624
0x64469f,100%,0,23596,23596,0,0,0,23596
0x4e1639,100%,0,172,172,0,0,0,172
0x4b59c0,100%,0,5897,5897,0,0,0,5897
0x485f8d,100%,0,5903,5903,5903,0,0,0
0x4e1573,100%,0,172,172,0,0,0,172
0x6f7b35,100%,0,30,30,30,0,0,0
0x5ec48f,100%,0,14,14,0,0,0,14
0x644953,100%,0,23596,23596,23596,0,0,0
0x64a764,100%,0,107258,107258,53234,0,0,54024
0x7b35dd,100%,0,13309,13309,13309,0,0,0
0x49b3c6,100%,0,8,8,0,0,0,8
0x6386a5,100%,0,17186,17186,0,0,0,17186
0x4b5adc,100%,0,11786,11786,0,0,0,11786
0x644b48,100%,0,23596,23596,23596,0,0,0
0x644b1b,100%,0,23596,23596,0,0,0,23596
0x48943f,100%,0,5895,5895,5895,0,0,0
0x649e85,100%,0,18845,18845,0,0,0,18845
0x64a7a7,100%,0,577859,577859,577859,0,0,0
0x4a74d1,100%,0,131,131,0,0,0,131
0x7b203a,100%,0,10272,10272,0,0,0,10272
0x674e5c,100%,0,30,30,0,0,0,30
0x6ee3e3,100%,0,33623,33623,0,0,0,33623
0x68d5e5,100%,0,8,8,8,0,0,0
0x48852e,100%,0,16,16,0,0,0,16
0x638d8b,100%,0,1305,1305,1305,0,0,0
0x4a72a5,100%,0,172,172,172,0,0,0
0x66f764,100%,0,172,172,172,0,0,0
0x5dcad4,100%,0,5903,5903,5903,0,0,0
0x49c479,100%,0,11821,11821,0,0,0,11821
0x48616e,100%,0,5895,5895,0,0,0,5895
0x45b715,100%,0,35,35,0,0,0,35
0x5a1462,100%,0,29538,29538,0,0,0,29538
0x5d0acb,100%,0,30,30,0,0,0,30
0x61809e,100%,0,23,23,0,0,0,23
0x48617d,100%,0,5895,5895,0,0,0,5895
0x487b9b,100%,0,21,21,7,0,0,14
0x646015,100%,0,64,64,64,0,0,0
0x7b304e,100%,0,10601,10601,0,0,0,10601
0x5e9ef0,100%,0,35,35,0,0,0,35
0x461002,100%,0,7,7,0,0,0,7
0x644670,100%,0,23596,23596,23596,0,0,0
0x7b3069,100%,0,10601,10601,10601,0,0,0
0x676e33,100%,0,16,16,0,0,0,16
0x4b5a9c,100%,0,11786,11786,0,0,0,11786
0x7b4240,100%,0,7362,7362,0,0,0,7362
0x7b1b57,100%,0,23352,23352,0,0,0,23352
0x5dc984,100%,0,11802,11802,0,0,0,11802
0x5dc81a,100%,0,52688,52688,0,0,0,52688
0x64e20f,100%,0,10982,10982,10982,0,0,0
0x7b5137,100%,0,34192,34192,0,0,0,34192
0x64ce17,100%,0,10424,10424,0,0,0,10424
0x644662,100%,0,23596,23596,0,0,0,23596
0x674e0b,100%,0,30,30,0,0,0,30
0x6448ef,100%,0,23596,23596,23596,0,0,0
0x4a9667,100%,0,8,8,8,0,0,0
0x7b5140,100%,0,34192,34192,0,0,0,34192
0x7b1bb3,100%,0,10908,10908,10908,0,0,0
0x5a0893,100%,0,5976,5976,0,0,0,5976
0x5dca65,100%,0,5903,5903,0,0,0,5903
0x485f7e,100%,0,5903,5903,0,0,0,5903
0x548671,100%,0,5926,5926,0,0,0,5926
0x6499f7,100%,0,23946,23946,23946,0,0,0
0x639ef0,100%,0,8,8,8,0,0,0
0x54f8fe,100%,0,5927,5927,0,0,0,5927
0x486142,100%,0,11786,11786,0,0,0,11786
0x63906e,100%,0,17186,17186,0,0,0,17186
0x64df8b,100%,0,10982,10982,0,0,0,10982
0x49c405,100%,0,11822,11822,0,0,0,11822
0x644b38,100%,0,23596,23596,0,0,0,23596
0x4b5efa,100%,0,16,16,16,0,0,0
0x5e2b85,100%,0,70951,70951,0,0,0,70951
0x7b512b,100%,0,34192,34192,0,0,0,34192
0x644b9b,100%,0,23596,23596,23596,0,0,0
0x488087,100%,0,16,16,0,0,0,16
0x7b373b,100%,0,7912,7912,0,0,0,7912
0x48914c,100%,0,5927,5927,0,0,0,5927
0x4b5ae6,100%,0,11786,11786,11786,0,0,0
0x5dca60,100%,0,5903,5903,0,0,0,5903
0x54934b,100%,0,8,8,8,0,0,0
0x7b50fc,100%,0,34192,34192,0,0,0,34192
0x45c7b6,100%,0,26,26,26,0,0,0
0x7bd948,100%,0,240,240,0,0,0,240
0x550af9,100%,0,23642,23642,11821,0,0,11821
0x60cf8c,100%,0,8,8,8,0,0,0
0x4e82e6,100%,0,1,1,0,0,0,1
0x68e8ab,100%,0,30,30,0,0,0,30
0x54f86c,100%,0,5927,5927,5927,0,0,0
0x489103,100%,0,11821,11821,5895,0,0,5926
0x5a08ad,100%,0,5976,5976,5976,0,0,0
0x638cd1,100%,0,17744,17744,17744,0,0,0
0x4a71eb,100%,0,127,127,0,0,0,127
0x64e178,100%,0,10982,10982,0,0,0,10982
0x638fb2,100%,0,1243,1243,0,0,0,1243
0x60ce4a,100%,0,8,8,8,0,0,0
0x7b25f3,100%,0,10272,10272,10272,0,0,0
0x64e241,100%,0,10982,10982,10982,0,0,0
0x4a80c3,100%,0,23,23,0,0,0,23
0x5d788b,100%,0,36,36,0,0,0,36
0x638db2,100%,0,1305,1305,0,0,0,1305
0x550731,100%,0,5894,5894,5894,0,0,0
0x64d13f,100%,0,10064,10064,0,0,0,10064
0x415e9b,100%,0,23,23,23,0,0,0
0x638c9f,100%,0,17744,17744,17744,0,0,0
0x60c53f,100%,0,8,8,8,0,0,0
0x649edc,100%,0,6785,6785,0,0,0,6785
0x638a3f,100%,0,17744,17744,0,0,0,17744
0x7b2fe5,100%,0,13309,13309,0,0,0,13309
0x638bd7,100%,0,17744,17744,17744,0,0,0
0x550a17,100%,0,5894,5894,0,0,0,5894
0x638c08,100%,0,17744,17744,0,0,0,17744
0x638c24,100%,0,17744,17744,0,0,0,17744
0x550a5a,100%,0,5894,5894,0,0,0,5894
0x7b5113,100%,0,34192,34192,0,0,0,34192
0x7b2fd7,100%,0,13309,13309,13309,0,0,0
0x5a1459,100%,0,29570,29570,0,0,0,29570
0x498432,100%,0,46651,46651,0,0,0,46651
0x4996a8,100%,0,35329,35329,0,0,0,35329
0x7b1ae5,100%,0,33624,33624,0,0,0,33624
0x45ba72,100%,0,7,7,0,0,0,7
0x638eb7,100%,0,4468542,4468542,0,0,0,4468542
0x4b5f43,100%,0,16,16,0,0,0,16
0x461066,100%,0,7,7,0,0,0,7
0x7b3687,100%,0,41,41,0,0,0,41
0x618022,100%,0,23,23,23,0,0,0
0x550c10,100%,0,5894,5894,0,0,0,5894
0x4b128e,100%,0,5910,5910,5910,0,0,0
0x638e27,100%,0,17186,17186,0,0,0,17186
0x4eaa2e,100%,0,1,1,0,0,0,1
0x4a7026,100%,0,172,172,172,0,0,0
0x7bd864,100%,0,30,30,30,0,0,0
0x550be5,100%,0,5894,5894,0,0,0,5894
0x5e2d99,100%,0,5895,5895,5895,0,0,0
0x6390d3,100%,0,1305,1305,0,0,0,1305
0x639105,100%,0,1305,1305,1305,0,0,0
0x4a704a,100%,0,172,172,172,0,0,0
0x45f936,100%,0,48,48,48,0,0,0
0x645d82,100%,0,64,64,0,0,0,64
0x7b375f,100%,0,7912,7912,0,0,0,7912
0x638d0c,100%,0,1305,1305,0,0,0,1305
0x406ab1,100%,0,5502,5502,0,0,0,5502
0x499d5c,100%,0,172,172,172,0,0,0
0x7b13a8,100%,0,5528,5528,5528,0,0,0
0x7b14d6,100%,0,10046,10046,0,0,0,10046
0x4867ed,100%,0,29477,29477,29477,0,0,0
0x54ab9b,100%,0,32,32,0,0,0,32
0x7b31d6,100%,0,21065,21065,0,0,0,21065
0x538d8e,100%,0,35,35,0,0,0,35
0x538dce,100%,0,35,35,0,0,0,35
0x644858,100%,0,23596,23596,0,0,0,23596
0x639ee2,100%,0,8,8,0,0,0,8
0x67447a,100%,0,30,30,30,0,0,0
0x4a8474,100%,0,360,360,360,0,0,0
0x5ea620,100%,0,150,150,150,0,0,0
0x7b4231,100%,0,7362,7362,0,0,0,7362
0x7b1b9f,100%,0,23352,23352,23352,0,0,0
0x5f8797,100%,0,208,208,0,0,0,208
0x6f7777,100%,0,30,30,30,0,0,0
0x54f8e2,100%,0,5927,5927,0,0,0,5927
0x4b5b21,100%,0,11786,11786,0,0,0,11786
0x406b22,100%,0,34639,34639,0,0,0,34639
0x45b9ff,100%,0,59,59,0,0,0,59
0x5dca69,100%,0,5903,5903,5903,0,0,0
0x5e4445,100%,0,5895,5895,0,0,0,5895
0x486814,100%,0,29477,29477,0,0,0,29477
0x54f93e,100%,0,5927,5927,0,0,0,5927
0x499d9d,100%,0,301,301,301,0,0,0
0x48cba9,100%,0,3,3,0,0,0,3
0x7b50d7,100%,0,34192,34192,0,0,0,34192
0x64c321,100%,0,8,8,8,0,0,0
0x5dcaca,100%,0,5903,5903,0,0,0,5903
0x5e7a65,100%,0,17753,17753,0,0,0,17753
0x54cd75,100%,0,8,8,0,0,0,8
0x63a3ab,100%,0,8,8,0,0,0,8
0x7b3489,100%,0,7167,7167,0,0,0,7167
0x426fb7,100%,0,261,261,0,0,0,261
0x4a73f0,100%,0,131,131,131,0,0,0
0x676e48,100%,0,16,16,16,0,0,0
0x4b59cf,100%,0,5897,5897,0,0,0,5897
0x638e22,100%,0,17186,17186,0,0,0,17186
0x644cb0,100%,0,23596,23596,0,0,0,23596
0x68d7d0,100%,0,8,8,8,0,0,0
0x4893e3,100%,0,5903,5903,5903,0,0,0
0x498340,100%,0,35767,35767,35767,0,0,0
0x645962,100%,0,64,64,0,0,0,64
0x5dad2c,100%,0,11797,11797,11797,0,0,0
0x7b573a,100%,0,33624,33624,0,0,0,33624
0x5a12b9,100%,0,53258,53258,0,0,0,53258
0x7d2238,100%,0,411,411,0,0,0,411
0x638a10,100%,0,17744,17744,17744,0,0,0
0x548de7,100%,0,8,8,8,0,0,0
0x5e9f09,100%,0,35,35,0,0,0,35
0x406acf,100%,0,34639,34639,34639,0,0,0
0x415c5a,100%,0,196,196,173,0,0,23
0x48c3c3,100%,0,7,7,0,0,0,7
0x645e59,100%,0,64,64,64,0,0,0
0x48650f,100%,0,7,7,0,0,0,7
0x674200,100%,0,30,30,0,0,0,30
0x487aed,100%,0,50,50,50,0,0,0
0x4069c3,100%,0,40568,40568,0,0,0,40568
0x7b2f7a,100%,0,34192,34192,0,0,0,34192
0x5dcaa9,100%,0,5903,5903,5903,0,0,0
0x406e27,100%,0,31044,31044,0,0,0,31044
0x4ad764,100%,0,91,91,91,0,0,0
0x676e97,100%,0,16,16,0,0,0,16
0x45c8ae,100%,0,30,30,0,0,0,30
0x4a745d,100%,0,140,140,140,0,0,0
0x63a2f8,100%,0,8,8,0,0,0,8
0x406d07,100%,0,426,426,426,0,0,0
0x67e918,100%,0,8,8,8,0,0,0
0x460308,100%,0,2,2,0,0,0,2
0x48612d,100%,0,11786,11786,0,0,0,11786
0x48c452,100%,0,15,15,0,0,0,15
0x676e3c,100%,0,16,16,0,0,0,16
0x64dfbf,100%,0,10982,10982,0,0,0,10982
0x64a76f,100%,0,107258,107258,53234,0,0,54024
0x5d0b89,100%,0,15360,15360,0,0,0,15360
0x64599f,100%,0,64,64,0,0,0,64
0x7b1ac9,100%,0,33624,33624,0,0,0,33624
0x64e147,100%,0,10982,10982,10982,0,0,0
0x7b4247,100%,0,7362,7362,0,0,0,7362
0x7b1b07,100%,0,23352,23352,0,0,0,23352
0x7b1b18,100%,0,23352,23352,0,0,0,23352
0x7b1b39,100%,0,23352,23352,23352,0,0,0
0x5ec42d,100%,0,14,14,0,0,0,14
