Branch PC,Accuracy,Mispredictions,Correct Predictions,Total,dir_t_pred_t,dir_t_pred_nt,dir_nt_pred_t,dir_nt_pred_nt
aggregate,90.5516%,1947920,18668426,20616346,9705415,707392,1240528,8963011
0x40bda5,75.3833%,117811,360770,478581,308202,23125,94686,52568
0x41683b,50.1791%,93867,94542,188409,43749,50554,43313,50793
0x40cc3f,76.3507%,83765,270432,354197,233223,20725,63040,37209
0x40971d,76.6315%,76273,250120,326393,157704,28604,47669,92416
0x40cf70,70.4073%,70360,167401,237761,141993,14789,55571,25408
0x4164ea,88.7931%,64192,508600,572792,59065,46817,17375,449535
0x40c966,68.3122%,58009,125055,183064,62255,29366,28643,62800
0x40bbbf,67.7061%,56834,119156,175990,65044,26439,30395,54112
0x40f6e4,66.1587%,39840,77886,117726,45866,17595,22245,32020
0x40bbb6,84.8069%,39645,221296,260941,57907,27044,12601,163389
0x40f70f,66.704%,39198,78528,117726,62061,9975,29223,16467
0x40cfb4,77.5524%,37290,128830,166120,121489,4300,32990,7341
0x416298,69.6555%,36478,83735,120213,14876,30414,6064,68859
0x40be17,76.747%,34241,113013,147254,103196,5439,28802,9817
0x40f73a,71.1041%,34018,83708,117726,73326,7443,26575,10382
0x416416,73.3316%,31673,87093,118766,56680,15049,16624,30413
0x409544,77.704%,30985,107986,138971,5814,25671,5314,102172
0x402e0b,71.7811%,29848,75925,105773,31479,14139,15709,44446
0x40f765,75.2213%,29171,88555,117726,77741,6399,22772,10814
0x40b6d4,80.4424%,28011,115212,143223,108308,4851,23160,6904
0x40cdd3,89.8806%,27107,240765,267872,189454,5346,21761,51311
0x40b676,81.4847%,26518,116704,143222,107732,4675,21843,8972
0x40b734,81.8318%,26021,117202,143223,110141,3826,22195,7061
0x40ccb5,89.7973%,25726,226423,252149,217228,3322,22404,9195
0x40b5f6,82.3435%,25288,117934,143222,106313,4987,20301,11621
0x40b796,82.7842%,24657,118566,143223,59991,9690,14967,58575
0x40cff1,81.6331%,24651,109563,134214,105641,2117,22534,3922
0x416558,80.9699%,22685,96521,119206,65870,6863,15822,30651
0x40cc72,80.7786%,21092,88640,109732,38189,7015,14077,50451
0x41651f,82.856%,20183,97543,117726,81343,3006,17177,16200
0x40bc9b,73.2996%,19518,53582,73100,16544,12202,7316,37038
0x40d02e,82.935%,19312,93855,113167,90906,2584,16728,2949
0x409489,75.3813%,16882,51692,68574,957,15441,1441,50735
0x402e1a,72.5609%,16506,43649,60155,38739,3269,13237,4910
0x4096b4,75.2676%,15945,48525,64470,8167,11396,4549,40358
0x40f024,77.2429%,15240,51728,66968,42556,3749,11491,9172
0x40cded,79.148%,15237,57835,73072,55069,1987,13250,2766
0x40f088,77.9835%,14744,52224,66968,43235,3877,10867,8989
0x40ef5c,78.7406%,14237,52731,66968,49420,2171,12066,3311
0x40efc0,79.2931%,13867,53101,66968,45906,3540,10327,7195
0x40f056,79.9651%,13417,53551,66968,46531,3373,10044,7020
0x41136c,87.4102%,13093,90904,103997,49701,4702,8391,41203
0x4094d0,81.3253%,12806,55768,68574,1753,11328,1478,54015
0x40caeb,72.5167%,12578,33188,45766,25929,3821,8757,7259
0x40ef8e,81.3463%,12492,54476,66968,42283,4281,8211,12193
0x40cf60,95.1466%,12325,241623,253948,236931,830,11495,4692
0x40f0ba,81.8943%,12125,54843,66968,46727,3220,8905,8116
0x41de07,81.2349%,12096,52364,64460,32174,5816,6280,20190
0x40bbd7,85.716%,12071,72436,84507,67991,2471,9600,4445
0x4094ed,73.1417%,12000,32679,44679,31242,1530,10470,1437
0x40cf7a,85.29%,11912,69067,80979,68629,548,11364,438
0x40eff2,82.2258%,11903,55065,66968,41172,3834,8069,13893
0x40b6fd,88.5709%,11726,90872,102598,4063,9009,2717,86809
0x40b69d,87.3169%,11458,78883,90341,5960,8424,3034,72923
0x411488,89.0647%,10839,88280,99119,73188,3509,7330,15092
0x40b75d,88.4873%,10635,81741,92376,3978,7851,2784,77763
0x41ddeb,84.0085%,10355,54398,64753,32364,4792,5563,22034
0x40ce0a,64.3299%,9912,17876,27788,5345,6427,3485,12531
0x4095f9,72.605%,9637,25541,35178,6374,6471,3166,19167
0x40cfbe,77.8111%,8949,31382,40331,29585,1551,7398,1797
0x40cfa4,95.242%,8476,169665,178141,165028,1092,7384,4637
0x40c98c,90.9388%,8285,83149,91434,81394,998,7287,1755
0x40cffb,69.4171%,8091,18365,26456,16544,1434,6657,1821
0x40d021,93.6388%,7844,115467,123311,112325,842,7002,3142
0x411385,84.5828%,7646,41948,49594,29631,1943,5703,12317
0x4113d4,84.5093%,7594,41429,49023,28596,3042,4552,12833
0x416018,89.4562%,7061,59907,66968,17250,2538,4523,42657
0x40cfe4,95.2396%,6825,136544,143369,133284,930,5895,3260
0x40d038,65.447%,6799,12878,19677,3996,4247,2552,8882
0x40bc4b,72.4072%,6795,17831,24626,6780,3801,2994,11051
0x41ee6f,91.1934%,6715,69535,76250,69516,203,6512,19
0x40b63b,89.6136%,6706,57859,64565,3414,5030,1676,54445
0x416578,85.8585%,6572,39901,46473,23264,875,5697,16637
0x411414,86.6297%,6470,41921,48391,30379,2270,4200,11542
0x409640,81.7755%,6411,28767,35178,3884,4750,1661,24883
0x40b609,79.9699%,6394,25528,31922,23713,1108,5286,1815
0x40ccf3,97.4033%,5727,214823,220550,164481,1778,3949,50342
0x402c7e,91.8084%,5694,63816,69510,59024,1726,3968,4792
0x40f115,91.5422%,5664,61304,66968,61241,243,5421,63
0x40965d,71.5662%,5370,13516,18886,12153,1241,4129,1363
0x40bc89,94.306%,5209,86274,91483,15063,3320,1889,71211
0x416598,81.4754%,5080,22343,27423,22053,281,4799,290
0x402e47,95.5225%,4736,101037,105773,99631,575,4161,1406
0x41eec2,91.0382%,4582,46546,51128,46534,124,4458,12
0x40cf67,72.1814%,4503,11684,16187,7895,1662,2841,3789
0x40ce1e,74.5442%,4077,11939,16016,1109,2942,1135,10830
0x40be26,96.5002%,3802,104833,108635,104783,206,3596,50
0x409e64,58.5981%,3727,5275,9002,4735,758,2969,540
0x409e93,58.9758%,3693,5309,9002,4557,1185,2508,752
0x40ce32,69.2603%,3678,8287,11965,2510,1877,1801,5777
0x41e892,95.1998%,3652,72428,76080,28599,1100,2552,43829
0x411450,92.3808%,3536,42873,46409,29855,1436,2100,13018
0x40ceab,77.9346%,3534,12482,16016,8614,1437,2097,3868
0x40cd39,98.782%,2972,241044,244016,186931,690,2282,54113
0x41ee22,90.6754%,2855,27763,30618,27744,188,2667,19
0x40ce46,66.4951%,2539,5039,7578,2264,1241,1298,2775
0x416895,98.1074%,2437,126330,128767,125407,675,1762,923
0x40bb0e,96.5323%,2345,65279,67624,65022,213,2132,257
0x40cfab,80.8918%,2297,9724,12021,7957,428,1869,1767
0x40be1b,94.0988%,2279,36340,38619,36249,397,1882,91
0x40f1d2,62.6917%,2190,3680,5870,3422,273,1917,258
0x40cd08,96.1541%,2088,52203,54291,25608,1383,705,26595
0x40f1fb,57.4396%,1762,2378,4140,2017,437,1325,361
0x40cfeb,82.2938%,1621,7534,9155,6607,468,1153,927
0x40c995,82.3269%,1598,7444,9042,4405,646,952,3039
0x41646f,98.6989%,1551,117655,119206,270,1210,341,117385
0x4a623e,96.7159%,1442,42466,43908,39245,355,1087,3221
0x40ca73,72.654%,1323,3515,4838,1264,629,694,2251
0x4113a4,94.1579%,1273,20517,21790,12004,545,728,8513
0x40f224,54.099%,1271,1498,2769,715,570,701,783
0x4113e4,93.7546%,1267,19020,20287,10929,621,646,8091
0x40ca4b,83.2561%,1264,6285,7549,727,837,427,5558
0x40d028,87.707%,1247,8897,10144,1282,863,384,7615
0x40ca16,77.9127%,1128,3979,5107,2699,358,770,1280
0x409733,99.1998%,1121,138964,140085,20,880,241,138944
0x40ca5f,81.5038%,1107,4878,5985,241,906,201,4637
0x411424,94.6079%,1041,18265,19306,9006,663,378,9259
0x411464,94.7759%,993,18015,19008,9052,601,392,8963
0x40ca87,66.5535%,985,1960,2945,1000,479,506,960
0x416a0f,99.2778%,930,127852,128782,127831,100,830,21
0x40ca24,83.0429%,866,4241,5107,451,665,201,3790
0x40b845,69.7781%,722,1667,2389,1392,208,514,275
0x4c4a96,88.4954%,705,5423,6128,2670,313,392,2753
0x40bd04,98.9208%,704,64532,65236,64099,193,511,433
0x402ea3,99.5721%,676,157320,157996,396,539,137,156924
0x40b8c1,85.4491%,674,3958,4632,3772,71,603,186
0x4164fc,99.8805%,655,547362,548017,454538,528,127,92824
0x409749,99.5323%,651,138534,139185,2,568,83,138532
0x41142c,93.5146%,625,9012,9637,3333,231,394,5679
0x40cebb,89.7737%,610,5355,5965,24,548,62,5331
0x416427,98.741%,594,46586,47180,430,277,317,46156
0x40bd78,79.5139%,590,2290,2880,1768,168,422,522
0x40cc58,99.7724%,578,253370,253948,109367,365,213,144003
0x4113ac,93.9509%,559,8682,9241,3511,259,300,5171
0x41eea2,99.2708%,556,75694,76250,75694,107,449,0
0x40f160,91.3321%,516,5437,5953,2,467,49,5435
0x41ee8e,92.3748%,498,6033,6531,2173,283,215,3860
0x41146c,94.7408%,492,8863,9355,3709,181,311,5154
0x4113ec,94.4031%,489,8248,8737,2704,198,291,5544
0x40cad7,99.7329%,489,182575,183064,137196,102,387,45379
0x40b8df,80.0753%,476,1913,2389,1569,138,338,344
0x40f1e7,78.5747%,466,1709,2175,1700,30,436,9
0x41ddf9,99.2803%,466,64287,64753,19,274,192,64268
0x40b94c,65.2141%,455,853,1308,448,178,277,405
0x402ceb,99.3785%,432,69078,69510,4,288,144,69074
0x41debb,99.9084%,431,469938,470369,469938,431,0,0
0x40b96d,82.0008%,430,1959,2389,1746,107,323,213
0x40f63e,75.772%,408,1276,1684,1256,52,356,20
0x4a6247,90.831%,395,3913,4308,2794,133,262,1119
0x40f610,76.6627%,393,1291,1684,1247,82,311,44
0x40f68e,77.019%,387,1297,1684,1292,26,361,5
0x402e4f,93.3717%,369,5198,5567,5162,112,257,36
0x4164f5,99.9358%,368,572424,572792,24723,52,316,547701
0x41169f,40.3566%,368,249,617,115,182,186,134
0x41eee2,99.2841%,366,50762,51128,50762,62,304,0
0x40f666,78.3254%,365,1319,1684,1302,39,326,17
0x40f210,79.0629%,353,1333,1686,1237,134,219,96
0x40ccc4,99.0603%,340,35840,36180,1050,276,64,34790
0x4169eb,99.8479%,338,221841,222179,63076,119,219,158765
0x4c4e72,98.2806%,337,19263,19600,16670,167,170,2593
0x416026,99.2878%,336,46844,47180,9,199,137,46835
0x401ce1,91.1953%,330,3418,3748,2519,152,178,899
0x40efd1,98.1167%,330,17192,17522,4617,223,107,12575
0x40ce7e,97.9958%,321,15695,16016,7707,175,146,7988
0x4169fc,99.8%,318,158666,158984,93181,271,47,65485
0x40976b,99.7706%,318,138297,138615,2,245,73,138295
0x40b9dc,66.2407%,317,622,939,159,244,73,463
0x4c4c56,98.4244%,315,19678,19993,17265,151,164,2413
0x409eb5,96.5785%,308,8694,9002,8694,15,293,0
0x40cccc,99.1192%,307,34547,34854,4320,261,46,30227
0x415f9c,99.5727%,297,69212,69509,1547,51,246,67665
0x4a602d,91.4227%,290,3091,3381,531,177,113,2560
0x41688c,99.8209%,281,156647,156928,91188,233,48,65459
0x41ee45,99.0953%,277,30341,30618,30341,95,182,0
0x41e613,77.7687%,273,955,1228,321,142,131,634
0x415fc1,99.6098%,265,67646,67911,722,221,44,66924
0x4a5e65,97.7049%,264,11239,11503,2794,179,85,8445
0x4c4e7f,90.8795%,252,2511,2763,1428,122,130,1083
0x4096bc,99.4433%,250,44657,44907,29154,138,112,15503
0x4a612d,94.3287%,245,4075,4320,1906,84,161,2169
0x41ea77,79.7649%,241,950,1191,313,122,119,637
0x401d5a,93.7834%,233,3515,3748,2737,74,159,778
0x41fbc9,86.6082%,229,1481,1710,374,119,110,1107
0x41686d,99.8978%,225,219963,220188,0,79,146,219963
0x409653,99.4466%,221,39717,39938,20951,101,120,18766
0x401d13,91.9131%,216,2455,2671,2186,36,180,269
0x4a5f2b,92.7279%,209,2665,2874,1005,112,97,1660
0x40f0cb,98.778%,208,16813,17021,4808,170,38,12005
0x41687b,99.9082%,202,219907,220109,63111,70,132,156796
0x4094e3,99.7757%,198,88067,88265,43444,142,56,44623
0x40b9fd,91.7957%,196,2193,2389,513,151,45,1680
0x40f067,98.869%,193,16871,17064,3870,159,34,13001
0x40f239,87.3315%,188,1296,1484,1270,48,140,26
0x40249c,99.5933%,186,45546,45732,44630,176,10,916
0x4a5eba,96.2358%,182,4653,4835,1017,95,87,3636
0x4169c0,99.8081%,181,94122,94303,0,0,181,94122
0x4c4c63,93.1315%,177,2400,2577,1647,77,100,753
0x402cfc,99.7443%,177,69041,69218,0,0,177,69041
0x420372,89.252%,171,1420,1591,1408,33,138,12
0x40f003,99.2396%,167,21795,21962,8917,41,126,12878
0x4a4951,96.6947%,165,4827,4992,2078,88,77,2749
0x4a6004,95.5367%,163,3489,3652,157,114,49,3332
0x4a5c55,97.8211%,162,7273,7435,5506,69,93,1767
0x40b768,99.829%,158,92218,92376,18143,35,123,74075
0x40b64f,99.6465%,158,44535,44693,39603,141,17,4932
0x4a482f,84.2602%,150,803,953,399,62,88,404
0x40954c,99.8651%,145,107341,107486,70289,108,37,37052
0x4a5ecb,96.1322%,144,3579,3723,2824,50,94,755
0x4204a2,92.1858%,143,1687,1830,1648,36,107,39
0x4a48fa,97.2383%,138,4859,4997,3128,91,47,1731
0x409eba,53.2423%,137,156,293,138,12,125,18
0x41e917,99.8199%,137,75943,76080,336,112,25,75607
0x40ef6d,99.1156%,136,15241,15377,3312,125,11,11929
0x4a49b8,97.4359%,128,4864,4992,1123,56,72,3741
0x40ce69,98.9212%,127,11645,11772,11645,127,0,0
0x40f099,99.3604%,127,19729,19856,6966,62,65,12763
0x4152e4,89.8693%,124,1100,1224,73,58,66,1027
0x40b708,99.8811%,122,102476,102598,19857,19,103,82619
0x40ccb9,99.6234%,119,31480,31599,0,0,119,31480
0x41f60e,51.6393%,118,126,244,38,54,64,88
0x4a5ee6,94.0488%,117,1849,1966,1404,52,65,445
0x416447,99.7504%,116,46357,46473,0,0,116,46357
0x420425,91.7385%,115,1277,1392,1173,42,73,104
0x40f24d,92.0744%,115,1336,1451,26,82,33,1310
0x40b711,99.8622%,114,82608,82722,72446,88,26,10162
0x42033d,95.2058%,113,2244,2357,544,70,43,1700
0x42032f,95.6196%,111,2423,2534,78,99,12,2345
0x40b6b6,99.6495%,108,30708,30816,14289,95,13,16419
0x40f262,92.1072%,106,1237,1343,39,77,29,1198
0x40ba84,86.2745%,105,660,765,32,69,36,628
0x4091bf,87.7193%,105,750,855,745,12,93,5
0x416aad,98.6594%,103,7580,7683,1,5,98,7579
0x40b771,99.8639%,101,74097,74198,63048,72,29,11049
0x40b6b1,99.8647%,100,73809,73909,59463,62,38,14346
0x4a5cea,97.8%,99,4401,4500,3735,48,51,666
0x41e314,88.361%,98,744,842,737,24,74,7
0x401d3b,77.7778%,98,343,441,112,33,65,231
0x40b646,99.8498%,97,64468,64565,19853,19,78,44615
0x4a5fd3,91.4056%,96,1021,1117,564,46,50,457
0x4a5cd0,98.7136%,95,7290,7385,2845,40,55,4445
0x41f609,72.1713%,91,236,327,41,42,49,195
0x40b6a8,99.9004%,90,90251,90341,16407,25,65,73844
0x402d16,99.87%,90,69128,69218,69128,89,1,0
0x4162a4,99.8825%,88,74835,74923,73052,83,5,1783
0x4a6424,97.0277%,87,2840,2927,159,52,35,2681
0x42045f,96.8155%,87,2645,2732,24,72,15,2621
0x4a5e97,98.9801%,87,8443,8530,4416,23,64,4027
0x40bc73,99.906%,86,91397,91483,0,0,86,91397
0x41606f,99.8219%,84,47091,47175,36,61,23,47055
0x4163fd,59.6154%,84,124,208,114,29,55,10
0x40f18e,98.6561%,80,5873,5953,1,63,17,5872
0x4a5f94,94.1818%,80,1295,1375,426,44,36,869
0x41fc03,93.2031%,80,1097,1177,1088,19,61,9
0x4169dd,99.964%,80,222154,222234,0,55,25,222154
0x416278,99.8364%,77,47001,47078,0,0,77,47001
0x4a5f01,93.0467%,76,1017,1093,872,33,43,145
0x40cd1f,99.7216%,76,27224,27300,4850,28,48,22374
0x40f1b7,98.7095%,76,5813,5889,0,19,57,5813
0x401dfa,91.9957%,75,862,937,862,75,0,0
0x4a4983,97.3815%,74,2752,2826,1128,45,29,1624
0x41691d,99.2397%,73,9528,9601,0,3,70,9528
0x40c979,99.9202%,73,91370,91443,3,6,67,91367
0x4c4aa2,97.6789%,73,3072,3145,246,47,26,2826
0x420344,95.8692%,72,1671,1743,90,62,10,1581
0x4a64a9,97.5364%,71,2811,2882,2521,32,39,290
0x4a47a5,98.8067%,71,5879,5950,4967,30,41,912
0x420555,95.0249%,70,1337,1407,1297,14,56,40
0x42046d,97.3445%,70,2566,2636,616,51,19,1950
0x4a4119,92.4695%,68,835,903,372,41,27,463
0x4a5f4d,96.1298%,68,1689,1757,558,25,43,1131
0x41f071,97.8105%,67,2993,3060,2957,7,60,36
0x416948,99.0669%,65,6901,6966,6900,16,49,1
0x4a64b6,97.7793%,64,2818,2882,209,48,16,2609
0x40ccd1,99.7919%,63,30210,30273,3237,18,45,26973
0x4a4088,98.0805%,62,3168,3230,383,30,32,2785
0x4a5c75,96.6667%,62,1798,1860,1796,14,48,2
0x415fa9,99.9102%,61,67850,67911,0,0,61,67850
0x41ea9c,92.0635%,60,696,756,678,29,31,18
0x4a5e9c,98.5823%,58,4033,4091,3674,28,30,359
0x41f5e4,94.2913%,58,958,1016,831,33,25,127
0x416844,99.9394%,57,94049,94106,0,0,57,94049
0x4160f6,99.881%,56,47022,47078,0,0,56,47022
0x40b655,99.8246%,56,31866,31922,15502,43,13,16364
0x40f035,99.729%,56,20607,20663,8151,11,45,12456
0x4036f9,95.5065%,55,1169,1224,914,13,42,255
0x41e21f,93.4679%,55,787,842,16,29,26,771
0x4a4140,94.0199%,54,849,903,721,26,28,128
0x4a6146,97.7135%,53,2265,2318,2157,21,32,108
0x41fbda,95.7272%,52,1165,1217,4,36,16,1161
0x4165c3,99.9231%,52,67572,67624,0,0,52,67572
0x416ad4,99.2586%,51,6828,6879,6828,4,47,0
0x420474,97.4606%,50,1919,1969,100,38,12,1819
0x4a418e,94.4629%,50,853,903,42,32,18,811
0x41e61c,95.9283%,50,1178,1228,726,16,34,452
0x4c4ba0,98.2214%,49,2706,2755,2555,22,27,151
0x40bcb7,99.9812%,49,260893,260942,195698,8,41,65195
0x4c4dc2,98.2819%,49,2803,2852,2735,28,21,68
0x4024b5,94.8164%,48,878,926,254,23,25,624
0x4205d7,92.7162%,48,611,659,476,20,28,135
0x40370f,84.1751%,47,250,297,250,42,5,0
0x416abb,99.4008%,46,7631,7677,3399,4,42,4232
0x41e7cb,99.946%,44,81366,81410,625,14,30,80741
0x40b776,99.8496%,44,29212,29256,11813,16,28,17399
0x41fc77,60%,44,66,110,22,21,23,44
0x4091e7,57.1429%,42,56,98,38,19,23,18
0x40b716,99.8603%,42,30022,30064,13047,25,17,16975
0x4c4ab1,98.7179%,42,3234,3276,2736,19,23,498
0x4a60a3,93.2787%,41,569,610,449,15,26,120
0x4a60f6,98.6209%,41,2932,2973,2580,19,22,352
0x41e9d3,94.0493%,41,648,689,636,14,27,12
0x409ed0,72.028%,40,103,143,103,0,40,0
0x4a5ead,99.2426%,39,5110,5149,289,25,14,4821
0x41fe77,76.9697%,38,127,165,106,11,27,21
0x4a5d53,98.7175%,37,2848,2885,2245,8,29,603
0x42032a,98.5603%,37,2533,2570,18,18,19,2515
0x41fc4f,65.0943%,37,69,106,14,18,19,55
0x4a4931,97.919%,37,1741,1778,83,17,20,1658
0x4a642e,98.6377%,37,2679,2716,2235,7,30,444
0x4a498c,97.8221%,36,1617,1653,895,9,27,722
0x4b0299,60.6742%,35,54,89,23,21,14,31
0x411cde,99.9496%,35,69474,69509,69474,35,0,0
0x41fc12,68.1818%,35,75,110,18,18,17,57
0x402e2a,99.8071%,35,18112,18147,9672,26,9,8440
0x416183,99.9278%,34,47044,47078,0,0,34,47044
0x401cf4,96.9359%,33,1044,1077,1044,22,11,0
0x4169b4,99.965%,33,94270,94303,0,0,33,94270
0x416853,99.9649%,33,94073,94106,0,0,33,94073
0x40248c,99.93%,32,45700,45732,0,0,32,45700
0x4a493a,98.093%,32,1646,1678,51,14,18,1595
0x41fbe0,97.4511%,30,1147,1177,1072,6,24,75
0x41fcc7,89.4737%,30,255,285,254,7,23,1
0x4a49e9,99.3996%,30,4967,4997,4861,9,21,106
0x4a417c,65%,28,52,80,16,23,5,36
0x4b02bc,68.5393%,28,61,89,43,10,18,18
0x41e338,96.6746%,28,814,842,814,7,21,0
0x4a5f96,97.0166%,27,878,905,756,14,13,122
0x4a5d72,99.0641%,27,2858,2885,2561,11,16,297
0x40ca05,99.3485%,26,3965,3991,0,0,26,3965
0x4b02a9,71.9101%,25,64,89,33,15,10,31
0x420349,98.4287%,25,1566,1591,1460,13,12,106
0x4152f4,97.7127%,25,1068,1093,1059,4,21,9
0x4203d3,91.9614%,25,286,311,272,10,15,14
0x41ff27,63.7681%,25,44,69,40,5,20,4
0x4a41cb,99.226%,25,3205,3230,2901,6,19,304
0x4a5ff7,99.3247%,25,3677,3702,38,12,13,3639
0x41fca9,98.538%,25,1685,1710,1421,4,21,264
0x402763,97.4386%,24,913,937,279,18,6,634
0x40ca2e,99.4237%,23,3968,3991,3047,10,13,921
0x4bbda7,99.5636%,23,5247,5270,5202,12,11,45
0x4a4173,85.2564%,23,133,156,63,13,10,70
0x4a40ed,97.4529%,23,880,903,804,8,15,76
0x41eca6,98.867%,23,2007,2030,2007,11,12,0
0x402cbd,99.7487%,22,8732,8754,0,15,7,8732
0x41e9a7,97.3778%,22,817,839,140,10,12,677
0x4113bb,99.5979%,22,5449,5471,571,0,22,4878
0x40ef9f,99.8922%,22,20382,20404,7766,6,16,12616
0x4a60d4,95.2586%,22,442,464,310,6,16,132
0x420397,90.1408%,21,192,213,171,13,8,21
0x41620b,99.9554%,21,47057,47078,0,0,21,47057
0x4203db,90.1408%,21,192,213,15,21,0,177
0x402c83,99.7603%,21,8739,8760,0,6,15,8739
0x41ebf5,99.0089%,20,1998,2018,1998,8,12,0
0x4a6438,99.3167%,20,2907,2927,2879,3,17,28
0x40922b,64.2857%,20,36,56,35,7,13,1
0x41f51e,98.7624%,20,1596,1616,487,12,8,1109
0x420479,98.9623%,19,1812,1831,1779,11,8,33
0x4a62c0,99.2689%,19,2580,2599,2548,5,14,32
0x402487,99.9585%,19,45713,45732,0,0,19,45713
0x40ca38,99.6992%,18,5967,5985,0,0,18,5967
0x42059f,98.5531%,18,1226,1244,334,10,8,892
0x4205ac,98%,18,882,900,230,11,7,652
0x41f59e,82.3529%,18,84,102,2,10,8,82
0x41f5b2,98.3447%,17,1010,1027,1009,7,10,1
0x420281,97.9762%,17,823,840,823,7,10,0
0x41141c,99.892%,17,15725,15742,0,0,17,15725
0x41f04b,84.2593%,17,91,108,8,4,13,83
0x402481,99.965%,16,45716,45732,0,0,16,45716
0x4024c4,95.5182%,16,341,357,185,5,11,156
0x4a4f6b,98.2301%,16,888,904,277,8,8,611
0x41eaff,98.6566%,16,1175,1191,1175,9,7,0
0x4bbe19,99.4292%,15,2613,2628,0,0,15,2613
0x40c9af,99.6242%,15,3976,3991,3976,15,0,0
0x41eacf,96.5517%,15,420,435,0,14,1,420
0x41e87d,99.9803%,15,76065,76080,0,0,15,76065
0x402ad4,97.651%,14,582,596,0,0,14,582
0x4204c7,88.0342%,14,103,117,98,5,9,5
0x41ea0f,90.6667%,14,136,150,1,5,9,135
0x409264,63.1579%,14,24,38,24,0,14,0
0x411458,99.9074%,14,15104,15118,0,0,14,15104
0x401d29,97.1047%,13,436,449,0,8,5,436
0x416cf4,98.6126%,13,924,937,0,0,13,924
0x4205f6,98.4524%,13,827,840,826,4,9,1
0x41dc4e,95.5631%,13,280,293,280,13,0,0
0x41692b,99.8646%,13,9585,9598,3388,3,10,6197
0x4a6ee1,99.4648%,12,2230,2242,0,0,12,2230
0x4a8403,99.7983%,12,5938,5950,0,0,12,5938
0x4a83f3,99.7983%,12,5938,5950,0,0,12,5938
0x40929d,50%,12,12,24,8,5,7,4
0x41e213,98.5965%,12,843,855,6,7,5,837
0x4a615f,91.4286%,12,128,140,115,3,9,13
0x42045a,99.5641%,12,2741,2753,14,7,5,2727
0x41fec5,77.0833%,11,37,48,16,8,3,21
0x41ff5e,77.0833%,11,37,48,15,9,2,22
0x403753,98.8197%,11,921,932,0,0,11,921
0x42050b,90.5983%,11,106,117,10,11,0,96
0x4a7d9b,99.8521%,11,7424,7435,7424,11,0,0
0x4bbe98,99.9156%,11,13020,13031,2606,0,11,10414
0x41ec6f,98.9109%,11,999,1010,997,1,10,2
0x4c4e1b,99.6019%,11,2752,2763,0,0,11,2752
0x40ceec,99.9959%,11,267861,267872,200903,1,10,66958
0x4f0cfa,77.2727%,10,34,44,8,7,3,26
0x4bbdbc,99.6243%,10,2652,2662,2629,8,2,23
0x4a634b,70.5882%,10,24,34,15,7,3,9
0x49375b,70.5882%,10,24,34,7,8,2,17
0x4b024e,99.306%,10,1431,1441,1427,3,7,4
0x4bbdd3,99.6243%,10,2652,2662,48,3,7,2604
0x49eca6,89.5833%,10,86,96,13,5,5,73
0x4f3dc5,72.2222%,10,26,36,20,5,5,6
0x406377,99.0983%,10,1099,1109,1099,5,5,0
0x4061dd,98.9899%,10,980,990,980,5,5,0
0x493dc1,93.007%,10,133,143,126,6,4,7
0x4a6236,99.9773%,9,39591,39600,0,0,9,39591
0x41fbe5,90.9091%,9,90,99,3,3,6,87
0x4a49f5,92.9134%,9,118,127,4,6,3,114
0x4a4945,99.8199%,9,4988,4997,0,5,4,4988
0x420503,47.0588%,9,8,17,1,2,7,7
0x4937c2,79.5455%,9,35,44,6,4,5,29
0x41138d,99.9501%,9,18011,18020,0,0,9,18011
0x4024bb,98.6133%,9,640,649,283,9,0,357
0x403763,99.0343%,9,923,932,0,6,3,923
0x4a6139,99.6137%,9,2321,2330,9,3,6,2312
0x4b02cd,89.8876%,9,80,89,80,7,2,0
0x41e857,99.9902%,8,81402,81410,480,4,4,80922
0x41e861,99.9901%,8,80918,80926,0,0,8,80918
0x41e24d,99.0815%,8,863,871,863,3,5,0
0x416acc,99.8128%,8,4266,4274,799,5,3,3467
0x454988,60%,8,12,20,8,3,5,4
0x4bbdfa,99.6995%,8,2654,2662,31,3,5,2623
0x41143b,99.8683%,8,6065,6073,1978,4,4,4087
0x41f52f,99.2838%,8,1109,1117,1023,4,4,86
0x4165a0,99.8428%,8,5081,5089,5081,8,0,0
0x41fce7,52.9412%,8,9,17,8,3,5,1
0x420486,79.4872%,8,31,39,31,7,1,0
0x4a640f,99.7267%,8,2919,2927,0,0,8,2919
0x4a62ca,82.6087%,8,38,46,8,4,4,30
0x4c4ba6,95.5056%,8,170,178,16,4,4,154
0x4116c2,98.8655%,7,610,617,610,7,0,0
0x40caa8,99.5524%,7,1557,1564,1557,7,0,0
0x41e300,99.1736%,7,840,847,0,5,2,840
0x41fcda,70.8333%,7,17,24,2,5,2,15
0x402747,99.2529%,7,930,937,0,0,7,930
0x40ce5a,99.8281%,7,4066,4073,4066,7,0,0
0x404bcd,99.3%,7,993,1000,992,3,4,1
0x409240,83.3333%,7,35,42,0,4,3,35
0x41e1fc,99.3111%,6,865,871,12,4,2,853
0x44b4b6,93.1818%,6,82,88,77,0,6,5
0x402dd8,97.9522%,6,287,293,0,0,6,287
0x42047e,85.3659%,6,35,41,0,2,4,35
0x4a7d73,99.9193%,6,7429,7435,0,0,6,7429
0x48e666,60%,6,9,15,4,5,1,5
0x4a48f0,99.8799%,6,4991,4997,0,0,6,4991
0x4bbf0a,99.7699%,6,2601,2607,0,0,6,2601
0x41693c,99.9033%,6,6201,6207,2632,3,3,3569
0x4945ec,72.7273%,6,16,22,8,3,3,8
0x41147b,99.8902%,6,5459,5465,1690,3,3,3769
0x42011d,50%,6,6,12,4,6,0,2
0x41f5d9,45.4545%,6,5,11,2,4,2,3
0x4115ec,99.0276%,6,611,617,611,6,0,0
0x41e357,99.2916%,6,841,847,841,1,5,0
0x494314,45.4545%,6,5,11,4,4,2,1
0x404c6a,99.4949%,6,1182,1188,1181,1,5,1
0x4bbdac,99.7746%,6,2656,2662,2643,2,4,13
0x41e797,99.3562%,6,926,932,442,6,0,484
0x4a5c95,88%,6,44,50,0,0,6,44
0x4bbe67,99.8849%,6,5208,5214,2606,1,5,2602
0x4113fb,99.9143%,5,5830,5835,631,1,4,5199
0x408c7c,66.6667%,5,10,15,5,4,1,5
0x454a22,75%,5,15,20,7,2,3,8
0x404742,98.2935%,5,288,293,288,4,1,0
0x4052f8,54.5455%,5,6,11,3,3,2,3
0x4a6341,85.2941%,5,29,34,19,2,3,10
0x403dde,54.5455%,5,6,11,5,1,4,1
0x41f5b6,54.5455%,5,6,11,4,2,3,2
0x41f0aa,95.3704%,5,103,108,9,3,2,94
0x41fda9,72.2222%,5,13,18,10,2,3,3
0x494695,77.2727%,5,17,22,6,5,0,11
0x4a5e58,99.8966%,5,4830,4835,0,0,5,4830
0x4a648c,99.8265%,5,2877,2882,0,0,5,2877
0x4bbef9,99.8082%,5,2602,2607,0,0,5,2602
0x4a62f5,85.2941%,5,29,34,18,3,2,11
0x4019ff,66.6667%,5,10,15,1,3,2,9
0x41ea3f,99.4041%,5,834,839,834,0,5,0
0x4a5c2a,99.9462%,4,7431,7435,0,0,4,7431
0x40478d,98.6348%,4,289,293,0,0,4,289
0x4a484f,99.5803%,4,949,953,949,4,0,0
0x49572b,90.9091%,4,40,44,32,1,3,8
0x460b0f,78.9474%,4,15,19,6,2,2,9
0x4f0cdb,90.9091%,4,40,44,0,1,3,40
0x499896,73.3333%,4,11,15,11,4,0,0
0x4a83ea,99.9328%,4,5946,5950,0,0,4,5946
0x4a48b7,99.92%,4,4993,4997,4993,4,0,0
0x41fd08,77.7778%,4,14,18,3,3,1,11
0x4a6078,99.8817%,4,3377,3381,3377,4,0,0
0x4a7dc3,99.9462%,4,7431,7435,0,0,4,7431
0x4a7df0,99.9462%,4,7431,7435,0,0,4,7431
0x4a49a3,99.9199%,4,4988,4992,0,0,4,4988
0x40ca9b,99.7271%,4,1462,1466,1462,4,0,0
0x43fb7c,63.6364%,4,7,11,7,4,0,0
0x45e60e,81.8182%,4,18,22,0,0,4,18
0x41eb97,66.6667%,4,8,12,0,0,4,8
0x416d15,99.5731%,4,933,937,933,3,1,0
0x494b81,90.9091%,4,40,44,33,0,4,7
0x4a63eb,99.8633%,4,2923,2927,0,0,4,2923
0x446a53,81.8182%,4,18,22,7,4,0,11
0x42034e,96.6102%,4,114,118,0,3,1,114
0x43fdb4,63.6364%,4,7,11,7,4,0,0
0x4a63c4,66.6667%,4,8,12,8,4,0,0
0x4bbde4,99.8497%,4,2658,2662,54,1,3,2604
0x4a5d64,99.3671%,4,628,632,8,4,0,620
0x4a4783,99.9328%,4,5946,5950,0,0,4,5946
0x41e988,66.6667%,4,8,12,4,3,1,4
0x4c4b58,99.8948%,3,2849,2852,2849,3,0,0
0x49196d,72.7273%,3,8,11,3,3,0,5
0x48ebd6,93.1818%,3,41,44,3,3,0,38
0x492b43,72.7273%,3,8,11,8,3,0,0
0x4205b1,99.5448%,3,656,659,656,3,0,0
0x4a4fe7,95.3846%,3,62,65,0,0,3,62
0x49491a,72.7273%,3,8,11,8,3,0,0
0x4a7d87,99.9597%,3,7432,7435,0,0,3,7432
0x4a5e86,99.9648%,3,8527,8530,0,0,3,8527
0x4039fd,25%,3,1,4,0,2,1,1
0x41e1f0,99.6556%,3,868,871,0,0,3,868
0x49469e,72.7273%,3,8,11,8,3,0,0
0x48ec56,72.7273%,3,8,11,8,3,0,0
0x49219a,72.7273%,3,8,11,8,3,0,0
0x49371f,93.1818%,3,41,44,41,3,0,0
0x421a93,99.9495%,3,5935,5938,0,0,3,5935
0x4946c1,72.7273%,3,8,11,8,0,3,0
0x4150c1,99.8777%,3,2449,2452,2449,3,0,0
0x48e97a,50%,3,3,6,3,3,0,0
0x40041c,66.6667%,3,6,9,5,1,2,1
0x40290a,99.8849%,3,2603,2606,0,0,3,2603
0x43e3bc,93.1818%,3,41,44,41,3,0,0
0x4a5d2d,99.926%,3,4051,4054,0,0,3,4051
0x493d93,72.7273%,3,8,11,8,3,0,0
0x4a5cfe,99.5816%,3,714,717,0,0,3,714
0x44b76e,72.7273%,3,8,11,8,3,0,0
0x421ce0,75%,3,9,12,9,3,0,0
0x48e5a4,80%,3,12,15,12,3,0,0
0x4a491b,99.8313%,3,1775,1778,0,0,3,1775
0x406354,72.7273%,3,8,11,2,3,0,6
0x4a6ef0,99.8662%,3,2239,2242,0,0,3,2239
0x4bbec2,99.9712%,3,10421,10424,10421,3,0,0
0x4949f5,72.7273%,3,8,11,8,3,0,0
0x41e7b2,99.9963%,3,81407,81410,0,0,3,81407
0x4092a8,72.7273%,3,8,11,8,1,2,0
0x494bac,72.7273%,3,8,11,8,2,1,0
0x4029a3,99.8849%,3,2603,2606,0,0,3,2603
0x4a4cbe,99.94%,3,4994,4997,0,0,3,4994
0x420222,98.2456%,3,168,171,168,1,2,0
0x41690e,99.8883%,3,2682,2685,0,0,3,2682
0x403e73,50%,3,3,6,1,2,1,2
0x416902,99.8883%,3,2682,2685,0,0,3,2682
0x4a4049,99.0712%,3,320,323,0,0,3,320
0x4061aa,99.697%,3,987,990,0,0,3,987
0x49eccb,96.1538%,3,75,78,0,0,3,75
0x420186,98.2353%,3,167,170,167,1,2,0
0x4a5e79,99.9648%,3,8527,8530,0,0,3,8527
0x43f9c9,81.8182%,2,9,11,9,2,0,0
0x4093a8,84.6154%,2,11,13,0,2,0,11
0x495120,81.8182%,2,9,11,9,2,0,0
0x43fc87,81.8182%,2,9,11,9,2,0,0
0x45504d,81.8182%,2,9,11,9,2,0,0
0x403e99,66.6667%,2,4,6,4,2,0,0
0x403a2a,50%,2,2,4,2,2,0,0
0x41fd7e,0%,2,0,2,0,0,2,0
0x46c778,95.4545%,2,42,44,42,2,0,0
0x40056a,94.5946%,2,35,37,35,2,0,0
0x493d07,81.8182%,2,9,11,9,2,0,0
0x4f098f,95.4545%,2,42,44,42,2,0,0
0x41fd17,83.3333%,2,10,12,0,2,0,10
0x454aab,33.3333%,2,1,3,0,0,2,1
0x4a485e,99.7901%,2,951,953,460,1,1,491
0x4c4b4e,99.9299%,2,2850,2852,0,0,2,2850
0x4f0ef5,90.9091%,2,20,22,20,2,0,0
0x454c1e,66.6667%,2,4,6,0,0,2,4
0x4a4bf0,99.96%,2,4995,4997,4995,2,0,0
0x41ec34,83.3333%,2,10,12,0,0,2,10
0x40279d,99.7866%,2,935,937,296,1,1,639
0x409203,96.4912%,2,55,57,0,1,1,55
0x420970,99.9731%,2,7421,7423,7421,2,0,0
0x4a7dac,99.9731%,2,7433,7435,0,0,2,7433
0x403eb9,33.3333%,2,1,3,1,2,0,0
0x420627,99.505%,2,402,404,402,2,0,0
0x494b62,93.9394%,2,31,33,0,0,2,31
0x49471b,81.8182%,2,9,11,0,0,2,9
0x494a6b,81.8182%,2,9,11,9,2,0,0
0x4092b2,84.6154%,2,11,13,11,0,2,0
0x4a4c05,99.96%,2,4995,4997,0,0,2,4995
0x421dac,97.7273%,2,86,88,86,2,0,0
0x4a4779,99.9664%,2,5948,5950,0,0,2,5948
0x453344,81.8182%,2,9,11,9,2,0,0
0x41ffd5,80%,2,8,10,8,2,0,0
0x494b75,95.4545%,2,42,44,9,2,0,33
0x4a48d4,99.96%,2,4995,4997,0,0,2,4995
0x429e1b,81.8182%,2,9,11,9,2,0,0
0x495711,95.4545%,2,42,44,0,0,2,42
0x492e23,81.8182%,2,9,11,9,2,0,0
0x493da8,98.6014%,2,141,143,9,2,0,132
0x41e261,60%,2,3,5,0,0,2,3
0x493cc8,81.8182%,2,9,11,9,2,0,0
0x402824,99.9233%,2,2605,2607,2605,2,0,0
0x493367,81.8182%,2,9,11,9,2,0,0
0x42a3b0,81.8182%,2,9,11,9,2,0,0
0x41ffc1,83.3333%,2,10,12,10,2,0,0
0x4a4795,99.9664%,2,5948,5950,0,0,2,5948
0x454c88,66.6667%,2,4,6,4,2,0,0
0x42018b,0%,2,0,2,0,0,2,0
0x4f0e21,81.8182%,2,9,11,9,2,0,0
0x402701,66.6667%,2,4,6,0,1,1,4
0x4a47c8,99.7901%,2,951,953,0,0,2,951
0x402477,99.9956%,2,45730,45732,0,0,2,45730
0x4201e2,98.8304%,2,169,171,169,1,1,0
0x4a6d0f,90.4762%,2,19,21,0,0,2,19
0x446a76,81.8182%,2,9,11,9,2,0,0
0x494956,81.8182%,2,9,11,0,0,2,9
0x48ed00,81.8182%,2,9,11,9,2,0,0
0x4a62ea,94.1176%,2,32,34,0,0,2,32
0x49249b,81.8182%,2,9,11,0,1,1,9
0x4bbe2a,99.9616%,2,5212,5214,5212,2,0,0
0x493dc6,81.8182%,2,9,11,9,2,0,0
0x403eeb,66.6667%,2,4,6,4,2,0,0
0x409393,84.6154%,2,11,13,1,1,1,10
0x4201c1,98.8304%,2,169,171,169,2,0,0
0x403f3d,66.6667%,2,4,6,0,0,2,4
0x45f220,95.4545%,1,21,22,0,0,1,21
0x4a840c,99.9832%,1,5949,5950,5949,1,0,0
0x4a4cea,99.98%,1,4996,4997,0,0,1,4996
0x420243,90%,1,9,10,0,0,1,9
0x4f0f59,95.4545%,1,21,22,21,1,0,0
0x404760,99.6587%,1,292,293,292,1,0,0
0x45d73b,95.4545%,1,21,22,0,0,1,21
0x4a6447,97.7778%,1,44,45,0,0,1,44
0x41eff0,99.0741%,1,107,108,0,0,1,107
0x459960,97.7273%,1,43,44,43,1,0,0
0x494c06,0%,1,0,1,0,1,0,0
0x4c31a4,97.7273%,1,43,44,0,0,1,43
0x4a6c7b,95.4545%,1,21,22,0,0,1,21
0x40933c,92.3077%,1,12,13,0,0,1,12
0x48ec2f,90.9091%,1,10,11,10,1,0,0
0x4204bd,0%,1,0,1,0,1,0,0
0x45f369,95.4545%,1,21,22,0,0,1,21
0x420493,0%,1,0,1,0,1,0,0
0x460d09,90.9091%,1,10,11,0,0,1,10
0x493740,97.7273%,1,43,44,43,1,0,0
0x40244f,99.892%,1,925,926,0,0,1,925
0x4950dd,90%,1,9,10,3,0,1,6
0x48e597,93.3333%,1,14,15,0,0,1,14
0x494544,90.9091%,1,10,11,0,0,1,10
0x4f0def,90.9091%,1,10,11,10,1,0,0
0x402997,99.9616%,1,2605,2606,0,0,1,2605
0x494393,90.9091%,1,10,11,2,1,0,8
0x40373a,99.8927%,1,931,932,0,0,1,931
0x48e455,93.3333%,1,14,15,14,1,0,0
0x4047a9,99.6587%,1,292,293,0,1,0,292
0x41e633,99.8652%,1,741,742,280,1,0,461
0x46c6bc,97.7273%,1,43,44,43,1,0,0
0x41f534,98.8889%,1,89,90,89,1,0,0
0x41fbee,98.9247%,1,92,93,92,1,0,0
0x494bde,0%,1,0,1,0,1,0,0
0x4a5f6f,99.8895%,1,904,905,904,1,0,0
0x4a4fee,98.4615%,1,64,65,0,0,1,64
0x41e769,99.8927%,1,931,932,0,0,1,931
0x402949,99.9616%,1,2605,2606,0,0,1,2605
0x4a4cd7,99.98%,1,4996,4997,4996,1,0,0
0x41eb6f,91.6667%,1,11,12,11,1,0,0
0x492124,90.9091%,1,10,11,10,1,0,0
0x49210e,90.9091%,1,10,11,0,0,1,10
0x46c6dc,97.7273%,1,43,44,0,0,1,43
0x48ed80,90.9091%,1,10,11,10,1,0,0
0x493a7f,90.9091%,1,10,11,10,1,0,0
0x4093c4,92.3077%,1,12,13,11,0,1,1
0x48e475,93.3333%,1,14,15,0,0,1,14
0x4a7dcc,99.9866%,1,7434,7435,7434,1,0,0
0x4a6405,99.9658%,1,2926,2927,0,0,1,2926
0x459db9,97.7273%,1,43,44,43,1,0,0
0x41f0a2,99.0741%,1,107,108,0,0,1,107
0x416a82,99.8825%,1,850,851,0,0,1,850
0x48edf3,90.9091%,1,10,11,10,1,0,0
0x404a4e,83.3333%,1,5,6,0,0,1,5
0x40286c,99.9616%,1,2606,2607,2606,1,0,0
0x4c4b02,99.9637%,1,2754,2755,2754,1,0,0
0x44b7ff,90.9091%,1,10,11,10,1,0,0
0x41f599,99.0196%,1,101,102,0,0,1,101
0x45e5eb,95.4545%,1,21,22,0,0,1,21
0x495010,87.5%,1,7,8,7,1,0,0
0x4a7df5,99.9866%,1,7434,7435,0,0,1,7434
0x4116de,99.8379%,1,616,617,297,0,1,319
0x494915,90.9091%,1,10,11,0,0,1,10
0x4a47e9,99.8951%,1,952,953,952,1,0,0
0x454c72,83.3333%,1,5,6,0,0,1,5
0x4a488e,99.98%,1,4996,4997,4996,1,0,0
0x41e62b,99.8652%,1,741,742,0,0,1,741
0x4f0945,90.9091%,1,10,11,0,0,1,10
0x41e199,80%,1,4,5,0,0,1,4
0x416a90,99.8825%,1,850,851,0,0,1,850
0x49439c,87.5%,1,7,8,0,0,1,7
0x4938e4,90.9091%,1,10,11,10,1,0,0
0x41edef,99.893%,1,934,935,449,0,1,485
0x493034,90.9091%,1,10,11,10,1,0,0
0x404729,99.6587%,1,292,293,292,1,0,0
0x40c1a2,90.9091%,1,10,11,10,1,0,0
0x492a9d,90.9091%,1,10,11,10,1,0,0
0x4929ce,96.1538%,1,25,26,0,0,1,25
0x45e59b,95.4545%,1,21,22,0,0,1,21
0x45e5be,95.4545%,1,21,22,0,0,1,21
0x4a4da4,99.2126%,1,126,127,126,1,0,0
0x4945a7,90.9091%,1,10,11,0,0,1,10
0x48eb81,97.7273%,1,43,44,0,0,1,43
0x446aa7,90.9091%,1,10,11,0,0,1,10
0x4947ff,90.9091%,1,10,11,10,1,0,0
0x494ba3,90.9091%,1,10,11,0,0,1,10
0x495463,90.9091%,1,10,11,10,1,0,0
0x49476e,85.7143%,1,6,7,6,1,0,0
0x404757,99.6587%,1,292,293,0,0,1,292
0x494d6d,90.9091%,1,10,11,10,1,0,0
0x4f0d24,97.7273%,1,43,44,43,1,0,0
0x46c72b,97.7273%,1,43,44,43,1,0,0
0x48ebb0,97.7273%,1,43,44,0,0,1,43
0x404bbc,99.9%,1,999,1000,999,1,0,0
0x49458e,90.9091%,1,10,11,10,1,0,0
0x404411,0%,1,0,1,0,0,1,0
0x49519a,90.9091%,1,10,11,10,1,0,0
0x446a69,90.9091%,1,10,11,0,0,1,10
0x4163be,99.5192%,1,207,208,0,0,1,207
0x48e674,83.3333%,1,5,6,0,0,1,5
0x4a4963,99.9646%,1,2825,2826,0,0,1,2825
0x420356,99.1304%,1,114,115,114,0,1,0
0x411667,99.8379%,1,616,617,0,0,1,616
0x403f1f,83.3333%,1,5,6,5,1,0,0
0x4b0294,98.8764%,1,88,89,0,0,1,88
0x42a340,90.9091%,1,10,11,0,0,1,10
0x42a34d,90.9091%,1,10,11,0,0,1,10
0x494a41,90.9091%,1,10,11,0,0,1,10
0x460c68,90.9091%,1,10,11,0,0,1,10
0x491b04,83.3333%,1,5,6,0,0,1,5
0x4550a7,90.9091%,1,10,11,10,1,0,0
0x43fa37,90.9091%,1,10,11,10,1,0,0
0x43fa42,90.9091%,1,10,11,10,1,0,0
0x40c164,90.9091%,1,10,11,10,1,0,0
0x454ae2,66.6667%,1,2,3,2,1,0,0
0x43fd66,90.9091%,1,10,11,10,1,0,0
0x454992,88.8889%,1,8,9,0,0,1,8
0x400404,88.8889%,1,8,9,8,1,0,0
0x403ed2,83.3333%,1,5,6,5,1,0,0
0x494748,90.9091%,1,10,11,0,0,1,10
0x42035e,0%,1,0,1,0,1,0,0
0x494bc6,0%,1,0,1,0,0,1,0
0x4b01ac,90.9091%,1,10,11,10,1,0,0
0x405ef2,83.3333%,1,5,6,5,1,0,0
0x4a635e,91.6667%,1,11,12,0,0,1,11
0x4a4a02,99.2126%,1,126,127,126,1,0,0
0x48ed30,90.9091%,1,10,11,10,1,0,0
0x48eea6,90.9091%,1,10,11,10,1,0,0
0x4296f7,95.4545%,1,21,22,21,1,0,0
0x429dc7,90.9091%,1,10,11,10,1,0,0
0x43fc63,90.9091%,1,10,11,0,0,1,10
0x48ee55,90.9091%,1,10,11,0,0,1,10
0x4549f0,95%,1,19,20,0,0,1,19
0x453d71,96.7742%,1,30,31,0,0,1,30
0x453d7a,96.7742%,1,30,31,0,0,1,30
0x4933e9,90.9091%,1,10,11,10,1,0,0
0x48ed39,90.9091%,1,10,11,10,1,0,0
0x494bbc,0%,1,0,1,0,0,1,0
0x43fcdd,90.9091%,1,10,11,10,1,0,0
0x4921cf,90.9091%,1,10,11,10,1,0,0
0x4921c2,90.9091%,1,10,11,0,0,1,10
0x43fd06,90.9091%,1,10,11,10,1,0,0
0x43fd2c,90.9091%,1,10,11,10,1,0,0
0x4925b6,90.9091%,1,10,11,10,1,0,0
0x4f13b6,97.0588%,1,33,34,0,0,1,33
0x43fb5c,90.9091%,1,10,11,10,1,0,0
0x49218d,90.9091%,1,10,11,10,1,0,0
0x43faf3,90.9091%,1,10,11,10,1,0,0
0x404a3f,83.3333%,1,5,6,0,0,1,5
0x403a58,75%,1,3,4,3,1,0,0
0x4a4859,99.8951%,1,952,953,0,0,1,952
0x491931,90.9091%,1,10,11,10,1,0,0
0x403a3f,50%,1,1,2,1,1,0,0
0x4946cd,66.6667%,1,2,3,2,1,0,0
0x4026c7,83.3333%,1,5,6,0,1,0,5
0x491b50,83.3333%,1,5,6,5,1,0,0
0x48e95f,83.3333%,1,5,6,5,1,0,0
0x48e60f,93.3333%,1,14,15,14,1,0,0
0x48e62c,93.3333%,1,14,15,14,1,0,0
0x4920ef,90.9091%,1,10,11,0,0,1,10
0x4052d1,90.9091%,1,10,11,10,1,0,0
0x45e5a4,95.4545%,1,21,22,0,0,1,21
0x420572,90%,1,9,10,0,0,1,9
0x494753,90.9091%,1,10,11,0,1,0,10
0x4bbf14,99.9616%,1,2606,2607,0,0,1,2606
0x4033bf,0%,1,0,1,0,1,0,0
0x4033ea,0%,1,0,1,0,1,0,0
0x41ef0c,99.0741%,1,107,108,107,1,0,0
0x491aea,80%,1,4,5,4,1,0,0
0x402c56,99.6575%,1,291,292,0,0,1,291
0x491922,90.9091%,1,10,11,0,0,1,10
0x420569,90%,1,9,10,0,0,1,9
0x494fa9,90.9091%,1,10,11,0,0,1,10
0x491a6e,80%,1,4,5,4,1,0,0
0x491a36,80%,1,4,5,0,0,1,4
0x4c4a98,99.9682%,1,3144,3145,0,0,1,3144
0x454fdd,91.6667%,1,11,12,11,1,0,0
0x41ede6,99.893%,1,934,935,0,0,1,934
0x494aad,90.9091%,1,10,11,10,1,0,0
0x403a2f,75%,1,3,4,3,1,0,0
0x4113dc,99.9942%,1,17384,17385,0,0,1,17384
0x49297a,96.1538%,1,25,26,25,1,0,0
0x48ec0e,90.9091%,1,10,11,10,1,0,0
0x49495e,90.9091%,1,10,11,10,1,0,0
0x49197e,80%,1,4,5,0,0,1,4
0x48e4df,93.3333%,1,14,15,14,1,0,0
0x49487a,90.9091%,1,10,11,10,1,0,0
0x41e91d,99.9987%,1,75631,75632,0,0,1,75631
0x49547e,90.9091%,1,10,11,10,1,0,0
0x49518b,90.9091%,1,10,11,0,0,1,10
0x494948,90.9091%,1,10,11,0,0,1,10
0x49437b,100%,0,3,3,0,0,0,3
0x48e534,100%,0,15,15,15,0,0,0
0x4a40ca,100%,0,74,74,74,0,0,0
0x40619b,100%,0,5,5,0,0,0,5
0x4acdf8,100%,0,11,11,0,0,0,11
0x48e523,100%,0,15,15,0,0,0,15
0x409363,100%,0,13,13,0,0,0,13
0x4a6178,100%,0,22,22,22,0,0,0
0x48e545,100%,0,15,15,0,0,0,15
0x455041,100%,0,11,11,0,0,0,11
0x48e64f,100%,0,15,15,0,0,0,15
0x42048e,100%,0,1,1,0,0,0,1
0x48e58b,100%,0,15,15,15,0,0,0
0x494352,100%,0,3,3,0,0,0,3
0x48e690,100%,0,6,6,0,0,0,6
0x48e777,100%,0,44,44,0,0,0,44
0x492e78,100%,0,11,11,0,0,0,11
0x4f3d14,100%,0,11,11,11,0,0,0
0x406118,100%,0,6,6,0,0,0,6
0x41e1bb,100%,0,5,5,0,0,0,5
0x460cd8,100%,0,11,11,0,0,0,11
0x4921b4,100%,0,11,11,0,0,0,11
0x48e47f,100%,0,15,15,0,0,0,15
0x4919f8,100%,0,5,5,0,0,0,5
0x48ecf7,100%,0,11,11,0,0,0,11
0x459da0,100%,0,44,44,0,0,0,44
0x403f01,100%,0,3,3,0,0,0,3
0x43e3ca,100%,0,44,44,0,0,0,44
0x4937e1,100%,0,10,10,0,0,0,10
0x454aca,100%,0,3,3,0,0,0,3
0x404c44,100%,0,6,6,0,0,0,6
0x4061cc,100%,0,990,990,990,0,0,0
0x4c4dc8,100%,0,89,89,0,0,0,89
0x420136,100%,0,2,2,0,0,0,2
0x4a4911,100%,0,1778,1778,0,0,0,1778
0x4939f7,100%,0,11,11,11,0,0,0
0x4a6152,100%,0,140,140,0,0,0,140
0x4947de,100%,0,11,11,0,0,0,11
0x4201bc,100%,0,171,171,0,0,0,171
0x403e86,100%,0,6,6,6,0,0,0
0x459d40,100%,0,44,44,0,0,0,44
0x422bc6,100%,0,22,22,0,0,0,22
0x48e50d,100%,0,15,15,0,0,0,15
0x4061bb,100%,0,990,990,0,0,0,990
0x460c90,100%,0,11,11,11,0,0,0
0x48e5d3,100%,0,15,15,15,0,0,0
0x45a3c1,100%,0,132,132,132,0,0,0
0x409302,100%,0,13,13,0,0,0,13
0x4955b3,100%,0,3,3,0,0,0,3
0x491a50,100%,0,5,5,0,0,0,5
0x48e46c,100%,0,15,15,0,0,0,15
0x41fd51,100%,0,2,2,0,0,0,2
0x4bd1cd,100%,0,59,59,0,0,0,59
0x43e756,100%,0,143,143,143,0,0,0
0x4a40b3,100%,0,74,74,0,0,0,74
0x43e343,100%,0,22,22,22,0,0,0
0x4bd1f1,100%,0,59,59,0,0,0,59
0x48e4d1,100%,0,15,15,0,0,0,15
0x403db4,100%,0,11,11,0,0,0,11
0x493078,100%,0,11,11,0,0,0,11
0x4f0f1c,100%,0,22,22,22,0,0,0
0x491b2e,100%,0,6,6,0,0,0,6
0x494306,100%,0,11,11,0,0,0,11
0x43f9b3,100%,0,11,11,0,0,0,11
0x4942f6,100%,0,11,11,0,0,0,11
0x494282,100%,0,11,11,0,0,0,11
0x48e975,100%,0,6,6,0,0,0,6
0x4a4fd9,100%,0,65,65,0,0,0,65
0x4f0f46,100%,0,22,22,0,0,0,22
0x48e61e,100%,0,15,15,0,0,0,15
0x493d8d,100%,0,11,11,0,0,0,11
0x494823,100%,0,11,11,11,0,0,0
0x4043d5,100%,0,1,1,1,0,0,0
0x4043fb,100%,0,1,1,1,0,0,0
0x459da9,100%,0,44,44,0,0,0,44
0x49424e,100%,0,11,11,0,0,0,11
0x4f2042,100%,0,11,11,11,0,0,0
0x4956f0,100%,0,11,11,0,0,0,11
0x494a49,100%,0,11,11,0,0,0,11
0x4a6ef7,100%,0,2242,2242,0,0,0,2242
0x4b0225,100%,0,11,11,0,0,0,11
0x494618,100%,0,11,11,0,0,0,11
0x4ace0b,100%,0,11,11,0,0,0,11
0x4f13aa,100%,0,34,34,0,0,0,34
0x4937b2,100%,0,44,44,0,0,0,44
0x4f0d17,100%,0,29,29,0,0,0,29
0x493733,100%,0,44,44,0,0,0,44
0x459935,100%,0,44,44,0,0,0,44
0x494528,100%,0,11,11,0,0,0,11
0x494fb4,100%,0,11,11,0,0,0,11
0x49443e,100%,0,11,11,11,0,0,0
0x494431,100%,0,11,11,0,0,0,11
0x41fdc0,100%,0,24,24,0,0,0,24
0x41fb77,100%,0,24,24,0,0,0,24
0x41ebc0,100%,0,12,12,0,0,0,12
0x404c0f,100%,0,5,5,5,0,0,0
0x404b89,100%,0,5,5,0,0,0,5
0x48eb52,100%,0,44,44,0,0,0,44
0x4a6d1e,100%,0,21,21,0,0,0,21
0x403871,100%,0,1,1,0,0,0,1
0x4038cc,100%,0,1,1,0,0,0,1
0x403958,100%,0,5,5,0,0,0,5
0x48ee89,100%,0,11,11,0,0,0,11
0x404bfe,100%,0,5,5,0,0,0,5
0x49197a,100%,0,5,5,0,0,0,5
0x4a6320,100%,0,34,34,0,0,0,34
0x4a6c94,100%,0,22,22,22,0,0,0
0x48ed77,100%,0,11,11,0,0,0,11
0x4a6316,100%,0,34,34,0,0,0,34
0x4919aa,100%,0,5,5,0,0,0,5
0x4919bc,100%,0,5,5,0,0,0,5
0x40371d,100%,0,5,5,0,0,0,5
0x41ec84,100%,0,12,12,0,0,0,12
0x41ecb5,100%,0,12,12,0,0,0,12
0x4a61a7,100%,0,12,12,12,0,0,0
0x4051d8,100%,0,11,11,0,0,0,11
0x4938b3,100%,0,11,11,0,0,0,11
0x4029de,100%,0,2606,2606,0,0,0,2606
0x404bab,100%,0,1000,1000,0,0,0,1000
0x4a4478,100%,0,39,39,0,0,0,39
0x492aad,100%,0,11,11,0,0,0,11
0x4947b9,100%,0,11,11,0,0,0,11
0x41efeb,100%,0,108,108,0,0,0,108
0x402905,100%,0,2606,2606,0,0,0,2606
0x4919e5,100%,0,5,5,0,0,0,5
0x492b33,100%,0,11,11,0,0,0,11
0x404bd9,100%,0,5,5,0,0,0,5
0x45d744,100%,0,22,22,0,0,0,22
0x4047cb,100%,0,1,1,0,0,0,1
0x494b1c,100%,0,11,11,0,0,0,11
0x41e97a,100%,0,12,12,0,0,0,12
0x4a62fe,100%,0,13,13,0,0,0,13
0x49296a,100%,0,26,26,0,0,0,26
0x49990a,100%,0,15,15,0,0,0,15
0x4a4863,100%,0,492,492,492,0,0,0
0x40479f,100%,0,293,293,0,0,0,293
0x4a6d29,100%,0,21,21,0,0,0,21
0x4a4f56,100%,0,904,904,0,0,0,904
0x409e3a,100%,0,293,293,0,0,0,293
0x405269,100%,0,11,11,11,0,0,0
0x4a496d,100%,0,2826,2826,0,0,0,2826
0x494624,100%,0,11,11,0,0,0,11
0x402b34,100%,0,596,596,596,0,0,0
0x4a478d,100%,0,5950,5950,0,0,0,5950
0x4a40a9,100%,0,74,74,0,0,0,74
0x4a4834,100%,0,492,492,492,0,0,0
0x4bbe6e,100%,0,2607,2607,0,0,0,2607
0x416cbc,100%,0,937,937,0,0,0,937
0x491915,100%,0,11,11,0,0,0,11
0x494bfe,100%,0,1,1,0,0,0,1
0x41f2b5,100%,0,12,12,12,0,0,0
0x493218,100%,0,11,11,0,0,0,11
0x455011,100%,0,12,12,12,0,0,0
0x409279,100%,0,24,24,0,0,0,24
0x41fd1c,100%,0,10,10,10,0,0,0
0x41e1c9,100%,0,5,5,0,0,0,5
0x429714,100%,0,22,22,0,0,0,22
0x4bbed8,100%,0,2606,2606,2606,0,0,0
0x4a47b7,100%,0,953,953,0,0,0,953
0x4a4f99,100%,0,285,285,285,0,0,0
0x49510d,100%,0,11,11,0,0,0,11
0x41e624,100%,0,486,486,182,0,0,304
0x4a4f64,100%,0,904,904,0,0,0,904
0x4a5d19,100%,0,717,717,717,0,0,0
0x409236,100%,0,14,14,14,0,0,0
0x4a5cf3,100%,0,717,717,0,0,0,717
0x429dae,100%,0,11,11,0,0,0,11
0x49308c,100%,0,11,11,0,0,0,11
0x4924d2,100%,0,10,10,0,0,0,10
0x4a4882,100%,0,4997,4997,0,0,0,4997
0x49ecd9,100%,0,78,78,0,0,0,78
0x41fd42,100%,0,10,10,10,0,0,0
0x411662,100%,0,617,617,0,0,0,617
0x41ec3d,100%,0,12,12,0,0,0,12
0x4924fe,100%,0,10,10,0,0,0,10
0x460c80,100%,0,11,11,0,0,0,11
0x491908,100%,0,11,11,0,0,0,11
0x45994a,100%,0,44,44,44,0,0,0
0x4047b0,100%,0,292,292,292,0,0,0
0x4918f0,100%,0,11,11,0,0,0,11
0x455058,100%,0,11,11,0,0,0,11
0x416313,100%,0,208,208,0,0,0,208
0x41f5de,100%,0,5,5,0,0,0,5
0x403aa7,100%,0,5,5,5,0,0,0
0x43e3a3,100%,0,22,22,22,0,0,0
0x4f0e12,100%,0,11,11,0,0,0,11
0x492e6f,100%,0,11,11,0,0,0,11
0x494363,100%,0,3,3,0,0,0,3
0x404b9a,100%,0,1000,1000,0,0,0,1000
0x421e2a,100%,0,88,88,0,0,0,88
0x494af3,100%,0,11,11,0,0,0,11
0x4a52a3,100%,0,4997,4997,4997,0,0,0
0x49ecba,100%,0,78,78,0,0,0,78
0x493cbb,100%,0,11,11,0,0,0,11
0x4091f2,100%,0,41,41,41,0,0,0
0x4a5f8b,100%,0,470,470,0,0,0,470
0x45f360,100%,0,22,22,0,0,0,22
0x494c25,100%,0,1,1,0,0,0,1
0x41e290,100%,0,5,5,0,0,0,5
0x40932c,100%,0,13,13,0,0,0,13
0x45d75e,100%,0,22,22,0,0,0,22
0x460bdb,100%,0,11,11,0,0,0,11
0x494648,100%,0,11,11,0,0,0,11
0x4a7ddb,100%,0,7435,7435,0,0,0,7435
0x41eb2e,100%,0,12,12,0,0,0,12
0x40c1b8,100%,0,11,11,0,0,0,11
0x4929bd,100%,0,26,26,0,0,0,26
0x4a48c3,100%,0,4997,4997,0,0,0,4997
0x454c37,100%,0,6,6,0,0,0,6
0x4a628d,100%,0,50,50,50,0,0,0
0x4a5c87,100%,0,50,50,50,0,0,0
0x49ed04,100%,0,78,78,0,0,0,78
0x41edf9,100%,0,486,486,304,0,0,182
0x41e365,100%,0,5,5,0,0,0,5
0x42a3da,100%,0,11,11,11,0,0,0
0x4a4cca,100%,0,4997,4997,0,0,0,4997
0x4a4058,100%,0,323,323,323,0,0,0
0x4f13b1,100%,0,34,34,0,0,0,34
0x4a47da,100%,0,953,953,0,0,0,953
0x4a6274,100%,0,314,314,0,0,0,314
0x41fe16,100%,0,48,48,0,0,0,48
0x4924ef,100%,0,10,10,0,0,0,10
0x4a4157,100%,0,156,156,0,0,0,156
0x43f9f1,100%,0,11,11,11,0,0,0
0x454c4d,100%,0,6,6,0,0,0,6
0x4a7de7,100%,0,7435,7435,0,0,0,7435
0x4b02e6,100%,0,89,89,89,0,0,0
0x460c13,100%,0,11,11,0,0,0,11
0x402ad9,100%,0,596,596,0,0,0,596
0x44b711,100%,0,11,11,11,0,0,0
0x48ebc4,100%,0,44,44,0,0,0,44
0x45503a,100%,0,11,11,0,0,0,11
0x45532b,100%,0,11,11,11,0,0,0
0x45531c,100%,0,11,11,11,0,0,0
0x4552ff,100%,0,11,11,0,0,0,11
0x460c73,100%,0,11,11,0,0,0,11
0x460c5f,100%,0,11,11,0,0,0,11
0x454a9a,100%,0,6,6,3,0,0,3
0x460c1e,100%,0,11,11,11,0,0,0
0x402b11,100%,0,596,596,0,0,0,596
0x42a368,100%,0,11,11,0,0,0,11
0x42a35d,100%,0,11,11,0,0,0,11
0x41e784,100%,0,932,932,932,0,0,0
0x42a326,100%,0,11,11,0,0,0,11
0x42a546,100%,0,11,11,0,0,0,11
0x42a541,100%,0,11,11,0,0,0,11
0x429f4b,100%,0,11,11,0,0,0,11
0x43fb96,100%,0,11,11,0,0,0,11
0x494a59,100%,0,11,11,0,0,0,11
0x40926f,100%,0,14,14,14,0,0,0
0x4549aa,100%,0,20,20,20,0,0,0
0x492a84,100%,0,11,11,0,0,0,11
0x4a48e2,100%,0,4997,4997,0,0,0,4997
0x416339,100%,0,208,208,208,0,0,0
0x406113,100%,0,6,6,0,0,0,6
0x4a4491,100%,0,39,39,0,0,0,39
0x4052e3,100%,0,11,11,11,0,0,0
0x403899,100%,0,1,1,0,0,0,1
0x4a63b7,100%,0,12,12,0,0,0,12
0x4024f8,100%,0,277,277,0,0,0,277
0x403776,100%,0,926,926,926,0,0,0
0x4a4486,100%,0,39,39,0,0,0,39
0x402508,100%,0,569,569,0,0,0,569
0x4f13af,100%,0,34,34,0,0,0,34
0x4c31c9,100%,0,44,44,0,0,0,44
0x409373,100%,0,13,13,0,0,0,13
0x493b9f,100%,0,11,11,0,0,0,11
0x48e682,100%,0,6,6,0,0,0,6
0x402a5c,100%,0,596,596,596,0,0,0
0x454c48,100%,0,6,6,0,0,0,6
0x4a4161,100%,0,156,156,0,0,0,156
0x454fd4,100%,0,12,12,0,0,0,12
0x403a85,100%,0,4,4,0,0,0,4
0x402b50,100%,0,596,596,0,0,0,596
0x4998c8,100%,0,15,15,0,0,0,15
0x422bfc,100%,0,22,22,0,0,0,22
0x405243,100%,0,11,11,11,0,0,0
0x45f3b9,100%,0,22,22,0,0,0,22
0x45f3b0,100%,0,22,22,0,0,0,22
0x43fb69,100%,0,11,11,11,0,0,0
0x4c4bfb,100%,0,2577,2577,0,0,0,2577
0x422be1,100%,0,22,22,0,0,0,22
0x48ecd7,100%,0,11,11,0,0,0,11
0x403928,100%,0,5,5,0,0,0,5
0x4a5ef8,100%,0,1093,1093,0,0,0,1093
0x4a48ab,100%,0,4997,4997,0,0,0,4997
0x45e5f4,100%,0,22,22,0,0,0,22
0x40477b,100%,0,293,293,0,0,0,293
0x4944d3,100%,0,11,11,11,0,0,0
0x49475d,100%,0,10,10,10,0,0,0
0x49309f,100%,0,11,11,11,0,0,0
0x460ad6,100%,0,11,11,0,0,0,11
0x409e27,100%,0,293,293,0,0,0,293
0x45a400,100%,0,132,132,0,0,0,132
0x4a4807,100%,0,953,953,0,0,0,953
0x4a4186,100%,0,903,903,0,0,0,903
0x4947bf,100%,0,11,11,11,0,0,0
0x404bed,100%,0,5,5,0,0,0,5
0x4061e6,100%,0,5,5,0,0,0,5
0x45f229,100%,0,22,22,0,0,0,22
0x45333a,100%,0,11,11,0,0,0,11
0x4f0924,100%,0,11,11,11,0,0,0
0x4201a3,100%,0,171,171,0,0,0,171
0x494c3c,100%,0,1,1,0,0,0,1
0x43fcff,100%,0,11,11,0,0,0,11
0x4552fa,100%,0,11,11,0,0,0,11
0x453d92,100%,0,31,31,31,0,0,0
0x4a616b,100%,0,22,22,0,0,0,22
0x403a6e,100%,0,2,2,0,0,0,2
0x4c4af8,100%,0,2755,2755,0,0,0,2755
0x45a40e,100%,0,132,132,132,0,0,0
0x43fca4,100%,0,11,11,11,0,0,0
0x43fc8f,100%,0,11,11,0,0,0,11
0x43fc6e,100%,0,11,11,0,0,0,11
0x4201b5,100%,0,171,171,0,0,0,171
0x446a3e,100%,0,22,22,0,0,0,22
0x4a6337,100%,0,34,34,0,0,0,34
0x40c0a4,100%,0,11,11,0,0,0,11
0x40c09c,100%,0,11,11,0,0,0,11
0x494518,100%,0,11,11,0,0,0,11
