Branch PC,Accuracy,Mispredictions,Correct Predictions,Total,dir_t_pred_t,dir_t_pred_nt,dir_nt_pred_t,dir_nt_pred_nt
aggregate,92.0557%,1701759,19719476,21421235,9934078,648185,1053574,9785398
0x40bda5,76.1122%,91939,292939,384878,265178,14656,77283,27761
0x41683b,49.9331%,89481,89242,178723,44619,45165,44316,44623
0x40971d,72.9258%,74800,201478,276278,146671,26146,48654,54807
0x40cc3f,81.3145%,58424,254246,312670,229705,13358,45066,24541
0x40cf70,74.7141%,55739,164696,220435,146545,9652,46087,18151
0x40c966,80.0361%,48157,193063,241220,116190,20776,27381,76873
0x41ee6f,66.7027%,45576,91300,136876,84044,7281,38295,7256
0x4164ea,91.2049%,41296,428237,469533,49243,30180,11116,378994
0x40bbbf,73.7181%,38504,108000,146504,52235,20308,18196,55765
0x40be17,63.5467%,38292,66752,105044,21980,23448,14844,44772
0x416298,69.9539%,34398,80086,114484,14107,28105,6293,65979
0x40cfb4,79.5677%,33722,131321,165043,121051,5697,28025,10270
0x40bbb6,85.8369%,32851,199097,231948,65267,20177,12674,133830
0x40ccb5,90.8625%,30861,306879,337740,289371,6779,24082,17508
0x409544,80.5412%,28090,116266,144356,14157,21078,7012,102109
0x40f70f,71.6022%,26101,65811,91912,46929,8323,17778,18882
0x40cff1,81.3316%,24737,107770,132507,101683,3784,20953,6087
0x40cdd3,90.1026%,24686,224734,249420,177250,5607,19079,47484
0x40f6e4,73.1667%,24663,67249,91912,23942,14720,9943,43307
0x41ee22,68.8756%,23554,52123,75677,47937,4191,19363,4186
0x402e0b,75.5432%,23039,71164,94203,26332,12114,10925,44832
0x416416,77.4275%,21654,74277,95931,42510,11756,9898,31767
0x40f73a,77.8952%,20317,71595,91912,54531,6471,13846,17064
0x40cc72,83.0166%,19033,93035,112068,14389,11926,7107,78646
0x40f765,80.5618%,17866,74046,91912,63526,4311,13555,10520
0x409489,74.5454%,17790,52099,69889,6281,13968,3822,45818
0x40d02e,85.1345%,17028,97519,114547,89599,3757,13271,7920
0x41136c,89.2602%,16810,139711,156521,76293,6437,10373,63418
0x41eec2,68.0041%,16674,35439,52113,32231,3137,13537,3208
0x416558,82.7589%,16113,77344,93457,48848,5027,11086,28496
0x40b796,83.8132%,14961,77466,92427,21849,8165,6796,55617
0x40cf60,93.932%,14749,228314,243063,218997,1438,13311,9317
0x41651f,83.9607%,14742,77170,91912,53640,4006,10736,23530
0x40b6d4,84.3725%,14444,77983,92427,70200,2968,11476,7783
0x40b676,85.4599%,13439,78988,92427,71425,3002,10437,7563
0x4096b4,83.5587%,13398,68092,81490,10865,9767,3631,57227
0x402e1a,75.9797%,13393,42364,55757,33849,4359,9034,8515
0x40bc9b,77.1897%,13292,44980,58272,12283,8910,4382,32697
0x40cded,80.2052%,13176,53387,66563,44299,3277,9899,9088
0x40b5f6,86.0344%,12908,79519,92427,68925,2930,9978,10594
0x40b734,86.0928%,12854,79573,92427,73253,2271,10583,6320
0x40cfa4,93.3999%,11987,169631,181618,163588,1455,10532,6043
0x40c98c,89.0231%,11440,92779,104219,81739,2743,8697,11040
0x4094ed,74.2744%,11346,32758,44104,30030,2437,8909,2728
0x402c7e,81.7613%,11337,50822,62159,23365,5909,5428,27457
0x40cf7a,83.0708%,10875,53363,64238,50233,1904,8971,3130
0x40bbd7,85.4329%,10774,63187,73961,58553,2411,8363,4634
0x40ef8e,83.0342%,10579,51776,62355,37223,3777,6802,14553
0x4094d0,84.9075%,10548,59341,69889,3332,8852,1696,56009
0x40caeb,82.567%,10513,49792,60305,38471,2847,7666,11321
0x41ddeb,96.0467%,10161,246862,257023,229238,4721,5440,17624
0x40f088,83.7383%,10140,52215,62355,39141,3307,6833,13074
0x411488,93.3132%,10134,141419,151553,118861,3478,6656,22558
0x40f024,83.8586%,10065,52290,62355,42699,2776,7289,9591
0x4095f9,75.7627%,9907,30968,40875,6080,6597,3310,24888
0x40cfe4,93.5119%,9560,137786,147346,131059,1448,8112,6727
0x40ce0a,75.5066%,9488,29249,38737,15276,4474,5014,13973
0x40cfbe,75.4798%,9390,28905,38295,25990,2017,7373,2915
0x40ef5c,85.613%,8971,53384,62355,49841,1710,7261,3543
0x41de07,96.645%,8584,247276,255860,228818,4248,4336,18458
0x40eff2,86.8559%,8196,54159,62355,45786,2069,6127,8373
0x40cffb,70.4993%,7977,19063,27040,14930,2081,5896,4133
0x40f056,87.2392%,7957,54398,62355,49489,2124,5833,4909
0x4113d4,89.6109%,7621,65735,73356,44486,3252,4369,21249
0x411385,90.0069%,7374,66417,73791,47978,2294,5080,18439
0x416895,91.3082%,7341,77118,84459,75288,1425,5916,1830
0x40f0ba,88.7387%,7022,55333,62355,47037,1738,5284,8296
0x40be1b,88.649%,6767,52849,59616,51683,1489,5278,1166
0x40d021,94.7165%,6613,118551,125164,113456,1091,5522,5095
0x40efc0,89.842%,6334,56021,62355,52451,1407,4927,3570
0x40f115,90.1179%,6162,56193,62355,55775,532,5630,418
0x416598,77.6143%,6054,20990,27044,19410,1174,4880,1580
0x40d038,71.7899%,5978,15213,21191,8003,2897,3081,7210
0x40b6fd,91.7332%,5611,62263,67874,3022,4341,1270,59241
0x40965d,78.2718%,5605,20191,25796,15797,1759,3846,4394
0x416018,91.218%,5476,56879,62355,18768,1762,3714,38111
0x40ccf3,98.1638%,5438,290713,296151,224952,1914,3524,65761
0x40cf67,77.0064%,5203,17425,22628,11225,2095,3108,6200
0x411414,92.8731%,5168,67346,72514,48592,2012,3156,18754
0x40b69d,90.3827%,5117,48089,53206,4229,3902,1215,43860
0x409640,87.5083%,5106,35769,40875,2594,3767,1339,33175
0x40b75d,91.11%,4824,49439,54263,2190,3856,968,47249
0x40bc4b,79.2091%,4674,17807,22481,6868,2616,2058,10939
0x416578,89.0632%,4329,35253,39582,18164,834,3495,17089
0x40bb0e,93.127%,4316,58480,62796,57373,614,3702,1107
0x402ea3,98.3749%,4301,260365,264666,4351,2688,1613,256014
0x40cfab,76.0905%,3963,12612,16575,9178,1132,2831,3434
0x40b63b,91.487%,3673,39473,43146,4651,2575,1098,34822
0x416a0f,95.8182%,3597,82418,86015,82366,246,3351,52
0x41eea2,97.3947%,3566,133310,136876,132756,500,3066,554
0x409e93,60.7919%,3337,5174,8511,4071,1309,2028,1103
0x40ce1e,82.4512%,3332,15655,18987,1993,2243,1089,13662
0x40cd39,99.0387%,3167,326282,329449,251139,848,2319,75143
0x40ce32,79.337%,3048,11703,14751,2681,1878,1170,9022
0x411450,95.7665%,2993,67705,70698,47981,1171,1822,19724
0x409e64,66.5844%,2844,5667,8511,4933,618,2226,734
0x40b609,86.4379%,2790,17782,20572,16356,506,2284,1426
0x40ca4b,80.2902%,2676,10901,13577,1865,1620,1056,9036
0x40cfeb,82.209%,2640,12199,14839,8943,725,1915,3256
0x40bc89,96.3732%,2631,69912,72543,12792,1479,1152,57120
0x40f1d2,57.483%,2625,3549,6174,1877,1068,1557,1672
0x40ca16,81.9574%,2603,11824,14427,8704,941,1662,3120
0x409733,97.5266%,2559,100902,103461,99,2138,421,100803
0x40ca24,83.8705%,2327,12100,14427,2115,1415,912,9985
0x40ceab,88.5711%,2170,16817,18987,11898,659,1511,4919
0x40cd08,96.9012%,2147,67138,69285,34068,1035,1112,33070
0x41ee45,97.1748%,2138,73539,75677,73146,511,1627,393
0x402e47,97.7357%,2133,92070,94203,82972,764,1369,9098
0x40ce46,80.4356%,1994,8198,10192,5074,1007,987,3124
0x40c995,91.1233%,1752,17985,19737,7634,1206,546,10351
0x40be26,96.2358%,1710,43718,45428,43699,127,1583,19
0x4113e4,94.9664%,1590,29998,31588,18689,839,751,11309
0x40cebb,76.8585%,1488,4942,6430,495,979,509,4447
0x41eee2,97.279%,1418,50695,52113,50325,389,1029,370
0x41e892,98.9717%,1406,135323,136729,5789,633,773,129534
0x41e7cb,98.9216%,1377,126312,127689,7014,562,815,119298
0x40ca5f,86.5636%,1356,8736,10092,2385,1103,253,6351
0x4a623e,97.2286%,1319,46274,47593,42863,293,1026,3411
0x41646f,98.5929%,1315,92142,93457,554,991,324,91588
0x40ca87,71.1462%,1314,3240,4554,1245,739,575,1995
0x41ddf9,99.5098%,1260,255763,257023,140,1023,237,255623
0x40f1fb,64.7443%,1241,2279,3520,2036,286,955,243
0x40ca73,81.2992%,1235,5369,6604,1235,815,420,4134
0x40b845,74.3814%,1232,3577,4809,2143,485,747,1434
0x4113a4,95.6302%,1221,26721,27942,16071,552,669,10650
0x411424,95.5889%,1210,26221,27431,14076,737,473,12145
0x409eb5,85.8419%,1205,7306,8511,7299,49,1156,7
0x411464,95.8428%,1148,26467,27615,14113,495,653,12354
0x402ceb,98.2818%,1068,61091,62159,208,627,441,60883
0x402e4f,90.0353%,1043,9424,10467,9008,296,747,416
0x40bd04,98.3272%,970,57017,57987,56356,298,672,661
0x416427,97.731%,949,40876,41825,1653,590,359,39223
0x40d028,91.2122%,933,9684,10617,2181,624,309,7503
0x40b8c1,87.976%,903,6607,7510,5082,247,656,1525
0x40f224,65.8349%,890,1715,2605,579,536,354,1136
0x409749,99.1405%,870,100354,101224,9,788,82,100345
0x4a4140,91.5229%,860,9285,10145,476,762,98,8809
0x401ce1,97.0084%,844,27368,28212,19702,299,545,7666
0x41ee8e,98.2481%,798,44753,45551,26397,384,414,18356
0x40bd78,80.1372%,782,3155,3937,2277,327,455,878
0x4c4a96,89.0754%,729,5944,6673,3237,301,428,2707
0x40f63e,74.7018%,721,2129,2850,1971,177,544,158
0x40976b,99.286%,717,99710,100427,9,581,136,99701
0x4113ac,93.6744%,716,10603,11319,4084,339,377,6519
0x4a418e,92.9621%,714,9431,10145,481,597,117,8950
0x40f68e,75.7895%,690,2160,2850,2018,153,537,142
0x41688c,99.4516%,686,124406,125092,80602,591,95,43804
0x4169fc,99.4791%,685,130808,131493,85804,577,108,45004
0x416948,92.8429%,683,8860,9543,8852,55,628,8
0x402cbd,97.9098%,683,31993,32676,58,612,71,31935
0x416ad4,93.1241%,644,8722,9366,8718,77,567,4
0x41146c,95.0488%,644,12363,13007,5783,286,358,6580
0x41142c,95.0785%,621,11997,12618,5302,219,402,6695
0x4164fc,99.8607%,620,444393,445013,377177,444,176,67216
0x41686d,99.6293%,614,165038,165652,2,462,152,165036
0x4113ec,94.942%,610,11450,12060,5736,234,376,5714
0x40f1e7,81.2016%,607,2622,3229,2604,50,557,18
0x40249c,99.2446%,598,78566,79164,71645,503,95,6921
0x40f610,79.0526%,597,2253,2850,2150,152,445,103
0x40cc58,99.7614%,580,242483,243063,111717,351,229,130766
0x415fc1,99.1232%,558,63082,63640,908,377,181,62174
0x41e613,93.1433%,558,7580,8138,4615,212,346,2965
0x409eba,52.8805%,548,615,1163,534,102,446,81
0x4a6247,88.4607%,512,3925,4437,3075,175,337,850
0x41debb,99.8879%,495,440888,441383,440888,495,0,0
0x4169dd,99.7146%,492,171904,172396,2,431,61,171902
0x401d13,97.5551%,489,19512,20001,15643,125,364,3869
0x4164f5,99.8978%,480,469053,469533,24406,114,366,444647
0x40b8df,90.3514%,464,4345,4809,3710,167,297,635
0x40b96d,90.6633%,449,4360,4809,3914,117,332,446
0x40f666,84.7368%,435,2415,2850,2343,91,344,72
0x402d16,99.3004%,429,60895,61324,60891,169,260,4
0x40b9fd,91.6823%,400,4409,4809,1285,290,110,3124
0x40f160,94.0357%,381,6007,6388,6,334,47,6001
0x40b9dc,78.7415%,375,1389,1764,797,189,186,592
0x401d5a,98.7098%,364,27848,28212,21015,144,220,6833
0x4a4173,95.9807%,358,8549,8907,5349,178,180,3200
0x409653,99.3163%,356,51714,52070,26142,132,224,25572
0x4a612d,92.216%,346,4099,4445,1393,167,179,2706
0x402d3d,91.5524%,345,3739,4084,1980,190,155,1759
0x415f9c,99.4898%,338,65905,66243,2475,128,210,63430
0x4152e4,95.9538%,329,7802,8131,166,223,106,7636
0x41e917,99.7718%,312,136417,136729,3358,258,54,133059
0x41e857,99.7557%,312,127377,127689,3156,260,52,124221
0x41e61c,96.3013%,301,7837,8138,3805,157,144,4032
0x40ccc4,99.3746%,285,45284,45569,412,243,42,44872
0x4a40ed,97.2203%,282,9863,10145,6238,69,213,3625
0x41e0fa,97.0808%,277,9212,9489,9212,11,266,0
0x40cccc,99.3833%,277,44637,44914,3759,220,57,40878
0x41e21f,80.6316%,276,1149,1425,128,145,131,1021
0x41687b,99.8353%,272,164916,165188,40032,64,208,124884
0x40b94c,81.8304%,270,1216,1486,444,110,160,772
0x4a602d,89.7723%,265,2326,2591,586,122,143,1740
0x4036f9,96.8639%,255,7876,8131,6913,80,175,963
0x41e0d0,97.3867%,248,9242,9490,9200,24,224,42
0x4094e3,99.725%,248,89924,90172,45913,155,93,44011
0x4169eb,99.8558%,248,171715,171963,40376,94,154,131339
0x401d3b,94.0353%,247,3894,4141,1492,52,195,2402
0x41169f,85.9348%,246,1503,1749,1145,55,191,358
0x416026,99.4142%,245,41580,41825,71,151,94,41509
0x41e314,82.9474%,243,1182,1425,1157,70,173,25
0x4a40ca,77.4583%,243,835,1078,633,53,190,202
0x40b708,99.6464%,240,67634,67874,13805,24,216,53829
0x40f099,98.7994%,239,19668,19907,7932,179,60,11736
0x41606f,99.4919%,232,45427,45659,1164,141,91,44263
0x40efd1,97.2814%,231,8266,8497,1679,184,47,6587
0x40f18e,96.4308%,228,6160,6388,2,200,28,6158
0x4a6004,94.5559%,228,3960,4188,1464,133,95,2496
0x40ef6d,97.9082%,226,10578,10804,2988,202,24,7590
0x40954c,99.803%,215,108906,109121,74330,137,78,34576
0x40f0cb,98.4242%,214,13366,13580,2979,168,46,10387
0x402cfc,99.6559%,211,61113,61324,0,0,211,61113
0x4a5e9c,97.8635%,210,9619,9829,6651,75,135,2968
0x409ed0,60.7211%,207,320,527,260,80,127,60
0x4096bc,99.6648%,204,60654,60858,40448,167,37,20206
0x4091bf,86.2116%,202,1263,1465,1192,58,144,71
0x40f210,84.2237%,189,1009,1198,866,49,140,143
0x40ce69,99.043%,189,19561,19750,19561,189,0,0
0x4a5e65,98.598%,187,13151,13338,3136,122,65,10015
0x4024c4,95.1088%,182,3539,3721,1904,151,31,1635
0x40ba84,90.1147%,181,1650,1831,158,98,83,1492
0x40f239,87.9866%,179,1311,1490,1279,54,125,32
0x4169c0,99.8051%,175,89609,89784,0,0,175,89609
0x40f035,98.9988%,169,16711,16880,7989,103,66,8722
0x416183,99.6212%,168,44187,44355,0,0,168,44187
0x4a4951,97.3196%,159,5773,5932,3297,100,59,2476
0x4a5eba,97.5435%,158,6274,6432,4771,75,83,1503
0x4024bb,96.9644%,155,4951,5106,1270,115,40,3681
0x40f24d,87.8145%,155,1117,1272,12,119,36,1105
0x4024b5,97.805%,154,6862,7016,1771,139,15,5091
0x40f003,98.9379%,154,14346,14500,6202,131,23,8144
0x4a5c55,98.4299%,154,9654,9808,5882,60,94,3772
0x40cad7,99.9366%,153,241067,241220,180884,31,122,60183
0x416aad,98.765%,150,11996,12146,0,13,137,11996
0x40ce7e,99.21%,150,18837,18987,11126,65,85,7711
0x4a6424,95.9692%,131,3119,3250,1828,51,80,1291
0x40ef9f,99.3912%,130,21225,21355,8732,78,52,12493
0x4a5c75,96.7926%,124,3742,3866,2059,63,61,1683
0x4a482f,98.9572%,124,11767,11891,671,60,64,11096
0x401dfa,98.2561%,123,6930,7053,6930,123,0,0
0x40bc73,99.836%,119,72424,72543,0,0,119,72424
0x40c979,99.8868%,118,104136,104254,14,21,97,104122
0x4a5cea,98.5397%,117,7895,8012,6811,43,74,1084
0x40f262,89.7458%,117,1024,1141,27,83,34,997
0x40b771,99.7353%,113,42580,42693,37289,71,42,5291
0x40f067,98.9481%,113,10629,10742,2745,88,25,7884
0x40b646,99.7451%,110,43036,43146,13123,19,91,29913
0x40b64f,99.6334%,110,29894,30004,26181,103,7,3713
0x402763,98.4546%,109,6944,7053,1134,11,98,5810
0x40ca05,99.0456%,104,10793,10897,0,0,104,10793
0x416844,99.8864%,101,88838,88939,0,0,101,88838
0x4162a4,99.8672%,96,72176,72272,70034,96,0,2142
0x4a5ead,98.7448%,94,7395,7489,1009,48,46,6386
0x4a47a5,99.4728%,94,17737,17831,5905,35,59,11832
0x4c4ab1,97.7604%,89,3885,3974,3112,42,47,773
0x4a48fa,98.5017%,89,5851,5940,4469,50,39,1382
0x40b768,99.8397%,87,54176,54263,11523,47,40,42653
0x4a4983,96.568%,87,2448,2535,1331,65,22,1117
0x4a5ecb,94.5776%,86,1500,1586,1007,38,48,493
0x4a6146,97.0803%,84,2793,2877,1939,27,57,854
0x401cf4,99.0379%,79,8132,8211,6715,46,33,1417
0x416853,99.9134%,77,88862,88939,0,0,77,88862
0x4a4119,99.2509%,76,10069,10145,185,47,29,9884
0x402d9b,98.1881%,74,4010,4084,11,53,21,3999
0x403763,98.9477%,74,6958,7032,15,40,34,6943
0x4163fd,67.1171%,73,149,222,129,31,42,20
0x41f071,97.0305%,71,2320,2391,2131,20,51,189
0x416278,99.8467%,68,44286,44354,0,0,68,44286
0x40b6b1,99.8454%,67,43270,43337,35160,46,21,8110
0x416447,99.8307%,67,39515,39582,0,0,67,39515
0x402e2a,99.6182%,67,17482,17549,10107,30,37,7375
0x40f1b7,98.9169%,67,6119,6186,0,12,55,6119
0x4201e2,87.4766%,67,468,535,446,28,39,22
0x4a49b8,98.8874%,66,5866,5932,4223,33,33,1643
0x415fa9,99.8979%,65,63575,63640,0,0,65,63575
0x416a82,98.1487%,63,3340,3403,0,52,11,3340
0x4165c3,99.8997%,63,62733,62796,0,0,63,62733
0x40b6a8,99.8816%,63,53143,53206,9861,8,55,43282
0x41fbe0,91.9271%,62,706,768,607,26,36,99
0x41fda9,78.0142%,62,220,282,179,21,41,41
0x416902,99.2125%,61,7685,7746,0,46,15,7685
0x4a5f2b,94.2584%,60,985,1045,550,33,27,435
0x40b711,99.889%,60,53985,54045,48568,47,13,5417
0x4160f6,99.867%,59,44296,44355,0,0,59,44296
0x40370f,94.8155%,59,1079,1138,1074,25,34,5
0x40cd1f,99.8303%,58,34124,34182,4958,10,48,29166
0x41f5e4,92.6675%,58,733,791,728,13,45,5
0x40ccd1,99.8583%,58,40877,40935,3306,18,40,37571
0x40922b,57.6642%,58,79,137,43,30,28,36
0x40bcb7,99.975%,58,231890,231948,173944,17,41,57946
0x41691d,99.6568%,57,16550,16607,0,28,29,16550
0x40ceec,99.9775%,56,249364,249420,187042,23,33,62322
0x4091e7,74.8837%,54,161,215,121,22,32,40
0x4113bb,99.2314%,53,6843,6896,433,2,51,6410
0x41f60e,56.9106%,53,70,123,61,12,41,9
0x41692b,99.6864%,52,16527,16579,4485,21,31,12042
0x41e24d,96.728%,48,1419,1467,1408,19,29,11
0x411cde,99.9275%,48,66195,66243,66195,48,0,0
0x420372,90.224%,48,443,491,436,12,36,7
0x402c83,99.8571%,47,32838,32885,209,0,47,32629
0x41e338,96.7719%,46,1379,1425,1374,14,32,5
0x4a5ff7,99.3161%,46,6680,6726,2505,33,13,4175
0x4c4c63,98.461%,46,2943,2989,2222,17,29,721
0x4a4088,92.5%,45,555,600,215,17,28,340
0x4a64b6,98.5831%,45,3131,3176,1880,26,19,1251
0x41e300,96.9966%,44,1421,1465,5,35,9,1416
0x4c4aa2,98.6603%,42,3093,3135,427,9,33,2666
0x4204a2,95.4298%,42,877,919,875,13,29,2
0x4b02bc,89.7243%,41,358,399,323,19,22,35
0x4169b4,99.9554%,40,89744,89784,0,0,40,89744
0x41fca9,95.935%,40,944,984,814,6,34,130
0x40c9af,99.6329%,40,10857,10897,10857,40,0,0
0x401d29,99.055%,40,4193,4233,60,32,8,4133
0x4b0299,89.9749%,40,359,399,57,16,24,302
0x41ea9c,93.3555%,40,562,602,468,18,22,94
0x4203d3,89.2857%,39,325,364,263,19,20,62
0x40ccb9,99.9062%,39,41551,41590,0,0,39,41551
0x420555,88.5886%,38,295,333,234,18,20,61
0x402d7c,97.9937%,38,1856,1894,0,37,1,1856
0x4c4e7f,98.4634%,38,2435,2473,269,18,20,2166
0x4a6438,98.8615%,37,3213,3250,3171,5,32,42
0x4c4dc2,98.6291%,37,2662,2699,2451,22,15,211
0x4a5cd0,99.5536%,36,8028,8064,41,11,25,7987
0x41ebf5,97.5527%,36,1435,1471,1424,6,30,11
0x420222,94.9367%,36,675,711,665,12,24,10
0x416acc,99.5276%,36,7584,7620,2755,25,11,4829
0x4c4ba0,98.8903%,35,3119,3154,2978,11,24,141
0x42045f,97.2045%,35,1217,1252,53,28,7,1164
0x4c4e72,99.2583%,35,4684,4719,2226,20,15,2458
0x420349,92.8717%,35,456,491,408,18,17,48
0x41e213,97.6792%,34,1431,1465,11,29,5,1420
0x41fcc7,79.878%,33,131,164,61,21,12,70
0x41fc03,95.7031%,33,735,768,720,10,23,15
0x4b02a9,91.7293%,33,366,399,311,21,12,55
0x41eca6,97.8175%,33,1479,1512,1457,14,19,22
0x4c4c56,99.4421%,32,5704,5736,2728,19,13,2976
0x41ec6f,95.7503%,32,721,753,698,14,18,23
0x41141c,99.8539%,32,21878,21910,0,0,32,21878
0x41dc4e,97.3413%,31,1135,1166,1135,31,0,0
0x49eca6,93.2166%,31,426,457,59,15,16,367
0x40ca38,99.6928%,31,10061,10092,0,0,31,10061
0x420425,94.162%,31,500,531,435,14,17,65
0x4a5e97,99.6925%,31,10049,10080,233,18,13,9816
0x416abb,99.7527%,30,12103,12133,4501,12,18,7602
0x41693c,99.7515%,30,12043,12073,7039,25,5,5004
0x4a4931,97.8888%,30,1391,1421,986,11,19,405
0x40ca2e,99.7247%,30,10867,10897,9627,18,12,1240
0x4bbdbc,98.663%,29,2140,2169,2044,18,11,96
0x40ac82,64.1975%,29,52,81,5,16,13,47
0x40929d,54.8387%,28,34,62,31,28,0,3
0x41eaff,96.1749%,28,704,732,702,10,18,2
0x40b655,99.8688%,27,20545,20572,10915,21,6,9630
0x41f51e,97.7704%,27,1184,1211,267,16,11,917
0x4152f4,99.6642%,26,7716,7742,7633,14,12,83
0x4a64a9,99.1814%,26,3150,3176,22,22,4,3128
0x4a498c,97.7173%,26,1113,1139,141,10,16,972
0x40ac87,56.6667%,26,34,60,27,13,13,7
0x42032f,96.2804%,26,673,699,59,23,3,614
0x4a5ee6,97.6868%,26,1098,1124,1057,12,14,41
0x41e357,98.2935%,25,1440,1465,1420,5,20,20
0x40b6b6,99.8611%,25,17975,18000,8114,17,8,9861
0x4092b2,57.6271%,25,34,59,24,15,10,10
0x41ea0f,87.3737%,25,173,198,19,11,14,154
0x4bbda7,99.4215%,24,4125,4149,3948,12,12,177
0x41e9a7,96.9231%,24,756,780,187,11,13,569
0x41e1f0,98.4322%,23,1444,1467,0,1,22,1444
0x41e9d3,96.0481%,23,559,582,461,7,16,98
0x4c4e1b,99.07%,23,2450,2473,0,0,23,2450
0x41ea77,96.9945%,22,710,732,119,11,11,591
0x420186,96.5732%,22,620,642,605,2,20,15
0x41138d,99.9065%,22,23497,23519,0,0,22,23497
0x4a5f94,59.2593%,22,32,54,8,14,8,24
0x41fbc9,97.8659%,21,963,984,204,12,9,759
0x42033d,96.5964%,21,596,617,109,17,4,487
0x4a6236,99.9513%,21,43135,43156,0,0,21,43135
0x4201c1,96.0748%,21,514,535,424,13,8,90
0x41fbe5,84.4444%,21,114,135,4,8,13,110
0x402487,99.9747%,20,79144,79164,0,0,20,79144
0x40caa8,99.4261%,20,3465,3485,3465,20,0,0
0x411458,99.9072%,20,21526,21546,0,0,20,21526
0x4019ff,98.9047%,20,1806,1826,363,13,7,1443
0x4115ec,98.8565%,20,1729,1749,1729,20,0,0
0x41ea3f,97.4359%,20,760,780,758,1,19,2
0x4b02cd,94.9875%,20,379,399,377,10,10,2
0x40248c,99.9747%,20,79144,79164,0,0,20,79144
0x4a7de7,99.8063%,19,9789,9808,0,0,19,9789
0x41fd42,91.1628%,19,196,215,195,3,16,1
0x4bbe67,99.5202%,19,3941,3960,1964,16,3,1977
0x41fd08,93.2624%,19,263,282,59,8,11,204
0x402d42,99.0073%,19,1895,1914,9,11,8,1886
0x41fc77,50%,19,19,38,3,11,8,16
0x41fc4f,53.8462%,18,21,39,4,9,9,17
0x4bbdd3,99.1701%,18,2151,2169,169,8,10,1982
0x41fc12,52.6316%,18,20,38,4,8,10,16
0x41e988,56.0976%,18,23,41,12,8,10,11
0x41eacf,86.1538%,18,112,130,9,12,6,103
0x420479,98.0413%,18,901,919,851,7,11,50
0x4a5c95,98.9679%,18,1726,1744,0,0,18,1726
0x41e87d,99.9876%,17,136712,136729,0,0,17,136712
0x40933c,60%,16,24,40,10,10,6,14
0x41690e,99.7922%,16,7684,7700,0,0,16,7684
0x42046d,98.6336%,16,1155,1171,244,8,8,911
0x409264,80.2469%,16,65,81,59,3,13,6
0x4bbdac,99.2623%,16,2153,2169,2086,6,10,67
0x409203,88.8112%,16,127,143,0,9,7,127
0x409240,78.0822%,16,57,73,0,12,4,57
0x416cf4,99.7731%,16,7037,7053,0,0,16,7037
0x4201b5,97.8903%,15,696,711,158,9,6,538
0x41620b,99.9662%,15,44339,44354,0,0,15,44339
0x40932c,62.5%,15,25,40,9,11,4,16
0x49375b,73.6842%,15,42,57,0,11,4,42
0x41e861,99.9879%,15,124258,124273,0,0,15,124258
0x41fbee,87.8049%,15,108,123,101,7,8,7
0x4a5c2a,99.8471%,15,9793,9808,0,0,15,9793
0x4c4ba6,90.9091%,15,150,165,9,9,6,141
0x41edef,99.7869%,15,7024,7039,3613,7,8,3411
0x41e624,99.6408%,15,4161,4176,2449,14,1,1712
0x41e797,99.7867%,15,7017,7032,3608,8,7,3409
0x4f3dc5,83.871%,15,78,93,43,6,9,35
0x4093c4,62.5%,15,25,40,15,4,11,10
0x4a7d87,99.8573%,14,9794,9808,0,0,14,9794
0x4150c1,99.9139%,14,16255,16269,16255,14,0,0
0x4a41cb,97.6667%,14,586,600,536,4,10,50
0x409236,78.125%,14,50,64,42,2,12,8
0x48e666,94.6939%,13,232,245,192,2,11,40
0x41fd7e,58.0645%,13,18,31,11,3,10,7
0x41f04b,95.3737%,13,268,281,34,7,6,234
0x4a648c,99.6222%,12,3164,3176,0,0,12,3164
0x4bbde4,99.4467%,12,2157,2169,171,4,8,1986
0x402997,99.3737%,12,1904,1916,0,0,12,1904
0x41f52f,98.7069%,12,916,928,787,6,6,129
0x40b716,99.9377%,12,19247,19259,7358,5,7,11889
0x4f0cfa,82.8125%,11,53,64,5,8,3,48
0x4937c2,82.8125%,11,53,64,4,3,8,49
0x4b02e6,97.2431%,11,388,399,387,4,7,1
0x402dd8,99.0542%,11,1152,1163,0,0,11,1152
0x4a4779,99.9383%,11,17820,17831,0,0,11,17820
0x4bbdfa,99.4929%,11,2158,2169,140,5,6,2018
0x4203db,93.2927%,11,153,164,72,10,1,81
0x42034e,83.0769%,11,54,65,0,5,6,54
0x40b776,99.9349%,11,16892,16903,6042,4,7,10850
0x4a640f,99.6923%,10,3240,3250,0,0,10,3240
0x421a93,99.9438%,10,17780,17790,0,0,10,17780
0x4a5f4d,97.8355%,10,452,462,11,2,8,441
0x42032a,98.7196%,10,771,781,73,9,1,698
0x454988,89.2473%,10,83,93,35,2,8,48
0x402daa,99.7512%,10,4010,4020,4010,10,0,0
0x402747,99.8582%,10,7043,7053,0,0,10,7043
0x4052f8,72.973%,10,27,37,1,7,3,26
0x49219a,78.2609%,10,36,46,36,8,2,0
0x493dc1,95.1923%,10,198,208,185,6,4,13
0x4a83f3,99.9495%,9,17822,17831,0,0,9,17822
0x4165a0,99.8607%,9,6451,6460,6451,9,0,0
0x40ca9b,99.6498%,9,2561,2570,2561,9,0,0
0x41fd1c,95.814%,9,206,215,188,4,5,18
0x4061dd,97.3837%,9,335,344,335,1,8,0
0x41f0aa,96.7972%,9,272,281,38,3,6,234
0x403dde,76.9231%,9,30,39,26,4,5,4
0x4a7df0,99.9082%,9,9799,9808,0,0,9,9799
0x4a7d73,99.9082%,9,9799,9808,0,0,9,9799
0x408c7c,96.3265%,9,236,245,230,6,3,6
0x404bcd,97.8774%,9,415,424,409,6,3,6
0x41e261,77.5%,9,31,40,1,1,8,30
0x4113fb,99.8522%,9,6081,6090,837,5,4,5244
0x4bd1f1,97.4648%,9,346,355,1,5,4,345
0x420397,94.5122%,9,155,164,74,8,1,81
0x420281,92.7928%,8,103,111,101,4,4,2
0x40ad45,90%,8,72,80,2,7,1,70
0x41fbda,98.9583%,8,760,768,0,0,8,760
0x41e91d,99.994%,8,133105,133113,0,0,8,133105
0x41e633,99.7981%,8,3954,3962,2358,6,2,1596
0x4bbf0a,99.596%,8,1972,1980,0,0,8,1972
0x4a493a,98.1132%,8,416,424,10,4,4,406
0x4a6ee1,99.4161%,8,1362,1370,0,0,8,1362
0x40ad02,80%,8,32,40,32,5,3,0
0x4a6139,99.7227%,8,2877,2885,6,2,6,2871
0x4a5fd3,98.6278%,8,575,583,13,5,3,562
0x494bac,56.25%,7,9,16,0,5,2,9
0x41fd21,69.5652%,7,16,23,1,2,5,15
0x4113dc,99.9727%,7,25611,25618,0,0,7,25611
0x4921c2,84.7826%,7,39,46,1,4,3,38
0x4a60f6,99.7851%,7,3251,3258,45,7,0,3206
0x48ebd6,93.6364%,7,103,110,45,6,1,58
0x4a5f01,89.7059%,7,61,68,29,3,4,32
0x4a8403,99.9607%,7,17824,17831,0,0,7,17824
0x4945ec,78.125%,7,25,32,12,4,3,13
0x4a7d9b,99.9286%,7,9801,9808,9801,7,0,0
0x4bbe19,99.6542%,7,2017,2024,0,0,7,2017
0x494695,78.125%,7,25,32,9,7,0,16
0x4a7ddb,99.9286%,7,9801,9808,0,0,7,9801
0x40371d,82.0513%,7,32,39,0,0,7,32
0x4b024e,99.8564%,7,4867,4874,4835,1,6,32
0x4a615f,99.2316%,7,904,911,848,0,7,56
0x402477,99.9924%,6,79158,79164,0,0,6,79158
0x4a4783,99.9664%,6,17825,17831,0,0,6,17825
0x4a4795,99.9664%,6,17825,17831,0,0,6,17825
0x49249b,85%,6,34,40,6,4,2,28
0x4205d7,95.1613%,6,118,124,108,3,3,10
0x4bbf14,99.697%,6,1974,1980,0,0,6,1974
0x4f098f,90.625%,6,58,64,58,6,0,0
0x492b43,62.5%,6,10,16,10,6,0,0
0x42011d,85.3659%,6,35,41,0,6,0,35
0x48ec56,86.9565%,6,40,46,40,6,0,0
0x4a4945,99.899%,6,5934,5940,4,4,2,5930
0x4a83ea,99.9664%,6,17825,17831,0,0,6,17825
0x499896,85.7143%,6,36,42,32,4,2,4
0x4a484f,99.9495%,6,11885,11891,11885,6,0,0
0x4a5e58,99.9067%,6,6426,6432,0,0,6,6426
0x41ede6,99.9148%,6,7033,7039,0,0,6,7033
0x4201ce,93.6842%,6,89,95,89,3,3,0
0x4a4bf0,99.899%,6,5934,5940,5934,6,0,0
0x4a5e79,99.9405%,6,10074,10080,0,0,6,10074
0x41f59e,95.4545%,6,126,132,5,2,4,121
0x44b4b6,98.3108%,5,291,296,258,1,4,33
0x494314,68.75%,5,11,16,11,4,1,0
0x4201c6,94.898%,5,93,98,1,2,3,92
0x409e3a,99.5701%,5,1158,1163,0,0,5,1158
0x416339,97.7477%,5,217,222,217,5,0,0
0x41e1fc,99.6589%,5,1461,1466,0,1,4,1461
0x4a49e9,99.9158%,5,5935,5940,5922,1,4,13
0x420486,91.8033%,5,56,61,56,4,1,0
0x404742,99.545%,5,1094,1099,1094,3,2,0
0x429e1b,86.4865%,5,32,37,32,5,0,0
0x4bbe98,99.9495%,5,9895,9900,1978,2,3,7917
0x41e7b2,99.9961%,5,127684,127689,0,0,5,127684
0x41143b,99.9295%,5,7092,7097,1815,1,4,5277
0x4a63c4,70.5882%,5,12,17,12,5,0,0
0x4b032f,28.5714%,5,2,7,1,4,1,1
0x454a22,94.6237%,5,88,93,54,2,3,34
0x48e97a,90.1961%,5,46,51,46,5,0,0
0x4a6447,93.2432%,5,69,74,0,0,5,69
0x406377,98.5465%,5,339,344,334,2,3,5
0x4a5d53,90.3846%,5,47,52,33,2,3,14
0x40041c,91.0714%,5,51,56,29,1,4,22
0x4b0294,98.7469%,5,394,399,0,2,3,394
0x4205f6,95.4955%,5,106,111,104,1,4,2
0x4a40b3,99.5362%,5,1073,1078,0,0,5,1073
0x404c6a,98.7113%,5,383,388,378,1,4,5
0x48ed30,89.1304%,5,41,46,38,2,3,3
0x41147b,99.9423%,4,6934,6938,1874,1,3,5060
0x4a4cbe,99.9327%,4,5936,5940,0,0,4,5936
0x4a840c,99.9776%,4,17827,17831,17827,4,0,0
0x40ce5a,99.9027%,4,4107,4111,4107,4,0,0
0x4a5f96,87.5%,4,28,32,2,3,1,26
0x41e769,99.9431%,4,7028,7032,0,0,4,7028
0x403e99,86.6667%,4,26,30,26,4,0,0
0x402481,99.9949%,4,79160,79164,0,0,4,79160
0x411667,99.7713%,4,1745,1749,0,0,4,1745
0x416a90,99.8806%,4,3347,3351,0,0,4,3347
0x4a6078,99.8456%,4,2587,2591,2587,4,0,0
0x41f5b2,99.4956%,4,789,793,789,2,2,0
0x4a5d72,92.3077%,4,48,52,7,2,2,41
0x402905,99.7912%,4,1912,1916,0,0,4,1912
0x4a4859,99.9664%,4,11887,11891,0,0,4,11887
0x41f534,97.037%,4,131,135,123,2,2,8
0x40479f,99.636%,4,1095,1099,0,2,2,1095
0x4a4807,99.9664%,4,11887,11891,0,0,4,11887
0x41ec34,90.2439%,4,37,41,0,0,4,37
0x40ad36,95.0617%,4,77,81,77,3,1,0
0x492e23,90.9091%,4,40,44,40,4,0,0
0x4f0cdb,93.75%,4,60,64,0,1,3,60
0x403e73,86.6667%,4,26,30,24,2,2,2
0x4a4cd7,99.9327%,4,5936,5940,5936,4,0,0
0x409e27,99.6561%,4,1159,1163,0,0,4,1159
0x493da8,98.0769%,4,204,208,13,3,1,191
0x4a49a3,99.9326%,4,5928,5932,0,0,4,5928
0x493d93,76.4706%,4,13,17,13,4,0,0
0x4a48ab,99.9327%,4,5936,5940,0,0,4,5936
0x446a3e,94.5946%,4,70,74,0,0,4,70
0x41e62b,99.899%,4,3958,3962,0,0,4,3958
0x43fb7c,91.8919%,3,34,37,34,3,0,0
0x40ab48,66.6667%,3,6,9,6,3,0,0
0x4a4882,99.9495%,3,5937,5940,0,0,3,5937
0x494b81,95.3125%,3,61,64,46,2,1,15
0x41eb97,92.6829%,3,38,41,0,0,3,38
0x4a4834,99.9731%,3,11157,11160,11157,3,0,0
0x4091f2,95.8333%,3,69,72,69,0,3,0
0x48e4df,98.7755%,3,242,245,242,3,0,0
0x4201bc,99.4485%,3,541,544,7,2,1,534
0x46c778,97.973%,3,145,148,145,3,0,0
0x48e523,98.7755%,3,242,245,0,0,3,242
0x4a5e86,99.9702%,3,10077,10080,0,0,3,10077
0x4a48c3,99.9495%,3,5937,5940,0,0,3,5937
0x403e86,90%,3,27,30,27,3,0,0
0x493740,95.3125%,3,61,64,61,3,0,0
0x4a4161,99.9663%,3,8904,8907,0,0,3,8904
0x493367,93.4783%,3,43,46,43,3,0,0
0x4a7dcc,99.9694%,3,9805,9808,9805,3,0,0
0x4f3d68,90.625%,3,29,32,29,1,2,0
0x40619b,62.5%,3,5,8,0,0,3,5
0x41e4b8,92.5%,3,37,40,37,2,1,0
0x4116c2,99.8285%,3,1746,1749,1746,3,0,0
0x4116de,99.8285%,3,1746,1749,1198,2,1,548
0x404bbc,99.2925%,3,421,424,421,3,0,0
0x4a47c8,99.9748%,3,11888,11891,0,0,3,11888
0x40244f,99.9572%,3,7013,7016,0,0,3,7013
0x4950dd,40%,3,2,5,2,1,2,0
0x493dc6,82.3529%,3,14,17,14,3,0,0
0x43e3bc,97.973%,3,145,148,145,3,0,0
0x4a6ef0,99.781%,3,1367,1370,0,0,3,1367
0x4a5d2d,99.9584%,3,7214,7217,0,0,3,7214
0x446a53,95.9459%,3,71,74,35,2,1,36
0x40279d,99.9575%,3,7050,7053,1144,1,2,5906
0x4f0e21,81.25%,3,13,16,13,3,0,0
0x4bbe2a,99.9242%,3,3957,3960,3957,3,0,0
0x4946c1,81.25%,3,13,16,13,0,3,0
0x494a6b,81.25%,3,13,16,13,3,0,0
0x49196d,78.5714%,3,11,14,5,2,1,6
0x48ed77,93.4783%,3,43,46,2,3,0,41
0x494753,81.25%,3,13,16,8,3,0,5
0x48edf3,93.4783%,3,43,46,40,0,3,3
0x493cc8,81.25%,3,13,16,13,3,0,0
0x48e5a4,98.7755%,3,242,245,242,3,0,0
0x4204c7,96.3415%,3,79,82,79,2,1,0
0x49572b,96.875%,2,62,64,47,1,1,15
0x40aa8c,77.7778%,2,7,9,7,1,1,0
0x40477b,99.818%,2,1097,1099,0,0,2,1097
0x43fdb4,94.5946%,2,35,37,35,2,0,0
0x4039fd,66.6667%,2,4,6,1,1,1,3
0x4b03b3,0%,2,0,2,0,2,0,0
0x4a48d4,99.9663%,2,5938,5940,0,0,2,5938
0x495120,87.5%,2,14,16,14,2,0,0
0x40ad53,97.1831%,2,69,71,69,1,1,0
0x421dac,99.3243%,2,294,296,294,2,0,0
0x406354,87.5%,2,14,16,6,2,0,8
0x45e60e,97.2973%,2,72,74,0,0,2,72
0x409393,95%,2,38,40,0,1,1,38
0x49471b,87.5%,2,14,16,0,0,2,14
0x41fd29,90%,2,18,20,18,2,0,0
0x494b75,96.875%,2,62,64,14,2,0,48
0x48e475,99.1837%,2,243,245,0,0,2,243
0x402824,99.8956%,2,1914,1916,1914,2,0,0
0x4a485e,99.9832%,2,11889,11891,730,1,1,11159
0x411662,99.8856%,2,1747,1749,0,0,2,1747
0x402701,96.3636%,2,53,55,0,1,1,53
0x48e534,99.1837%,2,243,245,243,2,0,0
0x48e61e,99.1837%,2,243,245,0,0,2,243
0x48e60f,99.1837%,2,243,245,243,2,0,0
0x40ad76,97.5309%,2,79,81,71,1,1,8
0x4921b4,95.6522%,2,44,46,0,0,2,44
0x48ecf7,95.6522%,2,44,46,4,1,1,40
0x48ed00,95.122%,2,39,41,39,2,0,0
0x4929ce,96.5517%,2,56,58,0,0,2,56
0x494aad,87.5%,2,14,16,14,2,0,0
0x4a63eb,99.9385%,2,3248,3250,0,0,2,3248
0x4c4a98,99.9362%,2,3133,3135,0,0,2,3133
0x49547e,87.5%,2,14,16,14,2,0,0
0x4a48e2,99.9663%,2,5938,5940,0,0,2,5938
0x4a491b,99.8593%,2,1419,1421,0,0,2,1419
0x4947ff,87.5%,2,14,16,14,2,0,0
0x49469e,87.5%,2,14,16,14,2,0,0
0x41fbf6,86.6667%,2,13,15,2,2,0,11
0x494fb4,87.5%,2,14,16,0,0,2,14
0x45e5a4,97.2973%,2,72,74,0,0,2,72
0x402c56,99.828%,2,1161,1163,63,1,1,1098
0x494bc6,81.8182%,2,9,11,0,0,2,9
0x41fbfc,81.8182%,2,9,11,9,2,0,0
0x493a7f,87.5%,2,14,16,14,2,0,0
0x454a9a,93.3333%,2,28,30,2,2,0,26
0x460c90,94.5946%,2,35,37,35,2,0,0
0x49eccb,99.4778%,2,381,383,0,0,2,381
0x40c164,94.5946%,2,35,37,35,2,0,0
0x44b76e,94.5946%,2,35,37,35,2,0,0
0x454992,96.4286%,2,54,56,0,0,2,54
0x400404,96.4286%,2,54,56,54,2,0,0
0x41f56a,80%,2,8,10,8,2,0,0
0x4a4a02,88.2353%,2,15,17,15,2,0,0
0x420136,94.2857%,2,33,35,0,0,2,33
0x4a60d4,88.8889%,2,16,18,7,2,0,9
0x403eb9,92.3077%,2,24,26,24,2,0,0
0x4a4186,99.9803%,2,10143,10145,0,0,2,10143
0x4201d6,33.3333%,2,1,3,0,1,1,1
0x420503,75%,2,6,8,6,1,1,0
0x4043d5,0%,2,0,2,0,1,1,0
0x48e5d3,99.1837%,2,243,245,243,2,0,0
0x404757,99.818%,2,1097,1099,0,0,2,1097
0x41edf9,99.9415%,2,3417,3419,1397,2,0,2020
0x4026c7,96.3636%,2,53,55,0,1,1,53
0x4998a1,66.6667%,2,4,6,4,2,0,0
0x41fe16,97.561%,2,80,82,0,0,2,80
0x459db9,98.6486%,2,146,148,146,2,0,0
0x4a47e9,99.9832%,2,11889,11891,11889,2,0,0
0x403281,96.875%,2,62,64,62,1,1,0
0x4a7dac,99.9796%,2,9806,9808,0,0,2,9806
0x4a496d,99.9211%,2,2533,2535,0,0,2,2533
0x455011,96.6667%,2,58,60,58,2,0,0
0x4a47da,99.9832%,2,11889,11891,0,0,2,11889
0x421e2a,99.3243%,2,294,296,0,0,2,294
0x49491a,87.5%,2,14,16,14,2,0,0
0x42047e,96.7213%,2,59,61,0,0,2,59
0x4a488e,99.9663%,2,5938,5940,5938,2,0,0
0x4a4963,99.9211%,2,2533,2535,0,0,2,2533
0x493d07,87.5%,2,14,16,14,2,0,0
0x40adab,77.7778%,2,7,9,7,1,1,0
0x446a76,94.5946%,2,35,37,35,2,0,0
0x4047a9,99.818%,2,1097,1099,0,1,1,1097
0x420356,96.6667%,2,58,60,58,0,2,0
0x454c1e,93.3333%,2,28,30,0,0,2,28
0x4201a3,99.7191%,2,710,712,0,1,1,710
0x4bbec2,99.9747%,2,7918,7920,7918,2,0,0
0x494393,87.5%,2,14,16,0,1,1,14
0x42035e,50%,1,1,2,1,1,0,0
0x403eeb,96.6667%,1,29,30,29,1,0,0
0x403f1f,96.6667%,1,29,30,29,1,0,0
0x494ba3,93.75%,1,15,16,0,0,1,15
0x4a4cea,99.9832%,1,5939,5940,0,0,1,5939
0x403ed2,96.6667%,1,29,30,29,1,0,0
0x405243,97.2973%,1,36,37,36,1,0,0
0x4a4058,98.3333%,1,59,60,59,1,0,0
0x4a5c87,99.9427%,1,1743,1744,1743,1,0,0
0x4a4049,98.3333%,1,59,60,0,0,1,59
0x454aca,96.1538%,1,25,26,0,0,1,25
0x403f01,96.1538%,1,25,26,0,0,1,25
0x42050b,98.7805%,1,81,82,0,1,0,81
0x4a5ef8,98.5294%,1,67,68,0,0,1,67
0x4a7dc3,99.9898%,1,9807,9808,0,0,1,9807
0x4205b1,99.1935%,1,123,124,123,1,0,0
0x4bd1cd,99.7183%,1,354,355,0,0,1,354
0x40310e,98.4375%,1,63,64,63,1,0,0
0x48e62c,99.5918%,1,244,245,244,1,0,0
0x4c4b02,99.9683%,1,3153,3154,3153,1,0,0
0x48e545,99.5918%,1,244,245,0,0,1,244
0x48e64f,99.5918%,1,244,245,0,0,1,244
0x459960,99.3243%,1,147,148,147,1,0,0
0x48ecd7,97.8261%,1,45,46,0,0,1,45
0x4029de,99.9478%,1,1915,1916,0,0,1,1915
0x4a4c05,99.9832%,1,5939,5940,0,0,1,5939
0x43f9c9,97.2973%,1,36,37,36,1,0,0
0x4a4157,99.9888%,1,8906,8907,0,0,1,8906
0x48ef17,94.4444%,1,17,18,17,1,0,0
0x41ecb5,97.561%,1,40,41,0,0,1,40
0x41fcda,98.7805%,1,81,82,0,0,1,81
0x41e290,97.5%,1,39,40,0,0,1,39
0x454c88,96.6667%,1,29,30,29,1,0,0
0x4b01ac,97.3684%,1,37,38,37,1,0,0
0x4052e3,97.2973%,1,36,37,36,1,0,0
0x405ef2,87.5%,1,7,8,7,1,0,0
0x403aa7,85.7143%,1,6,7,6,0,1,0
0x40adc2,0%,1,0,1,0,0,1,0
0x4033ea,0%,1,0,1,0,1,0,0
0x420243,83.3333%,1,5,6,0,0,1,5
0x404611,0%,1,0,1,0,1,0,0
0x4a40d4,99.7449%,1,391,392,0,0,1,391
0x4a61a7,87.5%,1,7,8,7,1,0,0
0x48e674,98.0392%,1,50,51,0,0,1,50
0x495711,98.4375%,1,63,64,0,0,1,63
0x41ffd5,83.3333%,1,5,6,5,1,0,0
0x420572,83.3333%,1,5,6,0,0,1,5
0x4033bf,0%,1,0,1,0,1,0,0
0x49371f,98.4375%,1,63,64,63,1,0,0
0x48ec2f,97.7273%,1,43,44,43,1,0,0
0x4a62c0,98.0769%,1,51,52,51,1,0,0
0x48ed80,97.561%,1,40,41,40,1,0,0
0x46c6dc,99.3243%,1,147,148,0,0,1,147
0x403b8a,0%,1,0,1,0,1,0,0
0x42048e,0%,1,0,1,0,1,0,0
0x494282,94.1176%,1,16,17,0,1,0,16
0x4a6178,98.4127%,1,62,63,62,1,0,0
0x454fdd,98.3333%,1,59,60,59,1,0,0
0x409302,97.5%,1,39,40,0,1,0,39
0x49424e,93.75%,1,15,16,0,0,1,15
0x4a4fee,92.8571%,1,13,14,0,1,0,13
0x4a642e,99.9271%,1,1370,1371,1370,0,1,0
0x4a7df5,99.9898%,1,9807,9808,0,0,1,9807
0x4a4f64,99.3377%,1,150,151,0,0,1,150
0x4a478d,99.9944%,1,17830,17831,0,0,1,17830
0x40478d,99.909%,1,1098,1099,0,0,1,1098
0x45f369,98.6486%,1,73,74,0,0,1,73
0x4c4af8,99.9683%,1,3153,3154,0,0,1,3153
0x404b9a,99.7642%,1,423,424,0,0,1,423
0x4a4911,99.9296%,1,1420,1421,0,0,1,1420
0x4a501c,0%,1,0,1,0,1,0,0
0x402ad9,99.9564%,1,2291,2292,0,0,1,2291
0x453344,97.2973%,1,36,37,36,1,0,0
0x4a4da4,94.1176%,1,16,17,16,1,0,0
0x495010,93.3333%,1,14,15,14,1,0,0
0x494bbc,90.9091%,1,10,11,0,0,1,10
0x4f0ef5,96.875%,1,31,32,31,1,0,0
0x4f13aa,98.2456%,1,56,57,0,0,1,56
0x49519a,93.75%,1,15,16,15,1,0,0
0x41e4a2,97.4359%,1,38,39,38,1,0,0
0x4945a7,93.75%,1,15,16,0,0,1,15
0x4a40a9,99.9072%,1,1077,1078,0,0,1,1077
0x404a4e,88.8889%,1,8,9,0,0,1,8
0x446a69,97.2973%,1,36,37,0,0,1,36
0x49458e,93.75%,1,15,16,15,1,0,0
0x46c72b,99.3243%,1,147,148,147,1,0,0
0x45a3c1,99.7748%,1,443,444,443,1,0,0
0x4c4bfb,99.9665%,1,2988,2989,0,0,1,2988
0x4092a8,66.6667%,1,2,3,2,0,1,0
0x4f3d14,97.8261%,1,45,46,44,0,1,1
0x48e95f,98.0392%,1,50,51,50,1,0,0
0x44b7ff,97.2973%,1,36,37,36,1,0,0
0x49218d,97.8261%,1,45,46,45,1,0,0
0x4f13b6,98.2456%,1,56,57,0,0,1,56
0x494c25,90.9091%,1,10,11,0,0,1,10
0x491b50,85.7143%,1,6,7,6,1,0,0
0x4925b6,97.7273%,1,43,44,43,1,0,0
0x46c6bc,99.3243%,1,147,148,147,1,0,0
0x491b2e,85.7143%,1,6,7,0,0,1,6
0x420627,92.3077%,1,12,13,12,1,0,0
0x4921cf,97.561%,1,40,41,40,1,0,0
0x41e426,97.5%,1,39,40,0,1,0,39
0x4a49f5,94.1176%,1,16,17,16,1,0,0
0x48ed39,97.8261%,1,45,46,45,1,0,0
0x4933e9,97.8261%,1,45,46,45,1,0,0
0x459da0,99.3243%,1,147,148,0,0,1,147
0x41e784,99.9858%,1,7031,7032,7031,1,0,0
0x48eea6,97.8261%,1,45,46,45,1,0,0
0x48eb52,99.0909%,1,109,110,0,0,1,109
0x49296a,98.2759%,1,57,58,0,0,1,57
0x403753,99.9858%,1,7031,7032,0,0,1,7031
0x4052d1,97.2973%,1,36,37,36,1,0,0
0x491931,92.8571%,1,13,14,13,1,0,0
0x493034,93.75%,1,15,16,15,1,0,0
0x416d15,99.9858%,1,7052,7053,7052,1,0,0
0x4938e4,93.75%,1,15,16,15,1,0,0
0x43fc63,97.2973%,1,36,37,0,0,1,36
0x459d40,99.3243%,1,147,148,0,0,1,147
0x403aed,0%,1,0,1,0,0,1,0
0x4093a8,97.5%,1,39,40,0,1,0,39
0x41f599,99.2424%,1,131,132,0,0,1,131
0x4946cd,66.6667%,1,2,3,2,1,0,0
0x404411,0%,1,0,1,0,0,1,0
0x43fc87,97.2973%,1,36,37,36,1,0,0
0x4034b7,0%,1,0,1,0,1,0,0
0x4549f0,98.9247%,1,92,93,0,0,1,92
0x403bb3,0%,1,0,1,0,1,0,0
0x429dc7,97.2973%,1,36,37,36,1,0,0
0x4296f7,98.6486%,1,73,74,73,1,0,0
0x45504d,97.2973%,1,36,37,36,1,0,0
0x4b034e,50%,1,1,2,0,1,0,1
0x420344,99.7963%,1,490,491,0,0,1,490
0x45f220,98.6486%,1,73,74,0,0,1,73
0x45333a,97.2973%,1,36,37,0,0,1,36
0x41ffc1,97.561%,1,40,41,40,1,0,0
0x43faf3,97.2973%,1,36,37,36,1,0,0
0x403a58,83.3333%,1,5,6,5,1,0,0
0x494544,93.75%,1,15,16,0,0,1,15
0x403a2f,83.3333%,1,5,6,5,1,0,0
0x494c06,90.9091%,1,10,11,10,1,0,0
0x49476e,50%,1,1,2,1,1,0,0
0x43fb5c,97.2973%,1,36,37,36,1,0,0
0x491b04,85.7143%,1,6,7,0,0,1,6
0x404a3f,88.8889%,1,8,9,0,0,1,8
0x43fd2c,97.2973%,1,36,37,36,1,0,0
0x41f55e,90%,1,9,10,0,0,1,9
0x43fcdd,97.2973%,1,36,37,36,1,0,0
0x4c1f3f,99.3243%,1,147,148,0,0,1,147
0x453d71,99.2308%,1,129,130,0,0,1,129
0x420970,99.9898%,1,9766,9767,9766,1,0,0
0x4a52a3,99.9832%,1,5939,5940,5939,1,0,0
0x40056a,98.6486%,1,73,74,73,1,0,0
0x4a47b7,99.9916%,1,11890,11891,0,0,1,11890
0x49197e,85.7143%,1,6,7,0,1,0,6
0x416cbc,99.9858%,1,7052,7053,0,0,1,7052
0x454aab,96.1538%,1,25,26,0,0,1,25
0x40adec,88.8889%,1,8,9,8,0,1,0
0x4f0def,93.75%,1,15,16,15,1,0,0
0x416ebf,0%,1,0,1,0,1,0,0
0x49272f,83.3333%,1,5,6,0,0,1,5
0x494915,93.75%,1,15,16,0,0,1,15
0x4f0e12,93.75%,1,15,16,0,0,1,15
0x41ef0c,99.6441%,1,280,281,280,1,0,0
0x42045a,99.9202%,1,1252,1253,0,1,0,1252
0x41fec5,98.7805%,1,81,82,81,1,0,0
0x403163,98.4375%,1,63,64,63,1,0,0
0x4944d3,93.75%,1,15,16,15,1,0,0
0x4924d2,96.6667%,1,29,30,0,0,1,29
0x403bd3,0%,1,0,1,0,1,0,0
0x43e756,99.7921%,1,480,481,480,1,0,0
0x403bec,0%,1,0,1,0,1,0,0
0x41ec3d,97.561%,1,40,41,0,0,1,40
0x48ee1f,83.3333%,1,5,6,0,0,1,5
0x403c1f,0%,1,0,1,0,0,1,0
0x49210e,93.75%,1,15,16,0,0,1,15
0x492ea6,50%,1,1,2,0,0,1,1
0x420569,83.3333%,1,5,6,0,0,1,5
0x41fdc0,98.7805%,1,81,82,0,0,1,81
0x40408c,0%,1,0,1,0,0,1,0
0x405269,97.2973%,1,36,37,36,1,0,0
0x4041b4,0%,1,0,1,0,1,0,0
0x4040ea,0%,1,0,1,0,1,0,0
0x4a6ef7,99.927%,1,1369,1370,0,0,1,1369
0x494d6d,93.75%,1,15,16,15,1,0,0
0x494a41,93.75%,1,15,16,0,0,1,15
0x494bfe,90.9091%,1,10,11,0,0,1,10
0x45531c,97.2973%,1,36,37,36,1,0,0
0x4a5f6f,96.875%,1,31,32,31,1,0,0
0x48e47f,99.5918%,1,244,245,0,0,1,244
0x42a340,97.2973%,1,36,37,0,0,1,36
0x4550a7,97.2973%,1,36,37,36,1,0,0
0x4bd25c,83.3333%,1,5,6,5,1,0,0
0x4f0f59,96.875%,1,31,32,31,1,0,0
0x4201db,50%,1,1,2,1,1,0,0
0x491a36,85.7143%,1,6,7,0,0,1,6
0x41f5b6,50%,1,1,2,1,1,0,0
0x494bde,90.9091%,1,10,11,10,1,0,0
0x455041,97.2973%,1,36,37,0,0,1,36
0x460b0f,97.2973%,1,36,37,0,0,1,36
0x49495e,93.75%,1,15,16,15,1,0,0
0x48efba,94.4444%,1,17,18,17,1,0,0
0x403a2a,83.3333%,1,5,6,5,1,0,0
0x4c1f72,99.3243%,1,147,148,147,1,0,0
0x403557,0%,1,0,1,0,1,0,0
0x42a3b0,97.2973%,1,36,37,36,1,0,0
0x494748,93.75%,1,15,16,0,0,1,15
0x41eb6f,97.561%,1,40,41,40,1,0,0
0x403595,0%,1,0,1,0,1,0,0
0x43fa37,97.2973%,1,36,37,36,1,0,0
0x491a6e,85.7143%,1,6,7,6,1,0,0
0x4045f6,0%,1,0,1,0,0,1,0
0x406e16,0%,1,0,1,0,1,0,0
0x4929bd,98.2759%,1,57,58,0,0,1,57
0x493078,100%,0,16,16,0,0,0,16
0x41e1bb,100%,0,40,40,0,0,0,40
0x40ab7e,100%,0,9,9,9,0,0,0
0x48ee4c,100%,0,6,6,0,0,0,6
0x45d744,100%,0,74,74,0,0,0,74
0x422bc6,100%,0,74,74,0,0,0,74
0x4947b9,100%,0,16,16,0,0,0,16
0x492d03,100%,0,2,2,0,0,0,2
0x45d73b,100%,0,74,74,0,0,0,74
0x4038cc,100%,0,1,1,0,0,0,1
0x494a49,100%,0,16,16,0,0,0,16
0x403871,100%,0,1,1,0,0,0,1
0x4029a3,100%,0,1916,1916,0,0,0,1916
0x4956f0,100%,0,16,16,0,0,0,16
0x4ace0b,100%,0,16,16,0,0,0,16
0x41e47e,100%,0,39,39,0,0,0,39
0x4947de,100%,0,16,16,0,0,0,16
0x4937b2,100%,0,64,64,0,0,0,64
0x4919e5,100%,0,6,6,0,0,0,6
0x4919f8,100%,0,7,7,0,0,0,7
0x4919bc,100%,0,6,6,0,0,0,6
0x45994a,100%,0,148,148,148,0,0,0
0x403db4,100%,0,39,39,0,0,0,39
0x45e59b,100%,0,74,74,0,0,0,74
0x41ec84,100%,0,41,41,0,0,0,41
0x422be1,100%,0,74,74,0,0,0,74
0x40aa9f,100%,0,1,1,0,0,0,1
0x4919aa,100%,0,6,6,0,0,0,6
0x493733,100%,0,64,64,0,0,0,64
0x4f0d17,100%,0,51,51,0,0,0,51
0x41e199,100%,0,40,40,0,0,0,40
0x4f0d24,100%,0,64,64,64,0,0,0
0x459935,100%,0,148,148,0,0,0,148
0x494618,100%,0,16,16,0,0,0,16
0x48ef70,100%,0,18,18,0,0,0,18
0x43f9b3,100%,0,37,37,0,0,0,37
0x4f3d19,100%,0,2,2,2,0,0,0
0x404260,100%,0,1,1,0,0,0,1
0x454fd4,100%,0,60,60,0,0,0,60
0x49197a,100%,0,7,7,0,0,0,7
0x49487a,100%,0,16,16,16,0,0,0
0x41f0a2,100%,0,281,281,0,0,0,281
0x404256,100%,0,1,1,0,0,0,1
0x403958,100%,0,6,6,0,0,0,6
0x404760,100%,0,1099,1099,1099,0,0,0
0x494948,100%,0,16,16,0,0,0,16
0x4045d3,100%,0,1,1,0,0,0,1
0x4a60a3,100%,0,18,18,18,0,0,0
0x459da9,100%,0,148,148,0,0,0,148
0x4955b3,100%,0,1,1,0,0,0,1
0x48e975,100%,0,51,51,0,0,0,51
0x420474,100%,0,919,919,0,0,0,919
0x49437b,100%,0,1,1,0,0,0,1
0x43e343,100%,0,74,74,74,0,0,0
0x4b0225,100%,0,38,38,0,0,0,38
0x45e5be,100%,0,74,74,0,0,0,74
0x43e3ca,100%,0,148,148,0,0,0,148
0x403a3f,100%,0,2,2,2,0,0,0
0x4045b1,100%,0,1,1,0,0,0,1
0x494352,100%,0,1,1,0,0,0,1
0x41f565,100%,0,10,10,0,0,0,10
0x4047cb,100%,0,1,1,0,0,0,1
0x4937e1,100%,0,7,7,0,0,0,7
0x48ef8d,100%,0,18,18,0,0,0,18
0x492bd1,100%,0,2,2,0,0,0,2
0x4a4f6b,100%,0,151,151,0,0,0,151
0x404bd9,100%,0,9,9,0,0,0,9
0x404bab,100%,0,424,424,0,0,0,424
0x40464a,100%,0,1,1,1,0,0,0
0x49510d,100%,0,16,16,0,0,0,16
0x460cd8,100%,0,37,37,0,0,0,37
0x41e44a,100%,0,39,39,39,0,0,0
0x4043fb,100%,0,1,1,1,0,0,0
0x460d09,100%,0,37,37,0,0,0,37
0x4c1f44,100%,0,148,148,0,0,0,148
0x45f229,100%,0,74,74,0,0,0,74
0x49518b,100%,0,16,16,0,0,0,16
0x4acdf8,100%,0,16,16,0,0,0,16
0x409363,100%,0,40,40,0,0,0,40
0x404078,100%,0,1,1,0,0,0,1
0x404c0f,100%,0,9,9,9,0,0,0
0x404c44,100%,0,9,9,0,0,0,9
0x41de75,100%,0,1,1,0,0,0,1
0x4f0924,100%,0,17,17,17,0,0,0
0x4051d8,100%,0,37,37,0,0,0,37
0x406e11,100%,0,1,1,0,0,0,1
0x4b0315,100%,0,2,2,0,0,0,2
0x48efa9,100%,0,18,18,0,0,0,18
0x403084,100%,0,1,1,0,0,0,1
0x41efeb,100%,0,281,281,0,0,0,281
0x4c4dc8,100%,0,226,226,0,0,0,226
0x494b1c,100%,0,16,16,0,0,0,16
0x41e97a,100%,0,41,41,0,0,0,41
0x422bfc,100%,0,74,74,0,0,0,74
0x41fce7,100%,0,82,82,0,0,0,82
0x4b0309,100%,0,8,8,0,0,0,8
0x41ebc0,100%,0,41,41,0,0,0,41
0x4b0378,100%,0,1,1,1,0,0,0
0x4939f7,100%,0,16,16,16,0,0,0
0x41e40d,100%,0,1,1,0,0,0,1
0x41fb77,100%,0,82,82,0,0,0,82
0x4b0347,100%,0,2,2,0,0,0,2
0x491aea,100%,0,7,7,7,0,0,0
0x4bbe6e,100%,0,1980,1980,0,0,0,1980
0x4202a8,100%,0,1,1,0,0,0,1
0x45f360,100%,0,74,74,0,0,0,74
0x40c0a4,100%,0,37,37,0,0,0,37
0x4a5f8b,100%,0,22,22,0,0,0,22
0x40c09c,100%,0,37,37,0,0,0,37
0x494518,100%,0,16,16,0,0,0,16
0x404287,100%,0,1,1,1,0,0,0
0x45e5f4,100%,0,74,74,0,0,0,74
0x404b89,100%,0,9,9,0,0,0,9
0x4924fe,100%,0,30,30,0,0,0,30
0x4bbef9,100%,0,1980,1980,0,0,0,1980
0x4c4b58,100%,0,2699,2699,2699,0,0,0
0x4163be,100%,0,222,222,0,0,0,222
0x43fc6e,100%,0,37,37,0,0,0,37
0x40286c,100%,0,1916,1916,1916,0,0,0
0x48eefd,100%,0,18,18,0,0,0,18
0x492eab,100%,0,2,2,0,0,0,2
0x4918f0,100%,0,14,14,0,0,0,14
0x460ad6,100%,0,37,37,0,0,0,37
0x403928,100%,0,6,6,0,0,0,6
0x429714,100%,0,74,74,0,0,0,74
0x455058,100%,0,37,37,0,0,0,37
0x41ff5e,100%,0,82,82,0,0,0,82
0x4998c8,100%,0,42,42,0,0,0,42
0x40c1a2,100%,0,37,37,37,0,0,0
0x492e6f,100%,0,44,44,0,0,0,44
0x49308c,100%,0,16,16,0,0,0,16
0x460c13,100%,0,37,37,0,0,0,37
0x42a368,100%,0,37,37,0,0,0,37
0x42a35d,100%,0,37,37,0,0,0,37
0x42a34d,100%,0,37,37,0,0,0,37
0x494363,100%,0,1,1,0,0,0,1
0x42a326,100%,0,37,37,0,0,0,37
0x42a546,100%,0,37,37,0,0,0,37
0x42a541,100%,0,37,37,0,0,0,37
0x429f4b,100%,0,37,37,0,0,0,37
0x43fd66,100%,0,37,37,37,0,0,0
0x43fb96,100%,0,37,37,0,0,0,37
0x494a59,100%,0,16,16,0,0,0,16
0x4f13af,100%,0,57,57,0,0,0,57
0x404729,100%,0,1099,1099,1099,0,0,0
0x4061e6,100%,0,8,8,0,0,0,8
0x43fcff,100%,0,37,37,0,0,0,37
0x404278,100%,0,1,1,0,0,0,1
0x453d92,100%,0,130,130,130,0,0,0
0x403a6e,100%,0,2,2,0,0,0,2
0x404bed,100%,0,9,9,0,0,0,9
0x453d7a,100%,0,130,130,0,0,0,130
0x48ee31,100%,0,6,6,0,0,0,6
0x43e3a3,100%,0,74,74,74,0,0,0
0x494fa9,100%,0,16,16,0,0,0,16
0x43fca4,100%,0,37,37,37,0,0,0
0x43fc8f,100%,0,37,37,0,0,0,37
0x493cbb,100%,0,16,16,0,0,0,16
0x446aa7,100%,0,37,37,0,0,0,37
0x41e490,100%,0,39,39,0,0,0,39
0x494624,100%,0,16,16,0,0,0,16
0x48eb81,100%,0,110,110,0,0,0,110
0x494956,100%,0,16,16,0,0,0,16
0x491915,100%,0,14,14,0,0,0,14
0x495463,100%,0,16,16,16,0,0,0
0x4a48b7,100%,0,5940,5940,5940,0,0,0
0x402b34,100%,0,2292,2292,2292,0,0,0
0x40aa5b,100%,0,1,1,0,0,0,1
0x41f56f,100%,0,10,10,0,0,0,10
0x41eb2e,100%,0,41,41,0,0,0,41
0x403c02,100%,0,1,1,0,0,0,1
0x40290a,100%,0,1916,1916,0,0,0,1916
0x4a4fd9,100%,0,14,14,0,0,0,14
0x49297a,100%,0,58,58,58,0,0,0
0x409279,100%,0,62,62,0,0,0,62
0x4a4863,100%,0,11160,11160,11160,0,0,0
0x4a48f0,100%,0,5940,5940,0,0,0,5940
0x42a3da,100%,0,37,37,37,0,0,0
0x4920ef,100%,0,16,16,0,0,0,16
0x45f3b9,100%,0,74,74,0,0,0,74
0x41e365,100%,0,40,40,0,0,0,40
0x4a6274,100%,0,1057,1057,0,0,0,1057
0x429dae,100%,0,37,37,0,0,0,37
0x491908,100%,0,14,14,0,0,0,14
0x49ecd9,100%,0,383,383,0,0,0,383
0x4947bf,100%,0,16,16,16,0,0,0
0x4f13b1,100%,0,57,57,0,0,0,57
0x454c72,100%,0,30,30,0,0,0,30
0x49309f,100%,0,16,16,16,0,0,0
0x40326a,100%,0,64,64,0,0,0,64
0x4a4cca,100%,0,5940,5940,0,0,0,5940
0x49ed04,100%,0,383,383,0,0,0,383
0x493218,100%,0,16,16,0,0,0,16
0x43fd06,100%,0,37,37,37,0,0,0
0x48e597,100%,0,245,245,0,0,0,245
0x45a400,100%,0,444,444,0,0,0,444
0x416313,100%,0,222,222,0,0,0,222
0x460c1e,100%,0,37,37,37,0,0,0
0x41fe77,100%,0,82,82,0,0,0,82
0x4bbed8,100%,0,1980,1980,1980,0,0,0
0x4a5d64,100%,0,17,17,17,0,0,0
0x491922,100%,0,14,14,0,0,0,14
0x4202e6,100%,0,1,1,0,0,0,1
0x4924ef,100%,0,30,30,0,0,0,30
0x48ec0e,100%,0,44,44,44,0,0,0
0x460c80,100%,0,37,37,0,0,0,37
0x42018b,100%,0,35,35,0,0,0,35
0x494af3,100%,0,16,16,0,0,0,16
0x41f2b5,100%,0,41,41,41,0,0,0
0x41eff0,100%,0,281,281,0,0,0,281
0x404bfe,100%,0,9,9,0,0,0,9
0x4a5d19,100%,0,1158,1158,1158,0,0,0
0x4a5cfe,100%,0,1158,1158,0,0,0,1158
0x4a5cf3,100%,0,1158,1158,0,0,0,1158
0x421ce0,100%,0,41,41,41,0,0,0
0x4f2042,100%,0,16,16,16,0,0,0
0x492124,100%,0,46,46,46,0,0,0
0x4938b3,100%,0,16,16,0,0,0,16
0x492aad,100%,0,16,16,0,0,0,16
0x41f559,100%,0,10,10,0,0,0,10
0x492b33,100%,0,16,16,0,0,0,16
0x492a9d,100%,0,16,16,16,0,0,0
0x48ebb0,100%,0,110,110,0,0,0,110
0x48ee89,100%,0,46,46,0,0,0,46
0x41e1c9,100%,0,40,40,0,0,0,40
0x4a4f56,100%,0,151,151,0,0,0,151
0x48ee55,100%,0,46,46,0,0,0,46
0x40373a,100%,0,7032,7032,0,0,0,7032
0x4040d9,100%,0,1,1,0,0,0,1
0x40926f,100%,0,19,19,19,0,0,0
0x4549aa,100%,0,93,93,93,0,0,0
0x494c3c,100%,0,11,11,0,0,0,11
0x4552fa,100%,0,37,37,0,0,0,37
0x492e78,100%,0,44,44,0,0,0,44
0x48e777,100%,0,110,110,0,0,0,110
0x48e690,100%,0,51,51,0,0,0,51
0x4a616b,100%,0,63,63,0,0,0,63
0x402a5c,100%,0,2292,2292,2292,0,0,0
0x494528,100%,0,16,16,0,0,0,16
0x4949f5,100%,0,16,16,16,0,0,0
0x49443e,100%,0,16,16,16,0,0,0
0x494431,100%,0,16,16,0,0,0,16
0x403776,100%,0,6977,6977,6977,0,0,0
0x4f0f46,100%,0,32,32,0,0,0,32
0x402508,100%,0,3295,3295,0,0,0,3295
0x492a84,100%,0,16,16,0,0,0,16
0x4a63b7,100%,0,17,17,0,0,0,17
0x4024f8,100%,0,1910,1910,0,0,0,1910
0x45e5eb,100%,0,74,74,0,0,0,74
0x4f0f1c,100%,0,32,32,32,0,0,0
0x49439c,100%,0,15,15,0,0,0,15
0x48e58b,100%,0,245,245,245,0,0,0
0x494306,100%,0,16,16,0,0,0,16
0x4942f6,100%,0,16,16,0,0,0,16
0x4f0945,100%,0,17,17,0,0,0,17
0x493d8d,100%,0,17,17,0,0,0,17
0x402949,100%,0,1916,1916,0,0,0,1916
0x4c4b4e,100%,0,2699,2699,0,0,0,2699
0x45f3b0,100%,0,74,74,0,0,0,74
0x43f9f1,100%,0,37,37,37,0,0,0
0x494823,100%,0,16,16,16,0,0,0
0x4a6152,100%,0,911,911,0,0,0,911
0x402b50,100%,0,2292,2292,0,0,0,2292
0x402b11,100%,0,2292,2292,0,0,0,2292
0x4047b0,100%,0,1098,1098,1098,0,0,0
0x48e455,100%,0,245,245,245,0,0,0
0x406118,100%,0,8,8,0,0,0,8
0x406113,100%,0,8,8,0,0,0,8
0x49990a,100%,0,42,42,0,0,0,42
0x403899,100%,0,1,1,0,0,0,1
0x48e682,100%,0,51,51,0,0,0,51
0x409373,100%,0,40,40,0,0,0,40
0x493b9f,100%,0,16,16,0,0,0,16
0x454c48,100%,0,30,30,0,0,0,30
0x403a85,100%,0,6,6,0,0,0,6
0x44b711,100%,0,37,37,37,0,0,0
0x4032a9,100%,0,1,1,0,0,0,1
0x43fa42,100%,0,37,37,37,0,0,0
0x4061aa,100%,0,344,344,0,0,0,344
0x48ebc4,100%,0,110,110,0,0,0,110
0x41fd17,100%,0,215,215,0,0,0,215
0x45503a,100%,0,37,37,0,0,0,37
0x454c4d,100%,0,30,30,0,0,0,30
0x402ad4,100%,0,2292,2292,0,0,0,2292
0x45532b,100%,0,37,37,37,0,0,0
0x4552ff,100%,0,37,37,0,0,0,37
0x460c73,100%,0,37,37,0,0,0,37
0x40c1b8,100%,0,37,37,0,0,0,37
0x460c68,100%,0,37,37,0,0,0,37
0x454c37,100%,0,30,30,0,0,0,30
0x460c5f,100%,0,37,37,0,0,0,37
0x49475d,100%,0,5,5,5,0,0,0
0x45a40e,100%,0,444,444,444,0,0,0
0x48e50d,100%,0,245,245,0,0,0,245
0x48e4d1,100%,0,245,245,0,0,0,245
0x491a50,100%,0,7,7,0,0,0,7
0x4a4fe7,100%,0,14,14,0,0,0,14
0x454ae2,100%,0,26,26,26,0,0,0
0x403f3d,100%,0,30,30,0,0,0,30
0x48ef13,100%,0,18,18,0,0,0,18
0x4a6405,100%,0,3250,3250,0,0,0,3250
0x41e4ac,100%,0,39,39,0,0,0,39
0x43fb69,100%,0,37,37,37,0,0,0
0x49ecba,100%,0,383,383,0,0,0,383
0x4a628d,100%,0,1744,1744,1744,0,0,0
0x48e46c,100%,0,245,245,0,0,0,245
0x41fd51,100%,0,17,17,0,0,0,17
0x41f609,100%,0,123,123,0,0,0,123
0x4205ac,100%,0,124,124,0,0,0,124
0x494b62,100%,0,48,48,0,0,0,48
0x42059f,100%,0,124,124,0,0,0,124
0x45d75e,100%,0,74,74,0,0,0,74
0x460bdb,100%,0,37,37,0,0,0,37
0x4a417c,100%,0,3380,3380,0,0,0,3380
0x494648,100%,0,16,16,0,0,0,16
0x4061cc,100%,0,344,344,344,0,0,0
0x4061bb,100%,0,344,344,0,0,0,344
