Branch PC,Accuracy,Mispredictions,Correct Predictions,Total,dir_t_pred_t,dir_t_pred_nt,dir_nt_pred_t,dir_nt_pred_nt
aggregate,89.9351%,2003032,17898223,19901255,9247429,748984,1254048,8650794
0x40cc3f,75.3283%,100470,306758,407228,182233,45482,54988,124525
0x4164ea,89.7285%,90965,794643,885608,109210,63672,27293,685433
0x41683b,49.7377%,90362,89419,179781,43404,46899,43463,46015
0x40bda5,79.3206%,74872,287188,362060,258185,12633,62239,29003
0x40cf70,69.9562%,63968,148948,212916,129359,12459,51509,19589
0x40bbbf,63.6191%,62208,108783,170991,56905,30124,32084,51878
0x40f6e4,66.9057%,61143,123611,184754,74581,25721,35422,49030
0x40f70f,69.0248%,57228,127526,184754,108304,11945,45283,19222
0x40c966,68.1849%,56482,121050,177532,58064,28241,28241,62986
0x40971d,79.8419%,53716,212758,266474,159600,17892,35824,53158
0x40f73a,72.773%,50303,134451,184754,119878,9599,40704,14573
0x40f765,76.3816%,43636,141118,184754,124757,9080,34556,16361
0x416416,76.6839%,41820,137541,179361,104971,16812,25008,32570
0x40bbb6,86.3734%,39110,247902,287012,91161,24860,14250,156741
0x41651f,78.9743%,38846,145909,184755,127633,5858,32988,18276
0x40cfb4,74.8622%,38314,114102,152416,106314,5803,32511,7788
0x416298,69.5926%,34897,79868,114765,14424,28935,5962,65444
0x409544,77.2683%,33720,114619,148339,10478,25800,7920,104141
0x40cdd3,90.413%,28340,267268,295608,212610,5455,22885,54658
0x416558,85.4129%,27211,159331,186542,122472,6338,20873,36859
0x402e0b,70.0031%,25881,60398,86279,22872,13286,12595,37526
0x40b6d4,79.8775%,25681,101942,127623,93079,5331,20350,8863
0x40b676,80.212%,25254,102369,127623,92435,5189,20065,9934
0x40cff1,79.0712%,25206,95231,120437,91277,2352,22854,3954
0x40b734,80.3131%,25125,102498,127623,94454,4201,20924,8044
0x40b796,80.9627%,24296,103327,127623,42952,11362,12934,60375
0x40ccb5,87.805%,23997,172780,196777,166325,3554,20443,6455
0x40b5f6,81.3302%,23827,103796,127623,91871,5296,18531,11925
0x40be17,74.0942%,23637,67605,91242,61228,3700,19937,6377
0x40bc9b,68.0252%,23387,49755,73142,19461,13133,10254,30294
0x40f088,72.2633%,20498,53404,73902,38148,6966,13532,15256
0x409489,72.715%,20398,54361,74759,2188,17859,2539,52173
0x40ef5c,72.8208%,20086,53816,73902,45912,4693,15393,7904
0x40cc72,78.6426%,19513,71851,91364,35244,5488,14025,36607
0x40d02e,80.4274%,19483,80059,99542,76823,3021,16462,3236
0x40f024,74.6137%,18761,55141,73902,40465,5412,13349,14676
0x40f056,75.7219%,17942,55960,73902,43419,5624,12318,12541
0x40cded,77.3468%,17566,59977,77543,58005,1596,15970,1972
0x40efc0,77.4769%,16645,57257,73902,45307,4850,11795,11950
0x4094d0,79.2747%,15494,59265,74759,3970,12236,3258,55295
0x40f0ba,80.0019%,14779,59123,73902,44018,4840,9939,15105
0x40eff2,80.6934%,14268,59634,73902,39567,5542,8726,20067
0x40ef8e,80.8151%,14178,59724,73902,41486,5417,8761,18238
0x402e1a,72.2332%,13917,36204,50121,34399,1795,12122,1805
0x41de07,74.9106%,13192,39388,52580,26082,5758,7434,13306
0x4096b4,74.4638%,12966,37809,50775,4554,9775,3191,33255
0x4094ed,72.4927%,12932,34081,47013,31817,2020,10912,2264
0x41136c,86.6824%,12884,83860,96744,48459,4527,8357,35401
0x41ddeb,77.1787%,12054,40765,52819,26748,5595,6459,14017
0x40cf7a,83.0516%,12050,59048,71098,58704,556,11494,344
0x40caeb,73.1406%,11921,32462,44383,22023,4418,7503,10439
0x40cf60,95.1584%,11025,216690,227715,211899,1017,10008,4791
0x416578,82.1763%,10290,47442,57732,24028,2763,7527,23414
0x40bbd7,87.7885%,10253,73709,83962,72406,1189,9064,1303
0x416598,75.4873%,10049,30946,40995,30106,835,9214,840
0x411488,89.1347%,10033,82307,92340,70587,3149,6884,11720
0x40c98c,89.2093%,9841,81358,91199,80581,882,8959,777
0x40b69d,89.7325%,9747,85184,94931,3470,7575,2172,81714
0x40b6fd,90.6786%,9726,94614,104340,1909,7913,1813,92705
0x40cfbe,77.2724%,9159,31140,40299,29799,1370,7789,1341
0x40b75d,91.0444%,8639,87826,96465,2079,6939,1700,85747
0x40ce0a,69.8718%,8554,19838,28392,4746,5704,2850,15092
0x4095f9,69.3827%,8308,18827,27135,3713,5644,2664,15114
0x40cfa4,95.3021%,7662,155432,163094,151453,963,6699,3979
0x411385,83.1848%,7358,36400,43758,28115,1739,5619,8285
0x4113d4,83.4041%,7152,35943,43095,26649,2603,4549,9294
0x40cffb,73.9555%,6982,19826,26808,18455,1106,5876,1371
0x416018,91.007%,6646,67256,73902,12319,3080,3566,54937
0x40cfe4,94.9623%,6489,122319,128808,119318,1119,5370,3001
0x40b63b,90.7143%,6374,62269,68643,2075,4972,1402,60194
0x411414,85.9466%,5946,36364,42310,25749,1926,4020,10615
0x40ccf3,96.5022%,5942,163937,169879,123819,2177,3765,40118
0x40d038,71.657%,5583,14115,19698,2037,4093,1490,12078
0x40d021,94.9213%,5426,101413,106839,98889,653,4773,2524
0x409640,81.0577%,5140,21995,27135,2242,3660,1480,19753
0x40bc89,94.249%,5005,82024,87029,10592,3295,1710,71432
0x40bc4b,71.6879%,4975,12597,17572,4210,2995,1980,8387
0x40ce1e,73.8937%,4684,13258,17942,949,3504,1180,12309
0x40b609,84.9291%,4590,25866,30456,24850,599,3991,1016
0x40965d,70.2977%,4570,10816,15386,9715,1111,3459,1101
0x402c7e,94.1464%,4444,71475,75919,67412,1337,3107,4063
0x40ce32,67.1881%,4426,9063,13489,2185,2612,1814,6878
0x40f115,94.1382%,4332,69570,73902,69560,78,4254,10
0x402e47,95.5377%,3850,82429,86279,81430,308,3542,999
0x40cf67,75.8024%,3581,11218,14799,8302,1136,2445,2916
0x40be26,94.6094%,3500,61428,64928,61317,278,3222,111
0x411450,92.1175%,3217,37595,40812,24911,1258,1959,12684
0x41ee6f,93.9129%,3207,49478,52685,49450,180,3027,28
0x409e93,57.178%,2956,3947,6903,2850,1301,1655,1097
0x41e892,94.4045%,2948,49737,52685,18954,1346,1602,30783
0x40cd39,98.4478%,2937,186284,189221,145493,652,2285,40791
0x40ceab,83.6807%,2928,15014,17942,12478,785,2143,2536
0x409e64,57.772%,2915,3988,6903,3308,768,2147,680
0x40bb0e,96.4711%,2622,71678,74300,71507,246,2376,171
0x40ce46,69.9609%,2611,6081,8692,2982,1207,1404,3099
0x40cd08,94.695%,2328,41555,43883,19488,1387,941,22067
0x41ee22,93.9358%,2252,34884,37136,34867,132,2120,17
0x40cfab,79.9775%,2138,8540,10678,7141,420,1718,1399
0x40be1b,92.6009%,1947,24367,26314,24266,345,1602,101
0x40ca73,65.9194%,1885,3646,5531,1039,960,925,2607
0x41646f,99.0785%,1719,184822,186541,366,1421,298,184456
0x40f1d2,62.6034%,1718,2876,4594,2526,255,1463,350
0x40cfeb,79.6201%,1706,6665,8371,5442,521,1185,1223
0x41eec2,94.0245%,1695,26671,28366,26655,75,1620,16
0x4113e4,90.175%,1673,15355,17028,8298,832,841,7057
0x416895,97.9603%,1650,79244,80894,78808,422,1228,436
0x40ca5f,77.7793%,1593,5576,7169,417,1221,372,5159
0x40c995,84.3673%,1522,8214,9736,5825,583,939,2389
0x4113a4,91.747%,1396,15519,16915,8940,580,816,6579
0x40f1fb,54.9855%,1395,1704,3099,1289,460,935,415
0x40d028,81.2389%,1369,5928,7297,1065,842,527,4863
0x40ca87,64.6376%,1249,2283,3532,1195,578,671,1088
0x411464,93.3391%,1238,17348,18586,9131,763,475,8217
0x409733,98.6694%,1184,87798,88982,26,920,264,87772
0x411424,93.5991%,1172,17138,18310,8980,752,420,8158
0x40ca4b,86.5044%,1120,7179,8299,325,805,315,6854
0x40ca16,74.0557%,1044,2980,4024,2183,384,660,797
0x40f224,50.9694%,961,999,1960,377,492,469,622
0x4164fc,99.8944%,898,849471,850369,700117,736,162,149354
0x4113ac,89.831%,752,6643,7395,2673,338,414,3970
0x40b8c1,82.3935%,740,3463,4203,3201,142,598,262
0x40b845,71.0247%,738,1809,2547,1437,250,488,372
0x40ca24,82.505%,704,3320,4024,218,478,226,3102
0x409749,99.2333%,675,87361,88036,5,579,96,87356
0x40cad7,99.6372%,644,176888,177532,133024,125,519,43864
0x416a0f,99.2207%,629,80081,80710,80079,61,568,2
0x416427,98.9436%,618,57885,58503,407,365,253,57478
0x40cc58,99.7457%,579,227136,227715,91016,348,231,136120
0x41142c,93.3318%,572,8006,8578,3478,197,375,4528
0x40b8df,77.5815%,571,1976,2547,1683,187,384,293
0x41146c,93.6033%,556,8136,8692,3767,176,380,4369
0x40bd04,99.246%,541,71212,71753,71015,103,438,197
0x416026,99.0787%,539,57964,58503,685,362,177,57279
0x40cebb,88.5018%,538,4141,4679,6,466,72,4135
0x4113ec,93.3274%,527,7371,7898,2961,224,303,4410
0x40b96d,81.5862%,469,2078,2547,1696,171,298,382
0x40f160,90.1608%,459,4206,4665,1,400,59,4205
0x40b9dc,63.7821%,452,796,1248,274,294,158,522
0x40b94c,68.5897%,441,963,1404,552,175,266,411
0x40bd78,76.9995%,440,1473,1913,1153,125,315,320
0x40976b,99.5117%,427,87025,87452,1,395,32,87024
0x41ddf9,99.22%,412,52407,52819,56,183,229,52351
0x41debb,99.9119%,407,461821,462228,461821,407,0,0
0x40ccc4,98.7259%,396,30684,31080,707,323,73,29977
0x4c4a96,76.9701%,377,1260,1637,594,172,205,666
0x4164f5,99.9584%,368,885240,885608,35187,52,316,850053
0x41ee8e,88.0851%,364,2691,3055,1644,172,192,1047
0x402ceb,99.5258%,360,75559,75919,1,238,122,75558
0x402ea3,99.7123%,340,117847,118187,167,292,48,117680
0x40f1e7,82.1842%,323,1490,1813,1483,12,311,7
0x41e7cb,99.5084%,322,65180,65502,3762,213,109,61418
0x402e4f,93.1953%,309,4232,4541,4229,73,236,3
0x40249c,97.4529%,303,11593,11896,11420,19,284,173
0x40ce7e,98.3391%,298,17644,17942,6345,155,143,11299
0x40b9fd,88.457%,294,2253,2547,444,227,67,1809
0x40cccc,99.0349%,290,29760,30050,3926,256,34,25834
0x4169fc,99.7815%,287,131092,131379,89488,245,42,41604
0x415f9c,99.6496%,266,75653,75919,1351,31,235,74302
0x40b708,99.7489%,262,104078,104340,22004,17,245,82074
0x409653,99.2077%,254,31805,32059,16573,100,154,15232
0x40f003,99.1352%,249,28544,28793,7675,215,34,20869
0x41688c,99.8093%,247,129302,129549,87597,216,31,41705
0x41169f,49.8982%,246,245,491,160,82,164,85
0x415fc1,99.67%,246,74291,74537,442,193,53,73849
0x409eb5,96.4508%,245,6658,6903,6657,7,238,1
0x40f067,99.0426%,238,24621,24859,3267,183,55,21354
0x41eea2,99.5559%,234,52451,52685,52451,29,205,0
0x4169eb,99.8644%,231,170135,170366,38929,58,173,131206
0x401ce1,87.9085%,222,1614,1836,1490,129,93,124
0x40f210,83.6296%,221,1129,1350,1044,95,126,85
0x4a623e,96.2059%,216,5477,5693,4572,48,168,905
0x40f099,99.2497%,216,28572,28788,7410,150,66,21162
0x420372,80.111%,215,866,1081,736,75,140,130
0x40f0cb,99.1774%,206,24838,25044,3429,141,65,21409
0x41687b,99.8796%,203,168458,168661,39086,25,178,129372
0x4094e3,99.7857%,198,92192,92390,45248,129,69,46944
0x41e613,72.063%,195,503,698,300,102,93,203
0x41ee45,99.4749%,195,36941,37136,36941,51,144,0
0x40efd1,99.2293%,183,23562,23745,3371,63,120,20191
0x40b768,99.8155%,178,96287,96465,20390,71,107,75897
0x40b64f,99.6344%,172,46874,47046,43027,167,5,3847
0x40ce69,98.3636%,171,10279,10450,10279,171,0,0
0x40ef6d,99.2832%,167,23130,23297,3430,149,18,19700
0x41686d,99.901%,167,168541,168708,0,47,120,168541
0x40f239,84.8763%,165,926,1091,918,32,133,8
0x401d13,89.8703%,164,1455,1619,1400,33,131,55
0x41e917,99.6944%,161,52524,52685,59,146,15,52465
0x4204a2,77.1137%,157,529,686,362,81,76,167
0x40f610,85.3229%,150,872,1022,867,33,117,5
0x4163fd,85.7689%,149,898,1047,883,42,107,15
0x40f63e,85.7143%,146,876,1022,873,30,116,3
0x402cfc,99.8097%,144,75536,75680,0,0,144,75536
0x401d5a,92.3203%,141,1695,1836,1336,41,100,359
0x4169c0,99.8461%,139,90164,90303,0,0,139,90164
0x41eee2,99.5206%,136,28230,28366,28230,26,110,0
0x40f68e,86.9863%,133,889,1022,889,12,121,0
0x40954c,99.884%,130,111931,112061,73504,76,54,38427
0x4096bc,99.6488%,128,36318,36446,23556,84,44,12762
0x4a602d,84.8521%,128,717,845,157,79,49,560
0x40f666,87.7691%,125,897,1022,895,8,117,2
0x4a482f,77.6577%,124,431,555,261,48,76,170
0x40b6a8,99.8694%,124,94807,94931,18924,30,94,75883
0x40ba84,85.2086%,117,674,791,36,84,33,638
0x41e857,99.8229%,116,65386,65502,151,103,13,65235
0x409eba,51.8828%,115,124,239,58,60,55,66
0x40b6b1,99.8513%,113,75864,75977,64845,87,26,11019
0x4152e4,84.5272%,108,590,698,96,47,61,494
0x4169dd,99.9372%,107,170336,170443,1,76,31,170335
0x40b711,99.87%,107,82212,82319,75065,62,45,7147
0x41f5e4,65.8065%,106,204,310,112,45,61,92
0x40ccb9,99.6059%,106,26792,26898,0,0,106,26792
0x40b771,99.8618%,105,75899,76004,67416,81,24,8483
0x4a4119,79.8058%,104,411,515,216,53,51,195
0x416447,99.8233%,102,57629,57731,0,0,102,57629
0x40b646,99.8587%,97,68546,68643,21574,23,74,46972
0x416183,99.7997%,90,44844,44934,0,0,90,44844
0x4a6247,91.7055%,89,984,1073,807,15,74,177
0x4162a4,99.8768%,88,71318,71406,69747,84,4,1571
0x40f262,90.7839%,87,857,944,22,56,31,835
0x4a6004,92.4216%,87,1061,1148,245,58,29,816
0x402e2a,99.3969%,84,13843,13927,8807,62,22,5036
0x41f60e,68.5606%,83,181,264,79,32,51,102
0x4036f9,88.2521%,82,616,698,428,29,53,188
0x402763,82.3529%,81,378,459,225,15,66,153
0x40bc73,99.9069%,81,86948,87029,0,0,81,86948
0x4a5e65,98.1245%,75,3924,3999,951,52,23,2973
0x40f24d,92.5743%,75,935,1010,12,54,21,923
0x40c979,99.9189%,74,91153,91227,5,23,51,91148
0x41fc03,80.5333%,73,302,375,300,8,65,2
0x40b6b6,99.7633%,71,29928,29999,10983,62,9,18945
0x4c4e72,98.194%,70,3806,3876,3125,40,30,681
0x41fbc9,89.1975%,70,578,648,206,59,11,372
0x41ea77,73.5409%,68,189,257,6,52,16,183
0x4024b5,85.558%,66,391,457,184,20,46,207
0x4c4c56,97.8807%,65,3002,3067,2425,36,29,577
0x402d16,99.9141%,65,75615,75680,75615,65,0,0
0x41e61c,90.8309%,64,634,698,430,14,50,204
0x40f035,99.7752%,63,27962,28025,7797,11,52,20165
0x4a47a5,96.9255%,59,1860,1919,1359,5,54,501
0x416278,99.8687%,59,44875,44934,0,0,59,44875
0x416aad,98.3565%,59,3531,3590,0,2,57,3531
0x4a4951,95.6713%,59,1304,1363,409,23,36,895
0x415fa9,99.9222%,58,74479,74537,0,0,58,74479
0x402c83,99.205%,57,7113,7170,0,6,51,7113
0x42032f,96.9106%,57,1788,1845,20,41,16,1768
0x4a612d,94.7907%,56,1019,1075,331,21,35,688
0x40f18e,98.7996%,56,4609,4665,1,53,3,4608
0x41606f,99.8777%,55,44923,44978,6,38,17,44917
0x416844,99.9385%,55,89423,89478,0,0,55,89423
0x4160f6,99.8776%,55,44879,44934,0,0,55,44879
0x40cd1f,99.761%,55,22953,23008,4381,23,32,18572
0x4a5eba,97.4568%,53,2031,2084,1095,20,33,936
0x4c4ab1,94.1307%,53,850,903,615,10,43,235
0x4c4c63,91.4191%,52,554,606,489,24,28,65
0x4a5e97,98.2977%,51,2945,2996,1022,11,40,1923
0x420425,87.7863%,48,345,393,315,17,31,30
0x40ef9f,99.8222%,48,26951,26999,7555,20,28,19396
0x4a49b8,96.4784%,48,1315,1363,191,16,32,1124
0x40b655,99.849%,46,30410,30456,12023,31,15,18387
0x4a5c55,98.1093%,46,2387,2433,1345,19,27,1042
0x4a5c75,95.7905%,45,1024,1069,1023,6,39,1
0x401d3b,74.2515%,43,124,167,118,6,37,6
0x4a5cea,97.7297%,43,1851,1894,1390,26,17,461
0x42033d,97.5897%,43,1741,1784,521,32,11,1220
0x416853,99.9564%,39,89439,89478,0,0,39,89439
0x40f1b7,99.1542%,39,4572,4611,0,17,22,4572
0x42045f,96.6985%,38,1113,1151,4,27,11,1109
0x41dc4e,84.1004%,38,201,239,201,38,0,0
0x420555,88.141%,37,275,312,264,17,20,11
0x40ccd1,99.857%,37,25831,25868,3143,9,28,22688
0x4c4aa2,95.752%,37,834,871,109,28,9,725
0x4a6424,95.6204%,36,786,822,27,19,17,759
0x4165c3,99.9529%,35,74265,74300,0,0,35,74265
0x4a6ee1,93.4457%,35,499,534,0,0,35,499
0x4c4e7f,95.0774%,35,676,711,58,15,20,618
0x41f071,97.2592%,35,1242,1277,1241,10,25,1
0x4a5e9c,98.217%,35,1928,1963,1380,21,14,548
0x41f609,88.2155%,35,262,297,14,19,16,248
0x401dfa,92.3747%,35,424,459,424,35,0,0
0x40bcb7,99.9882%,34,286978,287012,215250,9,25,71728
0x409ed0,72.7273%,33,88,121,85,7,26,3
0x416abb,99.0803%,33,3555,3588,1443,20,13,2112
0x420344,97.3193%,33,1198,1231,121,29,4,1077
0x41f51e,94.4732%,32,547,579,242,26,6,305
0x4a4088,98.7045%,32,2438,2470,255,14,18,2183
0x40ceec,99.9892%,32,295576,295608,221702,4,28,73874
0x41e314,93.7378%,32,479,511,477,11,21,2
0x41fc77,58.6667%,31,44,75,17,10,21,27
0x4a48fa,97.8006%,30,1334,1364,1178,18,12,156
0x41fc4f,59.7222%,29,43,72,7,18,11,36
0x4a64b6,96.4198%,29,781,810,572,14,15,209
0x411cde,99.9618%,29,75890,75919,75890,29,0,0
0x4a5f94,90.4437%,28,265,293,8,18,10,257
0x4a41cb,98.8664%,28,2442,2470,2215,8,20,227
0x4201e2,88.3817%,28,213,241,118,10,18,95
0x42046d,97.5%,28,1092,1120,286,16,12,806
0x416948,99.1971%,27,3336,3363,3336,7,20,0
0x402cbd,99.6371%,26,7138,7164,0,17,9,7138
0x401cf4,88.0184%,26,191,217,191,22,4,0
0x40b716,99.911%,26,29187,29213,9814,8,18,19373
0x42032a,98.6617%,25,1843,1868,5,18,7,1838
0x4a5cd0,98.9553%,25,2368,2393,485,14,11,1883
0x4a5ff7,98.2156%,25,1376,1401,236,17,8,1140
0x42045a,97.8596%,25,1143,1168,2,15,10,1141
0x41fca9,96.142%,25,623,648,536,4,21,87
0x416ad4,99.1787%,25,3019,3044,3019,3,22,0
0x41e21f,95.3033%,24,487,511,9,9,15,478
0x4a5ecb,97.6264%,23,946,969,223,11,12,723
0x401d29,87.6344%,23,163,186,1,18,5,162
0x41fc12,69.3333%,23,52,75,12,16,7,40
0x4113bb,99.4982%,22,4362,4384,663,0,22,3699
0x40b776,99.9241%,22,28946,28968,9002,16,6,19944
0x40ca38,99.7071%,21,7148,7169,0,0,21,7148
0x4a64a9,97.4074%,21,789,810,240,13,8,549
0x4a5f4d,90.9091%,21,210,231,31,6,15,179
0x4a4931,88.0952%,20,148,168,11,12,8,137
0x4203d3,85.2941%,20,116,136,106,7,13,10
0x4a60f6,98.006%,20,983,1003,421,13,7,562
0x4a6146,97.2261%,20,701,721,674,12,8,27
0x4a62c0,95.3917%,20,414,434,251,4,16,163
0x4a4983,97.8518%,20,911,931,736,11,9,175
0x40ca2e,99.4291%,19,3309,3328,2560,7,12,749
0x41ff27,36.6667%,19,11,30,5,13,6,6
0x420474,97.7995%,18,800,818,118,14,4,682
0x41691d,99.6405%,18,4989,5007,0,0,18,4989
0x4a418e,96.5049%,18,497,515,7,12,6,490
0x41ea0f,92.9134%,18,236,254,0,7,11,236
0x41138d,99.8705%,18,13886,13904,0,0,18,13886
0x4bbe67,98.0176%,18,890,908,437,17,1,453
0x4024bb,92.8854%,18,235,253,234,5,13,1
0x4c4dc2,97.6839%,17,717,734,700,11,6,17
0x4169b4,99.9823%,16,90287,90303,0,0,16,90287
0x41e9d3,93.8462%,16,244,260,241,7,9,3
0x420503,98.1839%,16,865,881,861,3,13,4
0x41fe77,75.7576%,16,50,66,50,4,12,0
0x4a4140,97.0874%,15,500,515,475,8,7,25
0x40c9af,99.5493%,15,3313,3328,3313,15,0,0
0x4c4e1b,97.8903%,15,696,711,0,0,15,696
0x402ad4,96.875%,15,465,480,0,0,15,465
0x41fbda,96.3446%,14,369,383,0,8,6,369
0x41692b,99.7204%,14,4993,5007,1580,7,7,3413
0x4a5f01,94.964%,14,264,278,263,4,10,1
0x40370f,94.6058%,13,228,241,228,11,2,0
0x4a615f,62.8571%,13,22,35,15,6,7,7
0x41141c,99.9112%,13,14622,14635,0,0,13,14622
0x420397,84.5238%,13,71,84,54,7,6,17
0x411458,99.9112%,13,14630,14643,0,0,13,14630
0x4205d7,93.4343%,13,185,198,90,8,5,95
0x4203db,85.7143%,12,72,84,13,10,2,59
0x41ea9c,93.9698%,12,187,199,182,9,3,5
0x4a5d53,97.5952%,12,487,499,486,3,9,1
0x4165a0,99.8806%,12,10042,10054,10042,12,0,0
0x402487,99.8991%,12,11884,11896,0,0,12,11884
0x4a40ed,97.6699%,12,503,515,491,3,9,12
0x41e338,97.6517%,12,499,511,499,6,6,0
0x41fcc7,89.8148%,11,97,108,97,5,6,0
0x4c4ba0,98.24%,11,614,625,603,3,8,11
0x41e861,99.9831%,11,65237,65248,0,0,11,65237
0x4a7d73,99.589%,10,2423,2433,0,0,10,2423
0x4a5f96,96.2547%,10,257,267,238,6,4,19
0x4a5ee6,98.645%,10,728,738,497,0,10,231
0x4bbdd3,97.8448%,10,454,464,4,6,4,450
0x41e633,97.7477%,10,434,444,248,10,0,186
0x41620b,99.9777%,10,44924,44934,0,0,10,44924
0x40ca05,99.6995%,10,3318,3328,0,0,10,3318
0x4bbda7,99.0196%,9,909,918,905,3,6,4
0x4204c7,81.25%,9,39,48,23,8,1,16
0x4a498c,95.1087%,9,175,184,4,1,8,171
0x4a417c,52.6316%,9,10,19,1,8,1,9
0x40248c,99.9243%,9,11887,11896,0,0,9,11887
0x41e357,98.4405%,8,505,513,505,6,2,0
0x41e7b2,99.9878%,8,65494,65502,0,0,8,65494
0x41147b,99.8315%,8,4741,4749,1457,1,7,3284
0x4a485e,98.5586%,8,547,555,301,8,0,246
0x4091bf,98.4344%,8,503,511,503,2,6,0
0x4a5d72,98.3968%,8,491,499,250,4,4,241
0x416cf4,98.2571%,8,451,459,0,0,8,451
0x4bbdfa,98.4914%,7,457,464,6,2,5,451
0x42050b,85.4167%,7,41,48,10,7,0,31
0x4a493a,95.1724%,7,138,145,2,2,5,136
0x41e9a7,98.6381%,7,507,514,251,3,4,256
0x4a7df0,99.7123%,7,2426,2433,0,0,7,2426
0x4a6236,99.8485%,7,4613,4620,0,0,7,4613
0x41eca6,99.0921%,7,764,771,764,4,3,0
0x403763,98.4749%,7,452,459,0,2,5,452
0x4c4a98,99.1963%,7,864,871,0,0,7,864
0x4a642e,99.0979%,7,769,776,532,2,5,237
0x420479,98.9796%,7,679,686,678,2,5,1
0x4a83f3,99.6873%,6,1913,1919,0,0,6,1913
0x4a5d64,40%,6,4,10,2,2,4,2
0x4bbe19,98.6842%,6,450,456,0,0,6,450
0x41f04b,79.3103%,6,23,29,0,3,3,23
0x41e300,98.8304%,6,507,513,0,2,4,507
0x4bbdbc,98.7069%,6,458,464,456,2,4,2
0x4a634b,96.648%,6,173,179,0,5,1,173
0x41ff5e,66.6667%,6,12,18,8,4,2,4
0x46c778,25%,6,2,8,2,6,0,0
0x4bbe2a,99.3392%,6,902,908,902,6,0,0
0x41e87d,99.9886%,6,52679,52685,0,0,6,52679
0x4a5c2a,99.7534%,6,2427,2433,0,0,6,2427
0x4201b5,98.4416%,6,379,385,127,1,5,252
0x420349,99.445%,6,1075,1081,1075,1,5,0
0x41f5b2,98.3923%,5,306,311,306,4,1,0
0x41e769,98.9107%,5,454,459,0,0,5,454
0x40ca9b,99.7157%,5,1754,1759,1754,5,0,0
0x41fec5,72.2222%,5,13,18,1,5,0,12
0x40caa8,99.5575%,5,1125,1130,1125,5,0,0
0x402dd8,97.9079%,5,234,239,0,0,5,234
0x41fda9,44.4444%,5,4,9,1,2,3,3
0x4091e7,16.6667%,5,1,6,1,2,3,0
0x4a7de7,99.7945%,5,2428,2433,0,0,5,2428
0x41fbe0,98.6667%,5,370,375,370,0,5,0
0x4a6438,99.3917%,5,817,822,810,0,5,7
0x4b0299,28.5714%,5,2,7,2,1,4,0
0x4c4ba6,73.6842%,5,14,19,3,2,3,11
0x41690e,99.6995%,5,1659,1664,0,0,5,1659
0x402477,99.958%,5,11891,11896,0,0,5,11891
0x4201c1,97.9253%,5,236,241,233,5,0,3
0x41fd42,16.6667%,5,1,6,1,2,3,0
0x420186,98.0545%,5,252,257,252,3,2,0
0x4a635e,97.7011%,4,170,174,0,0,4,170
0x416339,99.618%,4,1043,1047,1043,3,1,0
0x403753,99.1285%,4,455,459,0,0,4,455
0x421a93,99.7912%,4,1912,1916,0,0,4,1912
0x4bbdac,99.1379%,4,460,464,460,0,4,0
0x4a5f2b,98.2906%,4,230,234,1,2,2,229
0x41ebf5,99.4792%,4,764,768,764,1,3,0
0x4bbef9,99.1189%,4,450,454,0,0,4,450
0x4a4cea,99.7067%,4,1360,1364,0,0,4,1360
0x4163be,99.618%,4,1043,1047,0,1,3,1043
0x4bbde4,99.1379%,4,460,464,7,3,1,453
0x4a4186,99.2233%,4,511,515,0,0,4,511
0x4bbf0a,99.1189%,4,450,454,0,0,4,450
0x4b02a9,42.8571%,4,3,7,0,3,1,3
0x42047e,33.3333%,4,2,6,2,2,2,0
0x420281,96.875%,4,124,128,124,3,1,0
0x416a82,99.2982%,4,566,570,0,2,2,566
0x4f3dc5,0%,4,0,4,0,3,1,0
0x4a40ca,78.9474%,4,15,19,15,2,2,0
0x41ec6f,98.961%,4,381,385,381,1,3,0
0x41ea3f,99.2218%,4,510,514,510,2,2,0
0x41f0aa,86.2069%,4,25,29,1,2,2,24
0x41e24d,99.2172%,4,507,511,507,2,2,0
0x4a5e79,99.8999%,3,2993,2996,0,0,3,2993
0x4a4173,90.625%,3,29,32,12,1,2,17
0x4a5ead,99.8605%,3,2148,2151,65,2,1,2083
0x49eca6,57.1429%,3,4,7,0,1,2,4
0x4a4779,99.8437%,3,1916,1919,0,0,3,1916
0x4b02cd,57.1429%,3,4,7,4,3,0,0
0x420222,99.2208%,3,382,385,382,2,1,0
0x41e62b,99.3243%,3,441,444,0,0,3,441
0x4bd1cd,40%,3,2,5,0,0,3,2
0x4bbe98,99.8678%,3,2267,2270,454,0,3,1813
0x4113fb,99.9363%,3,4710,4713,783,2,1,3927
0x41eaff,98.8327%,3,254,257,254,2,1,0
0x41fd1c,50%,3,3,6,3,3,0,0
0x4a648c,99.6296%,3,807,810,0,0,3,807
0x41e1f0,99.4129%,3,508,511,0,0,3,508
0x4201bc,98.8327%,3,254,257,14,2,1,240
0x402824,99.3392%,3,451,454,451,3,0,0
0x4a62ca,98.324%,3,176,179,0,0,3,176
0x42059f,98.8281%,3,253,256,28,1,2,225
0x416313,99.7135%,3,1044,1047,0,0,3,1044
0x41f52f,99.0354%,3,308,311,308,3,0,0
0x41693c,99.9123%,3,3417,3420,1642,2,1,1775
0x41eb97,0%,3,0,3,0,0,3,0
0x41fd08,66.6667%,3,6,9,0,3,0,6
0x42034e,40%,3,2,5,2,2,1,0
0x493dc1,76.9231%,3,10,13,10,2,1,0
0x454988,40%,3,2,5,1,1,2,1
0x4b024e,98.855%,3,259,262,259,1,2,0
0x454992,0%,3,0,3,0,0,3,0
0x41e624,98.8189%,3,251,254,142,2,1,109
0x4a6d0f,98.324%,3,176,179,0,0,3,176
0x420627,97.6744%,3,126,129,126,2,1,0
0x41143b,99.9388%,3,4900,4903,1496,2,1,3404
0x4052f8,0%,2,0,2,0,1,1,0
0x43fb7c,0%,2,0,2,0,2,0,0
0x4a4da4,0%,2,0,2,0,2,0,0
0x4b01ac,0%,2,0,2,0,2,0,0
0x454c88,0%,2,0,2,0,2,0,0
0x402997,99.5595%,2,452,454,0,0,2,452
0x40041c,33.3333%,2,1,3,1,1,1,0
0x453344,0%,2,0,2,0,2,0,0
0x41e213,99.6086%,2,509,511,0,0,2,509
0x4a7dcc,99.9178%,2,2431,2433,2431,2,0,0
0x44b76e,0%,2,0,2,0,2,0,0
0x4a7d9b,99.9178%,2,2431,2433,2431,2,0,0
0x41e365,0%,2,0,2,0,0,2,0
0x4a48f0,99.8534%,2,1362,1364,0,0,2,1362
0x421dac,87.5%,2,14,16,14,2,0,0
0x4091f2,33.3333%,2,1,3,1,1,1,0
0x4a49e9,99.8534%,2,1362,1364,1362,0,2,0
0x409e3a,99.1632%,2,237,239,0,0,2,237
0x4b02e6,71.4286%,2,5,7,5,2,0,0
0x41e797,99.5643%,2,457,459,203,2,0,254
0x403f3d,0%,2,0,2,0,0,2,0
0x4bbec2,99.8899%,2,1814,1816,1814,2,0,0
0x4a83ea,99.8958%,2,1917,1919,0,0,2,1917
0x420970,99.9177%,2,2428,2430,2428,2,0,0
0x41fe16,88.8889%,2,16,18,4,2,0,12
0x403e86,0%,2,0,2,0,2,0,0
0x4a4882,99.8534%,2,1362,1364,0,0,2,1362
0x460c1e,0%,2,0,2,0,2,0,0
0x4205b1,98.9899%,2,196,198,196,1,1,0
0x41eacf,96.5517%,2,56,58,0,2,0,56
0x4061dd,98.1132%,2,104,106,104,1,1,0
0x41ef0c,93.1034%,2,27,29,27,2,0,0
0x453d71,71.4286%,2,5,7,0,0,2,5
0x49572b,50%,2,2,4,2,1,1,0
0x4a5e58,99.904%,2,2082,2084,0,0,2,2082
0x4205ac,99.1189%,2,225,227,28,1,1,197
0x446a53,50%,2,2,4,0,2,0,2
0x4a62f5,98.8827%,2,177,179,177,2,0,0
0x402747,99.5643%,2,457,459,0,0,2,457
0x4a6405,99.7567%,2,820,822,0,0,2,820
0x4296f7,50%,2,2,4,2,2,0,0
0x420486,0%,2,0,2,0,2,0,0
0x4945ec,0%,2,0,2,0,1,1,0
0x44b4b6,87.5%,2,14,16,14,0,2,0
0x4a63b7,50%,2,2,4,0,2,0,2
0x4f0cfa,50%,2,2,4,0,2,0,2
0x403e99,0%,2,0,2,0,2,0,0
0x4a6c94,60%,2,3,5,3,2,0,0
0x4a5c95,95%,2,38,40,0,0,2,38
0x404757,99.1632%,2,237,239,0,0,2,237
0x4a7dc3,99.9178%,2,2431,2433,0,0,2,2431
0x416acc,99.9059%,2,2123,2125,544,2,0,1579
0x4a6139,99.7234%,2,721,723,0,2,0,721
0x4a5f6f,99.2509%,2,265,267,265,2,0,0
0x404bcd,98.1481%,2,106,108,106,1,1,0
0x4a6078,99.7633%,2,843,845,843,2,0,0
0x41fd7e,50%,2,2,4,1,0,2,1
0x454a22,60%,2,3,5,3,0,2,0
0x404742,99.1632%,2,237,239,237,1,1,0
0x4a840c,99.8958%,2,1917,1919,1917,2,0,0
0x4a5e86,99.9332%,2,2994,2996,0,0,2,2994
0x4150c1,99.8567%,2,1394,1396,1394,2,0,0
0x4a7d87,99.9178%,2,2431,2433,0,0,2,2431
0x4116de,99.5927%,2,489,491,240,2,0,249
0x416d15,99.5643%,2,457,459,457,2,0,0
0x43e3bc,75%,2,6,8,6,2,0,0
0x40ce5a,99.9556%,2,4501,4503,4501,2,0,0
0x4a47da,99.6396%,2,553,555,0,0,2,553
0x4b02bc,71.4286%,2,5,7,0,2,0,5
0x4937c2,50%,2,2,4,2,1,1,0
0x4a63c4,0%,2,0,2,0,2,0,0
0x402ad9,99.5833%,2,478,480,0,0,2,478
0x41e988,33.3333%,2,1,3,0,1,1,1
0x4024c4,92.8571%,1,13,14,13,1,0,0
0x49469e,0%,1,0,1,0,1,0,0
0x4947ff,0%,1,0,1,0,1,0,0
0x41eb6f,66.6667%,1,2,3,2,1,0,0
0x403eb9,0%,1,0,1,0,1,0,0
0x403eeb,50%,1,1,2,1,1,0,0
0x493740,75%,1,3,4,3,1,0,0
0x41ffd5,0%,1,0,1,0,1,0,0
0x4205b7,0%,1,0,1,0,1,0,0
0x4921cf,0%,1,0,1,0,1,0,0
0x4a61a7,50%,1,1,2,1,1,0,0
0x403ed2,50%,1,1,2,1,1,0,0
0x4946cd,0%,1,0,1,0,1,0,0
0x4092a8,0%,1,0,1,0,1,0,0
0x4113dc,99.9928%,1,13842,13843,0,0,1,13842
0x41e91d,99.9981%,1,52479,52480,0,0,1,52479
0x41ffc1,66.6667%,1,2,3,2,1,0,0
0x41f5b6,0%,1,0,1,0,1,0,0
0x494748,0%,1,0,1,0,0,1,0
0x403e73,50%,1,1,2,0,1,0,1
0x494695,50%,1,1,2,0,1,0,1
0x406118,0%,1,0,1,0,0,1,0
0x42018b,50%,1,1,2,0,0,1,1
0x48e60f,0%,1,0,1,0,1,0,0
0x40619b,0%,1,0,1,0,0,1,0
0x454fdd,75%,1,3,4,3,1,0,0
0x4202e6,0%,1,0,1,0,0,1,0
0x406377,99.0566%,1,105,106,105,0,1,0
0x48e62c,0%,1,0,1,0,1,0,0
0x403dde,66.6667%,1,2,3,2,0,1,0
0x4a4795,99.9479%,1,1918,1919,0,0,1,1918
0x4115ec,99.7963%,1,490,491,490,1,0,0
0x4a4a02,50%,1,1,2,1,1,0,0
0x491b04,0%,1,0,1,0,0,1,0
0x45d73b,75%,1,3,4,0,0,1,3
0x405ef2,0%,1,0,1,0,1,0,0
0x45f369,75%,1,3,4,0,0,1,3
0x422be1,75%,1,3,4,0,0,1,3
0x45e59b,75%,1,3,4,0,0,1,3
0x48e475,0%,1,0,1,0,0,1,0
0x48ec2f,0%,1,0,1,0,1,0,0
0x420572,0%,1,0,1,0,0,1,0
0x494a6b,0%,1,0,1,0,1,0,0
0x4929bd,0%,1,0,1,0,0,1,0
0x4029a3,99.7797%,1,453,454,0,0,1,453
0x42011d,66.6667%,1,2,3,0,1,0,2
0x4acdf8,0%,1,0,1,0,0,1,0
0x494aad,0%,1,0,1,0,1,0,0
0x49eccb,83.3333%,1,5,6,0,0,1,5
0x491931,0%,1,0,1,0,1,0,0
0x49196d,0%,1,0,1,0,1,0,0
0x491b50,0%,1,0,1,0,1,0,0
0x43f9f1,50%,1,1,2,1,1,0,0
0x48e95f,0%,1,0,1,0,1,0,0
0x4201db,0%,1,0,1,0,1,0,0
0x45504d,50%,1,1,2,1,1,0,0
0x40244f,99.7812%,1,456,457,0,0,1,456
0x48ed80,0%,1,0,1,0,1,0,0
0x44b7ff,50%,1,1,2,1,1,0,0
0x4929ce,0%,1,0,1,0,0,1,0
0x49296a,0%,1,0,1,0,0,1,0
0x48eb52,75%,1,3,4,0,0,1,3
0x48eea6,0%,1,0,1,0,1,0,0
0x48ee89,0%,1,0,1,0,0,1,0
0x402b50,99.7917%,1,479,480,0,0,1,479
0x494306,0%,1,0,1,0,0,1,0
0x4933e9,0%,1,0,1,0,1,0,0
0x48ed39,0%,1,0,1,0,1,0,0
0x4a640f,99.8783%,1,821,822,0,0,1,821
0x4f0ef5,50%,1,1,2,1,1,0,0
0x4a63eb,99.8783%,1,821,822,0,0,1,821
0x49249b,0%,1,0,1,0,1,0,0
0x402a5c,99.7917%,1,479,480,479,1,0,0
0x421ce0,66.6667%,1,2,3,2,1,0,0
0x404a4e,0%,1,0,1,0,0,1,0
0x493da8,92.3077%,1,12,13,0,1,0,12
0x403f1f,50%,1,1,2,1,1,0,0
0x4f0e21,0%,1,0,1,0,1,0,0
0x48edf3,0%,1,0,1,0,1,0,0
0x493cc8,0%,1,0,1,0,1,0,0
0x493dc6,0%,1,0,1,0,1,0,0
0x4152f4,99.8198%,1,554,555,554,0,1,0
0x48ed30,0%,1,0,1,0,1,0,0
0x4938e4,0%,1,0,1,0,1,0,0
0x4163a0,0%,1,0,1,0,0,1,0
0x46c6bc,87.5%,1,7,8,7,1,0,0
0x493034,0%,1,0,1,0,1,0,0
0x492b43,0%,1,0,1,0,1,0,0
0x492a9d,0%,1,0,1,0,1,0,0
0x42035e,0%,1,0,1,0,1,0,0
0x4047a9,99.5816%,1,238,239,0,0,1,238
0x48e534,0%,1,0,1,0,1,0,0
0x4946c1,0%,1,0,1,0,0,1,0
0x48e523,0%,1,0,1,0,0,1,0
0x494fb4,0%,1,0,1,0,0,1,0
0x49308c,0%,1,0,1,0,0,1,0
0x49458e,0%,1,0,1,0,1,0,0
0x404bbc,99.0741%,1,107,108,107,1,0,0
0x459960,87.5%,1,7,8,7,1,0,0
0x4f0f59,50%,1,1,2,1,1,0,0
0x494823,0%,1,0,1,0,1,0,0
0x4a4863,99.5935%,1,245,246,245,1,0,0
0x48e5d3,0%,1,0,1,0,1,0,0
0x49475d,0%,1,0,1,0,1,0,0
0x454aab,0%,1,0,1,0,0,1,0
0x454ae2,0%,1,0,1,0,1,0,0
0x4f0d24,75%,1,3,4,3,1,0,0
0x49218d,0%,1,0,1,0,1,0,0
0x48ed00,0%,1,0,1,0,1,0,0
0x4c4bfb,99.835%,1,605,606,0,0,1,605
0x4925b6,0%,1,0,1,0,1,0,0
0x48ecd7,0%,1,0,1,0,0,1,0
0x46c6dc,87.5%,1,7,8,0,0,1,7
0x493367,0%,1,0,1,0,1,0,0
0x41e1bb,50%,1,1,2,0,0,1,1
0x4f13b6,0%,1,0,1,0,0,1,0
0x459db9,87.5%,1,7,8,7,1,0,0
0x4f3d14,0%,1,0,1,0,1,0,0
0x492e23,0%,1,0,1,0,1,0,0
0x4a6178,92.8571%,1,13,14,13,1,0,0
0x48e97a,0%,1,0,1,0,1,0,0
0x494b62,66.6667%,1,2,3,0,0,1,2
0x4b0294,85.7143%,1,6,7,0,0,1,6
0x455041,50%,1,1,2,0,0,1,1
0x45e5eb,75%,1,3,4,0,0,1,3
0x48e5a4,0%,1,0,1,0,1,0,0
0x494b81,75%,1,3,4,3,0,1,0
0x4205f6,99.2126%,1,126,127,126,1,0,0
0x49495e,0%,1,0,1,0,1,0,0
0x48ec0e,0%,1,0,1,0,1,0,0
0x43fdb4,50%,1,1,2,1,1,0,0
0x43fc87,50%,1,1,2,1,1,0,0
0x495120,0%,1,0,1,0,1,0,0
0x409264,0%,1,0,1,0,1,0,0
0x429e1b,50%,1,1,2,1,1,0,0
0x4a478d,99.9479%,1,1918,1919,0,0,1,1918
0x43f9c9,50%,1,1,2,1,1,0,0
0x429dc7,50%,1,1,2,1,1,0,0
0x420356,0%,1,0,1,0,0,1,0
0x406354,50%,1,1,2,0,1,0,1
0x494ba3,0%,1,0,1,0,0,1,0
0x40c09c,50%,1,1,2,0,0,1,1
0x49491a,0%,1,0,1,0,1,0,0
0x454c1e,50%,1,1,2,0,0,1,1
0x43faf3,50%,1,1,2,1,1,0,0
0x4a4859,99.8198%,1,554,555,0,0,1,554
0x4f0def,0%,1,0,1,0,1,0,0
0x43fb5c,50%,1,1,2,1,1,0,0
0x43fd2c,50%,1,1,2,1,1,0,0
0x48ebd6,75%,1,3,4,0,1,0,3
0x43fcdd,50%,1,1,2,1,1,0,0
0x45e60e,75%,1,3,4,0,0,1,3
0x4a5fd3,66.6667%,1,2,3,0,1,0,2
0x48e455,0%,1,0,1,0,1,0,0
0x494bac,0%,1,0,1,0,1,0,0
0x493a7f,0%,1,0,1,0,1,0,0
0x49ed04,83.3333%,1,5,6,0,0,1,5
0x4f0e12,0%,1,0,1,0,0,1,0
0x4a48e2,99.9267%,1,1363,1364,0,0,1,1363
0x453d7a,85.7143%,1,6,7,0,0,1,6
0x493d07,0%,1,0,1,0,1,0,0
0x41ec34,66.6667%,1,2,3,0,0,1,2
0x41fd51,66.6667%,1,2,3,0,0,1,2
0x446a76,50%,1,1,2,1,1,0,0
0x4052e3,50%,1,1,2,1,1,0,0
0x411662,99.7963%,1,490,491,0,0,1,490
0x49471b,0%,1,0,1,0,0,1,0
0x46c72b,87.5%,1,7,8,7,1,0,0
0x4a47e9,99.8198%,1,554,555,554,1,0,0
0x409203,66.6667%,1,2,3,0,1,0,2
0x48e4df,0%,1,0,1,0,1,0,0
0x494fa9,0%,1,0,1,0,0,1,0
0x4a48b7,99.9267%,1,1363,1364,1363,1,0,0
0x420569,0%,1,0,1,0,0,1,0
0x4a4945,99.9267%,1,1363,1364,0,1,0,1363
0x4a4807,99.8198%,1,554,555,0,0,1,554
0x40056a,50%,1,1,2,1,1,0,0
0x48e674,0%,1,0,1,0,0,1,0
0x494915,0%,1,0,1,0,0,1,0
0x409236,50%,1,1,2,1,1,0,0
0x40922b,66.6667%,1,2,3,0,1,0,2
0x494d6d,0%,1,0,1,0,1,0,0
0x446a69,50%,1,1,2,0,0,1,1
0x45e5be,75%,1,3,4,0,0,1,3
0x494b75,75%,1,3,4,0,1,0,3
0x4a5cf3,99.7908%,1,477,478,0,0,1,477
0x4a8403,99.9479%,1,1918,1919,0,0,1,1918
0x43fca4,50%,1,1,2,1,1,0,0
0x4a48c3,99.9267%,1,1363,1364,0,0,1,1363
0x404729,99.5816%,1,238,239,238,1,0,0
0x48e597,0%,1,0,1,0,0,1,0
0x40478d,99.5816%,1,238,239,0,0,1,238
0x41edef,99.7821%,1,458,459,204,1,0,254
0x4944d3,0%,1,0,1,0,1,0,0
0x4a7dac,99.9589%,1,2432,2433,0,0,1,2432
0x48eb81,75%,1,3,4,0,0,1,3
0x460c90,50%,1,1,2,1,1,0,0
0x4550a7,50%,1,1,2,1,1,0,0
0x4bbf14,99.7797%,1,453,454,0,0,1,453
0x4a4161,96.875%,1,31,32,0,0,1,31
0x43fb96,50%,1,1,2,0,0,1,1
0x493d93,0%,1,0,1,0,1,0,0
0x45531c,50%,1,1,2,1,1,0,0
0x494a41,0%,1,0,1,0,0,1,0
0x42a3b0,50%,1,1,2,1,1,0,0
0x4a5cfe,99.7908%,1,477,478,0,0,1,477
0x4201a3,99.7409%,1,385,386,0,1,0,385
0x43fd06,50%,1,1,2,1,1,0,0
0x40c164,50%,1,1,2,1,1,0,0
0x42a326,50%,1,1,2,0,0,1,1
0x43fa42,50%,1,1,2,1,1,0,0
0x42a541,50%,1,1,2,0,0,1,1
0x404c6a,99.0566%,1,105,106,105,0,1,0
0x4116c2,99.7963%,1,490,491,490,1,0,0
0x4a49f5,50%,1,1,2,1,1,0,0
0x4052d1,50%,1,1,2,1,1,0,0
0x45f360,75%,1,3,4,0,0,1,3
0x4f098f,75%,1,3,4,3,1,0,0
0x4201ce,66.6667%,1,2,3,0,1,0,2
0x495463,0%,1,0,1,0,1,0,0
0x43fa37,50%,1,1,2,1,1,0,0
0x4201d6,50%,1,1,2,0,1,0,1
0x454a9a,50%,1,1,2,0,1,0,1
0x494624,0%,1,0,1,0,0,1,0
0x400404,66.6667%,1,2,3,2,1,0,0
0x4024f8,100%,0,204,204,0,0,0,204
0x404c44,100%,0,1,1,0,0,0,1
0x4a48d4,100%,0,1364,1364,0,0,0,1364
0x409240,100%,0,1,1,0,0,0,1
0x4043fb,100%,0,1,1,1,0,0,0
0x404bd9,100%,0,1,1,0,0,0,1
0x459da0,100%,0,8,8,0,0,0,8
0x4a4783,100%,0,1919,1919,0,0,0,1919
0x4a6320,100%,0,179,179,0,0,0,179
0x41e97a,100%,0,3,3,0,0,0,3
0x4a4834,100%,0,246,246,246,0,0,0
0x4f13aa,100%,0,1,1,0,0,0,1
0x429dae,100%,0,2,2,0,0,0,2
0x4a6d1e,100%,0,179,179,0,0,0,179
0x4c4b58,100%,0,734,734,734,0,0,0
0x4a40a9,100%,0,19,19,0,0,0,19
0x43e343,100%,0,4,4,4,0,0,0
0x40929d,100%,0,1,1,0,0,0,1
0x4937b2,100%,0,4,4,0,0,0,4
0x404b89,100%,0,1,1,0,0,0,1
0x4a6316,100%,0,179,179,0,0,0,179
0x4a62ea,100%,0,179,179,0,0,0,179
0x43e756,100%,0,26,26,26,0,0,0
0x4f0d17,100%,0,2,2,0,0,0,2
0x4a6c7b,100%,0,5,5,0,0,0,5
0x45a3c1,100%,0,24,24,24,0,0,0
0x4a40b3,100%,0,19,19,0,0,0,19
0x49443e,100%,0,1,1,1,0,0,0
0x4a5c87,100%,0,40,40,40,0,0,0
0x4a488e,100%,0,1364,1364,1364,0,0,0
0x4a491b,100%,0,168,168,0,0,0,168
0x4a4911,100%,0,168,168,0,0,0,168
0x404b9a,100%,0,108,108,0,0,0,108
0x494431,100%,0,1,1,0,0,0,1
0x404760,100%,0,239,239,239,0,0,0
0x43e3a3,100%,0,4,4,4,0,0,0
0x454c72,100%,0,2,2,0,0,0,2
0x4a4478,100%,0,9,9,0,0,0,9
0x494753,100%,0,1,1,0,0,0,1
0x4947bf,100%,0,1,1,1,0,0,0
0x4c4dc8,100%,0,23,23,0,0,0,23
0x421e2a,100%,0,16,16,0,0,0,16
0x49519a,100%,0,1,1,1,0,0,0
0x4f0f46,100%,0,2,2,0,0,0,2
0x4a484f,100%,0,555,555,555,0,0,0
0x459d40,100%,0,8,8,0,0,0,8
0x4a47b7,100%,0,555,555,0,0,0,555
0x402701,100%,0,2,2,0,0,0,2
0x48ec56,100%,0,1,1,1,0,0,0
0x404bab,100%,0,108,108,0,0,0,108
0x48e46c,100%,0,1,1,0,0,0,1
0x4918f0,100%,0,1,1,0,0,0,1
0x493733,100%,0,4,4,0,0,0,4
0x4a60d4,100%,0,1,1,1,0,0,0
0x4a6152,100%,0,35,35,0,0,0,35
0x4c31a4,100%,0,8,8,0,0,0,8
0x422bc6,100%,0,4,4,0,0,0,4
0x43e3ca,100%,0,8,8,0,0,0,8
0x4a6447,100%,0,12,12,0,0,0,12
0x4947de,100%,0,1,1,0,0,0,1
0x4945a7,100%,0,1,1,0,0,0,1
0x4a7df5,100%,0,2433,2433,0,0,0,2433
0x45d744,100%,0,4,4,0,0,0,4
0x494528,100%,0,1,1,0,0,0,1
0x4029de,100%,0,454,454,0,0,0,454
0x41fdc0,100%,0,6,6,0,0,0,6
0x404411,100%,0,1,1,0,0,0,1
0x408c7c,100%,0,1,1,0,0,0,1
0x402c56,100%,0,239,239,0,0,0,239
0x4ace0b,100%,0,1,1,0,0,0,1
0x41fce7,100%,0,6,6,0,0,0,6
0x41edf9,100%,0,254,254,110,0,0,144
0x420243,100%,0,1,1,0,0,0,1
0x4a6ef7,100%,0,534,534,0,0,0,534
0x4956f0,100%,0,1,1,0,0,0,1
0x4201c6,100%,0,3,3,0,0,0,3
0x494a49,100%,0,1,1,0,0,0,1
0x49547e,100%,0,1,1,1,0,0,0
0x48e975,100%,0,1,1,0,0,0,1
0x4b0225,100%,0,2,2,0,0,0,2
0x41e1c9,100%,0,2,2,0,0,0,2
0x49ecd9,100%,0,6,6,0,0,0,6
0x416902,100%,0,1664,1664,0,0,0,1664
0x494544,100%,0,1,1,0,0,0,1
0x43f9b3,100%,0,2,2,0,0,0,2
0x494314,100%,0,1,1,0,0,0,1
0x459935,100%,0,8,8,0,0,0,8
0x4939f7,100%,0,1,1,1,0,0,0
0x409279,100%,0,1,1,0,0,0,1
0x403db4,100%,0,3,3,0,0,0,3
0x4a6d29,100%,0,179,179,0,0,0,179
0x455011,100%,0,4,4,4,0,0,0
0x420136,100%,0,2,2,0,0,0,2
0x491b2e,100%,0,1,1,0,0,0,1
0x494948,100%,0,1,1,0,0,0,1
0x4a628d,100%,0,40,40,40,0,0,0
0x45e5a4,100%,0,4,4,0,0,0,4
0x493078,100%,0,1,1,0,0,0,1
0x491922,100%,0,1,1,0,0,0,1
0x404c0f,100%,0,1,1,1,0,0,0
0x4a4cca,100%,0,1364,1364,0,0,0,1364
0x411667,100%,0,491,491,0,0,0,491
0x49518b,100%,0,1,1,0,0,0,1
0x41f0a2,100%,0,29,29,0,0,0,29
0x4043d5,100%,0,1,1,1,0,0,0
0x4a4fd9,100%,0,4,4,0,0,0,4
0x494618,100%,0,1,1,0,0,0,1
0x494393,100%,0,1,1,1,0,0,0
0x4a5d2d,100%,0,1588,1588,0,0,0,1588
0x48e64f,100%,0,1,1,0,0,0,1
0x41fcda,100%,0,6,6,0,0,0,6
0x459da9,100%,0,8,8,0,0,0,8
0x49371f,100%,0,4,4,4,0,0,0
0x460cd8,100%,0,2,2,0,0,0,2
0x4937e1,100%,0,3,3,0,0,0,3
0x4a4c05,100%,0,1364,1364,0,0,0,1364
0x4947b9,100%,0,1,1,0,0,0,1
0x41efeb,100%,0,29,29,0,0,0,29
0x402905,100%,0,454,454,0,0,0,454
0x4051d8,100%,0,2,2,0,0,0,2
0x49375b,100%,0,1,1,0,0,0,1
0x495711,100%,0,4,4,0,0,0,4
0x41ebc0,100%,0,3,3,0,0,0,3
0x4a5d19,100%,0,478,478,478,0,0,0
0x49487a,100%,0,1,1,1,0,0,0
0x4202a8,100%,0,1,1,0,0,0,1
0x4a4049,100%,0,247,247,0,0,0,247
0x48e61e,100%,0,1,1,0,0,0,1
0x41fb77,100%,0,6,6,0,0,0,6
0x40371d,100%,0,2,2,0,0,0,2
0x41ec84,100%,0,3,3,0,0,0,3
0x41ecb5,100%,0,3,3,0,0,0,3
0x494b1c,100%,0,1,1,0,0,0,1
0x460d09,100%,0,2,2,0,0,0,2
0x4bbe6e,100%,0,454,454,0,0,0,454
0x4a4cbe,100%,0,1364,1364,0,0,0,1364
0x4a4f6b,100%,0,5,5,0,0,0,5
0x4a4fee,100%,0,4,4,0,0,0,4
0x460c80,100%,0,2,2,0,0,0,2
0x4a4fe7,100%,0,4,4,0,0,0,4
0x4a4f64,100%,0,5,5,0,0,0,5
0x491915,100%,0,1,1,0,0,0,1
0x48e545,100%,0,1,1,0,0,0,1
0x43fcff,100%,0,2,2,0,0,0,2
0x4f13b1,100%,0,1,1,0,0,0,1
0x48e50d,100%,0,1,1,0,0,0,1
0x48e4d1,100%,0,1,1,0,0,0,1
0x45333a,100%,0,2,2,0,0,0,2
0x4bbed8,100%,0,454,454,454,0,0,0
0x40286c,100%,0,454,454,454,0,0,0
0x41ec3d,100%,0,3,3,0,0,0,3
0x4061e6,100%,0,1,1,0,0,0,1
0x4bd1f1,100%,0,5,5,0,0,0,5
0x49210e,100%,0,1,1,0,0,0,1
0x494956,100%,0,1,1,0,0,0,1
0x4f13af,100%,0,1,1,0,0,0,1
0x494a59,100%,0,1,1,0,0,0,1
0x40479f,100%,0,239,239,0,0,0,239
0x4a4963,100%,0,931,931,0,0,0,931
0x4a4cd7,100%,0,1364,1364,1364,0,0,0
0x41f2b5,100%,0,3,3,3,0,0,0
0x405269,100%,0,2,2,2,0,0,0
0x403f01,100%,0,1,1,0,0,0,1
0x4a49a3,100%,0,1363,1363,0,0,0,1363
0x48e690,100%,0,1,1,0,0,0,1
0x49219a,100%,0,1,1,1,0,0,0
0x4a5ef8,100%,0,278,278,0,0,0,278
0x43fc8f,100%,0,2,2,0,0,0,2
0x45f229,100%,0,4,4,0,0,0,4
0x4f0924,100%,0,1,1,1,0,0,0
0x416cbc,100%,0,459,459,0,0,0,459
0x492e78,100%,0,1,1,0,0,0,1
0x4549f0,100%,0,5,5,0,0,0,5
0x48e777,100%,0,4,4,0,0,0,4
0x404bed,100%,0,1,1,0,0,0,1
0x454aca,100%,0,1,1,0,0,0,1
0x49ecba,100%,0,6,6,0,0,0,6
0x48e666,100%,0,1,1,0,0,0,1
0x453d92,100%,0,7,7,7,0,0,0
0x48e58b,100%,0,1,1,1,0,0,0
0x41fd17,100%,0,6,6,0,0,0,6
0x4047b0,100%,0,239,239,239,0,0,0
0x4f0cdb,100%,0,4,4,0,0,0,4
0x40290a,100%,0,454,454,0,0,0,454
0x41eff0,100%,0,29,29,0,0,0,29
0x41e1fc,100%,0,511,511,0,0,0,511
0x4061bb,100%,0,106,106,0,0,0,106
0x4552ff,100%,0,2,2,0,0,0,2
0x40c1b8,100%,0,2,2,0,0,0,2
0x45532b,100%,0,2,2,2,0,0,0
0x454c37,100%,0,2,2,0,0,0,2
0x45503a,100%,0,2,2,0,0,0,2
0x493cbb,100%,0,1,1,0,0,0,1
0x48ebc4,100%,0,4,4,0,0,0,4
0x4a40d4,100%,0,2,2,0,0,0,2
0x4a4157,100%,0,32,32,0,0,0,32
0x4061cc,100%,0,106,106,106,0,0,0
0x41ede6,100%,0,459,459,0,0,0,459
0x460c73,100%,0,2,2,0,0,0,2
0x4061aa,100%,0,106,106,0,0,0,106
0x44b711,100%,0,2,2,2,0,0,0
0x49297a,100%,0,1,1,1,0,0,0
0x454fd4,100%,0,4,4,0,0,0,4
0x455058,100%,0,2,2,0,0,0,2
0x454c48,100%,0,2,2,0,0,0,2
0x406113,100%,0,1,1,0,0,0,1
0x48e682,100%,0,1,1,0,0,0,1
0x4a4486,100%,0,9,9,0,0,0,9
0x494af3,100%,0,1,1,0,0,0,1
0x42a368,100%,0,2,2,0,0,0,2
0x454c4d,100%,0,2,2,0,0,0,2
0x446aa7,100%,0,2,2,0,0,0,2
0x43fd66,100%,0,2,2,2,0,0,0
0x4a496d,100%,0,931,931,0,0,0,931
0x429f4b,100%,0,2,2,0,0,0,2
0x42a546,100%,0,2,2,0,0,0,2
0x42a340,100%,0,2,2,0,0,0,2
0x42a34d,100%,0,2,2,0,0,0,2
0x4a5f8b,100%,0,26,26,0,0,0,26
0x42a35d,100%,0,2,2,0,0,0,2
0x48e47f,100%,0,1,1,0,0,0,1
0x460c13,100%,0,2,2,0,0,0,2
0x41eb2e,100%,0,3,3,0,0,0,3
0x420686,100%,0,1,1,0,0,0,1
0x460b0f,100%,0,2,2,0,0,0,2
0x420637,100%,0,1,1,0,0,0,1
0x41e290,100%,0,2,2,0,0,0,2
0x492e6f,100%,0,1,1,0,0,0,1
0x460c5f,100%,0,2,2,0,0,0,2
0x460c68,100%,0,2,2,0,0,0,2
0x494363,100%,0,1,1,0,0,0,1
0x4920ef,100%,0,1,1,0,0,0,1
0x45994a,100%,0,8,8,8,0,0,0
0x460ad6,100%,0,2,2,0,0,0,2
0x494282,100%,0,1,1,0,0,0,1
0x49510d,100%,0,1,1,0,0,0,1
0x4a6274,100%,0,67,67,0,0,0,67
0x49309f,100%,0,1,1,1,0,0,0
0x492124,100%,0,1,1,1,0,0,0
0x4f0945,100%,0,1,1,0,0,0,1
0x493d8d,100%,0,1,1,0,0,0,1
0x4a4491,100%,0,9,9,0,0,0,9
0x41e261,100%,0,2,2,1,0,0,1
0x4a4058,100%,0,247,247,247,0,0,0
0x4949f5,100%,0,1,1,1,0,0,0
0x45f220,100%,0,4,4,0,0,0,4
0x49424e,100%,0,1,1,0,0,0,1
0x494648,100%,0,1,1,0,0,0,1
0x40c1a2,100%,0,2,2,2,0,0,0
0x41e784,100%,0,459,459,459,0,0,0
0x4a4f56,100%,0,5,5,0,0,0,5
0x460bdb,100%,0,2,2,0,0,0,2
0x45d75e,100%,0,4,4,0,0,0,4
0x40373a,100%,0,459,459,0,0,0,459
0x402481,100%,0,11896,11896,0,0,0,11896
0x4c4af8,100%,0,625,625,0,0,0,625
0x403776,100%,0,457,457,457,0,0,0
0x4f0f1c,100%,0,2,2,2,0,0,0
0x402508,100%,0,443,443,0,0,0,443
0x492a84,100%,0,1,1,0,0,0,1
0x4c31c9,100%,0,8,8,0,0,0,8
0x493b9f,100%,0,1,1,0,0,0,1
0x41e199,100%,0,2,2,0,0,0,2
0x416a90,100%,0,568,568,0,0,0,568
0x4a47c8,100%,0,555,555,0,0,0,555
0x41fbe5,100%,0,5,5,5,0,0,0
0x45a400,100%,0,24,24,0,0,0,24
0x4955b3,100%,0,1,1,0,0,0,1
0x40279d,100%,0,459,459,240,0,0,219
0x49437b,100%,0,1,1,0,0,0,1
0x402b34,100%,0,480,480,480,0,0,0
0x402b11,100%,0,480,480,0,0,0,480
0x494352,100%,0,1,1,0,0,0,1
0x491908,100%,0,1,1,0,0,0,1
0x409e27,100%,0,239,239,0,0,0,239
0x4942f6,100%,0,1,1,0,0,0,1
0x429714,100%,0,4,4,0,0,0,4
0x48ebb0,100%,0,4,4,0,0,0,4
0x4a616b,100%,0,14,14,0,0,0,14
0x45e5f4,100%,0,4,4,0,0,0,4
0x4a7ddb,100%,0,2433,2433,0,0,0,2433
0x494518,100%,0,1,1,0,0,0,1
0x4c4b02,100%,0,625,625,625,0,0,0
0x45a40e,100%,0,24,24,24,0,0,0
0x404bfe,100%,0,1,1,0,0,0,1
0x48ee55,100%,0,1,1,0,0,0,1
0x48ed77,100%,0,1,1,0,0,0,1
0x40c0a4,100%,0,2,2,0,0,0,2
0x4026c7,100%,0,2,2,0,0,0,2
0x405243,100%,0,2,2,2,0,0,0
0x4a52a3,100%,0,1364,1364,1364,0,0,0
0x446a3e,100%,0,4,4,0,0,0,4
0x4a6341,100%,0,179,179,179,0,0,0
0x43fb69,100%,0,2,2,2,0,0,0
0x43fc63,100%,0,2,2,0,0,0,2
0x43fc6e,100%,0,2,2,0,0,0,2
0x48ecf7,100%,0,1,1,0,0,0,1
0x4921c2,100%,0,1,1,0,0,0,1
0x4921b4,100%,0,1,1,0,0,0,1
0x402949,100%,0,454,454,0,0,0,454
0x40477b,100%,0,239,239,0,0,0,239
0x4019ff,100%,0,4,4,0,0,0,4
0x4a4bf0,100%,0,1364,1364,1364,0,0,0
0x4f2042,100%,0,1,1,1,0,0,0
0x4a48ab,100%,0,1364,1364,0,0,0,1364
0x42a3da,100%,0,2,2,2,0,0,0
0x4938b3,100%,0,1,1,0,0,0,1
0x4549aa,100%,0,5,5,5,0,0,0
0x4a60a3,100%,0,1,1,1,0,0,0
0x492aad,100%,0,1,1,0,0,0,1
0x4950dd,100%,0,1,1,1,0,0,0
0x4c4b4e,100%,0,734,734,0,0,0,734
0x4a6ef0,100%,0,534,534,0,0,0,534
0x404a3f,100%,0,1,1,0,0,0,1
0x45f3b0,100%,0,4,4,0,0,0,4
0x4a6337,100%,0,179,179,0,0,0,179
0x492b33,100%,0,1,1,0,0,0,1
0x45f3b9,100%,0,4,4,0,0,0,4
0x422bfc,100%,0,4,4,0,0,0,4
0x493218,100%,0,1,1,0,0,0,1
0x4552fa,100%,0,2,2,0,0,0,2
