Branch PC,Accuracy,Mispredictions,Correct Predictions,Total,dir_t_pred_t,dir_t_pred_nt,dir_nt_pred_t,dir_nt_pred_nt
aggregate,90.014%,2058744,18557602,20616346,9615012,797795,1260949,8942590
0x40bda5,72.9803%,129311,349270,478581,296499,34828,94483,52771
0x41683b,49.9063%,94381,94028,188409,47121,47182,47199,46907
0x40cc3f,76.34%,83803,270394,354197,227287,26661,57142,43107
0x40971d,75.5598%,79771,246622,326393,152461,33847,45924,94161
0x40cf70,69.5711%,72348,165413,237761,136029,20753,51595,29384
0x4164ea,87.6096%,70971,501821,572792,50613,55269,15702,451208
0x40c966,65.7415%,62715,120349,183064,60959,30662,32053,59390
0x40bbbf,65.3861%,60917,115073,175990,62799,28684,32233,52274
0x40bbb6,82.6735%,45212,215729,260941,54685,30266,14946,161044
0x40f70f,66.3881%,39570,78156,117726,58142,13894,25676,20014
0x40cfb4,76.2666%,39426,126694,166120,117967,7822,31604,8727
0x40f6e4,67.24%,38567,79159,117726,45003,18458,20109,34156
0x40cdd3,85.6245%,38508,229364,267872,186822,7978,30530,42542
0x416298,68.4028%,37984,82229,120213,17481,27809,10175,64748
0x40be17,74.8618%,37017,110237,147254,102147,6488,30529,8090
0x40f73a,70.3923%,34856,82870,117726,71418,9351,25505,11452
0x409544,77.1981%,31688,107283,138971,5883,25602,6086,101400
0x416416,73.9707%,30914,87852,118766,57104,14625,16289,30748
0x40b6d4,78.8958%,30226,112997,143223,107225,5934,24292,5772
0x402e0b,71.5513%,30091,75682,105773,30425,15193,14898,45257
0x40f765,75.1312%,29277,88449,117726,76216,7924,21353,12233
0x40b676,79.8376%,28877,114345,143222,106528,5879,22998,7817
0x40b734,80.0912%,28514,114709,143223,109203,4764,23750,5506
0x40ccb5,88.8221%,28185,223964,252149,215956,4594,23591,8008
0x40b5f6,81.1223%,27037,116185,143222,105109,6191,20846,11076
0x40cff1,80.5095%,26159,108055,134214,103149,4609,21550,4906
0x40cc72,79.4581%,22541,87191,109732,36860,8344,14197,50331
0x416558,81.1452%,22476,96730,119206,64405,8328,14148,32325
0x40b796,84.5919%,22068,121155,143223,63192,6489,15579,57963
0x41651f,81.8791%,21333,96393,117726,80787,3562,17771,15606
0x40d02e,82.297%,20034,93133,113167,90138,3352,16682,2995
0x40bc9b,73.5513%,19334,53766,73100,17241,11505,7829,36525
0x409489,74.2483%,17659,50915,68574,1117,15281,2378,49798
0x40f024,73.9921%,17417,49551,66968,41201,5104,12313,8350
0x4096b4,73.7087%,16950,47520,64470,7836,11727,5223,39684
0x402e1a,73.1593%,16146,44009,60155,37629,4379,11767,6380
0x41136c,84.5053%,16114,87883,103997,48962,5441,10673,38921
0x40f088,76.002%,16071,50897,66968,42273,4839,11232,8624
0x40cded,78.2434%,15898,57174,73072,53778,3278,12620,3396
0x40ef8e,76.9173%,15458,51510,66968,41392,5172,10286,10118
0x40ef5c,76.9412%,15442,51526,66968,48749,2842,12600,2777
0x40f056,77.5863%,15010,51958,66968,46727,3177,11833,5231
0x40efc0,77.9402%,14773,52195,66968,46072,3374,11399,6123
0x40eff2,79.4827%,13740,53228,66968,39769,5237,8503,13459
0x40f0ba,79.7291%,13575,53393,66968,46542,3405,10170,6851
0x4094d0,80.3643%,13465,55109,68574,1785,11296,2169,53324
0x411488,86.496%,13385,85734,99119,72155,4542,8843,13579
0x40cf60,94.9423%,12844,241104,253948,236547,1214,11630,4557
0x4094ed,71.2661%,12838,31841,44679,30256,2516,10322,1585
0x40b69d,85.9333%,12708,77633,90341,4673,9711,2997,72960
0x40caeb,72.3091%,12673,33093,45766,25382,4368,8305,7711
0x40bbd7,85.0699%,12617,71890,84507,67322,3140,9477,4568
0x40cf7a,84.8541%,12265,68714,80979,67557,1620,10645,1157
0x40b6fd,88.0865%,12223,90375,102598,3403,9669,2554,86972
0x40b75d,87.7533%,11313,81063,92376,3388,8441,2872,77675
0x41de07,82.4558%,11309,53151,64460,32347,5643,5666,20804
0x40ccf3,95.4414%,10054,210496,220550,163154,3105,6949,47342
0x40ce0a,63.9701%,10012,17776,27788,5989,5783,4229,11787
0x4095f9,71.684%,9961,25217,35178,6196,6649,3312,19021
0x41ddeb,84.8748%,9794,54959,64753,32386,4770,5024,22573
0x40cfa4,94.7283%,9391,168750,178141,164956,1164,8227,3794
0x40cfbe,76.9259%,9306,31025,40331,28946,2190,7116,2079
0x40c98c,90.0103%,9134,82300,91434,81204,1188,7946,1096
0x411385,81.768%,9042,40552,49594,29038,2536,6506,11514
0x40d021,92.9958%,8637,114674,123311,112151,1016,7621,2523
0x40cffb,68.5516%,8320,18136,26456,15482,2496,5824,2654
0x4113d4,83.2997%,8187,40836,49023,28397,3241,4946,12439
0x40b63b,88.5619%,7385,57180,64565,2558,5886,1499,54622
0x416018,89.2083%,7227,59741,66968,16993,2795,4432,42748
0x40cfe4,94.9613%,7224,136145,143369,133451,763,6461,2694
0x40bc89,92.509%,6853,84630,91483,14434,3949,2904,70196
0x409640,80.6811%,6796,28382,35178,3992,4642,2154,24390
0x40bc4b,72.4397%,6787,17839,24626,7120,3461,3326,10719
0x411414,86.266%,6646,41745,48391,30090,2559,4087,11655
0x41ee6f,91.3508%,6595,69655,76250,69644,75,6520,11
0x40d038,67.5255%,6390,13287,19677,4266,3977,2413,9021
0x40b609,80.349%,6273,25649,31922,23311,1510,4763,2338
0x416578,86.986%,6048,40425,46473,22242,1897,4151,18183
0x402e47,94.6187%,5692,100081,105773,99750,456,5236,331
0x40f115,91.6064%,5621,61347,66968,61334,150,5471,13
0x40965d,70.2637%,5616,13270,18886,11805,1589,4027,1465
0x416598,80.8774%,5244,22179,27423,21392,942,4302,787
0x41eec2,91.2103%,4494,46634,51128,46633,25,4469,1
0x41e892,94.1522%,4449,71631,76080,28689,1010,3439,42942
0x40cf67,73.2069%,4337,11850,16187,7607,1950,2387,4243
0x40ce1e,73.3079%,4275,11741,16016,821,3230,1045,10920
0x40cd08,92.2934%,4184,50107,54291,24733,2258,1926,25374
0x411450,91.3487%,4015,42394,46409,29773,1518,2497,12621
0x40be26,96.4201%,3889,104746,108635,104662,327,3562,84
0x409e64,57.876%,3792,5210,9002,4113,1380,2412,1097
0x40ce32,69.8872%,3603,8362,11965,2311,2076,1527,6051
0x409e93,59.9978%,3601,5401,9002,4651,1091,2510,750
0x40ce46,64.0011%,2728,4850,7578,2136,1369,1359,2714
0x41ee22,91.1588%,2707,27911,30618,27911,21,2686,0
0x40cd39,98.9247%,2624,241392,244016,186551,1070,1554,54841
0x416895,97.9987%,2577,126190,128767,125988,94,2483,202
0x40bb0e,96.3194%,2489,65135,67624,65117,118,2371,18
0x40cfab,80.6089%,2331,9690,12021,7509,876,1455,2181
0x40f1d2,60.5281%,2317,3553,5870,3047,648,1669,506
0x40be1b,94.3681%,2175,36444,38619,36373,273,1902,71
0x4a623e,95.0578%,2170,41738,43908,39279,321,1849,2459
0x4113a4,91.8449%,1777,20013,21790,11754,795,982,8259
0x4113e4,91.3097%,1763,18524,20287,10771,779,984,7753
0x40f1fb,57.6329%,1754,2386,4140,1877,577,1177,509
0x40cfeb,82.8181%,1573,7582,9155,6645,430,1143,937
0x41646f,98.7392%,1503,117703,119206,101,1379,124,117602
0x402c7e,97.8521%,1493,68017,69510,60090,660,833,7927
0x40ca73,70.0496%,1449,3389,4838,973,920,529,2416
0x40ca4b,81.6267%,1387,6162,7549,583,981,406,5579
0x40f224,52.0766%,1327,1442,2769,544,741,586,898
0x40cc58,99.483%,1313,252635,253948,108913,819,494,143722
0x411464,93.1397%,1304,17704,19008,8873,780,524,8831
0x40ceab,91.9393%,1291,14725,16016,9476,575,716,5249
0x40d028,87.362%,1282,8862,10144,1128,1017,265,7734
0x40ca16,75.093%,1272,3835,5107,2602,455,817,1233
0x411424,93.4166%,1271,18035,19306,8931,738,533,9104
0x40ca5f,79.9332%,1201,4784,5985,183,964,237,4601
0x40ca87,64.4143%,1048,1897,2945,947,532,516,950
0x40bcb7,99.6398%,940,260002,260942,195331,375,565,64671
0x40bd04,98.5683%,934,64302,65236,64211,81,853,91
0x40249c,97.9708%,928,44804,45732,44804,2,926,0
0x409733,99.3418%,922,139163,140085,0,900,22,139163
0x41142c,90.5157%,914,8723,9637,3050,514,400,5673
0x416a0f,99.3268%,867,127915,128782,127914,17,850,1
0x40b845,65.2156%,831,1558,2389,1325,275,556,233
0x4096bc,98.1762%,819,44088,44907,28935,357,462,15153
0x40ca24,84.4331%,795,4312,5107,558,558,237,3754
0x40b8c1,83.7867%,751,3881,4632,3676,167,584,205
0x4c4a96,88.3975%,711,5417,6128,2667,316,395,2750
0x402ea3,99.5519%,708,157288,157996,253,682,26,157035
0x40cad7,99.616%,703,182361,183064,137032,266,437,45329
0x409653,98.2698%,691,39247,39938,20656,396,295,18591
0x416427,98.5375%,690,46490,47180,77,630,60,46413
0x4113ec,92.1254%,688,8049,8737,2497,405,283,5552
0x4113ac,92.5874%,685,8556,9241,3394,376,309,5162
0x41146c,92.7418%,679,8676,9355,3542,348,331,5134
0x4c4e72,96.8265%,622,18978,19600,16603,234,388,2375
0x40bd78,78.6111%,616,2264,2880,1638,298,318,626
0x40cebb,90.2598%,581,5384,5965,71,501,80,5313
0x409749,99.584%,579,138606,139185,3,567,12,138603
0x40c995,93.685%,571,8471,9042,4804,247,324,3667
0x40ceec,99.7936%,553,267319,267872,200694,210,343,66625
0x40b8df,77.0615%,548,1841,2389,1510,197,351,331
0x40f160,91.4329%,510,5443,5953,7,462,48,5436
0x4c4c56,97.4991%,500,19493,19993,17214,202,298,2279
0x40ccc4,98.6457%,490,35690,36180,999,327,163,34691
0x41e857,99.4043%,485,80925,81410,0,484,1,80925
0x40f1e7,78.3448%,471,1704,2175,1673,57,414,31
0x41eea2,99.4085%,451,75799,76250,75799,2,449,0
0x40f067,97.5035%,426,16638,17064,3716,313,113,12922
0x41e917,99.4493%,419,75661,76080,31,417,2,75630
0x40b96d,82.5869%,416,1973,2389,1766,87,329,207
0x40f63e,76.247%,400,1284,1684,1258,50,350,26
0x4a6247,90.7846%,397,3911,4308,2731,196,201,1180
0x40f68e,76.9002%,389,1295,1684,1283,35,354,12
0x40f666,77.4347%,380,1304,1684,1292,49,331,12
0x40f610,77.7316%,375,1309,1684,1301,28,347,8
0x40efd1,97.8998%,368,17154,17522,4591,249,119,12563
0x40f210,79.656%,343,1343,1686,1298,73,270,45
0x409eb5,96.2231%,340,8662,9002,8662,47,293,0
0x41169f,45.0567%,339,278,617,157,140,199,121
0x41ee8e,94.8859%,334,6197,6531,2262,194,140,3935
0x4a602d,90.1804%,332,3049,3381,489,219,113,2560
0x4a5e65,97.1225%,331,11172,11503,2746,227,104,8426
0x401ce1,91.2753%,327,3421,3748,2565,106,221,856
0x40b94c,75.6881%,318,990,1308,459,167,151,531
0x4164f5,99.9452%,314,572478,572792,24565,210,104,547913
0x402e4f,94.4854%,307,5260,5567,5229,45,262,31
0x40b9dc,67.4121%,306,633,939,224,179,127,409
0x41eee2,99.4015%,306,50822,51128,50822,2,304,0
0x402ceb,99.5742%,296,69214,69510,3,289,7,69211
0x41ddf9,99.546%,294,64459,64753,0,293,1,64459
0x40f0cb,98.2903%,291,16730,17021,4785,193,98,11945
0x40954c,99.7321%,288,107198,107486,70305,92,196,36893
0x4a612d,93.3565%,287,4033,4320,1853,137,150,2180
0x41e613,77.443%,277,951,1228,320,143,134,631
0x401d5a,92.9029%,266,3482,3748,2683,128,138,799
0x4c4e7f,90.3728%,266,2497,2763,1442,108,158,1055
0x40cccc,99.2454%,263,34591,34854,4392,189,74,30199
0x41fbc9,84.7953%,260,1450,1710,346,147,113,1104
0x40976b,99.8146%,257,138358,138615,0,247,10,138358
0x41ea77,78.4215%,257,934,1191,297,138,119,637
0x40ef6d,98.3352%,256,15121,15377,3273,164,92,11848
0x40f099,98.7158%,255,19601,19856,6871,157,98,12730
0x401d13,90.79%,246,2425,2671,2169,53,193,256
0x4a5f2b,91.8232%,235,2639,2874,997,120,115,1642
0x4c4c63,90.8809%,235,2342,2577,1615,109,126,727
0x416026,99.5061%,233,46947,47180,2,206,27,46945
0x40f003,98.9937%,221,21741,21962,8815,143,78,12926
0x40ce7e,98.6264%,220,15796,16016,7775,107,113,8021
0x40b768,99.7835%,200,92176,92376,18076,102,98,74100
0x4164fc,99.9637%,199,547818,548017,455012,54,145,92806
0x4a5ecb,94.7354%,196,3527,3723,2825,49,147,702
0x4a5eba,95.9669%,195,4640,4835,971,141,54,3669
0x4a6004,94.6605%,195,3457,3652,104,167,28,3353
0x40f239,86.9272%,194,1290,1484,1268,50,144,22
0x4a4951,96.1538%,192,4800,4992,2039,127,65,2761
0x41ee45,99.386%,188,30430,30618,30430,6,182,0
0x415fc1,99.7276%,185,67726,67911,772,171,14,66954
0x4094e3,99.8006%,176,88089,88265,43461,125,51,44628
0x40b9fd,92.6748%,175,2214,2389,525,139,36,1689
0x40f035,99.1628%,173,20490,20663,8069,93,80,12421
0x4a48fa,96.598%,170,4827,4997,3108,111,59,1719
0x420372,89.4406%,168,1423,1591,1397,44,124,26
0x4a5ee6,91.8108%,161,1805,1966,1391,65,96,414
0x40b708,99.845%,159,102439,102598,19808,68,91,82631
0x4162a4,99.7878%,159,74764,74923,73120,15,144,1644
0x4204a2,91.3661%,158,1672,1830,1652,32,126,20
0x40b6a8,99.8273%,156,90185,90341,16354,78,78,73831
0x4024c4,57.423%,152,205,357,156,34,118,49
0x41688c,99.9051%,149,156779,156928,91276,145,4,65503
0x40ef9f,99.2747%,148,20256,20404,7682,90,58,12574
0x4169fc,99.9094%,144,158840,158984,93312,140,4,65528
0x40f24d,90.0758%,144,1307,1451,10,98,46,1297
0x42032f,94.4751%,140,2394,2534,57,120,20,2337
0x409eba,52.5597%,139,154,293,78,72,67,76
0x41fca9,91.9298%,138,1572,1710,1384,41,97,188
0x4a49b8,97.2556%,137,4855,4992,1105,74,63,3750
0x4a482f,85.8342%,135,818,953,366,95,40,452
0x41687b,99.9405%,131,219978,220109,63105,76,55,156873
0x4024b5,86.2851%,127,799,926,183,94,33,616
0x4a5c55,98.3053%,126,7309,7435,5523,52,74,1786
0x40ca2e,96.868%,125,3866,3991,3024,33,92,842
0x40b6b1,99.8322%,124,73785,73909,59467,58,66,14318
0x420425,91.3793%,120,1272,1392,1187,28,92,85
0x4a4119,86.711%,120,783,903,317,96,24,466
0x42033d,94.9512%,119,2238,2357,526,88,31,1712
0x4a6424,96.2077%,111,2816,2927,137,74,37,2679
0x4a47a5,98.1849%,108,5842,5950,4945,52,56,897
0x4091bf,87.4854%,107,748,855,743,14,93,5
0x40ba84,86.0131%,107,658,765,13,88,19,645
0x41f071,96.5359%,106,2954,3060,2944,20,86,10
0x401d3b,76.8707%,102,339,441,93,52,50,246
0x416abb,98.6974%,100,7577,7677,3340,63,37,4237
0x4a5fd3,91.0474%,100,1017,1117,541,69,31,476
0x4152e4,91.9118%,99,1125,1224,57,74,25,1068
0x42045f,96.4129%,98,2634,2732,11,85,13,2623
0x4a64b6,96.5996%,98,2784,2882,181,76,22,2603
0x4a5f94,92.8727%,98,1277,1375,423,47,51,854
0x420555,93.177%,96,1311,1407,1288,23,73,23
0x41686d,99.9573%,94,220094,220188,0,79,15,220094
0x41f60e,61.4754%,94,150,244,35,57,37,115
0x4a5e97,98.9097%,93,8437,8530,4414,25,68,4023
0x40f262,93.2241%,91,1252,1343,46,70,21,1206
0x4a5cea,98.0222%,89,4411,4500,3740,43,46,671
0x41e314,89.5487%,88,754,842,747,14,74,7
0x41f609,73.3945%,87,240,327,30,53,34,210
0x41fc03,92.6083%,87,1090,1177,1080,27,60,10
0x420344,95.0086%,87,1656,1743,98,54,33,1558
0x4a5cd0,98.8626%,84,7301,7385,2853,32,52,4448
0x4c4aa2,97.3609%,83,3062,3145,241,52,31,2821
0x4a5f01,92.4062%,83,1010,1093,874,31,52,136
0x4036f9,93.3007%,82,1142,1224,920,7,75,222
0x4163fd,60.5769%,82,126,208,121,22,60,5
0x4a6146,96.5487%,80,2238,2318,2152,26,54,86
0x4a5e9c,98.0445%,80,4011,4091,3666,36,44,345
0x4a64a9,97.2935%,78,2804,2882,2537,16,62,267
0x4a4983,97.2399%,78,2748,2826,1139,34,44,1609
0x4a41cb,97.6161%,77,3153,3230,2895,12,65,258
0x4a60f6,97.4437%,76,2897,2973,2585,14,62,312
0x4113fb,98.6975%,76,5759,5835,567,65,11,5192
0x4a5f4d,95.7314%,75,1682,1757,535,48,27,1147
0x4a4088,97.7399%,73,3157,3230,356,57,16,2801
0x4a4140,92.2481%,70,833,903,714,33,37,119
0x40b646,99.8931%,69,64496,64565,19837,35,34,44659
0x40f18e,98.8409%,69,5884,5953,0,64,5,5884
0x4c4ba0,97.5318%,68,2687,2755,2544,33,35,143
0x402763,92.7428%,68,869,937,277,20,48,592
0x4169dd,99.9694%,68,222166,222234,0,55,13,222166
0x415f9c,99.9036%,67,69442,69509,1537,61,6,67905
0x420474,96.5973%,67,1902,1969,100,38,29,1802
0x41ea9c,91.2698%,66,690,756,681,26,40,9
0x40b64f,99.8613%,62,44631,44693,39721,23,39,4910
0x41f5e4,93.8976%,62,954,1016,836,28,34,118
0x42046d,97.648%,62,2574,2636,618,49,13,1956
0x4a5ead,98.8153%,61,5088,5149,269,45,16,4819
0x4a418e,93.3555%,60,843,903,34,40,20,809
0x40b771,99.9191%,60,74138,74198,63094,26,34,11044
0x4a5c75,96.9355%,57,1803,1860,1803,7,50,0
0x416948,99.1961%,56,6910,6966,6910,6,50,0
0x41e21f,93.5867%,54,788,842,0,45,9,788
0x41fbda,95.5629%,54,1163,1217,3,37,17,1160
0x4c4dc2,98.1417%,53,2799,2852,2754,9,44,45
0x4a4931,97.0754%,52,1726,1778,59,41,11,1667
0x4a642e,98.0854%,52,2664,2716,2224,18,34,440
0x416ad4,99.2732%,50,6829,6879,6829,3,47,0
0x4a5ff7,98.6494%,50,3652,3702,15,35,15,3637
0x41692b,99.4895%,49,9549,9598,3352,39,10,6197
0x409ed0,67.1329%,47,96,143,92,11,36,4
0x41fcc7,83.5088%,47,238,285,238,23,24,0
0x41fe77,72.1212%,46,119,165,97,20,26,22
0x40b711,99.9444%,46,82676,82722,72520,14,32,10156
0x41e9d3,93.4688%,45,644,689,641,9,36,3
0x402e2a,99.7575%,44,18103,18147,9670,28,16,8433
0x42032a,98.2879%,44,2526,2570,8,28,16,2518
0x4091e7,58.1633%,41,57,98,44,13,28,13
0x41fbe0,96.6015%,40,1137,1177,1063,15,25,74
0x4a49e9,99.1995%,40,4957,4997,4864,6,34,93
0x41fc4f,62.2642%,40,66,106,8,24,16,58
0x420397,81.6901%,39,174,213,164,20,19,10
0x41e61c,96.9055%,38,1190,1228,729,13,25,461
0x4a62c0,98.5764%,37,2562,2599,2544,9,28,18
0x4169eb,99.9833%,37,222142,222179,63166,29,8,158976
0x4a40ed,95.9025%,37,866,903,792,20,17,74
0x4205d7,94.3854%,37,622,659,478,18,19,144
0x4bbda7,99.3169%,36,5234,5270,5197,17,19,37
0x41fc12,67.2727%,36,74,110,14,22,14,60
0x4a493a,97.9738%,34,1644,1678,40,25,9,1604
0x41f51e,97.896%,34,1582,1616,477,22,12,1105
0x4a417c,58.75%,33,47,80,20,19,14,27
0x41fc77,70.9091%,32,78,110,31,12,20,47
0x40ccd1,99.8943%,32,30241,30273,3234,21,11,27007
0x4b0299,64.0449%,32,57,89,21,23,9,36
0x4c4ab1,99.0232%,32,3244,3276,2747,8,24,497
0x41ff27,55.0725%,31,38,69,31,14,17,7
0x4203d3,90.0322%,31,280,311,266,16,15,14
0x41e624,93.8272%,30,456,486,157,25,5,299
0x41e7cb,99.9631%,30,81380,81410,623,16,14,80757
0x4b02bc,66.2921%,30,59,89,29,24,6,30
0x4b024e,97.9875%,29,1412,1441,1412,18,11,0
0x4a60a3,95.2459%,29,581,610,452,12,17,129
0x4a498c,98.2456%,29,1624,1653,894,10,19,730
0x4a5d53,99.0295%,28,2857,2885,2251,2,26,606
0x41e633,96.2264%,28,714,742,259,22,6,455
0x4152f4,97.4382%,28,1065,1093,1059,4,24,6
0x4a4f6b,97.0133%,27,877,904,262,23,4,615
0x42045a,99.0556%,26,2727,2753,4,17,9,2723
0x4a6438,99.1117%,26,2901,2927,2880,2,24,21
0x41e338,96.9121%,26,816,842,816,5,21,0
0x41e9a7,97.0203%,25,814,839,138,12,13,676
0x420349,98.4287%,25,1566,1591,1456,17,8,110
0x4a5f96,97.3481%,24,881,905,756,14,10,125
0x4b02a9,73.0337%,24,65,89,40,8,16,25
0x4a4173,85.2564%,23,133,156,60,16,7,73
0x41f52f,97.9409%,23,1094,1117,1013,14,9,81
0x4a5d72,99.2028%,23,2862,2885,2566,6,17,296
0x4b02cd,74.1573%,23,66,89,66,21,2,0
0x4bbde4,99.1736%,22,2640,2662,36,19,3,2604
0x41edf9,95.4733%,22,464,486,297,7,15,167
0x4a60d4,95.2586%,22,442,464,306,10,12,136
0x41ea3f,97.497%,21,818,839,818,16,5,0
0x4061dd,97.8788%,21,969,990,969,16,5,0
0x4204c7,82.0513%,21,96,117,94,9,12,2
0x41143b,99.6707%,20,6053,6073,1970,12,8,4083
0x40f1b7,99.6604%,20,5869,5889,2,17,3,5867
0x41ec6f,98.0198%,20,990,1010,990,8,12,0
0x4113bb,99.6344%,20,5451,5471,558,13,7,4893
0x40922b,66.0714%,19,37,56,35,7,12,2
0x42059f,98.4727%,19,1225,1244,336,8,11,889
0x41e24d,97.8186%,19,852,871,852,14,5,0
0x409203,66.6667%,19,38,57,0,1,18,38
0x41eacf,95.6322%,19,416,435,1,13,6,415
0x41eca6,99.1133%,18,2012,2030,2012,6,12,0
0x4bbdfa,99.3238%,18,2644,2662,19,15,3,2625
0x402cbd,99.7944%,18,8736,8754,0,15,3,8736
0x41f5b2,98.2473%,18,1009,1027,1007,9,9,2
0x49eca6,81.25%,18,78,96,5,13,5,73
0x4a615f,87.8571%,17,123,140,114,4,13,9
0x409264,55.2632%,17,21,38,15,9,8,6
0x4bbdac,99.3614%,17,2645,2662,2632,13,4,13
0x41eaff,98.5726%,17,1174,1191,1174,10,7,0
0x4a6139,99.2704%,17,2313,2330,0,12,5,2313
0x44b4b6,81.8182%,16,72,88,67,10,6,5
0x41f04b,85.1852%,16,92,108,4,8,8,88
0x41147b,99.7072%,16,5449,5465,1685,8,8,3764
0x420479,99.1808%,15,1816,1831,1781,9,6,35
0x4205ac,98.3333%,15,885,900,232,9,6,653
0x41ebf5,99.2567%,15,2003,2018,2003,3,12,0
0x4c4ba6,91.573%,15,163,178,14,6,9,149
0x41ff5e,68.75%,15,33,48,21,3,12,12
0x401d29,96.882%,14,435,449,0,8,6,435
0x41edef,98.5027%,14,921,935,439,10,4,482
0x41fec5,70.8333%,14,34,48,18,6,8,16
0x49375b,58.8235%,14,20,34,6,9,5,14
0x4bbdbc,99.4741%,14,2648,2662,2631,6,8,17
0x41e213,98.3626%,14,841,855,2,11,3,839
0x41fcda,45.8333%,13,11,24,1,6,7,10
0x40c979,99.9858%,13,91430,91443,4,5,8,91426
0x404c6a,98.9057%,13,1175,1188,1175,7,6,0
0x420281,98.4524%,13,827,840,827,3,10,0
0x41e357,98.4652%,13,834,847,834,8,5,0
0x4203db,94.3662%,12,201,213,28,8,4,173
0x416aad,99.8438%,12,7671,7683,0,6,6,7671
0x41f59e,88.2353%,12,90,102,6,6,6,84
0x41fda9,33.3333%,12,6,18,5,7,5,1
0x4a5d64,98.1013%,12,620,632,5,7,5,615
0x406377,98.9179%,12,1097,1109,1097,7,5,0
0x40929d,50%,12,12,24,1,12,0,11
0x41ea0f,92%,12,138,150,1,5,7,137
0x42034e,89.8305%,12,106,118,0,3,9,106
0x494b81,75%,11,33,44,30,3,8,3
0x493dc1,92.3077%,11,132,143,129,3,8,3
0x42050b,90.5983%,11,106,117,13,8,3,93
0x41e1fc,98.7371%,11,860,871,6,10,1,854
0x401cf4,98.9786%,11,1066,1077,1066,0,11,0
0x459db9,75%,11,33,44,33,11,0,0
0x4f3dc5,69.4444%,11,25,36,17,8,3,8
0x454988,45%,11,9,20,2,9,2,7
0x4205f6,98.6905%,11,829,840,829,1,10,0
0x4f0cfa,75%,11,33,44,6,9,2,27
0x4bbdd3,99.5868%,11,2651,2662,42,9,2,2609
0x402d16,99.9856%,10,69208,69218,69208,9,1,0
0x4a49f5,92.126%,10,117,127,3,7,3,114
0x4092b2,23.0769%,10,3,13,2,9,1,1
0x48e666,40%,9,6,15,4,5,4,2
0x4a4945,99.8199%,9,4988,4997,0,5,4,4988
0x409393,30.7692%,9,4,13,2,0,9,2
0x494b75,79.5455%,9,35,44,4,7,2,31
0x4a62ca,80.4348%,9,37,46,7,5,4,30
0x4116de,98.5413%,9,608,617,296,1,8,312
0x4bbe67,99.8466%,8,5206,5214,2601,6,2,2605
0x4024bb,98.7673%,8,641,649,286,6,2,355
0x40370f,97.3064%,8,289,297,289,3,5,0
0x403dde,27.2727%,8,3,11,2,4,4,1
0x4945ec,63.6364%,8,14,22,6,5,3,8
0x4a634b,76.4706%,8,26,34,21,1,7,5
0x4937c2,81.8182%,8,36,44,6,4,4,30
0x4a62f5,76.4706%,8,26,34,16,5,3,10
0x4a6341,76.4706%,8,26,34,20,1,7,6
0x41fce7,52.9412%,8,9,17,8,3,5,1
0x41fbe5,92.9293%,7,92,99,3,3,4,89
0x40b776,99.9761%,7,29249,29256,11824,5,2,17425
0x454a22,65%,7,13,20,8,1,6,5
0x4093c4,46.1538%,7,6,13,5,6,1,1
0x404bcd,99.3%,7,993,1000,993,2,5,0
0x49572b,84.0909%,7,37,44,27,6,1,10
0x420186,96.4706%,6,164,170,164,4,2,0
0x494753,45.4545%,6,5,11,0,1,5,5
0x4092a8,45.4545%,6,5,11,4,5,1,1
0x41f5b6,45.4545%,6,5,11,0,6,0,5
0x405269,45.4545%,6,5,11,5,6,0,0
0x4201e2,96.4912%,6,165,171,165,5,1,0
0x4026c7,0%,6,0,6,0,1,5,0
0x402c83,99.9315%,6,8754,8760,0,6,0,8754
0x403763,99.3562%,6,926,932,0,6,0,926
0x49196d,45.4545%,6,5,11,5,1,5,0
0x446a53,72.7273%,6,16,22,5,6,0,11
0x4a5c95,88%,6,44,50,0,0,6,44
0x41691d,99.9479%,5,9596,9601,0,3,2,9596
0x48ebd6,88.6364%,5,39,44,1,5,0,38
0x41e300,99.4097%,5,842,847,0,5,0,842
0x4f0f1c,77.2727%,5,17,22,17,5,0,0
0x40041c,44.4444%,5,4,9,2,4,1,2
0x4052f8,54.5455%,5,6,11,2,4,1,4
0x48e5a4,66.6667%,5,10,15,10,5,0,0
0x416d15,99.4664%,5,932,937,932,4,1,0
0x4019ff,66.6667%,5,10,15,0,4,1,10
0x43f9f1,54.5455%,5,6,11,6,5,0,0
0x41e988,58.3333%,5,7,12,5,2,3,2
0x4950dd,50%,5,5,10,0,3,2,5
0x42011d,58.3333%,5,7,12,7,3,2,0
0x4a6ef7,99.777%,5,2237,2242,0,0,5,2237
0x409240,88.0952%,5,37,42,0,4,1,37
0x43fb7c,54.5455%,5,6,11,6,5,0,0
0x48e455,73.3333%,4,11,15,11,4,0,0
0x494314,63.6364%,4,7,11,7,1,3,0
0x460b0f,78.9474%,4,15,19,5,3,1,10
0x4f0ef5,81.8182%,4,18,22,18,4,0,0
0x4f0def,63.6364%,4,7,11,7,4,0,0
0x403e86,33.3333%,4,2,6,2,4,0,0
0x41f5d9,63.6364%,4,7,11,3,3,1,4
0x43fa37,63.6364%,4,7,11,7,4,0,0
0x420222,97.6608%,4,167,171,167,2,2,0
0x4f0cdb,93.1818%,3,41,44,0,1,2,41
0x45504d,72.7273%,3,8,11,8,3,0,0
0x41f0aa,97.2222%,3,105,108,11,1,2,94
0x420356,97.3913%,3,112,115,112,2,1,0
0x420503,82.3529%,3,14,17,1,2,1,13
0x40279d,99.6798%,3,934,937,295,2,1,639
0x4929ce,88.4615%,3,23,26,0,0,3,23
0x4039fd,25%,3,1,4,1,1,2,0
0x49249b,72.7273%,3,8,11,0,1,2,8
0x495120,72.7273%,3,8,11,8,3,0,0
0x41e797,99.6781%,3,929,932,446,2,1,483
0x41fd08,83.3333%,3,15,18,3,3,0,12
0x493740,93.1818%,3,41,44,41,3,0,0
0x4a5f6f,99.6685%,3,902,905,902,3,0,0
0x4bbe98,99.977%,3,13028,13031,2606,0,3,10422
0x408c7c,80%,3,12,15,8,1,2,4
0x48ed39,81.8182%,2,9,11,9,2,0,0
0x49371f,95.4545%,2,42,44,42,2,0,0
0x46c6bc,95.4545%,2,42,44,42,2,0,0
0x420486,94.8718%,2,37,39,37,1,1,0
0x43e3bc,95.4545%,2,42,44,42,2,0,0
0x4061cc,99.798%,2,988,990,988,2,0,0
0x4061bb,99.798%,2,988,990,0,0,2,988
0x4061aa,99.798%,2,988,990,0,0,2,988
0x41fb77,91.6667%,2,22,24,0,0,2,22
0x41ecb5,83.3333%,2,10,12,0,0,2,10
0x4115ec,99.6759%,2,615,617,615,2,0,0
0x48e58b,86.6667%,2,13,15,13,2,0,0
0x4a4fee,96.9231%,2,63,65,0,0,2,63
0x41ef0c,98.1481%,2,106,108,106,2,0,0
0x40933c,84.6154%,2,11,13,0,0,2,11
0x40b716,99.9933%,2,30062,30064,13070,2,0,16992
0x416acc,99.9532%,2,4272,4274,802,2,0,3470
0x4b02e6,97.7528%,2,87,89,87,2,0,0
0x42047e,95.122%,2,39,41,1,1,1,38
0x402701,66.6667%,2,4,6,1,0,2,3
0x404bbc,99.8%,2,998,1000,998,2,0,0
0x420627,99.505%,2,402,404,402,2,0,0
0x494bac,81.8182%,2,9,11,9,1,1,0
0x4f0d24,95.4545%,2,42,44,42,2,0,0
0x40056a,94.5946%,2,35,37,35,2,0,0
0x403aa7,60%,2,3,5,3,2,0,0
0x44b7ff,90.9091%,1,10,11,10,1,0,0
0x494a6b,90.9091%,1,10,11,10,1,0,0
0x4f0924,90.9091%,1,10,11,10,1,0,0
0x49519a,90.9091%,1,10,11,10,1,0,0
0x43e3a3,95.4545%,1,21,22,21,1,0,0
0x403ed2,83.3333%,1,5,6,5,1,0,0
0x4947ff,90.9091%,1,10,11,10,1,0,0
0x49487a,90.9091%,1,10,11,10,1,0,0
0x41fd42,90%,1,9,10,9,1,0,0
0x495010,87.5%,1,7,8,7,1,0,0
0x48ec2f,90.9091%,1,10,11,10,1,0,0
0x454ae2,66.6667%,1,2,3,2,1,0,0
0x403f1f,83.3333%,1,5,6,5,1,0,0
0x420493,0%,1,0,1,0,1,0,0
0x41fbee,98.9247%,1,92,93,92,1,0,0
0x4043fb,0%,1,0,1,0,1,0,0
0x4043d5,0%,1,0,1,0,1,0,0
0x4033bf,0%,1,0,1,0,1,0,0
0x4933e9,90.9091%,1,10,11,10,1,0,0
0x4205b1,99.8483%,1,658,659,658,1,0,0
0x494695,95.4545%,1,21,22,10,1,0,11
0x41ffd5,90%,1,9,10,9,1,0,0
0x4033ea,0%,1,0,1,0,1,0,0
0x494bc6,0%,1,0,1,0,0,1,0
0x49469e,90.9091%,1,10,11,10,1,0,0
0x4549aa,95%,1,19,20,19,1,0,0
0x4201c1,99.4152%,1,170,171,170,1,0,0
0x403e73,83.3333%,1,5,6,2,1,0,3
0x49458e,90.9091%,1,10,11,10,1,0,0
0x46c778,97.7273%,1,43,44,43,1,0,0
0x403eb9,66.6667%,1,2,3,2,1,0,0
0x49476e,85.7143%,1,6,7,6,1,0,0
0x4947bf,90.9091%,1,10,11,10,1,0,0
0x42035e,0%,1,0,1,0,1,0,0
0x48ed80,90.9091%,1,10,11,10,1,0,0
0x49443e,90.9091%,1,10,11,10,1,0,0
0x43fb69,90.9091%,1,10,11,10,1,0,0
0x4f0f59,95.4545%,1,21,22,21,1,0,0
0x49475d,90%,1,9,10,9,1,0,0
0x42a3da,90.9091%,1,10,11,10,1,0,0
0x491931,90.9091%,1,10,11,10,1,0,0
0x492a9d,90.9091%,1,10,11,10,1,0,0
0x4f3d14,90.9091%,1,10,11,10,1,0,0
0x45a40e,99.2424%,1,131,132,131,1,0,0
0x454c4d,83.3333%,1,5,6,0,0,1,5
0x49218d,90.9091%,1,10,11,10,1,0,0
0x493367,90.9091%,1,10,11,10,1,0,0
0x49219a,90.9091%,1,10,11,10,1,0,0
0x492e23,90.9091%,1,10,11,10,1,0,0
0x404c0f,80%,1,4,5,4,1,0,0
0x4925b6,90.9091%,1,10,11,10,1,0,0
0x40b655,99.9969%,1,31921,31922,15544,1,0,16377
0x48eea6,90.9091%,1,10,11,10,1,0,0
0x4921cf,90.9091%,1,10,11,10,1,0,0
0x446a76,90.9091%,1,10,11,10,1,0,0
0x48ed00,90.9091%,1,10,11,10,1,0,0
0x48ed30,90.9091%,1,10,11,10,1,0,0
0x494aad,90.9091%,1,10,11,10,1,0,0
0x493cc8,90.9091%,1,10,11,10,1,0,0
0x48e97a,83.3333%,1,5,6,5,1,0,0
0x41f534,98.8889%,1,89,90,89,1,0,0
0x48e62c,93.3333%,1,14,15,14,1,0,0
0x493dc6,90.9091%,1,10,11,10,1,0,0
0x493da8,99.3007%,1,142,143,10,1,0,132
0x48e60f,93.3333%,1,14,15,14,1,0,0
0x404742,99.6587%,1,292,293,292,0,1,0
0x494823,90.9091%,1,10,11,10,1,0,0
0x4f0e21,90.9091%,1,10,11,10,1,0,0
0x48e534,93.3333%,1,14,15,14,1,0,0
0x48e5d3,93.3333%,1,14,15,14,1,0,0
0x48e95f,83.3333%,1,5,6,5,1,0,0
0x4f2042,90.9091%,1,10,11,10,1,0,0
0x405243,90.9091%,1,10,11,10,1,0,0
0x491b50,83.3333%,1,5,6,5,1,0,0
0x4938e4,90.9091%,1,10,11,10,1,0,0
0x49491a,90.9091%,1,10,11,10,1,0,0
0x493034,90.9091%,1,10,11,10,1,0,0
0x429e1b,90.9091%,1,10,11,10,1,0,0
0x492b43,90.9091%,1,10,11,10,1,0,0
0x43fb5c,90.9091%,1,10,11,10,1,0,0
0x43fd06,90.9091%,1,10,11,10,1,0,0
0x4946cd,66.6667%,1,2,3,2,1,0,0
0x403a2f,75%,1,3,4,3,1,0,0
0x46c72b,97.7273%,1,43,44,43,1,0,0
0x406354,90.9091%,1,10,11,4,1,0,6
0x4a63c4,91.6667%,1,11,12,11,1,0,0
0x4f098f,97.7273%,1,43,44,43,1,0,0
0x43fd2c,90.9091%,1,10,11,10,1,0,0
0x45333a,90.9091%,1,10,11,0,0,1,10
0x493d07,90.9091%,1,10,11,10,1,0,0
0x421dac,98.8636%,1,87,88,87,1,0,0
0x41f2b5,91.6667%,1,11,12,11,1,0,0
0x43faf3,90.9091%,1,10,11,10,1,0,0
0x48ec0e,90.9091%,1,10,11,10,1,0,0
0x43fd66,90.9091%,1,10,11,10,1,0,0
0x455011,91.6667%,1,11,12,11,1,0,0
0x4a6447,97.7778%,1,44,45,0,0,1,44
0x48edf3,90.9091%,1,10,11,10,1,0,0
0x41fd1c,90%,1,9,10,9,1,0,0
0x49495e,90.9091%,1,10,11,10,1,0,0
0x4a61a7,91.6667%,1,11,12,11,1,0,0
0x459960,97.7273%,1,43,44,43,1,0,0
0x48e4df,93.3333%,1,14,15,14,1,0,0
0x421ce0,91.6667%,1,11,12,11,1,0,0
0x494d6d,90.9091%,1,10,11,10,1,0,0
0x403a58,75%,1,3,4,3,1,0,0
0x4204bd,0%,1,0,1,0,1,0,0
0x43fc87,90.9091%,1,10,11,10,1,0,0
0x43fdb4,90.9091%,1,10,11,10,1,0,0
0x403a2a,75%,1,3,4,3,1,0,0
0x454fdd,91.6667%,1,11,12,11,1,0,0
0x403a3f,50%,1,1,2,1,1,0,0
0x43fca4,90.9091%,1,10,11,10,1,0,0
0x48ec56,90.9091%,1,10,11,10,1,0,0
0x41fd17,91.6667%,1,11,12,1,1,0,10
0x4946c1,90.9091%,1,10,11,7,1,0,3
0x4047a9,99.6587%,1,292,293,0,1,0,292
0x45994a,97.7273%,1,43,44,43,1,0,0
0x492124,90.9091%,1,10,11,10,1,0,0
0x49297a,96.1538%,1,25,26,25,1,0,0
0x429dc7,90.9091%,1,10,11,10,1,0,0
0x494956,90.9091%,1,10,11,0,0,1,10
0x4296f7,95.4545%,1,21,22,21,1,0,0
0x453d92,96.7742%,1,30,31,30,1,0,0
0x43fcdd,90.9091%,1,10,11,10,1,0,0
0x4a6c94,95.4545%,1,21,22,21,1,0,0
0x4052e3,90.9091%,1,10,11,10,1,0,0
0x491aea,80%,1,4,5,4,1,0,0
0x44b711,90.9091%,1,10,11,10,1,0,0
0x44b76e,90.9091%,1,10,11,10,1,0,0
0x499896,93.3333%,1,14,15,14,1,0,0
0x40c1a2,90.9091%,1,10,11,10,1,0,0
0x400404,88.8889%,1,8,9,8,1,0,0
0x41eb6f,91.6667%,1,11,12,11,1,0,0
0x494c06,0%,1,0,1,0,1,0,0
0x43e756,99.3007%,1,142,143,142,1,0,0
0x454c88,83.3333%,1,5,6,5,1,0,0
0x4b01ac,90.9091%,1,10,11,10,1,0,0
0x43e343,95.4545%,1,21,22,21,1,0,0
0x40c164,90.9091%,1,10,11,10,1,0,0
0x405ef2,83.3333%,1,5,6,5,1,0,0
0x4944d3,90.9091%,1,10,11,10,1,0,0
0x4a4a02,99.2126%,1,126,127,126,1,0,0
0x493a7f,90.9091%,1,10,11,10,1,0,0
0x446aa7,90.9091%,1,10,11,0,0,1,10
0x403e99,83.3333%,1,5,6,5,1,0,0
0x402dd8,99.6587%,1,292,293,0,0,1,292
0x41ffc1,91.6667%,1,11,12,11,1,0,0
0x493d93,90.9091%,1,10,11,10,1,0,0
0x49309f,90.9091%,1,10,11,10,1,0,0
0x494bde,0%,1,0,1,0,1,0,0
0x4939f7,90.9091%,1,10,11,10,1,0,0
0x45a3c1,99.2424%,1,131,132,131,1,0,0
0x40477b,99.6587%,1,292,293,0,0,1,292
0x460c1e,90.9091%,1,10,11,10,1,0,0
0x4a4da4,99.2126%,1,126,127,126,1,0,0
0x454a9a,83.3333%,1,5,6,2,1,0,3
0x4949f5,90.9091%,1,10,11,10,1,0,0
0x460c90,90.9091%,1,10,11,10,1,0,0
0x4052d1,90.9091%,1,10,11,10,1,0,0
0x42a3b0,90.9091%,1,10,11,10,1,0,0
0x495463,90.9091%,1,10,11,10,1,0,0
0x43f9c9,90.9091%,1,10,11,10,1,0,0
0x43fa42,90.9091%,1,10,11,10,1,0,0
0x494393,90.9091%,1,10,11,2,1,0,8
0x4550a7,90.9091%,1,10,11,10,1,0,0
0x45532b,90.9091%,1,10,11,10,1,0,0
0x453344,90.9091%,1,10,11,10,1,0,0
0x45531c,90.9091%,1,10,11,10,1,0,0
0x45d73b,100%,0,22,22,0,0,0,22
0x4bbe19,100%,0,2628,2628,0,0,0,2628
0x45f369,100%,0,22,22,0,0,0,22
0x49210e,100%,0,11,11,0,0,0,11
0x49510d,100%,0,11,11,0,0,0,11
0x40290a,100%,0,2606,2606,0,0,0,2606
0x4a6078,100%,0,3381,3381,3381,0,0,0
0x4a6152,100%,0,140,140,0,0,0,140
0x41eff0,100%,0,108,108,0,0,0,108
0x40ce5a,100%,0,4073,4073,4073,0,0,0
0x4a6178,100%,0,22,22,22,0,0,0
0x4a491b,100%,0,1778,1778,0,0,0,1778
0x48e64f,100%,0,15,15,0,0,0,15
0x41e261,100%,0,5,5,0,0,0,5
0x4a5e79,100%,0,8530,8530,0,0,0,8530
0x460cd8,100%,0,11,11,0,0,0,11
0x494b62,100%,0,33,33,0,0,0,33
0x4a4186,100%,0,903,903,0,0,0,903
0x4a4911,100%,0,1778,1778,0,0,0,1778
0x4a6c7b,100%,0,22,22,0,0,0,22
0x409302,100%,0,13,13,0,0,0,13
0x459da0,100%,0,44,44,0,0,0,44
0x4c31a4,100%,0,44,44,0,0,0,44
0x460d09,100%,0,11,11,0,0,0,11
0x43e3ca,100%,0,44,44,0,0,0,44
0x459d40,100%,0,44,44,0,0,0,44
0x4029a3,100%,0,2606,2606,0,0,0,2606
0x422bc6,100%,0,22,22,0,0,0,22
0x4a4cea,100%,0,4997,4997,0,0,0,4997
0x4947de,100%,0,11,11,0,0,0,11
0x4a4058,100%,0,323,323,323,0,0,0
0x4a5e58,100%,0,4835,4835,0,0,0,4835
0x416844,100%,0,94106,94106,0,0,0,94106
0x41ec84,100%,0,12,12,0,0,0,12
0x40371d,100%,0,5,5,0,0,0,5
0x4a4049,100%,0,323,323,0,0,0,323
0x4a4f99,100%,0,285,285,285,0,0,0
0x46c6dc,100%,0,44,44,0,0,0,44
0x4a5ef8,100%,0,1093,1093,0,0,0,1093
0x404c44,100%,0,6,6,0,0,0,6
0x4c4dc8,100%,0,89,89,0,0,0,89
0x41e861,100%,0,80926,80926,0,0,0,80926
0x4a6d1e,100%,0,21,21,0,0,0,21
0x4a7dcc,100%,0,7435,7435,7435,0,0,0
0x4024f8,100%,0,277,277,0,0,0,277
0x4a62fe,100%,0,13,13,0,0,0,13
0x41e97a,100%,0,12,12,0,0,0,12
0x494b1c,100%,0,11,11,0,0,0,11
0x495711,100%,0,44,44,0,0,0,44
0x4051d8,100%,0,11,11,0,0,0,11
0x402905,100%,0,2606,2606,0,0,0,2606
0x41efeb,100%,0,108,108,0,0,0,108
0x403753,100%,0,932,932,0,0,0,932
0x4947b9,100%,0,11,11,0,0,0,11
0x416cf4,100%,0,937,937,0,0,0,937
0x4a63b7,100%,0,12,12,0,0,0,12
0x404a4e,100%,0,6,6,0,0,0,6
0x41f0a2,100%,0,108,108,0,0,0,108
0x459da9,100%,0,44,44,0,0,0,44
0x41e7b2,100%,0,81410,81410,0,0,0,81410
0x4a4fd9,100%,0,65,65,0,0,0,65
0x4a4fe7,100%,0,65,65,0,0,0,65
0x41eb97,100%,0,12,12,0,0,0,12
0x41e784,100%,0,932,932,932,0,0,0
0x40373a,100%,0,932,932,0,0,0,932
0x41ebc0,100%,0,12,12,0,0,0,12
0x40244f,100%,0,926,926,0,0,0,926
0x48e47f,100%,0,15,15,0,0,0,15
0x409373,100%,0,13,13,0,0,0,13
0x41141c,100%,0,15742,15742,0,0,0,15742
0x493b9f,100%,0,11,11,0,0,0,11
0x402487,100%,0,45732,45732,0,0,0,45732
0x402a5c,100%,0,596,596,596,0,0,0
0x402ad4,100%,0,596,596,0,0,0,596
0x4a47c8,100%,0,953,953,0,0,0,953
0x402481,100%,0,45732,45732,0,0,0,45732
0x402477,100%,0,45732,45732,0,0,0,45732
0x4a62ea,100%,0,34,34,0,0,0,34
0x4a6316,100%,0,34,34,0,0,0,34
0x4bbe2a,100%,0,5214,5214,5214,0,0,0
0x492a84,100%,0,11,11,0,0,0,11
0x402508,100%,0,569,569,0,0,0,569
0x404b89,100%,0,5,5,0,0,0,5
0x402b50,100%,0,596,596,0,0,0,596
0x403776,100%,0,926,926,926,0,0,0
0x4a6320,100%,0,34,34,0,0,0,34
0x402b11,100%,0,596,596,0,0,0,596
0x402ad9,100%,0,596,596,0,0,0,596
0x4150c1,100%,0,2452,2452,2452,0,0,0
0x4a6d0f,100%,0,21,21,0,0,0,21
0x4c4b58,100%,0,2852,2852,2852,0,0,0
0x4a63eb,100%,0,2927,2927,0,0,0,2927
0x4a6ef0,100%,0,2242,2242,0,0,0,2242
0x4201b5,100%,0,171,171,0,0,0,171
0x41e87d,100%,0,76080,76080,0,0,0,76080
0x4a6ee1,100%,0,2242,2242,0,0,0,2242
0x4a6337,100%,0,34,34,0,0,0,34
0x4c4af8,100%,0,2755,2755,0,0,0,2755
0x41fdc0,100%,0,24,24,0,0,0,24
0x48e475,100%,0,15,15,0,0,0,15
0x41e1bb,100%,0,5,5,0,0,0,5
0x4a640f,100%,0,2927,2927,0,0,0,2927
0x43f9b3,100%,0,11,11,0,0,0,11
0x4a6405,100%,0,2927,2927,0,0,0,2927
0x4bbf0a,100%,0,2607,2607,0,0,0,2607
0x4a83f3,100%,0,5950,5950,0,0,0,5950
0x403db4,100%,0,11,11,0,0,0,11
0x404760,100%,0,293,293,293,0,0,0
0x4a6236,100%,0,39600,39600,0,0,0,39600
0x459935,100%,0,44,44,0,0,0,44
0x4029de,100%,0,2606,2606,0,0,0,2606
0x420243,100%,0,10,10,0,0,0,10
0x4c4bfb,100%,0,2577,2577,0,0,0,2577
0x45d744,100%,0,22,22,0,0,0,22
0x455041,100%,0,11,11,0,0,0,11
0x48ecd7,100%,0,11,11,0,0,0,11
0x41f599,100%,0,102,102,0,0,0,102
0x409363,100%,0,13,13,0,0,0,13
0x40926f,100%,0,14,14,14,0,0,0
0x402949,100%,0,2606,2606,0,0,0,2606
0x4c4b4e,100%,0,2852,2852,0,0,0,2852
0x45f229,100%,0,22,22,0,0,0,22
0x40caa8,100%,0,1564,1564,1564,0,0,0
0x402997,100%,0,2606,2606,0,0,0,2606
0x494c3c,100%,0,1,1,0,0,0,1
0x4acdf8,100%,0,11,11,0,0,0,11
0x4552fa,100%,0,11,11,0,0,0,11
0x494544,100%,0,11,11,0,0,0,11
0x41693c,100%,0,6207,6207,2635,0,0,3572
0x4a40b3,100%,0,74,74,0,0,0,74
0x4a4491,100%,0,39,39,0,0,0,39
0x4a616b,100%,0,22,22,0,0,0,22
0x4b0225,100%,0,11,11,0,0,0,11
0x4c31c9,100%,0,44,44,0,0,0,44
0x41690e,100%,0,2685,2685,0,0,0,2685
0x416a82,100%,0,851,851,0,0,0,851
0x4a40ca,100%,0,74,74,74,0,0,0
0x416339,100%,0,208,208,208,0,0,0
0x402cfc,100%,0,69218,69218,0,0,0,69218
0x4a48e2,100%,0,4997,4997,0,0,0,4997
0x4c4b02,100%,0,2755,2755,2755,0,0,0
0x4061e6,100%,0,5,5,0,0,0,5
0x494a41,100%,0,11,11,0,0,0,11
0x42a34d,100%,0,11,11,0,0,0,11
0x42a340,100%,0,11,11,0,0,0,11
0x42a326,100%,0,11,11,0,0,0,11
0x42a546,100%,0,11,11,0,0,0,11
0x42a541,100%,0,11,11,0,0,0,11
0x429f4b,100%,0,11,11,0,0,0,11
0x43fb96,100%,0,11,11,0,0,0,11
0x494a59,100%,0,11,11,0,0,0,11
0x4f13af,100%,0,34,34,0,0,0,34
0x42a35d,100%,0,11,11,0,0,0,11
0x4201a3,100%,0,171,171,0,0,0,171
0x43fcff,100%,0,11,11,0,0,0,11
0x403a6e,100%,0,2,2,0,0,0,2
0x404bed,100%,0,5,5,0,0,0,5
0x453d7a,100%,0,31,31,0,0,0,31
0x453d71,100%,0,31,31,0,0,0,31
0x4549f0,100%,0,20,20,0,0,0,20
0x43fc8f,100%,0,11,11,0,0,0,11
0x43fc6e,100%,0,11,11,0,0,0,11
0x454fd4,100%,0,12,12,0,0,0,12
0x40619b,100%,0,5,5,0,0,0,5
0x4a635e,100%,0,12,12,0,0,0,12
0x406118,100%,0,6,6,0,0,0,6
0x406113,100%,0,6,6,0,0,0,6
0x403899,100%,0,1,1,0,0,0,1
0x4a4486,100%,0,39,39,0,0,0,39
0x48e682,100%,0,6,6,0,0,0,6
0x454992,100%,0,9,9,0,0,0,9
0x454c48,100%,0,6,6,0,0,0,6
0x4a4161,100%,0,156,156,0,0,0,156
0x43fc63,100%,0,11,11,0,0,0,11
0x403a85,100%,0,4,4,0,0,0,4
0x48ebc4,100%,0,44,44,0,0,0,44
0x45503a,100%,0,11,11,0,0,0,11
0x4552ff,100%,0,11,11,0,0,0,11
0x460c73,100%,0,11,11,0,0,0,11
0x460c68,100%,0,11,11,0,0,0,11
0x460c5f,100%,0,11,11,0,0,0,11
0x460c13,100%,0,11,11,0,0,0,11
0x42a368,100%,0,11,11,0,0,0,11
0x4a5e86,100%,0,8530,8530,0,0,0,8530
0x4a7dac,100%,0,7435,7435,0,0,0,7435
0x41ec34,100%,0,12,12,0,0,0,12
0x460ad6,100%,0,11,11,0,0,0,11
0x409e27,100%,0,293,293,0,0,0,293
0x45a400,100%,0,132,132,0,0,0,132
0x45e5eb,100%,0,22,22,0,0,0,22
0x416902,100%,0,2685,2685,0,0,0,2685
0x416a90,100%,0,851,851,0,0,0,851
0x41e199,100%,0,5,5,0,0,0,5
0x4a485e,100%,0,953,953,461,0,0,492
0x41dc4e,100%,0,293,293,293,0,0,0
0x4a4807,100%,0,953,953,0,0,0,953
0x41e62b,100%,0,742,742,0,0,0,742
0x4a488e,100%,0,4997,4997,4997,0,0,0
0x454c72,100%,0,6,6,0,0,0,6
0x4a47e9,100%,0,953,953,953,0,0,0
0x49471b,100%,0,11,11,0,0,0,11
0x4a47b7,100%,0,953,953,0,0,0,953
0x4a48d4,100%,0,4997,4997,0,0,0,4997
0x4a7d73,100%,0,7435,7435,0,0,0,7435
0x45e5be,100%,0,22,22,0,0,0,22
0x446a3e,100%,0,22,22,0,0,0,22
0x40c0a4,100%,0,11,11,0,0,0,11
0x40c09c,100%,0,11,11,0,0,0,11
0x45e60e,100%,0,22,22,0,0,0,22
0x494518,100%,0,11,11,0,0,0,11
0x45e5f4,100%,0,22,22,0,0,0,22
0x422bfc,100%,0,22,22,0,0,0,22
0x45f3b9,100%,0,22,22,0,0,0,22
0x45f3b0,100%,0,22,22,0,0,0,22
0x420136,100%,0,2,2,0,0,0,2
0x45e59b,100%,0,22,22,0,0,0,22
0x422be1,100%,0,22,22,0,0,0,22
0x4a49a3,100%,0,4992,4992,0,0,0,4992
0x4a7df0,100%,0,7435,7435,0,0,0,7435
0x403928,100%,0,5,5,0,0,0,5
0x4a48ab,100%,0,4997,4997,0,0,0,4997
0x4a4bf0,100%,0,4997,4997,4997,0,0,0
0x4998c8,100%,0,15,15,0,0,0,15
0x404729,100%,0,293,293,293,0,0,0
0x494ba3,100%,0,11,11,0,0,0,11
0x48e61e,100%,0,15,15,0,0,0,15
0x48e975,100%,0,6,6,0,0,0,6
0x491b2e,100%,0,6,6,0,0,0,6
0x493078,100%,0,11,11,0,0,0,11
0x49518b,100%,0,11,11,0,0,0,11
0x4956f0,100%,0,11,11,0,0,0,11
0x4ace0b,100%,0,11,11,0,0,0,11
0x494a49,100%,0,11,11,0,0,0,11
0x49547e,100%,0,11,11,11,0,0,0
0x494948,100%,0,11,11,0,0,0,11
0x404bab,100%,0,1000,1000,0,0,0,1000
0x494618,100%,0,11,11,0,0,0,11
0x4f13aa,100%,0,34,34,0,0,0,34
0x4937b2,100%,0,44,44,0,0,0,44
0x4f0d17,100%,0,29,29,0,0,0,29
0x493733,100%,0,44,44,0,0,0,44
0x4945a7,100%,0,11,11,0,0,0,11
0x494528,100%,0,11,11,0,0,0,11
0x494fb4,100%,0,11,11,0,0,0,11
0x494431,100%,0,11,11,0,0,0,11
0x4919e5,100%,0,5,5,0,0,0,5
0x494bbc,100%,0,1,1,0,0,0,1
0x42048e,100%,0,1,1,0,0,0,1
0x41fd7e,100%,0,2,2,0,0,0,2
0x4937e1,100%,0,10,10,0,0,0,10
0x4955b3,100%,0,3,3,0,0,0,3
0x49437b,100%,0,3,3,0,0,0,3
0x494352,100%,0,3,3,0,0,0,3
0x491a6e,100%,0,5,5,5,0,0,0
0x491a36,100%,0,5,5,0,0,0,5
0x4919f8,100%,0,5,5,0,0,0,5
0x4f0f46,100%,0,22,22,0,0,0,22
0x4919bc,100%,0,5,5,0,0,0,5
0x4919aa,100%,0,5,5,0,0,0,5
0x49197a,100%,0,5,5,0,0,0,5
0x403958,100%,0,5,5,0,0,0,5
0x4038cc,100%,0,1,1,0,0,0,1
0x403871,100%,0,1,1,0,0,0,1
0x4047cb,100%,0,1,1,0,0,0,1
0x404bd9,100%,0,5,5,0,0,0,5
0x4a4478,100%,0,39,39,0,0,0,39
0x4bd1cd,100%,0,59,59,0,0,0,59
0x4f13b6,100%,0,34,34,0,0,0,34
0x492e78,100%,0,11,11,0,0,0,11
0x48e777,100%,0,44,44,0,0,0,44
0x48e690,100%,0,6,6,0,0,0,6
0x4b0294,100%,0,89,89,0,0,0,89
0x48e545,100%,0,15,15,0,0,0,15
0x48e523,100%,0,15,15,0,0,0,15
0x48e50d,100%,0,15,15,0,0,0,15
0x48e4d1,100%,0,15,15,0,0,0,15
0x4bd1f1,100%,0,59,59,0,0,0,59
0x4921b4,100%,0,11,11,0,0,0,11
0x41fd51,100%,0,2,2,0,0,0,2
0x48e46c,100%,0,15,15,0,0,0,15
0x491a50,100%,0,5,5,0,0,0,5
0x403f01,100%,0,3,3,0,0,0,3
0x454aca,100%,0,3,3,0,0,0,3
0x403f3d,100%,0,6,6,0,0,0,6
0x403eeb,100%,0,6,6,6,0,0,0
0x494748,100%,0,11,11,0,0,0,11
0x4201bc,100%,0,171,171,0,0,0,171
0x492b33,100%,0,11,11,0,0,0,11
0x49439c,100%,0,8,8,0,0,0,8
0x494306,100%,0,11,11,0,0,0,11
0x4942f6,100%,0,11,11,0,0,0,11
0x494282,100%,0,11,11,0,0,0,11
0x4f0945,100%,0,11,11,0,0,0,11
0x493d8d,100%,0,11,11,0,0,0,11
0x49424e,100%,0,11,11,0,0,0,11
0x4938b3,100%,0,11,11,0,0,0,11
0x492aad,100%,0,11,11,0,0,0,11
0x4a4783,100%,0,5950,5950,0,0,0,5950
0x49296a,100%,0,26,26,0,0,0,26
0x48ebb0,100%,0,44,44,0,0,0,44
0x48eb52,100%,0,44,44,0,0,0,44
0x48ee89,100%,0,11,11,0,0,0,11
0x404bfe,100%,0,5,5,0,0,0,5
0x48ee55,100%,0,11,11,0,0,0,11
0x48ed77,100%,0,11,11,0,0,0,11
0x48ecf7,100%,0,11,11,0,0,0,11
0x4921c2,100%,0,11,11,0,0,0,11
0x4a5f8b,100%,0,470,470,0,0,0,470
0x402747,100%,0,937,937,0,0,0,937
0x455058,100%,0,11,11,0,0,0,11
0x4920ef,100%,0,11,11,0,0,0,11
0x41620b,100%,0,47078,47078,0,0,0,47078
0x420572,100%,0,10,10,0,0,0,10
0x493cbb,100%,0,11,11,0,0,0,11
0x4169b4,100%,0,94303,94303,0,0,0,94303
0x4a7d9b,100%,0,7435,7435,7435,0,0,0
0x4091f2,100%,0,41,41,41,0,0,0
0x40ca38,100%,0,5985,5985,0,0,0,5985
0x4a52a3,100%,0,4997,4997,4997,0,0,0
0x45f360,100%,0,22,22,0,0,0,22
0x494c25,100%,0,1,1,0,0,0,1
0x41e290,100%,0,5,5,0,0,0,5
0x40932c,100%,0,13,13,0,0,0,13
0x41ede6,100%,0,935,935,0,0,0,935
0x4a7ddb,100%,0,7435,7435,0,0,0,7435
0x491b04,100%,0,6,6,0,0,0,6
0x494648,100%,0,11,11,0,0,0,11
0x460bdb,100%,0,11,11,0,0,0,11
0x411cde,100%,0,69509,69509,69509,0,0,0
0x402824,100%,0,2607,2607,2607,0,0,0
0x40ccb9,100%,0,31599,31599,0,0,0,31599
0x4c4a98,100%,0,3145,3145,0,0,0,3145
0x416313,100%,0,208,208,0,0,0,208
0x41f5de,100%,0,5,5,0,0,0,5
0x40c9af,100%,0,3991,3991,3991,0,0,0
0x494fa9,100%,0,11,11,0,0,0,11
0x420569,100%,0,10,10,0,0,0,10
0x402c56,100%,0,292,292,0,0,0,292
0x4f0e12,100%,0,11,11,0,0,0,11
0x45d75e,100%,0,22,22,0,0,0,22
0x492e6f,100%,0,11,11,0,0,0,11
0x40bc73,100%,0,91483,91483,0,0,0,91483
0x4a648c,100%,0,2882,2882,0,0,0,2882
0x41e1f0,100%,0,871,871,0,0,0,871
0x494363,100%,0,3,3,0,0,0,3
0x4bbf14,100%,0,2607,2607,0,0,0,2607
0x404a3f,100%,0,6,6,0,0,0,6
0x404b9a,100%,0,1000,1000,0,0,0,1000
0x421e2a,100%,0,88,88,0,0,0,88
0x4047b0,100%,0,292,292,292,0,0,0
0x40478d,100%,0,293,293,0,0,0,293
0x4bbe6e,100%,0,2607,2607,0,0,0,2607
0x4a4cbe,100%,0,4997,4997,0,0,0,4997
0x409e3a,100%,0,293,293,0,0,0,293
0x4a4cd7,100%,0,4997,4997,4997,0,0,0
0x4a4f56,100%,0,904,904,0,0,0,904
0x41e769,100%,0,932,932,0,0,0,932
0x454aab,100%,0,3,3,0,0,0,3
0x40479f,100%,0,293,293,0,0,0,293
0x4a4863,100%,0,492,492,492,0,0,0
0x416447,100%,0,46473,46473,0,0,0,46473
0x4bbef9,100%,0,2607,2607,0,0,0,2607
0x4924fe,100%,0,10,10,0,0,0,10
0x41ec3d,100%,0,12,12,0,0,0,12
0x40286c,100%,0,2607,2607,2607,0,0,0
0x4bbec2,100%,0,10424,10424,10424,0,0,0
0x4a83ea,100%,0,5950,5950,0,0,0,5950
0x4bbed8,100%,0,2606,2606,2606,0,0,0
0x4924d2,100%,0,10,10,0,0,0,10
0x49308c,100%,0,11,11,0,0,0,11
0x4f13b1,100%,0,34,34,0,0,0,34
0x48e597,100%,0,15,15,0,0,0,15
0x45f220,100%,0,22,22,0,0,0,22
0x494af3,100%,0,11,11,0,0,0,11
0x4169c0,100%,0,94303,94303,0,0,0,94303
0x49ecba,100%,0,78,78,0,0,0,78
0x421a93,100%,0,5938,5938,0,0,0,5938
0x4160f6,100%,0,47078,47078,0,0,0,47078
0x4a6274,100%,0,314,314,0,0,0,314
0x416278,100%,0,47078,47078,0,0,0,47078
0x41138d,100%,0,18020,18020,0,0,0,18020
0x4a48f0,100%,0,4997,4997,0,0,0,4997
0x41e365,100%,0,5,5,0,0,0,5
0x40b6b6,100%,0,30816,30816,14384,0,0,16432
0x454c37,100%,0,6,6,0,0,0,6
0x4929bd,100%,0,26,26,0,0,0,26
0x40c1b8,100%,0,11,11,0,0,0,11
0x49eccb,100%,0,78,78,0,0,0,78
0x4a840c,100%,0,5950,5950,5950,0,0,0
0x494bfe,100%,0,1,1,0,0,0,1
0x491908,100%,0,11,11,0,0,0,11
0x429dae,100%,0,11,11,0,0,0,11
0x40248c,100%,0,45732,45732,0,0,0,45732
0x40ca9b,100%,0,1466,1466,1466,0,0,0
0x404411,100%,0,1,1,0,0,0,1
0x49ecd9,100%,0,78,78,0,0,0,78
0x4093a8,100%,0,13,13,2,0,0,11
0x4a484f,100%,0,953,953,953,0,0,0
0x4165a0,100%,0,5089,5089,5089,0,0,0
0x411662,100%,0,617,617,0,0,0,617
0x460c80,100%,0,11,11,0,0,0,11
0x446a69,100%,0,11,11,0,0,0,11
0x4918f0,100%,0,11,11,0,0,0,11
0x4a4834,100%,0,492,492,492,0,0,0
0x4c4e1b,100%,0,2763,2763,0,0,0,2763
0x404757,100%,0,293,293,0,0,0,293
0x454c1e,100%,0,6,6,0,0,0,6
0x4a6d29,100%,0,21,21,0,0,0,21
0x48eb81,100%,0,44,44,0,0,0,44
0x4a496d,100%,0,2826,2826,0,0,0,2826
0x494624,100%,0,11,11,0,0,0,11
0x4a5cfe,100%,0,717,717,0,0,0,717
0x494915,100%,0,11,11,0,0,0,11
0x4a8403,100%,0,5950,5950,0,0,0,5950
0x416183,100%,0,47078,47078,0,0,0,47078
0x4116c2,100%,0,617,617,617,0,0,0
0x420970,100%,0,7423,7423,7423,0,0,0
0x4a7df5,100%,0,7435,7435,0,0,0,7435
0x401dfa,100%,0,937,937,937,0,0,0
0x4a5d2d,100%,0,4054,4054,0,0,0,4054
0x4a4f64,100%,0,904,904,0,0,0,904
0x4a5d19,100%,0,717,717,717,0,0,0
0x41debb,100%,0,470369,470369,470369,0,0,0
0x4a5c2a,100%,0,7435,7435,0,0,0,7435
0x411667,100%,0,617,617,0,0,0,617
0x4a4963,100%,0,2826,2826,0,0,0,2826
0x4a4c05,100%,0,4997,4997,0,0,0,4997
0x409236,100%,0,14,14,14,0,0,0
0x48e674,100%,0,6,6,0,0,0,6
0x4a5cf3,100%,0,717,717,0,0,0,717
0x4a4779,100%,0,5950,5950,0,0,0,5950
0x4163be,100%,0,208,208,0,0,0,208
0x4a47da,100%,0,953,953,0,0,0,953
0x4a4882,100%,0,4997,4997,0,0,0,4997
0x4a48c3,100%,0,4997,4997,0,0,0,4997
0x45e5a4,100%,0,22,22,0,0,0,22
0x4a628d,100%,0,50,50,50,0,0,0
0x4a5c87,100%,0,50,50,50,0,0,0
0x4a7dc3,100%,0,7435,7435,0,0,0,7435
0x49ed04,100%,0,78,78,0,0,0,78
0x4a4cca,100%,0,4997,4997,0,0,0,4997
0x41eb2e,100%,0,12,12,0,0,0,12
0x4a7d87,100%,0,7435,7435,0,0,0,7435
0x416853,100%,0,94106,94106,0,0,0,94106
0x4165c3,100%,0,67624,67624,0,0,0,67624
0x41fe16,100%,0,48,48,0,0,0,48
0x4924ef,100%,0,10,10,0,0,0,10
0x40ce69,100%,0,11772,11772,11772,0,0,0
0x491922,100%,0,11,11,0,0,0,11
0x42018b,100%,0,2,2,0,0,0,2
0x4a4157,100%,0,156,156,0,0,0,156
0x4a4795,100%,0,5950,5950,0,0,0,5950
0x4a7de7,100%,0,7435,7435,0,0,0,7435
0x41e91d,100%,0,75632,75632,0,0,0,75632
0x4a48b7,100%,0,4997,4997,4997,0,0,0
0x402b34,100%,0,596,596,596,0,0,0
0x40ca05,100%,0,3991,3991,0,0,0,3991
0x4a478d,100%,0,5950,5950,0,0,0,5950
0x40cd1f,100%,0,27300,27300,4878,0,0,22422
0x415fa9,100%,0,67911,67911,0,0,0,67911
0x4a40a9,100%,0,74,74,0,0,0,74
0x49990a,100%,0,15,15,0,0,0,15
0x4113dc,100%,0,17385,17385,0,0,0,17385
0x411458,100%,0,15118,15118,0,0,0,15118
0x416cbc,100%,0,937,937,0,0,0,937
0x49197e,100%,0,5,5,0,0,0,5
0x41606f,100%,0,47175,47175,97,0,0,47078
0x491915,100%,0,11,11,0,0,0,11
0x4a4859,100%,0,953,953,0,0,0,953
0x493218,100%,0,11,11,0,0,0,11
0x409279,100%,0,24,24,0,0,0,24
0x41e1c9,100%,0,5,5,0,0,0,5
0x429714,100%,0,22,22,0,0,0,22
