Branch PC,Accuracy,Mispredictions,Correct Predictions,Total,dir_t_pred_t,dir_t_pred_nt,dir_nt_pred_t,dir_nt_pred_nt
aggregate,91.4765%,1825846,19595389,21421235,9849653,732610,1093236,9745736
0x40bda5,74.559%,97917,286961,384878,255599,24235,73682,31362
0x41683b,50.0797%,89219,89504,178723,45868,43916,45303,43636
0x40971d,71.8186%,77859,198419,276278,141732,31085,46774,56687
0x40cc3f,80.8015%,60028,252642,312670,224678,18385,41643,27964
0x40cf70,73.854%,57635,162800,220435,140281,15916,41719,22519
0x40c966,77.028%,55413,185807,241220,113450,23516,31897,72357
0x4164ea,89.5534%,49050,420483,469533,41359,38064,10986,379124
0x41ee6f,64.7995%,48181,88695,136876,81881,9444,38737,6814
0x40bbbf,70.4411%,43305,103199,146504,50216,22327,20978,52983
0x40be17,62.2111%,39695,65349,105044,22325,23103,16592,43024
0x40bbb6,83.0992%,39201,192747,231948,61573,23871,15330,131174
0x416298,68.2279%,36374,78110,114484,16396,25816,10558,61714
0x40cdd3,85.7806%,35466,213954,249420,174199,8658,26808,39755
0x40cfb4,78.6765%,35193,129850,165043,117893,8855,26338,11957
0x40ccb5,89.7143%,34739,303001,337740,287910,8240,26499,15091
0x409544,79.0636%,30223,114133,144356,13373,21862,8361,100760
0x40cff1,80.2659%,26149,106358,132507,99230,6237,19912,7128
0x40f70f,71.8067%,25913,65999,91912,44755,10497,15416,21244
0x40f6e4,72.1331%,25613,66299,91912,23646,15016,10597,42653
0x41ee22,67.4009%,24670,51007,75677,48259,3869,20801,2748
0x402e0b,75.5592%,23024,71179,94203,25882,12564,10460,45297
0x416416,76.5488%,22497,73434,95931,42752,11514,10983,30682
0x40f73a,76.1642%,21908,70004,91912,53353,7649,14259,16651
0x41136c,86.4191%,21257,135264,156521,75005,7725,13532,60259
0x40cc72,82.5517%,19554,92514,112068,14259,12056,7498,78255
0x40f765,79.4641%,18875,73037,91912,62429,5408,13467,10608
0x409489,73.6196%,18437,51452,69889,6006,14243,4194,45446
0x41eec2,66.3059%,17559,34554,52113,32002,3366,14193,2552
0x416558,81.9489%,16870,76587,93457,47323,6552,10318,29264
0x40d02e,85.44%,16678,97869,114547,89443,3913,12765,8426
0x41651f,82.0034%,16541,75371,91912,53219,4427,12114,22152
0x40b6d4,82.2476%,16408,76019,92427,69404,3764,12644,6615
0x4096b4,80.9375%,15534,65956,81490,10143,10489,5045,55813
0x40cf60,93.6765%,15370,227693,243063,217732,2703,12667,9961
0x40b676,83.692%,15073,77354,92427,71016,3411,11662,6338
0x40b734,84.2903%,14520,77907,92427,72489,3035,11485,5418
0x40cded,78.3919%,14383,52180,66563,43210,4366,10017,8970
0x40b5f6,84.6116%,14223,78204,92427,68119,3736,10487,10085
0x40c98c,86.419%,14154,90065,104219,80888,3594,10560,9177
0x402e1a,75.3197%,13761,41996,55757,33616,4592,9169,8380
0x40bc9b,76.7487%,13549,44723,58272,12777,8416,5133,31946
0x411488,91.1952%,13344,138209,151553,118429,3910,9434,19780
0x40b796,85.6492%,13264,79163,92427,24419,5595,7669,54744
0x40ef8e,78.98%,13107,49248,62355,35880,5120,7987,13368
0x40cfa4,92.8168%,13046,168572,181618,163096,1947,11099,5476
0x40f088,80.1908%,12352,50003,62355,37939,4509,7843,12064
0x40f024,80.5822%,12108,50247,62355,42005,3470,8638,8242
0x4094ed,72.6578%,12059,32045,44104,29401,3066,8993,2644
0x40caeb,80.8175%,11568,48737,60305,37186,4132,7436,11551
0x40cf7a,82.4014%,11305,52933,64238,49292,2845,8460,3641
0x4094d0,84.0003%,11182,58707,69889,3116,9068,2114,55591
0x40bbd7,84.9989%,11095,62866,73961,57985,2979,8116,4881
0x40ef5c,83.3277%,10396,51959,62355,49812,1739,8657,2147
0x40eff2,83.4432%,10324,52031,62355,45063,2792,7532,6968
0x40ce0a,73.3975%,10305,28432,38737,14573,5177,5128,13859
0x4095f9,75.0777%,10187,30688,40875,6361,6316,3871,24327
0x40cfe4,93.1101%,10152,137194,147346,130860,1647,8505,6334
0x40cfbe,74.4536%,9783,28512,38295,25234,2773,7010,3278
0x40f056,84.7566%,9505,52850,62355,49625,1988,7517,3225
0x41de07,96.389%,9239,246621,255860,229194,3872,5367,17427
0x41ddeb,96.4279%,9181,247842,257023,229962,3997,5184,17880
0x40ccf3,96.9438%,9051,287100,296151,223832,3034,6017,63268
0x411385,88.1842%,8719,65072,73791,47403,2869,5850,17669
0x4113d4,88.4427%,8478,64878,73356,44188,3550,4928,20690
0x40cffb,69.7041%,8192,18848,27040,13974,3037,5155,4874
0x40f0ba,86.9778%,8120,54235,62355,46578,2197,5923,7657
0x416895,90.8074%,7764,76695,84459,75679,1034,6730,1016
0x40d021,94.0031%,7506,117658,125164,113094,1453,6053,4564
0x40be1b,88.3068%,6971,52645,59616,51566,1606,5365,1079
0x40efc0,89.1188%,6785,55570,62355,52601,1257,5528,2969
0x40b6fd,90.0787%,6734,61140,67874,1982,5381,1353,59158
0x416598,76.3903%,6385,20659,27044,18759,1825,4560,1900
0x40b69d,88.0953%,6334,46872,53206,3369,4762,1572,43503
0x40f115,89.9046%,6295,56060,62355,55899,408,5887,161
0x416018,90.0986%,6174,56181,62355,18173,2357,3817,38008
0x40965d,77.1748%,5888,19908,25796,15366,2190,3698,4542
0x411414,92.1725%,5676,66838,72514,48226,2378,3298,18612
0x409640,86.3609%,5575,35300,40875,2444,3917,1658,32856
0x40d038,74.5175%,5400,15791,21191,8106,2794,2606,7685
0x40b75d,90.2954%,5266,48997,54263,1920,4126,1140,47077
0x40bb0e,92.1444%,4933,57863,62796,57344,643,4290,519
0x40bc4b,78.1015%,4923,17558,22481,6853,2631,2292,10705
0x40cf67,79.4016%,4661,17967,22628,11165,2155,2506,6802
0x40b63b,89.5239%,4520,38626,43146,4108,3118,1402,34518
0x402ea3,98.4154%,4194,260472,264666,4131,2908,1286,256341
0x40cd08,94.374%,3898,65387,69285,32937,2166,1732,32450
0x40bc89,94.6404%,3888,68655,72543,12120,2151,1737,56535
0x416578,90.3315%,3827,35755,39582,17665,1333,2494,18090
0x41eea2,97.3202%,3668,133208,136876,133195,61,3607,13
0x411450,94.874%,3624,67074,70698,47782,1370,2254,19292
0x40cfab,78.2021%,3613,12962,16575,8833,1477,2136,4129
0x416a0f,95.8263%,3590,82425,86015,82399,213,3377,26
0x40ce1e,81.2872%,3553,15434,18987,1734,2502,1051,13700
0x40ce32,77.1473%,3371,11380,14751,2459,2100,1271,8921
0x409e93,61.9786%,3236,5275,8511,4083,1297,1939,1192
0x40b609,85.7379%,2934,17638,20572,16145,717,2217,1493
0x409e64,65.9617%,2897,5614,8511,4417,1134,1763,1197
0x40ca4b,78.7435%,2886,10691,13577,1743,1742,1144,8948
0x40ca16,81.0633%,2732,11695,14427,8707,938,1794,2988
0x40f1d2,57.483%,2625,3549,6174,1639,1306,1319,1910
0x402c7e,95.9137%,2540,59619,62159,27551,1723,817,32068
0x40cd39,99.26%,2438,327011,329449,250964,1023,1415,76047
0x409733,97.659%,2422,101039,103461,38,2199,223,101001
0x40cfeb,84.2847%,2332,12507,14839,8882,786,1546,3625
0x40ce46,78.5126%,2190,8002,10192,5136,945,1245,2866
0x4113e4,93.2094%,2145,29443,31588,18558,970,1175,10885
0x41ee45,97.2911%,2050,73627,75677,73614,43,2007,13
0x41e7cb,98.5582%,1841,125848,127689,6586,990,851,119262
0x41e892,98.7099%,1764,134965,136729,5495,927,837,129470
0x40be26,96.1389%,1754,43674,45428,43625,201,1553,49
0x402e47,98.1434%,1749,92454,94203,83344,392,1357,9110
0x4a623e,96.3944%,1716,45877,47593,42891,265,1451,2986
0x40ca5f,83.4522%,1670,8422,10092,2393,1095,575,6029
0x4113a4,94.0842%,1653,26289,27942,15811,812,841,10478
0x40ca24,89.2978%,1544,12883,14427,2549,981,563,10334
0x41646f,98.4346%,1463,91994,93457,322,1223,240,91672
0x41eee2,97.2867%,1414,50699,52113,50683,31,1383,16
0x411424,94.9218%,1393,26038,27431,14120,693,700,11918
0x416427,96.7388%,1364,40461,41825,1203,1040,324,39258
0x409eb5,84.1499%,1349,7162,8511,7071,277,1072,91
0x40cc58,99.4606%,1311,241752,243063,111247,821,490,130505
0x40bd04,97.7512%,1304,56683,57987,56477,177,1127,206
0x40ca73,80.4058%,1294,5310,6604,1197,853,441,4113
0x40f1fb,63.267%,1293,2227,3520,1922,400,893,305
0x411464,95.3504%,1284,26331,27615,13975,633,651,12356
0x40ca87,72.7712%,1240,3314,4554,1269,715,525,2045
0x40b845,74.5061%,1226,3583,4809,2027,601,625,1556
0x40ceab,93.6852%,1199,17788,18987,12035,522,677,5753
0x41ddf9,99.5471%,1164,255859,257023,0,1163,1,255859
0x40cebb,82.7372%,1110,5320,6430,671,803,307,4649
0x40d028,89.6393%,1100,9517,10617,2031,774,326,7486
0x401ce1,96.264%,1054,27158,28212,19605,396,658,7553
0x41142c,91.8925%,1023,11595,12618,4988,533,490,6607
0x40bcb7,99.5917%,947,231001,231948,173584,377,570,57417
0x4a4140,90.6949%,944,9201,10145,432,806,138,8769
0x41e857,99.2771%,923,126766,127689,2496,920,3,124270
0x4096bc,98.5113%,906,59952,60858,40264,351,555,19688
0x40f224,65.9885%,886,1719,2605,598,517,369,1121
0x40cad7,99.6352%,880,240340,241220,180529,386,494,59811
0x40b8c1,88.4288%,869,6641,7510,5036,293,576,1605
0x409749,99.1514%,859,100365,101224,3,794,65,100362
0x4113ec,93.2753%,811,11249,12060,5564,406,405,5685
0x409653,98.479%,792,51278,52070,25786,488,304,25492
0x40f63e,72.3158%,789,2061,2850,1961,187,602,100
0x4c4a96,88.371%,776,5897,6673,3187,351,425,2710
0x4113ac,93.2591%,763,10556,11319,4011,412,351,6545
0x41e917,99.4551%,745,135984,136729,2873,743,2,133111
0x4a418e,92.6663%,744,9401,10145,455,623,121,8946
0x40f68e,74.4912%,727,2123,2850,2031,140,587,92
0x40bd78,81.7374%,719,3218,3937,2268,336,383,950
0x40249c,99.0981%,714,78450,79164,71882,266,448,6568
0x40c995,96.499%,691,19046,19737,8491,349,342,10555
0x402cbd,97.9067%,684,31992,32676,52,618,66,31940
0x416948,92.8429%,683,8860,9543,8856,51,632,4
0x416ad4,93.0387%,652,8714,9366,8710,85,567,4
0x40f1e7,80.0867%,643,2586,3229,2549,105,538,37
0x40976b,99.3896%,613,99814,100427,3,587,26,99811
0x401d13,97.0101%,598,19403,20001,15597,171,427,3806
0x40f610,79.5789%,582,2268,2850,2227,75,507,41
0x40ceec,99.7751%,561,248859,249420,186829,236,325,62030
0x402ceb,99.1055%,556,61603,62159,355,480,76,61248
0x409eba,52.2786%,555,608,1163,380,256,299,228
0x402e4f,94.6976%,555,9912,10467,9168,136,419,744
0x4a6247,87.5817%,551,3886,4437,2990,260,291,896
0x41146c,95.956%,526,12481,13007,5787,282,244,6694
0x41e613,93.7085%,512,7626,8138,4623,204,308,3003
0x41688c,99.5963%,505,124587,125092,80719,474,31,43868
0x41686d,99.703%,492,165160,165652,0,464,28,165160
0x4169fc,99.6281%,489,131004,131493,85914,467,22,45090
0x40f067,95.606%,472,10270,10742,2544,289,183,7726
0x40b8df,90.2267%,470,4339,4809,3669,208,262,670
0x40b96d,90.3514%,464,4345,4809,3904,127,337,441
0x4169dd,99.7349%,457,171939,172396,0,433,24,171939
0x40f666,84.1053%,453,2397,2850,2386,48,405,11
0x4164f5,99.9082%,431,469102,469533,24238,282,149,444864
0x4036f9,94.7116%,430,7701,8131,6933,60,370,768
0x402d3d,89.9363%,411,3673,4084,1940,230,181,1733
0x40b9fd,91.4743%,410,4399,4809,1272,303,107,3127
0x40f160,93.7383%,400,5988,6388,5,335,65,5983
0x4a612d,91.3836%,383,4062,4445,1375,185,198,2687
0x40ccc4,99.1705%,378,45191,45569,397,258,120,44794
0x401d5a,98.685%,371,27841,28212,20992,167,204,6849
0x41687b,99.7863%,353,164835,165188,39979,117,236,124856
0x4a40ed,96.5303%,352,9793,10145,6260,47,305,3533
0x4a4173,96.0481%,352,8555,8907,5345,182,170,3210
0x4a602d,86.7619%,343,2248,2591,501,207,136,1747
0x4152e4,95.9169%,332,7799,8131,106,283,49,7693
0x40efd1,96.234%,320,8177,8497,1665,198,122,6512
0x40954c,99.7067%,320,108801,109121,74341,126,194,34460
0x41169f,81.9897%,315,1434,1749,1144,56,259,290
0x415f9c,99.5471%,300,65943,66243,2375,228,72,63568
0x41e61c,96.375%,295,7843,8138,3794,168,127,4049
0x40b94c,80.4172%,291,1195,1486,404,150,141,791
0x402d16,99.532%,287,61037,61324,61035,25,262,2
0x40f099,98.5683%,285,19622,19907,7925,186,99,11697
0x4a5e9c,97.1106%,284,9545,9829,6614,112,172,2931
0x40b9dc,84.5238%,273,1491,1764,837,149,124,654
0x41e0fa,97.1335%,272,9217,9489,9217,6,266,0
0x40b708,99.6007%,271,67603,67874,13679,150,121,53924
0x415fc1,99.582%,266,63374,63640,1052,233,33,62322
0x40f0cb,98.0486%,265,13315,13580,2989,158,107,10326
0x4a4951,95.5664%,263,5669,5932,3235,162,101,2434
0x40ce7e,98.6517%,256,18731,18987,11071,120,136,7660
0x40cccc,99.4523%,246,44668,44914,3788,191,55,40880
0x40f210,79.5492%,245,953,1198,860,55,190,93
0x41e0d0,97.4289%,244,9246,9490,9200,24,220,46
0x4a40ca,77.3655%,244,834,1078,623,63,181,211
0x41ee8e,99.4665%,243,45308,45551,26697,84,159,18611
0x41e21f,83.0877%,241,1184,1425,68,205,36,1116
0x4a5eba,96.2998%,238,6194,6432,4758,88,150,1436
0x4a5e65,98.2231%,237,13101,13338,3057,201,36,10044
0x4a6004,94.3887%,235,3953,4188,1413,184,51,2540
0x40f18e,96.3995%,230,6158,6388,1,201,29,6157
0x4094e3,99.7483%,227,89945,90172,45926,142,85,44019
0x4162a4,99.6859%,227,72045,72272,70094,36,191,1951
0x4164fc,99.9492%,226,444787,445013,377547,74,152,67240
0x416026,99.4597%,226,41599,41825,28,194,32,41571
0x41e314,84.1404%,226,1199,1425,1143,84,142,56
0x40b6b1,99.4808%,225,43112,43337,35099,107,118,8013
0x40b768,99.6019%,216,54047,54263,11474,96,120,42573
0x4024b5,96.9641%,213,6803,7016,1726,184,29,5077
0x401d3b,94.8805%,212,3929,4141,1442,102,110,2487
0x4091bf,86.4164%,199,1266,1465,1203,47,152,63
0x40ef6d,98.2044%,194,10610,10804,3050,140,54,7560
0x4a5c55,98.0832%,188,9620,9808,5826,116,72,3794
0x40f035,98.9514%,177,16703,16880,7992,100,77,8711
0x409ed0,66.4137%,177,350,527,272,68,109,78
0x40f003,98.8414%,168,14332,14500,6211,122,46,8121
0x40ba84,90.8793%,167,1664,1831,163,93,74,1501
0x40b6a8,99.688%,166,53040,53206,9795,74,92,43245
0x40f239,88.9933%,164,1326,1490,1308,25,139,18
0x4a6424,95.1077%,159,3091,3250,1817,62,97,1274
0x4024bb,96.9644%,155,4951,5106,1248,137,18,3703
0x4a482f,98.7217%,152,11739,11891,648,83,69,11091
0x40ca2e,98.6235%,150,10747,10897,9601,44,106,1146
0x40f24d,88.3648%,148,1124,1272,10,121,27,1114
0x40b64f,99.5234%,143,29861,30004,26230,54,89,3631
0x4a5cea,98.2526%,140,7872,8012,6818,36,104,1054
0x416abb,98.8873%,135,11998,12133,4435,78,57,7563
0x40ef9f,99.3819%,132,21223,21355,8737,73,59,12486
0x4a6146,95.6204%,126,2751,2877,1903,63,63,848
0x41692b,99.24%,126,16453,16579,4440,66,60,12013
0x40b771,99.7096%,124,42569,42693,37315,45,79,5254
0x41f071,94.8557%,123,2268,2391,2121,30,93,147
0x4a4983,95.1479%,123,2412,2535,1330,66,57,1082
0x4a5ecb,92.4338%,120,1466,1586,1007,38,82,459
0x4a48fa,98.0471%,116,5824,5940,4480,39,77,1344
0x4a4119,98.8862%,113,10032,10145,161,71,42,9871
0x4a47a5,99.3719%,112,17719,17831,5875,65,47,11844
0x41fca9,88.8211%,110,874,984,791,29,81,83
0x41606f,99.7722%,104,45555,45659,1208,97,7,44347
0x40f262,91.1481%,101,1040,1141,40,70,31,1000
0x4a49b8,98.3648%,97,5835,5932,4216,40,57,1619
0x402e2a,99.4587%,95,17454,17549,10066,71,24,7388
0x4a5ff7,98.6173%,93,6633,6726,2469,69,24,4164
0x4a5ead,98.7715%,92,7397,7489,989,68,24,6408
0x41e624,97.9646%,85,4091,4176,2423,40,45,1668
0x42045f,93.2907%,84,1168,1252,15,66,18,1153
0x41fbe0,89.1927%,83,685,768,595,38,45,90
0x401cf4,98.9892%,83,8128,8211,6735,26,57,1393
0x4c4ab1,97.9366%,82,3892,3974,3128,26,56,764
0x41fda9,71.6312%,80,202,282,166,34,46,36
0x4c4e7f,96.8055%,79,2394,2473,260,27,52,2134
0x4a5f2b,92.4402%,79,966,1045,532,51,28,434
0x4c4aa2,97.5758%,76,3059,3135,401,35,41,2658
0x402d9b,98.1391%,76,4008,4084,9,55,21,3999
0x4c4e72,98.4531%,73,4646,4719,2211,35,38,2435
0x4a4088,88%,72,528,600,183,49,23,345
0x4a4931,95.0035%,71,1350,1421,962,35,36,388
0x40b646,99.8354%,71,43075,43146,13112,30,41,29963
0x41f5e4,91.024%,71,720,791,710,31,40,10
0x4201e2,86.729%,71,464,535,446,28,43,18
0x40b711,99.8705%,70,53975,54045,48591,24,46,5384
0x40ccd1,99.829%,70,40865,40935,3272,52,18,37593
0x4a5c75,98.1893%,70,3796,3866,2085,37,33,1711
0x4c4c63,97.7584%,67,2922,2989,2209,30,37,713
0x4bbda7,98.4093%,66,4083,4149,3909,51,15,174
0x420555,80.4805%,65,268,333,226,26,39,42
0x4169eb,99.9639%,62,171901,171963,40429,41,21,131472
0x4203d3,83.2418%,61,303,364,257,25,36,46
0x416a82,98.2075%,61,3342,3403,0,52,9,3342
0x4a64b6,98.1108%,60,3116,3176,1868,38,22,1248
0x4c4ba0,98.0977%,60,3094,3154,2956,33,27,138
0x41ec6f,92.1647%,59,694,753,691,21,38,3
0x4163fd,73.4234%,59,163,222,140,20,39,23
0x4c4dc2,97.8511%,58,2641,2699,2456,17,41,185
0x402763,99.1918%,57,6996,7053,1124,21,36,5872
0x41ea9c,90.6977%,56,546,602,475,11,45,71
0x41e9d3,90.378%,56,526,582,446,22,34,80
0x4a5ee6,95.2847%,53,1071,1124,1041,28,25,30
0x4024c4,98.5757%,53,3668,3721,2038,17,36,1630
0x4c4c56,99.0934%,52,5684,5736,2715,32,20,2969
0x4113fb,99.1626%,51,6039,6090,811,31,20,5228
0x4a5cd0,99.3676%,51,8013,8064,16,36,15,7997
0x401d29,98.7952%,51,4182,4233,47,45,6,4135
0x4113bb,99.2604%,51,6845,6896,404,31,20,6441
0x41ebf5,96.601%,50,1421,1471,1420,10,40,1
0x420372,89.8167%,50,441,491,432,16,34,9
0x41eca6,96.7593%,49,1463,1512,1463,8,41,0
0x41f60e,60.1626%,49,74,123,49,24,25,25
0x402d7c,97.4129%,49,1845,1894,0,37,12,1845
0x416902,99.3803%,48,7698,7746,0,46,2,7698
0x41fbc9,95.122%,48,936,984,181,35,13,755
0x41e24d,96.728%,48,1419,1467,1416,11,37,3
0x42032f,93.133%,48,651,699,45,37,11,606
0x41fc03,93.8802%,47,721,768,711,19,28,10
0x403763,99.3316%,47,6985,7032,9,46,1,6976
0x4091e7,78.1395%,47,168,215,126,17,30,42
0x4b0299,88.4712%,46,353,399,45,28,18,308
0x420186,92.9907%,45,597,642,595,12,33,2
0x40370f,96.1336%,44,1094,1138,1094,5,39,0
0x420222,93.8115%,44,667,711,667,10,34,0
0x4b024e,99.1178%,43,4831,4874,4829,7,36,2
0x40922b,68.6131%,43,94,137,51,22,21,43
0x49eca6,90.8096%,42,415,457,49,25,17,366
0x420425,92.0904%,42,489,531,432,17,25,57
0x402c83,99.8723%,42,32843,32885,169,40,2,32674
0x41e300,97.2014%,41,1424,1465,0,40,1,1424
0x41e338,97.1228%,41,1384,1425,1384,4,37,0
0x4a41cb,93.3333%,40,560,600,519,21,19,41
0x4a498c,96.4881%,40,1099,1139,127,24,16,972
0x41143b,99.4364%,40,7057,7097,1783,33,7,5274
0x4b02bc,89.9749%,40,359,399,309,33,7,50
0x41ea3f,95%,39,741,780,741,18,21,0
0x41e9a7,95%,39,741,780,174,24,15,567
0x4b02cd,90.4762%,38,361,399,359,28,10,2
0x41e213,97.4061%,38,1427,1465,9,31,7,1418
0x4f3dc5,59.1398%,38,55,93,32,17,21,23
0x4152f4,99.5092%,38,7704,7742,7630,17,21,74
0x4a615f,95.8288%,38,873,911,831,17,21,42
0x41e633,99.0409%,38,3924,3962,2354,10,28,1570
0x40c979,99.9636%,38,104216,104254,5,30,8,104211
0x4bbdbc,98.248%,38,2131,2169,2045,17,21,86
0x4204a2,95.9739%,37,882,919,882,6,31,0
0x4bbdd3,98.2941%,37,2132,2169,152,25,12,1980
0x42033d,94.0032%,37,580,617,100,26,11,480
0x4b02a9,90.9774%,36,363,399,316,16,20,47
0x4a5e97,99.6429%,36,10044,10080,232,19,17,9812
0x41ea77,95.2186%,35,697,732,116,14,21,581
0x41691d,99.7892%,35,16572,16607,0,28,7,16572
0x4a64a9,98.9295%,34,3142,3176,23,21,13,3119
0x41ea0f,84.3434%,31,167,198,7,23,8,160
0x41e797,99.5592%,31,7001,7032,3603,13,18,3398
0x40ac87,50%,30,30,60,27,13,17,3
0x41eaff,95.9016%,30,702,732,702,10,20,0
0x4a6438,99.0769%,30,3220,3250,3172,4,26,48
0x402d42,98.4848%,29,1885,1914,2,18,11,1883
0x4a5f94,48.1481%,28,26,54,12,10,18,14
0x4a49e9,99.5286%,28,5912,5940,5910,13,15,2
0x40f1b7,99.5635%,27,6159,6186,0,12,15,6159
0x4bbdfa,98.7552%,27,2142,2169,127,18,9,2015
0x40ac82,66.6667%,27,54,81,2,19,8,52
0x4bbdac,98.7552%,27,2142,2169,2079,13,14,63
0x4a60f6,99.2327%,25,3233,3258,40,12,13,3193
0x409264,69.1358%,25,56,81,52,10,15,4
0x409203,82.5175%,25,118,143,1,8,17,117
0x41f51e,98.0182%,24,1187,1211,270,13,11,917
0x41fd42,88.8372%,24,191,215,184,14,10,7
0x420349,95.112%,24,467,491,414,12,12,53
0x41eacf,81.5385%,24,106,130,9,12,12,97
0x4c4ba6,85.4545%,24,141,165,6,12,12,135
0x454988,74.1935%,24,69,93,20,17,7,49
0x41edef,99.659%,24,7015,7039,3612,8,16,3403
0x49375b,57.8947%,24,33,57,1,10,14,32
0x41fbee,81.3008%,23,100,123,97,11,12,3
0x41e988,46.3415%,22,19,41,9,11,11,10
0x4019ff,98.7952%,22,1804,1826,358,18,4,1446
0x41f04b,92.1708%,22,259,281,36,5,17,223
0x4bbde4,98.9857%,22,2147,2169,161,14,8,1986
0x41f52f,97.7371%,21,907,928,782,11,10,125
0x4091f2,70.8333%,21,51,72,51,18,3,0
0x493dc1,89.9038%,21,187,208,184,7,14,3
0x4201c1,96.0748%,21,514,535,429,8,13,85
0x4a5fd3,96.3979%,21,562,583,15,3,18,547
0x40932c,50%,20,20,40,13,7,13,7
0x4f0cfa,68.75%,20,44,64,1,12,8,43
0x4092b2,66.1017%,20,39,59,23,16,4,16
0x4bd1f1,94.3662%,20,335,355,0,6,14,335
0x4bbe67,99.4949%,20,3940,3960,1962,18,2,1978
0x48e666,91.8367%,20,225,245,188,6,14,37
0x41147b,99.7117%,20,6918,6938,1860,15,5,5058
0x41edf9,99.415%,20,3399,3419,1390,9,11,2009
0x42046d,98.3775%,19,1152,1171,235,17,2,917
0x4061dd,94.4767%,19,325,344,325,11,8,0
0x416acc,99.7507%,19,7601,7620,2761,19,0,4840
0x41fc12,52.6316%,18,20,38,5,7,11,15
0x41fd1c,91.6279%,18,197,215,180,12,6,17
0x42032a,97.6953%,18,763,781,64,18,0,699
0x420397,89.6341%,17,147,164,75,7,10,72
0x41fd7e,45.1613%,17,14,31,4,10,7,10
0x404c6a,95.6186%,17,371,388,371,8,9,0
0x420479,98.1502%,17,902,919,849,9,8,53
0x41693c,99.8675%,16,12057,12073,7051,13,3,5006
0x41fbe5,88.1481%,16,119,135,5,7,9,114
0x4093c4,60%,16,24,40,15,4,12,9
0x409236,75%,16,48,64,30,14,2,18
0x41fc4f,58.9744%,16,23,39,7,6,10,16
0x4b02e6,95.99%,16,383,399,379,12,4,4
0x48ebd6,85.4545%,16,94,110,41,10,6,53
0x40ad76,80.2469%,16,65,81,65,7,9,0
0x416aad,99.8683%,16,12130,12146,0,13,3,12130
0x409240,79.4521%,15,58,73,0,12,3,58
0x40929d,75.8065%,15,47,62,47,12,3,0
0x406377,95.6395%,15,329,344,329,7,8,0
0x4937c2,76.5625%,15,49,64,5,2,13,44
0x44b4b6,95.2703%,14,282,296,255,4,10,27
0x403dde,64.1026%,14,25,39,22,8,6,3
0x49572b,78.125%,14,50,64,36,12,2,14
0x4a493a,96.934%,13,411,424,2,12,1,409
0x49249b,67.5%,13,27,40,0,10,3,27
0x41e357,99.1126%,13,1452,1465,1420,5,8,32
0x4a5f01,80.8824%,13,55,68,22,10,3,33
0x4a6139,99.5494%,13,2872,2885,5,3,10,2867
0x41fcc7,92.0732%,13,151,164,71,11,2,80
0x41fc77,68.4211%,12,26,38,10,4,8,16
0x48ec0e,72.7273%,12,32,44,32,12,0,0
0x40b776,99.929%,12,16891,16903,6038,8,4,10853
0x41fd08,96.0993%,11,271,282,60,7,4,211
0x4201b5,98.4529%,11,700,711,156,11,0,544
0x4a4f56,92.7152%,11,140,151,0,0,11,140
0x41e1f0,99.2502%,11,1456,1467,0,1,10,1456
0x41f5b2,98.6129%,11,782,793,782,9,2,0
0x42034e,84.6154%,10,55,65,3,2,8,52
0x4a4945,99.8316%,10,5930,5940,0,8,2,5930
0x43f9f1,72.973%,10,27,37,27,10,0,0
0x494b75,84.375%,10,54,64,7,9,1,47
0x404bcd,97.6415%,10,414,424,413,2,8,1
0x40ad45,87.5%,10,70,80,0,9,1,70
0x41f534,92.5926%,10,125,135,117,8,2,8
0x4f3d68,71.875%,9,23,32,23,7,2,0
0x420281,91.8919%,9,102,111,102,3,6,0
0x4a5d53,82.6923%,9,43,52,33,2,7,10
0x4a47da,99.9243%,9,11882,11891,0,0,9,11882
0x408c7c,96.3265%,9,236,245,229,7,2,7
0x494314,50%,8,8,16,8,7,1,0
0x48e455,96.7347%,8,237,245,237,8,0,0
0x494b81,87.5%,8,56,64,45,3,5,11
0x446a53,89.1892%,8,66,74,29,8,0,37
0x41f59e,93.9394%,8,124,132,5,2,6,119
0x404742,99.2721%,8,1091,1099,1091,6,2,0
0x4a5f4d,98.4848%,7,455,462,11,2,5,444
0x48e5a4,97.1429%,7,238,245,238,7,0,0
0x4061bb,97.9651%,7,337,344,0,0,7,337
0x49196d,50%,7,7,14,6,1,6,1
0x4205d7,94.3548%,7,117,124,106,5,2,11
0x4204c7,91.4634%,7,75,82,75,6,1,0
0x41fb77,91.4634%,7,75,82,0,0,7,75
0x4201c6,92.8571%,7,91,98,0,3,4,91
0x48eb52,93.6364%,7,103,110,0,0,7,103
0x4b0294,98.2456%,7,392,399,0,2,5,392
0x4201bc,98.7132%,7,537,544,7,2,5,530
0x4115ec,99.5998%,7,1742,1749,1742,7,0,0
0x40ad02,82.5%,7,33,40,33,4,3,0
0x409393,82.5%,7,33,40,0,1,6,33
0x4f0cdb,90.625%,6,58,64,0,1,5,58
0x4116de,99.6569%,6,1743,1749,1199,1,5,544
0x40b655,99.9708%,6,20566,20572,10935,1,5,9631
0x42045a,99.5211%,6,1247,1253,0,1,5,1247
0x4205f6,94.5946%,6,105,111,104,1,5,1
0x41e261,85%,6,34,40,0,2,4,34
0x4946c1,62.5%,6,10,16,10,3,3,0
0x42011d,85.3659%,6,35,41,0,6,0,35
0x4052f8,83.7838%,6,31,37,3,5,1,28
0x4a4783,99.9664%,6,17825,17831,0,0,6,17825
0x4a7d87,99.9388%,6,9802,9808,0,0,6,9802
0x420486,91.8033%,5,56,61,56,4,1,0
0x40b716,99.974%,5,19254,19259,7359,4,1,11895
0x454a22,94.6237%,5,88,93,51,5,0,37
0x4945ec,84.375%,5,27,32,13,3,2,14
0x41fd21,78.2609%,5,18,23,2,1,4,16
0x4a5f96,84.375%,5,27,32,1,4,1,26
0x4039fd,16.6667%,5,1,6,1,1,4,0
0x403e86,83.3333%,5,25,30,25,5,0,0
0x48ed77,89.1304%,5,41,46,0,5,0,41
0x4047a9,99.545%,5,1094,1099,0,1,4,1094
0x40041c,91.0714%,5,51,56,26,4,1,25
0x4201a3,99.2978%,5,707,712,0,1,4,707
0x499896,88.0952%,5,37,42,35,1,4,2
0x41ecb5,90.2439%,4,37,41,0,0,4,37
0x4a5c95,99.7706%,4,1740,1744,0,0,4,1740
0x4921c2,91.3043%,4,42,46,2,3,1,40
0x4201ce,95.7895%,4,91,95,91,1,3,0
0x494956,75%,4,12,16,0,0,4,12
0x41e1fc,99.7271%,4,1462,1466,0,1,3,1462
0x49219a,91.3043%,4,42,46,41,3,1,1
0x4f3d14,91.3043%,4,42,46,42,2,2,0
0x4a4fee,71.4286%,4,10,14,0,1,3,10
0x4f0f1c,87.5%,4,28,32,28,4,0,0
0x4bbe98,99.9596%,4,9896,9900,1977,3,1,7919
0x41fbf6,73.3333%,4,11,15,3,1,3,8
0x4b032f,42.8571%,4,3,7,1,4,0,2
0x493740,93.75%,4,60,64,60,4,0,0
0x494bac,75%,4,12,16,4,1,3,8
0x494753,75%,4,12,16,11,0,4,1
0x494bc6,63.6364%,4,7,11,0,0,4,7
0x41f0aa,98.9324%,3,278,281,39,2,1,239
0x406354,81.25%,3,13,16,7,1,2,6
0x4a485e,99.9748%,3,11888,11891,731,0,3,11157
0x4950dd,40%,3,2,5,1,2,1,1
0x41e4ac,92.3077%,3,36,39,0,0,3,36
0x405269,91.8919%,3,34,37,34,3,0,0
0x420503,62.5%,3,5,8,5,2,1,0
0x4a5d72,94.2308%,3,49,52,7,2,1,42
0x420356,95%,3,57,60,57,1,2,0
0x48edf3,93.4783%,3,43,46,39,1,2,4
0x403aa7,57.1429%,3,4,7,4,2,1,0
0x41e4b8,92.5%,3,37,40,37,2,1,0
0x494d6d,81.25%,3,13,16,13,3,0,0
0x403e73,90%,3,27,30,24,2,1,3
0x40adab,77.7778%,2,7,9,7,1,1,0
0x43fb7c,94.5946%,2,35,37,35,2,0,0
0x40ad36,97.5309%,2,79,81,79,1,1,0
0x403281,96.875%,2,62,64,62,1,1,0
0x454ae2,92.3077%,2,24,26,24,2,0,0
0x4929ce,96.5517%,2,56,58,0,0,2,56
0x495120,87.5%,2,14,16,14,2,0,0
0x4f0d24,96.875%,2,62,64,62,2,0,0
0x40ad53,97.1831%,2,69,71,69,1,1,0
0x48ed39,95.6522%,2,44,46,44,2,0,0
0x4b03b3,0%,2,0,2,0,2,0,0
0x4a642e,99.8541%,2,1369,1371,1369,1,1,0
0x48ed30,95.6522%,2,44,46,39,1,1,5
0x4026c7,96.3636%,2,53,55,0,1,1,53
0x4201db,0%,2,0,2,0,2,0,0
0x40933c,95%,2,38,40,19,1,1,19
0x48e58b,99.1837%,2,243,245,243,2,0,0
0x494282,88.2353%,2,15,17,0,1,1,15
0x46c6bc,98.6486%,2,146,148,146,2,0,0
0x4f0def,87.5%,2,14,16,14,2,0,0
0x4a5f6f,93.75%,2,30,32,30,2,0,0
0x459db9,98.6486%,2,146,148,146,2,0,0
0x40adec,77.7778%,2,7,9,7,1,1,0
0x40056a,97.2973%,2,72,74,72,2,0,0
0x4092a8,33.3333%,2,1,3,1,1,1,0
0x41f5b6,0%,2,0,2,0,2,0,0
0x404bbc,99.5283%,2,422,424,422,2,0,0
0x4043d5,0%,2,0,2,0,1,1,0
0x40479f,99.818%,2,1097,1099,0,2,0,1097
0x4061cc,99.4186%,2,342,344,342,2,0,0
0x41fe77,97.561%,2,80,82,0,0,2,80
0x48ecf7,95.6522%,2,44,46,3,2,0,41
0x49371f,96.875%,2,62,64,62,2,0,0
0x409302,95%,2,38,40,0,1,1,38
0x41ef0c,99.2883%,2,279,281,279,2,0,0
0x40aa8c,77.7778%,2,7,9,7,1,1,0
0x43e3bc,98.6486%,2,146,148,146,2,0,0
0x48ec56,95.6522%,2,44,46,44,2,0,0
0x494bde,90.9091%,1,10,11,10,1,0,0
0x49491a,93.75%,1,15,16,15,1,0,0
0x43fdb4,97.2973%,1,36,37,36,1,0,0
0x43fc87,97.2973%,1,36,37,36,1,0,0
0x43fca4,97.2973%,1,36,37,36,1,0,0
0x49458e,93.75%,1,15,16,15,1,0,0
0x43fb69,97.2973%,1,36,37,36,1,0,0
0x4a5d64,94.1176%,1,16,17,16,1,0,0
0x493367,97.8261%,1,45,46,45,1,0,0
0x403b8a,0%,1,0,1,0,1,0,0
0x41ffc1,97.561%,1,40,41,40,1,0,0
0x41eb6f,97.561%,1,40,41,40,1,0,0
0x491aea,85.7143%,1,6,7,6,1,0,0
0x4f0f59,96.875%,1,31,32,31,1,0,0
0x403bb3,0%,1,0,1,0,1,0,0
0x4c1f72,99.3243%,1,147,148,147,1,0,0
0x49218d,97.8261%,1,45,46,45,1,0,0
0x48e97a,98.0392%,1,50,51,50,1,0,0
0x40279d,99.9858%,1,7052,7053,1145,0,1,5907
0x4201d6,66.6667%,1,2,3,0,1,0,2
0x492e23,97.7273%,1,43,44,43,1,0,0
0x4296f7,98.6486%,1,73,74,73,1,0,0
0x429dc7,97.2973%,1,36,37,36,1,0,0
0x403e99,96.6667%,1,29,30,29,1,0,0
0x4a4a02,94.1176%,1,16,17,16,1,0,0
0x4f0924,94.1176%,1,16,17,16,1,0,0
0x4a63c4,94.1176%,1,16,17,16,1,0,0
0x4033bf,0%,1,0,1,0,1,0,0
0x44b76e,97.2973%,1,36,37,36,1,0,0
0x429e1b,97.2973%,1,36,37,36,1,0,0
0x43e3a3,98.6486%,1,73,74,73,1,0,0
0x4043fb,0%,1,0,1,0,1,0,0
0x460c1e,97.2973%,1,36,37,36,1,0,0
0x48e62c,99.5918%,1,244,245,244,1,0,0
0x403f1f,96.6667%,1,29,30,29,1,0,0
0x403ed2,96.6667%,1,29,30,29,1,0,0
0x454a9a,96.6667%,1,29,30,3,1,0,26
0x48efba,94.4444%,1,17,18,17,1,0,0
0x404287,0%,1,0,1,0,1,0,0
0x48e60f,99.5918%,1,244,245,244,1,0,0
0x402c56,99.914%,1,1162,1163,63,1,0,1099
0x460c90,97.2973%,1,36,37,36,1,0,0
0x48e95f,98.0392%,1,50,51,50,1,0,0
0x42a3b0,97.2973%,1,36,37,36,1,0,0
0x4a6178,98.4127%,1,62,63,62,1,0,0
0x491b50,85.7143%,1,6,7,6,1,0,0
0x45504d,97.2973%,1,36,37,36,1,0,0
0x45531c,97.2973%,1,36,37,36,1,0,0
0x45532b,97.2973%,1,36,37,36,1,0,0
0x44b711,97.2973%,1,36,37,36,1,0,0
0x4550a7,97.2973%,1,36,37,36,1,0,0
0x43fa37,97.2973%,1,36,37,36,1,0,0
0x43fa42,97.2973%,1,36,37,36,1,0,0
0x40c164,97.2973%,1,36,37,36,1,0,0
0x48ef17,94.4444%,1,17,18,17,1,0,0
0x4033ea,0%,1,0,1,0,1,0,0
0x405ef2,87.5%,1,7,8,7,1,0,0
0x48e534,99.5918%,1,244,245,244,1,0,0
0x4a61a7,87.5%,1,7,8,7,1,0,0
0x4052e3,97.2973%,1,36,37,36,1,0,0
0x4b01ac,97.3684%,1,37,38,37,1,0,0
0x454c88,96.6667%,1,29,30,29,1,0,0
0x4939f7,93.75%,1,15,16,15,1,0,0
0x4a60d4,94.4444%,1,17,18,8,1,0,9
0x4a60a3,94.4444%,1,17,18,17,1,0,0
0x453d92,99.2308%,1,129,130,129,1,0,0
0x4a62c0,98.0769%,1,51,52,51,1,0,0
0x43fcdd,97.2973%,1,36,37,36,1,0,0
0x48ed80,97.561%,1,40,41,40,1,0,0
0x404c0f,88.8889%,1,8,9,8,1,0,0
0x4203db,99.3902%,1,163,164,81,1,0,82
0x43fd2c,97.2973%,1,36,37,36,1,0,0
0x45333a,97.2973%,1,36,37,0,0,1,36
0x43fb5c,97.2973%,1,36,37,36,1,0,0
0x4a4058,98.3333%,1,59,60,59,1,0,0
0x48e5d3,99.5918%,1,244,245,244,1,0,0
0x49197e,85.7143%,1,6,7,0,1,0,6
0x43faf3,97.2973%,1,36,37,36,1,0,0
0x400404,98.2143%,1,55,56,55,1,0,0
0x43fd66,97.2973%,1,36,37,36,1,0,0
0x48ec2f,97.7273%,1,43,44,43,1,0,0
0x491931,92.8571%,1,13,14,13,1,0,0
0x402701,98.1818%,1,54,55,0,1,0,54
0x459960,99.3243%,1,147,148,147,1,0,0
0x403557,0%,1,0,1,0,1,0,0
0x49487a,93.75%,1,15,16,15,1,0,0
0x492b43,93.75%,1,15,16,15,1,0,0
0x4052d1,97.2973%,1,36,37,36,1,0,0
0x41ffd5,83.3333%,1,5,6,5,1,0,0
0x404611,0%,1,0,1,0,1,0,0
0x493d93,94.1176%,1,16,17,16,1,0,0
0x455011,98.3333%,1,59,60,59,1,0,0
0x4f0ef5,96.875%,1,31,32,31,1,0,0
0x494c06,90.9091%,1,10,11,10,1,0,0
0x492a9d,93.75%,1,15,16,15,1,0,0
0x43fd06,97.2973%,1,36,37,36,1,0,0
0x4f098f,98.4375%,1,63,64,63,1,0,0
0x406e16,0%,1,0,1,0,1,0,0
0x4a49f5,94.1176%,1,16,17,16,1,0,0
0x4034b7,0%,1,0,1,0,1,0,0
0x4040ea,0%,1,0,1,0,1,0,0
0x4998a1,83.3333%,1,5,6,5,1,0,0
0x402daa,99.9751%,1,4019,4020,4019,1,0,0
0x4a6ef7,99.927%,1,1369,1370,0,0,1,1369
0x4949f5,93.75%,1,15,16,15,1,0,0
0x45a40e,99.7748%,1,443,444,443,1,0,0
0x42a3da,97.2973%,1,36,37,36,1,0,0
0x42048e,0%,1,0,1,0,1,0,0
0x49309f,93.75%,1,15,16,15,1,0,0
0x446a76,97.2973%,1,36,37,36,1,0,0
0x49519a,93.75%,1,15,16,15,1,0,0
0x49469e,93.75%,1,15,16,15,1,0,0
0x43f9c9,97.2973%,1,36,37,36,1,0,0
0x493dc6,94.1176%,1,16,17,16,1,0,0
0x493da8,99.5192%,1,207,208,15,1,0,192
0x4205b1,99.1935%,1,123,124,123,1,0,0
0x4a501c,0%,1,0,1,0,1,0,0
0x494823,93.75%,1,15,16,15,1,0,0
0x4f0e21,93.75%,1,15,16,15,1,0,0
0x495463,93.75%,1,15,16,15,1,0,0
0x493cc8,93.75%,1,15,16,15,1,0,0
0x48e4df,99.5918%,1,244,245,244,1,0,0
0x4549aa,98.9247%,1,92,93,92,1,0,0
0x4f2042,93.75%,1,15,16,15,1,0,0
0x45a3c1,99.7748%,1,443,444,443,1,0,0
0x43e343,98.6486%,1,73,74,73,1,0,0
0x403a3f,50%,1,1,2,1,1,0,0
0x403595,0%,1,0,1,0,1,0,0
0x4938e4,93.75%,1,15,16,15,1,0,0
0x49495e,93.75%,1,15,16,15,1,0,0
0x46c778,99.3243%,1,147,148,147,1,0,0
0x41e426,97.5%,1,39,40,0,1,0,39
0x40ab48,88.8889%,1,8,9,8,1,0,0
0x40b6b6,99.9944%,1,17999,18000,8131,0,1,9868
0x44b7ff,97.2973%,1,36,37,36,1,0,0
0x41e44a,97.4359%,1,38,39,38,1,0,0
0x403eb9,96.1538%,1,25,26,25,1,0,0
0x495010,93.3333%,1,14,15,14,1,0,0
0x4947ff,93.75%,1,15,16,15,1,0,0
0x493034,93.75%,1,15,16,15,1,0,0
0x42035e,50%,1,1,2,1,1,0,0
0x494393,93.75%,1,15,16,0,1,0,15
0x403163,98.4375%,1,63,64,63,1,0,0
0x43e756,99.7921%,1,480,481,480,1,0,0
0x403bec,0%,1,0,1,0,1,0,0
0x40c1a2,97.2973%,1,36,37,36,1,0,0
0x403bd3,0%,1,0,1,0,1,0,0
0x420627,92.3077%,1,12,13,12,1,0,0
0x48ed00,97.561%,1,40,41,40,1,0,0
0x4b0378,0%,1,0,1,0,1,0,0
0x4b034e,50%,1,1,2,0,1,0,1
0x421dac,99.6622%,1,295,296,295,1,0,0
0x4921cf,97.561%,1,40,41,40,1,0,0
0x4946cd,66.6667%,1,2,3,2,1,0,0
0x494aad,93.75%,1,15,16,15,1,0,0
0x46c72b,99.3243%,1,147,148,147,1,0,0
0x41f56a,90%,1,9,10,9,1,0,0
0x405243,97.2973%,1,36,37,36,1,0,0
0x41f2b5,97.561%,1,40,41,40,1,0,0
0x4f3d19,50%,1,1,2,1,1,0,0
0x4925b6,97.7273%,1,43,44,43,1,0,0
0x49476e,50%,1,1,2,1,1,0,0
0x49475d,80%,1,4,5,4,1,0,0
0x403a2f,83.3333%,1,5,6,5,1,0,0
0x40464a,0%,1,0,1,0,1,0,0
0x41fbfc,90.9091%,1,10,11,10,1,0,0
0x403a58,83.3333%,1,5,6,5,1,0,0
0x403a2a,83.3333%,1,5,6,5,1,0,0
0x4bd25c,83.3333%,1,5,6,5,1,0,0
0x421ce0,97.561%,1,40,41,40,1,0,0
0x49443e,93.75%,1,15,16,15,1,0,0
0x492124,97.8261%,1,45,46,45,1,0,0
0x48eea6,97.8261%,1,45,46,45,1,0,0
0x494695,96.875%,1,31,32,15,1,0,16
0x41dc4e,99.9142%,1,1165,1166,1165,1,0,0
0x4a4da4,94.1176%,1,16,17,16,1,0,0
0x41fec5,98.7805%,1,81,82,81,1,0,0
0x45994a,99.3243%,1,147,148,147,1,0,0
0x453344,97.2973%,1,36,37,36,1,0,0
0x416ebf,0%,1,0,1,0,1,0,0
0x42050b,98.7805%,1,81,82,0,1,0,81
0x4041b4,0%,1,0,1,0,1,0,0
0x4947bf,93.75%,1,15,16,15,1,0,0
0x493a7f,93.75%,1,15,16,15,1,0,0
0x40ab7e,88.8889%,1,8,9,8,1,0,0
0x494a6b,93.75%,1,15,16,15,1,0,0
0x41e4a2,97.4359%,1,38,39,38,1,0,0
0x493d07,93.75%,1,15,16,15,1,0,0
0x41fd29,95%,1,19,20,19,1,0,0
0x4933e9,97.8261%,1,45,46,45,1,0,0
0x4944d3,93.75%,1,15,16,15,1,0,0
0x49297a,98.2759%,1,57,58,57,1,0,0
0x454fdd,98.3333%,1,59,60,59,1,0,0
0x406e11,100%,0,1,1,0,0,0,1
0x494bbc,100%,0,11,11,0,0,0,11
0x492a84,100%,0,16,16,0,0,0,16
0x41e861,100%,0,124273,124273,0,0,0,124273
0x41fbda,100%,0,768,768,0,0,0,768
0x403776,100%,0,6977,6977,6977,0,0,0
0x411667,100%,0,1749,1749,0,0,0,1749
0x41e7b2,100%,0,127689,127689,0,0,0,127689
0x404a4e,100%,0,9,9,0,0,0,9
0x402508,100%,0,3295,3295,0,0,0,3295
0x41f559,100%,0,10,10,0,0,0,10
0x402b11,100%,0,2292,2292,0,0,0,2292
0x41e1c9,100%,0,40,40,0,0,0,40
0x494528,100%,0,16,16,0,0,0,16
0x4a5d19,100%,0,1158,1158,1158,0,0,0
0x4a5cfe,100%,0,1158,1158,0,0,0,1158
0x494fb4,100%,0,16,16,0,0,0,16
0x4a5cf3,100%,0,1158,1158,0,0,0,1158
0x402ad9,100%,0,2292,2292,0,0,0,2292
0x4150c1,100%,0,16269,16269,16269,0,0,0
0x416d15,100%,0,7053,7053,7053,0,0,0
0x494431,100%,0,16,16,0,0,0,16
0x416cf4,100%,0,7053,7053,0,0,0,7053
0x402b50,100%,0,2292,2292,0,0,0,2292
0x4f0f46,100%,0,32,32,0,0,0,32
0x403753,100%,0,7032,7032,0,0,0,7032
0x4a6ee1,100%,0,1370,1370,0,0,0,1370
0x41e87d,100%,0,136729,136729,0,0,0,136729
0x49439c,100%,0,15,15,0,0,0,15
0x494306,100%,0,16,16,0,0,0,16
0x4942f6,100%,0,16,16,0,0,0,16
0x41e784,100%,0,7032,7032,7032,0,0,0
0x4f0945,100%,0,17,17,0,0,0,17
0x41e769,100%,0,7032,7032,0,0,0,7032
0x40373a,100%,0,7032,7032,0,0,0,7032
0x4a4911,100%,0,1421,1421,0,0,0,1421
0x4024f8,100%,0,1910,1910,0,0,0,1910
0x45e5eb,100%,0,74,74,0,0,0,74
0x494618,100%,0,16,16,0,0,0,16
0x402487,100%,0,79164,79164,0,0,0,79164
0x402a5c,100%,0,2292,2292,2292,0,0,0
0x4f13aa,100%,0,57,57,0,0,0,57
0x4a47c8,100%,0,11891,11891,0,0,0,11891
0x402481,100%,0,79164,79164,0,0,0,79164
0x402477,100%,0,79164,79164,0,0,0,79164
0x40244f,100%,0,7016,7016,0,0,0,7016
0x4937b2,100%,0,64,64,0,0,0,64
0x4a491b,100%,0,1421,1421,0,0,0,1421
0x4a63b7,100%,0,17,17,0,0,0,17
0x4f0d17,100%,0,51,51,0,0,0,51
0x402949,100%,0,1916,1916,0,0,0,1916
0x4c4b4e,100%,0,2699,2699,0,0,0,2699
0x45f3b0,100%,0,74,74,0,0,0,74
0x493733,100%,0,64,64,0,0,0,64
0x4a7de7,100%,0,9808,9808,0,0,0,9808
0x4945a7,100%,0,16,16,0,0,0,16
0x4c4a98,100%,0,3135,3135,0,0,0,3135
0x4a6ef0,100%,0,1370,1370,0,0,0,1370
0x411662,100%,0,1749,1749,0,0,0,1749
0x4a6152,100%,0,911,911,0,0,0,911
0x404256,100%,0,1,1,0,0,0,1
0x41fce7,100%,0,82,82,0,0,0,82
0x422bfc,100%,0,74,74,0,0,0,74
0x48efa9,100%,0,18,18,0,0,0,18
0x403c1f,100%,0,1,1,0,0,0,1
0x404078,100%,0,1,1,0,0,0,1
0x4165a0,100%,0,6460,6460,6460,0,0,0
0x40408c,100%,0,1,1,0,0,0,1
0x41fdc0,100%,0,82,82,0,0,0,82
0x4b0347,100%,0,2,2,0,0,0,2
0x48e475,100%,0,245,245,0,0,0,245
0x404260,100%,0,1,1,0,0,0,1
0x48ef70,100%,0,18,18,0,0,0,18
0x43f9b3,100%,0,37,37,0,0,0,37
0x40aa9f,100%,0,1,1,0,0,0,1
0x4a83f3,100%,0,17831,17831,0,0,0,17831
0x403db4,100%,0,39,39,0,0,0,39
0x49437b,100%,0,1,1,0,0,0,1
0x491a6e,100%,0,7,7,7,0,0,0
0x41eb97,100%,0,41,41,0,0,0,41
0x403084,100%,0,1,1,0,0,0,1
0x41ebc0,100%,0,41,41,0,0,0,41
0x4c1f44,100%,0,148,148,0,0,0,148
0x494544,100%,0,16,16,0,0,0,16
0x4937e1,100%,0,7,7,0,0,0,7
0x494352,100%,0,1,1,0,0,0,1
0x49272f,100%,0,6,6,0,0,0,6
0x41f55e,100%,0,10,10,0,0,0,10
0x4045d3,100%,0,1,1,0,0,0,1
0x41f565,100%,0,10,10,0,0,0,10
0x4a4bf0,100%,0,5940,5940,5940,0,0,0
0x4b0225,100%,0,38,38,0,0,0,38
0x4955b3,100%,0,1,1,0,0,0,1
0x41f599,100%,0,132,132,0,0,0,132
0x45d73b,100%,0,74,74,0,0,0,74
0x40310e,100%,0,64,64,64,0,0,0
0x460cd8,100%,0,37,37,0,0,0,37
0x48e64f,100%,0,245,245,0,0,0,245
0x41e47e,100%,0,39,39,0,0,0,39
0x459da0,100%,0,148,148,0,0,0,148
0x422bc6,100%,0,74,74,0,0,0,74
0x4947de,100%,0,16,16,0,0,0,16
0x40ce5a,100%,0,4111,4111,4111,0,0,0
0x460d09,100%,0,37,37,0,0,0,37
0x45d744,100%,0,74,74,0,0,0,74
0x45f369,100%,0,74,74,0,0,0,74
0x404b9a,100%,0,424,424,0,0,0,424
0x421e2a,100%,0,296,296,0,0,0,296
0x422be1,100%,0,74,74,0,0,0,74
0x45e59b,100%,0,74,74,0,0,0,74
0x45e5be,100%,0,74,74,0,0,0,74
0x4045f6,100%,0,1,1,0,0,0,1
0x42047e,100%,0,61,61,0,0,0,61
0x459935,100%,0,148,148,0,0,0,148
0x48ee4c,100%,0,6,6,0,0,0,6
0x492d03,100%,0,2,2,0,0,0,2
0x492ea6,100%,0,2,2,0,0,0,2
0x4045b1,100%,0,1,1,0,0,0,1
0x403aed,100%,0,1,1,0,0,0,1
0x4c1f3f,100%,0,148,148,0,0,0,148
0x404760,100%,0,1099,1099,1099,0,0,0
0x4a4cbe,100%,0,5940,5940,0,0,0,5940
0x40371d,100%,0,39,39,0,0,0,39
0x41ec84,100%,0,41,41,0,0,0,41
0x459da9,100%,0,148,148,0,0,0,148
0x41de75,100%,0,1,1,0,0,0,1
0x492bd1,100%,0,2,2,0,0,0,2
0x4a4f6b,100%,0,151,151,0,0,0,151
0x45f229,100%,0,74,74,0,0,0,74
0x4029a3,100%,0,1916,1916,0,0,0,1916
0x4b0315,100%,0,2,2,0,0,0,2
0x4b0309,100%,0,8,8,0,0,0,8
0x491b2e,100%,0,7,7,0,0,0,7
0x4acdf8,100%,0,16,16,0,0,0,16
0x409363,100%,0,40,40,0,0,0,40
0x404c44,100%,0,9,9,0,0,0,9
0x48e975,100%,0,51,51,0,0,0,51
0x493078,100%,0,16,16,0,0,0,16
0x4c4dc8,100%,0,226,226,0,0,0,226
0x48e61e,100%,0,245,245,0,0,0,245
0x404bab,100%,0,424,424,0,0,0,424
0x404bd9,100%,0,9,9,0,0,0,9
0x4047cb,100%,0,1,1,0,0,0,1
0x420474,100%,0,919,919,0,0,0,919
0x4a6078,100%,0,2591,2591,2591,0,0,0
0x4ace0b,100%,0,16,16,0,0,0,16
0x4a628d,100%,0,1744,1744,1744,0,0,0
0x4116c2,100%,0,1749,1749,1749,0,0,0
0x4a40a9,100%,0,1078,1078,0,0,0,1078
0x494948,100%,0,16,16,0,0,0,16
0x49547e,100%,0,16,16,16,0,0,0
0x494a49,100%,0,16,16,0,0,0,16
0x41e199,100%,0,40,40,0,0,0,40
0x416a90,100%,0,3351,3351,0,0,0,3351
0x4a6447,100%,0,74,74,0,0,0,74
0x4956f0,100%,0,16,16,0,0,0,16
0x49518b,100%,0,16,16,0,0,0,16
0x41690e,100%,0,7700,7700,0,0,0,7700
0x416339,100%,0,222,222,222,0,0,0
0x4a48e2,100%,0,5940,5940,0,0,0,5940
0x4c4af8,100%,0,3154,3154,0,0,0,3154
0x41e1bb,100%,0,40,40,0,0,0,40
0x454fd4,100%,0,60,60,0,0,0,60
0x49197a,100%,0,7,7,0,0,0,7
0x4051d8,100%,0,37,37,0,0,0,37
0x402905,100%,0,1916,1916,0,0,0,1916
0x41efeb,100%,0,281,281,0,0,0,281
0x4947b9,100%,0,16,16,0,0,0,16
0x4919aa,100%,0,6,6,0,0,0,6
0x4919bc,100%,0,6,6,0,0,0,6
0x41f0a2,100%,0,281,281,0,0,0,281
0x494b1c,100%,0,16,16,0,0,0,16
0x4a4161,100%,0,8907,8907,0,0,0,8907
0x4919e5,100%,0,6,6,0,0,0,6
0x4919f8,100%,0,7,7,0,0,0,7
0x459d40,100%,0,148,148,0,0,0,148
0x491a36,100%,0,7,7,0,0,0,7
0x4a40b3,100%,0,1078,1078,0,0,0,1078
0x455041,100%,0,37,37,0,0,0,37
0x45e5a4,100%,0,74,74,0,0,0,74
0x41e97a,100%,0,41,41,0,0,0,41
0x420136,100%,0,35,35,0,0,0,35
0x41e40d,100%,0,1,1,0,0,0,1
0x403958,100%,0,6,6,0,0,0,6
0x4038cc,100%,0,1,1,0,0,0,1
0x4a7dcc,100%,0,9808,9808,9808,0,0,0
0x4a4186,100%,0,10145,10145,0,0,0,10145
0x403871,100%,0,1,1,0,0,0,1
0x4a4cea,100%,0,5940,5940,0,0,0,5940
0x4a4049,100%,0,60,60,0,0,0,60
0x48e523,100%,0,245,245,0,0,0,245
0x49510d,100%,0,16,16,0,0,0,16
0x4a5ef8,100%,0,68,68,0,0,0,68
0x48ef8d,100%,0,18,18,0,0,0,18
0x43e3ca,100%,0,148,148,0,0,0,148
0x4a4795,100%,0,17831,17831,0,0,0,17831
0x4a47b7,100%,0,11891,11891,0,0,0,11891
0x49471b,100%,0,16,16,0,0,0,16
0x4a4807,100%,0,11891,11891,0,0,0,11891
0x4c4e1b,100%,0,2473,2473,0,0,0,2473
0x4a4834,100%,0,11160,11160,11160,0,0,0
0x42018b,100%,0,35,35,0,0,0,35
0x4918f0,100%,0,14,14,0,0,0,14
0x4a4157,100%,0,8907,8907,0,0,0,8907
0x4a5e86,100%,0,10080,10080,0,0,0,10080
0x494af3,100%,0,16,16,0,0,0,16
0x41138d,100%,0,23519,23519,0,0,0,23519
0x4924ef,100%,0,30,30,0,0,0,30
0x40ce69,100%,0,19750,19750,19750,0,0,0
0x402824,100%,0,1916,1916,1916,0,0,0
0x4bbed8,100%,0,1980,1980,1980,0,0,0
0x4a83ea,100%,0,17831,17831,0,0,0,17831
0x40286c,100%,0,1916,1916,1916,0,0,0
0x415fa9,100%,0,63640,63640,0,0,0,63640
0x4a7df0,100%,0,9808,9808,0,0,0,9808
0x40477b,100%,0,1099,1099,0,0,0,1099
0x4998c8,100%,0,42,42,0,0,0,42
0x4a8403,100%,0,17831,17831,0,0,0,17831
0x494915,100%,0,16,16,0,0,0,16
0x41ff5e,100%,0,82,82,0,0,0,82
0x4a7d73,100%,0,9808,9808,0,0,0,9808
0x4a48d4,100%,0,5940,5940,0,0,0,5940
0x4a48ab,100%,0,5940,5940,0,0,0,5940
0x4bbe6e,100%,0,1980,1980,0,0,0,1980
0x403928,100%,0,6,6,0,0,0,6
0x491915,100%,0,14,14,0,0,0,14
0x4a4859,100%,0,11891,11891,0,0,0,11891
0x4a49a3,100%,0,5932,5932,0,0,0,5932
0x454aab,100%,0,26,26,0,0,0,26
0x460ad6,100%,0,37,37,0,0,0,37
0x40290a,100%,0,1916,1916,0,0,0,1916
0x41eff0,100%,0,281,281,0,0,0,281
0x40ca38,100%,0,10092,10092,0,0,0,10092
0x43fc8f,100%,0,37,37,0,0,0,37
0x48ee31,100%,0,6,6,0,0,0,6
0x4f13b1,100%,0,57,57,0,0,0,57
0x4549f0,100%,0,93,93,0,0,0,93
0x4bbec2,100%,0,7920,7920,7920,0,0,0
0x453d71,100%,0,130,130,0,0,0,130
0x453d7a,100%,0,130,130,0,0,0,130
0x4169b4,100%,0,89784,89784,0,0,0,89784
0x404bed,100%,0,9,9,0,0,0,9
0x40326a,100%,0,64,64,0,0,0,64
0x492e6f,100%,0,44,44,0,0,0,44
0x403a6e,100%,0,2,2,0,0,0,2
0x40bc73,100%,0,72543,72543,0,0,0,72543
0x4f0e12,100%,0,16,16,0,0,0,16
0x411cde,100%,0,66243,66243,66243,0,0,0
0x4a52a3,100%,0,5940,5940,5940,0,0,0
0x402747,100%,0,7053,7053,0,0,0,7053
0x455058,100%,0,37,37,0,0,0,37
0x4169c0,100%,0,89784,89784,0,0,0,89784
0x4924d2,100%,0,30,30,0,0,0,30
0x49210e,100%,0,16,16,0,0,0,16
0x4c4b58,100%,0,2699,2699,2699,0,0,0
0x4a5c2a,100%,0,9808,9808,0,0,0,9808
0x404b89,100%,0,9,9,0,0,0,9
0x45e5f4,100%,0,74,74,0,0,0,74
0x491b04,100%,0,7,7,0,0,0,7
0x494518,100%,0,16,16,0,0,0,16
0x41eb2e,100%,0,41,41,0,0,0,41
0x45e60e,100%,0,74,74,0,0,0,74
0x40c09c,100%,0,37,37,0,0,0,37
0x40c0a4,100%,0,37,37,0,0,0,37
0x493218,100%,0,16,16,0,0,0,16
0x4a7d9b,100%,0,9808,9808,9808,0,0,0
0x446a3e,100%,0,74,74,0,0,0,74
0x43fc63,100%,0,37,37,0,0,0,37
0x43fc6e,100%,0,37,37,0,0,0,37
0x40ca9b,100%,0,2570,2570,2570,0,0,0
0x40ca05,100%,0,10897,10897,0,0,0,10897
0x4202e6,100%,0,1,1,0,0,0,1
0x491922,100%,0,14,14,0,0,0,14
0x420970,100%,0,9767,9767,9767,0,0,0
0x4bbe19,100%,0,2024,2024,0,0,0,2024
0x4165c3,100%,0,62796,62796,0,0,0,62796
0x41fe16,100%,0,82,82,0,0,0,82
0x4a484f,100%,0,11891,11891,11891,0,0,0
0x41f56f,100%,0,10,10,0,0,0,10
0x494c25,100%,0,11,11,0,0,0,11
0x4093a8,100%,0,40,40,1,0,0,39
0x49ecd9,100%,0,383,383,0,0,0,383
0x493cbb,100%,0,16,16,0,0,0,16
0x404411,100%,0,1,1,0,0,0,1
0x416313,100%,0,222,222,0,0,0,222
0x45a400,100%,0,444,444,0,0,0,444
0x45f220,100%,0,74,74,0,0,0,74
0x409279,100%,0,62,62,0,0,0,62
0x4a496d,100%,0,2535,2535,0,0,0,2535
0x48e674,100%,0,51,51,0,0,0,51
0x4a4c05,100%,0,5940,5940,0,0,0,5940
0x4a4963,100%,0,2535,2535,0,0,0,2535
0x446aa7,100%,0,37,37,0,0,0,37
0x41e490,100%,0,39,39,0,0,0,39
0x494624,100%,0,16,16,0,0,0,16
0x41debb,100%,0,441383,441383,441383,0,0,0
0x48eb81,100%,0,110,110,0,0,0,110
0x48ee1f,100%,0,6,6,0,0,0,6
0x404757,100%,0,1099,1099,0,0,0,1099
0x454c1e,100%,0,30,30,0,0,0,30
0x41fcda,100%,0,82,82,0,0,0,82
0x4a48b7,100%,0,5940,5940,5940,0,0,0
0x402b34,100%,0,2292,2292,2292,0,0,0
0x460c80,100%,0,37,37,0,0,0,37
0x40aa5b,100%,0,1,1,0,0,0,1
0x4a4779,100%,0,17831,17831,0,0,0,17831
0x4a47e9,100%,0,11891,11891,11891,0,0,0
0x429dae,100%,0,37,37,0,0,0,37
0x454c72,100%,0,30,30,0,0,0,30
0x40248c,100%,0,79164,79164,0,0,0,79164
0x4a488e,100%,0,5940,5940,5940,0,0,0
0x45f3b9,100%,0,74,74,0,0,0,74
0x4920ef,100%,0,16,16,0,0,0,16
0x41620b,100%,0,44354,44354,0,0,0,44354
0x41e62b,100%,0,3962,3962,0,0,0,3962
0x40478d,100%,0,1099,1099,0,0,0,1099
0x446a69,100%,0,37,37,0,0,0,37
0x4a4863,100%,0,11160,11160,11160,0,0,0
0x402dd8,100%,0,1163,1163,0,0,0,1163
0x4a7df5,100%,0,9808,9808,0,0,0,9808
0x401dfa,100%,0,7053,7053,7053,0,0,0
0x40cd1f,100%,0,34182,34182,4968,0,0,29214
0x4a4fd9,100%,0,14,14,0,0,0,14
0x404729,100%,0,1099,1099,1099,0,0,0
0x403c02,100%,0,1,1,0,0,0,1
0x4a4cca,100%,0,5940,5940,0,0,0,5940
0x48e597,100%,0,245,245,0,0,0,245
0x4a5d2d,100%,0,7217,7217,0,0,0,7217
0x4a4f64,100%,0,151,151,0,0,0,151
0x409e27,100%,0,1163,1163,0,0,0,1163
0x409e3a,100%,0,1163,1163,0,0,0,1163
0x4a4cd7,100%,0,5940,5940,5940,0,0,0
0x49ed04,100%,0,383,383,0,0,0,383
0x4a478d,100%,0,17831,17831,0,0,0,17831
0x43fcff,100%,0,37,37,0,0,0,37
0x4a48f0,100%,0,5940,5940,0,0,0,5940
0x41ec34,100%,0,41,41,0,0,0,41
0x41e365,100%,0,40,40,0,0,0,40
0x4a6274,100%,0,1057,1057,0,0,0,1057
0x491908,100%,0,14,14,0,0,0,14
0x4a7dac,100%,0,9808,9808,0,0,0,9808
0x416278,100%,0,44354,44354,0,0,0,44354
0x416183,100%,0,44355,44355,0,0,0,44355
0x48e50d,100%,0,245,245,0,0,0,245
0x403f01,100%,0,26,26,0,0,0,26
0x4a5e79,100%,0,10080,10080,0,0,0,10080
0x49990a,100%,0,42,42,0,0,0,42
0x4113dc,100%,0,25618,25618,0,0,0,25618
0x41e91d,100%,0,133113,133113,0,0,0,133113
0x40adc2,100%,0,1,1,0,0,0,1
0x491a50,100%,0,7,7,0,0,0,7
0x4bd1cd,100%,0,355,355,0,0,0,355
0x48e4d1,100%,0,245,245,0,0,0,245
0x454aca,100%,0,26,26,0,0,0,26
0x420243,100%,0,6,6,0,0,0,6
0x4029de,100%,0,1916,1916,0,0,0,1916
0x48e545,100%,0,245,245,0,0,0,245
0x494648,100%,0,16,16,0,0,0,16
0x460bdb,100%,0,37,37,0,0,0,37
0x45d75e,100%,0,74,74,0,0,0,74
0x48e690,100%,0,51,51,0,0,0,51
0x48e777,100%,0,110,110,0,0,0,110
0x494ba3,100%,0,16,16,0,0,0,16
0x41141c,100%,0,21910,21910,0,0,0,21910
0x402ad4,100%,0,2292,2292,0,0,0,2292
0x454c4d,100%,0,30,30,0,0,0,30
0x4160f6,100%,0,44355,44355,0,0,0,44355
0x41fd17,100%,0,215,215,0,0,0,215
0x4047b0,100%,0,1098,1098,1098,0,0,0
0x49eccb,100%,0,383,383,0,0,0,383
0x49ecba,100%,0,383,383,0,0,0,383
0x492e78,100%,0,44,44,0,0,0,44
0x48ef13,100%,0,18,18,0,0,0,18
0x4032a9,100%,0,1,1,0,0,0,1
0x493b9f,100%,0,16,16,0,0,0,16
0x409373,100%,0,40,40,0,0,0,40
0x41e290,100%,0,40,40,0,0,0,40
0x403eeb,100%,0,30,30,30,0,0,0
0x403f3d,100%,0,30,30,0,0,0,30
0x40c9af,100%,0,10897,10897,10897,0,0,0
0x492aad,100%,0,16,16,0,0,0,16
0x4a7ddb,100%,0,9808,9808,0,0,0,9808
0x49296a,100%,0,58,58,0,0,0,58
0x4bbf0a,100%,0,1980,1980,0,0,0,1980
0x4c4b02,100%,0,3154,3154,3154,0,0,0
0x402cfc,100%,0,61324,61324,0,0,0,61324
0x4a616b,100%,0,63,63,0,0,0,63
0x48ecd7,100%,0,46,46,0,0,0,46
0x492b33,100%,0,16,16,0,0,0,16
0x4c4bfb,100%,0,2989,2989,0,0,0,2989
0x48ebb0,100%,0,110,110,0,0,0,110
0x4552fa,100%,0,37,37,0,0,0,37
0x4938b3,100%,0,16,16,0,0,0,16
0x494c3c,100%,0,11,11,0,0,0,11
0x402997,100%,0,1916,1916,0,0,0,1916
0x40926f,100%,0,19,19,19,0,0,0
0x4040d9,100%,0,1,1,0,0,0,1
0x49424e,100%,0,16,16,0,0,0,16
0x4bbe2a,100%,0,3960,3960,3960,0,0,0
0x4a640f,100%,0,3250,3250,0,0,0,3250
0x494b62,100%,0,48,48,0,0,0,48
0x4a5e58,100%,0,6432,6432,0,0,0,6432
0x416844,100%,0,88939,88939,0,0,0,88939
0x4f13b6,100%,0,57,57,0,0,0,57
0x46c6dc,100%,0,148,148,0,0,0,148
0x4921b4,100%,0,46,46,0,0,0,46
0x4a6236,100%,0,43156,43156,0,0,0,43156
0x4a6405,100%,0,3250,3250,0,0,0,3250
0x48e47f,100%,0,245,245,0,0,0,245
0x4a648c,100%,0,3176,3176,0,0,0,3176
0x48ee55,100%,0,46,46,0,0,0,46
0x404bfe,100%,0,9,9,0,0,0,9
0x4a4fe7,100%,0,14,14,0,0,0,14
0x48ee89,100%,0,46,46,0,0,0,46
0x4a7dc3,100%,0,9808,9808,0,0,0,9808
0x4a5c87,100%,0,1744,1744,1744,0,0,0
0x4a63eb,100%,0,3250,3250,0,0,0,3250
0x460c73,100%,0,37,37,0,0,0,37
0x42a368,100%,0,37,37,0,0,0,37
0x460c13,100%,0,37,37,0,0,0,37
0x4163be,100%,0,222,222,0,0,0,222
0x460b0f,100%,0,37,37,0,0,0,37
0x4bbef9,100%,0,1980,1980,0,0,0,1980
0x4924fe,100%,0,30,30,0,0,0,30
0x41ec3d,100%,0,41,41,0,0,0,41
0x460c5f,100%,0,37,37,0,0,0,37
0x460c68,100%,0,37,37,0,0,0,37
0x42a35d,100%,0,37,37,0,0,0,37
0x4a5f8b,100%,0,22,22,0,0,0,22
0x420344,100%,0,491,491,0,0,0,491
0x45f360,100%,0,74,74,0,0,0,74
0x4202a8,100%,0,1,1,0,0,0,1
0x4552ff,100%,0,37,37,0,0,0,37
0x45503a,100%,0,37,37,0,0,0,37
0x41ede6,100%,0,7039,7039,0,0,0,7039
0x48ebc4,100%,0,110,110,0,0,0,110
0x42a541,100%,0,37,37,0,0,0,37
0x429714,100%,0,74,74,0,0,0,74
0x4061e6,100%,0,8,8,0,0,0,8
0x4f13af,100%,0,57,57,0,0,0,57
0x494a59,100%,0,16,16,0,0,0,16
0x416cbc,100%,0,7053,7053,0,0,0,7053
0x43fb96,100%,0,37,37,0,0,0,37
0x429f4b,100%,0,37,37,0,0,0,37
0x4a4882,100%,0,5940,5940,0,0,0,5940
0x494fa9,100%,0,16,16,0,0,0,16
0x42a546,100%,0,37,37,0,0,0,37
0x42a326,100%,0,37,37,0,0,0,37
0x42a340,100%,0,37,37,0,0,0,37
0x4a48c3,100%,0,5940,5940,0,0,0,5940
0x42a34d,100%,0,37,37,0,0,0,37
0x492eab,100%,0,2,2,0,0,0,2
0x48eefd,100%,0,18,18,0,0,0,18
0x494a41,100%,0,16,16,0,0,0,16
0x42059f,100%,0,124,124,0,0,0,124
0x4061aa,100%,0,344,344,0,0,0,344
0x494bfe,100%,0,11,11,0,0,0,11
0x416447,100%,0,39582,39582,0,0,0,39582
0x494363,100%,0,1,1,0,0,0,1
0x4bbf14,100%,0,1980,1980,0,0,0,1980
0x4a40d4,100%,0,392,392,0,0,0,392
0x4a417c,100%,0,3380,3380,0,0,0,3380
0x495711,100%,0,64,64,0,0,0,64
0x420572,100%,0,6,6,0,0,0,6
0x4a840c,100%,0,17831,17831,17831,0,0,0
0x4205ac,100%,0,124,124,0,0,0,124
0x454c37,100%,0,30,30,0,0,0,30
0x4929bd,100%,0,58,58,0,0,0,58
0x40c1b8,100%,0,37,37,0,0,0,37
0x41f609,100%,0,123,123,0,0,0,123
0x41fd51,100%,0,17,17,0,0,0,17
0x48e46c,100%,0,245,245,0,0,0,245
0x421a93,100%,0,17790,17790,0,0,0,17790
0x403899,100%,0,1,1,0,0,0,1
0x420569,100%,0,6,6,0,0,0,6
0x416853,100%,0,88939,88939,0,0,0,88939
0x403a85,100%,0,6,6,0,0,0,6
0x454c48,100%,0,30,30,0,0,0,30
0x454992,100%,0,56,56,0,0,0,56
0x48e682,100%,0,51,51,0,0,0,51
0x40ccb9,100%,0,41590,41590,0,0,0,41590
0x404278,100%,0,1,1,0,0,0,1
0x493d8d,100%,0,17,17,0,0,0,17
0x404a3f,100%,0,9,9,0,0,0,9
0x49308c,100%,0,16,16,0,0,0,16
0x406113,100%,0,8,8,0,0,0,8
0x411458,100%,0,21546,21546,0,0,0,21546
0x40caa8,100%,0,3485,3485,3485,0,0,0
0x406118,100%,0,8,8,0,0,0,8
0x494748,100%,0,16,16,0,0,0,16
0x40619b,100%,0,8,8,0,0,0,8
