Branch PC,Accuracy,Mispredictions,Correct Predictions,Total,dir_t_pred_t,dir_t_pred_nt,dir_nt_pred_t,dir_nt_pred_nt
aggregate,89.5461%,2080459,17820796,19901255,9168489,827924,1252535,8652307
0x40cc3f,75.5979%,99372,307856,407228,181409,46306,53066,126447
0x4164ea,88.9383%,97963,787645,885608,101606,71276,26687,686039
0x41683b,50.0275%,89841,89940,179781,45987,44316,45525,43953
0x40bda5,77.4245%,81737,280323,362060,251182,19636,62101,29141
0x40cf70,69.4758%,64991,147925,212916,123932,17886,47105,23993
0x40bbbf,62.0296%,64926,106065,170991,55194,31835,33091,50871
0x40c966,65.5578%,61146,116386,177532,56118,30187,30959,60268
0x40f6e4,67.814%,59465,125289,184754,73028,27274,32191,52261
0x40f70f,69.4215%,56495,128259,184754,103052,17197,39298,25207
0x40971d,79.2205%,55372,211102,266474,156785,20707,34665,54317
0x40f73a,72.7654%,50317,134437,184754,116303,13174,37143,18134
0x40bbb6,84.4498%,44631,242381,287012,88103,27918,16713,154278
0x40f765,76.3448%,43704,141050,184754,122884,10953,32751,18166
0x416416,77.46%,40428,138933,179361,104362,17421,23007,34571
0x41651f,78.6003%,39537,145218,184755,125985,7506,32031,19233
0x40cfb4,74.3334%,39120,113296,152416,103510,8607,30513,9786
0x40cdd3,87.0741%,38210,257398,295608,211061,7004,31206,46337
0x416298,68.4834%,36170,78595,114765,16603,26756,9414,61992
0x409544,77.1004%,33969,114370,148339,10559,25719,8250,103811
0x40b6d4,78.0134%,28060,99563,127623,91960,6450,21610,7603
0x40b734,78.4012%,27565,100058,127623,93515,5140,22425,6543
0x40b676,78.583%,27333,100290,127623,91383,6241,21092,8907
0x416558,85.5834%,26893,159649,186542,120245,8565,18328,39404
0x40cff1,78.0491%,26437,94000,120437,88784,4845,21592,5216
0x402e0b,69.4526%,26356,59923,86279,22241,13917,12439,37682
0x40ccb5,86.8105%,25954,170823,196777,165114,4765,21189,5709
0x40be17,71.7882%,25741,65501,91242,59981,4947,20794,5520
0x40b5f6,80.2199%,25244,102379,127623,90765,6402,18842,11614
0x40bc9b,70.0446%,21910,51232,73142,20326,12268,9642,30906
0x40f088,70.4974%,21803,52099,73902,37267,7847,13956,14832
0x40ef5c,71.0143%,21421,52481,73902,44541,6064,15357,7940
0x409489,71.7599%,21112,53647,74759,2432,17615,3497,51215
0x40b796,83.4873%,21074,106549,127623,46987,7327,13747,59562
0x40f024,71.9818%,20706,53196,73902,38595,7282,13424,14601
0x40d02e,79.8718%,20036,79506,99542,76289,3555,16481,3217
0x40cc72,78.2978%,19828,71536,91364,34314,6418,13410,37222
0x40cded,76.0688%,18557,58986,77543,56734,2867,15690,2252
0x40f056,74.9641%,18502,55400,73902,43142,5901,12601,12258
0x40efc0,76.3944%,17445,56457,73902,45129,5028,12417,11328
0x40ef8e,77.4133%,16692,57210,73902,40707,6196,10496,16503
0x41136c,83.1318%,16319,80425,96744,47994,4992,11327,32431
0x40eff2,78.6745%,15760,58142,73902,38304,6805,8955,19838
0x40f0ba,78.6853%,15752,58150,73902,43597,5261,10491,14553
0x4094d0,79.1196%,15610,59149,74759,4274,11932,3678,54875
0x402e1a,71.5668%,14251,35870,50121,33141,3053,11198,2729
0x4094ed,70.6039%,13820,33193,47013,30855,2982,10838,2338
0x4096b4,73.0832%,13667,37108,50775,4685,9644,4023,32423
0x40cf7a,82.4679%,12465,58633,71098,57624,1636,10829,1009
0x41de07,77.0255%,12080,40500,52580,26262,5578,6502,14238
0x411488,86.9981%,12006,80334,92340,70214,3522,8484,10120
0x40caeb,73.2015%,11894,32489,44383,21641,4800,7094,10848
0x40cf60,95.0157%,11350,216365,227715,211776,1140,10210,4589
0x41ddeb,78.8069%,11194,41625,52819,27035,5308,5886,14590
0x40b69d,88.8435%,10591,84340,94931,2534,8511,2080,81806
0x40bbd7,87.7576%,10279,73683,83962,71888,1707,8572,1795
0x40c98c,88.7543%,10256,80943,91199,80389,1074,9182,554
0x40ccf3,93.9692%,10245,159634,169879,122549,3447,6798,37085
0x416598,75.1482%,10188,30807,40995,28807,2134,8054,2000
0x40b6fd,90.5223%,9889,94451,104340,1478,8344,1545,92973
0x40cfbe,76.4957%,9472,30827,40299,29081,2088,7384,1746
0x416578,84.0504%,9208,48524,57732,23561,3230,5978,24963
0x40b75d,90.8848%,8793,87672,96465,2020,6998,1795,85652
0x411385,80.1591%,8682,35076,43758,27782,2072,6610,7294
0x40ce0a,69.7873%,8578,19814,28392,5340,5110,3468,14474
0x4095f9,69.4233%,8297,18838,27135,3686,5671,2626,15152
0x40cfa4,94.963%,8215,154879,163094,151402,1014,7201,3477
0x4113d4,81.3969%,8017,35078,43095,26362,2890,5127,8716
0x40cffb,72.5231%,7366,19442,26808,17513,2048,5318,1929
0x40b63b,90.0733%,6814,61829,68643,1348,5699,1115,60481
0x40cfe4,94.7488%,6764,122044,128808,119522,915,5849,2522
0x416018,91.0341%,6626,67276,73902,12397,3002,3624,54879
0x411414,84.8405%,6414,35896,42310,25228,2447,3967,10668
0x40bc89,92.9185%,6163,80866,87029,10008,3879,2284,70858
0x40d021,94.3401%,6047,100792,106839,98703,839,5208,2089
0x40d038,71.4286%,5628,14070,19698,2208,3922,1706,11862
0x409640,80.6965%,5238,21897,27135,2214,3688,1550,19683
0x40bc4b,72.4391%,4843,12729,17572,4480,2725,2118,8249
0x40965d,69.0108%,4768,10618,15386,9500,1326,3442,1118
0x40b609,84.6927%,4662,25794,30456,24518,931,3731,1276
0x40ce1e,74.0553%,4655,13287,17942,737,3716,939,12550
0x402e47,94.6638%,4604,81675,86279,81454,284,4320,221
0x40ce32,67.5588%,4376,9113,13489,2065,2732,1644,7048
0x40f115,94.1003%,4360,69542,73902,69531,107,4253,11
0x40cd08,90.0804%,4353,39530,43883,18450,2425,1928,21080
0x41e892,92.3982%,4005,48680,52685,18123,2177,1828,30557
0x40cf67,74.8024%,3729,11070,14799,7874,1564,2165,3196
0x40be26,94.5432%,3543,61385,64928,61229,366,3177,156
0x411450,91.4192%,3502,37310,40812,24932,1237,2265,12378
0x41ee6f,94.1653%,3074,49611,52685,49608,22,3052,3
0x409e64,57.3374%,2945,3958,6903,2866,1210,1735,1092
0x409e93,57.6706%,2922,3981,6903,3036,1115,1807,945
0x40cd39,98.5276%,2786,186435,189221,145073,1072,1714,41362
0x40ce46,68.2237%,2762,5930,8692,2806,1383,1379,3124
0x40bb0e,96.4482%,2639,71661,74300,71628,125,2514,33
0x41ee22,94.2132%,2149,34987,37136,34987,12,2137,0
0x4113e4,87.5617%,2118,14910,17028,8032,1098,1020,6878
0x40cfab,81.0639%,2022,8656,10678,6778,783,1239,1878
0x4113a4,88.4954%,1946,14969,16915,8571,949,997,6398
0x40ca73,65.0696%,1932,3599,5531,670,1329,603,2929
0x40be1b,92.9961%,1843,24471,26314,24410,201,1642,61
0x40f1d2,60.5572%,1812,2782,4594,2289,492,1320,493
0x41646f,99.0538%,1765,184776,186541,209,1578,187,184567
0x40ca5f,75.952%,1724,5445,7169,306,1332,392,5139
0x41eec2,94.1938%,1647,26719,28366,26716,14,1633,3
0x40cfeb,80.3369%,1646,6725,8371,5469,494,1152,1256
0x416895,97.9677%,1644,79250,80894,79165,65,1579,85
0x40cc58,99.3386%,1506,226209,227715,90325,1039,467,135884
0x411464,92.2791%,1435,17151,18586,9082,812,623,8069
0x40f1fb,54.1142%,1422,1677,3099,1173,576,846,504
0x411424,92.3266%,1405,16905,18310,8980,752,653,7925
0x402c7e,98.26%,1321,74598,75919,68195,554,767,6403
0x40ca87,63.675%,1283,2249,3532,1178,595,688,1071
0x40ceab,92.9439%,1266,16676,17942,12837,426,840,3839
0x40ca4b,86.408%,1128,7171,8299,248,882,246,6923
0x40d028,84.6649%,1119,6178,7297,1110,797,322,5068
0x40ca16,72.2416%,1117,2907,4024,2142,425,692,765
0x409733,98.9121%,968,88014,88982,0,946,22,88014
0x40f224,53.5204%,911,1049,1960,334,535,376,715
0x40b845,66.5489%,852,1695,2547,1372,315,537,323
0x41142c,90.8837%,782,7796,8578,3309,366,416,4487
0x4096bc,97.912%,761,35685,36446,23326,314,447,12359
0x41146c,91.3139%,755,7937,8692,3604,339,416,4333
0x40b8c1,82.8218%,722,3481,4203,3113,230,492,368
0x4113ec,90.9471%,715,7183,7898,2760,425,290,4423
0x40bcb7,99.7523%,711,286301,287012,214945,314,397,71356
0x4113ac,90.5341%,700,6695,7395,2660,351,349,4035
0x40cad7,99.6164%,681,176851,177532,132885,264,417,43966
0x40c995,93.0362%,678,9058,9736,6117,291,387,2941
0x416427,98.8428%,677,57826,58503,177,595,82,57649
0x40bd04,99.0648%,671,71082,71753,71048,70,601,34
0x409653,97.9662%,652,31407,32059,16273,400,252,15134
0x409749,99.3116%,606,87430,88036,0,584,22,87430
0x416a0f,99.2814%,580,80130,80710,80130,10,570,0
0x40b96d,77.5029%,573,1974,2547,1674,193,380,300
0x40ceec,99.8072%,570,295038,295608,221501,205,365,73537
0x40b8df,78.6023%,545,2002,2547,1689,181,364,313
0x40ca24,86.8539%,529,3495,4024,285,411,118,3210
0x40cebb,89.2712%,502,4177,4679,44,428,74,4133
0x40ccc4,98.5006%,466,30614,31080,719,311,155,29895
0x40249c,96.1416%,459,11437,11896,11437,2,457,0
0x416026,99.2206%,456,58047,58503,646,401,55,57401
0x40f160,90.5252%,442,4223,4665,6,395,47,4217
0x40bd78,77.6268%,428,1485,1913,1078,200,228,407
0x40976b,99.5335%,408,87044,87452,0,396,12,87044
0x40f067,98.4231%,392,24467,24859,3131,319,73,21336
0x4c4a96,76.2981%,388,1249,1637,586,180,208,663
0x40b9dc,69.1506%,385,863,1248,361,207,178,502
0x40efd1,98.4502%,368,23377,23745,3157,277,91,20220
0x40b94c,74.0028%,365,1039,1404,551,176,189,488
0x40f1e7,80.5295%,353,1460,1813,1445,50,303,15
0x41e7cb,99.4764%,343,65159,65502,3696,279,64,61463
0x40f0cb,98.6464%,339,24705,25044,3324,246,93,21381
0x4164f5,99.9624%,333,885275,885608,35023,216,117,850252
0x402ea3,99.7462%,300,117887,118187,172,287,13,117715
0x41687b,99.8263%,293,168368,168661,38995,116,177,129373
0x40f099,99.0482%,274,28514,28788,7344,216,58,21170
0x40f003,99.0588%,271,28522,28793,7672,218,53,20850
0x409eb5,96.2045%,262,6641,6903,6639,25,237,2
0x40ef6d,98.884%,260,23037,23297,3418,161,99,19619
0x41169f,47.8615%,256,235,491,117,125,131,118
0x402e4f,94.4506%,252,4289,4541,4287,15,237,2
0x402ceb,99.672%,249,75670,75919,1,238,11,75669
0x40954c,99.7787%,248,111813,112061,73471,109,139,38342
0x41ee8e,92.0131%,244,2811,3055,1729,87,157,1082
0x40ce7e,98.6456%,243,17699,17942,6386,114,129,11313
0x4a623e,95.7667%,241,5452,5693,4578,42,199,874
0x41ddf9,99.5437%,241,52578,52819,0,239,2,52578
0x420372,77.7983%,240,841,1081,717,94,146,124
0x40cccc,99.2313%,231,29819,30050,4018,164,67,25801
0x40f210,83.7037%,220,1130,1350,1095,44,176,35
0x40f035,99.24%,213,27812,28025,7683,125,88,20129
0x41eea2,99.6014%,210,52475,52685,52475,5,205,0
0x4164fc,99.9774%,192,850177,850369,700790,63,129,149387
0x40b9fd,92.5402%,190,2357,2547,512,159,31,1845
0x41e613,73.0659%,188,510,698,348,54,134,162
0x41e917,99.6508%,184,52501,52685,22,183,1,52479
0x4094e3,99.8008%,184,92206,92390,45291,86,98,46915
0x40b708,99.8265%,181,104159,104340,21922,99,82,82237
0x4169fc,99.8638%,179,131200,131379,89560,173,6,41640
0x401d13,89.1909%,175,1444,1619,1392,41,134,52
0x4162a4,99.7563%,174,71232,71406,69810,21,153,1422
0x40b6b1,99.771%,174,75803,75977,64853,79,95,10950
0x40b768,99.8207%,173,96292,96465,20373,88,85,75919
0x4204a2,77.1137%,157,529,686,368,75,82,161
0x401d5a,91.4488%,157,1679,1836,1330,47,110,349
0x401ce1,91.4488%,157,1679,1836,1582,37,120,97
0x415fc1,99.792%,155,74382,74537,485,150,5,73897
0x40f239,85.8845%,154,937,1091,924,26,128,13
0x40b6a8,99.8378%,154,94777,94931,18874,80,74,75903
0x40ef9f,99.4518%,148,26851,26999,7464,111,37,19387
0x41688c,99.8881%,145,129404,129549,87669,144,1,41735
0x41ee45,99.6095%,145,36991,37136,36991,1,144,0
0x40f610,86.2035%,141,881,1022,880,20,121,1
0x40f63e,86.2035%,141,881,1022,873,30,111,8
0x40f68e,86.3014%,140,882,1022,881,20,120,1
0x4a602d,83.787%,137,708,845,142,94,43,566
0x4163fd,86.915%,137,910,1047,900,25,112,10
0x40f666,86.6928%,136,886,1022,885,18,118,1
0x4113fb,97.1356%,135,4578,4713,678,107,28,3900
0x409eba,47.2803%,126,113,239,61,57,69,52
0x41f5e4,61.6129%,119,191,310,106,51,68,85
0x41e857,99.8229%,116,65386,65502,142,112,4,65244
0x4a5e65,97.0993%,116,3883,3999,914,89,27,2969
0x40ca2e,96.5745%,114,3214,3328,2523,44,70,691
0x41eee2,99.6016%,113,28253,28366,28253,3,110,0
0x40ba84,87.737%,97,694,791,41,79,18,653
0x4a4951,92.8833%,97,1266,1363,368,64,33,898
0x402763,79.9564%,92,367,459,225,15,77,142
0x4169dd,99.9466%,91,170352,170443,0,77,14,170352
0x4036f9,87.106%,90,608,698,451,6,84,157
0x4c4c56,97.0655%,90,2977,3067,2418,43,47,559
0x41f60e,65.9091%,90,174,264,65,46,44,109
0x4a6247,91.9851%,86,987,1073,787,35,51,200
0x4c4e72,97.7812%,86,3790,3876,3138,27,59,652
0x4a4119,83.8835%,83,432,515,207,62,21,225
0x41fca9,87.1914%,83,565,648,509,31,52,56
0x4a482f,85.2252%,82,473,555,249,60,22,224
0x4a6004,92.9443%,81,1067,1148,237,66,15,830
0x416abb,97.7982%,79,3509,3588,1417,46,33,2092
0x4152e4,88.6819%,79,619,698,108,35,44,511
0x41fc03,79.7333%,76,299,375,294,14,62,5
0x40f262,91.9492%,76,868,944,12,66,10,856
0x40f24d,92.4752%,76,934,1010,8,58,18,926
0x4a612d,93.0233%,75,1000,1075,311,41,34,689
0x40b64f,99.8448%,73,46973,47046,43175,19,54,3798
0x41ea77,72.7626%,70,187,257,5,53,17,182
0x4a41cb,97.166%,70,2400,2470,2222,1,69,178
0x41fbc9,89.1975%,70,578,648,204,61,9,374
0x40b771,99.9079%,70,75934,76004,67465,32,38,8469
0x4a5eba,96.737%,68,2016,2084,1093,22,46,923
0x420425,82.9517%,67,326,393,312,20,47,14
0x415f9c,99.9183%,62,75857,75919,1335,47,15,74522
0x42032f,96.6396%,62,1783,1845,11,50,12,1772
0x4a5c55,97.4928%,61,2372,2433,1338,26,35,1034
0x40b711,99.9259%,61,82258,82319,75104,23,38,7154
0x40f18e,98.6924%,61,4604,4665,0,54,7,4604
0x41e61c,91.2607%,61,637,698,432,12,49,205
0x41692b,98.8416%,58,4949,5007,1546,41,17,3403
0x41e633,86.9369%,58,386,444,244,14,44,142
0x41686d,99.9674%,55,168653,168708,0,47,8,168653
0x4c4c63,90.9241%,55,551,606,492,21,34,59
0x40b646,99.9213%,54,68589,68643,21565,32,22,47024
0x4c4e7f,92.6864%,52,659,711,45,28,24,614
0x4a5cea,97.3073%,51,1843,1894,1392,24,27,451
0x401d3b,69.4611%,51,116,167,106,18,33,10
0x420344,96.2632%,46,1185,1231,119,31,15,1066
0x4024b5,90.5908%,43,414,457,177,27,16,237
0x420555,86.2179%,43,269,312,263,18,25,6
0x4c4aa2,95.0631%,43,828,871,102,35,8,726
0x4a5e9c,97.8604%,42,1921,1963,1376,25,17,545
0x4a5c75,96.0711%,42,1027,1069,1027,2,40,0
0x4a49b8,96.9186%,42,1321,1363,181,26,16,1140
0x4201e2,82.9876%,41,200,241,108,20,21,92
0x4113bb,99.0648%,41,4343,4384,631,32,9,3712
0x42045f,96.5248%,40,1111,1151,0,31,9,1111
0x41f071,96.946%,39,1238,1277,1234,17,22,4
0x420397,53.5714%,39,45,84,41,20,19,4
0x409ed0,70.2479%,36,85,121,81,11,25,4
0x4a5ecb,96.2848%,36,933,969,206,28,8,727
0x40c979,99.9605%,36,91191,91227,8,20,16,91183
0x4a48fa,97.3607%,36,1328,1364,1179,17,19,149
0x41f51e,93.7824%,36,543,579,242,26,10,301
0x41e314,93.1507%,35,476,511,475,13,22,1
0x41143b,99.2862%,35,4868,4903,1470,28,7,3398
0x4a64b6,95.8025%,34,776,810,575,11,23,201
0x42033d,98.0942%,34,1750,1784,519,34,0,1231
0x40ccd1,99.8724%,33,25835,25868,3129,23,10,22706
0x41f609,88.8889%,33,264,297,14,19,14,250
0x41fc4f,55.5556%,32,40,72,10,15,17,30
0x4a47a5,98.4367%,30,1889,1919,1355,9,21,534
0x4a5f4d,87.013%,30,201,231,22,15,15,179
0x4203d3,77.9412%,30,106,136,99,14,16,7
0x420474,96.4548%,29,789,818,113,19,10,676
0x4a6146,95.9778%,29,692,721,676,10,19,16
0x4a4140,94.3689%,29,486,515,472,11,18,14
0x420503,96.8218%,28,853,881,851,13,15,2
0x4a5f94,90.4437%,28,265,293,6,20,8,259
0x4a6424,96.5937%,28,794,822,24,22,6,770
0x4a4983,96.9925%,28,903,931,744,3,25,159
0x42046d,97.5893%,27,1093,1120,277,25,2,816
0x41fc77,64%,27,48,75,20,7,20,28
0x416ad4,99.113%,27,3017,3044,3017,5,22,0
0x4169eb,99.9847%,26,170340,170366,38967,20,6,131373
0x41fe77,60.6061%,26,40,66,36,18,8,4
0x4a4931,84.5238%,26,142,168,5,18,8,137
0x4c4dc2,96.4578%,26,708,734,702,9,17,6
0x4a62c0,94.0092%,26,408,434,247,8,18,161
0x402e2a,99.8133%,26,13901,13927,8856,13,13,5045
0x401d29,86.5591%,25,161,186,2,17,8,159
0x41fc12,66.6667%,25,50,75,19,9,16,31
0x41edf9,90.1575%,25,229,254,92,18,7,137
0x4a64a9,96.9136%,25,785,810,241,12,13,544
0x42032a,98.7152%,24,1844,1868,1,22,2,1843
0x41fcc7,77.7778%,24,84,108,83,19,5,1
0x4a642e,96.9072%,24,752,776,523,11,13,229
0x4a5cd0,98.9971%,24,2369,2393,480,19,5,1889
0x41e624,90.9449%,23,231,254,127,17,6,104
0x4bbda7,97.4946%,23,895,918,894,14,9,1
0x4c4ba0,96.32%,23,602,625,592,14,9,10
0x41e797,95.4248%,21,438,459,201,4,17,237
0x41e21f,95.8904%,21,490,511,4,14,7,486
0x4a4088,99.1498%,21,2449,2470,251,18,3,2198
0x4a5e97,99.3324%,20,2976,2996,1017,16,4,1959
0x4204c7,58.3333%,20,28,48,20,11,9,8
0x4a418e,96.1165%,20,495,515,3,16,4,492
0x4a5ee6,97.29%,20,718,738,482,15,5,236
0x40f1b7,99.5663%,20,4591,4611,1,16,4,4590
0x42045a,98.2877%,20,1148,1168,1,16,4,1147
0x416948,99.4053%,20,3343,3363,3343,0,20,0
0x41147b,99.5999%,19,4730,4749,1444,14,5,3286
0x402cbd,99.7487%,18,7146,7164,0,17,1,7146
0x4a40ed,96.5049%,18,497,515,481,13,5,16
0x41fbda,95.5614%,17,366,383,1,7,10,365
0x4a5ff7,98.7866%,17,1384,1401,241,12,5,1143
0x4a60f6,98.3051%,17,986,1003,424,10,7,562
0x416339,98.4718%,16,1031,1047,1031,15,1,0
0x4c4ab1,98.2281%,16,887,903,619,6,10,268
0x420349,98.6124%,15,1066,1081,1066,10,5,0
0x41e9a7,97.0817%,15,499,514,239,15,0,260
0x40b776,99.9517%,14,28954,28968,9006,12,2,19948
0x41fbe0,96.2667%,14,361,375,361,9,5,0
0x4024bb,94.8617%,13,240,253,239,0,13,1
0x4a417c,31.5789%,13,6,19,2,7,6,4
0x41ea9c,93.4673%,13,186,199,181,10,3,5
0x41f04b,55.1724%,13,16,29,0,3,10,16
0x420186,94.9416%,13,244,257,244,11,2,0
0x4a615f,62.8571%,13,22,35,18,3,10,4
0x41ff27,56.6667%,13,17,30,13,5,8,4
0x4a5c95,67.5%,13,27,40,0,0,13,27
0x41e9d3,95.3846%,12,248,260,244,4,8,4
0x41ea0f,95.2756%,12,242,254,2,5,7,240
0x4a6139,98.3402%,12,711,723,0,2,10,711
0x41ff5e,38.8889%,11,7,18,2,10,1,5
0x41e24d,97.8474%,11,500,511,500,9,2,0
0x4a6438,98.6618%,11,811,822,808,2,9,3
0x41e338,97.8474%,11,500,511,500,5,6,0
0x4a5f96,96.2547%,10,257,267,238,6,4,19
0x4a5d53,97.996%,10,489,499,489,0,10,0
0x4a5f01,96.4029%,10,268,278,266,1,9,2
0x4a5d72,98.1964%,9,490,499,250,4,5,240
0x4091bf,98.2387%,9,502,511,502,3,6,0
0x4a49e9,99.3402%,9,1355,1364,1355,7,2,0
0x4205d7,95.4545%,9,189,198,93,5,4,96
0x41eaff,96.4981%,9,248,257,248,8,1,0
0x41eca6,98.8327%,9,762,771,762,6,3,0
0x41ec6f,97.9221%,8,377,385,377,5,3,0
0x4a493a,94.4828%,8,137,145,0,4,4,137
0x4b024e,96.9466%,8,254,262,254,6,2,0
0x401cf4,96.3134%,8,209,217,209,4,4,0
0x41eacf,87.931%,7,51,58,1,1,6,50
0x4a40ca,63.1579%,7,12,19,11,6,1,1
0x4c4ba6,63.1579%,7,12,19,4,1,6,8
0x41fec5,61.1111%,7,11,18,4,2,5,7
0x41ea3f,98.6381%,7,507,514,507,5,2,0
0x44b4b6,56.25%,7,9,16,9,5,2,0
0x403763,98.4749%,7,452,459,0,2,5,452
0x4116de,98.778%,6,485,491,242,0,6,243
0x4bbe67,99.3392%,6,902,908,448,6,0,454
0x4a5d64,40%,6,4,10,1,3,3,3
0x4115ec,98.778%,6,485,491,485,6,0,0
0x416aad,99.8329%,6,3584,3590,0,2,4,3584
0x459db9,25%,6,2,8,2,6,0,0
0x420479,99.1254%,6,680,686,678,2,4,2
0x41ebf5,99.2188%,6,762,768,762,3,3,0
0x402c83,99.9163%,6,7164,7170,0,6,0,7164
0x40370f,97.5104%,6,235,241,235,4,2,0
0x4b02cd,28.5714%,5,2,7,2,5,0,0
0x4b02a9,28.5714%,5,2,7,0,3,2,2
0x4091e7,16.6667%,5,1,6,0,3,2,1
0x4bbdbc,98.9224%,5,459,464,455,3,2,4
0x4bbdac,98.9224%,5,459,464,456,4,1,3
0x41edef,98.9107%,5,454,459,203,2,3,251
0x41fda9,44.4444%,5,4,9,0,3,2,4
0x4a4f56,20%,4,1,5,0,0,4,1
0x4a5ead,99.814%,4,2147,2151,65,2,2,2082
0x402d16,99.9947%,4,75676,75680,75676,4,0,0
0x4bbdd3,99.1379%,4,460,464,6,4,0,454
0x41fd42,33.3333%,4,2,6,1,2,2,1
0x454988,20%,4,1,5,0,2,2,1
0x4152f4,99.2793%,4,551,555,551,3,1,0
0x4061bb,96.2264%,4,102,106,0,0,4,102
0x41fe16,77.7778%,4,14,18,4,2,2,10
0x4201bc,98.4436%,4,253,257,12,4,0,241
0x41e357,99.2203%,4,509,513,509,2,2,0
0x420281,97.6562%,3,125,128,125,2,1,0
0x416acc,99.8588%,3,2122,2125,544,2,1,1578
0x4a634b,98.324%,3,176,179,4,1,2,172
0x420627,97.6744%,3,126,129,126,2,1,0
0x4b0299,57.1429%,3,4,7,0,3,0,4
0x41e300,99.4152%,3,510,513,0,2,1,510
0x4a4173,90.625%,3,29,32,12,1,2,17
0x41ecb5,0%,3,0,3,0,0,3,0
0x4205ac,98.6784%,3,224,227,28,1,2,196
0x4a498c,98.3696%,3,181,184,2,3,0,179
0x420222,99.2208%,3,382,385,382,2,1,0
0x404c6a,97.1698%,3,103,106,103,2,1,0
0x493dc1,76.9231%,3,10,13,10,2,1,0
0x42059f,98.8281%,3,253,256,27,2,1,226
0x4201b5,99.2208%,3,382,385,125,3,0,257
0x406377,97.1698%,3,103,106,103,2,1,0
0x454a22,40%,3,2,5,1,2,1,1
0x4a5f2b,98.7179%,3,231,234,0,3,0,231
0x4945ec,0%,2,0,2,0,1,1,0
0x4f0ef5,0%,2,0,2,0,2,0,0
0x4a63b7,50%,2,2,4,1,1,1,1
0x41f0aa,93.1034%,2,27,29,2,1,1,25
0x4061dd,98.1132%,2,104,106,104,1,1,0
0x45333a,0%,2,0,2,0,0,2,0
0x409203,33.3333%,2,1,3,0,1,1,1
0x493740,50%,2,2,4,2,2,0,0
0x43e3bc,75%,2,6,8,6,2,0,0
0x4205b1,98.9899%,2,196,198,196,1,1,0
0x403dde,33.3333%,2,1,3,1,1,1,0
0x4a6078,99.7633%,2,843,845,843,2,0,0
0x416a82,99.6491%,2,568,570,0,2,0,568
0x49371f,50%,2,2,4,2,2,0,0
0x41fb77,66.6667%,2,4,6,0,0,2,4
0x41f5b2,99.3569%,2,309,311,309,1,1,0
0x4f3dc5,50%,2,2,4,2,1,1,0
0x41fd7e,50%,2,2,4,0,1,1,2
0x41606f,99.9956%,2,44976,44978,42,2,0,44934
0x403e86,0%,2,0,2,0,2,0,0
0x4091f2,33.3333%,2,1,3,1,1,1,0
0x446a53,50%,2,2,4,0,2,0,2
0x404bbc,98.1481%,2,106,108,106,2,0,0
0x404bcd,98.1481%,2,106,108,106,1,1,0
0x4937c2,50%,2,2,4,1,2,0,1
0x494b81,50%,2,2,4,2,1,1,0
0x49572b,50%,2,2,4,2,1,1,0
0x4061cc,98.1132%,2,104,106,104,2,0,0
0x40041c,33.3333%,2,1,3,1,1,1,0
0x49eca6,71.4286%,2,5,7,0,1,1,5
0x40056a,0%,2,0,2,0,2,0,0
0x42047e,66.6667%,2,4,6,2,2,0,2
0x4f0d24,50%,2,2,4,2,2,0,0
0x40b655,99.9934%,2,30454,30456,12052,2,0,18402
0x41fd08,77.7778%,2,7,9,2,1,1,5
0x41ef0c,93.1034%,2,27,29,27,2,0,0
0x41e261,0%,2,0,2,0,1,1,0
0x4201a3,99.4819%,2,384,386,0,1,1,384
0x4b02bc,71.4286%,2,5,7,0,2,0,5
0x4052f8,0%,2,0,2,0,1,1,0
0x46c6bc,75%,2,6,8,6,2,0,0
0x4a5fd3,33.3333%,2,1,3,0,1,1,1
0x42034e,60%,2,3,5,3,1,1,0
0x43fa37,0%,2,0,2,0,2,0,0
0x4a60a3,0%,1,0,1,0,1,0,0
0x40922b,66.6667%,1,2,3,0,1,0,2
0x48ec56,0%,1,0,1,0,1,0,0
0x404bab,99.0741%,1,107,108,0,0,1,107
0x49249b,0%,1,0,1,0,1,0,0
0x43e756,96.1538%,1,25,26,25,1,0,0
0x43fd66,50%,1,1,2,1,1,0,0
0x4a4a02,50%,1,1,2,1,1,0,0
0x4205f6,99.2126%,1,126,127,126,1,0,0
0x48e5a4,0%,1,0,1,0,1,0,0
0x41fbe5,80%,1,4,5,4,1,0,0
0x42a3da,50%,1,1,2,1,1,0,0
0x45a3c1,95.8333%,1,23,24,23,1,0,0
0x494b75,75%,1,3,4,0,1,0,3
0x43fd2c,50%,1,1,2,1,1,0,0
0x48e534,0%,1,0,1,0,1,0,0
0x43faf3,50%,1,1,2,1,1,0,0
0x48ed80,0%,1,0,1,0,1,0,0
0x43fcdd,50%,1,1,2,1,1,0,0
0x453d92,85.7143%,1,6,7,6,1,0,0
0x429e1b,50%,1,1,2,1,1,0,0
0x4f0cfa,75%,1,3,4,1,1,0,2
0x43fb5c,50%,1,1,2,1,1,0,0
0x493dc6,0%,1,0,1,0,1,0,0
0x43fb7c,50%,1,1,2,1,1,0,0
0x494bac,0%,1,0,1,0,1,0,0
0x41ffc1,66.6667%,1,2,3,2,1,0,0
0x4a6341,99.4413%,1,178,179,178,1,0,0
0x49475d,0%,1,0,1,0,1,0,0
0x492124,0%,1,0,1,0,1,0,0
0x4950dd,0%,1,0,1,0,1,0,0
0x43fa42,50%,1,1,2,1,1,0,0
0x40c164,50%,1,1,2,1,1,0,0
0x48edf3,0%,1,0,1,0,1,0,0
0x48ec2f,0%,1,0,1,0,1,0,0
0x44b711,50%,1,1,2,1,1,0,0
0x44b76e,50%,1,1,2,1,1,0,0
0x4201ce,66.6667%,1,2,3,0,1,0,2
0x403776,99.7812%,1,456,457,456,1,0,0
0x4933e9,0%,1,0,1,0,1,0,0
0x43f9f1,50%,1,1,2,1,1,0,0
0x403f1f,50%,1,1,2,1,1,0,0
0x4a49f5,50%,1,1,2,1,1,0,0
0x49519a,0%,1,0,1,0,1,0,0
0x4a62f5,99.4413%,1,178,179,178,1,0,0
0x4052d1,50%,1,1,2,1,1,0,0
0x400404,66.6667%,1,2,3,2,1,0,0
0x4f0f1c,50%,1,1,2,1,1,0,0
0x4052e3,50%,1,1,2,1,1,0,0
0x454c88,50%,1,1,2,1,1,0,0
0x403ed2,50%,1,1,2,1,1,0,0
0x4203db,98.8095%,1,83,84,22,1,0,61
0x4b01ac,50%,1,1,2,1,1,0,0
0x4c4a98,99.8852%,1,870,871,0,0,1,870
0x405243,50%,1,1,2,1,1,0,0
0x421ce0,66.6667%,1,2,3,2,1,0,0
0x4f0f59,50%,1,1,2,1,1,0,0
0x4a60d4,0%,1,0,1,0,1,0,0
0x459960,87.5%,1,7,8,7,1,0,0
0x4092a8,0%,1,0,1,0,1,0,0
0x455011,75%,1,3,4,3,1,0,0
0x49491a,0%,1,0,1,0,1,0,0
0x49458e,0%,1,0,1,0,1,0,0
0x4949f5,0%,1,0,1,0,1,0,0
0x460c1e,50%,1,1,2,1,1,0,0
0x4201db,0%,1,0,1,0,1,0,0
0x454a9a,50%,1,1,2,0,1,0,1
0x4f0def,0%,1,0,1,0,1,0,0
0x48e5d3,0%,1,0,1,0,1,0,0
0x48ed39,0%,1,0,1,0,1,0,0
0x4163be,99.9045%,1,1046,1047,0,1,0,1046
0x49443e,0%,1,0,1,0,1,0,0
0x460c90,50%,1,1,2,1,1,0,0
0x42a3b0,50%,1,1,2,1,1,0,0
0x41f2b5,66.6667%,1,2,3,2,1,0,0
0x405ef2,0%,1,0,1,0,1,0,0
0x454ae2,0%,1,0,1,0,1,0,0
0x45531c,50%,1,1,2,1,1,0,0
0x48eea6,0%,1,0,1,0,1,0,0
0x40279d,99.7821%,1,458,459,240,0,1,218
0x45532b,50%,1,1,2,1,1,0,0
0x4550a7,50%,1,1,2,1,1,0,0
0x4a6178,92.8571%,1,13,14,13,1,0,0
0x42011d,66.6667%,1,2,3,0,1,0,2
0x48ec0e,0%,1,0,1,0,1,0,0
0x404c0f,0%,1,0,1,0,1,0,0
0x4a4945,99.9267%,1,1363,1364,0,1,0,1363
0x492b43,0%,1,0,1,0,1,0,0
0x4205b7,0%,1,0,1,0,1,0,0
0x43f9c9,50%,1,1,2,1,1,0,0
0x4f3d14,0%,1,0,1,0,1,0,0
0x494aad,0%,1,0,1,0,1,0,0
0x4201d6,50%,1,1,2,0,1,0,1
0x4bbdfa,99.7845%,1,463,464,8,0,1,455
0x41fd1c,83.3333%,1,5,6,5,1,0,0
0x4201c1,99.5851%,1,240,241,237,1,0,3
0x48e97a,0%,1,0,1,0,1,0,0
0x492e23,0%,1,0,1,0,1,0,0
0x49495e,0%,1,0,1,0,1,0,0
0x493034,0%,1,0,1,0,1,0,0
0x494a6b,0%,1,0,1,0,1,0,0
0x44b7ff,50%,1,1,2,1,1,0,0
0x4bbde4,99.7845%,1,463,464,9,1,0,454
0x420486,50%,1,1,2,1,1,0,0
0x404742,99.5816%,1,238,239,238,0,1,0
0x49309f,0%,1,0,1,0,1,0,0
0x4a63c4,50%,1,1,2,1,1,0,0
0x4944d3,0%,1,0,1,0,1,0,0
0x41f52f,99.6785%,1,310,311,310,1,0,0
0x48ed00,0%,1,0,1,0,1,0,0
0x4938e4,0%,1,0,1,0,1,0,0
0x49487a,0%,1,0,1,0,1,0,0
0x49297a,0%,1,0,1,0,1,0,0
0x48e60f,0%,1,0,1,0,1,0,0
0x45a40e,95.8333%,1,23,24,23,1,0,0
0x493d93,0%,1,0,1,0,1,0,0
0x45504d,50%,1,1,2,1,1,0,0
0x4925b6,0%,1,0,1,0,1,0,0
0x454fdd,75%,1,3,4,3,1,0,0
0x48e95f,0%,1,0,1,0,1,0,0
0x495463,0%,1,0,1,0,1,0,0
0x454c1e,50%,1,1,2,0,0,1,1
0x4947bf,0%,1,0,1,0,1,0,0
0x49219a,0%,1,0,1,0,1,0,0
0x4939f7,0%,1,0,1,0,1,0,0
0x493367,0%,1,0,1,0,1,0,0
0x4f098f,75%,1,3,4,3,1,0,0
0x48ebd6,75%,1,3,4,0,1,0,3
0x491b50,0%,1,0,1,0,1,0,0
0x48e455,0%,1,0,1,0,1,0,0
0x492a9d,0%,1,0,1,0,1,0,0
0x4921cf,0%,1,0,1,0,1,0,0
0x493a7f,0%,1,0,1,0,1,0,0
0x42035e,0%,1,0,1,0,1,0,0
0x49196d,0%,1,0,1,0,1,0,0
0x409236,50%,1,1,2,1,1,0,0
0x491931,0%,1,0,1,0,1,0,0
0x49218d,0%,1,0,1,0,1,0,0
0x48e62c,0%,1,0,1,0,1,0,0
0x409264,0%,1,0,1,0,1,0,0
0x495120,0%,1,0,1,0,1,0,0
0x48e4df,0%,1,0,1,0,1,0,0
0x493cc8,0%,1,0,1,0,1,0,0
0x4296f7,75%,1,3,4,3,1,0,0
0x43e343,75%,1,3,4,3,1,0,0
0x493d07,0%,1,0,1,0,1,0,0
0x46c72b,87.5%,1,7,8,7,1,0,0
0x45994a,87.5%,1,7,8,7,1,0,0
0x4549aa,80%,1,4,5,4,1,0,0
0x4f0e21,0%,1,0,1,0,1,0,0
0x429dc7,50%,1,1,2,1,1,0,0
0x446a76,50%,1,1,2,1,1,0,0
0x403e73,50%,1,1,2,0,1,0,1
0x405269,50%,1,1,2,1,1,0,0
0x4947ff,0%,1,0,1,0,1,0,0
0x494823,0%,1,0,1,0,1,0,0
0x41e988,66.6667%,1,2,3,0,1,0,2
0x43fc87,50%,1,1,2,1,1,0,0
0x48e58b,0%,1,0,1,0,1,0,0
0x4bbe98,99.9559%,1,2269,2270,453,1,0,1816
0x43fdb4,50%,1,1,2,1,1,0,0
0x4a61a7,50%,1,1,2,1,1,0,0
0x4024c4,92.8571%,1,13,14,13,1,0,0
0x493da8,92.3077%,1,12,13,0,1,0,12
0x4b02e6,85.7143%,1,6,7,6,1,0,0
0x43fca4,50%,1,1,2,1,1,0,0
0x43fd06,50%,1,1,2,1,1,0,0
0x40b716,99.9966%,1,29212,29213,9821,1,0,19391
0x4f2042,0%,1,0,1,0,1,0,0
0x403e99,50%,1,1,2,1,1,0,0
0x40c1a2,50%,1,1,2,1,1,0,0
0x49469e,0%,1,0,1,0,1,0,0
0x421dac,93.75%,1,15,16,15,1,0,0
0x4043d5,0%,1,0,1,0,1,0,0
0x403eb9,0%,1,0,1,0,1,0,0
0x4a5f6f,99.6255%,1,266,267,266,1,0,0
0x41eb6f,66.6667%,1,2,3,2,1,0,0
0x4946cd,0%,1,0,1,0,1,0,0
0x41f5b6,0%,1,0,1,0,1,0,0
0x43e3a3,75%,1,3,4,3,1,0,0
0x4a6c94,80%,1,4,5,4,1,0,0
0x494695,50%,1,1,2,0,1,0,1
0x48ed30,0%,1,0,1,0,1,0,0
0x4043fb,0%,1,0,1,0,1,0,0
0x453344,50%,1,1,2,1,1,0,0
0x46c778,87.5%,1,7,8,7,1,0,0
0x406354,50%,1,1,2,0,1,0,1
0x4a4da4,50%,1,1,2,1,1,0,0
0x42050b,97.9167%,1,47,48,16,1,0,31
0x43fb69,50%,1,1,2,1,1,0,0
0x4f0924,0%,1,0,1,0,1,0,0
0x494393,0%,1,0,1,0,1,0,0
0x41ffd5,0%,1,0,1,0,1,0,0
0x403f01,100%,0,1,1,0,0,0,1
0x402ad9,100%,0,480,480,0,0,0,480
0x48ee89,100%,0,1,1,0,0,0,1
0x49510d,100%,0,1,1,0,0,0,1
0x4163a0,100%,0,1,1,0,0,0,1
0x4a6236,100%,0,4620,4620,0,0,0,4620
0x4a63eb,100%,0,822,822,0,0,0,822
0x4938b3,100%,0,1,1,0,0,0,1
0x4019ff,100%,0,4,4,0,0,0,4
0x4bbe2a,100%,0,908,908,908,0,0,0
0x404bfe,100%,0,1,1,0,0,0,1
0x49424e,100%,0,1,1,0,0,0,1
0x402949,100%,0,454,454,0,0,0,454
0x4c4b4e,100%,0,734,734,0,0,0,734
0x4a6ef0,100%,0,534,534,0,0,0,534
0x41e87d,100%,0,52685,52685,0,0,0,52685
0x4a6ee1,100%,0,534,534,0,0,0,534
0x4a6337,100%,0,179,179,0,0,0,179
0x40373a,100%,0,459,459,0,0,0,459
0x402997,100%,0,454,454,0,0,0,454
0x4552fa,100%,0,2,2,0,0,0,2
0x492aad,100%,0,1,1,0,0,0,1
0x4a616b,100%,0,14,14,0,0,0,14
0x492b33,100%,0,1,1,0,0,0,1
0x402cfc,100%,0,75680,75680,0,0,0,75680
0x4c4b02,100%,0,625,625,625,0,0,0
0x4bbf0a,100%,0,454,454,0,0,0,454
0x4929ce,100%,0,1,1,0,0,0,1
0x4942f6,100%,0,1,1,0,0,0,1
0x494352,100%,0,1,1,0,0,0,1
0x416d15,100%,0,459,459,459,0,0,0
0x494306,100%,0,1,1,0,0,0,1
0x416cf4,100%,0,459,459,0,0,0,459
0x4a6405,100%,0,822,822,0,0,0,822
0x4a640f,100%,0,822,822,0,0,0,822
0x403753,100%,0,459,459,0,0,0,459
0x41e861,100%,0,65248,65248,0,0,0,65248
0x404a4e,100%,0,1,1,0,0,0,1
0x4150c1,100%,0,1396,1396,1396,0,0,0
0x48eb52,100%,0,4,4,0,0,0,4
0x48ebb0,100%,0,4,4,0,0,0,4
0x41e7b2,100%,0,65502,65502,0,0,0,65502
0x494282,100%,0,1,1,0,0,0,1
0x4f0945,100%,0,1,1,0,0,0,1
0x49296a,100%,0,1,1,0,0,0,1
0x493d8d,100%,0,1,1,0,0,0,1
0x41e784,100%,0,459,459,459,0,0,0
0x41e769,100%,0,459,459,0,0,0,459
0x494a49,100%,0,1,1,0,0,0,1
0x403db4,100%,0,3,3,0,0,0,3
0x4a83f3,100%,0,1919,1919,0,0,0,1919
0x491b2e,100%,0,1,1,0,0,0,1
0x43f9b3,100%,0,2,2,0,0,0,2
0x493078,100%,0,1,1,0,0,0,1
0x49518b,100%,0,1,1,0,0,0,1
0x48e475,100%,0,1,1,0,0,0,1
0x4956f0,100%,0,1,1,0,0,0,1
0x41fdc0,100%,0,6,6,0,0,0,6
0x4165a0,100%,0,10054,10054,10054,0,0,0
0x4ace0b,100%,0,1,1,0,0,0,1
0x41fce7,100%,0,6,6,0,0,0,6
0x4acdf8,100%,0,1,1,0,0,0,1
0x4a6ef7,100%,0,534,534,0,0,0,534
0x494314,100%,0,1,1,0,0,0,1
0x49547e,100%,0,1,1,1,0,0,0
0x4b0225,100%,0,2,2,0,0,0,2
0x494544,100%,0,1,1,0,0,0,1
0x494948,100%,0,1,1,0,0,0,1
0x41ebc0,100%,0,3,3,0,0,0,3
0x41eb97,100%,0,3,3,0,0,0,3
0x4a4cbe,100%,0,1364,1364,0,0,0,1364
0x4a4f6b,100%,0,5,5,0,0,0,5
0x4a4fee,100%,0,4,4,0,0,0,4
0x4a4fe7,100%,0,4,4,0,0,0,4
0x4a4fd9,100%,0,4,4,0,0,0,4
0x494618,100%,0,1,1,0,0,0,1
0x459da9,100%,0,8,8,0,0,0,8
0x41f0a2,100%,0,29,29,0,0,0,29
0x459da0,100%,0,8,8,0,0,0,8
0x45e59b,100%,0,4,4,0,0,0,4
0x422be1,100%,0,4,4,0,0,0,4
0x421e2a,100%,0,16,16,0,0,0,16
0x4a4478,100%,0,9,9,0,0,0,9
0x404b9a,100%,0,108,108,0,0,0,108
0x45f369,100%,0,4,4,0,0,0,4
0x45d744,100%,0,4,4,0,0,0,4
0x45d73b,100%,0,4,4,0,0,0,4
0x40ce5a,100%,0,4503,4503,4503,0,0,0
0x4947de,100%,0,1,1,0,0,0,1
0x422bc6,100%,0,4,4,0,0,0,4
0x459d40,100%,0,8,8,0,0,0,8
0x404bd9,100%,0,1,1,0,0,0,1
0x4c31a4,100%,0,8,8,0,0,0,8
0x4937e1,100%,0,3,3,0,0,0,3
0x4a6c7b,100%,0,5,5,0,0,0,5
0x48e64f,100%,0,1,1,0,0,0,1
0x460cd8,100%,0,2,2,0,0,0,2
0x460d09,100%,0,2,2,0,0,0,2
0x41ec84,100%,0,3,3,0,0,0,3
0x40371d,100%,0,2,2,0,0,0,2
0x4202e6,100%,0,1,1,0,0,0,1
0x4202a8,100%,0,1,1,0,0,0,1
0x48e61e,100%,0,1,1,0,0,0,1
0x4201c6,100%,0,3,3,0,0,0,3
0x408c7c,100%,0,1,1,0,0,0,1
0x48e975,100%,0,1,1,0,0,0,1
0x420136,100%,0,2,2,0,0,0,2
0x459935,100%,0,8,8,0,0,0,8
0x4c31c9,100%,0,8,8,0,0,0,8
0x494fb4,100%,0,1,1,0,0,0,1
0x4946c1,100%,0,1,1,0,0,0,1
0x4a491b,100%,0,168,168,0,0,0,168
0x4a4911,100%,0,168,168,0,0,0,168
0x404760,100%,0,239,239,239,0,0,0
0x455041,100%,0,2,2,0,0,0,2
0x4a40b3,100%,0,19,19,0,0,0,19
0x4c4dc8,100%,0,23,23,0,0,0,23
0x494431,100%,0,1,1,0,0,0,1
0x41e1bb,100%,0,2,2,0,0,0,2
0x4c4af8,100%,0,625,625,0,0,0,625
0x4f0f46,100%,0,2,2,0,0,0,2
0x402508,100%,0,443,443,0,0,0,443
0x492a84,100%,0,1,1,0,0,0,1
0x494528,100%,0,1,1,0,0,0,1
0x493b9f,100%,0,1,1,0,0,0,1
0x402487,100%,0,11896,11896,0,0,0,11896
0x402a5c,100%,0,480,480,480,0,0,0
0x4a47c8,100%,0,555,555,0,0,0,555
0x402481,100%,0,11896,11896,0,0,0,11896
0x402477,100%,0,11896,11896,0,0,0,11896
0x40244f,100%,0,457,457,0,0,0,457
0x402b50,100%,0,480,480,0,0,0,480
0x402b11,100%,0,480,480,0,0,0,480
0x4a4186,100%,0,515,515,0,0,0,515
0x4955b3,100%,0,1,1,0,0,0,1
0x49437b,100%,0,1,1,0,0,0,1
0x4a4cea,100%,0,1364,1364,0,0,0,1364
0x4a4058,100%,0,247,247,247,0,0,0
0x404b89,100%,0,1,1,0,0,0,1
0x49375b,100%,0,1,1,0,0,0,1
0x4947b9,100%,0,1,1,0,0,0,1
0x41efeb,100%,0,29,29,0,0,0,29
0x402905,100%,0,454,454,0,0,0,454
0x4051d8,100%,0,2,2,0,0,0,2
0x495711,100%,0,4,4,0,0,0,4
0x494b1c,100%,0,1,1,0,0,0,1
0x41e97a,100%,0,3,3,0,0,0,3
0x4f13aa,100%,0,1,1,0,0,0,1
0x4a6d1e,100%,0,179,179,0,0,0,179
0x4c4b58,100%,0,734,734,734,0,0,0
0x4a6d0f,100%,0,179,179,0,0,0,179
0x4a6320,100%,0,179,179,0,0,0,179
0x4937b2,100%,0,4,4,0,0,0,4
0x4a4049,100%,0,247,247,0,0,0,247
0x4a6316,100%,0,179,179,0,0,0,179
0x4a62ea,100%,0,179,179,0,0,0,179
0x4f0d17,100%,0,2,2,0,0,0,2
0x40929d,100%,0,1,1,0,0,0,1
0x4029a3,100%,0,454,454,0,0,0,454
0x409240,100%,0,1,1,0,0,0,1
0x404c44,100%,0,1,1,0,0,0,1
0x4024f8,100%,0,204,204,0,0,0,204
0x402701,100%,0,2,2,0,0,0,2
0x493733,100%,0,4,4,0,0,0,4
0x4a6152,100%,0,35,35,0,0,0,35
0x43e3ca,100%,0,8,8,0,0,0,8
0x4a6447,100%,0,12,12,0,0,0,12
0x4945a7,100%,0,1,1,0,0,0,1
0x40ce69,100%,0,10450,10450,10450,0,0,0
0x4a48ab,100%,0,1364,1364,0,0,0,1364
0x4a7dc3,100%,0,2433,2433,0,0,0,2433
0x4a7df0,100%,0,2433,2433,0,0,0,2433
0x494fa9,100%,0,1,1,0,0,0,1
0x420569,100%,0,1,1,0,0,0,1
0x494753,100%,0,1,1,0,0,0,1
0x45e5be,100%,0,4,4,0,0,0,4
0x45f3b0,100%,0,4,4,0,0,0,4
0x4a5c87,100%,0,40,40,40,0,0,0
0x45f3b9,100%,0,4,4,0,0,0,4
0x422bfc,100%,0,4,4,0,0,0,4
0x45e5f4,100%,0,4,4,0,0,0,4
0x494518,100%,0,1,1,0,0,0,1
0x45e60e,100%,0,4,4,0,0,0,4
0x40c09c,100%,0,2,2,0,0,0,2
0x40c0a4,100%,0,2,2,0,0,0,2
0x4a48b7,100%,0,1364,1364,1364,0,0,0
0x41dc4e,100%,0,239,239,239,0,0,0
0x4a635e,100%,0,174,174,0,0,0,174
0x409e27,100%,0,239,239,0,0,0,239
0x4a40a9,100%,0,19,19,0,0,0,19
0x460ad6,100%,0,2,2,0,0,0,2
0x41ec34,100%,0,3,3,0,0,0,3
0x4a4779,100%,0,1919,1919,0,0,0,1919
0x4a7dac,100%,0,2433,2433,0,0,0,2433
0x41690e,100%,0,1664,1664,0,0,0,1664
0x402b34,100%,0,480,480,480,0,0,0
0x402dd8,100%,0,239,239,0,0,0,239
0x4a48c3,100%,0,1364,1364,0,0,0,1364
0x404729,100%,0,239,239,239,0,0,0
0x48e46c,100%,0,1,1,0,0,0,1
0x41fd51,100%,0,3,3,0,0,0,3
0x411662,100%,0,491,491,0,0,0,491
0x40477b,100%,0,239,239,0,0,0,239
0x4a4bf0,100%,0,1364,1364,1364,0,0,0
0x404bed,100%,0,1,1,0,0,0,1
0x4169b4,100%,0,90303,90303,0,0,0,90303
0x4a48f0,100%,0,1364,1364,0,0,0,1364
0x41e365,100%,0,2,2,0,0,0,2
0x4549f0,100%,0,5,5,0,0,0,5
0x4a7dcc,100%,0,2433,2433,2433,0,0,0
0x404a3f,100%,0,1,1,0,0,0,1
0x453d71,100%,0,7,7,0,0,0,7
0x453d7a,100%,0,7,7,0,0,0,7
0x45d75e,100%,0,4,4,0,0,0,4
0x493218,100%,0,1,1,0,0,0,1
0x4026c7,100%,0,2,2,0,0,0,2
0x4169c0,100%,0,90303,90303,0,0,0,90303
0x4a7ddb,100%,0,2433,2433,0,0,0,2433
0x494ba3,100%,0,1,1,0,0,0,1
0x43fcff,100%,0,2,2,0,0,0,2
0x429714,100%,0,4,4,0,0,0,4
0x4a52a3,100%,0,1364,1364,1364,0,0,0
0x4a4491,100%,0,9,9,0,0,0,9
0x491908,100%,0,1,1,0,0,0,1
0x4a47da,100%,0,555,555,0,0,0,555
0x4a7d87,100%,0,2433,2433,0,0,0,2433
0x446a3e,100%,0,4,4,0,0,0,4
0x4a6274,100%,0,67,67,0,0,0,67
0x416278,100%,0,44934,44934,0,0,0,44934
0x43fc63,100%,0,2,2,0,0,0,2
0x43fc6e,100%,0,2,2,0,0,0,2
0x41691d,100%,0,5007,5007,0,0,0,5007
0x4920ef,100%,0,1,1,0,0,0,1
0x41620b,100%,0,44934,44934,0,0,0,44934
0x40478d,100%,0,239,239,0,0,0,239
0x48e597,100%,0,1,1,0,0,0,1
0x45f220,100%,0,4,4,0,0,0,4
0x494648,100%,0,1,1,0,0,0,1
0x43fc8f,100%,0,2,2,0,0,0,2
0x460bdb,100%,0,2,2,0,0,0,2
0x4a48d4,100%,0,1364,1364,0,0,0,1364
0x49ecd9,100%,0,6,6,0,0,0,6
0x4a5cf3,100%,0,478,478,0,0,0,478
0x4a8403,100%,0,1919,1919,0,0,0,1919
0x494915,100%,0,1,1,0,0,0,1
0x4a484f,100%,0,555,555,555,0,0,0
0x420970,100%,0,2430,2430,2430,0,0,0
0x4a4783,100%,0,1919,1919,0,0,0,1919
0x4a7d73,100%,0,2433,2433,0,0,0,2433
0x404411,100%,0,1,1,0,0,0,1
0x416183,100%,0,44934,44934,0,0,0,44934
0x4116c2,100%,0,491,491,491,0,0,0
0x4a47b7,100%,0,555,555,0,0,0,555
0x4a7df5,100%,0,2433,2433,0,0,0,2433
0x401dfa,100%,0,459,459,459,0,0,0
0x49471b,100%,0,1,1,0,0,0,1
0x4a5d2d,100%,0,1588,1588,0,0,0,1588
0x4a4f64,100%,0,5,5,0,0,0,5
0x40248c,100%,0,11896,11896,0,0,0,11896
0x40ca9b,100%,0,1759,1759,1759,0,0,0
0x4a4c05,100%,0,1364,1364,0,0,0,1364
0x4bbe6e,100%,0,454,454,0,0,0,454
0x45e5eb,100%,0,4,4,0,0,0,4
0x416902,100%,0,1664,1664,0,0,0,1664
0x4a48e2,100%,0,1364,1364,0,0,0,1364
0x416313,100%,0,1047,1047,0,0,0,1047
0x49ed04,100%,0,6,6,0,0,0,6
0x41693c,100%,0,3420,3420,1644,0,0,1776
0x4a4cca,100%,0,1364,1364,0,0,0,1364
0x429dae,100%,0,2,2,0,0,0,2
0x40ca38,100%,0,7169,7169,0,0,0,7169
0x45e5a4,100%,0,4,4,0,0,0,4
0x4a628d,100%,0,40,40,40,0,0,0
0x446a69,100%,0,2,2,0,0,0,2
0x409279,100%,0,1,1,0,0,0,1
0x491922,100%,0,1,1,0,0,0,1
0x460c80,100%,0,2,2,0,0,0,2
0x416447,100%,0,57731,57731,0,0,0,57731
0x4a840c,100%,0,1919,1919,1919,0,0,0
0x48e674,100%,0,1,1,0,0,0,1
0x4f0e12,100%,0,1,1,0,0,0,1
0x411cde,100%,0,75919,75919,75919,0,0,0
0x40ca05,100%,0,3328,3328,0,0,0,3328
0x4a478d,100%,0,1919,1919,0,0,0,1919
0x41e199,100%,0,2,2,0,0,0,2
0x4029de,100%,0,454,454,0,0,0,454
0x416a90,100%,0,568,568,0,0,0,568
0x41fcda,100%,0,6,6,0,0,0,6
0x40ccb9,100%,0,26898,26898,0,0,0,26898
0x45a400,100%,0,24,24,0,0,0,24
0x4918f0,100%,0,1,1,0,0,0,1
0x494d6d,100%,0,1,1,1,0,0,0
0x4a4834,100%,0,246,246,246,0,0,0
0x4c4e1b,100%,0,711,711,0,0,0,711
0x41e62b,100%,0,444,444,0,0,0,444
0x4a47e9,100%,0,555,555,555,0,0,0
0x4a5d19,100%,0,478,478,478,0,0,0
0x454c72,100%,0,2,2,0,0,0,2
0x41e1c9,100%,0,2,2,0,0,0,2
0x4a5cfe,100%,0,478,478,0,0,0,478
0x4a5c2a,100%,0,2433,2433,0,0,0,2433
0x4a488e,100%,0,1364,1364,1364,0,0,0
0x411667,100%,0,491,491,0,0,0,491
0x402747,100%,0,459,459,0,0,0,459
0x404757,100%,0,239,239,0,0,0,239
0x4a6d29,100%,0,179,179,0,0,0,179
0x4a4807,100%,0,555,555,0,0,0,555
0x40c9af,100%,0,3328,3328,3328,0,0,0
0x4a5e86,100%,0,2996,2996,0,0,0,2996
0x402c56,100%,0,239,239,0,0,0,239
0x4a485e,100%,0,555,555,309,0,0,246
0x420243,100%,0,1,1,0,0,0,1
0x454c4d,100%,0,2,2,0,0,0,2
0x40caa8,100%,0,1130,1130,1130,0,0,0
0x48e523,100%,0,1,1,0,0,0,1
0x494748,100%,0,1,1,0,0,0,1
0x4a4882,100%,0,1364,1364,0,0,0,1364
0x48e545,100%,0,1,1,0,0,0,1
0x4f0cdb,100%,0,4,4,0,0,0,4
0x4b0294,100%,0,7,7,0,0,0,7
0x421a93,100%,0,1916,1916,0,0,0,1916
0x41e91d,100%,0,52480,52480,0,0,0,52480
0x4160f6,100%,0,44934,44934,0,0,0,44934
0x4a49a3,100%,0,1363,1363,0,0,0,1363
0x48e666,100%,0,1,1,0,0,0,1
0x409e3a,100%,0,239,239,0,0,0,239
0x4a4cd7,100%,0,1364,1364,1364,0,0,0
0x4a4963,100%,0,931,931,0,0,0,931
0x454aab,100%,0,1,1,0,0,0,1
0x40479f,100%,0,239,239,0,0,0,239
0x454aca,100%,0,1,1,0,0,0,1
0x41138d,100%,0,13904,13904,0,0,0,13904
0x402824,100%,0,454,454,454,0,0,0
0x454c37,100%,0,2,2,0,0,0,2
0x4929bd,100%,0,1,1,0,0,0,1
0x40c1b8,100%,0,2,2,0,0,0,2
0x403eeb,100%,0,2,2,2,0,0,0
0x403f3d,100%,0,2,2,0,0,0,2
0x49eccb,100%,0,6,6,0,0,0,6
0x48e690,100%,0,1,1,0,0,0,1
0x420356,100%,0,1,1,0,0,0,1
0x41e290,100%,0,2,2,0,0,0,2
0x4bd1cd,100%,0,5,5,0,0,0,5
0x40b6b6,100%,0,29999,29999,11045,0,0,18954
0x4bd1f1,100%,0,5,5,0,0,0,5
0x48e4d1,100%,0,1,1,0,0,0,1
0x48e50d,100%,0,1,1,0,0,0,1
0x4113dc,100%,0,13843,13843,0,0,0,13843
0x416844,100%,0,89478,89478,0,0,0,89478
0x41fd17,100%,0,6,6,0,0,0,6
0x4a5e79,100%,0,2996,2996,0,0,0,2996
0x494b62,100%,0,3,3,0,0,0,3
0x4921b4,100%,0,1,1,0,0,0,1
0x4921c2,100%,0,1,1,0,0,0,1
0x48ecf7,100%,0,1,1,0,0,0,1
0x45f229,100%,0,4,4,0,0,0,4
0x4a5e58,100%,0,2084,2084,0,0,0,2084
0x4047b0,100%,0,239,239,239,0,0,0
0x46c6dc,100%,0,8,8,0,0,0,8
0x4a5ef8,100%,0,278,278,0,0,0,278
0x48ecd7,100%,0,1,1,0,0,0,1
0x4c4bfb,100%,0,606,606,0,0,0,606
0x48e47f,100%,0,1,1,0,0,0,1
0x41141c,100%,0,14635,14635,0,0,0,14635
0x402ad4,100%,0,480,480,0,0,0,480
0x48ed77,100%,0,1,1,0,0,0,1
0x4bbed8,100%,0,454,454,454,0,0,0
0x4a4863,100%,0,246,246,246,0,0,0
0x4047a9,100%,0,239,239,0,0,0,239
0x48e777,100%,0,4,4,0,0,0,4
0x4bbef9,100%,0,454,454,0,0,0,454
0x41ec3d,100%,0,3,3,0,0,0,3
0x40286c,100%,0,454,454,454,0,0,0
0x4bbec2,100%,0,1816,1816,1816,0,0,0
0x4a83ea,100%,0,1919,1919,0,0,0,1919
0x4a7de7,100%,0,2433,2433,0,0,0,2433
0x49308c,100%,0,1,1,0,0,0,1
0x411458,100%,0,14643,14643,0,0,0,14643
0x492e78,100%,0,1,1,0,0,0,1
0x4bbe19,100%,0,456,456,0,0,0,456
0x49210e,100%,0,1,1,0,0,0,1
0x41eff0,100%,0,29,29,0,0,0,29
0x40290a,100%,0,454,454,0,0,0,454
0x4f13b6,100%,0,1,1,0,0,0,1
0x494624,100%,0,1,1,0,0,0,1
0x460b0f,100%,0,2,2,0,0,0,2
0x460c5f,100%,0,2,2,0,0,0,2
0x491915,100%,0,1,1,0,0,0,1
0x4a4859,100%,0,555,555,0,0,0,555
0x494956,100%,0,1,1,0,0,0,1
0x460c68,100%,0,2,2,0,0,0,2
0x460c73,100%,0,2,2,0,0,0,2
0x4552ff,100%,0,2,2,0,0,0,2
0x4f13b1,100%,0,1,1,0,0,0,1
0x41debb,100%,0,462228,462228,462228,0,0,0
0x446aa7,100%,0,2,2,0,0,0,2
0x48eb81,100%,0,4,4,0,0,0,4
0x4a496d,100%,0,931,931,0,0,0,931
0x4165c3,100%,0,74300,74300,0,0,0,74300
0x45503a,100%,0,2,2,0,0,0,2
0x415fa9,100%,0,74537,74537,0,0,0,74537
0x4a5f8b,100%,0,26,26,0,0,0,26
0x42a326,100%,0,2,2,0,0,0,2
0x4061e6,100%,0,1,1,0,0,0,1
0x4f13af,100%,0,1,1,0,0,0,1
0x494a59,100%,0,1,1,0,0,0,1
0x43fb96,100%,0,2,2,0,0,0,2
0x416cbc,100%,0,459,459,0,0,0,459
0x429f4b,100%,0,2,2,0,0,0,2
0x42a541,100%,0,2,2,0,0,0,2
0x42a546,100%,0,2,2,0,0,0,2
0x48ebc4,100%,0,4,4,0,0,0,4
0x42a340,100%,0,2,2,0,0,0,2
0x49ecba,100%,0,6,6,0,0,0,6
0x42a34d,100%,0,2,2,0,0,0,2
0x494a41,100%,0,1,1,0,0,0,1
0x41e1fc,100%,0,511,511,0,0,0,511
0x42a35d,100%,0,2,2,0,0,0,2
0x42a368,100%,0,2,2,0,0,0,2
0x460c13,100%,0,2,2,0,0,0,2
0x420572,100%,0,1,1,0,0,0,1
0x406118,100%,0,1,1,0,0,0,1
0x4a7d9b,100%,0,2433,2433,2433,0,0,0
0x455058,100%,0,2,2,0,0,0,2
0x40619b,100%,0,1,1,0,0,0,1
0x4061aa,100%,0,106,106,0,0,0,106
0x4a40d4,100%,0,2,2,0,0,0,2
0x416853,100%,0,89478,89478,0,0,0,89478
0x494af3,100%,0,1,1,0,0,0,1
0x406113,100%,0,1,1,0,0,0,1
0x491b04,100%,0,1,1,0,0,0,1
0x420637,100%,0,1,1,0,0,0,1
0x40cd1f,100%,0,23008,23008,4404,0,0,18604
0x41e213,100%,0,511,511,0,0,0,511
0x420686,100%,0,1,1,0,0,0,1
0x42018b,100%,0,2,2,0,0,0,2
0x4a4157,100%,0,32,32,0,0,0,32
0x4a4795,100%,0,1919,1919,0,0,0,1919
0x4bbf14,100%,0,454,454,0,0,0,454
0x45f360,100%,0,4,4,0,0,0,4
0x41eb2e,100%,0,3,3,0,0,0,3
0x454fd4,100%,0,4,4,0,0,0,4
0x492e6f,100%,0,1,1,0,0,0,1
0x4a4161,100%,0,32,32,0,0,0,32
0x40bc73,100%,0,87029,87029,0,0,0,87029
0x494363,100%,0,1,1,0,0,0,1
0x454c48,100%,0,2,2,0,0,0,2
0x48ee55,100%,0,1,1,0,0,0,1
0x454992,100%,0,3,3,0,0,0,3
0x48e682,100%,0,1,1,0,0,0,1
0x4a4486,100%,0,9,9,0,0,0,9
0x493cbb,100%,0,1,1,0,0,0,1
0x4a648c,100%,0,810,810,0,0,0,810
0x41e1f0,100%,0,511,511,0,0,0,511
0x4a62ca,100%,0,179,179,0,0,0,179
0x41ede6,100%,0,459,459,0,0,0,459
