Branch PC,Accuracy,Mispredictions,Correct Predictions,Total,dir_t_pred_t,dir_t_pred_nt,dir_nt_pred_t,dir_nt_pred_nt
aggregate,87.5893%,2565542,18106432,20671974,9500608,982613,1582929,8605824
0x40bda5,72.2421%,144397,375804,520201,312423,40708,103689,63381
0x4164ea,82.8538%,106848,516312,623160,22463,94022,12826,493849
0x41683b,50.0524%,94811,95010,189821,47062,47863,46948,47948
0x40cc3f,74.64%,93425,274970,368395,230762,30527,62898,44208
0x40cf70,65.3528%,84913,160166,245079,140376,21604,63309,19790
0x40971d,77.9638%,76745,271523,348268,154433,33545,43200,117090
0x40bbbf,58.7656%,74791,106589,181380,57864,35451,39340,48725
0x40c966,58.4794%,74561,105015,179576,50739,37666,36895,54276
0x40bbb6,74.4632%,69595,202933,272528,41075,50073,19522,161858
0x40cdd3,75.8597%,67030,210638,277668,194044,8535,58495,16594
0x40f6e4,59.7632%,51726,76828,128554,46121,23367,28359,30707
0x40f70f,61.9249%,48947,79607,128554,62739,16214,32733,16868
0x416416,65.1996%,44833,83996,128829,61527,17747,27086,22469
0x40cfb4,74.0358%,44742,127580,172322,123236,6837,37905,4344
0x40bcb7,83.6098%,44668,227860,272528,189732,14664,30004,38128
0x40f73a,66.8567%,42607,85947,128554,76643,10961,31646,9304
0x40be17,75.7216%,40562,126508,167070,119418,5547,35015,7090
0x416298,68.2475%,38425,82589,121014,17682,28021,10404,64907
0x40f765,70.5937%,37803,90751,128554,82149,9123,28680,8602
0x416558,73.5792%,34271,95441,129712,69236,11332,22939,26205
0x40b6d4,76.2271%,34001,109023,143024,106351,5287,28714,2672
0x409544,76.7644%,33348,110173,143521,4730,27889,5459,105443
0x40ccb5,87.381%,32905,227853,260758,225069,3402,29503,2784
0x40b5f6,76.9976%,32899,110125,143024,105259,4719,28180,4866
0x40b676,77.0004%,32895,110129,143024,106676,4161,28734,3453
0x40b734,77.3283%,32426,110598,143024,108423,3753,28673,2175
0x40cff1,78.8434%,29535,110067,139602,107531,3546,25989,2536
0x402e0b,71.8004%,29115,74131,103246,30390,13343,15772,43741
0x40cc72,76.1707%,27173,86859,114032,35923,11283,15890,50936
0x41651f,79.74%,26045,102509,128554,88282,3192,22853,14227
0x40ccf3,88.9102%,25337,203134,228471,165475,5142,20195,37659
0x40b796,82.3309%,25271,117753,143024,61170,6534,18737,56583
0x40eff2,66.7675%,23069,46348,69417,40593,5665,17404,5755
0x40f024,67.3293%,22679,46738,69417,40748,5776,16903,5990
0x40bc9b,70.5309%,22042,52755,74797,16814,13020,9022,35941
0x40d02e,82.1238%,20935,96176,117111,94432,2520,18415,1744
0x40f088,71.1483%,20028,49389,69417,42688,5166,14862,6701
0x40ef8e,71.7951%,19579,49838,69417,42757,5294,14285,7081
0x41136c,82.0608%,19334,88441,107775,48708,5967,13367,39733
0x4096b4,70.1525%,19280,45315,64595,5844,14215,5065,39471
0x40cded,74.7526%,18958,56131,75089,53838,4520,14438,2293
0x40cad7,89.5721%,18726,160850,179576,128119,6563,12163,32731
0x40ef5c,73.9718%,18068,51349,69417,50056,2326,15742,1293
0x402e1a,69.8419%,17948,41565,59513,36124,5006,12942,5441
0x40f056,74.2412%,17881,51536,69417,47853,3270,14611,3683
0x40efc0,74.2844%,17851,51566,69417,46133,3849,14002,5433
0x409489,74.8494%,17822,53039,70861,654,16325,1497,52385
0x411488,82.8133%,17622,84911,102533,73979,4406,13216,10932
0x40f0ba,77.1079%,15891,53526,69417,47441,3741,12150,6085
0x40b69d,83.8278%,15333,79478,94811,1783,13146,2187,77695
0x40caeb,67.3386%,14663,30231,44894,22387,5776,8887,7844
0x4094d0,79.4316%,14575,56286,70861,1476,12237,2338,54810
0x40bbd7,83.7733%,14290,73775,88065,71110,2439,11851,2665
0x4094ed,70.35%,13741,32603,46344,31125,2574,11167,1478
0x40cf60,94.8257%,13520,247769,261289,244052,1027,12493,3717
0x40b6fd,87.4554%,13465,93872,107337,1223,12038,1427,92649
0x40bc89,85.6572%,13384,79931,93315,9323,9195,4189,70608
0x40cf7a,84.0407%,13262,69837,83099,69165,1378,11884,672
0x416578,74.0233%,12766,36378,49144,21063,3693,9073,15315
0x40b75d,87.0794%,12676,85431,98107,1605,10702,1974,83826
0x4095f9,66.7096%,11893,23832,35725,6112,7412,4481,17720
0x411385,77.7702%,11804,41296,53100,31888,2992,8812,9408
0x4113d4,77.6192%,11749,40747,52496,28958,5107,6642,11789
0x41de07,81.4002%,11703,51217,62920,30967,6317,5386,20250
0x40cfa4,93.8513%,11338,173058,184396,171149,1173,10165,1909
0x416018,83.9607%,11134,58283,69417,14222,5463,5671,44061
0x40ce0a,62.7788%,10496,17703,28199,4994,6474,4022,12709
0x40d021,91.7688%,10474,116773,127247,116359,752,9722,414
0x40cd08,82.0687%,10374,47480,57854,22738,5726,4648,24742
0x40cfbe,75.8882%,10187,32062,42249,30053,1974,8213,2009
0x41ddeb,84.7103%,9664,53542,63206,32251,4277,5387,21291
0x40cfe4,93.6949%,9385,139463,148848,139122,480,8905,341
0x40b63b,86.6753%,9001,58550,67551,847,7697,1304,57703
0x40c98c,90.3987%,8753,82412,91165,82165,740,8013,247
0x411414,83.1907%,8721,43161,51882,31735,3064,5657,11426
0x40cffb,69.7493%,8629,19896,28525,17360,2325,6304,2536
0x41e892,90.0928%,8413,76505,84918,9938,3866,4547,66567
0x409640,76.4955%,8397,27328,35725,3446,5942,2455,23882
0x40bc4b,67.8948%,8365,17690,26055,7353,4186,4179,10337
0x40cd39,96.8833%,7848,243956,251804,190653,3279,4569,53303
0x40d038,62.2749%,7605,12554,20159,3903,4628,2977,8651
0x40b609,77.1349%,7556,25490,33046,24307,1512,6044,1183
0x41ee6f,91.6885%,7073,78026,85099,78020,204,6869,6
0x416598,79.3329%,6283,24118,30401,23969,419,5864,149
0x40f115,91.3206%,6025,63392,69417,63365,239,5786,27
0x40965d,68.7719%,5785,12740,18525,11933,1167,4618,807
0x402c7e,92.1455%,5651,66295,71946,60875,2482,3169,5420
0x402e47,94.5557%,5621,97625,103246,97607,205,5416,18
0x411450,88.7268%,5612,44170,49782,29973,2433,3179,14197
0x40cf67,68.4701%,5111,11099,16210,7513,2347,2764,3586
0x40ceec,98.1687%,5085,272583,277668,205382,2869,2216,67201
0x40ceab,71.6933%,4736,11995,16731,8772,1631,3105,3223
0x40ce1e,72.9903%,4519,12212,16731,418,3742,777,11794
0x40ce32,66.1284%,4258,8313,12571,1824,2663,1595,6489
0x41e7cb,92.0437%,4115,47605,51720,8420,1960,2155,39185
0x409e64,55.3338%,4074,5047,9121,3832,1487,2587,1215
0x4113a4,81.991%,3942,17947,21889,10984,1821,2121,6963
0x409e93,58.009%,3830,5291,9121,4255,1490,2340,1036
0x40ce46,53.5131%,3758,4326,8084,1742,2033,1725,2584
0x40be26,97.2088%,3488,121477,124965,121390,291,3197,87
0x411464,84.0313%,3485,18339,21824,9029,1990,1495,9310
0x4113e4,85.0961%,3234,18465,21699,10514,1643,1591,7951
0x416895,97.9782%,3002,145478,148480,145343,91,2911,135
0x40cfab,75.1449%,3001,9073,12074,7649,904,2097,1424
0x411424,86.6635%,2784,18091,20875,8815,1642,1142,9276
0x4096bc,94.2361%,2567,41969,44536,27824,1046,1521,14145
0x40f1d2,59.381%,2533,3703,6236,3174,688,1845,529
0x41eec2,91.6479%,2526,27718,30244,27716,37,2489,2
0x40b768,97.7525%,2205,95902,98107,18203,1164,1041,77699
0x40be1b,94.7892%,2194,39911,42105,39863,216,1978,48
0x40cccc,94.0221%,2152,33847,35999,3035,1933,219,30812
0x41146c,80.4813%,2109,8696,10805,3466,982,1127,5230
0x40bb0e,97.061%,2060,68031,70091,68025,107,1953,6
0x41142c,80.4761%,2034,8384,10418,2643,1149,885,5741
0x40cfeb,78.2176%,2014,7232,9246,7008,322,1692,224
0x40f1fb,55.4275%,1934,2405,4339,1910,654,1280,495
0x41ee22,91.5534%,1814,19662,21476,19657,45,1769,5
0x4113ec,81.2932%,1785,7757,9542,2081,1187,598,5676
0x40d028,82.8729%,1736,8400,10136,260,1327,409,8140
0x40ca73,62.2029%,1654,2722,4376,182,1290,364,2540
0x4113ac,82.1554%,1621,7463,9084,2651,1018,603,4812
0x40b708,98.4926%,1618,105719,107337,19714,1160,458,86005
0x40ca5f,75.0842%,1406,4237,5643,175,1092,314,4062
0x40f224,51.5382%,1402,1491,2893,342,944,458,1149
0x40ca4b,79.9571%,1401,5589,6990,282,1065,336,5307
0x40ca87,57.0937%,1246,1658,2904,801,646,600,857
0x40ca16,69.3199%,1218,2752,3970,2295,322,896,457
0x41646f,99.0695%,1207,128505,129712,108,1050,157,128397
0x40cc58,99.5469%,1184,260105,261289,113396,636,548,146709
0x4162a4,98.5142%,1119,74192,75311,73547,46,1073,645
0x4a623e,89.8435%,1058,9359,10417,9253,15,1043,106
0x415f9c,98.5739%,1026,70920,71946,612,959,67,70308
0x40bd78,64.0608%,993,1770,2763,1440,365,628,330
0x40bd04,98.5572%,983,67149,68132,67137,37,946,12
0x4c4c56,90.4303%,894,8448,9342,8439,53,841,9
0x416a0f,99.3986%,893,147606,148499,147605,16,877,1
0x40ce7e,94.7821%,873,15858,16731,7774,370,503,8084
0x40c995,89.6489%,855,7405,8260,4389,489,366,3016
0x40ccc4,97.7614%,834,36421,37255,622,634,200,35799
0x40f067,95.4521%,832,17462,18294,3598,568,264,13864
0x415fc1,98.8604%,802,69573,70375,199,759,43,69374
0x40b8c1,81.1222%,794,3412,4206,3325,186,608,87
0x40249c,97.8123%,768,34337,35105,34337,15,753,0
0x409733,99.5327%,749,159541,160290,1,740,9,159540
0x402ea3,99.4672%,729,136090,136819,43,713,16,136047
0x40f0cb,96.2764%,679,17556,18235,4293,585,94,13263
0x40b845,66.0541%,665,1294,1959,1036,228,437,258
0x40f099,96.9438%,659,20904,21563,7196,340,319,13708
0x4164f5,99.8984%,633,622527,623160,25955,453,180,596572
0x416427,98.7694%,612,49120,49732,3,585,27,49117
0x4a47a5,65.1365%,600,1121,1721,1024,128,472,97
0x40f160,90.4958%,600,5713,6313,10,490,110,5703
0x41ee8e,91.4182%,590,6285,6875,2549,337,253,3736
0x40cebb,90.9924%,570,5758,6328,2,558,12,5756
0x40954c,99.495%,560,110342,110902,72418,242,318,37924
0x4c4a96,61.4794%,552,881,1433,698,299,253,183
0x40b96d,73.0475%,528,1431,1959,1327,191,337,104
0x40b771,99.3307%,527,78213,78740,67140,119,408,11073
0x40ef9f,97.5803%,517,20849,21366,7655,333,184,13194
0x409749,99.6778%,514,159035,159549,0,506,8,159035
0x40efd1,97.3707%,511,18924,19435,4695,346,165,14229
0x40b9fd,73.9663%,510,1449,1959,132,362,148,1317
0x40cd1f,98.2681%,509,28881,29390,4835,407,102,24046
0x40f1e7,78.9385%,500,1874,2374,1861,36,464,13
0x4a5e65,86.4327%,491,3128,3619,671,359,132,2457
0x401d5a,84.1965%,476,2536,3012,2137,122,354,399
0x41eea2,99.443%,474,84625,85099,84625,7,467,0
0x40f003,97.9792%,468,22691,23159,8875,382,86,13816
0x41e917,99.4489%,468,84450,84918,0,466,2,84450
0x40ca24,88.3627%,462,3508,3970,253,335,127,3255
0x40b8df,76.6207%,458,1501,1959,1216,166,292,285
0x40ef6d,97.4171%,440,16595,17035,3612,253,187,12983
0x40b646,99.3694%,426,67125,67551,20669,197,229,46456
0x401d13,80.6012%,413,1716,2129,1447,110,303,269
0x40b94c,67.6776%,405,848,1253,416,260,145,432
0x4a5c55,81.1838%,391,1687,2078,1101,51,340,586
0x401ce1,87.749%,369,2643,3012,1968,161,208,675
0x409eb5,96.0202%,363,8758,9121,8757,78,285,1
0x41169f,39.7924%,348,230,578,133,156,192,97
0x4169fc,99.797%,344,169101,169445,93708,339,5,75393
0x4a6247,70.322%,341,808,1149,793,66,275,15
0x40b6b1,99.5603%,341,77212,77553,62529,95,246,14683
0x40f210,80.9014%,339,1436,1775,1355,91,248,81
0x4a498c,38.657%,338,213,551,99,167,171,114
0x409653,99.1708%,327,39110,39437,20749,163,164,18361
0x401d3b,37.6673%,326,197,523,104,20,306,93
0x4024b5,56.8393%,325,428,753,16,270,55,412
0x416026,99.3545%,321,49411,49732,0,241,80,49411
0x4a4951,72.9167%,312,840,1152,191,258,54,649
0x402ceb,99.5719%,308,71638,71946,1,285,23,71637
0x4c4e72,90.5846%,306,2944,3250,2941,11,295,3
0x41606f,99.3587%,305,47253,47558,76,61,244,47177
0x402e4f,94.4056%,304,5130,5434,5129,19,285,1
0x4a5d72,73.4729%,304,842,1146,838,20,284,4
0x4a41cb,89.6528%,298,2582,2880,2582,10,288,0
0x41e857,99.4316%,294,51426,51720,0,289,5,51426
0x41ddf9,99.5396%,291,62915,63206,0,286,5,62915
0x4bbe98,79.8601%,288,1142,1430,6,280,8,1136
0x40b9dc,66.3366%,272,536,808,232,135,137,304
0x41e613,74.0883%,270,772,1042,319,117,153,453
0x4a5eba,87.8615%,256,1853,2109,454,237,19,1399
0x4a482f,55.536%,253,316,569,259,75,178,57
0x41688c,99.8526%,247,167293,167540,91621,229,18,75672
0x41e61c,77.6392%,233,809,1042,317,150,83,492
0x40ca2e,93.3176%,226,3156,3382,2441,176,50,715
0x40f239,86.7455%,213,1394,1607,1359,62,151,35
0x40976b,99.8698%,207,158836,159043,0,196,11,158836
0x411458,98.826%,204,17172,17376,0,0,204,17172
0x416abb,97.5972%,202,8205,8407,3587,136,66,4618
0x402763,73.174%,202,551,753,159,127,75,392
0x4036f9,82.4207%,183,858,1041,752,1,182,106
0x40b6a8,99.8091%,181,94630,94811,17164,94,87,77466
0x40f68e,75%,177,531,708,528,43,134,3
0x41e797,76.8212%,175,580,755,446,20,155,134
0x41eee2,99.4379%,170,30074,30244,30074,1,169,0
0x4a4983,75.9602%,169,534,703,16,136,33,518
0x40f610,76.6949%,165,543,708,543,22,143,0
0x40f63e,77.2599%,161,547,708,542,23,138,5
0x40f666,78.8136%,150,558,708,556,16,134,2
0x4a64b6,82.5322%,149,704,853,20,140,9,684
0x4113fb,97.6411%,148,6126,6274,477,137,11,5649
0x4a642e,82.6087%,148,703,851,666,14,134,37
0x4a5ead,93.5412%,145,2100,2245,114,22,123,1986
0x409eba,49.3007%,145,141,286,71,74,71,70
0x41147b,97.719%,145,6212,6357,1826,98,47,4386
0x4a48fa,87.5868%,143,1009,1152,1009,5,138,0
0x40f035,99.4103%,135,22758,22893,8658,48,87,14100
0x41ee45,99.3807%,133,21343,21476,21343,13,120,0
0x4113bb,97.6731%,126,5289,5415,500,104,22,4789
0x40f262,90.8156%,125,1236,1361,37,104,21,1199
0x4a5ee6,87.7953%,124,892,1016,840,5,119,52
0x4152e4,88.1844%,123,918,1041,21,108,15,897
0x4a5ecb,91.3258%,123,1295,1418,353,49,74,942
0x40b655,99.6338%,121,32925,33046,15657,114,7,17268
0x41edf9,58.1315%,121,168,289,112,57,64,56
0x41e633,75.3747%,115,352,467,155,41,74,197
0x40f24d,92.1875%,115,1357,1472,11,100,15,1346
0x40b64f,99.7644%,110,46575,46685,41700,32,78,4875
0x4169eb,99.9555%,108,242382,242490,72986,59,49,169396
0x4164fc,99.9822%,106,596646,596752,494597,9,97,102049
0x4024c4,77.6087%,103,357,460,248,32,71,109
0x4a4119,80.6452%,102,425,527,243,49,53,182
0x41693c,98.5149%,98,6501,6599,2938,39,59,3563
0x4a485e,83.4798%,94,475,569,306,28,66,169
0x40c9af,97.3684%,89,3293,3382,3293,89,0,0
0x4c4a98,80.0459%,87,349,436,0,0,87,349
0x40ccd1,99.7261%,85,30946,31031,3661,51,34,27285
0x40ba84,85.7886%,82,495,577,13,70,12,482
0x4163fd,66.805%,80,161,241,154,23,57,7
0x40f18e,98.7961%,76,6237,6313,0,74,2,6237
0x40b6b6,99.7701%,74,32113,32187,14867,62,12,17246
0x40b716,99.7642%,74,31312,31386,13219,42,32,18093
0x416948,99.0532%,69,7219,7288,7219,3,66,0
0x41691d,99.3278%,69,10196,10265,0,4,65,10196
0x416ad4,99.1183%,67,7532,7599,7532,2,65,0
0x4094e3,99.9274%,66,90781,90847,44462,41,25,46319
0x409ed0,55.3191%,63,78,141,72,27,36,6
0x4a62c0,93.9723%,61,951,1012,818,23,38,133
0x41690e,97.9954%,61,2982,3043,0,0,61,2982
0x40b776,99.8055%,60,30788,30848,12256,51,9,18532
0x41edef,92.328%,58,698,756,445,22,36,253
0x4c4aa2,86.6972%,58,378,436,87,49,9,291
0x4bbe67,90.035%,57,515,572,259,27,30,256
0x4169dd,99.9765%,57,242489,242546,0,56,1,242489
0x4c4ab1,95.0574%,56,1077,1133,835,15,41,242
0x4a4088,98.0556%,56,2824,2880,270,22,34,2554
0x40244f,92.5631%,56,697,753,0,0,56,697
0x401d29,91.4336%,49,523,572,5,44,5,518
0x41692b,99.5225%,49,10212,10261,3628,34,15,6584
0x4091bf,87.6011%,46,325,371,325,4,42,0
0x41e624,92.1739%,45,530,575,210,30,15,320
0x41687b,99.9821%,43,240246,240289,72732,17,26,167514
0x4a5c75,95.4644%,42,884,926,884,0,42,0
0x41686d,99.9829%,41,240289,240330,0,41,0,240289
0x4a5c87,4.7619%,40,2,42,2,40,0,0
0x4a5e97,98.455%,40,2549,2589,2206,19,21,343
0x4a602d,90.407%,33,311,344,89,12,21,222
0x402e2a,99.8259%,32,18351,18383,9786,16,16,8565
0x4a612d,97.215%,32,1117,1149,1113,21,11,4
0x41e314,91.5254%,30,324,354,323,3,27,1
0x4160f6,99.9388%,29,47392,47421,0,0,29,47392
0x40b711,99.9676%,28,86435,86463,75940,11,17,10495
0x416acc,99.4449%,26,4658,4684,793,17,9,3865
0x4019ff,45.6522%,25,21,46,17,11,14,4
0x4a4f56,90.6015%,25,241,266,0,0,25,241
0x4a5d53,97.8185%,25,1121,1146,1121,25,0,0
0x41e21f,93.5028%,23,331,354,9,9,14,322
0x402cbd,99.7437%,22,8563,8585,0,17,5,8563
0x4150c1,98.9438%,22,2061,2083,2061,22,0,0
0x4a5f01,94.1176%,19,304,323,152,19,0,152
0x41e338,94.6328%,19,335,354,335,7,12,0
0x401cf4,97.9615%,18,865,883,865,0,18,0
0x4165a0,99.7006%,18,5995,6013,5995,18,0,0
0x4169b4,99.981%,18,94907,94925,0,0,18,94907
0x4a5e9c,95.3297%,17,347,364,342,16,1,5
0x41138d,99.9122%,16,18204,18220,0,0,16,18204
0x4091e7,61.9048%,16,26,42,25,2,14,1
0x4a5cd0,99.2141%,16,2020,2036,1142,4,12,878
0x4a60f6,98.5437%,15,1015,1030,1010,2,13,5
0x40932c,11.7647%,15,2,17,0,0,15,2
0x4169c0,99.9842%,15,94910,94925,0,0,15,94910
0x4a5cea,98.427%,14,876,890,355,9,5,521
0x4a6424,98.3702%,14,845,859,1,7,7,844
0x40922b,46.1538%,14,12,26,8,14,0,4
0x4a64a9,98.476%,13,840,853,840,1,12,0
0x40929d,36.8421%,12,7,19,3,10,2,4
0x4a62f5,92.9825%,12,159,171,159,12,0,0
0x41143b,99.8189%,12,6614,6626,2091,9,3,4523
0x4a6004,96.875%,11,341,352,0,8,3,341
0x409264,50%,11,11,22,10,8,3,1
0x40370f,96.1806%,11,277,288,277,9,2,0
0x4a478d,99.3608%,11,1710,1721,0,0,11,1710
0x4a493a,91.791%,11,123,134,123,11,0,0
0x4093c4,41.1765%,10,7,17,7,5,5,0
0x4bbde4,96.5035%,10,276,286,0,0,10,276
0x4a6078,97.3837%,9,335,344,335,9,0,0
0x4116de,98.6159%,8,570,578,281,8,0,289
0x409363,52.9412%,8,9,17,0,1,7,9
0x4a5f96,95.3216%,8,163,171,163,8,0,0
0x4bbef9,97.2028%,8,278,286,0,0,8,278
0x409203,70.3704%,8,19,27,0,1,7,19
0x4a5f4d,98.01%,8,394,402,152,0,8,242
0x41e1f0,97.8437%,8,363,371,0,0,8,363
0x4a6146,53.3333%,7,8,15,6,1,6,2
0x4024bb,98.5011%,7,460,467,0,7,0,460
0x4a615f,12.5%,7,1,8,0,6,1,1
0x4115ec,98.7889%,7,571,578,571,7,0,0
0x4a6405,99.1851%,7,852,859,0,0,7,852
0x40c979,99.9923%,7,91164,91171,0,6,1,91164
0x4a6438,99.3015%,6,853,859,853,0,6,0
0x40933c,64.7059%,6,11,17,0,0,6,11
0x4a4f64,97.7444%,6,260,266,0,0,6,260
0x40279d,99.2032%,6,747,753,286,0,6,461
0x4093a8,64.7059%,6,11,17,4,0,6,7
0x4a4186,98.8615%,6,521,527,0,0,6,521
0x416853,99.9947%,5,94891,94896,0,0,5,94891
0x402c83,99.9418%,5,8584,8589,0,4,1,8584
0x4a5e79,99.8069%,5,2584,2589,0,0,5,2584
0x4a5ff7,98.6034%,5,353,358,1,5,0,352
0x4a5f2b,98.7562%,5,397,402,0,0,5,397
0x41e24d,98.6523%,5,366,371,366,3,2,0
0x4a4859,99.1213%,5,564,569,0,0,5,564
0x4a4fe7,97.0149%,4,130,134,0,0,4,130
0x41e87d,99.9953%,4,84914,84918,0,0,4,84914
0x4a40ed,99.241%,4,523,527,523,4,0,0
0x409236,0%,4,0,4,0,4,0,0
0x4a49b8,99.6528%,4,1148,1152,0,4,0,1148
0x409393,76.4706%,4,13,17,0,4,0,13
0x40ca05,99.8817%,4,3378,3382,0,0,4,3378
0x4a4140,99.241%,4,523,527,523,4,0,0
0x4a7d73,99.8075%,4,2074,2078,0,0,4,2074
0x4a4931,97.1014%,4,134,138,0,4,0,134
0x41e213,98.9218%,4,367,371,16,1,3,351
0x4a5c95,90.4762%,4,38,42,0,0,4,38
0x4a7dac,99.8075%,4,2074,2078,0,0,4,2074
0x416902,99.9015%,3,3043,3046,0,3,0,3043
0x40f1b7,99.9519%,3,6236,6239,0,3,0,6236
0x416a82,99.6583%,3,875,878,0,3,0,875
0x421a93,99.8257%,3,1718,1721,0,0,3,1718
0x4a6447,50%,3,3,6,0,0,3,3
0x416339,98.7552%,3,238,241,238,3,0,0
0x4a491b,97.8261%,3,135,138,0,0,3,135
0x403763,99.6026%,3,752,755,0,2,1,752
0x4165c3,99.9957%,3,70088,70091,0,0,3,70088
0x4c4dc2,99%,3,297,300,297,1,2,0
0x4a616b,0%,2,0,2,0,0,2,0
0x4a4779,99.8838%,2,1719,1721,0,0,2,1719
0x4092a8,66.6667%,2,4,6,0,2,0,4
0x41e290,0%,2,0,2,0,0,2,0
0x402477,99.9943%,2,35103,35105,0,0,2,35103
0x4a40a9,0%,2,0,2,0,0,2,0
0x40bc73,99.9979%,2,93313,93315,0,0,2,93313
0x4a6d0f,98.8304%,2,169,171,0,0,2,169
0x41e861,99.9961%,2,51429,51431,0,0,2,51429
0x4a6274,98.5294%,2,134,136,0,0,2,134
0x416d15,99.7344%,2,751,753,751,2,0,0
0x4026c7,0%,2,0,2,0,0,2,0
0x41e365,0%,2,0,2,0,0,2,0
0x416aad,99.9762%,2,8407,8409,0,2,0,8407
0x4a418e,99.6205%,2,525,527,0,2,0,525
0x4a5f94,98.8304%,2,169,171,0,0,2,169
0x41e261,0%,2,0,2,0,0,2,0
0x41e300,99.4382%,2,354,356,0,2,0,354
0x4a4945,99.8264%,2,1150,1152,0,0,2,1150
0x402701,0%,2,0,2,0,0,2,0
0x41e199,0%,2,0,2,0,0,2,0
0x41e357,99.4382%,2,354,356,354,0,2,0
0x409e3a,99.6503%,1,285,286,0,0,1,285
0x4a5ef8,99.6904%,1,322,323,0,0,1,322
0x40926f,75%,1,3,4,2,1,0,1
0x4c4dc8,50%,1,1,2,0,0,1,1
0x4a5e86,99.9614%,1,2588,2589,0,0,1,2588
0x4a7d9b,99.9519%,1,2077,2078,2077,1,0,0
0x4116c2,99.827%,1,577,578,577,1,0,0
0x4a63eb,99.8836%,1,858,859,0,0,1,858
0x402d16,99.9986%,1,71659,71660,71659,1,0,0
0x4092b2,92.3077%,1,12,13,12,1,0,0
0x4a4cbe,99.9132%,1,1151,1152,0,0,1,1151
0x4a6ee1,99.8529%,1,679,680,0,0,1,679
0x415fa9,99.9986%,1,70374,70375,0,0,1,70374
0x4a7df0,99.9519%,1,2077,2078,0,0,1,2077
0x4c4c63,99.8824%,1,849,850,849,0,1,0
0x4a5d19,99.8099%,1,525,526,525,1,0,0
0x4a5cfe,99.8099%,1,525,526,0,0,1,525
0x41e1bb,50%,1,1,2,0,0,1,1
0x409373,94.1176%,1,16,17,0,1,0,16
0x4a6178,50%,1,1,2,1,1,0,0
0x4a7ddb,100%,0,2078,2078,0,0,0,2078
0x4a4fee,100%,0,134,134,0,0,0,134
0x402cfc,100%,0,71660,71660,0,0,0,71660
0x420970,100%,0,2078,2078,2078,0,0,0
0x40371d,100%,0,2,2,0,0,0,2
0x41dc4e,100%,0,286,286,286,0,0,0
0x40ce5a,100%,0,4309,4309,4309,0,0,0
0x416cbc,100%,0,753,753,0,0,0,753
0x4a4fd9,100%,0,134,134,0,0,0,134
0x4a4bf0,100%,0,1152,1152,1152,0,0,0
0x4a7df5,100%,0,2078,2078,0,0,0,2078
0x404729,100%,0,286,286,286,0,0,0
0x4a48e2,100%,0,1152,1152,0,0,0,1152
0x402dd8,100%,0,286,286,0,0,0,286
0x4c4b58,100%,0,300,300,300,0,0,0
0x401dfa,100%,0,753,753,753,0,0,0
0x4a4882,100%,0,1152,1152,0,0,0,1152
0x402949,100%,0,286,286,0,0,0,286
0x41141c,100%,0,17083,17083,0,0,0,17083
0x40477b,100%,0,286,286,0,0,0,286
0x4a48ab,100%,0,1152,1152,0,0,0,1152
0x4a6152,100%,0,8,8,0,0,0,8
0x416183,100%,0,47421,47421,0,0,0,47421
0x4a4963,100%,0,703,703,0,0,0,703
0x40ca9b,100%,0,1457,1457,1457,0,0,0
0x4a4c05,100%,0,1152,1152,0,0,0,1152
0x416a90,100%,0,875,875,0,0,0,875
0x41e91d,100%,0,84452,84452,0,0,0,84452
0x4113dc,100%,0,18431,18431,0,0,0,18431
0x409240,100%,0,22,22,0,0,0,22
0x4a6320,100%,0,171,171,0,0,0,171
0x4a40b3,100%,0,2,2,0,0,0,2
0x4a8403,100%,0,1721,1721,0,0,0,1721
0x40caa8,100%,0,1347,1347,1347,0,0,0
0x4a840c,100%,0,1721,1721,1721,0,0,0
0x4a4783,100%,0,1721,1721,0,0,0,1721
0x4a48d4,100%,0,1152,1152,0,0,0,1152
0x4bbe6e,100%,0,286,286,0,0,0,286
0x4a7d87,100%,0,2078,2078,0,0,0,2078
0x4a40ca,100%,0,2,2,2,0,0,0
0x4a47b7,100%,0,569,569,0,0,0,569
0x4a47c8,100%,0,569,569,0,0,0,569
0x4a47e9,100%,0,569,569,569,0,0,0
0x4163be,100%,0,241,241,0,0,0,241
0x4a488e,100%,0,1152,1152,1152,0,0,0
0x4a6139,100%,0,15,15,0,0,0,15
0x41e62b,100%,0,467,467,0,0,0,467
0x4a4807,100%,0,569,569,0,0,0,569
0x4a4911,100%,0,138,138,0,0,0,138
0x4029a3,100%,0,286,286,0,0,0,286
0x4a5cf3,100%,0,526,526,0,0,0,526
0x409e27,100%,0,286,286,0,0,0,286
0x4bbe19,100%,0,286,286,0,0,0,286
0x4a484f,100%,0,569,569,569,0,0,0
0x4a6236,100%,0,9268,9268,0,0,0,9268
0x40ccb9,100%,0,32287,32287,0,0,0,32287
0x4c4e1b,100%,0,298,298,0,0,0,298
0x4a4834,100%,0,235,235,235,0,0,0
0x40479f,100%,0,286,286,0,0,0,286
0x4a4cea,100%,0,1152,1152,0,0,0,1152
0x4a5e58,100%,0,2109,2109,0,0,0,2109
0x4a4cd7,100%,0,1152,1152,1152,0,0,0
0x41ede6,100%,0,756,756,0,0,0,756
0x416447,100%,0,49144,49144,0,0,0,49144
0x4029de,100%,0,286,286,0,0,0,286
0x4a635e,100%,0,171,171,0,0,0,171
0x4c4bfb,100%,0,850,850,0,0,0,850
0x411662,100%,0,578,578,0,0,0,578
0x4a48f0,100%,0,1152,1152,0,0,0,1152
0x4a640f,100%,0,859,859,0,0,0,859
0x4a62ca,100%,0,171,171,0,0,0,171
0x4a6ef0,100%,0,680,680,0,0,0,680
0x416844,100%,0,94896,94896,0,0,0,94896
0x4a6ef7,100%,0,680,680,0,0,0,680
0x4c4b4e,100%,0,300,300,0,0,0,300
0x404742,100%,0,286,286,286,0,0,0
0x4a48c3,100%,0,1152,1152,0,0,0,1152
0x402997,100%,0,286,286,0,0,0,286
0x4c4af8,100%,0,850,850,0,0,0,850
0x4c4b02,100%,0,850,850,850,0,0,0
0x4c4ba0,100%,0,850,850,850,0,0,0
0x4a496d,100%,0,703,703,0,0,0,703
0x4bbdfa,100%,0,286,286,0,0,0,286
0x4bbe2a,100%,0,572,572,572,0,0,0
0x4047b0,100%,0,286,286,286,0,0,0
0x4047a9,100%,0,286,286,0,0,0,286
0x4bbf0a,100%,0,286,286,0,0,0,286
0x40286c,100%,0,286,286,286,0,0,0
0x4a4863,100%,0,235,235,235,0,0,0
0x4bbec2,100%,0,1144,1144,1144,0,0,0
0x4bbed8,100%,0,286,286,286,0,0,0
0x4a83ea,100%,0,1721,1721,0,0,0,1721
0x4bbdac,100%,0,286,286,286,0,0,0
0x4bbdbc,100%,0,286,286,286,0,0,0
0x4bbdd3,100%,0,286,286,0,0,0,286
0x4091f2,100%,0,15,15,15,0,0,0
0x41debb,100%,0,476207,476207,476207,0,0,0
0x402905,100%,0,286,286,0,0,0,286
0x402b34,100%,0,572,572,572,0,0,0
0x4a48b7,100%,0,1152,1152,1152,0,0,0
0x40290a,100%,0,286,286,0,0,0,286
0x4a5f6f,100%,0,171,171,171,0,0,0
0x4a7dc3,100%,0,2078,2078,0,0,0,2078
0x4a4049,100%,0,288,288,0,0,0,288
0x4c4e7f,100%,0,298,298,0,0,0,298
0x4a4058,100%,0,288,288,288,0,0,0
0x4bbf14,100%,0,286,286,0,0,0,286
0x404760,100%,0,286,286,286,0,0,0
0x4a6337,100%,0,171,171,0,0,0,171
0x40ca38,100%,0,5643,5643,0,0,0,5643
0x4a648c,100%,0,853,853,0,0,0,853
0x41e1fc,100%,0,371,371,0,0,0,371
0x4a49e9,100%,0,1152,1152,1152,0,0,0
0x4a6d1e,100%,0,171,171,0,0,0,171
0x402b11,100%,0,572,572,0,0,0,572
0x402b50,100%,0,572,572,0,0,0,572
0x409279,100%,0,18,18,0,0,0,18
0x4a4f6b,100%,0,266,266,0,0,0,266
0x402481,100%,0,35105,35105,0,0,0,35105
0x402487,100%,0,35105,35105,0,0,0,35105
0x4024f8,100%,0,286,286,0,0,0,286
0x402508,100%,0,293,293,0,0,0,293
0x403776,100%,0,753,753,753,0,0,0
0x4a6316,100%,0,171,171,0,0,0,171
0x41e7b2,100%,0,51720,51720,0,0,0,51720
0x4a4cca,100%,0,1152,1152,0,0,0,1152
0x416278,100%,0,47421,47421,0,0,0,47421
0x416313,100%,0,241,241,0,0,0,241
0x4a4795,100%,0,1721,1721,0,0,0,1721
0x402824,100%,0,286,286,286,0,0,0
0x4a628d,100%,0,42,42,42,0,0,0
0x411667,100%,0,578,578,0,0,0,578
0x4a5c2a,100%,0,2078,2078,0,0,0,2078
0x4a7de7,100%,0,2078,2078,0,0,0,2078
0x41e1c9,100%,0,2,2,0,0,0,2
0x4a83f3,100%,0,1721,1721,0,0,0,1721
0x409302,100%,0,17,17,0,0,0,17
0x40ce69,100%,0,11468,11468,11468,0,0,0
0x4a47da,100%,0,569,569,0,0,0,569
0x4bbda7,100%,0,572,572,572,0,0,0
0x4152f4,100%,0,912,912,912,0,0,0
0x40373a,100%,0,755,755,0,0,0,755
0x4a6341,100%,0,171,171,171,0,0,0
0x402747,100%,0,753,753,0,0,0,753
0x41e769,100%,0,755,755,0,0,0,755
0x4a52a3,100%,0,1152,1152,1152,0,0,0
0x40478d,100%,0,286,286,0,0,0,286
0x41620b,100%,0,47421,47421,0,0,0,47421
0x402ad4,100%,0,572,572,0,0,0,572
0x4a49a3,100%,0,1152,1152,0,0,0,1152
0x41e784,100%,0,755,755,755,0,0,0
0x4a5d2d,100%,0,1734,1734,0,0,0,1734
0x40248c,100%,0,35105,35105,0,0,0,35105
0x4a634b,100%,0,171,171,0,0,0,171
0x403753,100%,0,755,755,0,0,0,755
0x416cf4,100%,0,753,753,0,0,0,753
0x411cde,100%,0,71946,71946,71946,0,0,0
0x4a6d29,100%,0,171,171,0,0,0,171
0x404757,100%,0,286,286,0,0,0,286
0x402a5c,100%,0,572,572,572,0,0,0
0x402ad9,100%,0,572,572,0,0,0,572
0x4a7dcc,100%,0,2078,2078,2078,0,0,0
0x4a62ea,100%,0,171,171,0,0,0,171
0x402c56,100%,0,286,286,0,0,0,286
