Branch PC,Accuracy,Mispredictions,Correct Predictions,Total,dir_t_pred_t,dir_t_pred_nt,dir_nt_pred_t,dir_nt_pred_nt
aggregate,87.9407%,2486191,18130155,20616346,9463552,949255,1536936,8666603
0x40bda5,72.4707%,131750,346831,478581,296458,34869,96881,50373
0x4164ea,82.8388%,98298,474494,572792,18409,87473,10825,456085
0x41683b,50.1425%,93936,94473,188409,47047,47256,46680,47426
0x40cc3f,74.7652%,89381,264816,354197,226249,27699,61682,38567
0x40cf70,65.5292%,81958,155803,237761,136194,20588,61370,19609
0x40971d,76.3708%,77124,249269,326393,153264,33044,44080,96005
0x40c966,58.68%,75642,107422,183064,54421,37200,38442,53001
0x40bbbf,58.7448%,72605,103385,175990,58293,33190,39415,45092
0x40bbb6,74.0984%,67588,193353,260941,34992,49959,17629,158361
0x40cdd3,75.7145%,65054,202818,267872,186083,8717,56337,16735
0x40f6e4,59.8976%,47211,70515,117726,41646,21815,25396,28869
0x40f70f,61.3866%,45458,72268,117726,57567,14469,30989,14701
0x40cfb4,74.4173%,42498,123622,166120,119796,5993,36505,3826
0x416416,64.2583%,42449,76317,118766,54605,17124,25325,21712
0x40bcb7,83.8516%,42138,218804,260942,181599,14107,28031,37205
0x416298,67.9968%,38472,81741,120213,17241,28049,10423,64500
0x40f73a,67.3462%,38442,79284,117726,71347,9422,29020,7937
0x40be17,74.1277%,38098,109156,147254,102837,5798,32300,6319
0x40f765,70.5486%,34672,83054,117726,76186,7954,26718,6868
0x416558,72.4519%,32839,86367,119206,61618,11115,21724,24749
0x40b6d4,77.3556%,32432,110791,143223,108499,4660,27772,2292
0x409544,76.811%,32226,106745,138971,4185,27300,4926,102560
0x40ccb5,87.2512%,32146,220003,252149,216762,3788,28358,3241
0x402e0b,70.1351%,31589,74184,105773,30547,15071,16518,43637
0x40b676,77.9922%,31520,111702,143222,108364,4043,27477,3338
0x40b5f6,78.2387%,31167,112055,143222,106052,5248,25919,6003
0x40b734,78.7185%,30480,112743,143223,110505,3462,27018,2238
0x40cff1,79.8128%,27094,107120,134214,104668,3090,24004,2452
0x40cc72,75.3709%,27026,82706,109732,34091,11113,15913,48615
0x40b796,82.4358%,25156,118067,143223,63351,6330,18826,54716
0x40ccf3,88.9785%,24308,196242,220550,161101,5158,19150,35141
0x41651f,81.0059%,22361,95365,117726,81683,2666,19695,13682
0x40eff2,66.8707%,22186,44782,66968,40195,4811,17375,4587
0x40bc9b,70.9138%,21262,51838,73100,16319,12427,8835,35519
0x40f024,68.2714%,21248,45720,66968,41730,4575,16673,3990
0x40d02e,81.8808%,20505,92662,113167,91006,2484,18021,1656
0x40ef8e,71.3356%,19196,47772,66968,41107,5457,13739,6665
0x4096b4,70.8035%,18823,45647,64470,5310,14253,4570,40337
0x40f088,72.3121%,18542,48426,66968,42468,4644,13898,5958
0x40cded,75.052%,18230,54842,73072,52553,4503,13727,2289
0x40cad7,90.0559%,18204,164860,183064,130646,6652,11552,34214
0x41136c,82.911%,17772,86225,103997,48925,5478,12294,37300
0x402e1a,70.7489%,17596,42559,60155,37206,4802,12794,5353
0x409489,74.8739%,17230,51344,68574,581,15817,1413,50763
0x40f056,75.4166%,16463,50505,66968,47114,2790,13673,3391
0x40ef5c,75.6182%,16328,50640,66968,49807,1784,14544,833
0x40efc0,75.6451%,16310,50658,66968,46344,3102,13208,4314
0x411488,83.7337%,16123,82996,99119,72485,4212,11911,10511
0x40f0ba,77.3623%,15160,51808,66968,46638,3309,11851,5170
0x40caeb,67.3622%,14937,30829,45766,23775,5975,8962,7054
0x40b69d,84.1656%,14305,76036,90341,1924,12460,1845,74112
0x40bbd7,83.3517%,14069,70438,84507,68090,2372,11697,2348
0x4094d0,79.6716%,13940,54634,68574,1213,11868,2072,53421
0x40cf60,94.6418%,13607,240341,253948,236724,1037,12570,3617
0x40b6fd,87.067%,13269,89329,102598,1081,11991,1278,88248
0x4094ed,70.8006%,13046,31633,44679,30385,2387,10659,1248
0x40bc89,85.758%,13029,78454,91483,9759,8624,4405,68695
0x40cf7a,84.6726%,12412,68567,80979,67971,1206,11206,596
0x41e892,83.7027%,12399,63681,76080,26411,3288,9111,37270
0x40b75d,86.6091%,12370,80006,92376,1357,10472,1898,78649
0x41de07,81.2038%,12116,52344,64460,31447,6543,5573,20897
0x416578,74.7574%,11731,34742,46473,21311,2828,8903,13431
0x4095f9,67.4655%,11445,23733,35178,5586,7259,4186,18147
0x411385,77.1122%,11351,38243,49594,28549,3025,8326,9694
0x416018,83.7445%,10886,56082,66968,14670,5118,5768,41412
0x40ce0a,61.1847%,10786,17002,27788,4989,6783,4003,12013
0x4113d4,78.4101%,10584,38439,49023,26982,4656,5928,11457
0x40cfa4,94.0626%,10577,167564,178141,165002,1118,9459,2562
0x41ddeb,83.7969%,10492,54261,64753,32479,4677,5815,21782
0x40d021,91.5977%,10361,112950,123311,112460,707,9654,490
0x40cd08,82.1775%,9676,44615,54291,21792,5199,4477,22823
0x40c98c,89.6176%,9493,81941,91434,81562,830,8663,379
0x40cfe4,93.4763%,9353,134016,143369,133664,550,8803,352
0x40cfbe,76.859%,9333,30998,40331,29487,1649,7684,1511
0x40b63b,86.2789%,8859,55706,64565,882,7562,1297,54824
0x40cffb,68.6461%,8295,18161,26456,15694,2284,6011,2467
0x411414,83.437%,8015,40376,48391,29754,2895,5120,10622
0x409640,77.3324%,7974,27204,35178,2915,5719,2255,24289
0x40cd39,96.84%,7711,236305,244016,184378,3243,4468,51927
0x40d038,61.0256%,7669,12008,19677,3582,4661,3008,8426
0x40bc4b,69.2195%,7580,17046,24626,6574,4007,3573,10472
0x40b609,77.3698%,7224,24698,31922,23352,1469,5755,1346
0x41ee6f,91.3902%,6565,69685,76250,69681,38,6527,4
0x402c7e,91.0128%,6247,63263,69510,58102,2648,3599,5161
0x40965d,68.7176%,5908,12978,18886,12160,1234,4674,818
0x402e47,94.5572%,5757,100016,105773,99990,216,5541,26
0x40f115,91.4287%,5740,61228,66968,61202,282,5458,26
0x416598,80.4288%,5367,22056,27423,21904,430,4937,152
0x40cf67,67.8755%,5200,10987,16187,6990,2567,2633,3997
0x411450,88.8104%,5193,41216,46409,29155,2136,3057,12061
0x40ceec,98.1245%,5024,262848,267872,198139,2765,2259,64709
0x40ceab,71.1414%,4622,11394,16016,8533,1518,3104,2861
0x41eec2,91.2435%,4477,46651,51128,46650,8,4469,1
0x40ce1e,73.2955%,4277,11739,16016,358,3693,584,11381
0x40ce32,64.4296%,4256,7709,11965,1787,2600,1656,5922
0x409e64,57.054%,3866,5136,9002,4221,1272,2594,915
0x40be26,96.4735%,3831,104804,108635,104753,236,3595,51
0x409e93,58.3537%,3749,5253,9002,4326,1416,2333,927
0x40ce46,53.8137%,3500,4078,7578,1616,1889,1611,2462
0x4113a4,84.3277%,3415,18375,21790,11055,1494,1921,7320
0x4a623e,92.2975%,3382,40526,43908,39229,371,3011,1297
0x40cfab,74.5695%,3057,8964,12021,7428,957,2100,1536
0x411464,84.1751%,3008,16000,19008,7946,1707,1301,8054
0x4113e4,85.9319%,2854,17433,20287,10192,1358,1496,7241
0x4096bc,93.7226%,2819,42088,44907,28282,1010,1809,13806
0x411424,85.8697%,2728,16578,19306,8013,1656,1072,8565
0x41ee22,91.1229%,2718,27900,30618,27898,34,2684,2
0x416895,97.9288%,2667,126100,128767,126001,81,2586,99
0x40bb0e,96.2735%,2520,65104,67624,65091,144,2376,13
0x40f1d2,60.6474%,2310,3560,5870,3131,564,1746,429
0x40d028,77.2871%,2304,7840,10144,450,1695,609,7390
0x40b768,97.5242%,2287,90089,92376,17047,1131,1156,73042
0x40cccc,93.797%,2162,32692,34854,2639,1942,220,30053
0x40cfeb,76.7122%,2132,7023,9155,6713,362,1770,310
0x40be1b,94.5079%,2121,36498,38619,36443,203,1918,55
0x40ca73,58.0198%,2031,2807,4838,459,1434,597,2348
0x41146c,78.3859%,2022,7333,9355,2920,970,1052,4413
0x40f1fb,53.9614%,1906,2234,4140,1759,695,1211,475
0x41142c,81.1663%,1815,7822,9637,2566,998,817,5256
0x40b708,98.2885%,1756,100842,102598,18647,1229,527,82195
0x41646f,98.6553%,1603,117603,119206,103,1377,226,117500
0x4113ac,83.1187%,1560,7681,9241,2767,1003,557,4914
0x4113ec,82.3624%,1541,7196,8737,1875,1027,514,5321
0x40ca4b,79.6927%,1533,6016,7549,405,1159,374,5611
0x40ca16,70.0607%,1529,3578,5107,2554,503,1026,1024
0x40f224,51.5349%,1342,1427,2769,417,868,474,1010
0x40cc58,99.4739%,1336,252612,253948,109052,680,656,143560
0x4c4e72,93.2857%,1316,18284,19600,16426,411,905,1858
0x40ca5f,78.1454%,1308,4677,5985,122,1025,283,4555
0x4c4a96,79.0796%,1282,4846,6128,2398,585,697,2448
0x4c4c56,93.7478%,1250,18743,19993,17034,382,868,1709
0x40ca87,58.1664%,1232,1713,2945,887,592,640,826
0x415f9c,98.4319%,1090,68419,69509,591,1007,83,67828
0x40bd78,65.1736%,1003,1877,2880,1609,327,676,268
0x4162a4,98.6653%,1000,73923,74923,73092,43,957,831
0x40bd04,98.5284%,960,64276,65236,64268,24,936,8
0x40249c,97.9642%,931,44801,45732,44801,5,926,0
0x409733,99.3511%,909,139176,140085,0,900,9,139176
0x40ce7e,94.4993%,881,15135,16016,7572,310,571,7563
0x40c995,90.3119%,876,8166,9042,4529,522,354,3637
0x416a0f,99.3213%,874,127908,128782,127906,25,849,2
0x402ea3,99.4481%,872,157124,157996,113,822,50,157011
0x40b8c1,81.4335%,860,3772,4632,3706,137,723,66
0x40ccc4,97.7253%,823,35357,36180,719,607,216,34638
0x415fc1,98.8367%,790,67121,67911,175,768,22,66946
0x40ca24,85.0989%,761,4346,5107,598,518,243,3748
0x40b845,68.1457%,761,1628,2389,1352,248,513,276
0x40f067,95.5579%,758,16306,17064,3504,525,233,12802
0x416427,98.4294%,741,46439,47180,1,706,35,46438
0x4a47a5,87.6975%,732,5218,5950,4746,251,481,472
0x401d5a,80.5496%,729,3019,3748,2659,152,577,360
0x40954c,99.3236%,727,106759,107486,70075,322,405,36684
0x4a6247,83.6815%,703,3605,4308,2682,245,458,923
0x4164f5,99.8825%,673,572119,572792,24268,507,166,547851
0x40f0cb,96.1929%,648,16373,17021,4411,567,81,11962
0x4a5ecb,82.7827%,641,3082,3723,2608,266,375,474
0x40b96d,75.0105%,597,1792,2389,1689,164,433,103
0x41ee8e,90.8743%,596,5935,6531,2086,370,226,3849
0x4a612d,86.2963%,592,3728,4320,1615,375,217,2113
0x40cebb,90.1425%,588,5377,5965,1,571,17,5376
0x40efd1,96.6842%,581,16941,17522,4466,374,207,12475
0x409749,99.5826%,581,138604,139185,0,570,11,138604
0x40f099,97.079%,580,19276,19856,6755,273,307,12521
0x4a5e65,95.0187%,573,10930,11503,2553,420,153,8377
0x40b8df,76.0569%,572,1817,2389,1517,190,382,300
0x401ce1,84.952%,564,3184,3748,2511,160,404,673
0x40f160,90.845%,545,5408,5953,18,451,94,5390
0x40b9fd,78.3173%,518,1871,2389,319,345,173,1552
0x41e857,99.3932%,494,80916,81410,0,484,10,80916
0x4a4951,90.1643%,491,4501,4992,1776,390,101,2725
0x40b646,99.2426%,489,64076,64565,19601,271,218,44475
0x40f1e7,77.5172%,489,1686,2175,1668,62,427,18
0x4a5eba,90.3413%,467,4368,4835,708,404,63,3660
0x4a5c55,93.8265%,459,6976,7435,5441,134,325,1535
0x41eea2,99.4085%,451,75799,76250,75799,2,449,0
0x41e917,99.4072%,451,75629,76080,0,448,3,75629
0x40ef6d,97.0996%,446,14931,15377,3173,264,182,11758
0x401d13,83.3021%,446,2225,2671,2182,40,406,43
0x40b94c,65.9786%,445,863,1308,351,275,170,512
0x40f68e,75.2375%,417,1267,1684,1251,67,350,16
0x40ef9f,97.9612%,416,19988,20404,7486,286,130,12502
0x4169fc,99.7421%,410,158574,158984,93046,406,4,65528
0x40f666,76.3064%,399,1285,1684,1277,64,335,8
0x4a482f,58.7618%,393,560,953,325,136,257,235
0x40f63e,77.019%,387,1297,1684,1293,15,372,4
0x4a5d72,87.0017%,375,2510,2885,2331,241,134,179
0x40b771,99.4959%,374,73824,74198,62980,140,234,10844
0x4a5d53,87.1404%,371,2514,2885,1936,317,54,578
0x40f610,78.0285%,370,1314,1684,1311,18,352,3
0x41169f,40.8428%,365,252,617,59,238,127,193
0x409eb5,96.012%,359,8643,9002,8643,66,293,0
0x40f003,98.3836%,355,21607,21962,8681,277,78,12926
0x409653,99.1587%,336,39602,39938,20825,227,109,18777
0x4a41cb,89.8452%,328,2902,3230,2902,5,323,0
0x4a642e,88.1811%,321,2395,2716,2055,187,134,340
0x416026,99.3323%,315,46865,47180,0,208,107,46865
0x402e4f,94.3776%,313,5254,5567,5254,20,293,0
0x41eee2,99.3956%,309,50819,51128,50819,5,304,0
0x40f210,81.9098%,305,1381,1686,1310,61,244,71
0x4bbe98,97.6671%,304,12727,13031,2309,297,7,10418
0x402ceb,99.5655%,302,69208,69510,1,291,11,69207
0x402763,67.9829%,300,637,937,82,215,85,555
0x41ddf9,99.5398%,298,64455,64753,0,293,5,64455
0x4a602d,91.2452%,296,3085,3381,522,186,110,2563
0x4036f9,75.817%,296,928,1224,874,53,243,54
0x401d3b,33.1066%,295,146,441,120,25,270,26
0x4024b5,68.2505%,294,632,926,2,275,19,630
0x40b9dc,69.0096%,291,648,939,254,149,142,394
0x4c4e7f,89.5404%,289,2474,2763,1399,151,138,1075
0x4a4f6b,68.2522%,287,617,904,0,285,2,617
0x40cd1f,98.989%,276,27024,27300,4674,204,72,22350
0x41688c,99.8248%,275,156653,156928,91160,261,14,65493
0x40ca2e,93.1095%,275,3716,3991,2881,176,99,835
0x41e613,78.6645%,262,966,1228,337,126,136,629
0x40976b,99.8117%,261,138354,138615,0,247,14,138354
0x4a5f2b,91.1969%,253,2621,2874,986,131,122,1635
0x41fbc9,85.5556%,247,1463,1710,355,138,109,1108
0x4a6004,93.2366%,247,3405,3652,63,208,39,3342
0x41e61c,80.0489%,245,983,1228,609,133,112,374
0x4024bb,62.5578%,243,406,649,100,192,51,306
0x41ea77,80.6885%,230,961,1191,294,141,89,667
0x4a485e,75.9706%,229,724,953,417,44,185,307
0x416abb,97.1994%,215,7462,7677,3284,119,96,4178
0x4a5f94,85.0182%,206,1169,1375,349,121,85,820
0x4a4119,77.4086%,204,699,903,309,104,100,390
0x41ee45,99.3337%,204,30414,30618,30414,22,182,0
0x40f035,99.0369%,199,20464,20663,8091,71,128,12373
0x4a48fa,96.0376%,198,4799,4997,3097,122,76,1702
0x4a5ee6,90.1831%,193,1773,1966,1386,70,123,387
0x40f239,87.3989%,187,1297,1484,1266,52,135,31
0x41fca9,89.2982%,183,1527,1710,1397,28,155,130
0x40b64f,99.6084%,175,44518,44693,39715,29,146,4803
0x420372,89.1263%,173,1418,1591,1406,35,138,12
0x42032f,93.1728%,173,2361,2534,25,152,21,2336
0x4a49b8,96.6546%,167,4825,4992,1083,96,71,3742
0x411458,98.9284%,162,14956,15118,0,0,162,14956
0x40b6a8,99.8207%,162,90179,90341,16354,78,84,73825
0x41e633,78.1671%,162,580,742,244,37,125,336
0x4152e4,86.8464%,161,1063,1224,0,131,30,1063
0x41606f,99.6587%,161,47014,47175,44,53,108,46970
0x40244f,82.6134%,161,765,926,0,0,161,765
0x4a5ead,96.912%,159,4990,5149,225,89,70,4765
0x4113fb,97.2751%,159,5676,5835,486,146,13,5190
0x4204a2,91.3661%,158,1672,1830,1642,42,116,30
0x4c4c63,93.8688%,158,2419,2577,1651,73,85,768
0x41147b,97.1638%,155,5310,5465,1582,111,44,3728
0x41edf9,68.5185%,153,333,486,284,20,133,49
0x4c4a98,95.3577%,146,2999,3145,0,0,146,2999
0x4a6424,95.1145%,143,2784,2927,134,77,66,2650
0x4116de,76.9854%,142,475,617,259,38,104,216
0x4a5f01,87.1912%,140,953,1093,815,90,50,138
0x409eba,53.2423%,137,156,293,111,39,98,45
0x40b6b1,99.816%,136,73773,73909,59485,40,96,14288
0x4c4aa2,95.7075%,135,3010,3145,195,98,37,2815
0x4a4088,95.8824%,133,3097,3230,299,114,19,2798
0x420425,90.5891%,131,1261,1392,1188,27,104,73
0x4a5f4d,92.5441%,131,1626,1757,515,68,63,1111
0x40f24d,91.2474%,127,1324,1451,12,96,31,1312
0x4a5fd3,89.0779%,122,995,1117,537,73,49,458
0x41e797,87.1245%,120,812,932,363,85,35,449
0x4164fc,99.9785%,118,547899,548017,455048,18,100,92851
0x4a5e9c,97.1156%,118,3973,4091,3613,89,29,360
0x40f262,91.2137%,118,1225,1343,10,106,12,1215
0x4024c4,67.2269%,117,240,357,180,10,107,60
0x40b776,99.6103%,114,29142,29256,11726,103,11,17416
0x4a4983,96.143%,109,2717,2826,1120,53,56,1597
0x4a5cea,97.5778%,109,4391,4500,3731,52,57,660
0x41687b,99.9518%,106,220003,220109,63164,17,89,156839
0x4091bf,87.7193%,105,750,855,750,7,98,0
0x4a5e97,98.7691%,105,8425,8530,4402,37,68,4023
0x4a64b6,96.3914%,104,2778,2882,161,96,8,2617
0x41f071,96.6667%,102,2958,3060,2954,10,92,4
0x42045f,96.3031%,101,2631,2732,0,96,5,2631
0x40ba84,86.9281%,100,665,765,11,90,10,654
0x420555,93.0348%,98,1309,1407,1304,7,91,5
0x4169eb,99.9559%,98,222081,222179,63117,78,20,158964
0x42033d,95.927%,96,2261,2357,532,82,14,1729
0x4a4931,94.7132%,94,1684,1778,25,75,19,1659
0x41f60e,62.2951%,92,152,244,28,64,28,124
0x4a5cd0,98.7813%,90,7295,7385,2837,48,42,4458
0x41fc03,92.3534%,90,1087,1177,1081,26,64,6
0x41693c,98.5984%,87,6120,6207,2608,27,60,3512
0x4a64a9,96.9813%,87,2795,2882,2531,22,65,264
0x4c4ba0,96.8421%,87,2668,2755,2544,33,54,124
0x41e314,89.6675%,87,755,842,754,7,80,1
0x4a6146,96.2899%,86,2232,2318,2150,28,58,82
0x4163fd,59.6154%,84,124,208,118,25,59,6
0x41e624,82.9218%,83,403,486,111,71,12,292
0x4a60f6,97.3091%,80,2893,2973,2581,18,62,312
0x41686d,99.9641%,79,220109,220188,0,79,0,220109
0x41f609,76.7584%,76,251,327,22,61,15,229
0x40ccd1,99.7589%,73,30200,30273,3221,34,39,26979
0x40b655,99.7713%,73,31849,31922,15477,68,5,16372
0x4c4ab1,97.8022%,72,3204,3276,2744,11,61,460
0x40b716,99.7638%,71,29993,30064,13026,46,25,16967
0x41f5e4,93.1102%,70,946,1016,837,27,43,109
0x420474,96.4957%,69,1900,1969,91,47,22,1809
0x4c4dc2,97.6508%,67,2785,2852,2739,24,43,46
0x4a4140,92.691%,66,837,903,718,29,37,119
0x40f18e,98.8913%,66,5887,5953,0,64,2,5887
0x41edef,93.0481%,65,870,935,401,48,17,469
0x4a418e,93.0233%,63,840,903,24,50,13,816
0x4a493a,96.2455%,63,1615,1678,25,40,23,1590
0x41690e,97.7281%,61,2624,2685,0,0,61,2624
0x420344,96.6724%,58,1685,1743,100,52,6,1585
0x40c9af,98.5718%,57,3934,3991,3934,57,0,0
0x4bbda7,98.9374%,56,5214,5270,5202,12,44,12
0x41e21f,93.3492%,56,786,842,10,35,21,776
0x409ed0,60.8392%,56,87,143,83,20,36,4
0x4169dd,99.9753%,55,222179,222234,0,55,0,222179
0x41691d,99.4376%,54,9547,9601,0,3,51,9547
0x4113bb,99.0313%,53,5418,5471,524,47,6,4894
0x42046d,97.9894%,53,2583,2636,631,36,17,1952
0x4205d7,92.1093%,52,607,659,465,31,21,142
0x4a417c,36.25%,51,29,80,15,24,27,14
0x41fcc7,82.1053%,51,234,285,234,27,24,0
0x4a5c75,97.3118%,50,1810,1860,1810,0,50,0
0x40b6b6,99.8377%,50,30766,30816,14345,39,11,16421
0x416948,99.2822%,50,6916,6966,6916,0,50,0
0x4a498c,96.9752%,50,1603,1653,890,14,36,713
0x4a62c0,98.1147%,49,2550,2599,2545,8,41,5
0x41ea9c,93.6508%,48,708,756,705,2,46,3
0x41fe77,70.9091%,48,117,165,105,12,36,12
0x416ad4,99.3022%,48,6831,6879,6831,1,47,0
0x4091e7,52.0408%,47,51,98,50,7,40,1
0x4a5c87,8%,46,4,50,4,46,0,0
0x41fbda,96.3846%,44,1173,1217,6,34,10,1167
0x4b02a9,50.5618%,44,45,89,14,34,10,31
0x41fc12,60.9091%,43,67,110,12,24,19,55
0x420349,97.3602%,42,1549,1591,1461,12,30,88
0x41fc4f,60.3774%,42,64,106,4,28,14,60
0x4a60a3,93.1148%,42,568,610,444,20,22,124
0x42032a,98.4047%,41,2529,2570,4,32,9,2525
0x41fbe0,96.5166%,41,1136,1177,1060,18,23,76
0x4a40ed,95.4596%,41,862,903,786,26,15,76
0x4bbe67,99.2137%,41,5173,5214,2588,19,22,2585
0x4a5ff7,98.9195%,40,3662,3702,14,36,4,3648
0x4a49e9,99.1995%,40,4957,4997,4860,10,30,97
0x4a6438,98.6676%,39,2888,2927,2879,3,36,9
0x4115ec,93.8412%,38,579,617,579,38,0,0
0x4bbdfa,98.6476%,36,2626,2662,10,24,12,2616
0x41fc77,67.2727%,36,74,110,22,21,15,52
0x4a4173,76.9231%,36,120,156,62,14,22,58
0x41e9d3,94.775%,36,653,689,646,4,32,7
0x41e7cb,99.9558%,36,81374,81410,619,20,16,80755
0x4203d3,88.4244%,36,275,311,273,9,27,2
0x4094e3,99.9603%,35,88230,88265,43570,16,19,44660
0x4b0299,61.7978%,34,55,89,35,9,25,20
0x40b711,99.9601%,33,82689,82722,72513,21,12,10176
0x4b02bc,62.9213%,33,56,89,25,28,5,31
0x4bbdd3,98.8355%,31,2631,2662,23,28,3,2608
0x41ec6f,96.9307%,31,979,1010,979,19,12,0
0x4152f4,97.2553%,30,1063,1093,1062,1,29,1
0x41f52f,97.3142%,30,1087,1117,1005,22,8,82
0x40922b,48.2143%,29,27,56,23,19,10,4
0x4a5f96,96.9061%,28,877,905,756,14,14,121
0x4a615f,80%,28,112,140,109,9,19,3
0x4c4ba6,84.8315%,27,151,178,7,13,14,144
0x41ff27,60.8696%,27,42,69,41,4,23,1
0x49eca6,71.875%,27,69,96,14,4,23,55
0x41f5b2,97.371%,27,1000,1027,999,17,10,1
0x41692b,99.7187%,27,9571,9598,3373,18,9,6198
0x41e9a7,96.9011%,26,813,839,134,16,10,679
0x44b4b6,71.5909%,25,63,88,53,24,1,10
0x409203,57.8947%,24,33,57,1,0,24,32
0x416acc,99.4385%,24,4250,4274,785,19,5,3465
0x416853,99.9745%,24,94082,94106,0,0,24,94082
0x41ebf5,98.8107%,24,1994,2018,1994,12,12,0
0x40f1b7,99.6094%,23,5866,5889,0,19,4,5866
0x40370f,92.2559%,23,274,297,274,18,5,0
0x404c6a,98.1481%,22,1166,1188,1166,16,6,0
0x4a7dc3,99.7041%,22,7413,7435,0,0,22,7413
0x41e338,97.3872%,22,820,842,820,1,21,0
0x453d7a,32.2581%,21,10,31,0,0,21,10
0x41f59e,79.4118%,21,81,102,3,9,12,78
0x4a60d4,95.4741%,21,443,464,307,9,12,136
0x41ff5e,58.3333%,20,28,48,7,17,3,21
0x494b81,54.5455%,20,24,44,18,15,5,6
0x4160f6,99.9575%,20,47058,47078,0,0,20,47058
0x41f04b,82.4074%,19,89,108,2,10,9,87
0x49371f,59.0909%,18,26,44,26,18,0,0
0x402cbd,99.7944%,18,8736,8754,0,15,3,8736
0x4204c7,84.6154%,18,99,117,91,12,6,8
0x409264,52.6316%,18,20,38,8,16,2,12
0x420397,91.5493%,18,195,213,176,8,10,19
0x4f0cfa,59.0909%,18,26,44,5,10,8,21
0x459935,59.0909%,18,26,44,0,0,18,26
0x41eacf,95.8621%,18,417,435,0,14,4,417
0x402e2a,99.9008%,18,18129,18147,9686,12,6,8443
0x4a6341,50%,17,17,34,9,12,5,8
0x420479,99.0715%,17,1814,1831,1783,7,10,31
0x4bbde4,99.3614%,17,2645,2662,39,16,1,2606
0x420281,97.9762%,17,823,840,823,7,10,0
0x421dac,81.8182%,16,72,88,72,16,0,0
0x41eca6,99.2118%,16,2014,2030,2014,4,12,0
0x40c979,99.9836%,15,91428,91443,1,8,7,91427
0x406377,98.6474%,15,1094,1109,1094,10,5,0
0x4205ac,98.3333%,15,885,900,232,9,6,653
0x4169b4,99.9841%,15,94288,94303,0,0,15,94288
0x41f51e,99.0718%,15,1601,1616,490,9,6,1111
0x42050b,87.1795%,15,102,117,6,15,0,96
0x42059f,98.7942%,15,1229,1244,339,5,10,890
0x41e1f0,98.2778%,15,856,871,0,0,15,856
0x41ea0f,90%,15,135,150,1,5,10,134
0x4a62ca,67.3913%,15,31,46,0,12,3,31
0x41fec5,68.75%,15,33,48,9,15,0,24
0x42045a,99.4915%,14,2739,2753,19,2,12,2720
0x4a5f8b,97.0213%,14,456,470,0,0,14,456
0x40929d,41.6667%,14,10,24,0,13,1,10
0x4a5d64,97.7848%,14,618,632,1,11,3,617
0x49297a,46.1538%,14,12,26,12,14,0,0
0x49375b,58.8235%,14,20,34,3,12,2,17
0x493dc1,90.2098%,14,129,143,129,3,11,0
0x41eaff,98.8245%,14,1177,1191,1177,7,7,0
0x409236,0%,14,0,14,0,14,0,0
0x4b024e,99.0978%,13,1428,1441,1428,2,11,0
0x4f0d24,70.4545%,13,31,44,31,13,0,0
0x416cbc,98.6126%,13,924,937,0,0,13,924
0x41fda9,27.7778%,13,5,18,0,12,1,5
0x402747,98.6126%,13,924,937,0,0,13,924
0x46c778,70.4545%,13,31,44,31,13,0,0
0x4bbdbc,99.5116%,13,2649,2662,2636,1,12,13
0x40932c,0%,13,0,13,0,0,13,0
0x48e58b,13.3333%,13,2,15,2,13,0,0
0x4937c2,72.7273%,12,32,44,1,9,3,31
0x446a53,45.4545%,12,10,22,0,11,1,10
0x4a6139,99.485%,12,2318,2330,0,12,0,2318
0x4169c0,99.9873%,12,94291,94303,0,0,12,94291
0x4a6316,64.7059%,12,22,34,0,0,12,22
0x4a62f5,64.7059%,12,22,34,15,6,6,7
0x48ebb0,72.7273%,12,32,44,0,0,12,32
0x416d15,98.7193%,12,925,937,925,11,1,0
0x403763,98.8197%,11,921,932,0,6,5,921
0x409240,73.8095%,11,31,42,0,4,7,31
0x4f0f1c,50%,11,11,22,11,11,0,0
0x4bbdac,99.5868%,11,2651,2662,2642,3,8,9
0x401cf4,98.9786%,11,1066,1077,1066,0,11,0
0x4a49f5,91.3386%,11,116,127,3,7,4,113
0x41e213,98.7135%,11,844,855,4,9,2,840
0x49eccb,85.8974%,11,67,78,0,0,11,67
0x40c1b8,9.09091%,10,1,11,0,0,10,1
0x48ec0e,9.09091%,10,1,11,1,10,0,0
0x409363,23.0769%,10,3,13,0,0,10,3
0x4205f6,98.8095%,10,830,840,830,0,10,0
0x4061dd,98.9899%,10,980,990,980,5,5,0
0x454fd4,16.6667%,10,2,12,0,0,10,2
0x41fd17,16.6667%,10,2,12,0,2,8,2
0x453d71,67.7419%,10,21,31,0,0,10,21
0x42034e,91.5254%,10,108,118,0,3,7,108
0x493d07,9.09091%,10,1,11,1,10,0,0
0x43fb7c,9.09091%,10,1,11,1,10,0,0
0x4a6447,77.7778%,10,35,45,0,0,10,35
0x4a634b,70.5882%,10,24,34,20,2,8,4
0x46c72b,77.2727%,10,34,44,34,10,0,0
0x4150c1,99.633%,9,2443,2452,2443,9,0,0
0x4092a8,18.1818%,9,2,11,0,9,0,2
0x4a40a9,87.8378%,9,65,74,0,0,9,65
0x4949f5,18.1818%,9,2,11,2,9,0,0
0x40279d,99.0395%,9,928,937,296,1,8,632
0x41fbe5,90.9091%,9,90,99,0,6,3,90
0x420186,94.7059%,9,161,170,161,7,2,0
0x41e1fc,98.9667%,9,862,871,7,9,0,855
0x401d29,97.9955%,9,440,449,0,8,1,440
0x43e3bc,79.5455%,9,35,44,35,9,0,0
0x402c83,99.8973%,9,8751,8760,0,6,3,8751
0x41f534,90%,9,81,90,81,9,0,0
0x41fb77,62.5%,9,15,24,0,0,9,15
0x48e666,40%,9,6,15,0,9,0,6
0x40056a,78.3784%,8,29,37,29,8,0,0
0x41138d,99.9556%,8,18012,18020,0,0,8,18012
0x493a7f,27.2727%,8,3,11,3,8,0,0
0x491915,27.2727%,8,3,11,0,0,8,3
0x454a22,60%,8,12,20,1,8,0,11
0x40041c,11.1111%,8,1,9,0,6,2,1
0x41ffc1,33.3333%,8,4,12,4,8,0,0
0x41e24d,99.0815%,8,863,871,863,3,5,0
0x41143b,99.8683%,8,6065,6073,1976,6,2,4089
0x4a6405,99.7267%,8,2919,2927,0,0,8,2919
0x46c6bc,81.8182%,8,36,44,36,8,0,0
0x4945a7,27.2727%,8,3,11,0,0,8,3
0x421ce0,33.3333%,8,4,12,4,8,0,0
0x404bcd,99.2%,8,992,1000,992,3,5,0
0x4946c1,27.2727%,8,3,11,0,8,0,3
0x40933c,38.4615%,8,5,13,0,0,8,5
0x494314,27.2727%,8,3,11,0,8,0,3
0x4a40ca,89.1892%,8,66,74,66,8,0,0
0x48e523,46.6667%,8,7,15,0,0,8,7
0x48ec56,27.2727%,8,3,11,3,8,0,0
0x4b02e6,91.0112%,8,81,89,81,8,0,0
0x45531c,27.2727%,8,3,11,3,8,0,0
0x40c0a4,27.2727%,8,3,11,0,0,8,3
0x453d92,74.1935%,8,23,31,23,8,0,0
0x403db4,36.3636%,7,4,11,0,0,7,4
0x4f3dc5,80.5556%,7,29,36,24,1,6,5
0x41f0aa,93.5185%,7,101,108,6,6,1,95
0x41fd1c,30%,7,3,10,3,7,0,0
0x459d40,84.0909%,7,37,44,0,0,7,37
0x43fd66,36.3636%,7,4,11,4,7,0,0
0x4c31a4,84.0909%,7,37,44,0,0,7,37
0x42047e,82.9268%,7,34,41,1,1,6,33
0x41fce7,58.8235%,7,10,17,8,3,4,2
0x4203db,96.7136%,7,206,213,29,7,0,177
0x4bd1cd,88.1356%,7,52,59,0,0,7,52
0x48eb52,84.0909%,7,37,44,0,0,7,37
0x4bd1f1,88.1356%,7,52,59,0,0,7,52
0x459960,84.0909%,7,37,44,37,7,0,0
0x402b50,98.8255%,7,589,596,0,0,7,589
0x4c31c9,84.0909%,7,37,44,0,0,7,37
0x4a4945,99.8599%,7,4990,4997,0,5,2,4990
0x4a616b,68.1818%,7,15,22,0,0,7,15
0x420572,30%,7,3,10,0,0,7,3
0x454992,22.2222%,7,2,9,0,0,7,2
0x41fcda,70.8333%,7,17,24,0,7,0,17
0x46c6dc,84.0909%,7,37,44,0,0,7,37
0x48e975,0%,6,0,6,0,0,6,0
0x492a84,45.4545%,6,5,11,0,0,6,5
0x494bac,45.4545%,6,5,11,5,5,1,0
0x42011d,50%,6,6,12,5,5,1,1
0x42a3da,45.4545%,6,5,11,5,6,0,0
0x492124,45.4545%,6,5,11,5,6,0,0
0x494b75,86.3636%,6,38,44,11,0,6,27
0x403f1f,0%,6,0,6,0,6,0,0
0x4205b1,99.0895%,6,653,659,653,6,0,0
0x48e674,0%,6,0,6,0,0,6,0
0x4201c1,96.4912%,6,165,171,165,6,0,0
0x420627,98.5149%,6,398,404,398,6,0,0
0x403dde,45.4545%,6,5,11,0,6,0,5
0x45a40e,95.4545%,6,126,132,126,6,0,0
0x43e343,72.7273%,6,16,22,16,6,0,0
0x44b711,45.4545%,6,5,11,5,6,0,0
0x41ea3f,99.2849%,6,833,839,833,1,5,0
0x495711,86.3636%,6,38,44,0,0,6,38
0x43fdb4,45.4545%,6,5,11,5,6,0,0
0x49519a,45.4545%,6,5,11,5,6,0,0
0x4a6c94,72.7273%,6,16,22,16,6,0,0
0x4051d8,45.4545%,6,5,11,0,0,6,5
0x494823,45.4545%,6,5,11,5,6,0,0
0x416aad,99.9219%,6,7677,7683,0,6,0,7677
0x494695,72.7273%,6,16,22,9,2,4,7
0x40ca05,99.8497%,6,3985,3991,0,0,6,3985
0x406354,45.4545%,6,5,11,4,1,5,1
0x494a6b,45.4545%,6,5,11,5,6,0,0
0x404bbc,99.4%,6,994,1000,994,6,0,0
0x4a63c4,50%,6,6,12,6,6,0,0
0x48eb81,86.3636%,6,38,44,0,0,6,38
0x404757,97.9522%,6,287,293,0,0,6,287
0x420503,64.7059%,6,11,17,0,3,3,11
0x49249b,45.4545%,6,5,11,1,0,6,4
0x41e357,99.2916%,6,841,847,841,1,5,0
0x45f369,77.2727%,5,17,22,0,0,5,17
0x4a63eb,99.8292%,5,2922,2927,0,0,5,2922
0x405243,54.5455%,5,6,11,6,5,0,0
0x45a3c1,96.2121%,5,127,132,127,5,0,0
0x4a4186,99.4463%,5,898,903,0,0,5,898
0x4924ef,50%,5,5,10,0,0,5,5
0x41eff0,95.3704%,5,103,108,0,0,5,103
0x493740,88.6364%,5,39,44,39,5,0,0
0x4201b5,97.076%,5,166,171,0,0,5,166
0x41e988,58.3333%,5,7,12,6,1,4,1
0x4924d2,50%,5,5,10,0,0,5,5
0x41e290,0%,5,0,5,0,0,5,0
0x41e365,0%,5,0,5,0,0,5,0
0x41e300,99.4097%,5,842,847,0,5,0,842
0x48edf3,54.5455%,5,6,11,6,5,0,0
0x416cf4,99.4664%,5,932,937,0,0,5,932
0x402b11,99.1611%,5,591,596,0,0,5,591
0x4a4cbe,99.8999%,5,4992,4997,0,0,5,4992
0x404a3f,16.6667%,5,1,6,0,0,5,1
0x41e261,0%,5,0,5,0,0,5,0
0x421e2a,94.3182%,5,83,88,0,0,5,83
0x41fdc0,79.1667%,5,19,24,0,0,5,19
0x494d6d,54.5455%,5,6,11,6,5,0,0
0x460c1e,54.5455%,5,6,11,6,5,0,0
0x429714,77.2727%,5,17,22,0,0,5,17
0x491a36,0%,5,0,5,0,0,5,0
0x4938e4,54.5455%,5,6,11,6,5,0,0
0x422be1,77.2727%,5,17,22,0,0,5,17
0x4061bb,99.4949%,5,985,990,0,0,5,985
0x49439c,37.5%,5,3,8,0,0,5,3
0x4093a8,61.5385%,5,8,13,2,0,5,6
0x403e99,16.6667%,5,1,6,1,5,0,0
0x429e1b,54.5455%,5,6,11,6,5,0,0
0x4947ff,54.5455%,5,6,11,6,5,0,0
0x43fc87,54.5455%,5,6,11,6,5,0,0
0x49572b,88.6364%,5,39,44,29,4,1,10
0x41fe16,89.5833%,5,43,48,0,0,5,43
0x48e95f,16.6667%,5,1,6,1,5,0,0
0x44b76e,54.5455%,5,6,11,6,5,0,0
0x404bed,0%,5,0,5,0,0,5,0
0x49196d,54.5455%,5,6,11,1,5,0,5
0x41f5b6,54.5455%,5,6,11,6,0,5,0
0x43fb5c,54.5455%,5,6,11,6,5,0,0
0x41e199,0%,5,0,5,0,0,5,0
0x41f5d9,54.5455%,5,6,11,1,5,0,5
0x404bfe,0%,5,0,5,0,0,5,0
0x4061e6,0%,5,0,5,0,0,5,0
0x4296f7,81.8182%,4,18,22,18,4,0,0
0x49443e,63.6364%,4,7,11,7,4,0,0
0x4950dd,60%,4,6,10,0,3,1,6
0x41e87d,99.9947%,4,76076,76080,0,0,4,76076
0x4f3d14,63.6364%,4,7,11,7,4,0,0
0x4a4486,89.7436%,4,35,39,0,0,4,35
0x494624,63.6364%,4,7,11,0,0,4,7
0x4b02cd,95.5056%,4,85,89,85,2,2,0
0x4a4161,97.4359%,4,152,156,0,0,4,152
0x48e777,90.9091%,4,40,44,0,0,4,40
0x45a400,96.9697%,4,128,132,0,0,4,128
0x494a59,63.6364%,4,7,11,0,0,4,7
0x4552fa,63.6364%,4,7,11,0,0,4,7
0x408c7c,73.3333%,4,11,15,9,0,4,2
0x4925b6,63.6364%,4,7,11,7,4,0,0
0x4f0f46,81.8182%,4,18,22,0,0,4,18
0x4a7d73,99.9462%,4,7431,7435,0,0,4,7431
0x4f0945,63.6364%,4,7,11,0,0,4,7
0x48e47f,73.3333%,4,11,15,0,0,4,11
0x403e86,33.3333%,4,2,6,2,4,0,0
0x4549aa,80%,4,16,20,16,4,0,0
0x493cc8,63.6364%,4,7,11,7,4,0,0
0x4f2042,63.6364%,4,7,11,7,4,0,0
0x41fd08,77.7778%,4,14,18,5,1,3,9
0x4945ec,81.8182%,4,18,22,8,3,1,10
0x4bbe2a,99.9233%,4,5210,5214,5210,4,0,0
0x4019ff,73.3333%,4,11,15,2,2,2,9
0x4165c3,99.9941%,4,67620,67624,0,0,4,67620
0x4a83f3,99.9328%,4,5946,5950,0,0,4,5946
0x4026c7,33.3333%,4,2,6,1,0,4,1
0x4a5e79,99.9531%,4,8526,8530,0,0,4,8526
0x4bbef9,99.8466%,4,2603,2607,0,0,4,2603
0x494956,63.6364%,4,7,11,0,0,4,7
0x4937e1,60%,4,6,10,0,0,4,6
0x4a4049,98.7616%,4,319,323,0,0,4,319
0x403a2a,0%,4,0,4,0,4,0,0
0x403a58,0%,4,0,4,0,4,0,0
0x491922,63.6364%,4,7,11,0,0,4,7
0x429f4b,63.6364%,4,7,11,0,0,4,7
0x491b50,33.3333%,4,2,6,2,4,0,0
0x460c5f,72.7273%,3,8,11,0,0,3,8
0x4a7dac,99.9597%,3,7432,7435,0,0,3,7432
0x492b43,72.7273%,3,8,11,8,3,0,0
0x42a546,72.7273%,3,8,11,0,0,3,8
0x409393,76.9231%,3,10,13,0,2,1,10
0x494352,0%,3,0,3,0,0,3,0
0x460b0f,84.2105%,3,16,19,8,0,3,8
0x460c13,72.7273%,3,8,11,0,0,3,8
0x49309f,72.7273%,3,8,11,8,3,0,0
0x42a3b0,72.7273%,3,8,11,8,3,0,0
0x4c4b4e,99.8948%,3,2849,2852,0,0,3,2849
0x4a62ea,91.1765%,3,31,34,0,0,3,31
0x45f229,86.3636%,3,19,22,0,0,3,19
0x4061aa,99.697%,3,987,990,0,0,3,987
0x454fdd,75%,3,9,12,9,3,0,0
0x402ad9,99.4966%,3,593,596,0,0,3,593
0x4a491b,99.8313%,3,1775,1778,0,0,3,1775
0x403e73,50%,3,3,6,0,3,0,3
0x41eb2e,75%,3,9,12,0,0,3,9
0x43e756,97.9021%,3,140,143,140,3,0,0
0x4a6078,99.9113%,3,3378,3381,3378,3,0,0
0x48ed39,72.7273%,3,8,11,8,3,0,0
0x48ed00,72.7273%,3,8,11,8,3,0,0
0x403ed2,50%,3,3,6,3,3,0,0
0x403f01,0%,3,0,3,0,0,3,0
0x48e597,80%,3,12,15,0,0,3,12
0x49219a,72.7273%,3,8,11,8,3,0,0
0x403eeb,50%,3,3,6,3,3,0,0
0x454aca,0%,3,0,3,0,0,3,0
0x454ae2,0%,3,0,3,0,3,0,0
0x4944d3,72.7273%,3,8,11,8,3,0,0
0x49547e,72.7273%,3,8,11,8,3,0,0
0x494393,72.7273%,3,8,11,0,3,0,8
0x49469e,72.7273%,3,8,11,8,3,0,0
0x4a4fe7,95.3846%,3,62,65,0,0,3,62
0x45994a,93.1818%,3,41,44,41,3,0,0
0x446a3e,86.3636%,3,19,22,0,0,3,19
0x4a4f56,99.6681%,3,901,904,0,0,3,901
0x49197e,40%,3,2,5,0,0,3,2
0x495120,72.7273%,3,8,11,8,3,0,0
0x404b9a,99.7%,3,997,1000,0,0,3,997
0x4f0ef5,86.3636%,3,19,22,19,3,0,0
0x41fbee,96.7742%,3,90,93,90,3,0,0
0x4ace0b,72.7273%,3,8,11,0,0,3,8
0x40bc73,99.9967%,3,91480,91483,0,0,3,91480
0x404c0f,40%,3,2,5,2,3,0,0
0x4093c4,76.9231%,3,10,13,10,1,2,0
0x454c48,50%,3,3,6,0,0,3,3
0x48e475,80%,3,12,15,0,0,3,12
0x404742,98.9761%,3,290,293,290,2,1,0
0x48e4df,80%,3,12,15,12,3,0,0
0x41f2b5,75%,3,9,12,9,3,0,0
0x422bfc,86.3636%,3,19,22,0,0,3,19
0x49475d,70%,3,7,10,7,3,0,0
0x4b01ac,72.7273%,3,8,11,8,3,0,0
0x45e5f4,86.3636%,3,19,22,0,0,3,19
0x48ebd6,93.1818%,3,41,44,4,2,1,37
0x49ecd9,96.1538%,3,75,78,0,0,3,75
0x404bd9,40%,3,2,5,0,0,3,2
0x4f0924,72.7273%,3,8,11,8,3,0,0
0x4165a0,99.941%,3,5086,5089,5086,3,0,0
0x493cbb,72.7273%,3,8,11,0,0,3,8
0x4052f8,72.7273%,3,8,11,4,2,1,4
0x4937b2,93.1818%,3,41,44,0,0,3,41
0x43fa42,81.8182%,2,9,11,9,2,0,0
0x402997,99.9233%,2,2604,2606,0,0,2,2604
0x403a6e,0%,2,0,2,0,0,2,0
0x48e5d3,86.6667%,2,13,15,13,2,0,0
0x4201e2,98.8304%,2,169,171,169,1,1,0
0x494b62,93.9394%,2,31,33,0,0,2,31
0x4201a3,98.8304%,2,169,171,0,0,2,169
0x48ee89,81.8182%,2,9,11,0,0,2,9
0x4a83ea,99.9664%,2,5948,5950,0,0,2,5948
0x4201bc,98.8304%,2,169,171,0,0,2,169
0x454a9a,66.6667%,2,4,6,3,0,2,1
0x43fa37,81.8182%,2,9,11,9,2,0,0
0x43fc6e,81.8182%,2,9,11,0,0,2,9
0x48ed80,81.8182%,2,9,11,9,2,0,0
0x4a4f99,99.2982%,2,283,285,283,2,0,0
0x4a6274,99.3631%,2,312,314,0,0,2,312
0x454c88,66.6667%,2,4,6,4,2,0,0
0x4f13b1,94.1176%,2,32,34,0,0,2,32
0x420222,98.8304%,2,169,171,169,0,2,0
0x491b2e,66.6667%,2,4,6,0,0,2,4
0x4929ce,92.3077%,2,24,26,0,0,2,24
0x4938b3,81.8182%,2,9,11,0,0,2,9
0x420356,98.2609%,2,113,115,113,1,1,0
0x43e3a3,90.9091%,2,20,22,20,2,0,0
0x4a61a7,83.3333%,2,10,12,10,2,0,0
0x4942f6,81.8182%,2,9,11,0,0,2,9
0x4a62fe,84.6154%,2,11,13,0,0,2,11
0x40ca38,99.9666%,2,5983,5985,0,0,2,5983
0x4a4859,99.7901%,2,951,953,0,0,2,951
0x492e6f,81.8182%,2,9,11,0,0,2,9
0x41ef0c,98.1481%,2,106,108,106,2,0,0
0x4092b2,84.6154%,2,11,13,11,0,2,0
0x4a478d,99.9664%,2,5948,5950,0,0,2,5948
0x494363,33.3333%,2,1,3,0,0,2,1
0x494ba3,81.8182%,2,9,11,0,0,2,9
0x491931,81.8182%,2,9,11,9,2,0,0
0x4bbf14,99.9233%,2,2605,2607,0,0,2,2605
0x454988,90%,2,18,20,10,1,1,8
0x41ebc0,83.3333%,2,10,12,0,0,2,10
0x495463,81.8182%,2,9,11,9,2,0,0
0x49487a,81.8182%,2,9,11,9,2,0,0
0x494aad,81.8182%,2,9,11,9,2,0,0
0x4933e9,81.8182%,2,9,11,9,2,0,0
0x492e78,81.8182%,2,9,11,0,0,2,9
0x4a4157,98.7179%,2,154,156,0,0,2,154
0x43f9f1,81.8182%,2,9,11,9,2,0,0
0x493367,81.8182%,2,9,11,9,2,0,0
0x492e23,81.8182%,2,9,11,9,2,0,0
0x4039fd,50%,2,2,4,0,2,0,2
0x494af3,81.8182%,2,9,11,0,0,2,9
0x4a5c95,96%,2,48,50,0,0,2,48
0x4c4dc8,97.7528%,2,87,89,0,0,2,87
0x493b9f,81.8182%,2,9,11,0,0,2,9
0x494753,81.8182%,2,9,11,0,1,1,9
0x422bc6,90.9091%,2,20,22,0,0,2,20
0x4919bc,60%,2,3,5,0,0,2,3
0x494c06,0%,1,0,1,0,1,0,0
0x42a326,90.9091%,1,10,11,0,0,1,10
0x459da0,97.7273%,1,43,44,0,0,1,43
0x42048e,0%,1,0,1,0,0,1,0
0x494bbc,0%,1,0,1,0,0,1,0
0x40c164,90.9091%,1,10,11,10,1,0,0
0x4919aa,80%,1,4,5,0,0,1,4
0x48e62c,93.3333%,1,14,15,14,1,0,0
0x4047cb,0%,1,0,1,0,0,1,0
0x4550a7,90.9091%,1,10,11,10,1,0,0
0x45503a,90.9091%,1,10,11,0,0,1,10
0x416844,99.9989%,1,94105,94106,0,0,1,94105
0x41ec84,91.6667%,1,11,12,0,0,1,11
0x4033bf,0%,1,0,1,0,1,0,0
0x403871,0%,1,0,1,0,0,1,0
0x40371d,80%,1,4,5,0,0,1,4
0x493733,97.7273%,1,43,44,0,0,1,43
0x4919f8,80%,1,4,5,0,0,1,4
0x403958,80%,1,4,5,0,0,1,4
0x420243,90%,1,9,10,0,0,1,9
0x4f13b6,97.0588%,1,33,34,0,0,1,33
0x4acdf8,90.9091%,1,10,11,0,0,1,10
0x492b33,90.9091%,1,10,11,0,0,1,10
0x42035e,0%,1,0,1,0,1,0,0
0x48eea6,90.9091%,1,10,11,10,1,0,0
0x4a4911,99.9438%,1,1777,1778,0,0,1,1777
0x4a6236,99.9975%,1,39599,39600,0,0,1,39599
0x48ecf7,90.9091%,1,10,11,0,0,1,10
0x4a6178,95.4545%,1,21,22,21,1,0,0
0x4939f7,90.9091%,1,10,11,10,1,0,0
0x416339,99.5192%,1,207,208,207,1,0,0
0x48e46c,93.3333%,1,14,15,0,0,1,14
0x4a63b7,91.6667%,1,11,12,0,0,1,11
0x48e4d1,93.3333%,1,14,15,0,0,1,14
0x48e50d,93.3333%,1,14,15,0,0,1,14
0x48e534,93.3333%,1,14,15,14,1,0,0
0x48e545,93.3333%,1,14,15,0,0,1,14
0x402a5c,99.8322%,1,595,596,595,1,0,0
0x4a4a02,99.2126%,1,126,127,126,1,0,0
0x420486,97.4359%,1,38,39,37,1,0,1
0x4a5f6f,99.8895%,1,904,905,904,1,0,0
0x41eb97,91.6667%,1,11,12,0,0,1,11
0x494618,90.9091%,1,10,11,0,0,1,10
0x4052e3,90.9091%,1,10,11,10,1,0,0
0x4f0cdb,97.7273%,1,43,44,0,1,0,43
0x41efeb,99.0741%,1,107,108,0,0,1,107
0x406113,83.3333%,1,5,6,0,0,1,5
0x493078,90.9091%,1,10,11,0,0,1,10
0x494528,90.9091%,1,10,11,0,0,1,10
0x4a635e,91.6667%,1,11,12,0,0,1,11
0x494fb4,90.9091%,1,10,11,0,0,1,10
0x494c3c,0%,1,0,1,0,0,1,0
0x4a6320,97.0588%,1,33,34,0,0,1,33
0x459db9,97.7273%,1,43,44,43,1,0,0
0x402701,83.3333%,1,5,6,1,0,1,4
0x493da8,99.3007%,1,142,143,11,0,1,131
0x4047a9,99.6587%,1,292,293,0,1,0,292
0x4091f2,97.561%,1,40,41,40,1,0,0
0x4a5d19,99.8605%,1,716,717,716,1,0,0
0x4a5cfe,99.8605%,1,716,717,0,0,1,716
0x43fd2c,90.9091%,1,10,11,10,1,0,0
0x405269,90.9091%,1,10,11,10,1,0,0
0x446a69,90.9091%,1,10,11,0,0,1,10
0x41debb,99.9998%,1,470368,470369,470368,1,0,0
0x40c1a2,90.9091%,1,10,11,10,1,0,0
0x454c4d,83.3333%,1,5,6,0,0,1,5
0x493218,90.9091%,1,10,11,0,0,1,10
0x421a93,99.9832%,1,5937,5938,0,0,1,5937
0x49495e,90.9091%,1,10,11,10,1,0,0
0x45f360,95.4545%,1,21,22,0,0,1,21
0x494c25,0%,1,0,1,0,0,1,0
0x494bfe,0%,1,0,1,0,0,1,0
0x41ffd5,90%,1,9,10,9,1,0,0
0x41fd42,90%,1,9,10,9,1,0,0
0x41f5de,80%,1,4,5,0,0,1,4
0x402d16,99.9986%,1,69217,69218,69217,0,1,0
0x40ca9b,99.9318%,1,1465,1466,1465,1,0,0
0x403928,80%,1,4,5,0,0,1,4
0x404411,0%,1,0,1,0,0,1,0
0x49491a,90.9091%,1,10,11,10,1,0,0
0x491b04,83.3333%,1,5,6,0,0,1,5
0x4a49a3,99.98%,1,4991,4992,0,0,1,4991
0x4bbed8,99.9616%,1,2605,2606,2605,1,0,0
0x4a4cca,99.98%,1,4996,4997,0,0,1,4996
0x4f0e12,90.9091%,1,10,11,0,0,1,10
0x429dae,90.9091%,1,10,11,0,0,1,10
0x4a628d,98%,1,49,50,49,1,0,0
0x491908,90.9091%,1,10,11,0,0,1,10
0x43fca4,90.9091%,1,10,11,10,1,0,0
0x40286c,99.9616%,1,2606,2607,2606,1,0,0
0x4a484f,100%,0,953,953,953,0,0,0
0x494431,100%,0,11,11,0,0,0,11
0x41e97a,100%,0,12,12,0,0,0,12
0x402905,100%,0,2606,2606,0,0,0,2606
0x4a7d9b,100%,0,7435,7435,7435,0,0,0
0x494b1c,100%,0,11,11,0,0,0,11
0x41f0a2,100%,0,108,108,0,0,0,108
0x4920ef,100%,0,11,11,0,0,0,11
0x4a6d29,100%,0,21,21,0,0,0,21
0x4918f0,100%,0,11,11,0,0,0,11
0x41eb6f,100%,0,12,12,12,0,0,0
0x4a4fee,100%,0,65,65,0,0,0,65
0x455058,100%,0,11,11,0,0,0,11
0x49476e,100%,0,7,7,7,0,0,0
0x4a4fd9,100%,0,65,65,0,0,0,65
0x460c80,100%,0,11,11,0,0,0,11
0x4947b9,100%,0,11,11,0,0,0,11
0x41620b,100%,0,47078,47078,0,0,0,47078
0x459da9,100%,0,44,44,0,0,0,44
0x4f13aa,100%,0,34,34,0,0,0,34
0x43f9c9,100%,0,11,11,11,0,0,0
0x4a4834,100%,0,492,492,492,0,0,0
0x4f0d17,100%,0,29,29,0,0,0,29
0x411662,100%,0,617,617,0,0,0,617
0x49458e,100%,0,11,11,11,0,0,0
0x4f0f59,100%,0,22,22,22,0,0,0
0x41ede6,100%,0,935,935,0,0,0,935
0x411667,100%,0,617,617,0,0,0,617
0x4a5c2a,100%,0,7435,7435,0,0,0,7435
0x493034,100%,0,11,11,11,0,0,0
0x492aad,100%,0,11,11,0,0,0,11
0x493d93,100%,0,11,11,11,0,0,0
0x4a4f64,100%,0,904,904,0,0,0,904
0x4a5d2d,100%,0,4054,4054,0,0,0,4054
0x492a9d,100%,0,11,11,11,0,0,0
0x4f0e21,100%,0,11,11,11,0,0,0
0x401dfa,100%,0,937,937,937,0,0,0
0x404760,100%,0,293,293,293,0,0,0
0x455041,100%,0,11,11,0,0,0,11
0x4a40b3,100%,0,74,74,0,0,0,74
0x4a7df5,100%,0,7435,7435,0,0,0,7435
0x49296a,100%,0,26,26,0,0,0,26
0x420970,100%,0,7423,7423,7423,0,0,0
0x4029a3,100%,0,2606,2606,0,0,0,2606
0x4a4779,100%,0,5950,5950,0,0,0,5950
0x40248c,100%,0,45732,45732,0,0,0,45732
0x4a6d1e,100%,0,21,21,0,0,0,21
0x4c4b58,100%,0,2852,2852,2852,0,0,0
0x4a6d0f,100%,0,21,21,0,0,0,21
0x495010,100%,0,8,8,8,0,0,0
0x494306,100%,0,11,11,0,0,0,11
0x404b89,100%,0,5,5,0,0,0,5
0x4163be,100%,0,208,208,0,0,0,208
0x494282,100%,0,11,11,0,0,0,11
0x4a7dcc,100%,0,7435,7435,7435,0,0,0
0x493d8d,100%,0,11,11,0,0,0,11
0x402ad4,100%,0,596,596,0,0,0,596
0x41141c,100%,0,15742,15742,0,0,0,15742
0x4a5cf3,100%,0,717,717,0,0,0,717
0x4a4c05,100%,0,4997,4997,0,0,0,4997
0x493dc6,100%,0,11,11,11,0,0,0
0x4a4963,100%,0,2826,2826,0,0,0,2826
0x49424e,100%,0,11,11,0,0,0,11
0x491aea,100%,0,5,5,5,0,0,0
0x4946cd,100%,0,3,3,3,0,0,0
0x4a48c3,100%,0,4997,4997,0,0,0,4997
0x460d09,100%,0,11,11,0,0,0,11
0x41ecb5,100%,0,12,12,0,0,0,12
0x402824,100%,0,2607,2607,2607,0,0,0
0x4a4882,100%,0,4997,4997,0,0,0,4997
0x4955b3,100%,0,3,3,0,0,0,3
0x49437b,100%,0,3,3,0,0,0,3
0x40ccb9,100%,0,31599,31599,0,0,0,31599
0x420493,100%,0,1,1,1,0,0,0
0x491a6e,100%,0,5,5,5,0,0,0
0x41e1c9,100%,0,5,5,0,0,0,5
0x416313,100%,0,208,208,0,0,0,208
0x4919e5,100%,0,5,5,0,0,0,5
0x45d744,100%,0,22,22,0,0,0,22
0x409279,100%,0,24,24,0,0,0,24
0x403eb9,100%,0,3,3,3,0,0,0
0x455011,100%,0,12,12,12,0,0,0
0x4029de,100%,0,2606,2606,0,0,0,2606
0x403a2f,100%,0,4,4,4,0,0,0
0x40ce69,100%,0,11772,11772,11772,0,0,0
0x45d73b,100%,0,22,22,0,0,0,22
0x40ce5a,100%,0,4073,4073,4073,0,0,0
0x4947de,100%,0,11,11,0,0,0,11
0x4a47da,100%,0,953,953,0,0,0,953
0x4a7d87,100%,0,7435,7435,0,0,0,7435
0x49ed04,100%,0,78,78,0,0,0,78
0x41fd7e,100%,0,2,2,0,0,0,2
0x42018b,100%,0,2,2,0,0,0,2
0x499896,100%,0,15,15,15,0,0,0
0x4a6c7b,100%,0,22,22,0,0,0,22
0x45e5a4,100%,0,22,22,0,0,0,22
0x4a4795,100%,0,5950,5950,0,0,0,5950
0x403a3f,100%,0,2,2,2,0,0,0
0x48e64f,100%,0,15,15,0,0,0,15
0x4a7de7,100%,0,7435,7435,0,0,0,7435
0x4052d1,100%,0,11,11,11,0,0,0
0x460cd8,100%,0,11,11,0,0,0,11
0x4956f0,100%,0,11,11,0,0,0,11
0x49990a,100%,0,15,15,0,0,0,15
0x415fa9,100%,0,67911,67911,0,0,0,67911
0x416a82,100%,0,851,851,0,0,0,851
0x402b34,100%,0,596,596,596,0,0,0
0x4a48b7,100%,0,4997,4997,4997,0,0,0
0x4b0225,100%,0,11,11,0,0,0,11
0x4a496d,100%,0,2826,2826,0,0,0,2826
0x49518b,100%,0,11,11,0,0,0,11
0x41f599,100%,0,102,102,0,0,0,102
0x4a648c,100%,0,2882,2882,0,0,0,2882
0x45504d,100%,0,11,11,11,0,0,0
0x446aa7,100%,0,11,11,0,0,0,11
0x494544,100%,0,11,11,0,0,0,11
0x494a49,100%,0,11,11,0,0,0,11
0x4a8403,100%,0,5950,5950,0,0,0,5950
0x454c1e,100%,0,6,6,0,0,0,6
0x494948,100%,0,11,11,0,0,0,11
0x494bde,100%,0,1,1,1,0,0,0
0x4c4e1b,100%,0,2763,2763,0,0,0,2763
0x48e5a4,100%,0,15,15,15,0,0,0
0x49197a,100%,0,5,5,0,0,0,5
0x4038cc,100%,0,1,1,0,0,0,1
0x494fa9,100%,0,11,11,0,0,0,11
0x4033ea,100%,0,1,1,1,0,0,0
0x420569,100%,0,10,10,0,0,0,10
0x402c56,100%,0,292,292,0,0,0,292
0x43f9b3,100%,0,11,11,0,0,0,11
0x411cde,100%,0,69509,69509,69509,0,0,0
0x4a4478,100%,0,39,39,0,0,0,39
0x4a52a3,100%,0,4997,4997,4997,0,0,0
0x41e91d,100%,0,75632,75632,0,0,0,75632
0x404bab,100%,0,1000,1000,0,0,0,1000
0x4043fb,100%,0,1,1,1,0,0,0
0x4043d5,100%,0,1,1,1,0,0,0
0x4113dc,100%,0,17385,17385,0,0,0,17385
0x48e61e,100%,0,15,15,0,0,0,15
0x48e60f,100%,0,15,15,15,0,0,0
0x4a6ef7,100%,0,2242,2242,0,0,0,2242
0x43fc8f,100%,0,11,11,0,0,0,11
0x429dc7,100%,0,11,11,11,0,0,0
0x416447,100%,0,46473,46473,0,0,0,46473
0x4a6ef0,100%,0,2242,2242,0,0,0,2242
0x40478d,100%,0,293,293,0,0,0,293
0x403899,100%,0,1,1,0,0,0,1
0x4bbe6e,100%,0,2607,2607,0,0,0,2607
0x4a6ee1,100%,0,2242,2242,0,0,0,2242
0x4a6337,100%,0,34,34,0,0,0,34
0x43fc63,100%,0,11,11,0,0,0,11
0x4bbf0a,100%,0,2607,2607,0,0,0,2607
0x48e682,100%,0,6,6,0,0,0,6
0x400404,100%,0,9,9,9,0,0,0
0x4a640f,100%,0,2927,2927,0,0,0,2927
0x48e455,100%,0,15,15,15,0,0,0
0x403a85,100%,0,4,4,0,0,0,4
0x4549f0,100%,0,20,20,0,0,0,20
0x409e3a,100%,0,293,293,0,0,0,293
0x43fb69,100%,0,11,11,11,0,0,0
0x4a4cd7,100%,0,4997,4997,4997,0,0,0
0x44b7ff,100%,0,11,11,11,0,0,0
0x45e5be,100%,0,22,22,0,0,0,22
0x454c37,100%,0,6,6,0,0,0,6
0x402949,100%,0,2606,2606,0,0,0,2606
0x45f3b0,100%,0,22,22,0,0,0,22
0x4929bd,100%,0,26,26,0,0,0,26
0x45f3b9,100%,0,22,22,0,0,0,22
0x453344,100%,0,11,11,11,0,0,0
0x40619b,100%,0,5,5,0,0,0,5
0x4a4da4,100%,0,127,127,127,0,0,0
0x43fcdd,100%,0,11,11,11,0,0,0
0x48ec2f,100%,0,11,11,11,0,0,0
0x494518,100%,0,11,11,0,0,0,11
0x45e60e,100%,0,22,22,0,0,0,22
0x406118,100%,0,6,6,0,0,0,6
0x40c09c,100%,0,11,11,0,0,0,11
0x4a840c,100%,0,5950,5950,5950,0,0,0
0x405ef2,100%,0,6,6,6,0,0,0
0x402cfc,100%,0,69218,69218,0,0,0,69218
0x4c4b02,100%,0,2755,2755,2755,0,0,0
0x42a34d,100%,0,11,11,0,0,0,11
0x4924fe,100%,0,10,10,0,0,0,10
0x41ec3d,100%,0,12,12,0,0,0,12
0x4a4cea,100%,0,4997,4997,0,0,0,4997
0x4a4058,100%,0,323,323,323,0,0,0
0x42a368,100%,0,11,11,0,0,0,11
0x42a35d,100%,0,11,11,0,0,0,11
0x4bbec2,100%,0,10424,10424,10424,0,0,0
0x494a41,100%,0,11,11,0,0,0,11
0x4204bd,100%,0,1,1,1,0,0,0
0x45333a,100%,0,11,11,0,0,0,11
0x49510d,100%,0,11,11,0,0,0,11
0x40290a,100%,0,2606,2606,0,0,0,2606
0x42a340,100%,0,11,11,0,0,0,11
0x49210e,100%,0,11,11,0,0,0,11
0x4bbe19,100%,0,2628,2628,0,0,0,2628
0x49308c,100%,0,11,11,0,0,0,11
0x42a541,100%,0,11,11,0,0,0,11
0x4f13af,100%,0,34,34,0,0,0,34
0x43fb96,100%,0,11,11,0,0,0,11
0x45532b,100%,0,11,11,11,0,0,0
0x4c4bfb,100%,0,2577,2577,0,0,0,2577
0x48ebc4,100%,0,44,44,0,0,0,44
0x48ecd7,100%,0,11,11,0,0,0,11
0x41e769,100%,0,932,932,0,0,0,932
0x4a5ef8,100%,0,1093,1093,0,0,0,1093
0x454aab,100%,0,3,3,0,0,0,3
0x40479f,100%,0,293,293,0,0,0,293
0x43fcff,100%,0,11,11,0,0,0,11
0x4a5e58,100%,0,4835,4835,0,0,0,4835
0x40926f,100%,0,14,14,14,0,0,0
0x4552ff,100%,0,11,11,0,0,0,11
0x4a4863,100%,0,492,492,492,0,0,0
0x460c90,100%,0,11,11,11,0,0,0
0x48e97a,100%,0,6,6,6,0,0,0
0x460c73,100%,0,11,11,0,0,0,11
0x43fd06,100%,0,11,11,11,0,0,0
0x460c68,100%,0,11,11,0,0,0,11
0x4047b0,100%,0,292,292,292,0,0,0
0x4f098f,100%,0,44,44,44,0,0,0
0x41e62b,100%,0,742,742,0,0,0,742
0x49471b,100%,0,11,11,0,0,0,11
0x45f220,100%,0,22,22,0,0,0,22
0x4a47e9,100%,0,953,953,953,0,0,0
0x41e1bb,100%,0,5,5,0,0,0,5
0x4c4af8,100%,0,2755,2755,0,0,0,2755
0x454c72,100%,0,6,6,0,0,0,6
0x4a48e2,100%,0,4997,4997,0,0,0,4997
0x4a488e,100%,0,4997,4997,4997,0,0,0
0x49218d,100%,0,11,11,11,0,0,0
0x4a47b7,100%,0,953,953,0,0,0,953
0x4a4491,100%,0,39,39,0,0,0,39
0x40caa8,100%,0,1564,1564,1564,0,0,0
0x4947bf,100%,0,11,11,11,0,0,0
0x4a4807,100%,0,953,953,0,0,0,953
0x4a5e86,100%,0,8530,8530,0,0,0,8530
0x4024f8,100%,0,277,277,0,0,0,277
0x403776,100%,0,926,926,926,0,0,0
0x416a90,100%,0,851,851,0,0,0,851
0x402508,100%,0,569,569,0,0,0,569
0x494648,100%,0,11,11,0,0,0,11
0x4116c2,100%,0,617,617,617,0,0,0
0x416183,100%,0,47078,47078,0,0,0,47078
0x43e3ca,100%,0,44,44,0,0,0,44
0x48ee55,100%,0,11,11,0,0,0,11
0x404c44,100%,0,6,6,0,0,0,6
0x43faf3,100%,0,11,11,11,0,0,0
0x494915,100%,0,11,11,0,0,0,11
0x48ed77,100%,0,11,11,0,0,0,11
0x4a4783,100%,0,5950,5950,0,0,0,5950
0x48e690,100%,0,6,6,0,0,0,6
0x48ed30,100%,0,11,11,11,0,0,0
0x460bdb,100%,0,11,11,0,0,0,11
0x45d75e,100%,0,22,22,0,0,0,22
0x4a6152,100%,0,140,140,0,0,0,140
0x4921cf,100%,0,11,11,11,0,0,0
0x4921c2,100%,0,11,11,0,0,0,11
0x4921b4,100%,0,11,11,0,0,0,11
0x4a48d4,100%,0,4997,4997,0,0,0,4997
0x409302,100%,0,13,13,0,0,0,13
0x4a48f0,100%,0,4997,4997,0,0,0,4997
0x40477b,100%,0,293,293,0,0,0,293
0x403753,100%,0,932,932,0,0,0,932
0x41e861,100%,0,80926,80926,0,0,0,80926
0x404a4e,100%,0,6,6,0,0,0,6
0x446a76,100%,0,11,11,11,0,0,0
0x416278,100%,0,47078,47078,0,0,0,47078
0x41e7b2,100%,0,81410,81410,0,0,0,81410
0x4998c8,100%,0,15,15,0,0,0,15
0x494748,100%,0,11,11,0,0,0,11
0x403f3d,100%,0,6,6,0,0,0,6
0x4a4bf0,100%,0,4997,4997,4997,0,0,0
0x41e784,100%,0,932,932,932,0,0,0
0x40373a,100%,0,932,932,0,0,0,932
0x4a48ab,100%,0,4997,4997,0,0,0,4997
0x4a7df0,100%,0,7435,7435,0,0,0,7435
0x494bc6,100%,0,1,1,0,0,0,1
0x45e59b,100%,0,22,22,0,0,0,22
0x420136,100%,0,2,2,0,0,0,2
0x4061cc,100%,0,990,990,990,0,0,0
0x409e27,100%,0,293,293,0,0,0,293
0x4b0294,100%,0,89,89,0,0,0,89
0x409373,100%,0,13,13,0,0,0,13
0x4f0def,100%,0,11,11,11,0,0,0
0x402487,100%,0,45732,45732,0,0,0,45732
0x416902,100%,0,2685,2685,0,0,0,2685
0x45e5eb,100%,0,22,22,0,0,0,22
0x4a47c8,100%,0,953,953,0,0,0,953
0x402481,100%,0,45732,45732,0,0,0,45732
0x402477,100%,0,45732,45732,0,0,0,45732
0x4a7ddb,100%,0,7435,7435,0,0,0,7435
0x460ad6,100%,0,11,11,0,0,0,11
0x41ec34,100%,0,12,12,0,0,0,12
0x403aa7,100%,0,5,5,5,0,0,0
0x49ecba,100%,0,78,78,0,0,0,78
0x41fd51,100%,0,2,2,0,0,0,2
0x41dc4e,100%,0,293,293,293,0,0,0
0x402dd8,100%,0,293,293,0,0,0,293
0x491a50,100%,0,5,5,0,0,0,5
0x404729,100%,0,293,293,293,0,0,0
