Branch PC,Accuracy,Mispredictions,Correct Predictions,Total,dir_t_pred_t,dir_t_pred_nt,dir_nt_pred_t,dir_nt_pred_nt
aggregate,90.1444%,2149834,19663562,21813396,9785355,880587,1269247,9878207
0x40bda5,69.9235%,146440,340451,486891,289358,42048,104392,51093
0x40971d,66.14%,109210,213324,322534,117405,51502,57708,95919
0x41683b,50.1102%,88257,88647,176904,43552,44682,43575,45095
0x40cf70,71.919%,61820,158329,220149,129215,20116,41704,29114
0x40be17,64.001%,55973,99512,155485,32031,34073,21900,67481
0x40bbb6,73.893%,53228,150656,203884,33322,35944,17284,117334
0x40c966,73.2036%,51448,140548,191996,94871,19831,31617,45677
0x40cdd3,76.8292%,51075,169353,220428,151631,11464,39611,17722
0x4164ea,84.6428%,49419,272378,321797,16011,40085,9334,256367
0x40cc3f,84.3028%,45353,243571,288924,232765,10293,35060,10806
0x40bbbf,68.1216%,42914,91704,134618,44945,21795,21119,46759
0x41ee6f,63.3464%,42027,72633,114660,61749,11596,30431,10884
0x416298,67.0478%,37525,76352,113877,14513,26071,11454,61839
0x409544,71.999%,35995,92554,128549,14104,24400,11595,78450
0x40ccb5,89.403%,34564,291603,326167,285021,6264,28300,6582
0x41ee22,67.4347%,27631,57217,84848,52207,5840,21791,5010
0x40cc72,78.2861%,26904,96998,123902,26429,14700,12204,70569
0x40cfb4,82.7391%,26550,127266,153816,121894,5645,20905,5372
0x4096b4,75.227%,26105,79272,105377,15184,17631,8474,64088
0x402e0b,80.9529%,26089,110882,136971,44473,12141,13948,66409
0x40cff1,82.1177%,25542,117292,142834,113320,4838,20704,3972
0x416416,64.6581%,24728,45240,69968,25195,12014,12714,20045
0x40f6e4,63.5157%,23752,41350,65102,16466,13053,10699,24884
0x40bcb7,88.466%,23516,180368,203884,143176,9737,13779,37192
0x409489,67.9326%,22013,46633,68646,4668,16812,5201,41965
0x40f70f,67.9641%,20856,44246,65102,31420,7499,13357,12826
0x41136c,85.8542%,20351,123515,143866,80420,6134,14217,43095
0x416558,70.5006%,19972,47731,67703,27883,9037,10935,19848
0x402e1a,75.2878%,19858,60499,80357,48303,5937,13921,12196
0x40cf60,91.9324%,19609,223449,243058,216881,3268,16341,6568
0x40cfa4,89.4768%,18441,156800,175241,149972,3844,14597,6828
0x41eec2,65.5049%,17885,33963,51848,31149,3522,14363,2814
0x40ccf3,93.9386%,17656,273630,291286,221467,5092,12564,52163
0x40f73a,74.0976%,16863,48239,65102,40791,5477,11386,7448
0x40f024,70.2016%,16421,38686,55107,28272,6164,10257,10414
0x4094ed,62.3741%,16397,27182,43579,20693,6214,10183,6489
0x40eff2,71.2051%,15868,39239,55107,31942,4730,11138,7297
0x4095f9,74.6091%,14616,42948,57564,10803,9477,5139,32145
0x40cad7,92.4092%,14574,177422,191996,138425,5572,9002,38997
0x40f765,77.9822%,14334,50768,65102,45469,3881,10453,5299
0x40b6d4,83.7123%,14175,72854,87029,69258,2828,11347,3596
0x416895,89.0211%,14077,114142,128219,112642,1305,12772,1500
0x40cf7a,80.9145%,13516,57302,70818,54642,2858,10658,2660
0x411488,90.4282%,13418,126765,140183,114920,2943,10475,11845
0x40d021,89.9243%,13224,118022,131246,115490,2217,11007,2532
0x402e47,90.3921%,13160,123811,136971,119101,2651,10509,4710
0x40bbd7,80.63%,13148,54730,67878,46796,4461,8687,7934
0x40249c,94.6051%,12750,223583,236333,223582,39,12711,1
0x40b676,85.6163%,12518,74511,87029,71417,2341,10177,3094
0x40ef8e,77.658%,12312,42795,55107,38652,2731,9581,4143
0x40bc9b,74.8547%,12248,36461,48709,9895,7697,4551,26566
0x40b734,86.0449%,12145,74884,87029,71047,2191,9954,3837
0x41651f,81.592%,11984,53118,65102,41384,2522,9462,11734
0x41ddeb,96.8096%,11923,361788,373711,337802,5197,6726,23986
0x40cded,79.476%,11767,45566,57333,39616,4708,7059,5950
0x40f056,78.921%,11616,43491,55107,40823,2662,8954,2668
0x402c7e,81.1695%,11535,49722,61257,5067,8010,3525,44655
0x40caeb,76.4453%,11306,36693,47999,30975,4015,7291,5718
0x40b796,87.2698%,11079,75950,87029,21596,4617,6462,54354
0x40cfe4,92.9461%,10875,143295,154170,141188,1646,9229,2107
0x40c98c,86.1498%,10685,66462,77147,62078,2367,8318,4384
0x40b5f6,87.8914%,10538,76491,87029,73007,2070,8468,3484
0x40965d,69.6826%,10518,24175,34693,12741,5308,5210,11434
0x40f088,82.0803%,9875,45232,55107,42454,2033,7842,2778
0x40bc89,85.869%,9431,57309,66740,13030,5001,4430,44279
0x416018,83.3923%,9152,45955,55107,19029,3265,5887,26926
0x41de07,97.5509%,9111,362909,372020,333774,2892,6219,29135
0x40d02e,92.466%,8868,108839,117707,106517,1459,7409,2322
0x4113d4,84.4428%,8843,47999,56842,37165,3382,5461,10834
0x40ef5c,84.0165%,8808,46299,55107,45630,1078,7730,669
0x40ce0a,66.8069%,8677,17464,26141,8818,4314,4363,8646
0x40cfbe,67.8959%,8436,17841,26277,11175,3597,4839,6666
0x40f0ba,84.9329%,8303,46804,55107,44262,1719,6584,2542
0x40efc0,85.1271%,8196,46911,55107,45027,1303,6893,1884
0x4094d0,88.464%,7919,60727,68646,420,6686,1233,60307
0x411385,86.5386%,7715,49597,57312,42674,2329,5386,6923
0x40cd08,88.3588%,7535,57192,64727,35457,3267,4268,21735
0x409640,87.3046%,7308,50256,57564,1692,5532,1776,48564
0x40b69d,79.2999%,7214,27636,34850,2934,5228,1986,24702
0x41e857,94.9761%,6870,129877,136747,241,6816,54,129636
0x416578,78.1015%,6741,24042,30783,14000,1524,5217,10042
0x40cf67,71.2558%,6585,16324,22909,9605,2987,3598,6719
0x40b6fd,86.5863%,6542,42229,48771,2307,5195,1347,39922
0x40cd39,97.9623%,6538,314316,320854,240179,3215,3323,74137
0x40f115,88.3409%,6425,48682,55107,48626,532,5893,56
0x40bc4b,78.7481%,6298,23337,29635,9513,3501,2797,13824
0x41eea2,94.5273%,6275,108385,114660,108283,228,6047,102
0x40ceec,97.2014%,6169,214259,220428,162579,2742,3427,51680
0x41e917,94.6308%,6160,108568,114728,28,6125,35,108540
0x40be1b,93.1115%,6157,83224,89381,82966,848,5309,258
0x40cffb,77.1965%,5627,19049,24676,17295,1804,3823,1754
0x40b75d,87.0056%,5428,36344,41772,2124,4184,1244,34220
0x411414,90.3816%,5381,50564,55945,33019,2291,3090,17545
0x40bb0e,90.4966%,5307,50536,55843,50323,648,4659,213
0x411450,90.9344%,5014,50294,55308,29973,2478,2536,20321
0x409e93,62.254%,4776,7877,12653,5790,2162,2614,2087
0x41ee45,94.6563%,4534,80314,84848,80305,137,4397,9
0x416a0f,96.4429%,4526,122714,127240,122689,207,4319,25
0x401ce1,91.4877%,4329,46527,50856,33432,1665,2664,13095
0x40cfab,79.944%,4297,17128,21425,13606,1520,2777,3522
0x409e64,66.3479%,4258,8395,12653,4194,2269,1989,4201
0x4a623e,93.1423%,4160,56502,60662,50967,526,3634,5535
0x41e7cb,97.1809%,3855,132892,136747,4493,2725,1130,128399
0x40be26,94.2757%,3784,62320,66104,62213,443,3341,107
0x402ea3,98.534%,3685,247671,251356,11224,1979,1706,236447
0x40d038,67.2182%,3190,6541,9731,4972,1267,1923,1569
0x40d028,76.7191%,3152,10387,13539,1914,1938,1214,8473
0x416598,83.897%,2895,15083,17978,14847,412,2483,236
0x40cfeb,75.0882%,2824,8512,11336,6470,1041,1783,2042
0x402cbd,93.8348%,2818,42890,45708,35,2554,264,42855
0x41eee2,94.7134%,2741,49107,51848,49105,95,2646,2
0x4113e4,86.2872%,2708,17040,19748,9054,1442,1266,7986
0x40b609,77.5351%,2685,9267,11952,6824,1069,1616,2443
0x40ce1e,79.8601%,2620,10389,13009,484,2131,489,9905
0x411464,91.3941%,2592,27527,30119,14671,1387,1205,12856
0x40ce32,75.2069%,2577,7817,10394,1120,1715,862,6697
0x41e892,97.7599%,2570,112157,114727,3702,1688,882,108455
0x401d13,92.686%,2567,32530,35097,15910,1395,1172,16620
0x4024bb,75.7435%,2512,7844,10356,832,2197,315,7012
0x40f1d2,58.6293%,2481,3516,5997,2921,785,1696,595
0x41646f,96.3975%,2439,65264,67703,510,2091,348,64754
0x40ca16,77.4172%,2373,8135,10508,5173,984,1389,2962
0x4096bc,96.8441%,2290,70272,72562,46709,1104,1186,23563
0x40b63b,89.1988%,2277,18804,21081,273,1783,494,18531
0x4024b5,82.1114%,2274,10438,12712,192,2164,110,10246
0x40ceab,82.5352%,2272,10737,13009,5485,1146,1126,5252
0x411424,91.6964%,2214,24449,26663,15227,1005,1209,9222
0x4113a4,86.0585%,2170,13395,15565,7294,1091,1079,6101
0x40cebb,66.3217%,2148,4230,6378,434,1613,535,3796
0x40ce46,71.9407%,2121,5438,7559,1277,1319,802,4161
0x409eb5,83.6402%,2070,10583,12653,10526,436,1634,57
0x40bd78,70.0437%,2055,4805,6860,4004,786,1269,801
0x40bd04,96.0134%,2032,48939,50971,48689,212,1820,250
0x40f1fb,55.3362%,1900,2354,4254,1172,939,961,1182
0x415fc1,96.7011%,1885,55255,57140,242,1791,94,55013
0x402e4f,87.6602%,1878,13341,15219,13313,215,1663,28
0x416427,94.4351%,1826,30987,32813,434,1596,230,30553
0x40ca4b,79.5062%,1826,7084,8910,1181,1184,642,5903
0x41ddf9,99.5467%,1694,372017,373711,0,1691,3,372017
0x41ee8e,96.0789%,1620,39695,41315,25378,856,764,14317
0x40976b,98.9351%,1608,149394,151002,11,1516,92,149383
0x40b768,96.1625%,1603,40169,41772,6883,984,619,33286
0x415f9c,97.4729%,1548,59709,61257,2827,1290,258,56882
0x40ca73,68.9551%,1542,3425,4967,832,1033,509,2593
0x409733,99.0028%,1532,152095,153627,11,1466,66,152084
0x40cc58,99.3705%,1530,241528,243058,123214,688,842,118314
0x40cccc,95.8234%,1525,34988,36513,1458,1294,231,33530
0x40b708,96.9798%,1473,47298,48771,7367,1033,440,39931
0x41146c,89.5811%,1465,12596,14061,6595,667,798,6001
0x40954c,98.4064%,1435,88610,90045,59226,677,758,29384
0x40ca5f,78.2124%,1426,5119,6545,627,951,475,4492
0x40b845,72.7011%,1330,3542,4872,2646,501,829,896
0x40ca24,87.381%,1326,9182,10508,2359,830,496,6823
0x4113ec,86.1111%,1285,7967,9252,2727,726,559,5240
0x4162a4,98.2659%,1271,72022,73293,70031,210,1061,1991
0x41142c,87.8919%,1263,9168,10431,5373,655,608,3795
0x4a6247,86.4107%,1246,7923,9169,4741,558,688,3182
0x416ad4,92.029%,1199,13843,15042,13840,99,1100,3
0x4113ac,83.3983%,1192,5988,7180,2568,688,504,3420
0x409749,99.2277%,1175,150975,152150,4,1144,31,150971
0x416948,92.5385%,1174,14560,15734,14558,60,1114,2
0x4a41cb,93.1075%,1160,15670,16830,15115,32,1128,555
0x4169fc,99.2339%,1145,148311,149456,82807,1082,63,65504
0x4a4951,83.9098%,1135,5919,7054,2213,567,568,3706
0x4036f9,92.3826%,1135,13765,14900,13083,61,1074,682
0x40f224,55.4901%,1058,1319,2377,679,541,517,640
0x40b94c,79.0229%,1052,3963,5015,3185,420,632,778
0x401cf4,93.6037%,1008,14751,15759,10796,464,544,3955
0x4a48fa,85.854%,998,6057,7055,4909,272,726,1148
0x41606f,97.8521%,988,45010,45998,1762,600,388,43248
0x4024c4,86.734%,972,6355,7327,3453,490,482,2902
0x4a5e65,94.9613%,964,18168,19132,4961,431,533,13207
0x4a612d,89.5093%,962,8208,9170,3683,523,439,4525
0x41e613,93.9569%,900,13993,14893,8944,384,516,5049
0x4152e4,94.094%,880,14020,14900,8,837,43,14012
0x40f610,61.474%,873,1393,2266,1273,283,590,120
0x41688c,99.3813%,871,139906,140777,73654,744,127,66252
0x40ca87,72.4371%,855,2247,3102,474,578,277,1773
0x4164f5,99.7349%,853,320944,321797,14628,629,224,306316
0x409eba,50.3253%,840,851,1691,492,388,452,359
0x40c995,93.6231%,810,11892,12702,4831,552,258,7061
0x40b8c1,85.8532%,800,4855,5655,3643,287,513,1212
0x40efd1,90.8853%,800,7977,8777,2622,383,417,5355
0x40b96d,83.8875%,785,4087,4872,3173,345,440,914
0x402ceb,98.7495%,766,60491,61257,775,667,99,59716
0x40f666,66.8579%,751,1515,2266,1362,354,397,153
0x40f63e,67.0786%,746,1520,2266,1444,231,515,76
0x4169dd,99.6623%,713,210416,211129,0,680,33,210416
0x4c4a96,91.0818%,690,7047,7737,3139,361,329,3908
0x41169f,71.6054%,688,1735,2423,1549,195,493,186
0x40f1e7,70.144%,684,1607,2291,1492,251,433,115
0x4a64a9,87.1121%,677,4576,5253,2211,363,314,2365
0x40b8df,86.2685%,669,4203,4872,3162,300,369,1041
0x41e61c,95.6557%,647,14246,14893,7383,456,191,6863
0x409653,99.0656%,639,67750,68389,33368,328,311,34382
0x40ccc4,98.3552%,619,37015,37634,759,362,257,36256
0x40b646,97.0969%,612,20469,21081,6270,324,288,14199
0x40ce7e,95.334%,607,12402,13009,9019,134,473,3383
0x4a482f,75.5828%,597,1848,2445,1802,108,489,46
0x40f68e,74.4042%,580,1686,2266,1630,127,453,56
0x40f0cb,93.6664%,578,8548,9126,3018,452,126,5530
0x402c83,98.8066%,575,47605,48180,2210,262,313,45395
0x41686d,99.7197%,568,202049,202617,0,545,23,202049
0x40b9fd,88.6084%,555,4317,4872,452,383,172,3865
0x401d3b,95.6058%,532,11575,12107,5335,260,272,6240
0x401d29,97.0099%,532,17260,17792,5514,171,361,11746
0x4a5eba,95.1619%,526,10346,10872,4839,313,213,5507
0x403763,96.0484%,522,12688,13210,23,474,48,12665
0x4a5c55,95.2145%,512,10187,10699,6824,231,281,3363
0x40f160,91.9457%,510,5822,6332,13,370,140,5809
0x4a4119,78.1304%,503,1797,2300,1735,94,409,62
0x401d5a,99.0208%,498,50358,50856,37970,172,326,12388
0x41e21f,58.782%,467,666,1133,100,261,206,566
0x4091bf,62.5205%,458,764,1222,600,167,291,164
0x40b771,98.7347%,429,33476,33905,27886,95,334,5590
0x40ef6d,94.9994%,420,7979,8399,2624,264,156,5355
0x40f067,96.5583%,400,11222,11622,5362,162,238,5860
0x4a5e9c,94.0963%,390,6216,6606,4655,166,224,1561
0x40f003,97.9496%,378,18057,18435,9282,218,160,8775
0x41687b,99.8129%,378,201694,202072,61242,53,325,140452
0x41143b,91.8692%,358,4045,4403,323,314,44,3722
0x40ef9f,97.406%,356,13368,13724,5952,188,168,7416
0x40b6a8,98.99%,352,34498,34850,4907,202,150,29591
0x4019ff,95.1525%,348,6831,7179,2472,208,140,4359
0x4a47a5,96.3579%,346,9154,9500,6902,153,193,2252
0x40f18e,94.5831%,343,5989,6332,0,312,31,5989
0x4a5ecb,94.0909%,338,5382,5720,2573,148,190,2809
0x40ca2e,95.4912%,330,6989,7319,6009,148,182,980
0x4a49b8,95.421%,323,6731,7054,1268,207,116,5463
0x40b9dc,85.0788%,322,1836,2158,647,157,165,1189
0x40cd1f,98.7694%,320,25683,26003,3438,245,75,22245
0x41e633,95.9944%,314,7525,7839,4823,99,215,2702
0x4a5cea,95.6892%,309,6859,7168,4721,153,156,2138
0x409ed0,62.6387%,303,508,811,418,113,190,90
0x41e314,73.7864%,297,836,1133,684,130,167,152
0x40f210,86.2343%,295,1848,2143,1812,65,230,36
0x4a5ff7,93.9847%,290,4531,4821,1566,183,107,2965
0x40f099,97.3823%,278,10342,10620,4743,125,153,5599
0x4a5ead,97.6297%,275,11327,11602,531,199,76,10796
0x4a64b6,94.7839%,274,4979,5253,1762,164,110,3217
0x41693c,98.7464%,269,21189,21458,12893,184,85,8296
0x416d15,97.8921%,268,12446,12714,12295,71,197,151
0x402d16,99.557%,265,59550,59815,59550,16,249,0
0x4091e7,42.8571%,260,195,455,144,140,120,51
0x416abb,98.5765%,259,17935,18194,7273,78,181,10662
0x40b6b1,99.1392%,256,29485,29741,21438,141,115,8047
0x40f239,78.0467%,254,903,1157,757,126,128,146
0x40f24d,83.2664%,250,1244,1494,15,212,38,1229
0x4a602d,88.6342%,243,1895,2138,1015,104,139,880
0x41e338,80.6708%,219,914,1133,903,87,132,11
0x41147b,96.7936%,218,6581,6799,1489,190,28,5092
0x40f262,82.8729%,217,1050,1267,72,179,38,978
0x4a4983,94.993%,214,4060,4274,1948,113,101,2112
0x41e1f0,83.75%,208,1072,1280,1,6,202,1071
0x40f035,99.0083%,205,20466,20671,10962,49,156,9504
0x40b716,98.6482%,202,14741,14943,7378,124,78,7363
0x4169eb,99.9073%,195,210254,210449,60882,111,84,149372
0x4a6424,96.3767%,192,5107,5299,74,156,36,5033
0x4a60f6,96.5504%,186,5206,5392,2576,91,95,2630
0x4a6004,94.2708%,176,2896,3072,815,119,57,2081
0x4164fc,99.9429%,175,306365,306540,256624,71,104,49741
0x4a4931,90.8751%,171,1703,1874,1181,41,130,522
0x4c4aa2,96.0113%,169,4068,4237,221,143,26,3847
0x416026,99.4972%,165,32648,32813,0,114,51,32648
0x4a5c75,95.5818%,161,3483,3644,3482,17,144,1
0x4a4088,99.0612%,158,16672,16830,1685,144,14,14987
0x4bbe98,98.3016%,156,9029,9185,1696,141,15,7333
0x4c4a98,96.5306%,147,4090,4237,0,0,147,4090
0x41edf9,98.0011%,141,6913,7054,2595,53,88,4318
0x40ccd1,99.5853%,140,33621,33761,1542,89,51,32079
0x41691d,99.5175%,139,28672,28811,0,25,114,28672
0x40b655,98.8537%,137,11815,11952,6012,103,34,5803
0x4a5f4d,94.9982%,136,2583,2719,730,83,53,1853
0x40c979,99.8266%,134,77160,77294,71,76,58,77089
0x41e797,99.084%,121,13089,13210,6117,36,85,6972
0x40370f,93.1663%,120,1636,1756,1635,55,65,1
0x4a5e97,99.163%,115,13625,13740,7085,49,66,6540
0x40b64f,99.22%,113,14374,14487,13119,69,44,1255
0x40ba84,88.4892%,112,861,973,67,71,41,794
0x402763,99.1191%,112,12602,12714,1678,14,98,10924
0x4a4140,95.2609%,109,2191,2300,2182,89,20,9
0x41edef,99.182%,108,13095,13203,6088,61,47,7007
0x409203,62.3239%,107,177,284,26,21,86,151
0x40b776,99.2604%,102,13689,13791,6235,73,29,7454
0x41e213,91.8167%,100,1122,1222,23,66,34,1099
0x4094e3,99.8881%,99,88348,88447,44789,79,20,43559
0x4c4c56,99.2155%,97,12268,12365,9164,68,29,3104
0x409264,56.8807%,94,124,218,66,49,45,58
0x4a642e,98.2048%,91,4978,5069,4714,9,82,264
0x41e624,98.7241%,90,6964,7054,4369,37,53,2595
0x41e24d,93.2031%,87,1193,1280,1193,21,66,0
0x40b711,99.7845%,87,40284,40371,33787,41,46,6497
0x40b6b6,99.367%,84,13187,13271,8104,58,26,5083
0x4a498c,96.2042%,84,2129,2213,494,71,13,1635
0x416902,99.4254%,82,14190,14272,0,79,3,14190
0x41692b,99.7151%,82,28704,28786,7272,56,26,21432
0x416acc,99.2991%,76,10767,10843,3112,65,11,7655
0x4113bb,98.0887%,75,3849,3924,415,55,20,3434
0x40922b,73.2852%,74,203,277,193,33,41,10
0x41e357,93.9116%,73,1126,1199,1126,7,66,0
0x416a82,98.3195%,73,4271,4344,0,64,9,4271
0x402e2a,99.7396%,68,26049,26117,16643,22,46,9406
0x4a5ee6,97.7341%,68,2933,3001,2609,15,53,324
0x4a6146,98.6299%,68,4895,4963,4807,14,54,88
0x41690e,99.5209%,68,14125,14193,0,0,68,14125
0x41e300,94.3286%,68,1131,1199,0,66,2,1131
0x4c4e72,99.5589%,67,15124,15191,11316,26,41,3808
0x411458,99.7112%,66,22791,22857,0,0,66,22791
0x41e199,1.51515%,65,1,66,0,0,65,1
0x4163fd,45.614%,62,52,114,17,37,25,35
0x40932c,34.8315%,58,31,89,1,3,55,30
0x4bbe67,98.503%,55,3619,3674,1799,38,17,1820
0x4a62c0,98.0127%,53,2614,2667,2543,16,37,71
0x4a6438,99.0187%,52,5247,5299,5247,6,46,0
0x4113fb,99.1723%,48,5751,5799,857,40,8,4894
0x4091f2,73.0994%,46,125,171,123,8,38,2
0x4152f4,99.6941%,43,14012,14055,14012,5,38,0
0x40ca05,99.4398%,41,7278,7319,0,0,41,7278
0x4026c7,91.7505%,41,456,497,0,0,41,456
0x416aad,99.7804%,40,18179,18219,0,25,15,18179
0x409240,82.3009%,40,186,226,1,25,15,185
0x4a5cd0,99.6305%,39,10515,10554,3360,26,13,7155
0x4c4e7f,98.9867%,39,3810,3849,3765,25,14,45
0x4169b4,99.9558%,39,88194,88233,0,0,39,88194
0x41e261,48.4848%,34,32,66,10,5,29,22
0x40244f,99.7326%,34,12679,12713,0,0,34,12679
0x409236,35.2941%,33,18,51,5,28,5,13
0x4a5c87,77.931%,32,113,145,113,32,0,0
0x4169c0,99.9649%,31,88202,88233,0,0,31,88202
0x4a485e,98.8139%,29,2416,2445,1907,3,26,509
0x4a5f01,97.6471%,28,1162,1190,364,10,18,798
0x4a5d72,99.1731%,28,3358,3386,1684,21,7,1674
0x4a5f94,92.8382%,27,350,377,1,2,25,349
0x41e1fc,98.0361%,25,1248,1273,32,19,6,1216
0x4093a8,73.0337%,24,65,89,1,0,24,64
0x4c4ab1,99.3789%,24,3840,3864,3146,3,21,694
0x41f071,62.9032%,23,39,62,36,16,7,3
0x40f1b7,99.6179%,23,5997,6020,0,23,0,5997
0x4a4f56,95.9292%,23,542,565,0,0,23,542
0x4093c4,75.2809%,22,67,89,66,11,11,1
0x4a5f2b,99.1915%,22,2699,2721,0,2,20,2699
0x40c9af,99.7131%,21,7298,7319,7298,21,0,0
0x4a5f96,94.6524%,20,354,374,332,14,6,22
0x40933c,77.5281%,20,69,89,2,2,18,67
0x409279,84.3478%,18,97,115,0,16,2,97
0x4c4dc2,99.5352%,18,3855,3873,3844,5,13,11
0x4a40ed,99.2609%,17,2283,2300,2278,8,9,5
0x4a63eb,99.6792%,17,5282,5299,0,0,17,5282
0x4a6316,81.5217%,17,75,92,0,0,17,75
0x416853,99.9808%,17,88653,88670,0,0,17,88653
0x4115ec,99.2984%,17,2406,2423,2406,17,0,0
0x4a418e,99.3043%,16,2284,2300,2,14,2,2282
0x409302,82.0225%,16,73,89,0,7,9,73
0x40929d,85.5769%,15,89,104,89,6,9,0
0x41debb,99.9967%,14,428213,428227,428213,14,0,0
0x41e365,78.7879%,14,52,66,0,0,14,52
0x4a7dc3,99.8691%,14,10685,10699,0,0,14,10685
0x4a5e79,99.8981%,14,13726,13740,0,0,14,13726
0x41ede6,99.894%,14,13189,13203,0,0,14,13189
0x404c6a,80.5556%,14,58,72,58,13,1,0
0x40279d,99.8978%,13,12701,12714,1691,1,12,11010
0x40479f,99.2312%,13,1678,1691,0,13,0,1678
0x4c4c63,99.5851%,13,3120,3133,3092,2,11,28
0x4a615f,90.8451%,13,129,142,126,9,4,3
0x420349,7.14286%,13,1,14,0,7,6,1
0x41e1bb,80.303%,13,53,66,0,0,13,53
0x41f51e,61.7647%,13,21,34,10,6,7,11
0x4a40ca,31.25%,11,5,16,2,9,2,3
0x4a4173,62.069%,11,18,29,15,5,6,3
0x416339,91.2281%,10,104,114,104,9,1,0
0x41138d,99.9188%,10,12299,12309,0,0,10,12299
0x45a40e,16.6667%,10,2,12,2,10,0,0
0x42032f,68.75%,10,22,32,0,4,6,22
0x4a7d73,99.9065%,10,10689,10699,0,0,10,10689
0x4c4ba0,99.6824%,10,3139,3149,3129,4,6,10
0x40926f,91.2621%,9,94,103,94,4,5,0
0x41ebf5,77.5%,9,31,40,31,7,2,0
0x4160f6,99.9794%,9,43626,43635,0,0,9,43626
0x42033d,67.8571%,9,19,28,6,8,1,13
0x41f52f,50%,9,9,18,0,9,0,9
0x41fbc9,62.5%,9,15,24,7,5,4,8
0x4201b5,57.1429%,9,12,21,4,6,3,8
0x41f04b,33.3333%,8,4,12,2,0,8,2
0x406377,88.8889%,8,64,72,64,7,1,0
0x420372,42.8571%,8,6,14,6,8,0,0
0x4a4157,72.4138%,8,21,29,0,0,8,21
0x4a6341,91.3043%,8,84,92,84,8,0,0
0x41ea3f,63.6364%,8,14,22,14,7,1,0
0x4061dd,88.8889%,8,64,72,64,7,1,0
0x4a62ea,91.3043%,8,84,92,0,0,8,84
0x45a3c1,41.6667%,7,5,12,5,7,0,0
0x4a62f5,92.3913%,7,85,92,85,7,0,0
0x416183,99.984%,7,43628,43635,0,0,7,43628
0x41f59e,30%,7,3,10,1,0,7,2
0x4116de,99.7111%,7,2416,2423,1743,1,6,673
0x4b0299,0%,7,0,7,0,1,6,0
0x41f5b2,22.2222%,7,2,9,2,7,0,0
0x420186,66.6667%,7,14,21,14,5,2,0
0x421dac,12.5%,7,1,8,1,7,0,0
0x4a8403,99.9263%,7,9493,9500,0,0,7,9493
0x4a634b,92.3913%,7,85,92,0,1,6,85
0x41f0aa,41.6667%,7,5,12,2,0,7,3
0x41e9d3,68.1818%,7,15,22,13,3,4,2
0x41e290,89.3939%,7,59,66,0,0,7,59
0x4a6d0f,92.3913%,7,85,92,0,0,7,85
0x4a6274,99.1781%,6,724,730,0,0,6,724
0x4a417c,33.3333%,6,3,9,0,3,3,3
0x421e2a,25%,6,2,8,0,0,6,2
0x409363,93.2584%,6,83,89,0,0,6,83
0x420222,71.4286%,6,15,21,15,4,2,0
0x41fd42,0%,6,0,6,0,6,0,0
0x4092b2,93.6842%,6,89,95,88,0,6,1
0x420425,57.1429%,6,8,14,8,2,4,0
0x420503,85.7143%,6,36,42,36,2,4,0
0x4c4ba6,62.5%,6,10,16,3,2,4,7
0x4a635e,93.4066%,6,85,91,0,0,6,85
0x41eacf,68.4211%,6,13,19,0,5,1,13
0x4061bb,91.6667%,6,66,72,0,0,6,66
0x409e3a,99.6452%,6,1685,1691,0,0,6,1685
0x4a6236,99.9883%,6,51487,51493,0,0,6,51487
0x402747,99.9607%,5,12709,12714,0,0,5,12709
0x4165a0,99.8161%,5,2714,2719,2714,5,0,0
0x416cbc,99.9607%,5,12709,12714,0,0,5,12709
0x41fbe0,58.3333%,5,7,12,3,3,2,4
0x4bbda7,99.8641%,5,3674,3679,3673,1,4,1
0x4a5d53,99.8523%,5,3381,3386,3381,3,2,0
0x41fca9,79.1667%,5,19,24,19,1,4,0
0x4a40d4,0%,5,0,5,0,0,5,0
0x41f534,44.4444%,5,4,9,4,5,0,0
0x41fc03,58.3333%,5,7,12,7,5,0,0
0x41ef0c,58.3333%,5,7,12,7,5,0,0
0x41fbda,58.3333%,5,7,12,0,0,5,7
0x44b4b6,37.5%,5,3,8,3,4,1,0
0x4a83ea,99.9474%,5,9495,9500,0,0,5,9495
0x4a5d2d,99.9416%,5,8556,8561,0,0,5,8556
0x4a478d,99.9474%,5,9495,9500,0,0,5,9495
0x41fda9,50%,5,5,10,1,5,0,4
0x41fd08,50%,5,5,10,4,0,5,1
0x4c31c9,0%,4,0,4,0,0,4,0
0x4bd1cd,20%,4,1,5,0,0,4,1
0x404bbc,94.5205%,4,69,73,69,4,0,0
0x45994a,0%,4,0,4,0,4,0,0
0x46c72b,0%,4,0,4,0,4,0,0
0x4bbdfa,99.7828%,4,1838,1842,1,2,2,1837
0x4f0d24,0%,4,0,4,0,4,0,0
0x404bcd,94.5205%,4,69,73,69,3,1,0
0x49eca6,42.8571%,4,3,7,1,0,4,2
0x4a6447,91.3043%,4,42,46,0,0,4,42
0x4bbdd3,99.7828%,4,1838,1842,1,4,0,1837
0x4201c1,63.6364%,4,7,11,7,4,0,0
0x48eb52,0%,4,0,4,0,0,4,0
0x4f13b6,0%,4,0,4,0,0,4,0
0x411667,99.8349%,4,2419,2423,0,0,4,2419
0x49371f,0%,4,0,4,0,4,0,0
0x4a493a,99.3865%,4,648,652,0,4,0,648
0x42034e,42.8571%,4,3,7,0,0,4,3
0x40373a,99.9697%,4,13206,13210,0,0,4,13206
0x459935,0%,4,0,4,0,0,4,0
0x46c778,0%,4,0,4,0,4,0,0
0x4b02e6,42.8571%,4,3,7,3,4,0,0
0x40ce5a,99.9194%,4,4959,4963,4959,4,0,0
0x4f3dc5,20%,4,1,5,0,4,0,1
0x49eccb,33.3333%,4,2,6,0,0,4,2
0x4a4161,86.2069%,4,25,29,0,0,4,25
0x494b75,0%,4,0,4,0,1,3,0
0x4a6d29,96.7391%,3,89,92,0,0,3,89
0x4a40b3,81.25%,3,13,16,0,0,3,13
0x411662,99.8762%,3,2420,2423,0,0,3,2420
0x4a4cd7,99.9575%,3,7052,7055,7052,3,0,0
0x4a62ca,97.2222%,3,105,108,13,3,0,92
0x40478d,99.8226%,3,1688,1691,0,0,3,1688
0x41eca6,92.8571%,3,39,42,39,1,2,0
0x4a4486,0%,3,0,3,0,0,3,0
0x402c56,99.8226%,3,1688,1691,0,0,3,1688
0x41f5e4,66.6667%,3,6,9,6,3,0,0
0x404757,99.8226%,3,1688,1691,0,0,3,1688
0x4a5d19,99.8692%,3,2291,2294,2291,3,0,0
0x459d40,25%,3,1,4,0,0,3,1
0x48ebb0,25%,3,1,4,0,0,3,1
0x493740,25%,3,1,4,1,3,0,0
0x4b02bc,57.1429%,3,4,7,2,1,2,2
0x41fd17,50%,3,3,6,0,0,3,3
0x4a6178,57.1429%,3,4,7,4,3,0,0
0x4bbde4,99.8371%,3,1839,1842,4,1,2,1835
0x41ec6f,85.7143%,3,18,21,18,1,2,0
0x453d92,0%,3,0,3,0,3,0,0
0x453d7a,0%,3,0,3,0,0,3,0
0x453d71,0%,3,0,3,0,0,3,0
0x494b81,25%,3,1,4,1,2,1,0
0x41ea77,85%,3,17,20,16,3,0,1
0x43e756,76.9231%,3,10,13,10,3,0,0
0x41fd1c,50%,3,3,6,2,1,2,1
0x46c6bc,25%,3,1,4,1,3,0,0
0x4c4b4e,99.9225%,3,3870,3873,0,0,3,3870
0x402b50,99.9113%,3,3381,3384,0,0,3,3381
0x493dc1,76.9231%,3,10,13,10,2,1,0
0x41fe16,25%,3,1,4,1,3,0,0
0x409373,96.6292%,3,86,89,0,0,3,86
0x41fbe5,66.6667%,2,4,6,0,0,2,4
0x454fdd,0%,2,0,2,0,2,0,0
0x4b02a9,71.4286%,2,5,7,1,2,0,4
0x454fd4,0%,2,0,2,0,0,2,0
0x4a6152,98.5915%,2,140,142,0,0,2,140
0x41f2b5,0%,2,0,2,0,2,0,0
0x4f0f1c,0%,2,0,2,0,2,0,0
0x41e861,99.9985%,2,129688,129690,0,0,2,129688
0x41e9a7,90.9091%,2,20,22,0,0,2,20
0x4a63c4,0%,2,0,2,0,2,0,0
0x4945ec,0%,2,0,2,0,1,1,0
0x4150c1,99.9933%,2,29791,29793,29791,2,0,0
0x4bbdac,99.8914%,2,1840,1842,1840,1,1,0
0x49572b,50%,2,2,4,2,1,1,0
0x40056a,0%,2,0,2,0,2,0,0
0x40bc73,99.997%,2,66738,66740,0,0,2,66738
0x41ffc1,0%,2,0,2,0,2,0,0
0x4b02cd,71.4286%,2,5,7,5,2,0,0
0x43e3a3,0%,2,0,2,0,2,0,0
0x421ce0,0%,2,0,2,0,2,0,0
0x4296f7,0%,2,0,2,0,2,0,0
0x4549aa,0%,2,0,2,0,2,0,0
0x4bbdbc,99.8914%,2,1840,1842,1839,1,1,1
0x41eff0,83.3333%,2,10,12,0,0,2,10
0x41fb77,50%,2,2,4,0,0,2,2
0x45a400,83.3333%,2,10,12,0,0,2,10
0x415fa9,99.9965%,2,57138,57140,0,0,2,57138
0x4a60a3,0%,2,0,2,0,2,0,0
0x48ebd6,50%,2,2,4,0,1,1,2
0x4092a8,77.7778%,2,7,9,6,2,0,1
0x4a49f5,0%,2,0,2,0,2,0,0
0x43e343,0%,2,0,2,0,2,0,0
0x4a4cca,99.9717%,2,7053,7055,0,0,2,7053
0x411cde,99.9967%,2,61255,61257,61255,2,0,0
0x4a49e9,99.9717%,2,7053,7055,7053,0,2,0
0x41ebc0,0%,2,0,2,0,0,2,0
0x495711,50%,2,2,4,0,0,2,2
0x41ecb5,0%,2,0,2,0,0,2,0
0x41eb97,0%,2,0,2,0,0,2,0
0x42045a,50%,2,2,4,2,2,0,0
0x43e3bc,50%,2,2,4,2,2,0,0
0x49ecd9,66.6667%,2,4,6,0,0,2,4
0x4a5c95,98.6207%,2,143,145,0,0,2,143
0x41fce7,50%,2,2,4,0,0,2,2
0x420397,50%,2,2,4,2,2,0,0
0x45e5f4,0%,2,0,2,0,0,2,0
0x446a53,0%,2,0,2,0,1,1,0
0x409393,97.7528%,2,87,89,0,1,1,87
0x41fd29,33.3333%,2,1,3,1,2,0,0
0x41fdc0,50%,2,2,4,0,0,2,2
0x422be1,0%,2,0,2,0,0,2,0
0x404742,99.8817%,2,1689,1691,1689,1,1,0
0x4937b2,50%,2,2,4,0,0,2,2
0x4a83f3,99.9895%,1,9499,9500,0,0,1,9499
0x4a4186,99.9565%,1,2299,2300,0,0,1,2299
0x403e86,0%,1,0,1,0,1,0,0
0x4ace0b,0%,1,0,1,0,0,1,0
0x41fec5,75%,1,3,4,3,1,0,0
0x403ed2,0%,1,0,1,0,1,0,0
0x48e534,0%,1,0,1,0,1,0,0
0x494aad,0%,1,0,1,0,1,0,0
0x403eeb,0%,1,0,1,0,1,0,0
0x48e4d1,0%,1,0,1,0,0,1,0
0x49196d,0%,1,0,1,0,1,0,0
0x403db4,50%,1,1,2,0,0,1,1
0x492124,0%,1,0,1,0,1,0,0
0x4061cc,98.6111%,1,71,72,71,1,0,0
0x48e523,0%,1,0,1,0,0,1,0
0x493078,0%,1,0,1,0,0,1,0
0x4bd1f1,80%,1,4,5,0,0,1,4
0x40c1b8,0%,1,0,1,0,0,1,0
0x459da0,75%,1,3,4,0,0,1,3
0x4c31a4,75%,1,3,4,0,0,1,3
0x422bc6,50%,1,1,2,0,0,1,1
0x454992,0%,1,0,1,0,0,1,0
0x454c48,0%,1,0,1,0,0,1,0
0x404b9a,98.6301%,1,72,73,0,0,1,72
0x404bd9,0%,1,0,1,0,0,1,0
0x44b76e,0%,1,0,1,0,1,0,0
0x4043d5,0%,1,0,1,0,1,0,0
0x4929bd,0%,1,0,1,0,0,1,0
0x44b711,0%,1,0,1,0,1,0,0
0x4550a7,0%,1,0,1,0,1,0,0
0x45503a,0%,1,0,1,0,0,1,0
0x45531c,0%,1,0,1,0,1,0,0
0x41eaff,95%,1,19,20,19,0,1,0
0x455058,0%,1,0,1,0,0,1,0
0x491b2e,0%,1,0,1,0,0,1,0
0x403e99,0%,1,0,1,0,1,0,0
0x41e87d,99.9991%,1,114726,114727,0,0,1,114726
0x4f0f59,50%,1,1,2,1,1,0,0
0x4052e3,0%,1,0,1,0,1,0,0
0x4052f8,0%,1,0,1,0,1,0,0
0x403dde,50%,1,1,2,0,1,0,1
0x406113,0%,1,0,1,0,0,1,0
0x48e975,0%,1,0,1,0,0,1,0
0x494c3c,0%,1,0,1,0,0,1,0
0x460d09,0%,1,0,1,0,0,1,0
0x492e78,0%,1,0,1,0,0,1,0
0x41ec84,50%,1,1,2,0,0,1,1
0x408c7c,0%,1,0,1,0,0,1,0
0x49297a,0%,1,0,1,0,1,0,0
0x4bbe2a,99.9728%,1,3673,3674,3673,1,0,0
0x420136,50%,1,1,2,0,0,1,1
0x404c44,0%,1,0,1,0,0,1,0
0x4a4cbe,99.9858%,1,7054,7055,0,0,1,7054
0x4a60d4,50%,1,1,2,0,1,0,1
0x493da8,92.3077%,1,12,13,0,1,0,12
0x48ec56,0%,1,0,1,0,1,0,0
0x43fd06,0%,1,0,1,0,1,0,0
0x494823,0%,1,0,1,0,1,0,0
0x4939f7,0%,1,0,1,0,1,0,0
0x4942f6,0%,1,0,1,0,0,1,0
0x4f0e21,0%,1,0,1,0,1,0,0
0x40caa8,99.9577%,1,2364,2365,2364,1,0,0
0x41e97a,50%,1,1,2,0,0,1,1
0x4938e4,0%,1,0,1,0,1,0,0
0x4938b3,0%,1,0,1,0,0,1,0
0x41e988,50%,1,1,2,0,1,0,1
0x4116c2,99.9587%,1,2422,2423,2422,1,0,0
0x4a6d1e,98.913%,1,91,92,0,0,1,91
0x494528,0%,1,0,1,0,0,1,0
0x4945a7,0%,1,0,1,0,0,1,0
0x4f0cfa,75%,1,3,4,0,1,0,3
0x494fb4,0%,1,0,1,0,0,1,0
0x49519a,0%,1,0,1,0,1,0,0
0x4b024e,99.2366%,1,130,131,130,0,1,0
0x4a6320,98.913%,1,91,92,0,0,1,91
0x4029a3,99.9456%,1,1836,1837,0,0,1,1836
0x41e1c9,98.4848%,1,65,66,0,0,1,65
0x459960,75%,1,3,4,3,1,0,0
0x48e47f,0%,1,0,1,0,0,1,0
0x41141c,99.9952%,1,20634,20635,0,0,1,20634
0x49439c,0%,1,0,1,0,0,1,0
0x494314,0%,1,0,1,0,1,0,0
0x4937c2,75%,1,3,4,0,0,1,3
0x4946c1,0%,1,0,1,0,1,0,0
0x402477,99.9996%,1,236333,236334,0,1,0,236333
0x403776,99.9921%,1,12712,12713,12712,0,1,0
0x41fbee,83.3333%,1,5,6,5,1,0,0
0x429e1b,0%,1,0,1,0,1,0,0
0x49547e,0%,1,0,1,0,1,0,0
0x493b9f,0%,1,0,1,0,0,1,0
0x49218d,0%,1,0,1,0,1,0,0
0x4a47c8,99.9591%,1,2444,2445,0,0,1,2444
0x455041,0%,1,0,1,0,0,1,0
0x41e91d,99.9991%,1,108574,108575,0,1,0,108574
0x4f3d14,0%,1,0,1,0,1,0,0
0x4a4fe7,75%,1,3,4,0,0,1,3
0x48e777,75%,1,3,4,0,0,1,3
0x41fcc7,75%,1,3,4,0,0,1,3
0x494a6b,0%,1,0,1,0,1,0,0
0x45f3b0,50%,1,1,2,0,0,1,1
0x48e58b,0%,1,0,1,0,1,0,0
0x494695,50%,1,1,2,0,1,0,1
0x49375b,75%,1,3,4,1,0,1,2
0x4051d8,0%,1,0,1,0,0,1,0
0x404a3f,0%,1,0,1,0,0,1,0
0x48ee89,0%,1,0,1,0,0,1,0
0x404bfe,0%,1,0,1,0,0,1,0
0x4947b9,0%,1,0,1,0,0,1,0
0x49308c,0%,1,0,1,0,0,1,0
0x494618,0%,1,0,1,0,0,1,0
0x4b0294,85.7143%,1,6,7,0,0,1,6
0x48ed00,0%,1,0,1,0,1,0,0
0x4925b6,0%,1,0,1,0,1,0,0
0x4a61a7,0%,1,0,1,0,1,0,0
0x4bbef9,99.9456%,1,1836,1837,0,0,1,1836
0x420356,85.7143%,1,6,7,6,1,0,0
0x492a84,0%,1,0,1,0,0,1,0
0x48edf3,0%,1,0,1,0,1,0,0
0x455011,50%,1,1,2,1,1,0,0
0x48e674,0%,1,0,1,0,0,1,0
0x48e597,0%,1,0,1,0,0,1,0
0x429f4b,0%,1,0,1,0,0,1,0
0x491915,0%,1,0,1,0,0,1,0
0x493d93,0%,1,0,1,0,1,0,0
0x429714,50%,1,1,2,0,0,1,1
0x494c25,0%,1,0,1,0,0,1,0
0x4a496d,99.9766%,1,4273,4274,0,0,1,4273
0x48eb81,75%,1,3,4,0,0,1,3
0x460bdb,0%,1,0,1,0,0,1,0
0x43fca4,0%,1,0,1,0,1,0,0
0x49491a,0%,1,0,1,0,1,0,0
0x42a546,0%,1,0,1,0,0,1,0
0x49309f,0%,1,0,1,0,1,0,0
0x43fdb4,0%,1,0,1,0,1,0,0
0x494753,0%,1,0,1,0,1,0,0
0x446aa7,0%,1,0,1,0,0,1,0
0x492e6f,0%,1,0,1,0,0,1,0
0x40286c,99.9456%,1,1836,1837,1836,1,0,0
0x43fc87,0%,1,0,1,0,1,0,0
0x404bed,0%,1,0,1,0,0,1,0
0x4a5ef8,99.916%,1,1189,1190,0,0,1,1189
0x494bfe,0%,1,0,1,0,0,1,0
0x409e27,99.9409%,1,1690,1691,0,0,1,1690
0x491908,0%,1,0,1,0,0,1,0
0x454988,50%,1,1,2,1,0,1,0
0x494bac,0%,1,0,1,0,0,1,0
0x493a7f,0%,1,0,1,0,1,0,0
0x42a3da,0%,1,0,1,0,1,0,0
0x454a22,50%,1,1,2,0,1,0,1
0x40c1a2,0%,1,0,1,0,1,0,0
0x40c0a4,0%,1,0,1,0,0,1,0
0x493d07,0%,1,0,1,0,1,0,0
0x48ec0e,0%,1,0,1,0,1,0,0
0x49495e,0%,1,0,1,0,1,0,0
0x48e5a4,0%,1,0,1,0,1,0,0
0x48e4df,0%,1,0,1,0,1,0,0
0x43fb7c,0%,1,0,1,0,1,0,0
0x494a59,0%,1,0,1,0,0,1,0
0x405269,0%,1,0,1,0,1,0,0
0x43fd66,0%,1,0,1,0,1,0,0
0x429dc7,0%,1,0,1,0,1,0,0
0x460c13,0%,1,0,1,0,0,1,0
0x460c1e,0%,1,0,1,0,1,0,0
0x416844,99.9989%,1,88669,88670,0,0,1,88669
0x4a4945,99.9858%,1,7054,7055,0,1,0,7054
0x454a9a,0%,1,0,1,0,1,0,0
0x460c5f,0%,1,0,1,0,0,1,0
0x4a7d9b,99.9907%,1,10698,10699,10698,1,0,0
0x446a3e,50%,1,1,2,0,0,1,1
0x4a7df0,99.9907%,1,10698,10699,0,0,1,10698
0x495120,0%,1,0,1,0,1,0,0
0x493218,0%,1,0,1,0,0,1,0
0x4a40a9,93.75%,1,15,16,0,0,1,15
0x4a6139,99.9799%,1,4963,4964,0,1,0,4963
0x4163be,99.1228%,1,113,114,0,1,0,113
0x406354,50%,1,1,2,1,0,1,0
0x460c90,0%,1,0,1,0,1,0,0
0x405243,0%,1,0,1,0,1,0,0
0x41ea9c,0%,1,0,1,0,0,1,0
0x494af3,0%,1,0,1,0,0,1,0
0x494956,0%,1,0,1,0,0,1,0
0x491922,0%,1,0,1,0,0,1,0
0x404411,0%,1,0,1,0,0,1,0
0x4a4834,99.8131%,1,534,535,534,1,0,0
0x494d6d,0%,1,0,1,0,1,0,0
0x429dae,0%,1,0,1,0,0,1,0
0x41dc4e,99.9409%,1,1690,1691,1690,1,0,0
0x43fb69,0%,1,0,1,0,1,0,0
0x45f229,50%,1,1,2,0,0,1,1
0x491b04,0%,1,0,1,0,0,1,0
0x4918f0,0%,1,0,1,0,0,1,0
0x4920ef,0%,1,0,1,0,0,1,0
0x4201e2,100%,0,11,11,11,0,0,0
0x446a76,100%,0,1,1,1,0,0,0
0x4c4dc8,100%,0,24,24,0,0,0,24
0x40477b,100%,0,1691,1691,0,0,0,1691
0x49458e,100%,0,1,1,1,0,0,0
0x4f13b1,100%,0,4,4,0,0,0,4
0x4a47e9,100%,0,2445,2445,2445,0,0,0
0x402ad4,100%,0,3384,3384,0,0,0,3384
0x4a7dcc,100%,0,10699,10699,10699,0,0,0
0x4944d3,100%,0,1,1,1,0,0,0
0x402dd8,100%,0,1691,1691,0,0,0,1691
0x4a491b,100%,0,1874,1874,0,0,0,1874
0x4a4049,100%,0,1683,1683,0,0,0,1683
0x404729,100%,0,1691,1691,1691,0,0,0
0x4163a0,100%,0,1,1,0,0,0,1
0x4a4f6b,100%,0,565,565,0,0,0,565
0x4a6c94,100%,0,1,1,0,0,0,1
0x4f13aa,100%,0,4,4,0,0,0,4
0x495010,100%,0,1,1,1,0,0,0
0x4a4c05,100%,0,7055,7055,0,0,0,7055
0x4f0def,100%,0,1,1,1,0,0,0
0x4f0f46,100%,0,2,2,0,0,0,2
0x4a4963,100%,0,4274,4274,0,0,0,4274
0x4a640f,100%,0,5299,5299,0,0,0,5299
0x4047a9,100%,0,1691,1691,0,0,0,1691
0x4f0ef5,100%,0,2,2,2,0,0,0
0x4a48ab,100%,0,7055,7055,0,0,0,7055
0x43e3ca,100%,0,4,4,0,0,0,4
0x4a5e58,100%,0,10872,10872,0,0,0,10872
0x4acdf8,100%,0,1,1,0,0,0,1
0x46c6dc,100%,0,4,4,0,0,0,4
0x494306,100%,0,1,1,0,0,0,1
0x4a49a3,100%,0,7054,7054,0,0,0,7054
0x460ad6,100%,0,1,1,0,0,0,1
0x4a628d,100%,0,145,145,145,0,0,0
0x45e5a4,100%,0,2,2,0,0,0,2
0x494282,100%,0,1,1,0,0,0,1
0x4f0945,100%,0,1,1,0,0,0,1
0x493d8d,100%,0,1,1,0,0,0,1
0x45e60e,100%,0,2,2,0,0,0,2
0x48e97a,100%,0,1,1,1,0,0,0
0x4c4b58,100%,0,3873,3873,3873,0,0,0
0x4f0d17,100%,0,3,3,0,0,0,3
0x4a4779,100%,0,9500,9500,0,0,0,9500
0x4a4783,100%,0,9500,9500,0,0,0,9500
0x404b89,100%,0,1,1,0,0,0,1
0x459db9,100%,0,4,4,4,0,0,0
0x493733,100%,0,4,4,0,0,0,4
0x416278,100%,0,43636,43636,0,0,0,43636
0x4a4fee,100%,0,4,4,0,0,0,4
0x41ec34,100%,0,2,2,0,0,0,2
0x494915,100%,0,1,1,0,0,0,1
0x42050b,100%,0,4,4,4,0,0,0
0x4a4fd9,100%,0,4,4,0,0,0,4
0x41ff5e,100%,0,4,4,0,0,0,4
0x494393,100%,0,1,1,0,0,0,1
0x4a48d4,100%,0,7055,7055,0,0,0,7055
0x4203db,100%,0,4,4,0,0,0,4
0x4a48e2,100%,0,7055,7055,0,0,0,7055
0x4a4bf0,100%,0,7055,7055,7055,0,0,0
0x49443e,100%,0,1,1,1,0,0,0
0x494431,100%,0,1,1,0,0,0,1
0x48e95f,100%,0,1,1,1,0,0,0
0x48e64f,100%,0,1,1,0,0,0,1
0x40ce69,100%,0,13132,13132,13132,0,0,0
0x48e60f,100%,0,1,1,1,0,0,0
0x460cd8,100%,0,1,1,0,0,0,1
0x446a69,100%,0,1,1,0,0,0,1
0x40248c,100%,0,236333,236333,0,0,0,236333
0x4052d1,100%,0,1,1,1,0,0,0
0x40371d,100%,0,66,66,0,0,0,66
0x4201bc,100%,0,11,11,0,0,0,11
0x494624,100%,0,1,1,0,0,0,1
0x48e61e,100%,0,1,1,0,0,0,1
0x491b50,100%,0,1,1,1,0,0,0
0x494bc6,100%,0,1,1,0,0,0,1
0x42011d,100%,0,2,2,0,0,0,2
0x4a6ef7,100%,0,4723,4723,0,0,0,4723
0x4a48c3,100%,0,7055,7055,0,0,0,7055
0x43f9b3,100%,0,1,1,0,0,0,1
0x491931,100%,0,1,1,1,0,0,0
0x43f9c9,100%,0,1,1,1,0,0,0
0x404c0f,100%,0,1,1,1,0,0,0
0x495463,100%,0,1,1,1,0,0,0
0x4552ff,100%,0,1,1,0,0,0,1
0x4a4f64,100%,0,565,565,0,0,0,565
0x494518,100%,0,1,1,0,0,0,1
0x45e5be,100%,0,2,2,0,0,0,2
0x45e59b,100%,0,2,2,0,0,0,2
0x494b62,100%,0,3,3,0,0,0,3
0x4a4478,100%,0,3,3,0,0,0,3
0x45f369,100%,0,2,2,0,0,0,2
0x45d744,100%,0,2,2,0,0,0,2
0x45d73b,100%,0,2,2,0,0,0,2
0x48e475,100%,0,1,1,0,0,0,1
0x4947de,100%,0,1,1,0,0,0,1
0x454c1e,100%,0,1,1,0,0,0,1
0x404bab,100%,0,73,73,0,0,0,73
0x4043fb,100%,0,1,1,1,0,0,0
0x41620b,100%,0,43635,43635,0,0,0,43635
0x4f0e12,100%,0,1,1,0,0,0,1
0x48e62c,100%,0,1,1,1,0,0,0
0x4a6c7b,100%,0,1,1,0,0,0,1
0x4f0924,100%,0,1,1,1,0,0,0
0x41eb6f,100%,0,2,2,2,0,0,0
0x49487a,100%,0,1,1,1,0,0,0
0x4947ff,100%,0,1,1,1,0,0,0
0x494544,100%,0,1,1,0,0,0,1
0x49ed04,100%,0,6,6,0,0,0,6
0x494c06,100%,0,1,1,1,0,0,0
0x494bbc,100%,0,1,1,0,0,0,1
0x494ba3,100%,0,1,1,0,0,0,1
0x494bde,100%,0,1,1,1,0,0,0
0x40c09c,100%,0,1,1,0,0,0,1
0x4a5f6f,100%,0,374,374,374,0,0,0
0x41f599,100%,0,10,10,0,0,0,10
0x49469e,100%,0,1,1,1,0,0,0
0x41f0a2,100%,0,12,12,0,0,0,12
0x4a7dac,100%,0,10699,10699,0,0,0,10699
0x41efeb,100%,0,12,12,0,0,0,12
0x402905,100%,0,1837,1837,0,0,0,1837
0x4a488e,100%,0,7055,7055,7055,0,0,0
0x4bbed8,100%,0,1837,1837,1837,0,0,0
0x41e62b,100%,0,7839,7839,0,0,0,7839
0x494b1c,100%,0,1,1,0,0,0,1
0x422bfc,100%,0,2,2,0,0,0,2
0x42032a,100%,0,32,32,0,0,0,32
0x49518b,100%,0,1,1,0,0,0,1
0x460c80,100%,0,1,1,0,0,0,1
0x4956f0,100%,0,1,1,0,0,0,1
0x4a4795,100%,0,9500,9500,0,0,0,9500
0x41fcda,100%,0,4,4,0,0,0,4
0x41fd21,100%,0,3,3,0,0,0,3
0x4a5fd3,100%,0,2,2,2,0,0,0
0x4a48f0,100%,0,7055,7055,0,0,0,7055
0x4947bf,100%,0,1,1,1,0,0,0
0x416a90,100%,0,4280,4280,0,0,0,4280
0x4bbf14,100%,0,1837,1837,0,0,0,1837
0x404760,100%,0,1691,1691,1691,0,0,0
0x4a7d87,100%,0,10699,10699,0,0,0,10699
0x4a47da,100%,0,2445,2445,0,0,0,2445
0x4b0225,100%,0,1,1,0,0,0,1
0x494a49,100%,0,1,1,0,0,0,1
0x4165c3,100%,0,55843,55843,0,0,0,55843
0x494948,100%,0,1,1,0,0,0,1
0x402997,100%,0,1837,1837,0,0,0,1837
0x43fd2c,100%,0,1,1,1,0,0,0
0x45333a,100%,0,1,1,0,0,0,1
0x403e73,100%,0,1,1,0,0,0,1
0x43fb5c,100%,0,1,1,1,0,0,0
0x4061e6,100%,0,1,1,0,0,0,1
0x4f13af,100%,0,4,4,0,0,0,4
0x43faf3,100%,0,1,1,1,0,0,0
0x43fb96,100%,0,1,1,0,0,0,1
0x4a6078,100%,0,2138,2138,2138,0,0,0
0x4061aa,100%,0,72,72,0,0,0,72
0x40619b,100%,0,1,1,0,0,0,1
0x43fcff,100%,0,1,1,0,0,0,1
0x44b7ff,100%,0,1,1,1,0,0,0
0x494648,100%,0,1,1,0,0,0,1
0x406118,100%,0,1,1,0,0,0,1
0x4a616b,100%,0,7,7,0,0,0,7
0x4c4b02,100%,0,3149,3149,3149,0,0,0
0x4a4a02,100%,0,2,2,2,0,0,0
0x4bbf0a,100%,0,1837,1837,0,0,0,1837
0x42a541,100%,0,1,1,0,0,0,1
0x4a7ddb,100%,0,10699,10699,0,0,0,10699
0x405ef2,100%,0,1,1,1,0,0,0
0x404a4e,100%,0,1,1,0,0,0,1
0x49510d,100%,0,1,1,0,0,0,1
0x402ad9,100%,0,3384,3384,0,0,0,3384
0x494fa9,100%,0,1,1,0,0,0,1
0x4549f0,100%,0,2,2,0,0,0,2
0x41eb2e,100%,0,2,2,0,0,0,2
0x4a4882,100%,0,7055,7055,0,0,0,7055
0x48e50d,100%,0,1,1,0,0,0,1
0x416cf4,100%,0,12714,12714,0,0,0,12714
0x403753,100%,0,13210,13210,0,0,0,13210
0x4a840c,100%,0,9500,9500,9500,0,0,0
0x45d75e,100%,0,2,2,0,0,0,2
0x4949f5,100%,0,1,1,1,0,0,0
0x43fcdd,100%,0,1,1,1,0,0,0
0x41e7b2,100%,0,136747,136747,0,0,0,136747
0x48e46c,100%,0,1,1,0,0,0,1
0x48e5d3,100%,0,1,1,1,0,0,0
0x403f3d,100%,0,1,1,0,0,0,1
0x41e784,100%,0,13210,13210,13210,0,0,0
0x403f1f,100%,0,1,1,1,0,0,0
0x416447,100%,0,30783,30783,0,0,0,30783
0x41e769,100%,0,13210,13210,0,0,0,13210
0x43fa42,100%,0,1,1,1,0,0,0
0x400404,100%,0,1,1,1,0,0,0
0x4047b0,100%,0,1691,1691,1691,0,0,0
0x42a368,100%,0,1,1,0,0,0,1
0x460b0f,100%,0,1,1,0,0,0,1
0x48ec2f,100%,0,1,1,1,0,0,0
0x460c68,100%,0,1,1,0,0,0,1
0x49ecba,100%,0,6,6,0,0,0,6
0x460c73,100%,0,1,1,0,0,0,1
0x454c37,100%,0,1,1,0,0,0,1
0x40c164,100%,0,1,1,1,0,0,0
0x48e682,100%,0,1,1,0,0,0,1
0x48ebc4,100%,0,4,4,0,0,0,4
0x43fa37,100%,0,1,1,1,0,0,0
0x4bbec2,100%,0,7348,7348,7348,0,0,0
0x4c4bfb,100%,0,3133,3133,0,0,0,3133
0x45504d,100%,0,1,1,1,0,0,0
0x48ecd7,100%,0,1,1,0,0,0,1
0x4a52a3,100%,0,7055,7055,7055,0,0,0
0x45532b,100%,0,1,1,1,0,0,0
0x42a3b0,100%,0,1,1,1,0,0,0
0x4552fa,100%,0,1,1,0,0,0,1
0x494a41,100%,0,1,1,0,0,0,1
0x4b01ac,100%,0,1,1,1,0,0,0
0x48e455,100%,0,1,1,1,0,0,0
0x4a648c,100%,0,5253,5253,0,0,0,5253
0x42a326,100%,0,1,1,0,0,0,1
0x4a6ef0,100%,0,4723,4723,0,0,0,4723
0x4029de,100%,0,1837,1837,0,0,0,1837
0x4a6ee1,100%,0,4723,4723,0,0,0,4723
0x4a6337,100%,0,92,92,0,0,0,92
0x42a340,100%,0,1,1,0,0,0,1
0x42a34d,100%,0,1,1,0,0,0,1
0x48e545,100%,0,1,1,0,0,0,1
0x416313,100%,0,114,114,0,0,0,114
0x454c88,100%,0,1,1,1,0,0,0
0x421a93,100%,0,9498,9498,0,0,0,9498
0x42a35d,100%,0,1,1,0,0,0,1
0x420970,100%,0,10697,10697,10697,0,0,0
0x454c72,100%,0,1,1,0,0,0,1
0x40290a,100%,0,1837,1837,0,0,0,1837
0x4bbe19,100%,0,1839,1839,0,0,0,1839
0x4a484f,100%,0,2445,2445,2445,0,0,0
0x40041c,100%,0,1,1,1,0,0,0
0x401dfa,100%,0,12714,12714,12714,0,0,0
0x492a9d,100%,0,1,1,1,0,0,0
0x454c4d,100%,0,1,1,0,0,0,1
0x4929ce,100%,0,1,1,0,0,0,1
0x49296a,100%,0,1,1,0,0,0,1
0x40ccb9,100%,0,34882,34882,0,0,0,34882
0x4bbe6e,100%,0,1837,1837,0,0,0,1837
0x4204c7,100%,0,4,4,0,0,0,4
0x4a5cfe,100%,0,2294,2294,0,0,0,2294
0x45f220,100%,0,2,2,0,0,0,2
0x48eea6,100%,0,1,1,1,0,0,0
0x4a7df5,100%,0,10699,10699,0,0,0,10699
0x492b33,100%,0,1,1,0,0,0,1
0x4a48b7,100%,0,7055,7055,7055,0,0,0
0x494748,100%,0,1,1,0,0,0,1
0x48ee55,100%,0,1,1,0,0,0,1
0x48ed77,100%,0,1,1,0,0,0,1
0x4933e9,100%,0,1,1,1,0,0,0
0x402b34,100%,0,3384,3384,3384,0,0,0
0x459da9,100%,0,4,4,0,0,0,4
0x49210e,100%,0,1,1,0,0,0,1
0x4a5c2a,100%,0,10699,10699,0,0,0,10699
0x48ed39,100%,0,1,1,1,0,0,0
0x453344,100%,0,1,1,1,0,0,0
0x4a47b7,100%,0,2445,2445,0,0,0,2445
0x4c4af8,100%,0,3149,3149,0,0,0,3149
0x402701,100%,0,497,497,0,0,0,497
0x49471b,100%,0,1,1,0,0,0,1
0x4201a3,100%,0,21,21,0,0,0,21
0x4a4807,100%,0,2445,2445,0,0,0,2445
0x4f098f,100%,0,4,4,4,0,0,0
0x49424e,100%,0,1,1,0,0,0,1
0x402824,100%,0,1837,1837,1837,0,0,0
0x45f3b9,100%,0,2,2,0,0,0,2
0x49249b,100%,0,1,1,1,0,0,0
0x4a4da4,100%,0,2,2,2,0,0,0
0x4a5e86,100%,0,13740,13740,0,0,0,13740
0x4a4491,100%,0,3,3,0,0,0,3
0x4c4e1b,100%,0,3849,3849,0,0,0,3849
0x493cc8,100%,0,1,1,1,0,0,0
0x4f2042,100%,0,1,1,1,0,0,0
0x493034,100%,0,1,1,1,0,0,0
0x492aad,100%,0,1,1,0,0,0,1
0x492b43,100%,0,1,1,1,0,0,0
0x4a4863,100%,0,535,535,535,0,0,0
0x402949,100%,0,1837,1837,0,0,0,1837
0x42018b,100%,0,2,2,0,0,0,2
0x402487,100%,0,236333,236333,0,0,0,236333
0x402a5c,100%,0,3384,3384,3384,0,0,0
0x4a4911,100%,0,1874,1874,0,0,0,1874
0x402481,100%,0,236333,236333,0,0,0,236333
0x41ec3d,100%,0,2,2,0,0,0,2
0x492e23,100%,0,1,1,1,0,0,0
0x4a5d64,100%,0,2,2,2,0,0,0
0x43fc63,100%,0,1,1,0,0,0,1
0x48e690,100%,0,1,1,0,0,0,1
0x45f360,100%,0,2,2,0,0,0,2
0x43fc6e,100%,0,1,1,0,0,0,1
0x48e666,100%,0,1,1,0,0,0,1
0x4a7de7,100%,0,10699,10699,0,0,0,10699
0x43f9f1,100%,0,1,1,1,0,0,0
0x402b11,100%,0,3384,3384,0,0,0,3384
0x48ed80,100%,0,1,1,1,0,0,0
0x4f0cdb,100%,0,4,4,1,0,0,3
0x43fc8f,100%,0,1,1,0,0,0,1
0x4a4cea,100%,0,7055,7055,0,0,0,7055
0x4a4058,100%,0,1683,1683,1683,0,0,0
0x4a4859,100%,0,2445,2445,0,0,0,2445
0x402cfc,100%,0,59815,59815,0,0,0,59815
0x48ed30,100%,0,1,1,1,0,0,0
0x40ca38,100%,0,6545,6545,0,0,0,6545
0x4a5cf3,100%,0,2294,2294,0,0,0,2294
0x48ecf7,100%,0,1,1,0,0,0,1
0x4921cf,100%,0,1,1,1,0,0,0
0x40ca9b,100%,0,2050,2050,2050,0,0,0
0x4921c2,100%,0,1,1,0,0,0,1
0x4921b4,100%,0,1,1,0,0,0,1
0x493cbb,100%,0,1,1,0,0,0,1
0x493dc6,100%,0,1,1,1,0,0,0
0x49219a,100%,0,1,1,1,0,0,0
0x4a63b7,100%,0,2,2,0,0,0,2
0x4024f8,100%,0,2356,2356,0,0,0,2356
0x402508,100%,0,5385,5385,0,0,0,5385
0x493367,100%,0,1,1,1,0,0,0
0x4a5f8b,100%,0,3,3,0,0,0,3
0x4113dc,100%,0,16295,16295,0,0,0,16295
0x4a6405,100%,0,5299,5299,0,0,0,5299
0x420344,100%,0,14,14,0,0,0,14
0x45e5eb,100%,0,2,2,0,0,0,2
