Branch PC,Accuracy,Mispredictions,Correct Predictions,Total,dir_t_pred_t,dir_t_pred_nt,dir_nt_pred_t,dir_nt_pred_nt
aggregate,88.8596%,2386414,19034821,21421235,9646730,935533,1450881,9388091
0x40bda5,74.9809%,96293,288585,384878,257770,22064,74229,30815
0x41683b,49.9544%,89443,89280,178723,44813,44971,44472,44467
0x40c966,66.7826%,80127,161093,241220,105217,31749,48378,55876
0x40971d,72.1769%,76869,199409,276278,143656,29161,47708,55753
0x4164ea,84.596%,72327,397206,469533,16716,62707,9620,380490
0x40cf70,70.2828%,65507,154928,220435,140559,15638,49869,14369
0x40cc3f,79.4659%,64204,248466,312670,225989,17074,47130,22477
0x40cdd3,74.4487%,63730,185690,249420,172472,10385,53345,13218
0x40bbb6,72.6766%,63376,168572,231948,41881,43563,19813,126691
0x40bbbf,60.296%,58168,88336,146504,42381,30162,28006,45955
0x41ee6f,64.8017%,48178,88698,136876,84911,6414,41764,3787
0x40ccb5,87.6814%,41605,296135,337740,290294,5856,35749,5841
0x40be17,61.2172%,40739,64305,105044,20898,24530,16209,43407
0x40cfb4,75.8917%,39789,125254,165043,119156,7592,32197,6098
0x416298,67.4845%,37225,77259,114484,16192,26020,11205,61067
0x416416,64.0971%,34442,61489,95931,38876,15390,19052,22613
0x40f70f,62.7317%,34254,57658,91912,42816,12436,21818,14842
0x40f6e4,62.9863%,34020,57892,91912,17962,20700,13320,39930
0x409544,76.5836%,33803,110553,144356,10173,25062,8741,100380
0x40bcb7,85.4877%,33661,198287,231948,161726,12235,21426,36561
0x416558,68.6251%,29322,64135,93457,42671,11204,18118,21464
0x40cff1,78.8177%,28068,104439,132507,100519,4948,23120,3920
0x40f73a,69.5839%,27956,63956,91912,51673,9329,18627,12283
0x41136c,82.4573%,27458,129063,156521,73784,8946,18512,55279
0x402e0b,72.0572%,26323,67880,94203,24015,14431,11892,43865
0x41ee22,67.5952%,24523,51154,75677,49691,2437,22086,1463
0x40f765,73.467%,24387,67525,91912,61752,6085,18302,5773
0x40ccf3,91.7735%,24363,271788,296151,220466,6400,17963,51322
0x40cc72,78.4845%,24112,87956,112068,9644,16671,7441,78312
0x40cad7,90.6745%,22495,218725,241220,172032,8883,13612,46693
0x409489,69.2999%,21456,48433,69889,2868,17381,4075,45565
0x41651f,76.9377%,21197,70715,91912,52438,5208,15989,18277
0x4096b4,74.749%,20577,60913,81490,5227,15405,5172,55686
0x40ef8e,67.7107%,20134,42221,62355,34687,6313,13821,7534
0x40b5f6,78.661%,19723,72704,92427,67855,4000,15723,4849
0x40b6d4,79.0711%,19344,73083,92427,69490,3678,15666,3593
0x40d02e,83.1877%,19258,95289,114547,89277,4079,15179,6012
0x40cded,71.3264%,19086,47477,66563,41808,5768,13318,5669
0x40c98c,81.797%,18971,85248,104219,81185,3297,15674,4063
0x40b676,80.1162%,18378,74049,92427,71815,2612,15766,2234
0x402c7e,70.7283%,18195,43964,62159,18985,10289,7906,24979
0x411488,88.0741%,18074,133479,151553,118435,3904,14170,15044
0x40f088,71.7072%,17642,44713,62355,37710,4738,12904,7003
0x41eec2,66.4498%,17484,34629,52113,33341,2027,15457,1288
0x40cf60,93.0174%,16972,226091,243063,217713,2722,14250,8378
0x40b796,81.9014%,16728,75699,92427,23754,6260,10468,51945
0x40caeb,72.4102%,16638,43667,60305,35242,6076,10562,8425
0x40f024,73.3526%,16616,45739,62355,41638,3837,12779,4101
0x40b734,82.0691%,16573,75854,92427,72982,2542,14031,2872
0x40bc9b,72.3915%,16088,42184,58272,10605,10588,5500,31579
0x40cfa4,91.3896%,15638,165980,181618,162774,2269,13369,3206
0x402e1a,72.5541%,15303,40454,55757,33447,4761,10542,7007
0x40eff2,77.3041%,14152,48203,62355,45160,2695,11457,3043
0x41ddeb,94.5849%,13918,243105,257023,228365,5594,8324,14740
0x40cfe4,90.6811%,13731,133615,147346,131079,1428,12303,2536
0x40bbd7,81.5376%,13655,60306,73961,57996,2968,10687,2310
0x40ce0a,65.0825%,13526,25211,38737,13079,6671,6855,12132
0x4095f9,67.3884%,13330,27545,40875,3575,9102,4228,23970
0x4094ed,70.1501%,13165,30939,44104,29135,3332,9833,1804
0x4113d4,82.6095%,12757,60599,73356,42380,5358,7399,18219
0x40cf7a,80.5349%,12504,51734,64238,49737,2400,10104,1997
0x41de07,95.2576%,12134,243726,255860,227722,5344,6790,16004
0x411385,84.1038%,11730,62061,73791,46999,3273,8457,15062
0x4094d0,83.4094%,11595,58294,69889,2385,9799,1796,55909
0x40ef5c,81.894%,11290,51065,62355,50583,968,10322,482
0x40f056,82.3446%,11009,51346,62355,50065,1548,9461,1281
0x402e47,88.4016%,10926,83277,94203,82673,1063,9863,604
0x416018,82.691%,10793,51562,62355,15720,4810,5983,35842
0x40f0ba,82.7552%,10753,51602,62355,46526,2249,8504,5076
0x40d021,91.5854%,10532,114632,125164,113263,1284,9248,1369
0x40cd08,85.0949%,10327,58958,69285,29952,5151,5176,29006
0x40bc89,85.7808%,10315,62228,72543,7716,6555,3760,54512
0x40cfbe,73.255%,10242,28053,38295,25556,2451,7791,2497
0x40cffb,66.9786%,8929,18111,27040,13758,3253,5676,4353
0x416578,78.6216%,8462,31120,39582,16765,2233,6229,14355
0x40efc0,86.726%,8277,54078,62355,52652,1206,7071,1426
0x40b69d,84.654%,8165,45041,53206,1303,6828,1337,43738
0x40ceec,96.7853%,8018,241402,249420,183078,3987,4031,58324
0x411414,89.0738%,7923,64591,72514,47373,3231,4692,17218
0x40b6fd,88.6437%,7708,60166,67874,300,7063,645,59866
0x416895,90.9305%,7660,76799,84459,76125,588,7072,674
0x40cd39,97.6801%,7643,321806,329449,248795,3192,4451,73011
0x40965d,72.55%,7081,18715,25796,15251,2305,4776,3464
0x40be1b,88.2112%,7028,52588,59616,52062,1110,5918,526
0x40b63b,83.9753%,6914,36232,43146,1831,5395,1519,34401
0x416598,74.6857%,6846,20198,27044,19704,880,5966,494
0x40249c,91.3989%,6809,72355,79164,72099,49,6760,256
0x409640,84.0147%,6534,34341,40875,1404,4957,1577,32937
0x40f115,89.6544%,6451,55904,62355,55865,442,6009,39
0x40d038,69.6475%,6432,14759,21191,7683,3217,3215,7076
0x40cf67,74.0322%,5876,16752,22628,10588,2732,3144,6164
0x40b75d,89.1768%,5873,48390,54263,1187,4859,1014,47203
0x40bc4b,73.9869%,5848,16633,22481,6289,3195,2653,10344
0x411450,92.3633%,5399,65299,70698,47152,2000,3399,18147
0x40bb0e,91.7495%,5181,57615,62796,57534,453,4728,81
0x402ea3,98.2366%,4667,259999,264666,3905,3134,1533,256094
0x40cfab,72.006%,4640,11935,16575,8531,1779,2861,3404
0x40ce1e,77.3582%,4299,14688,18987,743,3493,806,13945
0x40b609,79.8318%,4149,16423,20572,15904,958,3191,519
0x40ce32,73.0527%,3975,10776,14751,1852,2707,1268,8924
0x40ceab,79.191%,3951,15036,18987,11149,1408,2543,3887
0x4113e4,87.6282%,3908,27680,31588,17755,1773,2135,9925
0x4a623e,91.9673%,3823,43770,47593,42936,220,3603,834
0x40cfeb,74.2638%,3819,11020,14839,8385,1283,2536,2635
0x411464,86.4422%,3744,23871,27615,12709,1899,1845,11162
0x41eea2,97.3282%,3657,133219,136876,133219,37,3620,0
0x41e917,97.3561%,3615,133114,136729,1,3615,0,133113
0x416a0f,95.9089%,3519,82496,86015,82486,126,3393,10
0x4113a4,87.7317%,3428,24514,27942,14917,1706,1722,9597
0x41e857,97.3169%,3426,124263,127689,2,3414,12,124261
0x40ce46,66.8956%,3374,6818,10192,4872,1209,2165,1946
0x409e93,60.3689%,3373,5138,8511,3860,1520,1853,1278
0x41e7cb,97.4336%,3277,124412,127689,5445,2131,1146,118967
0x40ca4b,76.2834%,3220,10357,13577,1257,2228,992,9100
0x40ca16,78.9284%,3040,11387,14427,8602,1043,1997,2785
0x409e64,64.681%,3006,5505,8511,4441,1110,1896,1064
0x401ce1,89.3485%,3005,25207,28212,18759,1242,1763,6448
0x40ca5f,70.9968%,2927,7165,10092,1644,1844,1083,5521
0x411424,89.3515%,2921,24510,27431,13274,1539,1382,11236
0x40b768,94.8289%,2806,51457,54263,10240,1330,1476,41217
0x40f1d2,54.9077%,2784,3390,6174,1512,1433,1351,1878
0x41e892,98.1928%,2471,134258,136729,4976,1446,1025,129282
0x40d028,76.9803%,2444,8173,10617,1290,1515,929,6883
0x4096bc,96.1369%,2351,58507,60858,39722,893,1458,18785
0x409733,97.7731%,2304,101157,103461,17,2220,84,101140
0x41142c,83.2462%,2114,10504,12618,4220,1301,813,6284
0x40ca24,85.5341%,2087,12340,14427,2258,1272,815,10082
0x416427,95.0269%,2080,39745,41825,382,1861,219,39363
0x41ee45,97.3057%,2039,73638,75677,73635,22,2017,3
0x40ca73,72.123%,1841,4763,6604,670,1380,461,4093
0x41146c,86.1844%,1797,11210,13007,5192,877,920,6018
0x40b845,63.1732%,1771,3038,4809,1863,765,1006,1175
0x40be26,96.1588%,1745,43683,45428,43644,182,1563,39
0x4113ac,84.6895%,1733,9586,11319,3302,1121,612,6284
0x40b708,97.4909%,1703,66171,67874,12732,1097,606,53439
0x40cccc,96.2951%,1664,43250,44914,2466,1513,151,40784
0x41646f,98.242%,1643,91814,93457,214,1331,312,91600
0x415f9c,97.5514%,1622,64621,66243,1081,1522,100,63540
0x40ca87,64.6025%,1612,2942,4554,1060,924,688,1882
0x4113ec,86.9486%,1574,10486,12060,5214,756,818,5272
0x40cebb,76.1586%,1533,4897,6430,101,1373,160,4796
0x4024b5,78.3352%,1520,5496,7016,471,1439,81,5025
0x40b8c1,79.9068%,1509,6001,7510,4796,533,976,1205
0x41ee8e,96.8629%,1429,44122,45551,26035,746,683,18087
0x41eee2,97.2694%,1423,50690,52113,50689,25,1398,1
0x40bd04,97.5857%,1400,56587,57987,56563,91,1309,24
0x4024bb,72.9926%,1379,3727,5106,17,1368,11,3710
0x40f1fb,61.0795%,1370,2150,3520,1874,448,922,276
0x40cc58,99.4413%,1358,241705,243063,111410,658,700,130295
0x409eb5,84.4084%,1327,7184,8511,7167,181,1146,17
0x40954c,98.8096%,1299,107822,109121,73817,650,649,34005
0x401d13,93.6753%,1265,18736,20001,15434,334,931,3302
0x40bd78,69.4183%,1204,2733,3937,2150,454,750,583
0x402e4f,88.5354%,1200,9267,10467,9095,209,991,172
0x41ddf9,99.5413%,1179,255844,257023,0,1163,16,255844
0x40c995,94.4014%,1105,18632,19737,8156,684,421,10476
0x402d3d,73.2615%,1092,2992,4084,1571,599,493,1421
0x40ce7e,94.4541%,1053,17934,18987,10821,370,683,7113
0x415fc1,98.4522%,985,62655,63640,357,928,57,62298
0x4a4951,84.3898%,926,5006,5932,3012,385,541,1994
0x4162a4,98.7284%,919,71353,72272,70048,82,837,1305
0x4a4140,91.0596%,907,9238,10145,422,816,91,8816
0x4169fc,99.3239%,889,130604,131493,85555,826,63,45049
0x4a48fa,85.1178%,884,5056,5940,4405,114,770,651
0x40f224,66.7179%,867,1738,2605,544,571,296,1194
0x40f68e,69.7193%,863,1987,2850,1920,251,612,67
0x40efd1,89.9259%,856,7641,8497,1328,535,321,6313
0x4c4a96,87.412%,840,5833,6673,3105,433,407,2728
0x41606f,98.1603%,840,44819,45659,857,448,392,43962
0x40f63e,70.807%,832,2018,2850,1953,195,637,65
0x409749,99.1919%,818,100406,101224,2,795,23,100404
0x41688c,99.3477%,816,124276,125092,80519,674,142,43757
0x40f067,92.5433%,801,9941,10742,2347,486,315,7594
0x40b646,98.2038%,775,42371,43146,12818,324,451,29553
0x4a418e,92.4889%,762,9383,10145,407,671,91,8976
0x402cbd,97.6833%,757,31919,32676,4,666,91,31915
0x41e613,91.042%,729,7409,8138,4564,263,466,2845
0x40b9fd,84.8409%,729,4080,4809,1156,419,310,2924
0x40b96d,84.8409%,729,4080,4809,3876,155,574,204
0x4a612d,84.0045%,711,3734,4445,1183,377,334,2551
0x4036f9,91.2803%,709,7422,8131,6950,43,666,472
0x40f0cb,94.9926%,680,12900,13580,2746,401,279,10154
0x4024c4,81.9403%,672,3049,3721,1909,146,526,1140
0x416948,93.0525%,663,8880,9543,8877,30,633,3
0x402ceb,98.9591%,647,61512,62159,255,580,67,61257
0x4a6247,85.6209%,638,3799,4437,3025,225,413,774
0x40f1e7,80.2725%,637,2592,3229,2569,85,552,23
0x4a5c55,93.5767%,630,9178,9808,5671,271,359,3507
0x40f610,78.1404%,623,2227,2850,2199,103,520,28
0x40976b,99.3796%,623,99804,100427,3,587,36,99801
0x416ad4,93.3803%,620,8746,9366,8743,52,568,3
0x409653,98.8304%,609,51461,52070,25873,401,208,25588
0x4a5e9c,93.8142%,608,9221,9829,6473,253,355,2748
0x401d3b,85.6556%,594,3547,4141,1171,373,221,2376
0x40b8df,88.1056%,572,4237,4809,3636,241,331,601
0x409eba,50.8169%,572,591,1163,436,200,372,155
0x4a482f,95.6522%,517,11374,11891,333,398,119,11041
0x40b9dc,70.9751%,512,1252,1764,782,204,308,470
0x41169f,70.9548%,508,1241,1749,1075,125,383,166
0x40ccc4,98.905%,499,45070,45569,267,388,111,44803
0x40b6b1,98.8509%,498,42839,43337,35093,113,385,7746
0x41686d,99.703%,492,165160,165652,0,464,28,165160
0x40f666,83.0526%,483,2367,2850,2322,112,371,45
0x40f160,92.4859%,480,5908,6388,7,333,147,5901
0x40f099,97.6491%,468,19439,19907,7877,234,234,11562
0x40b771,98.9085%,466,42227,42693,37255,105,361,4972
0x4a47a5,97.4763%,450,17381,17831,5769,171,279,11612
0x4164f5,99.9061%,441,469092,469533,24222,298,143,444870
0x40cd1f,98.7098%,441,33741,34182,4661,307,134,29080
0x4169dd,99.7448%,440,171956,172396,0,433,7,171956
0x40b6a8,99.1937%,429,52777,53206,9646,223,206,43131
0x41e61c,94.7653%,426,7712,8138,3675,287,139,4037
0x40ef9f,98.0192%,423,20932,21355,8518,292,131,12414
0x416abb,96.9752%,367,11766,12133,4340,173,194,7426
0x4a4173,95.9358%,362,8545,8907,5345,182,180,3200
0x4152e4,95.5479%,362,7769,8131,59,330,32,7710
0x401cf4,95.7983%,345,7866,8211,6683,78,267,1183
0x4a6424,89.6615%,336,2914,3250,1802,77,259,1112
0x4a40ed,96.6979%,335,9810,10145,6262,45,290,3548
0x40ca2e,96.9992%,327,10570,10897,9497,148,179,1073
0x41e21f,77.6842%,318,1107,1425,50,223,95,1057
0x416026,99.2445%,316,41509,41825,1,221,95,41508
0x401d5a,98.8976%,311,27901,28212,21035,124,187,6866
0x4a6004,92.574%,311,3877,4188,1419,178,133,2458
0x4a4983,87.8501%,308,2227,2535,1304,92,216,923
0x4a5e65,97.6983%,307,13031,13338,3017,241,66,10014
0x40ef6d,97.2233%,300,10504,10804,3036,154,146,7468
0x4a602d,88.4215%,300,2291,2591,555,153,147,1736
0x40f210,75.2087%,297,901,1198,824,91,206,77
0x4a5eba,95.398%,296,6136,6432,4685,161,135,1451
0x402763,95.8883%,290,6763,7053,975,170,120,5788
0x402d16,99.5418%,281,61043,61324,61043,17,264,0
0x41e0fa,97.1441%,271,9218,9489,9218,5,266,0
0x40b94c,81.8977%,269,1217,1486,392,162,107,825
0x41147b,96.1805%,265,6673,6938,1649,226,39,5024
0x4a40ca,76.3451%,255,823,1078,625,61,194,198
0x41e0d0,97.3446%,252,9238,9490,9204,20,232,34
0x41e314,83.1579%,240,1185,1425,1169,58,182,16
0x409ed0,54.649%,239,288,527,261,79,160,27
0x4164fc,99.9467%,237,444776,445013,377600,21,216,67176
0x4a5cea,97.1168%,231,7781,8012,6761,93,138,1020
0x4091bf,84.3686%,229,1236,1465,1217,33,196,19
0x40f239,84.9664%,224,1266,1490,1238,95,129,28
0x41693c,98.1695%,221,11852,12073,6901,163,58,4951
0x40f18e,96.6813%,212,6176,6388,0,202,10,6176
0x40f003,98.5586%,209,14291,14500,6196,137,72,8095
0x40b716,98.9459%,203,19056,19259,7224,139,64,11832
0x40ba84,88.9678%,202,1629,1831,133,123,79,1496
0x41687b,99.8844%,191,164997,165188,40037,59,132,124960
0x41e633,95.2044%,190,3772,3962,2314,50,140,1458
0x40f035,98.8803%,189,16691,16880,8009,83,106,8682
0x402c83,99.4466%,182,32703,32885,82,127,55,32621
0x4c4aa2,94.2265%,181,2954,3135,312,124,57,2642
0x4a5ead,97.5831%,181,7308,7489,973,84,97,6335
0x4a5c75,95.344%,180,3686,3866,2007,115,65,1679
0x41f071,92.4718%,180,2211,2391,2130,21,159,81
0x4169eb,99.8965%,178,171785,171963,40378,92,86,131407
0x4a5ff7,97.3833%,176,6550,6726,2454,84,92,4096
0x40f24d,87.2642%,162,1110,1272,6,125,37,1104
0x41fca9,83.6382%,161,823,984,788,32,129,35
0x41edf9,95.3495%,159,3260,3419,1299,100,59,1961
0x4c4a98,94.9601%,158,2977,3135,0,0,158,2977
0x41edef,97.869%,150,6889,7039,3502,118,32,3387
0x4a6146,94.821%,149,2728,2877,1892,74,75,836
0x4a49b8,97.6399%,140,5792,5932,4224,32,108,1568
0x40ccd1,99.6678%,136,40799,40935,3236,88,48,37563
0x4a4119,98.6989%,132,10013,10145,148,84,48,9865
0x41e797,98.1371%,131,6901,7032,3560,56,75,3341
0x4bbe98,98.6869%,130,9770,9900,1858,122,8,7912
0x4094e3,99.8569%,129,90043,90172,46001,67,62,44042
0x40f262,89.6582%,118,1023,1141,2,108,10,1021
0x4a5ecb,92.686%,116,1470,1586,1002,43,73,468
0x4019ff,93.8664%,112,1714,1826,298,78,34,1416
0x41691d,99.3376%,110,16497,16607,0,28,82,16497
0x40b6b6,99.4056%,107,17893,18000,8043,88,19,9850
0x40370f,90.5975%,107,1031,1138,1025,74,33,6
0x41ea9c,83.2226%,101,501,602,474,12,89,27
0x40b64f,99.6667%,100,29904,30004,26275,9,91,3629
0x4a4088,83.5%,99,501,600,174,58,41,327
0x41692b,99.4029%,99,16480,16579,4460,46,53,12020
0x41fda9,65.2482%,98,184,282,154,46,52,30
0x40b655,99.5333%,96,20476,20572,10860,76,20,9616
0x40b776,99.438%,95,16808,16903,5970,76,19,10838
0x4a4931,93.3146%,95,1326,1421,949,48,47,377
0x401d29,97.7794%,94,4139,4233,5,87,7,4134
0x4c4e7f,96.4011%,89,2384,2473,238,49,40,2146
0x41e9d3,84.8797%,88,494,582,446,22,66,48
0x4c4ab1,97.7856%,88,3886,3974,3109,45,43,777
0x49eca6,81.4004%,85,372,457,37,37,48,335
0x42045f,93.2109%,85,1167,1252,0,81,4,1167
0x4113fb,98.6207%,84,6006,6090,776,66,18,5230
0x42032f,87.9828%,84,615,699,9,73,11,606
0x411458,99.6194%,82,21464,21546,0,0,82,21464
0x41690e,98.9481%,81,7619,7700,0,0,81,7619
0x41e624,98.0843%,80,4096,4176,2427,36,44,1669
0x4c4dc2,97.0359%,80,2619,2699,2450,23,57,169
0x4a5f2b,92.4402%,79,966,1045,549,34,45,417
0x4201e2,85.6075%,77,458,535,445,29,48,13
0x402e2a,99.5612%,77,17472,17549,10091,46,31,7381
0x4091e7,65.1163%,75,140,215,106,37,38,34
0x40b711,99.8631%,74,53971,54045,48580,35,39,5391
0x41e1f0,95.0239%,73,1394,1467,0,1,72,1394
0x416acc,99.0551%,72,7548,7620,2722,58,14,4826
0x41fbe0,90.625%,72,696,768,605,28,44,91
0x40922b,47.4453%,72,65,137,28,45,27,37
0x409203,50.3497%,71,72,143,8,1,70,64
0x4a6438,97.8462%,70,3180,3250,3164,12,58,16
0x4163fd,68.9189%,69,153,222,142,18,51,11
0x4c4ba0,97.844%,68,3086,3154,2966,23,45,120
0x4a485e,99.4365%,67,11824,11891,668,63,4,11156
0x41f5e4,91.6561%,66,725,791,718,23,43,7
0x4a64b6,97.9534%,65,3111,3176,1860,46,19,1251
0x41ec6f,91.3679%,65,688,753,687,25,40,1
0x4113bb,99.0719%,64,6832,6896,387,48,16,6445
0x4203d3,82.6923%,63,301,364,261,21,42,40
0x4bbda7,98.4816%,63,4086,4149,3947,13,50,139
0x4b0299,84.7118%,61,338,399,48,25,36,290
0x4169b4,99.9332%,60,89724,89784,0,0,60,89724
0x402d9b,98.5309%,60,4024,4084,8,56,4,4016
0x4c4c63,98.0596%,58,2931,2989,2224,15,43,707
0x41f60e,52.8455%,58,65,123,46,27,31,19
0x4c4c56,98.9888%,58,5678,5736,2714,33,25,2964
0x420555,83.1832%,56,277,333,238,14,42,39
0x416a82,98.3838%,55,3348,3403,0,52,3,3348
0x41fc03,92.8385%,55,713,768,707,23,32,6
0x41e213,96.314%,54,1411,1465,3,37,17,1408
0x4a41cb,91.1667%,53,547,600,519,21,32,28
0x41e338,96.2807%,53,1372,1425,1372,16,37,0
0x403763,99.2605%,52,6980,7032,3,52,0,6977
0x40c979,99.9501%,52,104202,104254,5,30,22,104197
0x41e24d,96.4554%,52,1415,1467,1415,12,40,0
0x4152f4,99.3413%,51,7691,7742,7630,17,34,61
0x4b02a9,87.218%,51,348,399,292,40,11,56
0x420372,89.613%,51,440,491,437,11,40,3
0x41ebf5,96.601%,50,1421,1471,1421,9,41,0
0x4b02bc,87.4687%,50,349,399,308,34,16,41
0x4c4e72,98.9616%,49,4670,4719,2223,23,26,2447
0x4a64a9,98.4572%,49,3127,3176,3,41,8,3124
0x416902,99.3803%,48,7698,7746,0,46,2,7698
0x4a5e97,99.5337%,47,10033,10080,206,45,2,9827
0x4a5cd0,99.442%,45,8019,8064,13,39,6,8006
0x41fbc9,95.4268%,45,939,984,188,28,17,751
0x4a498c,96.137%,44,1095,1139,115,36,8,980
0x41f51e,96.3666%,44,1167,1211,263,20,24,904
0x420186,93.1464%,44,598,642,594,13,31,4
0x41e357,96.9966%,44,1421,1465,1415,10,34,6
0x40c9af,99.6054%,43,10854,10897,10854,43,0,0
0x41eca6,97.2222%,42,1470,1512,1468,3,39,2
0x402d7c,97.7825%,42,1852,1894,0,37,5,1852
0x4b024e,99.1588%,41,4833,4874,4830,6,35,3
0x41e9a7,94.7436%,41,739,780,165,33,8,574
0x41e300,97.2696%,40,1425,1465,0,40,0,1425
0x41f52f,95.6897%,40,888,928,767,26,14,121
0x41fcc7,76.2195%,39,125,164,53,29,10,72
0x41ea0f,80.303%,39,159,198,6,24,15,153
0x420425,92.6554%,39,492,531,443,6,33,49
0x409236,42.1875%,37,27,64,18,26,11,9
0x420222,94.9367%,36,675,711,675,2,34,0
0x41e199,10%,36,4,40,0,0,36,4
0x4204a2,96.0827%,36,883,919,883,5,31,0
0x4a5ee6,96.8861%,35,1089,1124,1055,14,21,34
0x4116de,97.9989%,35,1714,1749,1181,19,16,533
0x41ea77,95.3552%,34,698,732,107,23,11,591
0x4c4ba6,80.6061%,32,133,165,12,6,26,121
0x41fd08,88.6525%,32,250,282,52,15,17,198
0x493dc1,85.0962%,31,177,208,177,14,17,0
0x42033d,94.9757%,31,586,617,100,26,5,486
0x4bbdd3,98.663%,29,2140,2169,152,25,4,1988
0x4bbdfa,98.663%,29,2140,2169,127,18,11,2013
0x40ac87,53.3333%,28,32,60,27,13,15,5
0x44b4b6,90.5405%,28,268,296,239,20,8,29
0x4093a8,30%,28,12,40,1,0,28,11
0x420349,94.2974%,28,463,491,424,2,26,39
0x420479,97.062%,27,892,919,849,9,18,43
0x40ac82,67.9012%,26,55,81,0,21,5,55
0x404c6a,93.299%,26,362,388,362,17,9,0
0x4bbde4,98.8013%,26,2143,2169,161,14,12,1982
0x409264,67.9012%,26,55,81,50,12,14,5
0x4a5fd3,95.5403%,26,557,583,1,17,9,556
0x41f04b,90.7473%,26,255,281,24,17,9,231
0x4a60f6,99.2327%,25,3233,3258,31,21,4,3202
0x4bbdac,98.8474%,25,2144,2169,2077,15,10,67
0x4a5f94,53.7037%,25,29,54,5,17,8,24
0x41ea3f,96.7949%,25,755,780,753,6,19,2
0x41fd42,88.3721%,25,190,215,186,12,13,4
0x41eaff,96.7213%,24,708,732,708,4,20,0
0x41e988,41.4634%,24,17,41,4,16,8,13
0x41143b,99.6618%,24,7073,7097,1800,16,8,5273
0x4a5f01,64.7059%,24,44,68,12,20,4,32
0x41e290,40%,24,16,40,0,0,24,16
0x41fd7e,25.8065%,23,8,31,5,9,14,3
0x44b711,37.8378%,23,14,37,14,23,0,0
0x402d42,98.7983%,23,1891,1914,5,15,8,1886
0x41eacf,82.3077%,23,107,130,4,17,6,103
0x4201c1,95.7009%,23,512,535,427,10,13,85
0x4bbdbc,98.9857%,22,2147,2169,2049,13,9,98
0x4f3dc5,76.3441%,22,71,93,41,8,14,30
0x48ebd6,80%,22,88,110,41,10,12,47
0x41fbee,82.1138%,22,101,123,100,8,14,1
0x4115ec,98.7421%,22,1727,1749,1727,22,0,0
0x416aad,99.8271%,21,12125,12146,0,13,8,12125
0x4201b5,97.0464%,21,690,711,155,12,9,535
0x40ca05,99.8073%,21,10876,10897,0,0,21,10876
0x4a4f56,86.0927%,21,130,151,0,0,21,130
0x49371f,68.75%,20,44,64,44,20,0,0
0x42034e,69.2308%,20,45,65,1,4,16,44
0x4bbe67,99.4949%,20,3940,3960,1964,16,4,1976
0x454fd4,66.6667%,20,40,60,0,0,20,40
0x421dac,93.2432%,20,276,296,276,20,0,0
0x409e3a,98.2803%,20,1143,1163,0,0,20,1143
0x40244f,99.7292%,19,6997,7016,0,0,19,6997
0x48ec56,58.6957%,19,27,46,27,19,0,0
0x41fc4f,51.2821%,19,20,39,1,12,7,19
0x41f59e,85.6061%,19,113,132,0,7,12,113
0x40932c,52.5%,19,21,40,20,0,19,1
0x420281,82.8829%,19,92,111,92,13,6,0
0x4026c7,67.2727%,18,37,55,1,0,18,36
0x41fd17,91.6279%,18,197,215,0,0,18,197
0x48ebb0,83.6364%,18,92,110,0,0,18,92
0x4169c0,99.9811%,17,89767,89784,0,0,17,89767
0x40933c,57.5%,17,23,40,20,0,17,3
0x4092b2,71.1864%,17,42,59,29,10,7,13
0x4a5d53,67.3077%,17,35,52,24,11,6,11
0x49249b,57.5%,17,23,40,4,6,11,19
0x4205d7,86.2903%,17,107,124,97,14,3,10
0x41f5b2,97.9823%,16,777,793,777,14,2,0
0x41fc12,57.8947%,16,22,38,6,6,10,16
0x4bd1cd,95.493%,16,339,355,0,0,16,339
0x48e58b,93.4694%,16,229,245,229,16,0,0
0x4160f6,99.9639%,16,44339,44355,0,0,16,44339
0x404bcd,96.2264%,16,408,424,408,7,9,0
0x494b75,76.5625%,15,49,64,16,0,15,33
0x406377,95.6395%,15,329,344,329,7,8,0
0x4061dd,95.6395%,15,329,344,329,7,8,0
0x494b81,76.5625%,15,49,64,39,9,6,10
0x453d7a,88.4615%,15,115,130,0,0,15,115
0x492a84,6.25%,15,1,16,0,0,15,1
0x48e666,93.8776%,15,230,245,184,10,5,46
0x40041c,73.2143%,15,41,56,20,10,5,21
0x4b02e6,96.2406%,15,384,399,384,7,8,0
0x4bd1f1,96.0563%,14,341,355,3,3,11,338
0x41fbe5,89.6296%,14,121,135,4,8,6,117
0x409240,80.8219%,14,59,73,0,12,2,59
0x409363,65%,14,26,40,0,0,14,26
0x4937c2,79.6875%,13,51,64,2,5,8,49
0x4b02cd,96.7419%,13,386,399,385,2,11,1
0x41fd1c,93.9535%,13,202,215,187,5,8,15
0x4a5f4d,97.1861%,13,449,462,0,13,0,449
0x49297a,77.5862%,13,45,58,45,13,0,0
0x420474,98.5854%,13,906,919,0,0,13,906
0x40ad76,83.9506%,13,68,81,67,5,8,1
0x4a493a,96.934%,13,411,424,2,12,1,409
0x409e27,98.8822%,13,1150,1163,0,0,13,1150
0x41ffc1,68.2927%,13,28,41,28,13,0,0
0x4a49e9,99.7811%,13,5927,5940,5922,1,12,5
0x4f0cfa,79.6875%,13,51,64,4,9,4,47
0x40f1b7,99.7898%,13,6173,6186,0,12,1,6173
0x4a615f,98.6828%,12,899,911,847,1,11,52
0x40929d,80.6452%,12,50,62,50,9,3,0
0x4945ec,62.5%,12,20,32,12,4,8,8
0x49375b,78.9474%,12,45,57,0,11,1,45
0x4a40d4,96.9388%,12,380,392,0,0,12,380
0x495711,81.25%,12,52,64,0,0,12,52
0x492124,73.913%,12,34,46,34,12,0,0
0x453d71,91.5385%,11,119,130,0,0,11,119
0x49eccb,97.1279%,11,372,383,0,0,11,372
0x459935,92.5676%,11,137,148,0,0,11,137
0x46c778,92.5676%,11,137,148,137,11,0,0
0x4f0d24,82.8125%,11,53,64,53,11,0,0
0x48ec0e,75%,11,33,44,33,11,0,0
0x4a7dac,99.8878%,11,9797,9808,0,0,11,9797
0x494314,31.25%,11,5,16,4,11,0,1
0x4a4186,99.8916%,11,10134,10145,0,0,11,10134
0x43e3bc,92.5676%,11,137,148,137,11,0,0
0x41f0aa,96.0854%,11,270,281,35,6,5,235
0x40310e,82.8125%,11,53,64,53,11,0,0
0x41fc77,71.0526%,11,27,38,10,4,7,17
0x41fb77,86.5854%,11,71,82,0,0,11,71
0x4c4dc8,95.1327%,11,215,226,0,0,11,215
0x4946c1,31.25%,11,5,16,3,10,1,2
0x403dde,74.359%,10,29,39,28,2,8,1
0x4924ef,66.6667%,10,20,30,0,0,10,20
0x41fbfc,9.09091%,10,1,11,1,10,0,0
0x41e365,75%,10,30,40,0,0,10,30
0x403281,84.375%,10,54,64,54,9,1,0
0x4093c4,75%,10,30,40,14,5,5,16
0x40c1b8,72.973%,10,27,37,0,0,10,27
0x446a53,86.4865%,10,64,74,27,10,0,37
0x41f534,92.5926%,10,125,135,118,7,3,7
0x403e73,66.6667%,10,20,30,19,7,3,1
0x454a22,90.3226%,9,84,93,48,8,1,36
0x4201bc,98.3456%,9,535,544,8,1,8,527
0x4051d8,75.6757%,9,28,37,0,0,9,28
0x42011d,78.0488%,9,32,41,1,5,4,31
0x42046d,99.2314%,9,1162,1171,247,5,4,915
0x454fdd,85%,9,51,60,51,9,0,0
0x420397,94.5122%,9,155,164,82,0,9,73
0x43e343,87.8378%,9,65,74,65,9,0,0
0x416d15,99.8724%,9,7044,7053,7044,9,0,0
0x420356,85%,9,51,60,49,9,0,2
0x408c7c,96.3265%,9,236,245,228,8,1,8
0x4f0f1c,71.875%,9,23,32,23,9,0,0
0x4a4f64,94.0397%,9,142,151,0,0,9,142
0x4a6139,99.688%,9,2876,2885,0,8,1,2876
0x4549aa,90.3226%,9,84,93,84,9,0,0
0x404bed,0%,9,0,9,0,0,9,0
0x42a3da,75.6757%,9,28,37,28,9,0,0
0x48edf3,80.4348%,9,37,46,33,7,2,4
0x49219a,80.4348%,9,37,46,37,7,2,0
0x40ad45,88.75%,9,71,80,0,9,0,71
0x494c06,18.1818%,9,2,11,2,9,0,0
0x403db4,76.9231%,9,30,39,0,0,9,30
0x40279d,99.8866%,8,7045,7053,1143,2,6,5902
0x48e545,96.7347%,8,237,245,0,0,8,237
0x404bd9,11.1111%,8,1,9,0,0,8,1
0x402c56,99.3121%,8,1155,1163,60,4,4,1095
0x4f3d14,82.6087%,8,38,46,38,6,2,0
0x416cbc,99.8866%,8,7045,7053,0,0,8,7045
0x48e523,96.7347%,8,237,245,0,0,8,237
0x421ce0,80.4878%,8,33,41,33,8,0,0
0x4a7d73,99.9184%,8,9800,9808,0,0,8,9800
0x4052f8,78.3784%,8,29,37,7,1,7,22
0x40ce5a,99.8054%,8,4103,4111,4103,8,0,0
0x4a40a9,99.2579%,8,1070,1078,0,0,8,1070
0x4061bb,97.6744%,8,336,344,0,0,8,336
0x493cc8,50%,8,8,16,8,8,0,0
0x42032a,98.9757%,8,773,781,77,5,3,696
0x45a3c1,98.1982%,8,436,444,436,8,0,0
0x4c4b4e,99.7036%,8,2691,2699,0,0,8,2691
0x48ed30,82.6087%,8,38,46,37,3,5,1
0x4a5c87,99.5413%,8,1736,1744,1736,8,0,0
0x4a4945,99.8653%,8,5932,5940,0,8,0,5932
0x4165c3,99.9873%,8,62788,62796,0,0,8,62788
0x48e975,84.3137%,8,43,51,0,0,8,43
0x49196d,50%,7,7,14,0,7,0,7
0x48e95f,86.2745%,7,44,51,44,7,0,0
0x421e2a,97.6351%,7,289,296,0,0,7,289
0x494d6d,56.25%,7,9,16,9,7,0,0
0x409373,82.5%,7,33,40,0,0,7,33
0x41eb97,82.9268%,7,34,41,0,0,7,34
0x4052e3,81.0811%,7,30,37,30,7,0,0
0x4a4859,99.9411%,7,11884,11891,0,0,7,11884
0x48e674,86.2745%,7,44,51,0,0,7,44
0x48e5d3,97.1429%,7,238,245,238,7,0,0
0x43fd66,81.0811%,7,30,37,30,7,0,0
0x48e4d1,97.1429%,7,238,245,0,0,7,238
0x4a4058,88.3333%,7,53,60,53,7,0,0
0x420627,46.1538%,7,6,13,6,7,0,0
0x42045a,99.4413%,7,1246,1253,0,1,6,1246
0x41eb2e,82.9268%,7,34,41,0,0,7,34
0x494753,56.25%,7,9,16,5,6,1,4
0x454988,92.4731%,7,86,93,36,1,6,50
0x453d92,94.6154%,7,123,130,123,7,0,0
0x4a63c4,58.8235%,7,10,17,10,7,0,0
0x406354,56.25%,7,9,16,8,0,7,1
0x4945a7,56.25%,7,9,16,0,0,7,9
0x42047e,90.1639%,6,55,61,0,0,6,55
0x41eff0,97.8648%,6,275,281,0,0,6,275
0x41ede6,99.9148%,6,7033,7039,0,0,6,7033
0x494956,62.5%,6,10,16,0,0,6,10
0x4a5d64,64.7059%,6,11,17,11,6,0,0
0x491915,57.1429%,6,8,14,0,0,6,8
0x4a6178,90.4762%,6,57,63,57,6,0,0
0x48ed77,86.9565%,6,40,46,0,5,1,40
0x420243,0%,6,0,6,0,0,6,0
0x4a60d4,66.6667%,6,12,18,3,6,0,9
0x4921c2,86.9565%,6,40,46,0,5,1,40
0x49218d,86.9565%,6,40,46,40,6,0,0
0x4b0294,98.4962%,6,393,399,0,2,4,393
0x459960,95.9459%,6,142,148,142,6,0,0
0x4205f6,94.5946%,6,105,111,105,0,6,0
0x4061cc,98.2558%,6,338,344,338,6,0,0
0x4acdf8,62.5%,6,10,16,0,0,6,10
0x403e86,80%,6,24,30,24,6,0,0
0x402747,99.9149%,6,7047,7053,0,0,6,7047
0x4a4fe7,57.1429%,6,8,14,0,0,6,8
0x41ef0c,97.8648%,6,275,281,275,6,0,0
0x4949f5,62.5%,6,10,16,10,6,0,0
0x494a59,62.5%,6,10,16,0,0,6,10
0x41fbda,99.2188%,6,762,768,0,0,6,762
0x429e1b,83.7838%,6,31,37,31,6,0,0
0x40ad02,85%,6,34,40,34,3,3,0
0x4924d2,80%,6,24,30,0,0,6,24
0x4bbe2a,99.8485%,6,3954,3960,3954,6,0,0
0x48eb52,94.5455%,6,104,110,0,0,6,104
0x494aad,62.5%,6,10,16,10,6,0,0
0x4ace0b,62.5%,6,10,16,0,0,6,10
0x46c72b,95.9459%,6,142,148,142,6,0,0
0x493d07,62.5%,6,10,16,10,6,0,0
0x4f0f59,81.25%,6,26,32,26,6,0,0
0x493da8,97.1154%,6,202,208,11,5,1,191
0x4f0e21,62.5%,6,10,16,10,6,0,0
0x4a63eb,99.8462%,5,3245,3250,0,0,5,3245
0x494823,68.75%,5,11,16,11,5,0,0
0x494695,84.375%,5,27,32,13,3,2,14
0x41fce7,93.9024%,5,77,82,0,0,5,77
0x4938b3,68.75%,5,11,16,0,0,5,11
0x40ad53,92.9577%,5,66,71,66,4,1,0
0x491a36,28.5714%,5,2,7,0,0,5,2
0x49469e,68.75%,5,11,16,11,5,0,0
0x4998a1,16.6667%,5,1,6,1,5,0,0
0x4a491b,99.6481%,5,1416,1421,0,0,5,1416
0x495120,68.75%,5,11,16,11,5,0,0
0x4a4157,99.9439%,5,8902,8907,0,0,5,8902
0x403e99,83.3333%,5,25,30,25,5,0,0
0x404b9a,98.8208%,5,419,424,0,0,5,419
0x494a6b,68.75%,5,11,16,11,5,0,0
0x404a3f,44.4444%,5,4,9,0,0,5,4
0x493a7f,68.75%,5,11,16,11,5,0,0
0x40056a,93.2432%,5,69,74,69,5,0,0
0x404bfe,44.4444%,5,4,9,0,0,5,4
0x4f0924,70.5882%,5,12,17,12,5,0,0
0x495463,68.75%,5,11,16,11,5,0,0
0x4a5d72,90.3846%,5,47,52,8,1,4,39
0x41debb,99.9989%,5,441378,441383,441378,5,0,0
0x41fdc0,93.9024%,5,77,82,0,0,5,77
0x41f56a,50%,5,5,10,5,5,0,0
0x4a6447,93.2432%,5,69,74,0,0,5,69
0x48ed80,87.8049%,5,36,41,36,5,0,0
0x4205b1,95.9677%,5,119,124,119,5,0,0
0x416853,99.9944%,5,88934,88939,0,0,5,88934
0x45503a,86.4865%,5,32,37,0,0,5,32
0x420486,91.8033%,5,56,61,56,4,1,0
0x4b01ac,86.8421%,5,33,38,33,5,0,0
0x4201c6,94.898%,5,93,98,0,3,2,93
0x404bbc,98.8208%,5,419,424,419,5,0,0
0x409393,87.5%,5,35,40,0,1,4,35
0x4937b2,92.1875%,5,59,64,0,0,5,59
0x421a93,99.9719%,5,17785,17790,0,0,5,17785
0x4091f2,94.4444%,4,68,72,68,1,3,0
0x420344,99.1853%,4,487,491,0,0,4,487
0x46c6bc,97.2973%,4,144,148,144,4,0,0
0x40bc73,99.9945%,4,72539,72543,0,0,4,72539
0x4f0f46,87.5%,4,28,32,0,0,4,28
0x40ad36,95.0617%,4,77,81,76,4,0,1
0x4944d3,75%,4,12,16,12,4,0,0
0x404742,99.636%,4,1095,1099,1094,3,1,1
0x41e87d,99.9971%,4,136725,136729,0,0,4,136725
0x404c0f,55.5556%,4,5,9,5,4,0,0
0x49547e,75%,4,12,16,12,4,0,0
0x494618,75%,4,12,16,0,0,4,12
0x4a5d19,99.6546%,4,1154,1158,1154,4,0,0
0x4204c7,95.122%,4,78,82,77,4,0,1
0x49519a,75%,4,12,16,12,4,0,0
0x4201ce,95.7895%,4,91,95,89,3,1,2
0x49439c,73.3333%,4,11,15,0,0,4,11
0x4f0945,76.4706%,4,13,17,0,0,4,13
0x41fbf6,73.3333%,4,11,15,3,1,3,8
0x4938e4,75%,4,12,16,12,4,0,0
0x45531c,89.1892%,4,33,37,33,4,0,0
0x4550a7,89.1892%,4,33,37,33,4,0,0
0x406113,50%,4,4,8,0,0,4,4
0x41f2b5,90.2439%,4,37,41,37,4,0,0
0x420572,33.3333%,4,2,6,0,0,4,2
0x4a5c95,99.7706%,4,1740,1744,0,0,4,1740
0x455011,93.3333%,4,56,60,56,4,0,0
0x422bc6,94.5946%,4,70,74,0,0,4,70
0x41fec5,95.122%,4,78,82,78,4,0,0
0x494c25,63.6364%,4,7,11,0,0,4,7
0x403a58,33.3333%,4,2,6,2,4,0,0
0x49272f,33.3333%,4,2,6,0,0,4,2
0x4a6236,99.9907%,4,43152,43156,0,0,4,43152
0x41fcda,95.122%,4,78,82,0,0,4,78
0x4a83f3,99.9776%,4,17827,17831,0,0,4,17827
0x41e261,90%,4,36,40,0,2,2,36
0x46c6dc,97.2973%,4,144,148,0,0,4,144
0x493dc6,82.3529%,3,14,17,14,3,0,0
0x403ed2,90%,3,27,30,27,3,0,0
0x492b43,81.25%,3,13,16,13,3,0,0
0x41e97a,92.6829%,3,38,41,0,0,3,38
0x48ed00,92.6829%,3,38,41,38,3,0,0
0x493367,93.4783%,3,43,46,43,3,0,0
0x492e23,93.1818%,3,41,44,41,3,0,0
0x48e534,98.7755%,3,242,245,242,3,0,0
0x48e50d,98.7755%,3,242,245,0,0,3,242
0x41e426,92.5%,3,37,40,0,1,2,37
0x4a417c,99.9112%,3,3377,3380,0,0,3,3377
0x454ae2,88.4615%,3,23,26,23,3,0,0
0x43e756,99.3763%,3,478,481,478,3,0,0
0x491aea,57.1429%,3,4,7,4,3,0,0
0x41fd21,86.9565%,3,20,23,0,3,0,20
0x499896,92.8571%,3,39,42,36,0,3,3
0x422bfc,95.9459%,3,71,74,0,0,3,71
0x40aa8c,66.6667%,3,6,9,6,2,1,0
0x48e62c,98.7755%,3,242,245,242,3,0,0
0x4919bc,50%,3,3,6,0,0,3,3
0x48e60f,98.7755%,3,242,245,242,3,0,0
0x491b50,57.1429%,3,4,7,4,3,0,0
0x4a40b3,99.7217%,3,1075,1078,0,0,3,1075
0x49487a,81.25%,3,13,16,13,3,0,0
0x494bbc,72.7273%,3,8,11,0,0,3,8
0x494bde,72.7273%,3,8,11,8,3,0,0
0x43e3a3,95.9459%,3,71,74,71,3,0,0
0x4942f6,81.25%,3,13,16,0,0,3,13
0x4946cd,0%,3,0,3,0,3,0,0
0x40adab,66.6667%,3,6,9,6,2,1,0
0x40926f,84.2105%,3,16,19,16,3,0,0
0x494bac,81.25%,3,13,16,5,0,3,8
0x4296f7,95.9459%,3,71,74,71,3,0,0
0x493cbb,81.25%,3,13,16,0,0,3,13
0x4a5cf3,99.7409%,3,1155,1158,0,0,3,1155
0x404b89,66.6667%,3,6,9,0,0,3,6
0x4150c1,99.9816%,3,16266,16269,16266,3,0,0
0x4918f0,78.5714%,3,11,14,0,0,3,11
0x4a6ee1,99.781%,3,1367,1370,0,0,3,1367
0x40373a,99.9573%,3,7029,7032,0,0,3,7029
0x49572b,95.3125%,3,61,64,48,0,3,13
0x4b032f,57.1429%,3,4,7,3,2,1,1
0x4a616b,95.2381%,3,60,63,0,0,3,60
0x4a4cca,99.9495%,3,5937,5940,0,0,3,5937
0x405269,91.8919%,3,34,37,34,3,0,0
0x48e597,98.7755%,3,242,245,0,0,3,242
0x494624,81.25%,3,13,16,0,0,3,13
0x416313,98.6486%,3,219,222,0,0,3,219
0x4a484f,99.9748%,3,11888,11891,11888,3,0,0
0x494ba3,81.25%,3,13,16,0,0,3,13
0x43fb7c,91.8919%,3,34,37,34,3,0,0
0x48e47f,98.7755%,3,242,245,0,0,3,242
0x460c1e,91.8919%,3,34,37,34,3,0,0
0x416339,98.6486%,3,219,222,219,3,0,0
0x4203db,98.1707%,3,161,164,81,1,2,80
0x411cde,99.9955%,3,66240,66243,66240,3,0,0
0x4a4fee,78.5714%,3,11,14,0,1,2,11
0x41e1bb,92.5%,3,37,40,0,0,3,37
0x402daa,99.9254%,3,4017,4020,4017,3,0,0
0x493b9f,81.25%,3,13,16,0,0,3,13
0x43fa42,91.8919%,3,34,37,34,3,0,0
0x454c88,90%,3,27,30,27,3,0,0
0x460bdb,94.5946%,2,35,37,0,0,2,35
0x493740,96.875%,2,62,64,62,2,0,0
0x494fa9,87.5%,2,14,16,0,0,2,14
0x459da0,98.6486%,2,146,148,0,0,2,146
0x492bd1,0%,2,0,2,0,0,2,0
0x41ecb5,95.122%,2,39,41,0,0,2,39
0x40371d,94.8718%,2,37,39,0,0,2,37
0x422be1,97.2973%,2,72,74,0,0,2,72
0x49475d,60%,2,3,5,3,2,0,0
0x4a7dc3,99.9796%,2,9806,9808,0,0,2,9806
0x40ab7e,77.7778%,2,7,9,7,2,0,0
0x4a5f96,93.75%,2,30,32,3,2,0,27
0x4a5cfe,99.8273%,2,1156,1158,0,0,2,1156
0x402477,99.9975%,2,79162,79164,0,0,2,79162
0x4a628d,99.8853%,2,1742,1744,1742,2,0,0
0x4a4161,99.9775%,2,8905,8907,0,0,2,8905
0x420136,94.2857%,2,33,35,0,0,2,33
0x4939f7,87.5%,2,14,16,14,2,0,0
0x4950dd,60%,2,3,5,1,2,0,2
0x409302,95%,2,38,40,0,1,1,38
0x45f229,97.2973%,2,72,74,0,0,2,72
0x4a5ef8,97.0588%,2,66,68,0,0,2,66
0x402701,96.3636%,2,53,55,0,1,1,53
0x4933e9,95.6522%,2,44,46,44,2,0,0
0x4919f8,71.4286%,2,5,7,0,0,2,5
0x403f1f,93.3333%,2,28,30,28,2,0,0
0x4f0def,87.5%,2,14,16,14,2,0,0
0x403eeb,93.3333%,2,28,30,28,2,0,0
0x403a6e,0%,2,0,2,0,0,2,0
0x4201a3,99.7191%,2,710,712,0,1,1,710
0x4956f0,87.5%,2,14,16,0,0,2,14
0x48e777,98.1818%,2,108,110,0,0,2,108
0x492e78,95.4545%,2,42,44,0,0,2,42
0x4925b6,95.4545%,2,42,44,42,2,0,0
0x4921cf,95.122%,2,39,41,39,2,0,0
0x49ed04,99.4778%,2,381,383,0,0,2,381
0x49309f,87.5%,2,14,16,14,2,0,0
0x48ed39,95.6522%,2,44,46,44,2,0,0
0x43fa37,94.5946%,2,35,37,35,2,0,0
0x45e5f4,97.2973%,2,72,74,0,0,2,72
0x494af3,87.5%,2,14,16,0,0,2,14
0x494528,87.5%,2,14,16,0,0,2,14
0x4039fd,66.6667%,2,4,6,1,1,1,3
0x494fb4,87.5%,2,14,16,0,0,2,14
0x41138d,99.9915%,2,23517,23519,0,0,2,23517
0x403a2a,66.6667%,2,4,6,4,2,0,0
0x4a48f0,99.9663%,2,5938,5940,0,0,2,5938
0x40479f,99.818%,2,1097,1099,0,2,0,1097
0x4937e1,71.4286%,2,5,7,0,0,2,5
0x446a69,94.5946%,2,35,37,0,0,2,35
0x4f0ef5,93.75%,2,30,32,30,2,0,0
0x494282,88.2353%,2,15,17,0,1,1,15
0x4920ef,87.5%,2,14,16,0,0,2,14
0x4919e5,66.6667%,2,4,6,0,0,2,4
0x49495e,87.5%,2,14,16,14,2,0,0
0x4a496d,99.9211%,2,2533,2535,0,0,2,2533
0x41e44a,94.8718%,2,37,39,37,2,0,0
0x48efba,88.8889%,2,16,18,16,2,0,0
0x41ffd5,66.6667%,2,4,6,4,2,0,0
0x420970,99.9795%,2,9765,9767,9765,2,0,0
0x48e5a4,99.1837%,2,243,245,243,2,0,0
0x49ecd9,99.4778%,2,381,383,0,0,2,381
0x41fd51,88.2353%,2,15,17,0,0,2,15
0x48ef17,88.8889%,2,16,18,16,2,0,0
0x4092a8,33.3333%,2,1,3,0,2,0,1
0x420503,75%,2,6,8,6,1,1,0
0x492e6f,95.4545%,2,42,44,0,0,2,42
0x4201d6,33.3333%,2,1,3,1,0,2,0
0x42035e,0%,2,0,2,0,2,0,0
0x4f3d68,93.75%,2,30,32,30,0,2,0
0x4047a9,99.909%,1,1098,1099,0,1,0,1098
0x49443e,93.75%,1,15,16,15,1,0,0
0x404729,99.909%,1,1098,1099,1098,1,0,0
0x403084,0%,1,0,1,0,0,1,0
0x44b7ff,97.2973%,1,36,37,36,1,0,0
0x403163,98.4375%,1,63,64,63,1,0,0
0x4a5f6f,96.875%,1,31,32,31,1,0,0
0x4947bf,93.75%,1,15,16,15,1,0,0
0x403b8a,0%,1,0,1,0,1,0,0
0x41f55e,90%,1,9,10,0,0,1,9
0x4043d5,50%,1,1,2,1,0,1,0
0x403595,0%,1,0,1,0,1,0,0
0x405243,97.2973%,1,36,37,36,1,0,0
0x4a640f,99.9692%,1,3249,3250,0,0,1,3249
0x4202e6,0%,1,0,1,0,0,1,0
0x49458e,93.75%,1,15,16,15,1,0,0
0x493733,98.4375%,1,63,64,0,0,1,63
0x4bbe19,99.9506%,1,2023,2024,0,0,1,2023
0x41fe77,98.7805%,1,81,82,0,0,1,81
0x40464a,0%,1,0,1,0,1,0,0
0x404411,0%,1,0,1,0,0,1,0
0x4947ff,93.75%,1,15,16,15,1,0,0
0x4f098f,98.4375%,1,63,64,63,1,0,0
0x41f565,90%,1,9,10,0,0,1,9
0x42050b,98.7805%,1,81,82,0,1,0,81
0x4205ac,99.1935%,1,123,124,0,0,1,123
0x43fca4,97.2973%,1,36,37,36,1,0,0
0x403f01,96.1538%,1,25,26,0,0,1,25
0x48ef8d,94.4444%,1,17,18,0,0,1,17
0x402a5c,99.9564%,1,2291,2292,2291,1,0,0
0x4a6078,99.9614%,1,2590,2591,2590,1,0,0
0x49ecba,99.7389%,1,382,383,0,0,1,382
0x4a63b7,94.1176%,1,16,17,0,0,1,16
0x48e46c,99.5918%,1,244,245,0,0,1,244
0x41e4a2,97.4359%,1,38,39,38,1,0,0
0x41f609,99.187%,1,122,123,0,0,1,122
0x4f0cdb,98.4375%,1,63,64,0,1,0,63
0x404a4e,88.8889%,1,8,9,0,0,1,8
0x42a546,97.2973%,1,36,37,0,0,1,36
0x411667,99.9428%,1,1748,1749,0,0,1,1748
0x4116c2,99.9428%,1,1748,1749,1748,1,0,0
0x4a4a02,94.1176%,1,16,17,16,1,0,0
0x416a90,99.9702%,1,3350,3351,0,0,1,3350
0x454a9a,96.6667%,1,29,30,3,1,0,26
0x4f3d19,50%,1,1,2,1,1,0,0
0x44b76e,97.2973%,1,36,37,36,1,0,0
0x4552ff,97.2973%,1,36,37,0,0,1,36
0x49296a,98.2759%,1,57,58,0,0,1,57
0x4040d9,0%,1,0,1,0,0,1,0
0x4a8403,99.9944%,1,17830,17831,0,0,1,17830
0x4a4783,99.9944%,1,17830,17831,0,0,1,17830
0x41e769,99.9858%,1,7031,7032,0,0,1,7031
0x4a7df0,99.9898%,1,9807,9808,0,0,1,9807
0x49424e,93.75%,1,15,16,0,0,1,15
0x459d40,99.3243%,1,147,148,0,0,1,147
0x4f2042,93.75%,1,15,16,15,1,0,0
0x4a47b7,99.9916%,1,11890,11891,0,0,1,11890
0x4a4834,99.991%,1,11159,11160,11159,1,0,0
0x40c1a2,97.2973%,1,36,37,36,1,0,0
0x48eea6,97.8261%,1,45,46,45,1,0,0
0x41efeb,99.6441%,1,280,281,0,0,1,280
0x4bbe6e,99.9495%,1,1979,1980,0,0,1,1979
0x48ee89,97.8261%,1,45,46,0,0,1,45
0x402ad9,99.9564%,1,2291,2292,0,0,1,2291
0x494518,93.75%,1,15,16,0,0,1,15
0x40c0a4,97.2973%,1,36,37,0,0,1,36
0x402b50,99.9564%,1,2291,2292,0,0,1,2291
0x4a642e,99.9271%,1,1370,1371,1370,0,1,0
0x43fdb4,97.2973%,1,36,37,36,1,0,0
0x49308c,93.75%,1,15,16,0,0,1,15
0x41fe16,98.7805%,1,81,82,0,0,1,81
0x41f56f,90%,1,9,10,0,0,1,9
0x492d03,50%,1,1,2,0,0,1,1
0x41e1fc,99.9318%,1,1465,1466,0,1,0,1465
0x40adc2,0%,1,0,1,0,0,1,0
0x4bbf14,99.9495%,1,1979,1980,0,0,1,1979
0x4bd25c,83.3333%,1,5,6,5,1,0,0
0x49197e,85.7143%,1,6,7,0,1,0,6
0x40ca9b,99.9611%,1,2569,2570,2569,1,0,0
0x4a5e79,99.9901%,1,10079,10080,0,0,1,10079
0x4a49f5,94.1176%,1,16,17,16,1,0,0
0x429714,98.6486%,1,73,74,0,0,1,73
0x4a478d,99.9944%,1,17830,17831,0,0,1,17830
0x455058,97.2973%,1,36,37,0,0,1,36
0x416ebf,0%,1,0,1,0,1,0,0
0x403bec,0%,1,0,1,0,1,0,0
0x45994a,99.3243%,1,147,148,147,1,0,0
0x40adec,88.8889%,1,8,9,8,0,1,0
0x403bd3,0%,1,0,1,0,1,0,0
0x40ca38,99.9901%,1,10091,10092,0,0,1,10091
0x403557,0%,1,0,1,0,1,0,0
0x4032a9,0%,1,0,1,0,0,1,0
0x4b03b3,50%,1,1,2,1,1,0,0
0x4b0347,50%,1,1,2,0,0,1,1
0x4b0378,0%,1,0,1,0,1,0,0
0x492ea6,50%,1,1,2,0,0,1,1
0x49491a,93.75%,1,15,16,15,1,0,0
0x48ec2f,97.7273%,1,43,44,43,1,0,0
0x494bfe,90.9091%,1,10,11,0,0,1,10
0x4a7d9b,99.9898%,1,9807,9808,9807,1,0,0
0x4047cb,0%,1,0,1,0,0,1,0
0x4033bf,0%,1,0,1,0,1,0,0
0x406e11,0%,1,0,1,0,0,1,0
0x40ce69,99.9949%,1,19749,19750,19749,1,0,0
0x404287,0%,1,0,1,0,1,0,0
0x4038cc,0%,1,0,1,0,0,1,0
0x403aa7,85.7143%,1,6,7,6,0,1,0
0x4a48b7,99.9832%,1,5939,5940,5939,1,0,0
0x41e4b8,97.5%,1,39,40,39,0,1,0
0x4bbef9,99.9495%,1,1979,1980,0,0,1,1979
0x45d75e,98.6486%,1,73,74,0,0,1,73
0x403958,83.3333%,1,5,6,0,0,1,5
0x454c4d,96.6667%,1,29,30,0,0,1,29
0x40aa9f,0%,1,0,1,0,0,1,0
0x4a4cbe,99.9832%,1,5939,5940,0,0,1,5939
0x41141c,99.9954%,1,21909,21910,0,0,1,21909
0x494393,93.75%,1,15,16,0,1,0,15
0x494648,93.75%,1,15,16,0,0,1,15
0x416844,99.9989%,1,88938,88939,0,0,1,88938
0x491a50,100%,0,7,7,0,0,0,7
0x4045f6,100%,0,1,1,0,0,0,1
0x4921b4,100%,0,46,46,0,0,0,46
0x403f3d,100%,0,30,30,0,0,0,30
0x48ef70,100%,0,18,18,0,0,0,18
0x4a4cea,100%,0,5940,5940,0,0,0,5940
0x4a60a3,100%,0,18,18,18,0,0,0
0x4a4f6b,100%,0,151,151,0,0,0,151
0x4a7dcc,100%,0,9808,9808,9808,0,0,0
0x4a62c0,100%,0,52,52,52,0,0,0
0x48e690,100%,0,51,51,0,0,0,51
0x454aca,100%,0,26,26,0,0,0,26
0x4f13b6,100%,0,57,57,0,0,0,57
0x4a4049,100%,0,60,60,0,0,0,60
0x49510d,100%,0,16,16,0,0,0,16
0x460d09,100%,0,37,37,0,0,0,37
0x460cd8,100%,0,37,37,0,0,0,37
0x454c48,100%,0,30,30,0,0,0,30
0x404c44,100%,0,9,9,0,0,0,9
0x45d744,100%,0,74,74,0,0,0,74
0x405ef2,100%,0,8,8,8,0,0,0
0x403899,100%,0,1,1,0,0,0,1
0x48e682,100%,0,51,51,0,0,0,51
0x400404,100%,0,56,56,56,0,0,0
0x45f369,100%,0,74,74,0,0,0,74
0x454992,100%,0,56,56,0,0,0,56
0x406118,100%,0,8,8,0,0,0,8
0x403a85,100%,0,6,6,0,0,0,6
0x41e47e,100%,0,39,39,0,0,0,39
0x4a501c,100%,0,1,1,1,0,0,0
0x4029a3,100%,0,1916,1916,0,0,0,1916
0x45e59b,100%,0,74,74,0,0,0,74
0x40c164,100%,0,37,37,37,0,0,0
0x48ebc4,100%,0,110,110,0,0,0,110
0x45e5be,100%,0,74,74,0,0,0,74
0x42059f,100%,0,124,124,0,0,0,124
0x48ef13,100%,0,18,18,0,0,0,18
0x48e64f,100%,0,245,245,0,0,0,245
0x4034b7,100%,0,1,1,1,0,0,0
0x406e16,100%,0,1,1,1,0,0,0
0x4045b1,100%,0,1,1,0,0,0,1
0x42048e,100%,0,1,1,1,0,0,0
0x4947b9,100%,0,16,16,0,0,0,16
0x403eb9,100%,0,26,26,26,0,0,0
0x43e3ca,100%,0,148,148,0,0,0,148
0x459db9,100%,0,148,148,148,0,0,0
0x404611,100%,0,1,1,1,0,0,0
0x4947de,100%,0,16,16,0,0,0,16
0x41de75,100%,0,1,1,0,0,0,1
0x4061aa,100%,0,344,344,0,0,0,344
0x40619b,100%,0,8,8,0,0,0,8
0x45d73b,100%,0,74,74,0,0,0,74
0x4c1f44,100%,0,148,148,0,0,0,148
0x4045d3,100%,0,1,1,0,0,0,1
0x48e475,100%,0,245,245,0,0,0,245
0x402481,100%,0,79164,79164,0,0,0,79164
0x49518b,100%,0,16,16,0,0,0,16
0x491a6e,100%,0,7,7,7,0,0,0
0x494a49,100%,0,16,16,0,0,0,16
0x494544,100%,0,16,16,0,0,0,16
0x494948,100%,0,16,16,0,0,0,16
0x4919aa,100%,0,6,6,0,0,0,6
0x494bc6,100%,0,11,11,0,0,0,11
0x41f5b6,100%,0,2,2,2,0,0,0
0x4f13aa,100%,0,57,57,0,0,0,57
0x43f9b3,100%,0,37,37,0,0,0,37
0x4f0d17,100%,0,51,51,0,0,0,51
0x403a3f,100%,0,2,2,2,0,0,0
0x494431,100%,0,16,16,0,0,0,16
0x41ebc0,100%,0,41,41,0,0,0,41
0x4b0315,100%,0,2,2,0,0,0,2
0x404bab,100%,0,424,424,0,0,0,424
0x4043fb,100%,0,1,1,1,0,0,0
0x48e61e,100%,0,245,245,0,0,0,245
0x491b2e,100%,0,7,7,0,0,0,7
0x4b0309,100%,0,8,8,0,0,0,8
0x4033ea,100%,0,1,1,1,0,0,0
0x41f599,100%,0,132,132,0,0,0,132
0x403871,100%,0,1,1,0,0,0,1
0x403a2f,100%,0,6,6,6,0,0,0
0x491931,100%,0,14,14,14,0,0,0
0x41fd29,100%,0,20,20,20,0,0,0
0x4b0225,100%,0,38,38,0,0,0,38
0x493078,100%,0,16,16,0,0,0,16
0x4165a0,100%,0,6460,6460,6460,0,0,0
0x4a4bf0,100%,0,5940,5940,5940,0,0,0
0x49197a,100%,0,7,7,0,0,0,7
0x40408c,100%,0,1,1,0,0,0,1
0x4c1f3f,100%,0,148,148,0,0,0,148
0x492b33,100%,0,16,16,0,0,0,16
0x492a9d,100%,0,16,16,16,0,0,0
0x41f0a2,100%,0,281,281,0,0,0,281
0x4929ce,100%,0,58,58,0,0,0,58
0x403c1f,100%,0,1,1,0,0,0,1
0x404078,100%,0,1,1,0,0,0,1
0x402905,100%,0,1916,1916,0,0,0,1916
0x492aad,100%,0,16,16,0,0,0,16
0x48ee55,100%,0,46,46,0,0,0,46
0x494b1c,100%,0,16,16,0,0,0,16
0x4041b4,100%,0,1,1,1,0,0,0
0x41ec84,100%,0,41,41,0,0,0,41
0x404256,100%,0,1,1,0,0,0,1
0x404260,100%,0,1,1,0,0,0,1
0x48ecf7,100%,0,46,46,5,0,0,41
0x41e40d,100%,0,1,1,0,0,0,1
0x4b034e,100%,0,2,2,1,0,0,1
0x49476e,100%,0,2,2,2,0,0,0
0x494352,100%,0,1,1,0,0,0,1
0x49437b,100%,0,1,1,0,0,0,1
0x41eb6f,100%,0,41,41,41,0,0,0
0x4955b3,100%,0,1,1,0,0,0,1
0x48ee4c,100%,0,6,6,0,0,0,6
0x495010,100%,0,15,15,15,0,0,0
0x494306,100%,0,16,16,0,0,0,16
0x459da9,100%,0,148,148,0,0,0,148
0x4a6ef7,100%,0,1370,1370,0,0,0,1370
0x404760,100%,0,1099,1099,1099,0,0,0
0x455041,100%,0,37,37,0,0,0,37
0x493d8d,100%,0,17,17,0,0,0,17
0x48efa9,100%,0,18,18,0,0,0,18
0x403aed,100%,0,1,1,0,0,0,1
0x493034,100%,0,16,16,16,0,0,0
0x41e91d,100%,0,133113,133113,0,0,0,133113
0x494b62,100%,0,48,48,0,0,0,48
0x404757,100%,0,1099,1099,0,0,0,1099
0x454c1e,100%,0,30,30,0,0,0,30
0x48e4df,100%,0,245,245,245,0,0,0
0x402b34,100%,0,2292,2292,2292,0,0,0
0x40aa5b,100%,0,1,1,0,0,0,1
0x4a4779,100%,0,17831,17831,0,0,0,17831
0x4029de,100%,0,1916,1916,0,0,0,1916
0x4a7d87,100%,0,9808,9808,0,0,0,9808
0x4a47da,100%,0,11891,11891,0,0,0,11891
0x48e455,100%,0,245,245,245,0,0,0
0x48eb81,100%,0,110,110,0,0,0,110
0x4113dc,100%,0,25618,25618,0,0,0,25618
0x49990a,100%,0,42,42,0,0,0,42
0x4052d1,100%,0,37,37,37,0,0,0
0x409279,100%,0,62,62,0,0,0,62
0x4a5d2d,100%,0,7217,7217,0,0,0,7217
0x446a76,100%,0,37,37,37,0,0,0
0x4a6274,100%,0,1057,1057,0,0,0,1057
0x491908,100%,0,14,14,0,0,0,14
0x416278,100%,0,44354,44354,0,0,0,44354
0x429dae,100%,0,37,37,0,0,0,37
0x40248c,100%,0,79164,79164,0,0,0,79164
0x4a6405,100%,0,3250,3250,0,0,0,3250
0x4040ea,100%,0,1,1,1,0,0,0
0x4a7ddb,100%,0,9808,9808,0,0,0,9808
0x4a4cd7,100%,0,5940,5940,5940,0,0,0
0x43fd06,100%,0,37,37,37,0,0,0
0x48ee1f,100%,0,6,6,0,0,0,6
0x45f220,100%,0,74,74,0,0,0,74
0x493d93,100%,0,17,17,17,0,0,0
0x45a400,100%,0,444,444,0,0,0,444
0x4a648c,100%,0,3176,3176,0,0,0,3176
0x40ab48,100%,0,9,9,9,0,0,0
0x491922,100%,0,14,14,0,0,0,14
0x4a4da4,100%,0,17,17,17,0,0,0
0x41e4ac,100%,0,39,39,0,0,0,39
0x43fb69,100%,0,37,37,37,0,0,0
0x43f9c9,100%,0,37,37,37,0,0,0
0x460c80,100%,0,37,37,0,0,0,37
0x4a4963,100%,0,2535,2535,0,0,0,2535
0x4a4c05,100%,0,5940,5940,0,0,0,5940
0x4a61a7,100%,0,8,8,8,0,0,0
0x446aa7,100%,0,37,37,0,0,0,37
0x4a5e58,100%,0,6432,6432,0,0,0,6432
0x41e490,100%,0,39,39,0,0,0,39
0x48e97a,100%,0,51,51,51,0,0,0
0x4a48c3,100%,0,5940,5940,0,0,0,5940
0x40326a,100%,0,64,64,0,0,0,64
0x494363,100%,0,1,1,0,0,0,1
0x416447,100%,0,39582,39582,0,0,0,39582
0x4a840c,100%,0,17831,17831,17831,0,0,0
0x4f13b1,100%,0,57,57,0,0,0,57
0x494748,100%,0,16,16,0,0,0,16
0x4bbec2,100%,0,7920,7920,7920,0,0,0
0x40caa8,100%,0,3485,3485,3485,0,0,0
0x4f0e12,100%,0,16,16,0,0,0,16
0x4a52a3,100%,0,5940,5940,5940,0,0,0
0x4a4882,100%,0,5940,5940,0,0,0,5940
0x493218,100%,0,16,16,0,0,0,16
0x492eab,100%,0,2,2,0,0,0,2
0x404278,100%,0,1,1,0,0,0,1
0x40ccb9,100%,0,41590,41590,0,0,0,41590
0x48eefd,100%,0,18,18,0,0,0,18
0x4163be,100%,0,222,222,0,0,0,222
0x4924fe,100%,0,30,30,0,0,0,30
0x41ec3d,100%,0,41,41,0,0,0,41
0x4a5f8b,100%,0,22,22,0,0,0,22
0x45f360,100%,0,74,74,0,0,0,74
0x4202a8,100%,0,1,1,0,0,0,1
0x420569,100%,0,6,6,0,0,0,6
0x402ad4,100%,0,2292,2292,0,0,0,2292
0x453344,100%,0,37,37,37,0,0,0
0x45f3b9,100%,0,74,74,0,0,0,74
0x41620b,100%,0,44354,44354,0,0,0,44354
0x4047b0,100%,0,1098,1098,1098,0,0,0
0x40478d,100%,0,1099,1099,0,0,0,1099
0x4a4863,100%,0,11160,11160,11160,0,0,0
0x4c1f72,100%,0,148,148,148,0,0,0
0x4a7df5,100%,0,9808,9808,0,0,0,9808
0x4201db,100%,0,2,2,2,0,0,0
0x401dfa,100%,0,7053,7053,7053,0,0,0
0x4a4fd9,100%,0,14,14,0,0,0,14
0x4bbf0a,100%,0,1980,1980,0,0,0,1980
0x403c02,100%,0,1,1,0,0,0,1
0x40290a,100%,0,1916,1916,0,0,0,1916
0x42018b,100%,0,35,35,0,0,0,35
0x4a4795,100%,0,17831,17831,0,0,0,17831
0x4929bd,100%,0,58,58,0,0,0,58
0x454c37,100%,0,30,30,0,0,0,30
0x4bbed8,100%,0,1980,1980,1980,0,0,0
0x4a83ea,100%,0,17831,17831,0,0,0,17831
0x415fa9,100%,0,63640,63640,0,0,0,63640
0x403bb3,100%,0,1,1,1,0,0,0
0x491b04,100%,0,7,7,0,0,0,7
0x43fcdd,100%,0,37,37,37,0,0,0
0x402508,100%,0,3295,3295,0,0,0,3295
0x4061e6,100%,0,8,8,0,0,0,8
0x4024f8,100%,0,1910,1910,0,0,0,1910
0x45e5eb,100%,0,74,74,0,0,0,74
0x43fb5c,100%,0,37,37,37,0,0,0
0x45333a,100%,0,37,37,0,0,0,37
0x402487,100%,0,79164,79164,0,0,0,79164
0x43fd2c,100%,0,37,37,37,0,0,0
0x4a47c8,100%,0,11891,11891,0,0,0,11891
0x45504d,100%,0,37,37,37,0,0,0
0x43fcff,100%,0,37,37,0,0,0,37
0x4f13af,100%,0,57,57,0,0,0,57
0x4549f0,100%,0,93,93,0,0,0,93
0x4a4911,100%,0,1421,1421,0,0,0,1421
0x48ee31,100%,0,6,6,0,0,0,6
0x402949,100%,0,1916,1916,0,0,0,1916
0x43fc8f,100%,0,37,37,0,0,0,37
0x45f3b0,100%,0,74,74,0,0,0,74
0x4a7de7,100%,0,9808,9808,0,0,0,9808
0x43f9f1,100%,0,37,37,37,0,0,0
0x43fc87,100%,0,37,37,37,0,0,0
0x4a6ef0,100%,0,1370,1370,0,0,0,1370
0x411662,100%,0,1749,1749,0,0,0,1749
0x494a41,100%,0,16,16,0,0,0,16
0x4c4af8,100%,0,3154,3154,0,0,0,3154
0x4a48e2,100%,0,5940,5940,0,0,0,5940
0x42a3b0,100%,0,37,37,37,0,0,0
0x460c90,100%,0,37,37,37,0,0,0
0x460c73,100%,0,37,37,0,0,0,37
0x460c68,100%,0,37,37,0,0,0,37
0x460c5f,100%,0,37,37,0,0,0,37
0x460b0f,100%,0,37,37,0,0,0,37
0x460c13,100%,0,37,37,0,0,0,37
0x42a368,100%,0,37,37,0,0,0,37
0x42a35d,100%,0,37,37,0,0,0,37
0x43fc6e,100%,0,37,37,0,0,0,37
0x42a34d,100%,0,37,37,0,0,0,37
0x42a340,100%,0,37,37,0,0,0,37
0x42a326,100%,0,37,37,0,0,0,37
0x45e5a4,100%,0,74,74,0,0,0,74
0x41e861,100%,0,124273,124273,0,0,0,124273
0x42a541,100%,0,37,37,0,0,0,37
0x429f4b,100%,0,37,37,0,0,0,37
0x43fb96,100%,0,37,37,0,0,0,37
0x43faf3,100%,0,37,37,37,0,0,0
0x41e7b2,100%,0,127689,127689,0,0,0,127689
0x403776,100%,0,6977,6977,6977,0,0,0
0x41e62b,100%,0,3962,3962,0,0,0,3962
0x403928,100%,0,6,6,0,0,0,6
0x4a48ab,100%,0,5940,5940,0,0,0,5940
0x4a48d4,100%,0,5940,5940,0,0,0,5940
0x41ff5e,100%,0,82,82,0,0,0,82
0x494915,100%,0,16,16,0,0,0,16
0x4998c8,100%,0,42,42,0,0,0,42
0x40477b,100%,0,1099,1099,0,0,0,1099
0x402dd8,100%,0,1163,1163,0,0,0,1163
0x4a47e9,100%,0,11891,11891,11891,0,0,0
0x402997,100%,0,1916,1916,0,0,0,1916
0x494c3c,100%,0,11,11,0,0,0,11
0x41e784,100%,0,7032,7032,7032,0,0,0
0x4552fa,100%,0,37,37,0,0,0,37
0x4a488e,100%,0,5940,5940,5940,0,0,0
0x454c72,100%,0,30,30,0,0,0,30
0x416183,100%,0,44355,44355,0,0,0,44355
0x4c4bfb,100%,0,2989,2989,0,0,0,2989
0x41dc4e,100%,0,1166,1166,1166,0,0,0
0x48ecd7,100%,0,46,46,0,0,0,46
0x41ec34,100%,0,41,41,0,0,0,41
0x402cfc,100%,0,61324,61324,0,0,0,61324
0x4c4b02,100%,0,3154,3154,3154,0,0,0
0x45a40e,100%,0,444,444,444,0,0,0
0x40286c,100%,0,1916,1916,1916,0,0,0
0x4a6152,100%,0,911,911,0,0,0,911
0x43fc63,100%,0,37,37,0,0,0,37
0x446a3e,100%,0,74,74,0,0,0,74
0x429dc7,100%,0,37,37,37,0,0,0
0x402b11,100%,0,2292,2292,0,0,0,2292
0x41e1c9,100%,0,40,40,0,0,0,40
0x40c09c,100%,0,37,37,0,0,0,37
0x45e60e,100%,0,74,74,0,0,0,74
0x4a5c2a,100%,0,9808,9808,0,0,0,9808
0x4c4b58,100%,0,2699,2699,2699,0,0,0
0x49210e,100%,0,16,16,0,0,0,16
0x45532b,100%,0,37,37,37,0,0,0
0x402824,100%,0,1916,1916,1916,0,0,0
0x416cf4,100%,0,7053,7053,0,0,0,7053
0x41f559,100%,0,10,10,0,0,0,10
0x4a5e86,100%,0,10080,10080,0,0,0,10080
0x4c4e1b,100%,0,2473,2473,0,0,0,2473
0x4a4807,100%,0,11891,11891,0,0,0,11891
0x403753,100%,0,7032,7032,0,0,0,7032
0x49471b,100%,0,16,16,0,0,0,16
0x460ad6,100%,0,37,37,0,0,0,37
0x454aab,100%,0,26,26,0,0,0,26
0x4a49a3,100%,0,5932,5932,0,0,0,5932
