Branch PC,Accuracy,Mispredictions,Correct Predictions,Total,dir_t_pred_t,dir_t_pred_nt,dir_nt_pred_t,dir_nt_pred_nt
aggregate,98.7798%,279641,22637333,22916974,12839663,123711,155930,9797670
0xa7838e,88.6661%,13225,103460,116685,95712,4149,9076,7748
0x65245a,88.4504%,6632,50790,57422,47285,1934,4698,3505
0xa305cd,88.4268%,6312,48228,54540,20276,3334,2978,27952
0xa77dc5,87.1263%,6149,41615,47764,11296,3710,2439,30319
0xa39395,81.9594%,5204,23642,28846,12581,2410,2794,11061
0x652b74,95.0553%,4456,85661,90117,29079,3567,889,56582
0xa39282,86.4002%,3923,24923,28846,16549,2229,1694,8374
0xa77da5,94.379%,3876,65080,68956,19084,2108,1768,45996
0x62358e,93.0288%,3625,48375,52000,37673,2902,723,10702
0xa7827d,89.9109%,3543,31574,35117,12766,1732,1811,18808
0xa761d8,93.5209%,3178,45872,49050,7350,1958,1220,38522
0x64dac3,98.8196%,2833,237167,240000,200480,1434,1399,36687
0xa76a95,86.6905%,2832,18446,21278,5774,1646,1186,12672
0xa77fb5,94.2847%,2828,46653,49481,24757,1562,1266,21896
0x655562,98.8433%,2816,240637,243453,229017,921,1895,11620
0xa76290,81.571%,2752,12181,14933,4102,1549,1203,8079
0xa78397,84.0585%,2682,14142,16824,6721,1303,1379,7421
0x6527eb,97.568%,2648,106232,108880,22533,2076,572,83699
0xa77fec,89.7133%,2318,20216,22534,17705,879,1439,2511
0xa76aa1,85.9504%,1947,11911,13858,7314,849,1098,4597
0x654fbe,98.3791%,1928,117017,118945,110424,318,1610,6593
0x654545,98.601%,1923,135531,137454,128676,257,1666,6855
0xa77ffd,88.5945%,1877,14580,16457,1045,1274,603,13535
0x62362e,96.4154%,1864,50136,52000,38356,644,1220,11780
0xa78154,82.0236%,1846,8423,10269,2433,1131,715,5990
0x655da6,96.6367%,1790,51432,53222,39259,448,1342,12173
0x65494c,98.6205%,1661,118747,120408,111707,181,1480,7040
0xa762de,86.8471%,1609,10624,12233,2561,920,689,8063
0x64dace,95.8778%,1570,36516,38086,21351,735,835,15165
0xa304d2,97.6671%,1534,64222,65756,19041,1318,216,45181
0x927d6c,97.7053%,1529,65104,66633,62949,500,1029,2155
0x9283a5,68.7642%,1514,3333,4847,225,1021,493,3108
0xa762d6,90.3636%,1439,13494,14933,1744,956,483,11750
0xa7697f,97.0028%,1429,46249,47678,25041,655,774,21208
0xa39234,95.8351%,1344,30926,32270,13984,647,697,16942
0x652bf9,71.6453%,1327,3353,4680,1114,747,580,2239
0xa7631b,97.3231%,1313,47737,49050,43622,523,790,4115
0x64ede2,96.1779%,1272,32008,33280,31778,222,1050,230
0x652ac5,98.6365%,1272,92018,93290,87713,730,542,4305
0x652614,94.8596%,1265,23344,24609,18218,426,839,5126
0x652462,84.7982%,1247,6956,8203,3429,673,574,3527
0x64daf9,97.9567%,1226,58774,60000,58773,27,1199,1
0xa76a4a,94.3886%,1194,20084,21278,17581,411,783,2503
0x652717,97.3608%,1112,41022,42134,12777,648,464,28245
0x654ffe,99.0836%,1090,117855,118945,110574,168,922,7281
0xa76269,91.6537%,1021,11212,12233,6150,543,478,5062
0xa2e900,97.4741%,952,36737,37689,34388,422,530,2349
0x92813a,90.566%,895,8592,9487,5934,370,525,2658
0x8bf414,91.4712%,887,9513,10400,5765,589,298,3748
0x8bff21,91.6635%,867,9533,10400,5759,595,272,3774
0xa768f5,98.7557%,858,68098,68956,20872,406,452,47226
0x652b7f,99.0501%,856,89261,90117,85053,384,472,4208
0x65c95b,91.8846%,844,9556,10400,5991,612,232,3565
0x9282b4,97.0861%,835,27821,28656,23494,315,520,4327
0x64f32f,97.4663%,827,31813,32640,31813,11,816,0
0x654ed5,91.5833%,816,8879,9695,957,535,281,7922
0x926a87,81.351%,762,3324,4086,763,610,152,2561
0x645e98,92.7308%,756,9644,10400,5751,603,153,3893
0x645310,92.7404%,755,9645,10400,5789,565,190,3856
0x64bee9,95.3625%,742,15258,16000,9938,605,137,5320
0x65ddb4,93.2308%,704,9696,10400,9385,201,503,311
0xa78296,96.5367%,698,19456,20154,772,469,229,18684
0xa2e87b,98.1639%,692,36997,37689,35843,279,413,1154
0x63b1c3,95.9286%,684,16116,16800,14671,330,354,1445
0xa39242,97.8928%,680,31590,32270,2936,488,192,28654
0x6525eb,97.4746%,678,26169,26847,1684,554,124,24485
0xa78147,96.4378%,662,17922,18584,8029,286,376,9893
0x6561d9,95.1313%,658,12857,13515,336,328,330,12521
0x65d9f3,93.7981%,645,9755,10400,9387,199,446,368
0x65db63,93.8654%,638,9762,10400,9401,185,453,361
0x8c39f1,94.75%,630,11370,12000,9918,82,548,1452
0x65df04,94%,624,9776,10400,9421,165,459,355
0x658b1c,94.1058%,613,9787,10400,3309,211,402,6478
0xa77e20,98.3397%,601,35597,36198,630,389,212,34967
0x8bf3dc,94.2404%,599,9801,10400,8963,296,303,838
0x92851b,87.745%,594,4253,4847,2877,221,373,1376
0x65ec23,94.2981%,593,9807,10400,6097,405,188,3710
0x65271e,97.9414%,591,28118,28709,17264,261,330,10854
0x652bb6,99.352%,584,89533,90117,85087,350,234,4446
0x9283f9,83.8101%,583,3018,3601,229,381,202,2789
0x8bfe9c,94.5096%,571,9829,10400,8962,297,274,867
0xa8209e,99.9074%,563,607369,607932,604070,213,350,3299
0xa782bb,96.8709%,555,17182,17737,2820,318,237,14362
0x75af72,56.3448%,547,706,1253,201,313,234,505
0x642bd6,94.8654%,534,9866,10400,8997,262,272,869
0xa304ef,99.1432%,531,61445,61976,7157,279,252,54288
0x64ed43,96.5519%,531,14869,15400,14137,15,516,732
0xa30629,99.0356%,526,54014,54540,19308,319,207,34706
0x8c4f66,95.9538%,526,12474,13000,12474,26,500,0
0x64ef36,94.9808%,522,9878,10400,6496,384,138,3382
0x643206,94.9904%,521,9879,10400,8988,271,250,891
0x643016,95%,520,9880,10400,8989,270,250,891
0x65ead3,95.0192%,518,9882,10400,6143,359,159,3739
0x8c5364,96.0154%,518,12482,13000,12482,18,500,0
0x6437af,95.0673%,513,9887,10400,8984,275,238,903
0x642e26,95.0962%,510,9890,10400,8997,262,248,893
0x6434c4,95.1154%,508,9892,10400,920,221,287,8972
0x6433f4,95.1346%,506,9894,10400,912,229,277,8982
0x643654,95.1442%,505,9895,10400,889,252,253,9006
0x643324,95.1538%,504,9896,10400,894,247,257,9002
0x6435a4,95.1635%,503,9897,10400,898,243,260,8999
0x8c0c84,92.2615%,503,5997,6500,1877,304,199,4120
0x63d558,95.1731%,502,9898,10400,8964,295,207,934
0x8c737b,98.8235%,500,42000,42500,42000,0,500,0
0x8c72fb,98.8235%,500,42000,42500,42000,0,500,0
0x6429c6,95.2212%,497,9903,10400,9010,249,248,893
0x63d678,95.2404%,495,9905,10400,8967,292,203,938
0xa30530,99.0979%,492,54048,54540,3521,330,162,50527
0x632d6e,97.9103%,489,22911,23400,22911,21,468,0
0x63c258,95.3173%,487,9913,10400,8942,317,170,971
0xa77e3a,98.6213%,485,34694,35179,34245,79,406,449
0x9fb655,92.7653%,484,6206,6690,5439,140,344,767
0x65c91d,95.4038%,478,9922,10400,9355,231,247,567
0x926a76,90.2653%,477,4423,4900,3829,257,220,594
0x63d8c9,95.4327%,475,9925,10400,8984,275,200,941
0x63da28,95.4519%,473,9927,10400,8949,310,163,978
0x632dee,97.9915%,470,22930,23400,22930,2,468,0
0xa22300,98.0714%,467,23747,24214,3468,288,179,20279
0x65e983,95.5673%,461,9939,10400,6162,340,121,3777
0xa8dbfc,92.7125%,457,5814,6271,5485,214,243,329
0x65263b,92.4392%,451,5514,5965,3960,141,310,1554
0x62359a,98.8959%,448,40127,40575,39958,112,336,169
0xa22380,97.8101%,448,20010,20458,356,405,43,19654
0x638515,93.3254%,446,6236,6682,5386,193,253,850
0x65846b,97.9666%,433,20861,21294,20416,59,374,445
0x64f0b3,95.8654%,430,9970,10400,3393,127,303,6577
0x928531,75.8719%,422,1327,1749,827,207,215,500
0x429839,95.9808%,418,9982,10400,9080,179,239,902
0x637d80,93.7743%,416,6266,6682,5397,182,234,869
0x64f2b6,97.4%,416,15584,16000,9793,381,35,5791
0xa8dc23,93.5098%,407,5864,6271,5394,180,227,470
0x637cc2,93.9389%,405,6277,6682,5434,145,260,843
0x64f015,96.2404%,391,10009,10400,6591,289,102,3418
0x8c0c74,96.23%,377,9623,10000,3255,245,132,6368
0xa8dc0c,94.0201%,375,5896,6271,5533,186,189,363
0x429895,96.4038%,374,10026,10400,6199,45,329,3827
0x63afb3,86.9643%,365,2435,2800,1701,98,267,734
0xa3885d,99.6244%,364,96555,96919,170,267,97,96385
0xa8dc34,94.1955%,364,5907,6271,1763,193,171,4144
0x638441,94.7172%,353,6329,6682,5431,148,205,898
0xa24136,98.5913%,341,23865,24206,2075,238,103,21790
0x6550d1,84.8525%,339,1899,2238,989,130,209,910
0x65289f,99.7977%,335,165229,165564,140809,146,189,24420
0xa76b08,97.5898%,334,13524,13858,10246,115,219,3278
0x92a4a9,98.8589%,327,28329,28656,25318,154,173,3011
0xa393c3,98.8872%,321,28525,28846,8542,196,125,19983
0x637716,91.8029%,316,3539,3855,3539,59,257,0
0xa24a29,70.0478%,313,732,1045,376,192,121,356
0xa82002,99.6483%,307,86974,87281,14830,179,128,72144
0xa8dbf7,99.6517%,296,84680,84976,81368,162,134,3312
0xa2424c,98.6525%,295,21598,21893,21347,41,254,251
0xa9168c,91.7693%,294,3278,3572,3177,69,225,101
0x63ae73,87.9583%,289,2111,2400,1477,65,224,634
0x8c56ef,97.8154%,284,12716,13000,12478,22,262,238
0x4299b5,97.2788%,283,10117,10400,9953,47,236,164
0xa81ffc,99.704%,283,95317,95600,8145,174,109,87172
0x618b91,95.9514%,280,6636,6916,6587,63,217,49
0x9281ad,97.0591%,279,9208,9487,9078,44,235,130
0xa82075,96.7304%,272,8047,8319,4611,59,213,3436
0x92c61a,97.4231%,268,10132,10400,9899,118,150,233
0x62364f,97.9462%,267,12733,13000,12733,7,260,0
0x5e8d62,90.7446%,266,2608,2874,1325,112,154,1283
0x6585a0,98.7602%,264,21030,21294,20454,21,243,576
0x62338a,98%,260,12740,13000,12740,0,260,0
0x8c4831,98.0231%,257,12743,13000,12435,65,192,308
0x655319,98.1132%,255,13260,13515,6790,81,174,6470
0x7a9862,97.5673%,253,10147,10400,9619,81,172,528
0x64c024,94.7292%,253,4547,4800,34,195,58,4513
0xa782af,98.6533%,250,18314,18564,648,179,71,17666
0xa30a98,98.5699%,249,17162,17411,16710,77,172,452
0x64cb91,98.4625%,246,15754,16000,210,156,90,15544
0xa7800a,98.2954%,241,13897,14138,12531,105,136,1366
0x9f5cff,95.4803%,239,5049,5288,4799,37,202,250
0xa76ad3,95.8385%,237,5458,5695,3400,135,102,2058
0xa7817d,96.4802%,236,6469,6705,5165,118,118,1304
0x64b89d,98.5812%,227,15773,16000,3610,214,13,12163
0x64b8ed,98.5875%,226,15774,16000,15575,25,201,199
0x8b7dca,97.7464%,225,9759,9984,9759,17,208,0
0x65274e,99.8659%,222,165342,165564,140866,89,133,24476
0x75c75b,33.7349%,220,112,332,47,119,101,65
0xa393dc,99.2512%,216,28630,28846,6301,116,100,22329
0x8b8036,96.5705%,214,6026,6240,6026,6,208,0
0x8c59c4,98.3769%,211,12789,13000,12493,7,204,296
0xa76a81,93.7005%,207,3079,3286,2366,114,93,713
0xa78246,99.2135%,207,26112,26319,917,102,105,25195
0x6528bf,98.8245%,206,17319,17525,9603,92,114,7716
0xa8dc4a,96.7629%,203,6068,6271,1499,83,120,4569
0x5e8d7a,93.0063%,201,2673,2874,2241,54,147,432
0x9f9955,94.429%,201,3407,3608,1431,135,66,1976
0x5943b3,92.8419%,201,2607,2808,15,193,8,2592
0x63bdbf,98.1154%,196,10204,10400,10184,8,188,20
0x64ed4f,84.375%,195,1053,1248,528,48,147,525
0x5e8463,81.286%,195,847,1042,427,94,101,420
0xa24461,84.38%,194,1048,1242,992,53,141,56
0x614e4c,97.2094%,193,6723,6916,6650,0,193,73
0xa76b45,97.4476%,190,7254,7444,4639,119,71,2615
0x63bedf,98.1923%,188,10212,10400,10184,8,180,28
0x652ae9,96.1626%,186,4661,4847,0,167,19,4661
0x63bd3f,98.2115%,186,10214,10400,10189,3,183,25
0x5f3579,90.6377%,185,1791,1976,1602,70,115,189
0xa24415,92.045%,184,2129,2313,967,104,80,1162
0x5f0cb4,96.0549%,181,4407,4588,4398,6,175,9
0x96108b,98.3153%,179,10446,10625,10446,54,125,0
0x63bf6f,98.2885%,178,10222,10400,10170,22,156,52
0x8c4ef9,99.6596%,177,51823,52000,10282,118,59,41541
0x9f5df8,81.524%,177,781,958,66,134,43,715
0x9f5cbb,98.206%,177,9689,9866,8316,92,85,1373
0x64f0c6,98.3077%,176,10224,10400,10179,13,163,45
0x64e79e,97.8554%,175,7985,8160,7829,11,164,156
0xa245ad,82.5826%,174,825,999,240,98,76,585
0x8c4a1d,98.6846%,171,12829,13000,12487,13,158,342
0xa30954,99.165%,170,20189,20359,17323,88,82,2866
0x927d8e,99.7336%,169,63280,63449,57089,57,112,6191
0x9fa8f5,98.843%,166,14181,14347,14134,22,144,47
0x8c07c9,79.5%,164,636,800,121,99,65,515
0xa246c9,75.4917%,162,499,661,33,132,30,466
0x9f99be,99.0631%,162,17129,17291,16702,22,140,427
0xa7807b,84.378%,162,875,1037,608,87,75,267
0x8c3a7a,94.6667%,160,2840,3000,2446,54,106,394
0xa91682,95.2092%,158,3140,3298,3118,36,122,22
0x65c9c0,98.4808%,158,10242,10400,10186,6,152,56
0x8c5308,99.7%,156,51844,52000,10278,122,34,41566
0x64ef65,98.5096%,155,10245,10400,10179,13,142,66
0xa785f9,97.7535%,154,6701,6855,330,94,60,6371
0xa78289,99.2677%,151,20468,20619,376,89,62,20092
0x92c5ee,98.5481%,151,10249,10400,1064,86,65,9185
0xa77ec2,85.2797%,150,869,1019,776,96,54,93
0x8a7bca,98.632%,150,10815,10965,10813,23,127,2
0x63bfff,98.5673%,149,10251,10400,10191,1,148,60
0x636d6c,86.4914%,149,954,1103,780,66,83,174
0x63be4f,98.5673%,149,10251,10400,10187,5,144,64
0x8c462a,94.4231%,145,2455,2600,2455,45,100,0
0x5e8432,82.3815%,145,678,823,457,64,81,221
0x8c450a,94.4615%,144,2456,2600,2456,44,100,0
0x614c24,97.9612%,141,6775,6916,6617,33,108,158
0x636e3a,87.3073%,140,963,1103,810,36,104,153
0x63c9fc,97.5904%,140,5670,5810,5641,14,126,29
0x5e8d2f,93.6501%,139,2050,2189,1375,62,77,675
0xa393d1,99.5216%,138,28708,28846,18706,72,66,10002
0x8c617c,98.9462%,137,12863,13000,12479,21,116,384
0x6388e7,97.6764%,135,5675,5810,5633,22,113,42
0xa90e28,85.3261%,135,785,920,733,41,94,52
0x8c484e,73.2%,134,366,500,366,34,100,0
0xa77ea3,87.1443%,131,888,1019,242,73,58,646
0xa78574,98.3674%,131,7893,8024,6599,75,56,1294
0x64a8e0,95%,130,2470,2600,2470,30,100,0
0xa246eb,80.4841%,129,532,661,508,41,88,24
0xa3077f,99.7635%,129,54411,54540,3755,96,33,50656
0x636523,84.87%,128,718,846,554,40,88,164
0x637dd8,98.0994%,127,6555,6682,6400,25,102,155
0x64f032,98.7788%,127,10273,10400,10185,7,120,88
0x778148,84.7356%,127,705,832,616,8,119,89
0x8c62f9,74.8%,126,374,500,374,26,100,0
0x63b1ca,93.1629%,123,1676,1799,194,63,60,1482
0x5e847b,88.1958%,123,919,1042,787,30,93,132
0x658608,84.9817%,123,696,819,696,32,91,0
0x7785ae,80.7812%,123,517,640,428,60,63,89
0x8c459a,95.3462%,121,2479,2600,2479,21,100,0
0x8c43be,95.4231%,119,2481,2600,2453,47,72,28
0x8c3a95,76.2%,119,381,500,380,20,99,1
0x63c285,98.8654%,118,10282,10400,10184,8,110,98
0x756357,62.3003%,118,195,313,35,70,48,160
0x639563,70.5%,118,282,400,102,67,51,180
0x960df0,99.1269%,118,13397,13515,13334,22,96,63
0x5f1b7e,94.2982%,117,1935,2052,45,88,29,1890
0xa30c08,99.303%,117,16670,16787,16557,22,95,113
0x5f1b3a,94.347%,116,1936,2052,1073,52,64,863
0x92795f,94.6886%,116,2068,2184,644,84,32,1424
0x8c51f3,95.5385%,116,2484,2600,2484,16,100,0
0x92629d,71%,116,284,400,7,83,33,277
0x8c629b,99.1077%,116,12884,13000,12483,17,99,401
0xa245b8,82.6021%,115,546,661,316,56,59,230
0x65ddf0,95.6154%,114,2486,2600,2486,14,100,0
0x926ab4,97.6939%,113,4787,4900,4787,15,98,0
0x92917d,98.7339%,113,8812,8925,8788,32,81,24
0xa762c3,98.7826%,113,9169,9282,8532,60,53,637
0x65da24,95.6538%,113,2487,2600,2487,13,100,0
0x63d6a0,98.9135%,113,10287,10400,10184,8,105,103
0x64a000,95.6923%,112,2488,2600,2486,14,98,2
0x658936,95.2663%,112,2254,2366,2252,23,89,2
0x92c608,98.9327%,111,10289,10400,1389,61,50,8900
0x8c572f,78%,110,390,500,389,11,99,1
0x8c4b2e,95.7692%,110,2490,2600,2489,11,99,1
0x8c5e99,95.64%,109,2391,2500,2391,9,100,0
0x63a593,72.75%,109,291,400,106,63,46,185
0xa224de,92.4463%,109,1334,1443,34,71,38,1300
0x8c552b,95.64%,109,2391,2500,2391,9,100,0
0x63a124,73%,108,292,400,104,65,43,188
0x65e1ce,95.8462%,108,2492,2600,2492,8,100,0
0x8c6707,95.68%,108,2392,2500,2392,8,100,0
0x9e16a8,99.4375%,108,19092,19200,18791,25,83,301
0x64b8a7,99.113%,108,12068,12176,70,94,14,11998
0x7a9881,95.8462%,108,2492,2600,2492,8,100,0
0x65db9c,95.8462%,108,2492,2600,2492,8,100,0
0x64a0e0,95.8462%,108,2492,2600,2480,20,88,12
0x63ab14,73.25%,107,293,400,94,75,32,199
0x8c4fe3,95.8846%,107,2493,2600,2493,7,100,0
0xa8dce8,99.8753%,107,85715,85822,78809,61,46,6906
0x64de2c,97.35%,106,3894,4000,3894,6,100,0
0x926b53,69.7143%,106,244,350,8,61,45,236
0x8c0688,73.5%,106,294,400,39,71,35,255
0x8c5a7e,78.8%,106,394,500,394,6,100,0
0x8c5f82,95.9231%,106,2494,2600,2494,6,100,0
0x7685ed,66.0256%,106,206,312,158,50,56,48
0x8c46ba,95.9231%,106,2494,2600,2494,6,100,0
0x8c5f13,95.9231%,106,2494,2600,2494,6,100,0
0x961249,99.2157%,106,13409,13515,13344,12,94,65
0x63b1f9,97.4762%,106,4094,4200,4094,22,84,0
0x8c5174,95.9615%,105,2495,2600,2495,5,100,0
0x65df3f,95.9615%,105,2495,2600,2495,5,100,0
0x63d584,99%,104,10296,10400,10171,21,83,125
0x614b30,98.4962%,104,6812,6916,6644,6,98,168
0x8c50e3,96%,104,2496,2600,2496,4,100,0
0x9282db,97.8543%,104,4743,4847,3613,37,67,1130
0x8c4473,96%,104,2496,2600,2496,4,100,0
0xa820aa,99.3071%,104,14905,15009,14814,49,55,91
0xa233a0,80.597%,104,432,536,220,58,46,212
0x63c9c5,98.2578%,103,5809,5912,5788,22,81,21
0xa7801b,93.1425%,103,1399,1502,993,44,59,406
0x8c5064,96.0385%,103,2497,2600,2497,3,100,0
0x65ec58,96.0385%,103,2497,2600,2492,8,95,5
0x637d18,98.4585%,103,6579,6682,6392,33,70,187
0x63d90b,99.0192%,102,10298,10400,10180,12,90,118
0xa77fe7,99.5596%,102,23060,23162,555,73,29,22505
0x64df26,97.45%,102,3898,4000,3898,2,100,0
0x5f1b98,94.6847%,102,1817,1919,83,69,33,1734
0x65efe3,96.0769%,102,2498,2600,2498,2,100,0
0x65eec3,96.0769%,102,2498,2600,2498,2,100,0
0xa7621a,97.0985%,101,3380,3481,3250,47,54,130
0x65e043,96.1154%,101,2499,2600,2499,1,100,0
0x8c4a3f,79.8%,101,399,500,399,1,100,0
0x8c4cce,96.1154%,101,2499,2600,2488,12,89,11
0x65e308,96.1154%,101,2499,2600,2499,1,100,0
0x65e5c3,96.1538%,100,2500,2600,2500,0,100,0
0x65e762,96.1538%,100,2500,2600,2500,0,100,0
0x65e499,96.1538%,100,2500,2600,2500,0,100,0
0x8c5496,96.1538%,100,2500,2600,2493,7,93,7
0x639c03,75%,100,300,400,90,53,47,210
0x64deda,97.5%,100,3900,4000,3900,0,100,0
0x638880,98.3085%,100,5812,5912,5798,12,88,14
0x8c075b,75.25%,99,301,400,43,67,32,258
0x65ed4c,96.1923%,99,2501,2600,2499,1,98,2
0x64bf69,99.3812%,99,15901,16000,11945,55,44,3956
0x5e8ca3,86.8351%,99,653,752,542,37,62,111
0x64db04,91.8333%,98,1102,1200,1102,18,80,0
0x64cc92,97.55%,98,3902,4000,3902,18,80,0
0x658b2c,99.0577%,98,10302,10400,7744,56,42,2558
0x9fb682,98.5351%,98,6592,6690,6409,22,76,183
0x63858b,98.5483%,97,6585,6682,6412,13,84,173
0x75631a,75.5051%,97,299,396,275,15,82,24
0x618ce0,98.6119%,96,6820,6916,6622,28,68,198
0x9ff032,99.8681%,96,72704,72800,71325,19,77,1379
0xa24c41,66.3158%,96,189,285,157,36,60,32
0x8c13ad,76%,96,304,400,44,66,30,260
0xa7623d,99.2234%,95,12138,12233,11519,28,67,619
0x63a317,76.25%,95,305,400,86,57,38,219
0x756349,76.0101%,95,301,396,31,52,43,270
0x64cbfe,99.4062%,95,15905,16000,1065,60,35,14840
0x75a8df,84.7756%,95,529,624,429,39,56,100
0x65654d,96.5455%,95,2655,2750,40,85,10,2615
0x5e8069,85.381%,94,549,643,437,33,61,112
0x6369a9,98.5932%,94,6588,6682,6405,20,74,183
0x598087,97.3416%,94,3442,3536,3386,14,80,56
0x637dc0,98.5932%,94,6588,6682,6240,35,59,348
0x755feb,80.7377%,94,394,488,26,66,28,368
0x7a8dde,76.75%,93,307,400,103,45,48,204
0x636c53,63.8132%,93,164,257,69,62,31,95
0x63a734,77%,92,308,400,105,64,28,203
0x6338ce,92.3333%,92,1108,1200,1108,12,80,0
0x636a79,98.6381%,91,6591,6682,6397,28,63,194
0x8c3404,77.25%,91,309,400,59,51,40,250
0x64a070,96.5%,91,2509,2600,2492,8,83,17
0xa782a2,99.5241%,90,18823,18913,275,74,16,18548
0xa78606,98.6871%,90,6765,6855,5572,57,33,1193
0x65eb09,96.5385%,90,2510,2600,2497,3,87,13
0x63da7b,99.1346%,90,10310,10400,10181,11,79,129
0x618221,97.7227%,90,3862,3952,3786,14,76,76
0x64fb0d,97.775%,89,3911,4000,3911,9,80,0
0x64bf77,97.775%,89,3911,4000,3907,13,76,4
0x64c649,97.775%,89,3911,4000,3911,9,80,0
0x8c3c68,82.4%,88,412,500,357,43,45,55
0x8c3a41,99.2667%,88,11912,12000,9960,40,48,1952
0x6393f4,78.25%,87,313,400,82,61,26,231
0x9f5cbf,94.0329%,87,1371,1458,954,32,55,417
0x64f20b,99.9899%,86,848554,848640,815982,18,68,32572
0x649f80,96.6923%,86,2514,2600,2489,11,75,25
0x8c090d,78.5%,86,314,400,57,53,33,257
0x9f5e8b,80.0926%,86,346,432,93,57,29,253
0x5a8d05,90.2968%,85,791,876,4,46,39,787
0x7699f6,79.5673%,85,331,416,284,28,57,47
0x64c779,97.9%,84,3916,4000,3916,4,80,0
0x615198,99.4686%,84,15724,15808,15183,17,67,541
0x64ec52,99.6135%,82,21134,21216,20378,6,76,756
0x64fa8d,97.95%,82,3918,4000,3918,2,80,0
0x42992a,88.9339%,82,659,741,576,41,41,83
0x7a8edc,78.6458%,82,302,384,32,52,30,270
0x645fb0,99.2212%,81,10319,10400,7768,32,49,2551
0x429ea4,79.75%,81,319,400,58,52,29,261
0x7a9233,77.9891%,81,287,368,116,45,36,171
0x8c0c9e,96.2861%,81,2100,2181,2060,21,60,40
0x8c08b4,89.875%,81,719,800,581,19,62,138
0x64c042,93.25%,81,1119,1200,1119,1,80,0
0x63c2fa,99.2212%,81,10319,10400,9977,23,58,342
0x613d1a,96.8051%,80,2424,2504,2400,8,72,24
0x64d982,93.3333%,80,1120,1200,1107,13,67,13
0x642c0a,99.2308%,80,10320,10400,7762,38,42,2558
0x643235,99.2308%,80,10320,10400,7759,41,39,2561
0x5e8a85,72.3183%,80,209,289,145,38,42,64
0x8c0cca,99.21%,79,9921,10000,7471,29,50,2450
0x6435cb,96.9615%,79,2521,2600,2521,27,52,0
0xa77eb4,88.7784%,79,625,704,65,41,38,560
0x65b02c,80.25%,79,321,400,284,6,73,37
0x5e8054,87.8694%,78,565,643,494,43,35,71
0xa24a4d,94.1353%,78,1252,1330,655,39,39,597
0x8c0e6e,74%,78,222,300,72,38,40,150
0x778b85,90.25%,78,722,800,583,17,61,139
0x66efc2,93.5%,78,1122,1200,1112,8,70,10
0x64dbd7,93.5833%,77,1123,1200,1111,9,68,12
0x63cfb5,80.75%,77,323,400,100,43,34,223
0x617f60,98.0516%,77,3875,3952,3789,11,66,86
0x5e8a9a,73.7024%,76,213,289,178,34,42,35
0x928665,98.432%,76,4771,4847,4639,49,27,132
0x643801,99.2692%,76,10324,10400,7752,48,28,2572
0x633ede,93.6667%,76,1124,1200,1113,7,69,11
0x4298f1,99.2788%,75,10325,10400,8230,33,42,2095
0x7a96ae,79.6196%,75,293,368,105,42,33,188
0x618fa1,98.9156%,75,6841,6916,6649,1,74,192
0x6512b8,93.75%,75,1125,1200,1116,4,71,9
0xa245a3,92.9972%,75,996,1071,13,59,16,983
0x64f266,99.9912%,75,848565,848640,815979,21,54,32586
0x643061,97.1538%,74,2526,2600,2526,22,52,0
0x65532f,98.8862%,74,6570,6644,6569,7,67,1
0x7a94fd,79.8913%,74,294,368,38,43,31,256
0x598dfc,82.2115%,74,342,416,29,27,47,313
0x64bd99,93.8333%,74,1126,1200,1113,7,67,13
0x8bff2d,98.8354%,74,6280,6354,6228,19,55,52
0x63cf38,81.5%,74,326,400,231,26,48,95
0x618e40,98.93%,74,6842,6916,6649,1,73,193
0x5e8397,75.8278%,73,229,302,190,35,38,39
0x9f8d92,98.9101%,73,6625,6698,6418,19,54,207
0xa24d33,74.7368%,72,213,285,41,47,25,172
0x639f84,82%,72,328,400,101,42,30,227
0x643407,99.3077%,72,10328,10400,7781,19,53,2547
0x89fe21,91.3462%,72,760,832,581,43,29,179
0x63a8c3,82.25%,71,329,400,105,38,33,224
0x60367b,95.7332%,71,1593,1664,1587,13,58,6
0x63c6e6,82.25%,71,329,400,232,25,46,97
0xa76302,97.3704%,71,2629,2700,35,50,21,2594
0x658b38,97.2692%,71,2529,2600,2528,20,51,1
0x8bf458,99.3173%,71,10329,10400,7769,31,40,2560
0x65d7ef,97.2692%,71,2529,2600,2496,4,67,33
0x63c7c2,98.9524%,70,6612,6682,6401,24,46,211
0x89fe03,79.1667%,70,266,336,6,48,22,260
0x7a9339,80.9783%,70,298,368,21,50,20,277
0x65e9bd,97.3077%,70,2530,2600,2498,2,68,32
0xa90e38,98.6842%,69,5175,5244,4790,36,33,385
0x643676,97.3462%,69,2531,2600,2531,17,52,0
0x649f00,97.3462%,69,2531,2600,2483,17,52,48
0x63c174,99.3365%,69,10331,10400,10174,18,51,157
0x639a13,82.75%,69,331,400,98,45,24,233
0x6372e7,98.2101%,69,3786,3855,3574,24,45,212
0xa232a0,87.3134%,68,468,536,245,40,28,223
0x7b2fac,67.3077%,68,140,208,14,28,40,126
0x590b0e,91.8269%,68,764,832,591,33,35,173
0x65da0d,99.3462%,68,10332,10400,7762,38,30,2570
0x66eed2,94.3333%,68,1132,1200,1118,2,66,14
0x929945,99.4969%,68,13447,13515,13344,12,56,103
0x8c4dee,97.4231%,67,2533,2600,2491,9,58,42
0xa76b39,99.6851%,67,21211,21278,13815,19,48,7396
0x75c3ae,61.9318%,67,109,176,108,24,43,1
0x659ba6,97.4231%,67,2533,2600,2533,15,52,0
0x8bf475,97.4615%,66,2534,2600,2534,14,52,0
0x614d38,99.0457%,66,6850,6916,6641,9,57,209
0xa782c8,99.5479%,66,14533,14599,221,37,29,14312
0x6180c0,98.33%,66,3886,3952,3788,12,54,98
0x643337,99.3654%,66,10334,10400,7763,37,29,2571
0x7563c6,86.4754%,66,422,488,336,30,36,86
0x63dbdb,99.3654%,66,10334,10400,10190,2,64,144
0x642e55,99.3654%,66,10334,10400,7771,29,37,2563
0x645c15,97.5%,65,2535,2600,2535,13,52,0
0x7a9c72,83.75%,65,335,400,8,45,20,327
0x9f5de8,74.8062%,65,193,258,164,36,29,29
0x75d56a,92.6136%,65,815,880,623,37,28,192
0x5e8cd4,91.3564%,65,687,752,127,46,19,560
0x778578,91.875%,65,735,800,126,34,31,609
0x6031db,97.1591%,65,2223,2288,2188,12,53,35
0x6429f0,97.5%,65,2535,2600,2535,13,52,0
0x8c5a3b,99.488%,64,12436,12500,11994,6,58,442
0x7aae28,69.2308%,64,144,208,123,43,21,21
0x8c104c,84%,64,336,400,255,35,29,81
0x64304a,99.3846%,64,10336,10400,7781,19,45,2555
0x64a980,97.5385%,64,2536,2600,2495,5,59,41
0x8bffd1,99.3846%,64,10336,10400,7757,43,21,2579
0x63a413,84%,64,336,400,102,41,23,234
0x7a95ba,82.6087%,64,304,368,21,43,21,283
0x758ead,69.2308%,64,144,208,114,39,25,30
0x659a77,97.5385%,64,2536,2600,2536,12,52,0
0x59907c,84.8558%,63,353,416,27,37,26,326
0x929b09,98.1132%,63,3276,3339,3171,9,54,105
0x5f1a6b,96.9298%,63,1989,2052,85,39,24,1904
0x927103,95.5128%,63,1341,1404,1341,9,54,0
0x6434ed,97.5769%,63,2537,2600,2537,11,52,0
0x759274,69.7115%,63,145,208,136,20,43,9
0x5e83d4,79.1391%,63,239,302,36,41,22,203
0x597f86,95.7418%,62,1394,1456,1389,11,51,5
0x6457f1,97.6154%,62,2538,2600,2538,10,52,0
0x8c0cd2,97.52%,62,2438,2500,2384,16,46,54
0x642e6c,97.6154%,62,2538,2600,2538,10,52,0
0x6373e7,91.6555%,62,681,743,219,38,24,462
0x8bf420,99.0242%,62,6292,6354,6226,21,41,66
0x646bde,97.6538%,61,2539,2600,2539,9,52,0
0x9ff049,95.8104%,61,1395,1456,1084,8,53,311
0x7684c8,80.4487%,61,251,312,196,29,32,55
0x9260f4,97.6538%,61,2539,2600,2539,9,52,0
0x644088,97.6538%,61,2539,2600,2539,9,52,0
0x8c4b1d,99.4135%,61,10339,10400,7761,39,22,2578
0x92984e,97.6762%,61,2564,2625,2492,8,53,72
0x761e03,53.7879%,61,71,132,38,50,11,33
0x75a868,90.3846%,60,564,624,498,23,37,66
0x650094,95%,60,1140,1200,1115,5,55,25
0x64324c,97.6923%,60,2540,2600,2540,8,52,0
0x429996,97.1923%,60,2077,2137,1993,44,16,84
0x641f6b,97.6923%,60,2540,2600,2540,8,52,0
0x6429df,99.4231%,60,10340,10400,7770,30,30,2570
0x645fe1,97.6923%,60,2540,2600,2539,9,51,1
0x642c21,97.6923%,60,2540,2600,2540,8,52,0
0x65df1e,99.4231%,60,10340,10400,7777,23,37,2563
0x5e6b1c,95.5556%,60,1290,1350,1290,10,50,0
0x66ede2,97.7308%,59,2541,2600,2541,7,52,0
0x646da9,97.7308%,59,2541,2600,2541,7,52,0
0x9f5cc3,87.5%,59,413,472,301,37,22,112
0x643810,97.7308%,59,2541,2600,2541,7,52,0
0x6445db,97.7308%,59,2541,2600,2541,7,52,0
0x5f5a79,82.0669%,59,270,329,202,19,40,68
0xa24b47,85.6098%,59,351,410,247,38,21,104
0x638482,99.117%,59,6623,6682,6420,5,54,203
0x64341b,97.7308%,59,2541,2600,2541,7,52,0
0x64b396,97.7308%,59,2541,2600,2541,7,52,0
0xa24931,94.4498%,58,987,1045,403,40,18,584
0x656519,80%,58,232,290,93,32,26,139
0x66ecf2,97.7692%,58,2542,2600,2542,6,52,0
0x64593d,97.7692%,58,2542,2600,2542,6,52,0
0x65d084,97.7692%,58,2542,2600,2542,6,52,0
0x5f5a41,95.9834%,58,1386,1444,1357,11,47,29
0x926c49,98.0339%,58,2892,2950,2881,10,48,11
0x63cc7a,99.132%,58,6624,6682,6407,18,40,217
0x756cce,72.1154%,58,150,208,84,32,26,66
0x42989b,98.6285%,57,4099,4156,4029,17,40,70
0x961116,98.2929%,57,3282,3339,3170,10,47,112
0x65c995,99.4519%,57,10343,10400,10272,27,30,71
0x92cb0d,97.8077%,57,2543,2600,2543,5,52,0
0x8c001b,97.8077%,57,2543,2600,2543,5,52,0
0x6464a9,97.8077%,57,2543,2600,2543,5,52,0
0x64b257,97.8077%,57,2543,2600,2543,5,52,0
0x64eea0,99.4519%,57,10343,10400,10186,6,51,157
0x8c3535,85.75%,57,343,400,268,32,25,75
0x7b0b3f,73.0769%,56,152,208,6,38,18,146
0x598831,95.5128%,56,1192,1248,1192,8,48,0
0x6468c9,97.8462%,56,2544,2600,2544,4,52,0
0x76b260,55.5556%,56,70,126,57,27,29,13
0x63cb7a,99.1619%,56,6626,6682,6410,15,41,216
0x8c3504,86%,56,344,400,257,33,23,87
0x644751,97.8462%,56,2544,2600,2544,4,52,0
0x646799,97.8462%,56,2544,2600,2544,4,52,0
0x617e11,98.583%,56,3896,3952,3795,5,51,101
0x7a924b,84.7826%,56,312,368,259,17,39,53
0x64334b,97.8462%,56,2544,2600,2544,4,52,0
0x645368,97.8462%,56,2544,2600,2543,5,51,1
0x4298e3,99.4615%,56,10344,10400,273,17,39,10071
0x65e99c,99.4615%,56,10344,10400,7757,43,13,2587
0x63439d,97.8462%,56,2544,2600,2544,4,52,0
0x63329d,97.8846%,55,2545,2600,2545,3,52,0
0xa90f3a,82.1429%,55,253,308,251,23,32,2
0x6490f3,83.631%,55,281,336,223,29,26,58
0x64cc67,99.6562%,55,15945,16000,11976,24,31,3969
0x76850f,82.3718%,55,257,312,131,19,36,126
0x6471c9,97.8846%,55,2545,2600,2545,3,52,0
0x926bb9,72.5%,55,145,200,114,27,28,31
0x65cea3,97.8846%,55,2545,2600,2545,3,52,0
0x760712,56.3492%,55,71,126,56,28,27,15
0xa8dd28,99.9325%,55,81475,81530,2782,43,12,78693
0x75d4e5,93.7931%,54,816,870,774,27,27,42
0x92cbc4,97.9231%,54,2546,2600,2546,2,52,0
0x5e682c,96%,54,1296,1350,1296,4,50,0
0x6474b9,97.9231%,54,2546,2600,2546,2,52,0
0x64533d,99.4808%,54,10346,10400,7784,16,38,2562
0x92c938,97.9231%,54,2546,2600,2546,2,52,0
0x768932,81.25%,54,234,288,173,39,15,61
0x647389,97.9231%,54,2546,2600,2546,2,52,0
0x646a9e,97.9231%,54,2546,2600,2546,2,52,0
0x607fcf,74.0385%,54,154,208,153,3,51,1
0x6465d9,97.9231%,54,2546,2600,2546,2,52,0
0x6e6b61,74.5192%,53,155,208,137,19,34,18
0x644438,97.9615%,53,2547,2600,2547,1,52,0
0x7b28f9,74.5192%,53,155,208,148,16,37,7
0x643955,97.9615%,53,2547,2600,2547,1,52,0
0x65ddcf,99.4904%,53,10347,10400,7784,16,37,2563
0x65d174,97.9615%,53,2547,2600,2547,1,52,0
0x643667,99.4904%,53,10347,10400,7773,27,26,2574
0xa224f5,97.7086%,53,2260,2313,1038,33,20,1222
0x8a7a33,66.6667%,53,106,159,14,40,13,92
0x6462e9,97.9615%,53,2547,2600,2547,1,52,0
0x63322d,97.9615%,53,2547,2600,2547,1,52,0
0x64425d,97.9615%,53,2547,2600,2547,1,52,0
0x646ed9,97.9615%,53,2547,2600,2547,1,52,0
0x634add,97.9615%,53,2547,2600,2547,1,52,0
0x8c0c93,99.1846%,53,6447,6500,4299,20,33,2148
0x643ebd,97.9615%,53,2547,2600,2547,1,52,0
0x647099,97.9615%,53,2547,2600,2547,1,52,0
0x92b195,98%,52,2548,2600,2548,0,52,0
0x926294,99.5%,52,10348,10400,9991,9,43,357
0x634a7d,98%,52,2548,2600,2548,0,52,0
0x5f4934,60.6061%,52,80,132,64,23,29,16
0x645b38,98%,52,2548,2600,2548,0,52,0
0x6435b7,99.5%,52,10348,10400,7778,22,30,2570
0xa22fa9,87.3171%,52,358,410,314,8,44,44
0x643cb0,98%,52,2548,2600,2548,0,52,0
0x645cc5,98%,52,2548,2600,2548,0,52,0
0x6461b9,98%,52,2548,2600,2548,0,52,0
0x66ec02,98%,52,2548,2600,2548,0,52,0
0x7a8dff,87%,52,348,400,289,11,41,59
0x65cd94,98%,52,2548,2600,2548,0,52,0
0x7aaf99,75.4808%,51,157,208,141,25,26,16
0x8c73da,99.88%,51,42449,42500,41988,12,39,461
0x42a6b6,58.871%,51,73,124,27,25,26,46
0x637f10,98.4735%,51,3290,3341,3077,7,44,213
0x758955,75.4808%,51,157,208,133,23,28,24
0x5f75b1,95.0292%,51,975,1026,975,13,38,0
0x5f4767,73.8462%,51,144,195,64,23,28,80
0x653672,97.2756%,51,1821,1872,1646,18,33,175
0x9f995a,97.5024%,51,1991,2042,1746,37,14,245
0x7b3025,75.4808%,51,157,208,132,24,27,25
0x8bebaa,75.4808%,51,157,208,126,30,21,31
0x9279a3,97.6648%,51,2133,2184,2070,23,28,63
0x75d3da,70.2381%,50,118,168,109,17,33,9
0x616b46,95.1267%,50,976,1026,974,14,36,2
0x66fb97,98.9583%,50,4750,4800,4470,10,40,280
0x7664f1,82.6389%,50,238,288,199,13,37,39
0x63cd8a,99.2517%,50,6632,6682,6422,3,47,210
0x4298a8,99.2131%,50,6304,6354,6225,22,28,79
0x64531c,99.2131%,50,6304,6354,6220,27,23,84
0x7ab007,75.9615%,50,158,208,141,15,35,17
0x64cbbf,99.6875%,50,15950,16000,224,33,17,15726
0x63d7b0,99.5192%,50,10350,10400,10187,5,45,163
0xa2280c,95.3315%,50,1021,1071,39,33,17,982
0x75988e,75.9615%,50,158,208,62,33,17,96
0x9270ef,99.1097%,50,5566,5616,4191,21,29,1375
0x593966,94.1106%,49,783,832,781,19,30,2
0x76e4e9,69.375%,49,111,160,89,31,18,22
0x92c653,99.5288%,49,10351,10400,7779,21,28,2572
0x59908c,88.2212%,49,367,416,301,11,38,66
0x927368,96.51%,49,1355,1404,1334,16,33,21
0xa3882f,99.9494%,49,96870,96919,0,0,49,96870
0x5e8437,83.7748%,49,253,302,41,36,13,212
0x616c89,95.2242%,49,977,1026,977,11,38,0
0x75efea,62.8788%,49,83,132,59,29,20,24
0x755fa8,76.4423%,49,159,208,142,14,35,17
0x64ed38,99.8528%,49,33231,33280,17852,28,21,15379
0x7586c7,76.9231%,48,160,208,123,33,15,37
0x64daef,99.98%,48,239952,240000,179977,23,25,59975
0x757fa9,76.9231%,48,160,208,138,30,18,22
0x5ea767,76.9231%,48,160,208,145,11,37,15
0x637267,98.7549%,48,3807,3855,3592,6,42,215
0x608612,97.4359%,48,1824,1872,1390,14,34,434
0x649ef2,99.5481%,47,10353,10400,7780,20,27,2573
0x926a93,96.5768%,47,1326,1373,1277,16,31,49
0x8c341e,88.25%,47,353,400,267,33,14,86
0x8c06ec,88.25%,47,353,400,275,25,22,78
0x616be9,95.4191%,47,979,1026,979,9,38,0
0x5f5439,75.8974%,47,148,195,71,16,31,77
0xa762cc,93.1884%,47,643,690,26,26,21,617
0x636af9,99.2966%,47,6635,6682,6415,10,37,220
0x65db7d,99.5481%,47,10353,10400,7786,14,33,2567
0x75ceed,73.2955%,47,129,176,112,20,27,17
0x667038,77.4038%,47,161,208,147,19,28,14
0x63731c,81.7121%,47,210,257,55,25,22,155
0x65d166,99.5481%,47,10353,10400,7760,40,7,2593
0x769842,88.9423%,46,370,416,23,28,18,347
0xa76224,75%,46,138,184,74,24,22,64
0x66fbf7,99.0417%,46,4754,4800,4470,10,36,284
0x603133,91.958%,46,526,572,524,26,20,2
0x5e8190,66.4234%,46,91,137,40,25,21,51
0x5994f1,98.1571%,46,2450,2496,1844,28,18,606
0xa230ba,88.7805%,46,364,410,133,26,20,231
0xa22846,93.0408%,46,615,661,513,23,23,102
0x5e8bcb,85.5799%,46,273,319,146,17,29,127
0x6637b6,98.2692%,45,2555,2600,2544,4,41,11
0x64cb36,99.7188%,45,15955,16000,10296,4,41,5659
0x636b7b,99.3265%,45,6637,6682,6414,11,34,223
0x5f7244,95.614%,45,981,1026,981,7,38,0
0x669c2c,78.3654%,45,163,208,145,21,24,18
0x65ec3c,99.5673%,45,10355,10400,7777,23,22,2578
0x639584,88.75%,45,355,400,287,13,32,68
0x620a5b,95.4453%,45,943,988,943,7,38,0
0x639c2f,88.75%,45,355,400,264,36,9,91
0x64592c,99.5769%,44,10356,10400,7774,26,18,2582
0x960e74,99.6744%,44,13471,13515,13352,4,40,119
0x65eaec,99.5769%,44,10356,10400,7784,16,28,2572
0x63806a,99.3415%,44,6638,6682,6419,6,38,219
0x5f6cd4,95.7115%,44,982,1026,982,6,38,0
0x5e785c,78.8462%,44,164,208,155,11,33,9
0x75a8b4,92.5926%,44,550,594,19,23,21,531
0x8c72eb,99.9896%,44,424956,425000,382484,16,28,42472
0xa91675,97.9362%,44,2088,2132,2088,22,22,0
0x7a9458,88.0435%,44,324,368,38,37,7,286
0x6636e6,96.3333%,44,1156,1200,1105,15,29,51
0x63c8a2,97.1466%,44,1498,1542,1266,19,25,232
0x6151e9,92.7632%,44,564,608,445,11,33,119
0x8c534a,99.9154%,44,51956,52000,38974,26,18,12982
0xa90ced,97.6931%,43,1821,1864,1821,15,28,0
0x65fbd0,79.3269%,43,165,208,9,25,18,156
0x7a96cf,88.3152%,43,325,368,267,9,34,58
0x8c66b0,99.57%,43,9957,10000,7487,13,30,2470
0x762992,65.873%,43,83,126,53,31,12,30
0xa223b5,98.8552%,43,3713,3756,2291,22,21,1422
0x595182,93.109%,43,581,624,581,19,24,0
0xa39c2e,98.7442%,43,3381,3424,2329,20,23,1052
0x8c0e2b,57%,43,57,100,31,22,21,26
0x5f1fbd,97.9045%,43,2009,2052,997,29,14,1012
0x8bfde9,79.3269%,43,165,208,140,16,27,25
0x649ff2,99.5865%,43,10357,10400,7779,21,22,2578
0x960e7e,72.956%,43,116,159,5,29,14,111
0x6338c1,99.1042%,43,4757,4800,3583,17,26,1174
0x636bbe,99.3714%,42,6640,6682,6413,12,30,227
0x65b041,89.5%,42,358,400,277,23,19,81
0x65506d,97.185%,42,1450,1492,343,30,12,1107
0xa90eac,95.6067%,42,914,956,10,20,22,904
0x65ffca,79.8077%,42,166,208,138,18,24,28
0x9f5dd6,83.7209%,42,216,258,204,28,14,12
0x5f468c,89.8765%,41,364,405,195,15,26,169
0x766402,86.3333%,41,259,300,202,22,19,57
0x7598c4,80.2885%,41,167,208,146,10,31,21
0x89fd99,95.0721%,41,791,832,352,26,15,439
0x75a884,92.1305%,41,480,521,53,30,11,427
0x8c3512,89.75%,41,359,400,285,15,26,74
0x63b1e6,99.7619%,40,16760,16800,12572,28,12,4188
0x5f5e94,96.0317%,40,968,1008,876,20,20,92
0x5f5421,98.9975%,40,3950,3990,3778,2,38,172
0x759245,80.7692%,40,168,208,142,26,14,26
0x5f5a61,97.2299%,40,1404,1444,1365,3,37,39
0x64fc45,80.7692%,40,168,208,130,26,14,38
0x64ec65,95.1923%,40,792,832,792,8,32,0
0x65fc07,97.6471%,40,1660,1700,1660,6,34,0
0x7610ef,68.254%,40,86,126,46,21,19,40
0x5e4f67,53.4884%,40,46,86,36,12,28,10
0x66f182,82.1429%,40,184,224,182,10,30,2
0x616a86,96.1014%,40,986,1026,974,14,26,12
0x76984e,90.3846%,40,376,416,355,6,34,21
0xa79ec3,99.9418%,40,68743,68783,0,0,40,68743
0x616b99,96.1014%,40,986,1026,986,2,38,0
0x5e74c8,80%,40,160,200,160,32,8,0
0x9271cf,97.151%,40,1364,1404,1362,33,7,2
0x6f4c69,80.7692%,40,168,208,132,24,16,36
0x429fc7,90%,40,360,400,231,29,11,129
0x60311f,98.2517%,40,2248,2288,1703,13,27,545
0x6638a6,98.4615%,40,2560,2600,2544,4,36,16
0x5f367c,96.0526%,39,949,988,949,1,38,0
0x75ebb3,69.0476%,39,87,126,50,34,5,37
0x75c7fc,77.8409%,39,137,176,127,5,34,10
0x5e8d34,94.8138%,39,713,752,158,15,24,555
0x5f15aa,96.1988%,39,987,1026,987,1,38,0
0x65ab41,95.6473%,39,857,896,650,22,17,207
0x5f1fdb,96.1988%,39,987,1026,987,1,38,0
0x616a26,96.1988%,39,987,1026,985,3,36,2
0x5f691c,96.1988%,39,987,1026,987,1,38,0
0x6886f4,81.25%,39,169,208,152,4,35,17
0x5993be,95.3125%,39,793,832,793,7,32,0
0x7684db,87.5%,39,273,312,51,16,23,222
0x8c736b,99.9908%,39,424961,425000,382492,8,31,42469
0x7b4493,81.25%,39,169,208,132,24,15,37
0x42991e,95.1005%,39,757,796,30,25,14,727
0x7575be,57.6087%,39,53,92,40,20,19,13
0x645ea6,99.3862%,39,6315,6354,6230,17,22,85
0x6670d8,81.7308%,38,170,208,129,27,11,41
0x659672,81.7308%,38,170,208,135,21,17,35
0x659882,81.7308%,38,170,208,135,21,17,35
0x5ea34c,79.0055%,38,143,181,135,4,34,8
0x5980d1,72.0588%,38,98,136,93,9,29,5
0x62109b,96.1538%,38,950,988,950,0,38,0
0x5f5401,99.0476%,38,3952,3990,3774,6,32,178
0x5f6bd8,96.2963%,38,988,1026,988,0,38,0
0x8c037b,90.5%,38,362,400,290,10,28,72
0x75a8a4,93.9103%,38,586,624,565,29,9,21
0x5f59ed,99.3921%,38,6213,6251,5910,12,26,303
0xa78588,99.5264%,38,7986,8024,6835,20,18,1151
0x5f53e1,99.0476%,38,3952,3990,3775,5,33,177
0x7628fe,69.8413%,38,88,126,68,20,18,20
0x758082,81.7308%,38,170,208,152,16,22,18
0x5f6ffd,96.4286%,38,1026,1064,1026,0,38,0
0x616c39,96.2963%,38,988,1026,988,0,38,0
0x7e7c8d,82.2115%,37,171,208,135,21,16,36
0x5e8be5,82.2115%,37,171,208,26,9,28,145
0x8c078d,90.75%,37,363,400,271,29,8,92
0x663746,96.9167%,37,1163,1200,1106,14,23,57
0x7582b6,82.2115%,37,171,208,150,14,23,21
0x778d46,95.375%,37,763,800,581,19,18,182
0x5f3664,98.1275%,37,1939,1976,964,24,13,975
0x5e8a5b,82.2115%,37,171,208,114,17,20,57
0xa24148,99.831%,37,21856,21893,10643,17,20,11213
0x8c34c4,91%,36,364,400,82,28,8,282
0x6e6a2a,82.6923%,36,172,208,161,18,18,11
0xa78507,66.0377%,36,70,106,64,28,8,6
0x756e72,60.8696%,36,56,92,52,8,28,4
0x89fc43,43.75%,36,28,64,19,29,7,9
0x6088ca,79.5455%,36,140,176,113,19,17,27
0x64ae52,82.6923%,36,172,208,138,18,18,34
0x643c9f,99.6538%,36,10364,10400,7779,21,15,2585
0x608be0,79.5455%,36,140,176,119,13,23,21
0x8bec5d,80.9524%,36,153,189,63,7,29,90
0x64ed81,99.7979%,36,17780,17816,17191,17,19,589
0x63617d,83.9286%,36,188,224,188,4,32,0
0x4298ff,98.3154%,36,2101,2137,767,29,7,1334
0x66f092,91.0714%,35,357,392,269,25,10,88
0x6035bf,97.8966%,35,1629,1664,1231,17,18,398
0x66edd3,99.6635%,35,10365,10400,7778,22,13,2587
0x7a9566,90.4891%,35,333,368,13,31,4,320
0x960d34,77.9874%,35,124,159,6,28,7,118
0x596d42,94.391%,35,589,624,439,29,6,150
0x8c3524,91.25%,35,365,400,277,13,22,88
0x6475d1,91.25%,35,365,400,291,9,26,74
0x65517a,99.5207%,35,7267,7302,3638,23,12,3629
0x633221,99.6635%,35,10365,10400,7793,7,28,2572
0x928fe0,77.9874%,35,124,159,11,23,12,113
0x926c0b,98.8079%,35,2901,2936,2840,8,27,61
0x9270d4,99.3768%,35,5581,5616,5580,26,9,1
0x7a8efe,90.8854%,35,349,384,268,20,15,81
0x63178d,92.5214%,35,433,468,433,17,18,0
0x64afc3,83.1731%,35,173,208,124,32,3,49
0x5f4eb4,74.0741%,35,100,135,100,20,15,0
0x65ce95,99.6635%,35,10365,10400,7767,33,2,2598
0x8c1527,86.3813%,35,222,257,144,13,22,78
0x7e7f12,83.1731%,35,173,208,141,15,20,32
0x598c23,63.5417%,35,61,96,61,3,32,0
0x76884a,88.3333%,35,265,300,202,22,13,63
0x641c2f,83.1731%,35,173,208,137,19,16,36
0x649f72,99.6731%,34,10366,10400,7780,20,14,2586
0x64ecb5,97.3438%,34,1246,1280,1246,2,32,0
0x641f57,99.6731%,34,10366,10400,7774,26,8,2592
0x89fda9,92.511%,34,420,454,90,28,6,330
0x77467e,83.6538%,34,174,208,126,30,4,48
0x5e8487,88.7417%,34,268,302,218,7,27,50
0x778cdd,95.75%,34,766,800,616,24,10,150
0x5f1ee7,88.0702%,34,251,285,112,21,13,139
0x96168f,98.9817%,34,3305,3339,3171,9,25,134
0x644242,99.6731%,34,10366,10400,7788,12,22,2578
0x8c16f6,91.5%,34,366,400,286,14,20,80
0x638378,99.4912%,34,6648,6682,6424,1,33,224
0x655a8e,99.9361%,34,53188,53222,13494,21,13,39694
0x5f3d8e,67.3077%,34,70,104,4,12,22,66
0x66786f,83.6538%,34,174,208,134,22,12,40
0x5e8c6c,95.4787%,34,718,752,95,14,20,623
0x5f5ce3,99.1005%,34,3746,3780,3359,1,33,387
0x65ed39,99.6827%,33,10367,10400,7779,21,12,2588
0x8c3a56,99.725%,33,11967,12000,8990,10,23,2977
0x6535b0,84.1346%,33,175,208,147,9,24,28
0x64eab2,96.0337%,33,799,832,798,2,31,1
0x631101,84.1346%,33,175,208,125,31,2,50
0x7620f1,75%,33,99,132,68,20,13,31
0x653372,84.1346%,33,175,208,142,14,19,33
0x929015,73.6%,33,92,125,82,23,10,10
0x76237e,75%,33,99,132,82,6,27,17
0x631151,84.1346%,33,175,208,127,29,4,48
0x8c5a27,99.934%,33,49967,50000,37484,16,17,12483
0x7588ba,84.1346%,33,175,208,172,8,25,3
0x766443,89%,33,267,300,173,27,6,94
0x768529,89.4231%,33,279,312,124,12,21,155
0x9e16ba,91.4062%,33,351,384,276,12,21,75
0x8c1068,91.75%,33,367,400,283,17,16,84
0x5e788a,84.1346%,33,175,208,174,21,12,1
0x64edf5,97.4219%,33,1247,1280,1247,1,32,0
0x65a392,91.5816%,33,359,392,284,10,23,75
0x6e6ac5,84.1346%,33,175,208,104,20,13,71
0x5f4910,75%,33,99,132,9,12,21,90
0x5f4668,91.8519%,33,372,405,2,19,14,370
0x76982b,92.3077%,32,384,416,0,16,16,384
0x659162,84.6154%,32,176,208,131,25,7,45
0xa39c18,99.0654%,32,3392,3424,2552,28,4,840
0x64eba3,90%,32,288,320,270,18,14,18
0x760d3f,75.7576%,32,100,132,73,15,17,27
0x8c140c,88.9655%,32,258,290,7,26,6,251
0x6535a2,98.2906%,32,1840,1872,1661,3,29,179
0x60854d,98.2906%,32,1840,1872,0,0,32,1840
0x5f017f,92.1182%,32,374,406,344,12,20,30
0x5f4b52,88.2784%,32,241,273,187,13,19,54
0x65acd1,90.4762%,32,304,336,240,12,20,64
0x638321,99.5211%,32,6650,6682,6419,6,26,231
0x5f4f14,76.2963%,32,103,135,103,17,15,0
0x960bdf,99.0416%,32,3307,3339,3170,10,22,137
0x5e8b8a,81.5029%,32,141,173,7,10,22,134
0x8c08c2,84%,32,168,200,92,8,24,76
0xa8dd12,99.5397%,32,6920,6952,4271,21,11,2649
0xa78123,95.3957%,32,663,695,80,18,14,583
0x761852,75.7576%,32,100,132,77,11,21,23
0x778651,80%,32,128,160,122,12,20,6
0x598f8c,84.6154%,32,176,208,150,6,26,26
0x7633b5,74.6032%,32,94,126,68,16,16,26
0x8c3a06,99.7333%,32,11968,12000,8985,15,17,2983
0x92a3fa,80.5031%,31,128,159,8,22,9,120
0x7b29b0,85.0962%,31,177,208,141,15,16,36
0x65fc35,98.1765%,31,1669,1700,1661,5,26,8
0x7563f5,64.3678%,31,56,87,46,6,25,10
0x7b3f92,85.0962%,31,177,208,141,15,16,36
0x75983c,85.0962%,31,177,208,103,26,5,74
0x7587a6,85.0962%,31,177,208,146,10,21,31
0x6592f2,85.0962%,31,177,208,125,31,0,52
0x66ebf3,99.7019%,31,10369,10400,7777,23,8,2592
0x9613ff,99.0716%,31,3308,3339,3174,6,25,134
0x92935f,98.1765%,31,1669,1700,1669,11,20,0
0x75f2c9,76.5152%,31,101,132,64,24,7,37
0x926a44,84.5%,31,169,200,91,11,20,78
0x64cfa7,90.3125%,31,289,320,214,26,5,75
0x5e6abf,99.4259%,31,5369,5400,4028,22,9,1341
0x8beb75,67.7083%,31,65,96,52,8,23,13
0x6e6914,85.0962%,31,177,208,4,22,9,173
0x7ede0a,85.0962%,31,177,208,132,24,7,45
0x5980de,48.3333%,31,29,60,26,14,17,3
0x65c095,85.0962%,31,177,208,136,20,11,41
0x64cc2d,99.8063%,31,15969,16000,386,14,17,15583
0x5f5426,85.2381%,31,179,210,129,0,31,50
0x5986f9,67.7083%,31,65,96,26,22,9,39
0x759059,85.5769%,30,178,208,22,20,10,156
0x9f5e96,94.1176%,30,480,510,424,8,22,56
0x5d2865,98.8515%,30,2582,2612,30,16,14,2552
0x7a9875,99.7115%,30,10370,10400,7785,15,15,2585
0x65fe54,85.5769%,30,178,208,84,14,16,94
0x609228,86.4865%,30,192,222,143,21,9,49
0x8bf983,85.5769%,30,178,208,148,8,22,30
0x75d38a,78.4173%,30,109,139,96,11,19,13
0x5e8224,85.5769%,30,178,208,60,17,13,118
0x6448d4,85.5769%,30,178,208,145,11,19,33
0x639a23,88.3268%,30,227,257,80,10,20,147
0x8c0979,89.6552%,30,260,290,76,24,6,184
0xa79f13,99.9564%,30,68753,68783,0,0,30,68753
0x8beb60,85.5769%,30,178,208,53,19,11,125
0x42996f,98.5962%,30,2107,2137,1950,8,22,157
0x64f358,96.3235%,30,786,816,779,5,25,7
0x635c51,92.5%,30,370,400,284,16,14,86
0x66747a,85.5769%,30,178,208,145,11,19,33
0x63ca32,88.2353%,30,225,255,222,9,21,3
0x42a6c1,75.8065%,30,94,124,72,6,24,22
0x761634,77.2727%,30,102,132,66,22,8,36
0xa39385,99.896%,30,28816,28846,18757,19,11,10059
0x6597d2,85.5769%,30,178,208,133,23,7,45
0x64c036,99.375%,30,4770,4800,3592,8,22,1178
0x757fd5,85.5769%,30,178,208,9,17,13,169
0x65c977,99.7115%,30,10370,10400,10369,14,16,1
0x657e1e,85.5769%,30,178,208,145,11,19,33
0x76990b,92.7885%,30,386,416,5,14,16,381
0x758104,85.5769%,30,178,208,141,15,15,37
0x594433,86.0577%,29,179,208,179,21,8,0
0xa244db,85.2792%,29,168,197,33,5,24,135
0x66a991,86.0577%,29,179,208,141,15,14,38
0x9e0d58,68.4783%,29,63,92,14,20,9,49
0xa39c40,99.153%,29,3395,3424,2341,8,21,1054
0x429868,99.7212%,29,10371,10400,10371,29,0,0
0x960a99,99.1315%,29,3310,3339,3174,6,23,136
0x760e7e,76.9841%,29,97,126,76,8,21,21
0x960b2f,99.1315%,29,3310,3339,3177,3,26,133
0x639415,92.75%,29,371,400,290,10,19,81
0x65ab4d,87.0536%,29,195,224,192,0,29,3
0x6539d2,86.0577%,29,179,208,135,21,8,44
0x76224a,78.0303%,29,103,132,63,25,4,40
0x609109,86.9369%,29,193,222,149,19,10,44
0x8c13d1,92.75%,29,371,400,100,10,19,271
0x598cfc,86.0577%,29,179,208,84,18,11,95
0x66f953,48.2143%,29,27,56,17,25,4,10
0x613d2c,69.7917%,29,67,96,67,5,24,0
0x7edc69,86.0577%,29,179,208,148,8,21,31
0x595689,95.3526%,29,595,624,595,5,24,0
0x60852f,98.4509%,29,1843,1872,0,0,29,1843
0x65e2ec,99.7212%,29,10371,10400,7791,9,20,2580
0x5fcb38,67.0455%,29,59,88,56,18,11,3
0x75f966,46.2963%,29,25,54,24,12,17,1
0x8c5517,99.71%,29,9971,10000,7486,14,15,2485
0x6595c2,86.5385%,28,180,208,129,27,1,51
0x665fa2,86.5385%,28,180,208,138,18,10,42
0x66a3c3,86.5385%,28,180,208,128,28,0,52
0x65ee93,99.7308%,28,10372,10400,10368,15,13,4
0x75935d,86.5385%,28,180,208,139,17,11,41
0x761d5e,78.7879%,28,104,132,57,16,12,47
0x598f7c,86.5385%,28,180,208,112,17,11,68
0x63c9f5,99.5264%,28,5884,5912,92,10,18,5792
0x761a62,48.1481%,28,26,54,19,17,11,7
0x6537b2,86.5385%,28,180,208,146,10,18,34
0x6314b0,86.5385%,28,180,208,137,19,9,43
0x5e9c2e,86.5385%,28,180,208,140,16,12,40
0x8a85de,93.3333%,28,392,420,390,10,18,2
0x6e698e,86.5385%,28,180,208,112,8,20,68
0x5f538e,99.2443%,28,3677,3705,3510,0,28,167
0x7590e7,86.5385%,28,180,208,2,12,16,178
0x667736,86.5385%,28,180,208,146,10,18,34
0x596e52,95.5128%,28,596,624,451,17,11,145
0x663806,98.9231%,28,2572,2600,2548,0,28,24
0x635b51,92.8571%,28,364,392,281,13,15,83
0x63819e,99.1619%,28,3313,3341,3080,4,24,233
0x616ae6,97.271%,28,998,1026,981,7,21,17
0x608ac2,84.0909%,28,148,176,144,22,6,4
0xa90078,99.7162%,28,9838,9866,0,0,28,9838
0x7697a3,93.2692%,28,388,416,2,8,20,386
0x7aae93,86.5385%,28,180,208,149,7,21,31
0x759629,87.0192%,27,181,208,35,17,10,146
0x92bd55,93.25%,27,373,400,285,15,12,88
0x65bef5,87.0192%,27,181,208,146,10,17,35
0x7a9dc4,93.5096%,27,389,416,290,22,5,99
0x6434d7,99.7404%,27,10373,10400,7785,15,12,2588
0x76e489,83.125%,27,133,160,132,21,6,1
0x762fe5,78.5714%,27,99,126,79,5,22,20
0x8bf741,87.0192%,27,181,208,150,6,21,31
0xa233c6,94.9627%,27,509,536,239,12,15,270
0x5957e3,35.7143%,27,15,42,15,27,0,0
0x9fb7f0,89.6552%,27,234,261,234,27,0,0
0x649c92,87.0192%,27,181,208,143,13,14,38
0x667b6f,87.0192%,27,181,208,143,13,14,38
0x67019f,98.9183%,27,2469,2496,2286,2,25,183
0xa769b3,99.8772%,27,21956,21983,21807,12,15,149
0x590ad3,96.7548%,27,805,832,404,12,15,401
0x66b792,87.0192%,27,181,208,140,16,11,41
0x8c3b68,97.3%,27,973,1000,484,16,11,489
0x761c7a,50%,27,27,54,25,11,16,2
0x66e983,93.25%,27,373,400,295,5,22,78
0x8c4f52,99.9481%,27,51973,52000,38984,16,11,12989
0x66ffbf,98.9183%,27,2469,2496,2279,9,18,190
0x7590f3,87.0192%,27,181,208,34,18,9,147
0x41cbf7,57.8125%,27,37,64,0,0,27,37
0xa22815,97.2973%,27,972,999,332,6,21,640
0x761bb8,50%,27,27,54,5,11,16,22
0x429a0d,93.25%,27,373,400,373,19,8,0
0x590b16,87.0192%,27,181,208,181,19,8,0
0x5f341a,91.1184%,27,277,304,270,18,9,7
0xa230d3,93.6585%,26,384,410,32,2,24,352
0x5ea89e,87.5%,26,182,208,138,18,8,44
0x59951b,95.8333%,26,598,624,598,2,24,0
0x7622ec,80.303%,26,106,132,69,19,7,37
0x598d0c,87.5%,26,182,208,141,15,11,41
0x756ce4,87.5%,26,182,208,142,14,12,40
0x63cfe3,93.5%,26,374,400,374,18,8,0
0x64bd8d,99.4583%,26,4774,4800,3586,14,12,1188
0x9f5cde,94.4915%,26,446,472,2,18,8,444
0x66eec2,99.4583%,26,4774,4800,3580,20,6,1194
0x7624d5,79.3651%,26,100,126,80,4,22,20
0x5f558e,90.8772%,26,259,285,198,11,15,61
0x6668ea,87.963%,26,190,216,152,10,16,38
0x9e0d5a,55.1724%,26,32,58,12,24,2,20
0x631475,87.5%,26,182,208,151,5,21,31
0x8a8544,98.4706%,26,1674,1700,1674,6,20,0
0x633291,99.75%,26,10374,10400,7794,6,20,2580
0x66ece3,99.75%,26,10374,10400,7776,24,2,2598
0x760b46,80.303%,26,106,132,82,6,20,24
0x5e802b,87.5%,26,182,208,22,13,13,160
0x659722,87.5%,26,182,208,133,23,3,49
0x9f9a2b,91.9753%,26,298,324,0,16,10,298
0x64ed64,99.9205%,26,32678,32704,14816,8,18,17862
0x645b24,99.75%,26,10374,10400,7786,14,12,2588
0x633ed1,99.4583%,26,4774,4800,3585,15,11,1189
0x65e5ac,99.75%,26,10374,10400,7788,12,14,2586
0x667a56,87.5%,26,182,208,149,7,19,33
0x63158d,94.4444%,26,442,468,442,8,18,0
0x7b0bb4,87.5%,26,182,208,144,12,14,38
0x64b382,99.75%,26,10374,10400,7779,21,5,2595
0x8c0e9f,91.3333%,26,274,300,171,19,7,103
0x6d9264,86.7347%,26,170,196,0,16,10,170
0x762ebe,79.3651%,26,100,126,86,2,24,14
0x75ed7f,80.303%,26,106,132,63,10,16,43
0x77289b,87.5%,26,182,208,148,8,18,34
0x63cec6,93.5%,26,374,400,374,18,8,0
0x634ad1,99.75%,26,10374,10400,7778,22,4,2596
0x634a11,87.5%,26,182,208,154,2,24,28
0x67a42e,91.875%,26,294,320,221,19,7,73
0x645c06,99.75%,26,10374,10400,7781,19,7,2593
0x653b02,87.5%,26,182,208,141,15,11,41
0x66afb3,87.5%,26,182,208,137,19,7,45
0x4abb44,93.1217%,26,352,378,300,14,12,52
0x66a533,87.9808%,25,183,208,135,21,4,48
0x762442,80.1587%,25,101,126,82,6,19,19
0x760fdd,81.0606%,25,107,132,77,11,14,30
0x960f13,99.0476%,25,2600,2625,2496,4,21,104
0x5e809c,67.5325%,25,52,77,45,10,15,7
0x7612b1,80.1587%,25,101,126,64,20,5,37
0x5ea40e,50.9804%,25,26,51,25,14,11,1
0x5f5817,92.4012%,25,304,329,300,13,12,4
0x64a8d2,99.7596%,25,10375,10400,7789,11,14,2586
0x5f503e,76.8519%,25,83,108,0,0,25,83
0xa233b3,95.3358%,25,511,536,0,0,25,511
0x7560f6,93.3333%,25,350,375,269,3,22,81
0x7b3392,87.9808%,25,183,208,132,24,1,51
0x64a95c,99.0385%,25,2575,2600,0,0,25,2575
0x63da1a,87.9808%,25,183,208,0,0,25,183
0x646029,51.9231%,25,27,52,27,23,2,0
0x927ec1,99.7365%,25,9462,9487,205,3,22,9257
0x761588,81.0606%,25,107,132,75,13,12,32
0x7b3423,87.9808%,25,183,208,147,9,16,36
0x5f5397,87.1795%,25,170,195,97,17,8,73
0x653680,87.9808%,25,183,208,152,4,21,31
0x655223,95%,25,475,500,475,5,20,0
0x644dc4,87.9808%,25,183,208,135,21,4,48
0x7581d5,87.9808%,25,183,208,152,4,21,31
0x89fe36,87.9808%,25,183,208,183,17,8,0
0x7a9cd4,93.75%,25,375,400,289,11,14,86
0x926e11,87.5%,25,175,200,147,3,22,28
0x76a3b6,85.119%,25,143,168,120,6,19,23
0x8c47dc,99.8077%,25,12975,13000,12975,25,0,0
0x598e0c,93.9904%,25,391,416,303,9,16,88
0x598006,58.3333%,25,35,60,4,22,3,31
0x778fb1,87.9808%,25,183,208,183,25,0,0
0x9f7cf7,98.7805%,25,2025,2050,1,7,18,2024
0x76b129,80.1587%,25,101,126,87,19,6,14
0x596eb2,96.142%,25,623,648,465,21,4,158
0x632dfa,94.6581%,25,443,468,443,7,18,0
0x64a0d2,99.7596%,25,10375,10400,7781,19,6,2594
0x7780a3,96.9952%,25,807,832,807,25,0,0
0x5e8ad2,85.5491%,25,148,173,90,18,7,58
0x65aa41,93.8776%,24,368,392,291,3,21,77
0x75d594,89.0909%,24,196,220,195,15,9,1
0x63a063,94%,24,376,400,376,16,8,0
0x75c97c,40%,24,16,40,14,16,8,2
0x61725f,95.8042%,24,548,572,548,2,22,0
0x7b4353,88.4615%,24,184,208,144,12,12,40
0x5f5a66,68.4211%,24,52,76,24,19,5,28
0x620a4f,99.3927%,24,3928,3952,2948,16,8,980
0x7b4233,88.4615%,24,184,208,148,8,16,36
0x5f6139,91.5789%,24,261,285,198,11,13,63
0x65ff1c,88.4615%,24,184,208,51,8,16,133
0x65eeac,99.7692%,24,10376,10400,7798,2,22,2578
0x5e4f26,72.093%,24,62,86,9,7,17,53
0x6d8f6b,53.8462%,24,28,52,3,13,11,25
0x64b123,88.4615%,24,184,208,137,19,5,47
0x778d78,25%,24,8,32,0,0,24,8
0x429b43,74.4681%,24,70,94,0,11,13,70
0x75f167,81.8182%,24,108,132,103,14,10,5
0x42a246,94%,24,376,400,376,16,8,0
0x658922,99.7464%,24,9440,9464,7089,9,15,2351
0x66a602,88.4615%,24,184,208,140,16,8,44
0xa24101,99.9009%,24,24182,24206,0,0,24,24182
0x8c11a3,93.8776%,24,368,392,368,24,0,0
0x681f12,88.4615%,24,184,208,93,11,13,91
0x5da61e,88%,24,176,200,141,9,15,35
0x63a341,94%,24,376,400,284,16,8,92
0x6f5219,88.4615%,24,184,208,139,17,7,45
0x66b552,88.4615%,24,184,208,147,9,15,37
0x8c34dd,94%,24,376,400,283,17,7,93
0x76888e,92%,24,276,300,198,2,22,78
0x760b1c,81.8182%,24,108,132,28,14,10,80
0x650455,88.4615%,24,184,208,140,16,8,44
0x9fa7f6,87.4346%,24,167,191,167,24,0,0
0x64406d,99.7692%,24,10376,10400,7788,12,12,2588
0x66b382,88.9423%,23,185,208,153,3,20,32
0x618d1b,91.3534%,23,243,266,243,9,14,0
0x66b482,95.0855%,23,445,468,445,5,18,0
0x6d9045,36.1111%,23,13,36,13,23,0,0
0x593d2e,88.9423%,23,185,208,185,15,8,0
0x777f84,88.9423%,23,185,208,0,0,23,185
0x9f7ce2,98.8791%,23,2029,2052,0,0,23,2029
0x59811e,28.125%,23,9,32,9,23,0,0
0x6679ef,88.9423%,23,185,208,138,18,5,47
0x429f09,91.0506%,23,234,257,143,14,9,91
0x631521,88.9423%,23,185,208,146,10,13,39
0x762d48,81.746%,23,103,126,74,10,13,29
0x6313f9,88.9423%,23,185,208,149,7,16,36
0x926bd5,61.0169%,23,36,59,0,0,23,36
0x66722a,88.9423%,23,185,208,135,21,2,50
0x7613b5,81.746%,23,103,126,54,13,10,49
0x76e348,85.625%,23,137,160,119,23,0,18
0x653832,88.9423%,23,185,208,144,12,11,41
0x643ea2,99.7788%,23,10377,10400,7785,15,8,2592
0x6526c5,99.7196%,23,8180,8203,354,19,4,7826
0x65e47d,99.7788%,23,10377,10400,7792,8,15,2585
0x95a129,88.9423%,23,185,208,148,8,15,37
0x7bd55d,42.5%,23,17,40,0,0,23,17
0x66b472,98.7714%,23,1849,1872,1381,23,0,468
0x75f000,47.7273%,23,21,44,21,21,2,0
0x95a532,88.9423%,23,185,208,147,9,14,38
0x8bec59,88.9423%,23,185,208,4,15,8,181
0x6317e1,89.3519%,23,193,216,193,5,18,0
0xa7a647,95.5598%,23,495,518,240,17,6,255
0x645cb6,99.7788%,23,10377,10400,7792,8,15,2585
0x688836,88.9423%,23,185,208,137,19,4,48
0x62108f,99.418%,23,3929,3952,2963,1,22,966
0x65a741,92.8125%,23,297,320,237,3,20,60
0x7563d8,81.9672%,22,100,122,76,11,11,24
0x75978b,89.4231%,22,186,208,148,8,14,38
0x8c14b2,94.5%,22,378,400,105,5,17,273
0x75d2fb,87.5%,22,154,176,131,1,21,23
0x63afff,96.8571%,22,678,700,678,8,14,0
0x645513,57.6923%,22,30,52,0,0,22,30
0x6031f0,75%,22,66,88,66,0,22,0
0x597fcc,60.7143%,22,34,56,34,8,14,0
0xa39958,99.9237%,22,28824,28846,0,7,15,28824
0x642ba2,99.1538%,22,2578,2600,0,0,22,2578
0x8c63b3,94.5%,22,378,400,281,19,3,97
0x653952,89.4231%,22,186,208,152,4,18,34
0x63c4f0,75.5556%,22,68,90,68,16,6,0
0x75ea39,31.25%,22,10,32,0,0,22,10
0x762b1e,82.5397%,22,104,126,76,8,14,28
0x9f5d7b,83.5821%,22,112,134,112,22,0,0
0x8c163b,78%,22,78,100,72,7,15,6
0x634391,99.7885%,22,10378,10400,7789,11,11,2589
0x618bc4,91.7293%,22,244,266,244,8,14,0
0x64aa42,94.5%,22,378,400,295,5,17,83
0x609015,90.0901%,22,200,222,144,20,2,56
0x7b21a2,89.4231%,22,186,208,150,6,16,36
0x9f5e6e,90.5172%,22,210,232,0,4,18,210
0x5f3dc0,78.8462%,22,82,104,82,17,5,0
0x762a49,50%,22,22,44,4,2,20,18
0x64b243,99.7885%,22,10378,10400,7789,11,11,2589
0x66a482,89.4231%,22,186,208,148,8,14,38
0x5e84e5,89.4231%,22,186,208,186,9,13,0
0x5a8e3a,72.5%,22,58,80,34,16,6,24
0xa0efef,99.435%,22,3872,3894,0,0,22,3872
0x5f43ff,94.359%,22,368,390,368,4,18,0
0x6491d2,93.4524%,22,314,336,245,7,15,69
0x63b2d6,73.8095%,22,62,84,61,9,13,1
0x6445cc,99.7885%,22,10378,10400,7789,11,11,2589
0x648e1f,60.7143%,22,34,56,32,10,12,2
0x5d3c75,79.6296%,22,86,108,14,12,10,72
0x6491e5,73.8095%,22,62,84,60,10,12,2
0x7560cf,94.4444%,22,374,396,1,20,2,373
0x65e754,99.7885%,22,10378,10400,7789,11,11,2589
0x65780d,89.4231%,22,186,208,145,11,11,41
0x66675f,89.8148%,22,194,216,140,22,0,54
0x595946,47.619%,22,20,42,20,22,0,0
0x95a622,89.4231%,22,186,208,143,13,9,43
0x7e639c,71.7949%,22,56,78,56,16,6,0
0x4abb35,95.6175%,22,480,502,123,1,21,357
0x590ae9,94.9519%,21,395,416,382,2,19,13
0x643944,99.7981%,21,10379,10400,7790,10,11,2589
0x761d63,64.4068%,21,38,59,27,11,10,11
0x8bec72,89.9038%,21,187,208,149,7,14,38
0x64c31d,94.75%,21,379,400,379,13,8,0
0x76fc56,47.5%,21,19,40,19,19,2,0
0x63afe9,99.25%,21,2779,2800,2090,10,11,689
0x65efcc,99.7981%,21,10379,10400,7796,4,17,2583
0x65efb3,99.7981%,21,10379,10400,10372,11,10,7
0x7a9cbd,94.75%,21,379,400,1,19,2,378
0x5e7f15,59.6154%,21,31,52,0,0,21,31
0x65858d,99.9753%,21,85155,85176,63875,7,14,21280
0x7bd049,91.9231%,21,239,260,239,11,10,0
0x630fc1,89.9038%,21,187,208,138,18,3,49
0x5e8ea6,89.9038%,21,187,208,187,8,13,0
0x5e8ab9,89.9038%,21,187,208,19,16,5,168
0x777d57,89.9038%,21,187,208,187,13,8,0
0x61724b,99.0822%,21,2267,2288,1709,7,14,558
0x75c643,93.5185%,21,303,324,284,10,11,19
0x7aafb5,50%,21,21,42,9,15,6,12
0x7688a8,79%,21,79,100,79,17,4,0
0x429eee,92.7586%,21,269,290,21,12,9,248
0x778df6,34.375%,21,11,32,10,14,7,1
0x778457,89.5%,21,179,200,179,13,8,0
0x75fc67,86.5385%,21,135,156,94,10,11,41
0x65e1ad,99.7981%,21,10379,10400,7789,11,10,2590
0x5ea2a4,79.8077%,21,83,104,83,13,8,0
0x641daf,89.9038%,21,187,208,138,18,3,49
0x761714,84.0909%,21,111,132,60,13,8,51
0x596f8e,86.5385%,21,135,156,135,15,6,0
0x92904d,98.7647%,21,1679,1700,1678,2,19,1
0x7b2416,89.9038%,21,187,208,145,11,10,42
0x9f7cf1,98.9756%,21,2029,2050,0,0,21,2029
0x761258,8.69565%,21,2,23,0,0,21,2
0x9e096d,97.1925%,21,727,748,0,0,21,727
0x777e87,89.9038%,21,187,208,187,13,8,0
0x7b3fc2,89.9038%,21,187,208,145,11,10,42
0xa76ef4,99.7179%,21,7423,7444,7423,21,0,0
0xa230e1,94.878%,21,389,410,324,14,7,65
0xa90f18,89.1753%,21,173,194,173,21,0,0
0x7605b9,83.3333%,21,105,126,0,5,16,105
0xa22827,96.823%,21,640,661,88,20,1,552
0x5f55be,92.6316%,21,264,285,193,16,5,71
0x5f5da4,95%,21,399,420,399,6,15,0
0x64e25b,95.8%,21,479,500,479,11,10,0
0x75ea27,83.3333%,21,105,126,90,4,17,15
0x757b46,59.6154%,21,31,52,31,19,2,0
0x634a71,99.7981%,21,10379,10400,7781,19,2,2598
0x65a3a0,78.5714%,21,77,98,75,9,12,2
0x63c4a4,76.6667%,21,69,90,69,15,6,0
0x8c11d9,78.5714%,21,77,98,76,8,13,1
0x5ea36b,87.5%,21,147,168,146,9,12,1
0x6210fb,47.3684%,20,18,38,17,13,7,1
0x595626,99.1987%,20,2476,2496,1866,6,14,610
0x5f59f6,93.921%,20,309,329,283,13,7,26
0x761182,62.2642%,20,33,53,18,12,8,15
0x7aa155,61.5385%,20,32,52,32,18,2,0
0x631061,90.3846%,20,188,208,143,13,7,45
0x8c0270,90%,20,180,200,97,3,17,83
0x64d415,37.5%,20,12,32,6,18,2,6
0xa90c69,88.8889%,20,160,180,157,5,15,3
0xa24387,96.0396%,20,485,505,485,0,20,0
0x639f93,95%,20,380,400,380,12,8,0
0x63c297,90.3846%,20,188,208,188,12,8,0
0x596ec2,87.6543%,20,142,162,142,14,6,0
0x62339c,92.3077%,20,240,260,240,10,10,0
0x603690,68.75%,20,44,64,43,5,15,1
0x5e6e28,90%,20,180,200,144,6,14,36
0x42a0d3,92.3077%,20,240,260,1,2,18,239
0x9e1530,79.1667%,20,76,96,76,20,0,0
0x659932,90.3846%,20,188,208,138,18,2,50
0x643ae4,90.3846%,20,188,208,138,18,2,50
0x9e0957,97.3333%,20,730,750,0,2,18,730
0x644216,99.8077%,20,10380,10400,10380,20,0,0
0x63a8d2,95%,20,380,400,380,12,8,0
0xa79697,92.2179%,20,237,257,71,11,9,166
0x75684e,90.3846%,20,188,208,150,6,14,38
0x64d505,37.5%,20,12,32,12,12,8,0
0x644f84,90.3846%,20,188,208,147,9,11,41
0x608aef,88.6364%,20,156,176,126,4,16,30
0xa393a0,99.9307%,20,28826,28846,28826,16,4,0
0xa39203,99.938%,20,32250,32270,0,0,20,32250
0x687b9a,90.3846%,20,188,208,143,13,7,45
0x63aec0,96.6667%,20,580,600,580,8,12,0
0x632d7a,95.7265%,20,448,468,448,2,18,0
0x8beb6a,85.2941%,20,116,136,30,10,10,86
0x64d637,37.5%,20,12,32,9,15,5,3
0x635b5e,79.5918%,20,78,98,78,6,14,0
0x7d0803,90.3846%,20,188,208,151,5,15,37
0x60902a,65.5172%,20,38,58,0,0,20,38
0x66b913,90.3846%,20,188,208,141,15,5,47
0x6678c3,90.3846%,20,188,208,188,20,0,0
0x63bad7,77.2727%,20,68,88,1,7,13,67
0x609140,90.991%,20,202,222,156,12,8,46
0x8befbb,61.5385%,20,32,52,32,20,0,0
0x641cef,90.3846%,20,188,208,143,13,7,45
0x761101,67.7966%,19,40,59,1,5,14,39
0x60864c,95.9402%,19,449,468,449,1,18,0
0x65aa4d,80.6122%,19,79,98,79,5,14,0
0x614e95,92.8571%,19,247,266,247,5,14,0
0x762a3f,84.9206%,19,107,126,69,13,6,38
0x6f4aca,90.8654%,19,189,208,142,14,5,47
0xa77fd6,99.918%,19,23143,23162,0,0,19,23143
0x64ced3,76.25%,19,61,80,0,0,19,61
0xa77fa8,99.8656%,19,14119,14138,0,0,19,14119
0x65caec,90.8654%,19,189,208,89,9,10,100
0x596c60,20.8333%,19,5,24,2,16,3,3
0xa78036,98.3621%,19,1141,1160,1141,15,4,0
0x5ea161,63.4615%,19,33,52,33,19,0,0
0x8c39ac,99.8417%,19,11981,12000,8988,12,7,2993
0xa90d38,68.3333%,19,41,60,23,13,6,18
0x64ed75,99.8937%,19,17861,17880,55,9,10,17806
0x758612,88.4146%,19,145,164,79,0,19,66
0x9f80ca,90.0524%,19,172,191,0,0,19,172
0x40320d,26.9231%,19,7,26,7,19,0,0
0x65142c,40.625%,19,13,32,5,19,0,8
0x76a39a,88.6905%,19,149,168,145,15,4,4
0x8c15dc,93.4483%,19,271,290,153,6,13,118
0x9ff19f,36.6667%,19,11,30,3,7,12,8
0x7687e7,81%,19,81,100,0,0,19,81
0x63aeaa,99.2083%,19,2381,2400,1790,10,9,591
0x5f5197,90.2564%,19,176,195,169,10,9,7
0x634341,90.8654%,19,189,208,138,18,1,51
0x766c7b,93.9103%,19,293,312,205,3,16,88
0x618fd4,92.8571%,19,247,266,247,5,14,0
0x75940c,90.8654%,19,189,208,139,17,2,50
0x8c60ff,99.8538%,19,12981,13000,0,0,19,12981
0x766454,81%,19,81,100,81,15,4,0
0x655c34,99.9822%,19,106425,106444,53214,8,11,53211
0x637b83,99.4313%,19,3322,3341,3084,0,19,238
0x648dc0,66.0714%,19,37,56,34,8,11,3
0x760fa1,56.8182%,19,25,44,10,10,9,15
0x5f46f6,90.2564%,19,176,195,170,9,10,6
0x760db7,84.9206%,19,107,126,56,17,2,51
0x64555a,63.4615%,19,33,52,33,17,2,0
0x65136c,94.0625%,19,301,320,299,17,2,2
0x6529a6,99.608%,19,4828,4847,4828,19,0,0
0x659a63,99.8173%,19,10381,10400,7788,12,7,2593
0x9e1cd6,90.8654%,19,189,208,189,11,8,0
0x5fcd85,78.4091%,19,69,88,69,19,0,0
0x64441d,99.8173%,19,10381,10400,7789,11,8,2592
0x66e612,94.0625%,19,301,320,226,14,5,75
0x6702bf,66.0714%,19,37,56,37,11,8,0
0x760f87,85.6061%,19,113,132,85,3,16,28
0x63a133,95.25%,19,381,400,381,11,8,0
0x65c376,90.8654%,19,189,208,144,12,7,45
0x598e19,81.7308%,19,85,104,85,15,4,0
0x5a8e6c,97.8311%,19,857,876,0,0,19,857
0x5e68de,90.5%,19,181,200,147,3,16,34
0x767759,87.8205%,19,137,156,91,13,6,46
0x8bfe9e,98.3348%,19,1122,1141,0,0,19,1122
0x64aa02,95.25%,19,381,400,282,18,1,99
0x64ab02,95.25%,19,381,400,283,17,2,98
0x8c33e5,95.25%,19,381,400,299,1,18,82
0x76afe1,85.6061%,19,113,132,71,17,2,42
0x756337,95.202%,19,377,396,280,10,9,97
0x774952,90.8654%,19,189,208,143,13,6,46
0xa8dcb7,99.9767%,19,81511,81530,0,0,19,81511
0x5ea32b,91.2037%,19,197,216,197,11,8,0
0x659b92,99.8173%,19,10381,10400,7791,9,10,2590
0x760b20,78.8889%,19,71,90,71,2,17,0
0x65d076,99.8173%,19,10381,10400,7800,0,19,2581
0x63bcaf,90.8654%,19,189,208,189,11,8,0
0x64d5a3,43.75%,18,14,32,6,18,0,8
0x9274e3,64%,18,32,50,0,0,18,32
0x5ea2eb,82.6923%,18,86,104,86,10,8,0
0x657a5d,91.3462%,18,190,208,149,7,11,41
0x7a9bc7,95.5%,18,382,400,382,4,14,0
0x66fd6f,99.2788%,18,2478,2496,2285,3,15,193
0x59822c,43.75%,18,14,32,11,17,1,3
0x66f9b6,67.8571%,18,38,56,24,18,0,14
0x7689b7,81.25%,18,78,96,76,16,2,2
0x778ed7,43.75%,18,14,32,6,18,0,8
0x7cdc5b,91.3462%,18,190,208,155,1,17,35
0x65137c,94.375%,18,302,320,239,1,17,63
0x960b6b,88.6792%,18,141,159,0,0,18,141
0x7cc9d9,88.4615%,18,138,156,138,12,6,0
0x8c11ce,95.4082%,18,374,392,283,11,7,91
0x756de2,80.4348%,18,74,92,73,9,9,1
0x760f7d,59.0909%,18,26,44,0,0,18,26
0x62115f,91.3462%,18,190,208,190,10,8,0
0x64aa82,95.5%,18,382,400,282,18,0,100
0x621148,97.8365%,18,814,832,0,0,18,814
0x75ce6a,89.7727%,18,158,176,155,1,17,3
0x77472d,91.3462%,18,190,208,146,10,8,44
0x9f5ecb,85.4839%,18,106,124,106,18,0,0
0x76898f,93.75%,18,270,288,180,12,6,90
0x639a3e,95.5%,18,382,400,296,4,14,86
0x92a583,95.0685%,18,347,365,264,10,8,83
0x669c5e,91.3462%,18,190,208,148,8,10,42
0x76202a,86.3636%,18,114,132,97,3,15,17
0x8c10cd,82%,18,82,100,82,16,2,0
0x8c38d0,97%,18,582,600,494,6,12,88
0x636608,99.5331%,18,3837,3855,3837,18,0,0
0x63c8c4,97.6654%,18,753,771,508,6,12,245
0x8c5e40,99.82%,18,9982,10000,7497,3,15,2485
0x7edc9e,65.3846%,18,34,52,34,16,2,0
0x6039ad,59.0909%,18,26,44,24,12,6,2
0x632545,52.6316%,18,20,38,20,16,2,0
0x66995e,91.3462%,18,190,208,190,10,8,0
0xa22775,98.3193%,18,1053,1071,0,0,18,1053
0x42a5c5,85.4839%,18,106,124,106,18,0,0
0x5e8cf4,97.6064%,18,734,752,734,18,0,0
0x761877,59.0909%,18,26,44,26,16,2,0
0x8c479c,99.8615%,18,12982,13000,0,0,18,12982
0x652817,99.9786%,18,84253,84271,84253,18,0,0
0x613d7e,62.5%,18,30,48,17,7,11,13
0x5e4f7c,52.6316%,18,20,38,10,16,2,10
0x5f0ce7,90.2174%,18,166,184,139,5,13,27
0x8c618c,96.4%,18,482,500,0,0,18,482
0xa230cd,95.6098%,18,392,410,0,0,18,392
0x9f812b,90.5759%,18,173,191,173,18,0,0
0x926bff,99.3898%,18,2932,2950,2929,7,11,3
0x5958b3,57.1429%,18,24,42,24,18,0,0
0x631901,91.3462%,18,190,208,145,11,7,45
0x761614,86.3636%,18,114,132,43,1,17,71
0x926b66,94.8571%,18,332,350,332,11,7,0
0x5fc9ed,79.5455%,18,70,88,54,12,6,16
0x429e1d,67.8571%,18,38,56,38,10,8,0
0x681c27,65.3846%,18,34,52,34,16,2,0
0x8bef85,91.3462%,18,190,208,150,6,12,40
0x8a897e,91.4286%,18,192,210,192,8,10,0
0x7e8467,65.3846%,18,34,52,34,16,2,0
0x759865,91.3462%,18,190,208,54,8,10,136
0x7e737c,65.3846%,18,34,52,34,16,2,0
0x7694dd,94.2308%,18,294,312,197,11,7,97
0x64dab9,99.9925%,18,239982,240000,239982,18,0,0
0x65a263,95.4082%,18,374,392,285,9,9,89
0x7724f7,91.3462%,18,190,208,190,10,8,0
0x429fb4,95.5%,18,382,400,0,0,18,382
0x5f14d8,99.1228%,18,2034,2052,63,13,5,1971
0xa762a7,99.8061%,18,9264,9282,0,0,18,9264
0x6315e1,91.8269%,17,191,208,153,3,14,38
0x63be60,91.8269%,17,191,208,191,9,8,0
0x92c6d6,99.8365%,17,10383,10400,7784,16,1,2599
0x9615d6,89.3082%,17,142,159,0,0,17,142
0x928883,99.6374%,17,4671,4688,1207,9,8,3464
0x757a26,67.3077%,17,35,52,35,15,2,0
0x63aa13,95.75%,17,383,400,383,9,8,0
0x92a3e2,99.6493%,17,4830,4847,4675,13,4,155
0x6575bd,91.8269%,17,191,208,150,6,11,41
0x617047,91.8269%,17,191,208,152,4,13,39
0x75d376,89.881%,17,151,168,13,16,1,138
0x608aaa,90.3409%,17,159,176,129,1,16,30
0x65d7e1,99.8365%,17,10383,10400,7792,8,9,2591
0x76fbad,29.1667%,17,7,24,2,15,2,5
0x635c91,95.75%,17,383,400,299,1,16,84
0x5f0ade,99.6295%,17,4571,4588,0,0,17,4571
0x66b852,91.8269%,17,191,208,155,1,16,36
0x5f3239,55.2632%,17,21,38,9,5,12,12
0x63cf59,95.75%,17,383,400,383,9,8,0
0xa8dc69,99.6374%,17,4672,4689,0,0,17,4672
0x8c613b,99.9346%,17,25983,26000,12989,11,6,12994
0x8bf4df,67.3077%,17,35,52,35,15,2,0
0x65845c,99.98%,17,85159,85176,63867,15,2,21292
0x407485,52.7778%,17,19,36,19,17,0,0
0x6045fc,61.3636%,17,27,44,27,17,0,0
0xa0ee60,99.9741%,17,65739,65756,65739,17,0,0
0xa3942e,99.9411%,17,28829,28846,28829,17,0,0
0x64ed03,98.6719%,17,1263,1280,0,0,17,1263
0x7613ba,71.1864%,17,42,59,31,7,10,11
0x75c465,61.3636%,17,27,44,0,0,17,27
0xa0ebd9,99.9803%,17,86277,86294,86245,9,8,32
0x774c60,67.3077%,17,35,52,35,15,2,0
0x92a433,89.3082%,17,142,159,24,6,11,118
0x7582f8,56.4103%,17,22,39,22,17,0,0
0x66f172,98.1027%,17,879,896,659,13,4,220
0x76289e,86.5079%,17,109,126,109,11,6,0
0x7621d5,87.1212%,17,115,132,86,2,15,29
0x598c44,46.875%,17,15,32,0,16,1,15
0x5949a1,91.8269%,17,191,208,191,9,8,0
0x778b9f,91.5%,17,183,200,183,9,8,0
0xa389de,96.1098%,17,420,437,386,5,12,34
0x64531e,84.1121%,17,90,107,0,0,17,90
0x5f3fe1,57.5%,17,23,40,19,5,12,4
0x8bebc6,67.3077%,17,35,52,35,15,2,0
0x92cbab,99.8365%,17,10383,10400,7794,6,11,2589
0x75c62f,94.8795%,17,315,332,2,6,11,313
0xa820af,88.3562%,17,129,146,95,5,12,34
0x6e6b10,91.8269%,17,191,208,189,9,8,2
0x407444,52.7778%,17,19,36,19,17,0,0
0xa0f979,90.3409%,17,159,176,159,17,0,0
0x4030f7,34.6154%,17,9,26,9,17,0,0
0x75bbfa,90.3409%,17,159,176,151,17,0,8
0x5f3a10,71.6667%,17,43,60,14,16,1,29
0x768ff5,46.875%,17,15,32,7,15,2,8
0x645ca3,99.8365%,17,10383,10400,0,0,17,10383
0x5f4a01,62.2222%,17,28,45,2,8,9,26
0x7597b0,67.3077%,17,35,52,35,15,2,0
0x64ce65,94.6875%,17,303,320,223,17,0,80
0x5ea07b,92.1296%,17,199,216,151,11,6,48
0x777ebd,91.8269%,17,191,208,191,9,8,0
0x773a7d,67.3077%,17,35,52,35,15,2,0
0x659466,91.8269%,17,191,208,141,15,2,50
0x8c543e,99.6731%,17,5183,5200,2594,6,11,2589
0x63bd50,91.8269%,17,191,208,191,9,8,0
0x5f4997,62.2222%,17,28,45,23,6,11,5
0x667599,67.3077%,17,35,52,35,15,2,0
0x63d6c1,91.8269%,17,191,208,191,9,8,0
0x590b65,46.875%,17,15,32,0,0,17,15
0x765c28,94.5513%,17,295,312,205,3,14,90
0x63a4e2,95.75%,17,383,400,383,9,8,0
0x7b1454,67.3077%,17,35,52,35,15,2,0
0x647691,95.75%,17,383,400,289,11,6,94
0x76706f,46.875%,17,15,32,15,13,4,0
0x642837,91.8269%,17,191,208,148,8,9,43
0x6313bb,91.8269%,17,191,208,155,1,16,36
0x6215bf,64.5833%,17,31,48,27,9,8,4
0x65acdd,79.7619%,17,67,84,67,3,14,0
0x7ce4c3,66%,17,33,50,33,15,2,0
0x688848,67.3077%,17,35,52,35,15,2,0
0x63a743,95.75%,17,383,400,383,9,8,0
0x41cbd1,73.4375%,17,47,64,0,0,17,47
0x64f288,99.9479%,17,32623,32640,16627,13,4,15996
0x66ec16,67.3077%,17,35,52,35,15,2,0
0x63c862,93.3852%,17,240,257,0,0,17,240
0xa0efdd,99.5634%,17,3877,3894,0,0,17,3877
0x66e843,92.3077%,16,192,208,146,10,6,46
0x961715,89.9371%,16,143,159,143,16,0,0
0x64a77b,84%,16,84,100,84,16,0,0
0x6035d3,96.1538%,16,400,416,400,0,16,0
0x76891a,83.3333%,16,80,96,0,0,16,80
0x5999b9,50%,16,16,32,7,9,7,9
0x7a9dd8,84.6154%,16,88,104,88,12,4,0
0xa76984,99.9272%,16,21966,21982,21815,3,13,151
0xa8dc7a,99.9804%,16,81514,81530,81514,16,0,0
0xa389c0,99.9835%,16,96903,96919,0,0,16,96903
0x5f1586,99.2203%,16,2036,2052,1020,6,10,1016
0x7b1170,69.2308%,16,36,52,36,14,2,0
0x926af5,96%,16,384,400,382,8,8,2
0x8a4bb9,0%,16,0,16,0,0,16,0
0x614a94,99.7687%,16,6900,6916,0,0,16,6900
0x5e9766,70.3704%,16,38,54,0,0,16,38
0x67a4de,99.6667%,16,4784,4800,3596,4,12,1188
0x961407,89.9371%,16,143,159,0,0,16,143
0x762395,63.6364%,16,28,44,28,14,2,0
0x762ecf,57.8947%,16,22,38,1,5,11,21
0x5e6877,92%,16,184,200,134,16,0,50
0x64b073,92.3077%,16,192,208,142,14,2,50
0x66e6c2,95%,16,304,320,237,3,13,67
0x7cd3e1,69.2308%,16,36,52,36,16,0,0
0x65fbd2,90.8046%,16,158,174,158,16,0,0
0x614d63,99.7687%,16,6900,6916,0,0,16,6900
0x66003a,69.2308%,16,36,52,36,14,2,0
0x75d391,50%,16,16,32,10,12,4,6
0x631581,99.1453%,16,1856,1872,1398,6,10,458
0x599947,50%,16,16,32,6,8,8,10
0x649106,80.9524%,16,68,84,68,2,14,0
0x66ae02,92.3077%,16,192,208,146,10,6,46
0x63137d,92.3077%,16,192,208,153,3,13,39
0x5e6fca,70.3704%,16,38,54,38,16,0,0
0x757a56,69.2308%,16,36,52,36,14,2,0
0x637405,93.7743%,16,241,257,219,12,4,22
0x9ff1a7,46.6667%,16,14,30,4,16,0,10
0x5e8d85,97.8723%,16,736,752,577,2,14,159
0x6638b7,69.2308%,16,36,52,36,14,2,0
0x6d8d88,91.8367%,16,180,196,0,16,0,180
0x648d5f,71.4286%,16,40,56,29,13,3,11
0x7613ed,87.3016%,16,110,126,80,4,12,30
0x65fce8,92.3077%,16,192,208,192,16,0,0
0xa0f551,52.9412%,16,18,34,0,0,16,18
0x63ab33,96%,16,384,400,384,8,8,0
0x67a43b,80%,16,64,80,64,14,2,0
0x65a8e1,95%,16,304,320,228,12,4,76
0x429f84,84%,16,84,100,0,10,6,84
0x604702,63.6364%,16,28,44,28,16,0,0
0x603fd8,63.6364%,16,28,44,14,16,0,14
0x761be6,57.8947%,16,22,38,0,0,16,22
0x620a6e,57.8947%,16,22,38,22,10,6,0
0x63a5a2,96%,16,384,400,384,8,8,0
0x5e81f6,92.3077%,16,192,208,0,8,8,192
0xa0eea9,99.9757%,16,65740,65756,58313,7,9,7427
0x669ed4,69.2308%,16,36,52,36,14,2,0
0x616fba,92.3077%,16,192,208,156,0,16,36
0x617d53,99.5951%,16,3936,3952,0,0,16,3936
0x6d8d9d,91.1111%,16,164,180,164,0,16,0
0x632de2,99.9829%,16,93584,93600,70193,7,9,23391
0x64fc2c,69.2308%,16,36,52,0,0,16,36
0x7a8e09,84%,16,84,100,84,12,4,0
0x7e7fba,69.2308%,16,36,52,36,16,0,0
0x597ec6,92.3077%,16,192,208,192,8,8,0
0x76f34f,94.8718%,16,296,312,296,4,12,0
0x41cbdf,75%,16,48,64,48,16,0,0
0x5e6899,98.7692%,16,1284,1300,1248,2,14,36
0x60911d,92.7928%,16,206,222,205,6,10,1
0x770058,69.2308%,16,36,52,36,14,2,0
0x64b132,69.2308%,16,36,52,36,14,2,0
0x7615ab,87.8788%,16,116,132,74,14,2,42
0x8c1506,94.4828%,16,274,290,18,15,1,256
0x766548,94.4444%,16,272,288,185,7,9,87
0xa30b01,99.9185%,16,19611,19627,19609,6,10,2
0x89fc2f,75%,16,48,64,48,16,0,0
0x766981,50%,16,16,32,16,12,4,0
0x621633,53.125%,15,17,32,0,8,7,17
0x596d56,90.3846%,15,141,156,141,9,6,0
0x669986,92.7885%,15,193,208,154,2,13,39
0x596db2,97.6852%,15,633,648,478,8,7,155
0x77259f,71.1538%,15,37,52,0,0,15,37
0x92c725,99.8558%,15,10385,10400,7796,4,11,2589
0x5e773c,89.5833%,15,129,144,3,10,5,126
0x8c61ef,99.8846%,15,12985,13000,0,0,15,12985
0x6457d5,99.8558%,15,10385,10400,7791,9,6,2594
0x5a8bbd,98.2877%,15,861,876,0,0,15,861
0x76fdd0,85.5769%,15,89,104,89,11,4,0
0x617ec4,99.6204%,15,3937,3952,0,0,15,3937
0x768dff,53.125%,15,17,32,0,0,15,17
0xa3920f,99.9535%,15,32255,32270,0,0,15,32255
0x66f8f5,73.2143%,15,41,56,34,8,7,7
0x75928d,71.1538%,15,37,52,0,0,15,37
0x7bcf8d,97.1154%,15,505,520,250,10,5,255
0x5f1988,99.269%,15,2037,2052,3,10,5,2034
0x6311f1,92.7885%,15,193,208,142,14,1,51
0x652482,99.8171%,15,8188,8203,0,0,15,8188
0xa24a45,98.5646%,15,1030,1045,0,0,15,1030
0x769734,96.3942%,15,401,416,391,5,10,10
0x646f0f,71.1538%,15,37,52,37,13,2,0
0x5da473,92.7885%,15,193,208,142,14,1,51
0x63bf80,92.7885%,15,193,208,193,7,8,0
0x686eab,71.1538%,15,37,52,37,13,2,0
0xa90dbd,93.2432%,15,207,222,207,11,4,0
0x76290f,60.5263%,15,23,38,8,4,11,15
0x65e448,99.4231%,15,2585,2600,0,0,15,2585
0x7b1f12,92.7885%,15,193,208,144,12,3,49
0x636171,98.3259%,15,881,896,657,15,0,224
0x64ccd2,81.25%,15,65,80,65,13,2,0
0x64cef5,95.3125%,15,305,320,1,3,12,304
0x92a51a,95.8904%,15,350,365,344,13,2,6
0x76e336,90.625%,15,145,160,0,0,15,145
0x5e8b73,76.9231%,15,50,65,0,0,15,50
0x670202,96.3942%,15,401,416,206,2,13,195
0x7740f3,71.1538%,15,37,52,37,15,0,0
0x8beec4,92.7885%,15,193,208,193,15,0,0
0x617e44,90.1316%,15,137,152,137,7,8,0
0x7aa102,72.2222%,15,39,54,0,0,15,39
0x657e3e,71.1538%,15,37,52,37,13,2,0
0x76a22b,85.5769%,15,89,104,45,7,8,44
0x66a313,92.7885%,15,193,208,154,2,13,39
0x663c39,99.4231%,15,2585,2600,2585,13,2,0
0x652564,99.9441%,15,26832,26847,0,0,15,26832
0x686f8a,85.5769%,15,89,104,89,11,4,0
0x5a636e,72.2222%,15,39,54,39,11,4,0
0xa7853b,99.8131%,15,8009,8024,0,0,15,8009
0x630fcd,71.1538%,15,37,52,37,13,2,0
0xa2e4e8,99.9725%,15,54525,54540,0,0,15,54525
0x8bf028,92.7885%,15,193,208,145,11,4,48
0x656522,90.9091%,15,150,165,150,15,0,0
0x9e097b,98%,15,735,750,0,0,15,735
0x8c3c3a,97%,15,485,500,485,15,0,0
0x65a821,53.125%,15,17,32,10,14,1,7
0x603dcc,65.9091%,15,29,44,26,4,11,3
0x761c9b,16.6667%,15,3,18,3,13,2,0
0x5e8080,92.7885%,15,193,208,128,3,12,65
0x64ce23,95.3125%,15,305,320,304,12,3,1
0x659243,92.7885%,15,193,208,145,11,4,48
0x8c355c,85%,15,85,100,0,0,15,85
0x5ed215,71.1538%,15,37,52,37,13,2,0
0x765942,95.1923%,15,297,312,197,11,4,100
0x7612d6,64.2857%,15,27,42,27,13,2,0
0x5f0970,62.5%,15,25,40,0,0,15,25
0x7ab027,71.1538%,15,37,52,37,13,2,0
0x7afe77,73.0769%,14,38,52,38,12,2,0
0x6551d2,82.5%,14,66,80,56,4,10,10
0xa0ebc8,99.9838%,14,86280,86294,0,0,14,86280
0x9fa85e,92.6702%,14,177,191,177,14,0,0
0x64cd65,95.625%,14,306,320,237,3,11,69
0xa8dcbe,99.9828%,14,81516,81530,0,0,14,81516
0xa243fb,99.9422%,14,24192,24206,0,0,14,24192
0x758989,73.0769%,14,38,52,0,0,14,38
0x648ebf,75%,14,42,56,41,1,13,1
0x768f53,56.25%,14,18,32,6,4,10,12
0x7613d5,33.3333%,14,7,21,1,1,13,6
0x7b164e,93.2692%,14,194,208,154,2,12,40
0x927d2e,99.8524%,14,9473,9487,0,0,14,9473
0x66f983,75%,14,42,56,36,6,8,6
0x63d947,93.2692%,14,194,208,194,6,8,0
0x64f058,93.2692%,14,194,208,194,6,8,0
0x9f4f8c,94.636%,14,247,261,0,0,14,247
0x5f62e9,81.5789%,14,62,76,33,7,7,29
0x64a6b4,86%,14,86,100,86,14,0,0
0x65cd86,99.8654%,14,10386,10400,7797,3,11,2589
0x7627a6,22.2222%,14,4,18,1,11,3,3
0x66e6d7,82.5%,14,66,80,66,12,2,0
0x650085,99.7083%,14,4786,4800,3592,8,6,1194
0x8c3058,86%,14,86,100,0,0,14,86
0x7739a3,73.0769%,14,38,52,0,0,14,38
0x5a8f4d,89.5522%,14,120,134,120,14,0,0
0x618e7b,94.7368%,14,252,266,252,0,14,0
0x64a062,99.8654%,14,10386,10400,7791,9,5,2595
0x76e51e,91.25%,14,146,160,146,7,7,0
0x5e63c2,72%,14,36,50,36,14,0,0
0x65a271,85.7143%,14,84,98,84,0,14,0
0xa24423,98.8728%,14,1228,1242,0,2,12,1228
0x64b941,96.5%,14,386,400,134,5,9,252
0x66f0a2,85.7143%,14,84,98,84,0,14,0
0x64dbcb,99.7083%,14,4786,4800,3594,6,8,1192
0x8c3c25,97.2%,14,486,500,0,0,14,486
0x761bf6,63.1579%,14,24,38,20,9,5,4
0x76db78,84.0909%,14,74,88,33,11,3,41
0x961508,91.195%,14,145,159,145,14,0,0
0x403109,46.1538%,14,12,26,12,14,0,0
0x64f0d4,93.2692%,14,194,208,194,6,8,0
0x64fd05,82.5%,14,66,80,66,12,2,0
0x659300,73.0769%,14,38,52,38,12,2,0
0x66754a,93.2692%,14,194,208,149,7,7,45
0x59584b,66.6667%,14,28,42,28,14,0,0
0x8c5b33,96.5%,14,386,400,292,8,6,94
0x76d6c3,73.0769%,14,38,52,0,0,14,38
0x63bdb4,99.8654%,14,10386,10400,0,0,14,10386
0x5e99c3,86.5385%,14,90,104,50,2,12,40
0xa22393,99.9422%,14,24200,24214,0,0,14,24200
0x64be27,82.5%,14,66,80,0,0,14,66
0x66fdda,93.2692%,14,194,208,194,6,8,0
0x650464,73.0769%,14,38,52,38,12,2,0
0x618ad3,99.7976%,14,6902,6916,0,0,14,6902
0x66b082,93.2692%,14,194,208,152,4,10,42
0x66732a,93.2692%,14,194,208,143,13,1,51
0x75c675,53.3333%,14,16,30,0,0,14,16
0x757a86,73.0769%,14,38,52,38,12,2,0
0xa7a678,94.5525%,14,243,257,0,0,14,243
0x65141c,56.25%,14,18,32,18,14,0,0
0x63d5a5,93.2692%,14,194,208,194,6,8,0
0x65e02b,99.8654%,14,10386,10400,7797,3,11,2589
0x761653,68.1818%,14,30,44,30,12,2,0
0x593aba,93.2692%,14,194,208,194,6,8,0
0x8bff2f,86.9159%,14,93,107,0,0,14,93
0x7e7faf,73.0769%,14,38,52,0,0,14,38
0x429b58,83.1325%,14,69,83,68,7,7,1
0x653403,93.2692%,14,194,208,151,5,9,43
0x616af5,63.1579%,14,24,38,24,12,2,0
0x8c34e1,86%,14,86,100,0,0,14,86
0x5e8d0c,98.1383%,14,738,752,0,0,14,738
0x757818,73.0769%,14,38,52,38,12,2,0
0x76d6ac,74.0741%,14,40,54,40,12,2,0
0x667111,73.0769%,14,38,52,38,12,2,0
0x5f1b21,99.3177%,14,2038,2052,0,0,14,2038
0x64eff3,93.2692%,14,194,208,0,0,14,194
0x5fd0f9,84.0909%,14,74,88,74,14,0,0
0x64f24c,99.9571%,14,32626,32640,0,0,14,32626
0x665b73,73.0769%,14,38,52,0,0,14,38
0x8c0c8b,99.6759%,14,4305,4319,0,0,14,4305
0x6661a3,74.0741%,14,40,54,0,0,14,40
0x593e70,93.2692%,14,194,208,194,6,8,0
0x769876,74.5455%,14,41,55,0,4,10,41
0x5e7f71,64.1026%,14,25,39,25,14,0,0
0x5fcf6a,84.0909%,14,74,88,74,14,0,0
0xa2e335,99.9743%,14,54526,54540,54526,14,0,0
0xa77e7d,99.9775%,14,62237,62251,0,0,14,62237
0x6e6a96,93.2692%,14,194,208,0,0,14,194
0x659512,93.2692%,14,194,208,148,8,6,46
0x926c4e,76.2712%,14,45,59,39,12,2,6
0x5f6bb8,99.3177%,14,2038,2052,1019,7,7,1019
0x65084e,82.5%,14,66,80,66,12,2,0
0x667bb3,93.2692%,14,194,208,194,14,0,0
0x9ff0d1,96.1538%,14,350,364,0,14,0,350
0x5f39e0,76.6667%,14,46,60,29,1,13,17
0x598ecb,56.25%,14,18,32,6,12,2,12
0x95a252,93.2692%,14,194,208,146,10,4,48
0x64b8ac,99.8834%,14,11998,12012,11998,14,0,0
0xa0ed58,99.8932%,13,12158,12171,0,0,13,12158
0x9f9a56,99.9223%,13,16711,16724,16711,13,0,0
0x63bc46,93.75%,13,195,208,0,0,13,195
0x8bf3f6,99.875%,13,10387,10400,10387,13,0,0
0x6388dd,99.7801%,13,5899,5912,97,5,8,5802
0xa30863,99.9216%,13,16566,16579,0,0,13,16566
0x643c85,99.875%,13,10387,10400,10387,13,0,0
0x8c14df,95.5172%,13,277,290,24,9,4,253
0x63a422,96.75%,13,387,400,387,5,8,0
0x7ce393,75%,13,39,52,0,0,13,39
0x6458ec,75%,13,39,52,0,0,13,39
0x8c3516,87%,13,87,100,0,0,13,87
0x8a84b3,35%,13,7,20,0,0,13,7
0x8c4357,99.5%,13,2587,2600,2587,13,0,0
0x63d774,93.75%,13,195,208,0,0,13,195
0x643156,75%,13,39,52,39,13,0,0
0x7b45b3,93.75%,13,195,208,152,4,9,43
0x634b41,99.35%,13,1987,2000,1494,6,7,493
0x667723,93.75%,13,195,208,195,13,0,0
0x66fbaa,95.9375%,13,307,320,307,5,8,0
0xa79eeb,99.9811%,13,68770,68783,68770,13,0,0
0x631535,75%,13,39,52,39,11,2,0
0x9262c9,96.75%,13,387,400,0,8,5,387
0x66e8e3,96.75%,13,387,400,289,11,2,98
0x7cbd86,75%,13,39,52,0,0,13,39
0xa820b4,71.7391%,13,33,46,0,0,13,33
0x6678d6,93.75%,13,195,208,152,4,9,43
0x5f56c5,87.963%,13,95,108,0,0,13,95
0x64de92,99.9188%,13,15987,16000,0,0,13,15987
0x95a412,93.75%,13,195,208,153,3,10,42
0x66a612,75%,13,39,52,39,11,2,0
0x616e33,75%,13,39,52,0,0,13,39
0x7b27f2,75%,13,39,52,39,11,2,0
0x590bf8,59.375%,13,19,32,19,5,8,0
0x658651,85.7143%,13,78,91,77,12,1,1
0x66abe0,75%,13,39,52,39,11,2,0
0x636548,94.9416%,13,244,257,0,0,13,244
0x7b3181,75%,13,39,52,39,11,2,0
0x66fe4f,89.8438%,13,115,128,115,5,8,0
0x7d05a5,75%,13,39,52,39,11,2,0
0x7a9d8f,87.5%,13,91,104,0,0,13,91
0x755db7,93.75%,13,195,208,0,0,13,195
0x63c317,96.75%,13,387,400,387,5,8,0
0x66e5fc,83.75%,13,67,80,0,0,13,67
0x642997,75%,13,39,52,0,0,13,39
0x9e1582,86.4583%,13,83,96,83,13,0,0
0x766eee,59.375%,13,19,32,19,9,4,0
0x75f137,70.4545%,13,31,44,31,13,0,0
0x6514dc,67.5%,13,27,40,22,8,5,5
0x636ab6,94.9416%,13,244,257,0,0,13,244
0x5f45a1,87.963%,13,95,108,0,0,13,95
0x6312c1,93.75%,13,195,208,154,2,11,41
0x63d8bb,93.75%,13,195,208,0,0,13,195
0x7622d3,70.4545%,13,31,44,0,0,13,31
0x76ff63,75%,13,39,52,0,0,13,39
0x648ec4,7.14286%,13,1,14,0,0,13,1
0x429987,92.7374%,13,166,179,166,11,2,0
0x6550ec,99.8659%,13,9681,9694,0,0,13,9681
0x4030de,50%,13,13,26,13,13,0,0
0x773266,75%,13,39,52,39,13,0,0
0x63a673,96.75%,13,387,400,387,5,8,0
0x7d0687,75%,13,39,52,0,0,13,39
0x618af4,99.812%,13,6903,6916,0,0,13,6903
0x9285e3,99.7318%,13,4834,4847,4834,13,0,0
0x64d217,96.75%,13,387,400,387,13,0,0
0x42964e,93.5%,13,187,200,0,8,5,187
0x8c09d0,96.75%,13,387,400,288,12,1,99
0x757906,75%,13,39,52,39,11,2,0
0x762c09,65.7895%,13,25,38,1,5,8,24
0x64a972,99.875%,13,10387,10400,7788,12,1,2599
0x762bc8,89.6825%,13,113,126,72,10,3,41
0x63b2aa,96.131%,13,323,336,252,0,13,71
0x6da38d,18.75%,13,3,16,0,4,9,3
0x593dfe,93.75%,13,195,208,195,13,0,0
0x4073d7,63.8889%,13,23,36,23,13,0,0
0x762a5c,65.7895%,13,25,38,0,0,13,25
0x926ab8,86.7347%,13,85,98,85,5,8,0
0x8c13e4,95.5172%,13,277,290,277,13,0,0
0x6085e7,99.3056%,13,1859,1872,1859,13,0,0
0x757973,75%,13,39,52,0,0,13,39
0x4299cc,96.75%,13,387,400,202,8,5,185
0xa2e1da,99.9762%,13,54527,54540,0,0,13,54527
0x66a7c0,75%,13,39,52,39,11,2,0
0x8c0f01,96.75%,13,387,400,295,5,8,92
0x603bbf,70.4545%,13,31,44,30,6,7,1
0x648e6f,76.7857%,13,43,56,30,12,1,13
0x63c044,79.6875%,13,51,64,0,8,5,51
0xa78386,99.987%,13,99848,99861,0,0,13,99848
0x5e752f,93.75%,13,195,208,195,5,8,0
0x64b26f,75%,13,39,52,39,11,2,0
0x5e68f2,98.96%,13,1237,1250,0,0,13,1237
0x593d4e,93.75%,13,195,208,195,5,8,0
0x7bdb5f,67.5%,13,27,40,19,11,2,8
0x7613a4,69.0476%,13,29,42,0,0,13,29
0x7af727,75%,13,39,52,39,11,2,0
0x6394d5,96.75%,13,387,400,289,11,2,98
0x7b1035,75%,13,39,52,0,0,13,39
0x6313a8,75%,13,39,52,0,0,13,39
0x63bef0,93.75%,13,195,208,195,5,8,0
0x5e7598,38.0952%,13,8,21,1,12,1,7
0x7cf3b7,93.5%,13,187,200,142,8,5,45
0x7b154e,93.75%,13,195,208,148,8,5,47
0x64e74c,99.8407%,13,8147,8160,0,0,13,8147
0x92c7df,99.75%,13,5187,5200,2594,6,7,2593
0x63734a,94.9416%,13,244,257,0,0,13,244
0x42a8de,65.7895%,13,25,38,25,13,0,0
0x59985a,59.375%,13,19,32,19,9,4,0
0x63be44,99.875%,13,10387,10400,0,0,13,10387
0x76e369,18.75%,13,3,16,0,0,13,3
0x778155,93.75%,13,195,208,195,5,8,0
0x599a2a,59.375%,13,19,32,10,8,5,9
0x7587d7,75%,13,39,52,0,0,13,39
0x63c3bd,85.5556%,13,77,90,65,7,6,12
0xa78410,98.7242%,13,1006,1019,1005,12,1,1
0x66e8cc,87%,13,87,100,0,0,13,87
0x5f3a76,56.6667%,13,17,30,17,11,2,0
0x9fa897,93.1937%,13,178,191,178,13,0,0
0x7590f5,91.6667%,13,143,156,143,13,0,0
0x429910,99.4385%,12,2125,2137,1336,5,7,789
0x6433d2,99.5385%,12,2588,2600,0,0,12,2588
0xa7699f,99.9748%,12,47666,47678,47666,12,0,0
0xa76203,99.6553%,12,3469,3481,0,0,12,3469
0x64cf12,96.25%,12,308,320,232,8,4,76
0x64d585,62.5%,12,20,32,0,0,12,20
0x8c5687,99.9077%,12,12988,13000,0,0,12,12988
0x766f66,62.5%,12,20,32,0,0,12,20
0x7a9605,96.7391%,12,356,368,0,0,12,356
0x4030cc,53.8462%,12,14,26,6,0,12,8
0x4031c1,53.8462%,12,14,26,14,12,0,0
0x8c5180,88%,12,88,100,0,0,12,88
0x5f75f9,68.4211%,12,26,38,26,10,2,0
0x41cbc7,81.25%,12,52,64,0,0,12,52
0x9e14e5,87.5%,12,84,96,0,0,12,84
0xa7a53a,99.9826%,12,68769,68781,0,0,12,68769
0x653b82,94.2308%,12,196,208,151,5,7,45
0x92bd1c,97%,12,388,400,290,10,2,98
0x598c66,25%,12,4,16,0,2,10,4
0x66b923,76.9231%,12,40,52,40,10,2,0
0x8c3bed,97.6%,12,488,500,0,0,12,488
0x755f14,94.2308%,12,196,208,0,10,2,196
0x65dd98,99.5385%,12,2588,2600,0,0,12,2588
0x7bd1dc,95.3846%,12,248,260,248,12,0,0
0x64af13,94.2308%,12,196,208,148,8,4,48
0x929486,99.4558%,12,2193,2205,2098,2,10,95
0x7af5cc,76.9231%,12,40,52,40,10,2,0
0x6663b4,76.9231%,12,40,52,40,10,2,0
0x64b976,97%,12,388,400,388,4,8,0
0x7b1393,76.9231%,12,40,52,0,0,12,40
0x75c687,60%,12,18,30,18,12,0,0
0xa782f7,99.9344%,12,18281,18293,18281,12,0,0
0xa768e5,99.9826%,12,68944,68956,0,0,12,68944
0x7cdb33,76.9231%,12,40,52,0,0,12,40
0x756151,96.9697%,12,384,396,292,1,11,92
0x603456,25%,12,4,16,0,0,12,4
0x599099,88.4615%,12,92,104,92,8,4,0
0x928f91,92.4528%,12,147,159,0,0,12,147
0x590ade,97.1154%,12,404,416,0,0,12,404
0x8c568f,99.9077%,12,12988,13000,12988,12,0,0
0x595534,98.0769%,12,612,624,0,0,12,612
0x65564f,99.9556%,12,27018,27030,13513,2,10,13505
0x7cf053,76.9231%,12,40,52,0,0,12,40
0x63696b,95.3307%,12,245,257,0,0,12,245
0x631481,76.9231%,12,40,52,40,10,2,0
0x7b175f,94.2308%,12,196,208,148,8,4,48
0x617eff,99.6964%,12,3940,3952,0,0,12,3940
0x63bbe2,81.25%,12,52,64,0,8,4,52
0x66b562,76.9231%,12,40,52,40,10,2,0
0x598d19,76.9231%,12,40,52,40,10,2,0
0x633911,96.25%,12,308,320,230,10,2,78
0x8bf3de,98.9483%,12,1129,1141,0,0,12,1129
0x5e7133,75%,12,36,48,0,0,12,36
0x64ec21,62.5%,12,20,32,0,0,12,20
0x95a059,94.2308%,12,196,208,146,10,2,50
0x926c1a,88.2353%,12,90,102,76,12,0,14
0x6310b1,94.2308%,12,196,208,151,5,7,45
0xa768dd,99.9826%,12,68944,68956,0,0,12,68944
0x64f1e0,99.9632%,12,32628,32640,0,0,12,32628
0x761c1e,68.4211%,12,26,38,1,0,12,25
0x66e82c,76.9231%,12,40,52,0,0,12,40
0x5f4b6d,96.5318%,12,334,346,266,7,5,68
0x403186,53.8462%,12,14,26,14,12,0,0
0x633991,70%,12,28,40,28,2,10,0
0x5a8d13,98.6301%,12,864,876,864,12,0,0
0x60914f,77.7778%,12,42,54,1,10,2,41
0x7621b8,72.7273%,12,32,44,0,0,12,32
0x8c699a,88%,12,88,100,0,0,12,88
0x6550f6,99.8762%,12,9683,9695,0,0,12,9683
0x687e22,76.9231%,12,40,52,40,10,2,0
0x5998d0,62.5%,12,20,32,19,9,3,1
0x5da781,94.2308%,12,196,208,146,10,2,50
0x6180fb,92.1053%,12,140,152,140,4,8,0
0x66abd1,94.2308%,12,196,208,150,6,6,46
0x665ac2,76.9231%,12,40,52,40,10,2,0
0x642d76,76.9231%,12,40,52,40,12,0,0
0x7aae45,71.4286%,12,30,42,0,0,12,30
0x64554f,94.2308%,12,196,208,145,11,1,51
0x7aa013,88%,12,88,100,0,0,12,88
0x66abbc,76.9231%,12,40,52,0,0,12,40
0x6350e5,76.9231%,12,40,52,40,10,2,0
0x5e7f5a,76.9231%,12,40,52,40,12,0,0
0x76f689,14.2857%,12,2,14,0,0,12,2
0x66b862,76.9231%,12,40,52,40,10,2,0
0x6639d6,85%,12,68,80,68,10,2,0
0x5e76cf,7.69231%,12,1,13,0,0,12,1
0x65ef93,99.5385%,12,2588,2600,0,0,12,2588
0x7a8f1b,87.5%,12,84,96,84,8,4,0
0x65239e,99.8537%,12,8191,8203,8191,12,0,0
0x631389,76.9231%,12,40,52,40,10,2,0
0x5fc94a,86.3636%,12,76,88,76,12,0,0
0x63d664,94.2308%,12,196,208,0,0,12,196
0x621153,98.5577%,12,820,832,619,5,7,201
0x7b2208,76.9231%,12,40,52,40,10,2,0
0x42a6cc,90.3226%,12,112,124,112,6,6,0
0x6593a6,94.2308%,12,196,208,147,9,3,49
0x686fd1,88.4615%,12,92,104,92,8,4,0
0x64c8ed,97%,12,388,400,388,4,8,0
0x8c61ca,99.9077%,12,12988,13000,0,0,12,12988
0x5f6cb3,99.4152%,12,2040,2052,1018,8,4,1022
0x644285,76.9231%,12,40,52,40,10,2,0
0x961954,92.4528%,12,147,159,0,0,12,147
0x65487f,99.99%,12,120396,120408,8515,6,6,111881
0xa246e2,98.1846%,12,649,661,0,0,12,649
0x65c939,99.8846%,12,10388,10400,10388,12,0,0
0xa77fc9,99.9482%,12,23150,23162,0,0,12,23150
0xa0ebd2,99.9861%,12,86282,86294,86282,12,0,0
0x653644,76.9231%,12,40,52,0,0,12,40
0x7619a0,77.7778%,12,42,54,0,1,11,42
0x6215b4,75%,12,36,48,0,0,12,36
0x631301,94.2308%,12,196,208,147,9,3,49
0x686b03,76.9231%,12,40,52,0,0,12,40
0x66b202,94.2308%,12,196,208,153,3,9,43
0x66edbc,99.5385%,12,2588,2600,0,0,12,2588
0x7b3293,94.2308%,12,196,208,153,3,9,43
0x63130d,76.9231%,12,40,52,40,10,2,0
0x6699d2,76.9231%,12,40,52,40,10,2,0
0xa90c41,76%,12,38,50,28,6,6,10
0x681b8d,78.8462%,11,41,52,0,0,11,41
0x7e749b,92.9487%,11,145,156,145,5,6,0
0x5e6625,78%,11,39,50,0,0,11,39
0x75c50a,93.75%,11,165,176,8,2,9,157
0xa7a6cc,95.7198%,11,246,257,246,11,0,0
0x609040,81.0345%,11,47,58,47,11,0,0
0x5e76f4,75.5556%,11,34,45,4,9,2,30
0x618254,92.7632%,11,141,152,141,3,8,0
0x4031fa,57.6923%,11,15,26,3,9,2,12
0x6d92b2,31.25%,11,5,16,0,0,11,5
0x7a9801,97.25%,11,389,400,293,7,4,96
0x66f0b5,21.4286%,11,3,14,3,9,2,0
0x6546da,99.8709%,11,8510,8521,8510,11,0,0
0x7621ec,75%,11,33,44,0,0,11,33
0xa90ebd,98.8121%,11,915,926,0,0,11,915
0x608b58,93.75%,11,165,176,0,0,11,165
0x7588ff,60.7143%,11,17,28,0,1,10,17
0x65a72c,96.5625%,11,309,320,309,7,4,0
0x42a4cd,54.1667%,11,13,24,13,3,8,0
0x75d380,92.0863%,11,128,139,0,0,11,128
0x603ab8,75%,11,33,44,28,8,3,5
0x407473,69.4444%,11,25,36,1,11,0,24
0xa797e1,93.6416%,11,162,173,0,0,11,162
0x96139a,93.0818%,11,148,159,0,0,11,148
0x64fb5d,86.25%,11,69,80,69,9,2,0
0xa2270d,98.5545%,11,750,761,750,11,0,0
0x778d5a,94.5%,11,189,200,189,3,8,0
0x7e6762,78.8462%,11,41,52,0,0,11,41
0x63c36f,97.25%,11,389,400,389,3,8,0
0x6211c7,71.0526%,11,27,38,27,11,0,0
0x64660f,78.8462%,11,41,52,41,9,2,0
0x632d62,99.9882%,11,93589,93600,70195,5,6,23394
0x762462,71.0526%,11,27,38,0,0,11,27
0x8c095f,96.2069%,11,279,290,0,0,11,279
0x644740,99.8942%,11,10389,10400,7798,2,9,2591
0x63859f,95.7198%,11,246,257,0,0,11,246
0x64f106,65.625%,11,21,32,0,0,11,21
0x63726c,95.7198%,11,246,257,0,0,11,246
0xa796a3,93.7143%,11,164,175,163,10,1,1
0x404a85,50%,11,11,22,1,5,6,10
0x631011,94.7115%,11,197,208,146,10,1,51
0x666222,78.8462%,11,41,52,41,9,2,0
0x65ab2c,98.7723%,11,885,896,885,11,0,0
0x657d35,94.7115%,11,197,208,146,10,1,51
0x5e8939,31.25%,11,5,16,0,0,11,5
0x7d0636,78.8462%,11,41,52,41,9,2,0
0x76ccdb,75%,11,33,44,33,9,2,0
0x655734,99.9186%,11,13504,13515,0,0,11,13504
0x7b1f29,78.8462%,11,41,52,41,9,2,0
0x67a69e,99.7708%,11,4789,4800,3596,4,7,1193
0x66a7b1,94.7115%,11,197,208,152,4,7,45
0x655131,99.6995%,11,3650,3661,20,0,11,3630
0x64fa78,99.725%,11,3989,4000,0,0,11,3989
0x634b4d,97.8%,11,489,500,489,1,10,0
0x8bfe87,99.5769%,11,2589,2600,0,0,11,2589
0xa0f95a,96.7262%,11,325,336,155,5,6,170
0x6311a1,94.7115%,11,197,208,151,5,6,46
0x76e534,93.125%,11,149,160,109,11,0,40
0x8c418e,89%,11,89,100,89,11,0,0
0x76cf19,78.8462%,11,41,52,41,9,2,0
0x7b3173,94.7115%,11,197,208,145,11,0,52
0xa31c1c,99.9742%,11,42557,42568,0,0,11,42557
0x75ed91,81.3559%,11,48,59,6,9,2,42
0xa308b5,99.8521%,11,7425,7436,0,0,11,7425
0x66a8a1,94.7115%,11,197,208,150,6,5,47
0x64d966,99.0833%,11,1189,1200,0,0,11,1189
0x596e0a,92.9487%,11,145,156,0,0,11,145
0x64d99b,86.25%,11,69,80,69,9,2,0
0x63385f,63.3333%,11,19,30,19,9,2,0
0x666ef7,94.7115%,11,197,208,197,3,8,0
0x77409d,78.8462%,11,41,52,0,0,11,41
0x64f1f3,99.9663%,11,32629,32640,0,0,11,32629
0x92a516,96.9863%,11,354,365,0,0,11,354
0x42a81d,73.8095%,11,31,42,31,11,0,0
0x614ade,99.8409%,11,6905,6916,6905,11,0,0
0xa820bb,76.087%,11,35,46,4,4,7,31
0x64eeb3,94.7115%,11,197,208,197,3,8,0
0x76683f,65.625%,11,21,32,0,0,11,21
0x774a41,78.8462%,11,41,52,41,9,2,0
0x64c994,97.25%,11,389,400,389,3,8,0
0x762bda,75%,11,33,44,3,3,8,30
0x64efa3,94.7115%,11,197,208,197,3,8,0
0x64aac2,97.25%,11,389,400,300,0,11,89
0x7aaeef,79.6296%,11,43,54,43,9,2,0
0x7619cb,79.2453%,11,42,53,36,6,5,6
0x5fcc28,87.5%,11,77,88,67,7,4,10
0x6593b4,78.8462%,11,41,52,41,9,2,0
0x8c358a,89%,11,89,100,0,0,11,89
0x7b345c,78.8462%,11,41,52,0,0,11,41
0x8bf416,99.7281%,11,4035,4046,4035,11,0,0
0x5fd0bc,87.5%,11,77,88,77,11,0,0
0x66f923,80.3571%,11,45,56,31,11,0,14
0x8c64f2,99.56%,11,2489,2500,0,0,11,2489
0xa31e0f,99.8965%,11,10614,10625,0,0,11,10614
0x5f4078,42.1053%,11,8,19,8,7,4,0
0x63cf42,92.3077%,11,132,143,0,0,11,132
0x404bbc,50%,11,11,22,11,11,0,0
0x599157,65.625%,11,21,32,21,11,0,0
0x6373f0,97.7366%,11,475,486,475,11,0,0
0x598eed,21.4286%,11,3,14,2,0,11,1
0x5f42b5,50%,11,11,22,1,6,5,10
0x658b1e,99.8401%,11,6869,6880,0,0,11,6869
0x8c5153,99.5769%,11,2589,2600,0,0,11,2589
0x65ca5c,94.7115%,11,197,208,197,3,8,0
0xa38b82,72.5%,11,29,40,29,11,0,0
0x65cec4,78.8462%,11,41,52,41,9,2,0
0x7625dc,38.8889%,11,7,18,4,2,9,3
0x8c1493,97.25%,11,389,400,389,11,0,0
0x631767,97.6496%,11,457,468,0,0,11,457
0x773bb1,78.8462%,11,41,52,41,9,2,0
0xa2237a,99.9462%,11,20447,20458,0,0,11,20447
0x641f79,78.8462%,11,41,52,41,9,2,0
0x6f53c9,94.7115%,11,197,208,147,9,2,50
0x64be77,99.725%,11,3989,4000,0,0,11,3989
0x666902,79.6296%,11,43,54,43,9,2,0
0x758c63,78.8462%,11,41,52,0,0,11,41
0x92703f,79.6296%,11,43,54,0,0,11,43
0x63c95a,95.7198%,11,246,257,0,0,11,246
0x631851,94.7115%,11,197,208,151,5,6,46
0x4299d6,94.2105%,11,179,190,152,0,11,27
0x7a9d68,31.25%,11,5,16,1,11,0,4
0x403153,57.6923%,11,15,26,15,5,6,0
0x8c159f,89%,11,89,100,2,8,3,87
0x7ce4b7,94.5%,11,189,200,141,9,2,48
0x5e9e0e,94.7115%,11,197,208,98,6,5,99
0xa761f9,99.684%,11,3470,3481,0,0,11,3470
0xa0f53f,67.6471%,11,23,34,0,0,11,23
0x608907,75%,11,33,44,33,9,2,0
0x63cf44,92.3077%,11,132,143,132,11,0,0
0x767432,31.25%,11,5,16,0,0,11,5
0x67a408,86.25%,11,69,80,0,0,11,69
0xa30855,99.9345%,11,16776,16787,16776,11,0,0
0x755f3b,94.4444%,11,187,198,159,3,8,28
0x63bd34,99.8942%,11,10389,10400,0,0,11,10389
0x761618,87.5%,11,77,88,71,2,9,6
0x5f3473,99.4433%,11,1965,1976,1965,11,0,0
0x7e886f,78.8462%,11,41,52,41,9,2,0
0x62368c,95.7692%,11,249,260,249,1,10,0
0x926b0f,97.25%,11,389,400,389,3,8,0
0x4023a2,50%,11,11,22,11,11,0,0
0x64beb5,99.9313%,11,15989,16000,15989,11,0,0
0x7a9623,97.0109%,11,357,368,0,0,11,357
0x615223,92.7632%,11,141,152,141,3,8,0
0x7590d0,94.7115%,11,197,208,0,2,9,197
0x63bdd0,94.7115%,11,197,208,197,3,8,0
0x9f5824,21.4286%,11,3,14,0,0,11,3
0x927c15,96.9863%,11,354,365,0,0,11,354
0x6d9286,31.25%,11,5,16,0,0,11,5
0x75ccb5,78.8462%,11,41,52,41,9,2,0
0x663a09,99.0833%,11,1189,1200,1189,9,2,0
0x762054,68.75%,10,22,32,0,0,10,22
0x5e7de8,23.0769%,10,3,13,0,0,10,3
0x5f3629,99.4939%,10,1966,1976,0,0,10,1966
0x6675f1,80.7692%,10,42,52,42,8,2,0
0x7e75da,80.7692%,10,42,52,42,10,0,0
0x7781de,68.75%,10,22,32,0,0,10,22
0x59486f,95.1923%,10,198,208,0,0,10,198
0x7cb982,80.7692%,10,42,52,0,0,10,42
0x7cd713,80.7692%,10,42,52,0,0,10,42
0xa76907,99.979%,10,47668,47678,0,0,10,47668
0x5f63cd,99.0253%,10,1016,1026,0,0,10,1016
0x633eed,87.5%,10,70,80,70,8,2,0
0x681bcf,80.7692%,10,42,52,42,10,0,0
0x92b05d,90%,10,90,100,0,0,10,90
0x667a6b,80.7692%,10,42,52,42,8,2,0
0x7783f4,95%,10,190,200,0,0,10,190
0x63c86f,96.1089%,10,247,257,154,7,3,93
0x665b52,80.7692%,10,42,52,42,8,2,0
0xa222f5,99.9587%,10,24204,24214,0,0,10,24204
0x6660b3,80.7692%,10,42,52,0,0,10,42
0x63dc0f,95.1923%,10,198,208,198,2,8,0
0x686a7b,95.1923%,10,198,208,153,3,7,45
0x6044f6,77.2727%,10,34,44,34,10,0,0
0x8beb4d,80.7692%,10,42,52,0,0,10,42
0x598a93,79.1667%,10,38,48,0,0,10,38
0x76e40f,37.5%,10,6,16,0,0,10,6
0x643638,99.6154%,10,2590,2600,0,0,10,2590
0x616ed6,80.7692%,10,42,52,42,10,0,0
0x5ecaad,80.7692%,10,42,52,42,8,2,0
0x403292,61.5385%,10,16,26,0,6,4,16
0x5f2ceb,81.4815%,10,44,54,44,8,2,0
0x8c4d43,99.6154%,10,2590,2600,0,0,10,2590
0x761d72,52.381%,10,11,21,0,0,10,11
0x756c16,80.7692%,10,42,52,0,0,10,42
0xa769de,99.953%,10,21268,21278,21268,8,2,0
0x6434fd,80.7692%,10,42,52,42,8,2,0
0x75d4df,98.8636%,10,870,880,0,10,0,870
0x6f4d1a,95.1923%,10,198,208,147,9,1,51
0x758e77,95.1923%,10,198,208,0,0,10,198
0x5987c7,99.1987%,10,1238,1248,0,0,10,1238
0x76b149,92.0635%,10,116,126,0,0,10,116
0x763464,80.7692%,10,42,52,42,8,2,0
0x64f3a2,68.75%,10,22,32,22,2,8,0
0x4298af,90.6542%,10,97,107,0,0,10,97
0x66357a,80.7692%,10,42,52,42,8,2,0
0x7bd25f,96.1538%,10,250,260,250,0,10,0
0x5ed57f,80.7692%,10,42,52,42,10,0,0
0x63da32,99.1236%,10,1131,1141,0,0,10,1131
0x66a6c2,95.1923%,10,198,208,152,4,6,46
0x5983e0,90.3846%,10,94,104,94,6,4,0
0x639c14,96.1089%,10,247,257,0,1,9,247
0x64a7ad,90%,10,90,100,90,10,0,0
0x8c539a,90%,10,90,100,0,0,10,90
0x8c4fc3,99.6154%,10,2590,2600,0,0,10,2590
0x64b91c,97.5%,10,390,400,128,9,1,262
0x7aa74a,80.7692%,10,42,52,0,0,10,42
0x75c685,96.9136%,10,314,324,290,4,6,24
0x42ae8d,58.3333%,10,14,24,7,9,1,7
0x617f9b,93.4211%,10,142,152,142,2,8,0
0x7682c0,90.3846%,10,94,104,0,0,10,94
0x7cdf83,80.7692%,10,42,52,0,0,10,42
0x5f0b1d,99.891%,10,9166,9176,4581,7,3,4585
0x75683c,95.1923%,10,198,208,198,10,0,0
0x66f07c,89.7959%,10,88,98,0,0,10,88
0x8beea1,95.1923%,10,198,208,0,0,10,198
0x7afd9d,90.3846%,10,94,104,42,10,0,52
0x7b3433,80.7692%,10,42,52,42,8,2,0
0x667389,80.7692%,10,42,52,42,8,2,0
0x669dd2,80.7692%,10,42,52,42,8,2,0
0x631781,99.4658%,10,1862,1872,1397,7,3,465
0xa765e1,80.7692%,10,42,52,0,0,10,42
0x6512ac,99.7917%,10,4790,4800,3592,8,2,1198
0x638719,96.1089%,10,247,257,0,0,10,247
0x5e9d12,90.3846%,10,94,104,0,0,10,94
0x76d666,80.7692%,10,42,52,42,8,2,0
0x6676df,95.1923%,10,198,208,151,5,5,47
0x5e77a3,23.0769%,10,3,13,0,0,10,3
0x7b3472,95.1923%,10,198,208,147,9,1,51
0x5ea7a7,80.7692%,10,42,52,42,8,2,0
0x6d92f5,37.5%,10,6,16,4,8,2,2
0x8a7a39,90.4762%,10,95,105,93,8,2,2
0xa2e8ee,99.9735%,10,37679,37689,0,0,10,37679
0x7694ee,90.3846%,10,94,104,94,6,4,0
0x75e78c,92.0635%,10,116,126,116,4,6,0
0x66fa18,28.5714%,10,4,14,4,8,2,0
0x644aaf,80.7692%,10,42,52,42,8,2,0
0x63150e,80.7692%,10,42,52,0,0,10,42
0x961628,93.7107%,10,149,159,149,10,0,0
0x75c289,93.5484%,10,145,155,137,10,0,8
0x597e06,95.1923%,10,198,208,198,2,8,0
0x960be7,93.7107%,10,149,159,0,0,10,149
0xa90c5b,54.5455%,10,12,22,5,9,1,7
0x429ecc,90.9091%,10,100,110,0,0,10,100
0x617f07,99.747%,10,3942,3952,3942,10,0,0
0x8c5043,99.6154%,10,2590,2600,0,0,10,2590
0x5f4481,54.5455%,10,12,22,8,10,0,4
0x633951,68.75%,10,22,32,22,2,8,0
0x9f7d0a,99.5103%,10,2032,2042,0,0,10,2032
0xa77e4e,98.8304%,10,845,855,0,0,10,845
0x66b6d2,95.1923%,10,198,208,149,7,3,49
0x8c4b3d,90%,10,90,100,0,0,10,90
0x5e672b,80%,10,40,50,0,0,10,40
0x6640cd,28.5714%,10,4,14,4,8,2,0
0x643e76,99.9038%,10,10390,10400,10390,10,0,0
0x9f5e00,98.9562%,10,948,958,948,10,0,0
0x7a919a,37.5%,10,6,16,4,8,2,2
0x7b23b5,80.7692%,10,42,52,0,0,10,42
0x667394,80.7692%,10,42,52,0,0,10,42
0x64d28f,97.5%,10,390,400,0,0,10,390
0x7739c2,80.7692%,10,42,52,0,0,10,42
0x76b2a7,76.1905%,10,32,42,31,9,1,1
0x8a4bf0,37.5%,10,6,16,0,0,10,6
0x5fca4b,88.6364%,10,78,88,76,4,6,2
0x645ec9,99.7592%,10,4143,4153,4143,10,0,0
0x644893,80.7692%,10,42,52,0,0,10,42
0x63149d,80.7692%,10,42,52,0,0,10,42
0x5f4d7d,81.4815%,10,44,54,44,8,2,0
0x8c52f2,99.9231%,10,12990,13000,0,0,10,12990
0x608a5d,77.2727%,10,34,44,0,0,10,34
0x642e98,80.7692%,10,42,52,42,8,2,0
0x7bd5bf,0%,10,0,10,0,10,0,0
0x8c425b,90%,10,90,100,0,0,10,90
0xa233b9,98.1343%,10,526,536,0,0,10,526
0x9ff099,28.5714%,10,4,14,4,10,0,0
0x5ea412,23.0769%,10,3,13,2,6,4,1
0xa79792,87.8049%,10,72,82,72,10,0,0
0x666393,80.7692%,10,42,52,0,0,10,42
0x76ad30,80.7692%,10,42,52,0,0,10,42
0x75cead,50%,10,10,20,2,9,1,8
0x5f4b80,86.3014%,10,63,73,63,6,4,0
0x7cc976,93.5897%,10,146,156,146,10,0,0
0x7b0be1,80.7692%,10,42,52,42,8,2,0
0x7cbd31,80.7692%,10,42,52,0,0,10,42
0x63d7d1,95.1923%,10,198,208,198,2,8,0
0x618ee3,99.8554%,10,6906,6916,0,0,10,6906
0xa303fd,99.8944%,10,9464,9474,0,0,10,9464
0x757ba6,81.4815%,10,44,54,44,8,2,0
0x64cb2a,99.9375%,10,15990,16000,0,0,10,15990
0x7a9648,97.2826%,10,358,368,0,0,10,358
0x8c6578,99.6%,10,2490,2500,2490,10,0,0
0x76595f,90.3846%,10,94,104,94,6,4,0
0x64bdae,87.5%,10,70,80,70,8,2,0
0x76afc3,92.4242%,10,122,132,120,6,4,2
0x7b151f,80.7692%,10,42,52,0,0,10,42
0x7cc6be,80.7692%,10,42,52,42,10,0,0
0x769021,68.75%,10,22,32,2,5,5,20
0x63a308,90%,10,90,100,0,0,10,90
0xa769ae,99.979%,10,47668,47678,25691,5,5,21977
0x590a6c,68.75%,10,22,32,14,10,0,8
0x597f12,50%,10,10,20,3,3,7,7
0x75e074,28.5714%,10,4,14,4,8,2,0
0x405097,54.5455%,10,12,22,7,9,1,5
0x8beefe,95.1923%,10,198,208,198,10,0,0
0x636c86,96.1089%,10,247,257,0,0,10,247
0xa309d4,99.8655%,10,7426,7436,7426,10,0,0
0x9fb7d8,96.1686%,10,251,261,251,10,0,0
0x8c676f,98%,10,490,500,393,7,3,97
0x9f5cd6,97.8814%,10,462,472,0,0,10,462
0x960c2b,93.7107%,10,149,159,0,0,10,149
0x9f99d4,98.2363%,10,557,567,253,2,8,304
0x5fcabb,88.6364%,10,78,88,78,2,8,0
0x768642,90.3846%,10,94,104,94,6,4,0
0xa38b78,75%,10,30,40,0,0,10,30
0x5e8356,96.6887%,10,292,302,0,0,10,292
0x62158f,16.6667%,10,2,12,0,0,10,2
0x77903e,95.1923%,10,198,208,198,2,8,0
0x64c80d,87.5%,10,70,80,70,8,2,0
0x618c23,99.8554%,10,6906,6916,0,0,10,6906
0x759571,95.1923%,10,198,208,0,0,10,198
0x75ddd5,35.7143%,9,5,14,0,0,9,5
0x6d8f58,82.6923%,9,43,52,0,0,9,43
0x9fb4e8,96.5517%,9,252,261,1,3,6,251
0x63c796,96.4981%,9,248,257,0,0,9,248
0x9289bd,94.3396%,9,150,159,0,0,9,150
0x65a8cc,97.1875%,9,311,320,311,9,0,0
0x607fa7,95.6731%,9,199,208,199,9,0,0
0x687d52,82.6923%,9,43,52,0,0,9,43
0x9fb4f7,96.5517%,9,252,261,0,0,9,252
0x636c7e,98.8327%,9,762,771,508,6,3,254
0x655488,99.9334%,9,13506,13515,0,0,9,13506
0x63133f,95.6731%,9,199,208,154,2,7,45
0x7732d1,82.6923%,9,43,52,43,7,2,0
0x63c420,90%,9,81,90,81,3,6,0
0x6d8850,43.75%,9,7,16,2,2,7,5
0x6e688a,82.6923%,9,43,52,0,0,9,43
0x6310bd,82.6923%,9,43,52,43,7,2,0
0x687d02,82.6923%,9,43,52,0,0,9,43
0x5987d4,99.2788%,9,1239,1248,1239,9,0,0
0x665aa3,82.6923%,9,43,52,0,0,9,43
0x75c48e,94.8864%,9,167,176,166,2,7,1
0x9e0d26,90.2174%,9,83,92,0,0,9,83
0x773941,82.6923%,9,43,52,43,7,2,0
0x926a58,90.8163%,9,89,98,0,0,9,89
0x8c0d07,97.75%,9,391,400,298,2,7,93
0x9e0de7,70%,9,21,30,21,9,0,0
0x75cf49,79.5455%,9,35,44,35,7,2,0
0x6037e5,79.5455%,9,35,44,35,9,0,0
0x7611a2,60.8696%,9,14,23,0,0,9,14
0x5e69c6,99.28%,9,1241,1250,1241,9,0,0
0x663cab,95.9821%,9,215,224,215,7,2,0
0x760cde,93.1818%,9,123,132,70,3,6,53
0x66e627,88.75%,9,71,80,71,7,2,0
0x65986c,82.6923%,9,43,52,0,0,9,43
0x7a9181,43.75%,9,7,16,3,9,0,4
0x6443f6,99.9135%,9,10391,10400,10391,9,0,0
0x641ef8,99.6538%,9,2591,2600,0,0,9,2591
0x63aee6,25%,9,3,12,2,8,1,1
0x63101d,82.6923%,9,43,52,43,7,2,0
0x404ab0,59.0909%,9,13,22,13,9,0,0
0x5f3f8a,43.75%,9,7,16,7,9,0,0
0x64c3bd,97.75%,9,391,400,391,1,8,0
0xa7a87b,96.4981%,9,248,257,248,9,0,0
0x66774b,82.6923%,9,43,52,43,7,2,0
0x644aa4,95.6731%,9,199,208,152,4,5,47
0x7e7621,82.6923%,9,43,52,43,7,2,0
0x7a8c55,91.3462%,9,95,104,0,0,9,95
0x65c91f,98.8943%,9,805,814,0,0,9,805
0x6f53dc,82.6923%,9,43,52,43,7,2,0
0x6313e6,82.6923%,9,43,52,0,0,9,43
0x41cc0f,85.9375%,9,55,64,55,9,0,0
0xa30bbd,25%,9,3,12,3,9,0,0
0x8c074d,97.75%,9,391,400,0,0,9,391
0x64cf29,88.75%,9,71,80,71,7,2,0
0x9fb4ee,96.4981%,9,248,257,0,0,9,248
0x60610a,65.3846%,9,17,26,16,6,3,1
0x631837,82.6923%,9,43,52,0,0,9,43
0xa0f956,97.3214%,9,327,336,0,0,9,327
0x630f51,43.75%,9,7,16,7,7,2,0
0x6383b5,96.4981%,9,248,257,0,0,9,248
0xa768c9,99.9869%,9,68947,68956,0,0,9,68947
0x75cd1d,82.6923%,9,43,52,43,7,2,0
0xa389e6,80.4348%,9,37,46,34,6,3,3
0x5fcbb4,89.7727%,9,79,88,68,6,3,11
0xa78597,99.2301%,9,1160,1169,0,0,9,1160
0x769810,97.8365%,9,407,416,406,0,9,1
0x644460,82.6923%,9,43,52,43,7,2,0
0x5e9f4f,91.3462%,9,95,104,95,5,4,0
0x9f7cca,99.5614%,9,2043,2052,0,0,9,2043
0x9f581e,35.7143%,9,5,14,0,0,9,5
0x5e4d58,25%,9,3,12,3,9,0,0
0xa783c4,99.6119%,9,2310,2319,0,0,9,2310
0x616a95,76.3158%,9,29,38,29,7,2,0
0xa7a543,99.9869%,9,68772,68781,0,0,9,68772
0x64c85d,88.75%,9,71,80,71,7,2,0
0x667a08,82.6923%,9,43,52,43,7,2,0
0x63daaf,95.6731%,9,199,208,199,1,8,0
0x928590,99.8143%,9,4838,4847,0,0,9,4838
0x669c32,78.5714%,9,33,42,33,9,0,0
0x774193,82.6923%,9,43,52,0,0,9,43
0xa389ab,99.9907%,9,96473,96482,0,0,9,96473
0x65922c,82.6923%,9,43,52,0,0,9,43
0x8c5c92,99.64%,9,2491,2500,0,0,9,2491
0x651253,88.75%,9,71,80,0,0,9,71
0x666252,82.6923%,9,43,52,43,7,2,0
0x6434a2,99.6538%,9,2591,2600,0,0,9,2591
0x41cc01,85.9375%,9,55,64,0,0,9,55
0x756ce8,82.6923%,9,43,52,16,4,5,27
0x5997d9,71.875%,9,23,32,0,8,1,23
0x7b1773,82.6923%,9,43,52,43,7,2,0
0x608f1e,95.9459%,9,213,222,0,0,9,213
0x7cdc6c,82.6923%,9,43,52,43,7,2,0
0x616c73,99.1228%,9,1017,1026,0,0,9,1017
0x686a5c,82.6923%,9,43,52,0,0,9,43
0x42aa6d,35.7143%,9,5,14,5,9,0,0
0x642c42,82.6923%,9,43,52,43,7,2,0
0x5ed3b3,82.6923%,9,43,52,0,0,9,43
0x5993d3,71.875%,9,23,32,3,5,4,20
0x670222,95.6731%,9,199,208,199,1,8,0
0x642de2,99.6538%,9,2591,2600,0,0,9,2591
0x643582,99.6538%,9,2591,2600,0,0,9,2591
0x7b3813,91.3462%,9,95,104,46,6,3,49
0x66fdc2,97.8365%,9,407,416,205,3,6,202
0xa76199,99.8165%,9,4896,4905,0,0,9,4896
0x65e464,99.9135%,9,10391,10400,10391,9,0,0
0x9e1621,90.625%,9,87,96,0,0,9,87
0x5f6eea,99.1541%,9,1055,1064,1055,9,0,0
0x65cb9c,95.6731%,9,199,208,199,1,8,0
0x926db2,43.75%,9,7,16,5,3,6,2
0x7bced0,96.5385%,9,251,260,0,0,9,251
0x762516,78.5714%,9,33,42,33,7,2,0
0x7aa8b8,91.3462%,9,95,104,44,8,1,51
0x757896,82.6923%,9,43,52,43,7,2,0
0x663798,82.6923%,9,43,52,0,0,9,43
0xa76918,99.9811%,9,47669,47678,0,0,9,47669
0x7b421c,82.6923%,9,43,52,0,0,9,43
0xa389b1,99.9907%,9,96473,96482,0,0,9,96473
0x6458f3,99.6538%,9,2591,2600,0,0,9,2591
0x762a20,78.5714%,9,33,42,0,0,9,33
0x64e70a,97.1875%,9,311,320,0,0,9,311
0x644046,99.9135%,9,10391,10400,10391,9,0,0
0x757a03,82.6923%,9,43,52,0,0,9,43
0x77468a,82.6923%,9,43,52,43,7,2,0
0x7580e6,95.6731%,9,199,208,0,5,4,199
0x75959a,95.6731%,9,199,208,199,8,1,0
0x89fbed,71.875%,9,23,32,23,1,8,0
0x76d716,82.6923%,9,43,52,43,7,2,0
0x761279,60.8696%,9,14,23,1,2,7,13
0x6083aa,99.4458%,9,1615,1624,0,0,9,1615
0xa0eee2,99.879%,9,7427,7436,0,0,9,7427
0x5f4697,95.3846%,9,186,195,1,4,5,185
0x665b22,82.6923%,9,43,52,43,7,2,0
0x64e296,10%,9,1,10,1,7,2,0
0x757c06,82.6923%,9,43,52,43,7,2,0
0x8c0c25,99.64%,9,2491,2500,0,0,9,2491
0x635c38,91%,9,91,100,0,0,9,91
0x76aa47,82.6923%,9,43,52,0,0,9,43
0x762bee,76.3158%,9,29,38,0,0,9,29
0x63326b,82.6923%,9,43,52,0,0,9,43
0x76b8be,79.5455%,9,35,44,35,7,2,0
0x42a9cd,35.7143%,9,5,14,5,9,0,0
0x663bf6,88.75%,9,71,80,71,7,2,0
0x641dbb,82.6923%,9,43,52,43,7,2,0
0x5f1ecb,96.8421%,9,276,285,0,0,9,276
0x65aae8,71.875%,9,23,32,0,0,9,23
0x926a78,98.8943%,9,805,814,805,9,0,0
0x768561,94.8864%,9,167,176,0,0,9,167
0xa2e96b,99.9761%,9,37680,37689,37680,9,0,0
0x5f1149,91.6667%,9,99,108,52,2,7,47
0x68706b,82.6923%,9,43,52,43,5,4,0
0x75cc37,82.6923%,9,43,52,0,0,9,43
0x75cb9a,82.6923%,9,43,52,0,0,9,43
0x429f18,91%,9,91,100,0,0,9,91
0x61705c,82.6923%,9,43,52,43,7,2,0
0x6527bb,99.9634%,9,24600,24609,0,0,9,24600
0x657de5,82.6923%,9,43,52,0,0,9,43
0x5ac65a,98.7871%,9,733,742,733,9,0,0
0x7b281d,82.6923%,9,43,52,43,7,2,0
0x64c683,99.775%,9,3991,4000,0,0,9,3991
0x5f42ab,67.8571%,9,19,28,1,5,4,18
0x5da492,82.6923%,9,43,52,43,7,2,0
0x8c3570,91%,9,91,100,0,0,9,91
0x65e968,99.6538%,9,2591,2600,0,0,9,2591
0x64afd2,82.6923%,9,43,52,43,7,2,0
0x669f04,82.6923%,9,43,52,43,7,2,0
0x7582c4,79.5455%,9,35,44,0,5,4,35
0x756427,82.6923%,9,43,52,43,9,0,0
0x76b0f5,92.8571%,9,117,126,117,9,0,0
0x631281,95.6731%,9,199,208,147,9,0,52
0x5e6f7b,83.3333%,9,45,54,0,0,9,45
0xa30596,99.9835%,9,54531,54540,54531,9,0,0
0x669d53,82.6923%,9,43,52,0,0,9,43
0x7601aa,94.2308%,9,147,156,0,0,9,147
0x666042,82.6923%,9,43,52,43,7,2,0
0x7cda81,82.6923%,9,43,52,43,9,0,0
0x635c78,91%,9,91,100,0,0,9,91
0x760b58,79.5455%,9,35,44,35,7,2,0
0x5e69b7,99.28%,9,1241,1250,0,0,9,1241
0x6043f0,79.5455%,9,35,44,35,9,0,0
0x7b435e,82.6923%,9,43,52,43,7,2,0
0x773061,82.6923%,9,43,52,43,7,2,0
0x666113,82.6923%,9,43,52,0,0,9,43
0x7aa5a4,91.3462%,9,95,104,51,1,8,44
0x7a98a2,91%,9,91,100,91,9,0,0
0x7634ea,79.5455%,9,35,44,35,9,0,0
0x76bbe1,78.5714%,9,33,42,3,6,3,30
0x65d102,82.6923%,9,43,52,0,0,9,43
0x407406,75%,9,27,36,19,5,4,8
0x6d9067,95%,9,171,180,171,9,0,0
0xa0edb8,99.905%,9,9465,9474,0,0,9,9465
0x594850,95.6731%,9,199,208,199,9,0,0
0x616df8,82.6923%,9,43,52,43,7,2,0
0x763564,93.1818%,9,123,132,82,6,3,41
0x7785ff,94.375%,9,151,160,151,9,0,0
0x7d0813,82.6923%,9,43,52,43,7,2,0
0x7cdd33,82.6923%,9,43,52,0,0,9,43
0x64d353,97.75%,9,391,400,391,1,8,0
0x8c6b72,91%,9,91,100,0,0,9,91
0x75e85d,92.8571%,9,117,126,82,2,7,35
0x75c3dc,79.5455%,9,35,44,35,7,2,0
0x5f126a,91.6667%,9,99,108,54,0,9,45
0x76681b,71.875%,9,23,32,0,0,9,23
0x5f4a5b,74.2857%,9,26,35,26,5,4,0
0x92be10,92%,8,92,100,0,2,6,92
0x639c46,92%,8,92,100,92,6,2,0
0xa244f3,95.9391%,8,189,197,189,8,0,0
0x76f7a9,33.3333%,8,4,12,1,5,3,3
0x8c4adf,99.6923%,8,2592,2600,0,0,8,2592
0xa761a8,99.8369%,8,4897,4905,4897,8,0,0
0x66b6e2,84.6154%,8,44,52,44,6,2,0
0x765add,92.3077%,8,96,104,96,8,0,0
0x76c44d,81.8182%,8,36,44,0,0,8,36
0x92c1c5,84.6154%,8,44,52,0,0,8,44
0x5ed5e2,84.6154%,8,44,52,44,6,2,0
0x92c541,99.6923%,8,2592,2600,2592,8,0,0
0x75e61e,81.8182%,8,36,44,36,6,2,0
0x66f552,0%,8,0,8,0,6,2,0
0x7a97e1,98%,8,392,400,0,0,8,392
0x92c684,99.6923%,8,2592,2600,0,0,8,2592
0x773d05,84.6154%,8,44,52,44,6,2,0
0x8c5943,99.9385%,8,12992,13000,12992,8,0,0
0xa307f2,99.9853%,8,54532,54540,0,0,8,54532
0x76f4bd,42.8571%,8,6,14,5,1,7,1
0x75bec9,95.4545%,8,168,176,9,1,7,159
0x65ce77,99.6923%,8,2592,2600,0,0,8,2592
0x404b01,63.6364%,8,14,22,14,8,0,0
0xa78514,42.8571%,8,6,14,1,3,5,5
0x7cc8a6,94.8718%,8,148,156,0,0,8,148
0x769298,33.3333%,8,4,12,0,0,8,4
0x5eced9,92.3077%,8,96,104,46,6,2,50
0xa762b1,99.9138%,8,9274,9282,0,0,8,9274
0x66f195,75%,8,24,32,24,6,2,0
0x75c645,73.3333%,8,22,30,0,0,8,22
0xa31d31,99.9247%,8,10617,10625,0,0,8,10617
0x75d244,95.4545%,8,168,176,1,1,7,167
0x758928,96.1538%,8,200,208,0,0,8,200
0x768fd1,75%,8,24,32,4,6,2,20
0x653960,84.6154%,8,44,52,44,6,2,0
0x6394a7,92%,8,92,100,0,0,8,92
0x76b0d4,93.6508%,8,118,126,0,1,7,118
0x643c63,99.6923%,8,2592,2600,0,0,8,2592
0x604d26,81.8182%,8,36,44,36,8,0,0
0x7650de,92.3077%,8,96,104,96,4,4,0
0x66fc05,97.5%,8,312,320,312,0,8,0
0x4b9ecc,87.5%,8,56,64,0,0,8,56
0x63bdad,96.1538%,8,200,208,0,0,8,200
0x64e7bc,97.5%,8,312,320,312,0,8,0
0x768f96,75%,8,24,32,19,7,1,5
0x5ea02a,85.1852%,8,46,54,0,0,8,46
0x761bd0,78.9474%,8,30,38,0,0,8,30
0x64ed94,99.975%,8,32024,32032,17207,1,7,14817
0x429791,96.1538%,8,200,208,195,5,3,5
0x65eaa8,99.6923%,8,2592,2600,0,0,8,2592
0xa76af3,99.9423%,8,13850,13858,0,0,8,13850
0x633277,99.6923%,8,2592,2600,0,0,8,2592
0x6465b8,99.6923%,8,2592,2600,0,0,8,2592
0x603ed2,81.8182%,8,36,44,27,3,5,9
0x617db0,99.7976%,8,3944,3952,0,0,8,3944
0x7b3843,84.6154%,8,44,52,44,8,0,0
0x597b60,76.4706%,8,26,34,0,0,8,26
0x669d23,84.6154%,8,44,52,0,0,8,44
0x6461ef,84.6154%,8,44,52,44,6,2,0
0xa79040,99.4074%,8,1342,1350,0,0,8,1342
0x631437,96.1538%,8,200,208,156,0,8,44
0x598f68,84.6154%,8,44,52,0,0,8,44
0xa7a722,96.8872%,8,249,257,0,0,8,249
0x76f5e4,42.8571%,8,6,14,0,0,8,6
0x6d9121,50%,8,8,16,0,0,8,8
0xa7a6fe,96.8872%,8,249,257,249,8,0,0
0x65dfe9,99.6923%,8,2592,2600,0,0,8,2592
0xa22637,99.3559%,8,1234,1242,27,7,1,1207
0x656556,99.6952%,8,2617,2625,2617,8,0,0
0x67a68c,99.8333%,8,4792,4800,4792,8,0,0
0x75d478,20%,8,2,10,0,0,8,2
0x5e98f2,84.6154%,8,44,52,0,0,8,44
0x65d731,92%,8,92,100,0,0,8,92
0x66b142,96.1538%,8,200,208,155,1,7,45
0x67a4eb,99.3333%,8,1192,1200,1192,6,2,0
0x5ecdb2,84.6154%,8,44,52,0,0,8,44
0x4074ab,77.7778%,8,28,36,28,8,0,0
0x8c5659,99.9385%,8,12992,13000,0,0,8,12992
0x778498,96.1538%,8,200,208,200,0,8,0
0x75c81b,81.8182%,8,36,44,36,6,2,0
0x772543,84.6154%,8,44,52,0,0,8,44
0xa31d19,99.9247%,8,10617,10625,10617,8,0,0
0x63d6cc,0%,8,0,8,0,0,8,0
0x9e1612,91.6667%,8,88,96,83,5,3,5
0xa223c5,99.4456%,8,1435,1443,0,2,6,1435
0x63c19d,96.1538%,8,200,208,200,0,8,0
0x8c58c3,99.9385%,8,12992,13000,0,0,8,12992
0x647598,92%,8,92,100,0,0,8,92
0x597aec,76.4706%,8,26,34,0,0,8,26
0x8a87f1,20%,8,2,10,0,8,0,2
0x63c010,96.1538%,8,200,208,200,0,8,0
0x5d283e,82.6087%,8,38,46,0,0,8,38
0x5e7814,38.4615%,8,5,13,5,8,0,0
0x63936d,92%,8,92,100,92,6,2,0
0x5f48e0,82.2222%,8,37,45,37,8,0,0
0x762a6c,78.9474%,8,30,38,2,4,4,28
0x757b23,84.6154%,8,44,52,0,0,8,44
0x64f0d9,0%,8,0,8,0,0,8,0
0xa43c72,99.9247%,8,10617,10625,0,0,8,10617
0x67b385,0%,8,0,8,0,6,2,0
0x645cd5,84.6154%,8,44,52,44,6,2,0
0x643c4f,84.6154%,8,44,52,0,0,8,44
0x75e768,80.9524%,8,34,42,34,8,0,0
0x7bd29e,20%,8,2,10,0,0,8,2
0x8c4302,99.6923%,8,2592,2600,0,0,8,2592
0x682223,84.6154%,8,44,52,44,6,2,0
0x66b2c2,96.1538%,8,200,208,152,4,4,48
0x67b31e,0%,8,0,8,0,8,0,0
0x6595d1,84.6154%,8,44,52,44,6,2,0
0x929798,93.6%,8,117,125,117,8,0,0
0x7cc719,84.6154%,8,44,52,44,6,2,0
0xa0eed2,99.8924%,8,7428,7436,0,0,8,7428
0x65caee,92.7273%,8,102,110,102,8,0,0
0x929277,92.381%,8,97,105,0,0,8,97
0x64e665,0%,8,0,8,0,0,8,0
0x66a79c,84.6154%,8,44,52,0,0,8,44
0x773c43,84.6154%,8,44,52,0,0,8,44
0x64db92,90%,8,72,80,0,0,8,72
0x632429,78.9474%,8,30,38,30,6,2,0
0x65c979,52.9412%,8,9,17,0,0,8,9
0x65ca84,0%,8,0,8,0,6,2,0
0x665ad3,84.6154%,8,44,52,0,0,8,44
0x75d748,0%,8,0,8,0,8,0,0
0x7bd584,80%,8,32,40,22,8,0,10
0x75ddfa,42.8571%,8,6,14,0,0,8,6
0x6379a8,96.8872%,8,249,257,0,0,8,249
0x926cf2,0%,8,0,8,0,0,8,0
0x5f69d8,89.4737%,8,68,76,36,2,6,32
0x9283d1,99.7778%,8,3593,3601,0,0,8,3593
0x637d00,99.8803%,8,6674,6682,6674,8,0,0
0x7e7bce,96.1538%,8,200,208,152,4,4,48
0x64c69d,99.8%,8,3992,4000,0,0,8,3992
0x646a75,99.6923%,8,2592,2600,0,0,8,2592
0x6594fc,84.6154%,8,44,52,0,0,8,44
0x66a8b0,84.6154%,8,44,52,44,6,2,0
0x926cee,98%,8,392,400,392,0,8,0
0x65b04d,92%,8,92,100,92,6,2,0
0x6038aa,81.8182%,8,36,44,14,8,0,22
0x608afa,82.6087%,8,38,46,2,8,0,36
0x76578e,92.3077%,8,96,104,0,0,8,96
0x641cff,84.6154%,8,44,52,44,6,2,0
0x66af23,96.1538%,8,200,208,149,7,1,51
0x7cc09e,84.6154%,8,44,52,44,8,0,0
0x5958a1,80.9524%,8,34,42,34,8,0,0
0x404a90,63.6364%,8,14,22,0,6,2,14
0x66a6d2,84.6154%,8,44,52,44,6,2,0
0x405440,63.6364%,8,14,22,0,0,8,14
0x65aefc,0%,8,0,8,0,8,0,0
0x667b86,84.6154%,8,44,52,44,6,2,0
0x5f6a77,89.4737%,8,68,76,30,8,0,38
0x961776,94.9686%,8,151,159,151,8,0,0
0x8c07f6,98.6207%,8,572,580,0,0,8,572
0x5f60f9,89.4737%,8,68,76,0,0,8,68
0x667bc6,96.1538%,8,200,208,155,1,7,45
0x5e8250,93.8931%,8,123,131,5,3,5,118
0x7aa42a,84%,8,42,50,42,8,0,0
0x8a7aac,60%,8,12,20,0,0,8,12
0x653380,84.6154%,8,44,52,44,6,2,0
0xa22cea,76.4706%,8,26,34,0,0,8,26
0x64c268,90%,8,72,80,72,6,2,0
0x7cf091,84.6154%,8,44,52,44,8,0,0
0x669d72,84.6154%,8,44,52,44,6,2,0
0x603755,81.8182%,8,36,44,0,0,8,36
0x658b49,84.6154%,8,44,52,44,6,2,0
0x761729,86.4407%,8,51,59,4,2,6,47
0x926ad6,0%,8,0,8,0,0,8,0
0x6311fd,84.6154%,8,44,52,44,6,2,0
0x757996,84.6154%,8,44,52,44,6,2,0
0x8c51d3,99.6923%,8,2592,2600,0,0,8,2592
0x6e6b4d,20%,8,2,10,2,8,0,0
0x7a96e0,91.3043%,8,84,92,84,4,4,0
0x75875f,96.1538%,8,200,208,200,5,3,0
0x7724af,0%,8,0,8,0,8,0,0
0x7738d6,84.6154%,8,44,52,0,0,8,44
0x9f9a30,97.4026%,8,300,308,300,8,0,0
0x67aefd,0%,8,0,8,0,8,0,0
0x7598e6,84.6154%,8,44,52,44,6,2,0
0x63a664,98%,8,392,400,392,6,2,0
0x76a3c8,80.9524%,8,34,42,34,6,2,0
0x65bf04,84.6154%,8,44,52,44,6,2,0
0x763005,80.9524%,8,34,42,34,6,2,0
0x7e7bda,84.6154%,8,44,52,44,6,2,0
0x634a58,99.6923%,8,2592,2600,0,0,8,2592
0x6431c2,99.6923%,8,2592,2600,0,0,8,2592
0x596f72,94.8718%,8,148,156,0,0,8,148
0x5e63ae,92%,8,92,100,43,7,1,49
0x9f7d04,99.6082%,8,2034,2042,0,0,8,2034
0x5e64b5,84%,8,42,50,42,6,2,0
0x66755f,84.6154%,8,44,52,44,6,2,0
0x7cd3a3,84.6154%,8,44,52,0,0,8,44
0x616bd3,99.2203%,8,1018,1026,0,0,8,1018
0x5e7028,85.1852%,8,46,54,46,6,2,0
0x64c05e,90%,8,72,80,72,6,2,0
0x66b36c,84.6154%,8,44,52,0,0,8,44
0x666c13,0%,8,0,8,0,0,8,0
0x926d70,98%,8,392,400,392,0,8,0
0x659a4c,99.6923%,8,2592,2600,0,0,8,2592
0x40324f,69.2308%,8,18,26,18,8,0,0
0x77857e,98.75%,8,632,640,0,0,8,632
0x6678b3,84.6154%,8,44,52,0,0,8,44
0x928aa7,94.9686%,8,151,159,0,0,8,151
0x6311ad,84.6154%,8,44,52,44,6,2,0
0x7edd6b,84.6154%,8,44,52,44,6,2,0
0x64eef3,96.1538%,8,200,208,0,0,8,200
0x5e74d3,0%,8,0,8,0,0,8,0
0x65fc59,96.1538%,8,200,208,0,0,8,200
0xa24515,99.253%,8,1063,1071,0,0,8,1063
0x6313c7,84.6154%,8,44,52,44,6,2,0
0x5f2376,84.6154%,8,44,52,44,6,2,0
0x63a23e,92%,8,92,100,92,6,2,0
0x5e7744,93.8931%,8,123,131,123,8,0,0
0x64ead7,75%,8,24,32,0,0,8,24
0x64335b,84.6154%,8,44,52,44,6,2,0
0x596e8a,95.0617%,8,154,162,0,0,8,154
0x7edd5b,96.1538%,8,200,208,152,4,4,48
0x63bc51,96.1538%,8,200,208,200,0,8,0
0x651289,99.3333%,8,1192,1200,0,0,8,1192
0x5f32a6,78.9474%,8,30,38,0,4,4,30
0x8c50c3,99.6923%,8,2592,2600,0,0,8,2592
0x7563a9,97.9798%,8,388,396,388,8,0,0
0x670053,96.1538%,8,200,208,200,0,8,0
0x927252,11.1111%,8,1,9,1,0,8,0
0x8c6852,92%,8,92,100,0,0,8,92
0x65a7f9,0%,8,0,8,0,0,8,0
0x64e432,60%,8,12,20,3,7,1,9
0x5f23b3,85.1852%,8,46,54,0,0,8,46
0x5f3fe8,50%,8,8,16,8,3,5,0
0x5f36bb,78.9474%,8,30,38,13,7,1,17
0x89fc5c,0%,8,0,8,0,0,8,0
0x7cda13,84.6154%,8,44,52,0,0,8,44
0x64ddf3,99.8%,8,3992,4000,0,0,8,3992
0x76776a,84.6154%,8,44,52,44,6,2,0
0x6446f8,99.6923%,8,2592,2600,0,0,8,2592
0x65a94c,0%,8,0,8,0,8,0,0
0x64faa5,90%,8,72,80,72,6,2,0
0x768770,33.3333%,8,4,12,0,8,0,4
0x641219,0%,8,0,8,0,6,2,0
0x5a8fae,94.0299%,8,126,134,0,0,8,126
0x7b0b58,81.8182%,8,36,44,0,5,3,36
0x5f7520,99.2203%,8,1018,1026,0,0,8,1018
0x67b1fd,0%,8,0,8,0,8,0,0
0x76dea7,90.4762%,8,76,84,37,5,3,39
0x5f2f22,84.6154%,8,44,52,44,6,2,0
0x40280b,55.5556%,8,10,18,0,0,8,10
0x75cb60,84.6154%,8,44,52,44,6,2,0
0x7a9b87,98%,8,392,400,392,8,0,0
0x64ce72,90%,8,72,80,72,6,2,0
0x778fa7,98.0769%,8,408,416,205,3,5,203
0x66a46c,84.6154%,8,44,52,0,0,8,44
0x7725a7,84.6154%,8,44,52,44,8,0,0
0x761b66,55.5556%,8,10,18,0,0,8,10
0x8bec86,84.6154%,8,44,52,44,6,2,0
0x8c42da,99.6923%,8,2592,2600,0,0,8,2592
0x67b044,12.5%,7,1,8,0,6,1,1
0x66b212,86.5385%,7,45,52,45,5,2,0
0x65e578,99.7308%,7,2593,2600,0,0,7,2593
0x598486,93.2692%,7,97,104,0,0,7,97
0x75881a,86.5385%,7,45,52,0,0,7,45
0x669944,96.6346%,7,201,208,201,7,0,0
0x9fa8a5,96.3351%,7,184,191,0,0,7,184
0x665d79,86.5385%,7,45,52,45,5,2,0
0x63bfed,96.6346%,7,201,208,0,0,7,201
0x5e769a,46.1538%,7,6,13,0,0,7,6
0x618f48,99.8988%,7,6909,6916,6909,7,0,0
0x76d8b6,84.0909%,7,37,44,37,5,2,0
0x596f4f,95.5128%,7,149,156,149,1,6,0
0x92bdbf,93%,7,93,100,93,7,0,0
0x686b90,86.5385%,7,45,52,45,5,2,0
0x762b3c,83.3333%,7,35,42,35,5,2,0
0x65ab5c,78.125%,7,25,32,25,5,2,0
0x5f55ce,90.7895%,7,69,76,69,3,4,0
0x75863c,91.7647%,7,78,85,78,7,0,0
0x769085,78.125%,7,25,32,25,3,4,0
0x666e85,12.5%,7,1,8,0,0,7,1
0x8c4da3,99.7308%,7,2593,2600,2593,7,0,0
0x761e6c,84.0909%,7,37,44,37,5,2,0
0x7aafa3,83.3333%,7,35,42,0,0,7,35
0x926d9c,56.25%,7,9,16,9,4,3,0
0x75f936,87.037%,7,47,54,1,0,7,46
0x89fca3,12.5%,7,1,8,1,7,0,0
0x761c2c,81.0811%,7,30,37,30,2,5,0
0x645962,86.5385%,7,45,52,45,5,2,0
0x5f4938,84.4444%,7,38,45,2,3,4,36
0x594879,96.6346%,7,201,208,201,7,0,0
0x76696b,78.125%,7,25,32,0,0,7,25
0x605038,84.0909%,7,37,44,37,7,0,0
0x757ab6,86.5385%,7,45,52,45,5,2,0
0x7634c6,84.0909%,7,37,44,0,0,7,37
0x643ee5,86.5385%,7,45,52,45,5,2,0
0x596f32,95.5128%,7,149,156,0,0,7,149
0x649ca1,86.5385%,7,45,52,45,5,2,0
0x64357b,86.5385%,7,45,52,0,0,7,45
0x67a977,12.5%,7,1,8,0,0,7,1
0x5f3390,97.6974%,7,297,304,297,7,0,0
0x645c88,99.7308%,7,2593,2600,0,0,7,2593
0xa76e3a,99.9671%,7,21269,21276,0,0,7,21269
0x7e84a3,86.5385%,7,45,52,45,5,2,0
0x686efa,86.5385%,7,45,52,45,5,2,0
0x64a075,93%,7,93,100,0,0,7,93
0x65e688,93%,7,93,100,0,0,7,93
0x66b622,86.5385%,7,45,52,45,5,2,0
0x7cbae8,86.5385%,7,45,52,45,5,2,0
0x5f1eaf,97.5439%,7,278,285,0,0,7,278
0x95a779,86.5385%,7,45,52,45,5,2,0
0x64bff4,91.25%,7,73,80,0,0,7,73
0x75d6c4,12.5%,7,1,8,1,5,2,0
0x761118,86.7925%,7,46,53,0,0,7,46
0x778cc3,96.5%,7,193,200,0,0,7,193
0x760f8e,84.0909%,7,37,44,0,0,7,37
0x5f3279,81.5789%,7,31,38,0,6,1,31
0x66b1ec,86.5385%,7,45,52,0,0,7,45
0x5e78f3,41.6667%,7,5,12,2,1,6,3
0x77319d,86.5385%,7,45,52,45,5,2,0
0x6317ed,61.1111%,7,11,18,11,5,2,0
0x762d60,83.3333%,7,35,42,35,5,2,0
0x76e548,82.5%,7,33,40,32,2,5,1
0x6042ea,84.0909%,7,37,44,37,7,0,0
0x645bf3,99.9327%,7,10393,10400,0,0,7,10393
0x75818c,96.6346%,7,201,208,5,5,2,196
0x7b1406,86.5385%,7,45,52,45,7,0,0
0x66f934,50%,7,7,14,0,0,7,7
0x42a9fa,50%,7,7,14,7,7,0,0
0x598f0c,41.6667%,7,5,12,0,2,5,5
0x633f8e,12.5%,7,1,8,0,6,1,1
0x76ce13,86.5385%,7,45,52,0,0,7,45
0x959fb9,96.6346%,7,201,208,155,1,6,46
0xa0ebfa,82.5%,7,33,40,0,0,7,33
0x8c6a6a,93%,7,93,100,0,0,7,93
0x637c93,97.2763%,7,250,257,0,0,7,250
0x7578c6,86.5385%,7,45,52,45,5,2,0
0x7578e3,86.5385%,7,45,52,0,0,7,45
0x8c3b21,98.6%,7,493,500,0,0,7,493
0x8bfedd,99.9244%,7,9252,9259,9252,7,0,0
0x75d368,83.3333%,7,35,42,0,0,7,35
0x633f21,97.8125%,7,313,320,233,7,0,80
0x67aa30,12.5%,7,1,8,1,7,0,0
0x769250,41.6667%,7,5,12,3,7,0,2
0x64b831,98.25%,7,393,400,393,7,0,0
0x960a72,95.5975%,7,152,159,0,0,7,152
0x67a8d6,12.5%,7,1,8,0,6,1,1
0x6474ef,86.5385%,7,45,52,45,5,2,0
0x5f548a,93.5185%,7,101,108,101,3,4,0
0x7b403e,86.5385%,7,45,52,45,5,2,0
0x928ae9,95.5975%,7,152,159,0,0,7,152
0xa765ff,92.8571%,7,91,98,0,0,7,91
0x7b0f14,86.5385%,7,45,52,0,0,7,45
0x63acab,12.5%,7,1,8,0,6,1,1
0x5acbf4,78.125%,7,25,32,25,3,4,0
0x5e7a2d,46.1538%,7,6,13,5,0,7,1
0x63af93,50%,7,7,14,0,0,7,7
0x593d8e,12.5%,7,1,8,0,0,7,1
0x75d608,12.5%,7,1,8,0,0,7,1
0xa27e34,82.5%,7,33,40,33,7,0,0
0x76e363,61.1111%,7,11,18,1,1,6,10
0x68887d,12.5%,7,1,8,0,6,1,1
0x61737c,68.1818%,7,15,22,15,7,0,0
0x9298ca,95.5975%,7,152,159,0,0,7,152
0x928982,95.5975%,7,152,159,0,0,7,152
0x959e3d,86.5385%,7,45,52,45,5,2,0
0x637e0a,97.2763%,7,250,257,0,0,7,250
0x927295,22.2222%,7,2,9,2,7,0,0
0x7cba7a,86.5385%,7,45,52,45,7,0,0
0x8a8559,65%,7,13,20,0,0,7,13
0xa783dd,99.9786%,7,32751,32758,32751,7,0,0
0x67a238,12.5%,7,1,8,0,0,7,1
0x64baa4,91.25%,7,73,80,73,5,2,0
0x929567,94.4%,7,118,125,118,7,0,0
0x95a733,86.5385%,7,45,52,0,0,7,45
0x6d8dd9,56.25%,7,9,16,0,0,7,9
0x66eda5,86.5385%,7,45,52,0,0,7,45
0x64b859,98.25%,7,393,400,0,0,7,393
0x773833,86.5385%,7,45,52,0,0,7,45
0x667713,86.5385%,7,45,52,0,0,7,45
0x5ed051,86.5385%,7,45,52,45,5,2,0
0x7563e2,90%,7,63,70,0,0,7,63
0x66f2b2,12.5%,7,1,8,0,6,1,1
0x75c006,95.7831%,7,159,166,0,0,7,159
0x7aae33,83.3333%,7,35,42,0,0,7,35
0x4aba64,56.25%,7,9,16,0,0,7,9
0x623590,99.9387%,7,11418,11425,11418,7,0,0
0x8c5633,99.9462%,7,12993,13000,0,0,7,12993
0x65b638,86.5385%,7,45,52,45,5,2,0
0x6351b2,86%,7,43,50,43,5,2,0
0x666f85,86.5385%,7,45,52,0,0,7,45
0x64f3cd,12.5%,7,1,8,0,0,7,1
0x646eb8,99.7308%,7,2593,2600,0,0,7,2593
0xa31d37,99.9341%,7,10618,10625,10618,7,0,0
0x76e9c3,0%,7,0,7,0,7,0,0
0xa76a61,99.787%,7,3279,3286,0,0,7,3279
0x7693db,93.2692%,7,97,104,97,7,0,0
0x64eda1,99.9528%,7,14817,14824,14147,5,2,670
0x757a63,86.5385%,7,45,52,0,0,7,45
0xa22523,99.4364%,7,1235,1242,598,4,3,637
0x8c5620,98.6%,7,493,500,0,0,7,493
0x7662b1,41.6667%,7,5,12,0,0,7,5
0x926bed,99.7627%,7,2943,2950,2943,7,0,0
0x608c0a,84.0909%,7,37,44,35,7,0,2
0x64c253,91.25%,7,73,80,0,0,7,73
0x641a84,12.5%,7,1,8,1,5,2,0
0x765034,93.2692%,7,97,104,97,3,4,0
0x66b612,96.6346%,7,201,208,150,6,1,51
0x7bd1cd,98.6538%,7,513,520,257,3,4,256
0x404b55,68.1818%,7,15,22,6,2,5,9
0x64fcbd,91.25%,7,73,80,73,5,2,0
0x621084,99.8229%,7,3945,3952,0,0,7,3945
0x92c6df,99.7308%,7,2593,2600,0,0,7,2593
0x67a915,12.5%,7,1,8,0,6,1,1
0x6083c4,99.569%,7,1617,1624,0,0,7,1617
0x621394,81.5789%,7,31,38,31,7,0,0
0x77298e,86.5385%,7,45,52,45,5,2,0
0x67009c,96.6346%,7,201,208,0,0,7,201
0x928ada,95.5975%,7,152,159,0,0,7,152
0x5909c0,12.5%,7,1,8,0,0,7,1
0xa76e0e,99.9671%,7,21271,21278,0,2,5,21271
0x6f4cef,86.5385%,7,45,52,0,0,7,45
0xa24b35,98.2927%,7,403,410,72,0,7,331
0x926a95,91.25%,7,73,80,0,0,7,73
0x644012,99.7308%,7,2593,2600,0,0,7,2593
0x7a9eab,93%,7,93,100,0,0,7,93
0x66ae93,96.6346%,7,201,208,153,3,4,48
0x5e97d8,87.037%,7,47,54,47,5,2,0
0x63106d,86.5385%,7,45,52,45,5,2,0
0x6583e6,99.1453%,7,812,819,0,0,7,812
0x666162,86.5385%,7,45,52,45,5,2,0
0x663c75,86.5385%,7,45,52,45,5,2,0
0x7e8001,86.5385%,7,45,52,45,5,2,0
0x429b38,92.7083%,7,89,96,0,2,5,89
0x616ece,86.5385%,7,45,52,0,0,7,45
0xa24d48,97.5439%,7,278,285,278,7,0,0
0x5f4438,68.1818%,7,15,22,15,1,6,0
0x6d882b,56.25%,7,9,16,9,7,0,0
0x66aa12,12.5%,7,1,8,1,5,2,0
0x6663e6,86.5385%,7,45,52,45,5,2,0
0x76ec0d,0%,7,0,7,0,7,0,0
0x76c02a,84.0909%,7,37,44,0,0,7,37
0x639207,82.5%,7,33,40,0,2,5,33
0x64aefc,86.5385%,7,45,52,0,0,7,45
0xa781f3,92.8571%,7,91,98,0,0,7,91
0x9fa90b,96.3351%,7,184,191,184,7,0,0
0x652437,99.9878%,7,57415,57422,0,0,7,57415
0x773852,86.5385%,7,45,52,0,0,7,45
0x5ea44c,95.9538%,7,166,173,166,7,0,0
0x42ab47,50%,7,7,14,0,0,7,7
0x595472,98.8782%,7,617,624,617,7,0,0
0x5f729e,81.5789%,7,31,38,0,0,7,31
0x655d4f,99.9934%,7,106437,106444,53219,3,4,53218
0x637fd6,97.2763%,7,250,257,0,0,7,250
0x5efeea,98.2759%,7,399,406,0,0,7,399
0x5ed1b3,86.5385%,7,45,52,0,0,7,45
0x5957fd,83.3333%,7,35,42,35,7,0,0
0x631241,96.6346%,7,201,208,152,4,3,49
0x7afcc1,86.5385%,7,45,52,0,0,7,45
0x762356,84.0909%,7,37,44,0,6,1,37
0x604c20,84.0909%,7,37,44,37,7,0,0
0x665c26,86.5385%,7,45,52,45,5,2,0
0x5f76f3,93.2692%,7,97,104,97,3,4,0
0x63126c,86.5385%,7,45,52,0,0,7,45
0x652c18,99.8556%,7,4840,4847,4840,7,0,0
0x5e7291,12.5%,7,1,8,1,7,0,0
0x8c729f,61.1111%,7,11,18,11,5,2,0
0x76157b,84.0909%,7,37,44,0,0,7,37
0x636f3b,97.2763%,7,250,257,0,0,7,250
0x63b18e,91.6667%,7,77,84,0,0,7,77
0x76ce9c,86.5385%,7,45,52,0,0,7,45
0x8c0392,93%,7,93,100,93,5,2,0
0x62359c,98.6139%,7,498,505,0,0,7,498
0x686a8b,86.5385%,7,45,52,45,5,2,0
0x75f2e4,84.0909%,7,37,44,37,5,2,0
0x5e8a71,90.9091%,7,70,77,0,0,7,70
0x65eff0,93%,7,93,100,0,0,7,93
0x636c9e,98.6381%,7,507,514,257,0,7,250
0xa0eecc,99.9059%,7,7429,7436,0,0,7,7429
0x65d8cd,93%,7,93,100,0,0,7,93
0x76991a,98.3173%,7,409,416,0,6,1,409
0xa769a9,99.9853%,7,47671,47678,0,0,7,47671
0x75ce78,65%,7,13,20,0,0,7,13
0x64ebad,78.125%,7,25,32,25,7,0,0
0x663d89,99.7308%,7,2593,2600,2593,5,2,0
0x7ce083,86.5385%,7,45,52,0,0,7,45
0x8c6a74,93%,7,93,100,0,0,7,93
0x6435db,86.5385%,7,45,52,45,5,2,0
0x648a2b,12.5%,7,1,8,1,5,2,0
0x6597e0,86.5385%,7,45,52,45,5,2,0
0x7699af,98.3173%,7,409,416,0,0,7,409
0x8c08f2,93%,7,93,100,0,0,7,93
0x7b03af,86.5385%,7,45,52,45,5,2,0
0x6314e7,96.6346%,7,201,208,150,6,1,51
0x5f23cf,87.037%,7,47,54,47,5,2,0
0x681fb1,93.2692%,7,97,104,97,3,4,0
0x5fce66,92.0455%,7,81,88,81,7,0,0
0x7aa5b4,86.5385%,7,45,52,45,7,0,0
0x593b8b,12.5%,7,1,8,0,0,7,1
0x593a0c,12.5%,7,1,8,1,7,0,0
0x404aa0,68.1818%,7,15,22,0,6,1,15
0x6575cd,86.5385%,7,45,52,45,5,2,0
0x593a43,12.5%,7,1,8,1,7,0,0
0x8c58ae,98.6%,7,493,500,0,0,7,493
0x6393fe,97.2763%,7,250,257,250,7,0,0
0x9fb508,97.318%,7,254,261,0,0,7,254
0x765a53,93.2692%,7,97,104,0,0,7,97
0x928a62,95.5975%,7,152,159,0,0,7,152
0x9e15ae,92.7083%,7,89,96,0,0,7,89
0x596e62,95.5128%,7,149,156,149,1,6,0
0x6f4ae7,86.5385%,7,45,52,45,5,2,0
0x8c5747,93%,7,93,100,0,0,7,93
0x89fd67,96.6346%,7,201,208,0,0,7,201
0x666173,87.037%,7,47,54,0,0,7,47
0x4a4a1a,65%,7,13,20,13,7,0,0
0x8c0c14,99.72%,7,2493,2500,0,0,7,2493
0xa7a55c,99.9898%,7,68774,68781,68774,7,0,0
0x67b4fd,12.5%,7,1,8,1,7,0,0
0x760ffc,84.0909%,7,37,44,37,5,2,0
0x64d2cf,98.25%,7,393,400,0,0,7,393
0x760301,95.5128%,7,149,156,98,6,1,51
0x5fc942,92.0455%,7,81,88,0,0,7,81
0x590b1b,12.5%,7,1,8,0,0,7,1
0x651409,12.5%,7,1,8,0,0,7,1
0x429843,99.3865%,7,1134,1141,0,0,7,1134
0x9f8117,96.3351%,7,184,191,0,0,7,184
0x9e1685,98.1771%,7,377,384,0,0,7,377
0x773a26,86.5385%,7,45,52,0,0,7,45
0x9e0d07,79.4118%,7,27,34,0,0,7,27
0x8bfcab,93%,7,93,100,93,5,2,0
0x7b2fc8,83.3333%,7,35,42,0,1,6,35
0x8c6237,99.9538%,6,12994,13000,12994,6,0,0
0x614dde,99.9132%,6,6910,6916,0,0,6,6910
0x75cd7a,86.3636%,6,38,44,0,0,6,38
0x6445fb,88.4615%,6,46,52,46,4,2,0
0x657a3c,88.4615%,6,46,52,0,0,6,46
0x63bc71,25%,6,2,8,0,0,6,2
0x4048c7,0%,6,0,6,0,6,0,0
0x665a82,88.4615%,6,46,52,46,4,2,0
0x5e7f81,88.4615%,6,46,52,35,4,2,11
0x92c343,99.7692%,6,2594,2600,0,0,6,2594
0x64734f,88.4615%,6,46,52,0,0,6,46
0x66e332,25%,6,2,8,2,4,2,0
0x5985a0,94.2308%,6,98,104,98,2,4,0
0x67ad1e,25%,6,2,8,2,6,0,0
0x67ad44,25%,6,2,8,0,6,0,2
0x6403e9,25%,6,2,8,0,6,0,2
0x595927,85.7143%,6,36,42,36,6,0,0
0x9f8cc0,97.7011%,6,255,261,0,4,2,255
0x960a58,96.2264%,6,153,159,0,0,6,153
0xa79efc,99.9913%,6,68777,68783,0,0,6,68777
0x6405c9,25%,6,2,8,0,6,0,2
0x634378,99.7692%,6,2594,2600,0,0,6,2594
0x64d05d,25%,6,2,8,2,4,2,0
0x64dbb8,99.875%,6,4794,4800,4794,6,0,0
0x66ea52,25%,6,2,8,0,6,0,2
0x63ad99,25%,6,2,8,0,6,0,2
0x66b8fc,88.4615%,6,46,52,0,0,6,46
0x76815d,94.2308%,6,98,104,98,2,4,0
0x8c0cf4,94%,6,94,100,0,0,6,94
0x95aa08,88.4615%,6,46,52,46,4,2,0
0x9fef8d,50%,6,6,12,2,6,0,4
0x757bd6,88.4615%,6,46,52,46,4,2,0
0x75f91b,66.6667%,6,12,18,12,6,0,0
0x647368,99.7692%,6,2594,2600,0,0,6,2594
0x8c6b34,94%,6,94,100,0,0,6,94
0x65a82d,25%,6,2,8,0,6,0,2
0x6486fe,25%,6,2,8,1,5,1,1
0x598aa0,87.5%,6,42,48,0,0,6,42
0x637d34,97.6654%,6,251,257,0,0,6,251
0x7b1562,88.4615%,6,46,52,46,4,2,0
0x60346e,62.5%,6,10,16,2,0,6,8
0x5f1192,88.8889%,6,48,54,48,6,0,0
0x42a6d1,0%,6,0,6,0,6,0,0
0x60326d,72.7273%,6,16,22,16,4,2,0
0x92a2ce,96.2264%,6,153,159,0,0,6,153
0xa7a650,98.8417%,6,512,518,261,0,6,251
0x92b038,94%,6,94,100,0,0,6,94
0x7b4241,88.4615%,6,46,52,46,4,2,0
0x42a6dc,0%,6,0,6,0,6,0,0
0x62103e,84.2105%,6,32,38,0,0,6,32
0x67a57e,25%,6,2,8,2,4,2,0
0x67ac68,25%,6,2,8,0,0,6,2
0x4a2e95,0%,6,0,6,0,6,0,0
0x595915,85.7143%,6,36,42,36,4,2,0
0x778383,97%,6,194,200,0,0,6,194
0x7cc638,88.4615%,6,46,52,0,0,6,46
0x65b02e,94.5455%,6,104,110,104,6,0,0
0x92943d,94.2857%,6,99,105,99,6,0,0
0x403fae,0%,6,0,6,0,6,0,0
0x667bd6,88.4615%,6,46,52,46,4,2,0
0x635165,88.4615%,6,46,52,46,4,2,0
0x5e72a8,25%,6,2,8,2,4,2,0
0x76d746,88.4615%,6,46,52,46,4,2,0
0x685b2b,25%,6,2,8,0,6,0,2
0x76f740,57.1429%,6,8,14,0,1,5,8
0x8c00a6,88.4615%,6,46,52,46,4,2,0
0xa768d3,99.9913%,6,68950,68956,0,0,6,68950
0x961926,96.2264%,6,153,159,0,0,6,153
0x6637c7,88.4615%,6,46,52,46,4,2,0
0x63a589,25%,6,2,8,0,0,6,2
0x8a7a8d,70%,6,14,20,0,0,6,14
0xa3082b,99.9705%,6,20353,20359,0,0,6,20353
0x75d919,86.3636%,6,38,44,38,4,2,0
0x7579c6,88.4615%,6,46,52,46,4,2,0
0x5fcfde,93.1818%,6,82,88,82,6,0,0
0x76c7cc,86.3636%,6,38,44,0,0,6,38
0xa43d5e,99.9435%,6,10619,10625,0,0,6,10619
0xa785dc,99.9125%,6,6849,6855,0,0,6,6849
0x8bf348,88.4615%,6,46,52,0,0,6,46
0x66f994,57.1429%,6,8,14,0,0,6,8
0x67ac05,25%,6,2,8,2,4,2,0
0x76a976,25%,6,2,8,1,5,1,1
0x760cb3,86.3636%,6,38,44,0,0,6,38
0x76a183,88.4615%,6,46,52,0,0,6,46
0x5e8ef3,53.8462%,6,7,13,0,5,1,7
0x64349b,88.4615%,6,46,52,0,0,6,46
0x59851d,94.2308%,6,98,104,0,0,6,98
0x640679,25%,6,2,8,0,6,0,2
0x4049a6,0%,6,0,6,0,6,0,0
0x7787c0,99.25%,6,794,800,0,0,6,794
0x5f3f47,71.4286%,6,15,21,15,1,5,0
0x8beef4,97.1154%,6,202,208,0,0,6,202
0x8c33ad,94%,6,94,100,0,0,6,94
0x67ac7b,25%,6,2,8,0,6,0,2
0x63649c,97.6654%,6,251,257,1,4,2,250
0x6e6b6e,88.4615%,6,46,52,46,4,2,0
0x758a2b,94.2308%,6,98,104,52,0,6,46
0x65a296,57.1429%,6,8,14,8,4,2,0
0x596f10,96.1538%,6,150,156,150,0,6,0
0x92a5dd,93.4066%,6,85,91,0,0,6,85
0x7cc366,88.4615%,6,46,52,0,0,6,46
0x5f4f2c,60%,6,9,15,9,2,4,0
0x5ea352,85.7143%,6,36,42,7,6,0,29
0x7730e2,88.4615%,6,46,52,0,0,6,46
0x7cda76,88.4615%,6,46,52,0,0,6,46
0x65cd13,88.4615%,6,46,52,0,0,6,46
0x9e152b,93.75%,6,90,96,0,0,6,90
0x604a14,86.3636%,6,38,44,38,6,0,0
0x42a4e9,62.5%,6,10,16,10,6,0,0
0x5e8164,92.2078%,6,71,77,1,4,2,70
0x6372aa,97.6654%,6,251,257,0,0,6,251
0x757936,88.4615%,6,46,52,46,4,2,0
0x7a925d,93.4783%,6,86,92,86,2,4,0
0x598627,81.25%,6,26,32,0,0,6,26
0x761702,95.4545%,6,126,132,0,0,6,126
0x5f5db6,60%,6,9,15,7,4,2,2
0x645793,99.7692%,6,2594,2600,0,0,6,2594
0x666263,88.4615%,6,46,52,0,0,6,46
0x656a93,85%,6,34,40,34,4,2,0
0x666286,88.4615%,6,46,52,46,4,2,0
0x9298ce,96.2264%,6,153,159,153,6,0,0
0x8bfbbd,94%,6,94,100,0,0,6,94
0xa77dd7,99.9817%,6,32752,32758,32752,6,0,0
0x5ac76b,81.25%,6,26,32,24,4,2,2
0x92c0c4,88%,6,44,50,44,6,0,0
0x8c0712,94%,6,94,100,0,0,6,94
0x60490e,86.3636%,6,38,44,38,6,0,0
0x6491bc,92.8571%,6,78,84,0,0,6,78
0x9f80fd,96.8586%,6,185,191,0,0,6,185
0x67adfb,25%,6,2,8,0,6,0,2
0x67a963,25%,6,2,8,1,5,1,1
0xa303b2,99.9367%,6,9468,9474,9468,6,0,0
0x645e9a,99.8517%,6,4040,4046,4040,6,0,0
0x76076a,85.7143%,6,36,42,36,4,2,0
0x765bba,94.2308%,6,98,104,0,0,6,98
0x67af7b,25%,6,2,8,2,4,2,0
0x5f1b08,99.7076%,6,2046,2052,0,0,6,2046
0x92b0ba,94%,6,94,100,94,4,2,0
0x6407b9,25%,6,2,8,2,4,2,0
0x593d6c,25%,6,2,8,0,0,6,2
0x7679fd,50%,6,6,12,2,6,0,4
0x5f1d28,97.8947%,6,279,285,0,1,5,279
0x42bc5c,0%,6,0,6,0,6,0,0
0x64e333,40%,6,4,10,0,0,6,4
0x7e8a10,88.4615%,6,46,52,46,4,2,0
0x64eb38,81.25%,6,26,32,0,0,6,26
0x596dc2,96.2963%,6,156,162,156,0,6,0
0xa22afc,94.2857%,6,99,105,0,0,6,99
0x604b1a,86.3636%,6,38,44,38,6,0,0
0x762147,86.3636%,6,38,44,37,5,1,1
0x648891,25%,6,2,8,2,4,2,0
0x64a749,94%,6,94,100,94,6,0,0
0x5f3584,98.0263%,6,298,304,298,6,0,0
0x64e1fe,98.8%,6,494,500,494,6,0,0
0x7616e3,86.3636%,6,38,44,0,0,6,38
0x5f47de,84.6154%,6,33,39,33,6,0,0
0x67a5ae,25%,6,2,8,2,4,2,0
0x5f30e3,84.2105%,6,32,38,17,1,5,15
0x593acd,25%,6,2,8,0,0,6,2
0x65a3bd,57.1429%,6,8,14,8,4,2,0
0x76066d,95.2381%,6,120,126,0,0,6,120
0x65acbc,98.2143%,6,330,336,330,6,0,0
0x9f7e6d,25%,6,2,8,0,0,6,2
0x96115f,96.2264%,6,153,159,0,0,6,153
0x5f463d,96.9231%,6,189,195,0,0,6,189
0x6871fa,25%,6,2,8,2,4,2,0
0x765c72,94.2308%,6,98,104,98,2,4,0
0x65393c,88.4615%,6,46,52,0,0,6,46
0xa43ee9,99.9435%,6,10619,10625,10619,6,0,0
0x5f1465,84.2105%,6,32,38,0,0,6,32
0x7cd9bc,88.4615%,6,46,52,46,4,2,0
0x77827c,81.25%,6,26,32,24,0,6,2
0x66fd7f,97.1154%,6,202,208,0,0,6,202
0x763450,96.1538%,6,150,156,101,3,3,49
0x4031aa,76.9231%,6,20,26,16,4,2,4
0x76fa90,14.2857%,6,1,7,1,6,0,0
0x61699c,88.4615%,6,46,52,46,4,2,0
0x646d6f,88.4615%,6,46,52,0,0,6,46
0x641ca8,88.4615%,6,46,52,0,0,6,46
0x6491fd,57.1429%,6,8,14,8,4,2,0
0x665ef3,88.4615%,6,46,52,0,0,6,46
0x669da2,88.4615%,6,46,52,46,4,2,0
0x8c087e,98.9655%,6,574,580,574,2,4,0
0x65f98f,94%,6,94,100,94,4,2,0
0x9fb643,99.9103%,6,6684,6690,0,0,6,6684
0x66f3d2,25%,6,2,8,0,6,0,2
0x63e32d,25%,6,2,8,0,0,6,2
0x66b06c,88.4615%,6,46,52,0,0,6,46
0x767c7e,25%,6,2,8,2,2,4,0
0x75a8f8,96.1538%,6,150,156,150,0,6,0
0x67b67d,25%,6,2,8,2,6,0,0
0x5e757f,25%,6,2,8,0,0,6,2
0x66efb2,99.875%,6,4794,4800,3595,5,1,1199
0x8c4f78,98.8%,6,494,500,400,0,6,94
0x755eb9,97.1154%,6,202,208,0,0,6,202
0x62336d,97.6923%,6,254,260,0,0,6,254
0x76f560,57.1429%,6,8,14,8,6,0,0
0x76e196,85%,6,34,40,0,0,6,34
0x67b0fb,25%,6,2,8,0,6,0,2
0xa7a63e,98.8417%,6,512,518,0,0,6,512
0x928a8a,96.2264%,6,153,159,0,0,6,153
0x755fb6,88.4615%,6,46,52,0,0,6,46
0x4b9e0d,90.625%,6,58,64,0,0,6,58
0x599144,81.25%,6,26,32,0,0,6,26
0x67a5fc,25%,6,2,8,2,6,0,0
0x75ed57,86.3636%,6,38,44,38,6,0,0
0x8c33e9,94%,6,94,100,0,0,6,94
0x66b152,88.4615%,6,46,52,46,4,2,0
0x8c160b,95.4198%,6,125,131,28,3,3,97
0x64f3ec,25%,6,2,8,0,0,6,2
0x9f7e06,25%,6,2,8,0,0,6,2
0x7aa4ca,88.4615%,6,46,52,0,0,6,46
0x927f11,97.1154%,6,202,208,202,6,0,0
0x659521,88.4615%,6,46,52,46,4,2,0
0x9e1af0,25%,6,2,8,2,6,0,0
0x64c026,99.8687%,6,4565,4571,4565,6,0,0
0xa308a5,99.9193%,6,7430,7436,0,0,6,7430
0x596d7a,96.2963%,6,156,162,0,0,6,156
0x92c3c5,99.7692%,6,2594,2600,0,0,6,2594
0xa38be2,0%,6,0,6,0,6,0,0
0x6475e2,94%,6,94,100,94,4,2,0
0x67abfd,25%,6,2,8,2,6,0,0
0x7577cb,88.4615%,6,46,52,0,0,6,46
0x9fa80d,96.8586%,6,185,191,0,0,6,185
0x634b28,98.8%,6,494,500,0,0,6,494
0x4a2689,0%,6,0,6,0,6,0,0
0x8a5248,25%,6,2,8,1,5,1,1
0x64b082,88.4615%,6,46,52,46,4,2,0
0x6528cc,99.9269%,6,8197,8203,0,0,6,8197
0x644355,88.4615%,6,46,52,46,6,0,0
0x657dfb,97.1154%,6,202,208,0,0,6,202
0x6367a1,99.456%,6,1097,1103,1097,6,0,0
0x63165e,25%,6,2,8,0,6,0,2
0x4a2b0d,0%,6,0,6,0,6,0,0
0x5f310c,66.6667%,6,12,18,4,6,0,8
0x666083,88.4615%,6,46,52,0,0,6,46
0x7cdd76,88.4615%,6,46,52,0,0,6,46
0x4a261c,0%,6,0,6,0,6,0,0
0x590c24,25%,6,2,8,0,0,6,2
0x8c32ac,94%,6,94,100,94,6,0,0
0x92895b,96.2264%,6,153,159,0,0,6,153
0x7aaeb0,88.4615%,6,46,52,46,4,2,0
0x604808,86.3636%,6,38,44,38,6,0,0
0x92a5bb,93.4066%,6,85,91,85,6,0,0
0xa797b7,96.5318%,6,167,173,0,0,6,167
0x6395a0,94%,6,94,100,94,4,2,0
0x6314bc,88.4615%,6,46,52,46,4,2,0
0x6412c9,25%,6,2,8,0,6,0,2
0x64c843,92.5%,6,74,80,0,0,6,74
0xa7a70d,97.6654%,6,251,257,0,0,6,251
0x5e66b0,88%,6,44,50,44,6,0,0
0x9e0cdb,82.3529%,6,28,34,0,0,6,28
0x76d8f2,88.4615%,6,46,52,0,0,6,46
0x66f492,25%,6,2,8,1,5,1,1
0x429a44,25%,6,2,8,1,5,1,1
0x5f6afb,99.4152%,6,1020,1026,0,0,6,1020
0x6da487,25%,6,2,8,1,5,1,1
0x66e153,25%,6,2,8,2,4,2,0
0x6041e4,86.3636%,6,38,44,38,6,0,0
0x8c13bd,97.931%,6,284,290,0,0,6,284
0x7a9fa9,94%,6,94,100,0,0,6,94
0x642842,88.4615%,6,46,52,46,4,2,0
0x659170,88.4615%,6,46,52,46,4,2,0
0xa222d1,99.9752%,6,24208,24214,0,0,6,24208
0x7b172f,88.4615%,6,46,52,0,0,6,46
0x9f5e57,97.4138%,6,226,232,0,0,6,226
0x95a135,88.4615%,6,46,52,46,4,2,0
0x66afc3,88.4615%,6,46,52,46,4,2,0
0x7aacd8,88.4615%,6,46,52,46,6,0,0
0xa79f40,99.9913%,6,68777,68783,0,0,6,68777
0x65267b,99.6781%,6,1858,1864,0,0,6,1858
0x404954,0%,6,0,6,0,6,0,0
0x6473bf,88.4615%,6,46,52,46,4,2,0
0x5e75af,25%,6,2,8,1,5,1,1
0x76e79e,14.2857%,6,1,7,1,0,6,0
0x7cf033,88.4615%,6,46,52,0,0,6,46
0x6453a1,88.4615%,6,46,52,46,4,2,0
0x7bc881,88.4615%,6,46,52,0,0,6,46
0xa77d7a,99.9913%,6,68950,68956,0,0,6,68950
0x96139f,96.2264%,6,153,159,0,0,6,153
0x7bc864,88.4615%,6,46,52,0,0,6,46
0x768233,94.2308%,6,98,104,0,0,6,98
0x64d1b3,98.5%,6,394,400,0,0,6,394
0x5e7896,53.8462%,6,7,13,6,6,0,1
0x772b81,88.4615%,6,46,52,46,4,2,0
0x7cd866,88.4615%,6,46,52,0,0,6,46
0x76d549,88.4615%,6,46,52,0,0,6,46
0x64dbee,92.5%,6,74,80,74,4,2,0
0x63935e,98.5%,6,394,400,297,3,3,97
0x7ce201,88.4615%,6,46,52,46,6,0,0
0x92a2e4,96.2264%,6,153,159,0,0,6,153
0xa76abd,99.8946%,6,5689,5695,0,0,6,5689
0x92d59b,88.4615%,6,46,52,46,4,2,0
0x633f4e,25%,6,2,8,0,6,0,2
0x64c960,25%,6,2,8,0,0,6,2
0x682138,88.4615%,6,46,52,0,0,6,46
0x633f2d,92.5%,6,74,80,74,4,2,0
0x6091a8,97.2973%,6,216,222,0,0,6,216
0x640dc9,25%,6,2,8,2,4,2,0
0x61700f,88.4615%,6,46,52,0,0,6,46
0x63c464,93.3333%,6,84,90,84,0,6,0
0xa76adc,99.7222%,6,2154,2160,0,0,6,2154
0x636201,95.3125%,6,122,128,91,5,1,31
0x402290,70%,6,14,20,14,6,0,0
0x6487ed,25%,6,2,8,1,5,1,1
0x665af2,88.4615%,6,46,52,46,4,2,0
0x64879b,25%,6,2,8,0,6,0,2
0x65b0ac,25%,6,2,8,0,6,0,2
0x67b3b8,25%,6,2,8,0,0,6,2
0x67b3fb,25%,6,2,8,2,4,2,0
0x63956d,97.4026%,6,225,231,225,6,0,0
0x64646f,88.4615%,6,46,52,0,0,6,46
0x761db3,95.4545%,6,126,132,123,3,3,3
0x9f7db2,25%,6,2,8,0,0,6,2
0x4299e0,84.2105%,6,32,38,28,5,1,4
0x64705f,88.4615%,6,46,52,0,0,6,46
0x9f7da5,25%,6,2,8,0,0,6,2
0x67b3d4,25%,6,2,8,1,5,1,1
0x9feed6,57.1429%,6,8,14,0,0,6,8
0xa3050a,99.989%,6,54534,54540,0,0,6,54534
0x92739a,14.2857%,6,1,7,1,6,0,0
0x64f3f6,25%,6,2,8,0,0,6,2
0xa31ccc,99.9435%,6,10619,10625,0,0,6,10619
0x76fbe2,14.2857%,6,1,7,0,6,0,1
0x8bf3c2,99.7692%,6,2594,2600,0,0,6,2594
0x64c3ce,25%,6,2,8,2,4,2,0
0x76f786,57.1429%,6,8,14,1,1,5,7
0x959de2,88.4615%,6,46,52,0,0,6,46
0x597d85,70%,6,14,20,12,6,0,2
0x63cd61,97.6654%,6,251,257,0,0,6,251
0x7e8193,88.4615%,6,46,52,0,0,6,46
0x7aad3d,88.4615%,6,46,52,46,4,2,0
0x632525,85%,6,34,40,34,4,2,0
0x7cf2c0,88.4615%,6,46,52,46,6,0,0
0x7aa06d,94%,6,94,100,94,2,4,0
0xa76ab3,99.8946%,6,5689,5695,0,0,6,5689
0x640d09,25%,6,2,8,0,6,0,2
0x67b79e,25%,6,2,8,2,6,0,0
0x645af6,99.9423%,6,10394,10400,10394,6,0,0
0x64dec3,99.9625%,6,15994,16000,12000,0,6,3994
0x9261d8,25%,6,2,8,0,0,6,2
0x64b7f3,25%,6,2,8,0,0,6,2
0x6467cf,88.4615%,6,46,52,46,4,2,0
0x7a8d31,94.2308%,6,98,104,2,2,4,96
0x67b49e,25%,6,2,8,2,6,0,0
0x64db26,92.5%,6,74,80,74,4,2,0
0x638820,97.6654%,6,251,257,0,0,6,251
0x64688f,88.4615%,6,46,52,0,0,6,46
0x8c07e4,98.9655%,6,574,580,0,0,6,574
0x6d8754,62.5%,6,10,16,4,0,6,6
0x67b0d4,25%,6,2,8,0,6,0,2
0x5984ac,94.2308%,6,98,104,0,0,6,98
0x652726,99.9756%,6,24603,24609,0,0,6,24603
0x67b6d4,25%,6,2,8,2,4,2,0
0x7cf1d2,88.4615%,6,46,52,46,4,2,0
0x762467,84.2105%,6,32,38,0,0,6,32
0x639e8a,14.2857%,6,1,7,0,0,6,1
0x65d8db,94%,6,94,100,0,0,6,94
0x63a8f0,25%,6,2,8,2,4,2,0
0x9610bd,96.2264%,6,153,159,0,0,6,153
0xa22643,99.5033%,6,1202,1208,1201,5,1,1
0x8c5d84,99.76%,6,2494,2500,0,0,6,2494
0x6325df,96.4286%,6,162,168,162,4,2,0
0x618de7,99.9132%,6,6910,6916,6910,6,0,0
0x6394b4,98.5%,6,394,400,394,4,2,0
0x8a88e5,96.4706%,6,164,170,164,4,2,0
0x599527,25%,6,2,8,2,6,0,0
0x618184,99.8482%,6,3946,3952,0,0,6,3946
0x63d788,99.9423%,6,10394,10400,10394,6,0,0
0x9f580c,57.1429%,6,8,14,0,0,6,8
0x63b312,57.1429%,6,8,14,8,4,2,0
0x60309a,72.7273%,6,16,22,0,0,6,16
0x66e392,25%,6,2,8,0,6,0,2
0x4a2ee8,0%,6,0,6,0,6,0,0
0x773b3c,88.4615%,6,46,52,0,0,6,46
0x77415b,88.4615%,6,46,52,46,4,2,0
0x5f63b9,92.1053%,6,70,76,34,4,2,36
0x63a209,94%,6,94,100,0,0,6,94
0x9f8cdf,97.7011%,6,255,261,0,0,6,255
0x63a214,94%,6,94,100,94,6,0,0
0x64e725,98.125%,6,314,320,0,0,6,314
0x5f43be,66.6667%,6,12,18,0,0,6,12
0x595831,85.7143%,6,36,42,0,4,2,36
0x8c34ad,94%,6,94,100,0,0,6,94
0x643686,88.4615%,6,46,52,46,4,2,0
0x63185d,88.4615%,6,46,52,46,4,2,0
0x64631f,88.4615%,6,46,52,46,4,2,0
0x5f42de,60%,6,9,15,0,0,6,9
0x65643d,95.2%,6,119,125,0,0,6,119
0x75c268,96.3855%,6,160,166,8,3,3,152
0x5f2406,88.8889%,6,48,54,48,4,2,0
0x769043,81.25%,6,26,32,0,4,2,26
0x648b73,25%,6,2,8,2,4,2,0
0x639e98,25%,6,2,8,1,5,1,1
0x6386e3,97.6654%,6,251,257,0,0,6,251
0x648c17,25%,6,2,8,2,4,2,0
0xa24d46,97.8947%,6,279,285,0,0,6,279
0x66b49a,72.2222%,5,13,18,13,3,2,0
0x7b3965,90.3846%,5,47,52,47,3,2,0
0x5fd042,94.3182%,5,83,88,83,5,0,0
0x5fcdf9,94.3182%,5,83,88,83,5,0,0
0x8c1283,37.5%,5,3,8,3,5,0,0
0x75fc28,90.3846%,5,47,52,0,0,5,47
0x762770,58.3333%,5,7,12,5,1,4,2
0x927c68,98.6301%,5,360,365,0,0,5,360
0x64883f,37.5%,5,3,8,1,5,0,2
0x92679c,37.5%,5,3,8,2,4,1,1
0x659c20,37.5%,5,3,8,3,3,2,0
0x6468ff,90.3846%,5,47,52,47,3,2,0
0x6d8e4b,68.75%,5,11,16,0,0,5,11
0x5ed324,90.3846%,5,47,52,47,3,2,0
0x648987,37.5%,5,3,8,1,5,0,2
0x63aa65,37.5%,5,3,8,3,3,2,0
0x76603c,94.7917%,5,91,96,91,1,4,0
0x64f15a,99.3873%,5,811,816,0,0,5,811
0x67abae,37.5%,5,3,8,3,5,0,0
0x64af22,90.3846%,5,47,52,47,3,2,0
0x766693,84.375%,5,27,32,0,0,5,27
0x5e83f1,98.3444%,5,297,302,297,5,0,0
0x5ea392,61.5385%,5,8,13,8,3,2,0
0x5e61e8,37.5%,5,3,8,1,5,0,2
0x63523e,93.75%,5,75,80,75,3,2,0
0x7724fd,37.5%,5,3,8,1,3,2,2
0x7aa370,90%,5,45,50,0,0,5,45
0x67a8b0,37.5%,5,3,8,3,5,0,0
0x652c4a,99.8968%,5,4842,4847,0,0,5,4842
0x5f106f,90.7407%,5,49,54,0,0,5,49
0x66e272,37.5%,5,3,8,1,5,0,2
0x76f725,64.2857%,5,9,14,0,0,5,9
0xa3a763,99.854%,5,3419,3424,0,4,1,3419
0x64cf93,98.4375%,5,315,320,315,1,4,0
0x640a49,37.5%,5,3,8,3,3,2,0
0x65c4c3,90.3846%,5,47,52,47,3,2,0
0x5f12c5,90.7407%,5,49,54,0,0,5,49
0x7662ec,58.3333%,5,7,12,7,5,0,0
0x760ce4,91.5254%,5,54,59,0,0,5,54
0x7e6781,90.3846%,5,47,52,47,3,2,0
0x926317,37.5%,5,3,8,2,4,1,1
0xa38b76,87.5%,5,35,40,0,0,5,35
0x8c32e1,95%,5,95,100,0,0,5,95
0x76ca00,88.6364%,5,39,44,39,3,2,0
0xa244f1,97.4619%,5,192,197,0,0,5,192
0x92b141,90.3846%,5,47,52,0,0,5,47
0x66e512,37.5%,5,3,8,3,3,2,0
0x64d623,84.375%,5,27,32,27,5,0,0
0x5997a6,79.1667%,5,19,24,19,5,0,0
0x64c7ba,93.75%,5,75,80,75,3,2,0
0x758a37,90.3846%,5,47,52,47,5,0,0
0x7aa68d,90.3846%,5,47,52,47,3,2,0
0x634ae9,90.3846%,5,47,52,47,3,2,0
0x9f8cc5,98.0545%,5,252,257,0,0,5,252
0x64fae0,93.75%,5,75,80,0,0,5,75
0x663b59,99.8077%,5,2595,2600,2595,3,2,0
0x597f0c,37.5%,5,3,8,3,3,2,0
0xa781c8,99.9254%,5,6700,6705,6700,5,0,0
0x65ad61,37.5%,5,3,8,1,5,0,2
0x757027,90.3846%,5,47,52,18,2,3,29
0x598f2e,50%,5,5,10,3,5,0,2
0x8c4765,99%,5,495,500,0,0,5,495
0x76c1ca,88.6364%,5,39,44,39,3,2,0
0xa769d2,99.9765%,5,21273,21278,0,0,5,21273
0x640909,37.5%,5,3,8,1,5,0,2
0x5ea1be,90.3846%,5,47,52,47,3,2,0
0x95a76a,97.5962%,5,203,208,153,3,2,50
0x6036e6,68.75%,5,11,16,0,0,5,11
0x608ed0,91.3793%,5,53,58,0,0,5,53
0x642a1d,90.3846%,5,47,52,47,3,2,0
0x8bfc60,95%,5,95,100,95,5,0,0
0x76287e,88.0952%,5,37,42,0,0,5,37
0x5e9e52,95.1923%,5,99,104,99,5,0,0
0x8c0167,37.5%,5,3,8,3,3,2,0
0x5f1b5c,99.7563%,5,2047,2052,0,0,5,2047
0x7728b2,90.3846%,5,47,52,47,3,2,0
0x5e899c,68.75%,5,11,16,11,0,5,0
0x5fca83,94.3182%,5,83,88,79,1,4,4
0x5e88ae,0%,5,0,5,0,0,5,0
0x8c4140,95%,5,95,100,0,0,5,95
0x4074f1,86.1111%,5,31,36,31,5,0,0
0x67b87b,37.5%,5,3,8,3,3,2,0
0x92c7eb,99.8077%,5,2595,2600,2595,5,0,0
0x89fbff,37.5%,5,3,8,0,0,5,3
0x7d0587,90.3846%,5,47,52,0,0,5,47
0x8c02cc,95%,5,95,100,95,3,2,0
0x64a0bc,99.8077%,5,2595,2600,0,0,5,2595
0x75c919,50%,5,5,10,5,5,0,0
0x7663a7,95%,5,95,100,0,0,5,95
0x63a9f3,98.75%,5,395,400,395,3,2,0
0x429fd3,98.0769%,5,255,260,255,5,0,0
0x758787,97.5962%,5,203,208,203,0,5,0
0x63ab0c,37.5%,5,3,8,0,0,5,3
0x65e9d7,95%,5,95,100,0,0,5,95
0x66999f,90.3846%,5,47,52,47,3,2,0
0x75f5fe,16.6667%,5,1,6,0,4,1,1
0x63d8d3,99.5618%,5,1136,1141,0,0,5,1136
0xa82018,99.9931%,5,72267,72272,0,0,5,72267
0xa224d8,99.6535%,5,1438,1443,0,0,5,1438
0x637b9d,98.0545%,5,252,257,252,5,0,0
0x67a6ab,99.5833%,5,1195,1200,1195,3,2,0
0x7b3051,90.3846%,5,47,52,47,3,2,0
0x76e56c,16.6667%,5,1,6,0,0,5,1
0x60879b,88.6364%,5,39,44,0,0,5,39
0x5ac6d3,99.3261%,5,737,742,0,0,5,737
0xa7857e,99.6296%,5,1345,1350,1345,5,0,0
0x773ac3,90.3846%,5,47,52,0,0,5,47
0x7cd03b,90.3846%,5,47,52,0,0,5,47
0x8c477a,99.9615%,5,12995,13000,0,0,5,12995
0x67b6fb,37.5%,5,3,8,3,3,2,0
0x8c11e6,64.2857%,5,9,14,9,3,2,0
0x64f0a3,97.5962%,5,203,208,0,0,5,203
0x5e8e51,85.7143%,5,30,35,30,5,0,0
0x6438b0,90.3846%,5,47,52,0,0,5,47
0xa246dc,99.2436%,5,656,661,0,0,5,656
0x5f5ed5,95.5357%,5,107,112,107,1,4,0
0x669e73,90.3846%,5,47,52,0,0,5,47
0x7615be,88.6364%,5,39,44,39,3,2,0
0x669951,97.5962%,5,203,208,203,5,0,0
0x596bd6,16.6667%,5,1,6,0,0,5,1
0xa79ed7,99.9927%,5,68778,68783,0,0,5,68778
0x67a90d,37.5%,5,3,8,3,5,0,0
0x5ac70b,99.3261%,5,737,742,737,1,4,0
0x65ee68,99.8077%,5,2595,2600,0,0,5,2595
0x64da53,93.75%,5,75,80,0,0,5,75
0x5f7060,99.5127%,5,1021,1026,0,0,5,1021
0x67b805,37.5%,5,3,8,3,3,2,0
0x67adb8,37.5%,5,3,8,0,0,5,3
0xa7a730,98.0545%,5,252,257,0,0,5,252
0x961961,96.8553%,5,154,159,0,0,5,154
0x64a712,95%,5,95,100,95,5,0,0
0x659b7c,99.8077%,5,2595,2600,0,0,5,2595
0x67a1c4,37.5%,5,3,8,2,4,1,1
0x774268,90.3846%,5,47,52,47,3,2,0
0x5e66a1,95%,5,95,100,45,5,0,50
0x666053,90.3846%,5,47,52,0,0,5,47
0x67b61e,37.5%,5,3,8,3,5,0,0
0x59801a,85.2941%,5,29,34,0,0,5,29
0x6662b6,90.3846%,5,47,52,47,3,2,0
0x65e2d3,99.9519%,5,10395,10400,10395,5,0,0
0x5f4ecc,66.6667%,5,10,15,10,1,4,0
0x64c5d2,99.875%,5,3995,4000,3995,5,0,0
0x4a2ede,16.6667%,5,1,6,0,0,5,1
0x67b554,37.5%,5,3,8,3,3,2,0
0x7a9666,98.6413%,5,363,368,0,4,1,363
0x66385e,84.375%,5,27,32,27,3,2,0
0x75f8b1,16.6667%,5,1,6,0,4,1,1
0x7e6792,90.3846%,5,47,52,0,0,5,47
0x6660d2,90.3846%,5,47,52,47,3,2,0
0x641189,37.5%,5,3,8,2,4,1,1
0x76e6aa,28.5714%,5,2,7,1,5,0,1
0x687ba8,90.3846%,5,47,52,47,3,2,0
0x89fbc3,37.5%,5,3,8,0,0,5,3
0x5f5ac3,95.3704%,5,103,108,103,1,4,0
0x6661c2,90.7407%,5,49,54,49,3,2,0
0xa76d55,99.9765%,5,21271,21276,0,0,5,21271
0x597e52,75%,5,15,20,13,5,0,2
0x402806,72.2222%,5,13,18,0,0,5,13
0x63c395,95.283%,5,101,106,6,0,5,95
0x6533e2,90.3846%,5,47,52,0,0,5,47
0x67abc4,37.5%,5,3,8,3,3,2,0
0x6871c3,37.5%,5,3,8,3,5,0,0
0x67add4,37.5%,5,3,8,3,3,2,0
0x5f4e64,66.6667%,5,10,15,10,1,4,0
0x616d33,90.3846%,5,47,52,0,0,5,47
0x7740eb,90.3846%,5,47,52,0,0,5,47
0x92737b,90.7407%,5,49,54,43,4,1,6
0x5f6d6d,99.5301%,5,1059,1064,0,0,5,1059
0x632dbb,98.9316%,5,463,468,0,0,5,463
0x6595ac,90.3846%,5,47,52,0,0,5,47
0x5f007d,98.7685%,5,401,406,401,5,0,0
0x6386c3,98.0545%,5,252,257,0,0,5,252
0x648bcd,37.5%,5,3,8,1,5,0,2
0x598de8,95.1923%,5,99,104,0,0,5,99
0xa234f6,85.2941%,5,29,34,0,0,5,29
0x7b33a2,90.3846%,5,47,52,47,3,2,0
0x8c5070,95%,5,95,100,0,0,5,95
0x5daa66,37.5%,5,3,8,2,4,1,1
0x5daab6,90.3846%,5,47,52,0,0,5,47
0x63128d,90.3846%,5,47,52,47,3,2,0
0x621587,58.3333%,5,7,12,0,0,5,7
0x5eccbe,90.3846%,5,47,52,47,3,2,0
0x67aad5,37.5%,5,3,8,1,5,0,2
0x65c812,37.5%,5,3,8,0,0,5,3
0x7b27c2,90.3846%,5,47,52,47,3,2,0
0x623375,99.9615%,5,12995,13000,0,0,5,12995
0x620a24,86.8421%,5,33,38,0,0,5,33
0x665f12,90.3846%,5,47,52,47,3,2,0
0x6537c0,90.3846%,5,47,52,47,3,2,0
0x6583d8,99.3895%,5,814,819,0,0,5,814
0x926c0d,94.3182%,5,83,88,0,0,5,83
0x63db88,99.9519%,5,10395,10400,10395,5,0,0
0x63c244,97.5962%,5,203,208,0,0,5,203
0x598851,89.5833%,5,43,48,43,5,0,0
0x5ea481,37.5%,5,3,8,3,3,2,0
0x926d44,98.75%,5,395,400,395,5,0,0
0x959e52,90.3846%,5,47,52,0,0,5,47
0x8a0e25,37.5%,5,3,8,2,4,1,1
0x8a0cd1,37.5%,5,3,8,0,0,5,3
0x63fd19,37.5%,5,3,8,1,5,0,2
0x623507,98.0769%,5,255,260,0,0,5,255
0x5e7b40,61.5385%,5,8,13,8,5,0,0
0x64a64b,95%,5,95,100,95,5,0,0
0x66b12c,90.3846%,5,47,52,0,0,5,47
0x6394f1,95%,5,95,100,95,3,2,0
0x64718f,90.3846%,5,47,52,0,0,5,47
0x614cc6,99.9277%,5,6911,6916,0,0,5,6911
0x617ea3,99.8735%,5,3947,3952,0,0,5,3947
0x6546c7,99.9413%,5,8516,8521,0,0,5,8516
0x75d99c,16.6667%,5,1,6,1,3,2,0
0x63fa89,37.5%,5,3,8,2,4,1,1
0xa79f45,99.9927%,5,68778,68783,0,0,5,68778
0x7579a3,90.3846%,5,47,52,0,0,5,47
0x8c3213,95%,5,95,100,95,5,0,0
0x5f4d3d,90.7407%,5,49,54,49,3,2,0
0xa79f2b,99.9927%,5,68778,68783,0,0,5,68778
0x63163e,37.5%,5,3,8,3,3,2,0
0x63bdfc,37.5%,5,3,8,0,0,5,3
0x40313e,80.7692%,5,21,26,21,5,0,0
0x7aad6e,90.7407%,5,49,54,49,3,2,0
0x7a9734,95%,5,95,100,0,0,5,95
0x949fcc,37.5%,5,3,8,0,4,1,3
0x630fa7,90.3846%,5,47,52,0,0,5,47
0x647202,90.3846%,5,47,52,47,3,2,0
0x6398d6,37.5%,5,3,8,1,5,0,2
0x666ead,37.5%,5,3,8,0,0,5,3
0x7603bd,37.5%,5,3,8,3,3,2,0
0x7aaf88,90.3846%,5,47,52,0,0,5,47
0x7cca1f,16.6667%,5,1,6,1,1,4,0
0x64ee13,84.375%,5,27,32,19,5,0,8
0x636b9a,98.0545%,5,252,257,0,0,5,252
0x76bc10,88.0952%,5,37,42,37,3,2,0
0xa0f24b,99.9529%,5,10620,10625,0,0,5,10620
0x63fbd9,37.5%,5,3,8,2,4,1,1
0x65e178,99.8077%,5,2595,2600,0,0,5,2595
0x4abb49,92.1875%,5,59,64,0,0,5,59
0x65cb2c,94.898%,5,93,98,93,5,0,0
0x9274da,90.7407%,5,49,54,1,3,2,48
0x5e8533,61.5385%,5,8,13,1,4,1,7
0x6549b1,99.9413%,5,8515,8520,8515,5,0,0
0x65b6b8,90.3846%,5,47,52,47,3,2,0
0x7b29c7,90.3846%,5,47,52,47,3,2,0
0x65c95d,99.8683%,5,3792,3797,0,0,5,3792
0x639ef8,37.5%,5,3,8,3,3,2,0
0x8a7a5c,96.8553%,5,154,159,0,0,5,154
0x9e17ca,94.7917%,5,91,96,0,0,5,91
0x4abb54,92.1875%,5,59,64,59,5,0,0
0x631405,90.3846%,5,47,52,47,3,2,0
0x617db8,99.8735%,5,3947,3952,3947,5,0,0
0x8c137f,95%,5,95,100,0,0,5,95
0xa39744,28.5714%,5,2,7,2,5,0,0
0x5fc9b8,94.3182%,5,83,88,83,5,0,0
0x774ac2,90.3846%,5,47,52,0,0,5,47
0x75cb3a,90.3846%,5,47,52,0,0,5,47
0x75bbb0,88.6364%,5,39,44,0,0,5,39
0x8c60db,99.9615%,5,12995,13000,0,0,5,12995
0x7cf357,90.3846%,5,47,52,47,3,2,0
0x5a6323,90.7407%,5,49,54,0,0,5,49
0x5f42cf,66.6667%,5,10,15,0,0,5,10
0x9ff013,99.6566%,5,1451,1456,0,0,5,1451
0xa76a07,99.9765%,5,21273,21278,21273,5,0,0
0x76aa19,90.3846%,5,47,52,0,0,5,47
0x7aa162,90.3846%,5,47,52,0,0,5,47
0x926af7,50%,5,5,10,0,0,5,5
0x8c1628,95%,5,95,100,0,0,5,95
0x63c03e,92.1875%,5,59,64,0,0,5,59
0x64c8fe,37.5%,5,3,8,2,4,1,1
0x669e32,90.3846%,5,47,52,47,3,2,0
0x65adc1,37.5%,5,3,8,3,3,2,0
0x64d646,37.5%,5,3,8,3,3,2,0
0x64ec97,84.375%,5,27,32,0,0,5,27
0x63684a,99.5467%,5,1098,1103,0,0,5,1098
0x6597bc,90.3846%,5,47,52,0,0,5,47
0xa30547,99.9908%,5,54535,54540,0,0,5,54535
0x8c185c,37.5%,5,3,8,1,5,0,2
0x66f4f2,37.5%,5,3,8,3,3,2,0
0xa79047,99.6296%,5,1345,1350,0,0,5,1345
0x7cd690,90.3846%,5,47,52,47,3,2,0
0x597a7b,85.2941%,5,29,34,0,0,5,29
0x640339,37.5%,5,3,8,3,3,2,0
0x639fd9,37.5%,5,3,8,3,3,2,0
0x64185c,37.5%,5,3,8,1,5,0,2
0x618067,99.8735%,5,3947,3952,3947,5,0,0
0x76fb0a,28.5714%,5,2,7,2,5,0,0
0x63161e,37.5%,5,3,8,2,4,1,1
0x66efdb,93.75%,5,75,80,75,3,2,0
0x63434d,90.3846%,5,47,52,47,3,2,0
0x67a045,37.5%,5,3,8,2,4,1,1
0x5f3f2b,76.1905%,5,16,21,0,0,5,16
0x774739,90.3846%,5,47,52,47,3,2,0
0x640719,37.5%,5,3,8,1,5,0,2
0x7ce455,90.3846%,5,47,52,47,3,2,0
0x8bfadf,37.5%,5,3,8,2,4,1,1
0x76332c,96.0317%,5,121,126,0,0,5,121
0x403ff4,16.6667%,5,1,6,1,5,0,0
0x648f0b,91.0714%,5,51,56,38,4,1,13
0x602fbb,77.2727%,5,17,22,0,0,5,17
0x618163,99.8735%,5,3947,3952,0,0,5,3947
0x76f4ae,64.2857%,5,9,14,0,0,5,9
0x8c165b,76.1905%,5,16,21,15,0,5,1
0x769e15,90.3846%,5,47,52,47,3,2,0
0x64d00d,37.5%,5,3,8,2,4,1,1
0xa22631,99.5974%,5,1237,1242,0,0,5,1237
0x643fa5,90.3846%,5,47,52,47,5,0,0
0x669e98,90.3846%,5,47,52,47,3,2,0
0x7cbde9,90.3846%,5,47,52,47,3,2,0
0x63a054,98.75%,5,395,400,395,3,2,0
0xa30524,99.9908%,5,54535,54540,0,0,5,54535
0x7e88b4,90.3846%,5,47,52,47,3,2,0
0x403226,80.7692%,5,21,26,21,5,0,0
0x92bd75,95%,5,95,100,0,0,5,95
0x663a49,99.5833%,5,1195,1200,1195,3,2,0
0x76e68c,28.5714%,5,2,7,1,4,1,1
0x670083,97.5962%,5,203,208,0,0,5,203
0x64d043,37.5%,5,3,8,0,0,5,3
0x6361e7,84.375%,5,27,32,0,0,5,27
0x64ba5a,93.75%,5,75,80,75,5,0,0
0x631799,72.2222%,5,13,18,13,3,2,0
0x75f93c,90.566%,5,48,53,0,0,5,48
0x65a333,64.2857%,5,9,14,0,0,5,9
0xa38b13,16.6667%,5,1,6,1,5,0,0
0x7e8220,90.3846%,5,47,52,47,3,2,0
0x667888,90.3846%,5,47,52,47,3,2,0
0x760f29,16.6667%,5,1,6,1,3,2,0
0x636c2c,98.0545%,5,252,257,0,0,5,252
0x7b0f26,90.3846%,5,47,52,47,5,0,0
0x928dde,96.8553%,5,154,159,0,0,5,154
0x76c1af,88.6364%,5,39,44,0,0,5,39
0x5943bc,99.8077%,5,2595,2600,2595,5,0,0
0x67b538,37.5%,5,3,8,0,0,5,3
0x65759c,90.3846%,5,47,52,0,0,5,47
0x67a41c,98.4375%,5,315,320,315,1,4,0
0x7b0d16,90.3846%,5,47,52,0,0,5,47
0x75d6a8,37.5%,5,3,8,3,5,0,0
0x639ee8,37.5%,5,3,8,2,4,1,1
0x8c1552,95%,5,95,100,0,0,5,95
0x761b0c,16.6667%,5,1,6,1,3,2,0
0x7b3482,90.3846%,5,47,52,47,3,2,0
0x7658e2,95.1923%,5,99,104,0,0,5,99
0x65acec,64.2857%,5,9,14,9,3,2,0
0x645836,90.3846%,5,47,52,47,3,2,0
0x6316be,37.5%,5,3,8,2,4,1,1
0x76abc5,90.3846%,5,47,52,0,0,5,47
0x8c06a6,98.75%,5,395,400,0,0,5,395
0x7596a1,90.3846%,5,47,52,0,0,5,47
0x8c0514,37.5%,5,3,8,3,3,2,0
0x7b0b2a,90.3846%,5,47,52,0,0,5,47
0x7cc409,90.3846%,5,47,52,47,3,2,0
0xa7809d,98.538%,5,337,342,0,0,5,337
0x65a961,37.5%,5,3,8,3,3,2,0
0x7cc3a6,90.3846%,5,47,52,0,0,5,47
0x9f57fe,64.2857%,5,9,14,0,0,5,9
0x63a1c8,95%,5,95,100,0,0,5,95
0x67aa46,37.5%,5,3,8,1,5,0,2
0x644dcf,90.3846%,5,47,52,47,3,2,0
0x9feeef,64.2857%,5,9,14,5,5,0,4
0xa7a6dd,98.0545%,5,252,257,0,0,5,252
0x645312,99.8764%,5,4041,4046,4041,5,0,0
0x7aa17d,90.3846%,5,47,52,47,3,2,0
0x75e9f8,88.0952%,5,37,42,37,5,0,0
0x6427f3,90.3846%,5,47,52,0,0,5,47
0x64520d,90.3846%,5,47,52,47,5,0,0
0x64ec82,84.375%,5,27,32,0,0,5,27
0x76f6b9,64.2857%,5,9,14,8,5,0,1
0x95a85c,90.3846%,5,47,52,47,3,2,0
0x64d1d6,98.75%,5,395,400,0,0,5,395
0x640859,37.5%,5,3,8,1,5,0,2
0x631227,90.3846%,5,47,52,0,0,5,47
0x6468a8,99.8077%,5,2595,2600,0,0,5,2595
0x64659f,90.3846%,5,47,52,0,0,5,47
0x63a387,95%,5,95,100,95,3,2,0
0x8c68f1,95%,5,95,100,0,0,5,95
0x614b7d,99.9277%,5,6911,6916,0,0,5,6911
0x76fc32,79.1667%,5,19,24,17,1,4,2
0x655133,99.8627%,5,3636,3641,0,0,5,3636
0x6512ce,93.75%,5,75,80,75,3,2,0
0x66f9e6,91.0714%,5,51,56,37,5,0,14
0xa9007e,99.9493%,5,9861,9866,0,0,5,9861
0x633239,90.3846%,5,47,52,47,3,2,0
0x761a75,72.2222%,5,13,18,13,3,2,0
0x6675c9,90.3846%,5,47,52,47,3,2,0
0x670032,98.7981%,5,411,416,203,5,0,208
0x633f07,93.75%,5,75,80,0,0,5,75
0x76a453,90.3846%,5,47,52,0,0,5,47
0x768082,95.1923%,5,99,104,0,0,5,99
0x67b7fd,37.5%,5,3,8,3,5,0,0
0x76affc,88.6364%,5,39,44,38,4,1,1
0x8c4d68,99.8077%,5,2595,2600,0,0,5,2595
0x64199e,37.5%,5,3,8,3,3,2,0
0x640b89,37.5%,5,3,8,2,4,1,1
0x66e3f2,37.5%,5,3,8,2,4,1,1
0x92bb8f,90.3846%,5,47,52,47,3,2,0
0x429b65,94.7917%,5,91,96,91,3,2,0
0x64ba52,93.75%,5,75,80,0,0,5,75
0x6676b3,90.3846%,5,47,52,0,0,5,47
0x6514e8,60%,4,6,10,6,2,2,0
0x8c6563,99.84%,4,2496,2500,0,0,4,2496
0x6409a9,50%,4,4,8,4,2,2,0
0x5dad44,98.0769%,4,204,208,155,1,3,49
0x66a543,92.3077%,4,48,52,48,2,2,0
0x666102,92.3077%,4,48,52,48,2,2,0
0x8c3c92,96%,4,96,100,0,0,4,96
0x76fc9f,92.3077%,4,48,52,48,2,2,0
0x616fcb,92.3077%,4,48,52,48,2,2,0
0x8c0322,96%,4,96,100,0,0,4,96
0x76fa7a,42.8571%,4,3,7,3,4,0,0
0x76af62,33.3333%,4,2,6,0,4,0,2
0x661c10,50%,4,4,8,4,2,2,0
0x7afb83,92.3077%,4,48,52,0,0,4,48
0x9284d3,99.9175%,4,4843,4847,4843,4,0,0
0x75d624,50%,4,4,8,2,4,0,2
0x7cdf01,92.3077%,4,48,52,48,2,2,0
0x64ab75,96%,4,96,100,96,2,2,0
0xa27e08,90%,4,36,40,36,4,0,0
0x651438,50%,4,4,8,4,2,2,0
0x4b9b54,66.6667%,4,8,12,0,0,4,8
0x7749fa,92.3077%,4,48,52,48,4,0,0
0x75d4d1,99.5455%,4,876,880,0,0,4,876
0x648e24,71.4286%,4,10,14,0,0,4,10
0x66a1e2,50%,4,4,8,4,2,2,0
0x616f46,92.3077%,4,48,52,48,2,2,0
0xa227f7,99.6265%,4,1067,1071,12,0,4,1055
0x6400f9,50%,4,4,8,4,2,2,0
0x640029,50%,4,4,8,4,2,2,0
0x63e31b,50%,4,4,8,0,0,4,4
0x645328,99.9037%,4,4149,4153,4149,4,0,0
0x6660a2,92.3077%,4,48,52,48,2,2,0
0xa39dd3,0%,4,0,4,0,4,0,0
0x64e76c,99.951%,4,8156,8160,8156,4,0,0
0xa3087e,99.9462%,4,7432,7436,0,0,4,7432
0x9294e9,96.8%,4,121,125,121,4,0,0
0x640529,50%,4,4,8,2,4,0,2
0x66ead2,50%,4,4,8,4,2,2,0
0x76198f,92.5926%,4,50,54,0,0,4,50
0x63171e,50%,4,4,8,3,3,1,1
0x652b24,99.9145%,4,4676,4680,0,0,4,4676
0xa76957,99.9916%,4,47674,47678,0,0,4,47674
0xa38cb0,33.3333%,4,2,6,0,0,4,2
0x64bd64,95%,4,76,80,0,0,4,76
0x63534c,95%,4,76,80,76,2,2,0
0x686b3e,92.3077%,4,48,52,0,0,4,48
0x7e7748,33.3333%,4,2,6,0,0,4,2
0x636d38,98.4436%,4,253,257,0,0,4,253
0x5f3f58,20%,4,1,5,0,0,4,1
0x8c6a5d,96%,4,96,100,0,0,4,96
0x76e769,42.8571%,4,3,7,1,0,4,2
0x60845a,77.7778%,4,14,18,0,0,4,14
0x616d56,92.3077%,4,48,52,0,0,4,48
0x597eac,50%,4,4,8,0,0,4,4
0x76bee8,90.9091%,4,40,44,0,0,4,40
0x634a89,92.3077%,4,48,52,48,2,2,0
0x616b83,99.6101%,4,1022,1026,0,0,4,1022
0x7aae15,92.3077%,4,48,52,0,0,4,48
0x67a54e,50%,4,4,8,3,3,1,1
0x67ac54,50%,4,4,8,4,2,2,0
0x7b1662,92.3077%,4,48,52,48,2,2,0
0x7b2102,92.3077%,4,48,52,0,0,4,48
0x6316de,50%,4,4,8,4,2,2,0
0x8bf422,96.2617%,4,103,107,0,0,4,103
0x9283ff,99.8663%,4,2987,2991,2987,0,4,0
0x9f5830,71.4286%,4,10,14,10,4,0,0
0x5f71a5,99.6101%,4,1022,1026,0,0,4,1022
0x7b45be,92.3077%,4,48,52,48,2,2,0
0x76ee7c,42.8571%,4,3,7,2,3,1,1
0x616bf9,89.4737%,4,34,38,34,2,2,0
0x6361ae,50%,4,4,8,4,2,2,0
0x6675d4,92.3077%,4,48,52,0,0,4,48
0x774afe,92.3077%,4,48,52,0,0,4,48
0x5f2f12,96.1538%,4,100,104,52,0,4,48
0x8bfda6,92.3077%,4,48,52,0,0,4,48
0x65eb1b,96%,4,96,100,0,0,4,96
0x64cf73,95%,4,76,80,0,0,4,76
0x636c45,98.4436%,4,253,257,0,0,4,253
0x7cd833,92.3077%,4,48,52,0,0,4,48
0x63620d,87.5%,4,28,32,28,2,2,0
0x5f69e5,89.4737%,4,34,38,34,4,0,0
0x597dec,50%,4,4,8,0,0,4,4
0x75942f,92.3077%,4,48,52,0,0,4,48
0x4b9ed8,93.75%,4,60,64,60,4,0,0
0x75d3ec,90.4762%,4,38,42,38,2,2,0
0x9e0cf0,88.2353%,4,30,34,27,3,1,3
0x669e02,92.3077%,4,48,52,48,2,2,0
0x9f7ce8,99.8051%,4,2048,2052,0,2,2,2048
0x66a492,92.3077%,4,48,52,48,2,2,0
0x96196e,97.4843%,4,155,159,0,0,4,155
0x404913,33.3333%,4,2,6,2,4,0,0
0x7a8cd2,96.1538%,4,100,104,100,4,0,0
0x60889d,97.7273%,4,172,176,172,4,0,0
0x66e8f3,96%,4,96,100,96,2,2,0
0x92bdb0,98%,4,196,200,98,2,2,98
0x76e8c2,42.8571%,4,3,7,1,0,4,2
0x663fda,95.2381%,4,80,84,80,2,2,0
0x7562a7,98.9899%,4,392,396,0,0,4,392
0x7b3ffb,98.0769%,4,204,208,152,4,0,52
0x8c15f8,96.9466%,4,127,131,0,0,4,127
0x6661f2,92.3077%,4,48,52,48,2,2,0
0xa2458d,99.6265%,4,1067,1071,0,4,0,1067
0x644766,92.3077%,4,48,52,48,2,2,0
0x926b6f,42.8571%,4,3,7,3,4,0,0
0x652c57,99.9175%,4,4843,4847,0,0,4,4843
0x6d8855,66.6667%,4,8,12,0,0,4,8
0xa77de5,99.9878%,4,32754,32758,0,0,4,32754
0x7692dc,66.6667%,4,8,12,6,2,2,2
0x616c49,89.4737%,4,34,38,34,2,2,0
0x4a2e1a,33.3333%,4,2,6,2,4,0,0
0x7afb9a,92.3077%,4,48,52,48,4,0,0
0x8bef44,98.0769%,4,204,208,204,4,0,0
0x66af33,92.3077%,4,48,52,48,2,2,0
0x7b1013,92.3077%,4,48,52,0,0,4,48
0x5a8e45,86.6667%,4,26,30,26,4,0,0
0x4a4410,0%,4,0,4,0,4,0,0
0x9e0e40,86.6667%,4,26,30,0,0,4,26
0x6870bb,92.3077%,4,48,52,48,0,4,0
0xa7980a,97.6879%,4,169,173,169,4,0,0
0xa43c35,99.9624%,4,10621,10625,10621,4,0,0
0x620a44,99.8988%,4,3948,3952,0,0,4,3948
0x63db7a,98.0769%,4,204,208,0,0,4,204
0x67b0e8,50%,4,4,8,0,0,4,4
0x605e18,81.8182%,4,18,22,0,0,4,18
0x681fb9,0%,4,0,4,0,0,4,0
0x75af7c,99.4587%,4,735,739,0,0,4,735
0x64d4c3,87.5%,4,28,32,28,4,0,0
0x5f327b,87.5%,4,28,32,0,0,4,28
0x960aa8,97.4843%,4,155,159,0,0,4,155
0x926c88,50%,4,4,8,0,0,4,4
0x7b32a1,92.3077%,4,48,52,48,2,2,0
0x646ddf,92.3077%,4,48,52,48,2,2,0
0x6312ec,92.3077%,4,48,52,0,0,4,48
0x63395e,50%,4,4,8,4,2,2,0
0x5e6eee,50%,4,4,8,4,2,2,0
0x65dee8,99.8462%,4,2596,2600,0,0,4,2596
0x66a323,92.3077%,4,48,52,48,2,2,0
0x7a9f1a,96%,4,96,100,96,0,4,0
0x65adac,50%,4,4,8,4,4,0,0
0x67aa1e,50%,4,4,8,4,4,0,0
0xa0eb64,0%,4,0,4,0,0,4,0
0x65ae8c,50%,4,4,8,4,4,0,0
0x6da657,50%,4,4,8,4,2,2,0
0x67a5cc,50%,4,4,8,4,4,0,0
0x76fc06,42.8571%,4,3,7,2,2,2,1
0x65562f,99.9704%,4,13511,13515,0,0,4,13511
0x5e82b1,50%,4,4,8,0,0,4,4
0x758120,92.3077%,4,48,52,0,0,4,48
0x766f96,87.5%,4,28,32,0,0,4,28
0x5e99db,92.3077%,4,48,52,48,4,0,0
0x76f4d2,50%,4,4,8,4,4,0,0
0x4049bd,33.3333%,4,2,6,2,4,0,0
0x598415,0%,4,0,4,0,0,4,0
0x634a1d,92.3077%,4,48,52,48,2,2,0
0x8c3b73,99.2%,4,496,500,496,4,0,0
0x75f976,77.7778%,4,14,18,14,2,2,0
0xa3a3a2,0%,4,0,4,0,0,4,0
0x646d88,99.8462%,4,2596,2600,0,0,4,2596
0x66723f,92.3077%,4,48,52,48,2,2,0
0x7b0dbb,92.3077%,4,48,52,48,2,2,0
0x7afc91,92.3077%,4,48,52,48,4,0,0
0x59586a,90.4762%,4,38,42,38,2,2,0
0x66ef9c,99.6667%,4,1196,1200,0,0,4,1196
0x61721f,99.3007%,4,568,572,0,0,4,568
0x63cfeb,50%,4,4,8,0,0,4,4
0x636f0a,98.4436%,4,253,257,0,0,4,253
0x8c4516,96%,4,96,100,0,0,4,96
0x76854b,97.7273%,4,172,176,0,2,2,172
0x63a9ed,50%,4,4,8,0,0,4,4
0x7b0df3,92.3077%,4,48,52,0,0,4,48
0x621072,99.5951%,4,984,988,0,0,4,984
0x606113,0%,4,0,4,0,4,0,0
0x6318e7,92.3077%,4,48,52,0,0,4,48
0x65965c,92.3077%,4,48,52,0,0,4,48
0x64d3f3,50%,4,4,8,0,0,4,4
0x64a840,96%,4,96,100,0,0,4,96
0x8c6b50,96%,4,96,100,0,0,4,96
0x7ce140,92.3077%,4,48,52,48,2,2,0
0x643aa3,92.3077%,4,48,52,0,0,4,48
0x67a07d,50%,4,4,8,4,4,0,0
0x9e1cab,50%,4,4,8,0,0,4,4
0x9277ee,95.6044%,4,87,91,87,2,2,0
0xa22cd8,88.2353%,4,30,34,0,0,4,30
0x960ec3,96.8%,4,121,125,0,0,4,121
0x631187,92.3077%,4,48,52,0,0,4,48
0x63525f,95%,4,76,80,76,2,2,0
0x64aacc,96%,4,96,100,0,0,4,96
0x95a9af,92.3077%,4,48,52,48,4,0,0
0xa39f96,0%,4,0,4,0,0,4,0
0x65a72e,0%,4,0,4,0,4,0,0
0x757c36,92.3077%,4,48,52,48,2,2,0
0xa39ec2,0%,4,0,4,0,0,4,0
0x7aa1e9,92.3077%,4,48,52,48,2,2,0
0x6233b2,60%,4,6,10,0,0,4,6
0x76bb18,90.4762%,4,38,42,0,0,4,38
0x67b7c4,50%,4,4,8,2,4,0,2
0x663a76,96%,4,96,100,96,2,2,0
0x7e7281,33.3333%,4,2,6,2,2,2,0
0x590a05,50%,4,4,8,4,4,0,0
0x9297d0,96.8%,4,121,125,0,0,4,121
0x5e6846,92%,4,46,50,0,0,4,46
0x635c1e,50%,4,4,8,4,2,2,0
0x65ad4c,50%,4,4,8,4,4,0,0
0x659681,92.3077%,4,48,52,48,2,2,0
0x635b6b,71.4286%,4,10,14,10,2,2,0
0x606284,0%,4,0,4,0,0,4,0
0x685aed,50%,4,4,8,3,1,3,1
0x42a817,90.4762%,4,38,42,0,0,4,38
0x9fef88,50%,4,4,8,1,3,1,3
0x5a6363,98.1481%,4,212,216,159,3,1,53
0x63190d,92.3077%,4,48,52,48,2,2,0
0x665c7e,92.3077%,4,48,52,0,0,4,48
0x5e7e5d,69.2308%,4,9,13,0,0,4,9
0x4b9bf8,66.6667%,4,8,12,8,4,0,0
0x65dc6a,96%,4,96,100,0,0,4,96
0x61690d,92.3077%,4,48,52,0,0,4,48
0x77347f,92.3077%,4,48,52,48,2,2,0
0x7afcca,92.3077%,4,48,52,0,0,4,48
0x769576,0%,4,0,4,0,0,4,0
0x42a93e,89.4737%,4,34,38,34,4,0,0
0x92b17a,99.8462%,4,2596,2600,0,0,4,2596
0x67a148,50%,4,4,8,0,0,4,4
0x762e9f,90.4762%,4,38,42,0,0,4,38
0x681f28,96.1538%,4,100,104,100,4,0,0
0x687b7c,92.3077%,4,48,52,0,0,4,48
0x64d3a1,50%,4,4,8,4,2,2,0
0x7cd966,92.3077%,4,48,52,0,0,4,48
0x64a67d,96%,4,96,100,96,4,0,0
0x777ee1,50%,4,4,8,4,4,0,0
0x63a4d3,99%,4,396,400,396,2,2,0
0x9f80cf,97.9058%,4,187,191,187,4,0,0
0xa76e1a,99.9812%,4,21272,21276,0,0,4,21272
0x8c3071,96%,4,96,100,0,0,4,96
0x7aa0f1,92.5926%,4,50,54,50,2,2,0
0xa7a6b0,98.4436%,4,253,257,253,4,0,0
0x67aafc,50%,4,4,8,3,3,1,1
0x7bc8bc,92.3077%,4,48,52,48,2,2,0
0x4b9e34,93.75%,4,60,64,0,0,4,60
0x657d1c,92.3077%,4,48,52,0,0,4,48
0x402813,77.7778%,4,14,18,0,0,4,14
0x765d5f,95.8333%,4,92,96,0,0,4,92
0x6215fc,66.6667%,4,8,12,0,4,0,8
0x7562eb,98.9899%,4,392,396,0,0,4,392
0x949f74,50%,4,4,8,4,4,0,0
0x7bd097,60%,4,6,10,0,0,4,6
0x6397c6,50%,4,4,8,2,4,0,2
0x95a048,92.3077%,4,48,52,0,0,4,48
0x772563,92.3077%,4,48,52,0,0,4,48
0x92cb85,99.8462%,4,2596,2600,0,0,4,2596
0x66f8d6,71.4286%,4,10,14,0,0,4,10
0x648a7d,50%,4,4,8,3,3,1,1
0x76ca89,33.3333%,4,2,6,0,4,0,2
0x762f43,87.5%,4,28,32,0,0,4,28
0x778f25,98.0769%,4,204,208,0,0,4,204
0x63bf5a,98.0769%,4,204,208,0,0,4,204
0x5f4cad,92.5926%,4,50,54,50,2,2,0
0x645a53,92.3077%,4,48,52,48,4,0,0
0x75f9ec,33.3333%,4,2,6,0,0,4,2
0x594848,98.0769%,4,204,208,0,0,4,204
0x8a4c0a,75%,4,12,16,12,0,4,0
0x5e84ff,69.2308%,4,9,13,0,0,4,9
0x5f54f8,0%,4,0,4,0,2,2,0
0x42992e,96.7742%,4,120,124,0,0,4,120
0x5f323b,83.3333%,4,20,24,0,0,4,20
0x63be84,50%,4,4,8,0,0,4,4
0x76873a,66.6667%,4,8,12,8,4,0,0
0x928b1b,97.4843%,4,155,159,0,0,4,155
0x8c1648,80.9524%,4,17,21,0,0,4,17
0x773a2e,92.3077%,4,48,52,48,4,0,0
0x637ddd,98.4436%,4,253,257,0,0,4,253
0xa2e8d5,99.9894%,4,37685,37689,0,0,4,37685
0x63a40a,50%,4,4,8,0,0,4,4
0x5f396e,89.4737%,4,34,38,34,2,2,0
0x769a8a,0%,4,0,4,0,4,0,0
0x658561,99.9812%,4,21290,21294,0,0,4,21290
0x67b644,50%,4,4,8,2,4,0,2
0x7a9266,0%,4,0,4,0,0,4,0
0x5f1eff,98.5965%,4,281,285,0,0,4,281
0x598ac1,95.8333%,4,92,96,0,0,4,92
0x75af86,99.4587%,4,735,739,735,4,0,0
0x659940,92.3077%,4,48,52,48,2,2,0
0x66e853,92.3077%,4,48,52,48,2,2,0
0x5f0b50,99.9128%,4,4584,4588,0,0,4,4584
0x926b18,50%,4,4,8,1,0,4,3
0x759685,92.3077%,4,48,52,0,0,4,48
0x76bc92,33.3333%,4,2,6,1,3,1,1
0x8c445a,99.8462%,4,2596,2600,0,0,4,2596
0x66ecb5,92.3077%,4,48,52,0,0,4,48
0x63dacb,50%,4,4,8,0,0,4,4
0x8c6143,99.9692%,4,12996,13000,12996,4,0,0
0x961262,97.4843%,4,155,159,155,4,0,0
0x596ef2,97.4359%,4,152,156,0,0,4,152
0x7cc009,92.3077%,4,48,52,0,0,4,48
0x7615ff,90.9091%,4,40,44,0,0,4,40
0x66e993,96%,4,96,100,96,2,2,0
0x7aa022,96%,4,96,100,96,4,0,0
0x5f47c2,96.2963%,4,104,108,104,0,4,0
0x66f372,50%,4,4,8,4,2,2,0
0x645788,92.3077%,4,48,52,0,0,4,48
0x8bfe23,92.3077%,4,48,52,0,0,4,48
0x635bde,50%,4,4,8,4,2,2,0
0x429815,99%,4,396,400,0,0,4,396
0x66eb12,50%,4,4,8,4,2,2,0
0x5f4407,77.7778%,4,14,18,1,2,2,13
0x65c39e,92.3077%,4,48,52,48,2,2,0
0x596c8a,97.4359%,4,152,156,0,0,4,152
0x63d492,50%,4,4,8,0,0,4,4
0x928a0d,97.4843%,4,155,159,0,0,4,155
0xa3a212,0%,4,0,4,0,0,4,0
0x8c52d5,99.2%,4,496,500,0,0,4,496
0x9f99ff,75%,4,12,16,0,4,0,12
0x766a3a,0%,4,0,4,0,4,0,0
0x67aab9,50%,4,4,8,0,0,4,4
0x66b2d2,92.3077%,4,48,52,48,2,2,0
0x659257,92.3077%,4,48,52,48,2,2,0
0x67aa7d,50%,4,4,8,4,4,0,0
0x5e6916,99.68%,4,1246,1250,0,0,4,1246
0x66f312,50%,4,4,8,4,2,2,0
0x766cca,96.1538%,4,100,104,100,0,4,0
0x8c4e13,96%,4,96,100,0,0,4,96
0x8c6ab5,96%,4,96,100,0,0,4,96
0x9f7d17,99.8041%,4,2038,2042,2038,4,0,0
0x8bef22,98.0769%,4,204,208,204,4,0,0
0x65621b,99.9704%,4,13511,13515,0,0,4,13511
0x8c156f,96%,4,96,100,0,0,4,96
0x67a98a,50%,4,4,8,3,3,1,1
0xa3975c,42.8571%,4,3,7,3,4,0,0
0x649e8c,96%,4,96,100,0,0,4,96
0x766fe7,87.5%,4,28,32,0,0,4,28
0x63391d,95%,4,76,80,76,2,2,0
0x5e761a,50%,4,4,8,0,0,4,4
0x7a90aa,75%,4,12,16,0,2,2,12
0x8bea2c,0%,4,0,4,0,2,2,0
0x620e1c,33.3333%,4,2,6,2,4,0,0
0x604e2c,90.9091%,4,40,44,40,4,0,0
0xa22493,99.7228%,4,1439,1443,0,2,2,1439
0x7cdeb2,92.3077%,4,48,52,48,4,0,0
0x66f7f2,50%,4,4,8,4,2,2,0
0x95a422,92.3077%,4,48,52,48,2,2,0
0x404e5c,81.8182%,4,18,22,18,4,0,0
0x7cc3ae,92.3077%,4,48,52,48,4,0,0
0x961333,97.4843%,4,155,159,0,0,4,155
0x67b085,50%,4,4,8,4,2,2,0
0x65abd1,50%,4,4,8,4,2,2,0
0x766a99,66.6667%,4,8,12,8,0,4,0
0x6870c2,0%,4,0,4,0,2,2,0
0x766570,95.8333%,4,92,96,92,0,4,0
0x669db3,92.3077%,4,48,52,0,0,4,48
0x76dc65,90.9091%,4,40,44,40,2,2,0
0x76fb20,42.8571%,4,3,7,3,4,0,0
0x634ab8,99.8462%,4,2596,2600,0,0,4,2596
0x7cc018,92.3077%,4,48,52,0,0,4,48
0x5f016a,99.5074%,4,808,812,402,4,0,406
0x6699b3,92.3077%,4,48,52,0,0,4,48
0xa24a3f,99.6172%,4,1041,1045,0,0,4,1041
0x95a3fc,92.3077%,4,48,52,0,0,4,48
0x77247c,50%,4,4,8,4,4,0,0
0x640279,50%,4,4,8,2,4,0,2
0xa395f5,42.8571%,4,3,7,3,4,0,0
0x774b09,92.3077%,4,48,52,48,4,0,0
0x64fc54,92.3077%,4,48,52,48,2,2,0
0x763534,90.9091%,4,40,44,0,0,4,40
0x67a4cc,99.9167%,4,4796,4800,4796,4,0,0
0x757b16,92.3077%,4,48,52,48,2,2,0
0x7aa472,92%,4,46,50,46,2,2,0
0x64eb66,87.5%,4,28,32,0,0,4,28
0x7625b8,77.7778%,4,14,18,0,0,4,14
0x6401c9,50%,4,4,8,2,4,0,2
0x76fe38,50%,4,4,8,0,4,0,4
0x5f6983,89.4737%,4,34,38,34,4,0,0
0x66e2d2,50%,4,4,8,4,2,2,0
0x778bd5,50%,4,4,8,0,0,4,4
0x5fcc9c,95.4545%,4,84,88,84,4,0,0
0x7a9e33,96%,4,96,100,0,0,4,96
0x6821a4,92.3077%,4,48,52,48,4,0,0
0x653840,92.3077%,4,48,52,48,2,2,0
0x76951b,50%,4,4,8,0,4,0,4
0x76f3f3,71.4286%,4,10,14,0,0,4,10
0x663888,92.3077%,4,48,52,0,0,4,48
0x76cb81,90.9091%,4,40,44,0,0,4,40
0x669d42,92.3077%,4,48,52,48,2,2,0
0x7a9e52,96%,4,96,100,0,0,4,96
0x8c671b,96%,4,96,100,0,0,4,96
0x9f4f37,98.4674%,4,257,261,257,4,0,0
0x8c4045,96%,4,96,100,96,4,0,0
0x7a911b,75%,4,12,16,0,0,4,12
0x65a24c,95.9184%,4,94,98,0,0,4,94
0x632e06,77.7778%,4,14,18,14,2,2,0
0x760da6,96.8254%,4,122,126,0,0,4,122
0x8c16a8,98.6207%,4,286,290,0,0,4,286
0x65cbbc,50%,4,4,8,3,3,1,1
0x66acc2,50%,4,4,8,4,2,2,0
0x75fb8a,33.3333%,4,2,6,0,4,0,2
0x63fe59,50%,4,4,8,3,3,1,1
0x6676f8,92.3077%,4,48,52,48,2,2,0
0x64d89e,33.3333%,4,2,6,0,4,0,2
0x7cd492,92.3077%,4,48,52,0,0,4,48
0x643278,92.3077%,4,48,52,48,2,2,0
0x5e908d,0%,4,0,4,0,2,2,0
0xa39f7e,0%,4,0,4,0,4,0,0
0x758826,92.3077%,4,48,52,48,4,0,0
0x7d06f7,92.3077%,4,48,52,0,0,4,48
0x7e74aa,33.3333%,4,2,6,1,3,1,1
0x67a8c0,50%,4,4,8,4,4,0,0
0x65c4ad,98.0769%,4,204,208,152,4,0,52
0x76722b,75%,4,12,16,0,0,4,12
0x64df03,99.9%,4,3996,4000,0,0,4,3996
0x66631f,92.3077%,4,48,52,48,2,2,0
0x76ad6d,92.3077%,4,48,52,48,2,2,0
0x66aa82,50%,4,4,8,4,2,2,0
0x633f6e,50%,4,4,8,4,2,2,0
0x7e63a3,33.3333%,4,2,6,0,4,0,2
0x769b2e,0%,4,0,4,0,0,4,0
0x5f5b22,0%,4,0,4,0,2,2,0
0x669eb3,92.3077%,4,48,52,0,0,4,48
0xa76e27,99.9812%,4,21272,21276,21272,4,0,0
0x928ab2,97.4843%,4,155,159,0,0,4,155
0x769a0a,96.1538%,4,100,104,100,0,4,0
0x5f404b,20%,4,1,5,0,1,3,1
0x6d8e6e,75%,4,12,16,0,0,4,12
0x5aca8b,0%,4,0,4,0,4,0,0
0x5f5562,94.7368%,4,72,76,0,0,4,72
0x65d013,92.3077%,4,48,52,0,0,4,48
0x63cb55,98.4436%,4,253,257,0,0,4,253
0x65c0a4,92.3077%,4,48,52,48,2,2,0
0x64b9a5,50%,4,4,8,4,2,2,0
0x66679f,92.5926%,4,50,54,50,2,2,0
0x5f4ed0,0%,4,0,4,0,0,4,0
0x7cd7b0,92.3077%,4,48,52,48,2,2,0
0x927a52,95.6044%,4,87,91,0,0,4,87
0x768348,96.1538%,4,100,104,100,0,4,0
0x596dc6,33.3333%,4,2,6,0,0,4,2
0x63a472,50%,4,4,8,4,2,2,0
0x66b5fc,92.3077%,4,48,52,0,0,4,48
0x645be3,99.8462%,4,2596,2600,0,0,4,2596
0x67a001,50%,4,4,8,2,4,0,2
0x66b53c,92.3077%,4,48,52,0,0,4,48
0x4048f1,33.3333%,4,2,6,0,0,4,2
0xa7855f,99.9501%,4,8020,8024,0,0,4,8020
0x5f3d2e,63.6364%,4,7,11,4,1,3,3
0x757b83,92.5926%,4,50,54,0,0,4,50
0x67aae9,50%,4,4,8,0,0,4,4
0x66e4b2,50%,4,4,8,3,3,1,1
0x661a63,50%,4,4,8,4,2,2,0
0x5f0c47,99.9128%,4,4584,4588,4584,4,0,0
0x63c2e2,99%,4,396,400,0,0,4,396
0x89fb91,50%,4,4,8,4,4,0,0
0x65a8ed,95%,4,76,80,76,2,2,0
0x63169e,50%,4,4,8,4,2,2,0
0xa0f621,88.2353%,4,30,34,0,0,4,30
0x63c2a9,50%,4,4,8,0,0,4,4
0x7656cd,0%,4,0,4,0,0,4,0
0x5f6c18,99.6101%,4,1022,1026,0,0,4,1022
0x7cd933,92.3077%,4,48,52,0,0,4,48
0x7b2773,92.3077%,4,48,52,0,0,4,48
0x64342b,92.3077%,4,48,52,48,2,2,0
0x5f3a5c,93.3333%,4,56,60,28,2,2,28
0x5fcd11,95.4545%,4,84,88,84,4,0,0
0xa39cf7,99.8832%,4,3420,3424,3420,4,0,0
0x5f310e,50%,4,4,8,4,4,0,0
0x75cac0,50%,4,4,8,2,4,0,2
0x8c0a30,96%,4,96,100,96,2,2,0
0x7af857,92.3077%,4,48,52,48,2,2,0
0x92c5ca,99.8462%,4,2596,2600,0,0,4,2596
0x65a203,71.4286%,4,10,14,0,0,4,10
0x59870d,91.6667%,4,44,48,0,0,4,44
0x8c71d1,80%,4,16,20,16,2,2,0
0x593c99,50%,4,4,8,0,0,4,4
0x6551a9,80%,4,16,20,0,0,4,16
0x67b505,50%,4,4,8,2,4,0,2
0x65644f,96.8%,4,121,125,121,4,0,0
0x7a9fd2,96%,4,96,100,0,0,4,96
0xa77e69,99.5322%,4,851,855,851,4,0,0
0x5f40cd,0%,4,0,4,0,4,0,0
0x643830,92.3077%,4,48,52,48,2,2,0
0x5f47d3,90.6977%,4,39,43,0,4,0,39
0xa2bc10,0%,4,0,4,0,0,4,0
0x5f32a8,88.2353%,4,30,34,30,4,0,0
0x7560b8,98.9899%,4,392,396,0,0,4,392
0x648b21,50%,4,4,8,2,4,0,2
0x761fe3,90.9091%,4,40,44,0,0,4,40
0x6678eb,92.3077%,4,48,52,48,2,2,0
0x630f73,75%,4,12,16,12,2,2,0
0x949cc9,50%,4,4,8,4,2,2,0
0x5ed280,92.3077%,4,48,52,0,0,4,48
0x631424,92.3077%,4,48,52,0,0,4,48
0x8a7b73,96.8992%,4,125,129,0,0,4,125
0x7ce24c,92.3077%,4,48,52,48,2,2,0
0x766322,66.6667%,4,8,12,8,0,4,0
0x64e1b3,99.4%,3,497,500,0,0,3,497
0x6448df,94.2308%,3,49,52,49,1,2,0
0x8c1548,97%,3,97,100,0,0,3,97
0x608004,94.2308%,3,49,52,49,1,2,0
0x639af6,62.5%,3,5,8,5,1,2,0
0xa31c59,99.9718%,3,10622,10625,10622,3,0,0
0x9ff065,99.1758%,3,361,364,0,0,3,361
0x65991c,94.2308%,3,49,52,0,0,3,49
0xa3a5b4,25%,3,1,4,0,3,0,1
0x614b63,99.9566%,3,6913,6916,0,0,3,6913
0x666363,94.2308%,3,49,52,0,0,3,49
0x621133,98.5577%,3,205,208,0,0,3,205
0x63c782,98.8327%,3,254,257,0,0,3,254
0x7b1e60,94.2308%,3,49,52,0,0,3,49
0x63fdb9,62.5%,3,5,8,4,2,1,1
0x64b05c,94.2308%,3,49,52,0,0,3,49
0x8bf28e,97%,3,97,100,97,1,2,0
0x9ff0d6,99.1429%,3,347,350,347,3,0,0
0x76a238,94.2308%,3,49,52,49,3,0,0
0x928a02,98.1132%,3,156,159,0,0,3,156
0x63c14b,98.5577%,3,205,208,0,0,3,205
0x7cc661,94.2308%,3,49,52,0,0,3,49
0xa31c26,99.993%,3,42565,42568,42565,3,0,0
0x657f82,96.7033%,3,88,91,88,3,0,0
0x640c59,62.5%,3,5,8,3,3,0,2
0x613caf,87.5%,3,21,24,0,0,3,21
0x928676,98.1132%,3,156,159,156,3,0,0
0x7618cc,50%,3,3,6,3,1,2,0
0x76cd70,25%,3,1,4,1,1,2,0
0x8a88fe,70%,3,7,10,0,0,3,7
0x8c15c9,98.9655%,3,287,290,0,0,3,287
0xa79f1c,99.9956%,3,68780,68783,68780,3,0,0
0x6418ad,62.5%,3,5,8,3,3,0,2
0xa0f52a,91.1765%,3,31,34,0,0,3,31
0x597e4c,62.5%,3,5,8,5,1,2,0
0x761c01,66.6667%,3,6,9,2,2,1,4
0x8c17a4,62.5%,3,5,8,1,1,2,4
0x960ada,98.1132%,3,156,159,0,0,3,156
0x64f3d7,62.5%,3,5,8,0,0,3,5
0x756ba9,94.2308%,3,49,52,49,1,2,0
0x65883f,96.7033%,3,88,91,88,3,0,0
0x9616c8,98.1132%,3,156,159,0,0,3,156
0x96172f,98.1132%,3,156,159,0,0,3,156
0x762c03,92.1053%,3,35,38,0,0,3,35
0x7cd5f3,94.2308%,3,49,52,0,0,3,49
0x772af3,94.2308%,3,49,52,0,0,3,49
0x8c5446,99.8846%,3,2597,2600,2597,3,0,0
0x8c6644,99.97%,3,9997,10000,0,0,3,9997
0x64c553,99.925%,3,3997,4000,0,0,3,3997
0x7b36fa,94.2308%,3,49,52,0,0,3,49
0x8c158c,97%,3,97,100,0,0,3,97
0x92ca0b,99.8846%,3,2597,2600,0,0,3,2597
0x8bfc03,97%,3,97,100,0,0,3,97
0x7632fb,92.8571%,3,39,42,0,0,3,39
0x63a91f,62.5%,3,5,8,5,1,2,0
0x5f3dc5,40%,3,2,5,2,2,1,0
0x8c360a,97%,3,97,100,0,0,3,97
0x8beeab,98.5577%,3,205,208,205,3,0,0
0x7aa132,94.2308%,3,49,52,0,0,3,49
0x76f24b,57.1429%,3,4,7,0,1,2,4
0x64b410,62.5%,3,5,8,5,1,2,0
0x6037e1,93.1818%,3,41,44,0,0,3,41
0xa39de1,25%,3,1,4,0,3,0,1
0xa39deb,25%,3,1,4,0,0,3,1
0x7afdd0,94.2308%,3,49,52,49,3,0,0
0xa3a052,25%,3,1,4,0,0,3,1
0x76fe62,62.5%,3,5,8,3,3,0,2
0x75d02c,25%,3,1,4,0,2,1,1
0x657a6c,94.2308%,3,49,52,49,1,2,0
0x7e89be,94.2308%,3,49,52,0,0,3,49
0x590c01,62.5%,3,5,8,5,3,0,0
0x8c44ea,99.8846%,3,2597,2600,0,0,3,2597
0x778556,98.5%,3,197,200,0,0,3,197
0x642b4a,94.2308%,3,49,52,49,3,0,0
0x7aa2fd,62.5%,3,5,8,5,1,2,0
0xa3a126,25%,3,1,4,1,3,0,0
0xa3a13e,25%,3,1,4,0,0,3,1
0x63538f,96.25%,3,77,80,77,1,2,0
0x760d61,93.1818%,3,41,44,41,1,2,0
0x7627bf,50%,3,3,6,2,0,3,1
0x7b161f,94.2308%,3,49,52,0,0,3,49
0xa0f548,91.1765%,3,31,34,0,0,3,31
0xa3a208,25%,3,1,4,1,0,3,0
0x92a594,96.7033%,3,88,91,0,0,3,88
0x761f83,50%,3,3,6,2,2,1,1
0x8c46c6,97%,3,97,100,0,0,3,97
0x765016,97.1154%,3,101,104,0,0,3,101
0x8c172e,97%,3,97,100,97,1,2,0
0xa43c66,99.9718%,3,10622,10625,0,0,3,10622
0x76bec2,93.1818%,3,41,44,0,0,3,41
0xa22e2d,91.1765%,3,31,34,31,3,0,0
0x6da384,81.25%,3,13,16,0,0,3,13
0x75f17c,80%,3,12,15,4,2,1,8
0x6415dc,62.5%,3,5,8,5,1,2,0
0xa23636,91.1765%,3,31,34,31,3,0,0
0x65365c,98.5577%,3,205,208,0,0,3,205
0x5eff63,99.2611%,3,403,406,403,3,0,0
0xa38bd6,50%,3,3,6,0,3,0,3
0x654528,99.9978%,3,137451,137454,0,0,3,137451
0x65a469,62.5%,3,5,8,4,2,1,1
0x8c0221,97%,3,97,100,0,0,3,97
0x9f8d0e,98.8506%,3,258,261,0,0,3,258
0x75e876,92.8571%,3,39,42,39,1,2,0
0x63bed4,99.9712%,3,10397,10400,0,0,3,10397
0x66ae12,94.2308%,3,49,52,49,1,2,0
0x77286f,94.2308%,3,49,52,0,0,3,49
0xa39934,57.1429%,3,4,7,0,0,3,4
0x5fcfa4,96.5909%,3,85,88,85,3,0,0
0x772f53,94.2308%,3,49,52,0,0,3,49
0x92b2b3,94.2308%,3,49,52,49,1,2,0
0x666f0e,62.5%,3,5,8,5,1,2,0
0x5f3303,99.6964%,3,985,988,0,0,3,985
0x66b092,94.2308%,3,49,52,49,1,2,0
0x63c060,62.5%,3,5,8,0,0,3,5
0x7e8110,94.2308%,3,49,52,49,1,2,0
0x5f1e0f,98.9474%,3,282,285,0,3,0,282
0x64b3a9,94.2308%,3,49,52,49,1,2,0
0x7730c3,94.2308%,3,49,52,0,0,3,49
0x7cd42c,94.2308%,3,49,52,49,1,2,0
0x66f906,78.5714%,3,11,14,0,0,3,11
0x8c0b98,97%,3,97,100,0,0,3,97
0x63bcd4,62.5%,3,5,8,0,0,3,5
0x63b026,78.5714%,3,11,14,11,1,2,0
0x7cb99b,94.2308%,3,49,52,0,0,3,49
0x65c484,94.2308%,3,49,52,0,0,3,49
0x7cd6f3,94.2308%,3,49,52,0,0,3,49
0x593bde,62.5%,3,5,8,0,0,3,5
0x63d544,98.5577%,3,205,208,0,0,3,205
0x61805f,99.9241%,3,3949,3952,0,0,3,3949
0x76fe46,25%,3,1,4,1,3,0,0
0x76fd24,97.1154%,3,101,104,0,0,3,101
0x66a3d3,94.2308%,3,49,52,49,1,2,0
0x59588f,92.8571%,3,39,42,39,3,0,0
0x42ae7d,87.5%,3,21,24,0,0,3,21
0x64c543,96.25%,3,77,80,0,0,3,77
0x757a93,94.2308%,3,49,52,0,0,3,49
0x76291e,88.4615%,3,23,26,0,0,3,23
0x66a252,62.5%,3,5,8,5,1,2,0
0x5eca62,94.2308%,3,49,52,0,0,3,49
0x8c738d,99.4%,3,497,500,497,1,2,0
0xa39eb8,25%,3,1,4,0,1,2,1
0x636d76,98.8327%,3,254,257,0,0,3,254
0x7567ea,94.2308%,3,49,52,0,0,3,49
0x639e18,62.5%,3,5,8,3,3,0,2
0x95a065,94.2308%,3,49,52,49,1,2,0
0x65c07c,94.2308%,3,49,52,0,0,3,49
0x7bd517,92.5%,3,37,40,27,3,0,10
0x64308d,94.2308%,3,49,52,49,1,2,0
0x6673b9,94.2308%,3,49,52,49,1,2,0
0x66eccc,99.8846%,3,2597,2600,0,0,3,2597
0x66a9a0,94.2308%,3,49,52,49,1,2,0
0x5f2cb3,94.4444%,3,51,54,0,0,3,51
0x66ea92,62.5%,3,5,8,4,2,1,1
0x66aaf2,62.5%,3,5,8,5,1,2,0
0x769b39,25%,3,1,4,1,3,0,0
0x63c977,98.8327%,3,254,257,0,0,3,254
0x7cd56c,94.2308%,3,49,52,49,1,2,0
0x646778,99.8846%,3,2597,2600,0,0,3,2597
0x7586e6,94.2308%,3,49,52,0,0,3,49
0x76dfe3,92.8571%,3,39,42,39,1,2,0
0x598c85,78.5714%,3,11,14,0,2,1,11
0x65cd67,99.8846%,3,2597,2600,0,0,3,2597
0x7e7f22,94.2308%,3,49,52,49,1,2,0
0x76e674,57.1429%,3,4,7,0,2,1,4
0x631047,94.2308%,3,49,52,0,0,3,49
0xa7a6a3,98.8327%,3,254,257,0,0,3,254
0x640ae5,62.5%,3,5,8,5,1,2,0
0x5f2e15,25%,3,1,4,0,2,1,1
0x6440b0,94.2308%,3,49,52,49,1,2,0
0x6592dc,94.2308%,3,49,52,0,0,3,49
0x6662e6,94.2308%,3,49,52,49,1,2,0
0x652c31,99.9381%,3,4844,4847,4844,3,0,0
0xa3a1fa,25%,3,1,4,0,0,3,1
0x666b01,62.5%,3,5,8,0,0,3,5
0x75d6f8,62.5%,3,5,8,5,3,0,0
0x76deb7,92.8571%,3,39,42,39,3,0,0
0x762225,93.1818%,3,41,44,41,3,0,0
0x650060,99.75%,3,1197,1200,0,0,3,1197
0x9277a7,96.7033%,3,88,91,2,0,3,86
0x5f30a3,25%,3,1,4,1,1,2,0
0x594231,62.5%,3,5,8,5,3,0,0
0x5f36bf,83.3333%,3,15,18,0,0,3,15
0x5958ff,92.8571%,3,39,42,39,3,0,0
0x5ea00e,62.5%,3,5,8,5,1,2,0
0x593df2,98.5577%,3,205,208,0,0,3,205
0x593d19,62.5%,3,5,8,0,0,3,5
0x66996b,98.5577%,3,205,208,205,3,0,0
0x5f4849,91.4286%,3,32,35,0,0,3,32
0x9fa965,99.9788%,3,14153,14156,14153,3,0,0
0x9fa8b3,98.4293%,3,188,191,0,0,3,188
0x76fb78,50%,3,3,6,0,0,3,3
0x646a5f,94.2308%,3,49,52,0,0,3,49
0x67a1d8,62.5%,3,5,8,0,0,3,5
0x75ebd1,92.8571%,3,39,42,39,1,2,0
0x760e9f,92.8571%,3,39,42,39,1,2,0
0x67a0c5,62.5%,3,5,8,4,2,1,1
0x618b38,99.9566%,3,6913,6916,6913,3,0,0
0x646488,99.8846%,3,2597,2600,0,0,3,2597
0x7cd383,94.2308%,3,49,52,0,0,3,49
0x9f8110,98.4293%,3,188,191,0,0,3,188
0x9f8108,98.4293%,3,188,191,0,0,3,188
0xa39eaa,25%,3,1,4,0,0,3,1
0xa0eec3,99.9597%,3,7433,7436,0,0,3,7433
0x6490dc,96.4286%,3,81,84,0,0,3,81
0x63a52a,62.5%,3,5,8,3,3,0,2
0x76f420,78.5714%,3,11,14,0,0,3,11
0x67b01e,62.5%,3,5,8,5,3,0,0
0x6539dd,94.2308%,3,49,52,49,1,2,0
0x643302,99.8846%,3,2597,2600,0,0,3,2597
0x6386ed,98.8327%,3,254,257,0,0,3,254
0x645bdb,94.2308%,3,49,52,0,0,3,49
0x5fcf28,96.5909%,3,85,88,85,3,0,0
0x652875,99.9878%,3,24606,24609,0,0,3,24606
0x645913,99.9712%,3,10397,10400,10397,3,0,0
0x8c60c3,99.4%,3,497,500,0,0,3,497
0x651388,96.25%,3,77,80,77,1,2,0
0x66f15c,98.6607%,3,221,224,0,0,3,221
0x7d0716,94.2308%,3,49,52,49,1,2,0
0x7622f6,93.1818%,3,41,44,0,0,3,41
0x64bd53,96.25%,3,77,80,0,0,3,77
0x6da1a8,25%,3,1,4,1,3,0,0
0x67a53c,62.5%,3,5,8,5,3,0,0
0x5ea098,94.4444%,3,51,54,51,1,2,0
0x4b9bec,75%,3,9,12,0,0,3,9
0xa22e4f,91.1765%,3,31,34,31,3,0,0
0x949fdb,62.5%,3,5,8,5,3,0,0
0x7cd8bc,94.2308%,3,49,52,49,1,2,0
0x6488e3,62.5%,3,5,8,5,1,2,0
0x76a545,94.2308%,3,49,52,49,3,0,0
0x7738de,94.2308%,3,49,52,49,3,0,0
0x7b2fe8,92.6829%,3,38,41,38,3,0,0
0x8c58e8,99.9769%,3,12997,13000,0,0,3,12997
0x64bef8,99.945%,3,5454,5457,0,0,3,5454
0x7aa722,94.2308%,3,49,52,0,0,3,49
0x7aa3f5,94%,3,47,50,0,0,3,47
0x64d953,96.25%,3,77,80,0,0,3,77
0x7aa3aa,94%,3,47,50,47,3,0,0
0x67b4ae,62.5%,3,5,8,5,3,0,0
0x7616b1,50%,3,3,6,1,3,0,2
0x64e193,99.4%,3,497,500,0,0,3,497
0x67b4c4,62.5%,3,5,8,5,1,2,0
0x666132,94.2308%,3,49,52,49,1,2,0
0x757913,94.2308%,3,49,52,0,0,3,49
0x75d230,93.1818%,3,41,44,0,0,3,41
0x7c894f,25%,3,1,4,1,3,0,0
0x7b0b78,92.3077%,3,36,39,36,3,0,0
0x598f99,94.2308%,3,49,52,49,1,2,0
0x7b0a6c,62.5%,3,5,8,5,1,2,0
0x7cdb86,94.2308%,3,49,52,0,0,3,49
0x7aa4fe,94.2308%,3,49,52,0,0,3,49
0x64e1f1,99.4%,3,497,500,0,0,3,497
0x639dd3,62.5%,3,5,8,4,2,1,1
0x7a9eb7,97%,3,97,100,97,3,0,0
0x64d26f,99.25%,3,397,400,0,0,3,397
0x7b0e83,94.2308%,3,49,52,0,0,3,49
0x8c5efa,99.8846%,3,2597,2600,0,0,3,2597
0x95a9a7,94.2308%,3,49,52,0,0,3,49
0x64cd74,96.25%,3,77,80,77,1,2,0
0x75c94d,70%,3,7,10,0,0,3,7
0x5e9fd6,62.5%,3,5,8,0,0,3,5
0x9fef00,25%,3,1,4,0,0,3,1
0x5958c5,92.8571%,3,39,42,39,3,0,0
0x7cc351,94.2308%,3,49,52,0,0,3,49
0x64c8d3,99.25%,3,397,400,0,0,3,397
0x652541,99.9888%,3,26844,26847,0,0,3,26844
0x927233,70%,3,7,10,0,1,2,7
0x7b0e1d,94.2308%,3,49,52,49,1,2,0
0x64c32e,62.5%,3,5,8,5,1,2,0
0x64c303,99.25%,3,397,400,0,0,3,397
0x63bff4,99.9712%,3,10397,10400,0,0,3,10397
0x64152c,62.5%,3,5,8,5,1,2,0
0x403158,50%,3,3,6,3,3,0,0
0x7cf3c3,94%,3,47,50,47,1,2,0
0x616a36,92.1053%,3,35,38,35,1,2,0
0x6500ad,96.25%,3,77,80,77,1,2,0
0x959e75,94.2308%,3,49,52,49,1,2,0
0x757c13,94.2308%,3,49,52,0,0,3,49
0x669932,94.2308%,3,49,52,0,0,3,49
0x635b38,96.9388%,3,95,98,0,0,3,95
0x95a262,94.2308%,3,49,52,49,1,2,0
0x66f1f2,62.5%,3,5,8,3,3,0,2
0x631599,83.3333%,3,15,18,15,1,2,0
0x66f432,62.5%,3,5,8,5,1,2,0
0xa0f5f9,91.1765%,3,31,34,0,0,3,31
0x774b50,94.2308%,3,49,52,49,1,2,0
0x769cb3,94.2308%,3,49,52,0,0,3,49
0x639334,97%,3,97,100,0,0,3,97
0x6392a7,50%,3,3,6,2,0,3,1
0x7749b2,94.2308%,3,49,52,0,0,3,49
0x6316fe,62.5%,3,5,8,3,3,0,2
0x7ede1a,94.2308%,3,49,52,49,1,2,0
0x76d914,94.2308%,3,49,52,49,1,2,0
0x67ac38,62.5%,3,5,8,0,0,3,5
0x66f5b2,62.5%,3,5,8,3,3,0,2
0x66f612,62.5%,3,5,8,4,2,1,1
0x6f4d2e,94.2308%,3,49,52,49,1,2,0
0x66f792,62.5%,3,5,8,3,3,0,2
0x66f964,78.5714%,3,11,14,0,0,3,11
0x7741ad,94.2308%,3,49,52,0,0,3,49
0x7cf0dc,94.2308%,3,49,52,49,1,2,0
0x63fb39,62.5%,3,5,8,3,3,0,2
0x66adec,94.2308%,3,49,52,0,0,3,49
0x650815,96.25%,3,77,80,77,1,2,0
0x757866,94.2308%,3,49,52,49,1,2,0
0x641c3f,94.2308%,3,49,52,49,1,2,0
0x757ae6,94.2308%,3,49,52,49,1,2,0
0x7a91cc,96.7391%,3,89,92,0,0,3,89
0x666143,94.2308%,3,49,52,0,0,3,49
0x75ccef,94.2308%,3,49,52,49,1,2,0
0x76a300,94.2308%,3,49,52,49,1,2,0
0x7579d3,94.2308%,3,49,52,0,0,3,49
0x7579f6,94.2308%,3,49,52,49,1,2,0
0xa3a5cc,25%,3,1,4,0,0,3,1
0x75d5ba,70%,3,7,10,7,1,2,0
0x757b76,94.4444%,3,51,54,51,1,2,0
0x67b568,62.5%,3,5,8,0,0,3,5
0x666c18,62.5%,3,5,8,0,0,3,5
0x63b2b8,96.4286%,3,81,84,0,0,3,81
0x926b2b,57.1429%,3,4,7,4,3,0,0
0x669c9b,94.2308%,3,49,52,49,1,2,0
0x63175b,83.3333%,3,15,18,0,0,3,15
0x7aa121,94.4444%,3,51,54,51,1,2,0
0x429fc9,97.8571%,3,137,140,137,3,0,0
0x631443,94.2308%,3,49,52,49,1,2,0
0x7aaed3,94.4444%,3,51,54,0,0,3,51
0x645c25,94.2308%,3,49,52,49,1,2,0
0x63ab8a,62.5%,3,5,8,4,2,1,1
0x59896c,93.75%,3,45,48,0,0,3,45
0x9274f0,94%,3,47,50,0,0,3,47
0x5e6fb6,94.4444%,3,51,54,0,0,3,51
0x63ac4d,62.5%,3,5,8,5,1,2,0
0x9f5dda,88.4615%,3,23,26,0,0,3,23
0x63a6ba,62.5%,3,5,8,4,2,1,1
0x65cdbb,94.2308%,3,49,52,49,1,2,0
0x7e7f53,94.2308%,3,49,52,0,0,3,49
0x778465,62.5%,3,5,8,0,0,3,5
0x665f6f,94.2308%,3,49,52,0,0,3,49
0x769a7e,25%,3,1,4,0,0,3,1
0x63a78a,62.5%,3,5,8,5,1,2,0
0x63ff49,62.5%,3,5,8,4,2,1,1
0x634328,94.2308%,3,49,52,0,0,3,49
0x5f1318,94.4444%,3,51,54,51,1,2,0
0x64ee5c,62.5%,3,5,8,5,3,0,0
0x7698f5,99.2788%,3,413,416,0,0,3,413
0x4048b0,50%,3,3,6,0,0,3,3
0x75bd00,62.5%,3,5,8,0,0,3,5
0x659bbe,94.2308%,3,49,52,49,1,2,0
0x5e8041,98.2659%,3,170,173,0,0,3,170
0x5e82d4,96.1039%,3,74,77,0,0,3,74
0x64de50,97%,3,97,100,0,0,3,97
0x8c3976,99.9%,3,2997,3000,0,0,3,2997
0x632d47,99.9872%,3,23397,23400,0,0,3,23397
0x665a63,94.2308%,3,49,52,0,0,3,49
0x649f0e,97%,3,97,100,0,0,3,97
0x59806b,97.7941%,3,133,136,0,0,3,133
0x64ae65,94.2308%,3,49,52,49,1,2,0
0x63cc54,98.8327%,3,254,257,0,0,3,254
0x92cbde,94.2308%,3,49,52,49,3,0,0
0x666192,94.4444%,3,51,54,51,1,2,0
0x7bd077,70%,3,7,10,0,0,3,7
0x640f39,62.5%,3,5,8,5,1,2,0
0x7aa3a2,94%,3,47,50,0,0,3,47
0x75fc7f,94.2308%,3,49,52,49,1,2,0
0x6471a8,99.8846%,3,2597,2600,0,0,3,2597
0x5e6a42,99.7778%,3,1347,1350,0,0,3,1347
0x9e17f5,96.875%,3,93,96,93,3,0,0
0x5e6cb1,62.5%,3,5,8,3,3,0,2
0x9262ad,99.25%,3,397,400,397,3,0,0
0x926466,62.5%,3,5,8,5,3,0,0
0x65a44c,62.5%,3,5,8,3,3,0,2
0x765eff,96.875%,3,93,96,0,0,3,93
0x5989f6,93.75%,3,45,48,0,0,3,45
0x9268e0,94%,3,47,50,0,0,3,47
0x8c0bef,97%,3,97,100,0,0,3,97
0x64d85e,62.5%,3,5,8,5,1,2,0
0x42a291,62.5%,3,5,8,4,2,1,1
0xa43e5a,99.9718%,3,10622,10625,0,0,3,10622
0x65885c,96.7033%,3,88,91,0,0,3,88
0x66b83c,94.2308%,3,49,52,0,0,3,49
0x64a6e3,97%,3,97,100,97,3,0,0
0x65c997,97.0297%,3,98,101,0,0,3,98
0x9fb87b,98.8506%,3,258,261,0,2,1,258
0x64eec5,62.5%,3,5,8,0,0,3,5
0x40752e,91.6667%,3,33,36,33,3,0,0
0x5da79e,94.2308%,3,49,52,49,1,2,0
0x663817,94.2308%,3,49,52,49,1,2,0
0x7ce40a,94.2308%,3,49,52,49,3,0,0
0x605d57,86.3636%,3,19,22,0,0,3,19
0x89fc4a,81.25%,3,13,16,5,3,0,8
0x89fc7b,62.5%,3,5,8,0,0,3,5
0x89fc99,62.5%,3,5,8,0,0,3,5
0x7d06a7,94.2308%,3,49,52,49,1,2,0
0xa3a134,25%,3,1,4,0,3,0,1
0x760c6d,50%,3,3,6,2,2,1,1
0x8c4fef,97%,3,97,100,0,0,3,97
0x656ae3,92.1053%,3,35,38,35,1,2,0
0x65aea1,62.5%,3,5,8,5,1,2,0
0x403ece,50%,3,3,6,3,3,0,0
0x76d753,94.2308%,3,49,52,0,0,3,49
0x66f6d2,62.5%,3,5,8,5,1,2,0
0x652a89,99.9381%,3,4844,4847,0,0,3,4844
0x653b8d,94.2308%,3,49,52,49,1,2,0
0x639e88,62.5%,3,5,8,0,1,2,5
0xa76939,99.9937%,3,47675,47678,47675,3,0,0
0x92c954,94.2308%,3,49,52,0,0,3,49
0x75fa05,50%,3,3,6,3,1,2,0
0x8bf1c4,97%,3,97,100,0,0,3,97
0x75f9c8,50%,3,3,6,3,3,0,0
0x67b685,62.5%,3,5,8,5,1,2,0
0x66ed06,94.2308%,3,49,52,49,1,2,0
0x760a94,50%,3,3,6,3,1,2,0
0x92b28a,94.2308%,3,49,52,0,0,3,49
0x7619b3,94.3396%,3,50,53,0,0,3,50
0x76d572,94.2308%,3,49,52,49,1,2,0
0x67af54,62.5%,3,5,8,5,1,2,0
0x616e53,94.2308%,3,49,52,0,0,3,49
0x65e593,99.9712%,3,10397,10400,10397,3,0,0
0x5e76fe,90.625%,3,29,32,29,3,0,0
0x5e8979,81.25%,3,13,16,13,3,0,0
0x5d2873,99.8831%,3,2563,2566,2563,3,0,0
0x7e7593,94.2308%,3,49,52,0,0,3,49
0x4049e2,50%,3,3,6,3,3,0,0
0x7e7573,94.2308%,3,49,52,0,0,3,49
0x7ce0a3,94.2308%,3,49,52,0,0,3,49
0x64b8f6,99.25%,3,397,400,135,2,1,262
0x6da354,25%,3,1,4,1,1,2,0
0x95a944,94.2308%,3,49,52,0,0,3,49
0x65fb18,94.2308%,3,49,52,0,0,3,49
0x5958e9,92.8571%,3,39,42,39,3,0,0
0x8c50ef,97%,3,97,100,0,0,3,97
0x66b45c,99.359%,3,465,468,0,0,3,465
0x5e9ae0,94.2308%,3,49,52,49,1,2,0
0x960f5b,97.6%,3,122,125,0,0,3,122
0x76b081,92.8571%,3,39,42,0,0,3,39
0x67af68,62.5%,3,5,8,0,0,3,5
0x6457b4,99.9712%,3,10397,10400,10397,3,0,0
0x7728e3,94.2308%,3,49,52,0,0,3,49
0x621846,75%,3,9,12,9,3,0,0
0x5f4b5c,95.8904%,3,70,73,0,0,3,70
0x76aeeb,50%,3,3,6,3,1,2,0
0x5f4cfd,94.4444%,3,51,54,51,1,2,0
0x8a4c1e,25%,3,1,4,0,2,1,1
0x8c07a2,98.5%,3,197,200,0,0,3,197
0x7bdb21,70%,3,7,10,0,0,3,7
0x8c5a97,97%,3,97,100,0,0,3,97
0x42a8ab,92.1053%,3,35,38,0,0,3,35
0x64c01c,99.9375%,3,4797,4800,4797,3,0,0
0x76afb5,93.1818%,3,41,44,0,0,3,41
0x62167a,75%,3,9,12,9,3,0,0
0x5f239e,94.2308%,3,49,52,49,1,2,0
0x7690c0,25%,3,1,4,0,0,3,1
0x7689c5,25%,3,1,4,0,0,3,1
0x76331d,97.619%,3,123,126,0,0,3,123
0x76bc7c,50%,3,3,6,0,0,3,3
0x639a56,97%,3,97,100,97,1,2,0
0x67ad7d,62.5%,3,5,8,5,3,0,0
0xa228f9,97.6%,3,122,125,0,0,3,122
0x64f216,99.9908%,3,32637,32640,0,0,3,32637
0x67b344,62.5%,3,5,8,4,2,1,1
0x6209c7,50%,3,3,6,0,0,3,3
0x762279,93.1818%,3,41,44,41,1,2,0
0x8c54fc,99.88%,3,2497,2500,0,0,3,2497
0x594378,98.5577%,3,205,208,0,0,3,205
0x635bfe,62.5%,3,5,8,4,2,1,1
0x9289b2,98.1132%,3,156,159,0,0,3,156
0x59596a,92.8571%,3,39,42,39,3,0,0
0x76d76e,94.2308%,3,49,52,49,1,2,0
0x659730,94.2308%,3,49,52,49,1,2,0
0x635c5d,97%,3,97,100,97,1,2,0
0x635cbe,62.5%,3,5,8,5,1,2,0
0x8c6aa3,97%,3,97,100,0,0,3,97
0x643aef,94.2308%,3,49,52,49,1,2,0
0x5f39f0,90%,3,27,30,0,0,3,27
0x76d686,94.4444%,3,51,54,0,0,3,51
0x5f3a3d,95%,3,57,60,27,3,0,30
0x76e731,57.1429%,3,4,7,4,3,0,0
0x8c63be,97%,3,97,100,0,0,3,97
0x66600c,62.5%,3,5,8,5,3,0,0
0x5f3aad,25%,3,1,4,0,2,1,1
0x63c39d,97%,3,97,100,0,2,1,97
0x5f3ad5,25%,3,1,4,1,1,2,0
0x5f3cfd,40%,3,2,5,0,0,3,2
0x595817,92.8571%,3,39,42,39,3,0,0
0x64fb8d,96.25%,3,77,80,77,1,2,0
0x7ccd8a,50%,3,3,6,0,0,3,3
0x769172,25%,3,1,4,1,3,0,0
0x9f5cf6,99.938%,3,4833,4836,0,0,3,4833
0x63e351,62.5%,3,5,8,0,0,3,5
0x8c5402,99.8846%,3,2597,2600,0,0,3,2597
0x643973,94.2308%,3,49,52,49,1,2,0
0x8c12d3,62.5%,3,5,8,4,2,1,1
0x429646,98.5577%,3,205,208,6,2,1,199
0x6343ac,94.2308%,3,49,52,49,1,2,0
0x5f6637,99.7076%,3,1023,1026,0,0,3,1023
0x949ff0,62.5%,3,5,8,3,3,0,2
0x926c01,78.5714%,3,11,14,11,3,0,0
0x5f692a,92.1053%,3,35,38,35,3,0,0
0x8c3204,97%,3,97,100,0,0,3,97
0x5f7410,99.7076%,3,1023,1026,0,0,3,1023
0x7a995c,97%,3,97,100,0,0,3,97
0x7e67ad,94.2308%,3,49,52,49,1,2,0
0x7669bc,25%,3,1,4,0,0,3,1
0x6432fb,94.2308%,3,49,52,0,0,3,49
0x65b5f8,94.2308%,3,49,52,49,1,2,0
0x9f8da8,98.8506%,3,258,261,258,3,0,0
0x5f7042,99.7076%,3,1023,1026,0,0,3,1023
0x63bf9c,62.5%,3,5,8,0,0,3,5
0x92ca56,99.8846%,3,2597,2600,0,0,3,2597
0x768701,75%,3,9,12,0,0,3,9
0x7675a3,81.25%,3,13,16,13,1,2,0
0x59446e,62.5%,3,5,8,5,3,0,0
0x5efae7,25%,3,1,4,0,2,1,1
0x5f6159,96.0526%,3,73,76,36,2,1,37
0x66634f,94.2308%,3,49,52,49,1,2,0
0x8a4a96,50%,2,2,4,0,2,0,2
0x76a5f9,96.1538%,2,50,52,50,0,2,0
0x7b2432,96.1538%,2,50,52,50,0,2,0
0x639431,98%,2,98,100,98,0,2,0
0x63fa35,0%,2,0,2,0,0,2,0
0x67afe8,0%,2,0,2,0,0,2,0
0x7ccb39,0%,2,0,2,0,2,0,0
0xa0f1fc,99.9812%,2,10623,10625,0,0,2,10623
0x8a4cac,75%,2,6,8,6,2,0,0
0x632c22,0%,2,0,2,0,0,2,0
0x7e7c99,96.1538%,2,50,52,50,0,2,0
0x5f0f3c,0%,2,0,2,0,0,2,0
0x6da745,0%,2,0,2,0,2,0,0
0x95a542,96.1538%,2,50,52,50,0,2,0
0x64de98,99.9875%,2,15998,16000,0,0,2,15998
0x63acce,0%,2,0,2,0,0,2,0
0x67a938,0%,2,0,2,0,0,2,0
0x67b205,75%,2,6,8,6,0,2,0
0x6453de,0%,2,0,2,0,0,2,0
0x64bf9d,97.5%,2,78,80,78,0,2,0
0x76a75a,0%,2,0,2,0,2,0,0
0x7ebbab,0%,2,0,2,0,0,2,0
0x644806,0%,2,0,2,0,0,2,0
0x8c5936,99.9846%,2,12998,13000,0,0,2,12998
0x9fb69e,99.2278%,2,257,259,257,2,0,0
0x5f3aff,50%,2,2,4,2,0,2,0
0x630ea0,0%,2,0,2,0,0,2,0
0x6593c0,0%,2,0,2,0,0,2,0
0x7aff6c,0%,2,0,2,0,2,0,0
0x95ab10,96.1538%,2,50,52,50,0,2,0
0x8c3344,98%,2,98,100,0,0,2,98
0x67b100,0%,2,0,2,0,0,2,0
0x63edd0,0%,2,0,2,0,0,2,0
0x659954,0%,2,0,2,0,0,2,0
0x67af05,75%,2,6,8,6,0,2,0
0x687d14,96.1538%,2,50,52,0,0,2,50
0x641b27,0%,2,0,2,0,2,0,0
0x67b228,0%,2,0,2,0,0,2,0
0x95aab7,96.1538%,2,50,52,0,0,2,50
0x7aaab2,0%,2,0,2,0,2,0,0
0x7b1d1a,0%,2,0,2,0,2,0,0
0x762de8,66.6667%,2,4,6,4,0,2,0
0x76142f,0%,2,0,2,0,0,2,0
0x63bca4,99.0385%,2,206,208,0,0,2,206
0xa782d0,99.9861%,2,14339,14341,14339,2,0,0
0xa394c4,71.4286%,2,5,7,0,0,2,5
0x643dd5,96.1538%,2,50,52,50,2,0,0
0x64fe39,0%,2,0,2,0,2,0,0
0x650bca,0%,2,0,2,0,2,0,0
0x67ada8,0%,2,0,2,0,0,2,0
0x7b2cd9,0%,2,0,2,0,2,0,0
0x67b0a8,0%,2,0,2,0,0,2,0
0x8c5dd6,99.98%,2,9998,10000,0,0,2,9998
0x642f66,96.1538%,2,50,52,50,2,0,0
0x76ebaf,71.4286%,2,5,7,4,0,2,1
0x6536ca,0%,2,0,2,0,0,2,0
0x63413f,0%,2,0,2,0,0,2,0
0x635b9e,75%,2,6,8,6,0,2,0
0x5f2e33,96.1538%,2,50,52,0,0,2,50
0x605294,0%,2,0,2,0,2,0,0
0x603708,87.5%,2,14,16,14,0,2,0
0x76a00c,0%,2,0,2,0,0,2,0
0x76100a,0%,2,0,2,0,0,2,0
0xa79712,0%,2,0,2,0,2,0,0
0x67b1c4,75%,2,6,8,5,1,1,1
0x65914c,96.1538%,2,50,52,0,0,2,50
0x95a824,96.1538%,2,50,52,50,0,2,0
0x7b00b5,0%,2,0,2,0,0,2,0
0x659fb7,0%,2,0,2,0,2,0,0
0x618c7f,99.9711%,2,6914,6916,0,0,2,6914
0x92a5b1,97.8022%,2,89,91,0,0,2,89
0x641861,0%,2,0,2,0,0,2,0
0x9f8cce,99.2337%,2,259,261,0,0,2,259
0x95a803,96.1538%,2,50,52,0,0,2,50
0x76140d,95.2381%,2,40,42,39,1,1,1
0x6409eb,0%,2,0,2,0,0,2,0
0x67ac8d,0%,2,0,2,0,0,2,0
0x67b0b8,75%,2,6,8,0,0,2,6
0x75d878,0%,2,0,2,0,0,2,0
0xa769b7,98.7805%,2,162,164,0,0,2,162
0x95a632,96.1538%,2,50,52,50,0,2,0
0xa3098b,99.9731%,2,7434,7436,7434,2,0,0
0x76713a,50%,2,2,4,0,2,0,2
0x8bf001,96.1538%,2,50,52,0,0,2,50
0x65c7af,0%,2,0,2,0,0,2,0
0x6417b4,75%,2,6,8,6,0,2,0
0x650a5b,0%,2,0,2,0,2,0,0
0xa397b3,71.4286%,2,5,7,5,2,0,0
0x67ae68,0%,2,0,2,0,0,2,0
0x65b6a3,96.1538%,2,50,52,0,0,2,50
0x7cef3e,0%,2,0,2,0,2,0,0
0x64cdfa,97.5%,2,78,80,0,0,2,78
0x63f3c3,0%,2,0,2,0,0,2,0
0x94a0be,0%,2,0,2,0,0,2,0
0x95aa1f,0%,2,0,2,0,0,2,0
0x76188b,0%,2,0,2,0,0,2,0
0x761366,66.6667%,2,4,6,4,0,2,0
0x641674,0%,2,0,2,0,2,0,0
0x6512e4,0%,2,0,2,0,0,2,0
0x6416b5,0%,2,0,2,0,0,2,0
0x659fe1,0%,2,0,2,0,2,0,0
0xa394d2,71.4286%,2,5,7,5,2,0,0
0xa0f296,99.9812%,2,10623,10625,10623,2,0,0
0x679f53,0%,2,0,2,0,0,2,0
0x76ada7,0%,2,0,2,0,0,2,0
0x7aab54,0%,2,0,2,0,2,0,0
0x76dd9b,95.2381%,2,40,42,0,0,2,40
0x65b249,0%,2,0,2,0,0,2,0
0x8c1f70,0%,2,0,2,0,0,2,0
0x8c187b,0%,2,0,2,0,2,0,0
0x63bf64,99.9808%,2,10398,10400,0,0,2,10398
0x633c5a,0%,2,0,2,0,0,2,0
0x6052df,0%,2,0,2,0,2,0,0
0x76a612,0%,2,0,2,0,0,2,0
0x597bdc,94.1176%,2,32,34,0,0,2,32
0x8c1535,98%,2,98,100,0,0,2,98
0x63c843,99.2218%,2,255,257,0,0,2,255
0x59925f,93.75%,2,30,32,30,2,0,0
0x42962f,75%,2,6,8,0,0,2,6
0x7cf453,0%,2,0,2,0,0,2,0
0x62ecbe,0%,2,0,2,0,0,2,0
0x76fe00,0%,2,0,2,0,0,2,0
0x5997bd,91.6667%,2,22,24,22,2,0,0
0x63a480,0%,2,0,2,0,0,2,0
0x64a806,98%,2,98,100,98,2,0,0
0x634af5,0%,2,0,2,0,0,2,0
0x949f8a,75%,2,6,8,6,2,0,0
0x6301f1,0%,2,0,2,0,0,2,0
0x76b65e,95.4545%,2,42,44,0,0,2,42
0x4a223a,50%,2,2,4,2,2,0,0
0x9fb64c,99.9712%,2,6947,6949,257,2,0,6690
0x65a501,0%,2,0,2,0,0,2,0
0x76cf86,0%,2,0,2,0,2,0,0
0x59824f,50%,2,2,4,0,0,2,2
0x649136,0%,2,0,2,0,0,2,0
0x7c9e11,0%,2,0,2,0,2,0,0
0x5acaf2,50%,2,2,4,2,2,0,0
0x68884d,0%,2,0,2,0,0,2,0
0x63ecd7,0%,2,0,2,0,0,2,0
0x616946,96.1538%,2,50,52,0,0,2,50
0x75d658,75%,2,6,8,6,2,0,0
0x65a108,0%,2,0,2,0,0,2,0
0x63a5e2,75%,2,6,8,6,0,2,0
0x65a003,0%,2,0,2,0,2,0,0
0x75d764,75%,2,6,8,6,0,2,0
0x6867ac,50%,2,2,4,2,0,2,0
0x8bf573,96.1538%,2,50,52,0,0,2,50
0x595958,95.2381%,2,40,42,40,2,0,0
0x7cd4fc,96.1538%,2,50,52,0,0,2,50
0x66f677,0%,2,0,2,0,0,2,0
0x760ec8,0%,2,0,2,0,2,0,0
0x8bf87a,0%,2,0,2,0,0,2,0
0x65d740,98%,2,98,100,0,0,2,98
0x762425,95.2381%,2,40,42,0,0,2,40
0x760d95,95.2381%,2,40,42,0,0,2,40
0x40753f,94.4444%,2,34,36,0,0,2,34
0x6da31c,50%,2,2,4,0,0,2,2
0x67aec9,0%,2,0,2,0,0,2,0
0x665cec,98.0769%,2,102,104,50,2,0,52
0x64b57c,0%,2,0,2,0,2,0,0
0x65a149,0%,2,0,2,0,0,2,0
0x5f3b30,0%,2,0,2,0,0,2,0
0x67a08a,0%,2,0,2,0,0,2,0
0x6da361,50%,2,2,4,0,0,2,2
0x64f85e,0%,2,0,2,0,0,2,0
0x64343a,0%,2,0,2,0,0,2,0
0x8c1fc7,0%,2,0,2,0,0,2,0
0x63b37b,0%,2,0,2,0,0,2,0
0x64b10c,96.1538%,2,50,52,0,0,2,50
0x760d6d,0%,2,0,2,0,0,2,0
0xa773f3,99.9906%,2,21276,21278,21276,2,0,0
0x7b26dd,0%,2,0,2,0,2,0,0
0x619f2c,90.9091%,2,20,22,20,0,2,0
0x638050,99.9701%,2,6680,6682,6680,2,0,0
0x67ba4b,0%,2,0,2,0,0,2,0
0x645091,0%,2,0,2,0,0,2,0
0x63809c,99.2218%,2,255,257,0,0,2,255
0x6464df,96.1538%,2,50,52,50,0,2,0
0x685cc1,0%,2,0,2,0,2,0,0
0x64ffb4,0%,2,0,2,0,0,2,0
0x76037c,96.1538%,2,50,52,50,0,2,0
0xa79665,99.2218%,2,255,257,0,0,2,255
0x635e5b,0%,2,0,2,0,0,2,0
0x6699f5,0%,2,0,2,0,0,2,0
0x75fad4,0%,2,0,2,0,2,0,0
0x6605c1,0%,2,0,2,0,2,0,0
0x614ad6,99.9711%,2,6914,6916,0,0,2,6914
0x76537e,0%,2,0,2,0,0,2,0
0x656bf0,0%,2,0,2,0,0,2,0
0x429b71,0%,2,0,2,0,0,2,0
0x617d74,99.9494%,2,3950,3952,0,0,2,3950
0x7aa353,96%,2,48,50,0,0,2,48
0x9e1787,97.9167%,2,94,96,0,0,2,94
0x75fd93,96.1538%,2,50,52,0,0,2,50
0x64cb19,99.95%,2,3998,4000,0,0,2,3998
0x7603a3,75%,2,6,8,0,0,2,6
0x64982a,0%,2,0,2,0,0,2,0
0x6498f8,0%,2,0,2,0,0,2,0
0x65af81,75%,2,6,8,5,1,1,1
0x7b10e3,96.1538%,2,50,52,50,2,0,0
0x76050b,95.2381%,2,40,42,0,0,2,40
0x646937,0%,2,0,2,0,0,2,0
0x63428a,0%,2,0,2,0,0,2,0
0x757714,0%,2,0,2,0,0,2,0
0x65a69f,0%,2,0,2,0,0,2,0
0x7cd092,96.1538%,2,50,52,50,0,2,0
0x634411,0%,2,0,2,0,0,2,0
0x66ea17,0%,2,0,2,0,0,2,0
0x7bc946,0%,2,0,2,0,0,2,0
0x63fc79,75%,2,6,8,5,1,1,1
0x76a93d,0%,2,0,2,0,0,2,0
0x67b468,0%,2,0,2,0,0,2,0
0x765108,50%,2,2,4,0,2,0,2
0x769ad0,50%,2,2,4,0,0,2,2
0x5da53f,75%,2,6,8,4,2,0,2
0x63f12f,0%,2,0,2,0,0,2,0
0x65cbed,0%,2,0,2,0,0,2,0
0x761f45,66.6667%,2,4,6,0,0,2,4
0x6462c8,99.9231%,2,2598,2600,0,0,2,2598
0x76cf43,0%,2,0,2,0,0,2,0
0x75cbc2,96.1538%,2,50,52,0,0,2,50
0x67b400,0%,2,0,2,0,0,2,0
0xa39803,71.4286%,2,5,7,5,2,0,0
0x67a485,0%,2,0,2,0,0,2,0
0x66a6f2,0%,2,0,2,0,0,2,0
0x644471,0%,2,0,2,0,0,2,0
0x66e633,0%,2,0,2,0,0,2,0
0x42a2a2,0%,2,0,2,0,0,2,0
0x653a19,0%,2,0,2,0,0,2,0
0x67b559,0%,2,0,2,0,0,2,0
0x76b0a0,98.4127%,2,124,126,124,2,0,0
0x632c00,0%,2,0,2,0,0,2,0
0xa796e2,0%,2,0,2,0,0,2,0
0x64b22c,99.9231%,2,2598,2600,0,0,2,2598
0x649123,85.7143%,2,12,14,12,0,2,0
0x64df65,98%,2,98,100,98,0,2,0
0x640f98,0%,2,0,2,0,0,2,0
0x6323e3,0%,2,0,2,0,2,0,0
0x949ee3,0%,2,0,2,0,0,2,0
0x688554,0%,2,0,2,0,2,0,0
0x75c98d,80%,2,8,10,8,0,2,0
0x640e79,75%,2,6,8,4,2,0,2
0x772681,75%,2,6,8,4,2,0,2
0x640c03,0%,2,0,2,0,0,2,0
0x67b254,75%,2,6,8,6,0,2,0
0x42a258,75%,2,6,8,0,2,0,6
0x67b268,75%,2,6,8,0,0,2,6
0x94a03f,0%,2,0,2,0,2,0,0
0x67b27b,75%,2,6,8,5,1,1,1
0x67b57b,75%,2,6,8,4,2,0,2
0x75ca14,0%,2,0,2,0,2,0,0
0x67b28d,0%,2,0,2,0,0,2,0
0x646c87,0%,2,0,2,0,0,2,0
0x7b34bc,0%,2,0,2,0,2,0,0
0x762453,94.7368%,2,36,38,0,0,2,36
0x63bd6c,75%,2,6,8,0,0,2,6
0x76506f,50%,2,2,4,0,2,0,2
0x64f9ed,0%,2,0,2,0,0,2,0
0x63ffc9,0%,2,0,2,0,0,2,0
0x6300c6,0%,2,0,2,0,0,2,0
0x772a64,0%,2,0,2,0,2,0,0
0x75cb0f,96.1538%,2,50,52,50,0,2,0
0x67baaf,0%,2,0,2,0,0,2,0
0x7c8d8d,0%,2,0,2,0,0,2,0
0xa39752,71.4286%,2,5,7,5,2,0,0
0x6f4c7c,96.1538%,2,50,52,50,0,2,0
0x5f73f0,97.3684%,2,74,76,38,0,2,36
0x92b1cc,96.1538%,2,50,52,50,0,2,0
0x8c0bc1,98%,2,98,100,0,0,2,98
0x6354c2,0%,2,0,2,0,0,2,0
0x64ff27,0%,2,0,2,0,0,2,0
0x75c439,0%,2,0,2,0,0,2,0
0x757943,96.1538%,2,50,52,0,0,2,50
0x67ba39,0%,2,0,2,0,0,2,0
0x4b9b2d,83.3333%,2,10,12,0,0,2,10
0x67ba6f,0%,2,0,2,0,0,2,0
0x95a275,0%,2,0,2,0,0,2,0
0x75d18e,0%,2,0,2,0,0,2,0
0x64b087,0%,2,0,2,0,0,2,0
0x75d31c,95.4545%,2,42,44,42,0,2,0
0x959fa8,96.1538%,2,50,52,0,0,2,50
0x773e5a,0%,2,0,2,0,2,0,0
0x761658,0%,2,0,2,0,0,2,0
0x66b392,96.1538%,2,50,52,50,0,2,0
0x65aeaa,0%,2,0,2,0,0,2,0
0x632f82,0%,2,0,2,0,0,2,0
0x66509b,0%,2,0,2,0,2,0,0
0x8c3260,98%,2,98,100,0,0,2,98
0x42a4d8,75%,2,6,8,6,2,0,0
0x67b6e8,75%,2,6,8,0,0,2,6
0x65a488,0%,2,0,2,0,0,2,0
0x8bef68,99.0385%,2,206,208,206,2,0,0
0x75e668,0%,2,0,2,0,0,2,0
0x7cee70,0%,2,0,2,0,2,0,0
0x5f0746,50%,2,2,4,0,2,0,2
0x634bfb,0%,2,0,2,0,0,2,0
0x605599,0%,2,0,2,0,2,0,0
0x645b5d,96.1538%,2,50,52,50,0,2,0
0x75d04c,0%,2,0,2,0,2,0,0
0x65d195,96.1538%,2,50,52,50,0,2,0
0x7ccc81,0%,2,0,2,0,0,2,0
0x8bf7b9,0%,2,0,2,0,0,2,0
0x7cc096,96.1538%,2,50,52,0,0,2,50
0x75e297,66.6667%,2,4,6,4,0,2,0
0xa43d79,99.9812%,2,10623,10625,0,0,2,10623
0x64abf5,0%,2,0,2,0,0,2,0
0x65a988,0%,2,0,2,0,0,2,0
0x771ef3,0%,2,0,2,0,2,0,0
0x7627d6,50%,2,2,4,2,2,0,0
0xa22c32,98.0952%,2,103,105,103,2,0,0
0x6820bf,0%,2,0,2,0,0,2,0
0x9feee2,85.7143%,2,12,14,0,0,2,12
0x7ccdd5,66.6667%,2,4,6,4,0,2,0
0x64faf8,99.95%,2,3998,4000,0,0,2,3998
0x67b854,75%,2,6,8,4,2,0,2
0x7e88c1,0%,2,0,2,0,0,2,0
0x5f2be7,0%,2,0,2,0,0,2,0
0x7b2792,96.1538%,2,50,52,50,0,2,0
0x5f3a20,93.3333%,2,28,30,0,0,2,28
0x652582,99.9926%,2,26845,26847,0,0,2,26845
0x89fb76,75%,2,6,8,0,0,2,6
0x5f3712,90%,2,18,20,0,0,2,18
0x5f30fb,90%,2,18,20,17,1,1,1
0x63436e,96.1538%,2,50,52,0,0,2,50
0x603184,90.9091%,2,20,22,0,0,2,20
0x648cfc,85.7143%,2,12,14,0,0,2,12
0x687dae,96.1538%,2,50,52,0,0,2,50
0x5f3cdc,60%,2,3,5,0,0,2,3
0x5f2ac9,0%,2,0,2,0,2,0,0
0x5f07f4,0%,2,0,2,0,0,2,0
0x5f07a1,0%,2,0,2,0,0,2,0
0x7b1c67,0%,2,0,2,0,2,0,0
0x75f5d1,0%,2,0,2,0,2,0,0
0x67b259,0%,2,0,2,0,0,2,0
0x5f065e,0%,2,0,2,0,2,0,0
0x5f064a,0%,2,0,2,0,0,2,0
0x644d48,0%,2,0,2,0,0,2,0
0x631112,0%,2,0,2,0,0,2,0
0x5f71b4,99.8051%,2,1024,1026,1024,2,0,0
0x5f6d48,99.812%,2,1062,1064,0,0,2,1062
0x7b315c,96.1538%,2,50,52,0,0,2,50
0x5e68a4,96%,2,48,50,0,0,2,48
0x5f63fe,99.8051%,2,1024,1026,0,0,2,1024
0x7b30d9,0%,2,0,2,0,0,2,0
0x5f5e1c,50%,2,2,4,1,1,1,1
0x5ef60b,0%,2,0,2,0,0,2,0
0x8a862b,90%,2,18,20,0,0,2,18
0x7b2d2f,0%,2,0,2,0,2,0,0
0x9fa83e,98.9529%,2,189,191,0,0,2,189
0x5e7388,75%,2,6,8,4,2,0,2
0x5f4467,33.3333%,2,1,3,0,2,0,1
0x4ba392,0%,2,0,2,0,0,2,0
0x5f4c1c,50%,2,2,4,2,0,2,0
0x5f4a90,50%,2,2,4,0,0,2,2
0x5f4454,66.6667%,2,4,6,1,2,0,3
0x5f439a,86.6667%,2,13,15,0,0,2,13
0x5f3fae,87.5%,2,14,16,0,0,2,14
0x6396b6,75%,2,6,8,6,0,2,0
0x633a34,0%,2,0,2,0,0,2,0
0x65b623,96.1538%,2,50,52,0,0,2,50
0x6661d3,96.1538%,2,50,52,0,0,2,50
0x5f5eef,50%,2,2,4,0,2,0,2
0x64cf53,0%,2,0,2,0,0,2,0
0x65b530,0%,2,0,2,0,0,2,0
0x635d9b,0%,2,0,2,0,0,2,0
0x635516,0%,2,0,2,0,0,2,0
0x63542b,0%,2,0,2,0,0,2,0
0x64bcdb,0%,2,0,2,0,0,2,0
0x6343fb,0%,2,0,2,0,0,2,0
0x772698,75%,2,6,8,5,1,1,1
0x635ba3,0%,2,0,2,0,0,2,0
0x64f6b0,0%,2,0,2,0,0,2,0
0x667a43,99.0385%,2,206,208,206,2,0,0
0x644bd8,0%,2,0,2,0,0,2,0
0x62ec1e,0%,2,0,2,0,0,2,0
0x62e8be,0%,2,0,2,0,0,2,0
0x62e89e,0%,2,0,2,0,0,2,0
0x670310,75%,2,6,8,6,0,2,0
0x63f4f0,0%,2,0,2,0,0,2,0
0x65abbc,75%,2,6,8,6,2,0,0
0x5f1276,96.2963%,2,52,54,0,0,2,52
0x67aa85,75%,2,6,8,6,0,2,0
0x634dd0,0%,2,0,2,0,0,2,0
0x67a968,0%,2,0,2,0,0,2,0
0x65038f,0%,2,0,2,0,0,2,0
0x661a90,0%,2,0,2,0,0,2,0
0x67a41e,50%,2,2,4,0,0,2,2
0x67a28d,0%,2,0,2,0,0,2,0
0x59835d,98.0769%,2,102,104,0,0,2,102
0x685238,0%,2,0,2,0,0,2,0
0x5f7616,0%,2,0,2,0,0,2,0
0x67a127,75%,2,6,8,4,2,0,2
0x67a0e8,0%,2,0,2,0,0,2,0
0x76ed5c,71.4286%,2,5,7,0,1,1,5
0x63061e,0%,2,0,2,0,0,2,0
0x63570c,0%,2,0,2,0,0,2,0
0x6703b6,0%,2,0,2,0,2,0,0
0x63ee24,0%,2,0,2,0,0,2,0
0x960ce3,0%,2,0,2,0,2,0,0
0x63ee08,0%,2,0,2,0,0,2,0
0x632a94,0%,2,0,2,0,0,2,0
0x6f522c,96.1538%,2,50,52,50,0,2,0
0x89ffc2,0%,2,0,2,0,2,0,0
0x89fe56,0%,2,0,2,0,0,2,0
0x6636fa,0%,2,0,2,0,0,2,0
0x89fd09,75%,2,6,8,0,0,2,6
0x89fccf,75%,2,6,8,0,0,2,6
0x635a9a,0%,2,0,2,0,0,2,0
0x4ba091,0%,2,0,2,0,0,2,0
0x89fabd,75%,2,6,8,4,2,0,2
0x4ba05f,0%,2,0,2,0,0,2,0
0x62f8ef,0%,2,0,2,0,0,2,0
0x687e66,0%,2,0,2,0,2,0,0
0x687be8,0%,2,0,2,0,2,0,0
0x687ada,0%,2,0,2,0,0,2,0
0x40281f,88.8889%,2,16,18,0,0,2,16
0x635aae,0%,2,0,2,0,0,2,0
0x6876c6,0%,2,0,2,0,2,0,0
0x687695,0%,2,0,2,0,2,0,0
0x7d0092,0%,2,0,2,0,2,0,0
0x5e8f12,75%,2,6,8,6,0,2,0
0x7cde43,96.1538%,2,50,52,0,0,2,50
0x663c04,0%,2,0,2,0,0,2,0
0x663ab6,98%,2,98,100,98,0,2,0
0x663a4d,0%,2,0,2,0,0,2,0
0x663a0e,0%,2,0,2,0,0,2,0
0x6636f5,97.5%,2,78,80,78,0,2,0
0x635222,0%,2,0,2,0,0,2,0
0xa78de4,0%,2,0,2,0,0,2,0
0xa78dcb,0%,2,0,2,0,0,2,0
0xa78e79,0%,2,0,2,0,0,2,0
0xa78e5f,0%,2,0,2,0,0,2,0
0x40492a,66.6667%,2,4,6,4,2,0,0
0x62ea9e,0%,2,0,2,0,0,2,0
0x7cd284,0%,2,0,2,0,2,0,0
0x688305,0%,2,0,2,0,0,2,0
0x62f606,0%,2,0,2,0,0,2,0
0x8a01fd,0%,2,0,2,0,0,2,0
0x6e67ad,0%,2,0,2,0,0,2,0
0x76d983,0%,2,0,2,0,0,2,0
0x8a0116,0%,2,0,2,0,0,2,0
0x8a00a8,0%,2,0,2,0,0,2,0
0x62f32c,0%,2,0,2,0,0,2,0
0x5da411,96.1538%,2,50,52,0,0,2,50
0x5da32a,0%,2,0,2,0,2,0,0
0x5da298,0%,2,0,2,0,0,2,0
0x641828,0%,2,0,2,0,0,2,0
0x686fd9,50%,2,2,4,2,0,2,0
0x7b449e,96.1538%,2,50,52,50,0,2,0
0x657290,0%,2,0,2,0,0,2,0
0x686b49,96.1538%,2,50,52,50,2,0,0
0x686607,0%,2,0,2,0,0,2,0
0x63f175,0%,2,0,2,0,0,2,0
0x5da4b3,0%,2,0,2,0,0,2,0
0x634c14,0%,2,0,2,0,0,2,0
0x5e9685,0%,2,0,2,0,0,2,0
0x7b3fa0,96.1538%,2,50,52,0,0,2,50
0x5ef8d7,0%,2,0,2,0,2,0,0
0x6618f8,0%,2,0,2,0,0,2,0
0x5f019b,96%,2,48,50,0,0,2,48
0x7b3ab8,0%,2,0,2,0,2,0,0
0x63f3e8,0%,2,0,2,0,0,2,0
0x635bc3,0%,2,0,2,0,0,2,0
0x5e7152,95.8333%,2,46,48,46,0,2,0
0x5e8146,90.9091%,2,20,22,0,0,2,20
0x5e840b,99.3377%,2,300,302,0,0,2,300
0x4a2c43,66.6667%,2,4,6,4,2,0,0
0x42a8b1,94.7368%,2,36,38,36,2,0,0
0x5e7371,75%,2,6,8,0,0,2,6
0x9e1b18,75%,2,6,8,6,0,2,0
0x9e1adb,75%,2,6,8,0,0,2,6
0x9e19ce,0%,2,0,2,0,0,2,0
0x9e1977,0%,2,0,2,0,0,2,0
0x5f6ecb,99.812%,2,1062,1064,0,0,2,1062
0x5e7069,50%,2,2,4,2,0,2,0
0x5e7038,0%,2,0,2,0,0,2,0
0x5e6f56,96.2963%,2,52,54,0,0,2,52
0x5e6ef3,0%,2,0,2,0,0,2,0
0x5e6e46,96%,2,48,50,48,0,2,0
0x5e6cbd,0%,2,0,2,0,0,2,0
0x5dad5e,96.1538%,2,50,52,50,0,2,0
0x5da641,96%,2,48,50,48,0,2,0
0x5da555,0%,2,0,2,0,0,2,0
0x65b678,96.1538%,2,50,52,50,0,2,0
0x650744,0%,2,0,2,0,2,0,0
0x6678f0,0%,2,0,2,0,0,2,0
0x8be97f,0%,2,0,2,0,0,2,0
0x5958d7,95.2381%,2,40,42,40,2,0,0
0x6503c3,0%,2,0,2,0,0,2,0
0x5a8dcd,96%,2,48,50,0,0,2,48
0x64ff2c,0%,2,0,2,0,0,2,0
0x648f36,85.7143%,2,12,14,12,0,2,0
0x64920a,0%,2,0,2,0,0,2,0
0x64f2aa,99.9875%,2,15998,16000,15998,2,0,0
0x650778,0%,2,0,2,0,2,0,0
0x5e6205,0%,2,0,2,0,0,2,0
0x65ae31,75%,2,6,8,6,0,2,0
0x8bf900,96.1538%,2,50,52,0,0,2,50
0x7b045a,0%,2,0,2,0,0,2,0
0x7b02b2,0%,2,0,2,0,0,2,0
0x7b0104,0%,2,0,2,0,0,2,0
0x63a0aa,75%,2,6,8,6,0,2,0
0x76f9c4,71.4286%,2,5,7,0,1,1,5
0x7b0076,0%,2,0,2,0,2,0,0
0x7cdfc6,96.1538%,2,50,52,0,0,2,50
0x64cfb8,97.5%,2,78,80,78,0,2,0
0x630545,0%,2,0,2,0,0,2,0
0x659890,96.1538%,2,50,52,50,0,2,0
0x64cdbe,0%,2,0,2,0,0,2,0
0x6455ba,0%,2,0,2,0,0,2,0
0x66f252,75%,2,6,8,6,0,2,0
0x63f04c,0%,2,0,2,0,0,2,0
0x64c7f3,97.5%,2,78,80,0,0,2,78
0x778679,98.75%,2,158,160,0,0,2,158
0x67ad49,0%,2,0,2,0,0,2,0
0x76d773,0%,2,0,2,0,0,2,0
0x66f732,75%,2,6,8,4,2,0,2
0x772617,0%,2,0,2,0,0,2,0
0x8c47d4,99.9846%,2,12998,13000,0,0,2,12998
0x64c228,97.5%,2,78,80,78,0,2,0
0x5f419b,60%,2,3,5,0,1,1,3
0x75d719,0%,2,0,2,0,0,2,0
0x773693,0%,2,0,2,0,2,0,0
0x6415ba,0%,2,0,2,0,0,2,0
0x64e646,75%,2,6,8,5,1,1,1
0x76d6e6,96.1538%,2,50,52,50,0,2,0
0x63601d,0%,2,0,2,0,0,2,0
0x64f566,0%,2,0,2,0,0,2,0
0x7aa1b5,96.1538%,2,50,52,50,0,2,0
0x64f51e,0%,2,0,2,0,0,2,0
0x64f4f2,0%,2,0,2,0,0,2,0
0x65db38,99.9231%,2,2598,2600,0,0,2,2598
0x649a19,0%,2,0,2,0,0,2,0
0x6499bc,0%,2,0,2,0,0,2,0
0x633a82,0%,2,0,2,0,0,2,0
0x7b0ea5,96.1538%,2,50,52,0,0,2,50
0x6309ac,0%,2,0,2,0,0,2,0
0x5f3b26,50%,2,2,4,1,1,1,1
0x6335d3,0%,2,0,2,0,0,2,0
0x634ff0,0%,2,0,2,0,0,2,0
0x66ae17,0%,2,0,2,0,0,2,0
0x5e8ec8,84.6154%,2,11,13,0,0,2,11
0x644d83,96.1538%,2,50,52,0,0,2,50
0x67a1f0,0%,2,0,2,0,0,2,0
0x6498c2,0%,2,0,2,0,0,2,0
0x7a900e,87.5%,2,14,16,0,0,2,14
0x7ccfd3,96.1538%,2,50,52,0,0,2,50
0x7b001b,0%,2,0,2,0,0,2,0
0x7affe6,0%,2,0,2,0,2,0,0
0x762ee2,93.75%,2,30,32,0,0,2,30
0x7aab05,0%,2,0,2,0,0,2,0
0x7629b5,95.2381%,2,40,42,39,1,1,1
0x76bc4c,66.6667%,2,4,6,0,0,2,4
0x66e457,0%,2,0,2,0,0,2,0
0x64fb78,97.5%,2,78,80,0,0,2,78
0x7741fb,96.1538%,2,50,52,0,0,2,50
0x64cfc2,0%,2,0,2,0,0,2,0
0x62ec7e,0%,2,0,2,0,0,2,0
0x67b9a2,0%,2,0,2,0,0,2,0
0x650828,97.5%,2,78,80,0,0,2,78
0x66eeeb,97.5%,2,78,80,78,0,2,0
0x64f983,0%,2,0,2,0,0,2,0
0x64f919,0%,2,0,2,0,0,2,0
0x64adc8,0%,2,0,2,0,0,2,0
0x643d0b,0%,2,0,2,0,0,2,0
0x64f83c,0%,2,0,2,0,0,2,0
0x68873c,96.1538%,2,50,52,50,0,2,0
0x656327,99.9852%,2,13513,13515,0,0,2,13513
0x66e452,75%,2,6,8,4,2,0,2
0x959fc5,96.1538%,2,50,52,50,0,2,0
0x5ed419,96.1538%,2,50,52,50,2,0,0
0x66e217,0%,2,0,2,0,0,2,0
0x66e212,75%,2,6,8,6,0,2,0
0x757a33,96.1538%,2,50,52,0,0,2,50
0x66e1d2,75%,2,6,8,6,0,2,0
0x7d07e0,96.1538%,2,50,52,0,0,2,50
0x63f0d0,0%,2,0,2,0,0,2,0
0x634212,0%,2,0,2,0,0,2,0
0x639fe3,0%,2,0,2,0,0,2,0
0x65af11,75%,2,6,8,6,0,2,0
0x7578a3,96.1538%,2,50,52,0,0,2,50
0x66f437,0%,2,0,2,0,0,2,0
0x634d2d,0%,2,0,2,0,0,2,0
0x7b3f6c,96.1538%,2,50,52,0,0,2,50
0x60539d,0%,2,0,2,0,0,2,0
0x68201b,50%,2,2,4,2,2,0,0
0x67a60e,75%,2,6,8,6,0,2,0
0x66ea97,0%,2,0,2,0,0,2,0
0x404b86,85.7143%,2,12,14,0,0,2,12
0x646ad4,96.1538%,2,50,52,50,0,2,0
0x64bbaa,0%,2,0,2,0,2,0,0
0x66f557,0%,2,0,2,0,0,2,0
0x6499aa,0%,2,0,2,0,0,2,0
0x66f377,0%,2,0,2,0,0,2,0
0x67b3e8,75%,2,6,8,0,0,2,6
0x64c9a0,75%,2,6,8,6,0,2,0
0x63efd1,0%,2,0,2,0,0,2,0
0x63009b,0%,2,0,2,0,0,2,0
0x65aa2c,99.4898%,2,390,392,390,2,0,0
0x67a27b,75%,2,6,8,6,0,2,0
0x66e998,0%,2,0,2,0,0,2,0
0x6314f3,96.1538%,2,50,52,50,0,2,0
0x7b07da,0%,2,0,2,0,2,0,0
0x66e85f,0%,2,0,2,0,0,2,0
0x635765,0%,2,0,2,0,0,2,0
0x66e586,0%,2,0,2,0,0,2,0
0x66e572,75%,2,6,8,6,0,2,0
0x65b46d,0%,2,0,2,0,0,2,0
0x616ba9,94.7368%,2,36,38,36,0,2,0
0x650aa1,0%,2,0,2,0,0,2,0
0x6509f2,0%,2,0,2,0,2,0,0
0x7b0fa7,96.1538%,2,50,52,50,0,2,0
0x7b337c,96.1538%,2,50,52,0,0,2,50
0x7b27a3,96.1538%,2,50,52,0,0,2,50
0x62e97e,0%,2,0,2,0,0,2,0
0x64e4a4,80%,2,8,10,8,0,2,0
0x64e08e,80%,2,8,10,8,0,2,0
0x64d9a0,0%,2,0,2,0,0,2,0
0x9e1a19,0%,2,0,2,0,0,2,0
0x632e4b,0%,2,0,2,0,0,2,0
0x7b0c72,0%,2,0,2,0,0,2,0
0x632d2e,88.8889%,2,16,18,0,0,2,16
0x7631ce,0%,2,0,2,0,0,2,0
0x7cdbdc,96.1538%,2,50,52,50,0,2,0
0x926ac6,75%,2,6,8,0,0,2,6
0x6876af,0%,2,0,2,0,2,0,0
0x7cf50b,0%,2,0,2,0,0,2,0
0x8c730d,99.6%,2,498,500,498,0,2,0
0x5f2383,96.1538%,2,50,52,0,0,2,50
0x76bb34,95.2381%,2,40,42,0,0,2,40
0x65a96d,0%,2,0,2,0,0,2,0
0x62e91e,0%,2,0,2,0,0,2,0
0x66edf6,96.1538%,2,50,52,50,0,2,0
0x6314c1,0%,2,0,2,0,0,2,0
0x66f9c7,85.7143%,2,12,14,0,0,2,12
0x65a719,97.5%,2,78,80,0,0,2,78
0x7edb34,0%,2,0,2,0,0,2,0
0x685157,66.6667%,2,4,6,4,2,0,0
0x6514cc,95%,2,38,40,38,2,0,0
0x6640f0,0%,2,0,2,0,2,0,0
0x67abc9,0%,2,0,2,0,0,2,0
0x681cfd,0%,2,0,2,0,2,0,0
0x92a5ef,97.8022%,2,89,91,0,0,2,89
0x959e05,96.1538%,2,50,52,50,0,2,0
0x634c30,0%,2,0,2,0,0,2,0
0x5f55e4,50%,2,2,4,2,0,2,0
0x64bbfb,0%,2,0,2,0,0,2,0
0x92724d,80%,2,8,10,0,1,1,8
0x64b9d3,0%,2,0,2,0,0,2,0
0x620a31,99.7976%,2,986,988,0,0,2,986
0x5f0615,50%,2,2,4,1,1,1,1
0x65b38d,0%,2,0,2,0,0,2,0
0x763215,0%,2,0,2,0,0,2,0
0x5ed176,96.1538%,2,50,52,0,0,2,50
0x65b2ea,0%,2,0,2,0,0,2,0
0x65b182,0%,2,0,2,0,0,2,0
0x5ecd1e,96.1538%,2,50,52,50,0,2,0
0x5ecab7,0%,2,0,2,0,2,0,0
0x5eca81,96.1538%,2,50,52,50,0,2,0
0x66136c,0%,2,0,2,0,2,0,0
0x65b491,0%,2,0,2,0,0,2,0
0x6209d5,66.6667%,2,4,6,0,0,2,4
0x63f7c0,0%,2,0,2,0,0,2,0
0x63f76a,0%,2,0,2,0,0,2,0
0x64126c,0%,2,0,2,0,0,2,0
0x63f595,0%,2,0,2,0,0,2,0
0x63f364,0%,2,0,2,0,0,2,0
0x63f25c,0%,2,0,2,0,0,2,0
0x63f1b3,0%,2,0,2,0,0,2,0
0x63f027,0%,2,0,2,0,0,2,0
0x92b202,0%,2,0,2,0,0,2,0
0x65c3aa,0%,2,0,2,0,0,2,0
0x92d5ea,0%,2,0,2,0,0,2,0
0x92d5cb,0%,2,0,2,0,0,2,0
0x92c9e8,99.9231%,2,2598,2600,0,0,2,2598
0x92c461,99.9231%,2,2598,2600,2598,2,0,0
0x7c8d1c,0%,2,0,2,0,0,2,0
0x92be4e,0%,2,0,2,0,2,0,0
0x961a24,75%,2,6,8,6,0,2,0
0x92bbad,0%,2,0,2,0,2,0,0
0x92b93a,0%,2,0,2,0,0,2,0
0x63efac,0%,2,0,2,0,0,2,0
0x92b081,98%,2,98,100,0,0,2,98
0x9f7d5a,0%,2,0,2,0,2,0,0
0x685cd8,0%,2,0,2,0,2,0,0
0x65c005,0%,2,0,2,0,0,2,0
0x65b663,96.1538%,2,50,52,0,0,2,50
0x5ea5d2,96.1538%,2,50,52,0,0,2,50
0x65b54d,0%,2,0,2,0,0,2,0
0x64f89e,0%,2,0,2,0,0,2,0
0x65b4dd,0%,2,0,2,0,0,2,0
0x633574,0%,2,0,2,0,0,2,0
0x6858f0,0%,2,0,2,0,2,0,0
0x5da656,0%,2,0,2,0,0,2,0
0x6338e1,0%,2,0,2,0,0,2,0
0x6338da,97.5%,2,78,80,78,0,2,0
0x7ccabc,0%,2,0,2,0,0,2,0
0x633869,0%,2,0,2,0,0,2,0
0x633762,0%,2,0,2,0,0,2,0
0x7cca83,0%,2,0,2,0,2,0,0
0x7cc919,98.7179%,2,154,156,0,0,2,154
0x633602,0%,2,0,2,0,0,2,0
0x633968,0%,2,0,2,0,0,2,0
0x6334fb,0%,2,0,2,0,0,2,0
0x7cc8fc,98.7179%,2,154,156,0,0,2,154
0x634b5d,80%,2,8,10,8,0,2,0
0x6348d1,0%,2,0,2,0,0,2,0
0x7cc629,96.1538%,2,50,52,0,0,2,50
0x6347d2,0%,2,0,2,0,0,2,0
0x7cc566,0%,2,0,2,0,0,2,0
0x634792,0%,2,0,2,0,0,2,0
0x633f36,0%,2,0,2,0,0,2,0
0x635c9d,98%,2,98,100,98,0,2,0
0x63ef0b,0%,2,0,2,0,0,2,0
0x63eeed,0%,2,0,2,0,0,2,0
0x63eea2,0%,2,0,2,0,0,2,0
0x6361ce,75%,2,6,8,6,0,2,0
0x636197,0%,2,0,2,0,0,2,0
0x636189,93.75%,2,30,32,30,0,2,0
0x75e583,66.6667%,2,4,6,4,0,2,0
0x63abbf,0%,2,0,2,0,0,2,0
0x635f8b,0%,2,0,2,0,0,2,0
0x635e2c,0%,2,0,2,0,0,2,0
0x926051,0%,2,0,2,0,0,2,0
0x63f447,0%,2,0,2,0,0,2,0
0x635be3,0%,2,0,2,0,0,2,0
0x6358ed,0%,2,0,2,0,0,2,0
0x635791,0%,2,0,2,0,0,2,0
0x635779,0%,2,0,2,0,0,2,0
0x635724,0%,2,0,2,0,0,2,0
0x6355ef,0%,2,0,2,0,0,2,0
0x7cb6f1,0%,2,0,2,0,0,2,0
0x63399d,80%,2,8,10,8,0,2,0
0x603cc6,95.4545%,2,42,44,42,2,0,0
0x653b98,0%,2,0,2,0,0,2,0
0x653b2a,0%,2,0,2,0,0,2,0
0x653b0d,96.1538%,2,50,52,50,0,2,0
0x653865,0%,2,0,2,0,0,2,0
0x65379c,96.1538%,2,50,52,0,0,2,50
0x6536de,0%,2,0,2,0,0,2,0
0x65369d,96.1538%,2,50,52,50,0,2,0
0x6534a1,0%,2,0,2,0,0,2,0
0x653411,96.1538%,2,50,52,50,0,2,0
0x653352,96.1538%,2,50,52,0,0,2,50
0x9291ac,98.0952%,2,103,105,103,2,0,0
0x75d4b1,99.0909%,2,218,220,0,0,2,218
0x657d44,96.1538%,2,50,52,50,0,2,0
0x657b04,0%,2,0,2,0,0,2,0
0x657ad2,0%,2,0,2,0,0,2,0
0x657899,0%,2,0,2,0,0,2,0
0x65781c,96.1538%,2,50,52,50,0,2,0
0x6491a7,85.7143%,2,12,14,0,0,2,12
0x657633,0%,2,0,2,0,0,2,0
0x6573e2,0%,2,0,2,0,0,2,0
0xa43ca6,99.9812%,2,10623,10625,10623,2,0,0
0x5f0e62,0%,2,0,2,0,0,2,0
0x5f0c2c,99.9564%,2,4586,4588,0,0,2,4586
0xa3a06a,50%,2,2,4,0,0,2,2
0xa22e3f,94.1176%,2,32,34,0,0,2,32
0x9290a2,90%,2,18,20,18,2,0,0
0x7aaa15,96.1538%,2,50,52,50,0,2,0
0xa24bd7,98.4%,2,123,125,123,2,0,0
0xa2425a,99.604%,2,503,505,253,2,0,250
0x6552c3,99.9852%,2,13513,13515,0,0,2,13513
0x614bc6,99.9711%,2,6914,6916,6914,2,0,0
0x6572e4,0%,2,0,2,0,0,2,0
0x613d86,91.6667%,2,22,24,0,2,0,22
0x639e1a,0%,2,0,2,0,0,2,0
0xa31cf9,99.9812%,2,10623,10625,10623,2,0,0
0x960e49,98.7421%,2,157,159,157,2,0,0
0x960c6d,98.7421%,2,157,159,157,0,2,0
0x960b89,98.7421%,2,157,159,0,0,2,157
0x618024,99.9494%,2,3950,3952,0,0,2,3950
0x92949a,98.0952%,2,103,105,0,0,2,103
0x66733f,96.1538%,2,50,52,50,0,2,0
0xa78491,0%,2,0,2,0,2,0,0
0x65e193,99.9808%,2,10398,10400,10398,2,0,0
0x616c99,94.7368%,2,36,38,36,0,2,0
0x6571c3,0%,2,0,2,0,0,2,0
0x7cf5f6,0%,2,0,2,0,0,2,0
0x632d8e,88.8889%,2,16,18,16,0,2,0
0x632c64,0%,2,0,2,0,0,2,0
0x632bd7,0%,2,0,2,0,0,2,0
0x616b55,94.7368%,2,36,38,36,0,2,0
0x6168f3,96.1538%,2,50,52,0,0,2,50
0x65d0a2,96.1538%,2,50,52,50,0,2,0
0x65e830,98%,2,98,100,0,0,2,98
0x65c785,0%,2,0,2,0,2,0,0
0x685cf7,0%,2,0,2,0,2,0,0
0x5f2153,0%,2,0,2,0,0,2,0
0x926cbd,99.5%,2,398,400,398,2,0,0
0x65a5c5,0%,2,0,2,0,0,2,0
0x926e28,96%,2,48,50,48,0,2,0
0x9267aa,0%,2,0,2,0,0,2,0
0x92610b,96.1538%,2,50,52,50,0,2,0
0x92605f,0%,2,0,2,0,0,2,0
0x7ce508,0%,2,0,2,0,2,0,0
0x5fced2,97.7273%,2,86,88,86,2,0,0
0x657274,0%,2,0,2,0,0,2,0
0x6570df,0%,2,0,2,0,0,2,0
0x656fa8,0%,2,0,2,0,0,2,0
0x656f0a,0%,2,0,2,0,0,2,0
0x656d53,0%,2,0,2,0,0,2,0
0x656d36,0%,2,0,2,0,0,2,0
0x64056a,0%,2,0,2,0,0,2,0
0x656bc3,0%,2,0,2,0,0,2,0
0x633eb7,99.8333%,2,1198,1200,0,0,2,1198
0x66084c,0%,2,0,2,0,2,0,0
0x66058a,0%,2,0,2,0,2,0,0
0x660348,0%,2,0,2,0,2,0,0
0x605afa,0%,2,0,2,0,2,0,0
0x6059dd,0%,2,0,2,0,2,0,0
0x605809,0%,2,0,2,0,2,0,0
0x6056cf,0%,2,0,2,0,2,0,0
0x6053e3,0%,2,0,2,0,2,0,0
0x60532f,0%,2,0,2,0,2,0,0
0x62f49b,0%,2,0,2,0,0,2,0
0x62fd8d,0%,2,0,2,0,0,2,0
0x7cddd0,96.1538%,2,50,52,50,0,2,0
0x62fba3,0%,2,0,2,0,0,2,0
0x62fb69,0%,2,0,2,0,0,2,0
0x62fb3e,0%,2,0,2,0,0,2,0
0x62faa4,0%,2,0,2,0,0,2,0
0x62f874,0%,2,0,2,0,0,2,0
0x62f6a0,0%,2,0,2,0,0,2,0
0x62f541,0%,2,0,2,0,0,2,0
0x62f516,0%,2,0,2,0,0,2,0
0x63308e,0%,2,0,2,0,0,2,0
0x6051cc,0%,2,0,2,0,2,0,0
0x62f2c7,0%,2,0,2,0,0,2,0
0x632459,95%,2,38,40,38,0,2,0
0x62f17f,0%,2,0,2,0,0,2,0
0x63559d,0%,2,0,2,0,0,2,0
0x949ddb,0%,2,0,2,0,2,0,0
0x669f9c,0%,2,0,2,0,0,2,0
0x669e68,96.1538%,2,50,52,50,0,2,0
0x669e13,96.1538%,2,50,52,0,0,2,50
0x6302a3,0%,2,0,2,0,0,2,0
0x630914,0%,2,0,2,0,0,2,0
0x630871,0%,2,0,2,0,0,2,0
0x6307f6,0%,2,0,2,0,0,2,0
0x63074e,0%,2,0,2,0,0,2,0
0x7ce693,0%,2,0,2,0,0,2,0
0x6305d3,0%,2,0,2,0,0,2,0
0x630595,0%,2,0,2,0,0,2,0
0x7ce28b,0%,2,0,2,0,2,0,0
0x6303e6,0%,2,0,2,0,0,2,0
0x6303bf,0%,2,0,2,0,0,2,0
0x669bd8,96.1538%,2,50,52,0,0,2,50
0x63027f,0%,2,0,2,0,0,2,0
0x63015e,0%,2,0,2,0,0,2,0
0x6300e5,0%,2,0,2,0,0,2,0
0x630020,0%,2,0,2,0,0,2,0
0x7ce020,96.1538%,2,50,52,50,0,2,0
0x62ff5e,0%,2,0,2,0,0,2,0
0x644ebf,0%,2,0,2,0,0,2,0
0x62fe7d,0%,2,0,2,0,0,2,0
0x62fe52,0%,2,0,2,0,0,2,0
0x7e6608,0%,2,0,2,0,0,2,0
0x593b2a,75%,2,6,8,0,0,2,6
0x5939f4,75%,2,6,8,6,2,0,0
0x6668c9,96.2963%,2,52,54,0,0,2,52
0x653715,0%,2,0,2,0,0,2,0
0x661323,0%,2,0,2,0,0,2,0
0x666384,96.1538%,2,50,52,50,0,2,0
0x666233,96.1538%,2,50,52,0,0,2,50
0x65642f,98.4%,2,123,125,0,0,2,123
0x7e660d,0%,2,0,2,0,0,2,0
0x666072,96.1538%,2,50,52,50,0,2,0
0x7ccde3,0%,2,0,2,0,2,0,0
0x665fd3,0%,2,0,2,0,0,2,0
0x665fba,0%,2,0,2,0,0,2,0
0x633445,0%,2,0,2,0,0,2,0
0x665fb5,96.1538%,2,50,52,50,0,2,0
0x6f5561,0%,2,0,2,0,2,0,0
0x665c63,96.1538%,2,50,52,0,0,2,50
0x665b03,96.1538%,2,50,52,0,0,2,50
0x6654b1,0%,2,0,2,0,0,2,0
0x66549e,0%,2,0,2,0,0,2,0
0x7cd0d3,0%,2,0,2,0,2,0,0
0x667bdb,0%,2,0,2,0,0,2,0
0x667a70,0%,2,0,2,0,0,2,0
0x667833,96.1538%,2,50,52,0,0,2,50
0x7cd636,96.1538%,2,50,52,0,0,2,50
0x66745b,96.1538%,2,50,52,0,0,2,50
0x7cd3d6,96.1538%,2,50,52,0,0,2,50
0x592cd1,75%,2,6,8,0,0,2,6
0x5f4f53,50%,2,2,4,0,2,0,2
0x6851c8,0%,2,0,2,0,0,2,0
0x7cea9a,0%,2,0,2,0,0,2,0
0x666d50,75%,2,6,8,0,0,2,6
0x685130,66.6667%,2,4,6,4,2,0,0
0x630dec,0%,2,0,2,0,0,2,0
0x9f8120,98.9529%,2,189,191,0,0,2,189
0x9f80f7,98.9529%,2,189,191,0,0,2,189
0x7ccfed,96.1538%,2,50,52,0,0,2,50
0x7c8a5e,50%,2,2,4,2,0,2,0
0x593d7b,75%,2,6,8,0,0,2,6
0x593baf,75%,2,6,8,0,0,2,6
0x66b7a2,96.1538%,2,50,52,50,0,2,0
0x632fb6,0%,2,0,2,0,0,2,0
0x632ecc,0%,2,0,2,0,0,2,0
0x635242,0%,2,0,2,0,0,2,0
0x63521e,97.5%,2,78,80,78,0,2,0
0x63520a,0%,2,0,2,0,0,2,0
0x635112,0%,2,0,2,0,0,2,0
0x634ebb,0%,2,0,2,0,0,2,0
0x634e67,0%,2,0,2,0,0,2,0
0x66b87f,0%,2,0,2,0,0,2,0
0x66b7bf,0%,2,0,2,0,0,2,0
0x65d645,0%,2,0,2,0,0,2,0
0x66b6ff,0%,2,0,2,0,0,2,0
0x63ef7d,0%,2,0,2,0,0,2,0
0x635698,0%,2,0,2,0,0,2,0
0x66b44c,88.8889%,2,16,18,0,0,2,16
0x66b2ac,96.1538%,2,50,52,0,0,2,50
0x66b22f,0%,2,0,2,0,0,2,0
0x63f409,0%,2,0,2,0,0,2,0
0x66afe8,0%,2,0,2,0,0,2,0
0x66af9c,96.1538%,2,50,52,0,0,2,50
0x633aea,0%,2,0,2,0,0,2,0
0x7cc0f9,96.1538%,2,50,52,50,0,2,0
0x633dcf,0%,2,0,2,0,0,2,0
0x633da3,0%,2,0,2,0,0,2,0
0x633d65,0%,2,0,2,0,0,2,0
0x656b21,0%,2,0,2,0,0,2,0
0x7cbf46,0%,2,0,2,0,0,2,0
0x633bd6,0%,2,0,2,0,0,2,0
0x5fd010,97.7273%,2,86,88,86,2,0,0
0x633b4f,0%,2,0,2,0,0,2,0
0x633b1f,0%,2,0,2,0,0,2,0
0x7cb6af,0%,2,0,2,0,2,0,0
0x634304,0%,2,0,2,0,0,2,0
0x634267,0%,2,0,2,0,0,2,0
0x7cbe2d,0%,2,0,2,0,2,0,0
0x6341ed,0%,2,0,2,0,0,2,0
0x6341ba,0%,2,0,2,0,0,2,0
0x7cbcf9,96.1538%,2,50,52,0,0,2,50
0x7cbc2f,0%,2,0,2,0,0,2,0
0x6332a9,96.1538%,2,50,52,50,0,2,0
0x6330ae,0%,2,0,2,0,0,2,0
0x7cf086,96.1538%,2,50,52,0,0,2,50
0x6314f8,0%,2,0,2,0,0,2,0
0x65747a,0%,2,0,2,0,2,0,0
0x631350,0%,2,0,2,0,0,2,0
0x63134b,96.1538%,2,50,52,50,0,2,0
0x6312cd,96.1538%,2,50,52,50,0,2,0
0x631292,0%,2,0,2,0,0,2,0
0x631252,0%,2,0,2,0,0,2,0
0x63124d,96.1538%,2,50,52,50,0,2,0
0x6311b2,0%,2,0,2,0,0,2,0
0x63115d,96.1538%,2,50,52,50,0,2,0
0x63153a,0%,2,0,2,0,0,2,0
0x63110d,96.1538%,2,50,52,50,0,2,0
0x7ceccf,0%,2,0,2,0,2,0,0
0x660860,0%,2,0,2,0,2,0,0
0x7cec69,0%,2,0,2,0,2,0,0
0x630f55,0%,2,0,2,0,0,2,0
0xa7841a,0%,2,0,2,0,0,2,0
0x7b232e,0%,2,0,2,0,2,0,0
0x630bd7,0%,2,0,2,0,0,2,0
0x630bae,0%,2,0,2,0,0,2,0
0x8c73ec,99.6%,2,498,500,498,0,2,0
0x66aea3,96.1538%,2,50,52,50,0,2,0
0x66ad59,0%,2,0,2,0,0,2,0
0x66aa17,0%,2,0,2,0,0,2,0
0x7cb43e,0%,2,0,2,0,0,2,0
0x63a94a,0%,2,0,2,0,0,2,0
0x66a3ac,96.1538%,2,50,52,0,0,2,50
0x634352,0%,2,0,2,0,0,2,0
0x66a179,0%,2,0,2,0,0,2,0
0x63256b,0%,2,0,2,0,0,2,0
0x660832,0%,2,0,2,0,2,0,0
0x8c71d7,0%,2,0,2,0,0,2,0
0x6318db,0%,2,0,2,0,0,2,0
0x7cfb5d,0%,2,0,2,0,2,0,0
0x631892,0%,2,0,2,0,0,2,0
0x6316a2,0%,2,0,2,0,0,2,0
0x631662,0%,2,0,2,0,0,2,0
0x6315ed,96.1538%,2,50,52,50,0,2,0
0x7cf609,0%,2,0,2,0,2,0,0
0x7cf49f,0%,2,0,2,0,0,2,0
0x639dde,0%,2,0,2,0,0,2,0
0x5ed0db,0%,2,0,2,0,2,0,0
0x631869,0%,2,0,2,0,0,2,0
0x7e8063,96.1538%,2,50,52,0,0,2,50
0x605d5d,90.9091%,2,20,22,20,2,0,0
0x6462af,96.1538%,2,50,52,0,0,2,50
0x760b76,0%,2,0,2,0,2,0,0
0x598369,98.0769%,2,102,104,102,2,0,0
0x429936,98.3871%,2,122,124,0,0,2,122
0x658a51,0%,2,0,2,0,0,2,0
0x76ba97,0%,2,0,2,0,0,2,0
0x7cdb91,96.1538%,2,50,52,50,2,0,0
0x762b46,0%,2,0,2,0,0,2,0
0x63feef,0%,2,0,2,0,0,2,0
0x7bd545,80%,2,8,10,0,0,2,8
0x7b4266,0%,2,0,2,0,0,2,0
0x64fb62,0%,2,0,2,0,0,2,0
0x7cf6bf,0%,2,0,2,0,2,0,0
0x64c6fa,99.95%,2,3998,4000,0,0,2,3998
0x645c7b,96.1538%,2,50,52,0,0,2,50
0x68859d,0%,2,0,2,0,0,2,0
0x62e83e,0%,2,0,2,0,0,2,0
0x651359,97.5%,2,78,80,0,0,2,78
0x7684e9,99.359%,2,310,312,0,0,2,310
0x6464ef,0%,2,0,2,0,0,2,0
0x7cd756,96.1538%,2,50,52,0,0,2,50
0x65b5e3,96.1538%,2,50,52,0,0,2,50
0x593dec,99.0385%,2,206,208,0,0,2,206
0x66748f,96.1538%,2,50,52,50,0,2,0
0x66e6ac,97.5%,2,78,80,0,0,2,78
0x8c6521,99.92%,2,2498,2500,0,0,2,2498
0x403f44,66.6667%,2,4,6,4,2,0,0
0x75f309,0%,2,0,2,0,2,0,0
0x7e89c9,96.1538%,2,50,52,50,2,0,0
0x7b3beb,0%,2,0,2,0,2,0,0
0x63ca0f,99.2218%,2,255,257,0,2,0,255
0x67a15b,75%,2,6,8,4,2,0,2
0x66e192,75%,2,6,8,6,0,2,0
0x772513,75%,2,6,8,6,0,2,0
0x65b432,0%,2,0,2,0,0,2,0
0x648d64,85.7143%,2,12,14,0,0,2,12
0x649d0c,0%,2,0,2,0,0,2,0
0x658cd7,0%,2,0,2,0,2,0,0
0x763588,95.4545%,2,42,44,42,0,2,0
0x75d674,75%,2,6,8,5,1,1,1
0x646198,99.9231%,2,2598,2600,0,0,2,2598
0x67ba1a,0%,2,0,2,0,0,2,0
0x631600,0%,2,0,2,0,0,2,0
0x767633,96.1538%,2,50,52,0,0,2,50
0x659a8f,96.1538%,2,50,52,50,0,2,0
0x763049,0%,2,0,2,0,0,2,0
0x429f45,98%,2,98,100,0,0,2,98
0x9f5804,85.7143%,2,12,14,0,0,2,12
0xa796eb,0%,2,0,2,0,0,2,0
0x65cf3c,0%,2,0,2,0,0,2,0
0x63489b,0%,2,0,2,0,0,2,0
0x62f267,0%,2,0,2,0,0,2,0
0x7e8419,0%,2,0,2,0,0,2,0
0x762df2,0%,2,0,2,0,0,2,0
0x65afa1,0%,2,0,2,0,0,2,0
0x65cad2,75%,2,6,8,0,0,2,6
0x66f1f7,0%,2,0,2,0,0,2,0
0x687801,0%,2,0,2,0,0,2,0
0x67ab01,0%,2,0,2,0,0,2,0
0x6315ab,0%,2,0,2,0,0,2,0
0x767156,0%,2,0,2,0,0,2,0
0xa30825,99.9902%,2,20357,20359,0,0,2,20357
0x76704e,93.75%,2,30,32,0,0,2,30
0x64c2f0,75%,2,6,8,0,0,2,6
0x6600a8,0%,2,0,2,0,0,2,0
0x655432,99.9852%,2,13513,13515,13513,2,0,0
0x65970c,96.1538%,2,50,52,0,0,2,50
0x7cf58a,0%,2,0,2,0,0,2,0
0x63b395,0%,2,0,2,0,0,2,0
0x773cb0,96.1538%,2,50,52,0,0,2,50
0x67b9e9,0%,2,0,2,0,0,2,0
0x62f640,0%,2,0,2,0,0,2,0
0x659b3a,96.1538%,2,50,52,0,0,2,50
0x64b55a,0%,2,0,2,0,2,0,0
0x63167e,75%,2,6,8,4,2,0,2
0x7e76db,0%,2,0,2,0,0,2,0
0x648b33,0%,2,0,2,0,0,2,0
0x65e2b8,99.9231%,2,2598,2600,0,0,2,2598
0x8bef18,99.0385%,2,206,208,0,0,2,206
0x6d9215,87.5%,2,14,16,0,0,2,14
0x67b6d9,0%,2,0,2,0,0,2,0
0x8c6aec,98%,2,98,100,0,0,2,98
0x639899,0%,2,0,2,0,0,2,0
0x76a95e,75%,2,6,8,0,2,0,6
0x6087f3,98.8636%,2,174,176,0,0,2,174
0x618b30,99.9711%,2,6914,6916,0,0,2,6914
0x76d809,0%,2,0,2,0,0,2,0
0x8c3cca,98%,2,98,100,0,0,2,98
0x760c75,0%,2,0,2,0,0,2,0
0x7b27f7,0%,2,0,2,0,0,2,0
0x640a8d,0%,2,0,2,0,0,2,0
0x687db9,96.1538%,2,50,52,50,2,0,0
0x5ef9f6,0%,2,0,2,0,2,0,0
0x658b9e,0%,2,0,2,0,0,2,0
0x8c0738,98%,2,98,100,0,0,2,98
0x76d6f3,96.1538%,2,50,52,0,0,2,50
0x76d5e9,96.1538%,2,50,52,0,0,2,50
0x8c3a0a,99.9333%,2,2998,3000,0,0,2,2998
0x769669,50%,2,2,4,0,0,2,2
0x7cd5d3,96.1538%,2,50,52,0,0,2,50
0x63f2e0,0%,2,0,2,0,0,2,0
0x64bdbc,0%,2,0,2,0,0,2,0
0x658be2,0%,2,0,2,0,0,2,0
0x64f073,75%,2,6,8,0,0,2,6
0x64c213,97.5%,2,78,80,0,0,2,78
0x8c5b40,98%,2,98,100,0,0,2,98
0x7b2b01,0%,2,0,2,0,0,2,0
0x63f0f1,0%,2,0,2,0,0,2,0
0x7e7dba,0%,2,0,2,0,2,0,0
0x772947,96.1538%,2,50,52,50,2,0,0
0x7cb5ef,0%,2,0,2,0,2,0,0
0x7cdad0,96.1538%,2,50,52,50,0,2,0
0x64f993,0%,2,0,2,0,0,2,0
0x66fe80,99.0385%,2,206,208,0,0,2,206
0x659f06,0%,2,0,2,0,2,0,0
0x657194,0%,2,0,2,0,0,2,0
0x7cb59b,0%,2,0,2,0,0,2,0
0x6535cd,96.1538%,2,50,52,50,0,2,0
0x7aab46,0%,2,0,2,0,0,2,0
0x767712,96.1538%,2,50,52,0,0,2,50
0x762287,0%,2,0,2,0,0,2,0
0x8c5f8e,98%,2,98,100,0,0,2,98
0x770da8,0%,2,0,2,0,2,0,0
0x656d98,0%,2,0,2,0,0,2,0
0x8c457a,99.9231%,2,2598,2600,0,0,2,2598
0x62ec9e,0%,2,0,2,0,0,2,0
0x644295,0%,2,0,2,0,0,2,0
0x67a1eb,75%,2,6,8,6,0,2,0
0x64d8ed,0%,2,0,2,0,0,2,0
0x768aea,93.75%,2,30,32,0,0,2,30
0x5e5ab2,0%,2,0,2,0,2,0,0
0x65764a,0%,2,0,2,0,0,2,0
0x6da63c,75%,2,6,8,0,0,2,6
0x633a4d,0%,2,0,2,0,0,2,0
0x6487ad,0%,2,0,2,0,0,2,0
0x6851bd,0%,2,0,2,0,0,2,0
0x635ca2,0%,2,0,2,0,0,2,0
0x766142,50%,2,2,4,0,0,2,2
0x8c537d,99.6%,2,498,500,400,0,2,98
0x7e733d,96.1538%,2,50,52,50,2,0,0
0x7e72d2,96.1538%,2,50,52,0,0,2,50
0x638010,99.9701%,2,6680,6682,6680,2,0,0
0x67a254,75%,2,6,8,6,0,2,0
0x65af6c,75%,2,6,8,6,2,0,0
0x769f72,0%,2,0,2,0,0,2,0
0xa77e43,99.7661%,2,853,855,0,0,2,853
0x641b49,0%,2,0,2,0,0,2,0
0x766a44,83.3333%,2,10,12,0,0,2,10
0x647498,99.9231%,2,2598,2600,0,0,2,2598
0x64fab2,0%,2,0,2,0,0,2,0
0x9f98c3,99.9021%,2,2040,2042,0,0,2,2040
0x75990d,0%,2,0,2,0,2,0,0
0x630a59,0%,2,0,2,0,0,2,0
0x4048a6,66.6667%,2,4,6,0,0,2,4
0x67ac80,0%,2,0,2,0,0,2,0
0xa2412b,99.9917%,2,24204,24206,0,0,2,24204
0x75f01d,0%,2,0,2,0,0,2,0
0x64ddde,98%,2,98,100,0,0,2,98
0x6597ec,0%,2,0,2,0,0,2,0
0x66367d,85.7143%,2,12,14,12,0,2,0
0x63efef,0%,2,0,2,0,0,2,0
0x7e7789,66.6667%,2,4,6,4,0,2,0
0xa76d40,99.9906%,2,21274,21276,21274,2,0,0
0x7ccf12,0%,2,0,2,0,0,2,0
0x769303,50%,2,2,4,0,0,2,2
0x7e7689,0%,2,0,2,0,0,2,0
0x641ae6,0%,2,0,2,0,0,2,0
0x7b426f,0%,2,0,2,0,0,2,0
0x76c30c,0%,2,0,2,0,0,2,0
0x8c5a0c,99.984%,2,12498,12500,0,0,2,12498
0x89fee2,0%,2,0,2,0,2,0,0
0x75e1a9,0%,2,0,2,0,2,0,0
0x686560,0%,2,0,2,0,2,0,0
0x5ed462,96.1538%,2,50,52,50,0,2,0
0x64336a,0%,2,0,2,0,0,2,0
0x8c027f,98%,2,98,100,98,2,0,0
0x685d4b,0%,2,0,2,0,2,0,0
0x65aa84,0%,2,0,2,0,0,2,0
0x7e8173,96.1538%,2,50,52,0,0,2,50
0x8c2065,0%,2,0,2,0,0,2,0
0x597d97,0%,2,0,2,0,0,2,0
0x65ad6a,0%,2,0,2,0,0,2,0
0x658a2a,97.8022%,2,89,91,89,0,2,0
0x659474,96.1538%,2,50,52,50,0,2,0
0x76ccfb,0%,2,0,2,0,0,2,0
0x6470cf,96.1538%,2,50,52,50,0,2,0
0x64b687,0%,2,0,2,0,0,2,0
0x9f9941,99.8723%,2,1564,1566,0,0,2,1564
0x64f8d8,0%,2,0,2,0,0,2,0
0xa7a553,99.9971%,2,68779,68781,0,0,2,68779
0x63f46c,0%,2,0,2,0,0,2,0
0x7783a2,99%,2,198,200,0,0,2,198
0x76bcb0,0%,2,0,2,0,2,0,0
0x6476a2,98%,2,98,100,98,0,2,0
0x8bf9d1,96.1538%,2,50,52,50,0,2,0
0x636d5c,99.2218%,2,255,257,0,0,2,255
0x652b09,99.9573%,2,4678,4680,0,0,2,4678
0x76cc21,95.4545%,2,42,44,42,2,0,0
0x65938c,96.1538%,2,50,52,0,0,2,50
0x632d3b,99.5726%,2,466,468,0,0,2,466
0x76ca45,0%,2,0,2,0,0,2,0
0x7653bb,66.6667%,2,4,6,3,1,1,1
0x64374a,96.1538%,2,50,52,0,0,2,50
0x67a0bd,75%,2,6,8,6,2,0,0
0x64038e,0%,2,0,2,0,0,2,0
0x7627e4,0%,2,0,2,0,0,2,0
0x7633cc,95.2381%,2,40,42,40,0,2,0
0x7633dd,0%,2,0,2,0,0,2,0
0xa397a5,71.4286%,2,5,7,5,2,0,0
0x67ab0e,0%,2,0,2,0,0,2,0
0x927d77,99.9372%,2,3182,3184,3182,2,0,0
0x6488a3,0%,2,0,2,0,0,2,0
0x8c4bd3,99.9231%,2,2598,2600,0,0,2,2598
0x7731e3,96.1538%,2,50,52,0,0,2,50
0xa30897,99.9731%,2,7434,7436,0,0,2,7434
0x62eb9e,0%,2,0,2,0,0,2,0
0x7ceda0,0%,2,0,2,0,2,0,0
0x68853d,0%,2,0,2,0,2,0,0
0x6051fe,0%,2,0,2,0,2,0,0
0x7664d3,97.9167%,2,94,96,0,0,2,94
0x6410a9,75%,2,6,8,6,0,2,0
0xa31b96,99.9926%,2,27028,27030,0,0,2,27028
0x763223,0%,2,0,2,0,0,2,0
0x7edeed,0%,2,0,2,0,2,0,0
0x630e80,0%,2,0,2,0,0,2,0
0x67a56c,75%,2,6,8,6,2,0,0
0x6509a6,0%,2,0,2,0,2,0,0
0x67a5de,75%,2,6,8,6,0,2,0
0x76779f,0%,2,0,2,0,0,2,0
0x67aec4,75%,2,6,8,6,0,2,0
0x64f929,0%,2,0,2,0,0,2,0
0x763261,0%,2,0,2,0,0,2,0
0x64fb25,97.5%,2,78,80,78,0,2,0
0x9f5e21,99.1379%,2,230,232,230,2,0,0
0x6489d9,75%,2,6,8,6,0,2,0
0x75d24e,98.8506%,2,172,174,172,2,0,0
0x7725fe,96.1538%,2,50,52,50,0,2,0
0x64d66a,0%,2,0,2,0,0,2,0
0x7e893f,0%,2,0,2,0,0,2,0
0x646f52,0%,2,0,2,0,0,2,0
0x757966,96.1538%,2,50,52,50,0,2,0
0x76ffec,96.1538%,2,50,52,0,0,2,50
0x769a2d,50%,2,2,4,0,0,2,2
0x6302ca,0%,2,0,2,0,0,2,0
0x66aea8,0%,2,0,2,0,0,2,0
0xa7967e,99.2218%,2,255,257,0,0,2,255
0x7e8083,96.1538%,2,50,52,0,0,2,50
0x605c29,0%,2,0,2,0,2,0,0
0x7b2224,0%,2,0,2,0,0,2,0
0x7cf5b0,0%,2,0,2,0,2,0,0
0x75e8b5,0%,2,0,2,0,0,2,0
0x7695d5,50%,2,2,4,2,2,0,0
0x595275,99.6795%,2,622,624,622,2,0,0
0x762555,0%,2,0,2,0,0,2,0
0x634a24,0%,2,0,2,0,0,2,0
0x646f20,0%,2,0,2,0,0,2,0
0x7b2f98,96.1538%,2,50,52,0,0,2,50
0x657354,0%,2,0,2,0,0,2,0
0x7b35ef,0%,2,0,2,0,2,0,0
0x639cf6,75%,2,6,8,6,0,2,0
0x772f72,96.1538%,2,50,52,0,0,2,50
0x66ae7c,96.1538%,2,50,52,0,0,2,50
0x633f72,0%,2,0,2,0,0,2,0
0x64f67c,0%,2,0,2,0,0,2,0
0x7e82eb,0%,2,0,2,0,2,0,0
0x7e80c9,96.1538%,2,50,52,50,2,0,0
0x7e7f73,96.1538%,2,50,52,0,0,2,50
0x66b6bc,96.1538%,2,50,52,0,0,2,50
0x67a754,0%,2,0,2,0,0,2,0
0x64cff3,75%,2,6,8,0,0,2,6
0x688576,0%,2,0,2,0,2,0,0
0x77341b,96.1538%,2,50,52,50,2,0,0
0x657250,0%,2,0,2,0,0,2,0
0x76bb9b,95.2381%,2,40,42,0,0,2,40
0x7ceed8,0%,2,0,2,0,2,0,0
0x773318,96.1538%,2,50,52,50,0,2,0
0x9279d1,97.8022%,2,89,91,89,2,0,0
0x649860,0%,2,0,2,0,0,2,0
0x7735cc,0%,2,0,2,0,2,0,0
0x774c0e,96.1538%,2,50,52,0,0,2,50
0x9f9285,0%,2,0,2,0,0,2,0
0x7732f3,96.1538%,2,50,52,0,0,2,50
0x64983c,0%,2,0,2,0,0,2,0
0x5f23e3,96.2963%,2,52,54,0,0,2,52
0x669cca,0%,2,0,2,0,2,0,0
0x6304db,0%,2,0,2,0,0,2,0
0x9fb582,99.2337%,2,259,261,0,0,2,259
0x773add,96.1538%,2,50,52,0,0,2,50
0x640489,75%,2,6,8,6,0,2,0
0x6600d4,0%,2,0,2,0,0,2,0
0x7615c3,0%,2,0,2,0,0,2,0
0x636f29,99.2218%,2,255,257,0,0,2,255
0x64f3b3,75%,2,6,8,0,0,2,6
0x95a51c,96.1538%,2,50,52,0,0,2,50
0x92d5b6,0%,2,0,2,0,0,2,0
0x773b47,96.1538%,2,50,52,50,2,0,0
0x635445,0%,2,0,2,0,0,2,0
0x618c87,99.9711%,2,6914,6916,6914,2,0,0
0x5f770f,50%,2,2,4,0,2,0,2
0x7616b6,0%,2,0,2,0,0,2,0
0x76d614,96.1538%,2,50,52,50,0,2,0
0x77375a,0%,2,0,2,0,2,0,0
0x76a325,0%,2,0,2,0,0,2,0
0x7657d4,98.0769%,2,102,104,102,2,0,0
0x7b1c40,0%,2,0,2,0,2,0,0
0x63560d,0%,2,0,2,0,0,2,0
0x67a9f7,0%,2,0,2,0,0,2,0
0x768dcb,93.75%,2,30,32,0,0,2,30
0x5e8252,98.374%,2,121,123,121,2,0,0
0x89ff41,0%,2,0,2,0,0,2,0
0x772da2,0%,2,0,2,0,2,0,0
0x661a29,0%,2,0,2,0,0,2,0
0x67ade8,75%,2,6,8,0,0,2,6
0x5f4d5b,96.2963%,2,52,54,0,0,2,52
0x761a99,0%,2,0,2,0,2,0,0
0x7700b5,0%,2,0,2,0,2,0,0
0x598ca7,83.3333%,2,10,12,10,0,2,0
0x62f3f1,0%,2,0,2,0,0,2,0
0x76fed4,0%,2,0,2,0,2,0,0
0x76fec6,0%,2,0,2,0,0,2,0
0x663755,97.5%,2,78,80,78,0,2,0
0x8c5207,98%,2,98,100,0,0,2,98
0x6360d6,0%,2,0,2,0,0,2,0
0x772ffe,96.1538%,2,50,52,50,2,0,0
0x8c15ab,97.7778%,2,88,90,0,0,2,88
0x76fc69,0%,2,0,2,0,0,2,0
0x772e34,0%,2,0,2,0,2,0,0
0x647de2,75%,2,6,8,6,0,2,0
0x7e88ef,96.1538%,2,50,52,50,0,2,0
0x669f17,0%,2,0,2,0,2,0,0
0x773fe8,0%,2,0,2,0,2,0,0
0x7e81ce,96.1538%,2,50,52,0,0,2,50
0x6506a3,0%,2,0,2,0,2,0,0
0x639cb2,0%,2,0,2,0,0,2,0
0x92901d,90%,2,18,20,0,0,2,18
0x7cdd13,96.1538%,2,50,52,0,0,2,50
0x660acd,0%,2,0,2,0,2,0,0
0x67a085,75%,2,6,8,4,2,0,2
0x62ecde,0%,2,0,2,0,0,2,0
0x76136b,0%,2,0,2,0,0,2,0
0x65ab6f,0%,2,0,2,0,0,2,0
0x5e9c3f,96.1538%,2,50,52,50,0,2,0
0x630e10,0%,2,0,2,0,0,2,0
0x63ad60,0%,2,0,2,0,0,2,0
0x63ad55,75%,2,6,8,6,0,2,0
0x65a3f6,0%,2,0,2,0,0,2,0
0x63ac68,0%,2,0,2,0,0,2,0
0x686fe8,0%,2,0,2,0,0,2,0
0x63abf9,75%,2,6,8,6,0,2,0
0x64f77b,0%,2,0,2,0,0,2,0
0x5e6b57,96%,2,48,50,48,0,2,0
0x63a5ec,0%,2,0,2,0,0,2,0
0x63003b,0%,2,0,2,0,0,2,0
0x648e74,85.7143%,2,12,14,0,0,2,12
0x65ad77,0%,2,0,2,0,0,2,0
0x7aac7e,96.1538%,2,50,52,0,0,2,50
0x6489eb,0%,2,0,2,0,0,2,0
0x7a8d4b,98%,2,98,100,0,0,2,98
0x649808,0%,2,0,2,0,0,2,0
0x8a010d,0%,2,0,2,0,2,0,0
0x7b3c8f,0%,2,0,2,0,0,2,0
0x66ad3c,75%,2,6,8,6,0,2,0
0x635b83,0%,2,0,2,0,0,2,0
0x648acf,75%,2,6,8,6,0,2,0
0x648a3d,0%,2,0,2,0,0,2,0
0x63a049,75%,2,6,8,0,0,2,6
0x8a49ef,0%,2,0,2,0,0,2,0
0x648935,75%,2,6,8,6,0,2,0
0x648761,0%,2,0,2,0,0,2,0
0x7aa1ed,0%,2,0,2,0,0,2,0
0x648747,75%,2,6,8,6,0,2,0
0x65a74d,97.5%,2,78,80,78,0,2,0
0x62e9fe,0%,2,0,2,0,0,2,0
0x7cdd81,96.1538%,2,50,52,50,2,0,0
0x429f58,98%,2,98,100,0,0,2,98
0x77485d,0%,2,0,2,0,2,0,0
0x8a8593,90%,2,18,20,0,0,2,18
0x5f3ee2,50%,2,2,4,0,0,2,2
0x7aac63,96.1538%,2,50,52,0,0,2,50
0x63d005,75%,2,6,8,0,0,2,6
0x5983f2,93.75%,2,30,32,26,2,0,4
0x63cfc4,99.2218%,2,255,257,255,1,1,0
0x7b0393,96.1538%,2,50,52,0,0,2,50
0x5ea8ae,96.1538%,2,50,52,50,0,2,0
0x76d5ae,96.1538%,2,50,52,50,0,2,0
0x650630,0%,2,0,2,0,2,0,0
0x643863,0%,2,0,2,0,0,2,0
0x8beeda,99.0385%,2,206,208,206,2,0,0
0x6333c2,0%,2,0,2,0,0,2,0
0x63cdf9,99.2218%,2,255,257,0,0,2,255
0x6507e8,97.5%,2,78,80,0,0,2,78
0x67a59c,75%,2,6,8,6,2,0,0
0x6449cf,0%,2,0,2,0,0,2,0
0x7aaa61,0%,2,0,2,0,0,2,0
0x639e28,75%,2,6,8,6,0,2,0
0x7ed6c1,0%,2,0,2,0,0,2,0
0x64b61a,0%,2,0,2,0,0,2,0
0x64ae3c,96.1538%,2,50,52,0,0,2,50
0x646ae4,0%,2,0,2,0,0,2,0
0x761343,66.6667%,2,4,6,4,2,0,0
0x650a39,0%,2,0,2,0,2,0,0
0x6337ad,0%,2,0,2,0,0,2,0
0x616d94,96.1538%,2,50,52,0,0,2,50
0x63ad05,75%,2,6,8,6,0,2,0
0x6d88ad,50%,2,2,4,0,0,2,2
0x63a17a,75%,2,6,8,6,0,2,0
0x76047b,0%,2,0,2,0,0,2,0
0x949ffc,0%,2,0,2,0,0,2,0
0x643ce5,96.1538%,2,50,52,50,0,2,0
0x633f52,0%,2,0,2,0,0,2,0
0x67b10d,0%,2,0,2,0,0,2,0
0x644bea,0%,2,0,2,0,0,2,0
0x644bfc,0%,2,0,2,0,0,2,0
0x949bc3,0%,2,0,2,0,0,2,0
0x5e889f,84.6154%,2,11,13,7,1,1,4
0x761f54,66.6667%,2,4,6,0,0,2,4
0x65aa5b,85.7143%,2,12,14,12,0,2,0
0x65381c,96.1538%,2,50,52,0,0,2,50
0x644eba,0%,2,0,2,0,0,2,0
0x7cc319,96.1538%,2,50,52,0,0,2,50
0x644f8f,96.1538%,2,50,52,50,0,2,0
0x66ebc5,96.1538%,2,50,52,0,0,2,50
0x76fe77,0%,2,0,2,0,0,2,0
0x641847,0%,2,0,2,0,0,2,0
0x7cc056,96.1538%,2,50,52,0,0,2,50
0x76ea03,71.4286%,2,5,7,0,1,1,5
0x76ebcb,71.4286%,2,5,7,0,0,2,5
0x6503aa,0%,2,0,2,0,0,2,0
0x76f323,83.3333%,2,10,12,0,0,2,10
0x635db1,0%,2,0,2,0,0,2,0
0x659bcf,0%,2,0,2,0,0,2,0
0x64f94b,0%,2,0,2,0,0,2,0
0x76f40c,85.7143%,2,12,14,0,0,2,12
0x64fdeb,0%,2,0,2,0,2,0,0
0x7b1cf3,0%,2,0,2,0,2,0,0
0x75d114,0%,2,0,2,0,0,2,0
0x7b1d63,0%,2,0,2,0,0,2,0
0x8c5f5a,99.9231%,2,2598,2600,0,0,2,2598
0x7651fd,0%,2,0,2,0,2,0,0
0x7726ec,75%,2,6,8,6,0,2,0
0x64a8bc,99.9231%,2,2598,2600,0,0,2,2598
0x42a2ac,0%,2,0,2,0,0,2,0
0x8c1fa1,0%,2,0,2,0,0,2,0
0x639674,0%,2,0,2,0,0,2,0
0x62eb3e,0%,2,0,2,0,0,2,0
0x5ed21e,0%,2,0,2,0,0,2,0
0x6408a9,0%,2,0,2,0,0,2,0
0x76dac2,95.4545%,2,42,44,0,0,2,42
0x65973c,0%,2,0,2,0,0,2,0
0x960e0e,98.7421%,2,157,159,157,2,0,0
0xa30839,99.9902%,2,20357,20359,20357,2,0,0
0x65b0c1,75%,2,6,8,6,0,2,0
0x7cf732,0%,2,0,2,0,2,0,0
0x63ee40,0%,2,0,2,0,0,2,0
0xa24bd5,98.4%,2,123,125,0,0,2,123
0x645474,0%,2,0,2,0,0,2,0
0x64723c,0%,2,0,2,0,0,2,0
0x5f41a5,50%,2,2,4,0,0,2,2
0x8bf04e,96.1538%,2,50,52,50,0,2,0
0x64b6c4,97.5%,2,78,80,78,0,2,0
0x65710f,0%,2,0,2,0,0,2,0
0x67a8de,0%,2,0,2,0,0,2,0
0x655247,90%,2,18,20,18,2,0,0
0x6da44d,0%,2,0,2,0,0,2,0
0x7cfd14,0%,2,0,2,0,2,0,0
0xa76a40,99.9906%,2,21276,21278,0,0,2,21276
0x65a5fa,0%,2,0,2,0,0,2,0
0x76e11d,0%,2,0,2,0,2,0,0
0x64c816,0%,2,0,2,0,0,2,0
0x63ac0c,0%,2,0,2,0,0,2,0
0xa76a24,99.9906%,2,21276,21278,0,0,2,21276
0x7edd70,0%,2,0,2,0,0,2,0
0x5a6378,50%,2,2,4,2,2,0,0
0x64d689,0%,2,0,2,0,0,2,0
0x646642,0%,2,0,2,0,0,2,0
0x64664a,0%,2,0,2,0,0,2,0
0x64fe05,0%,2,0,2,0,2,0,0
0x8c6ad7,98%,2,98,100,0,0,2,98
0xa7849b,0%,2,0,2,0,2,0,0
0x67a160,0%,2,0,2,0,0,2,0
0x9e1618,75%,2,6,8,0,0,2,6
0x646c14,96.1538%,2,50,52,50,0,2,0
0xa78555,99.9751%,2,8022,8024,0,0,2,8022
0x646c58,0%,2,0,2,0,0,2,0
0x658ac3,96.1538%,2,50,52,0,0,2,50
0x75cfae,0%,2,0,2,0,0,2,0
0x6544e9,99.9765%,2,8519,8521,0,0,2,8519
0x643e42,99.9231%,2,2598,2600,0,0,2,2598
0x647213,0%,2,0,2,0,0,2,0
0x647245,0%,2,0,2,0,0,2,0
0x65fc5b,99.0385%,2,206,208,206,2,0,0
0x645848,0%,2,0,2,0,0,2,0
0x76fdef,50%,2,2,4,2,0,2,0
0x656e65,0%,2,0,2,0,0,2,0
0x76fe3a,50%,2,2,4,2,2,0,0
0x67a108,75%,2,6,8,0,0,2,6
0x75d203,0%,2,0,2,0,0,2,0
0x9e16d7,97.9167%,2,94,96,94,2,0,0
0x64d2d7,99.5%,2,398,400,398,2,0,0
0x7cf412,0%,2,0,2,0,0,2,0
0x76f7c9,66.6667%,2,4,6,0,0,2,4
0x8c4bf6,99.9231%,2,2598,2600,0,0,2,2598
0x633311,0%,2,0,2,0,0,2,0
0x8bf78f,96.1538%,2,50,52,50,0,2,0
0x7c8d4b,0%,2,0,2,0,0,2,0
0x63e33f,75%,2,6,8,0,0,2,6
0x65a782,0%,2,0,2,0,0,2,0
0x7e70ed,0%,2,0,2,0,2,0,0
0x65a8f9,0%,2,0,2,0,0,2,0
0x774962,96.1538%,2,50,52,50,0,2,0
0x633362,0%,2,0,2,0,0,2,0
0x685ad4,0%,2,0,2,0,0,2,0
0x646047,0%,2,0,2,0,0,2,0
0xa2b798,75%,1,3,4,0,0,1,3
0x64cd43,98.75%,1,79,80,0,0,1,79
0x9619eb,50%,1,1,2,0,0,1,1
0x7bc88c,98.0769%,1,51,52,51,1,0,0
0x7cba69,98.0769%,1,51,52,0,0,1,51
0x66f4f7,50%,1,1,2,0,0,1,1
0x76154b,50%,1,1,2,0,0,1,1
0x5ea3cc,50%,1,1,2,0,0,1,1
0x94a11d,50%,1,1,2,1,1,0,0
0x65a84b,50%,1,1,2,0,0,1,1
0x928a35,99.3711%,1,158,159,0,0,1,158
0x404c15,95.4545%,1,21,22,21,1,0,0
0x635acb,50%,1,1,2,0,0,1,1
0x763149,50%,1,1,2,0,0,1,1
0x5f2527,50%,1,1,2,0,0,1,1
0x618d83,99.9855%,1,6915,6916,0,0,1,6915
0x6851f9,50%,1,1,2,0,0,1,1
0xa3a620,75%,1,3,4,0,0,1,3
0x7cc676,98.0769%,1,51,52,0,0,1,51
0x7b3aff,50%,1,1,2,1,1,0,0
0x682235,50%,1,1,2,0,0,1,1
0x67a346,50%,1,1,2,0,0,1,1
0x760f3d,50%,1,1,2,0,0,1,1
0x7b0d61,98.0769%,1,51,52,51,1,0,0
0x761d03,97.7273%,1,43,44,0,0,1,43
0x5ed153,98.0769%,1,51,52,0,0,1,51
0x681fd1,75%,1,3,4,0,0,1,3
0x63ef3a,50%,1,1,2,0,0,1,1
0x68229a,50%,1,1,2,1,1,0,0
0x8bfcdc,50%,1,1,2,0,0,1,1
0x60353f,93.75%,1,15,16,0,0,1,15
0x4a447d,75%,1,3,4,3,1,0,0
0x62ea7e,50%,1,1,2,0,0,1,1
0x65989c,50%,1,1,2,0,0,1,1
0x404b90,92.8571%,1,13,14,0,0,1,13
0x7ca9d9,50%,1,1,2,0,0,1,1
0x614fc5,99.3421%,1,151,152,0,0,1,151
0x7cd046,98.0769%,1,51,52,51,1,0,0
0x63a729,87.5%,1,7,8,0,0,1,7
0x6170d6,50%,1,1,2,0,0,1,1
0x6490c2,92.8571%,1,13,14,0,0,1,13
0x5ed1bb,98.0769%,1,51,52,51,1,0,0
0x63306d,50%,1,1,2,0,0,1,1
0x8becc7,50%,1,1,2,0,0,1,1
0xa43c33,99.9906%,1,10624,10625,0,0,1,10624
0x76b763,97.7273%,1,43,44,0,0,1,43
0x76a353,97.619%,1,41,42,0,0,1,41
0x8c1778,50%,1,1,2,0,0,1,1
0x75e59b,50%,1,1,2,0,0,1,1
0x614bbe,99.9855%,1,6915,6916,0,0,1,6915
0x634944,50%,1,1,2,0,0,1,1
0x5f1349,50%,1,1,2,0,0,1,1
0x9fb58a,99.6169%,1,260,261,260,1,0,0
0x760eac,50%,1,1,2,0,0,1,1
0x62eafe,50%,1,1,2,0,0,1,1
0x605cbf,95.4545%,1,21,22,0,0,1,21
0x5f616b,97.3684%,1,37,38,0,0,1,37
0x5982ec,99.0385%,1,103,104,0,0,1,103
0x63f2bb,50%,1,1,2,0,0,1,1
0x5ed4ef,50%,1,1,2,0,0,1,1
0x7cc041,98.0769%,1,51,52,0,0,1,51
0x618f04,99.9855%,1,6915,6916,0,0,1,6915
0x761b17,50%,1,1,2,0,0,1,1
0x65a02d,50%,1,1,2,1,1,0,0
0x75f983,50%,1,1,2,0,0,1,1
0x95ac4c,50%,1,1,2,0,0,1,1
0x75f88d,50%,1,1,2,0,0,1,1
0x66752b,98.0769%,1,51,52,0,0,1,51
0x75f366,50%,1,1,2,1,1,0,0
0x769aea,75%,1,3,4,0,0,1,3
0x7cc525,50%,1,1,2,0,0,1,1
0x614d7d,99.9855%,1,6915,6916,0,0,1,6915
0x76b748,97.7273%,1,43,44,0,0,1,43
0x6571b0,50%,1,1,2,0,0,1,1
0xa31cc4,99.9906%,1,10624,10625,0,0,1,10624
0x7cbd08,98.0769%,1,51,52,0,0,1,51
0x7b1cb8,50%,1,1,2,1,1,0,0
0x76dc93,50%,1,1,2,0,0,1,1
0x75d714,87.5%,1,7,8,5,1,0,2
0x755dfd,99.5192%,1,207,208,0,0,1,207
0x76ddb9,97.619%,1,41,42,0,0,1,41
0x76dff7,50%,1,1,2,0,0,1,1
0x7ce49b,98%,1,49,50,0,0,1,49
0x62f9b4,50%,1,1,2,0,0,1,1
0x5e8de3,97.1429%,1,34,35,34,1,0,0
0x75d629,50%,1,1,2,0,0,1,1
0x6398e3,50%,1,1,2,0,0,1,1
0x75d5d6,50%,1,1,2,0,0,1,1
0x7b27d3,98.0769%,1,51,52,0,0,1,51
0x773413,98.0769%,1,51,52,0,0,1,51
0x5e9b98,50%,1,1,2,0,0,1,1
0x6f3e71,50%,1,1,2,0,0,1,1
0x648bd7,50%,1,1,2,0,0,1,1
0x5a32af,50%,1,1,2,1,1,0,0
0x593cb9,87.5%,1,7,8,0,0,1,7
0x7b44c4,50%,1,1,2,0,0,1,1
0x64fd17,50%,1,1,2,0,0,1,1
0x64f695,50%,1,1,2,0,0,1,1
0xa0eeb6,99.9866%,1,7435,7436,0,0,1,7435
0x76f60f,92.8571%,1,13,14,13,0,1,0
0x76f62a,0%,1,0,1,0,0,1,0
0x76f64f,0%,1,0,1,0,1,0,0
0x76f85b,85.7143%,1,6,7,0,1,0,6
0x64baad,50%,1,1,2,0,0,1,1
0x757bb3,98.0769%,1,51,52,0,0,1,51
0x76906b,96.875%,1,31,32,0,0,1,31
0x927356,90%,1,9,10,0,1,0,9
0x769276,91.6667%,1,11,12,0,0,1,11
0x76aeb0,50%,1,1,2,1,1,0,0
0x7693ae,99.0385%,1,103,104,0,0,1,103
0x961497,99.3711%,1,158,159,0,0,1,158
0x7b40d7,50%,1,1,2,1,1,0,0
0x7e8e77,50%,1,1,2,0,0,1,1
0x7b3c45,50%,1,1,2,0,0,1,1
0x598ebf,96.875%,1,31,32,0,0,1,31
0x7ebc6d,50%,1,1,2,1,1,0,0
0x7b3b6e,50%,1,1,2,0,0,1,1
0x65a452,50%,1,1,2,0,0,1,1
0x757be3,98.0769%,1,51,52,0,0,1,51
0x8c0a65,50%,1,1,2,0,0,1,1
0x63d7df,87.5%,1,7,8,0,0,1,7
0x770f36,50%,1,1,2,1,1,0,0
0x5f117e,98.1481%,1,53,54,0,0,1,53
0x5990b6,75%,1,3,4,3,1,0,0
0x598e36,75%,1,3,4,3,1,0,0
0x7d005a,50%,1,1,2,1,1,0,0
0x75d782,50%,1,1,2,0,0,1,1
0x766e06,96.875%,1,31,32,0,0,1,31
0x773146,98.0769%,1,51,52,0,0,1,51
0x608940,50%,1,1,2,1,1,0,0
0x64ec00,96.875%,1,31,32,0,0,1,31
0x7b22bc,50%,1,1,2,0,0,1,1
0x76cb5a,97.7273%,1,43,44,0,0,1,43
0x75fbc3,98.0769%,1,51,52,0,0,1,51
0x766d76,96.875%,1,31,32,0,0,1,31
0x598529,99.0385%,1,103,104,103,1,0,0
0x778c4b,87.5%,1,7,8,7,1,0,0
0x773cbb,98.0769%,1,51,52,51,1,0,0
0x774669,98.0769%,1,51,52,0,0,1,51
0x7cf687,50%,1,1,2,1,1,0,0
0x77826a,96.875%,1,31,32,31,1,0,0
0x778171,87.5%,1,7,8,0,0,1,7
0x641763,50%,1,1,2,0,0,1,1
0x774c19,98.0769%,1,51,52,51,1,0,0
0x7cc13d,50%,1,1,2,1,1,0,0
0x774cff,50%,1,1,2,1,1,0,0
0x6345ec,50%,1,1,2,0,0,1,1
0x5f6620,99.9025%,1,1025,1026,0,0,1,1025
0x95adfe,50%,1,1,2,0,0,1,1
0x6437b1,99.9124%,1,1140,1141,0,0,1,1140
0x95af7c,50%,1,1,2,1,1,0,0
0x634aab,98.0769%,1,51,52,0,0,1,51
0x7aa287,50%,1,1,2,0,0,1,1
0x657af1,50%,1,1,2,0,0,1,1
0x633474,50%,1,1,2,0,0,1,1
0x76b8a3,97.7273%,1,43,44,0,0,1,43
0x64fe1f,50%,1,1,2,1,1,0,0
0x75ccca,98.0769%,1,51,52,0,0,1,51
0x64f62c,50%,1,1,2,0,0,1,1
0x76fb48,85.7143%,1,6,7,0,1,0,6
0x602e17,50%,1,1,2,0,0,1,1
0x769ee3,50%,1,1,2,0,0,1,1
0x763473,50%,1,1,2,0,0,1,1
0x757ac3,98.0769%,1,51,52,0,0,1,51
0x6361b2,50%,1,1,2,0,0,1,1
0x76d589,98.0769%,1,51,52,0,0,1,51
0x5f2353,98.0769%,1,51,52,0,0,1,51
0x8a8938,90%,1,9,10,0,0,1,9
0x762183,50%,1,1,2,0,0,1,1
0x771f2a,50%,1,1,2,1,1,0,0
0x645293,99.9615%,1,2599,2600,0,0,1,2599
0x63edec,50%,1,1,2,0,0,1,1
0x76a528,99.0385%,1,103,104,52,0,1,51
0xa7a72b,99.6109%,1,256,257,0,0,1,256
0x7b45cb,50%,1,1,2,0,0,1,1
0x772903,98.0769%,1,51,52,0,0,1,51
0x772b2f,98.0769%,1,51,52,0,0,1,51
0x7b131e,50%,1,1,2,0,0,1,1
0x927338,88.8889%,1,8,9,0,0,1,8
0x772d5b,50%,1,1,2,1,1,0,0
0x64d1a3,87.5%,1,7,8,0,0,1,7
0x8a001d,50%,1,1,2,0,0,1,1
0x76a6df,50%,1,1,2,1,1,0,0
0x77314e,98.0769%,1,51,52,51,1,0,0
0xa39603,85.7143%,1,6,7,6,1,0,0
0x5f3adf,50%,1,1,2,0,0,1,1
0x7b0cf3,98.0769%,1,51,52,0,0,1,51
0x770061,50%,1,1,2,0,0,1,1
0x769995,99.7596%,1,415,416,0,0,1,415
0x7bc8c1,50%,1,1,2,0,0,1,1
0x7e7bb9,98.0769%,1,51,52,0,0,1,51
0x63f657,50%,1,1,2,0,0,1,1
0x7e7c79,98.0769%,1,51,52,0,0,1,51
0x7cd1ae,50%,1,1,2,1,1,0,0
0xa78466,50%,1,1,2,0,0,1,1
0x8a0c61,50%,1,1,2,0,0,1,1
0x95ae7f,50%,1,1,2,1,1,0,0
0x7b30a8,50%,1,1,2,0,0,1,1
0x7ce680,50%,1,1,2,0,0,1,1
0x7607e0,50%,1,1,2,1,1,0,0
0x65a52d,50%,1,1,2,0,0,1,1
0x5ed32d,50%,1,1,2,0,0,1,1
0x661abc,50%,1,1,2,1,1,0,0
0x760a21,50%,1,1,2,0,0,1,1
0x5f61f7,98.6842%,1,75,76,75,1,0,0
0xa22505,99.9195%,1,1241,1242,1,1,0,1240
0x7ce0f1,98.0769%,1,51,52,51,1,0,0
0x7cdfd1,98.0769%,1,51,52,51,1,0,0
0x62ebbe,50%,1,1,2,0,0,1,1
0x7cdc9f,50%,1,1,2,1,1,0,0
0x7cbf05,50%,1,1,2,0,0,1,1
0x764f92,50%,1,1,2,0,0,1,1
0x7cdb53,98.0769%,1,51,52,0,0,1,51
0x65144b,50%,1,1,2,0,0,1,1
0x7ce1a3,98.0769%,1,51,52,0,0,1,51
0x76507f,50%,1,1,2,0,0,1,1
0x76e86d,83.3333%,1,5,6,4,1,0,1
0x64c3a3,99.75%,1,399,400,0,0,1,399
0x7b0d54,98.0769%,1,51,52,0,0,1,51
0x64d7ae,50%,1,1,2,0,0,1,1
0x7bd288,90%,1,9,10,0,0,1,9
0x76db8f,97.7273%,1,43,44,43,1,0,0
0x6f50a7,50%,1,1,2,0,0,1,1
0x7cb6a4,50%,1,1,2,0,0,1,1
0x7cb5e4,50%,1,1,2,0,0,1,1
0x5ed080,50%,1,1,2,0,0,1,1
0x7e7da3,50%,1,1,2,1,1,0,0
0x7cb493,50%,1,1,2,1,1,0,0
0x607dda,50%,1,1,2,0,0,1,1
0x7d0014,50%,1,1,2,1,1,0,0
0x7aa1b9,50%,1,1,2,0,0,1,1
0x64e03d,50%,1,1,2,0,0,1,1
0x7d0001,50%,1,1,2,0,0,1,1
0x5943a8,99.9644%,1,2807,2808,0,0,1,2807
0x76cf29,50%,1,1,2,0,0,1,1
0x7e719a,50%,1,1,2,1,1,0,0
0x75bb5e,50%,1,1,2,0,0,1,1
0x7cc256,50%,1,1,2,0,0,1,1
0x67b9d7,50%,1,1,2,0,0,1,1
0x768408,99.0385%,1,103,104,0,0,1,103
0x8c1678,83.3333%,1,5,6,5,0,1,0
0x7cf48c,50%,1,1,2,0,0,1,1
0x641e76,50%,1,1,2,0,0,1,1
0x597f24,92.8571%,1,13,14,0,0,1,13
0x760b0a,97.7273%,1,43,44,0,0,1,43
0x778c39,87.5%,1,7,8,0,0,1,7
0x9f9222,50%,1,1,2,0,0,1,1
0x76bc30,50%,1,1,2,0,0,1,1
0x62f3b7,50%,1,1,2,0,0,1,1
0xa3087a,99.9866%,1,7435,7436,0,0,1,7435
0x660d1d,50%,1,1,2,1,1,0,0
0x686ae3,98.0769%,1,51,52,0,0,1,51
0x5e6b6d,50%,1,1,2,0,0,1,1
0x5f4182,75%,1,3,4,0,0,1,3
0x639aba,50%,1,1,2,0,0,1,1
0x67a280,50%,1,1,2,0,0,1,1
0x7cf7da,50%,1,1,2,1,1,0,0
0x76e0ea,50%,1,1,2,0,0,1,1
0x4a3d5b,50%,1,1,2,1,1,0,0
0x6461ff,50%,1,1,2,0,0,1,1
0x403f98,83.3333%,1,5,6,0,0,1,5
0x75d7c4,50%,1,1,2,0,0,1,1
0x7628ad,83.3333%,1,5,6,0,0,1,5
0x404941,83.3333%,1,5,6,0,0,1,5
0x65b26f,50%,1,1,2,0,0,1,1
0x7cc44d,50%,1,1,2,1,1,0,0
0x6f54da,50%,1,1,2,1,1,0,0
0xa3a484,75%,1,3,4,3,0,1,0
0x59897a,97.9167%,1,47,48,47,1,0,0
0x929818,99.2%,1,124,125,0,0,1,124
0x8c434c,99.9615%,1,2599,2600,0,0,1,2599
0x63583f,50%,1,1,2,0,0,1,1
0x76af83,50%,1,1,2,0,0,1,1
0x63132c,98.0769%,1,51,52,0,0,1,51
0x7cd871,98.0769%,1,51,52,51,1,0,0
0x7cd813,98.0769%,1,51,52,0,0,1,51
0x95a6d6,50%,1,1,2,0,0,1,1
0x7653cf,50%,1,1,2,0,0,1,1
0xa90dcd,75%,1,3,4,0,0,1,3
0x641d09,50%,1,1,2,0,0,1,1
0x7cd761,98.0769%,1,51,52,51,1,0,0
0x75fc9d,50%,1,1,2,0,0,1,1
0x6357d2,50%,1,1,2,0,0,1,1
0x7cd4ac,98.0769%,1,51,52,0,0,1,51
0x95a7b3,50%,1,1,2,1,1,0,0
0x766060,75%,1,3,4,0,0,1,3
0x656fe1,50%,1,1,2,0,0,1,1
0x8c123c,50%,1,1,2,0,0,1,1
0x7c88ef,50%,1,1,2,0,0,1,1
0x6086eb,50%,1,1,2,0,0,1,1
0x6330c4,50%,1,1,2,0,0,1,1
0x926575,87.5%,1,7,8,7,1,0,0
0x640ff9,87.5%,1,7,8,5,1,0,2
0x5a62f6,75%,1,3,4,0,0,1,3
0x640b28,50%,1,1,2,0,0,1,1
0x766ece,96.875%,1,31,32,0,0,1,31
0x618ddf,99.9855%,1,6915,6916,0,0,1,6915
0x6f5508,50%,1,1,2,1,1,0,0
0x76b1e1,99.2063%,1,125,126,0,0,1,125
0x767295,93.75%,1,15,16,0,0,1,15
0x76744a,93.75%,1,15,16,0,0,1,15
0x659526,50%,1,1,2,0,0,1,1
0x65343e,50%,1,1,2,0,0,1,1
0x6399a2,50%,1,1,2,0,0,1,1
0x630358,50%,1,1,2,0,0,1,1
0x6470e7,50%,1,1,2,0,0,1,1
0x64561f,50%,1,1,2,0,0,1,1
0x6301ae,50%,1,1,2,0,0,1,1
0x658b7c,50%,1,1,2,0,0,1,1
0x65a56d,50%,1,1,2,0,0,1,1
0x62ff79,50%,1,1,2,0,0,1,1
0x63bad1,98.8636%,1,87,88,0,0,1,87
0xa797cd,99.422%,1,172,173,0,0,1,172
0x6453cc,50%,1,1,2,0,0,1,1
0x5daa74,50%,1,1,2,0,0,1,1
0x645100,50%,1,1,2,0,0,1,1
0x76fd82,99.0385%,1,103,104,103,1,0,0
0x616c23,99.9025%,1,1025,1026,0,0,1,1025
0x8a4b34,50%,1,1,2,0,0,1,1
0x62fdb8,50%,1,1,2,0,0,1,1
0x65358c,99.5192%,1,207,208,0,0,1,207
0x961395,99.3711%,1,158,159,0,0,1,158
0x62fd12,50%,1,1,2,0,0,1,1
0x9fef9e,75%,1,3,4,3,1,0,0
0x62fc2e,50%,1,1,2,0,0,1,1
0x7cd913,98.0769%,1,51,52,0,0,1,51
0x67aa4b,50%,1,1,2,0,0,1,1
0x666303,98.0769%,1,51,52,0,0,1,51
0x644cf9,50%,1,1,2,0,0,1,1
0x62fa19,50%,1,1,2,0,0,1,1
0x62f22d,50%,1,1,2,0,0,1,1
0x6438e8,99.9615%,1,2599,2600,0,0,1,2599
0x646b9f,98.0769%,1,51,52,0,0,1,51
0x9294d7,99.0476%,1,104,105,0,0,1,104
0x66ea57,50%,1,1,2,0,0,1,1
0x65ff1e,99.3289%,1,148,149,148,1,0,0
0x67a491,50%,1,1,2,0,0,1,1
0x6449d4,50%,1,1,2,0,0,1,1
0x641341,50%,1,1,2,0,0,1,1
0x67a652,50%,1,1,2,0,0,1,1
0x766201,75%,1,3,4,0,0,1,3
0x645ceb,50%,1,1,2,0,0,1,1
0x66a2fc,98.0769%,1,51,52,0,0,1,51
0x630719,50%,1,1,2,0,0,1,1
0xa79f37,99.9985%,1,68782,68783,0,0,1,68782
0x5ed573,98.0769%,1,51,52,0,0,1,51
0x630699,50%,1,1,2,0,0,1,1
0x66a3f0,50%,1,1,2,0,0,1,1
0x65bedc,98.0769%,1,51,52,0,0,1,51
0x8c492a,99.9923%,1,12999,13000,0,0,1,12999
0x645b83,50%,1,1,2,0,0,1,1
0x67b58d,50%,1,1,2,0,0,1,1
0x630569,50%,1,1,2,0,0,1,1
0x630502,50%,1,1,2,0,0,1,1
0x64d5c0,50%,1,1,2,0,0,1,1
0x7aa3d8,98%,1,49,50,0,0,1,49
0x630474,50%,1,1,2,0,0,1,1
0x63044d,50%,1,1,2,0,0,1,1
0x755e1b,99.5192%,1,207,208,0,0,1,207
0x597f6c,98.2143%,1,55,56,0,0,1,55
0x64b601,50%,1,1,2,0,0,1,1
0x64c56d,99.975%,1,3999,4000,0,0,1,3999
0x650b83,50%,1,1,2,1,1,0,0
0x64de88,99.9938%,1,15999,16000,0,0,1,15999
0x64abd1,50%,1,1,2,0,0,1,1
0x67a3e6,50%,1,1,2,0,0,1,1
0x688412,50%,1,1,2,1,1,0,0
0x6701b7,99.5192%,1,207,208,0,0,1,207
0x7d0203,50%,1,1,2,1,1,0,0
0x66fea4,99.5192%,1,207,208,0,0,1,207
0x6579bd,50%,1,1,2,0,0,1,1
0x64b6d1,50%,1,1,2,0,0,1,1
0x65848d,99.8779%,1,818,819,0,0,1,818
0x64d50f,87.5%,1,7,8,6,0,1,1
0x7e80be,98.0769%,1,51,52,0,0,1,51
0x6675a4,98.0769%,1,51,52,0,0,1,51
0x634031,50%,1,1,2,0,0,1,1
0x66f672,87.5%,1,7,8,6,0,1,1
0x643d2b,50%,1,1,2,0,0,1,1
0x8a4a17,50%,1,1,2,0,0,1,1
0x62e8de,50%,1,1,2,0,0,1,1
0xa43d8d,99.9906%,1,10624,10625,0,0,1,10624
0x8c211a,50%,1,1,2,0,0,1,1
0x62e93e,50%,1,1,2,0,0,1,1
0x7b43ec,50%,1,1,2,0,0,1,1
0x639a9b,50%,1,1,2,0,0,1,1
0x63a3c5,50%,1,1,2,0,0,1,1
0x6d9242,93.75%,1,15,16,0,0,1,15
0x64f82c,50%,1,1,2,0,0,1,1
0x5efb06,50%,1,1,2,0,0,1,1
0xa78e6e,50%,1,1,2,0,0,1,1
0x9fef0e,75%,1,3,4,0,0,1,3
0x62f88f,50%,1,1,2,0,0,1,1
0x62f82a,50%,1,1,2,0,0,1,1
0x4293a1,50%,1,1,2,0,0,1,1
0x42a9c7,92.8571%,1,13,14,0,0,1,13
0x62f7ca,50%,1,1,2,0,0,1,1
0x65513d,99.9725%,1,3640,3641,0,0,1,3640
0x649bf1,50%,1,1,2,0,0,1,1
0x62f705,50%,1,1,2,0,0,1,1
0x8c3cb0,99%,1,99,100,0,0,1,99
0x663d64,50%,1,1,2,0,0,1,1
0x65a53f,50%,1,1,2,0,0,1,1
0x630988,50%,1,1,2,0,0,1,1
0x62f625,50%,1,1,2,0,0,1,1
0x4a3f78,50%,1,1,2,1,1,0,0
0x5ea3ef,92.3077%,1,12,13,1,0,1,11
0x64afac,98.0769%,1,51,52,0,0,1,51
0x639b83,50%,1,1,2,0,0,1,1
0x62f311,50%,1,1,2,0,0,1,1
0x7614e8,50%,1,1,2,0,0,1,1
0x772ad3,98.0769%,1,51,52,0,0,1,51
0x6396c3,50%,1,1,2,0,0,1,1
0x6430ad,50%,1,1,2,0,0,1,1
0x62f790,50%,1,1,2,0,0,1,1
0x5949aa,87.5%,1,7,8,7,1,0,0
0x669e43,98.0769%,1,51,52,0,0,1,51
0x64675f,98.0769%,1,51,52,0,0,1,51
0x635673,50%,1,1,2,0,0,1,1
0x593c67,87.5%,1,7,8,0,0,1,7
0x63aa83,50%,1,1,2,0,0,1,1
0x606050,96.1538%,1,25,26,0,0,1,25
0x66b16f,50%,1,1,2,0,0,1,1
0x66af38,50%,1,1,2,0,0,1,1
0x66af0c,98.0769%,1,51,52,0,0,1,51
0x65ac78,92.8571%,1,13,14,0,0,1,13
0x66ac57,50%,1,1,2,0,0,1,1
0x66ac52,87.5%,1,7,8,5,1,0,2
0x8bf1f6,99%,1,99,100,0,0,1,99
0x8bf02f,98.0769%,1,51,52,0,0,1,51
0x6591b3,50%,1,1,2,0,0,1,1
0x67ba05,50%,1,1,2,0,0,1,1
0x63cde7,99.6109%,1,256,257,0,0,1,256
0x63825b,99.6109%,1,256,257,0,0,1,256
0x649998,50%,1,1,2,0,0,1,1
0x67a98f,50%,1,1,2,0,0,1,1
0x66a9a5,50%,1,1,2,0,0,1,1
0x5f2c33,50%,1,1,2,1,1,0,0
0x64b323,98.0769%,1,51,52,0,0,1,51
0x65ae4d,50%,1,1,2,0,0,1,1
0x61c474,50%,1,1,2,1,1,0,0
0x66a7dd,50%,1,1,2,0,0,1,1
0x76a659,50%,1,1,2,0,0,1,1
0x66a51c,98.0769%,1,51,52,0,0,1,51
0x8c2072,50%,1,1,2,0,0,1,1
0x65af1a,50%,1,1,2,0,0,1,1
0x63516f,50%,1,1,2,0,0,1,1
0x633031,50%,1,1,2,0,0,1,1
0x8c0556,50%,1,1,2,0,0,1,1
0x8bec44,98.0769%,1,51,52,0,0,1,51
0x62fcf3,50%,1,1,2,0,0,1,1
0x631622,50%,1,1,2,0,0,1,1
0x8c4c44,99.9615%,1,2599,2600,0,0,1,2599
0x635350,50%,1,1,2,0,0,1,1
0x63bd23,99.5192%,1,207,208,0,0,1,207
0x65a9e3,92.8571%,1,13,14,0,0,1,13
0x6523b8,99.9878%,1,8202,8203,0,0,1,8202
0x62f5db,50%,1,1,2,0,0,1,1
0x8c0456,50%,1,1,2,1,1,0,0
0x649815,50%,1,1,2,0,0,1,1
0x65a057,50%,1,1,2,1,1,0,0
0x634da1,50%,1,1,2,0,0,1,1
0x634f3e,50%,1,1,2,0,0,1,1
0x8c0442,50%,1,1,2,0,0,1,1
0x9610a3,99.3711%,1,158,159,0,0,1,158
0x75fbe2,98.0769%,1,51,52,51,1,0,0
0x634d0c,50%,1,1,2,0,0,1,1
0x6356ba,50%,1,1,2,0,0,1,1
0x8bff23,99.9753%,1,4045,4046,4045,1,0,0
0x63f27d,50%,1,1,2,0,0,1,1
0x66b77c,98.0769%,1,51,52,0,0,1,51
0x642015,50%,1,1,2,0,0,1,1
0x64b13e,50%,1,1,2,0,0,1,1
0x8bf223,99%,1,99,100,99,1,0,0
0x65aae3,96.875%,1,31,32,0,0,1,31
0x630f24,50%,1,1,2,0,0,1,1
0x66a26f,50%,1,1,2,1,1,0,0
0x6312ac,98.0769%,1,51,52,0,0,1,51
0x647241,50%,1,1,2,0,0,1,1
0x661c25,50%,1,1,2,1,1,0,0
0x75752d,98.913%,1,91,92,0,0,1,91
0x635c61,50%,1,1,2,0,0,1,1
0x75d9a5,50%,1,1,2,0,0,1,1
0x639bf8,99%,1,99,100,0,0,1,99
0xa79031,99.9259%,1,1349,1350,0,0,1,1349
0x5ecdcd,98.0769%,1,51,52,0,0,1,51
0x64617f,98.0769%,1,51,52,0,0,1,51
0x66e2d7,50%,1,1,2,0,0,1,1
0x630ff7,98.0769%,1,51,52,0,0,1,51
0x630f80,50%,1,1,2,0,0,1,1
0x63136a,98.0769%,1,51,52,0,0,1,51
0x685204,50%,1,1,2,0,0,1,1
0x7cffdb,50%,1,1,2,0,0,1,1
0x63f574,50%,1,1,2,0,0,1,1
0x959e22,98.0769%,1,51,52,0,0,1,51
0x8c53e3,99.9615%,1,2599,2600,0,0,1,2599
0x63ad18,50%,1,1,2,0,0,1,1
0x7733a2,98.0769%,1,51,52,0,0,1,51
0x64609e,50%,1,1,2,0,0,1,1
0x598ad4,98.9583%,1,95,96,0,0,1,95
0x64a8e5,99%,1,99,100,0,0,1,99
0x665b33,98.0769%,1,51,52,0,0,1,51
0x67b0d9,50%,1,1,2,0,0,1,1
0x63ed44,50%,1,1,2,0,0,1,1
0x8c2127,50%,1,1,2,0,0,1,1
0x6415c5,50%,1,1,2,0,0,1,1
0x8be9a8,50%,1,1,2,1,1,0,0
0x5f41c3,75%,1,3,4,3,1,0,0
0x646f7e,50%,1,1,2,0,0,1,1
0x6599fa,98.0769%,1,51,52,0,0,1,51
0x7af874,50%,1,1,2,0,0,1,1
0x656ca2,50%,1,1,2,0,0,1,1
0x646c54,50%,1,1,2,0,0,1,1
0x7b13b1,98.0769%,1,51,52,0,0,1,51
0x646bb5,99.9615%,1,2599,2600,0,0,1,2599
0x66e158,50%,1,1,2,0,0,1,1
0x75d7d0,50%,1,1,2,1,1,0,0
0x63a187,50%,1,1,2,0,0,1,1
0x76758e,93.75%,1,15,16,0,0,1,15
0x646932,50%,1,1,2,0,0,1,1
0x63870c,99.6109%,1,256,257,0,0,1,256
0x7e8442,98.0769%,1,51,52,0,0,1,51
0x63155b,94.4444%,1,17,18,0,0,1,17
0x66e3f7,50%,1,1,2,0,0,1,1
0x40526d,83.3333%,1,5,6,5,1,0,0
0x63a119,87.5%,1,7,8,0,0,1,7
0x631448,50%,1,1,2,0,0,1,1
0x64f9b5,50%,1,1,2,0,0,1,1
0x7e8482,98.0769%,1,51,52,0,0,1,51
0x757af3,98.0769%,1,51,52,0,0,1,51
0x768b59,96.875%,1,31,32,0,0,1,31
0x64667b,50%,1,1,2,0,0,1,1
0x5f0752,50%,1,1,2,0,0,1,1
0x630c1f,50%,1,1,2,0,0,1,1
0x5e6107,50%,1,1,2,0,0,1,1
0x647274,50%,1,1,2,0,0,1,1
0x5da6d6,98.0769%,1,51,52,0,0,1,51
0xa765c8,98.0769%,1,51,52,0,0,1,51
0x5da31a,75%,1,3,4,2,0,1,1
0x5da276,50%,1,1,2,0,0,1,1
0x8c2094,50%,1,1,2,0,0,1,1
0x5f05f5,50%,1,1,2,0,0,1,1
0x686f07,50%,1,1,2,0,0,1,1
0x64bb48,50%,1,1,2,0,0,1,1
0xa3979b,85.7143%,1,6,7,6,1,0,0
0x590c38,87.5%,1,7,8,0,0,1,7
0x633e0f,50%,1,1,2,0,0,1,1
0x614de6,99.9855%,1,6915,6916,6915,1,0,0
0x658cb9,50%,1,1,2,1,1,0,0
0x6384ad,99.6109%,1,256,257,0,0,1,256
0x8c3aa2,99%,1,99,100,0,0,1,99
0x593ce0,87.5%,1,7,8,0,0,1,7
0x7cde63,98.0769%,1,51,52,0,0,1,51
0x590a45,87.5%,1,7,8,0,0,1,7
0x63a6c4,50%,1,1,2,0,0,1,1
0x5ed2c3,98.0769%,1,51,52,0,0,1,51
0x5efb3a,50%,1,1,2,0,0,1,1
0x659479,50%,1,1,2,0,0,1,1
0x661aec,50%,1,1,2,1,1,0,0
0x5e96fd,98.1481%,1,53,54,0,0,1,53
0x89faa2,50%,1,1,2,0,0,1,1
0x64abbf,50%,1,1,2,0,0,1,1
0x636d9f,99.6109%,1,256,257,0,0,1,256
0x6386b1,99.6109%,1,256,257,0,0,1,256
0xa76a32,99.9953%,1,21277,21278,0,0,1,21277
0x64165b,50%,1,1,2,0,0,1,1
0x9f4f31,99.6169%,1,260,261,0,0,1,260
0x75826e,98.0769%,1,51,52,0,0,1,51
0x659f58,50%,1,1,2,1,1,0,0
0x66eeac,99.9167%,1,1199,1200,0,0,1,1199
0x64493a,50%,1,1,2,0,0,1,1
0x65be62,50%,1,1,2,0,0,1,1
0x5e7e99,92.3077%,1,12,13,0,0,1,12
0x608f38,99.5495%,1,221,222,0,0,1,221
0x7cc75d,50%,1,1,2,1,1,0,0
0x646970,50%,1,1,2,0,0,1,1
0x66a6ac,98.0769%,1,51,52,0,0,1,51
0x5e79b0,91.6667%,1,11,12,0,0,1,11
0x5e770b,92.3077%,1,12,13,0,0,1,12
0x64aba0,50%,1,1,2,0,0,1,1
0x646f49,50%,1,1,2,0,0,1,1
0x63b323,50%,1,1,2,0,0,1,1
0x5ea629,99.5192%,1,207,208,207,1,0,0
0x9fb59e,99.6169%,1,260,261,260,1,0,0
0x9e19de,50%,1,1,2,0,0,1,1
0x6590d6,50%,1,1,2,0,0,1,1
0x8c1fb0,50%,1,1,2,0,0,1,1
0x67ac28,50%,1,1,2,0,0,1,1
0x9e1939,50%,1,1,2,0,0,1,1
0x5e6e62,50%,1,1,2,0,0,1,1
0x62f9df,50%,1,1,2,0,0,1,1
0x5f1b9a,99.9434%,1,1766,1767,1766,1,0,0
0x5f39be,96.6667%,1,29,30,0,0,1,29
0x660ab6,50%,1,1,2,1,1,0,0
0x5f4e68,75%,1,3,4,0,0,1,3
0x5f4d1b,98.1481%,1,53,54,0,0,1,53
0x5f4cdb,98.1481%,1,53,54,0,0,1,53
0x5f4c8b,98.1481%,1,53,54,0,0,1,53
0x6d926f,99.4444%,1,179,180,179,1,0,0
0x9fb5c1,99.6169%,1,260,261,260,1,0,0
0x5f3c87,75%,1,3,4,0,0,1,3
0x5e90ab,50%,1,1,2,1,1,0,0
0x644a63,98.0769%,1,51,52,0,0,1,51
0x648f97,50%,1,1,2,0,0,1,1
0x8a00b2,50%,1,1,2,1,1,0,0
0x64e382,90%,1,9,10,0,0,1,9
0x5f4b8b,75%,1,3,4,0,0,1,3
0x67b974,50%,1,1,2,0,0,1,1
0x5f4b41,98.6301%,1,72,73,0,0,1,72
0x5e4ecb,97.3684%,1,37,38,0,0,1,37
0x8c03cd,50%,1,1,2,0,0,1,1
0x7cf2b8,99.0385%,1,103,104,51,1,0,52
0x8c103d,99%,1,99,100,0,0,1,99
0x5f47f4,75%,1,3,4,0,0,1,3
0x9288ab,99.9712%,1,3471,3472,0,0,1,3471
0x67b5e8,50%,1,1,2,0,0,1,1
0x5f4201,80%,1,4,5,1,0,1,3
0x5f4085,75%,1,3,4,3,1,0,0
0x8bf52a,50%,1,1,2,0,0,1,1
0x5f2f6b,50%,1,1,2,1,1,0,0
0x7a8e1a,75%,1,3,4,0,0,1,3
0x64ab86,50%,1,1,2,0,0,1,1
0x649bfd,50%,1,1,2,0,0,1,1
0x5f01b3,98%,1,49,50,0,0,1,49
0x766b9d,99.0385%,1,103,104,0,0,1,103
0x641c44,50%,1,1,2,0,0,1,1
0x65a49a,50%,1,1,2,0,0,1,1
0x639201,97.5%,1,39,40,0,0,1,39
0x8c207f,50%,1,1,2,0,0,1,1
0x64638c,50%,1,1,2,0,0,1,1
0x66f6d7,50%,1,1,2,0,0,1,1
0x649a07,50%,1,1,2,0,0,1,1
0x5e9f8f,50%,1,1,2,0,0,1,1
0x5e898c,90.9091%,1,10,11,10,1,0,0
0x62f451,50%,1,1,2,0,0,1,1
0x5f3023,50%,1,1,2,0,0,1,1
0x8c54ae,99%,1,99,100,0,0,1,99
0x5f7430,99.9025%,1,1025,1026,0,0,1,1025
0x659a9f,50%,1,1,2,0,0,1,1
0x5f6a87,97.3684%,1,37,38,0,0,1,37
0x6616b6,50%,1,1,2,1,1,0,0
0x5f3331,99.6711%,1,303,304,303,1,0,0
0x9280ab,99.9895%,1,9486,9487,9486,1,0,0
0xa796cd,50%,1,1,2,0,0,1,1
0x62fac3,50%,1,1,2,0,0,1,1
0x660376,50%,1,1,2,1,1,0,0
0x5f150b,99.9494%,1,1975,1976,0,0,1,1975
0x63869f,99.6109%,1,256,257,0,0,1,256
0x75d679,50%,1,1,2,0,0,1,1
0x66b0af,50%,1,1,2,0,0,1,1
0xa307fa,99.9982%,1,54539,54540,0,0,1,54539
0x608469,94.4444%,1,17,18,0,0,1,17
0x62f4b6,50%,1,1,2,0,0,1,1
0x666203,98.0769%,1,51,52,0,0,1,51
0x63039b,50%,1,1,2,0,0,1,1
0x666023,98.0769%,1,51,52,0,0,1,51
0xa0ee56,99.9985%,1,65755,65756,0,0,1,65755
0x645973,50%,1,1,2,0,0,1,1
0x774083,98.0769%,1,51,52,0,0,1,51
0x96194a,99.3711%,1,158,159,0,0,1,158
0xa22e45,97.0588%,1,33,34,0,0,1,33
0x5f2c13,75%,1,3,4,1,1,0,2
0x65053a,50%,1,1,2,1,1,0,0
0x8bf073,50%,1,1,2,0,0,1,1
0x64a985,99%,1,99,100,0,0,1,99
0x65b644,50%,1,1,2,0,0,1,1
0x64afd7,50%,1,1,2,0,0,1,1
0x6da2dc,75%,1,3,4,0,0,1,3
0x663a7a,50%,1,1,2,0,0,1,1
0x6605ef,50%,1,1,2,1,1,0,0
0x663699,50%,1,1,2,0,0,1,1
0xa78487,50%,1,1,2,0,0,1,1
0x429af0,50%,1,1,2,0,0,1,1
0x62f91a,50%,1,1,2,0,0,1,1
0x635de6,50%,1,1,2,0,0,1,1
0xa78470,50%,1,1,2,0,0,1,1
0x634c4c,50%,1,1,2,0,0,1,1
0x5993ee,95.8333%,1,23,24,0,0,1,23
0x613d45,95.8333%,1,23,24,0,0,1,23
0x6314d4,98.0769%,1,51,52,0,0,1,51
0x7625ca,94.4444%,1,17,18,0,0,1,17
0x63f4cb,50%,1,1,2,0,0,1,1
0x65b74c,50%,1,1,2,0,0,1,1
0x632401,50%,1,1,2,0,0,1,1
0x593c1f,87.5%,1,7,8,0,0,1,7
0x7e7332,98.0769%,1,51,52,0,0,1,51
0x642cbb,50%,1,1,2,0,0,1,1
0x92a601,98.9011%,1,90,91,90,1,0,0
0x64abaa,50%,1,1,2,0,0,1,1
0x66690d,50%,1,1,2,0,0,1,1
0x63f48d,50%,1,1,2,0,0,1,1
0x68834a,50%,1,1,2,0,0,1,1
0x66671f,98.1481%,1,53,54,0,0,1,53
0x4ba168,75%,1,3,4,2,0,1,1
0x769e8c,50%,1,1,2,0,0,1,1
0x5f3e32,75%,1,3,4,0,1,0,3
0x64d693,50%,1,1,2,0,0,1,1
0x64a7dc,99%,1,99,100,99,1,0,0
0x649a2b,50%,1,1,2,0,0,1,1
0x9260b7,98.0769%,1,51,52,0,0,1,51
0x652c3d,99.9794%,1,4846,4847,0,0,1,4846
0x8c49b6,99.9923%,1,12999,13000,0,0,1,12999
0x7cf59d,50%,1,1,2,0,0,1,1
0x949d91,50%,1,1,2,0,0,1,1
0x6332fb,50%,1,1,2,0,0,1,1
0x65adca,50%,1,1,2,0,0,1,1
0x760abe,50%,1,1,2,0,0,1,1
0xa3960d,85.7143%,1,6,7,0,0,1,6
0x60329f,50%,1,1,2,0,0,1,1
0xa7692a,99.9979%,1,47677,47678,0,0,1,47677
0x65248d,99.9878%,1,8202,8203,0,0,1,8202
0x62f855,50%,1,1,2,0,0,1,1
0x7783fe,99.5%,1,199,200,199,1,0,0
0x67a1c9,50%,1,1,2,0,0,1,1
0x648a8f,50%,1,1,2,0,0,1,1
0x76158e,97.7273%,1,43,44,0,0,1,43
0x687d73,98.0769%,1,51,52,0,0,1,51
0x635094,50%,1,1,2,0,0,1,1
0x62effe,50%,1,1,2,0,0,1,1
0x687c02,50%,1,1,2,0,0,1,1
0x5ac4fa,50%,1,1,2,1,1,0,0
0x687905,75%,1,3,4,1,1,0,2
0x67b768,50%,1,1,2,0,0,1,1
0x4a29f3,83.3333%,1,5,6,0,0,1,5
0x8c686e,99%,1,99,100,99,1,0,0
0x76fd77,99.0385%,1,103,104,0,0,1,103
0x5e9af1,50%,1,1,2,1,1,0,0
0x76f6fb,0%,1,0,1,0,1,0,0
0x5e990e,98.0769%,1,51,52,0,0,1,51
0x5ed53c,98.0769%,1,51,52,0,0,1,51
0x65a5e1,50%,1,1,2,0,0,1,1
0x669de3,98.0769%,1,51,52,0,0,1,51
0x667a33,98.0769%,1,51,52,0,0,1,51
0x5e8f29,50%,1,1,2,0,0,1,1
0x63edb4,50%,1,1,2,0,0,1,1
0x658b5a,50%,1,1,2,0,0,1,1
0x5d3c80,98.7805%,1,81,82,81,1,0,0
0x96147d,99.3711%,1,158,159,158,1,0,0
0x64bbe8,50%,1,1,2,0,0,1,1
0x641b87,50%,1,1,2,0,0,1,1
0x661b05,50%,1,1,2,0,0,1,1
0x66640c,50%,1,1,2,0,0,1,1
0x8a0130,50%,1,1,2,0,0,1,1
0x63ed60,50%,1,1,2,0,0,1,1
0x66e397,50%,1,1,2,0,0,1,1
0x63ed7c,50%,1,1,2,0,0,1,1
0x63ed98,50%,1,1,2,0,0,1,1
0x8c39b0,99.9667%,1,2999,3000,0,0,1,2999
0x66a88c,98.0769%,1,51,52,0,0,1,51
0x6416ce,87.5%,1,7,8,6,0,1,1
0x8c3a66,99.9667%,1,2999,3000,0,0,1,2999
0x89fe70,50%,1,1,2,0,0,1,1
0x772a0f,50%,1,1,2,0,0,1,1
0x6333fa,50%,1,1,2,0,0,1,1
0x928266,99.2248%,1,128,129,0,0,1,128
0x63ee78,50%,1,1,2,0,0,1,1
0x6407fa,50%,1,1,2,0,0,1,1
0x59877b,99.9199%,1,1247,1248,0,0,1,1247
0x679fd1,50%,1,1,2,0,0,1,1
0x5f4dfb,75%,1,3,4,0,0,1,3
0x632e61,50%,1,1,2,0,0,1,1
0xa24399,99.802%,1,504,505,504,1,0,0
0x63a4c9,87.5%,1,7,8,0,0,1,7
0x761cab,50%,1,1,2,0,0,1,1
0x6607fb,50%,1,1,2,1,1,0,0
0x63ae53,91.6667%,1,11,12,0,0,1,11
0x65addd,50%,1,1,2,0,0,1,1
0x639444,50%,1,1,2,0,0,1,1
0x64c5ca,99.975%,1,3999,4000,0,0,1,3999
0x62330e,90%,1,9,10,0,0,1,9
0x6459d2,50%,1,1,2,0,0,1,1
0x65fc1c,97.0588%,1,33,34,0,0,1,33
0x644175,98.0769%,1,51,52,51,1,0,0
0x65f9ad,50%,1,1,2,0,0,1,1
0x63a8ba,87.5%,1,7,8,0,0,1,7
0x75cd3d,50%,1,1,2,0,0,1,1
0x75d8d6,97.7273%,1,43,44,0,0,1,43
0x6340e5,50%,1,1,2,0,0,1,1
0x636c5b,99.2063%,1,125,126,0,0,1,125
0x65ebf8,99.9615%,1,2599,2600,0,0,1,2599
0x6312d2,50%,1,1,2,0,0,1,1
0x8c4c51,99.9615%,1,2599,2600,2599,1,0,0
0x7bc8e2,50%,1,1,2,0,0,1,1
0x598756,99.9199%,1,1247,1248,0,0,1,1247
0x64693b,50%,1,1,2,0,0,1,1
0x42b911,87.5%,1,7,8,7,1,0,0
0x65df4a,99%,1,99,100,0,0,1,99
0x64c7ca,50%,1,1,2,0,0,1,1
0x639f7a,87.5%,1,7,8,0,0,1,7
0x642a40,50%,1,1,2,0,0,1,1
0x763293,50%,1,1,2,0,0,1,1
0x64b67f,50%,1,1,2,0,0,1,1
0x75d12d,50%,1,1,2,0,0,1,1
0x6331fb,98.0769%,1,51,52,0,0,1,51
0x76cc07,98.8636%,1,87,88,44,0,1,43
0x67b1c9,50%,1,1,2,0,0,1,1
0x657330,50%,1,1,2,0,0,1,1
0x657313,50%,1,1,2,0,0,1,1
0x66601b,87.5%,1,7,8,6,0,1,1
0x67b168,50%,1,1,2,0,0,1,1
0x6486c3,50%,1,1,2,0,0,1,1
0x634f6c,50%,1,1,2,0,0,1,1
0x67b02e,87.5%,1,7,8,7,1,0,0
0x6571e0,50%,1,1,2,0,0,1,1
0x657143,50%,1,1,2,0,0,1,1
0x67af38,87.5%,1,7,8,0,0,1,7
0x665d82,50%,1,1,2,0,0,1,1
0x7cffee,50%,1,1,2,0,0,1,1
0x67ae9e,87.5%,1,7,8,7,1,0,0
0x67add9,50%,1,1,2,0,0,1,1
0x618003,99.9747%,1,3951,3952,0,0,1,3951
0x67ad85,87.5%,1,7,8,5,1,0,2
0x656e20,50%,1,1,2,0,0,1,1
0x67ace8,50%,1,1,2,0,0,1,1
0x656cc3,50%,1,1,2,0,0,1,1
0x7cc215,50%,1,1,2,0,0,1,1
0x62e8fe,50%,1,1,2,0,0,1,1
0x660d34,50%,1,1,2,1,1,0,0
0x949fa0,87.5%,1,7,8,7,1,0,0
0x64d5b3,87.5%,1,7,8,6,0,1,1
0x7731fd,98.0769%,1,51,52,0,0,1,51
0x7b35a0,50%,1,1,2,1,1,0,0
0x6400a6,50%,1,1,2,0,0,1,1
0x8bf829,50%,1,1,2,1,1,0,0
0x9e15c8,98.9583%,1,95,96,0,0,1,95
0x6428b9,50%,1,1,2,0,0,1,1
0x65a90c,50%,1,1,2,0,0,1,1
0x65cc84,50%,1,1,2,0,0,1,1
0x65cc4a,50%,1,1,2,0,0,1,1
0x8bea3c,50%,1,1,2,1,1,0,0
0x65cc46,50%,1,1,2,0,0,1,1
0x66f5b7,50%,1,1,2,0,0,1,1
0x64452a,98.0769%,1,51,52,0,0,1,51
0x8bee58,98.0769%,1,51,52,0,0,1,51
0x926c1c,92.8571%,1,13,14,0,0,1,13
0x75fa62,50%,1,1,2,0,0,1,1
0x926d2f,87.5%,1,7,8,0,0,1,7
0x657233,50%,1,1,2,0,0,1,1
0x666333,98.0769%,1,51,52,0,0,1,51
0x6411c5,50%,1,1,2,0,0,1,1
0x9261f5,87.5%,1,7,8,0,0,1,7
0x645e19,98.0769%,1,51,52,0,0,1,51
0x658c9b,50%,1,1,2,1,1,0,0
0x64c1e2,50%,1,1,2,0,0,1,1
0x64991c,50%,1,1,2,0,0,1,1
0x9e19ec,50%,1,1,2,0,0,1,1
0x64e392,90%,1,9,10,9,1,0,0
0x65c177,50%,1,1,2,1,1,0,0
0x63950a,50%,1,1,2,0,0,1,1
0x64193e,50%,1,1,2,1,1,0,0
0x632dab,94.4444%,1,17,18,0,0,1,17
0x67ba93,50%,1,1,2,0,0,1,1
0x7574db,98.913%,1,91,92,0,0,1,91
0x65aa19,98.9796%,1,97,98,0,0,1,97
0x64458f,99.9904%,1,10399,10400,10399,1,0,0
0x654552,99.9883%,1,8520,8521,8520,1,0,0
0x64021f,50%,1,1,2,0,0,1,1
0x632cf4,50%,1,1,2,0,0,1,1
0x8c1682,0%,1,0,1,0,0,1,0
0x632b34,50%,1,1,2,0,0,1,1
0x639ea3,50%,1,1,2,0,0,1,1
0x632b02,50%,1,1,2,0,0,1,1
0x95ae18,50%,1,1,2,0,0,1,1
0x67a99c,50%,1,1,2,0,0,1,1
0x5fcafb,98.8636%,1,87,88,87,1,0,0
0x9fb719,99.6139%,1,258,259,258,1,0,0
0x766cdc,75%,1,3,4,0,0,1,3
0x65d5e6,50%,1,1,2,0,0,1,1
0x9f8d5e,99.6169%,1,260,261,0,0,1,260
0x65d5d0,50%,1,1,2,0,0,1,1
0x7cf479,50%,1,1,2,0,0,1,1
0xa39f8c,75%,1,3,4,3,0,1,0
0x650792,50%,1,1,2,1,1,0,0
0x64e189,90%,1,9,10,0,0,1,9
0x7ccc58,50%,1,1,2,0,0,1,1
0x8c201d,50%,1,1,2,0,0,1,1
0x65d003,98.0769%,1,51,52,0,0,1,51
0x621601,87.5%,1,7,8,0,0,1,7
0x76203c,96.875%,1,31,32,0,0,1,31
0x6354fa,50%,1,1,2,0,0,1,1
0x66ead7,50%,1,1,2,0,0,1,1
0x92d5fc,50%,1,1,2,0,0,1,1
0x65c34c,98.0769%,1,51,52,0,0,1,51
0x643b66,50%,1,1,2,0,0,1,1
0xa22c54,99.0476%,1,104,105,104,1,0,0
0xa22c44,99.0476%,1,104,105,0,0,1,104
0xa22ad0,99.8686%,1,760,761,0,0,1,760
0x64f60a,50%,1,1,2,0,0,1,1
0xa0f222,99.9906%,1,10624,10625,0,0,1,10624
0x6349f8,98.0769%,1,51,52,0,0,1,51
0x926d88,87.5%,1,7,8,0,0,1,7
0x6582a2,98.9011%,1,90,91,0,0,1,90
0x65a079,50%,1,1,2,1,1,0,0
0x8a7ca5,90%,1,9,10,0,0,1,9
0x64ecf7,96.875%,1,31,32,0,0,1,31
0x64ed8c,99.8355%,1,607,608,607,1,0,0
0x64f4bc,50%,1,1,2,0,0,1,1
0xa43cb4,99.9906%,1,10624,10625,10624,1,0,0
0x62e85e,50%,1,1,2,0,0,1,1
0x649a3d,50%,1,1,2,0,0,1,1
0xa2e8e0,99.9973%,1,37688,37689,0,0,1,37688
0x59587d,97.619%,1,41,42,41,1,0,0
0x7cf1b3,98.0769%,1,51,52,0,0,1,51
0x688782,50%,1,1,2,0,0,1,1
0x6499c6,50%,1,1,2,0,0,1,1
0x660084,50%,1,1,2,0,0,1,1
0x64fba8,50%,1,1,2,0,0,1,1
0x95b30c,50%,1,1,2,0,0,1,1
0x64fb48,98.75%,1,79,80,0,0,1,79
0x429b51,98.7952%,1,82,83,0,0,1,82
0xa3a3b0,75%,1,3,4,0,1,0,3
0x949cd2,50%,1,1,2,0,0,1,1
0xa3a2dc,75%,1,3,4,3,0,1,0
0x42a848,97.619%,1,41,42,41,1,0,0
0x76ecda,85.7143%,1,6,7,6,1,0,0
0x6da46c,87.5%,1,7,8,0,0,1,7
0x634b1b,90%,1,9,10,0,0,1,9
0x63188d,50%,1,1,2,0,0,1,1
0x6d921a,93.75%,1,15,16,0,0,1,15
0xa0f65c,97.0588%,1,33,34,33,1,0,0
0x681cee,50%,1,1,2,0,0,1,1
0x64f9d4,50%,1,1,2,0,0,1,1
0x6d8dc2,93.75%,1,15,16,0,0,1,15
0x8bf2c0,50%,1,1,2,0,0,1,1
0x65a834,50%,1,1,2,0,0,1,1
0x65b684,50%,1,1,2,0,0,1,1
0x5ed411,98.0769%,1,51,52,0,0,1,51
0x6da2fe,75%,1,3,4,0,0,1,3
0x929250,95%,1,19,20,0,0,1,19
0x64752a,50%,1,1,2,0,0,1,1
0x655239,95%,1,19,20,0,0,1,19
0x7aaccb,98.0769%,1,51,52,0,0,1,51
0x63f619,50%,1,1,2,0,0,1,1
0x64e761,99.9877%,1,8159,8160,0,0,1,8159
0x66ea12,87.5%,1,7,8,6,0,1,1
0x64599d,50%,1,1,2,0,0,1,1
0x64f234,99.9969%,1,32639,32640,32639,1,0,0
0x653a4f,50%,1,1,2,0,0,1,1
0x63f33f,50%,1,1,2,0,0,1,1
0x65930c,50%,1,1,2,0,0,1,1
0x653975,50%,1,1,2,0,0,1,1
0x66ebdc,99.9615%,1,2599,2600,0,0,1,2599
0x67b62e,87.5%,1,7,8,7,1,0,0
0x6535da,50%,1,1,2,0,0,1,1
0x67b528,50%,1,1,2,0,0,1,1
0x653575,98.0769%,1,51,52,0,0,1,51
0x653398,50%,1,1,2,0,0,1,1
0x7cfc4b,50%,1,1,2,1,1,0,0
0x774bd2,98.0769%,1,51,52,0,0,1,51
0x632994,50%,1,1,2,0,0,1,1
0x67b40d,50%,1,1,2,0,0,1,1
0x65328e,50%,1,1,2,0,0,1,1
0x8a89cb,90%,1,9,10,0,0,1,9
0x657d68,50%,1,1,2,0,0,1,1
0x960f1f,99.2%,1,124,125,0,0,1,124
0x76e88b,0%,1,0,1,0,0,1,0
0x648ae1,50%,1,1,2,0,0,1,1
0x6357fe,50%,1,1,2,0,0,1,1
0x7b0510,50%,1,1,2,1,1,0,0
0x6577ec,98.0769%,1,51,52,0,0,1,51
0x7ce1f6,98.0769%,1,51,52,0,0,1,51
0x65ad14,50%,1,1,2,0,0,1,1
0x7b04cf,50%,1,1,2,0,0,1,1
0x66f317,50%,1,1,2,0,0,1,1
0x6087d5,99.4318%,1,175,176,0,0,1,175
0xa31dfb,99.9906%,1,10624,10625,0,0,1,10624
0x63442a,50%,1,1,2,0,0,1,1
0x960ea4,99.2%,1,124,125,0,0,1,124
0x64996c,50%,1,1,2,0,0,1,1
0x67af28,50%,1,1,2,0,0,1,1
0x681c53,50%,1,1,2,0,0,1,1
0x681bc5,98.0769%,1,51,52,0,0,1,51
0x960d07,99.3711%,1,158,159,0,0,1,158
0x63ecf0,50%,1,1,2,0,0,1,1
0x649948,50%,1,1,2,0,0,1,1
0x681b22,50%,1,1,2,0,0,1,1
0x960b37,99.3711%,1,158,159,0,0,1,158
0x633208,99.9615%,1,2599,2600,0,0,1,2599
0x929b1e,99.3711%,1,158,159,0,0,1,158
0x64992e,50%,1,1,2,0,0,1,1
0x65fbe7,97.0588%,1,33,34,0,0,1,33
0x929159,99.0476%,1,104,105,0,0,1,104
0x6498e6,50%,1,1,2,0,0,1,1
0x6498d4,50%,1,1,2,0,0,1,1
0x7e70c6,50%,1,1,2,1,1,0,0
0x67b19e,87.5%,1,7,8,7,1,0,0
0x926d9e,66.6667%,1,2,3,2,1,0,0
0x62f765,50%,1,1,2,0,0,1,1
0x649891,50%,1,1,2,0,0,1,1
0x67a12c,50%,1,1,2,0,0,1,1
0x6497fe,50%,1,1,2,0,0,1,1
0x8c0628,99%,1,99,100,0,0,1,99
0x6550dc,99.9897%,1,9693,9694,0,0,1,9693
0x67a259,50%,1,1,2,0,0,1,1
0xa76b52,99.9866%,1,7443,7444,7443,1,0,0
0x64c702,99.975%,1,3999,4000,3999,1,0,0
0x637295,99.6109%,1,256,257,256,1,0,0
0x661352,50%,1,1,2,0,0,1,1
0x7cb484,50%,1,1,2,0,0,1,1
0x75d19a,50%,1,1,2,1,1,0,0
0x65a3ce,50%,1,1,2,0,0,1,1
0x64ea96,96.875%,1,31,32,0,0,1,31
0x65043c,98.0769%,1,51,52,0,0,1,51
0x636157,99.5536%,1,223,224,0,0,1,223
0x64c8c0,87.5%,1,7,8,0,0,1,7
0x633978,90%,1,9,10,0,0,1,9
0x64e7e4,87.5%,1,7,8,0,0,1,7
0xa7965d,99.6109%,1,256,257,0,0,1,256
0x646352,50%,1,1,2,0,0,1,1
0x633938,87.5%,1,7,8,0,0,1,7
0x6612be,50%,1,1,2,0,0,1,1
0x64dfe3,50%,1,1,2,0,0,1,1
0x62ea5e,50%,1,1,2,0,0,1,1
0x636ba3,99.6109%,1,256,257,0,0,1,256
0x7cd504,98.0769%,1,51,52,51,1,0,0
0x63586b,50%,1,1,2,0,0,1,1
0x5f4490,75%,1,3,4,3,1,0,0
0x634561,50%,1,1,2,0,0,1,1
0x65b2ce,50%,1,1,2,0,0,1,1
0x636000,50%,1,1,2,0,0,1,1
0x64c97a,99.75%,1,399,400,0,0,1,399
0x4031e3,96.1538%,1,25,26,25,1,0,0
0x8c1565,99%,1,99,100,0,0,1,99
0xa76a13,99.9953%,1,21277,21278,0,0,1,21277
0x669ee3,98.0769%,1,51,52,0,0,1,51
0x641b53,50%,1,1,2,0,0,1,1
0x64d6ba,50%,1,1,2,0,0,1,1
0x63828f,99.6109%,1,256,257,0,0,1,256
0x661bc4,50%,1,1,2,0,0,1,1
0x661b17,50%,1,1,2,0,0,1,1
0x6619c4,50%,1,1,2,0,0,1,1
0x63a0b4,50%,1,1,2,0,0,1,1
0x598fb6,50%,1,1,2,1,1,0,0
0x758940,99.5192%,1,207,208,0,0,1,207
0x62102f,97.3684%,1,37,38,0,0,1,37
0x63f7b5,50%,1,1,2,0,0,1,1
0x8c494c,99.9923%,1,12999,13000,0,0,1,12999
0x64e43f,90%,1,9,10,9,1,0,0
0x67b37d,87.5%,1,7,8,7,1,0,0
0x633660,50%,1,1,2,0,0,1,1
0x64da77,99.9167%,1,1199,1200,0,0,1,1199
0x63f6db,50%,1,1,2,0,0,1,1
0x5f4219,75%,1,3,4,0,0,1,3
0x8c2003,50%,1,1,2,0,0,1,1
0x631682,50%,1,1,2,0,0,1,1
0x63f67c,50%,1,1,2,0,0,1,1
0x8c1f8f,50%,1,1,2,0,0,1,1
0x76cd84,50%,1,1,2,1,1,0,0
0x63c9aa,99.6109%,1,256,257,0,0,1,256
0x63f54f,50%,1,1,2,0,0,1,1
0x63f511,50%,1,1,2,0,0,1,1
0x66fc53,99.5192%,1,207,208,0,0,1,207
0x8c1fe6,50%,1,1,2,0,0,1,1
0x65b4c0,50%,1,1,2,0,0,1,1
0x76fffd,98.0769%,1,51,52,51,1,0,0
0x65a62f,50%,1,1,2,0,0,1,1
0x64ac19,50%,1,1,2,0,0,1,1
0x63f06d,50%,1,1,2,0,0,1,1
0x646f4e,50%,1,1,2,0,0,1,1
0x64d864,50%,1,1,2,0,0,1,1
0x641052,50%,1,1,2,0,0,1,1
0x64b3be,50%,1,1,2,0,0,1,1
0x75ccfb,50%,1,1,2,0,0,1,1
0x650aaf,50%,1,1,2,0,0,1,1
0x592ca4,87.5%,1,7,8,0,0,1,7
0x65b3b1,50%,1,1,2,0,0,1,1
0x6595d6,50%,1,1,2,0,0,1,1
0x429f9b,98.8889%,1,89,90,0,0,1,89
0x63f0ab,50%,1,1,2,0,0,1,1
0x9f7d9f,87.5%,1,7,8,0,0,1,7
0x65cf46,50%,1,1,2,0,0,1,1
0x64b27f,50%,1,1,2,0,0,1,1
0x8c6a89,99%,1,99,100,0,0,1,99
0x64d424,87.5%,1,7,8,5,1,0,2
0x65b759,50%,1,1,2,0,0,1,1
0x634167,50%,1,1,2,0,0,1,1
0x65b595,50%,1,1,2,0,0,1,1
0x6639db,50%,1,1,2,0,0,1,1
0x404016,83.3333%,1,5,6,0,0,1,5
0x65064a,50%,1,1,2,1,1,0,0
0x929ac6,99.3711%,1,158,159,0,0,1,158
0xa796b1,50%,1,1,2,0,0,1,1
0x633ba8,50%,1,1,2,0,0,1,1
0x42a2c8,50%,1,1,2,0,0,1,1
0x9f7e72,87.5%,1,7,8,7,1,0,0
0x63593f,50%,1,1,2,0,0,1,1
0x63cf7e,87.5%,1,7,8,0,0,1,7
0x6429a3,99.9615%,1,2599,2600,0,0,1,2599
0x66a62f,50%,1,1,2,0,0,1,1
0x94a0b1,50%,1,1,2,1,1,0,0
0x65ae3a,50%,1,1,2,0,0,1,1
0x65b421,50%,1,1,2,0,0,1,1
0x64d6a8,50%,1,1,2,0,0,1,1
0x7621dd,97.7273%,1,43,44,0,0,1,43
0x92c592,99.9615%,1,2599,2600,0,0,1,2599
0x92c3d1,99.9615%,1,2599,2600,2599,1,0,0
0x632dc7,99.9957%,1,23399,23400,0,0,1,23399
0x633122,50%,1,1,2,0,0,1,1
0x92c374,99.9615%,1,2599,2600,0,0,1,2599
0x92bc65,50%,1,1,2,0,0,1,1
0x6392a1,83.3333%,1,5,6,0,0,1,5
0x64a005,99%,1,99,100,0,0,1,99
0x92bc53,50%,1,1,2,0,0,1,1
0x64e3c8,90%,1,9,10,0,0,1,9
0x64cf2e,50%,1,1,2,0,0,1,1
0x64d068,50%,1,1,2,0,0,1,1
0x9f7d4d,50%,1,1,2,0,0,1,1
0x63fc1f,50%,1,1,2,0,0,1,1
0x429a6a,50%,1,1,2,1,1,0,0
0x65a80c,96.875%,1,31,32,31,1,0,0
0x9f7d47,50%,1,1,2,0,0,1,1
0x631072,50%,1,1,2,0,0,1,1
0x639791,50%,1,1,2,0,0,1,1
0x643298,50%,1,1,2,0,0,1,1
0x65bf7f,50%,1,1,2,0,0,1,1
0x595383,99.8397%,1,623,624,0,0,1,623
0x645c31,50%,1,1,2,0,0,1,1
0x67baa5,50%,1,1,2,0,0,1,1
0x65b3ca,50%,1,1,2,0,0,1,1
0x64d819,50%,1,1,2,0,0,1,1
0x429f38,99%,1,99,100,0,0,1,99
0x65b35a,50%,1,1,2,0,0,1,1
0x9f5812,92.8571%,1,13,14,0,0,1,13
0x63c324,87.5%,1,7,8,0,0,1,7
0x635978,50%,1,1,2,0,0,1,1
0x686525,50%,1,1,2,1,1,0,0
0x76ff87,98.0769%,1,51,52,0,0,1,51
0x429efc,99.6109%,1,256,257,0,0,1,256
0x6344a6,50%,1,1,2,0,0,1,1
0x6344e5,50%,1,1,2,0,0,1,1
0x635dca,50%,1,1,2,0,0,1,1
0x64d450,50%,1,1,2,0,0,1,1
0x64b1da,98.0769%,1,51,52,0,0,1,51
0xa308ab,99.9866%,1,7435,7436,0,0,1,7435
0x5f1b80,99.9479%,1,1918,1919,0,0,1,1918
0x639c8b,50%,1,1,2,0,0,1,1
0x639d1e,50%,1,1,2,0,0,1,1
0x59863a,96.875%,1,31,32,31,1,0,0
0x4a48e1,75%,1,3,4,3,1,0,0
0x633db7,50%,1,1,2,0,0,1,1
0x8c20fe,50%,1,1,2,0,0,1,1
0x635c03,50%,1,1,2,0,0,1,1
0xa76a6b,99.9696%,1,3285,3286,0,0,1,3285
0x65081a,50%,1,1,2,0,0,1,1
0x8c6b15,99%,1,99,100,0,0,1,99
0x64e4b2,50%,1,1,2,0,0,1,1
0x5f0312,100%,0,2,2,0,0,0,2
0x64d653,100%,0,2,2,0,0,0,2
0x5f0a4c,100%,0,184,184,0,0,0,184
0x7b10c9,100%,0,52,52,0,0,0,52
0x9fefa2,100%,0,4,4,0,0,0,4
0x65abfe,100%,0,2,2,0,0,0,2
0x5f0533,100%,0,2,2,2,0,0,0
0x5f03ec,100%,0,2,2,0,0,0,2
0x66ffda,100%,0,208,208,0,0,0,208
0x6488f5,100%,0,2,2,0,0,0,2
0x6509d0,100%,0,2,2,2,0,0,0
0x662e4d,100%,0,2,2,0,0,0,2
0x7b1c2c,100%,0,2,2,2,0,0,0
0x66f2b7,100%,0,2,2,0,0,0,2
0x641985,100%,0,2,2,0,0,0,2
0x5e6d23,100%,0,50,50,0,0,0,50
0x403f2e,100%,0,6,6,6,0,0,0
0x6649e9,100%,0,2,2,0,0,0,2
0x5efaaa,100%,0,2,2,0,0,0,2
0x63297b,100%,0,2,2,0,0,0,2
0x650a14,100%,0,2,2,2,0,0,0
0x65b0ae,100%,0,2,2,2,0,0,0
0x7a8cc5,100%,0,104,104,0,0,0,104
0x7b22db,100%,0,2,2,0,0,0,2
0x65ad07,100%,0,2,2,0,0,0,2
0x661b1c,100%,0,2,2,2,0,0,0
0x5f35cd,100%,0,1976,1976,0,0,0,1976
0x608fd2,100%,0,222,222,222,0,0,0
0x7b227a,100%,0,2,2,0,0,0,2
0x8c5eb9,100%,0,100,100,0,0,0,100
0x644e2d,100%,0,2,2,0,0,0,2
0x62f7af,100%,0,2,2,0,0,0,2
0x7b2288,100%,0,2,2,2,0,0,0
0x7618d9,100%,0,2,2,0,0,0,2
0x64e076,100%,0,10,10,0,0,0,10
0xa38c90,100%,0,6,6,0,0,0,6
0x651462,100%,0,2,2,0,0,0,2
0x404c2b,100%,0,22,22,22,0,0,0
0x5f3a4d,100%,0,30,30,0,0,0,30
0x5f3a84,100%,0,2,2,0,0,0,2
0x631702,100%,0,2,2,0,0,0,2
0x659263,100%,0,2,2,0,0,0,2
0x5f3ab7,100%,0,2,2,0,0,0,2
0x67a51d,100%,0,2,2,0,0,0,2
0x5f3cb6,100%,0,4,4,0,0,0,4
0x5f3d5d,100%,0,5,5,0,0,0,5
0x75e1cf,100%,0,6,6,0,0,0,6
0x5e4ea9,100%,0,12,12,0,0,0,12
0x65a8b9,100%,0,80,80,0,0,0,80
0x64ce82,100%,0,2,2,0,0,0,2
0x62eb5e,100%,0,2,2,0,0,0,2
0x767848,100%,0,4,4,4,0,0,0
0x5f0787,100%,0,2,2,0,0,0,2
0x65ae1c,100%,0,8,8,8,0,0,0
0x648710,100%,0,2,2,0,0,0,2
0x67b280,100%,0,2,2,0,0,0,2
0x7b1c8e,100%,0,2,2,2,0,0,0
0x5f0810,100%,0,2,2,0,0,0,2
0x5f0825,100%,0,2,2,0,0,0,2
0x633a1b,100%,0,2,2,0,0,0,2
0x63f7e1,100%,0,2,2,0,0,0,2
0x7729a7,100%,0,2,2,0,0,0,2
0x657ea9,100%,0,2,2,0,0,0,2
0x5f0721,100%,0,2,2,0,0,0,2
0x64bb02,100%,0,2,2,0,0,0,2
0x62f38c,100%,0,2,2,0,0,0,2
0x8c59f2,100%,0,500,500,0,0,0,500
0x650ba8,100%,0,2,2,2,0,0,0
0x7b1cd7,100%,0,2,2,2,0,0,0
0x64b9ca,100%,0,2,2,0,0,0,2
0x762527,100%,0,2,2,0,0,0,2
0x631802,100%,0,2,2,0,0,0,2
0x7aaaa6,100%,0,2,2,0,0,0,2
0x7aaa2e,100%,0,2,2,0,0,0,2
0x8c1fdc,100%,0,2,2,0,0,0,2
0x5f34cc,100%,0,1976,1976,1976,0,0,0
0x64d674,100%,0,2,2,0,0,0,2
0x638341,100%,0,257,257,0,0,0,257
0x634bcb,100%,0,2,2,0,0,0,2
0x634be5,100%,0,2,2,0,0,0,2
0x403f90,100%,0,6,6,6,0,0,0
0x9293f0,100%,0,105,105,0,0,0,105
0x7bd322,100%,0,20,20,10,0,0,10
0x778bcc,100%,0,8,8,0,0,0,8
0x66eef7,100%,0,2,2,0,0,0,2
0x755e99,100%,0,208,208,0,0,0,208
0x762d8c,100%,0,2,2,0,0,0,2
0x75cc44,100%,0,52,52,52,0,0,0
0x682193,100%,0,52,52,0,0,0,52
0x66ee02,100%,0,2,2,0,0,0,2
0x960e8c,100%,0,125,125,0,0,0,125
0x7cf440,100%,0,2,2,0,0,0,2
0x5ecef1,100%,0,52,52,52,0,0,0
0x634446,100%,0,2,2,0,0,0,2
0x9fefb0,100%,0,4,4,0,0,0,4
0x64f5fa,100%,0,2,2,0,0,0,2
0x62ea1e,100%,0,2,2,0,0,0,2
0x635482,100%,0,2,2,0,0,0,2
0x681e59,100%,0,104,104,0,0,0,104
0x64c674,100%,0,80,80,0,0,0,80
0x642fd2,100%,0,2600,2600,0,0,0,2600
0x660d03,100%,0,2,2,2,0,0,0
0x635f67,100%,0,2,2,0,0,0,2
0x64db83,100%,0,80,80,0,0,0,80
0x9f4f98,100%,0,261,261,261,0,0,0
0x63140a,100%,0,2,2,0,0,0,2
0x62e9be,100%,0,2,2,0,0,0,2
0x6d90de,100%,0,4,4,0,0,0,4
0x6499e0,100%,0,2,2,0,0,0,2
0x756229,100%,0,396,396,0,0,0,396
0xa0eed8,100%,0,7436,7436,0,0,0,7436
0x66fc6c,100%,0,208,208,0,0,0,208
0x64cd7b,100%,0,2,2,0,0,0,2
0x681df3,100%,0,4,4,0,0,0,4
0x6313cc,100%,0,2,2,0,0,0,2
0x7b28e1,100%,0,52,52,0,0,0,52
0x8c3616,100%,0,100,100,100,0,0,0
0x778dd3,100%,0,32,32,32,0,0,0
0x66f49f,100%,0,2,2,0,0,0,2
0x778d63,100%,0,8,8,0,0,0,8
0x778d11,100%,0,160,160,160,0,0,0
0x633a66,100%,0,2,2,0,0,0,2
0x62e87e,100%,0,2,2,0,0,0,2
0x7b0828,100%,0,2,2,2,0,0,0
0x95a829,100%,0,2,2,0,0,0,2
0x75641d,100%,0,52,52,0,0,0,52
0x5f2f2b,100%,0,2,2,0,0,0,2
0x5e91d7,100%,0,2,2,2,0,0,0
0x64cac6,100%,0,80,80,0,0,0,80
0x67a947,100%,0,8,8,0,0,0,8
0x76bd0d,100%,0,2,2,0,0,0,2
0x62eade,100%,0,2,2,0,0,0,2
0x75685d,100%,0,52,52,0,0,0,52
0xa46938,100%,0,10625,10625,0,0,0,10625
0x64c9a9,100%,0,2,2,0,0,0,2
0x633346,100%,0,2,2,0,0,0,2
0x7aa772,100%,0,52,52,0,0,0,52
0x757ea5,100%,0,52,52,0,0,0,52
0x618da4,100%,0,6916,6916,0,0,0,6916
0x6446aa,100%,0,52,52,0,0,0,52
0x64b512,100%,0,2,2,2,0,0,0
0x65a4cb,100%,0,2,2,0,0,0,2
0x756d39,100%,0,32,32,0,0,0,32
0x67a63c,100%,0,2,2,0,0,0,2
0x66ace7,100%,0,2,2,0,0,0,2
0x605240,100%,0,2,2,2,0,0,0
0xa308c3,100%,0,7436,7436,7436,0,0,0
0x5f30fd,100%,0,2,2,2,0,0,0
0x67a882,100%,0,2,2,0,0,0,2
0x595989,100%,0,42,42,42,0,0,0
0x68224d,100%,0,2,2,0,0,0,2
0xa0eee8,100%,0,7436,7436,7436,0,0,0
0x7b13f7,100%,0,52,52,0,0,0,52
0x632f24,100%,0,2,2,0,0,0,2
0x6f551f,100%,0,2,2,2,0,0,0
0x63ed0c,100%,0,2,2,0,0,0,2
0x9fefc6,100%,0,14,14,0,0,0,14
0x64cd0f,100%,0,2,2,0,0,0,2
0x7582db,100%,0,39,39,0,0,0,39
0x92a2b8,100%,0,159,159,0,0,0,159
0x67aaa8,100%,0,2,2,0,0,0,2
0x67aada,100%,0,2,2,0,0,0,2
0x7bd113,100%,0,260,260,0,0,0,260
0x67ab9e,100%,0,8,8,8,0,0,0
0x7b009b,100%,0,2,2,0,0,0,2
0x7588cf,100%,0,28,28,0,0,0,28
0x648dc8,100%,0,14,14,0,0,0,14
0x6355e4,100%,0,2,2,0,0,0,2
0x7cda33,100%,0,52,52,0,0,0,52
0x5f12ab,100%,0,54,54,0,0,0,54
0x66e0f2,100%,0,2,2,0,0,0,2
0x6511dd,100%,0,2,2,0,0,0,2
0x63ecc1,100%,0,2,2,0,0,0,2
0xa0f58b,100%,0,34,34,34,0,0,0
0x9f928a,100%,0,2,2,2,0,0,0
0x63ed28,100%,0,2,2,0,0,0,2
0x7cc157,100%,0,2,2,0,0,0,2
0x6573c1,100%,0,2,2,0,0,0,2
0x630c52,100%,0,2,2,0,0,0,2
0x657089,100%,0,2,2,0,0,0,2
0x92ca65,100%,0,2600,2600,2600,0,0,0
0x618c44,100%,0,6916,6916,0,0,0,6916
0x650664,100%,0,2,2,2,0,0,0
0x634d80,100%,0,2,2,0,0,0,2
0x63ee5c,100%,0,2,2,0,0,0,2
0x6475ee,100%,0,2,2,0,0,0,2
0x7e7243,100%,0,2,2,0,0,0,2
0x5f1334,100%,0,2,2,0,0,0,2
0x7cdea7,100%,0,52,52,0,0,0,52
0xa90ecb,100%,0,926,926,0,0,0,926
0x5f1083,100%,0,54,54,54,0,0,0
0x650554,100%,0,2,2,2,0,0,0
0x650520,100%,0,2,2,2,0,0,0
0x66e51f,100%,0,2,2,0,0,0,2
0x67a04a,100%,0,2,2,0,0,0,2
0x66e4b7,100%,0,2,2,0,0,0,2
0xa43c8a,100%,0,10625,10625,0,0,0,10625
0x4a3e99,100%,0,2,2,2,0,0,0
0x631871,100%,0,2,2,0,0,0,2
0x64db37,100%,0,2,2,0,0,0,2
0x7b0035,100%,0,2,2,0,0,0,2
0x7b40fe,100%,0,2,2,2,0,0,0
0x635fec,100%,0,2,2,0,0,0,2
0x685a9e,100%,0,2,2,2,0,0,0
0x620afe,100%,0,6,6,6,0,0,0
0x621103,100%,0,8,8,0,0,0,8
0x929952,100%,0,159,159,159,0,0,0
0x63f71d,100%,0,2,2,0,0,0,2
0x63f5f8,100%,0,2,2,0,0,0,2
0x63f5d3,100%,0,2,2,0,0,0,2
0x63f301,100%,0,2,2,0,0,0,2
0x63f1f9,100%,0,2,2,0,0,0,2
0x63f1d8,100%,0,2,2,0,0,0,2
0x63f154,100%,0,2,2,0,0,0,2
0x63ef5f,100%,0,2,2,0,0,0,2
0x63605b,100%,0,2,2,0,0,0,2
0x774884,100%,0,2,2,2,0,0,0
0x64dbf3,100%,0,2,2,0,0,0,2
0x620c44,100%,0,6,6,6,0,0,0
0x635edb,100%,0,2,2,0,0,0,2
0x635c22,100%,0,2,2,0,0,0,2
0x6359dd,100%,0,2,2,0,0,0,2
0x6358b9,100%,0,2,2,0,0,0,2
0x6357e6,100%,0,2,2,0,0,0,2
0x635575,100%,0,2,2,0,0,0,2
0x6338f8,100%,0,80,80,0,0,0,80
0x7ccb2f,100%,0,2,2,0,0,0,2
0x6338a8,100%,0,1200,1200,0,0,0,1200
0x633732,100%,0,2,2,0,0,0,2
0x928fa6,100%,0,159,159,0,0,0,159
0x6336cd,100%,0,2,2,0,0,0,2
0x6334c8,100%,0,2,2,0,0,0,2
0x7cc777,100%,0,2,2,0,0,0,2
0x65b3fd,100%,0,2,2,0,0,0,2
0x926a89,100%,0,2713,2713,2713,0,0,0
0x926129,100%,0,2,2,0,0,0,2
0x92d60e,100%,0,2,2,0,0,0,2
0x92d5ac,100%,0,2,2,0,0,0,2
0x92c620,100%,0,383,383,0,0,0,383
0x7cf203,100%,0,52,52,0,0,0,52
0x5ea1fc,100%,0,2,2,0,0,0,2
0x92b23c,100%,0,2,2,0,0,0,2
0x9f91f3,100%,0,2,2,0,0,0,2
0x7cf531,100%,0,2,2,2,0,0,0
0x65b571,100%,0,2,2,0,0,0,2
0x65b501,100%,0,2,2,0,0,0,2
0x65b450,100%,0,2,2,0,0,0,2
0x5ea0a7,100%,0,2,2,0,0,0,2
0x6349ce,100%,0,2,2,0,0,0,2
0x5ea0fc,100%,0,52,52,0,0,0,52
0x65b341,100%,0,2,2,0,0,0,2
0x65b31d,100%,0,2,2,0,0,0,2
0x62fa79,100%,0,2,2,0,0,0,2
0x65b1d8,100%,0,2,2,0,0,0,2
0x65b1a2,100%,0,2,2,0,0,0,2
0x8a0027,100%,0,2,2,2,0,0,0
0x62f954,100%,0,2,2,0,0,0,2
0x661928,100%,0,2,2,0,0,0,2
0x5eca85,100%,0,2,2,0,0,0,2
0x661919,100%,0,2,2,0,0,0,2
0x5eca2b,100%,0,2,2,0,0,0,2
0x685b7d,100%,0,2,2,0,0,0,2
0x68522d,100%,0,2,2,0,0,0,2
0x66a97c,100%,0,52,52,0,0,0,52
0x66b4bf,100%,0,2,2,0,0,0,2
0x655199,100%,0,20,20,0,0,0,20
0x7cba04,100%,0,52,52,0,0,0,52
0x66b2ef,100%,0,2,2,0,0,0,2
0x7cb764,100%,0,2,2,0,0,0,2
0x66194a,100%,0,2,2,0,0,0,2
0x65890c,100%,0,2366,2366,0,0,0,2366
0x66abe5,100%,0,2,2,0,0,0,2
0x7cb631,100%,0,2,2,0,0,0,2
0x634ce8,100%,0,2,2,0,0,0,2
0x66ab0f,100%,0,2,2,0,0,0,2
0x7cb534,100%,0,2,2,0,0,0,2
0x759378,100%,0,52,52,0,0,0,52
0x8a85ea,100%,0,20,20,0,0,0,20
0x66aa87,100%,0,2,2,0,0,0,2
0x66b57f,100%,0,2,2,0,0,0,2
0x66a8cd,100%,0,2,2,0,0,0,2
0x7cb407,100%,0,2,2,0,0,0,2
0x7d04ca,100%,0,2,2,0,0,0,2
0x66a560,100%,0,2,2,0,0,0,2
0x66a1e7,100%,0,2,2,0,0,0,2
0x6324c6,100%,0,2,2,0,0,0,2
0x632472,100%,0,2,2,0,0,0,2
0x7cfba3,100%,0,2,2,2,0,0,0
0x631930,100%,0,2,2,0,0,0,2
0x6318c1,100%,0,2,2,0,0,0,2
0x63182b,100%,0,2,2,0,0,0,2
0x6317c8,100%,0,18,18,0,0,0,18
0x6316e2,100%,0,2,2,0,0,0,2
0x631642,100%,0,2,2,0,0,0,2
0x633d1d,100%,0,2,2,0,0,0,2
0x63491b,100%,0,2,2,0,0,0,2
0x7ef49b,100%,0,2,2,2,0,0,0
0x63487b,100%,0,2,2,0,0,0,2
0x6347f5,100%,0,2,2,0,0,0,2
0x6347b3,100%,0,2,2,0,0,0,2
0x634649,100%,0,2,2,0,0,0,2
0x7cc467,100%,0,2,2,0,0,0,2
0x63450c,100%,0,2,2,0,0,0,2
0x9297fa,100%,0,125,125,0,0,0,125
0x633ef4,100%,0,2,2,0,0,0,2
0x7cc328,100%,0,52,52,0,0,0,52
0x633e82,100%,0,2,2,0,0,0,2
0x633e23,100%,0,2,2,0,0,0,2
0x633d44,100%,0,2,2,0,0,0,2
0x926d74,100%,0,8,8,0,0,0,8
0x633cc2,100%,0,2,2,0,0,0,2
0x7cbe47,100%,0,2,2,0,0,0,2
0xa3a3ba,100%,0,4,4,0,0,0,4
0x66f257,100%,0,2,2,0,0,0,2
0x6340bf,100%,0,2,2,0,0,0,2
0x63408a,100%,0,2,2,0,0,0,2
0xa2424a,100%,0,21893,21893,0,0,0,21893
0x632ef0,100%,0,2,2,0,0,0,2
0x65b3e0,100%,0,2,2,0,0,0,2
0x635266,100%,0,2,2,0,0,0,2
0x5e6319,100%,0,50,50,0,0,0,50
0x6356f8,100%,0,2,2,0,0,0,2
0x634df0,100%,0,2,2,0,0,0,2
0x66b63f,100%,0,2,2,0,0,0,2
0x928db6,100%,0,159,159,0,0,0,159
0xa43be0,100%,0,10625,10625,0,0,0,10625
0x613cd2,100%,0,24,24,0,0,0,24
0x613cc2,100%,0,24,24,0,0,0,24
0xa31e15,100%,0,10625,10625,0,0,0,10625
0xa31cd4,100%,0,10625,10625,0,0,0,10625
0xa31c0d,100%,0,42568,42568,42568,0,0,0
0x6181c8,100%,0,3952,3952,3952,0,0,0
0x6181c0,100%,0,3952,3952,0,0,0,3952
0x960b6f,100%,0,159,159,0,0,0,159
0x960af4,100%,0,159,159,0,0,0,159
0x9295ae,100%,0,125,125,0,0,0,125
0x92940d,100%,0,105,105,105,0,0,0
0xa26876,100%,0,40,40,0,0,0,40
0xa0ec03,100%,0,40,40,0,0,0,40
0x8a7b4a,100%,0,129,129,0,0,0,129
0xa43be4,100%,0,10625,10625,10625,0,0,0
0x928b70,100%,0,159,159,159,0,0,0
0x928a4f,100%,0,159,159,0,0,0,159
0x9289e5,100%,0,159,159,0,0,0,159
0x65a656,100%,0,2,2,0,0,0,2
0x653b25,100%,0,2,2,0,0,0,2
0x653a58,100%,0,2,2,0,0,0,2
0x7b436a,100%,0,2,2,0,0,0,2
0x604f32,100%,0,44,44,44,0,0,0
0x6538b3,100%,0,2,2,0,0,0,2
0x6537d5,100%,0,2,2,0,0,0,2
0x6532ca,100%,0,2,2,0,0,0,2
0x65311c,100%,0,2,2,0,0,0,2
0x657c96,100%,0,2,2,0,0,0,2
0x6578ac,100%,0,2,2,0,0,0,2
0x96161e,100%,0,159,159,159,0,0,0
0xa3a62a,100%,0,4,4,0,0,0,4
0xa3a48e,100%,0,4,4,0,0,0,4
0xa3a476,100%,0,4,4,4,0,0,0
0xa3a2ce,100%,0,4,4,4,0,0,0
0xa3a060,100%,0,4,4,1,0,0,3
0xa23621,100%,0,34,34,0,0,0,34
0xa0f578,100%,0,34,34,0,0,0,34
0x8a898a,100%,0,10,10,0,0,0,10
0x8a881a,100%,0,2,2,0,0,0,2
0x8a7c73,100%,0,10,10,0,0,0,10
0x8a844b,100%,0,20,20,0,0,0,20
0x92a43b,100%,0,129,129,129,0,0,0
0x961917,100%,0,159,159,0,0,0,159
0x961635,100%,0,159,159,0,0,0,159
0x65776e,100%,0,2,2,0,0,0,2
0x9615b9,100%,0,159,159,0,0,0,159
0x961350,100%,0,159,159,0,0,0,159
0xa24bc2,100%,0,125,125,125,0,0,0
0x614c53,100%,0,6916,6916,0,0,0,6916
0x6555ec,100%,0,13515,13515,13515,0,0,0
0xa0f28c,100%,0,10625,10625,0,0,0,10625
0xa0f205,100%,0,10625,10625,0,0,0,10625
0xa48252,100%,0,10625,10625,0,0,0,10625
0xa43d93,100%,0,10625,10625,10625,0,0,0
0x657466,100%,0,2,2,0,0,0,2
0xa43d7f,100%,0,10625,10625,10625,0,0,0
0x614a7a,100%,0,266,266,0,0,0,266
0xa43c7e,100%,0,10625,10625,0,0,0,10625
0xa43c29,100%,0,10625,10625,0,0,0,10625
0x632a28,100%,0,2,2,0,0,0,2
0x65ed5e,100%,0,100,100,0,0,0,100
0x65ece9,100%,0,2600,2600,0,0,0,2600
0x7cf8a3,100%,0,2,2,2,0,0,0
0x65e5c8,100%,0,100,100,0,0,0,100
0x65e4a3,100%,0,100,100,0,0,0,100
0x65e1d8,100%,0,100,100,0,0,0,100
0x65e055,100%,0,100,100,0,0,0,100
0x616d9c,100%,0,52,52,52,0,0,0
0x657882,100%,0,2,2,0,0,0,2
0x65da3e,100%,0,100,100,0,0,0,100
0x65c853,100%,0,208,208,0,0,0,208
0x632d93,100%,0,2,2,0,0,0,2
0x632bb7,100%,0,2,2,0,0,0,2
0x7cf4b2,100%,0,2,2,2,0,0,0
0x632a67,100%,0,2,2,0,0,0,2
0x65eecd,100%,0,100,100,0,0,0,100
0x632a04,100%,0,2,2,0,0,0,2
0x616951,100%,0,52,52,52,0,0,0
0x8c0102,100%,0,2,2,0,0,0,2
0x65d1a6,100%,0,2,2,0,0,0,2
0x65d0f6,100%,0,52,52,0,0,0,52
0x68228e,100%,0,2,2,0,0,0,2
0x65cf7c,100%,0,2,2,0,0,0,2
0x65cf41,100%,0,2,2,0,0,0,2
0x65c1a1,100%,0,2,2,2,0,0,0
0x65cedd,100%,0,2,2,0,0,0,2
0x65cdcb,100%,0,2,2,0,0,0,2
0x65cc41,100%,0,2,2,0,0,0,2
0x926e4c,100%,0,2,2,0,0,0,2
0x685d16,100%,0,2,2,2,0,0,0
0x656c61,100%,0,2,2,0,0,0,2
0x5fd07f,100%,0,88,88,88,0,0,0
0x65765d,100%,0,2,2,0,0,0,2
0x65752a,100%,0,2,2,0,0,0,2
0x6572c0,100%,0,2,2,0,0,0,2
0x6572a3,100%,0,2,2,0,0,0,2
0x657220,100%,0,2,2,0,0,0,2
0x5ed0d3,100%,0,2,2,0,0,0,2
0x657204,100%,0,2,2,0,0,0,2
0x657170,100%,0,2,2,0,0,0,2
0x6570a6,100%,0,2,2,0,0,0,2
0x656f35,100%,0,2,2,0,0,0,2
0x656e44,100%,0,2,2,0,0,0,2
0x63fb7a,100%,0,2,2,0,0,0,2
0x656c7e,100%,0,2,2,0,0,0,2
0x7cfb4a,100%,0,2,2,0,0,0,2
0x660a9c,100%,0,2,2,2,0,0,0
0x660a7f,100%,0,2,2,2,0,0,0
0x75f603,100%,0,2,2,0,0,0,2
0x660a65,100%,0,2,2,2,0,0,0
0x5e62f2,100%,0,50,50,0,0,0,50
0x6605db,100%,0,2,2,2,0,0,0
0x660362,100%,0,2,2,2,0,0,0
0x66032b,100%,0,2,2,2,0,0,0
0x660311,100%,0,2,2,2,0,0,0
0x62353a,100%,0,13000,13000,0,0,0,13000
0x623451,100%,0,10,10,0,0,0,10
0x66010b,100%,0,2,2,0,0,0,2
0x65fe56,100%,0,110,110,110,0,0,0
0x65f026,100%,0,100,100,100,0,0,0
0xa78051,100%,0,4,4,0,0,0,4
0x603253,100%,0,22,22,0,0,0,22
0x593d32,100%,0,8,8,0,0,0,8
0x7cfb37,100%,0,2,2,0,0,0,2
0x687c74,100%,0,2,2,0,0,0,2
0x403fd4,100%,0,6,6,6,0,0,0
0x687b13,100%,0,2,2,0,0,0,2
0x687915,100%,0,2,2,2,0,0,0
0x667c06,100%,0,2,2,2,0,0,0
0x68772c,100%,0,2,2,2,0,0,0
0x404a27,100%,0,6,6,0,0,0,6
0x65888b,100%,0,91,91,0,0,0,91
0x6876fc,100%,0,2,2,2,0,0,0
0x42a6e7,100%,0,6,6,0,0,0,6
0x6876dd,100%,0,2,2,2,0,0,0
0x68767e,100%,0,2,2,2,0,0,0
0x4a4322,100%,0,2,2,2,0,0,0
0x5e97ea,100%,0,2,2,0,0,0,2
0x5e977a,100%,0,54,54,54,0,0,0
0x5e9726,100%,0,54,54,0,0,0,54
0x63501b,100%,0,2,2,0,0,0,2
0x5e8beb,100%,0,173,173,0,0,0,173
0x5e89ff,100%,0,13,13,0,0,0,13
0x5e858a,100%,0,13,13,13,0,0,0
0x5e7fcd,100%,0,13,13,0,0,0,13
0x404893,100%,0,6,6,0,0,0,6
0x92985e,100%,0,125,125,0,0,0,125
0x5e79f6,100%,0,13,13,0,0,0,13
0x64bc32,100%,0,2,2,0,0,0,2
0x5e7491,100%,0,8,8,0,0,0,8
0x5e738c,100%,0,2,2,0,0,0,2
0x92a5c8,100%,0,91,91,0,0,0,91
0x8bef93,100%,0,52,52,0,0,0,52
0x5ed2d1,100%,0,52,52,52,0,0,0
0x663b2a,100%,0,2,2,0,0,0,2
0x687718,100%,0,2,2,2,0,0,0
0x6e6814,100%,0,2,2,2,0,0,0
0xa7843a,100%,0,2,2,0,0,0,2
0x6882ef,100%,0,2,2,2,0,0,0
0x6e6803,100%,0,2,2,0,0,0,2
0x68820a,100%,0,2,2,2,0,0,0
0x8a01a2,100%,0,2,2,2,0,0,0
0x6f5259,100%,0,2,2,0,0,0,2
0x8a0030,100%,0,2,2,0,0,0,2
0xa78445,100%,0,2,2,2,0,0,0
0x89ffb8,100%,0,2,2,0,0,0,2
0x5e72b0,100%,0,2,2,2,0,0,0
0x6f4d69,100%,0,2,2,2,0,0,0
0x89ff5b,100%,0,2,2,0,0,0,2
0x89fed8,100%,0,2,2,0,0,0,2
0x89fe46,100%,0,8,8,0,0,0,8
0x89fdb9,100%,0,336,336,336,0,0,0
0x4ba178,100%,0,2,2,2,0,0,0
0x7b2d08,100%,0,2,2,2,0,0,0
0x7cf577,100%,0,2,2,0,0,0,2
0x89fbf5,100%,0,8,8,0,0,0,8
0x6036f3,100%,0,16,16,0,0,0,16
0x603631,100%,0,16,16,0,0,0,16
0x66f737,100%,0,2,2,0,0,0,2
0x603624,100%,0,16,16,0,0,0,16
0x6033e5,100%,0,16,16,16,0,0,0
0x5f69c0,100%,0,38,38,0,0,0,38
0x7b3b5d,100%,0,2,2,0,0,0,2
0x5f005e,100%,0,406,406,0,0,0,406
0x7b0801,100%,0,2,2,2,0,0,0
0x5f004a,100%,0,812,812,406,0,0,406
0x5f0009,100%,0,406,406,406,0,0,0
0x5eff33,100%,0,406,406,0,0,0,406
0x7b3715,100%,0,52,52,0,0,0,52
0x5efdcc,100%,0,50,50,0,0,0,50
0x7b340c,100%,0,52,52,0,0,0,52
0x5f7387,100%,0,76,76,76,0,0,0
0x7b327c,100%,0,52,52,0,0,0,52
0x5ea7fb,100%,0,2,2,0,0,0,2
0x7b31ac,100%,0,2,2,0,0,0,2
0x5f6a5f,100%,0,38,38,0,0,0,38
0x5f6a2a,100%,0,38,38,38,0,0,0
0x92823a,100%,0,129,129,0,0,0,129
0x5f642a,100%,0,1026,1026,0,0,0,1026
0x5f5f72,100%,0,2,2,0,0,0,2
0x5f5b79,100%,0,4,4,0,0,0,4
0x5f5592,100%,0,76,76,0,0,0,76
0x5f4d8f,100%,0,2,2,0,0,0,2
0x7b2aea,100%,0,2,2,0,0,0,2
0x5f4477,100%,0,1,1,0,0,0,1
0x5f3de2,100%,0,1,1,1,0,0,0
0x5f3d3a,100%,0,6,6,6,0,0,0
0x657370,100%,0,2,2,0,0,0,2
0x599068,100%,0,104,104,0,0,0,104
0x630ca5,100%,0,2,2,0,0,0,2
0x669d83,100%,0,52,52,0,0,0,52
0x630b89,100%,0,2,2,0,0,0,2
0x590a8a,100%,0,8,8,0,0,0,8
0x5e7268,100%,0,2,2,0,0,0,2
0x9e1a5c,100%,0,2,2,0,0,0,2
0x9e19fa,100%,0,2,2,0,0,0,2
0x666e98,100%,0,8,8,0,0,0,8
0x5e70ff,100%,0,2,2,0,0,0,2
0x40312c,100%,0,26,26,26,0,0,0
0x5e708f,100%,0,2,2,2,0,0,0
0x5da7ae,100%,0,2,2,0,0,0,2
0x5da5b4,100%,0,50,50,0,0,0,50
0x6873a3,100%,0,2,2,2,0,0,0
0x687176,100%,0,2,2,0,0,0,2
0x686625,100%,0,2,2,0,0,0,2
0x590b6e,100%,0,32,32,0,0,0,32
0x590b5d,100%,0,32,32,0,0,0,32
0x657128,100%,0,2,2,0,0,0,2
0x590a81,100%,0,8,8,0,0,0,8
0x686544,100%,0,2,2,2,0,0,0
0x686506,100%,0,2,2,2,0,0,0
0x6864ef,100%,0,2,2,2,0,0,0
0x68200f,100%,0,4,4,0,0,0,4
0x6864d8,100%,0,2,2,2,0,0,0
0x960df4,100%,0,159,159,0,0,0,159
0x5ef9dc,100%,0,2,2,0,0,0,2
0x5ef98b,100%,0,2,2,2,0,0,0
0x5ef8a5,100%,0,2,2,0,0,0,2
0x5ef73c,100%,0,2,2,0,0,0,2
0x7b3c2b,100%,0,2,2,0,0,0,2
0x7b3b88,100%,0,2,2,0,0,0,2
0x66ba5e,100%,0,2,2,2,0,0,0
0x5ef85b,100%,0,2,2,0,0,0,2
0x630a36,100%,0,2,2,0,0,0,2
0x630968,100%,0,2,2,0,0,0,2
0x630947,100%,0,2,2,0,0,0,2
0x63089b,100%,0,2,2,0,0,0,2
0x7cea2e,100%,0,2,2,0,0,0,2
0x7ce6a6,100%,0,2,2,2,0,0,0
0x89f9d4,100%,0,2,2,0,0,0,2
0x630666,100%,0,2,2,0,0,0,2
0x89f9c1,100%,0,2,2,0,0,0,2
0x6305f7,100%,0,2,2,0,0,0,2
0x7ce3ff,100%,0,52,52,0,0,0,52
0x6304b7,100%,0,2,2,0,0,0,2
0x7ce3ad,100%,0,52,52,0,0,0,52
0x7ce2f1,100%,0,2,2,2,0,0,0
0x630429,100%,0,2,2,0,0,0,2
0x630ae1,100%,0,2,2,0,0,0,2
0x7ce1c3,100%,0,52,52,0,0,0,52
0x630331,100%,0,2,2,0,0,0,2
0x63023c,100%,0,2,2,0,0,0,2
0x630215,100%,0,2,2,0,0,0,2
0x630001,100%,0,2,2,0,0,0,2
0x7cc6b6,100%,0,52,52,0,0,0,52
0x62ffd9,100%,0,2,2,0,0,0,2
0x62ff3f,100%,0,2,2,0,0,0,2
0x62ebde,100%,0,2,2,0,0,0,2
0x7cdf63,100%,0,52,52,0,0,0,52
0x62ff17,100%,0,2,2,0,0,0,2
0x62feb7,100%,0,2,2,0,0,0,2
0x62fdd7,100%,0,2,2,0,0,0,2
0x62fd2d,100%,0,2,2,0,0,0,2
0x657300,100%,0,2,2,0,0,0,2
0x7cf6f7,100%,0,2,2,2,0,0,0
0x64990a,100%,0,2,2,0,0,0,2
0x6315c7,100%,0,52,52,0,0,0,52
0x7cf51e,100%,0,2,2,0,0,0,2
0x7cf4f8,100%,0,2,2,0,0,0,2
0x66f79f,100%,0,2,2,0,0,0,2
0x631567,100%,0,468,468,0,0,0,468
0x614cce,100%,0,6916,6916,6916,0,0,0
0x667364,100%,0,52,52,0,0,0,52
0x621628,100%,0,32,32,0,0,0,32
0x7cf466,100%,0,2,2,0,0,0,2
0x7cf429,100%,0,2,2,0,0,0,2
0x63138e,100%,0,2,2,0,0,0,2
0x8c6785,100%,0,100,100,0,0,0,100
0x65aa66,100%,0,2,2,0,0,0,2
0x6311d7,100%,0,52,52,0,0,0,52
0x631162,100%,0,2,2,0,0,0,2
0x631137,100%,0,52,52,0,0,0,52
0x6310c2,100%,0,2,2,0,0,0,2
0x631097,100%,0,52,52,0,0,0,52
0x631022,100%,0,2,2,0,0,0,2
0x7cefa4,100%,0,2,2,2,0,0,0
0x7cee08,100%,0,2,2,2,0,0,0
0x630fd2,100%,0,2,2,0,0,0,2
0x630d31,100%,0,2,2,0,0,0,2
0x7ceb9d,100%,0,2,2,2,0,0,0
0x630cff,100%,0,2,2,0,0,0,2
0x630c82,100%,0,2,2,0,0,0,2
0x7ceb37,100%,0,2,2,2,0,0,0
0x6663f9,100%,0,2,2,0,0,0,2
0x666d55,100%,0,8,8,0,0,0,8
0x8a7b6a,100%,0,129,129,0,0,0,129
0x666c4d,100%,0,8,8,0,0,0,8
0x666b28,100%,0,8,8,0,0,0,8
0x9fa803,100%,0,191,191,0,0,0,191
0x666b18,100%,0,8,8,0,0,0,8
0x666afc,100%,0,8,8,0,0,0,8
0x8c10f8,100%,0,2,2,2,0,0,0
0xa31e09,100%,0,10625,10625,0,0,0,10625
0x593c43,100%,0,8,8,0,0,0,8
0x593b4e,100%,0,8,8,0,0,0,8
0x593a77,100%,0,8,8,0,0,0,8
0x593a24,100%,0,8,8,8,0,0,0
0x5f7bbe,100%,0,2,2,2,0,0,0
0x92c73f,100%,0,2600,2600,0,0,0,2600
0x666d68,100%,0,8,8,0,0,0,8
0x6663c3,100%,0,52,52,0,0,0,52
0x5aca87,100%,0,4,4,0,0,0,4
0x7d013a,100%,0,2,2,2,0,0,0
0x6337df,100%,0,2,2,0,0,0,2
0x6662c3,100%,0,52,52,0,0,0,52
0x666293,100%,0,52,52,0,0,0,52
0xa23634,100%,0,34,34,0,0,0,34
0x7ccc8c,100%,0,2,2,2,0,0,0
0x646e9f,100%,0,52,52,0,0,0,52
0x7ccc3e,100%,0,2,2,0,0,0,2
0x607de9,100%,0,2,2,0,0,0,2
0x665d00,100%,0,52,52,52,0,0,0
0x63a534,100%,0,2,2,0,0,0,2
0x926e36,100%,0,2,2,0,0,0,2
0x62f1a2,100%,0,2,2,0,0,0,2
0x62fc68,100%,0,2,2,0,0,0,2
0x62fc4d,100%,0,2,2,0,0,0,2
0x62fc03,100%,0,2,2,0,0,0,2
0x62fb88,100%,0,2,2,0,0,0,2
0x62f9fe,100%,0,2,2,0,0,0,2
0x7cdc2b,100%,0,52,52,0,0,0,52
0x961438,100%,0,159,159,0,0,0,159
0x62f6cb,100%,0,2,2,0,0,0,2
0x5f0b23,100%,0,4588,4588,0,0,0,4588
0x6556b9,100%,0,13515,13515,0,0,0,13515
0x62f560,100%,0,2,2,0,0,0,2
0x62f47c,100%,0,2,2,0,0,0,2
0x62f3d6,100%,0,2,2,0,0,0,2
0x62f24c,100%,0,2,2,0,0,0,2
0x5f4290,100%,0,22,22,0,0,0,22
0x62f13d,100%,0,2,2,0,0,0,2
0x62f097,100%,0,2,2,0,0,0,2
0x62f02f,100%,0,2,2,0,0,0,2
0x667ba3,100%,0,52,52,0,0,0,52
0x667b32,100%,0,52,52,0,0,0,52
0x6679b3,100%,0,52,52,0,0,0,52
0x667750,100%,0,2,2,0,0,0,2
0x7cd641,100%,0,52,52,52,0,0,0
0x667574,100%,0,52,52,0,0,0,52
0x66730b,100%,0,52,52,0,0,0,52
0x667200,100%,0,52,52,0,0,0,52
0x6310e7,100%,0,52,52,0,0,0,52
0x592c8b,100%,0,8,8,0,0,0,8
0x666e80,100%,0,8,8,0,0,0,8
0x8beccf,100%,0,2,2,0,0,0,2
0xa43bb7,100%,0,10625,10625,0,0,0,10625
0x8bebfd,100%,0,2,2,0,0,0,2
0x8c1514,100%,0,257,257,0,0,0,257
0x7700aa,100%,0,2,2,0,0,0,2
0x64f4a5,100%,0,2,2,0,0,0,2
0x65b2aa,100%,0,2,2,0,0,0,2
0x6637e8,100%,0,52,52,0,0,0,52
0x64bc3a,100%,0,2,2,2,0,0,0
0x594829,100%,0,8,8,0,0,0,8
0x7b0485,100%,0,2,2,0,0,0,2
0x6639a6,100%,0,2,2,0,0,0,2
0x76a16c,100%,0,52,52,0,0,0,52
0x404b8b,100%,0,14,14,0,0,0,14
0x636a3c,100%,0,257,257,0,0,0,257
0x643518,100%,0,2,2,0,0,0,2
0x64fcc9,100%,0,2,2,0,0,0,2
0x67ab69,100%,0,2,2,0,0,0,2
0x7eb95f,100%,0,2,2,2,0,0,0
0x8bf7e5,100%,0,2,2,0,0,0,2
0x8bf9fc,100%,0,2,2,0,0,0,2
0x5fd136,100%,0,88,88,88,0,0,0
0x7cc967,100%,0,156,156,0,0,0,156
0x608926,100%,0,2,2,0,0,0,2
0x8a4aab,100%,0,2,2,2,0,0,0
0x8bef5e,100%,0,208,208,0,0,0,208
0x5efb22,100%,0,2,2,0,0,0,2
0x64546f,100%,0,2,2,0,0,0,2
0x66fa48,100%,0,2,2,0,0,0,2
0x7ed6b0,100%,0,2,2,0,0,0,2
0x63be3d,100%,0,208,208,0,0,0,208
0x95a8ec,100%,0,2,2,0,0,0,2
0x7b44bb,100%,0,2,2,0,0,0,2
0x64b5cb,100%,0,2,2,0,0,0,2
0x6e69fa,100%,0,208,208,0,0,0,208
0x8c2134,100%,0,2,2,0,0,0,2
0x63f385,100%,0,2,2,0,0,0,2
0x761c0f,100%,0,5,5,0,0,0,5
0x5aca0d,100%,0,4,4,4,0,0,0
0x63f69d,100%,0,2,2,0,0,0,2
0x76b006,100%,0,2,2,0,0,0,2
0xa7a716,100%,0,257,257,0,0,0,257
0x7587b6,100%,0,52,52,0,0,0,52
0x62ec5e,100%,0,2,2,0,0,0,2
0x640d6f,100%,0,2,2,0,0,0,2
0x7cbbee,100%,0,2,2,0,0,0,2
0x633e3b,100%,0,2,2,0,0,0,2
0xa30869,100%,0,16579,16579,16579,0,0,0
0x7cbd8e,100%,0,52,52,52,0,0,0
0x640619,100%,0,2,2,0,0,0,2
0x761546,100%,0,2,2,0,0,0,2
0x7614f8,100%,0,2,2,0,0,0,2
0x761419,100%,0,2,2,0,0,0,2
0x65b51a,100%,0,2,2,0,0,0,2
0x63ecab,100%,0,2,2,0,0,0,2
0x960f60,100%,0,125,125,0,0,0,125
0x76abdf,100%,0,52,52,0,0,0,52
0x62f2f2,100%,0,2,2,0,0,0,2
0x5efca6,100%,0,50,50,0,0,0,50
0x404001,100%,0,6,6,6,0,0,0
0x7595a1,100%,0,1,1,0,0,0,1
0x5f60ea,100%,0,38,38,0,0,0,38
0x761328,100%,0,6,6,0,0,0,6
0x598c38,100%,0,32,32,0,0,0,32
0x8c1695,100%,0,1,1,1,0,0,0
0x634598,100%,0,2,2,0,0,0,2
0x7a9d2d,100%,0,4,4,0,0,0,4
0x7b04da,100%,0,2,2,2,0,0,0
0x660ce9,100%,0,2,2,2,0,0,0
0x634fc0,100%,0,2,2,0,0,0,2
0x65b054,100%,0,2,2,0,0,0,2
0x64bba2,100%,0,2,2,0,0,0,2
0x763275,100%,0,2,2,0,0,0,2
0x67a1a8,100%,0,8,8,0,0,0,8
0x92a3ff,100%,0,129,129,0,0,0,129
0x8c1582,100%,0,100,100,0,0,0,100
0x649f05,100%,0,100,100,0,0,0,100
0x631462,100%,0,52,52,0,0,0,52
0x59924c,100%,0,32,32,0,0,0,32
0x8a4c48,100%,0,2,2,0,0,0,2
0x7e75cf,100%,0,52,52,0,0,0,52
0x644f48,100%,0,52,52,0,0,0,52
0xa76a8a,100%,0,806,806,0,0,0,806
0x76adc8,100%,0,2,2,2,0,0,0
0x766ff2,100%,0,32,32,0,0,0,32
0x64362e,100%,0,52,52,0,0,0,52
0x6507bc,100%,0,2,2,0,0,0,2
0x8c202f,100%,0,2,2,0,0,0,2
0x6031b6,100%,0,22,22,0,0,0,22
0x8c5f1f,100%,0,100,100,0,0,0,100
0x8c20a6,100%,0,2,2,0,0,0,2
0x76a97a,100%,0,2,2,0,0,0,2
0x75d769,100%,0,2,2,0,0,0,2
0x7a9891,100%,0,100,100,0,0,0,100
0x65c1ca,100%,0,2,2,0,0,0,2
0x659f33,100%,0,2,2,2,0,0,0
0xa43da1,100%,0,10625,10625,0,0,0,10625
0x5ea6b0,100%,0,208,208,0,0,0,208
0x7ce4f1,100%,0,2,2,0,0,0,2
0x8c0183,100%,0,2,2,0,0,0,2
0x8c020d,100%,0,100,100,0,0,0,100
0x760b5d,100%,0,2,2,0,0,0,2
0x763245,100%,0,2,2,0,0,0,2
0x760b25,100%,0,17,17,0,0,0,17
0x8bf819,100%,0,2,2,0,0,0,2
0x7625f5,100%,0,12,12,0,0,0,12
0x634a4b,100%,0,52,52,0,0,0,52
0x8c460a,100%,0,2600,2600,0,0,0,2600
0x65968d,100%,0,2,2,0,0,0,2
0x66e96c,100%,0,100,100,0,0,0,100
0x64cd88,100%,0,2,2,0,0,0,2
0x63cff5,100%,0,8,8,0,0,0,8
0x63c1cf,100%,0,8,8,0,0,0,8
0x760398,100%,0,2,2,0,0,0,2
0x646c25,100%,0,2,2,0,0,0,2
0x76778d,100%,0,2,2,0,0,0,2
0x757c7f,100%,0,2,2,0,0,0,2
0x63d5b0,100%,0,8,8,0,0,0,8
0x7cf39b,100%,0,50,50,0,0,0,50
0x64d518,100%,0,2,2,0,0,0,2
0x653877,100%,0,2,2,0,0,0,2
0xa78048,100%,0,4,4,0,0,0,4
0x7742de,100%,0,2,2,2,0,0,0
0xa38c92,100%,0,6,6,0,0,0,6
0x67a03d,100%,0,8,8,8,0,0,0
0x65b5a8,100%,0,2,2,0,0,0,2
0x929b3a,100%,0,159,159,0,0,0,159
0x635a1a,100%,0,2,2,0,0,0,2
0x62fcc8,100%,0,2,2,0,0,0,2
0x65aebd,100%,0,2,2,0,0,0,2
0x6d872d,100%,0,16,16,16,0,0,0
0x64d433,100%,0,2,2,0,0,0,2
0x6316c2,100%,0,2,2,0,0,0,2
0x763122,100%,0,2,2,0,0,0,2
0x7749ef,100%,0,52,52,0,0,0,52
0x5e8fd1,100%,0,2,2,0,0,0,2
0x66e1d7,100%,0,2,2,0,0,0,2
0xa43c98,100%,0,10625,10625,0,0,0,10625
0x634f0d,100%,0,2,2,0,0,0,2
0x76ebd2,100%,0,7,7,7,0,0,0
0x644801,100%,0,2,2,0,0,0,2
0x62fdf2,100%,0,2,2,0,0,0,2
0x5e663b,100%,0,50,50,0,0,0,50
0x76341f,100%,0,52,52,0,0,0,52
0x642004,100%,0,2,2,0,0,0,2
0x8c5542,100%,0,100,100,0,0,0,100
0x76bbf1,100%,0,42,42,0,0,0,42
0x9fb727,100%,0,259,259,259,0,0,0
0x76777b,100%,0,2,2,0,0,0,2
0x8bf50e,100%,0,2,2,0,0,0,2
0x7629db,100%,0,2,2,0,0,0,2
0x6417f1,100%,0,2,2,0,0,0,2
0x9e1604,100%,0,96,96,0,0,0,96
0x6552cf,100%,0,13515,13515,13515,0,0,0
0x760f05,100%,0,2,2,0,0,0,2
0x65849d,100%,0,819,819,0,0,0,819
0x647508,100%,0,2,2,0,0,0,2
0x960da4,100%,0,159,159,0,0,0,159
0x7597c9,100%,0,2,2,0,0,0,2
0x66a5ec,100%,0,52,52,0,0,0,52
0x75ebf8,100%,0,2,2,0,0,0,2
0x637392,100%,0,257,257,0,0,0,257
0x65a616,100%,0,2,2,0,0,0,2
0x650b60,100%,0,2,2,2,0,0,0
0x95aabf,100%,0,52,52,52,0,0,0
0x640759,100%,0,2,2,0,0,0,2
0x5e9c63,100%,0,4,4,0,0,0,4
0x631202,100%,0,2,2,0,0,0,2
0x658a68,100%,0,2,2,0,0,0,2
0x8c4e7a,100%,0,500,500,0,0,0,500
0x8c6b46,100%,0,100,100,0,0,0,100
0x8c4915,100%,0,500,500,0,0,0,500
0x763016,100%,0,2,2,0,0,0,2
0x929304,100%,0,20,20,0,0,0,20
0x65e709,100%,0,2600,2600,0,0,0,2600
0x929894,100%,0,125,125,0,0,0,125
0x8c49be,100%,0,13000,13000,13000,0,0,0
0x7cb4d1,100%,0,2,2,0,0,0,2
0x778e3b,100%,0,32,32,32,0,0,0
0x6605a4,100%,0,2,2,2,0,0,0
0x8c20c0,100%,0,2,2,0,0,0,2
0x641816,100%,0,2,2,0,0,0,2
0x76b642,100%,0,44,44,0,0,0,44
0x64b5aa,100%,0,2,2,0,0,0,2
0x64e3de,100%,0,10,10,0,0,0,10
0x6393e7,100%,0,100,100,0,0,0,100
0x96197b,100%,0,159,159,0,0,0,159
0x62f939,100%,0,2,2,0,0,0,2
0x641be8,100%,0,52,52,0,0,0,52
0x648947,100%,0,2,2,0,0,0,2
0x631723,100%,0,2,2,0,0,0,2
0x76920c,100%,0,12,12,0,0,0,12
0x6053ca,100%,0,2,2,2,0,0,0
0x62f202,100%,0,2,2,0,0,0,2
0x592cbc,100%,0,8,8,0,0,0,8
0x8c3ca1,100%,0,100,100,0,0,0,100
0x8c32a4,100%,0,100,100,0,0,0,100
0x631312,100%,0,2,2,0,0,0,2
0x635462,100%,0,2,2,0,0,0,2
0x62e9de,100%,0,2,2,0,0,0,2
0x6d9201,100%,0,16,16,0,0,0,16
0x6867bc,100%,0,2,2,2,0,0,0
0x7aaaeb,100%,0,2,2,0,0,0,2
0x76130e,100%,0,2,2,0,0,0,2
0x603656,100%,0,16,16,0,0,0,16
0x7cbd46,100%,0,52,52,0,0,0,52
0x632c42,100%,0,2,2,0,0,0,2
0x652b8c,100%,0,4680,4680,0,0,0,4680
0x640425,100%,0,2,2,0,0,0,2
0x8c4636,100%,0,100,100,0,0,0,100
0x7aa8d3,100%,0,52,52,52,0,0,0
0x641ac9,100%,0,2,2,0,0,0,2
0x92b2f5,100%,0,2,2,2,0,0,0
0x64efd4,100%,0,8,8,8,0,0,0
0x9f98f2,100%,0,2042,2042,0,0,0,2042
0x64e350,100%,0,10,10,0,0,0,10
0x64aa0c,100%,0,100,100,0,0,0,100
0x64dd20,100%,0,2,2,0,0,0,2
0x646c4f,100%,0,2,2,0,0,0,2
0x67b3a8,100%,0,2,2,0,0,0,2
0x635f06,100%,0,2,2,0,0,0,2
0x630182,100%,0,2,2,0,0,0,2
0x64fca8,100%,0,80,80,0,0,0,80
0x633c9b,100%,0,2,2,0,0,0,2
0x640eda,100%,0,2,2,0,0,0,2
0x65ab82,100%,0,2,2,0,0,0,2
0x62f57b,100%,0,2,2,0,0,0,2
0x89fcea,100%,0,8,8,0,0,0,8
0x640cb4,100%,0,2,2,0,0,0,2
0x648999,100%,0,2,2,0,0,0,2
0x7625a9,100%,0,6,6,0,0,0,6
0x6404c9,100%,0,2,2,0,0,0,2
0x63ae2d,100%,0,12,12,0,0,0,12
0x76ed1a,100%,0,7,7,7,0,0,0
0x687fa2,100%,0,2,2,0,0,0,2
0x66e337,100%,0,2,2,0,0,0,2
0x5ea155,100%,0,52,52,0,0,0,52
0x76239f,100%,0,2,2,0,0,0,2
0x67af59,100%,0,2,2,0,0,0,2
0x5f41e6,100%,0,4,4,0,0,0,4
0x649f9c,100%,0,100,100,0,0,0,100
0x95acaf,100%,0,2,2,2,0,0,0
0x762305,100%,0,44,44,0,0,0,44
0x62fe9c,100%,0,2,2,0,0,0,2
0x8c334c,100%,0,100,100,100,0,0,0
0x76a018,100%,0,2,2,2,0,0,0
0x65e31a,100%,0,100,100,0,0,0,100
0x62ed5a,100%,0,2,2,0,0,0,2
0x761f91,100%,0,2,2,0,0,0,2
0x7aad53,100%,0,54,54,0,0,0,54
0x7b43f5,100%,0,2,2,0,0,0,2
0x778284,100%,0,8,8,8,0,0,0
0x761ea4,100%,0,2,2,0,0,0,2
0x92cb98,100%,0,10400,10400,10400,0,0,0
0x634d5c,100%,0,2,2,0,0,0,2
0x8c04a2,100%,0,2,2,0,0,0,2
0x67b1ae,100%,0,8,8,8,0,0,0
0x76f2d4,100%,0,12,12,12,0,0,0
0x95a60c,100%,0,52,52,0,0,0,52
0x63bbdc,100%,0,64,64,0,0,0,64
0x67b238,100%,0,8,8,0,0,0,8
0x67b32e,100%,0,8,8,8,0,0,0
0x67b349,100%,0,2,2,0,0,0,2
0x599488,100%,0,624,624,0,0,0,624
0x66e8f8,100%,0,2,2,0,0,0,2
0x67b3d9,100%,0,2,2,0,0,0,2
0x7d0617,100%,0,52,52,0,0,0,52
0x76ce39,100%,0,52,52,0,0,0,52
0x635853,100%,0,2,2,0,0,0,2
0xa2b825,100%,0,4,4,4,0,0,0
0x960cae,100%,0,2,2,0,0,0,2
0x63fd5a,100%,0,2,2,0,0,0,2
0x65cb68,100%,0,98,98,98,0,0,0
0x949fb6,100%,0,8,8,8,0,0,0
0x67b580,100%,0,2,2,0,0,0,2
0x67b6b8,100%,0,8,8,0,0,0,8
0x76c82b,100%,0,44,44,0,0,0,44
0x67b70d,100%,0,2,2,0,0,0,2
0x67b7ae,100%,0,8,8,8,0,0,0
0x67b828,100%,0,2,2,0,0,0,2
0x67b838,100%,0,8,8,0,0,0,8
0x7b231a,100%,0,2,2,0,0,0,2
0x64bfaf,100%,0,2,2,0,0,0,2
0x67b868,100%,0,8,8,0,0,0,8
0x67b88d,100%,0,2,2,0,0,0,2
0x67b8f6,100%,0,2,2,0,0,0,2
0x762fa1,100%,0,32,32,0,0,0,32
0x631919,100%,0,2,2,0,0,0,2
0x64187b,100%,0,2,2,0,0,0,2
0x64987f,100%,0,2,2,0,0,0,2
0x9e197c,100%,0,2,2,2,0,0,0
0x6440c0,100%,0,2,2,0,0,0,2
0x7e716d,100%,0,2,2,0,0,0,2
0x76e425,100%,0,16,16,0,0,0,16
0x774a77,100%,0,2,2,0,0,0,2
0x6443c2,100%,0,2600,2600,0,0,0,2600
0x637238,100%,0,257,257,0,0,0,257
0x598847,100%,0,48,48,0,0,0,48
0x687158,100%,0,2,2,0,0,0,2
0x644855,100%,0,2,2,0,0,0,2
0x7a999b,100%,0,100,100,100,0,0,0
0x7695ca,100%,0,4,4,0,0,0,4
0x634cc0,100%,0,2,2,0,0,0,2
0x778f03,100%,0,208,208,0,0,0,208
0x67ac59,100%,0,2,2,0,0,0,2
0x7e7e08,100%,0,2,2,2,0,0,0
0x95aa64,100%,0,52,52,0,0,0,52
0x67ad2e,100%,0,8,8,8,0,0,0
0x7bc81c,100%,0,2,2,0,0,0,2
0x7affa0,100%,0,2,2,0,0,0,2
0x67ae00,100%,0,2,2,0,0,0,2
0x67aeae,100%,0,8,8,8,0,0,0
0x774719,100%,0,52,52,0,0,0,52
0x9e1b35,100%,0,2,2,2,0,0,0
0x67af8d,100%,0,2,2,0,0,0,2
0x5da3bd,100%,0,2,2,0,0,0,2
0x67b049,100%,0,2,2,0,0,0,2
0x6f56f2,100%,0,2,2,2,0,0,0
0x7aa192,100%,0,52,52,0,0,0,52
0x404c5c,100%,0,22,22,22,0,0,0
0xa228de,100%,0,125,125,0,0,0,125
0x42c08e,100%,0,26,26,0,0,0,26
0x75fb49,100%,0,2,2,0,0,0,2
0x5953be,100%,0,624,624,0,0,0,624
0x7cb708,100%,0,2,2,0,0,0,2
0x595460,100%,0,624,624,0,0,0,624
0x762b8b,100%,0,42,42,0,0,0,42
0x42af2c,100%,0,6,6,6,0,0,0
0x7bce77,100%,0,10,10,0,0,0,10
0x774206,100%,0,52,52,52,0,0,0
0x404972,100%,0,6,6,6,0,0,0
0x7aa422,100%,0,50,50,0,0,0,50
0x7bd089,100%,0,10,10,0,0,0,10
0x42a4bd,100%,0,24,24,0,0,0,24
0x641127,100%,0,2,2,0,0,0,2
0x7bd32e,100%,0,10,10,10,0,0,0
0x637987,100%,0,257,257,0,0,0,257
0x6da344,100%,0,4,4,4,0,0,0
0x9f9979,100%,0,259,259,0,0,0,259
0x7cd143,100%,0,2,2,2,0,0,0
0x6d9038,100%,0,36,36,0,0,0,36
0x6d91fc,100%,0,16,16,0,0,0,16
0x634a90,100%,0,2,2,0,0,0,2
0x6da57e,100%,0,2,2,2,0,0,0
0x635a3f,100%,0,2,2,0,0,0,2
0x6da61d,100%,0,2,2,0,0,0,2
0x9e0e4f,100%,0,30,30,0,0,0,30
0x949d67,100%,0,2,2,0,0,0,2
0x64e09c,100%,0,2,2,0,0,0,2
0xa43e48,100%,0,10625,10625,0,0,0,10625
0x959c9c,100%,0,2,2,2,0,0,0
0x95a118,100%,0,52,52,0,0,0,52
0x67b9fb,100%,0,2,2,0,0,0,2
0x75d92b,100%,0,2,2,0,0,0,2
0x7e82a4,100%,0,2,2,2,0,0,0
0x65bf89,100%,0,2,2,0,0,0,2
0x67a268,100%,0,8,8,0,0,0,8
0x9f7dbf,100%,0,8,8,8,0,0,0
0x6359fa,100%,0,2,2,0,0,0,2
0x661acd,100%,0,2,2,0,0,0,2
0x95b598,100%,0,2,2,0,0,0,2
0x7cf64f,100%,0,2,2,2,0,0,0
0x927068,100%,0,54,54,0,0,0,54
0x926f59,100%,0,50,50,0,0,0,50
0x7edccb,100%,0,2,2,0,0,0,2
0x681c6c,100%,0,2,2,0,0,0,2
0x760794,100%,0,2,2,0,0,0,2
0x644a21,100%,0,2,2,0,0,0,2
0x6336a1,100%,0,2,2,0,0,0,2
0x59597c,100%,0,42,42,42,0,0,0
0x5ac5b8,100%,0,2,2,0,0,0,2
0x761dc2,100%,0,6,6,0,0,0,6
0x5ac4d9,100%,0,2,2,0,0,0,2
0x5ac4b8,100%,0,2,2,0,0,0,2
0x6d8ba6,100%,0,16,16,0,0,0,16
0x5e7157,100%,0,2,2,0,0,0,2
0x7d04dd,100%,0,2,2,2,0,0,0
0x62f0d7,100%,0,2,2,0,0,0,2
0x8c20da,100%,0,2,2,0,0,0,2
0x5ac497,100%,0,2,2,0,0,0,2
0x757843,100%,0,52,52,0,0,0,52
0x5f051f,100%,0,2,2,0,0,0,2
0x926c63,100%,0,8,8,0,0,0,8
0xa395a7,100%,0,7,7,0,0,0,7
0xa394dc,100%,0,7,7,0,0,0,7
0x67b859,100%,0,2,2,0,0,0,2
0x7cb4eb,100%,0,2,2,0,0,0,2
0x6346ad,100%,0,2,2,0,0,0,2
0x641b00,100%,0,2,2,0,0,0,2
0x648fe1,100%,0,2,2,0,0,0,2
0x961697,100%,0,159,159,0,0,0,159
0x429901,100%,0,1341,1341,1341,0,0,0
0x64bb0e,100%,0,2,2,2,0,0,0
0x8bf148,100%,0,100,100,0,0,0,100
0x75abd0,100%,0,514,514,514,0,0,0
0x429e54,100%,0,8,8,0,0,0,8
0x75cf7b,100%,0,2,2,0,0,0,2
0x7e8e7c,100%,0,2,2,0,0,0,2
0x429f64,100%,0,100,100,0,0,0,100
0x429f78,100%,0,100,100,0,0,0,100
0x7b010f,100%,0,2,2,2,0,0,0
0x64f7b5,100%,0,2,2,0,0,0,2
0x67ba81,100%,0,2,2,0,0,0,2
0x7aff86,100%,0,2,2,0,0,0,2
0x960aca,100%,0,159,159,0,0,0,159
0x65b370,100%,0,2,2,0,0,0,2
0x64b5dd,100%,0,2,2,0,0,0,2
0xa7a66e,100%,0,257,257,0,0,0,257
0x63cdd5,100%,0,257,257,0,0,0,257
0x645cda,100%,0,2,2,0,0,0,2
0x637f1f,100%,0,257,257,257,0,0,0
0x67b6a8,100%,0,2,2,0,0,0,2
0x8a004a,100%,0,2,2,0,0,0,2
0x65a51b,100%,0,2,2,0,0,0,2
0x766d9a,100%,0,32,32,0,0,0,32
0x660ccf,100%,0,2,2,2,0,0,0
0x7681fe,100%,0,104,104,0,0,0,104
0x646910,100%,0,2,2,0,0,0,2
0x65a2a5,100%,0,2,2,0,0,0,2
0x6f4c3f,100%,0,52,52,0,0,0,52
0x766dfb,100%,0,32,32,0,0,0,32
0x76a6d2,100%,0,2,2,0,0,0,2
0x64b535,100%,0,2,2,2,0,0,0
0x65a4dd,100%,0,2,2,0,0,0,2
0x643b47,100%,0,2,2,0,0,0,2
0x65a4ef,100%,0,2,2,0,0,0,2
0x756813,100%,0,208,208,0,0,0,208
0x92d5d5,100%,0,2,2,0,0,0,2
0x9f7dd7,100%,0,8,8,0,0,0,8
0x643a11,100%,0,2,2,0,0,0,2
0x8c65ec,100%,0,2500,2500,0,0,0,2500
0x76cf7a,100%,0,2,2,0,0,0,2
0x42bc79,100%,0,6,6,6,0,0,0
0x65a551,100%,0,2,2,0,0,0,2
0x63b388,100%,0,2,2,0,0,0,2
0x6402d9,100%,0,2,2,0,0,0,2
0x641a32,100%,0,2,2,0,0,0,2
0x6441e2,100%,0,2600,2600,0,0,0,2600
0x64b28f,100%,0,2,2,0,0,0,2
0x9ff1db,100%,0,10,10,0,0,0,10
0x64188b,100%,0,2,2,0,0,0,2
0x755ecb,100%,0,208,208,0,0,0,208
0x602d83,100%,0,2,2,0,0,0,2
0x9f5d57,100%,0,134,134,0,0,0,134
0x7cf219,100%,0,52,52,0,0,0,52
0x67ba24,100%,0,2,2,0,0,0,2
0x633050,100%,0,2,2,0,0,0,2
0x769c5e,100%,0,2,2,0,0,0,2
0x65b4a2,100%,0,2,2,0,0,0,2
0x64511e,100%,0,2,2,0,0,0,2
0x405432,100%,0,6,6,6,0,0,0
0x7621f1,100%,0,44,44,0,0,0,44
0x8bead4,100%,0,2,2,0,0,0,2
0x641925,100%,0,2,2,0,0,0,2
0x62ed1e,100%,0,2,2,0,0,0,2
0x641d68,100%,0,52,52,0,0,0,52
0x42ae98,100%,0,8,8,8,0,0,0
0x8bfb16,100%,0,2,2,0,0,0,2
0x62f160,100%,0,2,2,0,0,0,2
0x64fcd3,100%,0,2,2,0,0,0,2
0x6427ba,100%,0,2,2,0,0,0,2
0x770e9f,100%,0,2,2,0,0,0,2
0x6360aa,100%,0,2,2,0,0,0,2
0x76cab8,100%,0,2,2,0,0,0,2
0x76d86a,100%,0,44,44,0,0,0,44
0x6435ea,100%,0,2,2,0,0,0,2
0x6d90ea,100%,0,4,4,0,0,0,4
0x95a66c,100%,0,2,2,2,0,0,0
0x77007e,100%,0,2,2,0,0,0,2
0x8c32fb,100%,0,100,100,0,0,0,100
0x6317a1,100%,0,2,2,0,0,0,2
0x63a852,100%,0,2,2,0,0,0,2
0x656d77,100%,0,2,2,0,0,0,2
0x655358,100%,0,68,68,0,0,0,68
0x7b4194,100%,0,2,2,0,0,0,2
0x65a476,100%,0,2,2,0,0,0,2
0x7cd219,100%,0,2,2,2,0,0,0
0x75c8da,100%,0,10,10,0,0,0,10
0x7b223e,100%,0,2,2,0,0,0,2
0x63fdf3,100%,0,2,2,0,0,0,2
0x75caea,100%,0,52,52,0,0,0,52
0x64984e,100%,0,2,2,0,0,0,2
0x7cec03,100%,0,2,2,2,0,0,0
0x6406b5,100%,0,2,2,0,0,0,2
0x633c3d,100%,0,2,2,0,0,0,2
0x63f237,100%,0,2,2,0,0,0,2
0x92a286,100%,0,159,159,0,0,0,159
0x75c9aa,100%,0,2,2,0,0,0,2
0x76601e,100%,0,96,96,0,0,0,96
0x6346e9,100%,0,2,2,0,0,0,2
0x631486,100%,0,2,2,0,0,0,2
0x603191,100%,0,22,22,0,0,0,22
0x8c31c3,100%,0,100,100,0,0,0,100
0x76a4a3,100%,0,52,52,0,0,0,52
0x8c1665,100%,0,6,6,0,0,0,6
0x5ac5bf,100%,0,2,2,2,0,0,0
0x641558,100%,0,2,2,0,0,0,2
0x5e7053,100%,0,4,4,0,0,0,4
0x5ac453,100%,0,2,2,0,0,0,2
0x64b5b9,100%,0,2,2,0,0,0,2
0x4297ae,100%,0,8,8,0,0,0,8
0x772c93,100%,0,2,2,2,0,0,0
0x64460b,100%,0,2,2,0,0,0,2
0x9f4f86,100%,0,261,261,0,0,0,261
0x5f752f,100%,0,1026,1026,1026,0,0,0
0x9fb5b0,100%,0,261,261,0,0,0,261
0xa797ea,100%,0,173,173,0,0,0,173
0x769ef9,100%,0,2,2,2,0,0,0
0x760c10,100%,0,2,2,0,0,0,2
0x655152,100%,0,3641,3641,0,0,0,3641
0x62eb7e,100%,0,2,2,0,0,0,2
0x64635b,100%,0,2,2,0,0,0,2
0x63461f,100%,0,2,2,0,0,0,2
0x646330,100%,0,2,2,0,0,0,2
0x64f96a,100%,0,2,2,0,0,0,2
0x8c4a93,100%,0,100,100,0,0,0,100
0x4049d6,100%,0,6,6,0,0,0,6
0x616f7c,100%,0,52,52,0,0,0,52
0x64603a,100%,0,2,2,0,0,0,2
0x64d9d5,100%,0,2,2,0,0,0,2
0x95a23b,100%,0,52,52,0,0,0,52
0x7e883c,100%,0,2,2,0,0,0,2
0x5f1124,100%,0,54,54,0,0,0,54
0x67b2e8,100%,0,2,2,0,0,0,2
0x778c09,100%,0,8,8,0,0,0,8
0x7b32a6,100%,0,2,2,0,0,0,2
0x7edfe7,100%,0,2,2,2,0,0,0
0x64def6,100%,0,100,100,0,0,0,100
0x8c3241,100%,0,100,100,0,0,0,100
0x63fcbc,100%,0,2,2,0,0,0,2
0x7cd971,100%,0,52,52,52,0,0,0
0xa3959d,100%,0,7,7,0,0,0,7
0x6454cc,100%,0,2,2,0,0,0,2
0x67a65e,100%,0,2,2,0,0,0,2
0x65b285,100%,0,2,2,0,0,0,2
0x644f04,100%,0,2,2,0,0,0,2
0x8c6b27,100%,0,100,100,0,0,0,100
0x92b0e0,100%,0,2,2,0,0,0,2
0x648851,100%,0,2,2,0,0,0,2
0x67a228,100%,0,2,2,0,0,0,2
0x64747f,100%,0,52,52,0,0,0,52
0x5ef9c7,100%,0,4,4,2,0,0,2
0x63eec8,100%,0,2,2,0,0,0,2
0x593b06,100%,0,8,8,0,0,0,8
0x63bc11,100%,0,8,8,0,0,0,8
0x7631a8,100%,0,2,2,0,0,0,2
0x602fd3,100%,0,22,22,0,0,0,22
0x648b8d,100%,0,2,2,0,0,0,2
0x666d7d,100%,0,8,8,0,0,0,8
0x929adc,100%,0,159,159,0,0,0,159
0x63becd,100%,0,208,208,0,0,0,208
0x403e9f,100%,0,6,6,0,0,0,6
0x6397cb,100%,0,2,2,0,0,0,2
0x961122,100%,0,159,159,0,0,0,159
0x647658,100%,0,100,100,0,0,0,100
0x7a8f24,100%,0,4,4,0,0,0,4
0x644cf4,100%,0,2,2,0,0,0,2
0x6473cf,100%,0,2,2,0,0,0,2
0x64995a,100%,0,2,2,0,0,0,2
0x647078,100%,0,2600,2600,0,0,0,2600
0x76fcad,100%,0,2,2,0,0,0,2
0x5f15c2,100%,0,38,38,0,0,0,38
0xa228f3,100%,0,125,125,0,0,0,125
0x62f6ea,100%,0,2,2,0,0,0,2
0x666c38,100%,0,8,8,0,0,0,8
0x7a9a6f,100%,0,100,100,0,0,0,100
0x643693,100%,0,2,2,0,0,0,2
0x6386d6,100%,0,257,257,0,0,0,257
0x6467df,100%,0,2,2,0,0,0,2
0x67a198,100%,0,2,2,0,0,0,2
0x646646,100%,0,2,2,0,0,0,2
0x94a110,100%,0,2,2,0,0,0,2
0x76c4ae,100%,0,44,44,0,0,0,44
0x76d7ab,100%,0,2,2,0,0,0,2
0x64016c,100%,0,2,2,0,0,0,2
0x643a16,100%,0,2,2,0,0,0,2
0x64ba24,100%,0,80,80,0,0,0,80
0x618f40,100%,0,6916,6916,0,0,0,6916
0x76d723,100%,0,52,52,0,0,0,52
0x6f4a9f,100%,0,52,52,0,0,0,52
0x64f78b,100%,0,2,2,0,0,0,2
0x8c3cbd,100%,0,100,100,0,0,0,100
0x65a686,100%,0,2,2,0,0,0,2
0xa79702,100%,0,2,2,0,0,0,2
0xa796c3,100%,0,2,2,0,0,0,2
0x63a24c,100%,0,2,2,0,0,0,2
0x95aca4,100%,0,2,2,0,0,0,2
0x95ac32,100%,0,2,2,0,0,0,2
0x76d7bb,100%,0,2,2,0,0,0,2
0x64fc69,100%,0,2,2,0,0,0,2
0xa769fb,100%,0,21278,21278,0,0,0,21278
0x598d36,100%,0,2,2,2,0,0,0
0x5f240f,100%,0,2,2,2,0,0,0
0x65af2d,100%,0,2,2,0,0,0,2
0x660815,100%,0,2,2,2,0,0,0
0x7cf3fb,100%,0,2,2,0,0,0,2
0x646357,100%,0,2,2,0,0,0,2
0x9e095c,100%,0,748,748,0,0,0,748
0x598ce8,100%,0,52,52,0,0,0,52
0x64ac07,100%,0,2,2,0,0,0,2
0x65a754,100%,0,2,2,2,0,0,0
0x75e5f2,100%,0,44,44,0,0,0,44
0x67ba5d,100%,0,2,2,0,0,0,2
0x76e3fd,100%,0,16,16,0,0,0,16
0x64d5e5,100%,0,2,2,0,0,0,2
0x76e3a1,100%,0,16,16,0,0,0,16
0x76e15b,100%,0,2,2,0,0,0,2
0x633248,100%,0,2,2,0,0,0,2
0x663bc6,100%,0,2,2,0,0,0,2
0x5f3b09,100%,0,2,2,0,0,0,2
0x76e109,100%,0,2,2,0,0,0,2
0x64abe3,100%,0,2,2,0,0,0,2
0x7cb581,100%,0,2,2,0,0,0,2
0x769e1e,100%,0,2,2,0,0,0,2
0xa765d6,100%,0,52,52,0,0,0,52
0x659180,100%,0,2,2,0,0,0,2
0xa76619,100%,0,98,98,0,0,0,98
0x8c5cc1,100%,0,2500,2500,0,0,0,2500
0x9ff0fd,100%,0,1092,1092,1092,0,0,0
0x76dadd,100%,0,44,44,0,0,0,44
0x63bf11,100%,0,8,8,0,0,0,8
0x64c390,100%,0,8,8,0,0,0,8
0x6306c9,100%,0,2,2,0,0,0,2
0x64aa8c,100%,0,100,100,0,0,0,100
0x63c8aa,100%,0,257,257,0,0,0,257
0x6040de,100%,0,44,44,44,0,0,0
0x64aa4c,100%,0,100,100,0,0,0,100
0x773f21,100%,0,2,2,2,0,0,0
0x8c675a,100%,0,500,500,0,0,0,500
0x64e4c1,100%,0,2,2,0,0,0,2
0x7b0344,100%,0,2,2,0,0,0,2
0x64da93,100%,0,60000,60000,0,0,0,60000
0x62e95e,100%,0,2,2,0,0,0,2
0x5f1241,100%,0,54,54,0,0,0,54
0x8c2044,100%,0,2,2,0,0,0,2
0x76b4e9,100%,0,2,2,0,0,0,2
0x92a2a2,100%,0,159,159,0,0,0,159
0x62e99e,100%,0,2,2,0,0,0,2
0x67b7c9,100%,0,2,2,0,0,0,2
0x642eb8,100%,0,2,2,0,0,0,2
0x757b53,100%,0,54,54,0,0,0,54
0x63b35f,100%,0,2,2,0,0,0,2
0x7b0a2c,100%,0,2,2,0,0,0,2
0x7aa0d2,100%,0,54,54,0,0,0,54
0x7af9d5,100%,0,2,2,2,0,0,0
0x65c758,100%,0,2,2,2,0,0,0
0x63b258,100%,0,84,84,84,0,0,0
0x63b241,100%,0,84,84,0,0,0,84
0x63af6d,100%,0,14,14,0,0,0,14
0x755cb7,100%,0,52,52,0,0,0,52
0xa79690,100%,0,257,257,0,0,0,257
0x7a8c26,100%,0,104,104,0,0,0,104
0x42ae9f,100%,0,16,16,16,0,0,0
0x772ff6,100%,0,52,52,0,0,0,52
0x650a85,100%,0,2,2,2,0,0,0
0x8c440f,100%,0,100,100,0,0,0,100
0x63a933,100%,0,2,2,0,0,0,2
0xa2b7a3,100%,0,4,4,0,0,0,4
0x67ae0d,100%,0,2,2,0,0,0,2
0x63a1e1,100%,0,100,100,0,0,0,100
0x65ce26,100%,0,52,52,0,0,0,52
0x639f02,100%,0,2,2,0,0,0,2
0x7b416d,100%,0,2,2,0,0,0,2
0x7e81d9,100%,0,52,52,52,0,0,0
0x65345b,100%,0,2,2,0,0,0,2
0x639afb,100%,0,2,2,0,0,0,2
0x95ae74,100%,0,2,2,0,0,0,2
0x658bc0,100%,0,2,2,0,0,0,2
0x64fb32,100%,0,2,2,0,0,0,2
0x62ebfe,100%,0,2,2,0,0,0,2
0x64af27,100%,0,2,2,0,0,0,2
0x64f8fb,100%,0,2,2,0,0,0,2
0x64f8b6,100%,0,2,2,0,0,0,2
0x67b700,100%,0,2,2,0,0,0,2
0x64f749,100%,0,2,2,0,0,0,2
0x64f6ed,100%,0,2,2,0,0,0,2
0x64604b,100%,0,2,2,0,0,0,2
0x7a993d,100%,0,100,100,0,0,0,100
0x64f658,100%,0,2,2,0,0,0,2
0x64f5d5,100%,0,2,2,0,0,0,2
0x7a9816,100%,0,100,100,0,0,0,100
0x67b4c9,100%,0,2,2,0,0,0,2
0x635fae,100%,0,2,2,0,0,0,2
0x64bfe3,100%,0,80,80,0,0,0,80
0x649a4f,100%,0,2,2,0,0,0,2
0x757873,100%,0,52,52,0,0,0,52
0x6499d3,100%,0,2,2,0,0,0,2
0x64997e,100%,0,2,2,0,0,0,2
0x8c447f,100%,0,100,100,0,0,0,100
0x64fa60,100%,0,80,80,0,0,0,80
0x7603c2,100%,0,2,2,0,0,0,2
0x6498b0,100%,0,2,2,0,0,0,2
0x64989e,100%,0,2,2,0,0,0,2
0x6e671d,100%,0,2,2,0,0,0,2
0x8c68da,100%,0,100,100,0,0,0,100
0x65a4a4,100%,0,2,2,0,0,0,2
0x649228,100%,0,2,2,2,0,0,0
0xa24b18,100%,0,505,505,0,0,0,505
0x403265,100%,0,26,26,26,0,0,0
0x67b649,100%,0,2,2,0,0,0,2
0x636d20,100%,0,257,257,0,0,0,257
0x7cd2ef,100%,0,2,2,2,0,0,0
0x6573a2,100%,0,2,2,0,0,0,2
0x639e50,100%,0,2,2,0,0,0,2
0x636b32,100%,0,257,257,0,0,0,257
0x7b3fd3,100%,0,52,52,0,0,0,52
0x65944c,100%,0,52,52,0,0,0,52
0x64986a,100%,0,2,2,0,0,0,2
0x75d6c9,100%,0,2,2,0,0,0,2
0x67a782,100%,0,2,2,0,0,0,2
0x77325b,100%,0,52,52,0,0,0,52
0x7b046b,100%,0,2,2,0,0,0,2
0x649ca9,100%,0,2,2,0,0,0,2
0x65a563,100%,0,2,2,0,0,0,2
0x7b3a69,100%,0,2,2,2,0,0,0
0x685faa,100%,0,2,2,0,0,0,2
0xa79647,100%,0,257,257,0,0,0,257
0x7b3551,100%,0,2,2,2,0,0,0
0x64c3d7,100%,0,2,2,0,0,0,2
0x7bcfa0,100%,0,260,260,260,0,0,0
0xa7a682,100%,0,257,257,0,0,0,257
0x63c502,100%,0,8,8,0,0,0,8
0x63c37e,100%,0,8,8,0,0,0,8
0x603246,100%,0,22,22,0,0,0,22
0x64c1b9,100%,0,2,2,0,0,0,2
0x6f54f1,100%,0,2,2,2,0,0,0
0x65075e,100%,0,2,2,2,0,0,0
0x77293f,100%,0,52,52,0,0,0,52
0x614c6d,100%,0,6916,6916,0,0,0,6916
0x75f8b9,100%,0,2,2,0,0,0,2
0x6487ff,100%,0,2,2,0,0,0,2
0x63cf02,100%,0,8,8,0,0,0,8
0x5f0128,100%,0,406,406,0,0,0,406
0x67b928,100%,0,2,2,0,0,0,2
0x65129c,100%,0,4800,4800,4800,0,0,0
0x630ec4,100%,0,2,2,0,0,0,2
0x92a306,100%,0,159,159,159,0,0,0
0x639557,100%,0,100,100,0,0,0,100
0x774b86,100%,0,2,2,0,0,0,2
0x5e882b,100%,0,13,13,0,0,0,13
0x774967,100%,0,2,2,0,0,0,2
0x77493c,100%,0,52,52,0,0,0,52
0x63c877,100%,0,96,96,0,0,0,96
0x7748ab,100%,0,2,2,2,0,0,0
0x774846,100%,0,2,2,2,0,0,0
0x646620,100%,0,2,2,0,0,0,2
0x7e62cd,100%,0,2,2,0,0,0,2
0x89fd13,100%,0,8,8,8,0,0,0
0x65afb8,100%,0,2,2,0,0,0,2
0x8c2110,100%,0,2,2,0,0,0,2
0x759815,100%,0,52,52,0,0,0,52
0x76a988,100%,0,2,2,0,0,0,2
0x6372ef,100%,0,257,257,257,0,0,0
0x64d20f,100%,0,400,400,0,0,0,400
0x6354de,100%,0,2,2,0,0,0,2
0x63081b,100%,0,2,2,0,0,0,2
0x638702,100%,0,257,257,0,0,0,257
0x636f1c,100%,0,257,257,0,0,0,257
0x773c63,100%,0,52,52,0,0,0,52
0x7b43bd,100%,0,2,2,0,0,0,2
0x634e11,100%,0,2,2,0,0,0,2
0xa79687,100%,0,257,257,0,0,0,257
0x772a17,100%,0,2,2,2,0,0,0
0x60904a,100%,0,58,58,0,0,0,58
0x769706,100%,0,104,104,0,0,0,104
0xa22c4a,100%,0,105,105,0,0,0,105
0x64a04c,100%,0,2600,2600,0,0,0,2600
0x75a84f,100%,0,156,156,0,0,0,156
0x8c205b,100%,0,2,2,0,0,0,2
0x769590,100%,0,4,4,0,0,0,4
0x8c5d03,100%,0,2500,2500,0,0,0,2500
0x76608b,100%,0,4,4,0,0,0,4
0x75dc47,100%,0,14,14,0,0,0,14
0x67af80,100%,0,2,2,0,0,0,2
0x656e03,100%,0,2,2,0,0,0,2
0xa7660e,100%,0,98,98,0,0,0,98
0x6497d4,100%,0,2,2,0,0,0,2
0x6366a6,100%,0,3855,3855,0,0,0,3855
0x64448b,100%,0,2,2,0,0,0,2
0x64e4d0,100%,0,2,2,0,0,0,2
0x429f25,100%,0,100,100,0,0,0,100
0x67a006,100%,0,2,2,0,0,0,2
0x63476d,100%,0,2,2,0,0,0,2
0x602f3d,100%,0,22,22,22,0,0,0
0x6433cb,100%,0,52,52,0,0,0,52
0x7bc951,100%,0,2,2,2,0,0,0
0x949d9f,100%,0,2,2,2,0,0,0
0x75ca74,100%,0,2,2,0,0,0,2
0x8c6b00,100%,0,100,100,0,0,0,100
0x7aeebd,100%,0,2,2,2,0,0,0
0x7b3bdf,100%,0,2,2,0,0,0,2
0x5a8e8b,100%,0,876,876,876,0,0,0
0x64b59b,100%,0,2,2,0,0,0,2
0x640e1f,100%,0,2,2,0,0,0,2
0x7cb9e2,100%,0,52,52,0,0,0,52
0x656b5b,100%,0,2,2,0,0,0,2
0x6354a2,100%,0,2,2,0,0,0,2
0x40400c,100%,0,6,6,6,0,0,0
0x65067e,100%,0,2,2,2,0,0,0
0x5f2cf8,100%,0,2,2,0,0,0,2
0x64bac7,100%,0,2,2,0,0,0,2
0x64566d,100%,0,2,2,0,0,0,2
0x65056e,100%,0,2,2,2,0,0,0
0x7651cb,100%,0,2,2,0,0,0,2
0x765114,100%,0,2,2,0,0,0,2
0x658c5f,100%,0,2,2,2,0,0,0
0x640945,100%,0,2,2,0,0,0,2
0x65ac73,100%,0,14,14,0,0,0,14
0x8c1fba,100%,0,2,2,0,0,0,2
0x8c4ceb,100%,0,100,100,0,0,0,100
0x7733c5,100%,0,52,52,0,0,0,52
0x7ced3a,100%,0,2,2,2,0,0,0
0x66f1a2,100%,0,2,2,0,0,0,2
0x8a4b47,100%,0,2,2,0,0,0,2
0x7e7efc,100%,0,52,52,0,0,0,52
0x76657e,100%,0,4,4,0,0,0,4
0x769a13,100%,0,4,4,0,0,0,4
0x639a08,100%,0,100,100,0,0,0,100
0x64ee2c,100%,0,8,8,8,0,0,0
0x7b006a,100%,0,2,2,0,0,0,2
0x60894f,100%,0,2,2,0,0,0,2
0x7ce0e6,100%,0,52,52,0,0,0,52
0x63fad8,100%,0,2,2,0,0,0,2
0x8c20ec,100%,0,2,2,0,0,0,2
0x63332a,100%,0,2,2,0,0,0,2
0x92990d,100%,0,159,159,0,0,0,159
0x8c45a6,100%,0,100,100,0,0,0,100
0x75e2b8,100%,0,2,2,0,0,0,2
0x65a2ae,100%,0,2,2,0,0,0,2
0x7cc792,100%,0,2,2,0,0,0,2
0x654734,100%,0,8521,8521,8521,0,0,0
0x64b5ef,100%,0,2,2,0,0,0,2
0x75e081,100%,0,2,2,0,0,0,2
0x642aa2,100%,0,2,2,0,0,0,2
0x76c9cf,100%,0,44,44,0,0,0,44
0x75e02b,100%,0,14,14,0,0,0,14
0x630e42,100%,0,2,2,0,0,0,2
0x76c04a,100%,0,44,44,0,0,0,44
0x636555,100%,0,257,257,0,0,0,257
0x6436ad,100%,0,2,2,0,0,0,2
0xa30899,100%,0,7436,7436,0,0,0,7436
0x635202,100%,0,2,2,0,0,0,2
0x7cb76c,100%,0,2,2,2,0,0,0
0x8c12ef,100%,0,2,2,0,0,0,2
0x76baca,100%,0,2,2,0,0,0,2
0x630b0d,100%,0,2,2,0,0,0,2
0x8bfc29,100%,0,100,100,0,0,0,100
0x7cb653,100%,0,2,2,0,0,0,2
0x8c69a2,100%,0,100,100,100,0,0,0
0x639382,100%,0,2,2,0,0,0,2
0x92afdc,100%,0,2,2,0,0,0,2
0x64f08d,100%,0,8,8,0,0,0,8
0x655577,100%,0,13515,13515,0,0,0,13515
0xa3a2e6,100%,0,4,4,0,0,0,4
0x75e31e,100%,0,2,2,0,0,0,2
0x76167d,100%,0,6,6,0,0,0,6
0x64fe53,100%,0,2,2,2,0,0,0
0x76d646,100%,0,52,52,0,0,0,52
0x65397a,100%,0,2,2,0,0,0,2
0x7729c1,100%,0,2,2,0,0,0,2
0x65b300,100%,0,2,2,0,0,0,2
0x7e73a0,100%,0,2,2,0,0,0,2
0x62ecfe,100%,0,2,2,0,0,0,2
0x7e72ec,100%,0,52,52,0,0,0,52
0x630103,100%,0,2,2,0,0,0,2
0x634e92,100%,0,2,2,0,0,0,2
0x92b08b,100%,0,100,100,100,0,0,0
0x7affda,100%,0,2,2,0,0,0,2
0x6381ad,100%,0,257,257,257,0,0,0
0x65af8a,100%,0,2,2,0,0,0,2
0x8c6311,100%,0,100,100,0,0,0,100
0x63a659,100%,0,8,8,0,0,0,8
0x7650c3,100%,0,104,104,0,0,0,104
0x76ceb0,100%,0,52,52,52,0,0,0
0x67b07d,100%,0,8,8,8,0,0,0
0x6392c8,100%,0,2,2,0,0,0,2
0xa31db4,100%,0,10625,10625,10625,0,0,0
0x76cd2e,100%,0,2,2,0,0,0,2
0x654718,100%,0,8521,8521,0,0,0,8521
0x7ebc94,100%,0,2,2,2,0,0,0
0x637300,100%,0,257,257,0,0,0,257
0x64f885,100%,0,2,2,0,0,0,2
0x8c4d96,100%,0,2600,2600,0,0,0,2600
0x643ef5,100%,0,2,2,0,0,0,2
0x63030d,100%,0,2,2,0,0,0,2
0x40518c,100%,0,6,6,6,0,0,0
0x7e7dd1,100%,0,2,2,2,0,0,0
0x755f02,100%,0,208,208,0,0,0,208
0x64289a,100%,0,2,2,0,0,0,2
0x649f93,100%,0,100,100,0,0,0,100
0x62eabe,100%,0,2,2,0,0,0,2
0x633591,100%,0,2,2,0,0,0,2
0x961199,100%,0,159,159,0,0,0,159
0x76f6d4,100%,0,1,1,0,0,0,1
0x63b371,100%,0,2,2,0,0,0,2
0x66f617,100%,0,2,2,0,0,0,2
0x8bcf0d,100%,0,2,2,2,0,0,0
0xa3958f,100%,0,7,7,7,0,0,0
0x645eac,100%,0,107,107,0,0,0,107
0x6877d3,100%,0,2,2,0,0,0,2
0x63806f,100%,0,257,257,0,0,0,257
0x7cb53f,100%,0,2,2,2,0,0,0
0x7631b8,100%,0,2,2,0,0,0,2
0x8c4f88,100%,0,100,100,0,0,0,100
0x76832a,100%,0,104,104,0,0,0,104
0x62fade,100%,0,2,2,0,0,0,2
0x7682dc,100%,0,104,104,0,0,0,104
0x64ae86,100%,0,2,2,0,0,0,2
0x65136e,100%,0,4,4,0,0,0,4
0x62eb1e,100%,0,2,2,0,0,0,2
0x66e277,100%,0,2,2,0,0,0,2
0xa3a5c2,100%,0,4,4,4,0,0,0
0x767ce2,100%,0,4,4,4,0,0,0
0x8c4a58,100%,0,100,100,0,0,0,100
0x774d46,100%,0,2,2,2,0,0,0
0xa30847,100%,0,17411,17411,17411,0,0,0
0x62ed3e,100%,0,2,2,0,0,0,2
0x639cfb,100%,0,2,2,0,0,0,2
0x65a4b9,100%,0,2,2,0,0,0,2
0x767a26,100%,0,4,4,0,0,0,4
0x7679b4,100%,0,4,4,4,0,0,0
0x7691df,100%,0,12,12,0,0,0,12
0x63b184,100%,0,84,84,0,0,0,84
0x8c4eec,100%,0,13000,13000,0,0,0,13000
0x8c0402,100%,0,2,2,0,0,0,2
0x8bedf5,100%,0,2,2,0,0,0,2
0x8c6b7c,100%,0,100,100,0,0,0,100
0x8c485e,100%,0,100,100,0,0,0,100
0x772b3a,100%,0,52,52,52,0,0,0
0x635bbe,100%,0,8,8,6,0,0,2
0x769498,100%,0,104,104,0,0,0,104
0x656ee5,100%,0,2,2,0,0,0,2
0x63d95e,100%,0,8,8,0,0,0,8
0x8c67ce,100%,0,100,100,0,0,0,100
0x62ea3e,100%,0,2,2,0,0,0,2
0x66e197,100%,0,2,2,0,0,0,2
0x778ced,100%,0,160,160,0,0,0,160
0x76780f,100%,0,4,4,4,0,0,0
0x63401b,100%,0,2,2,0,0,0,2
0x5f4061,100%,0,4,4,0,0,0,4
0x8c6b5d,100%,0,100,100,0,0,0,100
0x641eb8,100%,0,52,52,0,0,0,52
0x7b3619,100%,0,2,2,0,0,0,2
0x66f3d7,100%,0,2,2,0,0,0,2
0x77242b,100%,0,2,2,0,0,0,2
0x643a5f,100%,0,2,2,0,0,0,2
0x8c622f,100%,0,13000,13000,0,0,0,13000
0x778d88,100%,0,32,32,0,0,0,32
0x67b880,100%,0,2,2,0,0,0,2
0x761ae5,100%,0,2,2,0,0,0,2
0x75f627,100%,0,2,2,2,0,0,0
0x8c5d0d,100%,0,2500,2500,2500,0,0,0
0x639eea,100%,0,2,2,0,0,0,2
0x63f6fc,100%,0,2,2,0,0,0,2
0x5ed066,100%,0,2,2,0,0,0,2
0x6660e3,100%,0,52,52,0,0,0,52
0x766ab3,100%,0,4,4,0,0,0,4
0x7610d2,100%,0,42,42,0,0,0,42
0x5938bd,100%,0,32,32,0,0,0,32
0x64de6f,100%,0,4000,4000,0,0,0,4000
0x653a02,100%,0,2,2,0,0,0,2
0x5e78b3,100%,0,1,1,1,0,0,0
0x7666d8,100%,0,32,32,0,0,0,32
0x961938,100%,0,159,159,0,0,0,159
0x928d7c,100%,0,159,159,0,0,0,159
0x65b067,100%,0,2,2,0,0,0,2
0x8a0198,100%,0,2,2,0,0,0,2
0x64c22d,100%,0,2,2,0,0,0,2
0x630a92,100%,0,2,2,0,0,0,2
0x7661f8,100%,0,4,4,0,0,0,4
0x76614d,100%,0,4,4,0,0,0,4
0x603507,100%,0,2,2,0,0,0,2
0x6d8e63,100%,0,16,16,0,0,0,16
0x765ed3,100%,0,96,96,0,0,0,96
0x65de02,100%,0,100,100,0,0,0,100
0x768650,100%,0,4,4,0,0,0,4
0x765dbd,100%,0,96,96,0,0,0,96
0x658c7d,100%,0,2,2,2,0,0,0
0x5e64e0,100%,0,2,2,0,0,0,2
0x765c7e,100%,0,4,4,0,0,0,4
0x659f8d,100%,0,2,2,2,0,0,0
0x63b34d,100%,0,2,2,0,0,0,2
0x7b3c9d,100%,0,2,2,2,0,0,0
0x755c89,100%,0,2,2,0,0,0,2
0x64bb62,100%,0,2,2,0,0,0,2
0x65c1ef,100%,0,2,2,0,0,0,2
0x7e898a,100%,0,52,52,0,0,0,52
0x657380,100%,0,2,2,0,0,0,2
0x64f80c,100%,0,2,2,0,0,0,2
0x75d32a,100%,0,2,2,0,0,0,2
0x7b2696,100%,0,2,2,2,0,0,0
0x66fb57,100%,0,8,8,0,0,0,8
0x65139b,100%,0,2,2,0,0,0,2
0x594345,100%,0,8,8,0,0,0,8
0x8be96a,100%,0,2,2,0,0,0,2
0x8c469a,100%,0,2600,2600,0,0,0,2600
0x597e64,100%,0,2,2,0,0,0,2
0x62ec3e,100%,0,2,2,0,0,0,2
0x65ec79,100%,0,100,100,0,0,0,100
0x767655,100%,0,52,52,52,0,0,0
0x76bb8f,100%,0,42,42,0,0,0,42
0x64fa0f,100%,0,2,2,0,0,0,2
0x6394be,100%,0,2,2,2,0,0,0
0x6499f5,100%,0,2,2,0,0,0,2
0x63530e,100%,0,2,2,0,0,0,2
0x7e8893,100%,0,52,52,0,0,0,52
0x65b604,100%,0,2,2,0,0,0,2
0x65abda,100%,0,2,2,0,0,0,2
0x5982c6,100%,0,104,104,0,0,0,104
0x5951a5,100%,0,24,24,0,0,0,24
0x645ac8,100%,0,2600,2600,0,0,0,2600
0x652698,100%,0,1864,1864,0,0,0,1864
0x65d0ba,100%,0,2,2,0,0,0,2
0x649e83,100%,0,100,100,0,0,0,100
0x646def,100%,0,2,2,0,0,0,2
