Branch PC,Accuracy,Mispredictions,Correct Predictions,Total,dir_t_pred_t,dir_t_pred_nt,dir_nt_pred_t,dir_nt_pred_nt
aggregate,99.8351%,18359,11114517,11132876,7661855,2966,15393,3452662
0x46f721,98.6259%,1625,116635,118260,116635,5,1620,0
0x901cd8,96.3232%,1570,41130,42700,41130,45,1525,0
0x162634e,99.1087%,1054,117206,118260,29284,638,416,87922
0x1626359,99.4713%,467,87871,88338,43249,215,252,44622
0x4f9894,95.7639%,305,6895,7200,6895,5,300,0
0xf30dcc,96.2469%,304,7796,8100,7796,4,300,0
0xf30975,96.2593%,303,7797,8100,7797,3,300,0
0xf313ca,96.2716%,302,7798,8100,7798,2,300,0
0x50832e,96.2716%,302,7798,8100,7798,2,300,0
0x4f9b7c,96.284%,301,7799,8100,7799,1,300,0
0x50898b,96.2963%,300,7800,8100,7800,0,300,0
0x507935,96.2452%,294,7536,7830,7536,4,290,0
0xf30baf,96.2963%,290,7540,7830,7540,0,290,0
0x507487,96.2559%,278,7147,7425,7147,3,275,0
0x1626664,99.77%,272,117988,118260,47363,117,155,70625
0x8defc2,97.0573%,232,7652,7884,1728,104,128,5924
0x16744be,99.9024%,211,215969,216180,155028,101,110,60941
0x15d8015,87.8896%,136,987,1123,578,58,78,409
0x140a6f2,95.9218%,123,2893,3016,2893,7,116,0
0x8df004,98.4399%,123,7761,7884,7761,15,108,0
0x8ded3c,98.4526%,122,7762,7884,4195,113,9,3567
0x141112a,96.2654%,121,3119,3240,3119,1,120,0
0x1407bf9,95.9881%,121,2895,3016,2895,5,116,0
0x14033f3,96.2963%,120,3120,3240,3120,0,120,0
0x1409c78,96.1686%,120,3012,3132,3012,4,116,0
0x1410aae,96.2963%,120,3120,3240,3120,0,120,0
0x140984b,96.2005%,119,3013,3132,3013,3,116,0
0x140aced,96.2005%,119,3013,3132,3013,3,116,0
0x14081a2,96.2005%,119,3013,3132,3013,3,116,0
0x140689c,96.2005%,119,3013,3132,3013,3,116,0
0x1409b50,96.0875%,118,2898,3016,2898,2,116,0
0x140a02f,96.2644%,117,3015,3132,3015,1,116,0
0x140823d,96.1538%,116,2900,3016,2900,0,116,0
0x1406a6f,96.1538%,116,2900,3016,2900,0,116,0
0x1406cc9,96.2963%,116,3016,3132,3016,0,116,0
0x14085ae,96.2963%,116,3016,3132,3016,0,116,0
0x140f4f9,96.26%,84,2162,2246,2162,0,84,0
0x140e20a,96.2963%,83,2158,2241,2158,0,83,0
0x140e9a6,96.2963%,83,2158,2241,2158,0,83,0
0x140efe5,96.1538%,83,2075,2158,2075,0,83,0
0x140f371,96.2963%,83,2158,2241,2158,0,83,0
0x8df243,98.7069%,81,6183,6264,5573,39,42,610
0x8df500,98.7548%,78,6186,6264,6156,0,78,30
0x52a9d4,95.2469%,77,1543,1620,412,18,59,1131
0x8df270,98.8665%,71,6193,6264,6152,4,67,41
0x931570,95.641%,68,1492,1560,1492,8,60,0
0x8ded74,99.1755%,65,7819,7884,7767,9,56,52
0x8df4d0,98.9623%,65,6199,6264,1635,9,56,4564
0x1404032,96.0494%,64,1556,1620,1556,4,60,0
0x1411a3b,96.0494%,64,1556,1620,1556,4,60,0
0x930798,99.2099%,64,8036,8100,6476,4,60,1560
0x92d0fa,96.1111%,63,1557,1620,1557,3,60,0
0x936bfd,96.25%,63,1617,1680,1617,3,60,0
0x14116bf,96.1749%,63,1584,1647,1584,2,61,0
0x93669c,96.1111%,63,1557,1620,1557,3,60,0
0x8fa5d4,96.1111%,63,1557,1620,1557,3,60,0
0x92faef,96.1728%,62,1558,1620,1558,2,60,0
0x1411e34,96.3095%,62,1618,1680,1618,2,60,0
0x1402eeb,96.37%,62,1646,1708,1646,1,61,0
0x93695b,96.2356%,62,1585,1647,1585,1,61,0
0x930f53,96.2963%,61,1586,1647,1586,0,61,0
0x92e31e,96.2346%,61,1559,1620,1559,1,60,0
0x52a6c5,96.2346%,61,1559,1620,1559,1,60,0
0x93013b,96.2963%,60,1560,1620,1560,0,60,0
0x9308f8,96.2963%,60,1560,1620,1560,0,60,0
0x93312f,96.2963%,60,1560,1620,1560,0,60,0
0x93324b,96.1538%,60,1500,1560,1500,0,60,0
0x1412180,96.2963%,60,1560,1620,1560,0,60,0
0x52ad0e,96.2963%,60,1560,1620,1560,0,60,0
0x140bf5a,96.2324%,59,1507,1566,1507,1,58,0
0x140c50d,96.2963%,58,1508,1566,1508,0,58,0
0x140cb5d,96.1538%,58,1450,1508,1450,0,58,0
0x140d0d9,96.2963%,58,1508,1566,1508,0,58,0
0x529dd7,96.2963%,58,1508,1566,1508,0,58,0
0x140cf2c,96.2963%,58,1508,1566,1508,0,58,0
0x8e082c,99.4319%,55,9627,9682,9509,7,48,118
0x528f77,96.2963%,55,1430,1485,1430,0,55,0
0x931427,99.3333%,52,7748,7800,6240,0,52,1508
0x9313b2,99.9665%,47,140353,140400,132584,16,31,7769
0x51c87b,95.935%,45,1062,1107,1062,4,41,0
0x8e0a09,99.5455%,44,9638,9682,9511,5,39,127
0x8e7343,99.9075%,43,46455,46498,44793,3,40,1662
0x507861,99.9702%,42,140898,140940,133101,9,33,7797
0x51c573,95.8918%,41,957,998,957,0,41,0
0x92d06d,99.8663%,39,29121,29160,27527,13,26,1594
0x92f830,99.8663%,39,29121,29160,27530,10,29,1591
0x4f9858,99.9928%,38,525562,525600,518395,5,33,7167
0x51c537,99.9486%,37,71879,71916,70904,14,23,975
0x8df8a2,99.1194%,36,4052,4088,4026,6,30,26
0xf30d3f,99.9753%,36,145764,145800,137692,8,28,8072
0x508308,99.9936%,35,550765,550800,542696,4,31,8069
0x51c7c5,99.8244%,35,19891,19926,18813,6,29,1078
0x1409b36,99.9846%,33,214103,214136,211113,7,26,2990
0x932f8f,99.8868%,33,29127,29160,27529,11,22,1598
0xf31305,99.9774%,33,145767,145800,137691,9,24,8076
0x529d01,99.8829%,33,28155,28188,26620,2,31,1535
0x507460,99.9939%,33,541992,542025,534596,4,29,7396
0x930701,99.9774%,33,145767,145800,137694,6,27,8073
0x8e032d,97.8581%,32,1462,1494,1321,7,25,141
0x52ac52,99.8903%,32,29128,29160,27533,7,25,1595
0x52a6a4,99.9723%,31,111749,111780,110156,4,27,1593
0x8e88e9,99.9326%,31,45940,45971,45341,1,30,599
0x8f6923,96.9246%,31,977,1008,944,8,23,33
0x8dfad2,99.2417%,31,4057,4088,4026,6,25,31
0x4f9ab6,99.9794%,30,145770,145800,137694,6,24,8076
0x936b87,99.9008%,30,30210,30240,28558,2,28,1652
0x8dff3c,99.0764%,30,3218,3248,3190,2,28,28
0x52a773,98.1481%,30,1590,1620,1480,21,9,110
0x901cf4,98.0984%,29,1496,1525,1496,4,25,0
0x14043e0,98.2099%,29,1591,1620,1557,3,26,34
0x506f22,98.8477%,28,2402,2430,2291,4,24,111
0x932c66,99.3694%,28,4412,4440,4372,8,20,40
0x1406579,99.9493%,27,53217,53244,50106,6,21,3111
0x140a4b6,99.6722%,27,8209,8236,8115,5,22,94
0x5297c0,98.6111%,27,1917,1944,1906,11,16,11
0x528f3c,99.9747%,27,106893,106920,105429,6,21,1464
0x8fa561,99.9074%,27,29133,29160,27534,6,21,1599
0x930d82,99.9825%,26,148204,148230,139993,2,24,8211
0x506d02,98.93%,26,2404,2430,2289,6,20,115
0x1408225,99.9879%,26,214110,214136,211116,4,22,2994
0x9368e8,99.9123%,26,29620,29646,27992,7,19,1628
0x1411621,99.9123%,26,29620,29646,27993,6,20,1627
0x930df7,99.6843%,26,8209,8235,6582,6,20,1627
0x9394a1,97.5518%,26,1036,1062,994,9,17,42
0x1668901,51.9231%,25,27,52,4,18,7,23
0x52aa06,98.4568%,25,1595,1620,1557,3,22,38
0x14032e2,99.9571%,25,58295,58320,55067,13,12,3228
0x1408197,99.9888%,25,222347,222372,219236,4,21,3111
0x1406c1a,99.953%,25,53219,53244,50109,3,22,3110
0x8f7422,99.2303%,25,3223,3248,3187,5,20,36
0x92e24e,99.9143%,25,29135,29160,27534,6,19,1601
0x8f7124,99.2303%,25,3223,3248,3190,2,23,33
0x8e8544,96.3397%,25,658,683,658,0,25,0
0x8e7354,98.5311%,25,1677,1702,1677,0,25,0
0x140aae0,99.953%,25,53219,53244,50107,5,20,3112
0x140a642,99.9532%,24,51248,51272,48251,5,19,2997
0x140365b,99.2593%,24,3216,3240,3117,3,21,99
0x8e8539,99.9519%,24,49889,49913,49226,4,20,663
0x4f99a5,99.8904%,24,21876,21900,21596,4,20,280
0x51c6bd,99.187%,24,2928,2952,2906,5,19,22
0x8e88f4,96.3434%,23,606,629,606,0,23,0
0x50866c,99.716%,23,8077,8100,7793,7,16,284
0x8e7654,98.5313%,23,1543,1566,1543,0,23,0
0x50711d,99.7666%,23,9832,9855,9716,4,19,116
0x8e7643,99.9463%,23,42803,42826,41255,5,18,1548
0x1411d33,99.9272%,22,30218,30240,28557,3,19,1661
0x8dfd0b,99.3227%,22,3226,3248,3187,5,17,39
0xf30afd,99.9835%,22,133088,133110,125278,2,20,7810
0x1669c80,63.1579%,21,36,57,30,6,15,6
0x93322b,99.9816%,21,113859,113880,112312,8,13,1547
0x1669e15,80.3738%,21,86,107,24,12,9,62
0x1409f91,99.9606%,21,53223,53244,50108,4,17,3115
0x8e874f,99.4926%,20,3922,3942,3884,4,16,38
0x1403e94,99.9314%,20,29140,29160,27531,9,11,1609
0x1403817,96.0905%,19,467,486,422,10,9,45
0x140779a,99.9629%,19,51253,51272,48250,6,13,3003
0x936627,99.9348%,19,29141,29160,27537,3,16,1604
0x9300c1,99.8697%,19,14561,14580,12958,2,17,1603
0x52a7a6,98.8889%,18,1602,1620,1558,2,16,44
0x52ab76,98.8889%,18,1602,1620,1558,2,16,44
0x14084ee,99.9662%,18,53226,53244,50110,2,16,3116
0x5072ad,99.8174%,18,9837,9855,9716,4,14,121
0x8e05ef,98.7952%,18,1476,1494,1322,6,12,154
0x529610,99.0741%,18,1926,1944,1909,8,10,17
0x14046e1,96.5021%,17,469,486,453,6,11,16
0x1403a18,98.4259%,17,1063,1080,954,6,11,109
0x92f9fd,99.8834%,17,14563,14580,12954,6,11,1609
0x14110b7,99.9417%,17,29143,29160,25915,5,12,3228
0x508539,99.7901%,17,8083,8100,7796,4,13,287
0x50841c,99.7901%,17,8083,8100,7794,6,11,289
0xf310b2,99.7037%,16,5384,5400,5097,3,13,287
0x52912c,96.7078%,16,470,486,457,2,14,13
0x932526,98.5428%,16,1082,1098,1033,4,12,49
0x5088be,99.9884%,16,137684,137700,129600,0,16,8084
0x50877d,99.8025%,16,8084,8100,7796,4,12,288
0x90ce21,97.037%,16,524,540,474,6,10,50
0x8e0381,90.9639%,15,151,166,151,5,10,0
0x8f6d53,98.5119%,15,993,1008,946,6,9,47
0x1669e6a,77.6119%,15,52,67,13,6,9,39
0x506b43,94.7368%,15,270,285,0,10,5,270
0x936e23,97.2222%,15,525,540,476,4,11,49
0x14070b9,99.2901%,14,1958,1972,1852,4,10,106
0x52a8f3,99.1358%,14,1606,1620,1557,3,11,49
0x140958f,99.9737%,14,53230,53244,50111,1,13,3119
0x5293dd,97.1193%,14,472,486,455,4,10,17
0x166a0dd,64.1026%,14,25,39,24,10,4,1
0x93219b,98.7037%,14,1066,1080,1018,2,12,48
0x8e0a1c,91.5663%,14,152,166,150,6,8,2
0x8e9cf4,97.8369%,13,588,601,588,3,10,0
0x1669edb,63.8889%,13,23,36,7,11,2,16
0x9378d0,98.7759%,13,1049,1062,998,5,8,51
0x930e8f,99.9561%,13,29633,29646,27993,6,7,1640
0x8e64e0,48%,13,12,25,11,6,7,1
0x8e036a,94.0909%,13,207,220,50,4,9,157
0x507a36,95.5932%,13,282,295,282,8,5,0
0x8e0643,92.1687%,13,153,166,153,3,10,0
0x1412105,99.9588%,12,29148,29160,27538,2,10,1610
0x140620a,99.3915%,12,1960,1972,1850,6,6,110
0x8e083f,92.7711%,12,154,166,152,4,8,2
0x8ead84,98.6905%,11,829,840,829,1,10,0
0x93082e,99.9623%,11,29149,29160,27538,2,9,1611
0x1409c0c,99.9601%,10,25046,25056,21923,1,9,3123
0x8eaf45,98.6772%,10,746,756,746,1,9,0
0x9387fe,99.0741%,10,1070,1080,1018,2,8,52
0x8df019,90.7407%,10,98,108,98,6,4,0
0x1407e99,99.4929%,10,1962,1972,1854,2,8,108
0x1669e47,85.9155%,10,61,71,60,3,7,1
0x1409c58,99.9544%,10,21914,21924,18789,3,7,3125
0x1669e7b,79.1667%,10,38,48,29,7,3,9
0xf3099b,97%,9,291,300,291,4,5,0
0x1406849,99.9042%,9,9387,9396,6256,8,1,3131
0xf30c38,96.8966%,9,281,290,281,4,5,0
0x14119a1,99.9691%,9,29151,29160,27538,2,7,1613
0x1668999,84.2105%,9,48,57,47,5,4,1
0x506fce,93.3333%,9,126,135,126,4,5,0
0x4f88c6,97.5342%,9,356,365,356,4,5,0
0x14069a7,99.9824%,9,51263,51272,48255,1,8,3008
0x8e7503,99.7549%,9,3663,3672,3535,1,8,128
0x937a4a,55.5556%,8,10,18,10,7,1,0
0x140358f,99.7531%,8,3232,3240,3232,8,0,0
0x140496d,98.5185%,8,532,540,479,1,7,53
0x166893c,73.3333%,8,22,30,14,4,4,8
0x14126cb,98.5185%,8,532,540,476,4,4,56
0x166a367,38.4615%,8,5,13,5,3,5,0
0x8e062b,96.3636%,8,212,220,49,5,3,163
0x166a1f7,79.4118%,7,27,34,22,1,6,5
0x1406281,97.9885%,7,341,348,228,4,3,113
0x939668,61.1111%,7,11,18,11,6,1,0
0x508a37,97.6667%,7,293,300,293,2,5,0
0x1403646,99.784%,7,3233,3240,0,0,7,3233
0xf30b7a,99.9702%,7,23483,23490,15657,3,4,7826
0x9314b4,99.9751%,7,28073,28080,26518,2,5,1555
0x16688f5,87.7193%,7,50,57,0,5,2,50
0x1669e08,89.5522%,7,60,67,0,0,7,60
0x8e9ee4,98.7061%,7,534,541,531,1,6,3
0xdea655,22.2222%,7,2,9,2,7,0,0
0x8e07f3,95.7831%,7,159,166,0,0,7,159
0x1410938,99.988%,7,58313,58320,55078,2,5,3235
0x8ded8a,93.5185%,7,101,108,101,3,4,0
0x1407b98,99.9226%,7,9041,9048,6029,3,4,3012
0x9305e2,99.5679%,7,1613,1620,0,0,7,1613
0x1669d14,83.3333%,6,30,36,8,5,1,22
0xdead4f,66.6667%,6,12,18,5,4,2,7
0x140345e,95%,6,114,120,114,4,2,0
0x1407484,99.8011%,6,3010,3016,0,0,6,3010
0x1669c9a,71.4286%,6,15,21,1,3,3,14
0x1668968,88.4615%,6,46,52,19,3,3,27
0x9390f4,90%,6,54,60,54,5,1,0
0x901b67,95.082%,6,116,122,116,4,2,0
0x1674495,99.9902%,6,61045,61051,0,0,6,61045
0x140a0b0,94.8276%,6,110,116,110,4,2,0
0x506d25,95.5556%,6,129,135,0,0,6,129
0x166a270,83.3333%,6,30,36,25,3,3,5
0x14097c8,99.9361%,6,9390,9396,6264,0,6,3126
0x8dff51,89.2857%,6,50,56,50,4,2,0
0x9313bd,99.9231%,6,7794,7800,0,0,6,7794
0x1404348,99.6296%,6,1614,1620,0,0,6,1614
0x52a593,99.6296%,6,1614,1620,0,0,6,1614
0x1409987,99.6957%,6,1966,1972,1853,3,3,113
0x92f71b,99.6296%,6,1614,1620,1614,6,0,0
0x1409a62,98.2759%,6,342,348,226,6,0,116
0x507360,99.9192%,6,7419,7425,0,0,6,7419
0xf30e1d,98%,6,294,300,294,1,5,0
0x166a1ee,93.3333%,6,84,90,53,3,3,31
0x529c76,99.6169%,6,1560,1566,0,0,6,1560
0x9368a8,99.6964%,5,1642,1647,0,0,5,1642
0xf2e884,0%,5,0,5,0,0,5,0
0xf30cd1,99.9383%,5,8095,8100,0,0,5,8095
0x14068c3,99.8342%,5,3011,3016,0,0,5,3011
0x1403fcb,99.6914%,5,1615,1620,0,0,5,1615
0x1403259,99.8457%,5,3235,3240,0,0,5,3235
0x1408487,99.8404%,5,3127,3132,0,0,5,3127
0x508954,99.9794%,5,24295,24300,16197,3,2,8098
0x529076,81.4815%,5,22,27,0,0,5,22
0x4f9bf2,98.3333%,5,295,300,295,0,5,0
0x162625a,99.9958%,5,118255,118260,118255,5,0,0
0x901bad,80%,5,20,25,0,0,5,20
0x506b9f,75%,5,15,20,12,3,2,3
0x166bd4b,91.2281%,5,52,57,52,5,0,0
0x50713f,96.2963%,5,130,135,130,0,5,0
0x1669e96,83.3333%,5,25,30,20,4,1,5
0x8e63fd,80%,5,20,25,20,3,2,0
0x1626290,99.9958%,5,118255,118260,0,0,5,118255
0x506bc8,66.6667%,5,10,15,9,1,4,1
0x1626373,99.9958%,5,118255,118260,118255,5,0,0
0x9391d3,91.6667%,5,55,60,55,4,1,0
0xf30c76,0%,5,0,5,0,0,5,0
0xf318c1,0%,5,0,5,0,0,5,0
0x8e0338,96.988%,5,161,166,0,0,5,161
0x93226d,91.6667%,5,55,60,55,4,1,0
0x507058,96.2963%,5,130,135,0,0,5,130
0x507806,99.9361%,5,7825,7830,0,0,5,7825
0x166acce,37.5%,5,3,8,0,0,5,3
0x5072d4,96.2963%,5,130,135,130,0,5,0
0x936f78,91.6667%,5,55,60,55,4,1,0
0x8df285,95.3704%,5,103,108,103,1,4,0
0xf31830,98.3333%,5,295,300,295,0,5,0
0x1411117,99.8457%,5,3235,3240,0,0,5,3235
0x8df515,95.3704%,5,103,108,103,1,4,0
0x1411038,99.8457%,5,3235,3240,0,0,5,3235
0x5294af,81.4815%,5,22,27,22,4,1,0
0x93011b,99.6914%,5,1615,1620,0,0,5,1615
0x8dfd20,91.0714%,5,51,56,51,3,2,0
0x506dbe,96.2963%,5,130,135,130,0,5,0
0x14046ef,85.1852%,4,23,27,0,0,4,23
0x167441c,99.9934%,4,61047,61051,61047,4,0,0
0x93211d,93.3333%,4,56,60,0,0,4,56
0x140815a,96.5517%,4,112,116,0,0,4,112
0x52abb1,93.3333%,4,56,60,0,0,4,56
0x508613,99.3333%,4,596,600,299,1,3,297
0x8e0050,60%,4,6,10,0,0,4,6
0x529d15,99.7446%,4,1562,1566,1562,4,0,0
0x939547,93.2203%,4,55,59,55,3,1,0
0x140acc4,99.9574%,4,9392,9396,6261,3,1,3131
0x8deb83,0%,4,0,4,0,0,4,0
0x508836,99.9506%,4,8096,8100,0,0,4,8096
0x930077,99.7531%,4,1616,1620,0,0,4,1616
0x93076e,99.9753%,4,16196,16200,8096,4,0,8100
0xf31deb,20%,4,1,5,1,4,0,0
0x51b486,94.4444%,4,68,72,68,3,1,0
0x936635,99.7531%,4,1616,1620,0,0,4,1616
0x937c13,77.7778%,4,14,18,14,3,1,0
0x50120d,20%,4,1,5,0,0,4,1
0x1403686,96.6667%,4,116,120,116,2,2,0
0x936de2,93.3333%,4,56,60,0,0,4,56
0xdead5e,55.5556%,4,5,9,0,0,4,5
0x1669e4c,50%,4,4,8,2,1,3,2
0x1411c19,93.3333%,4,56,60,0,0,4,56
0x1409bcb,99.8723%,4,3128,3132,0,0,4,3128
0x1668c6e,92.9825%,4,53,57,0,0,4,53
0x9368f9,99.7571%,4,1643,1647,0,0,4,1643
0x528d5e,93.2203%,4,55,59,2,0,4,53
0x140cdd9,99.9858%,4,28184,28188,26620,2,2,1564
0x166bd23,92.9825%,4,53,57,0,0,4,53
0x528d6b,92.9825%,4,53,57,0,2,2,53
0x8e09d3,97.5904%,4,162,166,0,0,4,162
0x508453,99.3333%,4,596,600,300,0,4,296
0x15f3cfe,99.9966%,4,118256,118260,118256,4,0,0
0x506dff,60%,4,6,10,4,1,3,2
0x8e92b1,60%,4,6,10,6,4,0,0
0x16265dd,99.9966%,4,118256,118260,118256,4,0,0
0x930d28,99.9514%,4,8231,8235,0,0,4,8231
0x8e00da,50%,4,4,8,0,4,0,4
0x937930,93.2203%,4,55,59,0,0,4,55
0x8e011a,60%,4,6,10,0,0,4,6
0x1626639,99.9966%,4,118256,118260,0,0,4,118256
0x150d4d4,20%,4,1,5,0,0,4,1
0x140387e,92.5926%,4,50,54,50,2,2,0
0x1411d44,99.7619%,4,1676,1680,0,0,4,1676
0x529cac,99.7446%,4,1562,1566,0,0,4,1562
0x8e927e,55.5556%,4,5,9,5,4,0,0
0x931358,99.9487%,4,7796,7800,0,0,4,7796
0x162664d,99.9966%,4,118256,118260,0,0,4,118256
0x141152d,93.4426%,4,57,61,0,0,4,57
0x1626284,99.9966%,4,118256,118260,0,0,4,118256
0x930d8d,99.9514%,4,8231,8235,0,0,4,8231
0x14037ba,92.5926%,4,50,54,0,0,4,50
0x9305fb,99.8148%,3,1617,1620,0,0,3,1617
0x1626279,99.9975%,3,118257,118260,0,0,3,118257
0x8df2cb,25%,3,1,4,0,0,3,1
0x936998,95.082%,3,58,61,58,2,1,0
0xf2febf,40%,3,2,5,0,0,3,2
0x528e26,99.798%,3,1482,1485,0,0,3,1482
0x166a466,86.9565%,3,20,23,0,1,2,20
0x1669bda,94.7368%,3,54,57,0,0,3,54
0x92fa4a,99.8148%,3,1617,1620,0,0,3,1617
0x932dcf,99.8148%,3,1617,1620,0,0,3,1617
0x1403822,94.4444%,3,51,54,0,0,3,51
0x8e9274,70%,3,7,10,1,0,3,6
0x529eb1,94.9153%,3,56,59,56,2,1,0
0xf30cf8,99.963%,3,8097,8100,0,0,3,8097
0x150db4e,40%,3,2,5,2,3,0,0
0x936e2f,95%,3,57,60,57,3,0,0
0x14118be,95%,3,57,60,0,0,3,57
0x50880d,99%,3,297,300,0,0,3,297
0x931457,99.8077%,3,1557,1560,0,0,3,1557
0x4f9a19,99.963%,3,8097,8100,0,0,3,8097
0x93314d,95%,3,57,60,0,0,3,57
0xdeadb0,66.6667%,3,6,9,6,3,0,0
0x8e648f,88%,3,22,25,1,1,2,21
0x4f9b61,99.963%,3,8097,8100,0,0,3,8097
0x930891,99.9074%,3,3237,3240,1618,2,1,1619
0xf30a56,99.9617%,3,7827,7830,0,0,3,7827
0x150db30,40%,3,2,5,2,3,0,0
0x1668745,94.7368%,3,54,57,0,0,3,54
0x930943,95%,3,57,60,57,2,1,0
0x1669f83,83.3333%,3,15,18,0,0,3,15
0x8e9e3d,66.6667%,3,6,9,0,0,3,6
0xf3129e,99.963%,3,8097,8100,0,0,3,8097
0xdea638,83.3333%,3,15,18,7,2,1,8
0x140f650,96.4286%,3,81,84,81,1,2,0
0x4f99eb,99.963%,3,8097,8100,0,0,3,8097
0x156b80f,91.1765%,3,31,34,31,3,0,0
0x156b801,91.1765%,3,31,34,0,0,3,31
0x932fae,99.8148%,3,1617,1620,0,0,3,1617
0x92d126,95%,3,57,60,57,2,1,0
0x140477a,88.8889%,3,24,27,24,2,1,0
0x529209,88.8889%,3,24,27,24,2,1,0
0x150dc9e,40%,3,2,5,2,3,0,0
0x140360b,99.9074%,3,3237,3240,0,0,3,3237
0x14080ab,99.1379%,3,345,348,230,2,1,115
0x8e9c4b,70%,3,7,10,0,0,3,7
0x93262b,95.082%,3,58,61,58,2,1,0
0x141163e,99.8179%,3,1644,1647,0,0,3,1644
0x140ef2b,99.9918%,3,36683,36686,34527,1,2,2156
0x930fa0,95.082%,3,58,61,58,2,1,0
0x1669e5d,95.7746%,3,68,71,3,1,2,65
0x9300cc,99.8148%,3,1617,1620,0,0,3,1617
0x166c3a3,94.7368%,3,54,57,0,0,3,54
0x8f6e32,94.6429%,3,53,56,53,1,2,0
0x506b3a,98.9831%,3,292,295,7,3,0,285
0x937039,95%,3,57,60,57,2,1,0
0x93015f,95%,3,57,60,57,2,1,0
0x930d12,99.8179%,3,1644,1647,0,0,3,1644
0x930058,99.8148%,3,1617,1620,0,0,3,1617
0x14049fe,95%,3,57,60,57,2,1,0
0x162624d,99.9975%,3,118257,118260,118257,3,0,0
0x140492e,95%,3,57,60,0,0,3,57
0x140635b,99.9042%,3,3129,3132,0,0,3,3129
0x140a006,99.9681%,3,9393,9396,6263,1,2,3130
0x9315c3,95%,3,57,60,57,2,1,0
0x1410b12,97.5%,3,117,120,117,1,2,0
0x92f9a3,99.8148%,3,1617,1620,0,0,3,1617
0x930cc7,99.8179%,3,1644,1647,0,0,3,1644
0x1403a7c,97.5%,3,117,120,0,0,3,117
0x8e0224,70%,3,7,10,0,0,3,7
0x140a6a6,99.9668%,3,9045,9048,6030,2,1,3015
0x8f714e,94.6429%,3,53,56,53,1,2,0
0x930bcf,95.082%,3,58,61,0,0,3,58
0x1404281,99.8148%,3,1617,1620,1617,3,0,0
0x140a660,99.9005%,3,3013,3016,0,0,3,3013
0x166a27a,62.5%,3,5,8,0,0,3,5
0x1402e97,99.8244%,3,1705,1708,0,0,3,1705
0x140856f,99.9681%,3,9393,9396,6263,1,2,3130
0x1668733,94.7368%,3,54,57,0,0,3,54
0x16262b4,99.9975%,3,118257,118260,0,0,3,118257
0x506cb2,97.7778%,3,132,135,0,0,3,132
0x938812,95%,3,57,60,57,3,0,0
0x14126d7,95%,3,57,60,0,0,3,57
0x506ed6,97.7778%,3,132,135,0,0,3,132
0x51c701,99.729%,3,1104,1107,0,0,3,1104
0x501234,40%,3,2,5,2,3,0,0
0x92cfc8,99.8148%,3,1617,1620,1617,3,0,0
0x8e02bb,98.1928%,3,163,166,0,0,3,163
0x5081dd,99%,3,297,300,0,0,3,297
0x1406c94,99.9681%,3,9393,9396,6263,1,2,3130
0x15d6558,99.384%,3,484,487,484,3,0,0
0x931379,99.9615%,3,7797,7800,0,0,3,7797
0x8f68a2,94.6429%,3,53,56,0,0,3,53
0x150eae5,40%,3,2,5,2,3,0,0
0x930ef1,99.8179%,3,1644,1647,0,0,3,1644
0x14073e3,99.9005%,3,3013,3016,0,0,3,3013
0xf32b6e,40%,3,2,5,2,2,1,0
0x162629c,99.9975%,3,118257,118260,0,0,3,118257
0x50869e,99.5%,3,597,600,299,1,2,298
0x1668933,90%,3,27,30,0,0,3,27
0x93140e,99.9615%,3,7797,7800,0,0,3,7797
0x1668729,94.7368%,3,54,57,0,0,3,54
0x5297e7,88.8889%,3,24,27,24,2,1,0
0x9314bf,99.8077%,3,1557,1560,0,0,3,1557
0x4f85b4,40%,3,2,5,2,3,0,0
0xad4262,0%,2,0,2,0,2,0,0
0x15078d0,0%,2,0,2,0,2,0,0
0x15063e6,0%,2,0,2,0,2,0,0
0x15079c6,0%,2,0,2,0,2,0,0
0x1507a56,0%,2,0,2,0,2,0,0
0x1504290,0%,2,0,2,0,0,2,0
0x1402d60,0%,2,0,2,0,1,1,0
0x8df066,50%,2,2,4,0,0,2,2
0x166a3b5,91.3043%,2,21,23,0,0,2,21
0x140ad30,98.2759%,2,114,116,114,0,2,0
0x8e6475,92%,2,23,25,0,2,0,23
0xf30d96,99.9753%,2,8098,8100,0,0,2,8098
0x1668832,96.4912%,2,55,57,0,0,2,55
0x150db8e,60%,2,3,5,3,2,0,0
0x8df8b6,96.4286%,2,54,56,54,0,2,0
0xf310bd,99.3333%,2,298,300,0,0,2,298
0x1503d06,0%,2,0,2,0,2,0,0
0x14115bd,99.8786%,2,1645,1647,0,0,2,1645
0x8dfed2,96.4286%,2,54,56,0,0,2,54
0x162623c,99.9983%,2,118258,118260,0,0,2,118258
0xad6e2d,0%,2,0,2,0,2,0,0
0x150eacb,60%,2,3,5,3,2,0,0
0x8dece4,98.1481%,2,106,108,0,0,2,106
0x150eb4f,60%,2,3,5,0,1,1,3
0x8eaf54,80%,2,8,10,8,2,0,0
0x8e057b,98.7952%,2,164,166,0,0,2,164
0x14087ad,98.2759%,2,114,116,114,0,2,0
0x1406a3e,99.9779%,2,9046,9048,6030,2,0,3016
0x92e16a,99.8765%,2,1618,1620,1618,2,0,0
0x8dfb17,0%,2,0,2,0,0,2,0
0x1403230,99.9383%,2,3238,3240,0,0,2,3238
0x1505176,0%,2,0,2,0,2,0,0
0x52a767,99.8765%,2,1618,1620,0,0,2,1618
0x1411e71,96.6667%,2,58,60,58,1,1,0
0x140ab14,99.9361%,2,3130,3132,3130,2,0,0
0xf31166,99.3333%,2,298,300,0,0,2,298
0x8df53b,50%,2,2,4,0,0,2,2
0x50835a,99.3333%,2,298,300,0,0,2,298
0x1403eb8,99.8765%,2,1618,1620,0,0,2,1618
0x1409f30,99.9361%,2,3130,3132,0,0,2,3130
0x140d204,96.5517%,2,56,58,56,1,1,0
0x166bd37,96.4912%,2,55,57,0,0,2,55
0x150638e,0%,2,0,2,0,2,0,0
0x90cebf,96.6667%,2,58,60,58,1,1,0
0x8e74db,98.5294%,2,134,136,0,0,2,134
0x150796e,0%,2,0,2,0,2,0,0
0x8dfd7e,0%,2,0,2,0,0,2,0
0x1409877,98.2759%,2,114,116,0,0,2,114
0x150eab1,60%,2,3,5,3,2,0,0
0x1505312,0%,2,0,2,0,2,0,0
0x931506,99.8718%,2,1558,1560,0,0,2,1558
0x8df708,0%,2,0,2,0,0,2,0
0xf2e8a9,60%,2,3,5,3,2,0,0
0x5083e9,99.3333%,2,298,300,0,0,2,298
0x1408ac8,0%,2,0,2,0,0,2,0
0x5086b3,99.3333%,2,298,300,0,0,2,298
0xad61c2,0%,2,0,2,0,2,0,0
0x16262a8,99.9983%,2,118258,118260,0,0,2,118258
0x150dec8,60%,2,3,5,3,2,0,0
0x150400a,0%,2,0,2,0,2,0,0
0x140a58e,99.9337%,2,3014,3016,0,0,2,3014
0x14110c6,99.9383%,2,3238,3240,0,0,2,3238
0x1411a17,99.9383%,2,3238,3240,1619,1,1,1619
0x140f839,0%,2,0,2,0,0,2,0
0x901cc3,99.9953%,2,42698,42700,0,0,2,42698
0x506e1a,60%,2,3,5,0,0,2,3
0xf3131b,99.9753%,2,8098,8100,0,0,2,8098
0x1507954,0%,2,0,2,0,2,0,0
0x166a2d0,75%,2,6,8,0,0,2,6
0x166acbf,75%,2,6,8,0,0,2,6
0x141267b,96.6667%,2,58,60,0,0,2,58
0x16689b2,60%,2,3,5,3,2,0,0
0x1411cac,99.881%,2,1678,1680,0,0,2,1678
0x4f7e67,60%,2,3,5,0,0,2,3
0x8ea202,80%,2,8,10,8,2,0,0
0x1411592,99.8786%,2,1645,1647,0,0,2,1645
0xf30cb9,99.3333%,2,298,300,0,0,2,298
0x9306ac,99.9753%,2,8098,8100,0,0,2,8098
0x528d8f,96.3636%,2,53,55,0,0,2,53
0xf31054,99.3333%,2,298,300,0,0,2,298
0x50770f,99.322%,2,293,295,290,0,2,3
0x140f66d,0%,2,0,2,0,2,0,0
0x140468c,92.5926%,2,25,27,0,0,2,25
0x1506f26,0%,2,0,2,0,2,0,0
0x1404433,96.6667%,2,58,60,58,1,1,0
0x14043b6,99.8765%,2,1618,1620,0,0,2,1618
0x1409a84,98.2759%,2,114,116,0,0,2,114
0xf32b32,60%,2,3,5,3,2,0,0
0xf30a75,99.9745%,2,7828,7830,0,0,2,7828
0x141115f,98.3333%,2,118,120,118,0,2,0
0x8f6bd3,0%,2,0,2,0,0,2,0
0x16263a0,99.9983%,2,118258,118260,118258,2,0,0
0xf32c58,60%,2,3,5,3,2,0,0
0x1403d4f,99.8765%,2,1618,1620,0,0,2,1618
0x8e85a2,92%,2,23,25,0,2,0,23
0x140ad69,0%,2,0,2,0,0,2,0
0x1506d3b,0%,2,0,2,0,2,0,0
0x8e73b0,92%,2,23,25,0,2,0,23
0x8f6d6c,96.4286%,2,54,56,0,0,2,54
0xf31896,60%,2,3,5,0,0,2,3
0x507ae2,60%,2,3,5,0,0,2,3
0x140736e,99.4253%,2,346,348,231,1,1,115
0xb53821,0%,2,0,2,0,2,0,0
0x1408505,99.9361%,2,3130,3132,0,0,2,3130
0xf30b19,99.9745%,2,7828,7830,0,0,2,7828
0x1406aff,99.9361%,2,3130,3132,3130,2,0,0
0x1506e5b,0%,2,0,2,0,2,0,0
0x1503d66,0%,2,0,2,0,2,0,0
0x1507927,0%,2,0,2,0,2,0,0
0x529257,33.3333%,2,1,3,1,1,1,0
0x4f972f,99.3333%,2,298,300,0,0,2,298
0x508874,99.9753%,2,8098,8100,0,0,2,8098
0x8f69f0,96.4286%,2,54,56,54,0,2,0
0x1506f86,0%,2,0,2,0,2,0,0
0x5088d2,99.9753%,2,8098,8100,0,0,2,8098
0x1409ed2,98.2759%,2,114,116,0,0,2,114
0x1412695,96.6667%,2,58,60,0,0,2,58
0x4f83ec,60%,2,3,5,3,2,0,0
0x8e9d85,80%,2,8,10,0,1,1,8
0x1505968,0%,2,0,2,0,2,0,0
0x141101d,98.3333%,2,118,120,0,0,2,118
0x15051d6,0%,2,0,2,0,2,0,0
0x1412729,96.6667%,2,58,60,58,1,1,0
0x8e9e34,96.6667%,2,58,60,58,1,1,0
0x1669ea8,66.6667%,2,4,6,0,0,2,4
0x1404cf8,0%,2,0,2,0,2,0,0
0x8e9c0c,80%,2,8,10,0,0,2,8
0x8e9be0,80%,2,8,10,8,2,0,0
0x1504fce,0%,2,0,2,0,2,0,0
0x1408a63,0%,2,0,2,0,2,0,0
0x4f9ac5,99.9753%,2,8098,8100,0,0,2,8098
0x8e9502,80%,2,8,10,8,2,0,0
0x1505008,0%,2,0,2,0,2,0,0
0x8f653c,0%,2,0,2,0,0,2,0
0x9312f7,99.8718%,2,1558,1560,0,0,2,1558
0x1505d63,0%,2,0,2,0,0,2,0
0x932490,96.7213%,2,59,61,0,0,2,59
0x5077d6,99.9745%,2,7828,7830,0,0,2,7828
0x1503fd5,0%,2,0,2,0,0,2,0
0x140e9bf,97.5904%,2,81,83,0,0,2,81
0x8e73ff,0%,2,0,2,0,0,2,0
0x1409382,99.9361%,2,3130,3132,0,0,2,3130
0x5071e8,98.5185%,2,133,135,0,0,2,133
0x15062f0,0%,2,0,2,0,2,0,0
0xdea6de,88.8889%,2,16,18,16,2,0,0
0x8e7514,98.5294%,2,134,136,134,0,2,0
0x8e85b1,0%,2,0,2,0,0,2,0
0x1409cf5,98.2759%,2,114,116,114,0,2,0
0xf318a8,60%,2,3,5,0,0,2,3
0x1408247,98.2759%,2,114,116,114,2,0,0
0xf31023,99.3333%,2,298,300,0,0,2,298
0x8e0891,80%,2,8,10,0,0,2,8
0x1503eb6,0%,2,0,2,0,2,0,0
0x1508513,0%,2,0,2,0,2,0,0
0x8dfae7,96.4286%,2,54,56,54,0,2,0
0x15046f5,0%,2,0,2,0,2,0,0
0x1409316,99.9361%,2,3130,3132,0,0,2,3130
0x15d653a,99.5893%,2,485,487,0,0,2,485
0x8e875a,96.2963%,2,52,54,52,0,2,0
0x8df6a2,0%,2,0,2,0,2,0,0
0x1403aa7,98.3333%,2,118,120,118,0,2,0
0x1404d8b,0%,2,0,2,0,0,2,0
0x8f71af,0%,2,0,2,0,0,2,0
0x1506ff5,0%,2,0,2,0,0,2,0
0x93667a,99.9383%,2,3238,3240,1619,1,1,1619
0xdea681,77.7778%,2,7,9,7,2,0,0
0x1505236,0%,2,0,2,0,2,0,0
0xdead83,77.7778%,2,7,9,7,2,0,0
0x52abd1,99.8765%,2,1618,1620,0,0,2,1618
0x141215f,99.8765%,2,1618,1620,0,0,2,1618
0x8f6870,96.4286%,2,54,56,0,0,2,54
0x1406d6e,98.2759%,2,114,116,0,0,2,114
0x8e00e6,50%,2,2,4,2,0,2,0
0x4f91e8,60%,2,3,5,0,0,2,3
0x93070c,99.9753%,2,8098,8100,0,0,2,8098
0x1506fd9,0%,2,0,2,0,2,0,0
0x150471f,0%,2,0,2,0,2,0,0
0x14039e4,98.3333%,2,118,120,0,0,2,118
0x1505266,0%,2,0,2,0,2,0,0
0x8f6cd6,96.4286%,2,54,56,0,0,2,54
0x1403ac1,0%,2,0,2,0,1,1,0
0x8f717a,0%,2,0,2,0,0,2,0
0x52ac04,99.8765%,2,1618,1620,0,0,2,1618
0x1406218,98.2759%,2,114,116,0,0,2,114
0x1404747,92.5926%,2,25,27,0,0,2,25
0x8eae9f,77.7778%,2,7,9,0,0,2,7
0x93214a,96.6667%,2,58,60,0,0,2,58
0x52a9c9,99.8765%,2,1618,1620,0,0,2,1618
0x1506e36,0%,2,0,2,0,2,0,0
0x1403a23,98.3333%,2,118,120,0,0,2,118
0x1411947,99.8765%,2,1618,1620,0,0,2,1618
0x1506dc6,0%,2,0,2,0,2,0,0
0x930839,99.8765%,2,1618,1620,0,0,2,1618
0x93655e,96.6667%,2,58,60,0,0,2,58
0x8f7454,96.4286%,2,54,56,54,0,2,0
0x14037d7,96.2963%,2,52,54,0,0,2,52
0x14038ca,0%,2,0,2,0,0,2,0
0x140369a,0%,2,0,2,0,0,2,0
0x1503cd6,0%,2,0,2,0,2,0,0
0x8e925e,80%,2,8,10,1,0,2,7
0x15075ad,0%,2,0,2,0,2,0,0
0x8df655,0%,2,0,2,0,0,2,0
0x1626633,99.9983%,2,118258,118260,0,0,2,118258
0x8df190,50%,2,2,4,0,0,2,2
0x8f6656,0%,2,0,2,0,0,2,0
0x15066f0,0%,2,0,2,0,2,0,0
0x1506476,0%,2,0,2,0,2,0,0
0x9378a0,96.6102%,2,57,59,0,0,2,57
0x15086b0,50%,1,1,2,1,0,1,0
0x150dc70,80%,1,4,5,4,1,0,0
0x5087cf,99.8333%,1,599,600,300,0,1,299
0x1506e85,50%,1,1,2,1,1,0,0
0x14f941a,0%,1,0,1,0,1,0,0
0x14f93f8,0%,1,0,1,0,1,0,0
0x166a3bf,95.6522%,1,22,23,0,0,1,22
0x4f8984,80%,1,4,5,0,0,1,4
0x939512,98.3051%,1,58,59,0,0,1,58
0x14fab7a,0%,1,0,1,0,1,0,0
0x8e0692,90%,1,9,10,0,0,1,9
0x8df834,98.2143%,1,55,56,0,0,1,55
0x939762,0%,1,0,1,0,1,0,0
0x14f94de,0%,1,0,1,0,1,0,0
0x14113a2,0%,1,0,1,0,0,1,0
0x1404d28,50%,1,1,2,1,1,0,0
0x8f6e7f,50%,1,1,2,0,0,1,1
0xf32b14,80%,1,4,5,0,0,1,4
0x1669efd,94.4444%,1,17,18,0,0,1,17
0x15078fa,50%,1,1,2,1,1,0,0
0x14f9f9e,0%,1,0,1,0,1,0,0
0x93681e,98.3607%,1,60,61,0,0,1,60
0x1504e54,50%,1,1,2,1,1,0,0
0x8e9bd6,90%,1,9,10,0,0,1,9
0x523814,0%,1,0,1,0,0,1,0
0x9302e1,0%,1,0,1,0,0,1,0
0x8e71e5,96%,1,24,25,24,1,0,0
0x90cdb8,98.3333%,1,59,60,0,0,1,59
0x930d49,99.9879%,1,8234,8235,0,0,1,8234
0x150923e,0%,1,0,1,0,1,0,0
0x8df2e9,75%,1,3,4,0,0,1,3
0x930e9a,99.9393%,1,1646,1647,0,0,1,1646
0x5083cb,99.8333%,1,599,600,299,1,0,300
0x8e9268,88.8889%,1,8,9,8,1,0,0
0x528fc2,75%,1,3,4,2,1,0,1
0x936d11,0%,1,0,1,0,0,1,0
0x1517684,0%,1,0,1,0,0,1,0
0x8fa3a8,0%,1,0,1,0,0,1,0
0x8e922a,90%,1,9,10,9,1,0,0
0x92f79b,99.9383%,1,1619,1620,0,0,1,1619
0xb54f60,0%,1,0,1,0,1,0,0
0x508566,99.8333%,1,599,600,300,0,1,299
0x1508f03,0%,1,0,1,0,1,0,0
0x14065cf,99.9681%,1,3131,3132,3131,1,0,0
0xf32b5b,80%,1,4,5,0,0,1,4
0x8eaddb,90%,1,9,10,0,1,0,9
0x8dfb5d,50%,1,1,2,0,0,1,1
0x939116,0%,1,0,1,0,1,0,0
0x523753,0%,1,0,1,0,0,1,0
0x8df08c,75%,1,3,4,0,0,1,3
0x1506d5e,50%,1,1,2,1,1,0,0
0x90cd5e,98.3333%,1,59,60,0,0,1,59
0x140923e,99.1379%,1,115,116,0,0,1,115
0x51a9d9,0%,1,0,1,0,1,0,0
0x51bebb,0%,1,0,1,0,0,1,0
0x523793,0%,1,0,1,0,0,1,0
0xb478d0,0%,1,0,1,0,1,0,0
0x8ead92,90%,1,9,10,0,0,1,9
0x1668f14,94.4444%,1,17,18,0,0,1,17
0x1409b9e,99.9681%,1,3131,3132,0,0,1,3131
0x14faf8d,0%,1,0,1,0,1,0,0
0x8f6a40,50%,1,1,2,0,0,1,1
0x1508fc8,0%,1,0,1,0,1,0,0
0x4f9748,99.9861%,1,7199,7200,0,0,1,7199
0x1409b7f,99.1379%,1,115,116,0,0,1,115
0x51a6d9,0%,1,0,1,0,0,1,0
0x51a678,0%,1,0,1,0,1,0,0
0x1508ebe,0%,1,0,1,0,1,0,0
0x1510260,0%,1,0,1,0,1,0,0
0x15052c6,50%,1,1,2,1,1,0,0
0x1516909,0%,1,0,1,0,1,0,0
0x51ac29,0%,1,0,1,0,1,0,0
0x92dfa6,0%,1,0,1,0,0,1,0
0x933373,0%,1,0,1,0,0,1,0
0x166a3d4,95.6522%,1,22,23,0,0,1,22
0x1503c2b,50%,1,1,2,1,1,0,0
0x15138c1,0%,1,0,1,0,1,0,0
0x939679,0%,1,0,1,0,0,1,0
0x1626307,99.9992%,1,118259,118260,118259,1,0,0
0x14fadbb,0%,1,0,1,0,1,0,0
0x1410e9a,50%,1,1,2,0,0,1,1
0x15064d6,50%,1,1,2,1,1,0,0
0x9386b1,0%,1,0,1,0,0,1,0
0x166a43c,95.6522%,1,22,23,0,0,1,22
0x51c8e9,97.561%,1,40,41,40,1,0,0
0x1408a55,50%,1,1,2,1,1,0,0
0x166a3e8,95.6522%,1,22,23,22,1,0,0
0x50786c,99.9872%,1,7829,7830,0,0,1,7829
0x92d30a,0%,1,0,1,0,0,1,0
0x9387bf,98.3333%,1,59,60,0,0,1,59
0x140b11a,0%,1,0,1,0,1,0,0
0x51b01c,0%,1,0,1,0,1,0,0
0x93945c,98.3051%,1,58,59,0,0,1,58
0x8dfb0e,50%,1,1,2,0,0,1,1
0x1404806,0%,1,0,1,0,0,1,0
0x1516b6e,0%,1,0,1,0,1,0,0
0x51a9d1,0%,1,0,1,0,0,1,0
0x8fa517,99.9383%,1,1619,1620,0,0,1,1619
0x4f8829,80%,1,4,5,0,0,1,4
0x14048cb,98.3333%,1,59,60,0,0,1,59
0x141191c,99.9383%,1,1619,1620,0,0,1,1619
0x1669c05,98.2456%,1,56,57,56,1,0,0
0x9302fe,0%,1,0,1,0,0,1,0
0x92ce9a,0%,1,0,1,0,0,1,0
0x92d331,0%,1,0,1,0,0,1,0
0x92cf8e,98.3333%,1,59,60,0,0,1,59
0x1411c7c,99.9405%,1,1679,1680,0,0,1,1679
0x1506506,50%,1,1,2,1,1,0,0
0xf30a35,99.6552%,1,289,290,0,0,1,289
0x93333e,98.3333%,1,59,60,59,0,1,0
0x166891d,96.6667%,1,29,30,0,0,1,29
0x166a2fb,87.5%,1,7,8,7,1,0,0
0x14f9f7e,0%,1,0,1,0,1,0,0
0x14f9fc6,0%,1,0,1,0,1,0,0
0x1412084,99.9383%,1,1619,1620,0,0,1,1619
0xa5c2f8,0%,1,0,1,0,1,0,0
0x8df6e2,50%,1,1,2,0,0,1,1
0x50119f,80%,1,4,5,0,0,1,4
0x14fa316,0%,1,0,1,0,1,0,0
0x5011a9,80%,1,4,5,0,0,1,4
0x51c6e1,97.561%,1,40,41,0,0,1,40
0x1403a68,99.1667%,1,119,120,0,0,1,119
0x92d0f3,99.9383%,1,1619,1620,0,0,1,1619
0x932e31,99.9383%,1,1619,1620,0,0,1,1619
0x5011c3,80%,1,4,5,4,1,0,0
0x15186ec,0%,1,0,1,0,1,0,0
0x8e02e1,99.3976%,1,165,166,0,0,1,165
0x93888c,0%,1,0,1,0,1,0,0
0x937b5a,0%,1,0,1,0,0,1,0
0x937af8,0%,1,0,1,0,0,1,0
0x937a55,0%,1,0,1,0,0,1,0
0x9379ad,0%,1,0,1,0,0,1,0
0x150c914,0%,1,0,1,0,0,1,0
0xb74975,0%,1,0,1,0,1,0,0
0x166a29a,87.5%,1,7,8,0,0,1,7
0x151387a,0%,1,0,1,0,1,0,0
0x14fab16,0%,1,0,1,0,1,0,0
0x901c7d,99.9344%,1,1524,1525,0,0,1,1524
0x14fa436,0%,1,0,1,0,1,0,0
0x150a908,0%,1,0,1,0,0,1,0
0xacef05,0%,1,0,1,0,1,0,0
0x1504e27,50%,1,1,2,1,1,0,0
0x9366de,98.3333%,1,59,60,59,0,1,0
0x150b3c8,0%,1,0,1,0,0,1,0
0x150b3dc,0%,1,0,1,0,1,0,0
0x14fa200,0%,1,0,1,0,1,0,0
0x14faaaf,0%,1,0,1,0,1,0,0
0x150be89,0%,1,0,1,0,1,0,0
0x1513902,0%,1,0,1,0,1,0,0
0x8df036,75%,1,3,4,0,0,1,3
0x1402e46,98.3607%,1,60,61,0,0,1,60
0x1509028,0%,1,0,1,0,1,0,0
0x8e00bd,90%,1,9,10,8,0,1,1
0x1508f3e,0%,1,0,1,0,1,0,0
0x1402d7b,0%,1,0,1,0,0,1,0
0x1508e81,0%,1,0,1,0,1,0,0
0x1508e5c,0%,1,0,1,0,1,0,0
0x1508e2f,0%,1,0,1,0,1,0,0
0x14047d0,0%,1,0,1,0,0,1,0
0x14fa2b6,0%,1,0,1,0,1,0,0
0x150d4b2,80%,1,4,5,4,1,0,0
0x14f9f3e,0%,1,0,1,0,1,0,0
0x14fa023,0%,1,0,1,0,1,0,0
0x1412119,99.9383%,1,1619,1620,0,0,1,1619
0x14f9ffe,0%,1,0,1,0,1,0,0
0x140ad41,50%,1,1,2,0,0,1,1
0x1506e06,50%,1,1,2,1,1,0,0
0x9365c9,99.9383%,1,1619,1620,0,0,1,1619
0x1509b81,0%,1,0,1,0,1,0,0
0x936889,99.9393%,1,1646,1647,0,0,1,1646
0x1407cc7,99.1379%,1,115,116,0,0,1,115
0x939437,98.3051%,1,58,59,0,0,1,58
0x93670a,0%,1,0,1,0,0,1,0
0x936b2a,99.9405%,1,1679,1680,0,0,1,1679
0x8e6d07,96%,1,24,25,24,1,0,0
0x14fa4c5,0%,1,0,1,0,0,1,0
0x140d030,99.9965%,1,28187,28188,26621,1,0,1566
0x150eda2,75%,1,3,4,3,1,0,0
0x14fa3d6,0%,1,0,1,0,1,0,0
0x51c407,99.8999%,1,998,999,0,0,1,998
0x1403d81,99.9383%,1,1619,1620,0,0,1,1619
0x14fa376,0%,1,0,1,0,1,0,0
0x1407c0e,99.1379%,1,115,116,0,0,1,115
0x506f85,99.2593%,1,134,135,0,0,1,134
0xb67a00,0%,1,0,1,0,1,0,0
0xb6a731,0%,1,0,1,0,1,0,0
0x14121d8,98.3333%,1,59,60,59,0,1,0
0x140bf86,98.2759%,1,57,58,0,0,1,57
0x92d07c,99.9383%,1,1619,1620,0,0,1,1619
0x8f693b,98.2143%,1,55,56,0,0,1,55
0x8e9d92,0%,1,0,1,0,0,1,0
0x151825f,0%,1,0,1,0,1,0,0
0x1406bd2,99.9681%,1,3131,3132,0,0,1,3131
0x14fabe1,0%,1,0,1,0,1,0,0
0x140b255,0%,1,0,1,0,1,0,0
0x1515eda,0%,1,0,1,0,1,0,0
0x90cdd7,98.3333%,1,59,60,0,0,1,59
0x51b40e,0%,1,0,1,0,0,1,0
0x1506346,50%,1,1,2,1,1,0,0
0x936dc8,98.3333%,1,59,60,0,0,1,59
0x506d75,99.2593%,1,134,135,0,0,1,134
0x1506315,50%,1,1,2,1,1,0,0
0x1515ff1,0%,1,0,1,0,1,0,0
0x506ea6,99.2593%,1,134,135,0,0,1,134
0x8df1f3,99.0741%,1,107,108,0,0,1,107
0x936fa5,0%,1,0,1,0,1,0,0
0x92f5ef,98.3333%,1,59,60,0,0,1,59
0x150576b,50%,1,1,2,1,1,0,0
0x8df2b4,75%,1,3,4,0,0,1,3
0x939337,0%,1,0,1,0,0,1,0
0x932c09,98.3333%,1,59,60,0,0,1,59
0x93777d,0%,1,0,1,0,0,1,0
0x506c76,99.2593%,1,134,135,0,0,1,134
0x506baf,80%,1,4,5,4,1,0,0
0x937965,0%,1,0,1,0,0,1,0
0x939858,94.4444%,1,17,18,17,0,1,0
0x936d03,0%,1,0,1,0,0,1,0
0x936cfa,0%,1,0,1,0,0,1,0
0x8f6545,50%,1,1,2,0,0,1,1
0x140b089,0%,1,0,1,0,1,0,0
0x1404978,98.3333%,1,59,60,0,0,1,59
0x14047ee,0%,1,0,1,0,0,1,0
0x150ede2,80%,1,4,5,4,0,1,0
0x14fa6f9,0%,1,0,1,0,0,1,0
0x14fa346,0%,1,0,1,0,1,0,0
0x140465f,96.2963%,1,26,27,0,0,1,26
0x506be4,80%,1,4,5,4,1,0,0
0x939561,0%,1,0,1,0,0,1,0
0x14040e7,0%,1,0,1,0,0,1,0
0x14081e3,99.1379%,1,115,116,0,0,1,115
0x936c42,98.3333%,1,59,60,59,0,1,0
0x1516dbc,0%,1,0,1,0,1,0,0
0x1503d96,50%,1,1,2,1,1,0,0
0x1506fb6,50%,1,1,2,1,1,0,0
0x9330c0,99.9383%,1,1619,1620,0,0,1,1619
0x140e192,99.9944%,1,17927,17928,15687,0,1,2240
0xb768c2,0%,1,0,1,0,1,0,0
0x140a8ee,99.9681%,1,3131,3132,0,0,1,3131
0x92fb57,98.3333%,1,59,60,59,0,1,0
0x166873d,98.2456%,1,56,57,0,0,1,56
0x52aa2f,98.3333%,1,59,60,0,0,1,59
0xf34a5e,0%,1,0,1,0,0,1,0
0x8dee98,75%,1,3,4,3,1,0,0
0x506f40,99.2593%,1,134,135,0,0,1,134
0x529280,50%,1,1,2,1,0,1,0
0x1402fae,50%,1,1,2,0,0,1,1
0x1513956,0%,1,0,1,0,1,0,0
0x14081fe,99.9668%,1,3015,3016,0,0,1,3015
0x52929b,0%,1,0,1,0,0,1,0
0x150905a,0%,1,0,1,0,1,0,0
0x501183,80%,1,4,5,4,1,0,0
0x529158,96.2963%,1,26,27,26,1,0,0
0x8df3de,75%,1,3,4,3,1,0,0
0x14fabb7,0%,1,0,1,0,1,0,0
0x166c3bc,98.2456%,1,56,57,56,1,0,0
0x15d6552,99.7947%,1,486,487,0,0,1,486
0xdeb112,94.4444%,1,17,18,17,1,0,0
0x8df484,99.0741%,1,107,108,0,0,1,107
0x1669cdd,98.2456%,1,56,57,0,0,1,56
0x529326,96.2963%,1,26,27,0,0,1,26
0x1403385,99.9691%,1,3239,3240,0,0,1,3239
0x1506656,50%,1,1,2,1,1,0,0
0x14fab48,0%,1,0,1,0,1,0,0
0x508468,99.6667%,1,299,300,0,0,1,299
0x1517174,0%,1,0,1,0,0,1,0
0x937951,98.3051%,1,58,59,58,0,1,0
0x529637,96.2963%,1,26,27,26,0,1,0
0x1668873,98.2456%,1,56,57,0,0,1,56
0x140be66,99.9361%,1,1565,1566,0,0,1,1565
0x51b495,0%,1,0,1,0,1,0,0
0x1503f16,50%,1,1,2,1,1,0,0
0x8dfd62,50%,1,1,2,0,0,1,1
0x140bef4,99.9929%,1,14093,14094,12528,0,1,1565
0xb75c12,0%,1,0,1,0,1,0,0
0x1513aad,0%,1,0,1,0,0,1,0
0x1513a35,0%,1,0,1,0,1,0,0
0xf31270,99.9877%,1,8099,8100,0,0,1,8099
0x8f6556,50%,1,1,2,0,0,1,1
0x529bd4,98.2759%,1,57,58,0,0,1,57
0x1668bb5,98.2456%,1,56,57,0,0,1,56
0x140f1eb,99.9974%,1,38096,38097,35856,0,1,2240
0x151392c,0%,1,0,1,0,1,0,0
0x8e03a5,90%,1,9,10,0,0,1,9
0x9369a6,0%,1,0,1,0,0,1,0
0x15138e3,0%,1,0,1,0,1,0,0
0x92fe8e,0%,1,0,1,0,0,1,0
0x150a8ff,0%,1,0,1,0,0,1,0
0x140618b,99.1379%,1,115,116,0,0,1,115
0x15139f1,0%,1,0,1,0,1,0,0
0x52967a,0%,1,0,1,0,0,1,0
0xb75625,0%,1,0,1,0,1,0,0
0x150503a,50%,1,1,2,1,1,0,0
0x8f6fd8,50%,1,1,2,0,0,1,1
0x140e10b,99.9554%,1,2240,2241,0,0,1,2240
0x1515c57,0%,1,0,1,0,0,1,0
0x93337d,0%,1,0,1,0,0,1,0
0xa96d80,0%,1,0,1,0,1,0,0
0x92d420,0%,1,0,1,0,0,1,0
0x93776c,0%,1,0,1,0,0,1,0
0x162626e,99.9992%,1,118259,118260,0,0,1,118259
0x8e03d4,90%,1,9,10,0,0,1,9
0x8eae95,98.8095%,1,83,84,83,0,1,0
0x14095b3,99.9681%,1,3131,3132,0,0,1,3131
0x92d42d,0%,1,0,1,0,1,0,0
0x930682,99.9877%,1,8099,8100,0,0,1,8099
0x936e7e,98.3333%,1,59,60,59,0,1,0
0x90ce7b,98.3333%,1,59,60,0,0,1,59
0x8dfa63,98.2143%,1,55,56,0,0,1,55
0x1516664,80%,1,4,5,4,0,1,0
0x93265a,0%,1,0,1,0,0,1,0
0x8e9d8a,88.8889%,1,8,9,8,1,0,0
0x16262dc,99.9992%,1,118259,118260,0,0,1,118259
0xad08f5,0%,1,0,1,0,1,0,0
0x15051a6,50%,1,1,2,1,1,0,0
0x166883e,98.2456%,1,56,57,56,1,0,0
0x936f7f,0%,1,0,1,0,0,1,0
0x1515456,0%,1,0,1,0,0,1,0
0x52a58a,98.3333%,1,59,60,0,0,1,59
0x529f4f,0%,1,0,1,0,0,1,0
0x52a724,98.3333%,1,59,60,0,0,1,59
0x529bc7,98.3051%,1,58,59,0,1,0,58
0x93931b,0%,1,0,1,0,0,1,0
0x1411a7c,98.3333%,1,59,60,59,0,1,0
0x1668f1b,94.4444%,1,17,18,0,0,1,17
0x90ce2c,98.3333%,1,59,60,0,0,1,59
0x16262fb,99.9992%,1,118259,118260,0,0,1,118259
0x8e0861,90%,1,9,10,0,0,1,9
0x1508f73,0%,1,0,1,0,1,0,0
0x52a954,98.3333%,1,59,60,0,0,1,59
0x8e013f,90%,1,9,10,0,0,1,9
0x1511a87,0%,1,0,1,0,1,0,0
0xf308df,99.6667%,1,299,300,0,0,1,299
0x9390fd,0%,1,0,1,0,0,1,0
0x92d35f,94.4444%,1,17,18,17,0,1,0
0x9392fc,0%,1,0,1,0,0,1,0
0x8f7363,98.2143%,1,55,56,0,0,1,55
0x15044e8,50%,1,1,2,1,1,0,0
0x1508f8b,0%,1,0,1,0,1,0,0
0x8eaca0,90%,1,9,10,9,1,0,0
0x92d38e,50%,1,1,2,0,1,0,1
0x150edbc,80%,1,4,5,0,0,1,4
0x8dfca3,98.2143%,1,55,56,0,0,1,55
0x529411,96.2963%,1,26,27,26,1,0,0
0x150eb3c,80%,1,4,5,0,0,1,4
0x92e25d,99.9383%,1,1619,1620,0,0,1,1619
0x939305,0%,1,0,1,0,0,1,0
0x92e36f,98.3333%,1,59,60,59,0,1,0
0x8dede2,75%,1,3,4,0,0,1,3
0x16688aa,98.2456%,1,56,57,56,1,0,0
0x92f390,0%,1,0,1,0,0,1,0
0x92f3a5,0%,1,0,1,0,0,1,0
0x5011de,80%,1,4,5,0,0,1,4
0x150508e,50%,1,1,2,1,1,0,0
0x8e7215,96%,1,24,25,0,0,1,24
0x1505116,50%,1,1,2,1,1,0,0
0x8e682f,96%,1,24,25,24,1,0,0
0x92f886,99.9383%,1,1619,1620,1619,1,0,0
0x8df8ec,50%,1,1,2,0,0,1,1
0x939744,0%,1,0,1,0,0,1,0
0x8f6ecf,50%,1,1,2,0,0,1,1
0x1515f95,0%,1,0,1,0,1,0,0
0x1515fc7,0%,1,0,1,0,1,0,0
0x166ac2b,87.5%,1,7,8,0,0,1,7
0x166bd73,98.2456%,1,56,57,0,0,1,56
0xf30856,80%,1,4,5,0,0,1,4
0x525775,0%,1,0,1,0,1,0,0
0x14f98f0,0%,1,0,1,0,0,1,0
0x1509176,0%,1,0,1,0,1,0,0
0x528fe1,0%,1,0,1,0,0,1,0
0x5290c8,96.2963%,1,26,27,0,0,1,26
0x92f973,99.9383%,1,1619,1620,0,0,1,1619
0x1669e36,98.5915%,1,70,71,0,0,1,70
0x1669cc9,94.1176%,1,16,17,16,1,0,0
0x938878,98.3333%,1,59,60,59,0,1,0
0x1516fad,0%,1,0,1,0,0,1,0
0x8e9875,90%,1,9,10,9,1,0,0
0x1508692,50%,1,1,2,0,0,1,1
0xf332a9,80%,1,4,5,0,0,1,4
0xae8622,0%,1,0,1,0,1,0,0
0xae928d,0%,1,0,1,0,1,0,0
0x8dfb37,50%,1,1,2,0,0,1,1
0x150e6d7,80%,1,4,5,0,0,1,4
0x1402f16,98.3607%,1,60,61,60,0,1,0
0x1403147,99.1667%,1,119,120,0,0,1,119
0x52376d,0%,1,0,1,0,1,0,0
0x51a7d7,0%,1,0,1,0,1,0,0
0xf319d3,80%,1,4,5,0,0,1,4
0x1412716,98.3333%,1,59,60,0,0,1,59
0x151398b,0%,1,0,1,0,1,0,0
0x150dedf,80%,1,4,5,4,1,0,0
0x14fa406,0%,1,0,1,0,1,0,0
0x150dc3b,80%,1,4,5,4,1,0,0
0x140409e,98.3333%,1,59,60,59,0,1,0
0x150e6f1,80%,1,4,5,0,0,1,4
0x166a374,80%,1,4,5,4,1,0,0
0x8fa4a4,98.3333%,1,59,60,0,0,1,59
0x1668755,98.2456%,1,56,57,56,1,0,0
0xb762d5,0%,1,0,1,0,1,0,0
0x150dc16,80%,1,4,5,4,1,0,0
0x150dbee,80%,1,4,5,4,1,0,0
0x937884,98.3051%,1,58,59,0,0,1,58
0x15091a6,0%,1,0,1,0,1,0,0
0x1504733,50%,1,1,2,0,0,1,1
0x93778e,0%,1,0,1,0,0,1,0
0x1411703,98.3607%,1,60,61,60,0,1,0
0x8fa607,98.3333%,1,59,60,59,0,1,0
0x1508ed3,0%,1,0,1,0,1,0,0
0x166a0a6,97.2222%,1,35,36,35,1,0,0
0x15174c4,0%,1,0,1,0,1,0,0
0x52adb1,98.3333%,1,59,60,59,0,1,0
0x93051c,98.3333%,1,59,60,0,0,1,59
0x166bda5,98.2456%,1,56,57,0,0,1,56
0x8e04e4,90%,1,9,10,0,0,1,9
0x140783b,99.9668%,1,3015,3016,3015,1,0,0
0x140c02e,99.9042%,1,1043,1044,986,0,1,57
0x140f84b,50%,1,1,2,0,0,1,1
0x9395a4,0%,1,0,1,0,0,1,0
0x8e0795,90%,1,9,10,0,0,1,9
0x4f899e,80%,1,4,5,0,0,1,4
0x16262c7,100%,0,118260,118260,0,0,0,118260
0x93869c,100%,0,1,1,0,0,0,1
0x93879d,100%,0,60,60,0,0,0,60
0x1507a86,100%,0,2,2,2,0,0,0
0x8fa5ba,100%,0,1620,1620,0,0,0,1620
0x51c5a7,100%,0,41,41,0,0,0,41
0x507a59,100%,0,5,5,0,0,0,5
0xb3e86b,100%,0,1,1,1,0,0,0
0x52a90b,100%,0,60,60,0,0,0,60
0xa9650e,100%,0,1,1,1,0,0,0
0x523782,100%,0,1,1,0,0,0,1
0x15f3cb5,100%,0,118260,118260,0,0,0,118260
0x151767b,100%,0,1,1,0,0,0,1
0x14068af,100%,0,116,116,0,0,0,116
0xb52130,100%,0,2,2,2,0,0,0
0x931342,100%,0,1560,1560,0,0,0,1560
0x150dd56,100%,0,5,5,5,0,0,0
0x52388c,100%,0,1,1,0,0,0,1
0x151642f,100%,0,1,1,0,0,0,1
0x501217,100%,0,5,5,0,0,0,5
0x529267,100%,0,1,1,1,0,0,0
0x92d367,100%,0,1,1,0,0,0,1
0x501206,100%,0,5,5,5,0,0,0
0x4f98f2,100%,0,300,300,0,0,0,300
0x140e6fe,100%,0,2241,2241,2241,0,0,0
0x52a7b7,100%,0,60,60,0,0,0,60
0x5011e8,100%,0,5,5,0,0,0,5
0x52a937,100%,0,60,60,0,0,0,60
0x1626658,100%,0,118260,118260,0,0,0,118260
0x150dcf6,100%,0,5,5,5,0,0,0
0x15170df,100%,0,1,1,0,0,0,1
0x1503f46,100%,0,2,2,2,0,0,0
0x4f99d9,100%,0,300,300,0,0,0,300
0x8e6482,100%,0,23,23,23,0,0,0
0x140e2cb,100%,0,83,83,0,0,0,83
0x8df9f1,100%,0,2,2,0,0,0,2
0x14fa286,100%,0,1,1,1,0,0,0
0x14fa2e6,100%,0,1,1,1,0,0,0
0x9307d7,100%,0,1620,1620,0,0,0,1620
0x4f89a8,100%,0,5,5,0,0,0,5
0x1517dcd,100%,0,1,1,1,0,0,0
0x150db6e,100%,0,5,5,5,0,0,0
0x166acd9,100%,0,8,8,0,0,0,8
0xf32b24,100%,0,5,5,0,0,0,5
0x151668f,100%,0,1,1,1,0,0,0
0x14f95e5,100%,0,1,1,1,0,0,0
0x936477,100%,0,1,1,0,0,0,1
0x14faa1b,100%,0,1,1,1,0,0,0
0x51c73b,100%,0,1107,1107,0,0,0,1107
0x933361,100%,0,1,1,0,0,0,1
0x92f92b,100%,0,1620,1620,0,0,0,1620
0xf313d8,100%,0,300,300,300,0,0,0
0x140e1a3,100%,0,2241,2241,0,0,0,2241
0x15050c3,100%,0,2,2,2,0,0,0
0x9309ad,100%,0,1,1,0,0,0,1
0x15063b6,100%,0,2,2,2,0,0,0
0x8df90e,100%,0,2,2,0,0,0,2
0x162679b,100%,0,118260,118260,0,0,0,118260
0xb3fb45,100%,0,1,1,1,0,0,0
0x150dbb6,100%,0,5,5,5,0,0,0
0x9325d9,100%,0,61,61,0,0,0,61
0x51c3fa,100%,0,42,42,0,0,0,42
0x1407c1f,100%,0,116,116,0,0,0,116
0x8fa48e,100%,0,60,60,0,0,0,60
0x50115f,100%,0,5,5,0,0,0,5
0xb493d3,100%,0,1,1,1,0,0,0
0x90ce9b,100%,0,60,60,0,0,0,60
0x140f4b6,100%,0,6738,6738,4492,0,0,2246
0x1626320,100%,0,118260,118260,118260,0,0,0
0x529536,100%,0,27,27,0,0,0,27
0x5237cf,100%,0,1,1,0,0,0,1
0x14fa256,100%,0,1,1,1,0,0,0
0x140c0b8,100%,0,58,58,0,0,0,58
0x523803,100%,0,1,1,0,0,0,1
0x8fa56c,100%,0,1620,1620,0,0,0,1620
0x1513a13,100%,0,1,1,1,0,0,0
0xb73cc5,100%,0,1,1,1,0,0,0
0xf31387,100%,0,8100,8100,0,0,0,8100
0x15152a4,100%,0,1,1,1,0,0,0
0x15139cf,100%,0,1,1,1,0,0,0
0x150ddb6,100%,0,5,5,5,0,0,0
0x150931e,100%,0,1,1,1,0,0,0
0x140f467,100%,0,2246,2246,0,0,0,2246
0x1668d54,100%,0,5,5,5,0,0,0
0x15086d2,100%,0,1,1,0,0,0,1
0x150eb1a,100%,0,5,5,5,0,0,0
0x150dd26,100%,0,5,5,5,0,0,0
0x140ad53,100%,0,2,2,0,0,0,2
0x140e330,100%,0,249,249,166,0,0,83
0x150eb2e,100%,0,5,5,0,0,0,5
0x507172,100%,0,5,5,0,0,0,5
0x507186,100%,0,5,5,0,0,0,5
0x52981f,100%,0,59,59,59,0,0,0
0x15138a7,100%,0,1,1,1,0,0,0
0x936ab9,100%,0,60,60,0,0,0,60
0x4f7fe5,100%,0,5,5,5,0,0,0
0xa5f89f,100%,0,1,1,1,0,0,0
0x51abe5,100%,0,1,1,1,0,0,0
0x506b63,100%,0,275,275,275,0,0,0
0x8deba8,100%,0,4,4,0,0,0,4
0x14faa75,100%,0,1,1,1,0,0,0
0x1403766,100%,0,2,2,0,0,0,2
0x8e8551,100%,0,25,25,0,0,0,25
0x931f6e,100%,0,1,1,0,0,0,1
0x51b3b8,100%,0,1,1,0,0,0,1
0x5085ad,100%,0,300,300,0,0,0,300
0x50859e,100%,0,300,300,0,0,0,300
0xf30e31,100%,0,5,5,0,0,0,5
0x1505146,100%,0,2,2,2,0,0,0
0x939863,100%,0,1,1,0,0,0,1
0x14fa1b1,100%,0,1,1,1,0,0,0
0xac0f42,100%,0,1,1,1,0,0,0
0x930dde,100%,0,8235,8235,0,0,0,8235
0x5296e6,100%,0,27,27,0,0,0,27
0xf3114a,100%,0,300,300,0,0,0,300
0x939799,100%,0,1,1,0,0,0,1
0x508369,100%,0,300,300,0,0,0,300
0xf30d53,100%,0,8100,8100,0,0,0,8100
0x8e00d6,100%,0,8,8,0,0,0,8
0x1513a78,100%,0,1,1,0,0,0,1
0x14fa04d,100%,0,1,1,1,0,0,0
0x14125cf,100%,0,1,1,0,0,0,1
0x508203,100%,0,8100,8100,0,0,0,8100
0x14faa45,100%,0,1,1,1,0,0,0
0x1668884,100%,0,57,57,0,0,0,57
0x150de16,100%,0,5,5,5,0,0,0
0x14fafb4,100%,0,1,1,1,0,0,0
0x9321b8,100%,0,60,60,0,0,0,60
0xf2e834,100%,0,5,5,0,0,0,5
0x150722a,100%,0,2,2,2,0,0,0
0x932540,100%,0,61,61,0,0,0,61
0x52ac66,100%,0,1620,1620,1620,0,0,0
0x5074b9,100%,0,295,295,0,0,0,295
0x5238fb,100%,0,1,1,0,0,0,1
0x5237fd,100%,0,1,1,1,0,0,0
0x150dea6,100%,0,5,5,5,0,0,0
0x14fb27b,100%,0,1,1,0,0,0,1
0x150de76,100%,0,5,5,5,0,0,0
0x1503c7e,100%,0,2,2,2,0,0,0
0x14fbdd4,100%,0,1,1,0,0,0,1
0x1507996,100%,0,2,2,2,0,0,0
0x901ae2,100%,0,2,2,0,0,0,2
0x150dde6,100%,0,5,5,5,0,0,0
0x150dd86,100%,0,5,5,5,0,0,0
0x52a70f,100%,0,60,60,0,0,0,60
0x150edf7,100%,0,1,1,1,0,0,0
0x936b95,100%,0,1680,1680,0,0,0,1680
0x92fa0b,100%,0,1620,1620,0,0,0,1620
0x150911a,100%,0,1,1,1,0,0,0
0x14069b6,100%,0,3016,3016,0,0,0,3016
0x1515f60,100%,0,1,1,1,0,0,0
0x16262ef,100%,0,118260,118260,0,0,0,118260
0x14fa496,100%,0,1,1,1,0,0,0
0x151761b,100%,0,1,1,0,0,0,1
0x4f81ba,100%,0,5,5,5,0,0,0
0x5078f2,100%,0,7830,7830,0,0,0,7830
0x8e05a3,100%,0,166,166,0,0,0,166
0x14083c4,100%,0,116,116,0,0,0,116
0x936b49,100%,0,1680,1680,0,0,0,1680
0x14fa3a6,100%,0,1,1,1,0,0,0
0x51ac5c,100%,0,1,1,1,0,0,0
0x4f88d5,100%,0,5,5,5,0,0,0
0xf2e95c,100%,0,5,5,5,0,0,0
0x5014b7,100%,0,5,5,5,0,0,0
0x9394b8,100%,0,59,59,0,0,0,59
0x8dedc0,100%,0,4,4,0,0,0,4
0x932219,100%,0,120,120,60,0,0,60
0x140e9dd,100%,0,83,83,0,0,0,83
0x8def68,100%,0,108,108,0,0,0,108
0x14fa120,100%,0,1,1,1,0,0,0
0x15174b1,100%,0,1,1,0,0,0,1
0x529370,100%,0,27,27,0,0,0,27
0x15d7fb2,100%,0,487,487,0,0,0,487
0x52391b,100%,0,1,1,0,0,0,1
0x9324b5,100%,0,61,61,0,0,0,61
0x901b53,100%,0,122,122,0,0,0,122
0x14038ac,100%,0,2,2,0,0,0,2
0x937b29,100%,0,1,1,1,0,0,0
0x1503ca6,100%,0,2,2,2,0,0,0
0x166a459,100%,0,23,23,23,0,0,0
0x1503f76,100%,0,2,2,2,0,0,0
0x8e88fb,100%,0,25,25,25,0,0,0
0x508631,100%,0,300,300,0,0,0,300
0x166c39a,100%,0,57,57,0,0,0,57
0x1406c4b,100%,0,3132,3132,0,0,0,3132
0x15092c6,100%,0,1,1,1,0,0,0
0x8df7cf,100%,0,2,2,0,0,0,2
0x8df8da,100%,0,2,2,0,0,0,2
0x1404cf3,100%,0,2,2,0,0,0,2
0x140e35f,100%,0,83,83,0,0,0,83
0x150ea97,100%,0,5,5,5,0,0,0
0x1668892,100%,0,57,57,0,0,0,57
0x151769a,100%,0,1,1,0,0,0,1
0xf34aa0,100%,0,1,1,1,0,0,0
0x8e0676,100%,0,10,10,0,0,0,10
0x140999a,100%,0,116,116,0,0,0,116
0x14107cb,100%,0,3240,3240,3240,0,0,0
0x8e7667,100%,0,25,25,25,0,0,0
0x140354f,100%,0,120,120,0,0,0,120
0x1668c87,100%,0,57,57,57,0,0,0
0x1410950,100%,0,3240,3240,0,0,0,3240
0x14087cd,100%,0,2,2,0,0,0,2
0x140f3d0,100%,0,2245,2245,0,0,0,2245
0x8e650c,100%,0,25,25,25,0,0,0
0x1509296,100%,0,1,1,1,0,0,0
0x150dcc6,100%,0,5,5,5,0,0,0
0x8e0972,100%,0,10,10,0,0,0,10
0x5012b3,100%,0,5,5,0,0,0,5
0x1669ca3,100%,0,17,17,0,0,0,17
0x140cb77,100%,0,58,58,0,0,0,58
0x8f719a,100%,0,2,2,0,0,0,2
0x150730b,100%,0,2,2,2,0,0,0
0x150c91d,100%,0,1,1,0,0,0,1
0x140e0ec,100%,0,83,83,0,0,0,83
0x14105b1,100%,0,2,2,0,0,0,2
0x140420f,100%,0,60,60,0,0,0,60
0x1503e26,100%,0,2,2,2,0,0,0
0x1403866,100%,0,54,54,0,0,0,54
0x8df644,100%,0,2,2,2,0,0,0
0x166aea7,100%,0,23,23,0,0,0,23
0x140b13d,100%,0,1,1,0,0,0,1
0x8df6bb,100%,0,2,2,0,0,0,2
0x166bd5c,100%,0,57,57,0,0,0,57
0x507724,100%,0,290,290,290,0,0,0
0x8e8391,100%,0,25,25,0,0,0,25
0x15d801a,100%,0,487,487,487,0,0,0
0x166ac44,100%,0,8,8,0,0,0,8
0x15d65bd,100%,0,487,487,0,0,0,487
0x14087df,100%,0,2,2,0,0,0,2
0x150908c,100%,0,1,1,1,0,0,0
0x8eadd2,100%,0,10,10,0,0,0,10
0x15052f5,100%,0,2,2,0,0,0,2
0x8eac96,100%,0,10,10,0,0,0,10
0x140f09b,100%,0,2241,2241,0,0,0,2241
0x1668ba0,100%,0,57,57,57,0,0,0
0x140a4c3,100%,0,116,116,0,0,0,116
0x1507ab5,100%,0,2,2,0,0,0,2
0x140e37c,100%,0,83,83,0,0,0,83
0x529f6f,100%,0,1,1,0,0,0,1
0x8e88bb,100%,0,629,629,0,0,0,629
0x140f00a,100%,0,83,83,0,0,0,83
0x140e971,100%,0,6723,6723,4482,0,0,2241
0x140f0e5,100%,0,2241,2241,0,0,0,2241
0x14faad9,100%,0,1,1,1,0,0,0
0x939750,100%,0,1,1,0,0,0,1
0x140ef5e,100%,0,2158,2158,0,0,0,2158
0x140f400,100%,0,2245,2245,0,0,0,2245
0x8e0062,100%,0,10,10,0,0,0,10
0x1669cae,100%,0,17,17,0,0,0,17
0x1403485,100%,0,2,2,0,0,0,2
0x140f203,100%,0,2241,2241,2241,0,0,0
0x140f347,100%,0,6723,6723,4482,0,0,2241
0x1404451,100%,0,1,1,0,0,0,1
0x15065c6,100%,0,2,2,2,0,0,0
0xb587a0,100%,0,1,1,1,0,0,0
0x150d495,100%,0,1,1,0,0,0,1
0x1669fa7,100%,0,3,3,3,0,0,0
0xdeb0f5,100%,0,9,9,9,0,0,0
0x1669253,100%,0,57,57,57,0,0,0
0x8e0048,100%,0,10,10,0,0,0,10
0x166a2a5,100%,0,8,8,8,0,0,0
0x140e4ab,100%,0,2241,2241,0,0,0,2241
0x140ee31,100%,0,2158,2158,0,0,0,2158
0x8dfd49,100%,0,2,2,0,0,0,2
0x938687,100%,0,1,1,0,0,0,1
0x8dfe79,100%,0,2,2,0,0,0,2
0x15044be,100%,0,2,2,2,0,0,0
0x15091d6,100%,0,1,1,1,0,0,0
0x1507eab,100%,0,2,2,2,0,0,0
0x5012e6,100%,0,5,5,0,0,0,5
0x140f864,100%,0,2,2,0,0,0,2
0x1504f96,100%,0,2,2,2,0,0,0
0x14045d6,100%,0,1,1,0,0,0,1
0x140eea2,100%,0,2158,2158,0,0,0,2158
0x8e871b,100%,0,54,54,0,0,0,54
0x1506f56,100%,0,2,2,2,0,0,0
0x140a95c,100%,0,3132,3132,0,0,0,3132
0x8e003f,100%,0,10,10,10,0,0,0
0x1506696,100%,0,2,2,2,0,0,0
0x15f3cbd,100%,0,118260,118260,118260,0,0,0
0x15079f6,100%,0,2,2,2,0,0,0
0x140f451,100%,0,38170,38170,35924,0,0,2246
0x15d65dd,100%,0,487,487,0,0,0,487
0x90cc88,100%,0,1,1,0,0,0,1
0x52a6f3,100%,0,60,60,0,0,0,60
0x1503e86,100%,0,2,2,2,0,0,0
0x8e83a6,100%,0,25,25,0,0,0,25
0x150c931,100%,0,1,1,1,0,0,0
0x14061bb,100%,0,116,116,0,0,0,116
0x1406a8f,100%,0,116,116,0,0,0,116
0x140a466,100%,0,116,116,0,0,0,116
0x1407f0f,100%,0,116,116,0,0,0,116
0x8f7073,100%,0,56,56,0,0,0,56
0x15066c2,100%,0,2,2,0,0,0,2
0x1406ce5,100%,0,116,116,0,0,0,116
0x1506ec2,100%,0,2,2,2,0,0,0
0xf31885,100%,0,5,5,0,0,0,5
0x140691e,100%,0,3016,3016,0,0,0,3016
0x1412066,100%,0,60,60,0,0,0,60
0x8f65b2,100%,0,2,2,2,0,0,0
0x92e1b4,100%,0,1620,1620,0,0,0,1620
0x14062d3,100%,0,3132,3132,0,0,0,3132
0x8f7483,100%,0,2,2,0,0,0,2
0x8e7362,100%,0,25,25,0,0,0,25
0x140628d,100%,0,116,116,0,0,0,116
0x8f6534,100%,0,2,2,2,0,0,0
0x1505d26,100%,0,2,2,2,0,0,0
0x8e06b8,100%,0,10,10,0,0,0,10
0xb742b2,100%,0,1,1,1,0,0,0
0x8e0667,100%,0,10,10,0,0,0,10
0x92fe7c,100%,0,1,1,0,0,0,1
0x1508670,100%,0,2,2,2,0,0,0
0x140f3b8,100%,0,83,83,0,0,0,83
0x166a1e6,100%,0,56,56,0,0,0,56
0x8e8563,100%,0,25,25,25,0,0,0
0x8f65d6,100%,0,2,2,2,0,0,0
0x1506446,100%,0,2,2,2,0,0,0
0x14039c7,100%,0,120,120,0,0,0,120
0x8f67a3,100%,0,2,2,0,0,0,2
0x932c90,100%,0,60,60,0,0,0,60
0x8e858e,100%,0,25,25,0,0,0,25
0x14120ae,100%,0,1620,1620,0,0,0,1620
0x1403496,100%,0,2,2,0,0,0,2
0x1503dc6,100%,0,2,2,2,0,0,0
0x15d7f83,100%,0,487,487,0,0,0,487
0x14032fd,100%,0,3240,3240,0,0,0,3240
0x8e79f4,100%,0,25,25,25,0,0,0
0x150ed88,100%,0,4,4,4,0,0,0
0x1506566,100%,0,2,2,2,0,0,0
0x1506536,100%,0,2,2,2,0,0,0
0x140afd7,100%,0,1,1,0,0,0,1
0x140c955,100%,0,1508,1508,0,0,0,1508
0x9322a2,100%,0,1,1,1,0,0,0
0x1506416,100%,0,2,2,2,0,0,0
0x140b1d1,100%,0,1,1,1,0,0,0
0x8dedae,100%,0,4,4,0,0,0,4
0x1404ddc,100%,0,2,2,0,0,0,2
0x140cdf9,100%,0,1566,1566,1566,0,0,0
0x14087f8,100%,0,2,2,0,0,0,2
0x14087bb,100%,0,2,2,0,0,0,2
0x8e6499,100%,0,23,23,23,0,0,0
0x1503bde,100%,0,2,2,2,0,0,0
0x166a2f1,100%,0,8,8,8,0,0,0
0x15d8001,100%,0,636,636,0,0,0,636
0x15050e6,100%,0,2,2,2,0,0,0
0x1503e56,100%,0,2,2,2,0,0,0
0x8f6a52,100%,0,2,2,0,0,0,2
0x1517155,100%,0,1,1,0,0,0,1
0x8f6a70,100%,0,2,2,0,0,0,2
0x140b14f,100%,0,1,1,1,0,0,0
0x140eafe,100%,0,5893,5893,5810,0,0,83
0x15139ad,100%,0,1,1,1,0,0,0
0x15042b2,100%,0,2,2,2,0,0,0
0x1504f3b,100%,0,2,2,2,0,0,0
0xb74f62,100%,0,1,1,1,0,0,0
0x8f6ca0,100%,0,56,56,0,0,0,56
0x14fa226,100%,0,1,1,1,0,0,0
0x1668c9a,100%,0,57,57,0,0,0,57
0x140cab8,100%,0,1508,1508,1508,0,0,0
0x1506ef7,100%,0,2,2,2,0,0,0
0x8f6dff,100%,0,56,56,0,0,0,56
0xac46df,100%,0,1,1,1,0,0,0
0x1505752,100%,0,2,2,0,0,0,2
0x5237ad,100%,0,1,1,1,0,0,0
0x1513ac5,100%,0,1,1,1,0,0,0
0x1668c7a,100%,0,57,57,0,0,0,57
0x1506596,100%,0,2,2,2,0,0,0
0x1503c0b,100%,0,2,2,2,0,0,0
0x8e8354,100%,0,25,25,0,0,0,25
0x8e05fa,100%,0,166,166,0,0,0,166
0x1669d03,100%,0,36,36,0,0,0,36
0x140e34b,100%,0,83,83,0,0,0,83
0x1515f04,100%,0,1,1,1,0,0,0
0x1408436,100%,0,3132,3132,0,0,0,3132
0x8e087c,100%,0,10,10,0,0,0,10
0x8f6630,100%,0,2,2,0,0,0,2
0x51b3e4,100%,0,1,1,0,0,0,1
0x150de46,100%,0,5,5,5,0,0,0
0x1508082,100%,0,2,2,2,0,0,0
0x15d65ca,100%,0,487,487,0,0,0,487
0x140b16e,100%,0,1,1,0,0,0,1
0x1507cdb,100%,0,2,2,0,0,0,2
0x140e1ea,100%,0,15687,15687,13446,0,0,2241
0x166bd97,100%,0,57,57,0,0,0,57
0x8f69bf,100%,0,56,56,0,0,0,56
0x8e85a7,100%,0,23,23,23,0,0,0
0x166aea0,100%,0,23,23,0,0,0,23
0x523742,100%,0,1,1,0,0,0,1
0x1503fa6,100%,0,2,2,2,0,0,0
0x140e6ce,100%,0,38097,38097,35856,0,0,2241
0x501169,100%,0,5,5,0,0,0,5
0x523831,100%,0,1,1,1,0,0,0
0x15d65ea,100%,0,487,487,0,0,0,487
0x166ae91,100%,0,23,23,0,0,0,23
0x140c03c,100%,0,58,58,58,0,0,0
0x166a2e7,100%,0,8,8,0,0,0,8
0x14fa466,100%,0,1,1,1,0,0,0
0x1409c1b,100%,0,3132,3132,0,0,0,3132
0x1504f18,100%,0,2,2,2,0,0,0
0x1409ad6,100%,0,3016,3016,0,0,0,3016
0xf309e8,100%,0,5,5,0,0,0,5
0x140c141,100%,0,1566,1566,0,0,0,1566
0x140c182,100%,0,1566,1566,0,0,0,1566
0x1408168,100%,0,3132,3132,0,0,0,3132
0x140a703,100%,0,116,116,0,0,0,116
0x15090f0,100%,0,1,1,1,0,0,0
0x140c35c,100%,0,1566,1566,1566,0,0,0
0x1411059,100%,0,3240,3240,0,0,0,3240
0x140c523,100%,0,58,58,0,0,0,58
0x140c63e,100%,0,4176,4176,4118,0,0,58
0x9311ff,100%,0,60,60,0,0,0,60
0x140c64b,100%,0,58,58,58,0,0,0
0x140c8e8,100%,0,58,58,0,0,0,58
0x140caa1,100%,0,27144,27144,25636,0,0,1508
0x140bf08,100%,0,1566,1566,1566,0,0,0
0x529f07,100%,0,1,1,0,0,0,1
0x150369a,100%,0,1,1,0,0,0,1
0x140cc8b,100%,0,1566,1566,0,0,0,1566
0x140cf81,100%,0,58,58,0,0,0,58
0x140cfa6,100%,0,1566,1566,0,0,0,1566
0x140cfe7,100%,0,1566,1566,0,0,0,1566
0x151793b,100%,0,1,1,1,0,0,0
0x140d220,100%,0,1,1,0,0,0,1
0x1403ae8,100%,0,1,1,0,0,0,1
0x1403c34,100%,0,60,60,0,0,0,60
0x166a224,100%,0,4,4,0,0,0,4
0x931478,100%,0,1560,1560,0,0,0,1560
0x14040c7,100%,0,1,1,0,0,0,1
0x16688a0,100%,0,57,57,0,0,0,57
0x1669eb1,100%,0,6,6,0,0,0,6
0x1504e6e,100%,0,2,2,2,0,0,0
0x8eade0,100%,0,9,9,9,0,0,0
0x140be9c,100%,0,1566,1566,0,0,0,1566
0x8e761b,100%,0,1566,1566,0,0,0,1566
0x1504e91,100%,0,2,2,2,0,0,0
0x15083b6,100%,0,2,2,2,0,0,0
0x1410822,100%,0,3240,3240,0,0,0,3240
0x1668f06,100%,0,18,18,0,0,0,18
0x930e2e,100%,0,1647,1647,0,0,0,1647
0x930e52,100%,0,1647,1647,0,0,0,1647
0x8e0a3d,100%,0,10,10,0,0,0,10
0x1668867,100%,0,57,57,57,0,0,0
0x931c9a,100%,0,1,1,0,0,0,1
0x1504eb6,100%,0,2,2,2,0,0,0
0x1505296,100%,0,2,2,2,0,0,0
0x1503ee6,100%,0,2,2,2,0,0,0
0x46f6f4,100%,0,1620,1620,0,0,0,1620
0x150be6c,100%,0,1,1,0,0,0,1
0x930fcc,100%,0,1,1,0,0,0,1
0x140b178,100%,0,1,1,0,0,0,1
0x140b189,100%,0,1,1,1,0,0,0
0x140b1af,100%,0,1,1,0,0,0,1
0x140c9a9,100%,0,1508,1508,0,0,0,1508
0x140b294,100%,0,1,1,0,0,0,1
0x166a0e9,100%,0,5,5,5,0,0,0
0x140be55,100%,0,58,58,0,0,0,58
0x1509266,100%,0,1,1,1,0,0,0
0x92cff9,100%,0,1620,1620,0,0,0,1620
0x1411e09,100%,0,1680,1680,0,0,0,1680
0x14f9f5e,100%,0,1,1,1,0,0,0
0x1411e8b,100%,0,1,1,0,0,0,1
0x1408a99,100%,0,2,2,2,0,0,0
0x14fa077,100%,0,1,1,1,0,0,0
0x14fa0b4,100%,0,1,1,1,0,0,0
0x14098c8,100%,0,116,116,0,0,0,116
0x1508ffe,100%,0,1,1,1,0,0,0
0x15090be,100%,0,1,1,1,0,0,0
0x150914f,100%,0,1,1,1,0,0,0
0x8dec6f,100%,0,4,4,0,0,0,4
0x1509206,100%,0,1,1,1,0,0,0
0xad23f5,100%,0,2,2,2,0,0,0
0x8dfc48,100%,0,2,2,0,0,0,2
0x15092fe,100%,0,1,1,1,0,0,0
0x1508259,100%,0,2,2,2,0,0,0
0x1509b6b,100%,0,1,1,0,0,0,1
0x15d65b7,100%,0,487,487,0,0,0,487
0x1509e0a,100%,0,1,1,0,0,0,1
0x1509e13,100%,0,1,1,0,0,0,1
0x1509e27,100%,0,1,1,1,0,0,0
0x14fa0ee,100%,0,1,1,1,0,0,0
0x14fa1cb,100%,0,1,1,1,0,0,0
0x14fa14a,100%,0,1,1,1,0,0,0
0x140b22a,100%,0,1,1,1,0,0,0
0x14fa17c,100%,0,1,1,1,0,0,0
0x14fb289,100%,0,1,1,1,0,0,0
0x92ff28,100%,0,1,1,0,0,0,1
0x166a157,100%,0,5,5,5,0,0,0
0x92fffe,100%,0,60,60,0,0,0,60
0x1507254,100%,0,2,2,2,0,0,0
0x14049ba,100%,0,60,60,0,0,0,60
0x5237e0,100%,0,1,1,0,0,0,1
0x14049ce,100%,0,60,60,0,0,0,60
0x1410ea4,100%,0,2,2,0,0,0,2
0x523855,100%,0,1,1,0,0,0,1
0x8df043,100%,0,4,4,0,0,0,4
0x936ea7,100%,0,1,1,0,0,0,1
0x9377ac,100%,0,1,1,0,0,0,1
0x9378e1,100%,0,59,59,0,0,0,59
0x1506d9e,100%,0,2,2,2,0,0,0
0x1505b47,100%,0,2,2,2,0,0,0
0x166a2c6,100%,0,8,8,0,0,0,8
0x937b0c,100%,0,1,1,0,0,0,1
0x1513a57,100%,0,1,1,1,0,0,0
0x937c1e,100%,0,1,1,0,0,0,1
0x150885f,100%,0,1,1,1,0,0,0
0x140b1f6,100%,0,1,1,1,0,0,0
0x14073a3,100%,0,116,116,0,0,0,116
0x1411698,100%,0,1647,1647,0,0,0,1647
0x4f7e0e,100%,0,5,5,5,0,0,0
0x1411732,100%,0,1,1,0,0,0,1
0x14119be,100%,0,1620,1620,0,0,0,1620
0xdeb102,100%,0,9,9,0,0,0,9
0x1668913,100%,0,30,30,0,0,0,30
0x936939,100%,0,1647,1647,0,0,0,1647
0x92e0ff,100%,0,60,60,0,0,0,60
0x8f6e8d,100%,0,2,2,0,0,0,2
0x507ab7,100%,0,5,5,0,0,0,5
0x8f6ea9,100%,0,2,2,0,0,0,2
0x8e71d7,100%,0,25,25,0,0,0,25
0x1504853,100%,0,2,2,0,0,0,2
0x939925,100%,0,1,1,0,0,0,1
0x140b1b9,100%,0,1,1,0,0,0,1
0x937cca,100%,0,1,1,0,0,0,1
0x1506371,100%,0,2,2,2,0,0,0
0x51c7d5,100%,0,1107,1107,1107,0,0,0
0x8e731b,100%,0,1702,1702,0,0,0,1702
0x8eaccc,100%,0,10,10,0,0,0,10
0x140b212,100%,0,1,1,1,0,0,0
0x8e7370,100%,0,25,25,25,0,0,0
0xf30953,100%,0,8100,8100,0,0,0,8100
0x150698a,100%,0,2,2,0,0,0,2
0x8e03b7,100%,0,10,10,0,0,0,10
0x92dfb6,100%,0,1,1,0,0,0,1
0x8e73a0,100%,0,25,25,0,0,0,25
0x140eb0b,100%,0,83,83,83,0,0,0
0x8e8366,100%,0,25,25,25,0,0,0
0x1516fc0,100%,0,1,1,1,0,0,0
0x8e7ea4,100%,0,25,25,25,0,0,0
0x8e835d,100%,0,25,25,0,0,0,25
0x166bd7c,100%,0,57,57,57,0,0,0
0x1409eee,100%,0,3132,3132,0,0,0,3132
0x140e2bd,100%,0,1411,1411,1328,0,0,83
0x1503c5b,100%,0,2,2,2,0,0,0
0x140efaf,100%,0,6474,6474,4316,0,0,2158
0x140e263,100%,0,83,83,0,0,0,83
0x166885b,100%,0,57,57,0,0,0,57
0x140e13a,100%,0,2241,2241,0,0,0,2241
0x1503df6,100%,0,2,2,2,0,0,0
0x1505206,100%,0,2,2,2,0,0,0
0x140bfd8,100%,0,58,58,0,0,0,58
0x1505064,100%,0,2,2,2,0,0,0
0x9365e7,100%,0,1620,1620,0,0,0,1620
0x1407125,100%,0,116,116,0,0,0,116
0x14038db,100%,0,2,2,0,0,0,2
0x1503d36,100%,0,2,2,2,0,0,0
0x8df68f,100%,0,2,2,2,0,0,0
0x140afe1,100%,0,1,1,0,0,0,1
0x140e4db,100%,0,2241,2241,0,0,0,2241
0x1504f70,100%,0,2,2,2,0,0,0
0x1410a8d,100%,0,3240,3240,0,0,0,3240
0x140d03b,100%,0,1566,1566,1566,0,0,0
0x1507a26,100%,0,2,2,2,0,0,0
0x1669d22,100%,0,36,36,36,0,0,0
0x1409fb0,100%,0,3132,3132,0,0,0,3132
0x8e64b6,100%,0,25,25,25,0,0,0
0x8e64ca,100%,0,25,25,25,0,0,0
0x936d27,100%,0,1,1,0,0,0,1
0x1506d7e,100%,0,2,2,2,0,0,0
0x9331c8,100%,0,1560,1560,0,0,0,1560
0x1411e9a,100%,0,1,1,0,0,0,1
0x140b109,100%,0,1,1,0,0,0,1
0x1504ee3,100%,0,2,2,2,0,0,0
0x150a91c,100%,0,1,1,1,0,0,0
0x8e724d,100%,0,25,25,0,0,0,25
0x8eacd5,100%,0,10,10,0,0,0,10
0x16689a5,100%,0,5,5,0,0,0,5
0x8e9d03,100%,0,10,10,0,0,0,10
0x151715e,100%,0,1,1,0,0,0,1
0x8e9d11,100%,0,10,10,10,0,0,0
0x8e9d41,100%,0,10,10,0,0,0,10
0x140cc31,100%,0,1566,1566,0,0,0,1566
0x529666,100%,0,1,1,0,0,0,1
0x1409278,100%,0,116,116,0,0,0,116
0x1410596,100%,0,2,2,0,0,0,2
0x1506626,100%,0,2,2,2,0,0,0
0x8e9f57,100%,0,10,10,10,0,0,0
0x936bd9,100%,0,1680,1680,0,0,0,1680
0x8ead9c,100%,0,10,10,0,0,0,10
0x8eade9,100%,0,1,1,0,0,0,1
0x15d65d0,100%,0,487,487,0,0,0,487
0x8dff7e,100%,0,2,2,0,0,0,2
0x15134dc,100%,0,1,1,0,0,0,1
0x8ea750,100%,0,10,10,10,0,0,0
0x9307fb,100%,0,1620,1620,0,0,0,1620
0x8eada6,100%,0,10,10,10,0,0,0
0x166c3b3,100%,0,57,57,0,0,0,57
0x92e304,100%,0,1620,1620,0,0,0,1620
0x140c543,100%,0,58,58,0,0,0,58
0x8e754b,100%,0,23,23,0,0,0,23
0x166bd8b,100%,0,57,57,0,0,0,57
0x8e850b,100%,0,683,683,0,0,0,683
0x1406ade,100%,0,3132,3132,0,0,0,3132
0x140c32a,100%,0,28188,28188,26622,0,0,1566
0x8e855a,100%,0,25,25,0,0,0,25
0x8e8765,100%,0,23,23,0,0,0,23
0x140e227,100%,0,83,83,0,0,0,83
0x140ee0b,100%,0,83,83,0,0,0,83
0x93334f,100%,0,1,1,0,0,0,1
0x15064ab,100%,0,2,2,2,0,0,0
0x93868f,100%,0,1,1,0,0,0,1
0x150be75,100%,0,1,1,0,0,0,1
0x140a5da,100%,0,3016,3016,0,0,0,3016
0x8e73b4,100%,0,23,23,23,0,0,0
0x150b3bf,100%,0,1,1,0,0,0,1
0x8eac8c,100%,0,10,10,0,0,0,10
0x166bda0,100%,0,57,57,0,0,0,57
0x1515f2e,100%,0,1,1,1,0,0,0
0x166a39b,100%,0,23,23,0,0,0,23
0x166a3de,100%,0,23,23,23,0,0,0
0x1669e29,100%,0,71,71,0,0,0,71
0x14107af,100%,0,120,120,0,0,0,120
0x15065f6,100%,0,2,2,2,0,0,0
0x8f72bb,100%,0,2,2,0,0,0,2
0x1668953,100%,0,52,52,0,0,0,52
