Branch PC,Accuracy,Mispredictions,Correct Predictions,Total,dir_t_pred_t,dir_t_pred_nt,dir_nt_pred_t,dir_nt_pred_nt
aggregate,99.7987%,20451,10140601,10161052,6934028,5113,15338,3206573
0x91614b,96.0783%,4466,109414,113880,51609,2626,1840,57805
0x46f721,98.6259%,1625,116635,118260,116635,5,1620,0
0x91634b,98.6293%,1561,112319,113880,112319,1,1560,0
0x901cd8,96.4193%,1162,31290,32452,31290,3,1159,0
0x162634e,99.1426%,1014,117246,118260,29245,620,394,88001
0x1626359,99.4366%,498,87897,88395,43248,243,255,44649
0x1626664,99.7683%,274,117986,118260,47347,126,148,70639
0x50832e,96.034%,257,6223,6480,6223,17,240,0
0x4f9894,95.816%,241,5519,5760,5519,1,240,0
0x50898b,96.2809%,241,6239,6480,6239,1,240,0
0x4f9b7c,96.2963%,240,6240,6480,6240,0,240,0
0xf2fd89,96.2963%,240,6240,6480,6240,0,240,0
0xf2f79c,96.2939%,232,6028,6260,6028,0,232,0
0x507935,96.2963%,232,6032,6264,6032,0,232,0
0x507487,96.229%,224,5716,5940,5716,4,220,0
0x8defc2,97.3237%,211,7673,7884,1616,76,135,6057
0xf2f31a,95.9465%,197,4663,4860,4663,17,180,0
0xf2f571,96.2324%,177,4521,4698,4521,3,174,0
0x91585d,96.2963%,174,4524,4698,4524,0,174,0
0x8df004,98.554%,114,7770,7884,7770,6,108,0
0x8ded3c,98.5667%,113,7771,7884,3930,110,3,3841
0x916155,99.9008%,113,113767,113880,113664,29,84,103
0x8df500,98.5632%,90,6174,6264,6155,1,89,19
0x8df4d0,98.5951%,88,6176,6264,1648,24,64,4528
0x8df243,98.7548%,78,6186,6264,5722,38,40,464
0x52a9d4,95.3704%,75,1545,1620,418,22,53,1127
0x5123f4,96.2456%,74,1897,1971,464,35,39,1433
0x916ff3,95.7692%,66,1494,1560,1494,6,60,0
0x4deab3,95.6%,66,1434,1500,1434,6,60,0
0x51c87b,95.9877%,65,1555,1620,1555,5,60,0
0x930798,99.1975%,65,8035,8100,6474,6,59,1561
0x91abf9,96.0494%,64,1556,1620,1556,4,60,0
0x91636a,95.8974%,64,1496,1560,1496,4,60,0
0x930f53,96.1141%,64,1583,1647,1583,3,61,0
0x4ded1c,95.8974%,64,1496,1560,1496,4,60,0
0x4f6d45,95.9615%,63,1497,1560,1497,3,60,0
0x93669c,96.1111%,63,1557,1620,1557,3,60,0
0x931570,95.9615%,63,1497,1560,1497,3,60,0
0x93695b,96.1749%,63,1584,1647,1584,2,61,0
0x51889d,96.108%,62,1531,1593,1531,3,59,0
0x4f7b3c,96.1728%,62,1558,1620,1558,2,60,0
0x91b6e8,96.0256%,62,1498,1560,1498,2,60,0
0x518f28,96.108%,62,1531,1593,1531,3,59,0
0x50b113,95.6215%,62,1354,1416,1354,3,59,0
0x92d0fa,96.1728%,62,1558,1620,1558,2,60,0
0x91b4e5,96.1728%,62,1558,1620,1558,2,60,0
0x9160af,99.9456%,62,113818,113880,113809,10,52,9
0x92faef,96.1728%,62,1558,1620,1558,2,60,0
0x9289d7,96.0256%,62,1498,1560,1498,2,60,0
0x93312f,96.2346%,61,1559,1620,1559,1,60,0
0x9308f8,96.2346%,61,1559,1620,1559,1,60,0
0x92e31e,96.2346%,61,1559,1620,1559,1,60,0
0x52ad0e,96.2346%,61,1559,1620,1559,1,60,0
0x936bfd,96.369%,61,1619,1680,1619,1,60,0
0x52a6c5,96.2346%,61,1559,1620,1559,1,60,0
0x529dd7,96.1047%,61,1505,1566,1505,3,58,0
0x9192f1,96.2335%,60,1533,1593,1533,1,59,0
0x91bbc9,96.2963%,60,1560,1620,1560,0,60,0
0x91a5a6,96.1538%,60,1500,1560,1500,0,60,0
0x93013b,96.2963%,60,1560,1620,1560,0,60,0
0x918ac4,96.0887%,60,1474,1534,1474,1,59,0
0x4ed45c,96.1686%,60,1506,1566,1506,2,58,0
0x93324b,96.1538%,60,1500,1560,1500,0,60,0
0x50b47c,96.2335%,60,1533,1593,1533,1,59,0
0x8df270,99.0421%,60,6204,6264,6151,5,55,53
0x51c573,95.8333%,60,1380,1440,1380,0,60,0
0x512986,96.2335%,60,1533,1593,1533,1,59,0
0x9238da,95.7977%,59,1345,1404,1345,5,54,0
0x51208f,96.2963%,56,1456,1512,1456,0,56,0
0x4ebabb,96.1538%,55,1375,1430,1375,0,55,0
0x528f77,96.2963%,55,1430,1485,1430,0,55,0
0x15d8015,88.7473%,53,418,471,245,21,32,173
0x90b617,99.7521%,52,20922,20974,19805,4,48,1117
0x8ded74,99.3404%,52,7832,7884,7773,3,49,59
0x90b823,96.309%,43,1122,1165,1122,0,43,0
0x931427,99.4744%,41,7759,7800,6239,1,40,1520
0x16744be,99.9735%,40,150766,150806,108408,17,23,42358
0x8e7343,99.8925%,38,35308,35346,34049,3,35,1259
0x8e88e9,99.8912%,37,33962,33999,33533,1,36,429
0x512153,98.2243%,35,1936,1971,996,29,6,940
0x932f8f,99.8834%,34,29126,29160,27530,10,24,1596
0x512186,98.275%,34,1937,1971,1937,7,27,0
0x8e7643,99.8927%,34,31640,31674,30513,3,31,1127
0x916eca,99.886%,32,28048,28080,26514,6,26,1534
0x930701,99.9787%,31,145769,145800,137696,4,27,8073
0x51c7c5,99.8937%,31,29129,29160,27535,5,26,1594
0x52a773,98.0864%,31,1589,1620,1504,20,11,85
0x8e8539,99.9183%,31,37910,37941,37419,3,28,491
0x512426,98.4779%,30,1941,1971,1941,3,27,0
0x9313b2,99.9793%,29,140371,140400,132595,5,24,7776
0x92d06d,99.904%,28,29132,29160,27532,8,20,1600
0x4debb5,99.3836%,27,4353,4380,4312,8,19,41
0x512060,99.9764%,26,110350,110376,108859,5,21,1491
0x4eba95,99.9751%,26,104364,104390,102957,3,23,1407
0x52a7a6,98.3951%,26,1594,1620,1559,1,25,35
0x51c537,99.9749%,26,103654,103680,102232,8,18,1422
0x92359d,99.8971%,26,25246,25272,23854,14,12,1392
0x91a4ff,99.9074%,26,28054,28080,26518,2,24,1536
0x5297c0,98.6626%,26,1918,1944,1909,8,18,9
0x529d01,99.9078%,26,28162,28188,26621,1,25,1541
0x4ed390,99.9113%,25,28163,28188,26615,7,18,1548
0x918a0a,99.9095%,25,27587,27612,26074,4,21,1513
0x528f3c,99.9766%,25,106895,106920,105430,5,20,1465
0x518877,99.9769%,25,108299,108324,106728,3,22,1571
0x92e24e,99.9177%,24,29136,29160,27536,4,20,1600
0x9368e8,99.919%,24,29622,29646,27990,9,15,1632
0x5125ac,98.7823%,24,1947,1971,1941,3,21,6
0x936b87,99.9239%,23,30217,30240,28558,2,21,1659
0x8e874f,99.4165%,23,3919,3942,3883,5,18,36
0x4dec87,99.9181%,23,28057,28080,26515,5,18,1542
0x930d82,99.9845%,23,148207,148230,139992,3,20,8215
0x52aa06,98.642%,22,1598,1620,1556,4,18,42
0x52a6a4,99.9803%,22,111758,111780,110157,3,19,1601
0x8e8544,95.7611%,22,497,519,497,3,19,0
0x51c6bd,99.4907%,22,4298,4320,4257,3,19,41
0x50b26d,99.5124%,21,4286,4307,4244,4,17,42
0x936627,99.928%,21,29139,29160,27536,4,17,1603
0x91bb36,99.928%,21,29139,29160,27535,5,16,1604
0x932c66,99.527%,21,4419,4440,4376,4,17,43
0x51231a,98.9346%,21,1950,1971,1938,6,15,12
0x4dea73,99.9808%,21,109479,109500,107999,1,20,1480
0x4f6d2d,99.9802%,21,106059,106080,104514,6,15,1545
0x91a8d3,99.928%,21,29139,29160,27535,5,16,1604
0x8e88f4,95.4839%,21,444,465,444,4,17,0
0x93322b,99.9816%,21,113859,113880,112312,8,13,1547
0x4ecddd,99.477%,21,3994,4015,3957,3,18,37
0x91b3c4,99.928%,21,29139,29160,27534,6,15,1605
0x916bec,98.1481%,20,1060,1080,1013,7,13,47
0x50b0d5,99.9807%,20,103348,103368,101949,3,17,1399
0x918eed,99.9303%,20,28654,28674,27078,3,17,1576
0x4f6ecf,99.5343%,19,4061,4080,4018,2,17,43
0x930df7,99.7693%,19,8216,8235,6585,3,16,1631
0x901cf4,98.3607%,19,1140,1159,1140,0,19,0
0x4eca62,98.9989%,19,1879,1898,1872,0,19,7
0x4ec004,98.9989%,19,1879,1898,1869,3,16,10
0x529610,99.0226%,19,1925,1944,1916,1,18,9
0x92677e,95.9402%,19,449,468,435,7,12,14
0x4f7a83,99.931%,19,27521,27540,25920,0,19,1601
0x92f830,99.9348%,19,29141,29160,27540,0,19,1601
0x52ac52,99.9348%,19,29141,29160,27538,2,17,1603
0x9300c1,99.8697%,19,14561,14580,12954,6,13,1607
0x8e7354,98.5317%,19,1275,1294,1275,0,19,0
0x52ab76,98.8889%,18,1602,1620,1555,5,13,47
0x508308,99.9959%,18,440622,440640,434156,4,14,6466
0x9287d0,99.9279%,18,24942,24960,23396,4,14,1546
0x90ce21,96.6667%,18,522,540,469,11,7,53
0x5293dd,96.5021%,17,469,486,454,5,12,15
0x8e7654,98.532%,17,1141,1158,1141,0,17,0
0x518e6e,99.9372%,17,27064,27081,25487,1,16,1577
0x4ec41b,96.3675%,17,451,468,438,4,13,13
0x52912c,96.7078%,16,470,486,456,3,13,14
0x9257cd,96.5812%,16,452,468,435,7,9,17
0x927648,96.5812%,16,452,468,434,8,8,18
0x52a8f3,99.0123%,16,1604,1620,1556,4,12,48
0x91a0f3,99.6528%,15,4305,4320,4257,3,12,48
0x929fc2,99.0385%,15,1545,1560,1494,6,9,51
0x8e7503,99.5915%,15,3657,3672,3534,2,13,123
0x5189a2,99.0584%,15,1578,1593,1530,4,11,48
0x9185d0,99.6749%,14,4293,4307,4248,0,14,45
0x9394a1,98.6817%,14,1048,1062,997,6,8,51
0x91b623,99.9501%,14,28066,28080,26516,4,10,1550
0x92a632,99.1026%,14,1546,1560,1496,4,10,50
0x5072ad,99.8351%,13,7871,7884,7774,2,11,97
0x92f9fd,99.9108%,13,14567,14580,12956,4,9,1611
0x92473b,97.2222%,13,455,468,440,2,11,15
0x4f9858,99.9969%,13,420467,420480,414717,3,10,5750
0x93219b,98.7963%,13,1067,1080,1017,3,10,50
0x50b388,99.9547%,13,28661,28674,27079,2,11,1582
0x1669c80,69.2308%,12,27,39,24,5,7,3
0x506b43,94.7368%,12,216,228,0,8,4,216
0x4ebd1e,97.4359%,12,456,468,437,5,7,19
0x9314b4,99.9573%,12,28068,28080,26515,5,7,1553
0x9387fe,98.8889%,12,1068,1080,1015,5,7,53
0x1669d14,62.069%,11,18,29,11,1,10,7
0x1668901,71.0526%,11,27,38,6,6,5,21
0x932526,98.9982%,11,1087,1098,1036,1,10,51
0x5128b0,99.9616%,11,28663,28674,27079,2,9,1584
0x4f7818,99.2949%,11,1549,1560,1499,1,10,50
0x4f7617,99.2949%,11,1549,1560,1499,1,10,50
0x1669edb,68.75%,10,22,32,12,4,6,10
0x4f72f9,99.359%,10,1550,1560,1499,1,9,51
0x1669e6a,80.3922%,10,41,51,6,5,5,35
0x50711d,99.8732%,10,7874,7884,7776,0,10,98
0x166893c,62.5%,9,15,24,15,0,9,0
0x507460,99.9979%,9,433611,433620,427676,4,5,5935
0x930e8f,99.9696%,9,29637,29646,27996,3,6,1641
0x4f70e4,99.4231%,9,1551,1560,1498,2,7,53
0x4dedbb,99.1667%,9,1071,1080,1016,4,5,55
0x93082e,99.9691%,9,29151,29160,27539,1,8,1612
0x518ad6,99.435%,9,1584,1593,1530,4,5,54
0x8e64e0,52.6316%,9,10,19,6,7,2,4
0x507861,99.992%,9,112743,112752,106483,5,4,6260
0x518ef0,99.8326%,8,4771,4779,3179,7,1,1592
0x1669e15,90.2439%,8,74,82,24,5,3,50
0x928d03,99.1667%,8,952,960,897,3,5,55
0xf2fa62,99.8148%,8,4312,4320,4076,4,4,236
0x518bff,99.4978%,8,1585,1593,1534,0,8,51
0x928993,99.8504%,7,4673,4680,3117,3,4,1556
0x5088be,99.9936%,7,110153,110160,103678,2,5,6475
0x92a988,88.3333%,7,53,60,53,6,1,0
0x518d47,99.5606%,7,1586,1593,1532,2,5,54
0x916170,99.9939%,7,113873,113880,113873,7,0,0
0x4f9ab6,99.994%,7,116633,116640,110158,2,5,6475
0x4f99a5,99.9658%,6,17514,17520,17278,2,4,236
0x9390f4,90%,6,54,60,54,5,1,0
0x506f22,99.6914%,6,1938,1944,1835,1,5,103
0x4f7b10,99.8765%,6,4854,4860,3234,6,0,1620
0x92d35f,66.6667%,6,12,18,12,5,1,0
0x50866c,99.9074%,6,6474,6480,6239,1,5,235
0x8ded8a,94.4444%,6,102,108,102,2,4,0
0x529d15,99.6807%,5,1561,1566,1561,5,0,0
0x8df019,95.3704%,5,103,108,103,1,4,0
0x512766,91.6667%,5,55,60,54,5,0,1
0x508539,99.9228%,5,6475,6480,6238,2,3,237
0x507a36,97.8814%,5,231,236,231,1,4,0
0x512a66,91.6667%,5,55,60,55,4,1,0
0x4ec132,72.2222%,5,13,18,13,4,1,0
0x4f7018,95.8333%,5,115,120,59,1,4,56
0x5296e6,81.4815%,5,22,27,0,0,5,22
0x8ead84,98.5119%,5,331,336,331,1,4,0
0x1626373,99.9958%,5,118255,118260,118255,5,0,0
0x8e9e34,91.6667%,5,55,60,55,4,1,0
0x923caf,99.4856%,5,967,972,913,5,0,54
0x925e96,72.2222%,5,13,18,13,4,1,0
0x8df515,95.3704%,5,103,108,103,1,4,0
0x9315c3,91.6667%,5,55,60,55,4,1,0
0x506d02,99.7428%,5,1939,1944,1835,1,4,104
0x5121a9,81.4815%,5,22,27,22,4,1,0
0x930077,99.6914%,5,1615,1620,0,0,5,1615
0x927c47,72.2222%,5,13,18,13,4,1,0
0x5072d4,96.2963%,4,104,108,104,0,4,0
0x4f88c6,98.6301%,4,288,292,288,0,4,0
0x930d28,99.9514%,4,8231,8235,0,0,4,8231
0x4ec50a,84.6154%,4,22,26,22,3,1,0
0x91b548,99.7436%,4,1556,1560,1556,4,0,0
0xf2fe44,98.3333%,4,236,240,236,0,4,0
0x508a37,98.3333%,4,236,240,236,0,4,0
0x92568a,84.6154%,4,22,26,0,0,4,22
0x926d88,77.7778%,4,14,18,14,3,1,0
0x9366de,93.3333%,4,56,60,56,3,1,0
0x506dbe,96.2963%,4,104,108,104,0,4,0
0x93015f,93.3333%,4,56,60,56,3,1,0
0x50713f,96.2963%,4,104,108,104,0,4,0
0x8e9cf4,98.3402%,4,237,241,237,0,4,0
0x932dcf,99.7531%,4,1616,1620,0,0,4,1616
0x16688f5,90.4762%,4,38,42,2,2,2,36
0x91b73b,93.3333%,4,56,60,56,3,1,0
0x4ed592,93.2203%,4,55,59,55,3,1,0
0xf2f7ed,98.2759%,4,228,232,228,0,4,0
0x91939e,93.2203%,4,55,59,55,3,1,0
0x528d5e,93.2203%,4,55,59,0,2,2,55
0xdea655,0%,4,0,4,0,4,0,0
0xdea638,50%,4,4,8,2,2,2,2
0x9368f9,99.7571%,4,1643,1647,0,0,4,1643
0x528d6b,92.9825%,4,53,57,0,2,2,53
0x4ec85a,94.5205%,4,69,73,69,3,1,0
0x5294af,85.1852%,4,23,27,23,3,1,0
0x506dff,50%,4,4,8,3,1,3,1
0x506fce,96.2963%,4,104,108,104,0,4,0
0x518733,93.2203%,4,55,59,0,0,4,55
0x93226d,93.3333%,4,56,60,56,3,1,0
0x915fab,99.7436%,4,1556,1560,1556,4,0,0
0xf2f345,97.7778%,4,176,180,176,1,3,0
0x509ce6,94.5205%,4,69,73,69,3,1,0
0x91b308,99.7531%,4,1616,1620,0,0,4,1616
0x9391d3,93.3333%,4,56,60,56,3,1,0
0x8df285,96.2963%,4,104,108,104,0,4,0
0x4f9bf2,98.3333%,4,236,240,236,0,4,0
0x92a317,95%,3,57,60,57,2,1,0
0x51b486,95.8333%,3,69,72,69,2,1,0
0x8e9ee4,98.3425%,3,178,181,178,0,3,0
0x1669e7b,92.5%,3,37,40,31,1,2,6
0x166a270,89.6552%,3,26,29,18,1,2,8
0x5128c7,99.8117%,3,1590,1593,0,0,3,1590
0x511ec3,94.8276%,3,55,58,0,2,1,55
0x915f80,95%,3,57,60,0,0,3,57
0x518b03,97.4576%,3,115,118,59,0,3,56
0x166a0dd,88.4615%,3,23,26,23,0,3,0
0x162629c,99.9975%,3,118257,118260,0,0,3,118257
0x1669e47,94.3396%,3,50,53,50,1,2,0
0x901b67,97.541%,3,119,122,119,1,2,0
0x1669c9a,70%,3,7,10,0,2,1,7
0x9300cc,99.8148%,3,1617,1620,0,0,3,1617
0xf2f4bd,99.9962%,3,79863,79866,75168,0,3,4695
0x52ac66,99.8148%,3,1617,1620,1617,3,0,0
0x930943,95%,3,57,60,57,2,1,0
0x166a367,75%,3,9,12,6,3,0,3
0x16265dd,99.9975%,3,118257,118260,118257,3,0,0
0x8e9d85,25%,3,1,4,0,1,2,1
0x4ec34b,88.4615%,3,23,26,0,0,3,23
0x8e875a,94.4444%,3,51,54,51,1,2,0
0x92cfc8,99.8148%,3,1617,1620,1617,3,0,0
0x936998,95.082%,3,58,61,58,2,1,0
0x529eb1,94.9153%,3,56,59,56,2,1,0
0x91babb,99.8148%,3,1617,1620,0,0,3,1617
0x915522,99.9962%,3,79863,79866,75168,0,3,4695
0x512130,88.8889%,3,24,27,0,0,3,24
0x8eaf45,98.8095%,3,249,252,249,0,3,0
0x928a6a,95%,3,57,60,0,0,3,57
0x8e63fd,84.2105%,3,16,19,16,1,2,0
0x93314d,95%,3,57,60,0,0,3,57
0xf2f710,99.9973%,3,112677,112680,106420,0,3,6257
0x4f798f,97.5%,3,117,120,57,3,0,60
0x529158,88.8889%,3,24,27,24,3,0,0
0x16262fb,99.9975%,3,118257,118260,0,0,3,118257
0x4ded7d,95%,3,57,60,0,0,3,57
0x4eb826,94.9153%,3,56,59,2,0,3,54
0x4f7bee,95%,3,57,60,57,2,1,0
0x92e16a,99.8148%,3,1617,1620,1617,3,0,0
0x4f7a2f,99.8148%,3,1617,1620,0,0,3,1617
0x927861,88.4615%,3,23,26,0,0,3,23
0x4f6bee,99.8077%,3,1557,1560,0,0,3,1557
0x4ed336,99.8084%,3,1563,1566,0,0,3,1563
0x929fed,95%,3,57,60,57,2,1,0
0x939668,83.3333%,3,15,18,15,2,1,0
0x9158bb,98.2759%,3,171,174,171,0,3,0
0x91b6d9,99.8077%,3,1557,1560,0,0,3,1557
0x91b596,99.8077%,3,1557,1560,0,0,3,1557
0x4f702d,95%,3,57,60,0,0,3,57
0x916aec,95%,3,57,60,0,0,3,57
0x91b503,95%,3,57,60,0,0,3,57
0xf2f5fc,98.2759%,3,171,174,171,0,3,0
0x529c76,99.8084%,3,1563,1566,0,0,3,1563
0x512449,88.8889%,3,24,27,24,2,1,0
0x8e64ca,84.2105%,3,16,19,16,3,0,0
0xf2fcb7,99.9974%,3,116637,116640,110160,0,3,6477
0x4ed2fe,99.8084%,3,1563,1566,0,0,3,1563
0x931358,99.9615%,3,7797,7800,0,0,3,7797
0x15f3cfe,99.9975%,3,118257,118260,118257,3,0,0
0x4eb833,94.7368%,3,54,57,0,2,1,54
0x8e925e,25%,3,1,4,1,0,3,0
0x4ec01d,88.4615%,3,23,26,23,2,1,0
0x936635,99.8148%,3,1617,1620,0,0,3,1617
0x924118,94.4444%,3,51,54,51,2,1,0
0x916390,95%,3,57,60,57,2,1,0
0x929e98,96.6667%,2,58,60,0,0,2,58
0x529257,33.3333%,2,1,3,0,2,0,1
0x8df2b4,50%,2,2,4,0,0,2,2
0x529209,92.5926%,2,25,27,25,1,1,0
0x4f6d5e,96.6667%,2,58,60,0,0,2,58
0x930058,99.8765%,2,1618,1620,0,0,2,1618
0x4eb863,96.3636%,2,53,55,0,0,2,53
0x93667a,99.9383%,2,3238,3240,1618,2,0,1620
0x4ec95b,92.3077%,2,24,26,0,0,2,24
0x51c701,99.8765%,2,1618,1620,0,0,2,1618
0x4f79fe,99.8765%,2,1618,1620,0,0,2,1618
0x51c6e1,96.6667%,2,58,60,0,0,2,58
0x4eca80,92.3077%,2,24,26,24,1,1,0
0x8deb83,50%,2,2,4,0,0,2,2
0x938812,96.6667%,2,58,60,58,2,0,0
0x52abb1,96.6667%,2,58,60,0,0,2,58
0x51c7d5,99.8765%,2,1618,1620,1618,2,0,0
0x52a954,96.6667%,2,58,60,0,0,2,58
0x8dece4,98.1481%,2,106,108,0,0,2,106
0x92a508,96.6667%,2,58,60,0,0,2,58
0x52a7b7,96.6667%,2,58,60,0,0,2,58
0x5189ea,98.3051%,2,116,118,57,2,0,59
0x52a58a,96.6667%,2,58,60,0,0,2,58
0x938878,96.6667%,2,58,60,58,1,1,0
0x529326,92.5926%,2,25,27,0,0,2,25
0x4f6bcd,96.6667%,2,58,60,0,0,2,58
0x931457,99.8718%,2,1558,1560,0,0,2,1558
0x930fa0,96.7213%,2,59,61,59,1,1,0
0xf32b5b,33.3333%,2,1,3,0,0,2,1
0x91a512,99.8718%,2,1558,1560,1558,2,0,0
0x9188f6,96.6102%,2,57,59,0,0,2,57
0x92cf8e,96.6667%,2,58,60,0,0,2,58
0x9305e2,99.8765%,2,1618,1620,0,0,2,1618
0x16262c7,99.9983%,2,118258,118260,0,0,2,118258
0x511edf,96.4286%,2,54,56,0,0,2,54
0x93011b,99.8765%,2,1618,1620,0,0,2,1618
0x1626633,99.9983%,2,118258,118260,0,0,2,118258
0x162679b,99.9983%,2,118258,118260,0,0,2,118258
0x8e7514,98.5294%,2,134,136,134,0,2,0
0x930682,99.9753%,2,8098,8100,0,0,2,8098
0x931379,99.9744%,2,7798,7800,0,0,2,7798
0x166a1ee,96.6667%,2,58,60,35,2,0,23
0x91a3ce,99.8718%,2,1558,1560,0,0,2,1558
0x930e9a,99.8786%,2,1645,1647,0,0,2,1645
0x9257f2,92.3077%,2,24,26,0,0,2,24
0x925a89,92.3077%,2,24,26,24,1,1,0
0x92fb57,96.6667%,2,58,60,58,1,1,0
0x91705c,96.6667%,2,58,60,58,1,1,0
0x916e35,99.8718%,2,1558,1560,0,0,2,1558
0x928598,99.8718%,2,1558,1560,0,0,2,1558
0x5120b6,50%,2,2,4,1,2,0,1
0x1668933,92.3077%,2,24,26,0,2,0,24
0x506d25,98.1481%,2,106,108,0,0,2,106
0x4dec47,99.8718%,2,1558,1560,0,0,2,1558
0x5125e8,96.6667%,2,58,60,0,0,2,58
0x4ded3d,96.6667%,2,58,60,0,0,2,58
0x92854e,99.8718%,2,1558,1560,0,0,2,1558
0x529076,92.5926%,2,25,27,0,0,2,25
0x9192cb,99.8745%,2,1591,1593,0,0,2,1591
0x162625a,99.9983%,2,118258,118260,118258,2,0,0
0x1668867,95.2381%,2,40,42,40,2,0,0
0x4dee0a,96.6667%,2,58,60,0,0,2,58
0x1516664,60%,2,3,5,3,1,1,0
0x93262b,96.7213%,2,59,61,59,1,1,0
0x8e73b0,89.4737%,2,17,19,0,2,0,17
0x9233c1,99.8575%,2,1402,1404,0,0,2,1402
0x4debf9,96.6667%,2,58,60,0,0,2,58
0x1669e5d,96.2264%,2,51,53,0,2,0,51
0x92d126,96.6667%,2,58,60,58,1,1,0
0x5124d3,92.5926%,2,25,27,0,0,2,25
0x166aea7,87.5%,2,14,16,0,0,2,14
0x512148,99.8985%,2,1969,1971,0,0,2,1969
0x936bd9,99.881%,2,1678,1680,0,0,2,1678
0x8e922a,50%,2,2,4,2,2,0,0
0x50b289,96.6102%,2,57,59,0,0,2,57
0xdead4f,75%,2,6,8,3,1,1,3
0x4ed424,99.8723%,2,1564,1566,0,0,2,1564
0x8e682f,89.4737%,2,17,19,17,2,0,0
0x4ece10,96.6102%,2,57,59,57,2,0,0
0x924de6,88.8889%,2,16,18,16,1,1,0
0x8e648f,89.4737%,2,17,19,1,1,1,16
0x92e304,99.8765%,2,1618,1620,0,0,2,1618
0x92388f,99.8575%,2,1402,1404,0,0,2,1402
0x1668c6e,95.2381%,2,40,42,0,0,2,40
0x91b352,99.8765%,2,1618,1620,0,0,2,1618
0x518d7e,98.3051%,2,116,118,59,0,2,57
0x8e92b1,50%,2,2,4,2,2,0,0
0x5121cd,33.3333%,2,1,3,0,2,0,1
0x50afa7,99.8588%,2,1414,1416,0,0,2,1414
0x92a65d,96.6667%,2,58,60,58,1,1,0
0x5123e9,99.8985%,2,1969,1971,0,0,2,1969
0x50b51a,96.6102%,2,57,59,57,1,1,0
0x1669e4c,0%,2,0,2,0,1,1,0
0x90b2b7,95.4545%,2,42,44,42,2,0,0
0x9278a9,92.3077%,2,24,26,24,1,1,0
0x50b2a2,99.8745%,2,1591,1593,0,0,2,1591
0x518b3f,96.6102%,2,57,59,0,0,2,57
0x8eae95,97.619%,2,82,84,82,1,1,0
0x918f25,99.8745%,2,1591,1593,1591,2,0,0
0x939547,96.6102%,2,57,59,57,1,1,0
0x50877d,99.9691%,2,6478,6480,6240,0,2,238
0x90b421,99.8285%,2,1164,1166,1164,2,0,0
0x4ebda7,92.3077%,2,24,26,0,0,2,24
0x4f71a4,98.3333%,2,118,120,58,2,0,60
0x8e871b,96.2963%,2,52,54,0,0,2,52
0x529280,0%,2,0,2,0,1,1,0
0x91b3d2,99.8765%,2,1618,1620,0,0,2,1618
0x92f886,99.8765%,2,1618,1620,1618,2,0,0
0x4ebc41,92.3077%,2,24,26,0,0,2,24
0x918b6e,99.8745%,2,1591,1593,0,0,2,1591
0x93214a,96.6667%,2,58,60,0,0,2,58
0x1626284,99.9983%,2,118258,118260,0,0,2,118258
0x91a922,99.8765%,2,1618,1620,0,0,2,1618
0x8e835d,89.4737%,2,17,19,0,0,2,17
0x51285e,99.8745%,2,1591,1593,0,0,2,1591
0x8e85a2,89.4737%,2,17,19,0,2,0,17
0x51894a,98.3051%,2,116,118,59,0,2,57
0x91602f,99.9982%,2,113878,113880,113878,2,0,0
0x4ed238,96.5517%,2,56,58,0,0,2,56
0x50869e,99.5833%,2,478,480,240,0,2,238
0x9269d8,92.3077%,2,24,26,24,1,1,0
0x507058,98.1481%,2,106,108,0,0,2,106
0x529bd4,96.5517%,2,56,58,0,0,2,56
0x9289fb,96.6667%,2,58,60,0,0,2,58
0x933361,0%,1,0,1,0,0,1,0
0x9167fa,0%,1,0,1,0,0,1,0
0x4e5d22,0%,1,0,1,0,0,1,0
0x91acec,0%,1,0,1,0,0,1,0
0x926dc4,0%,1,0,1,0,0,1,0
0x9311ff,98.3333%,1,59,60,0,0,1,59
0x926a96,0%,1,0,1,0,0,1,0
0x926281,0%,1,0,1,0,0,1,0
0x926990,96.1538%,1,25,26,0,0,1,25
0x51ac29,0%,1,0,1,0,1,0,0
0x15186ec,0%,1,0,1,0,1,0,0
0x91a100,98.3333%,1,59,60,59,1,0,0
0x93265a,0%,1,0,1,0,0,1,0
0x151825f,0%,1,0,1,0,1,0,0
0x915a69,0%,1,0,1,0,1,0,0
0x93681e,98.3607%,1,60,61,0,0,1,60
0x925b3f,0%,1,0,1,0,0,1,0
0x923040,98.1481%,1,53,54,0,0,1,53
0x918a3d,99.9348%,1,1533,1534,0,0,1,1533
0x90b647,99.9142%,1,1164,1165,1164,1,0,0
0x92337f,99.9288%,1,1403,1404,0,0,1,1403
0x151793b,0%,1,0,1,0,1,0,0
0x9325d9,98.3607%,1,60,61,0,0,1,60
0x917226,0%,1,0,1,0,1,0,0
0x1668733,97.619%,1,41,42,0,0,1,41
0x512475,0%,1,0,1,0,0,1,0
0x930bcf,98.3607%,1,60,61,0,0,1,60
0x925ab7,0%,1,0,1,0,0,1,0
0x93051c,98.3333%,1,59,60,0,0,1,59
0x15138c1,0%,1,0,1,0,1,0,0
0x925eca,0%,1,0,1,0,0,1,0
0x930839,99.9383%,1,1619,1620,0,0,1,1619
0x926241,0%,1,0,1,0,0,1,0
0x931342,99.9359%,1,1559,1560,0,0,1,1559
0x93879d,98.3333%,1,59,60,0,0,1,59
0x915a1c,0%,1,0,1,0,1,0,0
0x9274df,96.1538%,1,25,26,0,0,1,25
0x9306ac,99.9877%,1,8099,8100,0,0,1,8099
0x4f6071,0%,1,0,1,0,0,1,0
0x91a5d2,98.3333%,1,59,60,0,0,1,59
0x50786c,99.984%,1,6263,6264,0,0,1,6263
0x916dd8,99.9359%,1,1559,1560,0,0,1,1559
0x162664d,99.9992%,1,118259,118260,0,0,1,118259
0x4dec0b,99.9359%,1,1559,1560,0,0,1,1559
0x508468,99.5833%,1,239,240,0,0,1,239
0x929d03,0%,1,0,1,0,0,1,0
0x525775,0%,1,0,1,0,1,0,0
0x919454,0%,1,0,1,0,1,0,0
0x4ebdf2,96.1538%,1,25,26,25,0,1,0
0x8e9be0,75%,1,3,4,3,1,0,0
0x90b0cc,0%,1,0,1,0,1,0,0
0x92a376,0%,1,0,1,0,0,1,0
0x1516dbc,0%,1,0,1,0,1,0,0
0x166a1f7,95.6522%,1,22,23,15,1,0,7
0x923d05,98.1481%,1,53,54,53,1,0,0
0x506f85,99.0741%,1,107,108,0,0,1,107
0x929cc1,0%,1,0,1,0,0,1,0
0x92a37e,0%,1,0,1,0,0,1,0
0x92665b,96.1538%,1,25,26,0,0,1,25
0xf362c0,0%,1,0,1,0,1,0,0
0x151398b,0%,1,0,1,0,1,0,0
0x508566,99.7917%,1,479,480,239,1,0,240
0x92a673,0%,1,0,1,0,0,1,0
0x14fa2b6,0%,1,0,1,0,1,0,0
0x92b5d2,0%,1,0,1,0,1,0,0
0x938687,0%,1,0,1,0,0,1,0
0x917297,0%,1,0,1,0,1,0,0
0x917de0,98.3051%,1,58,59,58,1,0,0
0x151387a,0%,1,0,1,0,1,0,0
0x918a90,99.9348%,1,1533,1534,0,0,1,1533
0x9238e7,98.1481%,1,53,54,53,1,0,0
0x91acd4,98.3333%,1,59,60,59,0,1,0
0x932540,98.3607%,1,60,61,0,0,1,60
0x927170,0%,1,0,1,0,0,1,0
0x932490,98.3607%,1,60,61,0,0,1,60
0x507186,75%,1,3,4,0,0,1,3
0x932219,99.1667%,1,119,120,60,0,1,59
0x927533,96.1538%,1,25,26,0,0,1,25
0x93211d,98.3333%,1,59,60,0,0,1,59
0x927f7e,0%,1,0,1,0,0,1,0
0x90b450,99.9142%,1,1165,1166,0,0,1,1165
0x936c42,98.3333%,1,59,60,59,0,1,0
0x509467,0%,1,0,1,0,1,0,0
0xb478d0,0%,1,0,1,0,1,0,0
0x90cc88,0%,1,0,1,0,0,1,0
0x5011e8,75%,1,3,4,0,0,1,3
0x9284c0,98.3333%,1,59,60,0,0,1,59
0x4f6ef3,98.3333%,1,59,60,0,0,1,59
0x14f93f8,0%,1,0,1,0,1,0,0
0x92ba4d,0%,1,0,1,0,1,0,0
0x4f7a9d,99.9383%,1,1619,1620,0,0,1,1619
0x92805c,0%,1,0,1,0,0,1,0
0x9163a3,0%,1,0,1,0,1,0,0
0x166c3a3,97.619%,1,41,42,0,0,1,41
0x1669e08,98.0392%,1,50,51,0,0,1,50
0x8e74db,99.2647%,1,135,136,0,0,1,135
0x928ecf,99.4444%,1,179,180,119,1,0,60
0x14fab48,0%,1,0,1,0,1,0,0
0x512826,99.9372%,1,1592,1593,0,0,1,1592
0x51135d,0%,1,0,1,0,0,1,0
0x511eb6,98.3333%,1,59,60,1,1,0,58
0x4ea305,0%,1,0,1,0,1,0,0
0x916ccb,98.3333%,1,59,60,0,0,1,59
0x5120d3,0%,1,0,1,0,0,1,0
0x4ebe25,66.6667%,1,2,3,2,0,1,0
0x9365c9,99.9383%,1,1619,1620,0,0,1,1619
0x4ed218,98.3051%,1,58,59,1,0,1,57
0x512341,96.2963%,1,26,27,26,0,1,0
0x4ec1fd,50%,1,1,2,1,0,1,0
0x939305,0%,1,0,1,0,0,1,0
0x518e1f,99.9372%,1,1592,1593,0,0,1,1592
0x512358,50%,1,1,2,0,1,0,1
0x5125d5,96.2963%,1,26,27,26,0,1,0
0x51236d,0%,1,0,1,0,0,1,0
0x927107,0%,1,0,1,0,0,1,0
0x4ec13d,0%,1,0,1,0,0,1,0
0x4ec08a,0%,1,0,1,0,0,1,0
0x51c8e9,98.3333%,1,59,60,59,0,1,0
0x52abd1,99.9383%,1,1619,1620,0,0,1,1619
0x4ec622,94.4444%,1,17,18,17,0,1,0
0x529637,96.2963%,1,26,27,26,0,1,0
0x4ecbff,98.6301%,1,72,73,72,0,1,0
0x51b495,0%,1,0,1,0,1,0,0
0x51bebb,0%,1,0,1,0,0,1,0
0x51c407,99.9306%,1,1439,1440,0,0,1,1439
0x5094c3,0%,1,0,1,0,1,0,0
0x929ce1,0%,1,0,1,0,0,1,0
0x939116,0%,1,0,1,0,1,0,0
0x4ec8b1,0%,1,0,1,0,0,1,0
0x508cf4,0%,1,0,1,0,0,1,0
0x511046,0%,1,0,1,0,1,0,0
0x92f3a5,0%,1,0,1,0,0,1,0
0x928f5d,0%,1,0,1,0,1,0,0
0x511099,0%,1,0,1,0,1,0,0
0x1515eda,0%,1,0,1,0,1,0,0
0x5110e1,0%,1,0,1,0,1,0,0
0x4ec4a7,96.1538%,1,25,26,0,0,1,25
0x4e5e76,0%,1,0,1,0,0,1,0
0x939744,0%,1,0,1,0,0,1,0
0x4e5dd8,0%,1,0,1,0,1,0,0
0x4e5db7,0%,1,0,1,0,0,1,0
0x4dece6,99.9359%,1,1559,1560,0,0,1,1559
0x523831,0%,1,0,1,0,1,0,0
0x50b39a,99.9372%,1,1592,1593,0,0,1,1592
0x50b460,99.9372%,1,1592,1593,0,0,1,1592
0x939762,0%,1,0,1,0,1,0,0
0x50af7c,98.3051%,1,58,59,0,0,1,58
0x93655e,98.3333%,1,59,60,0,0,1,59
0x4db87d,0%,1,0,1,0,0,1,0
0x50e84d,0%,1,0,1,0,0,1,0
0x4e5ce4,0%,1,0,1,0,0,1,0
0x4e5d4d,0%,1,0,1,0,1,0,0
0x14f941a,0%,1,0,1,0,0,1,0
0x4e5d33,0%,1,0,1,0,0,1,0
0x4e5ced,0%,1,0,1,0,0,1,0
0x4ebd3c,96.1538%,1,25,26,0,0,1,25
0x509d14,0%,1,0,1,0,0,1,0
0x518ba2,99.1525%,1,117,118,58,1,0,59
0x4ebe08,0%,1,0,1,0,1,0,0
0x518c4f,99.1525%,1,117,118,58,1,0,59
0x518c64,98.3051%,1,58,59,0,0,1,58
0x8dedae,75%,1,3,4,0,0,1,3
0x92afb8,0%,1,0,1,0,1,0,0
0x9305fb,99.9383%,1,1619,1620,0,0,1,1619
0x936ab9,98.3333%,1,59,60,0,0,1,59
0x52a90b,98.3333%,1,59,60,0,0,1,59
0x508def,0%,1,0,1,0,1,0,0
0x509030,0%,1,0,1,0,1,0,0
0x1513a35,0%,1,0,1,0,1,0,0
0x51ac5c,0%,1,0,1,0,1,0,0
0x509896,0%,1,0,1,0,1,0,0
0x14f9ffe,0%,1,0,1,0,1,0,0
0x4ebc92,96.1538%,1,25,26,0,0,1,25
0x509d4c,0%,1,0,1,0,1,0,0
0x91b632,99.9359%,1,1559,1560,0,0,1,1559
0x91bd46,0%,1,0,1,0,1,0,0
0x92d0f3,99.9383%,1,1619,1620,0,0,1,1619
0x50a8bb,0%,1,0,1,0,0,1,0
0x14f9f3e,0%,1,0,1,0,1,0,0
0x14fa023,0%,1,0,1,0,1,0,0
0x14fa077,0%,1,0,1,0,1,0,0
0x51f4cc,0%,1,0,1,0,0,1,0
0x92794d,0%,1,0,1,0,0,1,0
0x91bb4c,99.9383%,1,1619,1620,0,0,1,1619
0x916c07,98.3333%,1,59,60,0,0,1,59
0x91a417,99.9359%,1,1559,1560,0,0,1,1559
0x14fa200,0%,1,0,1,0,1,0,0
0x91b233,98.3333%,1,59,60,0,0,1,59
0x91ae9d,0%,1,0,1,0,1,0,0
0x14fa226,0%,1,0,1,0,1,0,0
0x4dd6cf,0%,1,0,1,0,0,1,0
0x922aa5,0%,1,0,1,0,0,1,0
0x14fa406,0%,1,0,1,0,1,0,0
0x9249e9,96.1538%,1,25,26,25,0,1,0
0x90b10d,0%,1,0,1,0,1,0,0
0x927132,0%,1,0,1,0,0,1,0
0x4ed3ab,99.9361%,1,1565,1566,0,0,1,1565
0x91bba3,99.9383%,1,1619,1620,0,0,1,1619
0x91897f,99.9348%,1,1533,1534,0,0,1,1533
0x518fb3,98.3051%,1,58,59,58,0,1,0
0x9251f2,0%,1,0,1,0,0,1,0
0x9251a6,0%,1,0,1,0,0,1,0
0x931506,99.9359%,1,1559,1560,0,0,1,1559
0x14fa466,0%,1,0,1,0,1,0,0
0x9249a1,96.1538%,1,25,26,0,0,1,25
0x509243,0%,1,0,1,0,1,0,0
0x9245fa,96.1538%,1,25,26,0,0,1,25
0xa5c2f8,0%,1,0,1,0,1,0,0
0x92ce9a,0%,1,0,1,0,0,1,0
0x930d8d,99.9879%,1,8234,8235,0,0,1,8234
0x91d03f,0%,1,0,1,0,0,1,0
0x928f3a,98.3333%,1,59,60,59,0,1,0
0x511163,0%,1,0,1,0,0,1,0
0x528fc2,75%,1,3,4,3,0,1,0
0x4dd5f6,98.6301%,1,72,73,72,0,1,0
0x4f76b9,99.1667%,1,119,120,59,1,0,60
0x529bc7,98.3051%,1,58,59,0,1,0,58
0x4dc4ab,0%,1,0,1,0,1,0,0
0x14fa2e6,0%,1,0,1,0,1,0,0
0x52aa2f,98.3333%,1,59,60,0,0,1,59
0x9194d1,0%,1,0,1,0,0,1,0
0x9390fd,0%,1,0,1,0,0,1,0
0x523803,0%,1,0,1,0,0,1,0
0x50b2d7,99.9372%,1,1592,1593,0,0,1,1592
0x5297e7,96.2963%,1,26,27,26,0,1,0
0x52929b,0%,1,0,1,0,0,1,0
0x4ebe5d,0%,1,0,1,0,0,1,0
0x918bcd,99.9372%,1,1592,1593,0,0,1,1592
0x4ed5c3,0%,1,0,1,0,0,1,0
0x528fe1,0%,1,0,1,0,0,1,0
0x4ec638,0%,1,0,1,0,0,1,0
0x939858,94.4444%,1,17,18,17,0,1,0
0x92a331,0%,1,0,1,0,0,1,0
0x14fa4c5,0%,1,0,1,0,0,1,0
0xa5f89f,0%,1,0,1,0,1,0,0
0xb67a00,0%,1,0,1,0,1,0,0
0x14fa6f9,0%,1,0,1,0,0,1,0
0x14faf8d,0%,1,0,1,0,1,0,0
0x4ebb27,0%,1,0,1,0,0,1,0
0x14faaaf,0%,1,0,1,0,1,0,0
0x930e2e,99.9393%,1,1646,1647,0,0,1,1646
0x4deae4,98.3333%,1,59,60,0,0,1,59
0x4de223,0%,1,0,1,0,0,1,0
0x901ae2,50%,1,1,2,0,0,1,1
0x8dee98,75%,1,3,4,3,1,0,0
0x51a678,0%,1,0,1,0,1,0,0
0x51a6d9,0%,1,0,1,0,0,1,0
0x92962d,0%,1,0,1,0,1,0,0
0x523855,0%,1,0,1,0,0,1,0
0x92f5ef,98.3333%,1,59,60,0,0,1,59
0xaeac0d,0%,1,0,1,0,1,0,0
0x1513a13,0%,1,0,1,0,1,0,0
0x1669cdd,97.4359%,1,38,39,0,0,1,38
0x936b49,99.9405%,1,1679,1680,0,0,1,1679
0x162623c,99.9992%,1,118259,118260,0,0,1,118259
0x15d6558,99.5122%,1,204,205,204,1,0,0
0x93337d,0%,1,0,1,0,0,1,0
0x928831,99.9359%,1,1559,1560,0,0,1,1559
0x91cfbc,0%,1,0,1,0,0,1,0
0xb74f62,0%,1,0,1,0,1,0,0
0xdead5e,75%,1,3,4,0,0,1,3
0x91b76d,0%,1,0,1,0,0,1,0
0x90cebf,98.3333%,1,59,60,59,0,1,0
0x93076e,99.9938%,1,16199,16200,8099,1,0,8100
0x930d49,99.9879%,1,8234,8235,0,0,1,8234
0x512460,0%,1,0,1,0,0,1,0
0x51abe5,0%,1,0,1,0,1,0,0
0x92e36f,98.3333%,1,59,60,59,0,1,0
0x939437,98.3051%,1,58,59,0,0,1,58
0x92e25d,99.9383%,1,1619,1620,0,0,1,1619
0x924760,96.1538%,1,25,26,0,0,1,25
0x92d42d,0%,1,0,1,0,1,0,0
0x92d38e,50%,1,1,2,0,1,0,1
0x92d331,0%,1,0,1,0,0,1,0
0x92fe8e,0%,1,0,1,0,0,1,0
0x150d4b2,66.6667%,1,2,3,2,1,0,0
0x1513902,0%,1,0,1,0,1,0,0
0x1517174,0%,1,0,1,0,1,0,0
0xb768c2,0%,1,0,1,0,1,0,0
0x166bd37,97.4359%,1,38,39,0,0,1,38
0x508453,99.7917%,1,479,480,240,0,1,239
0x1669f83,93.75%,1,15,16,0,0,1,15
0x90cd5e,98.3333%,1,59,60,0,0,1,59
0x1668953,97.3684%,1,37,38,0,0,1,37
0x509c54,0%,1,0,1,0,0,1,0
0x51c3fa,98.3333%,1,59,60,0,0,1,59
0x4dbf31,0%,1,0,1,0,1,0,0
0x529267,0%,1,0,1,0,1,0,0
0x14f9fc6,0%,1,0,1,0,1,0,0
0x151668f,0%,1,0,1,0,1,0,0
0x151761b,0%,1,0,1,0,0,1,0
0x901c7d,99.9137%,1,1158,1159,0,0,1,1158
0x939679,0%,1,0,1,0,0,1,0
0x52a937,98.3333%,1,59,60,0,0,1,59
0xf32b6e,66.6667%,1,2,3,2,1,0,0
0x4dd55d,0%,1,0,1,0,0,1,0
0x1515456,0%,1,0,1,0,0,1,0
0x8df484,99.0741%,1,107,108,0,0,1,107
0x1669e36,98.1132%,1,52,53,0,0,1,52
0x1626307,99.9992%,1,118259,118260,118259,1,0,0
0x1669cc9,87.5%,1,7,8,7,1,0,0
0x150e6f1,66.6667%,1,2,3,0,0,1,2
0x92f71b,99.9383%,1,1619,1620,1619,1,0,0
0x91bc41,98.3333%,1,59,60,59,0,1,0
0x509d64,0%,1,0,1,0,1,0,0
0x932fae,99.9383%,1,1619,1620,0,0,1,1619
0xa97f90,0%,1,0,1,0,1,0,0
0x1668999,97.619%,1,41,42,37,1,0,4
0x52adb1,98.3333%,1,59,60,59,0,1,0
0x166a466,93.75%,1,15,16,0,1,0,15
0x166873d,97.619%,1,41,42,0,0,1,41
0x5188d8,98.3051%,1,58,59,0,0,1,58
0x16262a8,99.9992%,1,118259,118260,0,0,1,118259
0x14fa1b1,0%,1,0,1,0,1,0,0
0x150def2,66.6667%,1,2,3,0,0,1,2
0x150ede2,75%,1,3,4,3,0,1,0
0x1515ff1,0%,1,0,1,0,1,0,0
0x8eaca0,75%,1,3,4,3,1,0,0
0x92d420,0%,1,0,1,0,0,1,0
0x15f3cbd,99.9992%,1,118259,118260,118259,1,0,0
0x166ac44,90%,1,9,10,0,1,0,9
0x9331c8,99.9359%,1,1559,1560,0,0,1,1559
0x9307fb,99.9383%,1,1619,1620,0,0,1,1619
0x50841c,99.9846%,1,6479,6480,6240,0,1,239
0x8e6482,94.1176%,1,16,17,16,1,0,0
0x166bd8b,97.4359%,1,38,39,0,0,1,38
0x918ae6,98.3051%,1,58,59,0,0,1,58
0x509d48,0%,1,0,1,0,0,1,0
0x14fb289,0%,1,0,1,0,1,0,0
0x4f76da,98.3333%,1,59,60,0,0,1,59
0x8eaddb,75%,1,3,4,0,1,0,3
0x5012e6,75%,1,3,4,0,0,1,3
0x8df53b,75%,1,3,4,0,0,1,3
0x1516b6e,0%,1,0,1,0,1,0,0
0x1626639,99.9992%,1,118259,118260,0,0,1,118259
0x8e6499,94.1176%,1,16,17,16,1,0,0
0x14fa256,0%,1,0,1,0,1,0,0
0x930d12,99.9393%,1,1646,1647,0,0,1,1646
0x93333e,98.3333%,1,59,60,59,0,1,0
0x919b00,98.3333%,1,59,60,59,1,0,0
0x529f4f,0%,1,0,1,0,0,1,0
0x162626e,99.9992%,1,118259,118260,0,0,1,118259
0x1517dcd,0%,1,0,1,0,1,0,0
0x14f9f7e,0%,1,0,1,0,1,0,0
0xf359c3,0%,1,0,1,0,0,1,0
0x8e9268,66.6667%,1,2,3,2,1,0,0
0x4db830,0%,1,0,1,0,1,0,0
0x939337,0%,1,0,1,0,0,1,0
0x5011de,75%,1,3,4,0,0,1,3
0x52981f,98.3051%,1,58,59,58,1,0,0
0x150edf7,0%,1,0,1,0,1,0,0
0x1674495,99.9976%,1,42380,42381,0,0,1,42380
0x4f75c0,98.3333%,1,59,60,0,0,1,59
0x1515c57,0%,1,0,1,0,0,1,0
0x8e64b6,94.7368%,1,18,19,18,1,0,0
0x8df3de,75%,1,3,4,3,1,0,0
0x1516909,0%,1,0,1,0,1,0,0
0x8e6475,94.7368%,1,18,19,1,1,0,17
0x8e9274,75%,1,3,4,0,1,0,3
0x925a41,96.1538%,1,25,26,0,0,1,25
0x4ec398,96.1538%,1,25,26,0,0,1,25
0x166bd73,97.4359%,1,38,39,0,0,1,38
0x51875b,99.9372%,1,1592,1593,0,0,1,1592
0x51a7d7,0%,1,0,1,0,1,0,0
0x8e850b,99.8073%,1,518,519,0,0,1,518
0x5012b3,75%,1,3,4,0,0,1,3
0x156b80f,95%,1,19,20,19,1,0,0
0xb75625,0%,1,0,1,0,1,0,0
0x1513956,0%,1,0,1,0,1,0,0
0xb493d3,0%,1,0,1,0,1,0,0
0x150ed88,75%,1,3,4,3,1,0,0
0x166a27a,90%,1,9,10,0,0,1,9
0x1668968,97.3684%,1,37,38,12,0,1,25
0x14fafb4,0%,1,0,1,0,1,0,0
0x14fadbb,0%,1,0,1,0,1,0,0
0xdeb102,75%,1,3,4,0,0,1,3
0xf359be,0%,1,0,1,0,0,1,0
0x90b068,0%,1,0,1,0,1,0,0
0x1669e96,95.8333%,1,23,24,15,1,0,8
0x9368a8,99.9393%,1,1646,1647,0,0,1,1646
0x1669d03,96.5517%,1,28,29,0,0,1,28
0x15139ad,0%,1,0,1,0,1,0,0
0x4e5da0,0%,1,0,1,0,1,0,0
0x92629e,0%,1,0,1,0,0,1,0
0x150eae5,75%,1,3,4,3,1,0,0
0x166c39a,97.619%,1,41,42,0,0,1,41
0x51a9d1,0%,1,0,1,0,0,1,0
0x4dee8c,98.3333%,1,59,60,59,0,1,0
0x4ec88f,0%,1,0,1,0,0,1,0
0x92fa4a,99.9383%,1,1619,1620,0,0,1,1619
0x8df2cb,75%,1,3,4,0,0,1,3
0xae9fa2,0%,1,0,1,0,1,0,0
0x9172d0,0%,1,0,1,0,1,0,0
0x9314bf,99.9359%,1,1559,1560,0,0,1,1559
0x1669bda,97.4359%,1,38,39,0,0,1,38
0x925185,0%,1,0,1,0,0,1,0
0x506cb2,99.0741%,1,107,108,0,0,1,107
0xb742b2,0%,1,0,1,0,1,0,0
0x51278b,98.3051%,1,58,59,58,1,0,0
0x8e83a6,94.7368%,1,18,19,0,0,1,18
0x506b9f,93.75%,1,15,16,11,1,0,4
0x15139f1,0%,1,0,1,0,1,0,0
0x16262b4,99.9992%,1,118259,118260,0,0,1,118259
0x90ce7b,98.3333%,1,59,60,0,0,1,59
0x9369a6,0%,1,0,1,0,0,1,0
0x166bda0,100%,0,39,39,0,0,0,39
0x511117,100%,0,1,1,1,0,0,0
0x924a17,100%,0,1,1,0,0,0,1
0x5110c4,100%,0,1,1,0,0,0,1
0x1668729,100%,0,42,42,0,0,0,42
0x511186,100%,0,1,1,0,0,0,1
0x50e829,100%,0,1,1,0,0,0,1
0x52a767,100%,0,1620,1620,0,0,0,1620
0x939799,100%,0,1,1,0,0,0,1
0x5110e7,100%,0,1,1,0,0,0,1
0x508613,100%,0,480,480,240,0,0,240
0x8e9d92,100%,0,1,1,0,0,0,1
0x51c73b,100%,0,1620,1620,0,0,0,1620
0x166ae91,100%,0,16,16,0,0,0,16
0x92621f,100%,0,1,1,0,0,0,1
0x915555,100%,0,4698,4698,0,0,0,4698
0x15170df,100%,0,1,1,0,0,0,1
0x8df036,100%,0,4,4,0,0,0,4
0x150db4e,100%,0,3,3,3,0,0,0
0x150db30,100%,0,3,3,3,0,0,0
0x507360,100%,0,5940,5940,0,0,0,5940
0x8e88fb,100%,0,19,19,19,0,0,0
0x508631,100%,0,240,240,0,0,0,240
0x92ff28,100%,0,1,1,0,0,0,1
0x4e5d83,100%,0,1,1,0,0,0,1
0x916b2c,100%,0,60,60,0,0,0,60
0x150dbee,100%,0,3,3,3,0,0,0
0x4e5d06,100%,0,1,1,1,0,0,0
0x511028,100%,0,1,1,0,0,0,1
0x150dbb6,100%,0,3,3,3,0,0,0
0x150dc16,100%,0,3,3,3,0,0,0
0x9394b8,100%,0,59,59,0,0,0,59
0x8eade9,100%,0,1,1,0,0,0,1
0x8e9e3d,100%,0,3,3,0,0,0,3
0x15139cf,100%,0,1,1,1,0,0,0
0x166a3b5,100%,0,16,16,0,0,0,16
0x8deba8,100%,0,4,4,0,0,0,4
0x151715e,100%,0,1,1,0,0,0,1
0x8e761b,100%,0,1158,1158,0,0,0,1158
0xf33136,100%,0,3,3,3,0,0,0
0x506d75,100%,0,108,108,0,0,0,108
0x51106a,100%,0,1,1,0,0,0,1
0x1668d54,100%,0,4,4,4,0,0,0
0x90b180,100%,0,1,1,0,0,0,1
0xf359c8,100%,0,1,1,1,0,0,0
0xf353f3,100%,0,1,1,1,0,0,0
0xf35398,100%,0,1,1,0,0,0,1
0x913202,100%,0,3,3,3,0,0,0
0x8ea750,100%,0,4,4,4,0,0,0
0x5110b3,100%,0,1,1,0,0,0,1
0x523814,100%,0,1,1,0,0,0,1
0x5110f8,100%,0,1,1,0,0,0,1
0x913134,100%,0,3,3,3,0,0,0
0x5121e2,100%,0,1,1,0,0,0,1
0x518b4e,100%,0,59,59,0,0,0,59
0x512248,100%,0,27,27,0,0,0,27
0x92bef9,100%,0,1,1,0,0,0,1
0x15d653a,100%,0,205,205,0,0,0,205
0x517ecd,100%,0,1,1,0,0,0,1
0x5188c9,100%,0,59,59,0,0,0,59
0x508c96,100%,0,1,1,1,0,0,0
0x523753,100%,0,1,1,0,0,0,1
0x8e650c,100%,0,19,19,19,0,0,0
0x517f79,100%,0,1,1,0,0,0,1
0x8e8354,100%,0,19,19,0,0,0,19
0x517f14,100%,0,1,1,0,0,0,1
0x4f99d9,100%,0,240,240,0,0,0,240
0x4ec431,100%,0,26,26,0,0,0,26
0x529f07,100%,0,1,1,0,0,0,1
0x93670a,100%,0,1,1,0,0,0,1
0x150dea6,100%,0,3,3,3,0,0,0
0x93945c,100%,0,59,59,0,0,0,59
0xf319d3,100%,0,3,3,0,0,0,3
0x506b63,100%,0,220,220,220,0,0,0
0x93140e,100%,0,7800,7800,0,0,0,7800
0x511f50,100%,0,1512,1512,0,0,0,1512
0x150d4d4,100%,0,3,3,0,0,0,3
0xf2feb1,100%,0,4,4,0,0,0,4
0x914f47,100%,0,174,174,174,0,0,0
0x4ebefb,100%,0,26,26,0,0,0,26
0x507a59,100%,0,4,4,0,0,0,4
0x14fa286,100%,0,1,1,1,0,0,0
0x4dcc2b,100%,0,1,1,1,0,0,0
0x509233,100%,0,1,1,0,0,0,1
0x8df066,100%,0,4,4,0,0,0,4
0x90b0c2,100%,0,1,1,0,0,0,1
0x166a2e7,100%,0,10,10,0,0,0,10
0x16262dc,100%,0,118260,118260,0,0,0,118260
0x8df08c,100%,0,4,4,0,0,0,4
0x4ec02e,100%,0,1,1,1,0,0,0
0x8df1f3,100%,0,108,108,0,0,0,108
0x166a3de,100%,0,16,16,16,0,0,0
0x913f3b,100%,0,3,3,0,0,0,3
0x9185dd,100%,0,59,59,59,0,0,0
0x166a39b,100%,0,16,16,0,0,0,16
0x8e7ea4,100%,0,19,19,19,0,0,0
0x4f79e5,100%,0,60,60,0,0,0,60
0x913f61,100%,0,3,3,0,0,0,3
0x5086b3,100%,0,240,240,0,0,0,240
0x8e7215,100%,0,19,19,0,0,0,19
0x52a70f,100%,0,60,60,0,0,0,60
0x166a0a6,100%,0,29,29,29,0,0,0
0x91bc51,100%,0,1,1,1,0,0,0
0x901bad,100%,0,19,19,0,0,0,19
0x518e7a,100%,0,1593,1593,0,0,0,1593
0x166a459,100%,0,16,16,16,0,0,0
0x518df1,100%,0,1593,1593,0,0,0,1593
0x92a9c7,100%,0,1,1,1,0,0,0
0x4f6f02,100%,0,60,60,0,0,0,60
0x4ec228,100%,0,1,1,0,0,0,1
0x518dd5,100%,0,59,59,0,0,0,59
0x91253e,100%,0,3,3,3,0,0,0
0x51107b,100%,0,1,1,0,0,0,1
0x1669eb1,100%,0,8,8,0,0,0,8
0x166bd5c,100%,0,39,39,0,0,0,39
0x4dbf1b,100%,0,1,1,0,0,0,1
0x9395a4,100%,0,1,1,0,0,0,1
0x14fa0ee,100%,0,1,1,1,0,0,0
0x151392c,100%,0,1,1,1,0,0,0
0x926269,100%,0,1,1,0,0,0,1
0x9267a3,100%,0,26,26,0,0,0,26
0x92fa0b,100%,0,1620,1620,0,0,0,1620
0x150dc3b,100%,0,3,3,3,0,0,0
0x9172fd,100%,0,1,1,1,0,0,0
0x5123d0,100%,0,27,27,0,0,0,27
0x915812,100%,0,14094,14094,9396,0,0,4698
0xf2f286,100%,0,180,180,0,0,0,180
0x151769a,100%,0,1,1,1,0,0,0
0x92800c,100%,0,1,1,0,0,0,1
0x529666,100%,0,1,1,0,0,0,1
0x8e85b1,100%,0,2,2,0,0,0,2
0x14f98f0,100%,0,1,1,0,0,0,1
0x1517155,100%,0,1,1,0,0,0,1
0x1513a78,100%,0,1,1,0,0,0,1
0x1513aad,100%,0,1,1,0,0,0,1
0x8e8563,100%,0,19,19,19,0,0,0
0x91522a,100%,0,4698,4698,0,0,0,4698
0xac0f42,100%,0,1,1,1,0,0,0
0x92413b,100%,0,1,1,0,0,0,1
0x926a0e,100%,0,1,1,0,0,0,1
0xf2f640,100%,0,3,3,0,0,0,3
0x923971,100%,0,54,54,0,0,0,54
0x939512,100%,0,59,59,0,0,0,59
0x15d65bd,100%,0,205,205,0,0,0,205
0x1626658,100%,0,118260,118260,0,0,0,118260
0x506ed6,100%,0,108,108,0,0,0,108
0x924a9f,100%,0,1,1,0,0,0,1
0x50120d,100%,0,4,4,0,0,0,4
0x15f3cb5,100%,0,118260,118260,0,0,0,118260
0x8e9d11,100%,0,4,4,4,0,0,0
0x92f973,100%,0,1620,1620,0,0,0,1620
0x167441c,100%,0,42381,42381,42381,0,0,0
0x92520f,100%,0,1,1,0,0,0,1
0x92562f,100%,0,26,26,0,0,0,26
0x8eacd5,100%,0,4,4,0,0,0,4
0x92fe7c,100%,0,1,1,0,0,0,1
0x15138a7,100%,0,1,1,1,0,0,0
0xf35fad,100%,0,1,1,0,0,0,1
0x8e855a,100%,0,19,19,0,0,0,19
0x91a62e,100%,0,1620,1620,0,0,0,1620
0x1515f95,100%,0,1,1,1,0,0,0
0x9184ba,100%,0,59,59,0,0,0,59
0x91a687,100%,0,1620,1620,0,0,0,1620
0xf2e8a9,100%,0,3,3,3,0,0,0
0x8e88bb,100%,0,465,465,0,0,0,465
0x8eaf54,100%,0,4,4,4,0,0,0
0x150eda2,100%,0,4,4,4,0,0,0
0x15174c4,100%,0,1,1,1,0,0,0
0x8e8366,100%,0,19,19,19,0,0,0
0x150dc70,100%,0,3,3,3,0,0,0
0x9365e7,100%,0,1620,1620,0,0,0,1620
0x8e9bd6,100%,0,4,4,0,0,0,4
0x8e9c0c,100%,0,4,4,0,0,0,4
0x8e9c4b,100%,0,4,4,0,0,0,4
0x8ead92,100%,0,4,4,0,0,0,4
0x8e9d03,100%,0,4,4,0,0,0,4
0x8e9d41,100%,0,4,4,0,0,0,4
0x8eac96,100%,0,4,4,0,0,0,4
0x936939,100%,0,1647,1647,0,0,0,1647
0x166a1e6,100%,0,37,37,0,0,0,37
0x92a00a,100%,0,1,1,0,0,0,1
0xdeb0f5,100%,0,4,4,4,0,0,0
0xac46df,100%,0,1,1,1,0,0,0
0x166a2fb,100%,0,10,10,10,0,0,0
0x8e73ff,100%,0,2,2,0,0,0,2
0x8ea202,100%,0,4,4,4,0,0,0
0xf2fa04,100%,0,240,240,0,0,0,240
0x91890e,100%,0,1534,1534,0,0,0,1534
0x8eaccc,100%,0,4,4,0,0,0,4
0x9240ef,100%,0,54,54,0,0,0,54
0x507ab7,100%,0,4,4,0,0,0,4
0x8e71d7,100%,0,19,19,0,0,0,19
0x8e731b,100%,0,1294,1294,0,0,0,1294
0x8e7362,100%,0,19,19,0,0,0,19
0x9330c0,100%,0,1620,1620,0,0,0,1620
0x9278d7,100%,0,1,1,0,0,0,1
0x8e724d,100%,0,19,19,0,0,0,19
0x8e7667,100%,0,19,19,19,0,0,0
0x91948d,100%,0,1,1,1,0,0,0
0x51b01c,100%,0,1,1,1,0,0,0
0x1669cae,100%,0,8,8,0,0,0,8
0x4ecaa7,100%,0,1,1,0,0,0,1
0x93070c,100%,0,8100,8100,0,0,0,8100
0x166a374,100%,0,3,3,3,0,0,0
0x15d65d0,100%,0,205,205,0,0,0,205
0x1669ca3,100%,0,8,8,0,0,0,8
0x166a0e9,100%,0,3,3,3,0,0,0
0x9235c1,100%,0,1404,1404,0,0,0,1404
0xf2e884,100%,0,3,3,0,0,0,3
0xf2e95c,100%,0,3,3,0,0,0,3
0x150e6d7,100%,0,3,3,0,0,0,3
0xf2e965,100%,0,3,3,0,0,0,3
0x15d7f83,100%,0,205,205,0,0,0,205
0x4f74b6,100%,0,60,60,0,0,0,60
0x8eade0,100%,0,3,3,3,0,0,0
0x4f756c,100%,0,120,120,60,0,0,60
0xf2f3a3,100%,0,3,3,0,0,0,3
0xf2f3f3,100%,0,174,174,0,0,0,174
0x92419b,100%,0,1,1,0,0,0,1
0xf2f435,100%,0,4698,4698,0,0,0,4698
0x1513a57,100%,0,1,1,1,0,0,0
0x150dcc6,100%,0,3,3,3,0,0,0
0x150dd26,100%,0,3,3,3,0,0,0
0x5081dd,100%,0,240,240,0,0,0,240
0x150ddb6,100%,0,3,3,3,0,0,0
0x4f6031,100%,0,1,1,0,0,0,1
0x1668f06,100%,0,15,15,0,0,0,15
0x501234,100%,0,4,4,4,0,0,0
0x52967a,100%,0,1,1,0,0,0,1
0x150dde6,100%,0,3,3,3,0,0,0
0x8e73a0,100%,0,19,19,0,0,0,19
0x16688aa,100%,0,42,42,42,0,0,0
0x8eae9f,100%,0,3,3,0,0,0,3
0x915f42,100%,0,1,1,0,0,0,1
0x93869c,100%,0,1,1,0,0,0,1
0x151767b,100%,0,1,1,0,0,0,1
0x507172,100%,0,4,4,0,0,0,4
0xdeb112,100%,0,8,8,8,0,0,0
0x150deff,100%,0,3,3,0,0,0,3
0x4f99eb,100%,0,6480,6480,0,0,0,6480
0x150df0c,100%,0,3,3,3,0,0,0
0x91badf,100%,0,1620,1620,0,0,0,1620
0x4dd6d9,100%,0,1,1,0,0,0,1
0x91b478,100%,0,1620,1620,0,0,0,1620
0x916ce6,100%,0,60,60,0,0,0,60
0x91af43,100%,0,1,1,0,0,0,1
0x51101f,100%,0,1,1,0,0,0,1
0x5087cf,100%,0,480,480,240,0,0,240
0x8e8551,100%,0,19,19,0,0,0,19
0x936477,100%,0,1,1,0,0,0,1
0x91b754,100%,0,1,1,0,0,0,1
0x91ba0b,100%,0,60,60,0,0,0,60
0x166a3bf,100%,0,16,16,0,0,0,16
0xb762d5,100%,0,1,1,1,0,0,0
0x166a2a5,100%,0,10,10,10,0,0,0
0x917290,100%,0,1,1,0,0,0,1
0xf2fc18,100%,0,6480,6480,0,0,0,6480
0x914d11,100%,0,3,3,0,0,0,3
0xdea6de,100%,0,8,8,8,0,0,0
0x1626290,100%,0,118260,118260,0,0,0,118260
0xf2f801,100%,0,4,4,0,0,0,4
0x8eadd2,100%,0,4,4,0,0,0,4
0x15134dc,100%,0,1,1,0,0,0,1
0xf2f4d9,100%,0,4698,4698,0,0,0,4698
0x9312f7,100%,0,1560,1560,0,0,0,1560
0x932c09,100%,0,60,60,0,0,0,60
0x4dd605,100%,0,1,1,1,0,0,0
0x16689a5,100%,0,4,4,0,0,0,4
0x1510260,100%,0,1,1,1,0,0,0
0x4de958,100%,0,1500,1500,0,0,0,1500
0x166a2f1,100%,0,10,10,10,0,0,0
0x8eada6,100%,0,4,4,4,0,0,0
0x4ebaff,100%,0,4,4,3,0,0,1
0x4dec92,100%,0,1560,1560,0,0,0,1560
0x50835a,100%,0,240,240,0,0,0,240
0x92d30a,100%,0,1,1,0,0,0,1
0x8e71e5,100%,0,19,19,19,0,0,0
0x92dfb6,100%,0,1,1,0,0,0,1
0x4dedc9,100%,0,60,60,0,0,0,60
0x150de46,100%,0,3,3,3,0,0,0
0x1668bb5,100%,0,42,42,0,0,0,42
0xb75c12,100%,0,1,1,1,0,0,0
0x8e9f57,100%,0,4,4,4,0,0,0
0x92dfa6,100%,0,1,1,0,0,0,1
0x15d65dd,100%,0,205,205,0,0,0,205
0x91a367,100%,0,60,60,0,0,0,60
0x4f7e67,100%,0,4,4,0,0,0,4
0x5189f8,100%,0,59,59,0,0,0,59
0x4f9a19,100%,0,6480,6480,0,0,0,6480
0x8e73b4,100%,0,17,17,17,0,0,0
0x512a9d,100%,0,1,1,1,0,0,0
0x528d8f,100%,0,55,55,0,0,0,55
0x929d0b,100%,0,1,1,0,0,0,1
0x150db8e,100%,0,3,3,3,0,0,0
0x4f9748,100%,0,5760,5760,0,0,0,5760
0x93888c,100%,0,1,1,1,0,0,0
0xf32b24,100%,0,3,3,0,0,0,3
0x92d367,100%,0,1,1,0,0,0,1
0x4e5e48,100%,0,1,1,0,0,0,1
0x9151e6,100%,0,4698,4698,0,0,0,4698
0x8e8765,100%,0,17,17,0,0,0,17
0x1626320,100%,0,118260,118260,118260,0,0,0
0x16688a0,100%,0,42,42,0,0,0,42
0xf32c58,100%,0,3,3,0,0,0,3
0x1669ea8,100%,0,8,8,0,0,0,8
0x4f83ec,100%,0,4,4,4,0,0,0
0x5071e8,100%,0,108,108,0,0,0,108
0x509493,100%,0,1,1,1,0,0,0
0x150dedf,100%,0,3,3,0,0,0,3
0x508954,100%,0,19440,19440,12960,0,0,6480
0x150ea97,100%,0,4,4,4,0,0,0
0xf2f53a,100%,0,14094,14094,9396,0,0,4698
0x501169,100%,0,4,4,0,0,0,4
0xf318c1,100%,0,4,4,0,0,0,4
0x166a3e8,100%,0,16,16,16,0,0,0
0x4f8984,100%,0,4,4,0,0,0,4
0x4f7fe5,100%,0,4,4,4,0,0,0
0x150edbc,100%,0,4,4,0,0,0,4
0x150eb3c,100%,0,4,4,0,0,0,4
0x14f9f9e,100%,0,1,1,1,0,0,0
0xf2f1ee,100%,0,3,3,0,0,0,3
0x4f8829,100%,0,4,4,0,0,0,4
0x518961,100%,0,59,59,0,0,0,59
0x9270d6,100%,0,1,1,0,0,0,1
0x4f88d5,100%,0,4,4,4,0,0,0
0x8def68,100%,0,108,108,0,0,0,108
0x506f40,100%,0,108,108,0,0,0,108
0x4f91e8,100%,0,4,4,0,0,0,4
0x14fa436,100%,0,1,1,1,0,0,0
0x50880d,100%,0,240,240,0,0,0,240
0x15d65ca,100%,0,205,205,0,0,0,205
0xf2f724,100%,0,6260,6260,0,0,0,6260
0x1668913,100%,0,26,26,0,0,0,26
0x932e31,100%,0,1620,1620,0,0,0,1620
0x512943,100%,0,1593,1593,0,0,0,1593
0x1668c7a,100%,0,42,42,0,0,0,42
0x93334f,100%,0,1,1,0,0,0,1
0x166891d,100%,0,26,26,0,0,0,26
0x9302fe,100%,0,1,1,0,0,0,1
0x8e858e,100%,0,19,19,0,0,0,19
0x16263a0,100%,0,118260,118260,118260,0,0,0
0x93868f,100%,0,1,1,0,0,0,1
0x46f6f4,100%,0,1620,1620,0,0,0,1620
0x15d8001,100%,0,266,266,0,0,0,266
0x506b3a,100%,0,236,236,8,0,0,228
0x928089,100%,0,1,1,0,0,0,1
0x92a350,100%,0,1,1,0,0,0,1
0xf2fafa,100%,0,240,240,0,0,0,240
0x150dd86,100%,0,3,3,3,0,0,0
0x9307d7,100%,0,1620,1620,0,0,0,1620
0x150defb,100%,0,3,3,0,0,0,3
0xf2f416,100%,0,4698,4698,0,0,0,4698
0x914d74,100%,0,3,3,0,0,0,3
0x4ec57d,100%,0,1,1,0,0,0,1
0x1668892,100%,0,42,42,0,0,0,42
0x936b2a,100%,0,1680,1680,0,0,0,1680
0x1668c87,100%,0,42,42,42,0,0,0
0x936b95,100%,0,1680,1680,0,0,0,1680
0xf31896,100%,0,4,4,0,0,0,4
0x501206,100%,0,4,4,4,0,0,0
0x4f81ba,100%,0,4,4,4,0,0,0
0x1669e29,100%,0,53,53,0,0,0,53
0x8e9875,100%,0,4,4,4,0,0,0
0x931f6e,100%,0,1,1,0,0,0,1
0x507724,100%,0,232,232,232,0,0,0
0x166a2c6,100%,0,10,10,0,0,0,10
0x1515f04,100%,0,1,1,1,0,0,0
0x9322a2,100%,0,1,1,1,0,0,0
0x939561,100%,0,1,1,0,0,0,1
0x8e85a7,100%,0,17,17,17,0,0,0
0x9324b5,100%,0,61,61,0,0,0,61
0x166885b,100%,0,42,42,0,0,0,42
0x8e9502,100%,0,4,4,4,0,0,0
0x919ff5,100%,0,60,60,0,0,0,60
0x150dcf6,100%,0,3,3,3,0,0,0
0x507ae2,100%,0,4,4,0,0,0,4
0x166acbf,100%,0,10,10,0,0,0,10
0xf2f6c8,100%,0,6259,6259,0,0,0,6259
0x8df2e9,100%,0,4,4,0,0,0,4
0x5083cb,100%,0,480,480,240,0,0,240
0x1669253,100%,0,42,42,42,0,0,0
0x162624d,100%,0,118260,118260,118260,0,0,0
0x166bd23,100%,0,39,39,0,0,0,39
0x15174b1,100%,0,1,1,0,0,0,1
0x4e5da6,100%,0,1,1,0,0,0,1
0x507806,100%,0,6264,6264,0,0,0,6264
0xf32c70,100%,0,3,3,0,0,0,3
0xf32e60,100%,0,3,3,3,0,0,0
0x150de16,100%,0,3,3,3,0,0,0
0x4f74c5,100%,0,60,60,0,0,0,60
0xdeadb0,100%,0,4,4,4,0,0,0
0x4dd6b2,100%,0,1,1,0,0,0,1
0x1517684,100%,0,1,1,0,0,0,1
0x939863,100%,0,1,1,0,0,0,1
0xb73cc5,100%,0,1,1,1,0,0,0
0x508203,100%,0,6480,6480,0,0,0,6480
0x9321b8,100%,0,60,60,0,0,0,60
0x8e79f4,100%,0,19,19,19,0,0,0
0x1516fad,100%,0,1,1,0,0,0,1
0x50115f,100%,0,4,4,0,0,0,4
0x166acd9,100%,0,10,10,0,0,0,10
0x92459f,100%,0,26,26,0,0,0,26
0x501217,100%,0,4,4,0,0,0,4
0x506c76,100%,0,108,108,0,0,0,108
0x5014b7,100%,0,4,4,4,0,0,0
0x151642f,100%,0,1,1,0,0,0,1
0x506baf,100%,0,4,4,4,0,0,0
0x9392fc,100%,0,1,1,0,0,0,1
0x4de929,100%,0,60,60,0,0,0,60
0x4f9b61,100%,0,6480,6480,0,0,0,6480
0x166acce,100%,0,10,10,0,0,0,10
0x52391b,100%,0,1,1,0,0,0,1
0x916ed8,100%,0,1560,1560,0,0,0,1560
0x4f89a8,100%,0,4,4,0,0,0,4
0x930fcc,100%,0,1,1,0,0,0,1
0x508874,100%,0,6480,6480,0,0,0,6480
0x5077d6,100%,0,6264,6264,0,0,0,6264
0xdead83,100%,0,4,4,4,0,0,0
0x52376d,100%,0,1,1,1,0,0,0
0x166a3d4,100%,0,16,16,0,0,0,16
0x92f79b,100%,0,1620,1620,0,0,0,1620
0x15d7fb2,100%,0,205,205,0,0,0,205
0x92f9a3,100%,0,1620,1620,0,0,0,1620
0x90ce2c,100%,0,60,60,0,0,0,60
0x50859e,100%,0,240,240,0,0,0,240
0x14fa0b4,100%,0,1,1,1,0,0,0
0x509d18,100%,0,1,1,1,0,0,0
0x14f95e5,100%,0,1,1,1,0,0,0
0x930891,100%,0,3240,3240,1620,0,0,1620
0xf2f689,100%,0,231,231,0,0,0,231
0x4f7483,100%,0,120,120,60,0,0,60
0x508369,100%,0,240,240,0,0,0,240
0x150eacb,100%,0,4,4,4,0,0,0
0x4e5d72,100%,0,1,1,0,0,0,1
0x523742,100%,0,1,1,0,0,0,1
0x15d6552,100%,0,205,205,0,0,0,205
0x166c3bc,100%,0,42,42,42,0,0,0
0x1668ba0,100%,0,42,42,42,0,0,0
0x508836,100%,0,6480,6480,0,0,0,6480
0x90ce9b,100%,0,60,60,0,0,0,60
0x5088d2,100%,0,6480,6480,0,0,0,6480
0x1626279,100%,0,118260,118260,0,0,0,118260
0x166bda5,100%,0,39,39,0,0,0,39
0x529f6f,100%,0,1,1,0,0,0,1
0x1668832,100%,0,42,42,0,0,0,42
0x14fab16,100%,0,1,1,1,0,0,0
0x150dd56,100%,0,3,3,3,0,0,0
0x506ea6,100%,0,108,108,0,0,0,108
0x92d07c,100%,0,1620,1620,0,0,0,1620
0x166bd4b,100%,0,39,39,39,0,0,0
0x517e57,100%,0,1,1,1,0,0,0
0x150eb2e,100%,0,4,4,0,0,0,4
0x90b856,100%,0,43,43,43,0,0,0
0x1669d22,100%,0,29,29,29,0,0,0
0x92cff9,100%,0,1620,1620,0,0,0,1620
0x166bd97,100%,0,39,39,0,0,0,39
0x1511a87,100%,0,1,1,1,0,0,0
0x927c73,100%,0,1,1,0,0,0,1
0x5085ad,100%,0,240,240,0,0,0,240
0x8e6d07,100%,0,19,19,19,0,0,0
0x166bd7c,100%,0,39,39,39,0,0,0
0x15138e3,100%,0,1,1,1,0,0,0
0x4f98f2,100%,0,240,240,0,0,0,240
0x4f9ac5,100%,0,6480,6480,0,0,0,6480
0x4ec6d7,100%,0,1,1,0,0,0,1
0x1668884,100%,0,42,42,0,0,0,42
0x523793,100%,0,1,1,0,0,0,1
0x92417e,100%,0,1,1,0,0,0,1
0x5237e0,100%,0,1,1,0,0,0,1
0x5074b9,100%,0,236,236,0,0,0,236
0x5237fd,100%,0,1,1,1,0,0,0
0x52a724,100%,0,60,60,0,0,0,60
0x9386b1,100%,0,1,1,0,0,0,1
0x8ead9c,100%,0,4,4,0,0,0,4
0x5290c8,100%,0,27,27,0,0,0,27
0x50119f,100%,0,4,4,0,0,0,4
0x523782,100%,0,1,1,0,0,0,1
0x932c90,100%,0,60,60,0,0,0,60
0x529536,100%,0,27,27,0,0,0,27
0x1668745,100%,0,42,42,0,0,0,42
0x166883e,100%,0,42,42,42,0,0,0
0x901cc3,100%,0,32452,32452,0,0,0,32452
0x5237ad,100%,0,1,1,1,0,0,0
0x1513ac5,100%,0,1,1,1,0,0,0
0x528e26,100%,0,1485,1485,0,0,0,1485
0xdea681,100%,0,4,4,4,0,0,0
0x916fa4,100%,0,1560,1560,0,0,0,1560
0x90cdd7,100%,0,60,60,0,0,0,60
0x14faa45,100%,0,1,1,1,0,0,0
0x14faa75,100%,0,1,1,1,0,0,0
0x1669c05,100%,0,39,39,39,0,0,0
0x529cac,100%,0,1566,1566,0,0,0,1566
0xf332a9,100%,0,3,3,0,0,0,3
0xf2f2f6,100%,0,4860,4860,0,0,0,4860
0x939750,100%,0,1,1,0,0,0,1
0x14faad9,100%,0,1,1,1,0,0,0
0xf2fa6d,100%,0,240,240,0,0,0,240
0x14fab7a,100%,0,1,1,1,0,0,0
0x14fabb7,100%,0,1,1,1,0,0,0
0x5011a9,100%,0,4,4,0,0,0,4
0x5011c3,100%,0,4,4,4,0,0,0
0x1669fa7,100%,0,1,1,1,0,0,0
0x4f85b4,100%,0,4,4,4,0,0,0
0x14fabe1,100%,0,1,1,1,0,0,0
0x14fb27b,100%,0,1,1,0,0,0,1
0x14fbdd4,100%,0,1,1,0,0,0,1
0x1668755,100%,0,42,42,42,0,0,0
0x8dede2,100%,0,4,4,0,0,0,4
0xf34a5e,100%,0,1,1,1,0,0,0
0x5237cf,100%,0,1,1,0,0,0,1
0xf318a8,100%,0,4,4,0,0,0,4
0x52ac04,100%,0,1620,1620,0,0,0,1620
0x51a9d9,100%,0,1,1,1,0,0,0
0x51b3b8,100%,0,1,1,0,0,0,1
0x1669efd,100%,0,16,16,0,0,0,16
0x150dc9e,100%,0,3,3,3,0,0,0
0x51b3e4,100%,0,1,1,0,0,0,1
0x51b40e,100%,0,1,1,0,0,0,1
0x166a29a,100%,0,10,10,0,0,0,10
0x4f972f,100%,0,240,240,0,0,0,240
0xb74975,100%,0,1,1,1,0,0,0
0x1515fc7,100%,0,1,1,1,0,0,0
0x8dec6f,100%,0,4,4,0,0,0,4
0x51c5a7,100%,0,60,60,0,0,0,60
0x51f4d6,100%,0,1,1,0,0,0,1
0x4eb963,100%,0,1430,1430,0,0,0,1430
0x15152a4,100%,0,1,1,1,0,0,0
0x150eb4f,100%,0,4,4,0,0,0,4
0x9251d1,100%,0,1,1,0,0,0,1
0x933373,100%,0,1,1,0,0,0,1
0xf2f9d3,100%,0,240,240,0,0,0,240
0x90cdb8,100%,0,60,60,0,0,0,60
0x8df043,100%,0,4,4,0,0,0,4
0x52a593,100%,0,1620,1620,0,0,0,1620
0x14fa496,100%,0,1,1,1,0,0,0
0x150eab1,100%,0,4,4,4,0,0,0
0x518bc0,100%,0,59,59,0,0,0,59
0x150eb1a,100%,0,4,4,4,0,0,0
0x50770f,100%,0,236,236,232,0,0,4
0xf2fcc5,100%,0,6480,6480,0,0,0,6480
0x4ec533,100%,0,1,1,0,0,0,1
0x529411,100%,0,27,27,27,0,0,0
0x4ebac9,100%,0,55,55,55,0,0,0
0x91ba75,100%,0,60,60,0,0,0,60
0x92766d,100%,0,26,26,0,0,0,26
0x52a6f3,100%,0,60,60,0,0,0,60
0xa9771e,100%,0,1,1,1,0,0,0
0x166aea0,100%,0,16,16,0,0,0,16
0x5083e9,100%,0,240,240,0,0,0,240
0x16262ef,100%,0,118260,118260,0,0,0,118260
0x50b140,100%,0,59,59,0,0,0,59
0x939925,100%,0,1,1,0,0,0,1
0x50e843,100%,0,1,1,0,0,0,1
0x8dedc0,100%,0,4,4,0,0,0,4
0x4db9c5,100%,0,1,1,1,0,0,0
0x52a9c9,100%,0,1620,1620,0,0,0,1620
0x1668f14,100%,0,15,15,0,0,0,15
0x1515f60,100%,0,1,1,1,0,0,0
0x9313bd,100%,0,7800,7800,0,0,0,7800
0x14fa376,100%,0,1,1,1,0,0,0
0x166c3b3,100%,0,42,42,0,0,0,42
0x52388c,100%,0,1,1,0,0,0,1
0x931478,100%,0,1560,1560,0,0,0,1560
0x166a157,100%,0,3,3,3,0,0,0
0x4f71b9,100%,0,60,60,0,0,0,60
0x8eac8c,100%,0,4,4,0,0,0,4
0x931c9a,100%,0,1,1,0,0,0,1
0x166ac2b,100%,0,10,10,0,0,0,10
0x92fffe,100%,0,60,60,0,0,0,60
0x901b53,100%,0,122,122,0,0,0,122
0xf31deb,100%,0,3,3,3,0,0,0
0x92e1b4,100%,0,1620,1620,0,0,0,1620
0x166a224,100%,0,2,2,0,0,0,2
0x8e927e,100%,0,3,3,3,0,0,0
0x927153,100%,0,1,1,0,0,0,1
0x936889,100%,0,1647,1647,0,0,0,1647
0x150dec8,100%,0,3,3,3,0,0,0
0x15d65ea,100%,0,205,205,0,0,0,205
0x92660f,100%,0,26,26,0,0,0,26
0x9309ad,100%,0,1,1,0,0,0,1
0x1516fc0,100%,0,1,1,1,0,0,0
0xf2fb16,100%,0,240,240,0,0,0,240
0x1668873,100%,0,42,42,0,0,0,42
0x912513,100%,0,3,3,3,0,0,0
0x506e1a,100%,0,4,4,0,0,0,4
0x930cc7,100%,0,1647,1647,0,0,0,1647
0x930dde,100%,0,8235,8235,0,0,0,8235
0x15d65b7,100%,0,205,205,0,0,0,205
0x4f7e0e,100%,0,4,4,4,0,0,0
0x501183,100%,0,4,4,4,0,0,0
0x930e52,100%,0,1647,1647,0,0,0,1647
0xf2e834,100%,0,3,3,0,0,0,3
0x4f899e,100%,0,4,4,0,0,0,4
0x924e1a,100%,0,1,1,0,0,0,1
0x8e754b,100%,0,17,17,0,0,0,17
0x930ef1,100%,0,1647,1647,0,0,0,1647
0x5238fb,100%,0,1,1,0,0,0,1
0x913f86,100%,0,3,3,0,0,0,3
0x156b801,100%,0,20,20,0,0,0,20
0x9387bf,100%,0,60,60,0,0,0,60
0x150de76,100%,0,3,3,3,0,0,0
0xf32b14,100%,0,3,3,0,0,0,3
0x92f390,100%,0,1,1,0,0,0,1
0x924163,100%,0,1,1,0,0,0,1
0x1668c9a,100%,0,42,42,0,0,0,42
0x8e7370,100%,0,19,19,19,0,0,0
0x92f92b,100%,0,1620,1620,0,0,0,1620
0x14fa316,100%,0,1,1,1,0,0,0
0x14fa346,100%,0,1,1,1,0,0,0
0x506bc8,100%,0,12,12,8,0,0,4
0x8e9d8a,100%,0,3,3,3,0,0,0
0x14fa3a6,100%,0,1,1,1,0,0,0
0x14fa1cb,100%,0,1,1,1,0,0,0
0x14fa3d6,100%,0,1,1,1,0,0,0
0x92e0ff,100%,0,60,60,0,0,0,60
0xf2fc45,100%,0,6480,6480,0,0,0,6480
0xf2f766,100%,0,6260,6260,0,0,0,6260
0xb6a731,100%,0,1,1,1,0,0,0
0x1515f2e,100%,0,1,1,1,0,0,0
0xf2fd3b,100%,0,6480,6480,0,0,0,6480
0x4ec1e7,100%,0,1,1,0,0,0,1
0xf32b32,100%,0,3,3,3,0,0,0
0x14faa1b,100%,0,1,1,1,0,0,0
0x8e8391,100%,0,19,19,0,0,0,19
0xf2f6a1,100%,0,6259,6259,0,0,0,6259
0x9302e1,100%,0,1,1,0,0,0,1
0x14fa04d,100%,0,1,1,1,0,0,0
0x1668f1b,100%,0,15,15,0,0,0,15
0x15d801a,100%,0,205,205,205,0,0,0
0x166a2d0,100%,0,10,10,0,0,0,10
0x8df190,100%,0,4,4,0,0,0,4
0x166a43c,100%,0,16,16,0,0,0,16
0x93931b,100%,0,1,1,0,0,0,1
0x16689b2,100%,0,4,4,4,0,0,0
0x51f4b2,100%,0,1,1,0,0,0,1
0x14f9f5e,100%,0,1,1,1,0,0,0
0x150db6e,100%,0,3,3,3,0,0,0
0x922ad3,100%,0,1,1,0,0,0,1
0x5078f2,100%,0,6264,6264,0,0,0,6264
0x529370,100%,0,27,27,0,0,0,27
0x506be4,100%,0,4,4,4,0,0,0
0x14fa120,100%,0,1,1,1,0,0,0
0x14fa14a,100%,0,1,1,1,0,0,0
0x928d6f,100%,0,60,60,0,0,0,60
0x14fa17c,100%,0,1,1,1,0,0,0
