Branch PC,Accuracy,Mispredictions,Correct Predictions,Total,dir_t_pred_t,dir_t_pred_nt,dir_nt_pred_t,dir_nt_pred_nt
aggregate,98.306%,439877,25526141,25966018,15989995,163949,275928,9536146
0x411cdb,95.1104%,41898,814983,856881,747043,16143,25755,67940
0x411480,92.6294%,38634,485527,524161,412821,11913,26721,72706
0x4120ef,95.2844%,37717,762125,799842,722298,11148,26569,39827
0x41ac73,95.0137%,24736,471339,496075,428063,12304,12432,43276
0x410794,90.9919%,23605,238436,262041,209955,5666,17939,28481
0x41104e,95.1627%,23488,462069,485557,413941,9011,14477,48128
0x41ae23,95.287%,21710,438927,460637,437289,1484,20226,1638
0x4130f0,96.7874%,16834,507160,523994,454137,7419,9415,53023
0x412e6e,98.2547%,14952,841763,856715,751174,6022,8930,90589
0x412633,94.4874%,14426,247267,261693,38749,8772,5654,208518
0x41ad1f,92.7374%,14291,182485,196776,171527,3385,10906,10958
0x412d38,98.2851%,13714,785961,799675,701599,4548,9166,84362
0x41321e,97.6205%,11550,473840,485390,426392,5035,6515,47448
0x4118ce,96.3804%,8794,234163,242957,139868,3403,5391,94295
0x4123df,86.8832%,8709,57687,66396,19000,5531,3178,38687
0x410341,94.5857%,8692,151846,160538,24640,5020,3672,127206
0x4134a1,97.0306%,7776,254098,261874,227741,4640,3136,26357
0x4135e8,96.2156%,6069,154302,160371,140242,2109,3960,14060
0x410c08,95.3458%,5668,116115,121783,65216,2437,3231,50899
0x412fb0,97.6836%,5624,237166,242790,140924,2606,3018,96242
0x41acba,99.2467%,3737,492338,496075,387379,1214,2523,104959
0x413360,97.7108%,2784,118832,121616,74414,949,1835,44418
0x40c953,59.4566%,1940,2845,4785,2518,672,1268,327
0x40c2fb,60.3762%,1896,2889,4785,2577,613,1283,312
0x40c657,73.5214%,1267,3518,4785,2896,294,973,622
0x40de8a,83.8981%,1226,6388,7614,1019,816,410,5369
0x40b57b,91.9889%,1150,13205,14355,12716,44,1106,489
0x40c3fc,77.5549%,1074,3711,4785,29,923,151,3682
0x40c713,78.2654%,1040,3745,4785,3726,107,933,19
0x401ce3,74.7563%,1036,3068,4104,757,613,423,2311
0x401dc4,76.0234%,984,3120,4104,2553,358,626,567
0x401d33,76.5351%,963,3141,4104,821,562,401,2320
0x40f66f,86.4157%,949,6037,6986,5556,277,672,481
0x40c0b8,80.2299%,946,3839,4785,3818,91,855,21
0x402c4d,73.8215%,933,2631,3564,240,625,308,2391
0x40df85,87.7594%,932,6682,7614,6673,95,837,9
0x40bdac,80.6479%,926,3859,4785,21,855,71,3838
0x40f2d5,80.0088%,908,3634,4542,3577,212,696,57
0x40acc3,93.8419%,884,13471,14355,12592,168,716,879
0x40218b,73.1061%,852,2316,3168,203,572,280,2113
0x412629,98.9014%,705,63469,64174,9873,439,266,53596
0x402745,77.9356%,699,2469,3168,259,515,184,2210
0x40e107,91.5863%,637,6934,7571,6707,25,612,227
0x409b7f,73.9021%,624,1767,2391,102,492,132,1665
0x40e266,91.8873%,616,6977,7593,6706,46,570,271
0x415803,75.447%,563,1730,2293,1206,265,298,524
0x40ea00,92.7108%,555,7059,7614,6733,35,520,326
0x4097ea,74.0741%,546,1560,2106,131,380,166,1429
0x40bcce,96.7461%,546,16234,16780,20,491,55,16214
0x409b47,87.6086%,542,3832,4374,1789,194,348,2043
0x40aa4d,96.8103%,536,16268,16804,10,501,35,16258
0x412660,99.0905%,526,57307,57833,53484,156,370,3823
0x40b308,96.872%,526,16290,16816,9,502,24,16281
0x401d41,87.5244%,512,3592,4104,3523,125,387,69
0x40a83e,88.3402%,510,3864,4374,3735,153,357,129
0x4157fb,73.9712%,506,1438,1944,179,294,212,1259
0x405b15,69.5971%,498,1140,1638,97,307,191,1043
0x406a70,76.4482%,496,1610,2106,110,401,95,1500
0x402577,85.0063%,475,2693,3168,2677,95,380,16
0x4063e7,71.2454%,471,1167,1638,100,301,170,1067
0x401cf1,88.694%,464,3640,4104,3512,136,328,128
0x40b317,97.1604%,463,15842,16305,14544,166,297,1298
0x415138,76.286%,461,1483,1944,1297,174,287,186
0x406cc6,70.8199%,452,1097,1549,111,295,157,986
0x401f62,94.103%,449,7165,7614,6762,6,443,403
0x4087ef,73.3822%,436,1202,1638,89,312,124,1113
0x404bfc,86.0555%,432,2666,3098,2541,162,270,125
0x402a91,86.3636%,432,2736,3168,2721,51,381,15
0x401cae,78.1379%,425,1519,1944,1365,123,302,154
0x40f685,64.1804%,413,740,1153,600,160,253,140
0x403c89,86.9978%,411,2750,3161,2739,27,384,11
0x40840b,75.0916%,408,1230,1638,74,330,78,1156
0x40a977,88.8047%,399,3165,3564,3153,15,384,12
0x40f41e,73.6139%,395,1102,1497,1048,138,257,54
0x4033f9,89.0292%,391,3173,3564,3133,35,356,40
0x40cbf3,89.0292%,391,3173,3564,3154,14,377,19
0x407449,89.0572%,390,3174,3564,3148,20,370,26
0x4058a9,89.3378%,380,3184,3564,3156,12,368,28
0x40aa5c,97.6923%,376,15917,16293,14567,131,245,1350
0x401a84,80.7613%,374,1570,1944,220,236,138,1350
0x41158a,99.653%,345,99082,99427,29737,162,183,69345
0x406c9b,87.4464%,322,2243,2565,895,121,201,1348
0x40473e,89.5914%,321,2763,3084,2654,46,275,109
0x407353,87.6803%,316,2249,2565,2190,90,226,59
0x40564b,81.9305%,307,1392,1699,1192,126,181,200
0x412645,99.8571%,306,213866,214172,6137,204,102,207729
0x40f567,91.9311%,300,3418,3718,3411,82,218,7
0x40565c,90.3696%,297,2787,3084,203,179,118,2584
0x40332e,91.7228%,295,3269,3564,3112,56,239,157
0x409b92,98.1945%,292,15881,16173,14248,128,164,1633
0x4114c1,99.7063%,292,99135,99427,13200,176,116,85935
0x40e62a,96.1893%,289,7295,7584,6648,95,194,647
0x409cdb,95.1036%,286,5555,5841,5111,81,205,444
0x406209,82.7839%,282,1356,1638,1344,60,222,12
0x404170,97.396%,281,10510,10791,9508,84,197,1002
0x40738b,86.9896%,274,1832,2106,1832,40,234,0
0x41515a,86.0597%,271,1673,1944,1637,91,180,36
0x409d02,75.1634%,266,805,1071,513,132,134,292
0x409574,84.127%,260,1378,1638,1359,45,215,19
0x41ae1d,99.9419%,255,438518,438773,89149,145,110,349369
0x4084d5,84.7375%,250,1388,1638,1353,51,199,35
0x410c59,99.54%,249,53881,54130,9858,123,126,44023
0x40791d,93.4902%,249,3576,3825,3289,111,138,287
0x411cfc,99.7353%,248,93447,93695,5454,145,103,87993
0x40ca9e,88.2716%,247,1859,2106,1817,55,192,42
0x4040f5,92.022%,247,2849,3096,2816,53,194,33
0x4068d3,85.1038%,244,1394,1638,1332,72,172,62
0x402e2f,85.5609%,242,1434,1676,814,80,162,620
0x40a88e,88.5565%,241,1865,2106,1865,7,234,0
0x407968,73.5683%,240,668,908,298,123,117,370
0x4114dd,99.7246%,237,85814,86051,85447,88,149,367
0x40e8b4,87.9115%,235,1709,1944,1709,19,216,0
0x416203,87.963%,234,1710,1944,1710,18,216,0
0x40b22f,89.2213%,227,1879,2106,1852,20,207,27
0x409cc8,74.3182%,226,654,880,87,144,82,567
0x402e51,71.0997%,226,556,782,43,145,81,513
0x41115f,99.639%,226,62379,62605,19609,111,115,42770
0x40d3ca,87.0949%,223,1505,1728,1503,33,190,2
0x40babf,89.5537%,220,1886,2106,1832,40,180,54
0x410473,99.2616%,219,29441,29660,10889,108,111,18552
0x401df5,88.7346%,219,1725,1944,1682,46,173,43
0x4019b9,88.786%,218,1726,1944,1726,2,216,0
0x4046f4,81.7186%,217,970,1187,931,41,176,39
0x40db1a,87.5%,216,1512,1728,1506,30,186,6
0x403c3c,82.1757%,213,982,1195,969,30,183,13
0x4113c4,99.6669%,208,62230,62438,19480,121,87,42750
0x41223d,99.6912%,205,66191,66396,18186,84,121,48005
0x40f702,94.5327%,203,3510,3713,2394,84,119,1116
0x401ad6,89.6091%,202,1742,1944,1683,45,157,59
0x411923,99.7694%,199,86092,86291,85545,58,141,547
0x40d884,64.7163%,199,365,564,39,122,77,326
0x40eadd,89.7634%,199,1745,1944,1713,15,184,32
0x40d861,96.119%,197,4879,5076,4456,56,141,423
0x411907,99.8044%,195,99491,99686,13282,113,82,86209
0x404d3c,88.7916%,192,1521,1713,1488,76,116,33
0x402ef2,88.4337%,192,1468,1660,1436,52,140,32
0x403608,93.9279%,192,2970,3162,2949,16,176,21
0x40844d,98.2802%,191,10915,11106,9820,52,139,1095
0x4040f0,99.3145%,191,27673,27864,24676,92,99,2997
0x40bcf4,96.3892%,190,5072,5262,3574,93,97,1498
0x409acd,87.037%,189,1269,1458,896,76,113,373
0x4083d5,68.3502%,188,406,594,380,70,118,26
0x41212f,99.6975%,185,60969,61154,60409,27,158,560
0x409c9f,85.7253%,185,1111,1296,313,103,82,798
0x40f72e,55.4745%,183,228,411,196,80,103,32
0x4064b6,92.829%,182,2356,2538,2200,56,126,156
0x4078de,69.8653%,179,415,594,70,99,80,345
0x40280d,86.6366%,178,1154,1332,1118,66,112,36
0x409bbc,90.0946%,178,1619,1797,1615,26,152,4
0x41108f,99.7173%,177,62428,62605,9218,102,75,53210
0x406d21,93.417%,173,2455,2628,2266,70,103,189
0x409965,89.1536%,173,1422,1595,1415,18,155,7
0x40641f,98.455%,172,10961,11133,9817,79,93,1144
0x411309,99.7309%,168,62270,62438,9203,93,75,53067
0x410a85,99.6368%,168,46085,46253,3822,90,78,42263
0x402c9d,99.3125%,167,24124,24291,21536,56,111,2588
0x40d122,95.1076%,166,3227,3393,2958,58,108,269
0x40227d,86.3374%,166,1049,1215,1016,64,102,33
0x411d18,99.8127%,165,87931,88096,87478,44,121,453
0x40f714,86.8016%,163,1072,1235,729,95,68,343
0x4079ad,95.7245%,162,3627,3789,3295,73,89,332
0x4103a8,99.4572%,161,29499,29660,5892,95,66,23607
0x406335,92.5451%,157,1949,2106,1813,59,98,136
0x40ced1,98.9969%,156,15396,15552,13785,39,117,1611
0x40589d,99.5168%,155,31921,32076,28429,83,72,3492
0x412fbe,99.4862%,153,29627,29780,4368,90,63,25259
0x407765,87.6013%,153,1081,1234,5,139,14,1076
0x4089f0,73.2049%,153,418,571,72,92,61,346
0x411b78,99.8483%,151,99368,99519,13284,87,64,86084
0x4107ed,99.6747%,151,46269,46420,3849,87,64,42420
0x40a862,89.7119%,150,1308,1458,1252,44,106,56
0x406ced,86.9641%,149,994,1143,774,77,72,220
0x405c10,68.1034%,148,316,464,37,94,54,279
0x40f6f2,97.9089%,146,6836,6982,3414,79,67,3422
0x411f7a,99.8351%,145,87808,87953,87438,13,132,370
0x408879,88.2781%,145,1092,1237,1086,29,116,6
0x410fb4,99.7332%,144,53819,53963,16151,82,62,37668
0x4033ed,99.5573%,142,31934,32076,28468,44,98,3466
0x40defd,99.7289%,141,51870,52011,46173,59,82,5697
0x410d56,99.1377%,141,16211,16352,4345,82,59,11866
0x411196,99.2901%,140,19580,19720,4422,83,57,15158
0x409dc4,89.1975%,140,1156,1296,1109,43,97,47
0x409840,99.0317%,139,14216,14355,12705,55,84,1511
0x412276,99.2501%,137,18133,18270,5318,71,66,12815
0x40bfff,97.1578%,136,4649,4785,3163,27,109,1486
0x4089ff,96.2872%,136,3527,3663,3206,50,86,321
0x40d632,92.1296%,136,1592,1728,1578,36,100,14
0x411c44,99.8643%,135,99384,99519,29744,61,74,69640
0x40950d,76.3573%,135,436,571,405,44,91,31
0x4108ba,99.7113%,134,46286,46420,8945,98,36,37341
0x409d27,87.7737%,134,962,1096,566,79,55,396
0x410d1a,99.7524%,134,53996,54130,16289,63,71,37707
0x4106ec,99.549%,133,29360,29493,10804,74,59,18556
0x40d37d,64.9867%,132,245,377,198,67,65,47
0x412024,99.8621%,129,93399,93528,22255,83,46,71144
0x412113,99.8057%,129,66267,66396,5158,84,45,61109
0x40763c,93.9221%,128,1978,2106,1825,47,81,153
0x4021cd,99.4057%,128,21409,21537,19093,51,77,2316
0x407ac2,85.7778%,128,772,900,741,59,69,31
0x405b5d,98.8565%,127,10979,11106,9818,54,73,1161
0x412884,99.4828%,126,24238,24364,1928,82,44,22310
0x405c4d,95.7958%,126,2871,2997,2620,44,82,251
0x40d62d,99.1898%,126,15426,15552,13786,38,88,1640
0x41175c,99.8533%,126,85782,85908,85436,28,98,346
0x41295a,99.4828%,126,24238,24364,13712,59,67,10526
0x4020fd,96.4927%,125,3439,3564,3125,43,82,314
0x40ced6,92.8241%,124,1604,1728,1603,13,111,1
0x412bcc,99.8143%,123,66106,66229,18085,65,58,48021
0x406b90,92.4138%,121,1474,1595,1464,36,85,10
0x40daca,78.9007%,119,445,564,399,51,68,46
0x4103c4,99.4973%,119,23554,23673,23513,17,102,41
0x403690,98.8945%,119,10645,10764,9533,35,84,1112
0x408837,98.9401%,118,11015,11133,9840,56,62,1175
0x411325,99.778%,118,53024,53142,52832,27,91,192
0x40c9fb,68.7831%,118,260,378,57,66,52,203
0x4110ab,99.7804%,117,53168,53285,52909,21,96,259
0x4061a4,75%,116,348,464,344,27,89,4
0x406482,69.8701%,116,269,385,28,75,41,241
0x411b94,99.8665%,115,86033,86148,85489,43,72,544
0x411f5e,99.877%,115,93413,93528,5476,99,16,87937
0x402e9d,94.1872%,113,1831,1944,1675,53,60,156
0x41241f,99.5066%,111,22386,22497,22119,18,93,267
0x40f2eb,85.3918%,110,643,753,641,31,79,2
0x40f39a,92.7333%,109,1391,1500,1389,24,85,2
0x40e2ad,87.1158%,109,737,846,737,15,94,0
0x40e146,87.1158%,109,737,846,737,15,94,0
0x401f73,87.1158%,109,737,846,737,15,94,0
0x405b65,91.248%,108,1126,1234,1125,16,92,1
0x40de09,87.234%,108,738,846,738,14,94,0
0x412b1c,99.823%,108,60903,61011,60326,39,69,577
0x40f692,73.2824%,105,288,393,274,34,71,14
0x40d145,72.4138%,104,273,377,23,68,36,250
0x40ea11,87.7069%,104,742,846,742,10,94,0
0x40d89e,74.1935%,104,299,403,49,49,55,250
0x40e8a8,99.4113%,103,17393,17496,15492,60,43,1901
0x40d561,94.0394%,103,1625,1728,1492,44,59,133
0x402de7,82.7181%,103,493,596,331,77,26,162
0x4119ca,99.8967%,103,99583,99686,29860,64,39,69723
0x407a6d,88.9968%,102,825,927,780,44,58,45
0x4086ee,95.1567%,102,2004,2106,1850,22,80,154
0x411dc7,99.8922%,101,93594,93695,22414,44,57,71180
0x406c35,88.1871%,101,754,855,532,38,63,222
0x40e729,88.2979%,99,747,846,747,5,94,0
0x412d46,99.5568%,99,22239,22338,4439,74,25,17800
0x40df9f,88.2979%,99,747,846,733,19,80,14
0x403600,99.6556%,98,28360,28458,25244,52,46,3116
0x40645c,92.0776%,98,1139,1237,1132,33,65,7
0x404045,97.3064%,96,3468,3564,3122,46,50,346
0x410629,99.6745%,96,29397,29493,5917,46,50,23480
0x401f4f,99.8599%,96,68430,68526,60871,41,55,7559
0x40cada,59.8291%,94,140,234,140,16,78,0
0x40cbe7,99.7069%,94,31982,32076,28475,37,57,3507
0x4027b2,96.1571%,92,2302,2394,2301,25,67,1
0x40ca95,84.743%,92,511,603,508,28,64,3
0x402e78,84.8485%,90,504,594,327,51,39,177
0x40279d,99.5823%,90,21456,21546,19102,50,40,2354
0x40417c,92.4937%,90,1109,1199,1109,31,59,0
0x41a638,97.7109%,89,3799,3888,3443,13,76,356
0x40ddfd,98.8442%,88,7526,7614,6742,26,62,784
0x405a3e,95.8689%,87,2019,2106,1831,41,46,188
0x410edd,99.8406%,86,53877,53963,9893,64,22,43984
0x40689c,77.6623%,86,299,385,279,34,52,20
0x410aa1,99.804%,83,42258,42341,42198,29,54,60
0x40cbff,79.2929%,82,314,396,314,38,44,0
0x402ca5,96.9618%,82,2617,2699,2617,14,68,0
0x40d15f,71.3287%,82,204,286,18,51,31,186
0x411814,99.9174%,82,99178,99260,29737,43,39,69441
0x40f593,62.5%,81,135,216,110,42,39,25
0x40736f,90.5263%,81,774,855,741,19,62,33
0x410c75,99.8188%,80,44069,44149,43951,24,56,118
0x4124bf,99.6739%,80,24451,24531,13843,48,32,10608
0x409d70,85.6631%,80,478,558,471,25,55,7
0x40f325,98.2313%,80,4443,4523,2983,40,40,1460
0x408b5a,66.0944%,79,154,233,23,48,31,131
0x409c15,72.4739%,79,208,287,9,39,40,199
0x417734,78.3333%,78,282,360,282,38,40,0
0x40ce12,95.4861%,78,1650,1728,1516,20,58,134
0x4021d2,96.7405%,78,2315,2393,2314,11,67,1
0x40e1e0,99.8874%,77,68305,68382,60769,15,62,7536
0x410809,99.8258%,74,42410,42484,42272,26,48,138
0x408b7c,88.4194%,74,565,639,531,37,37,34
0x408a57,81.8182%,74,333,407,316,27,47,17
0x402f0f,87.2414%,74,506,580,505,23,51,1
0x402ae5,81.3131%,74,322,396,319,33,41,3
0x411740,99.9265%,73,99187,99260,13303,49,24,85884
0x4022cc,60.1093%,73,110,183,64,54,19,46
0x408a52,98.0344%,72,3591,3663,3238,18,54,353
0x40743d,99.7755%,72,32004,32076,28496,16,56,3508
0x401503,52.9412%,72,81,153,69,33,39,12
0x4108f6,99.2149%,71,8972,9043,4649,33,38,4323
0x4019ad,99.5999%,70,17426,17496,15535,17,53,1891
0x40ca24,95.4926%,70,1483,1553,1483,3,67,0
0x401b23,96.3992%,70,1874,1944,1715,13,57,159
0x411a06,99.7661%,70,29854,29924,4407,49,21,25447
0x40b885,95.674%,69,1526,1595,1526,3,66,0
0x41a64a,84.0278%,69,363,432,363,21,48,0
0x41336e,99.2268%,69,8855,8924,4581,54,15,4274
0x40e92a,96.4506%,69,1875,1944,1700,28,41,175
0x40eb12,96.4506%,69,1875,1944,1706,22,47,169
0x407aa0,70.5628%,68,163,231,72,28,40,91
0x4104b6,99.3816%,68,10929,10997,5126,38,30,5803
0x4121ae,99.9628%,68,182676,182744,121562,28,40,61114
0x4052c1,54.3624%,68,81,149,19,49,19,62
0x4026a5,98.1201%,67,3497,3564,3146,22,45,351
0x40285c,63.587%,67,117,184,107,23,44,10
0x410b54,99.8551%,67,46186,46253,8881,43,24,37305
0x4015c1,96.5535%,67,1877,1944,1694,34,33,183
0x4128a0,99.7048%,66,22288,22354,22054,12,54,234
0x401de2,95.2485%,65,1303,1368,889,23,42,414
0x402595,83.5859%,65,331,396,331,21,44,0
0x46fec2,86.8687%,65,430,495,363,33,32,67
0x40d66e,93.6647%,65,961,1026,894,18,47,67
0x412b00,99.9034%,64,66165,66229,5167,51,13,60998
0x40224b,65.5914%,64,122,186,8,43,21,114
0x4158e4,96.8107%,62,1882,1944,1873,16,46,9
0x4058b5,84.3434%,62,334,396,334,18,44,0
0x41482e,57.6389%,61,83,144,83,13,48,0
0x40a983,84.8485%,60,336,396,336,16,44,0
0x409bf9,61.5385%,60,96,156,55,36,24,41
0x4057b5,84.8485%,60,336,396,219,45,15,117
0x4079b2,85.9857%,59,362,421,18,31,28,344
0x415de5,64.8485%,58,107,165,21,34,24,86
0x40ead4,99.6685%,58,17438,17496,15538,14,44,1900
0x40f2b3,98.1207%,57,2976,3033,1495,24,33,1481
0x41112e,99.9643%,57,159443,159500,106204,11,46,53239
0x40eb5e,97.0679%,57,1887,1944,1711,17,40,176
0x410b2e,99.9551%,57,126852,126909,84552,16,41,42300
0x40e061,99.9164%,57,68145,68202,60603,21,36,7542
0x414625,87.037%,56,376,432,375,9,47,1
0x412403,99.7717%,56,24475,24531,2011,23,33,22464
0x40775d,99.4958%,56,11050,11106,9850,22,34,1200
0x407a57,60.2837%,56,85,141,7,31,25,78
0x40a96b,99.8254%,56,32020,32076,28487,25,31,3533
0x40f432,81.9936%,56,255,311,252,11,45,3
0x4027e0,72.2222%,55,143,198,19,31,24,124
0x4084e1,76.4957%,55,179,234,179,29,26,0
0x412e7c,99.8188%,54,29751,29805,4376,33,21,25375
0x408a76,77.686%,54,188,242,15,35,19,173
0x40340f,86.3636%,54,342,396,342,10,44,0
0x4115c6,99.8194%,54,29845,29899,4472,33,21,25373
0x41043e,99.9252%,53,70823,70876,47187,16,37,23636
0x407455,86.6162%,53,343,396,343,9,44,0
0x40334d,86.6162%,53,343,396,343,9,44,0
0x411c1e,99.9794%,53,257775,257828,171648,32,21,86127
0x408b27,91.7058%,53,586,639,545,23,30,41
0x409c5b,87.7315%,53,379,432,262,26,27,117
0x41b3c3,98.0611%,52,2630,2682,2361,23,29,269
0x40eaeb,75.9259%,52,164,216,164,28,24,0
0x4048c9,86.8687%,52,344,396,342,10,42,2
0x40f2a3,98.8551%,52,4490,4542,3009,24,28,1481
0x401f94,45.7447%,51,43,94,34,16,35,9
0x40ea3f,45.7447%,51,43,94,1,23,28,42
0x41155e,99.9802%,51,257586,257637,171565,21,30,86021
0x40e71d,99.3302%,51,7563,7614,6754,14,37,809
0x40ca76,91.5423%,51,552,603,327,11,40,225
0x40ca1a,86.5079%,51,327,378,308,28,23,19
0x40d914,85.755%,50,301,351,288,24,26,13
0x410ef9,99.8864%,50,43956,44006,43900,4,46,56
0x408874,99.5509%,50,11083,11133,9883,13,37,1200
0x412853,99.7247%,50,18114,18164,133,35,15,17981
0x40f745,63.7037%,49,86,135,76,16,33,10
0x40369c,95.903%,49,1147,1196,1147,9,40,0
0x407a87,72.6257%,49,130,179,78,25,24,52
0x40c9a2,96.9279%,49,1546,1595,1546,7,42,0
0x4177e0,86.6667%,48,312,360,312,8,40,0
0x40afcd,96.9906%,48,1547,1595,1547,6,42,0
0x40acb8,99.9628%,48,129147,129195,114836,4,44,14311
0x41199e,99.9814%,48,258137,258185,171881,13,35,86256
0x40ca7a,82.2642%,47,218,265,128,26,21,90
0x406d2d,83.9041%,47,245,292,242,14,33,3
0x408b14,53.4653%,47,54,101,13,17,30,41
0x40e9f4,99.9314%,47,68479,68526,60895,17,30,7584
0x40e792,94.1975%,47,763,810,708,12,35,55
0x407aff,67.3759%,46,95,141,84,8,38,11
0x40cf0a,95.4365%,46,962,1008,882,14,32,80
0x40621c,80.7692%,45,189,234,189,19,26,0
0x409df7,89.5833%,45,387,432,369,15,30,18
0x41330e,99.8734%,45,35514,35559,23673,33,12,11841
0x403e6c,88.6364%,45,351,396,351,1,44,0
0x403545,98.7654%,44,3520,3564,3158,10,34,362
0x4177a3,87.7778%,44,316,360,310,10,34,6
0x4126d1,82.3045%,43,200,243,200,16,27,0
0x40d8e0,85.9016%,43,262,305,262,4,39,0
0x41621d,80.0926%,43,173,216,167,25,18,6
0x41088e,99.9662%,43,127223,127266,84767,15,28,42456
0x417904,87.156%,42,285,327,284,10,32,1
0x41322c,99.7413%,42,16191,16233,4354,26,16,11837
0x4179e3,81.3333%,42,183,225,140,12,30,43
0x40f6a1,51.7647%,41,44,85,22,27,14,22
0x41249e,99.9389%,41,67090,67131,44625,9,32,22465
0x412c00,99.7741%,41,18109,18150,5318,23,18,12791
0x4013c2,73.2026%,41,112,153,108,26,15,4
0x4055be,85.5556%,39,231,270,224,16,23,7
0x409582,83.3333%,39,195,234,195,13,26,0
0x4019c5,81.9444%,39,177,216,177,15,24,0
0x415107,82.4074%,38,178,216,178,14,24,0
0x40f578,83.1111%,38,187,225,185,12,26,2
0x40d1cf,88.8889%,38,304,342,291,13,25,13
0x406932,83.7607%,38,196,234,196,12,26,0
0x408bb9,63.3663%,37,64,101,36,15,22,28
0x40561d,86.2963%,37,233,270,233,7,30,0
0x40f124,85.1852%,36,207,243,206,10,26,1
0x415166,83.3333%,36,180,216,180,12,24,0
0x41344e,99.7202%,36,12831,12867,8555,23,13,4276
0x409c20,84.9372%,36,203,239,0,17,19,203
0x4057c6,72.7273%,36,96,132,83,5,31,13
0x401dd6,99.1472%,35,4069,4104,2716,20,15,1353
0x413d30,83.7963%,35,181,216,181,11,24,0
0x409d5f,94.5736%,35,610,645,575,8,27,35
0x412372,99.9094%,35,38608,38643,25752,10,25,12856
0x41292e,99.9476%,35,66739,66774,44398,22,13,22341
0x40f2f5,56.7901%,35,46,81,5,25,10,41
0x411d8e,99.9871%,34,263680,263714,175604,14,20,88076
0x413ff5,84.2593%,34,182,216,182,10,24,0
0x46fe4f,64.5833%,34,62,96,62,10,24,0
0x40a8ad,85.4701%,34,200,234,200,8,26,0
0x40bcdd,99.791%,34,16235,16269,10996,11,23,5239
0x4124f6,99.7552%,34,13857,13891,3998,25,9,9859
0x40d1a3,84.3318%,34,183,217,169,10,24,14
0x4073aa,85.4701%,34,200,234,200,8,26,0
0x4056cd,73.0159%,34,92,126,91,21,13,1
0x402971,73.0159%,34,92,126,92,20,14,0
0x4117ee,99.9872%,33,257247,257280,171369,3,30,85878
0x405360,78.5235%,32,117,149,105,13,19,12
0x41139e,99.9799%,32,159111,159143,105990,11,21,53121
0x40f3b3,57.8947%,32,44,76,38,21,11,6
0x414d9b,33.3333%,32,16,48,15,9,23,1
0x41789f,73.1092%,32,87,119,78,2,30,9
0x403273,77.7778%,32,112,144,82,30,2,30
0x401b2c,85.6481%,31,185,216,185,7,24,0
0x4014f2,79.7386%,31,122,153,122,29,2,0
0x40c9ff,87.8431%,31,224,255,73,20,11,151
0x40b995,53.0303%,31,35,66,0,7,24,35
0x401e2c,85.6481%,31,185,216,185,7,24,0
0x401420,79.7386%,31,122,153,120,16,15,2
0x412bae,99.983%,31,182356,182387,121372,4,27,60984
0x413c8f,78.4722%,31,113,144,67,29,2,46
0x40469d,86.7521%,31,203,234,203,5,26,0
0x406b46,99.373%,30,4755,4785,3180,10,20,1575
0x4134b7,99.7242%,30,10848,10878,5107,10,20,5741
0x40b24f,87.1795%,30,204,234,204,4,26,0
0x40eb1b,86.1111%,30,186,216,186,6,24,0
0x40e8c0,86.1111%,30,186,216,186,6,24,0
0x4064d8,53.125%,30,34,64,2,14,16,32
0x40bae1,87.1795%,30,204,234,204,4,26,0
0x402f3f,79.1667%,30,114,144,109,19,11,5
0x402c5c,98.8885%,30,2669,2699,0,0,30,2669
0x4106ce,99.9589%,29,70490,70519,46986,3,26,23504
0x40eb6a,86.5741%,29,187,216,187,5,24,0
0x417892,91.8768%,29,328,357,227,11,18,101
0x40571c,76.9841%,29,97,126,97,15,14,0
0x414025,86.5741%,29,187,216,187,5,24,0
0x40bf9f,99.9176%,29,35152,35181,31271,1,28,3881
0x406d49,71%,29,71,100,18,17,12,53
0x4130fe,99.852%,29,19572,19601,4439,19,10,15133
0x402942,76.9841%,29,97,126,88,10,19,9
0x41058d,99.9171%,29,34969,34998,17476,23,6,17493
0x415d96,94.1414%,29,466,495,327,3,26,139
0x401412,81.6993%,28,125,153,122,14,14,3
0x410cee,99.9788%,28,132245,132273,88114,10,18,44131
0x4058c6,36.3636%,28,16,44,3,15,13,13
0x4030a2,80.5556%,28,116,144,94,18,10,22
0x40e936,87.5%,27,189,216,189,3,24,0
0x4109f2,99.7936%,27,13056,13083,8710,12,15,4346
0x40135c,82.3529%,27,126,153,126,10,17,0
0x40f59e,59.375%,26,38,64,31,7,19,7
0x401aef,87.963%,26,190,216,190,2,24,0
0x414055,87.963%,26,190,216,185,7,19,5
0x40f1da,89.3004%,26,217,243,206,10,16,11
0x408b40,76.1468%,26,83,109,57,14,12,26
0x406b35,99.8189%,26,14329,14355,9553,17,9,4776
0x4013d0,83.0065%,26,127,153,127,9,17,0
0x41260c,99.8981%,25,24506,24531,13975,22,3,10531
0x40b570,99.9806%,25,129170,129195,114834,6,19,14336
0x4155e6,99.8571%,25,17471,17496,11652,12,13,5819
0x412f5e,99.9672%,25,76163,76188,50777,15,10,25386
0x403284,82.6389%,25,119,144,74,22,3,45
0x4155fc,99.5713%,25,5807,5832,3875,13,12,1932
0x411e06,99.8931%,24,22434,22458,4550,11,13,17884
0x403111,83.3333%,24,120,144,118,10,14,2
0x402ea9,88.8889%,24,192,216,192,5,19,0
0x40db5c,87.5%,24,168,192,168,0,24,0
0x40d920,38.4615%,24,15,39,1,18,6,14
0x4015d6,88.8889%,24,192,216,192,0,24,0
0x417931,91.1439%,24,247,271,241,2,22,6
0x40af3a,99.8398%,23,14332,14355,12756,4,19,1576
0x4047cd,78.7037%,23,85,108,85,11,12,0
0x402eb9,84.9673%,23,130,153,0,3,20,130
0x4175a4,57.4074%,23,31,54,29,19,4,2
0x40d414,88.0208%,23,169,192,166,2,21,3
0x414e6e,89.8148%,22,194,216,192,0,22,2
0x407460,50%,22,22,44,2,16,6,20
0x40b034,47.619%,22,20,42,2,1,21,18
0x40f315,42.1053%,22,16,38,11,8,14,5
0x40d8db,99.1985%,22,2723,2745,2432,8,14,291
0x40b8ec,66.6667%,22,44,66,8,17,5,36
0x40e7ee,76.5957%,22,72,94,62,8,14,10
0x40573c,82.5397%,22,104,126,104,8,14,0
0x4141b4,69.4444%,22,50,72,42,6,16,8
0x401d72,95.1754%,22,434,456,0,0,22,434
0x40ff91,99.879%,22,18165,18187,0,0,22,18165
0x413caa,54.1667%,22,26,48,15,9,13,11
0x406b8b,99.8467%,22,14333,14355,12753,7,15,1580
0x413619,56.25%,21,27,48,10,14,7,17
0x409d0d,95.0704%,21,405,426,0,4,17,405
0x402819,85.8108%,21,127,148,117,16,5,10
0x40ea8d,70%,21,49,70,0,0,21,49
0x41059e,99.88%,21,17478,17499,11652,14,7,5826
0x4116c2,99.9724%,21,76161,76182,50777,11,10,25384
0x40e662,97.5177%,21,825,846,559,5,16,266
0x402842,83.3333%,21,105,126,105,7,14,0
0x41267d,99.9185%,20,24511,24531,24503,1,19,8
0x407606,91.453%,20,214,234,0,0,20,214
0x40150f,60.7843%,20,31,51,23,11,9,8
0x40aada,99.8607%,20,14335,14355,12750,10,10,1585
0x40e0c5,44.4444%,20,16,36,7,3,17,9
0x404385,66.1017%,20,39,59,0,6,14,39
0x402d90,96.732%,20,592,612,396,12,8,196
0x410f8e,99.9848%,20,131896,131916,87903,7,13,43993
0x40cc13,54.5455%,20,24,44,0,20,0,24
0x40288f,84.127%,20,106,126,105,7,13,1
0x409d75,67.7419%,20,42,62,37,17,3,5
0x414202,60.4167%,19,29,48,22,2,17,7
0x412832,99.9225%,19,24485,24504,6334,7,12,18151
0x413770,60.4167%,19,29,48,0,0,19,29
0x40f309,61.2245%,19,30,49,4,7,12,26
0x4056ff,84.9206%,19,107,126,107,5,14,0
0x40e79e,78.8889%,19,71,90,71,9,10,0
0x403290,60.4167%,19,29,48,29,3,16,0
0x415da7,88.4848%,19,146,165,101,9,10,45
0x40d19e,99.0271%,19,1934,1953,1726,10,9,208
0x409d32,95.7871%,19,432,451,0,0,19,432
0x40f3c7,17.3913%,19,4,23,1,0,19,3
0x4047fc,82.4074%,19,89,108,89,7,12,0
0x41ad47,99.9913%,19,218621,218640,196771,5,14,21850
0x417924,93.1159%,19,257,276,0,5,14,257
0x41ae54,99.9565%,19,43709,43728,21852,12,7,21857
0x4030b3,86.8056%,19,125,144,84,12,7,41
0x405638,36.6667%,19,11,30,10,4,15,1
0x40f57e,35.7143%,18,10,28,8,11,7,2
0x411eee,99.9665%,18,53673,53691,35783,11,7,17890
0x402481,33.3333%,18,9,27,8,16,2,1
0x417a8b,61.7021%,18,29,47,27,14,4,2
0x402a03,85.7143%,18,108,126,97,1,17,11
0x40d1db,52.6316%,18,20,38,20,0,18,0
0x405c52,94.5946%,18,315,333,315,4,14,0
0x402950,85.7143%,18,108,126,108,4,14,0
0x40f6b1,50%,18,18,36,6,9,9,12
0x410e3d,99.9748%,18,71532,71550,35759,16,2,35773
0x411ffe,99.9932%,18,263339,263357,175395,9,9,87944
0x4024d1,33.3333%,18,9,27,8,16,2,1
0x402d9c,91.1765%,18,186,204,123,13,5,63
0x41298f,99.8693%,18,13753,13771,3963,12,6,9790
0x40e5c3,18.1818%,18,4,22,3,2,16,1
0x40b175,52.7778%,17,19,36,19,17,0,0
0x4040ae,99.4509%,17,3079,3096,0,0,17,3079
0x4031f5,64.5833%,17,31,48,31,1,16,0
0x40b394,99.8816%,17,14338,14355,12758,2,15,1580
0x40479d,84.2593%,17,91,108,91,5,12,0
0x417634,63.8298%,17,30,47,1,6,11,29
0x4029c1,86.5079%,17,109,126,109,3,14,0
0x408a81,91.1458%,17,175,192,173,5,12,2
0x410e52,99.9525%,17,35758,35775,23840,10,7,11918
0x40c8fb,99.9507%,17,34480,34497,30664,0,17,3816
0x41552b,99.7257%,16,5816,5832,0,0,16,5816
0x40302b,66.6667%,16,32,48,32,0,16,0
0x40de9b,99.7231%,16,5763,5779,0,0,16,5763
0x402900,87.3016%,16,110,126,109,3,13,1
0x414270,92.5926%,16,200,216,189,3,13,11
0x40a992,63.6364%,16,28,44,2,16,0,26
0x4030bf,66.6667%,16,32,48,23,9,7,9
0x40e243,20%,16,4,20,3,2,14,1
0x40b186,55.5556%,16,20,36,15,9,7,5
0x40f39f,81.6092%,16,71,87,58,9,7,13
0x40481c,86.1111%,15,93,108,93,3,12,0
0x407922,96.4706%,15,410,425,0,0,15,410
0x409960,99.8955%,15,14340,14355,12756,4,11,1584
0x4064c2,94.6809%,15,267,282,263,3,12,4
0x412a5f,99.949%,15,29373,29388,19584,8,7,9789
0x40faa7,72.2222%,15,39,54,39,9,6,0
0x40465d,93.5897%,15,219,234,205,3,12,14
0x41127e,99.9693%,14,45631,45645,30422,8,6,15209
0x4035c3,99.5572%,14,3148,3162,0,0,14,3148
0x405672,0%,14,0,14,0,14,0,0
0x4116ad,99.9908%,14,152350,152364,76178,4,10,76172
0x40f2ff,72.549%,14,37,51,0,2,12,37
0x4023e2,48.1481%,14,13,27,10,11,3,3
0x4024c3,48.1481%,14,13,27,10,11,3,3
0x402102,96.4646%,14,382,396,0,0,14,382
0x405c98,69.5652%,14,32,46,0,13,1,32
0x406dfc,41.6667%,14,10,24,2,6,8,8
0x40f3d1,36.3636%,14,8,22,1,12,2,7
0x41308d,99.9908%,14,151918,151932,75954,12,2,75964
0x4157c7,99.7599%,14,5818,5832,3878,10,4,1940
0x4046ad,46.1538%,14,12,26,12,0,14,0
0x4179f0,80.8219%,14,59,73,47,2,12,12
0x402289,89.6296%,14,121,135,121,11,3,0
0x402a11,88.8889%,14,112,126,112,0,14,0
0x40b2cf,99.3827%,13,2093,2106,0,0,13,2093
0x4064e7,72.9167%,13,35,48,35,13,0,0
0x412f4d,99.9915%,13,152363,152376,76184,4,9,76179
0x406e45,63.8889%,13,23,36,23,9,4,0
0x40f5bb,62.8571%,13,22,35,5,4,9,17
0x4132fd,99.9817%,13,71105,71118,35551,8,5,35554
0x401b08,45.8333%,13,11,24,0,0,13,11
0x4086f3,94.4444%,13,221,234,0,0,13,221
0x4173d4,51.8519%,13,14,27,14,7,6,0
0x410645,99.9448%,13,23517,23530,23454,5,8,63
0x4098af,99.185%,13,1582,1595,0,0,13,1582
0x408b81,81.6901%,13,58,71,58,6,7,0
0x40b1a9,60.6061%,13,20,33,0,0,13,20
0x415b4a,76.3636%,13,42,55,42,13,0,0
0x4028b4,14.2857%,12,2,14,0,0,12,2
0x40f5dd,40%,12,8,20,1,11,1,7
0x40b0fc,0%,12,0,12,0,0,12,0
0x405823,72.7273%,12,32,44,0,0,12,32
0x40e67f,95.7447%,12,270,282,186,2,10,84
0x405d4d,66.6667%,12,24,36,24,8,4,0
0x40b0eb,71.4286%,12,30,42,29,1,11,1
0x408ba2,80.9524%,12,51,63,51,5,7,0
0x40f446,75%,12,36,48,0,0,12,36
0x409bb7,99.9258%,12,16161,16173,14370,6,6,1791
0x40cb1f,84.6154%,12,66,78,47,5,7,19
0x40eb0d,94.4444%,12,204,216,0,0,12,204
0x40e066,99.8548%,11,7567,7578,7567,4,7,0
0x4179d3,95.1965%,11,218,229,0,4,7,218
0x40e73a,88.2979%,11,83,94,3,7,4,80
0x40b9fe,93.7853%,11,166,177,109,9,2,57
0x406ddb,59.2593%,11,16,27,3,0,11,13
0x40e460,99.8551%,11,7578,7589,0,0,11,7578
0x409da6,84.7222%,11,61,72,61,3,8,0
0x405b1e,99.1086%,11,1223,1234,0,0,11,1223
0x40f3a4,45%,11,9,20,7,2,9,2
0x4178f3,96.6967%,11,322,333,0,6,5,322
0x40f5ce,57.6923%,11,15,26,0,6,5,15
0x41b449,99.5899%,11,2671,2682,1779,9,2,892
0x46fe98,97.7778%,11,484,495,0,0,11,484
0x4125f2,99.9628%,11,29593,29604,19732,4,7,9861
0x40401c,97.4747%,10,386,396,0,0,10,386
0x40af66,99.373%,10,1585,1595,0,0,10,1585
0x402ece,93.3333%,10,140,150,134,0,10,6
0x405ca7,69.697%,10,23,33,23,9,1,0
0x40e5d4,41.1765%,10,7,17,3,9,1,4
0x41309e,99.9868%,10,75956,75966,50634,10,0,25322
0x414ffe,95.3704%,10,206,216,182,10,0,24
0x40199e,99.4856%,10,1934,1944,0,0,10,1934
0x40d5df,99.4213%,10,1718,1728,0,0,10,1718
0x46fdd3,99.4454%,10,1793,1803,0,0,10,1793
0x40474c,16.6667%,10,2,12,2,10,0,0
0x410961,99.9236%,10,13073,13083,13073,10,0,0
0x4023a2,62.963%,10,17,27,17,7,3,0
0x40f6d0,9.09091%,10,1,11,1,0,10,0
0x40f766,76.7442%,10,33,43,30,7,3,3
0x46fde4,99.5008%,9,1794,1803,72,3,6,1722
0x402754,99.6241%,9,2385,2394,0,0,9,2385
0x40b226,90.9091%,9,90,99,59,7,2,31
0x409924,99.9373%,9,14346,14355,9565,5,4,4781
0x4125dd,99.9848%,9,59199,59208,29596,8,1,29603
0x4146ca,97.9167%,9,423,432,280,8,1,143
0x40ba30,86.3636%,9,57,66,32,2,7,25
0x412cde,99.9766%,9,38418,38427,25615,3,6,12803
0x403b7d,75%,9,27,36,27,5,4,0
0x411aed,99.9941%,9,152799,152808,76399,5,4,76400
0x40f6c6,55%,9,11,20,1,8,1,10
0x401dbd,99.3421%,9,1359,1368,0,0,9,1359
0x41768b,77.5%,9,31,40,31,9,0,0
0x41739b,66.6667%,9,18,27,18,9,0,0
0x408a96,84%,8,42,50,0,0,8,42
0x407ac7,92%,8,92,100,92,2,6,0
0x40e0d5,69.2308%,8,18,26,1,6,2,17
0x41359e,99.9537%,8,17275,17283,11522,0,8,5753
0x401d08,98.2456%,8,448,456,0,0,8,448
0x407ae8,85.1852%,8,46,54,46,2,6,0
0x413640,83.3333%,8,40,48,0,0,8,40
0x40ba93,91.6667%,8,88,96,57,7,1,31
0x415016,66.6667%,8,16,24,16,8,0,0
0x4109dd,99.9694%,8,26158,26166,13079,4,4,13079
0x403d3d,11.1111%,8,1,9,0,8,0,1
0x410f62,99.9818%,8,43998,44006,0,0,8,43998
0x4129d1,99.9728%,8,29380,29388,29380,8,0,0
0x4105c3,99.973%,8,29652,29660,29652,8,0,0
0x4174d4,85.1852%,8,46,54,46,2,6,0
0x40ba41,75%,8,24,32,0,0,8,24
0x411b02,99.9895%,8,76396,76404,50931,5,3,25465
0x4031b9,83.3333%,8,40,48,0,0,8,40
0x412a4e,99.9864%,8,58768,58776,29384,4,4,29384
0x40450c,86.4407%,8,51,59,26,7,1,25
0x41774a,80%,8,32,40,32,8,0,0
0x417aab,74.0741%,7,20,27,20,4,3,0
0x410e10,99.9804%,7,35768,35775,0,0,7,35768
0x40c5ef,99.9797%,7,34490,34497,30662,2,5,3828
0x40b215,92.9293%,7,92,99,92,5,2,0
0x40b7f2,99.9512%,7,14348,14355,12756,4,3,1592
0x40da73,22.2222%,7,2,9,2,6,1,0
0x401f1b,99.1726%,7,839,846,0,0,7,839
0x401456,58.8235%,7,10,17,0,0,7,10
0x4045cf,73.0769%,7,19,26,0,0,7,19
0x403015,95.1389%,7,137,144,90,6,1,47
0x45a30d,99.9681%,7,21953,21960,0,0,7,21953
0x40aa14,99.6676%,7,2099,2106,0,0,7,2099
0x40e248,53.3333%,7,8,15,3,2,5,5
0x412176,99.0251%,7,711,718,0,0,7,711
0x402f6e,56.25%,7,9,16,0,0,7,9
0x402422,74.0741%,7,20,27,20,4,3,0
0x40d566,96.3542%,7,185,192,0,0,7,185
0x403bcd,80.5556%,7,29,36,29,3,4,0
0x405513,76.6667%,7,23,30,23,7,0,0
0x46fdac,99.6118%,7,1796,1803,1796,7,0,0
0x41ac79,99.9874%,7,55701,55708,55701,7,0,0
0x4031d6,95.1389%,7,137,144,89,7,0,48
0x4117bf,99.9919%,7,85901,85908,0,0,7,85901
0x408ba7,0%,7,0,7,0,0,7,0
0x417a22,75%,6,18,24,0,0,6,18
0x4131cd,99.9934%,6,90852,90858,45424,5,1,45428
0x406e1f,62.5%,6,10,16,8,4,2,2
0x40e1e5,99.921%,6,7592,7598,7592,1,5,0
0x40a95c,99.8316%,6,3558,3564,0,0,6,3558
0x411526,98.8372%,6,510,516,0,0,6,510
0x40e783,93.3333%,6,84,90,0,0,6,84
0x46fda7,99.6716%,6,1821,1827,97,2,4,1724
0x412c51,99.9844%,6,38421,38427,38421,6,0,0
0x401f30,99.9212%,6,7608,7614,0,0,6,7608
0x41b00c,97.9866%,6,292,298,0,0,6,292
0x41b15e,97.9866%,6,292,298,0,0,6,292
0x41153a,99.993%,6,86045,86051,0,0,6,86045
0x410406,95.8042%,6,137,143,0,0,6,137
0x41197a,99.993%,6,86285,86291,0,0,6,86285
0x4131ac,99.9868%,6,45423,45429,0,0,6,45423
0x40fd0d,0%,6,0,6,0,6,0,0
0x406e7a,77.7778%,6,21,27,20,4,2,1
0x40b0d9,94.8718%,6,111,117,78,0,6,33
0x40297e,57.1429%,6,8,14,0,0,6,8
0x40b198,85.7143%,6,36,42,9,0,6,27
0x40404a,98.4848%,6,390,396,0,0,6,390
0x41041a,99.9747%,6,23667,23673,0,0,6,23667
0x410e76,99.9889%,6,54124,54130,54124,6,0,0
0x40bcc9,99.8961%,6,5767,5773,0,0,6,5767
0x415cbb,96.3636%,6,159,165,0,0,6,159
0x40496a,98.4848%,6,390,396,0,0,6,390
0x40e9d8,99.2908%,6,840,846,0,0,6,840
0x45c37b,99.9727%,6,21954,21960,21954,6,0,0
0x41343d,99.9767%,6,25728,25734,12866,1,5,12862
0x417872,95%,6,114,120,0,0,6,114
0x40e17e,99.921%,6,7592,7598,0,0,6,7592
0x41af9a,97.9866%,6,292,298,0,0,6,292
0x41b015,97.9866%,6,292,298,0,0,6,292
0x407a7e,95.1456%,5,98,103,0,0,5,98
0x40f5ec,37.5%,5,3,8,0,4,1,3
0x41a4c0,89.5833%,5,43,48,43,5,0,0
0x403d0d,44.4444%,5,4,9,3,5,0,1
0x413418,99.9611%,5,12862,12867,0,0,5,12862
0x40541f,83.871%,5,26,31,1,0,5,25
0x403423,88.6364%,5,39,44,0,0,5,39
0x40bab6,94.7917%,5,91,96,64,0,5,27
0x411a71,99.9935%,5,76399,76404,76399,5,0,0
0x40f3dc,44.4444%,5,4,9,4,0,5,0
0x41ac53,99.9975%,5,196771,196776,111155,3,2,85616
0x40e568,99.9341%,5,7584,7589,7584,0,5,0
0x40e5c8,70.5882%,5,12,17,0,5,0,12
0x40e88d,97.6852%,5,211,216,0,0,5,211
0x40ae85,99.6865%,5,1590,1595,0,0,5,1590
0x413629,79.1667%,5,19,24,0,0,5,19
0x413566,99.9711%,5,17278,17283,0,0,5,17278
0x40d2da,72.2222%,5,13,18,0,0,5,13
0x40e0f5,82.7586%,5,24,29,24,5,0,0
0x41afda,98.3221%,5,293,298,293,5,0,0
0x41126d,99.9945%,5,91285,91290,45645,0,5,45640
0x40bc57,99.7626%,5,2101,2106,0,0,5,2101
0x406d96,44.4444%,5,4,9,4,2,3,0
0x41358d,99.9855%,5,34561,34566,17283,0,5,17278
0x4038a6,87.5%,5,35,40,23,4,1,12
0x4111e1,99.989%,5,45640,45645,45640,5,0,0
0x40e5fc,0%,5,0,5,0,5,0,0
0x40994d,99.6865%,5,1590,1595,0,0,5,1590
0x4109b0,99.9618%,5,13078,13083,0,0,5,13078
0x402d0d,92.6471%,5,63,68,0,0,5,63
0x409938,99.8955%,5,4780,4785,3187,3,2,1593
0x41306c,99.9934%,5,75961,75966,0,0,5,75961
0x4022b1,81.4815%,5,22,27,22,2,3,0
0x40d331,44.4444%,5,4,9,4,4,1,0
0x40eac7,97.6852%,5,211,216,0,0,5,211
0x411ac0,99.9948%,4,76400,76404,0,0,4,76400
0x411edd,99.9963%,4,107378,107382,53688,3,1,53690
0x46fe67,95.9596%,4,95,99,0,0,4,95
0x40e59e,20%,4,1,5,0,0,4,1
0x412ac8,99.994%,4,66225,66229,0,0,4,66225
0x40b0c8,96.5812%,4,113,117,113,2,2,0
0x40e9e3,99.9475%,4,7610,7614,0,0,4,7610
0x41b26f,98.6577%,4,294,298,294,4,0,0
0x415548,99.9314%,4,5828,5832,0,0,4,5828
0x412ccd,99.9948%,4,76850,76854,38423,4,0,38427
0x4152f8,99.7942%,4,1940,1944,0,0,4,1940
0x401cbf,99.1228%,4,452,456,0,0,4,452
0x40dd9d,95.7447%,4,90,94,0,0,4,90
0x40b15b,88.8889%,4,32,36,23,1,3,9
0x417424,33.3333%,4,2,6,0,0,4,2
0x40dfee,99.9472%,4,7574,7578,0,0,4,7574
0x41a615,99.0741%,4,428,432,0,0,4,428
0x415435,99.7942%,4,1940,1944,0,0,4,1940
0x403af3,0%,4,0,4,0,0,4,0
0x458d63,99.9818%,4,21956,21960,0,0,4,21956
0x412e2e,99.9925%,4,53471,53475,35649,1,3,17822
0x40f6e7,50%,4,4,8,4,0,4,0
0x409912,99.9164%,4,4781,4785,0,0,4,4781
0x4174dd,33.3333%,4,2,6,2,4,0,0
0x4125b0,99.9865%,4,29600,29604,0,0,4,29600
0x4026aa,98.9899%,4,392,396,0,0,4,392
0x40d001,96.4286%,4,108,112,0,0,4,108
0x41056d,99.9771%,4,17495,17499,0,0,4,17495
0x41abe6,99.9909%,4,43724,43728,21860,4,0,21864
0x40ba21,97.7401%,4,173,177,114,4,0,59
0x406b23,99.9164%,4,4781,4785,0,0,4,4781
0x41b506,98.6577%,4,294,298,294,4,0,0
0x407973,99.1786%,4,483,487,483,0,4,0
0x4128ef,98.6111%,4,284,288,0,0,4,284
0x45c9ca,99.9818%,4,21956,21960,0,0,4,21956
0x40232f,85.1852%,4,23,27,23,1,3,0
0x40b324,99.7492%,4,1591,1595,0,0,4,1591
0x411631,99.9947%,4,76178,76182,76178,4,0,0
0x40b975,96.748%,4,119,123,119,2,2,0
0x40bfcb,99.8977%,4,3905,3909,0,0,4,3905
0x414726,97.2222%,4,140,144,0,0,4,140
0x407aab,96.9466%,4,127,131,0,3,1,127
0x4110f6,98.8732%,4,351,355,0,0,4,351
0x40d546,97.9167%,4,188,192,0,0,4,188
0x408b4b,89.4737%,4,34,38,0,0,4,34
0x405a0a,98.2906%,4,230,234,0,0,4,230
0x40f7d4,92.5926%,4,50,54,48,0,4,2
0x417aca,0%,3,0,3,0,3,0,0
0x406e5a,25%,3,1,4,0,2,1,1
0x405d59,25%,3,1,4,1,2,1,0
0x4097f3,99.8119%,3,1592,1595,0,0,3,1592
0x407aed,50%,3,3,6,0,0,3,3
0x46fed8,96.9697%,3,96,99,72,3,0,24
0x409845,99.8119%,3,1592,1595,0,0,3,1592
0x410856,98.3871%,3,183,186,0,0,3,183
0x4023f0,88.8889%,3,24,27,24,0,3,0
0x411f12,99.9968%,3,93692,93695,93692,3,0,0
0x40633a,98.7179%,3,231,234,0,0,3,231
0x415813,99.635%,3,819,822,0,0,3,819
0x40b1fb,96.9697%,3,96,99,63,3,0,33
0x40f3f5,0%,3,0,3,0,0,3,0
0x4014d7,94.1176%,3,48,51,0,0,3,48
0x4116e9,99.997%,3,99424,99427,99424,3,0,0
0x40cbc8,99.2424%,3,393,396,0,0,3,393
0x417882,99.162%,3,355,358,0,1,2,355
0x45c3bb,99.9863%,3,21957,21960,0,0,3,21957
0x41afa6,98.9933%,3,295,298,0,0,3,295
0x40534a,97.9866%,3,146,149,0,0,3,146
0x406e51,25%,3,1,4,1,1,2,0
0x403b1f,25%,3,1,4,1,3,0,0
0x402349,0%,3,0,3,0,0,3,0
0x40d127,99.2042%,3,374,377,0,0,3,374
0x402435,0%,3,0,3,0,0,3,0
0x4086b8,98.7179%,3,231,234,0,0,3,231
0x46fdbc,99.8336%,3,1800,1803,1800,3,0,0
0x402688,99.2424%,3,393,396,0,0,3,393
0x41b250,99.4966%,3,593,596,0,0,3,593
0x403bf5,0%,3,0,3,0,0,3,0
0x40e984,96.8085%,3,91,94,0,0,3,91
0x40eb20,87.5%,3,21,24,0,0,3,21
0x41b0d7,98.9933%,3,295,298,0,0,3,295
0x41086a,99.9929%,3,42481,42484,0,0,3,42481
0x40f5a8,88.4615%,3,23,26,0,0,3,23
0x40631e,98.7179%,3,231,234,0,0,3,231
0x40c2a3,99.9915%,3,35178,35181,31270,2,1,3908
0x410689,95.7746%,3,68,71,0,0,3,68
0x403d7c,66.6667%,3,6,9,6,2,1,0
0x41578e,99.9486%,3,5829,5832,0,0,3,5829
0x40b0a6,97.4359%,3,114,117,78,0,3,36
0x40e44b,99.9605%,3,7586,7589,0,0,3,7586
0x4063f0,99.7575%,3,1234,1237,0,0,3,1234
0x4131de,99.9934%,3,45426,45429,30285,1,2,15141
0x41069d,99.9873%,3,23527,23530,0,0,3,23527
0x40b986,97.561%,3,120,123,80,2,1,40
0x403266,93.75%,3,45,48,0,0,3,45
0x417792,99.1667%,3,357,360,0,0,3,357
0x406e97,66.6667%,3,6,9,6,2,1,0
0x40da4a,85%,3,17,20,17,2,1,0
0x40219c,99.8746%,3,2390,2393,0,0,3,2390
0x40eab8,87.5%,3,21,24,0,0,3,21
0x458d97,99.9863%,3,21957,21960,0,0,3,21957
0x402297,88.8889%,3,24,27,0,0,3,24
0x40e5ba,70%,3,7,10,0,0,3,7
0x41afe7,98.9933%,3,295,298,295,3,0,0
0x40b5a7,99.8119%,3,1592,1595,0,0,3,1592
0x40e25c,80%,3,12,15,12,3,0,0
0x40ca7f,99.3318%,3,446,449,446,3,0,0
0x41b4e4,99.8742%,3,2381,2384,2381,3,0,0
0x41b181,98.9933%,3,295,298,295,3,0,0
0x41b16f,98.9933%,3,295,298,0,0,3,295
0x40c35d,99.9373%,3,4782,4785,0,0,3,4782
0x403a3a,95%,2,38,40,34,2,0,4
0x41b178,99.3289%,2,296,298,0,0,2,296
0x46fe6e,97.9798%,2,97,99,0,0,2,97
0x415cdf,98.7879%,2,163,165,0,0,2,163
0x406d65,96.9231%,2,63,65,63,1,1,0
0x407641,99.1453%,2,232,234,0,0,2,232
0x406e6a,0%,2,0,2,0,2,0,0
0x45c38c,99.9909%,2,21958,21960,0,0,2,21958
0x412f2c,99.9974%,2,76186,76188,0,0,2,76186
0x40c927,99.9478%,2,3831,3833,0,0,2,3831
0x412e1d,99.9981%,2,106948,106950,53475,0,2,53473
0x4156eb,99.9657%,2,5830,5832,0,0,2,5830
0x40e752,80%,2,8,10,0,0,2,8
0x415bf8,96.3636%,2,53,55,53,2,0,0
0x40cb72,95.4545%,2,42,44,0,0,2,42
0x411eba,99.9963%,2,53689,53691,0,0,2,53689
0x40dde9,99.7636%,2,844,846,0,0,2,844
0x411b29,99.998%,2,99684,99686,99684,2,0,0
0x4073bd,95.4545%,2,42,44,0,0,2,42
0x4133c1,99.9845%,2,12865,12867,12865,2,0,0
0x410504,99.9886%,2,17497,17499,17497,2,0,0
0x41795b,92.8571%,2,26,28,0,0,2,26
0x405879,99.4949%,2,394,396,0,0,2,394
0x413f9b,91.6667%,2,22,24,22,2,0,0
0x4177d3,99.4444%,2,358,360,0,0,2,358
0x40ca04,99.2982%,2,283,285,283,2,0,0
0x4173dd,66.6667%,2,4,6,4,2,0,0
0x40b9a6,96.6102%,2,57,59,0,0,2,57
0x45c9ec,99.9909%,2,21958,21960,21958,2,0,0
0x401325,88.2353%,2,15,17,0,0,2,15
0x41b2ab,99.3289%,2,296,298,0,0,2,296
0x40f60f,50%,2,2,4,0,1,1,2
0x40e91b,99.0741%,2,214,216,0,0,2,214
0x410dc1,99.9944%,2,35773,35775,35773,2,0,0
0x412b69,99.6904%,2,644,646,0,0,2,644
0x414135,97.2222%,2,70,72,47,1,1,23
0x40f258,99.3994%,2,331,333,0,0,2,331
0x41b46f,99.7763%,2,892,894,0,0,2,892
0x41b25d,99.6644%,2,594,596,298,0,2,296
0x40351d,99.4949%,2,394,396,0,0,2,394
0x40563c,87.5%,2,14,16,0,0,2,14
0x410cb6,98.8506%,2,172,174,0,0,2,172
0x4179c4,97.4026%,2,75,77,0,0,2,75
0x458d85,99.9909%,2,21958,21960,0,0,2,21958
0x41a558,95.8333%,2,46,48,0,0,2,46
0x416240,91.6667%,2,22,24,0,0,2,22
0x4157d5,99.8971%,2,1942,1944,0,0,2,1942
0x41b4df,99.7763%,2,892,894,298,0,2,594
0x458da8,99.9909%,2,21958,21960,0,0,2,21958
0x403dac,77.7778%,2,7,9,7,1,1,0
0x4141ca,91.6667%,2,22,24,22,2,0,0
0x46fe2a,97.9798%,2,97,99,73,2,0,24
0x41235d,99.9974%,2,77284,77286,38642,1,1,38642
0x40bd0d,99.9582%,2,4783,4785,0,0,2,4783
0x40acef,99.8746%,2,1593,1595,0,0,2,1593
0x408b65,98.7654%,2,160,162,0,0,2,160
0x45c353,99.9909%,2,21958,21960,0,0,2,21958
0x40ce88,99.8843%,2,1726,1728,0,0,2,1726
0x411966,99.7093%,2,686,688,0,0,2,686
0x412b7d,99.9967%,2,61009,61011,0,0,2,61009
0x406b4e,99.8746%,2,1593,1595,0,0,2,1593
0x40742e,99.9439%,2,3562,3564,0,0,2,3562
0x412a20,99.9932%,2,29386,29388,0,0,2,29386
0x40f583,77.7778%,2,7,9,7,2,0,0
0x41b22e,99.3289%,2,296,298,296,2,0,0
0x40f6da,80%,2,8,10,0,2,0,8
0x406b57,99.8746%,2,1593,1595,0,0,2,1593
0x40f3eb,80%,1,4,5,1,1,0,3
0x40cbd8,99.9719%,1,3563,3564,0,0,1,3563
0x40ba10,99.435%,1,176,177,176,1,0,0
0x40d336,0%,1,0,1,0,1,0,0
0x41aaec,99.9954%,1,21863,21864,0,0,1,21863
0x40b95b,99.187%,1,122,123,82,0,1,40
0x41adab,99.9994%,1,174911,174912,174911,1,0,0
0x40a8f6,97.7273%,1,43,44,0,0,1,43
0x407a92,98.6842%,1,75,76,0,0,1,75
0x40b81e,99.9373%,1,1594,1595,0,0,1,1594
0x41b59e,99.6644%,1,297,298,0,0,1,297
0x40883c,99.9192%,1,1236,1237,0,0,1,1236
0x403bdd,75%,1,3,4,0,1,0,3
0x408a04,99.7543%,1,406,407,406,1,0,0
0x404aa0,99.7475%,1,395,396,0,0,1,395
0x41b4b7,99.6644%,1,297,298,297,1,0,0
0x41b1d8,99.6644%,1,297,298,0,0,1,297
0x41b124,99.6644%,1,297,298,297,1,0,0
0x40da23,95%,1,19,20,0,0,1,19
0x40e705,99.8818%,1,845,846,0,0,1,845
0x40e898,99.9486%,1,1943,1944,0,0,1,1943
0x408b38,98.5915%,1,70,71,0,0,1,70
0x415c10,98.1818%,1,54,55,0,0,1,54
0x4157b6,99.9943%,1,17495,17496,11663,1,0,5832
0x413b86,99.3056%,1,143,144,0,0,1,143
0x411fdd,99.9989%,1,87952,87953,0,0,1,87952
0x41ab0a,99.9954%,1,21863,21864,0,0,1,21863
0x402828,99.2126%,1,126,127,0,1,0,126
0x405d91,83.3333%,1,5,6,5,0,1,0
0x415db0,98.1818%,1,54,55,54,1,0,0
0x41124a,99.9978%,1,45644,45645,0,0,1,45644
0x408410,99.919%,1,1233,1234,0,0,1,1233
0x405d67,50%,1,1,2,1,0,1,0
0x4122e1,99.9974%,1,38642,38643,38642,1,0,0
0x40311e,93.75%,1,15,16,0,0,1,15
0x45c9e3,99.9954%,1,21959,21960,0,0,1,21959
0x409ced,99.8459%,1,648,649,0,0,1,648
0x407413,99.7475%,1,395,396,0,0,1,395
0x40f3b8,94.1176%,1,16,17,5,0,1,11
0x411fc9,99.8008%,1,501,502,0,0,1,501
0x411bef,99.9988%,1,86147,86148,0,0,1,86147
0x41a667,97.9167%,1,47,48,47,1,0,0
0x40b73d,99.9373%,1,1594,1595,0,0,1,1594
0x410b02,99.9976%,1,42340,42341,0,0,1,42340
0x40d31a,0%,1,0,1,0,0,1,0
0x413011,99.9987%,1,75965,75966,75965,1,0,0
0x413151,99.9978%,1,45428,45429,45428,1,0,0
0x410cca,99.9977%,1,44148,44149,0,0,1,44148
0x41218a,99.9984%,1,61153,61154,0,0,1,61153
0x40d761,99.1228%,1,113,114,0,0,1,113
0x412ed1,99.9987%,1,76187,76188,76187,1,0,0
0x40a94c,99.7475%,1,395,396,0,0,1,395
0x411d6a,99.9989%,1,88095,88096,0,0,1,88095
0x4112a5,99.9984%,1,62604,62605,62604,1,0,0
0x458e39,99.9954%,1,21959,21960,0,0,1,21959
0x40d308,94.4444%,1,17,18,17,0,1,0
0x45a235,99.9954%,1,21959,21960,0,0,1,21959
0x405d1b,83.3333%,1,5,6,1,1,0,4
0x412ca6,99.9974%,1,38426,38427,0,0,1,38426
0x4132d8,99.9972%,1,35558,35559,0,0,1,35558
0x413795,97.9167%,1,47,48,0,0,1,47
0x401394,94.1176%,1,16,17,0,0,1,16
0x46fdfa,99.9445%,1,1802,1803,1802,1,0,0
0x458e2f,99.9954%,1,21959,21960,21959,1,0,0
0x40eb00,95.8333%,1,23,24,0,0,1,23
0x417a0c,95.8333%,1,23,24,0,0,1,23
0x40eacf,99.9486%,1,1943,1944,0,0,1,1943
0x45a255,99.9954%,1,21959,21960,0,0,1,21959
0x410aeb,99.1228%,1,113,114,0,0,1,113
0x40c623,99.9739%,1,3832,3833,0,0,1,3832
0x413cc5,95.8333%,1,23,24,0,0,1,23
0x41a5b1,97.9167%,1,47,48,0,0,1,47
0x411d56,99.8258%,1,573,574,0,0,1,573
0x41a530,97.9167%,1,47,48,0,0,1,47
0x41b281,99.6644%,1,297,298,297,1,0,0
0x458d6d,99.9954%,1,21959,21960,0,0,1,21959
0x41a5a2,97.9167%,1,47,48,47,1,0,0
0x40f6bb,95.2381%,1,20,21,0,1,0,20
0x40da5c,0%,1,0,1,0,0,1,0
0x405429,96.7742%,1,30,31,0,1,0,30
0x410f4b,99.0196%,1,101,102,0,0,1,101
0x40588e,100%,0,3564,3564,0,0,0,3564
0x40c33a,100%,0,1595,1595,0,0,0,1595
0x40eb72,100%,0,24,24,24,0,0,0
0x4154b6,100%,0,1944,1944,0,0,0,1944
0x40c57a,100%,0,3833,3833,0,0,0,3833
0x40da78,100%,0,1,1,1,0,0,0
0x4155bf,100%,0,5832,5832,0,0,0,5832
0x408452,100%,0,1234,1234,1234,0,0,0
0x403c9f,100%,0,1,1,1,0,0,0
0x40d866,100%,0,564,564,0,0,0,564
0x41b116,100%,0,298,298,298,0,0,0
0x40c9a6,100%,0,42,42,0,0,0,42
0x4045fd,100%,0,26,26,26,0,0,0
0x412df6,100%,0,53475,53475,0,0,0,53475
0x40f3a9,100%,0,11,11,11,0,0,0
0x412821,100%,0,27,27,0,0,0,27
0x41b2b6,100%,0,298,298,298,0,0,0
0x406abd,100%,0,1595,1595,0,0,0,1595
0x40cdff,100%,0,192,192,0,0,0,192
0x4079c7,100%,0,49,49,0,0,0,49
0x40ce17,100%,0,192,192,0,0,0,192
0x415dd8,100%,0,165,165,0,0,0,165
0x4045e0,100%,0,26,26,0,0,0,26
0x40ca20,100%,0,1553,1553,0,0,0,1553
0x415d63,100%,0,165,165,0,0,0,165
0x40e8d2,100%,0,24,24,0,0,0,24
0x41b0e0,100%,0,298,298,0,0,0,298
0x415707,100%,0,5832,5832,0,0,0,5832
0x41a512,100%,0,48,48,0,0,0,48
0x41b596,100%,0,298,298,0,0,0,298
0x41b3d7,100%,0,298,298,298,0,0,0
0x40e74b,100%,0,10,10,0,0,0,10
0x45c3d0,100%,0,21960,21960,0,0,0,21960
0x4033d1,100%,0,3564,3564,0,0,0,3564
0x413fa9,100%,0,24,24,0,0,0,24
0x40f402,100%,0,3,3,3,0,0,0
0x412561,100%,0,29604,29604,29604,0,0,0
0x41470a,100%,0,144,144,0,0,0,144
0x41ac15,100%,0,21864,21864,0,0,0,21864
0x41aafc,100%,0,21864,21864,0,0,0,21864
0x41a475,100%,0,48,48,0,0,0,48
0x41a4bb,100%,0,48,48,0,0,0,48
0x4046b5,100%,0,14,14,0,0,0,14
0x41a522,100%,0,48,48,0,0,0,48
0x40aa69,100%,0,1595,1595,0,0,0,1595
0x41a594,100%,0,48,48,0,0,0,48
0x411bdb,100%,0,616,616,0,0,0,616
0x41136b,100%,0,283,283,0,0,0,283
0x4159e0,100%,0,55,55,0,0,0,55
0x4148bc,100%,0,48,48,0,0,0,48
0x40ea92,100%,0,140,140,70,0,0,70
0x40ac6a,100%,0,1595,1595,0,0,0,1595
0x4149e1,100%,0,48,48,0,0,0,48
0x40eb54,100%,0,216,216,0,0,0,216
0x41247a,100%,0,22497,22497,0,0,0,22497
0x40193f,100%,0,24,24,0,0,0,24
0x40c889,100%,0,3833,3833,0,0,0,3833
0x458de7,100%,0,21960,21960,0,0,0,21960
0x4013dd,100%,0,17,17,0,0,0,17
0x40354a,100%,0,396,396,0,0,0,396
0x417806,100%,0,40,40,0,0,0,40
0x40b849,100%,0,1595,1595,0,0,0,1595
0x45c3ac,100%,0,21960,21960,21960,0,0,0
0x4117ab,100%,0,444,444,0,0,0,444
0x40b8fd,100%,0,41,41,0,0,0,41
0x412da1,100%,0,53475,53475,53475,0,0,0
0x410a16,100%,0,46420,46420,46420,0,0,0
0x411680,100%,0,76182,76182,0,0,0,76182
0x458d59,100%,0,21960,21960,0,0,0,21960
0x415670,100%,0,1944,1944,0,0,0,1944
0x458d75,100%,0,21960,21960,0,0,0,21960
0x40ea44,100%,0,70,70,0,0,0,70
0x405a46,100%,0,234,234,0,0,0,234
0x41110a,100%,0,53285,53285,0,0,0,53285
0x412712,100%,0,27,27,0,0,0,27
0x41a53e,100%,0,48,48,0,0,0,48
0x412903,100%,0,22354,22354,0,0,0,22354
0x401b16,100%,0,216,216,0,0,0,216
0x411e51,100%,0,53691,53691,53691,0,0,0
0x41b01e,100%,0,298,298,298,0,0,0
0x413511,100%,0,17283,17283,17283,0,0,0
0x41b5a8,100%,0,298,298,0,0,0,298
0x40497f,100%,0,396,396,0,0,0,396
0x458dc9,100%,0,21960,21960,21960,0,0,0
0x405d78,100%,0,1,1,1,0,0,0
0x4087f8,100%,0,1237,1237,0,0,0,1237
0x41b348,100%,0,298,298,0,0,0,298
0x403b0a,100%,0,4,4,0,0,0,4
0x4020bb,100%,0,396,396,0,0,0,396
0x40f5ff,100%,0,4,4,0,0,0,4
0x409ba4,100%,0,1797,1797,0,0,0,1797
0x409dab,100%,0,8,8,0,0,0,8
0x40c22e,100%,0,3909,3909,0,0,0,3909
0x40aade,100%,0,1595,1595,0,0,0,1595
0x402da1,100%,0,68,68,0,0,0,68
0x403376,100%,0,44,44,0,0,0,44
0x4033bb,100%,0,396,396,0,0,0,396
0x41ab24,100%,0,21864,21864,21864,0,0,0
0x40baa5,100%,0,96,96,96,0,0,0
0x41ab81,100%,0,21864,21864,0,0,0,21864
0x41abd9,100%,0,21864,21864,0,0,0,21864
0x41ac10,100%,0,43728,43728,21864,0,0,21864
0x40afde,100%,0,42,42,0,0,0,42
0x40b045,100%,0,39,39,0,0,0,39
0x401eb4,100%,0,94,94,0,0,0,94
0x40198b,100%,0,216,216,0,0,0,216
0x40b398,100%,0,1595,1595,0,0,0,1595
0x40b522,100%,0,1595,1595,0,0,0,1595
0x40b896,100%,0,66,66,0,0,0,66
0x4140b8,100%,0,72,72,48,0,0,24
0x414a06,100%,0,48,48,0,0,0,48
0x40bf2a,100%,0,3909,3909,0,0,0,3909
0x45c9d3,100%,0,21960,21960,0,0,0,21960
0x404f46,100%,0,149,149,0,0,0,149
0x412330,100%,0,38643,38643,0,0,0,38643
0x45a86d,100%,0,21960,21960,21960,0,0,0
0x414c85,100%,0,48,48,0,0,0,48
0x40eaa1,100%,0,70,70,70,0,0,0
0x40af91,100%,0,1595,1595,0,0,0,1595
0x412466,100%,0,360,360,0,0,0,360
0x45c3c7,100%,0,21960,21960,0,0,0,21960
0x45a275,100%,0,21960,21960,0,0,0,21960
0x40f3bd,100%,0,12,12,0,0,0,12
0x41137f,100%,0,53142,53142,0,0,0,53142
0x40df02,100%,0,5779,5779,5779,0,0,0
0x45a20a,100%,0,21960,21960,0,0,0,21960
0x40c2cf,100%,0,3909,3909,0,0,0,3909
0x40e81e,100%,0,24,24,0,0,0,24
0x45a267,100%,0,21960,21960,21960,0,0,0
0x45c3a3,100%,0,21960,21960,0,0,0,21960
0x45c3d5,100%,0,21960,21960,0,0,0,21960
0x413a10,100%,0,48,48,0,0,0,48
0x458dba,100%,0,21960,21960,0,0,0,21960
0x405caf,100%,0,1,1,0,0,0,1
0x458e0f,100%,0,21960,21960,21960,0,0,0
0x458e3e,100%,0,21960,21960,21960,0,0,0
0x45c367,100%,0,21960,21960,0,0,0,21960
0x413281,100%,0,35559,35559,35559,0,0,0
0x40e6b0,100%,0,94,94,94,0,0,0
