Branch PC,Accuracy,Mispredictions,Correct Predictions,Total,dir_t_pred_t,dir_t_pred_nt,dir_nt_pred_t,dir_nt_pred_nt
aggregate,98.6482%,348074,25400004,25748078,15146001,144439,203635,10254003
0x4120ef,96.0372%,43410,1052030,1095440,999959,14251,29159,52071
0x411cdb,95.9531%,43067,1021137,1064204,926399,15182,27885,94738
0x411480,90.7653%,42200,414772,456972,332632,15738,26462,82140
0x4118ce,92.8643%,31970,416062,448032,317856,11843,20127,98206
0x412633,94.9575%,23111,435212,458323,59729,13844,9267,375483
0x412e6e,98.0617%,20627,1043561,1064188,936811,9060,11567,106750
0x412fb0,95.4524%,20374,427642,448016,330784,8646,11728,96858
0x41104e,94.46%,20290,345954,366244,301581,9267,11023,44373
0x4130f0,95.9221%,18634,438322,456956,394256,7320,11314,44066
0x410794,89.1061%,15720,128581,144301,98798,7259,8461,29783
0x412d38,98.8707%,12371,1083053,1095424,967335,5482,6889,115718
0x41321e,97.9444%,7528,358700,366228,321586,3954,3574,37114
0x4123df,91.3825%,7000,74230,81230,40824,4354,2646,33406
0x410341,97.2024%,6543,227335,233878,12590,4104,2439,214745
0x4134a1,97.6415%,3403,140882,144285,126148,1459,1944,14734
0x410c08,98.2546%,2303,129645,131948,90316,928,1375,39329
0x41ac73,94.0123%,2277,35751,38028,32782,1062,1215,2969
0x413360,98.4947%,1986,129946,131932,92701,1003,983,37245
0x41ae23,95.1886%,1725,34127,35852,34044,126,1599,83
0x41ad1f,90.6395%,1417,13721,15138,13159,297,1120,562
0x4135e8,99.4078%,1385,232477,233862,205911,642,743,26566
0x412629,99.2509%,783,103743,104526,12631,469,314,91112
0x41acba,98.4143%,603,37425,38028,29695,137,466,7730
0x412660,99.6389%,313,86360,86673,83934,84,229,2426
0x4114dd,99.8193%,196,108268,108464,106269,50,146,1999
0x412645,99.9509%,189,384561,384750,17753,100,89,366808
0x40de8a,74.8457%,163,485,648,20,132,31,465
0x41158a,99.8518%,161,108441,108602,41539,76,85,66902
0x40c2fb,59.6774%,150,222,372,214,34,116,8
0x411814,99.8674%,144,108442,108586,41538,66,78,66904
0x40c657,62.6344%,139,233,372,214,34,105,19
0x40c953,63.4409%,136,236,372,221,27,109,15
0x411325,99.7649%,130,55176,55306,53508,23,107,1668
0x41115f,99.7798%,122,55274,55396,26078,62,60,29196
0x401dc4,64.6199%,121,221,342,210,25,96,11
0x4103c4,99.2945%,117,16467,16584,15754,35,82,713
0x411196,99.5562%,116,26024,26140,5125,66,50,20899
0x411923,99.9027%,115,118076,118191,116618,27,88,1458
0x401ce3,66.6667%,114,228,342,22,81,33,206
0x4110ab,99.7939%,114,55206,55320,53510,29,85,1696
0x40b57b,90.1434%,110,1006,1116,989,3,107,17
0x41175c,99.9004%,108,108342,108450,106287,24,84,2055
0x415803,58.7549%,106,151,257,67,57,49,84
0x401d33,69.2982%,105,237,342,28,77,28,209
0x406c9b,70.9402%,102,249,351,92,43,59,157
0x411b94,99.9145%,101,118076,118177,116617,20,81,1459
0x41223d,99.8757%,101,81129,81230,24138,54,47,56991
0x409b47,77.9956%,101,358,459,148,37,64,210
0x4114c1,99.9079%,100,108502,108602,67,71,29,108435
0x41ae1d,99.7132%,98,34072,34170,6869,73,25,27203
0x409840,91.2186%,98,1018,1116,959,33,65,59
0x40acc3,91.3082%,97,1019,1116,990,2,95,29
0x411f7a,99.9208%,97,122417,122514,120669,12,85,1748
0x40279d,95.202%,95,1885,1980,1714,46,49,171
0x40c713,75%,93,279,372,275,20,73,4
0x40c3fc,75%,93,279,372,0,77,16,279
0x40641f,89.2361%,93,771,864,732,36,57,39
0x4108ba,99.7594%,92,38152,38244,11662,39,53,26490
0x412024,99.9258%,91,122516,122607,39541,54,37,82975
0x41212f,99.8879%,91,81088,81179,78564,17,74,2524
0x4021cd,95.5051%,89,1891,1980,1713,47,42,178
0x40aa5c,92.9365%,89,1171,1260,1112,24,65,59
0x40f66f,81.3559%,88,384,472,360,32,56,24
0x402c4d,72.8395%,88,236,324,18,58,30,218
0x411d18,99.9298%,86,122442,122528,120662,27,59,1780
0x410edd,99.7886%,86,40602,40688,60,59,27,40542
0x41295a,99.8118%,85,45077,45162,24009,35,50,21068
0x4119ca,99.9282%,85,118248,118333,51186,45,40,67062
0x410aa1,99.7825%,83,38085,38168,37253,28,55,832
0x40218b,71.5278%,82,206,288,9,59,23,197
0x40df85,87.3457%,82,566,648,566,10,72,0
0x40c0b8,77.957%,82,290,372,290,8,74,0
0x410473,99.5268%,79,16615,16694,6487,36,43,10128
0x40e266,87.8086%,79,569,648,569,7,72,0
0x410c59,99.8084%,78,40626,40704,71,50,28,40555
0x4113c4,99.8592%,78,55302,55380,26087,42,36,29215
0x40f2d5,74.7573%,78,231,309,221,37,41,10
0x402c9d,96.5502%,77,2155,2232,1961,23,54,194
0x40bdac,79.3011%,77,295,372,3,71,6,292
0x409b7f,71.8978%,77,197,274,5,56,21,192
0x40defd,98.2975%,76,4388,4464,3949,19,57,439
0x411dc7,99.938%,76,122547,122623,39567,39,37,82980
0x409cdb,87.2054%,76,518,594,506,22,54,12
0x402745,73.9583%,75,213,288,16,52,23,197
0x4040f0,97.2222%,72,2520,2592,2277,27,45,243
0x4079ad,87.5%,72,504,576,480,32,40,24
0x40d861,88.7324%,72,567,639,560,8,64,7
0x41108f,99.87%,72,55324,55396,24,52,20,55300
0x40844d,91.7824%,71,793,864,755,13,58,38
0x41241f,99.845%,70,45089,45159,43006,14,56,2083
0x404170,95.0142%,70,1334,1404,1230,18,52,104
0x40d122,85.5967%,70,416,486,395,37,33,21
0x406cc6,67.5926%,70,146,216,3,46,24,143
0x40a83e,85.1852%,68,391,459,386,22,46,5
0x40b317,94.6032%,68,1192,1260,1122,14,54,70
0x4107ed,99.8222%,68,38176,38244,18,44,24,38158
0x408837,92.2454%,67,797,864,747,21,46,50
0x4128a0,99.8516%,67,45078,45145,42995,17,50,2083
0x401f62,89.9691%,65,583,648,575,1,64,8
0x405b5d,92.5926%,64,800,864,743,25,39,57
0x40e62a,90.1235%,64,584,648,560,16,48,24
0x410fb4,99.8452%,63,40625,40688,14112,24,39,26513
0x409b92,96.7136%,63,1854,1917,1688,16,47,166
0x410c75,99.8472%,62,40521,40583,39713,19,43,808
0x40791d,89.2361%,62,514,576,490,22,40,24
0x40ea00,90.5864%,61,587,648,573,3,58,14
0x40d62d,95.2932%,61,1235,1296,1135,17,44,100
0x405c4d,84.596%,61,335,396,330,22,39,5
0x403600,97.6466%,61,2531,2592,2288,16,45,243
0x411b78,99.9493%,60,118257,118317,95,45,15,118162
0x40f6f2,87.2881%,60,412,472,219,17,43,193
0x406d21,83.7398%,60,309,369,303,25,35,6
0x4089ff,87.631%,59,418,477,398,26,33,20
0x4103a8,99.6526%,58,16636,16694,65,45,13,16571
0x411907,99.9518%,57,118276,118333,105,37,20,118171
0x409d02,52.1008%,57,62,119,42,24,33,20
0x407968,52.1008%,57,62,119,37,27,30,25
0x405b15,55.5556%,56,70,126,6,24,32,64
0x410a85,99.8535%,56,38172,38228,19,41,15,38153
0x411c44,99.9527%,56,118261,118317,51181,39,17,67080
0x40e1e0,99.0398%,56,5776,5832,5171,13,43,605
0x4019ad,96.1591%,56,1402,1458,1285,11,45,117
0x410645,99.6681%,55,16515,16570,15773,8,47,742
0x40e107,91.5123%,55,593,648,576,0,55,17
0x40e8a8,96.2963%,54,1404,1458,1269,27,27,135
0x415138,66.6667%,54,108,162,103,21,33,5
0x40ced1,95.8333%,54,1242,1296,1142,10,44,100
0x412b1c,99.9335%,54,81111,81165,78560,13,41,2551
0x40f2a3,82.5243%,54,255,309,177,30,24,78
0x409d27,66.25%,54,106,160,27,39,15,79
0x406209,57.1429%,54,72,126,68,40,14,4
0x40aa4d,95.8398%,54,1244,1298,1,37,17,1243
0x40bcce,95.9168%,53,1245,1298,2,36,17,1243
0x408874,93.8657%,53,811,864,755,13,40,56
0x411cfc,99.9568%,53,122570,122623,61,34,19,122509
0x40e9f4,99.0912%,53,5779,5832,5170,14,39,609
0x401d41,84.5029%,53,289,342,289,15,38,0
0x401cf1,84.5029%,53,289,342,287,17,36,2
0x401cae,67.9012%,52,110,162,109,15,37,1
0x40565c,81.4286%,52,228,280,0,34,18,228
0x411309,99.9061%,52,55328,55380,37,37,15,55291
0x40d8db,87.4396%,52,362,414,351,17,35,11
0x40acb8,99.4823%,52,9992,10044,8923,5,47,1069
0x402577,82.2917%,51,237,288,237,15,36,0
0x412e7c,99.9004%,51,51169,51220,542,42,9,50627
0x4106ec,99.6942%,51,16627,16678,6490,22,29,10137
0x412bcc,99.9372%,51,81163,81214,24146,35,16,57017
0x40743d,98.251%,51,2865,2916,2570,22,29,295
0x402a91,82.6389%,50,238,288,237,15,35,1
0x4097ea,69.1358%,50,112,162,10,28,22,102
0x40b308,96.225%,49,1249,1298,3,35,14,1246
0x40e061,99.177%,48,5784,5832,5175,9,39,609
0x4064b6,86.9919%,48,321,369,321,7,41,0
0x4033ed,98.3539%,48,2868,2916,2586,6,42,282
0x40a96b,98.3539%,48,2868,2916,2576,16,32,292
0x4124bf,99.8938%,48,45130,45178,24028,27,21,21102
0x411740,99.9558%,48,108538,108586,112,24,24,108426
0x412fbe,99.8846%,48,41556,41604,5159,27,21,36397
0x40f702,80.6584%,47,196,243,131,31,16,65
0x40227d,76.2626%,47,151,198,149,27,20,2
0x40473e,84.0278%,46,242,288,242,10,36,0
0x410d56,99.6748%,46,14101,14147,4553,29,17,9548
0x4033f9,85.8025%,46,278,324,278,10,36,0
0x401de2,59.6491%,46,68,114,63,13,33,5
0x401f4f,99.2112%,46,5786,5832,5162,22,24,624
0x410629,99.7242%,46,16632,16678,73,35,11,16559
0x407353,87.1795%,45,306,351,305,7,38,1
0x401a84,72.2222%,45,117,162,6,32,13,111
0x4117ee,99.9864%,44,323167,323211,214739,22,22,108428
0x40f685,45%,44,36,80,29,25,19,7
0x403c89,84.7222%,44,244,288,244,8,36,0
0x41112e,99.9738%,43,164136,164179,108842,17,26,55294
0x4020fd,86.7284%,43,281,324,270,18,25,11
0x40332e,86.7284%,43,281,324,280,8,35,1
0x40a977,86.7284%,43,281,324,281,7,36,0
0x4083d5,47.5%,42,38,80,34,29,13,4
0x403608,85.4167%,42,246,288,246,14,28,0
0x40775d,95.2546%,41,823,864,752,16,25,71
0x4157fb,74.6914%,41,121,162,2,36,5,119
0x4121ae,99.983%,41,240898,240939,159750,10,31,81148
0x4040f5,85.7639%,41,247,288,243,13,28,4
0x403545,87.6543%,40,284,324,266,22,18,18
0x404bfc,85.8156%,40,242,282,240,16,24,2
0x411c1e,99.9887%,40,352951,352991,234799,15,25,118152
0x406c35,65.812%,40,77,117,64,14,26,13
0x41ad47,99.7622%,40,16780,16820,15127,11,29,1653
0x403690,96.8254%,40,1220,1260,1107,13,27,113
0x412276,99.8347%,40,24152,24192,1625,28,12,22527
0x41155e,99.9879%,39,323208,323247,214777,6,33,108431
0x410ef9,99.9039%,39,40530,40569,39719,5,34,811
0x410d1a,99.9042%,39,40665,40704,14123,24,15,26542
0x4087ef,69.0476%,39,87,126,10,20,19,77
0x407449,87.963%,39,285,324,285,3,36,0
0x411ffe,99.9896%,38,365671,365709,243173,22,16,122498
0x40589d,98.6968%,38,2878,2916,2571,21,17,307
0x40cbe7,98.6968%,38,2878,2916,2580,12,26,298
0x40f325,87.6221%,38,269,307,189,16,22,80
0x4058a9,88.2716%,38,286,324,286,2,36,0
0x406a70,76.5432%,38,124,162,4,34,4,120
0x40d3ca,73.6111%,38,106,144,106,22,16,0
0x410809,99.9005%,38,38144,38182,37283,6,32,861
0x406ced,77.2455%,38,129,167,111,15,23,18
0x4106ce,99.9244%,37,48884,48921,32343,8,29,16541
0x412f5e,99.9756%,37,151871,151908,101245,27,10,50626
0x41a638,88.5802%,37,287,324,273,15,22,14
0x401ad6,77.1605%,37,125,162,125,19,18,0
0x401dd6,89.1813%,37,305,342,211,17,20,94
0x407ac2,70.6349%,37,89,126,88,24,13,1
0x409c9f,77.1605%,37,125,162,62,16,21,63
0x4063e7,71.4286%,36,90,126,4,26,10,86
0x409bb7,98.1221%,36,1881,1917,1694,10,26,187
0x40840b,71.4286%,36,90,126,0,30,6,90
0x40f41e,64.7059%,36,66,102,60,22,14,6
0x40cbf3,88.8889%,36,288,324,288,0,36,0
0x411f5e,99.9706%,36,122571,122607,65,28,8,122506
0x4108f6,99.7009%,35,11666,11701,6669,17,18,4997
0x40ddfd,94.5988%,35,613,648,564,12,23,49
0x409acd,77.1242%,35,118,153,84,18,17,34
0x40bcdd,97.2222%,35,1225,1260,838,14,21,387
0x411a06,99.9317%,35,51196,51231,567,21,14,50629
0x4046f4,78.2051%,34,122,156,116,8,26,6
0x403c3c,75.7143%,34,106,140,105,7,27,1
0x405a3e,79.6296%,33,129,162,127,17,16,2
0x41515a,79.6296%,33,129,162,128,16,17,1
0x40763c,79.6296%,33,129,162,128,16,17,1
0x401df5,79.6296%,33,129,162,128,16,17,1
0x40564b,64.1304%,33,59,92,56,12,21,3
0x40e662,55.5556%,32,40,72,24,24,8,16
0x410b54,99.9163%,32,38196,38228,11669,21,11,26527
0x412d46,99.9192%,32,39563,39595,859,15,17,38704
0x408b27,83.8384%,32,166,198,161,15,17,5
0x4068d3,74.6032%,32,94,126,93,15,17,1
0x41330e,99.8919%,31,28646,28677,19098,20,11,9548
0x40bfff,91.6667%,31,341,372,240,8,23,101
0x41199e,99.9915%,30,352997,353027,234827,9,21,118170
0x40ead4,97.9424%,30,1428,1458,1291,5,25,137
0x408a52,93.7107%,30,447,477,409,15,15,38
0x40e71d,95.3704%,30,618,648,559,17,13,59
0x40d632,79.1667%,30,114,144,114,14,16,0
0x4084d5,76.9841%,29,97,126,96,12,17,1
0x410e3d,99.9495%,29,57361,57390,28684,11,18,28677
0x412c00,99.8801%,29,24152,24181,1638,11,18,22514
0x412113,99.9643%,29,81201,81230,30,21,8,81171
0x40bcf4,92.8922%,29,379,408,276,8,21,103
0x40db1a,79.8611%,29,115,144,115,13,16,0
0x409d70,68.8889%,28,62,90,61,19,9,1
0x4026a5,91.358%,28,296,324,277,11,17,19
0x40d37d,48.1481%,28,26,54,15,26,2,11
0x40738b,82.716%,28,134,162,134,10,18,0
0x40b570,99.7212%,28,10016,10044,8912,16,12,1104
0x41043e,99.9428%,28,48929,48957,32369,4,24,16560
0x409dc4,82.716%,28,134,162,133,11,17,1
0x40a862,81.6993%,28,125,153,125,11,17,0
0x4015c1,83.3333%,27,135,162,129,15,12,6
0x411d8e,99.9926%,27,365718,365745,243203,14,13,122515
0x40bf9f,98.9933%,27,2655,2682,2380,4,23,275
0x401b23,83.3333%,27,135,162,135,9,18,0
0x40f2b3,86.9565%,27,180,207,86,18,9,94
0x408b7c,86.3636%,27,171,198,167,9,18,4
0x4155fc,94.6502%,26,460,486,319,5,21,141
0x409bbc,87.7934%,26,187,213,187,2,24,0
0x40a88e,83.9506%,26,136,162,133,11,15,3
0x404045,91.9753%,26,298,324,277,11,15,21
0x40daca,63.3803%,26,45,71,43,12,14,2
0x40689c,50.9434%,26,27,53,26,16,10,1
0x40950d,61.194%,26,41,67,39,13,13,2
0x40babf,83.9506%,26,136,162,136,8,18,0
0x409924,97.6703%,26,1090,1116,738,6,20,352
0x412b00,99.968%,26,81188,81214,28,21,5,81160
0x409574,79.3651%,26,100,126,97,11,15,3
0x41127e,99.9586%,26,62821,62847,41890,8,18,20931
0x41139e,99.9848%,25,164118,164143,108833,4,21,55285
0x40d884,64.7887%,25,46,71,0,16,9,46
0x40af3a,97.7599%,25,1091,1116,988,4,21,103
0x410b2e,99.978%,25,113592,113617,75443,6,19,38149
0x416203,84.5679%,25,137,162,137,7,18,0
0x40eb12,84.5679%,25,137,162,131,13,12,6
0x402e9d,72.2222%,25,65,90,65,15,10,0
0x412372,99.9645%,24,67593,67617,45074,4,20,22519
0x402e2f,62.5%,24,40,64,26,8,16,14
0x409938,93.5484%,24,348,372,237,11,13,111
0x40c8fb,99.096%,24,2631,2655,2350,10,14,281
0x40f714,70.3704%,24,57,81,43,11,13,14
0x40eadd,85.1852%,24,138,162,138,6,18,0
0x40f39a,77.451%,23,79,102,79,13,10,0
0x40280d,81.746%,23,103,126,101,11,12,2
0x40ca9e,85.8025%,23,139,162,139,5,18,0
0x406b8b,97.9391%,23,1093,1116,986,6,17,107
0x409cc8,72.619%,23,61,84,2,16,7,59
0x40ced6,84.0278%,23,121,144,121,10,13,0
0x409965,82.2581%,22,102,124,101,6,16,1
0x41088e,99.9806%,22,113631,113653,75463,8,14,38168
0x406b35,98.0287%,22,1094,1116,732,12,10,362
0x4134b7,99.6622%,22,6490,6512,4912,11,11,1578
0x40b22f,87.037%,21,141,162,141,3,18,0
0x412884,99.9535%,21,45141,45162,4,13,8,45137
0x4086ee,87.037%,21,141,162,139,5,16,2
0x40cf0a,82.0513%,21,96,117,94,10,11,2
0x4078de,73.75%,21,59,80,1,15,6,58
0x40eb5e,87.037%,21,141,162,139,5,16,2
0x40f567,91.358%,21,222,243,222,14,7,0
0x405b65,78.125%,21,75,96,74,9,12,1
0x4057b5,44.4444%,20,16,36,7,17,3,9
0x40e8b4,87.6543%,20,142,162,142,2,18,0
0x4019b9,87.6543%,20,142,162,142,2,18,0
0x4115c6,99.9519%,20,41595,41615,5181,10,10,36414
0x40b7f2,98.2079%,20,1096,1116,975,17,3,121
0x410e52,99.9303%,20,28675,28695,19117,13,7,9558
0x41059e,99.582%,20,4765,4785,3180,10,10,1585
0x4130fe,99.9235%,20,26109,26129,5178,8,12,20931
0x46fec2,50%,20,20,40,20,12,8,0
0x412bae,99.9917%,20,240883,240903,159730,8,12,81153
0x406b90,83.871%,20,104,124,100,11,9,4
0x41322c,99.8585%,20,14116,14136,4572,5,15,9544
0x40736f,82.906%,20,97,117,96,8,12,1
0x4104b6,99.7087%,19,6504,6523,4922,6,13,1582
0x40d145,64.8148%,19,35,54,0,12,7,35
0x406482,64.1509%,19,34,53,0,12,7,34
0x41249e,99.9858%,19,133319,133338,88172,7,12,45147
0x40b394,98.3871%,18,1098,1116,984,8,10,114
0x415435,88.8889%,18,144,162,0,0,18,144
0x402d90,50%,18,18,36,15,9,9,3
0x407a6d,85.7143%,18,108,126,108,4,14,0
0x41344e,99.8802%,18,15009,15027,10016,2,16,4993
0x408879,81.25%,18,78,96,78,3,15,0
0x408b40,72.7273%,18,48,66,16,6,12,32
0x408b5a,80.4348%,18,74,92,4,18,0,70
0x411e06,99.9546%,18,39588,39606,862,16,2,38726
0x40d66e,87.5%,18,126,144,125,3,15,1
0x40645c,81.25%,18,78,96,75,10,8,3
0x410cee,99.9851%,18,120880,120898,80305,10,8,40575
0x40d561,88.1944%,17,127,144,127,1,16,0
0x40c35d,95.4301%,17,355,372,0,0,17,355
0x406335,89.5062%,17,145,162,140,4,13,5
0x40df9f,76.3889%,17,55,72,54,10,7,1
0x40e146,76.3889%,17,55,72,55,9,8,0
0x41adab,99.8737%,17,13439,13456,13439,17,0,0
0x40d914,85.4701%,17,100,117,94,10,7,6
0x41336e,99.8546%,17,11673,11690,6674,7,10,4999
0x41ac53,99.8877%,17,15121,15138,8611,13,4,6510
0x4105c3,99.8982%,17,16677,16694,16677,17,0,0
0x407765,82.2917%,17,79,96,0,17,0,79
0x409c5b,68.5185%,17,37,54,29,7,10,8
0x409d0d,69.8113%,16,37,53,0,0,16,37
0x4064c2,60.9756%,16,25,41,23,16,0,2
0x405c10,71.4286%,16,40,56,2,10,6,38
0x4061a4,71.4286%,16,40,56,40,3,13,0
0x402ef2,74.1935%,16,46,62,46,10,6,0
0x406b46,95.6989%,16,356,372,236,12,4,120
0x414625,55.5556%,16,20,36,20,12,4,0
0x4132fd,99.9721%,16,57338,57354,28673,4,12,28665
0x40f72e,40.7407%,16,11,27,9,9,7,2
0x417904,40.7407%,16,11,27,11,13,3,0
0x4055be,58.3333%,15,21,36,21,11,4,0
0x407aa0,53.125%,15,17,32,12,2,13,5
0x41b3c3,79.1667%,15,57,72,51,13,2,6
0x41343d,99.9501%,15,30039,30054,15022,5,10,15017
0x408a76,44.4444%,15,12,27,2,6,9,10
0x40d1a3,59.4595%,15,22,37,14,10,5,8
0x4155e6,98.9712%,15,1443,1458,967,5,10,476
0x412e1d,99.9935%,15,232311,232326,116149,14,1,116162
0x40d89e,72.7273%,15,40,55,1,8,7,39
0x412a5f,99.9778%,15,67488,67503,44997,5,10,22491
0x40de09,80.5556%,14,58,72,58,6,8,0
0x414025,22.2222%,14,4,18,3,13,1,1
0x40e729,80.5556%,14,58,72,58,6,8,0
0x40d1cf,88.0342%,14,103,117,99,5,9,4
0x411b02,99.9908%,14,151915,151929,101284,2,12,50631
0x408b14,53.3333%,14,16,30,1,7,7,15
0x4019c5,22.2222%,14,4,18,4,12,2,0
0x409d32,85.1064%,14,80,94,0,0,14,80
0x412403,99.969%,14,45164,45178,13,6,8,45151
0x4098af,88.7097%,14,110,124,0,0,14,110
0x40f2eb,72.549%,14,37,51,37,7,7,0
0x4116c2,99.9872%,14,109258,109272,72839,9,5,36419
0x41359e,99.7063%,14,4753,4767,3166,12,2,1587
0x40224b,50%,14,14,28,2,4,10,12
0x458d63,99.2308%,13,1677,1690,0,0,13,1677
0x40e92a,91.9753%,13,149,162,140,4,9,9
0x40e67f,45.8333%,13,11,24,8,8,5,3
0x413d30,27.7778%,13,5,18,5,11,2,0
0x4158e4,91.9753%,13,149,162,149,9,4,0
0x41058d,99.8642%,13,9557,9570,4772,13,0,4785
0x409c15,61.7647%,13,21,34,0,6,7,21
0x40e568,97.9938%,13,635,648,635,13,0,0
0x4157c7,97.3251%,13,473,486,321,3,10,152
0x40f432,35%,13,7,20,7,10,3,0
0x406b23,96.5054%,13,359,372,0,0,13,359
0x40d8e0,71.7391%,13,33,46,32,1,12,1
0x404d3c,86.1702%,13,81,94,81,9,4,0
0x4089f0,82.0896%,12,55,67,3,11,1,52
0x415813,90.9774%,12,121,133,0,0,12,121
0x402e78,50%,12,12,24,6,8,4,6
0x4030a2,33.3333%,12,6,18,6,8,4,0
0x40d19e,96.3964%,12,321,333,289,7,5,32
0x40cada,33.3333%,12,6,18,3,9,3,3
0x402f3f,33.3333%,12,6,18,6,10,2,0
0x4030b3,33.3333%,12,6,18,2,10,2,4
0x4124f6,99.9501%,12,24043,24055,1537,10,2,22506
0x40633a,33.3333%,12,6,18,0,0,12,6
0x41292e,99.991%,12,133290,133302,88151,6,6,45139
0x401f73,83.3333%,12,60,72,60,4,8,0
0x40c927,95.9322%,12,283,295,0,0,12,283
0x40d15f,71.4286%,12,30,42,3,2,10,27
0x402c5c,95.1613%,12,236,248,0,0,12,236
0x41b449,83.3333%,12,60,72,37,11,1,23
0x41ac79,99.7132%,12,4172,4184,4172,12,0,0
0x40ce12,91.6667%,12,132,144,118,10,2,14
0x40bd0d,96.7742%,12,360,372,0,0,12,360
0x41298f,99.9543%,11,24033,24044,1538,5,6,22495
0x40cdff,31.25%,11,5,16,0,0,11,5
0x403015,38.8889%,11,7,18,5,7,4,2
0x40aada,99.0143%,11,1105,1116,990,2,9,115
0x4116ad,99.995%,11,218533,218544,109270,2,9,109263
0x4079b2,82.8125%,11,53,64,2,3,8,51
0x4125dd,99.9919%,11,135037,135048,67522,2,9,67515
0x412853,99.9597%,11,27310,27321,4,10,1,27306
0x4056cd,38.8889%,11,7,18,5,11,0,2
0x41abe6,99.673%,11,3353,3364,1676,6,5,1677
0x40ea11,84.7222%,11,61,72,61,3,8,0
0x4027b2,95%,11,209,220,209,7,4,0
0x40c623,96.2712%,11,284,295,0,0,11,284
0x4021d2,95%,11,209,220,209,7,4,0
0x41b250,31.25%,11,5,16,0,0,11,5
0x402e51,63.3333%,11,19,30,4,2,9,15
0x458dba,99.4083%,10,1680,1690,0,0,10,1680
0x401d72,73.6842%,10,28,38,0,0,10,28
0x40eaeb,44.4444%,10,8,18,8,8,2,0
0x412cde,99.9852%,10,67586,67596,45059,5,5,22527
0x401dbd,91.2281%,10,104,114,0,0,10,104
0x410e10,99.9652%,10,28685,28695,0,0,10,28685
0x414270,44.4444%,10,8,18,7,9,1,1
0x407606,44.4444%,10,8,18,0,0,10,8
0x415d96,72.2222%,10,26,36,24,0,10,2
0x4179e3,56.5217%,10,13,23,13,3,7,0
0x402819,28.5714%,10,4,14,4,10,0,0
0x40bc57,93.8272%,10,152,162,0,0,10,152
0x414e6e,44.4444%,10,8,18,8,8,2,0
0x40bcc9,97.7578%,10,436,446,0,0,10,436
0x40e460,98.4568%,10,638,648,0,0,10,638
0x41260c,99.9779%,10,45168,45178,24662,8,2,20506
0x40561d,72.2222%,10,26,36,26,6,4,0
0x41ae54,99.7027%,10,3354,3364,1676,6,4,1678
0x402ae5,72.2222%,10,26,36,26,6,4,0
0x417892,62.963%,10,17,27,15,3,7,2
0x41552b,98.1481%,9,477,486,0,0,9,477
0x40571c,50%,9,9,18,9,7,2,0
0x40d566,43.75%,9,7,16,0,0,9,7
0x409bf9,62.5%,9,15,24,13,3,6,2
0x403273,50%,9,9,18,9,5,4,0
0x415de5,25%,9,3,12,0,4,5,3
0x40d920,30.7692%,9,4,13,1,7,2,3
0x40e2ad,87.5%,9,63,72,63,1,8,0
0x41621d,50%,9,9,18,9,7,2,0
0x45c9ec,99.4675%,9,1681,1690,1681,9,0,0
0x40573c,50%,9,9,18,9,7,2,0
0x40cbff,75%,9,27,36,27,5,4,0
0x407a87,55%,9,11,20,8,6,3,3
0x417931,66.6667%,9,18,27,18,6,3,0
0x4177a3,66.6667%,9,18,27,18,6,3,0
0x415166,50%,9,9,18,9,7,2,0
0x4040ae,96.875%,9,279,288,0,0,9,279
0x413c8f,33.3333%,8,4,12,0,8,0,4
0x407a7e,42.8571%,8,6,14,0,0,8,6
0x41b46f,66.6667%,8,16,24,0,0,8,16
0x413ff5,55.5556%,8,10,18,9,7,1,1
0x40497f,77.7778%,8,28,36,0,0,8,28
0x40de9b,98.3871%,8,488,496,0,0,8,488
0x458d6d,99.5266%,8,1682,1690,0,0,8,1682
0x407ac7,42.8571%,8,6,14,6,8,0,0
0x4146ca,77.7778%,8,28,36,16,8,0,12
0x4035c3,97.2222%,8,280,288,0,0,8,280
0x408a57,84.9057%,8,45,53,43,2,6,2
0x4031d6,55.5556%,8,10,18,7,5,3,3
0x408bb9,73.3333%,8,22,30,17,5,3,5
0x40c2a3,99.7017%,8,2674,2682,2383,1,7,291
0x46fdac,94.6667%,8,142,150,142,8,0,0
0x4048c9,77.7778%,8,28,36,28,4,4,0
0x40aa14,95.0617%,8,154,162,0,0,8,154
0x401b2c,55.5556%,8,10,18,10,6,2,0
0x40417c,94.8718%,8,148,156,148,6,2,0
0x401f30,98.7654%,8,640,648,0,0,8,640
0x402eb9,55.5556%,8,10,18,0,0,8,10
0x403111,55.5556%,8,10,18,10,6,2,0
0x4152f8,95.0617%,8,154,162,0,0,8,154
0x40b2cf,95.0617%,8,154,162,0,0,8,154
0x45c367,99.5266%,8,1682,1690,0,0,8,1682
0x40acef,93.5484%,8,116,124,0,0,8,116
0x41b506,0%,8,0,8,0,8,0,0
0x417734,70.3704%,8,19,27,19,5,3,0
0x40e9d8,90.2778%,7,65,72,0,0,7,65
0x4126d1,61.1111%,7,11,18,11,5,2,0
0x41b4b7,12.5%,7,1,8,1,7,0,0
0x4125f2,99.9896%,7,67517,67524,45011,5,2,22506
0x40334d,80.5556%,7,29,36,29,3,4,0
0x41b0d7,12.5%,7,1,8,0,0,7,1
0x41b281,12.5%,7,1,8,1,7,0,0
0x40404a,80.5556%,7,29,36,0,0,7,29
0x408b4b,84.0909%,7,37,44,0,0,7,37
0x458e2f,99.5858%,7,1683,1690,1683,7,0,0
0x4109dd,99.9767%,7,30083,30090,15041,4,3,15042
0x4110f6,99.607%,7,1774,1781,0,0,7,1774
0x41126d,99.9944%,7,125687,125694,62843,4,3,62844
0x402754,96.8182%,7,213,220,0,0,7,213
0x45a86d,99.5858%,7,1683,1690,1683,7,0,0
0x41b26f,12.5%,7,1,8,1,7,0,0
0x41308d,99.9968%,7,218501,218508,109247,7,0,109254
0x412ccd,99.9948%,7,135185,135192,67589,7,0,67596
0x4157b6,99.5199%,7,1451,1458,965,7,0,486
0x402f0f,61.1111%,7,11,18,11,5,2,0
0x40ca95,22.2222%,7,2,9,2,6,1,0
0x402de7,65%,7,13,20,8,4,3,5
0x40e8c0,61.1111%,7,11,18,11,5,2,0
0x403284,61.1111%,7,11,18,10,2,5,1
0x4022cc,75%,7,21,28,21,3,4,0
0x401d08,81.5789%,7,31,38,0,0,7,31
0x40e44b,98.9198%,7,641,648,0,0,7,641
0x409c20,75%,7,21,28,0,2,5,21
0x4109f2,99.9535%,7,15038,15045,10023,7,0,5015
0x41a64a,80.5556%,7,29,36,29,3,4,0
0x41b181,12.5%,7,1,8,1,7,0,0
0x4063f0,92.7083%,7,89,96,0,0,7,89
0x40285c,66.6667%,6,12,18,12,2,4,0
0x412e2e,99.9948%,6,116157,116163,77439,3,3,38718
0x45c9d3,99.645%,6,1684,1690,0,0,6,1684
0x40d1db,53.8462%,6,7,13,7,1,5,0
0x40eac7,66.6667%,6,12,18,0,0,6,12
0x415cdf,50%,6,6,12,0,0,6,6
0x404aa0,83.3333%,6,30,36,0,0,6,30
0x45c353,99.645%,6,1684,1690,0,0,6,1684
0x409960,99.4624%,6,1110,1116,990,2,4,120
0x46fde4,96%,6,144,150,6,0,6,138
0x4087f8,93.75%,6,90,96,0,0,6,90
0x40a983,83.3333%,6,30,36,30,2,4,0
0x4086b8,66.6667%,6,12,18,0,0,6,12
0x411aed,99.998%,6,303852,303858,151924,5,1,151928
0x458d85,99.645%,6,1684,1690,0,0,6,1684
0x40dde9,91.6667%,6,66,72,0,0,6,66
0x413511,99.8741%,6,4761,4767,4761,6,0,0
0x40c33a,95.1613%,6,118,124,0,0,6,118
0x46fda7,96.0526%,6,146,152,3,5,1,143
0x410f8e,99.995%,6,120856,120862,80291,2,4,40565
0x409df7,88.8889%,6,48,54,43,5,1,5
0x415da7,50%,6,6,12,3,5,1,3
0x41b59e,25%,6,2,8,0,0,6,2
0x40f692,76.9231%,6,20,26,19,5,1,1
0x40eb1b,66.6667%,6,12,18,12,4,2,0
0x40f745,33.3333%,6,3,9,2,4,2,1
0x41ac10,99.8216%,6,3358,3364,1680,2,4,1678
0x414ffe,66.6667%,6,12,18,11,5,1,1
0x4027e0,66.6667%,6,12,18,0,4,2,12
0x408b81,72.7273%,6,16,22,15,5,1,1
0x40e7ee,25%,6,2,8,0,6,0,2
0x40e705,91.6667%,6,66,72,0,0,6,66
0x4179d3,75%,6,18,24,0,1,5,18
0x40dd9d,25%,6,2,8,0,0,6,2
0x417924,77.7778%,6,21,27,0,0,6,21
0x40ae85,95.1613%,6,118,124,0,0,6,118
0x40eb6a,66.6667%,6,12,18,12,4,2,0
0x4031b9,0%,6,0,6,0,0,6,0
0x41aafc,99.6433%,6,1676,1682,0,0,6,1676
0x402ca5,97.5806%,6,242,248,242,2,4,0
0x40d414,62.5%,6,10,16,10,4,2,0
0x40c5ef,99.774%,6,2649,2655,2357,3,3,292
0x407a57,64.7059%,6,11,17,1,2,4,10
0x46fe4f,25%,6,2,8,2,4,2,0
0x40994d,95.1613%,6,118,124,0,0,6,118
0x407455,83.3333%,6,30,36,30,2,4,0
0x409d5f,90.9091%,6,60,66,53,3,3,7
0x411edd,99.9974%,6,232362,232368,116182,2,4,116180
0x409d75,40%,6,4,10,4,6,0,0
0x415707,98.9712%,5,481,486,0,0,5,481
0x406abd,95.9677%,5,119,124,0,0,5,119
0x412832,99.9889%,5,45171,45176,17849,4,1,27322
0x41482e,58.3333%,5,7,12,5,3,2,2
0x409ba4,97.6526%,5,208,213,0,0,5,208
0x407a92,16.6667%,5,1,6,0,0,5,1
0x41b0e0,37.5%,5,3,8,0,0,5,3
0x45c37b,99.7041%,5,1685,1690,1685,5,0,0
0x45a235,99.7041%,5,1685,1690,0,0,5,1685
0x41afda,37.5%,5,3,8,3,5,0,0
0x4086f3,72.2222%,5,13,18,0,0,5,13
0x412176,99.8075%,5,2593,2598,0,0,5,2593
0x45c3d5,99.7041%,5,1685,1690,0,0,5,1685
0x4155bf,98.9712%,5,481,486,0,0,5,481
0x41b16f,37.5%,5,3,8,0,0,5,3
0x41267d,99.9889%,5,45173,45178,45173,3,2,0
0x41b25d,68.75%,5,11,16,6,2,3,5
0x409582,72.2222%,5,13,18,13,3,2,0
0x41af9a,37.5%,5,3,8,0,0,5,3
0x4156eb,98.9712%,5,481,486,0,0,5,481
0x4097f3,95.9677%,5,119,124,0,0,5,119
0x403266,16.6667%,5,1,6,0,0,5,1
0x405c52,88.6364%,5,39,44,39,2,3,0
0x40da4a,0%,5,0,5,0,5,0,0
0x410b02,99.9869%,5,38163,38168,0,0,5,38163
0x4175a4,44.4444%,5,4,9,4,4,1,0
0x402595,86.1111%,5,31,36,31,1,4,0
0x40aa69,95.9677%,5,119,124,0,0,5,119
0x41b22e,37.5%,5,3,8,3,5,0,0
0x4154b6,96.9136%,5,157,162,0,0,5,157
0x46fdbc,96.6667%,5,145,150,145,5,0,0
0x41789f,44.4444%,5,4,9,4,2,3,0
0x410406,99.3711%,5,790,795,0,0,5,790
0x4131cd,99.996%,5,125653,125658,62827,2,3,62826
0x40b5a7,95.9677%,5,119,124,0,0,5,119
0x40cbd8,98.4568%,5,319,324,0,0,5,319
0x417792,81.4815%,5,22,27,0,0,5,22
0x46fe6e,37.5%,5,3,8,0,0,5,3
0x41309e,99.9954%,5,109249,109254,72832,4,1,36417
0x40b81e,95.9677%,5,119,124,0,0,5,119
0x41b4e4,92.1875%,5,59,64,59,5,0,0
0x4177d3,81.4815%,5,22,27,0,0,5,22
0x41306c,99.9954%,5,109249,109254,0,0,5,109249
0x40ac6a,95.9677%,5,119,124,0,0,5,119
0x407aff,70.5882%,5,12,17,12,0,5,0
0x403e6c,86.1111%,5,31,36,31,1,4,0
0x40369c,96.4286%,5,135,140,135,5,0,0
0x41110a,99.991%,5,55315,55320,0,0,5,55315
0x40401c,86.1111%,5,31,36,0,0,5,31
0x41a615,86.1111%,5,31,36,0,0,5,31
0x40621c,72.2222%,5,13,18,13,3,2,0
0x41b00c,37.5%,5,3,8,0,0,5,3
0x415107,72.2222%,5,13,18,11,5,0,2
0x40351d,86.1111%,5,31,36,0,0,5,31
0x41b4df,83.3333%,4,20,24,8,0,4,12
0x458e3e,99.7633%,4,1686,1690,1686,4,0,0
0x406b57,96.7742%,4,120,124,0,0,4,120
0x4058b5,88.8889%,4,32,36,32,0,4,0
0x40ce88,97.2222%,4,140,144,0,0,4,140
0x412b69,99.8457%,4,2588,2592,0,0,4,2588
0x40199e,97.5309%,4,158,162,0,0,4,158
0x402d0d,0%,4,0,4,0,0,4,0
0x405360,0%,4,0,4,0,0,4,0
0x41153a,99.9963%,4,108460,108464,0,0,4,108460
0x40340f,88.8889%,4,32,36,32,0,4,0
0x40d546,75%,4,12,16,0,0,4,12
0x458d97,99.7633%,4,1686,1690,0,0,4,1686
0x414a06,0%,4,0,4,0,0,4,0
0x4177e0,85.1852%,4,23,27,23,1,3,0
0x40eaa1,33.3333%,4,2,6,2,4,0,0
0x401eb4,50%,4,4,8,0,0,4,4
0x40a95c,98.7654%,4,320,324,0,0,4,320
0x4056ff,77.7778%,4,14,18,14,2,2,0
0x41b2ab,50%,4,4,8,0,0,4,4
0x401e2c,77.7778%,4,14,18,14,2,2,0
0x4033bb,88.8889%,4,32,36,0,0,4,32
0x411d6a,99.9967%,4,122524,122528,0,0,4,122524
0x41afa6,50%,4,4,8,0,0,4,4
0x4084e1,77.7778%,4,14,18,14,2,2,0
0x4141b4,33.3333%,4,2,6,2,2,2,0
0x413281,99.9861%,4,28673,28677,28673,4,0,0
0x41b124,50%,4,4,8,4,4,0,0
0x405823,0%,4,0,4,0,0,4,0
0x40e066,99.3827%,4,644,648,644,4,0,0
0x46fdd3,97.3333%,4,146,150,0,0,4,146
0x40d5df,97.2222%,4,140,144,0,0,4,140
0x411bdb,99.7403%,4,1536,1540,0,0,4,1536
0x412a4e,99.997%,4,135002,135006,67502,1,3,67500
0x41235d,99.997%,4,135230,135234,67616,1,3,67614
0x40f593,42.8571%,4,3,7,2,3,1,1
0x410f62,99.9901%,4,40565,40569,0,0,4,40565
0x414726,66.6667%,4,8,12,0,0,4,8
0x40f258,81.8182%,4,18,22,0,0,4,18
0x4117bf,99.9963%,4,108446,108450,0,0,4,108446
0x411a71,99.9974%,4,151925,151929,151925,4,0,0
0x415670,97.5309%,4,158,162,0,0,4,158
0x40b324,96.7742%,4,120,124,0,0,4,120
0x413770,0%,4,0,4,0,0,4,0
0x411b29,99.9966%,4,118329,118333,118329,4,0,0
0x402d9c,66.6667%,4,8,12,7,1,3,1
0x412f4d,99.9987%,4,303812,303816,151907,1,3,151905
0x402102,88.8889%,4,32,36,0,0,4,32
0x408ba2,77.7778%,4,14,18,14,2,2,0
0x415c10,0%,4,0,4,0,0,4,0
0x415b4a,0%,4,0,4,0,4,0,0
0x415d63,66.6667%,4,8,12,0,0,4,8
0x41578e,99.177%,4,482,486,0,0,4,482
0x415548,99.177%,4,482,486,0,0,4,482
0x40d761,75%,4,12,16,0,0,4,12
0x40db5c,75%,4,12,16,12,2,2,0
0x40b24f,77.7778%,4,14,18,14,2,2,0
0x40c22e,98.6577%,4,294,298,0,0,4,294
0x402ece,77.7778%,4,14,18,14,2,2,0
0x408b65,94.2857%,4,66,70,0,0,4,66
0x407922,93.75%,4,60,64,0,0,4,60
0x4073aa,77.7778%,4,14,18,14,2,2,0
0x406d2d,90.2439%,4,37,41,37,2,2,0
0x45a267,99.7633%,4,1686,1690,1686,4,0,0
0x45a255,99.7633%,4,1686,1690,0,0,4,1686
0x45c38c,99.7633%,4,1686,1690,0,0,4,1686
0x45c3c7,99.7633%,4,1686,1690,0,0,4,1686
0x45c3ac,99.7633%,4,1686,1690,1686,4,0,0
0x413418,99.98%,3,15024,15027,0,0,3,15024
0x408410,96.875%,3,93,96,0,0,3,93
0x411f12,99.9976%,3,122620,122623,122620,3,0,0
0x40e17e,99.537%,3,645,648,0,0,3,645
0x411eee,99.9974%,3,116181,116184,77455,1,2,38726
0x40df02,99.3952%,3,493,496,493,3,0,0
0x4058c6,25%,3,1,4,1,1,2,0
0x40e9e3,99.537%,3,645,648,0,0,3,645
0x40a8ad,83.3333%,3,15,18,15,1,2,0
0x40a8f6,25%,3,1,4,0,0,3,1
0x41aaec,99.8216%,3,1679,1682,0,0,3,1679
0x41ab24,99.8216%,3,1679,1682,1679,3,0,0
0x41ab81,99.8216%,3,1679,1682,0,0,3,1679
0x413566,99.9371%,3,4764,4767,0,0,3,4764
0x40219c,98.6364%,3,217,220,0,0,3,217
0x46fdfa,98%,3,147,150,147,3,0,0
0x40bab6,0%,3,0,3,0,2,1,0
0x401f94,62.5%,3,5,8,2,2,1,3
0x411ac0,99.998%,3,151926,151929,0,0,3,151926
0x458dc9,99.8225%,3,1687,1690,1687,3,0,0
0x40f124,83.3333%,3,15,18,13,3,0,2
0x41a5b1,25%,3,1,4,0,0,3,1
0x402ea9,70%,3,7,10,6,2,1,1
0x40ca24,97.5806%,3,121,124,121,2,1,0
0x40ca76,66.6667%,3,6,9,4,2,1,2
0x41a522,25%,3,1,4,0,0,3,1
0x40496a,91.6667%,3,33,36,0,0,3,33
0x4140b8,50%,3,3,6,3,1,2,0
0x412c51,99.9956%,3,67593,67596,67593,3,0,0
0x412903,99.9934%,3,45142,45145,0,0,3,45142
0x40f1da,83.3333%,3,15,18,15,1,2,0
0x4064d8,50%,3,3,6,2,0,3,1
0x40cbc8,91.6667%,3,33,36,0,0,3,33
0x403423,25%,3,1,4,0,0,3,1
0x45a20a,99.8225%,3,1687,1690,0,0,3,1687
0x410f4b,99.645%,3,842,845,0,0,3,842
0x41136b,99.831%,3,1772,1775,0,0,3,1772
0x40eacf,98.1481%,3,159,162,0,0,3,159
0x40a94c,91.6667%,3,33,36,0,0,3,33
0x406d49,25%,3,1,4,0,2,1,1
0x415cbb,75%,3,9,12,0,0,3,9
0x45a30d,99.8225%,3,1687,1690,0,0,3,1687
0x411fc9,99.8363%,3,1830,1833,0,0,3,1830
0x40e1e5,99.537%,3,645,648,645,3,0,0
0x413caa,25%,3,1,4,0,2,1,1
0x40b73d,97.5806%,3,121,124,0,0,3,121
0x4179c4,62.5%,3,5,8,0,0,3,5
0x40ea3f,62.5%,3,5,8,1,1,2,4
0x406932,83.3333%,3,15,18,15,1,2,0
0x40e73a,62.5%,3,5,8,0,0,3,5
0x40e6b0,62.5%,3,5,8,5,3,0,0
0x407460,25%,3,1,4,0,2,1,1
0x413151,99.9952%,3,62826,62829,62826,3,0,0
0x41795b,0%,3,0,3,0,0,3,0
0x414135,50%,3,3,6,3,1,2,0
0x41470a,75%,3,9,12,0,0,3,9
0x4157d5,98.1481%,3,159,162,0,0,3,159
0x411966,99.806%,3,1543,1546,0,0,3,1543
0x40d866,95.7746%,3,68,71,0,0,3,68
0x4129d1,99.9956%,3,67500,67503,67500,3,0,0
0x4179f0,57.1429%,3,4,7,3,2,1,1
0x412ac8,99.9963%,3,81211,81214,0,0,3,81211
0x415dd8,75%,3,9,12,0,0,3,9
0x45c9e3,99.8225%,3,1687,1690,0,0,3,1687
0x411680,99.9973%,3,109269,109272,0,0,3,109269
0x405c98,62.5%,3,5,8,0,3,0,5
0x41a512,25%,3,1,4,0,0,3,1
0x40ca7f,57.1429%,3,4,7,4,3,0,0
0x41739b,0%,3,0,3,0,3,0,0
0x40eb0d,83.3333%,3,15,18,0,0,3,15
0x40eb20,0%,2,0,2,0,0,2,0
0x46fed8,75%,2,6,8,5,1,1,1
0x412ca6,99.997%,2,67594,67596,0,0,2,67594
0x41b2b6,75%,2,6,8,6,2,0,0
0x40ca7a,33.3333%,2,1,3,1,1,1,0
0x40f2ff,66.6667%,2,4,6,1,1,1,3
0x414d9b,50%,2,2,4,2,0,2,0
0x417a8b,60%,2,3,5,2,2,0,1
0x40baa5,33.3333%,2,1,3,1,2,0,0
0x40ea8d,66.6667%,2,4,6,0,0,2,4
0x41b178,75%,2,6,8,0,0,2,6
0x4133c1,99.9867%,2,15025,15027,15025,2,0,0
0x41a558,50%,2,2,4,0,0,2,2
0x412a20,99.997%,2,67501,67503,0,0,2,67501
0x407973,96.3636%,2,53,55,53,2,0,0
0x40e91b,88.8889%,2,16,18,0,0,2,16
0x401b08,0%,2,0,2,0,0,2,0
0x406d65,0%,2,0,2,0,2,0,0
0x4045cf,0%,2,0,2,0,0,2,0
0x417634,60%,2,3,5,1,1,1,2
0x40883c,97.9167%,2,94,96,0,0,2,94
0x409912,99.4624%,2,370,372,0,0,2,370
0x411d56,99.8912%,2,1837,1839,0,0,2,1837
0x410e76,99.9951%,2,40702,40704,40702,2,0,0
0x412df6,99.9983%,2,116161,116163,0,0,2,116161
0x4132d8,99.993%,2,28675,28677,0,0,2,28675
0x40f578,71.4286%,2,5,7,5,0,2,0
0x413795,50%,2,2,4,0,0,2,2
0x40198b,88.8889%,2,16,18,0,0,2,16
0x405ca7,60%,2,3,5,3,2,0,0
0x413629,0%,2,0,2,0,0,2,0
0x410cb6,99.765%,2,849,851,0,0,2,849
0x4174d4,77.7778%,2,7,9,7,1,1,0
0x40302b,66.6667%,2,4,6,4,0,2,0
0x415db0,50%,2,2,4,2,2,0,0
0x410856,99.776%,2,891,893,0,0,2,891
0x4109b0,99.9867%,2,15043,15045,0,0,2,15043
0x40f766,33.3333%,2,1,3,1,2,0,0
0x40eb54,88.8889%,2,16,18,0,0,2,16
0x41774a,33.3333%,2,1,3,1,2,0,0
0x40a992,50%,2,2,4,2,0,2,0
0x40ba10,33.3333%,2,1,3,1,2,0,0
0x4031f5,66.6667%,2,4,6,4,0,2,0
0x4116e9,99.9982%,2,108600,108602,108600,2,0,0
0x40e936,88.8889%,2,16,18,16,0,2,0
0x417882,92.5926%,2,25,27,0,0,2,25
0x45c3bb,99.8817%,2,1688,1690,0,0,2,1688
0x45c3a3,99.8817%,2,1688,1690,0,0,2,1688
0x413a10,50%,2,2,4,0,0,2,2
0x405a0a,88.8889%,2,16,18,0,0,2,16
0x41041a,99.9879%,2,16582,16584,0,0,2,16582
0x40742e,99.3827%,2,322,324,0,0,2,322
0x4112a5,99.9964%,2,55394,55396,55394,2,0,0
0x414055,88.8889%,2,16,18,15,1,1,1
0x40d001,84.6154%,2,11,13,0,0,2,11
0x41a667,50%,2,2,4,2,2,0,0
0x40354a,94.4444%,2,34,36,0,0,2,34
0x408a04,96.2264%,2,51,53,51,2,0,0
0x458e39,99.8817%,2,1688,1690,0,0,2,1688
0x4131ac,99.9968%,2,62827,62829,0,0,2,62827
0x402289,90.9091%,2,20,22,20,2,0,0
0x41197a,99.9983%,2,118189,118191,0,0,2,118189
0x4141ca,0%,2,0,2,0,2,0,0
0x40193f,0%,2,0,2,0,0,2,0
0x46fe67,75%,2,6,8,0,0,2,6
0x46fe2a,75%,2,6,8,5,1,1,1
0x407aab,88.8889%,2,16,18,0,0,2,16
0x40d308,60%,2,3,5,3,2,0,0
0x401aef,88.8889%,2,16,18,16,0,2,0
0x40c9a2,98.3871%,2,122,124,122,2,0,0
0x40d2da,60%,2,3,5,0,0,2,3
0x40d127,96.2963%,2,52,54,0,0,2,52
0x4131de,99.9968%,2,62827,62829,41886,0,2,20941
0x4030bf,66.6667%,2,4,6,2,2,0,2
0x405672,0%,2,0,2,0,2,0,0
0x458d59,99.8817%,2,1688,1690,0,0,2,1688
0x401b16,88.8889%,2,16,18,0,0,2,16
0x41086a,99.9948%,2,38180,38182,0,0,2,38180
0x4015d6,88.8889%,2,16,18,16,0,2,0
0x40bae1,88.8889%,2,16,18,16,0,2,0
0x405638,50%,2,2,4,0,2,0,2
0x45a275,99.8817%,2,1688,1690,0,0,2,1688
0x40563c,0%,2,0,2,0,0,2,0
0x40e8d2,0%,2,0,2,0,0,2,0
0x4052c1,50%,2,2,4,0,0,2,2
0x40f57e,0%,2,0,2,0,2,0,0
0x4178f3,92.5926%,2,25,27,0,0,2,25
0x40bfcb,99.6644%,1,297,298,0,0,1,297
0x40bf2a,99.6644%,1,297,298,0,0,1,297
0x40ba93,66.6667%,1,2,3,2,0,1,0
0x417872,88.8889%,1,8,9,0,0,1,8
0x405b1e,98.9583%,1,95,96,0,0,1,95
0x40ba30,0%,1,0,1,0,0,1,0
0x40b896,0%,1,0,1,0,0,1,0
0x40f5ce,0%,1,0,1,0,0,1,0
0x40c2cf,99.6644%,1,297,298,0,0,1,297
0x40da23,80%,1,4,5,0,0,1,4
0x40c57a,99.661%,1,294,295,0,0,1,294
0x412821,50%,1,1,2,0,0,1,1
0x406b4e,99.1935%,1,123,124,0,0,1,123
0x40541f,75%,1,3,4,0,0,1,3
0x40f6a1,50%,1,1,2,0,1,0,1
0x40cb1f,83.3333%,1,5,6,4,0,1,1
0x40eb00,50%,1,1,2,0,0,1,1
0x40f3b3,90%,1,9,10,9,1,0,0
0x409845,99.1935%,1,123,124,0,0,1,123
0x40f6b1,0%,1,0,1,0,1,0,0
0x409ced,98.4848%,1,65,66,0,0,1,65
0x415016,50%,1,1,2,1,1,0,0
0x41b015,87.5%,1,7,8,0,0,1,7
0x412ed1,99.9993%,1,151907,151908,151907,1,0,0
0x40cb72,75%,1,3,4,0,0,1,3
0x410961,99.9934%,1,15044,15045,15044,1,0,0
0x458e0f,99.9408%,1,1689,1690,1689,1,0,0
0x412b7d,99.9988%,1,81164,81165,0,0,1,81164
0x41218a,99.9988%,1,81178,81179,0,0,1,81178
0x40b9fe,66.6667%,1,2,3,1,1,0,1
0x4045e0,50%,1,1,2,1,1,0,0
0x40eb72,50%,1,1,2,1,1,0,0
0x4026aa,97.2222%,1,35,36,0,0,1,35
0x405879,97.2222%,1,35,36,0,0,1,35
0x41056d,99.9791%,1,4784,4785,0,0,1,4784
0x40b9a6,0%,1,0,1,0,0,1,0
0x417a22,50%,1,1,2,0,0,1,1
0x417424,0%,1,0,1,0,0,1,0
0x41768b,66.6667%,1,2,3,2,1,0,0
0x408ba7,50%,1,1,2,0,0,1,1
0x40b885,99.1935%,1,123,124,123,0,1,0
0x411fdd,99.9992%,1,122513,122514,0,0,1,122513
0x40e88d,94.4444%,1,17,18,0,0,1,17
0x40f315,66.6667%,1,2,3,1,1,0,1
0x40ea92,91.6667%,1,11,12,5,1,0,6
0x40b995,0%,1,0,1,0,0,1,0
0x401cbf,97.3684%,1,37,38,0,0,1,37
0x458de7,99.9408%,1,1689,1690,0,0,1,1689
0x41ac15,99.9405%,1,1681,1682,0,0,1,1681
0x40eab8,50%,1,1,2,0,0,1,1
0x46fe98,97.5%,1,39,40,0,0,1,39
0x410a16,99.9974%,1,38243,38244,38243,1,0,0
0x412da1,99.9991%,1,116162,116163,116162,1,0,0
0x40dfee,99.8457%,1,647,648,0,0,1,647
0x40e984,87.5%,1,7,8,0,0,1,7
0x40f2f5,85.7143%,1,6,7,1,0,1,5
0x41a5a2,75%,1,3,4,3,1,0,0
0x41a594,75%,1,3,4,0,0,1,3
0x414202,75%,1,3,4,2,0,1,1
0x41a475,75%,1,3,4,0,0,1,3
0x41a4bb,75%,1,3,4,0,0,1,3
0x41358d,99.9895%,1,9533,9534,4767,0,1,4766
0x412466,99.9532%,1,2138,2139,0,0,1,2138
0x41a4c0,75%,1,3,4,3,1,0,0
0x41b01e,87.5%,1,7,8,7,1,0,0
0x401f1b,98.6111%,1,71,72,0,0,1,71
0x41a530,75%,1,3,4,0,0,1,3
0x412712,50%,1,1,2,0,0,1,1
0x411526,99.9534%,1,2144,2145,0,0,1,2144
0x41247a,99.9978%,1,45158,45159,0,0,1,45158
0x40b849,99.1935%,1,123,124,0,0,1,123
0x410aeb,99.8873%,1,886,887,0,0,1,886
0x458d75,99.9408%,1,1689,1690,0,0,1,1689
0x40af66,99.1935%,1,123,124,0,0,1,123
0x402da1,75%,1,3,4,0,0,1,3
0x4173dd,0%,1,0,1,0,1,0,0
0x4128ef,99.9531%,1,2132,2133,0,0,1,2132
0x410cca,99.9975%,1,40582,40583,0,0,1,40582
0x4149e1,75%,1,3,4,0,0,1,3
0x45c3d0,99.9408%,1,1689,1690,0,0,1,1689
0x40f309,75%,1,3,4,0,1,0,3
0x4173d4,66.6667%,1,2,3,1,1,0,1
0x403290,83.3333%,1,5,6,3,1,0,2
0x405513,75%,1,3,4,3,1,0,0
0x417806,66.6667%,1,2,3,0,0,1,2
0x413640,75%,1,3,4,0,0,1,3
0x408b38,95.4545%,1,21,22,0,0,1,21
0x4111e1,100%,0,62847,62847,62847,0,0,0
0x40b522,100%,0,124,124,0,0,0,124
0x40f446,100%,0,3,3,0,0,0,3
0x40ca20,100%,0,124,124,0,0,0,124
0x40aade,100%,0,124,124,0,0,0,124
0x40ea44,100%,0,6,6,0,0,0,6
0x4033d1,100%,0,324,324,0,0,0,324
0x413619,100%,0,4,4,2,0,0,2
0x4159e0,100%,0,4,4,0,0,0,4
0x4148bc,100%,0,4,4,0,0,0,4
0x40b398,100%,0,124,124,0,0,0,124
0x40ba21,100%,0,3,3,2,0,0,1
0x4064e7,100%,0,4,4,4,0,0,0
0x40f5bb,100%,0,1,1,0,0,0,1
0x41b596,100%,0,8,8,0,0,0,8
0x41124a,100%,0,62847,62847,0,0,0,62847
0x40f5dd,100%,0,1,1,0,0,0,1
0x4174dd,100%,0,1,1,0,0,0,1
0x410504,100%,0,4785,4785,4785,0,0,0
0x40c889,100%,0,295,295,0,0,0,295
0x40ff91,100%,0,27325,27325,0,0,0,27325
0x40f5a8,100%,0,1,1,0,0,0,1
0x40631e,100%,0,18,18,0,0,0,18
0x40ba41,100%,0,1,1,0,0,0,1
0x41069d,100%,0,16570,16570,0,0,0,16570
0x417a0c,100%,0,2,2,0,0,0,2
0x413fa9,100%,0,2,2,0,0,0,2
0x4073bd,100%,0,4,4,0,0,0,4
0x413011,100%,0,109254,109254,109254,0,0,0
0x4117ab,100%,0,2139,2139,0,0,0,2139
0x41a53e,100%,0,4,4,0,0,0,4
0x40311e,100%,0,2,2,0,0,0,2
0x40cc13,100%,0,4,4,2,0,0,2
0x40ce17,100%,0,16,16,0,0,0,16
0x40f59e,100%,0,2,2,1,0,0,1
0x41afe7,100%,0,8,8,8,0,0,0
0x411eba,100%,0,116184,116184,0,0,0,116184
0x4122e1,100%,0,67617,67617,67617,0,0,0
0x4079c7,100%,0,5,5,0,0,0,5
0x41ab0a,100%,0,1682,1682,0,0,0,1682
0x416240,100%,0,2,2,0,0,0,2
0x408452,100%,0,96,96,96,0,0,0
0x40450c,100%,0,2,2,0,0,0,2
0x412561,100%,0,67524,67524,67524,0,0,0
0x41b1d8,100%,0,8,8,0,0,0,8
0x41b116,100%,0,8,8,8,0,0,0
0x408a96,100%,0,8,8,0,0,0,8
0x40e898,100%,0,162,162,0,0,0,162
0x4174e7,100%,0,1,1,0,0,0,1
0x41b348,100%,0,8,8,0,0,0,8
0x407641,100%,0,18,18,0,0,0,18
0x413f9b,100%,0,2,2,2,0,0,0
0x410dc1,100%,0,28695,28695,28695,0,0,0
0x4020bb,100%,0,36,36,0,0,0,36
0x4057c6,100%,0,12,12,8,0,0,4
0x402688,100%,0,36,36,0,0,0,36
0x407413,100%,0,36,36,0,0,0,36
0x40e81e,100%,0,2,2,0,0,0,2
0x41b15e,100%,0,8,8,0,0,0,8
0x403376,100%,0,4,4,0,0,0,4
0x413cc5,100%,0,2,2,0,0,0,2
0x458da8,100%,0,1690,1690,0,0,0,1690
0x404f46,100%,0,4,4,0,0,0,4
0x40f39f,100%,0,10,10,7,0,0,3
0x410689,100%,0,789,789,0,0,0,789
0x41b3d7,100%,0,8,8,8,0,0,0
0x405a46,100%,0,18,18,0,0,0,18
0x40b8ec,100%,0,1,1,1,0,0,0
0x411bef,100%,0,118177,118177,0,0,0,118177
0x40afcd,100%,0,124,124,124,0,0,0
0x41abd9,100%,0,1682,1682,0,0,0,1682
0x417aab,100%,0,3,3,3,0,0,0
0x412330,100%,0,67617,67617,0,0,0,67617
0x413b86,100%,0,12,12,0,0,0,12
0x40f3a4,100%,0,3,3,3,0,0,0
0x40f5ec,100%,0,1,1,1,0,0,0
0x404385,100%,0,2,2,0,0,0,2
0x412f2c,100%,0,151908,151908,0,0,0,151908
0x411631,100%,0,109272,109272,109272,0,0,0
0x414c85,100%,0,4,4,0,0,0,4
0x45c9ca,100%,0,1690,1690,0,0,0,1690
0x40af91,100%,0,124,124,0,0,0,124
0x4125b0,100%,0,67524,67524,0,0,0,67524
0x41b5a8,100%,0,8,8,0,0,0,8
0x40588e,100%,0,324,324,0,0,0,324
0x402f6e,100%,0,2,2,0,0,0,2
0x405429,100%,0,4,4,0,0,0,4
0x411e51,100%,0,116184,116184,116184,0,0,0
0x408a81,100%,0,19,19,19,0,0,0
0x40534a,100%,0,4,4,0,0,0,4
0x41137f,100%,0,55306,55306,0,0,0,55306
0x415bf8,100%,0,4,4,4,0,0,0
