Branch PC,Accuracy,Mispredictions,Correct Predictions,Total,dir_t_pred_t,dir_t_pred_nt,dir_nt_pred_t,dir_nt_pred_nt
aggregate,98.4773%,390251,25238584,25628835,15493415,153311,236940,9745169
0x411cdb,94.3008%,46752,773573,820325,722789,16887,29865,50784
0x4120ef,94.0551%,37504,593351,630855,555825,11277,26227,37526
0x41104e,95.6278%,33263,727519,760782,669492,11213,22050,58027
0x411480,93.0614%,25924,347694,373618,257476,9908,16016,90218
0x410794,92.9051%,21344,279490,300834,225340,8562,12782,54150
0x412e6e,97.4878%,20607,799661,820268,715947,9757,10850,83714
0x41321e,97.5573%,18582,742143,760725,666885,9337,9245,75258
0x4130f0,95.7755%,15781,357780,373561,288674,4867,10914,69106
0x412d38,97.9439%,12970,617828,630798,545274,4932,8038,72554
0x4134a1,95.7829%,12684,288094,300778,258342,4657,8027,29752
0x412633,94.1028%,12154,193945,206099,36427,6801,5353,157518
0x4118ce,97.0159%,11804,383756,395560,296482,4457,7347,87274
0x410c08,94.3687%,11590,194223,205813,116300,4954,6636,77923
0x4123df,83.2228%,10696,53057,63753,23057,6319,4377,30000
0x410341,94.4254%,10027,169844,179871,32233,5602,4425,137611
0x41ac73,94.4819%,9215,157780,166995,143809,4698,4517,13971
0x41ae23,95.1228%,7270,141791,149061,141423,408,6862,368
0x4135e8,96.6543%,6016,173799,179815,157026,2459,3557,16773
0x41ad1f,91.5768%,5481,59589,65070,56846,994,4487,2743
0x412fb0,98.6425%,5369,390134,395503,286153,3173,2196,103981
0x413360,99.043%,1969,203788,205757,138023,858,1111,65765
0x41acba,98.8311%,1952,165043,166995,130353,474,1478,34690
0x40c2fb,60.0886%,631,950,1581,885,169,462,65
0x40de8a,74.5424%,598,1751,2349,162,464,134,1589
0x401ce3,63.9376%,555,984,1539,200,338,217,784
0x40c953,65.0221%,553,1028,1581,918,136,417,110
0x40c657,65.8444%,540,1041,1581,875,179,361,166
0x401d33,67.9012%,494,1045,1539,152,344,150,893
0x401dc4,68.2911%,488,1051,1539,963,159,329,88
0x409b7f,66.0364%,467,908,1375,53,341,126,855
0x40b57b,90.2197%,463,4271,4734,4191,17,446,80
0x40acc3,91.0858%,422,4312,4734,4152,56,366,160
0x406cc6,65.0338%,414,770,1184,35,295,119,735
0x40f66f,83.1142%,411,2023,2434,1897,138,273,126
0x412629,99.3551%,410,63170,63580,11125,237,173,52045
0x40c0b8,75.9013%,381,1200,1581,1197,51,330,3
0x409d02,76.777%,379,1253,1632,528,204,175,725
0x40bdac,76.1543%,377,1204,1581,10,323,54,1194
0x409b47,83.8302%,358,1856,2214,720,119,239,1136
0x406c9b,82.8189%,334,1610,1944,645,115,219,965
0x409cc8,69.6737%,316,726,1042,81,221,95,645
0x40aa5c,94.3157%,314,5210,5524,4926,71,243,284
0x40a83e,85.8627%,313,1901,2214,1890,78,235,11
0x40c713,80.3289%,311,1270,1581,1261,54,257,9
0x409cdb,95.3904%,307,6353,6660,5825,95,212,528
0x415803,66.0271%,301,585,886,368,148,153,217
0x40c3fc,81.2144%,297,1284,1581,17,249,48,1267
0x40f2d5,79.8751%,290,1151,1441,1126,74,216,25
0x4114c1,99.7289%,288,105946,106234,22154,138,150,83792
0x40df85,87.9097%,284,2065,2349,2065,23,261,0
0x409b92,96.8513%,278,8551,8829,7750,98,180,801
0x41108f,99.6728%,262,79815,80077,16709,154,108,63106
0x402c4d,64.8834%,256,473,729,52,150,106,421
0x407353,86.9342%,254,1690,1944,1678,50,204,12
0x4097ea,65.1578%,254,475,729,18,184,70,457
0x40ea00,89.3146%,251,2098,2349,2055,33,218,43
0x40e266,89.275%,250,2081,2331,2072,2,248,9
0x4157fb,64.8876%,250,462,712,7,189,61,455
0x40e107,89.3737%,246,2069,2315,2063,5,241,6
0x40aa4d,95.8086%,240,5486,5726,0,202,38,5486
0x40bcce,95.8217%,240,5504,5744,3,199,41,5501
0x412660,99.564%,238,54352,54590,51589,76,162,2763
0x406a70,67.4897%,237,492,729,30,172,65,462
0x402745,63.4259%,237,411,648,21,162,75,390
0x409dc4,84.3915%,236,1276,1512,1269,75,161,7
0x409c9f,84.3915%,236,1276,1512,345,125,111,931
0x415138,67.6269%,236,493,729,440,87,149,53
0x412645,99.8576%,232,162639,162871,8881,109,123,153758
0x41212f,99.5628%,225,51243,51468,50704,38,187,539
0x409d27,81.6736%,219,976,1195,603,129,90,373
0x401d41,85.77%,219,1320,1539,1316,52,167,4
0x40218b,66.358%,218,430,648,22,159,59,408
0x405b15,61.552%,218,349,567,51,112,106,298
0x4063e7,61.7284%,217,350,567,46,115,102,304
0x405c4d,88.7331%,217,1709,1926,1642,70,147,67
0x401f62,90.8046%,216,2133,2349,2088,0,216,45
0x40b308,96.2317%,216,5516,5732,0,202,14,5516
0x41ae1d,99.8484%,215,141616,141831,28764,138,77,112852
0x4087ef,62.2575%,214,353,567,27,134,80,326
0x40641f,94.1434%,214,3440,3654,3159,89,125,281
0x40b317,96.1483%,213,5317,5530,4949,54,159,368
0x401a84,71.1934%,210,519,729,49,122,88,470
0x407968,58.4178%,205,288,493,116,116,89,172
0x4110ab,99.6757%,205,63009,63214,62708,38,167,301
0x401cf1,86.8096%,203,1336,1539,1332,36,167,4
0x410c59,99.7611%,202,84357,84559,25927,96,106,58430
0x40e62a,91.1477%,199,2049,2248,1966,34,165,83
0x40defd,98.7425%,195,15312,15507,13730,54,141,1582
0x41223d,99.6941%,195,63558,63753,24891,105,90,38667
0x40791d,90.6609%,195,1893,2088,1770,86,109,123
0x4064b6,89.604%,189,1629,1818,1549,67,122,80
0x410fb4,99.7787%,187,84316,84503,26882,102,85,57434
0x401cae,74.7599%,184,545,729,505,53,131,40
0x411d18,99.7307%,183,67768,67951,67362,50,133,406
0x40844d,95.022%,181,3455,3636,3182,50,131,273
0x40840b,68.254%,180,387,567,16,147,33,371
0x411cfc,99.7793%,178,80471,80649,12601,97,81,67870
0x409bbc,82.8746%,168,813,981,804,39,129,9
0x410a85,99.7503%,167,66709,66876,11756,60,107,54953
0x409840,96.5423%,164,4579,4743,4168,48,116,411
0x4107ed,99.755%,164,66768,66932,11745,79,85,55023
0x40ced1,97.1879%,164,5668,5832,5142,42,122,526
0x412276,99.3479%,163,24833,24996,3912,99,64,20921
0x411b94,99.779%,162,73156,73318,72899,40,122,257
0x412024,99.799%,162,80430,80592,34388,93,69,46042
0x406d21,92.3224%,161,1936,2097,1810,54,107,126
0x40f685,59.6491%,161,238,399,214,57,104,24
0x409d70,84.6743%,160,884,1044,850,78,82,34
0x406209,73.3686%,151,416,567,405,81,70,11
0x40279d,96.3919%,151,4034,4185,3657,63,88,377
0x402c9d,96.8164%,151,4592,4743,4159,57,94,433
0x404170,92.0867%,146,1699,1845,1579,61,85,120
0x403600,97.4966%,146,5686,5832,5120,64,82,566
0x40f702,88.7771%,145,1147,1292,797,67,78,350
0x40d122,92.5404%,143,1774,1917,1667,37,106,107
0x4040f0,97.5652%,142,5690,5832,5117,67,75,573
0x405c10,54.9206%,142,173,315,20,81,61,153
0x40f41e,70.2929%,142,336,478,321,53,89,15
0x411814,99.8663%,142,106035,106177,55683,64,78,50352
0x405b5d,96.1221%,141,3495,3636,3162,70,71,333
0x40e061,99.3321%,140,20821,20961,18591,41,99,2230
0x4079ad,93.295%,140,1948,2088,1812,44,96,136
0x406ced,83.8407%,138,716,854,548,73,65,168
0x4083d5,60.4046%,137,209,346,199,68,69,10
0x411309,99.8288%,137,79883,80020,16796,59,78,63087
0x41241f,99.4503%,135,24422,24557,23936,27,108,486
0x41115f,99.8314%,135,79942,80077,32026,78,57,47916
0x409acd,81.8428%,134,604,738,435,57,77,169
0x4106ec,99.6506%,132,37647,37779,9142,77,55,28505
0x411740,99.8757%,132,106045,106177,22212,72,60,83833
0x4089f0,63.0986%,131,224,355,42,85,46,182
0x40e1e0,99.3766%,131,20884,21015,18653,27,104,2231
0x4033ed,98.0034%,131,6430,6561,5816,16,115,614
0x406c35,79.784%,131,517,648,363,69,62,154
0x40d861,91.3506%,130,1373,1503,1318,18,112,55
0x4114dd,99.8451%,130,83812,83942,83168,35,95,644
0x41158a,99.8805%,127,106107,106234,55737,50,77,50370
0x410473,99.6643%,127,37708,37835,9188,71,56,28520
0x40bcf4,92.9213%,126,1654,1780,1224,29,97,430
0x411923,99.8283%,126,73241,73367,72942,22,104,299
0x404bfc,80.5556%,126,522,648,513,54,72,9
0x4089ff,93.9084%,125,1927,2052,1776,48,77,151
0x407ac2,83.7908%,124,641,765,637,43,81,4
0x4068d3,78.3069%,123,444,567,441,45,78,3
0x408837,96.7433%,119,3535,3654,3208,40,79,327
0x40babf,83.6763%,119,610,729,606,42,77,4
0x402577,81.6358%,119,529,648,520,47,72,9
0x40bfff,92.5364%,118,1463,1581,1032,22,96,431
0x411f7a,99.8336%,113,67789,67902,67365,22,91,424
0x4103a8,99.7013%,113,37722,37835,8320,57,56,29402
0x401df5,84.6365%,112,617,729,613,35,77,4
0x401ad6,84.7737%,111,618,729,611,37,74,7
0x41515a,84.9108%,110,619,729,614,34,76,5
0x40f567,91.5123%,110,1186,1296,1183,34,76,3
0x406482,63.6964%,110,193,303,33,68,42,160
0x406335,84.9108%,110,619,729,617,31,79,2
0x411907,99.8848%,109,94512,94621,21194,60,49,73318
0x40d3ca,83.179%,109,539,648,537,39,70,2
0x4078de,69.0751%,107,239,346,48,66,41,191
0x40e9f4,99.4939%,107,21034,21141,18772,20,87,2262
0x411b78,99.8879%,106,94458,94564,21191,55,51,73267
0x4033f9,85.4595%,106,623,729,623,25,81,0
0x416203,85.1124%,106,606,712,606,27,79,0
0x40f714,75.2336%,106,322,428,240,48,58,82
0x407a6d,86.2745%,105,660,765,659,21,84,1
0x407aa0,51.3889%,105,111,216,33,52,53,78
0x410d1a,99.8758%,105,84454,84559,26979,45,60,57475
0x402a91,83.9506%,104,544,648,543,24,80,1
0x412b1c,99.7997%,103,51317,51420,50702,16,87,615
0x41175c,99.8784%,102,83791,83893,83163,15,87,628
0x40565c,84.2593%,102,546,648,15,66,36,531
0x40d62d,98.251%,102,5730,5832,5152,32,70,578
0x412113,99.84%,102,63651,63753,12232,53,49,51419
0x4108ba,99.8491%,101,66831,66932,12583,57,44,54248
0x4084d5,82.1869%,101,466,567,465,21,80,1
0x41295a,99.6623%,99,29221,29320,17225,27,72,11996
0x40a862,86.5854%,99,639,738,635,21,78,4
0x40f6f2,95.9671%,98,2332,2430,1158,59,39,1174
0x40738b,86.5569%,98,631,729,631,17,81,0
0x409c5b,80.754%,97,407,504,291,45,52,116
0x406b90,81.5939%,97,430,527,425,30,67,5
0x41043e,99.8899%,97,88035,88132,58640,34,63,29395
0x40c9fb,65.233%,97,182,279,78,53,44,104
0x4113c4,99.8788%,97,79923,80020,32028,36,61,47895
0x4061a4,69.2063%,97,218,315,213,33,64,5
0x405a3e,86.6941%,97,632,729,606,42,55,26
0x411f5e,99.8809%,96,80496,80592,12613,77,19,67883
0x408b27,85.9649%,96,588,684,578,30,66,10
0x4124bf,99.6732%,96,29280,29376,17235,57,39,12045
0x40eadd,87.1056%,94,635,729,635,13,81,0
0x40a88e,87.1056%,94,635,729,633,15,79,2
0x403690,95.6116%,94,2048,2142,1881,23,71,167
0x409965,82.3529%,93,434,527,426,19,74,8
0x412bcc,99.854%,93,63603,63696,24914,42,51,38689
0x40a977,87.2428%,93,636,729,636,12,81,0
0x40564b,74.4505%,93,271,364,254,29,64,17
0x403c89,85.8025%,92,556,648,556,11,81,0
0x40589d,98.5978%,92,6469,6561,5790,42,50,679
0x4020fd,87.38%,92,637,729,618,30,62,19
0x4021cd,97.8349%,91,4112,4203,3701,35,56,411
0x40950d,74.3662%,91,264,355,253,31,60,11
0x401412,67.7419%,90,189,279,176,39,51,13
0x40ca9e,87.6543%,90,639,729,637,11,79,2
0x40db1a,86.2654%,89,559,648,559,17,72,0
0x410809,99.8385%,89,55019,55108,54794,27,62,225
0x401f4f,99.579%,89,21052,21141,18755,37,52,2297
0x40775d,97.5523%,89,3547,3636,3202,30,59,345
0x40332e,87.9287%,88,641,729,631,17,71,10
0x41112e,99.954%,87,189087,189174,125943,17,70,63144
0x40473e,86.5741%,87,561,648,560,7,80,1
0x401de2,83.0409%,87,426,513,320,22,65,106
0x408b40,52.1978%,87,95,182,32,43,44,63
0x40e8b4,88.0658%,87,642,729,642,6,81,0
0x411dc7,99.8946%,85,80564,80649,34489,32,53,46075
0x401b23,88.4774%,84,645,729,626,22,62,19
0x408879,79.3103%,84,322,406,318,17,67,4
0x407765,79.2079%,84,320,404,7,72,12,313
0x409574,85.1852%,84,483,567,475,11,73,8
0x4058a9,88.4774%,84,645,729,645,3,81,0
0x403c3c,64.7059%,84,154,238,149,34,50,5
0x409d5f,88.5246%,84,648,732,599,17,67,49
0x40e71d,96.4666%,83,2266,2349,2058,30,53,208
0x41155e,99.9669%,83,251004,251087,167124,21,62,83880
0x40b22f,88.6145%,83,646,729,639,9,74,7
0x407449,88.6145%,83,646,729,646,2,81,0
0x40bcdd,98.5204%,82,5460,5542,3735,27,55,1725
0x411c44,99.9133%,82,94482,94564,45317,47,35,49165
0x410ef9,99.8615%,81,58407,58488,58254,12,69,153
0x411325,99.8718%,81,63084,63165,62701,20,61,383
0x40cbf3,88.8889%,81,648,729,648,0,81,0
0x40acb8,99.8099%,81,42525,42606,37858,14,67,4667
0x409df7,84.127%,80,424,504,410,38,42,14
0x4019b9,89.1632%,79,650,729,645,3,76,5
0x408b7c,88.1381%,79,587,666,566,26,53,21
0x40d884,52.6946%,79,88,167,15,40,39,73
0x40a96b,98.8264%,77,6484,6561,5819,13,64,665
0x405b65,80.9406%,77,327,404,325,10,67,2
0x40d145,63.8498%,77,136,213,5,58,19,131
0x409c15,71.4286%,76,190,266,3,53,23,187
0x40ca7a,57.3034%,76,102,178,27,45,31,75
0x4103c4,99.7454%,75,29383,29458,29210,6,69,173
0x40e662,71.2644%,75,186,261,129,45,30,57
0x40d15f,50.6667%,74,76,150,20,32,42,56
0x410d56,99.7336%,72,26952,27024,3300,43,29,23652
0x40ead4,98.9026%,72,6489,6561,5816,16,56,673
0x4015c1,90.1235%,72,657,729,621,27,45,36
0x40d37d,66.6667%,71,142,213,125,38,33,17
0x403608,89.0432%,71,577,648,575,18,53,2
0x40645c,82.7586%,70,336,406,324,20,50,12
0x410edd,99.9183%,69,84434,84503,25972,43,26,58462
0x4019ad,98.9636%,68,6493,6561,5807,25,43,686
0x40736f,89.5062%,68,580,648,555,21,47,25
0x40689c,77.5578%,68,235,303,219,22,46,16
0x40763c,90.6722%,68,661,729,634,14,54,27
0x40f72e,52.1429%,67,73,140,63,33,34,10
0x40ddfd,97.1477%,67,2282,2349,2061,27,40,221
0x40ced6,89.6605%,67,581,648,580,18,49,1
0x40d632,89.8148%,66,582,648,573,35,31,9
0x40d561,89.8148%,66,582,648,565,11,55,17
0x401dd6,95.7765%,65,1474,1539,988,38,27,486
0x41a638,95.6104%,64,1394,1458,1280,16,48,114
0x412884,99.7817%,64,29256,29320,4776,35,29,24480
0x402e51,66.4921%,64,127,191,24,40,24,103
0x40f325,95.6189%,63,1375,1438,932,28,35,443
0x4128a0,99.743%,63,24446,24509,23915,24,39,531
0x4086ee,91.358%,63,666,729,638,10,53,28
0x40daca,62.8743%,62,105,167,97,30,32,8
0x401503,77.7778%,62,217,279,154,32,30,63
0x408a52,96.9786%,62,1990,2052,1803,21,41,187
0x417892,57.6389%,61,83,144,69,30,31,14
0x408b5a,55.7971%,61,77,138,35,39,22,42
0x4026a5,91.6324%,61,668,729,620,28,33,48
0x41b3c3,91.453%,60,642,702,584,40,20,58
0x40743d,99.0855%,60,6501,6561,5802,30,30,699
0x40cf0a,86.6667%,60,390,450,387,13,47,3
0x40f2a3,95.8362%,60,1381,1441,924,38,22,457
0x41ad47,99.917%,60,72240,72300,65042,28,32,7198
0x40bf9f,99.4658%,60,11172,11232,9980,4,56,1192
0x40135c,78.853%,59,220,279,220,28,31,0
0x40ca1a,78.853%,59,220,279,217,31,28,3
0x40e8a8,99.1007%,59,6502,6561,5816,16,43,686
0x417734,97.2339%,59,2074,2133,1881,15,44,193
0x408a57,74.1228%,59,169,228,168,25,34,1
0x40f39a,87.8661%,58,420,478,419,25,33,1
0x407a57,57.3529%,58,78,136,24,27,31,54
0x4130fe,99.8191%,58,32006,32064,3402,38,20,28604
0x409924,98.7771%,58,4685,4743,3146,16,42,1539
0x408b14,55.0388%,58,71,129,12,41,17,59
0x402e2f,78.8889%,57,213,270,56,23,34,157
0x412d46,99.8376%,56,34425,34481,2916,35,21,31509
0x40ca95,79.9283%,56,223,279,221,27,29,2
0x405c52,73.8318%,56,158,214,156,26,30,2
0x40af3a,98.8171%,56,4678,4734,4182,26,30,496
0x406b46,96.4579%,56,1525,1581,1031,23,33,494
0x41336e,99.5556%,56,12544,12600,3926,38,18,8618
0x411d8e,99.9729%,55,203259,203314,135340,23,32,67919
0x40d8db,93.1336%,55,746,801,693,19,36,53
0x4121ae,99.9642%,55,153623,153678,102191,19,36,51432
0x4079b2,76.7241%,54,178,232,3,33,21,175
0x4177a3,96.5671%,54,1519,1573,1403,13,41,116
0x410629,99.8571%,54,37725,37779,8347,22,32,29378
0x411c1e,99.9754%,54,219521,219575,146246,11,43,73275
0x404045,92.7298%,53,676,729,624,24,29,52
0x40d19e,93.9909%,53,829,882,770,14,39,59
0x40b570,99.8756%,53,42553,42606,37861,11,42,4692
0x417634,80.8824%,52,220,272,2,33,19,218
0x404d3c,85.7143%,52,312,364,299,26,26,13
0x403545,92.8669%,52,677,729,624,24,28,53
0x4117ee,99.9797%,51,250913,250964,167055,16,35,83858
0x40eb5e,93.0041%,51,678,729,631,17,34,47
0x410e52,99.9282%,51,70992,71043,47334,28,23,23658
0x4106ce,99.9421%,51,87961,88012,58579,23,28,29382
0x401420,81.7204%,51,228,279,227,21,30,1
0x409bb7,99.4224%,51,8778,8829,7832,16,35,946
0x409bf9,63.0435%,51,87,138,59,21,30,28
0x40ca76,82.0789%,50,229,279,85,16,34,144
0x40e146,80.8429%,50,211,261,210,22,28,1
0x4040f5,92.284%,50,598,648,597,8,42,1
0x40f2eb,79.2531%,50,191,241,186,21,29,5
0x411196,99.8474%,49,32055,32104,3424,32,17,28631
0x402ef2,81.8519%,49,221,270,220,20,29,1
0x4046f4,76.5854%,48,157,205,147,15,33,10
0x4104b6,99.4816%,48,9211,9259,5182,12,36,4029
0x40cbe7,99.2684%,48,6513,6561,5809,23,25,704
0x40c9ff,67.5676%,48,100,148,42,25,23,58
0x406b8b,98.988%,48,4695,4743,4201,15,33,494
0x411a06,99.8965%,47,45357,45404,2801,31,16,42556
0x40227d,81.3492%,47,205,252,205,19,28,0
0x410b2e,99.9715%,47,164870,164917,109846,11,36,55024
0x408874,98.7137%,47,3607,3654,3237,11,36,370
0x4013c2,83.5125%,46,233,279,232,14,32,1
0x40ea11,82.3755%,46,215,261,215,17,29,0
0x402e9d,73.0994%,46,125,171,125,27,19,0
0x406d49,78.9954%,46,173,219,11,31,15,162
0x4175a4,82.963%,46,224,270,222,18,28,2
0x40cada,43.2099%,46,35,81,17,37,9,18
0x40ce12,92.9012%,46,602,648,542,34,12,60
0x417a8b,83.4559%,45,227,272,225,17,28,2
0x406b35,99.0512%,45,4698,4743,3136,26,19,1562
0x406d2d,80.6867%,45,188,233,174,15,30,14
0x41088e,99.9727%,45,164992,165037,109906,23,22,55086
0x41249e,99.9398%,44,73033,73077,48512,8,36,24521
0x40f2b3,95.4262%,44,918,962,457,24,20,461
0x410b54,99.9342%,44,66832,66876,12567,33,11,54265
0x4155e6,99.3143%,44,6373,6417,4260,18,26,2113
0x407a87,62.3932%,44,73,117,53,32,12,20
0x408bb9,66.6667%,43,86,129,75,20,23,11
0x410cee,99.9755%,43,175319,175362,116814,12,31,58505
0x40df9f,83.5249%,43,218,261,218,14,29,0
0x40c9a2,91.8406%,43,484,527,481,15,28,3
0x40d1cf,52.2222%,43,47,90,47,33,10,0
0x40d89e,62.5%,42,70,112,5,18,24,65
0x409d75,63.7931%,42,74,116,65,32,10,9
0x412fbe,99.9265%,41,55706,55747,3417,23,18,52289
0x40e92a,94.3759%,41,688,729,629,19,22,59
0x4173d4,70.7143%,41,99,140,93,16,25,6
0x411e06,99.8841%,40,34481,34521,2942,25,15,31539
0x40cbff,50.6173%,40,41,81,41,31,9,0
0x4013d0,85.6631%,40,239,279,239,9,31,0
0x40ee1b,81.4815%,40,176,216,51,30,10,125
0x4134b7,99.577%,39,9180,9219,5164,14,25,4016
0x41322c,99.8555%,39,26945,26984,3304,23,16,23641
0x40eb12,94.6502%,39,690,729,634,14,25,56
0x402e78,69.2913%,39,88,127,86,22,17,2
0x41139e,99.9794%,39,189012,189051,125872,14,25,63140
0x40e729,85.0575%,39,222,261,222,10,29,0
0x40e0c5,48%,39,36,75,3,11,28,33
0x412403,99.8706%,38,29338,29376,4803,16,22,24535
0x412853,99.8135%,38,20340,20378,29,27,11,20311
0x408a76,50%,38,38,76,18,16,22,20
0x412e7c,99.9162%,38,45326,45364,2789,27,11,42537
0x40280d,87.9085%,37,269,306,258,14,23,11
0x410c75,99.9368%,37,58499,58536,58286,4,33,213
0x41298f,99.7855%,37,17215,17252,3011,29,8,14204
0x46fec2,78.2353%,37,133,170,118,18,19,15
0x414625,77.1605%,37,125,162,117,27,10,8
0x411ffe,99.9823%,36,203155,203191,135273,16,20,67882
0x4057b5,55.5556%,36,45,81,27,27,9,18
0x4174d4,86.6667%,36,234,270,233,7,29,1
0x41059e,99.7048%,36,12159,12195,8114,16,20,4045
0x410645,99.8776%,36,29374,29410,29189,3,33,185
0x40f692,71.875%,36,92,128,86,15,21,6
0x41292e,99.952%,35,72922,72957,48442,6,29,24480
0x40c35d,97.7862%,35,1546,1581,0,0,35,1546
0x4179e3,60.2273%,35,53,88,52,8,27,1
0x40e2ad,86.59%,35,226,261,226,6,29,0
0x41199e,99.9841%,35,219663,219698,146319,12,23,73344
0x40b885,93.5361%,34,492,526,492,3,31,0
0x40d66e,90.5556%,34,326,360,307,13,21,19
0x40ee5c,79.0123%,34,128,162,127,8,26,1
0x40f593,52.7778%,34,38,72,34,20,14,4
0x40ef3e,86.3636%,33,209,242,209,7,26,0
0x40c8fb,99.7212%,33,11802,11835,10510,10,23,1292
0x413c8f,31.25%,33,15,48,13,19,14,2
0x417904,74.0157%,33,94,127,89,26,7,5
0x410aa1,99.9419%,32,55028,55060,54790,7,25,238
0x40ca24,93.5484%,32,464,496,464,1,31,0
0x40afcd,93.9163%,32,494,526,494,1,31,0
0x4014f2,88.5305%,32,247,279,247,29,3,0
0x412b00,99.9498%,32,63665,63697,12251,26,6,51414
0x412bae,99.9792%,32,153526,153558,102127,11,21,51399
0x415d96,61.7284%,31,50,81,46,8,23,4
0x415107,61.7284%,31,50,81,48,24,7,2
0x40e792,96.5208%,31,860,891,785,7,24,75
0x4119ca,99.9672%,31,94590,94621,45388,16,15,49202
0x40de09,88.1226%,31,230,261,230,2,29,0
0x414025,62.963%,30,51,81,44,28,2,7
0x4027e0,51.6129%,30,32,62,5,23,7,27
0x401f73,88.5057%,30,231,261,231,1,29,0
0x4108f6,99.7706%,29,12611,12640,3961,19,10,8650
0x40e67f,66.6667%,29,58,87,46,12,17,12
0x40e568,98.7174%,29,2232,2261,2231,17,12,1
0x413d30,59.7222%,29,43,72,43,21,8,0
0x40150f,68.8172%,29,64,93,57,5,24,7
0x417792,98.2456%,29,1624,1653,71,9,20,1553
0x40d914,70.7071%,29,70,99,70,18,11,0
0x4115c6,99.9498%,28,55759,55787,3442,14,14,52317
0x46fda7,95.6656%,28,618,646,24,10,18,594
0x412372,99.9555%,28,62927,62955,41953,17,11,20974
0x40ee0e,88.4774%,28,215,243,8,19,9,207
0x4064c2,86.1386%,28,174,202,173,6,22,1
0x402de7,70%,27,63,90,49,11,16,14
0x40aada,99.4307%,27,4716,4743,4211,5,22,505
0x41330e,99.962%,27,70944,70971,47299,15,12,23645
0x414ffe,66.6667%,27,54,81,46,26,1,8
0x407aff,80.8824%,26,110,136,98,2,24,12
0x4177e0,96.5147%,26,720,746,720,2,24,0
0x41a64a,83.9506%,26,136,162,136,8,18,0
0x40f432,75%,26,78,104,76,12,14,2
0x41621d,67.0886%,26,53,79,53,18,8,0
0x40b394,99.4518%,26,4717,4743,4207,9,17,510
0x413ff5,67.9012%,26,55,81,55,17,9,0
0x402d90,71.1111%,26,64,90,55,5,21,9
0x4019c5,67.9012%,26,55,81,55,17,9,0
0x40e066,98.8836%,26,2303,2329,2303,12,14,0
0x402102,67.9012%,26,55,81,0,0,26,55
0x4124f6,99.8554%,25,17267,17292,3035,21,4,14232
0x4146ca,84.5679%,25,137,162,83,25,0,54
0x4098af,95.2562%,25,502,527,0,0,25,502
0x409da6,85.9649%,24,147,171,147,5,19,0
0x409d0d,97.3333%,24,876,900,0,8,16,876
0x401f94,17.2414%,24,5,29,0,20,4,5
0x415435,96.6339%,24,689,713,0,0,24,689
0x40e9d8,90.8046%,24,237,261,0,0,24,237
0x402f0f,73.3333%,24,66,90,66,14,10,0
0x412f5e,99.9812%,24,127620,127644,85076,20,4,42544
0x401d72,85.9649%,24,147,171,0,0,24,147
0x41b250,85.2564%,23,133,156,0,0,23,133
0x4155fc,98.9247%,23,2116,2139,1414,12,11,702
0x40369c,90.3361%,23,215,238,214,12,11,1
0x409938,98.5452%,23,1558,1581,1037,17,6,521
0x40224b,43.9024%,23,18,41,8,5,18,10
0x41b449,96.8661%,22,680,702,453,15,7,227
0x404f46,43.5897%,22,17,39,0,0,22,17
0x40c2a3,99.8041%,22,11210,11232,9979,5,17,1231
0x40b7f2,99.5353%,22,4712,4734,4193,15,7,519
0x41344e,99.9151%,22,25886,25908,17258,14,8,8628
0x40401c,72.8395%,22,59,81,0,0,22,59
0x4158e4,96.9101%,22,690,712,690,13,9,0
0x40d8e0,76.4045%,21,68,89,66,12,9,2
0x41afda,73.0769%,21,57,78,57,21,0,0
0x40eaeb,74.0741%,21,60,81,60,12,9,0
0x410f8e,99.988%,21,175221,175242,116745,9,12,58476
0x4132fd,99.9852%,21,141921,141942,70969,2,19,70952
0x4086f3,74.0741%,21,60,81,0,0,21,60
0x40e5c3,65.5738%,21,40,61,2,2,19,38
0x407606,74.0741%,21,60,81,0,0,21,60
0x4027b2,95.4839%,21,444,465,443,12,9,1
0x409960,99.5572%,21,4722,4743,4209,7,14,513
0x402ae5,75.3086%,20,61,81,61,11,9,0
0x40b0eb,35.4839%,20,11,31,11,6,14,0
0x40bab6,66.6667%,20,40,60,38,2,18,2
0x405c98,78.022%,20,71,91,14,18,2,57
0x41309e,99.9873%,20,156901,156921,104601,13,7,52300
0x40ee7c,25.9259%,20,7,27,3,18,2,4
0x4064d8,62.2642%,20,33,53,9,13,7,24
0x4084e1,75.3086%,20,61,81,61,11,9,0
0x4157c7,99.065%,20,2119,2139,1424,2,18,695
0x41260c,99.9319%,20,29356,29376,17446,15,5,11910
0x40eb1b,76.5432%,19,62,81,62,10,9,0
0x40b175,54.7619%,19,23,42,23,19,0,0
0x40edbd,52.5%,19,21,40,6,7,12,15
0x40340f,76.5432%,19,62,81,62,10,9,0
0x401dbd,96.2963%,19,494,513,0,0,19,494
0x417924,81%,19,81,100,0,1,18,81
0x40e79e,80.8081%,19,80,99,80,8,11,0
0x40e0f5,68.8525%,19,42,61,42,19,0,0
0x40ba10,51.2821%,19,20,39,20,19,0,0
0x40e5d4,60.4167%,19,29,48,26,10,9,3
0x41127e,99.9779%,19,85925,85944,57287,9,10,28638
0x4073aa,76.5432%,19,62,81,62,10,9,0
0x40a983,76.5432%,19,62,81,62,10,9,0
0x412176,97.3829%,19,707,726,0,0,19,707
0x40db5c,75%,18,54,72,54,9,9,0
0x40d1a3,81.6327%,18,80,98,79,9,9,1
0x411edd,99.9905%,18,189306,189324,94658,4,14,94648
0x40417c,91.2195%,18,187,205,187,8,10,0
0x4110f6,96.1538%,18,450,468,0,0,18,450
0x409582,77.7778%,18,63,81,63,9,9,0
0x402819,47.0588%,18,16,34,16,18,0,0
0x415166,77.7778%,18,63,81,62,10,8,1
0x401d08,89.4737%,18,153,171,0,0,18,153
0x417aab,87.1429%,18,122,140,122,3,15,0
0x46fe4f,50%,18,18,36,18,9,9,0
0x40199e,97.5309%,18,711,729,0,0,18,711
0x40f578,78.481%,17,62,79,62,5,12,0
0x409c20,91.9048%,17,193,210,0,2,15,193
0x4116c2,99.9892%,17,156976,156993,104657,5,12,52319
0x414055,79.0123%,17,64,81,64,8,9,0
0x402ca5,96.7742%,17,510,527,510,7,10,0
0x4048c9,79.0123%,17,64,81,64,8,9,0
0x411eee,99.982%,17,94645,94662,63095,13,4,31550
0x41ae54,99.8824%,17,14443,14460,7216,14,3,7227
0x41789f,64.4444%,16,29,45,24,6,10,5
0x415da7,40.7407%,16,11,27,2,16,0,9
0x412c00,99.9359%,16,24940,24956,3981,14,2,20959
0x415de5,40.7407%,16,11,27,0,9,7,11
0x40f745,63.6364%,16,28,44,21,11,5,7
0x40eed0,67.3469%,16,33,49,11,7,9,22
0x406e7a,70.3704%,16,38,54,36,12,4,2
0x40d5df,97.5309%,16,632,648,0,0,16,632
0x40621c,80.2469%,16,65,81,65,7,9,0
0x4141b4,40.7407%,16,11,27,11,7,9,0
0x402c5c,97.1537%,15,512,527,0,0,15,512
0x41adab,99.9741%,15,57825,57840,57825,15,0,0
0x41359e,99.8763%,15,12108,12123,8069,13,2,4039
0x41343d,99.9711%,15,51801,51816,25908,0,15,25893
0x40334d,81.4815%,15,66,81,66,6,9,0
0x40ba21,61.5385%,15,24,39,11,15,0,13
0x4178f3,88.4615%,15,115,130,0,3,12,115
0x401aef,81.4815%,15,66,81,66,6,9,0
0x40c5ef,99.8733%,15,11820,11835,10513,7,8,1307
0x40994d,97.1537%,15,512,527,0,0,15,512
0x417872,72.2222%,15,39,54,0,0,15,39
0x402d9c,50%,15,15,30,10,10,5,5
0x45c353,99.7935%,15,7249,7264,0,0,15,7249
0x409d32,96.7603%,15,448,463,0,0,15,448
0x40b2cf,97.9424%,15,714,729,0,0,15,714
0x40285c,75.8065%,15,47,62,46,6,9,1
0x40e0d5,75.4098%,15,46,61,10,4,11,36
0x414e6e,81.4815%,15,66,81,66,6,9,0
0x40f124,79.1667%,15,57,72,57,7,8,0
0x40b1fb,70.5882%,15,36,51,34,0,15,2
0x401eb4,51.7241%,14,15,29,0,0,14,15
0x4126d1,80.5556%,14,58,72,58,6,8,0
0x40e7ee,51.7241%,14,15,29,6,14,0,9
0x406b23,99.1145%,14,1567,1581,0,0,14,1567
0x408b81,81.0811%,14,60,74,57,13,1,3
0x40ba41,30%,14,6,20,0,0,14,6
0x40bc57,98.0796%,14,715,729,0,0,14,715
0x40bd0d,99.1145%,14,1567,1581,0,0,14,1567
0x41b4e4,97.7564%,14,610,624,610,14,0,0
0x41b015,82.0513%,14,64,78,0,0,14,64
0x415548,99.3455%,14,2125,2139,0,0,14,2125
0x4021d2,97.0021%,14,453,467,453,4,10,0
0x401e2c,82.716%,14,67,81,67,5,9,0
0x4022cc,65.8537%,14,27,41,19,12,2,8
0x401b2c,83.9506%,13,68,81,68,4,9,0
0x40f2f5,61.7647%,13,21,34,1,7,6,20
0x40e73a,55.1724%,13,16,29,0,11,2,16
0x417882,91.5033%,13,140,153,8,1,12,132
0x406932,83.9506%,13,68,81,68,4,9,0
0x4177d3,98.521%,13,866,879,127,6,7,739
0x40f2ff,50%,13,13,26,3,7,6,10
0x40d761,67.5%,13,27,40,0,0,13,27
0x40b995,58.0645%,13,18,31,18,0,13,0
0x41af9a,83.3333%,13,65,78,0,0,13,65
0x412832,99.9557%,13,29355,29368,8985,5,8,20370
0x405b1e,96.7822%,13,391,404,0,0,13,391
0x41ac79,99.9297%,13,18475,18488,18475,13,0,0
0x407ac7,84.7059%,13,72,85,69,6,7,3
0x40e5c8,77.193%,13,44,57,0,13,0,44
0x405879,83.9506%,13,68,81,0,0,13,68
0x41b0e0,83.3333%,13,65,78,0,0,13,65
0x41768b,94.5148%,13,224,237,224,13,0,0
0x40f1da,83.3333%,12,60,72,60,4,8,0
0x40df02,99.3035%,12,1711,1723,1711,12,0,0
0x40f59e,33.3333%,12,6,18,6,5,7,0
0x41abe6,99.917%,12,14448,14460,7225,5,7,7223
0x417931,87.8788%,12,87,99,87,1,11,0
0x40b1a9,29.4118%,12,5,17,0,0,12,5
0x45c9e3,99.8348%,12,7252,7264,0,0,12,7252
0x4174dd,60%,12,18,30,17,8,4,1
0x41358d,99.9505%,12,24234,24246,12123,0,12,12111
0x4035c3,98.1481%,12,636,648,0,0,12,636
0x402595,85.1852%,12,69,81,69,3,9,0
0x46fde4,98.1162%,12,625,637,16,9,3,609
0x40a8ad,85.1852%,12,69,81,69,3,9,0
0x403e6c,85.1852%,12,69,81,69,3,9,0
0x46fed8,64.7059%,12,22,34,19,6,6,3
0x41b4df,94.8718%,12,222,234,77,1,11,145
0x406e45,66.6667%,12,24,36,24,8,4,0
0x41552b,99.439%,12,2127,2139,0,0,12,2127
0x40eee3,61.2903%,12,19,31,18,7,5,1
0x40c927,99.0875%,12,1303,1315,0,0,12,1303
0x408b38,84.2105%,12,64,76,0,0,12,64
0x40f6a1,59.2593%,11,16,27,5,10,1,11
0x415813,97.027%,11,359,370,0,0,11,359
0x408ba2,69.4444%,11,25,36,25,7,4,0
0x401f30,99.5317%,11,2338,2349,0,0,11,2338
0x40b9fe,71.7949%,11,28,39,23,3,8,5
0x41b281,85.8974%,11,67,78,67,11,0,0
0x40dd9d,62.069%,11,18,29,0,0,11,18
0x401456,64.5161%,11,20,31,0,0,11,20
0x40d414,84.7222%,11,61,72,61,2,9,0
0x41b506,85.8974%,11,67,78,67,11,0,0
0x40633a,86.4198%,11,70,81,0,0,11,70
0x408b65,82.8125%,11,53,64,0,1,10,53
0x41a558,38.8889%,11,7,18,0,0,11,7
0x40e44b,99.5135%,11,2250,2261,0,0,11,2250
0x40eb6a,86.4198%,11,70,81,70,2,9,0
0x40aa14,98.4911%,11,718,729,0,0,11,718
0x406d96,38.8889%,11,7,18,7,5,6,0
0x40ba93,81.6667%,11,49,60,30,10,1,19
0x45c367,99.8486%,11,7253,7264,0,0,11,7253
0x41afe7,85.8974%,11,67,78,67,11,0,0
0x40faa7,59.2593%,11,16,27,16,8,3,0
0x40b896,67.7419%,10,21,31,0,0,10,21
0x4125dd,99.9883%,10,85406,85416,42703,5,5,42703
0x413770,37.5%,10,6,16,0,0,10,6
0x405ca7,83.0508%,10,49,59,49,10,0,0
0x45a30d,99.8623%,10,7254,7264,0,0,10,7254
0x411fc9,98.0583%,10,505,515,0,0,10,505
0x40e936,87.6543%,10,71,81,71,1,9,0
0x458d63,99.8623%,10,7254,7264,0,0,10,7254
0x4179d3,88.8889%,10,80,90,1,1,9,79
0x40eac7,87.6543%,10,71,81,0,0,10,71
0x40cb1f,62.963%,10,17,27,11,7,3,6
0x414d9b,44.4444%,10,8,18,8,1,9,0
0x40ea3f,65.5172%,10,19,29,0,9,1,19
0x40e59e,23.0769%,10,3,13,0,0,10,3
0x41267d,99.966%,10,29366,29376,29366,2,8,0
0x41b0d7,87.1795%,10,68,78,0,0,10,68
0x409ba4,98.9806%,10,971,981,0,0,10,971
0x40ef76,74.359%,10,29,39,19,7,3,10
0x406ddb,81.4815%,10,44,54,43,6,4,1
0x40e460,99.5577%,10,2251,2261,0,0,10,2251
0x41b00c,87.1795%,10,68,78,0,0,10,68
0x46fe6e,73.5294%,9,25,34,0,0,9,25
0x4152f8,98.7377%,9,704,713,0,0,9,704
0x4058b5,88.8889%,9,72,81,72,0,9,0
0x4117bf,99.9893%,9,83884,83893,0,0,9,83884
0x41a53e,50%,9,9,18,0,0,9,9
0x4063f0,97.7833%,9,397,406,0,0,9,397
0x41b59e,88.4615%,9,69,78,0,0,9,69
0x409ced,98.7838%,9,731,740,0,0,9,731
0x40b24f,88.8889%,9,72,81,72,0,9,0
0x40cdff,87.5%,9,63,72,0,0,9,63
0x46fe2a,73.5294%,9,25,34,16,9,0,9
0x4179f0,67.8571%,9,19,28,17,2,7,2
0x407455,88.8889%,9,72,81,72,0,9,0
0x40d920,18.1818%,9,2,11,1,6,3,1
0x4140b8,66.6667%,9,18,27,15,3,6,3
0x41058d,99.9631%,9,24381,24390,12189,6,3,12192
0x40e8c0,88.8889%,9,72,81,72,0,9,0
0x40b034,70.9677%,9,22,31,0,0,9,22
0x401b08,0%,9,0,9,0,0,9,0
0x415b4a,0%,9,0,9,0,9,0,0
0x4015d6,88.8889%,9,72,81,72,0,9,0
0x401f1b,96.5517%,9,252,261,0,0,9,252
0x40f7d4,66.6667%,9,18,27,18,6,3,0
0x412a20,99.9789%,9,42627,42636,0,0,9,42627
0x411d56,98.3302%,9,530,539,0,0,9,530
0x40e8d2,0%,9,0,9,0,0,9,0
0x4014d7,90.3226%,9,84,93,0,0,9,84
0x40bae1,88.8889%,9,72,81,72,0,9,0
0x407ae8,90%,9,81,90,79,1,8,2
0x4157b6,99.8597%,9,6408,6417,4272,6,3,2136
0x41069d,99.9694%,9,29401,29410,0,0,9,29401
0x40d566,87.5%,9,63,72,0,0,9,63
0x41739b,93.5714%,9,131,140,131,9,0,0
0x40ca04,95.7547%,9,203,212,203,9,0,0
0x414202,50%,9,9,18,8,1,8,1
0x40eab8,0%,9,0,9,0,0,9,0
0x40d331,11.1111%,8,1,9,1,7,1,0
0x40e81e,11.1111%,8,1,9,0,0,8,1
0x458dc9,99.8899%,8,7256,7264,7256,8,0,0
0x406e97,55.5556%,8,10,18,10,6,2,0
0x458d6d,99.8899%,8,7256,7264,0,0,8,7256
0x40c57a,99.3916%,8,1307,1315,0,0,8,1307
0x414135,70.3704%,8,19,27,15,3,5,4
0x413caa,50%,8,8,16,7,1,7,1
0x41153a,99.9905%,8,83934,83942,0,0,8,83934
0x410e76,99.9905%,8,84551,84559,84551,8,0,0
0x4086b8,90.1235%,8,73,81,0,0,8,73
0x4052c1,79.4872%,8,31,39,31,0,8,0
0x412a5f,99.9812%,8,42628,42636,28421,3,5,14207
0x40a8f6,11.1111%,8,1,9,0,0,8,1
0x417aca,46.6667%,8,7,15,5,8,0,2
0x402d0d,20%,8,2,10,0,0,8,2
0x41aafc,99.8893%,8,7222,7230,0,0,8,7222
0x412e2e,99.9915%,8,94582,94590,63057,3,5,31525
0x40b324,98.482%,8,519,527,0,0,8,519
0x40b8ec,74.1935%,8,23,31,0,2,6,23
0x40e752,27.2727%,8,3,11,0,0,8,3
0x4125f2,99.9813%,8,42700,42708,28468,4,4,14232
0x408a81,80.9524%,8,34,42,34,7,1,0
0x40404a,90.1235%,8,73,81,0,0,8,73
0x46fdac,98.7441%,8,629,637,629,8,0,0
0x46fe98,95.2941%,8,162,170,0,0,8,162
0x406d65,95.4802%,8,169,177,169,6,2,0
0x41482e,85.1852%,8,46,54,32,4,4,14
0x40b0d9,91.3978%,8,85,93,57,5,3,28
0x40ac6a,98.6692%,7,519,526,0,0,7,519
0x408410,98.2673%,7,397,404,0,0,7,397
0x4097f3,98.6717%,7,520,527,0,0,7,520
0x405a0a,91.358%,7,74,81,0,0,7,74
0x412a4e,99.9918%,7,85265,85272,42633,3,4,42632
0x4116ad,99.9978%,7,313979,313986,156992,1,6,156987
0x45a86d,99.9036%,7,7257,7264,7257,7,0,0
0x41aaec,99.9032%,7,7223,7230,0,0,7,7223
0x40f309,56.25%,7,9,16,6,2,5,3
0x46fdfa,98.9011%,7,630,637,630,7,0,0
0x40f3a4,30%,7,3,10,1,3,4,2
0x40ef31,85.4167%,7,41,48,41,2,5,0
0x41b178,91.0256%,7,71,78,0,0,7,71
0x40acef,98.6692%,7,519,526,0,0,7,519
0x407a92,78.125%,7,25,32,0,0,7,25
0x40eb0d,91.358%,7,74,81,0,0,7,74
0x41ac53,99.9892%,7,65063,65070,36129,3,4,28934
0x40e984,75.8621%,7,22,29,0,0,7,22
0x41b16f,91.0256%,7,71,78,0,0,7,71
0x40c623,99.4677%,7,1308,1315,0,0,7,1308
0x41b124,91.0256%,7,71,78,71,7,0,0
0x40bcc9,99.6468%,7,1975,1982,0,0,7,1975
0x40f39f,79.4118%,7,27,34,22,2,5,5
0x411526,99.0528%,7,732,739,0,0,7,732
0x411fdd,99.9897%,7,67895,67902,0,0,7,67895
0x407a7e,91.7647%,7,78,85,0,0,7,78
0x40b226,86.2745%,7,44,51,31,3,4,13
0x4109b0,99.9731%,7,25973,25980,0,0,7,25973
0x410e3d,99.9951%,7,142079,142086,71042,1,6,71037
0x45c9d3,99.9036%,7,7257,7264,0,0,7,7257
0x408b4b,93.4579%,7,100,107,0,1,6,100
0x4087f8,98.2759%,7,399,406,0,0,7,399
0x40e17e,99.7002%,7,2328,2335,0,0,7,2328
0x408a04,96.9298%,7,221,228,221,7,0,0
0x41a615,95.679%,7,155,162,0,0,7,155
0x40e1e5,99.7002%,7,2328,2335,2328,3,4,0
0x417424,76.6667%,7,23,30,0,0,7,23
0x41b46f,97.4359%,6,228,234,0,0,6,228
0x40a94c,92.5926%,6,75,81,0,0,6,75
0x412f4d,99.9976%,6,255282,255288,127639,5,1,127643
0x41a530,66.6667%,6,12,18,0,0,6,12
0x402289,78.5714%,6,22,28,22,6,0,0
0x40e243,62.5%,6,10,16,3,1,5,7
0x45a255,99.9174%,6,7258,7264,0,0,6,7258
0x40dfee,99.7424%,6,2323,2329,0,0,6,2323
0x40b0c8,93.5484%,6,87,93,87,6,0,0
0x412ccd,99.9952%,6,125760,125766,62880,3,3,62880
0x407922,97.4138%,6,226,232,0,0,6,226
0x40d546,91.6667%,6,66,72,0,0,6,66
0x40eaa1,70%,6,14,20,14,6,0,0
0x412ac8,99.9906%,6,63691,63697,0,0,6,63691
0x45a235,99.9174%,6,7258,7264,0,0,6,7258
0x411bdb,98.4169%,6,373,379,0,0,6,373
0x40f6b1,50%,6,6,12,0,2,4,6
0x40496a,92.5926%,6,75,81,0,0,6,75
0x41086a,99.9891%,6,55102,55108,0,0,6,55102
0x458d97,99.9174%,6,7258,7264,0,0,6,7258
0x407aed,40%,6,4,10,0,0,6,4
0x40450c,40%,6,4,10,3,6,0,1
0x45c9ca,99.9174%,6,7258,7264,0,0,6,7258
0x45a275,99.9174%,6,7258,7264,0,0,6,7258
0x4109f2,99.9769%,6,25974,25980,17320,0,6,8654
0x458d59,99.9174%,6,7258,7264,0,0,6,7258
0x41b5a8,92.3077%,6,72,78,0,0,6,72
0x415d63,77.7778%,6,21,27,0,0,6,21
0x4157d5,99.1585%,6,707,713,0,1,5,707
0x40f3b3,78.5714%,6,22,28,22,3,3,0
0x40219c,98.7152%,6,461,467,0,0,6,461
0x40e783,93.9394%,6,93,99,0,0,6,93
0x407aab,95.4198%,6,125,131,0,0,6,125
0x40efa7,53.8462%,6,7,13,7,2,4,0
0x40f3c7,25%,6,2,8,2,0,6,0
0x4131de,99.993%,6,85866,85872,57245,3,3,28621
0x415cdf,77.7778%,6,21,27,0,0,6,21
0x41afa6,92.3077%,6,72,78,0,0,6,72
0x403423,44.4444%,5,4,9,0,0,5,4
0x40f315,37.5%,5,3,8,0,3,2,3
0x4133c1,99.9807%,5,25903,25908,25903,5,0,0
0x41b2b6,93.5897%,5,73,78,73,5,0,0
0x40e248,58.3333%,5,7,12,3,1,4,4
0x405823,44.4444%,5,4,9,0,0,5,4
0x40b986,94.2529%,5,82,87,53,5,0,29
0x46fe67,85.2941%,5,29,34,0,0,5,29
0x40b186,88.0952%,5,37,42,26,2,3,11
0x41795b,54.5455%,5,6,11,0,0,5,6
0x4173dd,83.871%,5,26,31,26,3,2,0
0x41b181,93.5897%,5,73,78,73,5,0,0
0x402688,93.8272%,5,76,81,0,0,5,76
0x4156eb,99.7662%,5,2134,2139,0,0,5,2134
0x41b116,93.5897%,5,73,78,73,5,0,0
0x40f5bb,64.2857%,5,9,14,3,1,4,6
0x40351d,93.8272%,5,76,81,0,0,5,76
0x41b1d8,93.5897%,5,73,78,0,0,5,73
0x40198b,93.8272%,5,76,81,0,0,5,76
0x458e2f,99.9312%,5,7259,7264,7259,5,0,0
0x415670,99.2987%,5,708,713,0,0,5,708
0x40f766,58.3333%,5,7,12,5,4,1,2
0x4109dd,99.9904%,5,51955,51960,25980,0,5,25975
0x412821,37.5%,5,3,8,0,0,5,3
0x40f57e,58.3333%,5,7,12,3,2,3,4
0x40ce88,99.2284%,5,643,648,0,0,5,643
0x40f258,95.3271%,5,102,107,0,0,5,102
0x413640,68.75%,5,11,16,0,0,5,11
0x4122e1,99.9921%,5,62950,62955,62950,5,0,0
0x41b4b7,93.5897%,5,73,78,73,5,0,0
0x40b0a6,94.6237%,5,88,93,60,2,3,28
0x412cde,99.992%,5,62878,62883,41920,2,3,20958
0x410f62,99.9915%,5,58483,58488,0,0,5,58483
0x40eec7,89.7959%,5,44,49,0,0,5,44
0x40b73d,99.0494%,5,521,526,0,0,5,521
0x40eacf,99.3141%,5,724,729,0,0,5,724
0x40e5ba,80%,5,20,25,0,0,5,20
0x404385,50%,5,5,10,5,4,1,0
0x458d75,99.9312%,5,7259,7264,0,0,5,7259
0x40c22e,99.5994%,5,1243,1248,0,0,5,1243
0x40aa69,99.0512%,5,522,527,0,0,5,522
0x45c3ac,99.9312%,5,7259,7264,7259,5,0,0
0x40de9b,99.7098%,5,1718,1723,0,0,5,1718
0x40b215,90.1961%,5,46,51,46,5,0,0
0x4064e7,87.0968%,4,27,31,27,3,1,0
0x4154b6,99.439%,4,709,713,0,0,4,709
0x405a46,95.0617%,4,77,81,0,0,4,77
0x41b25d,97.4359%,4,152,156,76,2,2,76
0x413619,76.4706%,4,13,17,5,4,0,8
0x40f3dc,33.3333%,4,2,6,1,4,0,1
0x411966,99.0074%,4,399,403,0,0,4,399
0x406b4e,99.241%,4,523,527,0,0,4,523
0x41a5b1,77.7778%,4,14,18,0,0,4,14
0x41b22e,94.8718%,4,74,78,74,4,0,0
0x414270,95.0617%,4,77,81,70,2,2,7
0x406abd,99.241%,4,523,527,0,0,4,523
0x41235d,99.9968%,4,125906,125910,62952,3,1,62954
0x46fdd3,99.3721%,4,633,637,0,0,4,633
0x40654e,55.5556%,4,5,9,5,3,1,0
0x40883c,99.0148%,4,402,406,0,0,4,402
0x402ea9,78.9474%,4,15,19,15,4,0,0
0x40d1db,60%,4,6,10,6,0,4,0
0x40da23,0%,4,0,4,0,0,4,0
0x40d127,98.1221%,4,209,213,0,0,4,209
0x40ea8d,80%,4,16,20,0,0,4,16
0x45c3d5,99.9449%,4,7260,7264,0,0,4,7260
0x412da1,99.9958%,4,94586,94590,94586,4,0,0
0x412e1d,99.9979%,4,189176,189180,94586,4,0,94590
0x403a3a,66.6667%,4,8,12,8,4,0,0
0x40ca7f,98.0676%,4,203,207,203,4,0,0
0x40e9e3,99.8297%,4,2345,2349,0,0,4,2345
0x41ac10,99.9723%,4,14456,14460,7227,3,1,7229
0x40f5a8,42.8571%,4,3,7,0,0,4,3
0x41b26f,94.8718%,4,74,78,74,4,0,0
0x45c9ec,99.9449%,4,7260,7264,7260,4,0,0
0x40354a,95.0617%,4,77,81,0,0,4,77
0x40e91b,95.0617%,4,77,81,0,0,4,77
0x411aed,99.9984%,4,255428,255432,127712,4,0,127716
0x402754,99.1398%,4,461,465,0,0,4,461
0x415016,55.5556%,4,5,9,5,4,0,0
0x41578e,99.813%,4,2135,2139,0,0,4,2135
0x4057c6,85.1852%,4,23,27,16,2,2,7
0x4179c4,86.6667%,4,26,30,0,0,4,26
0x4105c3,99.9894%,4,37831,37835,37831,4,0,0
0x409912,99.747%,4,1577,1581,0,0,4,1577
0x415c10,66.6667%,3,6,9,0,0,3,6
0x40b398,99.4307%,3,524,527,0,1,2,524
0x40efc1,25%,3,1,4,0,3,0,1
0x40b95b,96.5517%,3,84,87,58,0,3,26
0x4020bb,96.2963%,3,78,81,0,0,3,78
0x406e1f,25%,3,1,4,0,0,3,1
0x40bfcb,99.7596%,3,1245,1248,0,0,3,1245
0x4131ac,99.9965%,3,85869,85872,0,0,3,85869
0x40eb72,66.6667%,3,6,9,6,3,0,0
0x40588e,99.5885%,3,726,729,0,0,3,726
0x40b15b,92.8571%,3,39,42,27,1,2,12
0x40742e,99.5885%,3,726,729,0,0,3,726
0x413629,62.5%,3,5,8,0,0,3,5
0x41774a,98.7342%,3,234,237,234,3,0,0
0x40da4a,25%,3,1,4,0,3,0,1
0x45a267,99.9587%,3,7261,7264,7261,3,0,0
0x45a20a,99.9587%,3,7261,7264,0,0,3,7261
0x41a667,83.3333%,3,15,18,15,3,0,0
0x40b975,96.5517%,3,84,87,84,3,0,0
0x40f5ce,70%,3,7,10,1,1,2,6
0x413511,99.9753%,3,12120,12123,12120,3,0,0
0x40f6c6,62.5%,3,5,8,1,2,1,4
0x4148bc,83.3333%,3,15,18,0,0,3,15
0x40ff91,99.9853%,3,20383,20386,0,0,3,20383
0x410cb6,98.7805%,3,243,246,0,0,3,243
0x4033d1,99.5885%,3,726,729,0,0,3,726
0x4129d1,99.993%,3,42633,42636,42633,3,0,0
0x4174e7,40%,3,2,5,0,0,3,2
0x40497f,96.2963%,3,78,81,0,0,3,78
0x413f9b,62.5%,3,5,8,5,3,0,0
0x410aeb,98.8593%,3,260,263,0,0,3,260
0x40534a,92.3077%,3,36,39,0,0,3,36
0x40a95c,99.5885%,3,726,729,0,0,3,726
0x41218a,99.9942%,3,51465,51468,0,0,3,51465
0x41ab24,99.9585%,3,7227,7230,7227,3,0,0
0x46fdbc,99.529%,3,634,637,634,3,0,0
0x4159e0,66.6667%,3,6,9,0,0,3,6
0x41110a,99.9953%,3,63211,63214,0,0,3,63211
0x40cb72,66.6667%,3,6,9,0,0,3,6
0x407973,98.8506%,3,258,261,258,3,0,0
0x410dc1,99.9972%,2,71041,71043,71041,2,0,0
0x4040ae,99.6914%,2,646,648,0,0,2,646
0x402da1,80%,2,8,10,0,0,2,8
0x40f6bb,80%,2,8,10,0,2,0,8
0x410406,99.1736%,2,240,242,0,0,2,240
0x4112a5,99.9975%,2,80075,80077,80075,2,0,0
0x40b849,99.6198%,2,524,526,0,0,2,524
0x458de7,99.9725%,2,7262,7264,0,0,2,7262
0x40da73,77.7778%,2,7,9,7,1,1,0
0x40d001,96%,2,48,50,0,0,2,48
0x40eee8,66.6667%,2,4,6,4,1,1,0
0x4131cd,99.9988%,2,171742,171744,85871,1,1,85871
0x458d85,99.9725%,2,7262,7264,0,0,2,7262
0x415dd8,92.5926%,2,25,27,0,0,2,25
0x40f6d0,60%,2,3,5,0,0,2,3
0x40f583,71.4286%,2,5,7,5,2,0,0
0x411f12,99.9975%,2,80647,80649,80647,2,0,0
0x41197a,99.9973%,2,73365,73367,0,0,2,73365
0x410cca,99.9966%,2,58534,58536,0,0,2,58534
0x411bef,99.9973%,2,73316,73318,0,0,2,73316
0x4128ef,99.6491%,2,568,570,0,0,2,568
0x415db0,77.7778%,2,7,9,7,2,0,0
0x41b596,97.4359%,2,76,78,0,0,2,76
0x41124a,99.9977%,2,85942,85944,0,0,2,85942
0x413151,99.9977%,2,85870,85872,85870,2,0,0
0x458e39,99.9725%,2,7262,7264,0,0,2,7262
0x458e0f,99.9725%,2,7262,7264,7262,2,0,0
0x40b522,99.6198%,2,524,526,0,0,2,524
0x406dfc,60%,2,3,5,1,0,2,2
0x41306c,99.9987%,2,156919,156921,0,0,2,156919
0x4058c6,77.7778%,2,7,9,0,0,2,7
0x411ac0,99.9984%,2,127714,127716,0,0,2,127714
0x41126d,99.9988%,2,171886,171888,85943,1,1,85943
0x458da8,99.9725%,2,7262,7264,0,0,2,7262
0x458dba,99.9725%,2,7262,7264,0,0,2,7262
0x40f5dd,75%,2,6,8,1,1,1,5
0x401cbf,98.8304%,2,169,171,0,0,2,169
0x412330,99.9968%,2,62953,62955,0,0,2,62953
0x45c3a3,99.9725%,2,7262,7264,0,0,2,7262
0x40b9a6,84.6154%,2,11,13,0,0,2,11
0x40ba30,93.5484%,2,29,31,11,0,2,18
0x40fd0d,33.3333%,2,1,3,0,2,0,1
0x40baa5,96.6667%,2,58,60,58,2,0,0
0x409dab,89.4737%,2,17,19,0,0,2,17
0x414a06,88.8889%,2,16,18,0,0,2,16
0x4149e1,88.8889%,2,16,18,0,0,2,16
0x41a512,88.8889%,2,16,18,0,0,2,16
0x4141ca,77.7778%,2,7,9,7,2,0,0
0x410f4b,99.0991%,2,220,222,0,0,2,220
0x41137f,99.9968%,2,63163,63165,0,0,2,63163
0x417a0c,77.7778%,2,7,9,0,0,2,7
0x40ece2,60%,2,3,5,0,0,2,3
0x409845,99.6205%,2,525,527,0,0,2,525
0x406b57,99.6205%,2,525,527,0,0,2,525
0x4026aa,97.5309%,2,79,81,0,0,2,79
0x40af66,99.6198%,2,524,526,0,0,2,524
0x412466,99.6633%,2,592,594,0,0,2,592
0x41470a,96.2963%,2,52,54,0,0,2,52
0x40f3d1,66.6667%,2,4,6,0,0,2,4
0x40e25c,91.6667%,1,11,12,11,1,0,0
0x40dde9,99.6169%,1,260,261,0,0,1,260
0x417a22,88.8889%,1,8,9,0,0,1,8
0x40f5ec,83.3333%,1,5,6,4,1,0,1
0x4038a6,91.6667%,1,11,12,5,1,0,6
0x40eef6,0%,1,0,1,0,0,1,0
0x4033bb,98.7654%,1,80,81,0,0,1,80
0x41308d,99.9997%,1,313841,313842,156920,1,0,156921
0x404aa0,98.7654%,1,80,81,0,0,1,80
0x40631e,98.7654%,1,80,81,0,0,1,80
0x4116e9,99.9991%,1,106233,106234,106233,1,0,0
0x40b81e,99.8099%,1,525,526,0,0,1,525
0x41056d,99.9918%,1,12194,12195,0,0,1,12194
0x410504,99.9918%,1,12194,12195,12194,1,0,0
0x45c38c,99.9862%,1,7263,7264,0,0,1,7263
0x40b045,96.7742%,1,30,31,0,0,1,30
0x410e10,99.9986%,1,71042,71043,0,0,1,71042
0x45c3d0,99.9862%,1,7263,7264,0,0,1,7263
0x45c37b,99.9862%,1,7263,7264,7263,1,0,0
0x410a16,99.9985%,1,66931,66932,66931,1,0,0
0x41041a,99.9966%,1,29457,29458,0,0,1,29457
0x4111e1,99.9988%,1,85943,85944,85943,1,0,0
0x40bf2a,99.9199%,1,1247,1248,0,0,1,1247
0x41b01e,98.7179%,1,77,78,77,1,0,0
0x417adb,50%,1,1,2,0,0,1,1
0x40c33a,99.8102%,1,526,527,0,0,1,526
0x40f5ff,0%,1,0,1,0,1,0,0
0x41136b,99.7748%,1,443,444,0,0,1,443
0x412ed1,99.9992%,1,127643,127644,127643,1,0,0
0x4013dd,96.7742%,1,30,31,0,0,1,30
0x411b02,99.9992%,1,127715,127716,85144,0,1,42571
0x41b15e,98.7179%,1,77,78,0,0,1,77
0x411631,99.9994%,1,156992,156993,156992,1,0,0
0x416240,88.8889%,1,8,9,0,1,0,8
0x4079c7,97.2222%,1,35,36,0,0,1,35
0x410961,99.9962%,1,25979,25980,25979,1,0,0
0x40f3bd,50%,1,1,2,0,0,1,1
0x408a96,97.0588%,1,33,34,0,0,1,33
0x41247a,99.9959%,1,24556,24557,0,0,1,24556
0x411b29,99.9989%,1,94620,94621,94620,1,0,0
0x41ac15,99.9862%,1,7229,7230,0,0,1,7229
0x40a992,88.8889%,1,8,9,0,0,1,8
0x40e5fc,91.6667%,1,11,12,11,1,0,0
0x410b02,99.9982%,1,55059,55060,0,0,1,55059
0x40f6da,80%,1,4,5,0,1,0,4
0x40aade,99.8102%,1,526,527,0,1,0,526
0x41a594,94.4444%,1,17,18,0,0,1,17
0x406585,0%,1,0,1,0,0,1,0
0x401394,96.7742%,1,30,31,0,0,1,30
0x40da5c,0%,1,0,1,0,0,1,0
0x406528,0%,1,0,1,0,0,1,0
0x401325,96.7742%,1,30,31,0,0,1,30
0x40f6e7,75%,1,3,4,3,1,0,0
0x40ef18,0%,1,0,1,0,1,0,0
0x40f002,0%,1,0,1,0,1,0,0
0x40ecae,50%,1,1,2,0,0,1,1
0x40f3f5,0%,1,0,1,0,1,0,0
0x40eefc,0%,1,0,1,0,0,1,0
0x40ef09,0%,1,0,1,0,0,1,0
0x40ea92,97.5%,1,39,40,19,1,0,20
0x405360,97.4359%,1,38,39,38,0,1,0
0x40da78,0%,1,0,1,0,1,0,0
0x45c3c7,99.9862%,1,7263,7264,0,0,1,7263
0x408ba7,75%,1,3,4,0,0,1,3
0x40d2da,75%,1,3,4,0,0,1,3
0x40d308,75%,1,3,4,3,0,1,0
0x40d31a,0%,1,0,1,0,0,1,0
0x417806,95.8333%,1,23,24,0,0,1,23
0x40d866,99.4012%,1,166,167,0,0,1,166
0x416255,0%,1,0,1,0,1,0,0
0x415707,99.9532%,1,2138,2139,0,0,1,2138
0x4173e2,50%,1,1,2,1,0,1,0
0x413fa9,88.8889%,1,8,9,0,0,1,8
0x40eb00,88.8889%,1,8,9,0,0,1,8
0x40eb20,88.8889%,1,8,9,0,0,1,8
0x40eb54,98.7654%,1,80,81,0,0,1,80
0x40ef03,100%,0,1,1,0,0,0,1
0x4073bd,100%,0,9,9,0,0,0,9
0x413795,100%,0,16,16,0,0,0,16
0x40b5a7,100%,0,526,526,0,0,0,526
0x413a10,100%,0,16,16,0,0,0,16
0x41b3d7,100%,0,78,78,78,0,0,0
0x40b198,100%,0,31,31,14,0,0,17
0x40ef10,100%,0,1,1,0,0,0,1
0x405429,100%,0,1,1,1,0,0,0
0x406e51,100%,0,4,4,4,0,0,0
0x40655a,100%,0,1,1,1,0,0,0
0x406507,100%,0,1,1,0,0,0,1
0x4045e0,100%,0,1,1,1,0,0,0
0x4155bf,100%,0,2139,2139,0,0,0,2139
0x40ce17,100%,0,72,72,0,0,0,72
0x40cbd8,100%,0,729,729,0,0,0,729
0x40c9a6,100%,0,31,31,0,0,0,31
0x40ca20,100%,0,496,496,0,0,0,496
0x40c2cf,100%,0,1248,1248,0,0,0,1248
0x407413,100%,0,81,81,0,0,0,81
0x40b0fc,100%,0,14,14,0,0,0,14
0x45c3bb,100%,0,7264,7264,0,0,0,7264
0x40f3b8,100%,0,3,3,1,0,0,2
0x40afde,100%,0,31,31,0,0,0,31
0x40ae85,100%,0,526,526,0,0,0,526
0x41abd9,100%,0,7230,7230,0,0,0,7230
0x41ab81,100%,0,7230,7230,0,0,0,7230
0x415bf8,100%,0,9,9,9,0,0,0
0x40cc13,100%,0,9,9,0,0,0,9
0x408452,100%,0,404,404,404,0,0,0
0x407460,100%,0,9,9,0,0,0,9
0x41a4c0,100%,0,18,18,18,0,0,0
0x411e51,100%,0,94662,94662,94662,0,0,0
0x407641,100%,0,81,81,0,0,0,81
0x412f2c,100%,0,127644,127644,0,0,0,127644
0x413566,100%,0,12123,12123,0,0,0,12123
0x458e3e,100%,0,7264,7264,7264,0,0,0
0x40e74b,100%,0,11,11,0,0,0,11
0x401b16,100%,0,81,81,0,0,0,81
0x4125b0,100%,0,42708,42708,0,0,0,42708
0x413b86,100%,0,48,48,0,0,0,48
0x40541f,100%,0,1,1,0,0,0,1
0x41b2ab,100%,0,78,78,0,0,0,78
0x412903,100%,0,24509,24509,0,0,0,24509
0x41a475,100%,0,18,18,0,0,0,18
0x41a4bb,100%,0,18,18,0,0,0,18
0x40b8fd,100%,0,29,29,0,0,0,29
0x41a522,100%,0,18,18,0,0,0,18
0x41a5a2,100%,0,18,18,18,0,0,0
0x40193f,100%,0,9,9,0,0,0,9
0x410689,100%,0,218,218,0,0,0,218
0x40e705,100%,0,261,261,0,0,0,261
0x414c85,100%,0,18,18,0,0,0,18
0x40af91,100%,0,526,526,0,0,0,526
0x412ca6,100%,0,62883,62883,0,0,0,62883
0x41b348,100%,0,78,78,0,0,0,78
0x4172fb,100%,0,2,2,0,0,0,2
0x4045cf,100%,0,1,1,0,0,0,1
0x413281,100%,0,70971,70971,70971,0,0,0
0x40e6b0,100%,0,29,29,29,0,0,0
0x413418,100%,0,25908,25908,0,0,0,25908
0x4132d8,100%,0,70971,70971,0,0,0,70971
0x40f3a9,100%,0,6,6,6,0,0,0
0x410856,100%,0,287,287,0,0,0,287
0x413cc5,100%,0,8,8,0,0,0,8
0x415cbb,100%,0,27,27,0,0,0,27
0x412b69,100%,0,702,702,0,0,0,702
0x4117ab,100%,0,715,715,0,0,0,715
0x414726,100%,0,54,54,0,0,0,54
0x40e898,100%,0,729,729,0,0,0,729
0x41ab0a,100%,0,7230,7230,0,0,0,7230
0x411d6a,100%,0,67951,67951,0,0,0,67951
0x40e88d,100%,0,81,81,0,0,0,81
0x411a71,100%,0,127716,127716,127716,0,0,0
0x40ea44,100%,0,20,20,0,0,0,20
0x412df6,100%,0,94590,94590,0,0,0,94590
0x412712,100%,0,8,8,0,0,0,8
0x412b7d,100%,0,51420,51420,0,0,0,51420
0x40c889,100%,0,1315,1315,0,0,0,1315
0x411eba,100%,0,94662,94662,0,0,0,94662
0x403376,100%,0,9,9,0,0,0,9
0x413011,100%,0,156921,156921,156921,0,0,0
0x40f3eb,100%,0,1,1,0,0,0,1
0x412561,100%,0,42708,42708,42708,0,0,0
0x40f446,100%,0,16,16,0,0,0,16
0x412c51,100%,0,62883,62883,62883,0,0,0
0x40d336,100%,0,1,1,1,0,0,0
0x40cbc8,100%,0,81,81,0,0,0,81
0x411680,100%,0,156993,156993,0,0,0,156993
