Branch PC,Accuracy,Mispredictions,Correct Predictions,Total,dir_t_pred_t,dir_t_pred_nt,dir_nt_pred_t,dir_nt_pred_nt
aggregate,98.6786%,336016,25093623,25429639,15411640,132075,203941,9681983
0x411cdb,96.0831%,45565,1117729,1163294,1041064,14628,30937,76665
0x411480,95.0481%,33019,633769,666788,531440,11762,21257,102329
0x4120ef,96.7197%,31343,924151,955494,895225,7527,23816,28926
0x41104e,95.2642%,27075,544629,571704,481609,12331,14744,63020
0x4118ce,93.8357%,23866,363299,387165,247953,8471,15395,115346
0x412e6e,98.2595%,20247,1143034,1163281,1024783,7770,12477,118251
0x410794,93.342%,19965,279898,299863,236571,8322,11643,43327
0x4130f0,97.2117%,18592,648183,666775,582257,6767,11825,65926
0x412633,95.2262%,15891,316989,332880,39107,9482,6409,277882
0x412fb0,96.3743%,14037,373114,387151,256771,6807,7230,116343
0x412d38,98.5364%,13984,941497,955481,842414,5478,8506,99083
0x41321e,97.9643%,11638,560053,571691,502017,6154,5484,58036
0x410341,92.5422%,8709,108068,116777,29242,4763,3946,78826
0x4123df,84.7446%,8046,44696,52742,25642,4659,3387,19054
0x410c08,93.4532%,7927,113155,121082,54899,2650,5277,58256
0x4134a1,97.6128%,7158,292692,299850,262402,3456,3702,30290
0x413360,96.0469%,4786,116283,121069,64242,1870,2916,52041
0x4135e8,96.7833%,3756,113008,116764,96577,1605,2151,16431
0x41ac73,94.1273%,2262,36255,38517,33092,1113,1149,3163
0x41ae23,95.282%,1679,33908,35587,33780,117,1562,128
0x41ad1f,90.7824%,1402,13808,15210,13244,276,1126,564
0x412629,99.1125%,625,69798,70423,9794,334,291,60004
0x41acba,98.5487%,559,37958,38517,30055,150,409,7903
0x412660,99.3477%,383,58334,58717,56928,95,288,1406
0x412645,99.937%,179,284112,284291,11585,121,58,272527
0x410c59,99.7214%,177,63356,63533,5577,117,60,57779
0x41158a,99.8722%,158,123429,123587,36312,62,96,87117
0x411923,99.8755%,157,125954,126111,125534,20,137,420
0x4114c1,99.8754%,154,123433,123587,4779,105,49,118654
0x40c657,61.0215%,145,227,372,195,53,92,32
0x4114dd,99.8787%,144,118559,118703,117736,34,110,823
0x40c2fb,62.3656%,140,232,372,231,17,123,1
0x410473,99.603%,135,33870,34005,6413,69,66,27457
0x410edd,99.7922%,132,63388,63520,5612,80,52,57776
0x40c953,64.5161%,132,240,372,222,26,106,18
0x4103c4,99.5866%,130,31315,31445,31111,17,113,204
0x401ce3,62.2807%,129,213,342,20,82,47,193
0x4103a8,99.6236%,128,33877,34005,2486,74,54,31391
0x401dc4,63.7427%,124,218,342,201,38,86,17
0x401d33,64.0351%,123,219,342,37,71,52,182
0x40b57b,89.1577%,121,995,1116,987,5,116,8
0x41175c,99.8997%,119,118572,118691,117744,20,99,828
0x411309,99.8469%,119,77632,77751,3882,93,26,73750
0x411b78,99.9097%,118,130610,130728,4566,62,56,126044
0x4113c4,99.8521%,115,77636,77751,22427,52,63,55209
0x41212f,99.7802%,113,51300,51413,50225,22,91,1075
0x40acc3,89.9642%,112,1004,1116,989,3,109,15
0x40de8a,77.572%,109,377,486,27,87,22,350
0x411907,99.9197%,105,130636,130741,4545,85,20,126091
0x415803,62.1094%,97,159,256,70,54,43,89
0x41108f,99.8817%,92,77672,77764,3917,60,32,73755
0x411814,99.9256%,92,123481,123573,36325,39,53,87156
0x40c3fc,75.2688%,92,280,372,0,76,16,280
0x410a85,99.8344%,91,54866,54957,2496,62,29,52370
0x411f7a,99.918%,87,106034,106121,105159,18,69,875
0x41115f,99.8894%,86,77678,77764,22453,36,50,55225
0x40c713,76.8817%,86,286,372,285,11,75,1
0x40bdac,76.8817%,86,286,372,4,67,19,282
0x41223d,99.8407%,84,52658,52742,17317,28,56,35341
0x40c0b8,78.4946%,80,292,372,291,10,70,1
0x411325,99.8956%,77,73699,73776,73015,8,69,684
0x410d1a,99.8788%,77,63456,63533,15954,24,53,47502
0x411d18,99.9293%,75,106057,106132,105158,24,51,899
0x411740,99.9409%,73,123500,123573,4833,49,24,118667
0x410809,99.8683%,69,52341,52410,52039,9,60,302
0x409840,93.8172%,69,1047,1116,976,16,53,71
0x41ae1d,99.8053%,66,33831,33897,6849,49,17,26982
0x412113,99.8768%,65,52677,52742,1278,51,14,51399
0x40aa5c,95%,63,1197,1260,1119,17,46,78
0x40df85,87.2428%,62,424,486,424,8,54,0
0x410fb4,99.9024%,62,63458,63520,15945,23,39,47513
0x411b94,99.9516%,61,126039,126100,125542,7,54,497
0x40ea00,87.4486%,61,425,486,425,7,54,0
0x40d122,87.1795%,60,408,468,395,21,39,13
0x411f5e,99.9442%,60,107529,107589,1418,50,10,106111
0x4040f0,95.5247%,58,1238,1296,1133,19,39,105
0x412fbe,99.8405%,58,36306,36364,4087,42,16,32219
0x411cfc,99.9461%,58,107544,107602,1431,39,19,106113
0x40e266,88.0658%,58,428,486,428,4,54,0
0x401f62,88.2716%,57,429,486,429,3,54,0
0x40e62a,88.2716%,57,429,486,422,10,47,7
0x411c44,99.9564%,57,130671,130728,43819,13,44,86852
0x40e107,88.4774%,56,430,486,430,2,54,0
0x401d41,83.6257%,56,286,342,286,18,38,0
0x4107ed,99.8999%,55,54915,54970,2529,31,24,52386
0x403600,95.7562%,55,1241,1296,1138,14,41,103
0x4110ab,99.9255%,55,73732,73787,73022,6,49,710
0x40b317,95.7143%,54,1206,1260,1125,11,43,81
0x40ced1,95.8333%,54,1242,1296,1140,12,42,102
0x412884,99.8217%,54,30234,30288,494,32,22,29740
0x402c4d,66.6667%,54,108,162,11,27,27,97
0x411196,99.7643%,53,22436,22489,4106,27,26,18330
0x401cae,67.284%,53,109,162,108,16,37,1
0x40d62d,96.0648%,51,1245,1296,1143,9,42,102
0x40b308,96.225%,49,1249,1298,0,38,11,1249
0x40844d,94.4444%,48,816,864,758,10,38,58
0x401de2,57.8947%,48,66,114,58,18,30,8
0x410aa1,99.9084%,48,52351,52399,52033,10,38,318
0x40775d,94.4444%,48,816,864,748,20,28,68
0x412024,99.9554%,48,107541,107589,35153,22,26,72388
0x40defd,98.5962%,47,3301,3348,2966,10,37,335
0x408837,94.5602%,47,817,864,748,20,27,69
0x405b5d,94.7917%,45,819,864,757,11,34,62
0x405b15,64.2857%,45,81,126,5,25,20,76
0x40d861,91.6667%,45,495,540,467,13,32,28
0x406d21,81.4815%,45,198,243,198,18,27,0
0x415138,72.2222%,45,117,162,106,18,27,11
0x410c75,99.9239%,44,57795,57839,57461,14,30,334
0x401cf1,87.1345%,44,298,342,297,7,37,1
0x40aa4d,96.6102%,44,1254,1298,0,38,6,1254
0x40bcce,96.6102%,44,1254,1298,0,38,6,1254
0x4157fb,73.4568%,43,119,162,0,38,5,119
0x4108ba,99.9218%,43,54927,54970,7767,17,26,47160
0x41155e,99.9879%,43,355133,355176,236464,9,34,118669
0x4106ec,99.8735%,43,33949,33992,6452,20,23,27497
0x411dc7,99.96%,43,107559,107602,35169,15,28,72390
0x412bcc,99.9185%,43,52686,52729,17316,20,23,35370
0x4097ea,73.4568%,43,119,162,3,35,8,116
0x401a84,73.4568%,43,119,162,6,32,11,113
0x410b54,99.9218%,43,54914,54957,7753,21,22,47161
0x40e9f4,99.0398%,42,4332,4374,3874,14,28,458
0x406a70,74.6914%,41,121,162,5,33,8,116
0x4117ee,99.9885%,41,355105,355146,236437,18,23,118668
0x40641f,95.2546%,41,823,864,753,15,26,70
0x406cc6,62.963%,40,68,108,4,21,19,64
0x409b47,75.3086%,40,122,162,36,18,22,86
0x40218b,72.2222%,40,104,144,3,31,9,101
0x40bcf4,90.1961%,40,368,408,268,16,24,100
0x404170,93.4641%,40,572,612,531,13,27,41
0x40840b,69.0476%,39,87,126,0,30,9,87
0x412b00,99.926%,39,52690,52729,1299,28,11,51391
0x40e1e0,99.1084%,39,4335,4374,3883,5,34,452
0x402745,73.6111%,38,106,144,7,27,11,99
0x40acb8,99.6217%,38,10006,10044,8908,20,18,1098
0x4063e7,69.8413%,38,88,126,6,24,14,82
0x4019ad,97.4623%,37,1421,1458,1287,9,28,134
0x41043e,99.9606%,37,93981,94018,62564,9,28,31417
0x404bfc,75%,36,108,144,108,20,16,0
0x40279d,96.3636%,36,954,990,864,16,20,90
0x412276,99.7924%,36,17309,17345,2101,15,21,15208
0x410645,99.8855%,36,31398,31434,31118,5,31,280
0x40e8a8,97.5995%,35,1423,1458,1280,16,19,143
0x40f2d5,74.2647%,35,101,136,98,13,22,3
0x406c9b,79.0123%,34,128,162,34,20,14,94
0x4021cd,96.5657%,34,956,990,871,9,25,85
0x4064b6,83.5749%,34,173,207,173,11,23,0
0x41a638,89.5062%,34,290,324,280,8,26,10
0x4108f6,99.5632%,34,7750,7784,3496,19,15,4254
0x4087ef,73.0159%,34,92,126,9,21,13,83
0x40aada,97.043%,33,1083,1116,990,2,31,93
0x4128a0,99.8891%,33,29729,29762,28799,10,23,930
0x40bf9f,98.7818%,33,2676,2709,2404,4,29,272
0x409b7f,69.4444%,33,75,108,1,24,9,74
0x410d56,99.7997%,32,15946,15978,3494,21,11,12452
0x41088e,99.9796%,32,156836,156868,104450,8,24,52386
0x411c1e,99.9915%,32,377717,377749,251637,12,20,126080
0x4119ca,99.9755%,32,130709,130741,43822,19,13,86887
0x40bcdd,97.4603%,32,1228,1260,840,12,20,388
0x401f4f,99.2913%,31,4343,4374,3874,14,17,469
0x40e71d,93.6214%,31,455,486,422,10,21,33
0x410629,99.9088%,31,33961,33992,2538,20,11,31423
0x409b92,95.8501%,31,716,747,651,13,18,65
0x405a3e,81.4815%,30,132,162,130,14,16,2
0x40d3ca,79.1667%,30,114,144,114,14,16,0
0x40763c,81.4815%,30,132,162,132,12,18,0
0x40791d,83.3333%,30,150,180,143,17,13,7
0x40babf,81.4815%,30,132,162,132,12,18,0
0x40589d,97.9424%,30,1428,1458,1284,12,18,144
0x4084d5,76.9841%,29,97,126,97,11,18,0
0x40565c,79.8611%,29,115,144,2,16,13,113
0x41295a,99.9043%,29,30259,30288,16664,10,19,13595
0x40e061,99.337%,29,4345,4374,3878,10,19,467
0x403690,95.3301%,29,592,621,545,7,22,47
0x40738b,82.0988%,29,133,162,133,11,18,0
0x40ddfd,94.2387%,28,458,486,424,8,20,34
0x405c4d,84.4444%,28,152,180,151,9,19,1
0x411a06,99.9361%,28,43813,43841,1585,16,12,42228
0x41515a,82.716%,28,134,162,133,11,17,1
0x411d8e,99.9912%,28,317418,317446,211303,11,17,106115
0x41112e,99.9878%,27,220575,220602,146812,3,24,73763
0x4104b6,99.5835%,27,6455,6482,3660,14,13,2795
0x401df5,83.3333%,27,135,162,135,9,18,0
0x402c9d,97.5806%,27,1089,1116,982,10,17,107
0x402577,81.25%,27,117,144,117,9,18,0
0x412d46,99.9232%,27,35148,35175,1876,20,7,33272
0x41241f,99.9127%,26,29747,29773,28813,1,25,934
0x40db1a,81.9444%,26,118,144,117,11,15,1
0x4079ad,85.5556%,26,154,180,149,11,15,5
0x41322c,99.8372%,26,15942,15968,3494,17,9,12448
0x401ad6,83.9506%,26,136,162,136,8,18,0
0x40a83e,83.9506%,26,136,162,132,12,14,4
0x406209,79.3651%,26,100,126,96,12,14,4
0x40564b,66.6667%,24,48,72,45,11,13,3
0x416203,85.1852%,24,138,162,138,6,18,0
0x408a52,88.4058%,24,183,207,175,9,15,8
0x4033ed,98.3539%,24,1434,1458,1294,2,22,140
0x40332e,85.1852%,24,138,162,138,6,18,0
0x40bfff,93.5484%,24,348,372,241,7,17,107
0x4124bf,99.9208%,24,30277,30301,16668,15,9,13609
0x407968,60%,24,36,60,4,16,8,32
0x412b1c,99.9553%,23,51379,51402,50239,3,20,1140
0x40743d,98.4225%,23,1435,1458,1288,8,15,147
0x41336e,99.7041%,23,7751,7774,3496,15,8,4255
0x40cbe7,98.4225%,23,1435,1458,1290,6,17,145
0x40a977,85.8025%,23,139,162,139,5,18,0
0x40e662,57.4074%,23,31,54,21,15,8,10
0x4033f9,85.8025%,23,139,162,139,5,18,0
0x411e06,99.9375%,22,35162,35184,1893,7,15,33269
0x40d1cf,79.6296%,22,86,108,86,10,12,0
0x410ef9,99.9637%,21,57807,57828,57467,3,18,340
0x403c3c,69.5652%,21,48,69,48,8,13,0
0x40b570,99.7909%,21,10023,10044,8923,5,16,1100
0x40a88e,87.037%,21,141,162,141,3,18,0
0x40473e,85.4167%,21,123,144,122,4,17,1
0x40a96b,98.5597%,21,1437,1458,1292,4,17,145
0x40d8db,94.1667%,21,339,360,309,11,10,30
0x40daca,65%,21,39,60,38,8,13,1
0x404045,87.6543%,20,142,162,131,13,7,11
0x41ad47,99.8817%,20,16880,16900,15205,5,15,1675
0x40d37d,61.5385%,20,32,52,25,14,6,7
0x40e92a,87.6543%,20,142,162,137,7,13,5
0x410e52,99.9465%,20,37369,37389,24919,7,13,12450
0x40d145,61.5385%,20,32,52,0,11,9,32
0x409574,84.127%,20,106,126,105,3,17,1
0x41139e,99.9914%,19,220556,220575,146796,3,16,73760
0x40f2a3,86.0294%,19,117,136,83,8,11,34
0x4068d3,84.9206%,19,107,126,105,3,16,2
0x40ca9e,88.2716%,19,143,162,142,2,17,1
0x40af3a,98.2975%,19,1097,1116,988,4,15,109
0x406ced,77.1084%,19,64,83,44,12,7,20
0x4019b9,88.2716%,19,143,162,143,1,18,0
0x40d561,86.8056%,19,125,144,123,5,14,2
0x40ea11,64.8148%,19,35,54,35,13,6,0
0x409bb7,97.4565%,19,728,747,657,7,12,71
0x4015c1,88.2716%,19,143,162,142,2,17,1
0x40ced6,86.8056%,19,125,144,125,6,13,0
0x403608,86.8056%,19,125,144,125,6,13,0
0x40ce12,86.8056%,19,125,144,122,6,13,3
0x409acd,64.8148%,19,35,54,24,12,7,11
0x4058a9,88.2716%,19,143,162,143,1,18,0
0x403c89,86.8056%,19,125,144,125,1,18,0
0x40b22f,88.8889%,18,144,162,144,0,18,0
0x41059e,99.7863%,18,8406,8424,5607,9,9,2799
0x40cbf3,88.8889%,18,144,162,144,0,18,0
0x40eadd,88.8889%,18,144,162,144,0,18,0
0x40ead4,98.7654%,18,1440,1458,1293,3,15,147
0x40e8b4,88.8889%,18,144,162,144,0,18,0
0x407449,88.8889%,18,144,162,144,0,18,0
0x407353,88.8889%,18,144,162,141,3,15,3
0x402a91,87.5%,18,126,144,125,1,17,1
0x408874,97.9167%,18,846,864,761,7,11,85
0x414625,50%,18,18,36,18,14,4,0
0x410cee,99.9896%,18,173135,173153,115304,10,8,57831
0x40eb12,88.8889%,18,144,162,135,9,9,9
0x406c35,66.6667%,18,36,54,29,7,11,7
0x4040f5,88.1944%,17,127,144,125,5,12,2
0x40e568,96.5021%,17,469,486,469,17,0,0
0x412cde,99.9628%,17,45655,45672,30444,4,13,15211
0x4020fd,89.5062%,17,145,162,139,5,12,6
0x412403,99.9439%,17,30284,30301,516,12,5,29768
0x4046f4,75%,17,51,68,49,5,12,2
0x40b394,98.4767%,17,1099,1116,988,4,13,111
0x417792,55.5556%,16,20,36,0,0,16,20
0x40d19e,94.9206%,16,299,315,277,3,13,22
0x412372,99.965%,16,45671,45687,30449,9,7,15222
0x41292e,99.9819%,16,88317,88333,58561,10,6,29756
0x40d632,88.8889%,16,128,144,128,2,14,0
0x40d66e,87.3016%,16,110,126,102,10,6,8
0x413d30,11.1111%,16,2,18,1,15,1,1
0x4086ee,90.1235%,16,146,162,137,7,9,9
0x40df9f,70.3704%,16,38,54,38,10,6,0
0x406335,90.1235%,16,146,162,133,11,5,13
0x40f2b3,83.5165%,15,76,91,40,6,9,36
0x417734,58.3333%,15,21,36,21,11,4,0
0x4083d5,37.5%,15,9,24,6,12,3,3
0x40689c,46.4286%,15,13,28,12,10,5,1
0x40d884,75%,15,45,60,1,13,2,44
0x40d8e0,62.5%,15,25,40,23,5,10,2
0x410b2e,99.9904%,15,156826,156841,104441,1,14,52385
0x417904,31.8182%,15,7,22,7,13,2,0
0x40ca95,44.4444%,15,12,27,11,13,2,1
0x4026a5,91.358%,14,148,162,141,3,11,7
0x417892,61.1111%,14,22,36,17,7,7,5
0x4130fe,99.9377%,14,22465,22479,4120,9,5,18345
0x4134b7,99.7837%,14,6458,6472,3659,11,3,2799
0x46fec2,65%,14,26,40,24,8,6,2
0x4089ff,93.2367%,14,193,207,175,9,5,18
0x40f41e,68.1818%,14,30,44,29,7,7,1
0x40d1a3,60%,14,21,35,21,2,12,0
0x410f8e,99.9919%,14,173112,173126,115290,8,6,57822
0x412832,99.9571%,13,30286,30299,11702,4,9,18584
0x411edd,99.9935%,13,199691,199704,99845,7,6,99846
0x40cada,27.7778%,13,5,18,1,11,2,4
0x40401c,27.7778%,13,5,18,0,0,13,5
0x40cbff,27.7778%,13,5,18,5,11,2,0
0x41330e,99.9652%,13,37358,37371,24903,11,2,12455
0x414025,33.3333%,12,6,18,5,11,1,1
0x412853,99.9355%,12,18582,18594,4,10,2,18578
0x4057b5,33.3333%,12,6,18,2,10,2,4
0x406482,57.1429%,12,16,28,1,4,8,15
0x406b8b,98.9247%,12,1104,1116,986,6,6,118
0x4131de,99.9782%,12,55038,55050,36691,9,3,18347
0x4178f3,50%,12,12,24,1,1,11,11
0x4124f6,99.9281%,12,16671,16683,2114,2,10,14557
0x413c8f,0%,12,0,12,0,8,4,0
0x40b7f2,99.0143%,11,1105,1116,988,4,7,117
0x4106ce,99.9883%,11,93980,93991,62552,5,6,31428
0x4079b2,45%,11,9,20,0,0,11,9
0x41298f,99.934%,11,16663,16674,2109,3,8,14554
0x404d3c,84.7222%,11,61,72,61,10,1,0
0x40eb5e,93.2099%,11,151,162,139,5,6,12
0x40d761,21.4286%,11,3,14,0,0,11,3
0x40950d,60.7143%,11,17,28,17,5,6,0
0x40645c,88.5417%,11,85,96,85,5,6,0
0x40ca76,59.2593%,11,16,27,12,3,8,4
0x40cf0a,90.5983%,11,106,117,99,5,6,7
0x403545,93.2099%,11,151,162,138,6,5,13
0x411ffe,99.9965%,11,317408,317419,211289,9,2,106119
0x41199e,99.9971%,11,377765,377776,251661,4,7,126104
0x40d89e,76.087%,11,35,46,0,6,5,35
0x4155e6,99.2455%,11,1447,1458,967,5,6,480
0x401dbd,91.2281%,10,104,114,0,0,10,104
0x401dd6,97.076%,10,332,342,224,4,6,108
0x4179e3,44.4444%,10,8,18,8,4,6,0
0x40eb1b,44.4444%,10,8,18,8,8,2,0
0x40f325,92.5373%,10,124,134,84,6,4,40
0x41344e,99.9218%,10,12779,12789,8519,7,3,4260
0x412a5f,99.9771%,10,43676,43686,29115,9,1,14561
0x40c927,96.6216%,10,286,296,0,0,10,286
0x414ffe,44.4444%,10,8,18,8,8,2,0
0x412f5e,99.9921%,10,126695,126705,84464,6,4,42231
0x4157c7,97.9424%,10,476,486,319,5,5,157
0x40736f,81.4815%,10,44,54,44,4,6,0
0x401b23,94.4444%,9,153,162,140,4,5,13
0x415166,50%,9,9,18,9,7,2,0
0x415548,98.1481%,9,477,486,0,0,9,477
0x40f39a,79.5455%,9,35,44,35,6,3,0
0x40e729,83.3333%,9,45,54,45,3,6,0
0x41621d,50%,9,9,18,9,7,2,0
0x41359e,99.8929%,9,8397,8406,5600,4,5,2797
0x406b35,99.1935%,9,1107,1116,738,6,3,369
0x409960,99.1935%,9,1107,1116,989,3,6,118
0x415107,50%,9,9,18,9,7,2,0
0x40b986,0%,9,0,9,0,6,3,0
0x40d914,91.6667%,9,99,108,95,1,8,4
0x4116c2,99.9907%,9,96714,96723,64481,1,8,32233
0x410f62,99.9844%,9,57819,57828,0,0,9,57819
0x41249e,99.9898%,9,88351,88360,58586,1,8,29765
0x4019c5,50%,9,9,18,9,7,2,0
0x412bae,99.9941%,9,153037,153046,101638,6,3,51399
0x406b90,92.7419%,9,115,124,115,3,6,0
0x4121ae,99.9941%,9,153064,153073,101659,1,8,51405
0x40e2ad,85.1852%,8,46,54,46,2,6,0
0x40f2eb,68%,8,17,25,16,4,4,1
0x409924,99.2832%,8,1108,1116,742,2,6,366
0x4177a3,77.7778%,8,28,36,27,5,3,1
0x40d15f,80.4878%,8,33,41,0,6,2,33
0x40de09,85.1852%,8,46,54,46,2,6,0
0x41789f,33.3333%,8,4,12,4,4,4,0
0x4132fd,99.9893%,8,74734,74742,37369,2,6,37365
0x41ae54,99.7633%,8,3372,3380,1683,7,1,1689
0x40e146,85.1852%,8,46,54,46,2,6,0
0x417882,77.7778%,8,28,36,0,0,8,28
0x405b65,91.6667%,8,88,96,87,3,5,1
0x4155fc,98.3539%,8,478,486,322,2,6,156
0x40d414,56.25%,7,9,16,9,5,2,0
0x405c10,70.8333%,7,17,24,0,4,3,17
0x401f73,87.037%,7,47,54,47,1,6,0
0x409965,94.3548%,7,117,124,117,1,6,0
0x413ff5,61.1111%,7,11,18,11,5,2,0
0x458d6d,99.5878%,7,1691,1698,0,0,7,1691
0x41482e,41.6667%,7,5,12,3,5,2,2
0x412e7c,99.984%,7,43825,43832,1591,6,1,42234
0x40eaeb,61.1111%,7,11,18,11,5,2,0
0x40b95b,22.2222%,7,2,9,2,4,3,0
0x40334d,61.1111%,7,11,18,11,5,2,0
0x40eac7,61.1111%,7,11,18,0,0,7,11
0x407765,92.7083%,7,89,96,0,6,1,89
0x41b3c3,61.1111%,7,11,18,10,6,1,1
0x40c5ef,99.7372%,7,2657,2664,2367,1,6,290
0x41adab,99.9482%,7,13513,13520,13513,7,0,0
0x411b02,99.9945%,7,126713,126720,84479,1,6,42234
0x4089f0,75%,7,21,28,0,5,2,21
0x40b2cf,95.679%,7,155,162,0,0,7,155
0x40acef,94.3548%,7,117,124,0,0,7,117
0x411eee,99.993%,7,99845,99852,66565,3,4,33280
0x40d566,56.25%,7,9,16,0,0,7,9
0x409938,98.1183%,7,365,372,243,5,2,122
0x407606,61.1111%,7,11,18,0,0,7,11
0x4078de,70.8333%,7,17,24,0,4,3,17
0x41a64a,83.3333%,6,30,36,30,2,4,0
0x401d08,84.2105%,6,32,38,0,0,6,32
0x40a862,88.8889%,6,48,54,48,0,6,0
0x402c5c,95.1613%,6,118,124,0,0,6,118
0x4061a4,75%,6,18,24,18,0,6,0
0x4177e0,83.3333%,6,30,36,30,2,4,0
0x40c35d,98.3871%,6,366,372,0,0,6,366
0x40ae85,95.1613%,6,118,124,0,0,6,118
0x409bbc,92.7711%,6,77,83,77,3,3,0
0x41058d,99.9644%,6,16842,16848,8421,3,3,8421
0x4086f3,66.6667%,6,12,18,0,0,6,12
0x40f124,66.6667%,6,12,18,12,4,2,0
0x4115c6,99.9835%,6,36368,36374,4131,2,4,32237
0x408879,93.75%,6,90,96,90,0,6,0
0x45c9d3,99.6466%,6,1692,1698,0,0,6,1692
0x45c353,99.6466%,6,1692,1698,0,0,6,1692
0x41b4df,0%,6,0,6,0,2,4,0
0x4084e1,66.6667%,6,12,18,12,4,2,0
0x40e67f,66.6667%,6,12,18,7,5,1,5
0x41b449,66.6667%,6,12,18,8,4,2,4
0x40a983,66.6667%,6,12,18,12,4,2,0
0x40ca7a,58.3333%,5,7,12,7,2,3,0
0x414e6e,72.2222%,5,13,18,13,3,2,0
0x4125b0,99.9886%,5,43696,43701,0,0,5,43696
0x4048c9,72.2222%,5,13,18,13,3,2,0
0x412176,99.5712%,5,1161,1166,0,0,5,1161
0x417872,58.3333%,5,7,12,0,0,5,7
0x40c9fb,44.4444%,5,4,9,2,1,4,2
0x402102,72.2222%,5,13,18,0,0,5,13
0x410e3d,99.9933%,5,74773,74778,37386,3,2,37387
0x45c3bb,99.7055%,5,1693,1698,0,0,5,1693
0x46fe4f,37.5%,5,3,8,3,3,2,0
0x41260c,99.9835%,5,30296,30301,16899,2,3,13397
0x4063f0,94.7917%,5,91,96,0,0,5,91
0x46fe2a,37.5%,5,3,8,1,5,0,2
0x415435,96.9136%,5,157,162,0,0,5,157
0x40d920,58.3333%,5,7,12,4,4,1,3
0x412a4e,99.9943%,5,87367,87372,43683,3,2,43684
0x40cbd8,96.9136%,5,157,162,0,0,5,157
0x414270,72.2222%,5,13,18,11,5,0,2
0x40199e,96.9136%,5,157,162,0,0,5,157
0x401f94,16.6667%,5,1,6,1,3,2,0
0x402595,72.2222%,5,13,18,13,3,2,0
0x4126d1,72.2222%,5,13,18,13,3,2,0
0x4158e4,96.9136%,5,157,162,157,5,0,0
0x4035c3,96.5278%,5,139,144,0,0,5,139
0x46fda7,96.7105%,5,147,152,4,4,1,143
0x4073aa,77.7778%,4,14,18,14,2,2,0
0x41110a,99.9946%,4,73783,73787,0,0,4,73783
0x408a04,82.6087%,4,19,23,19,4,0,0
0x40d127,92.3077%,4,48,52,0,0,4,48
0x40b81e,96.7742%,4,120,124,0,0,4,120
0x40883c,95.8333%,4,92,96,0,0,4,92
0x45c38c,99.7644%,4,1694,1698,0,0,4,1694
0x40eacf,97.5309%,4,158,162,0,0,4,158
0x40ca7f,77.7778%,4,14,18,14,4,0,0
0x4117bf,99.9966%,4,118687,118691,0,0,4,118687
0x40c8fb,99.8498%,4,2660,2664,2368,0,4,292
0x458d63,99.7644%,4,1694,1698,0,0,4,1694
0x40c2a3,99.8523%,4,2705,2709,2408,0,4,297
0x40c33a,96.7742%,4,120,124,0,0,4,120
0x417a8b,0%,4,0,4,0,4,0,0
0x410689,98.7138%,4,307,311,0,0,4,307
0x4152f8,97.5309%,4,158,162,0,0,4,158
0x40d5df,97.2222%,4,140,144,0,0,4,140
0x406b46,98.9247%,4,368,372,245,3,1,123
0x412c00,99.9769%,4,17332,17336,2108,4,0,15224
0x40d1db,66.6667%,4,8,12,8,0,4,0
0x40ac6a,96.7742%,4,120,124,0,0,4,120
0x40e936,77.7778%,4,14,18,14,2,2,0
0x41126d,99.9964%,4,110132,110136,55065,3,1,55067
0x413770,0%,4,0,4,0,0,4,0
0x4146ca,88.8889%,4,32,36,22,2,2,10
0x410e10,99.9893%,4,37385,37389,0,0,4,37385
0x41309e,99.9959%,4,96701,96705,64470,0,4,32231
0x4026aa,77.7778%,4,14,18,0,0,4,14
0x40dd9d,33.3333%,4,2,6,0,0,4,2
0x4157b6,99.7257%,4,1454,1458,968,4,0,486
0x401f1b,92.5926%,4,50,54,0,0,4,50
0x46fdd3,97.3333%,4,146,150,0,0,4,146
0x4177d3,88.8889%,4,32,36,0,0,4,32
0x40da4a,0%,4,0,4,0,4,0,0
0x40f258,60%,4,6,10,0,0,4,6
0x458d75,99.7644%,4,1694,1698,0,0,4,1694
0x4129d1,99.9908%,4,43682,43686,43682,4,0,0
0x401b2c,77.7778%,4,14,18,14,2,2,0
0x412e1d,99.998%,4,199670,199674,99836,1,3,99834
0x40369c,94.2029%,4,65,69,65,3,1,0
0x41768b,0%,4,0,4,0,4,0,0
0x411bef,99.9976%,3,126097,126100,0,0,3,126097
0x41086a,99.9943%,3,52407,52410,0,0,3,52407
0x40aa69,97.5806%,3,121,124,0,0,3,121
0x4110f6,99.6047%,3,756,759,0,0,3,756
0x41306c,99.9969%,3,96702,96705,0,0,3,96702
0x405a46,83.3333%,3,15,18,0,0,3,15
0x4141b4,50%,3,3,6,3,1,2,0
0x4116ad,99.9984%,3,193443,193446,96721,2,1,96722
0x411fc9,99.6822%,3,941,944,0,0,3,941
0x40621c,83.3333%,3,15,18,15,1,2,0
0x417931,83.3333%,3,15,18,15,1,2,0
0x401d72,92.1053%,3,35,38,0,0,3,35
0x4057c6,50%,3,3,6,3,1,2,0
0x40f1da,83.3333%,3,15,18,15,1,2,0
0x46fde4,98%,3,147,150,4,2,1,143
0x404aa0,83.3333%,3,15,18,0,0,3,15
0x411d56,99.6842%,3,947,950,0,0,3,947
0x40633a,83.3333%,3,15,18,0,0,3,15
0x414a06,25%,3,1,4,0,0,3,1
0x4125dd,99.9966%,3,87399,87402,43699,2,1,43700
0x4131cd,99.9973%,3,110097,110100,55048,2,1,55049
0x40d2da,25%,3,1,4,0,0,3,1
0x4097f3,97.5806%,3,121,124,0,0,3,121
0x4109b0,99.9766%,3,12804,12807,0,0,3,12804
0x411aed,99.9988%,3,253437,253440,126718,2,1,126719
0x458d59,99.8233%,3,1695,1698,0,0,3,1695
0x40c623,98.9865%,3,293,296,0,0,3,293
0x40a95c,98.1481%,3,159,162,0,0,3,159
0x458e0f,99.8233%,3,1695,1698,1695,3,0,0
0x417634,25%,3,1,4,0,0,3,1
0x406b57,97.5806%,3,121,124,0,0,3,121
0x41ac53,99.9803%,3,15207,15210,8588,0,3,6619
0x41ac79,99.9304%,3,4309,4312,4309,3,0,0
0x40b885,97.5806%,3,121,124,121,0,3,0
0x40b975,66.6667%,3,6,9,6,3,0,0
0x40ba93,66.6667%,3,6,9,3,3,0,3
0x40bab6,66.6667%,3,6,9,6,0,3,0
0x40bc57,98.1481%,3,159,162,0,0,3,159
0x40ca20,97.561%,3,120,123,0,0,3,120
0x40ca24,97.561%,3,120,123,120,0,3,0
0x40cbc8,83.3333%,3,15,18,0,0,3,15
0x46fe67,62.5%,3,5,8,0,0,3,5
0x40e7ee,50%,3,3,6,3,1,2,0
0x458d97,99.8233%,3,1695,1698,0,0,3,1695
0x401e2c,83.3333%,3,15,18,15,1,2,0
0x41069d,99.9905%,3,31431,31434,0,0,3,31431
0x417924,83.3333%,3,15,18,0,0,3,15
0x40c9ff,50%,3,3,6,2,1,2,1
0x40f432,62.5%,3,5,8,5,3,0,0
0x41a667,25%,3,1,4,1,3,0,0
0x40db5c,81.25%,3,13,16,13,1,2,0
0x4154b6,98.1481%,3,159,162,0,0,3,159
0x41abe6,99.9112%,3,3377,3380,1689,1,2,1688
0x406932,83.3333%,3,15,18,15,1,2,0
0x411a71,99.9976%,3,126717,126720,126717,3,0,0
0x41552b,99.3827%,3,483,486,0,0,3,483
0x40d001,76.9231%,3,10,13,0,0,3,10
0x40d546,81.25%,3,13,16,0,0,3,13
0x41b250,25%,3,1,4,0,0,3,1
0x40340f,88.8889%,2,16,18,16,0,2,0
0x40e460,99.5885%,2,484,486,0,0,2,484
0x40dfee,99.5885%,2,484,486,0,0,2,484
0x40a8ad,88.8889%,2,16,18,16,0,2,0
0x40e17e,99.5885%,2,484,486,0,0,2,484
0x4179d3,88.8889%,2,16,18,0,0,2,16
0x41137f,99.9973%,2,73774,73776,0,0,2,73774
0x46fe6e,75%,2,6,8,0,0,2,6
0x402754,98.1818%,2,108,110,0,0,2,108
0x40e8d2,0%,2,0,2,0,0,2,0
0x40742e,98.7654%,2,160,162,0,0,2,160
0x4087f8,97.9167%,2,94,96,0,0,2,94
0x409912,99.4624%,2,370,372,0,0,2,370
0x4015d6,88.8889%,2,16,18,16,0,2,0
0x40a8f6,0%,2,0,2,0,0,2,0
0x40b175,33.3333%,2,1,3,1,2,0,0
0x40193f,0%,2,0,2,0,0,2,0
0x4027b2,98.1818%,2,108,110,108,2,0,0
0x40ea3f,66.6667%,2,4,6,0,2,0,4
0x402ae5,88.8889%,2,16,18,16,0,2,0
0x41b4e4,87.5%,2,14,16,14,2,0,0
0x403423,0%,2,0,2,0,0,2,0
0x401eb4,66.6667%,2,4,6,0,0,2,4
0x403e6c,88.8889%,2,16,18,16,0,2,0
0x41a530,50%,2,2,4,0,0,2,2
0x4140b8,66.6667%,2,4,6,4,0,2,0
0x4040ae,98.6111%,2,142,144,0,0,2,142
0x40e984,66.6667%,2,4,6,0,0,2,4
0x4058b5,88.8889%,2,16,18,16,0,2,0
0x409582,88.8889%,2,16,18,16,0,2,0
0x414055,88.8889%,2,16,18,16,0,2,0
0x405879,88.8889%,2,16,18,0,0,2,16
0x41afa6,0%,2,0,2,0,0,2,0
0x414d9b,50%,2,2,4,2,0,2,0
0x41b124,0%,2,0,2,0,2,0,0
0x41b181,0%,2,0,2,0,2,0,0
0x40e8c0,88.8889%,2,16,18,16,0,2,0
0x40aa14,98.7654%,2,160,162,0,0,2,160
0x41b4b7,0%,2,0,2,0,2,0,0
0x401f30,99.5885%,2,484,486,0,0,2,484
0x41b281,0%,2,0,2,0,2,0,0
0x414135,66.6667%,2,4,6,2,2,0,2
0x4058c6,0%,2,0,2,0,0,2,0
0x40417c,97.0588%,2,66,68,66,0,2,0
0x406b23,99.4624%,2,370,372,0,0,2,370
0x405823,0%,2,0,2,0,0,2,0
0x41774a,50%,2,2,4,2,2,0,0
0x40de9b,99.4624%,2,370,372,0,0,2,370
0x4179c4,66.6667%,2,4,6,0,0,2,4
0x4156eb,99.5885%,2,484,486,0,0,2,484
0x4117ab,99.7843%,2,925,927,0,0,2,925
0x412712,0%,2,0,2,0,0,2,0
0x410856,99.4475%,2,360,362,0,0,2,360
0x40bcc9,99.5516%,2,444,446,0,0,2,444
0x4033d1,98.7654%,2,160,162,0,0,2,160
0x413795,50%,2,2,4,0,0,2,2
0x45c3c7,99.8822%,2,1696,1698,0,0,2,1696
0x413caa,50%,2,2,4,1,1,1,1
0x412ed1,99.9984%,2,126703,126705,126703,2,0,0
0x45a30d,99.8822%,2,1696,1698,0,0,2,1696
0x413a10,50%,2,2,4,0,0,2,2
0x46fdbc,98.6667%,2,148,150,148,2,0,0
0x41343d,99.9922%,2,25576,25578,12788,1,1,12788
0x417806,50%,2,2,4,0,0,2,2
0x413619,50%,2,2,4,0,2,0,2
0x46fed8,75%,2,6,8,6,0,2,0
0x417a22,0%,2,0,2,0,0,2,0
0x40450c,0%,2,0,2,0,2,0,0
0x4109dd,99.9922%,2,25612,25614,12807,0,2,12805
0x40bae1,88.8889%,2,16,18,16,0,2,0
0x401b08,0%,2,0,2,0,0,2,0
0x40f315,0%,2,0,2,0,2,0,0
0x41795b,0%,2,0,2,0,0,2,0
0x410cb6,99.4505%,2,362,364,0,0,2,362
0x41197a,99.9984%,2,126109,126111,0,0,2,126109
0x41267d,99.9934%,2,30299,30301,30299,0,2,0
0x41b506,0%,2,0,2,0,2,0,0
0x4125f2,99.9954%,2,43699,43701,29132,2,0,14567
0x4112a5,99.9974%,2,77762,77764,77762,2,0,0
0x410406,99.3691%,2,315,317,0,0,2,315
0x4098af,98.3871%,2,122,124,0,0,2,122
0x407455,88.8889%,2,16,18,16,0,2,0
0x4179f0,66.6667%,2,4,6,4,0,2,0
0x412f4d,99.9992%,2,253408,253410,126704,1,1,126704
0x40eb00,0%,2,0,2,0,0,2,0
0x40eb6a,88.8889%,2,16,18,16,0,2,0
0x415016,0%,2,0,2,0,2,0,0
0x4064c2,91.3043%,2,21,23,21,2,0,0
0x40b5a7,98.3871%,2,122,124,0,0,2,122
0x407641,88.8889%,2,16,18,0,0,2,16
0x401aef,88.8889%,2,16,18,16,0,2,0
0x40c57a,99.3243%,2,294,296,0,0,2,294
0x411d6a,99.9981%,2,106130,106132,0,0,2,106130
0x40ca1a,77.7778%,2,7,9,7,1,1,0
0x40cb1f,66.6667%,2,4,6,4,0,2,0
0x410cca,99.9965%,2,57837,57839,0,0,2,57837
0x4133c1,99.9922%,1,12788,12789,12788,1,0,0
0x41127e,99.9982%,1,55067,55068,36711,1,0,18356
0x4038a6,0%,1,0,1,0,0,1,0
0x40ce88,99.3056%,1,143,144,0,0,1,143
0x413b86,91.6667%,1,11,12,0,0,1,11
0x45c3d0,99.9411%,1,1697,1698,0,0,1,1697
0x415670,99.3827%,1,161,162,0,0,1,161
0x40b324,99.1935%,1,123,124,0,0,1,123
0x41ab81,99.9408%,1,1689,1690,0,0,1,1689
0x40219c,99.0909%,1,109,110,0,0,1,109
0x40cdff,93.75%,1,15,16,0,0,1,15
0x41b22e,50%,1,1,2,1,1,0,0
0x41ab24,99.9408%,1,1689,1690,1689,1,0,0
0x46fe98,97.5%,1,39,40,0,0,1,39
0x40e73a,83.3333%,1,5,6,0,0,1,5
0x412b7d,99.9981%,1,51401,51402,0,0,1,51401
0x4157d5,99.3827%,1,161,162,0,0,1,161
0x4149e1,75%,1,3,4,0,0,1,3
0x40e91b,94.4444%,1,17,18,0,0,1,17
0x41124a,99.9982%,1,55067,55068,0,0,1,55067
0x415707,99.7942%,1,485,486,0,0,1,485
0x410e76,99.9984%,1,63532,63533,63532,1,0,0
0x45c9ca,99.9411%,1,1697,1698,0,0,1,1697
0x409bf9,66.6667%,1,2,3,2,1,0,0
0x4155bf,99.7942%,1,485,486,0,0,1,485
0x411631,99.999%,1,96722,96723,96722,1,0,0
0x40eb20,50%,1,1,2,0,0,1,1
0x4033bb,94.4444%,1,17,18,0,0,1,17
0x40f309,66.6667%,1,2,3,1,0,1,1
0x40eb0d,94.4444%,1,17,18,0,0,1,17
0x40b0d9,66.6667%,1,2,3,2,0,1,0
0x41afda,50%,1,1,2,1,1,0,0
0x40ca04,83.3333%,1,5,6,5,1,0,0
0x41b59e,50%,1,1,2,0,0,1,1
0x412ac8,99.9981%,1,52728,52729,0,0,1,52728
0x458da8,99.9411%,1,1697,1698,0,0,1,1697
0x417a0c,50%,1,1,2,0,0,1,1
0x45c37b,99.9411%,1,1697,1698,1697,1,0,0
0x40b186,66.6667%,1,2,3,2,0,1,0
0x407460,50%,1,1,2,0,0,1,1
0x40af66,99.1935%,1,123,124,0,0,1,123
0x45a267,99.9411%,1,1697,1698,1697,1,0,0
0x45c3d5,99.9411%,1,1697,1698,0,0,1,1697
0x40b034,0%,1,0,1,0,0,1,0
0x45c9ec,99.9411%,1,1697,1698,1697,1,0,0
0x40afde,0%,1,0,1,0,0,1,0
0x40afcd,99.1935%,1,123,124,123,0,1,0
0x410dc1,99.9973%,1,37388,37389,37388,1,0,0
0x406b4e,99.1935%,1,123,124,0,0,1,123
0x41b0e0,50%,1,1,2,0,0,1,1
0x4109f2,99.9922%,1,12806,12807,8538,0,1,4268
0x412e2e,99.999%,1,99836,99837,66557,1,0,33279
0x40c9a2,99.1935%,1,123,124,123,0,1,0
0x412b69,99.9138%,1,1159,1160,0,0,1,1159
0x411bdb,99.8185%,1,550,551,0,0,1,550
0x41af9a,50%,1,1,2,0,0,1,1
0x41b0d7,50%,1,1,2,0,0,1,1
0x40c2cf,99.6678%,1,300,301,0,0,1,300
0x40bd0d,99.7312%,1,371,372,0,0,1,371
0x41308d,99.9995%,1,193409,193410,96705,0,1,96704
0x41247a,99.9966%,1,29772,29773,0,0,1,29772
0x40eb54,94.4444%,1,17,18,0,0,1,17
0x412821,50%,1,1,2,0,0,1,1
0x411526,99.8928%,1,932,933,0,0,1,932
0x40baa5,88.8889%,1,8,9,8,1,0,0
0x458e2f,99.9411%,1,1697,1698,1697,1,0,0
0x4086b8,94.4444%,1,17,18,0,0,1,17
0x41041a,99.9968%,1,31444,31445,0,0,1,31444
0x41218a,99.9981%,1,51412,51413,0,0,1,51412
0x413151,99.9982%,1,55049,55050,55049,1,0,0
0x40354a,94.4444%,1,17,18,0,0,1,17
0x406d2d,96.2963%,1,26,27,26,1,0,0
0x410504,99.9881%,1,8423,8424,8423,1,0,0
0x40f2f5,80%,1,4,5,2,0,1,2
0x41b178,50%,1,1,2,0,0,1,1
0x41b25d,75%,1,3,4,1,1,0,2
0x4141ca,50%,1,1,2,1,1,0,0
0x415813,99.2424%,1,131,132,0,0,1,131
0x40e9e3,99.7942%,1,485,486,0,0,1,485
0x41b00c,50%,1,1,2,0,0,1,1
0x40e88d,94.4444%,1,17,18,0,0,1,17
0x45c9e3,99.9411%,1,1697,1698,0,0,1,1697
0x41a475,75%,1,3,4,0,0,1,3
0x40e44b,99.7942%,1,485,486,0,0,1,485
0x412ccd,99.9989%,1,91343,91344,45671,1,0,45672
0x41a512,75%,1,3,4,0,0,1,3
0x403a3a,0%,1,0,1,0,1,0,0
0x41a594,75%,1,3,4,0,0,1,3
0x45c367,99.9411%,1,1697,1698,0,0,1,1697
0x40c22e,99.6678%,1,300,301,0,0,1,300
0x409845,99.1935%,1,123,124,0,0,1,123
0x405360,0%,1,0,1,0,0,1,0
0x412da1,99.999%,1,99836,99837,99836,1,0,0
0x40b849,99.1935%,1,123,124,0,0,1,123
0x45a235,99.9411%,1,1697,1698,0,0,1,1697
0x40994d,99.1935%,1,123,124,0,0,1,123
0x40ff91,99.9946%,1,18594,18595,0,0,1,18594
0x40b0eb,0%,1,0,1,0,0,1,0
0x458d85,99.9411%,1,1697,1698,0,0,1,1697
0x412561,99.9977%,1,43700,43701,43700,1,0,0
0x458dba,100%,0,1698,1698,0,0,0,1698
0x40b0a6,100%,0,3,3,2,0,0,1
0x40b045,100%,0,1,1,0,0,0,1
0x411680,100%,0,96723,96723,0,0,0,96723
0x41ab0a,100%,0,1690,1690,0,0,0,1690
0x413566,100%,0,8406,8406,0,0,0,8406
0x41a4c0,100%,0,4,4,4,0,0,0
0x40b24f,100%,0,18,18,16,0,0,2
0x411f12,100%,0,107602,107602,107602,0,0,0
0x406abd,100%,0,124,124,0,0,0,124
0x412f2c,100%,0,126705,126705,0,0,0,126705
0x411966,100%,0,557,557,0,0,0,557
0x41a522,100%,0,4,4,0,0,0,4
0x413f9b,100%,0,2,2,2,0,0,0
0x41abd9,100%,0,1690,1690,0,0,0,1690
0x41ac10,100%,0,3380,3380,1690,0,0,1690
0x40631e,100%,0,18,18,0,0,0,18
0x4132d8,100%,0,37371,37371,0,0,0,37371
0x40eaa1,100%,0,4,4,4,0,0,0
0x40ea92,100%,0,8,8,4,0,0,4
0x40f39f,100%,0,3,3,3,0,0,0
0x41b26f,100%,0,2,2,2,0,0,0
0x4148bc,100%,0,4,4,0,0,0,4
0x405c52,100%,0,20,20,20,0,0,0
0x45c3ac,100%,0,1698,1698,1698,0,0,0
0x41a615,100%,0,36,36,0,0,0,36
0x40b8fd,100%,0,3,3,0,0,0,3
0x45a20a,100%,0,1698,1698,0,0,0,1698
0x45a255,100%,0,1698,1698,0,0,0,1698
0x40b0c8,100%,0,3,3,3,0,0,0
0x45a86d,100%,0,1698,1698,1698,0,0,0
0x41a5b1,100%,0,4,4,0,0,0,4
0x40e81e,100%,0,2,2,0,0,0,2
0x41a5a2,100%,0,4,4,4,0,0,0
0x45c3a3,100%,0,1698,1698,0,0,0,1698
0x4105c3,100%,0,34005,34005,34005,0,0,0
0x41b01e,100%,0,2,2,2,0,0,0
0x40eb72,100%,0,2,2,2,0,0,0
0x40bf2a,100%,0,301,301,0,0,0,301
0x40bfcb,100%,0,301,301,0,0,0,301
0x40da23,100%,0,4,4,0,0,0,4
0x411ac0,100%,0,126720,126720,0,0,0,126720
0x410a16,100%,0,54970,54970,54970,0,0,0
0x40eab8,100%,0,2,2,0,0,0,2
0x41a558,100%,0,4,4,0,0,0,4
0x41470a,100%,0,12,12,0,0,0,12
0x40c9a6,100%,0,1,1,0,0,0,1
0x409ba4,100%,0,83,83,0,0,0,83
0x411e51,100%,0,99852,99852,99852,0,0,0
0x40cc13,100%,0,2,2,0,0,0,2
0x40b995,100%,0,3,3,3,0,0,0
0x41235d,100%,0,91374,91374,45687,0,0,45687
0x40ce17,100%,0,16,16,0,0,0,16
0x408a57,100%,0,23,23,23,0,0,0
0x413fa9,100%,0,2,2,0,0,0,2
0x40d308,100%,0,4,4,4,0,0,0
0x4122e1,100%,0,45687,45687,45687,0,0,0
0x414202,100%,0,4,4,2,0,0,2
0x40b0fc,100%,0,1,1,0,0,0,1
0x40d866,100%,0,60,60,0,0,0,60
0x40aade,100%,0,124,124,0,0,0,124
0x41578e,100%,0,486,486,0,0,0,486
0x40b198,100%,0,1,1,1,0,0,0
0x40b8ec,100%,0,3,3,0,0,0,3
0x40b398,100%,0,124,124,0,0,0,124
0x408452,100%,0,96,96,96,0,0,0
0x40b522,100%,0,124,124,0,0,0,124
0x41a4bb,100%,0,4,4,0,0,0,4
0x41aafc,100%,0,1690,1690,0,0,0,1690
0x40b896,100%,0,3,3,0,0,0,3
0x401b16,100%,0,18,18,0,0,0,18
0x40ba30,100%,0,3,3,0,0,0,3
0x407973,100%,0,40,40,40,0,0,0
0x413418,100%,0,12789,12789,0,0,0,12789
0x40ba41,100%,0,3,3,0,0,0,3
0x408410,100%,0,96,96,0,0,0,96
0x41b15e,100%,0,2,2,0,0,0,2
0x40ea44,100%,0,4,4,0,0,0,4
0x40df02,100%,0,372,372,372,0,0,0
0x402ca5,100%,0,124,124,124,0,0,0
0x4116e9,100%,0,123587,123587,123587,0,0,0
0x403376,100%,0,2,2,0,0,0,2
0x405b1e,100%,0,96,96,0,0,0,96
0x41b2ab,100%,0,2,2,0,0,0,2
0x40a992,100%,0,2,2,0,0,0,2
0x45a275,100%,0,1698,1698,0,0,0,1698
0x410961,100%,0,12807,12807,12807,0,0,0
0x40351d,100%,0,18,18,0,0,0,18
0x41ac15,100%,0,1690,1690,0,0,0,1690
0x411eba,100%,0,99852,99852,0,0,0,99852
0x41153a,100%,0,118703,118703,0,0,0,118703
0x412466,100%,0,959,959,0,0,0,959
0x41a53e,100%,0,4,4,0,0,0,4
0x414726,100%,0,12,12,0,0,0,12
0x40198b,100%,0,18,18,0,0,0,18
0x40b73d,100%,0,124,124,0,0,0,124
0x41b3d7,100%,0,2,2,2,0,0,0
0x4131ac,100%,0,55050,55050,0,0,0,55050
0x4111e1,100%,0,55068,55068,55068,0,0,0
0x40af91,100%,0,124,124,0,0,0,124
0x458dc9,100%,0,1698,1698,1698,0,0,0
0x412903,100%,0,29762,29762,0,0,0,29762
0x413281,100%,0,37371,37371,37371,0,0,0
0x40e6b0,100%,0,6,6,6,0,0,0
0x4128ef,100%,0,953,953,0,0,0,953
0x458e39,100%,0,1698,1698,0,0,0,1698
0x458e3e,100%,0,1698,1698,1698,0,0,0
0x41b596,100%,0,2,2,0,0,0,2
0x41b5a8,100%,0,2,2,0,0,0,2
0x411fdd,100%,0,106121,106121,0,0,0,106121
0x41b348,100%,0,2,2,0,0,0,2
0x40cb72,100%,0,2,2,0,0,0,2
0x40e9d8,100%,0,54,54,0,0,0,54
0x407922,100%,0,20,20,0,0,0,20
0x40f2ff,100%,0,3,3,0,0,0,3
0x40c889,100%,0,296,296,0,0,0,296
0x40e705,100%,0,54,54,0,0,0,54
0x4020bb,100%,0,18,18,0,0,0,18
0x4073bd,100%,0,2,2,0,0,0,2
0x41afe7,100%,0,2,2,2,0,0,0
0x41358d,100%,0,16812,16812,8406,0,0,8406
0x411b29,100%,0,130741,130741,130741,0,0,0
0x402688,100%,0,18,18,0,0,0,18
0x40e1e5,100%,0,486,486,486,0,0,0
0x413011,100%,0,96705,96705,96705,0,0,0
0x40f3b3,100%,0,3,3,3,0,0,0
0x458de7,100%,0,1698,1698,0,0,0,1698
0x41b116,100%,0,2,2,2,0,0,0
0x41b1d8,100%,0,2,2,0,0,0,2
0x41b2b6,100%,0,2,2,2,0,0,0
0x412df6,100%,0,99837,99837,0,0,0,99837
0x412ca6,100%,0,45672,45672,0,0,0,45672
0x40497f,100%,0,18,18,0,0,0,18
0x41b46f,100%,0,6,6,0,0,0,6
0x40e066,100%,0,486,486,486,0,0,0
0x412a20,100%,0,43686,43686,0,0,0,43686
0x40b15b,100%,0,3,3,2,0,0,1
0x41b16f,100%,0,2,2,0,0,0,2
0x404f46,100%,0,1,1,0,0,0,1
0x40e898,100%,0,162,162,0,0,0,162
0x413640,100%,0,4,4,0,0,0,4
0x412c51,100%,0,45672,45672,45672,0,0,0
0x4052c1,100%,0,1,1,0,0,0,1
0x40534a,100%,0,1,1,0,0,0,1
0x46fdfa,100%,0,150,150,150,0,0,0
0x40541f,100%,0,1,1,1,0,0,0
0x405429,100%,0,1,1,1,0,0,0
0x40dde9,100%,0,54,54,0,0,0,54
0x40a94c,100%,0,18,18,0,0,0,18
0x41136b,100%,0,753,753,0,0,0,753
0x413511,100%,0,8406,8406,8406,0,0,0
0x413629,100%,0,2,2,0,0,0,2
0x414c85,100%,0,4,4,0,0,0,4
0x405a0a,100%,0,18,18,0,0,0,18
0x40404a,100%,0,18,18,0,0,0,18
0x46fdac,100%,0,150,150,150,0,0,0
0x41aaec,100%,0,1690,1690,0,0,0,1690
0x40496a,100%,0,18,18,0,0,0,18
0x407413,100%,0,18,18,0,0,0,18
0x41056d,100%,0,8424,8424,0,0,0,8424
0x404385,100%,0,2,2,2,0,0,0
0x40588e,100%,0,162,162,0,0,0,162
0x410f4b,100%,0,358,358,0,0,0,358
0x401cbf,100%,0,38,38,0,0,0,38
0x412330,100%,0,45687,45687,0,0,0,45687
0x41b015,100%,0,2,2,0,0,0,2
0x413cc5,100%,0,2,2,0,0,0,2
0x410aeb,100%,0,356,356,0,0,0,356
0x40ea8d,100%,0,4,4,0,0,0,4
0x416240,100%,0,2,2,0,0,0,2
0x4021d2,100%,0,110,110,110,0,0,0
0x410b02,100%,0,52399,52399,0,0,0,52399
