Branch PC,Accuracy,Mispredictions,Correct Predictions,Total,dir_t_pred_t,dir_t_pred_nt,dir_nt_pred_t,dir_nt_pred_nt
aggregate,98.3293%,435938,25656473,26092411,16004104,172469,263469,9652369
0x411480,93.4822%,40046,574365,614411,498486,15268,24778,75879
0x411cdb,95.8825%,36396,847538,883934,781250,12858,23538,66288
0x41104e,93.969%,31704,493981,525685,443374,11470,20234,50607
0x4120ef,96.2418%,30007,768444,798451,744995,8597,21410,23449
0x41321e,96.0879%,20562,505032,525594,458230,8949,11613,46802
0x4118ce,95.3664%,17303,356122,373425,267459,5693,11610,88663
0x412fb0,95.9473%,15130,358204,373334,266767,6001,9129,91437
0x41ac73,96.0371%,14973,362858,377831,339983,6596,8377,22875
0x412e6e,98.3869%,14257,869586,883843,776376,7285,6972,93210
0x410341,90.2362%,13247,122428,135675,26404,7606,5641,96024
0x412d38,98.3497%,13175,785184,798359,701901,6724,6451,83283
0x41ae23,94.0125%,13126,206099,219225,204637,1110,12016,1462
0x412633,95.2889%,12659,256049,268708,30625,7571,5088,225424
0x4130f0,97.9667%,12491,601829,614320,538644,4926,7565,63185
0x4134a1,96.0535%,11819,287663,299482,257611,7952,3867,30052
0x410794,96.5995%,10187,289386,299573,245455,3836,6351,43931
0x41ad1f,92.1452%,9528,111774,121302,106079,1745,7783,5695
0x410c08,92.6776%,7511,95065,102576,41370,2700,4811,53695
0x4123df,85.4567%,6524,38335,44859,24729,3582,2942,13606
0x413360,97.022%,3052,99433,102485,51279,1015,2037,48154
0x41acba,99.2425%,2862,374969,377831,295115,798,2064,79854
0x40de8a,73.4067%,1594,4400,5994,939,1035,559,3461
0x409b7f,66.704%,1189,2382,3571,698,735,454,1684
0x40c953,63.9462%,1100,1951,3051,1728,306,794,223
0x40c2fb,66.1422%,1033,2018,3051,1658,376,657,360
0x4135e8,99.244%,1025,134558,135583,119356,416,609,15202
0x406cc6,59.4937%,992,1457,2449,357,577,415,1100
0x409d02,69.3389%,960,2171,3131,423,596,364,1748
0x40c657,68.8954%,949,2102,3051,1758,276,673,344
0x40f66f,84.8849%,932,5234,6166,4869,272,660,365
0x409b47,87.989%,921,6747,7668,3907,190,731,2840
0x40a83e,88.3281%,895,6773,7668,6630,186,709,143
0x412629,98.4737%,869,56066,56935,5797,537,332,50269
0x40bdac,73.7463%,801,2250,3051,93,644,157,2157
0x402c4d,61.5802%,778,1247,2025,196,509,269,1051
0x40f2d5,79.1633%,772,2933,3705,2906,175,597,27
0x40ee5c,81.1964%,767,3312,4079,3273,126,641,39
0x40bcce,93.7677%,749,11269,12018,6,597,152,11263
0x40b57b,91.8278%,748,8405,9153,8088,48,700,317
0x40c0b8,76.0079%,732,2319,3051,2159,155,577,160
0x409d27,73.6423%,728,2034,2762,588,416,312,1446
0x40c3fc,76.2045%,726,2325,3051,77,583,143,2248
0x40c713,76.3356%,722,2329,3051,2253,138,584,76
0x40ee0e,88.217%,721,5398,6119,1612,362,359,3786
0x40df85,88.2549%,704,5290,5994,5252,76,628,38
0x40acc3,92.6144%,676,8477,9153,8022,114,562,455
0x409cc8,62.4861%,673,1121,1794,360,404,269,761
0x401dc4,69.9055%,669,1554,2223,1394,171,498,160
0x401d33,70.0855%,665,1558,2223,268,435,230,1290
0x402745,63.0045%,660,1124,1784,176,435,225,948
0x40218b,63.3408%,654,1130,1784,200,415,239,930
0x40b308,94.6018%,652,11426,12078,3,600,52,11423
0x406c9b,87.6984%,651,4641,5292,2693,150,501,1948
0x409bbc,69.5978%,650,1488,2138,1202,214,436,286
0x40aa4d,94.6297%,649,11436,12085,19,584,65,11417
0x401ce3,71.48%,634,1589,2223,322,400,234,1267
0x407353,88.0385%,633,4659,5292,4572,132,501,87
0x406a70,61.4198%,625,995,1620,189,414,211,806
0x4097ea,61.9136%,617,1003,1620,196,407,210,807
0x407968,69.7257%,607,1398,2005,254,381,226,1144
0x40ef3e,90.9923%,551,5566,6117,5309,130,421,257
0x409c9f,88.6464%,515,4021,4536,2583,159,356,1438
0x405b15,58.2792%,514,718,1232,141,300,214,577
0x4063e7,60.299%,478,726,1204,158,277,201,568
0x40e107,91.9918%,468,5376,5844,5213,17,451,163
0x409dc4,89.7487%,465,4071,4536,3919,113,352,152
0x415138,56.2203%,461,592,1053,477,197,264,115
0x40840b,62.9058%,457,775,1232,147,294,163,628
0x4087ef,62.3754%,453,751,1204,132,303,150,619
0x402e51,60.2022%,433,655,1088,188,277,156,467
0x412660,99.0299%,432,44098,44530,42647,102,330,1451
0x4078de,61.4621%,427,681,1108,208,256,171,473
0x4157fb,61.8234%,402,651,1053,110,269,133,541
0x409acd,84.8983%,386,2170,2556,1535,169,217,635
0x40b317,96.7059%,378,11097,11475,10356,102,276,741
0x40f685,63.4146%,375,650,1025,563,134,241,87
0x402e2f,84.8403%,337,1886,2223,1029,106,231,857
0x412645,99.8542%,336,230176,230512,12182,223,113,217994
0x40f41e,72.8455%,334,896,1230,872,93,241,24
0x406c35,81.0658%,334,1430,1764,1064,112,222,366
0x40e266,94.3868%,330,5549,5879,5247,12,318,302
0x40ea00,94.6113%,323,5671,5994,5295,33,290,376
0x4089f0,60.6369%,309,476,785,148,178,131,328
0x40d145,50%,305,305,610,50,188,117,255
0x405c10,55.7496%,304,383,687,103,174,130,280
0x4083d5,72.6534%,303,805,1108,754,124,179,51
0x409b92,98.4305%,302,18940,19242,17026,78,224,1914
0x4114c1,99.702%,300,100357,100657,2930,182,118,97427
0x41158a,99.7039%,298,100359,100657,35880,109,189,64479
0x401f62,95.0617%,296,5698,5994,5323,5,291,375
0x404bfc,83.3522%,294,1472,1766,1437,113,181,35
0x40f567,91.1534%,293,3019,3312,3018,66,227,1
0x402577,83.9126%,287,1497,1784,1493,68,219,4
0x409965,71.7112%,286,725,1011,623,104,182,102
0x40edbd,72.1569%,284,736,1020,215,125,159,521
0x41212f,99.3553%,282,43458,43740,42512,78,204,946
0x40e62a,95.2373%,282,5639,5921,5242,42,240,397
0x402a91,84.361%,279,1505,1784,1497,64,215,8
0x40332e,86.2716%,278,1747,2025,1722,78,200,25
0x40791d,95.2553%,275,5521,5796,5076,76,199,445
0x40641f,96.0555%,273,6648,6921,6059,93,180,589
0x409cdb,97.0658%,272,8998,9270,8164,76,196,834
0x401d41,87.8992%,269,1954,2223,1929,47,222,25
0x4114dd,99.7263%,267,97278,97545,96543,72,195,735
0x40565c,84.8382%,267,1494,1761,47,170,97,1447
0x40224b,47.9371%,265,244,509,91,143,122,153
0x401cae,74.8338%,265,788,1053,729,77,188,59
0x401cf1,88.1242%,264,1959,2223,1906,70,194,53
0x410c59,99.5539%,261,58245,58506,3587,154,107,54658
0x406209,78.8961%,260,972,1232,952,104,156,20
0x402ef2,88.3228%,259,1959,2218,1920,56,203,39
0x40aa5c,97.7443%,259,11223,11482,10416,49,210,807
0x41108f,99.6415%,254,70587,70841,2559,158,96,68028
0x406ced,83.4983%,250,1265,1515,847,123,127,418
0x405b5d,96.5023%,249,6870,7119,6237,91,158,633
0x4089ff,94.0208%,247,3884,4131,3598,74,173,286
0x41175c,99.7486%,245,97222,97467,96496,80,165,726
0x40227d,90.101%,245,2230,2475,2108,92,153,122
0x40736f,86.1678%,244,1520,1764,1506,62,182,14
0x4113c4,99.6565%,243,70507,70750,21876,127,116,48631
0x41115f,99.6598%,241,70600,70841,21947,121,120,48653
0x40f702,92.8377%,237,3072,3309,2104,103,134,968
0x407449,88.2963%,237,1788,2025,1787,13,224,1
0x401a84,77.5878%,236,817,1053,89,158,78,728
0x403608,86.9395%,233,1551,1784,1531,42,191,20
0x40d884,57.4312%,232,313,545,95,134,98,218
0x40950d,70.4459%,232,553,785,487,104,128,66
0x40defd,99.3615%,231,35949,36180,32086,74,157,3863
0x404170,95.6863%,231,5124,5355,4698,62,169,426
0x40844d,96.7973%,228,6891,7119,6252,76,152,639
0x403c3c,67.147%,228,466,694,423,60,168,43
0x40a977,88.7407%,228,1797,2025,1793,7,221,4
0x4021cd,97.8614%,225,10296,10521,9252,100,125,1044
0x410473,99.3414%,224,33786,34010,4925,141,83,28861
0x4033f9,88.9877%,223,1802,2025,1782,18,205,20
0x41ae1d,99.8931%,220,205527,205747,39241,143,77,166286
0x409c5b,85.582%,218,1294,1512,932,76,142,362
0x40cbf3,89.2346%,218,1807,2025,1799,1,217,8
0x407765,72.5664%,217,574,791,64,166,51,510
0x40564b,68.9209%,216,479,695,403,81,135,76
0x4058a9,89.3827%,215,1810,2025,1797,3,212,13
0x40babf,86.7284%,215,1405,1620,1375,65,150,30
0x410fb4,99.6337%,214,58201,58415,13787,105,109,44414
0x402c9d,98.2071%,213,11667,11880,10500,60,153,1167
0x40473e,88.0631%,212,1564,1776,1521,33,179,43
0x40738b,86.9136%,212,1408,1620,1401,39,173,7
0x406b90,79.1296%,211,800,1011,767,48,163,33
0x4046f4,64.7059%,210,385,595,340,67,143,45
0x410a85,99.5816%,210,49981,50191,1284,118,92,48697
0x411f7a,99.7625%,210,88200,88410,87532,53,157,668
0x4040f5,88.232%,209,1567,1776,1555,33,176,12
0x407a57,53.139%,209,237,446,131,100,109,106
0x411b94,99.7857%,208,96852,97060,96348,43,165,504
0x411907,99.7926%,208,100065,100273,3006,129,79,97059
0x409c15,69.2308%,208,468,676,29,139,69,439
0x412024,99.7693%,207,89527,89734,38372,105,102,51155
0x411d18,99.7661%,207,88282,88489,87564,61,146,718
0x4068d3,82.8073%,207,997,1204,978,54,153,19
0x40a862,91.9014%,207,2349,2556,2231,41,166,118
0x40d122,96.2295%,207,5283,5490,4800,80,127,483
0x403c89,88.4529%,206,1578,1784,1545,16,190,33
0x40f6f2,96.658%,206,5958,6164,2983,99,107,2975
0x40ee1b,95.0543%,205,3940,4145,1944,96,109,1996
0x411309,99.7102%,205,70545,70750,2566,138,67,67979
0x407aa0,69.5394%,205,468,673,89,119,86,379
0x406482,64.386%,203,367,570,83,134,69,284
0x40e1e0,99.6193%,203,53122,53325,47363,37,166,5759
0x411923,99.792%,202,96936,97138,96404,26,176,532
0x407ac2,89.3162%,200,1672,1872,1590,74,126,82
0x4084d5,83.7662%,200,1032,1232,1013,43,157,19
0x40c9fb,70.2703%,198,468,666,276,89,109,192
0x409bf9,72.5762%,198,524,722,482,56,142,42
0x40e061,99.6306%,196,52868,53064,47117,51,145,5751
0x40a88e,87.963%,195,1425,1620,1423,17,178,2
0x411b78,99.8064%,194,99988,100182,3012,110,84,96976
0x40d37d,68.3607%,193,417,610,389,89,104,28
0x409574,83.9701%,193,1011,1204,998,34,159,13
0x409d5f,80.8765%,192,812,1004,709,59,133,103
0x408879,75.1625%,191,578,769,525,50,141,53
0x40eec7,81.5175%,190,838,1028,172,112,78,666
0x403600,98.8229%,189,15867,16056,14201,71,118,1666
0x4040f0,98.8238%,188,15796,15984,14155,53,135,1641
0x40f714,83.0309%,187,915,1102,632,104,83,283
0x405c4d,94.9322%,187,3503,3690,3209,71,116,294
0x40ca9e,88.642%,184,1436,1620,1399,41,143,37
0x408b40,68.7606%,184,405,589,74,117,67,331
0x40ef76,82.3183%,180,838,1018,613,67,113,225
0x41515a,82.906%,180,873,1053,873,63,117,0
0x408a57,61.0022%,179,280,459,222,76,103,58
0x407a87,74.2402%,178,513,691,81,130,48,432
0x405b65,77.4968%,178,613,791,586,53,125,27
0x41223d,99.6077%,176,44683,44859,14370,84,92,30313
0x4103a8,99.4825%,176,33834,34010,1435,108,68,32399
0x40689c,69.1228%,176,394,570,381,52,124,13
0x40d861,96.4453%,175,4748,4923,4337,39,136,411
0x4064b6,94.5231%,174,3003,3177,2775,49,125,228
0x409df7,88.5582%,173,1339,1512,1288,56,117,51
0x410c75,99.6896%,170,54595,54765,54318,48,122,277
0x40279d,98.3992%,169,10388,10557,9310,74,95,1078
0x401420,85.7744%,169,1019,1188,997,59,110,22
0x409840,98.1645%,168,8985,9153,8084,52,116,901
0x407a6d,91.3178%,168,1767,1935,1684,36,132,83
0x412276,98.8377%,168,14286,14454,1919,86,82,12367
0x410d1a,99.7128%,168,58338,58506,13897,60,108,44441
0x411814,99.8339%,167,100399,100566,35845,79,88,64554
0x4061a4,75.6914%,167,520,687,476,59,108,44
0x40ced6,82.265%,166,770,936,768,36,130,2
0x40b22f,89.7531%,166,1454,1620,1403,37,129,51
0x40135c,86.1953%,164,1024,1188,998,58,106,26
0x40ce12,82.4786%,164,772,936,762,70,94,10
0x408a76,65.9708%,163,316,479,68,85,78,248
0x40645c,78.8036%,163,606,769,588,44,119,18
0x40eee3,76.2391%,163,523,686,516,54,109,7
0x4079b2,74.3307%,163,472,635,45,95,68,427
0x415803,80.8511%,162,684,846,605,69,93,79
0x401412,86.3636%,162,1026,1188,992,58,104,34
0x408b27,90.7407%,160,1568,1728,1492,44,116,76
0x40bcf4,95.5882%,159,3445,3604,2543,44,115,902
0x40280d,87.2902%,159,1092,1251,1054,58,101,38
0x408b5a,72.3958%,159,417,576,95,93,66,322
0x410edd,99.7295%,158,58257,58415,3632,96,62,54625
0x406d21,96.7788%,158,4747,4905,4298,62,96,449
0x40d89e,50.3165%,157,159,316,50,66,91,109
0x401ad6,85.0902%,157,896,1053,885,51,106,11
0x411325,99.7722%,155,67891,68046,67324,28,127,567
0x4110ab,99.7725%,155,67969,68124,67354,37,118,615
0x4033ed,99.1495%,155,18070,18225,16168,32,123,1902
0x411196,99.3022%,154,21914,22068,2222,97,57,19692
0x408837,97.7749%,154,6767,6921,6099,53,101,668
0x401df5,85.3751%,154,899,1053,888,48,106,11
0x4107ed,99.6937%,154,50128,50282,1316,99,55,48812
0x40f72e,57.9235%,154,212,366,183,63,91,29
0x408b14,64.6651%,153,280,433,172,69,84,108
0x411cfc,99.8297%,153,89673,89826,1246,91,62,88427
0x40ee7c,77.5%,153,527,680,516,48,105,11
0x41241f,99.4546%,152,27717,27869,26699,37,115,1018
0x409d70,92.8437%,152,1972,2124,1842,46,106,130
0x412113,99.6612%,152,44707,44859,1034,85,67,43673
0x4079ad,97.3403%,152,5563,5715,5017,63,89,546
0x40d3ca,83.7607%,152,784,936,775,57,95,9
0x40d62d,98.1901%,151,8192,8343,7377,39,112,815
0x40daca,72.7605%,149,398,547,379,50,99,19
0x40d632,83.9266%,149,778,927,773,36,113,5
0x4022cc,71.1198%,147,362,509,356,68,79,6
0x416203,86.0399%,147,906,1053,902,34,113,4
0x4013c2,87.6263%,147,1041,1188,1025,47,100,16
0x411c44,99.8543%,146,100036,100182,35497,68,78,64539
0x4013d0,87.7104%,146,1042,1188,1023,33,113,19
0x4103c4,99.5503%,146,32321,32467,32067,33,113,254
0x406335,91.1111%,144,1476,1620,1401,39,105,75
0x408bb9,66.9746%,143,290,433,217,63,80,73
0x410809,99.7094%,142,48725,48867,48405,31,111,320
0x40bfff,95.3458%,142,2909,3051,2002,32,110,907
0x402de7,80.5825%,140,581,721,381,93,47,200
0x407aff,68.6099%,140,306,446,261,45,95,45
0x4119ca,99.8604%,140,100133,100273,35569,61,79,64564
0x402e78,77.6886%,139,484,623,405,59,80,79
0x40ced1,98.35%,139,8285,8424,7441,47,92,844
0x40f2eb,77.8846%,138,486,624,482,37,101,4
0x40ef31,86.7446%,136,890,1026,881,31,105,9
0x411dc7,99.8497%,135,89691,89826,38496,47,88,51195
0x405a3e,91.7284%,134,1486,1620,1367,73,61,119
0x40eadd,87.2745%,134,919,1053,913,23,111,6
0x41295a,99.5322%,132,28087,28219,13757,44,88,14330
0x401b23,87.4644%,132,921,1053,906,30,102,15
0x40db1a,85.8684%,131,796,927,782,42,89,14
0x410d56,99.0686%,130,13827,13957,1986,83,47,11841
0x4027e0,61.0942%,128,201,329,114,76,52,87
0x40d15f,66.129%,126,246,372,69,64,62,177
0x40e71d,97.8979%,126,5868,5994,5290,38,88,578
0x4108ba,99.7494%,126,50156,50282,6107,51,75,44049
0x4106ec,99.6344%,124,33795,33919,4922,79,45,28873
0x403545,93.9259%,123,1902,2025,1764,36,87,138
0x412d46,99.6803%,123,38354,38477,1518,79,44,36836
0x40f325,96.673%,123,3574,3697,2397,70,53,1177
0x41b3c3,90.6393%,123,1191,1314,1125,43,80,66
0x40e8b4,88.4141%,122,931,1053,931,5,117,0
0x411f5e,99.8663%,120,89614,89734,1234,90,30,88380
0x40ddfd,98.0147%,119,5875,5994,5295,33,86,580
0x40589d,99.3471%,119,18106,18225,16149,51,68,1957
0x411a06,99.6688%,118,35512,35630,1251,86,32,34261
0x4019b9,88.8889%,117,936,1053,936,0,117,0
0x4020fd,94.2716%,116,1909,2025,1774,26,90,135
0x40f39a,90.7317%,114,1116,1230,1112,32,82,4
0x4086ee,93.0247%,113,1507,1620,1400,40,73,107
0x412fbe,99.6882%,112,35812,35924,2213,80,32,33599
0x40763c,93.1481%,111,1509,1620,1419,21,90,90
0x410ef9,99.7989%,110,54577,54687,54305,22,88,272
0x403690,98.2549%,109,6137,6246,5505,47,62,632
0x40eed0,85.4839%,108,636,744,274,68,40,362
0x4019ad,98.8604%,108,9369,9477,8382,42,66,987
0x40e9f4,99.8017%,107,53839,53946,47915,37,70,5924
0x4021d2,91.018%,105,1064,1169,1063,21,84,1
0x404045,94.9136%,103,1922,2025,1744,56,47,178
0x40ca76,86.2115%,103,644,747,291,29,74,353
0x401de2,86.0999%,103,638,741,456,38,65,182
0x40eb12,90.3134%,102,951,1053,895,41,61,56
0x4026a5,94.963%,102,1923,2025,1763,37,65,160
0x41a638,95.1567%,102,2004,2106,1848,24,78,156
0x404d3c,85.5714%,101,599,700,591,36,65,8
0x402f0f,85.8939%,101,615,716,613,24,77,2
0x411740,99.8996%,101,100465,100566,3033,66,35,97432
0x402ca5,92.4242%,100,1220,1320,1213,17,83,7
0x408b7c,94.0898%,100,1592,1692,1474,30,70,118
0x402e9d,93.0119%,100,1331,1431,1240,32,68,91
0x40ca95,86.6131%,100,647,747,643,21,79,4
0x401f4f,99.8183%,98,53848,53946,47904,48,50,5944
0x401f73,85.5856%,96,570,666,570,22,74,0
0x40eb5e,90.8832%,96,957,1053,903,33,63,54
0x40f2a3,97.4359%,95,3610,3705,2431,44,51,1179
0x4064c2,73.0878%,95,258,353,240,41,54,18
0x410aa1,99.8073%,94,48695,48789,48372,25,69,323
0x40df9f,85.8859%,94,572,666,568,24,70,4
0x412b00,99.79%,94,44673,44767,1025,81,13,43648
0x40e2ad,86.036%,93,573,666,573,19,74,0
0x40369c,86.5994%,93,601,694,601,14,79,0
0x4124bf,99.6715%,93,28218,28311,13824,43,50,14394
0x40775d,98.6936%,93,7026,7119,6297,31,62,729
0x40e146,86.1862%,92,574,666,574,18,74,0
0x40acb8,99.8883%,92,82285,82377,73200,24,68,9085
0x40de09,86.1862%,92,574,666,574,18,74,0
0x40ca24,90.2335%,92,850,942,846,13,79,4
0x40e5c3,55.1724%,91,112,203,19,43,48,93
0x40d561,90.3846%,90,846,936,811,21,69,35
0x40d8db,95%,90,1710,1800,1573,27,63,137
0x4027b2,92.3274%,90,1083,1173,1078,19,71,5
0x412bae,99.9315%,89,129783,129872,86173,38,51,43610
0x40e243,60.3604%,88,134,222,15,42,46,119
0x40ca1a,86.9369%,87,579,666,552,40,47,27
0x406d2d,84.2202%,86,459,545,456,17,69,3
0x4015c1,91.8329%,86,967,1053,910,26,60,57
0x406d49,66.4032%,85,168,253,13,51,34,155
0x40d914,84.6995%,84,465,549,450,38,46,15
0x40cbe7,99.5446%,83,18142,18225,16180,20,63,1962
0x4158e4,92.1178%,83,970,1053,960,30,53,10
0x401dd6,96.2663%,83,2140,2223,1441,41,42,699
0x40743d,99.5501%,82,18143,18225,16183,17,65,1960
0x40f593,61.5023%,82,131,213,125,48,34,6
0x41298f,99.4058%,82,13719,13801,1831,51,31,11888
0x40285c,75.2294%,81,246,327,235,18,63,11
0x4064d8,65.5319%,81,154,235,18,49,32,136
0x40ea11,87.988%,80,586,666,586,6,74,0
0x41112e,99.9607%,80,203559,203639,135500,15,65,68059
0x40e729,87.988%,80,586,666,586,6,74,0
0x41155e,99.9726%,80,291625,291705,194130,30,50,97495
0x412bcc,99.8235%,79,44688,44767,14341,47,32,30347
0x40bcdd,99.3079%,79,11336,11415,7777,34,45,3559
0x40b885,92.3228%,78,938,1016,927,8,70,11
0x40d8e0,61%,78,122,200,103,36,42,19
0x40cbff,65.7778%,77,148,225,148,52,25,0
0x40d19e,96.4668%,76,2075,2151,1883,29,47,192
0x401503,93.6027%,76,1112,1188,765,27,49,347
0x40afcd,92.527%,76,941,1017,941,3,73,0
0x40d1a3,68.2008%,76,163,239,154,27,49,9
0x40b570,99.909%,75,82302,82377,73204,20,55,9098
0x41249e,99.9091%,75,82399,82474,54578,27,48,27821
0x405c52,81.7073%,75,335,410,326,24,51,9
0x40a96b,99.594%,74,18151,18225,16191,9,65,1960
0x40e8a8,99.2192%,74,9403,9477,8402,22,52,1001
0x4121ae,99.9439%,73,129997,130070,86292,38,35,43705
0x40e792,97.4966%,73,2843,2916,2589,3,70,254
0x40c9a2,92.822%,73,944,1017,931,11,62,13
0x4014f2,93.8552%,73,1115,1188,1114,29,44,1
0x46fec2,73.8182%,72,203,275,193,27,45,10
0x40ead4,99.2403%,72,9405,9477,8400,24,48,1005
0x41043e,99.9258%,72,96962,97034,64538,29,43,32424
0x411d8e,99.9732%,71,264532,264603,176084,30,41,88448
0x40417c,88.0672%,71,524,595,516,24,47,8
0x408a52,98.2813%,71,4060,4131,3655,17,54,405
0x4134b7,98.5803%,71,4930,5001,3037,36,35,1893
0x409d75,69.9153%,71,165,236,155,40,31,10
0x40f578,69.2982%,70,158,228,153,23,47,5
0x40f692,78.6585%,70,258,328,252,28,42,6
0x412b1c,99.8397%,70,43591,43661,42528,22,48,1063
0x412884,99.7519%,70,28149,28219,382,47,23,27767
0x406b46,97.7384%,69,2982,3051,2003,31,38,979
0x4106ce,99.9287%,69,96770,96839,64436,14,55,32334
0x410cee,99.9585%,68,163828,163896,109109,22,46,54719
0x40ca7a,84.0749%,68,359,427,183,35,33,176
0x40cada,62.7778%,67,113,180,82,38,29,31
0x40e92a,93.6372%,67,986,1053,917,19,48,69
0x40d1cf,87.1648%,67,455,522,448,16,51,7
0x412c00,99.5343%,67,14321,14388,1939,40,27,12382
0x4108f6,98.9282%,66,6092,6158,2375,48,18,3717
0x411eee,99.9422%,64,110696,110760,73800,40,24,36896
0x40c9ff,78.7375%,64,237,301,158,17,47,79
0x40e0d5,68.0203%,63,134,197,8,44,19,126
0x40e248,62.4242%,62,103,165,17,29,33,86
0x4128a0,99.7769%,62,27728,27790,26679,17,45,1049
0x41b449,95.2816%,62,1252,1314,833,43,19,419
0x408b81,67.5532%,61,127,188,119,15,46,8
0x4117ee,99.9791%,61,291449,291510,194023,20,41,97426
0x41322c,99.5609%,61,13831,13892,2007,36,25,11824
0x40e066,98.9824%,60,5836,5896,5836,8,52,0
0x40efc1,46.4286%,60,52,112,33,42,18,19
0x4132fd,99.917%,59,71035,71094,35534,13,46,35501
0x40e0c5,75.6198%,59,183,242,11,34,25,172
0x410b54,99.8824%,59,50132,50191,6047,46,13,44085
0x41336e,99.0317%,59,6034,6093,2362,35,24,3672
0x412e7c,99.8341%,59,35506,35565,1272,39,20,34234
0x410645,99.824%,57,32332,32389,32051,10,47,281
0x407ac7,72.5962%,57,151,208,145,17,40,6
0x40f432,78.4906%,57,208,265,206,18,39,2
0x406e7a,73.6111%,57,159,216,156,36,21,3
0x405c98,72.5962%,57,151,208,15,38,19,136
0x412f5e,99.9445%,57,102705,102762,68469,39,18,34236
0x40e1e5,99.0549%,56,5869,5925,5869,10,46,0
0x411c1e,99.9807%,56,290455,290511,193437,14,42,97018
0x408874,99.1909%,56,6865,6921,6131,21,35,734
0x410629,99.8349%,56,33863,33919,1498,32,24,32365
0x406b35,99.3991%,55,9098,9153,6067,35,20,3031
0x41088e,99.9631%,54,146116,146170,97275,28,26,48841
0x40b394,99.421%,53,9100,9153,8118,18,35,982
0x41260c,99.8128%,53,28258,28311,14094,31,22,14164
0x406b8b,99.4175%,53,9046,9099,8069,19,34,977
0x409bb7,99.7298%,52,19190,19242,17091,13,39,2099
0x40e568,99.1261%,52,5898,5950,5898,23,29,0
0x40f745,56.6667%,52,68,120,61,21,31,7
0x40e79e,83.9506%,52,272,324,272,16,36,0
0x40f2b3,97.9394%,51,2424,2475,1206,32,19,1218
0x402ae5,77.7778%,50,175,225,175,25,25,0
0x40af3a,99.4647%,49,9104,9153,8108,28,21,996
0x41199e,99.9831%,49,290657,290706,193552,16,33,97105
0x41344e,99.5581%,49,11039,11088,7363,29,20,3676
0x4115c6,99.8638%,49,35940,35989,2292,27,22,33648
0x4104b6,99.0328%,49,5017,5066,3070,29,20,1947
0x40401c,78.6667%,48,177,225,0,0,48,177
0x414625,79.9145%,47,187,234,179,29,18,8
0x40d66e,95.6685%,46,1016,1062,931,13,33,85
0x40e5d4,73.5632%,46,128,174,91,32,14,37
0x412853,99.7105%,46,15843,15889,58,33,13,15785
0x41359e,99.2047%,46,5738,5784,3825,31,15,1913
0x409da6,87.8049%,45,324,369,316,12,33,8
0x41309e,99.9564%,44,100849,100893,67238,24,20,33611
0x40bf9f,99.7887%,44,20782,20826,18507,5,39,2275
0x412403,99.8446%,44,28267,28311,429,13,31,27838
0x4177a3,78.744%,44,163,207,162,22,22,1
0x414025,62.3932%,44,73,117,71,33,11,2
0x41a64a,81.1966%,44,190,234,190,18,26,0
0x4057b5,80.8889%,43,182,225,115,35,8,67
0x413c8f,44.8718%,43,35,78,9,43,0,26
0x40334d,80.8889%,43,182,225,182,18,25,0
0x409938,98.5906%,43,3008,3051,2014,20,23,994
0x40a983,80.8889%,43,182,225,182,18,25,0
0x40bab6,61.1111%,42,66,108,65,7,35,1
0x40cf0a,96.5488%,41,1147,1188,1051,5,36,96
0x414ffe,64.9573%,41,76,117,66,38,3,10
0x402595,81.7778%,41,184,225,184,16,25,0
0x415d96,92.769%,41,526,567,369,9,32,157
0x4064e7,75.5952%,41,127,168,127,36,5,0
0x417734,80.1932%,41,166,207,166,18,23,0
0x414270,65.812%,40,77,117,76,28,12,1
0x40da73,72.9167%,39,105,144,105,23,16,0
0x40b0eb,46.5753%,39,34,73,28,11,28,6
0x417892,81.1594%,39,168,207,126,12,27,42
0x40c8fb,99.8188%,39,21480,21519,19122,6,33,2358
0x40f39f,54.6512%,39,47,86,45,16,23,2
0x417904,79.6875%,39,153,192,152,21,18,1
0x40f2f5,62.8571%,39,66,105,5,23,16,61
0x410b2e,99.9733%,39,145936,145975,97175,11,28,48761
0x4052c1,47.9452%,38,35,73,3,26,12,32
0x41139e,99.9813%,38,203406,203444,135385,13,25,68021
0x40b8ec,53.0864%,38,43,81,6,22,16,37
0x401f94,50%,37,37,74,31,18,19,6
0x411ffe,99.986%,37,264368,264405,175977,18,19,88391
0x4098af,96.3618%,37,980,1017,0,0,37,980
0x402819,74.1007%,36,103,139,97,23,13,6
0x4086f3,80%,36,144,180,4,4,32,140
0x410f8e,99.978%,36,163665,163701,108991,23,13,54674
0x4084e1,80.5556%,35,145,180,145,15,20,0
0x40a8ad,80.5556%,35,145,180,145,15,20,0
0x412e2e,99.9684%,35,110605,110640,73744,16,19,36861
0x406932,80.5556%,35,145,180,145,15,20,0
0x412a5f,99.9021%,35,35722,35757,23828,10,25,11894
0x40654e,74.8148%,34,101,135,101,19,15,0
0x41059e,99.4238%,34,5867,5901,3920,14,20,1947
0x4157c7,98.9237%,34,3125,3159,2097,9,25,1028
0x407ae8,91.7874%,34,380,414,363,5,29,17
0x40b175,66.6667%,34,68,102,67,25,9,1
0x4055be,63.3333%,33,57,90,57,23,10,0
0x408ba2,93.2099%,33,453,486,427,5,28,26
0x40d1db,43.1034%,33,25,58,25,4,29,0
0x412e1d,99.9851%,33,221247,221280,110621,19,14,110626
0x409d0d,98.4375%,33,2079,2112,0,11,22,2079
0x40c2a3,99.8415%,33,20793,20826,18505,7,26,2288
0x41ae54,99.8776%,33,26923,26956,13462,16,17,13461
0x4058b5,85.7778%,32,193,225,193,7,25,0
0x415de5,83.0688%,32,157,189,39,24,8,118
0x409d32,98.1797%,32,1726,1758,0,15,17,1726
0x40e73a,56.7568%,32,42,74,27,9,23,15
0x411b02,99.9689%,32,102847,102879,68580,6,26,34267
0x41ad47,99.9763%,32,134748,134780,121284,18,14,13464
0x406dfc,50%,32,32,64,22,7,25,10
0x40e662,95.3453%,31,635,666,421,23,8,214
0x40d761,73.7288%,31,87,118,0,0,31,87
0x41482e,60.2564%,31,47,78,47,5,26,0
0x40150f,92.1717%,31,365,396,255,9,22,110
0x40e5c8,78.0142%,31,110,141,0,29,2,110
0x413d30,73.5043%,31,86,117,84,20,11,2
0x40faa7,68.6869%,31,68,99,68,20,11,0
0x412cde,99.9167%,31,37196,37227,24806,12,19,12390
0x411e06,99.9222%,30,38513,38543,1607,16,14,36906
0x4126d1,79.1667%,30,114,144,110,18,12,4
0x4179e3,76.5625%,30,98,128,79,7,23,19
0x40d331,79.1667%,30,114,144,114,14,16,0
0x40b995,62.963%,30,51,81,2,6,24,49
0x40f309,50%,30,30,60,22,15,15,8
0x407455,86.6667%,30,195,225,195,5,25,0
0x403e6c,86.6667%,30,195,225,193,7,23,2
0x407aab,93.7634%,29,436,465,0,3,26,436
0x40c35d,99.0495%,29,3022,3051,0,0,29,3022
0x4177e0,85.9903%,29,178,207,178,6,23,0
0x4155fc,99.082%,29,3130,3159,2098,8,21,1032
0x411edd,99.9869%,29,221491,221520,110745,15,14,110746
0x40f2ff,62.3377%,29,48,77,3,14,15,45
0x40d920,54.0984%,28,33,61,19,16,12,14
0x40f124,80.5556%,28,116,144,115,13,15,1
0x402d90,96.5432%,28,782,810,532,8,20,250
0x409c20,94.4882%,28,480,508,0,16,12,480
0x40e67f,87.3874%,28,194,222,141,7,21,53
0x41621d,76.0684%,28,89,117,89,15,13,0
0x41330e,99.9212%,28,35519,35547,23679,19,9,11840
0x4116c2,99.9723%,28,100982,101010,67323,17,11,33659
0x41789f,60.8696%,27,42,69,38,8,19,4
0x406ddb,87.5%,27,189,216,146,6,21,43
0x417a8b,22.8571%,27,8,35,5,26,1,3
0x40b24f,85%,27,153,180,151,9,18,2
0x4152f8,97.4359%,27,1026,1053,0,0,27,1026
0x412372,99.9277%,27,37320,37347,24889,9,18,12431
0x4048c9,88%,27,198,225,196,4,23,2
0x40e7ee,63.5135%,27,47,74,41,20,7,6
0x40340f,88%,27,198,225,198,2,25,0
0x40994d,97.3451%,27,990,1017,0,6,21,990
0x40450c,52.7273%,26,29,55,18,16,10,11
0x409582,85.5556%,26,154,180,154,6,20,0
0x412a4e,99.9636%,26,71488,71514,35747,10,16,35741
0x40621c,85.5556%,26,154,180,154,6,20,0
0x40bd0d,99.1478%,26,3025,3051,0,0,26,3025
0x46fda7,97.3764%,26,965,991,40,15,11,925
0x402eb9,72.3404%,26,68,94,3,12,14,65
0x4130fe,99.8818%,26,21977,22003,2273,20,6,19704
0x40f6a1,45.8333%,26,22,48,11,18,8,11
0x40eee8,77.5862%,26,90,116,89,14,12,1
0x4030a2,44.4444%,25,20,45,15,20,5,5
0x4057c6,66.6667%,25,50,75,39,11,14,11
0x406e45,60.3175%,25,38,63,38,18,7,0
0x41b250,91.4384%,25,267,292,0,0,25,267
0x4141b4,35.8974%,25,14,39,13,13,12,1
0x41292e,99.9696%,25,82251,82276,54471,15,10,27780
0x40aada,99.7269%,25,9128,9153,8132,4,21,996
0x411aed,99.9878%,25,205733,205758,102861,18,7,102872
0x4155e6,99.7362%,25,9452,9477,6306,12,13,3146
0x402d9c,90.7407%,25,245,270,162,18,7,83
0x4124f6,99.8269%,24,13843,13867,1899,9,15,11944
0x40f1da,83.3333%,24,120,144,117,11,13,3
0x40b7f2,99.7378%,24,9129,9153,8120,16,8,1009
0x40e936,79.4872%,24,93,117,93,11,13,0
0x40b034,67.1233%,24,49,73,3,12,12,46
0x412832,99.9152%,24,28271,28295,12402,3,21,15869
0x401b2c,79.4872%,24,93,117,92,12,12,1
0x403015,46.6667%,24,21,45,17,13,11,4
0x4073aa,86.6667%,24,156,180,154,6,18,2
0x410f62,99.9561%,24,54663,54687,0,0,24,54663
0x41b0e0,84.2466%,23,123,146,0,0,23,123
0x40cdff,77.8846%,23,81,104,0,0,23,81
0x407606,87.2222%,23,157,180,0,0,23,157
0x40baa5,78.7037%,23,85,108,82,7,16,3
0x40efa7,93.1953%,23,315,338,222,4,19,93
0x4087f8,97.0091%,23,746,769,0,0,23,746
0x40b2cf,98.5802%,23,1597,1620,0,0,23,1597
0x41552b,99.2719%,23,3136,3159,0,0,23,3136
0x4125f2,99.9387%,22,35855,35877,23907,11,11,11948
0x40eb1b,81.1966%,22,95,117,95,9,13,0
0x40ba10,89.9543%,22,197,219,197,17,5,0
0x414055,81.1966%,22,95,117,95,9,13,0
0x415b4a,65.0794%,22,41,63,41,22,0,0
0x415107,81.1966%,22,95,117,85,19,3,10
0x413ff5,81.1966%,22,95,117,94,10,12,1
0x40eb6a,81.1966%,22,95,117,95,9,13,0
0x402ea9,86.1635%,22,137,159,133,6,16,4
0x41127e,99.9629%,22,59225,59247,39492,6,16,19733
0x410e3d,99.9692%,22,71306,71328,35657,7,15,35649
0x40bcc9,99.4771%,22,4185,4207,0,0,22,4185
0x40bae1,88.3333%,21,159,180,159,1,20,0
0x410e52,99.9411%,21,35643,35664,23762,14,7,11881
0x41ac53,99.9827%,21,121281,121302,52852,10,11,68429
0x405ca7,86.4516%,21,134,155,134,14,7,0
0x409924,99.7706%,21,9132,9153,6094,8,13,3038
0x415813,87.7907%,21,151,172,0,0,21,151
0x4019c5,82.0513%,21,96,117,96,8,13,0
0x402ece,73.4177%,21,58,79,58,16,5,0
0x401d72,91.498%,21,226,247,0,0,21,226
0x4031d6,53.3333%,21,24,45,19,11,10,5
0x406d96,70.8333%,21,51,72,38,10,11,13
0x40633a,88.3333%,21,159,180,0,8,13,159
0x409960,99.7802%,20,9079,9099,8085,3,17,994
0x40bc57,98.7654%,20,1600,1620,0,0,20,1600
0x40b215,87.6543%,20,142,162,141,10,10,1
0x415da7,89.418%,20,169,189,108,18,2,61
0x403284,55.5556%,20,25,45,20,10,10,5
0x40d414,80.7692%,20,84,104,82,9,11,2
0x40d308,31.0345%,20,9,29,4,9,11,5
0x40b0c8,89.0805%,19,155,174,155,11,8,0
0x405360,73.9726%,19,54,73,52,10,9,2
0x40df34,57.7778%,19,26,45,26,14,5,0
0x41b59e,86.9863%,19,127,146,0,0,19,127
0x413caa,26.9231%,19,7,26,7,6,13,0
0x402f3f,57.7778%,19,26,45,22,18,1,4
0x402102,91.5556%,19,206,225,1,1,18,205
0x402c5c,98.5606%,19,1301,1320,0,0,19,1301
0x40e9d8,97.1471%,19,647,666,0,0,19,647
0x46fe4f,63.4615%,19,33,52,33,6,13,0
0x4116ad,99.9906%,19,202001,202020,101006,4,15,100995
0x41343d,99.9143%,19,22157,22176,11082,6,13,11075
0x40e8c0,83.7607%,19,98,117,98,6,13,0
0x403a3a,75.9494%,19,60,79,58,6,13,2
0x41b25d,93.4932%,19,273,292,142,4,15,131
0x403111,57.7778%,19,26,45,25,15,4,1
0x40f57e,63.4615%,19,33,52,24,13,6,9
0x417931,86.9863%,19,127,146,127,4,15,0
0x40ea3f,75.6757%,18,56,74,0,13,5,56
0x41adab,99.9833%,18,107806,107824,107806,18,0,0
0x402289,93.4545%,18,257,275,257,9,9,0
0x40561d,80%,18,72,90,72,8,10,0
0x415166,84.6154%,18,99,117,99,5,13,0
0x403273,60%,18,27,45,22,13,5,5
0x4175a4,50%,18,18,36,18,14,4,0
0x40b226,89.5062%,17,145,162,99,9,8,46
0x402828,78.2051%,17,61,78,1,16,1,60
0x40ecae,56.4103%,17,22,39,0,0,17,22
0x401e2c,85.4701%,17,100,117,100,4,13,0
0x414e6e,85.4701%,17,100,117,100,4,13,0
0x408410,97.8508%,17,774,791,0,0,17,774
0x4086b8,90.5556%,17,163,180,0,0,17,163
0x415435,98.3856%,17,1036,1053,0,0,17,1036
0x41b4df,96.1187%,17,421,438,138,8,9,283
0x40eaeb,85.4701%,17,100,117,100,4,13,0
0x4038a6,78.481%,17,62,79,7,10,7,55
0x41358d,99.853%,17,11551,11568,5784,0,17,5767
0x41b26f,88.3562%,17,129,146,129,17,0,0
0x45c9e3,99.8744%,17,13513,13530,0,0,17,13513
0x4131de,99.9729%,16,59114,59130,39414,6,10,19700
0x40f5bb,57.8947%,16,22,38,4,9,7,18
0x40571c,64.4444%,16,29,45,29,11,5,0
0x4131cd,99.9865%,16,118244,118260,59116,14,2,59128
0x401aef,86.3248%,16,101,117,101,3,13,0
0x41267d,99.9435%,16,28295,28311,28288,7,9,7
0x40ea92,87.5%,16,112,128,60,1,15,52
0x4146ca,93.1624%,16,218,234,143,13,3,75
0x406585,40.7407%,16,11,27,6,16,0,5
0x404aa0,92.8889%,16,209,225,1,2,14,208
0x4015d6,86.3248%,16,101,117,101,3,13,0
0x41ac79,99.9488%,16,31236,31252,31236,16,0,0
0x40ca7f,96.9754%,16,513,529,513,14,2,0
0x40b81e,98.4267%,16,1001,1017,0,0,16,1001
0x41308d,99.9921%,16,201770,201786,100880,13,3,100890
0x40ba93,85.1852%,16,92,108,56,16,0,36
0x40d001,87.8788%,16,116,132,0,0,16,116
0x407a92,96.6667%,16,464,480,0,4,12,464
0x417634,57.1429%,15,20,35,6,6,9,14
0x401d08,93.9271%,15,232,247,0,0,15,232
0x405a46,91.6667%,15,165,180,0,4,11,165
0x40ece2,86.8421%,15,99,114,0,0,15,99
0x40f59e,62.5%,15,25,40,12,5,10,13
0x405823,40%,15,10,25,0,0,15,10
0x415d63,92.0635%,15,174,189,0,0,15,174
0x40acef,98.5251%,15,1002,1017,0,0,15,1002
0x4030b3,66.6667%,15,30,45,23,7,8,7
0x40d5df,98.3819%,15,912,927,0,0,15,912
0x415548,99.5252%,15,3144,3159,0,0,15,3144
0x40c5ef,99.9303%,15,21504,21519,19119,9,6,2385
0x41a512,42.3077%,15,11,26,0,0,15,11
0x46fdac,98.4663%,15,963,978,963,15,0,0
0x40f766,60.5263%,15,23,38,19,8,7,4
0x406e97,79.1667%,15,57,72,57,7,8,0
0x4056cd,66.6667%,15,30,45,28,12,3,2
0x40f3c7,44.4444%,15,12,27,12,0,15,0
0x458da8,99.8965%,14,13516,13530,0,0,14,13516
0x413619,46.1538%,14,12,26,0,13,1,12
0x41b0d7,90.411%,14,132,146,0,0,14,132
0x40b9fe,93.6073%,14,205,219,133,13,1,72
0x411ac0,99.9864%,14,102865,102879,0,0,14,102865
0x40cc13,44%,14,11,25,0,12,2,11
0x46fdd3,98.5685%,14,964,978,0,0,14,964
0x40e460,99.7647%,14,5936,5950,0,0,14,5936
0x40f258,94.8718%,14,259,273,0,0,14,259
0x4157b6,99.8523%,14,9463,9477,6310,8,6,3153
0x4109f2,99.8751%,14,11191,11205,7463,7,7,3728
0x41b506,90.411%,14,132,146,132,14,0,0
0x4179f0,69.0476%,13,29,42,23,6,7,6
0x406d65,93.1217%,13,176,189,176,5,8,0
0x412a20,99.9636%,13,35744,35757,0,0,13,35744
0x401dbd,98.2456%,13,728,741,0,0,13,728
0x401f30,99.7831%,13,5981,5994,0,0,13,5981
0x415016,0%,13,0,13,0,13,0,0
0x40e44b,99.7815%,13,5937,5950,0,0,13,5937
0x4156eb,99.5885%,13,3146,3159,0,0,13,3146
0x40e984,82.4324%,13,61,74,0,0,13,61
0x414d9b,50%,13,13,26,13,0,13,0
0x403af3,13.3333%,13,2,15,2,0,13,0
0x40db5c,87.5%,13,91,104,90,1,12,1
0x40b1fb,91.9753%,13,149,162,104,4,9,45
0x406e1f,62.8571%,13,22,35,22,6,7,0
0x40eac7,88.8889%,13,104,117,0,0,13,104
0x40f3b3,81.1594%,13,56,69,56,0,13,0
0x407973,99.0511%,13,1357,1370,1357,4,9,0
0x40b1a9,75.9259%,13,41,54,0,0,13,41
0x406b4e,98.7217%,13,1004,1017,0,6,7,1004
0x405d1b,43.4783%,13,10,23,6,10,3,4
0x40d566,88.4615%,12,92,104,0,1,11,92
0x4022b1,29.4118%,12,5,17,5,12,0,0
0x40b198,83.5616%,12,61,73,19,0,12,42
0x40f7d4,87.8788%,12,87,99,85,3,9,2
0x40de9b,99.7015%,12,4008,4020,0,0,12,4008
0x406b23,99.6067%,12,3039,3051,0,0,12,3039
0x40cb1f,80%,12,48,60,39,1,11,9
0x40404a,94.6667%,12,213,225,0,3,9,213
0x40da4a,53.8462%,12,14,26,0,10,2,14
0x4178f3,93.8776%,12,184,196,0,4,8,184
0x40ca04,97.556%,12,479,491,479,9,3,0
0x401b08,7.69231%,12,1,13,0,0,12,1
0x412176,98.9565%,12,1138,1150,0,0,12,1138
0x40e59e,58.6207%,12,17,29,0,0,12,17
0x405d4d,82.5397%,11,52,63,52,4,7,0
0x411a71,99.9893%,11,102868,102879,102868,11,0,0
0x40a95c,99.4568%,11,2014,2025,0,0,11,2014
0x458e39,99.9187%,11,13519,13530,0,0,11,13519
0x40df02,99.7264%,11,4009,4020,4009,6,5,0
0x41136b,98.415%,11,683,694,0,0,11,683
0x40c927,99.5399%,11,2380,2391,0,0,11,2380
0x45c353,99.9187%,11,13519,13530,0,0,11,13519
0x40f315,52.1739%,11,12,23,3,5,6,9
0x412f4d,99.9946%,11,205513,205524,102759,3,8,102754
0x40541f,0%,11,0,11,0,0,11,0
0x40ba21,94.9772%,11,208,219,140,6,5,68
0x40b186,89.2157%,11,91,102,63,5,6,28
0x407922,98.2919%,11,633,644,0,0,11,633
0x417924,92.6667%,11,139,150,0,4,7,139
0x40e752,69.4444%,11,25,36,0,0,11,25
0x46fed8,80%,11,44,55,34,8,3,10
0x412ccd,99.9852%,11,74443,74454,37222,5,6,37221
0x4097f3,99.0167%,10,1007,1017,0,0,10,1007
0x41a5b1,61.5385%,10,16,26,0,0,10,16
0x413770,61.5385%,10,16,26,0,0,10,16
0x401eb4,86.4865%,10,64,74,0,0,10,64
0x40c623,99.5818%,10,2381,2391,0,0,10,2381
0x4040ae,99.4369%,10,1766,1776,0,0,10,1766
0x40b0d9,94.2529%,10,164,174,114,2,8,50
0x40f6b1,47.3684%,10,9,19,3,7,3,6
0x415cbb,94.709%,10,179,189,0,0,10,179
0x415cdf,94.709%,10,179,189,0,0,10,179
0x41795b,33.3333%,10,5,15,0,0,10,5
0x4157d5,99.0503%,10,1043,1053,0,0,10,1043
0x4013dd,92.4242%,10,122,132,0,0,10,122
0x417a0c,23.0769%,10,3,13,0,0,10,3
0x41578e,99.6834%,10,3149,3159,0,0,10,3149
0x458d6d,99.9261%,10,13520,13530,0,0,10,13520
0x401456,92.4242%,10,122,132,0,0,10,122
0x4031b9,33.3333%,10,5,15,0,0,10,5
0x415c10,84.127%,10,53,63,0,0,10,53
0x40ba41,75%,9,27,36,0,0,9,27
0x412ac8,99.9799%,9,44758,44767,0,0,9,44758
0x40e5ba,88.75%,9,71,80,0,0,9,71
0x41774a,60.8696%,9,14,23,14,9,0,0
0x4045cf,57.1429%,9,12,21,1,0,9,11
0x417792,95.6522%,9,198,207,0,0,9,198
0x40d127,98.5246%,9,601,610,0,0,9,601
0x4154b6,99.1453%,9,1044,1053,0,0,9,1044
0x46fdbc,99.0798%,9,969,978,969,9,0,0
0x40a8f6,64%,9,16,25,0,0,9,16
0x411526,99.0323%,9,921,930,0,0,9,921
0x41aaec,99.9332%,9,13469,13478,0,0,9,13469
0x402688,96%,9,216,225,0,0,9,216
0x402297,65.3846%,9,17,26,2,7,2,15
0x405a0a,95%,9,171,180,0,0,9,171
0x41069d,99.9722%,9,32380,32389,0,0,9,32380
0x4179d3,93.0769%,9,121,130,0,2,7,121
0x417882,95.6522%,9,198,207,0,0,9,198
0x405b1e,98.8622%,9,782,791,0,0,9,782
0x402950,50%,9,9,18,8,8,1,1
0x41b46f,97.9452%,9,429,438,0,0,9,429
0x402d0d,90%,9,81,90,0,0,9,81
0x40351d,96%,9,216,225,0,0,9,216
0x412b7d,99.9794%,9,43652,43661,0,0,9,43652
0x45a30d,99.9335%,9,13521,13530,0,0,9,13521
0x46fde4,99.0798%,9,969,978,33,9,0,936
0x40eb0d,92.3077%,9,108,117,0,0,9,108
0x40e783,97.2222%,9,315,324,0,0,9,315
0x40496a,96%,9,216,225,0,0,9,216
0x410961,99.9197%,9,11196,11205,11196,9,0,0
0x4035c3,99.4955%,9,1775,1784,0,0,9,1775
0x40573c,80%,9,36,45,36,4,5,0
0x40ba30,88.8889%,9,72,81,42,3,6,30
0x40288f,50%,9,9,18,9,7,2,0
0x40199e,99.1453%,9,1044,1053,0,0,9,1044
0x402da1,90%,9,81,90,2,4,5,79
0x410e10,99.9748%,9,35655,35664,0,0,9,35655
0x4056ff,80%,9,36,45,36,4,5,0
0x40e9e3,99.8665%,8,5986,5994,0,0,8,5986
0x40b324,99.2134%,8,1009,1017,0,0,8,1009
0x41b124,94.5205%,8,138,146,138,8,0,0
0x4141ca,38.4615%,8,5,13,5,8,0,0
0x45c3bb,99.9409%,8,13522,13530,0,0,8,13522
0x414135,79.4872%,8,31,39,19,7,1,12
0x458dba,99.9409%,8,13522,13530,0,0,8,13522
0x409dab,80.4878%,8,33,41,0,0,8,33
0x40cb72,68%,8,17,25,0,0,8,17
0x40f01d,33.3333%,8,4,12,3,6,2,1
0x41058d,99.9322%,8,11794,11802,5896,5,3,5898
0x40e5fc,84.3137%,8,43,51,43,8,0,0
0x458d63,99.9409%,8,13522,13530,0,0,8,13522
0x413f9b,38.4615%,8,5,13,5,8,0,0
0x4110f6,98.9086%,8,725,733,0,0,8,725
0x404f46,89.0411%,8,65,73,0,0,8,65
0x40f5dd,57.8947%,8,11,19,5,5,3,6
0x4073bd,68%,8,17,25,0,0,8,17
0x408a81,97.546%,8,318,326,318,0,8,0
0x408b65,97.9381%,8,380,388,0,3,5,380
0x402a03,55.5556%,8,10,18,9,5,3,1
0x406528,70.3704%,8,19,27,11,1,7,8
0x40b0fc,76.4706%,8,26,34,0,0,8,26
0x405d91,69.5652%,7,16,23,14,2,5,2
0x41126d,99.9941%,7,118487,118494,59247,0,7,59240
0x4173d4,46.1538%,7,6,13,4,5,2,2
0x412712,56.25%,7,9,16,0,0,7,9
0x40b975,95.5975%,7,152,159,152,5,2,0
0x408a96,95.4248%,7,146,153,0,0,7,146
0x416240,46.1538%,7,6,13,0,0,7,6
0x401f1b,98.9489%,7,659,666,0,0,7,659
0x41235d,99.9906%,7,74687,74694,37347,0,7,37340
0x405d59,0%,7,0,7,0,4,3,0
0x41b178,95.2055%,7,139,146,0,0,7,139
0x40eaa1,89.5522%,7,60,67,60,7,0,0
0x40f446,82.9268%,7,34,41,0,0,7,34
0x458dc9,99.9483%,7,13523,13530,13523,7,0,0
0x411b29,99.993%,7,100266,100273,100266,7,0,0
0x415db0,88.8889%,7,56,63,56,7,0,0
0x40469d,61.1111%,7,11,18,11,5,2,0
0x4179c4,84.0909%,7,37,44,0,0,7,37
0x41b181,95.2055%,7,139,146,139,7,0,0
0x410f4b,98.0556%,7,353,360,0,0,7,353
0x41afa6,95.2055%,7,139,146,0,0,7,139
0x40e17e,99.8819%,7,5918,5925,0,0,7,5918
0x40f3a4,72%,7,18,25,5,3,4,13
0x40c22e,99.6975%,7,2307,2314,0,0,7,2307
0x40eef6,46.1538%,7,6,13,0,1,6,6
0x40eacf,99.3352%,7,1046,1053,0,0,7,1046
0x40aa14,99.5679%,7,1613,1620,0,0,7,1613
0x40ce88,99.2521%,7,929,936,0,0,7,929
0x403266,53.3333%,7,8,15,0,0,7,8
0x41abe6,99.974%,7,26949,26956,13472,6,1,13477
0x407a7e,96.7442%,7,208,215,0,0,7,208
0x45c9d3,99.9483%,7,13523,13530,0,0,7,13523
0x46fe98,97.4545%,7,268,275,0,0,7,268
0x458de7,99.9483%,7,13523,13530,0,0,7,13523
0x41b01e,95.2055%,7,139,146,139,7,0,0
0x402754,99.4032%,7,1166,1173,0,0,7,1166
0x40a94c,96.8889%,7,218,225,0,0,7,218
0x41afda,95.8904%,6,140,146,140,6,0,0
0x40eab8,53.8462%,6,7,13,0,0,6,7
0x41af9a,95.8904%,6,140,146,0,0,6,140
0x402842,90.1639%,6,55,61,55,4,2,0
0x458d97,99.9557%,6,13524,13530,0,0,6,13524
0x40ef03,45.4545%,6,5,11,0,2,4,5
0x412df6,99.9946%,6,110634,110640,0,0,6,110634
0x402942,66.6667%,6,12,18,11,3,3,1
0x408452,99.2415%,6,785,791,785,6,0,0
0x406abd,99.41%,6,1011,1017,0,0,6,1011
0x4031f5,60%,6,9,15,9,1,5,0
0x4030bf,60%,6,9,15,4,6,0,5
0x40f5ce,76%,6,19,25,2,4,2,17
0x413795,76.9231%,6,20,26,0,0,6,20
0x40f3d1,60%,6,9,15,0,2,4,9
0x45c38c,99.9557%,6,13524,13530,0,0,6,13524
0x40f002,83.7838%,6,31,37,23,2,4,8
0x41b4b7,95.8904%,6,140,146,140,6,0,0
0x46fdfa,99.3865%,6,972,978,972,6,0,0
0x411bef,99.9938%,6,97054,97060,0,0,6,97054
0x417aab,53.8462%,6,7,13,7,4,2,0
0x407460,76%,6,19,25,2,3,3,17
0x40c57a,99.7491%,6,2385,2391,0,0,6,2385
0x412c51,99.9839%,6,37221,37227,37221,6,0,0
0x405638,40%,6,4,10,3,2,4,1
0x41086a,99.9877%,6,48861,48867,0,0,6,48861
0x4117bf,99.9938%,6,97461,97467,0,0,6,97461
0x40dd9d,91.8919%,6,68,74,0,0,6,68
0x40655a,60%,6,9,15,9,3,3,0
0x404385,89.0909%,6,49,55,3,3,3,46
0x408b4b,98.4925%,6,392,398,0,1,5,392
0x405d67,25%,6,2,8,2,1,5,0
0x45c9ec,99.9557%,6,13524,13530,13524,6,0,0
0x40fd0d,45.4545%,6,5,11,0,6,0,5
0x4111e1,99.9916%,5,59242,59247,59242,5,0,0
0x41153a,99.9949%,5,97540,97545,0,0,5,97540
0x406e6a,0%,5,0,5,0,5,0,0
0x4033bb,97.7778%,5,220,225,0,0,5,220
0x41b281,96.5753%,5,141,146,141,5,0,0
0x41ac10,99.9815%,5,26951,26956,13478,0,5,13473
0x41110a,99.9927%,5,68119,68124,0,0,5,68119
0x41b22e,96.5753%,5,141,146,141,5,0,0
0x458e3e,99.963%,5,13525,13530,13525,5,0,0
0x41a4c0,80.7692%,5,21,26,21,5,0,0
0x4174d4,86.1111%,5,31,36,31,1,4,0
0x4109dd,99.9777%,5,22405,22410,11203,2,3,11202
0x40da5c,68.75%,5,11,16,0,0,5,11
0x40e0f5,97.3684%,5,185,190,185,5,0,0
0x410aeb,98.7245%,5,387,392,0,0,5,387
0x41056d,99.9153%,5,5896,5901,0,0,5,5896
0x45a86d,99.963%,5,13525,13530,13525,5,0,0
0x406b57,99.5054%,5,1006,1011,0,0,5,1006
0x415dd8,97.3545%,5,184,189,0,0,5,184
0x40cbc8,97.7778%,5,220,225,0,0,5,220
0x405d78,0%,5,0,5,0,5,0,0
0x4033d1,99.7531%,5,2020,2025,0,0,5,2020
0x4058c6,80%,5,20,25,4,1,4,16
0x41768b,78.2609%,5,18,23,18,5,0,0
0x409ced,99.5146%,5,1025,1030,0,0,5,1025
0x40d866,99.0859%,5,542,547,0,2,3,542
0x40da23,80.7692%,5,21,26,0,0,5,21
0x40d546,95.1923%,5,99,104,0,0,5,99
0x402a11,72.2222%,5,13,18,13,3,2,0
0x402971,72.2222%,5,13,18,13,3,2,0
0x408ba7,90.7407%,5,49,54,0,0,5,49
0x407aed,89.1304%,5,41,46,0,0,5,41
0x40302b,66.6667%,5,10,15,10,0,5,0
0x405672,0%,5,0,5,0,5,0,0
0x407641,97.2222%,5,175,180,0,4,1,175
0x41470a,93.5897%,5,73,78,0,0,5,73
0x415707,99.8734%,4,3155,3159,0,0,4,3155
0x40ac6a,99.6067%,4,1013,1017,0,0,4,1013
0x45c3a3,99.9704%,4,13526,13530,0,0,4,13526
0x406e51,42.8571%,4,3,7,3,2,2,0
0x40e25c,97.7273%,4,172,176,172,4,0,0
0x4174dd,0%,4,0,4,0,4,0,0
0x40f3dc,69.2308%,4,9,13,6,3,1,3
0x401cbf,98.3806%,4,243,247,0,0,4,243
0x40a992,84%,4,21,25,3,2,2,18
0x4133c1,99.9639%,4,11084,11088,11084,4,0,0
0x45a275,99.9704%,4,13526,13530,0,0,4,13526
0x40f5a8,82.6087%,4,19,23,0,0,4,19
0x408a04,99.1285%,4,455,459,455,4,0,0
0x40354a,98.2222%,4,221,225,0,2,2,221
0x40ca20,99.5758%,4,939,943,0,1,3,939
0x4131ac,99.9932%,4,59126,59130,0,0,4,59126
0x41a667,84.6154%,4,22,26,22,4,0,0
0x409ba4,99.8129%,4,2134,2138,0,0,4,2134
0x4029c1,77.7778%,4,14,18,14,2,2,0
0x413640,84.6154%,4,22,26,0,0,4,22
0x414202,84.6154%,4,22,26,12,1,3,10
0x45a235,99.9704%,4,13526,13530,0,0,4,13526
0x45c367,99.9704%,4,13526,13530,0,0,4,13526
0x40cbd8,99.8025%,4,2021,2025,0,0,4,2021
0x45c3d5,99.9704%,4,13526,13530,0,0,4,13526
0x41aafc,99.9703%,4,13474,13478,0,0,4,13474
0x40b15b,96.0784%,4,98,102,64,4,0,34
0x41b2ab,97.2603%,4,142,146,0,0,4,142
0x40193f,69.2308%,4,9,13,0,0,4,9
0x40ff91,99.9748%,4,15899,15903,0,0,4,15899
0x417872,95.6522%,3,66,69,0,0,3,66
0x40497f,98.6667%,3,222,225,0,0,3,222
0x40e705,99.5495%,3,663,666,0,0,3,663
0x40f5ff,50%,3,3,6,0,3,0,3
0x4173dd,25%,3,1,4,1,3,0,0
0x40f3b8,76.9231%,3,10,13,2,1,2,8
0x45a20a,99.9778%,3,13527,13530,0,0,3,13527
0x40f3f5,0%,3,0,3,0,2,1,0
0x40742e,99.8519%,3,2022,2025,0,0,3,2022
0x45a255,99.9778%,3,13527,13530,0,0,3,13527
0x415670,99.7151%,3,1050,1053,0,0,3,1050
0x40f3eb,25%,3,1,4,0,1,2,1
0x40e6b0,95.9459%,3,71,74,71,3,0,0
0x413281,99.9916%,3,35544,35547,35544,3,0,0
0x412821,81.25%,3,13,16,1,2,1,12
0x40465d,83.3333%,3,15,18,15,1,2,0
0x40af66,99.705%,3,1014,1017,0,0,3,1014
0x4177d3,98.5507%,3,204,207,0,0,3,204
0x41a530,88.4615%,3,23,26,0,0,3,23
0x410856,99.3039%,3,428,431,0,0,3,428
0x401325,97.7273%,3,129,132,0,0,3,129
0x4155bf,99.905%,3,3156,3159,0,0,3,3156
0x40ea8d,95.082%,3,58,61,0,0,3,58
0x41b015,97.9452%,3,143,146,0,0,3,143
0x40c33a,99.705%,3,1014,1017,0,0,3,1014
0x41b16f,97.9452%,3,143,146,0,0,3,143
0x40dde9,99.5495%,3,663,666,0,0,3,663
0x410b02,99.9939%,3,48786,48789,0,0,3,48786
0x41b116,97.9452%,3,143,146,143,3,0,0
0x410a16,99.994%,3,50279,50282,50279,3,0,0
0x41197a,99.9969%,3,97135,97138,0,0,3,97135
0x41afe7,97.9452%,3,143,146,143,3,0,0
0x409845,99.705%,3,1014,1017,0,0,3,1014
0x45a267,99.9778%,3,13527,13530,13527,3,0,0
0x4128ef,99.7258%,3,1091,1094,0,0,3,1091
0x415bf8,95.2381%,3,60,63,60,3,0,0
0x458d59,99.9778%,3,13527,13530,0,0,3,13527
0x4063f0,99.6099%,3,766,769,0,0,3,766
0x40f60f,0%,3,0,3,0,1,2,0
0x403290,80%,3,12,15,8,2,1,4
0x405429,72.7273%,3,8,11,0,1,2,8
0x40f6c6,50%,3,3,6,2,1,2,1
0x4173bc,76.9231%,3,10,13,0,0,3,10
0x458d85,99.9778%,3,13527,13530,0,0,3,13527
0x413566,99.9481%,3,5781,5784,0,0,3,5781
0x406e5a,57.1429%,3,4,7,2,0,3,2
0x402f6e,40%,3,2,5,0,0,3,2
0x41306c,99.997%,3,100890,100893,0,0,3,100890
0x40ef09,66.6667%,3,6,9,0,2,1,6
0x40f6bb,66.6667%,3,6,9,0,3,0,6
0x41137f,99.9956%,3,68043,68046,0,0,3,68043
0x46fe6e,94.5455%,3,52,55,0,0,3,52
0x4129d1,99.9916%,3,35754,35757,35754,3,0,0
0x411631,99.997%,3,101007,101010,101007,3,0,0
0x412b69,99.73%,3,1108,1111,0,0,3,1108
0x40d31a,81.25%,3,13,16,0,0,3,13
0x45c3ac,99.9778%,3,13527,13530,13527,3,0,0
0x412561,99.9916%,3,35874,35877,35874,3,0,0
0x406564,62.5%,3,5,8,2,1,2,3
0x411bdb,99.5516%,3,666,669,0,0,3,666
0x40f6d0,0%,3,0,3,0,0,3,0
0x46fe2a,94.5455%,3,52,55,40,2,1,12
0x40b73d,99.705%,3,1014,1017,0,0,3,1014
0x4026aa,98.6667%,3,222,225,0,2,1,222
0x458e0f,99.9778%,3,13527,13530,13527,3,0,0
0x4105c3,99.9941%,2,34008,34010,34008,2,0,0
0x4045e0,90.4762%,2,19,21,18,1,1,1
0x405caf,71.4286%,2,5,7,0,0,2,5
0x40ef10,71.4286%,2,5,7,0,0,2,5
0x40ef18,71.4286%,2,5,7,1,1,1,4
0x40eefc,83.3333%,2,10,12,0,1,1,10
0x401394,98.4848%,2,130,132,0,0,2,130
0x4020bb,99.1111%,2,223,225,0,0,2,223
0x410e76,99.9966%,2,58504,58506,58504,2,0,0
0x412330,99.9946%,2,37345,37347,0,0,2,37345
0x40dfee,99.9661%,2,5894,5896,0,0,2,5894
0x41a615,99.1453%,2,232,234,0,0,2,232
0x40b896,97.5309%,2,79,81,0,0,2,79
0x417aca,0%,2,0,2,0,2,0,0
0x4140b8,94.8718%,2,37,39,24,2,0,13
0x40eb20,84.6154%,2,11,13,0,0,2,11
0x413a10,92.3077%,2,24,26,0,0,2,24
0x40eb72,84.6154%,2,11,13,11,2,0,0
0x40f5ec,77.7778%,2,7,9,2,1,1,5
0x4112a5,99.9972%,2,70839,70841,70839,2,0,0
0x41b348,98.6301%,2,144,146,0,0,2,144
0x411d6a,99.9977%,2,88487,88489,0,0,2,88487
0x40af91,99.8033%,2,1015,1017,0,0,2,1015
0x40d336,87.5%,2,14,16,14,2,0,0
0x40bfcb,99.9136%,2,2312,2314,0,0,2,2312
0x41b00c,98.6301%,2,144,146,0,0,2,144
0x4046ad,0%,2,0,2,0,0,2,0
0x402900,88.8889%,2,16,18,15,1,1,1
0x4028b4,0%,2,0,2,0,0,2,0
0x41a522,92.3077%,2,24,26,0,0,2,24
0x4014d7,99.4949%,2,394,396,0,0,2,394
0x458d75,99.9852%,2,13528,13530,0,0,2,13528
0x408b38,98.9583%,2,190,192,0,0,2,190
0x41739b,84.6154%,2,11,13,0,0,2,11
0x413011,99.998%,2,100891,100893,100891,2,0,0
0x40f3bd,80%,2,8,10,0,0,2,8
0x409912,99.9344%,2,3049,3051,0,0,2,3049
0x413151,99.9966%,2,59128,59130,59128,2,0,0
0x46fe67,96.3636%,2,53,55,0,0,2,53
0x40b95b,98.7421%,2,157,159,105,1,1,52
0x412ca6,99.9946%,2,37225,37227,0,0,2,37225
0x41a5a2,92.3077%,2,24,26,24,2,0,0
0x45c9ca,99.9852%,2,13528,13530,0,0,2,13528
0x4125dd,99.9972%,2,71752,71754,35875,2,0,35877
0x40d2da,93.1034%,2,27,29,0,0,2,27
0x4159e0,96.8254%,2,61,63,0,0,2,61
0x41b1d8,98.6301%,2,144,146,0,0,2,144
0x411d56,99.7685%,2,862,864,0,0,2,862
0x4149e1,92.3077%,2,24,26,0,0,2,24
0x40c9a6,98.6667%,1,74,75,0,1,0,74
0x40b849,99.9017%,1,1016,1017,0,1,0,1016
0x458e2f,99.9926%,1,13529,13530,13529,1,0,0
0x40219c,99.9145%,1,1168,1169,0,0,1,1168
0x4116e9,99.999%,1,100656,100657,100656,1,0,0
0x411680,99.999%,1,101009,101010,0,0,1,101009
0x417806,95.6522%,1,22,23,0,0,1,22
0x40f583,93.3333%,1,14,15,14,1,0,0
0x410cca,99.9982%,1,54764,54765,0,0,1,54764
0x41ab81,99.9926%,1,13477,13478,0,0,1,13477
0x40eb00,92.3077%,1,12,13,0,0,1,12
0x413418,99.991%,1,11087,11088,0,0,1,11087
0x40afde,98.6301%,1,72,73,0,0,1,72
0x417424,75%,1,3,4,0,0,1,3
0x45c3c7,99.9926%,1,13529,13530,0,0,1,13529
0x41b2b6,99.3151%,1,145,146,145,1,0,0
0x407413,99.5556%,1,224,225,0,0,1,224
0x4046b5,50%,1,1,2,0,0,1,1
0x40b045,98.2759%,1,57,58,0,0,1,57
0x45c37b,99.9926%,1,13529,13530,13529,1,0,0
0x40e91b,99.1453%,1,116,117,0,0,1,116
0x40f402,0%,1,0,1,0,0,1,0
0x40e8d2,92.3077%,1,12,13,0,0,1,12
0x413b86,98.7179%,1,77,78,0,0,1,77
0x40b5a7,99.9017%,1,1016,1017,0,0,1,1016
0x4122e1,99.9973%,1,37346,37347,37346,1,0,0
0x4109b0,99.9911%,1,11204,11205,0,0,1,11204
0x40df0d,80%,1,4,5,0,0,1,4
0x40f6e7,66.6667%,1,2,3,2,0,1,0
0x41a4bb,96.1538%,1,25,26,0,0,1,25
0x413629,92.3077%,1,12,13,0,0,1,12
0x41ab0a,99.9926%,1,13477,13478,0,0,1,13477
0x411966,99.8588%,1,707,708,0,0,1,707
0x41b5a8,99.3151%,1,145,146,0,0,1,145
0x41a53e,96.1538%,1,25,26,0,0,1,25
0x40e88d,99.1453%,1,116,117,0,0,1,116
0x40b9a6,98.6301%,1,72,73,0,0,1,72
0x410689,99.6951%,1,327,328,0,0,1,327
0x403423,96%,1,24,25,0,0,1,24
0x40b986,99.3711%,1,158,159,105,1,0,53
0x40da78,93.75%,1,15,16,15,1,0,0
0x40588e,99.9506%,1,2024,2025,0,0,1,2024
0x41b4e4,99.9144%,1,1167,1168,1167,1,0,0
0x4173a4,100%,0,13,13,0,0,0,13
0x401b16,100%,0,117,117,0,0,0,117
0x403376,100%,0,25,25,0,0,0,25
0x406507,100%,0,5,5,0,0,0,5
0x40297e,100%,0,2,2,0,0,0,2
0x40534a,100%,0,73,73,0,0,0,73
0x41218a,100%,0,43740,43740,0,0,0,43740
0x411fdd,100%,0,88410,88410,0,0,0,88410
0x40f6da,100%,0,3,3,0,0,0,3
0x40f3a9,100%,0,17,17,17,0,0,0
0x40b0a6,100%,0,174,174,116,0,0,58
0x417a22,100%,0,13,13,0,0,0,13
0x4045fd,100%,0,2,2,2,0,0,0
0x40e74b,100%,0,36,36,0,0,0,36
0x413cc5,100%,0,13,13,0,0,0,13
0x411eba,100%,0,110760,110760,0,0,0,110760
0x40ea44,100%,0,61,61,0,0,0,61
0x41b3d7,100%,0,146,146,146,0,0,0
0x41a475,100%,0,26,26,0,0,0,26
0x412903,100%,0,27790,27790,0,0,0,27790
0x411e51,100%,0,110760,110760,110760,0,0,0
0x4132d8,100%,0,35547,35547,0,0,0,35547
0x411f12,100%,0,89826,89826,89826,0,0,0
0x40aa69,100%,0,1017,1017,0,0,0,1017
0x40563c,100%,0,5,5,0,0,0,5
0x410cb6,100%,0,399,399,0,0,0,399
0x40eb54,100%,0,117,117,0,0,0,117
0x41247a,100%,0,27869,27869,0,0,0,27869
0x41a594,100%,0,26,26,0,0,0,26
0x40e898,100%,0,1053,1053,0,0,0,1053
0x411fc9,100%,0,825,825,0,0,0,825
0x413511,100%,0,5784,5784,5784,0,0,0
0x410dc1,100%,0,35664,35664,35664,0,0,0
0x41b15e,100%,0,146,146,0,0,0,146
0x40c889,100%,0,2391,2391,0,0,0,2391
0x412466,100%,0,1133,1133,0,0,0,1133
0x45c3d0,100%,0,13530,13530,0,0,0,13530
0x410406,100%,0,367,367,0,0,0,367
0x414c85,100%,0,26,26,0,0,0,26
0x4117ab,100%,0,891,891,0,0,0,891
0x414726,100%,0,78,78,0,0,0,78
0x4148bc,100%,0,26,26,0,0,0,26
0x41a558,100%,0,26,26,0,0,0,26
0x41ac15,100%,0,13478,13478,0,0,0,13478
0x406575,100%,0,5,5,5,0,0,0
0x405513,100%,0,10,10,10,0,0,0
0x4125b0,100%,0,35877,35877,0,0,0,35877
0x40c2cf,100%,0,2314,2314,0,0,0,2314
0x40bf2a,100%,0,2314,2314,0,0,0,2314
0x405879,100%,0,225,225,0,0,0,225
0x40b522,100%,0,1017,1017,0,0,0,1017
0x40b398,100%,0,1017,1017,0,0,0,1017
0x414a06,100%,0,26,26,0,0,0,26
0x40ae85,100%,0,1017,1017,0,0,0,1017
0x41abd9,100%,0,13478,13478,0,0,0,13478
0x41ab24,100%,0,13478,13478,13478,0,0,0
0x40aade,100%,0,1017,1017,0,0,0,1017
0x41041a,100%,0,32467,32467,0,0,0,32467
0x410504,100%,0,5901,5901,5901,0,0,0
0x40ce17,100%,0,104,104,0,0,0,104
0x40198b,100%,0,117,117,0,0,0,117
0x40883c,100%,0,769,769,0,0,0,769
0x4079c7,100%,0,140,140,0,0,0,140
0x40b8fd,100%,0,53,53,0,0,0,53
0x40631e,100%,0,180,180,0,0,0,180
0x412da1,100%,0,110640,110640,110640,0,0,0
0x413fa9,100%,0,13,13,0,0,0,13
0x40311e,100%,0,5,5,0,0,0,5
0x412ed1,100%,0,102762,102762,102762,0,0,0
0x412f2c,100%,0,102762,102762,0,0,0,102762
0x40e81e,100%,0,13,13,0,0,0,13
0x41b596,100%,0,146,146,0,0,0,146
0x403b0a,100%,0,15,15,15,0,0,0
0x41124a,100%,0,59247,59247,0,0,0,59247
