Branch PC,Accuracy,Mispredictions,Correct Predictions,Total,dir_t_pred_t,dir_t_pred_nt,dir_nt_pred_t,dir_nt_pred_nt
aggregate,97.8416%,626619,28405357,29031976,18667770,229001,397618,9737587
0x41ac73,95.6474%,84799,1863429,1948228,1708653,41527,43272,154776
0x41ae23,95.1017%,77114,1497196,1574310,1486775,7389,69725,10421
0x41ad1f,93.6473%,45823,675490,721313,629956,11212,34611,45534
0x411cdb,93.593%,16565,241979,258544,227428,5084,11481,14551
0x411480,94.7434%,11984,215997,227981,192791,4198,7786,23206
0x41acba,99.4932%,9873,1938355,1948228,1521470,3277,6596,416885
0x41104e,94.0629%,9391,148785,158176,128020,3009,6382,20765
0x4120ef,95.9262%,8987,211616,220603,202396,2789,6198,9220
0x4130f0,96.7299%,7441,220106,227547,197719,3115,4326,22387
0x412e6e,97.4054%,6697,251413,258110,225917,2291,4406,25496
0x40c953,64.5253%,6262,11390,17652,9726,2042,4220,1664
0x40c2fb,65.9548%,6010,11643,17653,9653,2116,3894,1990
0x410794,93.5255%,5953,85992,91945,75125,2243,3710,10867
0x409d02,74.3453%,5466,15840,21306,4099,3320,2146,11741
0x412633,91.9721%,5357,61373,66730,7353,3254,2103,54020
0x4118ce,94.8834%,5230,96987,102217,70097,1784,3446,26890
0x40c657,72.445%,4864,12788,17652,10228,1540,3324,2560
0x41321e,96.9361%,4833,152909,157742,138363,1982,2851,14546
0x412d38,97.9084%,4605,215564,220169,192861,1710,2895,22703
0x410341,90.8482%,4415,43827,48242,8081,2745,1670,35746
0x40c0b8,76.1754%,4206,13448,17654,13304,590,3616,144
0x40f2d5,80.3751%,4206,17226,21432,16927,888,3318,299
0x40bdac,77.0207%,4057,13598,17655,224,3536,521,13374
0x409d27,77.1823%,4028,13625,17653,5013,2281,1747,8612
0x412fb0,96.0897%,3980,97803,101783,69391,1834,2146,28412
0x410c08,89.8375%,3970,35095,39065,19714,1520,2450,15381
0x40de8a,83.8753%,3853,20042,23895,3781,2628,1225,16261
0x40b57b,92.8133%,3831,49476,53307,47056,328,3503,2420
0x40c713,79.1752%,3676,13976,17652,13735,606,3070,241
0x40f66f,89.3747%,3628,30517,34145,27438,967,2661,3079
0x40c3fc,79.7643%,3572,14080,17652,374,2937,635,13706
0x407968,63.2177%,3139,5395,8534,1873,1710,1429,3522
0x409b47,89.1767%,3121,25715,28836,12381,967,2154,13334
0x409b7f,79.9264%,3109,12379,15488,2386,2112,997,9993
0x40a83e,89.7905%,2944,25892,28836,25012,620,2324,880
0x401dc4,74.6985%,2769,8175,10944,6860,991,1778,1315
0x402c4d,72.7506%,2759,7366,10125,921,1901,858,6445
0x406cc6,80.9567%,2703,11491,14194,2422,1715,988,9069
0x40df85,88.7508%,2688,21207,23895,20870,370,2318,337
0x4123df,82.7604%,2658,12760,15418,7568,1382,1276,5192
0x40ee5c,82.229%,2615,12100,14715,11717,544,2071,383
0x40bcce,96.0137%,2577,62070,64647,18,2304,273,62052
0x407353,90.613%,2499,24123,26622,22972,692,1807,1151
0x40aa4d,96.1627%,2475,62023,64498,19,2312,163,62004
0x4134a1,97.3074%,2464,89047,91511,80302,817,1647,8745
0x409cc8,76.8587%,2462,8177,10639,1477,1636,826,6700
0x40acc3,95.4252%,2435,50791,53226,46889,423,2012,3902
0x40b308,96.2423%,2411,61750,64161,57,2279,132,61693
0x401ce3,78.1981%,2386,8558,10944,2111,1460,926,6447
0x402745,73.6333%,2373,6627,9000,811,1744,629,5816
0x40218b,73.8667%,2352,6648,9000,843,1616,736,5805
0x4097ea,71.6905%,2316,5865,8181,675,1638,678,5190
0x406c9b,91.5934%,2238,24384,26622,11624,804,1434,12760
0x409bbc,79.8726%,2212,8778,10990,7391,698,1514,1387
0x401d33,80.4094%,2144,8800,10944,2133,1295,849,6667
0x406a70,74.5263%,2084,6097,8181,839,1474,610,5258
0x409dc4,89.6822%,2042,17749,19791,17072,520,1522,677
0x409c9f,90.1875%,1942,17849,19791,8397,755,1187,9452
0x4087ef,69.5898%,1935,4428,6363,570,1319,616,3858
0x4135e8,95.9818%,1921,45887,47808,41415,804,1117,4472
0x40f685,67.6481%,1857,3883,5740,3174,672,1185,709
0x40840b,71.0357%,1843,4520,6363,523,1274,569,3997
0x405b15,71.3657%,1822,4541,6363,576,1221,601,3965
0x415803,67.4486%,1804,3738,5542,2995,729,1075,743
0x40e107,92.3535%,1786,21571,23357,20742,106,1680,829
0x40f41e,75.559%,1738,5373,7111,5025,542,1196,348
0x40ee0e,92.2376%,1713,20355,22068,6501,748,965,13854
0x4157fb,67.3133%,1685,3470,5155,294,1137,548,3176
0x4063e7,74.9332%,1595,4768,6363,849,1040,555,3919
0x40ef3e,93.324%,1473,20591,22064,19251,363,1110,1340
0x40ea00,93.9569%,1444,22451,23895,21154,86,1358,1297
0x4078de,72.0299%,1422,3662,5084,516,979,443,3146
0x405c10,70.5895%,1372,3293,4665,444,916,456,2849
0x413360,96.5209%,1344,37287,38631,24050,438,906,13237
0x402577,85.3778%,1316,7684,9000,7625,250,1066,59
0x415138,74.6528%,1314,3870,5184,3224,523,791,646
0x408b40,75.1002%,1304,3933,5237,778,750,554,3155
0x408b5a,74.0357%,1279,3647,4926,699,765,514,2948
0x402a91,85.8%,1278,7722,9000,7643,232,1046,79
0x404bfc,85.9262%,1262,7705,8967,7510,417,845,195
0x401d41,88.5051%,1258,9686,10944,9448,280,978,238
0x40f567,93.0987%,1255,16930,18185,16907,170,1085,23
0x40e266,94.9072%,1213,22605,23818,21071,114,1099,1534
0x40cbf3,88.2074%,1194,8931,10125,8902,98,1096,29
0x4089f0,69.3309%,1178,2663,3841,557,710,468,2106
0x4083d5,77.3407%,1152,3932,5084,3726,369,783,206
0x406209,82.9326%,1086,5277,6363,5244,210,876,33
0x40332e,89.3136%,1082,9043,10125,8755,245,837,288
0x409965,81.5951%,1080,4788,5868,4450,350,730,338
0x4084d5,83.5141%,1049,5314,6363,5294,160,889,20
0x407449,89.7086%,1042,9083,10125,8968,32,1010,115
0x40738b,87.2876%,1040,7141,8181,7137,135,905,4
0x40a88e,87.471%,1025,7156,8181,7153,119,906,3
0x4058a9,90.0247%,1010,9115,10125,8948,52,958,167
0x40edbd,72.7174%,1004,2676,3680,730,496,508,1946
0x406b90,83.1118%,991,4877,5868,4587,295,696,290
0x40b317,98.4149%,980,60845,61825,55551,348,632,5294
0x409cdb,98.5576%,977,66757,67734,59816,392,585,6941
0x401cf1,91.1276%,971,9973,10944,9368,360,611,605
0x40473e,89.2659%,965,8025,8990,7685,182,783,340
0x406ced,90.4047%,965,9092,10057,6591,515,450,2501
0x40a977,90.5481%,957,9168,10125,8961,39,918,207
0x4061a4,79.6356%,950,3715,4665,3500,253,697,215
0x40950d,75.7615%,931,2910,3841,2609,315,616,301
0x407765,79.654%,929,3637,4566,273,716,213,3364
0x403c89,89.7%,927,8073,9000,7777,98,829,296
0x405b65,79.8073%,922,3644,4566,3403,251,671,241
0x401cae,82.311%,917,4267,5184,3750,218,699,517
0x401f62,96.2252%,902,22993,23895,21219,21,881,1774
0x40aa5c,98.5571%,897,61270,62167,55929,321,576,5341
0x4068d3,86.2801%,873,5490,6363,5149,305,568,341
0x409574,86.4215%,864,5499,6363,5322,132,732,177
0x4033f9,91.6938%,841,9284,10125,8960,40,801,324
0x40645c,81.2919%,837,3637,4474,3362,270,567,275
0x408879,81.8507%,812,3662,4474,3297,260,552,365
0x41515a,84.6836%,794,4390,5184,4344,264,530,46
0x408a57,69.1919%,793,1781,2574,1550,330,463,231
0x406482,77.4957%,789,2717,3506,724,444,345,1993
0x409acd,91.8331%,785,8827,9612,5995,413,372,2832
0x40f702,95.7012%,781,17387,18168,11721,395,386,5666
0x40689c,78.3514%,759,2747,3506,2402,262,497,345
0x401a84,85.4552%,754,4430,5184,699,517,237,3731
0x408a76,59.1058%,750,1084,1834,246,435,315,838
0x40f72e,62.7919%,749,1264,2013,1036,309,440,228
0x409c15,76.254%,748,2402,3150,272,461,287,2130
0x40564b,78.4682%,745,2715,3460,2155,288,457,560
0x407aa0,66.5466%,743,1478,2221,599,385,358,879
0x40f2eb,79.8175%,730,2887,3617,2811,203,527,76
0x407a87,70.5714%,721,1729,2450,546,444,277,1183
0x40f39a,89.9213%,717,6397,7114,6336,158,559,61
0x40791d,97.8391%,698,31603,32301,28435,277,421,3168
0x405c4d,97.6601%,696,29049,29745,26153,287,409,2896
0x409b92,99.3166%,676,98234,98910,87645,275,401,10589
0x406dfc,68.0324%,671,1428,2099,326,374,297,1102
0x4040f5,92.5934%,666,8326,8992,8320,131,535,6
0x40ca9e,91.9327%,662,7544,8206,7215,80,582,329
0x40babf,92.0237%,659,7603,8262,7119,225,434,484
0x416203,87.2745%,656,4499,5155,4497,86,570,2
0x403608,92.7889%,649,8351,9000,8349,72,577,2
0x409bf9,77.7663%,645,2256,2901,1709,290,355,547
0x401df5,87.6543%,640,4544,5184,4441,167,473,103
0x40565c,92.8555%,639,8305,8944,678,424,215,7627
0x40b22f,92.3263%,633,7616,8249,7289,43,590,327
0x406d2d,79.1935%,614,2337,2951,2074,207,407,263
0x40e8b4,88.1752%,613,4571,5184,4571,37,576,0
0x401ad6,88.1944%,612,4572,5184,4509,99,513,63
0x4019b9,88.5224%,595,4589,5184,4585,23,572,4
0x40bcf4,97.0559%,590,19450,20040,13889,266,324,5561
0x404170,95.8289%,589,13532,14121,12323,229,360,1209
0x404d3c,83.118%,588,2895,3483,2777,206,382,118
0x4064d8,63.7888%,583,1027,1610,200,369,214,827
0x409d5f,92.0208%,582,6712,7294,6077,218,364,635
0x407a57,64.0025%,581,1033,1614,297,321,260,736
0x4064c2,75.1925%,580,1758,2338,1534,223,357,224
0x40db1a,87.5027%,579,4054,4633,4002,117,462,52
0x4064b6,97.2864%,571,20471,21042,18484,220,351,1987
0x4046f4,63.5609%,571,996,1567,792,236,335,204
0x40eadd,89.0432%,568,4616,5184,4549,59,509,67
0x411cfc,97.8603%,557,25475,26032,1750,299,258,23725
0x41108f,97.9519%,556,26591,27147,3235,306,250,23356
0x407ac2,93.7669%,552,8304,8856,7712,160,392,592
0x408bb9,74.829%,552,1641,2193,1322,190,362,319
0x403c3c,65.9148%,544,1052,1596,791,226,318,261
0x406d49,79.3328%,539,2069,2608,178,352,187,1891
0x406e7a,85.992%,526,3229,3755,3206,132,394,23
0x40e62a,97.7885%,524,23170,23694,20918,175,349,2252
0x409d70,94.1719%,524,8467,8991,7818,174,350,649
0x412629,96.7224%,521,15375,15896,2075,305,216,13300
0x41ae1d,99.9652%,520,1493644,1494164,297624,209,311,1196020
0x406c35,94.174%,517,8357,8874,5691,225,292,2666
0x41158a,98.3415%,514,30478,30992,11455,295,219,19023
0x40d3ca,89.2521%,503,4177,4680,4081,79,424,96
0x40736f,94.3881%,498,8376,8874,7751,137,361,625
0x4089ff,97.8589%,496,22670,23166,20373,219,277,2297
0x408b27,96.4369%,490,13262,13752,12037,187,303,1225
0x40eec7,81.7434%,488,2185,2673,575,258,230,1610
0x408b7c,96.3039%,487,12689,13176,11541,171,316,1148
0x407a6d,94.5895%,485,8479,8964,7781,187,298,698
0x40f692,74.4456%,484,1410,1894,1354,141,343,56
0x40ca24,91.4786%,472,5067,5539,5058,51,421,9
0x408b14,79.1154%,458,1735,2193,441,224,234,1294
0x40d37d,67.0571%,450,916,1366,856,174,276,60
0x40d122,96.3478%,449,11845,12294,10776,152,297,1069
0x410473,95.8895%,445,10381,10826,2654,213,232,7727
0x406335,94.5728%,444,7737,8181,7127,145,299,610
0x4114c1,98.5706%,443,30549,30992,3570,278,165,26979
0x40b885,92.5207%,443,5480,5923,5475,16,427,5
0x40bfff,97.4965%,442,17213,17655,11678,92,350,5535
0x40c9fb,85.7971%,441,2664,3105,1222,170,271,1442
0x40ca95,88.7339%,436,3434,3870,3329,111,325,105
0x40844d,98.9512%,431,40663,41094,36358,170,261,4305
0x4079b2,88.0547%,428,3155,3583,27,317,111,3128
0x412645,99.257%,417,55706,56123,2598,311,106,53108
0x40d884,61.41%,416,662,1078,90,224,192,572
0x40d861,95.7328%,414,9288,9702,8461,163,251,827
0x40641f,98.9768%,412,39854,40266,35584,208,204,4270
0x40c9a2,93.0659%,408,5476,5884,5417,122,286,59
0x4114dd,98.5043%,406,26738,27144,26218,134,272,520
0x40f714,93.308%,405,5647,6052,3803,236,169,1844
0x40eee3,77.385%,403,1379,1782,1354,130,273,25
0x41115f,98.5155%,403,26744,27147,8100,204,199,18644
0x40227d,87.2015%,402,2739,3141,2649,143,259,90
0x41212f,97.0495%,402,13223,13625,12701,109,293,522
0x40ced6,91.5385%,396,4284,4680,4282,62,334,2
0x409c5b,94.0276%,394,6203,6597,4209,189,205,1994
0x40d145,71.4495%,390,976,1366,95,276,114,881
0x40ee7c,84.1483%,389,2065,2454,2059,97,292,6
0x40cada,58.0681%,382,529,911,448,160,222,81
0x40e2ad,85.6497%,381,2274,2655,2273,87,294,1
0x410fb4,97.8157%,380,17017,17397,5624,174,206,11393
0x411309,98.5924%,376,26337,26713,3271,208,168,23066
0x402c9d,99.4295%,375,65352,65727,58250,174,201,7102
0x402e2f,82.0537%,374,1710,2084,816,124,250,894
0x405b5d,99.0923%,373,40721,41094,36350,178,195,4371
0x402e51,67.3951%,373,771,1144,100,237,136,671
0x411c44,98.7626%,370,29532,29902,10552,193,177,18980
0x40afcd,93.7616%,369,5546,5915,5546,21,348,0
0x40ca76,90.4651%,369,3501,3870,1482,158,211,2019
0x401f73,86.1017%,369,2286,2655,2286,74,295,0
0x40589d,99.5962%,368,90757,91125,80804,196,172,9953
0x40ced1,99.1453%,360,41760,42120,37318,122,238,4442
0x4040f0,99.5564%,359,80569,80928,71812,124,235,8757
0x412024,98.6015%,358,25240,25598,7253,245,113,17987
0x406d21,98.6596%,356,26203,26559,23482,126,230,2721
0x4021cd,99.4004%,353,58516,58869,52180,148,205,6336
0x40a862,96.3379%,352,9260,9612,8462,82,270,798
0x40ea11,86.968%,346,2309,2655,2309,51,295,0
0x405c52,89.6218%,343,2962,3305,2931,91,252,31
0x403600,99.579%,341,80659,81000,71850,150,191,8809
0x41223d,97.8207%,336,15082,15418,6025,156,180,9057
0x411f5e,98.6913%,335,25263,25598,1786,201,134,23477
0x40f6f2,99.0214%,334,33798,34132,16887,181,153,16911
0x40d632,92.8356%,332,4302,4634,4301,61,271,1
0x40de09,87.5706%,330,2325,2655,2325,35,295,0
0x401412,83.6336%,327,1671,1998,1398,122,205,273
0x40d15f,67.1357%,327,668,995,43,205,122,625
0x40daca,69.6379%,327,750,1077,688,118,209,62
0x409df7,95.0584%,326,6271,6597,5758,106,220,513
0x40d62d,99.2255%,323,41383,41706,36914,158,165,4469
0x40e729,87.8343%,323,2332,2655,2332,28,295,0
0x4110ab,98.6359%,322,23284,23606,22770,118,204,514
0x4108ba,97.8048%,320,14257,14577,2963,160,160,11294
0x40ef31,88.1229%,317,2352,2669,2321,54,263,31
0x40e146,88.1733%,314,2341,2655,2341,19,295,0
0x40f578,72.0217%,310,798,1108,732,124,186,66
0x40279d,99.4707%,307,57698,58005,51391,169,138,6307
0x40280d,89.2744%,306,2547,2853,2411,125,181,136
0x406ddb,91.8797%,305,3451,3756,1535,122,183,1916
0x407aff,81.1029%,305,1309,1614,1187,83,222,122
0x40ca1a,90.2093%,304,2801,3105,2641,119,185,160
0x40ee1b,97.9553%,303,14516,14819,7216,137,166,7300
0x4113c4,98.8695%,302,26411,26713,7815,179,123,18596
0x410edd,98.2928%,297,17100,17397,3516,165,132,13584
0x405c98,56.0178%,296,377,673,105,172,124,272
0x40f432,80.9585%,294,1250,1544,1227,83,211,23
0x41295a,96.5594%,293,8223,8516,4498,104,189,3725
0x40cbff,74.1333%,291,834,1125,834,166,125,0
0x411907,99.044%,290,30046,30336,3885,185,105,26161
0x402ef2,85.9299%,289,1765,2054,1744,90,199,21
0x411d18,98.7991%,288,23695,23983,23228,95,193,467
0x410c59,98.3961%,286,17545,17831,3588,155,131,13957
0x412660,97.8132%,284,12703,12987,12056,85,199,647
0x405a3e,96.5285%,284,7897,8181,7155,117,167,742
0x40e061,99.8662%,283,211244,211527,187898,126,157,23346
0x409840,99.4698%,280,52532,52812,46820,124,156,5712
0x40eb12,94.6181%,279,4905,5184,4501,107,172,404
0x411923,98.9378%,279,25987,26266,25714,63,216,273
0x410d1a,98.4858%,270,17561,17831,5988,120,150,11573
0x411b78,99.1104%,266,29636,29902,3880,128,138,25756
0x408837,99.3419%,265,40001,40266,35679,113,152,4322
0x4015c1,94.9267%,263,4921,5184,4511,97,166,410
0x40763c,96.7975%,262,7919,8181,7205,67,195,714
0x401f4f,99.88%,258,214797,215055,191059,101,157,23738
0x4107ed,98.2712%,252,14325,14577,1362,139,113,12963
0x41a638,97.5791%,251,10117,10368,9181,35,216,936
0x40defd,99.8418%,249,157125,157374,139778,110,139,17347
0x40f593,74.1561%,245,703,948,673,109,136,30
0x40f745,63.3234%,245,423,668,361,90,155,62
0x4103a8,97.7462%,244,10582,10826,838,167,77,9744
0x412113,98.4369%,241,15177,15418,1656,137,104,13521
0x40ef76,93.444%,241,3435,3676,2358,94,147,1077
0x401420,88.038%,239,1759,1998,1686,90,149,73
0x40d561,94.8652%,238,4397,4635,4032,88,150,365
0x408b81,83.8798%,236,1228,1464,1131,60,176,97
0x4033ed,99.7421%,235,90890,91125,80925,75,160,9965
0x412884,97.2522%,234,8282,8516,159,128,106,8123
0x411dc7,99.1088%,232,25800,26032,7699,109,123,18101
0x411196,97.2062%,232,8072,8304,1151,105,127,6921
0x41249e,99.0858%,229,24821,25050,16383,66,163,8438
0x40743d,99.7564%,222,90903,91125,80935,65,157,9968
0x40b995,48.8426%,221,211,432,102,69,152,109
0x40d89e,71.2042%,220,544,764,114,127,93,430
0x41043e,99.2613%,215,28889,29104,19208,75,140,9681
0x40135c,89.2392%,215,1783,1998,1701,75,140,82
0x4119ca,99.2946%,214,30122,30336,10936,119,95,19186
0x411f7a,99.0979%,213,23398,23611,23087,50,163,311
0x40eb5e,95.9105%,212,4972,5184,4543,65,147,429
0x401b23,95.9684%,209,4975,5184,4535,73,136,440
0x412276,96.6348%,208,5973,6181,1257,65,143,4716
0x411814,99.3193%,208,30350,30558,11344,96,112,19006
0x4104b6,92.7799%,207,2660,2867,1514,97,110,1146
0x40f2ff,58.0122%,207,286,493,53,113,94,233
0x411325,99.1349%,201,23033,23234,22636,66,135,397
0x40eed0,89.1304%,200,1640,1840,796,95,105,844
0x409da6,89.3162%,200,1672,1872,1609,55,145,63
0x41175c,99.253%,200,26572,26772,26080,86,114,492
0x40e1e0,99.9073%,199,214361,214560,190666,54,145,23695
0x410e52,98.7068%,197,15037,15234,10061,95,102,4976
0x41241f,97.7444%,194,8407,8601,7796,52,142,611
0x410d56,96.873%,191,5917,6108,920,110,81,4997
0x409d0d,98.6462%,188,13699,13887,0,107,81,13699
0x4103c4,98.0959%,187,9634,9821,9411,51,136,223
0x404045,98.1531%,187,9938,10125,8943,57,130,995
0x406d96,85.0639%,187,1065,1252,737,97,90,328
0x412b00,98.7653%,185,14799,14984,1592,139,46,13207
0x417734,91.5756%,185,2011,2196,1888,64,121,123
0x402ae5,83.6444%,184,941,1125,939,61,123,2
0x40e0d5,73.9687%,183,520,703,21,125,58,499
0x4086ee,97.7876%,181,8000,8181,7229,43,138,771
0x4013d0,90.991%,180,1818,1998,1722,54,126,96
0x46fec2,86.963%,176,1174,1350,1051,29,147,123
0x40f309,46.4832%,175,152,327,117,75,100,35
0x4079ad,99.4604%,174,32073,32247,28587,77,97,3486
0x402595,84.5333%,174,951,1125,951,49,125,0
0x4058b5,84.5333%,174,951,1125,951,49,125,0
0x40d914,86.3309%,171,1080,1251,1066,46,125,14
0x408ba2,93.1217%,169,2288,2457,2154,30,139,134
0x40e066,99.2937%,166,23337,23503,23337,20,146,0
0x402e78,79.5539%,165,642,807,582,85,80,60
0x4048c9,85.3333%,165,960,1125,952,48,117,8
0x4106ec,98.4219%,164,10228,10392,2454,103,61,7774
0x40224b,68.0934%,164,350,514,71,94,70,279
0x40d8db,96.5583%,162,4545,4707,4114,70,92,431
0x40f325,99.2426%,162,21227,21389,14195,80,82,7032
0x41a64a,86.1111%,160,992,1152,992,32,128,0
0x4108f6,94.8767%,160,2963,3123,1118,76,84,1845
0x401f94,45.7627%,160,135,295,81,89,71,54
0x4020fd,98.4198%,160,9965,10125,8928,72,88,1037
0x406e45,88.7482%,160,1262,1422,1209,55,105,53
0x403690,98.8931%,159,14205,14364,12712,56,103,1493
0x409d75,84.0841%,159,840,999,733,58,101,107
0x4022cc,69.0661%,159,355,514,325,105,54,30
0x40c9ff,90.8932%,156,1557,1713,751,106,50,806
0x40f2f5,74.2952%,155,448,603,10,100,55,438
0x406e97,87.6099%,155,1096,1251,1065,47,108,31
0x4013c2,92.2422%,155,1843,1998,1838,44,111,5
0x405360,69.2%,154,346,500,302,54,100,44
0x410a85,98.9182%,153,13990,14143,1371,68,85,12619
0x411740,99.4993%,153,30405,30558,3695,91,62,26710
0x412bcc,98.9856%,152,14832,14984,5796,75,77,9036
0x40ce12,96.7735%,151,4529,4680,4094,66,85,435
0x40340f,86.6667%,150,975,1125,975,25,125,0
0x40e0c5,81.8955%,149,674,823,58,62,87,616
0x40ddfd,99.3848%,147,23748,23895,21183,57,90,2565
0x40f2a3,99.3188%,146,21286,21432,14229,68,78,7057
0x40d1cf,88.0719%,146,1078,1224,1037,51,95,41
0x40d1a3,80.589%,145,602,747,571,40,105,31
0x403e6c,87.2%,144,981,1125,981,19,125,0
0x4052c1,71.2%,144,356,500,22,112,32,334
0x412b1c,98.921%,143,13110,13253,12575,49,94,535
0x411b94,99.4516%,142,25752,25894,25563,28,114,189
0x4177a3,93.516%,142,2048,2190,1916,31,111,132
0x40e9f4,99.934%,142,214913,215055,191103,57,85,23810
0x409d32,98.6292%,142,10217,10359,16,109,33,10201
0x410ef9,98.9647%,142,13574,13716,13433,28,114,141
0x40a983,87.4667%,141,984,1125,984,16,125,0
0x412fbe,98.7762%,140,11300,11440,1059,73,67,10241
0x40e5c3,64.2674%,139,250,389,106,44,95,144
0x412a5f,98.7226%,138,10665,10803,7124,78,60,3541
0x4084e1,84.8185%,138,771,909,765,43,95,6
0x40621c,84.9285%,137,772,909,772,36,101,0
0x40b0eb,60.9195%,136,212,348,185,49,87,27
0x406932,85.0385%,136,773,909,756,52,84,17
0x40d8e0,73.9962%,136,387,523,325,59,77,62
0x40df9f,94.8776%,136,2519,2655,2341,19,117,178
0x407455,88.0889%,134,991,1125,991,9,125,0
0x411d8e,99.812%,134,71155,71289,47248,58,76,23907
0x40e79e,85.9539%,134,820,954,820,28,106,0
0x4027e0,69.2841%,133,300,433,47,69,64,253
0x408a52,99.4259%,133,23033,23166,20529,63,70,2504
0x4177e0,93.9142%,132,2037,2169,1905,23,109,132
0x41b3c3,98.5444%,131,8869,9000,7930,70,61,939
0x41344e,97.4947%,131,5098,5229,3405,81,50,1693
0x4030a2,51.4815%,131,139,270,135,75,56,4
0x4124bf,98.5475%,130,8820,8950,4855,57,73,3965
0x40efc1,68.059%,130,277,407,228,44,86,49
0x40775d,99.6885%,128,40966,41094,36468,60,68,4498
0x402e9d,89.8413%,128,1132,1260,1056,64,64,76
0x40ca7a,94.3049%,127,2103,2230,1108,57,70,995
0x4057b5,88.7111%,127,998,1125,666,84,43,332
0x4073aa,86.0286%,127,782,909,780,28,99,2
0x40cb1f,58.4158%,126,177,303,174,28,98,3
0x401de2,96.5461%,126,3522,3648,2362,70,56,1160
0x412c00,97.8709%,125,5746,5871,1118,80,45,4628
0x4027b2,98.0605%,125,6320,6445,6320,43,82,0
0x411a06,98.8783%,124,10931,11055,720,91,33,10211
0x40334d,88.9778%,124,1001,1125,972,28,96,29
0x412f5e,99.5924%,123,30051,30174,20066,50,73,9985
0x40f6a1,69.4236%,122,277,399,248,63,59,29
0x403015,54.8148%,122,148,270,112,68,54,36
0x406e1f,91.4224%,120,1279,1399,1200,41,79,79
0x40a8ad,86.7987%,120,789,909,789,19,101,0
0x40369c,92.4812%,120,1476,1596,1475,13,107,1
0x4031d6,55.9259%,119,151,270,115,65,54,36
0x41139e,99.828%,119,69051,69170,45896,40,79,23155
0x414625,89.6701%,119,1033,1152,986,38,81,47
0x410c75,99.1624%,118,13970,14088,13612,35,83,358
0x40417c,92.543%,117,1452,1569,1447,30,87,5
0x411c1e,99.8501%,116,77263,77379,51437,48,68,25826
0x40cf0a,96.1971%,115,2909,3024,2654,34,81,255
0x40b570,99.976%,115,479648,479763,426441,15,100,53207
0x412832,98.7148%,114,8756,8870,2858,51,63,5898
0x40f57e,54.7619%,114,138,252,44,48,66,94
0x413ff5,80.2083%,114,462,576,462,50,64,0
0x40bae1,87.6906%,113,805,918,805,11,102,0
0x40e73a,61.6949%,113,182,295,45,61,52,137
0x412853,98.1211%,112,5849,5961,363,71,41,5486
0x4021d2,98.2877%,112,6429,6541,6424,33,79,5
0x402de7,81.25%,111,481,592,249,93,18,232
0x410b54,99.2152%,111,14032,14143,2731,82,29,11301
0x402f0f,80.427%,110,452,562,452,54,56,0
0x410809,99.1588%,110,12966,13076,12606,29,81,360
0x403273,59.2593%,110,160,270,133,77,33,27
0x401503,94.4945%,110,1888,1998,1287,45,65,601
0x409582,87.8988%,110,799,909,799,9,101,0
0x40f3b3,80.3571%,110,450,560,438,30,80,12
0x40b24f,88.1134%,109,808,917,808,7,102,0
0x40ead4,99.7664%,109,46547,46656,41432,40,69,5115
0x4057c6,70.9333%,109,266,375,211,39,70,55
0x402ca5,98.5075%,109,7194,7303,7194,23,86,0
0x40f5bb,55.7377%,108,136,244,11,58,50,125
0x406d65,94.8508%,107,1971,2078,1924,14,93,47
0x40eb1b,81.4236%,107,469,576,469,43,64,0
0x412d46,98.573%,107,7391,7498,800,62,45,6591
0x41621d,81.4685%,106,466,572,466,44,62,0
0x40b8ec,75.463%,106,326,432,6,93,13,320
0x4141b4,44.7917%,106,86,192,86,42,64,0
0x40f39f,82.9032%,106,514,620,466,29,77,48
0x401dd6,99.0497%,104,10840,10944,7226,70,34,3614
0x412403,98.8492%,103,8847,8950,318,31,72,8529
0x40e92a,98.0131%,103,5081,5184,4585,23,80,496
0x409c20,95.7799%,102,2315,2417,96,73,29,2219
0x403545,99.0025%,101,10024,10125,8970,30,71,1054
0x412e7c,99.06%,101,10644,10745,636,51,50,10008
0x40e71d,99.5815%,100,23795,23895,21192,48,52,2603
0x4117ee,99.8745%,100,79610,79710,52893,45,55,26717
0x40eaeb,82.8125%,99,477,576,477,35,64,0
0x40f2b3,99.3075%,99,14198,14297,7105,52,47,7093
0x40d331,83.7479%,98,505,603,494,42,56,11
0x41199e,99.8749%,98,78211,78309,52010,33,65,26201
0x4019ad,99.79%,98,46558,46656,41455,17,81,5103
0x40e8a8,99.7921%,97,46559,46656,41425,47,50,5134
0x41322c,98.327%,97,5701,5798,854,52,45,4847
0x4106ce,99.6593%,96,28078,28174,18692,33,63,9386
0x415107,83.5069%,95,481,576,479,33,62,2
0x411e06,98.7961%,94,7714,7808,935,51,43,6779
0x401e2c,83.6806%,94,482,576,481,31,63,1
0x4126d1,86.9444%,94,626,720,603,37,57,23
0x40e792,98.9168%,93,8493,8586,7623,9,84,870
0x40d19e,98.6316%,92,6631,6723,5921,55,37,710
0x40da73,85.1307%,91,521,612,521,23,68,0
0x4121ae,99.7728%,91,39969,40060,26397,38,53,13572
0x406b8b,99.8296%,90,52722,52812,46896,48,42,5826
0x413d30,83.871%,90,468,558,466,30,60,2
0x410629,99.1436%,89,10303,10392,888,55,34,9415
0x40f59e,46.3855%,89,77,166,53,29,60,24
0x41789f,79.6339%,89,348,437,314,25,64,34
0x417904,88.6044%,89,692,781,688,12,77,4
0x40e936,84.7222%,88,488,576,488,24,64,0
0x410cee,99.792%,87,41736,41823,27685,50,37,14051
0x41112e,99.8759%,87,70013,70100,46447,47,40,23566
0x40aada,99.8385%,86,53167,53253,47320,16,70,5847
0x40a96b,99.9067%,85,91040,91125,80972,28,57,10068
0x4130fe,98.9367%,85,7909,7994,1081,51,34,6828
0x4019c5,85.2431%,85,491,576,491,21,64,0
0x41336e,97.0139%,84,2729,2813,1025,45,39,1704
0x415de5,52.2989%,83,91,174,0,58,25,91
0x407ac7,91.6667%,82,902,984,900,23,59,2
0x41260c,99.0838%,82,8868,8950,5134,61,21,3734
0x410f8e,99.8019%,81,40812,40893,27128,49,32,13684
0x4014f2,95.9459%,81,1917,1998,1917,39,42,0
0x4055be,83.5391%,80,406,486,374,58,22,32
0x41298f,98.2834%,79,4523,4602,958,43,36,3565
0x40654e,73.4007%,79,218,297,218,46,33,0
0x40285c,81.6279%,79,351,430,345,6,73,6
0x402d9c,69.7674%,78,180,258,117,55,23,63
0x40eb6a,86.4583%,78,498,576,498,14,64,0
0x46fe4f,69.9219%,77,179,256,179,13,64,0
0x40ea3f,73.8983%,77,218,295,2,62,15,216
0x414ffe,86.8056%,76,500,576,446,66,10,54
0x414d9b,40.625%,76,52,128,47,17,59,5
0x408b65,97.8047%,76,3386,3462,0,64,12,3386
0x415d96,85.4406%,76,446,522,346,2,74,100
0x417931,88.7574%,76,600,676,600,4,72,0
0x40e568,99.6842%,75,23673,23748,23673,21,54,0
0x40150f,89.039%,73,593,666,426,18,55,167
0x410645,99.2274%,73,9376,9449,9260,16,57,116
0x415da7,58.046%,73,101,174,76,40,33,25
0x401b2c,87.5%,72,504,576,504,8,64,0
0x412bae,99.816%,72,39058,39130,25850,27,45,13208
0x40eee8,75.8389%,72,226,298,223,26,46,3
0x403284,73.7037%,71,199,270,154,26,45,45
0x40b215,90.8623%,71,706,777,695,15,56,11
0x403111,74.0741%,70,200,270,194,46,24,6
0x401aef,87.8472%,70,506,576,506,6,64,0
0x40cc13,44%,70,55,125,1,59,11,54
0x4026a5,99.3185%,69,10056,10125,8964,36,33,1092
0x40d66e,97.1814%,69,2379,2448,2155,21,48,224
0x40e5c8,71.1297%,69,170,239,0,54,15,170
0x4124f6,98.6156%,68,4844,4912,1083,42,26,3761
0x41155e,99.9157%,68,80572,80640,53473,23,45,27099
0x40e8c0,88.1944%,68,508,576,508,4,64,0
0x40cbe7,99.9254%,68,91057,91125,80974,26,42,10083
0x4015d6,88.1944%,68,508,576,508,4,64,0
0x40db5c,86.965%,67,447,514,416,34,33,31
0x4125f2,99.4103%,67,11294,11361,7537,37,30,3757
0x40e662,97.5141%,66,2589,2655,1724,46,20,865
0x40faa7,85.8388%,65,394,459,394,14,51,0
0x413caa,47.5806%,65,59,124,30,32,33,29
0x40561d,86.6255%,65,421,486,421,11,54,0
0x40f766,70.0461%,65,152,217,141,25,40,11
0x4064e7,93.8521%,64,977,1041,977,52,12,0
0x40e7ee,78.3051%,64,231,295,179,52,12,52
0x414025,88.8889%,64,512,576,482,30,34,30
0x415166,89.0625%,63,513,576,496,16,47,17
0x40f7d4,86.2745%,63,396,459,396,12,51,0
0x413c8f,83.3333%,62,310,372,186,62,0,124
0x40bcdd,99.9021%,61,62264,62325,42257,28,33,20007
0x40541f,57.6389%,61,83,144,2,44,17,81
0x402f3f,77.4074%,61,209,270,183,57,4,26
0x4131cd,99.8518%,61,41111,41172,20560,26,35,20551
0x4030b3,77.4074%,61,209,270,139,41,20,70
0x406b46,99.6592%,60,17544,17604,11703,33,27,5841
0x4132fd,99.7956%,60,29292,29352,14667,9,51,14625
0x41088e,99.8453%,60,38727,38787,25680,31,29,13047
0x4134b7,97.6535%,60,2497,2557,1469,18,42,1028
0x402d90,92.3773%,59,715,774,498,18,41,217
0x40d1db,56.6176%,59,77,136,53,13,46,24
0x40f5ce,66.2857%,59,116,175,15,33,26,101
0x417a8b,77.3077%,59,201,260,197,34,25,4
0x410aa1,99.5435%,58,12646,12704,12422,27,31,224
0x4158e4,98.8749%,58,5097,5155,5091,6,52,6
0x41482e,85.1562%,57,327,384,255,1,56,72
0x4128a0,99.3073%,57,8172,8229,7644,18,39,528
0x412a4e,99.7362%,57,21549,21606,10782,21,36,10767
0x408874,99.8609%,56,40210,40266,35770,22,34,4440
0x40acb8,99.9883%,56,478978,479034,425796,12,44,53182
0x411ffe,99.9204%,56,70303,70359,46726,22,34,23577
0x40e5d4,83.2836%,56,279,335,209,44,12,70
0x41308d,99.9111%,55,61793,61848,30882,42,13,30911
0x417892,96.556%,55,1542,1597,1145,15,40,397
0x4056cd,73.43%,55,152,207,152,32,23,0
0x40f3a4,56%,55,70,125,21,44,11,49
0x40571c,73.913%,54,153,207,153,31,23,0
0x4175a4,79.3103%,54,207,261,206,26,28,1
0x4116ad,99.9158%,53,62911,62964,31469,13,40,31442
0x40d920,61.8705%,53,86,139,29,39,14,57
0x40b394,99.9006%,53,53281,53334,47394,14,39,5887
0x411edd,99.873%,52,40880,40932,20426,40,12,20454
0x41127e,99.7541%,52,21092,21144,14069,27,25,7023
0x412ccd,99.8145%,52,27986,28038,13985,34,18,14001
0x412372,99.6501%,51,14526,14577,9687,31,20,4839
0x406b35,99.9034%,51,52761,52812,35174,34,17,17587
0x40f315,62.2222%,51,84,135,20,23,28,64
0x402ea9,64.2857%,50,90,140,89,21,29,1
0x410b2e,99.8706%,49,37808,37857,25143,10,39,12665
0x41292e,99.7968%,49,24071,24120,15871,20,29,8200
0x41ad47,99.9939%,49,801409,801458,721293,20,29,80116
0x40e243,55.9633%,48,61,109,9,21,27,52
0x41059e,98.7261%,48,3720,3768,2484,28,20,1236
0x40f5dd,62.9921%,47,80,127,18,24,23,62
0x40d414,91.1538%,46,474,520,446,9,37,28
0x40b0d9,95.2528%,46,923,969,606,40,6,317
0x40e248,43.038%,45,34,79,11,11,34,23
0x41267d,99.4972%,45,8905,8950,8861,9,36,44
0x4115c6,99.617%,45,11705,11750,1227,29,16,10478
0x4178f3,94.3609%,45,753,798,0,17,28,753
0x40efa7,96.4052%,44,1180,1224,804,13,31,376
0x409bb7,99.9555%,44,98866,98910,87889,31,13,10977
0x4157c7,99.7155%,44,15421,15465,10290,20,24,5131
0x4173d4,66.4122%,44,87,131,77,24,20,10
0x41058d,99.4294%,43,7493,7536,3736,32,11,3757
0x414e6e,92.7083%,42,534,576,494,18,24,40
0x40f002,68.8889%,42,93,135,75,17,25,18
0x41330e,99.7138%,42,14634,14676,9753,31,11,4881
0x402ece,84.8148%,41,229,270,228,12,29,1
0x40f124,94.3056%,41,679,720,629,11,30,50
0x41309e,99.8674%,41,30883,30924,20595,21,20,10288
0x40b0c8,95.872%,40,929,969,929,7,33,0
0x4116c2,99.8729%,40,31442,31482,20969,19,21,10473
0x40401c,96.4444%,40,1085,1125,0,0,40,1085
0x417924,94.1606%,40,645,685,1,8,32,644
0x4030bf,56.6667%,39,51,90,34,26,13,17
0x403290,56.6667%,39,51,90,23,37,2,28
0x40f5ec,54.1176%,39,46,85,0,34,5,46
0x40f1da,94.5833%,39,681,720,622,18,21,59
0x401d72,96.7928%,39,1177,1216,0,0,39,1177
0x408ba7,85.7143%,39,234,273,0,0,39,234
0x412e2e,99.8091%,38,19870,19908,13256,16,22,6614
0x402c5c,99.4797%,38,7265,7303,0,0,38,7265
0x40302b,57.7778%,38,52,90,48,12,26,4
0x40f3c7,67.7966%,38,80,118,67,9,29,13
0x414055,93.4028%,38,538,576,508,4,34,30
0x40e67f,95.8192%,37,848,885,563,27,10,285
0x40f446,84.188%,37,197,234,0,0,37,197
0x40f6b1,59.0909%,36,52,88,23,10,26,29
0x415b4a,37.931%,36,22,58,22,36,0,0
0x40573c,82.6087%,36,171,207,171,13,23,0
0x4056ff,82.6087%,36,171,207,171,13,23,0
0x40af3a,99.9342%,35,53191,53226,47308,4,31,5883
0x408a81,97.0512%,34,1119,1153,1119,21,13,0
0x415d63,80.4598%,34,140,174,0,0,34,140
0x411a71,99.8894%,34,30698,30732,30698,34,0,0
0x4155fc,99.7801%,34,15431,15465,10299,11,23,5132
0x405638,38.8889%,33,21,54,16,7,26,5
0x41b0d7,96.7%,33,967,1000,0,0,33,967
0x411aed,99.9463%,33,61431,61464,30710,22,11,30721
0x402102,97.0667%,33,1092,1125,0,0,33,1092
0x41359e,98.972%,33,3177,3210,2130,10,23,1047
0x415435,99.3601%,33,5124,5157,0,2,31,5124
0x402d0d,62.7907%,32,54,86,0,0,32,54
0x407ae8,94.1712%,32,517,549,477,11,21,40
0x4058c6,74.4%,32,93,125,3,21,11,90
0x40ff91,99.4853%,31,5992,6023,0,0,31,5992
0x417aab,76.3359%,31,100,131,96,20,11,4
0x402819,90.2208%,31,286,317,286,27,4,0
0x41343d,99.7036%,31,10427,10458,5217,12,19,5210
0x407460,76%,30,95,125,2,22,8,93
0x40d761,88.9706%,30,242,272,0,0,30,242
0x415016,54.6875%,29,35,64,35,29,0,0
0x4031b9,67.7778%,29,61,90,0,0,29,61
0x40a992,76.8%,29,96,125,1,23,6,95
0x4129d1,99.7316%,29,10774,10803,10774,29,0,0
0x40a8f6,76.8%,29,96,125,0,0,29,96
0x40e5fc,65.8537%,28,54,82,54,28,0,0
0x41b26f,97.2%,28,972,1000,972,28,0,0
0x406e51,82.9114%,27,131,158,129,18,9,2
0x40450c,70.6522%,27,65,92,64,21,6,1
0x40bd0d,99.8471%,27,17628,17655,0,0,27,17628
0x40563c,12.9032%,27,4,31,0,0,27,4
0x4174d4,89.6552%,27,234,261,231,1,26,3
0x411b02,99.9154%,26,30706,30732,20477,11,15,10229
0x41ae54,99.9838%,26,160266,160292,80123,23,3,80143
0x4110f6,96.3788%,26,692,718,0,0,26,692
0x4109b0,99.568%,25,5762,5787,0,0,25,5762
0x405429,82.6389%,25,119,144,78,12,13,41
0x415548,99.8383%,25,15440,15465,0,0,25,15440
0x40b034,92.8161%,25,323,348,0,25,0,323
0x40e1e5,99.8993%,24,23816,23840,23816,2,22,0
0x40c8fb,99.9814%,24,129045,129069,114721,7,17,14324
0x412cde,99.8288%,24,13995,14019,9334,12,12,4661
0x409924,99.9546%,24,52788,52812,35192,16,8,17596
0x4155e6,99.9483%,24,46371,46395,30911,19,5,15460
0x40f3dc,33.3333%,24,12,36,9,5,19,3
0x404385,75%,23,69,92,41,10,13,28
0x405672,0%,23,0,23,0,23,0,0
0x417634,91.1538%,23,237,260,2,14,9,235
0x406e6a,11.5385%,23,3,26,3,22,1,0
0x412f4d,99.9619%,23,60325,60348,30170,4,19,30155
0x401456,89.6396%,23,199,222,0,0,23,199
0x4086f3,97.4697%,23,886,909,0,0,23,886
0x402289,93.4097%,23,326,349,326,23,0,0
0x414270,96.1806%,22,554,576,496,16,6,58
0x40de9b,99.8742%,22,17464,17486,0,0,22,17464
0x41552b,99.8577%,22,15443,15465,0,0,22,15443
0x40d2da,68.5714%,22,48,70,0,0,22,48
0x417882,98.7356%,22,1718,1740,126,17,5,1592
0x405d4d,76.6667%,21,69,90,67,13,8,2
0x405513,61.1111%,21,33,54,33,21,0,0
0x40f5ff,58.8235%,21,30,51,0,21,0,30
0x4086b8,97.6898%,21,888,909,0,0,21,888
0x40eac7,96.3542%,21,555,576,0,0,21,555
0x406585,51.1628%,21,22,43,14,17,4,8
0x40b226,97.426%,20,757,777,512,6,14,245
0x4179e3,96.7051%,20,587,607,400,7,13,187
0x412ca6,99.8573%,20,13999,14019,0,0,20,13999
0x410e10,99.8687%,20,15214,15234,0,0,20,15214
0x40bcc9,99.9106%,20,22342,22362,0,0,20,22342
0x406528,53.4884%,20,23,43,1,9,11,22
0x4109f2,99.6544%,20,5767,5787,3854,4,16,1913
0x40bf9f,99.984%,20,125035,125055,111156,4,16,13879
0x4125dd,99.9164%,19,22703,22722,11347,14,5,11356
0x411eee,99.9072%,19,20447,20466,13628,16,3,6819
0x41b178,98.1%,19,981,1000,0,0,19,981
0x405823,84.8%,19,106,125,0,0,19,106
0x4146ca,98.3507%,19,1133,1152,751,17,2,382
0x409960,99.964%,19,52793,52812,46940,4,15,5853
0x407606,97.9098%,19,890,909,0,0,19,890
0x415cbb,89.0805%,19,155,174,0,0,19,155
0x40ba21,97.5734%,19,764,783,513,9,10,251
0x40b2cf,99.7821%,18,8244,8262,0,0,18,8244
0x4109dd,99.8445%,18,11556,11574,5779,8,10,5777
0x40b15b,94.7368%,18,324,342,210,18,0,114
0x40f01d,58.1395%,18,25,43,21,9,9,4
0x407973,99.6364%,18,4933,4951,4933,12,6,0
0x40eef6,63.2653%,18,31,49,2,6,12,29
0x4117bf,99.9328%,18,26754,26772,0,0,18,26754
0x402950,37.037%,17,10,27,9,15,2,1
0x415813,99.0649%,17,1801,1818,0,0,17,1801
0x46fde4,99.6415%,17,4725,4742,189,17,0,4536
0x410f62,99.8761%,17,13699,13716,0,0,17,13699
0x40b198,95.1149%,17,331,348,89,0,17,242
0x46fda7,99.6671%,16,4790,4806,264,6,10,4526
0x412821,80%,16,64,80,0,13,3,64
0x40c2a3,99.9872%,16,125030,125046,111140,12,4,13890
0x410e3d,99.9475%,16,30452,30468,15220,14,2,15232
0x4179d3,97.3984%,16,599,615,0,8,8,599
0x4098af,99.7273%,16,5852,5868,0,0,16,5852
0x41ac53,99.9978%,16,721298,721314,377969,10,6,343329
0x40ba30,96.5278%,15,417,432,148,14,1,269
0x40f6bb,72.7273%,15,40,55,0,15,0,40
0x41768b,93.8525%,15,229,244,229,15,0,0
0x40e17e,99.9371%,15,23825,23840,0,0,15,23825
0x411631,99.9524%,15,31467,31482,31467,15,0,0
0x413770,87.9032%,15,109,124,0,0,15,109
0x40e9e3,99.9372%,15,23880,23895,0,0,15,23880
0x40c5ef,99.9884%,15,129054,129069,114722,6,9,14332
0x40e460,99.9368%,15,23733,23748,0,0,15,23733
0x417424,51.7241%,14,15,29,0,0,14,15
0x41235d,99.952%,14,29140,29154,14570,7,7,14570
0x40b9fe,98.212%,14,769,783,512,10,4,257
0x4131de,99.932%,14,20572,20586,13719,5,9,6853
0x412e1d,99.9648%,14,39802,39816,19895,13,1,19907
0x405b1e,99.6934%,14,4552,4566,0,0,14,4552
0x40ba41,94.8148%,14,256,270,0,0,14,256
0x41358d,99.7975%,13,6407,6420,3210,0,13,3197
0x40b175,96.1988%,13,329,342,329,13,0,0
0x406e5a,63.8889%,13,23,36,2,8,5,21
0x40f583,91.875%,13,147,160,147,13,0,0
0x40e9d8,99.5104%,13,2642,2655,0,0,13,2642
0x41795b,81.9444%,13,59,72,0,0,13,59
0x40fd0d,74.5098%,13,38,51,29,5,8,9
0x402942,51.8519%,13,14,27,14,7,6,0
0x40f6e7,53.8462%,12,14,26,9,4,8,5
0x408a04,99.5338%,12,2562,2574,2562,12,0,0
0x41b00c,98.8%,12,988,1000,0,0,12,988
0x411526,98.4848%,12,780,792,0,0,12,780
0x402eb9,95.5556%,12,258,270,0,0,12,258
0x40496a,98.9333%,12,1113,1125,0,0,12,1113
0x41b015,98.8%,12,988,1000,0,0,12,988
0x46fdd3,99.7469%,12,4730,4742,0,0,12,4730
0x40d5df,99.741%,12,4622,4634,0,0,12,4622
0x406b57,99.7955%,12,5856,5868,0,0,12,5856
0x40f3b8,86.9565%,12,80,92,28,6,6,52
0x40e25c,86.2069%,12,75,87,75,12,0,0
0x4152f8,99.7673%,12,5145,5157,0,0,12,5145
0x410961,99.7926%,12,5775,5787,5775,12,0,0
0x402754,99.8138%,12,6433,6445,0,0,12,6433
0x41a522,90.625%,12,116,128,0,0,12,116
0x417aca,20%,12,3,15,1,12,0,2
0x40a95c,99.8815%,12,10113,10125,0,0,12,10113
0x4112a5,99.9595%,11,27136,27147,27136,11,0,0
0x40f3d1,73.8095%,11,31,42,3,3,8,28
0x402a03,59.2593%,11,16,27,13,8,3,3
0x41af9a,98.9%,11,989,1000,0,0,11,989
0x411fc9,97.6793%,11,463,474,0,0,11,463
0x40465d,75.5556%,11,34,45,34,6,5,0
0x41b25d,99.45%,11,1989,2000,993,7,4,996
0x4173bc,91.6031%,11,120,131,0,0,11,120
0x40742e,99.8914%,11,10114,10125,0,0,11,10114
0x4038a6,89.8148%,11,97,108,0,11,0,97
0x40655a,66.6667%,11,22,33,18,4,7,4
0x411b29,99.9637%,11,30325,30336,30325,11,0,0
0x40c35d,99.9377%,11,17641,17652,0,0,11,17641
0x401dbd,99.6985%,11,3637,3648,0,0,11,3637
0x41306c,99.9644%,11,30913,30924,0,0,11,30913
0x40ba93,98.642%,11,799,810,529,11,0,270
0x4133c1,99.7896%,11,5218,5229,5218,11,0,0
0x413566,99.6573%,11,3199,3210,0,0,11,3199
0x40ea92,97.619%,11,451,462,227,4,7,224
0x406564,60%,10,15,25,7,4,6,8
0x408a96,98.5316%,10,671,681,0,0,10,671
0x405ca7,97.4747%,10,386,396,386,4,6,0
0x41086a,99.9235%,10,13066,13076,0,0,10,13066
0x40f6d0,71.4286%,10,25,35,6,1,9,19
0x40eb0d,98.2639%,10,566,576,0,0,10,566
0x410689,94.2197%,10,163,173,0,0,10,163
0x407922,99.7214%,10,3579,3589,0,0,10,3579
0x40d308,85.7143%,10,60,70,1,2,8,59
0x41a530,92.1875%,10,118,128,0,0,10,118
0x411d56,98.4848%,10,650,660,0,0,10,650
0x41afda,99%,10,990,1000,990,10,0,0
0x403a3a,90.7407%,10,98,108,98,6,4,0
0x40ba10,98.7229%,10,773,783,772,2,8,1
0x40479d,44.4444%,10,8,18,8,8,2,0
0x40e783,98.9518%,10,944,954,0,0,10,944
0x412a20,99.9074%,10,10793,10803,0,0,10,10793
0x40cdff,98.0769%,10,510,520,0,0,10,510
0x40c927,99.9303%,10,14331,14341,0,0,10,14331
0x40199e,99.8264%,9,5175,5184,0,0,9,5175
0x40ea8d,96.1039%,9,222,231,0,0,9,222
0x412176,98.8957%,9,806,815,0,0,9,806
0x41b506,99.1%,9,991,1000,991,9,0,0
0x40eefc,78.0488%,9,32,41,5,7,2,27
0x41b16f,99.1%,9,991,1000,0,0,9,991
0x417a0c,85.9375%,9,55,64,0,0,9,55
0x46fe98,99.3333%,9,1341,1350,0,0,9,1341
0x410e76,99.9495%,9,17822,17831,17822,9,0,0
0x40d31a,86.5672%,9,58,67,0,0,9,58
0x46fed8,96.6667%,9,261,270,204,2,7,57
0x41b250,99.55%,9,1991,2000,0,0,9,1991
0x40bab6,98.8889%,9,801,810,536,4,5,265
0x4047cd,50%,9,9,18,9,7,2,0
0x40ece2,97.8102%,9,402,411,0,0,9,402
0x41b4e4,99.9%,8,7992,8000,7992,8,0,0
0x41b449,99.9111%,8,8992,9000,5997,3,5,2995
0x40b0fc,92.9825%,8,106,114,0,0,8,106
0x41b0e0,99.2%,8,992,1000,0,0,8,992
0x40acef,99.8647%,8,5906,5914,0,0,8,5906
0x407aab,99.3533%,8,1229,1237,0,6,2,1229
0x40404a,99.2889%,8,1117,1125,0,0,8,1117
0x410dc1,99.9475%,8,15226,15234,15226,8,0,0
0x40b7f2,99.985%,8,53299,53307,47381,3,5,5918
0x408410,99.8248%,8,4558,4566,0,0,8,4558
0x406b23,99.9546%,8,17596,17604,0,0,8,17596
0x405d1b,66.6667%,8,16,24,10,4,4,6
0x405d91,66.6667%,8,16,24,16,2,6,0
0x402900,70.3704%,8,19,27,19,5,3,0
0x40ecae,94.2446%,8,131,139,0,0,8,131
0x41adab,99.9989%,7,641161,641168,641161,7,0,0
0x40eb00,89.0625%,7,57,64,0,0,7,57
0x4157d5,99.8642%,7,5148,5155,0,0,7,5148
0x413151,99.966%,7,20579,20586,20579,7,0,0
0x40b324,99.8819%,7,5919,5926,0,0,7,5919
0x40f3eb,68.1818%,7,15,22,0,7,0,15
0x45c9e3,99.9913%,7,80390,80397,0,0,7,80390
0x40cb72,94.4%,7,118,125,0,0,7,118
0x41197a,99.9733%,7,26259,26266,0,0,7,26259
0x402971,74.0741%,7,20,27,20,4,3,0
0x412ac8,99.9533%,7,14977,14984,0,0,7,14977
0x40e44b,99.9705%,7,23741,23748,0,0,7,23741
0x40d566,98.6408%,7,508,515,0,0,7,508
0x41b181,99.3%,7,993,1000,993,7,0,0
0x407a7e,99.2972%,7,989,996,0,0,7,989
0x4174dd,75.8621%,7,22,29,19,6,1,3
0x40ef10,66.6667%,7,14,21,0,2,5,14
0x41218a,99.9486%,7,13618,13625,0,0,7,13618
0x45c9ec,99.9913%,7,80390,80397,80390,7,0,0
0x40b975,99.2993%,7,992,999,992,1,6,0
0x45c353,99.9913%,7,80390,80397,0,0,7,80390
0x40f5a8,91.6667%,7,77,84,0,0,7,77
0x41ab81,99.9913%,7,80139,80146,0,0,7,80139
0x41a667,95.3125%,6,122,128,122,6,0,0
0x40712a,33.3333%,6,3,9,0,6,0,3
0x409938,99.9659%,6,17598,17604,11734,2,4,5864
0x4040ae,99.9333%,6,8986,8992,0,0,6,8986
0x406fd1,33.3333%,6,3,9,3,3,3,0
0x402a11,77.7778%,6,21,27,20,4,2,1
0x41b59e,99.4%,6,994,1000,0,0,6,994
0x4035c3,99.9333%,6,8994,9000,0,0,6,8994
0x41afe7,99.4%,6,994,1000,994,6,0,0
0x4031f5,93.3333%,6,84,90,60,0,6,24
0x40c623,99.9582%,6,14335,14341,0,0,6,14335
0x40cbc8,99.4667%,6,1119,1125,0,0,6,1119
0x4122e1,99.9588%,6,14571,14577,14571,6,0,0
0x41ac10,99.9963%,6,160286,160292,80141,5,1,80145
0x409dab,97.1154%,6,202,208,0,0,6,202
0x403376,95.2%,6,119,125,0,0,6,119
0x4013dd,97.2973%,6,216,222,0,0,6,216
0x405d59,40%,6,4,10,4,4,2,0
0x40f6c6,85%,6,34,40,1,4,2,33
0x402688,99.4667%,6,1119,1125,0,0,6,1119
0x410f4b,97.6471%,6,249,255,0,0,6,249
0x40ca04,99.7331%,6,2242,2248,2242,4,2,0
0x4087f8,99.8659%,6,4468,4474,0,0,6,4468
0x412903,99.9271%,6,8223,8229,0,0,6,8223
0x4029c1,77.7778%,6,21,27,21,3,3,0
0x40e5ba,95.5882%,6,130,136,0,0,6,130
0x4179f0,97%,6,194,200,133,3,3,61
0x458d85,99.9925%,6,80391,80397,0,0,6,80391
0x401394,97.2973%,6,216,222,0,0,6,216
0x41b4b7,99.4%,6,994,1000,994,6,0,0
0x40994d,99.8978%,6,5862,5868,0,0,6,5862
0x4157b6,99.9871%,6,46389,46395,30924,6,0,15465
0x401325,97.2973%,6,216,222,0,0,6,216
0x41739b,95.4198%,6,125,131,0,0,6,125
0x4177d3,99.7697%,5,2166,2171,0,2,3,2166
0x40e59e,90.7407%,5,49,54,0,0,5,49
0x40469d,88.8889%,5,40,45,40,0,5,0
0x46fdac,99.8946%,5,4737,4742,4737,5,0,0
0x411680,99.9841%,5,31477,31482,0,0,5,31477
0x41b01e,99.5%,5,995,1000,995,5,0,0
0x40dd40,44.4444%,5,4,9,1,4,1,3
0x46fe2a,98.1481%,5,265,270,203,3,2,62
0x45c9ca,99.9938%,5,80392,80397,0,0,5,80392
0x404aa0,99.5556%,5,1120,1125,0,0,5,1120
0x45c3ac,99.9938%,5,80392,80397,80392,5,0,0
0x4111e1,99.9764%,5,21139,21144,21139,5,0,0
0x41126d,99.9882%,5,42283,42288,21139,5,0,21144
0x46fdbc,99.8946%,5,4737,4742,4737,5,0,0
0x4070b6,44.4444%,5,4,9,4,2,3,0
0x401d08,99.5888%,5,1211,1216,0,0,5,1211
0x45c38c,99.9938%,5,80392,80397,0,0,5,80392
0x40b986,99.4995%,5,994,999,661,5,0,333
0x40ca20,99.9097%,5,5534,5539,0,0,5,5534
0x407258,44.4444%,5,4,9,2,4,1,2
0x458d63,99.9938%,5,80392,80397,0,0,5,80392
0x40e0f5,99.2614%,5,672,677,672,5,0,0
0x40bc57,99.9391%,5,8202,8207,0,0,5,8202
0x40288f,81.4815%,5,22,27,22,2,3,0
0x40dfee,99.9787%,5,23498,23503,0,0,5,23498
0x40d127,99.634%,5,1361,1366,0,0,5,1361
0x41069d,99.9471%,5,9444,9449,0,0,5,9444
0x407a92,99.6575%,5,1455,1460,1,5,0,1454
0x40ef03,82.7586%,5,24,29,2,0,5,22
0x41afa6,99.5%,5,995,1000,0,0,5,995
0x413629,91.9355%,5,57,62,0,0,5,57
0x415db0,91.3793%,5,53,58,53,5,0,0
0x41b1d8,99.5%,5,995,1000,0,0,5,995
0x404f46,99%,5,495,500,0,0,5,495
0x417792,99.7718%,5,2186,2191,0,1,4,2186
0x4026aa,99.6444%,4,1121,1125,0,0,4,1121
0x4073bd,96.8%,4,121,125,0,0,4,121
0x40d546,99.2233%,4,511,515,0,0,4,511
0x40dcbd,55.5556%,4,5,9,5,3,1,0
0x40f60f,86.6667%,4,26,30,0,4,0,26
0x409912,99.9773%,4,17600,17604,0,0,4,17600
0x410406,98.8858%,4,355,359,0,0,4,355
0x4174e7,0%,4,0,4,0,0,4,0
0x40e81e,93.75%,4,60,64,0,0,4,60
0x411fdd,99.9831%,4,23607,23611,0,0,4,23607
0x411ac0,99.987%,4,30728,30732,0,0,4,30728
0x410504,99.8938%,4,3764,3768,3764,4,0,0
0x407269,55.5556%,4,5,9,3,3,1,2
0x406abd,99.9318%,4,5864,5868,0,0,4,5864
0x4020bb,99.6444%,4,1121,1125,0,0,4,1121
0x40eb72,93.75%,4,60,64,60,4,0,0
0x402f6e,86.6667%,4,26,30,0,0,4,26
0x40ca7f,99.8521%,4,2701,2705,2701,1,3,0
0x45c367,99.995%,4,80393,80397,0,0,4,80393
0x405a0a,99.56%,4,905,909,0,0,4,905
0x401f30,99.9833%,4,23891,23895,0,0,4,23891
0x4141ca,93.75%,4,60,64,60,4,0,0
0x411eba,99.9805%,4,20462,20466,0,0,4,20462
0x413619,96.8254%,4,122,126,64,0,4,58
0x40198b,99.3056%,4,572,576,0,0,4,572
0x406ebe,55.5556%,4,5,9,5,3,1,0
0x408b4b,99.8922%,4,3705,3709,0,0,4,3705
0x40713b,55.5556%,4,5,9,2,4,0,3
0x4071ea,55.5556%,4,5,9,4,2,2,1
0x40dd1f,55.5556%,4,5,9,5,3,1,0
0x458d59,99.995%,4,80393,80397,0,0,4,80393
0x401b16,99.3056%,4,572,576,0,0,4,572
0x410cca,99.9716%,4,14084,14088,0,0,4,14084
0x40219c,99.9541%,3,6538,6541,0,0,3,6538
0x410a16,99.9794%,3,14574,14577,14574,3,0,0
0x408452,99.9343%,3,4563,4566,4563,3,0,0
0x40dd4e,66.6667%,3,6,9,6,2,1,0
0x408b38,99.8037%,3,1525,1528,0,0,3,1525
0x405d67,25%,3,1,4,1,1,2,0
0x40e752,97.1698%,3,103,106,0,0,3,103
0x40aade,99.9493%,3,5914,5917,0,3,0,5914
0x40da4a,95.7746%,3,68,71,0,3,0,68
0x4071d4,0%,3,0,3,0,0,3,0
0x41b2b6,99.7%,3,997,1000,997,3,0,0
0x40b1fb,99.6139%,3,774,777,515,3,0,259
0x41b22e,99.7%,3,997,1000,997,3,0,0
0x41137f,99.9871%,3,23231,23234,0,0,3,23231
0x4128ef,99.4709%,3,564,567,0,0,3,564
0x40b186,99.1228%,3,339,342,226,2,1,113
0x415670,99.9418%,3,5152,5155,0,0,3,5152
0x40ef09,88.8889%,3,24,27,3,3,0,21
0x407253,0%,3,0,3,0,0,3,0
0x41a615,99.7396%,3,1149,1152,0,0,3,1149
0x41ab24,99.9963%,3,80142,80145,80142,3,0,0
0x413281,99.9796%,3,14673,14676,14673,3,0,0
0x41774a,98.7705%,3,241,244,241,3,0,0
0x412c51,99.9786%,3,14016,14019,14016,3,0,0
0x40ef18,84.2105%,3,16,19,1,3,0,15
0x458dba,99.9963%,3,80394,80397,0,0,3,80394
0x40dceb,66.6667%,3,6,9,5,1,2,1
0x403266,96.6667%,3,87,90,0,0,3,87
0x4105c3,99.9723%,3,10823,10826,10823,3,0,0
0x4028b4,0%,3,0,3,0,0,3,0
0x40dcf9,66.6667%,3,6,9,6,2,1,0
0x40b398,99.9494%,3,5923,5926,0,3,0,5923
0x407275,0%,3,0,3,0,2,1,0
0x406b4e,99.9489%,3,5865,5868,0,0,3,5865
0x4156eb,99.9806%,3,15462,15465,0,0,3,15462
0x4063f0,99.9329%,3,4471,4474,0,0,3,4471
0x411e51,99.9853%,3,20463,20466,20463,3,0,0
0x402842,89.2857%,3,25,28,25,0,3,0
0x40534a,99.4%,3,497,500,0,0,3,497
0x4173a4,97.7099%,3,128,131,0,0,3,128
0x406fe2,66.6667%,3,6,9,6,0,3,0
0x4132d8,99.9864%,2,14674,14676,0,0,2,14674
0x40af66,99.9662%,2,5913,5915,0,0,2,5913
0x40da5c,97.0588%,2,66,68,0,0,2,66
0x410b02,99.9843%,2,12702,12704,0,0,2,12702
0x4046ad,60%,2,3,5,1,1,1,2
0x40aa14,99.9758%,2,8246,8248,0,0,2,8246
0x41578e,99.9871%,2,15463,15465,0,0,2,15463
0x40f402,86.6667%,2,13,15,2,1,1,11
0x41ac79,99.999%,2,198046,198048,198046,2,0,0
0x412ed1,99.9934%,2,30172,30174,30172,2,0,0
0x45c37b,99.9975%,2,80395,80397,80395,2,0,0
0x41a475,98.4375%,2,126,128,0,0,2,126
0x416240,96.875%,2,62,64,1,1,1,61
0x412712,97.5%,2,78,80,0,0,2,78
0x413511,99.9377%,2,3208,3210,3208,2,0,0
0x41b281,99.8%,2,998,1000,998,2,0,0
0x40dd9d,99.322%,2,293,295,0,0,2,293
0x40b522,99.9662%,2,5921,5923,0,0,2,5921
0x405d78,0%,2,0,2,0,2,0,0
0x40497f,99.8222%,2,1123,1125,0,0,2,1123
0x41b124,99.8%,2,998,1000,998,2,0,0
0x414202,98.4375%,2,126,128,62,2,0,64
0x41b46f,99.9333%,2,2998,3000,0,0,2,2998
0x4070c7,33.3333%,2,1,3,0,2,0,1
0x40588e,99.9802%,2,10123,10125,0,0,2,10123
0x412b7d,99.9849%,2,13251,13253,0,0,2,13251
0x40b8fd,99.3994%,2,331,333,0,0,2,331
0x402da1,97.6744%,2,84,86,0,0,2,84
0x4116e9,99.9935%,2,30990,30992,30990,2,0,0
0x406f49,33.3333%,2,1,3,0,0,2,1
0x412561,99.9824%,2,11359,11361,11359,2,0,0
0x40eaa1,99.1342%,2,229,231,229,2,0,0
0x40474c,0%,2,0,2,0,2,0,0
0x40481c,88.8889%,2,16,18,16,0,2,0
0x40709e,33.3333%,2,1,3,0,0,2,1
0x40f6da,92.8571%,2,26,28,0,2,0,26
0x416255,0%,2,0,2,0,2,0,0
0x412df6,99.99%,2,19906,19908,0,0,2,19906
0x40df02,99.9886%,2,17484,17486,17484,2,0,0
0x41b15e,99.8%,2,998,1000,0,0,2,998
0x4173dd,93.3333%,2,28,30,28,0,2,0
0x401b08,96.875%,2,62,64,0,0,2,62
0x414726,99.4792%,2,382,384,0,0,2,382
0x40b95b,99.7998%,2,997,999,665,1,1,332
0x406f5e,77.7778%,2,7,9,4,2,0,3
0x41470a,99.4792%,2,382,384,0,0,2,382
0x401eb4,99.322%,2,293,295,0,0,2,293
0x407147,33.3333%,2,1,3,0,2,0,1
0x40717c,77.7778%,2,7,9,7,1,1,0
0x46fdfa,99.9578%,2,4740,4742,4740,2,0,0
0x4097f3,99.9659%,2,5866,5868,0,0,2,5866
0x4071fb,33.3333%,2,1,3,1,1,1,0
0x4047fc,88.8889%,2,16,18,16,0,2,0
0x406f72,33.3333%,2,1,3,0,2,0,1
0x41a5b1,98.4375%,2,126,128,0,0,2,126
0x409845,99.9659%,2,5866,5868,0,0,2,5866
0x401cbf,99.8355%,2,1214,1216,0,0,2,1214
0x410856,99.5465%,2,439,441,0,0,2,439
0x40702c,77.7778%,2,7,9,7,1,1,0
0x40da78,98.5294%,1,67,68,67,0,1,0
0x4033bb,99.9111%,1,1124,1125,0,0,1,1124
0x40da98,88.8889%,1,8,9,8,0,1,0
0x412466,99.8672%,1,752,753,0,0,1,752
0x40c33a,99.983%,1,5883,5884,0,0,1,5883
0x4155bf,99.9935%,1,15464,15465,0,0,1,15464
0x413011,99.9968%,1,30923,30924,30923,1,0,0
0x4033d1,99.9901%,1,10124,10125,0,0,1,10124
0x4173e2,50%,1,1,2,1,0,1,0
0x40311e,96.6667%,1,29,30,0,0,1,29
0x411d6a,99.9958%,1,23982,23983,0,0,1,23982
0x406fee,66.6667%,1,2,3,2,0,1,0
0x41ab0a,99.9988%,1,80144,80145,0,0,1,80144
0x407189,0%,1,0,1,0,0,1,0
0x40d866,99.9072%,1,1077,1078,0,0,1,1077
0x414135,99.4792%,1,191,192,128,0,1,63
0x406ef8,0%,1,0,1,0,0,1,0
0x46fe67,99.6296%,1,269,270,0,0,1,269
0x403af3,75%,1,3,4,0,0,1,3
0x41041a,99.9898%,1,9820,9821,0,0,1,9820
0x40f3f5,93.3333%,1,14,15,0,0,1,14
0x413418,99.9809%,1,5228,5229,0,0,1,5228
0x4045e0,85.7143%,1,6,7,2,0,1,4
0x41124a,99.9953%,1,21143,21144,0,0,1,21143
0x413640,99.1935%,1,123,124,0,0,1,123
0x413f9b,98.3871%,1,61,62,61,1,0,0
0x417a22,98.4375%,1,63,64,0,0,1,63
0x417872,99.8276%,1,579,580,0,0,1,579
0x40b1a9,99.6139%,1,258,259,0,0,1,258
0x411966,99.7955%,1,488,489,0,0,1,488
0x41a512,99.2188%,1,127,128,0,0,1,127
0x406fcd,66.6667%,1,2,3,0,0,1,2
0x405879,99.9111%,1,1124,1125,0,0,1,1124
0x41b4df,99.9667%,1,2999,3000,1000,0,1,1999
0x40e91b,99.8264%,1,575,576,0,0,1,575
0x40eb20,98.4375%,1,63,64,0,0,1,63
0x4045cf,85.7143%,1,6,7,2,1,0,4
0x40e74b,99.0566%,1,105,106,0,0,1,105
0x417adb,50%,1,1,2,0,0,1,1
0x411bef,99.9961%,1,25893,25894,0,0,1,25893
0x4140b8,99.4792%,1,191,192,127,1,0,64
0x45a30d,99.9988%,1,80396,80397,0,0,1,80396
0x40dde9,99.9623%,1,2654,2655,0,0,1,2654
0x458da8,99.9988%,1,80396,80397,0,0,1,80396
0x40a94c,99.9111%,1,1124,1125,0,0,1,1124
0x40ae85,99.9831%,1,5913,5914,0,0,1,5913
0x458d75,99.9988%,1,80396,80397,0,0,1,80396
0x409ba4,99.9909%,1,10989,10990,0,0,1,10989
0x41aaec,99.9988%,1,80144,80145,0,0,1,80144
0x407aed,98.3607%,1,60,61,0,0,1,60
0x458e39,99.9988%,1,80396,80397,0,0,1,80396
0x40d001,99.7024%,1,335,336,0,0,1,335
0x45c9d3,99.9988%,1,80396,80397,0,0,1,80396
0x407125,66.6667%,1,2,3,0,0,1,2
0x41153a,99.9963%,1,27143,27144,0,0,1,27143
0x412da1,99.995%,1,19907,19908,19907,1,0,0
0x40b0a6,99.8968%,1,968,969,646,0,1,322
0x412f2c,99.9967%,1,30173,30174,0,0,1,30173
0x415bf8,98.2759%,1,57,58,57,1,0,0
0x40e6b0,99.661%,1,294,295,294,1,0,0
0x40b81e,99.9831%,1,5922,5923,0,0,1,5922
0x40e898,99.9807%,1,5183,5184,0,0,1,5183
0x46fe6e,99.6296%,1,269,270,0,0,1,269
0x40eacf,99.9807%,1,5183,5184,0,0,1,5183
0x45c3bb,99.9988%,1,80396,80397,0,0,1,80396
0x40c9a6,99.7101%,1,344,345,0,0,1,344
0x41abe6,99.9994%,1,160291,160292,80145,1,0,80146
0x415cdf,99.4253%,1,173,174,0,0,1,173
0x411bdb,99.67%,1,302,303,0,0,1,302
0x40f258,99.9371%,1,1589,1590,0,0,1,1589
0x458e2f,99.9988%,1,80396,80397,80396,1,0,0
0x41110a,100%,0,23606,23606,0,0,0,23606
0x40f3a9,100%,0,60,60,60,0,0,0
0x413fa9,100%,0,64,64,0,0,0,64
0x413a10,100%,0,124,124,0,0,0,124
0x413795,100%,0,124,124,0,0,0,124
0x40f3bd,100%,0,58,58,0,0,0,58
0x4148bc,100%,0,128,128,0,0,0,128
0x414c85,100%,0,128,128,0,0,0,128
0x40193f,100%,0,64,64,0,0,0,64
0x41a53e,100%,0,128,128,0,0,0,128
0x40baa5,100%,0,810,810,810,0,0,0
0x41a4bb,100%,0,128,128,0,0,0,128
0x413cc5,100%,0,62,62,0,0,0,62
0x41247a,100%,0,8601,8601,0,0,0,8601
0x45a86d,100%,0,80397,80397,80397,0,0,0
0x4014d7,100%,0,666,666,0,0,0,666
0x40b5a7,100%,0,5923,5923,0,0,0,5923
0x45a20a,100%,0,80397,80397,0,0,0,80397
0x41b116,100%,0,1000,1000,1000,0,0,0
0x458de7,100%,0,80397,80397,0,0,0,80397
0x40eb54,100%,0,576,576,0,0,0,576
0x40c889,100%,0,14341,14341,0,0,0,14341
0x4079c7,100%,0,344,344,0,0,0,344
0x40da23,100%,0,71,71,0,0,0,71
0x40297e,100%,0,3,3,0,0,0,3
0x40c2cf,100%,0,13893,13893,0,0,0,13893
0x40b9a6,100%,0,261,261,0,0,0,261
0x40da9d,100%,0,1,1,1,0,0,0
0x41b5a8,100%,0,1000,1000,0,0,0,1000
0x412330,100%,0,14577,14577,0,0,0,14577
0x402828,100%,0,29,29,1,0,0,28
0x458dc9,100%,0,80397,80397,80397,0,0,0
0x407641,100%,0,909,909,0,0,0,909
0x40633a,100%,0,909,909,0,0,0,909
0x40631e,100%,0,909,909,0,0,0,909
0x410aeb,100%,0,255,255,0,0,0,255
0x405a46,100%,0,909,909,0,0,0,909
0x4046b5,100%,0,3,3,0,0,0,3
0x41a594,100%,0,128,128,0,0,0,128
0x406507,100%,0,12,12,0,0,0,12
0x415c10,100%,0,58,58,0,0,0,58
0x4045fd,100%,0,5,5,5,0,0,0
0x41a5a2,100%,0,128,128,128,0,0,0
0x40cbd8,100%,0,10125,10125,0,0,0,10125
0x412b69,100%,0,629,629,0,0,0,629
0x415707,100%,0,15465,15465,0,0,0,15465
0x411f12,100%,0,26032,26032,26032,0,0,0
0x45a235,100%,0,80397,80397,0,0,0,80397
0x40883c,100%,0,4474,4474,0,0,0,4474
0x40e88d,100%,0,576,576,0,0,0,576
0x41b3d7,100%,0,1000,1000,1000,0,0,0
0x4172fb,100%,0,2,2,0,0,0,2
0x458e3e,100%,0,80397,80397,80397,0,0,0
0x4179c4,100%,0,208,208,0,0,0,208
0x414a06,100%,0,128,128,0,0,0,128
0x415dd8,100%,0,174,174,0,0,0,174
0x4125b0,100%,0,11361,11361,0,0,0,11361
0x41aafc,100%,0,80145,80145,0,0,0,80145
0x45a267,100%,0,80397,80397,80397,0,0,0
0x45c3a3,100%,0,80397,80397,0,0,0,80397
0x40ea44,100%,0,231,231,0,0,0,231
0x4117ab,100%,0,606,606,0,0,0,606
0x40bf2a,100%,0,13895,13895,0,0,0,13895
0x40ac6a,100%,0,5914,5914,0,0,0,5914
0x4149e1,100%,0,128,128,0,0,0,128
0x40eab8,100%,0,64,64,0,0,0,64
0x403423,100%,0,125,125,0,0,0,125
0x41a558,100%,0,128,128,0,0,0,128
0x413b86,100%,0,372,372,0,0,0,372
0x40afde,100%,0,348,348,0,0,0,348
0x40ce17,100%,0,520,520,0,0,0,520
0x40351d,100%,0,1125,1125,0,0,0,1125
0x40bfcb,100%,0,13895,13895,0,0,0,13895
0x40d336,100%,0,67,67,67,0,0,0
0x407413,100%,0,1125,1125,0,0,0,1125
0x40ce88,100%,0,4680,4680,0,0,0,4680
0x458e0f,100%,0,80397,80397,80397,0,0,0
0x41b2ab,100%,0,1000,1000,0,0,0,1000
0x403b0a,100%,0,4,4,4,0,0,0
0x40e8d2,100%,0,64,64,0,0,0,64
0x40e984,100%,0,295,295,0,0,0,295
0x40e705,100%,0,2655,2655,0,0,0,2655
0x41a4c0,100%,0,128,128,128,0,0,0
0x40aa69,100%,0,5917,5917,0,0,0,5917
0x406575,100%,0,14,14,14,0,0,0
0x405caf,100%,0,6,6,0,0,0,6
0x4159e0,100%,0,58,58,0,0,0,58
0x407056,100%,0,1,1,0,0,0,1
0x40b73d,100%,0,5923,5923,0,0,0,5923
0x45a255,100%,0,80397,80397,0,0,0,80397
0x41b348,100%,0,1000,1000,0,0,0,1000
0x40354a,100%,0,1125,1125,0,0,0,1125
0x41056d,100%,0,3768,3768,0,0,0,3768
0x40af91,100%,0,5915,5915,0,0,0,5915
0x458d97,100%,0,80397,80397,0,0,0,80397
0x41abd9,100%,0,80146,80146,0,0,0,80146
0x45c3d5,100%,0,80397,80397,0,0,0,80397
0x40b849,100%,0,5923,5923,0,0,0,5923
0x417806,100%,0,241,241,0,0,0,241
0x40b045,100%,0,323,323,0,0,0,323
0x41b596,100%,0,1000,1000,0,0,0,1000
0x4131ac,100%,0,20586,20586,0,0,0,20586
0x41ac15,100%,0,80146,80146,0,0,0,80146
0x458d6d,100%,0,80397,80397,0,0,0,80397
0x45a275,100%,0,80397,80397,0,0,0,80397
0x401f1b,100%,0,2655,2655,0,0,0,2655
0x410cb6,100%,0,441,441,0,0,0,441
0x45c3d0,100%,0,80397,80397,0,0,0,80397
0x41136b,100%,0,532,532,0,0,0,532
0x40c57a,100%,0,14341,14341,0,0,0,14341
0x4154b6,100%,0,5155,5155,0,0,0,5155
0x409ced,100%,0,7526,7526,0,0,0,7526
0x40c22e,100%,0,13894,13894,0,0,0,13894
0x45c3c7,100%,0,80397,80397,0,0,0,80397
0x40b896,100%,0,432,432,0,0,0,432
