Branch PC,Accuracy,Mispredictions,Correct Predictions,Total,dir_t_pred_t,dir_t_pred_nt,dir_nt_pred_t,dir_nt_pred_nt
aggregate,98.5568%,367801,25117042,25484843,15593347,148939,218862,9523695
0x411cdb,94.9247%,53643,1003305,1056948,952839,16359,37284,50466
0x411480,93.385%,48609,686221,734830,605256,20072,28537,80965
0x41104e,94.4145%,37958,641619,679577,578891,13767,24191,62728
0x4120ef,96.5613%,26329,739336,765665,724852,6117,20212,14484
0x412e6e,97.7924%,23333,1033605,1056938,925106,10552,12781,108499
0x4118ce,94.3533%,23039,384966,408005,277626,9090,13949,107340
0x41321e,96.6502%,22764,656804,679568,594343,9720,13044,62461
0x410794,92.5306%,22106,273848,295954,225064,9344,12762,48784
0x4130f0,97.1163%,21190,713631,734821,635980,11931,9259,77651
0x412633,94.2146%,19022,309773,328795,43859,11127,7895,265914
0x412fb0,96.5282%,14165,393831,407996,292472,6031,8134,101359
0x412d38,98.1996%,13785,751870,765655,671629,6286,7499,80241
0x4134a1,96.8572%,9301,286644,295945,256408,4492,4809,30236
0x410c08,96.1713%,6728,168996,175724,97693,2517,4211,71303
0x410341,97.245%,5988,211364,217352,31492,3562,2426,179872
0x4135e8,98.4126%,3450,213893,217343,191002,1682,1768,22891
0x413360,99.1828%,1436,174279,175715,113690,488,948,60589
0x41ac73,94.4765%,1090,18644,19734,17045,521,569,1599
0x41ae23,95.127%,848,16554,17402,16517,37,811,37
0x4123df,97.7346%,786,33910,34696,32843,262,524,1067
0x41ad1f,90.3564%,736,6896,7632,6626,158,578,270
0x412629,99.1042%,710,78550,79260,15352,485,225,63198
0x41acba,98.5609%,284,19450,19734,15391,57,227,4059
0x41158a,99.8137%,204,109298,109502,42380,97,107,66918
0x4114c1,99.8347%,181,109321,109502,6119,125,56,103202
0x412645,99.9478%,143,273666,273809,8360,77,66,265306
0x411309,99.8412%,138,86772,86910,4610,90,48,82162
0x41108f,99.8447%,135,86784,86919,4617,84,51,82167
0x411923,99.8866%,131,115416,115547,115333,14,117,83
0x411cfc,99.8519%,130,87620,87750,2844,100,30,84776
0x411814,99.8931%,117,109376,109493,42418,53,64,66958
0x411b94,99.91%,104,115435,115539,115331,11,93,104
0x4103c4,99.654%,102,29376,29478,29332,7,95,44
0x41115f,99.8861%,99,86820,86919,26482,45,54,60338
0x4114dd,99.9061%,97,103161,103258,103054,7,90,107
0x41212f,99.7197%,89,31664,31753,30968,11,78,696
0x412660,99.8786%,86,70737,70823,65146,37,49,5591
0x40de8a,74.6914%,82,242,324,19,57,25,223
0x410a85,99.8732%,78,61459,61537,7957,31,47,53502
0x41175c,99.9245%,78,103172,103250,103046,10,68,126
0x411f7a,99.9116%,75,84722,84797,84350,22,53,372
0x4119ca,99.9398%,73,121216,121289,54734,33,40,66482
0x411b78,99.9415%,71,121209,121280,5685,56,15,115524
0x40c2fb,62.3656%,70,116,186,109,15,55,7
0x412fbe,99.8375%,69,42402,42471,5879,46,23,36523
0x40c657,63.4409%,68,118,186,108,16,52,10
0x40c953,64.5161%,66,120,186,109,15,51,11
0x410aa1,99.8805%,64,53485,53549,53387,17,47,98
0x401ce3,63.1579%,63,108,171,13,40,23,95
0x410c75,99.8931%,63,58880,58943,58794,8,55,86
0x411d18,99.9269%,62,84744,84806,84370,8,54,374
0x41223d,99.8271%,60,34636,34696,20531,22,38,14105
0x411907,99.9505%,60,121229,121289,5705,37,23,115524
0x410473,99.8317%,59,34995,35054,10306,32,27,24689
0x401dc4,65.4971%,59,112,171,102,21,38,10
0x412276,99.7129%,59,20494,20553,6124,34,25,14370
0x411c44,99.9522%,58,121222,121280,54742,19,39,66480
0x4110ab,99.9295%,58,82160,82218,82046,8,50,114
0x410fb4,99.9245%,57,75448,75505,23845,24,33,51603
0x410d1a,99.9245%,57,75457,75514,23846,29,28,51611
0x411740,99.9479%,57,109436,109493,6219,24,33,103217
0x41112e,99.9769%,57,246433,246490,164260,12,45,82173
0x409cdb,89.2857%,54,450,504,436,12,42,14
0x409b92,95%,54,1026,1080,946,14,40,80
0x40acc3,90.681%,52,506,558,496,0,52,10
0x4106ec,99.8516%,52,34993,35045,10301,31,21,24692
0x401d33,70.1754%,51,120,171,19,36,15,101
0x410c59,99.9325%,51,75463,75514,16535,36,15,58928
0x409b47,81.1111%,51,219,270,93,21,30,126
0x40b57b,91.0394%,50,508,558,495,1,49,13
0x41295a,99.8489%,50,33046,33096,18941,15,35,14105
0x402c4d,69.1358%,50,112,162,4,34,16,108
0x411dc7,99.943%,50,87700,87750,39655,21,29,48045
0x4113c4,99.9436%,49,86861,86910,26489,32,17,60372
0x412024,99.9442%,49,87691,87740,39642,27,22,48049
0x410edd,99.9351%,49,75456,75505,16548,22,27,58908
0x41241f,99.8441%,48,30744,30792,30134,7,41,610
0x409b7f,71.1538%,45,111,156,7,29,16,104
0x40c713,75.8065%,45,141,186,141,9,36,0
0x40e62a,86.1111%,45,279,324,277,11,34,2
0x40c3fc,76.3441%,44,142,186,4,32,12,138
0x4107ed,99.9285%,44,61502,61546,7970,19,25,53532
0x40c0b8,76.8817%,43,143,186,140,10,33,3
0x40bdac,76.8817%,43,143,186,0,36,7,143
0x4108ba,99.9318%,42,61504,61546,11931,32,10,49573
0x406c9b,80.5556%,42,174,216,86,19,23,88
0x40844d,90.5093%,41,391,432,380,4,37,11
0x40f66f,73.7179%,41,115,156,109,22,19,6
0x411325,99.9501%,41,82169,82210,82047,2,39,122
0x40218b,72.9167%,39,105,144,2,32,7,103
0x41155e,99.9877%,38,309539,309577,206312,7,31,103227
0x402745,73.6111%,38,106,144,6,28,10,100
0x40a83e,85.9259%,38,232,270,230,10,28,2
0x40ea00,88.5802%,37,287,324,287,1,36,0
0x41ae1d,99.7765%,37,16517,16554,3326,20,17,13191
0x40e266,88.5802%,37,287,324,287,1,36,0
0x40df85,88.5802%,37,287,324,286,2,35,1
0x40b317,94.2857%,36,594,630,559,9,27,35
0x40791d,86.6667%,36,234,270,224,16,20,10
0x40e107,88.8889%,36,288,324,288,0,36,0
0x40641f,91.6667%,36,396,432,369,15,21,27
0x412d46,99.9118%,35,39634,39669,4652,23,12,34982
0x4106ce,99.9604%,35,88239,88274,58788,16,19,29451
0x4121ae,99.9651%,33,94452,94485,62724,8,25,31728
0x40d122,85.8974%,33,201,234,197,11,22,4
0x411a06,99.9416%,32,54735,54767,4417,27,5,50318
0x40aa5c,94.9206%,32,598,630,566,2,30,32
0x41043e,99.9638%,32,88263,88295,58808,9,23,29455
0x406cc6,71.1712%,32,79,111,7,19,13,72
0x41249e,99.9651%,32,91693,91725,60930,3,29,30763
0x401f62,90.1235%,32,292,324,288,0,32,4
0x407353,85.6481%,31,185,216,184,8,23,1
0x403600,97.608%,31,1265,1296,1145,7,24,120
0x408837,92.8241%,31,401,432,371,13,18,30
0x4124bf,99.9094%,30,33075,33105,18947,15,15,14128
0x410b54,99.9512%,30,61507,61537,11942,15,15,49565
0x412c00,99.854%,30,20516,20546,6142,13,17,14374
0x411c1e,99.9916%,29,346391,346420,230873,8,21,115518
0x405c4d,86.5741%,29,187,216,187,5,24,0
0x412b00,99.9164%,29,34657,34686,2915,27,2,31742
0x411196,99.8907%,29,26498,26527,5909,19,10,20589
0x412372,99.9328%,29,43156,43185,28775,15,14,14381
0x40565c,79.4326%,29,112,141,0,17,12,112
0x409840,94.8029%,29,529,558,488,8,21,41
0x40ced1,95.5247%,29,619,648,570,6,23,49
0x404170,95.9064%,28,656,684,601,7,21,55
0x41199e,99.9919%,28,346413,346441,230883,11,17,115530
0x404bfc,80.2817%,28,114,142,114,10,18,0
0x415138,65.4321%,28,53,81,52,10,18,1
0x402577,80.5556%,28,116,144,115,11,17,1
0x411d8e,99.9894%,27,253963,253990,169173,11,16,84790
0x402c9d,97.5806%,27,1089,1116,983,9,18,106
0x410ef9,99.9542%,27,58908,58935,58795,2,25,113
0x40f6f2,82.6923%,27,129,156,67,11,16,62
0x40279d,97.2727%,27,963,990,870,10,17,93
0x40acb8,99.4823%,26,4996,5022,4455,9,17,541
0x40d861,90.0383%,26,235,261,225,7,19,10
0x40e061,99.1084%,26,2890,2916,2584,8,18,306
0x4033ed,98.2167%,26,1432,1458,1291,5,21,141
0x415803,73.1959%,26,71,97,44,18,8,27
0x401cae,67.9012%,26,55,81,51,11,15,4
0x4040f0,98.071%,25,1271,1296,1141,11,14,130
0x41088e,99.9844%,25,160498,160523,106960,6,19,53538
0x401d41,85.3801%,25,146,171,146,6,19,0
0x407a6d,86.6667%,24,156,180,151,9,15,5
0x40defd,98.9247%,24,2208,2232,1979,5,19,229
0x407968,69.6203%,24,55,79,10,20,4,45
0x4097ea,70.3704%,24,57,81,2,17,7,55
0x4064b6,87.8307%,23,166,189,165,3,20,1
0x406ced,72.9412%,23,62,85,43,13,10,19
0x411ffe,99.9909%,23,253943,253966,169153,16,7,84790
0x40aa4d,96.4561%,23,626,649,0,19,4,626
0x406c35,68.0556%,23,49,72,41,7,16,8
0x40bcce,96.4561%,23,626,649,0,19,4,626
0x405b15,63.4921%,23,40,63,3,12,11,37
0x40a977,85.8025%,23,139,162,139,5,18,0
0x401de2,59.6491%,23,34,57,30,8,15,4
0x4087ef,63.4921%,23,40,63,2,13,10,38
0x40332e,85.8025%,23,139,162,139,5,18,0
0x41336e,99.816%,22,11935,11957,4532,9,13,7403
0x410645,99.9253%,22,29448,29470,29333,1,21,115
0x4020fd,86.4198%,22,140,162,136,8,14,4
0x40473e,84.7222%,22,122,144,121,5,17,1
0x4089ff,92.1147%,22,257,279,237,11,11,20
0x401cf1,87.1345%,22,149,171,147,5,17,2
0x4157fb,72.8395%,22,59,81,0,19,3,59
0x409cc8,70.2703%,22,52,74,2,16,6,50
0x40b308,96.6102%,22,627,649,0,19,3,627
0x412bae,99.9767%,22,94439,94461,62709,8,14,31730
0x402a91,85.4167%,21,123,144,123,3,18,0
0x401a84,74.0741%,21,60,81,4,15,6,56
0x40e9f4,99.2798%,21,2895,2916,2587,5,16,308
0x40f2d5,78.125%,21,75,96,74,6,15,1
0x40775d,95.1389%,21,411,432,377,7,14,34
0x410d56,99.912%,21,23854,23875,4494,16,5,19360
0x4033f9,87.037%,21,141,162,141,3,18,0
0x407ac2,88.3333%,21,159,180,153,7,14,6
0x4083d5,46.1538%,21,18,39,17,14,7,1
0x406a70,74.0741%,21,60,81,2,17,4,58
0x409d27,72.7273%,21,56,77,43,11,10,13
0x409d02,72.3684%,21,55,76,48,7,14,7
0x410809,99.9608%,21,53536,53557,53408,1,20,128
0x4128a0,99.9318%,21,30763,30784,30131,5,16,632
0x407aa0,72.3684%,21,55,76,5,15,6,50
0x40d8db,86.9281%,20,133,153,130,6,14,3
0x4130fe,99.9246%,20,26501,26521,5911,14,6,20590
0x4103a8,99.9429%,20,35034,35054,5565,11,9,29469
0x40d62d,96.9136%,20,628,648,569,7,13,59
0x4040f5,86.1111%,20,124,144,124,6,14,0
0x4058a9,87.6543%,20,142,162,142,2,18,0
0x40e1e0,99.3141%,20,2896,2916,2591,1,19,305
0x4079ad,92.963%,19,251,270,232,8,11,19
0x409c9f,82.4074%,19,89,108,25,9,10,64
0x40840b,69.8413%,19,44,63,0,15,4,44
0x40e662,47.2222%,19,17,36,12,12,7,5
0x410629,99.9458%,19,35026,35045,5562,13,6,29464
0x4063e7,71.4286%,18,45,63,3,12,6,42
0x403c89,87.5%,18,126,144,126,0,18,0
0x401f4f,99.3827%,18,2898,2916,2585,7,11,313
0x40bcf4,91.1765%,18,186,204,134,8,10,52
0x407449,88.8889%,18,144,162,144,0,18,0
0x40cbf3,88.8889%,18,144,162,144,0,18,0
0x403690,96.9697%,18,576,594,523,5,13,53
0x40564b,73.913%,18,51,69,48,4,14,3
0x412b1c,99.9433%,18,31726,31744,30968,5,13,758
0x4021cd,98.1818%,18,972,990,873,7,11,99
0x40e8a8,97.5309%,18,711,729,635,13,5,76
0x412113,99.9481%,18,34678,34696,2932,11,7,31746
0x408a52,93.5484%,18,261,279,240,8,10,21
0x406d21,93.1034%,18,243,261,224,8,10,19
0x409d70,85.4701%,17,100,117,100,4,13,0
0x41322c,99.9288%,17,23852,23869,4498,9,8,19354
0x4117ee,99.9945%,17,309539,309556,206297,9,8,103242
0x40743d,98.834%,17,1441,1458,1290,6,11,151
0x411e06,99.9572%,17,39659,39676,4667,11,6,34992
0x4104b6,99.8356%,17,10321,10338,6489,5,12,3832
0x4108f6,99.8579%,17,11946,11963,4533,11,6,7413
0x4115c6,99.9623%,16,42461,42477,5915,13,3,36546
0x409dc4,85.1852%,16,92,108,92,4,12,0
0x409bbc,86.6667%,16,104,120,104,2,14,0
0x40e71d,95.0617%,16,308,324,278,10,6,30
0x4084d5,76.1905%,15,48,63,48,6,9,0
0x41515a,81.4815%,15,66,81,66,6,9,0
0x4019ad,97.9424%,15,714,729,644,4,11,70
0x403c3c,77.2727%,15,51,66,51,1,14,0
0x407a87,76.9231%,15,50,65,10,10,5,40
0x40280d,84.8485%,15,84,99,84,4,11,0
0x402e2f,50%,15,15,30,4,4,11,11
0x4046f4,80.2632%,15,61,76,60,2,13,1
0x411eee,99.9857%,15,104979,104994,69985,11,4,34994
0x409d5f,72.2222%,15,39,54,37,4,11,2
0x410b2e,99.9907%,15,160487,160502,106950,3,12,53537
0x403608,90.2778%,14,130,144,126,4,10,4
0x40ddfd,95.679%,14,310,324,283,5,9,27
0x405b5d,96.7593%,14,418,432,379,5,9,39
0x40738b,82.716%,14,67,81,67,5,9,0
0x40c8fb,99.037%,13,1337,1350,1196,4,9,141
0x40227d,79.3651%,13,50,63,50,6,7,0
0x406b90,79.0323%,13,49,62,48,6,7,1
0x41139e,99.9947%,13,246456,246469,164254,5,8,82202
0x40763c,83.9506%,13,68,81,68,4,9,0
0x40a862,85.5556%,13,77,90,77,3,10,0
0x406209,79.3651%,13,50,63,49,5,8,1
0x408874,96.9907%,13,419,432,383,1,12,36
0x401ad6,83.9506%,13,68,81,67,5,8,1
0x40bcdd,97.9365%,13,617,630,421,5,8,196
0x407a57,55.1724%,13,16,29,2,7,6,14
0x40babf,83.9506%,13,68,81,67,5,8,1
0x404045,91.9753%,13,149,162,139,5,8,10
0x409acd,85.5556%,13,77,90,54,6,7,23
0x40736f,81.9444%,13,59,72,59,5,8,0
0x405a3e,83.9506%,13,68,81,65,7,6,3
0x406335,85.1852%,12,69,81,69,3,9,0
0x4134b7,99.8839%,12,10320,10332,6487,4,8,3833
0x401b23,85.1852%,12,69,81,69,3,9,0
0x40d1cf,66.6667%,12,24,36,24,8,4,0
0x40f325,87.3684%,12,83,95,57,7,5,26
0x412884,99.9637%,12,33084,33096,2304,8,4,30780
0x40d3ca,83.3333%,12,60,72,60,4,8,0
0x416203,85.1852%,12,69,81,69,3,9,0
0x409965,80.6452%,12,50,62,50,2,10,0
0x4078de,69.2308%,12,27,39,0,9,3,27
0x412ccd,99.9861%,12,86334,86346,43163,10,2,43171
0x40eb5e,85.1852%,12,69,81,68,4,8,1
0x40ca9e,85.1852%,12,69,81,69,3,9,0
0x40f2a3,87.5%,12,84,96,56,8,4,28
0x40a96b,99.177%,12,1446,1458,1291,5,7,155
0x40950d,70%,12,28,40,28,3,9,0
0x40f685,52%,12,13,25,10,6,6,3
0x409bb7,98.8889%,12,1068,1080,958,2,10,110
0x403545,92.5926%,12,150,162,142,2,10,8
0x409574,80.9524%,12,51,63,51,3,9,0
0x40ead4,98.4911%,11,718,729,645,3,8,73
0x410cee,99.9938%,11,176677,176688,117743,2,9,58934
0x41a638,93.2099%,11,151,162,137,7,4,14
0x40e92a,86.4198%,11,70,81,66,6,5,4
0x40eadd,86.4198%,11,70,81,70,2,9,0
0x4157c7,95.4733%,11,232,243,158,4,7,74
0x40a88e,86.4198%,11,70,81,70,2,9,0
0x4089f0,72.5%,11,29,40,0,9,2,29
0x40b22f,86.4198%,11,70,81,70,2,9,0
0x40db1a,84.7222%,11,61,72,61,3,8,0
0x4124f6,99.9473%,10,18952,18962,5194,3,7,13758
0x415d96,44.4444%,10,8,18,8,4,6,0
0x41ad47,99.8821%,10,8470,8480,7630,2,8,840
0x407765,79.1667%,10,38,48,1,7,3,37
0x40689c,64.2857%,10,18,28,15,6,4,3
0x4131cd,99.9919%,10,123566,123576,61783,5,5,61783
0x40eb12,87.6543%,10,71,81,65,7,3,6
0x41298f,99.9472%,10,18946,18956,5192,3,7,13754
0x406482,64.2857%,10,18,28,0,7,3,18
0x41059e,99.9133%,10,11522,11532,7685,3,7,3837
0x40d884,65.5172%,10,19,29,1,6,4,18
0x4109f2,99.9551%,10,22247,22257,14831,7,3,7416
0x402ef2,65.5172%,10,19,29,19,7,3,0
0x40d19e,91.453%,10,107,117,102,2,8,5
0x401df5,87.6543%,10,71,81,70,2,8,1
0x41330e,99.9828%,10,58076,58086,38721,3,7,19355
0x40b570,99.8009%,10,5012,5022,4462,2,8,550
0x405c10,68.75%,10,22,32,1,7,3,21
0x40af3a,98.2079%,10,548,558,494,2,8,54
0x412bcc,99.9712%,10,34676,34686,20540,6,4,14136
0x40f714,62.963%,10,17,27,13,5,5,4
0x41b3c3,86.1111%,10,62,72,62,2,8,0
0x4068d3,84.127%,10,53,63,51,3,7,2
0x4019b9,87.6543%,10,71,81,71,1,9,0
0x40645c,81.25%,9,39,48,36,5,4,3
0x411f5e,99.9897%,9,87731,87740,2938,5,4,84793
0x40bfff,95.1613%,9,177,186,121,3,6,56
0x40d561,87.5%,9,63,72,63,1,8,0
0x409d0d,57.1429%,9,12,21,0,1,8,12
0x40e8b4,88.8889%,9,72,81,72,0,9,0
0x40d89e,59.0909%,9,13,22,4,1,8,9
0x408879,81.25%,9,39,48,38,1,8,1
0x402d90,50%,9,9,18,7,5,4,2
0x40c9fb,50%,9,9,18,9,4,5,0
0x4057b5,50%,9,9,18,4,8,1,5
0x401dd6,94.7368%,9,162,171,108,6,3,54
0x40d145,65.3846%,9,17,26,2,5,4,15
0x412e7c,99.9836%,9,54752,54761,4433,8,1,50319
0x40bf9f,99.3333%,9,1341,1350,1198,2,7,143
0x410e52,99.9845%,9,58086,58095,38725,5,4,19361
0x412853,99.9676%,8,24657,24665,1,6,2,24656
0x4015c1,90.1235%,8,73,81,68,4,4,5
0x41344e,99.964%,8,22240,22248,14827,5,3,7413
0x4027e0,42.8571%,8,6,14,0,3,5,6
0x40d37d,69.2308%,8,18,26,15,6,2,3
0x4079b2,73.3333%,8,22,30,2,5,3,20
0x40589d,99.4513%,8,1450,1458,1289,7,1,161
0x4061a4,75%,8,24,32,24,2,6,0
0x412403,99.9758%,8,33097,33105,2308,5,3,30789
0x412cde,99.9815%,8,43165,43173,28781,1,7,14384
0x406b8b,98.5663%,8,550,558,493,3,5,57
0x409c5b,77.7778%,8,28,36,19,5,3,9
0x40aada,98.5663%,8,550,558,491,5,3,59
0x4133c1,99.964%,8,22240,22248,22240,8,0,0
0x405c52,66.6667%,8,16,24,16,4,4,0
0x412a5f,99.9806%,8,41275,41283,27518,4,4,13757
0x40c5ef,99.4074%,8,1342,1350,1194,6,2,148
0x411f12,99.9909%,8,87742,87750,87742,8,0,0
0x40f41e,74.1935%,8,23,31,23,2,6,0
0x46fec2,60%,8,12,20,12,4,4,0
0x40b7f2,98.5663%,8,550,558,493,3,5,57
0x40cbe7,99.4513%,8,1450,1458,1290,6,2,160
0x40d632,90.2778%,7,65,72,64,3,4,1
0x417892,22.2222%,7,2,9,2,4,3,0
0x41359e,99.9393%,7,11516,11523,7679,3,4,3837
0x40d8e0,58.8235%,7,10,17,9,4,3,1
0x402f0f,41.6667%,7,5,12,4,7,0,1
0x40ca95,61.1111%,7,11,18,11,5,2,0
0x406b35,98.7455%,7,551,558,367,5,2,184
0x40ea11,80.5556%,7,29,36,29,3,4,0
0x40e67f,41.6667%,7,5,12,5,3,4,0
0x409df7,80.5556%,7,29,36,28,4,3,1
0x4022cc,22.2222%,7,2,9,2,5,2,0
0x402c5c,94.3548%,7,117,124,0,0,7,117
0x411edd,99.9967%,7,209981,209988,104992,2,5,104989
0x40df9f,80.5556%,7,29,36,29,3,4,0
0x40daca,75.8621%,7,22,29,19,5,2,3
0x40cada,22.2222%,7,2,9,0,6,1,2
0x402e51,68.1818%,7,15,22,0,5,2,15
0x40f702,91.358%,7,74,81,50,4,3,24
0x402e9d,74.0741%,7,20,27,20,4,3,0
0x409c15,70%,6,14,20,1,3,3,13
0x408a57,80.6452%,6,25,31,24,5,1,1
0x407aff,79.3103%,6,23,29,21,1,5,2
0x40417c,92.1053%,6,70,76,70,2,4,0
0x403015,33.3333%,6,3,9,1,5,1,2
0x41b506,25%,6,2,8,2,6,0,0
0x408b5a,33.3333%,6,3,9,1,2,4,2
0x413d30,33.3333%,6,3,9,3,5,1,0
0x40cf0a,86.6667%,6,39,45,39,1,5,0
0x407606,33.3333%,6,3,9,0,0,6,3
0x4125dd,99.9927%,6,82584,82590,41292,3,3,41292
0x40ced6,91.6667%,6,66,72,66,1,5,0
0x405b65,87.5%,6,42,48,40,2,4,2
0x40de09,83.3333%,6,30,36,30,2,4,0
0x408b27,77.7778%,6,21,27,21,3,3,0
0x4086ee,92.5926%,6,75,81,71,1,5,4
0x41309e,99.9945%,6,109632,109638,73090,2,4,36542
0x4155fc,97.5309%,6,237,243,161,1,5,76
0x40d914,83.3333%,6,30,36,30,2,4,0
0x41153a,99.9942%,6,103252,103258,0,0,6,103252
0x4116c2,99.9945%,6,109641,109647,73093,5,1,36548
0x402e78,64.7059%,6,11,17,11,3,3,0
0x41b250,62.5%,6,10,16,0,0,6,10
0x408b7c,77.7778%,6,21,27,21,3,3,0
0x40d66e,86.6667%,6,39,45,39,1,5,0
0x40c9a2,90.3226%,6,56,62,56,4,2,0
0x46fde4,93.3333%,5,70,75,0,3,2,70
0x41343d,99.9888%,5,44491,44496,22248,0,5,22243
0x417904,44.4444%,5,4,9,4,4,1,0
0x40cbff,72.2222%,5,13,18,13,3,2,0
0x417792,44.4444%,5,4,9,0,0,5,4
0x40224b,44.4444%,5,4,9,1,1,4,3
0x40f567,93.8272%,5,76,81,76,2,3,0
0x40b2cf,93.8272%,5,76,81,0,0,5,76
0x409c20,68.75%,5,11,16,0,1,4,11
0x46fda7,93.4211%,5,71,76,1,3,2,70
0x403111,44.4444%,5,4,9,4,4,1,0
0x41197a,99.9957%,5,115542,115547,0,0,5,115542
0x41b59e,37.5%,5,3,8,0,0,5,3
0x40d1a3,61.5385%,5,8,13,7,2,3,1
0x40369c,92.4242%,5,61,66,61,1,4,0
0x410856,96.6216%,5,143,148,0,0,5,143
0x414625,72.2222%,5,13,18,13,3,2,0
0x409d75,61.5385%,5,8,13,8,5,0,0
0x41127e,99.9919%,5,61792,61797,41196,2,3,20596
0x40f72e,44.4444%,5,4,9,3,3,2,1
0x412e2e,99.9952%,5,104977,104982,69986,2,3,34991
0x40571c,44.4444%,5,4,9,4,4,1,0
0x40b186,16.6667%,5,1,6,1,3,2,0
0x40e729,86.1111%,5,31,36,31,1,4,0
0x415107,44.4444%,5,4,9,4,4,1,0
0x4116ad,99.9977%,5,219289,219294,109643,4,1,109646
0x41afda,37.5%,5,3,8,3,5,0,0
0x410b02,99.9907%,5,53544,53549,0,0,5,53544
0x40ca1a,72.2222%,5,13,18,12,4,1,1
0x40e146,86.1111%,5,31,36,31,1,4,0
0x414e6e,55.5556%,4,5,9,5,3,1,0
0x409960,99.2832%,4,554,558,493,3,1,61
0x41621d,55.5556%,4,5,9,5,3,1,0
0x405c98,63.6364%,4,7,11,0,4,0,7
0x402595,77.7778%,4,14,18,14,2,2,0
0x401f73,88.8889%,4,32,36,32,0,4,0
0x40e2ad,88.8889%,4,32,36,32,0,4,0
0x40b175,33.3333%,4,2,6,2,4,0,0
0x415da7,33.3333%,4,2,6,0,4,0,2
0x412f5e,99.9974%,4,150956,150960,100636,4,0,50320
0x407ae8,88.8889%,4,32,36,32,0,4,0
0x40eb0d,55.5556%,4,5,9,0,0,4,5
0x407ac7,80%,4,16,20,14,2,2,2
0x40d761,20%,4,1,5,0,0,4,1
0x415de5,33.3333%,4,2,6,2,0,4,0
0x40f39a,87.0968%,4,27,31,27,4,0,0
0x40561d,77.7778%,4,14,18,14,2,2,0
0x412832,99.9879%,4,33100,33104,8437,0,4,24663
0x4027b2,96.3636%,4,106,110,106,2,2,0
0x40bc57,95.0617%,4,77,81,0,0,4,77
0x40e568,98.7654%,4,320,324,320,4,0,0
0x401dbd,92.9825%,4,53,57,0,0,4,53
0x41b0d7,50%,4,4,8,0,0,4,4
0x412f4d,99.9987%,4,301916,301920,150959,1,3,150957
0x40b95b,33.3333%,4,2,6,2,2,2,0
0x411aed,99.9987%,4,301934,301938,150967,2,2,150967
0x404d3c,94.2857%,4,66,70,65,1,3,1
0x458d6d,99.5305%,4,848,852,0,0,4,848
0x4158e4,95.0617%,4,77,81,75,4,0,2
0x41ae54,99.7642%,4,1692,1696,845,3,1,847
0x404f46,0%,4,0,4,0,0,4,0
0x41b22e,50%,4,4,8,4,4,0,0
0x40dde9,88.8889%,4,32,36,0,0,4,32
0x41b4df,83.3333%,4,20,24,8,0,4,12
0x409bf9,71.4286%,4,10,14,9,0,4,1
0x401d72,78.9474%,4,15,19,0,0,4,15
0x41b4e4,93.75%,4,60,64,60,4,0,0
0x413c8f,33.3333%,4,2,6,0,4,0,2
0x45a255,99.5305%,4,848,852,0,0,4,848
0x4131de,99.9935%,4,61784,61788,41188,4,0,20596
0x40b986,33.3333%,4,2,6,0,4,0,2
0x414025,55.5556%,4,5,9,5,3,1,0
0x4132fd,99.9966%,4,116168,116172,58082,4,0,58086
0x413ff5,55.5556%,4,5,9,5,3,1,0
0x4056cd,55.5556%,4,5,9,5,3,1,0
0x40d15f,78.9474%,4,15,19,2,4,0,13
0x40ba93,33.3333%,4,2,6,0,4,0,2
0x40acef,93.5484%,4,58,62,0,0,4,58
0x40f2b3,95.3125%,3,61,64,31,1,2,30
0x41110a,99.9964%,3,82215,82218,0,0,3,82215
0x402f3f,66.6667%,3,6,9,6,2,1,0
0x40b394,99.4624%,3,555,558,495,1,2,60
0x4055be,83.3333%,3,15,18,13,3,0,2
0x410f4b,97.8261%,3,135,138,0,0,3,135
0x4146ca,83.3333%,3,15,18,9,3,0,6
0x4177a3,66.6667%,3,6,9,6,2,1,0
0x40a95c,98.1481%,3,159,162,0,0,3,159
0x412e1d,99.9986%,3,209961,209964,104979,3,0,104982
0x4064c2,85.7143%,3,18,21,18,1,2,0
0x40621c,66.6667%,3,6,9,6,2,1,0
0x41358d,99.987%,3,23043,23046,11523,0,3,11520
0x407aed,25%,3,1,4,0,0,3,1
0x40eaeb,66.6667%,3,6,9,6,2,1,0
0x40e7ee,25%,3,1,4,1,2,1,0
0x417931,66.6667%,3,6,9,5,3,0,1
0x40e9d8,91.6667%,3,33,36,0,0,3,33
0x41b0e0,62.5%,3,5,8,0,0,3,5
0x40ca04,76.9231%,3,10,13,10,3,0,0
0x4179e3,66.6667%,3,6,9,6,0,3,0
0x40f258,57.1429%,3,4,7,0,0,3,4
0x409924,99.4624%,3,555,558,370,2,1,185
0x4129d1,99.9927%,3,41280,41283,41280,3,0,0
0x4105c3,99.9914%,3,35051,35054,35051,3,0,0
0x4152f8,96.2963%,3,78,81,0,0,3,78
0x40bd0d,98.3871%,3,183,186,0,0,3,183
0x40a983,83.3333%,3,15,18,15,1,2,0
0x41235d,99.9965%,3,86367,86370,43184,1,2,43183
0x41292e,99.9967%,3,91701,91704,60920,0,3,30781
0x40eb1b,66.6667%,3,6,9,6,2,1,0
0x41086a,99.9944%,3,53554,53557,0,0,3,53554
0x40c22e,98%,3,147,150,0,0,3,147
0x4030b3,66.6667%,3,6,9,3,3,0,3
0x415548,98.7654%,3,240,243,0,0,3,240
0x40c2a3,99.7778%,3,1347,1350,1197,3,0,150
0x40633a,66.6667%,3,6,9,0,0,3,6
0x409582,66.6667%,3,6,9,6,2,1,0
0x4117bf,99.9971%,3,103247,103250,0,0,3,103247
0x40f692,66.6667%,3,6,9,6,2,1,0
0x415d63,50%,3,3,6,0,0,3,3
0x46fdac,96%,3,72,75,72,3,0,0
0x403273,66.6667%,3,6,9,6,1,2,0
0x40d414,62.5%,3,5,8,5,2,1,0
0x458d63,99.6479%,3,849,852,0,0,3,849
0x403266,0%,3,0,3,0,0,3,0
0x409d32,86.9565%,3,20,23,0,1,2,20
0x4128ef,99.537%,3,645,648,0,0,3,645
0x403284,66.6667%,3,6,9,5,1,2,1
0x40f124,66.6667%,3,6,9,6,2,1,0
0x4126d1,66.6667%,3,6,9,6,2,1,0
0x4021d2,97.2727%,3,107,110,107,1,2,0
0x405ca7,57.1429%,3,4,7,4,3,0,0
0x407455,83.3333%,3,15,18,15,1,2,0
0x41058d,99.987%,3,23061,23064,11529,3,0,11532
0x40199e,96.2963%,3,78,81,0,0,3,78
0x4038a6,25%,3,1,4,0,0,3,1
0x4084e1,66.6667%,3,6,9,6,2,1,0
0x402de7,76.9231%,3,10,13,7,2,1,3
0x40eacf,96.2963%,3,78,81,0,0,3,78
0x4030a2,66.6667%,3,6,9,5,2,1,1
0x402eb9,66.6667%,3,6,9,0,0,3,6
0x4026aa,83.3333%,3,15,18,0,0,3,15
0x414270,66.6667%,3,6,9,5,3,0,1
0x415166,66.6667%,3,6,9,6,2,1,0
0x41a64a,83.3333%,3,15,18,15,1,2,0
0x4110f6,98.1707%,3,161,164,0,0,3,161
0x41af9a,62.5%,3,5,8,0,0,3,5
0x41126d,99.9976%,3,123591,123594,61795,2,1,61796
0x41b26f,62.5%,3,5,8,5,3,0,0
0x402819,72.7273%,3,8,11,8,3,0,0
0x40573c,66.6667%,3,6,9,6,2,1,0
0x4155e6,99.5885%,3,726,729,484,2,1,242
0x40c57a,98%,3,147,150,0,0,3,147
0x4026a5,98.1481%,3,159,162,142,2,1,17
0x401eb4,25%,3,1,4,0,0,3,1
0x4111e1,99.9951%,3,61794,61797,61794,3,0,0
0x410e10,99.9948%,3,58092,58095,0,0,3,58092
0x40340f,83.3333%,3,15,18,15,1,2,0
0x410689,97.7941%,3,133,136,0,0,3,133
0x4154b6,96.2963%,3,78,81,0,0,3,78
0x41267d,99.9909%,3,33102,33105,33102,2,1,0
0x40f593,0%,3,0,3,0,3,0,0
0x4058b5,88.8889%,2,16,18,16,0,2,0
0x405360,50%,2,2,4,2,0,2,0
0x402ea9,33.3333%,2,1,3,1,1,1,0
0x4064d8,33.3333%,2,1,3,1,1,1,0
0x4045cf,0%,2,0,2,0,0,2,0
0x46fe4f,50%,2,2,4,2,1,1,0
0x41b449,97.2222%,2,70,72,47,1,1,23
0x4031d6,77.7778%,2,7,9,5,1,1,2
0x41482e,66.6667%,2,4,6,4,0,2,0
0x410961,99.991%,2,22255,22257,22255,2,0,0
0x40b215,33.3333%,2,1,3,1,2,0,0
0x4179d3,77.7778%,2,7,9,0,0,2,7
0x40334d,88.8889%,2,16,18,16,0,2,0
0x414055,77.7778%,2,7,9,7,1,1,0
0x401f94,50%,2,2,4,0,2,0,2
0x4141b4,33.3333%,2,1,3,1,1,1,0
0x4052c1,50%,2,2,4,0,0,2,2
0x407460,0%,2,0,2,0,1,1,0
0x402ece,77.7778%,2,7,9,7,1,1,0
0x40e73a,50%,2,2,4,0,0,2,2
0x405429,0%,2,0,2,0,0,2,0
0x414a06,0%,2,0,2,0,0,2,0
0x40b896,0%,2,0,2,0,0,2,0
0x41b181,75%,2,6,8,6,2,0,0
0x40bcc9,99.1031%,2,221,223,0,0,2,221
0x4048c9,88.8889%,2,16,18,16,0,2,0
0x41b00c,75%,2,6,8,0,0,2,6
0x4109dd,99.9955%,2,44512,44514,22257,0,2,22255
0x4179f0,33.3333%,2,1,3,1,1,1,0
0x415c10,0%,2,0,2,0,0,2,0
0x41a667,0%,2,0,2,0,2,0,0
0x41069d,99.9932%,2,29468,29470,0,0,2,29468
0x404aa0,88.8889%,2,16,18,0,0,2,16
0x40c35d,98.9247%,2,184,186,0,0,2,184
0x40285c,85.7143%,2,12,14,12,0,2,0
0x41137f,99.9976%,2,82208,82210,0,0,2,82208
0x402688,88.8889%,2,16,18,0,0,2,16
0x40dd9d,50%,2,2,4,0,0,2,2
0x412b7d,99.9937%,2,31742,31744,0,0,2,31742
0x41b2b6,75%,2,6,8,6,2,0,0
0x4040ae,98.6111%,2,142,144,0,0,2,142
0x40401c,88.8889%,2,16,18,0,0,2,16
0x40a94c,88.8889%,2,16,18,0,0,2,16
0x404385,50%,2,2,4,0,0,2,2
0x402ae5,88.8889%,2,16,18,16,0,2,0
0x403e6c,88.8889%,2,16,18,16,0,2,0
0x4030bf,33.3333%,2,1,3,0,2,0,1
0x4116e9,99.9982%,2,109500,109502,109500,2,0,0
0x40e6b0,50%,2,2,4,2,2,0,0
0x402d0d,0%,2,0,2,0,0,2,0
0x41789f,33.3333%,2,1,3,1,1,1,0
0x41b5a8,75%,2,6,8,0,0,2,6
0x403423,0%,2,0,2,0,0,2,0
0x40b15b,66.6667%,2,4,6,3,1,1,1
0x40d920,50%,2,2,4,1,1,1,1
0x458e39,99.7653%,2,850,852,0,0,2,850
0x4131ac,99.9968%,2,61786,61788,0,0,2,61786
0x410aeb,98.6207%,2,143,145,0,0,2,143
0x410e3d,99.9983%,2,116188,116190,58094,1,1,58094
0x401b2c,77.7778%,2,7,9,7,1,1,0
0x40f2f5,33.3333%,2,1,3,1,1,1,0
0x40bab6,66.6667%,2,4,6,4,0,2,0
0x40c9ff,60%,2,3,5,3,2,0,0
0x411526,98.9848%,2,195,197,0,0,2,195
0x41218a,99.9937%,2,31751,31753,0,0,2,31751
0x412f2c,99.9987%,2,150958,150960,0,0,2,150958
0x411631,99.9982%,2,109645,109647,109645,2,0,0
0x46fed8,50%,2,2,4,2,1,1,0
0x40f1da,77.7778%,2,7,9,7,1,1,0
0x402102,88.8889%,2,16,18,0,0,2,16
0x4063f0,95.8333%,2,46,48,0,0,2,46
0x413caa,0%,2,0,2,0,1,1,0
0x40450c,50%,2,2,4,2,0,2,0
0x40ca7f,84.6154%,2,11,13,11,2,0,0
0x415cdf,66.6667%,2,4,6,0,0,2,4
0x411a71,99.9987%,2,150967,150969,150967,2,0,0
0x45a235,99.7653%,2,850,852,0,0,2,850
0x40da4a,0%,2,0,2,0,2,0,0
0x412176,99.7416%,2,772,774,0,0,2,772
0x40ca24,96.6667%,2,58,60,58,0,2,0
0x40cb1f,33.3333%,2,1,3,1,1,1,0
0x40ca76,88.8889%,2,16,18,13,0,2,3
0x40b885,96.7742%,2,60,62,60,0,2,0
0x408b14,50%,2,2,4,0,1,1,2
0x40ce12,97.2222%,2,70,72,64,0,2,6
0x409ba4,98.3333%,2,118,120,0,0,2,118
0x411bdb,98.9848%,2,195,197,0,0,2,195
0x4098af,96.7742%,2,60,62,0,0,2,60
0x411b02,99.9987%,2,150967,150969,100644,2,0,50323
0x46fdd3,97.3333%,2,73,75,0,0,2,73
0x40d1db,50%,2,2,4,2,0,2,0
0x408b38,33.3333%,2,1,3,0,0,2,1
0x406d2d,93.1034%,2,27,29,27,0,2,0
0x417734,77.7778%,2,7,9,7,1,1,0
0x406d49,60%,2,3,5,1,1,1,2
0x4073aa,77.7778%,2,7,9,6,2,0,1
0x415b4a,0%,2,0,2,0,2,0,0
0x415670,97.5309%,2,79,81,0,0,2,79
0x458e0f,99.7653%,2,850,852,850,2,0,0
0x412a4e,99.9976%,2,82564,82566,41283,0,2,41281
0x406b46,98.9247%,2,184,186,123,1,1,61
0x40afcd,96.7742%,2,60,62,60,0,2,0
0x40b8ec,0%,2,0,2,0,0,2,0
0x40b0c8,33.3333%,2,1,3,1,2,0,0
0x407a92,95.5556%,2,43,45,0,0,2,43
0x4086b8,77.7778%,2,7,9,0,0,2,7
0x41adab,99.9705%,2,6782,6784,6782,2,0,0
0x41ac10,99.8821%,2,1694,1696,847,1,1,847
0x4086f3,77.7778%,2,7,9,0,0,2,7
0x410e76,99.9974%,2,75512,75514,75512,2,0,0
0x414ffe,77.7778%,2,7,9,6,2,0,1
0x40f2eb,87.5%,2,14,16,13,0,2,1
0x4073bd,50%,1,1,2,0,0,1,1
0x4031f5,66.6667%,1,2,3,2,0,1,0
0x412a20,99.9976%,1,41282,41283,0,0,1,41282
0x40aa69,98.3871%,1,61,62,0,0,1,61
0x458dc9,99.8826%,1,851,852,851,1,0,0
0x46fe2a,75%,1,3,4,2,1,0,1
0x40b045,0%,1,0,1,0,0,1,0
0x4057c6,83.3333%,1,5,6,3,1,0,2
0x40e8c0,88.8889%,1,8,9,8,0,1,0
0x40b034,50%,1,1,2,1,0,1,0
0x40f432,83.3333%,1,5,6,4,1,0,1
0x405638,50%,1,1,2,0,1,0,1
0x401d08,94.7368%,1,18,19,0,0,1,18
0x40193f,0%,1,0,1,0,0,1,0
0x409938,99.4624%,1,185,186,123,1,0,62
0x410f8e,99.9994%,1,176666,176667,117731,1,0,58935
0x401aef,88.8889%,1,8,9,8,0,1,0
0x40ac6a,98.3871%,1,61,62,0,0,1,61
0x40cc13,50%,1,1,2,1,0,1,0
0x41ac79,99.9539%,1,2167,2168,2167,1,0,0
0x40b73d,98.3871%,1,61,62,0,0,1,61
0x40b226,66.6667%,1,2,3,1,1,0,1
0x41306c,99.9991%,1,109637,109638,0,0,1,109637
0x4019c5,88.8889%,1,8,9,8,0,1,0
0x41260c,99.997%,1,33104,33105,19027,1,0,14077
0x412ca6,99.9977%,1,43172,43173,0,0,1,43172
0x41a5b1,50%,1,1,2,0,0,1,1
0x412330,99.9977%,1,43184,43185,0,0,1,43184
0x401cbf,94.7368%,1,18,19,0,0,1,18
0x40b24f,88.8889%,1,8,9,8,0,1,0
0x40f315,0%,1,0,1,0,1,0,0
0x40351d,94.4444%,1,17,18,0,0,1,17
0x4132d8,99.9983%,1,58085,58086,0,0,1,58085
0x40ea3f,75%,1,3,4,0,1,0,3
0x45c3bb,99.8826%,1,851,852,0,0,1,851
0x405879,94.4444%,1,17,18,0,0,1,17
0x40f745,66.6667%,1,2,3,2,0,1,0
0x4031b9,66.6667%,1,2,3,0,0,1,2
0x402ca5,99.1935%,1,123,124,122,0,1,1
0x45a20a,99.8826%,1,851,852,0,0,1,851
0x40baa5,83.3333%,1,5,6,5,1,0,0
0x407a7e,95%,1,19,20,0,0,1,19
0x45c9d3,99.8826%,1,851,852,0,0,1,851
0x40e81e,0%,1,0,1,0,0,1,0
0x41afa6,87.5%,1,7,8,0,0,1,7
0x45a267,99.8826%,1,851,852,851,1,0,0
0x4035c3,99.3056%,1,143,144,0,0,1,143
0x45c3a3,99.8826%,1,851,852,0,0,1,851
0x4056ff,88.8889%,1,8,9,8,0,1,0
0x40c927,99.3333%,1,149,150,0,0,1,149
0x40302b,66.6667%,1,2,3,2,0,1,0
0x41308d,99.9995%,1,219275,219276,109637,1,0,109638
0x407922,96.6667%,1,29,30,0,0,1,29
0x413a10,50%,1,1,2,0,0,1,1
0x45c9ec,99.8826%,1,851,852,851,1,0,0
0x410dc1,99.9983%,1,58094,58095,58094,1,0,0
0x417a8b,0%,1,0,1,0,1,0,0
0x40b0eb,50%,1,1,2,0,0,1,1
0x401e2c,88.8889%,1,8,9,8,0,1,0
0x40a8ad,88.8889%,1,8,9,8,0,1,0
0x401f1b,97.2222%,1,35,36,0,0,1,35
0x46fe6e,75%,1,3,4,0,0,1,3
0x411fc9,99.7647%,1,424,425,0,0,1,424
0x40994d,98.3871%,1,61,62,0,0,1,61
0x40d5df,98.6111%,1,71,72,0,0,1,71
0x41136b,99.3789%,1,160,161,0,0,1,160
0x40b1fb,66.6667%,1,2,3,1,1,0,1
0x40de9b,99.5968%,1,247,248,0,0,1,247
0x41b116,87.5%,1,7,8,7,1,0,0
0x409845,98.3871%,1,61,62,0,0,1,61
0x412466,99.8464%,1,650,651,0,0,1,650
0x4097f3,98.3871%,1,61,62,0,0,1,61
0x41b281,87.5%,1,7,8,7,1,0,0
0x410cb6,99.2908%,1,140,141,0,0,1,140
0x413281,99.9983%,1,58085,58086,58085,1,0,0
0x408b65,83.3333%,1,5,6,0,0,1,5
0x458e2f,99.8826%,1,851,852,851,1,0,0
0x414d9b,50%,1,1,2,1,0,1,0
0x406932,88.8889%,1,8,9,8,0,1,0
0x41b015,87.5%,1,7,8,0,0,1,7
0x413795,50%,1,1,2,0,0,1,1
0x408a76,66.6667%,1,2,3,1,1,0,1
0x40e984,75%,1,3,4,0,0,1,3
0x40f309,0%,1,0,1,0,0,1,0
0x405823,50%,1,1,2,0,0,1,1
0x40eb00,0%,1,0,1,0,0,1,0
0x40eac7,88.8889%,1,8,9,0,0,1,8
0x417a0c,0%,1,0,1,0,0,1,0
0x412da1,99.999%,1,104981,104982,104981,1,0,0
0x405672,0%,1,0,1,0,1,0,0
0x4064e7,0%,1,0,1,0,1,0,0
0x40db5c,87.5%,1,7,8,7,0,1,0
0x40ba41,50%,1,1,2,0,0,1,1
0x40ff91,99.9959%,1,24667,24668,0,0,1,24667
0x402d9c,83.3333%,1,5,6,4,0,1,1
0x403290,66.6667%,1,2,3,1,1,0,1
0x40631e,88.8889%,1,8,9,0,0,1,8
0x413770,50%,1,1,2,0,0,1,1
0x40d566,87.5%,1,7,8,0,0,1,7
0x41768b,0%,1,0,1,0,1,0,0
0x40d2da,50%,1,1,2,0,0,1,1
0x401b08,0%,1,0,1,0,0,1,0
0x41041a,99.9966%,1,29477,29478,0,0,1,29477
0x40d127,96.1538%,1,25,26,0,0,1,25
0x415435,98.7654%,1,80,81,0,0,1,80
0x40cdff,87.5%,1,7,8,0,0,1,7
0x40b1a9,0%,1,0,1,0,0,1,0
0x40ca7a,80%,1,4,5,4,1,0,0
0x4156eb,99.5885%,1,242,243,0,0,1,242
0x41795b,0%,1,0,1,0,0,1,0
0x405a46,88.8889%,1,8,9,0,0,1,8
0x407aab,98.2143%,1,55,56,0,0,1,55
0x413418,99.9955%,1,22247,22248,0,0,1,22247
0x41b25d,93.75%,1,15,16,7,1,0,8
0x45c9ca,99.8826%,1,851,852,0,0,1,851
0x40b324,98.3871%,1,61,62,0,0,1,61
0x41a53e,50%,1,1,2,0,0,1,1
0x41124a,99.9984%,1,61796,61797,0,0,1,61796
0x405b1e,97.9167%,1,47,48,0,0,1,47
0x406b4e,98.3871%,1,61,62,0,0,1,61
0x406abd,98.3871%,1,61,62,0,0,1,61
0x413151,99.9984%,1,61787,61788,61787,1,0,0
0x41afe7,87.5%,1,7,8,7,1,0,0
0x41578e,99.5885%,1,242,243,0,0,1,242
0x40563c,0%,1,0,1,0,0,1,0
0x412712,0%,1,0,1,0,0,1,0
0x40bae1,88.8889%,1,8,9,8,0,1,0
0x405a0a,88.8889%,1,8,9,0,0,1,8
0x40eb6a,88.8889%,1,8,9,8,0,1,0
0x40e936,88.8889%,1,8,9,8,0,1,0
0x415016,0%,1,0,1,0,1,0,0
0x41b178,87.5%,1,7,8,0,0,1,7
0x40eb72,0%,1,0,1,0,1,0,0
0x40d001,80%,1,4,5,0,0,1,4
0x410f62,99.9983%,1,58934,58935,0,0,1,58934
0x4058c6,50%,1,1,2,1,0,1,0
0x40b522,98.3871%,1,61,62,0,0,1,61
0x4015d6,88.8889%,1,8,9,8,0,1,0
0x4179c4,66.6667%,1,2,3,0,0,1,2
0x417924,88.8889%,1,8,9,0,0,1,8
0x40b198,50%,1,1,2,1,0,1,0
0x412c51,99.9977%,1,43172,43173,43172,1,0,0
0x4157b6,99.8628%,1,728,729,486,0,1,242
0x402289,85.7143%,1,6,7,6,1,0,0
0x40eab8,0%,1,0,1,0,0,1,0
0x4141ca,0%,1,0,1,0,1,0,0
0x4125f2,99.9976%,1,41294,41295,27529,1,0,13765
0x41ac15,99.8821%,1,847,848,0,0,1,847
0x405513,50%,1,1,2,1,1,0,0
0x412ac8,99.9971%,1,34685,34686,0,0,1,34685
0x45c9e3,99.8826%,1,851,852,0,0,1,851
0x4177e0,88.8889%,1,8,9,8,0,1,0
0x40e44b,99.6914%,1,323,324,0,0,1,323
0x411ac0,99.9993%,1,150968,150969,0,0,1,150968
0x40b0a6,66.6667%,1,2,3,2,0,1,0
0x40496a,100%,0,18,18,0,0,0,18
0x40e8d2,100%,0,1,1,0,0,0,1
0x40a8f6,100%,0,2,2,0,0,0,2
0x40588e,100%,0,162,162,0,0,0,162
0x4140b8,100%,0,3,3,2,0,0,1
0x415db0,100%,0,2,2,2,0,0,0
0x4155bf,100%,0,243,243,0,0,0,243
0x411966,100%,0,200,200,0,0,0,200
0x415cbb,100%,0,6,6,0,0,0,6
0x41552b,100%,0,243,243,0,0,0,243
0x408b4b,100%,0,1,1,0,0,0,1
0x4087f8,100%,0,48,48,0,0,0,48
0x415bf8,100%,0,2,2,2,0,0,0
0x40b398,100%,0,62,62,0,0,0,62
0x40c623,100%,0,150,150,0,0,0,150
0x4157d5,100%,0,81,81,0,0,0,81
0x415813,100%,0,35,35,0,0,0,35
0x40afde,100%,0,2,2,0,0,0,2
0x40b0d9,100%,0,3,3,2,0,0,1
0x40cbc8,100%,0,18,18,0,0,0,18
0x415dd8,100%,0,6,6,0,0,0,6
0x40b0fc,100%,0,2,2,0,0,0,2
0x406b57,100%,0,62,62,0,0,0,62
0x41ac53,100%,0,7632,7632,4194,0,0,3438
0x4045e0,100%,0,2,2,2,0,0,0
0x408452,100%,0,48,48,48,0,0,0
0x406d65,100%,0,3,3,3,0,0,0
0x407973,100%,0,49,49,49,0,0,0
0x40742e,100%,0,162,162,0,0,0,162
0x4079c7,100%,0,7,7,0,0,0,7
0x40541f,100%,0,2,2,0,0,0,2
0x40ae85,100%,0,62,62,0,0,0,62
0x415707,100%,0,243,243,0,0,0,243
0x41ab81,100%,0,848,848,0,0,0,848
0x41b16f,100%,0,8,8,0,0,0,8
0x40d308,100%,0,2,2,2,0,0,0
0x40bfcb,100%,0,150,150,0,0,0,150
0x41b1d8,100%,0,8,8,0,0,0,8
0x40311e,100%,0,1,1,0,0,0,1
0x41abd9,100%,0,848,848,0,0,0,848
0x40ce88,100%,0,72,72,0,0,0,72
0x40c2cf,100%,0,150,150,0,0,0,150
0x40ce17,100%,0,8,8,0,0,0,8
0x412b69,100%,0,771,771,0,0,0,771
0x41b124,100%,0,8,8,8,0,0,0
0x40da23,100%,0,2,2,0,0,0,2
0x40c9a6,100%,0,2,2,0,0,0,2
0x40ca20,100%,0,60,60,0,0,0,60
0x40c33a,100%,0,62,62,0,0,0,62
0x41ab24,100%,0,848,848,848,0,0,0
0x40aa14,100%,0,81,81,0,0,0,81
0x408b81,100%,0,3,3,3,0,0,0
0x41b46f,100%,0,24,24,0,0,0,24
0x40aade,100%,0,62,62,0,0,0,62
0x417a22,100%,0,1,1,0,0,0,1
0x40883c,100%,0,48,48,0,0,0,48
0x408a04,100%,0,31,31,31,0,0,0
0x41aaec,100%,0,848,848,0,0,0,848
0x40b5a7,100%,0,62,62,0,0,0,62
0x46fdbc,100%,0,75,75,75,0,0,0
0x40b81e,100%,0,62,62,0,0,0,62
0x40eb20,100%,0,1,1,0,0,0,1
0x408a81,100%,0,1,1,1,0,0,0
0x46fdfa,100%,0,75,75,75,0,0,0
0x40cb72,100%,0,2,2,0,0,0,2
0x408b40,100%,0,4,4,3,0,0,1
0x41b4b7,100%,0,8,8,8,0,0,0
0x40b975,100%,0,6,6,6,0,0,0
0x40ea8d,100%,0,3,3,0,0,0,3
0x40ba30,100%,0,2,2,0,0,0,2
0x40d866,100%,0,29,29,0,0,0,29
0x40bf2a,100%,0,150,150,0,0,0,150
0x458e3e,100%,0,852,852,852,0,0,0
0x40e898,100%,0,81,81,0,0,0,81
0x40534a,100%,0,4,4,0,0,0,4
0x40eaa1,100%,0,3,3,3,0,0,0
0x4122e1,100%,0,43185,43185,43185,0,0,0
0x40cbd8,100%,0,162,162,0,0,0,162
0x458d59,100%,0,852,852,0,0,0,852
0x413619,100%,0,2,2,1,0,0,1
0x45c3ac,100%,0,852,852,852,0,0,0
0x40e88d,100%,0,9,9,0,0,0,9
0x411eba,100%,0,104994,104994,0,0,0,104994
0x41ab0a,100%,0,848,848,0,0,0,848
0x40f6b1,100%,0,1,1,0,0,0,1
0x413b86,100%,0,6,6,0,0,0,6
0x410504,100%,0,11532,11532,11532,0,0,0
0x458d97,100%,0,852,852,0,0,0,852
0x414726,100%,0,6,6,0,0,0,6
0x40b849,100%,0,62,62,0,0,0,62
0x406b23,100%,0,186,186,0,0,0,186
0x41abe6,100%,0,1696,1696,848,0,0,848
0x416240,100%,0,1,1,0,0,0,1
0x41a558,100%,0,2,2,0,0,0,2
0x414135,100%,0,3,3,2,0,0,1
0x41470a,100%,0,6,6,0,0,0,6
0x408a96,100%,0,2,2,0,0,0,2
0x40219c,100%,0,110,110,0,0,0,110
0x413fa9,100%,0,1,1,0,0,0,1
0x412561,100%,0,41295,41295,41295,0,0,0
0x40dfee,100%,0,324,324,0,0,0,324
0x40497f,100%,0,18,18,0,0,0,18
0x41b15e,100%,0,8,8,0,0,0,8
0x411d6a,100%,0,84806,84806,0,0,0,84806
0x46fe67,100%,0,4,4,0,0,0,4
0x40d546,100%,0,8,8,0,0,0,8
0x41b2ab,100%,0,8,8,0,0,0,8
0x417882,100%,0,9,9,0,0,0,9
0x413511,100%,0,11523,11523,11523,0,0,0
0x417806,100%,0,1,1,0,0,0,1
0x458d85,100%,0,852,852,0,0,0,852
0x45c367,100%,0,852,852,0,0,0,852
0x413566,100%,0,11523,11523,0,0,0,11523
0x412903,100%,0,30784,30784,0,0,0,30784
0x412ed1,100%,0,150960,150960,150960,0,0,0
0x40c889,100%,0,150,150,0,0,0,150
0x40404a,100%,0,18,18,0,0,0,18
0x4125b0,100%,0,41295,41295,0,0,0,41295
0x402754,100%,0,110,110,0,0,0,110
0x40f2ff,100%,0,1,1,0,0,0,1
0x411b29,100%,0,121289,121289,121289,0,0,0
0x40a992,100%,0,2,2,1,0,0,1
0x413011,100%,0,109638,109638,109638,0,0,0
0x40354a,100%,0,18,18,0,0,0,18
0x41b596,100%,0,8,8,0,0,0,8
0x4109b0,100%,0,22257,22257,0,0,0,22257
0x40ea44,100%,0,3,3,0,0,0,3
0x4112a5,100%,0,86919,86919,86919,0,0,0
0x41b01e,100%,0,8,8,8,0,0,0
0x4178f3,100%,0,9,9,0,0,0,9
0x408410,100%,0,48,48,0,0,0,48
0x401b16,100%,0,9,9,0,0,0,9
0x40f6c6,100%,0,1,1,1,0,0,0
0x411fdd,100%,0,84797,84797,0,0,0,84797
0x458de7,100%,0,852,852,0,0,0,852
0x40b995,100%,0,2,2,2,0,0,0
0x403a3a,100%,0,4,4,4,0,0,0
0x409912,100%,0,186,186,0,0,0,186
0x411680,100%,0,109647,109647,0,0,0,109647
0x410a16,100%,0,61546,61546,61546,0,0,0
0x411e51,100%,0,104994,104994,104994,0,0,0
0x40b8fd,100%,0,2,2,0,0,0,2
0x407641,100%,0,9,9,0,0,0,9
0x4177d3,100%,0,9,9,0,0,0,9
0x46fe98,100%,0,20,20,0,0,0,20
0x411bef,100%,0,115539,115539,0,0,0,115539
0x45c353,100%,0,852,852,0,0,0,852
0x413629,100%,0,1,1,0,0,0,1
0x412821,100%,0,1,1,0,0,0,1
0x412df6,100%,0,104982,104982,0,0,0,104982
0x4020bb,100%,0,18,18,0,0,0,18
0x40e705,100%,0,36,36,0,0,0,36
0x40f578,100%,0,3,3,3,0,0,0
0x41b348,100%,0,8,8,0,0,0,8
0x40e91b,100%,0,9,9,0,0,0,9
0x40f766,100%,0,1,1,1,0,0,0
0x413640,100%,0,2,2,0,0,0,2
0x40af66,100%,0,62,62,0,0,0,62
0x40e066,100%,0,324,324,324,0,0,0
0x458d75,100%,0,852,852,0,0,0,852
0x40eb54,100%,0,9,9,0,0,0,9
0x40e460,100%,0,324,324,0,0,0,324
0x41247a,100%,0,30792,30792,0,0,0,30792
0x413cc5,100%,0,1,1,0,0,0,1
0x45a86d,100%,0,852,852,852,0,0,0
0x409ced,100%,0,56,56,0,0,0,56
0x413f9b,100%,0,1,1,1,0,0,0
0x40198b,100%,0,9,9,0,0,0,9
0x458dba,100%,0,852,852,0,0,0,852
0x408bb9,100%,0,4,4,2,0,0,2
0x45c3d5,100%,0,852,852,0,0,0,852
0x45c3c7,100%,0,852,852,0,0,0,852
0x45a30d,100%,0,852,852,0,0,0,852
0x40e17e,100%,0,324,324,0,0,0,324
0x4033bb,100%,0,18,18,0,0,0,18
0x403376,100%,0,2,2,0,0,0,2
0x402da1,100%,0,2,2,0,0,0,2
0x45c38c,100%,0,852,852,0,0,0,852
0x45c37b,100%,0,852,852,852,0,0,0
0x458da8,100%,0,852,852,0,0,0,852
0x417872,100%,0,3,3,0,0,0,3
0x40e1e5,100%,0,324,324,324,0,0,0
0x41a530,100%,0,2,2,0,0,0,2
0x41a615,100%,0,18,18,0,0,0,18
0x401f30,100%,0,324,324,0,0,0,324
0x40f6bb,100%,0,1,1,0,0,0,1
0x4159e0,100%,0,2,2,0,0,0,2
0x41a5a2,100%,0,2,2,2,0,0,0
0x40f446,100%,0,1,1,0,0,0,1
0x41a594,100%,0,2,2,0,0,0,2
0x4033d1,100%,0,162,162,0,0,0,162
0x4148bc,100%,0,2,2,0,0,0,2
0x41a522,100%,0,2,2,0,0,0,2
0x410cca,100%,0,58943,58943,0,0,0,58943
0x41a512,100%,0,2,2,0,0,0,2
0x41a4c0,100%,0,2,2,2,0,0,0
0x41a4bb,100%,0,2,2,0,0,0,2
0x41a475,100%,0,2,2,0,0,0,2
0x414202,100%,0,2,2,1,0,0,1
0x41aafc,100%,0,848,848,0,0,0,848
0x40af91,100%,0,62,62,0,0,0,62
0x41774a,100%,0,1,1,1,0,0,0
0x40df02,100%,0,248,248,248,0,0,0
0x411d56,100%,0,428,428,0,0,0,428
0x402f6e,100%,0,1,1,0,0,0,1
0x45a275,100%,0,852,852,0,0,0,852
0x407413,100%,0,18,18,0,0,0,18
0x41056d,100%,0,11532,11532,0,0,0,11532
0x40e9e3,100%,0,324,324,0,0,0,324
0x417634,100%,0,1,1,0,0,0,1
0x414c85,100%,0,2,2,0,0,0,2
0x45c3d0,100%,0,852,852,0,0,0,852
0x410406,100%,0,139,139,0,0,0,139
0x4117ab,100%,0,194,194,0,0,0,194
0x41b3d7,100%,0,8,8,8,0,0,0
0x40f6a1,100%,0,1,1,0,0,0,1
0x4149e1,100%,0,2,2,0,0,0,2
0x40ea92,100%,0,6,6,3,0,0,3
