Branch PC,Accuracy,Mispredictions,Correct Predictions,Total,dir_t_pred_t,dir_t_pred_nt,dir_nt_pred_t,dir_nt_pred_nt
aggregate,97.1471%,765652,26071608,26837260,10110246,436581,329071,15961362
0x471355,73.336%,274749,755664,1030413,206904,182534,92215,548760
0x471357,82.5243%,112015,528960,640975,420355,34841,77174,108605
0x471374,59.0842%,76013,109766,185779,61363,35217,40796,48403
0x471328,95.8556%,45212,1045694,1090906,9345,43408,1804,1036349
0x55bb1a,81.8988%,40821,184694,225515,79411,22952,17869,105283
0x4712b5,88.4169%,35277,269279,304556,252997,7681,27596,16282
0x47139c,96.9555%,31607,1006546,1038153,655,30991,616,1005891
0x55bb07,87.615%,30046,212554,242600,105134,18018,12028,107420
0x55bb3b,87.0428%,15957,107195,123152,53885,7713,8244,53310
0x4712b3,95.648%,15017,330039,345056,33025,7475,7542,297014
0x54ff31,84.7681%,12301,68457,80758,55929,3088,9213,12528
0x471334,99.24%,7890,1030263,1038153,26,7714,176,1030237
0x6408b8,90.7086%,5165,50424,55589,41772,2199,2966,8652
0x47139e,99.5249%,4782,1001725,1006507,993804,646,4136,7921
0x5510fc,97.0712%,4704,155906,160610,38688,2680,2024,117218
0x6291ab,95.0781%,4553,87951,92504,5927,3084,1469,82024
0x54ff6f,95.2054%,3872,76886,80758,44170,2173,1699,32716
0x5557f7,87.2182%,2704,18451,21155,10783,1089,1615,7668
0x64cb0d,92.2828%,2651,31701,34352,2269,2114,537,29432
0x54517e,66.1564%,2410,4711,7121,1439,1484,926,3272
0x416e79,97.9098%,2299,107689,109988,35967,1243,1056,71722
0x5458ae,62.0138%,1875,3061,4936,1525,911,964,1536
0x443f3b,97.4481%,1491,56937,58428,48074,692,799,8863
0x416e82,98.0392%,1427,71351,72778,52217,733,694,19134
0x54536e,79.5205%,1401,5440,6841,972,965,436,4468
0x558424,87.1662%,1240,8422,9662,694,1011,229,7728
0x5500d9,91.3047%,1153,12107,13260,11957,156,997,150
0x5549b7,94.7235%,1064,19101,20165,30,986,78,19071
0x544c93,92.9516%,997,13148,14145,2,966,31,13146
0x54ff95,97.3471%,913,33502,34415,12706,554,359,20796
0x544cc7,93.545%,913,13231,14144,13171,5,908,60
0x558412,92.0999%,898,10469,11367,910,795,103,9559
0x55083d,94.1279%,773,12391,13164,11733,139,634,658
0x550b40,96.4215%,727,19589,20316,2409,610,117,17180
0x55212b,68.3694%,644,1392,2036,665,356,288,727
0x544e70,99.399%,613,101387,102000,100686,294,319,701
0x64e094,93.7617%,567,8522,9089,594,428,139,7928
0x544fa4,99.2817%,505,69795,70300,69409,188,317,386
0x545187,88.4945%,483,3715,4198,3545,68,415,170
0x54519a,83.6469%,478,2445,2923,2309,178,300,136
0x54509a,99.3414%,463,69837,70300,69339,258,205,498
0x55845a,96.0324%,451,10916,11367,9533,129,322,1383
0x545377,91.0481%,439,4465,4904,4368,112,327,97
0x5458b7,82.76%,431,2069,2500,2044,125,306,25
0x4ebf4b,96.8604%,403,12433,12836,503,289,114,11930
0x55bc42,65.839%,399,769,1168,482,221,178,287
0x4168d2,99.4706%,394,74026,74420,48660,96,298,25366
0x55bd8a,57.7297%,391,534,925,357,174,217,177
0x5458ca,84.2365%,384,2052,2436,2006,58,326,46
0x4713c3,96.8898%,375,11682,12057,11570,91,284,112
0x5510f7,99.7889%,341,161175,161516,702,204,137,160473
0x54538a,82.3955%,341,1596,1937,1214,126,215,382
0x5451bf,69.8335%,308,713,1021,596,107,201,117
0x55baa4,55.8273%,307,388,695,285,131,176,103
0x63f854,99.9389%,304,497615,497919,80545,106,198,417070
0x55bd67,57.0413%,302,401,703,45,227,75,356
0x629198,99.678%,299,92563,92862,131,227,72,92432
0x621e8a,99.1516%,292,34124,34416,15144,177,115,18980
0x62204d,99.2262%,267,34240,34507,14880,135,132,19360
0x55bdff,66.8563%,233,470,703,322,128,105,148
0x55bc4f,53.3333%,217,248,465,102,141,76,146
0x55baca,74.9682%,197,590,787,382,74,123,208
0x4ebafe,98.5755%,189,13079,13268,946,123,66,12133
0x55baba,73.8129%,182,513,695,236,95,87,277
0x55b6fc,99.941%,179,303080,303259,56914,86,93,246166
0x4712e1,99.9348%,170,260508,260678,259420,107,63,1088
0x55bde1,59.5855%,156,230,386,196,49,107,34
0x6209cf,99.6709%,155,46938,47093,673,30,125,46265
0x62203c,99.6001%,138,34369,34507,1,79,59,34368
0x55baeb,62.7841%,131,221,352,143,44,87,78
0x5564ba,99.0078%,127,12673,12800,710,73,54,11963
0x55badb,65.1099%,127,237,364,69,96,31,168
0x55bf83,60.5178%,122,187,309,168,37,85,19
0x55be4e,82.0679%,111,508,619,255,35,76,253
0x620af1,99.6717%,110,33391,33501,33391,7,103,0
0x620a9a,99.6896%,104,33397,33501,33397,7,97,0
0x55bc54,54.0541%,102,120,222,62,44,58,58
0x550861,99.2252%,102,13062,13164,11844,28,74,1218
0x55b7b7,99.9586%,102,246157,246259,67494,30,72,178663
0x64cb17,99.6763%,97,29872,29969,20813,67,30,9059
0x471495,56.9507%,96,127,223,85,65,31,42
0x49bf5c,99.7211%,96,34320,34416,34296,10,86,24
0x55ba0a,72.807%,93,249,342,182,39,54,67
0x63fac2,99.9267%,93,126810,126903,80596,55,38,46214
0x550924,99.2906%,91,12736,12827,11563,30,61,1173
0x622005,99.7415%,90,34723,34813,241,65,25,34482
0x55033b,99.5739%,90,21031,21121,74,43,47,20957
0x55bcd7,63.786%,88,155,243,47,47,41,108
0x55b704,99.9647%,87,246172,246259,0,0,87,246172
0x55bf6b,73.1392%,83,226,309,172,43,40,54
0x55ba6a,69.145%,83,186,269,101,47,36,85
0x550535,69.403%,82,186,268,86,31,51,100
0x44403c,99.8734%,80,63111,63191,48729,36,44,14382
0x55b9ef,76.9006%,79,263,342,228,7,72,35
0x621df5,99.9071%,77,82779,82856,34349,67,10,48430
0x5509b3,99.4153%,75,12752,12827,12748,26,49,4
0x55bef3,55.2147%,73,90,163,73,19,54,17
0x53f54d,99.9172%,70,84502,84572,84502,70,0,0
0x55bb26,99.9414%,70,119378,119448,61519,35,35,57859
0x544d7b,99.9353%,66,101934,102000,101934,66,0,0
0x550816,99.5138%,64,13100,13164,13099,12,52,1
0x411c48,99.8119%,63,33438,33501,270,33,30,33168
0x54ff04,99.9245%,61,80696,80757,80696,61,0,0
0x55be55,81.7629%,60,269,329,263,15,45,6
0x4714e8,55.303%,59,73,132,57,19,40,16
0x445101,99.9007%,58,58369,58427,35467,55,3,22902
0x55bdb0,79.9308%,58,231,289,224,17,41,7
0x55bee1,73.4884%,57,158,215,109,40,17,49
0x62205a,99.7076%,57,19435,19492,19433,12,45,2
0x55be29,48.1818%,57,53,110,7,48,9,46
0x620957,99.8811%,56,47037,47093,0,0,56,47037
0x551004,99.9659%,55,161460,161515,0,0,55,161460
0x55b1b1,99.9567%,54,124570,124624,124570,54,0,0
0x5453b5,94.0893%,49,780,829,770,7,42,10
0x55101c,99.9337%,48,72312,72360,72312,48,0,0
0x6209d4,99.9008%,46,46344,46390,46344,46,0,0
0x43b919,99.9456%,46,84526,84572,84526,46,0,0
0x555e9f,99.6575%,45,13092,13137,13092,19,26,0
0x55b7bc,99.9748%,45,178690,178735,0,0,45,178690
0x5501e7,99.5152%,45,9238,9283,9238,11,34,0
0x620b58,99.8687%,44,33457,33501,33438,17,27,19
0x4ea024,99.9502%,44,88339,88383,88339,44,0,0
0x55bed8,79.5349%,44,171,215,3,20,24,168
0x549393,99.6682%,44,13216,13260,13,25,19,13203
0x507575,99.956%,43,97595,97638,0,0,43,97595
0x507664,99.8747%,43,34263,34306,34263,43,0,0
0x53f493,99.9497%,43,85486,85529,85486,43,0,0
0x55631d,99.6809%,42,13122,13164,13122,42,0,0
0x4450e3,99.9315%,40,58387,58427,48727,38,2,9660
0x4ea050,99.9559%,39,88344,88383,0,0,39,88344
0x55bd74,90.9513%,39,392,431,0,37,2,392
0x43b8d4,99.9539%,39,84533,84572,84533,39,0,0
0x623f13,99.9529%,39,82817,82856,0,0,39,82817
0x55bca7,68.0328%,39,83,122,39,24,15,44
0x550fe3,99.9759%,39,161476,161515,161476,39,0,0
0x64cb03,99.8925%,37,34388,34425,50,23,14,34338
0x55b1fe,99.9368%,36,56964,57000,56964,36,0,0
0x443ffe,99.9262%,36,48730,48766,0,0,36,48730
0x63fafe,99.9352%,36,55553,55589,0,0,36,55553
0x411c63,99.8946%,35,33158,33193,33158,1,34,0
0x620b23,66.0194%,35,68,103,66,19,16,2
0x551148,99.9154%,35,41333,41368,41333,35,0,0
0x620935,99.9566%,35,80559,80594,0,0,35,80559
0x55bc0f,95.0213%,35,668,703,301,30,5,367
0x444158,99.9059%,35,37159,37194,2753,11,24,34406
0x552278,96.7086%,34,999,1033,999,8,26,0
0x551101,99.9715%,34,119208,119242,0,0,34,119208
0x445105,99.8516%,34,22871,22905,0,0,34,22871
0x55061b,91.4286%,33,352,385,247,21,12,105
0x4713af,99.7346%,32,12025,12057,0,0,32,12025
0x545245,95.4481%,32,671,703,0,0,32,671
0x53e1c0,99.9633%,31,84541,84572,84541,31,0,0
0x551061,99.9403%,30,50237,50267,50237,30,0,0
0x55be5e,91.4956%,29,312,341,201,14,15,111
0x471364,99.9849%,28,185751,185779,0,0,28,185751
0x555efa,99.7817%,28,12799,12827,11581,12,16,1218
0x624593,99.9653%,28,80566,80594,0,0,28,80566
0x4ea0e5,99.9683%,28,88355,88383,88355,28,0,0
0x63faf8,99.9514%,27,55562,55589,0,0,27,55562
0x5509cb,49.0566%,27,26,53,2,24,3,24
0x54539a,97.3555%,27,994,1021,184,8,19,810
0x55be65,79.3651%,26,100,126,94,11,15,6
0x620968,99.9448%,26,47067,47093,0,0,26,47067
0x55ba4f,90.3346%,26,243,269,181,21,5,62
0x620ae5,99.9224%,26,33475,33501,0,0,26,33475
0x4714a5,82.5503%,26,123,149,123,7,19,0
0x41d184,99.9704%,25,84547,84572,84547,25,0,0
0x4712c0,99.943%,25,43853,43878,0,0,25,43853
0x621443,99.9254%,25,33476,33501,33476,25,0,0
0x623f3b,99.9698%,25,82831,82856,82831,25,0,0
0x556318,99.8101%,25,13139,13164,0,0,25,13139
0x55b283,99.9702%,24,80570,80594,0,0,24,80570
0x621e27,99.9505%,24,48416,48440,48416,24,0,0
0x55be17,80.9524%,24,102,126,93,1,23,9
0x47d4bf,99.9355%,24,37186,37210,37186,24,0,0
0x55109b,99.803%,24,12156,12180,12156,24,0,0
0x439cba,99.9382%,23,37187,37210,37187,23,0,0
0x620945,99.9715%,23,80571,80594,33491,10,13,47080
0x44419f,99.9332%,23,34407,34430,34407,23,0,0
0x55bee6,66.6667%,22,44,66,35,17,5,9
0x550b13,85.4305%,22,129,151,129,22,0,0
0x550b58,99.8728%,22,17275,17297,17275,5,17,0
0x44419a,99.9361%,22,34408,34430,0,0,22,34408
0x620a03,99.9526%,22,46368,46390,46368,22,0,0
0x55bcdd,85.906%,21,128,149,124,3,18,4
0x620a2e,99.9373%,21,33480,33501,33480,21,0,0
0x620a90,99.9373%,21,33480,33501,0,0,21,33480
0x54592a,97.0128%,21,682,703,363,9,12,319
0x439b9a,99.9752%,21,84551,84572,84551,21,0,0
0x55beb3,81.4159%,21,92,113,81,8,13,11
0x55be49,96.769%,20,599,619,0,0,20,599
0x62092d,99.9752%,20,80574,80594,0,0,20,80574
0x620989,99.9575%,20,47073,47093,47073,20,0,0
0x55bf91,93.8511%,19,290,309,1,4,15,289
0x55551b,99.8567%,19,13241,13260,13241,19,0,0
0x47d54e,99.9489%,19,37191,37210,37191,19,0,0
0x544ef4,99.973%,19,70281,70300,70281,19,0,0
0x62242d,99.9608%,19,48421,48440,48421,19,0,0
0x544f13,99.973%,19,70281,70300,70281,19,0,0
0x444165,99.9448%,19,34411,34430,0,0,19,34411
0x61d167,80.4124%,19,78,97,36,5,14,42
0x47e64e,99.9627%,18,48301,48319,0,0,18,48301
0x41057a,99.9475%,18,34288,34306,34288,18,0,0
0x6209f9,99.9618%,18,47075,47093,0,0,18,47075
0x555dd7,99.863%,18,13119,13137,13119,18,0,0
0x47d4fe,99.9516%,18,37192,37210,0,0,18,37192
0x61d0e4,67.8571%,18,38,56,38,18,0,0
0x41cc7f,99.9787%,18,84554,84572,0,0,18,84554
0x550179,99.9149%,18,21137,21155,21137,18,0,0
0x43b8a4,99.9787%,18,84554,84572,84554,18,0,0
0x4ea05d,99.9796%,18,88365,88383,88365,18,0,0
0x6209ef,99.9639%,17,47076,47093,47076,17,0,0
0x552691,98.3202%,17,995,1012,995,17,0,0
0x550aee,99.9157%,17,20148,20165,20148,17,0,0
0x5549f6,99.9112%,17,19132,19149,0,15,2,19132
0x4712d2,99.9613%,17,43861,43878,43861,17,0,0
0x410678,99.9506%,17,34399,34416,34399,17,0,0
0x64cadb,99.9535%,16,34409,34425,0,0,16,34409
0x443f1f,99.9726%,16,58412,58428,0,0,16,58412
0x439bfa,92.8251%,16,207,223,207,16,0,0
0x444026,99.9747%,16,63176,63192,0,0,16,63176
0x550045,99.9802%,16,80742,80758,80742,16,0,0
0x623f63,99.9807%,16,82840,82856,0,0,16,82840
0x41179b,99.9569%,16,37125,37141,0,0,16,37125
0x555e50,99.8858%,15,13122,13137,13122,15,0,0
0x47ec36,99.9597%,15,37195,37210,37195,15,0,0
0x54fea3,99.9814%,15,80742,80757,80742,15,0,0
0x5124eb,99.9886%,15,132039,132054,0,0,15,132039
0x41074f,99.9552%,15,33486,33501,33485,10,5,1
0x621dca,99.9819%,15,82841,82856,0,0,15,82841
0x621e9e,99.9214%,15,19080,19095,0,0,15,19080
0x4c2695,99.9552%,15,33486,33501,1,4,11,33485
0x621e70,99.9564%,15,34401,34416,0,0,15,34401
0x5510d8,99.9907%,15,161501,161516,161501,15,0,0
0x61cf05,60.5263%,15,23,38,23,15,0,0
0x550a53,99.9262%,15,20301,20316,20301,15,0,0
0x443f7d,99.9743%,15,58413,58428,48751,15,0,9662
0x623f7b,99.9831%,14,82842,82856,0,0,14,82842
0x4ebf5e,99.8909%,14,12822,12836,12822,14,0,0
0x544eef,99.9801%,14,70286,70300,0,0,14,70286
0x554a08,99.9268%,14,19120,19134,19120,14,0,0
0x629254,96.0894%,14,344,358,1,10,4,343
0x551168,99.9913%,14,161502,161516,161502,14,0,0
0x4714d6,89.3939%,14,118,132,0,0,14,118
0x550344,99.9333%,14,20990,21004,264,4,10,20726
0x55bdd3,96.4467%,14,380,394,1,7,7,379
0x54ff3d,99.9356%,14,21727,21741,19399,12,2,2328
0x4710f6,99.9848%,13,85516,85529,85516,13,0,0
0x5500d0,99.902%,13,13247,13260,0,0,13,13247
0x620b43,99.9612%,13,33488,33501,0,0,13,33488
0x552280,50%,13,13,26,10,8,5,3
0x620ad1,86.5979%,13,84,97,84,2,11,0
0x544c7d,98.6584%,13,956,969,0,0,13,956
0x49c0f5,99.9612%,13,33488,33501,0,0,13,33488
0x411b0b,99.9621%,13,34293,34306,239,3,10,34054
0x47d57e,99.9651%,13,37197,37210,37197,13,0,0
0x5432cc,99.9853%,13,88370,88383,88370,13,0,0
0x4713ad,99.8922%,13,12044,12057,0,0,13,12044
0x55b734,99.9947%,13,246246,246259,0,0,13,246246
0x55c08d,76.9231%,12,40,52,1,8,4,39
0x556f81,62.5%,12,20,32,19,4,8,1
0x67c345,82.0896%,12,55,67,19,4,8,36
0x47d490,99.9678%,12,37198,37210,37198,12,0,0
0x47d5e8,99.9678%,12,37198,37210,0,0,12,37198
0x61d050,90.4762%,12,114,126,62,8,4,52
0x439cda,99.9642%,12,33489,33501,33489,12,0,0
0x6802c2,72.7273%,12,32,44,4,5,7,28
0x439bda,99.9752%,12,48307,48319,48307,12,0,0
0x55642f,99.9064%,12,12815,12827,12815,12,0,0
0x55be2e,78.1818%,12,43,55,33,10,2,10
0x550be4,62.069%,11,18,29,4,9,2,14
0x41073e,99.9672%,11,33490,33501,33490,11,0,0
0x47e5ba,99.9772%,11,48308,48319,0,0,11,48308
0x6245a3,99.9864%,11,80583,80594,0,0,11,80583
0x6814e9,75%,11,33,44,33,11,0,0
0x550ab0,99.9459%,11,20305,20316,148,3,8,20157
0x55bc22,97.043%,11,361,372,0,8,3,361
0x5482e2,99.9229%,11,14264,14275,0,0,11,14264
0x411c54,99.9669%,11,33187,33198,1,4,7,33186
0x620923,99.9864%,11,80583,80594,0,0,11,80583
0x62097a,99.9766%,11,47082,47093,0,0,11,47082
0x514f97,99.9882%,10,84562,84572,0,0,10,84562
0x439bba,99.9731%,10,37200,37210,37200,10,0,0
0x5525fd,99.0196%,10,1010,1020,1010,2,8,0
0x4117aa,99.9731%,10,37131,37141,0,0,10,37131
0x620a74,99.9702%,10,33491,33501,0,0,10,33491
0x63fadc,99.9921%,10,126893,126903,126893,10,0,0
0x623f95,99.9879%,10,82846,82856,0,0,10,82846
0x55b1f0,99.992%,10,124614,124624,67622,2,8,56992
0x621e35,99.9794%,10,48430,48440,0,0,10,48430
0x54a683,57.1429%,9,12,21,12,9,0,0
0x6291f8,99.9001%,9,9002,9011,0,0,9,9002
0x622197,88.75%,9,71,80,71,9,0,0
0x55b7e8,99.995%,9,178726,178735,178726,9,0,0
0x5500f8,99.1493%,9,1049,1058,1049,9,0,0
0x411b20,99.9736%,9,34055,34064,34055,9,0,0
0x47e5ea,99.9814%,9,48310,48319,0,0,9,48310
0x67cdf7,79.5455%,9,35,44,8,1,8,27
0x4712c2,99.9795%,9,43869,43878,0,0,9,43869
0x5506b2,99.9315%,9,13128,13137,13128,9,0,0
0x620a57,99.9731%,9,33492,33501,33492,9,0,0
0x559460,99.9891%,9,82847,82856,82847,9,0,0
0x550eb2,72.7273%,9,24,33,24,9,0,0
0x41cc85,99.9894%,9,84563,84572,84563,9,0,0
0x555b1f,99.9554%,9,20156,20165,0,0,9,20156
0x555a96,99.9554%,9,20156,20165,20156,9,0,0
0x6245ac,99.9888%,9,80585,80594,80585,9,0,0
0x55b739,99.9963%,9,246250,246259,246250,9,0,0
0x55c0c1,10%,9,1,10,1,9,0,0
0x54c96f,99.9736%,9,34055,34064,0,0,9,34055
0x47d5b2,99.9758%,9,37201,37210,0,0,9,37201
0x41178f,99.9785%,8,37133,37141,0,0,8,37133
0x555618,99.9397%,8,13252,13260,13252,8,0,0
0x41d1c2,99.9905%,8,84564,84572,0,0,8,84564
0x550dfd,99.9614%,8,20728,20736,20728,8,0,0
0x51a830,85.1852%,8,46,54,0,3,5,46
0x63f879,99.9981%,8,417260,417268,0,0,8,417260
0x551040,99.9699%,8,26565,26573,26565,8,0,0
0x54650c,98.862%,8,695,703,0,8,0,695
0x55bfc7,50%,8,8,16,4,8,0,4
0x552290,99.2118%,8,1007,1015,1006,1,7,1
0x5505ae,93.1624%,8,109,117,76,3,5,33
0x620a22,99.9761%,8,33493,33501,0,0,8,33493
0x55bc5a,93.1034%,8,108,116,15,1,7,93
0x4450c0,99.9863%,8,58419,58427,0,0,8,58419
0x4ebb0b,99.9344%,8,12191,12199,12191,8,0,0
0x5502a9,76.4706%,8,26,34,26,8,0,0
0x443f57,99.9172%,8,9654,9662,0,0,8,9654
0x55bef8,88.7324%,8,63,71,56,5,3,7
0x556d74,11.1111%,8,1,9,1,8,0,0
0x5557a8,99.9622%,8,21147,21155,20879,8,0,268
0x620e5e,99.9761%,8,33493,33501,0,0,8,33493
0x55073a,99.9392%,8,13156,13164,13156,8,0,0
0x550dca,99.9614%,8,20728,20736,20728,8,0,0
0x41d1e6,99.9905%,8,84564,84572,0,0,8,84564
0x555d84,99.9391%,8,13129,13137,13129,8,0,0
0x64cab3,99.9768%,8,34417,34425,0,0,8,34417
0x5501a7,99.9622%,8,21147,21155,0,0,8,21147
0x63facc,99.9827%,8,46244,46252,0,0,8,46244
0x55bcea,93.1034%,8,108,116,68,3,5,40
0x5504e6,97.9221%,8,377,385,113,4,4,264
0x555f40,99.9376%,8,12819,12827,12819,8,0,0
0x41219c,99.979%,7,33322,33329,0,0,7,33322
0x5501f0,79.4118%,7,27,34,0,0,7,27
0x47ec01,99.9812%,7,37203,37210,37203,7,0,0
0x47e636,99.9855%,7,48312,48319,0,0,7,48312
0x54ffb6,99.9849%,7,46336,46343,46336,7,0,0
0x41630c,86.7925%,7,46,53,46,7,0,0
0x5458d4,99.0043%,7,696,703,0,0,7,696
0x550a88,99.9655%,7,20309,20316,20309,7,0,0
0x416e88,99.9647%,7,19821,19828,0,0,7,19821
0x444048,99.9515%,7,14419,14426,14419,7,0,0
0x550f55,78.7879%,7,26,33,26,7,0,0
0x5549d3,99.9687%,6,19143,19149,0,0,6,19143
0x54fff6,99.9871%,6,46337,46343,0,0,6,46337
0x55bfff,53.8462%,6,7,13,7,6,0,0
0x549fba,71.4286%,6,15,21,3,3,3,12
0x5482fb,99.958%,6,14269,14275,0,0,6,14269
0x555db0,99.9543%,6,13131,13137,13131,6,0,0
0x558355,99.6481%,6,1699,1705,1699,6,0,0
0x556032,99.9532%,6,12821,12827,12821,6,0,0
0x54971a,88.6792%,6,47,53,33,5,1,14
0x49c1f0,99.9825%,6,34300,34306,0,0,6,34300
0x4123fe,60%,6,9,15,4,3,3,5
0x55578f,99.9716%,6,21149,21155,0,0,6,21149
0x55bf9b,98.0583%,6,303,309,0,6,0,303
0x555548,99.9548%,6,13254,13260,13254,6,0,0
0x64e08c,99.934%,6,9083,9089,0,0,6,9083
0x5449be,99.4123%,6,1015,1021,1015,6,0,0
0x621e93,99.9686%,6,19089,19095,0,0,6,19089
0x67c74f,86.8421%,5,33,38,0,0,5,33
0x55bf75,98.3819%,5,304,309,0,0,5,304
0x555ef1,99.961%,5,12822,12827,0,0,5,12822
0x623f4c,99.994%,5,82851,82856,0,0,5,82851
0x558b30,16.6667%,5,1,6,1,5,0,0
0x622414,99.9667%,5,15010,15015,0,0,5,15010
0x47d542,99.9866%,5,37205,37210,0,0,5,37205
0x629294,54.5455%,5,6,11,6,5,0,0
0x544ad1,99.484%,5,964,969,964,5,0,0
0x433e41,99.9748%,5,19823,19828,19823,5,0,0
0x55581f,99.9461%,5,9278,9283,9278,5,0,0
0x620919,99.9938%,5,80589,80594,0,0,5,80589
0x64cb2b,99.945%,5,9084,9089,0,0,5,9084
0x64cad1,99.9855%,5,34420,34425,0,0,5,34420
0x6209fe,99.9894%,5,47088,47093,702,1,4,46386
0x44421e,99.9855%,5,34425,34430,34425,5,0,0
0x620e8a,99.9851%,5,33496,33501,0,0,5,33496
0x55583f,99.9461%,5,9278,9283,9278,5,0,0
0x410729,99.9851%,5,33496,33501,0,0,5,33496
0x471362,99.9973%,5,185774,185779,0,0,5,185774
0x55233c,99.5035%,5,1002,1007,1002,5,0,0
0x549fc9,66.6667%,5,10,15,0,0,5,10
0x4cce84,86.1111%,5,31,36,31,5,0,0
0x555fd3,99.961%,5,12822,12827,0,0,5,12822
0x54939c,86.8421%,5,33,38,33,5,0,0
0x44510d,99.9782%,5,22900,22905,0,0,5,22900
0x622134,90%,5,45,50,0,3,2,45
0x55c030,0%,5,0,5,0,5,0,0
0x5555d2,99.9623%,5,13255,13260,13255,5,0,0
0x67cf55,88.6364%,5,39,44,0,0,5,39
0x67cd0e,88.6364%,5,39,44,38,0,5,1
0x4714c2,78.9474%,4,15,19,15,2,2,0
0x621ecd,99.9952%,4,82852,82856,0,0,4,82852
0x49c1e7,99.9883%,4,34302,34306,0,0,4,34302
0x4340c1,99.9798%,4,19824,19828,0,0,4,19824
0x62206b,91.4894%,4,43,47,0,2,2,43
0x62458a,99.995%,4,80590,80594,0,0,4,80590
0x433f47,99.9798%,4,19824,19828,19824,4,0,0
0x416ee4,99.9924%,4,52946,52950,0,0,4,52946
0x5500e2,99.6513%,4,1143,1147,2,2,2,1141
0x558af2,33.3333%,4,2,6,2,4,0,0
0x5562ea,99.9696%,4,13160,13164,13160,4,0,0
0x54859b,55.5556%,4,5,9,0,0,4,5
0x64cae5,99.9884%,4,34421,34425,0,0,4,34421
0x47eba0,99.9893%,4,37206,37210,0,0,4,37206
0x47d5db,99.9893%,4,37206,37210,0,0,4,37206
0x55112b,99.5585%,4,902,906,902,4,0,0
0x411aa6,99.9883%,4,34302,34306,0,0,4,34302
0x623f90,99.9952%,4,82852,82856,0,0,4,82852
0x49c1c2,99.9883%,4,34302,34306,34302,4,0,0
0x6408a8,99.9928%,4,55585,55589,0,0,4,55585
0x43b900,99.9953%,4,84568,84572,0,0,4,84568
0x4713d6,99.9953%,4,84568,84572,0,0,4,84568
0x54a69a,80.9524%,4,17,21,2,4,0,15
0x550df8,99.9807%,4,20732,20736,0,0,4,20732
0x555fec,99.9688%,4,12823,12827,12823,4,0,0
0x62210f,91.4894%,4,43,47,43,4,0,0
0x55ba60,98.8848%,3,266,269,0,0,3,266
0x5450b2,99.5733%,3,700,703,700,3,0,0
0x4c8cda,96.6667%,3,87,90,71,1,2,16
0x5458e4,99.5733%,3,700,703,0,0,3,700
0x4ea00f,99.9966%,3,88380,88383,0,0,3,88380
0x44418b,99.9913%,3,34427,34430,0,0,3,34427
0x4c874c,83.3333%,3,15,18,15,3,0,0
0x5564c7,99.975%,3,12014,12017,12014,3,0,0
0x471401,99.9965%,3,84569,84572,0,0,3,84569
0x4ccee0,91.6667%,3,33,36,16,2,1,17
0x433e67,99.9849%,3,19825,19828,19825,3,0,0
0x620e77,99.991%,3,33498,33501,33498,3,0,0
0x4ebf84,99.9766%,3,12833,12836,0,0,3,12833
0x621e15,99.9938%,3,48437,48440,0,0,3,48437
0x549749,94.3396%,3,50,53,50,3,0,0
0x67ce80,91.4286%,3,32,35,32,3,0,0
0x41d1f2,99.9965%,3,84569,84572,0,0,3,84569
0x471297,99.9965%,3,85526,85529,0,0,3,85526
0x47ea9a,98.6547%,3,220,223,0,0,3,220
0x64cb6d,99.967%,3,9086,9089,9086,3,0,0
0x47d600,99.9919%,3,37207,37210,0,0,3,37207
0x6802cf,91.4286%,3,32,35,32,3,0,0
0x439c5a,99.9943%,3,52947,52950,52947,3,0,0
0x5507da,99.9772%,3,13161,13164,13161,3,0,0
0x550c0c,76.9231%,3,10,13,10,3,0,0
0x68028d,93.1818%,3,41,44,41,3,0,0
0x64caa9,99.9913%,3,34422,34425,0,0,3,34422
0x4c74e4,83.3333%,3,15,18,15,3,0,0
0x620b89,99.991%,3,33498,33501,33498,3,0,0
0x411938,99.9938%,3,48316,48319,0,0,3,48316
0x5501ac,99.9858%,3,21152,21155,21152,3,0,0
0x4441cf,99.8915%,3,2761,2764,0,0,3,2761
0x550e64,91.1765%,3,31,34,31,2,1,0
0x622296,99.0196%,3,303,306,0,0,3,303
0x544a27,99.7062%,3,1018,1021,966,3,0,52
0x67ca5f,92.1053%,3,35,38,35,3,0,0
0x411958,99.9919%,3,37207,37210,0,0,3,37207
0x5555fa,99.9774%,3,13257,13260,13219,3,0,38
0x55571c,99.9858%,3,21152,21155,21152,3,0,0
0x5493a5,92.1053%,3,35,38,35,3,0,0
0x548432,99.9858%,3,21190,21193,0,0,3,21190
0x41211e,97.2727%,3,107,110,0,0,3,107
0x4ebf3e,99.9844%,2,12834,12836,0,0,2,12834
0x55541c,99.9849%,2,13258,13260,13258,2,0,0
0x622037,99.9942%,2,34505,34507,0,0,2,34505
0x433e11,99.9899%,2,19826,19828,19826,2,0,0
0x544eb2,99.7155%,2,701,703,0,0,2,701
0x5501c9,99.9905%,2,21153,21155,9281,2,0,11872
0x433f74,99.9899%,2,19826,19828,19826,2,0,0
0x439c7e,99.9899%,2,19826,19828,19826,2,0,0
0x41240d,75%,2,6,8,6,2,0,0
0x64cb35,99.978%,2,9087,9089,0,0,2,9087
0x5505b2,94.7368%,2,36,38,36,2,0,0
0x47d4e2,99.9946%,2,37208,37210,0,0,2,37208
0x680224,95.4545%,2,42,44,42,2,0,0
0x55107e,98.5294%,2,134,136,134,2,0,0
0x556255,99.9847%,2,13106,13108,0,0,2,13106
0x54a66d,86.6667%,2,13,15,0,0,2,13
0x552445,99.8014%,2,1005,1007,1005,2,0,0
0x411476,95.7447%,2,45,47,0,0,2,45
0x622026,99.9942%,2,34505,34507,0,0,2,34505
0x623f6c,99.9976%,2,82854,82856,82854,2,0,0
0x4117fc,96.2264%,2,51,53,0,0,2,51
0x47e5ce,99.9959%,2,48317,48319,0,0,2,48317
0x5906fa,88.8889%,2,16,18,16,2,0,0
0x5509aa,99.9844%,2,12825,12827,0,0,2,12825
0x5493ae,94.7368%,2,36,38,36,2,0,0
0x555a7d,99.9901%,2,20163,20165,0,0,2,20163
0x6225c4,99.3464%,2,304,306,304,2,0,0
0x4ebe69,99.9949%,2,39436,39438,0,0,2,39436
0x47d462,99.9946%,2,37208,37210,0,0,2,37208
0x545168,99.8041%,2,1019,1021,0,0,2,1019
0x511c84,88.8889%,2,16,18,16,2,0,0
0x620a63,99.994%,2,33499,33501,0,0,2,33499
0x55bf4f,96.6102%,2,57,59,3,2,0,54
0x550cc5,94.1176%,2,32,34,32,2,0,0
0x511a98,88.8889%,2,16,18,16,2,0,0
0x41cc5b,99.9976%,2,84570,84572,0,0,2,84570
0x47d503,99.9946%,2,37208,37210,37208,2,0,0
0x550382,99.9904%,2,20734,20736,20734,2,0,0
0x55110e,99.9983%,2,119240,119242,119240,2,0,0
0x55034d,99.9904%,2,20734,20736,0,0,2,20734
0x47ebe1,99.9946%,2,37208,37210,0,0,2,37208
0x5521c6,99.803%,2,1013,1015,1013,2,0,0
0x5554ad,99.9849%,2,13258,13260,13258,2,0,0
0x47d457,99.9946%,2,37208,37210,0,0,2,37208
0x411a8d,99.9942%,2,34304,34306,0,0,2,34304
0x5555b3,99.9849%,2,13258,13260,0,0,2,13258
0x4117ee,96.2264%,2,51,53,0,0,2,51
0x4c7a07,88.8889%,2,16,18,16,2,0,0
0x55625a,99.9847%,2,13106,13108,13106,2,0,0
0x64cb21,99.978%,2,9087,9089,0,0,2,9087
0x62212b,33.3333%,2,1,3,0,0,2,1
0x552298,75%,2,6,8,6,2,0,0
0x545014,99.7155%,2,701,703,701,2,0,0
0x622136,95.7447%,2,45,47,45,2,0,0
0x4c8635,88.8889%,2,16,18,16,2,0,0
0x411ac5,99.9942%,2,34304,34306,34304,2,0,0
0x55bc75,99.5595%,1,226,227,226,1,0,0
0x54ff59,99.9571%,1,2329,2330,2329,1,0,0
0x623f27,99.9988%,1,82855,82856,0,0,1,82855
0x558aa7,83.3333%,1,5,6,5,1,0,0
0x410776,83.3333%,1,5,6,0,0,1,5
0x5524f3,99.9021%,1,1020,1021,1020,1,0,0
0x622098,97.8723%,1,46,47,0,0,1,46
0x545355,99.9021%,1,1020,1021,0,0,1,1020
0x55c092,97.6744%,1,42,43,42,0,1,0
0x550254,97.0588%,1,33,34,33,1,0,0
0x4ebace,99.9925%,1,13267,13268,0,0,1,13267
0x4117df,98.1132%,1,52,53,0,0,1,52
0x55bfcc,75%,1,3,4,3,0,1,0
0x444260,99.9638%,1,2763,2764,0,0,1,2763
0x620e6a,99.997%,1,33500,33501,0,0,1,33500
0x54989b,97.3684%,1,37,38,37,1,0,0
0x501cf0,93.3333%,1,14,15,0,1,0,14
0x54525b,99.8578%,1,702,703,702,1,0,0
0x41075f,83.3333%,1,5,6,5,1,0,0
0x55bab1,99.6416%,1,278,279,0,0,1,278
0x443f8b,99.9897%,1,9661,9662,0,0,1,9661
0x622019,99.9971%,1,34506,34507,0,0,1,34506
0x68029a,97.7273%,1,43,44,43,1,0,0
0x550e68,0%,1,0,1,0,1,0,0
0x5500eb,99.9925%,1,13255,13256,12197,1,0,1058
0x5463fb,99.8578%,1,702,703,0,0,1,702
0x511c33,94.4444%,1,17,18,0,0,1,17
0x550366,99.9952%,1,20735,20736,20735,1,0,0
0x558a74,83.3333%,1,5,6,5,1,0,0
0x55097f,99.919%,1,1233,1234,1233,1,0,0
0x5502e4,97.0588%,1,33,34,0,0,1,33
0x49c1e1,99.9971%,1,34305,34306,0,0,1,34305
0x47ec31,99.9973%,1,37209,37210,0,0,1,37209
0x558a32,91.6667%,1,11,12,5,1,0,6
0x47d44d,99.9973%,1,37209,37210,0,0,1,37209
0x620da5,99.997%,1,33500,33501,0,0,1,33500
0x620a4b,99.997%,1,33500,33501,0,0,1,33500
0x54652c,99.8561%,1,694,695,694,1,0,0
0x4ebf95,99.9922%,1,12835,12836,0,0,1,12835
0x550c57,97.0588%,1,33,34,33,1,0,0
0x64caef,99.9971%,1,34424,34425,0,0,1,34424
0x519a3f,94.4444%,1,17,18,17,1,0,0
0x620d90,99.997%,1,33500,33501,33500,1,0,0
0x55bc37,99.8937%,1,940,941,0,0,1,940
0x4cceb7,97.2222%,1,35,36,35,1,0,0
0x4ebae9,99.9925%,1,13267,13268,0,0,1,13267
0x41052e,99.9971%,1,34305,34306,0,0,1,34305
0x47ea71,99.5516%,1,222,223,0,0,1,222
0x6220ed,50%,1,1,2,1,1,0,0
0x4c86cb,94.4444%,1,17,18,0,0,1,17
0x67ccd6,97.7273%,1,43,44,38,0,1,5
0x623f87,99.9988%,1,82855,82856,0,0,1,82855
0x55bda7,99.7462%,1,393,394,105,0,1,288
0x558c5d,83.3333%,1,5,6,5,1,0,0
0x67c68b,97.3684%,1,37,38,37,1,0,0
0x41d443,97.3684%,1,37,38,0,0,1,37
0x64cac7,99.9971%,1,34424,34425,0,0,1,34424
0x443fc6,99.9897%,1,9661,9662,0,0,1,9661
0x511a70,94.4444%,1,17,18,17,1,0,0
0x4c8d21,94.4444%,1,17,18,17,1,0,0
0x511c6d,94.4444%,1,17,18,17,1,0,0
0x4c7a2f,94.4444%,1,17,18,17,1,0,0
0x67ce77,97.7273%,1,43,44,9,0,1,34
0x55be1c,96.875%,1,31,32,15,1,0,16
0x544d53,99.902%,1,1019,1020,0,0,1,1019
0x6209a7,99.9979%,1,47092,47093,0,0,1,47092
0x43b90d,99.9988%,1,84571,84572,0,0,1,84571
0x5557c1,100%,0,268,268,268,0,0,0
0x41d42e,100%,0,38,38,0,0,0,38
0x67ca7a,100%,0,38,38,38,0,0,0
0x443873,100%,0,38,38,0,0,0,38
0x49bf86,100%,0,110,110,0,0,0,110
0x6225d8,100%,0,306,306,0,0,0,306
0x5451cd,100%,0,318,318,318,0,0,0
0x6223e7,100%,0,306,306,306,0,0,0
0x41221c,100%,0,38,38,0,0,0,38
0x6225af,100%,0,306,306,0,0,0,306
0x443f82,100%,0,9662,9662,0,0,0,9662
0x47ea77,100%,0,223,223,0,0,0,223
0x67c697,100%,0,38,38,38,0,0,0
0x549b6b,100%,0,38,38,0,0,0,38
0x5498c3,100%,0,38,38,38,0,0,0
0x5451a4,100%,0,1021,1021,0,0,0,1021
0x54a52b,100%,0,15,15,0,0,0,15
0x67c6ae,100%,0,38,38,0,0,0,38
0x6170f2,100%,0,38,38,0,0,0,38
0x62258b,100%,0,306,306,0,0,0,306
0x5453d1,100%,0,52,52,0,0,0,52
0x5012c9,100%,0,51,51,51,0,0,0
0x550225,100%,0,34,34,34,0,0,0
0x550c3b,100%,0,34,34,34,0,0,0
0x556ed4,100%,0,32,32,32,0,0,0
0x549a86,100%,0,38,38,0,0,0,38
0x550e8c,100%,0,1,1,0,0,0,1
0x61d08d,100%,0,56,56,56,0,0,0
0x61d083,100%,0,56,56,0,0,0,56
0x61d125,100%,0,56,56,56,0,0,0
0x4ebb83,100%,0,12199,12199,12199,0,0,0
0x61d115,100%,0,56,56,0,0,0,56
0x54592f,100%,0,331,331,0,0,0,331
0x550400,100%,0,117,117,0,0,0,117
0x620abb,100%,0,97,97,0,0,0,97
0x68059b,100%,0,44,44,44,0,0,0
0x67ce30,100%,0,44,44,44,0,0,0
0x621ff8,100%,0,19492,19492,0,0,0,19492
0x6802b4,100%,0,44,44,0,0,0,44
0x681467,100%,0,44,44,44,0,0,0
0x61d06b,100%,0,56,56,0,0,0,56
0x67c294,100%,0,44,44,44,0,0,0
0x55042f,100%,0,117,117,117,0,0,0
0x61ec44,100%,0,38,38,0,0,0,38
0x67cf89,100%,0,44,44,0,0,0,44
0x433de9,100%,0,19828,19828,0,0,0,19828
0x501d02,100%,0,14,14,0,0,0,14
0x67cc52,100%,0,44,44,0,0,0,44
0x67cc81,100%,0,44,44,0,0,0,44
0x550b65,100%,0,17,17,17,0,0,0
0x67ccb0,100%,0,44,44,0,0,0,44
0x41cc2e,100%,0,102,102,0,0,0,102
0x67ce39,100%,0,44,44,44,0,0,0
0x5453d6,100%,0,52,52,52,0,0,0
0x67ccc4,100%,0,44,44,0,0,0,44
0x556e54,100%,0,9,9,0,0,0,9
0x550bc2,100%,0,29,29,29,0,0,0
0x67ca75,100%,0,38,38,0,0,0,38
0x59069d,100%,0,36,36,0,0,0,36
0x549d65,100%,0,15,15,15,0,0,0
0x4113dd,100%,0,53,53,53,0,0,0
0x4c79d5,100%,0,18,18,0,0,0,18
0x55930b,100%,0,100,100,100,0,0,0
0x4113bd,100%,0,53,53,0,0,0,53
0x4c8931,100%,0,18,18,0,0,0,18
0x4c70ae,100%,0,18,18,0,0,0,18
0x4123f2,100%,0,15,15,0,0,0,15
0x4cce5d,100%,0,18,18,0,0,0,18
0x4123df,100%,0,15,15,0,0,0,15
0x4123d3,100%,0,15,15,0,0,0,15
0x54a6ab,100%,0,15,15,0,0,0,15
0x443f9b,100%,0,9662,9662,0,0,0,9662
0x590694,100%,0,36,36,0,0,0,36
0x5571a2,100%,0,9,9,0,0,0,9
0x549fd5,100%,0,15,15,0,0,0,15
0x4ccea0,100%,0,36,36,0,0,0,36
0x5571bb,100%,0,9,9,0,0,0,9
0x5504ee,100%,0,268,268,268,0,0,0
0x61ec16,100%,0,38,38,38,0,0,0
0x61d86a,100%,0,38,38,38,0,0,0
0x558b2b,100%,0,6,6,0,0,0,6
0x4c79f8,100%,0,18,18,0,0,0,18
0x511c80,100%,0,18,18,0,0,0,18
0x511c2e,100%,0,18,18,0,0,0,18
0x4c8690,100%,0,54,54,0,0,0,54
0x4cce65,100%,0,18,18,0,0,0,18
0x4c7049,100%,0,18,18,0,0,0,18
0x4c8ce3,100%,0,18,18,0,0,0,18
0x4c79fd,100%,0,18,18,0,0,0,18
0x501d93,100%,0,15,15,15,0,0,0
0x501cfb,100%,0,14,14,0,0,0,14
0x558e70,100%,0,6,6,6,0,0,0
0x558ddd,100%,0,6,6,6,0,0,0
0x550b9b,100%,0,29,29,29,0,0,0
0x552721,100%,0,8,8,0,0,0,8
0x550f50,100%,0,33,33,0,0,0,33
0x55261d,100%,0,8,8,8,0,0,0
0x4113c4,100%,0,53,53,0,0,0,53
0x550f17,100%,0,33,33,33,0,0,0
0x51a682,100%,0,54,54,0,0,0,54
0x43ad0c,100%,0,51,51,0,0,0,51
0x67c56c,100%,0,38,38,0,0,0,38
0x552726,100%,0,8,8,8,0,0,0
0x55c072,100%,0,6,6,0,0,0,6
0x550546,100%,0,151,151,151,0,0,0
0x550518,100%,0,268,268,268,0,0,0
0x5505f3,100%,0,79,79,79,0,0,0
0x555eac,100%,0,26,26,26,0,0,0
0x5493b7,100%,0,38,38,38,0,0,0
0x549b94,100%,0,38,38,38,0,0,0
0x5502a4,100%,0,34,34,0,0,0,34
0x680e03,100%,0,6,6,0,0,0,6
0x620ada,100%,0,11,11,0,0,0,11
0x549fa3,100%,0,21,21,21,0,0,0
0x4cce53,100%,0,18,18,0,0,0,18
0x54a512,100%,0,15,15,0,0,0,15
0x4c8510,100%,0,90,90,0,0,0,90
0x49814c,100%,0,18,18,18,0,0,0
0x5509e5,100%,0,27,27,27,0,0,0
0x5509e1,100%,0,27,27,0,0,0,27
0x550d1b,100%,0,34,34,34,0,0,0
0x553c23,100%,0,2,2,0,0,0,2
0x6220cb,100%,0,2,2,0,0,0,2
0x5564fe,100%,0,783,783,0,0,0,783
0x620b2c,100%,0,18,18,0,0,0,18
0x550b0e,100%,0,151,151,0,0,0,151
0x54506e,100%,0,703,703,0,0,0,703
0x55c04a,100%,0,5,5,0,0,0,5
0x64cb3f,100%,0,9089,9089,0,0,0,9089
0x552196,100%,0,1015,1015,0,0,0,1015
0x412241,100%,0,38,38,0,0,0,38
0x6225a5,100%,0,306,306,0,0,0,306
0x544d09,100%,0,1020,1020,1020,0,0,0
0x620b03,100%,0,103,103,0,0,0,103
0x5503a5,100%,0,20736,20736,20736,0,0,0
0x55097a,100%,0,1234,1234,0,0,0,1234
0x41180d,100%,0,53,53,0,0,0,53
0x620a82,100%,0,33501,33501,0,0,0,33501
0x5521bb,100%,0,1015,1015,0,0,0,1015
0x55060b,100%,0,117,117,0,0,0,117
0x41cc1d,100%,0,102,102,0,0,0,102
0x49c0fb,100%,0,33501,33501,0,0,0,33501
0x67c877,100%,0,44,44,0,0,0,44
0x53e182,100%,0,84572,84572,0,0,0,84572
0x5521ab,100%,0,1015,1015,0,0,0,1015
0x6225e7,100%,0,306,306,0,0,0,306
0x67cfa6,100%,0,44,44,44,0,0,0
0x4450e7,100%,0,9662,9662,0,0,0,9662
0x5012a4,100%,0,51,51,0,0,0,51
0x550451,100%,0,117,117,117,0,0,0
0x55606a,100%,0,12827,12827,0,0,0,12827
0x54504c,100%,0,703,703,703,0,0,0
0x4cceae,100%,0,36,36,0,0,0,36
0x67c555,100%,0,38,38,38,0,0,0
0x443f5b,100%,0,9662,9662,9662,0,0,0
0x47ebb4,100%,0,37210,37210,0,0,0,37210
0x5583e6,100%,0,1705,1705,1705,0,0,0
0x550847,100%,0,1292,1292,0,0,0,1292
0x552440,100%,0,1007,1007,0,0,0,1007
0x67c790,100%,0,38,38,0,0,0,38
0x55bc98,100%,0,331,331,331,0,0,0
0x550be8,100%,0,16,16,16,0,0,0
0x549768,100%,0,38,38,0,0,0,38
0x444180,100%,0,34430,34430,0,0,0,34430
0x549aa2,100%,0,38,38,0,0,0,38
0x680f6f,100%,0,38,38,0,0,0,38
0x54493b,100%,0,1021,1021,1021,0,0,0
0x443fdd,100%,0,9662,9662,9662,0,0,0
0x4117d3,100%,0,53,53,0,0,0,53
0x556e8b,100%,0,9,9,0,0,0,9
0x471464,100%,0,223,223,0,0,0,223
0x67cd17,100%,0,6,6,0,0,0,6
0x620ab1,100%,0,97,97,0,0,0,97
0x501ccd,100%,0,15,15,0,0,0,15
0x47d46b,100%,0,37210,37210,0,0,0,37210
0x47d480,100%,0,37210,37210,0,0,0,37210
0x445132,100%,0,35522,35522,0,0,0,35522
0x4441b4,100%,0,2764,2764,0,0,0,2764
0x550627,100%,0,117,117,0,0,0,117
0x5504c0,100%,0,385,385,0,0,0,385
0x544ccc,100%,0,968,968,0,0,0,968
0x555f16,100%,0,1234,1234,1234,0,0,0
0x54844b,100%,0,21193,21193,0,0,0,21193
0x549cab,100%,0,15,15,0,0,0,15
0x61d889,100%,0,38,38,38,0,0,0
0x4c8926,100%,0,18,18,0,0,0,18
0x550d16,100%,0,34,34,0,0,0,34
0x511c25,100%,0,18,18,0,0,0,18
0x548582,100%,0,9,9,0,0,0,9
0x550945,100%,0,1234,1234,1234,0,0,0
0x55ba00,100%,0,342,342,0,0,0,342
0x55225e,100%,0,1015,1015,0,0,0,1015
0x5503e7,100%,0,117,117,0,0,0,117
0x555bb9,100%,0,20165,20165,19134,0,0,1031
0x4ebae2,100%,0,13268,13268,0,0,0,13268
0x550ae9,100%,0,20165,20165,0,0,0,20165
0x553cc3,100%,0,6,6,0,0,0,6
0x622086,100%,0,45,45,0,0,0,45
0x67ce00,100%,0,35,35,35,0,0,0
0x64e088,100%,0,9089,9089,0,0,0,9089
0x433df9,100%,0,19828,19828,0,0,0,19828
0x4c79ea,100%,0,18,18,0,0,0,18
0x55bc18,100%,0,372,372,0,0,0,372
0x64cabd,100%,0,34425,34425,0,0,0,34425
0x44424d,100%,0,2764,2764,0,0,0,2764
0x545922,100%,0,703,703,0,0,0,703
0x67c575,100%,0,38,38,0,0,0,38
0x4714b2,100%,0,19,19,0,0,0,19
0x411bdd,100%,0,34416,34416,34416,0,0,0
0x6223de,100%,0,306,306,0,0,0,306
0x546412,100%,0,703,703,703,0,0,0
0x621eb9,100%,0,19095,19095,19095,0,0,0
0x6397a1,100%,0,82,82,0,0,0,82
0x620b0d,100%,0,103,103,0,0,0,103
0x411918,100%,0,85529,85529,0,0,0,85529
0x556cdf,100%,0,9,9,9,0,0,0
0x67cd2f,100%,0,44,44,44,0,0,0
0x680f78,100%,0,38,38,0,0,0,38
0x680f23,100%,0,38,38,38,0,0,0
0x6806b6,100%,0,44,44,44,0,0,0
0x67c782,100%,0,38,38,0,0,0,38
0x67c774,100%,0,38,38,0,0,0,38
0x67c766,100%,0,38,38,0,0,0,38
0x4441ee,100%,0,2764,2764,2764,0,0,0
0x63977d,100%,0,82,82,0,0,0,82
0x67cdd7,100%,0,44,44,0,0,0,44
0x549f89,100%,0,15,15,0,0,0,15
0x412221,100%,0,38,38,0,0,0,38
0x550209,100%,0,34,34,34,0,0,0
0x41148f,100%,0,47,47,47,0,0,0
0x67c57f,100%,0,38,38,0,0,0,38
0x54eef3,100%,0,234,234,0,0,0,234
0x471481,100%,0,223,223,0,0,0,223
0x544a2f,100%,0,52,52,52,0,0,0
0x67c5d1,100%,0,38,38,38,0,0,0
0x5592ad,100%,0,100,100,100,0,0,0
0x6157ed,100%,0,38,38,38,0,0,0
0x64caf9,100%,0,34425,34425,0,0,0,34425
0x6222cd,100%,0,306,306,306,0,0,0
0x67cef3,100%,0,44,44,44,0,0,0
0x54528a,100%,0,703,703,0,0,0,703
0x54524e,100%,0,703,703,0,0,0,703
0x411812,100%,0,53,53,0,0,0,53
0x4714b0,100%,0,19,19,0,0,0,19
0x64e09c,100%,0,8067,8067,8067,0,0,0
0x67c6d3,100%,0,38,38,38,0,0,0
0x6220a1,100%,0,47,47,47,0,0,0
0x55bd96,100%,0,394,394,0,0,0,394
0x43ad15,100%,0,51,51,0,0,0,51
0x49bf60,100%,0,110,110,110,0,0,0
0x4441db,100%,0,2764,2764,0,0,0,2764
0x54a6a4,100%,0,15,15,0,0,0,15
0x545890,100%,0,703,703,0,0,0,703
0x4c76ae,100%,0,18,18,0,0,0,18
0x501d75,100%,0,15,15,15,0,0,0
0x47ea6b,100%,0,223,223,0,0,0,223
0x5453f7,100%,0,52,52,0,0,0,52
0x67cd56,100%,0,44,44,44,0,0,0
0x54509f,100%,0,703,703,0,0,0,703
0x41d41d,100%,0,38,38,0,0,0,38
0x545047,100%,0,703,703,0,0,0,703
0x55b77a,100%,0,57000,57000,0,0,0,57000
0x55c05d,100%,0,6,6,6,0,0,0
0x5452aa,100%,0,703,703,703,0,0,0
0x544fe5,100%,0,703,703,703,0,0,0
