Branch PC,Accuracy,Mispredictions,Correct Predictions,Total,dir_t_pred_t,dir_t_pred_nt,dir_nt_pred_t,dir_nt_pred_nt
aggregate,97.3456%,710524,26057508,26768032,9867321,418192,292332,16190187
0x471355,75.3575%,257507,787463,1044970,177519,184709,72798,609944
0x471357,81.1195%,128905,553837,682742,398036,44156,84749,155801
0x471374,60.8131%,94264,146286,240550,78424,46171,48093,67862
0x471328,95.3537%,51523,1057386,1108909,8814,48828,2695,1048572
0x4712b5,89.7702%,28310,248430,276740,221467,6686,21624,26963
0x47139c,97.4878%,26410,1024856,1051266,1558,25452,958,1023298
0x55bb1a,79.4973%,20319,78785,99104,32775,11651,8668,46010
0x55bb07,86.5655%,14254,91846,106100,45984,8694,5560,45862
0x47139e,98.976%,10488,1013768,1024256,1003993,643,9845,9775
0x54ff31,87.7653%,9967,71498,81465,57241,3349,6618,14257
0x4712b3,96.959%,9455,301461,310916,28613,5563,3892,272848
0x55bb3b,84.8385%,8290,46388,54678,22042,4777,3513,24346
0x471334,99.3824%,6493,1044774,1051267,69,6228,265,1044705
0x5510fc,97.2349%,4477,157433,161910,38782,2361,2116,118651
0x6408b8,93.0897%,3370,45398,48768,41401,687,2683,3997
0x54ff95,91.8668%,2797,31593,34390,12046,1426,1371,19547
0x54ff6f,97.1141%,2351,79114,81465,45968,1107,1244,33146
0x64e094,93.314%,2262,31570,33832,8088,1290,972,23482
0x54536e,68.4585%,2259,4903,7162,2629,1071,1188,2274
0x416e79,98.227%,1942,107589,109531,36101,937,1005,71488
0x4ebf4b,88.6859%,1505,11797,13302,7301,720,785,4496
0x416e82,98.0467%,1416,71077,72493,52222,703,713,18855
0x443f3b,97.7382%,1314,56781,58095,48258,634,680,8523
0x5500d9,91.5603%,1137,12335,13472,11964,322,815,371
0x5549b7,94.8584%,1044,19261,20305,98,918,126,19163
0x544c93,92.8442%,1029,13351,14380,76,900,129,13275
0x558424,89.1557%,998,8205,9203,924,694,304,7281
0x54517e,85.8069%,941,5689,6630,1007,605,336,4682
0x558412,92.1726%,847,9974,10821,1030,588,259,8944
0x55212b,59.9218%,820,1226,2046,713,317,503,513
0x544cc7,94.6805%,765,13616,14381,13387,17,748,229
0x4713c3,96.2895%,728,18892,19620,18666,176,552,226
0x550b40,96.8645%,642,19833,20475,834,584,58,18999
0x54538a,84.8108%,562,3138,3700,2945,200,362,193
0x545187,88.88%,558,4460,5018,4295,48,510,165
0x55083d,96.2317%,501,12794,13295,11999,87,414,795
0x544e70,99.549%,465,102635,103100,101844,225,240,791
0x545377,88.5326%,397,3065,3462,2925,62,335,140
0x629198,99.6106%,360,92099,92459,203,252,108,91896
0x621e8a,99.0662%,325,34479,34804,29061,179,146,5418
0x4168d2,99.5667%,321,73755,74076,48711,64,257,25044
0x5510f7,99.8091%,311,162619,162930,843,177,134,161776
0x54519a,84.4293%,251,1361,1612,1153,104,147,208
0x55845a,97.9392%,223,10598,10821,9152,51,172,1446
0x6291ab,99.7598%,221,91783,92004,33323,78,143,58460
0x55b6fc,99.9338%,201,303328,303529,56616,72,129,246712
0x62203c,99.4214%,197,33852,34049,83,110,87,33769
0x5557f7,99.2016%,167,20751,20918,11989,97,70,8762
0x62204d,99.5272%,161,33888,34049,28734,82,79,5154
0x55bb26,99.7219%,143,51279,51422,27822,37,106,23457
0x63e5f4,99.9729%,135,498167,498302,90,30,105,498077
0x621e15,99.7267%,131,47799,47930,355,89,42,47444
0x622005,99.6345%,126,34347,34473,344,80,46,34003
0x64cb0d,99.6479%,121,34241,34362,268,71,50,33973
0x550861,99.135%,115,13180,13295,12061,25,90,1119
0x471495,57.5758%,112,152,264,120,64,48,32
0x55b7b7,99.9546%,112,246729,246841,68020,48,64,178709
0x5564ba,99.2292%,102,13131,13233,7893,68,34,5238
0x621df5,99.8967%,85,82205,82290,34294,66,19,47911
0x6209cf,99.821%,85,47391,47476,1,49,36,47390
0x550535,73.8411%,79,223,302,104,28,51,119
0x4712e1,99.9658%,78,228075,228153,225413,70,8,2662
0x552278,92.4658%,77,945,1022,945,10,67,0
0x5525fd,92.9195%,73,958,1031,952,18,55,6
0x629254,84.3956%,71,384,455,36,45,26,348
0x49bf5c,99.8021%,68,34292,34360,34271,15,53,21
0x445101,99.8847%,67,58028,58095,35402,44,23,22626
0x4714e8,55.7823%,65,82,147,68,24,41,14
0x443f7d,99.9036%,56,58039,58095,48838,54,2,9201
0x5501e7,99.3659%,56,8776,8832,8775,19,37,1
0x4714a5,68.0233%,55,117,172,110,19,36,7
0x5453b5,94.6602%,55,975,1030,974,2,53,1
0x55033b,99.751%,52,20828,20880,96,36,16,20732
0x55b704,99.9797%,50,246791,246841,0,0,50,246791
0x44403c,99.9212%,50,63380,63430,48859,33,17,14521
0x620945,99.9436%,46,81567,81613,34117,20,26,47450
0x4450e3,99.9208%,46,58049,58095,48851,41,5,9198
0x53f493,99.9462%,46,85387,85433,85387,46,0,0
0x4ea0e5,99.9498%,45,89611,89656,89611,45,0,0
0x54ff04,99.9448%,45,81420,81465,81420,45,0,0
0x5458ae,58.0952%,44,61,105,33,18,26,28
0x43b919,99.9483%,44,85123,85167,85123,44,0,0
0x53f54d,99.9495%,43,85123,85166,85123,43,0,0
0x620af1,99.8799%,41,34096,34137,34088,18,23,8
0x55061b,90.553%,41,393,434,290,12,29,103
0x5432cc,99.9554%,40,89616,89656,89616,40,0,0
0x550816,99.6991%,40,13255,13295,13254,17,23,1
0x4ebafe,99.7118%,39,13494,13533,8015,26,13,5479
0x63e5ef,99.9924%,38,498264,498302,0,0,38,498264
0x439b9a,99.9554%,38,85128,85166,85128,38,0,0
0x551004,99.9779%,36,162894,162930,0,0,36,162894
0x444165,99.8953%,36,34358,34394,0,0,36,34358
0x55b1fe,99.9365%,36,56652,56688,56652,36,0,0
0x620968,99.9284%,34,47442,47476,0,0,34,47442
0x551168,99.9797%,33,162897,162930,162897,33,0,0
0x551101,99.9727%,33,120734,120767,0,0,33,120734
0x43b8a4,99.9613%,33,85134,85167,85134,33,0,0
0x5509b3,99.7583%,32,13209,13241,13209,7,25,0
0x41179b,99.9136%,32,37006,37038,0,0,32,37006
0x62242d,99.9326%,32,47454,47486,47454,32,0,0
0x55b1b1,99.9744%,32,124766,124798,124766,32,0,0
0x555e9f,99.7592%,32,13255,13287,13255,16,16,0
0x544d7b,99.9699%,31,103069,103100,103069,31,0,0
0x43b8d4,99.9648%,30,85137,85167,85137,30,0,0
0x5506b2,99.7742%,30,13257,13287,13257,30,0,0
0x620935,99.9645%,29,81584,81613,0,0,29,81584
0x5505ae,78.7879%,28,104,132,62,14,14,42
0x550924,99.7961%,27,13214,13241,12060,10,17,1154
0x624593,99.9669%,27,81586,81613,0,0,27,81586
0x44419f,99.9215%,27,34367,34394,34367,27,0,0
0x47d54e,99.9298%,26,37012,37038,37012,26,0,0
0x411c54,99.9231%,26,33796,33822,0,5,21,33796
0x55b283,99.9681%,26,81587,81613,0,0,26,81587
0x411c48,99.9238%,26,34111,34137,303,12,14,33808
0x551148,99.9368%,26,41117,41143,41117,26,0,0
0x623f3b,99.9684%,26,82264,82290,82264,26,0,0
0x623f13,99.9696%,25,82265,82290,0,0,25,82265
0x49c0f5,99.9268%,25,34112,34137,0,0,25,34112
0x54ff3d,99.8802%,25,20850,20875,18688,25,0,2162
0x62097a,99.9494%,24,47452,47476,0,0,24,47452
0x620a9a,99.9297%,24,34113,34137,34113,2,22,0
0x55b734,99.9907%,23,246818,246841,0,0,23,246818
0x55631d,99.827%,23,13272,13295,13272,23,0,0
0x620957,99.9516%,23,47453,47476,0,0,23,47453
0x64cb17,99.9353%,22,34001,34023,157,12,10,33844
0x443ffe,99.955%,22,48870,48892,0,0,22,48870
0x5449be,97.8641%,22,1008,1030,1007,6,16,1
0x44419a,99.936%,22,34372,34394,0,0,22,34372
0x471401,99.9742%,22,85145,85167,0,0,22,85145
0x6209f9,99.9537%,22,47454,47476,0,0,22,47454
0x4ea024,99.9755%,22,89634,89656,89634,22,0,0
0x623f63,99.9745%,21,82269,82290,0,0,21,82269
0x554a08,99.8911%,21,19264,19285,19264,21,0,0
0x622197,89.1192%,21,172,193,73,18,3,99
0x63faf8,99.959%,20,48748,48768,0,0,20,48748
0x5510d8,99.9877%,20,162910,162930,162910,20,0,0
0x439cba,99.946%,20,37018,37038,37018,20,0,0
0x4ea050,99.9777%,20,89636,89656,0,0,20,89636
0x551040,99.9287%,19,26623,26642,26623,19,0,0
0x55b1f0,99.9848%,19,124779,124798,68106,4,15,56673
0x5451bf,98.1553%,19,1011,1030,0,15,4,1011
0x55b7e8,99.9894%,19,178754,178773,178754,19,0,0
0x6223de,97.0266%,19,620,639,202,11,8,418
0x411c63,99.9438%,19,33798,33817,33798,1,18,0
0x6209ef,99.96%,19,47457,47476,47457,19,0,0
0x4714c2,55.814%,19,24,43,15,10,9,9
0x4713af,99.9032%,19,19601,19620,0,0,19,19601
0x47d490,99.9514%,18,37020,37038,37020,18,0,0
0x41057a,99.9475%,18,34268,34286,34268,18,0,0
0x64e08c,99.9468%,18,33836,33854,19,3,15,33817
0x444158,99.9514%,18,37042,37060,2665,1,17,34377
0x54509a,98.8667%,17,1483,1500,1483,2,15,0
0x507664,99.9504%,17,34269,34286,34269,17,0,0
0x55551b,99.8738%,17,13455,13472,13455,17,0,0
0x61d167,86.4%,17,108,125,70,4,13,38
0x621e35,99.9663%,16,47470,47486,0,0,16,47470
0x439bba,99.9568%,16,37022,37038,37022,16,0,0
0x5509cb,36%,16,9,25,2,15,1,7
0x55101c,99.9828%,16,92768,92784,92768,16,0,0
0x47d57e,99.9568%,16,37022,37038,37022,16,0,0
0x620919,99.9804%,16,81597,81613,0,0,16,81597
0x620a22,99.9561%,15,34122,34137,0,0,15,34122
0x41d184,99.9824%,15,85152,85167,85152,15,0,0
0x4712d2,99.9691%,15,48572,48587,48572,15,0,0
0x622414,99.9479%,15,28801,28816,0,0,15,28801
0x555db0,99.8871%,15,13272,13287,13272,15,0,0
0x41073e,99.9561%,15,34122,34137,34122,15,0,0
0x550fe3,99.9908%,15,162915,162930,162915,15,0,0
0x551061,99.9601%,15,37623,37638,37623,15,0,0
0x41cc85,99.9824%,15,85152,85167,85152,15,0,0
0x544fa4,99%,15,1485,1500,1485,0,15,0
0x47d5b2,99.9595%,15,37023,37038,0,0,15,37023
0x555dd7,99.8871%,15,13272,13287,13272,15,0,0
0x49c1c2,99.9592%,14,34272,34286,34272,14,0,0
0x41074f,99.959%,14,34123,34137,34121,14,0,2
0x507575,99.9858%,14,98720,98734,0,0,14,98720
0x439bda,99.9711%,14,48381,48395,48381,14,0,0
0x623f7b,99.983%,14,82276,82290,0,0,14,82276
0x555a96,99.9311%,14,20291,20305,20291,14,0,0
0x62092d,99.9828%,14,81599,81613,0,0,14,81599
0x550ab0,99.9365%,13,20462,20475,167,3,10,20295
0x47e5ba,99.9731%,13,48382,48395,0,0,13,48382
0x411b20,99.9618%,13,34007,34020,34007,13,0,0
0x6209d4,99.9726%,13,47413,47426,47413,13,0,0
0x55baba,13.3333%,13,2,15,2,3,10,0
0x47e64e,99.9731%,13,48382,48395,0,0,13,48382
0x4ebb83,99.7633%,13,5479,5492,5479,13,0,0
0x559460,99.9842%,13,82277,82290,82277,13,0,0
0x550b58,99.9318%,13,19044,19057,19044,0,13,0
0x620b58,99.9619%,13,34124,34137,34124,5,8,0
0x4117aa,99.9649%,13,37025,37038,0,0,13,37025
0x4ebf3e,99.9023%,13,13289,13302,0,0,13,13289
0x54ff59,99.445%,12,2150,2162,2150,12,0,0
0x4ebf5e,99.9098%,12,13290,13302,13290,12,0,0
0x47d4bf,99.9676%,12,37026,37038,37026,12,0,0
0x61d0e4,76.4706%,12,39,51,39,12,0,0
0x44421e,99.9651%,12,34382,34394,34382,12,0,0
0x621e70,99.9655%,12,34792,34804,0,0,12,34792
0x47d462,99.9676%,12,37026,37038,0,0,12,37026
0x55bc42,53.8462%,12,14,26,8,7,5,6
0x550a53,99.9414%,12,20463,20475,20463,12,0,0
0x629294,85.1852%,12,69,81,69,12,0,0
0x64cad1,99.9651%,12,34350,34362,0,0,12,34350
0x549393,99.9109%,12,13460,13472,10,8,4,13450
0x555efa,99.9169%,11,13230,13241,12060,10,1,1170
0x439cda,99.9678%,11,34126,34137,34126,11,0,0
0x63e64a,81.6667%,11,49,60,31,11,0,18
0x41d1f2,99.9871%,11,85155,85166,0,0,11,85155
0x55bd8a,35.2941%,11,6,17,6,3,8,0
0x550be4,67.6471%,11,23,34,1,7,4,22
0x47e5ea,99.9773%,11,48384,48395,0,0,11,48384
0x6209fe,99.9768%,11,47465,47476,49,1,10,47416
0x4ebf84,99.9173%,11,13291,13302,0,0,11,13291
0x6225d8,97.4057%,11,413,424,111,2,9,302
0x5555fa,99.9183%,11,13461,13472,13443,11,0,18
0x49c1e7,99.9679%,11,34275,34286,0,0,11,34275
0x67c345,85.7143%,10,60,70,37,4,6,23
0x5458ca,80.3922%,10,41,51,41,0,10,0
0x5562ea,99.9248%,10,13285,13295,13285,10,0,0
0x63fafe,99.9795%,10,48758,48768,0,0,10,48758
0x4712c2,99.9794%,10,48577,48587,0,0,10,48577
0x550045,99.9877%,10,81455,81465,81455,10,0,0
0x620a57,99.9707%,10,34127,34137,34127,10,0,0
0x550a88,99.9512%,10,20465,20475,20465,10,0,0
0x47d4fe,99.973%,10,37028,37038,0,0,10,37028
0x41d1c2,99.9883%,10,85156,85166,0,0,10,85156
0x5482fb,99.931%,10,14478,14488,0,0,10,14478
0x5503a5,99.956%,9,20437,20446,20437,9,0,0
0x62205a,99.828%,9,5224,5233,5224,2,7,0
0x620a2e,99.9736%,9,34128,34137,34128,9,0,0
0x620d90,99.9736%,9,34128,34137,34128,9,0,0
0x5124eb,99.994%,8,133086,133094,0,0,8,133086
0x416e88,99.9591%,8,19560,19568,0,0,8,19560
0x620e77,99.9766%,8,34129,34137,34129,8,0,0
0x550179,99.9618%,8,20910,20918,20910,8,0,0
0x620a90,99.9766%,8,34129,34137,0,0,8,34129
0x6408a8,99.9836%,8,48760,48768,0,0,8,48760
0x55be4e,50%,8,8,16,4,3,5,4
0x620e5e,99.9766%,8,34129,34137,0,0,8,34129
0x471297,99.9906%,8,85425,85433,0,0,8,85425
0x64e088,99.9764%,8,33846,33854,0,0,8,33846
0x548432,99.9618%,8,20928,20936,0,0,8,20928
0x53e1c0,99.9906%,8,85159,85167,85159,8,0,0
0x5501ac,99.9618%,8,20910,20918,20910,8,0,0
0x410678,99.9767%,8,34352,34360,34352,8,0,0
0x623f90,99.9903%,8,82282,82290,0,0,8,82282
0x55bd67,46.6667%,8,7,15,2,4,4,5
0x620b43,99.9766%,8,34129,34137,0,0,8,34129
0x620ad1,63.6364%,8,14,22,14,3,5,0
0x4c2695,99.9766%,8,34129,34137,3,2,6,34126
0x6223e7,98.1221%,8,418,426,418,6,2,0
0x5458b7,87.037%,7,47,54,45,4,3,2
0x6245ac,99.9914%,7,81606,81613,81606,7,0,0
0x55baa4,53.3333%,7,8,15,7,2,5,1
0x5502a9,81.5789%,7,31,38,31,7,0,0
0x62458a,99.9914%,7,81606,81613,0,0,7,81606
0x63e622,99.9986%,7,498175,498182,498175,7,0,0
0x55badb,30%,7,3,10,0,6,1,3
0x620ae5,99.9795%,7,34130,34137,0,0,7,34130
0x621e27,99.9853%,7,47479,47486,47479,7,0,0
0x55110e,99.9942%,7,120760,120767,120760,7,0,0
0x621443,99.9795%,7,34130,34137,34130,7,0,0
0x444026,99.989%,7,63423,63430,0,0,7,63423
0x54592a,53.3333%,7,8,15,5,5,2,3
0x433f74,99.9642%,7,19561,19568,19561,7,0,0
0x47d457,99.9811%,7,37031,37038,0,0,7,37031
0x4ebb0b,99.8725%,7,5485,5492,5485,7,0,0
0x5012c9,90.1408%,7,64,71,64,7,0,0
0x55be55,22.2222%,7,2,9,1,7,0,1
0x5549f6,99.9637%,7,19282,19289,1,3,4,19281
0x555e50,99.9473%,7,13280,13287,13280,7,0,0
0x41cc7f,99.9918%,7,85160,85167,0,0,7,85160
0x55baeb,25%,6,2,8,0,2,4,2
0x550382,99.9707%,6,20440,20446,20440,6,0,0
0x552280,91.0448%,6,61,67,0,6,0,61
0x6291f8,99.982%,6,33395,33401,0,0,6,33395
0x54fff6,99.9873%,6,47069,47075,0,0,6,47069
0x55bdff,60%,6,9,15,8,3,3,1
0x555d84,99.9548%,6,13281,13287,13281,6,0,0
0x55571c,99.9713%,6,20912,20918,20912,6,0,0
0x5500f8,99.9248%,6,7970,7976,7970,6,0,0
0x620a03,99.9873%,6,47420,47426,47420,6,0,0
0x55109b,99.895%,6,5708,5714,5708,6,0,0
0x621dca,99.9927%,6,82284,82290,0,0,6,82284
0x4ea05d,99.9933%,6,89650,89656,89650,6,0,0
0x5555b3,99.9555%,6,13466,13472,0,0,6,13466
0x433e11,99.9693%,6,19562,19568,19562,6,0,0
0x5557a8,99.9713%,6,20912,20918,20610,6,0,302
0x439c7e,99.9693%,6,19562,19568,19562,6,0,0
0x64cab3,99.9825%,6,34356,34362,0,0,6,34356
0x55b7bc,99.9966%,6,178767,178773,0,0,6,178767
0x471364,99.9975%,6,240544,240550,0,0,6,240544
0x55bc4f,45.4545%,6,5,11,3,3,3,2
0x544c7d,99.3852%,6,970,976,0,0,6,970
0x555f40,99.9622%,5,13236,13241,13236,5,0,0
0x47ec36,99.9865%,5,37033,37038,37033,5,0,0
0x64cb2b,99.9852%,5,33849,33854,0,0,5,33849
0x55b9ef,28.5714%,5,2,7,1,2,3,1
0x620923,99.9939%,5,81608,81613,0,0,5,81608
0x555618,99.9629%,5,13467,13472,13467,5,0,0
0x51a830,93.3333%,5,70,75,1,3,2,69
0x53e182,99.9941%,5,85162,85167,0,0,5,85162
0x544a2f,86.4865%,5,32,37,32,5,0,0
0x620b89,99.9854%,5,34132,34137,34132,5,0,0
0x61d050,93.4211%,5,71,76,22,3,2,49
0x63f800,95.8333%,5,115,120,97,5,0,18
0x550b9b,85.2941%,5,29,34,29,5,0,0
0x550c0c,37.5%,5,3,8,3,5,0,0
0x55bf83,28.5714%,5,2,7,2,2,3,0
0x54844b,99.9761%,5,20931,20936,0,0,5,20931
0x64cae5,99.9854%,5,34357,34362,0,0,5,34357
0x550344,99.9759%,5,20743,20748,301,1,4,20442
0x555548,99.9629%,5,13467,13472,13467,5,0,0
0x550df8,99.9755%,5,20441,20446,0,0,5,20441
0x411b0b,99.9854%,5,34281,34286,265,1,4,34016
0x55ba0a,28.5714%,5,2,7,0,4,1,2
0x41178f,99.9865%,5,37033,37038,0,0,5,37033
0x54fea3,99.9939%,5,81460,81465,81460,5,0,0
0x55bc0f,66.6667%,5,10,15,0,5,0,10
0x55073a,99.9624%,5,13290,13295,13290,5,0,0
0x620e6a,99.9854%,5,34132,34137,0,0,5,34132
0x47e5ce,99.9897%,5,48390,48395,0,0,5,48390
0x550dca,99.9755%,5,20441,20446,20441,5,0,0
0x49c1f0,99.9883%,4,34282,34286,0,0,4,34282
0x622026,99.9883%,4,34045,34049,0,0,4,34045
0x556032,99.9698%,4,13237,13241,13237,4,0,0
0x4c8cda,97.5758%,4,161,165,132,0,4,29
0x61cf05,77.7778%,4,14,18,14,4,0,0
0x556255,99.9699%,4,13283,13287,0,0,4,13283
0x620b23,87.0968%,4,27,31,25,4,0,2
0x5521c6,99.6063%,4,1012,1016,1012,4,0,0
0x411ac5,99.9883%,4,34282,34286,34282,4,0,0
0x43b900,99.9953%,4,85163,85167,0,0,4,85163
0x5555d2,99.9703%,4,13468,13472,13468,4,0,0
0x54a512,0%,4,0,4,0,0,4,0
0x621e9e,99.9281%,4,5560,5564,0,0,4,5560
0x4450c0,99.9931%,4,58091,58095,0,0,4,58091
0x621ecd,99.9951%,4,82286,82290,0,0,4,82286
0x5554ad,99.9703%,4,13468,13472,13468,4,0,0
0x620a74,99.9883%,4,34133,34137,0,0,4,34133
0x47eba0,99.9892%,4,37034,37038,0,0,4,37034
0x49c1e1,99.9883%,4,34282,34286,0,0,4,34282
0x64caef,99.9884%,4,34358,34362,0,0,4,34358
0x620e8a,99.9883%,4,34133,34137,0,0,4,34133
0x623f27,99.9951%,4,82286,82290,0,0,4,82286
0x443f1f,99.9931%,4,58091,58095,0,0,4,58091
0x54ffb6,99.9915%,4,47071,47075,47071,4,0,0
0x55642f,99.9698%,4,13237,13241,13237,4,0,0
0x555fd3,99.9698%,4,13237,13241,0,0,4,13237
0x558af2,63.6364%,4,7,11,7,4,0,0
0x433e67,99.9796%,4,19564,19568,19564,4,0,0
0x47ec01,99.9892%,4,37034,37038,37034,4,0,0
0x55bf6b,42.8571%,4,3,7,2,4,0,1
0x544eef,99.7333%,4,1496,1500,0,0,4,1496
0x55baca,69.2308%,4,9,13,8,0,4,1
0x514f97,99.9953%,4,85163,85167,0,0,4,85163
0x55b77a,99.9929%,4,56684,56688,0,0,4,56684
0x55ba6a,33.3333%,4,2,6,0,4,0,2
0x443f57,99.9565%,4,9199,9203,0,0,4,9199
0x433e41,99.9796%,4,19564,19568,19564,4,0,0
0x5549d3,99.9793%,4,19285,19289,0,0,4,19285
0x64cadb,99.9884%,4,34358,34362,0,0,4,34358
0x5501c9,99.9809%,4,20914,20918,8832,0,4,12082
0x552445,99.5812%,4,951,955,951,4,0,0
0x558355,99.8146%,3,1615,1618,1615,3,0,0
0x67ce77,89.6552%,3,26,29,0,2,1,26
0x5509aa,99.9773%,3,13238,13241,0,0,3,13238
0x5493a5,83.3333%,3,15,18,15,3,0,0
0x549fba,50%,3,3,6,0,2,1,3
0x6222cd,99.2958%,3,423,426,423,3,0,0
0x67cfa6,89.6552%,3,26,29,26,3,0,0
0x550518,99.0066%,3,299,302,299,3,0,0
0x6802c2,89.6552%,3,26,29,2,0,3,24
0x5500e2,99.747%,3,1183,1186,4,1,2,1179
0x4441cf,99.8875%,3,2663,2666,0,0,3,2663
0x64cb6d,99.9911%,3,33851,33854,33851,3,0,0
0x621e93,99.9461%,3,5561,5564,0,0,3,5561
0x558a32,76.9231%,3,10,13,10,1,2,0
0x64e09c,99.9877%,3,24451,24454,24451,3,0,0
0x55541c,99.9777%,3,13469,13472,13469,3,0,0
0x621187,40%,3,2,5,0,0,3,2
0x55bdb0,40%,3,2,5,0,3,0,2
0x47e636,99.9938%,3,48392,48395,0,0,3,48392
0x471362,99.9988%,3,240547,240550,0,0,3,240547
0x62206b,57.1429%,3,4,7,1,0,3,3
0x5906fa,90.9091%,3,30,33,30,3,0,0
0x544ad1,99.6926%,3,973,976,973,3,0,0
0x55bef3,50%,3,3,6,1,2,1,2
0x63ef1a,83.3333%,3,15,18,15,3,0,0
0x544ef4,99.8%,3,1497,1500,1497,3,0,0
0x4712c0,99.9938%,3,48584,48587,0,0,3,48584
0x55034d,99.9853%,3,20443,20446,0,0,3,20443
0x47d5db,99.9919%,3,37035,37038,0,0,3,37035
0x55ba4f,50%,3,3,6,1,2,1,2
0x55581f,99.966%,3,8829,8832,8829,3,0,0
0x41d1e6,99.9965%,3,85163,85166,0,0,3,85163
0x555ef1,99.9773%,3,13238,13241,0,0,3,13238
0x550aee,99.9852%,3,20302,20305,20302,3,0,0
0x6245a3,99.9963%,3,81610,81613,0,0,3,81610
0x55bc5a,25%,3,1,4,0,2,1,1
0x623f4c,99.9964%,3,82287,82290,0,0,3,82287
0x55be5e,75%,2,6,8,6,0,2,0
0x47d44d,99.9946%,2,37036,37038,0,0,2,37036
0x555bb9,99.9902%,2,20303,20305,19284,1,1,1019
0x55bde1,75%,2,6,8,6,0,2,0
0x552290,99.8031%,2,1014,1016,954,1,1,60
0x55bc54,60%,2,3,5,0,1,1,3
0x67c555,88.8889%,2,16,18,16,2,0,0
0x64caa9,99.9942%,2,34360,34362,0,0,2,34360
0x67cd0e,93.1034%,2,27,29,18,0,2,9
0x444048,99.9862%,2,14536,14538,14536,2,0,0
0x55be65,0%,2,0,2,0,2,0,0
0x416ee4,99.9962%,2,52923,52925,0,0,2,52923
0x67c6d3,88.8889%,2,16,18,16,2,0,0
0x444260,99.925%,2,2664,2666,0,0,2,2664
0x41219c,99.994%,2,33598,33600,0,0,2,33598
0x54971a,90.9091%,2,20,22,17,1,1,3
0x511c84,93.9394%,2,31,33,31,2,0,0
0x6814e9,93.1034%,2,27,29,27,2,0,0
0x433f47,99.9898%,2,19566,19568,19566,2,0,0
0x67ccd6,93.1034%,2,27,29,17,1,1,10
0x64cb35,99.9941%,2,33852,33854,0,0,2,33852
0x55578f,99.9904%,2,20916,20918,0,0,2,20916
0x54859b,0%,2,0,2,0,0,2,0
0x620ab1,90.9091%,2,20,22,0,0,2,20
0x4ebe69,99.995%,2,39867,39869,0,0,2,39867
0x4123fe,50%,2,2,4,1,1,1,1
0x622037,99.9941%,2,34047,34049,0,0,2,34047
0x623f87,99.9976%,2,82288,82290,0,0,2,82288
0x550f55,94.7368%,2,36,38,36,2,0,0
0x5500eb,99.9851%,2,13465,13467,5490,1,1,7975
0x5504e6,99.5392%,2,432,434,131,1,1,301
0x61ec16,88.8889%,2,16,18,16,2,0,0
0x44424d,99.925%,2,2664,2666,0,0,2,2664
0x410729,99.9941%,2,34135,34137,0,0,2,34135
0x54a683,66.6667%,2,4,6,4,2,0,0
0x47ebe1,99.9946%,2,37036,37038,0,0,2,37036
0x44418b,99.9942%,2,34392,34394,0,0,2,34392
0x4710f6,99.9977%,2,85431,85433,85431,2,0,0
0x6221a4,98.0392%,2,100,102,100,2,0,0
0x545355,99.8058%,2,1028,1030,0,0,2,1028
0x5564c7,99.9621%,2,5270,5272,5270,2,0,0
0x555b1f,99.9902%,2,20303,20305,0,0,2,20303
0x54939c,88.8889%,2,16,18,16,2,0,0
0x67c74f,88.8889%,2,16,18,0,0,2,16
0x4ccee0,96.9697%,2,64,66,32,1,1,32
0x555a7d,99.9902%,2,20303,20305,0,0,2,20303
0x6209a7,99.9958%,2,47474,47476,0,0,2,47474
0x67cdf7,93.1034%,2,27,29,1,1,1,26
0x411958,99.9946%,2,37036,37038,0,0,2,37036
0x51a682,97.3333%,2,73,75,0,0,2,73
0x556d74,0%,2,0,2,0,2,0,0
0x4117fc,90.9091%,2,20,22,0,0,2,20
0x4c874c,93.9394%,2,31,33,31,2,0,0
0x439bfa,99.2424%,2,262,264,262,2,0,0
0x5500d0,99.9852%,2,13470,13472,0,0,2,13470
0x5592ad,95.2381%,2,40,42,40,2,0,0
0x501d02,50%,2,2,4,1,1,1,1
0x55bca7,33.3333%,2,1,3,1,1,1,0
0x54a66d,50%,2,2,4,0,0,2,2
0x556f81,71.4286%,2,5,7,5,0,2,0
0x4441b4,99.925%,2,2664,2666,0,0,2,2664
0x445132,99.9944%,2,35444,35446,0,0,2,35444
0x55be2e,0%,1,0,1,0,1,0,0
0x620ada,80%,1,4,5,4,1,0,0
0x55107e,99.3421%,1,151,152,151,1,0,0
0x41148f,95%,1,19,20,19,1,0,0
0x54650c,93.3333%,1,14,15,0,0,1,14
0x54539a,99.9029%,1,1029,1030,0,0,1,1029
0x4ebf95,99.9925%,1,13301,13302,0,0,1,13301
0x55112b,99.902%,1,1019,1020,1019,1,0,0
0x433de9,99.9949%,1,19567,19568,0,0,1,19567
0x550c3b,97.3684%,1,37,38,37,1,0,0
0x63e648,99.1667%,1,119,120,60,0,1,59
0x620b2c,50%,1,1,2,1,0,1,0
0x410776,50%,1,1,2,0,0,1,1
0x5557c1,99.6689%,1,301,302,301,1,0,0
0x556318,99.9925%,1,13294,13295,0,0,1,13294
0x681467,96.5517%,1,28,29,28,1,0,0
0x55bed8,83.3333%,1,5,6,0,1,0,5
0x4713ad,99.9949%,1,19619,19620,0,0,1,19619
0x55bcd7,83.3333%,1,5,6,0,1,0,5
0x55bcdd,80%,1,4,5,2,1,0,2
0x550254,97.3684%,1,37,38,37,1,0,0
0x620989,99.9979%,1,47475,47476,47475,1,0,0
0x64cb21,99.997%,1,33853,33854,0,0,1,33853
0x5451a4,99.9029%,1,1029,1030,0,0,1,1029
0x471481,99.6212%,1,263,264,0,0,1,263
0x47ea77,99.6212%,1,263,264,0,0,1,263
0x55bef8,66.6667%,1,2,3,2,0,1,0
0x443f82,99.9891%,1,9202,9203,0,0,1,9202
0x549d65,75%,1,3,4,3,1,0,0
0x550dfd,99.9951%,1,20445,20446,20445,1,0,0
0x54a69a,83.3333%,1,5,6,1,1,0,4
0x55bd74,88.8889%,1,8,9,0,1,0,8
0x622019,99.9971%,1,34048,34049,0,0,1,34048
0x6802cf,96.2963%,1,26,27,26,1,0,0
0x68028d,96.5517%,1,28,29,28,1,0,0
0x55be17,50%,1,1,2,1,1,0,0
0x501ccd,75%,1,3,4,0,0,1,3
0x5451cd,99.9015%,1,1014,1015,1014,1,0,0
0x68029a,96.5517%,1,28,29,28,1,0,0
0x444180,99.9971%,1,34393,34394,0,0,1,34393
0x4c7a07,96.9697%,1,32,33,32,1,0,0
0x5482e2,99.9931%,1,14487,14488,0,0,1,14487
0x47ec31,99.9973%,1,37037,37038,0,0,1,37037
0x67ce00,96.2963%,1,26,27,26,1,0,0
0x4c8d21,96.9697%,1,32,33,32,1,0,0
0x67ca5f,94.4444%,1,17,18,17,1,0,0
0x544a27,99.9013%,1,1012,1013,975,1,0,37
0x550d16,97.3684%,1,37,38,0,0,1,37
0x67c697,94.4444%,1,17,18,17,1,0,0
0x5501a7,99.9952%,1,20917,20918,0,0,1,20917
0x4714d6,99.3197%,1,146,147,0,0,1,146
0x5564fe,99.9874%,1,7960,7961,0,0,1,7960
0x47d503,99.9973%,1,37037,37038,37037,1,0,0
0x511c6d,96.9697%,1,32,33,32,1,0,0
0x511a98,96.9697%,1,32,33,32,1,0,0
0x5458d4,93.3333%,1,14,15,0,0,1,14
0x411aa6,99.9971%,1,34285,34286,0,0,1,34285
0x4c8931,96.9697%,1,32,33,0,0,1,32
0x55be29,50%,1,1,2,0,1,0,1
0x4c8635,96.9697%,1,32,33,32,1,0,0
0x558b30,90.9091%,1,10,11,10,1,0,0
0x519a3f,96.9697%,1,32,33,32,1,0,0
0x55583f,99.9887%,1,8831,8832,8831,1,0,0
0x4c7a2f,96.9697%,1,32,33,32,1,0,0
0x511a70,96.9697%,1,32,33,32,1,0,0
0x4c74e4,96.9697%,1,32,33,32,1,0,0
0x54524e,93.3333%,1,14,15,0,0,1,14
0x4c79f8,96.9697%,1,32,33,0,0,1,32
0x47d5e8,99.9973%,1,37037,37038,0,0,1,37037
0x4cceb7,98.4848%,1,65,66,65,1,0,0
0x622656,99.115%,1,112,113,112,1,0,0
0x4cce84,98.4848%,1,65,66,65,1,0,0
0x550eb2,97.3684%,1,37,38,37,1,0,0
0x4ebae9,99.9926%,1,13532,13533,0,0,1,13532
0x443f8b,99.9891%,1,9202,9203,0,0,1,9202
0x64caf9,99.9971%,1,34361,34362,0,0,1,34361
0x61d08d,98.0392%,1,50,51,50,1,0,0
0x61d889,94.4444%,1,17,18,17,1,0,0
0x620a63,99.9971%,1,34136,34137,0,0,1,34136
0x55bcea,66.6667%,1,2,3,0,1,0,2
0x5493ae,94.4444%,1,17,18,17,1,0,0
0x443f5b,99.9891%,1,9202,9203,9202,1,0,0
0x545245,93.3333%,1,14,15,0,0,1,14
0x558aa7,90.9091%,1,10,11,10,1,0,0
0x6223d6,99.5305%,1,212,213,0,0,1,212
0x63f5da,97.619%,1,41,42,41,1,0,0
0x5583e6,99.9382%,1,1617,1618,1617,1,0,0
0x558a74,90.9091%,1,10,11,10,1,0,0
0x555fec,99.9924%,1,13240,13241,13240,1,0,0
0x55233c,99.8953%,1,954,955,954,1,0,0
0x558c5d,90.9091%,1,10,11,10,1,0,0
0x544f13,99.9333%,1,1499,1500,1499,1,0,0
0x5509e5,87.5%,1,7,8,7,1,0,0
0x550b13,99.4118%,1,169,170,169,1,0,0
0x5505b2,98.2143%,1,55,56,55,1,0,0
0x550451,99.2424%,1,131,132,131,1,0,0
0x64cb3f,99.997%,1,33853,33854,0,0,1,33853
0x623f6c,99.9988%,1,82289,82290,82289,1,0,0
0x61d86a,100%,0,18,18,18,0,0,0
0x67c56c,100%,0,18,18,0,0,0,18
0x61d115,100%,0,51,51,0,0,0,51
0x550f50,100%,0,38,38,0,0,0,38
0x552721,100%,0,61,61,0,0,0,61
0x620abb,100%,0,22,22,0,0,0,22
0x61ec44,100%,0,18,18,0,0,0,18
0x67c575,100%,0,18,18,0,0,0,18
0x55bf9b,100%,0,7,7,0,0,0,7
0x511c80,100%,0,33,33,0,0,0,33
0x67c5d1,100%,0,18,18,18,0,0,0
0x621ff8,100%,0,5233,5233,0,0,0,5233
0x550bc2,100%,0,34,34,34,0,0,0
0x61d083,100%,0,51,51,0,0,0,51
0x62118e,100%,0,5,5,0,0,0,5
0x549749,100%,0,22,22,22,0,0,0
0x4113dd,100%,0,22,22,22,0,0,0
0x549aa2,100%,0,18,18,0,0,0,18
0x549a86,100%,0,18,18,0,0,0,18
0x5498c3,100%,0,18,18,18,0,0,0
0x54989b,100%,0,18,18,18,0,0,0
0x41240d,100%,0,2,2,2,0,0,0
0x4c8690,100%,0,99,99,0,0,0,99
0x4117ee,100%,0,22,22,0,0,0,22
0x4117df,100%,0,22,22,0,0,0,22
0x550b0e,100%,0,170,170,0,0,0,170
0x54506e,100%,0,15,15,0,0,0,15
0x549b6b,100%,0,18,18,0,0,0,18
0x5502e4,100%,0,38,38,0,0,0,38
0x55930b,100%,0,42,42,42,0,0,0
0x41221c,100%,0,18,18,0,0,0,18
0x550f17,100%,0,38,38,38,0,0,0
0x4113c4,100%,0,22,22,0,0,0,22
0x4113bd,100%,0,22,22,0,0,0,22
0x41211e,100%,0,74,74,0,0,0,74
0x41052e,100%,0,34286,34286,0,0,0,34286
0x550400,100%,0,132,132,0,0,0,132
0x511c33,100%,0,33,33,0,0,0,33
0x47ea6b,100%,0,264,264,0,0,0,264
0x622649,100%,0,113,113,0,0,0,113
0x4714b2,100%,0,43,43,0,0,0,43
0x55bab1,100%,0,6,6,0,0,0,6
0x550546,100%,0,170,170,170,0,0,0
0x5505f3,100%,0,76,76,76,0,0,0
0x55042f,100%,0,132,132,132,0,0,0
0x550d1b,100%,0,38,38,38,0,0,0
0x6225c4,100%,0,424,424,424,0,0,0
0x6225af,100%,0,424,424,0,0,0,424
0x62258b,100%,0,424,424,0,0,0,424
0x4123f2,100%,0,4,4,0,0,0,4
0x550225,100%,0,38,38,38,0,0,0
0x550b65,100%,0,13,13,13,0,0,0
0x620b03,100%,0,31,31,0,0,0,31
0x412241,100%,0,18,18,0,0,0,18
0x5502a4,100%,0,38,38,0,0,0,38
0x41d443,100%,0,18,18,0,0,0,18
0x55261d,100%,0,61,61,61,0,0,0
0x41d42e,100%,0,18,18,0,0,0,18
0x41d41d,100%,0,18,18,0,0,0,18
0x68059b,100%,0,29,29,29,0,0,0
0x67ca75,100%,0,18,18,0,0,0,18
0x67cd17,100%,0,11,11,0,0,0,11
0x680e03,100%,0,11,11,0,0,0,11
0x67ccb0,100%,0,29,29,0,0,0,29
0x67cc81,100%,0,29,29,0,0,0,29
0x67ccc4,100%,0,29,29,0,0,0,29
0x67cf89,100%,0,29,29,0,0,0,29
0x67cf55,100%,0,29,29,0,0,0,29
0x67cef3,100%,0,29,29,29,0,0,0
0x680224,100%,0,29,29,29,0,0,0
0x67ca7a,100%,0,18,18,18,0,0,0
0x67cdd7,100%,0,29,29,0,0,0,29
0x411938,100%,0,48395,48395,0,0,0,48395
0x558b2b,100%,0,11,11,0,0,0,11
0x6802b4,100%,0,29,29,0,0,0,29
0x6806b6,100%,0,29,29,29,0,0,0
0x54652c,100%,0,15,15,15,0,0,0
0x67cd2f,100%,0,29,29,29,0,0,0
0x680f78,100%,0,18,18,0,0,0,18
0x67c877,100%,0,29,29,0,0,0,29
0x67c790,100%,0,18,18,0,0,0,18
0x4c8926,100%,0,33,33,0,0,0,33
0x511c25,100%,0,33,33,0,0,0,33
0x4c7049,100%,0,33,33,0,0,0,33
0x4713d6,100%,0,85167,85167,0,0,0,85167
0x55625a,100%,0,13287,13287,13287,0,0,0
0x4c79fd,100%,0,33,33,0,0,0,33
0x47ea9a,100%,0,264,264,0,0,0,264
0x590694,100%,0,66,66,0,0,0,66
0x43ad15,100%,0,71,71,0,0,0,71
0x43ad0c,100%,0,71,71,0,0,0,71
0x550cc5,100%,0,38,38,38,0,0,0
0x55bc98,100%,0,5,5,5,0,0,0
0x41cc2e,100%,0,142,142,0,0,0,142
0x4ccea0,100%,0,66,66,0,0,0,66
0x4cce65,100%,0,33,33,0,0,0,33
0x4cce5d,100%,0,33,33,0,0,0,33
0x558ddd,100%,0,2,2,2,0,0,0
0x4c86cb,100%,0,33,33,0,0,0,33
0x67c57f,100%,0,18,18,0,0,0,18
0x49814c,100%,0,33,33,33,0,0,0
0x49bf86,100%,0,74,74,0,0,0,74
0x545890,100%,0,15,15,0,0,0,15
0x67cc52,100%,0,29,29,0,0,0,29
0x47d46b,100%,0,37038,37038,0,0,0,37038
0x620da5,100%,0,34137,34137,0,0,0,34137
0x549fa3,100%,0,6,6,6,0,0,0
0x680f23,100%,0,18,18,18,0,0,0
0x64cabd,100%,0,34362,34362,0,0,0,34362
0x47ea71,100%,0,264,264,0,0,0,264
0x623f95,100%,0,82290,82290,0,0,0,82290
0x55bd96,100%,0,8,8,0,0,0,8
0x4c70ae,100%,0,33,33,0,0,0,33
0x4c76ae,100%,0,33,33,0,0,0,33
0x443fc6,100%,0,9203,9203,0,0,0,9203
0x545047,100%,0,15,15,0,0,0,15
0x62110b,100%,0,1,1,0,0,0,1
0x549b94,100%,0,18,18,18,0,0,0
0x621eb9,100%,0,5564,5564,5564,0,0,0
0x411918,100%,0,85433,85433,0,0,0,85433
0x411bdd,100%,0,34360,34360,34360,0,0,0
0x4cce53,100%,0,33,33,0,0,0,33
0x54c96f,100%,0,34020,34020,0,0,0,34020
0x550627,100%,0,132,132,0,0,0,132
0x67c6ae,100%,0,18,18,0,0,0,18
0x433df9,100%,0,19568,19568,0,0,0,19568
0x471464,100%,0,264,264,0,0,0,264
0x622296,100%,0,424,424,0,0,0,424
0x4c8510,100%,0,165,165,0,0,0,165
0x552726,100%,0,61,61,61,0,0,0
0x47d600,100%,0,37038,37038,0,0,0,37038
0x49c0fb,100%,0,34137,34137,0,0,0,34137
0x55beb3,100%,0,2,2,2,0,0,0
0x41630c,100%,0,22,22,22,0,0,0
0x64cb03,100%,0,34362,34362,0,0,0,34362
0x5507da,100%,0,13295,13295,13295,0,0,0
0x5458e4,100%,0,15,15,0,0,0,15
0x550366,100%,0,20446,20446,20446,0,0,0
0x5504ee,100%,0,302,302,302,0,0,0
0x54509f,100%,0,15,15,0,0,0,15
0x511c2e,100%,0,33,33,0,0,0,33
0x63e691,100%,0,60,60,60,0,0,0
0x555f16,100%,0,1171,1171,1171,0,0,0
0x5521ab,100%,0,1016,1016,0,0,0,1016
0x55b739,100%,0,246841,246841,246841,0,0,0
0x5524f3,100%,0,1030,1030,1030,0,0,0
0x549fd5,100%,0,4,4,0,0,0,4
0x67ce30,100%,0,29,29,29,0,0,0
0x411476,100%,0,20,20,0,0,0,20
0x544eb2,100%,0,15,15,0,0,0,15
0x501d75,100%,0,4,4,4,0,0,0
0x6210f6,100%,0,1,1,0,0,0,1
0x621104,100%,0,1,1,0,0,0,1
0x55bc75,100%,0,5,5,5,0,0,0
0x54a52b,100%,0,4,4,0,0,0,4
0x549cab,100%,0,4,4,0,0,0,4
0x4123d3,100%,0,4,4,0,0,0,4
0x4123df,100%,0,4,4,0,0,0,4
0x556cdf,100%,0,2,2,2,0,0,0
0x501cf0,100%,0,4,4,0,0,0,4
0x5571a2,100%,0,2,2,0,0,0,2
0x501cfb,100%,0,4,4,0,0,0,4
0x54592f,100%,0,5,5,0,0,0,5
0x501d93,100%,0,4,4,4,0,0,0
0x548582,100%,0,2,2,0,0,0,2
0x556e8b,100%,0,2,2,0,0,0,2
0x556ed4,100%,0,7,7,7,0,0,0
0x55bee6,100%,0,1,1,0,0,0,1
0x553cc3,100%,0,2,2,0,0,0,2
0x558e70,100%,0,2,2,2,0,0,0
0x41075f,100%,0,2,2,2,0,0,0
0x6220cb,100%,0,1,1,0,0,0,1
0x6220ed,100%,0,1,1,0,0,0,1
0x62262c,100%,0,113,113,0,0,0,113
0x5450b2,100%,0,15,15,15,0,0,0
0x63977d,100%,0,47,47,0,0,0,47
0x4117d3,100%,0,22,22,0,0,0,22
0x5521bb,100%,0,1016,1016,0,0,0,1016
0x622086,100%,0,6,6,6,0,0,0
0x549fc9,100%,0,4,4,0,0,0,4
0x621179,100%,0,5,5,0,0,0,5
0x54525b,100%,0,15,15,15,0,0,0
0x54528a,100%,0,15,15,0,0,0,15
0x544fe5,100%,0,15,15,15,0,0,0
0x545014,100%,0,15,15,15,0,0,0
0x54504c,100%,0,15,15,15,0,0,0
0x5493b7,100%,0,18,18,18,0,0,0
0x55bf75,100%,0,7,7,0,0,0,7
0x5452aa,100%,0,15,15,15,0,0,0
0x5463fb,100%,0,15,15,0,0,0,15
0x546412,100%,0,15,15,15,0,0,0
0x545922,100%,0,15,15,0,0,0,15
0x55bc18,100%,0,10,10,0,0,0,10
0x55bc22,100%,0,10,10,0,0,0,10
0x55bdd3,100%,0,8,8,0,0,0,8
0x55be49,100%,0,16,16,0,0,0,16
0x55bee1,100%,0,6,6,5,0,0,1
0x556e54,100%,0,2,2,0,0,0,2
0x550ae9,100%,0,20305,20305,0,0,0,20305
0x4714b0,100%,0,43,43,0,0,0,43
0x4c79ea,100%,0,33,33,0,0,0,33
0x6225a5,100%,0,424,424,0,0,0,424
0x55606a,100%,0,13241,13241,0,0,0,13241
0x41cc1d,100%,0,142,142,0,0,0,142
0x5501f0,100%,0,38,38,0,0,0,38
0x55097a,100%,0,1171,1171,0,0,0,1171
0x67c766,100%,0,18,18,0,0,0,18
0x4ebace,100%,0,13533,13533,0,0,0,13533
0x4c79d5,100%,0,33,33,0,0,0,33
0x552196,100%,0,1016,1016,0,0,0,1016
0x67c68b,100%,0,18,18,18,0,0,0
0x443873,100%,0,18,18,0,0,0,18
0x43b90d,100%,0,85167,85167,0,0,0,85167
0x552691,100%,0,970,970,970,0,0,0
0x5504c0,100%,0,434,434,0,0,0,434
0x67c294,100%,0,29,29,29,0,0,0
0x61d06b,100%,0,51,51,0,0,0,51
0x443fdd,100%,0,9203,9203,9203,0,0,0
0x4ea00f,100%,0,89656,89656,0,0,0,89656
0x544d53,100%,0,1031,1031,0,0,0,1031
0x4cceae,100%,0,66,66,0,0,0,66
0x55097f,100%,0,1171,1171,1171,0,0,0
0x67c774,100%,0,18,18,0,0,0,18
0x5453d6,100%,0,54,54,54,0,0,0
0x67ce39,100%,0,29,29,29,0,0,0
0x5453d1,100%,0,54,54,0,0,0,54
0x5509e1,100%,0,8,8,0,0,0,8
0x680f6f,100%,0,18,18,0,0,0,18
0x54493b,100%,0,1030,1030,1030,0,0,0
0x4450e7,100%,0,9203,9203,0,0,0,9203
0x5012a4,100%,0,71,71,0,0,0,71
0x552298,100%,0,61,61,61,0,0,0
0x550847,100%,0,1209,1209,0,0,0,1209
0x443f9b,100%,0,9203,9203,0,0,0,9203
0x550945,100%,0,1171,1171,1171,0,0,0
0x55bf4f,100%,0,1,1,0,0,0,1
0x555eac,100%,0,16,16,16,0,0,0
0x411812,100%,0,22,22,0,0,0,22
0x545168,100%,0,1030,1030,0,0,0,1030
0x55bda7,100%,0,8,8,3,0,0,5
0x4441ee,100%,0,2666,2666,2666,0,0,0
0x4441db,100%,0,2666,2666,0,0,0,2666
0x49bf60,100%,0,74,74,74,0,0,0
0x552440,100%,0,955,955,0,0,0,955
0x550be8,100%,0,26,26,26,0,0,0
0x620a4b,100%,0,34137,34137,0,0,0,34137
0x550e64,100%,0,38,38,38,0,0,0
0x4c8ce3,100%,0,33,33,0,0,0,33
0x67cd56,100%,0,29,29,29,0,0,0
0x6157ed,100%,0,18,18,18,0,0,0
0x550209,100%,0,38,38,38,0,0,0
0x55ba60,100%,0,6,6,0,0,0,6
0x4340c1,100%,0,19568,19568,0,0,0,19568
0x59069d,100%,0,66,66,0,0,0,66
0x61d125,100%,0,51,51,51,0,0,0
0x445105,100%,0,22649,22649,0,0,0,22649
0x6225e7,100%,0,311,311,0,0,0,311
0x550c57,100%,0,38,38,38,0,0,0
0x55225e,100%,0,1016,1016,0,0,0,1016
0x55ba00,100%,0,7,7,0,0,0,7
0x64cac7,100%,0,34362,34362,0,0,0,34362
0x411a8d,100%,0,34286,34286,0,0,0,34286
0x44510d,100%,0,22649,22649,0,0,0,22649
0x67c782,100%,0,18,18,0,0,0,18
0x47d542,100%,0,37038,37038,0,0,0,37038
0x5571bb,100%,0,2,2,0,0,0,2
0x55060b,100%,0,132,132,0,0,0,132
0x54a6a4,100%,0,4,4,0,0,0,4
0x6170f2,100%,0,18,18,0,0,0,18
0x544ccc,100%,0,977,977,0,0,0,977
0x54a6ab,100%,0,4,4,0,0,0,4
0x549f89,100%,0,4,4,0,0,0,4
0x549768,100%,0,18,18,0,0,0,18
0x5503e7,100%,0,132,132,0,0,0,132
0x41180d,100%,0,22,22,0,0,0,22
0x55bf91,100%,0,7,7,0,0,0,7
0x47ebb4,100%,0,37038,37038,0,0,0,37038
0x412221,100%,0,18,18,0,0,0,18
0x439c5a,100%,0,52925,52925,52925,0,0,0
0x6397a1,100%,0,47,47,0,0,0,47
0x620b0d,100%,0,31,31,0,0,0,31
0x5449cc,100%,0,17,17,17,0,0,0
0x55bc37,100%,0,21,21,0,0,0,21
0x620a82,100%,0,34137,34137,0,0,0,34137
0x47d480,100%,0,37038,37038,0,0,0,37038
0x41cc5b,100%,0,85167,85167,0,0,0,85167
0x54eef3,100%,0,264,264,0,0,0,264
0x5453f7,100%,0,54,54,0,0,0,54
0x67ce80,100%,0,27,27,27,0,0,0
0x544d09,100%,0,1031,1031,1031,0,0,0
0x4ebae2,100%,0,13533,13533,0,0,0,13533
0x47d4e2,100%,0,37038,37038,0,0,0,37038
