Branch PC,Accuracy,Mispredictions,Correct Predictions,Total,dir_t_pred_t,dir_t_pred_nt,dir_nt_pred_t,dir_nt_pred_nt
aggregate,98.335%,131083,7741557,7872640,4648761,65202,65881,3092796
0x445632,94.0824%,9606,152724,162330,128647,3998,5608,24077
0x445604,95.7019%,9421,209767,219188,49966,6892,2529,159801
0x445611,96.0118%,6474,155856,162330,52172,4686,1788,103684
0x41e591,83.3283%,5470,27340,32810,23203,2004,3466,4137
0x4455bf,96.0354%,4710,114090,118800,6229,2977,1733,107861
0x429ab4,91.7127%,3604,39884,43488,1001,2729,875,38883
0x45ed2a,79.1358%,3385,12839,16224,12389,709,2676,450
0x429b8e,76.8616%,3154,10477,13631,3085,1940,1214,7392
0x41e5cf,90.4572%,3131,29679,32810,29523,486,2645,156
0x444b75,45.0028%,2900,2373,5273,641,1995,905,1732
0x429c2f,91.0279%,2691,27302,29993,1954,1866,825,25348
0x429c82,91.5514%,2534,27459,29993,2023,1619,915,25436
0x429d4f,81.8709%,2471,11159,13630,9524,699,1772,1635
0x402828,96.0382%,2361,57233,59594,28191,1283,1078,29042
0x429d35,93.5595%,2217,32206,34423,25211,607,1610,6995
0x445f99,76.0908%,2033,6470,8503,3955,987,1046,2515
0x429be2,94.7506%,1781,32147,33928,1021,1270,511,31126
0x445d65,91.5478%,1766,19128,20894,15520,801,965,3608
0x429dc2,88.8522%,1756,13996,15752,4440,1022,734,9556
0x429ac2,95.8046%,1668,38090,39758,36864,387,1281,1226
0x44591d,98.7508%,1484,117316,118800,117295,20,1464,21
0x429bfc,95.6727%,1369,30267,31636,724,919,450,29543
0x463702,57.0505%,1328,1764,3092,401,826,502,1363
0x426c80,52.1573%,1253,1366,2619,885,559,694,481
0x426ca7,52.6537%,1240,1379,2619,902,545,695,477
0x429ad3,97.1578%,1236,42252,43488,32093,523,713,10159
0x4636c8,89.0764%,1178,9606,10784,7207,485,693,2399
0x43a53a,72.779%,1149,3072,4221,1656,422,727,1416
0x426cce,56.4338%,1141,1478,2619,1003,487,654,475
0x426c57,56.5101%,1139,1480,2619,1156,455,684,324
0x429aeb,90.5169%,1031,9841,10872,7857,297,734,1984
0x463a56,78.451%,946,3444,4390,566,566,380,2878
0x45efeb,77.86%,898,3158,4056,2841,201,697,317
0x44b95b,86.2751%,874,5494,6368,5164,325,549,330
0x445d6f,81.1721%,861,3712,4573,1779,422,439,1933
0x446639,89.4007%,757,6385,7142,6140,225,532,245
0x429b06,72.1854%,756,1962,2718,1003,356,400,959
0x463745,93.3698%,715,10069,10784,10021,89,626,48
0x446034,91.9558%,684,7819,8503,7306,102,582,513
0x45db5e,54.6433%,674,812,1486,425,318,356,387
0x463da2,60.3194%,646,982,1628,554,331,315,428
0x45edad,96.2155%,614,15610,16224,12000,168,446,3610
0x463c2c,82.0048%,596,2716,3312,251,406,190,2465
0x429a78,98.4603%,568,36323,36891,903,443,125,35420
0x41e67e,86.0419%,566,3489,4055,3480,68,498,9
0x45da5f,61.6949%,565,910,1475,747,210,355,163
0x429f3a,96.5147%,549,15203,15752,11652,162,387,3551
0x433027,63.5417%,525,915,1440,837,170,355,78
0x429c34,98.0667%,506,25667,26173,18577,201,305,7090
0x45faf4,82.9569%,498,2424,2922,2392,97,401,32
0x463a91,86.6176%,436,2822,3258,2433,168,268,389
0x463dec,66.769%,433,870,1303,775,133,300,95
0x44ac5d,93.3093%,426,5941,6367,5882,91,335,59
0x4634d7,80.771%,419,1760,2179,1732,83,336,28
0x429bc6,98.7974%,414,34010,34424,167,329,85,33843
0x45fb49,85.2318%,411,2372,2783,2343,76,335,29
0x4482a9,93.5605%,410,5957,6367,271,260,150,5686
0x42897a,71.7563%,394,1001,1395,389,205,189,612
0x46336c,51.9656%,391,423,814,187,202,189,236
0x4456c4,98.6817%,390,29194,29584,256,294,96,28938
0x463b73,88.7681%,372,2940,3312,2906,74,298,34
0x45fbfc,85.225%,371,2140,2511,2124,111,260,16
0x45d172,63.5108%,370,644,1014,120,236,134,524
0x446186,94.1888%,370,5997,6367,4865,143,227,1132
0x46349a,51.2583%,368,387,755,218,173,195,169
0x4152f0,73.5835%,359,1000,1359,280,209,150,720
0x427b51,67.1861%,358,733,1091,55,263,95,678
0x46334e,56.7568%,352,462,814,311,147,205,151
0x444b92,86.917%,345,2292,2637,500,171,174,1792
0x45f97b,66.568%,339,675,1014,532,142,197,143
0x463415,62.905%,332,563,895,376,135,197,187
0x427c15,95.4982%,328,6958,7286,1666,278,50,5292
0x45fbaa,87.7226%,324,2315,2639,2309,27,297,6
0x428700,72.0627%,321,828,1149,441,158,163,387
0x429e05,96.8805%,319,9907,10226,52,268,51,9855
0x405608,98.5703%,315,21717,22032,21717,43,272,0
0x463754,59.8675%,303,452,755,82,184,119,370
0x44605b,72.4201%,302,793,1095,566,149,153,227
0x405189,99.3214%,299,43765,44064,43765,27,272,0
0x428f02,73.2255%,298,815,1113,459,135,163,356
0x427b5d,62.7426%,288,485,773,46,206,82,439
0x42a125,93.2432%,280,3864,4144,3858,27,253,6
0x404f3c,99.9214%,278,353594,353872,353594,6,272,0
0x405f19,99.7744%,268,118532,118800,117306,9,259,1226
0x445e7b,98.7652%,258,20636,20894,15517,105,153,5119
0x4279e5,93.747%,257,3853,4110,3552,35,222,301
0x434e92,82.4306%,253,1187,1440,408,132,121,779
0x4289da,68.5393%,252,549,801,317,139,113,232
0x42a620,81.385%,250,1093,1343,617,130,120,476
0x429a91,99.3023%,248,35297,35545,387,218,30,34910
0x4279ae,94.0093%,244,3829,4073,2,228,16,3827
0x463477,67.6821%,244,511,755,51,173,71,460
0x45fd61,70.0375%,240,561,801,51,165,75,510
0x429eb7,97.7022%,235,9992,10227,170,144,91,9822
0x45f036,68.5484%,234,510,744,482,61,173,28
0x4290da,70.75%,234,566,800,314,130,104,252
0x45ddc3,79.4376%,234,904,1138,433,132,102,471
0x428ab6,72.1598%,223,578,801,251,96,127,327
0x45d1f1,66.5653%,220,438,658,165,141,79,273
0x42a014,94.3459%,220,3671,3891,121,158,62,3550
0x45dcf3,81.2126%,220,951,1171,318,76,144,633
0x401a1b,88.974%,216,1743,1959,1488,82,134,255
0x434e9b,76.3333%,213,687,900,111,119,94,576
0x463798,57.2597%,209,280,489,58,135,74,222
0x463dbd,65.3979%,200,378,578,33,150,50,345
0x45f00c,73.2527%,199,545,744,513,45,154,32
0x45ff50,72.6272%,199,528,727,291,91,108,237
0x42907a,85.9397%,196,1198,1394,463,131,65,735
0x444b1d,96.3019%,195,5078,5273,4094,59,136,984
0x42a0d2,94.629%,194,3418,3612,95,143,51,3323
0x45d2a8,72.7273%,192,512,704,9,147,45,503
0x4293c3,76.875%,185,615,800,337,101,84,278
0x45f064,75.5376%,182,562,744,509,50,132,53
0x46e32e,87.4218%,181,1258,1439,632,87,94,626
0x463db7,75.7739%,180,563,743,30,135,45,533
0x42a031,95.072%,178,3434,3612,116,121,57,3318
0x429c94,99.3283%,177,26174,26351,18821,41,136,7353
0x45d437,74.858%,177,527,704,273,79,98,254
0x45fc3a,92.9883%,168,2228,2396,1942,35,133,286
0x429e21,98.3444%,164,9742,9906,22,140,24,9720
0x4482ae,97.207%,163,5673,5836,172,118,45,5501
0x45ef35,95.9813%,163,3893,4056,669,107,56,3224
0x4279e1,96.1855%,162,4085,4247,0,137,25,4085
0x45d341,70.6204%,161,387,548,374,43,118,13
0x4152f6,81.7241%,159,711,870,62,123,36,649
0x429a5e,99.5732%,159,37092,37251,212,148,11,36880
0x463809,68.5072%,154,335,489,103,70,84,232
0x45effd,85.0099%,152,862,1014,164,106,46,698
0x40d054,99.8285%,152,88488,88640,83049,51,101,5439
0x426d24,95.5723%,147,3173,3320,3148,31,116,25
0x45f989,57.3529%,145,195,340,44,96,49,151
0x428c9f,82.2722%,142,659,801,350,75,67,309
0x42a62b,76.1745%,142,454,596,52,97,45,402
0x427a07,83.2936%,140,698,838,366,74,66,332
0x4279f5,85.5659%,139,824,963,7,118,21,817
0x429ed7,98.5978%,139,9774,9913,99,72,67,9675
0x4291cb,83.25%,134,666,800,291,63,71,375
0x445907,99.9425%,126,219062,219188,109538,56,70,109524
0x45ed6b,96.2892%,116,3010,3126,286,94,22,2724
0x428da3,91.3242%,114,1200,1314,1142,32,82,58
0x45f095,84.6774%,114,630,744,502,41,73,128
0x434eb7,83.2836%,112,558,670,21,84,28,537
0x44a9d7,89.9543%,110,985,1095,491,35,75,494
0x45d1c4,83.4347%,109,549,658,6,95,14,543
0x45d7c0,97.9418%,109,5187,5296,3941,31,78,1246
0x427b45,90.8861%,108,1077,1185,2,92,16,1075
0x413c34,92.0328%,107,1236,1343,6,75,32,1230
0x45f2a3,91.9753%,104,1192,1296,1182,16,88,10
0x41560a,92.9861%,101,1339,1440,752,62,39,587
0x43c33f,69.1358%,100,224,324,96,54,46,128
0x463650,71.875%,99,253,352,240,28,71,13
0x45d940,93.3378%,99,1387,1486,1382,21,78,5
0x45d759,98.1307%,99,5197,5296,5195,15,84,2
0x45d6d2,93.4051%,98,1388,1486,77,85,13,1311
0x404ad3,96.7014%,95,2785,2880,0,0,95,2785
0x45f96d,91.4155%,94,1001,1095,2,79,15,999
0x43a589,91.3761%,94,996,1090,992,16,78,4
0x429fec,97.7306%,93,4005,4098,52,71,22,3953
0x45fdaf,84.1026%,93,492,585,1,73,20,491
0x42869e,93.3188%,92,1285,1377,2,79,13,1283
0x41511d,93.75%,90,1350,1440,1,80,10,1349
0x40e51e,99.7883%,89,41959,42048,39403,17,72,2556
0x45f2f8,93.287%,87,1209,1296,1196,19,68,13
0x413bcc,93.5964%,86,1257,1343,1,79,7,1256
0x429856,95.9888%,86,2058,2144,1860,16,70,198
0x413b39,93.75%,85,1275,1360,0,81,4,1275
0x460d6e,90.5028%,85,810,895,5,76,9,805
0x402ac0,99.9699%,84,279286,279370,249239,11,73,30047
0x463b98,75.3012%,82,250,332,243,22,60,7
0x42a547,94.6822%,82,1460,1542,1384,19,63,76
0x463450,89.2715%,81,674,755,650,24,57,24
0x4634f2,89.2715%,81,674,755,666,8,73,8
0x42a00a,98.0377%,78,3897,3975,26,58,20,3871
0x434ec0,86.1947%,78,487,565,481,14,64,6
0x4451ae,97.08%,77,2560,2637,74,69,8,2486
0x40fd91,99.9863%,76,553524,553600,415161,39,37,138363
0x45fb19,82.448%,76,357,433,95,44,32,262
0x41e724,55.1515%,74,91,165,75,26,48,16
0x429de5,99.3003%,72,10218,10290,2,62,10,10216
0x41e79e,58.6826%,69,98,167,33,39,30,65
0x4278b5,56.4103%,68,88,156,34,40,28,54
0x463ae2,96.3108%,66,1723,1789,1722,13,53,1
0x429e92,99.3878%,63,10227,10290,21,42,21,10206
0x4456a4,99.7911%,62,29623,29685,0,59,3,29623
0x45fbcf,79.868%,61,242,303,89,39,22,153
0x4286e2,95.0567%,61,1173,1234,38,47,14,1135
0x427bb5,75.7085%,60,187,247,60,39,21,127
0x4298e5,97.05%,59,1941,2000,1735,15,44,206
0x463263,93.743%,56,839,895,36,45,11,803
0x429fc7,98.6486%,56,4088,4144,7,39,17,4081
0x45fc21,81.1594%,52,224,276,86,29,23,138
0x45fb71,85.989%,51,313,364,199,21,30,114
0x427a33,98.7591%,51,4059,4110,76,49,2,3983
0x45dc75,92.0325%,49,566,615,0,42,7,566
0x428ee6,95.9114%,48,1126,1174,20,41,7,1106
0x463428,87.5%,48,336,384,109,31,17,227
0x41e601,98.3577%,46,2755,2801,2754,32,14,1
0x44187c,98.6628%,46,3394,3440,0,43,3,3394
0x45d8b4,93.0556%,45,603,648,469,17,28,134
0x4456af,99.8515%,44,29582,29626,2,40,4,29580
0x4286a9,96.6049%,44,1252,1296,27,35,9,1225
0x45fdba,91.5851%,43,468,511,467,11,32,1
0x45d94f,50.6024%,41,42,83,39,33,8,3
0x427bf2,97.8892%,40,1855,1895,1,35,5,1854
0x45dd9f,94.9807%,39,738,777,0,33,6,738
0x45dc08,94.1448%,38,611,649,0,34,4,611
0x42799e,99.0993%,37,4071,4108,0,35,2,4071
0x445944,97.5758%,36,1449,1485,1448,4,32,1
0x463bb5,63.2653%,36,62,98,7,24,12,55
0x403b2e,99.7862%,35,16333,16368,14316,6,29,2017
0x46e354,97.5694%,35,1405,1440,877,18,17,528
0x42a3ee,95.8231%,34,780,814,731,7,27,49
0x4449b0,99.3551%,34,5238,5272,32,34,0,5206
0x401cc6,99.4537%,34,6190,6224,5831,4,30,359
0x444970,99.3741%,33,5239,5272,31,33,0,5208
0x4bdafe,98.3792%,33,2003,2036,2001,3,30,2
0x427be6,98.283%,33,1889,1922,0,27,6,1889
0x4442bf,98.7481%,33,2603,2636,0,33,0,2603
0x445f60,99.6119%,33,8470,8503,7397,11,22,1073
0x43ee15,98.7486%,33,2604,2637,2604,0,33,0
0x41e741,64.7727%,31,57,88,3,21,10,54
0x463692,91.4773%,30,322,352,322,8,22,0
0x4457d9,95.3917%,30,621,651,33,26,4,588
0x415337,97.9167%,30,1410,1440,489,22,8,921
0x45f2d2,69.3878%,30,68,98,12,21,9,56
0x42a551,78.0303%,29,103,132,76,19,10,27
0x4638a7,67.0455%,29,59,88,55,18,11,4
0x460bec,98.0556%,28,1412,1440,1411,11,17,1
0x44578a,95.6989%,28,623,651,19,25,3,604
0x428d41,97.9914%,28,1366,1394,73,7,21,1293
0x403b0e,99.9786%,28,130916,130944,114569,7,21,16347
0x463605,66.6667%,27,54,81,53,6,21,1
0x41b2f6,99.8065%,27,13925,13952,10441,23,4,3484
0x416dd4,80.1471%,27,109,136,76,9,18,33
0x434ef4,98.1944%,26,1414,1440,1079,16,10,335
0x427bda,98.6626%,26,1918,1944,0,22,4,1918
0x45fcb0,96.7541%,26,775,801,775,8,18,0
0x4613df,67.9012%,26,55,81,27,15,11,28
0x445890,96.0061%,26,625,651,46,13,13,579
0x4c9657,99.9154%,26,30703,30729,1269,20,6,29434
0x463977,99.0584%,25,2630,2655,2630,25,0,0
0x41e61f,99.1027%,25,2761,2786,2761,13,12,0
0x43a554,99.4077%,25,4196,4221,3118,8,17,1078
0x42a500,98.3787%,25,1517,1542,1449,6,19,68
0x41e6cc,95.0495%,25,480,505,480,21,4,0
0x4288a2,82.5175%,25,118,143,3,15,10,115
0x46e5bd,98.3333%,24,1416,1440,679,20,4,737
0x4540cd,98.3333%,24,1416,1440,1416,6,18,0
0x40f74f,99.6411%,23,6385,6408,5598,9,14,787
0x40e6a0,99.9453%,23,42025,42048,39406,14,9,2619
0x42947c,98.3501%,23,1371,1394,1371,6,17,0
0x463d02,71.6049%,23,58,81,2,15,8,56
0x4c9772,99.2345%,22,2852,2874,1736,7,15,1116
0x4056c0,91.9118%,22,250,272,250,5,17,0
0x4c9717,98.3708%,21,1268,1289,110,12,9,1158
0x45f88c,98.0822%,21,1074,1095,1007,7,14,67
0x463845,95.7055%,21,468,489,468,10,11,0
0x40a62b,98.4914%,21,1371,1392,1210,8,13,161
0x4287a2,98.2982%,21,1213,1234,76,9,12,1137
0x41e86a,98.6184%,21,1499,1520,1499,11,10,0
0x4028ea,99.9928%,20,279350,279370,203959,1,19,75391
0x413bf3,98.5294%,20,1340,1360,0,17,3,1340
0x42980d,99.0667%,20,2123,2143,0,17,3,2123
0x460c0c,98.6111%,20,1420,1440,1343,17,3,77
0x411b3f,99.8045%,19,9701,9720,8496,9,10,1205
0x42a556,48.6486%,19,18,37,10,12,7,8
0x4c9748,99.3471%,19,2891,2910,27,9,10,2864
0x414319,98.6806%,19,1421,1440,1341,2,17,80
0x402a19,99.9761%,18,75392,75410,1043,13,5,74349
0x401aeb,99.7108%,18,6206,6224,0,0,18,6206
0x4298b4,99.0973%,18,1976,1994,8,9,9,1968
0x429823,99.1533%,18,2108,2126,0,12,6,2108
0x46e18e,98.7509%,18,1423,1441,1418,4,14,5
0x40e59c,99.9596%,17,42031,42048,39412,8,9,2619
0x427916,82.8283%,17,82,99,0,10,7,82
0x4186af,91.6667%,17,187,204,137,16,1,50
0x428fc0,98.4726%,17,1096,1113,584,10,7,512
0x41696d,0%,17,0,17,0,17,0,0
0x43c357,94.7531%,17,307,324,234,9,8,73
0x45d136,98.5388%,16,1079,1095,68,13,3,1011
0x428fa4,98.6371%,16,1158,1174,52,9,7,1106
0x427923,82.0225%,16,73,89,6,10,6,67
0x40e61c,99.9619%,16,42032,42048,39413,7,9,2619
0x445fa8,99.5788%,15,3546,3561,1,8,7,3545
0x416bc5,70.5882%,15,36,51,33,1,14,3
0x43fddf,53.125%,15,17,32,15,6,9,2
0x4278d0,90.7407%,15,147,162,80,10,5,67
0x4278a4,90.7407%,15,147,162,0,6,9,147
0x43ff40,28.5714%,15,6,21,4,9,6,2
0x4bda5c,98.6607%,15,1105,1120,30,2,13,1075
0x4638e2,82.9545%,15,73,88,73,4,11,0
0x42a3fd,79.7297%,15,59,74,2,9,6,57
0x4c96aa,99.9542%,14,30523,30537,2876,4,10,27647
0x45f302,82.716%,14,67,81,9,13,1,58
0x407ee5,99.8308%,14,8258,8272,7232,6,8,1026
0x41e6ae,97.2387%,14,493,507,493,12,2,0
0x42a378,98.2801%,14,800,814,749,2,12,51
0x414b4c,98.9964%,14,1381,1395,76,4,10,1305
0x42bc4f,98.6355%,14,1012,1026,1008,4,10,4
0x4bda62,98.8051%,13,1075,1088,536,8,5,539
0x42989e,99.35%,13,1987,2000,0,6,7,1987
0x45da77,97.4903%,13,505,518,35,7,6,470
0x45d85d,97.9938%,13,635,648,635,3,10,0
0x42bbee,98.8128%,13,1082,1095,1,10,3,1081
0x413d32,99.0972%,13,1427,1440,1417,5,8,10
0x41a64f,92.4419%,13,159,172,159,4,9,0
0x433305,99.0972%,13,1427,1440,7,11,2,1420
0x4278fd,92.3977%,13,158,171,85,3,10,73
0x45f918,98.8128%,13,1082,1095,0,0,13,1082
0x46e638,99.0972%,13,1427,1440,1352,7,6,75
0x45f977,98.7179%,13,1001,1014,0,0,13,1001
0x427bc5,91.8919%,12,136,148,136,12,0,0
0x414288,99.1667%,12,1428,1440,1341,2,10,87
0x42a54c,91.3669%,12,127,139,1,6,6,126
0x428670,99.1398%,12,1383,1395,14,4,8,1369
0x4288ff,91.6084%,12,131,143,12,6,6,119
0x4457f0,97.973%,12,580,592,27,5,7,553
0x427c25,99.7754%,12,5330,5342,5330,12,0,0
0x426639,99.9652%,12,34439,34451,0,0,12,34439
0x42797e,99.7331%,11,4111,4122,0,10,1,4111
0x413a95,99.2264%,11,1411,1422,73,7,4,1338
0x45feb7,66.6667%,11,22,33,21,9,2,1
0x4153b8,99.2361%,11,1429,1440,1355,4,7,74
0x413ca0,99.3056%,10,1430,1440,1353,7,3,77
0x413b8c,99.2647%,10,1350,1360,15,2,8,1335
0x461284,87.6543%,10,71,81,71,10,0,0
0x414b92,99.3056%,10,1430,1440,74,7,3,1356
0x45f9e1,98.9418%,10,935,945,935,10,0,0
0x427938,94.152%,10,161,171,1,9,1,160
0x42bc0d,99.0868%,10,1085,1095,63,6,4,1022
0x4278f2,94.186%,10,162,172,0,1,9,162
0x4024e3,99.6815%,10,3130,3140,1560,10,0,1570
0x42bd4a,99.0868%,10,1085,1095,8,7,3,1077
0x439932,99.3056%,10,1430,1440,339,6,4,1091
0x428b7f,98.7516%,10,791,801,341,6,4,450
0x44594f,72.7273%,9,24,33,10,3,6,14
0x45f23e,99.3056%,9,1287,1296,1287,9,0,0
0x42bb4d,99.1781%,9,1086,1095,1086,9,0,0
0x45f955,99.1781%,9,1086,1095,0,0,9,1086
0x404bce,99.8438%,9,5751,5760,2874,6,3,2877
0x428dcb,93.5714%,9,131,140,1,5,4,130
0x4c965c,99.9705%,9,30528,30537,26211,6,3,4317
0x46e954,99.375%,9,1431,1440,1431,9,0,0
0x414b1f,99.419%,8,1369,1377,1369,8,0,0
0x428a99,99.0012%,8,793,801,0,0,8,793
0x4335dc,99.4444%,8,1432,1440,3,2,6,1429
0x45ec68,99.9507%,8,16216,16224,16216,8,0,0
0x43a59e,90.8046%,8,79,87,79,8,0,0
0x461406,79.4872%,8,31,39,17,3,5,14
0x42a4b8,27.2727%,8,3,11,3,3,5,0
0x45f76e,89.8734%,8,71,79,52,5,3,19
0x445bfb,99.8744%,8,6359,6367,1087,8,0,5272
0x41e7f5,91.5789%,8,87,95,87,7,1,0
0x4417f4,99.7805%,8,3637,3645,42,3,5,3595
0x46351d,90.1235%,8,73,81,0,2,6,73
0x402a92,99.9992%,7,828697,828704,623687,1,6,205010
0x460f54,91.358%,7,74,81,74,7,0,0
0x429888,99.65%,7,1993,2000,0,0,7,1993
0x427b7a,92.9293%,7,92,99,0,0,7,92
0x4c9694,99.9771%,7,30530,30537,26215,2,5,4315
0x42bb8c,99.3607%,7,1088,1095,1088,7,0,0
0x42a3f3,90.7895%,7,69,76,0,2,5,69
0x45f357,91.358%,7,74,81,74,7,0,0
0x427b39,99.4093%,7,1178,1185,0,0,7,1178
0x4458aa,98.8176%,7,585,592,549,1,6,36
0x45fdfd,78.7879%,7,26,33,24,5,2,2
0x426fae,91.1392%,7,72,79,72,7,0,0
0x429284,99.125%,7,793,800,0,0,7,793
0x4297f8,99.6735%,7,2137,2144,0,1,6,2137
0x414b10,99.4982%,7,1388,1395,17,1,6,1371
0x429965,99.9356%,7,10865,10872,10865,7,0,0
0x439311,99.3607%,7,1088,1095,76,5,2,1012
0x429085,99.125%,7,793,800,0,0,7,793
0x42a60d,99.5139%,7,1433,1440,17,1,6,1416
0x46e61d,99.4849%,7,1352,1359,865,5,2,487
0x4292a1,99.125%,7,793,800,348,6,1,445
0x42890f,95.2%,6,119,125,0,0,6,119
0x43504a,99.4521%,6,1089,1095,0,0,6,1089
0x460c9c,99.3296%,6,889,895,889,6,0,0
0x428985,99.2509%,6,795,801,0,0,6,795
0x42798e,99.8541%,6,4106,4112,0,4,2,4106
0x44584d,99.064%,6,635,641,549,4,2,86
0x41e8b6,40%,6,4,10,4,6,0,0
0x45fca5,99.2509%,6,795,801,0,0,6,795
0x463bbb,98.1928%,6,326,332,0,0,6,326
0x4c96da,99.5345%,6,1283,1289,1283,6,0,0
0x441869,99.8333%,6,3594,3600,75,5,1,3519
0x45f968,99.4521%,6,1089,1095,0,0,6,1089
0x43300c,99.5833%,6,1434,1440,0,0,6,1434
0x4c9683,99.9804%,6,30531,30537,27652,3,3,2879
0x413ed8,99.5833%,6,1434,1440,1434,6,0,0
0x46e50a,99.5833%,6,1434,1440,1434,6,0,0
0x41a4f8,40%,6,4,10,3,3,3,1
0x41e524,50%,6,6,12,6,5,1,0
0x428d98,99.5434%,6,1308,1314,0,0,6,1308
0x45d2cc,98.9051%,6,542,548,542,6,0,0
0x43a56f,99.4521%,6,1089,1095,3,2,4,1086
0x427b86,93.9394%,6,93,99,0,1,5,93
0x45ff10,81.8182%,6,27,33,27,4,2,0
0x43fe46,45.4545%,6,5,11,0,4,2,5
0x44549a,81.8182%,6,27,33,15,5,1,12
0x4633b5,99.3296%,6,889,895,889,6,0,0
0x415622,99.2013%,5,621,626,621,5,0,0
0x45eff4,99.5069%,5,1009,1014,0,0,5,1009
0x4442c3,99.8079%,5,2598,2603,74,5,0,2524
0x426641,99.9855%,5,34446,34451,0,0,5,34446
0x428c83,99.3758%,5,796,801,0,0,5,796
0x46e619,99.6528%,5,1435,1440,76,5,0,1359
0x427b65,99.0403%,5,516,521,516,5,0,0
0x428e3b,96.2687%,5,129,134,0,0,5,129
0x44a97c,99.9215%,5,6362,6367,5272,0,5,1090
0x416c56,90.1961%,5,46,51,0,0,5,46
0x45fe5b,84.8485%,5,28,33,28,3,2,0
0x43511e,99.5434%,5,1090,1095,1090,5,0,0
0x414b58,99.6198%,5,1310,1315,1310,5,0,0
0x428eb1,99.5741%,5,1169,1174,1169,5,0,0
0x429376,99.375%,5,795,800,0,0,5,795
0x4291ae,99.375%,5,795,800,0,0,5,795
0x4155ff,99.6528%,5,1435,1440,0,0,5,1435
0x463553,99.2582%,5,669,674,669,5,0,0
0x428c97,99.3758%,5,796,801,0,0,5,796
0x4c97c4,95.9016%,5,117,122,0,0,5,117
0x416f4b,68.75%,5,11,16,11,2,3,0
0x428efa,99.5508%,5,1108,1113,0,0,5,1108
0x45d4f6,99.6635%,5,1481,1486,1481,5,0,0
0x4331e9,99.6528%,5,1435,1440,1435,5,0,0
0x433699,99.6528%,5,1435,1440,1435,5,0,0
0x428aae,99.3758%,5,796,801,0,0,5,796
0x4287be,99.5648%,5,1144,1149,597,2,3,547
0x44583d,99.232%,5,646,651,5,5,0,641
0x416922,70.5882%,5,12,17,0,0,5,12
0x40354c,99.9695%,5,16363,16368,16363,5,0,0
0x428450,72.2222%,5,13,18,0,0,5,13
0x428e26,96.4286%,5,135,140,4,2,3,131
0x45ecc0,99.9692%,5,16219,16224,16219,5,0,0
0x413afd,99.6324%,5,1355,1360,0,0,5,1355
0x45e15c,99.6528%,5,1435,1440,1435,5,0,0
0x401afc,99.9197%,5,6219,6224,0,0,5,6219
0x46e880,99.6528%,5,1435,1440,1356,3,2,79
0x45f715,93.8272%,5,76,81,0,2,3,76
0x413a84,99.6484%,5,1417,1422,0,0,5,1417
0x4c966c,99.9836%,5,30532,30537,30532,5,0,0
0x427871,96.9136%,5,157,162,0,0,5,157
0x46e8f0,99.7222%,4,1436,1440,1436,4,0,0
0x45ef1a,99.9014%,4,4052,4056,0,0,4,4052
0x440cb9,0%,4,0,4,0,4,0,0
0x44b48a,99.9372%,4,6363,6367,1091,4,0,5272
0x4392f5,99.6347%,4,1091,1095,1091,4,0,0
0x414f5f,99.7222%,4,1436,1440,1436,4,0,0
0x41434f,99.7222%,4,1436,1440,1418,4,0,18
0x440825,89.1892%,4,33,37,33,3,1,0
0x45d6e2,99.9245%,4,5292,5296,0,0,4,5292
0x418726,92.1569%,4,47,51,45,3,1,2
0x46e326,99.7222%,4,1436,1440,0,1,3,1436
0x441875,99.8864%,4,3516,3520,80,0,4,3436
0x42bc2c,99.6101%,4,1022,1026,6,4,0,1016
0x46e6b0,99.5086%,4,810,814,810,4,0,0
0x40d805,99.9991%,4,459796,459800,402322,3,1,57474
0x4401c4,90.2439%,4,37,41,37,3,1,0
0x44182b,99.8889%,4,3596,3600,0,0,4,3596
0x413ecb,99.7187%,4,1418,1422,0,0,4,1418
0x445783,99.3856%,4,647,651,0,0,4,647
0x418c49,92.1569%,4,47,51,33,1,3,14
0x43c942,99.6055%,4,1010,1014,0,0,4,1010
0x4147da,99.9074%,4,4316,4320,4316,4,0,0
0x414520,99.7222%,4,1436,1440,1436,4,0,0
0x445a80,99.8889%,4,3596,3600,3596,3,1,0
0x4287b6,99.6519%,4,1145,1149,0,0,4,1145
0x4400c2,99.8889%,4,3596,3600,0,0,4,3596
0x4155d4,99.7222%,4,1436,1440,1357,2,2,79
0x44013f,99.8889%,4,3596,3600,3596,3,1,0
0x4286f7,99.6519%,4,1145,1149,0,0,4,1145
0x434f43,98.8406%,4,341,345,0,0,4,341
0x45d7e2,99.3827%,4,644,648,0,0,4,644
0x416e2a,92.1569%,4,47,51,46,2,2,1
0x415179,99.7222%,4,1436,1440,78,3,1,1358
0x46e20a,99.7222%,4,1436,1440,1436,4,0,0
0x45d962,63.6364%,4,7,11,4,2,2,3
0x427860,97.5309%,4,158,162,0,0,4,158
0x4142bf,99.7222%,4,1436,1440,1356,4,0,80
0x42784f,97.5309%,4,158,162,0,0,4,158
0x45f89d,95.0617%,4,77,81,77,4,0,0
0x429497,76.4706%,4,13,17,13,4,0,0
0x46e561,99.7222%,4,1436,1440,0,0,4,1436
0x441406,0%,4,0,4,0,3,1,0
0x440dc6,0%,4,0,4,0,1,3,0
0x463c80,95.0617%,4,77,81,77,4,0,0
0x46a116,33.3333%,4,2,6,0,1,3,2
0x44af3d,99.9464%,4,7458,7462,1092,3,1,6366
0x463467,95.0617%,4,77,81,77,2,2,0
0x4289d2,99.6255%,3,798,801,0,0,3,798
0x46e567,99.7917%,3,1437,1440,1359,0,3,78
0x43a598,96.5517%,3,84,87,0,0,3,84
0x46e594,99.7792%,3,1356,1359,813,1,2,543
0x414ba9,99.7792%,3,1356,1359,1356,3,0,0
0x428ddb,97.7612%,3,131,134,0,0,3,131
0x46e5a5,99.7917%,3,1437,1440,0,0,3,1437
0x43fee7,85%,3,17,20,6,2,1,11
0x43eb3c,90.3226%,3,28,31,28,3,0,0
0x445a03,99.9167%,3,3597,3600,0,0,3,3597
0x441886,99.9117%,3,3394,3397,40,3,0,3354
0x439937,99.726%,3,1092,1095,0,0,3,1092
0x42bb7e,99.726%,3,1092,1095,0,0,3,1092
0x45fd13,99.6255%,3,798,801,798,3,0,0
0x4540d7,83.3333%,3,15,18,15,3,0,0
0x416de1,94.1176%,3,48,51,48,3,0,0
0x4290bc,99.625%,3,797,800,0,0,3,797
0x404aed,99.8958%,3,2877,2880,0,0,3,2877
0x46e585,99.7792%,3,1356,1359,0,0,3,1356
0x4613aa,96.2963%,3,78,81,0,0,3,78
0x45f104,96.2963%,3,78,81,78,3,0,0
0x471fdc,82.3529%,3,14,17,14,3,0,0
0x46a131,40%,3,2,5,0,3,0,2
0x413aed,99.7917%,3,1437,1440,80,0,3,1357
0x44b6e0,99.9529%,3,6364,6367,1092,3,0,5272
0x433131,99.7917%,3,1437,1440,0,0,3,1437
0x41e4c3,89.2857%,3,25,28,25,2,1,0
0x4332aa,99.7917%,3,1437,1440,1437,3,0,0
0x43fde4,75%,3,9,12,1,0,3,8
0x415406,96.2963%,3,78,81,78,3,0,0
0x427893,98.1481%,3,159,162,0,0,3,159
0x41567a,99.6314%,3,811,814,811,3,0,0
0x416c13,94.1176%,3,48,51,0,0,3,48
0x440d47,25%,3,1,4,1,3,0,0
0x428b62,99.6255%,3,798,801,0,0,3,798
0x463c6f,96.2963%,3,78,81,78,3,0,0
0x403439,99.8534%,3,2043,2046,0,0,3,2043
0x42a569,57.1429%,3,4,7,0,1,2,4
0x401a30,99.2288%,3,386,389,0,0,3,386
0x42bb75,99.726%,3,1092,1095,0,0,3,1092
0x460cf9,99.6648%,3,892,895,892,3,0,0
0x41e898,70%,3,7,10,7,3,0,0
0x42bd95,99.726%,3,1092,1095,0,0,3,1092
0x414516,99.7917%,3,1437,1440,0,0,3,1437
0x440d61,25%,3,1,4,1,3,0,0
0x43fdc9,90.9091%,3,30,33,0,1,2,30
0x46e1f3,99.7917%,3,1437,1440,0,0,3,1437
0x409f51,99.7085%,3,1026,1029,0,0,3,1026
0x4c9788,99.7429%,3,1164,1167,1095,2,1,69
0x4330ba,99.7917%,3,1437,1440,1437,3,0,0
0x40344b,99.8534%,3,2043,2046,0,0,3,2043
0x4482b3,99.9459%,3,5543,5546,4913,0,3,630
0x4291c3,99.625%,3,797,800,0,0,3,797
0x4c96c9,99.9892%,3,27654,27657,0,0,3,27654
0x46e0fb,99.7918%,3,1438,1441,1438,3,0,0
0x41482c,99.9306%,3,4317,4320,0,0,3,4317
0x42a56f,50%,3,3,6,3,3,0,0
0x461d12,99.6314%,3,811,814,811,3,0,0
0x43a3f6,99.726%,3,1092,1095,1092,3,0,0
0x460d64,99.6648%,3,892,895,0,0,3,892
0x472137,82.3529%,3,14,17,14,3,0,0
0x401f3b,99.8089%,3,1567,1570,1567,3,0,0
0x41e7d0,96.8421%,3,92,95,92,3,0,0
0x413a4a,99.7917%,3,1437,1440,16,2,1,1421
0x433199,99.7917%,3,1437,1440,1437,3,0,0
0x43365e,99.8611%,2,1438,1440,1438,2,0,0
0x4288b3,98.4%,2,123,125,0,0,2,123
0x46123c,97.5309%,2,79,81,0,0,2,79
0x45d8bc,99.8654%,2,1484,1486,0,0,2,1484
0x416fa3,96.0784%,2,49,51,49,2,0,0
0x445838,99.6928%,2,649,651,0,0,2,649
0x415504,99.8528%,2,1357,1359,1357,2,0,0
0x405f53,88.2353%,2,15,17,15,2,0,0
0x439471,99.8611%,2,1438,1440,1438,2,0,0
0x42bbcc,99.8174%,2,1093,1095,0,0,2,1093
0x4bdad5,93.75%,2,30,32,0,0,2,30
0x413b44,99.8436%,2,1277,1279,0,0,2,1277
0x471f9a,88.2353%,2,15,17,15,2,0,0
0x413c28,99.8511%,2,1341,1343,0,0,2,1341
0x415183,99.8528%,2,1357,1359,1357,2,0,0
0x4443f7,99.9241%,2,2634,2636,2572,0,2,62
0x44665e,99.7426%,2,775,777,0,2,0,775
0x418580,96.0784%,2,49,51,0,0,2,49
0x46e31d,99.8611%,2,1438,1440,0,0,2,1438
0x43c29d,99.3827%,2,322,324,322,2,0,0
0x404bd7,99.9306%,2,2878,2880,2878,2,0,0
0x44aff2,99.9686%,2,6365,6367,1093,2,0,5272
0x472707,33.3333%,2,1,3,1,1,1,0
0x47cd46,0%,2,0,2,0,0,2,0
0x4189a1,96.0784%,2,49,51,49,2,0,0
0x40602a,88.2353%,2,15,17,15,2,0,0
0x4146e5,99.9537%,2,4318,4320,4318,2,0,0
0x4338ce,99.8611%,2,1438,1440,1438,2,0,0
0x427c02,99.8924%,2,1857,1859,0,0,2,1857
0x4028fc,99.9973%,2,75408,75410,0,0,2,75408
0x439437,99.8174%,2,1093,1095,1093,2,0,0
0x43a4cb,99.9526%,2,4219,4221,4219,2,0,0
0x433011,99.8611%,2,1438,1440,0,0,2,1438
0x41e834,98.8024%,2,165,167,1,1,1,164
0x438ace,99.8174%,2,1093,1095,0,0,2,1093
0x43320c,99.8611%,2,1438,1440,0,0,2,1438
0x428094,88.8889%,2,16,18,16,2,0,0
0x46a0a2,33.3333%,2,1,3,0,0,2,1
0x471dc7,88.8889%,2,16,18,0,0,2,16
0x4c97ba,98.3607%,2,120,122,0,0,2,120
0x414840,99.9537%,2,4318,4320,1439,1,1,2879
0x4c971e,99.8286%,2,1165,1167,0,0,2,1165
0x4330da,99.8611%,2,1438,1440,1438,2,0,0
0x428c57,99.7503%,2,799,801,0,0,2,799
0x43942d,99.8174%,2,1093,1095,0,0,2,1093
0x404ca7,99.9782%,2,9177,9179,9177,2,0,0
0x42a618,99.8594%,2,1420,1422,78,1,1,1342
0x413f81,99.8611%,2,1438,1440,0,0,2,1438
0x413b90,99.8511%,2,1341,1343,0,0,2,1341
0x472025,88.2353%,2,15,17,15,2,0,0
0x43a563,99.8174%,2,1093,1095,1093,2,0,0
0x41789d,96.0784%,2,49,51,49,2,0,0
0x44128f,50%,2,2,4,2,2,0,0
0x47cd41,0%,2,0,2,0,0,2,0
0x401b9e,99.9679%,2,6222,6224,0,0,2,6222
0x401c1e,99.9679%,2,6222,6224,0,0,2,6222
0x45ec36,99.9507%,2,4054,4056,0,0,2,4054
0x45e3ed,99.4203%,2,343,345,343,2,0,0
0x46e34f,99.8611%,2,1438,1440,0,0,2,1438
0x427882,98.7654%,2,160,162,0,0,2,160
0x4338b2,99.8611%,2,1438,1440,1438,2,0,0
0x41498d,99.9537%,2,4318,4320,4318,2,0,0
0x42a3ab,99.7543%,2,812,814,812,2,0,0
0x440ddc,33.3333%,2,1,3,0,0,2,1
0x401a27,99.4859%,2,387,389,0,0,2,387
0x46e024,99.7543%,2,812,814,812,2,0,0
0x4335ac,99.8611%,2,1438,1440,1438,2,0,0
0x4bdb0a,99.6324%,2,542,544,542,2,0,0
0x414441,99.8611%,2,1438,1440,1358,2,0,80
0x46e648,97.5309%,2,79,81,0,0,2,79
0x45ff3b,0%,2,0,2,0,0,2,0
0x44ac8b,99.9732%,2,7460,7462,6367,0,2,1093
0x45e38a,97.5309%,2,79,81,79,2,0,0
0x42795e,99.9515%,2,4120,4122,0,0,2,4120
0x416b22,96.0784%,2,49,51,49,2,0,0
0x4454d4,93.9394%,2,31,33,0,0,2,31
0x429299,99.75%,2,798,800,0,0,2,798
0x485955,0%,2,0,2,0,2,0,0
0x428b77,99.7503%,2,799,801,0,0,2,799
0x45e0c4,99.8611%,2,1438,1440,1438,2,0,0
0x45dc93,99.651%,2,571,573,0,0,2,571
0x401baf,99.9679%,2,6222,6224,6222,2,0,0
0x43999b,99.8611%,2,1438,1440,1438,2,0,0
0x41a636,77.7778%,2,7,9,0,0,2,7
0x471f34,88.2353%,2,15,17,0,0,2,15
0x46e398,99.7765%,2,893,895,0,0,2,893
0x471f2d,88.2353%,2,15,17,0,0,2,15
0x412292,99.8028%,2,1012,1014,1012,2,0,0
0x46124d,97.5309%,2,79,81,79,2,0,0
0x402426,99.8726%,2,1568,1570,0,0,2,1568
0x461d03,99.7543%,2,812,814,0,0,2,812
0x4290d2,99.75%,2,798,800,0,0,2,798
0x46a0e5,33.3333%,2,1,3,0,2,0,1
0x461387,97.5309%,2,79,81,0,0,2,79
0x42794e,99.9515%,2,4120,4122,0,0,2,4120
0x4293bb,99.75%,2,798,800,0,0,2,798
0x43950f,99.8611%,2,1438,1440,1438,2,0,0
0x441838,99.9722%,1,3599,3600,0,0,1,3599
0x45e6f3,99.9014%,1,1013,1014,1013,1,0,0
0x445833,99.8464%,1,650,651,0,0,1,650
0x44002b,0%,1,0,1,0,0,1,0
0x46b547,0%,1,0,1,0,1,0,0
0x46b4b0,0%,1,0,1,0,0,1,0
0x4129a9,99.9014%,1,1013,1014,0,0,1,1013
0x40297d,99.9987%,1,75409,75410,0,0,1,75409
0x4029fb,99.9987%,1,75409,75410,0,0,1,75409
0x4155f9,99.9306%,1,1439,1440,0,0,1,1439
0x456c45,0%,1,0,1,0,1,0,0
0x46ddde,0%,1,0,1,0,1,0,0
0x43fff1,91.6667%,1,11,12,11,1,0,0
0x441450,0%,1,0,1,0,0,1,0
0x43ff7f,75%,1,3,4,3,1,0,0
0x441201,0%,1,0,1,0,1,0,0
0x46c008,0%,1,0,1,0,0,1,0
0x414fca,99.9306%,1,1439,1440,1439,1,0,0
0x401bfb,99.9839%,1,6223,6224,0,0,1,6223
0x4394fe,99.9306%,1,1439,1440,0,0,1,1439
0x452ea5,0%,1,0,1,0,1,0,0
0x4029a0,99.9987%,1,75409,75410,0,0,1,75409
0x45fe24,75%,1,3,4,0,0,1,3
0x46b086,0%,1,0,1,0,1,0,0
0x4351c2,99.9087%,1,1094,1095,0,0,1,1094
0x46b8a2,0%,1,0,1,0,1,0,0
0x41e6f3,75%,1,3,4,0,0,1,3
0x4418a6,99.5935%,1,245,246,245,1,0,0
0x43e024,0%,1,0,1,0,1,0,0
0x413b2d,99.9265%,1,1359,1360,0,0,1,1359
0x4412ed,66.6667%,1,2,3,2,1,0,0
0x45fedc,66.6667%,1,2,3,0,0,1,2
0x4352a7,99.9087%,1,1094,1095,0,0,1,1094
0x41237a,99.9014%,1,1013,1014,1013,1,0,0
0x46d239,0%,1,0,1,0,0,1,0
0x46a509,0%,1,0,1,0,1,0,0
0x46b6de,0%,1,0,1,0,0,1,0
0x41442b,99.9306%,1,1439,1440,0,0,1,1439
0x441182,0%,1,0,1,0,0,1,0
0x46dd46,0%,1,0,1,0,1,0,0
0x46b6f6,0%,1,0,1,0,0,1,0
0x46dc90,0%,1,0,1,0,0,1,0
0x41447d,99.9306%,1,1439,1440,1421,1,0,18
0x46d883,0%,1,0,1,0,1,0,0
0x46d7ea,0%,1,0,1,0,0,1,0
0x453ce3,0%,1,0,1,0,0,1,0
0x46d46d,0%,1,0,1,0,1,0,0
0x46a2f6,0%,1,0,1,0,1,0,0
0x46d44b,0%,1,0,1,0,0,1,0
0x46d2ac,0%,1,0,1,0,1,0,0
0x46b639,0%,1,0,1,0,1,0,0
0x41378b,0%,1,0,1,0,0,1,0
0x4135b0,0%,1,0,1,0,0,1,0
0x46e1dc,99.9306%,1,1439,1440,0,0,1,1439
0x46cd43,0%,1,0,1,0,1,0,0
0x46ca9d,0%,1,0,1,0,1,0,0
0x46ca69,0%,1,0,1,0,1,0,0
0x413702,0%,1,0,1,0,0,1,0
0x46c521,0%,1,0,1,0,1,0,0
0x413707,0%,1,0,1,0,0,1,0
0x438cf2,99.9087%,1,1094,1095,1094,1,0,0
0x46c37f,0%,1,0,1,0,1,0,0
0x46c29c,0%,1,0,1,0,1,0,0
0x46c162,0%,1,0,1,0,1,0,0
0x413797,0%,1,0,1,0,1,0,0
0x452d04,0%,1,0,1,0,1,0,0
0x4338a5,99.9306%,1,1439,1440,0,0,1,1439
0x4336e3,99.9306%,1,1439,1440,1439,1,0,0
0x440179,97.561%,1,40,41,0,0,1,40
0x44a96e,99.9866%,1,7461,7462,1094,1,0,6367
0x44004d,0%,1,0,1,0,0,1,0
0x4135de,0%,1,0,1,0,0,1,0
0x44016b,0%,1,0,1,0,0,1,0
0x46d5b2,0%,1,0,1,0,1,0,0
0x4137ee,0%,1,0,1,0,0,1,0
0x43eb32,96.7742%,1,30,31,0,0,1,30
0x471dbf,94.4444%,1,17,18,0,0,1,17
0x456bcb,0%,1,0,1,0,1,0,0
0x4331e4,99.9306%,1,1439,1440,0,0,1,1439
0x440235,0%,1,0,1,0,1,0,0
0x41474d,99.9769%,1,4319,4320,4319,1,0,0
0x46dc56,0%,1,0,1,0,1,0,0
0x415042,99.9306%,1,1439,1440,1439,1,0,0
0x46cf5c,0%,1,0,1,0,1,0,0
0x439320,99.9014%,1,1013,1014,1013,1,0,0
0x454b83,99.9306%,1,1439,1440,0,0,1,1439
0x453e7b,0%,1,0,1,0,1,0,0
0x453fce,0%,1,0,1,0,1,0,0
0x471b9f,0%,1,0,1,0,0,1,0
0x414936,99.9306%,1,1439,1440,1439,1,0,0
0x45fe80,50%,1,1,2,0,0,1,1
0x43c954,99.9014%,1,1013,1014,0,0,1,1013
0x415340,99.8924%,1,928,929,0,0,1,928
0x45d14f,99.9014%,1,1013,1014,0,0,1,1013
0x46b404,0%,1,0,1,0,1,0,0
0x45f992,99.5%,1,199,200,0,0,1,199
0x47cd58,50%,1,1,2,0,0,1,1
0x4574dc,0%,1,0,1,0,1,0,0
0x44125c,0%,1,0,1,0,0,1,0
0x4293a7,99.875%,1,799,800,0,0,1,799
0x42bc7a,99.9087%,1,1094,1095,0,0,1,1094
0x438ae7,99.9087%,1,1094,1095,0,0,1,1094
0x413892,0%,1,0,1,0,0,1,0
0x484a45,0%,1,0,1,0,0,1,0
0x46a08c,0%,1,0,1,0,0,1,0
0x453496,0%,1,0,1,0,1,0,0
0x4418cb,97.7778%,1,44,45,44,0,1,0
0x440f56,0%,1,0,1,0,0,1,0
0x46a92c,0%,1,0,1,0,1,0,0
0x47268b,0%,1,0,1,0,1,0,0
0x404ca2,99.9891%,1,9178,9179,0,0,1,9178
0x4c97a9,99.1803%,1,121,122,0,0,1,121
0x4129b6,99.9014%,1,1013,1014,0,0,1,1013
0x471d7e,94.7368%,1,18,19,1,0,1,17
0x441791,0%,1,0,1,0,0,1,0
0x440ff2,0%,1,0,1,0,1,0,0
0x44b24c,99.9843%,1,6366,6367,0,0,1,6366
0x4151b0,99.9306%,1,1439,1440,1439,1,0,0
0x440dfb,0%,1,0,1,0,1,0,0
0x453b7e,0%,1,0,1,0,1,0,0
0x46c3d3,0%,1,0,1,0,1,0,0
0x405216,99.6324%,1,271,272,0,0,1,271
0x402acb,99.9967%,1,30119,30120,30119,1,0,0
0x445797,99.8353%,1,606,607,0,0,1,606
0x484a4b,0%,1,0,1,0,0,1,0
0x44485c,99.9621%,1,2635,2636,2635,0,1,0
0x441112,0%,1,0,1,0,0,1,0
0x4352fb,99.9087%,1,1094,1095,1094,1,0,0
0x4859a3,50%,1,1,2,0,0,1,1
0x4846f2,0%,1,0,1,0,1,0,0
0x470024,0%,1,0,1,0,1,0,0
0x440e50,0%,1,0,1,0,0,1,0
0x404c03,99.9891%,1,9178,9179,0,0,1,9178
0x43ee92,96.875%,1,31,32,31,1,0,0
0x4331dc,99.9306%,1,1439,1440,0,0,1,1439
0x453988,0%,1,0,1,0,1,0,0
0x46c192,0%,1,0,1,0,1,0,0
0x472670,75%,1,3,4,3,0,1,0
0x46b848,0%,1,0,1,0,0,1,0
0x4459c1,0%,1,0,1,0,0,1,0
0x471b1a,0%,1,0,1,0,1,0,0
0x416e79,66.6667%,1,2,3,0,0,1,2
0x46fff4,0%,1,0,1,0,1,0,0
0x453c38,0%,1,0,1,0,1,0,0
0x453b4c,0%,1,0,1,0,0,1,0
0x46dea9,0%,1,0,1,0,0,1,0
0x46b3f4,0%,1,0,1,0,0,1,0
0x441131,0%,1,0,1,0,0,1,0
0x44492c,99.981%,1,5271,5272,0,0,1,5271
0x469ed1,0%,1,0,1,0,1,0,0
0x441455,0%,1,0,1,0,0,1,0
0x404f4f,99.6324%,1,271,272,0,0,1,271
0x471d48,94.7368%,1,18,19,18,1,0,0
0x469e8f,0%,1,0,1,0,1,0,0
0x4726d5,0%,1,0,1,0,0,1,0
0x46e198,94.7368%,1,18,19,0,0,1,18
0x471bd1,0%,1,0,1,0,1,0,0
0x47001f,0%,1,0,1,0,0,1,0
0x452a21,0%,1,0,1,0,1,0,0
0x440e17,0%,1,0,1,0,0,1,0
0x40519a,99.6324%,1,271,272,271,1,0,0
0x46b309,0%,1,0,1,0,1,0,0
0x43dffd,0%,1,0,1,0,0,1,0
0x41488e,99.9653%,1,2879,2880,0,0,1,2879
0x46c4b5,0%,1,0,1,0,1,0,0
0x453b3f,0%,1,0,1,0,0,1,0
0x452cec,0%,1,0,1,0,0,1,0
0x47261d,0%,1,0,1,0,0,1,0
0x452f9d,0%,1,0,1,0,1,0,0
0x46b4f9,0%,1,0,1,0,0,1,0
0x41e813,0%,1,0,1,0,0,1,0
0x4411f9,0%,1,0,1,0,0,1,0
0x46aa8b,0%,1,0,1,0,1,0,0
0x453da0,0%,1,0,1,0,0,1,0
0x41a688,0%,1,0,1,0,0,1,0
0x46a1f7,0%,1,0,1,0,0,1,0
0x469d08,0%,1,0,1,0,1,0,0
0x47ca10,0%,1,0,1,0,1,0,0
0x453ab8,0%,1,0,1,0,0,1,0
0x405227,99.6324%,1,271,272,0,0,1,271
0x4351d1,99.9087%,1,1094,1095,1094,1,0,0
0x405205,99.6324%,1,271,272,0,0,1,271
0x4155a6,99.9306%,1,1439,1440,0,0,1,1439
0x469f2b,0%,1,0,1,0,0,1,0
0x405f63,94.1176%,1,16,17,0,0,1,16
0x4138a8,0%,1,0,1,0,0,1,0
0x445402,96.9697%,1,32,33,0,0,1,32
0x416e33,66.6667%,1,2,3,0,0,1,2
0x405247,99.6324%,1,271,272,271,1,0,0
0x4bda78,99.8162%,1,543,544,0,0,1,543
0x46dcef,0%,1,0,1,0,1,0,0
0x484a83,0%,1,0,1,0,0,1,0
0x416b38,98.0392%,1,50,51,50,1,0,0
0x416931,94.1176%,1,16,17,0,0,1,16
0x44558a,99.9327%,1,1484,1485,0,0,1,1484
0x453cc2,0%,1,0,1,0,1,0,0
0x42a40b,50%,1,1,2,0,0,1,1
0x45f852,50%,1,1,2,1,1,0,0
0x428fb8,99.9102%,1,1112,1113,0,0,1,1112
0x46db77,0%,1,0,1,0,1,0,0
0x41e643,91.6667%,1,11,12,0,0,1,11
0x43df78,0%,1,0,1,0,1,0,0
0x4186c5,98.0392%,1,50,51,50,1,0,0
0x484e28,0%,1,0,1,0,1,0,0
0x46b46c,0%,1,0,1,0,0,1,0
0x484a59,0%,1,0,1,0,1,0,0
0x402844,99.9967%,1,30119,30120,0,0,1,30119
0x440e8a,0%,1,0,1,0,0,1,0
0x413c3f,99.9208%,1,1261,1262,0,0,1,1261
0x414e0d,99.9264%,1,1358,1359,0,0,1,1358
0x41776b,94.1176%,1,16,17,0,0,1,16
0x417182,94.1176%,1,16,17,16,1,0,0
0x4457e6,99.8311%,1,591,592,0,0,1,591
0x441326,0%,1,0,1,0,1,0,0
0x46ded6,0%,1,0,1,0,1,0,0
0x405631,99.6324%,1,271,272,271,1,0,0
0x471dd2,94.4444%,1,17,18,0,0,1,17
0x453d11,0%,1,0,1,0,1,0,0
0x485a0c,50%,1,1,2,1,1,0,0
0x456bc9,0%,1,0,1,0,0,1,0
0x440e1d,0%,1,0,1,0,0,1,0
0x413e59,99.9297%,1,1421,1422,0,0,1,1421
0x414e00,99.9264%,1,1358,1359,0,0,1,1358
0x4279bf,99.974%,1,3842,3843,0,0,1,3842
0x4335e5,99.9303%,1,1434,1435,1434,1,0,0
0x42a368,99.8771%,1,813,814,0,0,1,813
0x42a3a6,99.8771%,1,813,814,0,0,1,813
0x4024ef,99.9363%,1,1569,1570,1569,1,0,0
0x413bd7,99.9208%,1,1262,1263,0,0,1,1262
0x453bd5,0%,1,0,1,0,0,1,0
0x46a208,0%,1,0,1,0,1,0,0
0x440d94,75%,1,3,4,3,1,0,0
0x434f0e,99.7101%,1,344,345,0,0,1,344
0x43ee2a,96.9697%,1,32,33,32,0,1,0
0x4152e9,99.9306%,1,1439,1440,81,0,1,1358
0x46cea8,0%,1,0,1,0,0,1,0
0x4412b3,75%,1,3,4,1,0,1,2
0x4278d9,98.6111%,1,71,72,0,0,1,71
0x44af2e,99.9866%,1,7461,7462,0,0,1,7461
0x413f33,99.9306%,1,1439,1440,1439,1,0,0
0x406007,94.1176%,1,16,17,0,0,1,16
0x401b77,99.9839%,1,6223,6224,0,0,1,6223
0x440e84,0%,1,0,1,0,0,1,0
0x412950,99.9014%,1,1013,1014,1013,1,0,0
0x404f72,99.6324%,1,271,272,0,0,1,271
0x453c2b,100%,0,1,1,0,0,0,1
0x40283b,100%,0,30120,30120,0,0,0,30120
0x4410cc,100%,0,1,1,0,0,0,1
0x445ed6,100%,0,1095,1095,0,0,0,1095
0x452aa2,100%,0,1,1,1,0,0,0
0x47267d,100%,0,1,1,0,0,0,1
0x44afde,100%,0,6367,6367,0,0,0,6367
0x402a52,100%,0,205016,205016,0,0,0,205016
0x4029b1,100%,0,75410,75410,75410,0,0,0
0x44aeed,100%,0,7462,7462,7462,0,0,0
0x440e30,100%,0,4,4,3,0,0,1
0x46c0a9,100%,0,1,1,1,0,0,0
0x440eb9,100%,0,1,1,0,0,0,1
0x41377a,100%,0,1,1,0,0,0,1
0x4412db,100%,0,3,3,3,0,0,0
0x4289bc,100%,0,801,801,0,0,0,801
0x46ffe1,100%,0,1,1,0,0,0,1
0x46a2b2,100%,0,1,1,0,0,0,1
0x46cc9f,100%,0,1,1,1,0,0,0
0x441561,100%,0,1,1,0,0,0,1
0x46b72f,100%,0,1,1,1,0,0,0
0x484a67,100%,0,1,1,1,0,0,0
0x46b80b,100%,0,1,1,1,0,0,0
0x43df39,100%,0,1,1,1,0,0,0
0x46a07a,100%,0,1,1,0,0,0,1
0x43350d,100%,0,1440,1440,1440,0,0,0
0x44003b,100%,0,1,1,0,0,0,1
0x453b72,100%,0,1,1,0,0,0,1
0x4129bf,100%,0,1014,1014,0,0,0,1014
0x46dd83,100%,0,1,1,0,0,0,1
0x405ec7,100%,0,1485,1485,0,0,0,1485
0x402406,100%,0,1570,1570,0,0,0,1570
0x47cdc8,100%,0,2,2,0,0,0,2
0x485ac9,100%,0,2,2,2,0,0,0
0x413aab,100%,0,1342,1342,0,0,0,1342
0x404ec7,100%,0,272,272,0,0,0,272
0x401cd1,100%,0,389,389,389,0,0,0
0x412306,100%,0,1014,1014,1014,0,0,0
0x45e56c,100%,0,1014,1014,1014,0,0,0
0x45d35d,100%,0,131,131,0,0,0,131
0x484cb8,100%,0,1,1,1,0,0,0
0x4278c7,100%,0,82,82,0,0,0,82
0x453aef,100%,0,1,1,1,0,0,0
0x471eca,100%,0,18,18,0,0,0,18
0x471f01,100%,0,18,18,0,0,0,18
0x46e651,100%,0,81,81,81,0,0,0
0x416f5a,100%,0,3,3,3,0,0,0
0x404da7,100%,0,17,17,0,0,0,17
0x404f97,100%,0,272,272,272,0,0,0
0x472006,100%,0,17,17,0,0,0,17
0x46e339,100%,0,720,720,0,0,0,720
0x413bc0,100%,0,1343,1343,0,0,0,1343
0x43c12f,100%,0,81,81,81,0,0,0
0x43c14c,100%,0,81,81,0,0,0,81
0x415364,100%,0,1440,1440,0,0,0,1440
0x43c173,100%,0,81,81,81,0,0,0
0x42a411,100%,0,2,2,2,0,0,0
0x445f80,100%,0,1095,1095,0,0,0,1095
0x469ea3,100%,0,1,1,1,0,0,0
0x46b7ca,100%,0,1,1,1,0,0,0
0x46cce1,100%,0,1,1,0,0,0,1
0x4129ae,100%,0,1014,1014,0,0,0,1014
0x4353b9,100%,0,1095,1095,1095,0,0,0
0x46a02d,100%,0,1,1,0,0,0,1
0x438adb,100%,0,1095,1095,0,0,0,1095
0x41513f,100%,0,1440,1440,1440,0,0,0
0x46a25f,100%,0,1,1,1,0,0,0
0x435406,100%,0,1095,1095,0,0,0,1095
0x46b07d,100%,0,1,1,0,0,0,1
0x46cf1f,100%,0,1,1,1,0,0,0
0x46d5df,100%,0,1,1,1,0,0,0
0x452d1c,100%,0,1,1,0,0,0,1
0x44589b,100%,0,592,592,0,0,0,592
0x46a6de,100%,0,1,1,1,0,0,0
0x438d8c,100%,0,1095,1095,1095,0,0,0
0x4414cf,100%,0,1,1,0,0,0,1
0x4414d9,100%,0,1,1,1,0,0,0
0x43c3a7,100%,0,1440,1440,0,0,0,1440
0x46ffcc,100%,0,1,1,0,0,0,1
0x471efa,100%,0,18,18,0,0,0,18
0x46a13e,100%,0,1,1,1,0,0,0
0x439995,100%,0,1440,1440,0,0,0,1440
0x441594,100%,0,1,1,1,0,0,0
0x46ccd3,100%,0,1,1,0,0,0,1
0x45e1b3,100%,0,1440,1440,0,0,0,1440
0x45e546,100%,0,1014,1014,0,0,0,1014
0x453ab4,100%,0,1,1,0,0,0,1
0x4129a4,100%,0,1014,1014,0,0,0,1014
0x44bc2a,100%,0,1095,1095,0,0,0,1095
0x46b22c,100%,0,1,1,1,0,0,0
0x4442d3,100%,0,2524,2524,31,0,0,2493
0x452ecc,100%,0,1,1,0,0,0,1
0x404008,100%,0,27256,27256,23849,0,0,3407
0x46e838,100%,0,1440,1440,0,0,0,1440
0x4410e1,100%,0,1,1,0,0,0,1
0x445995,100%,0,1,1,0,0,0,1
0x44b6e5,100%,0,5272,5272,5272,0,0,0
0x44b300,100%,0,6367,6367,6367,0,0,0
0x444991,100%,0,5272,5272,0,0,0,5272
0x46b2c1,100%,0,1,1,0,0,0,1
0x446691,100%,0,775,775,775,0,0,0
0x46a2d0,100%,0,1,1,0,0,0,1
0x46d249,100%,0,1,1,0,0,0,1
0x453be6,100%,0,1,1,1,0,0,0
0x46d300,100%,0,1,1,1,0,0,0
0x433335,100%,0,18,18,18,0,0,0
0x441896,100%,0,246,246,0,0,0,246
0x444bb7,100%,0,770,770,770,0,0,0
0x4459a9,100%,0,1,1,1,0,0,0
0x471ae3,100%,0,1,1,1,0,0,0
0x43a3c1,100%,0,1095,1095,1095,0,0,0
0x46b7f8,100%,0,1,1,0,0,0,1
0x46b7c0,100%,0,1,1,0,0,0,1
0x402d24,100%,0,29474,29474,29474,0,0,0
0x42796e,100%,0,4122,4122,0,0,0,4122
0x46dfd4,100%,0,1,1,0,0,0,1
0x471cc2,100%,0,1,1,1,0,0,0
0x44acbb,100%,0,6367,6367,0,0,0,6367
0x471c40,100%,0,1,1,0,0,0,1
0x471b14,100%,0,1,1,0,0,0,1
0x435275,100%,0,1095,1095,0,0,0,1095
0x402a96,100%,0,205016,205016,205016,0,0,0
0x44afd1,100%,0,6367,6367,0,0,0,6367
0x4450f7,100%,0,2637,2637,0,0,0,2637
0x46b4a2,100%,0,1,1,0,0,0,1
0x46b3d4,100%,0,1,1,0,0,0,1
0x46b2f1,100%,0,1,1,0,0,0,1
0x453117,100%,0,1,1,1,0,0,0
0x4726a5,100%,0,1,1,0,0,0,1
0x46b2de,100%,0,1,1,1,0,0,0
0x440e38,100%,0,1,1,1,0,0,0
0x46ce18,100%,0,1,1,1,0,0,0
0x4410ea,100%,0,1,1,0,0,0,1
0x43feb6,100%,0,7,7,0,0,0,7
0x46ce66,100%,0,1,1,0,0,0,1
0x471baf,100%,0,1,1,0,0,0,1
0x43fe52,100%,0,7,7,0,0,0,7
0x44b54d,100%,0,6367,6367,6367,0,0,0
0x413bf8,100%,0,1343,1343,0,0,0,1343
0x46b3a8,100%,0,1,1,0,0,0,1
0x439940,100%,0,1095,1095,1095,0,0,0
0x44afb7,100%,0,6367,6367,0,0,0,6367
0x46ca43,100%,0,1,1,0,0,0,1
0x4482ca,100%,0,1454,1454,0,0,0,1454
0x46c77e,100%,0,1,1,1,0,0,0
0x414980,100%,0,1440,1440,0,0,0,1440
0x46c705,100%,0,1,1,0,0,0,1
0x403f48,100%,0,3407,3407,0,0,0,3407
0x4442f8,100%,0,143,143,0,0,0,143
0x414120,100%,0,1440,1440,1440,0,0,0
0x47ca06,100%,0,1,1,0,0,0,1
0x404f83,100%,0,272,272,0,0,0,272
0x4407fc,100%,0,1,1,0,0,0,1
0x440159,100%,0,1,1,0,0,0,1
0x453031,100%,0,1,1,1,0,0,0
0x440150,100%,0,1,1,0,0,0,1
0x46bfde,100%,0,1,1,1,0,0,0
0x46a5d5,100%,0,1,1,1,0,0,0
0x440068,100%,0,1,1,0,0,0,1
0x471f65,100%,0,17,17,0,0,0,17
0x4574e9,100%,0,1,1,1,0,0,0
0x4449ed,100%,0,5272,5272,5272,0,0,0
0x4449d7,100%,0,5272,5272,64,0,0,5208
0x43edb1,100%,0,32,32,0,0,0,32
0x413871,100%,0,1,1,1,0,0,0
0x444514,100%,0,2636,2636,0,0,0,2636
0x46db18,100%,0,1,1,0,0,0,1
0x47ca59,100%,0,1,1,1,0,0,0
0x441702,100%,0,1,1,1,0,0,0
0x44a8eb,100%,0,7462,7462,7462,0,0,0
0x4442e5,100%,0,2493,2493,0,0,0,2493
0x445895,100%,0,592,592,0,0,0,592
0x4457ec,100%,0,592,592,0,0,0,592
0x441168,100%,0,1,1,0,0,0,1
0x43ee59,100%,0,1,1,0,0,0,1
0x445959,100%,0,20,20,20,0,0,0
0x46ca3a,100%,0,1,1,0,0,0,1
0x441338,100%,0,1,1,1,0,0,0
0x471d75,100%,0,19,19,0,0,0,19
0x46cc79,100%,0,1,1,0,0,0,1
0x46a1d6,100%,0,1,1,1,0,0,0
0x444d81,100%,0,2637,2637,2637,0,0,0
0x453e42,100%,0,1,1,1,0,0,0
0x41e00e,100%,0,1,1,1,0,0,0
0x46c8ea,100%,0,1,1,1,0,0,0
0x44aa89,100%,0,6367,6367,0,0,0,6367
0x46de6c,100%,0,1,1,1,0,0,0
0x46c01d,100%,0,1,1,1,0,0,0
0x452e5f,100%,0,1,1,1,0,0,0
0x445156,100%,0,2637,2637,0,0,0,2637
0x44b48f,100%,0,5272,5272,5272,0,0,0
0x46d8b7,100%,0,1,1,1,0,0,0
0x43c94b,100%,0,1014,1014,0,0,0,1014
0x4332a3,100%,0,1440,1440,0,0,0,1440
0x4461e7,100%,0,6367,6367,0,0,0,6367
0x44b0b9,100%,0,6367,6367,6367,0,0,0
0x46db0a,100%,0,1,1,0,0,0,1
0x484a75,100%,0,1,1,1,0,0,0
0x433194,100%,0,1440,1440,0,0,0,1440
0x4416f4,100%,0,1,1,0,0,0,1
0x444b9c,100%,0,1966,1966,1867,0,0,99
0x46dbcf,100%,0,1,1,1,0,0,0
0x46d808,100%,0,1,1,1,0,0,0
0x46a2c2,100%,0,1,1,0,0,0,1
0x4145f4,100%,0,1440,1440,0,0,0,1440
0x44ad5e,100%,0,6367,6367,6367,0,0,0
0x46be59,100%,0,1,1,0,0,0,1
0x45299e,100%,0,1,1,1,0,0,0
0x46d420,100%,0,1,1,0,0,0,1
0x484a89,100%,0,1,1,0,0,0,1
0x44b7a2,100%,0,6368,6368,6368,0,0,0
0x414210,100%,0,1440,1440,0,0,0,1440
0x46c2f0,100%,0,1,1,1,0,0,0
0x46a30f,100%,0,1,1,1,0,0,0
0x46c9e0,100%,0,1,1,1,0,0,0
0x46c6fd,100%,0,1,1,0,0,0,1
0x404c1d,100%,0,9179,9179,0,0,0,9179
0x46c55e,100%,0,1,1,1,0,0,0
0x46c461,100%,0,1,1,1,0,0,0
0x4444f2,100%,0,2636,2636,2636,0,0,0
0x484b74,100%,0,1,1,1,0,0,0
0x46d38e,100%,0,1,1,1,0,0,0
0x44465e,100%,0,2636,2636,2636,0,0,0
0x46b88b,100%,0,1,1,1,0,0,0
0x41388e,100%,0,1,1,0,0,0,1
0x44affd,100%,0,5272,5272,5272,0,0,0
0x46c046,100%,0,1,1,1,0,0,0
0x46ced1,100%,0,1,1,1,0,0,0
0x41a666,100%,0,1,1,0,0,0,1
0x44ac6d,100%,0,394,394,0,0,0,394
0x441004,100%,0,1,1,1,0,0,0
0x4136a6,100%,0,1,1,0,0,0,1
0x4135e9,100%,0,1,1,1,0,0,0
0x444b83,100%,0,2637,2637,0,0,0,2637
0x453e56,100%,0,1,1,1,0,0,0
0x46d7fa,100%,0,1,1,0,0,0,1
0x46c73e,100%,0,1,1,1,0,0,0
0x445162,100%,0,2637,2637,0,0,0,2637
0x405f8f,100%,0,17,17,0,0,0,17
0x44b97a,100%,0,879,879,0,0,0,879
0x46c087,100%,0,1,1,1,0,0,0
0x46d49b,100%,0,1,1,1,0,0,0
0x46c611,100%,0,1,1,1,0,0,0
0x43ed7e,100%,0,32,32,32,0,0,0
0x471cb2,100%,0,1,1,0,0,0,1
0x46d3e3,100%,0,1,1,1,0,0,0
0x445d0f,100%,0,5272,5272,0,0,0,5272
0x46d24d,100%,0,1,1,0,0,0,1
0x44afc4,100%,0,6367,6367,0,0,0,6367
0x445c2c,100%,0,5272,5272,0,0,0,5272
0x46cd90,100%,0,1,1,1,0,0,0
0x444355,100%,0,2636,2636,2636,0,0,0
0x440e91,100%,0,1,1,0,0,0,1
