Branch PC,Accuracy,Mispredictions,Correct Predictions,Total,dir_t_pred_t,dir_t_pred_nt,dir_nt_pred_t,dir_nt_pred_nt
aggregate,98.095%,131719,6782598,6914317,3951429,62852,68867,2831169
0x41e591,82.5321%,10428,49270,59698,40196,3952,6476,9074
0x41e5cf,89.5558%,6235,53463,59698,53191,878,5357,272
0x429c2f,90.6686%,4532,44035,48567,4781,2829,1703,39254
0x429c82,90.72%,4507,44060,48567,4729,2737,1770,39331
0x429be2,92.6661%,4341,54850,59191,3886,2801,1540,50964
0x429d4f,82.515%,3618,17074,20692,14662,857,2761,2412
0x429b8e,82.8629%,3546,17146,20692,2894,2252,1294,14252
0x463a56,69.6843%,3399,7813,11212,1628,2075,1324,6185
0x429d35,94.6465%,3329,58855,62184,45642,996,2333,13213
0x429bfc,94.2976%,2994,49510,52504,1993,1944,1050,47517
0x45ed2a,79.0835%,2935,11097,14032,9760,907,2028,1337
0x429ab4,85.9348%,2615,15977,18592,2033,1695,920,13944
0x445f99,80.9655%,2488,10583,13071,3396,1484,1004,7187
0x463c2c,70.3356%,2245,5323,7568,2055,1164,1081,3268
0x429bc6,96.4718%,2194,59990,62184,1468,1525,669,58522
0x429dc2,90.2431%,2159,19969,22128,4095,1239,920,15874
0x463b73,74.26%,1948,5620,7568,4729,710,1238,891
0x463702,62.9521%,1516,2576,4092,288,1079,437,2288
0x429a26,96.9396%,1515,47989,49504,651,1071,444,47338
0x463a91,81.409%,1396,6113,7509,3585,705,691,2528
0x427c15,86.7685%,1273,8348,9621,1907,1021,252,6441
0x446639,67.2507%,1271,2610,3881,742,801,470,1868
0x41e67e,86.2296%,1172,7339,8511,7302,134,1038,37
0x4636c8,88.2292%,1130,8470,9600,4992,516,614,3478
0x429aeb,93.468%,1112,15912,17024,12524,244,868,3388
0x463bb5,65.1043%,1020,1903,2923,1534,368,652,369
0x43a53a,76.3818%,1017,3289,4306,1644,358,659,1645
0x429ac2,93.232%,1006,13858,14864,13169,307,699,689
0x426ca7,50.4334%,915,931,1846,506,438,477,425
0x45edad,93.5148%,910,13122,14032,10224,300,610,2898
0x426c80,50.7584%,909,937,1846,561,401,508,376
0x426c57,50.7584%,909,937,1846,504,453,456,433
0x426cce,51.4626%,896,950,1846,604,400,496,346
0x463b98,60.4509%,842,1287,2129,691,417,425,596
0x4279f5,74.8256%,830,2467,3297,233,588,242,2234
0x402828,94.1769%,804,13003,13807,7835,403,401,5168
0x446034,94.1856%,760,12311,13071,11356,151,609,955
0x433027,68.3062%,741,1597,2338,1424,245,496,173
0x429b06,82.7538%,734,3522,4256,1795,333,401,1727
0x429a34,98.4764%,728,47054,47782,46445,186,542,609
0x42a014,91.5365%,715,7733,8448,673,465,250,7060
0x45efeb,79.7605%,710,2798,3508,2517,114,596,281
0x429a46,98.5819%,702,48802,49504,36914,214,488,11888
0x4279ae,81.1502%,649,2794,3443,68,542,107,2726
0x463745,93.4271%,631,8969,9600,8951,49,582,18
0x463650,60.6505%,617,951,1568,597,285,332,354
0x4279e1,86.7309%,606,3961,4567,109,484,122,3852
0x45f2a3,82.2321%,597,2763,3360,2446,208,389,317
0x429ad3,96.8535%,585,18007,18592,13684,260,325,4323
0x44ac5d,64.0026%,563,1001,1564,576,295,268,425
0x463da2,68.2416%,531,1141,1672,400,329,202,741
0x429f3a,97.6365%,523,21605,22128,16462,134,389,5143
0x405189,99.364%,511,79841,80352,79841,15,496,0
0x45faf4,92.0632%,507,5881,6388,5796,129,378,85
0x42a125,94.6306%,500,8812,9312,8695,35,465,117
0x405608,98.7654%,496,39680,40176,39680,0,496,0
0x404f3c,99.9231%,496,644800,645296,644800,0,496,0
0x45db5e,53.418%,477,547,1024,276,236,241,271
0x45da5f,53.9014%,449,525,974,360,189,260,165
0x427bb5,78.1138%,427,1524,1951,546,245,182,978
0x4340a0,55.87%,421,533,954,288,189,232,245
0x429c34,99.0038%,408,40549,40957,1978,225,183,38571
0x4634d7,81.3694%,400,1747,2147,1718,70,330,29
0x426d24,90.8376%,396,3926,4322,1462,195,201,2464
0x45d2a8,66.2326%,389,763,1152,453,191,198,310
0x427a07,84.5315%,383,2093,2476,1797,125,258,296
0x401a1b,75.7634%,381,1191,1572,551,222,159,640
0x446186,75.8951%,377,1187,1564,731,186,191,456
0x40583b,99.8381%,373,230027,230400,230027,13,360,0
0x428700,82.0116%,372,1696,2068,1180,175,197,516
0x429e05,97.812%,365,16317,16682,69,312,53,16248
0x4279e5,90.916%,361,3613,3974,2511,88,273,1102
0x463dec,65.5106%,358,680,1038,615,96,262,65
0x428f02,82.549%,356,1684,2040,1157,192,164,527
0x44b95b,67.5875%,352,734,1086,189,221,131,545
0x463db7,62.6723%,352,591,943,246,178,174,345
0x45fb49,94.3692%,349,5849,6198,5751,87,262,98
0x46349a,57.037%,348,462,810,306,145,203,156
0x42a031,95.2668%,346,6964,7310,544,227,119,6420
0x42a0d2,95.472%,331,6979,7310,329,234,97,6650
0x45fbaa,94.4833%,331,5669,6000,5626,71,260,43
0x42aaf4,80.1875%,317,1283,1600,197,179,138,1086
0x429985,99.3309%,312,46319,46631,536,264,48,45783
0x463754,62.2222%,306,504,810,132,192,114,372
0x4299e6,99.3318%,303,45042,45345,672,233,70,44370
0x463477,62.716%,302,508,810,69,204,98,439
0x45fbfc,94.9231%,297,5553,5850,5491,122,175,62
0x4152f0,86.0432%,297,1831,2128,312,185,112,1519
0x463415,71.9848%,295,758,1053,495,100,195,263
0x42a755,90.8865%,294,2932,3226,283,158,136,2649
0x46336c,65.4804%,291,552,843,365,146,145,187
0x44605b,81.7136%,286,1278,1564,336,207,79,942
0x45fd61,89.0315%,282,2289,2571,2163,94,188,126
0x429eb7,98.3163%,281,16408,16689,204,170,111,16204
0x4482a9,82.0972%,280,1284,1564,815,107,173,469
0x46334e,66.9039%,279,564,843,472,94,185,92
0x42a547,85.8673%,277,1683,1960,1158,129,148,525
0x41e741,57.3668%,272,366,638,229,121,151,137
0x427bf2,90.0968%,266,2420,2686,10,240,26,2410
0x429c94,99.3552%,265,40836,41101,2044,125,140,38792
0x4290da,88.6801%,253,1982,2235,1504,125,128,478
0x4289da,89.0828%,244,1991,2235,1505,132,112,486
0x46e32e,89.6876%,241,2096,2337,1086,125,116,1010
0x429e21,98.5277%,240,16061,16301,61,210,30,16000
0x42a54c,65.6761%,231,442,673,202,128,103,240
0x42a77f,91.8492%,227,2558,2785,199,151,76,2359
0x429ed7,98.6148%,226,16089,16315,123,154,72,15966
0x45f036,59.1652%,225,326,551,182,103,122,144
0x43a589,79.4848%,223,864,1087,800,75,148,64
0x45f00c,60.0726%,220,331,551,225,86,134,106
0x429fec,97.6248%,217,8919,9136,271,160,57,8648
0x45ed6b,93.5513%,217,3148,3365,815,167,50,2333
0x45d759,91.1838%,213,2203,2416,2198,25,188,5
0x41511d,91.1035%,208,2130,2338,46,164,44,2084
0x463798,58.0247%,204,282,486,41,147,57,241
0x45dc08,65.365%,204,385,589,252,106,98,133
0x43c33f,75.8373%,202,634,836,328,91,111,306
0x45d341,61.4173%,196,312,508,286,58,138,26
0x427b51,76.1322%,195,622,817,9,172,23,613
0x45f064,64.7913%,194,357,551,213,78,116,144
0x45d6d2,81.3477%,191,833,1024,292,128,63,541
0x413c34,91.6106%,187,2042,2229,55,125,62,1987
0x42869e,92.3207%,182,2188,2370,77,133,49,2111
0x41e79e,67.3913%,180,372,552,85,105,75,287
0x45d1f1,79.9544%,176,702,878,196,106,70,506
0x413b39,92.3384%,173,2085,2258,49,131,42,2036
0x45ef35,95.0684%,173,3335,3508,913,113,60,2422
0x428da3,92.6293%,171,2149,2320,1980,60,111,169
0x428c9f,92.3937%,170,2065,2235,1537,101,69,528
0x428ab6,92.4385%,169,2066,2235,1506,54,115,560
0x429fc7,98.1959%,168,9144,9312,30,146,22,9114
0x42897a,93.0417%,167,2233,2400,59,106,61,2174
0x45f2f8,95.0893%,165,3195,3360,3148,2,163,47
0x427b5d,74.0566%,165,471,636,10,135,30,461
0x4634f2,79.7531%,164,646,810,542,58,106,104
0x45d940,84.1797%,162,862,1024,832,14,148,30
0x45f2d2,77.1955%,161,545,706,400,85,76,145
0x42799e,95.5531%,160,3438,3598,0,155,5,3438
0x429a06,99.64%,160,44280,44440,312,136,24,43968
0x463dbd,69.3642%,159,360,519,100,92,67,260
0x41e724,64.823%,159,293,452,68,96,63,225
0x42a00a,98.2079%,156,8549,8705,144,113,43,8405
0x45f96d,85.0097%,155,879,1034,448,120,35,431
0x461ceb,78.4916%,154,562,716,285,73,81,277
0x427be6,94.5717%,154,2683,2837,7,144,10,2676
0x42a620,78.7709%,152,564,716,140,82,70,424
0x41560a,93.7126%,147,2191,2338,723,68,79,1468
0x4293c3,93.4676%,146,2089,2235,1533,96,50,556
0x413bcc,93.45%,146,2083,2229,74,106,40,2009
0x463450,82.0988%,145,665,810,551,49,96,114
0x45d7c0,94.1639%,141,2275,2416,1782,30,111,493
0x4299c7,99.6939%,140,45598,45738,275,118,22,45323
0x460e13,67.217%,139,285,424,36,97,42,249
0x463809,72.428%,134,352,486,86,68,66,266
0x45d1c4,84.8519%,133,745,878,9,109,24,736
0x44a9d7,91.9437%,126,1438,1564,237,54,72,1201
0x4291cb,94.4072%,125,2110,2235,1487,61,64,623
0x45ff50,95.1645%,122,2401,2523,1230,43,79,1171
0x45ddc3,71.4964%,120,301,421,122,68,52,179
0x4278b5,68.0108%,119,253,372,178,45,74,75
0x429a78,99.1176%,118,13254,13372,147,109,9,13107
0x429de5,99.3093%,116,16678,16794,2,110,6,16676
0x427a33,97.081%,116,3858,3974,720,101,15,3138
0x438406,72.5537%,115,304,419,285,33,82,19
0x404ad3,97.5406%,115,4561,4676,0,0,115,4561
0x45d437,90.1042%,114,1038,1152,521,55,59,517
0x4638a7,69.5652%,112,256,368,228,35,77,28
0x42a62b,77.5304%,111,383,494,29,69,42,354
0x434e92,84.6897%,111,614,725,69,78,33,545
0x45f095,79.8548%,111,440,551,237,58,53,203
0x42a3ee,86.7225%,111,725,836,712,20,91,13
0x429856,97.5446%,110,4370,4480,3896,24,86,474
0x42a551,68.8047%,107,236,343,77,64,43,159
0x42a833,69.7143%,106,244,350,60,55,51,184
0x45effd,88.0274%,105,772,877,253,73,32,519
0x463692,93.3673%,104,1464,1568,1464,6,98,0
0x460d6e,82.872%,99,479,578,86,59,40,393
0x42ab02,91.9935%,98,1126,1224,967,45,53,159
0x45fc3a,98.3392%,95,5625,5720,4414,8,87,1211
0x434e9b,83.91%,93,485,578,17,81,12,468
0x46188f,87.2905%,91,625,716,258,55,36,367
0x427bda,96.9262%,90,2838,2928,10,81,9,2828
0x42797e,97.6544%,87,3622,3709,0,86,1,3622
0x427916,83.3656%,86,431,517,4,76,10,427
0x40d054,99.954%,86,186698,186784,175083,27,59,11615
0x4129b6,96.6265%,84,2406,2490,610,52,32,1796
0x40fd91,99.9787%,82,385678,385760,289280,40,42,96398
0x460df8,81.2785%,82,356,438,51,62,20,305
0x427923,81.4645%,81,356,437,198,29,52,158
0x45f97b,82.618%,81,385,466,363,20,61,22
0x463605,62.381%,79,131,210,55,57,22,76
0x415337,96.621%,79,2259,2338,566,29,50,1693
0x4278d0,81.8616%,76,343,419,172,58,18,171
0x4152f6,95.3403%,76,1555,1631,47,56,20,1508
0x4299a1,99.8364%,75,45756,45831,22,60,15,45734
0x460e48,82.2695%,75,348,423,343,15,60,5
0x460e1e,84.6316%,73,402,475,399,24,49,3
0x429e92,99.5653%,73,16721,16794,54,51,22,16667
0x463263,93.2574%,71,982,1053,154,56,15,828
0x42a556,65.3465%,70,132,202,118,12,58,14
0x4383fd,85.3249%,70,407,477,4,54,16,403
0x434eb7,86.25%,66,414,480,2,56,10,412
0x45d8b4,96.131%,65,1615,1680,1225,35,30,390
0x45d94f,64.6067%,63,115,178,109,19,44,6
0x429a5e,99.5399%,62,13414,13476,44,60,2,13370
0x45fdaf,80.2548%,62,252,314,1,47,15,251
0x463d02,70.9524%,61,149,210,4,52,9,145
0x4482ae,90.6542%,60,582,642,122,43,17,460
0x45f968,94.4853%,60,1028,1088,0,54,6,1028
0x45dcf3,85.9155%,60,366,426,112,19,41,254
0x45d85d,96.4881%,59,1621,1680,1619,3,56,2
0x463ae2,99.1476%,59,6863,6922,6863,0,59,0
0x45fcb0,79.1367%,58,220,278,176,18,40,44
0x4298e5,98.8204%,57,4775,4832,4207,21,36,568
0x439d28,88.4696%,55,422,477,70,49,6,352
0x42a8e5,98.2951%,55,3171,3226,1606,7,48,1565
0x45fbcf,82.1782%,54,249,303,111,39,15,138
0x434ec0,87.2038%,54,368,422,368,3,51,0
0x4286a9,97.5463%,53,2107,2160,55,37,16,2052
0x43c801,85.4749%,52,306,358,1,44,8,305
0x42907a,97.8333%,52,2348,2400,128,37,15,2220
0x45fb71,85.5556%,52,308,360,141,21,31,167
0x46e5bd,97.8186%,51,2287,2338,1527,38,13,760
0x45fb19,88.9849%,51,412,463,147,43,8,265
0x4638e2,86.413%,50,318,368,316,6,44,2
0x45fc21,78.903%,50,187,237,92,38,12,95
0x463845,89.7119%,50,436,486,434,6,44,2
0x429a91,99.6264%,49,13067,13116,34,45,4,13033
0x445f60,99.6251%,49,13022,13071,11494,13,36,1528
0x403b2e,99.9211%,48,60816,60864,53246,10,38,7570
0x42a844,58.2609%,48,67,115,60,16,32,7
0x43de79,98.6944%,47,3553,3600,3553,2,45,0
0x44e6e6,98.75%,45,3555,3600,3555,0,45,0
0x43c80a,85.9425%,44,269,313,263,13,31,6
0x427b45,94.8897%,44,817,861,1,43,1,816
0x4064db,99.9212%,44,55796,55840,51072,6,38,4724
0x434369,90.6183%,44,425,469,424,9,35,1
0x43840f,57.4257%,43,58,101,42,17,26,16
0x402a19,99.9529%,42,89198,89240,2143,33,9,87055
0x460df3,91.3684%,41,434,475,1,36,5,433
0x4613df,80.4762%,41,169,210,62,24,17,107
0x4278f2,91.7836%,41,458,499,0,38,3,458
0x461406,66.9355%,41,83,124,22,23,18,61
0x4c9772,99.748%,41,16231,16272,12709,11,30,3522
0x42a3f3,61.5385%,40,64,104,10,28,12,54
0x4129bf,97.8118%,40,1788,1828,1242,30,10,546
0x460e0e,91.5217%,39,421,460,0,36,3,421
0x433a2d,97.5806%,39,1573,1612,452,25,14,1121
0x4c9657,99.8498%,36,23925,23961,4552,25,11,19373
0x463428,92.3581%,35,423,458,222,21,14,201
0x4056c0,92.9435%,35,461,496,461,5,30,0
0x46e34f,98.503%,35,2303,2338,1112,25,10,1191
0x41e61f,99.393%,34,5567,5601,5567,4,30,0
0x429965,99.8003%,34,16990,17024,4648,0,34,12342
0x40f74f,99.8347%,34,20534,20568,17992,5,29,2542
0x45f989,59.0361%,34,49,83,36,14,20,13
0x42a3fd,50%,33,33,66,19,15,18,14
0x40e51e,99.9621%,33,87087,87120,81669,6,27,5418
0x42947c,98.6667%,32,2368,2400,2368,2,30,0
0x402ac0,99.9641%,32,89208,89240,83671,0,32,5537
0x463bbb,98.5439%,31,2098,2129,0,28,3,2098
0x41e601,99.4493%,31,5598,5629,5598,3,28,0
0x4540cd,98.6741%,31,2307,2338,2307,1,30,0
0x427b86,96.0809%,31,760,791,0,27,4,760
0x460bec,98.7169%,30,2308,2338,2308,0,30,0
0x413bf3,98.7157%,29,2229,2258,0,29,0,2229
0x42a500,98.5204%,29,1931,1960,1910,8,21,21
0x429888,99.3998%,29,4803,4832,2,20,9,4801
0x4278fd,93.7093%,29,432,461,151,20,9,281
0x414288,99.266%,29,3922,3951,3739,3,26,183
0x411724,99.9757%,28,115172,115200,107990,10,18,7182
0x460cf9,97.3409%,28,1025,1053,578,0,28,447
0x42bb8c,98.2097%,28,1536,1564,1075,12,16,461
0x42bb5d,97.1698%,27,927,954,187,11,16,740
0x414319,99.3166%,27,3924,3951,3741,2,25,183
0x45fca5,98.9887%,26,2545,2571,2267,26,0,278
0x4c9717,99.4538%,25,4552,4577,945,16,9,3607
0x42796e,99.3303%,25,3708,3733,0,24,1,3708
0x42798e,99.31%,25,3598,3623,0,25,0,3598
0x428fc0,98.8235%,24,2016,2040,1336,13,11,680
0x46e880,98.9735%,24,2314,2338,2115,13,11,199
0x4611d4,93.5754%,23,335,358,304,9,14,31
0x4278a4,94.1772%,23,372,395,0,23,0,372
0x413ecb,99.4103%,23,3877,3900,1571,21,2,2306
0x460c0c,99.0163%,23,2315,2338,2248,10,13,67
0x45f302,89.0476%,23,187,210,87,11,12,100
0x42989e,99.5634%,21,4789,4810,16,10,11,4773
0x42bb4d,98.6573%,21,1543,1564,610,0,21,933
0x44665e,99.1018%,21,2317,2338,0,21,0,2317
0x416dd4,91.7012%,20,221,241,146,5,15,75
0x4c9748,99.8837%,19,16317,16336,47,17,2,16270
0x428d41,99.2083%,19,2381,2400,66,14,5,2315
0x45f9a2,64.8148%,19,35,54,34,18,1,1
0x40a62b,99.4837%,19,3661,3680,3218,2,17,443
0x42a378,97.7273%,19,817,836,806,7,12,11
0x42a71d,99.411%,19,3207,3226,3021,7,12,186
0x433305,99.2301%,18,2320,2338,15,15,3,2305
0x43a554,99.582%,18,4288,4306,3216,3,15,1072
0x414b4c,99.25%,18,2382,2400,65,15,3,2317
0x44a96e,99.3585%,17,2633,2650,1069,17,0,1564
0x419c89,95.5556%,16,344,360,344,12,4,0
0x42bc0d,98.977%,16,1548,1564,19,11,5,1529
0x42b3ae,80.4878%,16,66,82,65,4,12,1
0x46f6c9,0%,16,0,16,0,15,1,0
0x41e834,97.1014%,16,536,552,94,6,10,442
0x4bdb7d,46.6667%,16,14,30,13,15,1,1
0x42a8fe,99.0701%,15,1598,1613,1587,13,2,11
0x414516,99.6203%,15,3936,3951,1602,11,4,2334
0x4299bb,99.9672%,15,45734,45749,0,11,4,45734
0x413aed,99.3584%,15,2323,2338,69,11,4,2254
0x427882,96.6184%,14,400,414,1,14,0,399
0x4298b4,99.7074%,14,4770,4784,3,11,3,4767
0x42a4b8,58.8235%,14,20,34,14,6,8,6
0x460e01,97.2632%,13,462,475,9,6,7,453
0x45f88c,98.804%,13,1074,1087,876,1,12,198
0x4bdb59,56.6667%,13,17,30,14,4,9,3
0x46e61d,99.3891%,13,2115,2128,1622,9,4,493
0x43459c,97.2746%,13,464,477,0,0,13,464
0x4bdb49,56.6667%,13,17,30,4,6,7,13
0x42aac6,99.25%,12,1588,1600,1588,12,0,0
0x4f34f5,62.5%,12,20,32,15,6,6,5
0x4156b5,99.2556%,12,1600,1612,1136,1,11,464
0x429823,99.7314%,12,4455,4467,0,12,0,4455
0x41e86a,99.5289%,12,2535,2547,2535,1,11,0
0x416bc5,87.3563%,11,76,87,58,0,11,18
0x461216,75.5556%,11,34,45,34,11,0,0
0x42bd95,99.2967%,11,1553,1564,69,8,3,1484
0x46e619,99.5295%,11,2327,2338,205,5,6,2122
0x4552a6,97.5556%,11,439,450,439,10,1,0
0x434269,97.6939%,11,466,477,0,8,3,466
0x42abad,99.318%,11,1602,1613,1602,11,0,0
0x41e6cc,98.97%,11,1057,1068,1057,6,5,0
0x45d962,78%,11,39,50,0,9,2,39
0x46e594,99.4831%,11,2117,2128,785,6,5,1332
0x414e0d,99.4831%,11,2117,2128,1536,11,0,581
0x4bdafe,91.0569%,11,112,123,112,7,4,0
0x439937,99.505%,11,2211,2222,1126,9,2,1085
0x41b2f6,99.953%,11,23413,23424,17557,11,0,5856
0x414520,99.5723%,10,2328,2338,725,0,10,1603
0x41498d,99.8574%,10,7004,7014,2175,0,10,4829
0x42bc4f,99.3481%,10,1524,1534,1524,1,9,0
0x41696d,66.6667%,10,20,30,19,10,0,1
0x4332a3,99.5723%,10,2328,2338,1603,10,0,725
0x415406,95.2381%,10,200,210,145,0,10,55
0x401707,60%,10,15,25,11,9,1,4
0x415504,99.5301%,10,2118,2128,581,0,10,1537
0x45d136,99.08%,10,1077,1087,202,8,2,875
0x46e18e,99.5723%,10,2328,2338,2308,0,10,20
0x42bbee,99.4246%,9,1555,1564,0,6,3,1555
0x46351d,95.7143%,9,201,210,0,7,2,201
0x4015fc,95%,9,171,180,171,8,1,0
0x4117ac,99.9844%,9,57591,57600,50397,3,6,7194
0x42794e,99.7597%,9,3737,3746,0,8,1,3737
0x43c357,98.9234%,9,827,836,625,1,8,202
0x415622,99.4182%,9,1538,1547,293,0,9,1245
0x401aeb,99.9296%,9,12775,12784,0,0,9,12775
0x4ac7d4,73.3333%,8,22,30,0,0,8,22
0x42ab0a,96.2264%,8,204,212,78,4,4,126
0x42bbcc,99.4885%,8,1556,1564,0,0,8,1556
0x42b3c4,38.4615%,8,5,13,2,3,5,3
0x45f715,96.1905%,8,202,210,0,7,1,202
0x42980d,99.8211%,8,4465,4473,0,6,2,4465
0x43a563,99.264%,8,1079,1087,610,0,8,469
0x42a653,99.504%,8,1605,1613,0,0,8,1605
0x4297f8,99.8214%,8,4472,4480,0,7,1,4472
0x4ac776,74.1935%,8,23,31,0,1,7,23
0x46e354,99.3339%,8,1193,1201,1050,3,5,143
0x49fe26,27.2727%,8,3,11,3,8,0,0
0x42b7d0,93.8462%,8,122,130,122,1,7,0
0x4bdb96,73.3333%,8,22,30,22,7,1,0
0x45fdba,96.9925%,8,258,266,257,2,6,1
0x4013a3,95.5556%,8,172,180,172,5,3,0
0x414441,99.7975%,8,3943,3951,3789,2,6,154
0x42bb75,99.5524%,7,1557,1564,0,0,7,1557
0x41e6ae,99.3488%,7,1068,1075,1068,0,7,0
0x42bd4a,99.5524%,7,1557,1564,4,5,2,1553
0x4c9980,99.898%,7,6857,6864,6857,4,3,0
0x45e6f3,99.2018%,7,870,877,870,7,0,0
0x4186af,98.1183%,7,365,372,280,2,5,85
0x4145f4,99.7006%,7,2331,2338,1606,7,0,725
0x46e567,99.7006%,7,2331,2338,2122,6,1,209
0x4142bf,99.8228%,7,3944,3951,3787,4,3,157
0x463c80,96.6667%,7,203,210,203,7,0,0
0x40625a,99.9875%,7,55833,55840,0,0,7,55833
0x46f666,56.25%,7,9,16,9,6,1,0
0x413ca0,99.7434%,6,2332,2338,2257,1,5,75
0x4245a3,99.9774%,6,26596,26602,26596,5,1,0
0x4339c6,99.628%,6,1607,1613,1607,6,0,0
0x433699,99.7434%,6,2332,2338,725,0,6,1607
0x42795e,99.8395%,6,3732,3738,0,5,1,3732
0x4292a1,99.7315%,6,2229,2235,1546,2,4,683
0x42b739,92.6829%,6,76,82,0,0,6,76
0x433b71,98.7421%,6,471,477,0,0,6,471
0x46f417,40%,6,4,10,4,5,1,0
0x434ef4,99.1724%,6,719,725,607,3,3,112
0x4bda5c,99.6907%,6,1934,1940,0,4,2,1934
0x461723,98.324%,6,352,358,352,6,0,0
0x45dd9f,97.9661%,6,289,295,0,5,1,289
0x4bdb6c,80%,6,24,30,12,3,3,12
0x433770,99.628%,6,1607,1613,1607,6,0,0
0x4a06e8,54.5455%,5,6,11,4,3,2,2
0x4335dc,99.7861%,5,2333,2338,5,0,5,2328
0x42ab7b,97.6415%,5,207,212,79,3,2,128
0x4ca22d,70.5882%,5,12,17,0,0,5,12
0x460206,92.1875%,5,59,64,59,4,1,0
0x44af3d,99.8113%,5,2645,2650,1564,0,5,1081
0x4149ad,99.8967%,5,4834,4839,1609,4,1,3225
0x4c96da,99.8908%,5,4572,4577,4572,5,0,0
0x46a116,28.5714%,5,2,7,0,1,4,2
0x44e538,99.8611%,5,3595,3600,3595,5,0,0
0x406370,99.991%,5,55835,55840,20348,4,1,35487
0x49f9fd,54.5455%,5,6,11,6,5,0,0
0x42b7e5,28.5714%,5,2,7,0,4,1,2
0x4170ec,68.75%,5,11,16,11,2,3,0
0x41e524,58.3333%,5,7,12,7,4,1,0
0x41447d,99.8734%,5,3946,3951,3897,3,2,49
0x433a3e,99.5595%,5,1130,1135,0,0,5,1130
0x4c97ba,99.4797%,5,956,961,0,3,2,956
0x416fa3,94.4444%,5,85,90,84,3,2,1
0x41434f,99.8734%,5,3946,3951,3895,5,0,51
0x4339a3,99.69%,5,1608,1613,0,0,5,1608
0x427871,98.8067%,5,414,419,0,5,0,414
0x4f3444,54.5455%,5,6,11,6,5,0,0
0x460cfe,98.9474%,5,470,475,470,5,0,0
0x4ca251,70.5882%,5,12,17,0,0,5,12
0x42ac82,99.69%,5,1608,1613,0,0,5,1608
0x42b376,93.9024%,5,77,82,77,5,0,0
0x42b731,64.2857%,5,9,14,3,4,1,6
0x4156c1,98.9474%,5,470,475,418,5,0,52
0x437f49,99.1614%,4,473,477,473,4,0,0
0x4bda62,99.7934%,4,1932,1936,964,4,0,968
0x429497,86.6667%,4,26,30,26,4,0,0
0x427893,98.9975%,4,395,399,0,4,0,395
0x416931,86.6667%,4,26,30,0,0,4,26
0x41e8b6,63.6364%,4,7,11,7,3,1,0
0x463553,99.3333%,4,596,600,596,4,0,0
0x46e638,99.8289%,4,2334,2338,2127,1,3,207
0x4330ba,99.8289%,4,2334,2338,2334,4,0,0
0x463c6f,98.0952%,4,206,210,206,4,0,0
0x4a23f1,20%,4,1,5,0,4,0,1
0x49c3f1,71.4286%,4,10,14,0,0,4,10
0x41e4c3,85.7143%,4,24,28,24,3,1,0
0x49c547,63.6364%,4,7,11,0,0,4,7
0x45d2cc,99.2126%,4,504,508,504,4,0,0
0x419b3f,0%,4,0,4,0,0,4,0
0x41459a,99.752%,4,1609,1613,1591,1,3,18
0x414999,99.9173%,4,4835,4839,0,0,4,4835
0x41789d,95.5556%,4,86,90,86,4,0,0
0x460046,75%,4,12,16,12,3,1,0
0x445bfb,99.7442%,4,1560,1564,1560,4,0,0
0x416e2a,95.5556%,4,86,90,86,1,3,0
0x44e498,99.8889%,4,3596,3600,3596,4,0,0
0x46f5e2,0%,4,0,4,0,3,1,0
0x412950,99.8394%,4,2486,2490,2486,4,0,0
0x4016e3,20%,4,1,5,0,0,4,1
0x416e20,0%,4,0,4,0,2,2,0
0x49c446,71.4286%,4,10,14,0,2,2,10
0x44e6ac,99.8889%,4,3596,3600,0,0,4,3596
0x4bde07,99.8858%,4,3500,3504,0,1,3,3500
0x42b31d,95.122%,4,78,82,0,0,4,78
0x42b58b,50%,4,4,8,1,0,4,3
0x45feb7,42.8571%,4,3,7,3,4,0,0
0x43350d,99.8289%,4,2334,2338,725,0,4,1609
0x4156bb,99.1579%,4,471,475,0,0,4,471
0x4245d7,99.985%,4,26598,26602,26598,3,1,0
0x49c716,63.6364%,4,7,11,7,4,0,0
0x416f4b,75%,4,12,16,12,1,3,0
0x42a411,89.4737%,4,34,38,30,1,3,4
0x41567a,99.4943%,4,787,791,433,0,4,354
0x4a0f8f,20%,4,1,5,1,4,0,0
0x45fdfd,57.1429%,3,4,7,3,2,1,1
0x49c3c2,78.5714%,3,11,14,0,0,3,11
0x46e1f3,99.8717%,3,2335,2338,0,0,3,2335
0x416a04,0%,3,0,3,0,3,0,0
0x428b7f,99.8658%,3,2232,2235,1558,2,1,674
0x4f098a,40%,3,2,5,0,2,1,2
0x49c567,72.7273%,3,8,11,0,1,2,8
0x418c49,96.6667%,3,87,90,59,1,2,28
0x4a0bd7,72.7273%,3,8,11,8,3,0,0
0x4129a4,99.8795%,3,2487,2490,0,0,3,2487
0x437d44,99.3711%,3,474,477,0,0,3,474
0x46a0a2,25%,3,1,4,0,1,2,1
0x42a416,57.1429%,3,4,7,0,0,3,4
0x402844,99.9461%,3,5566,5569,0,0,3,5566
0x4012f0,0%,3,0,3,0,0,3,0
0x46187b,99.581%,3,713,716,0,0,3,713
0x427938,99.3492%,3,458,461,78,2,1,380
0x4155d4,99.8717%,3,2335,2338,2126,2,1,209
0x4a71b4,0%,3,0,3,0,0,3,0
0x401cc6,99.9765%,3,12781,12784,11984,1,2,797
0x433ba4,99.3711%,3,474,477,0,0,3,474
0x428670,99.875%,3,2397,2400,27,3,0,2370
0x471d48,90.3226%,3,28,31,28,3,0,0
0x411b3f,99.9771%,3,13095,13098,11458,2,1,1637
0x4a74fe,0%,3,0,3,0,3,0,0
0x4a750a,0%,3,0,3,0,0,3,0
0x4bdb44,90.625%,3,29,32,0,3,0,29
0x46a131,50%,3,3,6,0,3,0,3
0x4a1631,76.9231%,3,10,13,10,2,1,0
0x44e69f,99.9167%,3,3597,3600,0,0,3,3597
0x40171a,40%,3,2,5,1,3,0,1
0x46a0e5,25%,3,1,4,1,2,1,0
0x42b9e1,97.6923%,3,127,130,0,0,3,127
0x42ab84,97.6923%,3,127,130,127,3,0,0
0x4394fe,99.8716%,3,2334,2337,0,0,3,2334
0x4bdad5,25%,3,1,4,0,0,3,1
0x45ec68,99.9786%,3,14029,14032,14029,3,0,0
0x427bc5,99.7414%,3,1157,1160,1157,3,0,0
0x4189a1,96.6667%,3,87,90,86,1,2,1
0x49bd93,0%,3,0,3,0,0,3,0
0x403b0e,99.9994%,3,486909,486912,426047,1,2,60862
0x413d32,99.8717%,3,2335,2338,2307,1,2,28
0x4024e3,99.806%,3,1543,1546,771,2,1,772
0x428c57,99.8658%,3,2232,2235,0,0,3,2232
0x49f994,72.7273%,3,8,11,8,3,0,0
0x418726,96.6667%,3,87,90,87,0,3,0
0x41a4f8,25%,3,1,4,0,3,0,1
0x49c47e,72.7273%,3,8,11,8,3,0,0
0x41e7d0,99.1713%,3,359,362,359,0,3,0
0x4125ef,99.7642%,3,1269,1272,1269,3,0,0
0x41e7f5,99.1643%,3,356,359,356,1,2,0
0x4062ba,99.9946%,3,55837,55840,0,0,3,55837
0x460de6,99.3684%,3,472,475,0,0,3,472
0x43a598,98.5849%,3,209,212,0,0,3,209
0x45f76e,98.5222%,3,200,203,103,2,1,97
0x4a1022,40%,3,2,5,0,0,3,2
0x45f89d,98.5714%,3,207,210,207,3,0,0
0x49be43,0%,3,0,3,0,3,0,0
0x414b92,99.8717%,3,2335,2338,207,3,0,2128
0x4287be,99.8549%,3,2065,2068,1353,2,1,712
0x463467,98.5714%,3,207,210,207,0,3,0
0x427b39,99.6516%,3,858,861,0,0,3,858
0x4615ee,99.162%,3,355,358,355,3,0,0
0x49c420,78.5714%,3,11,14,0,0,3,11
0x461120,99.162%,3,355,358,355,3,0,0
0x4f1046,40%,3,2,5,0,0,3,2
0x42a569,99.0909%,3,327,330,0,0,3,327
0x4a1f05,0%,3,0,3,0,2,1,0
0x416de1,96.6667%,3,87,90,87,1,2,0
0x49fa0a,72.7273%,3,8,11,8,3,0,0
0x426fae,99.0148%,2,201,203,201,2,0,0
0x4a1618,84.6154%,2,11,13,0,1,1,11
0x426639,99.9956%,2,45950,45952,0,0,2,45950
0x43c3a7,99.9144%,2,2335,2337,0,0,2,2335
0x45d7e2,99.881%,2,1678,1680,0,0,2,1678
0x4012d4,33.3333%,2,1,3,0,0,2,1
0x4145cc,99.876%,2,1611,1613,1531,2,0,80
0x4c96c9,99.9884%,2,17224,17226,0,0,2,17224
0x41288d,99.6979%,2,660,662,660,2,0,0
0x404ca2,99.979%,2,9544,9546,0,0,2,9544
0x43de8a,95.5556%,2,43,45,43,1,1,0
0x42bb7e,99.8721%,2,1562,1564,0,0,2,1562
0x402406,99.7413%,2,771,773,0,0,2,771
0x413f33,99.9145%,2,2336,2338,2336,2,0,0
0x4f09b4,60%,2,3,5,3,2,0,0
0x433335,93.3333%,2,28,30,28,2,0,0
0x433aba,99.8238%,2,1133,1135,1133,2,0,0
0x45d4f6,99.8047%,2,1022,1024,1022,2,0,0
0x4bdcc9,0%,2,0,2,0,0,2,0
0x416e79,33.3333%,2,1,3,0,0,2,1
0x4339b4,99.876%,2,1611,1613,0,0,2,1611
0x43369f,99.876%,2,1611,1613,1611,2,0,0
0x414f5f,99.9145%,2,2336,2338,2336,2,0,0
0x45ff3b,0%,2,0,2,0,0,2,0
0x4613aa,99.0476%,2,208,210,0,2,0,208
0x471fdc,93.3333%,2,28,30,28,1,1,0
0x4bdbf7,33.3333%,2,1,3,1,2,0,0
0x4a2f9b,60%,2,3,5,2,2,0,1
0x41a6a0,0%,2,0,2,0,0,2,0
0x44a8eb,99.9245%,2,2648,2650,2648,2,0,0
0x49c5f0,80%,2,8,10,8,2,0,0
0x428a99,99.9105%,2,2233,2235,0,0,2,2233
0x41a6ec,0%,2,0,2,0,0,2,0
0x47cccf,33.3333%,2,1,3,1,2,0,0
0x428c97,99.9105%,2,2233,2235,0,0,2,2233
0x4a748a,33.3333%,2,1,3,0,0,2,1
0x4f103a,60%,2,3,5,0,0,2,3
0x46123c,99.6479%,2,566,568,0,0,2,566
0x4c99ae,33.3333%,2,1,3,0,0,2,1
0x403b58,99.9098%,2,2216,2218,2216,2,0,0
0x4061cb,99.958%,2,4760,4762,0,0,2,4760
0x4f0bd6,0%,2,0,2,0,0,2,0
0x412609,99.8428%,2,1270,1272,1270,2,0,0
0x4a74b3,33.3333%,2,1,3,0,0,2,1
0x4c9927,99.9709%,2,6862,6864,0,0,2,6862
0x45f9e1,99.8983%,2,1965,1967,354,0,2,1611
0x461d12,99.5381%,2,431,433,431,2,0,0
0x433a76,99.8238%,2,1133,1135,0,0,2,1133
0x433e78,99.7904%,2,952,954,952,2,0,0
0x4a74d4,33.3333%,2,1,3,0,0,2,1
0x4ac492,33.3333%,2,1,3,0,0,2,1
0x40585a,99.4444%,2,358,360,358,1,1,0
0x403f48,99.9214%,2,2542,2544,2542,2,0,0
0x46f467,77.7778%,2,7,9,7,1,1,0
0x43c813,94.5946%,2,35,37,0,0,2,35
0x405f53,93.3333%,2,28,30,28,1,1,0
0x42a575,86.6667%,2,13,15,0,0,2,13
0x42a3ab,99.7608%,2,834,836,834,2,0,0
0x4bde60,99.9429%,2,3501,3503,3501,1,1,0
0x45d8bc,99.8047%,2,1022,1024,0,0,2,1022
0x4017a3,0%,2,0,2,0,2,0,0
0x434059,99.7904%,2,952,954,0,0,2,952
0x43c7ef,99.4413%,2,356,358,0,0,2,356
0x49c49f,81.8182%,2,9,11,9,2,0,0
0x4bdbb9,0%,2,0,2,0,1,1,0
0x49c4c6,81.8182%,2,9,11,9,2,0,0
0x46e20a,99.9145%,2,2336,2338,2336,2,0,0
0x49bfe7,85.7143%,2,12,14,0,0,2,12
0x4bdc89,33.3333%,2,1,3,0,0,2,1
0x49c5a0,81.8182%,2,9,11,9,2,0,0
0x49c663,81.8182%,2,9,11,9,2,0,0
0x49c570,80%,2,8,10,8,2,0,0
0x45ff10,71.4286%,2,5,7,5,0,2,0
0x439932,99.9144%,2,2335,2337,114,1,1,2221
0x4c980a,33.3333%,2,1,3,1,2,0,0
0x47c818,33.3333%,2,1,3,0,0,2,1
0x46e954,99.9145%,2,2336,2338,2336,1,1,0
0x416aa5,33.3333%,2,1,3,1,1,1,0
0x49c1ea,0%,2,0,2,0,2,0,0
0x4169ef,33.3333%,2,1,3,0,0,2,1
0x49fa3f,80%,2,8,10,8,2,0,0
0x49bebf,33.3333%,2,1,3,0,0,2,1
0x463977,99.954%,2,4347,4349,4347,2,0,0
0x45f852,71.4286%,2,5,7,5,2,0,0
0x4290d2,99.9105%,2,2233,2235,0,0,2,2233
0x4288ff,99.3377%,2,300,302,0,0,2,300
0x44e4e5,99.9444%,2,3598,3600,3598,2,0,0
0x4ac78a,93.3333%,2,28,30,0,0,2,28
0x4f103f,60%,2,3,5,0,0,2,3
0x4bdcea,0%,2,0,2,0,2,0,0
0x471f9a,93.3333%,2,28,30,28,2,0,0
0x49bed6,33.3333%,2,1,3,0,1,1,1
0x4c965c,99.9909%,2,21901,21903,14887,1,1,7014
0x427b7a,99.7472%,2,789,791,0,0,2,789
0x47c829,33.3333%,2,1,3,1,2,0,0
0x429376,99.9105%,2,2233,2235,0,0,2,2233
0x4a717d,33.3333%,2,1,3,0,0,2,1
0x41a2d4,50%,2,2,4,2,1,1,0
0x4a090f,0%,1,0,1,0,1,0,0
0x47c822,66.6667%,1,2,3,2,1,0,0
0x49bcef,66.6667%,1,2,3,0,0,1,2
0x45537f,0%,1,0,1,0,1,0,0
0x46dc90,0%,1,0,1,0,0,1,0
0x4a58dd,66.6667%,1,2,3,1,1,0,1
0x49fa32,90.9091%,1,10,11,0,1,0,10
0x46dd46,0%,1,0,1,0,1,0,0
0x46ffe1,0%,1,0,1,0,0,1,0
0x4a74c1,66.6667%,1,2,3,2,1,0,0
0x4556fd,0%,1,0,1,0,0,1,0
0x4ab88d,0%,1,0,1,0,0,1,0
0x471b14,0%,1,0,1,0,0,1,0
0x455156,0%,1,0,1,0,1,0,0
0x401f3b,99.8706%,1,772,773,772,1,0,0
0x46a1d6,0%,1,0,1,0,1,0,0
0x4557d7,0%,1,0,1,0,1,0,0
0x4a23d2,75%,1,3,4,0,0,1,3
0x47cbdc,66.6667%,1,2,3,0,0,1,2
0x4a1cae,0%,1,0,1,0,1,0,0
0x401a30,99.8748%,1,798,799,0,0,1,798
0x4a21b8,0%,1,0,1,0,0,1,0
0x4a21c6,0%,1,0,1,0,0,1,0
0x4a2265,0%,1,0,1,0,1,0,0
0x4551ac,0%,1,0,1,0,0,1,0
0x4f0ab1,0%,1,0,1,0,1,0,0
0x473fb4,0%,1,0,1,0,0,1,0
0x49bcc5,66.6667%,1,2,3,2,1,0,0
0x4552e6,0%,1,0,1,0,0,1,0
0x4a7518,66.6667%,1,2,3,2,1,0,0
0x4a22b9,0%,1,0,1,0,0,1,0
0x4a22db,0%,1,0,1,0,1,0,0
0x4a06df,90.9091%,1,10,11,0,0,1,10
0x4a2363,0%,1,0,1,0,0,1,0
0x4f0aa2,0%,1,0,1,0,0,1,0
0x45554e,0%,1,0,1,0,0,1,0
0x49bf00,50%,1,1,2,0,0,1,1
0x42454a,0%,1,0,1,0,0,1,0
0x46f75e,0%,1,0,1,0,0,1,0
0x4a1267,0%,1,0,1,0,1,0,0
0x46f769,0%,1,0,1,0,1,0,0
0x49c1cf,50%,1,1,2,1,1,0,0
0x453083,0%,1,0,1,0,1,0,0
0x469716,0%,1,0,1,0,0,1,0
0x452d04,0%,1,0,1,0,1,0,0
0x46ec49,0%,1,0,1,0,0,1,0
0x45510a,50%,1,1,2,1,0,1,0
0x4170fa,66.6667%,1,2,3,2,1,0,0
0x4a1538,0%,1,0,1,0,1,0,0
0x4ab9c5,0%,1,0,1,0,0,1,0
0x46f77b,0%,1,0,1,0,0,1,0
0x46b46c,0%,1,0,1,0,0,1,0
0x46fd94,0%,1,0,1,0,1,0,0
0x45509f,0%,1,0,1,0,1,0,0
0x41e813,50%,1,1,2,0,0,1,1
0x47b214,0%,1,0,1,0,0,1,0
0x46efce,0%,1,0,1,0,0,1,0
0x445fa8,99.9878%,1,8190,8191,0,1,0,8190
0x46efc2,0%,1,0,1,0,0,1,0
0x46f725,0%,1,0,1,0,1,0,0
0x46dc56,0%,1,0,1,0,1,0,0
0x4a1dfe,0%,1,0,1,0,1,0,0
0x46f7a9,0%,1,0,1,0,1,0,0
0x4ab8b1,0%,1,0,1,0,1,0,0
0x46de6c,0%,1,0,1,0,1,0,0
0x4f0a7f,0%,1,0,1,0,1,0,0
0x46f747,0%,1,0,1,0,1,0,0
0x4bdc9a,66.6667%,1,2,3,1,1,0,1
0x41e915,0%,1,0,1,0,0,1,0
0x41e9b5,0%,1,0,1,0,1,0,0
0x424551,0%,1,0,1,0,0,1,0
0x4a759f,66.6667%,1,2,3,2,1,0,0
0x44e6f4,97.7778%,1,44,45,44,0,1,0
0x46d8b7,0%,1,0,1,0,1,0,0
0x49c787,50%,1,1,2,1,1,0,0
0x45520d,0%,1,0,1,0,0,1,0
0x44ac8b,99.9623%,1,2649,2650,1564,0,1,1085
0x47b2d1,0%,1,0,1,0,0,1,0
0x49fd0b,90.9091%,1,10,11,10,1,0,0
0x43365e,99.9572%,1,2337,2338,2337,1,0,0
0x46c3d3,0%,1,0,1,0,1,0,0
0x4a749d,66.6667%,1,2,3,0,0,1,2
0x46a6de,0%,1,0,1,0,1,0,0
0x45555c,0%,1,0,1,0,1,0,0
0x4a74f9,66.6667%,1,2,3,0,0,1,2
0x46bfde,0%,1,0,1,0,1,0,0
0x404da7,96.6667%,1,29,30,0,0,1,29
0x46c55e,0%,1,0,1,0,1,0,0
0x47b2c3,0%,1,0,1,0,0,1,0
0x42b3e0,87.5%,1,7,8,7,1,0,0
0x4a716a,66.6667%,1,2,3,0,0,1,2
0x47b2a5,0%,1,0,1,0,1,0,0
0x4ac4b7,0%,1,0,1,0,1,0,0
0x402d24,99.9879%,1,8237,8238,8237,1,0,0
0x49c434,92.8571%,1,13,14,0,0,1,13
0x4ac4d0,0%,1,0,1,0,0,1,0
0x4153b8,99.9572%,1,2337,2338,2128,0,1,209
0x4ac4ae,75%,1,3,4,2,1,0,1
0x49c76d,50%,1,1,2,0,0,1,1
0x4a1d88,0%,1,0,1,0,0,1,0
0x45579a,0%,1,0,1,0,0,1,0
0x49c6c5,90.9091%,1,10,11,0,0,1,10
0x4551f4,0%,1,0,1,0,0,1,0
0x4a0fa3,80%,1,4,5,0,0,1,4
0x4a0fb0,80%,1,4,5,4,1,0,0
0x40144f,0%,1,0,1,0,0,1,0
0x46be59,0%,1,0,1,0,0,1,0
0x455427,0%,1,0,1,0,1,0,0
0x4ac486,66.6667%,1,2,3,0,0,1,2
0x4a21ce,0%,1,0,1,0,1,0,0
0x4c97c4,99.8956%,1,957,958,0,1,0,957
0x45530e,0%,1,0,1,0,1,0,0
0x4135de,0%,1,0,1,0,0,1,0
0x4a23e5,80%,1,4,5,1,0,1,3
0x4a1577,0%,1,0,1,0,1,0,0
0x4a241c,0%,1,0,1,0,1,0,0
0x49bee4,50%,1,1,2,0,0,1,1
0x4ae63f,0%,1,0,1,0,1,0,0
0x437d55,99.7904%,1,476,477,0,0,1,476
0x4a03b3,0%,1,0,1,0,1,0,0
0x4137ee,0%,1,0,1,0,0,1,0
0x49c819,50%,1,1,2,0,0,1,1
0x485955,0%,1,0,1,0,1,0,0
0x4a02f4,0%,1,0,1,0,0,1,0
0x454f94,0%,1,0,1,0,1,0,0
0x4ac4e0,0%,1,0,1,0,1,0,0
0x4136a6,0%,1,0,1,0,1,0,0
0x45fe5b,85.7143%,1,6,7,6,0,1,0
0x47cbac,66.6667%,1,2,3,0,0,1,2
0x4a1b84,0%,1,0,1,0,1,0,0
0x49c6f9,90.9091%,1,10,11,0,0,1,10
0x41e6f3,80%,1,4,5,0,0,1,4
0x4a15fd,0%,1,0,1,0,0,1,0
0x4551cb,0%,1,0,1,0,0,1,0
0x4a7193,66.6667%,1,2,3,0,0,1,2
0x4a0fcb,80%,1,4,5,2,0,1,2
0x4a1636,0%,1,0,1,0,1,0,0
0x46a208,0%,1,0,1,0,0,1,0
0x4a1e5c,50%,1,1,2,1,0,1,0
0x41f885,0%,1,0,1,0,1,0,0
0x4ae51c,0%,1,0,1,0,1,0,0
0x469bc5,0%,1,0,1,0,0,1,0
0x43c173,99.5238%,1,209,210,209,1,0,0
0x49c7e0,50%,1,1,2,0,1,0,1
0x4bdc9f,0%,1,0,1,0,0,1,0
0x471b9f,0%,1,0,1,0,1,0,0
0x4a1fc3,0%,1,0,1,0,1,0,0
0x4a0693,90.9091%,1,10,11,10,1,0,0
0x4bde84,50%,1,1,2,0,0,1,1
0x46db18,0%,1,0,1,0,0,1,0
0x46f130,0%,1,0,1,0,1,0,0
0x471ae3,0%,1,0,1,0,1,0,0
0x40e59c,99.9989%,1,87119,87120,81674,1,0,5445
0x4c971e,99.9723%,1,3615,3616,0,0,1,3615
0x415762,0%,1,0,1,0,0,1,0
0x452ecc,0%,1,0,1,0,1,0,0
0x485ac9,0%,1,0,1,0,1,0,0
0x485a0c,0%,1,0,1,0,1,0,0
0x44afd1,99.9079%,1,1085,1086,0,0,1,1085
0x4a030d,0%,1,0,1,0,1,0,0
0x414b10,99.9583%,1,2399,2400,29,1,0,2370
0x4a238c,0%,1,0,1,0,0,1,0
0x40354c,99.9984%,1,60863,60864,60863,1,0,0
0x439471,99.9572%,1,2336,2337,2336,1,0,0
0x41eab4,0%,1,0,1,0,1,0,0
0x4135e9,0%,1,0,1,0,0,1,0
0x46e6b0,99.8736%,1,790,791,790,1,0,0
0x46b4a2,0%,1,0,1,0,1,0,0
0x46a13e,0%,1,0,1,0,1,0,0
0x43950f,99.9572%,1,2336,2337,2336,1,0,0
0x46b3d4,0%,1,0,1,0,0,1,0
0x4a12ef,0%,1,0,1,0,1,0,0
0x46b7ca,0%,1,0,1,0,0,1,0
0x471b30,0%,1,0,1,0,0,1,0
0x43a56f,99.908%,1,1086,1087,0,0,1,1086
0x46983b,0%,1,0,1,0,1,0,0
0x46cf5c,0%,1,0,1,0,0,1,0
0x428e26,99.6429%,1,279,280,0,0,1,279
0x46b309,0%,1,0,1,0,1,0,0
0x4168bc,0%,1,0,1,0,1,0,0
0x46fdc5,0%,1,0,1,0,1,0,0
0x415906,0%,1,0,1,0,0,1,0
0x415808,0%,1,0,1,0,1,0,0
0x4a1b66,0%,1,0,1,0,0,1,0
0x46a236,50%,1,1,2,1,0,1,0
0x41776b,96.6667%,1,29,30,0,0,1,29
0x46b086,0%,1,0,1,0,1,0,0
0x452a21,0%,1,0,1,0,1,0,0
0x4152e9,99.9572%,1,2337,2338,209,1,0,2128
0x404bce,99.9893%,1,9351,9352,4675,1,0,4676
0x45299e,0%,1,0,1,0,1,0,0
0x46b07d,0%,1,0,1,0,0,1,0
0x40e61c,99.9989%,1,87119,87120,81674,1,0,5445
0x416c13,98.8889%,1,89,90,0,0,1,89
0x4291ae,99.9553%,1,2234,2235,0,0,1,2234
0x41366b,0%,1,0,1,0,1,0,0
0x4a2880,0%,1,0,1,0,1,0,0
0x433ab3,99.9119%,1,1134,1135,0,0,1,1134
0x46ed54,0%,1,0,1,0,1,0,0
0x47001b,0%,1,0,1,0,0,1,0
0x43a3c1,99.908%,1,1086,1087,1086,1,0,0
0x416fac,66.6667%,1,2,3,0,0,1,2
0x414ba9,99.953%,1,2127,2128,2127,1,0,0
0x4530ae,0%,1,0,1,0,1,0,0
0x47001f,0%,1,0,1,0,0,1,0
0x4c96aa,99.9954%,1,21902,21903,4676,1,0,17226
0x471efa,96.6667%,1,29,30,0,0,1,29
0x41387b,0%,1,0,1,0,1,0,0
0x453241,0%,1,0,1,0,0,1,0
0x4dfe67,0%,1,0,1,0,0,1,0
0x4ac79b,96.6667%,1,29,30,0,0,1,29
0x400656,0%,1,0,1,0,1,0,0
0x4135f6,0%,1,0,1,0,0,1,0
0x46e50a,99.9572%,1,2337,2338,2337,1,0,0
0x46b7cf,0%,1,0,1,0,1,0,0
0x4a1d43,0%,1,0,1,0,1,0,0
0x452f9d,0%,1,0,1,0,1,0,0
0x4a231d,0%,1,0,1,0,1,0,0
0x469e24,0%,1,0,1,0,0,1,0
0x4633b5,99.905%,1,1052,1053,1052,1,0,0
0x4a1c0c,0%,1,0,1,0,0,1,0
0x46ca9d,0%,1,0,1,0,1,0,0
0x4a2cd3,0%,1,0,1,0,1,0,0
0x49be14,66.6667%,1,2,3,2,1,0,0
0x4a1f0e,0%,1,0,1,0,1,0,0
0x471f34,96.6667%,1,29,30,0,0,1,29
0x471f2d,96.6667%,1,29,30,0,0,1,29
0x46b7c0,0%,1,0,1,0,0,1,0
0x452d1c,0%,1,0,1,0,0,1,0
0x4a1e17,0%,1,0,1,0,0,1,0
0x46db77,0%,1,0,1,0,1,0,0
0x44e685,99.9722%,1,3599,3600,0,0,1,3599
0x428fb8,99.951%,1,2039,2040,0,0,1,2039
0x4290bc,99.9553%,1,2234,2235,0,0,1,2234
0x428c83,99.9553%,1,2234,2235,0,0,1,2234
0x41e00e,0%,1,0,1,0,1,0,0
0x428b62,99.9553%,1,2234,2235,0,0,1,2234
0x46ded6,0%,1,0,1,0,1,0,0
0x42b59d,85.7143%,1,6,7,6,1,0,0
0x439d36,99.7207%,1,357,358,357,1,0,0
0x43804e,99.7904%,1,476,477,476,1,0,0
0x416f5a,66.6667%,1,2,3,2,1,0,0
0x416e33,66.6667%,1,2,3,0,0,1,2
0x42b54d,87.5%,1,7,8,0,0,1,7
0x42b799,99.2308%,1,129,130,129,1,0,0
0x42b982,66.6667%,1,2,3,0,0,1,2
0x4344f3,99.7904%,1,476,477,476,1,0,0
0x43c7e6,99.7207%,1,357,358,0,0,1,357
0x433f80,99.8952%,1,953,954,0,0,1,953
0x4381b9,99.7904%,1,476,477,476,1,0,0
0x417182,96.6667%,1,29,30,29,0,1,0
0x461284,99.5238%,1,209,210,209,1,0,0
0x469d9d,0%,1,0,1,0,1,0,0
0x46c6fd,0%,1,0,1,0,0,1,0
0x433a04,99.938%,1,1612,1613,0,0,1,1612
0x472137,96.6667%,1,29,30,29,1,0,0
0x439940,99.908%,1,1086,1087,1086,1,0,0
0x4f0b85,50%,1,1,2,1,1,0,0
0x416810,0%,1,0,1,0,1,0,0
0x46c37f,0%,1,0,1,0,1,0,0
0x46c29c,0%,1,0,1,0,1,0,0
0x4a7206,66.6667%,1,2,3,2,1,0,0
0x46f706,0%,1,0,1,0,0,1,0
0x46b8a2,0%,1,0,1,0,1,0,0
0x401768,50%,1,1,2,0,0,1,1
0x45e56c,99.886%,1,876,877,876,1,0,0
0x46c4b5,0%,1,0,1,0,1,0,0
0x46ecac,0%,1,0,1,0,0,1,0
0x46f6d5,0%,1,0,1,0,0,1,0
0x46c8ea,0%,1,0,1,0,1,0,0
0x413702,0%,1,0,1,0,0,1,0
0x413659,0%,1,0,1,0,0,1,0
0x49fa24,90.9091%,1,10,11,0,0,1,10
0x460f54,99.5238%,1,209,210,209,1,0,0
0x46b848,0%,1,0,1,0,0,1,0
0x4343ef,99.7904%,1,476,477,476,1,0,0
0x46db0a,0%,1,0,1,0,0,1,0
0x46d883,0%,1,0,1,0,1,0,0
0x471b34,0%,1,0,1,0,1,0,0
0x46cfb6,0%,1,0,1,0,1,0,0
0x46cf82,0%,1,0,1,0,1,0,0
0x42a40b,97.3684%,1,37,38,0,0,1,37
0x49bda4,66.6667%,1,2,3,2,1,0,0
0x413876,0%,1,0,1,0,0,1,0
0x418580,98.8889%,1,89,90,0,0,1,89
0x4a2824,0%,1,0,1,0,0,1,0
0x46a02d,0%,1,0,1,0,0,1,0
0x4a152b,0%,1,0,1,0,0,1,0
0x471dd2,96.5517%,1,28,29,0,0,1,28
0x4ae54a,0%,1,0,1,0,1,0,0
0x42b586,93.75%,1,15,16,8,0,1,7
0x4a2029,0%,1,0,1,0,0,1,0
0x4a71a1,66.6667%,1,2,3,2,1,0,0
0x41685b,0%,1,0,1,0,1,0,0
0x413637,0%,1,0,1,0,0,1,0
0x4129ae,99.9598%,1,2489,2490,0,0,1,2489
0x469d7a,0%,1,0,1,0,0,1,0
0x4013af,66.6667%,1,2,3,2,1,0,0
0x4a7523,66.6667%,1,2,3,2,1,0,0
0x45ec36,99.9715%,1,3507,3508,0,0,1,3507
0x41455f,99.938%,1,1612,1613,0,0,1,1612
0x405f63,96.6667%,1,29,30,0,0,1,29
0x413b8c,99.9557%,1,2257,2258,28,1,0,2229
0x416875,0%,1,0,1,0,0,1,0
0x461d03,99.7691%,1,432,433,0,0,1,432
0x404c1d,99.9895%,1,9545,9546,0,0,1,9545
0x49c82a,50%,1,1,2,1,1,0,0
0x42a368,99.8804%,1,835,836,0,0,1,835
0x4a22c9,0%,1,0,1,0,0,1,0
0x427b65,99.7963%,1,490,491,490,1,0,0
0x471dbf,96.6667%,1,29,30,0,1,0,29
0x45f918,99.9081%,1,1087,1088,0,0,1,1087
0x46c705,0%,1,0,1,0,0,1,0
0x44bc2a,99.9079%,1,1085,1086,0,0,1,1085
0x49c5e7,90.9091%,1,10,11,0,1,0,10
0x46e326,99.9572%,1,2337,2338,0,1,0,2337
0x469c21,0%,1,0,1,0,0,1,0
0x42a660,99.938%,1,1612,1613,0,0,1,1612
0x469c0b,0%,1,0,1,0,0,1,0
0x4157cb,0%,1,0,1,0,1,0,0
0x46e962,0%,1,0,1,0,0,1,0
0x43de16,0%,1,0,1,0,0,1,0
0x469c8d,0%,1,0,1,0,1,0,0
0x45f955,99.9081%,1,1087,1088,0,0,1,1087
0x469c3b,0%,1,0,1,0,0,1,0
0x4a1e94,0%,1,0,1,0,0,1,0
0x473fe9,0%,1,0,1,0,0,1,0
0x414b1f,99.9578%,1,2369,2370,2369,1,0,0
0x413707,0%,1,0,1,0,0,1,0
0x47af53,0%,1,0,1,0,1,0,0
0x49bce5,66.6667%,1,2,3,0,0,1,2
0x414120,99.9572%,1,2337,2338,2337,1,0,0
0x41369c,0%,1,0,1,0,0,1,0
0x4ba80b,0%,1,0,1,0,0,1,0
0x42890f,99.6689%,1,301,302,0,0,1,301
0x4a2990,0%,1,0,1,0,1,0,0
0x46b22c,0%,1,0,1,0,1,0,0
0x455330,0%,1,0,1,0,0,1,0
0x41a6cb,50%,1,1,2,0,0,1,1
0x42b9ac,83.3333%,1,5,6,2,1,0,3
0x4f0be9,50%,1,1,2,1,1,0,0
0x428aae,99.9553%,1,2234,2235,0,0,1,2234
0x46dbcf,0%,1,0,1,0,0,1,0
0x469e05,0%,1,0,1,0,1,0,0
0x46ca05,0%,1,0,1,0,1,0,0
0x471cc2,0%,1,0,1,0,1,0,0
0x469b0c,0%,1,0,1,0,1,0,0
0x4a08a4,0%,1,0,1,0,1,0,0
0x4155f9,99.9572%,1,2337,2338,0,0,1,2337
0x43818a,99.7904%,1,476,477,476,1,0,0
0x46e198,96.6667%,1,29,30,0,0,1,29
0x41e948,0%,1,0,1,0,1,0,0
0x4168a2,0%,1,0,1,0,1,0,0
0x461387,99.5238%,1,209,210,0,0,1,209
0x472006,96.6667%,1,29,30,0,0,1,29
0x4a1032,80%,1,4,5,0,0,1,4
0x47b020,0%,1,0,1,0,1,0,0
0x472025,96.6667%,1,29,30,29,1,0,0
0x46fd27,0%,1,0,1,0,1,0,0
0x460c9c,99.905%,1,1052,1053,1052,1,0,0
0x427860,99.7613%,1,418,419,0,0,1,418
0x415042,99.9572%,1,2337,2338,2337,1,0,0
0x413afd,99.9557%,1,2257,2258,0,0,1,2257
0x46e5a5,99.9572%,1,2337,2338,0,0,1,2337
0x44dfd3,0%,1,0,1,0,1,0,0
0x4556c2,0%,1,0,1,0,0,1,0
0x4a2413,0%,1,0,1,0,0,1,0
0x469e8f,0%,1,0,1,0,1,0,0
0x41a64f,50%,1,1,2,0,1,0,1
0x404ca7,99.9895%,1,9545,9546,9545,1,0,0
0x4a2f60,0%,1,0,1,0,0,1,0
0x41e970,0%,1,0,1,0,1,0,0
0x46ca69,0%,1,0,1,0,1,0,0
0x4724fb,0%,1,0,1,0,1,0,0
0x4f0bac,50%,1,1,2,1,1,0,0
0x41442b,99.9747%,1,3950,3951,0,0,1,3950
0x401459,0%,1,0,1,0,1,0,0
0x405f8f,96.6667%,1,29,30,0,0,1,29
0x471d7e,96.7742%,1,30,31,0,1,0,30
0x46a2b2,0%,1,0,1,0,1,0,0
0x401554,0%,1,0,1,0,0,1,0
0x428fa4,99.951%,1,2039,2040,0,0,1,2039
0x471eca,96.5517%,1,28,29,0,0,1,28
0x46d249,100%,0,1,1,0,0,0,1
0x455114,100%,0,1,1,1,0,0,0
0x4ae53e,100%,0,1,1,0,0,0,1
0x46c77e,100%,0,1,1,1,0,0,0
0x46c9e0,100%,0,1,1,0,0,0,1
0x46cc9f,100%,0,1,1,1,0,0,0
0x469cef,100%,0,1,1,1,0,0,0
0x47401e,100%,0,1,1,0,0,0,1
0x46ddde,100%,0,1,1,1,0,0,0
0x46d7fa,100%,0,1,1,0,0,0,1
0x46fc12,100%,0,1,1,1,0,0,0
0x46a92c,100%,0,1,1,1,0,0,0
0x4a297d,100%,0,1,1,0,0,0,1
0x469ea3,100%,0,1,1,1,0,0,0
0x40143a,100%,0,1,1,0,0,0,1
0x46f78a,100%,0,1,1,1,0,0,0
0x469ed1,100%,0,1,1,1,0,0,0
0x4ac60b,100%,0,1,1,1,0,0,0
0x43511e,100%,0,610,610,610,0,0,0
0x4c97e9,100%,0,3,3,0,0,0,3
0x46c461,100%,0,1,1,1,0,0,0
0x452aa2,100%,0,1,1,1,0,0,0
0x469b87,100%,0,1,1,1,0,0,0
0x46f79c,100%,0,1,1,0,0,0,1
0x47b06e,100%,0,1,1,1,0,0,0
0x46c521,100%,0,1,1,1,0,0,0
0x469e53,100%,0,1,1,1,0,0,0
0x401a27,100%,0,799,799,0,0,0,799
0x46c611,100%,0,1,1,1,0,0,0
0x46b2c1,100%,0,1,1,0,0,0,1
0x41ab47,100%,0,1,1,1,0,0,0
0x46b404,100%,0,1,1,1,0,0,0
0x4ae41c,100%,0,1,1,0,0,0,1
0x4a71e8,100%,0,3,3,0,0,0,3
0x4ab9b4,100%,0,1,1,0,0,0,1
0x4ab8a6,100%,0,1,1,0,0,0,1
0x46fdbb,100%,0,1,1,0,0,0,1
0x4551d9,100%,0,1,1,0,0,0,1
0x4a7215,100%,0,3,3,0,0,0,3
0x4a71f5,100%,0,3,3,0,0,0,3
0x46fff4,100%,0,1,1,0,0,0,1
0x41f87d,100%,0,1,1,0,0,0,1
0x4551ba,100%,0,1,1,0,0,0,1
0x4dfe76,100%,0,1,1,0,0,0,1
0x4ae423,100%,0,1,1,0,0,0,1
0x416b22,100%,0,87,87,87,0,0,0
0x43c29d,100%,0,836,836,836,0,0,0
0x4a202f,100%,0,1,1,1,0,0,0
0x433a7e,100%,0,1135,1135,0,0,0,1135
0x45e503,100%,0,1135,1135,1135,0,0,0
0x412292,100%,0,556,556,556,0,0,0
0x44b7a2,100%,0,1086,1086,1086,0,0,0
0x46d24d,100%,0,1,1,1,0,0,0
0x46a1f7,100%,0,1,1,0,0,0,1
0x41f832,100%,0,1,1,0,0,0,1
0x45521c,100%,0,1,1,0,0,0,1
0x4c99a4,100%,0,3,3,0,0,0,3
0x46a0c0,100%,0,1,1,0,0,0,1
0x46a08c,100%,0,1,1,0,0,0,1
0x46dea9,100%,0,1,1,0,0,0,1
0x47af0e,100%,0,1,1,0,0,0,1
0x46dfd4,100%,0,1,1,0,0,0,1
0x404f83,100%,0,496,496,0,0,0,496
0x4149fb,100%,0,3226,3226,0,0,0,3226
0x40283b,100%,0,5569,5569,0,0,0,5569
0x470024,100%,0,1,1,1,0,0,0
0x47b245,100%,0,1,1,0,0,0,1
0x45d14f,100%,0,877,877,0,0,0,877
0x413aab,100%,0,2098,2098,0,0,0,2098
0x414980,100%,0,2338,2338,0,0,0,2338
0x473f55,100%,0,1,1,1,0,0,0
0x401614,100%,0,1,1,1,0,0,0
0x40179e,100%,0,2,2,0,0,0,2
0x41579b,100%,0,1,1,0,0,0,1
0x4158ac,100%,0,1,1,1,0,0,0
0x4158d0,100%,0,1,1,0,0,0,1
0x469dfb,100%,0,1,1,0,0,0,1
0x40571f,100%,0,1,1,0,0,0,1
0x46b2f1,100%,0,1,1,0,0,0,1
0x44e157,100%,0,1,1,1,0,0,0
0x43de05,100%,0,1,1,0,0,0,1
0x4530d7,100%,0,1,1,1,0,0,0
0x46b3f4,100%,0,1,1,0,0,0,1
0x469c4a,100%,0,1,1,1,0,0,0
0x43380b,100%,0,1613,1613,1613,0,0,0
0x45323b,100%,0,1,1,0,0,0,1
0x471b1a,100%,0,1,1,0,0,0,1
0x445ed6,100%,0,1564,1564,0,0,0,1564
0x46c192,100%,0,1,1,1,0,0,0
0x4016ce,100%,0,1,1,0,0,0,1
0x452e5f,100%,0,1,1,1,0,0,0
0x469dca,100%,0,1,1,0,0,0,1
0x407ee5,100%,0,8728,8728,7637,0,0,1091
0x45329c,100%,0,1,1,1,0,0,0
0x460053,100%,0,1,1,1,0,0,0
0x45ff8b,100%,0,1,1,1,0,0,0
0x46f75a,100%,0,1,1,0,0,0,1
0x469dd6,100%,0,1,1,1,0,0,0
0x47afbd,100%,0,1,1,0,0,0,1
0x4533ef,100%,0,1,1,1,0,0,0
0x46b72f,100%,0,1,1,1,0,0,0
0x44b6e0,100%,0,1086,1086,1086,0,0,0
0x453276,100%,0,1,1,0,0,0,1
0x46b2de,100%,0,1,1,0,0,0,1
0x47b207,100%,0,1,1,0,0,0,1
0x419af3,100%,0,4,4,0,0,0,4
0x40572b,100%,0,1,1,0,0,0,1
0x41682a,100%,0,1,1,0,0,0,1
0x47aee8,100%,0,1,1,1,0,0,0
0x42b818,100%,0,3,3,3,0,0,0
0x46d239,100%,0,1,1,0,0,0,1
0x44e594,100%,0,3600,3600,3600,0,0,0
0x4ab89b,100%,0,1,1,0,0,0,1
0x452cec,100%,0,1,1,1,0,0,0
0x4155ff,100%,0,2338,2338,0,0,0,2338
0x46b88b,100%,0,1,1,1,0,0,0
0x4ac4c3,100%,0,1,1,0,0,0,1
0x41378b,100%,0,1,1,0,0,0,1
0x46c046,100%,0,1,1,1,0,0,0
0x416771,100%,0,1,1,1,0,0,0
0x415183,100%,0,2128,2128,2128,0,0,0
0x413871,100%,0,1,1,0,0,0,1
0x41388e,100%,0,1,1,0,0,0,1
0x4bdbc5,100%,0,3,3,3,0,0,0
0x49be07,100%,0,3,3,0,0,0,3
0x46c162,100%,0,1,1,1,0,0,0
0x46c2f0,100%,0,1,1,1,0,0,0
0x47b317,100%,0,1,1,1,0,0,0
0x4340ca,100%,0,954,954,477,0,0,477
0x44e428,100%,0,1,1,0,0,0,1
0x46b80b,100%,0,1,1,1,0,0,0
0x4558ce,100%,0,1,1,1,0,0,0
0x414ab2,100%,0,1613,1613,0,0,0,1613
0x47cbbe,100%,0,3,3,0,0,0,3
0x49be9c,100%,0,3,3,3,0,0,0
0x46a5d5,100%,0,1,1,1,0,0,0
0x46b7f8,100%,0,1,1,0,0,0,1
0x4a75ac,100%,0,3,3,0,0,0,3
0x469f2b,100%,0,1,1,0,0,0,1
0x46e648,100%,0,210,210,0,0,0,210
0x4135b0,100%,0,1,1,0,0,0,1
0x41e8d3,100%,0,1,1,0,0,0,1
0x44e457,100%,0,45,45,0,0,0,45
0x4859a3,100%,0,1,1,0,0,0,1
0x453031,100%,0,1,1,0,0,0,1
0x46f77f,100%,0,1,1,0,0,0,1
0x428ee6,100%,0,2040,2040,0,0,0,2040
0x44b0b9,100%,0,1086,1086,1086,0,0,0
0x414840,100%,0,7014,7014,2338,0,0,4676
0x401b77,100%,0,12784,12784,0,0,0,12784
0x45dc75,100%,0,231,231,0,0,0,231
0x4f1cd2,100%,0,1,1,1,0,0,0
0x4a1e88,100%,0,1,1,0,0,0,1
0x437d69,100%,0,477,477,0,0,0,477
0x413a95,100%,0,2308,2308,210,0,0,2098
0x428eb1,100%,0,2040,2040,2040,0,0,0
0x4a1c03,100%,0,1,1,0,0,0,1
0x433011,100%,0,2338,2338,0,0,0,2338
0x416723,100%,0,1,1,1,0,0,0
0x42a60d,100%,0,725,725,9,0,0,716
0x438d8c,100%,0,610,610,610,0,0,0
0x428450,100%,0,30,30,0,0,0,30
0x415364,100%,0,2338,2338,0,0,0,2338
0x413a4a,100%,0,2338,2338,30,0,0,2308
0x4289bc,100%,0,2235,2235,0,0,0,2235
0x4245ad,100%,0,1,1,1,0,0,0
0x41a636,100%,0,1,1,0,0,0,1
0x41513f,100%,0,2338,2338,2338,0,0,0
0x4697a1,100%,0,1,1,1,0,0,0
0x402a92,100%,0,4352,4352,2176,0,0,2176
0x4289d2,100%,0,2235,2235,0,0,0,2235
0x4a0c59,100%,0,11,11,11,0,0,0
0x438cf2,100%,0,610,610,610,0,0,0
0x43c942,100%,0,465,465,0,0,0,465
0x439437,100%,0,610,610,610,0,0,0
0x46e1dc,100%,0,2338,2338,0,0,0,2338
0x4a2f81,100%,0,5,5,0,0,0,5
0x406007,100%,0,30,30,0,0,0,30
0x4392f5,100%,0,610,610,610,0,0,0
0x45ef1a,100%,0,3508,3508,0,0,0,3508
0x452ea5,100%,0,1,1,1,0,0,0
0x43a3f6,100%,0,1087,1087,1087,0,0,0
0x49bef2,100%,0,2,2,0,0,0,2
0x46fd45,100%,0,1,1,1,0,0,0
0x41488e,100%,0,4676,4676,0,0,0,4676
0x44b300,100%,0,1086,1086,1086,0,0,0
0x402acb,100%,0,5569,5569,5569,0,0,0
0x460d64,100%,0,578,578,0,0,0,578
0x433fd0,100%,0,954,954,0,0,0,954
0x4029a0,100%,0,89240,89240,0,0,0,89240
0x44aff2,100%,0,1086,1086,1086,0,0,0
0x4c97a9,100%,0,961,961,0,0,0,961
0x44afde,100%,0,1086,1086,0,0,0,1086
0x43c12f,100%,0,210,210,210,0,0,0
0x4335e5,100%,0,2333,2333,2333,0,0,0
0x445f80,100%,0,1564,1564,0,0,0,1564
0x414e00,100%,0,2128,2128,0,0,0,2128
0x429284,100%,0,2235,2235,0,0,0,2235
0x405227,100%,0,496,496,0,0,0,496
0x46e585,100%,0,2128,2128,0,0,0,2128
0x413b44,100%,0,2078,2078,0,0,0,2078
0x46fec5,100%,0,1,1,1,0,0,0
0x43942d,100%,0,610,610,0,0,0,610
0x435406,100%,0,610,610,0,0,0,610
0x45f977,100%,0,466,466,0,0,0,466
0x438ace,100%,0,610,610,0,0,0,610
0x4338a5,100%,0,725,725,0,0,0,725
0x44aeed,100%,0,2650,2650,2650,0,0,0
0x446691,100%,0,2317,2317,2317,0,0,0
0x4028fc,100%,0,89240,89240,0,0,0,89240
0x45fd13,100%,0,278,278,278,0,0,0
0x4461e7,100%,0,1564,1564,0,0,0,1564
0x471cb2,100%,0,1,1,0,0,0,1
0x4028ea,100%,0,89240,89240,0,0,0,89240
0x43c94b,100%,0,465,465,0,0,0,465
0x4029b1,100%,0,89240,89240,89240,0,0,0
0x404aed,100%,0,4676,4676,0,0,0,4676
0x46fd8b,100%,0,1,1,0,0,0,1
0x45da77,100%,0,425,425,0,0,0,425
0x428dcb,100%,0,280,280,0,0,0,280
0x455091,100%,0,1,1,0,0,0,1
0x46976b,100%,0,1,1,0,0,0,1
0x4338ce,100%,0,725,725,725,0,0,0
0x4351d1,100%,0,610,610,610,0,0,0
0x435275,100%,0,610,610,0,0,0,610
0x4540d7,100%,0,30,30,30,0,0,0
0x413892,100%,0,1,1,1,0,0,0
0x413a84,100%,0,2308,2308,0,0,0,2308
0x427c02,100%,0,2436,2436,0,0,0,2436
0x45fe24,100%,0,2,2,0,0,0,2
0x428b77,100%,0,2235,2235,0,0,0,2235
0x429299,100%,0,2235,2235,0,0,0,2235
0x43c954,100%,0,465,465,0,0,0,465
0x46d808,100%,0,1,1,1,0,0,0
0x46e561,100%,0,2338,2338,0,0,0,2338
0x43a4cb,100%,0,4306,4306,4306,0,0,0
0x40297d,100%,0,89240,89240,0,0,0,89240
0x47b250,100%,0,1,1,0,0,0,1
0x416922,100%,0,30,30,0,0,0,30
0x401bfb,100%,0,12784,12784,0,0,0,12784
0x401cd1,100%,0,799,799,799,0,0,0
0x426641,100%,0,45952,45952,0,0,0,45952
0x42a3a6,100%,0,836,836,0,0,0,836
0x4a1db4,100%,0,1,1,0,0,0,1
0x428e3b,100%,0,280,280,0,0,0,280
0x44b97a,100%,0,676,676,0,0,0,676
0x46c087,100%,0,1,1,1,0,0,0
0x405247,100%,0,496,496,496,0,0,0
0x40519a,100%,0,496,496,496,0,0,0
0x413e59,100%,0,2308,2308,0,0,0,2308
0x404ec7,100%,0,496,496,0,0,0,496
0x402a96,100%,0,2176,2176,2176,0,0,0
0x471f65,100%,0,30,30,0,0,0,30
0x4ba7f8,100%,0,1,1,0,0,0,1
0x416c56,100%,0,90,90,0,0,0,90
0x416b38,100%,0,87,87,87,0,0,0
0x49c783,100%,0,2,2,0,0,0,2
0x404bd7,100%,0,4676,4676,4676,0,0,0
0x469d6d,100%,0,1,1,1,0,0,0
0x428ddb,100%,0,280,280,0,0,0,280
0x4f096b,100%,0,5,5,1,0,0,4
0x4286e2,100%,0,2068,2068,0,0,0,2068
0x4293bb,100%,0,2235,2235,0,0,0,2235
0x413b90,100%,0,2229,2229,0,0,0,2229
0x41ea86,100%,0,1,1,0,0,0,1
0x454f7f,100%,0,1,1,0,0,0,1
0x4ac553,100%,0,1,1,1,0,0,0
0x455165,100%,0,1,1,1,0,0,0
0x428d98,100%,0,2320,2320,0,0,0,2320
0x402a52,100%,0,2176,2176,0,0,0,2176
0x42b80e,100%,0,3,3,0,0,0,3
0x42ab11,100%,0,130,130,0,0,0,130
0x42ab4c,100%,0,212,212,0,0,0,212
0x43c7f8,100%,0,358,358,0,0,0,358
0x46124d,100%,0,210,210,210,0,0,0
0x401b9e,100%,0,12784,12784,0,0,0,12784
0x49bdfb,100%,0,3,3,3,0,0,0
0x433fda,100%,0,954,954,954,0,0,0
0x4a22b1,100%,0,1,1,0,0,0,1
0x45e38a,100%,0,210,210,210,0,0,0
0x43c14c,100%,0,210,210,0,0,0,210
0x46e651,100%,0,210,210,210,0,0,0
0x42bc2c,100%,0,1534,1534,6,0,0,1528
0x41e643,100%,0,30,30,0,0,0,30
0x45d35d,100%,0,164,164,0,0,0,164
0x46f857,100%,0,1,1,1,0,0,0
0x401c1e,100%,0,12784,12784,0,0,0,12784
0x44ac6d,100%,0,693,693,0,0,0,693
0x401baf,100%,0,12784,12784,12784,0,0,0
0x4699d0,100%,0,1,1,1,0,0,0
0x46aa8b,100%,0,1,1,1,0,0,0
0x40171e,100%,0,1,1,0,0,0,1
0x4186c5,100%,0,90,90,90,0,0,0
0x427c25,100%,0,6693,6693,6693,0,0,0
0x4278c7,100%,0,149,149,0,0,0,149
0x429085,100%,0,2235,2235,0,0,0,2235
0x47cdc8,100%,0,1,1,0,0,0,1
0x49bcdc,100%,0,3,3,0,0,0,3
0x42784f,100%,0,419,419,0,0,0,419
0x415179,100%,0,2338,2338,210,0,0,2128
0x45d172,100%,0,877,877,0,0,0,877
0x4a204e,100%,0,1,1,0,0,0,1
0x4a1603,100%,0,1,1,1,0,0,0
0x4279bf,100%,0,2833,2833,0,0,0,2833
0x45ecc0,100%,0,14032,14032,14032,0,0,0
0x4a20ea,100%,0,1,1,1,0,0,0
0x403439,100%,0,7608,7608,0,0,0,7608
0x44aa89,100%,0,1564,1564,0,0,0,1564
0x4a1f8b,100%,0,1,1,0,0,0,1
0x413b2d,100%,0,2258,2258,0,0,0,2258
0x4a2819,100%,0,1,1,0,0,0,1
0x4340a4,100%,0,477,477,477,0,0,0
0x45e3ed,100%,0,115,115,115,0,0,0
0x45e15c,100%,0,2337,2337,2337,0,0,0
0x45e0c4,100%,0,2337,2337,2337,0,0,0
0x43999b,100%,0,2337,2337,2337,0,0,0
0x439995,100%,0,2337,2337,0,0,0,2337
0x428985,100%,0,2235,2235,0,0,0,2235
0x45f104,100%,0,210,210,210,0,0,0
0x4a1af2,100%,0,1,1,0,0,0,1
0x471dc7,100%,0,29,29,0,0,0,29
0x49bd4f,100%,0,3,3,3,0,0,0
0x42b805,100%,0,3,3,0,0,0,3
0x45f357,100%,0,210,210,210,0,0,0
0x469c78,100%,0,1,1,1,0,0,0
0x4286f7,100%,0,2068,2068,0,0,0,2068
0x4338b2,100%,0,725,725,725,0,0,0
0x41377a,100%,0,1,1,0,0,0,1
0x46c0a9,100%,0,1,1,1,0,0,0
0x434f43,100%,0,115,115,0,0,0,115
0x45f23e,100%,0,3360,3360,3360,0,0,0
0x405216,100%,0,496,496,0,0,0,496
0x4157e1,100%,0,1,1,0,0,0,1
0x414b58,100%,0,2320,2320,2320,0,0,0
0x414fca,100%,0,2338,2338,2338,0,0,0
0x428094,100%,0,30,30,30,0,0,0
0x471f01,100%,0,30,30,0,0,0,30
0x45f992,100%,0,33,33,0,0,0,33
0x41482c,100%,0,7014,7014,0,0,0,7014
0x42a618,100%,0,716,716,0,0,0,716
0x404f4f,100%,0,496,496,0,0,0,496
0x44af2e,100%,0,2650,2650,0,0,0,2650
0x4a29fb,100%,0,1,1,0,0,0,1
0x42a56f,100%,0,330,330,315,0,0,15
0x433194,100%,0,2338,2338,0,0,0,2338
0x41eaf5,100%,0,1,1,1,0,0,0
0x417007,100%,0,3,3,0,0,0,3
0x4291c3,100%,0,2235,2235,0,0,0,2235
0x46a22e,100%,0,2,2,0,0,0,2
0x46ed26,100%,0,1,1,1,0,0,0
0x46969a,100%,0,1,1,1,0,0,0
0x4293a7,100%,0,2235,2235,0,0,0,2235
0x469789,100%,0,1,1,0,0,0,1
0x4287a2,100%,0,2068,2068,0,0,0,2068
0x41e898,100%,0,11,11,11,0,0,0
0x46980d,100%,0,1,1,0,0,0,1
0x46f716,100%,0,1,1,0,0,0,1
0x469885,100%,0,1,1,0,0,0,1
0x46e339,100%,0,1126,1126,0,0,0,1126
0x409f51,100%,0,1142,1142,0,0,0,1142
0x46f05a,100%,0,1,1,1,0,0,0
0x41a666,100%,0,1,1,1,0,0,0
0x413797,100%,0,1,1,1,0,0,0
0x4bdb0a,100%,0,968,968,968,0,0,0
0x4ac744,100%,0,1,1,0,0,0,1
0x42b706,100%,0,7,7,0,0,0,7
0x46f0f0,100%,0,1,1,0,0,0,1
0x47af10,100%,0,1,1,1,0,0,0
0x40e6a0,100%,0,87120,87120,81675,0,0,5445
0x46f5f4,100%,0,1,1,0,0,0,1
0x46c01d,100%,0,1,1,1,0,0,0
0x4352a7,100%,0,610,610,0,0,0,610
0x4353b9,100%,0,610,610,610,0,0,0
0x46f353,100%,0,1,1,1,0,0,0
0x44a97c,100%,0,1564,1564,0,0,0,1564
0x4024ef,100%,0,773,773,773,0,0,0
0x4351c2,100%,0,610,610,0,0,0,610
0x4482ca,100%,0,1564,1564,0,0,0,1564
0x454fde,100%,0,1,1,1,0,0,0
0x4352fb,100%,0,610,610,610,0,0,0
0x438adb,100%,0,610,610,0,0,0,610
0x4138a8,100%,0,1,1,1,0,0,0
0x4a08fc,100%,0,1,1,0,0,0,1
0x438ae7,100%,0,610,610,0,0,0,610
0x44afb7,100%,0,1086,1086,0,0,0,1086
0x44afc4,100%,0,1086,1086,0,0,0,1086
0x4bde89,100%,0,2,2,1,0,0,1
0x4288a2,100%,0,302,302,0,0,0,302
0x4288b3,100%,0,302,302,0,0,0,302
0x433dca,100%,0,954,954,0,0,0,954
0x4f09a7,100%,0,3,3,0,0,0,3
0x4a1abe,100%,0,1,1,0,0,0,1
0x4a2093,100%,0,1,1,1,0,0,0
0x4f05b4,100%,0,1,1,1,0,0,0
0x4f05d5,100%,0,1,1,0,0,0,1
0x46e024,100%,0,791,791,791,0,0,0
0x4a1b76,100%,0,1,1,0,0,0,1
0x44b24c,100%,0,1086,1086,0,0,0,1086
0x4a1ca1,100%,0,1,1,0,0,0,1
0x4a1d98,100%,0,1,1,0,0,0,1
0x4f061f,100%,0,5,5,5,0,0,0
0x4a08e8,100%,0,1,1,0,0,0,1
0x4ae543,100%,0,1,1,0,0,0,1
0x4f1041,100%,0,5,5,0,0,0,5
0x4a1eb8,100%,0,1,1,0,0,0,1
0x4a1fb8,100%,0,1,1,0,0,0,1
0x4017d5,100%,0,2,2,1,0,0,1
0x4a218a,100%,0,1,1,1,0,0,0
0x4a2cee,100%,0,1,1,1,0,0,0
0x44b48a,100%,0,1086,1086,1086,0,0,0
0x4c9694,100%,0,21903,21903,14889,0,0,7014
0x4a2a0a,100%,0,1,1,1,0,0,0
0x49c1e5,100%,0,2,2,0,0,0,2
0x439320,100%,0,465,465,465,0,0,0
0x4a140f,100%,0,1,1,0,0,0,1
0x41563e,100%,0,1254,1254,1254,0,0,0
0x46ccd3,100%,0,1,1,1,0,0,0
0x49bd41,100%,0,3,3,0,0,0,3
0x49bd7d,100%,0,3,3,0,0,0,3
0x49bdb5,100%,0,3,3,0,0,0,3
0x46ed3d,100%,0,1,1,0,0,0,1
0x401afc,100%,0,12784,12784,0,0,0,12784
0x46f754,100%,0,1,1,0,0,0,1
0x4ae431,100%,0,1,1,1,0,0,0
0x413f81,100%,0,2338,2338,0,0,0,2338
0x4129a9,100%,0,2490,2490,0,0,0,2490
0x46b3a8,100%,0,1,1,0,0,0,1
0x46cc79,100%,0,1,1,0,0,0,1
0x49c5a9,100%,0,11,11,11,0,0,0
0x47b3ac,100%,0,1,1,1,0,0,0
0x49c7fd,100%,0,2,2,0,0,0,2
0x4a03a3,100%,0,1,1,0,0,0,1
0x44ad5e,100%,0,1564,1564,1564,0,0,0
0x4a0a88,100%,0,1,1,0,0,0,1
0x4a1123,100%,0,1,1,0,0,0,1
0x4a1154,100%,0,1,1,1,0,0,0
0x469bef,100%,0,1,1,0,0,0,1
0x46dcef,100%,0,1,1,1,0,0,0
0x404c03,100%,0,9546,9546,0,0,0,9546
0x413bc0,100%,0,2229,2229,0,0,0,2229
0x4ae52d,100%,0,1,1,0,0,0,1
0x40602a,100%,0,30,30,30,0,0,0
0x4287b6,100%,0,2068,2068,0,0,0,2068
0x42bc7a,100%,0,1564,1564,0,0,0,1564
0x4147da,100%,0,7014,7014,7014,0,0,0
0x46fd6d,100%,0,1,1,0,0,0,1
0x4a206f,100%,0,1,1,1,0,0,0
0x41474d,100%,0,7014,7014,7014,0,0,0
0x433131,100%,0,2338,2338,0,0,0,2338
0x44acbb,100%,0,1564,1564,0,0,0,1564
0x469c74,100%,0,1,1,0,0,0,1
0x46c008,100%,0,1,1,0,0,0,1
0x415340,100%,0,1743,1743,0,0,0,1743
0x46ebd6,100%,0,1,1,1,0,0,0
0x404f97,100%,0,496,496,496,0,0,0
0x4ae573,100%,0,1,1,1,0,0,0
0x4332aa,100%,0,725,725,725,0,0,0
0x415899,100%,0,1,1,1,0,0,0
0x412306,100%,0,556,556,556,0,0,0
0x41361e,100%,0,1,1,0,0,0,1
0x413c3f,100%,0,2049,2049,0,0,0,2049
0x413ed8,100%,0,2338,2338,2338,0,0,0
0x4146e5,100%,0,7014,7014,7014,0,0,0
0x405205,100%,0,496,496,0,0,0,496
0x4331e9,100%,0,2338,2338,2338,0,0,0
0x413c28,100%,0,2229,2229,0,0,0,2229
0x4a25dd,100%,0,1,1,1,0,0,0
0x439311,100%,0,610,610,145,0,0,465
0x49be7f,100%,0,3,3,3,0,0,0
0x44b54d,100%,0,1086,1086,1086,0,0,0
0x4ac7a9,100%,0,30,30,0,0,0,30
0x46ffcc,100%,0,1,1,0,0,0,1
0x45dc93,100%,0,231,231,0,0,0,231
0x469733,100%,0,1,1,0,0,0,1
0x43a59e,100%,0,212,212,212,0,0,0
0x4278d9,100%,0,189,189,0,0,0,189
0x4029fb,100%,0,89240,89240,0,0,0,89240
0x402426,100%,0,773,773,0,0,0,773
0x45fe80,100%,0,1,1,0,0,0,1
0x46e31d,100%,0,2338,2338,0,0,0,2338
0x46c73e,100%,0,1,1,1,0,0,0
0x46e838,100%,0,2338,2338,0,0,0,2338
0x47b2d5,100%,0,1,1,0,0,0,1
0x433199,100%,0,2338,2338,2338,0,0,0
0x45e546,100%,0,877,877,0,0,0,877
0x469af6,100%,0,1,1,0,0,0,1
0x4a1f31,100%,0,2,2,2,0,0,0
0x4a2185,100%,0,1,1,0,0,0,1
0x46a07a,100%,0,1,1,0,0,0,1
0x4155a6,100%,0,2338,2338,0,0,0,2338
0x45d6e2,100%,0,2416,2416,0,0,0,2416
0x45eff4,100%,0,877,877,0,0,0,877
0x405631,100%,0,496,496,496,0,0,0
0x4336e3,100%,0,725,725,725,0,0,0
0x45e1b3,100%,0,2337,2337,0,0,0,2337
0x46e8f0,100%,0,2338,2338,2338,0,0,0
0x40344b,100%,0,7608,7608,0,0,0,7608
0x4c9788,100%,0,3616,3616,2518,0,0,1098
0x434f0e,100%,0,115,115,0,0,0,115
0x4335ac,100%,0,725,725,725,0,0,0
0x4482b3,100%,0,477,477,0,0,0,477
0x4151b0,100%,0,2338,2338,2338,0,0,0
0x42458a,100%,0,1,1,0,0,0,1
0x413bd7,100%,0,2049,2049,0,0,0,2049
0x41237a,100%,0,556,556,556,0,0,0
0x4552ae,100%,0,1,1,1,0,0,0
0x43504a,100%,0,610,610,0,0,0,610
0x471d75,100%,0,31,31,0,0,0,31
0x4158ed,100%,0,1,1,0,0,0,1
0x46dd83,100%,0,1,1,0,0,0,1
0x413bf8,100%,0,2229,2229,0,0,0,2229
0x46e0fb,100%,0,2338,2338,2338,0,0,0
0x4a7226,100%,0,3,3,3,0,0,0
0x4245e6,100%,0,1,1,1,0,0,0
0x4c9683,100%,0,21903,21903,17227,0,0,4676
0x414936,100%,0,2338,2338,2338,0,0,0
0x40141d,100%,0,1,1,0,0,0,1
0x414210,100%,0,2338,2338,0,0,0,2338
0x4bda78,100%,0,968,968,0,0,0,968
0x453236,100%,0,1,1,0,0,0,1
0x419c91,100%,0,4,4,4,0,0,0
0x46e398,100%,0,1053,1053,0,0,0,1053
0x428efa,100%,0,2040,2040,0,0,0,2040
0x49be8e,100%,0,3,3,0,0,0,3
0x47b2ef,100%,0,1,1,0,0,0,1
0x454b83,100%,0,2338,2338,0,0,0,2338
0x43300c,100%,0,2338,2338,0,0,0,2338
0x4330da,100%,0,2338,2338,2338,0,0,0
0x4c966c,100%,0,21903,21903,21903,0,0,0
0x4331dc,100%,0,2338,2338,0,0,0,2338
0x4331e4,100%,0,2338,2338,0,0,0,2338
0x4a031d,100%,0,1,1,0,0,0,1
0x43320c,100%,0,2338,2338,0,0,0,2338
0x41582d,100%,0,1,1,0,0,0,1
0x404f72,100%,0,496,496,0,0,0,496
