Branch PC,Accuracy,Mispredictions,Correct Predictions,Total,dir_t_pred_t,dir_t_pred_nt,dir_nt_pred_t,dir_nt_pred_nt
aggregate,98.9567%,270895,25695123,25966018,16033886,120058,150837,9661237
0x411cdb,97.2288%,23746,833135,856881,752125,11061,12685,81010
0x411480,95.6592%,22753,501408,524161,415704,9030,13723,85704
0x4120ef,97.3281%,21371,778471,799842,724840,8606,12765,53631
0x41ac73,96.3794%,17961,478114,496075,431055,9312,8649,47059
0x41ae23,96.1458%,17754,442883,460637,434406,4367,13387,8477
0x410794,93.29%,17583,244458,262041,208472,7149,10434,35986
0x41104e,96.613%,16446,469111,485557,415817,7135,9311,53294
0x412633,95.8776%,10788,250905,261693,41291,6230,4558,209614
0x412d38,98.7249%,10197,789478,799675,701925,4222,5975,87553
0x4130f0,98.2236%,9308,514686,523994,457069,4487,4821,57617
0x41321e,98.4625%,7463,477927,485390,427812,3615,3848,50115
0x412e6e,99.2385%,6524,850191,856715,754355,2841,3683,95836
0x4123df,90.6967%,6177,60219,66396,20785,3746,2431,39434
0x4134a1,97.8574%,5611,256263,261874,229227,3154,2457,27036
0x410341,96.574%,5500,155038,160538,26591,3069,2431,128447
0x4135e8,96.6509%,5371,155000,160371,140300,2051,3320,14700
0x4118ce,97.8066%,5329,237628,242957,141056,2215,3114,96572
0x41ad1f,97.3747%,5166,191610,196776,173031,1881,3285,18579
0x412fb0,98.3665%,3966,238824,242790,141628,1902,2064,97196
0x410c08,97.3609%,3214,118569,121783,66147,1506,1708,52422
0x413360,98.5051%,1818,119798,121616,74686,677,1141,45112
0x41acba,99.6363%,1804,494271,496075,387926,667,1137,106345
0x40bfff,75.0052%,1196,3589,4785,2731,459,737,858
0x40c953,76.0711%,1145,3640,4785,2731,459,686,909
0x40c657,76.489%,1125,3660,4785,2735,455,670,925
0x40c2fb,78.1191%,1047,3738,4785,2749,441,606,989
0x40c713,80.815%,918,3867,4785,3533,300,618,334
0x40c3fc,82.1944%,852,3933,4785,322,630,222,3611
0x40f2d5,81.7041%,831,3711,4542,3529,260,571,182
0x40bdac,82.9467%,816,3969,4785,292,584,232,3677
0x40c0b8,83.1766%,805,3980,4785,3635,274,531,345
0x40f66f,90.71%,649,6337,6986,5606,227,422,731
0x4157fb,72.6337%,532,1412,1944,86,387,145,1326
0x40bcce,96.9368%,514,16266,16780,85,426,88,16181
0x40b308,97.0683%,493,16323,16816,74,437,56,16249
0x40aa4d,97.09%,489,16315,16804,94,417,72,16221
0x40f702,89.227%,400,3313,3713,2291,187,213,1022
0x401d33,90.2778%,399,3705,4104,1143,240,159,2562
0x4097ea,81.434%,391,1715,2106,236,275,116,1479
0x40f41e,74.4823%,382,1115,1497,1050,136,246,65
0x409b47,91.2894%,381,3993,4374,1839,144,237,2154
0x406a70,82.0038%,379,1727,2106,259,252,127,1468
0x401ce3,90.96%,371,3733,4104,1149,221,150,2584
0x40f714,70.3644%,366,869,1235,663,161,205,206
0x409b7f,84.6926%,366,2025,2391,354,240,126,1671
0x415803,84.1256%,364,1929,2293,1294,177,187,635
0x40f685,69.8179%,348,805,1153,602,158,190,203
0x40a83e,92.1582%,343,4031,4374,3764,124,219,267
0x40f6f2,95.1447%,339,6643,6982,3306,187,152,3337
0x412629,99.4967%,323,63851,64174,10108,204,119,53743
0x401dc4,92.3977%,312,3792,4104,2783,128,184,1009
0x402c4d,91.7508%,294,3270,3564,728,137,157,2542
0x4087ef,82.2344%,291,1347,1638,215,186,105,1132
0x412660,99.502%,288,57545,57833,53547,93,195,3998
0x40f567,92.3884%,283,3435,3718,3424,69,214,11
0x40332e,92.1156%,281,3283,3564,3068,100,181,215
0x40a88e,87.1795%,270,1836,2106,1805,67,203,31
0x40218b,91.7614%,261,2907,3168,593,182,79,2314
0x416203,86.7284%,258,1686,1944,1672,56,202,14
0x404bfc,91.7043%,257,2841,3098,2595,108,149,246
0x40840b,84.3101%,257,1381,1638,250,154,103,1131
0x40738b,88.2716%,247,1859,2106,1802,70,177,57
0x4040f5,92.0543%,246,2850,3096,2785,84,162,65
0x402745,92.4874%,238,2930,3168,616,158,80,2314
0x407968,74.0088%,236,672,908,293,128,108,379
0x4084d5,85.8974%,231,1407,1638,1317,87,144,90
0x406cc6,85.4745%,225,1324,1549,265,141,84,1059
0x406c9b,91.2281%,225,2340,2565,900,116,109,1440
0x402577,93.2134%,215,2953,3168,2709,63,152,244
0x407353,91.7349%,212,2353,2565,2177,103,109,176
0x403608,93.3586%,210,2952,3162,2898,67,143,54
0x409574,87.2405%,209,1429,1638,1342,62,147,87
0x4063e7,87.6679%,202,1436,1638,278,123,79,1158
0x402a91,93.7816%,197,2971,3168,2708,64,133,263
0x409965,87.7743%,195,1400,1595,1390,43,152,10
0x41108f,99.6917%,193,62412,62605,9198,122,71,53214
0x405b15,88.4615%,189,1449,1638,287,117,72,1162
0x409d02,82.3529%,189,882,1071,556,89,100,326
0x40d3ca,89.0625%,189,1539,1728,1488,48,141,51
0x410c59,99.6527%,188,53942,54130,9885,96,92,44057
0x40de8a,97.5571%,186,7428,7614,1703,132,54,5725
0x406209,88.8278%,183,1455,1638,1324,80,103,131
0x401d41,95.5897%,181,3923,4104,3564,84,97,359
0x401cf1,95.6628%,178,3926,4104,3580,68,110,346
0x409cc8,79.7727%,178,702,880,113,118,60,589
0x4114c1,99.83%,169,99258,99427,13280,96,73,85978
0x409bbc,90.7067%,167,1630,1797,1597,44,123,33
0x40db1a,90.3935%,166,1562,1728,1498,38,128,64
0x4068d3,89.9267%,165,1473,1638,1343,61,104,130
0x409c9f,87.5772%,161,1135,1296,330,86,75,805
0x40564b,90.5827%,160,1539,1699,1251,67,93,288
0x409d27,85.8577%,155,941,1096,571,74,81,370
0x407765,87.4392%,155,1079,1234,33,111,44,1046
0x41115f,99.7572%,152,62453,62605,19636,84,68,42817
0x411dc7,99.8484%,142,93553,93695,22384,74,68,71169
0x411d18,99.8399%,141,87955,88096,87487,35,106,468
0x415138,92.7984%,140,1804,1944,1406,65,75,398
0x411923,99.8378%,140,86151,86291,85546,57,83,605
0x410473,99.5381%,137,29523,29660,10921,76,61,18602
0x409dc4,89.5062%,136,1160,1296,1085,67,69,75
0x411b94,99.8421%,136,86012,86148,85492,40,96,520
0x40565c,95.6874%,133,2951,3084,310,72,61,2641
0x40f72e,68.3698%,130,281,411,227,49,81,54
0x40d884,76.9504%,130,434,564,80,81,49,354
0x408879,89.5715%,129,1108,1237,1082,33,96,26
0x40df85,98.3058%,129,7485,7614,6739,29,100,746
0x4046f4,89.1323%,129,1058,1187,921,51,78,137
0x41223d,99.8072%,128,66268,66396,18207,63,65,48061
0x40ced6,92.7662%,125,1603,1728,1573,43,82,30
0x411f5e,99.8674%,124,93404,93528,5486,89,35,87918
0x41158a,99.8783%,121,99306,99427,29840,59,62,69466
0x403c3c,90.0418%,119,1076,1195,965,34,85,111
0x40d632,93.1134%,119,1609,1728,1585,29,90,24
0x40473e,96.1414%,119,2965,3084,2662,38,81,303
0x4106ec,99.6067%,116,29377,29493,10821,57,59,18556
0x402e2f,93.0788%,116,1560,1676,842,52,64,718
0x40ea11,86.5248%,114,732,846,732,20,94,0
0x4078de,80.9764%,113,481,594,105,64,49,376
0x4108ba,99.7566%,113,46307,46420,8969,74,39,37338
0x40f39a,92.4667%,113,1387,1500,1386,27,86,1
0x410d1a,99.7931%,112,54018,54130,16311,41,71,37707
0x40e146,86.8794%,111,735,846,735,17,94,0
0x4089f0,80.7356%,110,461,571,101,63,47,360
0x4083d5,81.9865%,107,487,594,401,49,58,86
0x40d37d,71.618%,107,270,377,221,44,63,49
0x40f692,73.028%,106,287,393,276,32,74,11
0x41515a,94.6502%,104,1840,1944,1689,39,65,151
0x409acd,92.9355%,103,1355,1458,918,54,49,437
0x403c89,96.7732%,102,3059,3161,2729,37,65,330
0x405b65,91.8152%,101,1133,1234,1100,41,60,33
0x404d3c,94.1623%,100,1613,1713,1524,40,60,89
0x411309,99.8398%,100,62338,62438,9236,60,40,53102
0x40e2ad,88.2979%,99,747,846,747,5,94,0
0x41175c,99.8848%,99,85809,85908,85443,21,78,366
0x40d89e,75.4342%,99,304,403,40,58,41,264
0x401f73,88.4161%,98,748,846,748,4,94,0
0x40f2eb,87.251%,96,657,753,648,24,72,9
0x406b90,93.9812%,96,1499,1595,1481,19,77,18
0x40a862,93.4842%,95,1363,1458,1258,38,57,105
0x401cae,95.1132%,95,1849,1944,1442,46,49,407
0x4113c4,99.8495%,94,62344,62438,19568,33,61,42776
0x406ced,91.776%,94,1049,1143,801,50,44,248
0x412113,99.8599%,93,66303,66396,5184,58,35,61119
0x401df5,95.3704%,90,1854,1944,1701,27,63,153
0x41212f,99.8528%,90,61064,61154,60422,14,76,642
0x402e51,88.491%,90,692,782,144,44,46,548
0x411907,99.9117%,88,99598,99686,13327,68,20,86271
0x410edd,99.8369%,88,53875,53963,9907,50,38,43968
0x402ef2,94.6988%,88,1572,1660,1446,42,46,126
0x40d145,76.6578%,88,289,377,36,55,33,253
0x411c44,99.9126%,87,99432,99519,29742,63,24,69690
0x401de2,93.6404%,87,1281,1368,870,42,45,411
0x4119ca,99.9137%,86,99600,99686,29877,47,39,69723
0x412024,99.908%,86,93442,93528,22287,51,35,71155
0x4103a8,99.7134%,85,29575,29660,5942,45,40,23633
0x411cfc,99.9114%,83,93612,93695,5543,56,27,88069
0x405c10,82.5431%,81,383,464,89,42,39,294
0x410fb4,99.8518%,80,53883,53963,16194,39,41,37689
0x412fbe,99.7347%,79,29701,29780,4411,47,32,25290
0x4114dd,99.9094%,78,85973,86051,85510,25,53,463
0x402ca5,97.1471%,77,2622,2699,2607,24,53,15
0x40ca24,95.0419%,77,1476,1553,1471,15,62,5
0x406c35,91.1111%,76,779,855,536,34,42,243
0x4021d2,96.8241%,76,2317,2393,2302,23,53,15
0x4052c1,49.6644%,75,74,149,23,45,30,51
0x4027b2,96.8672%,75,2319,2394,2309,17,58,10
0x408a57,81.5725%,75,332,407,318,25,50,14
0x41ad47,99.9662%,74,218566,218640,196731,45,29,21835
0x406482,80.7792%,74,311,385,64,39,35,247
0x4061a4,84.2672%,73,391,464,339,32,41,52
0x40b885,95.4232%,73,1522,1595,1514,15,58,8
0x411b78,99.9297%,70,99449,99519,13326,45,25,86123
0x4107ed,99.8492%,70,46350,46420,3895,41,29,42455
0x40950d,87.7408%,70,501,571,424,25,45,77
0x40d15f,75.5245%,70,216,286,23,46,24,193
0x410a85,99.8487%,70,46183,46253,3868,44,26,42315
0x4103c4,99.7085%,69,23604,23673,23505,25,44,99
0x408a76,72.314%,67,175,242,14,36,31,161
0x411a06,99.7794%,66,29858,29924,4415,41,25,25443
0x40645c,94.6645%,66,1171,1237,1141,24,42,30
0x402e78,88.8889%,66,528,594,343,35,31,185
0x40689c,83.1169%,65,320,385,289,24,41,31
0x410d56,99.6025%,65,16287,16352,4390,37,28,11897
0x405c4d,97.8645%,64,2933,2997,2603,61,3,330
0x411196,99.6805%,63,19657,19720,4471,34,29,15186
0x40f432,79.7428%,63,248,311,239,24,39,9
0x401f94,34.0426%,62,32,94,24,26,36,8
0x407aa0,73.5931%,61,170,231,67,33,28,103
0x411740,99.9396%,60,99200,99260,13310,42,18,85890
0x409cdb,98.9728%,60,5781,5841,5140,52,8,641
0x412645,99.972%,60,214112,214172,6318,23,37,207794
0x4110ab,99.8874%,60,53225,53285,52919,11,49,306
0x40daca,89.539%,59,505,564,427,23,36,78
0x4058b5,85.101%,59,337,396,337,15,44,0
0x4079b2,85.9857%,59,362,421,12,37,22,350
0x40369c,95.0669%,59,1137,1196,1137,19,40,0
0x40f593,72.6852%,59,157,216,125,27,32,32
0x4048c9,85.3535%,58,338,396,338,14,44,0
0x412276,99.6825%,58,18212,18270,5356,33,25,12856
0x410629,99.8033%,58,29435,29493,5922,41,17,23513
0x40417c,95.246%,57,1142,1199,1130,10,47,12
0x407a87,68.7151%,56,123,179,76,27,29,47
0x40340f,85.8586%,56,340,396,340,12,44,0
0x411f7a,99.9375%,55,87898,87953,87438,13,42,460
0x40ca9e,97.3884%,55,2051,2106,1855,17,38,196
0x4057b5,86.1111%,55,341,396,238,26,29,103
0x410c75,99.8754%,55,44094,44149,43956,19,36,138
0x40cbff,86.3636%,54,342,396,342,10,44,0
0x409d5f,91.6279%,54,591,645,557,26,28,34
0x412884,99.7784%,54,24310,24364,1982,28,26,22328
0x40b22f,97.4359%,54,2052,2106,1854,18,36,198
0x40f325,98.8282%,53,4470,4523,2990,33,20,1480
0x411325,99.9021%,52,53090,53142,52844,15,37,246
0x41295a,99.7866%,52,24312,24364,13749,22,30,10563
0x40afcd,96.8025%,51,1544,1595,1544,9,42,0
0x40ca95,91.5423%,51,552,603,512,24,27,40
0x410aa1,99.8795%,51,42290,42341,42207,20,31,83
0x407ac2,94.4444%,50,850,900,769,31,19,81
0x407aff,64.539%,50,91,141,67,25,25,24
0x404170,99.5367%,50,10741,10791,9565,27,23,1176
0x407455,87.3737%,50,346,396,346,6,44,0
0x407a57,65.2482%,49,92,141,14,24,25,78
0x401dd6,98.806%,49,4055,4104,2715,21,28,1340
0x40babf,97.6733%,49,2057,2106,1852,20,29,205
0x410645,99.796%,48,23482,23530,23411,48,0,71
0x40f6a1,43.5294%,48,37,85,26,23,25,11
0x40cada,79.4872%,48,186,234,129,27,21,57
0x40a983,88.1313%,47,349,396,349,3,44,0
0x403e6c,88.3838%,46,350,396,337,15,31,13
0x408b27,92.8013%,46,593,639,536,32,14,57
0x4058a9,98.7093%,46,3518,3564,3160,8,38,358
0x40e107,99.4056%,45,7526,7571,6724,8,37,802
0x40f2a3,99.0092%,45,4497,4542,3008,25,20,1489
0x4108f6,99.5024%,45,8998,9043,4670,12,33,4328
0x4079ad,98.8124%,45,3744,3789,3340,28,17,404
0x40f745,66.6667%,45,90,135,74,18,27,16
0x40ca76,92.7032%,44,559,603,326,12,32,233
0x40f2b3,98.5493%,44,2989,3033,1496,23,21,1493
0x40736f,94.8538%,44,811,855,738,22,22,73
0x40d1a3,80.1843%,43,174,217,162,17,26,12
0x4089ff,98.8261%,43,3620,3663,3225,31,12,395
0x402ae5,89.1414%,43,353,396,340,12,31,13
0x403690,99.6098%,42,10722,10764,9549,19,23,1173
0x412853,99.7688%,42,18122,18164,135,33,9,17987
0x4013c2,72.549%,42,111,153,106,28,14,5
0x408b5a,81.9742%,42,191,233,48,23,19,143
0x409c5b,90.2778%,42,390,432,260,28,14,130
0x410809,99.9035%,41,42443,42484,42288,10,31,155
0x409bf9,73.7179%,41,115,156,69,22,19,46
0x40c9a2,97.5549%,39,1556,1595,1544,9,30,12
0x410ef9,99.9114%,39,43967,44006,43893,11,28,74
0x407449,98.9057%,39,3525,3564,3160,8,31,365
0x4158e4,98.0453%,38,1906,1944,1872,17,21,34
0x411814,99.9617%,38,99222,99260,29759,21,17,69463
0x402595,90.404%,38,358,396,333,19,19,25
0x40b317,99.7731%,37,16268,16305,14685,25,12,1583
0x40ea3f,60.6383%,37,57,94,0,24,13,57
0x40a8ad,84.188%,37,197,234,189,19,18,8
0x409c15,87.4564%,36,251,287,24,24,12,227
0x41621d,83.3333%,36,180,216,179,13,23,1
0x4040f0,99.8708%,36,27828,27864,24755,13,23,3073
0x40ea00,99.5403%,35,7579,7614,6755,13,22,824
0x40d861,99.3105%,35,5041,5076,4493,19,16,548
0x412bcc,99.9472%,35,66194,66229,18137,13,22,48057
0x40aa5c,99.7852%,35,16258,16293,14676,22,13,1582
0x4027e0,82.3232%,35,163,198,32,18,17,131
0x408b40,67.8899%,35,74,109,49,22,13,25
0x413caa,27.0833%,35,13,48,5,19,16,8
0x40135c,77.7778%,34,119,153,113,23,11,6
0x40d8e0,88.8525%,34,271,305,257,9,25,14
0x40279d,99.8422%,34,21512,21546,19125,27,7,2387
0x40eb1b,84.7222%,33,183,216,183,9,24,0
0x40285c,82.0652%,33,151,184,114,16,17,37
0x401a84,98.3539%,32,1912,1944,437,19,13,1475
0x406932,86.3248%,32,202,234,192,16,16,10
0x408bb9,68.3168%,32,69,101,43,8,24,26
0x401420,79.085%,32,121,153,117,19,13,4
0x40ca7a,87.9245%,32,233,265,137,17,15,96
0x401ad6,98.4053%,31,1913,1944,1721,7,24,192
0x408b14,69.3069%,31,70,101,13,17,14,57
0x40cc13,29.5455%,31,13,44,4,16,15,9
0x4013d0,79.7386%,31,122,153,119,17,14,3
0x406d2d,89.3836%,31,261,292,247,9,22,14
0x40280d,97.7477%,30,1302,1332,1163,21,9,139
0x402c9d,99.8765%,30,24261,24291,21571,21,9,2690
0x405360,79.8658%,30,119,149,106,12,18,13
0x409d70,94.6237%,30,528,558,481,15,15,47
0x40e67f,89.3617%,30,252,282,183,5,25,69
0x406d21,98.8584%,30,2598,2628,2318,18,12,280
0x40f578,86.6667%,30,195,225,177,20,10,18
0x4033f9,99.1582%,30,3534,3564,3161,7,23,373
0x401412,81.0458%,29,124,153,119,17,12,5
0x408b7c,95.4617%,29,610,639,551,17,12,59
0x4064b6,98.8574%,29,2509,2538,2228,28,1,281
0x40c9ff,88.6275%,29,226,255,84,9,20,142
0x40ca1a,92.328%,29,349,378,324,12,17,25
0x40844d,99.7389%,29,11077,11106,9856,16,13,1221
0x40eaeb,87.037%,28,188,216,188,4,24,0
0x406335,98.6705%,28,2078,2106,1854,18,10,224
0x40334d,92.9293%,28,368,396,339,13,15,29
0x414d9b,41.6667%,28,20,48,20,4,24,0
0x4073aa,88.0342%,28,206,234,201,7,21,5
0x40eb6a,87.5%,27,189,216,187,5,22,2
0x40db5c,85.9375%,27,165,192,165,3,24,0
0x41ae1d,99.9938%,27,438746,438773,89278,16,11,349468
0x40e62a,99.644%,27,7557,7584,6733,10,17,824
0x4128a0,99.8792%,27,22327,22354,22058,8,19,269
0x412d46,99.8791%,27,22311,22338,4497,16,11,17814
0x40a992,38.6364%,27,17,44,2,16,11,15
0x401503,82.3529%,27,126,153,88,14,13,38
0x417734,92.5%,27,333,360,304,16,11,29
0x41322c,99.8337%,27,16206,16233,4360,20,7,11846
0x407460,40.9091%,26,18,44,5,13,13,13
0x40224b,86.0215%,26,160,186,39,12,14,121
0x40cbf3,99.2705%,26,3538,3564,3158,10,16,380
0x409df7,93.9815%,26,406,432,371,13,13,35
0x40e8c0,87.963%,26,190,216,190,2,24,0
0x409582,88.8889%,26,208,234,192,16,10,16
0x4058c6,40.9091%,26,18,44,2,16,10,16
0x402f0f,95.5172%,26,554,580,514,14,12,40
0x40c9fb,93.1217%,26,352,378,109,14,12,243
0x40621c,88.8889%,26,208,234,195,13,13,13
0x40d414,86.4583%,26,166,192,159,9,17,7
0x4064d8,60.9375%,25,39,64,3,13,12,36
0x40bcf4,99.5249%,25,5237,5262,3656,11,14,1581
0x40b24f,89.3162%,25,209,234,196,12,13,13
0x40775d,99.7749%,25,11081,11106,9862,10,15,1219
0x4019c5,88.4259%,25,191,216,191,1,24,0
0x4124bf,99.8981%,25,24506,24531,13883,8,17,10623
0x40d122,99.2632%,25,3368,3393,3001,15,10,367
0x40b57b,99.8258%,25,14330,14355,12751,9,16,1579
0x401f62,99.6717%,25,7589,7614,6762,6,19,827
0x41241f,99.8889%,25,22472,22497,22131,6,19,341
0x40a977,99.2985%,25,3539,3564,3161,7,18,378
0x4019b9,98.7654%,24,1920,1944,1725,3,21,195
0x40e729,97.1631%,24,822,846,750,2,22,72
0x4115c6,99.9197%,24,29875,29899,4494,11,13,25381
0x409b92,99.8516%,24,16149,16173,14363,13,11,1786
0x41298f,99.8257%,24,13747,13771,3957,18,6,9790
0x4086ee,98.8604%,24,2082,2106,1860,12,12,222
0x40e7ee,74.4681%,24,70,94,63,7,17,7
0x4126d1,90.1235%,24,219,243,205,11,13,14
0x41a64a,94.6759%,23,409,432,379,5,18,30
0x405c98,50%,23,23,46,8,5,18,15
0x40f2f5,71.6049%,23,58,81,12,18,5,46
0x4104b6,99.7909%,23,10974,10997,5156,8,15,5818
0x412b1c,99.9639%,22,60989,61011,60360,5,17,629
0x410b54,99.9524%,22,46231,46253,8910,14,8,37321
0x402d90,96.4052%,22,590,612,397,11,11,193
0x4177a3,93.8889%,22,338,360,310,10,12,28
0x4022cc,87.9781%,22,161,183,106,12,10,55
0x40791d,99.4248%,22,3803,3825,3384,16,6,419
0x40763c,98.9554%,22,2084,2106,1859,13,9,225
0x40e8a8,99.8743%,22,17474,17496,15542,10,12,1932
0x40bcdd,99.8709%,21,16248,16269,10995,12,9,5253
0x403545,99.4108%,21,3543,3564,3155,13,8,388
0x405b5d,99.8109%,21,11085,11106,9858,14,7,1227
0x40e8b4,98.9198%,21,1923,1944,1721,7,14,202
0x40d561,98.7847%,21,1707,1728,1531,5,16,176
0x40e71d,99.7242%,21,7593,7614,6758,10,11,835
0x40e0c5,41.6667%,21,15,36,4,6,15,11
0x406d49,79%,21,79,100,26,9,12,53
0x405c52,93.994%,20,313,333,312,7,13,1
0x40df9f,97.6359%,20,826,846,745,7,13,81
0x402842,84.127%,20,106,126,106,6,14,0
0x40743d,99.9376%,20,32056,32076,28496,16,4,3560
0x41336e,99.7759%,20,8904,8924,4627,8,12,4277
0x40e792,97.5309%,20,790,810,703,17,3,87
0x40641f,99.8204%,20,11113,11133,9882,14,6,1231
0x40e266,99.7498%,19,7574,7593,6748,4,15,826
0x4026a5,99.4669%,19,3545,3564,3155,13,6,390
0x412b00,99.9713%,19,66210,66229,5208,10,9,61002
0x40e1e0,99.9737%,18,68364,68382,60775,9,9,7589
0x40e0d5,30.7692%,18,8,26,0,7,11,8
0x405a3e,99.1453%,18,2088,2106,1857,15,3,231
0x402e9d,99.0741%,18,1926,1944,1720,8,10,206
0x40e662,97.8723%,18,828,846,558,6,12,270
0x41267d,99.9266%,18,24513,24531,24496,8,10,17
0x405638,40%,18,12,30,2,12,6,10
0x40f59e,71.875%,18,46,64,36,2,16,10
0x40e9f4,99.9737%,18,68508,68526,60904,8,10,7604
0x402de7,96.9799%,18,578,596,397,11,7,181
0x40cbe7,99.9439%,18,32058,32076,28501,11,7,3557
0x40bae1,92.3077%,18,216,234,201,7,11,15
0x4015d6,92.1296%,17,199,216,191,1,16,8
0x4134b7,99.8437%,17,10861,10878,5110,7,10,5751
0x4064c2,93.9716%,17,265,282,261,5,12,4
0x408837,99.8473%,17,11116,11133,9884,12,5,1232
0x40f315,55.2632%,17,21,38,13,6,11,8
0x417634,63.8298%,17,30,47,3,4,13,27
0x40acb8,99.9868%,17,129178,129195,114825,15,2,14353
0x410b2e,99.9874%,16,126893,126909,84561,7,9,42332
0x401b2c,92.5926%,16,200,216,192,0,16,8
0x40de09,98.1087%,16,830,846,748,4,12,82
0x409bb7,99.9011%,16,16157,16173,14365,11,5,1792
0x40d62d,99.8971%,16,15536,15552,13812,12,4,1724
0x40f5dd,20%,16,4,20,2,10,6,2
0x417792,95.5556%,16,344,360,0,0,16,344
0x40d19e,99.1807%,16,1937,1953,1726,10,6,211
0x408874,99.8563%,16,11117,11133,9886,10,6,1231
0x40eadd,99.177%,16,1928,1944,1727,1,15,201
0x4014f2,89.5425%,16,137,153,137,14,2,0
0x40588e,99.5791%,15,3549,3564,0,0,15,3549
0x4046ad,42.3077%,15,11,26,5,7,8,6
0x4175a4,72.2222%,15,39,54,35,13,2,4
0x4057c6,88.6364%,15,117,132,82,6,9,35
0x409c20,93.7238%,15,224,239,5,12,3,219
0x40e5c3,31.8182%,15,7,22,3,2,13,4
0x40f3b3,80.2632%,15,61,76,52,7,8,9
0x40b0eb,64.2857%,15,27,42,25,5,10,2
0x41043e,99.9788%,15,70861,70876,47193,10,5,23668
0x4105c3,99.9494%,15,29645,29660,29645,15,0,0
0x4130fe,99.9235%,15,19586,19601,4447,11,4,15139
0x40f39f,82.7586%,15,72,87,61,6,9,11
0x40589d,99.9532%,15,32061,32076,28500,12,3,3561
0x4038a6,62.5%,15,25,40,20,7,8,5
0x408ba2,76.1905%,15,48,63,48,8,7,0
0x410e52,99.9609%,14,35761,35775,23839,11,3,11922
0x407aab,89.313%,14,117,131,3,0,14,114
0x408a81,92.7083%,14,178,192,167,11,3,11
0x402819,90.5405%,14,134,148,132,1,13,2
0x407a6d,98.4898%,14,913,927,816,8,6,97
0x403600,99.9508%,14,28444,28458,25286,10,4,3158
0x40ced1,99.91%,14,15538,15552,13814,10,4,1724
0x40b8ec,78.7879%,14,52,66,17,8,6,35
0x410cee,99.9894%,14,132259,132273,88117,7,7,44142
0x4173d4,48.1481%,14,13,27,13,8,6,0
0x41088e,99.989%,14,127252,127266,84773,9,5,42479
0x40d8db,99.49%,14,2731,2745,2431,9,5,300
0x40defd,99.975%,13,51998,52011,46223,9,4,5775
0x402ea9,93.9815%,13,203,216,195,2,11,8
0x40eb12,99.3313%,13,1931,1944,1719,9,4,212
0x411e51,99.9758%,13,53678,53691,53678,13,0,0
0x40f124,94.6502%,13,230,243,210,6,7,20
0x404045,99.6352%,13,3551,3564,3161,7,6,390
0x41afe7,95.6376%,13,285,298,285,13,0,0
0x40e92a,99.3313%,13,1931,1944,1718,10,3,213
0x4174d4,75.9259%,13,41,54,41,7,6,0
0x40ead4,99.9257%,13,17483,17496,15544,8,5,1939
0x41b449,99.5153%,13,2669,2682,1780,8,5,889
0x4020fd,99.6352%,13,3551,3564,3161,7,6,390
0x41199e,99.995%,13,258172,258185,171885,9,4,86287
0x406b46,99.7492%,12,4773,4785,3181,9,3,1592
0x4021cd,99.9443%,12,21525,21537,19136,8,4,2389
0x41112e,99.9925%,12,159488,159500,106210,5,7,53278
0x40e73a,87.234%,12,82,94,1,9,3,81
0x406b35,99.9164%,12,14343,14355,9562,8,4,4781
0x417aab,55.5556%,12,15,27,14,10,2,1
0x40d1cf,96.4912%,12,330,342,293,11,1,37
0x412e7c,99.9597%,12,29793,29805,4401,8,4,25392
0x40aada,99.9164%,12,14343,14355,12753,7,5,1590
0x4015c1,99.3827%,12,1932,1944,1719,9,3,213
0x406dfc,50%,12,12,24,2,6,6,10
0x40ce12,99.3056%,12,1716,1728,1531,5,7,185
0x40e066,99.8416%,12,7566,7578,7566,5,7,0
0x40e248,20%,12,3,15,0,5,7,3
0x4014d7,76.4706%,12,39,51,0,0,12,39
0x4033ed,99.9657%,11,32065,32076,28504,8,3,3561
0x40e243,45%,11,9,20,2,3,8,7
0x401f4f,99.9839%,11,68515,68526,60905,7,4,7610
0x4084e1,95.2991%,11,223,234,203,5,6,20
0x41330e,99.9691%,11,35548,35559,23698,8,3,11850
0x40b226,88.8889%,11,88,99,58,8,3,30
0x40e5c8,35.2941%,11,6,17,2,3,8,4
0x40150f,78.4314%,11,40,51,33,1,10,7
0x4177e0,96.9444%,11,349,360,313,7,4,36
0x40f3a4,45%,11,9,20,0,9,2,9
0x409d75,82.2581%,11,51,62,50,4,7,1
0x40e061,99.9839%,11,68191,68202,60614,10,1,7577
0x411c1e,99.9957%,11,257817,257828,171678,2,9,86139
0x409840,99.9234%,11,14344,14355,12757,3,8,1587
0x40ddfd,99.8555%,11,7603,7614,6761,7,4,842
0x4179e3,95.1111%,11,214,225,141,11,0,73
0x401e2c,94.9074%,11,205,216,186,6,5,19
0x40faa7,79.6296%,11,43,54,38,10,1,5
0x40f7d4,79.6296%,11,43,54,43,5,6,0
0x40f5ce,57.6923%,11,15,26,0,6,5,15
0x4023e2,59.2593%,11,16,27,15,6,5,1
0x415d96,97.9798%,10,485,495,321,9,1,164
0x4029c1,92.0635%,10,116,126,104,8,2,12
0x40e5d4,41.1765%,10,7,17,7,5,5,0
0x40e936,95.3704%,10,206,216,190,2,8,16
0x46fec2,97.9798%,10,485,495,392,4,6,93
0x40f5bb,71.4286%,10,25,35,3,6,4,22
0x417a8b,78.7234%,10,37,47,37,4,6,0
0x411e06,99.9555%,10,22448,22458,4559,2,8,17889
0x417924,96.3768%,10,266,276,0,5,5,266
0x4117ee,99.9961%,10,257270,257280,171367,5,5,85903
0x45c353,99.9545%,10,21950,21960,0,0,10,21950
0x405ca7,69.697%,10,23,33,23,9,1,0
0x40acc3,99.9303%,10,14345,14355,12756,4,6,1589
0x4024c3,62.963%,10,17,27,16,5,5,1
0x40b995,84.8485%,10,56,66,3,4,6,53
0x40d914,97.151%,10,341,351,306,6,4,35
0x408a52,99.727%,10,3653,3663,3248,8,2,405
0x406b23,99.791%,10,4775,4785,0,0,10,4775
0x40227d,99.177%,10,1205,1215,1074,6,4,131
0x409924,99.9303%,10,14345,14355,9562,8,2,4783
0x40f2ff,80.3922%,10,41,51,0,2,8,41
0x40f57e,64.2857%,10,18,28,12,7,3,6
0x4023f0,62.963%,10,17,27,15,9,1,2
0x40e79e,88.8889%,10,80,90,78,2,8,2
0x40d66e,99.0253%,10,1016,1026,906,6,4,110
0x41ae54,99.9771%,10,43718,43728,21856,8,2,21862
0x40bcc9,99.8268%,10,5763,5773,0,0,10,5763
0x402297,66.6667%,9,18,27,0,0,9,18
0x40b0c8,92.3077%,9,108,117,108,7,2,0
0x40f6c6,55%,9,11,20,5,4,5,6
0x403111,93.75%,9,135,144,121,7,2,14
0x407ac7,91%,9,91,100,91,3,6,0
0x4109f2,99.9312%,9,13074,13083,8717,5,4,4357
0x408b81,87.3239%,9,62,71,61,3,6,1
0x402422,66.6667%,9,18,27,16,8,1,2
0x412403,99.9633%,9,24522,24531,2027,7,2,22495
0x40b394,99.9373%,9,14346,14355,12755,5,4,1591
0x40f766,79.0698%,9,34,43,32,5,4,2
0x41155e,99.9965%,9,257628,257637,171581,5,4,86047
0x405d4d,75%,9,27,36,25,7,2,2
0x41343d,99.9689%,8,25726,25734,12866,1,7,12860
0x40f3d1,63.6364%,8,14,22,7,6,2,7
0x403284,94.4444%,8,136,144,91,5,3,45
0x41260c,99.9674%,8,24523,24531,13992,5,3,10531
0x40a96b,99.9751%,8,32068,32076,28505,7,1,3563
0x405b1e,99.3517%,8,1226,1234,0,0,8,1226
0x4154b6,99.5885%,8,1936,1944,0,0,8,1936
0x4155fc,99.8628%,8,5824,5832,3885,3,5,1939
0x40561d,97.037%,8,262,270,236,4,4,26
0x4106ce,99.9887%,8,70511,70519,46984,5,3,23527
0x40eb5e,99.5885%,8,1936,1944,1723,5,3,213
0x4019ad,99.9543%,8,17488,17496,15548,4,4,1940
0x411d56,98.6063%,8,566,574,0,0,8,566
0x40b1fb,91.9192%,8,91,99,62,4,4,29
0x402971,93.6508%,8,118,126,107,5,3,11
0x408410,99.3517%,8,1226,1234,0,0,8,1226
0x40f6b1,77.7778%,8,28,36,8,7,1,20
0x411eee,99.9851%,8,53683,53691,35786,8,0,17897
0x40469d,96.5812%,8,226,234,203,5,3,23
0x401394,52.9412%,8,9,17,0,0,8,9
0x41b3c3,99.7017%,8,2674,2682,2379,5,3,295
0x411d8e,99.997%,8,263706,263714,175612,6,2,88094
0x4056ff,93.6508%,8,118,126,107,5,3,11
0x406e7a,74.0741%,7,20,27,19,5,2,1
0x409da6,90.2778%,7,65,72,60,4,3,5
0x402754,99.7076%,7,2387,2394,0,0,7,2387
0x402a03,94.4444%,7,119,126,94,4,3,25
0x403a3a,82.5%,7,33,40,29,7,0,4
0x402d9c,96.5686%,7,197,204,132,4,3,65
0x412bae,99.9962%,7,182380,182387,121373,3,4,61007
0x407ae8,87.037%,7,47,54,46,2,5,1
0x40f309,85.7143%,7,42,49,8,3,4,34
0x41059e,99.96%,7,17492,17499,11661,5,2,5831
0x410f8e,99.9947%,7,131909,131916,87907,3,4,44002
0x4024d1,74.0741%,7,20,27,20,4,3,0
0x401b23,99.6399%,7,1937,1944,1723,5,2,214
0x412a5f,99.9762%,7,29381,29388,19587,5,2,9794
0x412a4e,99.9881%,7,58769,58776,29384,4,3,29385
0x414025,96.7593%,7,209,216,189,3,4,20
0x4116e9,99.993%,7,99420,99427,99420,7,0,0
0x412f5e,99.9908%,7,76181,76188,50789,3,4,25392
0x41af9a,97.651%,7,291,298,0,0,7,291
0x404385,88.1356%,7,52,59,1,5,2,51
0x4035c3,99.7786%,7,3155,3162,0,0,7,3155
0x40b198,83.3333%,7,35,42,6,3,4,29
0x40cb1f,91.0256%,7,71,78,45,7,0,26
0x40496a,98.2323%,7,389,396,0,0,7,389
0x409938,99.8537%,7,4778,4785,3186,4,3,1592
0x412ac8,99.9909%,6,66223,66229,0,0,6,66223
0x4033d1,99.8316%,6,3558,3564,0,0,6,3558
0x415cdf,96.3636%,6,159,165,0,0,6,159
0x417892,98.3193%,6,351,357,233,5,1,118
0x406ddb,77.7778%,6,21,27,2,1,5,19
0x412372,99.9845%,6,38637,38643,25758,4,2,12879
0x410961,99.9541%,6,13077,13083,13077,6,0,0
0x40e25c,60%,6,9,15,9,6,0,0
0x401325,64.7059%,6,11,17,0,0,6,11
0x4047cd,94.4444%,6,102,108,93,3,3,9
0x40cf0a,99.4048%,6,1002,1008,890,6,0,112
0x40e0f5,79.3103%,6,23,29,23,6,0,0
0x40481c,94.4444%,6,102,108,90,6,0,12
0x413418,99.9534%,6,12861,12867,0,0,6,12861
0x4030bf,87.5%,6,42,48,32,0,6,10
0x41ac53,99.997%,6,196770,196776,111157,1,5,85613
0x41058d,99.9829%,6,34992,34998,17495,4,2,17497
0x411a71,99.9921%,6,76398,76404,76398,6,0,0
0x412e2e,99.9888%,6,53469,53475,35645,5,1,17824
0x41292e,99.991%,6,66768,66774,44419,1,5,22349
0x401d08,98.6842%,6,450,456,0,0,6,450
0x402eb9,96.0784%,6,147,153,0,3,3,147
0x4155e6,99.9657%,6,17490,17496,11662,2,4,5828
0x45a275,99.9727%,6,21954,21960,0,0,6,21954
0x403d0d,33.3333%,6,3,9,3,5,1,0
0x40497f,98.4848%,6,390,396,0,0,6,390
0x4121ae,99.9967%,6,182738,182744,121585,5,1,61153
0x413d30,97.2222%,6,210,216,189,3,3,21
0x406e45,83.3333%,6,30,36,29,3,3,1
0x403bcd,83.3333%,6,30,36,27,5,1,3
0x40ba21,96.6102%,6,171,177,113,5,1,58
0x40d920,84.6154%,6,33,39,18,1,5,15
0x4178f3,98.1982%,6,327,333,0,6,0,327
0x40e1e5,99.921%,6,7592,7598,7592,1,5,0
0x408b65,96.2963%,6,156,162,0,0,6,156
0x41086a,99.9859%,6,42478,42484,0,0,6,42478
0x4152f8,99.6914%,6,1938,1944,0,0,6,1938
0x402481,77.7778%,6,21,27,20,4,2,1
0x4131cd,99.9934%,6,90852,90858,45426,3,3,45426
0x41139e,99.9962%,6,159137,159143,106000,1,5,53137
0x417904,98.1651%,6,321,327,290,4,2,31
0x415166,97.2222%,6,210,216,189,3,3,21
0x4109dd,99.9771%,6,26160,26166,13077,6,0,13083
0x40f6bb,71.4286%,6,15,21,1,0,6,14
0x409d32,98.6696%,6,445,451,0,0,6,445
0x414e6e,97.6852%,5,211,216,189,3,2,22
0x4020bb,98.7374%,5,391,396,0,0,5,391
0x410aeb,95.614%,5,109,114,0,0,5,109
0x40aa14,99.7626%,5,2101,2106,0,0,5,2101
0x40eb54,97.6852%,5,211,216,0,0,5,211
0x4023a2,81.4815%,5,22,27,19,5,0,3
0x41249e,99.9926%,5,67126,67131,44633,1,4,22493
0x46fdbc,99.7227%,5,1798,1803,1798,5,0,0
0x40e59e,0%,5,0,5,0,0,5,0
0x40e568,99.9341%,5,7584,7589,7584,0,5,0
0x4056cd,96.0317%,5,121,126,109,3,2,12
0x407606,97.8632%,5,229,234,0,0,5,229
0x40f1da,97.9424%,5,238,243,214,2,3,24
0x41127e,99.989%,5,45640,45645,30428,2,3,15212
0x4116c2,99.9934%,5,76177,76182,50786,2,3,25391
0x4030b3,96.5278%,5,139,144,93,3,2,46
0x40f6e7,37.5%,5,3,8,1,3,2,2
0x40ca04,98.2456%,5,280,285,280,5,0,0
0x40b975,95.935%,5,118,123,117,4,1,1
0x40bab6,94.7917%,5,91,96,60,4,1,31
0x4013dd,70.5882%,5,12,17,0,0,5,12
0x402942,96.0317%,5,121,126,94,4,1,27
0x4179d3,97.8166%,5,224,229,0,4,1,224
0x40b15b,86.1111%,5,31,36,20,4,1,11
0x40d1db,86.8421%,5,33,38,17,3,2,16
0x40f6da,50%,5,5,10,1,1,4,4
0x41124a,99.989%,5,45640,45645,0,0,5,45640
0x4063f0,99.5958%,5,1232,1237,0,0,5,1232
0x41768b,87.5%,5,35,40,35,5,0,0
0x4131de,99.989%,5,45424,45429,30283,3,2,15141
0x409d0d,98.8263%,5,421,426,0,4,1,421
0x414625,98.8426%,5,427,432,382,2,3,45
0x412ccd,99.9935%,5,76849,76854,38424,3,2,38425
0x4125f2,99.9831%,5,29599,29604,19735,1,4,9864
0x40f5ec,37.5%,5,3,8,3,1,4,0
0x412903,99.9776%,5,22349,22354,0,0,5,22349
0x412832,99.9796%,5,24499,24504,6341,0,5,18158
0x40e5ba,50%,5,5,10,0,0,5,5
0x41789f,96.6387%,4,115,119,76,4,0,39
0x415da7,97.5758%,4,161,165,107,3,1,54
0x401aef,98.1481%,4,212,216,191,1,3,21
0x410e76,99.9926%,4,54126,54130,54126,4,0,0
0x409960,99.9721%,4,14351,14355,12757,3,1,1594
0x410e3d,99.9944%,4,71546,71550,35774,1,3,35772
0x41b181,98.6577%,4,294,298,294,4,0,0
0x4028b4,71.4286%,4,10,14,0,0,4,10
0x40e705,99.5272%,4,842,846,0,0,4,842
0x40ba30,93.9394%,4,62,66,32,2,2,30
0x41359e,99.9769%,4,17279,17283,11518,4,0,5761
0x40541f,87.0968%,4,27,31,0,1,3,27
0x40b0d9,96.5812%,4,113,117,76,2,2,37
0x40af3a,99.9721%,4,14351,14355,12758,2,2,1593
0x40465d,98.2906%,4,230,234,205,3,1,25
0x409dab,50%,4,4,8,0,0,4,4
0x458de7,99.9818%,4,21956,21960,0,0,4,21956
0x4174dd,33.3333%,4,2,6,2,4,0,0
0x40573c,96.8254%,4,122,126,111,1,3,11
0x412b7d,99.9934%,4,61007,61011,0,0,4,61007
0x41344e,99.9689%,4,12863,12867,8576,2,2,4287
0x4097f3,99.7492%,4,1591,1595,0,0,4,1591
0x40232f,85.1852%,4,23,27,20,4,0,3
0x408b4b,89.4737%,4,34,38,0,0,4,34
0x407973,99.1786%,4,483,487,481,2,2,2
0x41b015,98.6577%,4,294,298,0,0,4,294
0x403af3,0%,4,0,4,0,0,4,0
0x403273,97.2222%,4,140,144,111,1,3,29
0x410e10,99.9888%,4,35771,35775,0,0,4,35771
0x4110f6,98.8732%,4,351,355,0,0,4,351
0x4179f0,94.5205%,4,69,73,46,3,1,23
0x4116ad,99.9974%,4,152360,152364,76181,1,3,76179
0x40d866,99.2908%,4,560,564,0,0,4,560
0x405a0a,98.2906%,4,230,234,0,0,4,230
0x403dac,55.5556%,4,5,9,5,3,1,0
0x417882,98.8827%,4,354,358,0,1,3,354
0x406d65,93.8462%,4,61,65,61,3,1,0
0x403d7c,55.5556%,4,5,9,5,3,1,0
0x41126d,99.9956%,4,91286,91290,45642,3,1,45644
0x40219c,99.8328%,4,2389,2393,0,0,4,2389
0x406e1f,75%,4,12,16,12,0,4,0
0x401cbf,99.1228%,4,452,456,0,0,4,452
0x402f3f,97.2222%,4,140,144,126,2,2,14
0x40bf9f,99.9886%,4,35177,35181,31270,2,2,3907
0x40f3a9,63.6364%,4,7,11,7,4,0,0
0x4030a2,97.2222%,4,140,144,109,3,1,31
0x410856,97.8495%,4,182,186,0,0,4,182
0x4124f6,99.9712%,4,13887,13891,4020,3,1,9867
0x41739b,85.1852%,4,23,27,23,4,0,0
0x40dd9d,95.7447%,4,90,94,0,0,4,90
0x401dbd,99.7076%,4,1364,1368,0,0,4,1364
0x40de9b,99.9308%,4,5775,5779,0,0,4,5775
0x405823,90.9091%,4,40,44,0,0,4,40
0x40e17e,99.9474%,4,7594,7598,0,0,4,7594
0x403d3d,55.5556%,4,5,9,5,3,1,0
0x40acef,99.7492%,4,1591,1595,0,0,4,1591
0x40b215,95.9596%,4,95,99,95,2,2,0
0x406b8b,99.9721%,4,14351,14355,12757,3,1,1594
0x4133c1,99.9689%,4,12863,12867,12863,4,0,0
0x406abd,99.7492%,4,1591,1595,0,0,4,1591
0x4064e7,93.75%,3,45,48,45,3,0,0
0x40e9d8,99.6454%,3,843,846,0,0,3,843
0x40742e,99.9158%,3,3561,3564,0,0,3,3561
0x41137f,99.9944%,3,53139,53142,0,0,3,53139
0x41b1d8,98.9933%,3,295,298,0,0,3,295
0x40dde9,99.6454%,3,843,846,0,0,3,843
0x41482e,97.9167%,3,141,144,93,3,0,48
0x405d59,25%,3,1,4,1,2,1,0
0x40302b,93.75%,3,45,48,32,0,3,13
0x40e9e3,99.9606%,3,7611,7614,0,0,3,7611
0x405429,90.3226%,3,28,31,0,1,2,28
0x405879,99.2424%,3,393,396,0,0,3,393
0x40631e,98.7179%,3,231,234,0,0,3,231
0x46fe6e,96.9697%,3,96,99,0,0,3,96
0x41b116,98.9933%,3,295,298,295,3,0,0
0x41a594,93.75%,3,45,48,0,0,3,45
0x409ced,99.5378%,3,646,649,0,0,3,646
0x415107,98.6111%,3,213,216,189,3,0,24
0x41b0d7,98.9933%,3,295,298,0,0,3,295
0x40da73,66.6667%,3,6,9,6,2,1,0
0x412821,88.8889%,3,24,27,0,0,3,24
0x411ac0,99.9961%,3,76401,76404,0,0,3,76401
0x41b01e,98.9933%,3,295,298,295,3,0,0
0x40ea8d,95.7143%,3,67,70,0,0,3,67
0x412330,99.9922%,3,38640,38643,0,0,3,38640
0x406d96,66.6667%,3,6,9,6,0,3,0
0x413566,99.9826%,3,17280,17283,0,0,3,17280
0x402c5c,99.8888%,3,2696,2699,0,0,3,2696
0x410a16,99.9935%,3,46417,46420,46417,3,0,0
0x411966,99.564%,3,685,688,0,0,3,685
0x41afda,98.9933%,3,295,298,295,3,0,0
0x417424,50%,3,3,6,0,0,3,3
0x40e898,99.8457%,3,1941,1944,0,0,3,1941
0x40351d,99.2424%,3,393,396,0,0,3,393
0x40e74b,70%,3,7,10,0,0,3,7
0x414ffe,98.6111%,3,213,216,190,2,1,23
0x411aed,99.998%,3,152805,152808,76402,2,1,76403
0x40c9a6,92.8571%,3,39,42,0,0,3,39
0x407a7e,97.0874%,3,100,103,0,0,3,100
0x40c35d,99.9373%,3,4782,4785,0,0,3,4782
0x45c367,99.9863%,3,21957,21960,0,0,3,21957
0x41b00c,98.9933%,3,295,298,0,0,3,295
0x413f9b,87.5%,3,21,24,21,3,0,0
0x402289,97.7778%,3,132,135,132,0,3,0
0x41b22e,98.9933%,3,295,298,295,3,0,0
0x40eb0d,98.6111%,3,213,216,0,0,3,213
0x40eb20,87.5%,3,21,24,0,0,3,21
0x40ca7f,99.3318%,3,446,449,446,3,0,0
0x4179c4,96.1039%,3,74,77,0,0,3,74
0x41309e,99.9961%,3,75963,75966,50642,2,1,25321
0x41552b,99.9486%,3,5829,5832,0,0,3,5829
0x407aed,50%,3,3,6,0,0,3,3
0x41358d,99.9913%,3,34563,34566,17280,3,0,17283
0x417aca,0%,3,0,3,0,3,0,0
0x415707,99.9486%,3,5829,5832,0,0,3,5829
0x4112a5,99.9952%,3,62602,62605,62602,3,0,0
0x41056d,99.9829%,3,17496,17499,0,0,3,17496
0x40b1a9,90.9091%,3,30,33,0,0,3,30
0x41b2ab,98.9933%,3,295,298,0,0,3,295
0x40883c,99.7575%,3,1234,1237,0,0,3,1234
0x411bdb,99.513%,3,613,616,0,0,3,613
0x40d5df,99.8264%,3,1725,1728,0,0,3,1725
0x40f3dc,66.6667%,3,6,9,3,1,2,3
0x41136b,98.9399%,3,280,283,0,0,3,280
0x406e97,66.6667%,3,6,9,6,2,1,0
0x412a20,99.9898%,3,29385,29388,0,0,3,29385
0x4122e1,99.9922%,3,38640,38643,38640,3,0,0
0x417931,98.893%,3,268,271,241,2,1,27
0x408b38,95.7746%,3,68,71,0,0,3,68
0x41ac79,99.9946%,3,55705,55708,55705,3,0,0
0x40b034,92.8571%,3,39,42,0,3,0,39
0x4125b0,99.9899%,3,29601,29604,0,0,3,29601
0x40b570,99.9977%,3,129192,129195,114837,3,0,14355
0x40b2cf,99.8575%,3,2103,2106,0,0,3,2103
0x4087f8,99.7575%,3,1234,1237,0,0,3,1234
0x40b9fe,98.3051%,3,174,177,117,1,2,57
0x413511,99.9826%,3,17280,17283,17280,3,0,0
0x40f3c7,86.9565%,3,20,23,0,1,2,20
0x40bfcb,99.9233%,3,3906,3909,0,0,3,3906
0x40f258,99.0991%,3,330,333,0,0,3,330
0x411526,99.4186%,3,513,516,0,0,3,513
0x40c8fb,99.9913%,3,34494,34497,30661,3,0,3833
0x40c5ef,99.9913%,3,34494,34497,30662,2,1,3832
0x411ffe,99.9989%,3,263354,263357,175403,1,2,87951
0x40ff91,99.9835%,3,18184,18187,0,0,3,18184
0x40b186,91.6667%,3,33,36,23,1,2,10
0x403015,97.9167%,3,141,144,94,2,1,47
0x402f6e,81.25%,3,13,16,0,0,3,13
0x411b29,99.997%,3,99683,99686,99683,3,0,0
0x40e81e,87.5%,3,21,24,0,0,3,21
0x4173dd,50%,3,3,6,3,3,0,0
0x410b02,99.9929%,3,42338,42341,0,0,3,42338
0x41b15e,98.9933%,3,295,298,0,0,3,295
0x41041a,99.9873%,3,23670,23673,0,0,3,23670
0x40da23,90%,2,18,20,0,0,2,18
0x411b02,99.9974%,2,76402,76404,50934,2,0,25468
0x402102,99.4949%,2,394,396,0,0,2,394
0x40b81e,99.8746%,2,1593,1595,0,0,2,1593
0x4073bd,95.4545%,2,42,44,0,0,2,42
0x4157b6,99.9886%,2,17494,17496,11662,2,0,5832
0x412b69,99.6904%,2,644,646,0,0,2,644
0x4086b8,99.1453%,2,232,234,0,0,2,232
0x409912,99.9582%,2,4783,4785,0,0,2,4783
0x413281,99.9944%,2,35557,35559,35557,2,0,0
0x409ba4,99.8887%,2,1795,1797,0,0,2,1795
0x403bdd,50%,2,2,4,1,0,2,1
0x41b124,99.3289%,2,296,298,296,2,0,0
0x40571c,98.4127%,2,124,126,110,2,0,14
0x40e44b,99.9736%,2,7587,7589,0,0,2,7587
0x40ba93,97.9167%,2,94,96,62,2,0,32
0x46fdd3,99.8891%,2,1801,1803,0,0,2,1801
0x40fd0d,66.6667%,2,4,6,4,2,0,0
0x40f60f,50%,2,2,4,1,0,2,1
0x40bc57,99.905%,2,2104,2106,0,0,2,2104
0x40c2a3,99.9943%,2,35179,35181,31272,0,2,3907
0x40bd0d,99.9582%,2,4783,4785,0,0,2,4783
0x403376,95.4545%,2,42,44,0,0,2,42
0x4157c7,99.9657%,2,5830,5832,3886,2,0,1944
0x4022b1,92.5926%,2,25,27,22,2,0,3
0x40199e,99.8971%,2,1942,1944,0,0,2,1942
0x40450c,96.6102%,2,57,59,32,1,1,25
0x40e5fc,60%,2,3,5,3,2,0,0
0x40f446,95.8333%,2,46,48,0,0,2,46
0x4140b8,97.2222%,2,70,72,48,0,2,22
0x40401c,99.4949%,2,394,396,0,0,2,394
0x40a8f6,95.4545%,2,42,44,0,0,2,42
0x411edd,99.9981%,2,107380,107382,53689,2,0,53691
0x411eba,99.9963%,2,53689,53691,0,0,2,53689
0x403b7d,94.4444%,2,34,36,30,2,0,4
0x412466,99.4444%,2,358,360,0,0,2,358
0x409845,99.8746%,2,1593,1595,0,0,2,1593
0x40b5a7,99.8746%,2,1593,1595,0,0,2,1593
0x407641,99.1453%,2,232,234,0,0,2,232
0x41adab,99.9989%,2,174910,174912,174910,2,0,0
0x406e51,50%,2,2,4,2,0,2,0
0x408a04,99.5086%,2,405,407,405,2,0,0
0x45c9d3,99.9909%,2,21958,21960,0,0,2,21958
0x415cbb,98.7879%,2,163,165,0,0,2,163
0x402a11,98.4127%,2,124,126,111,1,1,13
0x403423,95.4545%,2,42,44,0,0,2,42
0x41a615,99.537%,2,430,432,0,0,2,430
0x401f30,99.9737%,2,7612,7614,0,0,2,7612
0x414055,99.0741%,2,214,216,190,2,0,24
0x41b4e4,99.9161%,2,2382,2384,2382,2,0,0
0x411680,99.9974%,2,76180,76182,0,0,2,76180
0x40479d,98.1481%,2,106,108,96,0,2,10
0x4117bf,99.9977%,2,85906,85908,0,0,2,85906
0x40f5a8,92.3077%,2,24,26,0,0,2,24
0x410f62,99.9955%,2,44004,44006,0,0,2,44004
0x402ece,98.6667%,2,148,150,132,2,0,16
0x40d546,98.9583%,2,190,192,0,0,2,190
0x412176,99.7214%,2,716,718,0,0,2,716
0x40f3b8,88.2353%,2,15,17,3,2,0,12
0x41b5a8,99.3289%,2,296,298,0,0,2,296
0x405d91,66.6667%,2,4,6,4,1,1,0
0x46fda7,99.8905%,2,1825,1827,98,1,1,1727
0x40d331,77.7778%,2,7,9,7,1,1,0
0x40a94c,99.4949%,2,394,396,0,0,2,394
0x40af91,99.8746%,2,1593,1595,0,0,2,1593
0x414c85,95.8333%,2,46,48,0,0,2,46
0x415d63,98.7879%,2,163,165,0,0,2,163
0x40d001,98.2143%,2,110,112,0,0,2,110
0x4047fc,98.1481%,2,106,108,94,2,0,12
0x401d72,99.5614%,2,454,456,0,0,2,454
0x4045e0,92.3077%,2,24,26,0,0,2,24
0x415dd8,98.7879%,2,163,165,0,0,2,163
0x411bef,99.9977%,2,86146,86148,0,0,2,86146
0x410504,99.9886%,2,17497,17499,17497,2,0,0
0x415813,99.7567%,2,820,822,0,0,2,820
0x401b16,99.0741%,2,214,216,0,0,2,214
0x41218a,99.9967%,2,61152,61154,0,0,2,61152
0x41abe6,99.9954%,2,43726,43728,21862,2,0,21864
0x41197a,99.9977%,2,86289,86291,0,0,2,86289
0x40cbd8,99.9439%,2,3562,3564,0,0,2,3562
0x40e8d2,91.6667%,2,22,24,0,0,2,22
0x40f3eb,60%,2,3,5,2,0,2,1
0x40c57a,99.9478%,2,3831,3833,0,0,2,3831
0x41b4b7,99.3289%,2,296,298,296,2,0,0
0x407a92,97.3684%,2,74,76,0,0,2,74
0x40baa5,97.9167%,2,94,96,94,2,0,0
0x405a46,99.1453%,2,232,234,0,0,2,232
0x40dfee,99.9736%,2,7576,7578,0,0,2,7576
0x41b25d,99.6644%,2,594,596,298,0,2,296
0x41a638,99.9486%,2,3886,3888,3455,1,1,431
0x46fe98,99.596%,2,493,495,0,0,2,493
0x45c3d5,99.9909%,2,21958,21960,0,0,2,21958
0x40b7f2,99.9861%,2,14353,14355,12758,2,0,1595
0x412712,92.5926%,2,25,27,0,0,2,25
0x40cdff,98.9583%,2,190,192,0,0,2,190
0x412ca6,99.9948%,2,38425,38427,0,0,2,38425
0x413770,95.8333%,2,46,48,0,0,2,46
0x4156eb,99.9657%,2,5830,5832,0,0,2,5830
0x412cde,99.9948%,2,38425,38427,25617,1,1,12808
0x413619,95.8333%,2,46,48,24,0,2,22
0x403290,95.8333%,2,46,48,31,1,1,15
0x40354a,99.4949%,2,394,396,0,0,2,394
0x46fe2a,97.9798%,2,97,99,75,0,2,22
0x410689,97.1831%,2,69,71,0,0,2,69
0x458d6d,99.9909%,2,21958,21960,0,0,2,21958
0x4031d6,98.6111%,2,142,144,94,2,0,48
0x40eacf,99.9486%,1,1943,1944,0,0,1,1943
0x4132d8,99.9972%,1,35558,35559,0,0,1,35558
0x45a255,99.9954%,1,21959,21960,0,0,1,21959
0x405d78,0%,1,0,1,0,1,0,0
0x402950,99.2063%,1,125,126,111,1,0,14
0x4086f3,99.5726%,1,233,234,0,0,1,233
0x40ba10,99.435%,1,176,177,176,1,0,0
0x45a30d,99.9954%,1,21959,21960,0,0,1,21959
0x4132fd,99.9986%,1,71117,71118,35558,1,0,35559
0x40e984,98.9362%,1,93,94,0,0,1,93
0x41b250,99.8322%,1,595,596,0,0,1,595
0x405caf,0%,1,0,1,0,0,1,0
0x410dc1,99.9972%,1,35774,35775,35774,1,0,0
0x413ff5,99.537%,1,215,216,191,1,0,24
0x458e0f,99.9954%,1,21959,21960,21959,1,0,0
0x40b9a6,98.3051%,1,58,59,0,0,1,58
0x40ce17,99.4792%,1,191,192,0,0,1,191
0x40ce88,99.9421%,1,1727,1728,0,0,1,1727
0x40d127,99.7347%,1,376,377,0,0,1,376
0x405513,96.6667%,1,29,30,29,1,0,0
0x415548,99.9829%,1,5831,5832,0,0,1,5831
0x40633a,99.5726%,1,233,234,0,0,1,233
0x41578e,99.9829%,1,5831,5832,0,0,1,5831
0x40c623,99.9739%,1,3832,3833,0,0,1,3832
0x4157d5,99.9486%,1,1943,1944,0,0,1,1943
0x40f583,88.8889%,1,8,9,8,1,0,0
0x4045fd,96.1538%,1,25,26,25,1,0,0
0x4031b9,97.9167%,1,47,48,0,0,1,47
0x415435,99.9486%,1,1943,1944,0,0,1,1943
0x4031f5,97.9167%,1,47,48,32,0,1,15
0x415b4a,98.1818%,1,54,55,54,1,0,0
0x415db0,98.1818%,1,54,55,54,1,0,0
0x4079c7,97.9592%,1,48,49,0,0,1,48
0x40288f,99.2063%,1,125,126,111,1,0,14
0x402828,99.2126%,1,126,127,0,1,0,126
0x402900,99.2063%,1,125,126,112,0,1,13
0x40d308,94.4444%,1,17,18,17,0,1,0
0x402d0d,98.5294%,1,67,68,0,0,1,67
0x40f3f5,66.6667%,1,2,3,0,0,1,2
0x403c9f,0%,1,0,1,0,1,0,0
0x40b522,99.9373%,1,1594,1595,0,0,1,1594
0x40f5ff,75%,1,3,4,0,0,1,3
0x40994d,99.9373%,1,1594,1595,0,0,1,1594
0x40198b,99.537%,1,215,216,0,0,1,215
0x40aade,99.9373%,1,1594,1595,0,0,1,1594
0x4040ae,99.9677%,1,3095,3096,0,0,1,3095
0x40d336,0%,1,0,1,0,1,0,0
0x41308d,99.9993%,1,151931,151932,75965,1,0,75966
0x40ae85,99.9373%,1,1594,1595,0,0,1,1594
0x404aa0,99.7475%,1,395,396,0,0,1,395
0x40b0a6,99.1453%,1,116,117,77,1,0,39
0x41afa6,99.6644%,1,297,298,0,0,1,297
0x4098af,99.9373%,1,1594,1595,0,0,1,1594
0x40b896,98.4848%,1,65,66,0,0,1,65
0x40ba41,96.875%,1,31,32,0,0,1,31
0x41b0e0,99.6644%,1,297,298,0,0,1,297
0x40bf2a,99.9744%,1,3908,3909,0,0,1,3908
0x41b46f,99.8881%,1,893,894,0,0,1,893
0x40c2cf,99.9744%,1,3908,3909,0,0,1,3908
0x40c33a,99.9373%,1,1594,1595,0,0,1,1594
0x41b4df,99.8881%,1,893,894,298,0,1,595
0x40534a,99.3289%,1,148,149,0,0,1,148
0x45c3bb,99.9954%,1,21959,21960,0,0,1,21959
0x40cbc8,99.7475%,1,395,396,0,0,1,395
0x40da4a,95%,1,19,20,19,0,1,0
0x4159e0,98.1818%,1,54,55,0,0,1,54
0x41a5b1,97.9167%,1,47,48,0,0,1,47
0x4131ac,99.9978%,1,45428,45429,0,0,1,45428
0x40ac6a,99.9373%,1,1594,1595,0,0,1,1594
0x45c9ca,99.9954%,1,21959,21960,0,0,1,21959
0x412e1d,99.9991%,1,106949,106950,53474,1,0,53475
0x412c51,99.9974%,1,38426,38427,38426,1,0,0
0x41235d,99.9987%,1,77285,77286,38642,1,0,38643
0x412c00,99.9945%,1,18149,18150,5340,1,0,12809
0x40f402,66.6667%,1,2,3,2,1,0,0
0x458d97,99.9954%,1,21959,21960,0,0,1,21959
0x41a5a2,97.9167%,1,47,48,47,1,0,0
0x412561,99.9966%,1,29603,29604,29603,1,0,0
0x41a558,97.9167%,1,47,48,0,0,1,47
0x41ac15,99.9954%,1,21863,21864,0,0,1,21863
0x407922,99.7647%,1,424,425,0,0,1,424
0x40474c,91.6667%,1,11,12,11,1,0,0
0x410f4b,99.0196%,1,101,102,0,0,1,101
0x4128ef,99.6528%,1,287,288,0,0,1,287
0x45a235,99.9954%,1,21959,21960,0,0,1,21959
0x458d75,99.9954%,1,21959,21960,0,0,1,21959
0x410cb6,99.4253%,1,173,174,0,0,1,173
0x4141ca,95.8333%,1,23,24,23,1,0,0
0x46fdac,99.9445%,1,1802,1803,1802,1,0,0
0x405d1b,83.3333%,1,5,6,2,0,1,3
0x40b986,99.187%,1,122,123,81,1,0,41
0x413fa9,95.8333%,1,23,24,0,0,1,23
0x412f2c,99.9987%,1,76187,76188,0,0,1,76187
0x41470a,99.3056%,1,143,144,0,0,1,143
0x414135,98.6111%,1,71,72,47,1,0,24
0x413629,95.8333%,1,23,24,0,0,1,23
0x41b506,99.6644%,1,297,298,297,1,0,0
0x458e39,99.9954%,1,21959,21960,0,0,1,21959
0x408a96,98%,1,49,50,0,0,1,49
0x458d59,99.9954%,1,21959,21960,0,0,1,21959
0x45c9e3,99.9954%,1,21959,21960,0,0,1,21959
0x41a475,97.9167%,1,47,48,0,0,1,47
0x4117ab,99.7748%,1,443,444,0,0,1,443
0x41a4c0,97.9167%,1,47,48,47,1,0,0
0x46fe67,98.9899%,1,98,99,0,0,1,98
0x41a522,97.9167%,1,47,48,0,0,1,47
0x40aa69,99.9373%,1,1594,1595,0,0,1,1594
0x41a530,97.9167%,1,47,48,0,0,1,47
0x4046b5,92.8571%,1,13,14,0,0,1,13
0x4177d3,99.7222%,1,359,360,0,0,1,359
0x40f3bd,91.6667%,1,11,12,0,0,1,11
0x40e460,99.9868%,1,7588,7589,0,0,1,7588
0x45c38c,99.9954%,1,21959,21960,0,0,1,21959
0x411d6a,99.9989%,1,88095,88096,0,0,1,88095
0x45c37b,99.9954%,1,21959,21960,21959,1,0,0
0x45c3c7,99.9954%,1,21959,21960,0,0,1,21959
0x401456,94.1176%,1,16,17,0,0,1,16
0x410cca,99.9977%,1,44148,44149,0,0,1,44148
0x40404a,99.7475%,1,395,396,0,0,1,395
0x40af66,99.9373%,1,1594,1595,0,0,1,1594
0x4125dd,99.9983%,1,59207,59208,29603,1,0,29604
0x402688,99.7475%,1,395,396,0,0,1,395
0x41110a,99.9981%,1,53284,53285,0,0,1,53284
0x40e88d,99.537%,1,215,216,0,0,1,215
0x413640,97.9167%,1,47,48,0,0,1,47
0x40563c,93.75%,1,15,16,0,0,1,15
0x413011,99.9987%,1,75965,75966,75965,1,0,0
0x458e2f,99.9954%,1,21959,21960,21959,1,0,0
0x40d566,100%,0,192,192,0,0,0,192
0x415670,100%,0,1944,1944,0,0,0,1944
0x40b8fd,100%,0,41,41,0,0,0,41
0x412da1,100%,0,53475,53475,53475,0,0,0
0x40d761,100%,0,114,114,0,0,0,114
0x40eac7,100%,0,216,216,0,0,0,216
0x403bf5,100%,0,3,3,0,0,0,3
0x40eb00,100%,0,24,24,0,0,0,24
0x408452,100%,0,1234,1234,1234,0,0,0
0x46fed8,100%,0,99,99,75,0,0,24
0x406b4e,100%,0,1595,1595,0,0,0,1595
0x40eb72,100%,0,24,24,24,0,0,0
0x41153a,100%,0,86051,86051,0,0,0,86051
0x40d2da,100%,0,18,18,0,0,0,18
0x40297e,100%,0,14,14,0,0,0,14
0x40b324,100%,0,1595,1595,0,0,0,1595
0x405d67,100%,0,2,2,1,0,0,1
0x458da8,100%,0,21960,21960,0,0,0,21960
0x40b849,100%,0,1595,1595,0,0,0,1595
0x40c889,100%,0,3833,3833,0,0,0,3833
0x4109b0,100%,0,13083,13083,0,0,0,13083
0x40e752,100%,0,10,10,0,0,0,10
0x40d31a,100%,0,1,1,0,0,0,1
0x406b57,100%,0,1595,1595,0,0,0,1595
0x41a53e,100%,0,48,48,0,0,0,48
0x417a22,100%,0,24,24,0,0,0,24
0x4129d1,100%,0,29388,29388,29388,0,0,0
0x402349,100%,0,3,3,0,0,0,3
0x45a20a,100%,0,21960,21960,0,0,0,21960
0x413151,100%,0,45429,45429,45429,0,0,0
0x40311e,100%,0,16,16,0,0,0,16
0x415c10,100%,0,55,55,0,0,0,55
0x41795b,100%,0,28,28,0,0,0,28
0x40da78,100%,0,1,1,1,0,0,0
0x403266,100%,0,48,48,0,0,0,48
0x40b0fc,100%,0,12,12,0,0,0,12
0x4146ca,100%,0,432,432,288,0,0,144
0x406e6a,100%,0,2,2,2,0,0,0
0x413b86,100%,0,144,144,0,0,0,144
0x414726,100%,0,144,144,0,0,0,144
0x41b178,100%,0,298,298,0,0,0,298
0x412ed1,100%,0,76188,76188,76188,0,0,0
0x417806,100%,0,40,40,0,0,0,40
0x4055be,100%,0,270,270,240,0,0,30
0x4026aa,100%,0,396,396,0,0,0,396
0x45c3ac,100%,0,21960,21960,21960,0,0,0
0x40b175,100%,0,36,36,36,0,0,0
0x40f6d0,100%,0,11,11,1,0,0,10
0x41a667,100%,0,48,48,48,0,0,0
0x4155bf,100%,0,5832,5832,0,0,0,5832
0x415de5,100%,0,165,165,55,0,0,110
0x458dc9,100%,0,21960,21960,21960,0,0,0
0x417a0c,100%,0,24,24,0,0,0,24
0x405672,100%,0,14,14,14,0,0,0
0x4111e1,100%,0,45645,45645,45645,0,0,0
0x403b1f,100%,0,4,4,4,0,0,0
0x412f4d,100%,0,152376,152376,76188,0,0,76188
0x41b596,100%,0,298,298,0,0,0,298
0x415016,100%,0,24,24,24,0,0,0
0x40ea44,100%,0,70,70,0,0,0,70
0x416240,100%,0,24,24,0,0,0,24
0x40b73d,100%,0,1595,1595,0,0,0,1595
0x411631,100%,0,76182,76182,76182,0,0,0
0x402da1,100%,0,68,68,0,0,0,68
0x413c8f,100%,0,144,144,96,0,0,48
0x413795,100%,0,48,48,0,0,0,48
0x45a86d,100%,0,21960,21960,21960,0,0,0
0x406e5a,100%,0,4,4,2,0,0,2
0x46fe4f,100%,0,96,96,72,0,0,24
0x46fdfa,100%,0,1803,1803,1803,0,0,0
0x46fde4,100%,0,1803,1803,75,0,0,1728
0x404f46,100%,0,149,149,0,0,0,149
0x40e783,100%,0,90,90,0,0,0,90
0x40da5c,100%,0,1,1,0,0,0,1
0x40df02,100%,0,5779,5779,5779,0,0,0
0x4033bb,100%,0,396,396,0,0,0,396
0x41247a,100%,0,22497,22497,0,0,0,22497
0x413cc5,100%,0,24,24,0,0,0,24
0x401f1b,100%,0,846,846,0,0,0,846
0x41774a,100%,0,40,40,40,0,0,0
0x415bf8,100%,0,55,55,55,0,0,0
0x408ba7,100%,0,7,7,0,0,0,7
0x411fc9,100%,0,502,502,0,0,0,502
0x40e91b,100%,0,216,216,0,0,0,216
0x41b281,100%,0,298,298,298,0,0,0
0x458e3e,100%,0,21960,21960,21960,0,0,0
0x417872,100%,0,120,120,0,0,0,120
0x40e6b0,100%,0,94,94,94,0,0,0
0x40c927,100%,0,3833,3833,0,0,0,3833
0x45a267,100%,0,21960,21960,21960,0,0,0
0x45c3a3,100%,0,21960,21960,0,0,0,21960
0x41b26f,100%,0,298,298,298,0,0,0
0x4045cf,100%,0,26,26,0,0,0,26
0x407413,100%,0,396,396,0,0,0,396
0x41b348,100%,0,298,298,0,0,0,298
0x40eaa1,100%,0,70,70,70,0,0,0
0x413a10,100%,0,48,48,0,0,0,48
0x403b0a,100%,0,4,4,0,0,0,4
0x45c9ec,100%,0,21960,21960,21960,0,0,0
0x458d63,100%,0,21960,21960,0,0,0,21960
0x402435,100%,0,3,3,0,0,0,3
0x458d85,100%,0,21960,21960,0,0,0,21960
0x458dba,100%,0,21960,21960,0,0,0,21960
0x41b2b6,100%,0,298,298,298,0,0,0
0x41b3d7,100%,0,298,298,298,0,0,0
0x40b398,100%,0,1595,1595,0,0,0,1595
0x41306c,100%,0,75966,75966,0,0,0,75966
0x41a512,100%,0,48,48,0,0,0,48
0x41b16f,100%,0,298,298,0,0,0,298
0x41a4bb,100%,0,48,48,0,0,0,48
0x40b95b,100%,0,123,123,82,0,0,41
0x41ab0a,100%,0,21864,21864,0,0,0,21864
0x411f12,100%,0,93695,93695,93695,0,0,0
0x40b045,100%,0,39,39,0,0,0,39
0x412df6,100%,0,53475,53475,0,0,0,53475
0x414202,100%,0,48,48,24,0,0,24
0x41aafc,100%,0,21864,21864,0,0,0,21864
0x40cb72,100%,0,44,44,0,0,0,44
0x411fdd,100%,0,87953,87953,0,0,0,87953
0x4141b4,100%,0,72,72,48,0,0,24
0x41069d,100%,0,23530,23530,0,0,0,23530
0x40ca20,100%,0,1553,1553,0,0,0,1553
0x401b08,100%,0,24,24,0,0,0,24
0x414270,100%,0,216,216,192,0,0,24
0x401eb4,100%,0,94,94,0,0,0,94
0x40eab8,100%,0,24,24,0,0,0,24
0x40a95c,100%,0,3564,3564,0,0,0,3564
0x40c22e,100%,0,3909,3909,0,0,0,3909
0x41aaec,100%,0,21864,21864,0,0,0,21864
0x41ab24,100%,0,21864,21864,21864,0,0,0
0x41ab81,100%,0,21864,21864,0,0,0,21864
0x41abd9,100%,0,21864,21864,0,0,0,21864
0x40193f,100%,0,24,24,0,0,0,24
0x41b59e,100%,0,298,298,0,0,0,298
0x41ac10,100%,0,43728,43728,21864,0,0,21864
0x4149e1,100%,0,48,48,0,0,0,48
0x40ea92,100%,0,140,140,70,0,0,70
0x40afde,100%,0,42,42,0,0,0,42
0x414a06,100%,0,48,48,0,0,0,48
0x4148bc,100%,0,48,48,0,0,0,48
0x45c3d0,100%,0,21960,21960,0,0,0,21960
0x410406,100%,0,143,143,0,0,0,143
