Branch PC,Accuracy,Mispredictions,Correct Predictions,Total,dir_t_pred_t,dir_t_pred_nt,dir_nt_pred_t,dir_nt_pred_nt
aggregate,99.3801%,159621,25588457,25748078,15214944,75496,84125,10373513
0x411cdb,98.3411%,17654,1046550,1064204,933724,7857,9797,112826
0x411480,96.1888%,17416,439556,456972,340479,7891,9525,99077
0x4120ef,98.5205%,16207,1079233,1095440,1007281,6929,9278,71952
0x412fb0,96.889%,13938,434078,448016,332815,6615,7323,101263
0x412633,97.0431%,13552,444771,458323,66025,7548,6004,378746
0x4118ce,97.2127%,12488,435544,448032,324043,5656,6832,111501
0x41104e,97.2761%,9976,356268,366244,305737,5111,4865,50531
0x4130f0,98.2217%,8126,448830,456956,397456,4120,4006,51374
0x412d38,99.3549%,7067,1088357,1095424,969381,3436,3631,118976
0x410794,96.0832%,5652,138649,144301,103099,2958,2694,35550
0x412e6e,99.5141%,5171,1059017,1064188,943415,2456,2715,115602
0x4123df,96.1467%,3130,78100,81230,43389,1789,1341,34711
0x41321e,99.1825%,2994,363234,366228,324000,1540,1454,39234
0x41ac73,93.9992%,2282,35746,38028,32789,1055,1227,2957
0x410341,99.2141%,1838,232040,233878,15649,1045,793,216391
0x41ae23,95.0407%,1778,34074,35852,33871,299,1479,203
0x410c08,99.0042%,1314,130634,131948,90647,597,717,39987
0x4134a1,99.1905%,1168,143117,144285,127070,537,631,16047
0x41ad1f,92.8392%,1084,14054,15138,13036,420,664,1018
0x413360,99.4717%,697,131235,131932,93402,302,395,37833
0x41acba,98.2618%,661,37367,38028,29678,154,507,7689
0x4135e8,99.7631%,554,233308,233862,206293,260,294,27015
0x412629,99.778%,232,104294,104526,12961,139,93,91333
0x40c2fb,57.7957%,157,215,372,196,52,105,19
0x40c953,57.7957%,157,215,372,194,54,103,21
0x40c657,58.6022%,154,218,372,206,42,112,12
0x40bfff,60.2151%,148,224,372,198,50,98,26
0x412660,99.8419%,137,86536,86673,83971,47,90,2565
0x4114dd,99.8792%,131,108333,108464,106287,32,99,2046
0x411d18,99.8988%,124,122404,122528,120657,32,92,1747
0x401dc4,64.0351%,123,219,342,194,41,82,25
0x41115f,99.7798%,122,55274,55396,26078,62,60,29196
0x401d33,65.2047%,119,223,342,28,77,42,195
0x4110ab,99.7921%,115,55205,55320,53510,29,86,1695
0x415803,59.9222%,103,154,257,69,55,48,85
0x401ce3,70.1754%,102,240,342,41,62,40,199
0x40de8a,84.4136%,101,547,648,82,70,31,465
0x40bdac,73.1183%,100,272,372,7,67,33,265
0x411dc7,99.9225%,95,122528,122623,39547,59,36,82981
0x40f66f,80.0847%,94,378,472,363,29,65,15
0x411923,99.9205%,94,118097,118191,116623,22,72,1474
0x40c3fc,74.7312%,94,278,372,9,68,26,269
0x41212f,99.8879%,91,81088,81179,78557,24,67,2531
0x411b94,99.9247%,89,118088,118177,116621,16,73,1467
0x40c0b8,76.3441%,88,284,372,281,17,71,3
0x40c713,76.6129%,87,285,372,280,15,72,5
0x40df85,86.7284%,86,562,648,553,23,63,9
0x411325,99.8445%,86,55220,55306,53512,19,67,1708
0x410473,99.4908%,85,16609,16694,6481,42,43,10128
0x407353,75.7835%,85,266,351,262,50,35,4
0x410fb4,99.7936%,84,40604,40688,14087,49,35,26517
0x409b47,81.6993%,84,375,459,149,36,48,226
0x406c9b,76.6382%,82,269,351,90,45,37,179
0x40f6f2,83.0508%,80,392,472,195,41,39,197
0x41175c,99.9281%,78,108372,108450,106286,25,53,2086
0x40218b,73.2639%,77,211,288,25,43,34,186
0x4119ca,99.9366%,75,118258,118333,51192,39,36,67066
0x4103c4,99.5478%,75,16509,16584,15760,29,46,749
0x4114c1,99.9309%,75,108527,108602,87,51,24,108440
0x409b7f,72.6277%,75,199,274,13,48,27,186
0x402c4d,77.1605%,74,250,324,33,43,31,217
0x40f2d5,76.0518%,74,235,309,228,30,44,7
0x41158a,99.9337%,72,108530,108602,41575,40,32,66955
0x4113c4,99.8718%,71,55309,55380,26096,33,38,29213
0x402745,75.6944%,70,218,288,27,41,29,191
0x40a83e,85.6209%,66,393,459,382,26,40,11
0x411c44,99.9451%,65,118252,118317,51183,37,28,67069
0x40f702,73.251%,65,178,243,134,28,37,44
0x4108ba,99.8327%,64,38180,38244,11664,37,27,26516
0x411814,99.942%,63,108523,108586,41569,35,28,66954
0x412645,99.9836%,63,384687,384750,17821,32,31,366866
0x410ef9,99.8496%,61,40508,40569,39710,14,47,798
0x411907,99.9485%,61,118272,118333,100,42,19,118172
0x406cc6,72.2222%,60,156,216,5,44,16,151
0x412276,99.752%,60,24132,24192,1615,38,22,22517
0x401d41,83.0409%,58,284,342,281,23,35,3
0x411a06,99.8868%,58,51173,51231,551,37,21,50622
0x41ad47,99.6611%,57,16763,16820,15105,33,24,1658
0x410c59,99.8624%,56,40648,40704,86,35,21,40562
0x410c75,99.862%,56,40527,40583,39708,24,32,819
0x411f7a,99.9551%,55,122459,122514,120669,12,43,1790
0x40bcce,95.8398%,54,1244,1298,0,38,16,1244
0x40aa4d,95.8398%,54,1244,1298,0,38,16,1244
0x402a91,81.5972%,53,235,288,231,21,32,4
0x41295a,99.8826%,53,45109,45162,24014,30,23,21095
0x40b308,95.9938%,52,1246,1298,0,38,14,1246
0x405c4d,87.1212%,51,345,396,316,36,15,29
0x411e06,99.8712%,51,39555,39606,852,26,25,38703
0x4157fb,68.5185%,51,111,162,3,35,16,108
0x412024,99.9592%,50,122557,122607,39564,31,19,82993
0x40f2a3,84.1424%,49,260,309,177,30,19,83
0x401dd6,85.6725%,49,293,342,203,25,24,90
0x407968,58.8235%,49,70,119,38,26,23,32
0x409d02,59.6639%,48,71,119,40,26,22,31
0x411b78,99.9594%,48,118269,118317,103,37,11,118166
0x409d27,70%,48,112,160,40,26,22,72
0x40d122,90.1235%,48,438,486,404,28,20,34
0x410809,99.8769%,47,38135,38182,37277,12,35,858
0x40332e,85.4938%,47,277,324,276,12,35,1
0x401de2,58.7719%,47,67,114,59,17,30,8
0x41108f,99.917%,46,55350,55396,39,37,9,55311
0x415138,71.6049%,46,116,162,102,22,24,14
0x4079ad,92.0139%,46,530,576,490,22,24,40
0x4128a0,99.8981%,46,45099,45145,42995,17,29,2104
0x4087ef,64.2857%,45,81,126,7,23,22,74
0x4046f4,71.1538%,45,111,156,110,14,31,1
0x4097ea,72.2222%,45,117,162,7,31,14,110
0x401cf1,86.8421%,45,297,342,290,14,31,7
0x406a70,72.2222%,45,117,162,11,27,18,106
0x4103a8,99.7364%,44,16650,16694,75,35,9,16575
0x402577,84.7222%,44,244,288,240,12,32,4
0x40279d,97.7778%,44,1936,1980,1734,26,18,202
0x41223d,99.9458%,44,81186,81230,24172,20,24,57014
0x40565c,84.6429%,43,237,280,14,20,23,223
0x401a84,73.4568%,43,119,162,10,28,15,109
0x40d861,93.2707%,43,596,639,547,21,22,49
0x410629,99.7482%,42,16636,16678,75,33,9,16561
0x40840b,66.6667%,42,84,126,8,22,20,76
0x409c9f,74.0741%,42,120,162,51,27,15,69
0x401cae,74.6914%,41,121,162,106,18,23,15
0x41ae1d,99.8829%,40,34130,34170,6911,31,9,27219
0x410d56,99.7173%,40,14107,14147,4561,21,19,9546
0x40f685,50%,40,40,80,33,21,19,7
0x412bcc,99.952%,39,81175,81214,24152,29,10,57023
0x406ced,76.6467%,39,128,167,107,19,20,21
0x406d21,89.4309%,39,330,369,306,22,17,24
0x40a88e,75.9259%,39,123,162,122,22,17,1
0x412d46,99.9015%,39,39556,39595,853,21,18,38703
0x410edd,99.9041%,39,40649,40688,91,28,11,40558
0x410aa1,99.8978%,39,38129,38168,37265,16,23,864
0x412fbe,99.9087%,38,41566,41604,5158,28,10,36408
0x40b317,97.0635%,37,1223,1260,1126,10,27,97
0x411f5e,99.9698%,37,122570,122607,73,20,17,122497
0x40f714,54.321%,37,44,81,40,14,23,4
0x4115c6,99.9111%,37,41578,41615,5170,21,16,36408
0x405b15,70.6349%,37,89,126,10,20,17,79
0x40e107,94.4444%,36,612,648,568,8,28,44
0x412b1c,99.9556%,36,81129,81165,78563,10,26,2566
0x4063e7,72.2222%,35,91,126,11,19,16,80
0x40f325,88.5993%,35,272,307,192,13,22,80
0x40844d,95.9491%,35,829,864,747,21,14,82
0x404bfc,87.5887%,35,247,282,239,17,18,8
0x409574,72.2222%,35,91,126,91,17,18,0
0x4040f5,88.1944%,34,254,288,247,9,25,7
0x411196,99.8699%,34,26106,26140,5170,21,13,20936
0x40e9f4,99.417%,34,5798,5832,5170,14,20,628
0x40acb8,99.6615%,34,10010,10044,8908,20,14,1102
0x401f4f,99.417%,34,5798,5832,5160,24,10,638
0x409acd,77.7778%,34,119,153,85,17,17,34
0x403608,88.5417%,33,255,288,249,11,22,6
0x40791d,94.2708%,33,543,576,494,18,15,49
0x40473e,88.8889%,32,256,288,242,10,22,14
0x4064b6,91.3279%,32,337,369,303,25,7,34
0x403600,98.804%,31,2561,2592,2285,19,12,276
0x410a85,99.9189%,31,38197,38228,37,23,8,38160
0x404170,97.792%,31,1373,1404,1232,16,15,141
0x40738b,80.8642%,31,131,162,131,13,18,0
0x4021cd,98.4343%,31,1949,1980,1744,16,15,205
0x4107ed,99.9189%,31,38213,38244,37,25,6,38176
0x403690,97.5397%,31,1229,1260,1104,16,15,125
0x403c89,89.2361%,31,257,288,243,9,22,14
0x401df5,80.8642%,31,131,162,131,13,18,0
0x406c35,73.5043%,31,86,117,60,18,13,26
0x40ced1,97.608%,31,1265,1296,1136,16,15,129
0x40aa5c,97.619%,30,1230,1260,1126,10,20,104
0x4033ed,98.9712%,30,2886,2916,2573,19,11,313
0x4106ec,99.8201%,30,16648,16678,6497,15,15,10151
0x411309,99.9458%,30,55350,55380,50,24,6,55300
0x41241f,99.9336%,30,45129,45159,43011,9,21,2118
0x40db1a,79.1667%,30,114,144,114,14,16,0
0x406209,76.1905%,30,96,126,95,13,17,1
0x411cfc,99.9764%,29,122594,122623,74,21,8,122520
0x41515a,82.0988%,29,133,162,131,13,16,2
0x40641f,96.6435%,29,835,864,747,21,8,88
0x4040f0,98.8812%,29,2563,2592,2291,13,16,272
0x407ac2,76.9841%,29,97,126,94,18,11,3
0x40b22f,82.0988%,29,133,162,132,12,17,1
0x410d1a,99.9288%,29,40675,40704,14130,17,12,26545
0x408b7c,85.3535%,29,169,198,161,15,14,8
0x402c9d,98.7007%,29,2203,2232,1969,15,14,234
0x40743d,99.0398%,28,2888,2916,2574,18,10,314
0x409840,97.491%,28,1088,1116,977,15,13,111
0x4083d5,65%,28,52,80,50,13,15,2
0x4020fd,91.358%,28,296,324,275,13,15,21
0x409bbc,86.8545%,28,185,213,181,8,20,4
0x40e266,95.679%,28,620,648,573,3,25,47
0x40d62d,97.9167%,27,1269,1296,1139,13,14,130
0x40bcf4,93.3824%,27,381,408,270,14,13,111
0x40f2b3,86.9565%,27,180,207,90,14,13,90
0x40736f,76.9231%,27,90,117,87,17,10,3
0x409b92,98.6437%,26,1891,1917,1688,16,10,203
0x40defd,99.4176%,26,4438,4464,3953,15,11,485
0x40f41e,74.5098%,26,76,102,72,10,16,4
0x40227d,86.8687%,26,172,198,163,13,13,9
0x408837,96.9907%,26,838,864,757,11,15,81
0x4068d3,79.3651%,26,100,126,97,11,15,3
0x4026a5,92.284%,25,299,324,275,13,12,24
0x4089ff,94.7589%,25,452,477,412,12,13,40
0x401f62,96.142%,25,623,648,569,7,18,54
0x409cc8,70.2381%,25,59,84,7,11,14,52
0x408b5a,72.8261%,25,67,92,7,15,10,60
0x403c3c,82.1429%,25,115,140,104,8,17,11
0x4086ee,85.1852%,24,138,162,131,13,11,7
0x412e7c,99.9531%,24,51196,51220,563,21,3,50633
0x4124bf,99.9469%,24,45154,45178,24042,13,11,21112
0x40ead4,98.3539%,24,1434,1458,1284,12,12,150
0x405c10,57.1429%,24,32,56,4,8,16,28
0x406482,54.717%,24,29,53,2,10,14,27
0x40e62a,96.2963%,24,624,648,572,4,20,52
0x40775d,97.2222%,24,840,864,753,15,9,87
0x40a977,92.5926%,24,300,324,281,7,17,19
0x416203,85.8025%,23,139,162,139,5,18,0
0x40f39a,77.451%,23,79,102,78,14,9,1
0x405a3e,85.8025%,23,139,162,130,14,9,9
0x40d19e,93.0931%,23,310,333,284,12,11,26
0x40e061,99.6056%,23,5809,5832,5171,13,10,638
0x401ad6,85.8025%,23,139,162,136,8,15,3
0x40ca9e,85.8025%,23,139,162,136,8,15,3
0x405b65,76.0417%,23,73,96,71,12,11,2
0x409bb7,98.8002%,23,1894,1917,1690,14,9,204
0x409dc4,85.8025%,23,139,162,138,6,17,1
0x40589d,99.2112%,23,2893,2916,2583,9,14,310
0x40daca,69.0141%,22,49,71,45,10,12,4
0x40d3ca,84.7222%,22,122,144,122,6,16,0
0x40280d,82.5397%,22,104,126,98,14,8,6
0x40eb12,86.4198%,22,140,162,133,11,11,7
0x4084d5,82.5397%,22,104,126,103,5,17,1
0x409cdb,96.2963%,22,572,594,515,13,9,57
0x412c00,99.909%,22,24159,24181,1634,15,7,22525
0x410645,99.8672%,22,16548,16570,15763,18,4,785
0x405b5d,97.4537%,22,842,864,758,10,12,84
0x4155fc,95.679%,21,465,486,313,11,10,152
0x40eb5e,87.037%,21,141,162,131,13,8,10
0x40a96b,99.2798%,21,2895,2916,2582,10,11,313
0x4078de,73.75%,21,59,80,3,13,8,56
0x40e8a8,98.5597%,21,1437,1458,1283,13,8,154
0x40f567,91.358%,21,222,243,222,14,7,0
0x40564b,77.1739%,21,71,92,59,9,12,12
0x41298f,99.9127%,21,24023,24044,1528,15,6,22495
0x40689c,60.3774%,21,32,53,32,10,11,0
0x4019b9,87.037%,21,141,162,139,5,16,2
0x40950d,70.1493%,20,47,67,45,7,13,2
0x40d632,86.1111%,20,124,144,124,4,16,0
0x406335,87.6543%,20,142,162,131,13,7,11
0x40ddfd,96.9136%,20,628,648,564,12,8,64
0x409965,83.871%,20,104,124,102,5,15,2
0x40ea00,96.9136%,20,628,648,570,6,14,58
0x40e662,72.2222%,20,52,72,43,5,15,9
0x40d884,71.831%,20,51,71,1,15,5,50
0x40d914,82.906%,20,97,117,94,10,10,3
0x40aada,98.2079%,20,1096,1116,979,13,7,117
0x4104b6,99.6934%,20,6503,6523,4918,10,10,1585
0x408a52,96.0168%,19,458,477,411,13,6,47
0x4061a4,66.0714%,19,37,56,33,10,9,4
0x40d145,64.8148%,19,35,54,0,12,7,35
0x40e71d,97.0679%,19,629,648,568,8,11,61
0x409d70,78.8889%,19,71,90,67,13,6,4
0x407449,94.1358%,19,305,324,283,5,14,22
0x40b570,99.8108%,19,10025,10044,8919,9,10,1106
0x402e2f,70.3125%,19,45,64,25,9,10,20
0x40babf,88.2716%,19,143,162,141,3,16,2
0x40bcdd,98.4921%,19,1241,1260,842,10,9,399
0x409924,98.2975%,19,1097,1116,731,13,6,366
0x409960,98.2975%,19,1097,1116,981,11,8,116
0x406b90,84.6774%,19,105,124,105,6,13,0
0x415d96,47.2222%,19,17,36,7,17,2,10
0x407765,80.2083%,19,77,96,4,13,6,73
0x40d8e0,58.6957%,19,27,46,26,7,12,1
0x408874,97.8009%,19,845,864,758,10,9,87
0x408879,80.2083%,19,77,96,73,8,11,4
0x410b2e,99.9842%,18,113599,113617,75433,16,2,38166
0x40acc3,98.3871%,18,1098,1116,989,3,15,109
0x4089f0,73.1343%,18,49,67,7,7,11,42
0x401b23,88.8889%,18,144,162,131,13,5,13
0x45c353,98.9349%,18,1672,1690,0,0,18,1672
0x41322c,99.8727%,18,14118,14136,4568,9,9,9550
0x40d1cf,84.6154%,18,99,117,90,14,4,9
0x40e92a,88.8889%,18,144,162,132,12,6,12
0x40b57b,98.3871%,18,1098,1116,989,3,15,109
0x411740,99.9843%,17,108569,108586,123,13,4,108446
0x4108f6,99.8547%,17,11684,11701,6679,7,10,5005
0x408b27,91.4141%,17,181,198,166,10,7,15
0x407a6d,86.5079%,17,109,126,105,7,10,4
0x406b8b,98.4767%,17,1099,1116,983,9,8,116
0x412884,99.9624%,17,45145,45162,7,10,7,45138
0x4019ad,98.834%,17,1441,1458,1288,8,9,153
0x406b35,98.4767%,17,1099,1116,735,9,8,364
0x40e8b4,89.5062%,17,145,162,141,3,14,4
0x40763c,89.5062%,17,145,162,134,10,7,11
0x40e1e0,99.7085%,17,5815,5832,5176,8,9,639
0x402e9d,81.1111%,17,73,90,65,15,2,8
0x408b40,74.2424%,17,49,66,12,10,7,37
0x412113,99.9803%,16,81214,81230,39,12,4,81175
0x41a638,95.0617%,16,308,324,282,6,10,26
0x4057b5,55.5556%,16,20,36,16,8,8,4
0x412b00,99.9803%,16,81198,81214,43,6,10,81155
0x40bf9f,99.4034%,16,2666,2682,2372,12,4,294
0x40ced6,88.8889%,16,128,144,128,3,13,0
0x41ac53,99.8943%,16,15122,15138,8620,4,12,6502
0x40645c,83.3333%,16,80,96,80,5,11,0
0x4134b7,99.7543%,16,6496,6512,4913,10,6,1583
0x40cbe7,99.4513%,16,2900,2916,2584,8,8,316
0x4035c3,94.4444%,16,272,288,0,0,16,272
0x40d8db,96.3768%,15,399,414,359,9,6,40
0x40d37d,72.2222%,15,39,54,36,5,10,3
0x406b46,95.9677%,15,357,372,240,8,7,117
0x40eadd,90.7407%,15,147,162,141,3,12,6
0x403545,95.3704%,15,309,324,280,8,7,29
0x41b3c3,79.1667%,15,57,72,57,7,8,0
0x402ef2,75.8065%,15,47,62,46,10,5,1
0x4033f9,95.3704%,15,309,324,285,3,12,24
0x46fec2,62.5%,15,25,40,22,10,5,3
0x402e51,50%,15,15,30,1,5,10,14
0x40d89e,72.7273%,15,40,55,0,9,6,40
0x40af3a,98.6559%,15,1101,1116,982,10,5,119
0x41b4e4,78.125%,14,50,64,50,14,0,0
0x404045,95.679%,14,310,324,279,9,5,31
0x40b394,98.7455%,14,1102,1116,984,8,6,118
0x40e729,80.5556%,14,58,72,58,6,8,0
0x40a862,90.8497%,14,139,153,134,2,12,5
0x40bc57,91.358%,14,148,162,0,0,14,148
0x410b54,99.9634%,14,38214,38228,11683,7,7,26531
0x412853,99.9488%,14,27307,27321,4,10,4,27303
0x4058a9,95.679%,14,310,324,285,3,11,25
0x402e78,41.6667%,14,10,24,7,7,7,3
0x40199e,91.358%,14,148,162,0,0,14,148
0x408a76,51.8519%,13,14,27,2,6,7,12
0x40cbf3,95.9877%,13,311,324,285,3,10,26
0x41330e,99.9547%,13,28664,28677,19112,6,7,9552
0x40588e,95.9877%,13,311,324,0,0,13,311
0x41292e,99.9902%,13,133289,133302,88153,4,9,45136
0x40ce12,90.9722%,13,131,144,121,7,6,10
0x409d5f,80.303%,13,53,66,50,6,7,3
0x40d1a3,64.8649%,13,24,37,18,6,7,6
0x40c5ef,99.5104%,13,2642,2655,2355,5,8,287
0x409938,96.5054%,13,359,372,241,7,6,118
0x4154b6,91.9753%,13,149,162,0,0,13,149
0x412a5f,99.9807%,13,67490,67503,44995,7,6,22495
0x45c367,99.2308%,13,1677,1690,0,0,13,1677
0x402595,63.8889%,13,23,36,23,9,4,0
0x405b1e,87.5%,12,84,96,0,0,12,84
0x40c8fb,99.548%,12,2643,2655,2350,10,2,293
0x410e52,99.9582%,12,28683,28695,19125,5,7,9558
0x4021d2,94.5455%,12,208,220,208,8,4,0
0x408a57,77.3585%,12,41,53,41,4,8,0
0x402d90,66.6667%,12,24,36,17,7,5,7
0x4130fe,99.9541%,12,26117,26129,5180,6,6,20937
0x408b14,60%,12,18,30,1,7,5,17
0x4079b2,81.25%,12,52,64,1,4,8,51
0x4116c2,99.989%,12,109260,109272,72840,8,4,36420
0x40f72e,55.5556%,12,15,27,13,5,7,2
0x411c1e,99.9966%,12,352979,352991,234806,8,4,118173
0x4015c1,92.5926%,12,150,162,137,7,5,13
0x41ae54,99.6433%,12,3352,3364,1676,6,6,1676
0x406b23,96.7742%,12,360,372,0,0,12,360
0x410f8e,99.9909%,11,120851,120862,80288,5,6,40563
0x4155e6,99.2455%,11,1447,1458,966,6,5,481
0x409c5b,79.6296%,11,43,54,30,6,5,13
0x41249e,99.9918%,11,133327,133338,88174,5,6,45153
0x409df7,79.6296%,11,43,54,41,7,4,2
0x409bf9,54.1667%,11,13,24,11,5,6,2
0x4109f2,99.9269%,11,15034,15045,10025,5,6,5009
0x412a4e,99.9919%,11,134995,135006,67495,8,3,67500
0x41b449,84.7222%,11,61,72,43,5,6,18
0x41139e,99.9933%,11,164132,164143,108831,6,5,55301
0x40de09,84.7222%,11,61,72,61,3,8,0
0x40cf0a,90.5983%,11,106,117,96,8,3,10
0x41155e,99.9966%,11,323236,323247,214779,4,7,108457
0x4030b3,44.4444%,10,8,18,5,7,3,3
0x4055be,72.2222%,10,26,36,25,7,3,1
0x40ea11,86.1111%,10,62,72,62,2,8,0
0x40b7f2,99.1039%,10,1106,1116,983,9,1,123
0x40e2ad,86.1111%,10,62,72,62,2,8,0
0x410cee,99.9917%,10,120888,120898,80308,7,3,40580
0x40224b,64.2857%,10,18,28,4,2,8,14
0x41058d,99.8955%,10,9560,9570,4779,6,4,4781
0x417734,62.963%,10,17,27,16,8,2,1
0x402f0f,44.4444%,10,8,18,8,8,2,0
0x407aa0,68.75%,10,22,32,10,4,6,12
0x409582,44.4444%,10,8,18,6,10,0,2
0x4157b6,99.3141%,10,1448,1458,970,2,8,478
0x404d3c,89.3617%,10,84,94,83,7,3,1
0x40bcc9,97.7578%,10,436,446,0,0,10,436
0x4179e3,56.5217%,10,13,23,9,7,3,4
0x40e146,86.1111%,10,62,72,62,2,8,0
0x412403,99.9779%,10,45168,45178,11,8,2,45157
0x40df9f,86.1111%,10,62,72,62,2,8,0
0x407a87,55%,9,11,20,9,5,4,2
0x40d66e,93.75%,9,135,144,123,5,4,12
0x401dbd,92.1053%,9,105,114,0,0,9,105
0x415435,94.4444%,9,153,162,0,0,9,153
0x417882,66.6667%,9,18,27,0,0,9,18
0x411aed,99.997%,9,303849,303858,151923,6,3,151926
0x402de7,55%,9,11,20,6,6,3,5
0x4124f6,99.9626%,9,24046,24055,1542,5,4,22504
0x401f73,87.5%,9,63,72,63,1,8,0
0x40f2eb,82.3529%,9,42,51,39,5,4,3
0x412e1d,99.9961%,9,232317,232326,116159,4,5,116158
0x41137f,99.9837%,9,55297,55306,0,0,9,55297
0x402754,95.9091%,9,211,220,0,0,9,211
0x45c37b,99.4675%,9,1681,1690,1681,9,0,0
0x4027e0,50%,9,9,18,3,1,8,6
0x414625,75%,9,27,36,27,5,4,0
0x412ccd,99.9933%,9,135183,135192,67590,6,3,67593
0x40340f,75%,9,27,36,27,5,4,0
0x40f1da,50%,9,9,18,9,7,2,0
0x45a275,99.4675%,9,1681,1690,0,0,9,1681
0x41112e,99.9945%,9,164170,164179,108856,3,6,55314
0x403284,50%,9,9,18,9,3,6,0
0x409c15,73.5294%,9,25,34,0,6,3,25
0x40e67f,66.6667%,8,16,24,15,1,7,1
0x41344e,99.9468%,8,15019,15027,10017,1,7,5002
0x41043e,99.9837%,8,48949,48957,32369,4,4,16580
0x407606,55.5556%,8,10,18,0,0,8,10
0x40eb1b,55.5556%,8,10,18,10,6,2,0
0x412c51,99.9882%,8,67588,67596,67588,8,0,0
0x40f432,60%,8,12,20,11,6,2,1
0x458e3e,99.5266%,8,1682,1690,1682,8,0,0
0x408bb9,73.3333%,8,22,30,19,3,5,3
0x4087f8,91.6667%,8,88,96,0,0,8,88
0x46fde4,94.6667%,8,142,150,3,3,5,139
0x4027b2,96.3636%,8,212,220,212,4,4,0
0x41adab,99.9405%,8,13448,13456,13448,8,0,0
0x40eacf,95.0617%,8,154,162,0,0,8,154
0x4177e0,70.3704%,8,19,27,19,5,3,0
0x40f258,63.6364%,8,14,22,0,0,8,14
0x410f4b,99.0533%,8,837,845,0,0,8,837
0x40d561,94.4444%,8,136,144,126,2,6,10
0x4121ae,99.9967%,8,240931,240939,159758,2,6,81173
0x40334d,77.7778%,8,28,36,28,4,4,0
0x402ca5,97.1774%,7,241,248,241,3,4,0
0x405c52,84.0909%,7,37,44,37,4,3,0
0x40561d,80.5556%,7,29,36,27,5,2,2
0x4106ce,99.9857%,7,48914,48921,32349,2,5,16565
0x408a81,63.1579%,7,12,19,12,7,0,0
0x403273,61.1111%,7,11,18,10,4,3,1
0x40cada,61.1111%,7,11,18,10,2,5,1
0x401d08,81.5789%,7,31,38,0,0,7,31
0x408b65,90%,7,63,70,0,0,7,63
0x402ae5,80.5556%,7,29,36,29,3,4,0
0x417924,74.0741%,7,20,27,0,0,7,20
0x417904,74.0741%,7,20,27,20,4,3,0
0x40d414,56.25%,7,9,16,9,5,2,0
0x412cde,99.9896%,7,67589,67596,45059,5,2,22530
0x4157c7,98.5597%,7,479,486,321,3,4,158
0x407a57,58.8235%,7,10,17,0,3,4,10
0x4125dd,99.9948%,7,135041,135048,67519,5,2,67522
0x411d8e,99.9981%,7,365738,365745,243213,4,3,122525
0x411b02,99.9954%,7,151922,151929,101280,6,1,50642
0x408b4b,84.0909%,7,37,44,0,0,7,37
0x41ac79,99.8327%,7,4177,4184,4177,7,0,0
0x41336e,99.9401%,7,11683,11690,6679,2,5,5004
0x40d15f,83.3333%,7,35,42,1,4,3,34
0x40d920,46.1538%,7,6,13,6,2,5,0
0x4109dd,99.9767%,7,30083,30090,15042,3,4,15041
0x4058b5,80.5556%,7,29,36,29,3,4,0
0x46fdd3,95.3333%,7,143,150,0,0,7,143
0x409c20,75%,7,21,28,0,2,5,21
0x412832,99.9845%,7,45169,45176,17851,2,5,27318
0x4126d1,61.1111%,7,11,18,11,5,2,0
0x41260c,99.9845%,7,45171,45178,24664,6,1,20507
0x40d127,87.037%,7,47,54,0,0,7,47
0x40c2a3,99.739%,7,2675,2682,2382,2,5,293
0x40aa14,95.679%,7,155,162,0,0,7,155
0x403015,61.1111%,7,11,18,7,5,2,4
0x41059e,99.8537%,7,4778,4785,3183,7,0,1595
0x4117ee,99.9978%,7,323204,323211,214759,2,5,108445
0x4105c3,99.9581%,7,16687,16694,16687,7,0,0
0x40e705,90.2778%,7,65,72,0,0,7,65
0x40f692,73.0769%,7,19,26,19,5,2,0
0x41267d,99.9845%,7,45171,45178,45171,5,2,0
0x4022cc,78.5714%,6,22,28,20,4,2,2
0x4156eb,98.7654%,6,480,486,0,0,6,480
0x40d1db,53.8462%,6,7,13,5,3,3,2
0x40e17e,99.0741%,6,642,648,0,0,6,642
0x414ffe,66.6667%,6,12,18,12,4,2,0
0x4174d4,33.3333%,6,3,9,3,5,1,0
0x4064d8,0%,6,0,6,0,2,4,0
0x40631e,66.6667%,6,12,18,0,0,6,12
0x4177d3,77.7778%,6,21,27,0,0,6,21
0x40e9e3,99.0741%,6,642,648,0,0,6,642
0x41199e,99.9983%,6,353021,353027,234832,4,2,118189
0x408410,93.75%,6,90,96,0,0,6,90
0x409d32,93.617%,6,88,94,0,0,6,88
0x410961,99.9601%,6,15039,15045,15039,6,0,0
0x406932,66.6667%,6,12,18,12,4,2,0
0x414e6e,66.6667%,6,12,18,12,4,2,0
0x40a983,83.3333%,6,30,36,30,2,4,0
0x410e3d,99.9895%,6,57384,57390,28693,2,4,28691
0x4158e4,96.2963%,6,156,162,156,2,4,0
0x402d9c,50%,6,6,12,5,3,3,1
0x402f3f,66.6667%,6,12,18,11,5,1,1
0x401f30,99.0741%,6,642,648,0,0,6,642
0x40b2cf,96.2963%,6,156,162,0,0,6,156
0x412ca6,99.9911%,6,67590,67596,0,0,6,67590
0x412f5e,99.9961%,6,151902,151908,101269,3,3,50633
0x41088e,99.9947%,6,113647,113653,75467,4,2,38180
0x4040ae,97.9167%,6,282,288,0,0,6,282
0x4063f0,93.75%,6,90,96,0,0,6,90
0x403e6c,83.3333%,6,30,36,30,2,4,0
0x408ba2,66.6667%,6,12,18,11,5,1,1
0x40573c,66.6667%,6,12,18,11,5,1,1
0x40bfcb,97.9866%,6,292,298,0,0,6,292
0x40417c,96.1538%,6,150,156,150,4,2,0
0x413d30,66.6667%,6,12,18,12,4,2,0
0x41127e,99.9905%,6,62841,62847,41893,5,1,20948
0x403290,0%,6,0,6,0,4,2,0
0x46fda7,96.0526%,6,146,152,5,3,3,141
0x4056ff,66.6667%,6,12,18,11,5,1,1
0x401aef,66.6667%,6,12,18,12,4,2,0
0x4031d6,66.6667%,6,12,18,9,3,3,3
0x40ca76,33.3333%,6,3,9,2,4,2,1
0x41ac10,99.8216%,6,3358,3364,1677,5,1,1681
0x406d2d,85.3659%,6,35,41,35,4,2,0
0x40c35d,98.3871%,6,366,372,0,0,6,366
0x4131de,99.9905%,6,62823,62829,41882,4,2,20941
0x407aff,64.7059%,6,11,17,9,3,3,2
0x417931,81.4815%,5,22,27,22,2,3,0
0x4019c5,72.2222%,5,13,18,13,3,2,0
0x4048c9,86.1111%,5,31,36,31,1,4,0
0x40cbc8,86.1111%,5,31,36,0,0,5,31
0x41552b,98.9712%,5,481,486,0,0,5,481
0x40b5a7,95.9677%,5,119,124,0,0,5,119
0x45c9d3,99.7041%,5,1685,1690,0,0,5,1685
0x411eee,99.9957%,5,116179,116184,77453,3,2,38726
0x417892,81.4815%,5,22,27,14,4,1,8
0x415de5,58.3333%,5,7,12,3,1,4,4
0x4125b0,99.9926%,5,67519,67524,0,0,5,67519
0x407922,92.1875%,5,59,64,0,0,5,59
0x4177a3,81.4815%,5,22,27,21,3,2,1
0x40e91b,72.2222%,5,13,18,0,0,5,13
0x41578e,98.9712%,5,481,486,0,0,5,481
0x405c98,37.5%,5,3,8,2,1,4,1
0x4064c2,87.8049%,5,36,41,36,3,2,0
0x415548,98.9712%,5,481,486,0,0,5,481
0x401f94,37.5%,5,3,8,3,1,4,0
0x409ba4,97.6526%,5,208,213,0,0,5,208
0x41056d,99.8955%,5,4780,4785,0,0,5,4780
0x40de9b,98.9919%,5,491,496,0,0,5,491
0x45c3bb,99.7041%,5,1685,1690,0,0,5,1685
0x40e8c0,72.2222%,5,13,18,13,3,2,0
0x4175a4,44.4444%,5,4,9,4,4,1,0
0x46fe6e,37.5%,5,3,8,0,0,5,3
0x40b24f,72.2222%,5,13,18,13,3,2,0
0x40e066,99.2284%,5,643,648,643,5,0,0
0x46fdbc,96.6667%,5,145,150,145,5,0,0
0x410504,99.8955%,5,4780,4785,4780,5,0,0
0x45a86d,99.7041%,5,1685,1690,1685,5,0,0
0x407a7e,64.2857%,5,9,14,0,0,5,9
0x415707,98.9712%,5,481,486,0,0,5,481
0x41124a,99.992%,5,62842,62847,0,0,5,62842
0x40496a,86.1111%,5,31,36,0,0,5,31
0x401b16,72.2222%,5,13,18,0,0,5,13
0x45c38c,99.7041%,5,1685,1690,0,0,5,1685
0x4056cd,72.2222%,5,13,18,13,3,2,0
0x413566,99.8951%,5,4762,4767,0,0,5,4762
0x409912,98.6559%,5,367,372,0,0,5,367
0x401e2c,72.2222%,5,13,18,13,3,2,0
0x412bae,99.9979%,5,240898,240903,159735,3,2,81163
0x415cdf,58.3333%,5,7,12,0,0,5,7
0x40ff91,99.9817%,5,27320,27325,0,0,5,27320
0x40621c,72.2222%,5,13,18,13,3,2,0
0x4131cd,99.996%,5,125653,125658,62828,1,4,62825
0x41482e,58.3333%,5,7,12,6,2,3,1
0x40d308,0%,5,0,5,0,5,0,0
0x4084e1,72.2222%,5,13,18,13,3,2,0
0x46fdac,96.6667%,5,145,150,145,5,0,0
0x40e936,72.2222%,5,13,18,13,3,2,0
0x46fe98,87.5%,5,35,40,0,0,5,35
0x414055,72.2222%,5,13,18,12,4,1,1
0x417792,81.4815%,5,22,27,0,0,5,22
0x40742e,98.4568%,5,319,324,0,0,5,319
0x413ff5,72.2222%,5,13,18,13,3,2,0
0x41110a,99.991%,5,55315,55320,0,0,5,55315
0x403111,72.2222%,5,13,18,12,4,1,1
0x413b86,58.3333%,5,7,12,0,0,5,7
0x417a8b,20%,4,1,5,1,3,1,0
0x41b22e,50%,4,4,8,4,4,0,0
0x40d5df,97.2222%,4,140,144,0,0,4,140
0x4155bf,99.177%,4,482,486,0,0,4,482
0x403266,33.3333%,4,2,6,0,0,4,2
0x409ced,93.9394%,4,62,66,0,0,4,62
0x40f3b3,60%,4,6,10,6,4,0,0
0x417872,55.5556%,4,5,9,0,0,4,5
0x414025,77.7778%,4,14,18,14,2,2,0
0x415cbb,66.6667%,4,8,12,0,0,4,8
0x40e460,99.3827%,4,644,648,0,0,4,644
0x40e568,99.3827%,4,644,648,644,4,0,0
0x405879,88.8889%,4,32,36,0,0,4,32
0x40ca24,96.7742%,4,120,124,120,3,1,0
0x40f2ff,33.3333%,4,2,6,2,0,4,0
0x405a0a,77.7778%,4,14,18,0,0,4,14
0x40eb6a,77.7778%,4,14,18,14,2,2,0
0x407460,0%,4,0,4,0,2,2,0
0x405360,0%,4,0,4,0,0,4,0
0x40acef,96.7742%,4,120,124,0,0,4,120
0x414270,77.7778%,4,14,18,12,4,0,2
0x413151,99.9936%,4,62825,62829,62825,4,0,0
0x41a64a,88.8889%,4,32,36,32,0,4,0
0x41359e,99.9161%,4,4763,4767,3175,3,1,1588
0x4073aa,77.7778%,4,14,18,14,2,2,0
0x40c927,98.6441%,4,291,295,0,0,4,291
0x41b1d8,50%,4,4,8,0,0,4,4
0x40ca95,55.5556%,4,5,9,5,3,1,0
0x40df02,99.1935%,4,492,496,492,4,0,0
0x41a594,0%,4,0,4,0,0,4,0
0x40cdff,75%,4,12,16,0,0,4,12
0x40f2f5,42.8571%,4,3,7,1,0,4,2
0x41abe6,99.8811%,4,3360,3364,1682,0,4,1678
0x411ffe,99.9989%,4,365705,365709,243193,2,2,122512
0x402c5c,98.3871%,4,244,248,0,0,4,244
0x40a8ad,77.7778%,4,14,18,14,2,2,0
0x4152f8,97.5309%,4,158,162,0,0,4,158
0x40cbff,88.8889%,4,32,36,32,0,4,0
0x402ece,77.7778%,4,14,18,14,2,2,0
0x40285c,77.7778%,4,14,18,13,1,3,1
0x40f745,55.5556%,4,5,9,5,1,3,0
0x410e10,99.9861%,4,28691,28695,0,0,4,28691
0x40ea92,66.6667%,4,8,12,5,1,3,3
0x40dde9,94.4444%,4,68,72,0,0,4,68
0x411966,99.7413%,4,1542,1546,0,0,4,1542
0x415da7,66.6667%,4,8,12,7,1,3,1
0x409845,96.7742%,4,120,124,0,0,4,120
0x40cbd8,98.7654%,4,320,324,0,0,4,320
0x411edd,99.9983%,4,232364,232368,116182,2,2,116182
0x40ce88,97.2222%,4,140,144,0,0,4,140
0x4030a2,77.7778%,4,14,18,11,3,1,3
0x415166,77.7778%,4,14,18,12,4,0,2
0x41343d,99.9867%,4,30050,30054,15026,1,3,15024
0x40d866,94.3662%,4,67,71,0,0,4,67
0x4020bb,88.8889%,4,32,36,0,0,4,32
0x46fed8,50%,4,4,8,4,2,2,0
0x414726,66.6667%,4,8,12,0,0,4,8
0x40401c,88.8889%,4,32,36,0,0,4,32
0x40e9d8,94.4444%,4,68,72,0,0,4,68
0x40b885,96.7742%,4,120,124,120,3,1,0
0x40e44b,99.3827%,4,644,648,0,0,4,644
0x4179f0,42.8571%,4,3,7,3,2,2,0
0x41309e,99.9963%,4,109250,109254,72833,3,1,36417
0x4031f5,33.3333%,4,2,6,1,3,1,1
0x41358d,99.958%,4,9530,9534,4764,3,1,4766
0x41789f,55.5556%,4,5,9,3,3,1,2
0x411f12,99.9967%,4,122619,122623,122619,4,0,0
0x407455,88.8889%,4,32,36,32,0,4,0
0x41b25d,75%,4,12,16,5,3,1,7
0x40219c,98.1818%,4,216,220,0,0,4,216
0x4179d3,83.3333%,4,20,24,0,1,3,20
0x412372,99.9941%,4,67613,67617,45076,2,2,22537
0x40497f,88.8889%,4,32,36,0,0,4,32
0x410a16,99.9895%,4,38240,38244,38240,4,0,0
0x41235d,99.997%,4,135230,135234,67614,3,1,67616
0x40f593,42.8571%,4,3,7,2,3,1,1
0x4097f3,96.7742%,4,120,124,0,0,4,120
0x412e2e,99.9966%,4,116159,116163,77440,2,2,38719
0x40f124,77.7778%,4,14,18,14,2,2,0
0x4079c7,40%,3,2,5,0,0,3,2
0x40f39f,70%,3,7,10,7,0,3,0
0x4015d6,83.3333%,3,15,18,15,1,2,0
0x40534a,25%,3,1,4,0,0,3,1
0x45c9ec,99.8225%,3,1687,1690,1687,3,0,0
0x41b2ab,62.5%,3,5,8,0,0,3,5
0x4132fd,99.9948%,3,57351,57354,28675,2,1,28676
0x406d49,25%,3,1,4,0,2,1,1
0x411d6a,99.9976%,3,122525,122528,0,0,3,122525
0x417806,0%,3,0,3,0,0,3,0
0x41b4df,87.5%,3,21,24,5,3,0,16
0x4157d5,98.1481%,3,159,162,0,0,3,159
0x458d6d,99.8225%,3,1687,1690,0,0,3,1687
0x406abd,97.5806%,3,121,124,0,0,3,121
0x41ab81,99.8216%,3,1679,1682,0,0,3,1679
0x458e0f,99.8225%,3,1687,1690,1687,3,0,0
0x40aade,97.5806%,3,121,124,0,0,3,121
0x41a4c0,25%,3,1,4,1,3,0,0
0x401cbf,92.1053%,3,35,38,0,0,3,35
0x46fe4f,62.5%,3,5,8,3,3,0,2
0x40a95c,99.0741%,3,321,324,0,0,3,321
0x407973,94.5455%,3,52,55,52,3,0,0
0x411631,99.9973%,3,109269,109272,109269,3,0,0
0x40bae1,83.3333%,3,15,18,15,1,2,0
0x402102,91.6667%,3,33,36,0,0,3,33
0x41086a,99.9921%,3,38179,38182,0,0,3,38179
0x410f62,99.9926%,3,40566,40569,0,0,3,40566
0x40ea3f,62.5%,3,5,8,0,2,1,5
0x41126d,99.9976%,3,125691,125694,62846,1,2,62845
0x4110f6,99.8316%,3,1778,1781,0,0,3,1778
0x45c9ca,99.8225%,3,1687,1690,0,0,3,1687
0x4112a5,99.9946%,3,55393,55396,55393,3,0,0
0x40c889,98.9831%,3,292,295,0,0,3,292
0x402eb9,83.3333%,3,15,18,0,0,3,15
0x41b250,81.25%,3,13,16,0,0,3,13
0x410b02,99.9921%,3,38165,38168,0,0,3,38165
0x4133c1,99.98%,3,15024,15027,15024,3,0,0
0x401d72,92.1053%,3,35,38,0,0,3,35
0x40571c,83.3333%,3,15,18,14,2,1,1
0x40bf2a,98.9933%,3,295,298,0,0,3,295
0x4031b9,50%,3,3,6,0,0,3,3
0x40da23,40%,3,2,5,0,0,3,2
0x40c33a,97.5806%,3,121,124,0,0,3,121
0x40c57a,98.9831%,3,292,295,0,0,3,292
0x40302b,50%,3,3,6,3,1,2,0
0x46fe67,62.5%,3,5,8,0,0,3,5
0x413511,99.9371%,3,4764,4767,4764,3,0,0
0x415107,83.3333%,3,15,18,13,3,0,2
0x403423,25%,3,1,4,0,0,3,1
0x40ca7f,57.1429%,3,4,7,4,3,0,0
0x407aab,83.3333%,3,15,18,0,0,3,15
0x4178f3,88.8889%,3,24,27,0,0,3,24
0x41621d,83.3333%,3,15,18,13,3,0,2
0x41b16f,62.5%,3,5,8,0,0,3,5
0x458d59,99.8225%,3,1687,1690,0,0,3,1687
0x40e7ee,62.5%,3,5,8,5,1,2,0
0x4086b8,83.3333%,3,15,18,0,0,3,15
0x410856,99.6641%,3,890,893,0,0,3,890
0x411d56,99.8369%,3,1836,1839,0,0,3,1836
0x40883c,96.875%,3,93,96,0,0,3,93
0x40eb54,83.3333%,3,15,18,0,0,3,15
0x4057c6,75%,3,9,12,6,2,1,3
0x410aeb,99.6618%,3,884,887,0,0,3,884
0x411bdb,99.8052%,3,1537,1540,0,0,3,1537
0x407413,91.6667%,3,33,36,0,0,3,33
0x4128ef,99.8594%,3,2130,2133,0,0,3,2130
0x45a235,99.8225%,3,1687,1690,0,0,3,1687
0x404aa0,91.6667%,3,33,36,0,0,3,33
0x41b01e,62.5%,3,5,8,5,3,0,0
0x407641,83.3333%,3,15,18,0,0,3,15
0x410e76,99.9926%,3,40701,40704,40701,3,0,0
0x411eba,99.9974%,3,116181,116184,0,0,3,116181
0x4122e1,99.9956%,3,67614,67617,67614,3,0,0
0x408a96,62.5%,3,5,8,0,0,3,5
0x413281,99.9895%,3,28674,28677,28674,3,0,0
0x4125f2,99.9956%,3,67521,67524,45013,3,0,22508
0x40b398,97.5806%,3,121,124,0,0,3,121
0x412a20,99.9956%,3,67500,67503,0,0,3,67500
0x46fdfa,98%,3,147,150,147,3,0,0
0x413caa,25%,3,1,4,1,1,2,0
0x40cb72,50%,2,2,4,0,0,2,2
0x412330,99.997%,2,67615,67617,0,0,2,67615
0x406b4e,98.3871%,2,122,124,0,0,2,122
0x406b57,98.3871%,2,122,124,0,0,2,122
0x41afa6,75%,2,6,8,0,0,2,6
0x40ba10,33.3333%,2,1,3,1,2,0,0
0x402da1,50%,2,2,4,0,0,2,2
0x4116e9,99.9982%,2,108600,108602,108600,2,0,0
0x402688,94.4444%,2,34,36,0,0,2,34
0x401eb4,75%,2,6,8,0,0,2,6
0x40198b,88.8889%,2,16,18,0,0,2,16
0x40e984,75%,2,6,8,0,0,2,6
0x40e898,98.7654%,2,160,162,0,0,2,160
0x41b4b7,75%,2,6,8,6,2,0,0
0x405ca7,60%,2,3,5,3,2,0,0
0x41308d,99.9991%,2,218506,218508,109252,2,0,109254
0x40633a,88.8889%,2,16,18,0,0,2,16
0x40c623,99.322%,2,293,295,0,0,2,293
0x41af9a,75%,2,6,8,0,0,2,6
0x404385,0%,2,0,2,0,0,2,0
0x408b81,90.9091%,2,20,22,19,1,1,1
0x41b015,75%,2,6,8,0,0,2,6
0x414d9b,50%,2,2,4,2,0,2,0
0x41b46f,91.6667%,2,22,24,0,0,2,22
0x402f6e,0%,2,0,2,0,0,2,0
0x40dd9d,75%,2,6,8,0,0,2,6
0x401f1b,97.2222%,2,70,72,0,0,2,70
0x4052c1,50%,2,2,4,0,0,2,2
0x4116ad,99.9991%,2,218542,218544,109271,1,1,109271
0x412466,99.9065%,2,2137,2139,0,0,2,2137
0x405638,50%,2,2,4,1,1,1,1
0x41768b,33.3333%,2,1,3,1,2,0,0
0x4058c6,50%,2,2,4,2,0,2,0
0x410689,99.7465%,2,787,789,0,0,2,787
0x40eac7,88.8889%,2,16,18,0,0,2,16
0x458d75,99.8817%,2,1688,1690,0,0,2,1688
0x412f4d,99.9993%,2,303814,303816,151908,0,2,151906
0x41b178,75%,2,6,8,0,0,2,6
0x40af66,98.3871%,2,122,124,0,0,2,122
0x40cb1f,66.6667%,2,4,6,4,0,2,0
0x4129d1,99.997%,2,67501,67503,67501,2,0,0
0x40db5c,87.5%,2,14,16,14,0,2,0
0x410cca,99.9951%,2,40581,40583,0,0,2,40581
0x40f578,71.4286%,2,5,7,3,2,0,2
0x4132d8,99.993%,2,28675,28677,0,0,2,28675
0x41b596,75%,2,6,8,0,0,2,6
0x45c3c7,99.8817%,2,1688,1690,0,0,2,1688
0x40354a,94.4444%,2,34,36,0,0,2,34
0x4117ab,99.9065%,2,2137,2139,0,0,2,2137
0x41aaec,99.8811%,2,1680,1682,0,0,2,1680
0x40eb20,0%,2,0,2,0,0,2,0
0x405a46,88.8889%,2,16,18,0,0,2,16
0x413418,99.9867%,2,15025,15027,0,0,2,15025
0x40f766,33.3333%,2,1,3,1,2,0,0
0x412712,0%,2,0,2,0,0,2,0
0x458da8,99.8817%,2,1688,1690,0,0,2,1688
0x40eb72,0%,2,0,2,0,2,0,0
0x45c3ac,99.8817%,2,1688,1690,1688,2,0,0
0x40a94c,94.4444%,2,34,36,0,0,2,34
0x411ac0,99.9987%,2,151927,151929,0,0,2,151927
0x411fdd,99.9984%,2,122512,122514,0,0,2,122512
0x40450c,0%,2,0,2,0,0,2,0
0x411e51,99.9983%,2,116182,116184,116182,2,0,0
0x41b5a8,75%,2,6,8,0,0,2,6
0x40ba93,33.3333%,2,1,3,1,1,1,0
0x405823,50%,2,2,4,0,0,2,2
0x4117bf,99.9982%,2,108448,108450,0,0,2,108448
0x40ba21,33.3333%,2,1,3,1,1,1,0
0x411a71,99.9987%,2,151927,151929,151927,2,0,0
0x40f315,33.3333%,2,1,3,1,1,1,0
0x415670,98.7654%,2,160,162,0,0,2,160
0x40e88d,88.8889%,2,16,18,0,0,2,16
0x40eaeb,88.8889%,2,16,18,16,0,2,0
0x458dc9,99.8817%,2,1688,1690,1688,2,0,0
0x4111e1,99.9968%,2,62845,62847,62845,2,0,0
0x401b2c,88.8889%,2,16,18,16,0,2,0
0x4033d1,99.3827%,2,322,324,0,0,2,322
0x40f446,33.3333%,2,1,3,0,0,2,1
0x40f309,50%,2,2,4,0,1,1,2
0x40cc13,50%,2,2,4,1,1,1,1
0x4146ca,94.4444%,2,34,36,22,2,0,12
0x41136b,99.8873%,2,1773,1775,0,0,2,1773
0x411b29,99.9983%,2,118331,118333,118331,2,0,0
0x41247a,99.9956%,2,45157,45159,0,0,2,45157
0x41a512,50%,2,2,4,0,0,2,2
0x40b849,98.3871%,2,122,124,0,0,2,122
0x458d97,99.8817%,2,1688,1690,0,0,2,1688
0x41470a,83.3333%,2,10,12,0,0,2,10
0x40aa69,98.3871%,2,122,124,0,0,2,122
0x41774a,33.3333%,2,1,3,1,2,0,0
0x412ac8,99.9975%,2,81212,81214,0,0,2,81212
0x413fa9,0%,2,0,2,0,0,2,0
0x41a522,50%,2,2,4,0,0,2,2
0x41041a,99.9879%,2,16582,16584,0,0,2,16582
0x4179c4,75%,2,6,8,0,0,2,6
0x45c9e3,99.8817%,2,1688,1690,0,0,2,1688
0x417634,60%,2,3,5,2,0,2,1
0x415813,98.4962%,2,131,133,0,0,2,131
0x41a4bb,50%,2,2,4,0,0,2,2
0x408ba7,0%,2,0,2,0,0,2,0
0x415b4a,50%,2,2,4,2,2,0,0
0x412b7d,99.9975%,2,81163,81165,0,0,2,81163
0x415db0,50%,2,2,4,2,2,0,0
0x41b15e,75%,2,6,8,0,0,2,6
0x407a92,66.6667%,2,4,6,0,0,2,4
0x41a5b1,50%,2,2,4,0,0,2,2
0x40563c,0%,2,0,2,0,0,2,0
0x45a20a,99.8817%,2,1688,1690,0,0,2,1688
0x4141b4,66.6667%,2,4,6,2,2,0,2
0x45c3d5,99.8817%,2,1688,1690,0,0,2,1688
0x41a615,94.4444%,2,34,36,0,0,2,34
0x40e81e,0%,2,0,2,0,0,2,0
0x41153a,99.9982%,2,108462,108464,0,0,2,108462
0x4148bc,50%,2,2,4,0,0,2,2
0x40a992,50%,2,2,4,2,0,2,0
0x4149e1,50%,2,2,4,0,0,2,2
0x402289,95.4545%,1,21,22,21,1,0,0
0x4173d4,66.6667%,1,2,3,2,0,1,0
0x40f5ec,0%,1,0,1,0,1,0,0
0x413f9b,50%,1,1,2,1,1,0,0
0x40b9a6,0%,1,0,1,0,0,1,0
0x406d65,50%,1,1,2,1,1,0,0
0x40404a,97.2222%,1,35,36,0,0,1,35
0x40b9fe,66.6667%,1,2,3,1,1,0,1
0x40b73d,99.1935%,1,123,124,0,0,1,123
0x414a06,75%,1,3,4,0,0,1,3
0x4174e7,0%,1,0,1,0,0,1,0
0x41ac15,99.9405%,1,1681,1682,0,0,1,1681
0x408452,98.9583%,1,95,96,95,1,0,0
0x407ac7,92.8571%,1,13,14,13,1,0,0
0x40ba30,0%,1,0,1,0,0,1,0
0x412b69,99.9614%,1,2591,2592,0,0,1,2591
0x40ae85,99.1935%,1,123,124,0,0,1,123
0x45a255,99.9408%,1,1689,1690,0,0,1,1689
0x405429,75%,1,3,4,0,0,1,3
0x417424,0%,1,0,1,0,0,1,0
0x40c22e,99.6644%,1,297,298,0,0,1,297
0x45a267,99.9408%,1,1689,1690,1689,1,0,0
0x45c3a3,99.9408%,1,1689,1690,0,0,1,1689
0x412df6,99.9991%,1,116162,116163,0,0,1,116162
0x415bf8,75%,1,3,4,3,1,0,0
0x40f3a4,66.6667%,1,2,3,2,1,0,0
0x4098af,99.1935%,1,123,124,0,0,1,123
0x458d63,99.9408%,1,1689,1690,0,0,1,1689
0x41b2b6,87.5%,1,7,8,7,1,0,0
0x402819,92.8571%,1,13,14,13,1,0,0
0x40a8f6,75%,1,3,4,0,0,1,3
0x41b181,87.5%,1,7,8,7,1,0,0
0x413640,75%,1,3,4,0,0,1,3
0x41b0e0,87.5%,1,7,8,0,0,1,7
0x40b8ec,0%,1,0,1,0,1,0,0
0x40ea8d,83.3333%,1,5,6,0,0,1,5
0x458dba,99.9408%,1,1689,1690,0,0,1,1689
0x40f5ce,0%,1,0,1,0,0,1,0
0x410cb6,99.8825%,1,850,851,0,0,1,850
0x413c8f,91.6667%,1,11,12,7,1,0,4
0x411526,99.9534%,1,2144,2145,0,0,1,2144
0x410dc1,99.9965%,1,28694,28695,28694,1,0,0
0x40b81e,99.1935%,1,123,124,0,0,1,123
0x402ea9,90%,1,9,10,8,0,1,1
0x41afe7,87.5%,1,7,8,7,1,0,0
0x417a0c,50%,1,1,2,0,0,1,1
0x40d2da,80%,1,4,5,0,0,1,4
0x40d566,93.75%,1,15,16,0,0,1,15
0x45c3d0,99.9408%,1,1689,1690,0,0,1,1689
0x41306c,99.9991%,1,109253,109254,0,0,1,109253
0x4064e7,75%,1,3,4,3,1,0,0
0x41b00c,87.5%,1,7,8,0,0,1,7
0x417aab,66.6667%,1,2,3,2,1,0,0
0x40d761,93.75%,1,15,16,0,0,1,15
0x41739b,66.6667%,1,2,3,2,1,0,0
0x414202,75%,1,3,4,2,0,1,1
0x40f5dd,0%,1,0,1,0,0,1,0
0x40eb0d,94.4444%,1,17,18,0,0,1,17
0x40e6b0,87.5%,1,7,8,7,1,0,0
0x409d0d,98.1132%,1,52,53,0,0,1,52
0x412903,99.9978%,1,45144,45145,0,0,1,45144
0x4026aa,97.2222%,1,35,36,0,0,1,35
0x412ed1,99.9993%,1,151907,151908,151907,1,0,0
0x4141ca,50%,1,1,2,1,1,0,0
0x40d001,92.3077%,1,12,13,0,0,1,12
0x41a53e,75%,1,3,4,0,0,1,3
0x41218a,99.9988%,1,81178,81179,0,0,1,81178
0x416240,50%,1,1,2,0,0,1,1
0x40dfee,99.8457%,1,647,648,0,0,1,647
0x40af91,99.1935%,1,123,124,0,0,1,123
0x415dd8,91.6667%,1,11,12,0,0,1,11
0x40369c,99.2857%,1,139,140,139,1,0,0
0x40d546,93.75%,1,15,16,0,0,1,15
0x413770,75%,1,3,4,0,0,1,3
0x41ab0a,99.9405%,1,1681,1682,0,0,1,1681
0x40f57e,50%,1,1,2,1,1,0,0
0x4140b8,83.3333%,1,5,6,4,0,1,1
0x412f2c,99.9993%,1,151907,151908,0,0,1,151907
0x4030bf,83.3333%,1,5,6,3,1,0,2
0x458e39,99.9408%,1,1689,1690,0,0,1,1689
0x4131ac,99.9984%,1,62828,62829,0,0,1,62828
0x41b3d7,87.5%,1,7,8,7,1,0,0
0x40bab6,66.6667%,1,2,3,1,1,0,1
0x40b324,99.1935%,1,123,124,0,0,1,123
0x40ea44,83.3333%,1,5,6,0,0,1,5
0x413619,75%,1,3,4,2,0,1,1
0x401b08,50%,1,1,2,0,0,1,1
0x40f59e,50%,1,1,2,1,0,1,0
0x40ac6a,99.1935%,1,123,124,0,0,1,123
0x403376,75%,1,3,4,0,0,1,3
0x410406,99.8742%,1,794,795,0,0,1,794
0x40c2cf,99.6644%,1,297,298,0,0,1,297
0x40f6a1,50%,1,1,2,0,1,0,1
0x40c9a2,99.1935%,1,123,124,123,1,0,0
0x40ca20,99.1935%,1,123,124,0,0,1,123
0x41a5a2,75%,1,3,4,3,1,0,0
0x41a530,75%,1,3,4,0,0,1,3
0x41a475,75%,1,3,4,0,0,1,3
0x40b995,0%,1,0,1,0,0,1,0
0x405672,50%,1,1,2,1,1,0,0
0x40f6b1,100%,0,1,1,1,0,0,0
0x415c10,100%,0,4,4,0,0,0,4
0x417a22,100%,0,2,2,0,0,0,2
0x415d63,100%,0,12,12,0,0,0,12
0x40f5a8,100%,0,1,1,0,0,0,1
0x415016,100%,0,2,2,2,0,0,0
0x40994d,100%,0,124,124,0,0,0,124
0x41ab24,100%,0,1682,1682,1682,0,0,0
0x40eb00,100%,0,2,2,0,0,0,2
0x41abd9,100%,0,1682,1682,0,0,0,1682
0x40afcd,100%,0,124,124,124,0,0,0
0x40ce17,100%,0,16,16,0,0,0,16
0x402d0d,100%,0,4,4,0,0,0,4
0x40b522,100%,0,124,124,0,0,0,124
0x4045e0,100%,0,2,2,2,0,0,0
0x40b896,100%,0,1,1,0,0,0,1
0x40311e,100%,0,2,2,0,0,0,2
0x40bd0d,100%,0,372,372,0,0,0,372
0x412176,100%,0,2598,2598,0,0,0,2598
0x40e1e5,100%,0,648,648,648,0,0,0
0x412da1,100%,0,116163,116163,116163,0,0,0
0x411680,100%,0,109272,109272,0,0,0,109272
0x40ba41,100%,0,1,1,0,0,0,1
0x458de7,100%,0,1690,1690,0,0,0,1690
0x4173dd,100%,0,1,1,1,0,0,0
0x41795b,100%,0,3,3,0,0,0,3
0x409d75,100%,0,10,10,10,0,0,0
0x4109b0,100%,0,15045,15045,0,0,0,15045
0x458d85,100%,0,1690,1690,0,0,0,1690
0x41b348,100%,0,8,8,0,0,0,8
0x4045cf,100%,0,2,2,0,0,0,2
0x40ca7a,100%,0,3,3,2,0,0,1
0x46fe2a,100%,0,8,8,6,0,0,2
0x4073bd,100%,0,4,4,0,0,0,4
0x40e73a,100%,0,8,8,0,0,0,8
0x41069d,100%,0,16570,16570,0,0,0,16570
0x41b281,100%,0,8,8,8,0,0,0
0x41b506,100%,0,8,8,8,0,0,0
0x41a667,100%,0,4,4,4,0,0,0
0x40f5bb,100%,0,1,1,0,0,0,1
0x4174dd,100%,0,1,1,0,0,0,1
0x40eaa1,100%,0,6,6,6,0,0,0
0x405513,100%,0,4,4,4,0,0,0
0x414c85,100%,0,4,4,0,0,0,4
0x414135,100%,0,6,6,4,0,0,2
0x41aafc,100%,0,1682,1682,0,0,0,1682
0x4159e0,100%,0,4,4,0,0,0,4
0x40193f,100%,0,2,2,0,0,0,2
0x404f46,100%,0,4,4,0,0,0,4
0x4086f3,100%,0,18,18,0,0,0,18
0x40baa5,100%,0,3,3,3,0,0,0
0x40e8d2,100%,0,2,2,0,0,0,2
0x413a10,100%,0,4,4,0,0,0,4
0x45a30d,100%,0,1690,1690,0,0,0,1690
0x40541f,100%,0,4,4,0,0,0,4
0x413629,100%,0,2,2,0,0,0,2
0x41b59e,100%,0,8,8,0,0,0,8
0x412821,100%,0,2,2,0,0,0,2
0x41b26f,100%,0,8,8,8,0,0,0
0x413795,100%,0,4,4,0,0,0,4
0x41b116,100%,0,8,8,8,0,0,0
0x41b124,100%,0,8,8,8,0,0,0
0x41b0d7,100%,0,8,8,0,0,0,8
0x408a04,100%,0,53,53,53,0,0,0
0x458e2f,100%,0,1690,1690,1690,0,0,0
0x41afda,100%,0,8,8,8,0,0,0
0x413cc5,100%,0,2,2,0,0,0,2
0x411fc9,100%,0,1833,1833,0,0,0,1833
0x408b38,100%,0,22,22,0,0,0,22
0x40eab8,100%,0,2,2,0,0,0,2
0x41a558,100%,0,4,4,0,0,0,4
0x412561,100%,0,67524,67524,67524,0,0,0
0x411bef,100%,0,118177,118177,0,0,0,118177
0x40da4a,100%,0,5,5,5,0,0,0
0x41197a,100%,0,118191,118191,0,0,0,118191
0x40351d,100%,0,36,36,0,0,0,36
0x4033bb,100%,0,36,36,0,0,0,36
0x413011,100%,0,109254,109254,109254,0,0,0
