Branch PC,Accuracy,Mispredictions,Correct Predictions,Total,dir_t_pred_t,dir_t_pred_nt,dir_nt_pred_t,dir_nt_pred_nt
aggregate,99.1655%,213883,25414952,25628835,15549316,97410,116473,9865636
0x411cdb,96.859%,25766,794559,820325,728249,11427,14339,66310
0x4120ef,97.0221%,18786,612069,630855,559362,7740,11046,52707
0x41104e,97.7125%,17403,743379,760782,673468,7237,10166,69911
0x411480,96.5572%,12863,360755,373618,261453,5931,6932,99302
0x41321e,98.6732%,10093,750632,760725,670840,5382,4711,79792
0x4130f0,97.602%,8958,364603,373561,289642,3899,5059,74961
0x410794,97.2217%,8358,292476,300834,229615,4287,4071,62861
0x412633,96.0975%,8043,198056,206099,38902,4326,3717,159154
0x41ac73,95.3352%,7790,159205,166995,144575,3932,3858,14630
0x412d38,98.8307%,7376,623422,630798,546940,3266,4110,76482
0x4123df,88.6311%,7248,56505,63753,25296,4080,3168,31209
0x4134a1,97.679%,6981,293797,300778,259785,3214,3767,34012
0x410c08,96.6474%,6900,198913,205813,117857,3397,3503,81056
0x41ae23,95.4187%,6829,142232,149061,140308,1523,5306,1924
0x412e6e,99.1904%,6641,813627,820268,722520,3184,3457,91107
0x410341,97.0101%,5378,174493,179871,34909,2926,2452,139584
0x4118ce,99.1164%,3495,392065,395560,299467,1472,2023,92598
0x412fb0,99.1206%,3478,392025,395503,287461,1865,1613,104564
0x41ad1f,95.3081%,3053,62017,65070,56615,1225,1828,5402
0x4135e8,98.8171%,2127,177688,179815,158472,1013,1114,19216
0x41acba,98.9622%,1733,165262,166995,130295,532,1201,34967
0x413360,99.5466%,933,204824,205757,138446,435,498,66378
0x40c657,64.7059%,558,1023,1581,848,206,352,175
0x40c2fb,64.7059%,558,1023,1581,863,191,367,160
0x40c953,64.7691%,557,1024,1581,873,181,376,151
0x40bfff,65.5914%,544,1037,1581,867,187,357,170
0x40bdac,74.8893%,397,1184,1581,63,270,127,1121
0x40c0b8,77.6091%,354,1227,1581,1171,77,277,56
0x409d02,79.0441%,342,1290,1632,549,183,159,741
0x409b7f,75.5636%,336,1039,1375,164,230,106,875
0x401d33,78.2326%,335,1204,1539,278,218,117,926
0x40f66f,86.7297%,323,2111,2434,1937,98,225,174
0x40f2d5,78.4872%,310,1131,1441,1113,87,223,18
0x40de8a,87.0158%,305,2044,2349,431,195,110,1613
0x401ce3,80.2469%,304,1235,1539,354,184,120,881
0x415803,66.2528%,299,587,886,351,165,134,236
0x406cc6,74.8311%,298,886,1184,127,203,95,759
0x40c3fc,81.5307%,292,1289,1581,26,240,52,1263
0x401dc4,81.0916%,291,1248,1539,1030,92,199,218
0x409b47,86.9015%,290,1924,2214,700,139,151,1224
0x40c713,82.0999%,283,1298,1581,1244,71,212,54
0x406c9b,86.9342%,254,1690,1944,645,115,139,1045
0x40bcce,95.6999%,247,5497,5744,11,191,56,5486
0x407353,87.3457%,246,1698,1944,1617,111,135,81
0x40aa4d,95.8086%,240,5486,5726,3,199,41,5483
0x4157fb,66.4326%,239,473,712,21,175,64,452
0x40f702,81.5789%,238,1054,1292,763,101,137,291
0x402c4d,67.7641%,235,494,729,107,95,140,387
0x40b308,96.0223%,228,5504,5732,0,202,26,5504
0x40a83e,89.7019%,228,1986,2214,1899,69,159,87
0x40f6f2,91.1111%,216,2214,2430,1110,107,109,1104
0x4097ea,70.5075%,215,514,729,50,152,63,464
0x409c9f,85.9127%,213,1299,1512,348,122,91,951
0x406a70,71.0562%,211,518,729,52,150,61,466
0x401d41,86.4847%,208,1331,1539,1298,70,138,33
0x409cc8,80.2303%,206,836,1042,172,130,76,664
0x40df85,91.5709%,198,2151,2349,2036,52,146,115
0x415138,74.0741%,189,540,729,444,83,106,96
0x405b15,67.3721%,185,382,567,52,111,74,330
0x40218b,71.6049%,184,464,648,60,121,63,404
0x40840b,69.4885%,173,394,567,50,113,60,344
0x412629,99.7279%,173,63407,63580,11266,96,77,52141
0x407968,65.3144%,171,322,493,130,102,69,192
0x4063e7,70.0176%,170,397,567,51,110,60,346
0x4087ef,70.3704%,168,399,567,59,102,66,340
0x401cf1,89.0838%,168,1371,1539,1310,58,110,61
0x402745,74.537%,165,483,648,82,101,64,401
0x409bbc,84.1998%,155,826,981,803,40,115,23
0x40f685,61.4035%,154,245,399,211,60,94,34
0x41212f,99.7124%,148,51320,51468,50711,31,117,609
0x409d27,87.6151%,148,1047,1195,671,61,87,376
0x409dc4,90.2778%,147,1365,1512,1289,55,92,76
0x411d18,99.7851%,146,67805,67951,67379,33,113,426
0x412660,99.738%,143,54447,54590,51621,44,99,2826
0x40f714,67.5234%,139,289,428,246,42,97,43
0x411b94,99.8104%,139,73179,73318,72905,34,105,274
0x4114c1,99.8701%,138,106096,106234,22217,75,63,83879
0x406ced,84.0749%,136,718,854,569,52,84,149
0x40f41e,71.7573%,135,343,478,335,39,96,8
0x41108f,99.8389%,129,79948,80077,16794,69,60,63154
0x41115f,99.8414%,127,79950,80077,32036,68,59,47914
0x40a88e,83.8134%,118,611,729,605,43,75,6
0x406c35,81.9444%,117,531,648,370,62,55,161
0x4114dd,99.8642%,114,83828,83942,83173,30,84,655
0x41223d,99.8212%,114,63639,63753,24937,59,55,38702
0x401cae,84.6365%,112,617,729,512,46,66,105
0x41515a,84.7737%,111,618,729,610,38,73,8
0x4110ab,99.8276%,109,63105,63214,62728,18,91,377
0x411dc7,99.8648%,109,80540,80649,34463,58,51,46077
0x410fb4,99.871%,109,84394,84503,26921,63,46,57473
0x410c59,99.8711%,109,84450,84559,25975,48,61,58475
0x40f567,91.5895%,109,1187,1296,1186,31,78,1
0x411cfc,99.8673%,107,80542,80649,12634,64,43,67908
0x406482,65.0165%,106,197,303,42,59,47,155
0x4078de,69.6532%,105,241,346,56,58,47,185
0x401de2,79.5322%,105,408,513,289,53,52,119
0x4068d3,82.1869%,101,466,567,446,40,61,20
0x401df5,86.1454%,101,628,729,613,35,66,15
0x41175c,99.8796%,101,83792,83893,83155,23,78,637
0x409574,82.5397%,99,468,567,458,28,71,10
0x401a84,86.4198%,99,630,729,105,66,33,525
0x405c10,68.8889%,98,217,315,48,53,45,169
0x40332e,86.6941%,97,632,729,623,25,72,9
0x402577,85.0309%,97,551,648,533,34,63,18
0x401ad6,86.8313%,96,633,729,601,47,49,32
0x40738b,86.8313%,96,633,729,626,22,74,7
0x410edd,99.8864%,96,84407,84503,25965,50,46,58442
0x4089f0,72.9577%,96,259,355,66,61,35,193
0x416203,86.5169%,96,616,712,616,17,79,0
0x411740,99.9105%,95,106082,106177,22226,58,37,83856
0x409965,82.1632%,94,433,527,414,31,63,19
0x40950d,74.6479%,90,265,355,252,32,58,13
0x4084d5,84.127%,90,477,567,461,25,65,16
0x40d3ca,86.4198%,88,560,648,553,23,65,7
0x405b65,78.2178%,88,316,404,301,34,54,15
0x4083d5,74.5665%,88,258,346,235,32,56,23
0x40473e,86.4198%,88,560,648,547,20,68,13
0x405c4d,95.4829%,87,1839,1926,1653,59,28,186
0x402a91,86.5741%,87,561,648,541,26,61,20
0x409acd,88.3469%,86,652,738,449,43,43,203
0x403c89,87.037%,84,564,648,549,18,66,15
0x404bfc,87.037%,84,564,648,533,34,50,31
0x411c44,99.9122%,83,94481,94564,45320,44,39,49161
0x4061a4,73.9683%,82,233,315,208,38,44,25
0x40d122,95.7225%,82,1835,1917,1659,45,37,176
0x406209,85.7143%,81,486,567,457,29,52,29
0x411923,99.891%,80,73287,73367,72943,21,59,344
0x4107ed,99.8805%,80,66852,66932,11783,41,39,55069
0x40f325,94.5063%,79,1359,1438,918,42,37,441
0x408879,80.7882%,78,328,406,307,28,50,21
0x407765,80.9406%,77,327,404,23,56,21,304
0x4064b6,95.8196%,76,1742,1818,1558,58,18,184
0x40f2a3,94.7953%,75,1366,1441,924,38,37,442
0x40db1a,88.4259%,75,573,648,551,25,50,22
0x40689c,75.5776%,74,229,303,216,25,49,13
0x411f7a,99.891%,74,67828,67902,67376,11,63,452
0x41158a,99.9303%,74,106160,106234,55752,35,39,50408
0x408b40,59.3407%,74,108,182,36,39,35,72
0x406b90,86.148%,73,454,527,440,15,58,14
0x4079ad,96.5038%,73,2015,2088,1818,38,35,197
0x403608,88.8889%,72,576,648,575,18,54,1
0x40565c,88.8889%,72,576,648,40,41,31,536
0x40d861,95.2096%,72,1431,1503,1308,28,44,123
0x4108ba,99.8924%,72,66860,66932,12592,48,24,54268
0x41ad47,99.9018%,71,72229,72300,65037,33,38,7192
0x407aa0,67.1296%,71,145,216,39,46,25,106
0x412113,99.8886%,71,63682,63753,12247,38,33,51435
0x403c3c,70.5882%,70,168,238,154,29,41,14
0x411b78,99.926%,70,94494,94564,21207,39,31,73287
0x40d15f,54%,69,81,150,18,34,35,63
0x40645c,83.2512%,68,338,406,311,33,35,27
0x402e51,64.3979%,68,123,191,39,25,43,84
0x411309,99.915%,68,79952,80020,16830,25,43,63122
0x401dd6,95.5815%,68,1471,1539,995,31,37,476
0x40736f,89.8148%,66,582,648,540,36,30,42
0x40d37d,69.4836%,65,148,213,141,22,43,7
0x402c9d,98.6296%,65,4678,4743,4177,39,26,501
0x40564b,82.1429%,65,299,364,251,32,33,48
0x4119ca,99.9324%,64,94557,94621,45373,31,33,49184
0x40ced6,90.1235%,64,584,648,580,18,46,4
0x41ae1d,99.9549%,64,141767,141831,28863,39,25,112904
0x407ac2,91.7647%,63,702,765,648,32,31,54
0x40d884,62.2754%,63,104,167,11,44,19,93
0x4103a8,99.8335%,63,37772,37835,8342,35,28,29430
0x412024,99.9231%,62,80530,80592,34451,30,32,46079
0x410473,99.8361%,62,37773,37835,9226,33,29,28547
0x40d145,70.892%,62,151,213,19,44,18,132
0x411325,99.9034%,61,63104,63165,62707,14,47,397
0x4089ff,97.0273%,61,1991,2052,1784,40,21,207
0x409c15,77.0677%,61,205,266,10,46,15,195
0x412d46,99.8231%,61,34420,34481,2921,30,31,31499
0x40e107,97.4082%,60,2255,2315,2049,19,41,206
0x406d49,73.0594%,59,160,219,15,27,32,145
0x4113c4,99.9288%,57,79963,80020,32041,23,34,47922
0x404170,96.9106%,57,1788,1845,1620,20,37,168
0x408b7c,91.4414%,57,609,666,567,25,32,42
0x40a862,92.4119%,56,682,738,630,26,30,52
0x404d3c,84.6154%,56,308,364,303,22,34,5
0x40f72e,60%,56,84,140,78,18,38,6
0x40aa5c,98.9862%,56,5468,5524,4974,23,33,494
0x4106ec,99.8544%,55,37724,37779,9190,29,26,28534
0x40279d,98.6858%,55,4130,4185,3689,31,24,441
0x409d5f,92.4863%,55,677,732,596,20,35,81
0x40f2b3,94.3867%,54,908,962,446,35,19,462
0x402e2f,80.3704%,53,217,270,54,25,28,163
0x409c5b,89.4841%,53,451,504,300,36,17,151
0x401412,81.0036%,53,226,279,188,27,26,38
0x410809,99.9038%,53,55055,55108,54812,9,44,243
0x406d2d,77.2532%,53,180,233,170,19,34,10
0x40ca9e,92.7298%,53,676,729,630,18,35,46
0x408b5a,62.3188%,52,86,138,52,22,30,34
0x40f39a,89.1213%,52,426,478,425,19,33,1
0x406335,92.8669%,52,677,729,620,28,24,57
0x409cdb,99.2192%,52,6608,6660,5884,36,16,724
0x4040f5,92.1296%,51,597,648,593,12,39,4
0x403690,97.6657%,50,2092,2142,1885,19,31,207
0x40d632,92.284%,50,598,648,597,11,39,1
0x41295a,99.8295%,50,29270,29320,17235,17,33,12035
0x417634,81.6176%,50,222,272,3,32,18,219
0x406d21,97.6156%,50,2047,2097,1836,28,22,211
0x4040f0,99.1598%,49,5783,5832,5169,15,34,614
0x410ef9,99.9179%,48,58440,58488,58253,13,35,187
0x409bf9,65.2174%,48,90,138,62,18,30,28
0x411814,99.9548%,48,106129,106177,55715,32,16,50414
0x40f2eb,80.083%,48,193,241,187,20,28,6
0x4046f4,77.0732%,47,158,205,147,15,32,11
0x40641f,98.7137%,47,3607,3654,3220,28,19,387
0x4086ee,93.5528%,47,682,729,623,25,22,59
0x40b317,99.1501%,47,5483,5530,4986,17,30,497
0x40e266,97.9837%,47,2284,2331,2068,6,41,216
0x40e792,94.8373%,46,845,891,756,36,10,89
0x40bcf4,97.4157%,46,1734,1780,1236,17,29,498
0x40babf,93.69%,46,683,729,632,16,30,51
0x40844d,98.7349%,46,3590,3636,3201,31,15,389
0x40e9f4,99.7824%,46,21095,21141,18773,19,27,2322
0x407a6d,94.1176%,45,720,765,657,23,22,63
0x401420,83.871%,45,234,279,222,26,19,12
0x409b92,99.4903%,45,8784,8829,7826,22,23,958
0x412645,99.973%,44,162827,162871,8977,13,31,153850
0x40c9fb,84.2294%,44,235,279,114,17,27,121
0x40d62d,99.2627%,43,5789,5832,5164,20,23,625
0x409d70,95.8812%,43,1001,1044,902,26,17,99
0x417a8b,84.1912%,43,229,272,229,13,30,0
0x4173d4,69.2857%,43,97,140,96,13,30,1
0x4103c4,99.854%,43,29415,29458,29203,13,30,212
0x408b27,93.7135%,43,641,684,585,23,20,56
0x40791d,97.9885%,42,2046,2088,1828,28,14,218
0x412276,99.832%,42,24954,24996,3989,22,20,20965
0x408a57,82.0175%,41,187,228,183,10,31,4
0x40defd,99.7356%,41,15466,15507,13767,17,24,1699
0x4013c2,85.3047%,41,238,279,229,17,24,9
0x40ced1,99.3141%,40,5792,5832,5165,19,21,627
0x410d56,99.852%,40,26984,27024,3323,20,20,23661
0x401f62,98.2971%,40,2309,2349,2081,7,33,228
0x411e06,99.887%,39,34482,34521,2945,22,17,31537
0x40e62a,98.2651%,39,2209,2248,1984,16,23,225
0x4013d0,86.0215%,39,240,279,233,15,24,7
0x408874,98.9327%,39,3615,3654,3221,27,12,394
0x40eb12,94.6502%,39,690,729,627,21,18,63
0x40b22f,94.6502%,39,690,729,634,14,25,56
0x40763c,94.6502%,39,690,729,631,17,22,59
0x40d19e,95.5782%,39,843,882,759,25,14,84
0x40bcdd,99.2963%,39,5503,5542,3743,19,20,1760
0x40daca,77.2455%,38,129,167,111,16,22,18
0x40afcd,92.7757%,38,488,526,488,7,31,0
0x401f4f,99.8203%,38,21103,21141,18769,23,15,2334
0x412884,99.8704%,38,29282,29320,4795,16,22,24487
0x40ee5c,76.5432%,38,124,162,121,14,24,3
0x4079b2,83.6207%,38,194,232,13,23,15,181
0x4058a9,94.7874%,38,691,729,637,11,27,54
0x401f73,85.8238%,37,224,261,224,8,29,0
0x40e2ad,85.8238%,37,224,261,224,8,29,0
0x40ef3e,84.7107%,37,205,242,205,11,26,0
0x40c9a2,92.9791%,37,490,527,486,10,27,4
0x40b885,92.9658%,37,489,526,489,6,31,0
0x40227d,85.7143%,36,216,252,202,22,14,14
0x40e67f,58.6207%,36,51,87,45,13,23,6
0x408b14,72.093%,36,93,129,29,24,12,64
0x40ca24,92.7419%,36,460,496,457,8,28,3
0x407a57,73.5294%,36,100,136,34,17,19,66
0x40ee1b,83.3333%,36,180,216,58,23,13,122
0x408bb9,72.093%,36,93,129,85,10,26,8
0x405b5d,99.0099%,36,3600,3636,3209,23,13,391
0x40ea11,86.2069%,36,225,261,225,7,29,0
0x410aa1,99.9346%,36,55024,55060,54791,6,30,233
0x4033f9,95.1989%,35,694,729,640,8,27,54
0x407a87,70.0855%,35,82,117,67,18,17,15
0x4026a5,95.1989%,35,694,729,629,19,16,65
0x40eadd,95.1989%,35,694,729,640,8,27,54
0x40589d,99.4665%,35,6526,6561,5814,18,17,712
0x405c98,61.5385%,35,56,91,19,13,22,37
0x402ef2,87.4074%,34,236,270,225,15,19,11
0x411f5e,99.9578%,34,80558,80592,12666,24,10,67892
0x40588e,95.3361%,34,695,729,0,0,34,695
0x408837,99.0695%,34,3620,3654,3230,18,16,390
0x410a85,99.9492%,34,66842,66876,11804,12,22,55038
0x412b1c,99.9358%,33,51387,51420,50713,5,28,674
0x40df9f,87.3563%,33,228,261,227,5,28,1
0x404045,95.4733%,33,696,729,631,17,16,65
0x406b35,99.3042%,33,4710,4743,3144,18,15,1566
0x41a638,97.7366%,33,1425,1458,1280,16,17,145
0x4108f6,99.7389%,33,12607,12640,3967,13,20,8640
0x40e146,87.3563%,33,228,261,228,4,29,0
0x40a977,95.6104%,32,697,729,643,5,27,54
0x412853,99.843%,32,20346,20378,30,26,6,20316
0x41241f,99.8697%,32,24525,24557,23955,8,24,570
0x409df7,93.6508%,32,472,504,434,14,18,38
0x40f692,75%,32,96,128,92,9,23,4
0x4020fd,95.6104%,32,697,729,629,19,13,68
0x410d1a,99.9622%,32,84527,84559,27006,18,14,57521
0x40e662,87.7395%,32,229,261,163,11,21,66
0x4033ed,99.5123%,32,6529,6561,5819,13,19,710
0x40acb8,99.9249%,32,42574,42606,37856,16,16,4718
0x40ca76,88.5305%,32,247,279,90,11,21,157
0x40ca95,88.5305%,32,247,279,234,14,18,13
0x405a3e,95.7476%,31,698,729,629,19,12,69
0x40ea00,98.6803%,31,2318,2349,2079,9,22,239
0x40135c,89.2473%,30,249,279,230,18,12,19
0x40775d,99.1749%,30,3606,3636,3216,16,14,390
0x410c75,99.9487%,30,58506,58536,58278,12,18,228
0x4021cd,99.2862%,30,4173,4203,3714,22,8,459
0x4015c1,95.8848%,30,699,729,630,18,12,69
0x406b46,98.1025%,30,1551,1581,1043,11,19,508
0x403600,99.4856%,30,5802,5832,5164,20,10,638
0x401b23,96.0219%,29,700,729,626,22,7,74
0x4154b6,95.9327%,29,684,713,0,0,29,684
0x417734,98.6404%,29,2104,2133,1884,12,17,220
0x40d66e,91.9444%,29,331,360,301,19,10,30
0x40ead4,99.558%,29,6532,6561,5818,14,15,714
0x4124bf,99.9047%,28,29348,29376,17284,8,20,12064
0x40ca1a,89.9642%,28,251,279,234,14,14,17
0x40acc3,99.4085%,28,4706,4734,4196,12,16,510
0x40e1e0,99.8668%,28,20987,21015,18668,12,16,2319
0x409840,99.4097%,28,4715,4743,4202,14,14,513
0x401503,89.9642%,28,251,279,171,15,13,80
0x408a76,63.1579%,28,48,76,18,16,12,30
0x40cbe7,99.5732%,28,6533,6561,5819,13,15,714
0x4064d8,47.1698%,28,25,53,13,9,19,12
0x40e8a8,99.5732%,28,6533,6561,5818,14,14,715
0x402e9d,83.6257%,28,143,171,135,17,11,8
0x4104b6,99.7084%,27,9232,9259,5188,6,21,4044
0x407aff,80.1471%,27,109,136,88,12,15,21
0x4064c2,86.6337%,27,175,202,170,9,18,5
0x40e71d,98.8506%,27,2322,2349,2078,10,17,244
0x40743d,99.5885%,27,6534,6561,5813,19,8,721
0x403545,96.2963%,27,702,729,636,12,15,66
0x412b00,99.9592%,26,63671,63697,12263,14,12,51408
0x40e8b4,96.4335%,26,703,729,643,5,21,60
0x411196,99.919%,26,32078,32104,3440,16,10,28638
0x40e92a,96.4335%,26,703,729,627,21,5,76
0x415d96,67.9012%,26,55,81,31,23,3,24
0x412bcc,99.9592%,26,63670,63696,24945,11,15,38725
0x40cbf3,96.4335%,26,703,729,641,7,19,62
0x4134b7,99.718%,26,9193,9219,5160,18,8,4033
0x408a52,98.7817%,25,2027,2052,1809,15,10,218
0x405c52,88.3178%,25,189,214,177,5,20,12
0x410645,99.915%,25,29385,29410,29174,18,7,211
0x417aab,82.1429%,25,115,140,115,10,15,0
0x40280d,91.8301%,25,281,306,256,16,9,25
0x40e061,99.8807%,25,20936,20961,18621,11,14,2315
0x4019ad,99.619%,25,6536,6561,5821,11,14,715
0x4115c6,99.9552%,25,55762,55787,3442,14,11,52320
0x40cada,70.3704%,24,57,81,48,6,18,9
0x4057b5,70.3704%,24,57,81,45,9,15,12
0x40b394,99.494%,24,4719,4743,4202,14,10,517
0x40c5ef,99.7972%,24,11811,11835,10508,12,12,1303
0x40d89e,78.5714%,24,88,112,10,13,11,78
0x411907,99.9746%,24,94597,94621,21240,14,10,73357
0x45c353,99.6696%,24,7240,7264,0,0,24,7240
0x40f593,68.0556%,23,49,72,45,9,14,4
0x40b0eb,25.8065%,23,8,31,2,15,8,6
0x412fbe,99.9587%,23,55724,55747,3426,14,9,52298
0x41ac53,99.9647%,23,65047,65070,36131,1,22,28916
0x414625,85.8025%,23,139,162,131,13,10,8
0x406b8b,99.5151%,23,4720,4743,4202,14,9,518
0x4179e3,73.8636%,23,65,88,39,21,2,26
0x40f578,70.8861%,23,56,79,54,13,10,2
0x40d8db,97.1286%,23,778,801,699,13,10,79
0x417792,98.6086%,23,1630,1653,75,5,18,1555
0x40b57b,99.5353%,22,4712,4734,4203,5,17,509
0x40bcc9,98.89%,22,1960,1982,0,0,22,1960
0x4128a0,99.9102%,22,24487,24509,23930,9,13,557
0x4155fc,98.9715%,22,2117,2139,1417,9,13,700
0x40ee0e,90.9465%,22,221,243,13,14,8,208
0x40d1cf,75.5556%,22,68,90,61,19,3,7
0x4175a4,92.2222%,21,249,270,230,10,11,19
0x412e7c,99.9537%,21,45343,45364,2801,15,6,42542
0x412a4e,99.9754%,21,85251,85272,42619,17,4,42632
0x41b3c3,97.0085%,21,681,702,614,10,11,67
0x40bc57,97.1193%,21,708,729,0,0,21,708
0x40a96b,99.6799%,21,6540,6561,5824,8,13,716
0x40c9ff,85.8108%,21,127,148,67,0,21,60
0x409582,74.0741%,21,60,81,60,12,9,0
0x409924,99.5572%,21,4722,4743,3151,11,10,1571
0x411a06,99.9537%,21,45383,45404,2822,10,11,42561
0x4177d3,97.6109%,21,858,879,127,6,15,731
0x40b24f,75.3086%,20,61,81,61,11,9,0
0x4177a3,98.7285%,20,1553,1573,1406,10,10,147
0x41322c,99.9259%,20,26964,26984,3318,9,11,23646
0x41292e,99.9726%,20,72937,72957,48441,7,13,24496
0x41a64a,87.6543%,20,142,162,142,2,18,0
0x407449,97.2565%,20,709,729,646,2,18,63
0x4035c3,96.9136%,20,628,648,0,0,20,628
0x407606,75.3086%,20,61,81,0,0,20,61
0x4021d2,95.7173%,20,447,467,447,10,10,0
0x40e729,92.3372%,20,241,261,226,6,14,15
0x40ce12,96.9136%,20,628,648,563,13,7,65
0x402e78,85.0394%,19,108,127,99,9,10,9
0x40e5c3,68.8525%,19,42,61,2,2,17,40
0x40de09,92.7203%,19,242,261,231,1,18,11
0x406b23,98.7982%,19,1562,1581,0,0,19,1562
0x40e568,99.1597%,19,2242,2261,2242,6,13,0
0x40eb5e,97.3937%,19,710,729,642,6,13,68
0x417904,85.0394%,19,108,127,107,8,11,1
0x402ae5,76.5432%,19,62,81,62,10,9,0
0x409bb7,99.7848%,19,8810,8829,7837,11,8,973
0x40ca7a,89.3258%,19,159,178,67,5,14,92
0x40a8ad,76.5432%,19,62,81,62,10,9,0
0x40f745,56.8182%,19,25,44,20,12,7,5
0x40ddfd,99.1911%,19,2330,2349,2077,11,8,253
0x40369c,92.437%,18,220,238,217,9,9,3
0x409d75,84.4828%,18,98,116,92,5,13,6
0x40f432,82.6923%,18,86,104,82,6,12,4
0x41ae54,99.8755%,18,14442,14460,7220,10,8,7222
0x4014f2,93.5484%,18,261,279,260,16,2,1
0x40b570,99.9578%,18,42588,42606,37861,11,7,4727
0x46fec2,89.4118%,18,152,170,124,12,6,28
0x40f124,75%,18,54,72,53,11,7,1
0x417882,88.2353%,18,135,153,6,3,15,129
0x41298f,99.8957%,18,17234,17252,3032,8,10,14202
0x4027e0,70.9677%,18,44,62,21,7,11,23
0x40e066,99.2271%,18,2311,2329,2311,4,14,0
0x414025,79.0123%,17,64,81,63,9,8,1
0x408b65,73.4375%,17,47,64,0,1,16,47
0x4179f0,39.2857%,17,11,28,11,8,9,0
0x4174d4,93.7037%,17,253,270,230,10,7,23
0x40334d,79.0123%,17,64,81,64,8,9,0
0x411c1e,99.9923%,17,219558,219575,146249,8,9,73309
0x402ca5,96.7742%,17,510,527,508,9,8,2
0x402de7,81.1111%,17,73,90,48,12,5,25
0x40d561,97.3765%,17,631,648,572,4,13,59
0x41088e,99.9897%,17,165020,165037,109916,13,4,55104
0x40340f,79.0123%,17,64,81,64,8,9,0
0x40c8fb,99.8564%,17,11818,11835,10511,9,8,1307
0x40ea3f,41.3793%,17,12,29,1,8,9,11
0x41336e,99.8651%,17,12583,12600,3952,12,5,8631
0x40417c,91.7073%,17,188,205,188,7,10,0
0x40f6a1,37.037%,17,10,27,7,8,9,3
0x414ffe,79.0123%,17,64,81,61,11,6,3
0x4027b2,96.3441%,17,448,465,448,7,10,0
0x402595,79.0123%,17,64,81,62,10,7,2
0x408ba2,55.5556%,16,20,36,20,12,4,0
0x4084e1,80.2469%,16,65,81,65,7,9,0
0x4126d1,77.7778%,16,56,72,55,9,7,1
0x46fe6e,52.9412%,16,18,34,0,0,16,18
0x41b449,97.7208%,16,686,702,459,9,7,227
0x408410,96.0396%,16,388,404,0,0,16,388
0x40af3a,99.662%,16,4718,4734,4197,11,5,521
0x40e0c5,78.6667%,16,59,75,10,4,12,49
0x4073aa,80.2469%,16,65,81,64,8,8,1
0x410b54,99.9761%,16,66860,66876,12595,5,11,54265
0x40621c,81.4815%,15,66,81,66,6,9,0
0x40eaeb,81.4815%,15,66,81,66,6,9,0
0x401f94,48.2759%,15,14,29,14,6,9,0
0x412403,99.9489%,15,29361,29376,4811,8,7,24550
0x41621d,81.0127%,15,64,79,64,7,8,0
0x415cdf,44.4444%,15,12,27,0,0,15,12
0x40eed0,69.3878%,15,34,49,9,9,6,25
0x410b2e,99.9909%,15,164902,164917,109847,10,5,55055
0x412ccd,99.9881%,15,125751,125766,62871,12,3,62880
0x403e6c,81.4815%,15,66,81,66,6,9,0
0x4152f8,97.8962%,15,698,713,0,0,15,698
0x40eb6a,81.4815%,15,66,81,66,6,9,0
0x40150f,83.871%,15,78,93,55,7,8,23
0x40aada,99.7048%,14,4729,4743,4207,9,5,522
0x4177e0,98.1233%,14,732,746,717,5,9,15
0x40f2f5,58.8235%,14,20,34,3,5,9,17
0x4155e6,99.7818%,14,6403,6417,4270,8,6,2133
0x40c2a3,99.8754%,14,11218,11232,9980,4,10,1238
0x40e5c8,75.4386%,14,43,57,8,5,9,35
0x46fda7,97.8328%,14,632,646,31,3,11,601
0x4130fe,99.9563%,14,32050,32064,3432,8,6,28618
0x413d30,80.5556%,14,58,72,55,9,5,3
0x4015d6,82.716%,14,67,81,66,6,8,1
0x415166,82.716%,14,67,81,63,9,5,4
0x408a81,66.6667%,14,28,42,28,13,1,0
0x40ef76,64.1026%,14,25,39,18,8,6,7
0x40e79e,85.8586%,14,85,99,85,3,11,0
0x40cbff,82.716%,14,67,81,67,5,9,0
0x409d0d,98.4444%,14,886,900,0,8,6,886
0x4019c5,82.716%,14,67,81,67,5,9,0
0x41058d,99.9467%,13,24377,24390,12188,7,6,12189
0x40eec7,73.4694%,13,36,49,0,0,13,36
0x4158e4,98.1742%,13,699,712,696,7,6,3
0x409da6,92.3977%,13,158,171,143,9,4,15
0x40cf0a,97.1111%,13,437,450,393,7,6,44
0x406932,83.9506%,13,68,81,66,6,7,2
0x41199e,99.9941%,13,219685,219698,146322,9,4,73363
0x40d8e0,85.3933%,13,76,89,75,3,10,1
0x417924,87%,13,87,100,0,1,12,87
0x415da7,51.8519%,13,14,27,11,7,6,3
0x4157b6,99.7974%,13,6404,6417,4271,7,6,2133
0x40edbd,67.5%,13,27,40,3,10,3,24
0x415435,98.1767%,13,700,713,0,0,13,700
0x405b1e,96.7822%,13,391,404,0,0,13,391
0x40a983,83.9506%,13,68,81,68,4,9,0
0x409912,99.1777%,13,1568,1581,0,0,13,1568
0x40b1fb,76.4706%,12,39,51,32,2,10,7
0x40e0d5,80.3279%,12,49,61,8,6,6,41
0x410cee,99.9932%,12,175350,175362,116817,9,3,58533
0x40eb1b,85.1852%,12,69,81,69,3,9,0
0x40d866,92.8144%,12,155,167,0,0,12,155
0x417892,91.6667%,12,132,144,92,7,5,40
0x412832,99.9591%,12,29356,29368,8987,3,9,20369
0x406ddb,77.7778%,12,42,54,41,8,4,1
0x40cb1f,55.5556%,12,15,27,14,4,8,1
0x405ca7,79.661%,12,47,59,47,12,0,0
0x4052c1,69.2308%,12,27,39,27,4,8,0
0x4019b9,98.3539%,12,717,729,646,2,10,71
0x40b995,61.2903%,12,19,31,16,2,10,3
0x40285c,80.6452%,12,50,62,44,8,4,6
0x40bf9f,99.8932%,12,11220,11232,9977,7,5,1243
0x401325,61.2903%,12,19,31,0,0,12,19
0x40ca7f,94.2029%,12,195,207,195,12,0,0
0x414d9b,33.3333%,12,6,18,5,4,8,1
0x40d5df,98.1481%,12,636,648,0,0,12,636
0x409960,99.747%,12,4731,4743,4207,9,3,524
0x407aab,90.8397%,12,119,131,0,0,12,119
0x40e936,85.1852%,12,69,81,67,5,7,2
0x40aa14,98.3539%,12,717,729,0,0,12,717
0x40e73a,58.6207%,12,17,29,0,11,1,17
0x41137f,99.9826%,11,63154,63165,0,0,11,63154
0x412e2e,99.9884%,11,94579,94590,63050,10,1,31529
0x41155e,99.9956%,11,251076,251087,167139,6,5,83937
0x46fdd3,98.2732%,11,626,637,0,0,11,626
0x407ac7,87.0588%,11,74,85,70,5,6,4
0x401e2c,86.4198%,11,70,81,68,4,7,2
0x40f2ff,57.6923%,11,15,26,8,2,9,7
0x401dbd,97.8558%,11,502,513,0,0,11,502
0x40d914,88.8889%,11,88,99,78,10,1,10
0x404aa0,86.4198%,11,70,81,0,0,11,70
0x417931,88.8889%,11,88,99,80,8,3,8
0x40224b,73.1707%,11,30,41,10,3,8,20
0x40e8c0,86.4198%,11,70,81,70,2,9,0
0x410629,99.9709%,11,37768,37779,8362,7,4,29406
0x41267d,99.9626%,11,29365,29376,29364,4,7,1
0x45c367,99.8486%,11,7253,7264,0,0,11,7253
0x413caa,31.25%,11,5,16,3,5,6,2
0x4058b5,86.4198%,11,70,81,70,2,9,0
0x40eee3,64.5161%,11,20,31,19,6,5,1
0x40631e,86.4198%,11,70,81,0,0,11,70
0x40219c,97.6445%,11,456,467,0,0,11,456
0x41043e,99.9875%,11,88121,88132,58670,4,7,29451
0x40ef31,77.0833%,11,37,48,37,6,5,0
0x4014d7,88.172%,11,82,93,0,0,11,82
0x406e7a,79.6296%,11,43,54,38,10,1,5
0x4048c9,86.4198%,11,70,81,70,2,9,0
0x41330e,99.9859%,10,70961,70971,47305,9,1,23656
0x41309e,99.9936%,10,156911,156921,104610,4,6,52301
0x4109f2,99.9615%,10,25970,25980,17312,8,2,8658
0x45c37b,99.8623%,10,7254,7264,7254,10,0,0
0x40d127,95.3052%,10,203,213,0,0,10,203
0x408b4b,90.6542%,10,97,107,0,1,9,97
0x41112e,99.9947%,10,189164,189174,125958,2,8,63206
0x406d65,94.3503%,10,167,177,167,8,2,0
0x410e3d,99.993%,10,142076,142086,71040,3,7,71036
0x46fdbc,98.4301%,10,627,637,627,10,0,0
0x40d1a3,89.7959%,10,88,98,88,0,10,0
0x40db5c,86.1111%,10,62,72,62,1,9,0
0x414055,87.6543%,10,71,81,66,6,4,5
0x40f1da,86.1111%,10,62,72,58,6,4,4
0x40199e,98.6283%,10,719,729,0,0,10,719
0x40f39f,70.5882%,10,24,34,23,1,9,1
0x41af9a,87.1795%,10,68,78,0,0,10,68
0x40bae1,87.6543%,10,71,81,71,1,9,0
0x46fe98,94.1176%,10,160,170,0,0,10,160
0x40c35d,99.3675%,10,1571,1581,0,0,10,1571
0x41789f,77.7778%,10,35,45,24,6,4,11
0x412c00,99.9639%,9,24947,24956,3986,9,0,20961
0x401394,70.9677%,9,22,31,0,0,9,22
0x4174dd,70%,9,21,30,21,4,5,0
0x402f0f,90%,9,81,90,73,7,2,8
0x406abd,98.2922%,9,518,527,0,0,9,518
0x41ac79,99.9513%,9,18479,18488,18479,9,0,0
0x40eb20,0%,9,0,9,0,0,9,0
0x4121ae,99.9941%,9,153669,153678,102204,6,3,51465
0x412bae,99.9941%,9,153549,153558,102131,7,2,51418
0x401b2c,88.8889%,9,72,81,70,2,7,2
0x411d8e,99.9956%,9,203305,203314,135356,7,2,67949
0x407455,88.8889%,9,72,81,72,0,9,0
0x401aef,88.8889%,9,72,81,70,2,7,2
0x4063f0,97.7833%,9,397,406,0,0,9,397
0x409938,99.4307%,9,1572,1581,1053,1,8,519
0x402d90,90%,9,81,90,55,5,4,26
0x40f7d4,66.6667%,9,18,27,18,6,3,0
0x40e17e,99.6146%,9,2326,2335,0,0,9,2326
0x406e45,75%,9,27,36,25,7,2,2
0x407a92,71.875%,9,23,32,0,0,9,23
0x41b4e4,98.5577%,9,615,624,615,9,0,0
0x40b5a7,98.289%,9,517,526,0,0,9,517
0x4064e7,74.1935%,8,23,31,23,7,1,0
0x409845,98.482%,8,519,527,0,0,8,519
0x41249e,99.9891%,8,73069,73077,48516,4,4,24553
0x40f59e,55.5556%,8,10,18,9,2,6,1
0x410f8e,99.9954%,8,175234,175242,116752,2,6,58482
0x41b4df,96.5812%,8,226,234,75,3,5,151
0x40c927,99.3916%,8,1307,1315,0,0,8,1307
0x40f5bb,42.8571%,8,6,14,0,4,4,6
0x40e5d4,83.3333%,8,40,48,30,6,2,10
0x4117ab,98.8811%,8,707,715,0,0,8,707
0x40cdff,88.8889%,8,64,72,0,0,8,64
0x40ee7c,70.3704%,8,19,27,19,2,6,0
0x40f57e,33.3333%,8,4,12,1,4,4,3
0x41136b,98.1982%,8,436,444,0,0,8,436
0x410aeb,96.9582%,8,255,263,0,0,8,255
0x406d96,55.5556%,8,10,18,10,2,6,0
0x40ba10,79.4872%,8,31,39,31,8,0,0
0x410f4b,96.3964%,8,214,222,0,0,8,214
0x402754,98.2796%,8,457,465,0,0,8,457
0x41552b,99.626%,8,2131,2139,0,0,8,2131
0x4155bf,99.626%,8,2131,2139,0,0,8,2131
0x412e1d,99.9958%,8,189172,189180,94589,1,7,94583
0x412c51,99.9873%,8,62875,62883,62875,8,0,0
0x40b9fe,79.4872%,8,31,39,19,7,1,12
0x406e97,55.5556%,8,10,18,10,6,2,0
0x412f5e,99.9937%,8,127636,127644,85092,4,4,42544
0x46fe4f,77.7778%,8,28,36,21,6,2,7
0x40b7f2,99.831%,8,4726,4734,4203,5,3,523
0x4178f3,93.8462%,8,122,130,0,3,5,122
0x40e44b,99.6904%,7,2254,2261,0,0,7,2254
0x408b81,90.5405%,7,67,74,67,3,4,0
0x40f258,93.4579%,7,100,107,0,0,7,100
0x412cde,99.9889%,7,62876,62883,41917,5,2,20959
0x4087f8,98.2759%,7,399,406,0,0,7,399
0x414270,91.358%,7,74,81,69,3,4,5
0x41343d,99.9865%,7,51809,51816,25907,1,6,25902
0x4117ee,99.9972%,7,250957,250964,167069,2,5,83888
0x41139e,99.9963%,7,189044,189051,125884,2,5,63160
0x45c38c,99.9036%,7,7257,7264,0,0,7,7257
0x41768b,97.0464%,7,230,237,230,7,0,0
0x40f446,56.25%,7,9,16,0,0,7,9
0x4179d3,92.2222%,7,83,90,0,2,5,83
0x401d08,95.9064%,7,164,171,0,0,7,164
0x46fdac,98.9011%,7,630,637,630,7,0,0
0x458e0f,99.9036%,7,7257,7264,7257,7,0,0
0x414135,74.0741%,7,20,27,13,5,2,7
0x405a46,91.358%,7,74,81,0,0,7,74
0x41b0e0,91.0256%,7,71,78,0,0,7,71
0x409dab,63.1579%,7,12,19,0,0,7,12
0x40e0f5,88.5246%,7,54,61,54,7,0,0
0x4022cc,82.9268%,7,34,41,29,2,5,5
0x40f309,56.25%,7,9,16,4,4,3,5
0x45a275,99.9036%,7,7257,7264,0,0,7,7257
0x410e52,99.9901%,7,71036,71043,47358,4,3,23678
0x411ac0,99.9945%,7,127709,127716,0,0,7,127709
0x40c9a6,77.4194%,7,24,31,0,0,7,24
0x411edd,99.9963%,7,189317,189324,94657,5,2,94660
0x409d32,98.4881%,7,456,463,0,0,7,456
0x407641,91.358%,7,74,81,0,0,7,74
0x40401c,91.358%,7,74,81,0,0,7,74
0x4124f6,99.9595%,7,17285,17292,3053,3,4,14232
0x4097f3,98.6717%,7,520,527,0,0,7,520
0x41adab,99.9879%,7,57833,57840,57833,7,0,0
0x401cbf,95.9064%,7,164,171,0,0,7,164
0x40b1a9,58.8235%,7,10,17,0,0,7,10
0x40b2cf,99.0398%,7,722,729,0,0,7,722
0x40496a,91.358%,7,74,81,0,0,7,74
0x40faa7,74.0741%,7,20,27,18,6,1,2
0x401d72,95.9064%,7,164,171,0,0,7,164
0x409ba4,99.2864%,7,974,981,0,0,7,974
0x4116c2,99.9962%,6,156987,156993,104659,3,3,52328
0x405a0a,92.5926%,6,75,81,0,0,6,75
0x415dd8,77.7778%,6,21,27,0,0,6,21
0x41b5a8,92.3077%,6,72,78,0,0,6,72
0x45c3d0,99.9174%,6,7258,7264,0,0,6,7258
0x41abe6,99.9585%,6,14454,14460,7229,1,5,7225
0x4116ad,99.9981%,6,313980,313986,156989,4,2,156991
0x415cbb,77.7778%,6,21,27,0,0,6,21
0x41578e,99.7195%,6,2133,2139,0,0,6,2133
0x411d6a,99.9912%,6,67945,67951,0,0,6,67945
0x4106ce,99.9932%,6,88006,88012,58600,2,4,29406
0x40497f,92.5926%,6,75,81,0,0,6,75
0x40f6bb,40%,6,4,10,2,0,6,2
0x41086a,99.9891%,6,55102,55108,0,0,6,55102
0x40ba21,84.6154%,6,33,39,25,1,5,8
0x402d9c,80%,6,24,30,17,3,3,7
0x415548,99.7195%,6,2133,2139,0,0,6,2133
0x41739b,95.7143%,6,134,140,134,6,0,0
0x407973,97.7011%,6,255,261,255,6,0,0
0x40d1db,40%,6,4,10,4,2,4,0
0x41124a,99.993%,6,85938,85944,0,0,6,85938
0x40dde9,97.7011%,6,255,261,0,0,6,255
0x40d414,91.6667%,6,66,72,58,5,1,8
0x411ffe,99.997%,6,203185,203191,135287,2,4,67898
0x412a5f,99.9859%,6,42630,42636,28420,4,2,14210
0x412712,25%,6,2,8,0,0,6,2
0x417aca,60%,6,9,15,7,6,0,2
0x45c9ca,99.9174%,6,7258,7264,0,0,6,7258
0x40b975,93.1034%,6,81,87,81,6,0,0
0x40acef,98.8593%,6,520,526,0,0,6,520
0x40f6b1,50%,6,6,12,0,2,4,6
0x402c5c,98.8615%,6,521,527,0,0,6,521
0x4109dd,99.9885%,6,51954,51960,25977,3,3,25977
0x411e51,99.9937%,6,94656,94662,94656,6,0,0
0x4086b8,92.5926%,6,75,81,0,0,6,75
0x40b0c8,93.5484%,6,87,93,87,6,0,0
0x458da8,99.9174%,6,7258,7264,0,0,6,7258
0x415107,92.5926%,6,75,81,67,5,1,8
0x40e9d8,97.7011%,6,255,261,0,0,6,255
0x40dfee,99.7424%,6,2323,2329,0,0,6,2323
0x40ce88,99.0741%,6,642,648,0,0,6,642
0x40e5ba,76%,6,19,25,0,0,6,19
0x414e6e,92.5926%,6,75,81,70,2,4,5
0x40e243,62.5%,6,10,16,4,0,6,6
0x40eacf,99.177%,6,723,729,0,0,6,723
0x40eee8,16.6667%,5,1,6,1,4,1,0
0x401b16,93.8272%,5,76,81,0,0,5,76
0x4110f6,98.9316%,5,463,468,0,0,5,463
0x402102,93.8272%,5,76,81,0,0,5,76
0x412f4d,99.998%,5,255283,255288,127642,2,3,127641
0x40e25c,58.3333%,5,7,12,7,5,0,0
0x409ced,99.3243%,5,735,740,0,0,5,735
0x413ff5,93.8272%,5,76,81,69,3,2,7
0x413c8f,89.5833%,5,43,48,29,3,2,14
0x41b2ab,93.5897%,5,73,78,0,0,5,73
0x411b02,99.9961%,5,127711,127716,85140,4,1,42571
0x40f766,58.3333%,5,7,12,7,2,3,0
0x40f3a4,50%,5,5,10,0,4,1,5
0x41260c,99.983%,5,29371,29376,17459,2,3,11912
0x41b25d,96.7949%,5,151,156,75,3,2,76
0x413cc5,37.5%,5,3,8,0,0,5,3
0x40de9b,99.7098%,5,1718,1723,0,0,5,1718
0x40742e,99.3141%,5,724,729,0,0,5,724
0x4040ae,99.2284%,5,643,648,0,0,5,643
0x41344e,99.9807%,5,25903,25908,17268,4,1,8635
0x4179c4,83.3333%,5,25,30,0,0,5,25
0x4157c7,99.7662%,5,2134,2139,1424,2,3,710
0x41b015,93.5897%,5,73,78,0,0,5,73
0x40404a,93.8272%,5,76,81,0,0,5,76
0x40b81e,99.0494%,5,521,526,0,0,5,521
0x401456,83.871%,5,26,31,0,0,5,26
0x40b034,83.871%,5,26,31,0,0,5,26
0x402688,93.8272%,5,76,81,0,0,5,76
0x40b398,99.0512%,5,522,527,0,1,4,522
0x408a96,85.2941%,5,29,34,0,0,5,29
0x4125dd,99.9941%,5,85411,85416,42705,3,2,42706
0x40f6c6,37.5%,5,3,8,0,3,2,3
0x40f6da,0%,5,0,5,0,1,4,0
0x45c9d3,99.9312%,5,7259,7264,0,0,5,7259
0x407ae8,94.4444%,5,85,90,78,2,3,7
0x417424,83.3333%,5,25,30,0,0,5,25
0x41482e,90.7407%,5,49,54,33,3,2,16
0x458e3e,99.9312%,5,7259,7264,7259,5,0,0
0x407a7e,94.1176%,5,80,85,0,0,5,80
0x41a615,96.9136%,5,157,162,0,0,5,157
0x401f30,99.7871%,5,2344,2349,0,0,5,2344
0x40e248,58.3333%,5,7,12,2,2,3,5
0x40351d,93.8272%,5,76,81,0,0,5,76
0x45c3bb,99.9312%,5,7259,7264,0,0,5,7259
0x411eee,99.9958%,4,94658,94662,63106,2,2,31552
0x458d6d,99.9449%,4,7260,7264,0,0,4,7260
0x409c20,98.0952%,4,206,210,0,2,2,206
0x40cbc8,95.0617%,4,77,81,0,0,4,77
0x407922,98.2759%,4,228,232,0,0,4,228
0x4105c3,99.9894%,4,37831,37835,37831,4,0,0
0x41056d,99.9672%,4,12191,12195,0,0,4,12191
0x407413,95.0617%,4,77,81,0,0,4,77
0x45a20a,99.9449%,4,7260,7264,0,0,4,7260
0x46fe2a,88.2353%,4,30,34,24,1,3,6
0x4133c1,99.9846%,4,25904,25908,25904,4,0,0
0x406e1f,0%,4,0,4,0,0,4,0
0x40883c,99.0148%,4,402,406,0,0,4,402
0x40f5a8,42.8571%,4,3,7,0,0,4,3
0x458d75,99.9449%,4,7260,7264,0,0,4,7260
0x40e705,98.4674%,4,257,261,0,0,4,257
0x413b86,91.6667%,4,44,48,0,0,4,44
0x46fed8,88.2353%,4,30,34,23,2,2,7
0x40e1e5,99.8287%,4,2331,2335,2331,0,4,0
0x45c3c7,99.9449%,4,7260,7264,0,0,4,7260
0x40198b,95.0617%,4,77,81,0,0,4,77
0x410e76,99.9953%,4,84555,84559,84555,4,0,0
0x41afe7,94.8718%,4,74,78,74,4,0,0
0x40d001,92%,4,46,50,0,0,4,46
0x412466,99.3266%,4,590,594,0,0,4,590
0x4131de,99.9953%,4,85868,85872,57245,3,1,28623
0x4013dd,87.0968%,4,27,31,0,0,4,27
0x40534a,89.7436%,4,35,39,0,0,4,35
0x40f315,50%,4,4,8,3,0,4,1
0x40b986,95.4023%,4,83,87,56,2,2,27
0x40d331,55.5556%,4,5,9,5,3,1,0
0x4157d5,99.439%,4,709,713,0,1,3,709
0x40c623,99.6958%,4,1311,1315,0,0,4,1311
0x40d920,63.6364%,4,7,11,7,0,4,0
0x40da73,55.5556%,4,5,9,5,3,1,0
0x4156eb,99.813%,4,2135,2139,0,0,4,2135
0x410b02,99.9927%,4,55056,55060,0,0,4,55056
0x41a5a2,77.7778%,4,14,18,14,4,0,0
0x40354a,95.0617%,4,77,81,0,0,4,77
0x415d63,85.1852%,4,23,27,0,0,4,23
0x40ba93,93.3333%,4,56,60,36,4,0,20
0x41b16f,94.8718%,4,74,78,0,0,4,74
0x413619,76.4706%,4,13,17,9,0,4,4
0x40bab6,93.3333%,4,56,60,38,2,2,18
0x41b1d8,94.8718%,4,74,78,0,0,4,74
0x40c57a,99.6958%,4,1311,1315,0,0,4,1311
0x40e7ee,86.2069%,4,25,29,19,1,3,6
0x41afda,94.8718%,4,74,78,74,4,0,0
0x41ab0a,99.9447%,4,7226,7230,0,0,4,7226
0x46fe67,88.2353%,4,30,34,0,0,4,30
0x41b01e,94.8718%,4,74,78,74,4,0,0
0x40b215,92.1569%,4,47,51,47,4,0,0
0x4116e9,99.9972%,3,106231,106234,106231,3,0,0
0x4173dd,90.3226%,3,28,31,28,1,2,0
0x4148bc,83.3333%,3,15,18,0,0,3,15
0x40ac6a,99.4297%,3,523,526,0,0,3,523
0x40633a,96.2963%,3,78,81,0,0,3,78
0x41a594,83.3333%,3,15,18,0,0,3,15
0x40e460,99.8673%,3,2258,2261,0,0,3,2258
0x413418,99.9884%,3,25905,25908,0,0,3,25905
0x4140b8,88.8889%,3,24,27,17,1,2,7
0x412330,99.9952%,3,62952,62955,0,0,3,62952
0x46fdfa,99.529%,3,634,637,634,3,0,0
0x414c85,83.3333%,3,15,18,0,0,3,15
0x41b46f,98.7179%,3,231,234,0,0,3,231
0x411966,99.2556%,3,400,403,0,0,3,400
0x4020bb,96.2963%,3,78,81,0,0,3,78
0x41b4b7,96.1538%,3,75,78,75,3,0,0
0x40e898,99.5885%,3,726,729,0,0,3,726
0x40e91b,96.2963%,3,78,81,0,0,3,78
0x458e2f,99.9587%,3,7261,7264,7261,3,0,0
0x4129d1,99.993%,3,42633,42636,42633,3,0,0
0x416240,66.6667%,3,6,9,0,1,2,6
0x458d59,99.9587%,3,7261,7264,0,0,3,7261
0x4117bf,99.9964%,3,83890,83893,0,0,3,83890
0x458e39,99.9587%,3,7261,7264,0,0,3,7261
0x410856,98.9547%,3,284,287,0,0,3,284
0x40ce17,95.8333%,3,69,72,0,0,3,69
0x40af66,99.4297%,3,523,526,0,0,3,523
0x458de7,99.9587%,3,7261,7264,0,0,3,7261
0x40f3b3,89.2857%,3,25,28,23,2,1,2
0x45a235,99.9587%,3,7261,7264,0,0,3,7261
0x40f5ce,70%,3,7,10,1,1,2,6
0x41b15e,96.1538%,3,75,78,0,0,3,75
0x40aade,99.4307%,3,524,527,0,1,2,524
0x41aaec,99.9585%,3,7227,7230,0,0,3,7227
0x41359e,99.9753%,3,12120,12123,8079,3,0,4041
0x41127e,99.9965%,3,85941,85944,57293,3,0,28648
0x415707,99.8597%,3,2136,2139,0,0,3,2136
0x411526,99.594%,3,736,739,0,0,3,736
0x40f3dc,50%,3,3,6,3,2,1,0
0x415813,99.1892%,3,367,370,0,0,3,367
0x417872,94.4444%,3,51,54,0,0,3,51
0x407aed,70%,3,7,10,0,0,3,7
0x40d308,25%,3,1,4,0,3,0,1
0x40efa7,76.9231%,3,10,13,7,2,1,3
0x411b29,99.9968%,3,94618,94621,94618,3,0,0
0x410504,99.9754%,3,12192,12195,12192,3,0,0
0x45c3d5,99.9587%,3,7261,7264,0,0,3,7261
0x41153a,99.9964%,3,83939,83942,0,0,3,83939
0x45c9ec,99.9587%,3,7261,7264,7261,3,0,0
0x40b9a6,76.9231%,3,10,13,0,0,3,10
0x40c33a,99.4307%,3,524,527,0,0,3,524
0x40bf2a,99.7596%,3,1245,1248,0,0,3,1245
0x40ece2,40%,3,2,5,0,0,3,2
0x4033d1,99.5885%,3,726,729,0,0,3,726
0x45a86d,99.9587%,3,7261,7264,7261,3,0,0
0x412ac8,99.9953%,3,63694,63697,0,0,3,63694
0x40ca04,98.5849%,3,209,212,209,3,0,0
0x4122e1,99.9952%,3,62952,62955,62952,3,0,0
0x40d761,92.5%,3,37,40,0,0,3,37
0x40b522,99.4297%,3,523,526,0,0,3,523
0x41b178,96.1538%,3,75,78,0,0,3,75
0x40b8ec,90.3226%,3,28,31,0,2,1,28
0x413f9b,62.5%,3,5,8,5,3,0,0
0x41b00c,96.1538%,3,75,78,0,0,3,75
0x40b186,92.8571%,3,39,42,27,1,2,12
0x413640,81.25%,3,13,16,0,0,3,13
0x40f3b8,0%,3,0,3,0,1,2,0
0x40f5dd,62.5%,3,5,8,0,2,1,5
0x41470a,94.4444%,3,51,54,0,0,3,51
0x41ac10,99.9793%,3,14457,14460,7229,1,2,7228
0x404f46,92.3077%,3,36,39,0,0,3,36
0x41a558,83.3333%,3,15,18,0,0,3,15
0x40a94c,96.2963%,3,78,81,0,0,3,78
0x40b045,90.3226%,3,28,31,0,0,3,28
0x4111e1,99.9977%,2,85942,85944,85942,2,0,0
0x41a53e,88.8889%,2,16,18,0,0,2,16
0x415016,77.7778%,2,7,9,7,2,0,0
0x40da23,50%,2,2,4,0,0,2,2
0x402819,94.1176%,2,32,34,32,2,0,0
0x410f62,99.9966%,2,58486,58488,0,0,2,58486
0x410e10,99.9972%,2,71041,71043,0,0,2,71041
0x4112a5,99.9975%,2,80075,80077,80075,2,0,0
0x417a0c,77.7778%,2,7,9,0,0,2,7
0x411aed,99.9992%,2,255430,255432,127715,1,1,127715
0x4098af,99.6205%,2,525,527,0,0,2,525
0x413770,87.5%,2,14,16,0,0,2,14
0x40ca20,99.5968%,2,494,496,0,0,2,494
0x411fdd,99.9971%,2,67900,67902,0,0,2,67900
0x40e59e,84.6154%,2,11,13,0,0,2,11
0x412821,75%,2,6,8,0,0,2,6
0x412372,99.9968%,2,62953,62955,41969,1,1,20984
0x410689,99.0826%,2,216,218,0,0,2,216
0x41b3d7,97.4359%,2,76,78,76,2,0,0
0x412b69,99.7151%,2,700,702,0,0,2,700
0x4172fb,0%,2,0,2,0,0,2,0
0x411a71,99.9984%,2,127714,127716,127714,2,0,0
0x40eb00,77.7778%,2,7,9,0,0,2,7
0x412176,99.7245%,2,724,726,0,0,2,724
0x40e6b0,93.1034%,2,27,29,27,2,0,0
0x41041a,99.9932%,2,29456,29458,0,0,2,29456
0x417adb,0%,2,0,2,0,0,2,0
0x4057c6,92.5926%,2,25,27,16,2,0,9
0x41110a,99.9968%,2,63212,63214,0,0,2,63212
0x40eb72,77.7778%,2,7,9,7,2,0,0
0x40e88d,97.5309%,2,79,81,0,0,2,79
0x415670,99.7195%,2,711,713,0,0,2,711
0x40df02,99.8839%,2,1721,1723,1721,2,0,0
0x41ac15,99.9723%,2,7228,7230,0,0,2,7228
0x402d0d,80%,2,8,10,0,0,2,8
0x40c2cf,99.8397%,2,1246,1248,0,0,2,1246
0x410961,99.9923%,2,25978,25980,25978,2,0,0
0x40eac7,97.5309%,2,79,81,0,0,2,79
0x4125f2,99.9953%,2,42706,42708,28472,0,2,14234
0x40afde,93.5484%,2,29,31,0,0,2,29
0x41a522,88.8889%,2,16,18,0,0,2,16
0x40a95c,99.7257%,2,727,729,0,0,2,727
0x41a4c0,88.8889%,2,16,18,16,2,0,0
0x41a4bb,88.8889%,2,16,18,0,0,2,16
0x4038a6,83.3333%,2,10,12,5,1,1,5
0x45c9e3,99.9725%,2,7262,7264,0,0,2,7262
0x40c22e,99.8397%,2,1246,1248,0,0,2,1246
0x41ab24,99.9723%,2,7228,7230,7228,2,0,0
0x41b250,98.7179%,2,154,156,0,0,2,154
0x4174e7,60%,2,3,5,0,0,2,3
0x4026aa,97.5309%,2,79,81,0,0,2,79
0x41abd9,99.9723%,2,7228,7230,0,0,2,7228
0x41308d,99.9994%,2,313840,313842,156921,0,2,156919
0x40e783,97.9798%,2,97,99,0,0,2,97
0x40cbd8,99.7257%,2,727,729,0,0,2,727
0x46fde4,99.686%,2,635,637,24,1,1,611
0x403a3a,83.3333%,2,10,12,10,2,0,0
0x40b0d9,97.8495%,2,91,93,60,2,0,31
0x413566,99.9835%,2,12121,12123,0,0,2,12121
0x40ba30,93.5484%,2,29,31,11,0,2,18
0x406dfc,60%,2,3,5,0,1,1,3
0x40b95b,97.7011%,2,85,87,57,1,1,28
0x40e74b,81.8182%,2,9,11,0,0,2,9
0x41235d,99.9984%,2,125908,125910,62953,2,0,62955
0x458dba,99.9725%,2,7262,7264,0,0,2,7262
0x458dc9,99.9725%,2,7262,7264,7262,2,0,0
0x41afa6,97.4359%,2,76,78,0,0,2,76
0x41774a,99.1561%,2,235,237,235,2,0,0
0x40d546,97.2222%,2,70,72,0,0,2,70
0x415bf8,77.7778%,2,7,9,7,2,0,0
0x41b116,97.4359%,2,76,78,76,2,0,0
0x41b181,97.4359%,2,76,78,76,2,0,0
0x45c3a3,99.9725%,2,7262,7264,0,0,2,7262
0x40b73d,99.6198%,2,524,526,0,0,2,524
0x415b4a,77.7778%,2,7,9,7,2,0,0
0x41358d,99.9918%,2,24244,24246,12121,2,0,12123
0x40e8d2,77.7778%,2,7,9,0,0,2,7
0x4132fd,99.9986%,2,141940,141942,70969,2,0,70971
0x413151,99.9977%,2,85870,85872,85870,2,0,0
0x41b596,97.4359%,2,76,78,0,0,2,76
0x402da1,80%,2,8,10,0,0,2,8
0x40b226,96.0784%,2,49,51,34,0,2,15
0x40f3a9,66.6667%,2,4,6,4,2,0,0
0x408ba7,50%,2,2,4,0,0,2,2
0x40f3c7,75%,2,6,8,2,0,2,4
0x413a10,87.5%,2,14,16,0,0,2,14
0x458d63,99.9725%,2,7262,7264,0,0,2,7262
0x412b7d,99.9961%,2,51418,51420,0,0,2,51418
0x4146ca,98.7654%,2,160,162,106,2,0,54
0x4073bd,77.7778%,2,7,9,0,0,2,7
0x41b124,97.4359%,2,76,78,76,2,0,0
0x40ecae,0%,2,0,2,0,0,2,0
0x41b348,97.4359%,2,76,78,0,0,2,76
0x41a5b1,88.8889%,2,16,18,0,0,2,16
0x40e984,93.1034%,2,27,29,0,0,2,27
0x40baa5,96.6667%,2,58,60,58,2,0,0
0x406b57,99.6205%,2,525,527,0,0,2,525
0x41b0d7,97.4359%,2,76,78,0,0,2,76
0x412df6,99.9989%,1,94589,94590,0,0,1,94589
0x40d336,0%,1,0,1,0,1,0,0
0x408452,99.7525%,1,403,404,403,1,0,0
0x40b896,96.7742%,1,30,31,0,0,1,30
0x40b198,96.7742%,1,30,31,14,0,1,16
0x414a06,94.4444%,1,17,18,0,0,1,17
0x40ba41,95%,1,19,20,0,0,1,19
0x40ae85,99.8099%,1,525,526,0,0,1,525
0x40ef10,0%,1,0,1,0,0,1,0
0x40ea8d,95%,1,19,20,0,0,1,19
0x40994d,99.8102%,1,526,527,0,0,1,526
0x408a04,99.5614%,1,227,228,227,1,0,0
0x40bd0d,99.9367%,1,1580,1581,0,0,1,1580
0x401eb4,96.5517%,1,28,29,0,0,1,28
0x40cc13,88.8889%,1,8,9,0,0,1,8
0x4079c7,97.2222%,1,35,36,0,0,1,35
0x40f3d1,83.3333%,1,5,6,0,0,1,5
0x40bfcb,99.9199%,1,1247,1248,0,0,1,1247
0x403376,88.8889%,1,8,9,0,0,1,8
0x40f3eb,0%,1,0,1,0,0,1,0
0x402ea9,94.7368%,1,18,19,18,1,0,0
0x41b506,98.7179%,1,77,78,77,1,0,0
0x45a255,99.9862%,1,7263,7264,0,0,1,7263
0x41126d,99.9994%,1,171887,171888,85944,0,1,85943
0x41069d,99.9966%,1,29409,29410,0,0,1,29409
0x4131ac,99.9988%,1,85871,85872,0,0,1,85871
0x413795,93.75%,1,15,16,0,0,1,15
0x40ef03,0%,1,0,1,0,0,1,0
0x41b2b6,98.7179%,1,77,78,77,1,0,0
0x417a22,88.8889%,1,8,9,0,0,1,8
0x405823,88.8889%,1,8,9,0,0,1,8
0x41a475,94.4444%,1,17,18,0,0,1,17
0x412561,99.9977%,1,42707,42708,42707,1,0,0
0x40ef18,0%,1,0,1,0,1,0,0
0x40aa69,99.8102%,1,526,527,0,0,1,526
0x458d97,99.9862%,1,7263,7264,0,0,1,7263
0x40654e,88.8889%,1,8,9,7,1,0,1
0x413011,99.9994%,1,156920,156921,156920,1,0,0
0x405360,97.4359%,1,38,39,38,0,1,0
0x414202,94.4444%,1,17,18,9,0,1,8
0x40efc1,75%,1,3,4,2,1,0,1
0x411eba,99.9989%,1,94661,94662,0,0,1,94661
0x40e5fc,91.6667%,1,11,12,11,1,0,0
0x40f5ec,83.3333%,1,5,6,5,0,1,0
0x458d85,99.9862%,1,7263,7264,0,0,1,7263
0x40ea92,97.5%,1,39,40,20,0,1,19
0x40193f,88.8889%,1,8,9,0,0,1,8
0x40b15b,97.619%,1,41,42,27,1,0,14
0x412da1,99.9989%,1,94589,94590,94589,1,0,0
0x417806,95.8333%,1,23,24,0,0,1,23
0x40541f,0%,1,0,1,0,0,1,0
0x4125b0,99.9977%,1,42707,42708,0,0,1,42707
0x416255,0%,1,0,1,0,1,0,0
0x412903,99.9959%,1,24508,24509,0,0,1,24508
0x41059e,99.9918%,1,12194,12195,8130,0,1,4064
0x4173e2,50%,1,1,2,1,0,1,0
0x412f2c,99.9992%,1,127643,127644,0,0,1,127643
0x4149e1,94.4444%,1,17,18,0,0,1,17
0x40b8fd,96.5517%,1,28,29,0,0,1,28
0x411680,99.9994%,1,156992,156993,0,0,1,156992
0x410a16,99.9985%,1,66931,66932,66931,1,0,0
0x45c3ac,99.9862%,1,7263,7264,7263,1,0,0
0x4141ca,88.8889%,1,8,9,8,1,0,0
0x40450c,90%,1,9,10,9,0,1,0
0x41aafc,99.9862%,1,7229,7230,0,0,1,7229
0x40ff91,99.9951%,1,20385,20386,0,0,1,20385
0x40e9e3,99.9574%,1,2348,2349,0,0,1,2348
0x40f3bd,50%,1,1,2,0,0,1,1
0x410cca,99.9983%,1,58535,58536,0,0,1,58535
0x411631,99.9994%,1,156992,156993,156992,1,0,0
0x4058c6,88.8889%,1,8,9,0,0,1,8
0x4128ef,99.8246%,1,569,570,0,0,1,569
0x411f12,99.9988%,1,80648,80649,80648,1,0,0
0x40da5c,0%,1,0,1,0,0,1,0
0x40b324,99.8102%,1,526,527,0,0,1,526
0x40b849,99.8099%,1,525,526,0,0,1,525
0x410dc1,99.9986%,1,71042,71043,71042,1,0,0
0x41b281,98.7179%,1,77,78,77,1,0,0
0x410406,99.5868%,1,241,242,0,0,1,241
0x40d31a,0%,1,0,1,0,0,1,0
0x411bdb,99.7361%,1,378,379,0,0,1,378
0x41247a,99.9959%,1,24556,24557,0,0,1,24556
0x4045e0,0%,1,0,1,0,1,0,0
0x411bef,99.9986%,1,73317,73318,0,0,1,73317
0x41b22e,98.7179%,1,77,78,77,1,0,0
0x408b38,98.6842%,1,75,76,0,0,1,75
0x4109b0,99.9962%,1,25979,25980,0,0,1,25979
0x404385,90%,1,9,10,9,0,1,0
0x40eefc,0%,1,0,1,0,0,1,0
0x40ef09,0%,1,0,1,0,0,1,0
0x41218a,99.9981%,1,51467,51468,0,0,1,51467
0x415de5,96.2963%,1,26,27,9,0,1,17
0x40d2da,100%,0,4,4,0,0,0,4
0x406e51,100%,0,4,4,4,0,0,0
0x40f3f5,100%,0,1,1,1,0,0,0
0x40d566,100%,0,72,72,0,0,0,72
0x40eef6,100%,0,1,1,0,0,0,1
0x406585,100%,0,1,1,0,0,0,1
0x415db0,100%,0,9,9,9,0,0,0
0x415c10,100%,0,9,9,0,0,0,9
0x40da78,100%,0,1,1,1,0,0,0
0x40655a,100%,0,1,1,1,0,0,0
0x406b4e,100%,0,527,527,0,0,0,527
0x406528,100%,0,1,1,0,0,0,1
0x406507,100%,0,1,1,0,0,0,1
0x40fd0d,100%,0,3,3,2,0,0,1
0x40eb0d,100%,0,81,81,0,0,0,81
0x40f002,100%,0,1,1,1,0,0,0
0x40b175,100%,0,42,42,42,0,0,0
0x40da4a,100%,0,4,4,3,0,0,1
0x412ca6,100%,0,62883,62883,0,0,0,62883
0x40ea44,100%,0,20,20,0,0,0,20
0x40dd9d,100%,0,29,29,0,0,0,29
0x401f1b,100%,0,261,261,0,0,0,261
0x41197a,100%,0,73367,73367,0,0,0,73367
0x40cb72,100%,0,9,9,0,0,0,9
0x40af91,100%,0,526,526,0,0,0,526
0x405429,100%,0,1,1,1,0,0,0
0x40f6d0,100%,0,5,5,0,0,0,5
0x40f583,100%,0,7,7,7,0,0,0
0x401b08,100%,0,9,9,0,0,0,9
0x40e752,100%,0,11,11,0,0,0,11
0x413511,100%,0,12123,12123,12123,0,0,0
0x41a667,100%,0,18,18,18,0,0,0
0x41795b,100%,0,11,11,0,0,0,11
0x4131cd,100%,0,171744,171744,85872,0,0,85872
0x40c889,100%,0,1315,1315,0,0,0,1315
0x4159e0,100%,0,9,9,0,0,0,9
0x41a530,100%,0,18,18,0,0,0,18
0x41a512,100%,0,18,18,0,0,0,18
0x412a20,100%,0,42636,42636,0,0,0,42636
0x4141b4,100%,0,27,27,18,0,0,9
0x413fa9,100%,0,9,9,0,0,0,9
0x412ed1,100%,0,127644,127644,127644,0,0,0
0x41306c,100%,0,156921,156921,0,0,0,156921
0x40eaa1,100%,0,20,20,20,0,0,0
0x41b26f,100%,0,78,78,78,0,0,0
0x40b0fc,100%,0,14,14,0,0,0,14
0x40b0a6,100%,0,93,93,62,0,0,31
0x41ab81,100%,0,7230,7230,0,0,0,7230
0x40a992,100%,0,9,9,0,0,0,9
0x40a8f6,100%,0,9,9,0,0,0,9
0x4086f3,100%,0,81,81,0,0,0,81
0x407460,100%,0,9,9,0,0,0,9
0x403423,100%,0,9,9,0,0,0,9
0x4033bb,100%,0,81,81,0,0,0,81
0x45a267,100%,0,7264,7264,7264,0,0,0
0x40e81e,100%,0,9,9,0,0,0,9
0x45a30d,100%,0,7264,7264,0,0,0,7264
0x40f5ff,100%,0,1,1,1,0,0,0
0x405879,100%,0,81,81,0,0,0,81
0x413629,100%,0,8,8,0,0,0,8
0x41b59e,100%,0,78,78,0,0,0,78
0x4132d8,100%,0,70971,70971,0,0,0,70971
0x402289,100%,0,28,28,28,0,0,0
0x410cb6,100%,0,246,246,0,0,0,246
0x411d56,100%,0,539,539,0,0,0,539
0x4045cf,100%,0,1,1,0,0,0,1
0x40eb54,100%,0,81,81,0,0,0,81
0x411fc9,100%,0,515,515,0,0,0,515
0x413281,100%,0,70971,70971,70971,0,0,0
0x40f6e7,100%,0,4,4,4,0,0,0
0x414726,100%,0,54,54,0,0,0,54
0x40eab8,100%,0,9,9,0,0,0,9
