Branch PC,Accuracy,Mispredictions,Correct Predictions,Total,dir_t_pred_t,dir_t_pred_nt,dir_nt_pred_t,dir_nt_pred_nt
aggregate,98.9725%,268094,25824317,26092411,16057977,118596,149498,9766340
0x411480,96.1335%,23756,590655,614411,503622,10132,13624,87033
0x411cdb,97.5542%,21619,862315,883934,784597,9511,12108,77718
0x41104e,96.0958%,20524,505161,525685,446143,8701,11823,59018
0x4120ef,98.1373%,14873,783578,798451,747560,6032,8841,36018
0x41ac73,96.6879%,12514,365317,377831,340783,5796,6718,24534
0x41ae23,94.4568%,12152,207073,219225,203409,2338,9814,3664
0x41321e,97.7867%,11633,513961,525594,461493,5686,5947,52468
0x412fb0,97.6217%,8879,364455,373334,268533,4235,4644,95922
0x412633,96.9819%,8110,260598,268708,33526,4670,3440,227072
0x4134a1,97.3271%,8005,291477,299482,260852,4711,3294,30625
0x4118ce,97.8603%,7990,365435,373425,269828,3324,4666,95607
0x412d38,99.0047%,7946,790413,798359,704690,3935,4011,85723
0x410341,94.4072%,7588,128087,135675,29848,4162,3426,98239
0x4130f0,98.8197%,7251,607069,614320,540260,3310,3941,66809
0x410794,98.1193%,5634,293939,299573,246688,2603,3031,47251
0x41ad1f,96.4411%,4317,116985,121302,106343,1481,2836,10642
0x412e6e,99.5189%,4252,879591,883843,781711,1950,2302,97880
0x4123df,90.7064%,4169,40690,44859,26117,2194,1975,14573
0x410c08,96.0234%,4079,98497,102576,42249,1821,2258,56248
0x41acba,99.369%,2384,375447,377831,295264,649,1735,80183
0x413360,98.593%,1442,101043,102485,51718,576,866,49325
0x409b7f,70.4845%,1054,2517,3571,836,597,457,1681
0x40c953,70.1737%,910,2141,3051,1716,318,592,425
0x40c657,70.9603%,886,2165,3051,1727,307,579,438
0x40de8a,85.4021%,875,5119,5994,1433,541,334,3686
0x40bfff,72.2058%,848,2203,3051,1760,274,574,443
0x409d02,73.0438%,844,2287,3131,512,507,337,1775
0x409b47,89.0193%,842,6826,7668,3853,244,598,2973
0x40c2fb,73.4841%,809,2242,3051,1731,303,506,511
0x40f66f,87.4959%,771,5395,6166,4918,223,548,477
0x406cc6,68.7219%,766,1683,2449,469,465,301,1214
0x40ee5c,81.3925%,759,3320,4079,3230,169,590,90
0x40f2d5,80.108%,737,2968,3705,2884,197,540,84
0x40bdac,77.4828%,687,2364,3051,275,462,225,2089
0x409d27,76.1767%,658,2104,2762,646,358,300,1458
0x40a83e,91.5623%,647,7021,7668,6627,189,458,394
0x409bbc,70.9074%,622,1516,2138,1175,241,381,341
0x406c9b,88.3598%,616,4676,5292,2623,220,396,2053
0x409c9f,86.5741%,609,3927,4536,2493,249,360,1434
0x40aa4d,94.9855%,606,11479,12085,77,526,80,11402
0x409cc8,66.3322%,604,1190,1794,409,355,249,781
0x40b308,95.0075%,603,11475,12078,64,539,64,11411
0x40bcce,95.0325%,597,11421,12018,103,500,97,11318
0x40c713,80.5637%,593,2458,3051,2220,171,422,238
0x40c0b8,80.6293%,591,2460,3051,2126,188,403,334
0x402c4d,72.4444%,558,1467,2025,480,225,333,987
0x40f702,83.4391%,548,2761,3309,1978,229,319,783
0x407353,89.6825%,546,4746,5292,4492,212,334,254
0x40c3fc,82.137%,545,2506,3051,267,393,152,2239
0x406a70,66.4198%,544,1076,1620,283,320,224,793
0x40ee0e,91.175%,540,5579,6119,1715,259,281,3864
0x4097ea,67.7778%,522,1098,1620,271,332,190,827
0x407968,75.5611%,490,1515,2005,317,318,172,1198
0x4135e8,99.6408%,487,135096,135583,119568,204,283,15528
0x402745,73.0381%,481,1303,1784,304,307,174,999
0x40ef3e,92.3982%,465,5652,6117,5277,162,303,375
0x40f6f2,92.9104%,437,5727,6164,2850,232,205,2877
0x40218b,76.1771%,425,1359,1784,368,247,178,991
0x40f714,62.4319%,414,688,1102,590,146,268,98
0x4087ef,65.7807%,412,792,1204,188,247,165,604
0x4063e7,65.8638%,411,793,1204,195,240,171,598
0x412629,99.2834%,408,56527,56935,6096,238,170,50431
0x405b15,67.1266%,405,827,1232,209,232,173,618
0x40840b,67.6948%,398,834,1232,198,243,155,636
0x409dc4,91.2919%,395,4141,4536,3904,128,267,237
0x4157fb,62.868%,391,662,1053,129,250,141,533
0x40ef76,63.1631%,375,643,1018,524,156,219,119
0x40df85,94.044%,357,5637,5994,5263,65,292,374
0x40f685,65.561%,353,672,1025,560,137,216,112
0x4078de,69.2238%,341,767,1108,288,176,165,479
0x415138,67.9012%,338,715,1053,526,148,190,189
0x402e51,68.9338%,338,750,1088,313,152,186,437
0x401dc4,84.7953%,338,1885,2223,1445,120,218,440
0x401ce3,85.0652%,332,1891,2223,499,223,109,1392
0x40f41e,73.9024%,321,909,1230,864,101,220,45
0x401d33,85.695%,318,1905,2223,502,201,117,1403
0x402e2f,86.0549%,310,1913,2223,1002,133,177,911
0x40f567,91.1232%,294,3018,3312,3012,72,222,6
0x409965,71.909%,284,727,1011,620,107,177,107
0x4089f0,65.9873%,267,518,785,189,137,130,329
0x404bfc,85.2208%,261,1505,1766,1451,99,162,54
0x40332e,87.358%,256,1769,2025,1728,72,184,41
0x40d145,58.5246%,253,357,610,91,147,106,266
0x40edbd,75.1961%,253,767,1020,194,146,107,573
0x406c35,85.8277%,250,1514,1764,1062,114,136,452
0x406ced,84.2904%,238,1277,1515,862,108,130,415
0x409acd,90.7668%,236,2320,2556,1588,116,120,732
0x4083d5,78.7004%,236,872,1108,797,81,155,75
0x403608,86.7713%,236,1548,1784,1521,52,184,27
0x402577,86.8274%,235,1549,1784,1486,75,160,63
0x40ee1b,94.4994%,228,3917,4145,1890,150,78,2027
0x40a88e,86.0494%,226,1394,1620,1369,71,155,25
0x4040f5,87.7252%,218,1558,1776,1548,40,178,10
0x402a91,87.8363%,217,1567,1784,1499,62,155,68
0x405c10,68.7045%,215,472,687,164,113,102,308
0x406b90,79.4263%,208,803,1011,751,64,144,52
0x40d884,62.0183%,207,338,545,101,128,79,237
0x407765,73.957%,206,585,791,102,128,78,483
0x4110ab,99.6991%,205,67919,68124,67341,50,155,578
0x401d41,90.8232%,204,2019,2223,1905,71,133,114
0x409c5b,86.5079%,204,1308,1512,886,122,82,422
0x406209,84.0097%,197,1035,1232,986,70,127,49
0x409d5f,80.3785%,197,807,1004,701,67,130,106
0x406482,65.7895%,195,375,570,125,92,103,250
0x4084d5,84.2532%,194,1038,1232,994,62,132,44
0x4068d3,84.0532%,192,1012,1204,970,62,130,42
0x402ef2,91.5239%,188,2030,2218,1913,63,125,117
0x408a76,61.1691%,186,293,479,46,107,79,247
0x401cf1,91.7229%,184,2039,2223,1919,57,127,120
0x40224b,64.4401%,181,328,509,129,105,76,199
0x40564b,74.1007%,180,515,695,408,76,104,107
0x408879,76.593%,180,589,769,516,59,121,73
0x40738b,88.8889%,180,1440,1620,1403,37,143,37
0x410edd,99.6936%,179,58236,58415,3629,99,80,54607
0x409c15,73.5207%,179,497,676,39,129,50,458
0x407a87,74.2402%,178,513,691,113,98,80,400
0x40950d,77.3248%,178,607,785,531,60,118,76
0x41115f,99.7558%,173,70668,70841,21987,81,92,48681
0x403c3c,75.072%,173,521,694,434,49,124,87
0x411d18,99.8056%,172,88317,88489,87582,43,129,735
0x408a57,62.5272%,172,287,459,238,60,112,49
0x4114dd,99.8247%,171,97374,97545,96577,38,133,797
0x408b5a,70.6597%,169,407,576,100,88,81,307
0x408b40,71.4771%,168,421,589,101,90,78,320
0x405b65,79.0139%,166,625,791,590,49,117,35
0x40a862,93.5446%,165,2391,2556,2210,62,103,181
0x40689c,71.4035%,163,407,570,366,67,96,41
0x409574,86.4618%,163,1041,1204,988,44,119,53
0x407aa0,75.7801%,163,510,673,99,109,54,411
0x41212f,99.6296%,162,43578,43740,42536,54,108,1042
0x41515a,84.6154%,162,891,1053,880,56,106,11
0x412660,99.6384%,161,44369,44530,42702,47,114,1667
0x40eec7,84.6304%,158,870,1028,202,82,76,668
0x40645c,79.4538%,158,611,769,586,46,112,25
0x4061a4,77.147%,157,530,687,471,64,93,59
0x40ced6,83.2265%,157,779,936,767,37,120,12
0x408b14,63.9723%,156,277,433,166,75,81,111
0x4046f4,73.9496%,155,440,595,355,52,103,85
0x40eee3,77.6968%,153,533,686,526,44,109,7
0x41108f,99.784%,153,70688,70841,2616,101,52,68072
0x415803,82.3877%,149,697,846,615,59,90,82
0x40ee7c,78.0882%,149,531,680,524,40,109,7
0x40f72e,59.5628%,148,218,366,186,60,88,32
0x409df7,90.2116%,148,1364,1512,1297,47,101,67
0x410fb4,99.7484%,147,58268,58415,13818,74,73,44450
0x4113c4,99.7922%,147,70603,70750,21926,77,70,48677
0x409bf9,79.9169%,145,577,722,494,44,101,83
0x401412,87.8788%,144,1044,1188,993,57,87,51
0x40473e,91.8919%,144,1632,1776,1519,35,109,113
0x40736f,91.8934%,143,1621,1764,1504,64,79,117
0x410c59,99.759%,141,58365,58506,3662,79,62,54703
0x411923,99.8548%,141,96997,97138,96386,44,97,611
0x40f325,96.1861%,141,3556,3697,2387,80,61,1169
0x40f2eb,77.5641%,140,484,624,474,45,95,10
0x40d632,85.1133%,138,789,927,769,40,98,20
0x4013c2,88.3838%,138,1050,1188,1016,56,82,34
0x416203,86.9896%,137,916,1053,914,22,115,2
0x4079b2,78.5827%,136,499,635,57,83,53,442
0x40ef31,87.1345%,132,894,1026,875,37,95,19
0x40e107,97.7413%,132,5712,5844,5190,40,92,522
0x40d37d,78.5246%,131,479,610,438,40,91,41
0x40565c,92.6178%,130,1631,1761,127,90,40,1504
0x40f2a3,96.4912%,130,3575,3705,2399,76,54,1176
0x403c89,92.7691%,129,1655,1784,1539,22,107,116
0x407a57,71.0762%,129,317,446,166,65,64,151
0x40daca,77.1481%,125,422,547,378,51,74,44
0x401cae,88.1292%,125,928,1053,745,61,64,183
0x40b22f,92.3457%,124,1496,1620,1407,33,91,89
0x411b94,99.8733%,123,96937,97060,96366,25,98,571
0x41223d,99.728%,122,44737,44859,14389,65,57,30348
0x411dc7,99.8642%,122,89704,89826,38488,55,67,51216
0x408bb9,72.0554%,121,312,433,240,40,81,72
0x40d89e,61.7089%,121,195,316,53,63,58,142
0x40eed0,83.871%,120,624,744,270,72,48,354
0x40d3ca,87.2863%,119,817,936,797,35,84,20
0x410473,99.6589%,116,33894,34010,5007,59,57,28887
0x411c44,99.8842%,116,100066,100182,35507,58,58,64559
0x407aff,73.991%,116,330,446,254,52,64,76
0x411f7a,99.8711%,114,88296,88410,87565,20,94,731
0x4114c1,99.8867%,114,100543,100657,3032,80,34,97511
0x411309,99.8389%,114,70636,70750,2631,73,41,68005
0x411814,99.8866%,114,100452,100566,35865,59,55,64587
0x41158a,99.8867%,114,100543,100657,35926,63,51,64617
0x41175c,99.8841%,113,97354,97467,96542,34,79,812
0x40f39a,90.813%,113,1117,1230,1115,29,84,2
0x410ef9,99.7934%,113,54574,54687,54310,17,96,264
0x40db1a,87.8101%,113,814,927,792,32,81,22
0x411b78,99.8882%,112,100070,100182,3045,77,35,97025
0x405c4d,96.9648%,112,3578,3690,3184,96,16,394
0x412276,99.232%,111,14343,14454,1950,55,56,12393
0x40babf,93.1481%,111,1509,1620,1402,38,73,107
0x402e78,82.3435%,110,513,623,426,38,72,87
0x40d15f,70.6989%,109,263,372,72,61,48,191
0x407ac2,94.1774%,109,1763,1872,1597,67,42,166
0x401a84,89.7436%,108,945,1053,174,73,35,771
0x401de2,85.695%,106,635,741,450,44,62,185
0x40369c,84.8703%,105,589,694,579,36,69,10
0x401dd6,95.3216%,104,2119,2223,1427,55,49,692
0x401420,91.2458%,104,1084,1188,1008,48,56,76
0x4027e0,69.3009%,101,228,329,142,48,53,86
0x4021d2,91.3601%,101,1068,1169,1053,31,70,15
0x412024,99.8886%,100,89634,89734,38420,57,43,51214
0x40d122,98.1785%,100,5390,5490,4831,49,51,559
0x402ca5,92.5758%,98,1222,1320,1205,25,73,17
0x401df5,90.6933%,98,955,1053,900,36,62,55
0x40e2ad,85.4354%,97,569,666,569,23,74,0
0x40f2b3,96.0808%,97,2378,2475,1183,55,42,1195
0x4013d0,91.835%,97,1091,1188,1015,41,56,76
0x40d861,98.0703%,95,4828,4923,4335,41,54,493
0x404d3c,86.5714%,94,606,700,592,35,59,14
0x40ca9e,94.321%,92,1528,1620,1410,30,62,118
0x40285c,71.8654%,92,235,327,216,37,55,19
0x4106ec,99.7317%,91,33828,33919,4951,50,41,28877
0x41ad47,99.9325%,91,134689,134780,121245,57,34,13444
0x412645,99.9605%,91,230421,230512,12361,44,47,218060
0x412113,99.7994%,90,44769,44859,1057,62,28,43712
0x405c98,56.7308%,90,118,208,24,29,61,94
0x4079ad,98.4252%,90,5625,5715,5038,42,48,587
0x411325,99.8677%,90,67956,68046,67333,19,71,623
0x4108ba,99.823%,89,50193,50282,6095,63,26,44098
0x4027b2,92.5831%,87,1086,1173,1076,21,66,10
0x411196,99.6058%,87,21981,22068,2258,61,26,19723
0x402de7,87.9334%,87,634,721,424,50,37,210
0x4064b6,97.293%,86,3091,3177,2758,66,20,333
0x401f73,87.0871%,86,580,666,580,12,74,0
0x4022cc,83.1041%,86,423,509,394,30,56,29
0x411cfc,99.9076%,83,89743,89826,1283,54,29,88460
0x411907,99.9172%,83,100190,100273,3082,53,30,97108
0x40e146,87.5375%,83,583,666,583,9,74,0
0x4064c2,76.7705%,82,271,353,251,30,52,20
0x4119ca,99.9182%,82,100191,100273,35583,47,35,64608
0x40ca76,89.2905%,80,667,747,283,37,43,384
0x406d2d,85.3211%,80,465,545,458,15,65,7
0x411f5e,99.912%,79,89655,89734,1268,56,23,88387
0x412d46,99.7947%,79,38398,38477,1547,50,29,36851
0x4103a8,99.7677%,79,33931,34010,1482,61,18,32449
0x40279d,99.2612%,78,10479,10557,9337,47,31,1142
0x40ea11,88.2883%,78,588,666,588,4,74,0
0x41ae1d,99.9626%,77,205670,205747,39336,48,29,166334
0x410809,99.8445%,76,48791,48867,48416,20,56,375
0x4107ed,99.8508%,75,50207,50282,1366,49,26,48841
0x408b7c,95.6265%,74,1618,1692,1468,36,38,150
0x40d1a3,69.0377%,74,165,239,152,29,45,13
0x40e266,98.7583%,73,5806,5879,5241,18,55,565
0x402f0f,89.8045%,73,643,716,606,31,42,37
0x403690,98.8473%,72,6174,6246,5521,31,41,653
0x405c52,82.439%,72,338,410,325,25,47,13
0x40417c,87.8992%,72,523,595,520,20,52,3
0x40b317,99.3725%,72,11403,11475,10431,27,45,972
0x4103c4,99.7782%,72,32395,32467,32075,25,47,320
0x410c75,99.8685%,72,54693,54765,54340,26,46,353
0x40e5c3,64.532%,72,131,203,36,26,46,95
0x406d49,71.5415%,72,181,253,24,40,32,157
0x408b27,95.8912%,71,1657,1728,1506,30,41,151
0x40844d,99.0027%,71,7048,7119,6284,44,27,764
0x40f578,69.2982%,70,158,228,147,29,41,11
0x4064d8,70.6383%,69,166,235,28,39,30,138
0x404170,98.7302%,68,5287,5355,4731,29,39,556
0x411e06,99.8236%,68,38475,38543,1599,24,44,36876
0x4086ee,95.8642%,67,1553,1620,1410,30,37,143
0x40c9fb,89.9399%,67,599,666,332,33,34,267
0x40ca24,92.8875%,67,875,942,844,15,52,31
0x402c9d,99.4444%,66,11814,11880,10526,34,32,1288
0x4014f2,94.4444%,66,1122,1188,1113,30,36,9
0x409cdb,99.2988%,65,9205,9270,8205,35,30,1000
0x4021cd,99.3822%,65,10456,10521,9313,39,26,1143
0x4089ff,98.4265%,65,4066,4131,3629,43,22,437
0x406d21,98.6748%,65,4840,4905,4325,35,30,515
0x41295a,99.7732%,64,28155,28219,13765,36,28,14390
0x40f692,80.4878%,64,264,328,262,18,46,2
0x406335,96.0494%,64,1556,1620,1405,35,29,151
0x411740,99.9364%,64,100502,100566,3057,42,22,97445
0x4158e4,93.9221%,64,989,1053,974,16,48,15
0x401ad6,94.0171%,63,990,1053,919,17,46,71
0x40641f,99.1042%,62,6859,6921,6113,39,23,746
0x4057b5,72.4444%,62,163,225,121,29,33,42
0x412884,99.7803%,62,28157,28219,390,39,23,27767
0x40227d,97.5354%,61,2414,2475,2163,37,24,251
0x407a6d,96.8992%,60,1875,1935,1692,28,32,183
0x408b81,68.617%,59,129,188,115,19,40,14
0x411a06,99.8344%,59,35571,35630,1298,39,20,34273
0x40cbe7,99.6818%,58,18167,18225,16178,22,36,1989
0x401503,95.1178%,58,1130,1188,767,25,33,363
0x403545,97.1358%,58,1967,2025,1769,31,27,198
0x410aa1,99.8811%,58,48731,48789,48379,18,40,352
0x40b885,94.2913%,58,958,1016,928,7,51,30
0x40e62a,99.0204%,58,5863,5921,5264,20,38,599
0x4026a5,97.1852%,57,1968,2025,1770,30,27,198
0x405b5d,99.1993%,57,7062,7119,6291,37,20,771
0x409d70,97.4105%,55,2069,2124,1859,29,26,210
0x40135c,95.3704%,55,1133,1188,1024,32,23,109
0x40e066,99.0672%,55,5841,5896,5841,3,52,0
0x410645,99.8302%,55,32334,32389,32016,45,10,318
0x40afcd,94.5919%,55,962,1017,940,4,51,22
0x40e0c5,77.686%,54,188,242,15,30,24,173
0x40280d,95.6835%,54,1197,1251,1086,26,28,111
0x40ce12,94.2308%,54,882,936,810,22,32,72
0x40e0d5,72.5888%,54,143,197,20,32,22,123
0x40aa5c,99.5384%,53,11429,11482,10441,24,29,988
0x40f432,80%,53,212,265,209,15,38,3
0x40e9f4,99.9018%,53,53893,53946,47930,22,31,5963
0x412fbe,99.8525%,53,35871,35924,2259,34,19,33612
0x409b92,99.7246%,53,19189,19242,17076,28,25,2113
0x408ba2,89.3004%,52,434,486,406,26,26,28
0x410d1a,99.9111%,52,58454,58506,13934,23,29,44520
0x40791d,99.1028%,52,5744,5796,5121,31,21,623
0x40efc1,54.4643%,51,61,112,58,17,34,3
0x40c9a2,95.0836%,50,967,1017,934,8,42,33
0x40e5d4,71.2644%,50,124,174,99,24,26,25
0x410d56,99.6418%,50,13907,13957,2037,32,18,11870
0x40f593,76.5258%,50,163,213,153,20,30,10
0x40ca95,93.4404%,49,698,747,643,21,28,55
0x402e9d,96.5758%,49,1382,1431,1246,26,23,136
0x40d8e0,75.5%,49,151,200,123,16,33,28
0x407ac7,76.4423%,49,159,208,147,15,34,12
0x4128a0,99.8237%,49,27741,27790,26681,15,34,1060
0x40bcdd,99.5795%,48,11367,11415,7789,22,26,3578
0x40e1e5,99.1899%,48,5877,5925,5877,2,46,0
0x412853,99.6979%,48,15841,15889,58,33,15,15783
0x40763c,97.037%,48,1572,1620,1414,26,22,158
0x40f745,60.8333%,47,73,120,66,16,31,7
0x408837,99.3209%,47,6874,6921,6130,22,25,744
0x40743d,99.7421%,47,18178,18225,16169,31,16,2009
0x40a977,97.679%,47,1978,2025,1790,10,37,188
0x406e7a,78.2407%,47,169,216,164,28,19,5
0x40e243,79.2793%,46,176,222,30,27,19,146
0x412e7c,99.8707%,46,35519,35565,1283,28,18,34236
0x40d62d,99.4486%,46,8297,8343,7393,23,23,904
0x40e248,72.1212%,46,119,165,17,29,17,102
0x40e5c8,67.3759%,46,95,141,7,22,24,88
0x410a85,99.9084%,46,50145,50191,1373,29,17,48772
0x40acb8,99.9454%,45,82332,82377,73196,28,17,9136
0x40775d,99.3819%,44,7075,7119,6307,21,23,768
0x40cbf3,97.8272%,44,1981,2025,1789,11,33,192
0x40ced1,99.4777%,44,8380,8424,7476,12,32,904
0x4040f0,99.7247%,44,15940,15984,14197,11,33,1743
0x40b57b,99.5302%,43,9110,9153,8127,9,34,983
0x40ca1a,93.5435%,43,623,666,580,12,31,43
0x409840,99.5302%,43,9110,9153,8114,22,21,996
0x407449,97.9259%,42,1983,2025,1791,9,33,192
0x412bcc,99.9062%,42,44725,44767,14369,19,23,30356
0x4033f9,97.9753%,41,1984,2025,1797,3,38,187
0x40d19e,98.0939%,41,2110,2151,1890,22,19,220
0x406ddb,81.0185%,41,175,216,134,18,23,41
0x405a3e,97.4691%,41,1579,1620,1414,26,15,165
0x409d75,83.0508%,40,196,236,186,9,31,10
0x40e568,99.3277%,40,5910,5950,5910,11,29,0
0x403600,99.7509%,40,16016,16056,14245,27,13,1771
0x40e73a,45.9459%,40,34,74,12,24,16,22
0x40f2f5,62.8571%,39,66,105,4,24,15,62
0x404045,98.0741%,39,1986,2025,1782,18,21,204
0x40588e,98.0741%,39,1986,2025,0,0,39,1986
0x412b00,99.9129%,39,44728,44767,1082,24,15,43646
0x410b54,99.9223%,39,50152,50191,6072,21,18,44080
0x40ea00,99.3493%,39,5955,5994,5315,13,26,640
0x40defd,99.895%,38,36142,36180,32135,25,13,4007
0x410629,99.888%,38,33881,33919,1507,23,15,32374
0x40e792,98.6968%,38,2878,2916,2568,24,14,310
0x40eb12,96.3913%,38,1015,1053,918,18,20,97
0x4104b6,99.2499%,38,5028,5066,3096,3,35,1932
0x406932,79.4444%,37,143,180,142,18,19,1
0x409582,80%,36,144,180,142,18,18,2
0x408a52,99.1285%,36,4095,4131,3648,24,12,447
0x40bcf4,99.0011%,36,3568,3604,2565,22,14,1003
0x415d96,93.6508%,36,531,567,351,27,9,180
0x40df9f,94.5946%,36,630,666,581,11,25,49
0x403e6c,84%,36,189,225,189,11,25,0
0x40a96b,99.8025%,36,18189,18225,16183,17,19,2006
0x41241f,99.8708%,36,27833,27869,26733,3,33,1100
0x40150f,91.1616%,35,361,396,253,11,24,108
0x41322c,99.7481%,35,13857,13892,2020,23,12,11837
0x402ae5,84.4444%,35,190,225,183,17,18,7
0x4115c6,99.9027%,35,35954,35989,2299,20,15,33655
0x40d561,96.2607%,35,901,936,823,9,26,78
0x401f4f,99.9351%,35,53911,53946,47931,21,14,5980
0x40654e,74.0741%,35,100,135,98,22,13,2
0x40e1e0,99.9362%,34,53291,53325,47381,19,15,5910
0x40e662,95.045%,33,633,666,437,7,26,196
0x4058a9,98.3704%,33,1992,2025,1790,10,23,202
0x4126d1,77.0833%,33,111,144,108,20,13,3
0x401f94,55.4054%,33,41,74,39,10,23,2
0x406b35,99.6395%,33,9120,9153,6082,20,13,3038
0x401f62,99.4494%,33,5961,5994,5316,12,21,645
0x40ddfd,99.4494%,33,5961,5994,5307,21,12,654
0x4058b5,85.3333%,33,192,225,192,8,25,0
0x41336e,99.4584%,33,6060,6093,2379,18,15,3681
0x402595,85.7778%,32,193,225,188,12,20,5
0x40e67f,85.5856%,32,190,222,142,6,26,48
0x401b23,96.9611%,32,1021,1053,915,21,11,106
0x409da6,91.3279%,32,337,369,310,18,14,27
0x40c9ff,89.3688%,32,269,301,167,8,24,102
0x4177a3,84.5411%,32,175,207,171,13,19,4
0x40cada,82.7778%,31,149,180,108,12,19,41
0x40ca7a,92.74%,31,396,427,202,16,15,194
0x45c353,99.7709%,31,13499,13530,0,0,31,13499
0x40eee8,73.2759%,31,85,116,85,18,13,0
0x40cbff,86.2222%,31,194,225,194,6,25,0
0x40b0eb,57.5342%,31,42,73,31,8,23,11
0x40589d,99.8299%,31,18194,18225,16185,15,16,2009
0x40e8a8,99.6729%,31,9446,9477,8406,18,13,1040
0x40a983,86.2222%,31,194,225,194,6,25,0
0x4052c1,57.5342%,31,42,73,12,17,14,30
0x41a638,98.528%,31,2075,2106,1862,10,21,213
0x417734,85.5072%,30,177,207,170,14,16,7
0x40b570,99.9636%,30,82347,82377,73207,17,13,9140
0x4020fd,98.5185%,30,1995,2025,1785,15,15,210
0x40e71d,99.4995%,30,5964,5994,5313,15,15,651
0x46fec2,89.0909%,30,245,275,205,15,15,40
0x40f309,51.6667%,29,31,60,16,21,8,15
0x4157b6,99.694%,29,9448,9477,6303,15,14,3145
0x402d90,96.4198%,29,781,810,528,12,17,253
0x409d32,98.3504%,29,1729,1758,2,13,16,1727
0x4084e1,83.8889%,29,151,180,149,11,18,2
0x40340f,87.1111%,29,196,225,196,4,25,0
0x412b1c,99.9336%,29,43632,43661,42545,5,24,1087
0x406dfc,54.6875%,29,35,64,17,12,17,18
0x4048c9,87.1111%,29,196,225,189,11,18,7
0x41b449,97.8691%,28,1286,1314,859,17,11,427
0x402828,64.1026%,28,50,78,4,13,15,46
0x4033ed,99.8464%,28,18197,18225,16188,12,16,2009
0x40e92a,97.3409%,28,1025,1053,917,19,9,108
0x4134b7,99.4401%,28,4973,5001,3056,17,11,1917
0x40f2ff,63.6364%,28,49,77,7,10,18,42
0x408874,99.5954%,28,6893,6921,6135,17,11,758
0x40cf0a,97.6431%,28,1160,1188,1044,12,16,116
0x40d1cf,94.8276%,27,495,522,443,21,6,52
0x4035c3,98.4865%,27,1757,1784,0,0,27,1757
0x4179e3,78.9062%,27,101,128,62,24,3,39
0x409924,99.705%,27,9126,9153,6082,20,7,3044
0x40ead4,99.7257%,26,9451,9477,8408,16,10,1043
0x4155fc,99.177%,26,3133,3159,2089,17,9,1044
0x40d66e,97.5518%,26,1036,1062,929,15,11,107
0x4019b9,97.5309%,26,1027,1053,932,4,22,95
0x406b46,99.1478%,26,3025,3051,2019,15,11,1006
0x40d1db,55.1724%,26,32,58,17,12,14,15
0x407ae8,93.9614%,25,389,414,356,12,13,33
0x4038a6,68.3544%,25,54,79,3,14,11,51
0x407455,88.8889%,25,200,225,200,0,25,0
0x40acc3,99.7269%,25,9128,9153,8129,7,18,999
0x401e2c,78.6325%,25,92,117,92,12,13,0
0x401325,81.0606%,25,107,132,0,0,25,107
0x4154b6,97.6258%,25,1028,1053,0,0,25,1028
0x40b24f,86.6667%,24,156,180,149,11,13,7
0x40334d,89.3333%,24,201,225,192,8,16,9
0x406b23,99.2134%,24,3027,3051,0,0,24,3027
0x40f7d4,75.7576%,24,75,99,75,13,11,0
0x40a8ad,86.6667%,24,156,180,144,16,8,12
0x40f57e,53.8462%,24,28,52,24,13,11,4
0x4124bf,99.9152%,24,28287,28311,13855,12,12,14432
0x406b8b,99.7472%,23,9076,9099,8076,12,11,1000
0x41ae54,99.9147%,23,26933,26956,13466,12,11,13467
0x40d8db,98.7222%,23,1777,1800,1589,11,12,188
0x4108f6,99.6265%,23,6135,6158,2414,9,14,3721
0x412a4e,99.9678%,23,71491,71514,35743,14,9,35748
0x412ccd,99.9691%,23,74431,74454,37210,17,6,37221
0x40621c,87.2222%,23,157,180,152,8,15,5
0x417634,34.2857%,23,12,35,4,8,15,8
0x4019ad,99.7573%,23,9454,9477,8412,12,11,1042
0x40f124,84.0278%,23,121,144,118,10,13,3
0x46fda7,97.78%,22,969,991,47,8,14,922
0x40d914,95.9927%,22,527,549,476,12,10,51
0x402ea9,86.1635%,22,137,159,133,6,16,4
0x410b2e,99.9849%,22,145953,145975,97175,11,11,48778
0x40de09,96.6967%,22,644,666,588,4,18,56
0x40d414,79.8077%,21,83,104,82,9,12,1
0x40eb5e,98.0057%,21,1032,1053,925,11,10,107
0x405d4d,66.6667%,21,42,63,42,14,7,0
0x405b1e,97.3451%,21,770,791,0,0,21,770
0x40f5bb,44.7368%,21,17,38,2,11,10,15
0x40b394,99.7706%,21,9132,9153,8126,10,11,1006
0x40d920,65.5738%,21,40,61,30,5,16,10
0x409c20,96.063%,20,488,508,1,15,5,487
0x417792,90.3382%,20,187,207,0,0,20,187
0x41298f,99.8551%,20,13781,13801,1877,5,15,11904
0x40ea3f,72.973%,20,54,74,0,13,7,54
0x407606,88.8889%,20,160,180,0,0,20,160
0x405ca7,87.0968%,20,135,155,130,18,2,5
0x410f8e,99.9878%,20,163681,163701,109007,7,13,54674
0x414625,91.453%,20,214,234,197,11,9,17
0x415166,82.906%,20,97,117,92,12,8,5
0x40f6a1,58.3333%,20,28,48,20,9,11,8
0x40eadd,98.1007%,20,1033,1053,932,4,16,101
0x406d96,72.2222%,20,52,72,45,3,17,7
0x407a92,95.8333%,20,460,480,0,4,16,460
0x40e0f5,90%,19,171,190,171,19,0,0
0x40e7ee,74.3243%,19,55,74,53,8,11,2
0x40b215,88.2716%,19,143,162,141,10,9,2
0x410cee,99.9884%,19,163877,163896,109116,15,4,54761
0x401aef,83.7607%,19,98,117,97,7,12,1
0x40bc57,98.8272%,19,1601,1620,0,0,19,1601
0x40e061,99.9642%,19,53045,53064,47160,8,11,5885
0x402eb9,79.7872%,19,75,94,3,12,7,72
0x41a64a,91.8803%,19,215,234,207,1,18,8
0x408a81,94.1718%,19,307,326,304,14,5,3
0x410e52,99.9467%,19,35645,35664,23770,6,13,11875
0x402819,86.3309%,19,120,139,113,7,12,7
0x409bb7,99.9013%,19,19223,19242,17094,10,9,2129
0x40f1da,86.8056%,19,125,144,118,10,9,7
0x40aada,99.7924%,19,9134,9153,8123,13,6,1011
0x406e97,73.6111%,19,53,72,50,14,5,3
0x415cdf,89.9471%,19,170,189,0,0,19,170
0x41621d,83.7607%,19,98,117,98,6,13,0
0x4105c3,99.9471%,18,33992,34010,33992,18,0,0
0x40b034,75.3425%,18,55,73,4,11,7,51
0x408b65,95.3608%,18,370,388,1,2,16,369
0x4109dd,99.9197%,18,22392,22410,11192,13,5,11200
0x4014d7,95.4545%,18,378,396,0,0,18,378
0x402d9c,93.3333%,18,252,270,170,10,8,82
0x41ac53,99.9852%,18,121284,121302,52860,2,16,68424
0x402ece,77.2152%,18,61,79,60,14,4,1
0x40b8ec,79.0123%,17,64,81,19,9,8,45
0x40496a,92.4444%,17,208,225,0,0,17,208
0x4073aa,90.5556%,17,163,180,152,8,9,11
0x415da7,91.0053%,17,172,189,118,8,9,54
0x40d331,88.1944%,17,127,144,120,8,9,7
0x4030b3,62.2222%,17,28,45,20,10,7,8
0x40b0c8,90.2299%,17,157,174,157,9,8,0
0x408410,97.8508%,17,774,791,0,0,17,774
0x409938,99.4756%,16,3035,3051,2026,8,8,1009
0x40633a,91.1111%,16,164,180,0,8,8,164
0x4030a2,64.4444%,16,29,45,25,10,6,4
0x409d0d,99.2424%,16,2096,2112,0,11,5,2096
0x406d65,91.5344%,16,173,189,173,8,8,0
0x40c2a3,99.9232%,16,20810,20826,18506,6,10,2304
0x407973,98.8321%,16,1354,1370,1354,7,9,0
0x40c5ef,99.9256%,16,21503,21519,19121,7,9,2382
0x40af3a,99.8252%,16,9137,9153,8129,7,9,1008
0x40f59e,60%,16,24,40,16,1,15,8
0x4177e0,92.2705%,16,191,207,176,8,8,15
0x41088e,99.9891%,16,146154,146170,97291,12,4,48863
0x417a8b,54.2857%,16,19,35,17,14,2,2
0x4015c1,98.4805%,16,1037,1053,925,11,5,112
0x41136b,97.6945%,16,678,694,0,0,16,678
0x40ecae,58.9744%,16,23,39,0,0,16,23
0x41059e,99.7289%,16,5885,5901,3924,10,6,1961
0x40e8b4,98.4805%,16,1037,1053,934,2,14,103
0x4057c6,78.6667%,16,59,75,43,7,9,16
0x40d308,44.8276%,16,13,29,1,12,4,12
0x4157c7,99.5252%,15,3144,3159,2095,11,4,1049
0x40bcc9,99.6435%,15,4192,4207,0,0,15,4192
0x403015,66.6667%,15,30,45,18,12,3,12
0x4015d6,87.1795%,15,102,117,101,3,12,1
0x41267d,99.947%,15,28296,28311,28289,6,9,7
0x40450c,72.7273%,15,40,55,29,5,10,11
0x410e3d,99.979%,15,71313,71328,35657,7,8,35656
0x417924,90%,15,135,150,1,3,12,134
0x40d866,97.2578%,15,532,547,0,2,13,532
0x403a3a,81.0127%,15,64,79,57,7,8,7
0x40571c,66.6667%,15,30,45,30,10,5,0
0x40ba21,93.1507%,15,204,219,140,6,9,64
0x40f39f,82.5581%,15,71,86,57,4,11,14
0x414d9b,42.3077%,15,11,26,11,2,13,0
0x411d8e,99.9943%,15,264588,264603,176109,5,10,88479
0x45c367,99.8891%,15,13515,13530,0,0,15,13515
0x46fe6e,72.7273%,15,40,55,0,0,15,40
0x41292e,99.983%,14,82262,82276,54481,5,9,27781
0x4155e6,99.8523%,14,9463,9477,6310,8,6,3153
0x413d30,88.0342%,14,103,117,100,4,10,3
0x40e729,97.8979%,14,652,666,587,5,9,65
0x40eaeb,88.0342%,14,103,117,103,1,13,0
0x40f3c7,48.1481%,14,13,27,5,7,7,8
0x40baa5,87.037%,14,94,108,82,7,7,12
0x40e8c0,88.0342%,14,103,117,103,1,13,0
0x412e2e,99.9873%,14,110626,110640,73748,12,2,36878
0x401b2c,88.0342%,14,103,117,103,1,13,0
0x40f315,39.1304%,14,9,23,3,5,9,6
0x404aa0,93.7778%,14,211,225,2,1,13,209
0x40df34,68.8889%,14,31,45,31,9,5,0
0x409960,99.8461%,14,9085,9099,8080,8,6,1005
0x40199e,98.6705%,14,1039,1053,0,0,14,1039
0x407aab,96.9892%,14,451,465,2,1,13,449
0x40b226,91.358%,14,148,162,102,6,8,46
0x4152f8,98.6705%,14,1039,1053,0,0,14,1039
0x40ba10,93.6073%,14,205,219,205,9,5,0
0x4019c5,88.0342%,14,103,117,103,1,13,0
0x40219c,98.8024%,14,1155,1169,0,0,14,1155
0x4063f0,98.1795%,14,755,769,0,0,14,755
0x402f3f,68.8889%,14,31,45,31,9,5,0
0x4175a4,63.8889%,13,23,36,21,11,2,2
0x40f766,65.7895%,13,25,38,22,5,8,3
0x4117ee,99.9955%,13,291497,291510,194038,5,8,97459
0x406abd,98.7217%,13,1004,1017,0,0,13,1004
0x414ffe,88.8889%,13,104,117,96,8,5,8
0x407641,92.7778%,13,167,180,2,2,11,165
0x403273,71.1111%,13,32,45,27,8,5,5
0x412372,99.9652%,13,37334,37347,24893,5,8,12441
0x406528,51.8519%,13,14,27,1,11,2,13
0x41043e,99.9866%,13,97021,97034,64559,8,5,32462
0x40faa7,86.8687%,13,86,99,76,12,1,10
0x40b186,87.2549%,13,89,102,67,1,12,22
0x40b198,82.1918%,13,60,73,12,7,6,48
0x40cc13,48%,13,12,25,10,2,11,2
0x412c51,99.9678%,12,37215,37227,37215,12,0,0
0x40561d,86.6667%,12,78,90,74,6,6,4
0x40ca7f,97.7316%,12,517,529,517,10,2,0
0x40efa7,96.4497%,12,326,338,219,7,5,107
0x41b3c3,99.0868%,12,1302,1314,1161,7,5,141
0x46fdd3,98.773%,12,966,978,0,0,12,966
0x4106ce,99.9876%,12,96827,96839,64444,6,6,32383
0x4040ae,99.3243%,12,1764,1776,0,0,12,1764
0x41b4e4,98.9726%,12,1156,1168,1156,12,0,0
0x40b1fb,92.5926%,12,150,162,102,6,6,48
0x403284,73.3333%,12,33,45,26,4,8,7
0x401dbd,98.3806%,12,729,741,0,0,12,729
0x40469d,33.3333%,12,6,18,6,10,2,0
0x412403,99.9576%,12,28299,28311,434,8,4,27865
0x408b4b,96.9849%,12,386,398,0,1,11,386
0x46fe98,95.6364%,12,263,275,0,0,12,263
0x402942,33.3333%,12,6,18,5,9,3,1
0x40631e,93.3333%,12,168,180,0,0,12,168
0x417892,94.2029%,12,195,207,131,7,5,64
0x40bab6,88.8889%,12,96,108,68,4,8,28
0x40ba30,85.1852%,12,69,81,41,4,8,28
0x40aa14,99.2593%,12,1608,1620,0,0,12,1608
0x40cdff,88.4615%,12,92,104,0,0,12,92
0x405a46,93.8889%,11,169,180,2,2,9,167
0x40b175,89.2157%,11,91,102,86,6,5,5
0x407922,98.2919%,11,633,644,0,0,11,633
0x40da4a,57.6923%,11,15,26,8,2,9,7
0x458e3e,99.9187%,11,13519,13530,13519,11,0,0
0x40f5ce,56%,11,14,25,4,2,9,10
0x40c35d,99.6395%,11,3040,3051,0,0,11,3040
0x41739b,15.3846%,11,2,13,0,0,11,2
0x40e936,90.5983%,11,106,117,97,7,4,9
0x40351d,95.1111%,11,214,225,0,0,11,214
0x40f3b3,84.058%,11,58,69,50,6,5,8
0x402289,96%,11,264,275,264,2,9,0
0x401d08,95.5466%,11,236,247,0,0,11,236
0x40dde9,98.3483%,11,655,666,0,0,11,655
0x40d336,31.25%,11,5,16,5,11,0,0
0x45a275,99.9187%,11,13519,13530,0,0,11,13519
0x404385,80%,11,44,55,3,3,8,41
0x4179f0,73.8095%,11,31,42,26,3,8,5
0x40a94c,95.1111%,11,214,225,0,0,11,214
0x40b995,86.4198%,11,70,81,2,6,5,68
0x415107,90.5983%,11,106,117,94,10,1,12
0x414055,90.5983%,11,106,117,97,7,4,9
0x40cb1f,83.3333%,10,50,60,37,3,7,13
0x40ca04,97.9633%,10,481,491,480,8,2,1
0x40bf9f,99.952%,10,20816,20826,18504,8,2,2312
0x40da5c,37.5%,10,6,16,0,0,10,6
0x4109f2,99.9108%,10,11195,11205,7466,4,6,3729
0x406b4e,99.0167%,10,1007,1017,0,6,4,1007
0x405a0a,94.4444%,10,170,180,0,0,10,170
0x415548,99.6834%,10,3149,3159,0,0,10,3149
0x414025,91.453%,10,107,117,102,2,8,5
0x40573c,77.7778%,10,35,45,35,5,5,0
0x40f5dd,47.3684%,10,9,19,4,6,4,5
0x401f30,99.8332%,10,5984,5994,0,0,10,5984
0x4086b8,94.4444%,10,170,180,0,0,10,170
0x4064e7,94.0476%,10,158,168,158,5,5,0
0x40ece2,91.2281%,10,104,114,0,0,10,104
0x4013dd,92.4242%,10,122,132,0,0,10,122
0x405d1b,56.5217%,10,13,23,11,5,5,2
0x40b15b,90.1961%,10,92,102,61,7,3,31
0x41249e,99.9879%,10,82464,82474,54603,2,8,27861
0x40497f,95.5556%,10,215,225,0,0,10,215
0x4087f8,98.6996%,10,759,769,0,0,10,759
0x40c8fb,99.9535%,10,21509,21519,19120,8,2,2389
0x402297,61.5385%,10,16,26,7,2,8,9
0x41112e,99.9951%,10,203629,203639,135508,7,3,68121
0x402842,83.6066%,10,51,61,51,8,2,0
0x40b0d9,94.2529%,10,164,174,111,5,5,53
0x40d5df,98.9213%,10,917,927,0,0,10,917
0x402c5c,99.2424%,10,1310,1320,0,0,10,1310
0x412e1d,99.9955%,10,221270,221280,110636,4,6,110634
0x41ac79,99.968%,10,31242,31252,31242,10,0,0
0x4056cd,77.7778%,10,35,45,35,5,5,0
0x417931,93.1507%,10,136,146,126,5,5,10
0x413caa,61.5385%,10,16,26,11,2,8,5
0x412832,99.9647%,10,28285,28295,12402,3,7,15883
0x41afe7,93.1507%,10,136,146,136,10,0,0
0x412a5f,99.972%,10,35747,35757,23831,7,3,11916
0x40e25c,94.3182%,10,166,176,166,10,0,0
0x40bae1,94.4444%,10,170,180,158,2,8,12
0x406585,66.6667%,9,18,27,16,6,3,2
0x409912,99.705%,9,3042,3051,0,0,9,3042
0x40e460,99.8487%,9,5941,5950,0,0,9,5941
0x4056ff,80%,9,36,45,32,8,1,4
0x41afa6,93.8356%,9,137,146,0,0,9,137
0x410f4b,97.5%,9,351,360,0,0,9,351
0x41af9a,93.8356%,9,137,146,0,0,9,137
0x40db5c,91.3462%,9,95,104,87,4,5,8
0x40e17e,99.8481%,9,5916,5925,0,0,9,5916
0x4098af,99.115%,9,1008,1017,0,0,9,1008
0x401cbf,96.3563%,9,238,247,0,0,9,238
0x401456,93.1818%,9,123,132,0,0,9,123
0x40f258,96.7033%,9,264,273,0,0,9,264
0x402754,99.2327%,9,1164,1173,0,0,9,1164
0x40f3a4,64%,9,16,25,4,4,5,12
0x4097f3,99.115%,9,1008,1017,0,0,9,1008
0x458e0f,99.9335%,9,13521,13530,13521,9,0,0
0x409dab,78.0488%,9,32,41,0,0,9,32
0x41adab,99.9917%,9,107815,107824,107815,9,0,0
0x40acef,99.115%,9,1008,1017,0,0,9,1008
0x41199e,99.9969%,9,290697,290706,193562,6,3,97135
0x417882,95.6522%,9,198,207,0,0,9,198
0x46fdac,99.0798%,9,969,978,969,9,0,0
0x402da1,90%,9,81,90,3,3,6,78
0x415435,99.1453%,9,1044,1053,0,0,9,1044
0x40c9a6,88%,9,66,75,0,1,8,66
0x401394,93.1818%,9,123,132,0,0,9,123
0x4174d4,75%,9,27,36,24,8,1,3
0x4173d4,30.7692%,9,4,13,2,7,2,2
0x403111,80%,9,36,45,33,7,2,3
0x40e91b,92.3077%,9,108,117,0,0,9,108
0x411ffe,99.9966%,9,264396,264405,175992,3,6,88404
0x41552b,99.7151%,9,3150,3159,0,0,9,3150
0x405823,68%,8,17,25,0,0,8,17
0x41155e,99.9973%,8,291697,291705,194159,1,7,97538
0x411e51,99.9928%,8,110752,110760,110752,8,0,0
0x405638,20%,8,2,10,2,3,5,0
0x40de9b,99.801%,8,4012,4020,0,0,8,4012
0x40e898,99.2403%,8,1045,1053,0,0,8,1045
0x45c37b,99.9409%,8,13522,13530,13522,8,0,0
0x4031d6,82.2222%,8,37,45,27,3,5,10
0x41235d,99.9893%,8,74686,74694,37343,4,4,37343
0x41343d,99.9639%,8,22168,22176,11088,0,8,11080
0x40994d,99.2134%,8,1009,1017,0,6,2,1009
0x402971,55.5556%,8,10,18,10,6,2,0
0x40cbd8,99.6049%,8,2017,2025,0,0,8,2017
0x40df02,99.801%,8,4012,4020,4012,3,5,0
0x41137f,99.9882%,8,68038,68046,0,0,8,68038
0x40e705,98.7988%,8,658,666,0,0,8,658
0x406e45,87.3016%,8,55,63,50,6,2,5
0x40cbc8,96.4444%,8,217,225,0,0,8,217
0x40d546,92.3077%,8,96,104,0,0,8,96
0x417904,95.8333%,8,184,192,169,4,4,15
0x40b1a9,85.1852%,8,46,54,0,0,8,46
0x40f002,78.3784%,8,29,37,22,3,5,7
0x4121ae,99.9938%,8,130062,130070,86324,6,2,43738
0x4173a4,38.4615%,8,5,13,0,0,8,5
0x405360,89.0411%,8,65,73,61,1,7,4
0x4130fe,99.9636%,8,21995,22003,2289,4,4,19706
0x40d127,98.6885%,8,602,610,0,0,8,602
0x410e76,99.9863%,8,58498,58506,58498,8,0,0
0x415de5,95.7672%,8,181,189,62,1,7,119
0x4086f3,95.5556%,8,172,180,0,8,0,172
0x40ea92,94.5312%,7,121,128,59,2,5,62
0x40e44b,99.8824%,7,5943,5950,0,0,7,5943
0x4058c6,72%,7,18,25,1,4,3,17
0x403af3,53.3333%,7,8,15,0,2,5,8
0x402a03,61.1111%,7,11,18,9,5,2,2
0x4179c4,84.0909%,7,37,44,0,0,7,37
0x40eb1b,94.0171%,7,110,117,98,6,1,12
0x40a992,72%,7,18,25,0,5,2,18
0x41774a,69.5652%,7,16,23,16,7,0,0
0x40eb6a,94.0171%,7,110,117,102,2,5,8
0x40dfee,99.8813%,7,5889,5896,0,0,7,5889
0x40b975,95.5975%,7,152,159,152,5,2,0
0x410e10,99.9804%,7,35657,35664,0,0,7,35657
0x411ac0,99.9932%,7,102872,102879,0,0,7,102872
0x41b1d8,95.2055%,7,139,146,0,0,7,139
0x402688,96.8889%,7,218,225,0,0,7,218
0x41260c,99.9753%,7,28304,28311,14119,6,1,14185
0x411966,99.0113%,7,701,708,0,0,7,701
0x417aab,46.1538%,7,6,13,5,6,1,1
0x40eb54,94.0171%,7,110,117,0,0,7,110
0x405d91,69.5652%,7,16,23,14,2,5,2
0x45a20a,99.9483%,7,13523,13530,0,0,7,13523
0x40ba93,93.5185%,7,101,108,65,7,0,36
0x41789f,89.8551%,7,62,69,42,4,3,20
0x413ff5,94.0171%,7,110,117,101,3,4,9
0x41344e,99.9369%,7,11081,11088,7385,7,0,3696
0x402950,61.1111%,7,11,18,10,6,1,1
0x402900,61.1111%,7,11,18,10,6,1,1
0x411c1e,99.9979%,6,290505,290511,193449,2,4,97056
0x411eee,99.9946%,6,110754,110760,73837,3,3,36917
0x4033d1,99.7037%,6,2019,2025,0,0,6,2019
0x41041a,99.9815%,6,32461,32467,0,0,6,32461
0x407413,97.3333%,6,219,225,0,0,6,219
0x402a11,66.6667%,6,12,18,12,4,2,0
0x412f5e,99.9942%,6,102756,102762,68507,1,5,34249
0x4020bb,97.3333%,6,219,225,0,0,6,219
0x411b02,99.9942%,6,102873,102879,68581,5,1,34292
0x407460,76%,6,19,25,1,4,2,18
0x411edd,99.9973%,6,221514,221520,110754,6,0,110760
0x45c9d3,99.9557%,6,13524,13530,0,0,6,13524
0x40e984,91.8919%,6,68,74,0,0,6,68
0x410aeb,98.4694%,6,386,392,0,0,6,386
0x40ff91,99.9623%,6,15897,15903,0,0,6,15897
0x4124f6,99.9567%,6,13861,13867,1904,4,2,11957
0x408ba7,88.8889%,6,48,54,0,0,6,48
0x4133c1,99.9459%,6,11082,11088,11082,6,0,0
0x40ce88,99.359%,6,930,936,0,0,6,930
0x40b7f2,99.9344%,6,9147,9153,8132,4,2,1015
0x4141b4,84.6154%,6,33,39,20,6,0,13
0x413151,99.9899%,6,59124,59130,59124,6,0,0
0x414135,84.6154%,6,33,39,22,4,2,11
0x41124a,99.9899%,6,59241,59247,0,0,6,59241
0x412cde,99.9839%,6,37221,37227,24815,3,3,12406
0x45a86d,99.9557%,6,13524,13530,13524,6,0,0
0x40ef03,45.4545%,6,5,11,1,1,5,4
0x41768b,73.913%,6,17,23,17,6,0,0
0x40bfcb,99.7407%,6,2308,2314,0,0,6,2308
0x413f9b,53.8462%,6,7,13,7,6,0,0
0x40742e,99.7037%,6,2019,2025,0,0,6,2019
0x40e79e,98.1481%,6,318,324,288,0,6,30
0x40404a,97.3333%,6,219,225,0,3,3,219
0x405d67,25%,6,2,8,0,3,3,2
0x4177d3,97.1014%,6,201,207,0,0,6,201
0x413770,76.9231%,6,20,26,0,0,6,20
0x41139e,99.9971%,6,203438,203444,135395,3,3,68043
0x4179d3,95.3846%,6,124,130,0,2,4,124
0x409845,99.41%,6,1011,1017,0,0,6,1011
0x40465d,66.6667%,6,12,18,10,6,0,2
0x401d72,97.5709%,6,241,247,0,0,6,241
0x408a96,96.0784%,6,147,153,0,0,6,147
0x415813,96.5116%,6,166,172,0,0,6,166
0x4116e9,99.994%,6,100651,100657,100651,6,0,0
0x4055be,93.3333%,6,84,90,76,4,2,8
0x412ac8,99.9866%,6,44761,44767,0,0,6,44761
0x4110f6,99.1814%,6,727,733,0,0,6,727
0x4029c1,66.6667%,6,12,18,12,4,2,0
0x411aed,99.9971%,6,205752,205758,102873,6,0,102879
0x40655a,60%,6,9,15,9,3,3,0
0x40c57a,99.7491%,6,2385,2391,0,0,6,2385
0x40da73,95.8333%,6,138,144,123,5,1,15
0x4131cd,99.9949%,6,118254,118260,59130,0,6,59124
0x41b4df,98.6301%,6,432,438,143,3,3,289
0x40e59e,79.3103%,6,23,29,0,0,6,23
0x415cbb,96.8254%,6,183,189,0,0,6,183
0x4030bf,66.6667%,5,10,15,9,1,4,1
0x415d63,97.3545%,5,184,189,0,0,5,184
0x46fe67,90.9091%,5,50,55,0,0,5,50
0x409ced,99.5146%,5,1025,1030,0,0,5,1025
0x412df6,99.9955%,5,110635,110640,0,0,5,110635
0x40563c,0%,5,0,5,0,0,5,0
0x4173bc,61.5385%,5,8,13,0,0,5,8
0x412c00,99.9652%,5,14383,14388,1977,2,3,12406
0x407aed,89.1304%,5,41,46,0,0,5,41
0x41b250,98.2877%,5,287,292,0,0,5,287
0x411f12,99.9944%,5,89821,89826,89821,5,0,0
0x40da23,80.7692%,5,21,26,0,0,5,21
0x40b986,96.8553%,5,154,159,104,2,3,50
0x4178f3,97.449%,5,191,196,0,4,1,191
0x411b29,99.995%,5,100268,100273,100268,5,0,0
0x41470a,93.5897%,5,73,78,0,0,5,73
0x40bf2a,99.7839%,5,2309,2314,0,0,5,2309
0x4156eb,99.8417%,5,3154,3159,0,0,5,3154
0x406e1f,85.7143%,5,30,35,26,2,3,4
0x410504,99.9153%,5,5896,5901,5896,5,0,0
0x41359e,99.9136%,5,5779,5784,3851,5,0,1928
0x41b0d7,96.5753%,5,141,146,0,0,5,141
0x4131de,99.9915%,5,59125,59130,39416,4,1,19709
0x40b0a6,97.1264%,5,169,174,115,1,4,54
0x40fd0d,54.5455%,5,6,11,3,3,2,3
0x40288f,72.2222%,5,13,18,13,3,2,0
0x41a615,97.8632%,5,229,234,0,0,5,229
0x46fdbc,99.4888%,5,973,978,973,5,0,0
0x412821,68.75%,5,11,16,2,1,4,9
0x40541f,54.5455%,5,6,11,0,0,5,6
0x41309e,99.995%,5,100888,100893,67259,3,2,33629
0x412561,99.9861%,5,35872,35877,35872,5,0,0
0x405d59,28.5714%,5,2,7,0,4,1,2
0x412bae,99.9962%,5,129867,129872,86210,1,4,43657
0x40c889,99.7909%,5,2386,2391,0,0,5,2386
0x415dd8,97.3545%,5,184,189,0,0,5,184
0x41b015,96.5753%,5,141,146,0,0,5,141
0x4146ca,97.8632%,5,229,234,153,3,2,76
0x412f4d,99.9976%,5,205519,205524,102761,1,4,102758
0x40302b,66.6667%,5,10,15,10,0,5,0
0x410b02,99.9898%,5,48784,48789,0,0,5,48784
0x40e5fc,90.1961%,5,46,51,46,5,0,0
0x40f6b1,73.6842%,5,14,19,8,2,3,6
0x417872,92.7536%,5,64,69,0,0,5,64
0x40f446,87.8049%,5,36,41,0,0,5,36
0x40f01d,58.3333%,5,7,12,7,2,3,0
0x41abe6,99.9815%,5,26951,26956,13477,1,4,13474
0x412ca6,99.9866%,5,37222,37227,0,0,5,37222
0x41a594,80.7692%,5,21,26,0,0,5,21
0x40eefc,58.3333%,5,7,12,0,1,4,7
0x406e5a,28.5714%,5,2,7,0,2,3,2
0x41218a,99.9909%,4,43736,43740,0,0,4,43736
0x410689,98.7805%,4,324,328,0,0,4,324
0x40ce17,96.1538%,4,100,104,0,0,4,100
0x40b398,99.6067%,4,1013,1017,0,0,4,1013
0x46fed8,92.7273%,4,51,55,41,1,3,10
0x40e9d8,99.3994%,4,662,666,0,0,4,662
0x41a475,84.6154%,4,22,26,0,0,4,22
0x41a4bb,84.6154%,4,22,26,0,0,4,22
0x410cca,99.9927%,4,54761,54765,0,0,4,54761
0x403376,84%,4,21,25,0,0,4,21
0x45c3bb,99.9704%,4,13526,13530,0,0,4,13526
0x40e9e3,99.9333%,4,5990,5994,0,0,4,5990
0x40883c,99.4798%,4,765,769,0,0,4,765
0x40eef6,69.2308%,4,9,13,1,0,4,8
0x4173dd,0%,4,0,4,0,4,0,0
0x40eacf,99.6201%,4,1049,1053,0,0,4,1049
0x413619,84.6154%,4,22,26,13,0,4,9
0x411d6a,99.9955%,4,88485,88489,0,0,4,88485
0x410a16,99.992%,4,50278,50282,50278,4,0,0
0x40b9fe,98.1735%,4,215,219,144,2,2,71
0x40e88d,96.5812%,4,113,117,0,0,4,113
0x413c8f,94.8718%,4,74,78,51,1,3,23
0x4026aa,98.2222%,4,221,225,0,2,2,221
0x402102,98.2222%,4,221,225,0,2,2,221
0x408452,99.4943%,4,787,791,787,4,0,0
0x40b2cf,99.7531%,4,1616,1620,0,0,4,1616
0x40b849,99.6067%,4,1013,1017,0,1,3,1013
0x45c38c,99.9704%,4,13526,13530,0,0,4,13526
0x41056d,99.9322%,4,5897,5901,0,0,4,5897
0x45c3a3,99.9704%,4,13526,13530,0,0,4,13526
0x412712,75%,4,12,16,0,0,4,12
0x409ba4,99.8129%,4,2134,2138,0,0,4,2134
0x4125dd,99.9944%,4,71750,71754,35875,2,2,35875
0x40354a,98.2222%,4,221,225,0,2,2,221
0x407a7e,98.1395%,4,211,215,0,0,4,211
0x410dc1,99.9888%,4,35660,35664,35660,4,0,0
0x40f3dc,69.2308%,4,9,13,7,2,2,2
0x458da8,99.9704%,4,13526,13530,0,0,4,13526
0x41058d,99.9661%,4,11798,11802,5899,2,2,5899
0x41afda,97.2603%,4,142,146,142,4,0,0
0x40ef09,55.5556%,4,5,9,1,1,3,4
0x406e51,42.8571%,4,3,7,2,3,1,1
0x412b7d,99.9908%,4,43657,43661,0,0,4,43657
0x41a53e,84.6154%,4,22,26,0,0,4,22
0x41b178,97.2603%,4,142,146,0,0,4,142
0x458d59,99.9704%,4,13526,13530,0,0,4,13526
0x41578e,99.8734%,4,3155,3159,0,0,4,3155
0x417806,82.6087%,4,19,23,0,0,4,19
0x40eac7,96.5812%,4,113,117,0,0,4,113
0x40e8d2,69.2308%,4,9,13,0,0,4,9
0x401b16,96.5812%,4,113,117,0,0,4,113
0x406e6a,20%,4,1,5,1,4,0,0
0x413b86,94.8718%,4,74,78,0,0,4,74
0x40e5ba,95%,4,76,80,0,0,4,76
0x41b181,97.2603%,4,142,146,142,4,0,0
0x40dd9d,94.5946%,4,70,74,0,0,4,70
0x40a95c,99.8025%,4,2021,2025,0,0,4,2021
0x415707,99.8734%,4,3155,3159,0,0,4,3155
0x410cb6,98.9975%,4,395,399,0,0,4,395
0x40df0d,20%,4,1,5,0,0,4,1
0x40401c,98.2222%,4,221,225,0,0,4,221
0x40cb72,84%,4,21,25,0,0,4,21
0x41b5a8,97.2603%,4,142,146,0,0,4,142
0x412ed1,99.9961%,4,102758,102762,102758,4,0,0
0x45c3d5,99.9704%,4,13526,13530,0,0,4,13526
0x41247a,99.9856%,4,27865,27869,0,0,4,27865
0x40f5ec,55.5556%,4,5,9,2,1,3,3
0x41b0e0,97.2603%,4,142,146,0,0,4,142
0x4155bf,99.8734%,4,3155,3159,0,0,4,3155
0x41b00c,97.2603%,4,142,146,0,0,4,142
0x41b46f,99.3151%,3,435,438,0,0,3,435
0x40b324,99.705%,3,1014,1017,0,0,3,1014
0x412466,99.7352%,3,1130,1133,0,0,3,1130
0x46fe4f,94.2308%,3,49,52,36,3,0,13
0x403423,88%,3,22,25,0,0,3,22
0x412330,99.992%,3,37344,37347,0,0,3,37344
0x405879,98.6667%,3,222,225,0,0,3,222
0x402f6e,40%,3,2,5,0,0,3,2
0x41b116,97.9452%,3,143,146,143,3,0,0
0x40f3d1,80%,3,12,15,0,2,1,12
0x414e6e,97.4359%,3,114,117,103,1,2,11
0x41b124,97.9452%,3,143,146,143,3,0,0
0x4031b9,80%,3,12,15,0,0,3,12
0x458d6d,99.9778%,3,13527,13530,0,0,3,13527
0x45c9ca,99.9778%,3,13527,13530,0,0,3,13527
0x41ab81,99.9777%,3,13475,13478,0,0,3,13475
0x413a10,88.4615%,3,23,26,0,0,3,23
0x45c3d0,99.9778%,3,13527,13530,0,0,3,13527
0x4116c2,99.997%,3,101007,101010,67339,1,2,33668
0x415bf8,95.2381%,3,60,63,60,3,0,0
0x408a04,99.3464%,3,456,459,456,3,0,0
0x411fdd,99.9966%,3,88407,88410,0,0,3,88407
0x41b01e,97.9452%,3,143,146,143,3,0,0
0x403290,80%,3,12,15,9,1,2,3
0x412a20,99.9916%,3,35754,35757,0,0,3,35754
0x403266,80%,3,12,15,0,0,3,12
0x458de7,99.9778%,3,13527,13530,0,0,3,13527
0x458e39,99.9778%,3,13527,13530,0,0,3,13527
0x4073bd,88%,3,22,25,0,0,3,22
0x45a267,99.9778%,3,13527,13530,13527,3,0,0
0x41086a,99.9939%,3,48864,48867,0,0,3,48864
0x411d56,99.6528%,3,861,864,0,0,3,861
0x40f5ff,50%,3,3,6,2,1,2,1
0x41069d,99.9907%,3,32386,32389,0,0,3,32386
0x41795b,80%,3,12,15,0,0,3,12
0x410856,99.3039%,3,428,431,0,0,3,428
0x4022b1,82.3529%,3,14,17,14,3,0,0
0x41ac10,99.9889%,3,26953,26956,13478,0,3,13475
0x40c623,99.8745%,3,2388,2391,0,0,3,2388
0x41b25d,98.9726%,3,289,292,144,2,1,145
0x40af66,99.705%,3,1014,1017,0,0,3,1014
0x41b15e,97.9452%,3,143,146,0,0,3,143
0x40f6c6,50%,3,3,6,2,1,2,1
0x4125f2,99.9916%,3,35874,35877,23917,1,2,11957
0x40f3a9,82.3529%,3,14,17,14,3,0,0
0x45c9e3,99.9778%,3,13527,13530,0,0,3,13527
0x4174dd,25%,3,1,4,1,3,0,0
0x412f2c,99.9971%,3,102759,102762,0,0,3,102759
0x415b4a,95.2381%,3,60,63,60,3,0,0
0x40b045,94.8276%,3,55,58,0,0,3,55
0x4159e0,95.2381%,3,60,63,0,0,3,60
0x41330e,99.9916%,3,35544,35547,23696,2,1,11848
0x415016,76.9231%,3,10,13,10,3,0,0
0x40eb72,76.9231%,3,10,13,10,3,0,0
0x414726,96.1538%,3,75,78,0,0,3,75
0x4132fd,99.9958%,3,71091,71094,35546,1,2,35545
0x41b2ab,97.9452%,3,143,146,0,0,3,143
0x40f6da,0%,3,0,3,0,0,3,0
0x4128ef,99.7258%,3,1091,1094,0,0,3,1091
0x46fe2a,94.5455%,3,52,55,39,3,0,13
0x40c33a,99.705%,3,1014,1017,0,0,3,1014
0x41ab0a,99.9777%,3,13475,13478,0,0,3,13475
0x40e783,99.3827%,2,322,324,0,0,2,322
0x41a558,92.3077%,2,24,26,0,0,2,24
0x40eab8,84.6154%,2,11,13,0,0,2,11
0x4031f5,86.6667%,2,13,15,10,0,2,3
0x41127e,99.9966%,2,59245,59247,39497,1,1,19748
0x4140b8,94.8718%,2,37,39,25,1,1,12
0x4033bb,99.1111%,2,223,225,0,0,2,223
0x411526,99.7849%,2,928,930,0,0,2,928
0x41b22e,98.6301%,2,144,146,144,2,0,0
0x411bdb,99.701%,2,667,669,0,0,2,667
0x40d001,98.4848%,2,130,132,0,0,2,130
0x401eb4,97.2973%,2,72,74,0,0,2,72
0x458d63,99.9852%,2,13528,13530,0,0,2,13528
0x410406,99.455%,2,365,367,0,0,2,365
0x411631,99.998%,2,101008,101010,101008,2,0,0
0x41126d,99.9983%,2,118492,118494,59247,0,2,59245
0x415c10,96.8254%,2,61,63,0,0,2,61
0x4116ad,99.999%,2,202018,202020,101008,2,0,101010
0x40c2cf,99.9136%,2,2312,2314,0,0,2,2312
0x40d2da,93.1034%,2,27,29,0,0,2,27
0x40d566,98.0769%,2,102,104,0,1,1,102
0x40d761,98.3051%,2,116,118,0,0,2,116
0x40eb20,84.6154%,2,11,13,0,0,2,11
0x4157d5,99.8101%,2,1051,1053,0,0,2,1051
0x4045e0,90.4762%,2,19,21,18,1,1,1
0x40b0fc,94.1176%,2,32,34,0,0,2,32
0x415db0,96.8254%,2,61,63,61,2,0,0
0x40f60f,33.3333%,2,1,3,1,0,2,0
0x4028b4,0%,2,0,2,0,0,2,0
0x406507,60%,2,3,5,0,0,2,3
0x40f6d0,33.3333%,2,1,3,0,0,2,1
0x417aca,0%,2,0,2,0,2,0,0
0x412b69,99.82%,2,1109,1111,0,0,2,1109
0x404f46,97.2603%,2,71,73,0,0,2,71
0x41abd9,99.9852%,2,13476,13478,0,0,2,13476
0x41aaec,99.9852%,2,13476,13478,0,0,2,13476
0x40c22e,99.9136%,2,2312,2314,0,0,2,2312
0x4079c7,98.5714%,2,138,140,0,0,2,138
0x40b9a6,97.2603%,2,71,73,0,0,2,71
0x41b16f,98.6301%,2,144,146,0,0,2,144
0x40b896,97.5309%,2,79,81,0,0,2,79
0x414270,98.2906%,2,115,117,102,2,0,13
0x40ef18,71.4286%,2,5,7,1,1,1,4
0x40ef10,71.4286%,2,5,7,0,0,2,5
0x40f3f5,33.3333%,2,1,3,0,2,0,1
0x40b5a7,99.8033%,2,1015,1017,0,0,2,1015
0x40f5a8,91.3043%,2,21,23,0,0,2,21
0x413640,92.3077%,2,24,26,0,0,2,24
0x46fde4,99.7955%,2,976,978,42,0,2,934
0x458d75,99.9852%,2,13528,13530,0,0,2,13528
0x41aafc,99.9852%,2,13476,13478,0,0,2,13476
0x413566,99.9654%,2,5782,5784,0,0,2,5782
0x401f1b,99.6997%,2,664,666,0,0,2,664
0x411a71,99.9981%,2,102877,102879,102877,2,0,0
0x41b4b7,98.6301%,2,144,146,144,2,0,0
0x410f62,99.9963%,2,54685,54687,0,0,2,54685
0x45c9ec,99.9852%,2,13528,13530,13528,2,0,0
0x412da1,99.9982%,2,110638,110640,110638,2,0,0
0x4046ad,0%,2,0,2,0,0,2,0
0x4109b0,99.9822%,2,11203,11205,0,0,2,11203
0x4112a5,99.9972%,2,70839,70841,70839,2,0,0
0x40f3bd,80%,2,8,10,0,0,2,8
0x40a8f6,92%,2,23,25,0,0,2,23
0x413418,99.982%,2,11086,11088,0,0,2,11086
0x406b57,99.8022%,2,1009,1011,0,0,2,1009
0x4129d1,99.9944%,2,35755,35757,35755,2,0,0
0x406564,75%,2,6,8,2,1,1,4
0x410961,99.9822%,2,11203,11205,11203,2,0,0
0x40f6bb,77.7778%,2,7,9,3,0,2,4
0x403b0a,86.6667%,2,13,15,13,2,0,0
0x41b348,98.6301%,2,144,146,0,0,2,144
0x40f3b8,84.6154%,2,11,13,1,2,0,10
0x41a522,92.3077%,2,24,26,0,0,2,24
0x41a5a2,92.3077%,2,24,26,24,2,0,0
0x41a4c0,92.3077%,2,24,26,24,2,0,0
0x414c85,92.3077%,2,24,26,0,0,2,24
0x415670,99.8101%,2,1051,1053,0,0,2,1051
0x413795,96.1538%,1,25,26,0,0,1,25
0x4131ac,99.9983%,1,59129,59130,0,0,1,59129
0x4045fd,50%,1,1,2,1,1,0,0
0x45c3ac,99.9926%,1,13529,13530,13529,1,0,0
0x4148bc,96.1538%,1,25,26,0,0,1,25
0x40297e,50%,1,1,2,0,0,1,1
0x40ac6a,99.9017%,1,1016,1017,0,0,1,1016
0x41a530,96.1538%,1,25,26,0,0,1,25
0x413011,99.999%,1,100892,100893,100892,1,0,0
0x405d78,80%,1,4,5,4,1,0,0
0x40311e,80%,1,4,5,0,0,1,4
0x41153a,99.999%,1,97544,97545,0,0,1,97544
0x40aa69,99.9017%,1,1016,1017,0,0,1,1016
0x45c3c7,99.9926%,1,13529,13530,0,0,1,13529
0x40c927,99.9582%,1,2390,2391,0,0,1,2390
0x40aade,99.9017%,1,1016,1017,0,0,1,1016
0x40afde,98.6301%,1,72,73,0,0,1,72
0x458d85,99.9926%,1,13529,13530,0,0,1,13529
0x46fdfa,99.8978%,1,977,978,977,1,0,0
0x40b522,99.9017%,1,1016,1017,0,0,1,1016
0x405429,90.9091%,1,10,11,0,1,0,10
0x41a512,96.1538%,1,25,26,0,0,1,25
0x40b81e,99.9017%,1,1016,1017,0,0,1,1016
0x458dc9,99.9926%,1,13529,13530,13529,1,0,0
0x405513,90%,1,9,10,9,1,0,0
0x40eb00,92.3077%,1,12,13,0,0,1,12
0x414202,96.1538%,1,25,26,13,0,1,12
0x40198b,99.1453%,1,116,117,0,0,1,116
0x40f3eb,75%,1,3,4,1,0,1,2
0x41ac15,99.9926%,1,13477,13478,0,0,1,13477
0x40b73d,99.9017%,1,1016,1017,0,0,1,1016
0x41b596,99.3151%,1,145,146,0,0,1,145
0x40f583,93.3333%,1,14,15,14,1,0,0
0x4117bf,99.999%,1,97466,97467,0,0,1,97466
0x411bef,99.999%,1,97059,97060,0,0,1,97059
0x411fc9,99.8788%,1,824,825,0,0,1,824
0x413281,99.9972%,1,35546,35547,35546,1,0,0
0x408b38,99.4792%,1,191,192,0,0,1,191
0x412176,99.913%,1,1149,1150,0,0,1,1149
0x40e6b0,98.6486%,1,73,74,73,1,0,0
0x402d0d,98.8889%,1,89,90,0,0,1,89
0x41197a,99.999%,1,97137,97138,0,0,1,97137
0x4111e1,99.9983%,1,59246,59247,59246,1,0,0
0x45a235,99.9926%,1,13529,13530,0,0,1,13529
0x458e2f,99.9926%,1,13529,13530,13529,1,0,0
0x4117ab,99.8878%,1,890,891,0,0,1,890
0x4045cf,95.2381%,1,20,21,0,1,0,20
0x417424,75%,1,3,4,0,0,1,3
0x4122e1,99.9973%,1,37346,37347,37346,1,0,0
0x413629,92.3077%,1,12,13,0,0,1,12
0x41b506,99.3151%,1,145,146,145,1,0,0
0x411eba,99.9991%,1,110759,110760,0,0,1,110759
0x40f6e7,66.6667%,1,2,3,2,0,1,0
0x4132d8,99.9972%,1,35546,35547,0,0,1,35546
0x41110a,99.9985%,1,68123,68124,0,0,1,68123
0x40e752,97.2222%,1,35,36,0,0,1,35
0x41308d,99.9995%,1,201785,201786,100893,0,1,100892
0x417a0c,100%,0,13,13,0,0,0,13
0x40af91,100%,0,1017,1017,0,0,0,1017
0x405672,100%,0,5,5,5,0,0,0
0x40eb0d,100%,0,117,117,0,0,0,117
0x40193f,100%,0,13,13,0,0,0,13
0x406575,100%,0,5,5,5,0,0,0
0x412903,100%,0,27790,27790,0,0,0,27790
0x41482e,100%,0,78,78,52,0,0,26
0x413fa9,100%,0,13,13,0,0,0,13
0x41a5b1,100%,0,26,26,0,0,0,26
0x4141ca,100%,0,13,13,13,0,0,0
0x41306c,100%,0,100893,100893,0,0,0,100893
0x413511,100%,0,5784,5784,5784,0,0,0
0x40da78,100%,0,16,16,16,0,0,0
0x40d31a,100%,0,16,16,0,0,0,16
0x40ea44,100%,0,61,61,0,0,0,61
0x4125b0,100%,0,35877,35877,0,0,0,35877
0x416240,100%,0,13,13,0,0,0,13
0x417a22,100%,0,13,13,0,0,0,13
0x40ba41,100%,0,36,36,0,0,0,36
0x414a06,100%,0,26,26,0,0,0,26
0x41b59e,100%,0,146,146,0,0,0,146
0x41b3d7,100%,0,146,146,146,0,0,0
0x40f402,100%,0,1,1,0,0,0,1
0x4149e1,100%,0,26,26,0,0,0,26
0x405caf,100%,0,7,7,0,0,0,7
0x401b08,100%,0,13,13,0,0,0,13
0x45a255,100%,0,13530,13530,0,0,0,13530
0x40e81e,100%,0,13,13,0,0,0,13
0x4046b5,100%,0,2,2,0,0,0,2
0x40ea8d,100%,0,61,61,0,0,0,61
0x458d97,100%,0,13530,13530,0,0,0,13530
0x41a667,100%,0,26,26,26,0,0,0
0x41b281,100%,0,146,146,146,0,0,0
0x411680,100%,0,101010,101010,0,0,0,101010
0x40eaa1,100%,0,67,67,67,0,0,0
0x40b8fd,100%,0,53,53,0,0,0,53
0x413cc5,100%,0,13,13,0,0,0,13
0x45a30d,100%,0,13530,13530,0,0,0,13530
0x41b2b6,100%,0,146,146,146,0,0,0
0x41b26f,100%,0,146,146,146,0,0,0
0x41ab24,100%,0,13478,13478,13478,0,0,0
0x41358d,100%,0,11568,11568,5784,0,0,5784
0x40ae85,100%,0,1017,1017,0,0,0,1017
0x40534a,100%,0,73,73,0,0,0,73
0x40e74b,100%,0,36,36,0,0,0,36
0x458dba,100%,0,13530,13530,0,0,0,13530
0x40b95b,100%,0,159,159,106,0,0,53
0x40bd0d,100%,0,3051,3051,0,0,0,3051
0x40ca20,100%,0,943,943,1,0,0,942
