Branch PC,Accuracy,Mispredictions,Correct Predictions,Total,dir_t_pred_t,dir_t_pred_nt,dir_nt_pred_t,dir_nt_pred_nt
aggregate,98.8599%,330989,28700987,29031976,18750662,146109,184880,9950325
0x41ae23,96.5448%,54395,1519915,1574310,1477971,16193,38202,41944
0x41ac73,97.4405%,49865,1898363,1948228,1724204,25976,23889,174159
0x411cdb,96.0703%,10160,248384,258544,228517,3995,6165,19867
0x41ad1f,98.6609%,9659,711654,721313,637189,3979,5680,74465
0x411480,96.5124%,7951,220030,227981,193726,3263,4688,26304
0x41104e,95.7617%,6704,151472,158176,128377,2652,4052,23095
0x4120ef,97.0009%,6616,213987,220603,202566,2619,3997,11421
0x4130f0,98.1942%,4109,223438,227547,198971,1863,2246,24467
0x412e6e,98.46%,3975,254135,258110,226633,1575,2400,27502
0x410794,95.8062%,3856,88089,91945,75604,1764,2092,12485
0x412633,94.3399%,3777,62953,66730,8405,2202,1575,54548
0x40f2d5,82.7268%,3702,17730,21432,16561,1254,2448,1169
0x40c657,81.1919%,3320,14332,17652,10388,1380,1940,3944
0x409d02,84.7977%,3239,18067,21306,5532,1887,1352,12535
0x4118ce,97.0152%,3051,99166,102217,70664,1217,1834,28502
0x410c08,92.3231%,2999,36066,39065,19918,1316,1683,16148
0x40c953,83.0614%,2990,14662,17652,10439,1329,1661,4223
0x412d38,98.7169%,2825,217344,220169,193372,1199,1626,23972
0x40bfff,84.5483%,2728,14927,17655,10599,1171,1557,4328
0x41321e,98.2953%,2689,155053,157742,139181,1164,1525,15872
0x412fb0,97.3797%,2667,99116,101783,69994,1231,1436,29122
0x40c2fb,85.1243%,2626,15027,17653,10659,1110,1516,4368
0x40f66f,92.5055%,2559,31586,34145,27473,932,1627,4113
0x41acba,99.8687%,2558,1945670,1948228,1523718,1029,1529,421952
0x40bdac,86.3551%,2409,15246,17655,2277,1483,926,12969
0x409d27,86.3593%,2408,15245,17653,5933,1361,1047,9312
0x410341,95.2842%,2275,45967,48242,9523,1303,972,36444
0x40c0b8,87.272%,2247,15407,17654,13014,880,1367,2393
0x40c713,87.4632%,2213,15439,17652,13482,859,1354,1957
0x40c3fc,87.8031%,2153,15499,17652,1842,1469,684,13657
0x4123df,86.5806%,2069,13349,15418,7841,1109,960,5508
0x40ee5c,86.1094%,2044,12671,14715,11589,672,1372,1082
0x40aa4d,97.1053%,1867,62631,64498,741,1590,277,61890
0x40b308,97.1977%,1798,62363,64161,860,1476,322,61503
0x4135e8,96.2684%,1784,46024,47808,41364,855,929,4660
0x409b47,94.1844%,1677,27159,28836,12691,657,1020,14468
0x407968,80.3961%,1673,6861,8534,2669,914,759,4192
0x409b7f,89.5855%,1613,13875,15488,3532,966,647,10343
0x409cc8,84.914%,1605,9034,10639,2101,1012,593,6933
0x40f41e,77.4434%,1604,5507,7111,5008,559,1045,499
0x40bcce,97.5575%,1579,63068,64647,1158,1164,415,61910
0x4134a1,98.3794%,1483,90028,91511,80483,636,847,9545
0x40f714,76.5036%,1422,4630,6052,3441,598,824,1189
0x40f685,75.9582%,1380,4360,5740,3262,584,796,1098
0x40a83e,95.2941%,1357,27479,28836,25131,501,856,2348
0x40f567,92.5598%,1353,16832,18185,16759,318,1035,73
0x415803,75.8751%,1337,4205,5542,3115,609,728,1090
0x409bbc,88.0164%,1317,9673,10990,7596,493,824,2077
0x406cc6,90.7637%,1311,12883,14194,3370,767,544,9513
0x4097ea,84.1217%,1299,6882,8181,1473,840,459,5409
0x4157fb,75.9069%,1242,3913,5155,624,807,435,3289
0x40f702,93.4555%,1189,16979,18168,11567,549,640,5412
0x406c9b,95.6089%,1169,25453,26622,11958,470,699,13495
0x409c9f,94.2499%,1138,18653,19791,8635,517,621,10018
0x409dc4,94.351%,1118,18673,19791,17171,421,697,1502
0x40ee0e,95.1831%,1063,21005,22068,6755,494,569,14250
0x406a70,87.2632%,1042,7139,8181,1653,660,382,5486
0x40840b,84.8342%,965,5398,6363,1204,593,372,4194
0x407353,96.4804%,937,25685,26622,23279,385,552,2406
0x40ef76,74.7824%,927,2749,3676,2077,375,552,672
0x40de8a,96.1331%,924,22971,23895,5886,523,401,17085
0x409965,84.7307%,896,4972,5868,4453,347,549,519
0x40ef3e,95.9889%,885,21179,22064,19295,319,566,1884
0x402c4d,91.763%,834,9291,10125,2408,414,420,6883
0x40f6f2,97.6649%,797,33335,34132,16612,456,341,16723
0x4063e7,87.5688%,791,5572,6363,1400,489,302,4172
0x4078de,84.4611%,790,4294,5084,986,509,281,3308
0x408b40,84.915%,790,4447,5237,1066,462,328,3381
0x405b15,87.6316%,787,5576,6363,1322,475,312,4254
0x4087ef,88.1345%,755,5608,6363,1375,514,241,4233
0x406b90,87.5767%,729,5139,5868,4631,251,478,508
0x40f39a,89.7948%,726,6388,7114,6303,191,535,85
0x40edbd,80.8152%,706,2974,3680,868,358,348,2106
0x40a88e,91.5292%,693,7488,8181,7093,179,514,395
0x413360,98.2268%,685,37946,38631,24194,294,391,13752
0x404bfc,92.5839%,665,8302,8967,7671,256,409,631
0x40f2eb,81.9187%,654,2963,3617,2786,228,426,177
0x401d33,94.0607%,650,10294,10944,3021,407,243,7273
0x40f72e,67.9086%,646,1367,2013,1088,257,389,279
0x408b5a,86.9265%,644,4282,4926,1105,359,285,3177
0x402745,92.9222%,637,8363,9000,2139,416,221,6224
0x403608,93.0667%,624,8376,9000,8263,158,466,113
0x401ce3,94.3805%,615,10329,10944,3204,367,248,7125
0x416203,88.0892%,614,4541,5155,4378,205,409,163
0x407765,86.6185%,611,3955,4566,579,410,201,3376
0x40218b,93.2444%,608,8392,9000,2097,362,246,6295
0x408879,86.4551%,606,3868,4474,3324,233,373,544
0x405c10,87.4169%,587,4078,4665,1010,350,237,3068
0x40738b,92.8493%,585,7596,8181,7111,161,424,485
0x4040f5,93.5832%,577,8415,8992,8317,134,443,98
0x409d5f,92.1991%,569,6725,7294,6079,216,353,646
0x4089f0,85.3684%,562,3279,3841,950,317,245,2329
0x40645c,87.595%,555,3919,4474,3423,209,346,496
0x4083d5,89.1621%,551,4533,5084,3863,232,319,670
0x408a57,78.749%,547,2027,2574,1661,219,328,366
0x4084d5,91.4349%,545,5818,6363,5264,190,355,554
0x407a87,78.6122%,524,1926,2450,691,299,225,1235
0x406c35,94.5459%,484,8390,8874,5658,258,226,2732
0x405b65,89.5532%,477,4089,4566,3455,199,278,634
0x401dc4,95.6963%,471,10473,10944,7639,212,259,2834
0x406482,86.7941%,463,3043,3506,916,252,211,2127
0x40332e,95.4568%,460,9665,10125,8827,173,287,838
0x40564b,87.1676%,444,3016,3460,2227,216,228,789
0x40689c,87.3645%,443,3063,3506,2477,187,256,586
0x40950d,88.4665%,443,3398,3841,2744,180,263,654
0x415138,91.4738%,442,4742,5184,3537,210,232,1205
0x404d3c,87.4246%,438,3045,3483,2798,185,253,247
0x4064c2,81.5654%,431,1907,2338,1575,182,249,332
0x406ced,95.7542%,427,9630,10057,6872,234,193,2758
0x409acd,95.5576%,427,9185,9612,6151,257,170,3034
0x40ced6,91.0043%,421,4259,4680,4209,135,286,50
0x4068d3,93.4308%,418,5945,6363,5288,166,252,657
0x409574,93.4465%,417,5946,6363,5324,130,287,622
0x406209,93.6351%,405,5958,6363,5301,153,252,657
0x40f692,78.9863%,398,1496,1894,1354,141,257,142
0x40e2ad,85.3107%,390,2265,2655,2265,95,295,0
0x409c15,87.9365%,380,2770,3150,495,238,142,2275
0x4061a4,91.8542%,380,4285,4665,3582,171,209,703
0x407aa0,83.0257%,377,1844,2221,755,229,148,1089
0x412629,97.6346%,376,15520,15896,2181,199,177,13339
0x40e146,86.3277%,363,2292,2655,2292,68,295,0
0x408a76,80.3708%,360,1474,1834,480,201,159,994
0x40db1a,92.3376%,355,4278,4633,3972,147,208,306
0x40d632,92.3608%,354,4280,4634,4265,97,257,15
0x40eee3,80.3591%,350,1432,1782,1381,103,247,51
0x407a57,78.3147%,350,1264,1614,433,185,165,831
0x40ee7c,85.7783%,349,2105,2454,2066,90,259,39
0x40d145,74.451%,349,1017,1366,180,191,158,837
0x401f73,86.9303%,347,2308,2655,2308,52,295,0
0x40ea11,86.9303%,347,2308,2655,2308,52,295,0
0x40ee1b,97.6652%,346,14473,14819,7137,216,130,7336
0x40df85,98.5562%,345,23550,23895,21133,107,238,2417
0x408bb9,84.4961%,340,1853,2193,1361,151,189,492
0x408b14,84.9977%,329,1864,2193,472,193,136,1392
0x4064d8,79.6273%,328,1282,1610,391,178,150,891
0x402577,96.3667%,327,8673,9000,7761,114,213,912
0x40eec7,87.991%,321,2352,2673,653,180,141,1699
0x4046f4,79.515%,321,1246,1567,886,142,179,360
0x41108f,98.8286%,318,26829,27147,3358,183,135,23471
0x402a91,96.5222%,313,8687,9000,7772,103,210,915
0x40d3ca,93.312%,313,4367,4680,4023,137,176,344
0x406d2d,90.105%,292,2659,2951,2163,118,174,496
0x409c5b,95.7102%,283,6314,6597,4235,163,120,2079
0x40ca24,94.9449%,280,5259,5539,5024,85,195,235
0x4079b2,92.4086%,272,3311,3583,152,192,80,3159
0x41158a,99.1288%,270,30722,30992,11601,149,121,19121
0x409bf9,90.7618%,268,2633,2901,1876,123,145,757
0x401d41,97.5969%,263,10681,10944,9609,119,144,1072
0x40d884,75.6957%,262,816,1078,145,169,93,671
0x401cf1,97.6151%,261,10683,10944,9615,113,148,1068
0x406dfc,87.7084%,258,1841,2099,548,152,106,1293
0x403c3c,83.8346%,258,1338,1596,890,127,131,448
0x406d49,90.1457%,257,2351,2608,374,156,101,1977
0x40f578,77.1661%,253,855,1108,761,95,158,94
0x40ef31,90.5957%,251,2418,2669,2289,86,165,129
0x4114c1,99.2095%,245,30747,30992,3708,140,105,27039
0x402e2f,88.2917%,244,1840,2084,817,123,121,1023
0x40d37d,82.284%,242,1124,1366,923,107,135,201
0x405c52,92.7383%,240,3065,3305,2938,84,156,127
0x40565c,97.3278%,239,8705,8944,959,143,96,7746
0x40f432,84.5207%,239,1305,1544,1248,62,177,57
0x410edd,98.6664%,232,17165,17397,3566,115,117,13599
0x407aff,85.7497%,230,1384,1614,1173,97,133,211
0x411923,99.1282%,229,26037,26266,25689,88,141,348
0x402e51,80.1573%,227,917,1144,233,104,123,684
0x411d18,99.0577%,226,23757,23983,23239,84,142,518
0x40b885,96.2012%,225,5698,5923,5442,49,176,256
0x410fb4,98.7067%,225,17172,17397,5672,126,99,11500
0x403c89,97.5333%,222,8778,9000,7799,76,146,979
0x41115f,99.1859%,221,26926,27147,8170,134,87,18756
0x40daca,80.3157%,212,865,1077,705,101,111,160
0x40473e,97.6418%,212,8778,8990,7785,82,130,993
0x412660,98.3907%,209,12778,12987,12071,70,139,707
0x402ef2,89.8734%,208,1846,2054,1746,88,120,100
0x411cfc,99.201%,208,25824,26032,1914,135,73,23910
0x41515a,96.0648%,204,4980,5184,4524,84,120,456
0x41212f,98.5615%,196,13429,13625,12741,69,127,688
0x40a862,97.9713%,195,9417,9612,8473,71,124,944
0x411dc7,99.2586%,193,25839,26032,7697,111,82,18142
0x408b81,86.8169%,193,1271,1464,1134,57,136,137
0x40f745,71.2575%,192,476,668,381,70,122,95
0x408b7c,98.5504%,191,12985,13176,11608,104,87,1377
0x40afcd,96.8724%,185,5730,5915,5539,28,157,191
0x40f593,80.4852%,185,763,948,720,62,123,43
0x40d15f,81.5075%,184,811,995,133,115,69,678
0x40d89e,76.4398%,180,584,764,141,100,80,443
0x4057b5,84.1778%,178,947,1125,677,73,105,270
0x401f94,40%,177,118,295,77,93,84,41
0x411b78,99.4081%,177,29725,29902,3894,114,63,25831
0x4114dd,99.3479%,177,26967,27144,26302,50,127,665
0x412113,98.8585%,176,15242,15418,1696,97,79,13546
0x40f2a3,99.1928%,173,21259,21432,14225,72,101,7034
0x40736f,98.0956%,169,8705,8874,7824,64,105,881
0x406e7a,95.4993%,169,3586,3755,3276,62,107,310
0x40e066,99.3065%,163,23340,23503,23340,17,146,0
0x405c98,75.9287%,162,511,673,209,68,94,302
0x409df7,97.5443%,162,6435,6597,5809,55,107,626
0x40f325,99.2473%,161,21228,21389,14182,93,68,7046
0x40a983,85.8667%,159,966,1125,966,34,125,0
0x407455,86.1333%,156,969,1125,969,31,125,0
0x411309,99.416%,156,26557,26713,3384,95,61,23173
0x412024,99.3984%,154,25444,25598,7412,86,68,18032
0x411f5e,99.4023%,153,25445,25598,1897,90,63,23548
0x40e73a,48.4746%,152,143,295,32,74,78,111
0x40340f,86.4889%,152,973,1125,973,27,125,0
0x410473,98.596%,152,10674,10826,2780,87,65,7894
0x40f2ff,69.574%,150,343,493,86,80,70,257
0x40cbff,86.8444%,148,977,1125,977,23,125,0
0x410c59,99.17%,148,17683,17831,3667,76,72,14016
0x4058b5,86.9333%,147,978,1125,978,22,125,0
0x411c44,99.5151%,145,29757,29902,10669,76,69,19088
0x401412,92.8428%,143,1855,1998,1444,76,67,411
0x41175c,99.4733%,141,26631,26772,26121,45,96,510
0x41223d,99.1049%,138,15280,15418,6097,84,54,9183
0x4113c4,99.4909%,136,26577,26713,7931,63,73,18646
0x407ac2,98.4643%,136,8720,8856,7809,63,73,911
0x411f7a,99.4282%,135,23476,23611,23089,48,87,387
0x401df5,97.4537%,132,5052,5184,4557,51,81,495
0x411b94,99.4941%,131,25763,25894,25544,47,84,219
0x401de2,96.409%,131,3517,3648,2369,63,68,1148
0x411907,99.5682%,131,30205,30336,3986,84,47,26219
0x405c4d,99.563%,130,29615,29745,26315,125,5,3300
0x40efc1,68.3047%,129,278,407,219,53,76,59
0x4110ab,99.4662%,126,23480,23606,22852,36,90,628
0x40ca9e,98.4767%,125,8081,8206,7239,56,69,842
0x40f2f5,79.4362%,124,479,603,30,80,44,449
0x40d1a3,83.4003%,124,623,747,568,43,81,55
0x40babf,98.4992%,124,8138,8262,7290,54,70,848
0x405360,75.4%,123,377,500,301,55,68,76
0x406ddb,96.7252%,123,3633,3756,1595,62,61,2038
0x401cae,97.6273%,123,5061,5184,3891,77,46,1170
0x40369c,92.2932%,123,1473,1596,1435,53,70,38
0x4108ba,99.1768%,120,14457,14577,3046,77,43,11411
0x40417c,92.4793%,118,1451,1569,1444,33,85,7
0x40d861,98.7838%,118,9584,9702,8556,68,50,1028
0x40f309,63.9144%,118,209,327,133,59,59,76
0x40c9fb,96.2641%,116,2989,3105,1337,55,61,1652
0x4052c1,77%,115,385,500,60,74,41,325
0x412d46,98.4796%,114,7384,7498,789,73,41,6595
0x4048c9,89.9556%,113,1012,1125,968,32,81,44
0x412276,98.1718%,113,6068,6181,1266,56,57,4802
0x409d75,88.8889%,111,888,999,748,43,68,140
0x41ad47,99.9863%,110,801348,801458,721249,64,46,80099
0x402595,90.3111%,109,1016,1125,962,38,71,54
0x40b22f,98.6786%,109,8140,8249,7288,44,65,852
0x4106ec,98.9704%,107,10285,10392,2503,54,53,7782
0x414d9b,17.9688%,105,23,128,23,41,64,0
0x4021d2,98.3947%,105,6436,6541,6424,33,72,12
0x410a85,99.2647%,104,14039,14143,1388,51,53,12651
0x40a8ad,88.5589%,104,805,909,768,40,64,37
0x40f57e,59.127%,103,149,252,35,57,46,114
0x40eed0,94.4565%,102,1738,1840,835,56,46,903
0x40224b,80.3502%,101,413,514,113,52,49,300
0x40d8e0,80.6883%,101,422,523,337,47,54,85
0x410ef9,99.2709%,100,13616,13716,13432,29,71,184
0x401420,94.995%,100,1898,1998,1737,39,61,161
0x40ca76,97.4419%,99,3771,3870,1584,56,43,2187
0x4013c2,95.045%,99,1899,1998,1845,37,62,54
0x402ca5,98.6581%,98,7205,7303,7202,15,83,3
0x411a06,99.1497%,94,10961,11055,751,60,34,10210
0x4027b2,98.5881%,91,6354,6445,6347,16,75,7
0x40ea3f,69.1525%,91,204,295,0,64,27,204
0x411325,99.6169%,89,23145,23234,22675,27,62,470
0x40d122,99.2761%,89,12205,12294,10876,52,37,1329
0x40f6a1,77.6942%,89,310,399,282,29,60,28
0x411740,99.7088%,89,30469,30558,3736,50,39,26733
0x4027e0,79.6767%,88,345,433,75,41,47,270
0x40cc13,29.6%,88,37,125,12,48,40,25
0x40c9a2,98.5044%,88,5796,5884,5506,33,55,290
0x412853,98.5573%,86,5875,5961,376,58,28,5499
0x4107ed,99.41%,86,14491,14577,1450,51,35,13041
0x40b0eb,75.5747%,85,263,348,191,43,42,72
0x410645,99.111%,84,9365,9449,9207,69,15,158
0x410d1a,99.5289%,84,17747,17831,6069,39,45,11678
0x40ca1a,97.2947%,84,3021,3105,2719,41,43,302
0x40eaeb,85.4167%,84,492,576,492,20,64,0
0x402e78,89.715%,83,724,807,633,34,49,91
0x412645,99.8539%,82,56041,56123,2867,42,40,53174
0x402de7,86.3176%,81,511,592,293,49,32,218
0x4119ca,99.7495%,76,30260,30336,11011,44,32,19249
0x40e107,99.6746%,76,23281,23357,20824,24,52,2457
0x407ac7,92.4797%,74,910,984,905,18,56,5
0x40e8c0,87.1528%,74,502,576,502,10,64,0
0x40f59e,55.4217%,74,92,166,64,18,56,28
0x40285c,83.0233%,73,357,430,320,31,42,37
0x4022cc,85.7977%,73,441,514,401,29,44,40
0x40621c,92.0792%,72,837,909,780,28,44,57
0x404170,99.4901%,72,14049,14121,12509,43,29,1540
0x4084e1,92.0792%,72,837,909,784,24,48,53
0x410809,99.4647%,70,13006,13076,12599,36,34,407
0x4013d0,96.4965%,70,1928,1998,1748,28,42,180
0x40f2b3,99.5174%,69,14228,14297,7114,43,26,7114
0x409cdb,99.8981%,69,67665,67734,60151,57,12,7514
0x40ca95,98.2429%,68,3802,3870,3402,38,30,400
0x4103a8,99.3719%,68,10758,10826,967,38,30,9791
0x4103c4,99.3076%,68,9753,9821,9430,32,36,323
0x406932,92.6293%,67,842,909,784,24,43,58
0x411814,99.7807%,67,30491,30558,11402,38,29,19089
0x401dd6,99.3878%,67,10877,10944,7249,47,20,3628
0x40227d,97.8669%,67,3074,3141,2751,41,26,323
0x40f5bb,72.9508%,66,178,244,19,50,16,159
0x40e7ee,77.9661%,65,230,295,204,27,38,26
0x4019c5,88.7153%,65,511,576,511,1,64,0
0x4079ad,99.8046%,63,32184,32247,28618,46,17,3566
0x40f766,70.9677%,63,154,217,143,23,40,11
0x40e568,99.7389%,62,23686,23748,23686,8,54,0
0x402e9d,95.0794%,62,1198,1260,1082,38,24,116
0x40cada,93.3041%,61,850,911,572,36,25,278
0x40f5ce,65.1429%,61,114,175,16,32,29,98
0x412b00,99.5929%,61,14923,14984,1706,25,36,13217
0x403e6c,94.5778%,61,1064,1125,981,19,42,83
0x4108f6,98.0467%,61,3062,3123,1166,28,33,1896
0x410c75,99.5741%,60,14028,14088,13617,30,30,411
0x412fbe,99.4755%,60,11380,11440,1103,29,31,10277
0x41621d,89.6853%,59,513,572,489,21,38,24
0x411e06,99.2444%,59,7749,7808,967,19,40,6782
0x41295a,99.3189%,58,8458,8516,4576,26,32,3882
0x4115c6,99.5064%,58,11692,11750,1225,31,27,10467
0x4058a9,99.437%,57,10068,10125,8986,14,43,1082
0x402f0f,89.8577%,57,505,562,475,31,26,30
0x40eee8,81.2081%,56,242,298,225,24,32,17
0x41241f,99.3489%,56,8545,8601,7827,21,35,718
0x409582,93.9494%,55,854,909,788,20,35,66
0x40c9ff,96.8476%,54,1659,1713,844,13,41,815
0x40e5c3,86.1183%,54,335,389,132,18,36,203
0x40f5dd,57.4803%,54,73,127,10,32,22,63
0x412884,99.3776%,53,8463,8516,253,34,19,8210
0x411196,99.3618%,53,8251,8304,1229,27,26,7022
0x412b1c,99.6076%,52,13201,13253,12607,17,35,594
0x402ae5,95.4667%,51,1074,1125,978,22,29,96
0x4173d4,61.0687%,51,80,131,76,25,26,4
0x40e266,99.7901%,50,23768,23818,21168,17,33,2600
0x410b54,99.6465%,50,14093,14143,2779,34,16,11314
0x406d96,96.0064%,50,1202,1252,810,24,26,392
0x41322c,99.1376%,50,5748,5798,878,28,22,4870
0x409da6,97.3291%,50,1822,1872,1640,24,26,182
0x4040f0,99.9395%,49,80879,80928,71906,30,19,8973
0x4064b6,99.7671%,49,20993,21042,18659,45,4,2334
0x407449,99.516%,49,10076,10125,8982,18,31,1094
0x406e1f,96.4975%,49,1350,1399,1228,13,36,122
0x40b995,88.8889%,48,384,432,152,19,29,232
0x40280d,98.3176%,48,2805,2853,2505,31,17,300
0x4057c6,87.2%,48,327,375,225,25,23,102
0x40bcdd,99.923%,48,62277,62325,42265,20,28,20012
0x4030b3,82.5926%,47,223,270,157,23,24,66
0x40db5c,90.856%,47,467,514,433,17,30,34
0x40b0c8,95.1496%,47,922,969,922,14,33,0
0x410d56,99.2305%,47,6061,6108,1007,23,24,5054
0x410aa1,99.63%,47,12657,12704,12435,14,33,222
0x40f3b3,91.7857%,46,514,560,456,12,34,58
0x40f315,65.9259%,46,89,135,31,12,34,58
0x412e7c,99.5719%,46,10699,10745,667,20,26,10032
0x40ca7a,97.9372%,46,2184,2230,1144,21,25,1040
0x40d561,99.0291%,45,4590,4635,4095,25,20,495
0x4177a3,97.9452%,45,2145,2190,1929,18,27,216
0x4128a0,99.4532%,45,8184,8229,7646,16,29,538
0x40d414,91.3462%,45,475,520,430,25,20,45
0x40654e,85.1852%,44,253,297,236,28,16,17
0x40d62d,99.8945%,44,41662,41706,37043,29,15,4619
0x40e662,98.3427%,44,2611,2655,1748,22,22,863
0x417734,98.0419%,43,2153,2196,1930,22,21,223
0x403690,99.7006%,43,14321,14364,12743,25,18,1578
0x408b27,99.6946%,42,13710,13752,12196,28,14,1514
0x40e5d4,87.7612%,41,294,335,231,22,19,63
0x4030a2,84.8148%,41,229,270,186,24,17,43
0x40641f,99.8982%,41,40225,40266,35761,31,10,4464
0x415d96,92.1456%,41,481,522,312,36,5,169
0x41336e,98.578%,40,2773,2813,1058,12,28,1715
0x40e243,63.3028%,40,69,109,3,27,13,66
0x4130fe,99.4996%,40,7954,7994,1111,21,19,6843
0x40ced1,99.905%,40,42080,42120,37413,27,13,4667
0x40e0d5,94.3101%,40,663,703,122,24,16,541
0x40b8ec,90.9722%,39,393,432,72,27,12,321
0x403273,85.5556%,39,231,270,181,29,10,50
0x412bcc,99.7397%,39,14945,14984,5846,25,14,9099
0x40f3c7,66.9492%,39,79,118,54,22,17,25
0x41298f,99.1525%,39,4563,4602,983,18,21,3580
0x417a8b,85.3846%,38,222,260,221,10,28,1
0x40cbf3,99.6247%,38,10087,10125,8989,11,27,1098
0x40cbe7,99.9594%,37,91088,91125,80971,29,8,10117
0x412403,99.5866%,37,8913,8950,324,25,12,8589
0x409d32,99.6428%,37,10322,10359,103,22,15,10219
0x40ce12,99.2094%,37,4643,4680,4136,24,13,507
0x406e97,97.1223%,36,1215,1251,1093,19,17,122
0x41088e,99.9072%,36,38751,38787,25691,20,16,13060
0x4086ee,99.56%,36,8145,8181,7253,19,17,892
0x407460,71.2%,36,89,125,0,24,12,89
0x40b317,99.9434%,35,61790,61825,55880,19,16,5910
0x4104b6,98.7792%,35,2832,2867,1607,4,31,1225
0x4089ff,99.8489%,35,23131,23166,20567,25,10,2564
0x4158e4,99.321%,35,5120,5155,5087,10,25,33
0x403111,87.037%,35,235,270,221,19,16,14
0x409d0d,99.748%,35,13852,13887,80,27,8,13772
0x4058c6,72%,35,90,125,1,23,12,89
0x402c9d,99.9467%,35,65692,65727,58404,20,15,7288
0x40e62a,99.8565%,34,23660,23694,21076,17,17,2584
0x4175a4,86.9732%,34,227,261,209,23,11,18
0x405638,37.037%,34,20,54,8,15,19,12
0x40a992,72.8%,34,91,125,0,24,10,91
0x402d90,95.6072%,34,740,774,497,19,15,243
0x406d65,98.3638%,34,2044,2078,1921,17,17,123
0x4174d4,86.9732%,34,227,261,211,21,13,16
0x40279d,99.9431%,33,57972,58005,51542,18,15,6430
0x406d21,99.8757%,33,26526,26559,23588,20,13,2938
0x417aab,74.8092%,33,98,131,95,21,12,3
0x40aa5c,99.9469%,33,62134,62167,56227,23,10,5907
0x40b24f,96.4013%,33,884,917,802,13,20,82
0x40f6b1,62.5%,33,55,88,18,15,18,37
0x4014f2,98.3984%,32,1966,1998,1940,16,16,26
0x40d920,76.9784%,32,107,139,50,18,14,57
0x4073aa,96.4796%,32,877,909,794,14,18,83
0x40775d,99.9246%,31,41063,41094,36512,16,15,4551
0x40bcf4,99.8453%,31,20009,20040,14138,17,14,5871
0x406335,99.6211%,31,8150,8181,7254,18,13,896
0x405b5d,99.9246%,31,41063,41094,36507,21,10,4556
0x40844d,99.9246%,31,41063,41094,36506,22,9,4557
0x40f5ec,63.5294%,31,54,85,18,16,15,36
0x40f3a4,75.2%,31,94,125,50,15,16,44
0x408ba2,98.779%,30,2427,2457,2168,16,14,259
0x40df9f,98.8701%,30,2625,2655,2350,10,20,275
0x4033f9,99.7037%,30,10095,10125,8988,12,18,1107
0x4055be,93.8272%,30,456,486,411,21,9,45
0x407a6d,99.6765%,29,8935,8964,7949,19,10,986
0x401f62,99.8786%,29,23866,23895,21229,11,18,2637
0x402ea9,79.2857%,29,111,140,99,11,18,12
0x412a4e,99.8658%,29,21577,21606,10785,18,11,10792
0x401325,86.9369%,29,193,222,0,0,29,193
0x40d1db,78.6765%,29,107,136,46,20,9,61
0x40e1e5,99.8784%,29,23811,23840,23811,7,22,0
0x406e51,81.6456%,29,129,158,128,19,10,1
0x402ece,89.2593%,29,241,270,219,21,8,22
0x411c1e,99.9625%,29,77350,77379,51474,11,18,25876
0x40e5c8,88.2845%,28,211,239,37,17,11,174
0x40de09,98.9454%,28,2627,2655,2347,13,15,280
0x40e936,95.1389%,28,548,576,509,3,25,39
0x409c20,98.8415%,28,2389,2417,149,20,8,2240
0x40334d,97.5111%,28,1097,1125,982,18,10,115
0x41043e,99.9072%,27,29077,29104,19269,14,13,9808
0x41ae1d,99.9982%,27,1494137,1494164,297813,20,7,1196324
0x4109f2,99.5334%,27,5760,5787,3847,11,16,1913
0x401503,98.6486%,27,1971,1998,1315,17,10,656
0x40a977,99.7333%,27,10098,10125,8996,4,23,1102
0x4134b7,98.9441%,27,2530,2557,1467,20,7,1063
0x40763c,99.6822%,26,8155,8181,7252,20,6,903
0x40b034,92.5287%,26,322,348,8,17,9,314
0x408b65,99.249%,26,3436,3462,50,14,12,3386
0x40588e,99.7432%,26,10099,10125,0,0,26,10099
0x409b92,99.9737%,26,98884,98910,87904,16,10,10980
0x417634,90%,26,234,260,3,13,13,231
0x40135c,98.6987%,26,1972,1998,1755,21,5,217
0x401e2c,95.6597%,25,551,576,502,10,15,49
0x40f5ff,50.9804%,25,26,51,10,11,14,16
0x4124bf,99.7207%,25,8925,8950,4899,13,12,4026
0x407aab,98.0598%,24,1213,1237,0,6,18,1213
0x40e0c5,97.0838%,24,799,823,105,15,9,694
0x417882,98.6207%,24,1716,1740,134,9,15,1582
0x40e248,69.6203%,24,55,79,7,15,9,48
0x40ecae,82.7338%,24,115,139,0,0,24,115
0x40791d,99.9257%,24,32277,32301,28699,13,11,3578
0x40e1e0,99.9888%,24,214536,214560,190706,14,10,23830
0x415da7,86.2069%,24,150,174,106,10,14,44
0x411e51,99.8827%,24,20442,20466,20442,24,0,0
0x4126d1,96.8056%,23,697,720,624,16,7,73
0x412ccd,99.918%,23,28015,28038,14002,17,6,14013
0x40cb1f,92.4092%,23,280,303,192,10,13,88
0x403284,91.4815%,23,247,270,171,9,14,76
0x40e67f,97.4011%,23,862,885,582,8,15,280
0x40d66e,99.0605%,23,2425,2448,2164,12,11,261
0x409d70,99.7442%,23,8968,8991,7977,15,8,991
0x40150f,96.5465%,23,643,666,436,8,15,207
0x4178f3,97.2431%,22,776,798,0,17,5,776
0x410cee,99.9474%,22,41801,41823,27722,13,9,14079
0x406e45,98.4529%,22,1400,1422,1251,13,9,149
0x410b2e,99.9419%,22,37835,37857,25144,9,13,12691
0x413caa,82.2581%,22,102,124,49,13,9,53
0x403545,99.7827%,22,10103,10125,8983,17,5,1120
0x40bae1,97.7124%,21,897,918,810,6,15,87
0x41739b,83.9695%,21,110,131,0,0,21,110
0x40561d,95.679%,21,465,486,423,9,12,42
0x40f3dc,41.6667%,21,15,36,1,13,8,14
0x411ffe,99.9702%,21,70338,70359,46737,11,10,23601
0x407ae8,96.1749%,21,528,549,478,10,11,50
0x4106ce,99.9255%,21,28153,28174,18709,16,5,9444
0x41199e,99.9732%,21,78288,78309,52026,17,4,26262
0x410629,99.7979%,21,10371,10392,926,17,4,9445
0x403600,99.9741%,21,80979,81000,71984,16,5,8995
0x41139e,99.9696%,21,69149,69170,45924,12,9,23225
0x402f3f,92.5926%,20,250,270,229,11,9,21
0x403015,92.5926%,20,250,270,162,18,2,88
0x40465d,55.5556%,20,25,45,23,17,3,2
0x401f4f,99.9907%,20,215035,215055,191144,16,4,23891
0x40fd0d,60.7843%,20,31,51,27,7,13,4
0x4056cd,90.3382%,20,187,207,175,9,11,12
0x41260c,99.7765%,20,8930,8950,5183,12,8,3747
0x4015d6,96.5278%,20,556,576,507,5,15,49
0x40f7d4,95.8606%,19,440,459,399,9,10,41
0x408a81,98.3521%,19,1134,1153,1127,13,6,7
0x40d1cf,98.4477%,19,1205,1224,1071,17,2,134
0x412372,99.8697%,19,14558,14577,9706,12,7,4852
0x404385,79.3478%,19,73,92,42,9,10,31
0x40ea00,99.9205%,19,23876,23895,21236,4,15,2640
0x40f6bb,65.4545%,19,36,55,8,7,12,28
0x405a3e,99.7678%,19,8162,8181,7260,12,7,902
0x41292e,99.9212%,19,24101,24120,15882,9,10,8219
0x40469d,60%,18,27,45,27,13,5,0
0x4026a5,99.8222%,18,10107,10125,8987,13,5,1120
0x412c00,99.6934%,18,5853,5871,1189,9,9,4664
0x408837,99.9553%,18,40248,40266,35778,14,4,4470
0x406585,58.1395%,18,25,43,23,8,10,2
0x4020fd,99.8222%,18,10107,10125,8992,8,10,1115
0x41768b,93.0328%,17,227,244,227,17,0,0
0x411d8e,99.9762%,17,71272,71289,47296,10,7,23976
0x41059e,99.5488%,17,3751,3768,2499,13,4,1252
0x40ddfd,99.9289%,17,23878,23895,21233,7,10,2645
0x4116c2,99.946%,17,31465,31482,20978,10,7,10487
0x41112e,99.9757%,17,70083,70100,46484,10,7,23599
0x410f8e,99.9584%,17,40876,40893,27169,8,9,13707
0x41155e,99.9789%,17,80623,80640,53490,6,11,27133
0x40743d,99.9813%,17,91108,91125,80985,15,2,10123
0x401a84,99.6721%,17,5167,5184,1206,10,7,3961
0x4117ee,99.9787%,17,79693,79710,52925,13,4,26768
0x40655a,48.4848%,17,16,33,15,7,10,1
0x411b02,99.9447%,17,30715,30732,20474,14,3,10241
0x4064e7,98.463%,16,1025,1041,1023,6,10,2
0x40eadd,99.6914%,16,5168,5184,4602,6,10,566
0x40573c,92.2705%,16,191,207,177,7,9,14
0x40f002,88.1481%,16,119,135,85,7,9,34
0x4056ff,92.2705%,16,191,207,169,15,1,22
0x40b57b,99.97%,16,53291,53307,47375,9,7,5916
0x411eee,99.9218%,16,20450,20466,13637,7,9,6813
0x45c353,99.9801%,16,80381,80397,0,0,16,80381
0x4105c3,99.8522%,16,10810,10826,10810,16,0,0
0x4021cd,99.9728%,16,58853,58869,52316,12,4,6537
0x4014d7,97.5976%,16,650,666,0,0,16,650
0x41309e,99.9483%,16,30908,30924,20608,8,8,10300
0x406e5a,55.5556%,16,20,36,3,7,9,17
0x4033ed,99.9824%,16,91109,91125,80989,11,5,10120
0x40eef6,67.3469%,16,33,49,2,6,10,31
0x403290,82.2222%,16,74,90,52,8,8,22
0x41344e,99.7131%,15,5214,5229,3480,6,9,1734
0x40e71d,99.9372%,15,23880,23895,21231,9,6,2649
0x403266,83.3333%,15,75,90,0,0,15,75
0x40ba10,98.0843%,15,768,783,768,6,9,0
0x40e729,99.435%,15,2640,2655,2352,8,7,288
0x412b7d,99.8868%,15,13238,13253,0,0,15,13238
0x4013dd,93.2432%,15,207,222,0,0,15,207
0x40b215,98.0695%,15,762,777,704,6,9,58
0x40589d,99.9835%,15,91110,91125,80990,10,5,10120
0x4155fc,99.903%,15,15450,15465,10302,8,7,5148
0x412e2e,99.9247%,15,19893,19908,13261,11,4,6632
0x41137f,99.9397%,14,23220,23234,0,0,14,23220
0x4131de,99.932%,14,20572,20586,13716,8,6,6856
0x402d9c,94.5736%,14,244,258,162,10,4,82
0x412bae,99.9642%,14,39116,39130,25868,9,5,13248
0x402eb9,94.8148%,14,256,270,0,0,14,256
0x415cdf,91.954%,14,160,174,0,0,14,160
0x412e1d,99.9648%,14,39802,39816,19902,6,8,19900
0x417924,97.9562%,14,671,685,0,9,5,671
0x41343d,99.8661%,14,10444,10458,5225,4,10,5219
0x40b15b,95.9064%,14,328,342,216,12,2,112
0x411d56,97.8788%,14,646,660,0,0,14,646
0x4177e0,99.3545%,14,2155,2169,1920,8,6,235
0x40d19e,99.7918%,14,6709,6723,5965,11,3,744
0x40eb12,99.7299%,14,5170,5184,4601,7,7,569
0x415166,97.7431%,13,563,576,503,9,4,60
0x41058d,99.8275%,13,7523,7536,3763,5,8,3760
0x41b3c3,99.8556%,13,8987,9000,7992,8,5,995
0x404aa0,98.8444%,13,1112,1125,0,0,13,1112
0x410e52,99.9147%,13,15221,15234,10146,10,3,5075
0x41330e,99.9114%,13,14663,14676,9773,11,2,4890
0x405d4d,85.5556%,13,77,90,74,6,7,3
0x4121ae,99.9675%,13,40047,40060,26428,7,6,13619
0x406b46,99.9262%,13,17591,17604,11726,10,3,5865
0x40da73,97.8758%,13,599,612,535,9,4,64
0x411aed,99.9788%,13,61451,61464,30724,8,5,30727
0x40d8db,99.7238%,13,4694,4707,4175,9,4,519
0x407a92,99.1096%,13,1447,1460,0,6,7,1447
0x412f4d,99.9785%,13,60335,60348,30167,7,6,30168
0x406b35,99.9754%,13,52799,52812,35199,9,4,17600
0x410aeb,94.902%,13,242,255,0,0,13,242
0x412cde,99.9073%,13,14006,14019,9338,8,5,4668
0x41235d,99.9554%,13,29141,29154,14567,10,3,14574
0x406e6a,50%,13,13,26,13,12,1,0
0x40563c,61.2903%,12,19,31,0,0,12,19
0x402a03,55.5556%,12,15,27,13,8,4,2
0x412a5f,99.8889%,12,10791,10803,7197,5,7,3594
0x402900,55.5556%,12,15,27,15,9,3,0
0x415435,99.7673%,12,5145,5157,0,2,10,5145
0x41136b,97.7444%,12,520,532,0,0,12,520
0x40b226,98.4556%,12,765,777,515,3,9,250
0x40cdff,97.6923%,12,508,520,0,0,12,508
0x40496a,98.9333%,12,1113,1125,0,0,12,1113
0x406564,52%,12,13,25,6,5,7,7
0x4116e9,99.9613%,12,30980,30992,30980,12,0,0
0x412c51,99.9144%,12,14007,14019,14007,12,0,0
0x4173dd,60%,12,18,30,16,12,0,2
0x41127e,99.9432%,12,21132,21144,14089,7,5,7043
0x40f3eb,50%,11,11,22,0,7,4,11
0x40cf0a,99.6362%,11,3013,3024,2680,8,3,333
0x404045,99.8914%,11,10114,10125,8993,7,4,1121
0x4173a4,91.6031%,11,120,131,0,0,11,120
0x413418,99.7896%,11,5218,5229,0,0,11,5218
0x402a11,59.2593%,11,16,27,14,10,1,2
0x40f01d,74.4186%,11,32,43,22,8,3,10
0x40eefc,73.1707%,11,30,41,10,2,9,20
0x41086a,99.9159%,11,13065,13076,0,0,11,13065
0x40d914,99.1207%,11,1240,1251,1105,7,4,135
0x412832,99.876%,11,8859,8870,2903,6,5,5956
0x410e76,99.9383%,11,17820,17831,17820,11,0,0
0x408874,99.9727%,11,40255,40266,35787,5,6,4468
0x40571c,94.686%,11,196,207,174,10,1,22
0x40ba30,97.6852%,10,422,432,155,7,3,267
0x40eb1b,98.2639%,10,566,576,506,6,4,60
0x4031d6,96.2963%,10,260,270,178,2,8,82
0x4174dd,65.5172%,10,19,29,19,6,4,0
0x4132fd,99.9659%,10,29342,29352,14667,9,1,14675
0x4125f2,99.912%,10,11351,11361,7570,4,6,3781
0x40f6e7,61.5385%,10,16,26,6,7,3,10
0x40b975,98.999%,10,989,999,989,4,6,0
0x40b198,97.1264%,10,338,348,84,5,5,254
0x402971,62.963%,10,17,27,16,8,2,1
0x40f6d0,71.4286%,10,25,35,2,5,5,23
0x409840,99.9811%,10,52802,52812,46938,6,4,5864
0x40e792,99.8835%,10,8576,8586,7622,10,0,954
0x40b394,99.9813%,10,53324,53334,47398,10,0,5926
0x4047fc,44.4444%,10,8,18,8,8,2,0
0x408a52,99.9568%,10,23156,23166,20583,9,1,2573
0x406528,76.7442%,10,33,43,4,6,4,29
0x40e9f4,99.9954%,10,215045,215055,191156,4,6,23889
0x4031f5,90%,9,81,90,57,3,6,24
0x40e79e,99.0566%,9,945,954,846,2,7,99
0x40219c,99.8624%,9,6532,6541,0,0,9,6532
0x40defd,99.9943%,9,157365,157374,139882,6,3,17483
0x40f1da,98.75%,9,711,720,634,6,3,77
0x46fec2,99.3333%,9,1341,1350,1079,1,8,262
0x405d1b,62.5%,9,15,24,13,1,8,2
0x40450c,90.2174%,9,83,92,83,2,7,0
0x405ca7,97.7273%,9,387,396,381,9,0,6
0x412f5e,99.9702%,9,30165,30174,20111,5,4,10054
0x401d08,99.2599%,9,1207,1216,0,0,9,1207
0x410e3d,99.9705%,9,30459,30468,15227,7,2,15232
0x4179e3,98.5173%,9,598,607,398,9,0,200
0x411631,99.9714%,9,31473,31482,31473,9,0,0
0x401d72,99.2599%,9,1207,1216,0,0,9,1207
0x4047cd,50%,9,9,18,9,7,2,0
0x4154b6,99.8254%,9,5146,5155,0,0,9,5146
0x41b4df,99.7%,9,2991,3000,999,1,8,1992
0x402828,68.9655%,9,20,29,1,0,9,19
0x41b449,99.9%,9,8991,9000,5993,7,2,2998
0x40f3d1,78.5714%,9,33,42,0,6,3,33
0x411eba,99.9609%,8,20458,20466,0,0,8,20458
0x410f4b,96.8627%,8,247,255,0,0,8,247
0x40da5c,88.2353%,8,60,68,0,0,8,60
0x41267d,99.9106%,8,8942,8950,8866,4,4,76
0x4179d3,98.6992%,8,607,615,0,8,0,607
0x4124f6,99.8371%,8,4904,4912,1120,5,3,3784
0x406ebe,11.1111%,8,1,9,1,7,1,0
0x40faa7,98.2571%,8,451,459,402,6,2,49
0x402842,71.4286%,8,20,28,20,5,3,0
0x41a64a,99.3056%,8,1144,1152,1023,1,7,121
0x41af9a,99.2%,8,992,1000,0,0,8,992
0x4109dd,99.9309%,8,11566,11574,5782,5,3,5784
0x417792,99.6349%,8,2183,2191,0,1,7,2183
0x40b986,99.1992%,8,991,999,659,7,1,332
0x40bcc9,99.9642%,8,22354,22362,0,0,8,22354
0x405429,94.4444%,8,136,144,90,0,8,46
0x40d127,99.4143%,8,1358,1366,0,0,8,1358
0x40ef03,72.4138%,8,21,29,2,0,8,19
0x417424,72.4138%,8,21,29,0,0,8,21
0x40f6c6,80%,8,32,40,2,3,5,30
0x405b1e,99.8248%,8,4558,4566,0,0,8,4558
0x411a71,99.974%,8,30724,30732,30724,8,0,0
0x412ac8,99.9466%,8,14976,14984,0,0,8,14976
0x40e25c,90.8046%,8,79,87,79,8,0,0
0x4035c3,99.9111%,8,8992,9000,0,0,8,8992
0x407606,99.1199%,8,901,909,0,0,8,901
0x4030bf,91.1111%,8,82,90,56,4,4,26
0x401ad6,99.865%,7,5177,5184,4606,2,5,571
0x40ba21,99.106%,7,776,783,518,4,3,258
0x406b8b,99.9867%,7,52805,52812,46938,6,1,5867
0x41308d,99.9887%,7,61841,61848,30923,1,6,30918
0x40d546,98.6408%,7,508,515,0,0,7,508
0x4038a6,93.5185%,7,101,108,7,4,3,94
0x411f12,99.9731%,7,26025,26032,26025,7,0,0
0x410a16,99.952%,7,14570,14577,14570,7,0,0
0x40f446,97.0085%,7,227,234,0,0,7,227
0x4173bc,94.6565%,7,124,131,0,0,7,124
0x40b570,99.9985%,7,479756,479763,426453,3,4,53303
0x40da4a,90.1408%,7,64,71,0,3,4,64
0x41218a,99.9486%,7,13618,13625,0,0,7,13618
0x415d63,95.977%,7,167,174,0,0,7,167
0x40a96b,99.9923%,7,91118,91125,80998,2,5,10120
0x403a3a,93.5185%,7,101,108,101,3,4,0
0x402da1,91.8605%,7,79,86,0,0,7,79
0x417931,98.9645%,7,669,676,600,4,3,69
0x411680,99.9778%,7,31475,31482,0,0,7,31475
0x4031b9,92.2222%,7,83,90,0,0,7,83
0x4152f8,99.8643%,7,5150,5157,0,0,7,5150
0x409938,99.9602%,7,17597,17604,11732,4,3,5865
0x40f39f,98.871%,7,613,620,493,2,5,120
0x401dbd,99.8081%,7,3641,3648,0,0,7,3641
0x410b02,99.9449%,7,12697,12704,0,0,7,12697
0x412b69,98.8871%,7,622,629,0,0,7,622
0x415de5,95.977%,7,167,174,58,0,7,109
0x40e8b4,99.865%,7,5177,5184,4607,1,6,570
0x40c5ef,99.9946%,7,129062,129069,114721,7,0,14341
0x40d866,99.3506%,7,1071,1078,0,0,7,1071
0x411fdd,99.9704%,7,23604,23611,0,0,7,23604
0x411fc9,98.5232%,7,467,474,0,0,7,467
0x41249e,99.9721%,7,25043,25050,16442,7,0,8601
0x411bdb,97.6898%,7,296,303,0,0,7,296
0x40d5df,99.8489%,7,4627,4634,0,0,7,4627
0x411edd,99.9853%,6,40926,40932,20462,4,2,20464
0x408410,99.8686%,6,4560,4566,0,0,6,4560
0x40702c,33.3333%,6,3,9,3,5,1,0
0x411526,99.2424%,6,786,792,0,0,6,786
0x40c2a3,99.9952%,6,125040,125046,111146,6,0,13894
0x4122e1,99.9588%,6,14571,14577,14571,6,0,0
0x46fe6e,97.7778%,6,264,270,0,0,6,264
0x410961,99.8963%,6,5781,5787,5781,6,0,0
0x40e061,99.9972%,6,211521,211527,188020,4,2,23501
0x41126d,99.9858%,6,42282,42288,21142,2,4,21140
0x40199e,99.8843%,6,5178,5184,0,0,6,5178
0x40713b,33.3333%,6,3,9,3,3,3,0
0x40b5a7,99.8987%,6,5917,5923,0,0,6,5917
0x40dcbd,33.3333%,6,3,9,2,6,0,1
0x407973,99.8788%,6,4945,4951,4945,0,6,0
0x40bf9f,99.9952%,6,125049,125055,111155,5,1,13894
0x40f6da,78.5714%,6,22,28,0,2,4,22
0x4157b6,99.9871%,6,46389,46395,30927,3,3,15462
0x408b4b,99.8382%,6,3703,3709,0,0,6,3703
0x40ead4,99.9871%,6,46650,46656,41469,3,3,5181
0x40311e,80%,6,24,30,0,0,6,24
0x4125dd,99.9736%,6,22716,22722,11356,5,1,11360
0x41124a,99.9716%,6,21138,21144,0,0,6,21138
0x402950,77.7778%,6,21,27,20,4,2,1
0x4133c1,99.8853%,6,5223,5229,5223,6,0,0
0x4029c1,77.7778%,6,21,27,20,4,2,1
0x410f62,99.9563%,6,13710,13716,0,0,6,13710
0x40f60f,80%,6,24,30,3,1,5,21
0x40aada,99.9887%,6,53247,53253,47331,5,1,5916
0x40acb8,99.9987%,6,479028,479034,425807,1,5,53221
0x41056d,99.8408%,6,3762,3768,0,0,6,3762
0x412903,99.9271%,6,8223,8229,0,0,6,8223
0x415dd8,96.5517%,6,168,174,0,0,6,168
0x40481c,66.6667%,6,12,18,12,4,2,0
0x41359e,99.8131%,6,3204,3210,2134,6,0,1070
0x413511,99.8131%,6,3204,3210,3204,6,0,0
0x413151,99.9709%,6,20580,20586,20580,6,0,0
0x40acef,99.9155%,5,5909,5914,0,0,5,5909
0x40ef09,81.4815%,5,22,27,6,0,5,16
0x41afe7,99.5%,5,995,1000,995,5,0,0
0x407258,44.4444%,5,4,9,2,4,1,2
0x409bb7,99.9949%,5,98905,98910,87916,4,1,10989
0x40302b,94.4444%,5,85,90,55,5,0,30
0x40f5a8,94.0476%,5,79,84,0,0,5,79
0x4015c1,99.9035%,5,5179,5184,4604,4,1,575
0x410504,99.8673%,5,3763,3768,3763,5,0,0
0x40ff91,99.917%,5,6018,6023,0,0,5,6018
0x4116ad,99.9921%,5,62959,62964,31479,3,2,31480
0x4177d3,99.7697%,5,2166,2171,0,2,3,2166
0x40dfee,99.9787%,5,23498,23503,0,0,5,23498
0x40cbd8,99.9506%,5,10120,10125,0,0,5,10120
0x40b398,99.9156%,5,5921,5926,0,3,2,5921
0x40e44b,99.9789%,5,23743,23748,0,0,5,23743
0x417aca,66.6667%,5,10,15,9,4,1,1
0x4131ac,99.9757%,5,20581,20586,0,0,5,20581
0x40e59e,90.7407%,5,49,54,0,0,5,49
0x41358d,99.9221%,5,6415,6420,3206,4,1,3209
0x40e92a,99.9035%,5,5179,5184,4607,1,4,572
0x402819,98.4227%,5,312,317,311,2,3,1
0x4155e6,99.9892%,5,46390,46395,30929,1,4,15461
0x40e5fc,93.9024%,5,77,82,77,5,0,0
0x412176,99.3865%,5,810,815,0,0,5,810
0x40acc3,99.9906%,5,53221,53226,47311,1,4,5910
0x40f258,99.6855%,5,1585,1590,0,0,5,1585
0x41ac53,99.9993%,5,721309,721314,377979,0,5,343330
0x40b9fe,99.3614%,5,778,783,520,2,3,258
0x406b23,99.9716%,5,17599,17604,0,0,5,17599
0x407413,99.5556%,5,1120,1125,0,0,5,1120
0x46fed8,98.1481%,5,265,270,203,3,2,62
0x410e10,99.9672%,5,15229,15234,0,0,5,15229
0x40d336,92.5373%,5,62,67,62,5,0,0
0x406f5e,44.4444%,5,4,9,4,2,3,0
0x41041a,99.9491%,5,9816,9821,0,0,5,9816
0x40e0f5,99.2614%,5,672,677,672,5,0,0
0x40b1fb,99.3565%,5,772,777,514,4,1,258
0x417892,99.6869%,5,1592,1597,1155,5,0,437
0x4019b9,99.9035%,5,5179,5184,4606,2,3,573
0x40f124,99.3056%,5,715,720,635,5,0,80
0x4040ae,99.9444%,5,8987,8992,0,0,5,8987
0x415cbb,97.1264%,5,169,174,0,0,5,169
0x41b0e0,99.5%,5,995,1000,0,0,5,995
0x40d331,99.1708%,5,598,603,534,2,3,64
0x40f402,73.3333%,4,11,15,0,3,1,11
0x412da1,99.9799%,4,19904,19908,19904,4,0,0
0x407269,55.5556%,4,5,9,5,1,3,0
0x406fe2,55.5556%,4,5,9,3,3,1,2
0x40712a,55.5556%,4,5,9,3,3,1,2
0x40742e,99.9605%,4,10121,10125,0,0,4,10121
0x412ca6,99.9715%,4,14015,14019,0,0,4,14015
0x4174e7,0%,4,0,4,0,0,4,0
0x40401c,99.6444%,4,1121,1125,0,0,4,1121
0x412821,95%,4,76,80,10,3,1,66
0x4117bf,99.9851%,4,26768,26772,0,0,4,26768
0x40c9a6,98.8406%,4,341,345,0,0,4,341
0x40b2cf,99.9516%,4,8258,8262,0,0,4,8258
0x40aade,99.9324%,4,5913,5917,0,3,1,5913
0x416240,93.75%,4,60,64,1,1,3,59
0x4132d8,99.9727%,4,14672,14676,0,0,4,14672
0x41069d,99.9577%,4,9445,9449,0,0,4,9445
0x4157c7,99.9741%,4,15461,15465,10307,3,1,5154
0x402942,85.1852%,4,23,27,18,3,1,5
0x40dd4e,55.5556%,4,5,9,4,4,0,1
0x4131cd,99.9903%,4,41168,41172,20586,0,4,20582
0x406507,66.6667%,4,8,12,0,0,4,8
0x40a94c,99.6444%,4,1121,1125,0,0,4,1121
0x405513,92.5926%,4,50,54,50,4,0,0
0x40efa7,99.6732%,4,1220,1224,815,2,2,405
0x40d308,94.2857%,4,66,70,0,3,1,66
0x40eb5e,99.9228%,4,5180,5184,4605,3,1,575
0x40e8a8,99.9914%,4,46652,46656,41470,2,2,5182
0x41b181,99.6%,4,996,1000,996,4,0,0
0x41ac79,99.998%,4,198044,198048,198044,4,0,0
0x4110f6,99.4429%,4,714,718,0,0,4,714
0x40f3b8,95.6522%,4,88,92,30,4,0,58
0x41b0d7,99.6%,4,996,1000,0,0,4,996
0x40e5ba,97.0588%,4,132,136,0,0,4,132
0x4020bb,99.6444%,4,1121,1125,0,0,4,1121
0x40bc57,99.9513%,4,8203,8207,0,0,4,8203
0x40dceb,55.5556%,4,5,9,5,1,3,0
0x40479d,77.7778%,4,14,18,14,2,2,0
0x40bab6,99.5062%,4,806,810,536,4,0,270
0x40eb54,99.3056%,4,572,576,0,0,4,572
0x410dc1,99.9737%,4,15230,15234,15230,4,0,0
0x415bf8,93.1034%,4,54,58,54,4,0,0
0x40b1a9,98.4556%,4,255,259,0,0,4,255
0x40ca7f,99.8521%,4,2701,2705,2700,2,2,1
0x406fd1,66.6667%,3,6,9,5,1,2,1
0x40631e,99.67%,3,906,909,0,0,3,906
0x406fee,0%,3,0,3,0,2,1,0
0x415548,99.9806%,3,15462,15465,0,0,3,15462
0x46fda7,99.9376%,3,4803,4806,269,1,2,4534
0x40c35d,99.983%,3,17649,17652,0,0,3,17649
0x410689,98.2659%,3,170,173,0,0,3,170
0x411ac0,99.9902%,3,30729,30732,0,0,3,30729
0x410cca,99.9787%,3,14085,14088,0,0,3,14085
0x41b01e,99.7%,3,997,1000,997,3,0,0
0x40de9b,99.9828%,3,17483,17486,0,0,3,17483
0x40baa5,99.6296%,3,807,810,807,3,0,0
0x407a7e,99.6988%,3,993,996,0,0,3,993
0x41110a,99.9873%,3,23603,23606,0,0,3,23603
0x4073bd,97.6%,3,122,125,0,0,3,122
0x405d91,87.5%,3,21,24,17,1,2,4
0x40c8fb,99.9977%,3,129066,129069,114726,2,1,14340
0x46fe4f,98.8281%,3,253,256,190,2,1,63
0x40297e,0%,3,0,3,0,0,3,0
0x4028b4,0%,3,0,3,0,0,3,0
0x41789f,99.3135%,3,434,437,336,3,0,98
0x40ece2,99.2701%,3,408,411,0,0,3,408
0x401394,98.6486%,3,219,222,0,0,3,219
0x405879,99.7333%,3,1122,1125,0,0,3,1122
0x415813,99.835%,3,1815,1818,0,0,3,1815
0x4112a5,99.9889%,3,27144,27147,27144,3,0,0
0x401cbf,99.7533%,3,1213,1216,0,0,3,1213
0x41b015,99.7%,3,997,1000,0,0,3,997
0x405a0a,99.67%,3,906,909,0,0,3,906
0x40dde9,99.887%,3,2652,2655,0,0,3,2652
0x414e6e,99.4792%,3,573,576,511,1,2,62
0x4071ea,66.6667%,3,6,9,4,2,1,2
0x409dab,98.5577%,3,205,208,0,0,3,205
0x40717c,66.6667%,3,6,9,6,2,1,0
0x4070b6,66.6667%,3,6,9,6,0,3,0
0x40b7f2,99.9944%,3,53304,53307,47381,3,0,5923
0x411966,99.3865%,3,486,489,0,0,3,486
0x407aed,95.082%,3,58,61,0,0,3,58
0x458e0f,99.9963%,3,80394,80397,80394,3,0,0
0x40e752,97.1698%,3,103,106,0,0,3,103
0x4109b0,99.9482%,3,5784,5787,0,0,3,5784
0x45a275,99.9963%,3,80394,80397,0,0,3,80394
0x40eb6a,99.4792%,3,573,576,511,1,2,62
0x413566,99.9065%,3,3207,3210,0,0,3,3207
0x408452,99.9343%,3,4563,4566,4563,3,0,0
0x415670,99.9418%,3,5152,5155,0,0,3,5152
0x4045cf,57.1429%,3,4,7,0,3,0,4
0x41b4e4,99.9625%,3,7997,8000,7997,3,0,0
0x413619,97.619%,3,123,126,64,0,3,59
0x45c9e3,99.9963%,3,80394,80397,0,0,3,80394
0x401b2c,99.4792%,3,573,576,512,0,3,61
0x410856,99.3197%,3,438,441,0,0,3,438
0x414ffe,99.4792%,3,573,576,509,3,0,64
0x40b186,99.1228%,3,339,342,228,0,3,111
0x402754,99.9535%,3,6442,6445,0,0,3,6442
0x41afda,99.7%,3,997,1000,997,3,0,0
0x415707,99.9806%,3,15462,15465,0,0,3,15462
0x40b0d9,99.6904%,3,966,969,643,3,0,323
0x401456,98.6486%,3,219,222,0,0,3,219
0x41afa6,99.7%,3,997,1000,0,0,3,997
0x402f6e,90%,3,27,30,0,0,3,27
0x410406,99.1643%,3,356,359,0,0,3,356
0x408ba7,98.9011%,3,270,273,0,0,3,270
0x412a20,99.9722%,3,10800,10803,0,0,3,10800
0x4046ad,40%,3,2,5,1,1,2,1
0x407125,0%,3,0,3,0,0,3,0
0x40e17e,99.9874%,3,23837,23840,0,0,3,23837
0x41b124,99.7%,3,997,1000,997,3,0,0
0x4111e1,99.9858%,3,21141,21144,21141,3,0,0
0x409845,99.9489%,3,5865,5868,0,0,3,5865
0x4097f3,99.9659%,2,5866,5868,0,0,2,5866
0x40a8f6,98.4%,2,123,125,0,0,2,123
0x40ca04,99.911%,2,2246,2248,2246,0,2,0
0x45c3d0,99.9975%,2,80395,80397,0,0,2,80395
0x46fe2a,99.2593%,2,268,270,205,1,1,63
0x408a96,99.7063%,2,679,681,0,0,2,679
0x41552b,99.9871%,2,15463,15465,0,0,2,15463
0x41578e,99.9871%,2,15463,15465,0,0,2,15463
0x40cb72,98.4%,2,123,125,0,0,2,123
0x415107,99.6528%,2,574,576,510,2,0,64
0x40ce17,99.6154%,2,518,520,0,0,2,518
0x40eb20,96.875%,2,62,64,0,0,2,62
0x412330,99.9863%,2,14575,14577,0,0,2,14575
0x46fdd3,99.9578%,2,4740,4742,0,0,2,4740
0x4125b0,99.9824%,2,11359,11361,0,0,2,11359
0x4179f0,99%,2,198,200,135,1,1,63
0x411d6a,99.9917%,2,23981,23983,0,0,2,23981
0x41197a,99.9924%,2,26264,26266,0,0,2,26264
0x4079c7,99.4186%,2,342,344,0,0,2,342
0x406f72,33.3333%,2,1,3,1,1,1,0
0x40ce88,99.9573%,2,4678,4680,0,0,2,4678
0x41adab,99.9997%,2,641166,641168,641166,2,0,0
0x40e460,99.9916%,2,23746,23748,0,0,2,23746
0x413011,99.9935%,2,30922,30924,30922,2,0,0
0x40354a,99.8222%,2,1123,1125,0,0,2,1123
0x4179c4,99.0385%,2,206,208,0,0,2,206
0x402688,99.8222%,2,1123,1125,0,0,2,1123
0x40497f,99.8222%,2,1123,1125,0,0,2,1123
0x40c22e,99.9856%,2,13892,13894,0,0,2,13892
0x40c57a,99.9861%,2,14339,14341,0,0,2,14339
0x409924,99.9962%,2,52810,52812,35206,2,0,17604
0x40af66,99.9662%,2,5913,5915,0,0,2,5913
0x458d6d,99.9975%,2,80395,80397,0,0,2,80395
0x402c5c,99.9726%,2,7301,7303,0,0,2,7301
0x4086b8,99.78%,2,907,909,0,0,2,907
0x40e9e3,99.9916%,2,23893,23895,0,0,2,23893
0x41b348,99.8%,2,998,1000,0,0,2,998
0x45a255,99.9975%,2,80395,80397,0,0,2,80395
0x40541f,98.6111%,2,142,144,46,0,2,96
0x45a20a,99.9975%,2,80395,80397,0,0,2,80395
0x40ef10,90.4762%,2,19,21,1,1,1,18
0x40ba93,99.7531%,2,808,810,538,2,0,270
0x41b116,99.8%,2,998,1000,998,2,0,0
0x40c927,99.9861%,2,14339,14341,0,0,2,14339
0x40b175,99.4152%,2,340,342,340,2,0,0
0x413795,98.3871%,2,122,124,0,0,2,122
0x405d67,50%,2,2,4,0,2,0,2
0x40dcf9,77.7778%,2,7,9,7,1,1,0
0x407147,33.3333%,2,1,3,1,1,1,0
0x415db0,96.5517%,2,56,58,56,2,0,0
0x415c10,96.5517%,2,56,58,0,0,2,56
0x40e783,99.7904%,2,952,954,0,0,2,952
0x4172fb,0%,2,0,2,0,0,2,0
0x401aef,99.6528%,2,574,576,511,1,1,63
0x417904,99.7439%,2,779,781,699,1,1,80
0x413d30,99.6416%,2,556,558,494,2,0,62
0x413a10,98.3871%,2,122,124,0,0,2,122
0x404f46,99.6%,2,498,500,0,0,2,498
0x405caf,66.6667%,2,4,6,0,0,2,4
0x40f583,98.75%,2,158,160,158,2,0,0
0x403af3,50%,2,2,4,0,0,2,2
0x46fdac,99.9578%,2,4740,4742,4740,2,0,0
0x417806,99.1701%,2,239,241,0,0,2,239
0x41306c,99.9935%,2,30922,30924,0,0,2,30922
0x405d59,80%,2,8,10,8,0,2,0
0x412561,99.9824%,2,11359,11361,11359,2,0,0
0x40dd1f,77.7778%,2,7,9,7,1,1,0
0x4129d1,99.9815%,2,10801,10803,10801,2,0,0
0x406b4e,99.9659%,2,5866,5868,0,0,2,5866
0x45c38c,99.9975%,2,80395,80397,0,0,2,80395
0x458d75,99.9975%,2,80395,80397,0,0,2,80395
0x405672,91.3043%,2,21,23,21,2,0,0
0x41153a,99.9926%,2,27142,27144,0,0,2,27142
0x458e3e,99.9975%,2,80395,80397,80395,2,0,0
0x45a235,99.9975%,2,80395,80397,0,0,2,80395
0x405823,98.4%,2,123,125,0,0,2,123
0x40b0fc,98.2456%,2,112,114,0,0,2,112
0x41b506,99.8%,2,998,1000,998,2,0,0
0x40dd40,77.7778%,2,7,9,4,1,1,3
0x409960,99.9962%,2,52810,52812,46942,2,0,5868
0x41b3d7,99.8%,2,998,1000,998,2,0,0
0x417adb,50%,1,1,2,0,0,1,1
0x40da78,98.5294%,1,67,68,67,0,1,0
0x409912,99.9943%,1,17603,17604,0,0,1,17603
0x401f30,99.9958%,1,23894,23895,0,0,1,23894
0x40eb0d,99.8264%,1,575,576,0,0,1,575
0x4156eb,99.9935%,1,15464,15465,0,0,1,15464
0x40534a,99.8%,1,499,500,0,0,1,499
0x40cbc8,99.9111%,1,1124,1125,0,0,1,1124
0x40288f,96.2963%,1,26,27,23,1,0,3
0x4033bb,99.9111%,1,1124,1125,0,0,1,1124
0x40c33a,99.983%,1,5883,5884,0,0,1,5883
0x458dc9,99.9988%,1,80396,80397,80396,1,0,0
0x411bef,99.9961%,1,25893,25894,0,0,1,25893
0x40404a,99.9111%,1,1124,1125,0,0,1,1124
0x41b16f,99.9%,1,999,1000,0,0,1,999
0x4070c7,66.6667%,1,2,3,1,1,0,1
0x4117ab,99.835%,1,605,606,0,0,1,605
0x403b0a,75%,1,3,4,3,1,0,0
0x45a30d,99.9988%,1,80396,80397,0,0,1,80396
0x41b281,99.9%,1,999,1000,999,1,0,0
0x45c3ac,99.9988%,1,80396,80397,80396,1,0,0
0x4071d4,66.6667%,1,2,3,0,0,1,2
0x41b00c,99.9%,1,999,1000,0,0,1,999
0x41b2ab,99.9%,1,999,1000,0,0,1,999
0x414055,99.8264%,1,575,576,511,1,0,64
0x40bfcb,99.9928%,1,13894,13895,0,0,1,13894
0x40dd9d,99.661%,1,294,295,0,0,1,294
0x41b4b7,99.9%,1,999,1000,999,1,0,0
0x41ae54,99.9994%,1,160291,160292,80145,1,0,80146
0x406f49,66.6667%,1,2,3,0,0,1,2
0x407253,66.6667%,1,2,3,0,0,1,2
0x413770,99.1935%,1,123,124,0,0,1,123
0x40633a,99.89%,1,908,909,0,0,1,908
0x40b9a6,99.6169%,1,260,261,0,0,1,260
0x40c623,99.993%,1,14340,14341,0,0,1,14340
0x413f9b,98.3871%,1,61,62,61,1,0,0
0x41774a,99.5902%,1,243,244,243,1,0,0
0x4019ad,99.9979%,1,46655,46656,41472,0,1,5183
0x401b23,99.9807%,1,5183,5184,4607,1,0,576
0x413629,98.3871%,1,61,62,0,0,1,61
0x4128ef,99.8236%,1,566,567,0,0,1,566
0x416255,50%,1,1,2,1,1,0,0
0x4063f0,99.9776%,1,4473,4474,0,0,1,4473
0x4173e2,50%,1,1,2,1,0,1,0
0x40709e,66.6667%,1,2,3,0,0,1,2
0x41abe6,99.9994%,1,160291,160292,80145,1,0,80146
0x407275,66.6667%,1,2,3,1,1,0,1
0x40da98,88.8889%,1,8,9,8,0,1,0
0x412712,98.75%,1,79,80,0,0,1,79
0x41b250,99.95%,1,1999,2000,0,0,1,1999
0x45c3c7,99.9988%,1,80396,80397,0,0,1,80396
0x41b46f,99.9667%,1,2999,3000,0,0,1,2999
0x406fcd,66.6667%,1,2,3,0,0,1,2
0x41b25d,99.95%,1,1999,2000,1000,0,1,999
0x412ed1,99.9967%,1,30173,30174,30173,1,0,0
0x414625,99.9132%,1,1151,1152,1023,1,0,128
0x40d001,99.7024%,1,335,336,0,0,1,335
0x41b178,99.9%,1,999,1000,0,0,1,999
0x46fe98,99.9259%,1,1349,1350,0,0,1,1349
0x46fde4,99.9789%,1,4741,4742,205,1,0,4536
0x40f3a9,98.3333%,1,59,60,59,1,0,0
0x40e74b,99.0566%,1,105,106,0,0,1,105
0x417a0c,98.4375%,1,63,64,0,0,1,63
0x40da23,98.5915%,1,70,71,0,0,1,70
0x40ef18,94.7368%,1,18,19,3,1,0,15
0x413640,99.1935%,1,123,124,0,0,1,123
0x458e2f,99.9988%,1,80396,80397,80396,1,0,0
0x412f2c,99.9967%,1,30173,30174,0,0,1,30173
0x4087f8,99.9776%,1,4473,4474,0,0,1,4473
0x45c9ca,99.9988%,1,80396,80397,0,0,1,80396
0x458dba,99.9988%,1,80396,80397,0,0,1,80396
0x407056,0%,1,0,1,0,0,1,0
0x45c3d5,99.9988%,1,80396,80397,0,0,1,80396
0x41aaec,99.9988%,1,80144,80145,0,0,1,80144
0x40883c,99.9776%,1,4473,4474,0,0,1,4473
0x40aa14,99.9879%,1,8247,8248,0,0,1,8247
0x41a594,99.2188%,1,127,128,0,0,1,127
0x40eacf,99.9807%,1,5183,5184,0,0,1,5183
0x405d78,50%,1,1,2,1,1,0,0
0x45c9ec,99.9988%,1,80396,80397,80396,1,0,0
0x413281,99.9932%,1,14675,14676,14675,1,0,0
0x40e6b0,99.661%,1,294,295,294,1,0,0
0x409ba4,99.9909%,1,10989,10990,0,0,1,10989
0x401eb4,99.661%,1,294,295,0,0,1,294
0x402d0d,98.8372%,1,85,86,0,0,1,85
0x407922,99.9721%,1,3588,3589,0,0,1,3588
0x41a638,99.9904%,1,10367,10368,9216,0,1,1151
0x4098af,99.983%,1,5867,5868,0,0,1,5867
0x458da8,99.9988%,1,80396,80397,0,0,1,80396
0x40b95b,99.8999%,1,998,999,665,1,0,333
0x408a04,99.9611%,1,2573,2574,2573,1,0,0
0x458d63,99.9988%,1,80396,80397,0,0,1,80396
0x412df6,99.995%,1,19907,19908,0,0,1,19907
0x41a5a2,99.2188%,1,127,128,127,1,0,0
0x41b15e,99.9%,1,999,1000,0,0,1,999
0x411b29,99.9967%,1,30335,30336,30335,1,0,0
0x406abd,99.983%,1,5867,5868,0,0,1,5867
0x45c367,99.9988%,1,80396,80397,0,0,1,80396
0x40c889,99.993%,1,14340,14341,0,0,1,14340
0x408b38,100%,0,1528,1528,0,0,0,1528
0x413c8f,100%,0,372,372,248,0,0,124
0x40994d,100%,0,5868,5868,0,0,0,5868
0x40eb00,100%,0,64,64,0,0,0,64
0x45a86d,100%,0,80397,80397,80397,0,0,0
0x417a22,100%,0,64,64,0,0,0,64
0x413cc5,100%,0,62,62,0,0,0,62
0x41247a,100%,0,8601,8601,0,0,0,8601
0x40e8d2,100%,0,64,64,0,0,0,64
0x40f3bd,100%,0,58,58,0,0,0,58
0x40c2cf,100%,0,13893,13893,0,0,0,13893
0x4159e0,100%,0,58,58,0,0,0,58
0x41a5b1,100%,0,128,128,0,0,0,128
0x41b596,100%,0,1000,1000,0,0,0,1000
0x40f3f5,100%,0,15,15,0,0,0,15
0x40198b,100%,0,576,576,0,0,0,576
0x45c3bb,100%,0,80397,80397,0,0,0,80397
0x46fdbc,100%,0,4742,4742,4742,0,0,0
0x40b73d,100%,0,5923,5923,0,0,0,5923
0x406ef8,100%,0,1,1,0,0,0,1
0x40d31a,100%,0,67,67,0,0,0,67
0x46fe67,100%,0,270,270,0,0,0,270
0x40df02,100%,0,17486,17486,17486,0,0,0
0x458d97,100%,0,80397,80397,0,0,0,80397
0x40af91,100%,0,5915,5915,0,0,0,5915
0x40ea8d,100%,0,231,231,0,0,0,231
0x40b324,100%,0,5926,5926,0,0,0,5926
0x40eac7,100%,0,576,576,0,0,0,576
0x40e81e,100%,0,64,64,0,0,0,64
0x40e88d,100%,0,576,576,0,0,0,576
0x40e91b,100%,0,576,576,0,0,0,576
0x41ab24,100%,0,80145,80145,80145,0,0,0
0x4045fd,100%,0,5,5,5,0,0,0
0x415b4a,100%,0,58,58,58,0,0,0
0x41b5a8,100%,0,1000,1000,0,0,0,1000
0x4046b5,100%,0,3,3,0,0,0,3
0x41b26f,100%,0,1000,1000,1000,0,0,0
0x4146ca,100%,0,1152,1152,768,0,0,384
0x407189,100%,0,1,1,0,0,0,1
0x4071fb,100%,0,3,3,2,0,0,1
0x41a667,100%,0,128,128,128,0,0,0
0x40da9d,100%,0,1,1,1,0,0,0
0x401b16,100%,0,576,576,0,0,0,576
0x412466,100%,0,753,753,0,0,0,753
0x413fa9,100%,0,64,64,0,0,0,64
0x41a512,100%,0,128,128,0,0,0,128
0x417872,100%,0,580,580,0,0,0,580
0x40a95c,100%,0,10125,10125,0,0,0,10125
0x41795b,100%,0,72,72,0,0,0,72
0x413ff5,100%,0,576,576,512,0,0,64
0x414135,100%,0,192,192,128,0,0,64
0x41470a,100%,0,384,384,0,0,0,384
0x4141b4,100%,0,192,192,128,0,0,64
0x4141ca,100%,0,64,64,64,0,0,0
0x41a4bb,100%,0,128,128,0,0,0,128
0x458de7,100%,0,80397,80397,0,0,0,80397
0x41a53e,100%,0,128,128,0,0,0,128
0x41a615,100%,0,1152,1152,0,0,0,1152
0x414726,100%,0,384,384,0,0,0,384
0x41ab0a,100%,0,80145,80145,0,0,0,80145
0x4148bc,100%,0,128,128,0,0,0,128
0x414c85,100%,0,128,128,0,0,0,128
0x40193f,100%,0,64,64,0,0,0,64
0x407641,100%,0,909,909,0,0,0,909
0x401b08,100%,0,64,64,0,0,0,64
0x40aa69,100%,0,5917,5917,0,0,0,5917
0x406b57,100%,0,5868,5868,0,0,0,5868
0x46fdfa,100%,0,4742,4742,4742,0,0,0
0x409ced,100%,0,7526,7526,0,0,0,7526
0x40e898,100%,0,5184,5184,0,0,0,5184
0x40351d,100%,0,1125,1125,0,0,0,1125
0x40ba41,100%,0,270,270,0,0,0,270
0x41a4c0,100%,0,128,128,128,0,0,0
0x402289,100%,0,349,349,349,0,0,0
0x410cb6,100%,0,441,441,0,0,0,441
0x40b81e,100%,0,5923,5923,0,0,0,5923
0x41a530,100%,0,128,128,0,0,0,128
0x40d2da,100%,0,70,70,0,0,0,70
0x401f1b,100%,0,2655,2655,0,0,0,2655
0x40e705,100%,0,2655,2655,0,0,0,2655
0x40d566,100%,0,515,515,0,0,0,515
0x414025,100%,0,576,576,512,0,0,64
0x40d761,100%,0,272,272,0,0,0,272
0x40e984,100%,0,295,295,0,0,0,295
0x40e9d8,100%,0,2655,2655,0,0,0,2655
0x413b86,100%,0,372,372,0,0,0,372
0x402102,100%,0,1125,1125,0,0,0,1125
0x4086f3,100%,0,909,909,0,0,0,909
0x45c9d3,100%,0,80397,80397,0,0,0,80397
0x414202,100%,0,128,128,64,0,0,64
0x45a267,100%,0,80397,80397,80397,0,0,0
0x45c3a3,100%,0,80397,80397,0,0,0,80397
0x40ea44,100%,0,231,231,0,0,0,231
0x41aafc,100%,0,80145,80145,0,0,0,80145
0x40ac6a,100%,0,5914,5914,0,0,0,5914
0x41ac10,100%,0,160292,160292,80146,0,0,80146
0x4149e1,100%,0,128,128,0,0,0,128
0x40ca20,100%,0,5539,5539,0,0,0,5539
0x40b8fd,100%,0,333,333,0,0,0,333
0x458d59,100%,0,80397,80397,0,0,0,80397
0x403376,100%,0,125,125,0,0,0,125
0x41b59e,100%,0,1000,1000,0,0,0,1000
0x40af3a,100%,0,53226,53226,47312,0,0,5914
0x40ae85,100%,0,5914,5914,0,0,0,5914
0x458d85,100%,0,80397,80397,0,0,0,80397
0x458e39,100%,0,80397,80397,0,0,0,80397
0x415016,100%,0,64,64,64,0,0,0
0x41b22e,100%,0,1000,1000,1000,0,0,0
0x414a06,100%,0,128,128,0,0,0,128
0x40afde,100%,0,348,348,0,0,0,348
0x41b2b6,100%,0,1000,1000,1000,0,0,0
0x40b896,100%,0,432,432,0,0,0,432
0x41b1d8,100%,0,1000,1000,0,0,0,1000
0x41abd9,100%,0,80146,80146,0,0,0,80146
0x4140b8,100%,0,192,192,128,0,0,64
0x4045e0,100%,0,7,7,2,0,0,5
0x40eb72,100%,0,64,64,64,0,0,0
0x41a522,100%,0,128,128,0,0,0,128
0x41ab81,100%,0,80146,80146,0,0,0,80146
0x40474c,100%,0,2,2,2,0,0,0
0x40b849,100%,0,5923,5923,0,0,0,5923
0x41482e,100%,0,384,384,256,0,0,128
0x405a46,100%,0,909,909,0,0,0,909
0x40b045,100%,0,323,323,0,0,0,323
0x40eaa1,100%,0,231,231,231,0,0,0
0x40bd0d,100%,0,17655,17655,0,0,0,17655
0x40ea92,100%,0,462,462,231,0,0,231
0x41a558,100%,0,128,128,0,0,0,128
0x40b0a6,100%,0,969,969,646,0,0,323
0x40eab8,100%,0,64,64,0,0,0,64
0x41ac15,100%,0,80146,80146,0,0,0,80146
0x406575,100%,0,14,14,14,0,0,0
0x40b522,100%,0,5923,5923,0,0,0,5923
0x414270,100%,0,576,576,512,0,0,64
0x4026aa,100%,0,1125,1125,0,0,0,1125
0x45c37b,100%,0,80397,80397,80397,0,0,0
0x41a475,100%,0,128,128,0,0,0,128
0x4033d1,100%,0,10125,10125,0,0,0,10125
0x403423,100%,0,125,125,0,0,0,125
0x4155bf,100%,0,15465,15465,0,0,0,15465
0x40bf2a,100%,0,13895,13895,0,0,0,13895
0x4157d5,100%,0,5155,5155,0,0,0,5155
