Branch PC,Accuracy,Mispredictions,Correct Predictions,Total,dir_t_pred_t,dir_t_pred_nt,dir_nt_pred_t,dir_nt_pred_nt
aggregate,99.2951%,179651,25305192,25484843,15657348,84938,94713,9647844
0x411cdb,97.442%,27037,1029911,1056948,957464,11734,15303,72447
0x411480,97.1536%,20916,713914,734830,615685,9643,11273,98229
0x41104e,97.2882%,18429,661148,679577,584033,8625,9804,77115
0x4120ef,98.3081%,12954,752711,765665,725870,5099,7855,26841
0x41321e,98.2115%,12154,667414,679568,597839,6224,5930,69575
0x412633,96.7758%,10601,318194,328795,49103,5883,4718,269091
0x412d38,98.6853%,10066,755589,765655,672856,5059,5007,82733
0x412e6e,99.1328%,9166,1047772,1056938,931093,4565,4601,116679
0x4118ce,97.7861%,9033,398972,408005,282494,4222,4811,116478
0x410794,97.0063%,8860,287094,295954,230164,4244,4616,56930
0x4130f0,98.8733%,8279,726542,734821,643559,4352,3927,82983
0x412fb0,98.5659%,5851,402145,407996,295742,2761,3090,106403
0x4134a1,98.3298%,4943,291002,295945,258491,2409,2534,32511
0x410c08,97.7083%,4027,171697,175724,98229,1981,2046,73468
0x410341,98.3193%,3653,213699,217352,33055,1999,1654,180644
0x4135e8,99.2717%,1583,215760,217343,191833,851,732,23927
0x413360,99.2972%,1235,174480,175715,113651,527,708,60829
0x41ac73,94.8921%,1008,18726,19734,17085,481,527,1641
0x41ae23,95.0121%,868,16534,17402,16395,159,709,139
0x4123df,98.1439%,644,34052,34696,32843,262,382,1209
0x41ad1f,93.0818%,528,7104,7632,6580,204,324,524
0x41acba,98.5254%,291,19443,19734,15361,87,204,4082
0x412629,99.6404%,285,78975,79260,15662,175,110,63313
0x4114c1,99.8804%,131,109371,109502,6150,94,37,103221
0x41158a,99.9041%,105,109397,109502,42429,48,57,66968
0x411923,99.9195%,93,115454,115547,115326,21,72,128
0x41115f,99.9034%,84,86835,86919,26482,45,39,60353
0x410edd,99.8927%,81,75424,75505,16520,50,31,58904
0x411cfc,99.9123%,77,87673,87750,2882,62,15,84791
0x40c953,60.7527%,73,113,186,97,27,46,16
0x41212f,99.7701%,73,31680,31753,30958,21,52,722
0x40c657,61.2903%,72,114,186,98,26,46,16
0x410fb4,99.9046%,72,75433,75505,23826,43,29,51607
0x40c2fb,61.2903%,72,114,186,101,23,49,13
0x4113c4,99.9172%,72,86838,86910,26473,48,24,60365
0x40bfff,62.9032%,69,117,186,105,19,50,12
0x41108f,99.9218%,68,86851,86919,4649,52,16,82202
0x412660,99.911%,63,70760,70823,65151,32,31,5609
0x4103c4,99.7863%,63,29415,29478,29326,13,50,89
0x410473,99.8203%,63,34991,35054,10306,32,31,24685
0x411dc7,99.9282%,63,87687,87750,39643,33,30,48044
0x4108ba,99.9025%,60,61486,61546,11930,33,27,49556
0x411d18,99.9304%,59,84747,84806,84371,7,52,376
0x411b94,99.9489%,59,115480,115539,115329,13,46,151
0x41175c,99.9429%,59,103191,103250,103045,11,48,146
0x401ce3,67.2515%,56,115,171,20,33,23,95
0x4110ab,99.9319%,56,82162,82218,82044,10,46,118
0x411309,99.9379%,54,86856,86910,4668,32,22,82188
0x401d33,68.4211%,54,117,171,20,35,19,97
0x411740,99.9507%,54,109439,109493,6209,34,20,103230
0x411c44,99.9563%,53,121227,121280,54735,26,27,66492
0x410c59,99.9298%,53,75461,75514,16537,34,19,58924
0x411b78,99.9563%,53,121227,121280,5703,38,15,115524
0x4114dd,99.9487%,53,103205,103258,103056,5,48,149
0x410c75,99.9118%,52,58891,58943,58792,10,42,99
0x412645,99.9821%,49,273760,273809,8411,26,23,265349
0x40c0b8,73.6559%,49,137,186,134,16,33,3
0x402c4d,70.9877%,47,115,162,16,22,25,99
0x407353,79.1667%,45,171,216,167,25,20,4
0x401dc4,73.6842%,45,126,171,109,14,31,17
0x409b7f,71.7949%,44,112,156,4,32,12,108
0x40c713,76.3441%,44,142,186,136,14,30,6
0x40c3fc,76.8817%,43,143,186,2,34,9,141
0x40df85,86.7284%,43,281,324,278,10,33,3
0x40bdac,76.8817%,43,143,186,6,30,13,137
0x4119ca,99.9654%,42,121247,121289,54748,19,23,66499
0x40218b,70.8333%,42,102,144,5,29,13,97
0x411325,99.9526%,39,82171,82210,82043,6,33,128
0x40de8a,87.963%,39,285,324,53,23,16,232
0x4107ed,99.9383%,38,61508,61546,7967,22,16,53541
0x41223d,99.8934%,37,34659,34696,20534,19,18,14125
0x410ef9,99.9372%,37,58898,58935,58790,7,30,108
0x409b47,87.037%,35,235,270,97,17,18,138
0x40f66f,77.5641%,35,121,156,118,13,22,3
0x4106ec,99.9001%,35,35010,35045,10311,21,14,24699
0x406cc6,69.3694%,34,77,111,4,22,12,73
0x411a06,99.9379%,34,54733,54767,4428,16,18,50305
0x406c9b,84.2593%,34,182,216,84,21,13,98
0x412024,99.9624%,33,87707,87740,39650,19,14,48057
0x411f7a,99.9611%,33,84764,84797,84367,5,28,397
0x410809,99.9384%,33,53524,53557,53401,8,25,123
0x411814,99.9708%,32,109461,109493,42455,16,16,67006
0x412276,99.8443%,32,20521,20553,6143,15,17,14378
0x40a83e,88.1481%,32,238,270,231,9,23,7
0x402745,78.4722%,31,113,144,13,21,10,100
0x409c9f,72.2222%,30,78,108,20,14,16,58
0x415803,70.1031%,29,68,97,47,15,14,21
0x412d46,99.9269%,29,39640,39669,4661,14,15,34979
0x41295a,99.9154%,28,33068,33096,18940,16,12,14128
0x410a85,99.9561%,27,61510,61537,7968,20,7,53542
0x4063e7,58.7302%,26,37,63,0,15,11,37
0x411907,99.9786%,26,121263,121289,5728,14,12,115535
0x40f6f2,83.3333%,26,130,156,68,10,16,62
0x41336e,99.7826%,26,11931,11957,4528,13,13,7403
0x401d41,84.7953%,26,145,171,144,8,18,1
0x40bcce,96.1479%,25,624,649,0,19,6,624
0x40aa4d,96.1479%,25,624,649,1,18,7,623
0x410aa1,99.9533%,25,53524,53549,53399,5,20,125
0x40f702,70.3704%,24,57,81,44,10,14,13
0x40f2d5,75%,24,72,96,71,9,15,1
0x410b54,99.961%,24,61513,61537,11944,13,11,49569
0x4097ea,70.3704%,24,57,81,2,17,7,55
0x410d1a,99.9695%,23,75491,75514,23863,12,11,51628
0x402a91,84.0278%,23,121,144,118,8,15,3
0x406ced,72.9412%,23,62,85,43,13,10,19
0x409acd,74.4444%,23,67,90,46,14,9,21
0x406a70,71.6049%,23,58,81,3,16,7,55
0x4115c6,99.9482%,22,42455,42477,5916,12,10,36539
0x4157fb,72.8395%,22,59,81,3,16,6,56
0x407968,72.1519%,22,57,79,18,12,10,39
0x40b308,96.7643%,21,628,649,0,19,2,628
0x409cc8,71.6216%,21,53,74,5,13,8,48
0x40332e,87.037%,21,141,162,136,8,13,5
0x40473e,85.4167%,21,123,144,121,5,16,2
0x412fbe,99.9506%,21,42450,42471,5915,10,11,36535
0x401cf1,87.7193%,21,150,171,147,5,16,3
0x403c89,86.1111%,20,124,144,122,4,16,2
0x404bfc,85.9155%,20,122,142,117,7,13,5
0x401cae,75.3086%,20,61,81,55,7,13,6
0x407a87,69.2308%,20,45,65,9,11,9,36
0x4103a8,99.9429%,20,35034,35054,5565,11,9,29469
0x405c4d,90.7407%,20,196,216,176,16,4,20
0x405b15,68.254%,20,43,63,1,14,6,42
0x407aa0,75%,19,57,76,7,13,6,50
0x4108f6,99.8412%,19,11944,11963,4538,6,13,7406
0x40a88e,76.5432%,19,62,81,61,11,8,1
0x415138,76.5432%,19,62,81,54,8,11,8
0x41241f,99.9383%,19,30773,30792,30136,5,14,637
0x403608,86.8056%,19,125,144,125,5,14,0
0x40f2a3,81.25%,18,78,96,58,6,12,20
0x401a84,77.7778%,18,63,81,8,11,7,55
0x412e7c,99.9671%,18,54743,54761,4429,12,6,50314
0x40d861,93.1034%,18,243,261,224,8,10,19
0x40f685,32%,17,8,25,5,11,6,3
0x412b00,99.951%,17,34669,34686,2932,10,7,31737
0x409bbc,85.8333%,17,103,120,102,4,13,1
0x402577,88.1944%,17,127,144,123,3,14,4
0x412b1c,99.9464%,17,31727,31744,30969,4,13,758
0x4087ef,73.0159%,17,46,63,3,12,5,43
0x4040f5,88.1944%,17,127,144,126,4,13,1
0x411196,99.9359%,17,26510,26527,5919,9,8,20591
0x40840b,74.6032%,16,47,63,3,12,4,44
0x40565c,88.6525%,16,125,141,8,9,7,117
0x41322c,99.933%,16,23853,23869,4498,9,7,19355
0x410629,99.9543%,16,35029,35045,5565,10,6,29464
0x402c9d,98.5663%,16,1100,1116,981,11,5,119
0x410f8e,99.9909%,16,176651,176667,117725,7,9,58926
0x401dd6,90.6433%,16,155,171,108,6,10,47
0x4046f4,78.9474%,16,60,76,57,5,11,3
0x401de2,73.6842%,15,42,57,30,8,7,12
0x4064b6,92.0635%,15,174,189,154,14,1,20
0x409d70,87.1795%,15,102,117,95,9,6,7
0x409d02,80.2632%,15,61,76,49,6,9,12
0x40f325,84.2105%,15,80,95,56,8,7,24
0x406c35,79.1667%,15,57,72,40,8,7,17
0x404170,97.807%,15,669,684,603,5,10,66
0x40564b,79.7101%,14,55,69,48,4,10,7
0x406d21,94.636%,14,247,261,228,4,10,19
0x409965,77.4194%,14,48,62,47,5,9,1
0x41139e,99.9943%,14,246455,246469,164252,7,7,82203
0x406209,77.7778%,14,49,63,49,5,9,0
0x40d122,94.0171%,14,220,234,201,7,7,19
0x4089f0,65%,14,26,40,0,9,5,26
0x40e9f4,99.5199%,14,2902,2916,2586,6,8,316
0x402e51,36.3636%,14,8,22,3,2,12,5
0x409dc4,87.037%,14,94,108,92,4,10,2
0x410645,99.9559%,13,29457,29470,29323,11,2,134
0x41155e,99.9958%,13,309564,309577,206314,5,8,103250
0x409d27,83.1169%,13,64,77,47,7,6,17
0x41ad47,99.8467%,13,8467,8480,7626,6,7,841
0x4104b6,99.8743%,13,10325,10338,6487,7,6,3838
0x41298f,99.9314%,13,18943,18956,5191,4,9,13752
0x4040f0,98.9969%,13,1283,1296,1146,6,7,137
0x412113,99.9625%,13,34683,34696,2933,10,3,31750
0x40e62a,95.9877%,13,311,324,282,6,7,29
0x408879,72.9167%,13,35,48,35,4,9,0
0x40acc3,97.6703%,13,545,558,494,2,11,51
0x4083d5,69.2308%,12,27,39,26,5,7,1
0x41515a,85.1852%,12,69,81,69,3,9,0
0x406b90,80.6452%,12,50,62,50,4,8,0
0x4124bf,99.9638%,12,33093,33105,18958,4,8,14135
0x40e107,96.2963%,12,312,324,288,0,12,24
0x411c1e,99.9968%,11,346409,346420,230874,7,4,115535
0x40eb12,86.4198%,11,70,81,65,7,4,5
0x401ad6,86.4198%,11,70,81,68,4,7,2
0x412ccd,99.9873%,11,86335,86346,43165,8,3,43170
0x416203,86.4198%,11,70,81,70,2,9,0
0x411e06,99.9723%,11,39665,39676,4671,7,4,34994
0x401df5,86.4198%,11,70,81,70,2,9,0
0x40279d,98.8889%,11,979,990,875,5,6,104
0x40d3ca,84.7222%,11,61,72,61,3,8,0
0x40950d,72.5%,11,29,40,27,4,7,2
0x40d15f,42.1053%,11,8,19,1,5,6,7
0x40db1a,84.7222%,11,61,72,61,3,8,0
0x4084d5,82.5397%,11,52,63,52,2,9,0
0x403600,99.1512%,11,1285,1296,1145,7,4,140
0x40d62d,98.4568%,10,638,648,572,4,6,66
0x409c5b,72.2222%,10,26,36,16,8,2,10
0x404045,93.8272%,10,152,162,137,7,3,15
0x40f567,87.6543%,10,71,81,71,7,3,0
0x407a6d,94.4444%,10,170,180,154,6,4,16
0x40b22f,87.6543%,10,71,81,68,4,6,3
0x4128a0,99.9675%,10,30774,30784,30134,2,8,640
0x40738b,87.6543%,10,71,81,70,2,8,1
0x40d145,61.5385%,10,16,26,0,7,3,16
0x40a862,88.8889%,10,80,90,77,3,7,3
0x40689c,64.2857%,10,18,28,16,5,5,2
0x412bcc,99.9712%,10,34676,34686,20539,7,3,14137
0x4134b7,99.9032%,10,10322,10332,6482,9,1,3840
0x405c10,68.75%,10,22,32,2,6,4,20
0x406482,67.8571%,9,19,28,4,3,6,15
0x40588e,94.4444%,9,153,162,0,0,9,153
0x40763c,88.8889%,9,72,81,69,3,6,3
0x409cdb,98.2143%,9,495,504,442,6,3,53
0x411d8e,99.9965%,9,253981,253990,169178,6,3,84803
0x402e2f,70%,9,21,30,5,3,6,16
0x41088e,99.9944%,9,160514,160523,106964,2,7,53550
0x40bcf4,95.5882%,9,195,204,138,4,5,57
0x412884,99.9728%,9,33087,33096,2308,4,5,30779
0x40aa5c,98.5714%,9,621,630,563,5,4,58
0x4078de,76.9231%,9,30,39,3,6,3,27
0x407ac2,95%,9,171,180,156,4,5,15
0x409574,85.7143%,9,54,63,53,1,8,1
0x40d89e,59.0909%,9,13,22,0,5,4,13
0x40736f,87.5%,9,63,72,58,6,3,5
0x40b317,98.5714%,9,621,630,566,2,7,55
0x409b92,99.1667%,9,1071,1080,954,6,3,117
0x4068d3,85.7143%,9,54,63,50,4,5,4
0x412403,99.9728%,9,33096,33105,2306,7,2,30790
0x40e71d,97.5309%,8,316,324,283,5,3,33
0x410d56,99.9665%,8,23867,23875,4504,6,2,19363
0x40f714,70.3704%,8,19,27,16,2,6,3
0x412c00,99.9611%,8,20538,20546,6149,6,2,14389
0x4109f2,99.9641%,8,22249,22257,14832,6,2,7417
0x410cee,99.9955%,8,176680,176688,117740,5,3,58940
0x406335,90.1235%,8,73,81,69,3,5,4
0x409d5f,85.1852%,8,46,54,40,1,7,6
0x41112e,99.9968%,8,246482,246490,164267,5,3,82215
0x40cbf3,95.0617%,8,154,162,142,2,6,12
0x41a638,95.0617%,8,154,162,141,3,5,13
0x4121ae,99.9915%,8,94477,94485,62727,5,3,31750
0x412ac8,99.9769%,8,34678,34686,0,0,8,34678
0x403545,95.0617%,8,154,162,140,4,4,14
0x411f5e,99.9909%,8,87732,87740,2938,5,3,84794
0x41ae1d,99.9517%,8,16546,16554,3342,4,4,13204
0x40645c,83.3333%,8,40,48,37,4,4,3
0x40d37d,69.2308%,8,18,26,18,3,5,0
0x40eadd,90.1235%,8,73,81,71,1,7,2
0x40d1cf,77.7778%,8,28,36,27,5,3,1
0x40280d,91.9192%,8,91,99,84,4,4,7
0x409924,98.5663%,8,550,558,367,5,3,183
0x40babf,90.1235%,8,73,81,69,3,5,4
0x402ef2,72.4138%,8,21,29,21,5,3,0
0x40b57b,98.7455%,7,551,558,494,2,5,57
0x4058a9,95.679%,7,155,162,143,1,6,12
0x40e266,97.8395%,7,317,324,287,1,6,30
0x4026a5,95.679%,7,155,162,140,4,3,15
0x407765,85.4167%,7,41,48,1,7,0,40
0x4061a4,78.125%,7,25,32,22,4,3,3
0x410e76,99.9907%,7,75507,75514,75507,7,0,0
0x40e2ad,80.5556%,7,29,36,29,3,4,0
0x4086ee,91.358%,7,74,81,68,4,3,6
0x41260c,99.9789%,7,33098,33105,19023,5,2,14075
0x412cde,99.9838%,7,43166,43173,28777,5,2,14389
0x401f4f,99.7599%,7,2909,2916,2588,4,3,321
0x40e8b4,91.358%,7,74,81,71,1,6,3
0x412853,99.9716%,7,24658,24665,2,5,2,24656
0x4027e0,50%,7,7,14,0,3,4,7
0x41127e,99.9887%,7,61790,61797,41193,5,2,20597
0x41199e,99.998%,7,346434,346441,230889,5,2,115545
0x40f2b3,89.0625%,7,57,64,29,3,4,28
0x40227d,88.8889%,7,56,63,51,5,2,5
0x40d884,75.8621%,7,22,29,2,5,2,20
0x409840,98.7455%,7,551,558,490,6,1,61
0x40791d,97.4074%,7,263,270,236,4,3,27
0x40f41e,77.4194%,7,24,31,24,1,6,0
0x410b2e,99.9956%,7,160495,160502,106947,6,1,53548
0x40daca,75.8621%,7,22,29,22,2,5,0
0x411e51,99.9933%,7,104987,104994,104987,7,0,0
0x412e1d,99.9967%,7,209957,209964,104979,3,4,104978
0x40d632,91.6667%,6,66,72,66,1,5,0
0x4116c2,99.9945%,6,109641,109647,73094,4,2,36547
0x411edd,99.9971%,6,209982,209988,104989,5,1,104993
0x412a4e,99.9927%,6,82560,82566,41278,5,1,41282
0x401b23,92.5926%,6,75,81,67,5,1,8
0x409bf9,57.1429%,6,8,14,6,3,3,2
0x410b02,99.9888%,6,53543,53549,0,0,6,53543
0x4035c3,95.8333%,6,138,144,0,0,6,138
0x40bcdd,99.0476%,6,624,630,423,3,3,201
0x40417c,92.1053%,6,70,76,70,2,4,0
0x4021cd,99.3939%,6,984,990,876,4,2,108
0x40acb8,99.8805%,6,5016,5022,4460,4,2,556
0x4105c3,99.9829%,6,35048,35054,35048,6,0,0
0x405b5d,98.6111%,6,426,432,380,4,2,46
0x4124f6,99.9684%,6,18956,18962,5192,5,1,13764
0x40ca9e,92.5926%,6,75,81,70,2,4,5
0x405b65,87.5%,6,42,48,41,1,5,1
0x411ffe,99.9976%,6,253960,253966,169166,3,3,84794
0x40d8db,96.0784%,6,147,153,133,3,3,14
0x4089ff,97.8495%,6,273,279,243,5,1,30
0x4130fe,99.9774%,6,26515,26521,5921,4,2,20594
0x405c52,75%,6,18,24,18,2,4,0
0x4079ad,97.7778%,6,264,270,237,3,3,27
0x41043e,99.9932%,6,88289,88295,58813,4,2,29476
0x4033f9,96.2963%,6,156,162,142,2,4,14
0x408837,98.6111%,6,426,432,380,4,2,46
0x410856,95.9459%,6,142,148,0,0,6,142
0x4129d1,99.9855%,6,41277,41283,41277,6,0,0
0x412bae,99.9936%,6,94455,94461,62714,3,3,31741
0x404d3c,91.4286%,6,64,70,63,3,3,1
0x41292e,99.9945%,5,91699,91704,60917,3,2,30782
0x413151,99.9919%,5,61783,61788,61783,5,0,0
0x411b29,99.9959%,5,121284,121289,121284,5,0,0
0x406b35,99.1039%,5,553,558,368,4,1,185
0x41137f,99.9939%,5,82205,82210,0,0,5,82205
0x406b8b,99.1039%,5,553,558,492,4,1,61
0x412ca6,99.9884%,5,43168,43173,0,0,5,43168
0x4179e3,44.4444%,5,4,9,1,5,0,3
0x40d561,93.0556%,5,67,72,63,1,4,4
0x40b7f2,99.1039%,5,553,558,492,4,1,61
0x408b7c,81.4815%,5,22,27,21,3,2,1
0x41330e,99.9914%,5,58081,58086,38720,4,1,19361
0x4131de,99.9919%,5,61783,61788,41190,2,3,20593
0x41358d,99.9783%,5,23041,23046,11518,5,0,11523
0x411631,99.9954%,5,109642,109647,109642,5,0,0
0x413418,99.9775%,5,22243,22248,0,0,5,22243
0x40e936,44.4444%,5,4,9,4,4,1,0
0x410a16,99.9919%,5,61541,61546,61541,5,0,0
0x4117ee,99.9984%,5,309551,309556,206304,2,3,103247
0x403c3c,92.4242%,5,61,66,52,0,5,9
0x40743d,99.6571%,5,1453,1458,1293,3,2,160
0x407449,96.9136%,5,157,162,143,1,4,14
0x40844d,98.8426%,5,427,432,380,4,1,47
0x411d6a,99.9941%,5,84801,84806,0,0,5,84801
0x410e3d,99.9957%,5,116185,116190,58093,2,3,58092
0x41309e,99.9954%,5,109633,109638,73090,2,3,36543
0x402e78,70.5882%,5,12,17,11,3,2,1
0x40775d,98.8426%,5,427,432,381,3,2,46
0x408b27,81.4815%,5,22,27,21,3,2,1
0x40e92a,93.8272%,5,76,81,69,3,2,7
0x411b02,99.9967%,5,150964,150969,100642,4,1,50322
0x40ea11,86.1111%,5,31,36,31,1,4,0
0x40eb5e,93.8272%,5,76,81,68,4,1,8
0x407a57,82.7586%,5,24,29,7,2,3,17
0x40d8e0,70.5882%,5,12,17,12,1,4,0
0x40285c,64.2857%,5,9,14,9,3,2,0
0x4079b2,83.3333%,5,25,30,4,3,2,21
0x40c2a3,99.6296%,5,1345,1350,1197,3,2,148
0x410504,99.9566%,5,11527,11532,11527,5,0,0
0x40d19e,95.7265%,5,112,117,100,4,1,12
0x40cf0a,88.8889%,5,40,45,38,2,3,2
0x41343d,99.9888%,5,44491,44496,22246,2,3,22245
0x40bcc9,97.7578%,5,218,223,0,0,5,218
0x410f4b,96.3768%,5,133,138,0,0,5,133
0x40d1a3,61.5385%,5,8,13,7,2,3,1
0x4131ac,99.9919%,5,61783,61788,0,0,5,61783
0x415d96,72.2222%,5,13,18,7,5,0,6
0x4155fc,97.9424%,5,238,243,160,2,3,78
0x40c9fb,77.7778%,4,14,18,12,1,3,2
0x4048c9,77.7778%,4,14,18,14,2,2,0
0x40df9f,88.8889%,4,32,36,32,0,4,0
0x40a96b,99.7257%,4,1454,1458,1295,1,3,159
0x40f2eb,75%,4,12,16,12,1,3,0
0x40641f,99.0741%,4,428,432,381,3,1,47
0x412c51,99.9907%,4,43169,43173,43169,4,0,0
0x40ced6,94.4444%,4,68,72,66,1,3,2
0x409938,97.8495%,4,182,186,122,2,2,60
0x40ca76,77.7778%,4,14,18,11,2,2,3
0x40589d,99.7257%,4,1454,1458,1292,4,0,162
0x4109dd,99.991%,4,44510,44514,22253,4,0,22257
0x40e146,88.8889%,4,32,36,32,0,4,0
0x41267d,99.9879%,4,33101,33105,33101,3,1,0
0x401f62,98.7654%,4,320,324,286,2,2,34
0x4116e9,99.9963%,4,109498,109502,109498,4,0,0
0x4015c1,95.0617%,4,77,81,72,0,4,5
0x40defd,99.8208%,4,2228,2232,1981,3,1,247
0x407ae8,88.8889%,4,32,36,32,0,4,0
0x40f1da,55.5556%,4,5,9,5,3,1,0
0x401d72,78.9474%,4,15,19,0,0,4,15
0x40ead4,99.4513%,4,725,729,647,1,3,78
0x4027b2,96.3636%,4,106,110,106,2,2,0
0x412466,99.3856%,4,647,651,0,0,4,647
0x41197a,99.9965%,4,115543,115547,0,0,4,115543
0x402ca5,96.7742%,4,120,124,120,2,2,0
0x403111,55.5556%,4,5,9,4,4,0,1
0x405360,0%,4,0,4,0,2,2,0
0x46fec2,80%,4,16,20,14,2,2,2
0x40369c,93.9394%,4,62,66,62,0,4,0
0x40cbe7,99.7257%,4,1454,1458,1295,1,3,159
0x408a52,98.5663%,4,275,279,244,4,0,31
0x410aeb,97.2414%,4,141,145,0,0,4,141
0x405c98,63.6364%,4,7,11,1,3,1,6
0x4030b3,55.5556%,4,5,9,3,3,1,2
0x411966,98%,4,196,200,0,0,4,196
0x409c15,80%,4,16,20,0,4,0,16
0x40e67f,66.6667%,4,8,12,8,0,4,0
0x41153a,99.9961%,4,103254,103258,0,0,4,103254
0x409d32,82.6087%,4,19,23,0,1,3,19
0x405a3e,95.0617%,4,77,81,70,2,2,7
0x4064c2,80.9524%,4,17,21,17,2,2,0
0x411fc9,99.0588%,4,421,425,0,0,4,421
0x403015,55.5556%,4,5,9,4,2,2,1
0x4020fd,97.5309%,4,158,162,142,2,2,16
0x4154b6,95.0617%,4,77,81,0,0,4,77
0x40340f,77.7778%,4,14,18,14,2,2,0
0x402d90,77.7778%,4,14,18,9,3,1,5
0x40e662,88.8889%,4,32,36,24,0,4,8
0x401f73,88.8889%,4,32,36,32,0,4,0
0x403e6c,77.7778%,4,14,18,14,2,2,0
0x4125f2,99.9903%,4,41291,41295,27528,2,2,13763
0x411aed,99.9987%,4,301934,301938,150965,4,0,150969
0x40de09,88.8889%,4,32,36,32,0,4,0
0x40aada,99.2832%,4,554,558,493,3,1,61
0x403690,99.4949%,3,591,594,526,2,1,65
0x402ae5,83.3333%,3,15,18,15,1,2,0
0x4106ce,99.9966%,3,88271,88274,58804,0,3,29467
0x40ca95,83.3333%,3,15,18,15,1,2,0
0x40571c,66.6667%,3,6,9,6,2,1,0
0x40aa14,96.2963%,3,78,81,0,0,3,78
0x40ce12,95.8333%,3,69,72,61,3,0,8
0x411bdb,98.4772%,3,194,197,0,0,3,194
0x414625,83.3333%,3,15,18,15,1,2,0
0x4022cc,66.6667%,3,6,9,5,2,1,1
0x45c353,99.6479%,3,849,852,0,0,3,849
0x4116ad,99.9986%,3,219291,219294,109647,0,3,109644
0x411a71,99.998%,3,150966,150969,150966,3,0,0
0x40a977,98.1481%,3,159,162,144,0,3,15
0x4057b5,83.3333%,3,15,18,11,1,2,4
0x406932,66.6667%,3,6,9,6,2,1,0
0x40334d,83.3333%,3,15,18,15,1,2,0
0x40224b,66.6667%,3,6,9,0,2,1,6
0x410f62,99.9949%,3,58932,58935,0,0,3,58932
0x408b65,50%,3,3,6,0,0,3,3
0x407aff,89.6552%,3,26,29,21,1,2,5
0x41b449,95.8333%,3,69,72,48,0,3,21
0x412372,99.9931%,3,43182,43185,28787,3,0,14395
0x41058d,99.987%,3,23061,23064,11531,1,2,11530
0x412e2e,99.9971%,3,104979,104982,69986,2,1,34993
0x411d56,99.2991%,3,425,428,0,0,3,425
0x41041a,99.9898%,3,29475,29478,0,0,3,29475
0x40f72e,66.6667%,3,6,9,5,1,2,1
0x40ff91,99.9878%,3,24665,24668,0,0,3,24665
0x46fda7,96.0526%,3,73,76,4,0,3,69
0x4030a2,66.6667%,3,6,9,5,2,1,1
0x417924,66.6667%,3,6,9,0,0,3,6
0x406abd,95.1613%,3,59,62,0,0,3,59
0x403284,66.6667%,3,6,9,3,3,0,3
0x414ffe,66.6667%,3,6,9,6,2,1,0
0x402754,97.2727%,3,107,110,0,0,3,107
0x40f124,66.6667%,3,6,9,6,2,1,0
0x402de7,76.9231%,3,10,13,6,3,0,4
0x40cbff,83.3333%,3,15,18,15,1,2,0
0x41a64a,83.3333%,3,15,18,15,1,2,0
0x401f94,25%,3,1,4,1,1,2,0
0x4020bb,83.3333%,3,15,18,0,0,3,15
0x4133c1,99.9865%,3,22245,22248,22245,3,0,0
0x412a5f,99.9927%,3,41280,41283,27520,2,1,13760
0x406b46,98.3871%,3,183,186,121,3,0,62
0x410e10,99.9948%,3,58092,58095,0,0,3,58092
0x40ced1,99.537%,3,645,648,575,1,2,70
0x41308d,99.9986%,3,219273,219276,109635,3,0,109638
0x402595,83.3333%,3,15,18,14,2,1,1
0x407455,83.3333%,3,15,18,15,1,2,0
0x41621d,66.6667%,3,6,9,6,2,1,0
0x40621c,66.6667%,3,6,9,6,2,1,0
0x41069d,99.9898%,3,29467,29470,0,0,3,29467
0x4021d2,97.2727%,3,107,110,107,1,2,0
0x40b24f,66.6667%,3,6,9,6,2,1,0
0x401e2c,66.6667%,3,6,9,6,2,1,0
0x4056cd,66.6667%,3,6,9,6,2,1,0
0x4031d6,66.6667%,3,6,9,4,2,1,2
0x407a92,93.3333%,3,42,45,0,0,3,42
0x41344e,99.9865%,3,22245,22248,14830,2,1,7415
0x402e9d,88.8889%,3,24,27,22,2,1,2
0x41ac53,99.9607%,3,7629,7632,4194,0,3,3435
0x40573c,66.6667%,3,6,9,6,2,1,0
0x40e1e0,99.8971%,3,2913,2916,2589,3,0,324
0x413d30,66.6667%,3,6,9,6,2,1,0
0x40d914,91.6667%,3,33,36,30,2,1,3
0x40d66e,93.3333%,3,42,45,40,0,3,2
0x40bf9f,99.7778%,3,1347,1350,1199,1,2,148
0x41247a,99.9903%,3,30789,30792,0,0,3,30789
0x410961,99.9865%,3,22254,22257,22254,3,0,0
0x40bae1,77.7778%,2,7,9,7,1,1,0
0x412b7d,99.9937%,2,31742,31744,0,0,2,31742
0x4058b5,88.8889%,2,16,18,16,0,2,0
0x40ca24,96.6667%,2,58,60,58,0,2,0
0x40c8fb,99.8519%,2,1348,1350,1199,1,1,149
0x40302b,33.3333%,2,1,3,1,1,1,0
0x40cada,77.7778%,2,7,9,6,0,2,1
0x40a983,88.8889%,2,16,18,16,0,2,0
0x46fe98,90%,2,18,20,0,0,2,18
0x40c623,98.6667%,2,148,150,0,0,2,148
0x4056ff,77.7778%,2,7,9,7,1,1,0
0x40b885,96.7742%,2,60,62,60,0,2,0
0x403290,33.3333%,2,1,3,1,1,1,0
0x40ce17,75%,2,6,8,0,0,2,6
0x41ac79,99.9077%,2,2166,2168,2166,2,0,0
0x40afcd,96.7742%,2,60,62,60,0,2,0
0x403273,77.7778%,2,7,9,5,2,0,2
0x40eb6a,77.7778%,2,7,9,7,1,1,0
0x41086a,99.9963%,2,53555,53557,0,0,2,53555
0x417882,77.7778%,2,7,9,0,0,2,7
0x40c35d,98.9247%,2,184,186,0,0,2,184
0x413566,99.9826%,2,11521,11523,0,0,2,11521
0x417892,77.7778%,2,7,9,5,1,1,2
0x4125b0,99.9952%,2,41293,41295,0,0,2,41293
0x408b40,50%,2,2,4,1,2,0,1
0x45c367,99.7653%,2,850,852,0,0,2,850
0x41789f,33.3333%,2,1,3,0,2,0,1
0x40d308,0%,2,0,2,0,2,0,0
0x4019ad,99.7257%,2,727,729,647,1,1,80
0x40351d,88.8889%,2,16,18,0,0,2,16
0x40b186,66.6667%,2,4,6,3,1,1,1
0x4177d3,77.7778%,2,7,9,0,0,2,7
0x40bc57,97.5309%,2,79,81,0,0,2,79
0x4177e0,77.7778%,2,7,9,7,1,1,0
0x40cb1f,33.3333%,2,1,3,1,1,1,0
0x40d414,75%,2,6,8,6,1,1,0
0x407460,0%,2,0,2,0,1,1,0
0x40ca7f,84.6154%,2,11,13,11,2,0,0
0x41124a,99.9968%,2,61795,61797,0,0,2,61795
0x40c5ef,99.8519%,2,1348,1350,1198,2,0,150
0x41b46f,91.6667%,2,22,24,0,0,2,22
0x413ff5,77.7778%,2,7,9,7,1,1,0
0x41306c,99.9982%,2,109636,109638,0,0,2,109636
0x46fe4f,50%,2,2,4,2,1,1,0
0x4063f0,95.8333%,2,46,48,0,0,2,46
0x40f432,66.6667%,2,4,6,4,1,1,0
0x45c9d3,99.7653%,2,850,852,0,0,2,850
0x40b15b,66.6667%,2,4,6,3,1,1,1
0x4057c6,66.6667%,2,4,6,2,2,0,2
0x40e7ee,50%,2,2,4,2,1,1,0
0x40e061,99.9314%,2,2914,2916,2591,1,1,323
0x414270,77.7778%,2,7,9,6,2,0,1
0x413c8f,66.6667%,2,4,6,2,2,0,2
0x40eb0d,77.7778%,2,7,9,0,0,2,7
0x40219c,98.1818%,2,108,110,0,0,2,108
0x41249e,99.9978%,2,91723,91725,60931,2,0,30792
0x40450c,50%,2,2,4,2,0,2,0
0x417734,77.7778%,2,7,9,7,1,1,0
0x406d2d,93.1034%,2,27,29,27,0,2,0
0x40eaeb,77.7778%,2,7,9,7,1,1,0
0x406d49,60%,2,3,5,1,1,1,2
0x402c5c,98.3871%,2,122,124,0,0,2,122
0x407606,77.7778%,2,7,9,0,0,2,7
0x415dd8,66.6667%,2,4,6,0,0,2,4
0x410689,98.5294%,2,134,136,0,0,2,134
0x40e729,94.4444%,2,34,36,30,2,0,4
0x46fdbc,97.3333%,2,73,75,73,2,0,0
0x4055be,88.8889%,2,16,18,14,2,0,2
0x41056d,99.9827%,2,11530,11532,0,0,2,11530
0x412176,99.7416%,2,772,774,0,0,2,772
0x415107,77.7778%,2,7,9,6,2,0,1
0x46fdd3,97.3333%,2,73,75,0,0,2,73
0x401dbd,96.4912%,2,55,57,0,0,2,55
0x46fe6e,50%,2,2,4,0,0,2,2
0x40ea00,99.3827%,2,322,324,288,0,2,34
0x41136b,98.7578%,2,159,161,0,0,2,159
0x417872,33.3333%,2,1,3,0,0,2,1
0x408a57,93.5484%,2,29,31,29,0,2,0
0x41552b,99.177%,2,241,243,0,0,2,241
0x4131cd,99.9984%,2,123574,123576,61787,1,1,61787
0x40ea3f,50%,2,2,4,0,1,1,2
0x404385,50%,2,2,4,0,0,2,2
0x4152f8,97.5309%,2,79,81,0,0,2,79
0x405638,0%,2,0,2,0,1,1,0
0x4117ab,98.9691%,2,192,194,0,0,2,192
0x40f2f5,33.3333%,2,1,3,1,1,1,0
0x410e52,99.9966%,2,58093,58095,38728,2,0,19365
0x40eb54,77.7778%,2,7,9,0,0,2,7
0x402eb9,77.7778%,2,7,9,0,0,2,7
0x40acef,96.7742%,2,60,62,0,0,2,60
0x409df7,94.4444%,2,34,36,32,0,2,2
0x41126d,99.9984%,2,123592,123594,61795,2,0,61797
0x4128ef,99.6914%,2,646,648,0,0,2,646
0x45c37b,99.7653%,2,850,852,850,2,0,0
0x4015d6,77.7778%,2,7,9,7,1,1,0
0x40eacf,97.5309%,2,79,81,0,0,2,79
0x413b86,66.6667%,2,4,6,0,0,2,4
0x40d920,50%,2,2,4,2,0,2,0
0x404aa0,88.8889%,2,16,18,0,0,2,16
0x402f3f,77.7778%,2,7,9,6,2,0,1
0x402ea9,33.3333%,2,1,3,1,1,1,0
0x408874,99.537%,2,430,432,383,1,1,47
0x414055,77.7778%,2,7,9,7,1,1,0
0x402f0f,83.3333%,2,10,12,9,2,0,1
0x412f5e,99.9987%,2,150958,150960,100638,2,0,50320
0x414135,33.3333%,2,1,3,0,2,0,1
0x412832,99.994%,2,33102,33104,8435,2,0,24667
0x41afe7,75%,2,6,8,6,2,0,0
0x4097f3,96.7742%,2,60,62,0,0,2,60
0x40e568,99.3827%,2,322,324,322,2,0,0
0x41b16f,75%,2,6,8,0,0,2,6
0x40e8a8,99.7257%,2,727,729,648,0,2,79
0x4033ed,99.8628%,2,1456,1458,1295,1,1,161
0x408b5a,77.7778%,2,7,9,3,0,2,4
0x414025,77.7778%,2,7,9,7,1,1,0
0x411f12,99.9977%,2,87748,87750,87748,2,0,0
0x41a594,0%,2,0,2,0,0,2,0
0x407ac7,90%,2,18,20,16,0,2,2
0x41218a,99.9937%,2,31751,31753,0,0,2,31751
0x4122e1,99.9954%,2,43183,43185,43183,2,0,0
0x411eee,99.9981%,2,104992,104994,69995,1,1,34997
0x40f578,33.3333%,2,1,3,1,2,0,0
0x411ac0,99.9987%,2,150967,150969,0,0,2,150967
0x40561d,88.8889%,2,16,18,16,0,2,0
0x4031b9,33.3333%,2,1,3,0,0,2,1
0x415cdf,66.6667%,2,4,6,0,0,2,4
0x412f2c,99.9987%,2,150958,150960,0,0,2,150958
0x40496a,88.8889%,2,16,18,0,0,2,16
0x413770,50%,1,1,2,0,0,1,1
0x413281,99.9983%,1,58085,58086,58085,1,0,0
0x4019c5,88.8889%,1,8,9,8,0,1,0
0x401eb4,75%,1,3,4,0,0,1,3
0x40e6b0,75%,1,3,4,3,1,0,0
0x4179f0,66.6667%,1,2,3,2,0,1,0
0x40dd9d,75%,1,3,4,0,0,1,3
0x402f6e,0%,1,0,1,0,0,1,0
0x4110f6,99.3902%,1,163,164,0,0,1,163
0x415b4a,50%,1,1,2,1,1,0,0
0x415813,97.1429%,1,34,35,0,0,1,34
0x40ddfd,99.6914%,1,323,324,287,1,0,36
0x414e6e,88.8889%,1,8,9,8,0,1,0
0x40b0eb,50%,1,1,2,0,0,1,1
0x41059e,99.9913%,1,11531,11532,7688,0,1,3843
0x415435,98.7654%,1,80,81,0,0,1,80
0x412f4d,99.9997%,1,301919,301920,150959,1,0,150960
0x40d761,80%,1,4,5,0,0,1,4
0x401f30,99.6914%,1,323,324,0,0,1,323
0x41a5b1,50%,1,1,2,0,0,1,1
0x40f6bb,0%,1,0,1,0,0,1,0
0x41a5a2,50%,1,1,2,1,1,0,0
0x41a530,50%,1,1,2,0,0,1,1
0x40d866,96.5517%,1,28,29,0,0,1,28
0x417806,0%,1,0,1,0,0,1,0
0x402688,94.4444%,1,17,18,0,0,1,17
0x41a512,50%,1,1,2,0,0,1,1
0x40db5c,87.5%,1,7,8,7,0,1,0
0x41a4bb,50%,1,1,2,0,0,1,1
0x41b4e4,98.4375%,1,63,64,63,1,0,0
0x414202,50%,1,1,2,1,0,1,0
0x40b986,83.3333%,1,5,6,4,0,1,1
0x417904,88.8889%,1,8,9,8,0,1,0
0x4084e1,88.8889%,1,8,9,8,0,1,0
0x40199e,98.7654%,1,80,81,0,0,1,80
0x406b4e,98.3871%,1,61,62,0,0,1,61
0x415548,99.5885%,1,242,243,0,0,1,242
0x408bb9,75%,1,3,4,2,0,1,1
0x40d127,96.1538%,1,25,26,0,0,1,25
0x4064d8,66.6667%,1,2,3,2,0,1,0
0x40e705,97.2222%,1,35,36,0,0,1,35
0x412330,99.9977%,1,43184,43185,0,0,1,43184
0x409d0d,95.2381%,1,20,21,0,1,0,20
0x41abe6,99.941%,1,1695,1696,848,0,1,847
0x415016,0%,1,0,1,0,1,0,0
0x40a94c,94.4444%,1,17,18,0,0,1,17
0x40eb20,0%,1,0,1,0,0,1,0
0x40b226,66.6667%,1,2,3,2,0,1,0
0x4019b9,98.7654%,1,80,81,72,0,1,8
0x40eb1b,88.8889%,1,8,9,7,1,0,1
0x40d1db,75%,1,3,4,2,0,1,1
0x4156eb,99.5885%,1,242,243,0,0,1,242
0x409912,99.4624%,1,185,186,0,0,1,185
0x46fed8,75%,1,3,4,3,0,1,0
0x408452,97.9167%,1,47,48,47,1,0,0
0x41b1d8,87.5%,1,7,8,0,0,1,7
0x4179c4,66.6667%,1,2,3,0,0,1,2
0x406d65,66.6667%,1,2,3,2,1,0,0
0x416240,0%,1,0,1,0,0,1,0
0x417634,0%,1,0,1,0,0,1,0
0x41b3c3,98.6111%,1,71,72,64,0,1,7
0x409c20,93.75%,1,15,16,0,1,0,15
0x410cca,99.9983%,1,58942,58943,0,0,1,58942
0x412a20,99.9976%,1,41282,41283,0,0,1,41282
0x41b22e,87.5%,1,7,8,7,1,0,0
0x4126d1,88.8889%,1,8,9,8,0,1,0
0x40e8c0,88.8889%,1,8,9,8,0,1,0
0x408b38,66.6667%,1,2,3,0,0,1,2
0x417a8b,0%,1,0,1,0,1,0,0
0x4087f8,97.9167%,1,47,48,0,0,1,47
0x401b08,0%,1,0,1,0,0,1,0
0x409582,88.8889%,1,8,9,7,1,0,1
0x408a81,0%,1,0,1,0,1,0,0
0x4125dd,99.9988%,1,82589,82590,41295,0,1,41294
0x40497f,94.4444%,1,17,18,0,0,1,17
0x408b14,75%,1,3,4,0,1,0,3
0x40883c,97.9167%,1,47,48,0,0,1,47
0x41afda,87.5%,1,7,8,7,1,0,0
0x458e3e,99.8826%,1,851,852,851,1,0,0
0x4086b8,88.8889%,1,8,9,0,0,1,8
0x414d9b,50%,1,1,2,1,0,1,0
0x40ea8d,66.6667%,1,2,3,0,0,1,2
0x407a7e,95%,1,19,20,0,0,1,19
0x41b124,87.5%,1,7,8,7,1,0,0
0x413511,99.9913%,1,11522,11523,11522,1,0,0
0x46fe67,75%,1,3,4,0,0,1,3
0x4177a3,88.8889%,1,8,9,7,1,0,1
0x40f258,85.7143%,1,6,7,0,0,1,6
0x411526,99.4924%,1,196,197,0,0,1,196
0x410cb6,99.2908%,1,140,141,0,0,1,140
0x40af66,98.3871%,1,61,62,0,0,1,61
0x45a255,99.8826%,1,851,852,0,0,1,851
0x41768b,0%,1,0,1,0,1,0,0
0x413640,50%,1,1,2,0,0,1,1
0x4058c6,50%,1,1,2,1,0,1,0
0x413cc5,0%,1,0,1,0,0,1,0
0x4132d8,99.9983%,1,58085,58086,0,0,1,58085
0x40a8f6,50%,1,1,2,0,0,1,1
0x412df6,99.999%,1,104981,104982,0,0,1,104981
0x412821,0%,1,0,1,0,0,1,0
0x40f692,88.8889%,1,8,9,8,0,1,0
0x40e8d2,0%,1,0,1,0,0,1,0
0x40f745,66.6667%,1,2,3,1,1,0,1
0x415da7,83.3333%,1,5,6,3,1,0,2
0x410dc1,99.9983%,1,58094,58095,58094,1,0,0
0x40f6a1,0%,1,0,1,0,0,1,0
0x401aef,88.8889%,1,8,9,8,0,1,0
0x401b2c,88.8889%,1,8,9,8,0,1,0
0x46fdac,98.6667%,1,74,75,74,1,0,0
0x415166,88.8889%,1,8,9,7,1,0,1
0x409960,99.8208%,1,557,558,495,1,0,62
0x46fe2a,75%,1,3,4,2,1,0,1
0x402d9c,83.3333%,1,5,6,4,0,1,1
0x410406,99.2806%,1,138,139,0,0,1,138
0x417792,88.8889%,1,8,9,0,0,1,8
0x40cc13,50%,1,1,2,1,0,1,0
0x45c3d0,99.8826%,1,851,852,0,0,1,851
0x4031f5,66.6667%,1,2,3,2,0,1,0
0x4132fd,99.9991%,1,116171,116172,58086,0,1,58085
0x40de9b,99.5968%,1,247,248,0,0,1,247
0x40b0d9,66.6667%,1,2,3,2,0,1,0
0x40a992,50%,1,1,2,0,1,0,1
0x40311e,0%,1,0,1,0,0,1,0
0x412903,99.9968%,1,30783,30784,0,0,1,30783
0x405b1e,97.9167%,1,47,48,0,0,1,47
0x403266,66.6667%,1,2,3,0,0,1,2
0x412ed1,99.9993%,1,150959,150960,150959,1,0,0
0x402ece,88.8889%,1,8,9,8,0,1,0
0x41adab,99.9853%,1,6783,6784,6783,1,0,0
0x405a0a,88.8889%,1,8,9,0,0,1,8
0x40ca04,92.3077%,1,12,13,12,1,0,0
0x4112a5,99.9988%,1,86918,86919,86918,1,0,0
0x412712,0%,1,0,1,0,0,1,0
0x40b045,0%,1,0,1,0,0,1,0
0x41235d,99.9988%,1,86369,86370,43184,1,0,43185
0x45c9ca,99.8826%,1,851,852,0,0,1,851
0x413011,99.9991%,1,109637,109638,109637,1,0,0
0x40ba93,83.3333%,1,5,6,3,1,0,2
0x417a0c,0%,1,0,1,0,0,1,0
0x40631e,88.8889%,1,8,9,0,0,1,8
0x40b975,83.3333%,1,5,6,5,1,0,0
0x40401c,94.4444%,1,17,18,0,0,1,17
0x40b394,99.8208%,1,557,558,496,0,1,61
0x415de5,83.3333%,1,5,6,2,0,1,3
0x40b570,99.9801%,1,5021,5022,4463,1,0,558
0x40b5a7,98.3871%,1,61,62,0,0,1,61
0x41110a,99.9988%,1,82217,82218,0,0,1,82217
0x40c57a,99.3333%,1,149,150,0,0,1,149
0x40cdff,87.5%,1,7,8,0,0,1,7
0x40b215,66.6667%,1,2,3,2,1,0,0
0x40ca1a,94.4444%,1,17,18,16,0,1,1
0x40b8fd,50%,1,1,2,0,0,1,1
0x412b69,99.8703%,1,770,771,0,0,1,770
0x409bb7,99.9074%,1,1079,1080,959,1,0,120
0x415cbb,83.3333%,1,5,6,0,0,1,5
0x417931,88.8889%,1,8,9,8,0,1,0
0x40c9a6,50%,1,1,2,0,0,1,1
0x40c9a2,98.3871%,1,61,62,60,0,1,1
0x4038a6,75%,1,3,4,0,0,1,3
0x407641,88.8889%,1,8,9,0,0,1,8
0x40a8ad,88.8889%,1,8,9,7,1,0,1
0x4155e6,99.8628%,1,728,729,485,1,0,243
0x40bfcb,99.3333%,1,149,150,0,0,1,149
0x4030bf,66.6667%,1,2,3,2,0,1,0
0x41b5a8,87.5%,1,7,8,0,0,1,7
0x40563c,0%,1,0,1,0,0,1,0
0x411bef,99.9991%,1,115538,115539,0,0,1,115538
0x405ca7,85.7143%,1,6,7,6,1,0,0
0x41795b,0%,1,0,1,0,0,1,0
0x40f2ff,0%,1,0,1,0,0,1,0
0x40b95b,83.3333%,1,5,6,3,1,0,2
0x41b01e,100%,0,8,8,8,0,0,0
0x406b57,100%,0,62,62,0,0,0,62
0x46fdfa,100%,0,75,75,75,0,0,0
0x402289,100%,0,7,7,7,0,0,0
0x40541f,100%,0,2,2,0,0,0,2
0x41b348,100%,0,8,8,0,0,0,8
0x405429,100%,0,2,2,0,0,0,2
0x40cb72,100%,0,2,2,0,0,0,2
0x40dde9,100%,0,36,36,0,0,0,36
0x40e91b,100%,0,9,9,0,0,0,9
0x40633a,100%,0,9,9,0,0,0,9
0x408b4b,100%,0,1,1,0,0,0,1
0x4045cf,100%,0,2,2,0,0,0,2
0x40a95c,100%,0,162,162,0,0,0,162
0x40198b,100%,0,9,9,0,0,0,9
0x40742e,100%,0,162,162,0,0,0,162
0x45c3bb,100%,0,852,852,0,0,0,852
0x41b015,100%,0,8,8,0,0,0,8
0x41b181,100%,0,8,8,8,0,0,0
0x408b81,100%,0,3,3,3,0,0,0
0x4045e0,100%,0,2,2,2,0,0,0
0x40ce88,100%,0,72,72,0,0,0,72
0x41b0e0,100%,0,8,8,0,0,0,8
0x41b0d7,100%,0,8,8,0,0,0,8
0x40e1e5,100%,0,324,324,324,0,0,0
0x414a06,100%,0,2,2,0,0,0,2
0x402819,100%,0,11,11,11,0,0,0
0x402d0d,100%,0,2,2,0,0,0,2
0x41afa6,100%,0,8,8,0,0,0,8
0x4033bb,100%,0,18,18,0,0,0,18
0x405879,100%,0,18,18,0,0,0,18
0x41af9a,100%,0,8,8,0,0,0,8
0x402da1,100%,0,2,2,0,0,0,2
0x403376,100%,0,2,2,0,0,0,2
0x41b4df,100%,0,24,24,8,0,0,16
0x40e9d8,100%,0,36,36,0,0,0,36
0x417a22,100%,0,1,1,0,0,0,1
0x4052c1,100%,0,4,4,0,0,0,4
0x4140b8,100%,0,3,3,2,0,0,1
0x4040ae,100%,0,144,144,0,0,0,144
0x41b4b7,100%,0,8,8,8,0,0,0
0x40e898,100%,0,81,81,0,0,0,81
0x40cbc8,100%,0,18,18,0,0,0,18
0x40e984,100%,0,4,4,0,0,0,4
0x405672,100%,0,1,1,1,0,0,0
0x4064e7,100%,0,1,1,1,0,0,0
0x403423,100%,0,2,2,0,0,0,2
0x41b250,100%,0,16,16,0,0,0,16
0x40b896,100%,0,2,2,0,0,0,2
0x41b2b6,100%,0,8,8,8,0,0,0
0x41b116,100%,0,8,8,8,0,0,0
0x40c927,100%,0,150,150,0,0,0,150
0x41ac10,100%,0,1696,1696,848,0,0,848
0x40f766,100%,0,1,1,1,0,0,0
0x458da8,100%,0,852,852,0,0,0,852
0x45c38c,100%,0,852,852,0,0,0,852
0x45a20a,100%,0,852,852,0,0,0,852
0x40b0c8,100%,0,3,3,3,0,0,0
0x45a86d,100%,0,852,852,852,0,0,0
0x45a30d,100%,0,852,852,0,0,0,852
0x40e81e,100%,0,1,1,0,0,0,1
0x45a267,100%,0,852,852,852,0,0,0
0x45c3a3,100%,0,852,852,0,0,0,852
0x41b26f,100%,0,8,8,8,0,0,0
0x413629,100%,0,1,1,0,0,0,1
0x45c3c7,100%,0,852,852,0,0,0,852
0x45c3d5,100%,0,852,852,0,0,0,852
0x413a10,100%,0,2,2,0,0,0,2
0x45c9ec,100%,0,852,852,852,0,0,0
0x458d63,100%,0,852,852,0,0,0,852
0x458d6d,100%,0,852,852,0,0,0,852
0x458dba,100%,0,852,852,0,0,0,852
0x458e0f,100%,0,852,852,852,0,0,0
0x413f9b,100%,0,1,1,1,0,0,0
0x409ced,100%,0,56,56,0,0,0,56
0x4073aa,100%,0,9,9,8,0,0,1
0x407922,100%,0,30,30,0,0,0,30
0x458dc9,100%,0,852,852,852,0,0,0
0x4033d1,100%,0,162,162,0,0,0,162
0x40f446,100%,0,1,1,0,0,0,1
0x40f315,100%,0,1,1,1,0,0,0
0x40b73d,100%,0,62,62,0,0,0,62
0x413caa,100%,0,2,2,1,0,0,1
0x4073bd,100%,0,2,2,0,0,0,2
0x402102,100%,0,18,18,0,0,0,18
0x40b2cf,100%,0,81,81,0,0,0,81
0x41b3d7,100%,0,8,8,8,0,0,0
0x40f593,100%,0,3,3,3,0,0,0
0x4111e1,100%,0,61797,61797,61797,0,0,0
0x40f39a,100%,0,31,31,31,0,0,0
0x407973,100%,0,49,49,49,0,0,0
0x407413,100%,0,18,18,0,0,0,18
0x40d5df,100%,0,72,72,0,0,0,72
0x40b1fb,100%,0,3,3,2,0,0,1
0x41774a,100%,0,1,1,1,0,0,0
0x458d75,100%,0,852,852,0,0,0,852
0x40e066,100%,0,324,324,324,0,0,0
0x458e2f,100%,0,852,852,852,0,0,0
0x404f46,100%,0,4,4,0,0,0,4
0x46fde4,100%,0,75,75,3,0,0,72
0x413795,100%,0,2,2,0,0,0,2
0x41b59e,100%,0,8,8,0,0,0,8
0x40ca20,100%,0,60,60,0,0,0,60
0x40b198,100%,0,2,2,1,0,0,1
0x40b8ec,100%,0,2,2,0,0,0,2
0x40b398,100%,0,62,62,0,0,0,62
0x40b522,100%,0,62,62,0,0,0,62
0x40b81e,100%,0,62,62,0,0,0,62
0x40ba30,100%,0,2,2,0,0,0,2
0x40bab6,100%,0,6,6,4,0,0,2
0x40bd0d,100%,0,186,186,0,0,0,186
0x40bf2a,100%,0,150,150,0,0,0,150
0x40c2cf,100%,0,150,150,0,0,0,150
0x40da23,100%,0,2,2,0,0,0,2
0x40c33a,100%,0,62,62,0,0,0,62
0x40b0fc,100%,0,2,2,0,0,0,2
0x40d2da,100%,0,2,2,0,0,0,2
0x40d566,100%,0,8,8,0,0,0,8
0x40eac7,100%,0,9,9,0,0,0,9
0x40eb00,100%,0,1,1,0,0,0,1
0x40eb72,100%,0,1,1,1,0,0,0
0x4155bf,100%,0,243,243,0,0,0,243
0x415707,100%,0,243,243,0,0,0,243
0x41578e,100%,0,243,243,0,0,0,243
0x415d63,100%,0,6,6,0,0,0,6
0x4157d5,100%,0,81,81,0,0,0,81
0x415c10,100%,0,2,2,0,0,0,2
0x40c22e,100%,0,150,150,0,0,0,150
0x4079c7,100%,0,7,7,0,0,0,7
0x40baa5,100%,0,6,6,6,0,0,0
0x4086f3,100%,0,9,9,0,0,0,9
0x408a04,100%,0,31,31,31,0,0,0
0x415bf8,100%,0,2,2,2,0,0,0
0x408a76,100%,0,3,3,2,0,0,1
0x40c9ff,100%,0,5,5,5,0,0,0
0x409845,100%,0,62,62,0,0,0,62
0x4098af,100%,0,62,62,0,0,0,62
0x40994d,100%,0,62,62,0,0,0,62
0x409ba4,100%,0,120,120,0,0,0,120
0x4157c7,100%,0,243,243,162,0,0,81
0x41ac15,100%,0,848,848,0,0,0,848
0x40aade,100%,0,62,62,0,0,0,62
0x41aaec,100%,0,848,848,0,0,0,848
0x41ab24,100%,0,848,848,848,0,0,0
0x41ab81,100%,0,848,848,0,0,0,848
0x41abd9,100%,0,848,848,0,0,0,848
0x41ae54,100%,0,1696,1696,848,0,0,848
0x40ae85,100%,0,62,62,0,0,0,62
0x40af3a,100%,0,558,558,496,0,0,62
0x40afde,100%,0,2,2,0,0,0,2
0x40b034,100%,0,2,2,1,0,0,1
0x40b0a6,100%,0,3,3,2,0,0,1
0x40ca7a,100%,0,5,5,5,0,0,0
0x41aafc,100%,0,848,848,0,0,0,848
0x4141ca,100%,0,1,1,1,0,0,0
0x4141b4,100%,0,3,3,2,0,0,1
0x41470a,100%,0,6,6,0,0,0,6
0x413fa9,100%,0,1,1,0,0,0,1
0x40dfee,100%,0,324,324,0,0,0,324
0x4179d3,100%,0,9,9,0,0,0,9
0x40d546,100%,0,8,8,0,0,0,8
0x41b2ab,100%,0,8,8,0,0,0,8
0x405513,100%,0,2,2,2,0,0,0
0x40eaa1,100%,0,3,3,3,0,0,0
0x458d59,100%,0,852,852,0,0,0,852
0x45c9e3,100%,0,852,852,0,0,0,852
0x40b1a9,100%,0,1,1,0,0,0,1
0x45c3ac,100%,0,852,852,852,0,0,0
0x40534a,100%,0,4,4,0,0,0,4
0x40f6b1,100%,0,1,1,0,0,0,1
0x41a667,100%,0,2,2,2,0,0,0
0x40b175,100%,0,6,6,6,0,0,0
0x458d97,100%,0,852,852,0,0,0,852
0x406b23,100%,0,186,186,0,0,0,186
0x41b00c,100%,0,8,8,0,0,0,8
0x409d75,100%,0,13,13,13,0,0,0
0x40ba41,100%,0,2,2,0,0,0,2
0x411680,100%,0,109647,109647,0,0,0,109647
0x4149e1,100%,0,2,2,0,0,0,2
0x41b281,100%,0,8,8,8,0,0,0
0x40e460,100%,0,324,324,0,0,0,324
0x40e17e,100%,0,324,324,0,0,0,324
0x40df02,100%,0,248,248,248,0,0,0
0x401f1b,100%,0,36,36,0,0,0,36
0x45a275,100%,0,852,852,0,0,0,852
0x40e9e3,100%,0,324,324,0,0,0,324
0x40af91,100%,0,62,62,0,0,0,62
0x414c85,100%,0,2,2,0,0,0,2
0x401d08,100%,0,19,19,0,0,0,19
0x401cbf,100%,0,19,19,0,0,0,19
0x40193f,100%,0,1,1,0,0,0,1
0x412da1,100%,0,104982,104982,104982,0,0,0
0x40ac6a,100%,0,62,62,0,0,0,62
0x40ea92,100%,0,6,6,3,0,0,3
0x4148bc,100%,0,2,2,0,0,0,2
0x41482e,100%,0,6,6,4,0,0,2
0x41a615,100%,0,18,18,0,0,0,18
0x4159e0,100%,0,2,2,0,0,0,2
0x40aa69,100%,0,62,62,0,0,0,62
0x41a522,100%,0,2,2,0,0,0,2
0x41a4c0,100%,0,2,2,2,0,0,0
0x40e44b,100%,0,324,324,0,0,0,324
0x41a475,100%,0,2,2,0,0,0,2
0x40cbd8,100%,0,162,162,0,0,0,162
0x411fdd,100%,0,84797,84797,0,0,0,84797
0x40f6c6,100%,0,1,1,1,0,0,0
0x401b16,100%,0,9,9,0,0,0,9
0x408410,100%,0,48,48,0,0,0,48
0x4178f3,100%,0,9,9,0,0,0,9
0x40b849,100%,0,62,62,0,0,0,62
0x414726,100%,0,6,6,0,0,0,6
0x411eba,100%,0,104994,104994,0,0,0,104994
0x40e88d,100%,0,9,9,0,0,0,9
0x413619,100%,0,2,2,1,0,0,1
0x45a235,100%,0,852,852,0,0,0,852
0x40da4a,100%,0,2,2,2,0,0,0
0x40f309,100%,0,1,1,0,0,0,1
0x458e39,100%,0,852,852,0,0,0,852
0x41ab0a,100%,0,848,848,0,0,0,848
0x41b506,100%,0,8,8,8,0,0,0
0x4157b6,100%,0,729,729,486,0,0,243
0x41b15e,100%,0,8,8,0,0,0,8
0x41359e,100%,0,11523,11523,7682,0,0,3841
0x4026aa,100%,0,18,18,0,0,0,18
0x412561,100%,0,41295,41295,41295,0,0,0
0x408a96,100%,0,2,2,0,0,0,2
0x41a558,100%,0,2,2,0,0,0,2
0x40eab8,100%,0,1,1,0,0,0,1
0x40354a,100%,0,18,18,0,0,0,18
0x40c889,100%,0,150,150,0,0,0,150
0x41a53e,100%,0,2,2,0,0,0,2
0x4146ca,100%,0,18,18,12,0,0,6
0x407aab,100%,0,56,56,0,0,0,56
0x41b25d,100%,0,16,16,8,0,0,8
0x405a46,100%,0,9,9,0,0,0,9
0x407aed,100%,0,4,4,0,0,0,4
0x40ea44,100%,0,3,3,0,0,0,3
0x40b324,100%,0,62,62,0,0,0,62
0x415670,100%,0,81,81,0,0,0,81
0x4109b0,100%,0,22257,22257,0,0,0,22257
0x41b596,100%,0,8,8,0,0,0,8
0x40e73a,100%,0,4,4,0,0,0,4
0x4158e4,100%,0,81,81,79,0,0,2
0x458d85,100%,0,852,852,0,0,0,852
0x40404a,100%,0,18,18,0,0,0,18
0x41b178,100%,0,8,8,0,0,0,8
0x40d001,100%,0,5,5,0,0,0,5
0x4117bf,100%,0,103250,103250,0,0,0,103250
0x405823,100%,0,2,2,0,0,0,2
0x415db0,100%,0,2,2,2,0,0,0
0x403a3a,100%,0,4,4,4,0,0,0
0x40b995,100%,0,2,2,2,0,0,0
0x458de7,100%,0,852,852,0,0,0,852
