Branch PC,Accuracy,Mispredictions,Correct Predictions,Total,dir_t_pred_t,dir_t_pred_nt,dir_nt_pred_t,dir_nt_pred_nt
aggregate,99.8774%,13646,11119230,11132876,7662313,2508,11138,3456917
0x46f721,98.6158%,1637,116623,118260,116623,17,1620,0
0x162634e,99.0978%,1067,117193,118260,29324,598,469,87869
0x1626359,99.5121%,431,87907,88338,43272,192,239,44635
0x507935,96.0026%,313,7517,7830,7517,23,290,0
0xf313ca,96.284%,301,7799,8100,7799,1,300,0
0x4f9894,95.8194%,301,6899,7200,6899,1,300,0
0x50898b,96.284%,301,7799,8100,7799,1,300,0
0xf30dcc,96.284%,301,7799,8100,7799,1,300,0
0x50832e,96.284%,301,7799,8100,7799,1,300,0
0x4f9b7c,96.284%,301,7799,8100,7799,1,300,0
0xf30baf,96.2835%,291,7539,7830,7539,1,290,0
0x507487,96.2828%,276,7149,7425,7149,1,275,0
0x1626664,99.7945%,243,118017,118260,47353,127,116,70664
0x8defc2,97.5901%,190,7694,7884,1745,87,103,5949
0x14033f3,96.2346%,122,3118,3240,3118,2,120,0
0x141112a,96.2346%,122,3118,3240,3118,2,120,0
0x1410aae,96.2963%,120,3120,3240,3120,0,120,0
0x140a6f2,96.0544%,119,2897,3016,2897,3,116,0
0x1407bf9,96.0544%,119,2897,3016,2897,3,116,0
0x14081a2,96.2324%,118,3014,3132,3014,2,116,0
0x1409c78,96.2324%,118,3014,3132,3014,2,116,0
0x1406cc9,96.2644%,117,3015,3132,3015,1,116,0
0x140689c,96.2644%,117,3015,3132,3015,1,116,0
0x1409b50,96.1207%,117,2899,3016,2899,1,116,0
0x1406a6f,96.1207%,117,2899,3016,2899,1,116,0
0x14085ae,96.2644%,117,3015,3132,3015,1,116,0
0x140a02f,96.2644%,117,3015,3132,3015,1,116,0
0x140984b,96.2644%,117,3015,3132,3015,1,116,0
0x140aced,96.2644%,117,3015,3132,3015,1,116,0
0x140823d,96.1207%,117,2899,3016,2899,1,116,0
0x15d8015,90.9172%,102,1021,1123,598,38,64,423
0x8df004,98.8711%,89,7795,7884,7770,6,83,25
0x8ded3c,98.8965%,87,7797,7884,4225,83,4,3572
0x140f371,96.1624%,86,2155,2241,2155,3,83,0
0x140e20a,96.2517%,84,2157,2241,2157,1,83,0
0x140f4f9,96.26%,84,2162,2246,2162,0,84,0
0x140e9a6,96.2963%,83,2158,2241,2158,0,83,0
0x140efe5,96.1538%,83,2075,2158,2075,0,83,0
0x16744be,99.9635%,79,216101,216180,155087,42,37,61014
0x8df243,98.8665%,71,6193,6264,5579,33,38,614
0x1402eeb,96.1944%,65,1643,1708,1643,4,61,0
0x8df4d0,98.9623%,65,6199,6264,1626,18,47,4573
0x93695b,96.1141%,64,1583,1647,1583,3,61,0
0x93013b,96.0494%,64,1556,1620,1556,4,60,0
0x930f53,96.1141%,64,1583,1647,1583,3,61,0
0x92d0fa,96.0494%,64,1556,1620,1556,4,60,0
0x14116bf,96.1141%,64,1583,1647,1583,3,61,0
0x92e31e,96.1111%,63,1557,1620,1557,3,60,0
0x936bfd,96.3095%,62,1618,1680,1618,2,60,0
0x8fa5d4,96.2346%,61,1559,1620,1559,1,60,0
0x1411e34,96.369%,61,1619,1680,1619,1,60,0
0x1412180,96.2346%,61,1559,1620,1559,1,60,0
0x1404032,96.2346%,61,1559,1620,1559,1,60,0
0x52ad0e,96.2346%,61,1559,1620,1559,1,60,0
0x93312f,96.2346%,61,1559,1620,1559,1,60,0
0x93324b,96.0897%,61,1499,1560,1499,1,60,0
0x93669c,96.2346%,61,1559,1620,1559,1,60,0
0x52a6c5,96.2346%,61,1559,1620,1559,1,60,0
0x9308f8,96.2346%,61,1559,1620,1559,1,60,0
0x1411a3b,96.2346%,61,1559,1620,1559,1,60,0
0x92faef,96.2346%,61,1559,1620,1559,1,60,0
0x931570,96.1538%,60,1500,1560,1500,0,60,0
0x140bf5a,96.1686%,60,1506,1566,1506,2,58,0
0x529dd7,96.2324%,59,1507,1566,1507,1,58,0
0x901cd8,99.8618%,59,42641,42700,41172,3,56,1469
0x140d0d9,96.2963%,58,1508,1566,1508,0,58,0
0x140c50d,96.2963%,58,1508,1566,1508,0,58,0
0x140cf2c,96.2963%,58,1508,1566,1508,0,58,0
0x140cb5d,96.1538%,58,1450,1508,1450,0,58,0
0x528f77,96.229%,56,1429,1485,1429,1,55,0
0x8df500,99.1858%,51,6213,6264,6154,2,49,59
0x51c573,95.7916%,42,956,998,956,1,41,0
0x51c87b,96.206%,42,1065,1107,1065,1,41,0
0x52a9d4,97.5309%,40,1580,1620,414,16,24,1166
0x8e082c,99.6488%,34,9648,9682,9508,8,26,140
0xf30975,99.5802%,34,8066,8100,7796,4,30,270
0x8df270,99.5051%,31,6233,6264,6153,3,28,80
0x8ded74,99.6068%,31,7853,7884,7770,6,25,83
0x901cf4,98.1639%,28,1497,1525,1497,3,25,0
0x1669e15,75.7009%,26,81,107,25,11,15,56
0x8e0a09,99.7418%,25,9657,9682,9510,6,19,147
0x8e7354,98.5311%,25,1677,1702,1677,0,25,0
0x8e8544,96.3397%,25,658,683,658,0,25,0
0x8e7654,98.5313%,23,1543,1566,1543,0,23,0
0x8e7343,99.9505%,23,46475,46498,44790,6,17,1685
0x52a773,98.5802%,23,1597,1620,1488,13,10,109
0x8e88f4,96.3434%,23,606,629,606,0,23,0
0x14032e2,99.9674%,19,58301,58320,55070,10,9,3231
0x93322b,99.9833%,19,113861,113880,112317,3,16,1544
0x528f3c,99.9832%,18,106902,106920,105428,7,11,1474
0x9368e8,99.9427%,17,29629,29646,27991,8,9,1638
0x930d82,99.9885%,17,148213,148230,139988,7,10,8225
0x52aa06,99.0123%,16,1604,1620,1558,2,14,46
0x8e032d,98.929%,16,1478,1494,1322,6,10,156
0x14043e0,99.0123%,16,1604,1620,1557,3,13,47
0x1408225,99.993%,15,214121,214136,211114,6,9,3007
0x1668901,71.1538%,15,37,52,10,12,3,27
0x1669e6a,77.6119%,15,52,67,6,13,2,46
0x1403e94,99.9486%,15,29145,29160,27534,6,9,1611
0x8df8a2,99.6331%,15,4073,4088,4027,5,10,46
0x92d06d,99.9486%,15,29145,29160,27533,7,8,1612
0x1406579,99.9718%,15,53229,53244,50104,8,7,3125
0x506d02,99.4239%,14,2416,2430,2288,7,7,128
0x52ac52,99.952%,14,29146,29160,27536,4,10,1610
0x5072ad,99.8579%,14,9841,9855,9716,4,10,125
0x51c537,99.9805%,14,71902,71916,70912,6,8,990
0x1408197,99.9937%,14,222358,222372,219235,5,9,3123
0x52a7a6,99.1975%,13,1607,1620,1557,3,10,50
0x529d01,99.9539%,13,28175,28188,26619,3,10,1556
0x1669c80,77.193%,13,44,57,32,4,9,12
0x508308,99.9976%,13,550787,550800,542698,2,11,8089
0x8e8539,99.974%,13,49900,49913,49227,3,10,673
0x8e0643,92.1687%,13,153,166,150,6,7,3
0x930701,99.9911%,13,145787,145800,137697,3,10,8090
0x930798,99.8395%,13,8087,8100,6477,3,10,1610
0x92e24e,99.9554%,13,29147,29160,27535,5,8,1612
0x140958f,99.9775%,12,53232,53244,50109,3,9,3123
0x140365b,99.6296%,12,3228,3240,3117,3,9,111
0x52a6a4,99.9893%,12,111768,111780,110156,4,8,1612
0x932f8f,99.9588%,12,29148,29160,27534,6,6,1614
0x14046e1,97.5309%,12,474,486,453,6,6,21
0x8e083f,92.7711%,12,154,166,153,3,9,1
0x9313b2,99.9915%,12,140388,140400,132596,4,8,7792
0x1669edb,66.6667%,12,24,36,9,9,3,15
0x8f7124,99.6305%,12,3236,3248,3188,4,8,48
0x507861,99.9915%,12,140928,140940,133104,6,6,7824
0x140620a,99.3915%,12,1960,1972,1850,6,6,110
0x1403a18,98.8889%,12,1068,1080,955,5,7,113
0x507460,99.9978%,12,542013,542025,534598,2,10,7415
0x1411d33,99.9603%,12,30228,30240,28554,6,6,1674
0x92f830,99.9588%,12,29148,29160,27534,6,6,1614
0x4f9ab6,99.9925%,11,145789,145800,137697,3,8,8092
0x8fa561,99.9623%,11,29149,29160,27535,5,6,1614
0x8dfad2,99.7309%,11,4077,4088,4030,2,9,47
0x8dfd0b,99.6613%,11,3237,3248,3188,4,7,49
0x932c66,99.7523%,11,4429,4440,4378,2,9,51
0x5293dd,97.7366%,11,475,486,455,4,7,20
0x14110b7,99.9623%,11,29149,29160,25917,3,8,3232
0x9387fe,98.9815%,11,1069,1080,1016,4,7,53
0xf30afd,99.9917%,11,133099,133110,125278,2,9,7821
0x4f99a5,99.9498%,11,21889,21900,21596,4,7,293
0x1409b36,99.9949%,11,214125,214136,211118,2,9,3007
0x50711d,99.8884%,11,9844,9855,9718,2,9,126
0x93082e,99.9657%,10,29150,29160,27535,5,5,1615
0x8e0a1c,93.9759%,10,156,166,155,1,9,1
0x4f9858,99.9981%,10,525590,525600,518398,2,8,7192
0x9394a1,99.0584%,10,1052,1062,1000,3,7,52
0x930df7,99.8786%,10,8225,8235,6587,1,9,1638
0x1403817,97.9424%,10,476,486,428,4,6,48
0x1409f91,99.9812%,10,53234,53244,50109,3,7,3125
0x936b87,99.9669%,10,30230,30240,28558,2,8,1672
0x8f7422,99.6921%,10,3238,3248,3190,2,8,48
0x92f9fd,99.9314%,10,14570,14580,12957,3,7,1613
0x8dff3c,99.7229%,9,3239,3248,3190,2,7,49
0x8e0381,94.5783%,9,157,166,155,1,8,2
0x51c7c5,99.9548%,9,19917,19926,18816,3,6,1101
0x1411621,99.9696%,9,29637,29646,27996,3,6,1641
0x9300c1,99.9383%,9,14571,14580,12958,2,7,1613
0x1669d14,75%,9,27,36,7,6,3,20
0x8e7643,99.979%,9,42817,42826,41260,0,9,1557
0x1406c1a,99.9831%,9,53235,53244,50110,2,7,3125
0x52ab76,99.4444%,9,1611,1620,1556,4,5,55
0x506b43,96.8421%,9,276,285,1,9,0,275
0x14119a1,99.9691%,9,29151,29160,27537,3,6,1614
0x14084ee,99.9831%,9,53235,53244,50110,2,7,3125
0x9314b4,99.9679%,9,28071,28080,26516,4,5,1555
0x140a4b6,99.8907%,9,8227,8236,8117,3,6,110
0x5088be,99.9935%,9,137691,137700,129597,3,6,8094
0x8e64e0,64%,9,16,25,13,4,5,3
0x529610,99.537%,9,1935,1944,1914,3,6,21
0x4f88c6,97.5342%,9,356,365,356,4,5,0
0x140496d,98.3333%,9,531,540,477,3,6,54
0x8f6d53,99.1071%,9,999,1008,949,3,6,50
0x5297c0,99.537%,9,1935,1944,1915,2,7,20
0x932526,99.1803%,9,1089,1098,1034,3,6,55
0x1669e5d,87.3239%,9,62,71,0,4,5,62
0x93219b,99.1667%,9,1071,1080,1017,3,6,54
0x140aae0,99.985%,8,53236,53244,50109,3,5,3127
0x140779a,99.9844%,8,51264,51272,48254,2,6,3010
0x936627,99.9726%,8,29152,29160,27537,3,5,1615
0x1409c0c,99.9681%,8,25048,25056,21922,2,6,3126
0x508539,99.9012%,8,8092,8100,7796,4,4,296
0x50841c,99.9012%,8,8092,8100,7796,4,4,296
0x936e23,98.5185%,8,532,540,476,4,4,56
0xf3099b,97.3333%,8,292,300,292,3,5,0
0xf31305,99.9945%,8,145792,145800,137697,3,5,8095
0x90ce21,98.5185%,8,532,540,478,2,6,54
0x1412105,99.9726%,8,29152,29160,27538,2,6,1614
0xf30d3f,99.9945%,8,145792,145800,137698,2,6,8094
0x50877d,99.9012%,8,8092,8100,7796,4,4,296
0x8e9ee4,98.5213%,8,533,541,532,0,8,1
0x9378d0,99.2467%,8,1054,1062,1001,2,6,53
0x51c6bd,99.729%,8,2944,2952,2909,2,6,35
0x8e88e9,99.9826%,8,45963,45971,45338,4,4,625
0x8df515,93.5185%,7,101,108,101,3,4,0
0x1409c58,99.9681%,7,21917,21924,18789,3,4,3128
0x4f9bf2,97.6667%,7,293,300,293,2,5,0
0x1669e7b,85.4167%,7,41,48,33,3,4,8
0x166893c,76.6667%,7,23,30,14,4,3,9
0x140a642,99.9863%,7,51265,51272,48253,3,4,3012
0x52a8f3,99.5679%,7,1613,1620,1556,4,3,57
0x8ead84,99.1667%,7,833,840,830,0,7,3
0x508954,99.9712%,7,24293,24300,16198,2,5,8095
0x5072d4,94.8148%,7,128,135,128,2,5,0
0x1409987,99.645%,7,1965,1972,1852,4,3,113
0x1669d22,80.5556%,7,29,36,29,7,0,0
0x8f6923,99.3056%,7,1001,1008,951,1,6,50
0x508a37,98%,6,294,300,294,1,5,0
0x507a36,97.9661%,6,289,295,289,1,5,0
0xf310b2,99.8889%,6,5394,5400,5098,2,4,296
0x8e9cf4,99.0017%,6,595,601,591,0,6,4
0x140acc4,99.9361%,6,9390,9396,6261,3,3,3129
0x8e6475,76%,6,19,25,0,2,4,19
0x14069a7,99.9883%,6,51266,51272,48254,2,4,3012
0xf30c38,97.931%,6,284,290,284,1,5,0
0x506f22,99.7531%,6,2424,2430,2293,2,4,131
0x52912c,98.7654%,6,480,486,457,2,4,23
0x506dbe,95.5556%,6,129,135,129,1,5,0
0xf31830,98%,6,294,300,294,1,5,0
0x506dff,40%,6,4,10,4,1,5,0
0x140856f,99.9361%,6,9390,9396,6260,4,2,3130
0x50713f,95.5556%,6,129,135,129,1,5,0
0x930e8f,99.9798%,6,29640,29646,27996,3,3,1644
0x506fce,95.5556%,6,129,135,129,1,5,0
0x8e05ef,99.5984%,6,1488,1494,1326,2,4,162
0xf30e1d,98%,6,294,300,294,1,5,0
0xdea638,66.6667%,6,12,18,6,3,3,6
0x166a0dd,84.6154%,6,33,39,30,4,2,3
0x14070b9,99.6957%,6,1966,1972,1854,2,4,112
0x14126cb,98.8889%,6,534,540,477,3,3,57
0x5071e8,96.2963%,5,130,135,0,0,5,130
0x8e874f,99.8732%,5,3937,3942,3888,0,5,49
0x8df285,95.3704%,5,103,108,103,1,4,0
0x1669e47,92.9577%,5,66,71,63,0,5,3
0xdead4f,72.2222%,5,13,18,5,4,1,8
0x50866c,99.9383%,5,8095,8100,7798,2,3,297
0x8e062b,97.7273%,5,215,220,51,3,2,164
0x931427,99.9359%,5,7795,7800,6239,1,4,1556
0xf30b7a,99.9787%,5,23485,23490,15658,2,3,7827
0x14080ab,98.5632%,5,343,348,230,2,3,113
0x1407e99,99.7465%,5,1967,1972,1854,2,3,113
0x8ded8a,95.3704%,5,103,108,103,1,4,0
0x8eaf45,99.3386%,5,751,756,747,0,5,4
0x1406c94,99.9468%,5,9391,9396,6262,2,3,3129
0x140736e,98.5632%,5,343,348,230,2,3,113
0x1406281,98.5632%,5,343,348,230,2,3,113
0x1406849,99.9468%,5,9391,9396,6260,4,1,3131
0x1407b98,99.9558%,4,9044,9048,6031,1,3,3013
0x1406a3e,99.9558%,4,9044,9048,6030,2,2,3014
0x506ed6,97.037%,4,131,135,0,0,4,131
0x1409a62,98.8506%,4,344,348,229,3,1,115
0x140a0b0,96.5517%,4,112,116,112,2,2,0
0x8e648f,84%,4,21,25,0,2,2,21
0x901bad,84%,4,21,25,0,0,4,21
0x14097c8,99.9574%,4,9392,9396,6263,1,3,3129
0x92f71b,99.7531%,4,1616,1620,1616,4,0,0
0x166a270,88.8889%,4,32,36,27,1,3,5
0x8df019,96.2963%,4,104,108,104,0,4,0
0x901c7d,99.7377%,4,1521,1525,0,0,4,1521
0x528d5e,93.2203%,4,55,59,1,1,3,54
0x166a1f7,88.2353%,4,30,34,21,2,2,9
0x1409cf5,96.5517%,4,112,116,112,2,2,0
0x150eb4f,20%,4,1,5,0,1,3,1
0x1669c9a,80.9524%,4,17,21,0,4,0,17
0x1669e4c,50%,4,4,8,0,3,1,4
0x9324b5,93.4426%,4,57,61,0,0,4,57
0x51b486,94.4444%,4,68,72,68,3,1,0
0x140ad30,97.4138%,3,113,116,113,1,2,0
0x901b67,97.541%,3,119,122,119,1,2,0
0x8eae95,96.4286%,3,81,84,81,2,1,0
0x141115f,97.5%,3,117,120,117,1,2,0
0x93214a,95%,3,57,60,0,0,3,57
0x529eb1,94.9153%,3,56,59,56,2,1,0
0x166a1ee,96.6667%,3,87,90,55,1,2,32
0x1669c05,94.7368%,3,54,57,54,3,0,0
0x8e9e34,95%,3,57,60,57,2,1,0
0x937a4a,83.3333%,3,15,18,15,2,1,0
0x8dff51,94.6429%,3,53,56,53,1,2,0
0x92d35f,83.3333%,3,15,18,15,2,1,0
0x8f6e32,94.6429%,3,53,56,53,1,2,0
0x932e31,99.8148%,3,1617,1620,0,0,3,1617
0x8f69f0,94.6429%,3,53,56,53,1,2,0
0x93333e,95%,3,57,60,57,2,1,0
0x8e63fd,88%,3,22,25,22,1,2,0
0x140a6a6,99.9668%,3,9045,9048,6030,2,1,3015
0x930077,99.8148%,3,1617,1620,0,0,3,1617
0x140a006,99.9681%,3,9393,9396,6262,2,1,3131
0x14087ad,97.4138%,3,113,116,113,1,2,0
0x937c13,83.3333%,3,15,18,15,2,1,0
0x529bc7,94.9153%,3,56,59,1,0,3,55
0x166a367,76.9231%,3,10,13,5,3,0,5
0x1403686,97.5%,3,117,120,117,1,2,0
0x8df8b6,94.6429%,3,53,56,53,1,2,0
0x506b3a,98.9831%,3,292,295,9,1,2,283
0x939668,83.3333%,3,15,18,15,2,1,0
0x8dfd20,94.6429%,3,53,56,53,1,2,0
0x506bc8,80%,3,12,15,7,3,0,5
0x50770f,98.9831%,3,292,295,289,1,2,3
0x1669e96,90%,3,27,30,22,2,1,5
0x901cc3,99.993%,3,42697,42700,0,0,3,42697
0x8e036a,98.6364%,3,217,220,52,2,1,165
0x8e00da,62.5%,3,5,8,3,1,2,2
0x8f714e,94.6429%,3,53,56,53,1,2,0
0x8dfae7,94.6429%,3,53,56,53,1,2,0
0x1403aa7,97.5%,3,117,120,117,1,2,0
0x140387e,94.4444%,3,51,54,51,1,2,0
0x140345e,97.5%,3,117,120,117,1,2,0
0x8f7454,94.6429%,3,53,56,53,1,2,0
0x1403385,99.9383%,2,3238,3240,0,0,2,3238
0x9365c9,99.8765%,2,1618,1620,0,0,2,1618
0x8e7514,98.5294%,2,134,136,134,0,2,0
0x14121d8,96.6667%,2,58,60,58,1,1,0
0x93226d,96.6667%,2,58,60,58,1,1,0
0x92fb57,96.6667%,2,58,60,58,1,1,0
0x1404433,96.6667%,2,58,60,58,1,1,0
0x16688f5,96.4912%,2,55,57,3,2,0,52
0x1404281,99.8765%,2,1618,1620,1618,2,0,0
0x150db8e,60%,2,3,5,3,2,0,0
0x93945c,96.6102%,2,57,59,0,0,2,57
0x1505176,0%,2,0,2,0,2,0,0
0x92d126,96.6667%,2,58,60,58,1,1,0
0x8e73b0,92%,2,23,25,0,2,0,23
0x1411a7c,96.6667%,2,58,60,58,1,1,0
0x529257,33.3333%,2,1,3,0,2,0,1
0x529637,92.5926%,2,25,27,25,1,1,0
0x9366de,96.6667%,2,58,60,58,1,1,0
0x1411e71,96.6667%,2,58,60,58,1,1,0
0x93262b,96.7213%,2,59,61,59,1,1,0
0x1410b12,98.3333%,2,118,120,118,0,2,0
0x140f650,97.619%,2,82,84,82,0,2,0
0x528d6b,96.4912%,2,55,57,0,2,0,55
0x150ede2,60%,2,3,5,3,1,1,0
0x506b9f,90%,2,18,20,13,2,0,5
0x1412729,96.6667%,2,58,60,58,1,1,0
0x1506d3b,0%,2,0,2,0,2,0,0
0x8e85a2,92%,2,23,25,0,2,0,23
0x529370,92.5926%,2,25,27,0,0,2,25
0x8dfd49,0%,2,0,2,0,0,2,0
0xf32c58,60%,2,3,5,3,2,0,0
0x1410e9a,0%,2,0,2,0,0,2,0
0x8fa607,96.6667%,2,58,60,58,1,1,0
0x930943,96.6667%,2,58,60,58,1,1,0
0x8e9274,80%,2,8,10,0,1,1,8
0x1411703,96.7213%,2,59,61,59,1,1,0
0x529209,92.5926%,2,25,27,25,1,1,0
0x1411a17,99.9383%,2,3238,3240,1618,2,0,1620
0x140477a,92.5926%,2,25,27,25,1,1,0
0x939547,96.6102%,2,57,59,57,1,1,0
0x92cf8e,96.6667%,2,58,60,0,0,2,58
0x936f78,96.6667%,2,58,60,58,1,1,0
0x936c42,96.6667%,2,58,60,58,1,1,0
0x14049fe,96.6667%,2,58,60,58,1,1,0
0x1403ac1,0%,2,0,2,0,1,1,0
0x936e7e,96.6667%,2,58,60,58,1,1,0
0x936998,96.7213%,2,59,61,59,1,1,0
0x8dfb17,0%,2,0,2,0,0,2,0
0x93015f,96.6667%,2,58,60,58,1,1,0
0x1402f16,96.7213%,2,59,61,59,1,1,0
0x1668968,96.1538%,2,50,52,20,2,0,30
0x140409e,96.6667%,2,58,60,58,1,1,0
0x1516664,60%,2,3,5,3,1,1,0
0x8e925e,80%,2,8,10,0,1,1,8
0x5294af,92.5926%,2,25,27,25,1,1,0
0x1407c1f,98.2759%,2,114,116,0,0,2,114
0x150dedf,60%,2,3,5,3,2,0,0
0x9391d3,96.6667%,2,58,60,58,1,1,0
0x1507a26,0%,2,0,2,0,2,0,0
0xf32b6e,60%,2,3,5,2,2,0,1
0x14126d7,96.6667%,2,58,60,0,0,2,58
0x937039,96.6667%,2,58,60,58,1,1,0
0x8e7503,99.9455%,2,3670,3672,3536,0,2,134
0x15086b0,0%,2,0,2,0,1,1,0
0x16262dc,99.9983%,2,118258,118260,0,0,2,118258
0xad61c2,0%,2,0,2,0,2,0,0
0x92e16a,99.8765%,2,1618,1620,1618,2,0,0
0x938878,96.6667%,2,58,60,58,1,1,0
0x51c7d5,99.8193%,2,1105,1107,1105,2,0,0
0x932c90,96.6667%,2,58,60,0,0,2,58
0x1410938,99.9966%,2,58318,58320,55080,0,2,3238
0x92e36f,96.6667%,2,58,60,58,1,1,0
0x140358f,99.9383%,2,3238,3240,3238,2,0,0
0x150d4b2,60%,2,3,5,3,2,0,0
0x16265dd,99.9983%,2,118258,118260,118258,2,0,0
0x529280,0%,2,0,2,0,1,1,0
0x92cfc8,99.8765%,2,1618,1620,1618,2,0,0
0x15062f0,0%,2,0,2,0,2,0,0
0x5297e7,92.5926%,2,25,27,25,1,1,0
0x8df53b,50%,2,2,4,0,0,2,2
0x52adb1,96.6667%,2,58,60,58,1,1,0
0x937951,96.6102%,2,57,59,57,1,1,0
0x8e875a,96.2963%,2,52,54,52,0,2,0
0x90cebf,96.6667%,2,58,60,58,1,1,0
0x9315c3,96.6667%,2,58,60,58,1,1,0
0x930fa0,96.7213%,2,59,61,59,1,1,0
0x9390f4,96.6667%,2,58,60,58,1,1,0
0x8e00bd,80%,2,8,10,6,2,0,2
0x529411,92.5926%,2,25,27,25,2,0,0
0x150ed88,50%,2,2,4,2,2,0,0
0x501206,80%,1,4,5,4,1,0,0
0x14fa200,0%,1,0,1,0,1,0,0
0x14fab16,0%,1,0,1,0,1,0,0
0x14faad9,0%,1,0,1,0,1,0,0
0x5237fd,0%,1,0,1,0,1,0,0
0x506baf,80%,1,4,5,4,1,0,0
0x14fa256,0%,1,0,1,0,1,0,0
0x506d75,99.2593%,1,134,135,0,0,1,134
0x93051c,98.3333%,1,59,60,0,0,1,59
0x1515ff1,0%,1,0,1,0,1,0,0
0x1505064,50%,1,1,2,1,1,0,0
0x5014b7,80%,1,4,5,4,1,0,0
0x14fa077,0%,1,0,1,0,1,0,0
0x14fa17c,0%,1,0,1,0,1,0,0
0x14fa14a,0%,1,0,1,0,1,0,0
0x166a2fb,87.5%,1,7,8,7,1,0,0
0x15063e6,50%,1,1,2,1,1,0,0
0x51abe5,0%,1,0,1,0,1,0,0
0xb493d3,0%,1,0,1,0,1,0,0
0x1503c5b,50%,1,1,2,1,1,0,0
0x1503f16,50%,1,1,2,1,1,0,0
0x1669fa7,66.6667%,1,2,3,2,1,0,0
0x1508ed3,0%,1,0,1,0,1,0,0
0xad4262,50%,1,1,2,1,1,0,0
0x1402d60,50%,1,1,2,0,1,0,1
0xf313d8,99.6667%,1,299,300,299,1,0,0
0x14fa023,0%,1,0,1,0,1,0,0
0x140783b,99.9668%,1,3015,3016,3015,1,0,0
0x15065c6,50%,1,1,2,1,1,0,0
0xb74975,0%,1,0,1,0,1,0,0
0x1506f26,50%,1,1,2,1,1,0,0
0x14f9ffe,0%,1,0,1,0,1,0,0
0x1503df6,50%,1,1,2,1,1,0,0
0xa9650e,0%,1,0,1,0,1,0,0
0x5011c3,80%,1,4,5,4,1,0,0
0x1505206,50%,1,1,2,1,1,0,0
0x92f79b,99.9383%,1,1619,1620,0,0,1,1619
0x150796e,50%,1,1,2,1,1,0,0
0x1507eab,50%,1,1,2,1,1,0,0
0x15091d6,0%,1,0,1,0,1,0,0
0x140ab14,99.9681%,1,3131,3132,3131,1,0,0
0x15044be,50%,1,1,2,1,1,0,0
0x150ddb6,80%,1,4,5,4,1,0,0
0x14fabe1,0%,1,0,1,0,1,0,0
0x15044e8,50%,1,1,2,1,1,0,0
0x501234,80%,1,4,5,4,1,0,0
0x939858,94.4444%,1,17,18,17,0,1,0
0x150eab1,80%,1,4,5,4,1,0,0
0x14fa04d,0%,1,0,1,0,1,0,0
0x1508f73,0%,1,0,1,0,1,0,0
0x939305,0%,1,0,1,0,0,1,0
0x5083cb,99.8333%,1,599,600,299,1,0,300
0x1403eb8,99.9383%,1,1619,1620,0,0,1,1619
0x150eae5,80%,1,4,5,4,1,0,0
0x140d204,98.2759%,1,57,58,57,0,1,0
0x508566,99.8333%,1,599,600,299,1,0,300
0x1505146,50%,1,1,2,1,1,0,0
0x1505116,50%,1,1,2,1,1,0,0
0x50869e,99.8333%,1,599,600,299,1,0,300
0xa96d80,0%,1,0,1,0,1,0,0
0x5087cf,99.8333%,1,599,600,299,1,0,300
0x14fa1b1,0%,1,0,1,0,1,0,0
0x1403c34,98.3333%,1,59,60,0,0,1,59
0x92d42d,0%,1,0,1,0,1,0,0
0xf34aa0,0%,1,0,1,0,1,0,0
0x15063b6,50%,1,1,2,1,1,0,0
0x15083b6,50%,1,1,2,1,1,0,0
0x162625a,99.9992%,1,118259,118260,118259,1,0,0
0x15090f0,0%,1,0,1,0,1,0,0
0x52ac66,99.9383%,1,1619,1620,1619,1,0,0
0x15139f1,0%,1,0,1,0,1,0,0
0x508613,99.8333%,1,599,600,299,1,0,300
0x14f9fc6,0%,1,0,1,0,1,0,0
0x14fa120,0%,1,0,1,0,1,0,0
0x150eacb,80%,1,4,5,4,1,0,0
0x506be4,80%,1,4,5,4,1,0,0
0x14f9f7e,0%,1,0,1,0,1,0,0
0xad6e2d,50%,1,1,2,1,1,0,0
0x1506fb6,50%,1,1,2,1,1,0,0
0x14f9f5e,0%,1,0,1,0,1,0,0
0x1668999,98.2456%,1,56,57,52,0,1,4
0x939762,0%,1,0,1,0,1,0,0
0x506b63,99.6364%,1,274,275,274,1,0,0
0x150a8ff,0%,1,0,1,0,0,1,0
0x150638e,50%,1,1,2,1,1,0,0
0x15079f6,50%,1,1,2,1,1,0,0
0x15f3cbd,99.9992%,1,118259,118260,118259,1,0,0
0x1506696,50%,1,1,2,1,1,0,0
0x15138a7,0%,1,0,1,0,1,0,0
0x1516dbc,0%,1,0,1,0,1,0,0
0x1506f56,50%,1,1,2,1,1,0,0
0x508453,99.8333%,1,599,600,299,1,0,300
0x166a2a5,87.5%,1,7,8,7,1,0,0
0x14fabb7,0%,1,0,1,0,1,0,0
0x1509b81,0%,1,0,1,0,1,0,0
0x939116,0%,1,0,1,0,1,0,0
0x1504f96,50%,1,1,2,1,1,0,0
0x150dd26,80%,1,4,5,4,1,0,0
0x51ac29,0%,1,0,1,0,1,0,0
0xad23f5,50%,1,1,2,1,1,0,0
0x938812,98.3333%,1,59,60,59,1,0,0
0x51c8e9,97.561%,1,40,41,40,1,0,0
0x1408a55,50%,1,1,2,1,1,0,0
0x1408a63,50%,1,1,2,1,1,0,0
0x15065f6,50%,1,1,2,1,1,0,0
0x1504fce,50%,1,1,2,1,1,0,0
0x529267,0%,1,0,1,0,1,0,0
0x1505312,50%,1,1,2,1,1,0,0
0x4f7e0e,80%,1,4,5,4,1,0,0
0x51b495,0%,1,0,1,0,1,0,0
0x1504ee3,50%,1,1,2,1,1,0,0
0x150722a,50%,1,1,2,1,1,0,0
0x1404cf8,50%,1,1,2,1,1,0,0
0x529d15,99.9361%,1,1565,1566,1565,1,0,0
0x1516909,0%,1,0,1,0,1,0,0
0x1510260,0%,1,0,1,0,1,0,0
0x1505008,50%,1,1,2,1,1,0,0
0x1504e54,50%,1,1,2,1,1,0,0
0x15138c1,0%,1,0,1,0,1,0,0
0x52981f,98.3051%,1,58,59,58,1,0,0
0x1503c2b,50%,1,1,2,1,1,0,0
0x1515f2e,0%,1,0,1,0,1,0,0
0xa5c2f8,0%,1,0,1,0,1,0,0
0x525775,0%,1,0,1,0,1,0,0
0x1408a99,50%,1,1,2,1,1,0,0
0x52391b,0%,1,0,1,0,0,1,0
0x52388c,0%,1,0,1,0,0,1,0
0x523814,0%,1,0,1,0,0,1,0
0x528fc2,75%,1,3,4,2,1,0,1
0x1506e85,50%,1,1,2,1,1,0,0
0x523803,0%,1,0,1,0,0,1,0
0x1504e6e,50%,1,1,2,1,1,0,0
0x15078fa,50%,1,1,2,1,1,0,0
0x51a9d1,0%,1,0,1,0,0,1,0
0x14fb289,0%,1,0,1,0,1,0,0
0x150400a,50%,1,1,2,1,1,0,0
0x150dec8,80%,1,4,5,4,1,0,0
0x1504e27,50%,1,1,2,1,1,0,0
0x150dc70,80%,1,4,5,4,1,0,0
0x1506d9e,50%,1,1,2,1,1,0,0
0x1626307,99.9992%,1,118259,118260,118259,1,0,0
0x1508f03,0%,1,0,1,0,1,0,0
0x1504e91,50%,1,1,2,1,1,0,0
0xf31deb,80%,1,4,5,4,1,0,0
0x936fa5,0%,1,0,1,0,1,0,0
0x8df1f3,99.0741%,1,107,108,0,0,1,107
0x51a7d7,0%,1,0,1,0,1,0,0
0xf2e8a9,80%,1,4,5,4,1,0,0
0x932219,99.1667%,1,119,120,59,1,0,60
0x15064d6,50%,1,1,2,1,1,0,0
0x930d49,99.9879%,1,8234,8235,0,0,1,8234
0x1506f86,50%,1,1,2,1,1,0,0
0x1505b47,50%,1,1,2,1,1,0,0
0x1504eb6,50%,1,1,2,1,1,0,0
0x1513a57,0%,1,0,1,0,1,0,0
0x1505296,50%,1,1,2,1,1,0,0
0x15186ec,0%,1,0,1,0,1,0,0
0x1503ee6,50%,1,1,2,1,1,0,0
0x150885f,0%,1,0,1,0,1,0,0
0x1505968,50%,1,1,2,1,1,0,0
0x141101d,99.1667%,1,119,120,0,0,1,119
0x15051d6,50%,1,1,2,1,1,0,0
0x51a9d9,0%,1,0,1,0,1,0,0
0x9312f7,99.9359%,1,1559,1560,0,0,1,1559
0xb67a00,0%,1,0,1,0,1,0,0
0x93667a,99.9691%,1,3239,3240,1619,1,0,1620
0x1506d7e,50%,1,1,2,1,1,0,0
0x14fa3a6,0%,1,0,1,0,1,0,0
0x14fa406,0%,1,0,1,0,1,0,0
0x8f6e8d,50%,1,1,2,0,0,1,1
0x14fa3d6,0%,1,0,1,0,1,0,0
0x14fa496,0%,1,0,1,0,1,0,0
0xa5f89f,0%,1,0,1,0,1,0,0
0x150b3dc,0%,1,0,1,0,1,0,0
0x52376d,0%,1,0,1,0,1,0,0
0x140f66d,50%,1,1,2,1,1,0,0
0x1506371,50%,1,1,2,1,1,0,0
0x14fa1cb,0%,1,0,1,0,1,0,0
0xb6a731,0%,1,0,1,0,1,0,0
0x1509e27,0%,1,0,1,0,1,0,0
0x14faa45,0%,1,0,1,0,1,0,0
0xf30953,99.9877%,1,8099,8100,0,0,1,8099
0x14fa316,0%,1,0,1,0,1,0,0
0x14faaaf,0%,1,0,1,0,1,0,0
0x14f9f9e,0%,1,0,1,0,1,0,0
0x14fa2e6,0%,1,0,1,0,1,0,0
0x14fa2b6,0%,1,0,1,0,1,0,0
0x150be89,0%,1,0,1,0,1,0,0
0x1504f70,50%,1,1,2,1,1,0,0
0x1513902,0%,1,0,1,0,1,0,0
0x8df68f,50%,1,1,2,1,1,0,0
0xacef05,0%,1,0,1,0,1,0,0
0xb3e86b,0%,1,0,1,0,1,0,0
0xb3fb45,0%,1,0,1,0,1,0,0
0x14fa286,0%,1,0,1,0,1,0,0
0x1506e5b,50%,1,1,2,1,1,0,0
0x1503d66,50%,1,1,2,1,1,0,0
0x150914f,0%,1,0,1,0,1,0,0
0x15064ab,50%,1,1,2,1,1,0,0
0x51ac5c,0%,1,0,1,0,1,0,0
0x14f9f3e,0%,1,0,1,0,1,0,0
0x1508e2f,0%,1,0,1,0,1,0,0
0x51a678,0%,1,0,1,0,1,0,0
0x5237e0,0%,1,0,1,0,0,1,0
0x1508e5c,0%,1,0,1,0,1,0,0
0x4f81ba,80%,1,4,5,4,1,0,0
0x1508e81,0%,1,0,1,0,1,0,0
0x1508f3e,0%,1,0,1,0,1,0,0
0x151825f,0%,1,0,1,0,1,0,0
0x1508ffe,0%,1,0,1,0,1,0,0
0x4f899e,80%,1,4,5,0,0,1,4
0x1509028,0%,1,0,1,0,1,0,0
0x15090be,0%,1,0,1,0,1,0,0
0x51b01c,0%,1,0,1,0,1,0,0
0x1503d36,50%,1,1,2,1,1,0,0
0x166bd7c,98.2456%,1,56,57,56,1,0,0
0x1509206,0%,1,0,1,0,1,0,0
0x14faf8d,0%,1,0,1,0,1,0,0
0x14fadbb,0%,1,0,1,0,1,0,0
0x1507954,50%,1,1,2,1,1,0,0
0x1509266,0%,1,0,1,0,1,0,0
0x1507254,50%,1,1,2,1,1,0,0
0x1516fc0,0%,1,0,1,0,1,0,0
0x15092fe,0%,1,0,1,0,1,0,0
0x15091a6,0%,1,0,1,0,1,0,0
0x1508259,50%,1,1,2,1,1,0,0
0x14fab7a,0%,1,0,1,0,1,0,0
0xb762d5,0%,1,0,1,0,1,0,0
0x14faa75,0%,1,0,1,0,1,0,0
0xb74f62,0%,1,0,1,0,1,0,0
0x150dd56,80%,1,4,5,4,1,0,0
0x9322a2,0%,1,0,1,0,1,0,0
0x5237ad,0%,1,0,1,0,1,0,0
0x1506416,50%,1,1,2,1,1,0,0
0xac46df,0%,1,0,1,0,1,0,0
0x150dd86,80%,1,4,5,4,1,0,0
0x8e00e6,75%,1,3,4,1,1,0,2
0x150dde6,80%,1,4,5,4,1,0,0
0x15050e6,50%,1,1,2,1,1,0,0
0xb73cc5,0%,1,0,1,0,1,0,0
0x93888c,0%,1,0,1,0,1,0,0
0x150de16,80%,1,4,5,4,1,0,0
0x14fa226,0%,1,0,1,0,1,0,0
0x150de76,80%,1,4,5,4,1,0,0
0x92d38e,50%,1,1,2,0,1,0,1
0x1504f3b,50%,1,1,2,1,1,0,0
0x15042b2,50%,1,1,2,1,1,0,0
0x15139ad,0%,1,0,1,0,1,0,0
0xac0f42,0%,1,0,1,0,1,0,0
0x1506346,50%,1,1,2,1,1,0,0
0x150911a,0%,1,0,1,0,1,0,0
0x93076e,99.9938%,1,16199,16200,8099,1,0,8100
0x150dea6,80%,1,4,5,4,1,0,0
0x1506315,50%,1,1,2,1,1,0,0
0x150576b,50%,1,1,2,1,1,0,0
0xb53821,50%,1,1,2,1,1,0,0
0x150edf7,0%,1,0,1,0,1,0,0
0x1507927,50%,1,1,2,1,1,0,0
0x150dcc6,80%,1,4,5,4,1,0,0
0x1503f46,50%,1,1,2,1,1,0,0
0x501183,80%,1,4,5,4,1,0,0
0x150905a,0%,1,0,1,0,1,0,0
0x150db30,80%,1,4,5,4,1,0,0
0x1515f60,0%,1,0,1,0,1,0,0
0x150db6e,80%,1,4,5,4,1,0,0
0x92f886,99.9383%,1,1619,1620,1619,1,0,0
0x15f3cfe,99.9992%,1,118259,118260,118259,1,0,0
0x1506e36,50%,1,1,2,1,1,0,0
0x150dbb6,80%,1,4,5,4,1,0,0
0x166a466,95.6522%,1,22,23,0,1,0,22
0x150508e,50%,1,1,2,1,1,0,0
0x150dbee,80%,1,4,5,4,1,0,0
0x150dc16,80%,1,4,5,4,1,0,0
0x1503e56,50%,1,1,2,1,1,0,0
0x150dc3b,80%,1,4,5,4,1,0,0
0x151398b,0%,1,0,1,0,1,0,0
0x1506566,50%,1,1,2,1,1,0,0
0x1503d96,50%,1,1,2,1,1,0,0
0x1506536,50%,1,1,2,1,1,0,0
0x1506506,50%,1,1,2,1,1,0,0
0x150dc9e,80%,1,4,5,4,1,0,0
0x150dcf6,80%,1,4,5,4,1,0,0
0x1503c0b,50%,1,1,2,1,1,0,0
0x1506446,50%,1,1,2,1,1,0,0
0x1506596,50%,1,1,2,1,1,0,0
0x15046f5,50%,1,1,2,1,1,0,0
0x1513ac5,0%,1,0,1,0,1,0,0
0x1505d26,50%,1,1,2,1,1,0,0
0x15138e3,0%,1,0,1,0,1,0,0
0x1507a56,50%,1,1,2,1,1,0,0
0x1506dc6,50%,1,1,2,1,1,0,0
0x1506476,50%,1,1,2,1,1,0,0
0x1513956,0%,1,0,1,0,1,0,0
0x15066f0,50%,1,1,2,1,1,0,0
0x1508ebe,0%,1,0,1,0,1,0,0
0x1508513,50%,1,1,2,1,1,0,0
0x1506d5e,50%,1,1,2,1,1,0,0
0x1508670,50%,1,1,2,1,1,0,0
0x1503eb6,50%,1,1,2,1,1,0,0
0xb742b2,0%,1,0,1,0,1,0,0
0x15174b1,0%,1,0,1,0,0,1,0
0xf31166,99.6667%,1,299,300,0,0,1,299
0x8dee98,75%,1,3,4,3,1,0,0
0x1515eda,0%,1,0,1,0,1,0,0
0x150503a,50%,1,1,2,1,1,0,0
0xb75625,0%,1,0,1,0,1,0,0
0x937b29,0%,1,0,1,0,1,0,0
0x1404d28,50%,1,1,2,1,1,0,0
0x15152a4,0%,1,0,1,0,1,0,0
0x151769a,0%,1,0,1,0,0,1,0
0x1505236,50%,1,1,2,1,1,0,0
0x150eb1a,80%,1,4,5,4,1,0,0
0x1505266,50%,1,1,2,1,1,0,0
0x8f65b2,50%,1,1,2,1,1,0,0
0x14065cf,99.9681%,1,3131,3132,3131,1,0,0
0xb768c2,0%,1,0,1,0,1,0,0
0x52a954,98.3333%,1,59,60,0,0,1,59
0x1506656,50%,1,1,2,1,1,0,0
0x150db4e,80%,1,4,5,4,1,0,0
0x1503cd6,50%,1,1,2,1,1,0,0
0x8df3de,75%,1,3,4,3,1,0,0
0x1504f18,50%,1,1,2,1,1,0,0
0x14fa466,0%,1,0,1,0,1,0,0
0x1503bde,50%,1,1,2,1,1,0,0
0xf2e95c,80%,1,4,5,4,1,0,0
0x1408247,99.1379%,1,115,116,115,1,0,0
0x150730b,50%,1,1,2,1,1,0,0
0xb75c12,0%,1,0,1,0,1,0,0
0x166a2f1,87.5%,1,7,8,7,1,0,0
0x1513a35,0%,1,0,1,0,1,0,0
0x150471f,50%,1,1,2,1,1,0,0
0x1503c7e,50%,1,1,2,1,1,0,0
0x1503fa6,50%,1,1,2,1,1,0,0
0x15139cf,0%,1,0,1,0,1,0,0
0x1515f04,0%,1,0,1,0,1,0,0
0x1508f8b,0%,1,0,1,0,1,0,0
0x150c931,0%,1,0,1,0,1,0,0
0x151392c,0%,1,0,1,0,1,0,0
0x529158,96.2963%,1,26,27,26,1,0,0
0x8df6a2,50%,1,1,2,1,1,0,0
0x1508082,50%,1,1,2,1,1,0,0
0x8df655,50%,1,1,2,0,0,1,1
0x150931e,0%,1,0,1,0,1,0,0
0x1509296,0%,1,0,1,0,1,0,0
0xae8622,0%,1,0,1,0,1,0,0
0x15079c6,50%,1,1,2,1,1,0,0
0x8f65d6,50%,1,1,2,1,1,0,0
0x15134dc,0%,1,0,1,0,0,1,0
0x8fa3a8,0%,1,0,1,0,0,1,0
0x15050c3,50%,1,1,2,1,1,0,0
0xf32b32,80%,1,4,5,4,1,0,0
0x930891,99.9691%,1,3239,3240,1619,1,0,1620
0x151668f,0%,1,0,1,0,1,0,0
0x1503e26,50%,1,1,2,1,1,0,0
0x162624d,99.9992%,1,118259,118260,118259,1,0,0
0x14faa1b,0%,1,0,1,0,1,0,0
0xb52130,50%,1,1,2,1,1,0,0
0x1503f76,50%,1,1,2,1,1,0,0
0x507724,99.6552%,1,289,290,289,1,0,0
0x15075ad,50%,1,1,2,1,1,0,0
0xb478d0,0%,1,0,1,0,1,0,0
0x1516b6e,0%,1,0,1,0,1,0,0
0x4f88d5,80%,1,4,5,4,1,0,0
0x150eda2,75%,1,3,4,3,1,0,0
0x1506ec2,50%,1,1,2,1,1,0,0
0xae928d,0%,1,0,1,0,1,0,0
0x15052c6,50%,1,1,2,1,1,0,0
0x15174c4,0%,1,0,1,0,1,0,0
0x1506ef7,50%,1,1,2,1,1,0,0
0x1503ca6,50%,1,1,2,1,1,0,0
0x1626373,99.9992%,1,118259,118260,118259,1,0,0
0x150ea97,80%,1,4,5,4,1,0,0
0x15051a6,50%,1,1,2,1,1,0,0
0x1506e06,50%,1,1,2,1,1,0,0
0x150de46,80%,1,4,5,4,1,0,0
0x14f941a,0%,1,0,1,0,1,0,0
0x1515f95,0%,1,0,1,0,1,0,0
0x1503dc6,50%,1,1,2,1,1,0,0
0x1506626,50%,1,1,2,1,1,0,0
0x151387a,0%,1,0,1,0,1,0,0
0x1626320,99.9992%,1,118259,118260,118259,1,0,0
0x14f94de,0%,1,0,1,0,1,0,0
0xad08f5,0%,1,0,1,0,1,0,0
0x1515fc7,0%,1,0,1,0,1,0,0
0x1506fd9,50%,1,1,2,1,1,0,0
0x1509176,0%,1,0,1,0,1,0,0
0x150908c,0%,1,0,1,0,1,0,0
0x8e9d85,90%,1,9,10,0,1,0,9
0x14fa436,0%,1,0,1,0,1,0,0
0x1517dcd,0%,1,0,1,0,1,0,0
0x1668933,96.6667%,1,29,30,0,0,1,29
0x4f7fe5,80%,1,4,5,4,1,0,0
0x4f83ec,80%,1,4,5,4,1,0,0
0x8f6534,50%,1,1,2,1,1,0,0
0x936e2f,98.3333%,1,59,60,59,1,0,0
0x14fab48,0%,1,0,1,0,1,0,0
0x1507a86,50%,1,1,2,1,1,0,0
0x523831,0%,1,0,1,0,1,0,0
0x150923e,0%,1,0,1,0,1,0,0
0x15092c6,0%,1,0,1,0,1,0,0
0x14f93f8,0%,1,0,1,0,1,0,0
0x8eaddb,90%,1,9,10,0,1,0,9
0x14f95e5,0%,1,0,1,0,1,0,0
0x93931b,100%,0,1,1,0,0,0,1
0x8df190,100%,0,4,4,0,0,0,4
0x16262b4,100%,0,118260,118260,0,0,0,118260
0x1411732,100%,0,1,1,0,0,0,1
0x166a157,100%,0,5,5,5,0,0,0
0x140468c,100%,0,27,27,0,0,0,27
0x141191c,100%,0,1620,1620,0,0,0,1620
0xf30a35,100%,0,290,290,0,0,0,290
0x140465f,100%,0,27,27,0,0,0,27
0x506f40,100%,0,135,135,0,0,0,135
0x1626290,100%,0,118260,118260,0,0,0,118260
0x8def68,100%,0,108,108,0,0,0,108
0x1411698,100%,0,1647,1647,0,0,0,1647
0x92fa0b,100%,0,1620,1620,0,0,0,1620
0x932540,100%,0,61,61,0,0,0,61
0x166a224,100%,0,4,4,0,0,0,4
0x1411cac,100%,0,1680,1680,0,0,0,1680
0x930cc7,100%,0,1647,1647,0,0,0,1647
0x92fa4a,100%,0,1620,1620,0,0,0,1620
0x1403fcb,100%,0,1620,1620,0,0,0,1620
0x16262ef,100%,0,118260,118260,0,0,0,118260
0x93211d,100%,0,60,60,0,0,0,60
0x8deba8,100%,0,4,4,0,0,0,4
0x8deb83,100%,0,4,4,0,0,0,4
0x930d8d,100%,0,8235,8235,0,0,0,8235
0x8dece4,100%,0,108,108,0,0,0,108
0x1411e09,100%,0,1680,1680,0,0,0,1680
0x1411e8b,100%,0,1,1,0,0,0,1
0x1403d81,100%,0,1620,1620,0,0,0,1620
0x932490,100%,0,61,61,0,0,0,61
0x1626633,100%,0,118260,118260,0,0,0,118260
0x5088d2,100%,0,8100,8100,0,0,0,8100
0x1403259,100%,0,3240,3240,0,0,0,3240
0x1412084,100%,0,1620,1620,0,0,0,1620
0x9325d9,100%,0,61,61,0,0,0,61
0x9309ad,100%,0,1,1,0,0,0,1
0x930bcf,100%,0,61,61,0,0,0,61
0x16262c7,100%,0,118260,118260,0,0,0,118260
0x52a70f,100%,0,60,60,0,0,0,60
0x92d331,100%,0,1,1,0,0,0,1
0xf34a5e,100%,0,1,1,0,0,0,1
0x8dedc0,100%,0,4,4,0,0,0,4
0x14043b6,100%,0,1620,1620,0,0,0,1620
0x14119be,100%,0,1620,1620,0,0,0,1620
0x15d7fb2,100%,0,487,487,0,0,0,487
0x1411c7c,100%,0,1680,1680,0,0,0,1680
0x14040e7,100%,0,1,1,0,0,0,1
0x16262fb,100%,0,118260,118260,0,0,0,118260
0x4f85b4,100%,0,5,5,5,0,0,0
0x14040c7,100%,0,1,1,0,0,0,1
0x140360b,100%,0,3240,3240,0,0,0,3240
0xdeb102,100%,0,9,9,0,0,0,9
0xf30c76,100%,0,5,5,0,0,0,5
0x936ea7,100%,0,1,1,0,0,0,1
0x15f3cb5,100%,0,118260,118260,0,0,0,118260
0x166891d,100%,0,30,30,0,0,0,30
0x9378e1,100%,0,59,59,0,0,0,59
0x1626658,100%,0,118260,118260,0,0,0,118260
0x92e25d,100%,0,1620,1620,0,0,0,1620
0x93337d,100%,0,1,1,0,0,0,1
0x8df043,100%,0,4,4,0,0,0,4
0x9377ac,100%,0,1,1,0,0,0,1
0x936dc8,100%,0,60,60,0,0,0,60
0x937965,100%,0,1,1,0,0,0,1
0x162623c,100%,0,118260,118260,0,0,0,118260
0x8df036,100%,0,4,4,0,0,0,4
0x14068af,100%,0,116,116,0,0,0,116
0x9379ad,100%,0,1,1,0,0,0,1
0x1515456,100%,0,1,1,0,0,0,1
0x14095b3,100%,0,3132,3132,0,0,0,3132
0x90ce7b,100%,0,60,60,0,0,0,60
0x162626e,100%,0,118260,118260,0,0,0,118260
0x9305e2,100%,0,1620,1620,0,0,0,1620
0x8df8ec,100%,0,2,2,0,0,0,2
0x8df2b4,100%,0,4,4,0,0,0,4
0x933361,100%,0,1,1,0,0,0,1
0x9307d7,100%,0,1620,1620,0,0,0,1620
0x140cdd9,100%,0,28188,28188,26622,0,0,1566
0x939337,100%,0,1,1,0,0,0,1
0x166a2c6,100%,0,8,8,0,0,0,8
0x8e9d8a,100%,0,9,9,9,0,0,0
0x92f3a5,100%,0,1,1,0,0,0,1
0x930839,100%,0,1620,1620,0,0,0,1620
0x9306ac,100%,0,8100,8100,0,0,0,8100
0x92f390,100%,0,1,1,0,0,0,1
0x506ea6,100%,0,135,135,0,0,0,135
0x92f92b,100%,0,1620,1620,0,0,0,1620
0x93777d,100%,0,1,1,0,0,0,1
0x14046ef,100%,0,27,27,0,0,0,27
0x1511a87,100%,0,1,1,1,0,0,0
0x141152d,100%,0,61,61,0,0,0,61
0x140492e,100%,0,60,60,0,0,0,60
0x14047ee,100%,0,1,1,0,0,0,1
0x932c09,100%,0,60,60,0,0,0,60
0x528d8f,100%,0,55,55,0,0,0,55
0x92d0f3,100%,0,1620,1620,0,0,0,1620
0x8df484,100%,0,108,108,0,0,0,108
0x1404978,100%,0,60,60,0,0,0,60
0x1411592,100%,0,1647,1647,0,0,0,1647
0x8df066,100%,0,4,4,0,0,0,4
0x1626284,100%,0,118260,118260,0,0,0,118260
0x140b1f6,100%,0,1,1,1,0,0,0
0x141163e,100%,0,1647,1647,0,0,0,1647
0x8df90e,100%,0,2,2,0,0,0,2
0x9321b8,100%,0,60,60,0,0,0,60
0x14073a3,100%,0,116,116,0,0,0,116
0x162679b,100%,0,118260,118260,0,0,0,118260
0x937a55,100%,0,1,1,0,0,0,1
0x937af8,100%,0,1,1,0,0,0,1
0x937b0c,100%,0,1,1,0,0,0,1
0x936477,100%,0,1,1,0,0,0,1
0x937b5a,100%,0,1,1,0,0,0,1
0x936d03,100%,0,1,1,0,0,0,1
0x92d367,100%,0,1,1,0,0,0,1
0x936cfa,100%,0,1,1,0,0,0,1
0x14fa6f9,100%,0,1,1,0,0,0,1
0xf30cb9,100%,0,300,300,0,0,0,300
0x15d6558,100%,0,487,487,487,0,0,0
0x1410ea4,100%,0,2,2,0,0,0,2
0x8df9f1,100%,0,2,2,0,0,0,2
0x937c1e,100%,0,1,1,0,0,0,1
0x14049ce,100%,0,60,60,0,0,0,60
0x14049ba,100%,0,60,60,0,0,0,60
0x939679,100%,0,1,1,0,0,0,1
0x162629c,100%,0,118260,118260,0,0,0,118260
0x8fa5ba,100%,0,1620,1620,0,0,0,1620
0x8e05a3,100%,0,166,166,0,0,0,166
0x5078f2,100%,0,7830,7830,0,0,0,7830
0x939799,100%,0,1,1,0,0,0,1
0x140e6fe,100%,0,2241,2241,2241,0,0,0
0x507360,100%,0,7425,7425,0,0,0,7425
0x8fa48e,100%,0,60,60,0,0,0,60
0x166bd37,100%,0,57,57,0,0,0,57
0xf32b5b,100%,0,5,5,0,0,0,5
0x939437,100%,0,59,59,0,0,0,59
0x508836,100%,0,8100,8100,0,0,0,8100
0x140e2cb,100%,0,83,83,0,0,0,83
0x1516fad,100%,0,1,1,0,0,0,1
0xf32b24,100%,0,5,5,0,0,0,5
0xdea6de,100%,0,18,18,18,0,0,0
0x507186,100%,0,5,5,0,0,0,5
0xf32b14,100%,0,5,5,0,0,0,5
0x4f89a8,100%,0,5,5,0,0,0,5
0x8e6d07,100%,0,25,25,25,0,0,0
0x506f85,100%,0,135,135,0,0,0,135
0x93869c,100%,0,1,1,0,0,0,1
0xf31054,100%,0,300,300,0,0,0,300
0x507a59,100%,0,5,5,0,0,0,5
0x50119f,100%,0,5,5,0,0,0,5
0x8e85b1,100%,0,2,2,0,0,0,2
0x5011a9,100%,0,5,5,0,0,0,5
0x8e02e1,100%,0,166,166,0,0,0,166
0x5011e8,100%,0,5,5,0,0,0,5
0x501217,100%,0,5,5,0,0,0,5
0x151642f,100%,0,1,1,0,0,0,1
0x92f973,100%,0,1620,1620,0,0,0,1620
0x506c76,100%,0,135,135,0,0,0,135
0x140c0b8,100%,0,58,58,0,0,0,58
0x4f8984,100%,0,5,5,0,0,0,5
0x166ac2b,100%,0,8,8,0,0,0,8
0x5074b9,100%,0,295,295,0,0,0,295
0x140b089,100%,0,1,1,1,0,0,0
0x15170df,100%,0,1,1,0,0,0,1
0xf332a9,100%,0,5,5,0,0,0,5
0x140e1a3,100%,0,2241,2241,0,0,0,2241
0x9394b8,100%,0,59,59,0,0,0,59
0x507058,100%,0,135,135,0,0,0,135
0x507806,100%,0,7830,7830,0,0,0,7830
0x930dde,100%,0,8235,8235,0,0,0,8235
0x8fa517,100%,0,1620,1620,0,0,0,1620
0x4f972f,100%,0,300,300,0,0,0,300
0x1404806,100%,0,1,1,0,0,0,1
0x5083e9,100%,0,300,300,0,0,0,300
0x90cdb8,100%,0,60,60,0,0,0,60
0x51bebb,100%,0,1,1,0,0,0,1
0x50859e,100%,0,300,300,0,0,0,300
0x5085ad,100%,0,300,300,0,0,0,300
0x90ce9b,100%,0,60,60,0,0,0,60
0x5086b3,100%,0,300,300,0,0,0,300
0x8e8551,100%,0,25,25,0,0,0,25
0x4f8829,100%,0,5,5,0,0,0,5
0x508369,100%,0,300,300,0,0,0,300
0x1403766,100%,0,2,2,0,0,0,2
0xdead5e,100%,0,9,9,0,0,0,9
0x9387bf,100%,0,60,60,0,0,0,60
0x16262a8,100%,0,118260,118260,0,0,0,118260
0x51c3fa,100%,0,42,42,0,0,0,42
0x93879d,100%,0,60,60,0,0,0,60
0x9386b1,100%,0,1,1,0,0,0,1
0x14125cf,100%,0,1,1,0,0,0,1
0x50880d,100%,0,300,300,0,0,0,300
0x508874,100%,0,8100,8100,0,0,0,8100
0x936b95,100%,0,1680,1680,0,0,0,1680
0x166a3e8,100%,0,23,23,23,0,0,0
0x507172,100%,0,5,5,0,0,0,5
0x8fa56c,100%,0,1620,1620,0,0,0,1620
0x4f9a19,100%,0,8100,8100,0,0,0,8100
0x4f99eb,100%,0,8100,8100,0,0,0,8100
0x151767b,100%,0,1,1,0,0,0,1
0x5081dd,100%,0,300,300,0,0,0,300
0x4f99d9,100%,0,300,300,0,0,0,300
0x1517684,100%,0,1,1,0,0,0,1
0x4f98f2,100%,0,300,300,0,0,0,300
0x140e330,100%,0,249,249,166,0,0,83
0x932dcf,100%,0,1620,1620,0,0,0,1620
0x90cdd7,100%,0,60,60,0,0,0,60
0x8df08c,100%,0,4,4,0,0,0,4
0x92dfa6,100%,0,1,1,0,0,0,1
0x4f9748,100%,0,7200,7200,0,0,0,7200
0x1508fc8,100%,0,1,1,1,0,0,0
0x1507996,100%,0,2,2,2,0,0,0
0x9302e1,100%,0,1,1,0,0,0,1
0x50835a,100%,0,300,300,0,0,0,300
0x8df708,100%,0,2,2,0,0,0,2
0x15d65b7,100%,0,487,487,0,0,0,487
0x931f6e,100%,0,1,1,0,0,0,1
0x92fe8e,100%,0,1,1,0,0,0,1
0x931358,100%,0,7800,7800,0,0,0,7800
0xf30d96,100%,0,8100,8100,0,0,0,8100
0xf30d53,100%,0,8100,8100,0,0,0,8100
0x8dfc48,100%,0,2,2,0,0,0,2
0x931457,100%,0,1560,1560,0,0,0,1560
0xf30cf8,100%,0,8100,8100,0,0,0,8100
0x140f467,100%,0,2246,2246,0,0,0,2246
0x1509b6b,100%,0,1,1,0,0,0,1
0x506e1a,100%,0,5,5,0,0,0,5
0xf30e31,100%,0,5,5,0,0,0,5
0x1509e0a,100%,0,1,1,0,0,0,1
0xf30cd1,100%,0,8100,8100,0,0,0,8100
0x1509e13,100%,0,1,1,0,0,0,1
0x939744,100%,0,1,1,0,0,0,1
0x936ab9,100%,0,60,60,0,0,0,60
0xf30b19,100%,0,7830,7830,0,0,0,7830
0x1513a13,100%,0,1,1,1,0,0,0
0x140ad53,100%,0,2,2,0,0,0,2
0x151761b,100%,0,1,1,0,0,0,1
0x150a908,100%,0,1,1,0,0,0,1
0x1668884,100%,0,57,57,0,0,0,57
0x8df6e2,100%,0,2,2,0,0,0,2
0x150eb3c,100%,0,5,5,0,0,0,5
0x939561,100%,0,1,1,0,0,0,1
0x1412119,100%,0,1620,1620,0,0,0,1620
0x150eb2e,100%,0,5,5,0,0,0,5
0x15086d2,100%,0,1,1,0,0,0,1
0x1668d54,100%,0,5,5,5,0,0,0
0xf31387,100%,0,8100,8100,0,0,0,8100
0x16689b2,100%,0,5,5,5,0,0,0
0xf3129e,100%,0,8100,8100,0,0,0,8100
0x1513a78,100%,0,1,1,0,0,0,1
0x141267b,100%,0,60,60,0,0,0,60
0xf31270,100%,0,8100,8100,0,0,0,8100
0x14083c4,100%,0,116,116,0,0,0,116
0x8e00d6,100%,0,8,8,0,0,0,8
0xf3114a,100%,0,300,300,0,0,0,300
0xf310bd,100%,0,300,300,0,0,0,300
0x936b2a,100%,0,1680,1680,0,0,0,1680
0x14098c8,100%,0,116,116,0,0,0,116
0x140618b,100%,0,116,116,0,0,0,116
0x8dec6f,100%,0,4,4,0,0,0,4
0x1668733,100%,0,57,57,0,0,0,57
0xf319d3,100%,0,5,5,0,0,0,5
0x508203,100%,0,8100,8100,0,0,0,8100
0xf3131b,100%,0,8100,8100,0,0,0,8100
0x1403822,100%,0,54,54,0,0,0,54
0x166a27a,100%,0,8,8,0,0,0,8
0x166a29a,100%,0,8,8,0,0,0,8
0x9395a4,100%,0,1,1,0,0,0,1
0x8e73ff,100%,0,2,2,0,0,0,2
0x166a2d0,100%,0,8,8,0,0,0,8
0x14069b6,100%,0,3016,3016,0,0,0,3016
0x166acbf,100%,0,8,8,0,0,0,8
0x150d4d4,100%,0,5,5,0,0,0,5
0x931342,100%,0,1560,1560,0,0,0,1560
0x166acce,100%,0,8,8,0,0,0,8
0x166acd9,100%,0,8,8,0,0,0,8
0x8e07f3,100%,0,166,166,0,0,0,166
0x140f4b6,100%,0,6738,6738,4492,0,0,2246
0x1626639,100%,0,118260,118260,0,0,0,118260
0x507ae2,100%,0,5,5,0,0,0,5
0x4f7e67,100%,0,5,5,0,0,0,5
0x50115f,100%,0,5,5,0,0,0,5
0x939863,100%,0,1,1,0,0,0,1
0x150e6f1,100%,0,5,5,0,0,0,5
0x140b22a,100%,0,1,1,1,0,0,0
0xf30856,100%,0,5,5,0,0,0,5
0xf2febf,100%,0,5,5,0,0,0,5
0x140e9dd,100%,0,83,83,0,0,0,83
0xf2e884,100%,0,5,5,0,0,0,5
0x150b3c8,100%,0,1,1,0,0,0,1
0x93681e,100%,0,61,61,0,0,0,61
0xf2e834,100%,0,5,5,0,0,0,5
0x166a374,100%,0,5,5,5,0,0,0
0x529076,100%,0,27,27,0,0,0,27
0x936b49,100%,0,1680,1680,0,0,0,1680
0x150e6d7,100%,0,5,5,0,0,0,5
0x8e0224,100%,0,10,10,0,0,0,10
0x150be75,100%,0,1,1,0,0,0,1
0x92f9a3,100%,0,1620,1620,0,0,0,1620
0x1412716,100%,0,60,60,0,0,0,60
0x1513aad,100%,0,1,1,0,0,0,1
0x140f839,100%,0,2,2,0,0,0,2
0x8e6482,100%,0,23,23,23,0,0,0
0x150c914,100%,0,1,1,0,0,0,1
0x93070c,100%,0,8100,8100,0,0,0,8100
0x141215f,100%,0,1620,1620,0,0,0,1620
0x1406218,100%,0,116,116,0,0,0,116
0x14062d3,100%,0,3132,3132,0,0,0,3132
0x92e1b4,100%,0,1620,1620,0,0,0,1620
0x8e71e5,100%,0,25,25,25,0,0,0
0x14068c3,100%,0,3016,3016,0,0,0,3016
0x140691e,100%,0,3016,3016,0,0,0,3016
0xf31885,100%,0,5,5,0,0,0,5
0x1406bd2,100%,0,3132,3132,0,0,0,3132
0x8f693b,100%,0,56,56,0,0,0,56
0x14061bb,100%,0,116,116,0,0,0,116
0x1406d6e,100%,0,116,116,0,0,0,116
0x1407484,100%,0,3016,3016,0,0,0,3016
0x1407cc7,100%,0,116,116,0,0,0,116
0x15066c2,100%,0,2,2,0,0,0,2
0x140ad41,100%,0,2,2,0,0,0,2
0x8f7073,100%,0,56,56,0,0,0,56
0x1407f0f,100%,0,116,116,0,0,0,116
0x140a466,100%,0,116,116,0,0,0,116
0x50786c,100%,0,7830,7830,0,0,0,7830
0x166a1e6,100%,0,56,56,0,0,0,56
0x140f3b8,100%,0,83,83,0,0,0,83
0x8dfb5d,100%,0,2,2,0,0,0,2
0x92fe7c,100%,0,1,1,0,0,0,1
0x8e0891,100%,0,10,10,0,0,0,10
0x8e0667,100%,0,10,10,0,0,0,10
0xf318a8,100%,0,5,5,0,0,0,5
0x8dfb0e,100%,0,2,2,0,0,0,2
0x8e06b8,100%,0,10,10,0,0,0,10
0x8eae9f,100%,0,9,9,0,0,0,9
0x933373,100%,0,1,1,0,0,0,1
0x140628d,100%,0,116,116,0,0,0,116
0x1505d63,100%,0,2,2,0,0,0,2
0x1411947,100%,0,1620,1620,0,0,0,1620
0x14113a2,100%,0,1,1,0,0,0,1
0x8e7362,100%,0,25,25,0,0,0,25
0x8df834,100%,0,56,56,0,0,0,56
0x8e0692,100%,0,10,10,0,0,0,10
0x162664d,100%,0,118260,118260,0,0,0,118260
0x140c955,100%,0,1508,1508,0,0,0,1508
0x8f71af,100%,0,2,2,0,0,0,2
0x9302fe,100%,0,1,1,0,0,0,1
0x14048cb,100%,0,60,60,0,0,0,60
0x506cb2,100%,0,135,135,0,0,0,135
0x14047d0,100%,0,1,1,0,0,0,1
0x1402d7b,100%,0,1,1,0,0,0,1
0x1402e46,100%,0,61,61,0,0,0,61
0x8e79f4,100%,0,25,25,25,0,0,0
0x1403a68,100%,0,120,120,0,0,0,120
0x1402e97,100%,0,1708,1708,0,0,0,1708
0x14032fd,100%,0,3240,3240,0,0,0,3240
0x15d7f83,100%,0,487,487,0,0,0,487
0x1403496,100%,0,2,2,0,0,0,2
0x14120ae,100%,0,1620,1620,0,0,0,1620
0x8e858e,100%,0,25,25,0,0,0,25
0x14037d7,100%,0,54,54,0,0,0,54
0x8e927e,100%,0,9,9,9,0,0,0
0x14087f8,100%,0,2,2,0,0,0,2
0x1407c0e,100%,0,116,116,0,0,0,116
0x1406a8f,100%,0,116,116,0,0,0,116
0x14081e3,100%,0,116,116,0,0,0,116
0x15d8001,100%,0,636,636,0,0,0,636
0x1403a23,100%,0,120,120,0,0,0,120
0x8e6499,100%,0,23,23,23,0,0,0
0x5077d6,100%,0,7830,7830,0,0,0,7830
0x1503fd5,100%,0,2,2,0,0,0,2
0x14087bb,100%,0,2,2,0,0,0,2
0x8e8563,100%,0,25,25,25,0,0,0
0x1409382,100%,0,3132,3132,0,0,0,3132
0x8f6545,100%,0,2,2,0,0,0,2
0x930d12,100%,0,1647,1647,0,0,0,1647
0x140cdf9,100%,0,1566,1566,1566,0,0,0
0x92f5ef,100%,0,60,60,0,0,0,60
0x1404ddc,100%,0,2,2,0,0,0,2
0x8dedae,100%,0,4,4,0,0,0,4
0x140b1d1,100%,0,1,1,1,0,0,0
0x8e0972,100%,0,10,10,0,0,0,10
0x936635,100%,0,1620,1620,0,0,0,1620
0xdeb112,100%,0,18,18,18,0,0,0
0x15d6552,100%,0,487,487,0,0,0,487
0x166c3bc,100%,0,57,57,57,0,0,0
0x140e9bf,100%,0,83,83,0,0,0,83
0x140cb77,100%,0,58,58,0,0,0,58
0x1669ca3,100%,0,17,17,0,0,0,17
0x5012b3,100%,0,5,5,0,0,0,5
0x8e09d3,100%,0,166,166,0,0,0,166
0x51c701,100%,0,1107,1107,0,0,0,1107
0x166873d,100%,0,57,57,0,0,0,57
0x8e871b,100%,0,54,54,0,0,0,54
0x1404747,100%,0,27,27,0,0,0,27
0x52967a,100%,0,1,1,0,0,0,1
0x8e05fa,100%,0,166,166,0,0,0,166
0x8e8354,100%,0,25,25,0,0,0,25
0x1668c7a,100%,0,57,57,0,0,0,57
0x8e011a,100%,0,10,10,0,0,0,10
0x140420f,100%,0,60,60,0,0,0,60
0x140b13d,100%,0,1,1,0,0,0,1
0x529f4f,100%,0,1,1,0,0,0,1
0x166883e,100%,0,57,57,57,0,0,0
0x140635b,100%,0,3132,3132,0,0,0,3132
0x166aea7,100%,0,23,23,0,0,0,23
0x8e7215,100%,0,25,25,0,0,0,25
0x1668729,100%,0,57,57,0,0,0,57
0x1404d8b,100%,0,2,2,0,0,0,2
0x1403866,100%,0,54,54,0,0,0,54
0xdea681,100%,0,9,9,9,0,0,0
0x15d653a,100%,0,487,487,0,0,0,487
0x1403646,100%,0,3240,3240,0,0,0,3240
0x1668c6e,100%,0,57,57,0,0,0,57
0xf308df,100%,0,300,300,0,0,0,300
0x140e0ec,100%,0,83,83,0,0,0,83
0xf31023,100%,0,300,300,0,0,0,300
0x150c91d,100%,0,1,1,0,0,0,1
0x8e013f,100%,0,10,10,0,0,0,10
0x140b16e,100%,0,1,1,0,0,0,1
0x93655e,100%,0,60,60,0,0,0,60
0x15d65ea,100%,0,487,487,0,0,0,487
0x501169,100%,0,5,5,0,0,0,5
0x140e6ce,100%,0,38097,38097,35856,0,0,2241
0x166a0a6,100%,0,36,36,36,0,0,0
0x523742,100%,0,1,1,0,0,0,1
0x8e85a7,100%,0,23,23,23,0,0,0
0x140e1ea,100%,0,15687,15687,13446,0,0,2241
0x1507cdb,100%,0,2,2,0,0,0,2
0x166ae91,100%,0,23,23,0,0,0,23
0x15d65ca,100%,0,487,487,0,0,0,487
0x1674495,100%,0,61051,61051,0,0,0,61051
0x140815a,100%,0,116,116,0,0,0,116
0x1408487,100%,0,3132,3132,0,0,0,3132
0x8e087c,100%,0,10,10,0,0,0,10
0x1408436,100%,0,3132,3132,0,0,0,3132
0x140afd7,100%,0,1,1,0,0,0,1
0x8e0338,100%,0,166,166,0,0,0,166
0x1517155,100%,0,1,1,0,0,0,1
0x1505752,100%,0,2,2,0,0,0,2
0xdead83,100%,0,9,9,9,0,0,0
0x4f91e8,100%,0,5,5,0,0,0,5
0x14118be,100%,0,60,60,0,0,0,60
0x1668c9a,100%,0,57,57,0,0,0,57
0x140f84b,100%,0,2,2,0,0,0,2
0x1411d44,100%,0,1680,1680,0,0,0,1680
0x1669cc9,100%,0,17,17,17,0,0,0
0x14f98f0,100%,0,1,1,0,0,0,1
0x14038ca,100%,0,2,2,0,0,0,2
0x1409316,100%,0,3132,3132,0,0,0,3132
0x9378a0,100%,0,59,59,0,0,0,59
0x140cab8,100%,0,1508,1508,1508,0,0,0
0x1409ad6,100%,0,3016,3016,0,0,0,3016
0x1668755,100%,0,57,57,57,0,0,0
0x1409c1b,100%,0,3132,3132,0,0,0,3132
0x166a2e7,100%,0,8,8,0,0,0,8
0x140c03c,100%,0,58,58,58,0,0,0
0x930058,100%,0,1620,1620,0,0,0,1620
0x930fcc,100%,0,1,1,0,0,0,1
0x9311ff,100%,0,60,60,0,0,0,60
0x93140e,100%,0,7800,7800,0,0,0,7800
0x931478,100%,0,1560,1560,0,0,0,1560
0x9314bf,100%,0,1560,1560,0,0,0,1560
0x931506,100%,0,1560,1560,0,0,0,1560
0x931c9a,100%,0,1,1,0,0,0,1
0x92ff28,100%,0,1,1,0,0,0,1
0x92fffe,100%,0,60,60,0,0,0,60
0x930ef1,100%,0,1647,1647,0,0,0,1647
0x523855,100%,0,1,1,0,0,0,1
0x9300cc,100%,0,1620,1620,0,0,0,1620
0x93011b,100%,0,1620,1620,0,0,0,1620
0x92ce9a,100%,0,1,1,0,0,0,1
0x92cff9,100%,0,1620,1620,0,0,0,1620
0x14fa0b4,100%,0,1,1,1,0,0,0
0x14fa0ee,100%,0,1,1,1,0,0,0
0x529536,100%,0,27,27,0,0,0,27
0x8e9f57,100%,0,10,10,10,0,0,0
0x8e9be0,100%,0,10,10,10,0,0,0
0x140b109,100%,0,1,1,0,0,0,1
0x8e9c0c,100%,0,10,10,0,0,0,10
0x8e9c4b,100%,0,10,10,0,0,0,10
0x8e9d03,100%,0,10,10,0,0,0,10
0x8e9d11,100%,0,10,10,10,0,0,0
0x1668f14,100%,0,18,18,0,0,0,18
0x9313bd,100%,0,7800,7800,0,0,0,7800
0x8e9d41,100%,0,10,10,0,0,0,10
0x14fa346,100%,0,1,1,1,0,0,0
0x8ea202,100%,0,10,10,10,0,0,0
0x8ea750,100%,0,10,10,10,0,0,0
0x8eada6,100%,0,10,10,10,0,0,0
0x8eade0,100%,0,9,9,9,0,0,0
0xb54f60,100%,0,1,1,1,0,0,0
0x930e2e,100%,0,1647,1647,0,0,0,1647
0x930e52,100%,0,1647,1647,0,0,0,1647
0x930e9a,100%,0,1647,1647,0,0,0,1647
0x52abb1,100%,0,60,60,0,0,0,60
0x529326,100%,0,27,27,0,0,0,27
0x52a58a,100%,0,60,60,0,0,0,60
0x52a724,100%,0,60,60,0,0,0,60
0x52a767,100%,0,1620,1620,0,0,0,1620
0x52a7b7,100%,0,60,60,0,0,0,60
0x52a90b,100%,0,60,60,0,0,0,60
0x52a937,100%,0,60,60,0,0,0,60
0x52a9c9,100%,0,1620,1620,0,0,0,1620
0x52aa2f,100%,0,60,60,0,0,0,60
0x52929b,100%,0,1,1,0,0,0,1
0x52abd1,100%,0,1620,1620,0,0,0,1620
0x52ac04,100%,0,1620,1620,0,0,0,1620
0x51b3b8,100%,0,1,1,0,0,0,1
0x51b40e,100%,0,1,1,0,0,0,1
0x51c407,100%,0,999,999,0,0,0,999
0x51c5a7,100%,0,41,41,0,0,0,41
0x51c6e1,100%,0,41,41,0,0,0,41
0x51c73b,100%,0,1107,1107,0,0,0,1107
0x523782,100%,0,1,1,0,0,0,1
0x14fa376,100%,0,1,1,1,0,0,0
0x5296e6,100%,0,27,27,0,0,0,27
0x14fa4c5,100%,0,1,1,0,0,0,1
0x8e9d92,100%,0,1,1,0,0,0,1
0x14fafb4,100%,0,1,1,1,0,0,0
0x14fb27b,100%,0,1,1,0,0,0,1
0x14fbdd4,100%,0,1,1,0,0,0,1
0x901ae2,100%,0,2,2,0,0,0,2
0x523753,100%,0,1,1,0,0,0,1
0x8e9502,100%,0,10,10,10,0,0,0
0x5237cf,100%,0,1,1,0,0,0,1
0x5238fb,100%,0,1,1,0,0,0,1
0x528fe1,100%,0,1,1,0,0,0,1
0x5290c8,100%,0,27,27,0,0,0,27
0x529bd4,100%,0,58,58,0,0,0,58
0x529c76,100%,0,1566,1566,0,0,0,1566
0x529cac,100%,0,1566,1566,0,0,0,1566
0x528e26,100%,0,1485,1485,0,0,0,1485
0x140e34b,100%,0,83,83,0,0,0,83
0x140b14f,100%,0,1,1,1,0,0,0
0x1508692,100%,0,2,2,0,0,0,2
0x140eafe,100%,0,5893,5893,5810,0,0,83
0x8f6ca0,100%,0,56,56,0,0,0,56
0x8f6cd6,100%,0,56,56,0,0,0,56
0x8f6dff,100%,0,56,56,0,0,0,56
0x8f6fd8,100%,0,2,2,0,0,0,2
0x1669d03,100%,0,36,36,0,0,0,36
0x8f717a,100%,0,2,2,0,0,0,2
0x8f6a70,100%,0,2,2,0,0,0,2
0x8f719a,100%,0,2,2,0,0,0,2
0x14105b1,100%,0,2,2,0,0,0,2
0x16688aa,100%,0,57,57,57,0,0,0
0x8e682f,100%,0,25,25,25,0,0,0
0x140369a,100%,0,2,2,0,0,0,2
0x140ef2b,100%,0,36686,36686,34528,0,0,2158
0x8df6bb,100%,0,2,2,0,0,0,2
0x8e0861,100%,0,10,10,0,0,0,10
0x1506ff5,100%,0,2,2,0,0,0,2
0x8f67a3,100%,0,2,2,0,0,0,2
0x14039c7,100%,0,120,120,0,0,0,120
0x14039e4,100%,0,120,120,0,0,0,120
0x1403a7c,100%,0,120,120,0,0,0,120
0x8f7483,100%,0,2,2,0,0,0,2
0x1406ce5,100%,0,116,116,0,0,0,116
0x8f6870,100%,0,56,56,0,0,0,56
0x8e9bd6,100%,0,10,10,0,0,0,10
0x1412066,100%,0,60,60,0,0,0,60
0x8eadd2,100%,0,10,10,0,0,0,10
0x8f6630,100%,0,2,2,0,0,0,2
0x51b3e4,100%,0,1,1,0,0,0,1
0x8f6e7f,100%,0,2,2,0,0,0,2
0x166bd97,100%,0,57,57,0,0,0,57
0x8f69bf,100%,0,56,56,0,0,0,56
0x1411038,100%,0,3240,3240,0,0,0,3240
0x8fa4a4,100%,0,60,60,0,0,0,60
0x8f6a52,100%,0,2,2,0,0,0,2
0x140c32a,100%,0,28188,28188,26622,0,0,1566
0x8e71d7,100%,0,25,25,0,0,0,25
0x939925,100%,0,1,1,0,0,0,1
0x8e731b,100%,0,1702,1702,0,0,0,1702
0x8e7370,100%,0,25,25,25,0,0,0
0x150698a,100%,0,2,2,0,0,0,2
0x8e73a0,100%,0,25,25,0,0,0,25
0x8e7ea4,100%,0,25,25,25,0,0,0
0x8e835d,100%,0,25,25,0,0,0,25
0x8e850b,100%,0,683,683,0,0,0,683
0x507ab7,100%,0,5,5,0,0,0,5
0x8e855a,100%,0,25,25,0,0,0,25
0x8e8765,100%,0,23,23,0,0,0,23
0x8e922a,100%,0,10,10,10,0,0,0
0x8e9268,100%,0,9,9,9,0,0,0
0x8e92b1,100%,0,10,10,10,0,0,0
0x93868f,100%,0,1,1,0,0,0,1
0x150b3bf,100%,0,1,1,0,0,0,1
0x1669e29,100%,0,71,71,0,0,0,71
0x9330c0,100%,0,1620,1620,0,0,0,1620
0x936f7f,100%,0,1,1,0,0,0,1
0x8df7cf,100%,0,2,2,0,0,0,2
0x8df8da,100%,0,2,2,0,0,0,2
0x8dfca3,100%,0,56,56,0,0,0,56
0x150edbc,100%,0,5,5,0,0,0,5
0x8dfe79,100%,0,2,2,0,0,0,2
0x50120d,100%,0,5,5,0,0,0,5
0x8e83a6,100%,0,25,25,0,0,0,25
0x1411117,100%,0,3240,3240,0,0,0,3240
0x166c3a3,100%,0,57,57,0,0,0,57
0x8e88bb,100%,0,629,629,0,0,0,629
0x140ef5e,100%,0,2158,2158,0,0,0,2158
0x15078d0,100%,0,2,2,2,0,0,0
0x9305fb,100%,0,1620,1620,0,0,0,1620
0x8e64b6,100%,0,25,25,25,0,0,0
0x8e64ca,100%,0,25,25,25,0,0,0
0x8eaccc,100%,0,10,10,0,0,0,10
0x936939,100%,0,1647,1647,0,0,0,1647
0x8eac8c,100%,0,10,10,0,0,0,10
0x166a43c,100%,0,23,23,0,0,0,23
0x932fae,100%,0,1620,1620,0,0,0,1620
0x156b801,100%,0,34,34,0,0,0,34
0x166a3de,100%,0,23,23,23,0,0,0
0x166a3d4,100%,0,23,23,0,0,0,23
0x8f653c,100%,0,2,2,0,0,0,2
0x8f6d6c,100%,0,56,56,0,0,0,56
0x166a39b,100%,0,23,23,0,0,0,23
0x166bda0,100%,0,57,57,0,0,0,57
0x14107af,100%,0,120,120,0,0,0,120
0x1669efd,100%,0,18,18,0,0,0,18
0x8e73b4,100%,0,23,23,23,0,0,0
0x140a5da,100%,0,3016,3016,0,0,0,3016
0x1669f83,100%,0,18,18,0,0,0,18
0x92e304,100%,0,1620,1620,0,0,0,1620
0x166a3bf,100%,0,23,23,0,0,0,23
0xf30a75,100%,0,7830,7830,0,0,0,7830
0x93334f,100%,0,1,1,0,0,0,1
0x523793,100%,0,1,1,0,0,0,1
0x151715e,100%,0,1,1,0,0,0,1
0x1409b7f,100%,0,116,116,0,0,0,116
0x16689a5,100%,0,5,5,0,0,0,5
0x1669ea8,100%,0,6,6,0,0,0,6
0x8eacd5,100%,0,10,10,0,0,0,10
0x8e724d,100%,0,25,25,0,0,0,25
0x150a91c,100%,0,1,1,1,0,0,0
0x51a6d9,100%,0,1,1,0,0,0,1
0x1411e9a,100%,0,1,1,0,0,0,1
0x140ee0b,100%,0,83,83,0,0,0,83
0x9368f9,100%,0,1647,1647,0,0,0,1647
0x140923e,100%,0,116,116,0,0,0,116
0x1409278,100%,0,116,116,0,0,0,116
0x90cd5e,100%,0,60,60,0,0,0,60
0x1668953,100%,0,52,52,0,0,0,52
0x167441c,100%,0,61051,61051,61051,0,0,0
0x8f72bb,100%,0,2,2,0,0,0,2
0x4f9ac5,100%,0,8100,8100,0,0,0,8100
0x140b1b9,100%,0,1,1,0,0,0,1
0xf31896,100%,0,5,5,0,0,0,5
0x156b80f,100%,0,34,34,34,0,0,0
0x92dfb6,100%,0,1,1,0,0,0,1
0x8e03b7,100%,0,10,10,0,0,0,10
0x1403147,100%,0,120,120,0,0,0,120
0x140b212,100%,0,1,1,1,0,0,0
0x1668913,100%,0,30,30,0,0,0,30
0x166bd4b,100%,0,57,57,57,0,0,0
0x937cca,100%,0,1,1,0,0,0,1
0x140eb0b,100%,0,83,83,83,0,0,0
0x1504853,100%,0,2,2,0,0,0,2
0x8f6ea9,100%,0,2,2,0,0,0,2
0x92e0ff,100%,0,60,60,0,0,0,60
0xdea655,100%,0,9,9,9,0,0,0
0x936d27,100%,0,1,1,0,0,0,1
0x937884,100%,0,59,59,0,0,0,59
0x1404348,100%,0,1620,1620,0,0,0,1620
0x1504733,100%,0,2,2,0,0,0,2
0x8dfb37,100%,0,2,2,0,0,0,2
0x8f6bd3,100%,0,2,2,0,0,0,2
0x936d11,100%,0,1,1,0,0,0,1
0x140e227,100%,0,83,83,0,0,0,83
0x1406ade,100%,0,3132,3132,0,0,0,3132
0x166bda5,100%,0,57,57,0,0,0,57
0x93314d,100%,0,60,60,0,0,0,60
0x16263a0,100%,0,118260,118260,118260,0,0,0
0x166bd8b,100%,0,57,57,0,0,0,57
0x8e754b,100%,0,23,23,0,0,0,23
0x8f6a40,100%,0,2,2,0,0,0,2
0x4f9b61,100%,0,8100,8100,0,0,0,8100
0x140c543,100%,0,58,58,0,0,0,58
0x1403d4f,100%,0,1620,1620,0,0,0,1620
0x140ad69,100%,0,2,2,0,0,0,2
0x166bd73,100%,0,57,57,0,0,0,57
0x1409a84,100%,0,116,116,0,0,0,116
0x8f6ecf,100%,0,2,2,0,0,0,2
0x8e8366,100%,0,25,25,25,0,0,0
0x92d07c,100%,0,1620,1620,0,0,0,1620
0x1411059,100%,0,3240,3240,0,0,0,3240
0x140c35c,100%,0,1566,1566,1566,0,0,0
0x140a703,100%,0,116,116,0,0,0,116
0x1408168,100%,0,3132,3132,0,0,0,3132
0x140c182,100%,0,1566,1566,0,0,0,1566
0x140c141,100%,0,1566,1566,0,0,0,1566
0x140bf86,100%,0,58,58,0,0,0,58
0x140bf08,100%,0,1566,1566,1566,0,0,0
0x8e74db,100%,0,136,136,0,0,0,136
0x140c523,100%,0,58,58,0,0,0,58
0x140be55,100%,0,58,58,0,0,0,58
0x166a0e9,100%,0,5,5,5,0,0,0
0x140b294,100%,0,1,1,0,0,0,1
0x8dfd7e,100%,0,2,2,0,0,0,2
0x140c9a9,100%,0,1508,1508,0,0,0,1508
0x140b255,100%,0,1,1,1,0,0,0
0x140b1af,100%,0,1,1,0,0,0,1
0x140b189,100%,0,1,1,1,0,0,0
0x93670a,100%,0,1,1,0,0,0,1
0x1409f30,100%,0,3132,3132,0,0,0,3132
0x140d220,100%,0,1,1,0,0,0,1
0x151793b,100%,0,1,1,1,0,0,0
0x140d030,100%,0,28188,28188,26622,0,0,1566
0x140cfe7,100%,0,1566,1566,0,0,0,1566
0x140cfa6,100%,0,1566,1566,0,0,0,1566
0x140cf81,100%,0,58,58,0,0,0,58
0x8f68a2,100%,0,56,56,0,0,0,56
0x140cc8b,100%,0,1566,1566,0,0,0,1566
0x1409877,100%,0,116,116,0,0,0,116
0x150369a,100%,0,1,1,0,0,0,1
0x529f07,100%,0,1,1,0,0,0,1
0xf309e8,100%,0,5,5,0,0,0,5
0x140caa1,100%,0,27144,27144,25636,0,0,1508
0x140c8e8,100%,0,58,58,0,0,0,58
0x936889,100%,0,1647,1647,0,0,0,1647
0x140c64b,100%,0,58,58,58,0,0,0
0x140c63e,100%,0,4176,4176,4118,0,0,58
0x936bd9,100%,0,1680,1680,0,0,0,1680
0x14110c6,100%,0,3240,3240,0,0,0,3240
0x8dff7e,100%,0,2,2,0,0,0,2
0x15d65d0,100%,0,487,487,0,0,0,487
0x8eade9,100%,0,1,1,0,0,0,1
0x92d30a,100%,0,1,1,0,0,0,1
0x140b11a,100%,0,1,1,1,0,0,0
0x8ead9c,100%,0,10,10,0,0,0,10
0x1409ed2,100%,0,116,116,0,0,0,116
0x1412695,100%,0,60,60,0,0,0,60
0x140a58e,100%,0,3016,3016,0,0,0,3016
0x1410596,100%,0,2,2,0,0,0,2
0x9331c8,100%,0,1560,1560,0,0,0,1560
0x1411c19,100%,0,60,60,0,0,0,60
0x1409bcb,100%,0,3132,3132,0,0,0,3132
0x529666,100%,0,1,1,0,0,0,1
0x140cc31,100%,0,1566,1566,0,0,0,1566
0x8ead92,100%,0,10,10,0,0,0,10
0x1409b9e,100%,0,3132,3132,0,0,0,3132
0x1410822,100%,0,3240,3240,0,0,0,3240
0x140b178,100%,0,1,1,0,0,0,1
0x150be6c,100%,0,1,1,0,0,0,1
0x46f6f4,100%,0,1620,1620,0,0,0,1620
0x16688a0,100%,0,57,57,0,0,0,57
0x8df2e9,100%,0,4,4,0,0,0,4
0x1668867,100%,0,57,57,57,0,0,0
0x8e0a3d,100%,0,10,10,0,0,0,10
0xf318c1,100%,0,5,5,0,0,0,5
0x1668f06,100%,0,18,18,0,0,0,18
0x1409fb0,100%,0,3132,3132,0,0,0,3132
0x1408ac8,100%,0,2,2,0,0,0,2
0x8e761b,100%,0,1566,1566,0,0,0,1566
0x140be9c,100%,0,1566,1566,0,0,0,1566
0x1669eb1,100%,0,6,6,0,0,0,6
0x166c3b3,100%,0,57,57,0,0,0,57
0x939512,100%,0,59,59,0,0,0,59
0x9307fb,100%,0,1620,1620,0,0,0,1620
0x140a660,100%,0,3016,3016,0,0,0,3016
0x931379,100%,0,7800,7800,0,0,0,7800
0x8f7363,100%,0,56,56,0,0,0,56
0x938687,100%,0,1,1,0,0,0,1
0x140ee31,100%,0,2158,2158,0,0,0,2158
0x8e02bb,100%,0,166,166,0,0,0,166
0x8eaca0,100%,0,10,10,10,0,0,0
0x140e4ab,100%,0,2241,2241,0,0,0,2241
0x8df644,100%,0,2,2,2,0,0,0
0x8e650c,100%,0,25,25,25,0,0,0
0x140f3d0,100%,0,2245,2245,0,0,0,2245
0x9392fc,100%,0,1,1,0,0,0,1
0x14087cd,100%,0,2,2,0,0,0,2
0x8e057b,100%,0,166,166,0,0,0,166
0x8dede2,100%,0,4,4,0,0,0,4
0x1410950,100%,0,3240,3240,0,0,0,3240
0x1668c87,100%,0,57,57,57,0,0,0
0x5011de,100%,0,5,5,0,0,0,5
0x140354f,100%,0,120,120,0,0,0,120
0x8dfed2,100%,0,56,56,0,0,0,56
0x140eea2,100%,0,2158,2158,0,0,0,2158
0x166bd23,100%,0,57,57,0,0,0,57
0x15d65dd,100%,0,487,487,0,0,0,487
0x140f451,100%,0,38170,38170,35924,0,0,2246
0x1669bda,100%,0,57,57,0,0,0,57
0x1402fae,100%,0,2,2,0,0,0,2
0x8e003f,100%,0,10,10,10,0,0,0
0x140a95c,100%,0,3132,3132,0,0,0,3132
0x166a3b5,100%,0,23,23,0,0,0,23
0x936de2,100%,0,60,60,0,0,0,60
0x8e7667,100%,0,25,25,25,0,0,0
0x1668832,100%,0,57,57,0,0,0,57
0x14045d6,100%,0,1,1,0,0,0,1
0x1669cdd,100%,0,57,57,0,0,0,57
0x140f864,100%,0,2,2,0,0,0,2
0x1668bb5,100%,0,57,57,0,0,0,57
0x5012e6,100%,0,5,5,0,0,0,5
0x14073e3,100%,0,3016,3016,0,0,0,3016
0x9390fd,100%,0,1,1,0,0,0,1
0x14087df,100%,0,2,2,0,0,0,2
0x166a459,100%,0,23,23,23,0,0,0
0x1403230,100%,0,3240,3240,0,0,0,3240
0x14038ac,100%,0,2,2,0,0,0,2
0x14037ba,100%,0,54,54,0,0,0,54
0x15052f5,100%,0,2,2,0,0,0,2
0x90ce2c,100%,0,60,60,0,0,0,60
0x1504290,100%,0,2,2,0,0,0,2
0x506d25,100%,0,135,135,0,0,0,135
0x1503d06,100%,0,2,2,2,0,0,0
0x8e88fb,100%,0,25,25,25,0,0,0
0x8f6656,100%,0,2,2,0,0,0,2
0x15d65bd,100%,0,487,487,0,0,0,487
0x166ac44,100%,0,8,8,0,0,0,8
0x1668f1b,100%,0,18,18,0,0,0,18
0x15d801a,100%,0,487,487,487,0,0,0
0x8e8391,100%,0,25,25,0,0,0,25
0x166bd5c,100%,0,57,57,0,0,0,57
0x1669e08,100%,0,67,67,0,0,0,67
0x93265a,100%,0,1,1,0,0,0,1
0x14107cb,100%,0,3240,3240,3240,0,0,0
0x140999a,100%,0,116,116,0,0,0,116
0x92d420,100%,0,1,1,0,0,0,1
0x93776c,100%,0,1,1,0,0,0,1
0x8e0676,100%,0,10,10,0,0,0,10
0x8e03d4,100%,0,10,10,0,0,0,10
0x930682,100%,0,8100,8100,0,0,0,8100
0x8dfa63,100%,0,56,56,0,0,0,56
0x1668892,100%,0,57,57,0,0,0,57
0x90cc88,100%,0,1,1,0,0,0,1
0x8e0050,100%,0,10,10,0,0,0,10
0x901b53,100%,0,122,122,0,0,0,122
0x140e35f,100%,0,83,83,0,0,0,83
0x1404cf3,100%,0,2,2,0,0,0,2
0x1406c4b,100%,0,3132,3132,0,0,0,3132
0x52a593,100%,0,1620,1620,0,0,0,1620
0x166c39a,100%,0,57,57,0,0,0,57
0x508631,100%,0,300,300,0,0,0,300
0x1668873,100%,0,57,57,0,0,0,57
0x140e13a,100%,0,2241,2241,0,0,0,2241
0x8e0795,100%,0,10,10,0,0,0,10
0x166885b,100%,0,57,57,0,0,0,57
0xf30a56,100%,0,7830,7830,0,0,0,7830
0x140e263,100%,0,83,83,0,0,0,83
0x140efaf,100%,0,6474,6474,4316,0,0,2158
0x1517174,100%,0,1,1,0,0,0,1
0x140e2bd,100%,0,1411,1411,1328,0,0,83
0x166aea0,100%,0,23,23,0,0,0,23
0x140c02e,100%,0,1044,1044,986,0,0,58
0x140be66,100%,0,1566,1566,0,0,0,1566
0x8e0048,100%,0,10,10,0,0,0,10
0x1669253,100%,0,57,57,57,0,0,0
0x8df2cb,100%,0,4,4,0,0,0,4
0xdeb0f5,100%,0,9,9,9,0,0,0
0x8dfd62,100%,0,2,2,0,0,0,2
0x140bef4,100%,0,14094,14094,12528,0,0,1566
0x150d495,100%,0,1,1,0,0,0,1
0x930d28,100%,0,8235,8235,0,0,0,8235
0x140d03b,100%,0,1566,1566,1566,0,0,0
0x1408505,100%,0,3132,3132,0,0,0,3132
0x1410a8d,100%,0,3240,3240,0,0,0,3240
0x140e4db,100%,0,2241,2241,0,0,0,2241
0x140afe1,100%,0,1,1,0,0,0,1
0x1669e36,100%,0,71,71,0,0,0,71
0x1409eee,100%,0,3132,3132,0,0,0,3132
0x1406aff,100%,0,3132,3132,3132,0,0,0
0x14038db,100%,0,2,2,0,0,0,2
0xb587a0,100%,0,1,1,1,0,0,0
0x8e9875,100%,0,10,10,10,0,0,0
0x1626279,100%,0,118260,118260,0,0,0,118260
0x937930,100%,0,59,59,0,0,0,59
0x93778e,100%,0,1,1,0,0,0,1
0x1407125,100%,0,116,116,0,0,0,116
0x9365e7,100%,0,1620,1620,0,0,0,1620
0x8e04e4,100%,0,10,10,0,0,0,10
0x140bfd8,100%,0,58,58,0,0,0,58
0x140a4c3,100%,0,116,116,0,0,0,116
0x8eaf54,100%,0,10,10,10,0,0,0
0x140e971,100%,0,6723,6723,4482,0,0,2241
0x140f00a,100%,0,83,83,0,0,0,83
0x529f6f,100%,0,1,1,0,0,0,1
0x140e37c,100%,0,83,83,0,0,0,83
0x140e10b,100%,0,2241,2241,0,0,0,2241
0x1507ab5,100%,0,2,2,0,0,0,2
0x1515c57,100%,0,1,1,0,0,0,1
0x14081fe,100%,0,3016,3016,0,0,0,3016
0x140f0e5,100%,0,2241,2241,0,0,0,2241
0x1668ba0,100%,0,57,57,57,0,0,0
0x140f09b,100%,0,2241,2241,0,0,0,2241
0x140e192,100%,0,17928,17928,15687,0,0,2241
0x140a8ee,100%,0,3132,3132,0,0,0,3132
0x140f400,100%,0,2245,2245,0,0,0,2245
0x14115bd,100%,0,1647,1647,0,0,0,1647
0x1503e86,100%,0,2,2,2,0,0,0
0x52a6f3,100%,0,60,60,0,0,0,60
0x1669cae,100%,0,17,17,0,0,0,17
0x8f6556,100%,0,2,2,0,0,0,2
0x1404451,100%,0,1,1,0,0,0,1
0x140f347,100%,0,6723,6723,4482,0,0,2241
0x8e9e3d,100%,0,9,9,0,0,0,9
0x140f203,100%,0,2241,2241,2241,0,0,0
0x508468,100%,0,300,300,0,0,0,300
0x140f1eb,100%,0,38097,38097,35856,0,0,2241
0x1403485,100%,0,2,2,0,0,0,2
0x1403ae8,100%,0,1,1,0,0,0,1
0x8e0062,100%,0,10,10,0,0,0,10
0x1668745,100%,0,57,57,0,0,0,57
0x8e03a5,100%,0,10,10,0,0,0,10
0x9369a6,100%,0,1,1,0,0,0,1
0x8eac96,100%,0,10,10,0,0,0,10
0x9368a8,100%,0,1647,1647,0,0,0,1647
0x939750,100%,0,1,1,0,0,0,1
0xdeadb0,100%,0,9,9,9,0,0,0
