Branch PC,Accuracy,Mispredictions,Correct Predictions,Total,dir_t_pred_t,dir_t_pred_nt,dir_nt_pred_t,dir_nt_pred_nt
aggregate,99.6949%,148229,48442723,48590952,12867019,58757,89472,35575704
0x638ed8,99.0175%,28283,2850248,2878531,2479078,10492,17791,371170
0x64d0d3,96.5931%,17660,500702,518362,260715,8154,9506,239987
0x64cc86,99.7626%,13173,5536213,5549386,5536167,169,13004,46
0x7b358e,88.4402%,11928,91257,103185,86980,1557,10371,4277
0x406ce1,85.0694%,9314,53068,62382,28536,1365,7949,24532
0x406c31,83.3129%,6525,32577,39102,27090,2186,4339,5487
0x64cc75,99.8857%,6350,5549316,5555666,5,6275,75,5549311
0x64d0f2,98.4264%,4231,264638,268869,8637,3615,616,256001
0x64cc9d,72.4326%,3632,9543,13175,30,3401,231,9513
0x64cca3,65.3633%,3375,6369,9744,2236,1206,2169,4133
0x406c06,97.2253%,2777,97305,100082,88677,878,1899,8628
0x7b3597,81.9975%,2637,12011,14648,6985,1095,1542,5026
0x406b67,79.2258%,2329,8882,11211,8585,425,1904,297
0x64cec8,74.6622%,2044,6023,8067,4182,814,1230,1841
0x638eec,99.5403%,1788,387173,388961,370557,280,1508,16616
0x7b1cd3,84.0565%,1694,8931,10625,457,1397,297,8474
0x7b347d,88.8039%,1640,13008,14648,6657,943,697,6351
0x638f7a,91.337%,1570,16553,18123,16550,68,1502,3
0x406c39,86.6827%,1493,9718,11211,22,1407,86,9696
0x7b321b,80.3081%,1483,6048,7531,5940,60,1423,108
0x7b320a,92.8498%,1460,18959,20419,11844,1044,416,7115
0x406c0b,87.8958%,1357,9854,11211,337,1048,309,9517
0x7b1ca1,89.1987%,1348,11132,12480,989,866,482,10143
0x638d03,92.586%,1291,16122,17413,16122,8,1283,0
0x638ecb,99.9553%,1287,2878526,2879813,0,1283,4,2878526
0x7b327b,84.0833%,955,5045,6000,703,786,169,4342
0x7b3806,90.4289%,761,7190,7951,843,651,110,6347
0x7b32e4,94.9982%,679,12896,13575,12799,76,603,97
0x7b303a,96.0005%,608,14594,15202,3107,263,345,11487
0x64a793,99.913%,541,621510,622051,52575,458,83,568935
0x7b1d08,95.7452%,531,11949,12480,2031,260,271,9918
0x7b31b5,98.2365%,523,29134,29657,7828,374,149,21306
0x406d92,96.6746%,478,13896,14374,13893,16,462,3
0x7b3251,70.4636%,446,1064,1510,424,276,170,640
0x7b377e,94.4595%,408,6956,7364,6938,42,366,18
0x7b3496,94.4665%,390,6658,7048,6167,143,247,491
0x7b3610,94.0614%,348,5512,5860,4852,156,192,660
0x7b3236,88.6093%,344,2676,3020,1871,138,206,805
0x64e273,96.8762%,334,10358,10692,10358,0,334,0
0x64a748,99.7709%,326,141940,142266,36683,128,198,105257
0x7b3774,96.1634%,310,7770,8080,504,212,98,7266
0x678c33,99.905%,264,277488,277752,37283,147,117,240205
0x7b2fc5,98.8649%,260,22645,22905,10427,141,119,12218
0x7b1af5,99.2851%,253,35138,35391,12377,103,150,22761
0x7b32e6,64.7143%,247,453,700,315,113,134,138
0x4ab909,98.3009%,222,12844,13066,12728,38,184,116
0x7b13d8,99.6404%,211,58469,58680,7522,135,76,50947
0x406b91,98.1536%,207,11004,11211,547,137,70,10457
0x7b1b7f,99.2318%,176,22735,22911,12962,97,79,9773
0x7b337d,83.0875%,172,845,1017,7,153,19,838
0x4a76b9,98.7476%,161,12694,12855,12694,10,151,0
0x7b37f9,98.0254%,157,7794,7951,5691,45,112,2103
0x5ea1d4,91.6174%,156,1705,1861,1674,28,128,31
0x66db99,94.5435%,153,2651,2804,1699,91,62,952
0x64ccea,99.2291%,150,19308,19458,6687,86,64,12621
0x7b361a,84.507%,132,720,852,713,17,115,7
0x66dbb9,96.0498%,130,3161,3291,2215,62,68,946
0x7b1490,98.8073%,126,10438,10564,10382,49,77,56
0x7b2fa5,99.6288%,124,33283,33407,10447,55,69,22836
0x7b3354,90.1554%,114,1044,1158,37,104,10,1007
0x406b4d,99.6727%,111,33799,33910,22655,44,67,11144
0x7b151b,99.8245%,103,58577,58680,52794,18,85,5783
0x649a4c,99.4235%,102,17592,17694,1241,53,49,16351
0x5a1401,99.877%,100,81186,81286,28979,44,56,52207
0x4996c7,99.7369%,98,37144,37242,19626,37,61,17518
0x64ced9,96.8414%,97,2974,3071,2598,40,57,376
0x498413,99.903%,95,97860,97955,46928,55,40,50932
0x7b1469,99.1102%,94,10470,10564,7606,51,43,2864
0x7b363a,57.6531%,83,113,196,23,51,32,90
0x7d2236,98.7092%,81,6194,6275,5798,58,23,396
0x64ccb7,99.2406%,74,9670,9744,2855,45,29,6815
0x64cbce,99.582%,73,17392,17465,10658,34,39,6734
0x617d49,85.9073%,73,445,518,329,24,49,116
0x64a777,99.8645%,72,53064,53136,60,43,29,53004
0x649a90,99.561%,72,16328,16400,10697,24,48,5631
0x64cd2f,99.6403%,70,19388,19458,13634,29,41,5754
0x64cc51,99.6505%,68,19391,19459,65,60,8,19326
0x7b329d,98.5147%,67,4444,4511,479,20,47,3965
0x66dbd4,93.4911%,66,948,1014,485,29,37,463
0x4ab7f9,87.2832%,66,453,519,176,42,24,277
0x64cf6f,84.7575%,66,367,433,365,7,59,2
0x678c13,99.9763%,65,273621,273686,35311,46,19,238310
0x4602f1,88.5455%,63,487,550,164,38,25,323
0x7b3020,99.701%,63,21007,21070,5840,28,35,15167
0x538db4,79.798%,60,237,297,229,16,44,8
0x64a0b9,87.6543%,60,426,486,279,26,34,147
0x678c38,99.9759%,58,240264,240322,54265,35,23,185999
0x7b3446,99.3294%,55,8147,8202,5842,18,37,2305
0x4dbff5,86.0104%,54,332,386,216,22,32,116
0x64cebb,99.7441%,52,20267,20319,12228,24,28,8039
0x7b3788,99.3688%,51,8029,8080,7931,20,31,98
0x54afc8,77.1429%,48,162,210,48,31,17,114
0x66dbe3,90.4%,48,452,500,314,29,19,138
0x45bdbf,67.5676%,48,100,148,67,29,19,33
0x4a7249,89.6476%,47,407,454,262,27,20,145
0x7b34af,93.9024%,45,693,738,624,10,35,69
0x4a6fd9,73.3333%,44,121,165,102,10,34,19
0x4a76ad,99.6975%,39,12852,12891,5,31,8,12847
0x7b1cdc,99.5668%,38,8733,8771,0,38,0,8733
0x649ecd,99.8008%,37,18538,18575,11796,24,13,6742
0x5a12f2,99.9364%,37,58121,58158,46479,17,20,11642
0x7b31e7,99.8322%,36,21419,21455,17708,16,20,3711
0x498459,99.9313%,35,50937,50972,23456,11,24,27481
0x45f97f,93.7385%,34,509,543,365,7,27,144
0x4ab8e0,99.7398%,34,13032,13066,13032,5,29,0
0x4602e9,96.3293%,33,866,899,328,21,12,538
0x499719,99.8194%,32,17686,17718,0,30,2,17686
0x7b14c3,76.6917%,31,102,133,21,19,12,81
0x4069e7,99.922%,31,39736,39767,33901,9,22,5835
0x674e57,99.1649%,31,3681,3712,3681,2,29,0
0x5ea774,81.1321%,30,129,159,4,24,6,125
0x7b31ec,99.1959%,30,3701,3731,3276,10,20,425
0x5d0c0a,99.798%,30,14818,14848,14818,1,29,0
0x7b143d,99.7255%,29,10535,10564,10460,11,18,75
0x7b17e1,50.8475%,29,30,59,5,14,15,25
0x7b14cc,68.8172%,29,64,93,47,12,17,17
0x460287,97.1624%,29,993,1022,277,18,11,716
0x7b3347,99.1479%,28,3258,3286,2119,9,19,1139
0x7b364e,61.7647%,26,42,68,30,13,13,12
0x45f909,97.3251%,26,946,972,946,2,24,0
0x678c20,99.9895%,25,238304,238329,52291,16,9,186013
0x4a7270,94.4934%,25,429,454,274,15,10,155
0x4a7508,55.5556%,24,30,54,20,18,6,10
0x415788,77.0833%,22,74,96,73,7,15,1
0x5ea1b3,98.8178%,22,1839,1861,1666,7,15,173
0x4ad6cc,93.4328%,22,313,335,109,15,7,204
0x49852d,99.8416%,22,13864,13886,7054,8,14,6810
0x7b3645,81.9672%,22,100,122,51,3,19,49
0x4157c8,77.0833%,22,74,96,72,8,14,2
0x4157a8,90.9483%,21,211,232,207,9,12,4
0x547d3a,90.9483%,21,211,232,211,5,16,0
0x4069f0,99.6415%,21,5836,5857,470,10,11,5366
0x4a80b9,90.9483%,21,211,232,211,5,16,0
0x5a15e5,99.7083%,20,6836,6856,13,19,1,6823
0x5ec71d,68.3333%,19,41,60,26,10,9,15
0x4a71f3,83.0357%,19,93,112,18,16,3,75
0x7b31fd,99.907%,19,20419,20438,0,19,0,20419
0x7b1c4a,99.8478%,19,12461,12480,12461,1,18,0
0x48c463,62%,19,31,50,16,14,5,15
0x649a20,99.9193%,19,23532,23551,17691,3,16,5841
0x5d8eff,61.7021%,18,29,47,11,14,4,18
0x5ec0af,90.9574%,17,171,188,167,1,16,4
0x406d73,96.4583%,17,463,480,0,15,2,463
0x4a71fe,78.2051%,17,61,78,51,3,14,10
0x4a77f5,55.5556%,16,20,36,7,10,6,13
0x4ab8a3,95.2522%,16,321,337,25,12,4,296
0x4b5a08,99.862%,16,11579,11595,0,9,7,11579
0x4a7069,90.303%,16,149,165,144,5,11,5
0x45b74f,85.1852%,16,92,108,20,10,6,72
0x48942a,99.7417%,15,5792,5807,1,11,4,5791
0x45b761,80.7692%,15,63,78,44,10,5,19
0x5a0b83,99.8709%,15,11607,11622,5790,5,10,5817
0x4a8079,84.375%,15,81,96,75,5,10,6
0x4a73b7,90.9639%,15,151,166,40,14,1,111
0x4b59b0,99.8793%,14,11581,11595,5793,4,10,5788
0x46167b,50%,14,14,28,5,4,10,9
0x492791,60%,14,21,35,20,10,4,1
0x499e34,94.3089%,14,232,246,103,7,7,129
0x45bd4c,90.5405%,14,134,148,95,5,9,39
0x490aa2,35%,13,7,20,0,5,8,7
0x54ab39,18.75%,13,3,16,3,13,0,0
0x66dd29,67.5%,13,27,40,24,8,5,3
0x4a740d,68.2927%,13,28,41,28,13,0,0
0x4a7d4a,45.8333%,13,11,24,11,13,0,0
0x48ea16,92.7273%,12,153,165,153,4,8,0
0x5f7ba8,95.2941%,12,243,255,243,12,0,0
0x7b14de,99.8864%,12,10552,10564,11,8,4,10541
0x7b1920,36.8421%,12,7,19,0,0,12,7
0x4ac69d,66.6667%,12,24,36,24,12,0,0
0x406d07,97.7083%,11,469,480,469,11,0,0
0x60ccf2,8.33333%,11,1,12,0,0,11,1
0x415c5a,94.0541%,11,174,185,167,2,9,7
0x550b32,99.9054%,11,11611,11622,5817,10,1,5794
0x66db68,98.9237%,11,1011,1022,0,8,3,1011
0x5f7b79,95.6863%,11,244,255,244,3,8,0
0x7b35c4,42.1053%,11,8,19,0,0,11,8
0x68417b,8.33333%,11,1,12,0,0,11,1
0x7b30a3,99.8125%,11,5857,5868,5707,2,9,150
0x4927ee,68.5714%,11,24,35,22,8,3,2
0x64d0b2,99.9133%,11,12674,12685,424,9,2,12250
0x5ea649,93.7143%,11,164,175,158,1,10,6
0x4984f1,99.9075%,11,11880,11891,6055,9,2,5825
0x490ab4,26.6667%,11,4,15,0,10,1,4
0x64d04f,97.6905%,10,423,433,423,10,0,0
0x549929,44.4444%,10,8,18,7,7,3,1
0x4a96ea,16.6667%,10,2,12,2,10,0,0
0x5486b1,99.914%,10,11612,11622,5794,1,9,5818
0x494864,0%,10,0,10,0,10,0,0
0x490d4c,33.3333%,10,5,15,5,5,5,0
0x5f7c01,37.5%,10,6,16,2,6,4,4
0x45c7b6,82%,9,41,50,41,9,0,0
0x45f929,95.3125%,9,183,192,165,3,6,18
0x5e995e,83.6364%,9,46,55,45,7,2,1
0x64cf0b,97.9215%,9,424,433,0,0,9,424
0x60caa7,25%,9,3,12,3,9,0,0
0x5d9185,87.8378%,9,65,74,47,5,4,18
0x490953,40%,9,6,15,6,4,5,0
0x4a85b0,95.3125%,9,183,192,183,1,8,0
0x490941,55%,9,11,20,2,3,6,9
0x5a0991,99.9561%,9,20499,20508,13612,3,6,6887
0x7b369b,92.623%,9,113,122,0,9,0,113
0x54958d,25%,9,3,12,3,9,0,0
0x7bd972,96.1207%,9,223,232,200,3,6,23
0x490ad3,40%,9,6,15,6,4,5,0
0x48c6d1,88.6076%,9,70,79,69,3,6,1
0x66dd14,50%,8,8,16,0,8,0,8
0x4991d9,92.7928%,8,103,111,46,6,2,57
0x45c8cf,85.1852%,8,46,54,2,2,6,44
0x683fb3,33.3333%,8,4,12,4,8,0,0
0x7b3691,93.4426%,8,114,122,96,1,7,18
0x45c756,69.2308%,8,18,26,0,0,8,18
0x4a7d8b,66.6667%,8,16,24,8,8,0,8
0x5ea1a0,99.5701%,8,1853,1861,1853,8,0,0
0x48857b,80%,8,32,40,0,0,8,32
0x48c5e4,89.8734%,8,71,79,71,8,0,0
0x45fa28,66.6667%,8,16,24,16,8,0,0
0x4aa06f,11.1111%,8,1,9,1,8,0,0
0x4a9667,33.3333%,8,4,12,4,8,0,0
0x486245,0%,8,0,8,0,8,0,0
0x45fa18,80%,8,32,40,17,7,1,15
0x48620e,0%,8,0,8,0,0,8,0
0x45c72d,70.3704%,8,19,27,18,8,0,1
0x66dd49,75%,8,24,32,24,0,8,0
0x4862dc,0%,8,0,8,0,8,0,0
0x63a0b7,11.1111%,8,1,9,1,8,0,0
0x4868d9,50%,8,8,16,0,8,0,8
0x549939,55.5556%,8,10,18,9,5,3,1
0x415d17,95.6757%,8,177,185,167,2,6,10
0x487956,82.9268%,7,34,41,10,6,1,24
0x487b4d,89.8551%,7,62,69,5,3,4,57
0x49b0fb,65%,7,13,20,13,7,0,0
0x487b9b,79.4118%,7,27,34,8,1,6,19
0x4a81a1,56.25%,7,9,16,4,4,3,5
0x499235,93.6937%,7,104,111,53,6,1,51
0x48e9e1,95.7831%,7,159,166,0,0,7,159
0x60c11c,41.6667%,7,5,12,3,0,7,2
0x5ea620,96%,7,168,175,168,7,0,0
0x535a09,93.6937%,7,104,111,104,7,0,0
0x487921,86.5385%,7,45,52,25,2,5,20
0x4a75c5,95.8824%,7,163,170,0,5,2,163
0x5ea758,56.25%,7,9,16,4,7,0,5
0x5ec0c3,65%,7,13,20,13,7,0,0
0x4927c7,80%,7,28,35,28,7,0,0
0x4b5db5,56.25%,7,9,16,9,7,0,0
0x54bf93,41.6667%,7,5,12,5,7,0,0
0x45c71f,88.4615%,6,46,52,24,1,5,22
0x4a81d4,62.5%,6,10,16,10,6,0,0
0x63a3d9,33.3333%,6,3,9,3,6,0,0
0x5eade0,25%,6,2,8,0,0,6,2
0x5a0ff5,99.9885%,6,52333,52339,52319,0,6,14
0x5a0d2c,99.897%,6,5821,5827,5821,6,0,0
0x60c223,50%,6,6,12,6,6,0,0
0x5ec7ad,99.6614%,6,1766,1772,913,2,4,853
0x5d8f59,75%,6,18,24,18,6,0,0
0x490a36,60%,6,9,15,5,5,1,4
0x494813,71.4286%,6,15,21,14,0,6,1
0x617aa0,98.8417%,6,512,518,512,6,0,0
0x490923,40%,6,4,10,4,6,0,0
0x66f6d3,96.3636%,6,159,165,159,6,0,0
0x5e4445,99.8979%,6,5869,5875,0,0,6,5869
0x49b3d7,50%,6,6,12,0,0,6,6
0x5ea4b1,25%,6,2,8,0,0,6,2
0x4a74c5,96.3855%,6,160,166,35,6,0,125
0x676e00,85%,6,34,40,31,1,5,3
0x649a13,99.9745%,6,23545,23551,0,0,6,23545
0x49095e,60%,6,9,15,8,2,4,1
0x5d8f9c,75%,6,18,24,1,5,1,17
0x4ad764,91.5493%,6,65,71,65,6,0,0
0x618bb8,96.7914%,6,181,187,181,6,0,0
0x5e9bb1,89.0909%,6,49,55,49,6,0,0
0x499186,95.4955%,5,106,111,106,5,0,0
0x490b64,0%,5,0,5,0,0,5,0
0x48fc43,37.5%,5,3,8,0,5,0,3
0x5e47c9,37.5%,5,3,8,3,5,0,0
0x64a754,99.9953%,5,105450,105455,52319,0,5,53131
0x491850,0%,5,0,5,0,5,0,0
0x6180b1,68.75%,5,11,16,0,0,5,11
0x5ec163,97.3404%,5,183,188,179,1,4,4
0x490c54,0%,5,0,5,0,5,0,0
0x415880,68.75%,5,11,16,11,5,0,0
0x485fed,37.5%,5,3,8,3,5,0,0
0x64c321,44.4444%,5,4,9,4,5,0,0
0x499d9d,97.9675%,5,241,246,241,5,0,0
0x4a780b,97.0588%,5,165,170,165,5,0,0
0x618022,68.75%,5,11,16,11,5,0,0
0x54a4c8,91.5254%,5,54,59,54,5,0,0
0x460341,37.5%,5,3,8,1,2,3,2
0x48fc26,37.5%,5,3,8,0,0,5,3
0x4e8c0f,16.6667%,5,1,6,0,4,1,1
0x4a97ec,44.4444%,5,4,9,0,0,5,4
0x5ec357,94.5652%,5,87,92,55,4,1,32
0x48c7ea,93.6709%,5,74,79,70,1,4,4
0x4b5f82,37.5%,5,3,8,3,5,0,0
0x674260,82.7586%,5,24,29,24,5,0,0
0x676ebf,79.1667%,5,19,24,19,5,0,0
0x5ea6c8,68.75%,5,11,16,0,5,0,11
0x5a146b,99.9904%,5,52226,52231,52226,5,0,0
0x45f94b,79.1667%,5,19,24,0,0,5,19
0x60caf4,58.3333%,5,7,12,0,0,5,7
0x4a76d5,86.1111%,5,31,36,31,5,0,0
0x5eae44,68.75%,5,11,16,11,5,0,0
0x64a764,99.9953%,5,105450,105455,52316,3,2,53134
0x4f0d71,75%,5,15,20,15,5,0,0
0x5ea102,97.1429%,5,170,175,0,0,5,170
0x4909e2,66.6667%,5,10,15,10,5,0,0
0x5a15a3,99.9271%,5,6851,6856,0,0,5,6851
0x48c40f,50%,5,5,10,0,5,0,5
0x5e46c3,37.5%,5,3,8,3,5,0,0
0x645e38,84.375%,5,27,32,0,0,5,27
0x7b17c8,91.5254%,5,54,59,0,0,5,54
0x4a73d8,96%,5,120,125,112,0,5,8
0x426fb7,98.6034%,5,353,358,0,0,5,353
0x68d7c2,44.4444%,5,4,9,0,0,5,4
0x4168e1,68.75%,5,11,16,11,5,0,0
0x4a968d,58.3333%,5,7,12,7,5,0,0
0x618a47,96.988%,5,161,166,161,5,0,0
0x5eae5a,68.75%,5,11,16,7,1,4,4
0x5ec7d8,99.4166%,5,852,857,694,4,1,158
0x490836,0%,5,0,5,0,0,5,0
0x4a6f71,96.9697%,5,160,165,0,0,5,160
0x4908e7,66.6667%,5,10,15,9,1,4,1
0x4909ae,0%,5,0,5,0,0,5,0
0x490aab,66.6667%,5,10,15,0,5,0,10
0x48c482,80%,4,16,20,2,3,1,14
0x48797c,84%,4,21,25,14,2,2,7
0x4a71b3,97.5758%,4,161,165,161,4,0,0
0x486678,50%,4,4,8,0,0,4,4
0x535ba7,96.3964%,4,107,111,58,1,3,49
0x485fde,50%,4,4,8,0,0,4,4
0x5ea4f2,50%,4,4,8,4,4,0,0
0x6180c1,75%,4,12,16,12,4,0,0
0x495678,99.9656%,4,11638,11642,16,4,0,11622
0x5e4c41,50%,4,4,8,4,4,0,0
0x4ad774,94.3662%,4,67,71,67,4,0,0
0x676e48,50%,4,4,8,4,4,0,0
0x490a86,60%,4,6,10,6,4,0,0
0x4862b0,50%,4,4,8,0,0,4,4
0x4e844a,50%,4,4,8,4,0,4,0
0x4e84a0,0%,4,0,4,0,4,0,0
0x46034e,0%,4,0,4,0,4,0,0
0x4e84b7,0%,4,0,4,0,2,2,0
0x4e8f36,0%,4,0,4,0,4,0,0
0x649e85,99.9785%,4,18571,18575,0,0,4,18571
0x487aed,94.2029%,4,65,69,65,4,0,0
0x4a75ae,97.6471%,4,166,170,166,4,0,0
0x7b14a7,96.9925%,4,129,133,0,0,4,129
0x63a432,55.5556%,4,5,9,5,4,0,0
0x4a97b3,66.6667%,4,8,12,0,3,1,8
0x60ce4a,66.6667%,4,8,12,8,4,0,0
0x4908ec,20%,4,1,5,1,4,0,0
0x4e9130,33.3333%,4,2,6,1,2,2,1
0x4607d6,50%,4,4,8,0,0,4,4
0x4946cd,42.8571%,4,3,7,3,4,0,0
0x49b04d,87.5%,4,28,32,8,4,0,20
0x60cad8,66.6667%,4,8,12,0,0,4,8
0x4a704a,97.5758%,4,161,165,161,4,0,0
0x649f4f,73.3333%,4,11,15,0,0,4,11
0x491817,20%,4,1,5,1,4,0,0
0x4a817d,75%,4,12,16,12,4,0,0
0x490a6b,60%,4,6,10,3,2,2,3
0x64cc6f,99.9999%,4,5555666,5555670,0,4,0,5555666
0x60c62b,66.6667%,4,8,12,0,0,4,8
0x4a97a9,66.6667%,4,8,12,0,0,4,8
0x4a6f79,97.5758%,4,161,165,161,4,0,0
0x63a1e3,55.5556%,4,5,9,5,4,0,0
0x48fae3,50%,4,4,8,0,0,4,4
0x4a83af,97.9167%,4,188,192,188,4,0,0
0x488856,50%,4,4,8,4,4,0,0
0x54f86c,99.9314%,4,5823,5827,5823,4,0,0
0x490cc6,20%,4,1,5,0,0,4,1
0x639f1f,55.5556%,4,5,9,0,0,4,5
0x48668a,50%,4,4,8,4,4,0,0
0x64c570,55.5556%,4,5,9,5,4,0,0
0x618c47,97.861%,4,183,187,183,4,0,0
0x4a769f,99.9767%,3,12888,12891,0,0,3,12888
0x48cabc,0%,3,0,3,0,0,3,0
0x649f15,80%,3,12,15,0,0,3,12
0x4ed04e,0%,3,0,3,0,2,1,0
0x4a9aef,66.6667%,3,6,9,6,3,0,0
0x7b1c81,83.3333%,3,15,18,0,2,1,15
0x60c90f,75%,3,9,12,0,0,3,9
0x406865,62.5%,3,5,8,5,3,0,0
0x460aab,0%,3,0,3,0,3,0,0
0x4ebee7,0%,3,0,3,0,0,3,0
0x4a726b,99.3392%,3,451,454,0,0,3,451
0x5ea155,98.1132%,3,156,159,0,0,3,156
0x5ea014,94.5455%,3,52,55,0,3,0,52
0x5361b8,94.2308%,3,49,52,49,3,0,0
0x4a7439,97.7941%,3,133,136,133,3,0,0
0x490913,40%,3,2,5,2,3,0,0
0x49090a,70%,3,7,10,2,3,0,5
0x4927bb,62.5%,3,5,8,0,3,0,5
0x4a9aff,66.6667%,3,6,9,0,0,3,6
0x4a97dd,66.6667%,3,6,9,0,0,3,6
0x68d8da,66.6667%,3,6,9,6,3,0,0
0x45c8ae,94.2308%,3,49,52,0,0,3,49
0x645bff,90.625%,3,29,32,29,3,0,0
0x5f7daf,98.893%,3,268,271,0,0,3,268
0x7b3fcb,66.6667%,3,6,9,0,0,3,6
0x66f058,99.6364%,3,822,825,162,3,0,660
0x538d8e,94.2308%,3,49,52,0,0,3,49
0x645fb3,90.625%,3,29,32,29,3,0,0
0x490901,70%,3,7,10,0,0,3,7
0x5ec48f,81.25%,3,13,16,0,0,3,13
0x6840d2,75%,3,9,12,0,0,3,9
0x4a7577,98.2353%,3,167,170,167,3,0,0
0x45f9b1,99.2424%,3,393,396,369,3,0,24
0x617d68,98.1818%,3,162,165,162,3,0,0
0x48cb35,0%,3,0,3,0,0,3,0
0x460fbd,62.5%,3,5,8,5,3,0,0
0x547aca,94.9153%,3,56,59,56,3,0,0
0x5498f7,25%,3,1,4,0,0,3,1
0x5498ba,25%,3,1,4,1,3,0,0
0x490ba6,40%,3,2,5,0,0,3,2
0x60cb6f,75%,3,9,12,9,3,0,0
0x64cee9,99.3072%,3,430,433,430,3,0,0
0x498432,99.9941%,3,50969,50972,0,0,3,50969
0x68d7fc,66.6667%,3,6,9,0,0,3,6
0x5e4f85,40%,3,2,5,0,0,3,2
0x490992,40%,3,2,5,2,3,0,0
0x48da77,0%,3,0,3,0,0,3,0
0x7b50d7,99.991%,3,33404,33407,0,0,3,33404
0x48cbe2,0%,3,0,3,0,3,0,0
0x4e90e7,62.5%,3,5,8,5,2,1,0
0x4a8159,81.25%,3,13,16,13,3,0,0
0x7b34a2,99.5935%,3,735,738,0,0,3,735
0x460ae8,0%,3,0,3,0,0,3,0
0x60c35a,75%,3,9,12,0,3,0,9
0x5ec1c4,98.3333%,3,177,180,177,3,0,0
0x645fc7,90.625%,3,29,32,0,0,3,29
0x60cf8c,75%,3,9,12,9,3,0,0
0x45c886,94.2308%,3,49,52,0,0,3,49
0x5e997b,0%,3,0,3,0,0,3,0
0x460efb,62.5%,3,5,8,5,3,0,0
0x64d187,99.9755%,3,12249,12252,12249,3,0,0
0x486238,62.5%,3,5,8,5,3,0,0
0x48caad,0%,3,0,3,0,0,3,0
0x54aeb9,96.5116%,3,83,86,83,3,0,0
0x45b786,94.4444%,3,51,54,0,0,3,51
0x4a74a0,97.7941%,3,133,136,133,3,0,0
0x683f81,75%,3,9,12,9,3,0,0
0x499e3f,97.7941%,3,133,136,133,3,0,0
0x460a82,0%,3,0,3,0,3,0,0
0x461066,62.5%,3,5,8,0,0,3,5
0x4e8fc9,25%,3,1,4,1,3,0,0
0x60cbd3,75%,3,9,12,9,3,0,0
0x68842d,66.6667%,3,6,9,0,0,3,6
0x45b9ff,95.082%,3,58,61,0,0,3,58
0x4a86b7,99.625%,3,797,800,0,0,3,797
0x60c38b,0%,3,0,3,0,3,0,0
0x538e0b,62.5%,3,5,8,5,3,0,0
0x7b34bb,97.1154%,3,101,104,0,0,3,101
0x460f6f,62.5%,3,5,8,5,3,0,0
0x490d1a,40%,3,2,5,0,0,3,2
0x49b0c8,85%,3,17,20,0,0,3,17
0x676e0f,62.5%,3,5,8,5,3,0,0
0x494762,57.1429%,3,4,7,4,3,0,0
0x4a73d4,98.1928%,3,163,166,41,0,3,122
0x460af7,0%,3,0,3,0,3,0,0
0x67e918,66.6667%,3,6,9,6,3,0,0
0x685b78,81.25%,3,13,16,0,0,3,13
0x646015,93.75%,2,30,32,30,2,0,0
0x4e8bce,33.3333%,2,1,3,1,0,2,0
0x5d0b12,99.9865%,2,14846,14848,14846,2,0,0
0x460308,50%,2,2,4,0,0,2,2
0x7b31c9,99.9907%,2,21453,21455,0,0,2,21453
0x4e8314,33.3333%,2,1,3,0,2,0,1
0x460ad1,33.3333%,2,1,3,1,2,0,0
0x67447a,93.1034%,2,27,29,27,2,0,0
0x415f02,87.5%,2,14,16,0,0,2,14
0x7b13f9,89.4737%,2,17,19,0,0,2,17
0x4e84c3,0%,2,0,2,0,2,0,0
0x4a8474,98.9583%,2,190,192,190,2,0,0
0x7b3586,99.9977%,2,88535,88537,0,0,2,88535
0x68d908,77.7778%,2,7,9,0,0,2,7
0x4a70d4,98.7879%,2,163,165,163,2,0,0
0x48c642,97.4684%,2,77,79,77,2,0,0
0x6743d1,93.1034%,2,27,29,0,0,2,27
0x535cd1,96.6102%,2,57,59,57,2,0,0
0x67e975,77.7778%,2,7,9,7,2,0,0
0x60cdcc,83.3333%,2,10,12,10,2,0,0
0x48809c,75%,2,6,8,6,2,0,0
0x5ec254,98.8889%,2,178,180,10,2,0,168
0x4918f6,60%,2,3,5,0,0,2,3
0x4a75dd,98.8235%,2,168,170,0,0,2,168
0x48641a,75%,2,6,8,6,2,0,0
0x538d7c,96.1538%,2,50,52,0,0,2,50
0x460290,99.7249%,2,725,727,30,0,2,695
0x4926d4,60%,2,3,5,0,0,2,3
0x4a7481,98.5294%,2,134,136,134,2,0,0
0x5e99f6,96.3636%,2,53,55,0,0,2,53
0x4a745d,98.5294%,2,134,136,134,2,0,0
0x4dc088,99.0338%,2,205,207,0,0,2,205
0x4e849a,50%,2,2,4,0,0,2,2
0x7b1bae,99.9913%,2,22909,22911,13059,0,2,9850
0x4a7590,98.8235%,2,168,170,168,2,0,0
0x4ab7cd,99.6146%,2,517,519,517,2,0,0
0x5e4675,75%,2,6,8,6,2,0,0
0x5a0973,99.9902%,2,20506,20508,0,0,2,20506
0x7b3666,98.3607%,2,120,122,0,0,2,120
0x5e9589,96.1538%,2,50,52,0,0,2,50
0x4a73f0,98.4%,2,123,125,123,2,0,0
0x4890f3,99.9892%,2,18444,18446,6822,2,0,11622
0x498340,99.9943%,2,35184,35186,35184,2,0,0
0x486226,75%,2,6,8,0,0,2,6
0x5ec475,87.5%,2,14,16,14,2,0,0
0x48e8f8,98.7879%,2,163,165,0,0,2,163
0x48853e,75%,2,6,8,0,0,2,6
0x492778,60%,2,3,5,0,0,2,3
0x4861e2,75%,2,6,8,0,0,2,6
0x4068b4,99.9878%,2,16398,16400,16398,2,0,0
0x6386a5,99.9897%,2,19405,19407,0,0,2,19405
0x4e8e57,33.3333%,2,1,3,1,1,1,0
0x5a142f,99.9962%,2,52261,52263,23208,0,2,29053
0x54da57,99.262%,2,269,271,0,0,2,269
0x6f7777,93.1034%,2,27,29,27,2,0,0
0x48c4e8,80%,2,8,10,5,0,2,3
0x64cfa7,96.7213%,2,59,61,0,0,2,59
0x64999d,77.7778%,2,7,9,0,0,2,7
0x415e1a,87.5%,2,14,16,14,2,0,0
0x6499f7,99.9915%,2,23549,23551,23549,2,0,0
0x60cdbc,83.3333%,2,10,12,0,0,2,10
0x4adb1a,98.7952%,2,164,166,0,0,2,164
0x461682,89.4737%,2,17,19,17,2,0,0
0x7b32db,99.9845%,2,12873,12875,0,0,2,12873
0x46031f,50%,2,2,4,0,0,2,2
0x66ef6f,99.596%,2,493,495,493,2,0,0
0x5dad2c,99.9828%,2,11600,11602,11600,2,0,0
0x5ec137,98.9362%,2,186,188,0,0,2,186
0x5ea61b,98.8571%,2,173,175,0,0,2,173
0x5e99a2,33.3333%,2,1,3,1,2,0,0
0x49094a,86.6667%,2,13,15,3,2,0,10
0x4861cd,75%,2,6,8,0,0,2,6
0x644953,99.9914%,2,23200,23202,23200,2,0,0
0x4b5efa,75%,2,6,8,6,2,0,0
0x45c899,96.1538%,2,50,52,0,0,2,50
0x48eabb,75%,2,6,8,0,0,2,6
0x45bc9c,96.1538%,2,50,52,50,2,0,0
0x5dcaa9,99.9656%,2,5805,5807,5805,2,0,0
0x5e487a,75%,2,6,8,6,2,0,0
0x415e6d,87.5%,2,14,16,0,0,2,14
0x617e90,98.7879%,2,163,165,0,0,2,163
0x617d05,99.6139%,2,516,518,516,2,0,0
0x48629e,75%,2,6,8,0,0,2,6
0x48616e,99.9655%,2,5801,5803,0,0,2,5801
0x4a7026,98.7879%,2,163,165,163,2,0,0
0x4a967e,83.3333%,2,10,12,10,2,0,0
0x4e8e9b,33.3333%,2,1,3,1,1,1,0
0x66f449,98.7879%,2,163,165,163,2,0,0
0x4e8bf5,66.6667%,2,4,6,0,1,1,4
0x490a62,80%,2,8,10,0,0,2,8
0x5a1486,90%,2,18,20,18,2,0,0
0x45bc8e,96.2264%,2,51,53,0,1,1,51
0x649e7c,99.9892%,2,18573,18575,0,0,2,18573
0x45bd76,98%,2,98,100,0,0,2,98
0x5ec72f,91.6667%,2,22,24,0,0,2,22
0x5a1353,99.9957%,2,46494,46496,23212,0,2,23282
0x5553b7,97.4684%,2,77,79,0,0,2,77
0x645c31,93.75%,2,30,32,30,2,0,0
0x494945,80%,2,8,10,1,2,0,7
0x494704,71.4286%,2,5,7,0,0,2,5
0x460363,50%,2,2,4,1,2,0,1
0x4862cf,75%,2,6,8,6,2,0,0
0x5d8fef,77.7778%,2,7,9,7,2,0,0
0x7b36ae,98.2301%,2,111,113,0,0,2,111
0x5e5b69,99.9829%,2,11699,11701,0,0,2,11699
0x499247,96.1538%,2,50,52,50,2,0,0
0x5ec450,87.5%,2,14,16,0,0,2,14
0x638a10,99.9885%,2,17411,17413,17411,2,0,0
0x5ec42d,87.5%,2,14,16,0,0,2,14
0x4ea6b9,0%,2,0,2,0,0,2,0
0x5e6928,97.4684%,2,77,79,0,0,2,77
0x4e9118,75%,2,6,8,1,1,1,5
0x48fc0c,75%,2,6,8,0,0,2,6
0x48cd27,33.3333%,2,1,3,1,1,1,0
0x645d78,93.75%,2,30,32,0,0,2,30
0x48cca7,33.3333%,2,1,3,1,2,0,0
0x4a7512,87.5%,2,14,16,9,2,0,5
0x49b248,90%,2,18,20,0,0,2,18
0x5a0e57,93.75%,2,30,32,30,2,0,0
0x4ad6e3,98.3871%,2,122,124,122,2,0,0
0x4e8bb0,50%,2,2,4,0,1,1,2
0x4e9141,33.3333%,2,1,3,0,0,2,1
0x5a13b1,99.9914%,1,11621,11622,11621,1,0,0
0x49c479,99.9914%,1,11621,11622,0,0,1,11621
0x48c94f,66.6667%,1,2,3,2,1,0,0
0x4607be,87.5%,1,7,8,0,0,1,7
0x5a1357,99.9957%,1,23283,23284,23264,0,1,19
0x41597f,93.75%,1,15,16,15,1,0,0
0x5d78c1,97.2973%,1,36,37,36,1,0,0
0x60cf3e,91.6667%,1,11,12,0,0,1,11
0x5a138c,99.9957%,1,23211,23212,11590,0,1,11621
0x550af9,99.9957%,1,23243,23244,11621,1,0,11622
0x4e8dbb,0%,1,0,1,0,1,0,0
0x61a6bf,98.3051%,1,58,59,58,1,0,0
0x674200,96.5517%,1,28,29,0,0,1,28
0x66f364,99.798%,1,494,495,494,1,0,0
0x7d2238,99.7613%,1,418,419,0,0,1,418
0x4e8a5e,0%,1,0,1,0,0,1,0
0x6f7794,96.5517%,1,28,29,0,0,1,28
0x64a76f,99.9991%,1,105454,105455,52319,0,1,53135
0x66efbf,99.798%,1,494,495,494,1,0,0
0x4e82e6,0%,1,0,1,0,0,1,0
0x4878b6,98.5507%,1,68,69,0,0,1,68
0x5e2b85,99.9986%,1,69694,69695,0,0,1,69694
0x6840d7,91.6667%,1,11,12,0,0,1,11
0x7b14d6,99.9905%,1,10563,10564,0,0,1,10563
0x49c014,99.9828%,1,5806,5807,0,0,1,5806
0x4eab85,0%,1,0,1,0,1,0,0
0x60cba1,91.6667%,1,11,12,11,1,0,0
0x674d84,98.2759%,1,57,58,28,1,0,29
0x4a6f1e,99.3939%,1,164,165,164,1,0,0
0x4a72a5,99.3939%,1,164,165,164,1,0,0
0x499703,99.9944%,1,17717,17718,0,0,1,17717
0x54f8fe,99.9828%,1,5826,5827,0,0,1,5826
0x4ecf6c,0%,1,0,1,0,1,0,0
0x4e846a,66.6667%,1,2,3,0,1,0,2
0x46029b,99.8565%,1,696,697,0,0,1,696
0x4eab1d,0%,1,0,1,0,0,1,0
0x683e87,91.6667%,1,11,12,11,1,0,0
0x4e8290,0%,1,0,1,0,1,0,0
0x68421c,91.6667%,1,11,12,11,1,0,0
0x5e002f,97.2973%,1,36,37,0,0,1,36
0x60ce29,91.6667%,1,11,12,11,1,0,0
0x485f7e,99.9828%,1,5806,5807,0,0,1,5806
0x64ce12,99.9921%,1,12684,12685,0,0,1,12684
0x63a453,88.8889%,1,8,9,8,1,0,0
0x4e8272,0%,1,0,1,0,1,0,0
0x4893e3,99.9828%,1,5806,5807,5806,1,0,0
0x649f1e,93.3333%,1,14,15,14,1,0,0
0x4a732b,99.3976%,1,165,166,165,1,0,0
0x64cce0,99.9949%,1,19458,19459,0,0,1,19458
0x7b34c8,99.0385%,1,103,104,103,1,0,0
0x406db2,99.7917%,1,479,480,0,0,1,479
0x7d2251,99.9841%,1,6274,6275,0,0,1,6274
0x460349,80%,1,4,5,0,1,0,4
0x486804,99.9965%,1,28983,28984,28983,1,0,0
0x4b598a,99.9914%,1,11594,11595,0,0,1,11594
0x4b59e6,99.9828%,1,5797,5798,0,0,1,5797
0x416a5b,93.75%,1,15,16,15,1,0,0
0x7b1ae5,99.9972%,1,35390,35391,0,0,1,35390
0x645b37,96.875%,1,31,32,31,1,0,0
0x4996a8,99.9973%,1,37241,37242,0,0,1,37241
0x4e8475,0%,1,0,1,0,1,0,0
0x66f065,99.8485%,1,659,660,329,1,0,330
0x487902,98.0769%,1,51,52,0,0,1,51
0x7b1b39,99.9956%,1,22910,22911,22910,1,0,0
0x5ea748,93.75%,1,15,16,0,0,1,15
0x7b1403,94.7368%,1,18,19,0,0,1,18
0x5d901e,88.8889%,1,8,9,8,1,0,0
0x7bd983,96.5517%,1,28,29,0,0,1,28
0x638797,99.9914%,1,11604,11605,0,0,1,11604
0x4862bd,87.5%,1,7,8,0,0,1,7
0x5ea7cd,99.4286%,1,174,175,0,0,1,174
0x549332,91.6667%,1,11,12,0,0,1,11
0x4918ff,80%,1,4,5,4,1,0,0
0x7b1d39,99.992%,1,12479,12480,12479,1,0,0
0x4a8361,99.4792%,1,191,192,191,1,0,0
0x5ec40e,93.75%,1,15,16,0,0,1,15
0x490b08,80%,1,4,5,0,0,1,4
0x48cb63,66.6667%,1,2,3,2,1,0,0
0x7b2fe5,99.9919%,1,12336,12337,0,0,1,12336
0x48c9a5,66.6667%,1,2,3,0,0,1,2
0x638a3f,99.9943%,1,17412,17413,0,0,1,17412
0x4866d9,87.5%,1,7,8,0,0,1,7
0x4a8133,93.75%,1,15,16,15,1,0,0
0x64e2fb,99.7006%,1,333,334,333,1,0,0
0x7b4247,99.9857%,1,6979,6980,0,0,1,6979
0x48fc1b,87.5%,1,7,8,0,0,1,7
0x48c859,0%,1,0,1,0,1,0,0
0x7b307d,99.9969%,1,32389,32390,0,0,1,32389
0x60c53f,91.6667%,1,11,12,11,1,0,0
0x45f8dd,95.8333%,1,23,24,0,0,1,23
0x7a64bc,96.5517%,1,28,29,0,0,1,28
0x45c7a8,98%,1,49,50,0,0,1,49
0x7a63c3,96.5517%,1,28,29,0,0,1,28
0x4ea408,50%,1,1,2,1,1,0,0
0x4f0d45,95%,1,19,20,0,0,1,19
0x4e8c46,0%,1,0,1,0,1,0,0
0x45f985,99.4152%,1,170,171,147,0,1,23
0x4ea6f7,0%,1,0,1,0,1,0,0
0x54934b,91.6667%,1,11,12,11,1,0,0
0x4ea900,0%,1,0,1,0,1,0,0
0x5dca65,99.9828%,1,5806,5807,0,0,1,5806
0x5d0b9a,99.9933%,1,14847,14848,0,0,1,14847
0x63877c,99.9914%,1,11604,11605,0,0,1,11604
0x7b1cb3,99.9906%,1,10624,10625,0,0,1,10624
0x676ee2,95.8333%,1,23,24,15,1,0,8
0x60c131,88.8889%,1,8,9,0,0,1,8
0x7b373b,99.9876%,1,8079,8080,0,0,1,8079
0x49274b,80%,1,4,5,4,1,0,0
0x538df6,98.3333%,1,59,60,52,0,1,7
0x7b3248,99.9338%,1,1509,1510,0,0,1,1509
0x5a147e,99.9975%,1,40716,40717,40697,0,1,19
0x460eec,87.5%,1,7,8,0,0,1,7
0x674d99,96.5517%,1,28,29,0,0,1,28
0x674da3,96.5517%,1,28,29,28,1,0,0
0x535b30,98.0769%,1,51,52,51,1,0,0
0x645d87,96.875%,1,31,32,0,0,1,31
0x60c8db,91.6667%,1,11,12,0,0,1,11
0x675197,96.5517%,1,28,29,0,0,1,28
0x7a63d1,96.5517%,1,28,29,28,1,0,0
0x4e8e19,0%,1,0,1,0,0,1,0
0x68d7d0,88.8889%,1,8,9,8,1,0,0
0x45f9a8,99.7475%,1,395,396,0,0,1,395
0x7b5753,99.9972%,1,35390,35391,0,0,1,35390
0x45f942,95.8333%,1,23,24,0,0,1,23
0x7b3797,99.2248%,1,128,129,0,0,1,128
0x64d0fb,99.9998%,1,506109,506110,506109,1,0,0
0x4e157f,99.3939%,1,164,165,164,1,0,0
0x486506,87.5%,1,7,8,0,0,1,7
0x66efb1,99.798%,1,494,495,0,0,1,494
0x4e8d9c,0%,1,0,1,0,0,1,0
0x4b5ce0,93.75%,1,15,16,0,0,1,15
0x7b17d6,98.3051%,1,58,59,0,0,1,58
0x46037b,66.6667%,1,2,3,0,0,1,2
0x4ed005,0%,1,0,1,0,1,0,0
0x4e89b0,0%,1,0,1,0,0,1,0
0x4e846f,50%,1,1,2,1,0,1,0
0x60cce8,91.6667%,1,11,12,0,0,1,11
0x48c452,98%,1,49,50,0,0,1,49
0x7b3323,99.9328%,1,1488,1489,0,0,1,1488
0x7b1add,99.9972%,1,35390,35391,0,0,1,35390
0x406acf,99.9971%,1,33909,33910,33909,1,0,0
0x66f3e1,99.798%,1,494,495,164,1,0,330
0x48fc32,87.5%,1,7,8,0,0,1,7
0x490b3b,80%,1,4,5,0,0,1,4
0x64cc6a,100%,1,5555669,5555670,0,0,1,5555669
0x645e59,96.875%,1,31,32,31,1,0,0
0x6441fe,87.5%,1,7,8,0,0,1,7
0x5a0da4,96.875%,1,31,32,0,0,1,31
0x6842fc,91.6667%,1,11,12,11,1,0,0
0x48858c,87.5%,1,7,8,7,1,0,0
0x5a0e3d,96.875%,1,31,32,0,0,1,31
0x644921,99.9957%,1,23201,23202,23201,1,0,0
0x638a0b,99.9943%,1,17412,17413,0,0,1,17412
0x7d2242,99.7613%,1,418,419,418,1,0,0
0x4ad741,98.5915%,1,70,71,0,0,1,70
0x5eae6d,93.75%,1,15,16,7,1,0,8
0x5359e3,99.0991%,1,110,111,110,1,0,0
0x535c33,98.0769%,1,51,52,51,1,0,0
0x535c0f,98.0769%,1,51,52,51,1,0,0
0x66ef8e,99.798%,1,494,495,494,1,0,0
0x7b22b4,97.3684%,1,37,38,0,0,1,37
0x64c56b,88.8889%,1,8,9,0,0,1,8
0x4eaa38,0%,1,0,1,0,1,0,0
0x45f8c6,95.8333%,1,23,24,0,0,1,23
0x5dfef9,99.9914%,1,11601,11602,0,0,1,11601
0x4607ec,87.5%,1,7,8,0,0,1,7
0x4e160b,99.3939%,1,164,165,0,0,1,164
0x48faf9,87.5%,1,7,8,0,0,1,7
0x460f35,87.5%,1,7,8,7,1,0,0
0x4eab14,0%,1,0,1,0,0,1,0
0x486142,99.9914%,1,11593,11594,0,0,1,11593
0x4e8464,75%,1,3,4,0,1,0,3
0x63906e,99.9948%,1,19405,19406,0,0,1,19405
0x4e9a2a,0%,1,0,1,0,1,0,0
0x5ea640,99.4286%,1,174,175,0,0,1,174
0x4eab5a,50%,1,1,2,0,1,0,1
0x49972f,99.9943%,1,17687,17688,0,0,1,17687
0x4a76ed,97.2222%,1,35,36,0,0,1,35
0x4e967a,0%,1,0,1,0,1,0,0
0x64cca9,99.9841%,1,6301,6302,0,0,1,6301
0x7b30b4,99.3711%,1,158,159,0,0,1,158
0x4eab6d,0%,1,0,1,0,0,1,0
0x7bd8e5,96.5517%,1,28,29,28,1,0,0
0x416517,93.75%,1,15,16,0,0,1,15
0x64599f,96.875%,1,31,32,0,0,1,31
0x638f59,99.9945%,1,18122,18123,18122,1,0,0
0x498589,87.5%,1,7,8,7,1,0,0
0x4e8b1e,0%,1,0,1,0,0,1,0
0x645b68,96.875%,1,31,32,0,0,1,31
0x4861d6,87.5%,1,7,8,0,0,1,7
0x45c85c,98.1481%,1,53,54,52,0,1,1
0x4a9722,91.6667%,1,11,12,11,1,0,0
0x64596b,96.875%,1,31,32,0,0,1,31
0x61809e,93.75%,1,15,16,0,0,1,15
0x48630c,87.5%,1,7,8,0,0,1,7
0x5ec091,99.5652%,1,229,230,0,0,1,229
0x5a0da9,96.875%,1,31,32,31,1,0,0
0x5e456f,87.5%,1,7,8,7,1,0,0
0x4ea81a,50%,1,1,2,1,1,0,0
0x4ab766,99.8994%,1,993,994,993,1,0,0
0x4866c7,87.5%,1,7,8,0,0,1,7
0x48c6f4,85.7143%,1,6,7,6,0,1,0
0x4ea6c8,50%,1,1,2,0,1,0,1
0x406dbc,99.7917%,1,479,480,0,0,1,479
0x499170,99.0991%,1,110,111,0,0,1,110
0x550cb7,99.983%,1,5895,5896,0,0,1,5895
0x4e8b49,50%,1,1,2,0,1,0,1
0x48cb50,66.6667%,1,2,3,0,0,1,2
0x5e94a5,100%,0,52,52,0,0,0,52
0x535b9e,100%,0,111,111,0,0,0,111
0x7bd91e,100%,0,29,29,0,0,0,29
0x460fb1,100%,0,8,8,0,0,0,8
0x45ba72,100%,0,8,8,0,0,0,8
0x60ccf7,100%,0,12,12,0,0,0,12
0x48c60e,100%,0,79,79,79,0,0,0
0x5e9b6a,100%,0,55,55,0,0,0,55
0x7b304e,100%,0,11832,11832,0,0,0,11832
0x461002,100%,0,8,8,0,0,0,8
0x499e9a,100%,0,165,165,165,0,0,0
0x5ea6cf,100%,0,11,11,11,0,0,0
0x7b141a,100%,0,19,19,19,0,0,0
0x684f97,100%,0,3,3,3,0,0,0
0x5e9ef0,100%,0,55,55,0,0,0,55
0x4a70ab,100%,0,16,16,0,0,0,16
0x7ac00a,100%,0,29,29,0,0,0,29
0x60cda8,100%,0,12,12,0,0,0,12
0x7bd948,100%,0,232,232,0,0,0,232
0x499d5c,100%,0,166,166,166,0,0,0
0x45bd9e,100%,0,100,100,0,0,0,100
0x538d67,100%,0,52,52,0,0,0,52
0x63a0e8,100%,0,9,9,0,0,0,9
0x5a08ad,100%,0,5896,5896,5896,0,0,0
0x535a7f,100%,0,111,111,0,0,0,111
0x7a63ad,100%,0,29,29,0,0,0,29
0x683ed3,100%,0,12,12,0,0,0,12
0x7b3043,100%,0,11832,11832,0,0,0,11832
0x63a17f,100%,0,9,9,9,0,0,0
0x63a2f8,100%,0,9,9,0,0,0,9
0x415e9b,100%,0,16,16,16,0,0,0
0x64d0c3,100%,0,518362,518362,0,0,0,518362
0x4ad6be,100%,0,335,335,0,0,0,335
0x7b22a6,100%,0,38,38,0,0,0,38
0x64d13f,100%,0,12252,12252,0,0,0,12252
0x535be0,100%,0,52,52,52,0,0,0
0x547b7c,100%,0,111,111,0,0,0,111
0x548de7,100%,0,12,12,12,0,0,0
0x67449b,100%,0,29,29,0,0,0,29
0x6390bc,100%,0,19406,19406,18123,0,0,1283
0x487836,100%,0,69,69,0,0,0,69
0x66efb6,100%,0,495,495,0,0,0,495
0x535b69,100%,0,52,52,0,0,0,52
0x7a640e,100%,0,29,29,29,0,0,0
0x638d8b,100%,0,1283,1283,1283,0,0,0
0x5a0893,100%,0,5896,5896,0,0,0,5896
0x406c5a,100%,0,32481,32481,32481,0,0,0
0x4b5d28,100%,0,16,16,0,0,0,16
0x7ac029,100%,0,29,29,0,0,0,29
0x6744ad,100%,0,29,29,0,0,0,29
0x638783,100%,0,11605,11605,0,0,0,11605
0x7bd917,100%,0,29,29,0,0,0,29
0x5d78e7,100%,0,37,37,37,0,0,0
0x4069c3,100%,0,39767,39767,0,0,0,39767
0x4a8c77,100%,0,165,165,0,0,0,165
0x4e161a,100%,0,165,165,165,0,0,0
0x4aa0c8,100%,0,9,9,9,0,0,0
0x4e9084,100%,0,4,4,3,0,0,1
0x4ea7d8,100%,0,1,1,0,0,0,1
0x7b375f,100%,0,8080,8080,0,0,0,8080
0x538dce,100%,0,52,52,0,0,0,52
0x4862f9,100%,0,8,8,0,0,0,8
0x5e92b0,100%,0,43,43,0,0,0,43
0x5e9f09,100%,0,55,55,0,0,0,55
0x4eaac1,100%,0,1,1,0,0,0,1
0x490a3e,100%,0,5,5,5,0,0,0
0x66f35b,100%,0,495,495,0,0,0,495
0x66f346,100%,0,825,825,330,0,0,495
0x7b511c,100%,0,33407,33407,33407,0,0,0
0x4e1573,100%,0,165,165,0,0,0,165
0x6f7b35,100%,0,29,29,29,0,0,0
0x6390e3,100%,0,1283,1283,1283,0,0,0
0x645e17,100%,0,32,32,0,0,0,32
0x416a55,100%,0,16,16,0,0,0,16
0x7b1c40,100%,0,12480,12480,0,0,0,12480
0x416a4b,100%,0,16,16,0,0,0,16
0x618265,100%,0,16,16,0,0,0,16
0x68435e,100%,0,12,12,12,0,0,0
0x5d0b51,100%,0,14848,14848,14848,0,0,0
0x406a10,100%,0,5377,5377,0,0,0,5377
0x499c0c,100%,0,165,165,165,0,0,0
0x45fa14,100%,0,40,40,0,0,0,40
0x7b1bd2,100%,0,12480,12480,0,0,0,12480
0x7b1f40,100%,0,12480,12480,12480,0,0,0
0x6f7b15,100%,0,29,29,0,0,0,29
0x48ea59,100%,0,8,8,0,0,0,8
0x48ea37,100%,0,8,8,0,0,0,8
0x6841fb,100%,0,12,12,12,0,0,0
0x490d35,100%,0,15,15,0,0,0,15
0x676e3c,100%,0,8,8,0,0,0,8
0x7abff6,100%,0,29,29,0,0,0,29
0x489103,100%,0,11622,11622,5795,0,0,5827
0x4a74b9,100%,0,166,166,166,0,0,0
0x617d55,100%,0,165,165,0,0,0,165
0x4a7500,100%,0,54,54,0,0,0,54
0x64a7a7,100%,0,569018,569018,569018,0,0,0
0x4a74d1,100%,0,125,125,0,0,0,125
0x5e4cb3,100%,0,8,8,0,0,0,8
0x674e7d,100%,0,29,29,0,0,0,29
0x48612d,100%,0,11594,11594,0,0,0,11594
0x48e926,100%,0,165,165,0,0,0,165
0x48cdbf,100%,0,4,4,3,0,0,1
0x406e27,100%,0,32548,32548,0,0,0,32548
0x676e97,100%,0,8,8,0,0,0,8
0x48c4d2,100%,0,10,10,0,0,0,10
0x61824e,100%,0,16,16,0,0,0,16
0x5e34c3,100%,0,5795,5795,0,0,0,5795
0x60c147,100%,0,9,9,0,0,0,9
0x48611e,100%,0,11594,11594,0,0,0,11594
0x550509,100%,0,11654,11654,5827,0,0,5827
0x63a533,100%,0,9,9,9,0,0,0
0x406cbf,100%,0,32481,32481,0,0,0,32481
0x4a72d7,100%,0,165,165,165,0,0,0
0x60c63b,100%,0,12,12,0,0,0,12
0x5ec259,100%,0,168,168,0,0,0,168
0x5d9194,100%,0,22,22,0,0,0,22
0x684310,100%,0,12,12,0,0,0,12
0x4b5aec,100%,0,11586,11586,0,0,0,11586
0x4ab7a0,100%,0,301,301,0,0,0,301
0x649e8a,100%,0,18575,18575,18575,0,0,0
0x49853e,100%,0,7062,7062,0,0,0,7062
0x7b37dc,100%,0,7951,7951,0,0,0,7951
0x4a7cf8,100%,0,8,8,0,0,0,8
0x554c67,100%,0,79,79,0,0,0,79
0x7b14b1,100%,0,133,133,0,0,0,133
0x4a7f89,100%,0,8,8,8,0,0,0
0x5ea509,100%,0,8,8,0,0,0,8
0x674211,100%,0,29,29,29,0,0,0
0x415d36,100%,0,16,16,16,0,0,0
0x4f0e43,100%,0,20,20,20,0,0,0
0x7b5137,100%,0,33407,33407,0,0,0,33407
0x617ded,100%,0,165,165,165,0,0,0
0x54cd75,100%,0,12,12,0,0,0,12
0x54cd88,100%,0,12,12,0,0,0,12
0x48630e,100%,0,8,8,0,0,0,8
0x54ce37,100%,0,12,12,0,0,0,12
0x64990d,100%,0,21,21,21,0,0,0
0x4a7d3f,100%,0,24,24,0,0,0,24
0x54ce47,100%,0,12,12,0,0,0,12
0x549414,100%,0,12,12,12,0,0,0
0x54ce66,100%,0,12,12,0,0,0,12
0x549907,100%,0,4,4,0,0,0,4
0x48e93f,100%,0,165,165,165,0,0,0
0x7a641a,100%,0,29,29,0,0,0,29
0x5e1007,100%,0,37,37,0,0,0,37
0x7b1bde,100%,0,12480,12480,12480,0,0,0
0x54beba,100%,0,5827,5827,5827,0,0,0
0x5ec463,100%,0,16,16,0,0,0,16
0x550434,100%,0,17449,17449,11654,0,0,5795
0x4a83a3,100%,0,192,192,0,0,0,192
0x5ec440,100%,0,16,16,0,0,0,16
0x4aa0ab,100%,0,9,9,0,0,0,9
0x4868e4,100%,0,8,8,0,0,0,8
0x5ec167,100%,0,8,8,8,0,0,0
0x7a6428,100%,0,29,29,29,0,0,0
0x5ec15d,100%,0,188,188,0,0,0,188
0x490b70,100%,0,5,5,0,0,0,5
0x7ac054,100%,0,29,29,0,0,0,29
0x7a64af,100%,0,29,29,29,0,0,0
0x64e194,100%,0,10692,10692,0,0,0,10692
0x7a6433,100%,0,29,29,29,0,0,0
0x7a63e4,100%,0,29,29,0,0,0,29
0x618987,100%,0,166,166,166,0,0,0
0x4862f7,100%,0,8,8,0,0,0,8
0x617dd2,100%,0,165,165,0,0,0,165
0x48eadd,100%,0,8,8,0,0,0,8
0x489340,100%,0,5807,5807,0,0,0,5807
0x684167,100%,0,12,12,0,0,0,12
0x644b07,100%,0,23202,23202,0,0,0,23202
0x63a1b1,100%,0,9,9,9,0,0,0
0x7b1b84,100%,0,9852,9852,9852,0,0,0
0x684198,100%,0,12,12,0,0,0,12
0x5a09b4,100%,0,11622,11622,0,0,0,11622
0x49857b,100%,0,8,8,0,0,0,8
0x41576e,100%,0,16,16,0,0,0,16
0x41575f,100%,0,16,16,0,0,0,16
0x64d1e7,100%,0,12252,12252,0,0,0,12252
0x41573c,100%,0,16,16,0,0,0,16
0x488a28,100%,0,8,8,0,0,0,8
0x639105,100%,0,1283,1283,1283,0,0,0
0x64e241,100%,0,10692,10692,10692,0,0,0
0x4a80c3,100%,0,16,16,0,0,0,16
0x46030f,100%,0,4,4,0,0,0,4
0x60cd87,100%,0,12,12,0,0,0,12
0x4a80c7,100%,0,16,16,16,0,0,0
0x48eaac,100%,0,8,8,0,0,0,8
0x4a8094,100%,0,16,16,16,0,0,0
0x4867ed,100%,0,28984,28984,28984,0,0,0
0x5ea7a9,100%,0,131,131,131,0,0,0
0x45f936,100%,0,24,24,24,0,0,0
0x60cf2a,100%,0,12,12,12,0,0,0
0x7b4231,100%,0,6980,6980,0,0,0,6980
0x4b5f43,100%,0,8,8,0,0,0,8
0x7b3687,100%,0,122,122,0,0,0,122
0x5a12b9,100%,0,52339,52339,0,0,0,52339
0x4a71dd,100%,0,112,112,0,0,0,112
0x5dca60,100%,0,5807,5807,0,0,0,5807
0x548671,100%,0,5827,5827,0,0,0,5827
0x490cd1,100%,0,5,5,0,0,0,5
0x4b59da,100%,0,5798,5798,0,0,0,5798
0x4e8302,100%,0,3,3,0,0,0,3
0x5a0a04,100%,0,11622,11622,11622,0,0,0
0x5a09ea,100%,0,11622,11622,0,0,0,11622
0x5a0b54,100%,0,5827,5827,0,0,0,5827
0x49c6e6,100%,0,11622,11622,11622,0,0,0
0x550be0,100%,0,11622,11622,5827,0,0,5795
0x644b38,100%,0,23202,23202,0,0,0,23202
0x7b3069,100%,0,11832,11832,11832,0,0,0
0x5dcad4,100%,0,5807,5807,5807,0,0,0
0x5e32d6,100%,0,37,37,37,0,0,0
0x4e8267,100%,0,1,1,0,0,0,1
0x548680,100%,0,5827,5827,0,0,0,5827
0x49c405,100%,0,11622,11622,0,0,0,11622
0x54f93e,100%,0,5827,5827,0,0,0,5827
0x5a1349,100%,0,11642,11642,0,0,0,11642
0x54f8e9,100%,0,5827,5827,5827,0,0,0
0x54f8e2,100%,0,5827,5827,0,0,0,5827
0x48914c,100%,0,5827,5827,0,0,0,5827
0x61a6fe,100%,0,59,59,0,0,0,59
0x61a50a,100%,0,59,59,0,0,0,59
0x61a4af,100%,0,59,59,59,0,0,0
0x49921f,100%,0,59,59,0,0,0,59
0x4991e4,100%,0,59,59,0,0,0,59
0x460ac2,100%,0,3,3,0,0,0,3
0x488087,100%,0,8,8,0,0,0,8
0x683cd0,100%,0,12,12,12,0,0,0
0x4dbf47,100%,0,1,1,0,0,0,1
0x489368,100%,0,11602,11602,5795,0,0,5807
0x48854a,100%,0,8,8,0,0,0,8
0x638a02,100%,0,17413,17413,0,0,0,17413
0x644a77,100%,0,23202,23202,0,0,0,23202
0x7b35dd,100%,0,12337,12337,12337,0,0,0
0x7b2fd7,100%,0,12337,12337,12337,0,0,0
0x5a1462,100%,0,29023,29023,0,0,0,29023
0x4aa167,100%,0,12,12,0,0,0,12
0x4f0dd9,100%,0,20,20,0,0,0,20
0x4f0d69,100%,0,20,20,0,0,0,20
0x683eb8,100%,0,12,12,0,0,0,12
0x683cff,100%,0,12,12,0,0,0,12
0x644b9b,100%,0,23202,23202,23202,0,0,0
0x4e8a43,100%,0,1,1,0,0,0,1
0x683ccb,100%,0,12,12,0,0,0,12
0x683cc2,100%,0,12,12,0,0,0,12
0x49b1bf,100%,0,12,12,0,0,0,12
0x4ea7af,100%,0,1,1,0,0,0,1
0x548e2e,100%,0,12,12,12,0,0,0
0x5dca54,100%,0,5807,5807,0,0,0,5807
0x499b26,100%,0,28,28,0,0,0,28
0x49568f,100%,0,11622,11622,11622,0,0,0
0x4867b8,100%,0,28984,28984,28984,0,0,0
0x5a1560,100%,0,11622,11622,0,0,0,11622
0x5a13c7,100%,0,34874,34874,34874,0,0,0
0x5a0d13,100%,0,5827,5827,0,0,0,5827
0x4863dd,100%,0,8,8,0,0,0,8
0x486767,100%,0,8,8,0,0,0,8
0x4866f1,100%,0,8,8,0,0,0,8
0x4866bb,100%,0,8,8,0,0,0,8
0x683f4f,100%,0,12,12,12,0,0,0
0x460799,100%,0,8,8,0,0,0,8
0x639c5c,100%,0,9,9,9,0,0,0
0x4868ea,100%,0,8,8,0,0,0,8
0x48650f,100%,0,8,8,0,0,0,8
0x4864fd,100%,0,8,8,0,0,0,8
0x4864f5,100%,0,8,8,0,0,0,8
0x4b5aab,100%,0,11586,11586,0,0,0,11586
0x486481,100%,0,8,8,0,0,0,8
0x486454,100%,0,8,8,0,0,0,8
0x486192,100%,0,5803,5803,0,0,0,5803
0x45b79e,100%,0,54,54,0,0,0,54
0x45b715,100%,0,30,30,0,0,0,30
0x461013,100%,0,8,8,0,0,0,8
0x486773,100%,0,8,8,0,0,0,8
0x535ca8,100%,0,52,52,52,0,0,0
0x645e2b,100%,0,32,32,0,0,0,32
0x5e94d5,100%,0,52,52,0,0,0,52
0x5ea01c,100%,0,52,52,52,0,0,0
0x63912f,100%,0,1283,1283,1283,0,0,0
0x7b5145,100%,0,33407,33407,0,0,0,33407
0x4a7420,100%,0,41,41,30,0,0,11
0x415750,100%,0,16,16,0,0,0,16
0x5d0ae6,100%,0,29,29,0,0,0,29
0x495745,100%,0,11642,11642,11642,0,0,0
0x460a9c,100%,0,3,3,0,0,0,3
0x485ff9,100%,0,8,8,0,0,0,8
0x48fbf2,100%,0,8,8,0,0,0,8
0x486136,100%,0,11594,11594,0,0,0,11594
0x486186,100%,0,5803,5803,0,0,0,5803
0x48617d,100%,0,5803,5803,0,0,0,5803
0x5e4b26,100%,0,8,8,0,0,0,8
0x462151,100%,0,8,8,0,0,0,8
0x5e4bc2,100%,0,8,8,0,0,0,8
0x48851b,100%,0,8,8,0,0,0,8
0x48621d,100%,0,8,8,0,0,0,8
0x5e4d25,100%,0,8,8,0,0,0,8
0x63a302,100%,0,9,9,0,0,0,9
0x5e3945,100%,0,5807,5807,0,0,0,5807
0x4b59c0,100%,0,5798,5798,0,0,0,5798
0x5e99d1,100%,0,3,3,0,0,0,3
0x5e9993,100%,0,3,3,0,0,0,3
0x5e9983,100%,0,3,3,0,0,0,3
0x4b5a8f,100%,0,11586,11586,0,0,0,11586
0x461187,100%,0,8,8,0,0,0,8
0x461004,100%,0,8,8,0,0,0,8
0x460fa6,100%,0,8,8,0,0,0,8
0x460f97,100%,0,8,8,0,0,0,8
0x460f60,100%,0,8,8,0,0,0,8
0x460f26,100%,0,8,8,0,0,0,8
0x460801,100%,0,8,8,0,0,0,8
0x4607ad,100%,0,8,8,0,0,0,8
0x48c99c,100%,0,3,3,0,0,0,3
0x645c63,100%,0,32,32,32,0,0,0
0x645b84,100%,0,32,32,0,0,0,32
0x5e3316,100%,0,32,32,0,0,0,32
0x4e9092,100%,0,1,1,1,0,0,0
0x4eaaec,100%,0,1,1,0,0,0,1
0x4ea7f6,100%,0,1,1,0,0,0,1
0x4e91c8,100%,0,2,2,0,0,0,2
0x4ecffe,100%,0,1,1,0,0,0,1
0x4b5ee9,100%,0,8,8,0,0,0,8
0x4ed01a,100%,0,1,1,0,0,0,1
0x4e8a1e,100%,0,1,1,0,0,0,1
0x48cbb8,100%,0,3,3,0,0,0,3
0x48caf0,100%,0,3,3,0,0,0,3
0x487fd0,100%,0,8,8,0,0,0,8
0x45bafe,100%,0,3,3,3,0,0,0
0x4926dd,100%,0,5,5,5,0,0,0
0x7b406e,100%,0,97,97,0,0,0,97
0x490a2d,100%,0,15,15,0,0,0,15
0x4947ca,100%,0,7,7,0,0,0,7
0x4908de,100%,0,15,15,0,0,0,15
0x49087d,100%,0,5,5,5,0,0,0
0x49082d,100%,0,5,5,0,0,0,5
0x45fc47,100%,0,15,15,0,0,0,15
0x63a595,100%,0,9,9,9,0,0,0
0x4e8bdd,100%,0,2,2,0,0,0,2
0x4e9191,100%,0,2,2,2,0,0,0
0x63a397,100%,0,9,9,0,0,0,9
0x487fb6,100%,0,8,8,0,0,0,8
0x7b4079,100%,0,97,97,0,0,0,97
0x7b3670,100%,0,122,122,0,0,0,122
0x7b3fe4,100%,0,9,9,9,0,0,0
0x7b22bb,100%,0,38,38,0,0,0,38
0x49865b,100%,0,8,8,0,0,0,8
0x4aad28,100%,0,8,8,8,0,0,0
0x4888e0,100%,0,8,8,8,0,0,0
0x54ad3f,100%,0,8,8,8,0,0,0
0x48855b,100%,0,8,8,0,0,0,8
0x488047,100%,0,8,8,8,0,0,0
0x40683f,100%,0,8,8,0,0,0,8
0x40682d,100%,0,8,8,8,0,0,0
0x4067d0,100%,0,8,8,8,0,0,0
0x63a307,100%,0,9,9,0,0,0,9
0x676e0a,100%,0,8,8,0,0,0,8
0x676dfb,100%,0,40,40,0,0,0,40
0x676dca,100%,0,8,8,0,0,0,8
0x54abaa,100%,0,16,16,0,0,0,16
0x4b5ed9,100%,0,8,8,0,0,0,8
0x645ed3,100%,0,32,32,32,0,0,0
0x645eb2,100%,0,32,32,32,0,0,0
0x645e49,100%,0,32,32,0,0,0,32
0x7b405f,100%,0,97,97,0,0,0,97
0x4b5d71,100%,0,16,16,0,0,0,16
0x4b5cf0,100%,0,16,16,16,0,0,0
0x45f8ee,100%,0,24,24,0,0,0,24
0x4b5cce,100%,0,16,16,0,0,0,16
0x644cb0,100%,0,23202,23202,0,0,0,23202
0x4b5a9c,100%,0,11586,11586,0,0,0,11586
0x4b5a80,100%,0,11586,11586,0,0,0,11586
0x4b5a47,100%,0,11586,11586,0,0,0,11586
0x4b5a19,100%,0,11586,11586,0,0,0,11586
0x490cdd,100%,0,5,5,0,0,0,5
0x4b59cf,100%,0,5798,5798,0,0,0,5798
0x4867d1,100%,0,28984,28984,28984,0,0,0
0x4867a6,100%,0,28984,28984,0,0,0,28984
0x45c76e,100%,0,26,26,0,0,0,26
0x5d8f0f,100%,0,22,22,0,0,0,22
0x5e2d99,100%,0,5795,5795,5795,0,0,0
0x48943f,100%,0,5795,5795,5795,0,0,0
0x644cfe,100%,0,23202,23202,23202,0,0,0
0x4b5ae6,100%,0,11586,11586,11586,0,0,0
0x644bbc,100%,0,23202,23202,23202,0,0,0
0x644b48,100%,0,23202,23202,23202,0,0,0
0x644b28,100%,0,23202,23202,0,0,0,23202
0x644b1b,100%,0,23202,23202,0,0,0,23202
0x644a68,100%,0,23202,23202,0,0,0,23202
0x485f8d,100%,0,5807,5807,5807,0,0,0
0x5dcacf,100%,0,5807,5807,0,0,0,5807
0x5dcaca,100%,0,5807,5807,0,0,0,5807
0x5dca69,100%,0,5807,5807,5807,0,0,0
0x644873,100%,0,23202,23202,0,0,0,23202
0x644858,100%,0,23202,23202,0,0,0,23202
0x644827,100%,0,23202,23202,23202,0,0,0
0x644670,100%,0,23202,23202,23202,0,0,0
0x550be5,100%,0,5795,5795,0,0,0,5795
0x639ef0,100%,0,9,9,9,0,0,0
0x639ee2,100%,0,9,9,0,0,0,9
0x64e27c,100%,0,334,334,0,0,0,334
0x48852e,100%,0,8,8,0,0,0,8
0x64e20f,100%,0,10692,10692,10692,0,0,0
0x64e178,100%,0,10692,10692,0,0,0,10692
0x64e147,100%,0,10692,10692,10692,0,0,0
0x406ab1,100%,0,5377,5377,0,0,0,5377
0x639261,100%,0,1283,1283,1283,0,0,0
0x6390d3,100%,0,1283,1283,0,0,0,1283
0x638d0c,100%,0,1283,1283,0,0,0,1283
0x639eeb,100%,0,9,9,0,0,0,9
0x550c10,100%,0,5795,5795,0,0,0,5795
0x48c9e5,100%,0,3,3,0,0,0,3
0x550a5a,100%,0,5795,5795,0,0,0,5795
0x550a17,100%,0,5795,5795,0,0,0,5795
0x550731,100%,0,5795,5795,5795,0,0,0
0x5505fe,100%,0,5795,5795,5795,0,0,0
0x5505c3,100%,0,5795,5795,0,0,0,5795
0x550458,100%,0,5795,5795,0,0,0,5795
0x4b128e,100%,0,5803,5803,5803,0,0,0
0x638c9f,100%,0,17413,17413,17413,0,0,0
0x638c24,100%,0,17413,17413,0,0,0,17413
0x638c08,100%,0,17413,17413,0,0,0,17413
0x638bd7,100%,0,17413,17413,17413,0,0,0
0x4b5b47,100%,0,11586,11586,0,0,0,11586
0x4b5b21,100%,0,11586,11586,0,0,0,11586
0x6ee670,100%,0,1,1,1,0,0,0
0x64466b,100%,0,23202,23202,0,0,0,23202
0x54dff7,100%,0,24238,24238,0,0,0,24238
0x61800b,100%,0,16,16,0,0,0,16
0x7b1f55,100%,0,12480,12480,0,0,0,12480
0x485f99,100%,0,5807,5807,0,0,0,5807
0x5eadf3,100%,0,8,8,0,0,0,8
0x7b50fc,100%,0,33407,33407,0,0,0,33407
0x7b1c24,100%,0,12480,12480,0,0,0,12480
0x7b50c3,100%,0,33407,33407,0,0,0,33407
0x7b1ad3,100%,0,35391,35391,0,0,0,35391
0x7b1bfb,100%,0,12480,12480,0,0,0,12480
0x638efc,100%,0,18124,18124,18124,0,0,0
0x64ce17,100%,0,12685,12685,0,0,0,12685
0x64c59c,100%,0,9,9,0,0,0,9
0x4b5a56,100%,0,11586,11586,11586,0,0,0
0x7a6409,100%,0,29,29,0,0,0,29
0x64cea7,100%,0,20319,20319,0,0,0,20319
0x7b573a,100%,0,35391,35391,0,0,0,35391
0x49c4af,100%,0,11622,11622,11622,0,0,0
0x64cf4e,100%,0,433,433,433,0,0,0
0x64ccc0,100%,0,10275,10275,0,0,0,10275
0x538de7,100%,0,60,60,0,0,0,60
0x45ba5e,100%,0,8,8,0,0,0,8
0x7b30c2,100%,0,5868,5868,0,0,0,5868
0x7b1399,100%,0,5868,5868,0,0,0,5868
0x4a766a,100%,0,170,170,0,0,0,170
0x7b512b,100%,0,33407,33407,0,0,0,33407
0x45f98c,100%,0,396,396,24,0,0,372
0x7b1c32,100%,0,12480,12480,0,0,0,12480
0x6840c8,100%,0,12,12,0,0,0,12
0x66f764,100%,0,166,166,166,0,0,0
0x460a73,100%,0,3,3,0,0,0,3
0x5ec234,100%,0,8,8,8,0,0,0
0x7b25f3,100%,0,12480,12480,12480,0,0,0
0x7b201a,100%,0,12480,12480,0,0,0,12480
0x64ccae,100%,0,6302,6302,0,0,0,6302
0x4996e0,100%,0,17579,17579,0,0,0,17579
0x68e8ab,100%,0,29,29,0,0,0,29
0x4861be,100%,0,8,8,0,0,0,8
0x406b22,100%,0,33910,33910,0,0,0,33910
0x5d0b89,100%,0,14848,14848,0,0,0,14848
0x7bd864,100%,0,29,29,29,0,0,0
0x5ea661,100%,0,16,16,0,0,0,16
0x5a15be,100%,0,6856,6856,0,0,0,6856
0x54ce50,100%,0,12,12,0,0,0,12
0x48cae3,100%,0,3,3,0,0,0,3
0x48c9fe,100%,0,3,3,0,0,0,3
0x7b1cf3,100%,0,12480,12480,0,0,0,12480
0x6841a8,100%,0,12,12,12,0,0,0
0x68d5e5,100%,0,9,9,9,0,0,0
0x4a97c2,100%,0,9,9,0,0,0,9
0x45bd89,100%,0,100,100,0,0,0,100
0x7b2027,100%,0,12480,12480,12480,0,0,0
0x7b33c8,100%,0,1017,1017,1017,0,0,0
0x638e22,100%,0,19406,19406,0,0,0,19406
0x64ce08,100%,0,12685,12685,0,0,0,12685
0x4e8e76,100%,0,1,1,0,0,0,1
0x5e9f0e,100%,0,55,55,55,0,0,0
0x7b1b07,100%,0,22911,22911,0,0,0,22911
0x7b1cbd,100%,0,10625,10625,0,0,0,10625
0x64df90,100%,0,10692,10692,10692,0,0,0
0x4b5bb0,100%,0,11586,11586,11586,0,0,0
0x5dc984,100%,0,11594,11594,0,0,0,11594
0x7b1b57,100%,0,22911,22911,0,0,0,22911
0x7b1b9f,100%,0,22911,22911,22911,0,0,0
0x7b1bb3,100%,0,9852,9852,9852,0,0,0
0x48cba9,100%,0,3,3,0,0,0,3
0x7b1ac9,100%,0,35391,35391,0,0,0,35391
0x54f2c7,100%,0,69,69,0,0,0,69
0x7b1c8a,100%,0,16,16,0,0,0,16
0x45f8cc,100%,0,24,24,0,0,0,24
0x486449,100%,0,8,8,0,0,0,8
0x63918f,100%,0,1283,1283,1283,0,0,0
0x64c6a8,100%,0,9,9,0,0,0,9
0x488580,100%,0,40,40,32,0,0,8
0x64c562,100%,0,9,9,0,0,0,9
0x6ec690,100%,0,33406,33406,33406,0,0,0
0x406947,100%,0,16400,16400,0,0,0,16400
0x7b200e,100%,0,12480,12480,0,0,0,12480
0x7b50eb,100%,0,33407,33407,33407,0,0,0
0x4b5aba,100%,0,11586,11586,0,0,0,11586
0x406b5a,100%,0,11211,11211,0,0,0,11211
0x7b1c61,100%,0,18,18,0,0,0,18
0x5eadcb,100%,0,8,8,0,0,0,8
0x638e18,100%,0,19406,19406,0,0,0,19406
0x5a15af,100%,0,6856,6856,0,0,0,6856
0x638eb7,100%,0,2879813,2879813,0,0,0,2879813
0x674e26,100%,0,29,29,0,0,0,29
0x7a639a,100%,0,29,29,0,0,0,29
0x63905a,100%,0,18123,18123,18123,0,0,0
0x5dfb81,100%,0,54288,54288,0,0,0,54288
0x64c67a,100%,0,9,9,9,0,0,0
0x4863fe,100%,0,8,8,0,0,0,8
0x5ea00e,100%,0,55,55,0,0,0,55
0x5dfcc2,100%,0,37,37,0,0,0,37
0x547d1c,100%,0,16,16,0,0,0,16
0x5dc81a,100%,0,54288,54288,0,0,0,54288
0x486462,100%,0,8,8,0,0,0,8
0x7b1c13,100%,0,12480,12480,0,0,0,12480
0x7b1b18,100%,0,22911,22911,0,0,0,22911
0x638e27,100%,0,19406,19406,0,0,0,19406
0x63a547,100%,0,9,9,0,0,0,9
0x5ec7bf,100%,0,857,857,857,0,0,0
0x7b5113,100%,0,33407,33407,0,0,0,33407
0x7b1c6b,100%,0,18,18,0,0,0,18
0x644662,100%,0,23202,23202,0,0,0,23202
0x674e0b,100%,0,29,29,0,0,0,29
0x649edc,100%,0,6755,6755,0,0,0,6755
0x7b3489,100%,0,7048,7048,0,0,0,7048
0x7b1ba9,100%,0,22911,22911,0,0,0,22911
0x490d0b,100%,0,5,5,0,0,0,5
0x674251,100%,0,29,29,0,0,0,29
0x7b2f7a,100%,0,33407,33407,0,0,0,33407
0x60c8e0,100%,0,12,12,12,0,0,0
0x486814,100%,0,28984,28984,0,0,0,28984
0x5f8797,100%,0,255,255,0,0,0,255
0x4a756e,100%,0,170,170,0,0,0,170
0x60c8d2,100%,0,12,12,0,0,0,12
0x645d82,100%,0,32,32,0,0,0,32
0x4e8ea3,100%,0,1,1,0,0,0,1
0x68841a,100%,0,9,9,0,0,0,9
0x644a72,100%,0,23202,23202,0,0,0,23202
0x618c01,100%,0,187,187,187,0,0,0
0x54cd7f,100%,0,12,12,0,0,0,12
0x4067c2,100%,0,8,8,0,0,0,8
0x64dfbf,100%,0,10692,10692,0,0,0,10692
0x490be6,100%,0,5,5,0,0,0,5
0x64df8b,100%,0,10692,10692,0,0,0,10692
0x490c3c,100%,0,5,5,0,0,0,5
0x60c361,100%,0,9,9,0,0,0,9
0x48fb81,100%,0,8,8,0,0,0,8
0x45ba52,100%,0,8,8,0,0,0,8
0x7b5743,100%,0,35391,35391,0,0,0,35391
0x64d063,100%,0,12685,12685,0,0,0,12685
0x487b79,100%,0,70,70,36,0,0,34
0x5e948b,100%,0,52,52,0,0,0,52
0x54a365,100%,0,29055,29055,0,0,0,29055
0x7b5140,100%,0,33407,33407,0,0,0,33407
0x6448ef,100%,0,23202,23202,23202,0,0,0
0x63a104,100%,0,9,9,0,0,0,9
0x4a727f,100%,0,165,165,165,0,0,0
0x645970,100%,0,32,32,32,0,0,0
0x54ed27,100%,0,5889,5889,0,0,0,5889
0x48c927,100%,0,1,1,0,0,0,1
0x5a0d84,100%,0,32,32,0,0,0,32
0x4e89da,100%,0,1,1,1,0,0,0
0x4a75eb,100%,0,170,170,170,0,0,0
0x406b70,100%,0,2201,2201,0,0,0,2201
0x5dfc64,100%,0,11602,11602,0,0,0,11602
0x674207,100%,0,29,29,0,0,0,29
0x415f21,100%,0,16,16,0,0,0,16
0x66dd61,100%,0,8,8,8,0,0,0
0x638cd1,100%,0,17413,17413,17413,0,0,0
0x4a71eb,100%,0,112,112,0,0,0,112
0x64df82,100%,0,10692,10692,0,0,0,10692
0x5a1459,100%,0,29055,29055,0,0,0,29055
0x45fc3b,100%,0,15,15,0,0,0,15
0x48ca15,100%,0,3,3,3,0,0,0
0x5d0ac2,100%,0,29,29,0,0,0,29
0x7b575c,100%,0,35391,35391,35391,0,0,0
0x684188,100%,0,12,12,0,0,0,12
0x4863f6,100%,0,8,8,0,0,0,8
0x5a1ff9,100%,0,23377,23377,0,0,0,23377
0x4a71ce,100%,0,112,112,0,0,0,112
0x5504c3,100%,0,5795,5795,5795,0,0,0
0x48c3c3,100%,0,10,10,0,0,0,10
0x644c9c,100%,0,23202,23202,23202,0,0,0
0x48fc01,100%,0,8,8,0,0,0,8
0x5d0acb,100%,0,29,29,0,0,0,29
0x490a74,100%,0,5,5,5,0,0,0
0x5e7a65,100%,0,17422,17422,0,0,0,17422
0x68d7cb,100%,0,9,9,0,0,0,9
0x6391af,100%,0,1283,1283,1283,0,0,0
0x7b3755,100%,0,8080,8080,0,0,0,8080
0x4b5adc,100%,0,11586,11586,0,0,0,11586
0x49b3c6,100%,0,12,12,0,0,0,12
0x7b1c95,100%,0,12480,12480,0,0,0,12480
0x4aad21,100%,0,8,8,0,0,0,8
0x7b1c07,100%,0,12480,12480,12480,0,0,0
0x49a4dd,100%,0,99,99,99,0,0,0
0x4a722e,100%,0,165,165,0,0,0,165
0x676e33,100%,0,8,8,0,0,0,8
0x63a3b8,100%,0,9,9,0,0,0,9
0x64469f,100%,0,23202,23202,0,0,0,23202
0x4e1639,100%,0,165,165,0,0,0,165
0x64d11c,100%,0,12252,12252,12252,0,0,0
0x54ab9b,100%,0,16,16,0,0,0,16
0x638db2,100%,0,1283,1283,0,0,0,1283
0x5d788b,100%,0,37,37,0,0,0,37
0x64e322,100%,0,334,334,0,0,0,334
0x499287,100%,0,59,59,0,0,0,59
0x638fb2,100%,0,1505,1505,0,0,0,1505
0x486822,100%,0,28984,28984,0,0,0,28984
0x7b4240,100%,0,6980,6980,0,0,0,6980
0x5e0a67,100%,0,11602,11602,0,0,0,11602
0x5e2d65,100%,0,23202,23202,0,0,0,23202
0x60cd9b,100%,0,12,12,0,0,0,12
0x5a1320,100%,0,11662,11662,20,0,0,11642
0x487f7b,100%,0,8,8,0,0,0,8
0x5a12c8,100%,0,52339,52339,29055,0,0,23284
0x7b32bf,100%,0,700,700,700,0,0,0
0x7b31a8,100%,0,20419,20419,0,0,0,20419
0x7ac01b,100%,0,29,29,0,0,0,29
0x63a3c9,100%,0,9,9,0,0,0,9
0x63a3ab,100%,0,9,9,0,0,0,9
0x7b31d6,100%,0,21455,21455,0,0,0,21455
0x60c375,100%,0,9,9,0,0,0,9
0x5a101a,100%,0,52319,52319,0,0,0,52319
0x66f3ea,100%,0,330,330,0,0,0,330
0x645962,100%,0,32,32,0,0,0,32
0x7b13a8,100%,0,5868,5868,5868,0,0,0
0x4a821a,100%,0,8,8,0,0,0,8
0x617e9f,100%,0,165,165,0,0,0,165
0x49470e,100%,0,7,7,0,0,0,7
0x6f7b5f,100%,0,29,29,29,0,0,0
0x64d25f,100%,0,12252,12252,12252,0,0,0
0x49a40d,100%,0,99,99,0,0,0,99
0x64d1aa,100%,0,12252,12252,0,0,0,12252
0x461666,100%,0,9,9,0,0,0,9
0x674e5c,100%,0,29,29,0,0,0,29
0x7b203a,100%,0,12480,12480,0,0,0,12480
0x6ee3e3,100%,0,35390,35390,0,0,0,35390
0x64cc64,100%,0,5555670,5555670,0,0,0,5555670
0x7b1b2a,100%,0,22911,22911,0,0,0,22911
