Branch PC,Accuracy,Mispredictions,Correct Predictions,Total,dir_t_pred_t,dir_t_pred_nt,dir_nt_pred_t,dir_nt_pred_nt
aggregate,99.7196%,139540,49629901,49769441,13235644,47634,91906,36394257
0x638ed8,98.7257%,47693,3695019,3742712,3288040,12961,34732,406979
0x64d0d3,96.7394%,13646,404861,418507,188363,6873,6773,216498
0x7b358e,92.2537%,12319,146711,159030,142959,829,11490,3752
0x64cc86,99.8303%,9398,5529509,5538907,5529488,219,9179,21
0x406ce1,85.2514%,8325,48121,56446,25830,1099,7226,22291
0x406c31,81.2351%,6694,28979,35673,24564,2163,4531,4415
0x64cc75,99.9128%,4836,5538877,5543713,0,4805,31,5538877
0x406c06,97.9484%,3055,145852,148907,138178,771,2284,7674
0x64d0f2,98.5115%,2906,192330,195236,5710,2514,392,186620
0x64cca3,63.9122%,2533,4486,7019,1287,922,1611,3199
0x64cc9d,74.9892%,2308,6920,9228,11,2198,110,6909
0x64cec8,81.5609%,2039,9019,11058,1520,1210,829,7499
0x7b327b,74.8724%,2018,6013,8031,5765,319,1699,248
0x7b3597,89.588%,1587,13655,15242,8471,755,832,5184
0x406c39,87.1607%,1315,8927,10242,17,1281,34,8910
0x406c0b,88.1957%,1209,9033,10242,356,940,269,8677
0x406b67,88.6057%,1167,9075,10242,8949,184,983,126
0x638ecb,99.969%,1160,3742710,3743870,0,1158,2,3742710
0x638d03,92.5957%,1159,14494,15653,14493,2,1157,1
0x638eec,99.7403%,1147,440564,441711,428680,164,983,11884
0x7b347d,92.8421%,1091,14151,15242,7655,730,361,6496
0x638f7a,92.1965%,1004,11862,12866,11860,29,975,2
0x7b320a,96.4278%,788,21271,22059,12632,571,217,8639
0x7b321b,92.378%,675,8181,8856,7977,54,621,204
0x7b1cd3,91.8357%,632,7109,7741,78,530,102,7031
0x7b1ca1,93.0269%,581,7751,8332,171,420,161,7580
0x7b3806,95.6907%,394,8749,9143,380,355,39,8369
0x7b3236,94.3407%,391,6518,6909,6066,53,338,452
0x7b3496,94.6186%,369,6488,6857,5413,198,171,1075
0x7b31b5,98.9536%,331,31302,31633,9093,226,105,22209
0x7b303a,97.88%,317,14636,14953,2236,110,207,12400
0x64e273,96.8806%,313,9721,10034,9721,0,313,0
0x7b3610,96.0277%,287,6938,7225,6423,113,174,515
0x406d92,97.2551%,246,8716,8962,8715,14,232,1
0x7b1d08,97.1555%,237,8095,8332,663,108,129,7432
0x7b2fc5,98.9885%,210,20552,20762,12107,113,97,8445
0x7b3774,97.8105%,202,9024,9226,245,148,54,8779
0x64a793,99.9639%,199,551228,551427,47028,168,31,504200
0x7b13d8,99.7579%,175,72105,72280,8555,129,46,63550
0x7b32e4,96.2844%,173,4483,4656,4428,43,130,55
0x678c33,99.9505%,120,242283,242403,29848,71,49,212435
0x7b3251,86.5385%,112,720,832,119,66,46,601
0x7b1af5,99.6494%,102,28988,29090,8287,45,57,20701
0x7b361a,85.3411%,101,588,689,585,11,90,3
0x7b37f9,98.8953%,101,9042,9143,7082,49,52,1960
0x7b151b,99.8672%,96,72184,72280,65033,19,77,7151
0x406b91,99.131%,89,10153,10242,211,73,16,9942
0x64a748,99.9309%,87,125779,125866,31620,40,47,94159
0x7b34af,93.0979%,86,1160,1246,966,40,46,194
0x4ab909,99.2067%,79,9879,9958,9859,13,66,20
0x7b1b7f,99.6242%,78,20680,20758,13862,35,43,6818
0x64ccea,99.4728%,74,13962,14036,5587,43,31,8375
0x7b1490,99.3943%,74,12144,12218,12128,26,48,16
0x7b1469,99.4189%,71,12147,12218,8643,41,30,3504
0x649a90,99.5935%,62,15190,15252,10027,20,42,5163
0x7b2fa5,99.8047%,60,30663,30723,9933,28,32,20730
0x7b377e,99.3547%,57,8776,8833,8776,4,53,0
0x4a76b9,99.4258%,57,9869,9926,9868,5,52,1
0x64cbce,99.6425%,56,15609,15665,10010,24,32,5599
0x406b4d,99.8183%,56,30759,30815,20549,24,32,10210
0x66db99,90.2827%,55,511,566,313,36,19,198
0x7b32e6,70.8108%,54,131,185,26,42,12,105
0x7b3020,99.7701%,51,22130,22181,7203,25,26,14927
0x649a4c,99.6756%,51,15672,15723,449,22,29,15223
0x64ced9,99.4236%,48,8280,8328,8121,25,23,159
0x7b3788,99.4797%,48,9178,9226,9131,12,36,47
0x66dbb9,93.2761%,47,652,699,460,22,25,192
0x7b363a,70.625%,47,113,160,39,28,19,74
0x7b329d,97.8428%,42,1905,1947,0,42,0,1905
0x617d49,70.7143%,41,99,140,86,17,24,13
0x498413,99.9504%,40,80530,80570,41889,23,17,38641
0x64ccb7,99.4444%,39,6980,7019,2588,21,18,4392
0x7b14c3,43.75%,36,28,64,15,19,17,13
0x64cd2f,99.7506%,35,14001,14036,8802,16,19,5199
0x538db4,74.0741%,35,100,135,99,10,25,1
0x678c38,99.984%,34,212450,212484,45343,20,14,167107
0x4ab7f9,69.1589%,33,74,107,16,22,11,58
0x7b30a3,99.5434%,33,7195,7228,5410,11,22,1785
0x5ea1d4,83.7563%,32,165,197,140,14,18,25
0x64cebb,99.834%,32,19250,19282,8205,19,13,11045
0x7b3446,99.6673%,31,9288,9319,7213,12,19,2075
0x678c13,99.9882%,29,245598,245627,31495,20,9,214103
0x7b3323,99.5233%,29,6055,6084,0,29,0,6055
0x5a1401,99.9617%,28,73066,73094,26095,8,20,46971
0x4996c7,99.9094%,27,29764,29791,14095,15,12,15669
0x7d2236,99.5054%,27,5432,5459,5218,23,4,214
0x66dbd4,87.5576%,27,190,217,118,12,15,72
0x4a7249,71.875%,27,69,96,44,15,12,25
0x64cc51,99.8148%,26,14011,14037,4,24,2,14007
0x64cf6f,86.2637%,25,157,182,153,1,24,4
0x7b3354,91.3043%,24,252,276,16,14,10,236
0x7b369b,75.2688%,23,70,93,4,20,3,66
0x498459,99.9431%,22,38636,38658,20934,6,16,17702
0x5a12f2,99.9579%,22,52208,52230,41768,9,13,10440
0x7b3347,99.0948%,21,2299,2320,2037,7,14,262
0x5d0c0a,99.7949%,21,10219,10240,10219,1,20,0
0x674e57,99.2188%,20,2540,2560,2540,0,20,0
0x4ab8e0,99.7992%,20,9938,9958,9938,1,19,0
0x66dbe3,78.1609%,19,68,87,44,9,10,24
0x4069e7,99.9501%,18,36061,36079,30814,1,17,5247
0x64a0b9,83.6364%,18,92,110,61,5,13,31
0x4602f1,76.3889%,17,55,72,8,13,4,47
0x7b31e7,99.9238%,17,22297,22314,19957,5,12,2340
0x7b337d,93.0894%,17,229,246,2,15,2,227
0x4a76ad,99.829%,17,9925,9942,2,14,3,9923
0x7b143d,99.869%,16,12202,12218,12183,4,12,19
0x5ea1b3,91.8782%,16,181,197,108,7,9,73
0x7b3645,83.871%,15,78,93,51,2,13,27
0x54afc8,85.8491%,15,91,106,26,5,10,65
0x45bdbf,81.9277%,15,68,83,66,6,9,2
0x649ecd,99.9069%,15,16090,16105,10471,5,10,5619
0x4602e9,90.7285%,14,137,151,71,8,6,66
0x4ac69d,12.5%,14,2,16,2,14,0,0
0x649a20,99.9333%,14,20973,20987,15720,3,11,5253
0x7b14de,99.8936%,13,12205,12218,0,10,3,12205
0x7b364e,67.5%,13,27,40,17,9,4,10
0x535ba7,82.8571%,12,58,70,38,6,6,20
0x45c8cf,75%,12,36,48,1,7,5,35
0x406d73,95.0207%,12,229,241,0,8,4,229
0x4069f0,99.772%,12,5252,5264,236,5,7,5016
0x45b74f,76.087%,11,35,46,1,4,7,34
0x4a7270,88.5417%,11,85,96,55,4,7,30
0x492791,47.619%,11,10,21,9,9,2,1
0x7b31fd,99.9547%,10,22058,22068,0,9,1,22058
0x7b14cc,66.6667%,10,20,30,20,6,4,0
0x49852d,99.8876%,10,8885,8895,4478,4,6,4407
0x5ec7ad,93.2432%,10,138,148,66,2,8,72
0x460287,95.3917%,10,207,217,76,5,5,131
0x7bd972,93.75%,10,150,160,139,1,9,11
0x45b761,75.6098%,10,31,41,18,5,5,13
0x5ec0af,80.8511%,9,38,47,35,7,2,3
0x4dbff5,90.4255%,9,85,94,51,3,6,34
0x7b1cdc,99.8738%,9,7124,7133,0,9,0,7124
0x46167b,25%,9,3,12,0,4,5,3
0x5a0b83,99.9138%,9,10435,10444,5216,2,7,5219
0x4ab8a3,91.1765%,9,93,102,7,9,0,86
0x535a09,88.5714%,8,62,70,62,8,0,0
0x4a75c5,86.8852%,8,53,61,0,4,4,53
0x5ec71d,33.3333%,8,4,12,4,4,4,0
0x66db68,96.3636%,8,212,220,0,3,5,212
0x5a15e5,99.819%,8,4413,4421,1,7,1,4412
0x5a0991,99.9397%,8,13253,13261,8815,3,5,4438
0x48c5e4,74.1935%,8,23,31,23,8,0,0
0x499235,90%,7,63,70,38,6,1,25
0x7b35c4,22.2222%,7,2,9,0,0,7,2
0x5f7b79,90.7895%,7,69,76,69,3,4,0
0x490ad3,22.2222%,7,2,9,2,4,3,0
0x490d4c,22.2222%,7,2,9,1,5,2,1
0x4ad6cc,92.8571%,7,91,98,28,3,4,63
0x5f7ba8,90.7895%,7,69,76,69,7,0,0
0x5d8f59,12.5%,7,1,8,1,7,0,0
0x4b5a08,99.9329%,7,10431,10438,0,4,3,10431
0x4ad6e3,77.4194%,7,24,31,24,7,0,0
0x7b17e1,76.9231%,6,20,26,0,4,2,20
0x45bd4c,92.7711%,6,77,83,42,5,1,35
0x678c20,99.9972%,6,214106,214112,46986,5,1,167120
0x618c47,90.7692%,6,59,65,59,6,0,0
0x5ec357,90.7692%,6,59,65,41,3,3,18
0x64a777,99.9873%,6,47195,47201,0,5,1,47195
0x4a740d,0%,6,0,6,0,6,0,0
0x4a7508,25%,6,2,8,1,6,0,1
0x499719,99.9619%,6,15742,15748,0,6,0,15742
0x54f2c7,80%,6,24,30,0,0,6,24
0x5ea620,86.6667%,6,39,45,39,6,0,0
0x5ec7d8,92.5%,6,74,80,33,2,4,41
0x5f7c01,25%,6,2,8,1,3,3,1
0x5a1353,99.9856%,6,41771,41777,20878,2,4,20893
0x48c463,68.4211%,6,13,19,13,1,5,0
0x487b9b,79.1667%,5,19,24,5,0,5,14
0x5ea774,88.3721%,5,38,43,0,4,1,38
0x618bb8,92.3077%,5,60,65,60,5,0,0
0x48c7ea,83.871%,5,26,31,26,4,1,0
0x538d8e,80.7692%,5,21,26,0,0,5,21
0x49095e,44.4444%,5,4,9,1,5,0,3
0x7b36ae,92.7536%,5,64,69,0,0,5,64
0x45c71f,88.6364%,5,39,44,19,1,4,20
0x7b31ec,99.7874%,5,2347,2352,2318,2,3,29
0x4909e2,44.4444%,5,4,9,4,5,0,0
0x5a0e57,37.5%,5,3,8,3,5,0,0
0x4a6fd9,86.4865%,5,32,37,9,1,4,23
0x7b3691,94.6237%,5,88,93,77,2,3,11
0x7b1c4a,99.94%,5,8327,8332,8327,1,4,0
0x490aab,44.4444%,5,4,9,0,3,2,4
0x4b59b0,99.9521%,5,10433,10438,5219,0,5,5214
0x5486b1,99.9617%,4,10440,10444,5218,0,4,5222
0x550b32,99.9617%,4,10441,10445,5223,4,0,5218
0x4927bb,33.3333%,4,2,6,0,3,1,2
0x4a6f71,89.1892%,4,33,37,0,0,4,33
0x49b0fb,0%,4,0,4,0,4,0,0
0x66f3e1,96.3964%,4,107,111,37,0,4,70
0x486136,99.9617%,4,10434,10438,0,0,4,10434
0x5a1486,0%,4,0,4,0,4,0,0
0x45c85c,91.6667%,4,44,48,44,0,4,0
0x63a0b7,0%,4,0,4,0,4,0,0
0x60c90f,0%,4,0,4,0,0,4,0
0x45c756,81.8182%,4,18,22,0,0,4,18
0x460290,97.0588%,4,132,136,6,0,4,126
0x45c7b6,90%,4,36,40,36,4,0,0
0x5d8eff,50%,4,4,8,2,2,2,2
0x63a3ab,0%,4,0,4,0,0,4,0
0x60c361,0%,4,0,4,0,0,4,0
0x5e9bb1,85.1852%,4,23,27,23,4,0,0
0x4984f1,99.962%,4,10517,10521,5291,4,0,5226
0x63a0e8,0%,4,0,4,0,0,4,0
0x48942a,99.9234%,4,5219,5223,0,4,0,5219
0x490a36,55.5556%,4,5,9,3,3,1,2
0x490a86,33.3333%,4,2,6,2,4,0,0
0x4a75ae,93.4426%,4,57,61,57,4,0,0
0x486245,0%,4,0,4,0,4,0,0
0x4927ee,80.9524%,4,17,21,17,1,3,0
0x68417b,0%,4,0,4,0,0,4,0
0x49b04d,50%,4,4,8,0,4,0,4
0x7b1920,0%,4,0,4,0,0,4,0
0x4927c7,80.9524%,4,17,21,17,4,0,0
0x60ccf2,0%,4,0,4,0,0,4,0
0x63a3d9,0%,4,0,4,0,4,0,0
0x4a8079,42.8571%,4,3,7,3,3,1,0
0x54958d,0%,4,0,4,0,4,0,0
0x639f1f,0%,4,0,4,0,0,4,0
0x60c53f,0%,4,0,4,0,4,0,0
0x4a9aef,0%,4,0,4,0,4,0,0
0x48e9e1,89.4737%,4,34,38,0,0,4,34
0x66ef8e,96.3964%,4,107,111,107,4,0,0
0x60caf4,0%,4,0,4,0,0,4,0
0x54da57,93.2203%,4,55,59,0,0,4,55
0x406d07,98.3402%,4,237,241,237,4,0,0
0x4a9667,0%,4,0,4,0,4,0,0
0x490ab4,55.5556%,4,5,9,2,4,0,3
0x5ea1a0,97.9695%,4,193,197,193,4,0,0
0x63a1e3,0%,4,0,4,0,4,0,0
0x4a77f5,75%,4,12,16,6,2,2,6
0x4a9aff,0%,4,0,4,0,0,4,0
0x4a71f3,60%,4,6,10,0,4,0,6
0x4a96ea,0%,4,0,4,0,4,0,0
0x64a754,99.9968%,3,94203,94206,47005,0,3,47198
0x4909ae,0%,3,0,3,0,0,3,0
0x48fc0c,25%,3,1,4,0,0,3,1
0x48fc43,25%,3,1,4,0,3,0,1
0x649a13,99.9857%,3,20984,20987,0,0,3,20984
0x64c321,25%,3,1,4,1,3,0,0
0x6840d2,25%,3,1,4,0,0,3,1
0x7b13f9,70%,3,7,10,0,0,3,7
0x5ea7a9,92.3077%,3,36,39,36,3,0,0
0x45bd9e,93.617%,3,44,47,0,0,3,44
0x60cf8c,25%,3,1,4,1,3,0,0
0x4a7481,90.625%,3,29,32,29,3,0,0
0x4ad764,57.1429%,3,4,7,4,3,0,0
0x490923,50%,3,3,6,3,3,0,0
0x487921,88.4615%,3,23,26,4,2,1,19
0x485fed,25%,3,1,4,1,3,0,0
0x683fb3,25%,3,1,4,1,3,0,0
0x49b3d7,25%,3,1,4,0,0,3,1
0x490cdd,0%,3,0,3,0,0,3,0
0x49090a,50%,3,3,6,0,3,0,3
0x494864,0%,3,0,3,0,3,0,0
0x487956,91.4286%,3,32,35,12,3,0,20
0x48fc26,25%,3,1,4,0,0,3,1
0x499d9d,91.8919%,3,34,37,34,3,0,0
0x5a1357,99.9856%,3,20894,20897,20893,0,3,1
0x48e8f8,91.8919%,3,34,37,0,0,3,34
0x64cc6f,99.9999%,3,5543713,5543716,0,3,0,5543713
0x617e90,91.8919%,3,34,37,0,0,3,34
0x490aa2,75%,3,9,12,0,3,0,9
0x674260,85%,3,17,20,17,3,0,0
0x491817,0%,3,0,3,0,3,0,0
0x63a307,25%,3,1,4,0,0,3,1
0x63a432,25%,3,1,4,1,3,0,0
0x415788,57.1429%,3,4,7,4,2,1,0
0x5a1320,99.9713%,3,10450,10453,1,3,0,10449
0x54f86c,99.9426%,3,5224,5227,5224,3,0,0
0x48797c,85%,3,17,20,12,3,0,5
0x674d84,92.5%,3,37,40,18,2,1,19
0x45c72d,87.5%,3,21,24,19,3,0,2
0x5dad2c,99.9713%,3,10439,10442,10439,3,0,0
0x4157c8,50%,3,3,6,3,2,1,0
0x45fc47,66.6667%,3,6,9,0,0,3,6
0x68d7fc,25%,3,1,4,0,0,3,1
0x490836,0%,3,0,3,0,0,3,0
0x48616e,99.9426%,3,5220,5223,0,0,3,5220
0x535cd1,93.1818%,3,41,44,41,3,0,0
0x683e87,25%,3,1,4,1,3,0,0
0x547d3a,25%,3,1,4,1,2,1,0
0x64469f,99.9904%,2,20878,20880,0,0,2,20878
0x64d0b2,99.9762%,2,8404,8406,180,2,0,8224
0x49274b,33.3333%,2,1,3,1,2,0,0
0x490c3c,33.3333%,2,1,3,0,0,2,1
0x68d8da,50%,2,2,4,2,2,0,0
0x67447a,90%,2,18,20,18,2,0,0
0x7b14d6,99.9836%,2,12216,12218,0,0,2,12216
0x487aed,93.3333%,2,28,30,28,2,0,0
0x5eae5a,0%,2,0,2,0,1,1,0
0x5e4445,99.962%,2,5257,5259,0,0,2,5257
0x547aca,95.4545%,2,42,44,42,2,0,0
0x63a453,50%,2,2,4,2,2,0,0
0x60c62b,50%,2,2,4,0,0,2,2
0x7b34bb,99.1667%,2,238,240,0,0,2,238
0x639c5c,50%,2,2,4,2,2,0,0
0x494762,33.3333%,2,1,3,1,2,0,0
0x7b3489,99.9708%,2,6855,6857,0,0,2,6855
0x5a0e3d,75%,2,6,8,0,0,2,6
0x68d5e5,50%,2,2,4,2,2,0,0
0x415c5a,95.122%,2,39,41,39,1,1,0
0x4a73b7,94.7368%,2,36,38,6,2,0,30
0x6386a5,99.9857%,2,14023,14025,0,0,2,14023
0x7b1ad3,99.9931%,2,29088,29090,0,0,2,29088
0x48612d,99.9808%,2,10436,10438,0,0,2,10436
0x66f058,98.9189%,2,183,185,35,2,0,148
0x5361b8,92.3077%,2,24,26,24,2,0,0
0x64a764,99.9979%,2,94204,94206,47004,1,1,47200
0x649e7c,99.9876%,2,16103,16105,0,0,2,16103
0x5ea649,95.5556%,2,43,45,42,1,1,1
0x64d11c,99.9757%,2,8222,8224,8222,2,0,0
0x4a769f,99.9799%,2,9940,9942,0,0,2,9940
0x684167,50%,2,2,4,0,0,2,2
0x4a75dd,96.7213%,2,59,61,0,0,2,59
0x7b22b4,77.7778%,2,7,9,0,0,2,7
0x5eae44,0%,2,0,2,0,2,0,0
0x48fae3,50%,2,2,4,0,0,2,2
0x5ec163,95.7447%,2,45,47,44,2,0,1
0x486226,50%,2,2,4,0,0,2,2
0x5ea758,0%,2,0,2,0,2,0,0
0x60c131,50%,2,2,4,0,0,2,2
0x4a7d4a,33.3333%,2,1,3,1,2,0,0
0x5ec254,95.6522%,2,44,46,3,1,1,41
0x4a80b9,50%,2,2,4,2,1,1,0
0x54bf93,50%,2,2,4,2,2,0,0
0x63a17f,50%,2,2,4,2,2,0,0
0x4a6f79,94.5946%,2,35,37,35,2,0,0
0x490992,33.3333%,2,1,3,1,2,0,0
0x64c570,50%,2,2,4,2,2,0,0
0x7b180e,0%,2,0,2,0,0,2,0
0x617aa0,98.5714%,2,138,140,138,2,0,0
0x685b78,0%,2,0,2,0,0,2,0
0x7a63d1,90%,2,18,20,18,2,0,0
0x490a6b,66.6667%,2,4,6,1,2,0,3
0x5e9589,92.3077%,2,24,26,0,0,2,24
0x535c0f,92.3077%,2,24,26,24,2,0,0
0x538df6,94.2857%,2,33,35,26,0,2,7
0x5e47c9,50%,2,2,4,2,2,0,0
0x538e0b,77.7778%,2,7,9,7,2,0,0
0x461682,75%,2,6,8,6,2,0,0
0x68842d,50%,2,2,4,0,0,2,2
0x60c8db,50%,2,2,4,0,0,2,2
0x4862dc,50%,2,2,4,2,2,0,0
0x5ec259,95.2381%,2,40,42,0,0,2,40
0x5ec1c4,95.6522%,2,44,46,44,2,0,0
0x4a7069,94.5946%,2,35,37,35,1,1,0
0x415d17,95.122%,2,39,41,39,1,1,0
0x45fa28,0%,2,0,2,0,2,0,0
0x64cf0b,98.9011%,2,180,182,0,0,2,180
0x494813,77.7778%,2,7,9,4,2,0,3
0x4ab7a0,97.1014%,2,67,69,0,0,2,67
0x4a73d4,94.7368%,2,36,38,5,1,1,31
0x5d78e7,75%,2,6,8,6,2,0,0
0x4e8464,50%,2,2,4,1,0,2,1
0x68421c,50%,2,2,4,2,2,0,0
0x490953,77.7778%,2,7,9,4,2,0,3
0x49094a,77.7778%,2,7,9,2,1,1,5
0x486238,50%,2,2,4,2,2,0,0
0x4a726b,97.9167%,2,94,96,0,0,2,94
0x4991d9,97.1429%,2,68,70,24,2,0,44
0x4918ff,33.3333%,2,1,3,1,2,0,0
0x618a47,94.7368%,2,36,38,36,2,0,0
0x4e846f,0%,2,0,2,0,1,1,0
0x7b201a,99.976%,2,8330,8332,0,0,2,8330
0x5a147e,99.9945%,2,36562,36564,36560,0,2,2
0x5ec72f,50%,2,2,4,0,0,2,2
0x5a0b54,99.9617%,2,5224,5226,0,0,2,5224
0x4a7420,66.6667%,2,4,6,4,2,0,0
0x4a7590,96.7213%,2,59,61,59,2,0,0
0x45c886,95.4545%,2,42,44,0,0,2,42
0x7b141a,80%,2,8,10,8,0,2,0
0x490c54,33.3333%,2,1,3,1,2,0,0
0x5e995e,92.5926%,2,25,27,25,1,1,0
0x487b4d,96.6667%,1,29,30,0,0,1,29
0x48620e,75%,1,3,4,0,0,1,3
0x4ab7cd,99.0654%,1,106,107,106,1,0,0
0x4a97ec,75%,1,3,4,0,0,1,3
0x4a97dd,75%,1,3,4,0,0,1,3
0x6499f7,99.9952%,1,20986,20987,20986,1,0,0
0x64ce17,99.9881%,1,8405,8406,0,0,1,8405
0x4a74b9,97.3684%,1,37,38,37,1,0,0
0x7b14a7,98.4375%,1,63,64,0,0,1,63
0x7b32db,99.9776%,1,4470,4471,0,0,1,4470
0x67e975,75%,1,3,4,3,1,0,0
0x617d68,97.2973%,1,36,37,36,1,0,0
0x486462,0%,1,0,1,0,0,1,0
0x490d1a,66.6667%,1,2,3,0,0,1,2
0x4a70d4,97.2973%,1,36,37,36,1,0,0
0x7b304e,99.9921%,1,12606,12607,0,0,1,12606
0x7bd8e5,95%,1,19,20,19,1,0,0
0x4ab766,99.4253%,1,173,174,173,0,1,0
0x5d0b9a,99.9902%,1,10239,10240,0,0,1,10239
0x4890f3,99.9933%,1,14857,14858,4412,1,0,10445
0x415e1a,0%,1,0,1,0,1,0,0
0x4a81d4,0%,1,0,1,0,1,0,0
0x460af7,0%,1,0,1,0,1,0,0
0x675197,95%,1,19,20,0,0,1,19
0x4a74c5,97.3684%,1,37,38,6,0,1,31
0x644670,99.9952%,1,20879,20880,20879,1,0,0
0x60cdcc,75%,1,3,4,3,1,0,0
0x4a73d8,96.875%,1,31,32,30,0,1,1
0x63a547,75%,1,3,4,0,0,1,3
0x4863f6,0%,1,0,1,0,0,1,0
0x63a1b1,75%,1,3,4,3,1,0,0
0x4607ad,0%,1,0,1,0,0,1,0
0x406dbc,99.5851%,1,240,241,0,0,1,240
0x5ea4b1,0%,1,0,1,0,0,1,0
0x4f0e43,75%,1,3,4,3,1,0,0
0x490cc6,66.6667%,1,2,3,0,0,1,2
0x4a73f0,96.875%,1,31,32,31,1,0,0
0x4a780b,98.3607%,1,60,61,60,1,0,0
0x7b17c8,96.1538%,1,25,26,0,0,1,25
0x5e5b69,99.9904%,1,10454,10455,0,0,1,10454
0x490941,91.6667%,1,11,12,2,1,0,9
0x5a0d2c,99.9809%,1,5225,5226,5225,1,0,0
0x4a817d,0%,1,0,1,0,1,0,0
0x7b573a,99.9966%,1,29089,29090,0,0,1,29089
0x5d0b12,99.9902%,1,10239,10240,10239,1,0,0
0x67e918,75%,1,3,4,3,1,0,0
0x618987,97.3684%,1,37,38,37,1,0,0
0x486822,99.9962%,1,26093,26094,0,0,1,26093
0x461066,0%,1,0,1,0,0,1,0
0x7b32bf,99.4595%,1,184,185,184,1,0,0
0x5d0b89,99.9902%,1,10239,10240,0,0,1,10239
0x4861e2,75%,1,3,4,0,0,1,3
0x5eae6d,50%,1,1,2,0,1,0,1
0x7b3fcb,95.8333%,1,23,24,0,0,1,23
0x7b34a2,99.9197%,1,1245,1246,0,0,1,1245
0x415f02,0%,1,0,1,0,0,1,0
0x460ae8,0%,1,0,1,0,0,1,0
0x7b34c8,99.5833%,1,239,240,239,1,0,0
0x54dff7,99.9953%,1,21294,21295,0,0,1,21294
0x4867a6,99.9962%,1,26093,26094,0,0,1,26093
0x48c4d2,0%,1,0,1,0,0,1,0
0x48c642,96.7742%,1,30,31,30,1,0,0
0x7b30c2,99.9862%,1,7227,7228,0,0,1,7227
0x490a74,66.6667%,1,2,3,2,1,0,0
0x7a6433,95%,1,19,20,19,1,0,0
0x45b9ff,91.6667%,1,11,12,0,0,1,11
0x638f59,99.9922%,1,12865,12866,12865,1,0,0
0x495678,99.9904%,1,10448,10449,3,1,0,10445
0x6840d7,75%,1,3,4,0,0,1,3
0x67449b,95%,1,19,20,0,0,1,19
0x5a0ff5,99.9979%,1,47008,47009,47005,0,1,3
0x550cb7,99.981%,1,5256,5257,0,0,1,5256
0x490ba6,66.6667%,1,2,3,0,0,1,2
0x460eec,0%,1,0,1,0,0,1,0
0x490901,83.3333%,1,5,6,0,0,1,5
0x6f7b15,95%,1,19,20,0,0,1,19
0x7b1f55,99.988%,1,8331,8332,0,0,1,8331
0x406947,99.9934%,1,15251,15252,0,0,1,15251
0x7b1bfb,99.988%,1,8331,8332,0,0,1,8331
0x7b1c13,99.988%,1,8331,8332,0,0,1,8331
0x5eade0,0%,1,0,1,0,0,1,0
0x7b1c40,99.988%,1,8331,8332,0,0,1,8331
0x499e3f,96.875%,1,31,32,31,1,0,0
0x5d9185,93.75%,1,15,16,12,0,1,3
0x4607d6,0%,1,0,1,0,0,1,0
0x4f0d45,75%,1,3,4,0,0,1,3
0x7b1c81,75%,1,3,4,0,0,1,3
0x7b1403,90%,1,9,10,0,0,1,9
0x4863fe,0%,1,0,1,0,0,1,0
0x4a8159,0%,1,0,1,0,1,0,0
0x63a595,75%,1,3,4,3,1,0,0
0x499e34,97.2973%,1,36,37,4,1,0,32
0x7b3797,98.7952%,1,82,83,0,0,1,82
0x5a15be,99.9774%,1,4420,4421,0,0,1,4420
0x618c01,98.4615%,1,64,65,64,1,0,0
0x535a7f,98.5714%,1,69,70,0,0,1,69
0x48641a,0%,1,0,1,0,1,0,0
0x63a533,75%,1,3,4,3,1,0,0
0x64d04f,99.4505%,1,181,182,181,1,0,0
0x4a97a9,75%,1,3,4,0,0,1,3
0x460fbd,0%,1,0,1,0,1,0,0
0x4996a8,99.9966%,1,29790,29791,0,0,1,29790
0x48eabb,0%,1,0,1,0,0,1,0
0x64d187,99.9878%,1,8223,8224,8223,1,0,0
0x68d7cb,75%,1,3,4,0,0,1,3
0x5ec0c3,80%,1,4,5,4,1,0,0
0x5ec450,50%,1,1,2,0,0,1,1
0x5e99f6,96.2963%,1,26,27,0,0,1,26
0x4607ec,0%,1,0,1,0,0,1,0
0x4866bb,0%,1,0,1,0,0,1,0
0x486678,0%,1,0,1,0,0,1,0
0x683f4f,75%,1,3,4,3,1,0,0
0x4868d9,50%,1,1,2,0,1,0,1
0x486506,0%,1,0,1,0,0,1,0
0x4863dd,0%,1,0,1,0,0,1,0
0x45b786,95.6522%,1,22,23,0,0,1,22
0x5ea014,96.2963%,1,26,27,0,1,0,26
0x4e846a,66.6667%,1,2,3,0,1,0,2
0x535c33,96.1538%,1,25,26,25,1,0,0
0x5359e3,98.5714%,1,69,70,69,1,0,0
0x499186,98.5714%,1,69,70,69,1,0,0
0x4a9722,75%,1,3,4,3,1,0,0
0x54aeb9,96.7742%,1,30,31,30,1,0,0
0x5ec7bf,98.75%,1,79,80,79,1,0,0
0x5ea155,97.6744%,1,42,43,0,0,1,42
0x4a71fe,83.3333%,1,5,6,5,0,1,0
0x5ea748,50%,1,1,2,0,0,1,1
0x4862cf,75%,1,3,4,3,1,0,0
0x5e9b6a,96.2963%,1,26,27,0,0,1,26
0x7b3586,99.9993%,1,143787,143788,0,0,1,143787
0x638a0b,99.9936%,1,15652,15653,0,0,1,15652
0x683eb8,75%,1,3,4,0,0,1,3
0x460aab,0%,1,0,1,0,1,0,0
0x49921f,97.7273%,1,43,44,0,0,1,43
0x7b5145,99.9967%,1,30722,30723,0,0,1,30722
0x485fde,75%,1,3,4,0,0,1,3
0x48630c,75%,1,3,4,0,0,1,3
0x649f15,88.8889%,1,8,9,0,0,1,8
0x5ec42d,50%,1,1,2,0,0,1,1
0x5e487a,75%,1,3,4,3,1,0,0
0x5e46c3,75%,1,3,4,3,1,0,0
0x5e99a2,0%,1,0,1,0,1,0,0
0x48c3c3,0%,1,0,1,0,0,1,0
0x5ec475,50%,1,1,2,1,1,0,0
0x5a12c8,99.9979%,1,47007,47008,26110,1,0,20897
0x460fa6,0%,1,0,1,0,0,1,0
0x535b30,96.1538%,1,25,26,25,1,0,0
0x4a7d8b,66.6667%,1,2,3,1,1,0,1
0x4a7d3f,66.6667%,1,2,3,0,0,1,2
0x5e997b,0%,1,0,1,0,0,1,0
0x4a81a1,0%,1,0,1,0,1,0,0
0x66f449,97.2973%,1,36,37,36,1,0,0
0x66dd14,0%,1,0,1,0,1,0,0
0x499247,96.1538%,1,25,26,25,1,0,0
0x4e8475,0%,1,0,1,0,1,0,0
0x46029b,99.2308%,1,129,130,0,0,1,129
0x66efbf,99.0991%,1,110,111,110,1,0,0
0x48c6d1,96.7742%,1,30,31,30,1,0,0
0x4a6f1e,97.2973%,1,36,37,36,1,0,0
0x48ea16,97.2973%,1,36,37,36,0,1,0
0x4157a8,75%,1,3,4,2,1,0,1
0x6180b1,0%,1,0,1,0,0,1,0
0x45fa18,66.6667%,1,2,3,1,1,0,1
0x6180c1,0%,1,0,1,0,1,0,0
0x415880,0%,1,0,1,0,1,0,0
0x4168e1,0%,1,0,1,0,1,0,0
0x4861cd,75%,1,3,4,0,0,1,3
0x5ec440,50%,1,1,2,0,0,1,1
0x5ec40e,50%,1,1,2,0,0,1,1
0x48668a,0%,1,0,1,0,1,0,0
0x5ec167,0%,1,0,1,0,1,0,0
0x406acf,99.9968%,1,30814,30815,30814,1,0,0
0x644873,99.9952%,1,20879,20880,0,0,1,20879
0x5ec137,97.8723%,1,46,47,0,0,1,46
0x48c482,80%,1,4,5,0,1,0,4
0x45bd76,97.8723%,1,46,47,0,0,1,46
0x45c8ae,97.7273%,1,43,44,0,0,1,43
0x4dc088,98.8095%,1,83,84,0,0,1,83
0x5ea4f2,0%,1,0,1,0,1,0,0
0x5f7daf,98.3051%,1,58,59,0,0,1,58
0x5e4675,75%,1,3,4,3,1,0,0
0x66f6d3,97.2973%,1,36,37,36,1,0,0
0x4a7f89,0%,1,0,1,0,1,0,0
0x66efb1,99.0991%,1,110,111,0,0,1,110
0x416a5b,0%,1,0,1,0,1,0,0
0x494704,66.6667%,1,2,3,0,0,1,2
0x4a967e,75%,1,3,4,3,1,0,0
0x406db2,99.5851%,1,240,241,0,0,1,240
0x5f8797,98.6842%,1,75,76,0,0,1,75
0x7b17ff,50%,1,1,2,0,0,1,1
0x45c899,97.7273%,1,43,44,0,0,1,43
0x4867ed,99.9962%,1,26093,26094,26093,1,0,0
0x60c223,75%,1,3,4,3,1,0,0
0x5d8fef,75%,1,3,4,3,1,0,0
0x5d901e,75%,1,3,4,3,1,0,0
0x4946cd,66.6667%,1,2,3,2,1,0,0
0x683f81,75%,1,3,4,3,1,0,0
0x45c76e,95.4545%,1,21,22,0,0,1,21
0x4a968d,75%,1,3,4,3,1,0,0
0x63a302,100%,0,4,4,0,0,0,4
0x7a64bc,100%,0,20,20,0,0,0,20
0x4861be,100%,0,4,4,0,0,0,4
0x64ccc0,100%,0,6619,6619,0,0,0,6619
0x5eadf3,100%,0,1,1,0,0,0,1
0x538de7,100%,0,35,35,0,0,0,35
0x549332,100%,0,4,4,0,0,0,4
0x7b307d,100%,0,30477,30477,0,0,0,30477
0x4868e4,100%,0,1,1,0,0,0,1
0x5ec15d,100%,0,47,47,0,0,0,47
0x49c4af,100%,0,10445,10445,10445,0,0,0
0x61824e,100%,0,1,1,0,0,0,1
0x60cce8,100%,0,4,4,0,0,0,4
0x617e9f,100%,0,37,37,0,0,0,37
0x60cf3e,100%,0,4,4,0,0,0,4
0x5ea102,100%,0,45,45,0,0,0,45
0x4a7439,100%,0,32,32,32,0,0,0
0x5ec091,100%,0,72,72,0,0,0,72
0x49082d,100%,0,3,3,0,0,0,3
0x49a4dd,100%,0,13,13,13,0,0,0
0x60c35a,100%,0,4,4,0,0,0,4
0x486449,100%,0,1,1,0,0,0,1
0x60cd87,100%,0,4,4,0,0,0,4
0x5ea509,100%,0,1,1,0,0,0,1
0x7b1819,100%,0,2,2,0,0,0,2
0x554c67,100%,0,31,31,0,0,0,31
0x49853e,100%,0,4482,4482,0,0,0,4482
0x5ea661,100%,0,2,2,0,0,0,2
0x60cda8,100%,0,4,4,0,0,0,4
0x5eadcb,100%,0,1,1,0,0,0,1
0x5a15a3,100%,0,4421,4421,0,0,0,4421
0x54ce66,100%,0,4,4,0,0,0,4
0x7a641a,100%,0,20,20,0,0,0,20
0x64d1e7,100%,0,8224,8224,0,0,0,8224
0x7b1b84,100%,0,6861,6861,6861,0,0,0
0x4b598a,100%,0,10438,10438,0,0,0,10438
0x6743d1,100%,0,20,20,0,0,0,20
0x60ce29,100%,0,4,4,4,0,0,0
0x45bc9c,100%,0,11,11,11,0,0,0
0x54beba,100%,0,5227,5227,5227,0,0,0
0x5e1007,100%,0,8,8,0,0,0,8
0x7b1bde,100%,0,8332,8332,8332,0,0,0
0x7a64af,100%,0,20,20,20,0,0,0
0x7bd983,100%,0,20,20,0,0,0,20
0x7b1f40,100%,0,8332,8332,8332,0,0,0
0x48c60e,100%,0,31,31,31,0,0,0
0x499170,100%,0,70,70,0,0,0,70
0x7b1c07,100%,0,8332,8332,8332,0,0,0
0x5e0a67,100%,0,10442,10442,0,0,0,10442
0x5e2d65,100%,0,20880,20880,0,0,0,20880
0x547b7c,100%,0,70,70,0,0,0,70
0x64ce12,100%,0,8406,8406,0,0,0,8406
0x64cf4e,100%,0,182,182,182,0,0,0
0x490b70,100%,0,3,3,0,0,0,3
0x415f21,100%,0,1,1,0,0,0,1
0x550509,100%,0,10454,10454,5227,0,0,5227
0x549414,100%,0,4,4,4,0,0,0
0x54ce47,100%,0,4,4,0,0,0,4
0x64d063,100%,0,8406,8406,0,0,0,8406
0x54ce37,100%,0,4,4,0,0,0,4
0x64ce08,100%,0,8406,8406,0,0,0,8406
0x5a146b,100%,0,46983,46983,46983,0,0,0
0x64cea7,100%,0,19282,19282,0,0,0,19282
0x5ea7cd,100%,0,45,45,0,0,0,45
0x64d0fb,100%,0,410283,410283,410283,0,0,0
0x48630e,100%,0,4,4,0,0,0,4
0x5e92b0,100%,0,4,4,0,0,0,4
0x60cad8,100%,0,4,4,0,0,0,4
0x45ba52,100%,0,1,1,0,0,0,1
0x45ba5e,100%,0,1,1,0,0,0,1
0x7b406e,100%,0,79,79,0,0,0,79
0x649f4f,100%,0,9,9,0,0,0,9
0x7d2242,100%,0,218,218,218,0,0,0
0x48eaac,100%,0,1,1,0,0,0,1
0x4a7026,100%,0,37,37,37,0,0,0
0x7b4231,100%,0,8780,8780,0,0,0,8780
0x7b3687,100%,0,93,93,0,0,0,93
0x48eadd,100%,0,1,1,0,0,0,1
0x63a3b8,100%,0,4,4,0,0,0,4
0x617d55,100%,0,37,37,0,0,0,37
0x490a62,100%,0,6,6,0,0,0,6
0x490a2d,100%,0,9,9,0,0,0,9
0x7b4079,100%,0,79,79,0,0,0,79
0x5e9993,100%,0,1,1,0,0,0,1
0x617dd2,100%,0,37,37,0,0,0,37
0x4a722e,100%,0,37,37,0,0,0,37
0x4a727f,100%,0,37,37,37,0,0,0
0x4947ca,100%,0,3,3,0,0,0,3
0x4b5aec,100%,0,10434,10434,0,0,0,10434
0x494945,100%,0,3,3,0,0,0,3
0x64e322,100%,0,313,313,0,0,0,313
0x4e1639,100%,0,37,37,0,0,0,37
0x64e27c,100%,0,313,313,0,0,0,313
0x416a4b,100%,0,1,1,0,0,0,1
0x48e93f,100%,0,37,37,37,0,0,0
0x64e2fb,100%,0,313,313,313,0,0,0
0x7ac00a,100%,0,20,20,0,0,0,20
0x416a55,100%,0,1,1,0,0,0,1
0x499287,100%,0,44,44,0,0,0,44
0x491850,100%,0,3,3,3,0,0,0
0x68d7c2,100%,0,4,4,0,0,0,4
0x406b70,100%,0,1109,1109,0,0,0,1109
0x7a6428,100%,0,20,20,20,0,0,0
0x41597f,100%,0,1,1,1,0,0,0
0x4862f7,100%,0,4,4,0,0,0,4
0x41573c,100%,0,1,1,0,0,0,1
0x415750,100%,0,1,1,0,0,0,1
0x490b08,100%,0,3,3,0,0,0,3
0x41576e,100%,0,1,1,0,0,0,1
0x64d1aa,100%,0,8224,8224,0,0,0,8224
0x49b0c8,100%,0,4,4,0,0,0,4
0x684310,100%,0,4,4,0,0,0,4
0x4908ec,100%,0,3,3,3,0,0,0
0x63a104,100%,0,4,4,0,0,0,4
0x64990d,100%,0,9,9,9,0,0,0
0x684198,100%,0,4,4,0,0,0,4
0x63a3c9,100%,0,4,4,0,0,0,4
0x4908de,100%,0,9,9,0,0,0,9
0x4a70ab,100%,0,1,1,0,0,0,1
0x64c67a,100%,0,4,4,4,0,0,0
0x49a40d,100%,0,13,13,0,0,0,13
0x4a71b3,100%,0,37,37,37,0,0,0
0x7a63e4,100%,0,20,20,0,0,0,20
0x617ded,100%,0,37,37,37,0,0,0
0x415e6d,100%,0,1,1,0,0,0,1
0x490d0b,100%,0,3,3,0,0,0,3
0x535b9e,100%,0,70,70,0,0,0,70
0x674251,100%,0,20,20,0,0,0,20
0x49087d,100%,0,3,3,3,0,0,0
0x6390e3,100%,0,1158,1158,1158,0,0,0
0x64df82,100%,0,10034,10034,0,0,0,10034
0x4a8c77,100%,0,37,37,0,0,0,37
0x4a71ce,100%,0,10,10,0,0,0,10
0x4a71dd,100%,0,10,10,0,0,0,10
0x638efc,100%,0,12867,12867,12867,0,0,0
0x4a8094,100%,0,1,1,1,0,0,0
0x4a80c7,100%,0,1,1,1,0,0,0
0x490913,100%,0,3,3,3,0,0,0
0x4a8133,100%,0,1,1,1,0,0,0
0x54cd7f,100%,0,4,4,0,0,0,4
0x406a10,100%,0,5023,5023,0,0,0,5023
0x490a3e,100%,0,3,3,3,0,0,0
0x7b30b4,100%,0,1807,1807,0,0,0,1807
0x486454,100%,0,1,1,0,0,0,1
0x68435e,100%,0,4,4,4,0,0,0
0x60cf2a,100%,0,4,4,4,0,0,0
0x7b31c9,100%,0,22314,22314,0,0,0,22314
0x5ea640,100%,0,45,45,0,0,0,45
0x5a0da4,100%,0,8,8,0,0,0,8
0x60cb6f,100%,0,4,4,4,0,0,0
0x64df90,100%,0,10034,10034,10034,0,0,0
0x4b5bb0,100%,0,10434,10434,10434,0,0,0
0x60cba1,100%,0,4,4,4,0,0,0
0x415d36,100%,0,1,1,1,0,0,0
0x5e4b26,100%,0,4,4,0,0,0,4
0x5a0d84,100%,0,8,8,0,0,0,8
0x48fbf2,100%,0,4,4,0,0,0,4
0x5504c3,100%,0,5218,5218,5218,0,0,0
0x4862b0,100%,0,4,4,0,0,0,4
0x60c375,100%,0,4,4,0,0,0,4
0x60c8d2,100%,0,4,4,0,0,0,4
0x4a756e,100%,0,61,61,0,0,0,61
0x54a4c8,100%,0,44,44,44,0,0,0
0x460a73,100%,0,1,1,0,0,0,1
0x5ec234,100%,0,1,1,1,0,0,0
0x485ff9,100%,0,4,4,0,0,0,4
0x460a9c,100%,0,1,1,0,0,0,1
0x460ac2,100%,0,1,1,0,0,0,1
0x48621d,100%,0,4,4,0,0,0,4
0x683ed3,100%,0,4,4,0,0,0,4
0x48c40f,100%,0,1,1,0,0,0,1
0x6744ad,100%,0,20,20,0,0,0,20
0x4607be,100%,0,1,1,0,0,0,1
0x4adb1a,100%,0,38,38,0,0,0,38
0x4e844a,100%,0,4,4,0,0,0,4
0x4aa0c8,100%,0,4,4,4,0,0,0
0x5e4d25,100%,0,4,4,0,0,0,4
0x49c014,100%,0,5223,5223,0,0,0,5223
0x48faf9,100%,0,4,4,0,0,0,4
0x5e4bc2,100%,0,4,4,0,0,0,4
0x4861d6,100%,0,4,4,0,0,0,4
0x4aa167,100%,0,4,4,0,0,0,4
0x4a7577,100%,0,61,61,61,0,0,0
0x48629e,100%,0,4,4,0,0,0,4
0x490be6,100%,0,3,3,0,0,0,3
0x60c8e0,100%,0,4,4,4,0,0,0
0x60caa7,100%,0,4,4,4,0,0,0
0x4f0d71,100%,0,4,4,4,0,0,0
0x674211,100%,0,20,20,20,0,0,0
0x683cc2,100%,0,4,4,0,0,0,4
0x683ccb,100%,0,4,4,0,0,0,4
0x674e26,100%,0,20,20,0,0,0,20
0x683cd0,100%,0,4,4,4,0,0,0
0x683cff,100%,0,4,4,0,0,0,4
0x7a639a,100%,0,20,20,0,0,0,20
0x45fa14,100%,0,3,3,0,0,0,3
0x64d0c3,100%,0,418507,418507,0,0,0,418507
0x49b1bf,100%,0,4,4,0,0,0,4
0x4a7cf8,100%,0,1,1,0,0,0,1
0x7b14b1,100%,0,64,64,0,0,0,64
0x674e7d,100%,0,20,20,0,0,0,20
0x7b575c,100%,0,29090,29090,29090,0,0,0
0x4f0d69,100%,0,4,4,0,0,0,4
0x5d0b51,100%,0,10240,10240,10240,0,0,0
0x5d0ac2,100%,0,20,20,0,0,0,20
0x5d0ae6,100%,0,20,20,0,0,0,20
0x61a50a,100%,0,44,44,0,0,0,44
0x7b5743,100%,0,29090,29090,0,0,0,29090
0x4991e4,100%,0,44,44,0,0,0,44
0x4a766a,100%,0,61,61,0,0,0,61
0x4f0dd9,100%,0,4,4,0,0,0,4
0x68d908,100%,0,4,4,0,0,0,4
0x61a4af,100%,0,44,44,44,0,0,0
0x5ea61b,100%,0,45,45,0,0,0,45
0x48ea59,100%,0,1,1,0,0,0,1
0x4a76ed,100%,0,16,16,0,0,0,16
0x6f7794,100%,0,20,20,0,0,0,20
0x61a6bf,100%,0,44,44,44,0,0,0
0x61a6fe,100%,0,44,44,0,0,0,44
0x5e002f,100%,0,8,8,0,0,0,8
0x5d78c1,100%,0,8,8,8,0,0,0
0x5e32d6,100%,0,8,8,8,0,0,0
0x5dfc64,100%,0,10442,10442,0,0,0,10442
0x674207,100%,0,20,20,0,0,0,20
0x548e2e,100%,0,4,4,4,0,0,0
0x7b1c6b,100%,0,4,4,0,0,0,4
0x5ea01c,100%,0,26,26,26,0,0,0
0x7b3fe4,100%,0,24,24,24,0,0,0
0x7b22bb,100%,0,9,9,0,0,0,9
0x5e94d5,100%,0,26,26,0,0,0,26
0x64cee9,100%,0,182,182,182,0,0,0
0x535ca8,100%,0,26,26,26,0,0,0
0x64cfa7,100%,0,28,28,0,0,0,28
0x7b1c61,100%,0,4,4,0,0,0,4
0x486773,100%,0,1,1,0,0,0,1
0x7ac029,100%,0,20,20,0,0,0,20
0x461013,100%,0,1,1,0,0,0,1
0x45b79e,100%,0,23,23,0,0,0,23
0x7abff6,100%,0,20,20,0,0,0,20
0x7b1c8a,100%,0,4,4,0,0,0,4
0x4864f5,100%,0,1,1,0,0,0,1
0x5ea00e,100%,0,27,27,0,0,0,27
0x5dfcc2,100%,0,8,8,0,0,0,8
0x485f99,100%,0,5223,5223,0,0,0,5223
0x7b1d39,100%,0,8332,8332,8332,0,0,0
0x7b1c32,100%,0,8332,8332,0,0,0,8332
0x7bd91e,100%,0,20,20,0,0,0,20
0x538d67,100%,0,26,26,0,0,0,26
0x538d7c,100%,0,26,26,0,0,0,26
0x618265,100%,0,1,1,0,0,0,1
0x5e6928,100%,0,31,31,0,0,0,31
0x7b1c95,100%,0,8332,8332,0,0,0,8332
0x5e948b,100%,0,26,26,0,0,0,26
0x487b79,100%,0,35,35,11,0,0,24
0x4864fd,100%,0,1,1,0,0,0,1
0x5e94a5,100%,0,26,26,0,0,0,26
0x54ce50,100%,0,4,4,0,0,0,4
0x7b200e,100%,0,8332,8332,0,0,0,8332
0x460fb1,100%,0,1,1,0,0,0,1
0x7b2027,100%,0,8332,8332,8332,0,0,0
0x487836,100%,0,30,30,0,0,0,30
0x4ad6be,100%,0,98,98,0,0,0,98
0x7b22a6,100%,0,9,9,0,0,0,9
0x45c7a8,100%,0,40,40,0,0,0,40
0x60cdbc,100%,0,4,4,0,0,0,4
0x6842fc,100%,0,4,4,4,0,0,0
0x460f35,100%,0,1,1,1,0,0,0
0x460f60,100%,0,1,1,0,0,0,1
0x60ccf7,100%,0,4,4,0,0,0,4
0x64c56b,100%,0,4,4,0,0,0,4
0x460f97,100%,0,1,1,0,0,0,1
0x4a75eb,100%,0,61,61,61,0,0,0
0x7a6409,100%,0,20,20,0,0,0,20
0x460f26,100%,0,1,1,0,0,0,1
0x4a732b,100%,0,38,38,38,0,0,0
0x7a63ad,100%,0,20,20,0,0,0,20
0x5d8f9c,100%,0,8,8,0,0,0,8
0x64c59c,100%,0,4,4,0,0,0,4
0x461004,100%,0,1,1,0,0,0,1
0x63918f,100%,0,1158,1158,1158,0,0,0
0x64c6a8,100%,0,4,4,0,0,0,4
0x5e9983,100%,0,1,1,0,0,0,1
0x60cd9b,100%,0,4,4,0,0,0,4
0x5d8f0f,100%,0,4,4,0,0,0,4
0x460799,100%,0,1,1,0,0,0,1
0x4926dd,100%,0,3,3,3,0,0,0
0x7b1ba9,100%,0,20758,20758,0,0,0,20758
0x7a640e,100%,0,20,20,20,0,0,0
0x64999d,100%,0,4,4,0,0,0,4
0x4a97b3,100%,0,4,4,0,0,0,4
0x45bd89,100%,0,47,47,0,0,0,47
0x4a97c2,100%,0,4,4,0,0,0,4
0x6840c8,100%,0,4,4,0,0,0,4
0x4aa0ab,100%,0,4,4,0,0,0,4
0x460ad1,100%,0,1,1,1,0,0,0
0x4866c7,100%,0,1,1,0,0,0,1
0x4866f1,100%,0,1,1,0,0,0,1
0x7a63c3,100%,0,20,20,0,0,0,20
0x460801,100%,0,1,1,0,0,0,1
0x64c562,100%,0,4,4,0,0,0,4
0x460efb,100%,0,1,1,1,0,0,0
0x5a13b1,100%,0,10445,10445,10445,0,0,0
0x5505fe,100%,0,5218,5218,5218,0,0,0
0x6ec690,100%,0,30723,30723,30723,0,0,0
0x6ee3e3,100%,0,29090,29090,0,0,0,29090
0x7b1add,100%,0,29090,29090,0,0,0,29090
0x7b5753,100%,0,29090,29090,0,0,0,29090
0x64dfbf,100%,0,10034,10034,0,0,0,10034
0x45bc8e,100%,0,11,11,0,0,0,11
0x7b50d7,100%,0,30723,30723,0,0,0,30723
0x64a7a7,100%,0,504231,504231,504231,0,0,0
0x48c452,100%,0,19,19,0,0,0,19
0x4a74d1,100%,0,32,32,0,0,0,32
0x649edc,100%,0,5629,5629,0,0,0,5629
0x5dcacf,100%,0,5223,5223,0,0,0,5223
0x490b3b,100%,0,3,3,0,0,0,3
0x7b1b07,100%,0,20758,20758,0,0,0,20758
0x550434,100%,0,15672,15672,10454,0,0,5218
0x7b1b18,100%,0,20758,20758,0,0,0,20758
0x64e194,100%,0,10034,10034,0,0,0,10034
0x7ac054,100%,0,20,20,0,0,0,20
0x5a138c,100%,0,20881,20881,10436,0,0,10445
0x460a82,100%,0,1,1,1,0,0,0
0x7b1b39,100%,0,20758,20758,20758,0,0,0
0x7b511c,100%,0,30723,30723,30723,0,0,0
0x5dcad4,100%,0,5223,5223,5223,0,0,0
0x66f764,100%,0,38,38,38,0,0,0
0x639ee2,100%,0,4,4,0,0,0,4
0x4908e7,100%,0,9,9,6,0,0,3
0x6841fb,100%,0,4,4,4,0,0,0
0x5a13c7,100%,0,31333,31333,31333,0,0,0
0x5a08ad,100%,0,5256,5256,5256,0,0,0
0x5e456f,100%,0,4,4,4,0,0,0
0x638a02,100%,0,15653,15653,0,0,0,15653
0x644a77,100%,0,20880,20880,0,0,0,20880
0x415e9b,100%,0,1,1,1,0,0,0
0x66f346,100%,0,185,185,74,0,0,111
0x416517,100%,0,1,1,0,0,0,1
0x7b33f3,100%,0,29,29,0,0,0,29
0x7b3670,100%,0,93,93,0,0,0,93
0x5d9194,100%,0,4,4,0,0,0,4
0x644bbc,100%,0,20880,20880,20880,0,0,0
0x7b2fe5,100%,0,8542,8542,0,0,0,8542
0x638a3f,100%,0,15653,15653,0,0,0,15653
0x644662,100%,0,20880,20880,0,0,0,20880
0x674e0b,100%,0,20,20,0,0,0,20
0x5dcaa9,100%,0,5223,5223,5223,0,0,0
0x5553b7,100%,0,31,31,0,0,0,31
0x6390bc,100%,0,14024,14024,12866,0,0,1158
0x548de7,100%,0,4,4,4,0,0,0
0x7b5137,100%,0,30723,30723,0,0,0,30723
0x485f7e,100%,0,5223,5223,0,0,0,5223
0x5dca69,100%,0,5223,5223,5223,0,0,0
0x406b22,100%,0,30815,30815,0,0,0,30815
0x4b5b21,100%,0,10434,10434,0,0,0,10434
0x54f93e,100%,0,5227,5227,0,0,0,5227
0x7b1b9f,100%,0,20758,20758,20758,0,0,0
0x7b2f7a,100%,0,30723,30723,0,0,0,30723
0x674200,100%,0,20,20,0,0,0,20
0x406e27,100%,0,24926,24926,0,0,0,24926
0x5a0893,100%,0,5256,5256,0,0,0,5256
0x7b1bb3,100%,0,6861,6861,6861,0,0,0
0x5e2d99,100%,0,5219,5219,5219,0,0,0
0x6390d3,100%,0,1158,1158,0,0,0,1158
0x61809e,100%,0,1,1,0,0,0,1
0x7b1bd2,100%,0,8332,8332,0,0,0,8332
0x60cbd3,100%,0,4,4,4,0,0,0
0x5dc984,100%,0,10434,10434,0,0,0,10434
0x7b1b57,100%,0,20758,20758,0,0,0,20758
0x638797,100%,0,10434,10434,0,0,0,10434
0x64d13f,100%,0,8224,8224,0,0,0,8224
0x489340,100%,0,5223,5223,0,0,0,5223
0x45ba72,100%,0,1,1,0,0,0,1
0x7b1ae5,100%,0,29090,29090,0,0,0,29090
0x4069c3,100%,0,36079,36079,0,0,0,36079
0x7b4240,100%,0,8780,8780,0,0,0,8780
0x4b5a9c,100%,0,10434,10434,0,0,0,10434
0x5d0acb,100%,0,20,20,0,0,0,20
0x5e9f09,100%,0,27,27,0,0,0,27
0x4b5adc,100%,0,10434,10434,0,0,0,10434
0x49c479,100%,0,10445,10445,0,0,0,10445
0x639eeb,100%,0,4,4,0,0,0,4
0x4862f9,100%,0,4,4,0,0,0,4
0x48650f,100%,0,1,1,0,0,0,1
0x4b5ae6,100%,0,10434,10434,10434,0,0,0
0x48fc1b,100%,0,4,4,0,0,0,4
0x618022,100%,0,1,1,1,0,0,0
0x5e3945,100%,0,5223,5223,0,0,0,5223
0x4a74a0,100%,0,32,32,32,0,0,0
0x550731,100%,0,5218,5218,5218,0,0,0
0x550a5a,100%,0,5218,5218,0,0,0,5218
0x638a10,100%,0,15653,15653,15653,0,0,0
0x499b26,100%,0,4,4,0,0,0,4
0x5dcaca,100%,0,5223,5223,0,0,0,5223
0x5a12b9,100%,0,47008,47008,0,0,0,47008
0x7d2238,100%,0,218,218,0,0,0,218
0x644b28,100%,0,20880,20880,0,0,0,20880
0x486481,100%,0,1,1,0,0,0,1
0x4b5aab,100%,0,10434,10434,0,0,0,10434
0x644827,100%,0,20880,20880,20880,0,0,0
0x550458,100%,0,5218,5218,0,0,0,5218
0x5a0da9,100%,0,8,8,8,0,0,0
0x638e18,100%,0,14025,14025,0,0,0,14025
0x41575f,100%,0,1,1,0,0,0,1
0x406c5a,100%,0,29517,29517,29517,0,0,0
0x638783,100%,0,10434,10434,0,0,0,10434
0x486814,100%,0,26094,26094,0,0,0,26094
0x5dc81a,100%,0,45359,45359,0,0,0,45359
0x48c4e8,100%,0,1,1,0,0,0,1
0x54a365,100%,0,26111,26111,0,0,0,26111
0x5a1459,100%,0,26111,26111,0,0,0,26111
0x45fc3b,100%,0,9,9,0,0,0,9
0x498432,100%,0,38658,38658,0,0,0,38658
0x64e20f,100%,0,10034,10034,10034,0,0,0
0x7b35dd,100%,0,8542,8542,8542,0,0,0
0x48611e,100%,0,10438,10438,0,0,0,10438
0x7b1cb3,100%,0,7741,7741,0,0,0,7741
0x499c0c,100%,0,37,37,37,0,0,0
0x54934b,100%,0,4,4,4,0,0,0
0x7b37dc,100%,0,9143,9143,0,0,0,9143
0x7b50fc,100%,0,30723,30723,0,0,0,30723
0x7bd948,100%,0,160,160,0,0,0,160
0x5e99d1,100%,0,1,1,0,0,0,1
0x4b59c0,100%,0,5219,5219,0,0,0,5219
0x485f8d,100%,0,5223,5223,5223,0,0,0
0x7b3043,100%,0,12607,12607,0,0,0,12607
0x5e4c41,100%,0,4,4,4,0,0,0
0x550af9,100%,0,20890,20890,10445,0,0,10445
0x644953,100%,0,20880,20880,20880,0,0,0
0x644a68,100%,0,20880,20880,0,0,0,20880
0x649e85,100%,0,16105,16105,0,0,0,16105
0x495745,100%,0,10449,10449,10449,0,0,0
0x5dfef9,100%,0,10442,10442,0,0,0,10442
0x4868ea,100%,0,1,1,0,0,0,1
0x5dca54,100%,0,5223,5223,0,0,0,5223
0x5a15af,100%,0,4421,4421,0,0,0,4421
0x68e8ab,100%,0,20,20,0,0,0,20
0x5ec48f,100%,0,2,2,0,0,0,2
0x64df8b,100%,0,10034,10034,0,0,0,10034
0x63906e,100%,0,14024,14024,0,0,0,14024
0x7b1ac9,100%,0,29090,29090,0,0,0,29090
0x486142,100%,0,10438,10438,0,0,0,10438
0x54f8fe,100%,0,5227,5227,0,0,0,5227
0x639ef0,100%,0,4,4,4,0,0,0
0x64e147,100%,0,10034,10034,10034,0,0,0
0x548671,100%,0,5226,5226,0,0,0,5226
0x4996e0,100%,0,15681,15681,0,0,0,15681
0x490b64,100%,0,3,3,0,0,0,3
0x49b3c6,100%,0,4,4,0,0,0,4
0x60ce4a,100%,0,4,4,4,0,0,0
0x644b9b,100%,0,20880,20880,20880,0,0,0
0x5a101a,100%,0,47005,47005,0,0,0,47005
0x48914c,100%,0,5227,5227,0,0,0,5227
0x48617d,100%,0,5223,5223,0,0,0,5223
0x644a72,100%,0,20880,20880,0,0,0,20880
0x7b373b,100%,0,9226,9226,0,0,0,9226
0x5a1462,100%,0,26103,26103,0,0,0,26103
0x45b715,100%,0,5,5,0,0,0,5
0x7b512b,100%,0,30723,30723,0,0,0,30723
0x7b5140,100%,0,30723,30723,0,0,0,30723
0x7b1cbd,100%,0,7741,7741,0,0,0,7741
0x644b07,100%,0,20880,20880,0,0,0,20880
0x7b203a,100%,0,8332,8332,0,0,0,8332
0x66f364,100%,0,111,111,111,0,0,0
0x674e5c,100%,0,20,20,0,0,0,20
0x499d5c,100%,0,38,38,38,0,0,0
0x461002,100%,0,1,1,0,0,0,1
0x5e9ef0,100%,0,27,27,0,0,0,27
0x7b13a8,100%,0,7228,7228,7228,0,0,0
0x7b1bae,100%,0,20758,20758,13897,0,0,6861
0x550be5,100%,0,5218,5218,0,0,0,5218
0x7b31d6,100%,0,22314,22314,0,0,0,22314
0x5a142f,100%,0,46991,46991,20880,0,0,26111
0x6448ef,100%,0,20880,20880,20880,0,0,0
0x7b375f,100%,0,9226,9226,0,0,0,9226
0x5dca65,100%,0,5223,5223,0,0,0,5223
0x538dce,100%,0,26,26,0,0,0,26
0x7b33c8,100%,0,246,246,246,0,0,0
0x638e22,100%,0,14025,14025,0,0,0,14025
0x7b4247,100%,0,8780,8780,0,0,0,8780
0x4b59cf,100%,0,5219,5219,0,0,0,5219
0x64d25f,100%,0,8224,8224,8224,0,0,0
0x644b48,100%,0,20880,20880,20880,0,0,0
0x49c6e6,100%,0,10445,10445,10445,0,0,0
0x649e8a,100%,0,16105,16105,16105,0,0,0
0x48fc32,100%,0,4,4,0,0,0,4
0x4b5aba,100%,0,10434,10434,0,0,0,10434
0x406b5a,100%,0,10242,10242,0,0,0,10242
0x4a86b7,100%,0,179,179,0,0,0,179
0x7b1399,100%,0,7228,7228,0,0,0,7228
0x5a0973,100%,0,13261,13261,0,0,0,13261
0x4e157f,100%,0,37,37,37,0,0,0
0x66ef6f,100%,0,111,111,111,0,0,0
0x4b59e6,100%,0,5219,5219,0,0,0,5219
0x66efb6,100%,0,111,111,0,0,0,111
0x4b5a47,100%,0,10434,10434,0,0,0,10434
0x4b5a56,100%,0,10434,10434,10434,0,0,0
0x5e9f0e,100%,0,27,27,27,0,0,0
0x486186,100%,0,5223,5223,0,0,0,5223
0x66f35b,100%,0,111,111,0,0,0,111
0x4b5a80,100%,0,10434,10434,0,0,0,10434
0x460f6f,100%,0,1,1,1,0,0,0
0x4e160b,100%,0,37,37,0,0,0,37
0x68841a,100%,0,4,4,0,0,0,4
0x4867d1,100%,0,26094,26094,26094,0,0,0
0x4aa06f,100%,0,4,4,4,0,0,0
0x486767,100%,0,1,1,0,0,0,1
0x486192,100%,0,5223,5223,0,0,0,5223
0x54cd88,100%,0,4,4,0,0,0,4
0x48fc01,100%,0,4,4,0,0,0,4
0x644c9c,100%,0,20880,20880,20880,0,0,0
0x535be0,100%,0,26,26,26,0,0,0
0x60c11c,100%,0,4,4,0,0,0,4
0x5a1560,100%,0,10445,10445,0,0,0,10445
0x4867b8,100%,0,26094,26094,26094,0,0,0
0x48e926,100%,0,37,37,0,0,0,37
0x674d99,100%,0,20,20,0,0,0,20
0x486804,100%,0,26094,26094,26094,0,0,0
0x4878b6,100%,0,30,30,0,0,0,30
0x4918f6,100%,0,3,3,0,0,0,3
0x4a7500,100%,0,8,8,0,0,0,8
0x5e4cb3,100%,0,4,4,0,0,0,4
0x7b50eb,100%,0,30723,30723,30723,0,0,0
0x4ad741,100%,0,7,7,0,0,0,7
0x4ad774,100%,0,7,7,7,0,0,0
0x426fb7,100%,0,163,163,0,0,0,163
0x638d8b,100%,0,1158,1158,1158,0,0,0
0x63877c,100%,0,10434,10434,0,0,0,10434
0x54ed27,100%,0,5253,5253,0,0,0,5253
0x5a0d13,100%,0,5226,5226,0,0,0,5226
0x7bd917,100%,0,20,20,0,0,0,20
0x61800b,100%,0,1,1,0,0,0,1
0x4e161a,100%,0,37,37,37,0,0,0
0x4a76d5,100%,0,16,16,16,0,0,0
0x64cca9,100%,0,4810,4810,0,0,0,4810
0x64ccae,100%,0,4810,4810,0,0,0,4810
0x638d0c,100%,0,1158,1158,0,0,0,1158
0x4a72a5,100%,0,37,37,37,0,0,0
0x547d1c,100%,0,1,1,0,0,0,1
0x5d788b,100%,0,8,8,0,0,0,8
0x638db2,100%,0,1158,1158,0,0,0,1158
0x7b3248,100%,0,832,832,0,0,0,832
0x4a704a,100%,0,37,37,37,0,0,0
0x639105,100%,0,1158,1158,1158,0,0,0
0x674da3,100%,0,20,20,20,0,0,0
0x63912f,100%,0,1158,1158,1158,0,0,0
0x7b3755,100%,0,9226,9226,0,0,0,9226
0x49b248,100%,0,4,4,0,0,0,4
0x6391af,100%,0,1158,1158,1158,0,0,0
0x499e9a,100%,0,37,37,37,0,0,0
0x461187,100%,0,1,1,0,0,0,1
0x4b5a8f,100%,0,10434,10434,0,0,0,10434
0x617d05,100%,0,140,140,140,0,0,0
0x4a72d7,100%,0,37,37,37,0,0,0
0x406cbf,100%,0,29517,29517,0,0,0,29517
0x60c63b,100%,0,4,4,0,0,0,4
0x5a0a04,100%,0,10444,10444,10444,0,0,0
0x4b5b47,100%,0,10434,10434,0,0,0,10434
0x66f3ea,100%,0,74,74,0,0,0,74
0x66f065,100%,0,148,148,74,0,0,74
0x63a397,100%,0,4,4,0,0,0,4
0x49568f,100%,0,10445,10445,10445,0,0,0
0x7b50c3,100%,0,30723,30723,0,0,0,30723
0x7b1c24,100%,0,8332,8332,0,0,0,8332
0x489368,100%,0,10442,10442,5219,0,0,5223
0x5a09ea,100%,0,10444,10444,0,0,0,10444
0x490cd1,100%,0,3,3,0,0,0,3
0x4b59da,100%,0,5219,5219,0,0,0,5219
0x548680,100%,0,5226,5226,0,0,0,5226
0x48ea37,100%,0,1,1,0,0,0,1
0x490d35,100%,0,9,9,0,0,0,9
0x4a71eb,100%,0,10,10,0,0,0,10
0x7b405f,100%,0,79,79,0,0,0,79
0x54cd75,100%,0,4,4,0,0,0,4
0x7b5113,100%,0,30723,30723,0,0,0,30723
0x7b2fd7,100%,0,8542,8542,8542,0,0,0
0x489103,100%,0,10445,10445,5219,0,0,5226
0x498340,100%,0,31430,31430,31430,0,0,0
0x4a7512,100%,0,1,1,0,0,0,1
0x638cd1,100%,0,15653,15653,15653,0,0,0
0x68d7d0,100%,0,4,4,4,0,0,0
0x644cb0,100%,0,20880,20880,0,0,0,20880
0x644b1b,100%,0,20880,20880,0,0,0,20880
0x4893e3,100%,0,5223,5223,5223,0,0,0
0x64e178,100%,0,10034,10034,0,0,0,10034
0x5ec463,100%,0,2,2,0,0,0,2
0x638fb2,100%,0,977,977,0,0,0,977
0x644921,100%,0,20880,20880,20880,0,0,0
0x7b25f3,100%,0,8332,8332,8332,0,0,0
0x64e241,100%,0,10034,10034,10034,0,0,0
0x684188,100%,0,4,4,0,0,0,4
0x4a80c3,100%,0,1,1,0,0,0,1
0x535b69,100%,0,26,26,0,0,0,26
0x7b3069,100%,0,12607,12607,12607,0,0,0
0x461666,100%,0,4,4,0,0,0,4
0x492778,100%,0,3,3,0,0,0,3
0x4a745d,100%,0,32,32,32,0,0,0
0x64a76f,100%,0,94206,94206,47005,0,0,47201
0x63a2f8,100%,0,4,4,0,0,0,4
0x7bd864,100%,0,20,20,20,0,0,0
0x638bd7,100%,0,15653,15653,15653,0,0,0
0x550a17,100%,0,5218,5218,0,0,0,5218
0x4b5a19,100%,0,10434,10434,0,0,0,10434
0x54f8e9,100%,0,5227,5227,5227,0,0,0
0x5a1349,100%,0,10449,10449,0,0,0,10449
0x644b38,100%,0,20880,20880,0,0,0,20880
0x638c08,100%,0,15653,15653,0,0,0,15653
0x487902,100%,0,26,26,0,0,0,26
0x638c24,100%,0,15653,15653,0,0,0,15653
0x550be0,100%,0,10445,10445,5227,0,0,5218
0x4068b4,100%,0,15252,15252,15252,0,0,0
0x499703,100%,0,15748,15748,0,0,0,15748
0x638c9f,100%,0,15653,15653,15653,0,0,0
0x6f7b35,100%,0,20,20,20,0,0,0
0x649f1e,100%,0,9,9,9,0,0,0
0x4e1573,100%,0,37,37,0,0,0,37
0x7d2251,100%,0,5459,5459,0,0,0,5459
0x644cfe,100%,0,20880,20880,20880,0,0,0
0x7b1b2a,100%,0,20758,20758,0,0,0,20758
0x5e34c3,100%,0,5219,5219,0,0,0,5219
0x64cc64,100%,0,5543716,5543716,0,0,0,5543716
0x4866d9,100%,0,1,1,0,0,0,1
0x7b1cf3,100%,0,8332,8332,0,0,0,8332
0x6841a8,100%,0,4,4,4,0,0,0
0x644858,100%,0,20880,20880,0,0,0,20880
0x64cc6a,100%,0,5543716,5543716,0,0,0,5543716
0x48fb81,100%,0,4,4,0,0,0,4
0x7b1424,100%,0,2,2,2,0,0,0
0x5e7a65,100%,0,15657,15657,0,0,0,15657
0x5505c3,100%,0,5218,5218,0,0,0,5218
0x60c147,100%,0,4,4,0,0,0,4
0x64cce0,100%,0,14036,14036,0,0,0,14036
0x5a1ff9,100%,0,20934,20934,0,0,0,20934
0x684f97,100%,0,1,1,1,0,0,0
0x5ea6cf,100%,0,2,2,2,0,0,0
0x5ea6c8,100%,0,2,2,0,0,0,2
0x64466b,100%,0,20880,20880,0,0,0,20880
0x5a09b4,100%,0,10444,10444,0,0,0,10444
0x7b3666,100%,0,93,93,0,0,0,93
0x63905a,100%,0,12866,12866,12866,0,0,0
0x7b17d6,100%,0,26,26,0,0,0,26
0x406ab1,100%,0,5023,5023,0,0,0,5023
0x49470e,100%,0,3,3,0,0,0,3
0x550c10,100%,0,5218,5218,0,0,0,5218
0x6f7b5f,100%,0,20,20,20,0,0,0
0x48943f,100%,0,5219,5219,5219,0,0,0
0x4b128e,100%,0,5219,5219,5219,0,0,0
0x638e27,100%,0,14025,14025,0,0,0,14025
0x4862bd,100%,0,4,4,0,0,0,4
0x5dfb81,100%,0,45359,45359,0,0,0,45359
0x639261,100%,0,1158,1158,1158,0,0,0
0x49972f,100%,0,15742,15742,0,0,0,15742
0x5dca60,100%,0,5223,5223,0,0,0,5223
0x49c405,100%,0,10446,10446,0,0,0,10446
0x5e2b85,100%,0,62648,62648,0,0,0,62648
0x7b31a8,100%,0,22059,22059,0,0,0,22059
0x7ac01b,100%,0,20,20,0,0,0,20
0x54f8e2,100%,0,5227,5227,0,0,0,5227
0x6f7777,100%,0,20,20,20,0,0,0
0x4926d4,100%,0,3,3,0,0,0,3
0x638eb7,100%,0,3743870,3743870,0,0,0,3743870
