Branch PC,Accuracy,Mispredictions,Correct Predictions,Total,dir_t_pred_t,dir_t_pred_nt,dir_nt_pred_t,dir_nt_pred_nt
aggregate,99.6794%,149040,46336946,46485986,12970960,53060,95980,33365986
0x638ed8,99.039%,42930,4424307,4467237,4119617,11935,30995,304690
0x64d0d3,95.7613%,14366,324556,338922,158694,7695,6671,165862
0x64cc86,99.7336%,11468,4293621,4305089,4293581,169,11299,40
0x7b358e,92.6276%,9949,125001,134950,121993,557,9392,3008
0x406ce1,85.1964%,9469,54495,63964,29537,1254,8215,24958
0x406c31,81.8349%,7217,32513,39730,27273,2413,4804,5240
0x64cc75,99.8665%,5757,4305073,4310830,0,5741,16,4305073
0x64cec8,81.6695%,5088,22669,27757,16545,1517,3571,6124
0x64d0f2,97.8803%,3527,162862,166389,7151,2913,614,155711
0x64cc9d,70.8192%,3352,8135,11487,14,2826,526,8121
0x64cca3,67.8039%,2784,5863,8647,2197,677,2107,3666
0x406c06,97.3233%,2641,96025,98666,86969,872,1769,9056
0x7b327b,72.5194%,1875,4948,6823,4661,438,1437,287
0x406c39,86.9104%,1504,9986,11490,33,1433,71,9953
0x638eec,99.557%,1487,334198,335685,319563,241,1246,14635
0x406c0b,87.7372%,1409,10081,11490,380,1066,343,9701
0x406b67,88.0157%,1377,10113,11490,9977,249,1128,136
0x7b3597,89.1371%,1347,11053,12400,7252,660,687,3801
0x638d03,92.606%,1312,16432,17744,16431,8,1304,1
0x638ecb,99.9706%,1312,4467230,4468542,0,1305,7,4467230
0x638f7a,92.003%,1270,14611,15881,14609,29,1241,2
0x7b347d,92%,992,11408,12400,4586,647,345,6822
0x7b1ca1,91.5304%,870,9402,10272,430,599,271,8972
0x7b320a,95.5754%,829,17907,18736,10771,546,283,7136
0x7b1cd3,92.9568%,651,8592,9243,73,590,61,8519
0x7b303a,96.2227%,580,14775,15355,4520,234,346,10255
0x7b321b,92.7888%,535,6884,7419,6804,19,516,80
0x64a793,99.921%,499,631256,631755,53478,418,81,577778
0x406d92,96.5876%,430,12171,12601,12170,13,417,1
0x7b31b5,98.5526%,420,28598,29018,7687,266,154,20911
0x7b3236,93.8367%,351,5344,5695,4805,49,302,539
0x64e273,96.8767%,343,10639,10982,10639,0,343,0
0x64a748,99.7635%,342,144281,144623,37242,123,219,107039
0x7b3806,95.6659%,330,7284,7614,282,292,38,7002
0x7b3496,95.4514%,326,6841,7167,5485,158,168,1356
0x7b2fc5,98.6125%,324,23027,23351,9852,190,134,13175
0x678c33,99.8954%,290,277038,277328,35160,193,97,241878
0x7b1d08,97.2839%,279,9993,10272,1142,116,163,8851
0x7b13d8,99.517%,267,55013,55280,7030,190,77,47983
0x406b91,97.7546%,258,11232,11490,507,158,100,10725
0x7b1b7f,99.0022%,233,23119,23352,12328,116,117,10791
0x4ab909,98.3504%,225,13415,13640,13294,30,195,121
0x7b3774,97.4469%,202,7710,7912,394,137,65,7316
0x7b1af5,99.4528%,184,33440,33624,10217,55,129,23223
0x7b3323,96.4895%,179,4920,5099,17,138,41,4903
0x7b3610,96.8693%,173,5353,5526,4929,68,105,424
0x4a76b9,98.7827%,163,13227,13390,13226,17,146,1
0x7b337d,93.0172%,162,2158,2320,7,147,15,2151
0x5ea1d4,91.0161%,145,1469,1614,1453,25,120,16
0x7b2fa5,99.5964%,138,34054,34192,10788,53,85,23266
0x406b4d,99.6132%,134,34505,34639,23100,49,85,11405
0x64ccea,99.2573%,128,17106,17234,6740,70,58,10366
0x4996c7,99.6462%,125,35204,35329,17348,49,76,17856
0x7b32e4,95.4939%,125,2649,2774,2636,12,113,13
0x66db99,95.8029%,115,2625,2740,1630,73,42,995
0x7b37f9,98.5159%,113,7501,7614,5449,34,79,2052
0x7b1469,98.8752%,113,9933,10046,7156,64,49,2777
0x7b151b,99.8028%,109,55171,55280,49730,22,87,5441
0x7b3251,87.5147%,106,743,849,52,74,32,691
0x7b3354,95.706%,104,2318,2422,5,97,7,2313
0x4602f1,80.0384%,104,417,521,149,64,40,268
0x7b34af,93.4383%,100,1424,1524,1246,46,54,178
0x66dbb9,97.0167%,98,3187,3285,2203,45,53,984
0x4ab7f9,80.5668%,96,398,494,132,50,46,266
0x498413,99.8994%,95,94322,94417,47715,51,44,46607
0x64a777,99.826%,94,53930,54024,65,63,31,53865
0x617d49,84.5574%,82,449,531,335,24,58,114
0x66dbd4,92.0926%,82,955,1037,513,47,35,442
0x649a90,99.5197%,81,16784,16865,10963,31,50,5821
0x64ccb7,99.0864%,79,8568,8647,2902,46,33,5666
0x64cbce,99.5785%,75,17718,17793,10945,37,38,6773
0x678c38,99.969%,75,241900,241975,52660,36,39,189240
0x5a1401,99.9105%,74,82653,82727,29518,20,54,53135
0x64cc51,99.5822%,72,17162,17234,81,67,5,17081
0x649a4c,99.6059%,71,17946,18017,1114,38,33,16832
0x66dbe3,85.7442%,68,409,477,274,35,33,135
0x678c13,99.9763%,66,278322,278388,35798,55,11,242524
0x7b3020,99.6887%,65,20818,20883,5496,32,33,15322
0x64ced9,99.3502%,63,9632,9695,9302,33,30,330
0x45f97f,94.1176%,63,1008,1071,720,9,54,288
0x7b1490,99.3828%,62,9984,10046,9977,18,44,7
0x64cd2f,99.6402%,62,17172,17234,11317,23,39,5855
0x54afc8,57.4468%,60,81,141,19,38,22,62
0x45f909,96.8228%,59,1798,1857,1798,11,48,0
0x64cebb,99.8466%,58,37763,37821,10030,34,24,27733
0x64a0b9,88.8172%,52,413,465,259,27,25,154
0x4602e9,94.4568%,50,852,902,346,35,15,506
0x64cf6f,86.6667%,48,312,360,311,2,46,1
0x4a6fd9,72.6744%,47,125,172,116,11,36,9
0x538db4,78.744%,44,163,207,159,13,31,4
0x7b361a,91.6824%,44,485,529,484,4,40,1
0x5a12f2,99.9256%,44,59120,59164,47276,20,24,11844
0x4dbff5,86.7284%,43,281,324,173,14,29,108
0x649ecd,99.7824%,41,18804,18845,12038,22,19,6766
0x7b3788,99.4818%,41,7871,7912,7601,13,28,270
0x4a7249,90.9091%,41,410,451,259,20,21,151
0x7b3446,99.497%,40,7913,7953,5508,18,22,2405
0x547d3a,90.3465%,39,365,404,365,16,23,0
0x498459,99.9185%,38,46613,46651,23863,10,28,22750
0x45bdbf,60%,38,57,95,20,24,14,37
0x7b31ec,99.2765%,37,5077,5114,4698,14,23,379
0x4a76ad,99.7243%,37,13385,13422,0,32,5,13385
0x499719,99.8056%,35,17967,18002,0,32,3,17967
0x4ad6cc,89.5522%,35,300,335,106,25,10,194
0x4069f0,99.4434%,33,5896,5929,406,20,13,5490
0x4a80b9,92.0792%,32,372,404,372,9,23,0
0x674e57,99.1667%,32,3808,3840,3808,2,30,0
0x4a71f3,74.8031%,32,95,127,14,25,7,81
0x460287,97.056%,31,1022,1053,313,19,12,709
0x7b3347,99.3633%,30,4682,4712,2275,15,15,2407
0x5d0c0a,99.8047%,30,15330,15360,15330,0,30,0
0x4157a8,92.8218%,29,375,404,371,10,19,4
0x4157c8,78.9855%,29,109,138,99,16,13,10
0x4ab8e0,99.7874%,29,13611,13640,13611,1,28,0
0x4a8079,78.2946%,28,101,129,100,6,22,1
0x7b32e6,79.3651%,26,100,126,1,19,7,99
0x5d8eff,61.7647%,26,42,68,24,16,10,18
0x5ec0af,83.4395%,26,131,157,131,11,15,0
0x45b761,56.1404%,25,32,57,25,21,4,7
0x4a7270,94.6785%,24,427,451,268,11,13,159
0x4ab8a3,93.1034%,24,324,348,14,18,6,310
0x49852d,99.7916%,24,11494,11518,5857,13,11,5637
0x7b363a,63.4921%,23,40,63,8,14,9,32
0x7b143d,99.7711%,23,10023,10046,9995,7,16,28
0x4a7069,86.6279%,23,149,172,146,3,20,3
0x54ab39,31.25%,22,10,32,10,22,0,0
0x5a0b83,99.8139%,22,11798,11820,5888,6,16,5910
0x5486b1,99.8139%,22,11798,11820,5890,4,18,5908
0x45b74f,77.1739%,21,71,92,22,13,8,49
0x415788,83.7209%,21,108,129,96,10,11,12
0x7b31e7,99.9003%,21,21044,21065,15941,10,11,5103
0x4a85b0,94.1667%,21,339,360,339,5,16,0
0x7b1c4a,99.7956%,21,10251,10272,10251,1,20,0
0x4a7d4a,4.7619%,20,1,21,1,20,0,0
0x66dd29,75%,20,60,80,53,11,9,7
0x4a71fe,78.4091%,19,69,88,42,7,12,27
0x7b377e,99.7426%,19,7362,7381,7362,0,19,0
0x4a7508,64.8148%,19,35,54,26,13,6,9
0x4069e7,99.9556%,18,40550,40568,34636,3,15,5914
0x48c7ea,68.4211%,18,39,57,39,11,7,0
0x4a73b7,89.5349%,18,154,172,38,16,2,116
0x678c20,99.9926%,18,242517,242535,53240,14,4,189277
0x7d2236,99.731%,17,6303,6320,5893,16,1,410
0x46167b,32%,17,8,25,1,7,10,7
0x5ea774,87.5%,17,119,136,0,16,1,119
0x5f7ba8,91.8269%,17,191,208,191,17,0,0
0x45f929,95.8333%,16,368,384,330,6,10,38
0x649a20,99.9332%,16,23930,23946,18015,2,14,5915
0x406d73,96.2441%,16,410,426,2,6,10,408
0x4a740d,63.4146%,15,26,41,26,15,0,0
0x5a15e5,99.7359%,15,5665,5680,17,15,0,5648
0x415d17,92.3469%,15,181,196,166,7,8,15
0x5a0991,99.9116%,15,16947,16962,11263,1,14,5684
0x499e34,95.0166%,15,286,301,146,15,0,140
0x45c8cf,55.8824%,15,19,34,2,6,9,17
0x5ec0c3,0%,15,0,15,0,15,0,0
0x54aeb9,78.125%,14,50,64,50,14,0,0
0x415c5a,92.8571%,14,182,196,168,5,9,14
0x4a7d8b,33.3333%,14,7,21,1,13,1,6
0x48e9e1,91.8605%,14,158,172,0,0,14,158
0x535a09,81.1594%,13,56,69,56,13,0,0
0x4991d9,81.1594%,13,56,69,26,9,4,30
0x5ec71d,81.9444%,13,59,72,35,5,8,24
0x5ea1b3,99.1945%,13,1601,1614,1465,2,11,136
0x4ac69d,59.375%,13,19,32,19,13,0,0
0x7b31fd,99.9306%,13,18732,18745,0,9,4,18732
0x5d8f59,25%,12,4,16,4,12,0,0
0x7b14c3,76.4706%,12,39,51,1,8,4,38
0x7b3645,70.7317%,12,29,41,26,1,11,3
0x5a1353,99.9746%,12,47284,47296,23607,1,11,23677
0x4b5ce0,65.625%,11,21,32,0,0,11,21
0x4a81a1,52.1739%,11,12,23,0,7,4,12
0x66db68,98.9433%,11,1030,1041,0,4,7,1030
0x4b5a08,99.9067%,11,11783,11794,0,8,3,11783
0x45fa18,79.2453%,11,42,53,19,11,0,23
0x499235,84.058%,11,58,69,23,11,0,35
0x66dd49,82.8125%,11,53,64,42,6,5,11
0x7b329d,99.42%,10,1714,1724,0,8,2,1714
0x676e00,87.5%,10,70,80,58,6,4,12
0x7b14de,99.9005%,10,10036,10046,0,9,1,10036
0x66f6d3,94.186%,10,162,172,162,10,0,0
0x547aca,70.5882%,10,24,34,24,10,0,0
0x618c47,94.6524%,10,177,187,177,10,0,0
0x4b59b0,99.9152%,10,11784,11794,5896,1,9,5888
0x4984f1,99.9172%,10,12065,12075,6139,10,0,5926
0x5361b8,74.2857%,9,26,35,26,9,0,0
0x48942a,99.8475%,9,5894,5903,0,8,1,5894
0x488580,88.75%,9,71,80,61,3,6,10
0x45c7b6,65.3846%,9,17,26,17,9,0,0
0x7b14cc,78.5714%,9,33,42,29,2,7,4
0x4a74a0,93.5714%,9,131,140,131,9,0,0
0x5ec7d8,98.7654%,9,720,729,589,5,4,131
0x7b364e,35.7143%,9,5,14,5,7,2,0
0x4168e1,60.8696%,9,14,23,14,9,0,0
0x48c6d1,84.2105%,9,48,57,48,2,7,0
0x6180c1,60.8696%,9,14,23,14,9,0,0
0x4a8159,60.8696%,9,14,23,14,9,0,0
0x45c71f,70%,9,21,30,7,6,3,14
0x498589,50%,8,8,16,8,8,0,0
0x60ccf2,0%,8,0,8,0,0,8,0
0x4a9667,0%,8,0,8,0,8,0,0
0x5ea649,94.6667%,8,142,150,136,0,8,6
0x488856,50%,8,8,16,8,8,0,0
0x41597f,65.2174%,8,15,23,15,8,0,0
0x5ec7ad,99.4771%,8,1522,1530,798,3,5,724
0x67e918,0%,8,0,8,0,8,0,0
0x48ea16,95.3488%,8,164,172,164,1,7,0
0x7b1cdc,99.9068%,8,8572,8580,0,8,0,8572
0x4a73d8,93.8931%,8,123,131,118,0,8,5
0x48857b,90%,8,72,80,0,0,8,72
0x674260,73.3333%,8,22,30,22,8,0,0
0x487aed,84%,8,42,50,42,8,0,0
0x48c5e4,87.7193%,7,50,57,50,7,0,0
0x645fb3,89.0625%,7,57,64,57,7,0,0
0x549332,12.5%,7,1,8,0,0,7,1
0x60c90f,12.5%,7,1,8,0,0,7,1
0x45fa28,76.6667%,7,23,30,23,7,0,0
0x5eade0,0%,7,0,7,0,0,7,0
0x4868d9,50%,7,7,14,0,7,0,7
0x5ec475,50%,7,7,14,7,7,0,0
0x5ea4f2,0%,7,0,7,0,7,0,0
0x5ec163,95.5414%,7,150,157,148,2,5,2
0x676ee2,85.4167%,7,41,48,32,0,7,9
0x5eae44,50%,7,7,14,7,7,0,0
0x4ad764,92.3077%,7,84,91,84,7,0,0
0x60c53f,12.5%,7,1,8,1,7,0,0
0x5ea4b1,0%,7,0,7,0,0,7,0
0x4a7439,95%,7,133,140,133,7,0,0
0x45b9ff,88.1356%,7,52,59,0,0,7,52
0x66dd14,69.5652%,7,16,23,0,7,0,16
0x639f1f,12.5%,7,1,8,0,0,7,1
0x7b35c4,22.2222%,7,2,9,0,0,7,2
0x460290,99.0291%,7,714,721,32,0,7,682
0x460eec,0%,7,0,7,0,0,7,0
0x6180b1,69.5652%,7,16,23,0,0,7,16
0x685b78,50%,7,7,14,0,0,7,7
0x45f9b1,99.0991%,7,770,777,723,6,1,47
0x5ea6c8,50%,7,7,14,0,7,0,7
0x683fb3,12.5%,7,1,8,1,7,0,0
0x617aa0,98.6817%,7,524,531,524,7,0,0
0x54a4c8,79.4118%,7,27,34,27,7,0,0
0x4a96ea,12.5%,7,1,8,1,7,0,0
0x4a81d4,69.5652%,7,16,23,16,7,0,0
0x7b369b,85.3659%,6,35,41,0,6,0,35
0x495678,99.9493%,6,11838,11844,18,6,0,11820
0x54958d,25%,6,2,8,2,6,0,0
0x7b3691,85.3659%,6,35,41,35,4,2,0
0x48c482,60%,6,9,15,0,6,0,9
0x649a13,99.9749%,6,23940,23946,0,0,6,23940
0x64a764,99.9944%,6,107252,107258,53231,3,3,54021
0x64cc6f,99.9999%,6,4310830,4310836,0,6,0,4310830
0x4a8361,98.3333%,6,354,360,354,6,0,0
0x535ba7,91.3043%,6,63,69,30,4,2,33
0x49921f,82.3529%,6,28,34,0,0,6,28
0x486454,14.2857%,6,1,7,0,0,6,1
0x68842d,25%,6,2,8,0,0,6,2
0x4a968d,25%,6,2,8,2,6,0,0
0x4a6f79,96.5116%,6,166,172,166,6,0,0
0x64c321,25%,6,2,8,2,6,0,0
0x4a71b3,96.5116%,6,166,172,166,6,0,0
0x5a15a3,99.8944%,6,5674,5680,0,0,6,5674
0x5eae5a,57.1429%,6,8,14,6,1,5,2
0x5f7daf,97.5309%,6,237,243,0,0,6,237
0x4a7512,60%,6,9,15,3,6,0,6
0x48668a,14.2857%,6,1,7,1,6,0,0
0x45c756,66.6667%,5,10,15,0,0,5,10
0x460f6f,28.5714%,5,2,7,2,5,0,0
0x618022,78.2609%,5,18,23,18,5,0,0
0x4607ad,28.5714%,5,2,7,0,0,5,2
0x618bb8,97.3262%,5,182,187,182,5,0,0
0x66f058,99.4186%,5,855,860,167,5,0,688
0x63a1e3,37.5%,5,3,8,3,5,0,0
0x60c11c,37.5%,5,3,8,0,0,5,3
0x7b30a3,99.9096%,5,5523,5528,5272,3,2,251
0x4a817d,78.2609%,5,18,23,18,5,0,0
0x45c8ae,83.3333%,5,25,30,0,0,5,25
0x5ea102,96.6667%,5,145,150,0,0,5,145
0x4aa06f,37.5%,5,3,8,3,5,0,0
0x5ea155,96.3235%,5,131,136,0,0,5,131
0x45bc9c,90.1961%,5,46,51,46,5,0,0
0x4a6f71,97.093%,5,167,172,0,0,5,167
0x406d07,98.8263%,5,421,426,421,5,0,0
0x415880,78.2609%,5,18,23,18,5,0,0
0x676ebf,89.5833%,5,43,48,43,5,0,0
0x60caf4,37.5%,5,3,8,0,0,5,3
0x4a75ae,96.9325%,5,158,163,158,5,0,0
0x4866c7,28.5714%,5,2,7,0,0,5,2
0x486506,28.5714%,5,2,7,0,0,5,2
0x4ad6e3,96.1832%,5,126,131,126,5,0,0
0x415e6d,78.2609%,5,18,23,0,0,5,18
0x64c570,37.5%,5,3,8,3,5,0,0
0x494864,0%,5,0,5,0,5,0,0
0x5a1320,99.9579%,5,11863,11868,22,2,3,11841
0x4a7d3f,76.1905%,5,16,21,0,0,5,16
0x4a77f5,84.375%,5,27,32,12,4,1,15
0x676e48,68.75%,5,11,16,11,5,0,0
0x4a73d4,97.093%,5,167,172,37,4,1,130
0x45b786,89.1304%,5,41,46,0,0,5,41
0x60caa7,37.5%,5,3,8,3,5,0,0
0x4a74c5,97.093%,5,167,172,36,5,0,131
0x549929,37.5%,5,3,8,2,4,1,1
0x5dad2c,99.9576%,5,11792,11797,11792,5,0,0
0x487921,88.5714%,4,31,35,18,4,0,13
0x4f0d45,83.3333%,4,20,24,0,0,4,20
0x7b1c81,80%,4,16,20,0,4,0,16
0x461066,42.8571%,4,3,7,0,0,4,3
0x5ec254,97.3333%,4,146,150,5,3,1,141
0x4607ec,42.8571%,4,3,7,0,0,4,3
0x416a4b,82.6087%,4,19,23,0,0,4,19
0x48eabb,42.8571%,4,3,7,0,0,4,3
0x45f985,98.8304%,4,338,342,292,2,2,46
0x4a967e,50%,4,4,8,4,4,0,0
0x538d8e,88.5714%,4,31,35,0,0,4,31
0x63a0b7,50%,4,4,8,4,4,0,0
0x4e8bb0,0%,4,0,4,0,1,3,0
0x63a3ab,50%,4,4,8,0,0,4,4
0x63a3d9,50%,4,4,8,4,4,0,0
0x64c67a,50%,4,4,8,4,4,0,0
0x5ec48f,71.4286%,4,10,14,0,0,4,10
0x7b3586,99.9967%,4,122546,122550,0,0,4,122546
0x488087,75%,4,12,16,0,0,4,12
0x6743d1,86.6667%,4,26,30,0,0,4,26
0x550b32,99.9662%,4,11817,11821,5923,4,0,5894
0x45f94b,91.6667%,4,44,48,0,0,4,44
0x535cd1,88.2353%,4,30,34,30,4,0,0
0x645e2b,93.75%,4,60,64,0,0,4,60
0x645e38,93.75%,4,60,64,0,0,4,60
0x7b17e1,87.0968%,4,27,31,0,0,4,27
0x5a1486,83.3333%,4,20,24,20,4,0,0
0x7b14d6,99.9602%,4,10042,10046,0,0,4,10042
0x63a453,50%,4,4,8,4,4,0,0
0x535c33,88.5714%,4,31,35,31,4,0,0
0x49b3d7,50%,4,4,8,0,0,4,4
0x5ec72f,87.5%,4,28,32,0,0,4,28
0x7b1c61,80%,4,16,20,0,0,4,16
0x4a8474,98.8889%,4,356,360,356,4,0,0
0x54da57,98.3539%,4,239,243,0,0,4,239
0x4ab7a0,99.0385%,3,309,312,0,0,3,309
0x5ea620,98%,3,147,150,147,3,0,0
0x535be0,91.4286%,3,32,35,32,3,0,0
0x5a0e57,90.625%,3,29,32,29,3,0,0
0x674211,90%,3,27,30,27,3,0,0
0x638f59,99.9811%,3,15878,15881,15878,3,0,0
0x68d7c2,62.5%,3,5,8,0,0,3,5
0x5d8fef,62.5%,3,5,8,5,3,0,0
0x549939,62.5%,3,5,8,5,1,2,0
0x676e0f,81.25%,3,13,16,13,3,0,0
0x64cf0b,99.1667%,3,357,360,0,0,3,357
0x550af9,99.9873%,3,23639,23642,11821,0,3,11818
0x4a726b,99.3348%,3,448,451,0,0,3,448
0x48da77,0%,3,0,3,0,0,3,0
0x4a7026,98.2558%,3,169,172,169,3,0,0
0x48c94f,0%,3,0,3,0,3,0,0
0x63a0e8,62.5%,3,5,8,0,0,3,5
0x415e1a,86.9565%,3,20,23,20,3,0,0
0x48e8f8,98.2558%,3,169,172,0,0,3,169
0x48cabc,0%,3,0,3,0,0,3,0
0x48cb35,0%,3,0,3,0,0,3,0
0x60ce29,62.5%,3,5,8,5,3,0,0
0x48cbe2,0%,3,0,3,0,3,0,0
0x64a754,99.9972%,3,107255,107258,53231,3,0,54024
0x48c9a5,0%,3,0,3,0,0,3,0
0x416a5b,86.9565%,3,20,23,20,3,0,0
0x68421c,62.5%,3,5,8,5,3,0,0
0x45c85c,91.1765%,3,31,34,30,0,3,1
0x5ea758,78.5714%,3,11,14,4,3,0,7
0x4a704a,98.2558%,3,169,172,169,3,0,0
0x5ea748,78.5714%,3,11,14,0,0,3,11
0x5ec450,78.5714%,3,11,14,0,0,3,11
0x4a9aef,62.5%,3,5,8,5,3,0,0
0x7b14a7,94.1176%,3,48,51,0,0,3,48
0x45bd4c,96.8421%,3,92,95,71,2,1,21
0x4a80c7,86.9565%,3,20,23,20,3,0,0
0x487b4d,94%,3,47,50,4,3,0,43
0x617d68,98.2558%,3,169,172,169,3,0,0
0x7b141a,66.6667%,3,6,9,6,1,2,0
0x63a432,62.5%,3,5,8,5,3,0,0
0x41573c,86.9565%,3,20,23,0,0,3,20
0x7b1c8a,81.25%,3,13,16,0,3,0,13
0x5f7b79,98.5577%,3,205,208,205,3,0,0
0x4dc088,98.1595%,3,160,163,0,0,3,160
0x49b04d,90.625%,3,29,32,5,3,0,24
0x5ea1a0,99.8141%,3,1611,1614,1611,3,0,0
0x49b0fb,87.5%,3,21,24,21,3,0,0
0x4ad774,96.7033%,3,88,91,88,3,0,0
0x68417b,62.5%,3,5,8,0,0,3,5
0x4607d6,57.1429%,3,4,7,0,0,3,4
0x535b69,91.4286%,3,32,35,0,0,3,32
0x5ec091,98.3784%,3,182,185,0,0,3,182
0x5e5b69,99.9748%,3,11908,11911,0,0,3,11908
0x4b5f82,81.25%,3,13,16,13,3,0,0
0x5ec1c4,98%,3,147,150,147,3,0,0
0x48caad,0%,3,0,3,0,0,3,0
0x61a6fe,91.1765%,3,31,34,0,0,3,31
0x4f0e43,87.5%,3,21,24,21,3,0,0
0x7b233e,0%,3,0,3,0,0,3,0
0x645c63,95.3125%,3,61,64,61,3,0,0
0x5f8797,98.5577%,3,205,208,0,0,3,205
0x6f7777,90%,3,27,30,27,3,0,0
0x60c8db,62.5%,3,5,8,0,0,3,5
0x683e87,62.5%,3,5,8,5,3,0,0
0x645e59,95.3125%,3,61,64,61,3,0,0
0x4b5efa,81.25%,3,13,16,13,3,0,0
0x5ea7a9,97.5%,3,117,120,117,3,0,0
0x487b79,94%,3,47,50,29,0,3,18
0x6841a8,62.5%,3,5,8,5,3,0,0
0x7bd972,98.75%,3,237,240,210,0,3,27
0x4a7481,97.8571%,3,137,140,137,3,0,0
0x4866d9,57.1429%,3,4,7,0,0,3,4
0x535c0f,91.4286%,3,32,35,32,3,0,0
0x5a13c7,99.9944%,2,35474,35476,35474,2,0,0
0x4e9118,50%,2,2,4,2,0,2,0
0x5ea6cf,71.4286%,2,5,7,5,2,0,0
0x406acf,99.9942%,2,34637,34639,34637,2,0,0
0x4946cd,0%,2,0,2,0,2,0,0
0x48650f,71.4286%,2,5,7,0,0,2,5
0x416517,91.3043%,2,21,23,0,0,2,21
0x64ccc0,99.9766%,2,8537,8539,0,0,2,8537
0x487902,94.2857%,2,33,35,0,0,2,33
0x5a0973,99.9882%,2,16960,16962,0,0,2,16960
0x48cb63,33.3333%,2,1,3,1,2,0,0
0x7b30b4,99.2095%,2,251,253,0,0,2,251
0x638a10,99.9887%,2,17742,17744,17742,2,0,0
0x60ce4a,75%,2,6,8,6,2,0,0
0x7b33c8,99.9138%,2,2318,2320,2318,2,0,0
0x6499f7,99.9916%,2,23944,23946,23944,2,0,0
0x426fb7,99.2337%,2,259,261,0,0,2,259
0x4a72a5,98.8372%,2,170,172,170,2,0,0
0x4ea81a,0%,2,0,2,0,2,0,0
0x618987,98.8372%,2,170,172,170,2,0,0
0x4ab766,99.8355%,2,1214,1216,1214,0,2,0
0x646015,96.875%,2,62,64,62,2,0,0
0x674da3,93.3333%,2,28,30,28,2,0,0
0x494762,0%,2,0,2,0,2,0,0
0x487b9b,90.4762%,2,19,21,7,0,2,12
0x64599f,96.875%,2,62,64,0,0,2,62
0x7b32db,99.9245%,2,2646,2648,0,0,2,2646
0x7b17c8,93.5484%,2,29,31,0,0,2,29
0x7a6433,93.3333%,2,28,30,28,2,0,0
0x5dcaa9,99.9661%,2,5901,5903,5901,2,0,0
0x41575f,91.3043%,2,21,23,0,0,2,21
0x5ea61b,98.6667%,2,148,150,0,0,2,148
0x4878b6,96%,2,48,50,0,0,2,48
0x60cba1,75%,2,6,8,6,2,0,0
0x4a97ec,75%,2,6,8,0,0,2,6
0x5e99f6,94.2857%,2,33,35,0,0,2,33
0x5e995e,94.2857%,2,33,35,33,2,0,0
0x5e94a5,94.2857%,2,33,35,0,0,2,33
0x5e9bb1,94.2857%,2,33,35,33,2,0,0
0x499186,97.1014%,2,67,69,67,2,0,0
0x48c60e,96.4912%,2,55,57,55,2,0,0
0x486462,71.4286%,2,5,7,0,0,2,5
0x4a70d4,98.8372%,2,170,172,170,2,0,0
0x7b34bb,99.1379%,2,230,232,0,0,2,230
0x4a76ed,93.75%,2,30,32,0,0,2,30
0x4a7420,95.122%,2,39,41,30,2,0,9
0x7b180e,0%,2,0,2,0,0,2,0
0x4f0d71,91.6667%,2,22,24,22,2,0,0
0x7b1403,77.7778%,2,7,9,0,0,2,7
0x5d9185,97.2222%,2,70,72,43,1,1,27
0x645e49,96.875%,2,62,64,0,0,2,62
0x6f7b15,93.3333%,2,28,30,0,0,2,28
0x499e3f,98.5714%,2,138,140,138,2,0,0
0x645d87,96.875%,2,62,64,0,0,2,62
0x45f9a8,99.7426%,2,775,777,0,0,2,775
0x460fbd,71.4286%,2,5,7,5,2,0,0
0x645c31,96.875%,2,62,64,62,2,0,0
0x645b68,96.875%,2,62,64,0,0,2,62
0x45f8dd,95.8333%,2,46,48,0,0,2,46
0x7b36ae,94.2857%,2,33,35,0,0,2,33
0x66f346,99.7674%,2,858,860,343,1,1,515
0x7b33f3,98.7097%,2,153,155,0,0,2,153
0x7b13f9,77.7778%,2,7,9,0,0,2,7
0x4e8e9b,0%,2,0,2,0,1,1,0
0x46034e,33.3333%,2,1,3,1,2,0,0
0x5e4f85,50%,2,2,4,0,0,2,2
0x4e9141,0%,2,0,2,0,0,2,0
0x4e9130,0%,2,0,2,0,0,2,0
0x5ea640,98.6667%,2,148,150,0,0,2,148
0x494945,60%,2,3,5,1,2,0,2
0x4e8f36,0%,2,0,2,0,2,0,0
0x4e8e57,0%,2,0,2,0,1,1,0
0x4a8133,91.3043%,2,21,23,21,2,0,0
0x48cca7,33.3333%,2,1,3,1,2,0,0
0x48c6f4,71.4286%,2,5,7,5,1,1,0
0x7a63c3,93.3333%,2,28,30,0,0,2,28
0x460efb,71.4286%,2,5,7,5,2,0,0
0x5d78e7,94.4444%,2,34,36,34,2,0,0
0x7b575c,99.9941%,2,33622,33624,33622,2,0,0
0x5eae6d,85.7143%,2,12,14,5,2,0,7
0x5eadcb,71.4286%,2,5,7,0,0,2,5
0x45fa14,96.2264%,2,51,53,0,0,2,51
0x4a7f89,71.4286%,2,5,7,5,2,0,0
0x674d84,96.6667%,2,58,60,29,1,1,29
0x5d901e,75%,2,6,8,6,2,0,0
0x45c72d,88.2353%,2,15,17,13,2,0,2
0x4a76d5,93.75%,2,30,32,30,2,0,0
0x638a0b,99.9887%,2,17742,17744,0,0,2,17742
0x63a3c9,75%,2,6,8,0,0,2,6
0x4a86b7,99.765%,2,849,851,0,0,2,849
0x4ebee7,0%,2,0,2,0,0,2,0
0x617e9f,98.8372%,2,170,172,0,0,2,170
0x64cc6a,100%,2,4310834,4310836,0,0,2,4310834
0x60c131,75%,2,6,8,0,0,2,6
0x538de7,94.7368%,2,36,38,0,0,2,36
0x45f8c6,95.8333%,2,46,48,0,0,2,46
0x46029b,99.7097%,2,687,689,0,0,2,687
0x4e8bce,33.3333%,2,1,3,1,0,2,0
0x4a727f,98.8372%,2,170,172,170,2,0,0
0x5a1ff9,99.9916%,2,23752,23754,0,0,2,23752
0x67447a,93.3333%,2,28,30,28,2,0,0
0x45bd76,97.2603%,2,71,73,0,0,2,71
0x63a3b8,75%,2,6,8,0,0,2,6
0x48c463,86.6667%,2,13,15,0,0,2,13
0x550509,99.9831%,2,11852,11854,5925,2,0,5927
0x4ed04e,33.3333%,2,1,3,0,2,0,1
0x617d05,99.6234%,2,529,531,529,2,0,0
0x63a533,75%,2,6,8,6,2,0,0
0x548e2e,75%,2,6,8,6,2,0,0
0x499d5c,98.8372%,2,170,172,170,2,0,0
0x7b17d6,96.7742%,1,30,31,0,0,1,30
0x60cdbc,87.5%,1,7,8,0,0,1,7
0x7b201a,99.9903%,1,10271,10272,0,0,1,10271
0x49470e,50%,1,1,2,0,0,1,1
0x7bd8e5,96.6667%,1,29,30,29,1,0,0
0x68d908,87.5%,1,7,8,0,0,1,7
0x64d0c3,99.9997%,1,338921,338922,0,0,1,338921
0x63a17f,87.5%,1,7,8,7,1,0,0
0x5d0b9a,99.9935%,1,15359,15360,0,0,1,15359
0x486136,99.9915%,1,11785,11786,0,0,1,11785
0x7b34a2,99.9344%,1,1523,1524,0,0,1,1523
0x7b37dc,99.9869%,1,7613,7614,0,0,1,7613
0x6390e3,99.9234%,1,1304,1305,1304,1,0,0
0x48ca15,66.6667%,1,2,3,2,1,0,0
0x4e90e7,75%,1,3,4,2,1,0,1
0x486804,99.9966%,1,29476,29477,29476,1,0,0
0x674e26,96.6667%,1,29,30,0,0,1,29
0x66ef6f,99.8062%,1,515,516,515,1,0,0
0x48809c,93.75%,1,15,16,15,1,0,0
0x63877c,99.9915%,1,11828,11829,0,0,1,11828
0x6840d2,87.5%,1,7,8,0,0,1,7
0x7b1ad3,99.997%,1,33623,33624,0,0,1,33623
0x66efb1,99.8062%,1,515,516,0,0,1,515
0x4068b4,99.9941%,1,16864,16865,16864,1,0,0
0x45bc8e,98.0769%,1,51,52,0,1,0,51
0x5a147e,99.9976%,1,41437,41438,41414,0,1,23
0x4a74b9,99.4186%,1,171,172,171,1,0,0
0x487956,94.7368%,1,18,19,5,1,0,13
0x5a138c,99.9958%,1,23607,23608,11788,0,1,11819
0x4e8d9c,0%,1,0,1,0,0,1,0
0x6841fb,87.5%,1,7,8,7,1,0,0
0x64d25f,99.9901%,1,10063,10064,10063,1,0,0
0x460fb1,85.7143%,1,6,7,0,0,1,6
0x406dbc,99.7653%,1,425,426,0,0,1,425
0x7b31c9,99.9953%,1,21064,21065,0,0,1,21064
0x618a47,99.4186%,1,171,172,171,1,0,0
0x4e8314,50%,1,1,2,0,1,0,1
0x645bff,98.4375%,1,63,64,63,1,0,0
0x7a63e4,96.6667%,1,29,30,0,0,1,29
0x60cda8,87.5%,1,7,8,0,0,1,7
0x4863f6,85.7143%,1,6,7,0,0,1,6
0x54ce37,87.5%,1,7,8,0,0,1,7
0x4a75c5,99.3865%,1,162,163,0,0,1,162
0x48c642,98.2456%,1,56,57,56,1,0,0
0x7b22e9,0%,1,0,1,0,0,1,0
0x7b2027,99.9903%,1,10271,10272,10271,1,0,0
0x6842fc,87.5%,1,7,8,7,1,0,0
0x68841a,87.5%,1,7,8,0,0,1,7
0x5d0acb,96.6667%,1,29,30,0,0,1,29
0x644670,99.9958%,1,23595,23596,23595,1,0,0
0x48641a,85.7143%,1,6,7,6,1,0,0
0x49a4dd,99.1228%,1,113,114,113,1,0,0
0x4a97c2,87.5%,1,7,8,0,0,1,7
0x554c67,98.2456%,1,56,57,0,0,1,56
0x45f98c,99.8713%,1,776,777,48,0,1,728
0x4ea909,0%,1,0,1,0,0,1,0
0x64cfa7,97.8723%,1,46,47,0,0,1,46
0x68d8da,87.5%,1,7,8,7,1,0,0
0x7b22bb,87.5%,1,7,8,0,1,0,7
0x4a75eb,99.3865%,1,162,163,162,1,0,0
0x5e2d65,99.9958%,1,23595,23596,0,0,1,23595
0x461682,94.1176%,1,16,17,16,1,0,0
0x7b1bfb,99.9903%,1,10271,10272,0,0,1,10271
0x64d0b2,99.9904%,1,10423,10424,360,0,1,10063
0x63a302,87.5%,1,7,8,0,0,1,7
0x7b1bde,99.9903%,1,10271,10272,10271,1,0,0
0x64d187,99.9901%,1,10063,10064,10063,1,0,0
0x60cad8,87.5%,1,7,8,0,0,1,7
0x64d11c,99.9901%,1,10063,10064,10063,1,0,0
0x5d9194,96.4286%,1,27,28,0,0,1,27
0x4ea94c,0%,1,0,1,0,0,1,0
0x64d04f,99.7222%,1,359,360,359,1,0,0
0x60cb6f,87.5%,1,7,8,7,1,0,0
0x617e90,99.4186%,1,171,172,0,0,1,171
0x674207,96.6667%,1,29,30,0,0,1,29
0x4a7590,99.3865%,1,162,163,162,1,0,0
0x675197,96.6667%,1,29,30,0,0,1,29
0x7a6428,96.6667%,1,29,30,29,1,0,0
0x5a142f,99.9981%,1,53188,53189,23618,1,0,29570
0x406865,93.75%,1,15,16,15,1,0,0
0x684167,87.5%,1,7,8,0,0,1,7
0x4a75dd,99.3865%,1,162,163,0,0,1,162
0x5ec234,85.7143%,1,6,7,6,1,0,0
0x4a769f,99.9925%,1,13421,13422,0,0,1,13421
0x60cf8c,87.5%,1,7,8,7,1,0,0
0x5a0d84,96.875%,1,31,32,0,0,1,31
0x48e93f,99.4186%,1,171,172,171,1,0,0
0x4a780b,99.3865%,1,162,163,162,1,0,0
0x66efbf,99.8062%,1,515,516,515,1,0,0
0x7b50fc,99.9971%,1,34191,34192,0,0,1,34191
0x460349,75%,1,3,4,0,1,0,3
0x4a97dd,87.5%,1,7,8,0,0,1,7
0x48616e,99.983%,1,5894,5895,0,0,1,5894
0x4adb1a,99.4186%,1,171,172,0,0,1,171
0x68d5e5,87.5%,1,7,8,7,1,0,0
0x639c5c,87.5%,1,7,8,7,1,0,0
0x4e89b0,0%,1,0,1,0,0,1,0
0x60cce8,87.5%,1,7,8,0,0,1,7
0x7b203a,99.9903%,1,10271,10272,0,0,1,10271
0x60c361,87.5%,1,7,8,0,0,1,7
0x406b22,99.9971%,1,34638,34639,0,0,1,34638
0x48cdbf,75%,1,3,4,2,1,0,1
0x5a12c8,99.9981%,1,53257,53258,29569,1,0,23688
0x674200,96.6667%,1,29,30,0,0,1,29
0x45f8ee,97.9167%,1,47,48,0,0,1,47
0x64cc64,100%,1,4310835,4310836,0,0,1,4310835
0x48c859,0%,1,0,1,0,1,0,0
0x48c99c,66.6667%,1,2,3,0,0,1,2
0x61a6bf,97.0588%,1,33,34,33,1,0,0
0x406db2,99.7653%,1,425,426,0,0,1,425
0x7d2238,99.7567%,1,410,411,0,0,1,410
0x5a12b9,99.9981%,1,53257,53258,0,0,1,53257
0x7b573a,99.997%,1,33623,33624,0,0,1,33623
0x4ea6c8,50%,1,1,2,1,1,0,0
0x7b1424,50%,1,1,2,1,1,0,0
0x415e9b,95.6522%,1,22,23,22,1,0,0
0x61a4af,97.0588%,1,33,34,33,1,0,0
0x4ea408,50%,1,1,2,1,1,0,0
0x4aad28,93.75%,1,15,16,15,1,0,0
0x4ea9a2,0%,1,0,1,0,1,0,0
0x48cd27,66.6667%,1,2,3,2,0,1,0
0x4e8290,0%,1,0,1,0,1,0,0
0x5ec357,98.1481%,1,53,54,33,1,0,20
0x639261,99.9234%,1,1304,1305,1304,1,0,0
0x4e8dbb,0%,1,0,1,0,1,0,0
0x638db2,99.9234%,1,1304,1305,0,0,1,1304
0x4a73f0,99.2366%,1,130,131,130,1,0,0
0x683f4f,87.5%,1,7,8,7,1,0,0
0x4ea9ec,0%,1,0,1,0,0,1,0
0x4ea9f8,0%,1,0,1,0,0,1,0
0x48eadd,85.7143%,1,6,7,0,0,1,6
0x40682d,93.75%,1,15,16,15,1,0,0
0x460308,50%,1,1,2,0,0,1,1
0x676dca,93.75%,1,15,16,0,0,1,15
0x5eadf3,85.7143%,1,6,7,0,0,1,6
0x7b31d6,99.9953%,1,21064,21065,0,0,1,21064
0x4ea6b9,50%,1,1,2,0,0,1,1
0x5ec440,92.8571%,1,13,14,0,0,1,13
0x54bf93,87.5%,1,7,8,7,1,0,0
0x683f81,87.5%,1,7,8,7,1,0,0
0x54cd75,87.5%,1,7,8,0,0,1,7
0x498340,99.9972%,1,35766,35767,35766,1,0,0
0x5e7a65,99.9944%,1,17752,17753,0,0,1,17752
0x4863dd,85.7143%,1,6,7,0,0,1,6
0x7b50d7,99.9971%,1,34191,34192,0,0,1,34191
0x48cba9,66.6667%,1,2,3,0,0,1,2
0x4864fd,85.7143%,1,6,7,0,0,1,6
0x54ad3f,93.75%,1,15,16,15,1,0,0
0x4f0d69,95.8333%,1,23,24,0,0,1,23
0x4eaa2e,0%,1,0,1,0,0,1,0
0x683cd0,87.5%,1,7,8,7,1,0,0
0x4e8a43,0%,1,0,1,0,0,1,0
0x5ec42d,92.8571%,1,13,14,0,0,1,13
0x4ed005,0%,1,0,1,0,1,0,0
0x7b405f,97.4359%,1,38,39,0,0,1,38
0x494704,50%,1,1,2,0,0,1,1
0x538e0b,66.6667%,1,2,3,2,1,0,0
0x415750,95.6522%,1,22,23,0,0,1,22
0x6f7b35,96.6667%,1,29,30,29,1,0,0
0x7b17ff,50%,1,1,2,0,0,1,1
0x5e948b,97.1429%,1,34,35,0,0,1,34
0x7bd917,96.6667%,1,29,30,0,0,1,29
0x645b37,98.4375%,1,63,64,63,1,0,0
0x4e967a,0%,1,0,1,0,1,0,0
0x4e8bf5,75%,1,3,4,0,0,1,3
0x5ec259,99.2958%,1,141,142,0,0,1,141
0x4a8094,95.6522%,1,22,23,22,1,0,0
0x494813,75%,1,3,4,2,0,1,1
0x4ecf6c,0%,1,0,1,0,1,0,0
0x4e9084,50%,1,1,2,0,1,0,1
0x5ec137,99.3631%,1,156,157,0,0,1,156
0x538df6,97.3684%,1,37,38,34,1,0,3
0x66f449,99.4186%,1,171,172,171,1,0,0
0x4e8c46,0%,1,0,1,0,1,0,0
0x4ea9e4,0%,1,0,1,0,1,0,0
0x645fc7,98.4375%,1,63,64,0,0,1,63
0x4ad741,98.9011%,1,90,91,0,0,1,90
0x4b59c0,99.983%,1,5896,5897,0,0,1,5896
0x4ea91b,0%,1,0,1,0,0,1,0
0x617dd2,99.4186%,1,171,172,0,0,1,171
0x4a83af,99.7222%,1,359,360,359,1,0,0
0x460341,80%,1,4,5,0,1,0,4
0x535b30,97.1429%,1,34,35,34,1,0,0
0x6840d7,87.5%,1,7,8,0,0,1,7
0x4e8272,0%,1,0,1,0,1,0,0
0x48cae3,66.6667%,1,2,3,0,0,1,2
0x4e9a2a,0%,1,0,1,0,1,0,0
0x4e82e6,0%,1,0,1,0,0,1,0
0x415f21,100%,0,23,23,0,0,0,23
0x64c56b,100%,0,8,8,0,0,0,8
0x7b1c6b,100%,0,20,20,0,0,0,20
0x48855b,100%,0,16,16,0,0,0,16
0x48854a,100%,0,16,16,0,0,0,16
0x4e89da,100%,0,1,1,1,0,0,0
0x48851b,100%,0,16,16,0,0,0,16
0x4863fe,100%,0,7,7,0,0,0,7
0x64cee9,100%,0,360,360,360,0,0,0
0x7a6409,100%,0,30,30,0,0,0,30
0x488047,100%,0,16,16,16,0,0,0
0x4a7500,100%,0,54,54,0,0,0,54
0x4a732b,100%,0,172,172,172,0,0,0
0x40683f,100%,0,16,16,0,0,0,16
0x7b3fe4,100%,0,6,6,6,0,0,0
0x4067d0,100%,0,16,16,16,0,0,0
0x7b22a6,100%,0,8,8,0,0,0,8
0x4ad6be,100%,0,335,335,0,0,0,335
0x45f8cc,100%,0,48,48,0,0,0,48
0x416a55,100%,0,23,23,0,0,0,23
0x64999d,100%,0,8,8,0,0,0,8
0x4a97b3,100%,0,8,8,0,0,0,8
0x488a28,100%,0,16,16,0,0,0,16
0x45bd89,100%,0,73,73,0,0,0,73
0x49865b,100%,0,16,16,0,0,0,16
0x7b1ba9,100%,0,23352,23352,0,0,0,23352
0x462151,100%,0,16,16,0,0,0,16
0x4a97a9,100%,0,8,8,0,0,0,8
0x547d1c,100%,0,23,23,0,0,0,23
0x60cd9b,100%,0,8,8,0,0,0,8
0x64c59c,100%,0,8,8,0,0,0,8
0x61800b,100%,0,23,23,0,0,0,23
0x4aa0ab,100%,0,8,8,0,0,0,8
0x48858c,100%,0,16,16,16,0,0,0
0x67e975,100%,0,8,8,8,0,0,0
0x41576e,100%,0,23,23,0,0,0,23
0x7a63d1,100%,0,30,30,30,0,0,0
0x64c562,100%,0,8,8,0,0,0,8
0x485f99,100%,0,5903,5903,0,0,0,5903
0x5dfcc2,100%,0,36,36,0,0,0,36
0x5ea00e,100%,0,35,35,0,0,0,35
0x6441fe,100%,0,16,16,0,0,0,16
0x4888e0,100%,0,16,16,16,0,0,0
0x4f0dd9,100%,0,24,24,0,0,0,24
0x5ec40e,100%,0,14,14,0,0,0,14
0x4a70ab,100%,0,23,23,0,0,0,23
0x60ccf7,100%,0,8,8,0,0,0,8
0x63a595,100%,0,8,8,8,0,0,0
0x49c4af,100%,0,11821,11821,11821,0,0,0
0x64cf4e,100%,0,360,360,360,0,0,0
0x4e8267,100%,0,1,1,0,0,0,1
0x5d78c1,100%,0,36,36,36,0,0,0
0x5e32d6,100%,0,36,36,36,0,0,0
0x5e3316,100%,0,64,64,0,0,0,64
0x64596b,100%,0,64,64,0,0,0,64
0x46037b,100%,0,1,1,0,0,0,1
0x64d063,100%,0,10424,10424,0,0,0,10424
0x5a146b,100%,0,53157,53157,53157,0,0,0
0x645b84,100%,0,64,64,0,0,0,64
0x64ce08,100%,0,10424,10424,0,0,0,10424
0x64ce12,100%,0,10424,10424,0,0,0,10424
0x64cea7,100%,0,37821,37821,0,0,0,37821
0x460f97,100%,0,7,7,0,0,0,7
0x64d0fb,100%,0,328858,328858,328858,0,0,0
0x487fd0,100%,0,16,16,0,0,0,16
0x5d8f0f,100%,0,28,28,0,0,0,28
0x617ded,100%,0,172,172,172,0,0,0
0x4a9aff,100%,0,8,8,0,0,0,8
0x4a6f1e,100%,0,172,172,172,0,0,0
0x4a8c77,100%,0,172,172,0,0,0,172
0x4a71ce,100%,0,127,127,0,0,0,127
0x4a71dd,100%,0,127,127,0,0,0,127
0x60c35a,100%,0,8,8,0,0,0,8
0x61824e,100%,0,23,23,0,0,0,23
0x7b2329,100%,0,3,3,0,0,0,3
0x49853e,100%,0,5870,5870,0,0,0,5870
0x45b79e,100%,0,46,46,0,0,0,46
0x4a821a,100%,0,16,16,0,0,0,16
0x7a64bc,100%,0,30,30,0,0,0,30
0x5ec15d,100%,0,157,157,0,0,0,157
0x63a307,100%,0,8,8,0,0,0,8
0x5ec7bf,100%,0,729,729,729,0,0,0
0x5ea7cd,100%,0,150,150,0,0,0,150
0x4e9191,100%,0,2,2,2,0,0,0
0x5e002f,100%,0,36,36,0,0,0,36
0x5e6928,100%,0,57,57,0,0,0,57
0x7b1c07,100%,0,10272,10272,10272,0,0,0
0x5e0a67,100%,0,11798,11798,0,0,0,11798
0x49b248,100%,0,24,24,0,0,0,24
0x7b1c13,100%,0,10272,10272,0,0,0,10272
0x6840c8,100%,0,8,8,0,0,0,8
0x7b1c32,100%,0,10272,10272,0,0,0,10272
0x4b5ed9,100%,0,16,16,0,0,0,16
0x7b1c40,100%,0,10272,10272,0,0,0,10272
0x4b5ee9,100%,0,16,16,0,0,0,16
0x4aad21,100%,0,16,16,0,0,0,16
0x54abaa,100%,0,32,32,0,0,0,32
0x7b1c95,100%,0,10272,10272,0,0,0,10272
0x7b1d39,100%,0,10272,10272,10272,0,0,0
0x676dfb,100%,0,80,80,0,0,0,80
0x54ce50,100%,0,8,8,0,0,0,8
0x7b200e,100%,0,10272,10272,0,0,0,10272
0x676e0a,100%,0,16,16,0,0,0,16
0x487fb6,100%,0,16,16,0,0,0,16
0x5e1007,100%,0,36,36,0,0,0,36
0x4b5cce,100%,0,32,32,0,0,0,32
0x68d7cb,100%,0,8,8,0,0,0,8
0x64d1e7,100%,0,10064,10064,0,0,0,10064
0x7b1b84,100%,0,10908,10908,10908,0,0,0
0x45f942,100%,0,48,48,0,0,0,48
0x4b5cf0,100%,0,32,32,32,0,0,0
0x4b5d28,100%,0,32,32,0,0,0,32
0x4b5d71,100%,0,32,32,0,0,0,32
0x487836,100%,0,50,50,0,0,0,50
0x54beba,100%,0,5927,5927,5927,0,0,0
0x4b5db5,100%,0,32,32,32,0,0,0
0x5e94d5,100%,0,35,35,0,0,0,35
0x5ea661,100%,0,14,14,0,0,0,14
0x7b1f40,100%,0,10272,10272,10272,0,0,0
0x7b1f55,100%,0,10272,10272,0,0,0,10272
0x645eb2,100%,0,64,64,64,0,0,0
0x645ed3,100%,0,64,64,64,0,0,0
0x7a64af,100%,0,30,30,30,0,0,0
0x68d7fc,100%,0,8,8,0,0,0,8
0x7abff6,100%,0,30,30,0,0,0,30
0x7ac029,100%,0,30,30,0,0,0,30
0x7bd91e,100%,0,30,30,0,0,0,30
0x48caf0,100%,0,3,3,0,0,0,3
0x7bd983,100%,0,30,30,0,0,0,30
0x7a641a,100%,0,30,30,0,0,0,30
0x48cbb8,100%,0,3,3,0,0,0,3
0x4b598a,100%,0,11794,11794,0,0,0,11794
0x48c40f,100%,0,7,7,1,0,0,6
0x54ce47,100%,0,8,8,0,0,0,8
0x549414,100%,0,8,8,8,0,0,0
0x54ce66,100%,0,8,8,0,0,0,8
0x549907,100%,0,2,2,0,0,0,2
0x4868e4,100%,0,7,7,0,0,0,7
0x7b307d,100%,0,31872,31872,0,0,0,31872
0x4e8a1e,100%,0,1,1,0,0,0,1
0x46030f,100%,0,2,2,0,0,0,2
0x60cd87,100%,0,8,8,0,0,0,8
0x7b3043,100%,0,10601,10601,0,0,0,10601
0x4864f5,100%,0,7,7,0,0,0,7
0x486678,100%,0,7,7,0,0,0,7
0x48cb50,100%,0,3,3,0,0,0,3
0x4866bb,100%,0,7,7,0,0,0,7
0x4607be,100%,0,7,7,0,0,0,7
0x4866f1,100%,0,7,7,0,0,0,7
0x6744ad,100%,0,30,30,0,0,0,30
0x683ed3,100%,0,8,8,0,0,0,8
0x6f7794,100%,0,30,30,0,0,0,30
0x4ed01a,100%,0,1,1,0,0,0,1
0x460801,100%,0,7,7,0,0,0,7
0x460f26,100%,0,7,7,0,0,0,7
0x7a63ad,100%,0,30,30,0,0,0,30
0x460f35,100%,0,7,7,7,0,0,0
0x460f60,100%,0,7,7,0,0,0,7
0x460fa6,100%,0,7,7,0,0,0,7
0x461004,100%,0,7,7,0,0,0,7
0x7a640e,100%,0,30,30,30,0,0,0
0x60c147,100%,0,8,8,0,0,0,8
0x5498ba,100%,0,2,2,2,0,0,0
0x5498f7,100%,0,2,2,0,0,0,2
0x4b5aec,100%,0,11786,11786,0,0,0,11786
0x46031f,100%,0,2,2,0,0,0,2
0x4ab7cd,100%,0,494,494,494,0,0,0
0x7d2242,100%,0,411,411,411,0,0,0
0x460363,100%,0,2,2,1,0,0,1
0x4e9092,100%,0,1,1,1,0,0,0
0x4e8c0f,100%,0,4,4,2,0,0,2
0x4e91c8,100%,0,2,2,0,0,0,2
0x48611e,100%,0,11786,11786,0,0,0,11786
0x499c0c,100%,0,172,172,172,0,0,0
0x4e157f,100%,0,172,172,172,0,0,0
0x7b1819,100%,0,2,2,0,0,0,2
0x7b3670,100%,0,41,41,0,0,0,41
0x7b511c,100%,0,34192,34192,34192,0,0,0
0x7b406e,100%,0,39,39,0,0,0,39
0x7b4079,100%,0,39,39,0,0,0,39
0x64469f,100%,0,23596,23596,0,0,0,23596
0x4ea97d,100%,0,1,1,0,0,0,1
0x4e8a5e,100%,0,1,1,0,0,0,1
0x4e8b1e,100%,0,1,1,0,0,0,1
0x60cdcc,100%,0,8,8,8,0,0,0
0x4e8b49,100%,0,1,1,0,0,0,1
0x4e8fc9,100%,0,2,2,2,0,0,0
0x60cf3e,100%,0,8,8,0,0,0,8
0x4ea900,100%,0,1,1,0,0,0,1
0x63a1b1,100%,0,8,8,8,0,0,0
0x684198,100%,0,8,8,0,0,0,8
0x45ba5e,100%,0,7,7,0,0,0,7
0x4ea981,100%,0,1,1,0,0,0,1
0x66efb6,100%,0,516,516,0,0,0,516
0x4ecffe,100%,0,1,1,0,0,0,1
0x684310,100%,0,8,8,0,0,0,8
0x49b0c8,100%,0,24,24,0,0,0,24
0x645e17,100%,0,64,64,0,0,0,64
0x68435e,100%,0,8,8,8,0,0,0
0x4947ca,100%,0,2,2,0,0,0,2
0x461013,100%,0,7,7,0,0,0,7
0x5ea01c,100%,0,35,35,35,0,0,0
0x4a7577,100%,0,163,163,163,0,0,0
0x535ca8,100%,0,35,35,35,0,0,0
0x60c8e0,100%,0,8,8,8,0,0,0
0x486773,100%,0,7,7,0,0,0,7
0x5e9f0e,100%,0,35,35,35,0,0,0
0x66f35b,100%,0,516,516,0,0,0,516
0x4e8e19,100%,0,1,1,0,0,0,1
0x54f2c7,100%,0,50,50,0,0,0,50
0x5ea014,100%,0,35,35,0,0,0,35
0x64df90,100%,0,10982,10982,10982,0,0,0
0x4b5bb0,100%,0,11786,11786,11786,0,0,0
0x486449,100%,0,7,7,0,0,0,7
0x4991e4,100%,0,34,34,0,0,0,34
0x415d36,100%,0,23,23,23,0,0,0
0x61a50a,100%,0,34,34,0,0,0,34
0x49b1bf,100%,0,8,8,0,0,0,8
0x5504c3,100%,0,5894,5894,5894,0,0,0
0x5a0da4,100%,0,32,32,0,0,0,32
0x538d7c,100%,0,35,35,0,0,0,35
0x63918f,100%,0,1305,1305,1305,0,0,0
0x64c6a8,100%,0,8,8,0,0,0,8
0x45bd9e,100%,0,73,73,0,0,0,73
0x4a9722,100%,0,8,8,8,0,0,0
0x499170,100%,0,69,69,0,0,0,69
0x547b7c,100%,0,69,69,0,0,0,69
0x5359e3,100%,0,69,69,69,0,0,0
0x7b32bf,100%,0,126,126,126,0,0,0
0x538d67,100%,0,35,35,0,0,0,35
0x683cc2,100%,0,8,8,0,0,0,8
0x64df82,100%,0,10982,10982,0,0,0,10982
0x535b9e,100%,0,69,69,0,0,0,69
0x5e9589,100%,0,35,35,0,0,0,35
0x4aa0c8,100%,0,8,8,8,0,0,0
0x4e8ea3,100%,0,1,1,0,0,0,1
0x48797c,100%,0,13,13,6,0,0,7
0x49c014,100%,0,5902,5902,0,0,0,5902
0x7b3666,100%,0,41,41,0,0,0,41
0x5ec167,100%,0,7,7,7,0,0,0
0x5dfc64,100%,0,11798,11798,0,0,0,11798
0x45c76e,100%,0,15,15,0,0,0,15
0x7b34c8,100%,0,232,232,232,0,0,0
0x48ea37,100%,0,7,7,0,0,0,7
0x48eaac,100%,0,7,7,0,0,0,7
0x4890f3,100%,0,17469,17469,5648,0,0,11821
0x64990d,100%,0,4,4,4,0,0,0
0x7a639a,100%,0,30,30,0,0,0,30
0x5ea509,100%,0,7,7,0,0,0,7
0x7b2337,100%,0,3,3,0,0,0,3
0x4a7cf8,100%,0,7,7,0,0,0,7
0x7b14b1,100%,0,51,51,0,0,0,51
0x674e7d,100%,0,30,30,0,0,0,30
0x7b3fcb,100%,0,6,6,0,0,0,6
0x5d0ac2,100%,0,30,30,0,0,0,30
0x5d0ae6,100%,0,30,30,0,0,0,30
0x618265,100%,0,23,23,0,0,0,23
0x5d0b51,100%,0,15360,15360,15360,0,0,0
0x45ba52,100%,0,7,7,0,0,0,7
0x460799,100%,0,7,7,0,0,0,7
0x60c375,100%,0,8,8,0,0,0,8
0x60c8d2,100%,0,8,8,0,0,0,8
0x4a756e,100%,0,163,163,0,0,0,163
0x683ccb,100%,0,8,8,0,0,0,8
0x683cff,100%,0,8,8,0,0,0,8
0x7b22b4,100%,0,8,8,0,0,0,8
0x683eb8,100%,0,8,8,0,0,0,8
0x7b5743,100%,0,33624,33624,0,0,0,33624
0x4a766a,100%,0,163,163,0,0,0,163
0x5e92b0,100%,0,43,43,0,0,0,43
0x48ea59,100%,0,7,7,0,0,0,7
0x4aa167,100%,0,8,8,0,0,0,8
0x48c927,100%,0,1,1,0,0,0,1
0x5d8f9c,100%,0,16,16,0,0,0,16
0x63a547,100%,0,8,8,0,0,0,8
0x45c7a8,100%,0,26,26,0,0,0,26
0x45c886,100%,0,30,30,0,0,0,30
0x45c899,100%,0,30,30,0,0,0,30
0x48c452,100%,0,15,15,0,0,0,15
0x5dc81a,100%,0,52688,52688,0,0,0,52688
0x5dc984,100%,0,11802,11802,0,0,0,11802
0x7b1b57,100%,0,23352,23352,0,0,0,23352
0x7b4240,100%,0,7362,7362,0,0,0,7362
0x4b5a9c,100%,0,11786,11786,0,0,0,11786
0x676e33,100%,0,16,16,0,0,0,16
0x48612d,100%,0,11786,11786,0,0,0,11786
0x461002,100%,0,7,7,0,0,0,7
0x5e9ef0,100%,0,35,35,0,0,0,35
0x7b304e,100%,0,10601,10601,0,0,0,10601
0x64e20f,100%,0,10982,10982,10982,0,0,0
0x676e3c,100%,0,16,16,0,0,0,16
0x64dfbf,100%,0,10982,10982,0,0,0,10982
0x64a76f,100%,0,107258,107258,53234,0,0,54024
0x48617d,100%,0,5895,5895,0,0,0,5895
0x61809e,100%,0,23,23,0,0,0,23
0x5d0b89,100%,0,15360,15360,0,0,0,15360
0x60cbd3,100%,0,8,8,8,0,0,0
0x7b1bd2,100%,0,10272,10272,0,0,0,10272
0x644a72,100%,0,23596,23596,0,0,0,23596
0x499d9d,100%,0,301,301,301,0,0,0
0x7b3069,100%,0,10601,10601,10601,0,0,0
0x5a1462,100%,0,29538,29538,0,0,0,29538
0x45b715,100%,0,35,35,0,0,0,35
0x7b1b9f,100%,0,23352,23352,23352,0,0,0
0x49c479,100%,0,11821,11821,0,0,0,11821
0x5dcad4,100%,0,5903,5903,5903,0,0,0
0x66f764,100%,0,172,172,172,0,0,0
0x54f93e,100%,0,5927,5927,0,0,0,5927
0x638d8b,100%,0,1305,1305,1305,0,0,0
0x644b1b,100%,0,23596,23596,0,0,0,23596
0x7b1ac9,100%,0,33624,33624,0,0,0,33624
0x6ee3e3,100%,0,33623,33623,0,0,0,33623
0x674e5c,100%,0,30,30,0,0,0,30
0x5dcaca,100%,0,5903,5903,0,0,0,5903
0x4a74d1,100%,0,131,131,0,0,0,131
0x64a7a7,100%,0,577859,577859,577859,0,0,0
0x4893e3,100%,0,5903,5903,5903,0,0,0
0x649e85,100%,0,18845,18845,0,0,0,18845
0x48943f,100%,0,5895,5895,5895,0,0,0
0x48852e,100%,0,16,16,0,0,0,16
0x5505fe,100%,0,5894,5894,5894,0,0,0
0x4069c3,100%,0,40568,40568,0,0,0,40568
0x5e9f09,100%,0,35,35,0,0,0,35
0x48c3c3,100%,0,7,7,0,0,0,7
0x5a0da9,100%,0,32,32,32,0,0,0
0x64cce0,100%,0,17234,17234,0,0,0,17234
0x548de7,100%,0,8,8,8,0,0,0
0x64466b,100%,0,23596,23596,0,0,0,23596
0x54dff7,100%,0,24603,24603,0,0,0,24603
0x486767,100%,0,7,7,0,0,0,7
0x486192,100%,0,5895,5895,0,0,0,5895
0x638797,100%,0,11829,11829,0,0,0,11829
0x7b2f7a,100%,0,34192,34192,0,0,0,34192
0x406e27,100%,0,31044,31044,0,0,0,31044
0x676e97,100%,0,16,16,0,0,0,16
0x4a745d,100%,0,140,140,140,0,0,0
0x7b5145,100%,0,34192,34192,0,0,0,34192
0x63912f,100%,0,1305,1305,1305,0,0,0
0x63a2f8,100%,0,8,8,0,0,0,8
0x649edc,100%,0,6785,6785,0,0,0,6785
0x5dfef9,100%,0,11797,11797,0,0,0,11797
0x684188,100%,0,8,8,0,0,0,8
0x48c4e8,100%,0,7,7,1,0,0,6
0x54a365,100%,0,29570,29570,0,0,0,29570
0x550cb7,100%,0,5977,5977,0,0,0,5977
0x64e147,100%,0,10982,10982,10982,0,0,0
0x67449b,100%,0,30,30,0,0,0,30
0x5ec463,100%,0,14,14,0,0,0,14
0x7b4247,100%,0,7362,7362,0,0,0,7362
0x644921,100%,0,23596,23596,23596,0,0,0
0x7b1b07,100%,0,23352,23352,0,0,0,23352
0x644b38,100%,0,23596,23596,0,0,0,23596
0x638e18,100%,0,17186,17186,0,0,0,17186
0x7b1b18,100%,0,23352,23352,0,0,0,23352
0x406c5a,100%,0,33173,33173,33173,0,0,0
0x638783,100%,0,11829,11829,0,0,0,11829
0x7b1b39,100%,0,23352,23352,23352,0,0,0
0x7b3755,100%,0,7912,7912,0,0,0,7912
0x6391af,100%,0,1305,1305,1305,0,0,0
0x644bbc,100%,0,23596,23596,23596,0,0,0
0x639eeb,100%,0,8,8,0,0,0,8
0x644827,100%,0,23596,23596,23596,0,0,0
0x5a15af,100%,0,5680,5680,0,0,0,5680
0x4996e0,100%,0,17932,17932,0,0,0,17932
0x499b26,100%,0,40,40,0,0,0,40
0x5dca54,100%,0,5903,5903,0,0,0,5903
0x4e8e76,100%,0,1,1,0,0,0,1
0x644b07,100%,0,23596,23596,0,0,0,23596
0x4e8bdd,100%,0,2,2,0,0,0,2
0x644b28,100%,0,23596,23596,0,0,0,23596
0x486481,100%,0,7,7,0,0,0,7
0x4b5aab,100%,0,11786,11786,0,0,0,11786
0x49972f,100%,0,17970,17970,0,0,0,17970
0x550458,100%,0,5894,5894,0,0,0,5894
0x4b5aba,100%,0,11786,11786,0,0,0,11786
0x644a68,100%,0,23596,23596,0,0,0,23596
0x487f7b,100%,0,16,16,0,0,0,16
0x406b5a,100%,0,11490,11490,0,0,0,11490
0x7b1cb3,100%,0,9243,9243,0,0,0,9243
0x66ef8e,100%,0,516,516,516,0,0,0
0x644a77,100%,0,23596,23596,0,0,0,23596
0x638a02,100%,0,17744,17744,0,0,0,17744
0x5a0e3d,100%,0,32,32,0,0,0,32
0x4e1639,100%,0,172,172,0,0,0,172
0x4a83a3,100%,0,360,360,0,0,0,360
0x550434,100%,0,17748,17748,11854,0,0,5894
0x485f8d,100%,0,5903,5903,5903,0,0,0
0x64e194,100%,0,10982,10982,0,0,0,10982
0x7ac054,100%,0,30,30,0,0,0,30
0x4e1573,100%,0,172,172,0,0,0,172
0x499703,100%,0,18002,18002,0,0,0,18002
0x5dcacf,100%,0,5903,5903,0,0,0,5903
0x5a15be,100%,0,5680,5680,0,0,0,5680
0x644953,100%,0,23596,23596,23596,0,0,0
0x7b35dd,100%,0,13309,13309,13309,0,0,0
0x49b3c6,100%,0,8,8,0,0,0,8
0x6386a5,100%,0,17186,17186,0,0,0,17186
0x461666,100%,0,8,8,0,0,0,8
0x4b5adc,100%,0,11786,11786,0,0,0,11786
0x645970,100%,0,64,64,64,0,0,0
0x644b48,100%,0,23596,23596,23596,0,0,0
0x54ed27,100%,0,5968,5968,0,0,0,5968
0x5dca60,100%,0,5903,5903,0,0,0,5903
0x645962,100%,0,64,64,0,0,0,64
0x6448ef,100%,0,23596,23596,23596,0,0,0
0x674e0b,100%,0,30,30,0,0,0,30
0x644662,100%,0,23596,23596,0,0,0,23596
0x64ce17,100%,0,10424,10424,0,0,0,10424
0x5dca65,100%,0,5903,5903,0,0,0,5903
0x7bd948,100%,0,240,240,0,0,0,240
0x486814,100%,0,29477,29477,0,0,0,29477
0x54f8e2,100%,0,5927,5927,0,0,0,5927
0x54934b,100%,0,8,8,8,0,0,0
0x7b5140,100%,0,34192,34192,0,0,0,34192
0x49c405,100%,0,11822,11822,0,0,0,11822
0x48914c,100%,0,5927,5927,0,0,0,5927
0x7b373b,100%,0,7912,7912,0,0,0,7912
0x4b5b21,100%,0,11786,11786,0,0,0,11786
0x644b9b,100%,0,23596,23596,23596,0,0,0
0x5dca69,100%,0,5903,5903,5903,0,0,0
0x7b512b,100%,0,34192,34192,0,0,0,34192
0x5e2b85,100%,0,70951,70951,0,0,0,70951
0x5e4445,100%,0,5895,5895,0,0,0,5895
0x639ef0,100%,0,8,8,8,0,0,0
0x5a101a,100%,0,53234,53234,0,0,0,53234
0x60c62b,100%,0,8,8,0,0,0,8
0x4b5ae6,100%,0,11786,11786,11786,0,0,0
0x649e7c,100%,0,18845,18845,0,0,0,18845
0x7b3489,100%,0,7167,7167,0,0,0,7167
0x64df8b,100%,0,10982,10982,0,0,0,10982
0x63906e,100%,0,17186,17186,0,0,0,17186
0x486142,100%,0,11786,11786,0,0,0,11786
0x54f8fe,100%,0,5927,5927,0,0,0,5927
0x4868ea,100%,0,7,7,0,0,0,7
0x548671,100%,0,5926,5926,0,0,0,5926
0x485f7e,100%,0,5903,5903,0,0,0,5903
0x4b59cf,100%,0,5897,5897,0,0,0,5897
0x7b5137,100%,0,34192,34192,0,0,0,34192
0x5a0893,100%,0,5976,5976,0,0,0,5976
0x7b1bb3,100%,0,10908,10908,10908,0,0,0
0x638e22,100%,0,17186,17186,0,0,0,17186
0x644cb0,100%,0,23596,23596,0,0,0,23596
0x68d7d0,100%,0,8,8,8,0,0,0
0x645d82,100%,0,64,64,0,0,0,64
0x495745,100%,0,11844,11844,11844,0,0,0
0x638eb7,100%,0,4468542,4468542,0,0,0,4468542
0x489340,100%,0,5902,5902,0,0,0,5902
0x7bd864,100%,0,30,30,30,0,0,0
0x550be5,100%,0,5894,5894,0,0,0,5894
0x5e3945,100%,0,5902,5902,0,0,0,5902
0x5e2d99,100%,0,5895,5895,5895,0,0,0
0x6390d3,100%,0,1305,1305,0,0,0,1305
0x639105,100%,0,1305,1305,1305,0,0,0
0x45f936,100%,0,48,48,48,0,0,0
0x5a1349,100%,0,11844,11844,0,0,0,11844
0x644cfe,100%,0,23596,23596,23596,0,0,0
0x638efc,100%,0,15881,15881,15881,0,0,0
0x4e161a,100%,0,172,172,172,0,0,0
0x7b1b2a,100%,0,23352,23352,0,0,0,23352
0x64cca9,100%,0,5773,5773,0,0,0,5773
0x64ccae,100%,0,5773,5773,0,0,0,5773
0x7d2251,100%,0,6320,6320,0,0,0,6320
0x6f7b5f,100%,0,30,30,30,0,0,0
0x60c223,100%,0,8,8,8,0,0,0
0x5a1357,100%,0,23688,23688,23664,0,0,24
0x7b375f,100%,0,7912,7912,0,0,0,7912
0x4a72d7,100%,0,172,172,172,0,0,0
0x406cbf,100%,0,33173,33173,0,0,0,33173
0x60c63b,100%,0,8,8,0,0,0,8
0x538dce,100%,0,35,35,0,0,0,35
0x644858,100%,0,23596,23596,0,0,0,23596
0x7b5753,100%,0,33624,33624,0,0,0,33624
0x639ee2,100%,0,8,8,0,0,0,8
0x63a397,100%,0,8,8,0,0,0,8
0x7b4231,100%,0,7362,7362,0,0,0,7362
0x48853e,100%,0,16,16,0,0,0,16
0x4b5f43,100%,0,16,16,0,0,0,16
0x5a13b1,100%,0,11820,11820,11820,0,0,0
0x486186,100%,0,5895,5895,0,0,0,5895
0x7b3687,100%,0,41,41,0,0,0,41
0x49568f,100%,0,11820,11820,11820,0,0,0
0x550c10,100%,0,5894,5894,0,0,0,5894
0x4b128e,100%,0,5910,5910,5910,0,0,0
0x638e27,100%,0,17186,17186,0,0,0,17186
0x54f8e9,100%,0,5927,5927,5927,0,0,0
0x499247,100%,0,35,35,35,0,0,0
0x4e8302,100%,0,2,2,0,0,0,2
0x5a0d13,100%,0,5926,5926,0,0,0,5926
0x5a0d2c,100%,0,5926,5926,5926,0,0,0
0x66f3e1,100%,0,516,516,172,0,0,344
0x63a104,100%,0,8,8,0,0,0,8
0x4e160b,100%,0,172,172,0,0,0,172
0x48c9e5,100%,0,3,3,0,0,0,3
0x48e926,100%,0,172,172,0,0,0,172
0x64d1aa,100%,0,10064,10064,0,0,0,10064
0x49a40d,100%,0,114,114,0,0,0,114
0x5a0a04,100%,0,11820,11820,11820,0,0,0
0x66f3ea,100%,0,344,344,0,0,0,344
0x66f065,100%,0,688,688,344,0,0,344
0x618c01,100%,0,187,187,187,0,0,0
0x499e9a,100%,0,172,172,172,0,0,0
0x674251,100%,0,30,30,0,0,0,30
0x617d55,100%,0,172,172,0,0,0,172
0x54cd7f,100%,0,8,8,0,0,0,8
0x4067c2,100%,0,16,16,0,0,0,16
0x535a7f,100%,0,69,69,0,0,0,69
0x7ac00a,100%,0,30,30,0,0,0,30
0x5dfb81,100%,0,52688,52688,0,0,0,52688
0x63905a,100%,0,15881,15881,15881,0,0,0
0x6ee670,100%,0,1,1,1,0,0,0
0x5505c3,100%,0,5894,5894,0,0,0,5894
0x5a0b54,100%,0,5926,5926,0,0,0,5926
0x7b3248,100%,0,849,849,0,0,0,849
0x64e27c,100%,0,343,343,0,0,0,343
0x644873,100%,0,23596,23596,0,0,0,23596
0x64e2fb,100%,0,343,343,343,0,0,0
0x66dd61,100%,0,16,16,16,0,0,0
0x5d0b12,100%,0,15360,15360,15360,0,0,0
0x499287,100%,0,34,34,0,0,0,34
0x5a09b4,100%,0,11820,11820,0,0,0,11820
0x64e322,100%,0,343,343,0,0,0,343
0x49857b,100%,0,16,16,0,0,0,16
0x7b3797,100%,0,298,298,0,0,0,298
0x60cf2a,100%,0,8,8,8,0,0,0
0x5e9b6a,100%,0,35,35,0,0,0,35
0x5a09ea,100%,0,11820,11820,0,0,0,11820
0x489103,100%,0,11821,11821,5895,0,0,5926
0x5a1459,100%,0,29570,29570,0,0,0,29570
0x498432,100%,0,46651,46651,0,0,0,46651
0x4996a8,100%,0,35329,35329,0,0,0,35329
0x415f02,100%,0,23,23,0,0,0,23
0x7b1ae5,100%,0,33624,33624,0,0,0,33624
0x45ba72,100%,0,7,7,0,0,0,7
0x406a10,100%,0,5503,5503,0,0,0,5503
0x68e8ab,100%,0,30,30,0,0,0,30
0x54f86c,100%,0,5927,5927,5927,0,0,0
0x4b59da,100%,0,5897,5897,0,0,0,5897
0x674d99,100%,0,30,30,0,0,0,30
0x7b50eb,100%,0,34192,34192,34192,0,0,0
0x5a08ad,100%,0,5976,5976,5976,0,0,0
0x638cd1,100%,0,17744,17744,17744,0,0,0
0x645d78,100%,0,64,64,0,0,0,64
0x4b59e6,100%,0,5897,5897,0,0,0,5897
0x49c6e6,100%,0,11821,11821,11821,0,0,0
0x649e8a,100%,0,18845,18845,18845,0,0,0
0x4a71eb,100%,0,127,127,0,0,0,127
0x548680,100%,0,5926,5926,0,0,0,5926
0x4867a6,100%,0,29477,29477,0,0,0,29477
0x638a3f,100%,0,17744,17744,0,0,0,17744
0x48c4d2,100%,0,7,7,0,0,0,7
0x5e34c3,100%,0,5895,5895,0,0,0,5895
0x7b2fe5,100%,0,13309,13309,0,0,0,13309
0x48c9fe,100%,0,3,3,0,0,0,3
0x638bd7,100%,0,17744,17744,17744,0,0,0
0x7b1cf3,100%,0,10272,10272,0,0,0,10272
0x550a17,100%,0,5894,5894,0,0,0,5894
0x638c08,100%,0,17744,17744,0,0,0,17744
0x7b30c2,100%,0,5528,5528,0,0,0,5528
0x54cd88,100%,0,8,8,0,0,0,8
0x644c9c,100%,0,23596,23596,23596,0,0,0
0x638c24,100%,0,17744,17744,0,0,0,17744
0x550be0,100%,0,11821,11821,5927,0,0,5894
0x638c9f,100%,0,17744,17744,17744,0,0,0
0x406b70,100%,0,1264,1264,0,0,0,1264
0x7b5113,100%,0,34192,34192,0,0,0,34192
0x7b2fd7,100%,0,13309,13309,13309,0,0,0
0x4867d1,100%,0,29477,29477,29477,0,0,0
0x7b1bae,100%,0,23352,23352,12444,0,0,10908
0x4867b8,100%,0,29477,29477,29477,0,0,0
0x5a1560,100%,0,11820,11820,0,0,0,11820
0x4867ed,100%,0,29477,29477,29477,0,0,0
0x7b50c3,100%,0,34192,34192,0,0,0,34192
0x7b1c24,100%,0,10272,10272,0,0,0,10272
0x4dbf47,100%,0,1,1,0,0,0,1
0x489368,100%,0,11797,11797,5895,0,0,5902
0x54ab9b,100%,0,32,32,0,0,0,32
0x6ec690,100%,0,34191,34191,34191,0,0,0
0x7b1add,100%,0,33624,33624,0,0,0,33624
0x406947,100%,0,16865,16865,0,0,0,16865
0x66f364,100%,0,516,516,516,0,0,0
0x7b1cbd,100%,0,9243,9243,0,0,0,9243
0x4b5b47,100%,0,11786,11786,0,0,0,11786
0x5553b7,100%,0,57,57,0,0,0,57
0x6390bc,100%,0,17186,17186,15881,0,0,1305
0x7b31a8,100%,0,18736,18736,0,0,0,18736
0x7ac01b,100%,0,30,30,0,0,0,30
0x461187,100%,0,7,7,0,0,0,7
0x4b5a8f,100%,0,11786,11786,0,0,0,11786
0x4b5a56,100%,0,11786,11786,11786,0,0,0
0x7b1399,100%,0,5528,5528,0,0,0,5528
0x64e178,100%,0,10982,10982,0,0,0,10982
0x638fb2,100%,0,1243,1243,0,0,0,1243
0x7b25f3,100%,0,10272,10272,10272,0,0,0
0x4b5a19,100%,0,11786,11786,0,0,0,11786
0x64e241,100%,0,10982,10982,10982,0,0,0
0x4b5a47,100%,0,11786,11786,0,0,0,11786
0x4a80c3,100%,0,23,23,0,0,0,23
0x5d788b,100%,0,36,36,0,0,0,36
0x4a722e,100%,0,172,172,0,0,0,172
0x550731,100%,0,5894,5894,5894,0,0,0
0x4b5a80,100%,0,11786,11786,0,0,0,11786
0x64d13f,100%,0,10064,10064,0,0,0,10064
0x5a0ff5,100%,0,53258,53258,53234,0,0,24
0x486822,100%,0,29477,29477,0,0,0,29477
0x550a5a,100%,0,5894,5894,0,0,0,5894
0x638d0c,100%,0,1305,1305,0,0,0,1305
0x406ab1,100%,0,5502,5502,0,0,0,5502
0x7b13a8,100%,0,5528,5528,5528,0,0,0
