Branch PC,Accuracy,Mispredictions,Correct Predictions,Total,dir_t_pred_t,dir_t_pred_nt,dir_nt_pred_t,dir_nt_pred_nt
aggregate,99.7077%,135613,46255377,46390990,19656439,67106,68507,26598938
0x4dde45,98.8108%,43697,3630723,3674420,2911060,37360,6337,719663
0x59d4ea,99.3416%,40792,6154881,6195673,5464791,4528,36264,690090
0x4cd69b,98.4431%,3174,200695,203869,4908,2546,628,195787
0x7b2fc5,86.7178%,2755,17987,20742,4591,1703,1052,13396
0x406c31,78.3443%,2438,8820,11258,6857,919,1519,1963
0x406ce1,83.4072%,2208,11099,13307,9042,738,1470,2057
0x4ca06a,99.1126%,1747,195128,196875,194808,98,1649,320
0x7c9468,89.6227%,1543,13326,14869,2791,1206,337,10535
0x7b1b7f,90.3625%,1502,14083,15585,6458,836,666,7625
0x7c93a3,91.2504%,1468,15310,16778,9002,769,699,6308
0x7c938c,91.6915%,1394,15384,16778,5872,805,589,9512
0x7c93b4,92.0908%,1327,15451,16778,8641,661,666,6810
0x7c9492,87.9967%,1305,9567,10872,8663,354,951,904
0x7c93ca,92.4782%,1262,15516,16778,6244,618,644,9272
0x5c5a9e,72.4676%,1234,3248,4482,1802,615,619,1446
0x5bf5cb,93.5974%,1164,17016,18180,14790,523,641,2226
0x406c06,75.011%,1137,3413,4550,2714,430,707,699
0x67e1e1,93.9976%,1053,16490,17543,14700,426,627,1790
0x5bfe69,91.0094%,1043,10558,11601,8954,582,461,1604
0x7b358e,66.1911%,1019,1995,3014,1141,508,511,854
0x5bd249,88.8326%,926,7366,8292,3625,406,520,3741
0x50547b,95.8951%,883,20628,21511,0,850,33,20628
0x7b347d,87.6359%,876,6209,7085,795,566,310,5414
0x7c941f,80.4308%,854,3510,4364,2875,372,482,635
0x496934,95.1421%,766,15002,15768,12961,390,376,2041
0x7b31b5,90.821%,720,7124,7844,6083,290,430,1041
0x5c86fa,99.7195%,669,237817,238486,232126,115,554,5691
0x7b303a,91.35%,601,6347,6948,6200,171,430,147
0x507872,92.5835%,571,7128,7699,6871,36,535,257
0x7b2fa5,97.414%,559,21057,21616,567,307,252,20490
0x7b3597,59.1941%,557,808,1365,352,301,256,456
0x67b4c0,78.8342%,512,1907,2419,625,293,219,1282
0x46167b,84.7579%,510,2836,3346,1738,231,279,1098
0x4291b0,92.908%,498,6524,7022,4827,246,252,1697
0x406c39,87.4526%,463,3227,3690,199,367,96,3028
0x67ba82,81.7129%,442,1975,2417,1726,158,284,249
0x4113e9,97.9685%,439,21171,21610,20452,19,420,719
0x527667,96.1156%,422,10442,10864,1983,179,243,8459
0x7c93fa,93.1818%,417,5699,6116,4683,316,101,1016
0x7b13d8,81.7727%,401,1799,2200,421,272,129,1378
0x4c67db,83.4574%,400,2018,2418,216,229,171,1802
0x4f6619,97.0213%,381,12410,12791,10914,174,207,1496
0x7b1469,66.3402%,378,745,1123,505,174,204,240
0x406b91,90.5149%,350,3340,3690,2121,163,187,1219
0x4c096e,85.23%,305,1760,2065,496,210,95,1264
0x429038,69.8171%,297,687,984,468,93,204,219
0x4cd7b4,96.209%,283,7182,7465,4414,55,228,2768
0x42925c,85.6223%,268,1596,1864,1324,117,151,272
0x67bac5,51.97%,256,277,533,107,140,116,170
0x5fff99,99.3123%,253,36538,36791,35030,149,104,1508
0x7c94a8,95.7852%,248,5636,5884,5562,27,221,74
0x67b4f9,83.5443%,247,1254,1501,1202,52,195,52
0x527678,97.288%,236,8466,8702,5164,148,88,3302
0x64d9be,97.0558%,232,7648,7880,6892,37,195,756
0x406b4d,94.4784%,226,3867,4093,214,189,37,3653
0x410e6e,91.4029%,220,2339,2559,2184,27,193,155
0x406c0b,94.2818%,211,3479,3690,36,172,39,3443
0x7b34bb,96.4884%,193,5303,5496,24,136,57,5279
0x7c9437,96.9424%,187,5929,6116,76,156,31,5853
0x5c8758,98.1936%,184,10002,10186,5616,14,170,4386
0x4bc339,99.8851%,182,158151,158333,146777,45,137,11374
0x5052a9,98.5455%,177,11992,12169,11369,10,167,623
0x64d8e8,94.7265%,161,2892,3053,104,103,58,2788
0x504bc9,98.7756%,149,12020,12169,11369,10,139,651
0x410cb5,96.0671%,136,3322,3458,1073,79,57,2249
0x7b1490,88.1266%,135,1002,1137,987,36,99,15
0x4a3969,97.0264%,135,4405,4540,4059,37,98,346
0x7b31fd,90.4232%,129,1218,1347,16,85,44,1202
0x7b14de,88.9581%,124,999,1123,4,107,17,995
0x7b3354,78.2051%,119,427,546,384,38,81,43
0x52ac03,95.1613%,117,2301,2418,602,104,13,1699
0x4f70f5,98.6558%,111,8147,8258,903,77,34,7244
0x410e93,92.8281%,106,1372,1478,1257,54,52,115
0x59d51a,99.9984%,103,6304436,6304539,5578153,32,71,726283
0x64dd49,99.9173%,94,113542,113636,105301,16,78,8241
0x59ce6d,99.9873%,92,725908,726000,0,90,2,725908
0x7b3020,98.7723%,88,7080,7168,143,77,11,6937
0x7b3489,98.4976%,86,5638,5724,15,61,25,5623
0x7c9377,99.5211%,82,17039,17121,6075,41,41,10964
0x59d9c9,98.241%,80,4468,4548,4089,14,66,379
0x4c9436,98.444%,78,4935,5013,378,72,6,4557
0x500d11,99.4707%,74,13908,13982,2803,71,3,11105
0x64c59c,96.6489%,69,1990,2059,0,65,4,1990
0x7b151b,97.1364%,63,2137,2200,1938,42,21,199
0x410d6b,94.7917%,60,1092,1152,1049,13,47,43
0x4291c3,99.5762%,60,14096,14156,1827,37,23,12269
0x5fff91,99.8745%,52,41393,41445,4617,37,15,36776
0x52fa6d,65.0685%,51,95,146,74,25,26,21
0x52f935,79.3249%,49,188,237,5,42,7,183
0x4bc360,99.5818%,48,11429,11477,942,30,18,10487
0x505b28,99.8877%,46,40927,40973,40172,11,35,755
0x5bfc4d,99.2112%,46,5786,5832,5364,23,23,422
0x7c94e4,80.1762%,45,182,227,166,13,32,16
0x5bd233,99.4824%,44,8456,8500,188,20,24,8268
0x7b30a3,80.4545%,43,177,220,120,24,19,57
0x64d915,82.9365%,43,209,252,47,23,20,162
0x4603b3,99.965%,41,117163,117204,10690,39,2,106473
0x67bb49,99.9483%,40,77304,77344,74913,14,26,2391
0x410e83,97.5889%,40,1619,1659,148,33,7,1471
0x410dd9,97.172%,36,1237,1273,1080,12,24,157
0x52f9dd,58.8235%,35,50,85,12,20,15,38
0x7c943e,99.4392%,33,5851,5884,1,31,2,5850
0x6ee3e3,99.831%,33,19498,19531,3926,20,13,15572
0x4c9eb4,99.1525%,32,3744,3776,2434,1,31,1310
0x461682,97.894%,29,1348,1377,1312,0,29,36
0x64d942,79.1045%,28,106,134,12,13,15,94
0x68dfac,98.88%,28,2472,2500,0,25,3,2472
0x4603c7,99.9746%,27,106448,106475,106040,4,23,408
0x64d8c4,99.7597%,26,10793,10819,7788,16,10,3005
0x5c5a67,99.7542%,22,8929,8951,4464,5,17,4465
0x5bd219,99.6194%,22,5759,5781,3791,21,1,1968
0x68d7fc,98.8827%,22,1947,1969,0,20,2,1947
0x410d9b,98.1771%,21,1131,1152,967,4,17,164
0x64d9c4,97.7918%,21,930,951,355,13,8,575
0x687aec,98.9863%,20,1953,1973,0,20,0,1953
0x5d0388,99.9927%,18,245737,245755,0,15,3,245737
0x4f70d8,99.0074%,16,1596,1612,623,9,7,973
0x5bd205,99.8068%,16,8265,8281,2486,14,2,5779
0x4d0c16,99.961%,16,40983,40999,2401,16,0,38582
0x7bd81e,99.5883%,16,3870,3886,3870,0,16,0
0x7b14d6,98.5928%,16,1121,1137,0,14,2,1121
0x4cd780,99.7857%,16,7449,7465,7449,5,11,0
0x5ffd18,98.3673%,16,964,980,526,9,7,438
0x7c93e9,99.8489%,15,9911,9926,5,5,10,9906
0x5010c3,99.908%,15,16290,16305,16290,13,2,0
0x7b34f7,99.7378%,15,5705,5720,5704,0,15,1
0x429088,99.2489%,14,1850,1864,1326,5,9,524
0x7b31e7,99.0483%,14,1457,1471,901,7,7,556
0x52caed,99.6981%,14,4624,4638,4101,2,12,523
0x529b75,98.017%,14,692,706,692,1,13,0
0x4dde35,99.9996%,13,3674761,3674774,342,12,1,3674419
0x64d9a3,88.5965%,13,101,114,32,6,7,69
0x4cd6a3,99.9939%,12,196403,196415,196403,1,11,0
0x5c85cc,99.9052%,11,11590,11601,9530,6,5,2060
0x5ac139,99.7677%,11,4724,4735,4198,1,10,526
0x410cd5,99.7108%,10,3448,3458,2753,5,5,695
0x64d9ca,98.2847%,10,573,583,17,6,4,556
0x52fa33,99.239%,10,1304,1314,136,10,0,1168
0x7b50c3,99.9537%,10,21606,21616,0,0,10,21606
0x4bc375,99.9941%,9,151819,151828,10500,5,4,141319
0x5079e3,99.6584%,9,2626,2635,526,9,0,2100
0x7b30c2,95.9091%,9,211,220,0,7,2,211
0x7b3501,43.75%,9,7,16,3,6,3,4
0x7b3788,98.6217%,9,644,653,431,5,4,213
0x7b31ec,98.4014%,9,554,563,550,3,6,4
0x4c9ea3,99.821%,8,4461,4469,689,4,4,3772
0x5c862d,91.1111%,8,82,90,2,7,1,80
0x4d07c3,99.9807%,8,41469,41477,39054,4,4,2415
0x7b3446,99.8745%,8,6365,6373,214,6,2,6151
0x64da05,99.1333%,8,915,923,352,4,4,563
0x5d0356,53.3333%,7,8,15,0,0,7,8
0x410e69,99.7265%,7,2552,2559,0,0,7,2552
0x7b34a2,99.876%,7,5637,5644,142,6,1,5495
0x5c7fe9,99.8461%,7,4541,4548,4103,0,7,438
0x5ffefc,99.9855%,6,41439,41445,41439,0,6,0
0x60028d,99.9855%,6,41471,41477,977,4,2,40494
0x5bec6f,60%,6,9,15,5,5,1,4
0x7b30b4,92.1053%,6,70,76,0,5,1,70
0x67eec3,99.4382%,6,1062,1068,529,5,1,533
0x4cadd8,98.6667%,6,444,450,0,5,1,444
0x7c9647,99.5312%,6,1274,1280,0,5,1,1274
0x67b72d,99.7536%,6,2429,2435,544,5,1,1885
0x68694c,98.8739%,5,439,444,0,5,0,439
0x4cd7c8,99.8331%,5,2991,2996,2982,5,0,9
0x67969c,99.0637%,5,529,534,0,5,0,529
0x7b3347,99.0958%,5,548,553,2,5,0,546
0x4c3c96,94.7917%,5,91,96,91,0,5,0
0x67ee39,99.9414%,5,8527,8532,7463,1,4,1064
0x4c7a78,99.8901%,5,4543,4548,4103,0,5,440
0x5beab6,66.6667%,5,10,15,10,5,0,0
0x5fff4e,89.5833%,5,43,48,39,3,2,4
0x5132bc,99.7931%,5,2412,2417,1971,2,3,441
0x64d9d8,99.1071%,5,555,560,538,0,5,17
0x4a2fb7,99.3036%,5,713,718,269,4,1,444
0x4c0338,99.9441%,5,8946,8951,8946,5,0,0
0x4c83c9,98.8889%,5,445,450,0,5,0,445
0x7c94da,98.2759%,4,228,232,1,4,0,227
0x67e1f9,99.9772%,4,17539,17543,15124,2,2,2415
0x4a2cf9,99.4429%,4,714,718,444,1,3,270
0x59e9c2,99.9862%,4,29012,29016,26596,2,2,2416
0x4f6674,99.7651%,4,1699,1703,1612,0,4,87
0x4c23ed,99.8345%,4,2413,2417,2061,2,2,352
0x67fb69,94.2857%,4,66,70,66,3,1,0
0x64a7db,99.963%,4,10815,10819,2460,4,0,8355
0x7b3a31,55.5556%,4,5,9,5,4,0,0
0x64a828,99.963%,4,10815,10819,4650,1,3,6165
0x7b3496,99.9292%,4,5644,5648,0,4,0,5644
0x7c937c,99.9762%,4,16774,16778,16772,3,1,2
0x4968f9,99.8794%,4,3313,3317,2417,0,4,896
0x4cd789,63.6364%,4,7,11,0,0,4,7
0x5beae0,73.3333%,4,11,15,11,4,0,0
0x5bf89b,99.9318%,4,5857,5861,2983,2,2,2874
0x64c67a,99.8543%,3,2056,2059,2056,3,0,0
0x5bead2,80%,3,12,15,0,0,3,12
0x4be468,99.9922%,3,38670,38673,0,0,3,38670
0x4c8356,99.3333%,3,447,450,447,3,0,0
0x4ca8e6,99.3333%,3,447,450,2,3,0,445
0x4c0dd3,99.8547%,3,2062,2065,1357,2,1,705
0x7b2f7a,99.9861%,3,21613,21616,0,0,3,21613
0x410e41,98.3425%,3,178,181,0,0,3,178
0x7b1403,97.2973%,3,108,111,0,0,3,108
0x429233,99.9418%,3,5155,5158,5155,3,0,0
0x5ae465,99.934%,3,4545,4548,442,3,0,4103
0x7b34af,99.9454%,3,5493,5496,0,0,3,5493
0x513291,99.8759%,3,2414,2417,0,0,3,2414
0x5bec42,40%,3,2,5,2,2,1,0
0x4bc30f,99.9798%,3,14825,14828,3315,2,1,11510
0x512b46,99.8525%,3,2031,2034,2031,3,0,0
0x4113db,99.7396%,3,1149,1152,10,3,0,1139
0x4c1dd9,99.9802%,3,15127,15130,12712,0,3,2415
0x7b13a8,98.6364%,3,217,220,217,3,0,0
0x7b1502,78.5714%,3,11,14,0,0,3,11
0x5d039a,99.9988%,3,245737,245740,245737,3,0,0
0x649a4c,99.9267%,3,4090,4093,2033,1,2,2057
0x406e27,99.9267%,3,4090,4093,0,0,3,4090
0x4c9e2a,99.9329%,3,4466,4469,0,0,3,4466
0x4c7cb3,99.3333%,3,447,450,447,3,0,0
0x67947d,99.4382%,3,531,534,531,3,0,0
0x64d9e4,86.3636%,3,19,22,0,0,3,19
0x64d96f,97.3684%,3,111,114,0,2,1,111
0x64a0b9,99.9799%,3,14937,14940,12804,0,3,2133
0x68e020,88%,3,22,25,22,3,0,0
0x7b38b9,66.6667%,3,6,9,6,3,0,0
0x5bfc39,99.9657%,2,5830,5832,0,0,2,5830
0x4c8450,99.7961%,2,979,981,445,0,2,534
0x4cd8eb,99.9332%,2,2994,2996,2994,2,0,0
0x7b3bd4,77.7778%,2,7,9,7,2,0,0
0x67f0eb,99.8127%,2,1066,1068,178,2,0,888
0x4ca113,99.8984%,2,1967,1969,1967,2,0,0
0x7a7087,60%,2,3,5,0,0,2,3
0x64da24,99.6473%,2,565,567,360,0,2,205
0x7b13f9,98.1982%,2,109,111,0,0,2,109
0x67fb86,97.1429%,2,68,70,68,2,0,0
0x600339,99.9948%,2,38671,38673,0,0,2,38671
0x7b390c,77.7778%,2,7,9,0,0,2,7
0x7b31c9,99.864%,2,1469,1471,0,0,2,1469
0x410ea2,99.9159%,2,2376,2378,2376,2,0,0
0x410e53,99.9218%,2,2557,2559,0,0,2,2557
0x4c3ded,99.9173%,2,2415,2417,1970,2,0,445
0x4ca0e7,99.8984%,2,1967,1969,0,0,2,1967
0x7b14c3,98.2456%,2,112,114,112,2,0,0
0x7b143d,99.8219%,2,1121,1123,1121,2,0,0
0x512b2d,99.9017%,2,2032,2034,2032,2,0,0
0x7a60b1,60%,2,3,5,3,2,0,0
0x7c952a,60%,2,3,5,3,2,0,0
0x5bf4f5,99.9303%,2,2866,2868,0,1,1,2866
0x7b3797,99.0783%,2,215,217,0,0,2,215
0x7b5113,99.9907%,2,21614,21616,0,0,2,21614
0x7b3bf1,77.7778%,2,7,9,0,0,2,7
0x68d870,90%,2,18,20,18,2,0,0
0x68d7c2,99.8984%,2,1967,1969,0,0,2,1967
0x7b3774,99.6937%,2,651,653,651,2,0,0
0x67e204,99.9173%,2,2415,2417,1971,2,0,444
0x5bf699,99.9303%,2,2866,2868,0,1,1,2866
0x68e0b8,99.92%,2,2498,2500,0,0,2,2498
0x52766f,99.977%,2,8700,8702,0,0,2,8700
0x7b3b79,77.7778%,2,7,9,0,0,2,7
0x5c85c5,99.9828%,2,11599,11601,0,0,2,11599
0x4f7109,99.9725%,2,7276,7278,7276,2,0,0
0x68d897,90%,2,18,20,18,2,0,0
0x5c85bd,99.9855%,2,13761,13763,2162,0,2,11599
0x51304c,99.9179%,2,2433,2435,2433,2,0,0
0x68d5e5,99.8984%,2,1967,1969,1967,2,0,0
0x4c8378,99.5556%,2,448,450,448,2,0,0
0x4c3d4a,60%,2,3,5,3,2,0,0
0x52f95a,99.7368%,2,758,760,758,2,0,0
0x51325f,99.9173%,2,2415,2417,0,0,2,2415
0x7b141a,98.1982%,2,109,111,109,2,0,0
0x513a32,99.9173%,2,2417,2419,2417,2,0,0
0x5d02eb,86.6667%,2,13,15,0,0,2,13
0x530bcf,99.8264%,2,1150,1152,706,1,1,444
0x4caa58,99.5556%,2,448,450,448,2,0,0
0x5bf577,99.989%,2,18179,18181,0,1,1,18179
0x52a392,99.6269%,2,534,536,534,2,0,0
0x64dd32,99.9815%,2,10817,10819,2498,2,0,8319
0x4c79f1,99.5556%,2,448,450,3,2,0,445
0x6878d1,99.8986%,2,1971,1973,1971,2,0,0
0x5bf8a4,99.9305%,2,2874,2876,2874,2,0,0
0x64c570,99.9029%,2,2057,2059,2057,2,0,0
0x67b361,99.9017%,2,2032,2034,0,0,2,2032
0x4ca2e7,99.9017%,2,2032,2034,0,0,2,2032
0x4cdb20,99.9552%,2,4467,4469,207,1,1,4260
0x4c127d,99.9173%,2,2415,2417,0,0,2,2415
0x5bed91,0%,2,0,2,0,1,1,0
0x7abd12,60%,2,3,5,0,0,2,3
0x7b307d,99.9907%,2,21481,21483,0,0,2,21481
0x4c690c,99.5556%,2,448,450,448,2,0,0
0x7bd77c,99.8517%,2,1347,1349,14,2,0,1333
0x5bec78,60%,2,3,5,3,1,1,0
0x687b87,90%,2,18,20,18,2,0,0
0x600355,99.9948%,2,38671,38673,35901,0,2,2770
0x410edb,98.895%,2,179,181,0,0,2,179
0x410d28,99.9422%,2,3456,3458,1150,2,0,2306
0x7b512b,99.9907%,2,21614,21616,0,0,2,21614
0x5bebee,86.6667%,2,13,15,13,1,1,0
0x6869e1,60%,2,3,5,3,2,0,0
0x7a6ffc,80%,1,4,5,0,0,1,4
0x4cd914,99.9666%,1,2995,2996,2995,1,0,0
0x4c69d1,99.7778%,1,449,450,449,1,0,0
0x5bed6e,0%,1,0,1,0,0,1,0
0x6499f7,99.9756%,1,4092,4093,4092,1,0,0
0x512b1c,99.9508%,1,2033,2034,0,0,1,2033
0x512b01,99.9508%,1,2033,2034,2033,1,0,0
0x4be4a2,99.7753%,1,444,445,0,0,1,444
0x7b3bf6,88.8889%,1,8,9,0,0,1,8
0x52fcf2,97.8723%,1,46,47,0,0,1,46
0x4c6bc3,99.7778%,1,449,450,0,0,1,449
0x64dd6d,99.9908%,1,10818,10819,10729,0,1,89
0x7b50eb,99.9954%,1,21615,21616,21615,1,0,0
0x4c6d3c,99.7778%,1,449,450,0,0,1,449
0x4a3950,99.7748%,1,443,444,0,0,1,443
0x4c0b13,99.9516%,1,2064,2065,2064,1,0,0
0x50537f,99.9984%,1,63512,63513,0,0,1,63512
0x5298bb,99.9264%,1,1358,1359,1358,1,0,0
0x7a7028,80%,1,4,5,4,1,0,0
0x5becad,0%,1,0,1,0,0,1,0
0x7b5145,99.9954%,1,21615,21616,0,0,1,21615
0x67fb4d,0%,1,0,1,0,0,1,0
0x7b14a7,99.1228%,1,113,114,0,0,1,113
0x5c85a4,99.9763%,1,4226,4227,0,0,1,4226
0x5bece6,0%,1,0,1,0,1,0,0
0x5010dd,99.9939%,1,16304,16305,0,0,1,16304
0x4cdaf0,99.9776%,1,4468,4469,0,0,1,4468
0x4c145d,99.9586%,1,2416,2417,1971,1,0,445
0x5ae0ad,99.8876%,1,889,890,889,1,0,0
0x7b33c8,99.1935%,1,123,124,123,1,0,0
0x7b34d0,99.9813%,1,5335,5336,5335,1,0,0
0x6002a0,99.9976%,1,41476,41477,0,0,1,41476
0x5bfe82,99.9516%,1,2065,2066,2065,0,1,0
0x5c8841,99.9934%,1,15129,15130,12711,1,0,2418
0x513aac,99.9587%,1,2418,2419,2418,1,0,0
0x4c262c,99.7175%,1,353,354,0,0,1,353
0x406b67,99.9729%,1,3689,3690,1889,1,0,1800
0x4c0ecd,99.9516%,1,2064,2065,0,0,1,2064
0x4a39ad,99.7748%,1,443,444,443,1,0,0
0x4ca012,99.8557%,1,692,693,603,0,1,89
0x4069e7,99.9756%,1,4092,4093,4092,1,0,0
0x64c321,99.9514%,1,2058,2059,2058,1,0,0
0x4c219e,99.9586%,1,2417,2418,1973,0,1,444
0x4c68bb,99.7778%,1,449,450,0,0,1,449
0x4c0a1b,99.9516%,1,2064,2065,2064,1,0,0
0x7b34c8,99.9813%,1,5335,5336,0,0,1,5335
0x4cdb38,99.9765%,1,4260,4261,4260,1,0,0
0x5bf5fe,99.9651%,1,2867,2868,2867,1,0,0
0x5d03b4,93.3333%,1,14,15,14,1,0,0
0x5ffd5c,99.8131%,1,534,535,89,1,0,445
0x7b3586,99.9394%,1,1648,1649,0,0,1,1648
0x7b5743,99.9936%,1,15584,15585,0,0,1,15584
0x64da32,99.9867%,1,7491,7492,0,0,1,7491
0x7b320a,99.9197%,1,1245,1246,1245,1,0,0
0x496477,99.9586%,1,2417,2418,2417,1,0,0
0x4ca0f7,99.9492%,1,1968,1969,0,0,1,1968
0x4cd6ab,99.9866%,1,7464,7465,5444,0,1,2020
0x68e08a,99.96%,1,2499,2500,2499,1,0,0
0x6885fc,99.9587%,1,2418,2419,0,0,1,2418
0x51360e,99.9586%,1,2416,2417,2416,1,0,0
0x40f485,98.8889%,1,89,90,0,0,1,89
0x4cd8a4,99.9666%,1,2995,2996,0,0,1,2995
0x529d8b,99.8584%,1,705,706,705,1,0,0
0x7a6105,80%,1,4,5,0,0,1,4
0x495fe2,99.9586%,1,2416,2417,2416,1,0,0
0x649a20,99.9756%,1,4092,4093,4092,1,0,0
0x64dd2d,99.9924%,1,13235,13236,2417,0,1,10818
0x5bf4da,99.9651%,1,2867,2868,2866,1,0,1
0x4cd972,99.9666%,1,2995,2996,0,0,1,2995
0x4c0bfb,99.9516%,1,2064,2065,0,0,1,2064
0x5055cc,99.9986%,1,71355,71356,62390,1,0,8965
0x529d16,99.8584%,1,705,706,0,0,1,705
0x496905,99.9586%,1,2416,2417,2416,1,0,0
0x64d697,99.9908%,1,10818,10819,10818,1,0,0
0x5bedcf,80%,1,4,5,4,1,0,0
0x5ac5b0,98.8889%,1,89,90,0,0,1,89
0x4c3c43,99.9651%,1,2866,2867,450,0,1,2416
0x64a81f,99.9982%,1,55001,55002,46647,0,1,8354
0x59f252,99.9968%,1,31446,31447,29027,1,0,2419
0x600004,99.9514%,1,2056,2057,444,1,0,1612
0x7b573a,99.9936%,1,15584,15585,0,0,1,15584
0x4c2418,99.7175%,1,353,354,0,0,1,353
0x4a3919,99.7748%,1,443,444,0,0,1,443
0x4c082b,99.9516%,1,2064,2065,0,0,1,2064
0x5276d7,99.9537%,1,2161,2162,2161,1,0,0
0x7b375f,99.8469%,1,652,653,0,0,1,652
0x4ca005,99.9492%,1,1968,1969,1276,0,1,692
0x67b367,99.9508%,1,2033,2034,0,0,1,2033
0x67bb01,99.8124%,1,532,533,0,0,1,532
0x496943,99.9586%,1,2416,2417,2416,1,0,0
0x4cd8af,99.9666%,1,2995,2996,2995,1,0,0
0x7a6116,80%,1,4,5,4,1,0,0
0x4ca1ea,99.0099%,1,100,101,36,0,1,64
0x68826d,99.9512%,1,2049,2050,0,0,1,2049
0x4d0be2,99.9586%,1,2417,2418,0,0,1,2417
0x7b511c,99.9954%,1,21615,21616,21615,1,0,0
0x4c089a,99.9516%,1,2064,2065,2064,1,0,0
0x825063,88.8889%,1,8,9,0,0,1,8
0x4dde20,99.9999%,1,726353,726354,0,0,1,726353
0x4ca7ee,99.7778%,1,449,450,0,0,1,449
0x4c9e90,99.9776%,1,4468,4469,0,0,1,4468
0x4c9fa7,99.9776%,1,4468,4469,1968,1,0,2500
0x5ac5f6,98.8889%,1,89,90,89,1,0,0
0x67faf4,99.7748%,1,443,444,443,0,1,0
0x504d47,99.8734%,1,789,790,789,1,0,0
0x64c562,99.9514%,1,2058,2059,0,0,1,2058
0x406c5a,99.9716%,1,3526,3527,3526,1,0,0
0x7b3707,80%,1,4,5,4,1,0,0
0x4ca086,99.9492%,1,1968,1969,1968,1,0,0
0x5010e8,99.9939%,1,16304,16305,0,0,1,16304
0x7a707c,80%,1,4,5,4,1,0,0
0x5ffc9d,99.9143%,1,1166,1167,0,0,1,1166
0x4a3df4,99.8876%,1,889,890,0,0,1,889
0x513033,99.9589%,1,2434,2435,0,0,1,2434
0x5bf545,99.9651%,1,2866,2867,0,0,1,2866
0x68d7cb,99.9492%,1,1968,1969,0,0,1,1968
0x4c1316,99.9586%,1,2416,2417,0,0,1,2416
0x60002d,99.9976%,1,41443,41444,0,0,1,41443
0x5ac5b6,98.8889%,1,89,90,89,1,0,0
0x4cd65b,99.9866%,1,7464,7465,0,0,1,7464
0x7b3929,88.8889%,1,8,9,0,0,1,8
0x4c0bc8,99.9516%,1,2064,2065,2064,1,0,0
0x5ca0d7,99.98%,1,4992,4993,444,1,0,4548
0x52fa15,99.3151%,1,145,146,0,0,1,145
0x5ff622,99.7753%,1,444,445,0,0,1,444
0x5ffdf3,99.8418%,1,631,632,631,1,0,0
0x7fc247,88.8889%,1,8,9,0,0,1,8
0x67fd3e,0%,1,0,1,0,1,0,0
0x7abd06,80%,1,4,5,0,0,1,4
0x7a60a3,80%,1,4,5,0,0,1,4
0x42905f,99.9464%,1,1863,1864,1863,1,0,0
0x4a37a2,99.7748%,1,443,444,0,0,1,443
0x4c20c6,99.9586%,1,2417,2418,0,0,1,2417
0x7c96c4,80%,1,4,5,0,0,1,4
0x4f6626,99.9413%,1,1702,1703,1166,1,0,536
0x7fc235,88.8889%,1,8,9,0,0,1,8
0x40f442,98.8889%,1,89,90,89,1,0,0
0x7b37f9,99.7706%,1,435,436,0,0,1,435
0x4291a3,99.9858%,1,7021,7022,0,0,1,7021
0x7fc22d,88.8889%,1,8,9,0,0,1,8
0x4a383a,99.7748%,1,443,444,0,0,1,443
0x7b1add,99.9936%,1,15584,15585,0,0,1,15584
0x410db2,99.4475%,1,180,181,0,0,1,180
0x505989,99.984%,1,6244,6245,6244,1,0,0
0x679710,80%,1,4,5,4,1,0,0
0x4c0788,99.9516%,1,2064,2065,0,0,1,2064
0x7fc223,88.8889%,1,8,9,0,0,1,8
0x7b575c,99.9936%,1,15584,15585,15584,1,0,0
0x64c56b,99.9514%,1,2058,2059,0,0,1,2058
0x4c0200,99.9888%,1,8950,8951,0,0,1,8950
0x67fb60,98.5714%,1,69,70,0,0,1,69
0x5ff69a,99.7753%,1,444,445,444,1,0,0
0x59d33a,99.7753%,1,444,445,0,0,1,444
0x5bf505,99.9651%,1,2866,2867,2866,1,0,0
0x67fb04,0%,1,0,1,0,1,0,0
0x67b659,99.9589%,1,2434,2435,0,0,1,2434
0x52f920,99.5781%,1,236,237,0,0,1,236
0x5bfe9c,0%,1,0,1,0,1,0,0
0x52f90f,99.5781%,1,236,237,0,0,1,236
0x4c6792,99.9586%,1,2417,2418,706,0,1,1711
0x68dd95,99.96%,1,2499,2500,2499,1,0,0
0x5acd0b,98.8889%,1,89,90,0,0,1,89
0x64d907,99.9649%,1,2845,2846,2801,0,1,44
0x4d0bd4,99.9586%,1,2417,2418,0,0,1,2417
0x501290,99.9814%,1,5386,5387,5386,1,0,0
0x4c9fb5,99.9589%,1,2434,2435,0,0,1,2434
0x4cd67b,99.9866%,1,7464,7465,0,0,1,7464
0x59d99e,99.8876%,1,889,890,444,1,0,445
0x64d98e,99.1071%,1,111,112,0,0,1,111
0x5bec55,93.3333%,1,14,15,0,0,1,14
0x52a5c3,99.8134%,1,535,536,535,1,0,0
0x679737,80%,1,4,5,4,1,0,0
0x6869ba,80%,1,4,5,4,1,0,0
0x67fcd1,0%,1,0,1,0,1,0,0
0x7b3a23,88.8889%,1,8,9,0,0,1,8
0x4c1e8a,99.9586%,1,2417,2418,705,1,0,1712
0x513a1b,99.9587%,1,2418,2419,0,0,1,2418
0x7b3bb2,88.8889%,1,8,9,8,1,0,0
0x7a6125,80%,1,4,5,0,0,1,4
0x410d8b,99.9132%,1,1151,1152,1151,1,0,0
0x64c637,98.4615%,1,64,65,64,1,0,0
0x68d908,99.9492%,1,1968,1969,0,0,1,1968
0x4c3c91,99.7778%,1,449,450,354,0,1,95
0x687b60,95%,1,19,20,19,1,0,0
0x686a24,99.7748%,1,443,444,443,1,0,0
0x68df7b,99.96%,1,2499,2500,0,0,1,2499
0x67fc32,0%,1,0,1,0,1,0,0
0x7a7039,80%,1,4,5,0,0,1,4
0x52fd1b,99.696%,1,328,329,328,1,0,0
0x4c10ca,99.9516%,1,2064,2065,2064,1,0,0
0x7b1b18,99.9936%,1,15584,15585,0,0,1,15584
0x4cda23,99.9666%,1,2995,2996,2995,1,0,0
0x7b3610,99.5455%,1,219,220,219,1,0,0
0x64d702,99.9908%,1,10818,10819,90,0,1,10728
0x64da11,99.8236%,1,566,567,0,0,1,566
0x7b373b,99.8469%,1,652,653,0,0,1,652
0x688697,99.9587%,1,2418,2419,0,0,1,2418
0x500ce3,99.9928%,1,13981,13982,13981,1,0,0
0x7a6136,80%,1,4,5,4,1,0,0
0x64d934,99.4505%,1,181,182,117,1,0,64
0x529ca1,99.8584%,1,705,706,692,1,0,13
0x7b3916,88.8889%,1,8,9,0,0,1,8
0x7b1399,99.5455%,1,219,220,0,0,1,219
0x4c287d,100%,0,2063,2063,2063,0,0,0
0x52f98a,100%,0,85,85,0,0,0,85
0x5bee2d,100%,0,15,15,15,0,0,0
0x64999d,100%,0,2059,2059,0,0,0,2059
0x59cde0,100%,0,726354,726354,0,0,0,726354
0x4be46c,100%,0,38673,38673,38228,0,0,445
0x4a2f38,100%,0,445,445,0,0,0,445
0x4c14a4,100%,0,2417,2417,2417,0,0,0
0x4c0ddf,100%,0,706,706,706,0,0,0
0x68885c,100%,0,2417,2417,0,0,0,2417
0x7b5140,100%,0,21616,21616,0,0,0,21616
0x52f985,100%,0,85,85,0,0,0,85
0x4c87b8,100%,0,450,450,450,0,0,0
0x4069c3,100%,0,4093,4093,0,0,0,4093
0x5beb2c,100%,0,15,15,15,0,0,0
0x59c9f6,100%,0,354,354,0,0,0,354
0x59ebc0,100%,0,2418,2418,2418,0,0,0
0x7b1b39,100%,0,15585,15585,15585,0,0,0
0x7c9509,100%,0,5,5,0,0,0,5
0x67b528,100%,0,1501,1501,0,0,0,1501
0x5bf4e6,100%,0,1,1,0,0,0,1
0x4c1427,100%,0,2417,2417,0,0,0,2417
0x52f6d2,100%,0,91,91,38,0,0,53
0x507a11,100%,0,2100,2100,2100,0,0,0
0x49644e,100%,0,2418,2418,2418,0,0,0
0x5d02e2,100%,0,15,15,0,0,0,15
0x4c79d6,100%,0,450,450,0,0,0,450
0x5ffc0a,100%,0,41445,41445,0,0,0,41445
0x52f974,100%,0,85,85,0,0,0,85
0x4c4174,100%,0,450,450,0,0,0,450
0x51329c,100%,0,2417,2417,2417,0,0,0
0x4c02e6,100%,0,2417,2417,0,0,0,2417
0x4d0a78,100%,0,2418,2418,2418,0,0,0
0x410ed2,100%,0,181,181,0,0,0,181
0x5acd04,100%,0,90,90,0,0,0,90
0x5ac5a0,100%,0,90,90,0,0,0,90
0x4c9fac,100%,0,2500,2500,65,0,0,2435
0x5bf5ec,100%,0,2868,2868,0,0,0,2868
0x5bf6de,100%,0,2867,2867,0,0,0,2867
0x5bef09,100%,0,15,15,15,0,0,0
0x67faec,100%,0,444,444,0,0,0,444
0x7a706b,100%,0,5,5,0,0,0,5
0x40496d,100%,0,5,5,0,0,0,5
0x4c1350,100%,0,2417,2417,0,0,0,2417
0x4c25cd,100%,0,354,354,0,0,0,354
0x4c1e59,100%,0,2418,2418,0,0,0,2418
0x5ac392,100%,0,90,90,0,0,0,90
0x4d0842,100%,0,445,445,445,0,0,0
0x52f6da,100%,0,53,53,53,0,0,0
0x5ac387,100%,0,90,90,0,0,0,90
0x4ba93c,100%,0,1712,1712,0,0,0,1712
0x5ac550,100%,0,90,90,0,0,0,90
0x4a3ac8,100%,0,444,444,444,0,0,0
0x5ac735,100%,0,90,90,0,0,0,90
0x5ff68a,100%,0,445,445,0,0,0,445
0x4c234b,100%,0,2417,2417,0,0,0,2417
0x59f666,100%,0,2419,2419,0,0,0,2419
0x4c0e90,100%,0,2065,2065,0,0,0,2065
0x64d94e,100%,0,109,109,0,0,0,109
0x4f70b2,100%,0,1612,1612,0,0,0,1612
0x406b5a,100%,0,3690,3690,0,0,0,3690
0x64da3e,100%,0,7492,7492,0,0,0,7492
0x7b1b2a,100%,0,15585,15585,0,0,0,15585
0x4aa167,100%,0,2417,2417,0,0,0,2417
0x4c2307,100%,0,2418,2418,0,0,0,2418
0x4f70ac,100%,0,1612,1612,0,0,0,1612
0x52c94c,100%,0,535,535,535,0,0,0
0x5136e3,100%,0,2417,2417,0,0,0,2417
0x5ffc77,100%,0,1612,1612,1167,0,0,445
0x59ce45,100%,0,726354,726354,726000,0,0,354
0x5ac579,100%,0,90,90,0,0,0,90
0x68df80,100%,0,2500,2500,2500,0,0,0
0x59e9a6,100%,0,2418,2418,0,0,0,2418
0x7b31d6,100%,0,1471,1471,0,0,0,1471
0x7b1b07,100%,0,15585,15585,0,0,0,15585
0x67fdf4,100%,0,1,1,1,0,0,0
0x4a3853,100%,0,444,444,444,0,0,0
0x7b3806,100%,0,436,436,436,0,0,0
0x52a62d,100%,0,536,536,0,0,0,536
0x4c10b8,100%,0,2065,2065,0,0,0,2065
0x5bec91,100%,0,1,1,0,0,0,1
0x5139c7,100%,0,2419,2419,0,0,0,2419
0x67fe88,100%,0,1,1,0,0,0,1
0x4c887c,100%,0,86,86,86,0,0,0
0x4c8985,100%,0,86,86,86,0,0,0
0x4cc541,100%,0,450,450,450,0,0,0
0x7a608d,100%,0,5,5,0,0,0,5
0x4c763d,100%,0,450,450,450,0,0,0
0x4c6783,100%,0,2418,2418,0,0,0,2418
0x687ac0,100%,0,1973,1973,1973,0,0,0
0x51326a,100%,0,2417,2417,0,0,0,2417
0x4d0b7f,100%,0,2418,2418,2418,0,0,0
0x5c881b,100%,0,2418,2418,0,0,0,2418
0x4c676e,100%,0,2418,2418,0,0,0,2418
0x4ca1cf,100%,0,65,65,0,0,0,65
0x4c22fb,100%,0,2418,2418,0,0,0,2418
0x4c861d,100%,0,86,86,0,0,0,86
0x4bc358,100%,0,11477,11477,0,0,0,11477
0x59e99a,100%,0,2418,2418,0,0,0,2418
0x4c0954,100%,0,2065,2065,0,0,0,2065
0x47f7ca,100%,0,90,90,90,0,0,0
0x47f75c,100%,0,90,90,90,0,0,0
0x4c1d73,100%,0,2418,2418,0,0,0,2418
0x4c1d24,100%,0,2418,2418,2418,0,0,0
0x4c84f3,100%,0,86,86,86,0,0,0
0x4cd9e6,100%,0,2996,2996,2996,0,0,0
0x530bd8,100%,0,445,445,445,0,0,0
0x7b5753,100%,0,15585,15585,0,0,0,15585
0x505473,100%,0,21511,21511,0,0,0,21511
0x59c9ae,100%,0,445,445,0,0,0,445
0x67edb9,100%,0,888,888,0,0,0,888
0x4c244b,100%,0,354,354,0,0,0,354
0x4ff66d,100%,0,2100,2100,0,0,0,2100
0x64d97b,100%,0,112,112,0,0,0,112
0x5ffff0,100%,0,2057,2057,0,0,0,2057
0x59cda0,100%,0,726355,726355,0,0,0,726355
0x52f992,100%,0,85,85,0,0,0,85
0x4bc353,100%,0,11477,11477,0,0,0,11477
0x4ce4a5,100%,0,1712,1712,0,0,0,1712
0x5132e6,100%,0,534,534,0,0,0,534
0x4ce499,100%,0,1712,1712,0,0,0,1712
0x4ce46c,100%,0,1712,1712,1712,0,0,0
0x47f8b4,100%,0,90,90,90,0,0,0
0x64d81d,100%,0,90,90,90,0,0,0
0x5bfc5b,100%,0,445,445,0,0,0,445
0x4c9fde,100%,0,1969,1969,0,0,0,1969
0x4968ef,100%,0,3317,3317,0,0,0,3317
0x64d961,100%,0,109,109,20,0,0,89
0x4c85e9,100%,0,86,86,0,0,0,86
0x5011a1,100%,0,2869,2869,2869,0,0,0
0x5298fc,100%,0,706,706,0,0,0,706
0x4c857b,100%,0,86,86,86,0,0,0
0x60040d,100%,0,445,445,0,0,0,445
0x496912,100%,0,2417,2417,2417,0,0,0
0x410ee5,100%,0,181,181,0,0,0,181
0x7b1ba9,100%,0,15585,15585,0,0,0,15585
0x5bf558,100%,0,2867,2867,0,0,0,2867
0x59cb4d,100%,0,444,444,444,0,0,0
0x7b1ad3,100%,0,15585,15585,0,0,0,15585
0x47f7a1,100%,0,90,90,0,0,0,90
0x4c22e4,100%,0,2418,2418,0,0,0,2418
0x5ff81e,100%,0,445,445,445,0,0,0
0x504c95,100%,0,790,790,790,0,0,0
0x5ffeda,100%,0,41445,41445,0,0,0,41445
0x4c133e,100%,0,2417,2417,0,0,0,2417
0x4f6589,100%,0,1703,1703,0,0,0,1703
0x7b1bae,100%,0,15585,15585,7294,0,0,8291
0x429094,100%,0,533,533,0,0,0,533
0x7b3069,100%,0,577,577,577,0,0,0
0x4cd968,100%,0,2996,2996,0,0,0,2996
0x7fc233,100%,0,9,9,0,0,0,9
0x505365,100%,0,63513,63513,0,0,0,63513
0x7b3ba6,100%,0,9,9,0,0,0,9
0x5ca06d,100%,0,445,445,0,0,0,445
0x7b39e8,100%,0,9,9,0,0,0,9
0x52f664,100%,0,237,237,0,0,0,237
0x4c6da4,100%,0,450,450,0,0,0,450
0x4ca2a1,100%,0,2034,2034,2034,0,0,0
0x4290df,100%,0,7022,7022,7022,0,0,0
0x68691b,100%,0,444,444,0,0,0,444
0x4c1db9,100%,0,2418,2418,0,0,0,2418
0x59cd40,100%,0,445,445,0,0,0,445
0x67b370,100%,0,2034,2034,0,0,0,2034
0x42913a,100%,0,7022,7022,7022,0,0,0
0x4c862b,100%,0,86,86,0,0,0,86
0x429192,100%,0,7022,7022,0,0,0,7022
0x4291a8,100%,0,7022,7022,0,0,0,7022
0x4291d3,100%,0,12292,12292,12207,0,0,85
0x64a6e2,100%,0,1068,1068,1068,0,0,0
0x42922a,100%,0,1864,1864,1864,0,0,0
0x52a1e1,100%,0,536,536,536,0,0,0
0x42924c,100%,0,1864,1864,0,0,0,1864
0x4c1826,100%,0,2163,2163,0,0,0,2163
0x4c3caa,100%,0,5,5,5,0,0,0
0x4c9fc2,100%,0,2435,2435,0,0,0,2435
0x67b667,100%,0,2435,2435,2435,0,0,0
0x4c3d2a,100%,0,5,5,0,0,0,5
0x5077f7,100%,0,7699,7699,0,0,0,7699
0x4ca287,100%,0,65,65,0,0,0,65
0x496445,100%,0,2418,2418,0,0,0,2418
0x4c0e9e,100%,0,2065,2065,0,0,0,2065
0x4c7d87,100%,0,450,450,0,0,0,450
0x52f5d3,100%,0,375,375,0,0,0,375
0x4c0eb8,100%,0,2065,2065,0,0,0,2065
0x4c1067,100%,0,2065,2065,0,0,0,2065
0x4c196c,100%,0,2163,2163,2163,0,0,0
0x4c10a7,100%,0,2065,2065,0,0,0,2065
0x688b95,100%,0,2419,2419,0,0,0,2419
0x7a607a,100%,0,5,5,0,0,0,5
0x5ff927,100%,0,445,445,0,0,0,445
0x51302a,100%,0,2435,2435,0,0,0,2435
0x600cce,100%,0,445,445,0,0,0,445
0x688652,100%,0,2419,2419,2419,0,0,0
0x52f774,100%,0,47,47,47,0,0,0
0x67977a,100%,0,534,534,534,0,0,0
0x4c410a,100%,0,450,450,0,0,0,450
0x52f9f7,100%,0,146,146,0,0,0,146
0x4ca901,100%,0,445,445,0,0,0,445
0x52fa08,100%,0,146,146,0,0,0,146
0x52fa0d,100%,0,146,146,0,0,0,146
0x64c610,100%,0,65,65,65,0,0,0
0x7b37dc,100%,0,436,436,0,0,0,436
0x52fced,100%,0,47,47,0,0,0,47
0x5c8813,100%,0,2418,2418,0,0,0,2418
0x7b3043,100%,0,577,577,0,0,0,577
0x5ac56b,100%,0,90,90,0,0,0,90
0x68df72,100%,0,2500,2500,0,0,0,2500
0x4be502,100%,0,444,444,0,0,0,444
0x7b304e,100%,0,577,577,0,0,0,577
0x4cc576,100%,0,4563,4563,4563,0,0,0
0x529943,100%,0,706,706,706,0,0,0
0x59ce4f,100%,0,354,354,0,0,0,354
0x529b63,100%,0,706,706,0,0,0,706
0x4ca825,100%,0,450,450,450,0,0,0
0x429252,100%,0,1864,1864,0,0,0,1864
0x529c12,100%,0,706,706,706,0,0,0
0x67fd9d,100%,0,1,1,0,0,0,1
0x5010cf,100%,0,2,2,0,0,0,2
0x5c4e9a,100%,0,450,450,0,0,0,450
0x5bfb92,100%,0,450,450,450,0,0,0
0x5bfbac,100%,0,450,450,0,0,0,450
0x5fff2e,100%,0,6,6,0,0,0,6
0x4cc52f,100%,0,5013,5013,4563,0,0,450
0x5ae0a7,100%,0,890,890,0,0,0,890
0x4290b6,100%,0,1864,1864,0,0,0,1864
0x67fd53,100%,0,1,1,0,0,0,1
0x5c8a20,100%,0,1712,1712,0,0,0,1712
0x4cc65c,100%,0,4563,4563,4563,0,0,0
0x4cc6d7,100%,0,4563,4563,4563,0,0,0
0x5bebff,100%,0,1,1,0,0,0,1
0x4c3ed5,100%,0,450,450,450,0,0,0
0x4c3f5b,100%,0,450,450,0,0,0,450
0x4c0878,100%,0,2065,2065,0,0,0,2065
0x52a997,100%,0,2418,2418,2418,0,0,0
0x4c3cf5,100%,0,450,450,445,0,0,5
0x4c3d89,100%,0,445,445,0,0,0,445
0x7b35dd,100%,0,14448,14448,14448,0,0,0
0x4c420c,100%,0,354,354,354,0,0,0
0x4c1072,100%,0,2065,2065,0,0,0,2065
0x4ca814,100%,0,450,450,0,0,0,450
0x5ae090,100%,0,890,890,0,0,0,890
0x5ffc44,100%,0,1612,1612,0,0,0,1612
0x52fd49,100%,0,237,237,237,0,0,0
0x4c84a7,100%,0,536,536,0,0,0,536
0x4d0aca,100%,0,2418,2418,2418,0,0,0
0x4cc4ce,100%,0,450,450,0,0,0,450
0x4c2477,100%,0,2063,2063,2063,0,0,0
0x5256c7,100%,0,706,706,706,0,0,0
0x4ca27c,100%,0,65,65,0,0,0,65
0x5fffb6,100%,0,1612,1612,0,0,0,1612
0x5fffea,100%,0,2057,2057,0,0,0,2057
0x600009,100%,0,1612,1612,1612,0,0,0
0x64a7c4,100%,0,10819,10819,0,0,0,10819
0x5ffc33,100%,0,1612,1612,0,0,0,1612
0x5ae1e4,100%,0,890,890,890,0,0,0
0x67fb92,100%,0,1,1,1,0,0,0
0x67fc59,100%,0,1,1,1,0,0,0
0x4c12d6,100%,0,2417,2417,0,0,0,2417
0x5ffc69,100%,0,1612,1612,1612,0,0,0
0x4f6591,100%,0,1703,1703,1703,0,0,0
0x4f65b6,100%,0,1703,1703,1167,0,0,536
0x67fca4,100%,0,1,1,1,0,0,0
0x52f9a3,100%,0,425,425,85,0,0,340
0x5316cc,100%,0,2163,2163,0,0,0,2163
0x4f6602,100%,0,1703,1703,0,0,0,1703
0x67bb10,100%,0,533,533,0,0,0,533
0x67fce7,100%,0,1,1,0,0,0,1
0x4c1d52,100%,0,2418,2418,0,0,0,2418
0x4f70cc,100%,0,1612,1612,0,0,0,1612
0x529851,100%,0,1060,1060,706,0,0,354
0x529905,100%,0,706,706,706,0,0,0
0x52993c,100%,0,706,706,0,0,0,706
0x649a90,100%,0,2059,2059,2059,0,0,0
0x4c6f17,100%,0,450,450,0,0,0,450
0x67ba9b,100%,0,533,533,0,0,0,533
0x461666,100%,0,2034,2034,0,0,0,2034
0x5010f0,100%,0,16305,16305,16305,0,0,0
0x4c0c85,100%,0,2065,2065,0,0,0,2065
0x67e918,100%,0,2034,2034,1969,0,0,65
0x67e975,100%,0,1969,1969,1969,0,0,0
0x4ca819,100%,0,450,450,0,0,0,450
0x47f89b,100%,0,90,90,0,0,0,90
0x64c6a8,100%,0,2059,2059,0,0,0,2059
0x67e4ef,100%,0,444,444,444,0,0,0
0x406947,100%,0,2059,2059,0,0,0,2059
0x4ca206,100%,0,65,65,65,0,0,0
0x5bfcd0,100%,0,2869,2869,2869,0,0,0
0x4c22f6,100%,0,2418,2418,0,0,0,2418
0x5acd53,100%,0,90,90,9,0,0,81
0x68d7d0,100%,0,1969,1969,1969,0,0,0
0x4ba927,100%,0,1712,1712,0,0,0,1712
0x47f8a7,100%,0,90,90,0,0,0,90
0x52fcfa,100%,0,47,47,0,0,0,47
0x4c275e,100%,0,354,354,354,0,0,0
0x64dd3a,100%,0,8319,8319,0,0,0,8319
0x68825a,100%,0,2050,2050,2050,0,0,0
0x4c12eb,100%,0,2417,2417,0,0,0,2417
0x4d081d,100%,0,445,445,0,0,0,445
0x4c132b,100%,0,2417,2417,0,0,0,2417
0x4c0781,100%,0,2065,2065,0,0,0,2065
0x4c1f7f,100%,0,1712,1712,1712,0,0,0
0x496921,100%,0,2417,2417,0,0,0,2417
0x49634c,100%,0,2419,2419,0,0,0,2419
0x5bfe52,100%,0,2065,2065,0,0,0,2065
0x4c3e44,100%,0,445,445,445,0,0,0
0x4968c7,100%,0,3317,3317,0,0,0,3317
0x4968e0,100%,0,3317,3317,0,0,0,3317
0x4968e9,100%,0,3317,3317,0,0,0,3317
0x5ac5e0,100%,0,90,90,0,0,0,90
0x5ac639,100%,0,90,90,0,0,0,90
0x527712,100%,0,2162,2162,2162,0,0,0
0x5c8618,100%,0,90,90,90,0,0,0
0x5ac556,100%,0,90,90,0,0,0,90
0x67bbc3,100%,0,2417,2417,0,0,0,2417
0x496954,100%,0,13351,13351,13351,0,0,0
0x4c1702,100%,0,2417,2417,2417,0,0,0
0x501232,100%,0,450,450,450,0,0,0
0x4c1754,100%,0,2417,2417,0,0,0,2417
0x59eb0c,100%,0,2419,2419,0,0,0,2419
0x4c177e,100%,0,2417,2417,255,0,0,2162
0x4cd80c,100%,0,2996,2996,2996,0,0,0
0x5ac6f8,100%,0,90,90,90,0,0,0
0x4c3f21,100%,0,450,450,0,0,0,450
0x5ffe43,100%,0,445,445,0,0,0,445
0x4c7836,100%,0,450,450,450,0,0,0
0x5acce0,100%,0,90,90,0,0,0,90
0x5acce9,100%,0,90,90,0,0,0,90
0x5ac3b9,100%,0,90,90,0,0,0,90
0x5acd1d,100%,0,90,90,90,0,0,0
0x40f421,100%,0,90,90,90,0,0,0
0x5c8613,100%,0,90,90,0,0,0,90
0x5c8645,100%,0,162,162,81,0,0,81
0x4a35b9,100%,0,444,444,0,0,0,444
0x4c9feb,100%,0,1969,1969,0,0,0,1969
0x5297e9,100%,0,1359,1359,1359,0,0,0
0x59d4db,100%,0,726354,726354,0,0,0,726354
0x60025b,100%,0,41477,41477,0,0,0,41477
0x4d080b,100%,0,2419,2419,1974,0,0,445
0x59ea2b,100%,0,2419,2419,0,0,0,2419
0x7b14b1,100%,0,114,114,0,0,0,114
0x52ac0f,100%,0,1712,1712,1712,0,0,0
0x59f64f,100%,0,2419,2419,0,0,0,2419
0x7b337d,100%,0,124,124,124,0,0,0
0x67eef9,100%,0,534,534,0,0,0,534
0x59f21b,100%,0,2419,2419,0,0,0,2419
0x59f229,100%,0,2419,2419,0,0,0,2419
0x4cc559,100%,0,4563,4563,4563,0,0,0
0x7b1bb3,100%,0,8291,8291,8291,0,0,0
0x5054a9,100%,0,20661,20661,20661,0,0,0
0x4c0c3d,100%,0,2065,2065,0,0,0,2065
0x5d7676,100%,0,6173,6173,0,0,0,6173
0x4c0c47,100%,0,2065,2065,2065,0,0,0
0x59ea74,100%,0,2419,2419,2419,0,0,0
0x5ffc86,100%,0,1167,1167,0,0,0,1167
0x4c0c77,100%,0,2065,2065,0,0,0,2065
0x505ae6,100%,0,22103,22103,5208,0,0,16895
0x4ca16c,100%,0,65,65,0,0,0,65
0x4c9e72,100%,0,4469,4469,0,0,0,4469
0x4c0ca5,100%,0,2065,2065,2065,0,0,0
0x4a2fc7,100%,0,445,445,445,0,0,0
0x5139e0,100%,0,2419,2419,0,0,0,2419
0x4c240d,100%,0,354,354,0,0,0,354
0x4ca186,100%,0,65,65,65,0,0,0
0x67b4cf,100%,0,1501,1501,0,0,0,1501
0x4ca254,100%,0,65,65,0,0,0,65
0x5c7fdb,100%,0,445,445,0,0,0,445
0x67b537,100%,0,1501,1501,0,0,0,1501
0x4ca273,100%,0,65,65,0,0,0,65
0x4c0b9c,100%,0,2065,2065,0,0,0,2065
0x5bfe59,100%,0,2065,2065,0,0,0,2065
0x5bfeb5,100%,0,2065,2065,2065,0,0,0
0x5ca033,100%,0,445,445,0,0,0,445
0x5bfce7,100%,0,2869,2869,0,0,0,2869
0x4c08f3,100%,0,2065,2065,0,0,0,2065
0x4c092d,100%,0,2065,2065,0,0,0,2065
0x4c093b,100%,0,2065,2065,0,0,0,2065
0x59ca83,100%,0,444,444,444,0,0,0
0x529797,100%,0,2419,2419,0,0,0,2419
0x5297a9,100%,0,2419,2419,0,0,0,2419
0x4be4c0,100%,0,445,445,0,0,0,445
0x529d33,100%,0,706,706,706,0,0,0
0x5297e2,100%,0,2419,2419,1060,0,0,1359
0x513aec,100%,0,2419,2419,0,0,0,2419
0x529879,100%,0,1359,1359,1359,0,0,0
0x4c530e,100%,0,2417,2417,2417,0,0,0
0x4c0bb0,100%,0,2065,2065,2065,0,0,0
0x4c0c0a,100%,0,2065,2065,0,0,0,2065
0x7b31a8,100%,0,1246,1246,0,0,0,1246
0x4c1d95,100%,0,2418,2418,0,0,0,2418
0x4c0c16,100%,0,2065,2065,0,0,0,2065
0x4d0774,100%,0,2419,2419,0,0,0,2419
0x6001da,100%,0,41477,41477,0,0,0,41477
0x5bf58f,100%,0,18180,18180,18180,0,0,0
0x4d0878,100%,0,445,445,445,0,0,0
0x68e047,100%,0,25,25,25,0,0,0
0x4be575,100%,0,38704,38704,38259,0,0,445
0x68d8da,100%,0,1969,1969,1969,0,0,0
0x4d07f1,100%,0,2419,2419,0,0,0,2419
0x7c96ce,100%,0,5,5,5,0,0,0
0x4c903d,100%,0,450,450,0,0,0,450
0x4c6dd8,100%,0,450,450,0,0,0,450
0x4c6ee7,100%,0,450,450,0,0,0,450
0x4c6eff,100%,0,450,450,0,0,0,450
0x4c75bb,100%,0,450,450,450,0,0,0
0x4c8165,100%,0,450,450,0,0,0,450
0x40f48e,100%,0,90,90,90,0,0,0
0x4c762b,100%,0,450,450,0,0,0,450
0x4c901f,100%,0,450,450,0,0,0,450
0x4c6dbe,100%,0,450,450,0,0,0,450
0x4c9046,100%,0,450,450,450,0,0,0
0x4c931e,100%,0,450,450,450,0,0,0
0x4a3941,100%,0,444,444,0,0,0,444
0x4c9443,100%,0,4563,4563,4563,0,0,0
0x4c9473,100%,0,4563,4563,4563,0,0,0
0x5c86df,100%,0,6245,6245,0,0,0,6245
0x410d71,100%,0,90,90,0,0,0,90
0x4c94ac,100%,0,4563,4563,4563,0,0,0
0x4c6d97,100%,0,450,450,0,0,0,450
0x4c6d4c,100%,0,450,450,0,0,0,450
0x52fcdc,100%,0,47,47,0,0,0,47
0x4c6d2e,100%,0,450,450,0,0,0,450
0x4c6bcf,100%,0,450,450,450,0,0,0
0x5ff7a5,100%,0,445,445,0,0,0,445
0x4c6b7c,100%,0,450,450,450,0,0,0
0x4c6b69,100%,0,450,450,0,0,0,450
0x505ac2,100%,0,22103,22103,22103,0,0,0
0x4c699f,100%,0,450,450,450,0,0,0
0x4c6851,100%,0,445,445,0,0,0,445
0x4c682b,100%,0,445,445,445,0,0,0
0x5ae1cb,100%,0,890,890,0,0,0,890
0x4cae0e,100%,0,445,445,445,0,0,0
0x4cae04,100%,0,445,445,0,0,0,445
0x4ca1c4,100%,0,65,65,0,0,0,65
0x4a3906,100%,0,444,444,0,0,0,444
0x52a181,100%,0,536,536,536,0,0,0
0x52a283,100%,0,536,536,536,0,0,0
0x52a320,100%,0,536,536,0,0,0,536
0x410cde,100%,0,700,700,700,0,0,0
0x505288,100%,0,790,790,0,0,0,790
0x50528e,100%,0,790,790,0,0,0,790
0x504cb9,100%,0,790,790,790,0,0,0
0x4c7c6d,100%,0,450,450,0,0,0,450
0x4a38d5,100%,0,444,444,0,0,0,444
0x504baa,100%,0,790,790,0,0,0,790
0x504bb1,100%,0,790,790,0,0,0,790
0x525893,100%,0,445,445,0,0,0,445
0x504bfb,100%,0,790,790,790,0,0,0
0x504c3d,100%,0,790,790,790,0,0,0
0x50536f,100%,0,63513,63513,0,0,0,63513
0x4cadf3,100%,0,445,445,0,0,0,445
0x4c7c66,100%,0,450,450,0,0,0,450
0x4c7a8a,100%,0,445,445,445,0,0,0
0x4c7a61,100%,0,445,445,0,0,0,445
0x7fc23d,100%,0,9,9,0,0,0,9
0x4c7a56,100%,0,445,445,0,0,0,445
0x5a311a,100%,0,534,534,0,0,0,534
0x4c7a38,100%,0,445,445,0,0,0,445
0x4c7a28,100%,0,445,445,0,0,0,445
0x825055,100%,0,9,9,0,0,0,9
0x52cab7,100%,0,4638,4638,4638,0,0,0
0x52ca4b,100%,0,4638,4638,4638,0,0,0
0x52c942,100%,0,535,535,0,0,0,535
0x4c79e6,100%,0,450,450,0,0,0,450
0x52c92e,100%,0,535,535,0,0,0,535
0x4c79b5,100%,0,450,450,0,0,0,450
0x46039e,100%,0,11330,11330,170,0,0,11160
0x4c9e3e,100%,0,4469,4469,0,0,0,4469
0x52f9b3,100%,0,340,340,340,0,0,0
0x686912,100%,0,444,444,0,0,0,444
0x67e275,100%,0,444,444,0,0,0,444
0x4c9ec1,100%,0,1341,1341,1341,0,0,0
0x4ca2f4,100%,0,2034,2034,0,0,0,2034
0x4a32ed,100%,0,445,445,0,0,0,445
0x5bfc89,100%,0,5387,5387,0,0,0,5387
0x59c96c,100%,0,445,445,0,0,0,445
0x4caa92,100%,0,450,450,450,0,0,0
0x5c7fd5,100%,0,445,445,0,0,0,445
0x59c9d2,100%,0,445,445,0,0,0,445
0x4c7f70,100%,0,450,450,450,0,0,0
0x7b351b,100%,0,7,7,7,0,0,0
0x67e320,100%,0,1973,1973,0,0,0,1973
0x4f70c3,100%,0,1612,1612,0,0,0,1612
0x59f4bf,100%,0,2419,2419,2419,0,0,0
0x4d077c,100%,0,2419,2419,0,0,0,2419
0x686920,100%,0,444,444,444,0,0,0
0x5079eb,100%,0,2100,2100,0,0,0,2100
0x5c8710,100%,0,6245,6245,0,0,0,6245
0x4ca04e,100%,0,1969,1969,0,0,0,1969
0x410da6,100%,0,181,181,0,0,0,181
0x686a52,100%,0,444,444,0,0,0,444
0x59d4b4,100%,0,726354,726354,0,0,0,726354
0x686729,100%,0,444,444,444,0,0,0
0x4a30a2,100%,0,273,273,273,0,0,0
0x4cdafb,100%,0,4469,4469,0,0,0,4469
0x4cd6bf,100%,0,2021,2021,0,0,0,2021
0x513365,100%,0,534,534,0,0,0,534
0x4a2f21,100%,0,445,445,0,0,0,445
0x4cd97a,100%,0,2996,2996,2996,0,0,0
0x4c6b77,100%,0,450,450,0,0,0,450
0x406cbf,100%,0,3527,3527,0,0,0,3527
0x4c166f,100%,0,2417,2417,2417,0,0,0
0x59cd51,100%,0,445,445,0,0,0,445
0x4ca267,100%,0,65,65,0,0,0,65
0x5ffe88,100%,0,444,444,444,0,0,0
0x64d8f4,100%,0,2846,2846,0,0,0,2846
0x7b3934,100%,0,9,9,0,0,0,9
0x67e2b7,100%,0,444,444,444,0,0,0
0x5ac5db,100%,0,90,90,0,0,0,90
0x687bf8,100%,0,1973,1973,0,0,0,1973
0x4bc308,100%,0,14828,14828,0,0,0,14828
0x505a47,100%,0,20661,20661,0,0,0,20661
0x4ca922,100%,0,445,445,0,0,0,445
0x4ca99e,100%,0,450,450,0,0,0,450
0x59c998,100%,0,445,445,0,0,0,445
0x4968fe,100%,0,900,900,900,0,0,0
0x5055a3,100%,0,8965,8965,0,0,0,8965
0x513314,100%,0,534,534,534,0,0,0
0x5133b6,100%,0,534,534,0,0,0,534
0x4c185e,100%,0,2163,2163,2163,0,0,0
0x5135f1,100%,0,534,534,90,0,0,444
0x4e2827,100%,0,90,90,0,0,0,90
0x504c5d,100%,0,790,790,790,0,0,0
0x406b70,100%,0,1800,1800,0,0,0,1800
0x4ca7c7,100%,0,445,445,0,0,0,445
0x7a7016,100%,0,5,5,0,0,0,5
0x67fadf,100%,0,444,444,0,0,0,444
0x4ca104,100%,0,1969,1969,0,0,0,1969
0x5c5a8f,100%,0,4482,4482,0,0,0,4482
0x59d386,100%,0,445,445,0,0,0,445
0x649a13,100%,0,4093,4093,0,0,0,4093
0x59d36a,100%,0,445,445,0,0,0,445
0x4a2d6c,100%,0,445,445,0,0,0,445
0x4be4c9,100%,0,445,445,0,0,0,445
0x4a2cd2,100%,0,445,445,0,0,0,445
0x679670,100%,0,534,534,534,0,0,0
0x5ff631,100%,0,445,445,0,0,0,445
0x4bde57,100%,0,444,444,0,0,0,444
0x7bd782,100%,0,1333,1333,0,0,0,1333
0x7bd798,100%,0,1333,1333,0,0,0,1333
0x4a2d57,100%,0,445,445,0,0,0,445
0x47f753,100%,0,360,360,270,0,0,90
0x4a2dab,100%,0,445,445,445,0,0,0
0x600cd7,100%,0,445,445,0,0,0,445
0x5ffb29,100%,0,445,445,0,0,0,445
0x5ffb43,100%,0,445,445,0,0,0,445
0x5ffb7c,100%,0,445,445,0,0,0,445
0x5ffd45,100%,0,535,535,0,0,0,535
0x5ffd67,100%,0,445,445,0,0,0,445
0x7a7064,100%,0,5,5,0,0,0,5
0x59d978,100%,0,890,890,0,0,0,890
0x59d96a,100%,0,890,890,0,0,0,890
0x4a3cae,100%,0,1335,1335,1335,0,0,0
0x4a3ca2,100%,0,1335,1335,0,0,0,1335
0x4a3c98,100%,0,1335,1335,0,0,0,1335
0x4dde18,100%,0,726354,726354,0,0,0,726354
0x6003fc,100%,0,445,445,0,0,0,445
0x4a3c90,100%,0,1335,1335,0,0,0,1335
0x59d811,100%,0,890,890,890,0,0,0
0x59d361,100%,0,445,445,0,0,0,445
0x59cd5c,100%,0,445,445,0,0,0,445
0x59d331,100%,0,445,445,0,0,0,445
0x529b81,100%,0,13,13,13,0,0,0
0x4a2fa2,100%,0,718,718,0,0,0,718
0x4a2f9c,100%,0,718,718,0,0,0,718
0x59cde8,100%,0,726354,726354,0,0,0,726354
0x59ce0a,100%,0,726354,726354,0,0,0,726354
0x67966b,100%,0,534,534,0,0,0,534
0x59d545,100%,0,726354,726354,726354,0,0,0
0x59cd69,100%,0,445,445,0,0,0,445
0x59cd74,100%,0,445,445,0,0,0,445
0x59cd99,100%,0,726355,726355,0,0,0,726355
0x59cdbd,100%,0,726354,726354,0,0,0,726354
0x59cdc5,100%,0,726354,726354,0,0,0,726354
0x59d9b4,100%,0,445,445,0,0,0,445
0x59ce02,100%,0,726354,726354,0,0,0,726354
0x59ce25,100%,0,726354,726354,0,0,0,726354
0x47f7aa,100%,0,360,360,270,0,0,90
0x59ce2d,100%,0,726354,726354,0,0,0,726354
0x59d4bd,100%,0,726354,726354,0,0,0,726354
0x59d4cf,100%,0,726354,726354,0,0,0,726354
0x59d533,100%,0,726354,726354,0,0,0,726354
0x4a2f2e,100%,0,445,445,0,0,0,445
0x59c99d,100%,0,445,445,0,0,0,445
0x59c98f,100%,0,445,445,0,0,0,445
0x59d528,100%,0,726354,726354,0,0,0,726354
0x59c97e,100%,0,445,445,0,0,0,445
0x50552e,100%,0,8039,8039,7247,0,0,792
0x59c979,100%,0,445,445,0,0,0,445
0x5ffe62,100%,0,445,445,0,0,0,445
0x525887,100%,0,445,445,0,0,0,445
0x4dde13,100%,0,726354,726354,0,0,0,726354
0x525857,100%,0,445,445,0,0,0,445
0x5ffe25,100%,0,445,445,445,0,0,0
0x5ffe12,100%,0,445,445,0,0,0,445
0x5ffdc5,100%,0,445,445,445,0,0,0
0x5ffda0,100%,0,445,445,0,0,0,445
0x5ffd8b,100%,0,445,445,0,0,0,445
0x4dde95,100%,0,445,445,0,0,0,445
0x4ff5af,100%,0,2100,2100,2100,0,0,0
0x5055f9,100%,0,22103,22103,22103,0,0,0
0x504fb9,100%,0,790,790,790,0,0,0
0x59c9d9,100%,0,445,445,0,0,0,445
0x410d1f,100%,0,700,700,0,0,0,700
0x5ae44c,100%,0,445,445,0,0,0,445
0x4a3748,100%,0,444,444,444,0,0,0
0x5ae475,100%,0,4103,4103,4103,0,0,0
0x6003f4,100%,0,445,445,0,0,0,445
0x5ca025,100%,0,445,445,0,0,0,445
0x5ca078,100%,0,445,445,0,0,0,445
0x5ca081,100%,0,445,445,0,0,0,445
0x5ca099,100%,0,4548,4548,4103,0,0,445
0x5ca0aa,100%,0,445,445,0,0,0,445
0x5ca0d1,100%,0,4993,4993,0,0,0,4993
0x530c35,100%,0,445,445,0,0,0,445
0x5ab99a,100%,0,534,534,0,0,0,534
0x507a82,100%,0,2100,2100,2100,0,0,0
0x4d099d,100%,0,445,445,0,0,0,445
0x5c8765,100%,0,4556,4556,3941,0,0,615
0x5c875d,100%,0,4556,4556,0,0,0,4556
0x4a382a,100%,0,444,444,0,0,0,444
0x5c873e,100%,0,6245,6245,0,0,0,6245
0x5ac623,100%,0,90,90,0,0,0,90
0x5c8734,100%,0,6245,6245,6245,0,0,0
0x5c8729,100%,0,49596,49596,43351,0,0,6245
0x5c8716,100%,0,6245,6245,0,0,0,6245
0x5c86cc,100%,0,6245,6245,0,0,0,6245
0x52a692,100%,0,536,536,536,0,0,0
0x4ff664,100%,0,2100,2100,0,0,0,2100
0x505977,100%,0,8965,8965,2720,0,0,6245
0x5055b9,100%,0,8965,8965,0,0,0,8965
0x524d5a,100%,0,536,536,0,0,0,536
0x59c9ec,100%,0,444,444,90,0,0,354
0x4c2606,100%,0,354,354,0,0,0,354
0x4a3078,100%,0,445,445,0,0,0,445
0x4c8395,100%,0,450,450,450,0,0,0
0x59ce7d,100%,0,725910,725910,725910,0,0,0
0x5a2f01,100%,0,534,534,0,0,0,534
0x4c83dc,100%,0,445,445,0,0,0,445
0x4c83fe,100%,0,445,445,0,0,0,445
0x4a3633,100%,0,444,444,0,0,0,444
0x4c84bf,100%,0,536,536,0,0,0,536
0x52fd0b,100%,0,376,376,47,0,0,329
0x4c84c7,100%,0,536,536,0,0,0,536
0x4c224f,100%,0,445,445,445,0,0,0
0x4c8574,100%,0,86,86,0,0,0,86
0x7b391e,100%,0,9,9,0,0,0,9
0x5ffd1d,100%,0,445,445,445,0,0,0
0x496063,100%,0,2417,2417,0,0,0,2417
0x5ac147,100%,0,536,536,0,0,0,536
0x4a3648,100%,0,444,444,444,0,0,0
0x5ac127,100%,0,536,536,0,0,0,536
0x5ac120,100%,0,536,536,0,0,0,536
0x59d53c,100%,0,726354,726354,0,0,0,726354
0x4f662a,100%,0,536,536,0,0,0,536
0x5077d5,100%,0,8039,8039,340,0,0,7699
0x4a36c6,100%,0,444,444,0,0,0,444
0x4f65ba,100%,0,536,536,0,0,0,536
0x5c8658,100%,0,81,81,81,0,0,0
0x4c7c98,100%,0,450,450,0,0,0,450
0x4a3733,100%,0,444,444,0,0,0,444
0x4c84ed,100%,0,86,86,0,0,0,86
0x52a5be,100%,0,536,536,0,0,0,536
0x52a5b9,100%,0,536,536,0,0,0,536
0x5c8a40,100%,0,53072,53072,53072,0,0,0
0x64d921,100%,0,182,182,0,0,0,182
0x4c1e6e,100%,0,2418,2418,0,0,0,2418
0x4c26db,100%,0,354,354,354,0,0,0
0x5c86d9,100%,0,6245,6245,0,0,0,6245
0x688a35,100%,0,2417,2417,0,0,0,2417
0x4a37c6,100%,0,444,444,0,0,0,444
0x4c1df8,100%,0,2418,2418,2418,0,0,0
0x4c26c9,100%,0,354,354,0,0,0,354
0x4c3e89,100%,0,1972,1972,0,0,0,1972
0x52ca24,100%,0,4638,4638,4638,0,0,0
0x5becc9,100%,0,1,1,0,0,0,1
0x4d0c2a,100%,0,38582,38582,38582,0,0,0
0x4c3f1b,100%,0,450,450,0,0,0,450
0x7a60f8,100%,0,5,5,0,0,0,5
0x4c1855,100%,0,2163,2163,0,0,0,2163
0x5c8a33,100%,0,54784,54784,1712,0,0,53072
0x5fffd0,100%,0,1612,1612,0,0,0,1612
0x4c2160,100%,0,2418,2418,2418,0,0,0
0x4c1ec6,100%,0,1712,1712,0,0,0,1712
0x4c21b1,100%,0,445,445,445,0,0,0
0x4c84d6,100%,0,536,536,450,0,0,86
0x7b1b57,100%,0,15585,15585,0,0,0,15585
0x4ca9d1,100%,0,450,450,450,0,0,0
0x5ca05d,100%,0,4993,4993,4548,0,0,445
0x7b1b9f,100%,0,15585,15585,15585,0,0,0
0x4c0ee5,100%,0,2065,2065,2065,0,0,0
0x5ffa8c,100%,0,445,445,0,0,0,445
0x7b50fc,100%,0,21616,21616,0,0,0,21616
0x50549a,100%,0,20661,20661,0,0,0,20661
0x4a2d02,100%,0,273,273,273,0,0,0
0x4a32d7,100%,0,445,445,0,0,0,445
0x64da51,100%,0,7492,7492,7425,0,0,67
0x4c2636,100%,0,354,354,354,0,0,0
0x4c2469,100%,0,2063,2063,0,0,0,2063
0x4bde6d,100%,0,444,444,0,0,0,444
0x4c1dc0,100%,0,2418,2418,0,0,0,2418
0x7b5137,100%,0,21616,21616,0,0,0,21616
0x7b50d7,100%,0,21616,21616,0,0,0,21616
0x5053cc,100%,0,2635,2635,625,0,0,2010
0x4c08c2,100%,0,2065,2065,2065,0,0,0
0x4bc385,100%,0,141323,141323,141323,0,0,0
0x5316f9,100%,0,5820,5820,0,0,0,5820
0x4d08bf,100%,0,445,445,0,0,0,445
0x5133c2,100%,0,534,534,534,0,0,0
0x4ba944,100%,0,1712,1712,1712,0,0,0
0x59d3ff,100%,0,445,445,445,0,0,0
0x59d3f8,100%,0,445,445,0,0,0,445
0x49660c,100%,0,11147,11147,0,0,0,11147
0x60026a,100%,0,41477,41477,0,0,0,41477
0x505a56,100%,0,20661,20661,0,0,0,20661
0x4c22ee,100%,0,2418,2418,0,0,0,2418
0x52f946,100%,0,950,950,190,0,0,760
0x5c8a18,100%,0,1712,1712,0,0,0,1712
0x7b1af5,100%,0,15585,15585,0,0,0,15585
0x4f6c85,100%,0,6438,6438,6168,0,0,270
0x4d08f4,100%,0,445,445,445,0,0,0
0x4a36a2,100%,0,444,444,0,0,0,444
0x4ca0d4,100%,0,1969,1969,0,0,0,1969
0x7b3755,100%,0,653,653,0,0,0,653
0x50785f,100%,0,7699,7699,7699,0,0,0
0x5132ff,100%,0,534,534,0,0,0,534
0x5ffc7c,100%,0,445,445,445,0,0,0
0x4f6c99,100%,0,6438,6438,6438,0,0,0
0x4c264d,100%,0,354,354,0,0,0,354
0x4c26b8,100%,0,354,354,0,0,0,354
0x7b1b84,100%,0,8291,8291,8291,0,0,0
0x7b2fe5,100%,0,14448,14448,0,0,0,14448
0x67bb57,100%,0,2417,2417,0,0,0,2417
0x505bad,100%,0,260,260,260,0,0,0
0x5c5a94,100%,0,4482,4482,0,0,0,4482
0x4c1d83,100%,0,2418,2418,2418,0,0,0
0x7a60c4,100%,0,5,5,0,0,0,5
0x4c1c63,100%,0,2418,2418,2418,0,0,0
0x4c20d1,100%,0,2418,2418,0,0,0,2418
0x4cd6d6,100%,0,2021,2021,2021,0,0,0
0x406acf,100%,0,4093,4093,4093,0,0,0
0x7b2fd7,100%,0,14448,14448,14448,0,0,0
0x4cd7a1,100%,0,11,11,0,0,0,11
0x5acd1b,100%,0,90,90,0,0,0,90
0x4c2785,100%,0,354,354,354,0,0,0
0x5316b7,100%,0,2163,2163,0,0,0,2163
0x600369,100%,0,35901,35901,0,0,0,35901
0x4ba8f4,100%,0,1712,1712,0,0,0,1712
0x505a7a,100%,0,20661,20661,20661,0,0,0
0x52f929,100%,0,237,237,0,0,0,237
0x6797a8,100%,0,534,534,0,0,0,534
0x4c815f,100%,0,450,450,0,0,0,450
0x5316d4,100%,0,2163,2163,0,0,0,2163
0x4c9430,100%,0,5013,5013,0,0,0,5013
0x52af2c,100%,0,2418,2418,2418,0,0,0
0x67fcf2,100%,0,1,1,0,0,0,1
0x7abd2e,100%,0,5,5,5,0,0,0
0x4c1360,100%,0,2417,2417,2417,0,0,0
0x4c1ff5,100%,0,2418,2418,0,0,0,2418
0x4ca043,100%,0,1969,1969,0,0,0,1969
0x505b71,100%,0,260,260,0,0,0,260
0x52a87a,100%,0,2418,2418,2418,0,0,0
0x4c1eaf,100%,0,1712,1712,0,0,0,1712
0x59ea66,100%,0,2419,2419,0,0,0,2419
0x5299b8,100%,0,706,706,706,0,0,0
0x505a6b,100%,0,20661,20661,0,0,0,20661
0x4eedfc,100%,0,437,437,0,0,0,437
0x59e811,100%,0,2418,2418,2418,0,0,0
0x5ffd38,100%,0,535,535,0,0,0,535
0x59d4f5,100%,0,726354,726354,0,0,0,726354
0x410d7b,100%,0,1152,1152,1152,0,0,0
0x7b1ac9,100%,0,15585,15585,0,0,0,15585
0x410dbe,100%,0,181,181,0,0,0,181
0x4c142b,100%,0,2417,2417,2417,0,0,0
0x505a5f,100%,0,20661,20661,0,0,0,20661
0x52a335,100%,0,536,536,536,0,0,0
0x527696,100%,0,2418,2418,2418,0,0,0
0x52768e,100%,0,3390,3390,972,0,0,2418
0x5fffa2,100%,0,1612,1612,1612,0,0,0
0x4c17b2,100%,0,2163,2163,2163,0,0,0
0x64d6ce,100%,0,10819,10819,0,0,0,10819
0x507a07,100%,0,2100,2100,0,0,0,2100
0x5077dd,100%,0,7699,7699,0,0,0,7699
0x505ba7,100%,0,437,437,177,0,0,260
0x52af24,100%,0,2418,2418,0,0,0,2418
0x67e109,100%,0,2417,2417,2417,0,0,0
0x5ac14b,100%,0,536,536,0,0,0,536
0x600430,100%,0,445,445,0,0,0,445
0x52f66f,100%,0,237,237,237,0,0,0
0x4c1d1a,100%,0,2418,2418,0,0,0,2418
0x7c96a0,100%,0,1275,1275,1275,0,0,0
0x4c67e1,100%,0,1973,1973,1973,0,0,0
0x505bb5,100%,0,177,177,177,0,0,0
0x4113d5,100%,0,1152,1152,0,0,0,1152
0x4caba5,100%,0,450,450,450,0,0,0
0x4c3e24,100%,0,445,445,0,0,0,445
0x68890f,100%,0,2417,2417,0,0,0,2417
0x4bddf3,100%,0,445,445,445,0,0,0
0x59d4fc,100%,0,726354,726354,0,0,0,726354
0x67ef03,100%,0,534,534,534,0,0,0
0x687bca,100%,0,1973,1973,1973,0,0,0
0x5beef4,100%,0,15,15,15,0,0,0
0x40f466,100%,0,90,90,0,0,0,90
0x5bfbb4,100%,0,450,450,0,0,0,450
0x68886f,100%,0,2417,2417,2417,0,0,0
0x67e359,100%,0,1973,1973,1973,0,0,0
0x5258a9,100%,0,445,445,445,0,0,0
0x7b39d2,100%,0,9,9,0,0,0,9
0x426fb7,100%,0,2417,2417,0,0,0,2417
0x4068b4,100%,0,2059,2059,2059,0,0,0
0x5ff611,100%,0,445,445,0,0,0,445
0x5a2ef8,100%,0,534,534,0,0,0,534
0x5ca063,100%,0,445,445,0,0,0,445
0x5a3123,100%,0,534,534,0,0,0,534
0x64dce2,100%,0,2417,2417,2417,0,0,0
0x4d079b,100%,0,41477,41477,0,0,0,41477
0x5a3088,100%,0,534,534,0,0,0,534
0x67ee65,100%,0,1068,1068,1068,0,0,0
0x512afc,100%,0,2034,2034,0,0,0,2034
0x5a3091,100%,0,534,534,0,0,0,534
0x504fa8,100%,0,790,790,790,0,0,0
0x460394,100%,0,11330,11330,0,0,0,11330
0x513752,100%,0,2417,2417,2417,0,0,0
0x4a3dee,100%,0,890,890,0,0,0,890
0x67f06e,100%,0,534,534,534,0,0,0
0x4c2405,100%,0,354,354,0,0,0,354
0x4c6a18,100%,0,450,450,450,0,0,0
0x4c0321,100%,0,4482,4482,4482,0,0,0
0x59f249,100%,0,31447,31447,0,0,0,31447
0x5bf893,100%,0,5861,5861,0,0,0,5861
0x5c5a5b,100%,0,8951,8951,0,0,0,8951
0x504d36,100%,0,790,790,0,0,0,790
0x5297bf,100%,0,2419,2419,706,0,0,1713
0x4cab6b,100%,0,450,450,450,0,0,0
0x45fa14,100%,0,1068,1068,0,0,0,1068
0x4c7dc2,100%,0,450,450,450,0,0,0
0x5134fd,100%,0,534,534,534,0,0,0
0x4cd664,100%,0,7465,7465,0,0,0,7465
0x5bf6a7,100%,0,2867,2867,2867,0,0,0
0x67ee52,100%,0,1068,1068,0,0,0,1068
0x5ffcad,100%,0,1167,1167,0,0,0,1167
0x5a3011,100%,0,1068,1068,0,0,0,1068
0x52f76c,100%,0,47,47,0,0,0,47
0x4c6766,100%,0,2418,2418,0,0,0,2418
0x5a3008,100%,0,1068,1068,0,0,0,1068
0x4bc318,100%,0,11511,11511,0,0,0,11511
0x4c2431,100%,0,354,354,0,0,0,354
0x4a38f1,100%,0,1332,1332,888,0,0,444
0x59eb36,100%,0,2419,2419,0,0,0,2419
0x5ac562,100%,0,90,90,0,0,0,90
0x45fa18,100%,0,1068,1068,888,0,0,180
0x5ffceb,100%,0,1167,1167,632,0,0,535
0x4cda63,100%,0,4469,4469,4469,0,0,0
0x5c8707,100%,0,6245,6245,0,0,0,6245
0x45fa28,100%,0,888,888,888,0,0,0
0x67ee91,100%,0,1068,1068,0,0,0,1068
0x40f418,100%,0,90,90,0,0,0,90
0x4c239f,100%,0,2417,2417,2417,0,0,0
0x600ce4,100%,0,445,445,0,0,0,445
0x51383d,100%,0,2417,2417,2417,0,0,0
0x7bd7f5,100%,0,16,16,0,0,0,16
0x687abb,100%,0,1973,1973,0,0,0,1973
0x5a36fb,100%,0,2417,2417,2417,0,0,0
0x59f151,100%,0,2419,2419,2419,0,0,0
0x52aef6,100%,0,2418,2418,2418,0,0,0
0x4c0905,100%,0,2065,2065,0,0,0,2065
0x4d0a96,100%,0,2418,2418,0,0,0,2418
0x4c1f2d,100%,0,1712,1712,1712,0,0,0
0x5d038d,100%,0,245740,245740,0,0,0,245740
0x4c1a49,100%,0,2418,2418,2418,0,0,0
0x6001fa,100%,0,981,981,981,0,0,0
0x60035f,100%,0,2772,2772,2772,0,0,0
0x4c7a44,100%,0,445,445,0,0,0,445
0x5059b6,100%,0,6245,6245,5630,0,0,615
0x679662,100%,0,534,534,0,0,0,534
0x4f6609,100%,0,1703,1703,0,0,0,1703
0x531672,100%,0,5820,5820,0,0,0,5820
0x6ec690,100%,0,21616,21616,21616,0,0,0
0x687ab2,100%,0,1973,1973,0,0,0,1973
0x5c4f8e,100%,0,5820,5820,0,0,0,5820
0x4d08dc,100%,0,445,445,0,0,0,445
0x4963bc,100%,0,2418,2418,0,0,0,2418
0x600216,100%,0,981,981,91,0,0,890
0x600222,100%,0,890,890,445,0,0,445
0x4c2687,100%,0,354,354,0,0,0,354
0x507a9d,100%,0,2100,2100,90,0,0,2010
0x4ca8f2,100%,0,445,445,0,0,0,445
0x4a3083,100%,0,718,718,0,0,0,718
0x4ce4b6,100%,0,1712,1712,1712,0,0,0
0x50532f,100%,0,23330,23330,0,0,0,23330
0x4c6de8,100%,0,450,450,0,0,0,450
0x4a3099,100%,0,718,718,445,0,0,273
0x7b1ae5,100%,0,15585,15585,0,0,0,15585
0x59d3ed,100%,0,445,445,0,0,0,445
0x5bee7b,100%,0,15,15,15,0,0,0
0x47f734,100%,0,360,360,90,0,0,270
0x59ca0e,100%,0,354,354,354,0,0,0
0x4be484,100%,0,445,445,0,0,0,445
0x4f6c8b,100%,0,270,270,0,0,0,270
0x529d07,100%,0,706,706,0,0,0,706
0x51336a,100%,0,534,534,534,0,0,0
0x67bbbb,100%,0,2417,2417,0,0,0,2417
0x52fa43,100%,0,1168,1168,1168,0,0,0
0x59ca0a,100%,0,354,354,0,0,0,354
0x4c16f3,100%,0,2417,2417,0,0,0,2417
0x4c6f08,100%,0,450,450,0,0,0,450
0x4c251f,100%,0,354,354,354,0,0,0
0x64dd1e,100%,0,13236,13236,0,0,0,13236
0x52985a,100%,0,354,354,354,0,0,0
0x7c94c9,100%,0,232,232,0,0,0,232
0x7b35c4,100%,0,101,101,0,0,0,101
0x406b22,100%,0,4093,4093,0,0,0,4093
0x4c258e,100%,0,354,354,354,0,0,0
0x7b3941,100%,0,9,9,9,0,0,0
0x4a2ce4,100%,0,718,718,0,0,0,718
0x67e1dc,100%,0,17543,17543,0,0,0,17543
0x410e35,100%,0,181,181,0,0,0,181
0x5bf5d6,100%,0,2868,2868,0,0,0,2868
0x5ffc5b,100%,0,1612,1612,1612,0,0,0
0x64d9f7,100%,0,22,22,5,0,0,17
0x4c25df,100%,0,354,354,354,0,0,0
0x507801,100%,0,7699,7699,7699,0,0,0
0x4c25f5,100%,0,354,354,0,0,0,354
0x59c93d,100%,0,445,445,445,0,0,0
0x67ba71,100%,0,2417,2417,2417,0,0,0
0x4c25fa,100%,0,354,354,0,0,0,354
0x5316fe,100%,0,5820,5820,0,0,0,5820
