Branch PC,Accuracy,Mispredictions,Correct Predictions,Total,dir_t_pred_t,dir_t_pred_nt,dir_nt_pred_t,dir_nt_pred_nt
aggregate,99.7153%,138322,48452627,48590949,12865752,60024,78298,35586875
0x638ed8,99.1557%,24304,2854227,2878531,2479418,10152,14152,374809
0x64cc86,99.7624%,13188,5536198,5549386,5535995,341,12847,203
0x7b358e,88.8327%,11523,91662,103185,86106,2431,9092,5556
0x406ce1,84.231%,9837,52545,62382,27839,2062,7775,24706
0x64d0d3,98.1818%,9425,508937,518362,264163,4706,4719,244774
0x64cc75,99.8834%,6477,5549189,5555666,44,6236,241,5549145
0x406c31,83.9573%,6273,32829,39102,26801,2475,3798,6028
0x678c33,98.2063%,4982,272770,277752,34705,2725,2257,238065
0x64cca3,57.5021%,4141,5603,9744,123,3319,822,5480
0x64cc9d,72.5313%,3619,9556,13175,39,3392,227,9517
0x7b3597,80.3864%,2873,11775,14648,6777,1303,1570,4998
0x64d0f2,98.9869%,2724,266145,268869,10079,2173,551,256066
0x406b67,77.977%,2469,8742,11211,8174,836,1633,568
0x406c06,97.8677%,2134,97948,100082,88711,844,1290,9237
0x7b1cd3,80.9224%,2027,8598,10625,291,1563,464,8307
0x64cec8,77.5381%,1812,6255,8067,4184,812,1000,2071
0x638eec,99.5563%,1726,387235,388961,370623,214,1512,16612
0x7b347d,88.4148%,1697,12951,14648,6670,930,767,6281
0x7b1ca1,86.6587%,1665,10815,12480,701,1154,511,10114
0x7b321b,78.542%,1616,5915,7531,5807,193,1423,108
0x638f7a,91.199%,1595,16528,18123,16526,92,1503,2
0x7b320a,92.2523%,1582,18837,20419,11797,1091,491,7040
0x406c39,86.4776%,1516,9695,11211,36,1393,123,9659
0x638d03,92.3907%,1325,16088,17413,16080,50,1275,8
0x638ecb,99.9552%,1289,2878524,2879813,0,1283,6,2878524
0x406c0b,88.9662%,1237,9974,11211,557,828,409,9417
0x7b327b,81.7833%,1093,4907,6000,705,784,309,4202
0x7b32e4,94.9466%,686,12889,13575,12762,113,573,127
0x7b1d08,94.5913%,675,11805,12480,1927,364,311,9878
0x7b303a,96.0729%,597,14605,15202,3094,276,321,11511
0x7b37f9,92.7305%,578,7373,7951,5502,234,344,1871
0x7b3806,93.0826%,550,7401,7951,1078,416,134,6323
0x406d92,96.4658%,508,13866,14374,13865,44,464,1
0x7b31b5,98.4827%,450,29207,29657,7868,334,116,21339
0x7b3251,70.7285%,442,1068,1510,438,262,180,630
0x7b377e,94.025%,440,6924,7364,6902,78,362,22
0x7b3774,94.9876%,405,7675,8080,412,304,101,7263
0x7b3496,94.3956%,395,6653,7048,6149,161,234,504
0x64e273,96.8762%,334,10358,10692,10358,0,334,0
0x7b3236,89.106%,329,2691,3020,1858,151,178,833
0x7b3610,94.6246%,315,5545,5860,4865,143,172,680
0x64a793,99.9558%,275,621776,622051,52817,216,59,568959
0x7b32e6,62.4286%,263,437,700,307,121,142,130
0x7b1af5,99.3332%,236,35155,35391,12381,99,137,22774
0x64a748,99.8397%,228,142038,142266,36717,94,134,105321
0x7b2fc5,99.0701%,213,22692,22905,10459,109,104,12233
0x64ccea,98.9413%,206,19252,19458,6653,120,86,12599
0x7b337d,80.6293%,197,820,1017,20,140,57,800
0x4ab909,98.6071%,182,12884,13066,12742,24,158,142
0x406b91,98.4123%,178,11033,11211,568,116,62,10465
0x7b1b7f,99.2231%,178,22733,22911,12955,104,74,9778
0x4a76b9,98.6853%,169,12686,12855,12673,31,138,13
0x7b13d8,99.7171%,166,58514,58680,7552,105,61,50962
0x7b361a,82.7465%,147,705,852,689,41,106,16
0x5ea1d4,92.8533%,133,1728,1861,1663,39,94,65
0x7b3354,89.9827%,116,1042,1158,36,105,11,1006
0x7b1490,98.9303%,113,10451,10564,10388,43,70,63
0x678c38,99.9571%,103,240219,240322,54246,54,49,185973
0x406b4d,99.711%,98,33812,33910,22663,36,62,11149
0x64ccb7,99.1173%,86,9657,9743,2842,58,28,6815
0x7b1469,99.2143%,83,10481,10564,7615,42,41,2866
0x7d2236,98.6773%,83,6192,6275,5803,53,30,389
0x7b2fa5,99.7605%,80,33327,33407,10466,36,44,22861
0x64ced9,97.4275%,79,2992,3071,2604,34,45,388
0x7b363a,62.2449%,74,122,196,26,48,26,96
0x7b329d,98.4039%,72,4439,4511,479,20,52,3960
0x64cebb,99.6457%,72,20247,20319,12228,24,48,8019
0x4996c7,99.8174%,68,37174,37242,19629,34,34,17545
0x64a777,99.8777%,65,53071,53136,66,37,28,53005
0x64cf6f,85.4503%,63,370,433,357,15,48,13
0x66db99,97.8245%,61,2743,2804,1757,33,28,986
0x7b151b,99.8995%,59,58621,58680,52794,18,41,5827
0x64cc51,99.7019%,58,19401,19459,74,51,7,19327
0x64cbce,99.6794%,56,17409,17465,10671,21,35,6738
0x54afc8,75.2381%,52,158,210,52,27,25,106
0x617d49,90.3475%,50,468,518,329,24,26,139
0x4ab7f9,90.7514%,48,471,519,188,30,18,283
0x5a1401,99.9422%,47,81239,81286,29012,11,36,52227
0x7b3020,99.7769%,47,21023,21070,5846,22,25,15177
0x649a4c,99.757%,43,17651,17694,1264,30,13,16387
0x66dbb9,98.7846%,40,3251,3291,2252,25,15,999
0x498459,99.9215%,40,50932,50972,23444,23,17,27488
0x64a0b9,91.7695%,40,446,486,286,19,21,160
0x538db4,86.532%,40,257,297,220,25,15,37
0x7b1cdc,99.544%,40,8731,8771,0,38,2,8731
0x7b34af,94.7154%,39,699,738,621,13,26,78
0x64a754,99.963%,39,105416,105455,52304,15,24,53112
0x678c13,99.9861%,38,273648,273686,35324,33,5,238324
0x66dbd4,96.3511%,37,977,1014,497,17,20,480
0x64cd2f,99.8098%,37,19421,19458,13639,24,13,5782
0x45f97f,93.186%,37,506,543,361,11,26,145
0x4a7249,92.511%,34,420,454,270,19,15,150
0x4dbff5,91.1917%,34,352,386,217,21,13,135
0x7b14c3,74.4361%,34,99,133,24,16,18,75
0x45f909,96.5021%,34,938,972,938,10,24,0
0x7b3446,99.5977%,33,8169,8202,5843,17,16,2326
0x4a76ad,99.744%,33,12858,12891,10,26,7,12848
0x4ab8e0,99.7474%,33,13033,13066,13033,4,29,0
0x674e57,99.111%,33,3679,3712,3678,5,28,1
0x66dbe3,93.8%,31,469,500,326,17,14,143
0x4602f1,94.5455%,30,520,550,186,16,14,334
0x5d0c0a,99.8047%,29,14819,14848,14819,0,29,0
0x498413,99.9704%,29,97926,97955,46966,17,12,50960
0x7b31e7,99.8695%,28,21427,21455,17713,11,17,3714
0x7b31ec,99.2495%,28,3703,3731,3274,12,16,429
0x7b17e1,55.9322%,26,33,59,3,16,10,30
0x45bdbf,82.4324%,26,122,148,85,11,15,37
0x4a6fd9,84.8485%,25,140,165,102,10,15,38
0x45b74f,77.7778%,24,84,108,15,15,9,69
0x4069f0,99.5902%,24,5833,5857,470,10,14,5363
0x7b14cc,74.1935%,24,69,93,43,16,8,26
0x7b1c4a,99.8157%,23,12457,12480,12457,5,18,0
0x649a90,99.8659%,22,16378,16400,10706,15,7,5672
0x4069e7,99.9447%,22,39745,39767,33910,0,22,5835
0x7b3347,99.3305%,22,3264,3286,2118,10,12,1146
0x7b31fd,99.9021%,20,20418,20438,0,19,1,20418
0x406d73,96.0417%,19,461,480,0,15,4,461
0x649a20,99.9193%,19,23532,23551,17690,4,15,5842
0x5ea649,89.7143%,18,157,175,152,7,11,5
0x4ad6cc,94.6269%,18,317,335,111,13,5,206
0x5ea774,89.3082%,17,142,159,15,13,4,127
0x499719,99.9041%,17,17701,17718,21,9,8,17680
0x547d3a,93.1034%,16,216,232,211,5,11,5
0x649ecd,99.9139%,16,18559,18575,11808,12,4,6751
0x7b3645,87.7049%,15,107,122,50,4,11,57
0x4a80b9,93.5345%,15,217,232,210,6,9,7
0x5ea1b3,99.2477%,14,1847,1861,1665,8,6,182
0x7b364e,79.4118%,14,54,68,41,2,12,13
0x678c20,99.9941%,14,238315,238329,52296,11,3,186019
0x4b5a08,99.8879%,13,11582,11595,0,9,4,11582
0x5ec7ad,99.2664%,13,1759,1772,909,6,7,850
0x5a12f2,99.9776%,13,58145,58158,46494,2,11,11651
0x4ad764,83.0986%,12,59,71,59,12,0,0
0x4157a8,94.8276%,12,220,232,212,4,8,8
0x4157c8,87.5%,12,84,96,70,10,2,14
0x4a73b7,92.7711%,12,154,166,44,10,2,110
0x49852d,99.9208%,11,13875,13886,7059,3,8,6816
0x4602e9,98.7764%,11,888,899,344,5,6,544
0x5d8f9c,54.1667%,11,13,24,0,6,5,13
0x7b14de,99.8959%,11,10553,10564,12,7,4,10541
0x5f7b79,95.6863%,11,244,255,244,3,8,0
0x45b761,85.8974%,11,67,78,50,4,7,17
0x460287,99.0215%,10,1012,1022,290,5,5,722
0x7b143d,99.9053%,10,10554,10564,10466,5,5,88
0x5d8eff,78.7234%,10,37,47,22,3,7,15
0x4a85b0,94.7917%,10,182,192,182,2,8,0
0x4a7069,93.9394%,10,155,165,145,4,6,10
0x7b3788,99.8886%,9,8071,8080,7948,3,6,123
0x63a432,0%,9,0,9,0,9,0,0
0x4ab7cd,98.2659%,9,510,519,510,9,0,0
0x48c463,82%,9,41,50,24,6,3,17
0x48ea16,94.5455%,9,156,165,156,1,8,0
0x5ec254,95%,9,171,180,7,5,4,164
0x7b369b,92.623%,9,113,122,2,7,2,111
0x5ea7cd,94.8571%,9,166,175,0,0,9,166
0x64d0b2,99.9291%,9,12676,12685,426,7,2,12250
0x549939,50%,9,9,18,8,6,3,1
0x45fc3b,46.6667%,8,7,15,0,0,8,7
0x549929,55.5556%,8,10,18,10,4,4,0
0x4a75c5,95.2941%,8,162,170,0,5,3,162
0x7b30a3,99.8637%,8,5860,5868,5707,2,6,153
0x60c11c,33.3333%,8,4,12,3,0,8,1
0x48942a,99.8622%,8,5799,5807,4,8,0,5795
0x4ab8a3,97.6261%,8,329,337,32,5,3,297
0x5ec0af,96.2766%,7,181,188,163,5,2,18
0x5a0991,99.9659%,7,20501,20508,13614,1,6,6887
0x490d35,53.3333%,7,8,15,0,0,7,8
0x64990d,66.6667%,7,14,21,14,7,0,0
0x492791,80%,7,28,35,25,5,2,3
0x4a7508,87.037%,7,47,54,35,3,4,12
0x45c8cf,87.037%,7,47,54,0,4,3,47
0x618c01,96.2567%,7,180,187,180,7,0,0
0x415c5a,96.2162%,7,178,185,169,0,7,9
0x45bd4c,95.2703%,7,141,148,98,2,5,43
0x550b32,99.9484%,6,11616,11622,5821,6,0,5795
0x490aa2,70%,6,14,20,1,4,2,13
0x45fc47,60%,6,9,15,0,0,6,9
0x487b79,91.4286%,6,64,70,35,1,5,29
0x4a71fe,92.3077%,6,72,78,52,2,4,20
0x4927bb,25%,6,2,8,1,2,4,1
0x4a8079,93.75%,6,90,96,74,6,0,16
0x415788,93.75%,6,90,96,77,3,3,13
0x7b3691,95.082%,6,116,122,95,2,4,21
0x486238,25%,6,2,8,2,6,0,0
0x535c33,88.4615%,6,46,52,46,6,0,0
0x490a36,60%,6,9,15,7,3,3,2
0x7b30b4,96.2264%,6,153,159,0,0,6,153
0x5a0b83,99.9484%,6,11616,11622,5795,0,6,5821
0x48c6d1,92.4051%,6,73,79,70,2,4,3
0x5ec163,97.3404%,5,183,188,177,3,2,6
0x4a7590,97.0588%,5,165,170,165,5,0,0
0x7b3670,95.9016%,5,117,122,0,0,5,117
0x4868d9,68.75%,5,11,16,5,3,2,6
0x499186,95.4955%,5,106,111,106,5,0,0
0x5e995e,90.9091%,5,50,55,50,2,3,0
0x4a71f3,95.5357%,5,107,112,32,2,3,75
0x66db68,99.5108%,5,1017,1022,4,4,1,1013
0x460341,37.5%,5,3,8,2,1,4,1
0x5ec0c3,75%,5,15,20,15,5,0,0
0x4e844a,37.5%,5,3,8,1,3,2,2
0x4927ee,85.7143%,5,30,35,27,3,2,3
0x45fa18,87.5%,5,35,40,21,3,2,14
0x45f929,97.3958%,5,187,192,165,3,2,22
0x4a7270,98.8987%,5,449,454,284,5,0,165
0x638a10,99.9713%,5,17408,17413,17408,5,0,0
0x45fa14,90%,4,36,40,0,0,4,36
0x535ba7,96.3964%,4,107,111,57,2,2,50
0x485fed,50%,4,4,8,4,4,0,0
0x7bd972,98.2759%,4,228,232,202,1,3,26
0x645e59,87.5%,4,28,32,28,4,0,0
0x490901,60%,4,6,10,0,0,4,6
0x4e8bb0,0%,4,0,4,0,1,3,0
0x490b3b,20%,4,1,5,0,0,4,1
0x5e4c41,50%,4,4,8,4,4,0,0
0x490cd1,20%,4,1,5,0,0,4,1
0x68d7d0,55.5556%,4,5,9,5,4,0,0
0x5e4d25,50%,4,4,8,0,0,4,4
0x48c6f4,42.8571%,4,3,7,3,3,1,0
0x498340,99.9886%,4,35182,35186,35182,4,0,0
0x7b14b1,96.9925%,4,129,133,0,0,4,129
0x4e90e7,50%,4,4,8,3,4,0,1
0x48c40f,60%,4,6,10,1,4,0,5
0x490ab4,73.3333%,4,11,15,8,2,2,3
0x5f7c01,75%,4,12,16,7,1,3,5
0x490953,73.3333%,4,11,15,9,1,3,2
0x5ec7d8,99.5333%,4,853,857,695,3,1,158
0x4909e2,73.3333%,4,11,15,11,4,0,0
0x494813,80.9524%,4,17,21,12,2,2,5
0x64cc6f,99.9999%,4,5555666,5555670,0,4,0,5555666
0x5ec357,95.6522%,4,88,92,58,1,3,30
0x538de7,93.3333%,4,56,60,0,0,4,56
0x4b59b0,99.9655%,4,11591,11595,5795,2,2,5796
0x4918ff,20%,4,1,5,1,4,0,0
0x60cba1,66.6667%,4,8,12,8,4,0,0
0x5d0b12,99.9731%,4,14844,14848,14844,4,0,0
0x48e9e1,97.5904%,4,162,166,0,0,4,162
0x4908ec,20%,4,1,5,1,4,0,0
0x5d9185,94.5946%,4,70,74,50,2,2,20
0x6499f7,99.983%,4,23547,23551,23547,4,0,0
0x5e6928,94.9367%,4,75,79,0,0,4,75
0x60c35a,66.6667%,4,8,12,0,3,1,8
0x490d4c,73.3333%,4,11,15,8,2,2,3
0x48c5e4,94.9367%,4,75,79,75,4,0,0
0x5ec1c4,97.7778%,4,176,180,176,4,0,0
0x490923,60%,4,6,10,6,4,0,0
0x617aa0,99.2278%,4,514,518,514,4,0,0
0x649f1e,73.3333%,4,11,15,11,4,0,0
0x4e9130,33.3333%,4,2,6,0,3,1,2
0x4862bd,50%,4,4,8,0,0,4,4
0x5ea1a0,99.7851%,4,1857,1861,1857,4,0,0
0x48621d,62.5%,3,5,8,0,0,3,5
0x66dd29,92.5%,3,37,40,31,1,2,6
0x48c94f,0%,3,0,3,0,3,0,0
0x60c90f,75%,3,9,12,0,0,3,9
0x4e8e9b,0%,3,0,3,0,2,1,0
0x490ad3,80%,3,12,15,7,3,0,5
0x7b17c8,94.9153%,3,56,59,0,0,3,56
0x494945,70%,3,7,10,2,1,2,5
0x64c321,66.6667%,3,6,9,6,3,0,0
0x487956,92.6829%,3,38,41,16,0,3,22
0x4908de,80%,3,12,15,0,0,3,12
0x66dd49,90.625%,3,29,32,22,2,1,7
0x406c5a,99.9908%,3,32478,32481,32478,3,0,0
0x66f065,99.5455%,3,657,660,327,3,0,330
0x45c85c,94.4444%,3,51,54,49,3,0,2
0x617d55,98.1818%,3,162,165,0,0,3,162
0x48fc26,62.5%,3,5,8,0,0,3,5
0x45c71f,94.2308%,3,49,52,25,0,3,24
0x486186,99.9483%,3,5800,5803,0,0,3,5800
0x4927c7,91.4286%,3,32,35,32,3,0,0
0x48cdbf,25%,3,1,4,0,3,0,1
0x48630c,62.5%,3,5,8,0,0,3,5
0x490aab,80%,3,12,15,3,2,1,9
0x617d05,99.4208%,3,515,518,515,3,0,0
0x61a6bf,94.9153%,3,56,59,56,3,0,0
0x5d78c1,91.8919%,3,34,37,34,3,0,0
0x48cd27,0%,3,0,3,0,2,1,0
0x415d17,98.3784%,3,182,185,168,1,2,14
0x5a146b,99.9943%,3,52228,52231,52228,3,0,0
0x618265,81.25%,3,13,16,0,0,3,13
0x4984f1,99.9748%,3,11888,11891,6061,3,0,5827
0x5e4bc2,62.5%,3,5,8,0,0,3,5
0x486245,62.5%,3,5,8,5,3,0,0
0x45bc8e,94.3396%,3,50,53,0,1,2,50
0x617ded,98.1818%,3,162,165,162,3,0,0
0x5e2b85,99.9957%,3,69692,69695,0,0,3,69692
0x5486b1,99.9742%,3,11619,11622,5794,1,2,5825
0x4a8361,98.4375%,3,189,192,189,3,0,0
0x4ac69d,91.6667%,3,33,36,33,3,0,0
0x66f449,98.1818%,3,162,165,162,3,0,0
0x674d84,94.8276%,3,55,58,26,3,0,29
0x5ea014,94.5455%,3,52,55,0,3,0,52
0x49274b,40%,3,2,5,2,3,0,0
0x68d7c2,66.6667%,3,6,9,0,0,3,6
0x48c642,96.2025%,3,76,79,76,3,0,0
0x4dc088,98.5507%,3,204,207,0,0,3,204
0x5ec091,98.6957%,3,227,230,0,0,3,227
0x460349,40%,3,2,5,0,1,2,2
0x4068b4,99.9817%,3,16397,16400,16397,3,0,0
0x48c482,85%,3,17,20,3,2,1,14
0x4a77f5,91.6667%,3,33,36,15,2,1,18
0x49a4dd,96.9697%,3,96,99,96,3,0,0
0x4a817d,81.25%,3,13,16,13,3,0,0
0x4a7577,98.2353%,3,167,170,167,3,0,0
0x4a81a1,81.25%,3,13,16,7,1,2,6
0x406a10,99.9442%,3,5374,5377,0,0,3,5374
0x460af7,0%,3,0,3,0,3,0,0
0x415d36,81.25%,3,13,16,13,3,0,0
0x4946cd,57.1429%,3,4,7,4,3,0,0
0x4a780b,98.2353%,3,167,170,167,3,0,0
0x4e8464,25%,3,1,4,0,1,2,1
0x60cb6f,75%,3,9,12,9,3,0,0
0x4908e7,80%,3,12,15,8,2,1,4
0x4ed04e,0%,3,0,3,0,2,1,0
0x4a86b7,99.625%,3,797,800,0,0,3,797
0x538df6,95%,3,57,60,50,2,1,7
0x5ea7a9,97.7099%,3,128,131,128,3,0,0
0x618c47,98.3957%,3,184,187,184,3,0,0
0x4a97b3,75%,3,9,12,0,3,0,9
0x554c67,96.2025%,3,76,79,0,0,3,76
0x48e8f8,98.7879%,2,163,165,0,0,2,163
0x6ec690,99.994%,2,33404,33406,33404,2,0,0
0x60c53f,83.3333%,2,10,12,10,2,0,0
0x406d07,99.5833%,2,478,480,478,2,0,0
0x64cee9,99.5381%,2,431,433,431,2,0,0
0x499c0c,98.7879%,2,163,165,163,2,0,0
0x7b50d7,99.994%,2,33405,33407,0,0,2,33405
0x6f7777,93.1034%,2,27,29,27,2,0,0
0x4a726b,99.5595%,2,452,454,0,0,2,452
0x498432,99.9961%,2,50970,50972,0,0,2,50970
0x48611e,99.9827%,2,11592,11594,0,0,2,11592
0x618022,87.5%,2,14,16,14,2,0,0
0x4a756e,98.8235%,2,168,170,0,0,2,168
0x45b715,93.3333%,2,28,30,0,0,2,28
0x5361b8,96.1538%,2,50,52,50,2,0,0
0x5a0d84,93.75%,2,30,32,0,0,2,30
0x66ef6f,99.596%,2,493,495,493,2,0,0
0x4861cd,75%,2,6,8,0,0,2,6
0x649e8a,99.9892%,2,18573,18575,18573,2,0,0
0x535ca8,96.1538%,2,50,52,50,2,0,0
0x460ad1,33.3333%,2,1,3,1,2,0,0
0x547aca,96.6102%,2,57,59,57,2,0,0
0x60c8db,83.3333%,2,10,12,0,0,2,10
0x490941,90%,2,18,20,5,0,2,13
0x415880,87.5%,2,14,16,14,2,0,0
0x68d7fc,77.7778%,2,7,9,0,0,2,7
0x4e84c3,0%,2,0,2,0,2,0,0
0x45b79e,96.2963%,2,52,54,0,0,2,52
0x460290,99.7249%,2,725,727,30,0,2,695
0x5f7daf,99.262%,2,269,271,0,0,2,269
0x63a1b1,77.7778%,2,7,9,7,2,0,0
0x54cd88,83.3333%,2,10,12,0,0,2,10
0x68d5e5,77.7778%,2,7,9,7,2,0,0
0x6841a8,83.3333%,2,10,12,10,2,0,0
0x4a74a0,98.5294%,2,134,136,134,2,0,0
0x549907,50%,2,2,4,0,0,2,2
0x535a09,98.1982%,2,109,111,109,2,0,0
0x64a76f,99.9981%,2,105453,105455,52319,0,2,53134
0x492778,60%,2,3,5,0,0,2,3
0x5a12c8,99.9962%,2,52337,52339,29053,2,0,23284
0x46030f,50%,2,2,4,0,0,2,2
0x5e99f6,96.3636%,2,53,55,0,0,2,53
0x4918f6,60%,2,3,5,0,0,2,3
0x5e4675,75%,2,6,8,6,2,0,0
0x4e8fc9,50%,2,2,4,2,2,0,0
0x54da57,99.262%,2,269,271,0,0,2,269
0x4991d9,98.1982%,2,109,111,50,2,0,59
0x487b4d,97.1014%,2,67,69,8,0,2,59
0x674260,93.1034%,2,27,29,27,2,0,0
0x64a764,99.9981%,2,105453,105455,52319,0,2,53134
0x63a3d9,77.7778%,2,7,9,7,2,0,0
0x406dbc,99.5833%,2,478,480,0,0,2,478
0x7b17d6,96.6102%,2,57,59,0,0,2,57
0x4069c3,99.995%,2,39765,39767,0,0,2,39765
0x4ea81a,0%,2,0,2,0,2,0,0
0x4aa0c8,77.7778%,2,7,9,7,2,0,0
0x49095e,86.6667%,2,13,15,8,2,0,5
0x64cfa7,96.7213%,2,59,61,0,0,2,59
0x499e34,99.187%,2,244,246,109,1,1,135
0x7b1f40,99.984%,2,12478,12480,12478,2,0,0
0x60caa7,83.3333%,2,10,12,10,2,0,0
0x48ca15,33.3333%,2,1,3,1,2,0,0
0x490ba6,60%,2,3,5,0,0,2,3
0x45f985,98.8304%,2,169,171,147,0,2,22
0x5a0e57,93.75%,2,30,32,30,2,0,0
0x645e38,93.75%,2,30,32,0,0,2,30
0x48c7ea,97.4684%,2,77,79,70,1,1,7
0x5504c3,99.9655%,2,5793,5795,5793,2,0,0
0x5a15a3,99.9708%,2,6854,6856,0,0,2,6854
0x4e9118,75%,2,6,8,1,1,1,5
0x7b1403,89.4737%,2,17,19,0,0,2,17
0x7b1c81,88.8889%,2,16,18,0,2,0,16
0x5ea620,98.8571%,2,173,175,173,2,0,0
0x5e9589,96.1538%,2,50,52,0,0,2,50
0x64cce0,99.9897%,2,19456,19458,0,0,2,19456
0x64c67a,77.7778%,2,7,9,7,2,0,0
0x5e34c3,99.9655%,2,5793,5795,0,0,2,5793
0x48797c,92%,2,23,25,15,1,1,8
0x4a97dd,77.7778%,2,7,9,0,0,2,7
0x68d8da,77.7778%,2,7,9,7,2,0,0
0x64c59c,77.7778%,2,7,9,0,0,2,7
0x54934b,83.3333%,2,10,12,10,2,0,0
0x4a74c5,98.7952%,2,164,166,40,1,1,124
0x48620e,75%,2,6,8,0,0,2,6
0x4ad774,97.1831%,2,69,71,69,2,0,0
0x48c4e8,80%,2,8,10,3,2,0,5
0x5e4f85,60%,2,3,5,0,0,2,3
0x7b35c4,89.4737%,2,17,19,0,0,2,17
0x66ef8e,99.596%,2,493,495,493,2,0,0
0x63a307,77.7778%,2,7,9,0,0,2,7
0x7d2251,99.9681%,2,6273,6275,0,0,2,6273
0x5ea61b,98.8571%,2,173,175,0,0,2,173
0x618987,98.7952%,2,164,166,164,2,0,0
0x5ea748,87.5%,2,14,16,0,0,2,14
0x406db2,99.5833%,2,478,480,0,0,2,478
0x45c76e,92.3077%,2,24,26,0,0,2,24
0x45f9b1,99.4949%,2,394,396,370,2,0,24
0x6180c1,87.5%,2,14,16,14,2,0,0
0x48943f,99.9655%,2,5793,5795,5793,2,0,0
0x46034e,50%,2,2,4,2,2,0,0
0x4e846a,33.3333%,2,1,3,0,1,1,1
0x5e9bb1,96.3636%,2,53,55,53,2,0,0
0x7d2238,99.5227%,2,417,419,0,0,2,417
0x5a12b9,99.9962%,2,52337,52339,0,0,2,52337
0x4b5f82,75%,2,6,8,6,2,0,0
0x4e84b7,50%,2,2,4,2,0,2,0
0x4e84a0,50%,2,2,4,2,2,0,0
0x547b7c,98.1982%,2,109,111,0,0,2,109
0x5e487a,75%,2,6,8,6,2,0,0
0x487aed,97.1014%,2,67,69,67,2,0,0
0x5a0893,99.9661%,2,5894,5896,0,0,2,5894
0x490cdd,60%,2,3,5,0,0,2,3
0x5ea6c8,87.5%,2,14,16,4,1,1,10
0x48fae3,75%,2,6,8,0,0,2,6
0x5a1353,99.9957%,2,46494,46496,23212,0,2,23282
0x54aeb9,97.6744%,2,84,86,84,2,0,0
0x676ee2,91.6667%,2,22,24,15,1,1,7
0x490cc6,60%,2,3,5,0,0,2,3
0x460aab,33.3333%,2,1,3,1,2,0,0
0x460a9c,33.3333%,2,1,3,0,0,2,1
0x5e1007,94.5946%,2,35,37,0,0,2,35
0x490836,60%,2,3,5,0,0,2,3
0x638783,99.9828%,2,11603,11605,0,0,2,11603
0x684f97,33.3333%,2,1,3,1,2,0,0
0x485fde,75%,2,6,8,0,0,2,6
0x49921f,96.6102%,2,57,59,0,0,2,57
0x6390bc,99.9897%,2,19404,19406,18121,2,0,1283
0x460363,50%,2,2,4,1,2,0,1
0x60cbd3,83.3333%,2,10,12,10,2,0,0
0x7b34c8,98.0769%,2,102,104,102,2,0,0
0x535b69,96.1538%,2,50,52,0,0,2,50
0x4867a6,99.9931%,2,28982,28984,0,0,2,28982
0x45f942,91.6667%,2,22,24,0,0,2,22
0x638c08,99.9885%,2,17411,17413,0,0,2,17411
0x490a2d,86.6667%,2,13,15,0,0,2,13
0x499170,98.1982%,2,109,111,0,0,2,109
0x5498f7,50%,2,2,4,0,0,2,2
0x5e32d6,94.5946%,2,35,37,35,2,0,0
0x4a83af,98.9583%,2,190,192,190,2,0,0
0x460efb,75%,2,6,8,6,2,0,0
0x645c63,93.75%,2,30,32,30,2,0,0
0x4ea408,0%,2,0,2,0,2,0,0
0x45bafe,33.3333%,2,1,3,1,2,0,0
0x49c479,99.9828%,2,11620,11622,0,0,2,11620
0x460f60,75%,2,6,8,0,0,2,6
0x5ec71d,96.6667%,2,58,60,34,2,0,24
0x7b141a,89.4737%,2,17,19,17,2,0,0
0x5d8fef,77.7778%,2,7,9,7,2,0,0
0x7b3069,99.9831%,2,11830,11832,11830,2,0,0
0x7b34bb,98.0769%,2,102,104,0,0,2,102
0x4e8bf5,66.6667%,2,4,6,0,1,1,4
0x4e8c0f,66.6667%,2,4,6,4,0,2,0
0x4a80c7,87.5%,2,14,16,14,2,0,0
0x5498ba,50%,2,2,4,2,2,0,0
0x460fa6,75%,2,6,8,0,0,2,6
0x5dca65,99.9656%,2,5805,5807,0,0,2,5805
0x461187,75%,2,6,8,0,0,2,6
0x4e9084,50%,2,2,4,2,1,1,0
0x4f0e43,90%,2,18,20,18,2,0,0
0x4909ae,60%,2,3,5,0,0,2,3
0x4a967e,83.3333%,2,10,12,10,2,0,0
0x494864,80%,2,8,10,8,2,0,0
0x494704,71.4286%,2,5,7,0,0,2,5
0x4aa0ab,88.8889%,1,8,9,0,0,1,8
0x638fb2,99.9336%,1,1504,1505,0,0,1,1504
0x638c24,99.9943%,1,17412,17413,0,0,1,17412
0x45c72d,96.2963%,1,26,27,25,1,0,1
0x7b4240,99.9857%,1,6979,6980,0,0,1,6979
0x684167,91.6667%,1,11,12,0,0,1,11
0x4e82e6,0%,1,0,1,0,0,1,0
0x638bd7,99.9943%,1,17412,17413,17412,1,0,0
0x6840d7,91.6667%,1,11,12,0,0,1,11
0x66dd14,93.75%,1,15,16,7,1,0,8
0x66f764,99.3976%,1,165,166,165,1,0,0
0x4878b6,98.5507%,1,68,69,0,0,1,68
0x5ec234,87.5%,1,7,8,7,1,0,0
0x494762,85.7143%,1,6,7,6,1,0,0
0x6f7794,96.5517%,1,28,29,0,0,1,28
0x7b1b84,99.9898%,1,9851,9852,9851,1,0,0
0x7b14d6,99.9905%,1,10563,10564,0,0,1,10563
0x54a4c8,98.3051%,1,58,59,58,1,0,0
0x6841fb,91.6667%,1,11,12,11,1,0,0
0x5dca69,99.9828%,1,5806,5807,5806,1,0,0
0x7b3755,99.9876%,1,8079,8080,0,0,1,8079
0x63906e,99.9948%,1,19405,19406,0,0,1,19405
0x4a7d8b,95.8333%,1,23,24,15,1,0,8
0x645fc7,96.875%,1,31,32,0,0,1,31
0x68d7cb,88.8889%,1,8,9,0,0,1,8
0x45f8c6,95.8333%,1,23,24,0,0,1,23
0x4b5db5,93.75%,1,15,16,15,1,0,0
0x550cb7,99.983%,1,5895,5896,0,0,1,5895
0x490a74,80%,1,4,5,4,1,0,0
0x45c899,98.0769%,1,51,52,0,0,1,51
0x4e9092,0%,1,0,1,0,1,0,0
0x48e93f,99.3939%,1,164,165,164,1,0,0
0x4adb1a,99.3976%,1,165,166,0,0,1,165
0x48fc1b,87.5%,1,7,8,0,0,1,7
0x49a40d,98.9899%,1,98,99,0,0,1,98
0x490a3e,80%,1,4,5,4,1,0,0
0x4e8272,0%,1,0,1,0,1,0,0
0x4b59cf,99.9828%,1,5797,5798,0,0,1,5797
0x4867d1,99.9965%,1,28983,28984,28983,1,0,0
0x6744ad,96.5517%,1,28,29,0,0,1,28
0x5ea640,99.4286%,1,174,175,0,0,1,174
0x4a722e,99.3939%,1,164,165,0,0,1,164
0x4862f9,87.5%,1,7,8,0,0,1,7
0x5553b7,98.7342%,1,78,79,0,0,1,78
0x5d8f0f,95.4545%,1,21,22,0,0,1,21
0x48c60e,98.7342%,1,78,79,78,1,0,0
0x4862dc,87.5%,1,7,8,7,1,0,0
0x7b1c07,99.992%,1,12479,12480,12479,1,0,0
0x644bbc,99.9957%,1,23201,23202,23201,1,0,0
0x5ec7bf,99.8833%,1,856,857,856,1,0,0
0x6390e3,99.9221%,1,1282,1283,1282,1,0,0
0x415f02,93.75%,1,15,16,0,0,1,15
0x4eab5a,50%,1,1,2,1,0,1,0
0x48da77,66.6667%,1,2,3,0,0,1,2
0x487902,98.0769%,1,51,52,0,0,1,51
0x4a6f71,99.3939%,1,164,165,0,0,1,164
0x461682,94.7368%,1,18,19,18,1,0,0
0x7b1bfb,99.992%,1,12479,12480,0,0,1,12479
0x48cca7,66.6667%,1,2,3,2,1,0,0
0x538d7c,98.0769%,1,51,52,0,0,1,51
0x490913,80%,1,4,5,4,1,0,0
0x4ea6f7,0%,1,0,1,0,1,0,0
0x49090a,90%,1,9,10,4,1,0,5
0x7a6428,96.5517%,1,28,29,28,1,0,0
0x416a5b,93.75%,1,15,16,15,1,0,0
0x4b598a,99.9914%,1,11594,11595,0,0,1,11594
0x49094a,93.3333%,1,14,15,4,1,0,10
0x4e8290,0%,1,0,1,0,1,0,0
0x61800b,93.75%,1,15,16,0,0,1,15
0x4e8bdd,50%,1,1,2,0,0,1,1
0x63a453,88.8889%,1,8,9,8,1,0,0
0x4e9191,50%,1,1,2,1,1,0,0
0x68417b,91.6667%,1,11,12,0,0,1,11
0x487836,98.5507%,1,68,69,0,0,1,68
0x7bd948,99.569%,1,231,232,0,0,1,231
0x64ccc0,99.9903%,1,10273,10274,0,0,1,10273
0x64cf4e,99.7691%,1,432,433,432,1,0,0
0x49c4af,99.9914%,1,11621,11622,11621,1,0,0
0x45bd9e,99%,1,99,100,0,0,1,99
0x5eae44,93.75%,1,15,16,15,1,0,0
0x4a70ab,93.75%,1,15,16,0,0,1,15
0x48cb35,66.6667%,1,2,3,0,0,1,2
0x45bd76,99%,1,99,100,0,0,1,99
0x48cabc,66.6667%,1,2,3,0,0,1,2
0x4e8a5e,0%,1,0,1,0,0,1,0
0x48cbe2,66.6667%,1,2,3,2,1,0,0
0x48c859,0%,1,0,1,0,1,0,0
0x490c54,80%,1,4,5,4,1,0,0
0x4a732b,99.3976%,1,165,166,165,1,0,0
0x491850,80%,1,4,5,4,1,0,0
0x45bc9c,98.0769%,1,51,52,51,1,0,0
0x490b08,80%,1,4,5,0,0,1,4
0x6ee670,0%,1,0,1,0,1,0,0
0x490a62,90%,1,9,10,0,0,1,9
0x68842d,88.8889%,1,8,9,0,0,1,8
0x639eeb,88.8889%,1,8,9,0,0,1,8
0x4e967a,0%,1,0,1,0,1,0,0
0x4890f3,99.9946%,1,18445,18446,6823,1,0,11622
0x54beba,99.9828%,1,5826,5827,5826,1,0,0
0x674200,96.5517%,1,28,29,0,0,1,28
0x63905a,99.9945%,1,18122,18123,18122,1,0,0
0x60cda8,91.6667%,1,11,12,0,0,1,11
0x5ec450,93.75%,1,15,16,0,0,1,15
0x550434,99.9943%,1,17448,17449,11653,1,0,5795
0x4861be,87.5%,1,7,8,0,0,1,7
0x618a47,99.3976%,1,165,166,165,1,0,0
0x4a83a3,99.4792%,1,191,192,0,0,1,191
0x460a82,66.6667%,1,2,3,2,1,0,0
0x4e8e57,66.6667%,1,2,3,2,0,1,0
0x5dfb81,99.9982%,1,54287,54288,0,0,1,54287
0x48eaac,87.5%,1,7,8,0,0,1,7
0x4b128e,99.9828%,1,5802,5803,5802,1,0,0
0x649f15,93.3333%,1,14,15,0,0,1,14
0x60c223,91.6667%,1,11,12,11,1,0,0
0x60cf2a,91.6667%,1,11,12,11,1,0,0
0x7a640e,96.5517%,1,28,29,28,1,0,0
0x4e8b1e,0%,1,0,1,0,0,1,0
0x45f98c,99.7475%,1,395,396,23,1,0,372
0x45bd89,99%,1,99,100,0,0,1,99
0x4e8b49,50%,1,1,2,1,0,1,0
0x406865,87.5%,1,7,8,7,1,0,0
0x4e9a2a,0%,1,0,1,0,1,0,0
0x4ea6b9,50%,1,1,2,0,0,1,1
0x549414,91.6667%,1,11,12,11,1,0,0
0x64cf0b,99.7691%,1,432,433,0,0,1,432
0x48809c,87.5%,1,7,8,7,1,0,0
0x5a15af,99.9854%,1,6855,6856,0,0,1,6855
0x48cae3,66.6667%,1,2,3,0,0,1,2
0x60c62b,91.6667%,1,11,12,0,0,1,11
0x45f8dd,95.8333%,1,23,24,0,0,1,23
0x490a6b,90%,1,9,10,4,1,0,5
0x60caf4,91.6667%,1,11,12,0,0,1,11
0x548de7,91.6667%,1,11,12,11,1,0,0
0x7b307d,99.9969%,1,32389,32390,0,0,1,32389
0x5a15e5,99.9854%,1,6855,6856,32,0,1,6823
0x4eaa38,0%,1,0,1,0,1,0,0
0x67449b,96.5517%,1,28,29,0,0,1,28
0x48fc01,87.5%,1,7,8,0,0,1,7
0x538e0b,87.5%,1,7,8,7,1,0,0
0x61a4af,98.3051%,1,58,59,58,1,0,0
0x48faf9,87.5%,1,7,8,0,0,1,7
0x48c3c3,90%,1,9,10,0,0,1,9
0x5a0da4,96.875%,1,31,32,0,0,1,31
0x460ac2,66.6667%,1,2,3,0,0,1,2
0x499247,98.0769%,1,51,52,51,1,0,0
0x48fc43,87.5%,1,7,8,4,1,0,3
0x54abaa,93.75%,1,15,16,0,0,1,15
0x535b9e,99.0991%,1,110,111,0,0,1,110
0x644921,99.9957%,1,23201,23202,23201,1,0,0
0x48fc0c,87.5%,1,7,8,0,0,1,7
0x46167b,96.4286%,1,27,28,9,0,1,18
0x495678,99.9914%,1,11641,11642,19,1,0,11622
0x48858c,87.5%,1,7,8,7,1,0,0
0x4a727f,99.3939%,1,164,165,164,1,0,0
0x5e9b6a,98.1818%,1,54,55,0,0,1,54
0x462151,87.5%,1,7,8,0,0,1,7
0x66dd61,87.5%,1,7,8,7,1,0,0
0x488a28,87.5%,1,7,8,0,0,1,7
0x538d67,98.0769%,1,51,52,0,0,1,51
0x7b3323,99.9328%,1,1488,1489,0,0,1,1488
0x48c452,98%,1,49,50,0,0,1,49
0x550be0,99.9914%,1,11621,11622,5826,1,0,5795
0x618bb8,99.4652%,1,186,187,186,1,0,0
0x54cd7f,91.6667%,1,11,12,0,0,1,11
0x4e89b0,0%,1,0,1,0,0,1,0
0x61824e,93.75%,1,15,16,0,0,1,15
0x4dbf47,0%,1,0,1,0,0,1,0
0x41573c,93.75%,1,15,16,0,0,1,15
0x489103,99.9914%,1,11621,11622,5794,1,0,5827
0x4e8ea3,0%,1,0,1,0,0,1,0
0x645fb3,96.875%,1,31,32,31,1,0,0
0x645d82,96.875%,1,31,32,0,0,1,31
0x4b5ed9,87.5%,1,7,8,0,0,1,7
0x54f2c7,98.5507%,1,68,69,0,0,1,68
0x5f8797,99.6078%,1,254,255,0,0,1,254
0x4e8bce,66.6667%,1,2,3,0,1,0,2
0x406e27,99.9969%,1,32547,32548,0,0,1,32547
0x54f8fe,99.9828%,1,5826,5827,0,0,1,5826
0x60c63b,91.6667%,1,11,12,0,0,1,11
0x645c31,96.875%,1,31,32,31,1,0,0
0x48caad,66.6667%,1,2,3,0,0,1,2
0x4e8e19,0%,1,0,1,0,0,1,0
0x499235,99.0991%,1,110,111,58,1,0,52
0x461002,87.5%,1,7,8,0,0,1,7
0x7b511c,99.997%,1,33406,33407,33406,1,0,0
0x5dfef9,99.9914%,1,11601,11602,0,0,1,11601
0x45b786,98.1481%,1,53,54,0,0,1,53
0x683fb3,91.6667%,1,11,12,11,1,0,0
0x4863dd,87.5%,1,7,8,0,0,1,7
0x649e85,99.9946%,1,18574,18575,0,0,1,18574
0x4a72d7,99.3939%,1,164,165,164,1,0,0
0x7b3fe4,88.8889%,1,8,9,8,1,0,0
0x4864f5,87.5%,1,7,8,0,0,1,7
0x7b36ae,99.115%,1,112,113,0,0,1,112
0x4e846f,50%,1,1,2,1,0,1,0
0x7b13f9,94.7368%,1,18,19,0,0,1,18
0x649a13,99.9958%,1,23550,23551,0,0,1,23550
0x4e1573,99.3939%,1,164,165,0,0,1,164
0x6f7b35,96.5517%,1,28,29,28,1,0,0
0x683f4f,91.6667%,1,11,12,11,1,0,0
0x5e99d1,66.6667%,1,2,3,0,0,1,2
0x674207,96.5517%,1,28,29,0,0,1,28
0x4ab766,99.8994%,1,993,994,993,1,0,0
0x490a86,90%,1,9,10,9,1,0,0
0x4ad741,98.5915%,1,70,71,0,0,1,70
0x64c56b,88.8889%,1,8,9,0,0,1,8
0x5e47c9,87.5%,1,7,8,7,1,0,0
0x4aad28,87.5%,1,7,8,7,1,0,0
0x4e8f36,75%,1,3,4,3,1,0,0
0x4a769f,99.9922%,1,12890,12891,0,0,1,12890
0x5e46c3,87.5%,1,7,8,7,1,0,0
0x68841a,88.8889%,1,8,9,0,0,1,8
0x7b50eb,99.997%,1,33406,33407,33406,1,0,0
0x48c9e5,66.6667%,1,2,3,0,0,1,2
0x487921,98.0769%,1,51,52,26,1,0,25
0x67e975,88.8889%,1,8,9,8,1,0,0
0x5ec137,99.4681%,1,187,188,0,0,1,187
0x4a7420,97.561%,1,40,41,30,0,1,10
0x5e9983,66.6667%,1,2,3,0,0,1,2
0x649e7c,99.9946%,1,18574,18575,0,0,1,18574
0x674da3,96.5517%,1,28,29,28,1,0,0
0x46029b,99.8565%,1,696,697,0,0,1,696
0x5ec259,99.4048%,1,167,168,0,0,1,167
0x4f0d71,95%,1,19,20,19,1,0,0
0x4a7439,99.2647%,1,135,136,135,1,0,0
0x645bff,96.875%,1,31,32,31,1,0,0
0x7b32bf,99.8571%,1,699,700,699,1,0,0
0x5e4445,99.983%,1,5874,5875,0,0,1,5874
0x4a7481,99.2647%,1,135,136,135,1,0,0
0x4ab7a0,99.6678%,1,300,301,0,0,1,300
0x499d5c,99.3976%,1,165,166,165,1,0,0
0x4e8314,66.6667%,1,2,3,1,1,0,1
0x5a1320,99.9914%,1,11661,11662,19,1,0,11642
0x548e2e,91.6667%,1,11,12,11,1,0,0
0x4867b8,99.9965%,1,28983,28984,28983,1,0,0
0x4a6f1e,99.3939%,1,164,165,164,1,0,0
0x7b13a8,99.983%,1,5867,5868,5867,1,0,0
0x617dd2,99.3939%,1,164,165,0,0,1,164
0x5a142f,99.9981%,1,52262,52263,23207,1,0,29055
0x48eadd,87.5%,1,7,8,0,0,1,7
0x48cb63,66.6667%,1,2,3,2,1,0,0
0x460ae8,66.6667%,1,2,3,0,0,1,2
0x638f59,99.9945%,1,18122,18123,18122,1,0,0
0x489368,99.9914%,1,11601,11602,5794,1,0,5807
0x4eaac1,0%,1,0,1,0,0,1,0
0x4a8094,93.75%,1,15,16,15,1,0,0
0x5a1486,95%,1,19,20,19,1,0,0
0x490d0b,80%,1,4,5,0,0,1,4
0x645b84,96.875%,1,31,32,0,0,1,31
0x4e8a43,0%,1,0,1,0,0,1,0
0x5a1462,99.9966%,1,29022,29023,0,0,1,29022
0x66efbf,99.798%,1,494,495,494,1,0,0
0x5e9f0e,98.1818%,1,54,55,54,1,0,0
0x4e8d9c,0%,1,0,1,0,0,1,0
0x7b1cbd,99.9906%,1,10624,10625,0,0,1,10624
0x4a73f0,99.2%,1,124,125,124,1,0,0
0x7b31d6,99.9953%,1,21454,21455,0,0,1,21454
0x490b64,80%,1,4,5,0,0,1,4
0x46037b,66.6667%,1,2,3,0,0,1,2
0x535a7f,99.0991%,1,110,111,0,0,1,110
0x60ccf2,91.6667%,1,11,12,0,0,1,11
0x5359e3,99.0991%,1,110,111,110,1,0,0
0x7b5743,99.9972%,1,35390,35391,0,0,1,35390
0x4eab85,0%,1,0,1,0,1,0,0
0x4e8302,66.6667%,1,2,3,0,0,1,2
0x4ed005,0%,1,0,1,0,1,0,0
0x64a7a7,99.9998%,1,569017,569018,569017,1,0,0
0x490c3c,80%,1,4,5,0,0,1,4
0x4a74b9,99.3976%,1,165,166,165,1,0,0
0x4a8474,99.4792%,1,191,192,191,1,0,0
0x4ecf6c,0%,1,0,1,0,1,0,0
0x5a0d13,99.9828%,1,5826,5827,0,0,1,5826
0x45f9a8,99.7475%,1,395,396,0,0,1,395
0x66f3e1,99.798%,1,494,495,165,0,1,329
0x499d9d,99.5935%,1,245,246,245,1,0,0
0x406acf,99.9971%,1,33909,33910,33909,1,0,0
0x499703,99.9944%,1,17717,17718,0,0,1,17717
0x5e456f,100%,0,8,8,8,0,0,0
0x48857b,100%,0,40,40,0,0,0,40
0x7a63c3,100%,0,29,29,0,0,0,29
0x7a63ad,100%,0,29,29,0,0,0,29
0x7b3586,100%,0,88537,88537,0,0,0,88537
0x48cb50,100%,0,3,3,0,0,0,3
0x415e1a,100%,0,16,16,16,0,0,0
0x638a0b,100%,0,17413,17413,0,0,0,17413
0x5a08ad,100%,0,5896,5896,5896,0,0,0
0x406947,100%,0,16400,16400,0,0,0,16400
0x460fb1,100%,0,8,8,0,0,0,8
0x5eadcb,100%,0,8,8,0,0,0,8
0x7bd91e,100%,0,29,29,0,0,0,29
0x66f058,100%,0,825,825,165,0,0,660
0x68d908,100%,0,9,9,0,0,0,9
0x538d8e,100%,0,52,52,0,0,0,52
0x4e849a,100%,0,4,4,0,0,0,4
0x63a2f8,100%,0,9,9,0,0,0,9
0x5eae6d,100%,0,16,16,8,0,0,8
0x5d0b9a,100%,0,14848,14848,0,0,0,14848
0x63a0e8,100%,0,9,9,0,0,0,9
0x535b30,100%,0,52,52,52,0,0,0
0x5e9ef0,100%,0,55,55,0,0,0,55
0x63a17f,100%,0,9,9,9,0,0,0
0x64d0c3,100%,0,518362,518362,0,0,0,518362
0x4ad6be,100%,0,335,335,0,0,0,335
0x638d8b,100%,0,1283,1283,1283,0,0,0
0x4a72a5,100%,0,165,165,165,0,0,0
0x535c0f,100%,0,52,52,52,0,0,0
0x4b5d28,100%,0,16,16,0,0,0,16
0x4607be,100%,0,8,8,0,0,0,8
0x5e94a5,100%,0,52,52,0,0,0,52
0x406b5a,100%,0,11211,11211,0,0,0,11211
0x7b1add,100%,0,35391,35391,0,0,0,35391
0x4a9aff,100%,0,9,9,0,0,0,9
0x683ed3,100%,0,12,12,0,0,0,12
0x7ac00a,100%,0,29,29,0,0,0,29
0x60cdbc,100%,0,12,12,0,0,0,12
0x48fc32,100%,0,8,8,0,0,0,8
0x7b3043,100%,0,11832,11832,0,0,0,11832
0x7b1c61,100%,0,18,18,0,0,0,18
0x7bd8e5,100%,0,29,29,29,0,0,0
0x49b3d7,100%,0,12,12,0,0,0,12
0x5d78e7,100%,0,37,37,37,0,0,0
0x4b5aba,100%,0,11586,11586,0,0,0,11586
0x7b22a6,100%,0,38,38,0,0,0,38
0x7ac029,100%,0,29,29,0,0,0,29
0x7b304e,100%,0,11832,11832,0,0,0,11832
0x4a6f79,100%,0,165,165,165,0,0,0
0x7bd917,100%,0,29,29,0,0,0,29
0x64d13f,100%,0,12252,12252,0,0,0,12252
0x7b200e,100%,0,12480,12480,0,0,0,12480
0x490992,100%,0,5,5,5,0,0,0
0x415e9b,100%,0,16,16,16,0,0,0
0x535be0,100%,0,52,52,52,0,0,0
0x7b3fcb,100%,0,9,9,0,0,0,9
0x48612d,100%,0,11594,11594,0,0,0,11594
0x48eabb,100%,0,8,8,0,0,0,8
0x489340,100%,0,5807,5807,0,0,0,5807
0x7d2242,100%,0,419,419,419,0,0,0
0x644b07,100%,0,23202,23202,0,0,0,23202
0x5a09b4,100%,0,11622,11622,0,0,0,11622
0x49857b,100%,0,8,8,0,0,0,8
0x41576e,100%,0,16,16,0,0,0,16
0x4a74d1,100%,0,125,125,0,0,0,125
0x676e3c,100%,0,8,8,0,0,0,8
0x49853e,100%,0,7062,7062,0,0,0,7062
0x41575f,100%,0,16,16,0,0,0,16
0x64d1e7,100%,0,12252,12252,0,0,0,12252
0x416a55,100%,0,16,16,0,0,0,16
0x48c4d2,100%,0,10,10,0,0,0,10
0x5eade0,100%,0,8,8,0,0,0,8
0x676e97,100%,0,8,8,0,0,0,8
0x45c8ae,100%,0,52,52,0,0,0,52
0x7b1c40,100%,0,12480,12480,0,0,0,12480
0x4b5f43,100%,0,8,8,0,0,0,8
0x45f936,100%,0,24,24,24,0,0,0
0x4a73d4,100%,0,166,166,41,0,0,125
0x4a7026,100%,0,165,165,165,0,0,0
0x7b4231,100%,0,6980,6980,0,0,0,6980
0x4a73d8,100%,0,125,125,112,0,0,13
0x676e48,100%,0,8,8,8,0,0,0
0x461066,100%,0,8,8,0,0,0,8
0x426fb7,100%,0,358,358,0,0,0,358
0x416a4b,100%,0,16,16,0,0,0,16
0x460eec,100%,0,8,8,0,0,0,8
0x7b3687,100%,0,122,122,0,0,0,122
0x5d9194,100%,0,22,22,0,0,0,22
0x4a71dd,100%,0,112,112,0,0,0,112
0x4b5aec,100%,0,11586,11586,0,0,0,11586
0x4eab1d,100%,0,1,1,0,0,0,1
0x4a75ae,100%,0,170,170,170,0,0,0
0x4862f7,100%,0,8,8,0,0,0,8
0x66f35b,100%,0,495,495,0,0,0,495
0x4e161a,100%,0,165,165,165,0,0,0
0x674e7d,100%,0,29,29,0,0,0,29
0x4e160b,100%,0,165,165,0,0,0,165
0x4a7cf8,100%,0,8,8,0,0,0,8
0x66f6d3,100%,0,165,165,165,0,0,0
0x7b37dc,100%,0,7951,7951,0,0,0,7951
0x4ea7d8,100%,0,1,1,0,0,0,1
0x60c147,100%,0,9,9,0,0,0,9
0x5a147e,100%,0,40717,40717,40697,0,0,20
0x4a8c77,100%,0,165,165,0,0,0,165
0x66f346,100%,0,825,825,330,0,0,495
0x406cbf,100%,0,32481,32481,0,0,0,32481
0x63a533,100%,0,9,9,9,0,0,0
0x550509,100%,0,11654,11654,5827,0,0,5827
0x66efb1,100%,0,495,495,0,0,0,495
0x4e157f,100%,0,165,165,165,0,0,0
0x45f94b,100%,0,24,24,0,0,0,24
0x7b5753,100%,0,35391,35391,0,0,0,35391
0x5ea4f2,100%,0,8,8,8,0,0,0
0x5d0b51,100%,0,14848,14848,14848,0,0,0
0x49b248,100%,0,20,20,0,0,0,20
0x6180b1,100%,0,16,16,0,0,0,16
0x4a9722,100%,0,12,12,12,0,0,0
0x48e926,100%,0,165,165,0,0,0,165
0x5e4cb3,100%,0,8,8,0,0,0,8
0x61809e,100%,0,16,16,0,0,0,16
0x4a7500,100%,0,54,54,0,0,0,54
0x639105,100%,0,1283,1283,1283,0,0,0
0x7b1bd2,100%,0,12480,12480,0,0,0,12480
0x64599f,100%,0,32,32,0,0,0,32
0x48ea59,100%,0,8,8,0,0,0,8
0x4a76ed,100%,0,36,36,0,0,0,36
0x4a7512,100%,0,16,16,11,0,0,5
0x48ea37,100%,0,8,8,0,0,0,8
0x7abff6,100%,0,29,29,0,0,0,29
0x5e92b0,100%,0,43,43,0,0,0,43
0x5ec463,100%,0,16,16,0,0,0,16
0x54ce37,100%,0,12,12,0,0,0,12
0x54ce47,100%,0,12,12,0,0,0,12
0x54ce66,100%,0,12,12,0,0,0,12
0x5ea6cf,100%,0,11,11,11,0,0,0
0x4868e4,100%,0,8,8,0,0,0,8
0x549332,100%,0,12,12,0,0,0,12
0x64e241,100%,0,10692,10692,10692,0,0,0
0x4a80c3,100%,0,16,16,0,0,0,16
0x7b1bde,100%,0,12480,12480,12480,0,0,0
0x499e9a,100%,0,165,165,165,0,0,0
0x5e5b69,100%,0,11701,11701,0,0,0,11701
0x60cd87,100%,0,12,12,0,0,0,12
0x60cdcc,100%,0,12,12,12,0,0,0
0x5ec440,100%,0,16,16,0,0,0,16
0x5ec42d,100%,0,16,16,0,0,0,16
0x7b1b39,100%,0,22911,22911,22911,0,0,0
0x60cf3e,100%,0,12,12,0,0,0,12
0x685b78,100%,0,16,16,0,0,0,16
0x7a6433,100%,0,29,29,29,0,0,0
0x7bd983,100%,0,29,29,0,0,0,29
0x66efb6,100%,0,495,495,0,0,0,495
0x5ea102,100%,0,175,175,0,0,0,175
0x7a641a,100%,0,29,29,0,0,0,29
0x60ce29,100%,0,12,12,12,0,0,0
0x4a745d,100%,0,136,136,136,0,0,0
0x7a64af,100%,0,29,29,29,0,0,0
0x4ad6e3,100%,0,124,124,124,0,0,0
0x6743d1,100%,0,29,29,0,0,0,29
0x48630e,100%,0,8,8,0,0,0,8
0x60ccf7,100%,0,12,12,0,0,0,12
0x7b5137,100%,0,33407,33407,0,0,0,33407
0x5eae5a,100%,0,16,16,8,0,0,8
0x54cd75,100%,0,12,12,0,0,0,12
0x45ba72,100%,0,8,8,0,0,0,8
0x7b1ae5,100%,0,35391,35391,0,0,0,35391
0x54ab39,100%,0,16,16,16,0,0,0
0x5ea758,100%,0,16,16,11,0,0,5
0x674211,100%,0,29,29,29,0,0,0
0x415e6d,100%,0,16,16,0,0,0,16
0x6f7b15,100%,0,29,29,0,0,0,29
0x4a7f89,100%,0,8,8,8,0,0,0
0x499e3f,100%,0,136,136,136,0,0,0
0x4a7d3f,100%,0,24,24,0,0,0,24
0x5e997b,100%,0,3,3,0,0,0,3
0x4a8159,100%,0,16,16,16,0,0,0
0x64e2fb,100%,0,334,334,334,0,0,0
0x617e90,100%,0,165,165,0,0,0,165
0x4a8133,100%,0,16,16,16,0,0,0
0x7b375f,100%,0,8080,8080,0,0,0,8080
0x538dce,100%,0,52,52,0,0,0,52
0x4ea6c8,100%,0,2,2,1,0,0,1
0x5e9f09,100%,0,55,55,0,0,0,55
0x5ec40e,100%,0,16,16,0,0,0,16
0x4867ed,100%,0,28984,28984,28984,0,0,0
0x4a704a,100%,0,165,165,165,0,0,0
0x490d1a,100%,0,5,5,0,0,0,5
0x54958d,100%,0,12,12,12,0,0,0
0x5ec167,100%,0,8,8,8,0,0,0
0x5ec15d,100%,0,188,188,0,0,0,188
0x7a63e4,100%,0,29,29,0,0,0,29
0x684198,100%,0,12,12,0,0,0,12
0x490b70,100%,0,5,5,0,0,0,5
0x7ac054,100%,0,29,29,0,0,0,29
0x68421c,100%,0,12,12,12,0,0,0
0x5f7ba8,100%,0,255,255,255,0,0,0
0x64e194,100%,0,10692,10692,0,0,0,10692
0x6842fc,100%,0,12,12,12,0,0,0
0x684310,100%,0,12,12,0,0,0,12
0x645e17,100%,0,32,32,0,0,0,32
0x49b0c8,100%,0,20,20,0,0,0,20
0x7b31c9,100%,0,21455,21455,0,0,0,21455
0x68435e,100%,0,12,12,12,0,0,0
0x5ea509,100%,0,8,8,0,0,0,8
0x5dcad4,100%,0,5807,5807,5807,0,0,0
0x5a13c7,100%,0,34874,34874,34874,0,0,0
0x5a1357,100%,0,23284,23284,23264,0,0,20
0x683e87,100%,0,12,12,12,0,0,0
0x5a0d2c,100%,0,5827,5827,5827,0,0,0
0x548680,100%,0,5827,5827,0,0,0,5827
0x548671,100%,0,5827,5827,0,0,0,5827
0x4b59da,100%,0,5798,5798,0,0,0,5798
0x5a0a04,100%,0,11622,11622,11622,0,0,0
0x5a09ea,100%,0,11622,11622,0,0,0,11622
0x5a0b54,100%,0,5827,5827,0,0,0,5827
0x49c6e6,100%,0,11622,11622,11622,0,0,0
0x4b5efa,100%,0,8,8,8,0,0,0
0x644b38,100%,0,23202,23202,0,0,0,23202
0x550af9,100%,0,23244,23244,11622,0,0,11622
0x5a138c,100%,0,23212,23212,11590,0,0,11622
0x4e8267,100%,0,1,1,0,0,0,1
0x5e002f,100%,0,37,37,0,0,0,37
0x5dca60,100%,0,5807,5807,0,0,0,5807
0x49c405,100%,0,11622,11622,0,0,0,11622
0x54f93e,100%,0,5827,5827,0,0,0,5827
0x5a1349,100%,0,11642,11642,0,0,0,11642
0x54f8e9,100%,0,5827,5827,5827,0,0,0
0x54f8e2,100%,0,5827,5827,0,0,0,5827
0x54f86c,100%,0,5827,5827,5827,0,0,0
0x48914c,100%,0,5827,5827,0,0,0,5827
0x60c38b,100%,0,3,3,3,0,0,0
0x61a6fe,100%,0,59,59,0,0,0,59
0x7b1920,100%,0,19,19,0,0,0,19
0x61a50a,100%,0,59,59,0,0,0,59
0x54bf93,100%,0,12,12,12,0,0,0
0x49b0fb,100%,0,20,20,20,0,0,0
0x48854a,100%,0,8,8,0,0,0,8
0x5ec72f,100%,0,24,24,0,0,0,24
0x638a02,100%,0,17413,17413,0,0,0,17413
0x644a77,100%,0,23202,23202,0,0,0,23202
0x7b35dd,100%,0,12337,12337,12337,0,0,0
0x638a3f,100%,0,17413,17413,0,0,0,17413
0x7b2fe5,100%,0,12337,12337,0,0,0,12337
0x7b2fd7,100%,0,12337,12337,12337,0,0,0
0x4aa167,100%,0,12,12,0,0,0,12
0x4a96ea,100%,0,12,12,12,0,0,0
0x4a968d,100%,0,12,12,12,0,0,0
0x4f0dd9,100%,0,20,20,0,0,0,20
0x4f0d69,100%,0,20,20,0,0,0,20
0x4991e4,100%,0,59,59,0,0,0,59
0x683f81,100%,0,12,12,12,0,0,0
0x683eb8,100%,0,12,12,0,0,0,12
0x683cff,100%,0,12,12,0,0,0,12
0x683cd0,100%,0,12,12,12,0,0,0
0x683ccb,100%,0,12,12,0,0,0,12
0x683cc2,100%,0,12,12,0,0,0,12
0x49b1bf,100%,0,12,12,0,0,0,12
0x4ea7af,100%,0,1,1,0,0,0,1
0x49b04d,100%,0,32,32,12,0,0,20
0x5dca54,100%,0,5807,5807,0,0,0,5807
0x499b26,100%,0,28,28,0,0,0,28
0x49568f,100%,0,11622,11622,11622,0,0,0
0x5a1560,100%,0,11622,11622,0,0,0,11622
0x5a13b1,100%,0,11622,11622,11622,0,0,0
0x461013,100%,0,8,8,0,0,0,8
0x4866c7,100%,0,8,8,0,0,0,8
0x4866bb,100%,0,8,8,0,0,0,8
0x486678,100%,0,8,8,0,0,0,8
0x460799,100%,0,8,8,0,0,0,8
0x639c5c,100%,0,9,9,9,0,0,0
0x4868ea,100%,0,8,8,0,0,0,8
0x48650f,100%,0,8,8,0,0,0,8
0x486506,100%,0,8,8,0,0,0,8
0x4864fd,100%,0,8,8,0,0,0,8
0x4b5aab,100%,0,11586,11586,0,0,0,11586
0x486481,100%,0,8,8,0,0,0,8
0x7b3797,100%,0,129,129,0,0,0,129
0x486454,100%,0,8,8,0,0,0,8
0x48616e,100%,0,5803,5803,0,0,0,5803
0x4866f1,100%,0,8,8,0,0,0,8
0x486773,100%,0,8,8,0,0,0,8
0x645e2b,100%,0,32,32,0,0,0,32
0x5e94d5,100%,0,52,52,0,0,0,52
0x5ea01c,100%,0,52,52,52,0,0,0
0x63912f,100%,0,1283,1283,1283,0,0,0
0x7b5145,100%,0,33407,33407,0,0,0,33407
0x674d99,100%,0,29,29,0,0,0,29
0x415750,100%,0,16,16,0,0,0,16
0x5d0ae6,100%,0,29,29,0,0,0,29
0x60c131,100%,0,9,9,0,0,0,9
0x645970,100%,0,32,32,32,0,0,0
0x63877c,100%,0,11605,11605,0,0,0,11605
0x54ed27,100%,0,5889,5889,0,0,0,5889
0x48c927,100%,0,1,1,0,0,0,1
0x495745,100%,0,11642,11642,11642,0,0,0
0x488087,100%,0,8,8,0,0,0,8
0x644b9b,100%,0,23202,23202,23202,0,0,0
0x485ff9,100%,0,8,8,0,0,0,8
0x48fbf2,100%,0,8,8,0,0,0,8
0x486142,100%,0,11594,11594,0,0,0,11594
0x486136,100%,0,11594,11594,0,0,0,11594
0x48617d,100%,0,5803,5803,0,0,0,5803
0x5e4b26,100%,0,8,8,0,0,0,8
0x4862cf,100%,0,8,8,8,0,0,0
0x4862b0,100%,0,8,8,0,0,0,8
0x48629e,100%,0,8,8,0,0,0,8
0x4861d6,100%,0,8,8,0,0,0,8
0x48851b,100%,0,8,8,0,0,0,8
0x63a302,100%,0,9,9,0,0,0,9
0x5e3945,100%,0,5807,5807,0,0,0,5807
0x4b59c0,100%,0,5798,5798,0,0,0,5798
0x5e99a2,100%,0,3,3,3,0,0,0
0x5e9993,100%,0,3,3,0,0,0,3
0x4b5a8f,100%,0,11586,11586,0,0,0,11586
0x461004,100%,0,8,8,0,0,0,8
0x460f97,100%,0,8,8,0,0,0,8
0x460f35,100%,0,8,8,8,0,0,0
0x460f26,100%,0,8,8,0,0,0,8
0x460801,100%,0,8,8,0,0,0,8
0x4607ec,100%,0,8,8,0,0,0,8
0x4607ad,100%,0,8,8,0,0,0,8
0x486192,100%,0,5803,5803,0,0,0,5803
0x486767,100%,0,8,8,0,0,0,8
0x4e8dbb,100%,0,1,1,1,0,0,0
0x645b68,100%,0,32,32,0,0,0,32
0x64596b,100%,0,32,32,0,0,0,32
0x5e3316,100%,0,32,32,0,0,0,32
0x4eab14,100%,0,1,1,0,0,0,1
0x4eaaec,100%,0,1,1,0,0,0,1
0x4ea7f6,100%,0,1,1,0,0,0,1
0x4eab6d,100%,0,1,1,0,0,0,1
0x46031f,100%,0,4,4,0,0,0,4
0x4e9141,100%,0,3,3,0,0,0,3
0x4e91c8,100%,0,2,2,0,0,0,2
0x4ecffe,100%,0,1,1,0,0,0,1
0x4b5ee9,100%,0,8,8,0,0,0,8
0x4ed01a,100%,0,1,1,0,0,0,1
0x4e8a1e,100%,0,1,1,0,0,0,1
0x487fd0,100%,0,8,8,0,0,0,8
0x48cbb8,100%,0,3,3,0,0,0,3
0x48caf0,100%,0,3,3,0,0,0,3
0x48c99c,100%,0,3,3,0,0,0,3
0x4926dd,100%,0,5,5,5,0,0,0
0x491817,100%,0,5,5,5,0,0,0
0x649f4f,100%,0,15,15,0,0,0,15
0x7b406e,100%,0,97,97,0,0,0,97
0x4947ca,100%,0,7,7,0,0,0,7
0x4e8c46,100%,0,1,1,1,0,0,0
0x4ea900,100%,0,1,1,1,0,0,0
0x49087d,100%,0,5,5,5,0,0,0
0x49082d,100%,0,5,5,0,0,0,5
0x4a740d,100%,0,41,41,41,0,0,0
0x63a595,100%,0,9,9,9,0,0,0
0x676e0a,100%,0,8,8,0,0,0,8
0x7b4079,100%,0,97,97,0,0,0,97
0x7b22bb,100%,0,38,38,0,0,0,38
0x49865b,100%,0,8,8,0,0,0,8
0x6441fe,100%,0,8,8,0,0,0,8
0x4888e0,100%,0,8,8,8,0,0,0
0x54ad3f,100%,0,8,8,8,0,0,0
0x488856,100%,0,8,8,8,0,0,0
0x48855b,100%,0,8,8,0,0,0,8
0x488047,100%,0,8,8,8,0,0,0
0x40683f,100%,0,8,8,0,0,0,8
0x40682d,100%,0,8,8,8,0,0,0
0x4067d0,100%,0,8,8,8,0,0,0
0x487fb6,100%,0,8,8,0,0,0,8
0x676ebf,100%,0,24,24,24,0,0,0
0x63a397,100%,0,9,9,0,0,0,9
0x676dfb,100%,0,40,40,0,0,0,40
0x676dca,100%,0,8,8,0,0,0,8
0x645ed3,100%,0,32,32,32,0,0,0
0x645eb2,100%,0,32,32,32,0,0,0
0x645e49,100%,0,32,32,0,0,0,32
0x645d87,100%,0,32,32,0,0,0,32
0x7b405f,100%,0,97,97,0,0,0,97
0x4b5d71,100%,0,16,16,0,0,0,16
0x676e00,100%,0,40,40,32,0,0,8
0x4b5cf0,100%,0,16,16,16,0,0,0
0x45f8ee,100%,0,24,24,0,0,0,24
0x4b5ce0,100%,0,16,16,0,0,0,16
0x4b5cce,100%,0,16,16,0,0,0,16
0x644a68,100%,0,23202,23202,0,0,0,23202
0x4b5a9c,100%,0,11586,11586,0,0,0,11586
0x4b5a80,100%,0,11586,11586,0,0,0,11586
0x4b5a47,100%,0,11586,11586,0,0,0,11586
0x4b5a19,100%,0,11586,11586,0,0,0,11586
0x645d78,100%,0,32,32,0,0,0,32
0x4b59e6,100%,0,5798,5798,0,0,0,5798
0x486804,100%,0,28984,28984,28984,0,0,0
0x5e2d99,100%,0,5795,5795,5795,0,0,0
0x4893e3,100%,0,5807,5807,5807,0,0,0
0x644cfe,100%,0,23202,23202,23202,0,0,0
0x644cb0,100%,0,23202,23202,0,0,0,23202
0x644b48,100%,0,23202,23202,23202,0,0,0
0x644b28,100%,0,23202,23202,0,0,0,23202
0x644b1b,100%,0,23202,23202,0,0,0,23202
0x4b5ae6,100%,0,11586,11586,11586,0,0,0
0x485f8d,100%,0,5807,5807,5807,0,0,0
0x485f7e,100%,0,5807,5807,0,0,0,5807
0x5dcacf,100%,0,5807,5807,0,0,0,5807
0x5dcaca,100%,0,5807,5807,0,0,0,5807
0x5dcaa9,100%,0,5807,5807,5807,0,0,0
0x644953,100%,0,23202,23202,23202,0,0,0
0x644873,100%,0,23202,23202,0,0,0,23202
0x644858,100%,0,23202,23202,0,0,0,23202
0x644827,100%,0,23202,23202,23202,0,0,0
0x644670,100%,0,23202,23202,23202,0,0,0
0x5dad2c,100%,0,11602,11602,11602,0,0,0
0x45c886,100%,0,52,52,0,0,0,52
0x45c7a8,100%,0,50,50,0,0,0,50
0x5d8f59,100%,0,24,24,24,0,0,0
0x638d0c,100%,0,1283,1283,0,0,0,1283
0x4a9aef,100%,0,9,9,9,0,0,0
0x63a1e3,100%,0,9,9,9,0,0,0
0x63a0b7,100%,0,9,9,9,0,0,0
0x639f1f,100%,0,9,9,0,0,0,9
0x639ef0,100%,0,9,9,9,0,0,0
0x639ee2,100%,0,9,9,0,0,0,9
0x64e27c,100%,0,334,334,0,0,0,334
0x48852e,100%,0,8,8,0,0,0,8
0x64e20f,100%,0,10692,10692,10692,0,0,0
0x64e178,100%,0,10692,10692,0,0,0,10692
0x64e147,100%,0,10692,10692,10692,0,0,0
0x406ab1,100%,0,5377,5377,0,0,0,5377
0x639261,100%,0,1283,1283,1283,0,0,0
0x6390d3,100%,0,1283,1283,0,0,0,1283
0x5ea155,100%,0,159,159,0,0,0,159
0x638797,100%,0,11605,11605,0,0,0,11605
0x550c10,100%,0,5795,5795,0,0,0,5795
0x550be5,100%,0,5795,5795,0,0,0,5795
0x550a5a,100%,0,5795,5795,0,0,0,5795
0x550a17,100%,0,5795,5795,0,0,0,5795
0x550731,100%,0,5795,5795,5795,0,0,0
0x5505fe,100%,0,5795,5795,5795,0,0,0
0x5505c3,100%,0,5795,5795,0,0,0,5795
0x550458,100%,0,5795,5795,0,0,0,5795
0x5d901e,100%,0,9,9,9,0,0,0
0x638c9f,100%,0,17413,17413,17413,0,0,0
0x4b5b47,100%,0,11586,11586,0,0,0,11586
0x4b5b21,100%,0,11586,11586,0,0,0,11586
0x676e0f,100%,0,8,8,8,0,0,0
0x5eadf3,100%,0,8,8,0,0,0,8
0x45c7b6,100%,0,50,50,50,0,0,0
0x7b50fc,100%,0,33407,33407,0,0,0,33407
0x7b1c24,100%,0,12480,12480,0,0,0,12480
0x7b50c3,100%,0,33407,33407,0,0,0,33407
0x7b1ad3,100%,0,35391,35391,0,0,0,35391
0x7b34a2,100%,0,738,738,0,0,0,738
0x638efc,100%,0,18124,18124,18124,0,0,0
0x64ce12,100%,0,12685,12685,0,0,0,12685
0x64ce17,100%,0,12685,12685,0,0,0,12685
0x7a6409,100%,0,29,29,0,0,0,29
0x64c570,100%,0,9,9,9,0,0,0
0x64cea7,100%,0,20319,20319,0,0,0,20319
0x7b573a,100%,0,35391,35391,0,0,0,35391
0x60cf8c,100%,0,12,12,12,0,0,0
0x48668a,100%,0,8,8,8,0,0,0
0x45ba5e,100%,0,8,8,0,0,0,8
0x5a0973,100%,0,20508,20508,0,0,0,20508
0x7b30c2,100%,0,5868,5868,0,0,0,5868
0x7b1399,100%,0,5868,5868,0,0,0,5868
0x4a766a,100%,0,170,170,0,0,0,170
0x4996a8,100%,0,37242,37242,0,0,0,37242
0x4e8475,100%,0,1,1,1,0,0,0
0x7b512b,100%,0,33407,33407,0,0,0,33407
0x486226,100%,0,8,8,0,0,0,8
0x5ea661,100%,0,16,16,0,0,0,16
0x638eb7,100%,0,2879813,2879813,0,0,0,2879813
0x674e26,100%,0,29,29,0,0,0,29
0x7a639a,100%,0,29,29,0,0,0,29
0x4866d9,100%,0,8,8,0,0,0,8
0x60ce4a,100%,0,12,12,12,0,0,0
0x41597f,100%,0,16,16,16,0,0,0
0x406b22,100%,0,33910,33910,0,0,0,33910
0x45b9ff,100%,0,61,61,0,0,0,61
0x48853e,100%,0,8,8,0,0,0,8
0x4861e2,100%,0,8,8,0,0,0,8
0x5d0b89,100%,0,14848,14848,0,0,0,14848
0x7bd864,100%,0,29,29,29,0,0,0
0x7b1c32,100%,0,12480,12480,0,0,0,12480
0x5a15be,100%,0,6856,6856,0,0,0,6856
0x7b1d39,100%,0,12480,12480,12480,0,0,0
0x54ce50,100%,0,12,12,0,0,0,12
0x48c9a5,100%,0,3,3,0,0,0,3
0x48c9fe,100%,0,3,3,0,0,0,3
0x7b3666,100%,0,122,122,0,0,0,122
0x7b1cf3,100%,0,12480,12480,0,0,0,12480
0x4a97c2,100%,0,9,9,0,0,0,9
0x7b2027,100%,0,12480,12480,12480,0,0,0
0x7b33c8,100%,0,1017,1017,1017,0,0,0
0x638e22,100%,0,19406,19406,0,0,0,19406
0x64ce08,100%,0,12685,12685,0,0,0,12685
0x4b5a56,100%,0,11586,11586,11586,0,0,0
0x64466b,100%,0,23202,23202,0,0,0,23202
0x54dff7,100%,0,24238,24238,0,0,0,24238
0x7a64bc,100%,0,29,29,0,0,0,29
0x7b1f55,100%,0,12480,12480,0,0,0,12480
0x45fa28,100%,0,24,24,24,0,0,0
0x485f99,100%,0,5807,5807,0,0,0,5807
0x416517,100%,0,16,16,0,0,0,16
0x66f364,100%,0,495,495,495,0,0,0
0x64df90,100%,0,10692,10692,10692,0,0,0
0x4b5bb0,100%,0,11586,11586,11586,0,0,0
0x5dc984,100%,0,11594,11594,0,0,0,11594
0x7b1b57,100%,0,22911,22911,0,0,0,22911
0x7b1b9f,100%,0,22911,22911,22911,0,0,0
0x7b1bb3,100%,0,9852,9852,9852,0,0,0
0x48cba9,100%,0,3,3,0,0,0,3
0x7b4247,100%,0,6980,6980,0,0,0,6980
0x7b1ac9,100%,0,35391,35391,0,0,0,35391
0x4607d6,100%,0,8,8,0,0,0,8
0x498589,100%,0,8,8,8,0,0,0
0x64d04f,100%,0,433,433,433,0,0,0
0x7b1c8a,100%,0,16,16,0,0,0,16
0x7b1b07,100%,0,22911,22911,0,0,0,22911
0x49972f,100%,0,17688,17688,0,0,0,17688
0x5ea4b1,100%,0,8,8,0,0,0,8
0x4e8e76,100%,0,1,1,0,0,0,1
0x486449,100%,0,8,8,0,0,0,8
0x63918f,100%,0,1283,1283,1283,0,0,0
0x4a70d4,100%,0,165,165,165,0,0,0
0x64c6a8,100%,0,9,9,0,0,0,9
0x460fbd,100%,0,8,8,8,0,0,0
0x64d0fb,100%,0,506110,506110,506110,0,0,0
0x488580,100%,0,40,40,32,0,0,8
0x617d68,100%,0,165,165,165,0,0,0
0x7a63d1,100%,0,29,29,29,0,0,0
0x64c562,100%,0,9,9,0,0,0,9
0x6840d2,100%,0,12,12,0,0,0,12
0x638e27,100%,0,19406,19406,0,0,0,19406
0x4ebee7,100%,0,3,3,0,0,0,3
0x645b37,100%,0,32,32,32,0,0,0
0x4168e1,100%,0,16,16,16,0,0,0
0x4863fe,100%,0,8,8,0,0,0,8
0x5ea00e,100%,0,55,55,0,0,0,55
0x5dfcc2,100%,0,37,37,0,0,0,37
0x547d1c,100%,0,16,16,0,0,0,16
0x5dc81a,100%,0,54288,54288,0,0,0,54288
0x4aa06f,100%,0,9,9,9,0,0,0
0x486462,100%,0,8,8,0,0,0,8
0x7b14a7,100%,0,133,133,0,0,0,133
0x638e18,100%,0,19406,19406,0,0,0,19406
0x7b1b18,100%,0,22911,22911,0,0,0,22911
0x4926d4,100%,0,5,5,0,0,0,5
0x68e8ab,100%,0,29,29,0,0,0,29
0x63a547,100%,0,9,9,0,0,0,9
0x7b5113,100%,0,33407,33407,0,0,0,33407
0x4f0d45,100%,0,20,20,0,0,0,20
0x7b1c6b,100%,0,18,18,0,0,0,18
0x644662,100%,0,23202,23202,0,0,0,23202
0x674e0b,100%,0,29,29,0,0,0,29
0x649edc,100%,0,6755,6755,0,0,0,6755
0x7b3489,100%,0,7048,7048,0,0,0,7048
0x7b1ba9,100%,0,22911,22911,0,0,0,22911
0x64999d,100%,0,9,9,0,0,0,9
0x4a97a9,100%,0,12,12,0,0,0,12
0x674251,100%,0,29,29,0,0,0,29
0x45f8cc,100%,0,24,24,0,0,0,24
0x63a104,100%,0,9,9,0,0,0,9
0x7b2f7a,100%,0,33407,33407,0,0,0,33407
0x64df8b,100%,0,10692,10692,0,0,0,10692
0x5ec48f,100%,0,16,16,0,0,0,16
0x60c361,100%,0,9,9,0,0,0,9
0x48fb81,100%,0,8,8,0,0,0,8
0x64cc6a,100%,0,5555670,5555670,0,0,0,5555670
0x45ba52,100%,0,8,8,0,0,0,8
0x64d063,100%,0,12685,12685,0,0,0,12685
0x67447a,100%,0,29,29,29,0,0,0
0x5e948b,100%,0,52,52,0,0,0,52
0x54a365,100%,0,29055,29055,0,0,0,29055
0x7b5140,100%,0,33407,33407,0,0,0,33407
0x6448ef,100%,0,23202,23202,23202,0,0,0
0x4a9667,100%,0,12,12,12,0,0,0
0x64dfbf,100%,0,10692,10692,0,0,0,10692
0x64df82,100%,0,10692,10692,0,0,0,10692
0x7b32db,100%,0,12875,12875,0,0,0,12875
0x7b1cb3,100%,0,10625,10625,0,0,0,10625
0x487f7b,100%,0,8,8,0,0,0,8
0x7b373b,100%,0,8080,8080,0,0,0,8080
0x7b3248,100%,0,1510,1510,0,0,0,1510
0x7b31a8,100%,0,20419,20419,0,0,0,20419
0x7ac01b,100%,0,29,29,0,0,0,29
0x63a3c9,100%,0,9,9,0,0,0,9
0x63a3ab,100%,0,9,9,0,0,0,9
0x7b1bae,100%,0,22911,22911,13059,0,0,9852
0x60c375,100%,0,9,9,0,0,0,9
0x5a101a,100%,0,52319,52319,0,0,0,52319
0x487b9b,100%,0,34,34,9,0,0,25
0x4863f6,100%,0,8,8,0,0,0,8
0x675197,100%,0,29,29,0,0,0,29
0x4e89da,100%,0,1,1,1,0,0,0
0x4a75eb,100%,0,170,170,170,0,0,0
0x7b22b4,100%,0,38,38,0,0,0,38
0x406b70,100%,0,2201,2201,0,0,0,2201
0x5dfc64,100%,0,11602,11602,0,0,0,11602
0x415f21,100%,0,16,16,0,0,0,16
0x638cd1,100%,0,17413,17413,17413,0,0,0
0x4a71eb,100%,0,112,112,0,0,0,112
0x5a1459,100%,0,29055,29055,0,0,0,29055
0x4a7d4a,100%,0,24,24,24,0,0,0
0x5d0ac2,100%,0,29,29,0,0,0,29
0x7b575c,100%,0,35391,35391,35391,0,0,0
0x684188,100%,0,12,12,0,0,0,12
0x66f3ea,100%,0,330,330,0,0,0,330
0x5a1ff9,100%,0,23377,23377,0,0,0,23377
0x5a0e3d,100%,0,32,32,0,0,0,32
0x4a71ce,100%,0,112,112,0,0,0,112
0x644c9c,100%,0,23202,23202,23202,0,0,0
0x490be6,100%,0,5,5,0,0,0,5
0x60c8e0,100%,0,12,12,12,0,0,0
0x486814,100%,0,28984,28984,0,0,0,28984
0x60c8d2,100%,0,12,12,0,0,0,12
0x49c014,100%,0,5807,5807,0,0,0,5807
0x644a72,100%,0,23202,23202,0,0,0,23202
0x4067c2,100%,0,8,8,0,0,0,8
0x60cce8,100%,0,12,12,0,0,0,12
0x4a71b3,100%,0,165,165,165,0,0,0
0x460f6f,100%,0,8,8,8,0,0,0
0x5d0acb,100%,0,29,29,0,0,0,29
0x460308,100%,0,4,4,0,0,0,4
0x67e918,100%,0,9,9,9,0,0,0
0x64469f,100%,0,23202,23202,0,0,0,23202
0x4e1639,100%,0,165,165,0,0,0,165
0x60cad8,100%,0,12,12,0,0,0,12
0x64d11c,100%,0,12252,12252,12252,0,0,0
0x54ab9b,100%,0,16,16,0,0,0,16
0x638db2,100%,0,1283,1283,0,0,0,1283
0x5d788b,100%,0,37,37,0,0,0,37
0x5a0da9,100%,0,32,32,32,0,0,0
0x64e322,100%,0,334,334,0,0,0,334
0x499287,100%,0,59,59,0,0,0,59
0x486822,100%,0,28984,28984,0,0,0,28984
0x676e33,100%,0,8,8,0,0,0,8
0x5a0ff5,100%,0,52339,52339,52319,0,0,20
0x5e0a67,100%,0,11602,11602,0,0,0,11602
0x5e2d65,100%,0,23202,23202,0,0,0,23202
0x7b1c13,100%,0,12480,12480,0,0,0,12480
0x6840c8,100%,0,12,12,0,0,0,12
0x4a97ec,100%,0,9,9,0,0,0,9
0x460a73,100%,0,3,3,0,0,0,3
0x4a75dd,100%,0,170,170,0,0,0,170
0x7b25f3,100%,0,12480,12480,12480,0,0,0
0x7b201a,100%,0,12480,12480,0,0,0,12480
0x4a81d4,100%,0,16,16,16,0,0,0
0x64ccae,100%,0,6302,6302,0,0,0,6302
0x535cd1,100%,0,59,59,59,0,0,0
0x4996e0,100%,0,17579,17579,0,0,0,17579
0x7b1b2a,100%,0,22911,22911,0,0,0,22911
0x645962,100%,0,32,32,0,0,0,32
0x5ec475,100%,0,16,16,16,0,0,0
0x60cd9b,100%,0,12,12,0,0,0,12
0x4a821a,100%,0,8,8,0,0,0,8
0x617e9f,100%,0,165,165,0,0,0,165
0x49470e,100%,0,7,7,0,0,0,7
0x6f7b5f,100%,0,29,29,29,0,0,0
0x64d25f,100%,0,12252,12252,12252,0,0,0
0x64d1aa,100%,0,12252,12252,0,0,0,12252
0x461666,100%,0,9,9,0,0,0,9
0x674e5c,100%,0,29,29,0,0,0,29
0x7b203a,100%,0,12480,12480,0,0,0,12480
0x6ee3e3,100%,0,35390,35390,0,0,0,35390
0x64cc64,100%,0,5555670,5555670,0,0,0,5555670
0x45c756,100%,0,26,26,0,0,0,26
0x63a3b8,100%,0,9,9,0,0,0,9
0x5e7a65,100%,0,17422,17422,0,0,0,17422
0x64d187,100%,0,12252,12252,12252,0,0,0
0x6391af,100%,0,1283,1283,1283,0,0,0
0x4b5adc,100%,0,11586,11586,0,0,0,11586
0x6386a5,100%,0,19407,19407,0,0,0,19407
0x49b3c6,100%,0,12,12,0,0,0,12
0x7b1c95,100%,0,12480,12480,0,0,0,12480
0x4a76d5,100%,0,36,36,36,0,0,0
0x64cca9,100%,0,6302,6302,0,0,0,6302
0x4aad21,100%,0,8,8,0,0,0,8
0x646015,100%,0,32,32,32,0,0,0
0x48641a,100%,0,8,8,8,0,0,0
