Branch PC,Accuracy,Mispredictions,Correct Predictions,Total,dir_t_pred_t,dir_t_pred_nt,dir_nt_pred_t,dir_nt_pred_nt
aggregate,99.7106%,134516,46351470,46485986,12969136,54884,79632,33382334
0x638ed8,99.2385%,34020,4433217,4467237,4120159,11393,22627,313058
0x64cc86,99.7313%,11567,4293522,4305089,4293353,397,11170,169
0x406ce1,84.0707%,10189,53775,63964,28550,2241,7948,25225
0x7b358e,92.9492%,9515,125435,134950,120436,2114,7401,4999
0x64d0d3,97.3386%,9020,329902,338922,161668,4721,4299,168234
0x406c31,84.4425%,6181,33549,39730,27140,2546,3635,6409
0x64cc75,99.8663%,5765,4305065,4310830,36,5705,60,4305029
0x64cec8,81.9685%,5005,22752,27757,16316,1746,3259,6436
0x678c33,98.2822%,4764,272564,277328,32777,2576,2188,239787
0x64cca3,59.1072%,3536,5111,8647,159,2715,821,4952
0x64cc9d,75.2938%,2838,8649,11487,45,2795,43,8604
0x64d0f2,98.6616%,2227,164162,166389,8344,1720,507,155818
0x406c06,97.9669%,2006,96660,98666,87058,783,1223,9602
0x7b327b,71.1271%,1970,4853,6823,4207,892,1078,646
0x406c39,86.3011%,1574,9916,11490,42,1424,150,9874
0x638eec,99.5686%,1448,334237,335685,319611,193,1255,14626
0x406b67,87.6588%,1418,10072,11490,9736,490,928,336
0x7b3597,88.9516%,1370,11030,12400,7253,659,711,3777
0x638d03,92.4482%,1340,16404,17744,16391,48,1292,13
0x638ecb,99.9707%,1309,4467233,4468542,0,1305,4,4467233
0x638f7a,91.8456%,1295,14586,15881,14580,58,1237,6
0x406c0b,89.5213%,1204,10286,11490,702,744,460,9584
0x7b1ca1,89.6904%,1059,9213,10272,298,731,328,8915
0x7b347d,92.1694%,971,11429,12400,4657,576,395,6772
0x7b320a,95.3886%,864,17872,18736,10791,526,338,7081
0x7b1cd3,91.8208%,756,8487,9243,37,626,130,8450
0x7b321b,92.3575%,567,6852,7419,6767,56,511,85
0x7b303a,96.4116%,551,14804,15355,4514,240,311,10290
0x406d92,96.4685%,445,12156,12601,12151,32,413,5
0x7b3236,93.2397%,385,5310,5695,4760,94,291,550
0x7b37f9,95.2062%,365,7249,7614,5342,141,224,1907
0x64e273,96.8221%,349,10633,10982,10633,6,343,0
0x7b3496,95.3118%,336,6831,7167,5463,180,156,1368
0x7b1d08,96.9918%,309,9963,10272,1120,138,171,8843
0x7b3806,96.0993%,297,7317,7614,335,239,58,6982
0x7b31b5,98.9903%,293,28725,29018,7754,199,94,20971
0x64a793,99.9592%,258,631497,631755,53688,208,50,577809
0x64a748,99.8347%,239,144384,144623,37263,102,137,107121
0x7b3774,97.0046%,237,7675,7912,328,203,34,7347
0x7b2fc5,99.0707%,217,23134,23351,9924,118,99,13210
0x7b13d8,99.6491%,194,55086,55280,7095,125,69,47991
0x64ccea,98.8801%,193,17041,17234,6693,117,76,10348
0x7b1b7f,99.1821%,191,23161,23352,12330,114,77,10831
0x7b337d,92.0259%,185,2135,2320,20,134,51,2115
0x7b1af5,99.4647%,180,33444,33624,10199,73,107,23245
0x7b3323,96.4699%,180,4919,5099,46,109,71,4873
0x4ab909,98.7683%,168,13472,13640,13307,17,151,165
0x406b91,98.6075%,160,11330,11490,563,102,58,10767
0x4a76b9,98.8723%,151,13239,13390,13210,33,118,29
0x7b3610,97.2856%,150,5376,5526,4940,57,93,436
0x7b32e4,95.602%,122,2652,2774,2634,14,108,18
0x7b3354,95.0454%,120,2302,2422,4,98,22,2298
0x5ea1d4,92.689%,118,1496,1614,1448,30,88,48
0x678c38,99.9545%,110,241865,241975,52642,54,56,189223
0x406b4d,99.7229%,96,34543,34639,23117,32,64,11426
0x7b3251,89.0459%,93,756,849,63,63,30,693
0x7b1469,99.0842%,92,9954,10046,7175,45,47,2779
0x7b34af,94.357%,86,1438,1524,1257,35,51,181
0x64cebb,99.7858%,81,37740,37821,10027,37,44,27713
0x4996c7,99.7764%,79,35250,35329,17360,37,42,17890
0x64a777,99.8593%,76,53948,54024,91,37,39,53857
0x7b2fa5,99.7777%,76,34116,34192,10807,34,42,23309
0x45f97f,93.1839%,73,998,1071,703,26,47,295
0x64ccb7,99.1558%,73,8574,8647,2901,47,26,5673
0x45f909,96.2843%,69,1788,1857,1787,22,47,1
0x64ced9,99.2883%,69,9626,9695,9297,38,31,329
0x617d49,87.5706%,66,465,531,330,29,37,135
0x7b151b,99.8915%,60,55220,55280,49730,22,38,5490
0x64cbce,99.6684%,59,17734,17793,10953,29,30,6781
0x66db99,97.8832%,58,2682,2740,1674,29,29,1008
0x7b3020,99.7318%,56,20827,20883,5501,27,29,15326
0x7b1490,99.4426%,56,9990,10046,9977,18,38,13
0x678c13,99.9806%,54,278334,278388,35810,43,11,242524
0x7b361a,89.9811%,53,476,529,473,15,38,3
0x4ab7f9,89.4737%,52,442,494,148,34,18,294
0x64cc51,99.6983%,52,17182,17234,97,51,1,17085
0x5a1401,99.9408%,49,82678,82727,29528,10,39,53150
0x66dbd4,95.3713%,48,989,1037,536,24,24,453
0x498413,99.9555%,42,94375,94417,47744,22,20,46631
0x66dbb9,98.7519%,41,3244,3285,2221,27,14,1023
0x64a754,99.9618%,41,107217,107258,53219,15,26,53998
0x649a4c,99.7835%,39,17978,18017,1130,22,17,16848
0x4602f1,92.7063%,38,483,521,191,22,16,292
0x66dbe3,92.2432%,37,440,477,288,21,16,152
0x7b31e7,99.8244%,37,21028,21065,15927,24,13,5101
0x4ad6cc,89.5522%,35,300,335,109,22,13,191
0x64a0b9,92.9032%,33,432,465,271,15,18,161
0x4a6fd9,80.814%,33,139,172,111,16,17,28
0x538db4,84.058%,33,174,207,156,16,17,18
0x674e57,99.1927%,31,3809,3840,3805,5,26,4
0x4069e7,99.9236%,31,40537,40568,34630,9,22,5907
0x499719,99.8278%,31,17971,18002,14,18,13,17957
0x7d2236,99.5253%,30,6290,6320,5893,16,14,397
0x5d0c0a,99.8047%,30,15330,15360,15330,0,30,0
0x498459,99.9378%,29,46622,46651,23854,19,10,22768
0x649a90,99.828%,29,16836,16865,10975,19,10,5861
0x4a7249,93.5698%,29,422,451,268,11,18,154
0x64cf6f,91.9444%,29,331,360,309,4,25,22
0x4ab8e0,99.7874%,29,13611,13640,13611,1,28,0
0x45b74f,69.5652%,28,64,92,18,17,11,46
0x4dbff5,91.358%,28,296,324,170,17,11,126
0x4a76ad,99.7988%,27,13395,13422,10,22,5,13385
0x45bdbf,72.6316%,26,69,95,33,11,15,36
0x7b3347,99.4694%,25,4687,4712,2276,14,11,2411
0x547d3a,93.8119%,25,379,404,375,6,19,4
0x4157a8,94.0594%,24,380,404,373,8,16,7
0x54afc8,83.6879%,23,118,141,42,15,8,76
0x7b31ec,99.5503%,23,5091,5114,4699,13,10,392
0x7b3788,99.7093%,23,7889,7912,7600,14,9,289
0x4a80b9,94.3069%,23,381,404,371,10,13,10
0x7b32e6,82.5397%,22,104,126,1,19,3,103
0x5ea1b3,98.6369%,22,1592,1614,1455,12,10,137
0x7b1c4a,99.7858%,22,10250,10272,10250,2,20,0
0x7b363a,66.6667%,21,42,63,9,13,8,33
0x4069f0,99.6458%,21,5908,5929,414,12,9,5494
0x4a85b0,94.1667%,21,339,360,339,5,16,0
0x64cd2f,99.884%,20,17214,17234,11322,18,2,5892
0x7b377e,99.729%,20,7361,7381,7360,2,18,1
0x49852d,99.835%,19,11499,11518,5863,7,12,5636
0x7b3446,99.7611%,19,7934,7953,5518,8,11,2416
0x4157c8,86.9565%,18,120,138,103,12,6,17
0x649ecd,99.9151%,16,18829,18845,12048,12,4,6781
0x5d8eff,77.9412%,15,53,68,33,7,8,20
0x4a73b7,91.8605%,14,158,172,41,13,1,117
0x7b14c3,72.549%,14,37,51,4,5,9,33
0x460287,98.6705%,14,1039,1053,324,8,6,715
0x678c20,99.9942%,14,242521,242535,53244,10,4,189277
0x7b14cc,66.6667%,14,28,42,22,9,5,6
0x5a12f2,99.9763%,14,59150,59164,47291,5,9,11859
0x5ec7ad,99.085%,14,1516,1530,792,9,5,724
0x5ea649,91.3333%,13,137,150,130,6,7,7
0x7b143d,99.8706%,13,10033,10046,9998,4,9,35
0x7b14de,99.8805%,12,10034,10046,0,9,3,10034
0x4b5a08,99.8983%,12,11782,11794,0,8,4,11782
0x415788,90.6977%,12,117,129,100,6,6,17
0x5ea774,91.9118%,11,125,136,9,7,4,116
0x4ad764,87.9121%,11,80,91,80,11,0,0
0x649a20,99.9582%,10,23936,23946,18014,3,7,5922
0x406d73,97.6526%,10,416,426,0,8,2,416
0x5ec0af,93.6306%,10,147,157,138,4,6,9
0x4602e9,98.8914%,10,892,902,377,4,6,515
0x5a0b83,99.9154%,10,11810,11820,5889,5,5,5921
0x5ec0c3,33.3333%,10,5,15,5,10,0,0
0x7b31fd,99.952%,9,18736,18745,0,9,0,18736
0x4a7069,94.7674%,9,163,172,148,1,8,15
0x48ea16,94.7674%,9,163,172,163,2,7,0
0x45f929,97.6562%,9,375,384,329,7,2,46
0x4b59b0,99.9237%,9,11785,11794,5893,4,5,5892
0x7b369b,78.0488%,9,32,41,1,5,4,31
0x66db68,99.1354%,9,1032,1041,0,4,5,1032
0x4a71fe,90.9091%,8,80,88,46,3,5,34
0x4a7270,98.2262%,8,443,451,276,3,5,167
0x48c6d1,85.9649%,8,49,57,49,1,7,0
0x7b1cdc,99.9068%,8,8572,8580,0,8,0,8572
0x7b329d,99.536%,8,1716,1724,0,8,0,1716
0x45c8cf,76.4706%,8,26,34,4,4,4,22
0x415c5a,95.9184%,8,188,196,173,0,8,15
0x60c11c,0%,8,0,8,0,0,8,0
0x4a71f3,93.7008%,8,119,127,34,5,3,85
0x4a8079,94.5736%,7,122,129,100,6,1,22
0x45fa18,86.7925%,7,46,53,28,2,5,18
0x45c71f,76.6667%,7,23,30,10,3,4,13
0x5ec7d8,99.0398%,7,722,729,590,4,3,132
0x63a432,12.5%,7,1,8,1,7,0,0
0x4ab8a3,97.9885%,7,341,348,29,3,4,312
0x4a7d3f,66.6667%,7,14,21,0,0,7,14
0x5ea7cd,95.3333%,7,143,150,0,0,7,143
0x460efb,0%,7,0,7,0,7,0,0
0x64cc6f,99.9999%,6,4310830,4310836,0,6,0,4310830
0x5a0991,99.9646%,6,16956,16962,11261,3,3,5695
0x66dd49,90.625%,6,58,64,42,6,0,16
0x7b141a,33.3333%,6,3,9,3,4,2,0
0x535c33,82.8571%,6,29,35,29,6,0,0
0x4ab7a0,98.0769%,6,306,312,0,0,6,306
0x68d7d0,25%,6,2,8,2,6,0,0
0x45f985,98.2456%,6,336,342,290,4,2,46
0x7b17d6,80.6452%,6,25,31,0,0,6,25
0x4a7508,88.8889%,6,48,54,35,4,2,13
0x45c72d,70.5882%,5,12,17,10,5,0,2
0x4ab7cd,98.9879%,5,489,494,489,5,0,0
0x7b25f3,99.9513%,5,10267,10272,10267,5,0,0
0x45b761,91.2281%,5,52,57,44,2,3,8
0x7b3691,87.8049%,5,36,41,36,3,2,0
0x638a10,99.9718%,5,17739,17744,17739,5,0,0
0x7b30a3,99.9096%,5,5523,5528,5273,2,3,250
0x5d9185,93.0556%,5,67,72,42,2,3,25
0x415d36,78.2609%,5,18,23,18,5,0,0
0x4ab766,99.5888%,5,1211,1216,1211,3,2,0
0x460341,0%,5,0,5,0,1,4,0
0x54aeb9,92.1875%,5,59,64,59,5,0,0
0x45bd4c,94.7368%,5,90,95,72,1,4,18
0x618c01,97.3262%,5,182,187,182,5,0,0
0x498340,99.986%,5,35762,35767,35762,5,0,0
0x7b35c4,55.5556%,4,5,9,0,0,4,5
0x4e90e7,0%,4,0,4,0,3,1,0
0x5ec254,97.3333%,4,146,150,6,2,2,140
0x7b3069,99.9623%,4,10597,10601,10597,4,0,0
0x49a4dd,96.4912%,4,110,114,110,4,0,0
0x5eae5a,71.4286%,4,10,14,4,3,1,6
0x618c47,97.861%,4,183,187,183,4,0,0
0x5a08ad,99.9331%,4,5972,5976,5972,4,0,0
0x460f60,42.8571%,4,3,7,0,0,4,3
0x45f8c6,91.6667%,4,44,48,0,0,4,44
0x617aa0,99.2467%,4,527,531,527,4,0,0
0x5ec7bf,99.4513%,4,725,729,725,4,0,0
0x46167b,84%,4,21,25,4,4,0,17
0x549939,50%,4,4,8,2,4,0,2
0x7b364e,71.4286%,4,10,14,8,4,0,2
0x5ec163,97.4522%,4,153,157,148,2,2,5
0x494945,20%,4,1,5,0,3,1,1
0x487b79,92%,4,46,50,29,0,4,17
0x48942a,99.9322%,4,5899,5903,5,3,1,5894
0x48c5e4,92.9825%,4,53,57,53,4,0,0
0x48c482,73.3333%,4,11,15,4,2,2,7
0x4a74c5,97.6744%,4,168,172,39,2,2,129
0x5ec357,92.5926%,4,50,54,31,3,1,19
0x5ea155,97.0588%,4,132,136,0,0,4,132
0x4e8bb0,0%,4,0,4,0,1,3,0
0x7b1c81,80%,4,16,20,0,4,0,16
0x4e9118,0%,4,0,4,0,2,2,0
0x487b4d,92%,4,46,50,6,1,3,40
0x549929,50%,4,4,8,4,2,2,0
0x4a81a1,82.6087%,4,19,23,6,1,3,13
0x7b511c,99.9883%,4,34188,34192,34188,4,0,0
0x66dd29,95%,4,76,80,64,0,4,12
0x618987,97.6744%,4,168,172,168,4,0,0
0x5486b1,99.9662%,4,11816,11820,5893,1,3,5923
0x48c40f,57.1429%,3,4,7,0,1,2,4
0x494864,40%,3,2,5,2,3,0,0
0x45c85c,91.1765%,3,31,34,27,3,0,4
0x45bc8e,94.2308%,3,49,52,0,1,2,49
0x4a780b,98.1595%,3,160,163,160,3,0,0
0x60cb6f,62.5%,3,5,8,5,3,0,0
0x415d17,98.4694%,3,193,196,172,1,2,21
0x64ccc0,99.9649%,3,8536,8539,0,0,3,8536
0x461187,57.1429%,3,4,7,0,0,3,4
0x48c6f4,57.1429%,3,4,7,4,2,1,0
0x550be0,99.9746%,3,11818,11821,5927,0,3,5891
0x486186,99.9491%,3,5892,5895,0,0,3,5892
0x48cd27,0%,3,0,3,0,2,1,0
0x7d2242,99.2701%,3,408,411,408,3,0,0
0x538de7,92.1053%,3,35,38,0,0,3,35
0x7b1c8a,81.25%,3,13,16,0,3,0,13
0x5e6928,94.7368%,3,54,57,0,0,3,54
0x7b32bf,97.619%,3,123,126,123,3,0,0
0x7b3645,92.6829%,3,38,41,27,0,3,11
0x4a80c7,86.9565%,3,20,23,20,3,0,0
0x66dd14,86.9565%,3,20,23,5,2,1,15
0x618a47,98.2558%,3,169,172,169,3,0,0
0x4a8361,99.1667%,3,357,360,357,3,0,0
0x550b32,99.9746%,3,11818,11821,5925,2,1,5893
0x7b3670,92.6829%,3,38,41,0,0,3,38
0x4a74d1,97.7099%,3,128,131,0,0,3,128
0x7b33c8,99.8707%,3,2317,2320,2317,3,0,0
0x66efbf,99.4186%,3,513,516,513,3,0,0
0x5ea7a9,97.5%,3,117,120,117,3,0,0
0x7b2329,0%,3,0,3,0,0,3,0
0x5d0b12,99.9805%,3,15357,15360,15357,3,0,0
0x499235,95.6522%,3,66,69,31,3,0,35
0x538d67,91.4286%,3,32,35,0,0,3,32
0x550cb7,99.9498%,3,5974,5977,0,0,3,5974
0x535ba7,95.6522%,3,66,69,32,2,1,34
0x5e995e,91.4286%,3,32,35,32,3,0,0
0x5ea6c8,78.5714%,3,11,14,4,3,0,7
0x5a142f,99.9944%,3,53186,53189,23616,3,0,29570
0x4a8159,86.9565%,3,20,23,20,3,0,0
0x550af9,99.9873%,3,23639,23642,11818,3,0,11821
0x499d9d,99.0033%,3,298,301,298,3,0,0
0x5eae44,78.5714%,3,11,14,11,3,0,0
0x4a7512,80%,3,12,15,7,2,1,5
0x45fa14,94.3396%,3,50,53,0,0,3,50
0x5f7b79,98.5577%,3,205,208,205,3,0,0
0x64c321,62.5%,3,5,8,5,3,0,0
0x4a7f89,57.1429%,3,4,7,4,3,0,0
0x4868d9,78.5714%,3,11,14,5,2,1,6
0x461682,82.3529%,3,14,17,14,3,0,0
0x4a73d4,98.2558%,3,169,172,39,2,1,130
0x538e0b,0%,3,0,3,0,3,0,0
0x4aa0c8,62.5%,3,5,8,5,3,0,0
0x4a77f5,90.625%,3,29,32,13,3,0,16
0x4a86b7,99.765%,2,849,851,0,0,2,849
0x5a0d84,93.75%,2,30,32,0,0,2,30
0x7b3fe4,66.6667%,2,4,6,4,2,0,0
0x4946cd,0%,2,0,2,0,2,0,0
0x4ea6c8,0%,2,0,2,0,2,0,0
0x7b2027,99.9805%,2,10270,10272,10270,2,0,0
0x5e9f09,94.2857%,2,33,35,0,0,2,33
0x49c4af,99.9831%,2,11819,11821,11819,2,0,0
0x4a97ec,75%,2,6,8,0,0,2,6
0x486462,71.4286%,2,5,7,0,0,2,5
0x7b14a7,96.0784%,2,49,51,0,0,2,49
0x4a73f0,98.4733%,2,129,131,129,2,0,0
0x4a732b,98.8372%,2,170,172,170,2,0,0
0x48cae3,33.3333%,2,1,3,0,0,2,1
0x499e3f,98.5714%,2,138,140,138,2,0,0
0x7b14d6,99.9801%,2,10044,10046,0,0,2,10044
0x64cc64,100%,2,4310834,4310836,0,0,2,4310834
0x5f8797,99.0385%,2,206,208,0,0,2,206
0x638a02,99.9887%,2,17742,17744,0,0,2,17742
0x617d68,98.8372%,2,170,172,170,2,0,0
0x66ef8e,99.6124%,2,514,516,514,2,0,0
0x4e8bdd,0%,2,0,2,0,0,2,0
0x685b78,85.7143%,2,12,14,0,0,2,12
0x550509,99.9831%,2,11852,11854,5926,1,1,5926
0x4a7577,98.773%,2,161,163,161,2,0,0
0x45bd89,97.2603%,2,71,73,0,0,2,71
0x638fb2,99.8391%,2,1241,1243,0,0,2,1241
0x7b17e1,93.5484%,2,29,31,0,0,2,29
0x460308,0%,2,0,2,0,0,2,0
0x4863fe,71.4286%,2,5,7,0,0,2,5
0x49b3c6,75%,2,6,8,0,0,2,6
0x63a595,75%,2,6,8,6,2,0,0
0x4ed04e,33.3333%,2,1,3,1,1,1,0
0x64a76f,99.9981%,2,107256,107258,53233,1,1,54023
0x7b1403,77.7778%,2,7,9,0,0,2,7
0x4a722e,98.8372%,2,170,172,0,0,2,170
0x60cba1,75%,2,6,8,6,2,0,0
0x406d07,99.5305%,2,424,426,424,2,0,0
0x4ea81a,0%,2,0,2,0,2,0,0
0x487b9b,90.4762%,2,19,21,7,0,2,12
0x547b7c,97.1014%,2,67,69,0,0,2,67
0x644670,99.9915%,2,23594,23596,23594,2,0,0
0x486454,71.4286%,2,5,7,0,0,2,5
0x45bc9c,96.0784%,2,49,51,49,2,0,0
0x4a740d,95.122%,2,39,41,39,2,0,0
0x4864f5,71.4286%,2,5,7,0,0,2,5
0x64c67a,75%,2,6,8,6,2,0,0
0x4a70ab,91.3043%,2,21,23,0,0,2,21
0x4a8133,91.3043%,2,21,23,21,2,0,0
0x4a8094,91.3043%,2,21,23,21,2,0,0
0x460349,50%,2,2,4,0,1,1,2
0x68d908,75%,2,6,8,0,0,2,6
0x486804,99.9932%,2,29475,29477,29475,2,0,0
0x49c479,99.9831%,2,11819,11821,0,0,2,11819
0x68d7c2,75%,2,6,8,0,0,2,6
0x547d1c,91.3043%,2,21,23,0,0,2,21
0x460fa6,71.4286%,2,5,7,0,0,2,5
0x499e34,99.3355%,2,299,301,160,1,1,139
0x48c94f,33.3333%,2,1,3,1,2,0,0
0x4aad28,87.5%,2,14,16,14,2,0,0
0x48ca15,33.3333%,2,1,3,1,2,0,0
0x488087,87.5%,2,14,16,0,0,2,14
0x48c7ea,96.4912%,2,55,57,49,1,1,6
0x489340,99.9661%,2,5900,5902,0,0,2,5900
0x4607ad,71.4286%,2,5,7,0,0,2,5
0x4e8fc9,0%,2,0,2,0,2,0,0
0x46030f,0%,2,0,2,0,0,2,0
0x5e34c3,99.9661%,2,5893,5895,0,0,2,5893
0x63a1b1,75%,2,6,8,6,2,0,0
0x4a7d4a,90.4762%,2,19,21,19,2,0,0
0x4a7d8b,90.4762%,2,19,21,14,0,2,5
0x487921,94.2857%,2,33,35,21,1,1,12
0x4878b6,96%,2,48,50,0,0,2,48
0x48cdbf,50%,2,2,4,2,1,1,0
0x5504c3,99.9661%,2,5892,5894,5892,2,0,0
0x638783,99.9831%,2,11827,11829,0,0,2,11827
0x64990d,50%,2,2,4,2,2,0,0
0x61a6bf,94.1176%,2,32,34,32,2,0,0
0x49921f,94.1176%,2,32,34,0,0,2,32
0x5dfb81,99.9962%,2,52686,52688,0,0,2,52686
0x416a5b,91.3043%,2,21,23,21,2,0,0
0x5ec167,71.4286%,2,5,7,5,2,0,0
0x68d8da,75%,2,6,8,6,2,0,0
0x6841a8,75%,2,6,8,6,2,0,0
0x7b3248,99.7644%,2,847,849,0,0,2,847
0x5a15af,99.9648%,2,5678,5680,0,0,2,5678
0x485f7e,99.9661%,2,5901,5903,0,0,2,5901
0x617d05,99.6234%,2,529,531,529,2,0,0
0x63906e,99.9884%,2,17184,17186,0,0,2,17184
0x5ec1c4,98.6667%,2,148,150,148,2,0,0
0x4e8c0f,50%,2,2,4,1,1,1,1
0x4e8bf5,50%,2,2,4,0,0,2,2
0x683fb3,75%,2,6,8,6,2,0,0
0x4e9191,0%,2,0,2,0,2,0,0
0x5ec15d,98.7261%,2,155,157,0,0,2,155
0x45f9b1,99.7426%,2,775,777,728,1,1,47
0x4a75ae,98.773%,2,161,163,161,2,0,0
0x7b1cb3,99.9784%,2,9241,9243,0,0,2,9241
0x4867b8,99.9932%,2,29475,29477,29475,2,0,0
0x547aca,94.1176%,2,32,34,32,2,0,0
0x46034e,33.3333%,2,1,3,1,2,0,0
0x7b22b4,75%,2,6,8,0,0,2,6
0x460363,0%,2,0,2,0,1,1,0
0x4a7439,98.5714%,2,138,140,138,2,0,0
0x54934b,75%,2,6,8,6,2,0,0
0x487902,94.2857%,2,33,35,0,0,2,33
0x5a1357,99.9916%,2,23686,23688,23662,2,0,24
0x4e8f36,0%,2,0,2,0,2,0,0
0x5ec091,98.9189%,2,183,185,0,0,2,183
0x674207,93.3333%,2,28,30,0,0,2,28
0x49b248,91.6667%,2,22,24,0,0,2,22
0x5a0da4,93.75%,2,30,32,0,0,2,30
0x5a1353,99.9958%,2,47294,47296,23608,0,2,23686
0x5a1560,99.9915%,1,11819,11820,0,0,1,11819
0x7b1add,99.997%,1,33623,33624,0,0,1,33623
0x48c3c3,85.7143%,1,6,7,0,0,1,6
0x66f058,99.8837%,1,859,860,171,1,0,688
0x4dbf47,0%,1,0,1,0,0,1,0
0x4868ea,85.7143%,1,6,7,0,0,1,6
0x7b1b9f,99.9957%,1,23351,23352,23351,1,0,0
0x4866d9,85.7143%,1,6,7,0,0,1,6
0x6f7777,96.6667%,1,29,30,29,1,0,0
0x66f364,99.8062%,1,515,516,515,1,0,0
0x54f8e9,99.9831%,1,5926,5927,5926,1,0,0
0x5e2d65,99.9958%,1,23595,23596,0,0,1,23595
0x54cd88,87.5%,1,7,8,0,0,1,7
0x45b9ff,98.3051%,1,58,59,0,0,1,58
0x66dd61,93.75%,1,15,16,15,1,0,0
0x7b1c95,99.9903%,1,10271,10272,0,0,1,10271
0x645d78,98.4375%,1,63,64,0,0,1,63
0x495678,99.9916%,1,11843,11844,23,1,0,11820
0x49c6e6,99.9915%,1,11820,11821,11820,1,0,0
0x649e8a,99.9947%,1,18844,18845,18844,1,0,0
0x406a10,99.9818%,1,5502,5503,0,0,1,5502
0x6390e3,99.9234%,1,1304,1305,1304,1,0,0
0x5a0973,99.9941%,1,16961,16962,0,0,1,16961
0x67e918,87.5%,1,7,8,7,1,0,0
0x415f02,95.6522%,1,22,23,0,0,1,22
0x66ef6f,99.8062%,1,515,516,515,1,0,0
0x674d99,96.6667%,1,29,30,0,0,1,29
0x7b1cf3,99.9903%,1,10271,10272,0,0,1,10271
0x54da57,99.5885%,1,242,243,0,0,1,242
0x4867d1,99.9966%,1,29476,29477,29476,1,0,0
0x460f6f,85.7143%,1,6,7,6,1,0,0
0x486822,99.9966%,1,29476,29477,0,0,1,29476
0x4a7590,99.3865%,1,162,163,162,1,0,0
0x535be0,97.1429%,1,34,35,34,1,0,0
0x5ec42d,92.8571%,1,13,14,0,0,1,13
0x487836,98%,1,49,50,0,0,1,49
0x5a138c,99.9958%,1,23607,23608,11788,0,1,11819
0x6390bc,99.9942%,1,17185,17186,15881,0,1,1304
0x5553b7,98.2456%,1,56,57,0,0,1,56
0x54f93e,99.9831%,1,5926,5927,0,0,1,5926
0x4ecf6c,0%,1,0,1,0,1,0,0
0x649e7c,99.9947%,1,18844,18845,0,0,1,18844
0x684167,87.5%,1,7,8,0,0,1,7
0x6499f7,99.9958%,1,23945,23946,23945,1,0,0
0x67e975,87.5%,1,7,8,7,1,0,0
0x4996e0,99.9944%,1,17931,17932,0,0,1,17931
0x63a3d9,87.5%,1,7,8,7,1,0,0
0x674e0b,96.6667%,1,29,30,0,0,1,29
0x54cd7f,87.5%,1,7,8,0,0,1,7
0x485f8d,99.9831%,1,5902,5903,5902,1,0,0
0x45c7b6,96.1538%,1,25,26,25,1,0,0
0x4e8bce,66.6667%,1,2,3,0,1,0,2
0x63a453,87.5%,1,7,8,7,1,0,0
0x7b373b,99.9874%,1,7911,7912,0,0,1,7911
0x644b9b,99.9958%,1,23595,23596,23595,1,0,0
0x7bd972,99.5833%,1,239,240,209,1,0,30
0x64d187,99.9901%,1,10063,10064,10063,1,0,0
0x63a307,87.5%,1,7,8,0,0,1,7
0x5a0e3d,96.875%,1,31,32,0,0,1,31
0x5a13c7,99.9972%,1,35475,35476,35475,1,0,0
0x7b17c8,96.7742%,1,30,31,0,0,1,30
0x499703,99.9944%,1,18001,18002,0,0,1,18001
0x645970,98.4375%,1,63,64,63,1,0,0
0x4a726b,99.7783%,1,450,451,0,0,1,450
0x54ed27,99.9832%,1,5967,5968,0,0,1,5967
0x4a83a3,99.7222%,1,359,360,0,0,1,359
0x68d7cb,87.5%,1,7,8,0,0,1,7
0x63a533,87.5%,1,7,8,7,1,0,0
0x486481,85.7143%,1,6,7,0,0,1,6
0x5a15a3,99.9824%,1,5679,5680,0,0,1,5679
0x64d0b2,99.9904%,1,10423,10424,360,0,1,10063
0x49853e,99.983%,1,5869,5870,0,0,1,5869
0x554c67,98.2456%,1,56,57,0,0,1,56
0x46037b,0%,1,0,1,0,0,1,0
0x676e0f,93.75%,1,15,16,15,1,0,0
0x7b3489,99.986%,1,7166,7167,0,0,1,7166
0x426fb7,99.6169%,1,260,261,0,0,1,260
0x49470e,50%,1,1,2,0,0,1,1
0x406c5a,99.997%,1,33172,33173,33172,1,0,0
0x5e1007,97.2222%,1,35,36,0,0,1,35
0x638f59,99.9937%,1,15880,15881,15880,1,0,0
0x7b3586,99.9992%,1,122549,122550,0,0,1,122549
0x64cce0,99.9942%,1,17233,17234,0,0,1,17233
0x5ec463,92.8571%,1,13,14,0,0,1,13
0x5ea6cf,85.7143%,1,6,7,6,1,0,0
0x638a0b,99.9944%,1,17743,17744,0,0,1,17743
0x4e8314,50%,1,1,2,0,1,0,1
0x5dad2c,99.9915%,1,11796,11797,11796,1,0,0
0x4ea909,0%,1,0,1,0,0,1,0
0x7b5145,99.9971%,1,34191,34192,0,0,1,34191
0x63912f,99.9234%,1,1304,1305,1304,1,0,0
0x4a74a0,99.2857%,1,139,140,139,1,0,0
0x49a40d,99.1228%,1,113,114,0,0,1,113
0x5a1462,99.9966%,1,29537,29538,0,0,1,29537
0x45b715,97.1429%,1,34,35,0,0,1,34
0x4a72a5,99.4186%,1,171,172,171,1,0,0
0x638d8b,99.9234%,1,1304,1305,1304,1,0,0
0x68d5e5,87.5%,1,7,8,7,1,0,0
0x5ec71d,98.6111%,1,71,72,39,1,0,32
0x64d1e7,99.9901%,1,10063,10064,0,0,1,10063
0x4ea408,50%,1,1,2,1,1,0,0
0x4ebee7,50%,1,1,2,0,0,1,1
0x54958d,87.5%,1,7,8,7,1,0,0
0x7b1b57,99.9957%,1,23351,23352,0,0,1,23351
0x7ac00a,96.6667%,1,29,30,0,0,1,29
0x4a817d,95.6522%,1,22,23,22,1,0,0
0x7b1bd2,99.9903%,1,10271,10272,0,0,1,10271
0x48c4e8,85.7143%,1,6,7,0,1,0,6
0x676ee2,97.9167%,1,47,48,32,0,1,15
0x7b405f,97.4359%,1,38,39,0,0,1,38
0x4b5db5,96.875%,1,31,32,31,1,0,0
0x645e2b,98.4375%,1,63,64,0,0,1,63
0x63a547,87.5%,1,7,8,0,0,1,7
0x645e38,98.4375%,1,63,64,0,0,1,63
0x5ea661,92.8571%,1,13,14,0,0,1,13
0x645eb2,98.4375%,1,63,64,63,1,0,0
0x645ed3,98.4375%,1,63,64,63,1,0,0
0x645fb3,98.4375%,1,63,64,63,1,0,0
0x6180c1,95.6522%,1,22,23,22,1,0,0
0x4b5ee9,93.75%,1,15,16,0,0,1,15
0x4b5f82,93.75%,1,15,16,15,1,0,0
0x54abaa,96.875%,1,31,32,0,0,1,31
0x676ebf,97.9167%,1,47,48,47,1,0,0
0x4b5d71,96.875%,1,31,32,0,0,1,31
0x674211,96.6667%,1,29,30,29,1,0,0
0x674e26,96.6667%,1,29,30,0,0,1,29
0x48851b,93.75%,1,15,16,0,0,1,15
0x45fa28,96.6667%,1,29,30,29,1,0,0
0x462151,93.75%,1,15,16,0,0,1,15
0x488a28,93.75%,1,15,16,0,0,1,15
0x6180b1,95.6522%,1,22,23,0,0,1,22
0x41597f,95.6522%,1,22,23,22,1,0,0
0x64d0c3,99.9997%,1,338921,338922,0,0,1,338921
0x48cb50,66.6667%,1,2,3,0,0,1,2
0x41576e,95.6522%,1,22,23,0,0,1,22
0x5d78e7,97.2222%,1,35,36,35,1,0,0
0x5e92b0,97.6744%,1,42,43,0,0,1,42
0x415e1a,95.6522%,1,22,23,22,1,0,0
0x49b04d,96.875%,1,31,32,8,0,1,23
0x4a727f,99.4186%,1,171,172,171,1,0,0
0x4a6f1e,99.4186%,1,171,172,171,1,0,0
0x460290,99.8613%,1,720,721,32,0,1,688
0x4a6f79,99.4186%,1,171,172,171,1,0,0
0x4a71dd,99.2126%,1,126,127,0,0,1,126
0x4ad741,98.9011%,1,90,91,0,0,1,90
0x4f0e43,95.8333%,1,23,24,23,1,0,0
0x617e9f,99.4186%,1,171,172,0,0,1,171
0x5f7daf,99.5885%,1,242,243,0,0,1,242
0x4dc088,99.3865%,1,162,163,0,0,1,162
0x5f7ba8,99.5192%,1,207,208,207,1,0,0
0x5ec234,85.7143%,1,6,7,6,1,0,0
0x5d78c1,97.2222%,1,35,36,35,1,0,0
0x5e32d6,97.2222%,1,35,36,35,1,0,0
0x535a09,98.5507%,1,68,69,68,1,0,0
0x548e2e,87.5%,1,7,8,7,1,0,0
0x5e3316,98.4375%,1,63,64,0,0,1,63
0x645b37,98.4375%,1,63,64,63,1,0,0
0x4a766a,99.3865%,1,162,163,0,0,1,162
0x645c63,98.4375%,1,63,64,63,1,0,0
0x4863f6,85.7143%,1,6,7,0,0,1,6
0x45b786,97.8261%,1,45,46,0,0,1,45
0x45b79e,97.8261%,1,45,46,0,0,1,45
0x4b5cce,96.875%,1,31,32,0,0,1,31
0x4b5ce0,96.875%,1,31,32,0,0,1,31
0x4a76ed,96.875%,1,31,32,0,0,1,31
0x48c927,0%,1,0,1,0,0,1,0
0x676e00,98.75%,1,79,80,64,0,1,15
0x4b5d28,96.875%,1,31,32,0,0,1,31
0x4e8b49,0%,1,0,1,0,0,1,0
0x5ea640,99.3333%,1,149,150,0,0,1,149
0x486506,85.7143%,1,6,7,0,0,1,6
0x4866c7,85.7143%,1,6,7,0,0,1,6
0x406dbc,99.7653%,1,425,426,0,0,1,425
0x460f35,85.7143%,1,6,7,6,1,0,0
0x4a73d8,99.2366%,1,130,131,117,1,0,13
0x48c99c,66.6667%,1,2,3,0,0,1,2
0x48cabc,66.6667%,1,2,3,0,0,1,2
0x48cb35,66.6667%,1,2,3,0,0,1,2
0x48cbe2,66.6667%,1,2,3,2,1,0,0
0x4e8290,0%,1,0,1,0,1,0,0
0x4e8dbb,0%,1,0,1,0,1,0,0
0x4a74b9,99.4186%,1,171,172,171,1,0,0
0x66f6d3,99.4186%,1,171,172,171,1,0,0
0x4863dd,85.7143%,1,6,7,0,0,1,6
0x5a147e,99.9976%,1,41437,41438,41414,0,1,23
0x4e967a,0%,1,0,1,0,1,0,0
0x494704,50%,1,1,2,0,0,1,1
0x494813,75%,1,3,4,2,0,1,1
0x4e157f,99.4186%,1,171,172,171,1,0,0
0x5498ba,50%,1,1,2,1,1,0,0
0x5498f7,50%,1,1,2,0,0,1,1
0x46031f,50%,1,1,2,0,0,1,1
0x4e9092,0%,1,0,1,0,1,0,0
0x4ea9e4,0%,1,0,1,0,1,0,0
0x4e8c46,0%,1,0,1,0,1,0,0
0x4e8e9b,50%,1,1,2,0,1,0,1
0x7b13f9,88.8889%,1,8,9,0,0,1,8
0x7b17ff,50%,1,1,2,0,0,1,1
0x4868e4,85.7143%,1,6,7,0,0,1,6
0x538df6,97.3684%,1,37,38,34,1,0,3
0x7a640e,96.6667%,1,29,30,29,1,0,0
0x68d7fc,87.5%,1,7,8,0,0,1,7
0x5e99f6,97.1429%,1,34,35,0,0,1,34
0x4a6f71,99.4186%,1,171,172,0,0,1,171
0x4e8e19,0%,1,0,1,0,0,1,0
0x60c90f,87.5%,1,7,8,0,0,1,7
0x60ce29,87.5%,1,7,8,7,1,0,0
0x4b598a,99.9915%,1,11793,11794,0,0,1,11793
0x4e8a43,0%,1,0,1,0,0,1,0
0x683cd0,87.5%,1,7,8,7,1,0,0
0x683cff,87.5%,1,7,8,0,0,1,7
0x549414,87.5%,1,7,8,7,1,0,0
0x549907,50%,1,1,2,0,0,1,1
0x48650f,85.7143%,1,6,7,0,0,1,6
0x4a967e,87.5%,1,7,8,7,1,0,0
0x45f8dd,97.9167%,1,47,48,0,0,1,47
0x4e8e57,50%,1,1,2,1,0,1,0
0x4ea9ec,0%,1,0,1,0,0,1,0
0x5d8fef,87.5%,1,7,8,7,1,0,0
0x60cf3e,87.5%,1,7,8,0,0,1,7
0x5ea4f2,85.7143%,1,6,7,6,1,0,0
0x68421c,87.5%,1,7,8,7,1,0,0
0x5ec440,92.8571%,1,13,14,0,0,1,13
0x684310,87.5%,1,7,8,0,0,1,7
0x7b3fcb,83.3333%,1,5,6,0,0,1,5
0x5ea748,92.8571%,1,13,14,0,0,1,13
0x5ea758,92.8571%,1,13,14,7,0,1,6
0x60c53f,87.5%,1,7,8,7,1,0,0
0x638c24,99.9944%,1,17743,17744,0,0,1,17743
0x638c08,99.9944%,1,17743,17744,0,0,1,17743
0x645d82,98.4375%,1,63,64,0,0,1,63
0x644cfe,99.9958%,1,23595,23596,23595,1,0,0
0x638bd7,99.9944%,1,17743,17744,17743,1,0,0
0x7b1c6b,95%,1,19,20,0,0,1,19
0x4ac69d,96.875%,1,31,32,31,1,0,0
0x48853e,93.75%,1,15,16,0,0,1,15
0x4a704a,99.4186%,1,171,172,171,1,0,0
0x48797c,92.3077%,1,12,13,6,0,1,6
0x5a1ff9,99.9958%,1,23753,23754,0,0,1,23753
0x4a97dd,87.5%,1,7,8,0,0,1,7
0x60c8db,87.5%,1,7,8,0,0,1,7
0x5a09ea,99.9915%,1,11819,11820,0,0,1,11819
0x5a0a04,99.9915%,1,11819,11820,11819,1,0,0
0x60caa7,87.5%,1,7,8,7,1,0,0
0x5e9f0e,97.1429%,1,34,35,34,1,0,0
0x64c59c,87.5%,1,7,8,0,0,1,7
0x4ed005,0%,1,0,1,0,1,0,0
0x4867ed,99.9966%,1,29476,29477,29476,1,0,0
0x7b13a8,99.9819%,1,5527,5528,5527,1,0,0
0x7b31d6,99.9953%,1,21064,21065,0,0,1,21064
0x4ad6e3,99.2366%,1,130,131,130,1,0,0
0x488580,98.75%,1,79,80,63,1,0,16
0x7a6409,96.6667%,1,29,30,0,0,1,29
0x64c570,87.5%,1,7,8,7,1,0,0
0x617d55,99.4186%,1,171,172,0,0,1,171
0x4a70d4,99.4186%,1,171,172,171,1,0,0
0x7b1ba9,99.9957%,1,23351,23352,0,0,1,23351
0x618022,95.6522%,1,22,23,22,1,0,0
0x7b180e,50%,1,1,2,0,0,1,1
0x4996a8,99.9972%,1,35328,35329,0,0,1,35328
0x638eb7,100%,1,4468541,4468542,0,0,1,4468541
0x48e9e1,99.4186%,1,171,172,0,0,1,171
0x45f98c,99.8713%,1,776,777,48,0,1,728
0x45f8cc,97.9167%,1,47,48,0,0,1,47
0x683e87,87.5%,1,7,8,7,1,0,0
0x499e9a,99.4186%,1,171,172,171,1,0,0
0x406e27,99.9968%,1,31043,31044,0,0,1,31043
0x5ec475,92.8571%,1,13,14,13,1,0,0
0x617dd2,99.4186%,1,171,172,0,0,1,171
0x7b22bb,87.5%,1,7,8,0,1,0,7
0x66f065,99.8547%,1,687,688,343,1,0,344
0x4a745d,99.2857%,1,139,140,139,1,0,0
0x499247,97.1429%,1,34,35,34,1,0,0
0x4e9084,50%,1,1,2,1,0,1,0
0x45c8ae,96.6667%,1,29,30,0,0,1,29
0x60cd87,100%,0,8,8,0,0,0,8
0x66f35b,100%,0,516,516,0,0,0,516
0x549332,100%,0,8,8,0,0,0,8
0x7b307d,100%,0,31872,31872,0,0,0,31872
0x5e3945,100%,0,5902,5902,0,0,0,5902
0x4aa0ab,100%,0,8,8,0,0,0,8
0x7b1c07,100%,0,10272,10272,10272,0,0,0
0x645bff,100%,0,64,64,64,0,0,0
0x4aad21,100%,0,16,16,0,0,0,16
0x7a63e4,100%,0,30,30,0,0,0,30
0x60cda8,100%,0,8,8,0,0,0,8
0x5e0a67,100%,0,11798,11798,0,0,0,11798
0x60cdcc,100%,0,8,8,8,0,0,0
0x60cd9b,100%,0,8,8,0,0,0,8
0x4ad6be,100%,0,335,335,0,0,0,335
0x4a97c2,100%,0,8,8,0,0,0,8
0x48eabb,100%,0,7,7,0,0,0,7
0x4a97b3,100%,0,8,8,0,0,0,8
0x495745,100%,0,11844,11844,11844,0,0,0
0x5a1349,100%,0,11844,11844,0,0,0,11844
0x4991d9,100%,0,69,69,35,0,0,34
0x6f7b15,100%,0,30,30,0,0,0,30
0x54ce37,100%,0,8,8,0,0,0,8
0x7b1f40,100%,0,10272,10272,10272,0,0,0
0x7b22e9,100%,0,1,1,0,0,0,1
0x7bd983,100%,0,30,30,0,0,0,30
0x7a641a,100%,0,30,30,0,0,0,30
0x60c223,100%,0,8,8,8,0,0,0
0x6f7b5f,100%,0,30,30,30,0,0,0
0x66f346,100%,0,860,860,344,0,0,516
0x7b1f55,100%,0,10272,10272,0,0,0,10272
0x7b33f3,100%,0,155,155,0,0,0,155
0x7a64af,100%,0,30,30,30,0,0,0
0x4a75c5,100%,0,163,163,0,0,0,163
0x54ab39,100%,0,32,32,32,0,0,0
0x54ce66,100%,0,8,8,0,0,0,8
0x64ccae,100%,0,5773,5773,0,0,0,5773
0x7b22a6,100%,0,8,8,0,0,0,8
0x64cca9,100%,0,5773,5773,0,0,0,5773
0x4a76d5,100%,0,32,32,32,0,0,0
0x64c562,100%,0,8,8,0,0,0,8
0x7b1bfb,100%,0,10272,10272,0,0,0,10272
0x4e161a,100%,0,172,172,172,0,0,0
0x638efc,100%,0,15881,15881,15881,0,0,0
0x7b34a2,100%,0,1524,1524,0,0,0,1524
0x7a63d1,100%,0,30,30,30,0,0,0
0x54ce47,100%,0,8,8,0,0,0,8
0x4a72d7,100%,0,172,172,172,0,0,0
0x64cfa7,100%,0,47,47,0,0,0,47
0x7b31a8,100%,0,18736,18736,0,0,0,18736
0x5a13b1,100%,0,11820,11820,11820,0,0,0
0x7ac01b,100%,0,30,30,0,0,0,30
0x66efb1,100%,0,516,516,0,0,0,516
0x7b200e,100%,0,10272,10272,0,0,0,10272
0x5e4f85,100%,0,4,4,0,0,0,4
0x4b5a8f,100%,0,11786,11786,0,0,0,11786
0x45f94b,100%,0,48,48,0,0,0,48
0x487956,100%,0,19,19,6,0,0,13
0x7b1c61,100%,0,20,20,0,0,0,20
0x4aa06f,100%,0,8,8,8,0,0,0
0x49b3d7,100%,0,8,8,0,0,0,8
0x54ce50,100%,0,8,8,0,0,0,8
0x63a397,100%,0,8,8,0,0,0,8
0x406cbf,100%,0,33173,33173,0,0,0,33173
0x60c63b,100%,0,8,8,0,0,0,8
0x499c0c,100%,0,172,172,172,0,0,0
0x48611e,100%,0,11786,11786,0,0,0,11786
0x7b1d39,100%,0,10272,10272,10272,0,0,0
0x4f0d45,100%,0,24,24,0,0,0,24
0x60caf4,100%,0,8,8,0,0,0,8
0x7b5753,100%,0,33624,33624,0,0,0,33624
0x60c147,100%,0,8,8,0,0,0,8
0x7b1c40,100%,0,10272,10272,0,0,0,10272
0x64999d,100%,0,8,8,0,0,0,8
0x66efb6,100%,0,516,516,0,0,0,516
0x7b1c13,100%,0,10272,10272,0,0,0,10272
0x6840c8,100%,0,8,8,0,0,0,8
0x6841fb,100%,0,8,8,8,0,0,0
0x4607d6,100%,0,7,7,0,0,0,7
0x7b1c32,100%,0,10272,10272,0,0,0,10272
0x5eade0,100%,0,7,7,0,0,0,7
0x4a97a9,100%,0,8,8,0,0,0,8
0x49b0c8,100%,0,24,24,0,0,0,24
0x645e17,100%,0,64,64,0,0,0,64
0x5a15e5,100%,0,5680,5680,32,0,0,5648
0x684198,100%,0,8,8,0,0,0,8
0x64cee9,100%,0,360,360,360,0,0,0
0x485f99,100%,0,5903,5903,0,0,0,5903
0x7b31c9,100%,0,21065,21065,0,0,0,21065
0x68435e,100%,0,8,8,8,0,0,0
0x49568f,100%,0,11820,11820,11820,0,0,0
0x7b1cbd,100%,0,9243,9243,0,0,0,9243
0x5dfcc2,100%,0,36,36,0,0,0,36
0x4e8d9c,100%,0,1,1,0,0,0,1
0x5ea00e,100%,0,35,35,0,0,0,35
0x4b5b47,100%,0,11786,11786,0,0,0,11786
0x4b5aec,100%,0,11786,11786,0,0,0,11786
0x5e9bb1,100%,0,35,35,35,0,0,0
0x60c8e0,100%,0,8,8,8,0,0,0
0x68417b,100%,0,8,8,0,0,0,8
0x48ea59,100%,0,7,7,0,0,0,7
0x5ea61b,100%,0,150,150,0,0,0,150
0x49c014,100%,0,5902,5902,0,0,0,5902
0x4e8ea3,100%,0,1,1,0,0,0,1
0x61824e,100%,0,23,23,0,0,0,23
0x60c35a,100%,0,8,8,0,0,0,8
0x48641a,100%,0,7,7,7,0,0,0
0x4adb1a,100%,0,172,172,0,0,0,172
0x5a1320,100%,0,11868,11868,24,0,0,11844
0x7b1b84,100%,0,10908,10908,10908,0,0,0
0x64df82,100%,0,10982,10982,0,0,0,10982
0x675197,100%,0,30,30,0,0,0,30
0x60cad8,100%,0,8,8,0,0,0,8
0x5dfc64,100%,0,11798,11798,0,0,0,11798
0x4a9aff,100%,0,8,8,0,0,0,8
0x617e90,100%,0,172,172,0,0,0,172
0x535a7f,100%,0,69,69,0,0,0,69
0x6743d1,100%,0,30,30,0,0,0,30
0x68842d,100%,0,8,8,0,0,0,8
0x60cce8,100%,0,8,8,0,0,0,8
0x4067c2,100%,0,16,16,0,0,0,16
0x4a81d4,100%,0,23,23,23,0,0,0
0x48809c,100%,0,16,16,16,0,0,0
0x4e89b0,100%,0,1,1,0,0,0,1
0x674d84,100%,0,60,60,30,0,0,30
0x674251,100%,0,30,30,0,0,0,30
0x64ce12,100%,0,10424,10424,0,0,0,10424
0x498589,100%,0,16,16,16,0,0,0
0x7b233e,100%,0,3,3,0,0,0,3
0x64d04f,100%,0,360,360,360,0,0,0
0x64cf4e,100%,0,360,360,360,0,0,0
0x5a146b,100%,0,53157,53157,53157,0,0,0
0x64d063,100%,0,10424,10424,0,0,0,10424
0x4a769f,100%,0,13422,13422,0,0,0,13422
0x4b5bb0,100%,0,11786,11786,11786,0,0,0
0x5a0e57,100%,0,32,32,32,0,0,0
0x60c375,100%,0,8,8,0,0,0,8
0x60c8d2,100%,0,8,8,0,0,0,8
0x4ea94c,100%,0,1,1,0,0,0,1
0x64ce08,100%,0,10424,10424,0,0,0,10424
0x4a756e,100%,0,163,163,0,0,0,163
0x64c6a8,100%,0,8,8,0,0,0,8
0x54a4c8,100%,0,34,34,34,0,0,0
0x64df90,100%,0,10982,10982,10982,0,0,0
0x64cea7,100%,0,37821,37821,0,0,0,37821
0x460fbd,100%,0,7,7,7,0,0,0
0x63a3b8,100%,0,8,8,0,0,0,8
0x64d0fb,100%,0,328858,328858,328858,0,0,0
0x4a75dd,100%,0,163,163,0,0,0,163
0x64d11c,100%,0,10064,10064,10064,0,0,0
0x7b5743,100%,0,33624,33624,0,0,0,33624
0x63a302,100%,0,8,8,0,0,0,8
0x60ccf2,100%,0,8,8,0,0,0,8
0x54f2c7,100%,0,50,50,0,0,0,50
0x7a64bc,100%,0,30,30,0,0,0,30
0x63a0e8,100%,0,8,8,0,0,0,8
0x63a0b7,100%,0,8,8,8,0,0,0
0x7b1bde,100%,0,10272,10272,10272,0,0,0
0x406865,100%,0,16,16,16,0,0,0
0x639f1f,100%,0,8,8,0,0,0,8
0x6f7794,100%,0,30,30,0,0,0,30
0x5e9b6a,100%,0,35,35,0,0,0,35
0x60cf2a,100%,0,8,8,8,0,0,0
0x7b3797,100%,0,298,298,0,0,0,298
0x7b3043,100%,0,10601,10601,0,0,0,10601
0x48e8f8,100%,0,172,172,0,0,0,172
0x64e322,100%,0,343,343,0,0,0,343
0x60ccf7,100%,0,8,8,0,0,0,8
0x499287,100%,0,34,34,0,0,0,34
0x7a63ad,100%,0,30,30,0,0,0,30
0x683ed3,100%,0,8,8,0,0,0,8
0x64e2fb,100%,0,343,343,343,0,0,0
0x48e93f,100%,0,172,172,172,0,0,0
0x60cdbc,100%,0,8,8,0,0,0,8
0x674260,100%,0,30,30,30,0,0,0
0x7a63c3,100%,0,30,30,0,0,0,30
0x64e27c,100%,0,343,343,0,0,0,343
0x4984f1,100%,0,12075,12075,6149,0,0,5926
0x6842fc,100%,0,8,8,8,0,0,0
0x7abff6,100%,0,30,30,0,0,0,30
0x7ac029,100%,0,30,30,0,0,0,30
0x460fb1,100%,0,7,7,0,0,0,7
0x7bd91e,100%,0,30,30,0,0,0,30
0x6ee670,100%,0,1,1,1,0,0,0
0x5d0b51,100%,0,15360,15360,15360,0,0,0
0x63918f,100%,0,1305,1305,1305,0,0,0
0x4890f3,100%,0,17469,17469,5648,0,0,11821
0x618bb8,100%,0,187,187,187,0,0,0
0x7a639a,100%,0,30,30,0,0,0,30
0x4a7cf8,100%,0,7,7,0,0,0,7
0x7b14b1,100%,0,51,51,0,0,0,51
0x674e7d,100%,0,30,30,0,0,0,30
0x7b575c,100%,0,33624,33624,33624,0,0,0
0x5d0ac2,100%,0,30,30,0,0,0,30
0x64d1aa,100%,0,10064,10064,0,0,0,10064
0x60c131,100%,0,8,8,0,0,0,8
0x5d0ae6,100%,0,30,30,0,0,0,30
0x618265,100%,0,23,23,0,0,0,23
0x63905a,100%,0,15881,15881,15881,0,0,0
0x48c9e5,100%,0,3,3,0,0,0,3
0x63a1e3,100%,0,8,8,8,0,0,0
0x63a3c9,100%,0,8,8,0,0,0,8
0x5d0b9a,100%,0,15360,15360,0,0,0,15360
0x63a17f,100%,0,8,8,8,0,0,0
0x4a75eb,100%,0,163,163,163,0,0,0
0x4e89da,100%,0,1,1,1,0,0,0
0x63a104,100%,0,8,8,0,0,0,8
0x54beba,100%,0,5927,5927,5927,0,0,0
0x7bd8e5,100%,0,30,30,30,0,0,0
0x4607be,100%,0,7,7,0,0,0,7
0x64c56b,100%,0,8,8,0,0,0,8
0x6744ad,100%,0,30,30,0,0,0,30
0x4ad774,100%,0,91,91,91,0,0,0
0x4168e1,100%,0,23,23,23,0,0,0
0x64596b,100%,0,64,64,0,0,0,64
0x5a1486,100%,0,24,24,24,0,0,0
0x4e8267,100%,0,1,1,0,0,0,1
0x5e002f,100%,0,36,36,0,0,0,36
0x45bd76,100%,0,73,73,0,0,0,73
0x5ec259,100%,0,142,142,0,0,0,142
0x5ec137,100%,0,157,157,0,0,0,157
0x4e8272,100%,0,1,1,1,0,0,0
0x5ea102,100%,0,150,150,0,0,0,150
0x4a821a,100%,0,16,16,0,0,0,16
0x617ded,100%,0,172,172,172,0,0,0
0x4a71b3,100%,0,172,172,172,0,0,0
0x645b68,100%,0,64,64,0,0,0,64
0x4a71ce,100%,0,127,127,0,0,0,127
0x4a8c77,100%,0,172,172,0,0,0,172
0x46029b,100%,0,689,689,0,0,0,689
0x535b30,100%,0,35,35,35,0,0,0
0x4ea91b,100%,0,1,1,0,0,0,1
0x66f3ea,100%,0,344,344,0,0,0,344
0x48e926,100%,0,172,172,0,0,0,172
0x4e160b,100%,0,172,172,0,0,0,172
0x48caad,100%,0,3,3,0,0,0,3
0x66f449,100%,0,172,172,172,0,0,0
0x66f3e1,100%,0,516,516,172,0,0,344
0x5a0d2c,100%,0,5926,5926,5926,0,0,0
0x5a0d13,100%,0,5926,5926,0,0,0,5926
0x49b0fb,100%,0,24,24,24,0,0,0
0x48855b,100%,0,16,16,0,0,0,16
0x5ec72f,100%,0,32,32,0,0,0,32
0x48854a,100%,0,16,16,0,0,0,16
0x488047,100%,0,16,16,16,0,0,0
0x40683f,100%,0,16,16,0,0,0,16
0x40682d,100%,0,16,16,16,0,0,0
0x4067d0,100%,0,16,16,16,0,0,0
0x487fb6,100%,0,16,16,0,0,0,16
0x676e0a,100%,0,16,16,0,0,0,16
0x676dfb,100%,0,80,80,0,0,0,80
0x676dca,100%,0,16,16,0,0,0,16
0x4ea6b9,100%,0,2,2,0,0,0,2
0x4b5ed9,100%,0,16,16,0,0,0,16
0x7bd917,100%,0,30,30,0,0,0,30
0x645e49,100%,0,64,64,0,0,0,64
0x5e94d5,100%,0,35,35,0,0,0,35
0x645d87,100%,0,64,64,0,0,0,64
0x4b5cf0,100%,0,32,32,32,0,0,0
0x45f9a8,100%,0,777,777,0,0,0,777
0x45f942,100%,0,48,48,0,0,0,48
0x45f8ee,100%,0,48,48,0,0,0,48
0x5d8f0f,100%,0,28,28,0,0,0,28
0x487fd0,100%,0,16,16,0,0,0,16
0x460f97,100%,0,7,7,0,0,0,7
0x645c31,100%,0,64,64,64,0,0,0
0x645b84,100%,0,64,64,0,0,0,64
0x638d0c,100%,0,1305,1305,0,0,0,1305
0x4a7026,100%,0,172,172,172,0,0,0
0x7b4231,100%,0,7362,7362,0,0,0,7362
0x5ea620,100%,0,150,150,150,0,0,0
0x4a8474,100%,0,360,360,360,0,0,0
0x67447a,100%,0,30,30,30,0,0,0
0x639ee2,100%,0,8,8,0,0,0,8
0x644858,100%,0,23596,23596,0,0,0,23596
0x538dce,100%,0,35,35,0,0,0,35
0x7b375f,100%,0,7912,7912,0,0,0,7912
0x7b1bae,100%,0,23352,23352,12444,0,0,10908
0x54ab9b,100%,0,32,32,0,0,0,32
0x499d5c,100%,0,172,172,172,0,0,0
0x406ab1,100%,0,5502,5502,0,0,0,5502
0x4b5f43,100%,0,16,16,0,0,0,16
0x550a5a,100%,0,5894,5894,0,0,0,5894
0x415e9b,100%,0,23,23,23,0,0,0
0x64d13f,100%,0,10064,10064,0,0,0,10064
0x550731,100%,0,5894,5894,5894,0,0,0
0x638db2,100%,0,1305,1305,0,0,0,1305
0x5d788b,100%,0,36,36,0,0,0,36
0x4a80c3,100%,0,23,23,0,0,0,23
0x64e241,100%,0,10982,10982,10982,0,0,0
0x4e82e6,100%,0,1,1,0,0,0,1
0x64e178,100%,0,10982,10982,0,0,0,10982
0x4a71eb,100%,0,127,127,0,0,0,127
0x638cd1,100%,0,17744,17744,17744,0,0,0
0x7b1b2a,100%,0,23352,23352,0,0,0,23352
0x4e8302,100%,0,2,2,0,0,0,2
0x49857b,100%,0,16,16,0,0,0,16
0x5a09b4,100%,0,11820,11820,0,0,0,11820
0x645fc7,100%,0,64,64,0,0,0,64
0x644873,100%,0,23596,23596,0,0,0,23596
0x5a0b54,100%,0,5926,5926,0,0,0,5926
0x48c463,100%,0,15,15,0,0,0,15
0x5505c3,100%,0,5894,5894,0,0,0,5894
0x639261,100%,0,1305,1305,1305,0,0,0
0x7d2251,100%,0,6320,6320,0,0,0,6320
0x7b1424,100%,0,2,2,2,0,0,0
0x64cc6a,100%,0,4310836,4310836,0,0,0,4310836
0x60c361,100%,0,8,8,0,0,0,8
0x48858c,100%,0,16,16,16,0,0,0
0x45f936,100%,0,48,48,48,0,0,0
0x639105,100%,0,1305,1305,1305,0,0,0
0x6390d3,100%,0,1305,1305,0,0,0,1305
0x5e2d99,100%,0,5895,5895,5895,0,0,0
0x550be5,100%,0,5894,5894,0,0,0,5894
0x7bd864,100%,0,30,30,30,0,0,0
0x4eaa2e,100%,0,1,1,0,0,0,1
0x638e27,100%,0,17186,17186,0,0,0,17186
0x4b128e,100%,0,5910,5910,5910,0,0,0
0x550c10,100%,0,5894,5894,0,0,0,5894
0x7b3687,100%,0,41,41,0,0,0,41
0x461066,100%,0,7,7,0,0,0,7
0x48ea37,100%,0,7,7,0,0,0,7
0x4866f1,100%,0,7,7,0,0,0,7
0x4866bb,100%,0,7,7,0,0,0,7
0x486678,100%,0,7,7,0,0,0,7
0x4864fd,100%,0,7,7,0,0,0,7
0x45ba5e,100%,0,7,7,0,0,0,7
0x45ba52,100%,0,7,7,0,0,0,7
0x5eae6d,100%,0,14,14,7,0,0,7
0x48668a,100%,0,7,7,7,0,0,0
0x5eadf3,100%,0,7,7,0,0,0,7
0x5eadcb,100%,0,7,7,0,0,0,7
0x5ea509,100%,0,7,7,0,0,0,7
0x48eadd,100%,0,7,7,0,0,0,7
0x48eaac,100%,0,7,7,0,0,0,7
0x4607ec,100%,0,7,7,0,0,0,7
0x7b34c8,100%,0,232,232,232,0,0,0
0x4ea9f8,100%,0,1,1,0,0,0,1
0x5d901e,100%,0,8,8,8,0,0,0
0x45c76e,100%,0,15,15,0,0,0,15
0x7b2337,100%,0,3,3,0,0,0,3
0x45c899,100%,0,30,30,0,0,0,30
0x45c886,100%,0,30,30,0,0,0,30
0x45c7a8,100%,0,26,26,0,0,0,26
0x5d8f9c,100%,0,16,16,0,0,0,16
0x5d8f59,100%,0,16,16,16,0,0,0
0x4aa167,100%,0,8,8,0,0,0,8
0x4a96ea,100%,0,8,8,8,0,0,0
0x4a968d,100%,0,8,8,8,0,0,0
0x4e8b1e,100%,0,1,1,0,0,0,1
0x7b36ae,100%,0,35,35,0,0,0,35
0x7b4079,100%,0,39,39,0,0,0,39
0x7b406e,100%,0,39,39,0,0,0,39
0x7b1819,100%,0,2,2,0,0,0,2
0x4e9141,100%,0,2,2,0,0,0,2
0x4e9130,100%,0,2,2,0,0,0,2
0x4e91c8,100%,0,2,2,0,0,0,2
0x4947ca,100%,0,2,2,0,0,0,2
0x4ecffe,100%,0,1,1,0,0,0,1
0x4ea981,100%,0,1,1,0,0,0,1
0x4ea97d,100%,0,1,1,0,0,0,1
0x4ea900,100%,0,1,1,0,0,0,1
0x4e9a2a,100%,0,1,1,1,0,0,0
0x54bf93,100%,0,8,8,8,0,0,0
0x4e8a5e,100%,0,1,1,0,0,0,1
0x4ed01a,100%,0,1,1,0,0,0,1
0x4e8a1e,100%,0,1,1,0,0,0,1
0x4ea9a2,100%,0,1,1,1,0,0,0
0x48da77,100%,0,3,3,0,0,0,3
0x48cca7,100%,0,3,3,3,0,0,0
0x48cbb8,100%,0,3,3,0,0,0,3
0x48caf0,100%,0,3,3,0,0,0,3
0x48c859,100%,0,1,1,1,0,0,0
0x461004,100%,0,7,7,0,0,0,7
0x460f26,100%,0,7,7,0,0,0,7
0x460801,100%,0,7,7,0,0,0,7
0x416a55,100%,0,23,23,0,0,0,23
0x48c60e,100%,0,57,57,57,0,0,0
0x4a9722,100%,0,8,8,8,0,0,0
0x45bd9e,100%,0,73,73,0,0,0,73
0x4a7500,100%,0,54,54,0,0,0,54
0x415f21,100%,0,23,23,0,0,0,23
0x415e6d,100%,0,23,23,0,0,0,23
0x4a83af,100%,0,360,360,360,0,0,0
0x5ec40e,100%,0,14,14,0,0,0,14
0x7b34bb,100%,0,232,232,0,0,0,232
0x41575f,100%,0,23,23,0,0,0,23
0x4a7420,100%,0,41,41,32,0,0,9
0x415750,100%,0,23,23,0,0,0,23
0x415880,100%,0,23,23,23,0,0,0
0x499170,100%,0,69,69,0,0,0,69
0x416a4b,100%,0,23,23,0,0,0,23
0x61800b,100%,0,23,23,0,0,0,23
0x49865b,100%,0,16,16,0,0,0,16
0x41573c,100%,0,23,23,0,0,0,23
0x406db2,100%,0,426,426,0,0,0,426
0x6441fe,100%,0,16,16,0,0,0,16
0x4888e0,100%,0,16,16,16,0,0,0
0x4f0dd9,100%,0,24,24,0,0,0,24
0x4f0d71,100%,0,24,24,24,0,0,0
0x4f0d69,100%,0,24,24,0,0,0,24
0x54ad3f,100%,0,16,16,16,0,0,0
0x488856,100%,0,16,16,16,0,0,0
0x486773,100%,0,7,7,0,0,0,7
0x683f81,100%,0,8,8,8,0,0,0
0x460799,100%,0,7,7,0,0,0,7
0x683f4f,100%,0,8,8,8,0,0,0
0x683eb8,100%,0,8,8,0,0,0,8
0x683ccb,100%,0,8,8,0,0,0,8
0x683cc2,100%,0,8,8,0,0,0,8
0x49b1bf,100%,0,8,8,0,0,0,8
0x61a6fe,100%,0,34,34,0,0,0,34
0x61a50a,100%,0,34,34,0,0,0,34
0x61a4af,100%,0,34,34,34,0,0,0
0x4991e4,100%,0,34,34,0,0,0,34
0x486449,100%,0,7,7,0,0,0,7
0x461013,100%,0,7,7,0,0,0,7
0x489103,100%,0,11821,11821,5895,0,0,5926
0x535ca8,100%,0,35,35,35,0,0,0
0x5ea01c,100%,0,35,35,35,0,0,0
0x5ea014,100%,0,35,35,0,0,0,35
0x7b3666,100%,0,41,41,0,0,0,41
0x5e94a5,100%,0,35,35,0,0,0,35
0x5e948b,100%,0,35,35,0,0,0,35
0x5e9589,100%,0,35,35,0,0,0,35
0x535c0f,100%,0,35,35,35,0,0,0
0x535b9e,100%,0,69,69,0,0,0,69
0x538d7c,100%,0,35,35,0,0,0,35
0x5359e3,100%,0,69,69,69,0,0,0
0x499186,100%,0,69,69,69,0,0,0
0x646015,100%,0,64,64,64,0,0,0
0x649e85,100%,0,18845,18845,0,0,0,18845
0x48943f,100%,0,5895,5895,5895,0,0,0
0x48852e,100%,0,16,16,0,0,0,16
0x64e20f,100%,0,10982,10982,10982,0,0,0
0x5dc81a,100%,0,52688,52688,0,0,0,52688
0x5dc984,100%,0,11802,11802,0,0,0,11802
0x7b4240,100%,0,7362,7362,0,0,0,7362
0x4b5a9c,100%,0,11786,11786,0,0,0,11786
0x676e33,100%,0,16,16,0,0,0,16
0x5d0acb,100%,0,30,30,0,0,0,30
0x461002,100%,0,7,7,0,0,0,7
0x5e9ef0,100%,0,35,35,0,0,0,35
0x7b304e,100%,0,10601,10601,0,0,0,10601
0x5ea4b1,100%,0,7,7,0,0,0,7
0x48617d,100%,0,5895,5895,0,0,0,5895
0x61809e,100%,0,23,23,0,0,0,23
0x64599f,100%,0,64,64,0,0,0,64
0x60cbd3,100%,0,8,8,8,0,0,0
0x644a72,100%,0,23596,23596,0,0,0,23596
0x54a365,100%,0,29570,29570,0,0,0,29570
0x535b69,100%,0,35,35,0,0,0,35
0x67449b,100%,0,30,30,0,0,0,30
0x5e5b69,100%,0,11911,11911,0,0,0,11911
0x644921,100%,0,23596,23596,23596,0,0,0
0x684188,100%,0,8,8,0,0,0,8
0x638e18,100%,0,17186,17186,0,0,0,17186
0x5ea1a0,100%,0,1614,1614,1614,0,0,0
0x48914c,100%,0,5927,5927,0,0,0,5927
0x5a0893,100%,0,5976,5976,0,0,0,5976
0x7b1bb3,100%,0,10908,10908,10908,0,0,0
0x7b5140,100%,0,34192,34192,0,0,0,34192
0x4a9667,100%,0,8,8,8,0,0,0
0x6448ef,100%,0,23596,23596,23596,0,0,0
0x644662,100%,0,23596,23596,0,0,0,23596
0x64ce17,100%,0,10424,10424,0,0,0,10424
0x5dca65,100%,0,5903,5903,0,0,0,5903
0x60cf8c,100%,0,8,8,8,0,0,0
0x7bd948,100%,0,240,240,0,0,0,240
0x7b50fc,100%,0,34192,34192,0,0,0,34192
0x5dca60,100%,0,5903,5903,0,0,0,5903
0x49c405,100%,0,11822,11822,0,0,0,11822
0x7b3755,100%,0,7912,7912,0,0,0,7912
0x7b512b,100%,0,34192,34192,0,0,0,34192
0x5e2b85,100%,0,70951,70951,0,0,0,70951
0x4b5efa,100%,0,16,16,16,0,0,0
0x644b38,100%,0,23596,23596,0,0,0,23596
0x48616e,100%,0,5895,5895,0,0,0,5895
0x5dcad4,100%,0,5903,5903,5903,0,0,0
0x66f764,100%,0,172,172,172,0,0,0
0x644b1b,100%,0,23596,23596,0,0,0,23596
0x6ee3e3,100%,0,33623,33623,0,0,0,33623
0x674e5c,100%,0,30,30,0,0,0,30
0x7b203a,100%,0,10272,10272,0,0,0,10272
0x64a7a7,100%,0,577859,577859,577859,0,0,0
0x48c9a5,100%,0,3,3,0,0,0,3
0x7b201a,100%,0,10272,10272,0,0,0,10272
0x7b50eb,100%,0,34192,34192,34192,0,0,0
0x48c642,100%,0,57,57,57,0,0,0
0x4b59e6,100%,0,5897,5897,0,0,0,5897
0x548680,100%,0,5926,5926,0,0,0,5926
0x7b30c2,100%,0,5528,5528,0,0,0,5528
0x7b1399,100%,0,5528,5528,0,0,0,5528
0x64d25f,100%,0,10064,10064,10064,0,0,0
0x494762,100%,0,2,2,2,0,0,0
0x4b5a19,100%,0,11786,11786,0,0,0,11786
0x4b5a47,100%,0,11786,11786,0,0,0,11786
0x7a6433,100%,0,30,30,30,0,0,0
0x4b5a56,100%,0,11786,11786,11786,0,0,0
0x4b59da,100%,0,5897,5897,0,0,0,5897
0x64cf0b,100%,0,360,360,0,0,0,360
0x4b5a80,100%,0,11786,11786,0,0,0,11786
0x5a0ff5,100%,0,53258,53258,53234,0,0,24
0x68841a,100%,0,8,8,0,0,0,8
0x6840d2,100%,0,8,8,0,0,0,8
0x45c756,100%,0,15,15,0,0,0,15
0x649a13,100%,0,23946,23946,0,0,0,23946
0x48857b,100%,0,80,80,0,0,0,80
0x406947,100%,0,16865,16865,0,0,0,16865
0x7b50c3,100%,0,34192,34192,0,0,0,34192
0x7b1c24,100%,0,10272,10272,0,0,0,10272
0x489368,100%,0,11797,11797,5895,0,0,5902
0x5505fe,100%,0,5894,5894,5894,0,0,0
0x6391af,100%,0,1305,1305,1305,0,0,0
0x644bbc,100%,0,23596,23596,23596,0,0,0
0x639eeb,100%,0,8,8,0,0,0,8
0x638797,100%,0,11829,11829,0,0,0,11829
0x416517,100%,0,23,23,0,0,0,23
0x460eec,100%,0,7,7,0,0,0,7
0x4a7481,100%,0,140,140,140,0,0,0
0x5d9194,100%,0,28,28,0,0,0,28
0x5a0da9,100%,0,32,32,32,0,0,0
0x64466b,100%,0,23596,23596,0,0,0,23596
0x54dff7,100%,0,24603,24603,0,0,0,24603
0x486767,100%,0,7,7,0,0,0,7
0x486192,100%,0,5895,5895,0,0,0,5895
0x7b5137,100%,0,34192,34192,0,0,0,34192
0x4a9aef,100%,0,8,8,8,0,0,0
0x5361b8,100%,0,35,35,35,0,0,0
0x674da3,100%,0,30,30,30,0,0,0
0x5dfef9,100%,0,11797,11797,0,0,0,11797
0x639c5c,100%,0,8,8,8,0,0,0
0x48c4d2,100%,0,7,7,0,0,0,7
0x48c9fe,100%,0,3,3,0,0,0,3
0x4867a6,100%,0,29477,29477,0,0,0,29477
0x644c9c,100%,0,23596,23596,23596,0,0,0
0x406b70,100%,0,1264,1264,0,0,0,1264
0x7a6428,100%,0,30,30,30,0,0,0
0x7b30b4,100%,0,253,253,0,0,0,253
0x5e7a65,100%,0,17753,17753,0,0,0,17753
0x7b1b39,100%,0,23352,23352,23352,0,0,0
0x7b1b18,100%,0,23352,23352,0,0,0,23352
0x7b1b07,100%,0,23352,23352,0,0,0,23352
0x7b4247,100%,0,7362,7362,0,0,0,7362
0x64e147,100%,0,10982,10982,10982,0,0,0
0x7b1ac9,100%,0,33624,33624,0,0,0,33624
0x5d0b89,100%,0,15360,15360,0,0,0,15360
0x64dfbf,100%,0,10982,10982,0,0,0,10982
0x676e3c,100%,0,16,16,0,0,0,16
0x48c452,100%,0,15,15,0,0,0,15
0x48612d,100%,0,11786,11786,0,0,0,11786
0x4893e3,100%,0,5903,5903,5903,0,0,0
0x54cd75,100%,0,8,8,0,0,0,8
0x4069c3,100%,0,40568,40568,0,0,0,40568
0x5dcaca,100%,0,5903,5903,0,0,0,5903
0x7b50d7,100%,0,34192,34192,0,0,0,34192
0x48cba9,100%,0,3,3,0,0,0,3
0x5e4445,100%,0,5895,5895,0,0,0,5895
0x5dca69,100%,0,5903,5903,5903,0,0,0
0x406b22,100%,0,34639,34639,0,0,0,34639
0x4b5b21,100%,0,11786,11786,0,0,0,11786
0x54f8e2,100%,0,5927,5927,0,0,0,5927
0x486814,100%,0,29477,29477,0,0,0,29477
0x7d2238,100%,0,411,411,0,0,0,411
0x5a12b9,100%,0,53258,53258,0,0,0,53258
0x7b573a,100%,0,33624,33624,0,0,0,33624
0x645962,100%,0,64,64,0,0,0,64
0x638a3f,100%,0,17744,17744,0,0,0,17744
0x54f86c,100%,0,5927,5927,5927,0,0,0
0x68e8ab,100%,0,30,30,0,0,0,30
0x60ce4a,100%,0,8,8,8,0,0,0
0x45ba72,100%,0,7,7,0,0,0,7
0x7b1ae5,100%,0,33624,33624,0,0,0,33624
0x498432,100%,0,46651,46651,0,0,0,46651
0x5a1459,100%,0,29570,29570,0,0,0,29570
0x48cb63,100%,0,3,3,3,0,0,0
0x7b2fd7,100%,0,13309,13309,13309,0,0,0
0x7b5113,100%,0,34192,34192,0,0,0,34192
0x638c9f,100%,0,17744,17744,17744,0,0,0
0x550a17,100%,0,5894,5894,0,0,0,5894
0x7b2fe5,100%,0,13309,13309,0,0,0,13309
0x63a3ab,100%,0,8,8,0,0,0,8
0x649edc,100%,0,6785,6785,0,0,0,6785
0x538d8e,100%,0,35,35,0,0,0,35
0x63a2f8,100%,0,8,8,0,0,0,8
0x676e97,100%,0,16,16,0,0,0,16
0x5dcaa9,100%,0,5903,5903,5903,0,0,0
0x7b2f7a,100%,0,34192,34192,0,0,0,34192
0x548de7,100%,0,8,8,8,0,0,0
0x487aed,100%,0,50,50,50,0,0,0
0x674200,100%,0,30,30,0,0,0,30
0x5a12c8,100%,0,53258,53258,29570,0,0,23688
0x645e59,100%,0,64,64,64,0,0,0
0x406acf,100%,0,34639,34639,34639,0,0,0
0x644827,100%,0,23596,23596,23596,0,0,0
0x7b1ad3,100%,0,33624,33624,0,0,0,33624
0x5ec450,100%,0,14,14,0,0,0,14
0x550434,100%,0,17748,17748,11854,0,0,5894
0x64e194,100%,0,10982,10982,0,0,0,10982
0x7ac054,100%,0,30,30,0,0,0,30
0x4068b4,100%,0,16865,16865,16865,0,0,0
0x461666,100%,0,8,8,0,0,0,8
0x63877c,100%,0,11829,11829,0,0,0,11829
0x499b26,100%,0,40,40,0,0,0,40
0x5dca54,100%,0,5903,5903,0,0,0,5903
0x4e8e76,100%,0,1,1,0,0,0,1
0x644b28,100%,0,23596,23596,0,0,0,23596
0x4b5aab,100%,0,11786,11786,0,0,0,11786
0x64469f,100%,0,23596,23596,0,0,0,23596
0x550458,100%,0,5894,5894,0,0,0,5894
0x644a68,100%,0,23596,23596,0,0,0,23596
0x487f7b,100%,0,16,16,0,0,0,16
0x7b32db,100%,0,2648,2648,0,0,0,2648
0x486136,100%,0,11786,11786,0,0,0,11786
0x7b37dc,100%,0,7614,7614,0,0,0,7614
0x5ec48f,100%,0,14,14,0,0,0,14
0x64df8b,100%,0,10982,10982,0,0,0,10982
0x486142,100%,0,11786,11786,0,0,0,11786
0x54f8fe,100%,0,5927,5927,0,0,0,5927
0x639ef0,100%,0,8,8,8,0,0,0
0x548671,100%,0,5926,5926,0,0,0,5926
0x535cd1,100%,0,34,34,34,0,0,0
0x644cb0,100%,0,23596,23596,0,0,0,23596
0x638e22,100%,0,17186,17186,0,0,0,17186
0x4b59cf,100%,0,5897,5897,0,0,0,5897
0x676e48,100%,0,16,16,16,0,0,0
0x4b5ae6,100%,0,11786,11786,11786,0,0,0
0x6840d7,100%,0,8,8,0,0,0,8
0x60c62b,100%,0,8,8,0,0,0,8
0x5a101a,100%,0,53234,53234,0,0,0,53234
0x5a15be,100%,0,5680,5680,0,0,0,5680
0x644a77,100%,0,23596,23596,0,0,0,23596
0x406b5a,100%,0,11490,11490,0,0,0,11490
0x4b5aba,100%,0,11786,11786,0,0,0,11786
0x644b07,100%,0,23596,23596,0,0,0,23596
0x6ec690,100%,0,34191,34191,34191,0,0,0
0x49972f,100%,0,17970,17970,0,0,0,17970
0x644b48,100%,0,23596,23596,23596,0,0,0
0x4b5adc,100%,0,11786,11786,0,0,0,11786
0x6386a5,100%,0,17186,17186,0,0,0,17186
0x7b35dd,100%,0,13309,13309,13309,0,0,0
0x64a764,100%,0,107258,107258,53234,0,0,54024
0x644953,100%,0,23596,23596,23596,0,0,0
0x5dcacf,100%,0,5903,5903,0,0,0,5903
0x6f7b35,100%,0,30,30,30,0,0,0
0x4e1573,100%,0,172,172,0,0,0,172
0x4b59c0,100%,0,5897,5897,0,0,0,5897
0x4e1639,100%,0,172,172,0,0,0,172
