Branch PC,Accuracy,Mispredictions,Correct Predictions,Total,dir_t_pred_t,dir_t_pred_nt,dir_nt_pred_t,dir_nt_pred_nt
aggregate,99.6432%,101688,28396919,28498607,23906461,33562,68126,4490458
0x8e376d,97.1233%,1403,47369,48772,47369,33,1370,0
0x78afb8,97.6562%,1215,50625,51840,49114,423,792,1511
0x873a36,95.4552%,1178,24742,25920,22427,542,636,2315
0x87a868,95.5787%,1146,24774,25920,18799,615,531,5975
0x873961,95.6173%,1136,24784,25920,21521,528,608,3263
0x8739c4,95.6906%,1117,24803,25920,22440,529,588,2363
0x873ae4,95.8179%,1084,24836,25920,22477,492,592,2359
0x873b84,95.8796%,1068,24852,25920,2369,582,486,22483
0x87dd1c,95.8363%,1055,24283,25338,6296,468,587,17987
0x873b44,96.0494%,1024,24896,25920,2414,537,487,22482
0x873bc4,96.1343%,1002,24918,25920,2443,508,494,22475
0x86da87,99.1843%,814,98978,99792,75476,484,330,23502
0x86de67,99.2134%,785,99007,99792,74890,437,348,24117
0x873c1c,97.0795%,757,25163,25920,24758,179,578,405
0x7803bc,90.4425%,730,6908,7638,6247,271,459,661
0x8e36ee,99.872%,695,542373,543068,494128,168,527,48245
0x873825,97.6543%,608,25312,25920,24376,255,353,936
0x873664,97.6736%,603,25317,25920,24388,243,360,929
0x873905,97.6852%,600,25320,25920,24379,252,348,941
0x873783,97.7006%,596,25324,25920,960,329,267,24364
0x8736e4,97.7585%,581,25339,25920,24393,238,343,946
0x780705,97.7401%,576,24912,25488,17731,362,214,7181
0x873883,97.8086%,568,25352,25920,976,313,255,24376
0x8e3f1f,99.8463%,557,361847,362404,361680,6,551,167
0x77e1b3,98.9911%,523,51317,51840,36509,296,227,14808
0x64a9f8,99.1117%,513,57237,57750,19607,271,242,37630
0x64b3a7,98.4668%,510,32754,33264,25218,309,201,7536
0x77e313,99.0181%,509,51331,51840,36525,280,229,14806
0x795199,98.4497%,509,32323,32832,24425,301,208,7898
0x7a8a67,98.4728%,508,32756,33264,7951,204,304,24805
0x77e263,99.0258%,505,51335,51840,36523,282,223,14812
0x65f8f7,98.4848%,504,32760,33264,24808,301,203,7952
0x64ebc7,98.4568%,500,31900,32400,24172,284,216,7728
0x65f876,98.4999%,499,32765,33264,24818,291,208,7947
0x780378,98.0618%,494,24994,25488,17519,331,163,7475
0x7d4f49,98.5209%,492,32772,33264,24830,279,213,7942
0x831b93,98.569%,476,32788,33264,7766,178,298,25022
0x65f976,98.572%,475,32789,33264,24813,296,179,7976
0x831c24,98.5871%,470,32794,33264,7777,167,303,25017
0x7a89a7,98.5931%,468,32796,33264,7971,184,284,24825
0x831b34,98.6382%,453,32811,33264,25055,265,188,7756
0x7863fa,98.6233%,452,32380,32832,24456,270,182,7924
0x831aa3,98.6412%,452,32812,33264,7777,167,285,25035
0x77e3c3,99.13%,451,51389,51840,36561,244,207,14828
0x7eed97,98.4423%,445,28122,28567,20656,272,173,7466
0x794f89,98.6446%,445,32387,32832,24651,282,163,7736
0x77e124,99.1341%,444,50831,51275,14852,183,261,35979
0x77b113,99.1633%,429,50846,51275,36011,229,200,14835
0x873168,98.4356%,419,26365,26784,8460,123,296,17905
0x86de8c,99.5881%,411,99381,99792,97874,70,341,1507
0x78072c,94.4557%,410,6985,7395,5795,175,235,1190
0x87397c,88.22%,407,3048,3455,2820,131,276,228
0x96b86e,99.8292%,406,237284,237690,225016,77,329,12268
0x780794,98.4228%,402,25086,25488,17828,265,137,7258
0x780689,98.4235%,398,24847,25245,17596,254,144,7251
0x795091,95.5095%,364,7742,8106,287,297,67,7455
0x780874,98.5836%,361,25127,25488,7278,117,244,17849
0x794f11,95.4551%,359,7540,7899,296,272,87,7244
0x780a17,98.5819%,358,24887,25245,17630,220,138,7257
0x7a3de4,98.6268%,350,25138,25488,17624,226,124,7514
0x87da65,98.6386%,347,25141,25488,17633,217,130,7508
0x7a3a65,98.6464%,345,25143,25488,17660,190,155,7483
0x780814,98.6621%,341,25147,25488,17874,219,122,7273
0x7d4e91,95.8553%,338,7817,8155,330,260,78,7487
0x64a9c3,99.432%,328,57422,57750,12795,117,211,44627
0x78b037,99.3692%,327,51513,51840,50826,54,273,687
0x7a3b44,98.7288%,324,25164,25488,17641,209,115,7523
0x786342,96.077%,318,7788,8106,322,262,56,7466
0x86dab6,99.6833%,316,99476,99792,97916,28,288,1560
0x87beec,98.7759%,312,25176,25488,7527,111,201,17649
0x87b673,98.8156%,307,25613,25920,7541,97,210,18072
0x7951c4,99.0741%,304,32528,32832,32203,21,283,325
0x878016,98.8191%,301,25187,25488,17654,196,105,7533
0x7a3cf5,98.8269%,299,25189,25488,17673,177,122,7516
0x879bd6,98.8465%,299,25621,25920,7692,108,191,17929
0x87daf4,98.8504%,293,25195,25488,17676,174,119,7519
0x7db0eb,98.885%,289,25631,25920,17939,181,108,7692
0x7db02b,98.885%,289,25631,25920,18096,186,103,7535
0x64a0fa,99.391%,287,46837,47124,7216,98,189,39621
0x7a1c86,98.8818%,285,25203,25488,17669,181,104,7534
0x7950b3,99.135%,284,32548,32832,32201,23,261,347
0x831b5a,99.1582%,280,32984,33264,32612,36,244,372
0x87bfc7,98.9014%,280,25208,25488,18143,163,117,7065
0x87db73,98.9093%,278,25210,25488,17679,171,107,7531
0x65f993,99.1733%,275,32989,33264,32619,29,246,370
0x786423,99.1654%,274,32558,32832,32149,75,199,409
0x8736a0,79.519%,264,1025,1289,888,92,172,137
0x64aa77,99.5498%,260,57490,57750,56560,35,225,930
0x794fac,99.2203%,256,32576,32832,32207,17,239,369
0x873974,93.4126%,255,3616,3871,235,181,74,3381
0x650352,99.1753%,254,30546,30800,25350,158,96,5196
0x65f893,99.2394%,253,33011,33264,32619,29,224,392
0x7eee57,99.1354%,247,28320,28567,28003,25,222,317
0x64a9da,99.5758%,245,57505,57750,5034,84,161,52471
0x8738c8,99.0625%,243,25677,25920,25413,27,216,264
0x831bea,99.2725%,242,33022,33264,32630,18,224,392
0x7d4f73,99.2755%,241,33023,33264,32639,9,232,384
0x831c4c,99.3025%,232,33032,33264,32623,25,207,409
0x77e28a,99.5544%,231,51609,51840,50833,47,184,776
0x65f914,99.3146%,228,33036,33264,32616,32,196,420
0x7a89d7,99.3236%,225,33039,33264,32623,25,200,416
0x77e1da,99.5718%,222,51618,51840,50854,26,196,764
0x873bd9,99.159%,218,25702,25920,25414,26,192,288
0x831afa,99.3506%,216,33048,33264,32621,27,189,427
0x64ebec,99.3395%,214,32186,32400,31768,32,182,418
0x7a8a9b,99.3627%,212,33052,33264,32634,14,198,418
0x7d4e89,99.3687%,210,33054,33264,25059,50,160,7995
0x873993,99.1898%,210,25710,25920,25418,22,188,292
0x7d4eb3,99.3747%,208,33056,33264,32630,18,190,426
0x78633a,99.3695%,207,32625,32832,24677,49,158,7948
0x873b99,99.2014%,207,25713,25920,25426,14,193,287
0x64b3e3,99.3807%,206,33058,33264,32631,17,189,427
0x64a181,99.5629%,206,46918,47124,46179,21,185,739
0x872894,99.4498%,206,37234,37440,37227,21,185,7
0x7a1cb7,99.1957%,205,25283,25488,24993,23,182,290
0x77e3ea,99.6065%,204,51636,51840,50841,39,165,795
0x794f09,99.3817%,203,32629,32832,24879,54,149,7750
0x794f2c,99.3878%,201,32631,32832,32209,15,186,422
0x786364,99.3908%,200,32632,32832,32214,10,190,418
0x7db095,97.4487%,199,7601,7800,393,150,49,7208
0x795089,99.4%,197,32635,32832,24676,50,147,7959
0x7a1c0e,97.447%,195,7443,7638,7059,47,148,384
0x7dafd5,97.4601%,194,7444,7638,385,147,47,7059
0x77e33a,99.6258%,194,51646,51840,50848,32,162,798
0x795588,98.7434%,191,15009,15200,12505,122,69,2504
0x7a1c37,99.2663%,187,25301,25488,24986,30,157,315
0x8767e4,99.2785%,187,25733,25920,25471,17,170,262
0x7db313,98.45%,186,11814,12000,1065,135,51,10749
0x7db11a,99.2978%,182,25738,25920,25413,27,155,325
0x650f37,98.8247%,181,15219,15400,2592,54,127,12627
0x87391b,99.3056%,180,25740,25920,25434,6,174,306
0x7db33f,98.5%,180,11820,12000,2682,78,102,9138
0x78c123,99.3171%,177,25743,25920,25736,22,155,7
0x797387,98.8636%,175,15225,15400,12645,109,66,2580
0x7a3e06,99.3134%,175,25313,25488,24992,24,151,321
0x797ae7,98.8636%,175,15225,15400,12640,114,61,2585
0x87a918,99.3056%,174,24882,25056,9,153,21,24873
0x878033,99.3252%,172,25316,25488,24999,17,155,317
0x780908,99.333%,170,25318,25488,25312,14,156,6
0x780a34,99.333%,170,25318,25488,25001,15,155,317
0x8737cc,99.348%,169,25751,25920,25430,10,159,321
0x78c1b3,99.3519%,168,25752,25920,25748,10,158,4
0x87a920,99.3292%,167,24727,24894,24714,18,149,13
0x7db329,98.6333%,164,11836,12000,1574,106,58,10262
0x77ee48,99.3644%,162,25326,25488,20345,71,91,4981
0x8740ad,99.692%,161,52111,52272,51621,18,143,490
0x77bf29,99.6842%,161,50815,50976,50579,73,88,236
0x8736b9,99.3789%,161,25759,25920,25431,9,152,328
0x77c5e7,99.6881%,159,50817,50976,50583,69,90,234
0x82770c,79.4393%,154,595,749,393,128,26,202
0x77c924,99.7038%,151,50825,50976,50760,50,101,65
0x873b59,99.4213%,150,25770,25920,25427,13,137,343
0x65037b,99.5162%,149,30651,30800,30170,14,135,481
0x7a3d19,99.4154%,149,25339,25488,25002,14,135,337
0x7dafcb,99.4329%,147,25773,25920,18226,56,91,7547
0x872a04,99.2201%,146,18574,18720,12835,125,21,5739
0x77c814,99.7156%,145,50831,50976,50766,44,101,65
0x77cf33,99.7214%,142,50834,50976,50761,49,93,73
0x87da95,98.154%,141,7497,7638,6964,74,67,533
0x797b16,99.0909%,140,15260,15400,15081,11,129,179
0x77cdf6,99.7273%,139,50837,50976,50755,55,84,82
0x77c8b4,99.7273%,139,50837,50976,50757,53,86,80
0x650f72,99.0974%,139,15261,15400,15082,10,129,179
0x848698,99.3966%,138,22733,22871,20004,8,130,2729
0x77cba3,99.7293%,138,50838,50976,50759,51,87,79
0x7973b6,99.1169%,136,15264,15400,15086,6,130,178
0x8728bd,99.6368%,136,37304,37440,36707,13,123,597
0x7da484,99.7396%,135,51705,51840,51295,67,68,410
0x7da6f4,99.7396%,135,51705,51840,51302,60,75,403
0x8739fb,99.483%,134,25786,25920,25425,15,119,361
0x77c563,99.7371%,134,50842,50976,50774,44,90,68
0x77ca44,99.7371%,134,50842,50976,50772,38,96,70
0x77cd78,99.7391%,133,50843,50976,50030,2,131,813
0x77cae4,99.7391%,133,50843,50976,50755,55,78,88
0x77c774,99.7391%,133,50843,50976,50763,47,86,80
0x77ee52,97.4172%,131,4941,5072,4834,63,68,107
0x7da5b5,99.7492%,130,51710,51840,51302,60,70,408
0x7da414,99.7492%,130,51710,51840,51295,67,63,415
0x77c165,99.745%,130,50846,50976,50764,54,76,82
0x77c226,99.745%,130,50846,50976,50772,46,84,74
0x8e40ab,99.7714%,129,56298,56427,648,118,11,55650
0x7a1c06,99.4939%,129,25359,25488,17812,38,91,7547
0x77cea3,99.7489%,128,50848,50976,50768,42,86,80
0x77c4d3,99.7489%,128,50848,50976,50776,42,86,72
0x77c436,99.7489%,128,50848,50976,50772,46,82,76
0x77cd35,99.7509%,127,50849,50976,50765,45,82,84
0x77afae,86.7708%,127,833,960,833,7,120,0
0x77bf5f,99.7509%,127,50849,50976,50032,0,127,817
0x7da3b9,99.755%,127,51713,51840,51310,52,75,403
0x77d92d,99.7569%,126,51714,51840,51305,54,72,409
0x77b109,99.7569%,126,51714,51840,515,50,76,51199
0x77d963,86.9792%,125,835,960,834,6,119,1
0x77c2d4,99.7548%,125,50851,50976,50766,52,73,85
0x77dfe2,86.9792%,125,835,960,835,5,120,0
0x77def2,87.0833%,124,836,960,836,4,120,0
0x77e119,99.7627%,123,51717,51840,518,47,76,51199
0x7da654,99.7627%,123,51717,51840,51299,63,60,418
0x77dd09,87.2917%,122,838,960,838,2,120,0
0x77b0de,87.2917%,122,838,960,837,3,119,1
0x77c374,99.7607%,122,50854,50976,50769,49,73,85
0x77de01,87.2917%,122,838,960,837,3,119,1
0x77c873,87.0763%,122,822,944,822,4,118,0
0x77da55,99.7666%,121,51719,51840,51314,45,76,405
0x77c8e5,87.1822%,121,823,944,823,3,118,0
0x77f704,87.1822%,121,823,944,823,3,118,0
0x77bf78,87.1822%,121,823,944,823,3,118,0
0x77c7c2,87.1822%,121,823,944,823,3,118,0
0x77c9a4,99.7626%,121,50855,50976,50767,43,78,88
0x77c49f,87.1822%,121,823,944,823,3,118,0
0x77c957,87.1822%,121,823,944,823,3,118,0
0x77dab8,87.5%,120,840,960,837,3,117,3
0x77db68,87.5%,120,840,960,838,2,118,2
0x77c0c4,99.7646%,120,50856,50976,50771,47,73,85
0x77c1ce,87.2881%,120,824,944,824,2,118,0
0x7da465,87.5%,120,840,960,836,4,116,4
0x77c627,87.2881%,120,824,944,824,2,118,0
0x77da08,87.5%,120,840,960,836,4,116,4
0x77b00e,87.5%,120,840,960,840,0,120,0
0x77dc9a,87.5%,120,840,960,840,0,120,0
0x77caa3,87.2881%,120,824,944,824,2,118,0
0x7da578,87.5%,120,840,960,839,1,119,1
0x7da794,99.7704%,119,51721,51840,51309,53,66,412
0x77cf88,87.3941%,119,825,944,824,2,117,1
0x77b07b,87.6042%,119,841,960,840,0,119,1
0x77cb44,99.7666%,119,50857,50976,50766,44,75,91
0x77c52d,87.3941%,119,825,944,825,1,118,0
0x77c5bd,87.3941%,119,825,944,825,1,118,0
0x77f814,87.3941%,119,825,944,825,1,118,0
0x77c290,87.3941%,119,825,944,824,2,117,1
0x78b59e,87.6042%,119,841,960,838,2,117,3
0x77c325,87.3941%,119,825,944,824,2,117,1
0x77c9f2,87.5%,118,826,944,825,1,117,1
0x77f864,87.5%,118,826,944,826,0,118,0
0x77aec4,87.7083%,118,842,960,838,2,116,4
0x77c116,87.5%,118,826,944,825,1,117,1
0x77cb75,87.5%,118,826,944,825,1,117,1
0x77cb14,87.5%,118,826,944,826,0,118,0
0x77cbe0,87.5%,118,826,944,826,0,118,0
0x7da6c1,87.7083%,118,842,960,839,1,117,3
0x77d9a5,99.7724%,118,51722,51840,51307,52,66,415
0x77ce67,87.6059%,117,827,944,825,1,116,2
0x77aee9,99.7743%,117,51723,51840,435,46,71,51288
0x87de24,99.541%,117,25371,25488,25276,50,67,95
0x7da3e4,87.8125%,117,843,960,839,1,116,4
0x77c3dd,87.6059%,117,827,944,824,2,115,3
0x7db08b,99.5486%,117,25803,25920,18085,35,82,7718
0x77cefd,87.6059%,117,827,944,825,1,116,2
0x7da75e,87.8125%,117,843,960,840,0,117,3
0x77ae8d,99.7762%,116,51724,51840,51305,54,62,419
0x7da802,87.9167%,116,844,960,838,2,114,6
0x77dc17,87.9167%,116,844,960,838,2,114,6
0x87dd6d,99.5449%,116,25372,25488,25279,47,69,93
0x77dc49,99.7801%,114,51726,51840,433,48,66,51293
0x77db05,99.7801%,114,51726,51840,51309,50,64,417
0x77f438,99.5527%,114,25374,25488,25286,55,59,88
0x7955da,99.2566%,113,15087,15200,14892,4,109,195
0x7da514,99.782%,113,51727,51840,51310,52,61,417
0x7dc317,99.0583%,113,11887,12000,9339,71,42,2548
0x8e3686,99.7724%,111,48661,48772,16966,22,89,31695
0x7dbbe7,99.075%,111,11889,12000,9335,75,36,2554
0x848168,97.9385%,110,5226,5336,4660,9,101,566
0x77dbb5,99.7897%,109,51731,51840,51311,48,61,420
0x87de8e,99.5841%,106,25382,25488,25280,46,60,102
0x77e961,99.6065%,102,25818,25920,25438,2,100,380
0x78c1c9,99.6103%,101,25819,25920,25434,6,95,385
0x7db348,99.1667%,100,11900,12000,9399,64,36,2501
0x8767fa,99.6142%,100,25820,25920,25437,3,97,383
0x77af64,99.809%,99,51741,51840,51729,27,72,12
0x87383b,99.6181%,99,25821,25920,25434,6,93,387
0x825cf1,98.3833%,97,5903,6000,5244,6,91,659
0x77dd65,99.8129%,97,51743,51840,51735,21,76,8
0x77f9c2,99.6258%,97,25823,25920,25716,42,55,107
0x830811,90%,96,864,960,839,1,95,25
0x87a94a,70.3704%,96,228,324,37,48,48,191
0x78c139,99.6373%,94,25826,25920,25430,10,84,396
0x64a0dc,99.8005%,94,47030,47124,9111,27,67,37919
0x77de55,99.8225%,92,51748,51840,51736,20,72,12
0x825d76,98.4667%,92,5908,6000,5237,13,79,671
0x77df45,99.8225%,92,51748,51840,51741,15,77,7
0x64add3,60.1732%,92,139,231,139,15,77,0
0x650e70,99.3867%,92,14908,15000,14690,10,82,218
0x7805d4,99.639%,92,25396,25488,25283,43,49,113
0x77e045,99.8245%,91,51749,51840,51739,17,74,10
0x77f976,99.6528%,90,25830,25920,25716,42,48,114
0x847ff6,97.5537%,90,3589,3679,786,35,55,2803
0x780584,99.6469%,90,25398,25488,25284,42,48,114
0x7d9111,99.6528%,90,25830,25920,25436,4,86,394
0x77b0b4,99.8264%,90,51750,51840,51738,18,72,12
0x77e885,99.6566%,89,25831,25920,25718,40,49,113
0x77dcc4,99.8283%,89,51751,51840,51746,10,79,5
0x7807b2,98.7965%,89,7306,7395,17,61,28,7289
0x7d4f51,98.9209%,88,8067,8155,2764,58,30,5303
0x77afe4,99.8302%,88,51752,51840,51739,17,71,13
0x78e668,61.4035%,88,140,228,134,18,70,6
0x8482c9,85.8766%,87,529,616,529,10,77,0
0x77e7b4,99.6644%,87,25833,25920,25719,39,48,114
0x7d90c3,99.6644%,87,25833,25920,271,41,46,25562
0x77e825,99.6644%,87,25833,25920,25721,37,50,112
0x92a67d,98.5259%,87,5815,5902,19,62,25,5796
0x77e724,99.6644%,87,25833,25920,25723,35,52,110
0x64ff62,62.3377%,87,144,231,21,56,31,123
0x7d8dd4,99.6682%,86,25834,25920,25561,47,39,273
0x7d8ed3,99.6682%,86,25834,25920,270,42,44,25564
0x77e764,99.6682%,86,25834,25920,25721,37,49,113
0x87dc98,99.6626%,86,25402,25488,25136,40,46,266
0x64a264,90.6926%,86,838,924,682,11,75,156
0x77f731,99.8313%,86,50890,50976,38,47,39,50852
0x7d8e44,99.6682%,86,25834,25920,25561,47,39,273
0x77c5fe,73.4568%,86,238,324,122,44,42,116
0x77b034,99.836%,85,51755,51840,51748,8,77,7
0x77bf3f,74.0741%,84,240,324,131,27,57,109
0x86e0d4,64.0693%,83,148,231,140,14,69,8
0x848218,86.526%,83,533,616,533,6,77,0
0x794881,63.5965%,83,145,228,136,16,67,9
0x87dd0e,99.6744%,83,25405,25488,109,41,42,25296
0x786402,98.9884%,82,8024,8106,2745,56,26,5279
0x650e47,99.4533%,82,14918,15000,14911,24,58,7
0x873f2f,99.6938%,82,26702,26784,26320,8,74,382
0x7d8bb3,99.6875%,81,25839,25920,25563,45,36,276
0x77f6df,99.8411%,81,50895,50976,50031,1,80,864
0x77aef8,99.8442%,80,51279,51359,51243,32,48,36
0x77dc58,99.8442%,80,51279,51359,51244,31,49,35
0x78050c,99.6861%,80,25408,25488,25040,43,37,368
0x7d56fb,65.368%,80,151,231,148,6,74,3
0x830703,92.6471%,80,1008,1088,940,12,68,68
0x7d8c43,99.6952%,79,25841,25920,25564,44,35,277
0x77f6b8,99.8489%,77,50899,50976,45,40,37,50854
0x7d8f54,99.7029%,77,25843,25920,25571,37,40,272
0x77e8d4,99.7029%,77,25843,25920,25726,32,45,117
0x7d9034,99.7029%,77,25843,25920,25574,34,43,269
0x7d5064,87.6623%,76,540,616,537,2,74,3
0x77d947,99.8534%,76,51764,51840,50877,3,73,887
0x77e6d4,99.7106%,75,25845,25920,25565,34,41,280
0x7d91b3,99.7106%,75,25845,25920,25567,41,34,278
0x7d9c78,99.7097%,74,25414,25488,25206,38,36,208
0x7d81ce,68.3983%,73,158,231,147,7,66,11
0x87b3fb,99.7184%,73,25847,25920,25435,5,68,412
0x7951a1,99.1118%,72,8034,8106,2751,50,22,5283
0x77ef28,99.7175%,72,25416,25488,37,42,30,25379
0x77e994,99.7222%,72,25848,25920,25810,31,41,38
0x794f91,99.0885%,72,7827,7899,2667,59,13,5160
0x77efa1,99.7214%,71,25417,25488,43,36,35,25374
0x7d9d6f,99.7254%,70,25418,25488,25211,33,37,207
0x77cf6a,99.8627%,70,50906,50976,50030,2,68,876
0x78b5d8,99.8669%,69,51771,51840,71,33,36,51700
0x7d91bd,77.8846%,69,243,312,123,27,42,120
0x7d9144,99.7338%,69,25851,25920,25570,38,31,281
0x86dae3,96.3203%,68,1780,1848,1610,7,61,170
0x7dc347,99.4333%,68,11932,12000,11757,3,65,175
0x780a13,99.7332%,68,25420,25488,212,31,37,25208
0x78067d,99.7332%,68,25420,25488,212,31,37,25208
0x78c15a,85.8333%,68,412,480,410,10,58,2
0x77ea95,99.7415%,67,25853,25920,25819,22,45,34
0x7d9bf2,99.7371%,67,25421,25488,25212,32,35,209
0x7d8c4d,78.8462%,66,246,312,120,30,36,126
0x78b60e,93.125%,66,894,960,839,1,65,55
0x77e93a,99.745%,65,25423,25488,25321,32,33,102
0x78b568,99.8746%,65,51775,51840,74,30,35,51701
0x878a10,86.2288%,65,407,472,407,6,59,0
0x7d8bff,86.6667%,64,416,480,416,4,60,0
0x78c1e0,86.6667%,64,416,480,416,4,60,0
0x7d8fc4,99.7531%,64,25856,25920,25575,33,31,281
0x86deb0,96.5368%,64,1784,1848,1606,11,53,178
0x8736cd,86.6667%,64,416,480,408,12,52,8
0x825cda,99.9611%,63,161937,162000,155990,10,53,5947
0x87dd26,99.0686%,63,6701,6764,134,28,35,6567
0x7d8f2d,86.875%,63,417,480,416,4,59,1
0x77c8d2,99.8764%,63,50913,50976,50026,6,57,887
0x7d911d,86.875%,63,417,480,417,3,60,0
0x77e74a,86.875%,63,417,480,416,4,59,1
0x7805f2,86.8644%,62,410,472,410,3,59,0
0x87664c,87.0833%,62,418,480,418,2,60,0
0x77e6fd,87.0833%,62,418,480,418,2,60,0
0x64c42e,73.1602%,62,169,231,128,26,36,41
0x77cb02,99.8784%,62,50914,50976,50030,2,60,884
0x879c03,99.7608%,62,25858,25920,25429,11,51,429
0x77e9fc,87.0833%,62,418,480,418,2,60,0
0x77c4f5,60.7595%,62,96,158,37,28,34,59
0x77e9b9,87.0833%,62,418,480,418,2,60,0
0x7d8c8f,87.0833%,62,418,480,418,2,60,0
0x780562,87.0763%,61,411,472,410,3,58,1
0x77f0d5,87.0763%,61,411,472,411,2,59,0
0x87604f,87.0763%,61,411,472,411,2,59,0
0x873ec2,93.6983%,61,907,968,844,3,58,63
0x77eb18,87.2917%,61,419,480,419,1,60,0
0x7d8f8c,87.2917%,61,419,480,418,2,59,1
0x77eab5,87.2917%,61,419,480,419,1,60,0
0x77f8b6,99.7607%,61,25427,25488,25015,1,60,412
0x77ea54,87.2917%,61,419,480,419,1,60,0
0x7d8e22,87.2917%,61,419,480,419,1,60,0
0x77e845,87.2917%,61,419,480,419,1,60,0
0x87ddc3,87.0763%,61,411,472,411,2,59,0
0x77e78c,87.2917%,61,419,480,419,1,60,0
0x77f195,87.0763%,61,411,472,411,2,59,0
0x876135,87.2917%,61,419,480,419,1,60,0
0x780938,87.2881%,60,412,472,410,3,57,2
0x77e8f5,87.5%,60,420,480,420,0,60,0
0x7d9068,87.5%,60,420,480,419,1,59,1
0x87dcd7,87.2881%,60,412,472,411,2,58,1
0x7d91f2,87.5%,60,420,480,418,2,58,2
0x77e975,87.5%,60,420,480,420,0,60,0
0x7d9017,87.5%,60,420,480,419,1,59,1
0x77f9f6,87.5%,60,420,480,420,0,60,0
0x876806,87.5%,60,420,480,418,2,58,2
0x7d9d4f,87.2881%,60,412,472,412,1,59,0
0x77e0df,93.75%,60,900,960,840,0,60,60
0x77e7e4,87.5%,60,420,480,420,0,60,0
0x7d8bbd,80.7692%,60,252,312,133,29,31,119
0x77e8af,87.5%,60,420,480,420,0,60,0
0x8e40b6,99.8957%,59,56522,56581,56393,34,25,129
0x77ef73,87.5%,59,413,472,413,0,59,0
0x7d8e78,87.7083%,59,421,480,420,0,59,1
0x77f8cd,87.5%,59,413,472,413,0,59,0
0x77c2f9,99.8843%,59,50917,50976,50031,1,58,886
0x7dbc17,99.5083%,59,11941,12000,11757,3,56,184
0x87de7b,87.5%,59,413,472,413,0,59,0
0x78b051,93.8542%,59,901,960,833,7,52,68
0x64ab5a,94.8918%,59,1096,1155,919,5,54,177
0x875b6b,87.5%,59,413,472,413,0,59,0
0x77f668,87.5%,59,413,472,413,0,59,0
0x77f508,99.7724%,58,25430,25488,25404,20,38,26
0x77e9d4,99.7762%,58,25862,25920,25817,24,34,45
0x77eaf5,99.7762%,58,25862,25920,25816,25,33,46
0x77ea24,99.7762%,58,25862,25920,25817,24,34,45
0x87384c,87.9167%,58,422,480,414,6,52,8
0x77e136,99.8881%,58,51782,51840,50876,4,54,906
0x8738d4,87.9167%,58,422,480,414,6,52,8
0x77eeb4,99.7764%,57,25431,25488,25009,7,50,422
0x7d9003,99.7801%,57,25863,25920,25434,6,51,429
0x873933,88.125%,57,423,480,410,10,47,13
0x64f7f5,90.7468%,57,559,616,536,3,54,23
0x8485fd,99.7508%,57,22813,22870,7576,22,35,15237
0x8737d8,88.125%,57,423,480,414,6,51,9
0x78bd34,94.1667%,56,904,960,839,1,55,65
0x87373f,88.3333%,56,424,480,416,4,52,8
0x780514,86.1728%,56,349,405,221,22,34,128
0x7d9d79,77.0492%,56,188,244,48,34,22,140
0x65dce4,76.1905%,55,176,231,145,9,46,31
0x77f8a0,99.7842%,55,25433,25488,25403,21,34,30
0x794eb3,89.6617%,55,477,532,453,3,52,24
0x7d9cf8,99.7842%,55,25433,25488,25220,24,31,213
0x7d9c82,77.459%,55,189,244,52,30,25,137
0x77f5e3,99.7842%,55,25433,25488,25402,22,33,31
0x77e6dd,83.1776%,54,267,321,133,29,25,134
0x65039e,91.3961%,53,563,616,457,5,48,106
0x7da4db,94.4792%,53,907,960,838,2,51,69
0x87b69c,99.7955%,53,25867,25920,25430,10,43,437
0x87317c,99.8021%,53,26731,26784,26282,6,47,449
0x8e4018,97.5735%,52,2091,2143,728,38,14,1363
0x77f1f8,88.9831%,52,420,472,411,2,50,9
0x7a8922,97.1861%,52,1796,1848,1609,8,44,187
0x8e3508,98.1387%,51,2689,2740,1353,17,34,1336
0x848682,99.9917%,51,617458,617509,594610,28,23,22848
0x879e4f,99.8032%,51,25869,25920,16167,33,18,9702
0x77e943,62.963%,50,85,135,57,22,28,28
0x872c12,78.7879%,49,182,231,142,12,37,40
0x7db035,99.3585%,49,7589,7638,2553,33,16,5036
0x7db3b8,99.5917%,49,11951,12000,11758,2,47,193
0x87363f,89.7917%,49,431,480,403,17,32,28
0x77c60f,99.9039%,49,50927,50976,50029,3,46,898
0x77f97f,69.7531%,49,113,162,56,27,22,57
0x65f3a3,97.4026%,48,1800,1848,1608,9,39,192
0x77dbfb,99.9093%,47,51793,51840,50877,3,44,916
0x77ce39,99.9078%,47,50929,50976,50025,7,40,904
0x7d9bfc,80.7377%,47,197,244,140,22,25,57
0x7da6b1,99.9093%,47,51793,51840,50880,0,47,913
0x77c585,70.8861%,46,112,158,48,21,25,64
0x873a98,99.8225%,46,25874,25920,25435,5,41,439
0x77f9cb,71.6049%,46,116,162,57,22,24,59
0x78fdef,79.8246%,46,182,228,144,8,38,38
0x78fb16,91.3534%,46,486,532,452,4,42,34
0x7da451,99.9113%,46,51794,51840,50877,3,43,917
0x7a1d8e,90.4661%,45,427,472,410,3,42,17
0x77c846,99.9117%,45,50931,50976,50029,3,42,902
0x64b748,99.9035%,45,46611,46656,44918,10,35,1693
0x77db4b,99.9151%,44,51796,51840,50880,0,44,916
0x8276a1,99.2657%,44,5948,5992,5242,1,43,706
0x77c260,99.9137%,44,50932,50976,50026,6,38,906
0x77b127,99.9151%,44,51796,51840,50876,4,40,920
0x7973c8,85.7143%,44,264,308,228,3,41,36
0x651091,93.0195%,43,573,616,535,4,39,38
0x77cda9,95.4449%,43,901,944,824,2,41,77
0x77c50a,99.9156%,43,50933,50976,50027,5,38,906
0x77cec5,74.0964%,43,123,166,118,7,36,5
0x7d59ff,97.4026%,42,1575,1617,1378,8,34,197
0x873c61,91.25%,42,438,480,415,5,37,23
0x78637e,93.0921%,42,566,608,528,4,38,38
0x77c3aa,99.9176%,42,50934,50976,50030,2,40,904
0x77efe0,91.3136%,41,431,472,411,2,39,20
0x650f9b,86.6883%,41,267,308,229,2,39,38
0x650e8d,86.3333%,41,259,300,220,5,36,39
0x797b28,86.6883%,41,267,308,228,3,38,39
0x8754b1,91.4583%,41,439,480,419,1,40,20
0x65f932,93.3442%,41,575,616,534,5,36,41
0x872bff,97.8355%,40,1808,1848,1612,5,35,196
0x77af30,99.9228%,40,51800,51840,50878,2,38,922
0x8747a8,99.8457%,40,25880,25920,25470,18,22,410
0x7a1c8e,99.4763%,40,7598,7638,5046,6,34,2552
0x7daff1,99.8457%,40,25880,25920,25433,7,33,447
0x7da3d7,99.9228%,40,51800,51840,50879,1,39,921
0x873a11,91.6667%,40,440,480,416,4,36,24
0x7a8aa8,93.6688%,39,577,616,537,2,37,40
0x7805b5,91.7373%,39,433,472,411,2,37,22
0x86d9a7,96.9907%,39,1257,1296,785,25,14,472
0x795265,99.7624%,39,16377,16416,15804,4,35,573
0x7d9181,91.875%,39,441,480,419,1,38,22
0x794fca,93.75%,38,570,608,523,9,29,47
0x87db1e,99.8509%,38,25450,25488,25009,7,31,441
0x77c0ea,99.9255%,38,50938,50976,50027,5,33,911
0x77e9a5,99.8534%,38,25882,25920,25438,2,36,444
0x7807cd,99.8509%,38,25450,25488,25013,3,35,437
0x7db0f5,99.5128%,38,7762,7800,2612,28,10,5150
0x795621,87.5%,38,266,304,224,4,34,42
0x873aac,92.0833%,38,442,480,413,7,31,29
0x77e6f0,99.8534%,38,25882,25920,25438,2,36,444
0x794f4a,93.9145%,37,571,608,530,2,35,41
0x77d9eb,99.9286%,37,51803,51840,50877,3,34,926
0x797155,99.7775%,37,16595,16632,15997,19,18,598
0x77e894,99.8573%,37,25883,25920,25439,1,36,444
0x77c796,99.9274%,37,50939,50976,50030,2,35,909
0x77aeab,99.9286%,37,51803,51840,50877,3,34,926
0x8e35c6,97.2993%,37,1333,1370,526,22,15,807
0x875ede,99.8548%,37,25451,25488,25309,17,20,142
0x97a6e8,99.0362%,37,3802,3839,1725,20,17,2077
0x831b64,94.1558%,36,580,616,535,4,32,45
0x77ceda,99.9294%,36,50940,50976,50031,1,35,909
0x831c56,94.1558%,36,580,616,535,4,32,45
0x77f9e6,99.8611%,36,25884,25920,25435,5,31,449
0x64b401,94.1558%,36,580,616,535,4,32,45
0x77f761,99.9294%,36,50940,50976,50030,2,34,910
0x77f99a,99.8611%,36,25884,25920,25438,2,34,446
0x831bf4,94.1558%,36,580,616,535,4,32,45
0x7da611,99.9325%,35,51805,51840,50878,2,33,927
0x87292b,95.1389%,35,685,720,594,6,29,91
0x7da7f2,99.9325%,35,51805,51840,50879,1,34,926
0x77f08c,92.5847%,35,437,472,413,0,35,24
0x77da9b,99.9325%,35,51805,51840,50877,3,32,928
0x8739a7,92.7083%,35,445,480,416,4,31,29
0x65f8b1,94.3182%,35,581,616,537,2,33,44
0x77f4a4,99.8627%,35,25453,25488,25015,1,34,438
0x7da4ce,99.9325%,35,51805,51840,50874,6,29,931
0x875b27,99.8666%,34,25454,25488,25308,18,16,146
0x8e3ff6,96.3043%,34,886,920,886,34,0,0
0x7d8f21,99.8688%,34,25886,25920,25438,2,32,448
0x64ec11,94.3333%,34,566,600,524,1,33,42
0x77cbca,99.9333%,34,50942,50976,50028,4,30,914
0x77ca76,99.9333%,34,50942,50976,50031,1,33,911
0x873beb,92.9167%,34,446,480,415,5,29,31
0x873bad,92.9167%,34,446,480,415,5,29,31
0x7a89e4,94.6429%,33,583,616,537,2,31,46
0x7950d4,94.5724%,33,575,608,529,3,30,46
0x78d1d6,94.5724%,33,575,608,528,4,29,47
0x873b6d,93.125%,33,447,480,418,2,31,29
0x77cb5f,99.9353%,33,50943,50976,50030,2,31,913
0x7db198,93.125%,33,447,480,419,1,32,28
0x7f994e,98.2143%,33,1815,1848,1369,17,16,446
0x848152,99.9771%,33,144039,144072,138716,20,13,5323
0x7eee6b,93.8776%,33,506,539,460,2,31,46
0x7d8bdc,99.8727%,33,25887,25920,25439,1,32,448
0x77c9c6,99.9353%,33,50943,50976,50028,4,29,915
0x7f939f,99.4505%,33,5973,6006,4143,15,18,1830
0x65f9b1,94.6429%,33,583,616,538,1,32,45
0x77c471,99.9353%,33,50943,50976,50029,3,30,914
0x77c93f,99.9353%,33,50943,50976,50031,1,32,912
0x831b04,94.6429%,33,583,616,538,1,32,45
0x7d8c6f,99.8727%,33,25887,25920,25440,0,33,447
0x873b2a,93.125%,33,447,480,416,4,29,31
0x64ffe2,97.3214%,33,1199,1232,1071,7,26,128
0x77f455,78.2313%,32,115,147,51,12,20,64
0x780749,99.8745%,32,25456,25488,25011,5,27,445
0x77af9f,99.9383%,32,51808,51840,50878,2,30,930
0x7951e5,94.7368%,32,576,608,527,5,27,49
0x87bc64,93.2203%,32,440,472,411,2,30,29
0x77dfc0,99.9383%,32,51808,51840,50879,1,31,929
0x7d8f82,99.8765%,32,25888,25920,25437,3,29,451
0x7f95e6,99.4228%,32,5512,5544,5372,28,4,140
0x873cb8,93.3333%,32,448,480,417,3,29,31
0x7d91db,99.8804%,31,25889,25920,25439,1,30,450
0x7d8e6e,99.8804%,31,25889,25920,25439,1,30,450
0x78e2ec,94.1729%,31,501,532,451,5,26,50
0x78f4f3,86.4035%,31,197,228,151,1,30,46
0x78f49f,98.3004%,31,1793,1824,1590,6,25,203
0x848205,99.9068%,31,33233,33264,32648,0,31,585
0x9773cc,99.9944%,31,550965,550996,550677,12,19,288
0x79184e,96.509%,31,857,888,664,2,29,193
0x65dcc7,99.9379%,31,49865,49896,48047,1,30,1818
0x7a24f7,82.4859%,31,146,177,112,6,25,34
0x77f039,93.4322%,31,441,472,413,0,31,28
0x77e14a,96.7708%,31,929,960,836,4,27,93
0x7f9230,99.5005%,30,5976,6006,5913,15,15,63
0x9773c7,99.9946%,30,551471,551501,7499,14,16,543972
0x77c19b,99.9411%,30,50946,50976,50030,2,28,916
0x7da81f,75%,30,90,120,58,2,28,32
0x872a4a,99.8397%,30,18690,18720,18359,1,29,331
0x8fa5ea,93.0556%,30,402,432,270,12,18,132
0x77cf55,81.9277%,30,136,166,136,6,24,0
0x873732,99.8843%,30,25890,25920,25439,1,29,451
0x64adb8,97.4026%,30,1125,1155,916,8,22,209
0x7d4ecd,95.1299%,30,586,616,538,1,29,48
0x78d1c0,99.8233%,29,16387,16416,15807,1,28,580
0x65f3ba,87.4459%,29,202,231,151,3,26,51
0x7d4f8d,95.2922%,29,587,616,539,0,29,48
0x7a3f30,93.9583%,29,451,480,419,1,28,32
0x78643d,95.2303%,29,579,608,531,1,28,48
0x7d9ca9,99.8862%,29,25459,25488,25015,1,28,444
0x87dd5c,93.8559%,29,443,472,409,4,25,34
0x8e4008,96.8478%,29,891,920,757,9,20,134
0x7975d2,95.2922%,29,587,616,538,1,28,49
0x77c59a,99.9431%,29,50947,50976,50031,1,28,916
0x78ad89,97.0833%,28,932,960,840,0,28,92
0x87886c,99.8901%,28,25460,25488,25304,19,9,156
0x77f9aa,94.1667%,28,452,480,419,1,27,33
0x977487,99.6273%,28,7485,7513,494,11,17,6991
0x8760d2,99.892%,28,25892,25920,25739,16,12,153
0x7a1e29,93.2203%,28,385,413,351,3,25,34
0x65ec14,87.8788%,28,203,231,147,7,21,56
0x77e413,97.0833%,28,932,960,838,2,26,94
0x96b7cc,99.9589%,28,68117,68145,12584,13,15,55533
0x87dea3,99.8901%,28,25460,25488,25011,5,23,449
0x795283,95.3947%,28,580,608,530,2,26,50
0x77ef4f,99.8901%,28,25460,25488,25014,2,26,446
0x64e571,99.7669%,28,11984,12012,11546,4,24,438
0x64a0c4,99.9406%,28,47096,47124,7930,8,20,39166
0x8307cd,96.8254%,28,854,882,434,16,12,420
0x7d7965,96.8889%,28,872,900,668,7,21,204
0x65dcd4,98.4848%,28,1820,1848,1617,0,28,203
0x64f9a8,99.8316%,28,16604,16632,16003,13,15,601
0x78f3b1,99.9431%,27,47397,47424,45596,4,23,1801
0x78d996,99.8311%,27,15957,15984,15383,9,18,574
0x78f181,99.8311%,27,15957,15984,15390,2,25,567
0x77e42f,77.5%,27,93,120,48,12,15,45
0x78afbe,98.8276%,27,2276,2303,2275,4,23,1
0x872fa0,99.8016%,27,13581,13608,13096,8,19,485
0x7d905e,99.8958%,27,25893,25920,25438,2,25,455
0x87b49d,94.2797%,27,445,472,411,2,25,34
0x77ee84,65.8228%,27,52,79,13,12,15,39
0x87a89c,94.375%,27,453,480,418,2,25,35
0x8726e7,85.9375%,27,165,192,129,7,20,36
0x7d9c1b,99.8941%,27,25461,25488,25014,2,25,447
0x64b76d,98.4375%,27,1701,1728,1511,1,26,190
0x877b63,94.2797%,27,445,472,412,1,26,33
0x77f7c4,97.1398%,27,917,944,825,1,26,92
0x77dcf3,99.9479%,27,51813,51840,50878,2,25,935
0x77b137,97.1875%,27,933,960,838,2,25,95
0x7aa47c,95.7237%,26,582,608,532,0,26,50
0x96b845,99.7936%,26,12571,12597,0,0,26,12571
0x87601f,99.898%,26,25462,25488,25014,2,24,448
0x77e2b3,97.2917%,26,934,960,837,3,23,97
0x87bea3,99.898%,26,25462,25488,159,6,20,25303
0x78bf71,78.3333%,26,94,120,51,9,17,43
0x87bf24,99.898%,26,25462,25488,25015,1,25,447
0x8307bd,99.9498%,26,51814,51840,50950,8,18,864
0x650d0b,95.7237%,26,582,608,532,0,26,50
0x7db051,99.8997%,26,25894,25920,25434,6,20,460
0x78dd64,97.8041%,26,1158,1184,1033,3,23,125
0x77e363,97.3958%,25,935,960,840,0,25,95
0x77f58f,94.7034%,25,447,472,413,0,25,34
0x77f135,94.7034%,25,447,472,410,3,22,37
0x64e74c,94.5887%,25,437,462,382,3,22,55
0x65e734,89.1775%,25,206,231,152,2,23,54
0x9773dc,99.9955%,25,550971,550996,550683,6,19,288
0x77e203,97.3958%,25,935,960,837,3,22,98
0x7d8e13,99.9035%,25,25895,25920,25439,1,24,456
0x8749ea,99.9035%,25,25895,25920,25439,1,24,456
0x77eb04,99.9035%,25,25895,25920,25438,2,23,457
0x77af47,97.3958%,25,935,960,837,3,22,98
0x7a5ea2,94.7034%,25,447,472,412,1,24,35
0x78f1ad,95.777%,25,567,592,518,0,25,49
0x873b16,99.9035%,25,25895,25920,25438,2,23,457
0x77dddf,99.9518%,25,51815,51840,50876,4,21,939
0x78059e,99.9019%,25,25463,25488,25014,2,23,449
0x77ea41,99.9074%,24,25896,25920,25439,1,23,457
0x65106f,99.8557%,24,16608,16632,16010,6,18,598
0x77f564,99.9058%,24,25464,25488,25011,5,19,453
0x87dcc3,99.9058%,24,25464,25488,25014,2,22,450
0x78e597,98.6842%,24,1800,1824,1593,3,21,207
0x65ec04,98.7013%,24,1824,1848,1614,3,21,210
0x7803ec,99.9058%,24,25464,25488,25014,2,22,450
0x878128,94.9153%,24,448,472,413,0,24,35
0x7da621,97.5%,24,936,960,839,1,23,97
0x77b06c,99.9537%,24,51816,51840,50878,2,22,938
0x780884,99.9058%,24,25464,25488,25015,1,23,449
0x77e8e8,99.9074%,24,25896,25920,25437,3,21,459
0x7806cb,94.9153%,24,448,472,410,3,21,38
0x7d98f1,94.4444%,24,408,432,258,12,12,150
0x876122,99.9113%,23,25897,25920,25440,0,23,457
0x87dd41,99.9098%,23,25465,25488,25013,3,20,452
0x7db0ba,99.9113%,23,25897,25920,25437,3,20,460
0x7f975e,99.5851%,23,5521,5544,3693,3,20,1828
0x7d9d92,99.9098%,23,25465,25488,25015,1,22,450
0x77ee68,86.8571%,23,152,175,88,8,15,64
0x8277d0,99.9735%,23,86809,86832,83609,7,16,3200
0x878050,95.1271%,23,449,472,412,1,22,37
0x64ad0a,99.9203%,23,28852,28875,27716,4,19,1136
0x793d18,97.4099%,23,865,888,660,6,17,205
0x6639b8,99.8617%,23,16609,16632,16015,1,22,594
0x77e0bf,99.9556%,23,51817,51840,50878,2,21,939
0x77f62b,99.9098%,23,25465,25488,25012,4,19,453
0x7975c5,99.8617%,23,16609,16632,16016,0,23,593
0x780921,99.9098%,23,25465,25488,25014,2,21,451
0x7dbf64,95.4167%,22,458,480,418,2,20,40
0x827bc4,99.9434%,22,38858,38880,37428,12,10,1430
0x97a6f6,98.9494%,22,2072,2094,1739,6,16,333
0x65ebf7,99.9559%,22,49874,49896,48037,11,11,1837
0x7db0c7,95.4167%,22,458,480,416,4,18,42
0x7db36a,99.1328%,22,2515,2537,2473,10,12,42
0x87267c,96.4744%,22,602,624,178,14,8,424
0x87deb0,95.339%,22,450,472,412,1,21,38
0x7d689d,97.5556%,22,878,900,669,6,16,209
0x7da568,99.9576%,22,51818,51840,50877,3,19,941
0x77d167,94.9074%,22,410,432,261,9,13,149
0x9773f3,99.996%,22,550974,550996,550225,5,17,749
0x7dbc29,90.8333%,22,218,240,176,4,18,42
0x7d504e,99.8677%,22,16610,16632,16011,5,17,599
0x78da1b,96.2838%,22,570,592,517,1,21,53
0x8306f7,99.9626%,22,58730,58752,57658,6,16,1072
0x78dc8d,98.1419%,22,1162,1184,1033,3,19,129
0x7a890c,99.9579%,21,49875,49896,48047,1,20,1828
0x7d560c,99.9563%,21,48027,48048,46196,4,17,1831
0x65e717,99.9579%,21,49875,49896,48046,2,19,1829
0x7a1c53,95.5508%,21,451,472,410,3,18,41
0x77ebd4,95.1389%,21,411,432,262,8,13,149
0x87b6b9,95.625%,21,459,480,417,3,18,42
0x7d9ccc,95.5508%,21,451,472,413,0,21,38
0x7d9604,95.1389%,21,411,432,261,9,12,150
0x827760,99.9574%,21,49227,49248,47424,0,21,1803
0x87bfe0,99.9176%,21,25467,25488,25014,2,19,453
0x64b14e,96.5909%,21,595,616,538,1,20,57
0x7a3a89,99.9176%,21,25467,25488,25013,3,18,454
0x78fdcc,98.6842%,21,1575,1596,1359,9,12,216
0x873c45,99.919%,21,25899,25920,25438,2,19,461
0x8789f2,99.9176%,21,25467,25488,25014,2,19,453
0x77affe,99.9595%,21,51819,51840,50878,2,19,941
0x8749fe,95.625%,21,459,480,419,1,20,40
0x7d9faa,95.1389%,21,411,432,260,10,11,151
0x7d99ee,95.1389%,21,411,432,261,9,12,150
0x77faa7,95.1389%,21,411,432,153,9,12,258
0x7807e0,95.5508%,21,451,472,412,1,20,39
0x7d9b01,95.1389%,21,411,432,154,8,13,257
0x780897,95.5508%,21,451,472,407,6,15,44
0x7803ff,95.7627%,20,452,472,411,2,18,41
0x664600,99.8797%,20,16612,16632,16014,2,18,598
0x77f775,97.8814%,20,924,944,826,0,20,98
0x780762,95.7627%,20,452,472,410,3,17,42
0x797717,99.8797%,20,16612,16632,16004,12,8,608
0x8482b6,99.9399%,20,33244,33264,32648,0,20,596
0x78e571,99.9594%,20,49228,49248,47422,2,18,1806
0x872bec,99.9599%,20,49876,49896,48047,1,19,1829
0x7d9a5c,95.3704%,20,412,432,261,9,11,151
0x7db127,95.8333%,20,460,480,418,2,18,42
0x8726c0,89.5833%,20,172,192,172,4,16,0
0x879e98,99.9228%,20,25900,25920,25438,2,18,462
0x78b587,99.9614%,20,51820,51840,50879,1,19,941
0x77e9e8,99.9228%,20,25900,25920,25439,1,19,461
0x77e831,99.9228%,20,25900,25920,25439,1,19,461
0x87a979,95.8333%,20,460,480,418,2,18,42
0x7d6a4a,98.3333%,20,1180,1200,1172,4,16,8
0x873c9c,99.8457%,20,12940,12960,12477,3,17,463
0x7da006,95.6019%,19,413,432,259,11,8,154
0x87bf4a,95.9746%,19,453,472,411,2,17,42
0x793ce7,99.9572%,19,44381,44400,43504,8,11,877
0x7978b5,99.8858%,19,16613,16632,16012,4,15,601
0x7db18b,99.8534%,19,12941,12960,12470,10,9,471
0x7d9da8,95.9746%,19,453,472,413,0,19,40
0x77efd1,99.9255%,19,25469,25488,25012,4,15,457
0x8e3edb,99.5643%,19,4342,4361,3633,10,9,709
0x7da74e,99.9633%,19,51821,51840,50880,0,19,941
0x64bf18,99.9614%,19,49229,49248,47422,2,17,1807
0x87ddb0,99.9255%,19,25469,25488,25015,1,18,454
0x77d04b,83.8983%,19,99,118,52,7,12,47
0x77f800,99.9627%,19,50957,50976,50030,2,17,927
0x77d217,95.6019%,19,413,432,260,10,9,153
0x872fb7,96.2302%,19,485,504,439,2,17,46
0x64b1c6,96.9156%,19,597,616,538,1,18,59
0x831a32,99.543%,19,4139,4158,4074,7,12,65
0x86d9c0,98.534%,19,1277,1296,1270,2,17,7
0x7f974b,98.3507%,19,1133,1152,1003,5,14,130
0x78e2d8,99.8677%,19,14345,14364,13832,0,19,513
0x825dea,99.9889%,18,161982,162000,155991,9,9,5991
0x65e724,99.026%,18,1830,1848,1613,4,14,217
0x7a3e19,96.1864%,18,454,472,411,2,16,43
0x7a3d2c,96.1864%,18,454,472,412,1,17,42
0x77e778,99.9306%,18,25902,25920,25437,3,15,465
0x7da061,95.8333%,18,414,432,259,11,7,155
0x8276f0,99.9889%,18,161766,161784,155790,2,16,5976
0x7d5a22,92.2078%,18,213,231,152,2,16,61
0x78e11f,97.0395%,18,590,608,529,3,15,61
0x7d9c38,96.1864%,18,454,472,413,0,18,41
0x7d93e4,95.8333%,18,414,432,261,9,9,153
0x7daffe,96.25%,18,462,480,420,0,18,42
0x87db28,96.1864%,18,454,472,413,0,18,41
0x64e9df,97%,18,582,600,521,4,14,61
0x64ea54,99.8889%,18,16182,16200,15598,2,16,584
0x7db05e,96.25%,18,462,480,419,1,17,43
0x7f9542,99.0741%,18,1926,1944,1907,1,17,19
0x8480cd,99.6627%,18,5318,5336,28,4,14,5290
0x77fa3d,95.8333%,18,414,432,261,9,9,153
0x77f181,99.9294%,18,25470,25488,25016,0,18,454
0x97741a,99.9967%,18,550978,550996,543367,8,10,7611
0x7d9594,95.8333%,18,414,432,261,9,9,153
0x7f9372,99.0741%,18,1926,1944,1903,5,13,23
0x8277ee,99.4403%,18,3198,3216,2810,4,14,388
0x797db0,99.8978%,17,16615,16632,16015,1,16,600
0x64ffce,99.9489%,17,33247,33264,32032,0,17,1215
0x7d9534,96.0648%,17,415,432,261,9,8,154
0x64e9a5,99.8951%,17,16183,16200,15590,10,7,593
0x827543,99.7165%,17,5980,5997,5243,5,12,737
0x78dd97,88.5135%,17,131,148,69,5,12,62
0x7d9d29,99.9333%,17,25471,25488,25016,0,17,455
0x78fd81,99.9605%,17,43075,43092,41491,5,12,1584
0x7d8993,96.0648%,17,415,432,155,7,10,260
0x77f4cd,96.3983%,17,455,472,413,0,17,42
0x64b892,99.0162%,17,1711,1728,1511,1,16,200
0x780846,96.3983%,17,455,472,413,0,17,42
0x825d66,99.9895%,17,161983,162000,155988,12,5,5995
0x7a3b79,96.3983%,17,455,472,411,2,15,44
0x7d59e4,99.9611%,17,43642,43659,42040,2,15,1602
0x77ded0,99.9672%,17,51823,51840,50876,4,13,947
0x87bffe,96.3983%,17,455,472,412,1,16,43
0x77b0ce,99.9691%,16,51824,51840,50879,1,15,945
0x8129e0,99.5914%,16,3900,3916,420,6,10,3480
0x7d9663,96.2963%,16,416,432,157,5,11,259
0x87abcc,96.6102%,16,456,472,412,1,15,44
0x7972a4,99.9038%,16,16616,16632,16015,1,15,601
0x87dac6,96.6102%,16,456,472,413,0,16,43
0x7938de,99.9279%,16,22184,22200,21307,5,11,877
0x879c21,96.6667%,16,464,480,419,1,15,45
0x7f956f,99.7114%,16,5528,5544,3694,2,14,1834
0x77f472,80.9524%,16,68,84,13,5,11,55
0x8e3f16,99.9956%,16,361670,361686,0,0,16,361670
0x5e9603,99.9951%,16,323984,324000,323247,3,13,737
0x797a11,97.4026%,16,600,616,539,0,16,61
0x827c55,99.9588%,16,38864,38880,37436,4,12,1428
0x87dba5,96.6102%,16,456,472,411,2,14,45
0x7da691,96.8619%,15,463,478,443,5,10,20
0x7a3f15,99.8843%,15,12945,12960,12477,3,12,468
0x78ec6d,99.9051%,15,15793,15808,15198,2,13,595
0x7d94b3,96.5278%,15,417,432,158,4,11,259
0x64b85a,99.9678%,15,46641,46656,44922,6,9,1719
0x7a1cce,96.822%,15,457,472,413,0,15,44
0x794d0d,99.8916%,15,13817,13832,13300,0,15,517
0x7d96e4,96.5278%,15,417,432,261,9,6,156
0x796a09,97.5649%,15,601,616,536,3,12,65
0x796fc4,97.5649%,15,601,616,536,3,12,65
0x87db91,99.9411%,15,25473,25488,25016,0,15,457
0x87d934,99.5292%,15,3171,3186,3125,2,13,46
0x7a3a9c,96.822%,15,457,472,411,2,13,46
0x77f850,99.9706%,15,50961,50976,50028,4,11,933
0x87c900,98.9407%,15,1401,1416,1236,3,12,165
0x95f9a8,98.0263%,15,745,760,76,0,15,669
0x78082e,99.9411%,15,25473,25488,25014,2,13,459
0x7d9454,96.5278%,15,417,432,262,8,7,155
0x831942,99.6392%,15,4143,4158,4077,4,11,66
0x65f38c,99.9699%,15,49881,49896,48046,2,13,1835
0x7f93f2,99.7475%,14,5530,5544,5465,7,7,65
0x7a1d49,99.8859%,14,12258,12272,11794,6,8,464
0x78fab9,99.9025%,14,14350,14364,13830,2,12,520
0x78e610,99.9716%,14,49234,49248,47424,0,14,1810
0x8e3e3b,99.4891%,14,2726,2740,1365,5,9,1361
0x7f965a,98.7847%,14,1138,1152,1110,6,8,28
0x87b373,99.892%,14,12946,12960,12477,3,11,469
0x7d9172,99.946%,14,25906,25920,25440,0,14,466
0x7d7667,98.4444%,14,886,900,668,7,7,218
0x873e21,99.9464%,14,26122,26136,25166,2,12,956
0x827896,99.964%,14,38866,38880,37436,4,10,1430
0x7978c2,97.7273%,14,602,616,537,2,12,65
0x64b2b7,97.7273%,14,602,616,539,0,14,63
0x64bfb6,99.2325%,14,1810,1824,1594,2,12,216
0x664be0,99.9158%,14,16618,16632,16012,4,10,606
0x873d08,99.892%,14,12946,12960,12478,2,12,468
0x664c09,97.7273%,14,602,616,537,2,12,65
0x64bf30,99.2873%,13,1811,1824,1592,4,9,219
0x797162,97.8896%,13,603,616,537,2,11,66
0x650cf4,99.9208%,13,16403,16416,15806,2,11,597
0x95faeb,98.2895%,13,747,760,684,0,13,63
0x64bb88,98.9969%,13,1283,1296,1244,4,9,39
0x78020c,99.898%,13,12731,12744,12264,8,5,467
0x7a3b66,99.949%,13,25475,25488,25015,1,12,460
0x843062,99.8426%,13,8247,8260,0,0,13,8247
0x87aa7e,99.8997%,13,12947,12960,12478,2,11,469
0x825e76,99.992%,13,161987,162000,155997,3,10,5990
0x77cced,99.796%,13,6359,6372,6250,4,9,109
0x64b130,99.9218%,13,16619,16632,16015,1,12,604
0x77c07c,99.796%,13,6359,6372,6252,2,11,107
0x77dc80,99.9749%,13,51827,51840,50877,3,10,950
0x873360,99.898%,13,12731,12744,12265,7,6,466
0x8319d2,99.6873%,13,4145,4158,4081,0,13,64
0x64b1a8,99.9218%,13,16619,16632,16016,0,13,603
0x7972b1,97.8896%,13,603,616,538,1,12,65
0x7a8939,94.3723%,13,218,231,152,2,11,66
0x7d7918,99.9711%,13,44987,45000,44099,1,12,888
0x77e7d1,99.9498%,13,25907,25920,25437,3,10,470
0x78b5f7,99.9749%,13,51827,51840,50879,1,12,948
0x77c645,99.796%,13,6359,6372,6250,4,9,109
0x87bc48,99.898%,13,12731,12744,12266,6,7,465
0x64b22f,98.0519%,12,604,616,539,0,12,65
0x7d9b14,97.2222%,12,420,432,420,4,8,0
0x78dc25,99.9625%,12,31956,31968,30784,0,12,1172
0x7db3da,95%,12,228,240,177,3,9,51
0x9600c5,98.9574%,12,1139,1151,223,8,4,916
0x977404,99.9978%,12,550984,550996,7612,9,3,543372
0x64a113,99.9745%,12,47112,47124,47112,12,0,0
0x7db1eb,99.9074%,12,12948,12960,12476,4,8,472
0x872796,98.0769%,12,612,624,612,0,12,0
0x77fe3c,94.4444%,12,204,216,204,4,8,0
0x64ba38,99.0741%,12,1284,1296,1245,3,9,39
0x878104,99.9058%,12,12732,12744,12267,5,7,465
0x797c05,98.0519%,12,604,616,537,2,10,67
0x7dc359,95%,12,228,240,179,1,11,49
0x875b48,99.9529%,12,25476,25488,25016,0,12,460
0x7dbf57,99.9074%,12,12948,12960,12476,4,8,472
0x874166,99.977%,12,52260,52272,51303,1,11,957
0x827679,99.9926%,12,161772,161784,155786,6,6,5986
0x64a457,99.8918%,12,11076,11088,10162,2,10,914
0x796fb7,99.9278%,12,16620,16632,16011,5,7,609
0x877f8c,97.4576%,12,460,472,411,2,10,49
0x9774b8,99.9755%,12,49044,49056,7002,6,6,42042
0x786297,98.0263%,12,596,608,530,2,10,66
0x64fa02,98.0519%,12,604,616,538,1,11,66
0x78ef9b,94.7368%,12,216,228,148,4,8,68
0x876303,94.4444%,12,204,216,202,6,6,2
0x797dbd,98.0519%,12,604,616,538,1,11,66
0x7da5f1,97.4895%,12,466,478,442,6,6,24
0x8278b4,99.1667%,12,1428,1440,1258,2,10,170
0x797f90,99.9278%,12,16620,16632,16013,3,9,607
0x8741a1,98.7603%,12,956,968,846,1,11,110
0x797a04,99.9278%,12,16620,16632,16016,0,12,604
0x7806b7,99.9529%,12,25476,25488,25016,0,12,460
0x961785,97.7612%,12,524,536,224,6,6,300
0x7a401d,97.2222%,12,420,432,420,4,8,0
0x791a26,99%,12,1188,1200,1173,3,9,15
0x7da032,97.4537%,11,421,432,421,3,8,0
0x87abb6,99.9137%,11,12733,12744,12266,6,5,467
0x7f9730,99.4342%,11,1933,1944,1906,2,9,27
0x64bf9c,99.9777%,11,49237,49248,47422,2,9,1815
0x797f9d,98.2143%,11,605,616,538,1,10,67
0x87de5f,99.9568%,11,25477,25488,25015,1,10,462
0x7930d7,99.9505%,11,22189,22200,21312,0,11,877
0x8777b8,99.9137%,11,12733,12744,12269,3,8,464
0x64f876,98.2143%,11,605,616,536,3,8,69
0x78dd0c,99.9656%,11,31957,31968,30783,1,10,1174
0x77facb,97.4537%,11,421,432,421,3,8,0
0x78b9bc,98.8542%,11,949,960,839,1,10,110
0x7d9503,97.4537%,11,421,432,421,3,8,0
0x7d95d9,97.4537%,11,421,432,421,3,8,0
0x790f67,95.1754%,11,217,228,3,3,8,214
0x87a886,99.9576%,11,25909,25920,25437,3,8,472
0x831972,99.7354%,11,4147,4158,4080,1,10,67
0x873e46,98.8636%,11,957,968,847,0,11,110
0x7a3fb8,93.2099%,11,151,162,151,0,11,0
0x831a02,99.7354%,11,4147,4158,4079,2,9,68
0x77cc27,99.8274%,11,6361,6372,6253,1,10,108
0x7a3161,97.6695%,11,461,472,410,3,8,51
0x7a3f98,97.4537%,11,421,432,156,6,5,265
0x64f7d8,99.9339%,11,16621,16632,16015,1,10,606
0x78e0b8,99.9304%,11,15797,15808,15197,3,8,600
0x87a758,99.9151%,11,12949,12960,12474,6,5,475
0x87a963,99.9561%,11,25045,25056,24592,0,11,453
0x96164d,99.0435%,11,1139,1150,0,0,11,1139
0x665738,99.9339%,11,16621,16632,16015,1,10,606
0x77bfd5,99.8274%,11,6361,6372,6252,2,9,109
0x873540,99.9137%,11,12733,12744,12271,1,10,462
0x796e72,98.2143%,11,605,616,539,0,11,66
0x792b07,98.7613%,11,877,888,662,4,7,215
0x7a1ba6,97.6695%,11,461,472,412,1,10,49
0x64ea71,98.1667%,11,589,600,524,1,10,65
0x77f1e4,99.9608%,10,25478,25488,25015,1,9,463
0x877c5b,99.9608%,10,25478,25488,25013,3,7,465
0x831e93,95.3704%,10,206,216,206,2,8,0
0x64b5bd,95.671%,10,221,231,0,0,10,221
0x7d89a6,97.6852%,10,422,432,422,2,8,0
0x793b22,98.8739%,10,878,888,666,0,10,212
0x82777e,99.4518%,10,1814,1824,1593,3,7,221
0x7dbb21,97.9167%,10,470,480,419,1,9,51
0x961692,95.6522%,10,220,230,150,4,6,70
0x78add4,98.9583%,10,950,960,840,0,10,110
0x827a2d,99.9743%,10,38870,38880,37439,1,9,1431
0x77c6a7,99.8431%,10,6362,6372,6254,0,10,108
0x87b419,97.9167%,10,470,480,418,2,8,52
0x873ffd,99.9627%,10,26774,26784,26287,1,9,487
0x977439,99.8688%,10,7611,7621,0,0,10,7611
0x830802,99.9807%,10,51830,51840,50879,1,9,951
0x77f7b1,99.9804%,10,50966,50976,50031,1,9,935
0x77b14a,91.6667%,10,110,120,56,4,6,54
0x64bb03,79.1667%,10,38,48,38,4,6,0
0x78e631,99.4518%,10,1814,1824,1594,2,8,220
0x64bae0,99.2284%,10,1286,1296,1247,1,9,39
0x796e65,99.9399%,10,16622,16632,16013,3,7,609
0x78b971,99.9199%,10,12470,12480,11518,2,8,952
0x786876,99.9807%,10,51830,51840,50877,3,7,953
0x77eaa1,99.9614%,10,25910,25920,25440,0,10,470
0x7f946a,98.2639%,10,566,576,535,5,5,31
0x830a38,98.3766%,10,606,616,539,0,10,67
0x7868a3,98.9583%,10,950,960,836,4,6,114
0x77bff7,99.8431%,10,6362,6372,6253,1,9,109
0x797724,98.3766%,10,606,616,536,3,7,70
0x77bfb7,99.8431%,10,6362,6372,6253,1,9,109
0x6500a2,99.1883%,10,1222,1232,1076,2,8,146
0x7db35a,99.6058%,10,2527,2537,134,7,3,2393
0x64b938,99.9786%,10,46646,46656,44925,3,7,1721
0x8e3ee3,98.6072%,10,708,718,581,0,10,127
0x78bfa2,99.6914%,10,3230,3240,3177,3,7,53
0x7d9715,97.6852%,10,422,432,422,2,8,0
0x7d8cb5,99.6914%,10,3230,3240,3176,4,6,54
0x87d9e5,99.7175%,9,3177,3186,3127,0,9,50
0x7d56bf,99.513%,9,1839,1848,1615,2,7,224
0x77ec13,97.9167%,9,423,432,423,1,8,0
0x7928a8,99.9595%,9,22191,22200,21311,1,8,880
0x663722,98.539%,9,607,616,539,0,9,68
0x875213,98.125%,9,471,480,419,1,8,52
0x87362b,99.9653%,9,25911,25920,25437,3,6,474
0x7d9a88,97.9167%,9,423,432,423,1,8,0
0x827707,99.8498%,9,5983,5992,5237,6,3,746
0x7d9976,97.9167%,9,423,432,423,1,8,0
0x7dc435,98.125%,9,471,480,418,2,7,53
0x7d9fdf,97.9167%,9,423,432,423,1,8,0
0x77bf95,99.8588%,9,6363,6372,6254,0,9,109
0x961595,99.0217%,9,911,920,74,3,6,837
0x735dc3,99.9162%,9,10729,10738,10322,3,6,407
0x7da0c8,97.9167%,9,423,432,423,1,8,0
0x8e35a8,99.3431%,9,1361,1370,1361,9,0,0
0x877668,99.9294%,9,12735,12744,12272,0,9,463
0x961575,99.2174%,9,1141,1150,229,1,8,912
0x77f07b,99.9647%,9,25479,25488,25016,0,9,463
0x7952f5,99.9452%,9,16407,16416,15806,2,7,601
0x7d8d45,99.7222%,9,3231,3240,3179,1,8,52
0x795313,98.5197%,9,599,608,532,0,9,67
0x64f858,99.9459%,9,16623,16632,16016,0,9,607
0x77b39e,99.5312%,9,1911,1920,1680,0,9,231
0x7a5d23,98.0932%,9,463,472,411,2,7,52
0x77c72c,99.8588%,9,6363,6372,6253,1,8,110
0x877f68,99.9294%,9,12735,12744,12269,3,6,466
0x7d96b3,97.9167%,9,423,432,423,1,8,0
0x8273e8,99.85%,9,5991,6000,5248,2,7,743
0x78b024,99.9826%,9,51807,51816,49532,5,4,2275
0x77f121,99.9647%,9,25479,25488,25015,1,8,464
0x795f3e,99.8861%,9,7895,7904,7296,0,9,599
0x7987b1,96.1039%,9,222,231,154,0,9,68
0x877b54,99.9294%,9,12735,12744,12269,3,6,466
0x7a5b03,98.0932%,9,463,472,408,5,4,55
0x87d995,99.7175%,9,3177,3186,3125,2,7,52
0x7d9565,97.9167%,9,423,432,423,1,8,0
0x7a378a,99.9294%,9,12735,12744,12271,1,8,464
0x77cc05,99.8588%,9,6363,6372,6254,0,9,109
0x87b389,98.125%,9,471,480,419,1,8,52
0x793365,98.9865%,9,879,888,664,2,7,215
0x77c685,99.8588%,9,6363,6372,6253,1,8,110
0x7a1e0c,99.9193%,9,11142,11151,10734,4,5,408
0x77c705,99.8588%,9,6363,6372,6254,0,9,109
0x7d8cf5,99.7531%,8,3232,3240,3178,2,6,54
0x8756c0,99.9383%,8,12952,12960,12478,2,6,474
0x7dc5dd,98.3333%,8,472,480,419,1,7,53
0x87663c,99.9383%,8,12952,12960,12479,1,7,473
0x827525,99.9951%,8,161911,161919,155919,3,5,5992
0x877c72,98.3051%,8,464,472,413,0,8,51
0x7d942a,98.1481%,8,424,432,424,0,8,0
0x7d962d,98.1481%,8,424,432,424,0,8,0
0x78054b,99.9686%,8,25480,25488,25016,0,8,464
0x64bc58,98.7654%,8,640,648,622,2,6,18
0x7d9a35,98.1481%,8,424,432,424,0,8,0
0x64ba4f,83.3333%,8,40,48,40,2,6,0
0x876f7c,98.3051%,8,464,472,411,2,6,53
0x64bbad,83.3333%,8,40,48,40,2,6,0
0x77e735,99.9691%,8,25912,25920,25439,1,7,473
0x64b95d,99.537%,8,1720,1728,1511,1,7,209
0x7f955c,98.6111%,8,568,576,504,0,8,64
0x790fae,96.3964%,8,214,222,0,0,8,214
0x87b487,99.9686%,8,25480,25488,25014,2,6,466
0x830a21,99.9519%,8,16624,16632,16013,3,5,611
0x7db9c5,99.9383%,8,12952,12960,12477,3,5,475
0x7d947d,98.1481%,8,424,432,424,0,8,0
0x872a33,95.8549%,8,185,193,96,1,7,89
0x795fe9,98.6842%,8,600,608,532,0,8,68
0x77cca7,99.8745%,8,6364,6372,6254,0,8,110
0x7a37f3,99.7489%,8,3178,3186,3125,2,6,53
0x97ae52,99.7804%,8,3635,3643,1897,1,7,1738
0x64a52c,99.1342%,8,916,924,690,3,5,226
0x78dce3,99.3243%,8,1176,1184,1176,8,0,0
0x77c667,99.8745%,8,6364,6372,6252,2,6,112
0x6636b8,99.9519%,8,16624,16632,16014,2,6,610
0x7a5e8d,99.9372%,8,12736,12744,12271,1,7,465
0x7dbe15,99.9383%,8,12952,12960,12476,4,4,476
0x78ad74,99.9691%,8,25912,25920,24956,4,4,956
0x791594,99.964%,8,22192,22200,21310,2,6,882
0x8745a0,98.1481%,8,424,432,424,0,8,0
0x830e44,96.2963%,8,208,216,205,3,5,3
0x77c6c5,99.8745%,8,6364,6372,6253,1,7,111
0x797bea,99.9519%,8,16624,16632,16014,2,6,610
0x77d19a,98.1481%,8,424,432,424,0,8,0
0x77d247,98.1481%,8,424,432,424,0,8,0
0x7d8551,96.6667%,8,232,240,116,4,4,116
0x78be6a,99.1667%,8,952,960,838,2,6,114
0x87b585,99.7489%,8,3178,3186,3124,3,5,54
0x77fa61,98.1481%,8,424,432,424,0,8,0
0x735e2d,98.063%,8,405,413,353,1,7,52
0x65008e,99.9759%,8,33256,33264,32031,1,7,1225
0x872ddf,98.1481%,8,424,432,415,1,7,9
0x77fcd9,99.8718%,8,6232,6240,5758,2,6,474
0x7a3799,98.3051%,8,464,472,412,1,7,52
0x83073b,93.2692%,7,97,104,94,2,5,3
0x7daf89,98.3333%,7,413,420,360,0,7,53
0x64b299,99.9579%,7,16625,16632,16015,1,6,610
0x77f02d,99.9725%,7,25481,25488,25016,0,7,465
0x8754a4,99.946%,7,12953,12960,12478,2,5,475
0x7a44fe,98.8782%,7,617,624,598,2,5,19
0x735be2,99.9348%,7,10731,10738,10324,1,6,407
0x874039,98.5887%,7,489,496,431,3,4,58
0x7a22d3,99.5056%,7,1409,1416,1237,2,5,172
0x6650fc,90.9091%,7,70,77,0,0,7,70
0x7a3718,98.5169%,7,465,472,411,2,5,54
0x77cc45,99.8901%,7,6365,6372,6254,0,7,111
0x825e01,99.8833%,7,5993,6000,5246,4,3,747
0x876eed,99.9451%,7,12737,12744,12272,0,7,465
0x7d8d85,99.784%,7,3233,3240,3179,1,6,54
0x77cc67,99.8901%,7,6365,6372,6254,0,7,111
0x7dbe22,98.5417%,7,473,480,417,3,4,56
0x64b211,99.9579%,7,16625,16632,16016,0,7,609
0x780a55,98.5169%,7,465,472,411,2,5,54
0x8730fd,99.9739%,7,26777,26784,26777,7,0,0
0x7daded,99.9359%,7,10913,10920,10499,1,6,414
0x7805e5,99.9725%,7,25481,25488,25016,0,7,465
0x77cc85,99.8901%,7,6365,6372,6254,0,7,111
0x8740bc,98.8942%,7,626,633,617,3,4,9
0x825e86,99.8833%,7,5993,6000,5249,1,6,744
0x7a184d,99.9451%,7,12737,12744,12270,2,5,467
0x77c055,99.8901%,7,6365,6372,6253,1,6,112
0x78bcf8,99.973%,7,25913,25920,24958,2,5,955
0x64bd43,70.8333%,7,17,24,17,4,3,0
0x87b890,99.946%,7,12953,12960,12479,1,6,474
0x8756cc,98.5417%,7,473,480,419,1,6,54
0x7964f9,98.8636%,7,609,616,539,0,7,70
0x87dab3,99.9725%,7,25481,25488,25015,1,6,466
0x7dc41a,99.946%,7,12953,12960,12478,2,5,475
0x7dc251,98.5417%,7,473,480,416,4,3,57
0x8e3ef6,99.0251%,7,711,718,0,0,7,711
0x80c6c4,90.7895%,7,69,76,65,2,5,4
0x77c015,99.8901%,7,6365,6372,6253,1,6,112
0x82798d,99.982%,7,38873,38880,37438,2,5,1435
0x827a58,99.5139%,7,1433,1440,1257,3,4,176
0x876505,93.2692%,7,97,104,96,0,7,1
0x8fa059,99.8814%,7,5895,5902,5893,2,5,2
0x831a62,99.8316%,7,4151,4158,4080,1,6,71
0x77f403,94.0678%,7,111,118,56,3,4,55
0x876432,98.3796%,7,425,432,423,1,6,2
0x78adc4,99.973%,7,25913,25920,24959,1,6,954
0x796bf7,90.9091%,7,70,77,0,0,7,70
0x7db6e5,99.946%,7,12953,12960,12478,2,5,475
0x7f92d3,99.6399%,7,1937,1944,1927,5,2,10
0x64aa17,99.9879%,7,57743,57750,57743,7,0,0
0x827be2,99.5139%,7,1433,1440,1259,1,6,174
0x87b4f5,99.7803%,7,3179,3186,3125,2,5,54
0x791a7e,70.8333%,7,17,24,17,1,6,0
0x79695e,99.9126%,7,8001,8008,7392,0,7,609
0x77c5f0,97.8395%,7,317,324,0,0,7,317
0x7dc790,99.946%,7,12953,12960,12479,1,6,474
0x7d6a60,70.8333%,7,17,24,17,1,6,0
0x879475,96.7593%,7,209,216,206,2,5,3
0x8e3404,99.4891%,7,1363,1370,0,0,7,1363
0x876f6c,99.9451%,7,12737,12744,12270,2,5,467
0x8777c5,98.7288%,6,466,472,411,2,4,55
0x7a244c,99.9821%,6,33447,33453,32213,1,5,1234
0x7f91fa,99.6753%,6,1842,1848,0,0,6,1842
0x735c50,98.5472%,6,407,413,354,0,6,53
0x78a9a4,99.9769%,6,25914,25920,24959,1,5,955
0x9602a3,97.4026%,6,225,231,225,6,0,0
0x827b04,99.9846%,6,38874,38880,37440,0,6,1434
0x875984,98.6111%,6,426,432,423,1,5,3
0x831912,99.8557%,6,4152,4158,4079,2,4,73
0x960202,97.4026%,6,225,231,0,0,6,225
0x7db1f8,98.75%,6,474,480,418,2,4,56
0x7a5efa,99.9529%,6,12738,12744,12272,0,6,466
0x77f845,99.9882%,6,50970,50976,50970,4,2,0
0x92a64f,99.8983%,6,5896,5902,0,0,6,5896
0x780223,98.7288%,6,466,472,413,0,6,53
0x87966d,99.9529%,6,12738,12744,12271,1,5,467
0x7a471c,98.9418%,6,561,567,544,2,4,17
0x87be25,99.9529%,6,12738,12744,12272,0,6,466
0x87b89d,98.75%,6,474,480,420,0,6,54
0x877766,99.9529%,6,12738,12744,12271,1,5,467
0x7a1886,98.7288%,6,466,472,412,1,5,54
0x77fafe,98.6111%,6,426,432,424,0,6,2
0x87be3b,98.7288%,6,466,472,413,0,6,53
0x874511,98.6111%,6,426,432,422,2,4,4
0x873565,98.7288%,6,466,472,412,1,5,54
0x7db827,99.9537%,6,12954,12960,12478,2,4,476
0x6656bf,92.2078%,6,71,77,0,0,6,71
0x7d8577,95%,6,114,120,56,4,2,58
0x7a58cc,99.9529%,6,12738,12744,12271,1,5,467
0x7dc5d0,99.9537%,6,12954,12960,12480,0,6,474
0x78620e,99.9241%,6,7898,7904,7295,1,5,603
0x8734ad,98.7288%,6,466,472,413,0,6,53
0x650d19,92.1053%,6,70,76,70,4,2,0
0x787b43,99.9519%,6,12474,12480,11517,3,3,957
0x77b3c7,97.5%,6,234,240,118,2,4,116
0x87967d,98.7288%,6,466,472,412,1,5,54
0x87aa93,98.75%,6,474,480,420,0,6,54
0x8e3503,99.781%,6,2734,2740,1365,5,1,1369
0x7f929a,99.0385%,6,618,624,585,3,3,33
0x7a28aa,99.9529%,6,12738,12744,12272,0,6,466
0x77fd0e,98.75%,6,474,480,418,2,4,56
0x7d6645,99.9733%,6,22494,22500,21598,2,4,896
0x87d9c3,99.8117%,6,3180,3186,3125,2,4,55
0x664629,99.026%,6,610,616,539,0,6,71
0x873242,97.2222%,6,210,216,207,1,5,3
0x830966,97.2222%,6,210,216,206,2,4,4
0x87620f,98.6111%,6,426,432,422,2,4,4
0x7a3599,99.9529%,6,12738,12744,12271,1,5,467
0x7d883c,97.2222%,6,210,216,205,3,3,5
0x7a35c1,98.7288%,6,466,472,412,1,5,54
0x87c4eb,99.0741%,6,642,648,622,2,4,20
0x7a36a1,99.9529%,6,12738,12744,12271,1,5,467
0x8273d8,99.9963%,6,161994,162000,155999,1,5,5995
0x78ee80,99.0132%,6,602,608,532,0,6,70
0x7a5dbe,98.7288%,6,466,472,411,2,4,55
0x77ccc5,99.9058%,6,6366,6372,6254,0,6,112
0x793b4f,97.2973%,6,216,222,0,0,6,216
0x649be2,97.4026%,6,225,231,0,0,6,225
0x65f7f3,92.2078%,6,71,77,0,0,6,71
0x7d8d17,99.8148%,6,3234,3240,3180,0,6,54
0x7dc79d,98.75%,6,474,480,419,1,5,55
0x87cf32,98.6111%,6,426,432,423,1,5,3
0x785ece,94.2308%,6,98,104,92,4,2,6
0x663a22,99.026%,6,610,616,539,0,6,71
0x87d955,99.8117%,6,3180,3186,3126,1,5,54
0x78880b,99.375%,6,954,960,839,1,5,115
0x87d973,99.8117%,6,3180,3186,3125,2,4,55
0x7dc244,99.9537%,6,12954,12960,12480,0,6,474
0x78c003,99.8148%,6,3234,3240,3178,2,4,56
0x87c8ce,99.9843%,6,38226,38232,36815,1,5,1411
0x874234,97.2222%,6,210,216,206,2,4,4
0x77fddb,62.5%,6,10,16,8,0,6,2
0x78c034,99.8148%,6,3234,3240,3180,0,6,54
0x77fdb0,94.2308%,6,98,104,95,1,5,3
0x877391,99.9441%,6,10732,10738,10324,1,5,408
0x7a3814,99.8117%,6,3180,3186,3126,1,5,54
0x7a28f5,98.7288%,6,466,472,412,1,5,54
0x77eb50,98.6111%,6,426,432,424,0,6,2
0x91fb1b,98.6842%,6,450,456,0,0,6,450
0x7dbb14,99.9537%,6,12954,12960,12479,1,5,475
0x9600b5,99.4787%,6,1145,1151,0,0,6,1145
0x7db6f2,98.9583%,5,475,480,420,0,5,55
0x8751fc,99.9614%,5,12955,12960,12477,3,2,478
0x7a346b,99.9552%,5,11146,11151,10737,1,4,409
0x64bdd8,99.2284%,5,643,648,623,1,4,20
0x8e3717,99.9897%,5,48767,48772,48767,5,0,0
0x876efe,98.9407%,5,467,472,413,0,5,54
0x7d7439,99.9778%,5,22495,22500,21599,1,4,896
0x7d87d6,95.8333%,5,115,120,58,2,3,57
0x64beb7,79.1667%,5,19,24,19,2,3,0
0x7964d3,99.5942%,5,1227,1232,616,0,5,611
0x65f0e0,99.2284%,5,643,648,623,1,4,20
0x64575a,99.8524%,5,3383,3388,2539,2,3,844
0x87b4c5,99.8431%,5,3181,3186,3127,0,5,54
0x7a1576,98.9407%,5,467,472,413,0,5,54
0x87513d,99.2284%,5,643,648,624,0,5,19
0x91f8bd,98.9339%,5,464,469,3,3,2,461
0x8e5f02,99.1896%,5,612,617,0,0,5,612
0x77f0c8,99.9804%,5,25483,25488,25016,0,5,467
0x77e934,99.9807%,5,25915,25920,432,0,5,25483
0x8279b6,99.6528%,5,1435,1440,1257,3,2,178
0x91fdf1,98.9035%,5,451,456,182,4,1,269
0x64a3c1,99.4589%,5,919,924,0,0,5,919
0x831f0b,93.5065%,5,72,77,72,5,0,0
0x64bc6f,79.1667%,5,19,24,19,2,3,0
0x650eae,93.5065%,5,72,77,0,0,5,72
0x87318f,98.9919%,5,491,496,433,1,4,58
0x7a5ad1,99.9608%,5,12739,12744,12272,0,5,467
0x79562e,93.4211%,5,71,76,0,0,5,71
0x7a5cf0,99.9608%,5,12739,12744,12271,1,4,468
0x78019c,97.6852%,5,211,216,207,1,4,4
0x77ee63,97.1429%,5,170,175,0,0,5,170
0x7a5f09,98.9407%,5,467,472,412,1,4,55
0x8e38e1,99.635%,5,1365,1370,544,4,1,821
0x873376,98.9407%,5,467,472,413,0,5,54
0x87514d,79.1667%,5,19,24,19,2,3,0
0x87c949,97.1751%,5,172,177,172,2,3,0
0x877773,98.9407%,5,467,472,412,1,4,55
0x7a2f2a,99.9593%,5,12267,12272,11800,0,5,467
0x960099,99.5656%,5,1146,1151,0,0,5,1146
0x7dc0f5,99.9614%,5,12955,12960,12479,1,4,476
0x64bd19,99.2284%,5,643,648,623,1,4,20
0x6f4655,93.5065%,5,72,77,72,5,0,0
0x87988a,98.9583%,5,475,480,418,2,3,57
0x78c0a2,99.8457%,5,3235,3240,3179,1,4,56
0x86e3b7,93.5065%,5,72,77,72,3,2,0
0x665f8c,93.5065%,5,72,77,72,3,2,0
0x87464b,98.8426%,5,427,432,423,1,4,4
0x665ba0,93.5065%,5,72,77,72,5,0,0
0x64b97c,66.6667%,5,10,15,6,3,2,4
0x87b5e5,99.8431%,5,3181,3186,3126,1,4,55
0x9600ad,99.5656%,5,1146,1151,0,0,5,1146
0x77f91f,98.8426%,5,427,432,423,1,4,4
0x7d8cd7,99.8457%,5,3235,3240,3180,0,5,55
0x7d8d67,99.8457%,5,3235,3240,3178,2,3,57
0x786190,99.1776%,5,603,608,0,0,5,603
0x87a76e,98.9583%,5,475,480,419,1,4,56
0x87da33,99.8431%,5,3181,3186,3127,0,5,54
0x7a153d,99.9608%,5,12739,12744,12272,0,5,467
0x9617da,98.366%,5,301,306,73,3,2,228
0x78be48,99.9807%,5,25915,25920,24959,1,4,956
0x7a3854,99.8431%,5,3181,3186,3126,1,4,55
0x877691,98.9407%,5,467,472,412,1,4,55
0x77e2e0,95.8333%,5,115,120,0,0,5,115
0x7a58e3,98.9407%,5,467,472,411,2,3,56
0x78c57e,79.1667%,5,19,24,19,2,3,0
0x77eeda,98.9407%,5,467,472,411,2,3,56
0x8e36a3,99.9897%,5,48767,48772,0,0,5,48767
0x87b555,99.8431%,5,3181,3186,3126,1,4,55
0x7db9d2,98.9583%,5,475,480,419,1,4,56
0x7a2473,99.5964%,5,1234,1239,1062,0,5,172
0x7aa46c,99.9695%,5,16411,16416,15808,0,5,603
0x787c0f,99.4792%,5,955,960,840,0,5,115
0x7a2c1b,99.9608%,5,12739,12744,12272,0,5,467
0x7a5da0,99.9608%,5,12739,12744,12272,0,5,467
0x827b21,99.6528%,5,1435,1440,1258,2,3,177
0x5416e1,98.913%,5,455,460,0,0,5,455
0x795fc3,99.5888%,5,1211,1216,607,1,4,604
0x77fdc8,68.75%,5,11,16,0,3,2,11
0x77e3a3,99.4792%,5,955,960,0,0,5,955
0x8757a3,97.6852%,5,211,216,207,1,4,4
0x77faf1,98.8426%,5,427,432,0,0,5,427
0x9615b5,99.4069%,5,838,843,0,0,5,838
0x7d9df2,98.8426%,5,427,432,424,0,5,3
0x78e30f,93.4211%,5,71,76,0,2,3,71
0x7a3895,99.8431%,5,3181,3186,3127,0,5,54
0x977519,99.0099%,5,500,505,0,0,5,500
0x873489,99.9608%,5,12739,12744,12272,0,5,467
0x84802b,99.8865%,4,3521,3525,2854,4,0,667
0x8e5f11,99.3517%,4,613,617,0,0,4,613
0x87b615,99.8745%,4,3182,3186,3126,1,3,56
0x960bc3,98.2684%,4,227,231,227,4,0,0
0x77f912,99.0741%,4,428,432,0,0,4,428
0x87a020,99.1667%,4,476,480,418,2,2,58
0x665038,98.1481%,4,212,216,207,1,3,5
0x8794c4,98.1481%,4,212,216,208,0,4,4
0x87b525,99.8745%,4,3182,3186,3127,0,4,55
0x827c81,99.7222%,4,1436,1440,1259,1,3,177
0x80c628,94.8052%,4,73,77,73,3,1,0
0x84306a,99.9516%,4,8256,8260,8256,4,0,0
0x7a5267,98.0769%,4,204,208,200,0,4,4
0x77f871,96.6102%,4,114,118,58,1,3,56
0x79631c,99.3506%,4,612,616,0,0,4,612
0x786155,99.3421%,4,604,608,0,0,4,604
0x872dec,75%,4,12,16,12,2,2,0
0x961d25,98.2609%,4,226,230,0,0,4,226
0x77f6c8,95.2941%,4,81,85,0,2,2,81
0x7a38d2,99.8745%,4,3182,3186,3126,1,3,56
0x8e5eea,99.3517%,4,613,617,0,0,4,613
0x796809,99.3506%,4,612,616,0,0,4,612
0x77e23e,96.6667%,4,116,120,0,0,4,116
0x7a11fd,99.9686%,4,12740,12744,12271,1,3,469
0x87da13,99.8745%,4,3182,3186,3127,0,4,55
0x65f0f6,83.3333%,4,20,24,20,1,3,0
0x7a57ca,97.8836%,4,185,189,180,2,2,5
0x77c6e7,99.9372%,4,6368,6372,6254,0,4,114
0x64bea0,99.3827%,4,644,648,624,0,4,20
0x64bdfd,83.3333%,4,20,24,20,1,3,0
0x7a5f61,93.3333%,4,56,60,56,3,1,0
0x86506f,99.1304%,4,456,460,0,0,4,456
0x827a69,99.466%,4,745,749,567,2,2,178
0x879ebc,99.1667%,4,476,480,418,2,2,58
0x650014,98.2684%,4,227,231,73,4,0,154
0x77b61e,99.7917%,4,1916,1920,1678,2,2,238
0x785ac1,96.1538%,4,100,104,95,1,3,5
0x7a4743,80.9524%,4,17,21,17,1,3,0
0x87b5b5,99.8745%,4,3182,3186,3127,0,4,55
0x7db834,99.1667%,4,476,480,419,1,3,57
0x873d26,99.1667%,4,476,480,420,0,4,56
0x963707,99.6522%,4,1146,1150,0,0,4,1146
0x785bf2,96.1538%,4,100,104,95,1,3,5
0x87986c,99.9691%,4,12956,12960,12479,1,3,477
0x7a40b9,98.0769%,4,204,208,199,1,3,5
0x7d88e5,98.1481%,4,212,216,208,0,4,4
0x7d87b0,98.3333%,4,236,240,118,2,2,118
0x7968b4,99.3506%,4,612,616,0,0,4,612
0x663594,94.8052%,4,73,77,0,0,4,73
0x7a34ac,99.0315%,4,409,413,353,1,3,56
0x879d2b,92.5926%,4,50,54,50,3,1,0
0x8727a3,66.6667%,4,8,12,8,2,2,0
0x7a4b69,98.1481%,4,212,216,208,0,4,4
0x7a1236,99.1525%,4,468,472,412,1,3,56
0x645684,99.5277%,4,843,847,0,0,4,843
0x7a459c,83.3333%,4,20,24,20,1,3,0
0x8262a7,99.4667%,4,746,750,0,0,4,746
0x7a1b6c,99.9686%,4,12740,12744,12272,0,4,468
0x791990,83.3333%,4,20,24,0,0,4,20
0x7a416c,97.8836%,4,185,189,181,1,3,4
0x780948,93.2203%,4,55,59,55,3,1,0
0x7a2c5d,99.1525%,4,468,472,412,1,3,56
0x7a3fd9,97.5309%,4,158,162,107,1,3,51
0x875824,98.1481%,4,212,216,207,1,3,5
0x77e2f3,99.5833%,4,956,960,0,0,4,956
0x97a68d,97.0803%,4,133,137,0,0,4,133
0x872ad4,98.8889%,4,356,360,300,0,4,56
0x78c062,99.8765%,4,3236,3240,3180,0,4,56
0x786903,96.6667%,4,116,120,59,1,3,57
0x7db41a,93.3333%,4,56,60,0,0,4,56
0x7d8da5,99.8765%,4,3236,3240,3179,1,3,57
0x78a9b4,99.5833%,4,956,960,839,1,3,117
0x788786,99.9679%,4,12476,12480,11520,0,4,956
0x7d9ac2,96.1538%,4,100,104,95,1,3,5
0x9636e3,99.6522%,4,1146,1150,0,0,4,1146
0x7d853a,99.7917%,4,1916,1920,1679,1,3,237
0x87888f,97.5758%,4,161,165,0,3,1,161
0x865095,99.1304%,4,456,460,456,4,0,0
0x7a4f1a,98.1481%,4,212,216,207,1,3,5
0x95faa6,94.7368%,4,72,76,0,0,4,72
0x879302,98.1481%,4,212,216,208,0,4,4
0x8319a2,99.9038%,4,4154,4158,4081,0,4,73
0x8e408e,99.5652%,4,916,920,0,0,4,916
0x963d13,99.6525%,4,1147,1151,0,0,4,1147
0x7d7edd,98.2684%,4,227,231,227,4,0,0
0x8481f0,99.988%,4,33260,33264,32831,1,3,429
0x785e23,50%,4,4,8,0,0,4,4
0x7dc102,99.1667%,4,476,480,419,1,3,57
0x796c41,96.1039%,3,74,77,0,0,3,74
0x80dc46,96.1039%,3,74,77,0,0,3,74
0x87930f,62.5%,3,5,8,5,2,1,0
0x787ca3,97.5%,3,117,120,117,1,2,0
0x64e904,96.1039%,3,74,77,0,2,1,74
0x92a7cb,99.9485%,3,5818,5821,0,0,3,5818
0x7d89bd,62.5%,3,5,8,5,2,1,0
0x87a902,99.375%,3,477,480,16,0,3,461
0x86d9dd,87.5%,3,21,24,19,2,1,2
0x87a8a5,95%,3,57,60,0,0,3,57
0x95f969,96.0526%,3,73,76,0,0,3,73
0x879250,98.6111%,3,213,216,208,0,3,5
0x64bbbc,66.6667%,3,6,9,3,3,0,3
0x77b599,95%,3,57,60,0,0,3,57
0x96154a,99.7391%,3,1147,1150,0,0,3,1147
0x7d9254,99.3056%,3,429,432,424,0,3,5
0x879d6b,94.4444%,3,51,54,51,2,1,0
0x8cff4c,99.6739%,3,917,920,0,0,3,917
0x66574e,99.513%,3,613,616,539,0,3,74
0x91f814,99.3603%,3,466,469,0,0,3,466
0x7d7850,99.6667%,3,897,900,0,0,3,897
0x7d981f,94.4444%,3,51,54,51,2,1,0
0x7d988d,94.4444%,3,51,54,51,2,1,0
0x78bfd4,99.9074%,3,3237,3240,3180,0,3,57
0x87740c,99.2736%,3,410,413,353,1,2,57
0x64a8a2,99.7403%,3,1152,1155,0,0,3,1152
0x7969e3,99.7565%,3,1229,1232,614,2,1,615
0x78efb0,96.0526%,3,73,76,0,2,1,73
0x7a33d9,99.2736%,3,410,413,0,0,3,410
0x7d9dbf,94.9153%,3,56,59,56,2,1,0
0x91f7c2,99.3603%,3,466,469,456,0,3,10
0x663f9c,96.1039%,3,74,77,0,0,3,74
0x865065,99.3478%,3,457,460,0,0,3,457
0x9636a7,99.7391%,3,1147,1150,0,0,3,1147
0x7a14b3,99.3644%,3,469,472,0,0,3,469
0x7886d2,99.6875%,3,957,960,0,0,3,957
0x86d97f,98.7013%,3,228,231,226,2,1,2
0x7d9c88,98.1481%,3,159,162,0,0,3,159
0x7d84e6,97.5%,3,117,120,0,0,3,117
0x91fb15,99.3421%,3,453,456,0,0,3,453
0x797a3d,96.1039%,3,74,77,0,0,3,74
0x97984e,99.9312%,3,4358,4361,0,0,3,4358
0x873d73,95%,3,57,60,57,2,1,0
0x7a3832,99.9058%,3,3183,3186,3127,0,3,56
0x650296,98.7013%,3,228,231,74,3,0,154
0x8e3b9f,99.781%,3,1367,1370,0,0,3,1367
0x77efa3,99.9882%,3,25406,25409,25406,3,0,0
0x7d5cb2,98.7013%,3,228,231,4,2,1,224
0x64b629,98.7013%,3,228,231,13,2,1,215
0x77eb21,95%,3,57,60,57,2,1,0
0x7a2ba3,99.3644%,3,469,472,469,3,0,0
0x796c05,96.1039%,3,74,77,0,0,3,74
0x84801b,99.9185%,3,3676,3679,0,0,3,3676
0x877ba9,94.9153%,3,56,59,0,0,3,56
0x64ff7b,98.0519%,3,151,154,0,0,3,151
0x842368,99.8712%,3,2327,2330,2327,3,0,0
0x864f86,99.3478%,3,457,460,457,3,0,0
0x6651b8,96.1039%,3,74,77,74,3,0,0
0x97ace6,82.3529%,3,14,17,14,2,1,0
0x77fcfd,99.6875%,3,957,960,478,2,1,479
0x7a536e,62.5%,3,5,8,0,0,3,5
0x785bb3,62.5%,3,5,8,0,0,3,5
0x8d0348,98.9051%,3,271,274,137,0,3,134
0x77ebd8,98.1481%,3,159,162,0,0,3,159
0x77f51d,95.3125%,3,61,64,61,2,1,0
0x64fa3b,96.1039%,3,74,77,74,3,0,0
0x663756,96.1039%,3,74,77,74,3,0,0
0x7a4ac0,62.5%,3,5,8,0,0,3,5
0x796582,96.1039%,3,74,77,0,0,3,74
0x7f9599,99.8377%,3,1845,1848,0,0,3,1845
0x8277f3,99.5995%,3,746,749,569,0,3,177
0x7a2b6e,99.3644%,3,469,472,0,0,3,469
0x8e3edf,99.5822%,3,715,718,0,0,3,715
0x8482a1,99.991%,3,33261,33264,32830,2,1,431
0x796642,96.1039%,3,74,77,0,0,3,74
0x77e580,97.1154%,3,101,104,96,0,3,5
0x7f938c,99.5192%,3,621,624,546,0,3,75
0x848222,96.1039%,3,74,77,0,0,3,74
0x864e4b,99.3478%,3,457,460,0,0,3,457
0x7a223e,99.9919%,3,36813,36816,35400,0,3,1413
0x77fab8,98.8889%,3,267,270,267,3,0,0
0x87c518,87.5%,3,21,24,21,0,3,0
0x8e7b61,99.5138%,3,614,617,0,0,3,614
0x8d034a,97.8102%,3,134,137,134,3,0,0
0x86d6b7,96.1039%,3,74,77,0,2,1,74
0x7d4dd8,87.5%,3,21,24,21,0,3,0
0x796688,96.1039%,3,74,77,0,0,3,74
0x7a38b2,99.9058%,3,3183,3186,3127,0,3,56
0x963d23,99.7394%,3,1148,1151,0,0,3,1148
0x960265,98.7013%,3,228,231,0,0,3,228
0x963d0a,99.7394%,3,1148,1151,0,0,3,1148
0x7a3873,99.9058%,3,3183,3186,3127,0,3,56
0x873ea4,99.9943%,3,52269,52272,51304,0,3,965
0x7d879a,99.8438%,3,1917,1920,1679,1,2,238
0x77e368,98.3333%,2,118,120,0,0,2,118
0x7968bd,99.6753%,2,614,616,0,0,2,614
0x864fde,99.5652%,2,458,460,0,0,2,458
0x77e5a7,87.5%,2,14,16,7,1,1,7
0x649c56,99.1342%,2,229,231,0,0,2,229
0x7d93bb,96.2963%,2,52,54,52,1,1,0
0x7a2b79,99.5763%,2,470,472,0,0,2,470
0x77f1d5,99.9922%,2,25486,25488,25486,2,0,0
0x78b8b8,98.3333%,2,118,120,118,2,0,0
0x7d9a92,75%,2,6,8,6,1,1,0
0x7d9875,96.2963%,2,52,54,52,1,1,0
0x8756f4,96.6667%,2,58,60,58,1,1,0
0x64ab79,99.1342%,2,229,231,229,2,0,0
0x95fa0d,97.3684%,2,74,76,74,2,0,0
0x8e35e6,99.854%,2,1368,1370,0,0,2,1368
0x797416,97.4026%,2,75,77,0,0,2,75
0x831de1,75%,2,6,8,6,2,0,0
0x7d92b8,96.2963%,2,52,54,52,1,1,0
0x865027,99.5652%,2,458,460,0,0,2,458
0x785afe,75%,2,6,8,6,1,1,0
0x87893d,98.7654%,2,160,162,0,0,2,160
0x77f733,99.9961%,2,50889,50891,50889,2,0,0
0x830e54,75%,2,6,8,6,1,1,0
0x92a7fe,97.5309%,2,79,81,73,1,1,6
0x879d49,96.2963%,2,52,54,52,1,1,0
0x9600e8,99.7826%,2,918,920,0,0,2,918
0x80c510,97.4026%,2,75,77,0,0,2,75
0x9615f0,99.3485%,2,305,307,229,1,1,76
0x77f0b4,99.9922%,2,25486,25488,25486,2,0,0
0x8480e2,99.9623%,2,5302,5304,5302,2,0,0
0x7d9637,75%,2,6,8,6,1,1,0
0x91f7fa,99.5736%,2,467,469,0,0,2,467
0x780a6d,96.6102%,2,57,59,57,1,1,0
0x64ad15,99.8268%,2,1153,1155,1153,2,0,0
0x64d7f9,97.4026%,2,75,77,75,2,0,0
0x7d9e03,75%,2,6,8,6,1,1,0
0x7d88fd,75%,2,6,8,6,1,1,0
0x86ebd5,96.6667%,2,58,60,58,1,1,0
0x7f9777,99.8918%,2,1846,1848,1846,2,0,0
0x788869,0%,2,0,2,0,1,1,0
0x8cff5d,99.7826%,2,918,920,0,0,2,918
0x80c6a2,97.4026%,2,75,77,0,1,1,75
0x7887da,99.8958%,2,1918,1920,960,0,2,958
0x77ebda,98.7654%,2,160,162,160,2,0,0
0x77eb61,75%,2,6,8,6,1,1,0
0x66df59,0%,2,0,2,0,2,0,0
0x960283,99.1342%,2,229,231,0,0,2,229
0x77af01,97.619%,2,82,84,0,0,2,82
0x7a580c,71.4286%,2,5,7,5,1,1,0
0x665fc1,0%,2,0,2,0,2,0,0
0x86e157,97.4026%,2,75,77,75,2,0,0
0x77f794,99.9961%,2,50974,50976,50974,0,2,0
0x785c2d,75%,2,6,8,6,1,1,0
0x91f820,99.5736%,2,467,469,0,0,2,467
0x77f7f5,99.9961%,2,50974,50976,50974,0,2,0
0x797c1c,97.4026%,2,75,77,0,0,2,75
0x7a4ab5,75%,2,6,8,0,0,2,6
0x7f92dd,83.3333%,2,10,12,5,1,1,5
0x64d834,97.4026%,2,75,77,75,2,0,0
0x7d939b,96.2963%,2,52,54,52,1,1,0
0x8745cd,75%,2,6,8,6,1,1,0
0x79489d,97.3684%,2,74,76,0,0,2,74
0x77b5cb,98.3333%,2,118,120,0,0,2,118
0x78b99e,99.8958%,2,1918,1920,959,1,1,959
0x876530,87.5%,2,14,16,7,1,1,7
0x7d7987,99.1342%,2,229,231,0,0,2,229
0x872b36,97.4026%,2,75,77,0,0,2,75
0x87c035,96.6102%,2,57,59,57,1,1,0
0x7d690e,66.6667%,2,4,6,0,0,2,4
0x848612,99.9869%,2,15270,15272,15270,2,0,0
0x785833,75%,2,6,8,0,0,2,6
0x7d983e,96.2963%,2,52,54,52,1,1,0
0x7a44c7,91.6667%,2,22,24,0,0,2,22
0x77c037,99.9686%,2,6370,6372,6254,0,2,116
0x7858e3,75%,2,6,8,0,0,2,6
0x879dab,96.2963%,2,52,54,52,1,1,0
0x66497c,97.4026%,2,75,77,0,0,2,75
0x87dd1e,99.9892%,2,18572,18574,18572,2,0,0
0x7d4dfc,33.3333%,2,1,3,1,1,1,0
0x87653d,75%,2,6,8,6,1,1,0
0x7d985d,96.2963%,2,52,54,52,1,1,0
0x7926c3,99.7748%,2,886,888,0,0,2,886
0x876310,75%,2,6,8,6,1,1,0
0x78f11f,99.6622%,2,590,592,0,0,2,590
0x7a47c7,33.3333%,2,1,3,1,1,1,0
0x80dea0,97.4026%,2,75,77,0,1,1,75
0x651107,97.4026%,2,75,77,0,0,2,75
0x876445,75%,2,6,8,6,1,1,0
0x7d971f,75%,2,6,8,6,1,1,0
0x787938,98.3333%,2,118,120,0,0,2,118
0x827783,99.733%,2,747,749,345,2,0,402
0x78c193,99.5833%,2,478,480,0,0,2,478
0x7d9800,96.2963%,2,52,54,52,1,1,0
0x847f6e,99.9456%,2,3677,3679,3677,2,0,0
0x78c189,96.6667%,2,58,60,0,0,2,58
0x78c0d2,99.9383%,2,3238,3240,3180,0,2,58
0x665848,97.4026%,2,75,77,75,2,0,0
0x960510,99.1342%,2,229,231,229,2,0,0
0x7d91c3,98.7654%,2,160,162,0,0,2,160
0x92a7e0,99.9661%,2,5900,5902,0,0,2,5900
0x8732f9,96.6667%,2,58,60,0,1,1,58
0x795b32,97.3684%,2,74,76,0,0,2,74
0x65f05e,97.4026%,2,75,77,75,1,1,0
0x7d9e76,96.2963%,2,52,54,52,1,1,0
0x830e05,97.4026%,2,75,77,75,1,1,0
0x785f57,75%,2,6,8,6,1,1,0
0x7a2b84,99.5763%,2,470,472,0,0,2,470
0x5e95e6,99.7333%,2,748,750,0,0,2,748
0x7d85a1,96.6667%,2,58,60,58,1,1,0
0x78c084,99.9383%,2,3238,3240,3180,0,2,58
0x78d1e2,97.3684%,2,74,76,0,2,0,74
0x7930f3,99.7748%,2,886,888,886,2,0,0
0x7a36c1,99.5763%,2,470,472,470,2,0,0
0x78c3b3,75%,2,6,8,6,1,1,0
0x87db53,99.5763%,2,470,472,0,0,2,470
0x785764,97.3684%,2,74,76,74,1,1,0
0x876226,75%,2,6,8,6,1,1,0
0x7d9ae3,75%,2,6,8,6,1,1,0
0x786266,99.8355%,2,1214,1216,608,0,2,606
0x879ccc,99.0741%,2,214,216,208,0,2,6
0x7a4189,71.4286%,2,5,7,5,1,1,0
0x65f10d,33.3333%,2,1,3,1,1,1,0
0x785bc6,75%,2,6,8,0,0,2,6
0x7a5838,96.6667%,2,58,60,0,1,1,58
0x77bf31,99.3827%,2,322,324,0,0,2,322
0x872c1b,97.4026%,2,75,77,0,0,2,75
0x87b41f,96.6667%,2,58,60,0,1,1,58
0x830e90,97.4026%,2,75,77,75,2,0,0
0x7d9ef2,96.2963%,2,52,54,52,1,1,0
0x80c6d6,80%,2,8,10,8,2,0,0
0x963693,99.8261%,2,1148,1150,0,0,2,1148
0x78a3d6,96.6667%,2,58,60,58,1,1,0
0x7d9eb4,96.2963%,2,52,54,52,1,1,0
0x788600,98.3333%,2,118,120,0,0,2,118
0x8e7b75,99.8379%,2,1232,1234,616,1,1,616
0x7d893e,87.5%,2,14,16,8,0,2,6
0x87c800,99.8588%,2,1414,1416,0,0,2,1414
0x961d58,99.1304%,2,228,230,228,2,0,0
0x87bbe7,96.6102%,2,57,59,0,0,2,57
0x77e44c,96.6667%,2,58,60,58,1,1,0
0x7d9987,75%,2,6,8,6,1,1,0
0x96017e,99.7826%,2,918,920,918,2,0,0
0x87b7ef,96.6667%,2,58,60,0,0,2,58
0x7db432,96.6667%,2,58,60,58,1,1,0
0x7d9221,96.6667%,2,58,60,58,1,1,0
0x9774f8,99.9715%,2,7006,7008,7006,2,0,0
0x6650a2,75%,2,6,8,6,1,1,0
0x963715,99.8261%,2,1148,1150,0,0,2,1148
0x7d8924,98.0769%,2,102,104,96,0,2,6
0x77fce3,99.5833%,2,478,480,0,0,2,478
0x79644e,99.975%,2,8006,8008,7392,0,2,614
0x650da4,97.3333%,2,73,75,73,2,0,0
0x961b67,99.1304%,2,228,230,228,2,0,0
0x7a1191,99.5763%,2,470,472,470,2,0,0
0x960127,99.7826%,2,918,920,0,0,2,918
0x785850,75%,2,6,8,6,1,1,0
0x785e98,75%,2,6,8,0,0,2,6
0x87324f,75%,2,6,8,6,1,1,0
0x812a38,88.2353%,2,15,17,0,1,1,15
0x77f8a4,96.875%,2,62,64,62,1,1,0
0x796bad,97.4026%,2,75,77,0,0,2,75
0x651135,97.4026%,2,75,77,75,2,0,0
0x872a22,99.9653%,2,5758,5760,5566,1,1,192
0x83097a,75%,2,6,8,6,1,1,0
0x7da0d5,75%,2,6,8,6,1,1,0
0x7d8b41,96.6667%,2,58,60,0,1,1,58
0x78881f,98.3333%,2,118,120,118,0,2,0
0x77f74c,97.6471%,2,83,85,0,2,0,83
0x77d1b1,75%,2,6,8,6,1,1,0
0x83074e,87.5%,2,14,16,8,0,2,6
0x780163,96.6102%,2,57,59,57,1,1,0
0x7db3ff,96.6667%,2,58,60,0,0,2,58
0x7d9f30,96.2963%,2,52,54,52,1,1,0
0x87dec7,96.6102%,2,57,59,57,1,1,0
0x879ce5,75%,2,6,8,6,1,1,0
0x77ec38,75%,2,6,8,6,1,1,0
0x879dee,96.2963%,2,52,54,52,1,1,0
0x8fa048,99.9661%,2,5900,5902,0,0,2,5900
0x7db474,96.6667%,2,58,60,0,0,2,58
0x77f21b,96.6102%,2,57,59,57,1,1,0
0x97ae5c,99.9451%,2,3641,3643,3641,1,1,0
0x97752a,99.604%,2,503,505,0,0,2,503
0x77fd32,96.6667%,2,58,60,58,1,1,0
0x77fae2,75%,2,6,8,6,1,1,0
0x77b41d,96.6667%,2,58,60,58,1,1,0
0x77fe4c,75%,2,6,8,6,1,1,0
0x7d8800,96.6667%,2,58,60,58,1,1,0
0x87b78d,96.6667%,2,58,60,0,0,2,58
0x9636cc,99.8261%,2,1148,1150,0,0,2,1148
0x7a4f5d,75%,2,6,8,6,1,1,0
0x77fa4c,98.7654%,2,160,162,160,2,0,0
0x64a281,99.1342%,2,229,231,0,0,2,229
0x7886b3,99.7917%,2,958,960,0,0,2,958
0x87293c,98.3333%,2,118,120,118,0,2,0
0x879dc9,96.2963%,2,52,54,52,1,1,0
0x8d02f7,98.5401%,2,135,137,0,0,2,135
0x64a4c4,99.8918%,2,1846,1848,924,0,2,922
0x787bce,99.8958%,2,1918,1920,959,1,1,959
0x78c396,75%,2,6,8,0,0,2,6
0x7808b4,96.6102%,2,57,59,57,1,1,0
0x79132a,99.7748%,2,886,888,0,0,2,886
0x7da871,96.6667%,2,58,60,58,1,1,0
0x77f930,75%,2,6,8,6,1,1,0
0x87b8dd,96.6667%,2,58,60,58,1,1,0
0x87a046,96.6667%,2,58,60,58,1,1,0
0x9774e2,99.9952%,2,42046,42048,42046,2,0,0
0x7d92fd,96.2963%,2,52,54,52,1,1,0
0x77b3ed,98.3333%,2,118,120,60,0,2,58
0x91f919,99.5736%,2,467,469,455,1,1,12
0x97748e,99.9715%,2,7006,7008,0,0,2,7006
0x7d932c,96.2963%,2,52,54,52,1,1,0
0x7d9353,96.2963%,2,52,54,52,1,1,0
0x64f8c4,97.4026%,2,75,77,0,0,2,75
0x7d92d7,96.2963%,2,52,54,52,1,1,0
0x77f004,99.9922%,2,25486,25488,25486,2,0,0
0x97ae45,87.5%,2,14,16,14,2,0,0
0x961684,99.1304%,2,228,230,0,0,2,228
0x7d850b,99.1667%,2,238,240,0,0,2,238
0x87aaa3,96.6667%,2,58,60,0,1,1,58
0x7a40fd,75%,2,6,8,6,1,1,0
0x9617cd,99.3464%,2,304,306,0,0,2,304
0x7d894d,75%,2,6,8,6,1,1,0
0x8d02e0,99.2701%,1,136,137,0,0,1,136
0x87ba34,0%,1,0,1,0,0,1,0
0x80c636,0%,1,0,1,0,1,0,0
0x97ae37,93.75%,1,15,16,15,1,0,0
0x78c466,87.5%,1,7,8,7,0,1,0
0x65f06b,0%,1,0,1,0,0,1,0
0x831c60,98.7013%,1,76,77,76,0,1,0
0x97a69b,99.2701%,1,136,137,0,0,1,136
0x77d268,87.5%,1,7,8,7,0,1,0
0x7d9247,99.7685%,1,431,432,0,0,1,431
0x872231,0%,1,0,1,0,1,0,0
0x77d113,98.3051%,1,58,59,58,0,1,0
0x7d9730,0%,1,0,1,0,1,0,0
0x7d97e1,98.1481%,1,53,54,53,0,1,0
0x795c65,98.6842%,1,75,76,0,0,1,75
0x873f39,99.7807%,1,455,456,455,1,0,0
0x7db428,98.3333%,1,59,60,0,0,1,59
0x7d68f2,83.3333%,1,5,6,0,0,1,5
0x79370d,99.8874%,1,887,888,0,0,1,887
0x77e208,99.1667%,1,119,120,0,0,1,119
0x8fa2e0,99.7868%,1,468,469,468,1,0,0
0x91fb45,99.7807%,1,455,456,455,1,0,0
0x796570,98.7013%,1,76,77,0,0,1,76
0x7a8963,98.7013%,1,76,77,0,0,1,76
0x7a1b0a,99.7881%,1,471,472,471,1,0,0
0x78644f,0%,1,0,1,0,0,1,0
0x8777db,98.3051%,1,58,59,58,1,0,0
0x7d9434,87.5%,1,7,8,7,0,1,0
0x874658,87.5%,1,7,8,7,0,1,0
0x7aa434,98.7013%,1,76,77,1,0,1,75
0x7da08d,99.3827%,1,161,162,161,1,0,0
0x7d9487,87.5%,1,7,8,7,0,1,0
0x786231,99.8355%,1,607,608,0,0,1,607
0x874735,98.3333%,1,59,60,0,0,1,59
0x7d9f11,98.1481%,1,53,54,53,0,1,0
0x77e185,99.1667%,1,119,120,0,0,1,119
0x7a5c8b,99.7881%,1,471,472,0,0,1,471
0x87609d,98.3051%,1,58,59,58,0,1,0
0x64bec5,99.5614%,1,227,228,0,0,1,227
0x786442,98.6842%,1,75,76,75,0,1,0
0x65f7ea,98.7013%,1,76,77,0,0,1,76
0x878f08,0%,1,0,1,0,1,0,0
0x786992,0%,1,0,1,0,0,1,0
0x7dbc66,98.3333%,1,59,60,0,0,1,59
0x86ed3e,98.3333%,1,59,60,59,0,1,0
0x872155,0%,1,0,1,0,1,0,0
0x7dc60f,98.3333%,1,59,60,0,0,1,59
0x7d950d,87.5%,1,7,8,7,0,1,0
0x64e2ca,99.7835%,1,461,462,0,0,1,461
0x7a21f9,99.9294%,1,1415,1416,0,0,1,1415
0x64ef54,98.7013%,1,76,77,0,1,0,76
0x7d9265,87.5%,1,7,8,7,0,1,0
0x7a17df,99.7881%,1,471,472,471,1,0,0
0x65e13e,98.7013%,1,76,77,76,0,1,0
0x875177,98.3333%,1,59,60,0,0,1,59
0x86e3e3,50%,1,1,2,1,1,0,0
0x7a46b3,95.2381%,1,20,21,20,1,0,0
0x77ae97,99.7921%,1,480,481,0,0,1,480
0x77f104,99.9961%,1,25487,25488,25487,1,0,0
0x87a008,99.7917%,1,479,480,0,0,1,479
0x87c7fb,99.9294%,1,1415,1416,0,0,1,1415
0x6456f3,99.8819%,1,846,847,0,0,1,846
0x83081a,99.1667%,1,119,120,119,0,1,0
0x7a220c,99.9294%,1,1415,1416,0,0,1,1415
0x8fa07a,85.7143%,1,6,7,0,0,1,6
0x86e44c,50%,1,1,2,0,0,1,1
0x87ce40,66.6667%,1,2,3,2,0,1,0
0x8731ae,98.3871%,1,61,62,61,0,1,0
0x80c4fe,98.7013%,1,76,77,0,0,1,76
0x785e50,87.5%,1,7,8,0,0,1,7
0x872310,0%,1,0,1,0,1,0,0
0x796a9e,0%,1,0,1,0,0,1,0
0x7801b3,87.5%,1,7,8,7,0,1,0
0x66df51,50%,1,1,2,0,0,1,1
0x6660c7,50%,1,1,2,1,1,0,0
0x64f8df,98.7013%,1,76,77,0,0,1,76
0x8fa083,85.7143%,1,6,7,0,0,1,6
0x874535,87.5%,1,7,8,7,0,1,0
0x664f1f,98.7013%,1,76,77,76,0,1,0
0x795e94,99.8355%,1,607,608,0,0,1,607
0x7a14cf,99.7881%,1,471,472,471,1,0,0
0x879d09,98.1481%,1,53,54,53,0,1,0
0x8fa052,99.9831%,1,5901,5902,5901,1,0,0
0x879c47,0%,1,0,1,0,0,1,0
0x6650d8,0%,1,0,1,0,1,0,0
0x7a4e5e,87.5%,1,7,8,0,0,1,7
0x878ab3,98.3051%,1,58,59,58,0,1,0
0x879c32,98.3333%,1,59,60,59,0,1,0
0x78c3d5,0%,1,0,1,0,0,1,0
0x873ed1,99.1736%,1,120,121,59,0,1,61
0x7a4e74,87.5%,1,7,8,0,0,1,7
0x7d4cbf,98.7013%,1,76,77,76,0,1,0
0x7da3c1,99.7908%,1,477,478,477,1,0,0
0x879ecf,98.3333%,1,59,60,59,0,1,0
0x7a44af,95.8333%,1,23,24,0,0,1,23
0x650407,99.5671%,1,230,231,153,1,0,77
0x665fa6,50%,1,1,2,0,0,1,1
0x7da72e,99.7908%,1,477,478,477,1,0,0
0x66500a,87.5%,1,7,8,0,0,1,7
0x8795d3,98.3333%,1,59,60,0,1,0,59
0x7d884c,87.5%,1,7,8,7,0,1,0
0x787cf0,0%,1,0,1,0,1,0,0
0x7d956f,87.5%,1,7,8,7,0,1,0
0x77d938,99.7921%,1,480,481,480,1,0,0
0x7f9694,99.9486%,1,1943,1944,1943,1,0,0
0x795e0c,99.8355%,1,607,608,0,0,1,607
0x86ebf8,0%,1,0,1,0,0,1,0
0x7d9ed3,98.1481%,1,53,54,53,0,1,0
0x795de9,99.8355%,1,607,608,0,0,1,607
0x7a3037,99.7881%,1,471,472,0,0,1,471
0x825bfe,99.8667%,1,749,750,749,1,0,0
0x7a3054,99.7881%,1,471,472,0,0,1,471
0x8723c0,50%,1,1,2,0,1,0,1
0x7a3061,99.7881%,1,471,472,471,1,0,0
0x7d96bd,87.5%,1,7,8,7,0,1,0
0x7a571e,85.7143%,1,6,7,0,0,1,6
0x79236d,99.5495%,1,221,222,0,0,1,221
0x793c5d,99.8874%,1,887,888,0,0,1,887
0x7a3f3a,98.3333%,1,59,60,58,1,0,1
0x87b72b,98.3333%,1,59,60,0,0,1,59
0x8fa329,99.7868%,1,468,469,468,1,0,0
0x7a30f3,99.7881%,1,471,472,0,0,1,471
0x64be3c,66.6667%,1,2,3,0,0,1,2
0x787a2a,99.8958%,1,959,960,0,0,1,959
0x7a5a6a,99.7881%,1,471,472,0,0,1,471
0x831dd1,87.5%,1,7,8,0,0,1,7
0x961d2f,99.5652%,1,229,230,0,0,1,229
0x7a3059,99.7881%,1,471,472,0,0,1,471
0x9605ea,99.5671%,1,230,231,0,0,1,230
0x7a4562,95.8333%,1,23,24,0,0,1,23
0x911306,85.7143%,1,6,7,0,0,1,6
0x7a23d0,99.9193%,1,1238,1239,0,0,1,1238
0x7a5748,85.7143%,1,6,7,6,1,0,0
0x650c22,98.7013%,1,76,77,76,0,1,0
0x6500d4,99.5671%,1,230,231,77,0,1,153
0x780696,99.9865%,1,7394,7395,7394,1,0,0
0x77b34b,99.1667%,1,119,120,0,0,1,119
0x77b16b,98.3333%,1,59,60,59,0,1,0
0x6500ed,99.3506%,1,153,154,0,0,1,153
0x785ac9,87.5%,1,7,8,0,0,1,7
0x649a95,99.5671%,1,230,231,0,0,1,230
0x7a2805,99.7881%,1,471,472,0,0,1,471
0x961673,99.5652%,1,229,230,0,0,1,229
0x7a44b4,95.8333%,1,23,24,0,0,1,23
0x7a281b,99.7881%,1,471,472,0,0,1,471
0x97a5f8,99.2701%,1,136,137,136,1,0,0
0x78bc96,99.8958%,1,959,960,959,1,0,0
0x7a283a,99.7881%,1,471,472,471,1,0,0
0x8cff47,99.8913%,1,919,920,0,0,1,919
0x64e5b5,99.7835%,1,461,462,461,1,0,0
0x7d4da0,66.6667%,1,2,3,0,0,1,2
0x879686,98.3051%,1,58,59,58,1,0,0
0x7d9de5,99.7685%,1,431,432,0,0,1,431
0x963d2c,99.9131%,1,1150,1151,1150,1,0,0
0x77f054,99.9961%,1,25487,25488,25487,1,0,0
0x960109,99.8913%,1,919,920,919,1,0,0
0x77b1c6,0%,1,0,1,0,0,1,0
0x878957,99.3827%,1,161,162,0,0,1,161
0x87cf53,0%,1,0,1,0,1,0,0
0x5416b1,99.7826%,1,459,460,0,0,1,459
0x78708e,0%,1,0,1,0,1,0,0
0x87a0f7,98.3333%,1,59,60,59,1,0,0
0x7a8886,98.7013%,1,76,77,76,0,1,0
0x65f7fd,98.7013%,1,76,77,76,0,1,0
0x7d9e57,98.1481%,1,53,54,53,0,1,0
0x7db4fe,98.3333%,1,59,60,0,0,1,59
0x786da4,0%,1,0,1,0,0,1,0
0x86ebeb,0%,1,0,1,0,0,1,0
0x792ed8,99.8874%,1,887,888,0,0,1,887
0x7a4691,95.2381%,1,20,21,0,0,1,20
0x786163,99.8355%,1,607,608,0,0,1,607
0x7d9d7f,99.3827%,1,161,162,0,0,1,161
0x87515d,66.6667%,1,2,3,2,0,1,0
0x87cf4a,87.5%,1,7,8,7,0,1,0
0x7a5388,87.5%,1,7,8,7,1,0,0
0x96184b,99.5652%,1,229,230,0,0,1,229
0x97744a,99.9867%,1,7512,7513,7512,1,0,0
0x796a83,98.7013%,1,76,77,76,0,1,0
0x9600a3,99.9131%,1,1150,1151,0,0,1,1150
0x78b618,99.1667%,1,119,120,119,1,0,0
0x77e5c4,87.5%,1,7,8,7,0,1,0
0x831eb5,87.5%,1,7,8,7,0,1,0
0x7869ea,0%,1,0,1,0,0,1,0
0x7dc81c,98.3333%,1,59,60,59,0,1,0
0x64ac7a,99.9134%,1,1154,1155,0,0,1,1154
0x961a16,99.5652%,1,229,230,229,1,0,0
0x77eb43,99.7685%,1,431,432,0,0,1,431
0x7a5383,87.5%,1,7,8,0,0,1,7
0x78a6b5,99.1667%,1,119,120,119,1,0,0
0x7869ef,0%,1,0,1,0,0,1,0
0x874056,99.1736%,1,120,121,0,0,1,120
0x91fead,99.6296%,1,269,270,0,0,1,269
0x8e378f,99.927%,1,1369,1370,1369,1,0,0
0x96b87a,99.9982%,1,55547,55548,55547,1,0,0
0x785776,0%,1,0,1,0,0,1,0
0x8757b0,87.5%,1,7,8,7,0,1,0
0x77fa78,87.5%,1,7,8,7,0,1,0
0x9601a2,99.5671%,1,230,231,0,0,1,230
0x91d945,99.7868%,1,468,469,468,1,0,0
0x77ef2a,99.9961%,1,25408,25409,25408,1,0,0
0x7a4030,87.5%,1,7,8,7,0,1,0
0x7d4ce3,0%,1,0,1,0,0,1,0
0x5416d7,99.7826%,1,459,460,0,0,1,459
0x786d2b,0%,1,0,1,0,0,1,0
0x787cdb,50%,1,1,2,1,0,1,0
0x86ec95,98.3333%,1,59,60,59,0,1,0
0x91fb29,99.7807%,1,455,456,455,1,0,0
0x77fca3,99.7917%,1,479,480,0,0,1,479
0x872141,50%,1,1,2,0,1,0,1
0x7800ac,0%,1,0,1,0,1,0,0
0x77af16,98.8095%,1,83,84,83,1,0,0
0x64be31,99.5671%,1,230,231,228,0,1,2
0x7a8956,98.7013%,1,76,77,0,0,1,76
0x7d9a42,87.5%,1,7,8,7,0,1,0
0x65e742,98.7013%,1,76,77,76,1,0,0
0x77f519,98.4375%,1,63,64,0,0,1,63
0x879274,87.5%,1,7,8,7,0,1,0
0x66468c,98.7013%,1,76,77,76,1,0,0
0x831dc1,87.5%,1,7,8,0,0,1,7
0x780434,98.3051%,1,58,59,58,0,1,0
0x7a8a1c,98.7013%,1,76,77,0,0,1,76
0x77fdf9,87.5%,1,7,8,7,0,1,0
0x77f8f7,98.3051%,1,58,59,58,0,1,0
0x796ca5,98.7013%,1,76,77,0,0,1,76
0x87dbe2,98.3051%,1,58,59,58,0,1,0
0x8742aa,0%,1,0,1,0,1,0,0
0x86eb24,0%,1,0,1,0,0,1,0
0x87294f,50%,1,1,2,0,1,0,1
0x961a4d,99.5652%,1,229,230,229,1,0,0
0x864f59,99.7826%,1,459,460,0,0,1,459
0x7da03c,87.5%,1,7,8,7,0,1,0
0x797363,99.6753%,1,307,308,0,0,1,307
0x7a5729,85.7143%,1,6,7,0,0,1,6
0x91f837,99.7868%,1,468,469,0,0,1,468
0x872223,0%,1,0,1,0,0,1,0
0x80dec2,98.6842%,1,75,76,66,1,0,9
0x960309,99.5671%,1,230,231,230,1,0,0
0x650e2b,99.6667%,1,299,300,0,0,1,299
0x7d9fec,87.5%,1,7,8,7,0,1,0
0x83075e,87.5%,1,7,8,7,0,1,0
0x77e14f,99.1667%,1,119,120,0,0,1,119
0x786963,98.3333%,1,59,60,59,0,1,0
0x7d9e95,98.1481%,1,53,54,53,0,1,0
0x8750d2,98.3333%,1,59,60,59,0,1,0
0x78051e,99.3827%,1,161,162,0,0,1,161
0x786d56,0%,1,0,1,0,1,0,0
0x876144,98.3333%,1,59,60,59,0,1,0
0x878ac0,0%,1,0,1,0,1,0,0
0x87c7f6,99.9294%,1,1415,1416,0,0,1,1415
0x87c451,95.8333%,1,23,24,0,0,1,23
0x77fba2,0%,1,0,1,0,0,1,0
0x831ef0,0%,1,0,1,0,1,0,0
0x7805f8,98.3051%,1,58,59,58,0,1,0
0x91fae2,99.7868%,1,468,469,0,0,1,468
0x8fa609,99.3333%,1,149,150,149,1,0,0
0x77fc92,98.3333%,1,59,60,0,0,1,59
0x797ff7,99.5671%,1,230,231,230,1,0,0
0x77f6ba,99.998%,1,50890,50891,50890,1,0,0
0x796178,98.7013%,1,76,77,0,0,1,76
0x78c561,95.8333%,1,23,24,0,0,1,23
0x7a33bf,99.7579%,1,412,413,0,0,1,412
0x7a5489,87.5%,1,7,8,7,0,1,0
0x78ddaf,98.6842%,1,75,76,0,0,1,75
0x7869a8,0%,1,0,1,0,0,1,0
0x78ddad,98.6842%,1,75,76,0,0,1,75
0x7869f8,0%,1,0,1,0,0,1,0
0x7a1ade,99.7881%,1,471,472,0,0,1,471
0x7d937b,98.1481%,1,53,54,53,0,1,0
0x785aef,93.75%,1,15,16,7,1,0,8
0x812a47,93.75%,1,15,16,15,1,0,0
0x785b1b,0%,1,0,1,0,0,1,0
0x77b35b,99.5833%,1,239,240,0,0,1,239
0x78c59c,66.6667%,1,2,3,2,0,1,0
0x7d98b8,98.1481%,1,53,54,53,0,1,0
0x872aeb,98.3333%,1,59,60,59,0,1,0
0x8cff6b,99.8913%,1,919,920,0,0,1,919
0x77fb0e,87.5%,1,7,8,7,0,1,0
0x7d9ad3,93.75%,1,15,16,8,0,1,7
0x7a87da,98.6842%,1,75,76,75,0,1,0
0x87680e,98.3333%,1,59,60,59,0,1,0
0x86ed59,98.6842%,1,75,76,75,1,0,0
0x6637dd,98.7013%,1,76,77,76,1,0,0
0x7a4e93,87.5%,1,7,8,7,1,0,0
0x786d26,0%,1,0,1,0,0,1,0
0x78c2fc,98.3333%,1,59,60,59,0,1,0
0x77cbba,99.3976%,1,165,166,165,1,0,0
0x87639d,99.7685%,1,431,432,431,1,0,0
0x912898,85.7143%,1,6,7,6,1,0,0
0x91fa6f,99.7868%,1,468,469,0,0,1,468
0x79267a,99.8874%,1,887,888,0,0,1,887
0x791363,99.8874%,1,887,888,0,0,1,887
0x872308,50%,1,1,2,0,1,0,1
0x961d44,99.5652%,1,229,230,0,0,1,229
0x785900,87.5%,1,7,8,7,0,1,0
0x785993,87.5%,1,7,8,0,0,1,7
0x7a2292,99.9294%,1,1415,1416,0,0,1,1415
0x875997,87.5%,1,7,8,7,0,1,0
0x77b69d,98.3333%,1,59,60,59,0,1,0
0x7a116a,99.7881%,1,471,472,0,0,1,471
0x77f53a,0%,1,0,1,0,0,1,0
0x786a4f,0%,1,0,1,0,0,1,0
0x7859b0,87.5%,1,7,8,7,0,1,0
0x785bfa,87.5%,1,7,8,0,0,1,7
0x874244,87.5%,1,7,8,7,0,1,0
0x7869a3,0%,1,0,1,0,0,1,0
0x7859d5,0%,1,0,1,0,1,0,0
0x87214d,0%,1,0,1,0,0,1,0
0x785a83,87.5%,1,7,8,0,0,1,7
0x7d4dbd,66.6667%,1,2,3,0,0,1,2
0x7dc621,98.3333%,1,59,60,0,0,1,59
0x7db209,98.3333%,1,59,60,0,0,1,59
0x8e33f6,99.927%,1,1369,1370,0,0,1,1369
0x7a4bb5,87.5%,1,7,8,7,0,1,0
0x7a14a8,99.7881%,1,471,472,0,0,1,471
0x785f26,93.75%,1,15,16,7,1,0,8
0x87c805,99.9294%,1,1415,1416,1415,1,0,0
0x786d31,0%,1,0,1,0,0,1,0
0x79647b,99.8377%,1,615,616,0,0,1,615
0x8794db,87.5%,1,7,8,7,0,1,0
0x7d6669,99.8889%,1,899,900,899,1,0,0
0x78bdce,99.8958%,1,959,960,0,0,1,959
0x87895e,99.3827%,1,161,162,0,0,1,161
0x86ecb0,0%,1,0,1,0,0,1,0
0x78bc83,99.8958%,1,959,960,0,0,1,959
0x786cee,0%,1,0,1,0,0,1,0
0x92a7d1,99.9828%,1,5820,5821,0,0,1,5820
0x8306a1,99.2701%,1,136,137,0,1,0,136
0x875831,87.5%,1,7,8,7,0,1,0
0x64d7ce,98.7013%,1,76,77,0,0,1,76
0x78b979,99.8958%,1,959,960,0,0,1,959
0x7d95e3,87.5%,1,7,8,7,0,1,0
0x650429,98.7013%,1,76,77,76,1,0,0
0x6504c9,98.7013%,1,76,77,76,0,1,0
0x797df9,98.7013%,1,76,77,0,0,1,76
0x78b946,99.8958%,1,959,960,0,0,1,959
0x8d0316,99.635%,1,273,274,0,0,1,273
0x8773e1,99.7579%,1,412,413,0,0,1,412
0x91fc44,99.7807%,1,455,456,455,1,0,0
0x87681e,0%,1,0,1,0,1,0,0
0x7d9b2b,87.5%,1,7,8,7,0,1,0
0x879d89,98.1481%,1,53,54,53,0,1,0
0x77f9fe,98.3333%,1,59,60,59,0,1,0
0x87948b,87.5%,1,7,8,7,0,1,0
0x785c1e,93.75%,1,15,16,7,1,0,8
0x785c36,0%,1,0,1,0,0,1,0
0x77fab6,99.6296%,1,269,270,0,0,1,269
0x664ec6,98.7013%,1,76,77,76,0,1,0
0x96186d,99.5652%,1,229,230,0,0,1,229
0x87cf03,99.7685%,1,431,432,431,1,0,0
0x877419,98.3051%,1,58,59,58,1,0,0
0x7dbc78,98.3333%,1,59,60,0,0,1,59
0x78807e,0%,1,0,1,0,1,0,0
0x960179,99.8913%,1,919,920,0,0,1,919
0x7da0af,99.3827%,1,161,162,161,1,0,0
0x7f9323,100%,0,12,12,0,0,0,12
0x7a519c,100%,0,8,8,8,0,0,0
0x7f92e3,100%,0,6,6,6,0,0,0
0x6ef395,100%,0,77,77,77,0,0,0
0x7a17c3,100%,0,472,472,0,0,0,472
0x91fb37,100%,0,456,456,456,0,0,0
0x91fef8,100%,0,456,456,456,0,0,0
0x8728af,100%,0,192,192,192,0,0,0
0x879295,100%,0,1,1,0,0,0,1
0x7d8746,100%,0,120,120,0,0,0,120
0x7a17b8,100%,0,472,472,0,0,0,472
0x9615a7,100%,0,843,843,843,0,0,0
0x78b05f,100%,0,120,120,120,0,0,0
0x91fd88,100%,0,456,456,456,0,0,0
0x7a1175,100%,0,472,472,0,0,0,472
0x7a5f21,100%,0,59,59,59,0,0,0
0x7a3672,100%,0,472,472,472,0,0,0
0x7a5a84,100%,0,472,472,472,0,0,0
0x7a1aee,100%,0,472,472,0,0,0,472
0x7dc306,100%,0,240,240,0,0,0,240
0x87746e,100%,0,59,59,59,0,0,0
0x80ded4,100%,0,10,10,10,0,0,0
0x7dc278,100%,0,60,60,0,0,0,60
0x87c554,100%,0,3,3,0,0,0,3
0x9128c4,100%,0,7,7,7,0,0,0
0x87c7ec,100%,0,1416,1416,0,0,0,1416
0x8773f7,100%,0,413,413,0,0,0,413
0x65f11a,100%,0,1,1,1,0,0,0
0x87acaa,100%,0,60,60,60,0,0,0
0x65f811,100%,0,1,1,0,0,0,1
0x8773cb,100%,0,413,413,0,0,0,413
0x97ad08,100%,0,1,1,0,0,0,1
0x64ef5e,100%,0,76,76,0,0,0,76
0x831c72,100%,0,1,1,0,0,0,1
0x87db42,100%,0,59,59,0,0,0,59
0x8765e8,100%,0,60,60,0,0,0,60
0x87b6fd,100%,0,60,60,0,0,0,60
0x64fb35,100%,0,231,231,231,0,0,0
0x8e35cf,100%,0,1370,1370,1370,0,0,0
0x87ba71,100%,0,1,1,0,0,0,1
0x86eb31,100%,0,1,1,0,0,0,1
0x78c488,100%,0,1,1,0,0,0,1
0x8761c6,100%,0,1,1,0,0,0,1
0x663a56,100%,0,77,77,77,0,0,0
0x97acf7,100%,0,1,1,0,0,0,1
0x87c45b,100%,0,24,24,24,0,0,0
0x7a4acb,100%,0,8,8,0,0,0,8
0x872717,100%,0,192,192,192,0,0,0
0x8723c9,100%,0,1,1,1,0,0,0
0x796af4,100%,0,1,1,0,0,0,1
0x7a5423,100%,0,8,8,0,0,0,8
0x878c17,100%,0,1,1,1,0,0,0
0x7da7d2,100%,0,478,478,478,0,0,0
0x864fe8,100%,0,460,460,0,0,0,460
0x796132,100%,0,77,77,0,0,0,77
0x6516bf,100%,0,77,77,77,0,0,0
0x91f886,100%,0,469,469,469,0,0,0
0x650f1b,100%,0,308,308,0,0,0,308
0x7a4e69,100%,0,8,8,0,0,0,8
0x91fb59,100%,0,456,456,456,0,0,0
0x92a996,100%,0,7,7,0,0,0,7
0x878059,100%,0,59,59,0,0,0,59
0x92a998,100%,0,7,7,0,0,0,7
0x7dc38d,100%,0,60,60,60,0,0,0
0x877f9a,100%,0,59,59,0,0,0,59
0x7d7465,100%,0,900,900,900,0,0,0
0x872880,100%,0,720,720,0,0,0,720
0x7f91c5,100%,0,462,462,0,0,0,462
0x7db4ab,100%,0,60,60,0,0,0,60
0x7db4f0,100%,0,60,60,0,0,0,60
0x7db547,100%,0,60,60,0,0,0,60
0x664c74,100%,0,77,77,77,0,0,0
0x664559,100%,0,616,616,616,0,0,0
0x6508ff,100%,0,77,77,77,0,0,0
0x796b92,100%,0,77,77,0,0,0,77
0x7d728b,100%,0,900,900,0,0,0,900
0x7d645e,100%,0,900,900,0,0,0,900
0x6456ad,100%,0,847,847,0,0,0,847
0x663303,100%,0,77,77,77,0,0,0
0x7d8357,100%,0,1,1,0,0,0,1
0x9636fb,100%,0,1150,1150,0,0,0,1150
0x796c4f,100%,0,77,77,0,0,0,77
0x64f884,100%,0,77,77,0,0,0,77
0x7963ad,100%,0,616,616,0,0,0,616
0x91fb53,100%,0,456,456,0,0,0,456
0x6510f0,100%,0,77,77,0,0,0,77
0x91f7df,100%,0,469,469,0,0,0,469
0x7962f9,100%,0,616,616,0,0,0,616
0x96060a,100%,0,231,231,0,0,0,231
0x95fa60,100%,0,76,76,76,0,0,0
0x961d0b,100%,0,230,230,0,0,0,230
0x78645f,100%,0,1,1,0,0,0,1
0x79682c,100%,0,616,616,0,0,0,616
0x96021a,100%,0,231,231,231,0,0,0
0x663b3e,100%,0,77,77,77,0,0,0
0x80dcc3,100%,0,77,77,77,0,0,0
0x8e5f37,100%,0,617,617,617,0,0,0
0x8e5f24,100%,0,617,617,0,0,0,617
0x8e5f2a,100%,0,617,617,0,0,0,617
0x961dac,100%,0,230,230,0,0,0,230
0x95faae,100%,0,76,76,0,0,0,76
0x86505b,100%,0,460,460,0,0,0,460
0x796cb7,100%,0,77,77,0,0,0,77
0x848176,100%,0,77,77,0,0,0,77
0x65074f,100%,0,77,77,77,0,0,0
0x796a64,100%,0,77,77,0,0,0,77
0x80db69,100%,0,77,77,77,0,0,0
0x79698b,100%,0,616,616,0,0,0,616
0x796044,100%,0,77,77,0,0,0,77
0x961dd6,100%,0,230,230,230,0,0,0
0x8d02cb,100%,0,137,137,0,0,0,137
0x7a886f,100%,0,77,77,77,0,0,0
0x64a55e,100%,0,231,231,0,0,0,231
0x796554,100%,0,77,77,0,0,0,77
0x785c55,100%,0,1,1,0,0,0,1
0x9601cb,100%,0,231,231,0,0,0,231
0x8e7b7a,100%,0,617,617,617,0,0,0
0x879ff0,100%,0,60,60,0,0,0,60
0x796072,100%,0,77,77,0,0,0,77
0x791898,100%,0,6,6,0,0,0,6
0x77f175,100%,0,25488,25488,25488,0,0,0
0x962817,100%,0,230,230,0,0,0,230
0x64e12e,100%,0,77,77,0,0,0,77
0x7879f3,100%,0,960,960,0,0,0,960
0x77ef38,100%,0,79,79,0,0,0,79
0x961778,100%,0,306,306,0,0,0,306
0x77efbc,100%,0,79,79,0,0,0,79
0x9617eb,100%,0,230,230,230,0,0,0
0x872d09,100%,0,77,77,77,0,0,0
0x65e16a,100%,0,77,77,77,0,0,0
0x7a4aea,100%,0,8,8,8,0,0,0
0x96b7d2,100%,0,55548,55548,55548,0,0,0
0x77f449,100%,0,147,147,0,0,0,147
0x7db2c2,100%,0,240,240,0,0,0,240
0x792eaa,100%,0,888,888,0,0,0,888
0x80dc7f,100%,0,77,77,77,0,0,0
0x77f5ec,100%,0,64,64,64,0,0,0
0x78b519,100%,0,120,120,0,0,0,120
0x795c1f,100%,0,76,76,0,0,0,76
0x864eb1,100%,0,460,460,460,0,0,0
0x786a01,100%,0,1,1,0,0,0,1
0x86d9fa,100%,0,231,231,0,0,0,231
0x7d5cd2,100%,0,225,225,0,0,0,225
0x8e5f08,100%,0,617,617,0,0,0,617
0x65032b,100%,0,616,616,0,0,0,616
0x960525,100%,0,231,231,0,0,0,231
0x878ee7,100%,0,1,1,0,0,0,1
0x796a4a,100%,0,77,77,77,0,0,0
0x6994fb,100%,0,77,77,77,0,0,0
0x9601d7,100%,0,231,231,231,0,0,0
0x78052a,100%,0,162,162,162,0,0,0
0x8e4020,100%,0,2143,2143,2143,0,0,0
0x8e5f17,100%,0,617,617,0,0,0,617
0x8e340d,100%,0,1370,1370,0,0,0,1370
0x64a271,100%,0,231,231,231,0,0,0
0x785f9b,100%,0,76,76,0,0,0,76
0x66564c,100%,0,77,77,0,0,0,77
0x664b39,100%,0,616,616,616,0,0,0
0x77fcb6,100%,0,480,480,0,0,0,480
0x665fb3,100%,0,2,2,0,0,0,2
0x9602d8,100%,0,231,231,0,0,0,231
0x96014f,100%,0,920,920,920,0,0,0
0x78c5a5,100%,0,1,1,0,0,0,1
0x847fff,100%,0,2858,2858,2858,0,0,0
0x79602a,100%,0,77,77,77,0,0,0
0x663ff7,100%,0,77,77,77,0,0,0
0x65002d,100%,0,154,154,0,0,0,154
0x65056c,100%,0,77,77,0,0,0,77
0x664667,100%,0,77,77,77,0,0,0
0x64f986,100%,0,616,616,616,0,0,0
0x65f3c3,100%,0,77,77,77,0,0,0
0x64f586,100%,0,77,77,77,0,0,0
0x7869ae,100%,0,1,1,1,0,0,0
0x786998,100%,0,1,1,0,0,0,1
0x78c103,100%,0,480,480,0,0,0,480
0x6640ad,100%,0,77,77,77,0,0,0
0x663539,100%,0,77,77,0,0,0,77
0x6502de,100%,0,154,154,0,0,0,154
0x66368a,100%,0,616,616,0,0,0,616
0x663899,100%,0,77,77,0,0,0,77
0x66398a,100%,0,616,616,0,0,0,616
0x7d7c2a,100%,0,231,231,231,0,0,0
0x786cf9,100%,0,1,1,0,0,0,1
0x664545,100%,0,616,616,616,0,0,0
0x7d8778,100%,0,1920,1920,0,0,0,1920
0x9601f4,100%,0,231,231,0,0,0,231
0x961639,100%,0,77,77,77,0,0,0
0x64ab67,100%,0,231,231,231,0,0,0
0x8e3efe,100%,0,718,718,0,0,0,718
0x91daf8,100%,0,469,469,0,0,0,469
0x97a439,100%,0,154,154,0,0,0,154
0x786d36,100%,0,1,1,1,0,0,0
0x65186f,100%,0,77,77,77,0,0,0
0x65150d,100%,0,77,77,77,0,0,0
0x664c47,100%,0,77,77,77,0,0,0
0x77b319,100%,0,60,60,0,0,0,60
0x6510a3,100%,0,77,77,0,0,0,77
0x80dc6d,100%,0,77,77,0,0,0,77
0x663d7c,100%,0,77,77,77,0,0,0
0x872c2d,100%,0,77,77,77,0,0,0
0x91faea,100%,0,469,469,0,0,0,469
0x8309c7,100%,0,77,77,0,0,0,77
0x78b933,100%,0,960,960,0,0,0,960
0x650b62,100%,0,77,77,77,0,0,0
0x650a92,100%,0,77,77,77,0,0,0
0x65059d,100%,0,77,77,77,0,0,0
0x663a7c,100%,0,77,77,77,0,0,0
0x650555,100%,0,77,77,0,0,0,77
0x65131d,100%,0,77,77,77,0,0,0
0x95f978,100%,0,76,76,76,0,0,0
0x7963a4,100%,0,616,616,0,0,0,616
0x785872,100%,0,1,1,0,0,0,1
0x97a411,100%,0,77,77,0,0,0,77
0x64aca1,100%,0,1155,1155,0,0,0,1155
0x6456c6,100%,0,847,847,0,0,0,847
0x65dcf5,100%,0,77,77,77,0,0,0
0x979848,100%,0,4361,4361,0,0,0,4361
0x64f9ca,100%,0,616,616,616,0,0,0
0x9617a6,100%,0,306,306,0,0,0,306
0x7a8a0f,100%,0,77,77,0,0,0,77
0x8e3843,100%,0,48772,48772,0,0,0,48772
0x8e7ae3,100%,0,617,617,0,0,0,617
0x7857c7,100%,0,1,1,0,0,0,1
0x7a37b3,100%,0,59,59,59,0,0,0
0x64f59f,100%,0,77,77,77,0,0,0
0x962810,100%,0,230,230,0,0,0,230
0x8e3e07,100%,0,1370,1370,0,0,0,1370
0x797404,100%,0,77,77,0,0,0,77
0x830a55,100%,0,77,77,77,0,0,0
0x8e3459,100%,0,1370,1370,0,0,0,1370
0x7db535,100%,0,60,60,0,0,0,60
0x9617b7,100%,0,306,306,306,0,0,0
0x8129f1,100%,0,3490,3490,3490,0,0,0
0x961bad,100%,0,843,843,843,0,0,0
0x786cf3,100%,0,1,1,0,0,0,1
0x7a2810,100%,0,472,472,0,0,0,472
0x7a21de,100%,0,1416,1416,1416,0,0,0
0x785a96,100%,0,8,8,0,0,0,8
0x7a23c6,100%,0,1239,1239,0,0,0,1239
0x7d84b3,100%,0,60,60,0,0,0,60
0x66383e,100%,0,77,77,0,0,0,77
0x7a23e8,100%,0,1239,1239,1239,0,0,0
0x7db466,100%,0,60,60,0,0,0,60
0x788312,100%,0,1,1,0,0,0,1
0x64f89b,100%,0,77,77,0,0,0,77
0x6502af,100%,0,154,154,0,0,0,154
0x961dc9,100%,0,230,230,230,0,0,0
0x790f9c,100%,0,222,222,0,0,0,222
0x7f92fd,100%,0,12,12,12,0,0,0
0x64ec1a,100%,0,75,75,75,0,0,0
0x7a33ce,100%,0,413,413,0,0,0,413
0x7a33f8,100%,0,413,413,413,0,0,0
0x8fa2d6,100%,0,469,469,0,0,0,469
0x64ea9d,100%,0,75,75,75,0,0,0
0x875ac8,100%,0,59,59,0,0,0,59
0x64e9ec,100%,0,75,75,0,0,0,75
0x64e291,100%,0,462,462,0,0,0,462
0x7db4b9,100%,0,60,60,0,0,0,60
0x7a87b1,100%,0,76,76,76,0,0,0
0x785741,100%,0,76,76,76,0,0,0
0x78c322,100%,0,1,1,0,0,0,1
0x78c449,100%,0,8,8,0,0,0,8
0x78c557,100%,0,3,3,0,0,0,3
0x7f93bc,100%,0,1848,1848,0,0,0,1848
0x77b37d,100%,0,240,240,0,0,0,240
0x645813,100%,0,847,847,0,0,0,847
0x78dc4e,100%,0,1184,1184,1184,0,0,0
0x78dd2c,100%,0,1184,1184,1184,0,0,0
0x663527,100%,0,77,77,0,0,0,77
0x665157,100%,0,77,77,77,0,0,0
0x77b5db,100%,0,240,240,0,0,0,240
0x77b647,100%,0,240,240,120,0,0,120
0x876f07,100%,0,59,59,0,0,0,59
0x77b66d,100%,0,120,120,60,0,0,60
0x78e67d,100%,0,76,76,76,0,0,0
0x872957,100%,0,1,1,0,0,0,1
0x7a5ca4,100%,0,472,472,472,0,0,0
0x78f138,100%,0,592,592,592,0,0,0
0x91d7ea,100%,0,469,469,0,0,0,469
0x9605f7,100%,0,231,231,231,0,0,0
0x649b38,100%,0,231,231,0,0,0,231
0x78871b,100%,0,960,960,960,0,0,0
0x7d50dd,100%,0,231,231,231,0,0,0
0x7d85c8,100%,0,1,1,0,0,0,1
0x7a469b,100%,0,21,21,0,0,0,21
0x797e0b,100%,0,77,77,0,0,0,77
0x7d5d02,100%,0,225,225,0,0,0,225
0x78da44,100%,0,74,74,0,0,0,74
0x649f9f,100%,0,924,924,0,0,0,924
0x78bde6,100%,0,960,960,960,0,0,0
0x961d4e,100%,0,230,230,230,0,0,0
0x64a39a,100%,0,924,924,0,0,0,924
0x7915b0,100%,0,888,888,888,0,0,0
0x664cd5,100%,0,77,77,77,0,0,0
0x8729dd,100%,0,360,360,0,0,0,360
0x664f11,100%,0,77,77,0,0,0,77
0x66539c,100%,0,77,77,77,0,0,0
0x80c578,100%,0,77,77,77,0,0,0
0x7de787,100%,0,385,385,0,0,0,385
0x7de78f,100%,0,385,385,385,0,0,0
0x665a62,100%,0,77,77,77,0,0,0
0x665acc,100%,0,77,77,77,0,0,0
0x665b36,100%,0,77,77,77,0,0,0
0x9636ec,100%,0,1150,1150,1150,0,0,0
0x77b5fd,100%,0,240,240,0,0,0,240
0x87b9d6,100%,0,2,2,2,0,0,0
0x796aac,100%,0,1,1,0,0,0,1
0x796b4a,100%,0,1,1,0,0,0,1
0x796b58,100%,0,1,1,0,0,0,1
0x7d8518,100%,0,1920,1920,0,0,0,1920
0x79653a,100%,0,77,77,77,0,0,0
0x86eca3,100%,0,1,1,0,0,0,1
0x7d8710,100%,0,60,60,0,0,0,60
0x7861d8,100%,0,608,608,608,0,0,0
0x792b2a,100%,0,222,222,0,0,0,222
0x8e7b12,100%,0,617,617,0,0,0,617
0x879f05,100%,0,1,1,0,0,0,1
0x7d8862,100%,0,1,1,0,0,0,1
0x879f24,100%,0,1,1,0,0,0,1
0x7dbb48,100%,0,60,60,0,0,0,60
0x87b6cf,100%,0,60,60,0,0,0,60
0x64f4e7,100%,0,77,77,77,0,0,0
0x8e38d6,100%,0,48772,48772,0,0,0,48772
0x785922,100%,0,1,1,0,0,0,1
0x80c527,100%,0,77,77,0,0,0,77
0x962801,100%,0,230,230,0,0,0,230
0x77b43c,100%,0,1,1,0,0,0,1
0x9605de,100%,0,231,231,0,0,0,231
0x7d8c53,100%,0,162,162,0,0,0,162
0x665d87,100%,0,77,77,77,0,0,0
0x86daf1,100%,0,231,231,231,0,0,0
0x793390,100%,0,222,222,222,0,0,0
0x796b02,100%,0,1,1,0,0,0,1
0x7938fa,100%,0,888,888,888,0,0,0
0x7dbbdb,100%,0,240,240,0,0,0,240
0x7dc44c,100%,0,60,60,0,0,0,60
0x787b78,100%,0,960,960,0,0,0,960
0x77d22a,100%,0,162,162,0,0,0,162
0x7dc45e,100%,0,60,60,0,0,0,60
0x795412,100%,0,76,76,0,0,0,76
0x795571,100%,0,304,304,0,0,0,304
0x77dc63,100%,0,84,84,84,0,0,0
0x79591b,100%,0,76,76,76,0,0,0
0x795b4d,100%,0,76,76,0,0,0,76
0x795b5f,100%,0,76,76,0,0,0,76
0x796a72,100%,0,77,77,0,0,0,77
0x795e9d,100%,0,608,608,0,0,0,608
0x795f6b,100%,0,608,608,0,0,0,608
0x665f99,100%,0,2,2,0,0,0,2
0x95fa39,100%,0,76,76,76,0,0,0
0x65ec25,100%,0,77,77,77,0,0,0
0x786cfe,100%,0,1,1,1,0,0,0
0x977534,100%,0,505,505,0,0,0,505
0x6510ba,100%,0,77,77,0,0,0,77
0x8e3541,100%,0,47402,47402,47402,0,0,0
0x8e40eb,100%,0,920,920,920,0,0,0
0x664b25,100%,0,616,616,616,0,0,0
0x66377c,100%,0,77,77,77,0,0,0
0x7936da,100%,0,888,888,0,0,0,888
0x64f239,100%,0,77,77,77,0,0,0
0x7972dd,100%,0,77,77,0,0,0,77
0x787af8,100%,0,960,960,0,0,0,960
0x797ac3,100%,0,308,308,0,0,0,308
0x961be0,100%,0,230,230,230,0,0,0
0x879ee9,100%,0,1,1,0,0,0,1
0x786e03,100%,0,1,1,1,0,0,0
0x87c456,100%,0,24,24,0,0,0,24
0x788793,100%,0,960,960,0,0,0,960
0x7f94a3,100%,0,1944,1944,1944,0,0,0
0x663add,100%,0,77,77,77,0,0,0
0x872477,100%,0,1,1,0,0,0,1
0x864e46,100%,0,460,460,0,0,0,460
0x796bbb,100%,0,77,77,0,0,0,77
0x96028d,100%,0,231,231,0,0,0,231
0x796060,100%,0,77,77,0,0,0,77
0x961b5e,100%,0,230,230,0,0,0,230
0x960271,100%,0,231,231,0,0,0,231
0x963710,100%,0,1150,1150,0,0,0,1150
0x9601e3,100%,0,231,231,0,0,0,231
0x9602c3,100%,0,231,231,0,0,0,231
0x8e3593,100%,0,1370,1370,1370,0,0,0
0x9636bb,100%,0,1150,1150,1150,0,0,0
0x66439c,100%,0,77,77,0,0,0,77
0x78699d,100%,0,1,1,0,0,0,1
0x64f419,100%,0,77,77,0,0,0,77
0x785f75,100%,0,76,76,0,0,0,76
0x96161e,100%,0,77,77,0,0,0,77
0x961799,100%,0,306,306,0,0,0,306
0x664052,100%,0,77,77,77,0,0,0
0x786a61,100%,0,1,1,0,0,0,1
0x786a66,100%,0,1,1,1,0,0,0
0x9600d7,100%,0,920,920,0,0,0,920
0x64e75e,100%,0,77,77,77,0,0,0
0x8e3874,100%,0,48772,48772,48772,0,0,0
0x664ebc,100%,0,77,77,0,0,0,77
0x6656b2,100%,0,77,77,0,0,0,77
0x786da9,100%,0,1,1,1,0,0,0
0x5416ef,100%,0,460,460,460,0,0,0
0x7d6aa7,100%,0,225,225,225,0,0,0
0x96160a,100%,0,77,77,0,0,0,77
0x9600fa,100%,0,920,920,0,0,0,920
0x5416bf,100%,0,460,460,460,0,0,0
0x6509c0,100%,0,77,77,77,0,0,0
0x787af0,100%,0,960,960,0,0,0,960
0x8fa5e6,100%,0,432,432,0,0,0,432
0x96016f,100%,0,920,920,920,0,0,0
0x7a8853,100%,0,77,77,0,0,0,77
0x7928cc,100%,0,888,888,888,0,0,0
0x7d76b3,100%,0,225,225,225,0,0,0
0x872c9b,100%,0,77,77,77,0,0,0
0x78c0f6,100%,0,60,60,0,0,0,60
0x651a1f,100%,0,77,77,77,0,0,0
0x961613,100%,0,77,77,0,0,0,77
0x92a9a2,100%,0,7,7,7,0,0,0
0x65f807,100%,0,1,1,0,0,0,1
0x78a9be,100%,0,120,120,120,0,0,0
0x7d79a9,100%,0,231,231,231,0,0,0
0x78adec,100%,0,120,120,0,0,0,120
0x79826b,100%,0,231,231,231,0,0,0
0x77fe55,100%,0,1,1,0,0,0,1
0x92a806,100%,0,7,7,7,0,0,0
0x797b5b,100%,0,77,77,77,0,0,0
0x797c2e,100%,0,77,77,0,0,0,77
0x77ffbb,100%,0,1,1,0,0,0,1
0x64ae4c,100%,0,77,77,77,0,0,0
0x8797c4,100%,0,60,60,0,0,0,60
0x960210,100%,0,231,231,0,0,0,231
0x865100,100%,0,460,460,460,0,0,0
0x9601ae,100%,0,231,231,231,0,0,0
0x795327,100%,0,76,76,76,0,0,0
0x7d876b,100%,0,240,240,0,0,0,240
0x7984ea,100%,0,231,231,231,0,0,0
0x785ef1,100%,0,8,8,0,0,0,8
0x7d6add,100%,0,225,225,0,0,0,225
0x8309b4,100%,0,77,77,0,0,0,77
0x8e4041,100%,0,920,920,920,0,0,0
0x78dbfa,100%,0,1184,1184,1184,0,0,0
0x7a570f,100%,0,7,7,0,0,0,7
0x8e4077,100%,0,920,920,0,0,0,920
0x64a46a,100%,0,924,924,0,0,0,924
0x5416a7,100%,0,460,460,0,0,0,460
