Branch PC,Accuracy,Mispredictions,Correct Predictions,Total,dir_t_pred_t,dir_t_pred_nt,dir_nt_pred_t,dir_nt_pred_nt
aggregate,95.6548%,1378081,30336879,31714960,14906737,699446,678635,15430142
0x40d4a5,89.9717%,11537,103507,115044,32372,6714,4823,71135
0x40d59c,93.9286%,11418,176645,188063,153775,4761,6657,22870
0xb3009e,81.6917%,9777,43625,53402,40751,2558,7219,2874
0x40d406,95.7575%,6046,136464,142510,18837,3977,2069,117627
0x40d1a7,88.6051%,5728,44540,50268,35855,2669,3059,8685
0x40d412,95.5429%,5335,114361,119696,110001,1704,3631,4360
0x40f719,93.2704%,5081,70421,75502,64600,1849,3232,5821
0x8e8980,98.1972%,5034,274191,279225,268762,1081,3953,5429
0x40d589,97.7549%,4893,213051,217944,27128,2753,2140,185923
0x8fe29e,83.8595%,4566,23723,28289,5058,2684,1882,18665
0x8d0bc0,98.2586%,4179,235795,239974,230092,784,3395,5703
0x6435e8,81.687%,4125,18400,22525,9030,1904,2221,9370
0xb300a7,62.1718%,3818,6275,10093,4784,1657,2161,1491
0x40d59e,87.1711%,3788,25739,29527,6875,2190,1598,18864
0x40ce06,88.7644%,3459,27327,30786,9333,2020,1439,17994
0x812510,93.8443%,3287,50111,53398,46412,841,2446,3699
0xb3aaae,97.1577%,3234,110548,113782,103407,974,2260,7141
0x40d97b,73.4547%,3135,8675,11810,3707,1664,1471,4968
0x8fe2bf,89.4398%,3120,26425,29545,8681,1660,1460,17744
0xb2fcc5,90.1128%,2990,27251,30241,5706,2016,974,21545
0x40d5a9,91.8792%,2951,33388,36339,14145,1765,1186,19243
0xb2e605,90.0509%,2910,26339,29249,6295,1700,1210,20044
0x610da8,71.4229%,2864,7158,10022,4116,1282,1582,3042
0x8ed200,98.335%,2858,168792,171650,165156,646,2212,3636
0x5343d5,80.6006%,2849,11837,14686,4690,1050,1799,7147
0xa334c0,97.694%,2718,115148,117866,111311,402,2316,3837
0xb2fab5,90.46%,2717,25763,28480,5977,1672,1045,19786
0x8eacb0,98.4433%,2672,168978,171650,165149,653,2019,3829
0x8141a1,93.5989%,2613,38208,40821,35699,670,1943,2509
0x81a650,93.6969%,2603,38694,41297,35292,791,1812,3402
0x81a6d4,80.2961%,2569,10469,13038,5255,1264,1305,5214
0x814246,81.4614%,2499,10981,13480,5449,1460,1039,5532
0x406cf4,96.4551%,2433,66201,68634,17624,1576,857,48577
0x534473,83.4633%,2418,12204,14622,4505,1150,1268,7699
0x40d95e,79.8391%,2381,9429,11810,2944,1353,1028,6485
0x406cfd,95.2199%,2363,47071,49434,122,1969,394,46949
0x49b223,72.5722%,2316,6128,8444,2080,1328,988,4048
0x8b9b8a,83.8811%,2261,11766,14027,3183,1451,810,8583
0xb2fd1a,87.1271%,2244,15188,17432,13512,907,1337,1676
0xb2fad5,89.3716%,2214,18617,20831,11297,1149,1065,7320
0xb3aaba,94.7502%,2168,39129,41297,33103,735,1433,6026
0xb2e7b1,72.9814%,2155,5821,7976,2846,1113,1042,2975
0x596c97,61.4596%,2144,3419,5563,2325,996,1148,1094
0x643691,79.1395%,2143,8130,10273,1179,1321,822,6951
0xb2ff8d,80.5469%,2113,8749,10862,7379,734,1379,1370
0x49b303,75.1066%,2102,6342,8444,2223,1185,917,4119
0xb2e68f,90.2748%,2067,19187,21254,5358,1178,889,13829
0x405162,83.9185%,2052,10708,12760,3112,1366,686,7596
0x90057f,89.7723%,2044,17941,19985,13122,787,1257,4819
0x8189f1,95.2442%,1964,39333,41297,35521,562,1402,3812
0x5114ed,83.6221%,1947,9941,11888,2286,1112,835,7655
0x40dcab,77.127%,1933,6518,8451,1323,1270,663,5195
0x40d19f,96.8565%,1924,59282,61206,9838,1100,824,49444
0x8ff799,92.697%,1905,24180,26085,15996,839,1066,8184
0x812650,94.9901%,1877,35589,37466,32899,455,1422,2690
0x8124f9,86.4665%,1866,11922,13788,6929,714,1152,4993
0x404d98,82.9838%,1850,9022,10872,6161,727,1123,2861
0xb3aa0c,97.1339%,1840,62359,64199,10591,1017,823,51768
0x64b6d8,92.9531%,1821,24020,25841,15940,970,851,8080
0x820983,68.1484%,1820,3894,5714,2723,821,999,1171
0x40f894,95.408%,1808,37565,39373,7763,744,1064,29802
0x40d365,97.4828%,1804,69864,71668,68551,600,1204,1313
0x596c66,75.1417%,1798,5435,7233,417,1253,545,5018
0x404d6c,90.2643%,1790,16596,18386,4730,1240,550,11866
0x53da78,73.6002%,1787,4982,6769,2464,976,811,2518
0xb2dfee,86.1528%,1782,11087,12869,1810,909,873,9277
0x40d350,97.5135%,1782,69886,71668,42152,905,877,27734
0x8ff789,94.3384%,1776,29593,31369,4225,1059,717,25368
0x53da2f,81.8387%,1768,7967,9735,1818,1148,620,6149
0xb0b57d,82.5102%,1760,8303,10063,3155,928,832,5148
0x8e88fb,89.8698%,1750,15525,17275,6435,867,883,9090
0x402919,95.0046%,1723,32769,34492,24124,812,911,8645
0x6434d1,78.543%,1723,6307,8030,5749,398,1325,558
0xb2fb4a,90.5798%,1719,16529,18248,10204,758,961,6325
0x40f7b7,95.6341%,1719,37654,39373,7354,1074,645,30300
0x8124d1,88.3877%,1699,12932,14631,11996,436,1263,936
0xa333d0,95.8841%,1696,39510,41206,38080,355,1341,1430
0x40d03f,86.7047%,1680,10956,12636,3331,915,765,7625
0x8227d8,84.2572%,1670,8938,10608,3722,958,712,5216
0x40dbf3,80.8188%,1621,6830,8451,1144,1034,587,5686
0x8fe459,84.2023%,1618,8624,10242,7607,578,1040,1017
0x40d5af,92.119%,1610,18819,20429,15116,761,849,3703
0x643219,97.5786%,1595,64277,65872,63927,393,1202,350
0xb2dfa0,87.6136%,1594,11275,12869,10756,574,1020,519
0x40d414,80.0901%,1591,6400,7991,1705,905,686,4695
0x8157d8,86.6402%,1579,10240,11819,8141,539,1040,2099
0xb3aa85,86.4835%,1569,10039,11608,1405,802,767,8634
0x40f52d,97.1297%,1559,52755,54314,11811,899,660,40944
0x814184,86.0673%,1556,9612,11168,6064,652,904,3548
0xb2fe64,73.5421%,1529,4250,5779,793,962,567,3457
0x8eba00,97.9698%,1521,73397,74918,71758,319,1202,1639
0x821626,92.8042%,1515,19539,21054,2184,955,560,17355
0xa33220,93.4827%,1515,21731,23246,20778,400,1115,953
0xb2fcfc,89.0671%,1513,12326,13839,7917,578,935,4409
0xb0ba8f,82.8237%,1511,7286,8797,3066,783,728,4220
0x40d185,92.0534%,1505,17434,18939,7032,780,725,10402
0x8fe538,72.8178%,1501,4021,5522,1826,767,734,2195
0x81a634,86.5597%,1499,9654,11153,5268,671,828,4386
0x41016a,86.1799%,1484,9254,10738,3782,636,848,5472
0xb3aa12,97.2657%,1438,51153,52591,40580,717,721,10573
0x909b04,90.2616%,1437,13319,14756,8119,778,659,5200
0xb2dee8,82.2761%,1425,6615,8040,972,917,508,5643
0x596ec6,62.1715%,1425,2342,3767,1402,737,688,940
0xb2df79,88.958%,1421,11448,12869,972,917,504,10476
0x5114f8,83.298%,1418,7072,8490,3443,693,725,3629
0x8fdeb8,96.1906%,1414,35705,37119,1651,1006,408,34054
0x5523df,59.7838%,1414,2102,3516,1128,740,674,974
0x51b5ae,81.6182%,1404,6234,7638,1481,882,522,4753
0x596ec0,74.9236%,1395,4168,5563,893,903,492,3275
0x643590,93.8602%,1383,21142,22525,8486,558,825,12656
0x814367,80.33%,1359,5550,6909,1944,818,541,3606
0x40d2a7,98.3511%,1351,80581,81932,8616,806,545,71965
0x53e303,83.5352%,1346,6829,8175,3851,606,740,2978
0x53e43b,83.5719%,1343,6832,8175,998,904,439,5834
0xb30284,79.1803%,1341,5100,6441,3831,589,752,1269
0x8b95f8,96.8536%,1325,40787,42112,34166,542,783,6621
0x50fe0e,94.4223%,1316,22278,23594,20945,546,770,1333
0x596c48,84.347%,1292,6962,8254,4094,694,598,2868
0x8d9b10,97.2079%,1292,44981,46273,43130,249,1043,1851
0x81c6f0,90.4012%,1292,12168,13460,5846,693,599,6322
0x80caf3,83.7947%,1247,6448,7695,5581,479,768,867
0x81a5fc,89.4866%,1239,10546,11785,9882,278,961,664
0x8ff3a6,79.4735%,1232,4770,6002,2302,517,715,2468
0x8fc419,88.6058%,1230,9565,10795,6046,657,573,3519
0x5345e3,82.794%,1223,5885,7108,2205,579,644,3680
0x488dc7,78.6627%,1219,4494,5713,1213,788,431,3281
0x53de0b,88.9558%,1211,9754,10965,5723,679,532,4031
0x8ed2d0,96.5462%,1209,33796,35005,33750,214,995,46
0xb2fb30,93.9935%,1207,18888,20095,1101,746,461,17787
0x5387d3,83.0889%,1199,5891,7090,2198,531,668,3693
0x8fe4d3,88.3157%,1196,9040,10236,7492,535,661,1548
0x48a255,80.4722%,1191,4908,6099,1321,763,428,3587
0x404d91,90.3383%,1188,11108,12296,392,1032,156,10716
0x40d5b8,87.1594%,1164,7901,9065,6719,489,675,1182
0x48a07b,88.6015%,1159,9009,10168,5433,739,420,3576
0x8eada0,96.6919%,1158,33847,35005,33788,176,982,59
0x51c7cb,84.12%,1154,6113,7267,1541,711,443,4572
0x48d6dc,74.1777%,1154,3315,4469,1193,714,440,2122
0x40d2b3,98.4223%,1144,71366,72510,70168,377,767,1198
0xb2e818,85.6695%,1143,6833,7976,4422,430,713,2411
0xb2e75a,85.8161%,1134,6861,7995,6376,380,754,485
0x640254,89.0005%,1128,9127,10255,3996,688,440,5131
0xb2fe57,86.8393%,1118,7377,8495,1926,790,328,5451
0x40d429,85.4262%,1113,6524,7637,4617,560,553,1907
0x6436bd,91.7523%,1108,12326,13434,4430,656,452,7896
0x40d4f0,95.9768%,1105,26361,27466,22408,406,699,3953
0x40d5ef,87.0488%,1105,7427,8532,2312,564,541,5115
0x552173,78.7739%,1101,4086,5187,1633,464,637,2453
0x8d9cd0,96.2572%,1098,28238,29336,28037,166,932,201
0xab28ac,87.5355%,1096,7697,8793,687,756,340,7010
0x5114ad,95.2404%,1094,21891,22985,3738,593,501,18153
0x54fed8,61.6708%,1092,1757,2849,895,508,584,862
0x900631,95.4896%,1082,22907,23989,11794,475,607,11113
0x537b45,77.2323%,1076,3650,4726,694,701,375,2956
0x8e89a2,92.279%,1075,12848,13923,9960,431,644,2888
0x537f8e,67.9075%,1069,2262,3331,481,633,436,1781
0x4885c5,66.0731%,1067,2078,3145,1298,477,590,780
0x8ed3d9,72.6992%,1062,2828,3890,2163,502,560,665
0x8157a3,94.5239%,1061,18314,19375,7890,463,598,10424
0x405288,82.7997%,1053,5069,6122,760,812,241,4309
0x50380e,75.8502%,1051,3301,4352,2574,417,634,727
0xa0377e,90.4502%,1050,9945,10995,4569,542,508,5376
0x40db8b,87.4146%,1050,7293,8343,462,834,216,6831
0x54fe93,65.1364%,1048,1958,3006,1028,529,519,930
0x488db4,88.9897%,1044,8438,9482,3139,630,414,5299
0x489cf2,89.7568%,1036,9078,10114,5411,688,348,3667
0xa02270,76.4907%,1033,3361,4394,2441,426,607,920
0xb466f8,93.5039%,1026,14768,15794,4149,578,448,10619
0x81c6d3,94.5279%,1020,17620,18640,4531,579,441,13089
0x404dd6,82.9313%,1019,4951,5970,1516,634,385,3435
0x8da710,97.56%,1010,40383,41393,38601,178,832,1782
0x48d830,77.4367%,1007,3456,4463,2076,526,481,1380
0x40dbbb,89.747%,1005,8797,9802,8006,445,560,791
0x48a6f5,69.3529%,1004,2272,3276,526,628,376,1746
0xa027f0,77.1962%,1002,3392,4394,2365,502,500,1027
0xb2fd2b,66.7441%,1002,2011,3013,879,479,523,1132
0x40cf54,93.9938%,990,15493,16483,5793,589,401,9700
0x8189d3,91.1773%,984,10169,11153,5543,396,588,4626
0x8d0b76,90.578%,983,9450,10433,4933,499,484,4517
0x81e360,96.4191%,975,26253,27228,25852,214,761,401
0x8e893c,88.8158%,969,7695,8664,4852,460,509,2843
0x8fc3f2,93.4398%,969,13802,14771,2671,621,348,11131
0x40294a,96.8397%,967,29631,30598,20502,491,476,9129
0x8eac42,90.6979%,965,9409,10374,4349,487,478,5060
0x55053b,91.1502%,961,9898,10859,6743,547,414,3155
0x538615,84.5607%,956,5236,6192,939,601,355,4297
0x81414b,91.7316%,955,10595,11550,9966,204,751,629
0x534534,86.8877%,953,6315,7268,2413,483,470,3902
0xb2fe8d,76.3668%,951,3073,4024,2195,445,506,878
0x40f7a0,97.1325%,950,32180,33130,1610,654,296,30570
0x40d601,96.7962%,946,28581,29527,12645,592,354,15936
0x53db17,80.3983%,935,3835,4770,1984,426,509,1851
0x5114b2,95.0359%,926,17728,18654,11314,574,352,6414
0x81899c,92.1595%,924,10861,11785,9981,179,745,880
0x502c71,74.7745%,923,2736,3659,604,559,364,2132
0x808d27,90.3745%,915,8591,9506,437,791,124,8154
0x81de08,86.9385%,913,6077,6990,3796,414,499,2281
0x900540,96.2285%,911,23244,24155,2782,627,284,20462
0x8dedd9,72.9464%,909,2451,3360,814,500,409,1637
0x49e754,81.3653%,909,3969,4878,1635,321,588,2334
0x812618,91.4824%,905,9720,10625,8780,237,668,940
0x8e895b,93.5246%,905,13071,13976,6920,435,470,6151
0x489d50,85.337%,905,5267,6172,1641,535,370,3626
0xa30a81,93.0326%,905,12084,12989,11489,289,616,595
0xa35580,96.5238%,901,25018,25919,24852,164,737,166
0x40d90e,92.3963%,898,10912,11810,8937,483,415,1975
0x8ba34c,91.9027%,889,10090,10979,704,638,251,9386
0x40f7c3,97.1741%,884,30398,31282,30179,456,428,219
0x51c7f1,82.4128%,882,4133,5015,1253,459,423,2880
0x6387ec,76.738%,870,2870,3740,1363,506,364,1507
0x814257,86.7904%,868,5703,6571,4668,336,532,1035
0x51b40a,80.9618%,867,3687,4554,879,547,320,2808
0x596d23,73.9837%,864,2457,3321,1277,469,395,1180
0x81454d,73.0337%,864,2340,3204,1313,446,418,1027
0x8f58a9,91.6137%,858,9373,10231,3271,474,384,6102
0x596edf,84.5767%,858,4705,5563,1456,555,303,3249
0x8bc76b,96.519%,852,23624,24476,21886,326,526,1738
0x8ed1a5,91.7968%,851,9523,10374,4433,403,448,5090
0x40dcba,89.9539%,849,7602,8451,6362,397,452,1240
0x596f18,82.6888%,846,4041,4887,3569,397,449,472
0x8fe8b5,85.8465%,841,5101,5942,1575,447,394,3526
0x596f49,84.9002%,840,4723,5563,251,580,260,4472
0x8bcdd6,96.1099%,838,20704,21542,11908,349,489,8796
0xa3343b,93.5531%,833,12088,12921,6230,438,395,5858
0x812638,91.7133%,830,9186,10016,5615,289,541,3571
0x5389e7,74.3748%,830,2409,3239,1340,423,407,1069
0x58fde5,88.612%,827,6435,7262,4234,318,509,2201
0x402acb,88.6479%,827,6458,7285,2458,520,307,4000
0x596fa4,85.1878%,824,4739,5563,3481,286,538,1258
0x53fe50,83.3871%,824,4136,4960,2018,483,341,2118
0x49b227,83.6577%,823,4213,5036,3828,295,528,385
0xb3aabf,88.9932%,821,6638,7459,1143,478,343,5495
0x8d0baa,92.1091%,819,9560,10379,5808,457,362,3752
0x942728,91.8471%,817,9204,10021,1178,512,305,8026
0x537be6,79.6699%,813,3186,3999,342,588,225,2844
0x54f6c4,84.1404%,809,4292,5101,2465,582,227,1827
0xb0d512,73.3488%,803,2210,3013,1179,285,518,1031
0xb46644,98.2904%,800,45994,46794,24274,431,369,21720
0xa4c449,87.275%,799,5480,6279,343,591,208,5137
0x8fe2b6,97.4165%,798,30090,30888,848,495,303,29242
0x49b307,84.3924%,786,4250,5036,3831,292,494,419
0x8fe556,81.2261%,784,3392,4176,900,479,305,2492
0x53e4e9,91.9375%,784,8940,9724,7723,395,389,1217
0xb2e7e3,80.5576%,781,3236,4017,2540,325,456,696
0x805960,97.5535%,774,30863,31637,30271,144,630,592
0x54f5c5,74.8368%,771,2293,3064,2076,211,560,217
0x58fd95,91.2261%,770,8006,8776,957,458,312,7049
0x48dca1,93.2728%,770,10676,11446,4130,333,437,6546
0x534390,93.3924%,761,10756,11517,5422,317,444,5334
0x8124f3,83.4747%,760,3839,4599,2908,335,425,931
0xb3aac4,87.0504%,756,5082,5838,4201,277,479,881
0x643615,93.3386%,756,10593,11349,3487,513,243,7106
0x48a5cc,79.3321%,755,2898,3653,1712,490,265,1186
0x8a531e,78.073%,751,2674,3425,1871,348,403,803
0x8ff3c3,82.9157%,750,3640,4390,1112,422,328,2528
0xb2e02b,90.6716%,750,7290,8040,6975,261,489,315
0xb46607,98.4345%,745,46843,47588,7244,409,336,39599
0x58f7d4,89.1916%,742,6123,6865,715,414,328,5408
0x502ef9,90.1956%,737,6780,7517,1272,495,242,5508
0x8216f8,95.8852%,737,17174,17911,8429,390,347,8745
0x596ca0,67.2614%,734,1508,2242,454,446,288,1054
0x6070d8,91.3085%,734,7711,8445,1585,402,332,6126
0x8196b8,89.9323%,729,6512,7241,5729,261,468,783
0x81c64c,89.6665%,725,6291,7016,4826,284,441,1465
0x8bc970,94.2194%,722,11768,12490,3506,436,286,8262
0x643547,68.8525%,722,1596,2318,1239,315,407,357
0x820966,84.8879%,721,4050,4771,749,478,243,3301
0xb0d478,68.8177%,720,1589,2309,747,372,348,842
0x8bd21b,97.7907%,719,31825,32544,5934,414,305,25891
0x502e83,95.35%,718,14723,15441,7217,355,363,7506
0xaade48,95.5974%,717,15569,16286,13791,227,490,1778
0xb2fd0d,96.1557%,711,17784,18495,514,549,162,17270
0x812664,92.9014%,711,9305,10016,3632,531,180,5673
0x80fcad,89.7636%,710,6226,6936,3043,413,297,3183
0x5fd969,87.6199%,710,5025,5735,3659,337,373,1366
0x8bc889,96.7939%,708,21375,22083,16738,306,402,4637
0xa3335b,86.7653%,707,4635,5342,3542,304,403,1093
0xb32253,97.6122%,706,28861,29567,440,499,207,28421
0x596f78,86.9647%,697,4650,5347,4407,221,476,243
0x5fd9d6,93.9959%,696,10896,11592,7511,286,410,3385
0x8b9ab2,90.8816%,694,6917,7611,4915,318,376,2002
0x8b9616,98.352%,694,41418,42112,21388,290,404,20030
0x53503d,85.6485%,686,4094,4780,2997,385,301,1097
0x8e8934,96.9965%,680,21960,22640,13608,368,312,8352
0x552413,60.6025%,680,1046,1726,377,336,344,669
0x58f7e4,88.145%,680,5056,5736,3297,258,422,1759
0x40e016,95.4833%,672,14206,14878,9588,424,248,4618
0xb2fcf7,97.0203%,671,21848,22519,8286,394,277,13562
0xb30316,86.5531%,671,4319,4990,3435,333,338,884
0x54f6fc,67.5755%,666,1388,2054,983,359,307,405
0xa334e4,92.0798%,663,7708,8371,3454,367,296,4254
0xb30309,86.7335%,662,4328,4990,692,384,278,3636
0xb327a4,89.7237%,662,5780,6442,3136,293,369,2644
0x8ed1da,92.5387%,661,8198,8859,4234,312,349,3964
0x40f53d,98.41%,660,40850,41510,1387,335,325,39463
0xa331bb,79.9453%,660,2631,3291,1834,326,334,797
0xb0c01e,86.2335%,659,4128,4787,907,327,332,3221
0xa39798,70.4105%,656,1561,2217,1074,374,282,487
0x8bd4b0,98.9906%,655,64236,64891,20935,367,288,43301
0x49e184,80.2953%,654,2665,3319,1076,272,382,1589
0x537f7e,86.2463%,650,4076,4726,1042,353,297,3034
0x41023b,90.872%,649,6461,7110,601,356,293,5860
0x537b6c,80.6364%,645,2686,3331,723,391,254,1963
0xb3aa28,94.3067%,643,10651,11294,6049,346,297,4602
0x8212e8,94.1198%,641,10260,10901,6549,268,373,3711
0x51b764,87.8863%,639,4636,5275,776,345,294,3860
0x90ef31,65.6974%,637,1220,1857,363,368,269,857
0x8fe446,93.8098%,634,9608,10242,8301,246,388,1307
0x8157e4,94.3122%,633,10496,11129,8456,212,421,2040
0x8209ce,88.0699%,628,4636,5264,1265,455,173,3371
0xa39340,70.8159%,626,1519,2145,1254,283,343,265
0x90b9c1,87.224%,625,4267,4892,3853,184,441,414
0x502be2,82.9462%,624,3035,3659,707,456,168,2328
0x8eb7bb,78.1327%,623,2226,2849,1532,280,343,694
0xa30830,92.8555%,623,8097,8720,7817,159,464,280
0x40f59e,95.718%,622,13904,14526,10654,267,355,3250
0xb0b3fe,87.902%,617,4483,5100,1104,322,295,3379
0x40d0be,94.9192%,616,11508,12124,4705,370,246,6803
0x552a66,77.977%,614,2174,2788,1013,365,249,1161
0x9001a6,92.2036%,611,7226,7837,1823,380,231,5403
0x49e198,69.0005%,611,1360,1971,447,341,270,913
0x40dd25,92.6885%,610,7733,8343,4524,324,286,3209
0x609f38,90.9227%,606,6070,6676,372,425,181,5698
0x90ed54,67.3667%,606,1251,1857,259,391,215,992
0x8a946d,99.1757%,605,72791,73396,48151,307,298,24640
0x8ff85a,97.9329%,601,28473,29074,14257,285,316,14216
0xa3a355,72.2094%,600,1559,2159,710,232,368,849
0x8e9b8c,86.6489%,600,3894,4494,516,407,193,3378
0x8196a3,92.6108%,600,7520,8120,584,427,173,6936
0x8fe55f,88.8868%,599,4791,5390,212,435,164,4579
0x54f7db,70.8861%,598,1456,2054,214,376,222,1242
0xa037a6,94.5612%,598,10397,10995,5042,286,312,5355
0x8eadf5,64.6154%,598,1092,1690,230,348,250,862
0xb46722,94.6056%,597,10470,11067,7998,310,287,2472
0x8d9c75,78.7727%,595,2208,2803,397,355,240,1811
0x53fe59,75.9252%,592,1867,2459,345,373,219,1522
0x8e9ef3,71.8095%,592,1508,2100,1135,259,333,373
0x807803,86.1437%,590,3668,4258,1863,346,244,1805
0x596f4e,87.5528%,589,4143,4732,833,400,189,3310
0x54f85f,71.5677%,584,1470,2054,252,338,246,1218
0x596f03,71.0094%,583,1428,2011,1033,302,281,395
0xaab148,77.5455%,580,2003,2583,321,373,207,1682
0x51b6fc,92.4479%,576,7051,7627,6062,304,272,989
0x81c644,92.682%,573,7257,7830,466,348,225,6791
0x541321,92.7081%,573,7285,7858,446,362,211,6839
0x8eac8b,93.532%,573,8286,8859,4295,251,322,3991
0x50f9b1,73.0099%,573,1550,2123,1242,201,372,308
0x5576c5,87.907%,572,4158,4730,3974,240,332,184
0x5bd9e5,84.5316%,568,3104,3672,2286,194,374,818
0x510033,97.5968%,567,23027,23594,10135,302,265,12892
0x537ba8,94.1134%,567,9065,9632,7131,284,283,1934
0x8ebb00,96.3762%,561,14920,15481,14899,147,414,21
0xb0d4c8,60.5762%,561,862,1423,171,356,205,691
0x9098cc,69.8438%,560,1297,1857,573,319,241,724
0x8f53d3,87.8134%,559,4028,4587,3425,256,303,603
0x5097c3,89.85%,555,4913,5468,1064,294,261,3849
0x5523f4,66.3835%,554,1094,1648,284,351,203,810
0x820949,89.5327%,551,4713,5264,4625,146,405,88
0x819698,94.5978%,550,9631,10181,1701,360,190,7930
0x80728c,96.684%,549,16007,16556,1540,324,225,14467
0x8f29a0,91.7158%,548,6067,6615,5906,156,392,161
0x8feaaa,77.4578%,548,1883,2431,905,268,280,978
0x90be26,98.926%,547,50386,50933,49921,51,496,465
0x54f798,73.369%,547,1507,2054,601,177,370,906
0xb4665a,98.8375%,544,46250,46794,23807,282,262,22443
0x8e1210,86.4925%,543,3477,4020,2599,271,272,878
0x604227,97.5463%,543,21587,22130,21573,93,450,14
0xb30120,68.8837%,538,1191,1729,613,254,284,578
0x5100fa,79.3553%,538,2068,2606,569,303,235,1499
0x80f63f,92.7432%,537,6863,7400,4138,224,313,2725
0x90dbb3,98.9457%,537,50396,50933,49866,106,431,530
0x53fe5f,69.4428%,532,1209,1741,239,353,179,970
0x9a9a8f,70.1459%,532,1250,1782,226,315,217,1024
0x604269,95.9304%,531,12517,13048,12514,70,461,3
0xa30480,92.0511%,529,6126,6655,5920,181,348,206
0x81b390,95.5591%,529,11383,11912,11329,81,448,54
0x5385ab,96.54%,528,14732,15260,11693,264,264,3039
0x5bbcad,84.5636%,527,2887,3414,697,395,132,2190
0x402942,98.4323%,524,32900,33424,2498,328,196,30402
0xa565e0,92.7504%,524,6704,7228,6664,37,487,40
0x51c2b4,82.8028%,524,2523,3047,1002,199,325,1521
0x51b37a,80.7224%,523,2190,2713,484,342,181,1706
0x537fec,88.9265%,523,4200,4723,3793,202,321,407
0x8d9aa9,88.7382%,523,4121,4644,3017,246,277,1104
0xb2fbd2,71.6838%,523,1324,1847,824,238,285,500
0x596e40,70.1604%,521,1225,1746,107,350,171,1118
0x8e9eec,81.4551%,520,2284,2804,377,327,193,1907
0x405733,96.5172%,519,14383,14902,7528,302,217,6855
0x908f19,85.6149%,517,3077,3594,1557,248,269,1520
0x53db4a,78.5892%,516,1894,2410,987,274,242,907
0x596cad,61.5499%,516,826,1342,164,325,191,662
0x51b7df,87.5392%,516,3625,4141,102,369,147,3523
0x819621,95.1178%,514,10014,10528,9971,111,403,43
0x48d6ef,79.9375%,514,2048,2562,418,339,175,1630
0x808c77,76.4246%,513,1663,2176,678,270,243,985
0x81e2eb,72.963%,511,1379,1890,719,250,261,660
0x48cf5b,74.3216%,511,1479,1990,862,259,252,617
0x8bd4a6,99.246%,510,67129,67639,2326,422,88,64803
0x8fe9c6,90.3653%,509,4774,5283,1624,305,204,3150
0x51c7bb,93.9946%,508,7951,8459,951,241,267,7000
0x6437e8,64.7182%,507,930,1437,122,220,287,808
0x66d3c2,80.8188%,506,2132,2638,423,305,201,1709
0x488959,80.5481%,504,2087,2591,1198,349,155,889
0x547fa4,93.7916%,504,7614,8118,6698,180,324,916
0x502eb6,78.7225%,503,1861,2364,1354,222,281,507
0x51c80e,96.6171%,503,14366,14869,2848,208,295,11518
0x552196,67.0395%,501,1019,1520,207,315,186,812
0xaab176,92.1547%,501,5885,6386,3070,292,209,2815
0x596ee4,85.8953%,501,3051,3552,607,355,146,2444
0x54872f,78.708%,501,1852,2353,575,315,186,1277
0x5bbb84,87.0356%,499,3350,3849,3272,142,357,78
0xa02371,93.3546%,499,7010,7509,4676,205,294,2334
0x96c120,82.8699%,499,2414,2913,467,313,186,1947
0x405720,97.0456%,498,16358,16856,1637,317,181,14721
0x604b67,87.5439%,497,3493,3990,1702,293,204,1791
0x604755,97.772%,497,21810,22307,21801,77,420,9
0x80fb2f,96.0465%,496,12050,12546,6170,268,228,5880
0x77ff6e,69.3069%,496,1120,1616,165,324,172,955
0x8d9c1f,76.9014%,492,1638,2130,352,307,185,1286
0x8124e5,90.9592%,492,4950,5442,573,270,222,4377
0x488635,75.2769%,491,1495,1986,1225,193,298,270
0x6436a3,93.6952%,489,7267,7756,5829,185,304,1438
0x8bc92d,96.1526%,488,12196,12684,6954,248,240,5242
0x4a1c54,81.3695%,487,2127,2614,910,163,324,1217
0xb0cc63,94.7533%,487,8795,9282,1526,358,129,7269
0x8ea966,71.2426%,486,1204,1690,1017,186,300,187
0x8eae17,71.3018%,485,1205,1690,968,209,276,237
0x50742e,69.6875%,485,1115,1600,944,185,300,171
0x4101a9,94.5434%,484,8386,8870,1496,235,249,6890
0x8fdec6,98.4864%,483,31427,31910,609,353,130,30818
0x4b5a82,84.9234%,482,2715,3197,1727,215,267,988
0x50231b,76.0913%,482,1534,2016,1362,210,272,172
0x8fdec1,98.6101%,479,33983,34462,2283,269,210,31700
0x8a540b,68.8151%,479,1057,1536,993,153,326,64
0xa0378a,95.6708%,476,10519,10995,8180,250,226,2339
0x40d12a,96.1069%,472,11652,12124,747,250,222,10905
0xa333b8,89.6703%,470,4080,4550,1540,239,231,2540
0x5bd46b,95.6542%,468,10301,10769,7614,259,209,2687
0x53c760,96.5395%,468,13056,13524,12913,86,382,143
0x812633,86.8525%,467,3085,3552,2399,154,313,686
0x488a79,70.4387%,465,1108,1573,245,281,184,863
0xa2fbb0,93.4938%,465,6682,7147,6446,117,348,236
0x8f5a6b,89.9151%,463,4128,4591,809,297,166,3319
0x81a716,92.8977%,463,6056,6519,226,328,135,5830
0x814146,96.7033%,462,13552,14014,2194,270,192,11358
0x5521b5,69.7446%,462,1065,1527,860,179,283,205
0x8fe26b,98.4665%,462,29666,30128,28149,140,322,1517
0x502360,77.1329%,461,1555,2016,1436,246,215,119
0x8da6a5,89.0293%,460,3733,4193,2682,235,225,1051
0x503cd3,78.7234%,460,1702,2162,1505,159,301,197
0x41034d,94.7483%,460,8299,8759,2978,199,261,5321
0x537fd4,95.2554%,457,9175,9632,7189,226,231,1986
0x909910,75.4443%,456,1401,1857,397,253,203,1004
0x537b2b,91.6575%,455,4999,5454,471,257,198,4528
0x5bdb7a,92.6735%,453,5730,6183,3045,269,184,2685
0x541847,74.0677%,452,1291,1743,381,189,263,910
0x50ffc7,83.5641%,451,2293,2744,1059,205,246,1234
0x81d1de,95.381%,451,9313,9764,9248,74,377,65
0x5df23e,70.9407%,451,1101,1552,585,272,179,516
0x51034f,91.4297%,449,4790,5239,4291,175,274,499
0x8e9689,68.272%,448,964,1412,134,318,130,830
0x402921,95.3118%,448,9108,9556,7936,240,208,1172
0x8ed1cb,91.1146%,448,4594,5042,3613,204,244,981
0x8fe00b,88.9329%,447,3592,4039,824,276,171,2768
0x90998d,76.0366%,445,1412,1857,507,224,221,905
0x81a7a9,92.5398%,445,5520,5965,5401,117,328,119
0x8b94ae,97.8283%,444,20001,20445,351,262,182,19650
0x6279d9,69.5055%,444,1012,1456,147,283,161,865
0x8ea9a9,73.8462%,442,1248,1690,232,233,209,1016
0x48aaac,94.7742%,442,8016,8458,2790,249,193,5226
0x8e0fd9,81.8595%,439,1981,2420,1417,197,242,564
0xaae224,88.4146%,437,3335,3772,1774,217,220,1561
0x8bd6a8,86.0212%,436,2683,3119,728,234,202,1955
0x40d5e9,95.6862%,435,9649,10084,1264,288,147,8385
0x609edf,94.7022%,435,7776,8211,2284,225,210,5492
0x4a1bc4,83.3588%,435,2179,2614,890,183,252,1289
0x901472,91.7681%,433,4827,5260,1274,249,184,3553
0xb2ffa6,83.4036%,433,2176,2609,1328,189,244,848
0xa335e9,79.2507%,432,1650,2082,383,271,161,1267
0x901613,90.7928%,432,4260,4692,3686,139,293,574
0x9008b6,84.2356%,431,2303,2734,972,207,224,1331
0x8350c7,90.7212%,431,4214,4645,3938,217,214,276
0xa33474,95.4134%,431,8966,9397,4556,192,239,4410
0x64ad24,97.9979%,430,21047,21477,132,310,120,20915
0x8d9d0b,70.7682%,430,1041,1471,319,231,199,722
0x8eb978,90.7579%,428,4203,4631,2028,222,206,2175
0x8a949d,99.1924%,427,52443,52870,49764,108,319,2679
0x8350a1,92.9023%,427,5589,6016,1100,271,156,4489
0x8100f5,93.9706%,427,6655,7082,3430,202,225,3225
0xa3a03d,72.2186%,427,1110,1537,791,208,219,319
0x54f657,79.26%,426,1628,2054,789,250,176,839
0xb2fbb3,76.9356%,426,1421,1847,707,255,171,714
0x5bbadb,89.9905%,421,3785,4206,3697,152,269,88
0x90cf21,85.6066%,420,2498,2918,2353,116,304,145
0x8fd3bf,87.163%,419,2845,3264,502,255,164,2343
0x48af74,70.9431%,419,1023,1442,142,288,131,881
0x8e895f,96.9906%,419,13504,13923,4285,256,163,9219
0x970f27,90.5991%,419,4038,4457,1516,267,152,2522
0x8d283b,85.6997%,419,2511,2930,1616,143,276,895
0x402342,91.8998%,417,4731,5148,4391,170,247,340
0x609f7b,88.0755%,417,3080,3497,331,206,211,2749
0x8fd397,89.4817%,416,3539,3955,283,281,135,3256
0x596b84,82.0457%,416,1901,2317,98,288,128,1803
0x8e0e15,99.2222%,415,52943,53358,25225,249,166,27718
0x6387f5,77.8728%,414,1457,1871,1089,176,238,368
0x8eb6bc,98.3999%,413,25398,25811,22707,255,158,2691
0x50bf13,72.9481%,412,1111,1523,928,192,220,183
0x8fc427,89.956%,411,3681,4092,552,230,181,3129
0x40ffc6,92.7392%,409,5224,5633,4177,281,128,1047
0x40d4fe,91.2081%,409,4243,4652,3558,165,244,685
0x5385ee,91.8363%,409,4601,5010,51,307,102,4550
0x908e17,90.4539%,408,3866,4274,3274,107,301,592
0x5f528d,89.3955%,407,3431,3838,456,330,77,2975
0x8ba0bb,98.4949%,407,26634,27041,13934,143,264,12700
0x81a5f7,97.1489%,406,13834,14240,2181,274,132,11653
0x58fd86,95.9881%,405,9690,10095,1063,256,149,8627
0x9f27e6,71.3579%,405,1009,1414,613,207,198,396
0x9ab7a7,67.5784%,403,840,1243,653,139,264,187
0x8f56ff,96.2963%,402,10452,10854,4281,193,209,6171
0x49ee2f,88.1256%,401,2976,3377,2722,121,280,254
0x901fda,91.4535%,401,4291,4692,3489,120,281,802
0x8fe3aa,97.4255%,401,15175,15576,8172,276,125,7003
0x5413f3,97.6329%,400,16498,16898,1624,361,39,14874
0x40d436,84.6743%,400,2210,2610,1910,181,219,300
0x81ef30,67.1323%,400,817,1217,679,163,237,138
0x51034a,93.2975%,399,5554,5953,459,255,144,5095
0x908808,95.3281%,398,8121,8519,3936,219,179,4185
0x54f7f8,80.6719%,397,1657,2054,534,239,158,1123
0x5097d3,90.3406%,397,3713,4110,2134,185,212,1579
0x5427cf,95.5395%,396,8482,8878,8279,20,376,203
0x40e645,82.7526%,396,1900,2296,1552,245,151,348
0x81417f,86.184%,395,2464,2859,1676,185,210,788
0x820a19,77.0349%,395,1325,1720,1060,167,228,265
0x48aa84,97.168%,393,13484,13877,5266,153,240,8218
0x819707,96.2766%,392,10136,10528,10102,97,295,34
0x5389cb,93.3345%,391,5475,5866,4586,136,255,889
0x8ec947,92.1671%,390,4589,4979,493,235,155,4096
0x511a8e,90.0942%,389,3538,3927,2282,168,221,1256
0x405197,95.3031%,389,7893,8282,915,215,174,6978
0x8dda33,75.7974%,387,1212,1599,681,177,210,531
0x5017da,90.5808%,386,3712,4098,1051,216,170,2661
0x8e88aa,88.574%,383,2969,3352,1960,225,158,1009
0xa35852,84.0616%,383,2020,2403,1051,182,201,969
0x596fce,77.1257%,382,1288,1670,484,207,175,804
0xa41acc,87.5893%,382,2696,3078,1302,176,206,1394
0xada7a3,94.5131%,382,6580,6962,5795,198,184,785
0x90f260,79.3254%,380,1458,1838,1370,160,220,88
0x5118a2,93.5341%,380,5497,5877,292,239,141,5205
0x40d469,84.375%,380,2052,2432,256,253,127,1796
0x8bcf16,90.3382%,380,3553,3933,32,300,80,3521
0x49e930,92.2304%,379,4499,4878,1743,213,166,2756
0x40f420,94.0929%,379,6037,6416,1849,135,244,4188
0x627f3f,73.9698%,379,1077,1456,160,270,109,917
0xa5fa91,74.867%,378,1126,1504,860,167,211,266
0x81c659,80.1679%,378,1528,1906,544,195,183,984
0x404fee,97.8035%,377,16787,17164,16719,137,240,68
0x8ba0c6,97.0919%,377,12587,12964,3053,239,138,9534
0x81f118,80.4979%,376,1552,1928,887,180,196,665
0xa3963c,82.364%,376,1756,2132,326,277,99,1430
0x8da201,93.6527%,375,5533,5908,5354,159,216,179
0x596d45,76.1905%,375,1200,1575,619,204,171,581
0x49fd14,81.3187%,374,1628,2002,656,154,220,972
0x604c02,81.3033%,373,1622,1995,1579,161,212,43
0x8f58b3,94.2492%,373,6113,6486,2408,204,169,3705
0xa54c54,77.5633%,372,1286,1658,392,198,174,894
0x5103dc,93.4542%,372,5311,5683,3537,239,133,1774
0xaa4570,94.7084%,372,6658,7030,861,285,87,5797
0x8a8e6a,86.6667%,372,2418,2790,659,257,115,1759
0x9a9a1b,86.6834%,371,2415,2786,2085,155,216,330
0x5e37a4,75.4142%,371,1138,1509,690,165,206,448
0x8da615,77.8243%,371,1302,1673,95,229,142,1207
0xb2ff56,95.1955%,371,7351,7722,1509,220,151,5842
0x8eac74,97.3383%,370,13531,13901,8691,168,202,4840
0x402adb,91.4093%,370,3937,4307,3246,157,213,691
0x81a61e,88.7156%,369,2901,3270,417,215,154,2484
0x510460,93.8014%,369,5584,5953,1138,187,182,4446
0x81a695,97.2489%,369,13044,13413,128,247,122,12916
0xa022e7,90.2465%,368,3405,3773,864,281,87,2541
0x811718,91.6286%,367,4017,4384,326,292,75,3691
0x5c6b31,89.74%,367,3210,3577,1802,189,178,1408
0x53e2a2,94.593%,366,6403,6769,193,303,63,6210
0x51b462,91.9692%,365,4180,4545,3599,178,187,581
0x9441d6,98.5875%,365,25476,25841,24759,132,233,717
0x40d033,97.4056%,365,13704,14069,1254,179,186,12450
0x8224ad,82.5%,364,1716,2080,1116,206,158,600
0x62797b,69.8585%,362,839,1201,87,222,140,752
0x501621,89.4614%,362,3073,3435,1128,149,213,1945
0x8dcda0,84.2975%,361,1938,2299,1548,128,233,390
0x558fc5,98.1189%,361,18830,19191,451,317,44,18379
0x542477,84.2726%,360,1929,2289,1216,169,191,713
0x596cbe,73.1744%,360,982,1342,206,198,162,776
0x8d2648,89.8276%,360,3179,3539,1605,186,174,1574
0x8e277d,96.7871%,360,10845,11205,5687,136,224,5158
0x40d5ca,90.159%,359,3289,3648,446,239,120,2843
0x8ec95b,91.602%,357,3894,4251,1178,230,127,2716
0x48a677,79.3981%,356,1372,1728,779,255,101,593
0x643228,99.4596%,356,65516,65872,65469,137,219,47
0x511927,96.8316%,356,10880,11236,581,267,89,10299
0x59698a,62.8151%,354,598,952,383,216,138,215
0x8d9d1a,72.6641%,354,941,1295,335,212,142,606
0x951d42,98.2397%,353,19700,20053,19273,143,210,427
0x8dedb4,90.6607%,352,3417,3769,200,209,143,3217
0x510fb1,85.6559%,351,2096,2447,502,221,130,1594
0x9ab07e,71.7619%,351,892,1243,304,197,154,588
0x596d34,77.7143%,351,1224,1575,914,175,176,310
0x507703,71.0025%,350,857,1207,686,210,140,171
0x8bccdd,95.764%,349,7890,8239,5646,188,161,2244
0x821680,98.0147%,349,17230,17579,2090,234,115,15140
0x545681,67.0152%,347,705,1052,390,171,176,315
0x8b9558,98.3023%,347,20093,20440,19473,115,232,620
0x8350fb,73.7717%,347,976,1323,652,181,166,324
0x53db1c,85.339%,346,2014,2360,204,211,135,1810
0x8ed275,85.0455%,345,1962,2307,296,204,141,1666
0x8f6905,66.4723%,345,684,1029,519,146,199,165
0x81effe,87.395%,345,2392,2737,1725,121,224,667
0x808db5,84.1912%,344,1832,2176,1047,181,163,785
0x5412c2,95.635%,343,7515,7858,5086,112,231,2429
0x8145d6,89.2946%,343,2861,3204,2562,108,235,299
0x8ed1c3,97.5326%,343,13558,13901,8654,205,138,4904
0x8da5dc,79.4979%,343,1330,1673,703,156,187,627
0xb2fd8b,74.8159%,342,1016,1358,100,219,123,916
0x8bc791,98.5363%,342,23024,23366,22715,333,9,309
0x8eac7c,93.2368%,341,4701,5042,3661,156,185,1040
0x8e2350,94.4117%,341,5761,6102,2328,194,147,3433
0x81a62e,87.1114%,340,2298,2638,1456,189,151,842
0x403abe,91.0314%,340,3451,3791,2112,176,164,1339
0x596e51,80.5269%,340,1406,1746,97,224,116,1309
0x4a1e07,76.717%,339,1117,1456,208,222,117,909
0xa3a447,71.9371%,339,869,1208,166,233,106,703
0x555597,77.6898%,338,1177,1515,53,244,94,1124
0xa309fc,82.0499%,338,1545,1883,1230,164,174,315
0x8d23bc,92.97%,338,4470,4808,402,213,125,4068
0xa39c7d,78.0091%,338,1199,1537,281,168,170,918
0x54833b,97.6185%,337,13814,14151,1066,171,166,12748
0x821479,90.3383%,337,3151,3488,1385,117,220,1766
0x8d9c93,90.729%,337,3298,3635,1739,194,143,1559
0x9abb1e,69.3989%,336,762,1098,168,239,97,594
0x9ab3a3,76.9705%,336,1123,1459,566,178,158,557
0x8db656,71.6933%,336,851,1187,799,136,200,52
0x4bc4d5,80.6489%,334,1392,1726,311,211,123,1081
0x501710,91.2998%,334,3505,3839,3446,98,236,59
0x81ef10,76.1973%,333,1066,1399,875,149,184,191
0x5116d1,70.027%,333,778,1111,526,143,190,252
0x8eb9db,91.4242%,333,3550,3883,1841,148,185,1709
0x5075ed,87.434%,333,2317,2650,84,266,67,2233
0x81bdd6,75.6777%,332,1033,1365,178,227,105,855
0x558f8b,73.9199%,332,941,1273,326,183,149,615
0x817ed9,82.3216%,332,1546,1878,953,135,197,593
0x59704c,75.9622%,331,1046,1377,281,187,144,765
0x8a93c2,89.2532%,331,2749,3080,1421,189,142,1328
0x554e08,78.0358%,331,1176,1507,61,228,103,1115
0x8ead32,85.6957%,330,1977,2307,300,200,130,1677
0x512de6,92.2225%,330,3913,4243,3811,125,205,102
0x90ba07,80.59%,329,1366,1695,969,153,176,397
0x5411a5,97.2406%,329,11594,11923,9726,124,205,1868
0x4894e6,79.3471%,329,1264,1593,544,175,154,720
0x7cc117,82.7749%,329,1581,1910,426,201,128,1155
0x53dba6,95.1544%,328,6441,6769,6279,123,205,162
0x9f199d,62.5143%,328,547,875,379,164,164,168
0xb2dfd3,78.7524%,327,1212,1539,1160,90,237,52
0x534e2a,95.7952%,326,7427,7753,4620,149,177,2807
0x609fb6,89.0203%,325,2635,2960,311,235,90,2324
0x81f33a,83.1432%,325,1603,1928,372,189,136,1231
0x54f725,68.106%,325,694,1019,254,185,140,440
0x5097eb,85.9853%,325,1994,2319,439,256,69,1555
0x5bcacf,64.4347%,324,587,911,456,150,174,131
0x8f3119,90.5251%,323,3086,3409,2391,129,194,695
0x4a78c1,80.6703%,323,1348,1671,462,204,119,886
0x595daa,75.2878%,322,981,1303,175,171,151,806
0x8fe262,98.943%,322,30143,30465,85,252,70,30058
0xb2fdad,69.1049%,321,718,1039,240,181,140,478
0x542de3,86.3578%,321,2032,2353,282,192,129,1750
0x8eac8f,96.4914%,321,8828,9149,3126,175,146,5702
0xb0d49b,73.0252%,321,869,1190,577,137,184,292
0x8ead64,88.7205%,320,2517,2837,1320,163,157,1197
0x8d2898,89.1754%,319,2628,2947,1369,202,117,1259
0x8bd1eb,96.9033%,318,9951,10269,3742,172,146,6209
0xb2fd46,83.9412%,317,1657,1974,1558,111,206,99
0x81f1f6,83.5581%,317,1611,1928,458,203,114,1153
0x6278fb,86.5792%,317,2045,2362,193,220,97,1852
0x5cb05a,90.1496%,316,2892,3208,2128,188,128,764
0x54573a,76.8158%,316,1047,1363,105,234,82,942
0xb09e0a,90.4561%,316,2995,3311,260,128,188,2735
0x5906ae,87.8555%,316,2286,2602,1247,196,120,1039
0x808bba,79.7176%,316,1242,1558,1131,97,219,111
0xad8590,97.3132%,315,11409,11724,5447,221,94,5962
0x51030d,71.7117%,314,796,1110,520,144,170,276
0x90dc31,99.3835%,314,50619,50933,49927,45,269,692
0x503168,95.9877%,314,7512,7826,3727,213,101,3785
0x5346cf,97.2736%,314,11203,11517,11097,105,209,106
0x8ed1e0,96.5679%,314,8835,9149,3136,165,149,5699
0x8bd5da,91.6445%,314,3444,3758,1433,181,133,2011
0x50181f,90.3295%,314,2933,3247,2125,127,187,808
0x951878,95.2533%,313,6281,6594,6170,83,230,111
0x512ce9,96.9253%,313,9867,10180,5278,233,80,4589
0x40d2b5,84.0712%,313,1652,1965,1121,145,168,531
0x8d0bd6,96.7211%,313,9233,9546,4186,165,148,5047
0x502e9d,96.0133%,312,7514,7826,184,229,83,7330
0xb2df4d,97.5833%,311,12558,12869,12080,92,219,478
0x805ec8,71.494%,311,780,1091,471,139,172,309
0xa25d04,88.7267%,309,2432,2741,852,161,148,1580
0x8ed293,89.1082%,309,2528,2837,1338,145,164,1190
0x8ed246,74.8571%,308,917,1225,175,180,128,742
0x8be3aa,77.3264%,307,1047,1354,227,186,121,820
0x643049,82.1512%,307,1413,1720,1276,100,207,137
0x60b13f,96.0433%,307,7452,7759,267,212,95,7185
0x541870,82.3867%,307,1436,1743,434,136,171,1002
0x537fb4,96.7232%,307,9062,9369,7095,149,158,1967
0x98b33f,59.3377%,307,448,755,313,173,134,135
0x40d371,87.8427%,306,2211,2517,1308,155,151,903
0x8058db,85.8136%,306,1851,2157,958,152,154,893
0x81d5f0,96.2923%,306,7947,8253,7888,47,259,59
0x8143b4,92.6453%,305,3842,4147,3680,59,246,162
0x96c129,86.4949%,304,1947,2251,1802,84,220,145
0x90b936,85.4057%,304,1779,2083,946,176,128,833
0x8076bc,92.134%,303,3549,3852,3498,61,242,51
0x81ee6d,83.6403%,302,1544,1846,822,133,169,722
0x4b5af1,90.6328%,302,2922,3224,1583,143,159,1339
0x40d480,96.2207%,302,7689,7991,4482,170,132,3207
0x8059ef,77.9487%,301,1064,1365,56,223,78,1008
0x8f4501,80.828%,301,1269,1570,866,123,178,403
0x5023a6,85.0694%,301,1715,2016,1705,185,116,10
0x51193e,97.33%,300,10936,11236,10936,88,212,0
0x4c4a6b,94.1107%,300,4794,5094,1641,198,102,3153
0x80bd30,92.3684%,300,3631,3931,3550,99,201,81
0x555e72,70.715%,299,722,1021,462,147,152,260
0x537bc6,91.0237%,299,3032,3331,29,233,66,3003
0x8fedc6,89.8299%,299,2641,2940,2154,146,153,487
0xb46633,99.361%,299,46495,46794,44492,118,181,2003
0x817c26,84.0788%,299,1579,1878,1434,106,193,145
0x58f6a9,78.8652%,298,1112,1410,286,184,114,826
0x8e01c7,90.1296%,297,2712,3009,1362,138,159,1350
0x8da35c,79.8097%,297,1174,1471,310,163,134,864
0x49fef4,97.8704%,297,13649,13946,5014,186,111,8635
0x503984,82.9001%,296,1435,1731,153,217,79,1282
0x8ead01,75.8367%,296,929,1225,190,165,131,739
0x40ff93,94.4172%,296,5006,5302,1664,139,157,3342
0x4c436f,88.5004%,296,2278,2574,1532,92,204,746
0xb0cef1,90.1759%,296,2717,3013,1372,223,73,1345
0x811827,82.6573%,295,1406,1701,1012,128,167,394
0x40f5e3,97.2988%,295,10626,10921,6690,181,114,3936
0x90f23f,90.2528%,293,2713,3006,2602,96,197,111
0x4894d5,87.6423%,293,2078,2371,580,198,95,1498
0x598f9c,95.2474%,293,5872,6165,54,236,57,5818
0x548cf1,95.5386%,292,6253,6545,5913,105,187,340
0x8a9669,99.5213%,292,60711,61003,59778,74,218,933
0x8a5dd0,64.8193%,292,538,830,378,138,154,160
0x509aaf,74.2958%,292,844,1136,438,178,114,406
0x8d0bae,96.9516%,291,9255,9546,260,188,103,8995
0x611734,76.6077%,291,953,1244,340,173,118,613
0x8daabf,78.9703%,290,1089,1379,231,187,103,858
0x8d9d39,77.6834%,289,1006,1295,223,151,138,783
0x80fec3,92.775%,289,3711,4000,2923,135,154,788
0x8bd6b4,86.6018%,289,1868,2157,1801,81,208,67
0x53c610,82.532%,287,1356,1643,500,156,131,856
0x819d43,78.7407%,287,1063,1350,428,115,172,635
0x81e446,76.1468%,286,913,1199,249,142,144,664
0x8e23ca,97.4476%,286,10919,11205,5293,161,125,5626
0x558fe5,62.7604%,286,482,768,226,163,123,256
0xaade6c,98.2135%,286,15723,16009,8779,165,121,6944
0x8a5b13,81.8124%,285,1282,1567,39,179,106,1243
0x4894a3,86.6885%,285,1856,2141,251,122,163,1605
0x8a5333,78.6677%,285,1051,1336,980,88,197,71
0x53ab80,74.2986%,284,821,1105,767,144,140,54
0xa358a3,93.6748%,284,4206,4490,1022,193,91,3184
0x8a554c,97.4201%,284,10724,11008,10707,75,209,17
0x53e322,92.3615%,284,3434,3718,376,180,104,3058
0x4885f3,89.7878%,284,2497,2781,1863,123,161,634
0x5fd644,92.9742%,283,3745,4028,291,241,42,3454
0x8e91bb,80.0283%,282,1130,1412,304,148,134,826
0x6432b9,80.7114%,282,1180,1462,1149,100,182,31
0x40f791,99.1488%,282,32848,33130,0,0,282,32848
0x8d9caa,85.4113%,282,1651,1933,1194,159,123,457
0xb3014a,67.5862%,282,588,870,216,142,140,372
0x58f73a,80%,282,1128,1410,271,199,83,857
0x5118c7,94.725%,282,5064,5346,1976,184,98,3088
0xb46738,96.233%,282,7204,7486,6742,111,171,462
0x90f282,90.652%,281,2725,3006,2269,133,148,456
0x5122f7,91.531%,281,3037,3318,1101,142,139,1936
0xb4660c,99.4016%,280,46514,46794,45236,123,157,1278
0x4c4af3,94.5033%,280,4814,5094,2444,162,118,2370
0xb313b3,56.7901%,280,368,648,263,125,155,105
0x406c4e,85.8877%,279,1698,1977,1478,177,102,220
0x8fbf05,86.8829%,279,1848,2127,175,149,130,1673
0xa45c73,76.9421%,279,931,1210,149,195,84,782
0x543f7c,82.4969%,279,1315,1594,19,199,80,1296
0x60a726,83.809%,278,1439,1717,214,225,53,1225
0x596dbb,69.2222%,277,623,900,235,143,134,388
0x555eb7,74.3756%,277,804,1081,725,115,162,79
0x60dd2b,72.7898%,277,741,1018,132,188,89,609
0x8a719d,82.9643%,277,1349,1626,90,190,87,1259
0x55606d,72.8697%,277,744,1021,702,79,198,42
0x814345,82.3229%,277,1290,1567,81,217,60,1209
0x80a517,83.7743%,276,1425,1701,1014,126,150,411
0x5102c5,75.4885%,276,850,1126,702,132,144,148
0xa3320e,89.5455%,276,2364,2640,409,163,113,1955
0x90f293,90.8184%,276,2730,3006,922,125,151,1808
0x63c766,71.384%,275,686,961,285,141,134,401
0xb4661c,99.4123%,275,46519,46794,35454,188,87,11065
0x58f7c1,94.878%,275,5094,5369,611,100,175,4483
0x627969,81.1126%,275,1181,1456,112,143,132,1069
0x534e0b,96.453%,275,7478,7753,1673,112,163,5805
0x543abd,79.6447%,275,1076,1351,1042,91,184,34
0xb0bfe7,94.4422%,275,4673,4948,4670,44,231,3
0x54f693,94.6285%,274,4827,5101,4827,274,0,0
0x639bdd,65.75%,274,526,800,58,186,88,468
0xa3349f,96.7268%,274,8097,8371,2075,143,131,6022
0x8e9ba0,92.3271%,274,3297,3571,3250,87,187,47
0x90b99f,75.5793%,274,848,1122,80,187,87,768
0x8fd641,88.0229%,272,1999,2271,1065,89,183,934
0x596dcc,69.7778%,272,628,900,113,174,98,515
0x58f826,95.875%,272,6322,6594,5671,95,177,651
0x53f5b3,68.1125%,272,581,853,306,184,88,275
0xb14966,93.612%,272,3986,4258,3668,77,195,318
0xa33040,91.3474%,271,2861,3132,2791,99,172,70
0x8da6f1,92.9375%,270,3553,3823,1057,152,118,2496
0x5fd71d,82.4104%,270,1265,1535,294,177,93,971
0x5116b0,92.7672%,270,3463,3733,2175,76,194,1288
0x53de24,94.0828%,270,4293,4563,3906,131,139,387
0xa26458,89.9554%,270,2418,2688,895,118,152,1523
0x8e0f78,90.6272%,269,2601,2870,279,171,98,2322
0x8b9a03,98.1453%,269,14235,14504,13288,94,175,947
0xb2df2a,90.1067%,269,2450,2719,2289,81,188,161
0xb2e791,78.2889%,269,970,1239,817,141,128,153
0x5481cf,97.5016%,268,10459,10727,3733,125,143,6726
0x8ff3ba,94.3396%,267,4450,4717,123,204,63,4327
0x53dc3b,98.4521%,267,16982,17249,117,250,17,16865
0x8d9aef,93.7529%,267,4007,4274,1224,156,111,2783
0xa911e7,62.1083%,266,436,702,132,125,141,304
0x64b465,93.466%,266,3805,4071,3617,151,115,188
0x5bda0a,93.1987%,266,3645,3911,1815,179,87,1830
0x554642,78.1609%,266,952,1218,57,201,65,895
0x8dae36,78.3497%,265,959,1224,148,188,77,811
0x8e9f58,88.926%,265,2128,2393,544,153,112,1584
0x8f3f63,88.4666%,264,2025,2289,443,157,107,1582
0x8e0f32,99.5052%,264,53094,53358,51035,109,155,2059
0xb0cc23,95.9584%,264,6268,6532,2812,192,72,3456
0xa2719c,92.3099%,263,3157,3420,225,153,110,2932
0x53a1f0,76.1991%,263,842,1105,772,139,124,70
0x4bc5b1,81.321%,263,1145,1408,583,115,148,562
0xa5658b,72.8778%,262,704,966,587,108,154,117
0x643afa,98.1466%,262,13874,14136,13647,33,229,227
0x510f8d,90.7876%,262,2582,2844,265,117,145,2317
0x8227e2,95.5972%,261,5667,5928,5384,110,151,283
0xa393a4,83.0849%,261,1282,1543,514,122,139,768
0x8e1326,93.7724%,261,3930,4191,2070,144,117,1860
0x8a5dab,80.6523%,261,1088,1349,257,157,104,831
0x909131,85.9451%,261,1596,1857,540,110,151,1056
0x552378,67.1285%,261,533,794,233,114,147,300
0x9aad68,80.6115%,260,1081,1341,461,87,173,620
0x9007e3,93.0444%,260,3478,3738,420,159,101,3058
0x5fd904,72.9448%,260,701,961,250,132,128,451
0x58b718,87.5658%,260,1831,2091,604,146,114,1227
0xa39eaa,82.106%,260,1193,1453,96,173,87,1097
0x50c6d6,93.3316%,260,3639,3899,1358,121,139,2281
0x40d2c9,82.0194%,260,1186,1446,397,137,123,789
0x81f703,83.923%,259,1352,1611,489,144,115,863
0x814871,78.956%,258,968,1226,791,105,153,177
0xa303fb,67.5914%,257,536,793,366,131,126,170
0xb0b160,60.3395%,257,391,648,191,152,105,200
0x8f42f4,84.909%,257,1446,1703,92,159,98,1354
0xa17fc7,73.641%,257,718,975,219,156,101,499
0x805850,97.8945%,257,11949,12206,11225,96,161,724
0x81d19a,78.0446%,256,910,1166,463,145,111,447
0x48aef4,62.3529%,256,424,680,377,88,168,47
0x51173e,82.726%,256,1226,1482,301,116,140,925
0x8189cf,90.3336%,255,2383,2638,1508,137,118,875
0x8ed85d,72.9299%,255,687,942,354,134,121,333
0x8bd700,91.8038%,254,2845,3099,2525,83,171,320
0x53870a,73.706%,254,712,966,177,149,105,535
0x540c9e,85.5353%,254,1502,1756,358,176,78,1144
0x65a35e,94.0404%,254,4008,4262,2190,147,107,1818
0x9694f6,89.4054%,253,2135,2388,152,171,82,1983
0x4894ab,88.1831%,253,1888,2141,1395,102,151,493
0x8157df,91.9401%,253,2886,3139,575,115,138,2311
0xb7dbd5,91.1477%,253,2605,2858,1722,131,122,883
0xa307ab,79.1736%,252,958,1210,746,86,166,212
0x8da527,84.9372%,252,1421,1673,384,147,105,1037
0x9ab7d9,81.3472%,252,1099,1351,438,110,142,661
0x8b97c6,99.56%,251,56794,57045,40629,97,154,16165
0x510471,94.5765%,251,4377,4628,3318,121,130,1059
0xa2fb30,72.3264%,251,656,907,419,122,129,237
0x545786,90.5675%,251,2410,2661,1957,109,142,453
0x6433fb,94.3468%,251,4189,4440,3872,55,196,317
0xa5ec70,64.1834%,250,448,698,249,127,123,199
0x49ff22,97.1416%,250,8496,8746,4062,111,139,4434
0x8f3f92,64.4886%,250,454,704,194,124,126,260
0x60a8db,75.1249%,249,752,1001,66,145,104,686
0x4ca10f,81.61%,249,1105,1354,1058,84,165,47
0x5c6b8e,92.9721%,249,3294,3543,2026,122,127,1268
0x8f5a98,77.4864%,249,857,1106,246,144,105,611
0x8ec2d9,84.13%,249,1320,1569,324,146,103,996
0x809f67,85.4203%,248,1453,1701,1057,83,165,396
0x977a78,71.8821%,248,634,882,432,134,114,202
0x50ffed,83.2432%,248,1232,1480,407,107,141,825
0x5389f3,81.2405%,248,1074,1322,340,157,91,734
0xb2dea9,69.2786%,247,557,804,0,0,247,557
0x60022b,82.5442%,247,1168,1415,847,99,148,321
0x643b54,69.5062%,247,563,810,489,128,119,74
0x8fd3dc,84.7153%,247,1369,1616,829,147,100,540
0x40d46e,87.1555%,247,1676,1923,219,122,125,1457
0x502213,82.1532%,247,1137,1384,58,165,82,1079
0x90cea1,82.8591%,247,1194,1441,512,87,160,682
0x51b3db,90.9325%,246,2467,2713,2153,136,110,314
0xad7e4c,57.7586%,245,335,580,117,175,70,218
0x53c73f,83.8816%,245,1275,1520,883,112,133,392
0x8fd3cf,90.2274%,245,2262,2507,1493,123,122,769
0x8189be,92.5076%,245,3025,3270,500,132,113,2525
0x503829,85.8463%,245,1486,1731,1437,88,157,49
0xb2fdf4,68.0157%,245,521,766,120,121,124,401
0x8094b6,80.1303%,244,984,1228,816,82,162,168
0x80fd0c,98.7185%,244,18796,19040,9856,96,148,8940
0xa34960,98.3106%,244,14199,14443,12983,59,185,1216
0xa39e17,75.7214%,244,761,1005,125,139,105,636
0x810100,92.9275%,244,3206,3450,2577,117,127,629
0x8a87cc,82.5806%,243,1152,1395,282,176,67,870
0x5101ec,81.2789%,243,1055,1298,564,164,79,491
0xa8ee1a,85.092%,243,1387,1630,1068,117,126,319
0x8fe295,82.5931%,243,1153,1396,342,137,106,811
0x8bc7bd,99.0072%,243,24233,24476,22734,115,128,1499
0xb0adb9,55.4328%,242,301,543,210,104,138,91
0x816840,96.592%,242,6859,7101,6854,21,221,5
0x48e9e1,70.8082%,242,587,829,385,80,162,202
0x8a8b27,79.9501%,241,961,1202,804,133,108,157
0x59063b,93.3718%,241,3395,3636,242,166,75,3153
0x9ab2ec,73.69%,241,675,916,373,123,118,302
0x8e4bf5,93.0926%,241,3248,3489,1580,154,87,1668
0x8125ae,71.4116%,241,602,843,126,156,85,476
0x40d379,90.4251%,241,2276,2517,1927,109,132,349
0x81c197,84.3035%,240,1289,1529,207,156,84,1082
0x511612,90.2081%,240,2211,2451,505,116,124,1706
0x54270e,97.6537%,240,9989,10229,9943,93,147,46
0x8ffaf9,65.0655%,240,447,687,241,96,144,206
0x8ec3c7,74.4681%,240,700,940,359,111,129,341
0x539da0,78.2805%,240,865,1105,818,93,147,47
0x8fd434,92.3591%,240,2901,3141,514,142,98,2387
0x8ec3a3,71.1004%,239,588,827,397,106,133,191
0xb3012a,72.2738%,239,623,862,213,137,102,410
0x63eb67,76.7057%,239,787,1026,751,75,164,36
0x8dedff,88.313%,239,1806,2045,1669,88,151,137
0x40f8ca,99.2786%,239,32891,33130,404,156,83,32487
0x8da63d,88.7688%,239,1889,2128,1643,117,122,246
0x812625,94.2802%,238,3923,4161,458,151,87,3465
0x58fdf5,94.2317%,238,3888,4126,3518,101,137,370
0x90fdfa,93.7582%,238,3575,3813,463,132,106,3112
0x8d23a7,95.3443%,238,4874,5112,158,146,92,4716
0x405299,95.7378%,238,5346,5584,4593,115,123,753
0x51c82f,97.9853%,238,11575,11813,11550,16,222,25
0x8dda9b,71.1864%,238,588,826,295,119,119,293
0xa397ac,69.0507%,238,531,769,167,126,112,364
0x60a7ea,85.8929%,237,1443,1680,1172,86,151,271
0x60424f,65.3001%,237,446,683,72,147,90,374
0xa9214b,80.1174%,237,955,1192,559,104,133,396
0xb3aacb,95.9575%,236,5602,5838,2122,123,113,3480
0x596f63,71.6005%,236,595,831,502,113,123,93
0x60a916,70.1266%,236,554,790,70,142,94,484
0x8e37aa,89.7782%,235,2064,2299,508,115,120,1556
0x8d2946,98.7774%,234,18906,19140,18890,30,204,16
0x604207,98.951%,234,22073,22307,0,177,57,22073
0x53af10,78.8235%,234,871,1105,817,94,140,54
0x8b997e,99.1383%,233,26808,27041,26306,82,151,502
0x63f39a,83.1037%,233,1146,1379,1128,51,182,18
0x8a935b,92.4351%,233,2847,3080,2638,79,154,209
0x40ddc6,97.2072%,233,8110,8343,3481,142,91,4629
0x542cd4,94.6052%,233,4086,4319,2984,95,138,1102
0x97841e,70.2564%,232,548,780,364,114,118,184
0x8080fe,79.6491%,232,908,1140,815,91,141,93
0x49f978,81.9315%,232,1052,1284,1021,53,179,31
0x8a87ef,72.2356%,231,601,832,178,153,78,423
0xa553f1,92.9054%,231,3025,3256,3012,101,130,13
0x908284,92.8814%,231,3014,3245,946,151,80,2068
0x81e33f,86.209%,231,1444,1675,397,116,115,1047
0xa0288f,64.3411%,230,415,645,162,147,83,253
0x8e9f3c,90.7482%,230,2256,2486,2097,102,128,159
0x9ab3b8,69.0027%,230,512,742,332,135,95,180
0xa3a462,71.5698%,230,579,809,333,111,119,246
0x537faf,97.6121%,230,9402,9632,139,124,106,9263
0x805157,72.8774%,230,618,848,224,106,124,394
0xb4668a,96.9946%,230,7423,7653,7423,230,0,0
0x610d2c,71.5347%,230,578,808,438,96,134,140
0x640731,80.1895%,230,931,1161,909,52,178,22
0x8d2342,77.1%,229,771,1000,196,116,113,575
0x8dadad,76.1707%,229,732,961,217,108,121,515
0x8bc78b,99.0644%,229,24247,24476,959,151,78,23288
0x596fdb,76.6088%,229,750,979,230,144,85,520
0x8c8ff8,74.7241%,229,677,906,299,119,110,378
0x4c4334,89.9913%,229,2059,2288,50,161,68,2009
0x53515b,96.9483%,229,7275,7504,27,161,68,7248
0xa34b30,94.3773%,228,3827,4055,3822,82,146,5
0xa56605,67.6596%,228,477,705,233,122,106,244
0x538775,80.8564%,228,963,1191,167,149,79,796
0x8c9405,60.4167%,228,348,576,90,127,101,258
0x5411e6,98.3888%,228,13923,14151,10239,105,123,3684
0xa5f747,81.0316%,228,974,1202,194,158,70,780
0xa45ca6,73.6721%,228,638,866,567,95,133,71
0xb2fd61,68.7328%,227,499,726,454,71,156,45
0xb0d4e9,74.6652%,227,669,896,567,67,160,102
0x811c36,68.9891%,227,505,732,360,112,115,145
0x8bc97c,97.3444%,227,8321,8548,1112,100,127,7209
0x511632,94.8209%,227,4156,4383,178,157,70,3978
0x81490c,81.4845%,227,999,1226,830,66,161,169
0x90144d,95.7034%,226,5034,5260,227,151,75,4807
0x64b460,98.9305%,226,20905,21131,16942,118,108,3963
0x8a6f35,85.3816%,226,1320,1546,1056,84,142,264
0x54f7a6,88.9971%,226,1828,2054,1085,82,144,743
0xa529f0,89.3847%,226,1903,2129,1779,111,115,124
0x402bdf,87.8364%,226,1632,1858,926,73,153,706
0x8eca79,94.7576%,226,4085,4311,2031,148,78,2054
0x548cc9,89.284%,226,1883,2109,934,108,118,949
0x803b08,91.5229%,226,2440,2666,138,145,81,2302
0xb2e7ec,80.4688%,225,927,1152,113,126,99,814
0x48b400,95.5507%,225,4832,5057,4820,24,201,12
0x5fe2e5,78.0273%,225,799,1024,245,131,94,554
0xa3a3c7,79.5082%,225,873,1098,254,126,99,619
0x8fe34b,98.5541%,225,15336,15561,1437,150,75,13899
0x54ff47,52.4416%,224,247,471,94,134,90,153
0xa45a30,68.0912%,224,478,702,350,116,108,128
0x502555,80.5556%,224,928,1152,231,128,96,697
0x50c0a4,88.6166%,223,1736,1959,1269,74,149,467
0x8e3794,90.3001%,223,2076,2299,1421,100,123,655
0x63f47a,83.9014%,222,1157,1379,1151,28,194,6
0xb30298,96.5533%,222,6219,6441,4886,104,118,1333
0x402ae9,94.2813%,222,3660,3882,3626,123,99,34
0x47f272,79.291%,222,850,1072,178,121,101,672
0x9ab7ff,72.3537%,222,581,803,516,57,165,65
0x510029,91.9096%,222,2522,2744,507,136,86,2015
0x8ba35c,97.6964%,222,9415,9637,125,181,41,9290
0x8fe286,86.9104%,222,1474,1696,945,115,107,529
0x643819,79.8174%,221,874,1095,854,82,139,20
0x805f8e,79.7434%,221,870,1091,70,150,71,800
0x8eb9b4,96.3579%,221,5847,6068,3749,134,87,2098
0x4bc3f6,88.3782%,220,1673,1893,823,116,104,850
0x8edda7,63.8752%,220,389,609,308,112,108,81
0x8bd5b5,93.8838%,220,3377,3597,1731,116,104,1646
0x53efa0,94.4864%,219,3753,3972,3748,46,173,5
0x510497,92.4352%,219,2676,2895,881,134,85,1795
0x4bb335,94.7305%,219,3937,4156,3667,58,161,270
0x5345c0,96.184%,219,5520,5739,2842,113,106,2678
0x80b28e,80.7895%,219,921,1140,841,65,154,80
0xb2e6ee,97.2733%,218,7777,7995,7627,54,164,150
0x8fd445,91.2274%,218,2267,2485,1154,138,80,1113
0xa454b8,68.3599%,218,471,689,132,125,93,339
0x818a71,98.0454%,218,10935,11153,118,177,41,10817
0x8e2aa6,98.0544%,218,10987,11205,5660,163,55,5327
0x8eb9bd,90.0686%,217,1968,2185,1600,98,119,368
0xa3a3e2,69.7772%,217,501,718,193,121,96,308
0xb327c4,92.7979%,217,2796,3013,1245,110,107,1551
0x8a3497,55.8943%,217,275,492,176,75,142,99
0x639ba3,78.8499%,217,809,1026,736,90,127,73
0x8a938a,88.3558%,216,1639,1855,801,158,58,838
0x9a7c63,76.1589%,216,690,906,184,171,45,506
0x8da6eb,87.8378%,216,1560,1776,758,112,104,802
0x402020,81.8487%,216,974,1190,173,155,61,801
0x804f87,74.6462%,215,633,848,236,94,121,397
0x55617f,75.029%,215,646,861,560,61,154,86
0x813110,85.0174%,215,1220,1435,453,136,79,767
0x48dd8e,96.9863%,215,6919,7134,6859,77,138,60
0x4899e3,78.0388%,215,764,979,315,95,120,449
0x9abe30,95.4641%,215,4525,4740,4509,51,164,16
0x8bd3a7,94.0506%,214,3383,3597,1736,111,103,1647
0x9ab380,81.6309%,214,951,1165,399,144,70,552
0xaa4569,97.4974%,214,8337,8551,1379,142,72,6958
0x502c93,90.94%,213,2138,2351,29,161,52,2109
0xa51332,71.9368%,213,546,759,204,140,73,342
0x49caf1,64.9671%,213,395,608,290,102,111,105
0x808ea0,93.6094%,213,3120,3333,3081,56,157,39
0x9f78c5,73.7361%,213,598,811,13,158,55,585
0x40e289,88.0337%,213,1567,1780,582,108,105,985
0x446512,95.1476%,212,4157,4369,2256,116,96,1901
0x82131c,94.6451%,212,3747,3959,216,159,53,3531
0x91108b,71.5818%,212,534,746,399,99,113,135
0x8da5b1,81.4361%,212,930,1142,65,147,65,865
0x81f6bb,93.6622%,212,3133,3345,1640,91,121,1493
0x8130d7,84.6265%,212,1167,1379,243,116,96,924
0x64b6cc,99.1796%,212,25629,25841,24777,114,98,852
0x54276b,97.6629%,212,8859,9071,8859,19,193,0
0x55052f,98.1469%,212,11228,11440,457,124,88,10771
0x81343f,87.5296%,211,1481,1692,421,129,82,1060
0x4c9e3c,84.4165%,211,1143,1354,268,145,66,875
0x40deb6,98.1129%,211,10970,11181,427,96,115,10543
0x511d6f,92.5547%,211,2623,2834,637,113,98,1986
0x668103,90.7618%,211,2073,2284,1682,62,149,391
0x4c9f39,76.3187%,211,680,891,641,58,153,39
0x8e8d7e,82.9288%,211,1025,1236,878,91,120,147
0x81017e,87.3045%,211,1451,1662,682,120,91,769
0x81ed4e,86.8668%,210,1389,1599,1325,69,141,64
0x8dee22,89.7311%,210,1835,2045,1057,94,116,778
0x40e4a5,88.2022%,210,1570,1780,198,117,93,1372
0x8f5d51,79.351%,210,807,1017,144,125,85,663
0x8e50eb,94.9893%,210,3981,4191,2080,134,76,1901
0x8da514,85.724%,210,1261,1471,53,69,141,1208
0x8fc3fd,98.1706%,210,11269,11479,457,58,152,10812
0x90f1e0,93.4498%,210,2996,3206,2928,78,132,68
0x4a1d73,82.2185%,210,971,1181,949,77,133,22
0x40ee59,90.5983%,209,2014,2223,1067,173,36,947
0x53aeef,71.8708%,209,534,743,473,76,133,61
0x81a67a,91.4868%,209,2246,2455,21,174,35,2225
0x48cf64,75.9494%,209,660,869,44,157,52,616
0x404ee6,81.5044%,209,921,1130,297,135,74,624
0x40e02a,98.1304%,209,10970,11179,10908,57,152,62
0x542b44,89.9517%,208,1862,2070,694,136,72,1168
0x805982,89.2395%,208,1725,1933,377,165,43,1348
0x8ff7ad,97.7514%,208,9042,9250,5338,157,51,3704
0x5f8560,90.2758%,208,1931,2139,1796,107,101,135
0x8c7354,84.6946%,208,1151,1359,327,86,122,824
0x8f4997,95.9557%,208,4935,5143,2526,112,96,2409
0x81416e,93.6131%,207,3034,3241,254,128,79,2780
0xa2fd8d,77.5488%,207,715,922,568,130,77,147
0x81ee27,85.3607%,207,1207,1414,798,93,114,409
0x64b4aa,98.7866%,207,16853,17060,15653,118,89,1200
0x8fdd9d,90.7836%,207,2039,2246,556,196,11,1483
0x5fda33,97.8268%,207,9318,9525,5958,127,80,3360
0x40debf,98.0672%,206,10452,10658,139,155,51,10313
0x60a7d3,88.242%,206,1546,1752,1465,102,104,81
0x5026fa,74.1488%,205,588,793,358,84,121,230
0x8a6209,77.4477%,205,704,909,285,144,61,419
0x48af20,72.8477%,205,550,755,74,141,64,476
0x4b580e,60.7692%,204,316,520,131,96,108,185
0x81dda7,93.8424%,204,3109,3313,2679,101,103,430
0x91977b,82.4289%,204,957,1161,40,160,44,917
0x5be1b4,87.6513%,204,1448,1652,747,90,114,701
0x54f7fe,84.153%,203,1078,1281,990,109,94,88
0x600288,85.8832%,203,1235,1438,615,134,69,620
0x808b9b,75.9193%,203,640,843,394,119,84,246
0x50d6be,83.3745%,202,1013,1215,557,75,127,456
0x49eb47,86.0786%,202,1249,1451,1239,51,151,10
0x53c6db,87.199%,202,1376,1578,1111,121,81,265
0x90ec45,80.3119%,202,824,1026,744,82,120,80
0x5103d7,96.6068%,202,5751,5953,142,128,74,5609
0x81c682,82.6907%,202,965,1167,853,88,114,112
0x7d0ee9,78.0673%,202,719,921,394,122,80,325
0x54f5d8,72.9111%,201,541,742,499,78,123,42
0x50d6ad,83.4568%,201,1014,1215,981,56,145,33
0x807865,84.3944%,201,1087,1288,952,84,117,135
0x4ba29b,85.7244%,201,1207,1408,756,147,54,451
0x8d11d4,97.5003%,201,7840,8041,2197,104,97,5643
0x808e87,93.9694%,201,3132,3333,875,103,98,2257
0x98cd52,94.6964%,200,3571,3771,1772,90,110,1799
0x8fc406,98.1758%,200,10764,10964,83,86,114,10681
0x81959a,76.7712%,200,661,861,248,115,85,413
0x8ed060,90.4853%,200,1902,2102,1871,59,141,31
0x722850,84.6508%,200,1103,1303,212,133,67,891
0x58f868,96.5314%,200,5566,5766,2342,140,60,3224
0x5104a7,89.4149%,199,1681,1880,782,108,91,899
0x50c6e8,91.7769%,199,2221,2420,1328,71,128,893
0xa32ed8,84.8554%,199,1115,1314,1021,83,116,94
0x813667,76.533%,199,649,848,234,96,103,415
0x9ed654,78.9195%,199,745,944,97,122,77,648
0x510514,91.0077%,199,2014,2213,865,100,99,1149
0x815007,76.533%,199,649,848,236,94,105,413
0x81e33b,86.0936%,199,1232,1431,617,108,91,615
0x805a4e,79.375%,198,762,960,161,109,89,601
0x4fdc27,62.7119%,198,333,531,50,114,84,283
0x54ff98,56.3877%,198,256,454,61,150,48,195
0xb0b3a7,96.5774%,198,5587,5785,5585,118,80,2
0x509964,95.4409%,198,4145,4343,2192,98,100,1953
0x80b9c7,76.6509%,198,650,848,219,111,87,431
0x53c777,87.0395%,197,1323,1520,629,54,143,694
0x8d9aea,89.6097%,197,1699,1896,780,105,92,919
0x8bcda8,99.0874%,197,21389,21586,542,82,115,20847
0x8e263e,96.2654%,197,5078,5275,2425,112,85,2653
0xa30a5f,88.3294%,197,1491,1688,371,106,91,1120
0x609ef1,97.6008%,197,8014,8211,68,71,126,7946
0x40f54b,99.504%,196,39320,39516,1595,170,26,37725
0x40df9a,98.6776%,196,14625,14821,14608,78,118,17
0x8a71a2,85.4383%,196,1150,1346,135,138,58,1015
0x8ebded,84.1424%,196,1040,1236,118,142,54,922
0x805047,76.8868%,196,652,848,230,100,96,422
0x80dca8,89.2544%,196,1628,1824,424,146,50,1204
0x50980b,82.7465%,196,940,1136,65,130,66,875
0x809357,77.0047%,195,653,848,226,104,91,427
0xa33383,91.5803%,195,2121,2316,1176,104,91,945
0x49f92f,88.4956%,195,1500,1695,194,102,93,1306
0x8103cb,94.3478%,195,3255,3450,2988,52,143,267
0x90c1c1,93.4032%,195,2761,2956,2003,111,84,758
0x4b5954,90.3178%,195,1819,2014,181,85,110,1638
0x8ffc4a,93.4211%,195,2769,2964,1366,106,89,1403
0x5545ac,90.4621%,194,1840,2034,126,161,33,1714
0xb2fbc4,78.0791%,194,691,885,62,107,87,629
0xa17ffc,67.6667%,194,406,600,146,115,79,260
0xa903c3,68.5065%,194,422,616,228,139,55,194
0x8a5b1e,85.6931%,193,1156,1349,273,141,52,883
0x8e9a4d,84.3851%,193,1043,1236,912,57,136,131
0xa52870,90.9347%,193,1936,2129,1818,72,121,118
0x547f65,75%,193,579,772,522,108,85,57
0x50c948,85.9942%,193,1185,1378,706,145,48,479
0xad7fa4,79.2026%,193,735,928,0,0,193,735
0x534daa,98.7399%,193,15123,15316,995,24,169,14128
0x90feb5,94.9384%,193,3620,3813,231,134,59,3389
0x48a563,96.4398%,193,5228,5421,1601,144,49,3627
0x539d7f,74.0242%,193,550,743,426,123,70,124
0xa35f0b,78.1072%,192,685,877,233,114,78,452
0xa39646,87.4428%,192,1337,1529,1165,71,121,172
0x53450f,96.6771%,192,5586,5778,2758,124,68,2828
0x80780a,90.6296%,192,1857,2049,78,131,61,1779
0x60e330,77.6224%,192,666,858,222,110,82,444
0x53f64a,91.186%,191,1976,2167,1733,71,120,243
0xa919dc,72.792%,191,511,702,148,109,82,363
0x81e324,91.5262%,191,2063,2254,1322,109,82,741
0xa91ac9,61.2245%,190,300,490,48,79,111,252
0x91126d,88.4918%,190,1461,1651,1115,93,97,346
0xa3a233,71.4286%,190,475,665,375,74,116,100
0x596c13,91.7997%,190,2127,2317,866,121,69,1261
0x8e2ab3,96.4697%,190,5192,5382,1560,119,71,3632
0xa3a12f,78.5471%,189,692,881,42,115,74,650
0x40e3a4,82.2201%,189,874,1063,542,76,113,332
0x8d9c9b,88.8954%,189,1513,1702,93,138,51,1420
0x590487,76.375%,189,611,800,250,120,69,361
0x809142,77.6987%,188,655,843,413,100,88,242
0xa024e4,93.5351%,188,2720,2908,1037,108,80,1683
0x8ed29b,86.1152%,188,1166,1354,21,108,80,1145
0x5fd680,95.3327%,188,3840,4028,3826,126,62,14
0x507cc6,78.5388%,188,688,876,639,65,123,49
0x503991,95.6801%,188,4164,4352,4142,74,114,22
0x4bc0a5,87.391%,188,1303,1491,89,108,80,1214
0x81f755,79.9787%,188,751,939,110,104,84,641
0x512e4c,95.5765%,188,4062,4250,695,121,67,3367
0x48ea91,67.8632%,188,397,585,247,91,97,150
0x5457c3,97.7062%,188,8008,8196,0,0,188,8008
0x65b99d,95.9135%,187,4389,4576,4036,118,69,353
0x9f0ae3,78.2305%,187,672,859,72,130,57,600
0x5097f5,88.4852%,187,1437,1624,371,117,70,1066
0x40e140,88.7957%,187,1482,1669,107,97,90,1375
0x610db2,95.9559%,187,4437,4624,12,144,43,4425
0x558a63,69.6921%,187,430,617,156,92,95,274
0x5fd603,89.7422%,187,1636,1823,140,148,39,1496
0x545570,84.9436%,187,1055,1242,909,52,135,146
0x90150b,95.4875%,187,3957,4144,651,48,139,3306
0xb313a0,80.7018%,187,782,969,211,110,77,571
0x54f748,67.931%,186,394,580,135,94,92,259
0x641092,86.512%,186,1193,1379,897,64,122,296
0x8f5786,97.9397%,186,8842,9028,7887,80,106,955
0x805f2e,76.3959%,186,602,788,469,93,93,133
0xa3320a,81.9242%,186,843,1029,462,87,99,381
0x81315d,89.0662%,185,1507,1692,759,87,98,748
0xa35ca8,81.9159%,185,838,1023,56,131,54,782
0x5114b7,97.2657%,185,6581,6766,5984,56,129,597
0x5fd70c,89.8519%,185,1638,1823,176,112,73,1462
0xa331e3,90.1017%,185,1684,1869,944,85,100,740
0xa5839c,56.5728%,185,241,426,98,102,83,143
0xa90ffd,73.7216%,185,519,704,67,128,57,452
0x5f8524,78.1065%,185,660,845,357,125,60,303
0x8d9ad3,93.9254%,184,2845,3029,1816,80,104,1029
0x5fe1eb,79.6235%,184,719,903,655,122,62,64
0x8a8e7a,90.1814%,184,1690,1874,17,123,61,1673
0x81e4ae,77.2277%,184,624,808,172,115,69,452
0x48d652,95.9051%,183,4286,4469,4281,119,64,5
0x8fe577,96.6048%,183,5207,5390,4881,92,91,326
0x4a2604,76.4781%,183,595,778,170,136,47,425
0x54800b,97.3382%,183,6692,6875,119,136,47,6573
0x90ef19,93.506%,183,2635,2818,838,123,60,1797
0xb0afd0,71.7593%,183,465,648,388,83,100,77
0x5bd4ac,97.6756%,183,7690,7873,5870,71,112,1820
0x783dde,89.9229%,183,1633,1816,681,102,81,952
0x8e96e2,83.2413%,182,904,1086,7,119,63,897
0x9e26e0,72.2137%,182,473,655,272,89,93,201
0x81c19c,84.3911%,182,984,1166,938,98,84,46
0x9f4953,69.3603%,182,412,594,120,127,55,292
0x811652,65.2672%,182,342,524,207,87,95,135
0x63ab75,77.8319%,182,639,821,350,93,89,289
0x510e78,96.5719%,182,5127,5309,4825,63,119,302
0x596eaf,94.1062%,182,2906,3088,830,116,66,2076
0x48b2d5,69.1002%,182,407,589,99,126,56,308
0x511b50,93.6133%,181,2653,2834,2341,109,72,312
0x8b9700,99.1142%,181,20253,20434,17601,105,76,2652
0x942664,87.2535%,181,1239,1420,848,89,92,391
0x5030da,97.6872%,181,7645,7826,106,84,97,7539
0x49c75f,75.0689%,181,545,726,340,101,80,205
0x51020e,86.1621%,181,1127,1308,276,108,73,851
0x8da40a,82.729%,181,867,1048,292,81,100,575
0x8e1b15,99.3981%,181,29892,30073,2194,86,95,27698
0x53f5c8,91.6936%,180,1987,2167,126,95,85,1861
0x49e145,88.1031%,180,1333,1513,51,114,66,1282
0x638ee5,67.0932%,180,367,547,122,87,93,245
0x5fe634,72.2222%,180,468,648,93,103,77,375
0x8eb9df,95.6564%,180,3964,4144,1187,116,64,2777
0x818bdf,92.0796%,179,2081,2260,2024,42,137,57
0x4c432c,93.0458%,179,2395,2574,190,96,83,2205
0x4bc0ae,86.1669%,179,1115,1294,910,100,79,205
0x81e8cf,81.3929%,179,783,962,124,106,73,659
0x9a7bcb,78.8666%,179,668,847,149,139,40,519
0x5118aa,96.6517%,179,5167,5346,5015,119,60,152
0x81b30b,77.3418%,179,611,790,320,79,100,291
0x53ab5f,75.9085%,179,564,743,465,84,95,99
0xa4503d,70.4132%,179,426,605,87,85,94,339
0x90d43b,80.1332%,179,722,901,514,85,94,208
0x90d2db,75.242%,179,544,723,478,121,58,66
0x50d2b0,96.0581%,179,4362,4541,2675,75,104,1687
0x81c562,65.1663%,178,333,511,196,112,66,137
0x595e36,75.4483%,178,547,725,52,118,60,495
0x81a892,76.6097%,178,583,761,104,134,44,479
0x90a06a,80.5889%,178,739,917,716,52,126,23
0xa56100,91.7972%,178,1992,2170,1981,48,130,11
0x90fe07,94.4686%,178,3040,3218,313,122,56,2727
0xa3a389,85.3739%,178,1039,1217,285,124,54,754
0x50c3f6,71.1039%,178,438,616,261,94,84,177
0x944224,79.4186%,177,683,860,363,113,64,320
0x804708,63.655%,177,310,487,139,125,52,171
0x489a12,68.8928%,177,392,569,98,75,102,294
0xa3535a,90.694%,177,1725,1902,895,88,89,830
0x96c111,94.1603%,177,2854,3031,31,87,90,2823
0xa39380,80.5281%,177,732,909,186,87,90,546
0x811b93,84.6154%,176,968,1144,251,124,52,717
0x8a7607,80%,176,704,880,674,60,116,30
0x63c85b,81.6857%,176,785,961,496,82,94,289
0x9f1d23,54.047%,176,207,383,124,97,79,83
0x9faf7f,69.5502%,176,402,578,66,121,55,336
0x511650,97.8418%,176,7979,8155,743,59,117,7236
0x8a25a1,33.5849%,176,89,265,0,0,176,89
0x82167c,99.0174%,176,17735,17911,290,42,134,17445
0x9ef0fd,82.1682%,176,811,987,113,129,47,698
0x8fc430,94.713%,175,3135,3310,3115,129,46,20
0x81efb7,87.6238%,175,1239,1414,799,92,83,440
0x8141ca,92.8977%,175,2289,2464,10,142,33,2279
0x546a8d,77.5064%,175,603,778,572,64,111,31
0x60b144,97.5962%,175,7105,7280,432,114,61,6673
0xb3028e,91.3409%,175,1846,2021,1816,56,119,30
0x66f533,53.5809%,175,202,377,75,96,79,127
0x58ffdc,97.5691%,175,7024,7199,543,120,55,6481
0x9f03d7,86.089%,175,1083,1258,246,137,38,837
0x9f3267,65.4762%,174,330,504,38,117,57,292
0x8ed6d9,83.9779%,174,912,1086,25,119,55,887
0xa310f1,71.1921%,174,430,604,130,64,110,300
0x8ebab4,83.2692%,174,866,1040,435,96,78,431
0x8fc463,94.7432%,174,3136,3310,443,110,64,2693
0x9f0b15,81.9127%,174,788,962,34,150,24,754
0x8eebd8,71.4286%,174,435,609,150,80,94,285
0x604765,59.4406%,174,255,429,56,132,42,199
0xa555ac,75.6983%,174,542,716,435,100,74,107
0x8142ba,88.896%,174,1393,1567,1171,68,106,222
0xb0c053,95.1027%,174,3379,3553,3320,41,133,59
0x627849,92.6334%,174,2188,2362,182,73,101,2006
0x5f7642,71.3344%,174,433,607,398,84,90,35
0x8bc892,96.5668%,173,4866,5039,111,123,50,4755
0x40ffa0,94.7813%,173,3142,3315,46,32,141,3096
0x8f297f,75.565%,173,535,708,58,97,76,477
0xb0ccb1,96.6589%,173,5005,5178,4994,37,136,11
0x5971cd,69.4885%,173,394,567,243,90,83,151
0x64af3c,99.3221%,173,25346,25519,19712,99,74,5634
0x8f4952,96.4315%,173,4675,4848,3066,63,110,1609
0x49e97c,94.0278%,172,2708,2880,2641,78,94,67
0x8b985c,98.3617%,172,10327,10499,680,120,52,9647
0x8b9de5,99.7493%,172,68437,68609,100,20,152,68337
0xa023a7,90.6876%,172,1675,1847,1054,91,81,621
0x80b402,69.2857%,172,388,560,261,66,106,127
0x546323,78.4363%,171,622,793,260,90,81,362
0x80fcc5,94.1757%,171,2765,2936,1649,97,74,1116
0xb3aaf9,93.9319%,171,2647,2818,1991,53,118,656
0x640318,93.9319%,171,2647,2818,2283,102,69,364
0xa54e11,94.7642%,171,3095,3266,3093,30,141,2
0x547f97,97.993%,171,8349,8520,302,100,71,8047
0x8d9cb0,87.1622%,171,1161,1332,77,122,49,1084
0x666f7a,87.8223%,170,1226,1396,1211,66,104,15
0x8a5d63,87.3981%,170,1179,1349,294,120,50,885
0x8feeba,69.0346%,170,379,549,50,112,58,329
0x542262,97.2527%,170,6018,6188,56,163,7,5962
0x510f65,94.0225%,170,2674,2844,296,86,84,2378
0x8da3a9,81.9533%,170,772,942,370,89,81,402
0xa4bbff,60.97%,169,264,433,188,63,106,76
0x81bea9,85.2273%,169,975,1144,296,79,90,679
0x40f703,99.8508%,169,113084,113253,37613,138,31,75471
0x5c4f7b,81.449%,169,742,911,629,116,53,113
0x5bba08,87.9458%,169,1233,1402,1209,74,95,24
0xaab161,97.6715%,169,7089,7258,809,63,106,6280
0xa26042,83.3169%,169,844,1013,381,95,74,463
0x8d266e,97.9734%,169,8170,8339,1815,73,96,6355
0xa45bbd,72.0661%,169,436,605,70,102,67,366
0x81a309,79.5647%,169,658,827,36,118,51,622
0x9e3cad,87.057%,168,1130,1298,886,109,59,244
0x909b17,98.1117%,168,8729,8897,3248,81,87,5481
0x8a4640,73.5433%,168,467,635,467,168,0,0
0x807726,95.2796%,168,3391,3559,3177,41,127,214
0xa3080f,83.8462%,168,872,1040,227,69,99,645
0x80c13b,80.4196%,168,690,858,249,98,70,441
0x81e294,98.5257%,168,11227,11395,11152,28,140,75
0x98ccb0,90.9774%,168,1694,1862,115,117,51,1579
0x8f5676,96.644%,168,4838,5006,2264,102,66,2574
0x8bc89d,96.5036%,168,4637,4805,1567,70,98,3070
0xa4506c,61.2009%,168,265,433,159,98,70,106
0x40e61c,91.3758%,168,1780,1948,21,49,119,1759
0x596ff2,75.6874%,168,523,691,110,112,56,413
0xa515d9,67.0588%,168,342,510,260,88,80,82
0x6434f4,91.0781%,168,1715,1883,206,108,60,1509
0x404e26,98.6418%,167,12129,12296,10826,46,121,1303
0xa39675,88.7995%,167,1324,1491,457,146,21,867
0x8bd4c0,99.6169%,167,43422,43589,8951,89,78,34471
0x8fd3a6,95.0752%,167,3224,3391,3175,89,78,49
0x9a7c7f,70.3041%,166,393,559,64,86,80,329
0x54562f,80.1673%,166,671,837,146,96,70,525
0x40d42e,93.252%,166,2294,2460,2191,65,101,103
0xa5edb7,70.5151%,166,397,563,53,105,61,344
0x511760,88.7989%,166,1316,1482,74,81,85,1242
0x6435a1,98.7686%,166,13315,13481,13314,128,38,1
0x8f291b,89.9394%,166,1484,1650,593,61,105,891
0x80aa58,67%,165,335,500,212,96,69,123
0x55239b,63.0872%,165,282,447,85,126,39,197
0x40e722,90.5118%,165,1574,1739,1460,74,91,114
0xa17f37,83.9373%,164,857,1021,461,85,79,396
0x5f862a,92.4319%,164,2003,2167,1686,118,46,317
0x5f7572,75.1138%,164,495,659,449,81,83,46
0xb0cc86,97.7832%,164,7234,7398,7191,35,129,43
0x640621,85.8742%,164,997,1161,939,22,142,58
0x8087ca,80.8187%,164,691,855,582,42,122,109
0xa565ce,76.7376%,164,541,705,58,120,44,483
0x8a54be,86.7421%,164,1073,1237,1064,59,105,9
0x48ebb7,68.7023%,164,360,524,120,86,78,240
0xa5654f,68.2171%,164,352,516,200,55,109,152
0x51b8bb,97.0556%,163,5373,5536,145,121,42,5228
0x8e0a85,93.7404%,163,2441,2604,692,118,45,1749
0x50138b,89.8883%,163,1449,1612,1112,91,72,337
0x8e0bf5,99.6217%,163,42921,43084,20619,87,76,22302
0x9f0b22,81.1343%,163,701,864,124,78,85,577
0xa0260b,89.0751%,163,1329,1492,1270,45,118,59
0x50b754,85.6134%,163,970,1133,485,91,72,485
0x502f79,93.5189%,163,2352,2515,2214,131,32,138
0x8eddcd,73.2348%,163,446,609,62,96,67,384
0x5fa98a,85.0869%,163,930,1093,237,102,61,693
0x63d72b,83.0385%,163,798,961,774,46,117,24
0x501948,76.7143%,163,537,700,204,70,93,333
0x606fe9,98.1262%,163,8536,8699,8359,86,77,177
0x8bcf38,95.8556%,163,3770,3933,197,120,43,3573
0x80fcb8,95.3161%,163,3317,3480,423,121,42,2894
0x9f09d8,83.7649%,163,841,1004,821,43,120,20
0x4a1364,65.3105%,162,305,467,256,93,69,49
0xa01874,78.9062%,162,606,768,149,103,59,457
0x819d68,88%,162,1188,1350,948,75,87,240
0x8d2357,76.4535%,162,526,688,310,74,88,216
0x8a2975,71.3781%,162,404,566,346,76,86,58
0x90d01b,78.7402%,162,600,762,517,82,80,83
0x9016f3,86.5833%,161,1039,1200,928,85,76,111
0xb2eb1e,97.9862%,161,7834,7995,199,115,46,7635
0x81b3f5,77.2599%,161,547,708,454,66,95,93
0x40d152,99.1499%,161,18778,18939,11048,79,82,7730
0x54808b,96.6381%,161,4628,4789,918,67,94,3710
0xa2568a,83.3849%,161,808,969,0,0,161,808
0x81d365,69.2161%,161,362,523,126,39,122,236
0x820b9b,96.9415%,161,5103,5264,5102,151,10,1
0x533b0a,92.2559%,161,1918,2079,1368,97,64,550
0x639be6,90.5572%,161,1544,1705,25,123,38,1519
0x917923,76.3235%,161,519,680,493,45,116,26
0xa39cdc,84.2675%,160,857,1017,63,119,41,794
0x4886e1,85.0327%,160,909,1069,290,106,54,619
0x78401c,82.0022%,160,729,889,185,83,77,544
0x6436c2,98.0834%,160,8188,8348,8081,90,70,107
0x8fea64,95.1923%,160,3168,3328,2023,100,60,1145
0x8d2424,75.6469%,160,497,657,461,72,88,36
0x5483c4,98.761%,160,12754,12914,917,74,86,11837
0x5104af,83.8384%,160,830,990,700,76,84,130
0x619190,90.4306%,160,1512,1672,409,115,45,1103
0x53ecf9,79.3814%,160,616,776,166,65,95,450
0x4051da,97.8183%,159,7129,7288,7122,34,125,7
0x558080,83.4547%,159,802,961,248,55,104,554
0xa397fa,66.5966%,159,317,476,81,98,61,236
0x40f542,99.6004%,159,39629,39788,166,106,53,39463
0x835022,93.568%,159,2313,2472,921,89,70,1392
0x5bba75,88.6591%,159,1243,1402,914,53,106,329
0x808cca,87.0521%,159,1069,1228,179,119,40,890
0x8a6241,54.0462%,159,187,346,66,77,82,121
0x54f8a8,92.259%,159,1895,2054,1871,67,92,24
0x8125b3,71.6578%,159,402,561,127,107,52,275
0x90cf04,73.4558%,159,440,599,29,121,38,411
0x8da6d4,94.4191%,159,2690,2849,1690,86,73,1000
0x40d5d0,94.6676%,158,2805,2963,1673,118,40,1132
0x5c6ad8,96.0978%,158,3891,4049,3781,70,88,110
0xa39d67,88.003%,158,1159,1317,461,84,74,698
0x4872e4,86.1888%,158,986,1144,384,74,84,602
0x9014d5,95.6972%,158,3514,3672,1496,83,75,2018
0x512acf,85.8676%,158,960,1118,660,74,84,300
0x4041b9,78.9894%,158,594,752,175,60,98,419
0x80fd88,99.1754%,157,18883,19040,17835,15,142,1048
0x410174,97.5158%,157,6163,6320,565,119,38,5598
0x552a84,88.8652%,157,1253,1410,1160,108,49,93
0xa353e0,82.9718%,157,765,922,567,73,84,198
0x48ee29,52.568%,157,174,331,79,66,91,95
0x780218,98.8923%,157,14017,14174,13972,46,111,45
0x5390b7,73.6134%,157,438,595,92,111,46,346
0x8eba78,83.1906%,157,777,934,104,86,71,673
0x813144,93.814%,157,2381,2538,745,101,56,1636
0x5fd72b,85.2444%,157,907,1064,881,47,110,26
0x552180,94.9191%,157,2933,3090,1473,75,82,1460
0x54ecea,95.5347%,157,3359,3516,3336,38,119,23
0x8044b9,62.2276%,156,257,413,65,84,72,192
0x5f850b,67.4322%,156,323,479,259,74,82,64
0x50fd65,98.8143%,156,13001,13157,12579,104,52,422
0xa333aa,87.8125%,156,1124,1280,498,78,78,626
0x6670e6,83.8676%,156,811,967,759,89,67,52
0x53c62a,84.1945%,156,831,987,236,81,75,595
0x90028f,61.6708%,156,251,407,35,52,104,216
0x53e3ba,95.0445%,156,2992,3148,648,106,50,2344
0x8eb8b7,99.3956%,156,25655,25811,25290,34,122,365
0x8f57d3,98.272%,156,8872,9028,4015,81,75,4857
0x49c085,68.6117%,156,341,497,315,87,69,26
0x8d2443,63.7002%,155,272,427,66,88,67,206
0x541810,91.1073%,155,1588,1743,1153,71,84,435
0x48bd27,80.4046%,155,636,791,609,39,116,27
0x80593b,90.1774%,155,1423,1578,694,61,94,729
0x9f9717,55.0725%,155,190,345,130,87,68,60
0x507448,71.8693%,155,396,551,345,78,77,51
0x64b597,99.2871%,155,21588,21743,4813,108,47,16775
0x511986,96.187%,155,3910,4065,206,119,36,3704
0x53a1cf,79.2732%,154,589,743,504,45,109,85
0x5075f7,93.3043%,154,2146,2300,1130,114,40,1016
0x81d305,71.3222%,154,383,537,72,93,61,311
0x6435f2,98.6714%,154,11437,11591,11289,60,94,148
0x5411ed,95.9548%,154,3653,3807,79,108,46,3574
0x8eebaa,74.7126%,154,455,609,123,77,77,332
0x5b9d67,96.7545%,154,4591,4745,4549,75,79,42
0x5122c1,92.5568%,154,1915,2069,6,111,43,1909
0xa03885,98.6085%,153,10842,10995,3549,86,67,7293
0x81f1ff,87.9242%,153,1114,1267,1088,41,112,26
0x40f386,97.6153%,153,6263,6416,3018,92,61,3245
0x49c750,86.9787%,153,1022,1175,364,85,68,658
0x8fe4db,93.0738%,153,2056,2209,1281,85,68,775
0x8bcdae,99.2749%,152,20810,20962,19847,141,11,963
0x545b0e,97.2608%,152,5397,5549,2471,82,70,2926
0x53872b,94.362%,152,2544,2696,1990,66,86,554
0x5fe180,89.7158%,152,1326,1478,1311,74,78,15
0x8a265c,45.9075%,152,129,281,49,27,125,80
0x638d1d,87.3754%,152,1052,1204,973,52,100,79
0x80cb01,90.7034%,152,1483,1635,5,136,16,1478
0xa2cbc3,82.9596%,152,740,892,408,87,65,332
0x41027a,97.5228%,152,5984,6136,5921,50,102,63
0xa63c40,71.8519%,152,388,540,315,88,64,73
0x534ece,98.0395%,152,7601,7753,4676,93,59,2925
0x9eeea7,75%,152,456,608,312,84,68,144
0x80593f,92.1366%,152,1781,1933,632,79,73,1149
0xa4ba8f,75%,151,453,604,326,84,67,127
0x8da6dc,85.9273%,151,922,1073,647,56,95,275
0x8eedd1,83.0527%,151,740,891,714,46,105,26
0xb327da,90.8926%,151,1507,1658,597,75,76,910
0x8a968c,95.0974%,151,2929,3080,1507,103,48,1422
0x627aea,93.6071%,151,2211,2362,1095,86,65,1116
0x812521,82.0878%,151,692,843,575,71,80,117
0x53c4cc,79.0569%,151,570,721,51,75,76,519
0x90e24b,80.2097%,151,612,763,521,82,69,91
0x510e95,96.9108%,151,4737,4888,2761,83,68,1976
0xa027c1,88.3127%,151,1141,1292,1126,57,94,15
0x5fa1f6,82.9571%,151,735,886,531,79,72,204
0x5422c2,72.7768%,150,401,551,163,56,94,238
0x54823a,97.8035%,150,6679,6829,5977,60,90,702
0x8fdea9,99.5959%,150,36969,37119,36969,150,0,0
0xa4bbeb,75.3695%,150,459,609,60,116,34,399
0x540d0c,91.4481%,150,1604,1754,1421,42,108,183
0x540350,94.5035%,150,2579,2729,2576,121,29,3
0x98b32d,55.1205%,149,183,332,22,41,108,161
0x7d09b6,83.8219%,149,772,921,101,113,36,671
0x9a70c4,82.0265%,149,680,829,4,99,50,676
0x8fbf19,91.736%,149,1654,1803,316,99,50,1338
0xa3a4d4,83.7691%,149,769,918,304,16,133,465
0x64857a,94.9798%,149,2819,2968,1993,79,70,826
0x40ee03,87.9839%,149,1091,1240,771,32,117,320
0x8bad20,97.6896%,149,6300,6449,5950,53,96,350
0x8ead6c,88.9956%,149,1205,1354,31,98,51,1174
0x816090,78.9845%,149,560,709,524,53,96,36
0x5fe23f,83.296%,149,743,892,49,107,42,694
0x40d44a,83.4452%,148,746,894,110,107,41,636
0x534966,96.3654%,148,3924,4072,3924,82,66,0
0x50f917,79.1549%,148,562,710,553,114,34,9
0xa35948,85.2148%,148,853,1001,754,62,86,99
0x5906d9,81.0256%,148,632,780,462,34,114,170
0x9f0aea,77.4734%,148,509,657,39,105,43,470
0x9a74c0,79.3584%,148,569,717,543,82,66,26
0x8141d6,98.9021%,148,13332,13480,1880,92,56,11452
0x8a9ebe,77.1252%,148,499,647,81,100,48,418
0x58eb87,97.1871%,147,5079,5226,310,62,85,4769
0x5c6af3,96.1838%,147,3705,3852,191,73,74,3514
0x40ded5,99.0191%,147,14839,14986,14836,42,105,3
0xa35857,87.4359%,147,1023,1170,334,82,65,689
0xaae25d,96.0141%,147,3541,3688,1827,80,67,1714
0xb1815f,77.6935%,147,512,659,386,71,76,126
0x596a38,58.3569%,147,206,353,68,74,73,138
0xa938a0,58.4746%,147,207,354,151,53,94,56
0x5341be,97.3575%,147,5416,5563,5405,23,124,11
0x4bbcdd,91.5274%,147,1588,1735,870,40,107,718
0x81178a,76.2136%,147,471,618,318,70,77,153
0x8ee0c3,76.0263%,146,463,609,328,81,65,135
0x8bd239,99.5514%,146,32398,32544,25948,44,102,6450
0x8e267e,97.2322%,146,5129,5275,2611,70,76,2518
0xa52640,95.0842%,146,2824,2970,2816,32,114,8
0xb2e849,98.1739%,146,7849,7995,7822,103,43,27
0x8e0d96,99.6611%,146,42938,43084,41148,77,69,1790
0x781eb5,99.2331%,146,18892,19038,2736,58,88,16156
0x60a673,87.3252%,145,999,1144,6,44,101,993
0x627f23,87.7223%,145,1036,1181,39,116,29,997
0x9ea400,88.3721%,145,1102,1247,1043,23,122,59
0x53dc4c,99.1411%,145,16737,16882,16737,18,127,0
0x63b654,88.8974%,145,1161,1306,208,99,46,953
0x91110b,55.6575%,145,182,327,104,56,89,78
0xb30155,71.6797%,145,367,512,216,72,73,151
0x8117c4,87.303%,145,997,1142,531,87,58,466
0xaa3388,80.8707%,145,613,758,226,109,36,387
0xa39adb,76.6129%,145,475,620,243,104,41,232
0x54253b,93.6654%,145,2144,2289,1974,122,23,170
0xa39cb9,86.7647%,144,944,1088,49,88,56,895
0xa43d3f,82.9988%,144,703,847,248,45,99,455
0x8e134f,92.6866%,144,1825,1969,264,81,63,1561
0x404261,69.6842%,144,331,475,136,62,82,195
0x5928fd,87.99%,144,1055,1199,627,67,77,428
0x83506a,77.394%,144,493,637,281,65,79,212
0x4b9de7,88.8372%,144,1146,1290,294,76,68,852
0x8ff7fb,99.503%,144,28830,28974,3711,86,58,25119
0xa4d2df,67.713%,144,302,446,209,74,70,93
0x81e805,98.6402%,144,10446,10590,10323,90,54,123
0xa17ee4,84.3648%,144,777,921,308,67,77,469
0x81f3b3,95.6964%,144,3202,3346,1588,84,60,1614
0xa44d84,76.3547%,144,465,609,68,108,36,397
0x8c736f,84.8837%,143,803,946,20,106,37,783
0x808828,74.5098%,143,418,561,252,75,68,166
0x558cee,83.3914%,143,718,861,695,69,74,23
0x8fe28c,77.5157%,143,493,636,220,80,63,273
0x80f0b0,81.8528%,143,645,788,200,60,83,445
0x80d87a,69.181%,143,321,464,295,55,88,26
0x40ecaf,88.4677%,143,1097,1240,853,111,32,244
0x81b0c6,72.5528%,143,378,521,129,75,68,249
0xa0278c,90.7979%,143,1411,1554,36,94,49,1375
0x40f395,95.6216%,143,3123,3266,620,51,92,2503
0x661619,96.1826%,143,3603,3746,2399,82,61,1204
0x814aee,68.5144%,142,309,451,107,87,55,202
0x61919b,87.6307%,142,1006,1148,720,70,72,286
0xb314fa,66.2708%,142,279,421,123,73,69,156
0x9f285b,82.6829%,142,678,820,119,94,48,559
0x8f4880,91.7394%,142,1577,1719,233,103,39,1344
0x809e11,74.6881%,142,419,561,371,39,103,48
0x8ed2aa,90.4248%,142,1341,1483,818,83,59,523
0x40e01b,97.0818%,142,4724,4866,4449,67,75,275
0x5fd99d,97.524%,142,5593,5735,140,88,54,5453
0xa395bf,87.6629%,142,1009,1151,326,101,41,683
0x53df37,96.888%,142,4421,4563,436,74,68,3985
0x547fd2,82.598%,142,674,816,450,102,40,224
0x8fe995,95.7675%,142,3213,3355,76,94,48,3137
0xa3cbf1,59.9432%,141,211,352,155,67,74,56
0x41036b,80.6849%,141,589,730,485,36,105,104
0x8e48cc,86.7357%,141,922,1063,753,50,91,169
0x81e637,82.5495%,141,667,808,189,98,43,478
0x8fe54d,96.727%,141,4167,4308,35,97,44,4132
0xb3267f,97.8112%,141,6301,6442,0,0,141,6301
0xa26341,86.4683%,141,901,1042,346,77,64,555
0x40d397,94.3981%,141,2376,2517,1215,129,12,1161
0x8daaab,91.0703%,141,1438,1579,128,72,69,1310
0x8e4a58,96.6356%,141,4050,4191,266,80,61,3784
0xa90b71,61.8919%,141,229,370,204,98,43,25
0x59137d,74.1758%,141,405,546,246,77,64,159
0x64b56e,99.3515%,141,21602,21743,19348,105,36,2254
0x50d2b9,92.1831%,140,1651,1791,1276,55,85,375
0x9a7050,80.4742%,140,577,717,561,64,76,16
0x502414,75.1332%,140,423,563,157,66,74,266
0x8d0b9b,96.2875%,140,3631,3771,2851,33,107,780
0xa30d2e,90.5469%,140,1341,1481,1278,46,94,63
0xa54d43,53.1773%,140,159,299,104,79,61,55
0x406c37,76.2712%,140,450,590,192,76,64,258
0x8a76f7,72.9207%,140,377,517,161,69,71,216
0x816bcf,97.0364%,140,4584,4724,3439,50,90,1145
0x4b52b2,62.2642%,140,231,371,53,71,69,178
0x53baf3,87.7515%,140,1003,1143,44,111,29,959
0x502cc8,89.7436%,140,1225,1365,372,80,60,853
0x8f5626,97.2034%,140,4866,5006,4346,83,57,520
0x80739d,92.4893%,140,1724,1864,1720,32,108,4
0xa45bee,67.6674%,140,293,433,261,70,70,32
0xa01a30,64.2857%,140,252,392,235,60,80,17
0x9ed664,80.8276%,139,586,725,27,93,46,559
0x813e17,85.2442%,139,803,942,655,35,104,148
0x9ee58e,65.5087%,139,264,403,190,61,78,74
0x8e460c,93.9539%,139,2160,2299,643,25,114,1517
0x7cc2df,88.9595%,139,1120,1259,56,88,51,1064
0x40d1fe,98.7292%,139,10799,10938,10799,39,100,0
0x816c8e,88.7449%,139,1096,1235,127,96,43,969
0x5fe23a,87.5%,139,973,1112,115,105,34,858
0xa2d9df,77.0248%,139,466,605,80,92,47,386
0x610d9d,98.622%,139,9948,10087,3,62,77,9945
0xaa149b,61.2813%,139,220,359,109,55,84,111
0x9e1899,85.4277%,138,809,947,752,58,80,57
0x81ea88,88.4904%,138,1061,1199,925,59,79,136
0x48db30,96.9079%,138,4325,4463,2534,76,62,1791
0xb0c519,80.3419%,138,564,702,492,63,75,72
0x8b9a56,70.7627%,138,334,472,83,91,47,251
0x5f825c,84.9673%,138,780,918,41,101,37,739
0xa159e3,83.7838%,138,713,851,268,53,85,445
0x405747,98.0486%,138,6934,7072,2577,103,35,4357
0x48ae7c,97.4534%,138,5281,5419,4474,54,84,807
0x51b4e3,89.2296%,137,1135,1272,696,81,56,439
0x8350da,89.6447%,137,1186,1323,1186,137,0,0
0x5ffa90,90.9272%,137,1373,1510,1232,104,33,141
0x4b497b,86.8648%,137,906,1043,844,61,76,62
0xa465dc,70.8511%,137,333,470,292,36,101,41
0xb0ba10,97.6318%,137,5648,5785,217,59,78,5431
0x51190e,93.6574%,137,2023,2160,1243,38,99,780
0xa25b4b,86.4758%,137,876,1013,71,70,67,805
0x807f87,71.6942%,137,347,484,333,82,55,14
0x63c7a4,82.0681%,137,627,764,141,88,49,486
0x81236e,88.0245%,137,1007,1144,902,38,99,105
0xa921c7,74.0952%,136,389,525,193,64,72,196
0x900187,98.3994%,136,8361,8497,53,89,47,8308
0x813d9e,85.5626%,136,806,942,783,39,97,23
0x546550,95.8076%,136,3108,3244,2630,56,80,478
0x590052,98.1365%,136,7162,7298,3612,67,69,3550
0x8059d7,91.4412%,136,1453,1589,145,79,57,1308
0x8bc941,98.9111%,136,12354,12490,12344,94,42,10
0x596d7b,91.3651%,136,1439,1575,751,72,64,688
0x40d2ce,85.0877%,136,776,912,685,62,74,91
0x8be8e7,89.9557%,136,1218,1354,1069,73,63,149
0x90dc15,99.733%,136,50797,50933,77,99,37,50720
0x9f2570,93.4897%,136,1953,2089,1951,43,93,2
0x816c78,88.9879%,136,1099,1235,534,60,76,565
0x5df214,91.2371%,136,1416,1552,1399,42,94,17
0xb0c671,97.3735%,136,5042,5178,3044,78,58,1998
0x5936d8,89.3082%,136,1136,1272,213,48,88,923
0x58f882,94.5205%,136,2346,2482,2167,40,96,179
0x8da4e8,97.1883%,136,4701,4837,3798,41,95,903
0x5555b0,88.8342%,136,1082,1218,1074,41,95,8
0x599186,97.2962%,135,4858,4993,4559,80,55,299
0x8a64f5,87.106%,135,912,1047,873,39,96,39
0x8bc76f,94.0371%,135,2129,2264,1019,91,44,1110
0x8a24f6,61.4286%,135,215,350,29,51,84,186
0xa30b4b,92.0024%,135,1553,1688,1426,55,80,127
0x54252c,89.3617%,135,1134,1269,302,63,72,832
0xa3b22c,61.6477%,135,217,352,44,80,55,173
0x40f7c5,79.1345%,135,512,647,223,65,70,289
0x48eba3,81.405%,135,591,726,113,89,46,478
0x639bf2,91.3295%,135,1422,1557,844,61,74,578
0x53fe87,92.2458%,135,1606,1741,1592,37,98,14
0x5913f2,75%,135,405,540,206,68,67,199
0x5bb61a,90.4422%,134,1268,1402,1266,17,117,2
0x911094,69.2661%,134,302,436,195,74,60,107
0xa32aea,93.3499%,134,1881,2015,9,84,50,1872
0x5459b2,98.8829%,134,11861,11995,112,89,45,11749
0x8171dd,69.1954%,134,301,435,221,54,80,80
0xb2fdf6,74.4762%,134,391,525,317,54,80,74
0x818d3b,97.2995%,134,4828,4962,120,65,69,4708
0x5babdc,82.3452%,134,625,759,183,84,50,442
0xaa0720,93.4857%,134,1923,2057,1917,43,91,6
0x8bcb9b,97.8851%,134,6202,6336,989,35,99,5213
0x81bb14,74.2802%,134,387,521,126,78,56,261
0x805a80,81.5427%,134,592,726,449,50,84,143
0x552a26,90.4965%,134,1276,1410,616,78,56,660
0x90018b,98.3962%,134,8221,8355,187,81,53,8034
0x8fe043,97.7257%,134,5758,5892,2830,37,97,2928
0x9f4741,77.6094%,133,461,594,115,62,71,346
0x8a775a,70.3786%,133,316,449,269,46,87,47
0x8f29c0,78.8553%,133,496,629,260,76,57,236
0xa39987,84.9035%,133,748,881,563,45,88,185
0x99d9a7,65.9847%,133,258,391,44,68,65,214
0x4a1c82,91.2269%,133,1383,1516,13,107,26,1370
0x5f0c3f,78.5829%,133,488,621,211,72,61,277
0x59915e,97.3363%,133,4860,4993,452,54,79,4408
0x80c194,68.7059%,133,292,425,107,53,80,185
0x50498c,78.72%,133,492,625,418,52,81,74
0x9bc70f,65.9847%,133,258,391,37,90,43,221
0x539b2b,79.7256%,133,523,656,318,77,56,205
0x965fe7,58.8785%,132,189,321,28,55,77,161
0x8fde2c,89.7276%,132,1153,1285,664,80,52,489
0x8187f1,93.2064%,132,1811,1943,1799,59,73,12
0x809f85,70.8609%,132,321,453,66,60,72,255
0xa31102,67.8049%,132,278,410,232,51,81,46
0x627afa,88.601%,132,1026,1158,1023,16,116,3
0x542d30,93.6232%,132,1938,2070,126,65,67,1812
0xb0c080,97.4031%,132,4951,5083,1153,81,51,3798
0x8eeb7d,78.3251%,132,477,609,66,92,40,411
0xa45fc0,44.3038%,132,105,237,39,53,79,66
0x4ca479,85.9724%,132,809,941,802,26,106,7
0xa527fb,78.0731%,132,470,602,313,97,35,157
0x40d312,83.3544%,132,661,793,111,59,73,550
0xa936dc,64.6113%,132,241,373,24,93,39,217
0x5030de,98.2713%,132,7504,7636,1211,55,77,6293
0x40d197,99.7847%,132,61188,61320,46,68,64,61142
0x554e17,89.1626%,132,1086,1218,1030,46,86,56
0x4894ca,94.4327%,132,2239,2371,198,62,70,2041
0x8eebe5,65.1715%,132,247,379,150,89,43,97
0x90bc0b,99.7428%,131,50802,50933,50704,53,78,98
0x596bc1,94.3461%,131,2186,2317,1194,54,77,992
0x534210,97.6016%,131,5331,5462,5256,49,82,75
0x627b40,94.4539%,131,2231,2362,2055,52,79,176
0xb0ba26,97.6221%,131,5378,5509,1323,103,28,4055
0x41015f,98.8577%,131,11337,11468,637,93,38,10700
0x81e908,83.7871%,131,677,808,199,87,44,478
0x4b5925,72.0085%,131,337,468,127,48,83,210
0x40f579,92.3926%,131,1591,1722,16,111,20,1575
0x5c6c57,93.8956%,131,2015,2146,1607,61,70,408
0x5faccb,87.9485%,131,956,1087,823,55,76,133
0x53ecec,85.7298%,131,787,918,61,81,50,726
0x509b6e,93.0171%,131,1745,1876,404,84,47,1341
0x5545bd,92.5014%,131,1616,1747,456,73,58,1160
0x5d7f22,89.4779%,131,1114,1245,516,85,46,598
0xaaaf75,88.1341%,131,973,1104,189,89,42,784
0x8bc7c1,91.9484%,131,1496,1627,1386,115,16,110
0x5389ef,91.1247%,131,1345,1476,71,83,48,1274
0x5502e0,90.4935%,131,1247,1378,1218,41,90,29
0x8dad40,82.1918%,130,600,730,572,65,65,28
0x81a8a1,75.1434%,130,393,523,371,47,83,22
0xa0189b,68.4466%,130,282,412,72,80,50,210
0x404fff,57.7922%,130,178,308,63,47,83,115
0xa395e9,82.0442%,130,594,724,40,81,49,554
0x9f62e0,86.4583%,130,830,960,377,49,81,453
0x8fef17,63.3803%,130,225,355,94,47,83,131
0xa49f98,79.6238%,130,508,638,432,61,69,76
0x9e0031,87.8957%,130,944,1074,259,58,72,685
0x8da180,80.9942%,130,554,684,440,68,62,114
0xa019d0,45.1477%,130,107,237,102,123,7,5
0x4bbf38,93.1326%,130,1763,1893,1430,62,68,333
0x403cac,97.8872%,130,6023,6153,5953,95,35,70
0x80df30,96.3068%,130,3390,3520,990,110,20,2400
0x9e245c,84.127%,130,689,819,530,72,58,159
0x5904f7,90.9916%,129,1303,1432,3,80,49,1300
0x533bae,90.4374%,129,1220,1349,619,116,13,601
0x51029e,64.9457%,129,239,368,164,68,61,75
0x64b4cc,99.4071%,129,21629,21758,19358,47,82,2271
0x805d26,88.1215%,129,957,1086,25,101,28,932
0x49e096,74.8538%,129,384,513,384,129,0,0
0x807af3,71.8341%,129,329,458,166,57,72,163
0x8c7f1b,93.2987%,129,1796,1925,939,43,86,857
0x50d6eb,77.8731%,129,454,583,240,68,61,214
0xa95de0,77.5261%,129,445,574,396,44,85,49
0x911d12,79.7488%,129,508,637,137,64,65,371
0x503ceb,74.0964%,129,369,498,239,49,80,130
0xb0b9e1,97.8428%,129,5851,5980,5850,8,121,1
0x592921,89.241%,129,1070,1199,115,80,49,955
0x81eab4,76.7273%,128,422,550,166,49,79,256
0x9f16e3,85.1852%,128,736,864,721,48,80,15
0x901fdf,88.181%,128,955,1083,534,88,40,421
0x5481c3,98.8242%,128,10758,10886,66,93,35,10692
0x5fa061,90.6021%,128,1234,1362,135,80,48,1099
0x833f56,84.5969%,128,703,831,253,83,45,450
0x405036,99.2543%,128,17036,17164,17036,86,42,0
0x53417f,98.1498%,128,6790,6918,6790,27,101,0
0x8feea4,79.8425%,128,507,635,157,70,58,350
0x5bc220,90.6501%,128,1241,1369,25,94,34,1216
0x951019,39.8104%,127,84,211,9,97,30,75
0xa9048c,65.8602%,127,245,372,178,48,79,67
0x9a70d1,82.5069%,127,599,726,563,59,68,36
0x53fe73,92.7053%,127,1614,1741,58,97,30,1556
0xa30434,74.0816%,127,363,490,189,81,46,174
0x81e86c,97.5468%,127,5050,5177,4546,26,101,504
0x504904,82.8378%,127,613,740,485,91,36,128
0xa91b41,65.0138%,127,236,363,160,66,61,76
0x9a7c4c,85.9823%,127,779,906,569,43,84,210
0x403d2a,97.936%,127,6026,6153,4903,61,66,1123
0x406c1a,78.4746%,127,463,590,463,127,0,0
0x49a6a1,83.377%,127,637,764,194,71,56,443
0x63accc,79.68%,127,498,625,159,82,45,339
0xaa45e0,98.9721%,127,12228,12355,12199,57,70,29
0x537f48,97.3127%,127,4599,4726,4585,49,78,14
0x4fdb91,60.1881%,127,192,319,154,99,28,38
0x404430,91.205%,127,1317,1444,22,78,49,1295
0x8d9adb,88.7908%,127,1006,1133,715,48,79,291
0x4b58d1,72.8632%,127,341,468,135,63,64,206
0x4bb1dd,86.8937%,127,842,969,193,88,39,649
0x8fe272,93.0941%,127,1712,1839,547,75,52,1165
0xa91e65,74.0816%,127,363,490,263,55,72,100
0x4a126c,88.5036%,126,970,1096,742,47,79,228
0x9e0162,88.2682%,126,948,1074,855,39,87,93
0x8a93a9,93.2075%,126,1729,1855,855,56,70,874
0x5bb3d6,91.0128%,126,1276,1402,24,95,31,1252
0x5411a0,99.0243%,126,12788,12914,907,84,42,11881
0x4a6e6f,64.507%,126,229,355,211,50,76,18
0x403e87,97.6671%,126,5275,5401,2216,65,61,3059
0x48d7a5,97.1806%,126,4343,4469,2656,101,25,1687
0x510096,87.8405%,125,903,1028,482,118,7,421
0x811e18,95.9884%,125,2991,3116,2004,62,63,987
0x4fd96e,85.7793%,125,754,879,700,72,53,54
0xa2d63f,73.5729%,125,348,473,221,58,67,127
0xa2df7f,69.5122%,125,285,410,276,96,29,9
0x80bc2c,68.2741%,125,269,394,69,61,64,200
0x40f5a3,96.5326%,125,3480,3605,197,76,49,3283
0x48d9e6,73.6287%,125,349,474,7,90,35,342
0x810007,94.3694%,125,2095,2220,1637,79,46,458
0x8223f9,94.4837%,125,2141,2266,343,78,47,1798
0x40e5a2,92.5704%,124,1545,1669,187,90,34,1358
0x40dcc3,92.8365%,124,1607,1731,1534,71,53,73
0xb0b19c,63.8484%,124,219,343,86,74,50,133
0x541750,89.0363%,124,1007,1131,87,49,75,920
0x64b0f8,99.708%,124,42344,42468,21376,78,46,20968
0x900559,99.4023%,124,20622,20746,114,88,36,20508
0x8aa909,96.3753%,124,3297,3421,0,0,124,3297
0x8dadf7,95.4108%,124,2578,2702,1993,73,51,585
0x50986c,97.1448%,124,4219,4343,577,41,83,3642
0x49cae4,82.055%,124,567,691,49,34,90,518
0x8a5d9c,92.0868%,124,1443,1567,130,88,36,1313
0x8fd489,93.641%,124,1826,1950,1400,43,81,426
0x5cf3eb,93.4771%,124,1777,1901,1516,50,74,261
0x7d0cfd,84.8411%,124,694,818,178,85,39,516
0x58ffd7,98.3009%,124,7174,7298,10,89,35,7164
0x8ef0bd,89.8194%,124,1094,1218,233,83,41,861
0x60dd66,82.235%,124,574,698,81,91,33,493
0x608c96,77.6173%,124,430,554,311,43,81,119
0x548545,95.4444%,123,2577,2700,52,87,36,2525
0x538a01,87.4362%,123,856,979,213,43,80,643
0x9d6991,67.2872%,123,253,376,215,49,74,38
0x40e0c4,98.8999%,123,11058,11181,882,62,61,10176
0x8a7723,77.3481%,123,420,543,74,85,38,346
0x4bb9d3,60.9524%,123,192,315,110,94,29,82
0x5b166a,75.8824%,123,387,510,225,70,53,162
0x40dd31,96.4807%,123,3372,3495,2754,86,37,618
0x8c941a,65.7382%,123,236,359,182,58,65,54
0x410245,98.001%,123,6030,6153,182,68,55,5848
0xb32693,98.0907%,123,6319,6442,0,0,123,6319
0x489499,94.255%,123,2018,2141,187,73,50,1831
0x9a7f20,85.4953%,123,725,848,693,55,68,32
0xb2ae27,96.1418%,123,3065,3188,2091,59,64,974
0x48b1c0,91.9152%,122,1387,1509,1381,29,93,6
0x53ef1d,63.7982%,122,215,337,126,57,65,89
0x40bb23,72.7679%,122,326,448,99,51,71,227
0x4a6f02,85.9122%,122,744,866,284,71,51,460
0x4bbcb8,93.4549%,122,1742,1864,19,110,12,1723
0x8f2aae,88.7661%,122,964,1086,21,24,98,943
0x9aa6f6,75.3535%,122,373,495,71,93,29,302
0x911029,72.0183%,122,314,436,121,67,55,193
0x7c1607,94.447%,122,2075,2197,1861,49,73,214
0x4b5658,57.4913%,122,165,287,47,49,73,118
0x638da8,77.6965%,122,425,547,425,122,0,0
0x5fac66,85.3892%,122,713,835,79,83,39,634
0x60834b,59.3333%,122,178,300,111,98,24,67
0x48af89,87.9447%,122,890,1012,852,50,72,38
0x8ec38b,88.899%,122,977,1099,101,100,22,876
0x8a27a5,56.5836%,122,159,281,159,122,0,0
0x555d1e,88.7142%,122,959,1081,938,40,82,21
0x6775eb,59.736%,122,181,303,20,32,90,161
0x4b781e,79.4958%,122,473,595,78,70,52,395
0x8a5179,82.6705%,122,582,704,337,45,77,245
0x535195,98.3875%,121,7383,7504,7379,25,96,4
0x9f43b3,58.5616%,121,171,292,147,44,77,24
0xa51051,75.8964%,121,381,502,52,74,47,329
0x40ebe0,91.6379%,121,1326,1447,907,54,67,419
0x8eb7ee,95.7529%,121,2728,2849,397,90,31,2331
0xa2dfca,70.4878%,121,289,410,37,56,65,252
0x8a5dec,66.6667%,121,242,363,119,66,55,123
0x81877c,85.9466%,121,740,861,736,39,82,4
0x8a33f4,78.6219%,121,445,566,19,55,66,426
0x9f27f4,79.6296%,121,473,594,48,72,49,425
0x9e25d0,79.3867%,121,466,587,203,50,71,263
0x489f8c,97.0365%,121,3962,4083,3945,51,70,17
0x53bb33,89.4138%,121,1022,1143,817,79,42,205
0x8da1df,79.8669%,121,480,601,135,71,50,345
0x8efa24,80.1314%,121,488,609,347,70,51,141
0x81849b,86.203%,121,756,877,755,36,85,1
0xa028c2,64.2857%,120,216,336,107,79,41,109
0x90c241,93.1741%,120,1638,1758,1475,61,59,163
0x8c7304,95.7672%,120,2715,2835,2663,67,53,52
0x8a2512,65.7143%,120,230,350,4,65,55,226
0x9a9c47,55.3903%,120,149,269,149,120,0,0
0x4ba214,89.5924%,120,1033,1153,627,72,48,406
0x4c4b0a,95.338%,120,2454,2574,2084,88,32,370
0x8a60d0,77.9817%,120,425,545,167,49,71,258
0x590689,92.9947%,120,1593,1713,422,81,39,1171
0x8ffbd7,96.2347%,120,3067,3187,12,96,24,3055
0x81041f,71.564%,120,302,422,43,73,47,259
0xa275eb,94.1691%,120,1938,2058,1930,36,84,8
0xa51c30,87.5393%,119,836,955,828,71,48,8
0x40439a,95.0126%,119,2267,2386,47,45,74,2220
0x538594,99.2202%,119,15141,15260,0,0,119,15141
0x50ca1d,90.4876%,119,1132,1251,389,43,76,743
0x541dc9,88.8472%,119,948,1067,309,55,64,639
0x810928,52.9644%,119,134,253,69,40,79,65
0x552a4c,91.3643%,119,1259,1378,603,59,60,656
0x4becdc,87.2043%,119,811,930,672,55,64,139
0xa39e20,83.9406%,119,622,741,43,70,49,579
0x80a527,78.7879%,119,442,561,391,44,75,51
0x81184f,85.8837%,119,724,843,205,77,42,519
0xa5560f,77.757%,119,416,535,75,53,66,341
0x5413dc,99.2958%,119,16779,16898,0,0,119,16779
0x54173f,93.2301%,118,1625,1743,521,91,27,1104
0x558a29,68.617%,118,258,376,46,82,36,212
0x9a30a0,79.2619%,118,451,569,179,92,26,272
0x554e57,90.0085%,118,1063,1181,1044,32,86,19
0x489cd1,98.8417%,118,10069,10187,0,73,45,10069
0x81f3bb,92.951%,118,1556,1674,420,68,50,1136
0x9e6bd5,92.6388%,118,1485,1603,1472,78,40,13
0x81b36b,81.3291%,118,514,632,267,56,62,247
0x627926,94.5697%,118,2055,2173,1092,55,63,963
0x8e4d71,93.1949%,118,1616,1734,1302,40,78,314
0x48eae2,89.3019%,118,985,1103,268,70,48,717
0x811c13,84.6554%,118,651,769,636,28,90,15
0x53b1d7,95.24%,118,2361,2479,2359,63,55,2
0x8103fe,89.81%,118,1040,1158,603,67,51,437
0x58ebb2,97.7016%,118,5016,5134,3505,66,52,1511
0xa3b211,76.2097%,118,378,496,95,49,69,283
0x40d50a,87.2982%,118,811,929,608,69,49,203
0x807740,96.6845%,118,3441,3559,146,23,95,3295
0x50ff60,89.6127%,118,1018,1136,44,76,42,974
0x8feaaf,90.62%,118,1140,1258,593,64,54,547
0x8c806b,94.94%,118,2214,2332,224,84,34,1990
0x6277db,79.3706%,118,454,572,441,85,33,13
0x803ea9,55.303%,118,146,264,101,25,93,45
0x81bdcb,92.5739%,118,1471,1589,153,71,47,1318
0x49ffb7,97.7308%,118,5082,5200,4300,44,74,782
0x9e24b9,77.7567%,117,409,526,72,61,56,337
0x80c000,89.8526%,117,1036,1153,1023,16,101,13
0x544872,65.3846%,117,221,338,134,26,91,87
0x4bb0f9,77.8409%,117,411,528,115,73,44,296
0x556a75,90.6699%,117,1137,1254,951,44,73,186
0x59bc07,90.9302%,117,1173,1290,105,77,40,1068
0x900536,99.5191%,117,24210,24327,73,99,18,24137
0x80942f,86.2028%,117,731,848,701,40,77,30
0xa36a49,78.2931%,117,422,539,414,71,46,8
0x8d3cfc,87.9007%,117,850,967,292,61,56,558
0x820db3,80.5648%,117,485,602,485,117,0,0
0x4bb27f,74.6204%,117,344,461,291,56,61,53
0x542e40,94.8161%,117,2140,2257,2067,37,80,73
0x8a2573,58.363%,117,164,281,21,55,62,143
0x9aaf4e,60.6061%,117,180,297,31,61,56,149
0x81d5a4,83.3333%,116,580,696,369,75,41,211
0x78ab4b,87.6201%,116,821,937,695,109,7,126
0x8fd533,57.037%,116,154,270,121,43,73,33
0x53505f,97.5732%,116,4664,4780,4662,54,62,2
0x5f05d6,85.2417%,116,670,786,264,61,55,406
0x4ba20f,91.5205%,116,1252,1368,155,60,56,1097
0x8e2d3b,96.8674%,116,3587,3703,3331,61,55,256
0x8a5d58,92.5973%,116,1451,1567,128,90,26,1323
0xa023bd,83.4758%,116,586,702,164,68,48,422
0x597069,92.4084%,116,1412,1528,1334,86,30,78
0x821304,97.1596%,116,3968,4084,72,53,63,3896
0x48a02b,98.1611%,116,6192,6308,37,31,85,6155
0x8e4bfe,93.3903%,116,1639,1755,1097,53,63,542
0x639afd,88.694%,116,910,1026,895,66,50,15
0x53c685,90.2685%,116,1076,1192,369,82,34,707
0x8da56c,89.8424%,116,1026,1142,93,78,38,933
0x40cf7e,98.1824%,116,6266,6382,6266,73,43,0
0x8a87dd,87.6201%,116,821,937,6,99,17,815
0x9ec0cc,56.5543%,116,151,267,141,99,17,10
0x58f9e9,75.4237%,116,356,472,84,79,37,272
0x5017df,95.9025%,116,2715,2831,2114,62,54,601
0x53c4df,80.6723%,115,480,595,147,56,59,333
0x81b344,88.3721%,115,874,989,569,63,52,305
0x5f7954,82.5493%,115,544,659,270,37,78,274
0x8ef207,81.1166%,115,494,609,310,99,16,184
0x40cfa4,98.1981%,115,6267,6382,6267,115,0,0
0x81c300,93.6359%,115,1692,1807,1691,47,68,1
0xa900d0,71.9512%,115,295,410,66,70,45,229
0xa56ecb,69.8953%,115,267,382,81,43,72,186
0x507e07,83.6648%,115,589,704,588,94,21,1
0x5342d9,97.8945%,115,5347,5462,5331,30,85,16
0x8c83ad,87.8436%,115,831,946,660,77,38,171
0x535101,98.4281%,115,7201,7316,7201,15,100,0
0x53c562,75.1082%,115,347,462,10,69,46,337
0x8046ca,70.8122%,115,279,394,47,83,32,232
0xb31412,79.0146%,115,433,548,340,8,107,93
0x8223e7,95.1354%,115,2249,2364,31,67,48,2218
0x5ff5d0,76.1411%,115,367,482,356,51,64,11
0x48ee0f,65.2568%,115,216,331,90,86,29,126
0x40d640,87.5%,115,805,920,66,34,81,739
0x8191fd,63.0225%,115,196,311,181,39,76,15
0x5390ab,84.0499%,115,606,721,71,55,60,535
0x8ef167,81.1166%,115,494,609,177,62,53,317
0xb3015e,48.6607%,115,109,224,36,10,105,73
0xb0ccc3,96.3515%,115,3037,3152,1584,19,96,1453
0x4bed20,87.7419%,114,816,930,485,57,57,331
0x6432c2,92.2025%,114,1348,1462,1348,80,34,0
0x40437b,95.7684%,114,2580,2694,2304,82,32,276
0x510316,74.4395%,114,332,446,57,65,49,275
0x5469e0,93.9103%,114,1758,1872,166,68,46,1592
0x90156b,97.249%,114,4030,4144,2054,70,44,1976
0x50f8f4,89.4444%,114,966,1080,328,42,72,638
0xa35cf8,89.7205%,114,995,1109,408,69,45,587
0x8f2e34,79.6791%,114,447,561,162,62,52,285
0x547ee2,81.9905%,114,519,633,8,98,16,511
0x8ebf93,90.7767%,114,1122,1236,1116,52,62,6
0x9a8080,87.5682%,114,803,917,792,60,54,11
0x5425a7,64.5963%,114,208,322,118,75,39,90
0x8a5dbb,87.8075%,114,821,935,15,90,24,806
0x63b4a7,94.6125%,114,2002,2116,1245,61,53,757
0xa2fb8f,83.3579%,113,566,679,41,54,59,525
0x677516,62.7063%,113,190,303,74,41,72,116
0x9aad3b,83.6469%,113,578,691,64,79,34,514
0x596e2a,95.4343%,113,2362,2475,1395,72,41,967
0x4101e7,95.9469%,113,2675,2788,853,74,39,1822
0x53aafb,85.5867%,113,671,784,662,69,44,9
0x81a7f9,74.7204%,113,334,447,52,77,36,282
0x8f570c,98.2288%,113,6267,6380,5565,48,65,702
0x8b9760,99.4472%,113,20327,20440,4049,72,41,16278
0x48e88b,96.3216%,113,2959,3072,2959,72,41,0
0x835056,88.0802%,113,835,948,232,59,54,603
0xa18097,86.8452%,113,746,859,99,71,42,647
0x53bad6,71.1735%,113,279,392,188,69,44,91
0x552975,91.9858%,113,1297,1410,1239,29,84,58
0x40f5ac,96.6387%,112,3220,3332,243,56,56,2977
0xb2ffbf,89.7342%,112,979,1091,288,62,50,691
0x409952,57.0881%,112,149,261,29,55,57,120
0x901507,97.2973%,112,4032,4144,0,0,112,4032
0xa01a0f,51.9313%,112,121,233,58,78,34,63
0x805914,95.482%,112,2367,2479,1545,33,79,822
0x541198,99.209%,112,14047,14159,1163,82,30,12884
0x8e4a1d,95.1283%,112,2187,2299,566,57,55,1621
0x80e81e,77.8656%,112,394,506,140,78,34,254
0x48bbb4,88.3938%,112,853,965,764,58,54,89
0x9f4abb,67.9083%,112,237,349,64,58,54,173
0x511137,93.3094%,112,1562,1674,900,74,38,662
0x597047,93.2934%,112,1558,1670,215,78,34,1343
0x722d4b,73.2697%,112,307,419,33,76,36,274
0x4b592d,78.4615%,112,408,520,395,87,25,13
0x404e57,98.4737%,112,7226,7338,6173,35,77,1053
0x8a970b,98.3702%,112,6760,6872,5384,56,56,1376
0xa32fbb,69.0608%,112,250,362,152,72,40,98
0x507020,76.0684%,112,356,468,100,66,46,256
0x809f78,80.0357%,112,449,561,42,66,46,407
0x5fa306,87.3589%,112,774,886,89,82,30,685
0x9f0a45,62.4161%,112,186,298,106,52,60,80
0x5580c7,84.8649%,112,628,740,333,37,75,295
0x81e96a,95.8748%,112,2603,2715,2164,29,83,439
0x5346dc,64.4444%,112,203,315,151,63,49,52
0xa2f7e1,50.8772%,112,116,228,35,48,64,81
0x8de15a,95.3508%,112,2297,2409,1100,66,46,1197
0xa39e56,92.2918%,112,1341,1453,1335,60,52,6
0x908277,96.86%,111,3424,3535,215,75,36,3209
0xa5662c,78.4884%,111,405,516,371,64,47,34
0x51b5d9,97.8957%,111,5164,5275,5164,106,5,0
0x512a16,93.4242%,111,1577,1688,1070,48,63,507
0x5faa11,86.7066%,111,724,835,383,32,79,341
0xa3349b,97.6622%,111,4637,4748,2997,48,63,1640
0x814097,88.2166%,111,831,942,141,59,52,690
0x60ad21,90.625%,111,1073,1184,0,0,111,1073
0x8e91c8,88.4375%,111,849,960,824,31,80,25
0xb2fdeb,53.9419%,111,130,241,0,0,111,130
0x8f44c5,93.4821%,111,1592,1703,1519,51,60,73
0xad7ef8,93.3493%,111,1558,1669,94,49,62,1464
0x80c184,87.3143%,111,764,875,274,57,54,490
0x8fc565,89.5138%,110,939,1049,206,66,44,733
0x9f32f5,71.5026%,110,276,386,86,69,41,190
0x817bec,89.7004%,110,958,1068,215,63,47,743
0x63ac65,78.7234%,110,407,517,70,69,41,337
0x9f0b2f,83.3837%,110,552,662,99,50,60,453
0x5095b7,78.4736%,110,401,511,294,57,53,107
0xa26209,89.1412%,110,903,1013,554,55,55,349
0x404e39,99.1054%,110,12186,12296,477,23,87,11709
0xa50cc3,50.2262%,110,111,221,60,71,39,51
0x8ba357,98.8586%,110,9527,9637,0,0,110,9527
0x9c429b,69.4444%,110,250,360,23,77,33,227
0x80f64e,98.4308%,110,6900,7010,2461,39,71,4439
0x6041c5,99.5069%,110,22197,22307,2,59,51,22195
0x8c954f,80.9028%,110,466,576,409,69,41,57
0x8be3e5,88.3103%,110,831,941,268,51,59,563
0x534230,91.7299%,109,1209,1318,1142,19,90,67
0x610c5b,68.2216%,109,234,343,96,49,60,138
0xb326fc,98.308%,109,6333,6442,0,0,109,6333
0x40292d,92.1014%,109,1271,1380,275,37,72,996
0x48c5c7,83.7556%,109,562,671,467,60,49,95
0x547fad,91.2097%,109,1131,1240,353,71,38,778
0x404d75,99.1221%,109,12307,12416,2880,80,29,9427
0x596aab,95.016%,109,2078,2187,15,79,30,2063
0xa43cc7,85.9717%,109,668,777,154,69,40,514
0xb301ab,78.7109%,109,403,512,25,43,66,378
0x53b010,95.5291%,109,2329,2438,2315,60,49,14
0x5f830b,82.9384%,108,525,633,13,93,15,512
0xb0b1c8,84.6154%,108,594,702,235,61,47,359
0x8f5d64,85.5615%,108,640,748,44,75,33,596
0x595db4,88.7147%,108,849,957,728,55,53,121
0x53a2c4,95.7346%,108,2424,2532,2421,53,55,3
0x501a73,93.4186%,108,1533,1641,751,72,36,782
0xa26317,89.6353%,108,934,1042,233,37,71,701
0xad7ee4,94.1368%,108,1734,1842,1578,91,17,156
0x4bac96,88.7734%,108,854,962,325,48,60,529
0xb0b171,64.5902%,108,197,305,25,62,46,172
0x9aa664,90.2439%,108,999,1107,893,23,85,106
0x8fc582,69.3182%,108,244,352,178,38,70,66
0x8d2436,83.5616%,108,549,657,172,58,50,377
0xa27676,94.6824%,108,1923,2031,693,67,41,1230
0x8e0a8e,93.9799%,108,1686,1794,167,77,31,1519
0x9edfe0,64.094%,107,191,298,91,32,75,100
0x5389a4,93.9308%,107,1656,1763,565,54,53,1091
0x8ef40d,82.4302%,107,502,609,133,25,82,369
0x590640,96.6853%,107,3121,3228,395,34,73,2726
0x53d823,93.691%,107,1589,1696,1586,71,36,3
0x9f98a0,93.9342%,107,1657,1764,1645,60,47,12
0x5427f0,92.0799%,107,1244,1351,690,82,25,554
0x511d3a,97.2753%,107,3820,3927,2390,60,47,1430
0x8da44f,84.1481%,107,568,675,82,55,52,486
0xa280d3,68.0597%,107,228,335,42,84,23,186
0xa9095d,56.3265%,107,138,245,46,50,57,92
0xaad99e,83.4109%,107,538,645,403,37,70,135
0xaab3da,95.3599%,107,2199,2306,684,64,43,1515
0x54eb94,95%,107,2033,2140,2033,64,43,0
0x537f18,85.5989%,107,636,743,7,5,102,629
0x8c7d81,94.4416%,107,1818,1925,339,81,26,1479
0x8a6c4a,88.2288%,107,802,909,273,25,82,529
0x509d96,89.0593%,107,871,978,414,73,34,457
0x81a549,87.0617%,107,720,827,125,70,37,595
0x409aa4,78.8538%,107,399,506,126,70,37,273
0xa54d8c,60.6618%,107,165,272,50,80,27,115
0x610487,80.2947%,107,436,543,111,43,64,325
0x80bd0f,75.2887%,107,326,433,90,61,46,236
0xa911ec,75.9551%,107,338,445,315,43,64,23
0xa39e10,91.7502%,107,1190,1297,237,55,52,953
0xa35c9f,91.1934%,107,1108,1215,119,73,34,989
0x8209ee,96.9808%,107,3437,3544,2910,46,61,527
0x5bc229,91.44%,107,1143,1250,916,51,56,227
0x5fd61b,90.0376%,106,958,1064,922,66,40,36
0x9e74c6,92.1829%,106,1250,1356,349,51,55,901
0xb466c7,98.6149%,106,7547,7653,106,61,45,7441
0x48d7d2,85.6174%,106,631,737,598,32,74,33
0x8a9468,99.8637%,106,77670,77776,4302,78,28,73368
0x404334,96.0653%,106,2588,2694,2588,106,0,0
0x9e2606,88.8655%,106,846,952,271,77,29,575
0x8fe9dc,96.8396%,106,3248,3354,1926,35,71,1322
0x545768,96.0165%,106,2555,2661,116,52,54,2439
0x81d1c3,82.5658%,106,502,608,119,47,59,383
0x51b06f,70.7989%,106,257,363,23,34,72,234
0x81d312,71.5054%,106,266,372,117,65,41,149
0x512b4b,99.382%,106,17045,17151,0,28,78,17045
0x8a9e65,89.3145%,106,886,992,597,50,56,289
0x53afc4,95.7241%,106,2373,2479,2369,53,53,4
0xa584f5,64.6667%,106,194,300,104,15,91,90
0x504666,85.6757%,106,634,740,488,46,60,146
0x8aed78,71.2737%,106,263,369,66,80,26,197
0x40d309,92.2853%,106,1268,1374,541,40,66,727
0xa90944,74.0831%,106,303,409,106,58,48,197
0x7ce459,61.4545%,106,169,275,52,52,54,117
0x5413ff,99.2892%,106,14807,14913,14757,45,61,50
0x5547e0,90.7407%,105,1029,1134,1029,105,0,0
0x4a2618,77.7542%,105,367,472,81,72,33,286
0xa30a34,86.2205%,105,657,762,386,57,48,271
0x404477,95.5993%,105,2281,2386,313,54,51,1968
0x48f000,60.2273%,105,159,264,87,48,57,72
0x64b11c,96.1397%,105,2615,2720,1640,53,52,975
0x80f645,96.5438%,105,2933,3038,309,81,24,2624
0x81f214,94.5539%,105,1823,1928,117,59,46,1706
0x49e0bc,79.5322%,105,408,513,117,54,51,291
0xa91d2a,57.8313%,105,144,249,53,48,57,91
0x81e32c,87.2418%,105,718,823,558,50,55,160
0x5076c6,96.0377%,105,2545,2650,2545,55,50,0
0x533d18,49.7608%,105,104,209,82,98,7,22
0x9f5895,73.3503%,105,289,394,72,87,18,217
0x80e95d,90.2235%,105,969,1074,816,22,83,153
0x5464d5,91.6534%,105,1153,1258,867,41,64,286
0x81c044,66.7722%,105,211,316,201,30,75,10
0x8ddcf8,87.2881%,105,721,826,15,70,35,706
0x81d56b,78.3951%,105,381,486,140,70,35,241
0x8e2607,94.517%,105,1810,1915,874,43,62,936
0x4bb346,75.6381%,105,326,431,87,55,50,239
0xb0ad45,81.0811%,105,450,555,2,10,95,448
0x9ea37a,72.0745%,105,271,376,247,57,48,24
0x5e436a,93.0417%,105,1404,1509,1354,34,71,50
0xa39a26,83.0645%,105,515,620,9,34,71,506
0x5b9dcf,97.7871%,105,4640,4745,4640,32,73,0
0x9a9a60,87.3479%,104,718,822,231,45,59,487
0x81a87a,85.6155%,104,619,723,612,21,83,7
0x98b357,70.1149%,104,244,348,244,96,8,0
0x805d4e,89.1667%,104,856,960,15,74,30,841
0xa42ad1,87.907%,104,756,860,532,61,43,224
0x4bac5a,88.222%,104,779,883,241,63,41,538
0x9be5ab,72.7749%,104,278,382,64,60,44,214
0x539d1b,86.7516%,104,681,785,672,59,45,9
0x9aaeb8,64.9832%,104,193,297,124,49,55,69
0x541284,98.9442%,104,9746,9850,8759,58,46,987
0x94527a,80.3403%,104,425,529,201,38,66,224
0x81e856,99.0179%,104,10486,10590,5336,77,27,5150
0x5590c3,80.9524%,104,442,546,381,47,57,61
0x5bd909,99.0343%,104,10665,10769,9752,59,45,913
0x8d32ea,55.9322%,104,132,236,120,65,39,12
0x556068,90.3793%,104,977,1081,4,56,48,973
0xb0cc48,97.0522%,104,3424,3528,3368,42,62,56
0x95241a,73.5369%,104,289,393,267,52,52,22
0x64b419,99.5286%,104,21957,22061,849,81,23,21108
0x53ba5c,82.521%,104,491,595,152,51,53,339
0x51b067,84.5345%,103,563,666,252,51,52,311
0x9a455a,93.3719%,103,1451,1554,488,47,56,963
0x5344b0,98.8461%,103,8823,8926,0,0,103,8823
0x9f450d,70.4871%,103,246,349,220,49,54,26
0x8d3e8e,80.2682%,103,419,522,238,38,65,181
0x8bb1a5,96.998%,103,3328,3431,3006,32,71,322
0x81d1b3,86.7439%,103,674,777,436,62,41,238
0x8dee7f,94.9236%,103,1926,2029,1848,50,53,78
0x91170b,73.4536%,103,285,388,203,61,42,82
0x4a76aa,74.4417%,103,300,403,288,37,66,12
0x4044b4,94.8985%,103,1916,2019,642,57,46,1274
0x81891c,87.5453%,103,724,827,135,60,43,589
0x906b41,71.2291%,103,255,358,168,51,52,87
0x811df5,96.8607%,103,3178,3281,98,57,46,3080
0x485acd,72.2372%,103,268,371,196,74,29,72
0x90a465,95.5832%,103,2229,2332,259,49,54,1970
0x49eabb,94.8448%,103,1895,1998,1895,61,42,0
0xa45a6e,77.897%,103,363,466,309,71,32,54
0x5521a7,93.3463%,103,1445,1548,0,21,82,1445
0xa529de,75.3623%,102,312,414,145,30,72,167
0x9fb592,67.4121%,102,211,313,44,47,55,167
0xa2630b,89.9309%,102,911,1013,347,47,55,564
0x507591,93.625%,102,1498,1600,1497,53,49,1
0x485a2b,56.4103%,102,132,234,108,84,18,24
0xaa1528,59.0361%,102,147,249,57,44,58,90
0x81f3fd,92.0746%,102,1185,1287,1181,102,0,4
0x48d860,94.5191%,102,1759,1861,2,77,25,1757
0x90b29b,57.3222%,102,137,239,81,51,51,56
0xa4c41f,98.3755%,102,6177,6279,6177,102,0,0
0x80eb4e,90.5028%,102,972,1074,609,33,69,363
0xad7dfa,97.0375%,102,3341,3443,2821,42,60,520
0xa28508,59.6838%,102,151,253,27,66,36,124
0x51b41b,96.7711%,101,3027,3128,627,54,47,2400
0x4bc373,93.2306%,101,1391,1492,1126,37,64,265
0x501807,97.0665%,101,3342,3443,44,78,23,3298
0x40e75d,94.8152%,101,1847,1948,281,57,44,1566
0x90c224,95.2223%,101,2013,2114,1872,20,81,141
0x816803,67.9365%,101,214,315,157,54,47,57
0x81bf7b,71.8663%,101,258,359,251,56,45,7
0xa42a6c,96.5016%,101,2786,2887,1832,74,27,954
0x50168b,96.9661%,101,3228,3329,907,74,27,2321
0x610c22,70.8455%,100,243,343,43,45,55,200
0x805cec,96.4093%,100,2685,2785,2074,21,79,611
0x557c22,66.2162%,100,196,296,135,44,56,61
0x819afb,88.5975%,100,777,877,760,31,69,17
0x53d9dc,97.9521%,100,4783,4883,3203,38,62,1580
0x8bd6c4,95.3639%,100,2057,2157,104,2,98,1953
0x55707a,59.5142%,100,147,247,80,53,47,67
0x8ead7b,93.2569%,100,1383,1483,854,47,53,529
0x8d41bf,57.6271%,100,136,236,23,71,29,113
0x8eefd1,91.7898%,100,1118,1218,1083,51,49,35
0x537b0c,95.1028%,100,1942,2042,1267,44,56,675
0x8e0f48,97.6139%,100,4091,4191,2169,45,55,1922
0x819e5b,67.8457%,100,211,311,186,34,66,25
0x80a56b,77.0115%,100,335,435,45,63,37,290
0x48eb9c,86.2259%,100,626,726,0,0,100,626
0x944c50,86.1687%,100,623,723,445,99,1,178
0x9a8f11,82.1747%,100,461,561,457,43,57,4
0x488bf1,80.2372%,100,406,506,143,53,47,263
0x5fe105,71.9888%,100,257,357,72,54,46,185
0xa4d540,64.6643%,100,183,283,79,42,58,104
0x533d72,52.1531%,100,109,209,75,74,26,34
0x80bcab,80.5118%,99,409,508,284,48,51,125
0x901fc1,97.89%,99,4593,4692,4567,41,58,26
0x53db73,76.1446%,99,316,415,43,43,56,273
0x545459,87.0419%,99,665,764,173,34,65,492
0x48adf6,98.1731%,99,5320,5419,4485,43,56,835
0x40e11a,94.0683%,99,1570,1669,1570,99,0,0
0x80ffc7,96.5768%,99,2793,2892,2174,46,53,619
0x6431f1,74.0157%,99,282,381,61,54,45,221
0x53f5ff,95.3717%,99,2040,2139,345,64,35,1695
0x5469d7,94.9074%,99,1845,1944,0,72,27,1845
0x8e1e09,74.8092%,99,294,393,85,71,28,209
0x9a7590,76.087%,99,315,414,313,83,16,2
0x50771b,68.1672%,99,212,311,88,69,30,124
0x807f75,79.5455%,99,385,484,11,54,45,374
0x91177b,54.5872%,99,119,218,72,48,51,47
0x539dd0,86.6756%,99,644,743,71,44,55,573
0x8ffbf2,96.7826%,99,2978,3077,2832,31,68,146
0x4b58e8,63.3333%,99,171,270,103,53,46,68
0x403d67,92.367%,99,1198,1297,84,58,41,1114
0x409894,80.4348%,99,407,506,130,66,33,277
0x9c3dec,71.3873%,99,247,346,27,73,26,220
0x48eaf6,87.0588%,99,666,765,292,50,49,374
0x5f530c,97.3879%,99,3691,3790,748,38,61,2943
0x99c843,92.6503%,99,1248,1347,428,67,32,820
0x5af082,93.4219%,99,1406,1505,641,55,44,765
0x5bd97e,94.8491%,99,1823,1922,5,0,99,1818
0x405703,99.4127%,99,16757,16856,0,0,99,16757
0x9a7c2d,89.0728%,99,807,906,45,67,32,762
0x9a91ff,60.0806%,99,149,248,126,57,42,23
0xb28b06,97.659%,99,4130,4229,1371,40,59,2759
0x59290b,91.7431%,99,1100,1199,451,54,45,649
0x50221e,91.4729%,99,1062,1161,315,53,46,747
0x596a45,71.9547%,99,254,353,125,20,79,129
0x81b894,80.9981%,99,422,521,147,57,42,275
0x48e4dc,98.5966%,98,6885,6983,6783,50,48,102
0x60de6d,80.0813%,98,394,492,83,4,94,311
0x6104a7,81.9521%,98,445,543,187,76,22,258
0x8e9233,89.3824%,98,825,923,197,72,26,628
0x9b8fc7,69.4704%,98,223,321,30,53,45,193
0x8ef0cd,89.1353%,98,804,902,409,42,56,395
0x8a78c6,73.3696%,98,270,368,70,41,57,200
0x81a46a,76.0976%,98,312,410,163,48,50,149
0x9ed3c7,83.4459%,98,494,592,351,28,70,143
0xa26570,94.1493%,98,1577,1675,307,42,56,1270
0x8e2b07,95.8858%,98,2284,2382,182,57,41,2102
0x40d77c,91.411%,98,1043,1141,279,42,56,764
0x4906b8,64.1026%,98,175,273,131,63,35,44
0x48ebbc,69.1824%,98,220,318,94,55,43,126
0x81b36f,86.1582%,98,610,708,148,58,40,462
0x67a6db,96.4454%,98,2659,2757,2659,98,0,0
0xb327f0,90.0609%,98,888,986,349,50,48,539
0x5069fd,79.0598%,98,370,468,357,21,77,13
0x50252d,92.8623%,98,1275,1373,142,79,19,1133
0xa41b35,90.4297%,98,926,1024,184,83,15,742
0x8eecb8,84.8998%,98,551,649,49,82,16,502
0x40ed4f,92.0968%,98,1142,1240,53,34,64,1089
0x6774dc,73.5849%,98,273,371,87,24,74,186
0x4a6c13,79.6258%,98,383,481,354,85,13,29
0x81c27b,82.1818%,98,452,550,442,28,70,10
0xa34d88,90.2584%,98,908,1006,712,29,69,196
0x8a8946,78.6026%,98,360,458,294,41,57,66
0xad7e85,97.1536%,98,3345,3443,507,73,25,2838
0x511f37,72%,98,252,350,145,67,31,107
0x596cf1,92.6975%,98,1244,1342,351,53,45,893
0x81a80c,78.0761%,98,349,447,48,56,42,301
0x80591c,89.1232%,98,803,901,637,40,58,166
0x8a5f12,66.7797%,98,197,295,100,64,34,97
0x538756,89.8551%,98,868,966,19,72,26,849
0x485b05,73.5849%,98,273,371,108,38,60,165
0x53b23f,95.9803%,98,2340,2438,2319,56,42,21
0x4021ab,98.201%,97,5295,5392,3368,48,49,1927
0x51b4d7,73.7127%,97,272,369,206,94,3,66
0x5fd612,93.6808%,97,1438,1535,402,69,28,1036
0x8adc5f,72.5212%,97,256,353,47,42,55,209
0x8eba4b,80.0821%,97,390,487,16,72,25,374
0x8a534e,63.806%,97,171,268,60,70,27,111
0x8d9d45,93.4058%,97,1374,1471,1338,50,47,36
0x541cb0,93.212%,97,1332,1429,24,11,86,1308
0x48bff6,85.544%,97,574,671,501,26,71,73
0x4c4344,95.2051%,97,1926,2023,1870,67,30,56
0x489f87,97.6632%,97,4054,4151,2,66,31,4052
0x648583,96.7318%,97,2871,2968,2828,84,13,43
0x485dc3,78.821%,97,361,458,192,73,24,169
0xa25693,89.9897%,97,872,969,0,0,97,872
0x50cb8f,77.5463%,97,335,432,313,54,43,22
0x9f0af2,81.0916%,97,416,513,12,69,28,404
0x94d941,87.1523%,97,658,755,129,7,90,529
0x40d323,95.0636%,97,1868,1965,805,37,60,1063
0x81426e,93.8098%,97,1470,1567,1457,29,68,13
0x81beed,91.521%,97,1047,1144,901,39,58,146
0x511516,98.394%,97,5943,6040,916,30,67,5027
0xa2647a,94.209%,97,1578,1675,1006,52,45,572
0x60a67c,91.1335%,97,997,1094,997,97,0,0
0x8feed1,74.9354%,97,290,387,19,51,46,271
0x8fee70,84.7244%,97,538,635,175,56,41,363
0x9f4696,72.2063%,97,252,349,252,97,0,0
0xa358b8,97.0382%,97,3178,3275,924,45,52,2254
0x5faa2f,76.9048%,97,323,420,271,34,63,52
0x48eb41,61.1336%,96,151,247,53,45,51,98
0x8ec3eb,77.0883%,96,323,419,140,63,33,183
0xa5603e,77.0883%,96,323,419,284,55,41,39
0x40e625,94.8882%,96,1782,1878,243,45,51,1539
0x8ea1e2,96.1196%,96,2378,2474,2299,31,65,79
0x8f63d4,71.4286%,96,240,336,112,42,54,128
0x4a6d24,80.0416%,96,385,481,288,94,2,97
0xa35395,92.0464%,96,1111,1207,863,59,37,248
0x81eda0,61.2903%,96,152,248,119,50,46,33
0xad7e47,97.2117%,96,3347,3443,2808,55,41,539
0x9a468c,86.0465%,96,592,688,592,96,0,0
0x81d15b,86.7586%,96,629,725,626,39,57,3
0x53ba4c,86.6852%,96,625,721,89,37,59,536
0x591479,81.6444%,96,427,523,137,43,53,290
0x9ebb02,74.8691%,96,286,382,68,56,40,218
0x5547af,91.6811%,96,1058,1154,0,0,96,1058
0x80a947,88.6121%,96,747,843,714,17,79,33
0x8ff258,66.6667%,96,192,288,66,52,44,126
0x4b4912,74.124%,96,275,371,31,80,16,244
0x8194c4,74.124%,96,275,371,232,32,64,43
0x805abc,80.7615%,96,403,499,376,39,57,27
0x8e26e6,93.2867%,96,1334,1430,25,64,32,1309
0x90053b,99.6067%,95,24060,24155,0,0,95,24060
0x53db2f,95.1157%,95,1850,1945,32,62,33,1818
0x539b76,91.7891%,95,1062,1157,122,33,62,940
0x4051c6,98.8432%,95,8117,8212,852,72,23,7265
0xa90733,75.0656%,95,286,381,91,62,33,195
0xa02485,82.3748%,95,444,539,155,42,53,289
0x559153,89.4912%,95,809,904,425,63,32,384
0xa35f19,82.0755%,95,435,530,39,71,24,396
0x40e662,94.7134%,95,1702,1797,1689,50,45,13
0x557dea,61.0656%,95,149,244,77,50,45,72
0x8149d7,71.2121%,95,235,330,215,52,43,20
0xb0afbb,86.4672%,95,607,702,4,50,45,603
0xa33849,84.1137%,95,503,598,319,41,54,184
0x5b16aa,81.7308%,95,425,520,399,7,88,26
0x8f1873,84.4007%,95,514,609,368,49,46,146
0x90056d,99.5331%,95,20252,20347,324,38,57,19928
0x512ca5,99.145%,95,11016,11111,914,45,50,10102
0xa2d6a0,66.4311%,95,188,283,9,76,19,179
0x5914b7,81.8356%,95,428,523,349,34,61,79
0x40f3b4,97.5137%,95,3726,3821,3035,75,20,691
0x60a768,94.4671%,95,1622,1717,363,76,19,1259
0xa9b81b,68.543%,95,207,302,16,57,38,191
0x5502bf,75.827%,95,298,393,235,39,56,63
0x502e88,98.7927%,95,7774,7869,18,25,70,7756
0x9e62cc,60.4167%,95,145,240,32,40,55,113
0x80f65f,97.8936%,95,4415,4510,4302,60,35,113
0x5fa8fd,85.4294%,95,557,652,101,64,31,456
0xad7ecb,94.8426%,95,1747,1842,1747,95,0,0
0x8f181d,76.0705%,95,302,397,145,45,50,157
0x405a61,87.8672%,95,688,783,290,38,57,398
0x40ce4b,99.5111%,95,19338,19433,46,29,66,19292
0x559133,82.6007%,95,451,546,368,34,61,83
0x66806a,95.8406%,95,2189,2284,2179,45,50,10
0x81b101,70.1587%,94,221,315,204,29,65,17
0x90ec2d,90.8382%,94,932,1026,3,62,32,929
0x81beba,87.7763%,94,675,769,600,30,64,75
0xa36089,87.1935%,94,640,734,261,55,39,379
0xa331ec,88.8095%,94,746,840,143,46,48,603
0x5b02ae,81.5686%,94,416,510,291,63,31,125
0xa36a9e,84.514%,94,513,607,245,56,38,268
0x8c7db9,93.7542%,94,1411,1505,750,47,47,661
0x8a2666,54.1463%,94,111,205,111,94,0,0
0xa50b03,70.8075%,94,228,322,45,36,58,183
0x488aa5,94.0242%,94,1479,1573,991,56,38,488
0x9e4054,78.4404%,94,342,436,240,49,45,102
0x507584,82.9401%,94,457,551,12,68,26,445
0xa027a2,93.2325%,94,1295,1389,32,65,29,1263
0x512e5f,97.2627%,94,3340,3434,615,50,44,2725
0x501a8e,88.1612%,94,700,794,640,43,51,60
0x94422c,75.5208%,94,290,384,151,35,59,139
0x8da542,91.7688%,94,1048,1142,1048,94,0,0
0xa5532f,64.5283%,94,171,265,114,37,57,57
0x8e43e6,97.7571%,94,4097,4191,2135,79,15,1962
0x8fd573,95.9448%,94,2224,2318,2224,76,18,0
0x5908ab,95.6299%,94,2057,2151,2015,46,48,42
0x9ed423,63.9847%,94,167,261,71,40,54,96
0x65b98c,97.9636%,94,4522,4616,16,24,70,4506
0x610c49,72.8863%,93,250,343,142,47,46,108
0x51b97f,98.2353%,93,5177,5270,5127,36,57,50
0x8bccf3,95.3383%,93,1902,1995,0,0,93,1902
0x974335,80.8642%,93,393,486,168,32,61,225
0xa0222a,94.0154%,93,1461,1554,35,62,31,1426
0x819b80,95.1763%,93,1835,1928,1833,25,68,2
0x53abb0,87.4832%,93,650,743,81,34,59,569
0xa5548f,64.9057%,93,172,265,89,46,47,83
0x591192,62.3482%,93,154,247,117,76,17,37
0x61178d,87.4494%,93,648,741,643,22,71,5
0x5448b7,91.2015%,93,964,1057,849,30,63,115
0x604467,43.6364%,93,72,165,50,70,23,22
0x508d57,43.6364%,93,72,165,33,77,16,39
0x9a7680,51.0526%,93,97,190,74,67,26,23
0x4101b4,98.7035%,93,7080,7173,7078,32,61,2
0x50233a,81.8359%,93,419,512,19,49,44,400
0x48b1e6,77.1499%,93,314,407,0,43,50,314
0x6616a0,92.6482%,93,1172,1265,888,19,74,284
0x488641,83.0292%,93,455,548,396,46,47,59
0x49fab3,93.3524%,93,1306,1399,78,55,38,1228
0x402bed,89.1735%,93,766,859,110,48,45,656
0x537357,86.6379%,93,603,696,603,93,0,0
0x80a957,88.968%,93,750,843,640,10,83,110
0x4bc406,90.2516%,93,861,954,861,93,0,0
0x77ffae,95.9948%,93,2229,2322,1728,57,36,501
0x596e85,94.6735%,93,1653,1746,248,73,20,1405
0x5104e7,96.6857%,93,2713,2806,1174,52,41,1539
0xa36244,78.5714%,93,341,434,77,60,33,264
0x804994,76.6497%,92,302,394,287,32,60,15
0x5591ae,89.823%,92,812,904,625,44,48,187
0xa5536c,65.9259%,92,178,270,87,43,49,91
0x8e424a,95.9983%,92,2207,2299,545,78,14,1662
0x545776,96.3097%,92,2401,2493,1001,51,41,1400
0xad7e39,97.3279%,92,3351,3443,3351,92,0,0
0x9a6fc0,87.8788%,92,667,759,663,36,56,4
0x9e2808,82.9314%,92,447,539,261,46,46,186
0x9a60b0,81.0309%,92,393,485,390,19,73,3
0x80a552,67.3759%,92,190,282,102,54,38,88
0x488ed4,76.2887%,92,296,388,126,30,62,170
0xa4bd5d,63.6364%,92,161,253,138,75,17,23
0x910f38,95.9292%,92,2168,2260,1094,74,18,1074
0x8ff3d0,71.8654%,92,235,327,148,52,40,87
0xa36124,69.4352%,92,209,301,18,54,38,191
0x80dcd2,91.8728%,92,1040,1132,282,58,34,758
0x60dc14,73.8636%,92,260,352,32,46,46,228
0x64384d,54.902%,92,112,204,96,63,29,16
0xa55302,65.283%,92,173,265,31,36,56,142
0x5592d6,81.7822%,92,413,505,13,71,21,400
0x4bbd21,90.3564%,92,862,954,855,43,49,7
0x5352ed,96.1506%,92,2298,2390,2298,60,32,0
0x8efa8c,84.8933%,92,517,609,119,51,41,398
0x8a5ddf,82.1705%,92,424,516,82,71,21,342
0x51c41d,92.3397%,92,1109,1201,1109,92,0,0
0x8e2042,93.8047%,92,1393,1485,1163,32,60,230
0x404e49,99.2201%,92,11704,11796,4429,29,63,7275
0xa2fb64,85.8679%,92,559,651,305,53,39,254
0x959069,87.8307%,92,664,756,32,32,60,632
0x8f35ee,85.0891%,92,525,617,181,58,34,344
0x593865,92.5866%,92,1149,1241,580,28,64,569
0x8fdfd1,92.4528%,92,1127,1219,176,32,60,951
0xa25b64,91.0168%,91,922,1013,922,91,0,0
0x9bb67f,47.093%,91,81,172,44,66,25,37
0x8a29b3,83.9223%,91,475,566,0,0,91,475
0x8dfe13,74.8619%,91,271,362,16,0,91,255
0x54f6bd,98.216%,91,5010,5101,0,0,91,5010
0x7d185d,90.1194%,91,830,921,332,51,40,498
0x53ef54,70.4545%,91,217,308,87,67,24,130
0x8bb47a,97.3172%,91,3301,3392,0,0,91,3301
0x8f17f5,85.0575%,91,518,609,100,70,21,418
0x8e2164,95.7496%,91,2050,2141,875,57,34,1175
0x590649,96.7488%,91,2708,2799,334,31,60,2374
0x604c1d,59.9119%,91,136,227,39,43,48,97
0x64bee3,94.0639%,91,1442,1533,511,36,55,931
0x80ffa1,97.0242%,91,2967,3058,2472,48,43,495
0x908e88,77.6961%,91,317,408,28,73,18,289
0xa5f889,71.5625%,91,229,320,142,42,49,87
0x815150,59.009%,91,131,222,102,41,50,29
0x81bcd6,82.5336%,91,430,521,139,65,26,291
0x501813,97.2599%,91,3230,3321,3221,26,65,9
0xa36100,97.2077%,91,3168,3259,2923,19,72,245
0x80a578,72.1713%,91,236,327,45,58,33,191
0x48dcef,98.6968%,91,6892,6983,26,57,34,6866
0x65a1a6,95.3924%,91,1884,1975,554,40,51,1330
0x5bd9df,97.6714%,91,3817,3908,217,19,72,3600
0x552acf,93.5461%,91,1319,1410,1315,63,28,4
0xad857c,98.4974%,91,5965,6056,0,0,91,5965
0x5fa269,81.5789%,91,403,494,133,32,59,270
0x8e3f6e,96.0418%,91,2208,2299,1628,48,43,580
0x8aebd4,73.9884%,90,256,346,93,46,44,163
0xa3a4ad,87.1429%,90,610,700,310,70,20,300
0x9ea3df,70.3947%,90,214,304,80,43,47,134
0x404785,85.342%,90,524,614,155,62,28,369
0xaa57ad,98.5816%,90,6255,6345,2,19,71,6253
0x818510,95.332%,90,1838,1928,1837,21,69,1
0x81b18b,61.8644%,90,146,236,143,59,31,3
0x59172d,98.0583%,90,4545,4635,4476,21,69,69
0x9f0b5a,82.4561%,90,423,513,384,34,56,39
0xb0b428,97.5504%,90,3584,3674,3583,19,71,1
0x5f0c54,72.973%,90,243,333,152,63,27,91
0x558fd4,99.5115%,90,18333,18423,17583,72,18,750
0x821422,91.5888%,90,980,1070,830,47,43,150
0xa90090,75.4768%,90,277,367,19,66,24,258
0x6431fe,66.1654%,90,176,266,0,0,90,176
0xa9009b,68.0851%,90,192,282,21,55,35,171
0x5069dc,87.8378%,90,650,740,244,28,62,406
0x821645,99.0112%,90,9012,9102,0,10,80,9012
0xa34acb,66.1654%,90,176,266,62,33,57,114
0x5906a9,96.6076%,90,2563,2653,3,48,42,2560
0x804095,64.4269%,90,163,253,51,58,32,112
0x48bb95,90.6639%,90,874,964,874,80,10,0
0xa26374,91.1155%,90,923,1013,538,71,19,385
0x40f532,99.7837%,90,41514,41604,17,77,13,41497
0x511e10,94.7059%,90,1610,1700,1076,64,26,534
0x4b5330,75.7412%,90,281,371,118,6,84,163
0x51c13e,97.7683%,89,3899,3988,932,52,37,2967
0x8da495,86.8148%,89,586,675,156,61,28,430
0x8d2928,99.535%,89,19051,19140,18987,21,68,64
0x50ce01,72.2741%,89,232,321,158,38,51,74
0x5078cc,88.7768%,89,704,793,154,32,57,550
0x8e3308,97.8764%,89,4102,4191,3816,29,60,286
0x539c2a,92.3997%,89,1082,1171,882,28,61,200
0x506fd9,87.973%,89,651,740,552,52,37,99
0x8077e5,96.6262%,89,2549,2638,87,59,30,2462
0x58f263,89.1859%,89,734,823,682,89,0,52
0x9a9304,91.6353%,89,975,1064,800,30,59,175
0x557f66,92.1998%,89,1052,1141,690,81,8,362
0x5e599e,94.1021%,89,1420,1509,663,38,51,757
0xa44a00,85.6683%,89,532,621,56,37,52,476
0x8ddabd,78.3981%,89,323,412,114,50,39,209
0x911127,82.6172%,89,423,512,401,35,54,22
0x58b78d,91.0822%,89,909,998,773,32,57,136
0xa2fb8b,75.1397%,89,269,358,164,56,33,105
0x643467,87.9567%,89,650,739,35,55,34,615
0x556a42,92.9253%,89,1169,1258,65,29,60,1104
0x66f582,56.7961%,89,117,206,46,27,62,71
0x648574,97.0013%,89,2879,2968,0,0,89,2879
0x8e87b0,91.8048%,89,997,1086,995,57,32,2
0x8e59b2,86.1154%,89,552,641,376,57,32,176
0x404513,90.9828%,89,898,987,77,67,22,821
0x48e9f1,75.5495%,89,275,364,251,24,65,24
0x503098,96.0215%,89,2148,2237,6,56,33,2142
0x5f826c,88.5309%,89,687,776,196,35,54,491
0x803e9b,77.665%,88,306,394,87,43,45,219
0x8171d0,84.3137%,88,473,561,65,61,27,408
0x5574e5,63.786%,88,155,243,91,38,50,64
0xa5f807,81.9672%,88,400,488,305,47,41,95
0x8a8e82,94.925%,88,1646,1734,14,56,32,1632
0x810481,83.5206%,88,446,534,144,38,50,302
0x40e838,72.2397%,88,229,317,86,30,58,143
0xb0a061,84.1441%,88,467,555,290,55,33,177
0xa307e4,85.8521%,88,534,622,291,67,21,243
0x8feefc,72.2397%,88,229,317,132,62,26,97
0x7d409f,90.2547%,88,815,903,298,71,17,517
0x5fa3e0,60.181%,88,133,221,66,38,50,67
0x511990,97.6471%,88,3652,3740,89,63,25,3563
0xa9b480,76.5957%,88,288,376,232,24,64,56
0xb347bf,78.6925%,88,325,413,226,59,29,99
0xb30180,82.8125%,88,424,512,0,0,88,424
0x805a7b,96.8402%,88,2697,2785,1997,62,26,700
0x4b525a,76.9634%,88,294,382,245,66,22,49
0x53a17b,88.7898%,88,697,785,685,46,42,12
0x5579a1,82.9457%,88,428,516,113,44,44,315
0x81b231,83.1094%,88,433,521,163,41,47,270
0x9742df,84.1155%,88,466,554,242,66,22,224
0x8d3916,76.1518%,88,281,369,270,30,58,11
0x8f29bc,87.5706%,88,620,708,46,33,55,574
0x6105a7,69.2308%,88,198,286,71,22,66,127
0xa2713b,97.2292%,88,3088,3176,307,64,24,2781
0x8e5291,97.289%,88,3158,3246,1670,53,35,1488
0x9112da,91.4976%,88,947,1035,320,50,38,627
0x8e135c,94.5813%,88,1536,1624,178,63,25,1358
0x818d25,98.4799%,88,5701,5789,776,51,37,4925
0x40d382,96.5435%,87,2430,2517,999,55,32,1431
0x63eb09,91.5205%,87,939,1026,1,64,23,938
0x609ccb,86.9369%,87,579,666,19,34,53,560
0xa50ebe,63.9004%,87,154,241,129,36,51,25
0x642e1d,50.2857%,87,88,175,67,73,14,21
0x54f771,80.1822%,87,352,439,9,69,18,343
0x409ce0,76.0331%,87,276,363,89,47,40,187
0xa3a3fd,78.4653%,87,317,404,317,87,0,0
0x48a246,98.5904%,87,6085,6172,7,66,21,6078
0xa42949,95.6413%,87,1909,1996,845,46,41,1064
0x8eca1b,97.9486%,87,4154,4241,321,41,46,3833
0x9f5977,55.1546%,87,107,194,35,24,63,72
0x545ae9,98.4893%,87,5672,5759,182,19,68,5490
0x609563,75.3541%,87,266,353,58,43,44,208
0x8b969a,99.5742%,87,20347,20434,683,61,26,19664
0x8e206d,94.1414%,87,1398,1485,924,32,55,474
0x819c8c,93.7048%,87,1295,1382,1289,39,48,6
0xa34841,91.7379%,87,966,1053,475,51,36,491
0x54fe6d,97.1058%,87,2919,3006,2919,87,0,0
0x95296b,82.3171%,87,405,492,20,16,71,385
0x8f35a5,89.3252%,87,728,815,105,55,32,623
0xb32357,91.0217%,87,882,969,882,87,0,0
0x8a2743,69.0391%,87,194,281,6,20,67,188
0x8fdc2d,92.3415%,87,1049,1136,321,59,28,728
0x8e0208,90.6351%,87,842,929,463,61,26,379
0x485e49,80.3612%,87,356,443,294,67,20,62
0xb0b3c8,98.4745%,87,5616,5703,1427,71,16,4189
0x807813,95.2717%,87,1753,1840,1753,13,74,0
0x5f82cc,85.9223%,87,531,618,19,64,23,512
0x48a1b3,97.8692%,87,3996,4083,3990,25,62,6
0xa5607b,67.0455%,87,177,264,125,47,40,52
0x8d0b93,99.3922%,86,14064,14150,10314,65,21,3750
0xa3347c,98.1501%,86,4563,4649,32,67,19,4531
0x48d640,98.0935%,86,4425,4511,0,42,44,4425
0xa583a9,62.6087%,86,144,230,52,55,31,92
0x805ece,82.1206%,86,395,481,336,48,38,59
0x8e2ac2,97.6776%,86,3617,3703,2297,43,43,1320
0x60b2c2,95.6697%,86,1900,1986,58,6,80,1842
0x48d154,97.1813%,86,2965,3051,2957,53,33,8
0x7d43e2,90.4762%,86,817,903,771,65,21,46
0x404d81,99.0905%,86,9370,9456,68,52,34,9302
0x60a958,89.1139%,86,704,790,152,60,26,552
0x60df84,91.6908%,86,949,1035,691,26,60,258
0x558054,92.4628%,86,1055,1141,62,35,51,993
0x8a6229,79.717%,86,338,424,12,66,20,326
0xa2d24e,88.1868%,86,642,728,635,60,26,7
0x81889c,89.601%,86,741,827,623,32,54,118
0x8159e6,84.7247%,86,477,563,417,17,69,60
0x96140d,99.6084%,86,21876,21962,21876,86,0,0
0x9ab2ad,94.1056%,86,1373,1459,58,54,32,1315
0x40dc22,96.0514%,86,2092,2178,1923,35,51,169
0xa4ff83,73.2919%,86,236,322,11,70,16,225
0x9e744a,80.7606%,86,361,447,18,47,39,343
0x5395ca,75%,86,258,344,198,37,49,60
0x8bcce9,96.4241%,86,2319,2405,390,20,66,1929
0xa50b0c,64.3154%,86,155,241,137,28,58,18
0x4101fd,95.2407%,86,1721,1807,860,30,56,861
0x643697,98.8936%,86,7687,7773,2,15,71,7685
0x8c92fa,90.6522%,86,834,920,290,54,32,544
0x5fd66c,97.54%,86,3410,3496,1252,64,22,2158
0x591add,97.7812%,86,3790,3876,3653,52,34,137
0x488d0b,97.7481%,86,3733,3819,3733,29,57,0
0x8ae9c4,76.3085%,86,277,363,106,40,46,171
0x8d245f,68.4982%,86,187,273,50,44,42,137
0x4bc567,93.9631%,85,1323,1408,40,56,29,1283
0x5f8ecd,67.6806%,85,178,263,31,53,32,147
0x8f138d,86.0427%,85,524,609,117,41,44,407
0x49c67f,81.4004%,85,372,457,369,72,13,3
0x40d2d9,93.2859%,85,1181,1266,1167,37,48,14
0x503e27,94.8918%,85,1579,1664,1579,33,52,0
0x51010a,95.098%,85,1649,1734,0,0,85,1649
0x810445,92.6598%,85,1073,1158,552,52,33,521
0x8eb81a,96.4014%,85,2277,2362,2045,40,45,232
0x545c11,79.3187%,85,326,411,169,41,44,157
0x4b500b,68.6347%,85,186,271,95,45,40,91
0xa57bf1,95.8313%,85,1954,2039,1954,35,50,0
0x403d7a,93.4464%,85,1212,1297,146,46,39,1066
0xa39cee,89.8204%,85,750,835,16,67,18,734
0x502249,92.6787%,85,1076,1161,1076,80,5,0
0xa3338b,91.7954%,85,951,1036,209,35,50,742
0x504a83,88.4038%,85,648,733,46,40,45,602
0x50ca0b,93.8316%,85,1293,1378,1195,56,29,98
0x503792,86.1111%,85,527,612,236,74,11,291
0xa585d2,75.3623%,85,260,345,51,68,17,209
0x8187de,89.7219%,85,742,827,712,30,55,30
0x9ab2cd,94.1741%,85,1374,1459,1131,34,51,243
0x4a1cac,94.1621%,85,1371,1456,112,20,65,1259
0x815809,79.7619%,85,335,420,26,62,23,309
0x8a2a83,75.7143%,85,265,350,265,85,0,0
0x501654,93.8137%,85,1289,1374,300,67,18,989
0x51b8c4,98.3871%,85,5185,5270,4985,25,60,200
0xa8ab97,67.0543%,85,173,258,17,66,19,156
0x65c22e,98.2603%,85,4801,4886,4721,53,32,80
0x4a7203,78.2051%,85,305,390,176,50,35,129
0x81a7d1,80.9843%,85,362,447,7,69,16,355
0x78099e,92.209%,85,1006,1091,963,30,55,43
0x787d20,89.5961%,85,732,817,512,45,40,220
0xa39bb0,86.0197%,85,523,608,9,61,24,514
0xb30096,99.8037%,85,43224,43309,0,0,85,43224
0xb2deb8,89.5522%,84,720,804,720,84,0,0
0x911714,58.209%,84,117,201,59,44,40,58
0x808921,85.0267%,84,477,561,272,55,29,205
0x667857,97.3376%,84,3071,3155,562,57,27,2509
0x49dfc4,64.4068%,84,152,236,21,19,65,131
0xa40f1f,84.0909%,84,444,528,444,84,0,0
0x60456c,76.2712%,84,270,354,110,67,17,160
0x541bbf,89.8551%,84,744,828,28,58,26,716
0x40dea7,99.2487%,84,11097,11181,0,0,84,11097
0x9fc7d1,85.4671%,84,494,578,351,21,63,143
0x5ea979,81.9355%,84,381,465,214,19,65,167
0x5016a5,96.4225%,84,2264,2348,8,47,37,2256
0xaa8076,84.121%,84,445,529,223,43,41,222
0x9a4673,91.4198%,84,895,979,243,48,36,652
0x80e99a,92.1788%,84,990,1074,511,37,47,479
0xa346ac,86.7089%,84,548,632,208,30,54,340
0x64341a,83.432%,84,423,507,350,48,36,73
0x9e082a,91.2591%,84,877,961,633,40,44,244
0x6094e4,89.4605%,84,713,797,57,42,42,656
0x40f658,98.6152%,84,5982,6066,5982,26,58,0
0x51103a,98.1221%,84,4389,4473,639,60,24,3750
0x4a7979,87.2727%,84,576,660,574,49,35,2
0x8d3ca8,77.9528%,84,297,381,176,68,16,121
0x4bc44b,91.5493%,84,910,994,624,51,33,286
0x596e02,90.6667%,84,816,900,229,58,26,587
0x558033,92.638%,84,1057,1141,259,76,8,798
0x64387e,94.2241%,83,1354,1437,1350,48,35,4
0x5bcee4,91.39%,83,881,964,612,30,53,269
0xa029c2,75.2976%,83,253,336,63,74,9,190
0x9e26e9,71.7687%,83,211,294,50,34,49,161
0x80887d,74.6177%,83,244,327,26,70,13,218
0x813047,95.0946%,83,1609,1692,795,51,32,814
0x512b72,98.5585%,83,5675,5758,5675,83,0,0
0x8bd41f,99.6575%,83,24152,24235,117,68,15,24035
0x8fe8a0,97.8453%,83,3769,3852,0,0,83,3769
0x404fa7,99.5486%,83,18303,18386,18300,44,39,3
0x907590,85.9083%,83,506,589,505,61,22,1
0xb34635,63.1111%,83,142,225,43,39,44,99
0x9aafce,84.7145%,83,460,543,33,59,24,427
0x8a5d78,93.8473%,83,1266,1349,1266,83,0,0
0x81512f,74.8485%,83,247,330,233,18,65,14
0x9ee317,65.1261%,83,155,238,129,46,37,26
0x51b47a,77.628%,83,288,371,47,64,19,241
0x8e0a9c,94.6452%,83,1467,1550,938,26,57,529
0x609f01,98.9718%,83,7989,8072,7984,66,17,5
0xa022fd,96.8417%,83,2545,2628,52,70,13,2493
0xa2f2ac,79.7561%,83,327,410,235,34,49,92
0x49ec03,82.8157%,83,400,483,138,23,60,262
0x5107a3,92.1698%,83,977,1060,280,47,36,697
0x8def29,95.8931%,83,1938,2021,1844,46,37,94
0xa3672d,71.7687%,83,211,294,193,31,52,18
0xa30238,57.4359%,83,112,195,24,61,22,88
0x9eaa60,94.5069%,83,1428,1511,1428,29,54,0
0x4bf07e,91.0753%,83,847,930,117,54,29,730
0x8bcb0e,73.9812%,83,236,319,25,63,20,211
0x807889,93.5559%,83,1205,1288,1045,66,17,160
0x40ff98,97.6279%,83,3416,3499,142,42,41,3274
0x81b28e,73.9683%,82,233,315,212,21,61,21
0x9ea6f7,56.8421%,82,108,190,51,42,40,57
0xa238d7,52.3256%,82,90,172,22,40,42,68
0x9abdf3,76.9014%,82,273,355,125,53,29,148
0xa50eb6,74.5342%,82,240,322,9,72,10,231
0x40bc7a,89.433%,82,694,776,204,37,45,490
0x54f7bb,91.3502%,82,866,948,19,42,40,847
0x48ce16,97.7778%,82,3608,3690,0,55,27,3608
0x4ba398,90.9192%,82,821,903,37,25,57,784
0x5971c6,86.7955%,82,539,621,6,48,34,533
0x820da0,86.3787%,82,520,602,0,0,82,520
0x8fe347,99.4735%,82,15494,15576,12,3,79,15482
0x54248c,93.5382%,82,1187,1269,1097,38,44,90
0xb2fe33,74.2947%,82,237,319,17,34,48,220
0x502ee7,98.9237%,82,7537,7619,43,59,23,7494
0x890e1e,77.2853%,82,279,361,134,57,25,145
0x8ec3df,84.1699%,82,436,518,54,45,37,382
0x8191b4,89.433%,82,694,776,250,30,52,444
0x8e4d7e,94.6822%,82,1460,1542,994,39,43,466
0xa66127,53.1429%,82,93,175,28,34,48,65
0x9f0e20,86.2416%,82,514,596,287,21,61,227
0x4bc65f,64.5022%,82,149,231,69,66,16,80
0x506f01,88.9189%,82,658,740,593,50,32,65
0x90d0c7,86.3105%,82,517,599,0,0,82,517
0x8ed2b0,92.4214%,82,1000,1082,10,31,51,990
0x643462,89.0521%,82,667,749,6,4,78,661
0x90e6e0,90.9989%,82,829,911,386,17,65,443
0x60a99b,85.8131%,82,496,578,38,40,42,458
0x65c224,98.335%,82,4843,4925,34,5,77,4809
0x6042c4,53.6723%,82,95,177,3,9,73,92
0x8a2aac,70.8185%,82,199,281,191,76,6,8
0x4859ed,95.0751%,82,1583,1665,1583,40,42,0
0x9f0969,91.8327%,82,922,1004,754,50,32,168
0x8a517e,74.5342%,82,240,322,174,18,64,66
0x58fd9b,98.886%,82,7279,7361,89,10,72,7190
0x65a1c3,94.0623%,82,1299,1381,1095,32,50,204
0x5bd6a8,95.7557%,82,1850,1932,1585,16,66,265
0xa94a6d,60.5769%,82,126,208,90,42,40,36
0x8a24d0,76.5714%,82,268,350,268,82,0,0
0x8a556f,99.2551%,82,10926,11008,10926,42,40,0
0xa45299,92.5455%,82,1018,1100,655,47,35,363
0x7d09c4,88.4017%,82,625,707,16,63,19,609
0x4102ff,98.6434%,81,5890,5971,156,34,47,5734
0x81e51c,89.9752%,81,727,808,668,62,19,59
0x609cd5,86.7863%,81,532,613,236,24,57,296
0x4106d3,78.1081%,81,289,370,101,58,23,188
0x488a3b,94.6885%,81,1444,1525,312,46,35,1132
0x8a2801,71.1744%,81,200,281,200,81,0,0
0x67760f,78.0488%,81,288,369,254,46,35,34
0x78cd7e,90.6897%,81,789,870,0,0,81,789
0xa941e4,60.8696%,81,126,207,30,48,33,96
0x40d539,97.8243%,81,3642,3723,3499,52,29,143
0x9783ec,95.3368%,81,1656,1737,912,45,36,744
0x543840,88.2779%,81,610,691,608,47,34,2
0xa94466,63.8393%,81,143,224,85,53,28,58
0x4ace74,66.39%,81,160,241,15,45,36,145
0xa33b7f,93.9552%,81,1259,1340,1192,76,5,67
0x559184,90.8784%,81,807,888,269,63,18,538
0x48e78f,97.7753%,81,3560,3641,3531,7,74,29
0x8ec397,90.98%,81,817,898,8,63,18,809
0xa358c6,96.4874%,81,2225,2306,1274,31,50,951
0x5b9c3c,56.2162%,81,104,185,19,54,27,85
0xa505f0,89.6419%,81,701,782,699,17,64,2
0x8d25d7,97.7112%,81,3458,3539,20,36,45,3438
0x50c037,92.7679%,81,1039,1120,1039,46,35,0
0xa39c96,92.5551%,81,1007,1088,1007,81,0,0
0x53c714,87.2%,80,545,625,378,26,54,167
0x50d337,93.4156%,80,1135,1215,637,79,1,498
0x5116ba,94.6019%,80,1402,1482,332,39,41,1070
0xa32a38,93.7353%,80,1197,1277,1184,34,46,13
0x8212f4,98.0411%,80,4004,4084,4004,72,8,0
0xa2a8f5,54.023%,80,94,174,26,35,45,68
0x8da256,86.6889%,80,521,601,224,19,61,297
0x541bd9,90.4077%,80,754,834,737,43,37,17
0x810460,85.5596%,80,474,554,442,30,50,32
0x40e740,95.8932%,80,1868,1948,1868,80,0,0
0x8dae16,91.6753%,80,881,961,5,68,12,876
0x49af29,74.4409%,80,233,313,123,41,39,110
0x4b5087,56.9892%,80,106,186,73,55,25,33
0x40451c,90.099%,80,728,808,38,41,39,690
0xa8a7b5,68.9922%,80,178,258,27,56,24,151
0x8a6fe3,94.709%,80,1432,1512,176,48,32,1256
0x8c726f,62.2642%,80,132,212,38,55,25,94
0x8b93f2,76.1905%,80,256,336,256,80,0,0
0x81c93d,56.044%,80,102,182,85,37,43,17
0x8da37b,98.3461%,80,4757,4837,975,44,36,3782
0x8bc7fc,99.6499%,80,22769,22849,698,66,14,22071
0x8e9f21,97.1469%,80,2724,2804,281,37,43,2443
0x543720,86.0627%,80,494,574,492,56,24,2
0x8196bf,93.3333%,80,1120,1200,75,46,34,1045
0x8d3c2b,84.4358%,80,434,514,220,50,30,214
0x48d97b,98.2031%,80,4372,4452,3518,50,30,854
0x8e37c3,89.7172%,80,698,778,535,40,40,163
0x5505dd,28.5714%,80,32,112,32,80,0,0
0x8a5f46,66.805%,80,161,241,106,50,30,55
0x53f5e6,96.3083%,80,2087,2167,11,17,63,2076
0x48ee15,48.3871%,80,75,155,41,60,20,34
0x54832f,99.4347%,80,14071,14151,14063,55,25,8
0x9e25f7,93.6255%,80,1175,1255,287,16,64,888
0xa45caf,60.7843%,80,124,204,32,44,36,92
0x4fd93f,95.3107%,80,1626,1706,1625,24,56,1
0x8daddb,97.0392%,80,2622,2702,0,0,80,2622
0x40dbb6,99.1895%,80,9791,9871,0,69,11,9791
0x595ded,89.5969%,80,689,769,526,33,47,163
0xa5942b,72.6962%,80,213,293,25,56,24,188
0xa35f69,71.5302%,80,201,281,20,40,40,181
0x8e487d,96.5202%,80,2219,2299,557,66,14,1662
0x40ffb4,98.9604%,80,7615,7695,2026,36,44,5589
0x541cbf,94.2611%,80,1314,1394,30,42,38,1284
0x8f3f49,96.5487%,79,2210,2289,2210,79,0,0
0x504960,89.1034%,79,646,725,157,5,74,489
0xa52428,51.2346%,79,83,162,25,36,43,58
0x805a26,92.7256%,79,1007,1086,100,26,53,907
0x4a6f88,77.7465%,79,276,355,189,37,42,87
0x81d5cb,82.2072%,79,365,444,193,35,44,172
0x40d3ad,96.8613%,79,2438,2517,0,0,79,2438
0xa3080b,77.933%,79,279,358,106,44,35,173
0x80f698,46.6216%,79,69,148,33,47,32,36
0x40f56a,99.4561%,79,14447,14526,54,40,39,14393
0xa56750,69.2607%,79,178,257,169,46,33,9
0x8184ef,90.6287%,79,764,843,758,15,64,6
0x5115e6,96.7768%,79,2372,2451,2372,79,0,0
0x66710f,92.0762%,79,918,997,804,44,35,114
0x512307,96.1928%,79,1996,2075,1339,27,52,657
0x5bda95,95.8897%,79,1843,1922,1843,76,3,0
0xaa3347,92.0121%,79,910,989,910,79,0,0
0x67a98b,97.1346%,79,2678,2757,2678,79,0,0
0x503a5b,87.0915%,79,533,612,517,34,45,16
0x60a6eb,95.5367%,79,1691,1770,17,36,43,1674
0x60974a,51.2346%,79,83,162,19,60,19,64
0x8a3449,83.9431%,79,413,492,393,39,40,20
0x4bc2fd,94.7051%,79,1413,1492,1402,56,23,11
0x5ff814,72.9452%,79,213,292,176,70,9,37
0xa30a5b,82.167%,79,364,443,107,42,37,257
0x8ef42f,87.0279%,79,530,609,136,34,45,394
0x8b9af3,97.9903%,79,3852,3931,899,46,33,2953
0x8e09e0,97.3019%,79,2849,2928,2573,31,48,276
0xa451d3,79.4737%,78,302,380,287,29,49,15
0x8a6ff5,94.8413%,78,1434,1512,34,22,56,1400
0x5fba15,79.7927%,78,308,386,264,49,29,44
0x5fe15b,66.2338%,78,153,231,153,78,0,0
0xaa33d6,89.5442%,78,668,746,668,78,0,0
0x558064,93.1639%,78,1063,1141,64,22,56,999
0x80dcf8,93.7799%,78,1176,1254,590,37,41,586
0x8108ec,80.203%,78,316,394,70,60,18,246
0x8130ad,94.5645%,78,1357,1435,2,54,24,1355
0x5fe278,89.4022%,78,658,736,45,71,7,613
0x80c0c5,94.6903%,78,1391,1469,13,45,33,1378
0x81f77c,87.6777%,78,555,633,473,66,12,82
0x9427c1,95.3846%,78,1612,1690,0,0,78,1612
0x8ebbbd,95.3846%,78,1612,1690,453,12,66,1159
0xaa28b5,92.7845%,78,1003,1081,374,49,29,629
0xb31bfb,99.6391%,78,21537,21615,21537,78,0,0
0x4b4960,70%,78,182,260,42,53,25,140
0xa54dc4,66.3793%,78,154,232,67,49,29,87
0x50222a,90.1639%,78,715,793,700,31,47,15
0x485ddc,82.9694%,78,380,458,134,13,65,246
0x8167cb,68.4211%,78,169,247,18,49,29,151
0x50c0b2,87.3377%,78,538,616,484,12,66,54
0x9e506c,67.2269%,78,160,238,46,23,55,114
0x5102f8,95.6667%,78,1722,1800,641,49,29,1081
0x8deec4,96.1557%,78,1951,2029,942,67,11,1009
0x5fa2a7,84.2105%,78,416,494,192,49,29,224
0x8d25db,97.7606%,78,3405,3483,341,30,48,3064
0x9f0237,62.8571%,78,132,210,68,48,30,64
0x50400b,90.1639%,78,715,793,690,53,25,25
0x4bbe4b,91.314%,78,820,898,664,36,42,156
0x8bd417,99.6782%,78,24157,24235,0,0,78,24157
0x8fee3a,87.7165%,78,557,635,423,57,21,134
0x808e57,90.7473%,78,765,843,602,44,34,163
0x98cfd5,95.8647%,77,1785,1862,1636,18,59,149
0x8e2645,97.1877%,77,2661,2738,2600,14,63,61
0x81c325,85.0775%,77,439,516,263,19,58,176
0x40f643,99.1538%,77,9022,9099,2968,65,12,6054
0x8a2aa3,78%,77,273,350,56,13,64,217
0x5c44a3,89.6644%,77,668,745,668,77,0,0
0x402d06,86.0254%,77,474,551,191,55,22,283
0x90f2b7,97.4385%,77,2929,3006,2197,37,40,732
0x8d281f,94.7583%,77,1392,1469,48,45,32,1344
0x810623,85.8456%,77,467,544,351,29,48,116
0x9a904e,65.625%,77,147,224,138,55,22,9
0x90147c,97.9395%,77,3660,3737,3642,30,47,18
0xa3a184,89.3646%,77,647,724,22,37,40,625
0x4b536d,79.2453%,77,294,371,257,43,34,37
0xa4ff88,68.0498%,77,164,241,115,50,27,49
0x6434df,95.9108%,77,1806,1883,1806,77,0,0
0x8da5b5,91.7204%,77,853,930,28,46,31,825
0x9a8ff9,65.625%,77,147,224,63,49,28,84
0xb3152f,58.8235%,77,110,187,70,35,42,40
0x49c7d9,72.2022%,77,200,277,174,47,30,26
0x627c19,96.7401%,77,2285,2362,2280,36,41,5
0xa5d7df,77.551%,77,266,343,266,77,0,0
0x5c4bfb,95.79%,77,1752,1829,0,0,77,1752
0xb3ab09,97.2676%,77,2741,2818,449,59,18,2292
0xa55e14,40.3101%,77,52,129,27,13,64,25
0x8fee56,87.874%,77,558,635,0,0,77,558
0xa39de6,94.1086%,77,1230,1307,0,0,77,1230
0x5f1139,83.6864%,77,395,472,103,60,17,292
0x821102,90.1028%,77,701,778,1,3,74,700
0xa3a068,87.3355%,77,531,608,524,70,7,7
0x64b5f5,99.5199%,77,15961,16038,15920,61,16,41
0x49ee49,83.114%,77,379,456,276,26,51,103
0x9f0c70,59.4737%,77,113,190,48,32,45,65
0x5437f4,72.7599%,76,203,279,78,63,13,125
0xb2ade5,92.6782%,76,962,1038,962,76,0,0
0x402bcd,95.7135%,76,1697,1773,17,56,20,1680
0x600227,94.7149%,76,1362,1438,5,18,58,1357
0x8ef1d9,87.5205%,76,533,609,96,62,14,437
0x50736b,89.6317%,76,657,733,656,66,10,1
0x8c7b8c,91.5556%,76,824,900,668,56,20,156
0xa3045f,87.801%,76,547,623,34,35,41,513
0x5fe1ca,91.5836%,76,827,903,68,65,11,759
0x488e03,97.9836%,76,3693,3769,3685,27,49,8
0x8ff7f7,99.7386%,76,28998,29074,52,48,28,28946
0x813687,76.9697%,76,254,330,221,48,28,33
0x817c57,77.5811%,76,263,339,107,34,42,156
0x8bc8b7,99.5541%,76,16968,17044,16676,34,42,292
0xb3240e,92.1569%,76,893,969,893,76,0,0
0x8bb1c2,83.3333%,76,380,456,0,0,76,380
0x8dd2b0,89.4737%,76,646,722,76,23,53,570
0x5057f7,89.7297%,76,664,740,578,69,7,86
0x60dc1d,72.2628%,76,198,274,167,47,29,31
0x50d9db,90.4642%,76,721,797,639,51,25,82
0x5970df,84.265%,76,407,483,4,19,57,403
0x4bc0bd,73.2394%,76,208,284,143,20,56,65
0x8c7e27,82.0331%,76,347,423,87,37,39,260
0xa4ff15,78.7709%,76,282,358,279,43,33,3
0x90b167,59.7884%,76,113,189,78,41,35,35
0x77ff68,96.734%,76,2251,2327,666,45,31,1585
0x49ee45,85.7678%,76,458,534,20,58,18,438
0x90dc1e,99.8503%,76,50681,50757,50681,76,0,0
0x8e25de,98.5286%,76,5089,5165,3203,47,29,1886
0x6104a2,84.5842%,76,417,493,86,18,58,331
0x5b14a9,85.5769%,75,445,520,316,38,37,129
0x819652,99.2876%,75,10453,10528,4,14,61,10449
0x4ba3a2,94.4279%,75,1271,1346,463,57,18,808
0x49063e,72.5275%,75,198,273,93,45,30,105
0x8aa919,97.8077%,75,3346,3421,0,0,75,3346
0xa6611c,70.9302%,75,183,258,28,55,20,155
0x40d104,98.936%,75,6974,7049,0,0,75,6974
0x5be197,95.46%,75,1577,1652,1577,75,0,0
0x8dd05d,89.6122%,75,647,722,66,33,42,581
0x81d4a8,58.7912%,75,107,182,87,35,40,20
0x5ba9ff,96.8058%,75,2273,2348,1887,30,45,386
0x8f576d,98.6638%,75,5538,5613,662,19,56,4876
0x81949f,79.3388%,75,288,363,222,34,41,66
0x9ea6a3,74.1379%,75,215,290,153,14,61,62
0x5f85ee,96.4937%,75,2064,2139,359,50,25,1705
0x8dfd02,92.7326%,75,957,1032,291,47,28,666
0x8e2b2b,96.9338%,75,2371,2446,1258,48,27,1113
0x8ead7f,93.0684%,75,1007,1082,6,35,40,1001
0x67fb1b,99.0875%,75,8144,8219,8144,75,0,0
0x9095c0,95.9569%,75,1780,1855,1709,29,46,71
0x722da8,77.6119%,75,260,335,34,48,27,226
0x7ce366,96.0733%,75,1835,1910,307,45,30,1528
0x409ab4,75.8065%,75,235,310,124,33,42,111
0x8a7730,80.4688%,75,309,384,43,39,36,266
0x8ee0df,82.9157%,75,364,439,207,44,31,157
0x54eafd,40.9449%,75,52,127,24,34,41,28
0x81c187,87.2666%,75,514,589,35,61,14,479
0x507016,89.8649%,75,665,740,235,37,38,430
0x60dcbf,93.1569%,75,1021,1096,868,54,21,153
0x9523e9,80.9645%,75,319,394,83,47,28,236
0xa027e3,98.3036%,75,4346,4421,0,27,48,4346
0x5521ea,96.4235%,75,2022,2097,0,60,15,2022
0xa510a6,70.3557%,75,178,253,141,46,29,37
0xa948dc,83.2589%,75,373,448,180,44,31,193
0xb2dfc1,95.1267%,75,1464,1539,0,0,75,1464
0x403e79,98.7811%,75,6078,6153,714,38,37,5364
0x8d2567,82.4356%,75,352,427,134,53,22,218
0x9e613e,75.8065%,75,235,310,211,27,48,24
0x5fb1dc,65.1163%,75,140,215,110,28,47,30
0x81eed2,94.6543%,75,1328,1403,1328,31,44,0
0x49ba85,88.8889%,75,600,675,600,67,8,0
0x9118e4,92.8502%,74,961,1035,314,56,18,647
0x607013,74.744%,74,219,293,119,40,34,100
0x807fca,51.9481%,74,80,154,37,42,32,43
0xa35ce4,93.9095%,74,1141,1215,50,56,18,1091
0xa50488,70.751%,74,179,253,7,44,30,172
0x5ee1a1,97.548%,74,2944,3018,1987,28,46,957
0xa94207,54.878%,74,90,164,72,64,10,18
0x501ee8,61.2565%,74,117,191,50,39,35,67
0x5971b1,88.0837%,74,547,621,24,10,64,523
0x5bbafc,79.2717%,74,283,357,262,26,48,21
0x4bc68b,63.7255%,74,130,204,109,51,23,21
0xa2e1fc,81.9512%,74,336,410,255,28,46,81
0x5042f8,90.6683%,74,719,793,19,43,31,700
0x80a463,83.6645%,74,379,453,300,27,47,79
0x8e212d,93.6207%,74,1086,1160,703,32,42,383
0x5bae82,63%,74,126,200,11,50,24,115
0x546a66,90.5371%,74,708,782,706,38,36,2
0x8bb0fa,81.7734%,74,332,406,332,74,0,0
0x8f6167,78.7356%,74,274,348,131,46,28,143
0x8e0bd2,98.1832%,74,3999,4073,2186,28,46,1813
0x5f102c,88.0837%,74,547,621,272,43,31,275
0x40e2c3,89.5921%,74,637,711,210,47,27,427
0x5ff94e,69.9187%,74,172,246,46,29,45,126
0x542ad9,97.1767%,74,2547,2621,319,45,29,2228
0x9eb7d2,55.9524%,74,94,168,20,40,34,74
0x5111b5,92.4025%,74,900,974,214,26,48,686
0x8f2fa2,98.9841%,74,7210,7284,6945,20,54,265
0x7b7f4a,47.5177%,74,67,141,67,74,0,0
0x8a9901,97.5974%,74,3006,3080,1554,56,18,1452
0x9a906c,66.9643%,74,150,224,150,60,14,0
0x48ee2f,60.2151%,74,112,186,106,72,2,6
0x54ff67,83.7004%,74,380,454,380,17,57,0
0x9ed669,87.7686%,74,531,605,523,23,51,8
0x5ffca1,94.1456%,74,1190,1264,1132,40,34,58
0x548037,98.8822%,74,6546,6620,6428,23,51,118
0x9731a8,87.8689%,74,536,610,489,43,31,47
0x9fb89b,75.817%,74,232,306,0,0,74,232
0xb0ceff,94.7814%,74,1344,1418,772,17,57,572
0x4bad5d,92.3077%,74,888,962,341,42,32,547
0x489d18,98.1569%,74,3941,4015,20,67,7,3921
0x8ff543,92.6441%,74,932,1006,932,74,0,0
0xaa05e0,93.7815%,74,1116,1190,1114,9,65,2
0x8ff689,72.0755%,74,191,265,9,18,56,182
0x5469bb,96.1934%,74,1870,1944,128,40,34,1742
0x9c4137,79.4444%,74,286,360,286,74,0,0
0x96928c,57.7143%,74,101,175,65,24,50,36
0x505ee3,90.1351%,73,667,740,595,52,21,72
0x502e03,98.0049%,73,3586,3659,3586,60,13,0
0x53a30f,97.0683%,73,2417,2490,2407,20,53,10
0x80765e,86.7273%,73,477,550,473,18,55,4
0x807648,86.7273%,73,477,550,33,26,47,444
0x804fc1,77.8788%,73,257,330,235,32,41,22
0x8fef9b,83.4467%,73,368,441,42,46,27,326
0x509d1e,92.5358%,73,905,978,509,42,31,396
0xa2fe83,73.6462%,73,204,277,89,28,45,115
0x8e5ae1,88.6115%,73,568,641,158,32,41,410
0x40e50b,95.6261%,73,1596,1669,1588,65,8,8
0x543f84,94.6948%,73,1303,1376,1301,30,43,2
0xa9075f,67.2646%,73,150,223,34,42,31,116
0x99f24e,65.7277%,73,140,213,99,32,41,41
0x49e4b7,54.6584%,73,88,161,22,21,52,66
0x507867,91.8527%,73,823,896,823,45,28,0
0xaa2e12,88.2258%,73,547,620,547,73,0,0
0xa50ef9,79.6089%,73,285,358,285,73,0,0
0xa50522,71.1462%,73,180,253,170,45,28,10
0x5373fb,97.4758%,73,2819,2892,2817,71,2,2
0x722dc6,71.1462%,73,180,253,47,33,40,133
0x545aac,97.3646%,73,2697,2770,0,7,66,2697
0x9f9381,72.4528%,73,192,265,152,27,46,40
0x8a64b0,71.2598%,73,181,254,87,15,58,94
0x503838,64.5631%,73,133,206,27,46,27,106
0xa50e9e,79.6089%,73,285,358,281,41,32,4
0x5064fa,90.1351%,73,667,740,536,40,33,131
0xb2e717,99.0869%,73,7922,7995,7922,73,0,0
0xa565b3,86.0153%,73,449,522,210,51,22,239
0x80a443,91.3405%,73,770,843,187,47,26,583
0x8e12c6,98.2582%,73,4118,4191,1725,62,11,2393
0x638d50,92.878%,73,952,1025,915,30,43,37
0x9e8921,50%,73,73,146,0,0,73,73
0x534b9e,60.9626%,73,114,187,89,32,41,25
0x537f03,90.175%,73,670,743,0,0,73,670
0x48e7c6,98.3207%,73,4274,4347,4269,22,51,5
0x80dfcf,97.9261%,73,3447,3520,3244,56,17,203
0xa9362b,56.8047%,73,96,169,96,73,0,0
0x8fe2ea,99.6437%,73,20417,20490,2,13,60,20415
0x81c4f0,81.9307%,73,331,404,330,12,61,1
0xa5297b,88.0399%,72,530,602,372,38,34,158
0xa5d097,83.5616%,72,366,438,228,45,27,138
0x40e1b9,88.535%,72,556,628,531,23,49,25
0x9a7d17,82.3961%,72,337,409,15,24,48,322
0x9a9d22,81.201%,72,311,383,176,29,43,135
0x507724,53.2468%,72,82,154,49,61,11,33
0x499023,77.8462%,72,253,325,174,43,29,79
0x8e24d6,98.6351%,72,5203,5275,5144,21,51,59
0x80a4da,88.3495%,72,546,618,29,28,44,517
0x542cf8,96.8099%,72,2185,2257,143,44,28,2042
0x50bf2d,82.134%,72,331,403,240,53,19,91
0xab332a,45.4545%,72,60,132,0,0,72,60
0x54f8b9,96.4946%,72,1982,2054,1977,34,38,5
0x8a54b9,94.6508%,72,1274,1346,95,14,58,1179
0x595d60,88.9231%,72,578,650,449,15,57,129
0x6680ad,96.8476%,72,2212,2284,56,50,22,2156
0xa58548,56.6265%,72,94,166,65,42,30,29
0x65a29b,98.0728%,72,3664,3736,3529,17,55,135
0x81e8ba,92.5156%,72,890,962,890,68,4,0
0x5104f7,95.443%,72,1508,1580,1106,48,24,402
0x8bcd0c,96.9296%,72,2273,2345,2271,58,14,2
0xa58607,79.1304%,72,273,345,109,26,46,164
0x537bf0,98.4765%,72,4654,4726,4654,69,3,0
0x8e4809,96.8682%,72,2227,2299,611,57,15,1616
0x5020dd,51.3514%,72,76,148,56,22,50,20
0x8ea2a7,94.1224%,72,1153,1225,1151,28,44,2
0x48a700,96.607%,72,2050,2122,0,40,32,2050
0x65a3a7,96.2559%,72,1851,1923,1082,22,50,769
0xa90f6b,74.2857%,72,208,280,154,41,31,54
0x8d3b03,80.593%,72,299,371,84,40,32,215
0x491561,54.4304%,72,86,158,69,68,4,17
0x80471a,67.713%,72,151,223,81,26,46,70
0xa948ca,83.9286%,72,376,448,47,61,11,329
0x5bd574,98.5056%,72,4746,4818,4083,51,21,663
0x8f48ef,98.5149%,72,4776,4848,4481,37,35,295
0x8e3f98,90.0277%,72,650,722,198,52,20,452
0x510a33,83.5991%,72,367,439,7,41,31,360
0xaaafc8,64.1791%,72,129,201,67,48,24,62
0xaab66a,95.3428%,72,1474,1546,729,69,3,745
0x64ada6,99.6574%,72,20942,21014,18329,26,46,2613
0x4fdaf8,88.974%,72,581,653,299,39,33,282
0x63ac8e,91.2302%,72,749,821,516,64,8,233
0x9f9835,57.3964%,72,97,169,32,26,46,65
0x5bac38,85%,72,408,480,63,39,33,345
0xa5cebe,82.3529%,72,336,408,40,28,44,296
0x5facba,93.4126%,72,1021,1093,0,6,66,1021
0xa41f7e,80.8511%,72,304,376,67,20,52,237
0x50d735,78.1818%,72,258,330,226,46,26,32
0xaa1441,79.9443%,72,287,359,168,27,45,119
0x508a61,86.4916%,72,461,533,394,45,27,67
0x833f6d,85.4545%,72,423,495,383,32,40,40
0x8aa922,97.8954%,72,3349,3421,0,0,72,3349
0x80546e,94.1748%,72,1164,1236,1112,35,37,52
0x4b4a8e,80.4878%,72,297,369,252,48,24,45
0x48c722,50%,72,72,144,46,40,32,26
0x8160b7,63.4021%,71,123,194,59,31,40,64
0x50110a,99.2668%,71,9612,9683,9612,71,0,0
0x410749,63.2124%,71,122,193,108,31,40,14
0x8e15bb,99.3664%,71,11134,11205,11134,71,0,0
0x9f97db,50%,71,71,142,43,14,57,28
0x488dae,99.2512%,71,9411,9482,0,8,63,9411
0xa030dc,55.625%,71,89,160,50,42,29,39
0x6670bf,63.2124%,71,122,193,18,26,45,104
0x5484d6,99.4502%,71,12843,12914,12843,71,0,0
0x902716,93.9316%,71,1099,1170,67,36,35,1032
0xa8fc5f,58.2353%,71,99,170,99,71,0,0
0x80c1a8,73.2075%,71,194,265,184,33,38,10
0xad8583,99.3944%,71,11653,11724,0,0,71,11653
0x8a6219,85.2083%,71,409,480,4,52,19,405
0x805eff,82.4257%,71,333,404,326,31,40,7
0xa42944,97.5407%,71,2816,2887,864,27,44,1952
0x8ddd01,96.9117%,71,2228,2299,1478,43,28,750
0x404941,72.5869%,71,188,259,0,0,71,188
0x8121fd,73.0038%,71,192,263,117,20,51,75
0x53aea2,90.9439%,71,713,784,702,29,42,11
0x8187b3,51.3699%,71,75,146,40,46,25,35
0xa346a1,92.7551%,71,909,980,446,24,47,463
0xa3a392,91.2129%,71,737,808,51,57,14,686
0xa35f7e,87.8216%,71,512,583,465,12,59,47
0xa8fb04,72.1569%,71,184,255,47,38,33,137
0x47f4f8,93.5101%,71,1023,1094,0,0,71,1023
0x50b74c,93.7555%,71,1066,1137,2,2,69,1064
0xad7b50,90.8858%,71,708,779,0,0,71,708
0x811ac7,91.5777%,71,772,843,719,41,30,53
0xa92184,86.5784%,71,458,529,458,71,0,0
0x80c22a,73.2075%,71,194,265,142,35,36,52
0x8f359b,92.6272%,71,892,963,104,44,27,788
0xa3115b,76.412%,71,230,301,13,39,32,217
0x512cf3,98.4793%,71,4598,4669,4598,71,0,0
0x53e458,98.9511%,71,6698,6769,6698,71,0,0
0xa511c8,71.9368%,71,182,253,70,13,58,112
0x40ddaa,99.149%,71,8272,8343,8272,71,0,0
0xa55ee9,38.2609%,71,44,115,22,29,42,22
0x49e1b1,93.9983%,71,1112,1183,1110,31,40,2
0x541b72,91.4868%,71,763,834,361,28,43,402
0x59bc36,93.5921%,71,1037,1108,198,27,44,839
0x48a652,95.9885%,70,1675,1745,0,17,53,1675
0x5387e4,98.3949%,70,4291,4361,4291,70,0,0
0x787d04,92.0182%,70,807,877,38,22,48,769
0x60a652,93.8811%,70,1074,1144,1074,70,0,0
0x591bfc,57.3171%,70,94,164,75,38,32,19
0xa2f2f7,63.1579%,70,120,190,52,45,25,68
0xa3a4f1,88.2943%,70,528,598,528,70,0,0
0x48ef58,78.852%,70,261,331,243,21,49,18
0x80f46d,72%,70,180,250,32,42,28,148
0xa41db1,96.2865%,70,1815,1885,171,34,36,1644
0x49e4fb,56.5217%,70,91,161,25,18,52,66
0x4101a4,99.2156%,70,8854,8924,10,44,26,8844
0xa348db,95.8555%,70,1619,1689,1089,44,26,530
0x5356bd,62.963%,70,119,189,58,70,0,61
0x98bc27,83.5294%,70,355,425,355,70,0,0
0x5971f7,73.2824%,70,192,262,19,32,38,173
0x53c649,90.5533%,70,671,741,0,0,70,671
0x812349,87.1324%,70,474,544,248,33,37,226
0x9ab422,87.5887%,70,494,564,268,7,63,226
0x50166f,93.0487%,70,937,1007,868,33,37,69
0x8f2954,96.3992%,70,1874,1944,948,34,36,926
0x9eef80,58.8235%,70,100,170,68,27,43,32
0x8ee1fd,70.9544%,70,171,241,19,39,31,152
0x4a6e3e,80.2817%,70,285,355,285,70,0,0
0x8157ef,97.1556%,70,2391,2461,100,18,52,2291
0xaa57a5,98.9122%,70,6365,6435,59,31,39,6306
0x51078c,93.4762%,70,1003,1073,0,13,57,1003
0x8fd4fe,74.359%,70,203,273,151,37,33,52
0x5fda56,92.2907%,70,838,908,761,54,16,77
0x54830c,99.5053%,70,14081,14151,14081,70,0,0
0x610b52,79.5918%,70,273,343,34,30,40,239
0x510a0b,88.6364%,70,546,616,280,24,46,266
0x9015ef,98.5081%,70,4622,4692,4622,70,0,0
0x8dce2a,87.1087%,70,473,543,200,28,42,273
0x81bb9f,77.918%,70,247,317,68,36,34,179
0xb0b0fe,60.452%,70,107,177,74,47,23,33
0x4ba553,81.2332%,70,303,373,185,24,46,118
0x5baca5,73.7828%,70,197,267,66,48,22,131
0x81c2df,86.4341%,70,446,516,419,28,42,27
0x64b4af,94.5694%,70,1219,1289,1199,28,42,20
0x7cf31c,91.9817%,70,803,873,92,63,7,711
0x5386ab,98.0337%,70,3490,3560,2115,31,39,1375
0x4b4fd4,81.6754%,70,312,382,52,59,11,260
0xa028ee,69.4323%,70,159,229,52,44,26,107
0x80df92,96.8066%,70,2122,2192,291,49,21,1831
0x5ad319,87.1087%,70,473,543,473,70,0,0
0x8c735f,92.6004%,70,876,946,0,0,70,876
0xa8a712,60%,70,105,175,70,38,32,35
0x63af52,91.4738%,70,751,821,751,70,0,0
0x4a6ca4,85.447%,70,411,481,329,53,17,82
0x50b7eb,87.4327%,70,487,557,476,53,17,11
0x547e7a,90.9794%,70,706,776,192,39,31,514
0xa916f3,64.1026%,70,125,195,89,70,0,36
0x8d2469,60.8939%,70,109,179,48,47,23,61
0x7d2bef,92.3588%,69,834,903,167,40,29,667
0x53a206,90.7133%,69,674,743,673,64,5,1
0x50f9cb,93.6111%,69,1011,1080,1011,69,0,0
0x819b5f,91.8149%,69,774,843,726,47,22,48
0x53fe81,97.194%,69,2390,2459,714,4,65,1676
0x8eae24,86.5497%,69,444,513,4,22,47,440
0x5119e3,92.952%,69,910,979,307,18,51,603
0x9e29a7,72.9412%,69,186,255,28,44,25,158
0x5387af,97.4716%,69,2660,2729,2660,69,0,0
0x5970eb,85%,69,391,460,12,36,33,379
0x8d30a9,81.4016%,69,302,371,73,51,18,229
0x6070e0,98.9316%,69,6389,6458,6389,69,0,0
0xa526fc,86.6279%,69,447,516,447,69,0,0
0x952bab,84.8684%,69,387,456,0,0,69,387
0x49fba0,82.75%,69,331,400,185,37,32,146
0x4043bf,96.6193%,69,1972,2041,0,0,69,1972
0x9a7eff,56.6038%,69,90,159,17,42,27,73
0x9f7af5,61.0169%,69,108,177,108,69,0,0
0x4b9e32,81.5508%,69,305,374,110,45,24,195
0x494874,68.7783%,69,152,221,57,27,42,95
0x9f03a0,88.595%,69,536,605,161,61,8,375
0x40e2c8,84.8018%,69,385,454,215,18,51,170
0x643aa0,90.933%,69,692,761,67,45,24,625
0x8bd617,96.7666%,69,2065,2134,2065,69,0,0
0xa54fa0,91.2437%,69,719,788,718,32,37,1
0x8107b9,90.7008%,69,673,742,434,56,13,239
0x8e376f,96.5099%,69,1908,1977,259,42,27,1649
0x55806a,93.4597%,69,986,1055,64,29,40,922
0xa3a3a5,90.1429%,69,631,700,279,41,28,352
0x9faff9,82.3529%,69,322,391,33,45,24,289
0xa5f8a3,80.3977%,69,283,352,283,61,8,0
0x8ed995,88.67%,69,540,609,109,49,20,431
0x9f9864,63.2979%,69,119,188,35,62,7,84
0x9aa211,95.215%,69,1373,1442,1373,32,37,0
0x49e502,73.4615%,69,191,260,82,36,33,109
0x512a22,87.8947%,69,501,570,393,27,42,108
0x8a8fe6,92.1769%,69,813,882,813,67,2,0
0x8ee17d,84.2227%,68,363,431,161,29,39,202
0xa968b2,69.9115%,68,158,226,5,53,15,153
0x9777c5,92.1749%,68,801,869,794,18,50,7
0x67753c,63.8298%,68,120,188,34,57,11,86
0x5fa19f,91.4573%,68,728,796,709,60,8,19
0x607000,83.3333%,68,340,408,112,3,65,228
0xb0b096,61.5819%,68,109,177,83,51,17,26
0x546423,91.425%,68,725,793,324,26,42,401
0xad7af9,91.2709%,68,711,779,708,48,20,3
0xa52d74,81.2672%,68,295,363,252,25,43,43
0x403b55,88.5714%,68,527,595,527,68,0,0
0xa41c51,89.12%,68,557,625,557,68,0,0
0x5fa9d7,90.9814%,68,686,754,37,44,24,649
0x9e08c8,85.2495%,68,393,461,88,21,47,305
0x512a7d,93.9177%,68,1050,1118,107,39,29,943
0x9e24ad,88.7043%,68,534,602,40,36,32,494
0x511ba8,82.2917%,68,316,384,316,68,0,0
0x50d351,86.3727%,68,431,499,0,0,68,431
0x9ea4c7,71.6667%,68,172,240,14,58,10,158
0xa2fc73,89.9853%,68,611,679,30,10,58,581
0x8dcbd3,97.0422%,68,2231,2299,2231,68,0,0
0x818b4e,96.9912%,68,2192,2260,29,51,17,2163
0x80bfdf,59.7633%,68,101,169,24,31,37,77
0x81f34d,95.0256%,68,1299,1367,18,42,26,1281
0x81e4b8,86.9482%,68,453,521,439,36,32,14
0x5f7987,76.9492%,68,227,295,19,44,24,208
0x80e7cc,91.3486%,68,718,786,608,30,38,110
0x534db3,99.5244%,68,14229,14297,0,0,68,14229
0x8ec3af,79.0123%,68,256,324,100,39,29,156
0x807f67,87.7698%,68,488,556,477,17,51,11
0x9f61e5,92.9167%,68,892,960,0,0,68,892
0xaa34ce,92.7273%,68,867,935,0,11,57,867
0x50bf9d,38.1818%,68,42,110,15,29,39,27
0x534450,98.8076%,68,5635,5703,1,47,21,5634
0x9a80d4,79.0769%,68,257,325,26,64,4,231
0xa52200,89.0675%,68,554,622,504,25,43,50
0x47f253,93.9823%,68,1062,1130,4,54,14,1058
0x4b49ca,48.0916%,68,63,131,33,42,26,30
0x8ecfdb,66%,68,132,200,113,33,35,19
0x810bd7,82.7411%,68,326,394,325,68,0,1
0x610c9e,75.1825%,68,206,274,178,66,2,28
0x48a67f,90.2017%,68,626,694,626,68,0,0
0x9e2a37,63.8298%,68,120,188,60,46,22,60
0x9f62ec,87.2659%,68,466,534,98,55,13,368
0x8c8633,77.3333%,68,232,300,105,0,68,127
0x902164,78.882%,68,254,322,99,20,48,155
0x812360,94.0559%,68,1076,1144,0,0,68,1076
0x8a467b,89.2913%,68,567,635,567,68,0,0
0x548ce6,99.0398%,68,7014,7082,471,66,2,6543
0x976e30,72.3577%,68,178,246,3,21,47,175
0x494f2d,89.2913%,68,567,635,74,36,32,493
0x900561,99.669%,68,20476,20544,140,57,11,20336
0xa2dfd9,78.5489%,68,249,317,214,17,51,35
0x7ce0d8,96.4398%,68,1842,1910,1842,68,0,0
0x8193fa,91.6049%,68,742,810,2,32,36,740
0x8d41d0,52.1127%,68,74,142,35,53,15,39
0xa8fc36,69.6429%,68,156,224,15,39,29,141
0x8bb400,85.022%,68,386,454,0,0,68,386
0x5c3367,70.3057%,68,161,229,70,39,29,91
0x8a2982,88.1625%,67,499,566,38,19,48,461
0x8e40bd,90.7202%,67,655,722,51,48,19,604
0x55025b,84.4907%,67,365,432,359,26,41,6
0x81933d,91.366%,67,709,776,705,37,30,4
0x80f611,99.0539%,67,7015,7082,23,49,18,6992
0x64b5ed,99.6017%,67,16755,16822,740,44,23,16015
0x900594,98.8973%,67,6009,6076,5874,63,4,135
0x5010fa,98.9111%,67,6086,6153,0,0,67,6086
0x5546f2,94.4992%,67,1151,1218,1111,43,24,40
0x807aff,71.4894%,67,168,235,56,35,32,112
0xb3729b,97.3859%,67,2496,2563,7,36,31,2489
0x8d2560,89.8021%,67,590,657,191,39,28,399
0x812232,87.6838%,67,477,544,116,50,17,361
0x511913,92.3777%,67,812,879,649,18,49,163
0x5430d2,92.8342%,67,868,935,557,22,45,311
0xa91ad1,81.5427%,67,296,363,0,0,67,296
0x555d68,93.802%,67,1014,1081,2,54,13,1012
0x64ace1,99.7377%,67,25473,25540,81,41,26,25392
0x7c66a7,65.9898%,67,130,197,2,0,67,128
0x806001,86.2986%,67,422,489,11,30,37,411
0x9f1570,92.3429%,67,808,875,807,57,10,1
0x806eaa,82.9082%,67,325,392,255,27,40,70
0x51165c,99.0888%,67,7286,7353,7286,67,0,0
0x405717,99.6025%,67,16789,16856,0,0,67,16789
0x819ba5,92.0522%,67,776,843,510,51,16,266
0x502251,70.614%,67,161,228,56,41,26,105
0x833a46,69.2661%,67,151,218,45,41,26,106
0x4bbc4b,96.3745%,67,1781,1848,1533,31,36,248
0x542427,97.073%,67,2222,2289,0,0,67,2222
0x60ded1,93.5266%,67,968,1035,968,67,0,0
0x8e8b87,99.3552%,67,10324,10391,10324,67,0,0
0x48eb01,84.1608%,67,356,423,181,46,21,175
0xa3482e,94.8382%,67,1231,1298,207,38,29,1024
0xa33575,97.707%,67,2855,2922,200,42,25,2655
0x8f5aa8,90.6425%,67,649,716,641,42,25,8
0xa59452,68.3962%,67,145,212,145,67,0,0
0x8d271c,85.6838%,67,401,468,35,39,28,366
0xab3660,99.4852%,67,12948,13015,12948,49,18,0
0x9ed26e,88.6824%,67,525,592,94,44,23,431
0x627f4d,94.3268%,67,1114,1181,1114,44,23,0
0x9f4b30,78.1759%,67,240,307,240,67,0,0
0x5fd9d2,99.422%,67,11525,11592,0,0,67,11525
0x50c994,87.2865%,67,460,527,32,55,12,428
0xacfad0,71.3043%,66,164,230,71,24,42,93
0xa2cc0e,92.6009%,66,826,892,391,38,28,435
0x40e398,85.0679%,66,376,442,353,35,31,23
0x8a61fc,93.7912%,66,997,1063,102,52,14,895
0x50454f,91.0811%,66,674,740,575,29,37,99
0x810356,96.0289%,66,1596,1662,885,21,45,711
0xb2fb8d,99.7301%,66,24385,24451,0,0,66,24385
0x54ebfc,96.8526%,66,2031,2097,4,39,27,2027
0x538694,98.1461%,66,3494,3560,0,0,66,3494
0x404ef3,90.5444%,66,632,698,626,48,18,6
0x8119d6,92.1708%,66,777,843,620,26,40,157
0x534a88,64.7059%,66,121,187,31,19,47,90
0x488de5,98.8447%,66,5647,5713,5647,66,0,0
0x9a9220,80.758%,66,277,343,258,20,46,19
0x815195,80%,66,264,330,241,26,40,23
0x54ec1e,96.7868%,66,1988,2054,0,0,66,1988
0x9a99f4,97.631%,66,2720,2786,2720,66,0,0
0x8daddf,97.5574%,66,2636,2702,1958,55,11,678
0x60deef,93.6232%,66,969,1035,320,26,40,649
0xa55e67,59.2593%,66,96,162,33,22,44,63
0x48de68,99.0548%,66,6917,6983,6836,35,31,81
0x9099d0,96.4459%,66,1791,1857,695,36,30,1096
0x90a057,93.5673%,66,960,1026,53,56,10,907
0x48da0c,82.4934%,66,311,377,295,36,30,16
0x49f991,68.5714%,66,144,210,2,43,23,142
0x8aedc1,52.518%,66,73,139,31,50,16,42
0x8ba390,99.3816%,66,10607,10673,10607,66,0,0
0x99d980,48.0315%,66,61,127,0,0,66,61
0x596baf,97.1515%,66,2251,2317,342,44,22,1909
0x80f8a4,94.4257%,66,1118,1184,1098,12,54,20
0x807fa0,61.6279%,66,106,172,75,22,44,31
0x8a464f,89.6063%,66,569,635,0,0,66,569
0xb3258b,93.1889%,66,903,969,903,66,0,0
0x8d3cc9,86.0465%,66,407,473,314,22,44,93
0x59705d,77.4744%,66,227,293,103,48,18,124
0x60b2e1,92.7393%,66,843,909,826,21,45,17
0x9441ef,93.0526%,66,884,950,50,40,26,834
0x5b9c88,64.3243%,66,119,185,101,41,25,18
0x489525,91.2351%,66,687,753,373,6,60,314
0x90a47c,97.1698%,66,2266,2332,2262,26,40,4
0x8e34ba,98.4252%,66,4125,4191,2186,28,38,1939
0x53ee2e,58.2278%,66,92,158,91,63,3,1
0x8ff75a,66.3265%,66,130,196,72,26,40,58
0x7ce465,61.4035%,66,105,171,14,39,27,91
0x4a1c70,95.7171%,66,1475,1541,0,25,41,1475
0x900811,98.2258%,66,3654,3720,69,42,24,3585
0x8e26d6,96.7375%,66,1957,2023,553,40,26,1404
0xa25ed7,93.4847%,66,947,1013,799,26,40,148
0x537af4,96.7679%,66,1976,2042,0,0,66,1976
0x808832,88.2353%,66,495,561,84,42,24,411
0x6387e4,98.2381%,66,3680,3746,0,6,60,3680
0x8f1847,67.3367%,65,134,199,18,42,23,116
0x5429e3,97.1603%,65,2224,2289,2224,65,0,0
0x9a1253,68.2927%,65,140,205,138,65,0,2
0xa23717,62.2093%,65,107,172,71,39,26,36
0x404109,96.9223%,65,2047,2112,1607,30,35,440
0x9abdcb,81.7416%,65,291,356,29,57,8,262
0x50d6cb,88.8508%,65,518,583,49,35,30,469
0xa2739f,92.7697%,65,834,899,587,28,37,247
0x835d7a,59.6273%,65,96,161,19,34,31,77
0xa5ede5,83.9506%,65,340,405,0,0,65,340
0x8d4192,82.4798%,65,306,371,78,46,19,228
0xa5f799,89.6661%,65,564,629,50,43,22,514
0x60b367,79.7508%,65,256,321,256,65,0,0
0xa3043c,70.4545%,65,155,220,24,26,39,131
0x48a0a0,98.3734%,65,3931,3996,20,48,17,3911
0x58ba38,72.9167%,65,175,240,65,30,35,110
0x643555,91.4921%,65,699,764,697,52,13,2
0x4b7835,85.3933%,65,380,445,18,24,41,362
0xa2e022,90.1366%,65,594,659,365,45,20,229
0x8d487a,82.3848%,65,304,369,270,30,35,34
0xa9ce0a,68.8995%,65,144,209,95,49,16,49
0x910ed2,94.6502%,65,1150,1215,109,14,51,1041
0x9091b3,96.4997%,65,1792,1857,693,38,27,1099
0x5fe33e,82.7128%,65,311,376,141,15,50,170
0x78cd75,92.5459%,65,807,872,0,2,63,807
0x48cfc3,96.7205%,65,1917,1982,1912,58,7,5
0x8a5f77,95.1816%,65,1284,1349,1284,65,0,0
0x8c7b2f,96.6234%,65,1860,1925,941,41,24,919
0xa91123,66.6667%,65,130,195,128,63,2,2
0x8dd333,97.1727%,65,2234,2299,1487,34,31,747
0x809db2,89.4822%,65,553,618,14,43,22,539
0x991973,98.6365%,65,4702,4767,4702,65,0,0
0x504bf0,90.7407%,65,637,702,53,6,59,584
0xa2e24a,77.0318%,65,218,283,8,56,9,210
0x8f4bc3,97.4052%,65,2440,2505,2296,33,32,144
0xa91b04,82.0937%,65,298,363,8,50,15,290
0x944f94,87.7127%,65,464,529,334,13,52,130
0x9f52d1,81.3754%,65,284,349,181,41,24,103
0x485fae,89.1667%,65,535,600,535,57,8,0
0x81f158,96.6286%,65,1863,1928,1018,49,16,845
0x8f6eb0,88.0734%,65,480,545,231,45,20,249
0x81cf7d,73.1405%,65,177,242,11,49,16,166
0x819d11,89.6%,65,560,625,560,45,20,0
0x5f796c,81.5341%,65,287,352,12,45,20,275
0x404de0,98.2984%,65,3755,3820,3735,43,22,20
0x48a600,95.5203%,65,1386,1451,1385,21,44,1
0x8da39a,93.7977%,65,983,1048,68,38,27,915
0xa30583,61.7647%,65,105,170,101,65,0,4
0x6094ce,91.8444%,65,732,797,313,58,7,419
0x60b15e,99.0988%,65,7148,7213,7148,65,0,0
0x5fd9db,98.2872%,65,3730,3795,2045,22,43,1685
0xa3bad3,71.4912%,65,163,228,17,37,28,146
0xb2e694,99.5584%,65,14653,14718,14653,19,46,0
0x81c6e5,99.5196%,65,13465,13530,32,38,27,13433
0x8f4a6c,97.4052%,65,2440,2505,2440,65,0,0
0x81e89d,91.9654%,65,744,809,39,38,27,705
0x543960,81.5864%,65,288,353,288,52,13,0
0x59916a,98.5514%,65,4422,4487,4422,65,0,0
0x9f9371,81.1594%,65,280,345,67,13,52,213
0x80dd4d,96.4912%,64,1760,1824,1678,32,32,82
0x9f24eb,64.6409%,64,117,181,36,56,8,81
0xa34032,78.6667%,64,236,300,138,32,32,98
0x50fd9d,99.5136%,64,13093,13157,444,30,34,12649
0xa4667b,73.6626%,64,179,243,10,2,62,169
0x8edbb1,89.3511%,64,537,601,119,33,31,418
0x8bd5a1,99.7359%,64,24171,24235,21368,20,44,2803
0x503e58,79.4212%,64,247,311,237,20,44,10
0x8db893,74.6032%,64,188,252,150,36,28,38
0x9425ea,74.6032%,64,188,252,157,40,24,31
0x9e29f6,65.9574%,64,124,188,124,64,0,0
0x978558,86.0566%,64,395,459,161,11,53,234
0x8a6fa4,95.8603%,64,1482,1546,1469,21,43,13
0x8ed8fe,89.491%,64,545,609,377,43,21,168
0x900709,69.5238%,64,146,210,94,41,23,52
0x8e9223,95.4674%,64,1348,1412,436,53,11,912
0x53d917,96.1608%,64,1603,1667,0,0,64,1603
0x952eef,52.2388%,64,70,134,36,56,8,34
0xa41e11,96.6048%,64,1821,1885,1241,19,45,580
0x66785c,97.4763%,64,2472,2536,2000,51,13,472
0xb2e79a,77.2242%,64,217,281,2,51,13,215
0x5091ce,90.2141%,64,590,654,411,37,27,179
0x5351ab,39.6226%,64,42,106,37,37,27,5
0x834243,76.4706%,64,208,272,84,26,38,124
0x8b9849,99.3909%,64,10443,10507,1,7,57,10442
0x5fb6fa,72.6496%,64,170,234,159,20,44,11
0x53da94,98.6313%,64,4612,4676,4612,64,0,0
0xb313f2,71.5556%,64,161,225,99,40,24,62
0x9f5d65,64.6409%,64,117,181,24,24,40,93
0x8a611e,80.5471%,64,265,329,12,47,17,253
0xa32734,17.9487%,64,14,78,14,64,0,0
0x60020a,91.2088%,64,664,728,18,21,43,646
0x94d9c3,89.6607%,64,555,619,30,37,27,525
0xb1485e,98.4969%,64,4194,4258,3415,19,45,779
0x810722,91.3747%,64,678,742,0,0,64,678
0x488a4e,82.1229%,64,294,358,245,30,34,49
0x90094d,88.9081%,64,513,577,234,24,40,279
0x80c2d9,72.9958%,64,173,237,3,30,34,170
0xb2ff99,97.6719%,64,2685,2749,115,25,39,2570
0x80ed56,94.041%,64,1010,1074,526,22,42,484
0xaa11dc,74.2972%,64,185,249,155,40,24,30
0x5f05ec,82.7493%,64,307,371,218,26,38,89
0x9f0d8b,66.3158%,64,126,190,57,38,26,69
0x97842a,91.7949%,64,716,780,269,34,30,447
0x485c15,77.0609%,64,215,279,211,63,1,4
0xa4957f,87.3518%,64,442,506,56,46,18,386
0xa429d8,97.7832%,64,2823,2887,2813,46,18,10
0x40e3bb,85.4875%,64,377,441,15,28,36,362
0x54eb1a,7.24638%,64,5,69,5,64,0,0
0x4bba39,79.7468%,64,252,316,189,15,49,63
0x82241d,84.7981%,64,357,421,149,37,27,208
0x81d372,82.4022%,63,295,358,145,37,26,150
0x8dd83f,97.2597%,63,2236,2299,1668,22,41,568
0x4c5273,80.1887%,63,255,318,235,56,7,20
0xa92d3f,72.1239%,63,163,226,126,22,41,37
0x8bb3bf,98.1627%,63,3366,3429,2995,43,20,371
0xa94905,85.9375%,63,385,448,360,36,27,25
0x40296b,99.3441%,63,9542,9605,9542,63,0,0
0x5b028d,87.6471%,63,447,510,0,0,63,447
0xa91c2c,54.0146%,63,74,137,13,23,40,61
0x819631,85.8744%,63,383,446,383,45,18,0
0x4bc56b,95.1982%,63,1249,1312,129,58,5,1120
0x4b4a78,79.2079%,63,240,303,6,46,17,234
0x8ed328,98.6434%,63,4581,4644,4580,55,8,1
0x970ed7,96.4666%,63,1720,1783,256,41,22,1464
0x976dd6,95.7143%,63,1407,1470,1400,36,27,7
0x8da1b3,83.1099%,63,310,373,190,31,32,120
0x59047c,92.125%,63,737,800,0,0,63,737
0x63ebc9,97.7644%,63,2755,2818,2755,63,0,0
0x8bb3e1,86.1233%,63,391,454,367,57,6,24
0x9c386f,82.2034%,63,291,354,291,63,0,0
0x8ba0ce,99.3486%,63,9609,9672,149,42,21,9460
0xa319b1,70.8333%,63,153,216,3,0,63,150
0x8f48d8,98.7005%,63,4785,4848,155,35,28,4630
0x8157fe,90.8696%,63,627,690,238,18,45,389
0x50da17,93.4647%,63,901,964,359,18,45,542
0x8350ae,98.6437%,63,4582,4645,4582,63,0,0
0xa45076,64.2045%,63,113,176,10,25,38,103
0x4043b3,97.3596%,63,2323,2386,314,31,32,2009
0x90efcf,93.4715%,63,902,965,734,31,32,168
0x4bb2b4,85.7788%,63,380,443,338,33,30,42
0x591212,78.2007%,63,226,289,169,22,41,57
0xa3a35d,94.8233%,63,1154,1217,846,24,39,308
0xa45485,91.0256%,63,639,702,0,13,50,639
0xb3ab1c,97.7644%,63,2755,2818,2424,48,15,331
0x8108dd,86.5385%,63,405,468,32,42,21,373
0x53c642,93.617%,63,924,987,221,25,38,703
0x805177,80.9091%,63,267,330,20,43,20,247
0x9eb7c6,68.0203%,63,134,197,3,29,34,131
0xa91d12,78.8591%,63,235,298,8,41,22,227
0xb0b404,98.2852%,63,3611,3674,3611,63,0,0
0x9aba4a,72.7273%,63,168,231,168,63,0,0
0x541a8a,93.591%,63,920,983,100,49,14,820
0x8d278c,95.7114%,63,1406,1469,1405,61,2,1
0x51a77d,98.0687%,63,3199,3262,3199,63,0,0
0x50238a,82.9268%,63,306,369,6,29,34,300
0x8d419e,74.4939%,63,184,247,181,36,27,3
0x8ef213,68.5%,63,137,200,81,32,31,56
0x807f55,88.6691%,63,493,556,5,47,16,488
0x538d40,84.5966%,63,346,409,343,40,23,3
0xb2dfdc,78.2007%,63,226,289,14,34,29,212
0x8e1784,99.4378%,63,11142,11205,11010,23,40,132
0x805ed6,89.6721%,63,547,610,369,35,28,178
0xa34045,79%,63,237,300,67,44,19,170
0xa55456,59.0909%,63,91,154,0,0,63,91
0x80fb95,62.5%,63,105,168,63,35,28,42
0x8ebadb,88.3239%,62,469,531,225,49,13,244
0x5436f3,77.7778%,62,217,279,93,48,14,124
0x48db4d,96.6541%,62,1791,1853,41,42,20,1750
0x50be34,89.3103%,62,518,580,49,2,60,469
0x8a972f,95.7823%,62,1408,1470,100,8,54,1308
0xa5563a,84.7666%,62,345,407,288,42,20,57
0x959078,91.0405%,62,630,692,573,42,20,57
0x5c6aad,98.4688%,62,3987,4049,0,0,62,3987
0x5f820a,89.3836%,62,522,584,392,46,16,130
0x811d33,88.6029%,62,482,544,118,48,14,364
0x9c4236,81.3253%,62,270,332,97,42,20,173
0x9e750b,93.5146%,62,894,956,339,13,49,555
0x5ffb7c,64.3678%,62,112,174,98,30,32,14
0x5fe63f,86.2832%,62,390,452,318,29,33,72
0x40570e,99.6322%,62,16794,16856,0,0,62,16794
0x41011a,99.4594%,62,11406,11468,0,0,62,11406
0x5f859c,96.742%,62,1841,1903,1642,18,44,199
0x9e83fb,85.2029%,62,357,419,23,18,44,334
0x8ee167,89.6839%,62,539,601,156,14,48,383
0x509cf6,96.1371%,62,1543,1605,445,46,16,1098
0x49ae82,80.1917%,62,251,313,246,28,34,5
0x9177b8,67.0213%,62,126,188,126,62,0,0
0x90b336,93.5484%,62,899,961,735,33,29,164
0x8dc323,97.3032%,62,2237,2299,642,26,36,1595
0x40e383,90.6486%,62,601,663,180,41,21,421
0x904006,68.3673%,62,134,196,111,42,20,23
0xa330e3,78.169%,62,222,284,96,26,36,126
0x900193,99.2333%,62,8025,8087,217,33,29,7808
0xa0306f,61.25%,62,98,160,53,44,18,45
0x541792,54.4118%,62,74,136,0,0,62,74
0x8196c6,94.2539%,62,1017,1079,79,48,14,938
0x5f05e4,86.551%,62,399,461,61,29,33,338
0x8a46aa,90.2362%,62,573,635,573,62,0,0
0xb2e6be,99.7083%,62,21192,21254,6513,23,39,14679
0x811778,98.5858%,62,4322,4384,3730,36,26,592
0x541d12,94.5946%,62,1085,1147,42,38,24,1043
0x8da381,98.3761%,62,3756,3818,3756,33,29,0
0x4c1bb0,87.9377%,62,452,514,294,20,42,158
0x8f4af6,98.7945%,62,5081,5143,2581,57,5,2500
0x507c15,89.1986%,62,512,574,106,30,32,406
0x59c98d,61.7284%,62,100,162,39,43,19,61
0x533b93,89.9023%,62,552,614,0,0,62,552
0x40df72,99.5833%,62,14816,14878,14803,18,44,13
0x90ab02,93.5484%,62,899,961,737,29,33,162
0x5522b7,96.9563%,62,1975,2037,8,41,21,1967
0x9e0887,86.7679%,61,400,461,66,11,50,334
0x58eb95,98.8328%,61,5165,5226,73,19,42,5092
0x8f4527,94.9461%,61,1146,1207,580,34,27,566
0x65ba7f,98.667%,61,4515,4576,4467,41,20,48
0x81a2ad,92.6239%,61,766,827,300,29,32,466
0x512bce,98.9406%,61,5697,5758,820,41,20,4877
0x5fed51,88.2239%,61,457,518,348,37,24,109
0x8def04,93.9723%,61,951,1012,563,27,34,388
0x590854,97.1641%,61,2090,2151,1825,49,12,265
0xa02792,95.7163%,61,1363,1424,0,35,26,1363
0x8ecb50,95.0687%,61,1176,1237,222,47,14,954
0x511f18,98.4994%,61,4004,4065,3810,43,18,194
0x40218a,98.8687%,61,5331,5392,0,0,61,5331
0x6041ee,56.4286%,61,79,140,62,17,44,17
0x8f148d,93.4829%,61,875,936,436,49,12,439
0x5012c0,98.4627%,61,3907,3968,1875,43,18,2032
0x534de1,97.9934%,61,2979,3040,11,45,16,2968
0x677c9b,79.2517%,61,233,294,119,49,12,114
0x53a330,86.5044%,61,391,452,378,11,50,13
0x9026de,94.9167%,61,1139,1200,1131,39,22,8
0xa02a51,80.2589%,61,248,309,83,27,34,165
0xa359f8,98.1271%,61,3196,3257,3180,45,16,16
0x9fe2cd,65.1429%,61,114,175,18,13,48,96
0x8e2697,99.4556%,61,11144,11205,5870,60,1,5274
0x638d3c,65.9218%,61,118,179,69,30,31,49
0x8bc939,98.8873%,61,5421,5482,157,37,24,5264
0x4a0234,75.9843%,61,193,254,105,11,50,88
0x5b2339,74.5833%,61,179,240,167,32,29,12
0x51b58b,95.2044%,61,1211,1272,0,0,61,1211
0xa31685,85.0123%,61,346,407,343,26,35,3
0x8a539a,95.4681%,61,1285,1346,1285,55,6,0
0xad7efe,96.4097%,61,1638,1699,1638,61,0,0
0x816cb9,95.0607%,61,1174,1235,970,25,36,204
0x9a1da2,74.2616%,61,176,237,92,19,42,84
0x60dc0d,82.6705%,61,291,352,57,21,40,234
0x48e77f,98.6332%,61,4402,4463,4402,17,44,0
0x9f2020,72.0183%,61,157,218,24,43,18,133
0x80e82e,78.8194%,61,227,288,159,27,34,68
0x554871,94.714%,61,1093,1154,204,43,18,889
0xa511d6,64.1176%,61,109,170,107,7,54,2
0x9aa674,68.0628%,61,130,191,86,41,20,44
0x807fe1,64.5349%,61,111,172,63,33,28,48
0xa9c583,69.3467%,61,138,199,132,56,5,6
0x602d3e,92.9804%,61,808,869,803,29,32,5
0x51b845,95.7372%,61,1370,1431,454,17,44,916
0x643297,94.6208%,61,1073,1134,1056,44,17,17
0x8e2fa6,96.9145%,61,1916,1977,1650,16,45,266
0x5344b9,99.3197%,61,8906,8967,8906,61,0,0
0x49ff38,98.6661%,61,4512,4573,397,41,20,4115
0x8dea11,69.5%,61,139,200,32,38,23,107
0x8aed9b,69.1919%,61,137,198,120,19,42,17
0x8ec3d7,91.0819%,61,623,684,125,41,20,498
0xa45ab3,76.2646%,61,196,257,3,29,32,193
0x5fdaba,93.2819%,61,847,908,786,16,45,61
0x8fdce2,92.0157%,61,703,764,351,33,28,352
0xa18022,84.7118%,61,338,399,21,39,22,317
0x53deb8,88.403%,61,465,526,74,45,16,391
0xa2a8e7,74.5833%,61,179,240,41,25,36,138
0x8a3463,87.6016%,61,431,492,431,57,4,0
0xb3241d,93.7049%,61,908,969,0,0,61,908
0xa5f91c,87.4227%,61,424,485,8,24,37,416
0x803f6d,76.8939%,61,203,264,0,0,61,203
0x49c8cb,62.8049%,61,103,164,85,28,33,18
0x952462,77.4074%,61,209,270,197,18,43,12
0x54103b,99.5762%,60,14099,14159,14090,40,20,9
0x9a72a0,82.7089%,60,287,347,284,39,21,3
0x4a9728,57.7465%,60,82,142,43,39,21,39
0x541b8f,89.7611%,60,526,586,100,41,19,426
0x48a74e,94.8007%,60,1094,1154,1094,60,0,0
0x54ffc4,87.2611%,60,411,471,406,48,12,5
0x9e2615,90.0662%,60,544,604,40,45,15,504
0x48b14b,67.033%,60,122,182,104,31,29,18
0x640267,98.719%,60,4624,4684,2329,13,47,2295
0xa54e4f,61.5385%,60,96,156,66,29,31,30
0x917751,82.8571%,60,290,350,121,41,19,169
0xa42170,94.1003%,60,957,1017,599,42,18,358
0x49a681,92.7624%,60,769,829,221,46,14,548
0x4fdb22,91.0714%,60,612,672,365,24,36,247
0x9f3306,74.026%,60,171,231,33,38,22,138
0xa2f4c4,77.0115%,60,201,261,98,13,47,103
0x50d39e,95.0617%,60,1155,1215,656,60,0,499
0xa328ee,55.2239%,60,74,134,25,37,23,49
0x5080a3,84.6939%,60,332,392,88,48,12,244
0x50d922,89.7084%,60,523,583,515,30,30,8
0x5462b3,82.8571%,60,290,350,0,0,60,290
0x977629,96.3724%,60,1594,1654,237,41,19,1357
0x9842fa,58.9041%,60,86,146,23,49,11,63
0x50d728,85.1852%,60,345,405,211,42,18,134
0x8ef4c3,80.1325%,60,242,302,116,28,32,126
0x40f673,99.1268%,60,6811,6871,6811,60,0,0
0xa2e834,87.2068%,60,409,469,82,38,22,327
0x8e47bd,92.966%,60,793,853,460,20,40,333
0xa36828,86.3946%,60,381,441,21,32,28,360
0xa5c557,67.5676%,60,125,185,21,53,7,104
0x554cff,78.7986%,60,223,283,130,26,34,93
0x49157a,62.0253%,60,98,158,38,38,22,60
0x5c6cbe,96.4029%,60,1608,1668,1061,24,36,547
0xa3416e,73.3333%,60,165,225,105,26,34,60
0x5cf576,96.7427%,60,1782,1842,152,32,28,1630
0x59083c,97.2464%,60,2119,2179,1,27,33,2118
0x4a775f,95.702%,60,1336,1396,0,33,27,1336
0x510eaa,97.5659%,60,2405,2465,2278,56,4,127
0x8fcf01,88.1657%,60,447,507,0,0,60,447
0x65a283,98.9293%,60,5544,5604,1857,11,49,3687
0x64aefe,99.7375%,60,22800,22860,1062,18,42,21738
0x80f59c,89.1697%,60,494,554,110,34,26,384
0x8e1203,98.5134%,60,3976,4036,16,0,60,3960
0xa97530,58.042%,60,83,143,44,21,39,39
0x8dfe06,90.7407%,60,588,648,240,46,14,348
0x8a2854,78.6477%,60,221,281,114,36,24,107
0x9f6c51,87.5519%,60,422,482,241,10,50,181
0x9a740c,88.9706%,60,484,544,481,53,7,3
0x8044c9,77.2727%,60,204,264,199,37,23,5
0x9fe25a,65.7143%,60,115,175,50,35,25,65
0x403f46,97.3696%,60,2221,2281,1604,32,28,617
0x811ea5,97.5083%,60,2348,2408,1639,40,20,709
0x8b9570,92.9577%,60,792,852,792,60,0,0
0x5023fa,73.0942%,60,163,223,163,60,0,0
0x8a7460,69.3878%,60,136,196,5,47,13,131
0x9018e1,88.5714%,60,465,525,76,38,22,389
0x90c877,97.2628%,60,2132,2192,2088,26,34,44
0x49eda9,95.8649%,60,1391,1451,1391,37,23,0
0x64308a,82.5581%,60,284,344,0,0,60,284
0x80446c,84.7716%,60,334,394,302,17,43,32
0xa4ba37,76.7442%,60,198,258,146,48,12,52
0x40e6a7,96.5497%,60,1679,1739,1639,17,43,40
0xaa4881,59.7315%,60,89,149,54,32,28,35
0x4043a6,97.3845%,60,2234,2294,0,0,60,2234
0x9a705c,41.7476%,60,43,103,43,60,0,0
0x9dffee,94.4134%,60,1014,1074,317,24,36,697
0x8fdca3,92.1466%,60,704,764,704,60,0,0
0x9016cf,95%,60,1140,1200,1140,60,0,0
0x511643,99.2669%,60,8124,8184,16,13,47,8108
0xb0d281,90.991%,60,606,666,562,19,41,44
0xa95cca,92.7096%,60,763,823,684,54,6,79
0x81e924,97.7901%,60,2655,2715,2606,33,27,49
0xa02423,88.8683%,60,479,539,0,0,60,479
0x5b0df1,97.7545%,60,2612,2672,0,0,60,2612
0x8fe5a9,85.6115%,60,357,417,0,0,60,357
0xa35e8d,90.7524%,59,579,638,225,15,44,354
0x81b09a,75%,59,177,236,5,27,32,172
0x4fd923,96.776%,59,1771,1830,1771,9,50,0
0x40e765,96.3354%,59,1551,1610,1551,59,0,0
0x8dc209,96.3826%,59,1572,1631,727,19,40,845
0x906d86,69.898%,59,137,196,24,33,26,113
0x8df13c,98.2314%,59,3277,3336,3277,52,7,0
0xb2e5e3,99.7983%,59,29190,29249,0,0,59,29190
0x5068f0,92.027%,59,681,740,618,36,23,63
0x5529f6,95.8156%,59,1351,1410,0,0,59,1351
0x9f0c31,68.9474%,59,131,190,0,0,59,131
0x4bc6a3,71.0784%,59,145,204,90,18,41,55
0xa51bb0,50.8333%,59,61,120,22,57,2,39
0x537a82,91.9946%,59,678,737,675,56,3,3
0x80e50b,93.0012%,59,784,843,735,25,34,49
0x51158d,98.8418%,59,5035,5094,1892,42,17,3143
0x9778e0,88.0567%,59,435,494,371,16,43,64
0xa941ab,71.4976%,59,148,207,148,59,0,0
0x4c5231,82.5959%,59,280,339,280,59,0,0
0x9ed2ff,90.0338%,59,533,592,87,51,8,446
0x534447,98.9719%,59,5680,5739,4,32,27,5676
0xb32263,99.7939%,59,28569,28628,0,0,59,28569
0x903ed2,88.8889%,59,472,531,450,29,30,22
0x510faa,97.5889%,59,2388,2447,0,0,59,2388
0x8b968a,99.7114%,59,20381,20440,4,2,57,20377
0x9a7d36,85.5746%,59,350,409,301,31,28,49
0x80dcd0,95.2951%,59,1195,1254,91,31,28,1104
0x5f1111,80.719%,59,247,306,239,48,11,8
0x8ff699,75.2101%,59,179,238,28,43,16,151
0x8e4487,96.9367%,59,1867,1926,571,44,15,1296
0x54652f,93.5022%,59,849,908,306,44,15,543
0xb245e2,99.5042%,59,11840,11899,11840,59,0,0
0x5fd6a8,96.1564%,59,1476,1535,1476,51,8,0
0x9745e6,77.9026%,59,208,267,96,19,40,112
0x63ebf8,97.9063%,59,2759,2818,1835,22,37,924
0x9aa686,93.559%,59,857,916,503,45,14,354
0x781fd7,98.4715%,59,3801,3860,2836,44,15,965
0x9aba23,74.4589%,59,172,231,85,32,27,87
0x9082b5,97.2533%,59,2089,2148,1435,29,30,654
0x9f683f,84.1823%,59,314,373,56,24,35,258
0x64a4d4,44.3396%,59,47,106,0,0,59,47
0x9e7515,90.2318%,59,545,604,269,42,17,276
0x4bf1d0,93.6559%,59,871,930,34,22,37,837
0x54834f,99.5431%,59,12855,12914,12855,55,4,0
0xa35dd2,86.8304%,59,389,448,377,41,18,12
0x502cbb,97.2596%,59,2094,2153,743,45,14,1351
0x4b6291,61.9355%,59,96,155,72,34,25,24
0x60dda9,91.5473%,59,639,698,137,35,24,502
0x81cedd,67.5824%,59,123,182,94,28,31,29
0x40364f,92.716%,59,751,810,751,59,0,0
0x54f586,98.0637%,59,2988,3047,2,47,12,2986
0xa6091f,88.0808%,59,436,495,273,32,27,163
0x51b09b,80.5281%,59,244,303,5,47,12,239
0xb0b00d,66.6667%,59,118,177,54,18,41,64
0x80f6b1,60.8108%,58,90,148,25,43,15,65
0x8d421c,84.2818%,58,311,369,279,21,37,32
0x8fefa4,83.5694%,58,295,353,0,0,58,295
0x4873f4,74.6725%,58,171,229,60,31,27,111
0x91169d,71.1443%,58,143,201,44,33,25,99
0x8d3c75,88.8889%,58,464,522,343,26,32,121
0x8040a3,59.7222%,58,86,144,11,45,13,75
0x816073,70.1031%,58,136,194,31,31,27,105
0x485d3f,81.0458%,58,248,306,67,37,21,181
0xa60c70,75.5274%,58,179,237,179,58,0,0
0xa04f97,61.0738%,58,91,149,19,38,20,72
0x9ea44f,80.9211%,58,246,304,4,18,40,242
0x4a78cf,94.2289%,58,947,1005,943,25,33,4
0x5059de,66.8571%,58,117,175,60,22,36,57
0xa9da73,73.991%,58,165,223,79,24,34,86
0x9e3f7a,80.8581%,58,245,303,20,32,26,225
0xa41a48,98.5005%,58,3810,3868,947,34,24,2863
0x5074a4,54.6875%,58,70,128,62,47,11,8
0x81f3c8,95.1096%,58,1128,1186,752,48,10,376
0x47f4f1,94.9301%,58,1086,1144,15,35,23,1071
0x9ee188,63.9752%,58,103,161,73,26,32,30
0x4bcc3b,67.7778%,58,122,180,31,45,13,91
0x49fbac,86.2884%,58,365,423,365,58,0,0
0x5f5284,99.3866%,58,9398,9456,5594,24,34,3804
0xa5f57a,74.7826%,58,172,230,29,27,31,143
0x4bb200,79.3594%,58,223,281,173,19,39,50
0x552a73,95.8865%,58,1352,1410,97,29,29,1255
0x8b972f,99.7162%,58,20382,20440,20382,58,0,0
0x7f0430,65.4762%,58,110,168,80,23,35,30
0x8a518a,88.6719%,58,454,512,454,56,2,0
0x4994df,77.6923%,58,202,260,0,0,58,202
0x66d3f8,96.9442%,58,1840,1898,58,27,31,1782
0x55796a,88.7597%,58,458,516,216,4,54,242
0xb301a1,88.6719%,58,454,512,294,40,18,160
0x63ec0d,93.9646%,58,903,961,186,44,14,717
0x4021b8,97.0648%,58,1918,1976,0,0,58,1918
0x9a3254,72.8972%,58,156,214,112,27,31,44
0x9fb648,81.0458%,58,248,306,39,21,37,209
0x552228,97.1527%,58,1979,2037,0,0,58,1979
0x489d55,98.5485%,58,3938,3996,24,44,14,3914
0xa4a762,73.0233%,58,157,215,154,38,20,3
0xb3ab46,97.9418%,58,2760,2818,2746,37,21,14
0xa516f0,56.7164%,58,76,134,59,35,23,17
0x410394,89.8246%,58,512,570,175,15,43,337
0x50a0b1,72.6415%,58,154,212,111,25,33,43
0x8209b7,98.8982%,58,5206,5264,5206,47,11,0
0x51047a,95.122%,58,1131,1189,87,27,31,1044
0x511da9,96.0864%,58,1424,1482,1262,29,29,162
0xaab22e,98.2748%,58,3304,3362,6,6,52,3298
0x9f3f17,82.0988%,58,266,324,109,9,49,157
0x4885af,98.1558%,58,3087,3145,0,0,58,3087
0x82141a,94.6593%,58,1028,1086,8,8,50,1020
0x5928d1,96.5599%,58,1628,1686,9,0,58,1619
0x59bb9c,97.3098%,58,2098,2156,2098,58,0,0
0x8e47d9,97.4772%,58,2241,2299,577,46,12,1664
0x5419de,94.5996%,58,1016,1074,981,42,16,35
0x51152f,98.8614%,58,5036,5094,483,38,20,4553
0xa9ea20,74.3363%,58,168,226,23,35,23,145
0x51028a,96.1178%,58,1436,1494,1093,33,25,343
0x53b930,85.8191%,58,351,409,350,33,25,1
0x54f0e8,53.2258%,58,66,124,38,43,15,28
0x8bb1cb,87.2807%,58,398,456,30,17,41,368
0x5343f7,99.3517%,58,8888,8946,14,27,31,8874
0x558da7,80.6667%,58,242,300,195,30,28,47
0xa35f22,86.4286%,57,363,420,66,23,34,297
0x94b386,89.8936%,57,507,564,132,26,31,375
0x5456a2,94.5817%,57,995,1052,29,9,48,966
0x9e26cf,93.3721%,57,803,860,180,25,32,623
0xb3ab2d,97.9773%,57,2761,2818,2710,19,38,51
0x559022,85.347%,57,332,389,5,39,18,327
0x80e9a0,89.1635%,57,469,526,6,24,33,463
0xa55068,80.9365%,57,242,299,0,8,49,242
0x8c7e1f,92.7017%,57,724,781,338,20,37,386
0xa5ee5b,89.1635%,57,469,526,466,32,25,3
0x5f848b,90.2397%,57,527,584,423,15,42,104
0x542322,73.9726%,57,162,219,162,57,0,0
0x4886af,92.0613%,57,661,718,0,2,55,661
0x55489b,96.7373%,57,1690,1747,511,18,39,1179
0x49b093,82.1875%,57,263,320,14,29,28,249
0x55926e,92.5781%,57,711,768,1,42,15,710
0x51129e,98.7787%,57,4610,4667,4610,57,0,0
0x50118e,43%,57,43,100,43,57,0,0
0x80dea6,82.9341%,57,277,334,72,42,15,205
0x952aa9,87.5%,57,399,456,399,57,0,0
0x8195ba,84.2975%,57,306,363,5,29,28,301
0x4b598c,97.1698%,57,1957,2014,1949,27,30,8
0x5bb3de,95.5573%,57,1226,1283,1,32,25,1225
0xa3045b,78.8889%,57,213,270,114,30,27,99
0x81682a,72.9858%,57,154,211,20,32,25,134
0xa30935,66.4706%,57,113,170,50,35,22,63
0x4fd937,96.7978%,57,1723,1780,35,39,18,1688
0x410ba7,90.938%,57,572,629,16,38,19,556
0xa43852,84.3407%,57,307,364,171,32,25,136
0x49ec30,82.2981%,57,265,322,125,36,21,140
0x81f6e2,96.4618%,57,1554,1611,1554,57,0,0
0x8ea11f,97.696%,57,2417,2474,2417,57,0,0
0x610d7e,99.4349%,57,10030,10087,10030,57,0,0
0x50136b,96.464%,57,1555,1612,0,0,57,1555
0x5baf2e,80.4795%,57,235,292,78,24,33,157
0x5b027f,88.8235%,57,453,510,0,0,57,453
0x81cadf,68.6813%,57,125,182,83,39,18,42
0x9a760e,89.8577%,57,505,562,505,39,18,0
0x4098da,81.4935%,57,251,308,238,7,50,13
0x51b500,95.5189%,57,1215,1272,1215,38,19,0
0x4036b6,92.7939%,57,734,791,52,19,38,682
0x8d2727,85.533%,57,337,394,94,36,21,243
0x81e4e5,97.3062%,57,2059,2116,2054,16,41,5
0x8ffbc0,96.6841%,57,1662,1719,0,4,53,1662
0x48bd43,60.1399%,57,86,143,18,25,32,68
0x4a7ac8,88.932%,57,458,515,0,0,57,458
0xa33a6e,89.8396%,57,504,561,381,28,29,123
0x494924,72.7273%,57,152,209,48,38,19,104
0xaa4731,76.7347%,57,188,245,0,0,57,188
0x48c8af,94.1538%,57,918,975,918,47,10,0
0x8e4653,93.3177%,57,796,853,370,3,54,426
0x4994e4,78.0769%,57,203,260,163,37,20,40
0x8ee2be,68.8525%,57,126,183,21,32,25,105
0x5fd958,99.0061%,57,5678,5735,0,0,57,5678
0x53ab34,43%,57,43,100,42,11,46,1
0x48e6ed,99.1658%,57,6776,6833,6776,57,0,0
0x8dad1f,63.2258%,57,98,155,16,46,11,82
0x81e6e3,69.3548%,57,129,186,19,28,29,110
0x9a64fe,67.6136%,57,119,176,0,0,57,119
0x502bd7,98.4477%,57,3615,3672,0,13,44,3615
0x503cf4,72.8571%,57,153,210,132,26,31,21
0xa55420,63.4615%,57,99,156,87,18,39,12
0x8de807,60.9589%,57,89,146,41,27,30,48
0x7b6f16,59.5745%,57,84,141,84,57,0,0
0x8d3cf3,94.9824%,57,1079,1136,137,32,25,942
0x54f878,97.2249%,57,1997,2054,1990,21,36,7
0x4050bb,98.4714%,57,3672,3729,3672,36,21,0
0x8f0ce3,90.6404%,57,552,609,386,31,26,166
0x8fd9c8,82.3529%,57,266,323,46,19,38,220
0x8f54d6,97.6495%,57,2368,2425,697,25,32,1671
0x9ead69,68.5083%,57,124,181,49,23,34,75
0x4045a9,74.5536%,57,167,224,0,0,57,167
0x487244,75.1092%,57,172,229,75,16,41,97
0x90e0e1,90.9953%,57,576,633,573,30,27,3
0x4464ca,97.776%,57,2506,2563,1925,51,6,581
0x80f53f,97.9759%,57,2759,2816,2630,10,47,129
0x5ffe30,71.6418%,57,144,201,55,17,40,89
0x902972,88.8672%,57,455,512,402,34,23,53
0x8a252f,79.7153%,57,224,281,224,57,0,0
0x9ea692,66.4671%,56,111,167,25,14,42,86
0x5074c8,55.5556%,56,70,126,70,56,0,0
0x9f5d77,57.8947%,56,77,133,66,45,11,11
0x809e5a,73.4597%,56,155,211,70,32,24,85
0x50d64c,95.1766%,56,1105,1161,1072,10,46,33
0x499c94,59.7122%,56,83,139,39,14,42,44
0xa553a4,75.4386%,56,172,228,75,39,17,97
0x60b388,82.5545%,56,265,321,166,15,41,99
0x8bd7e8,97.4038%,56,2101,2157,2086,51,5,15
0x8a668d,63.1579%,56,96,152,8,46,10,88
0x404716,90.9968%,56,566,622,561,53,3,5
0x902d72,93.578%,56,816,872,798,52,4,18
0x8d2739,85.7868%,56,338,394,338,55,1,0
0x900231,91.6293%,56,613,669,15,32,24,598
0x60df96,67.8161%,56,118,174,49,27,29,69
0x50197f,96.6285%,56,1605,1661,557,12,44,1048
0xa3409c,75.1111%,56,169,225,153,47,9,16
0xb0ad23,89.9099%,56,499,555,5,30,26,494
0x94d9cc,89.8551%,56,496,552,385,26,30,111
0x8a2aba,84%,56,294,350,289,45,11,5
0x8e1519,97.1859%,56,1934,1990,0,0,56,1934
0xa039d9,71.2821%,56,139,195,34,42,14,105
0x544412,75%,56,168,224,78,14,42,90
0xa2f236,65.8537%,56,108,164,40,45,11,68
0x8184d4,61.6438%,56,90,146,81,5,51,9
0x53d909,96.6407%,56,1611,1667,1611,56,0,0
0xa310a5,71.134%,56,138,194,0,0,56,138
0x4ba304,93.7984%,56,847,903,530,45,11,317
0xaa630d,88.9546%,56,451,507,451,56,0,0
0x556e62,86.6667%,56,364,420,294,21,35,70
0x90ad82,94.1727%,56,905,961,771,41,15,134
0x81a874,92.6413%,56,705,761,9,29,27,696
0x510c55,83.432%,56,282,338,51,36,20,231
0xaa135c,67.2515%,56,115,171,20,44,12,95
0xa49f8d,93.3333%,56,784,840,189,13,43,595
0x557a4e,74.5455%,56,164,220,158,25,31,6
0x4ba67a,84.9866%,56,317,373,20,11,45,297
0x4b5c80,66.4671%,56,111,167,81,33,23,30
0x9014e6,97.405%,56,2102,2158,124,14,42,1978
0x66f7fb,57.8947%,56,77,133,77,56,0,0
0xa2f2dd,71.134%,56,138,194,49,52,4,89
0x9c398f,56.5891%,56,73,129,26,32,24,47
0x8f591b,97.856%,56,2556,2612,2556,56,0,0
0x403b48,96.7798%,56,1683,1739,1098,46,10,585
0x8116a7,90.9385%,56,562,618,34,24,32,528
0x90023a,90.9968%,56,566,622,2,5,51,564
0x90a7ef,63.3987%,56,97,153,70,26,30,27
0x7b6366,60.2837%,56,85,141,47,49,7,38
0x905aad,81.2081%,56,242,298,242,56,0,0
0x4fdc32,84.7411%,56,311,367,297,37,19,14
0x4a1d21,96.366%,56,1485,1541,1485,56,0,0
0x609ea7,90.8646%,56,557,613,211,49,7,346
0x65a3c0,97.6038%,56,2281,2337,1588,43,13,693
0x54f3c7,94.3888%,56,942,998,942,34,22,0
0x8b9a37,99.6094%,56,14280,14336,3,36,20,14277
0x815a07,59.7122%,56,83,139,32,23,33,51
0x901633,93.5409%,56,811,867,779,16,40,32
0x5fbe04,70.0535%,56,131,187,41,34,22,90
0x81a325,93.2285%,56,771,827,771,56,0,0
0xa54270,84.2254%,56,299,355,72,30,26,227
0x40f514,99.8969%,56,54258,54314,54258,56,0,0
0x8ebdfd,94.2623%,56,920,976,918,40,16,2
0x5f86a4,66.4671%,56,111,167,75,16,40,36
0xad7f8e,93.9655%,56,872,928,872,56,0,0
0x8ea26d,97.7365%,56,2418,2474,1201,24,32,1217
0x8fd58f,97.6087%,55,2245,2300,0,0,55,2245
0x410b88,92.3611%,55,665,720,95,50,5,570
0x48bf23,94.3005%,55,910,965,910,45,10,0
0xa49491,89.1304%,55,451,506,376,39,16,75
0xa50139,62.8378%,55,93,148,13,44,11,80
0x81d518,69.7802%,55,127,182,93,29,26,34
0x509167,98.7826%,55,4463,4518,4330,52,3,133
0x4bbcc3,57.3643%,55,74,129,74,55,0,0
0x4b5664,71.2042%,55,136,191,41,48,7,95
0x81a390,93.3495%,55,772,827,483,15,40,289
0x78181d,64.2857%,55,99,154,21,20,35,78
0x904104,94.2044%,55,894,949,894,55,0,0
0x5c32d4,75.9825%,55,174,229,146,45,10,28
0x9a9eb7,59.854%,55,82,137,68,43,12,14
0xa523f2,58.9552%,55,79,134,64,28,27,15
0x49b2d7,94.2946%,55,909,964,0,51,4,909
0x4bbb2e,73.0392%,55,149,204,67,34,21,82
0xa25b00,94.5706%,55,958,1013,0,0,55,958
0x48d878,96.9136%,55,1727,1782,0,0,55,1727
0xa5edf7,86.4198%,55,350,405,350,55,0,0
0x5c6b67,98.4624%,55,3522,3577,6,28,27,3516
0x54eac9,56.6929%,55,72,127,72,55,0,0
0x59298c,91.8276%,55,618,673,614,24,31,4
0x9c3926,24.6575%,55,18,73,2,0,55,16
0x9c41c5,83.4337%,55,277,332,277,55,0,0
0x8ffc33,73.8095%,55,155,210,74,37,18,81
0xa35d50,91.6159%,55,601,656,184,24,31,417
0x8e313f,97.218%,55,1922,1977,1922,50,5,0
0xa45f00,54.1667%,55,65,120,53,7,48,12
0x8f5526,96.7704%,55,1648,1703,1648,55,0,0
0x8ef45a,86.5526%,55,354,409,242,23,32,112
0x9f4d27,82.0847%,55,252,307,243,55,0,9
0x610be6,72.9064%,55,148,203,9,36,19,139
0x8bb0ce,86.5526%,55,354,409,354,52,3,0
0x4c4357,60.7143%,55,85,140,59,25,30,26
0xa32ff4,78.1746%,55,197,252,124,18,37,73
0x9a474d,92.0058%,55,633,688,545,40,15,88
0x4bf0ab,94.086%,55,875,930,680,14,41,195
0x9a7660,89.9635%,55,493,548,492,7,48,1
0xa3116b,77.9116%,55,194,249,9,17,38,185
0x4baa6b,81.2925%,55,239,294,51,23,32,188
0x40e212,87.5283%,55,386,441,372,22,33,14
0x4c1b14,90.7718%,55,541,596,496,41,14,45
0x8ee2da,57.6923%,55,75,130,70,15,40,5
0xa903de,86.5854%,55,355,410,355,55,0,0
0x54ed48,96.447%,55,1493,1548,1493,55,0,0
0x4ba436,83.2317%,55,273,328,42,43,12,231
0x8fe211,99.0527%,55,5751,5806,2917,36,19,2834
0x5fe847,90.7563%,55,540,595,160,36,19,380
0x8ef16e,85.1351%,55,315,370,131,47,8,184
0x4b4a64,81.8482%,55,248,303,13,6,49,235
0x8091fa,72.3618%,55,144,199,44,32,23,100
0x780d9a,94.2288%,55,898,953,113,39,16,785
0x485cc5,82.2006%,55,254,309,254,52,3,0
0x94507b,89.603%,55,474,529,28,30,25,446
0x49e724,97.2472%,55,1943,1998,4,38,17,1939
0x54ecfb,98.4357%,55,3461,3516,3426,21,34,35
0xa339fe,95.1284%,55,1074,1129,543,25,30,531
0x638838,98.5318%,55,3691,3746,3691,55,0,0
0x8bcab8,97.4299%,55,2085,2140,1930,9,46,155
0x8c755c,97.1429%,55,1870,1925,956,26,29,914
0x53f2b6,87.1795%,55,374,429,374,55,0,0
0x98cc66,92.2207%,55,652,707,570,35,20,82
0x402215,98.3824%,55,3345,3400,1567,48,7,1778
0x4b68d5,64.5161%,55,100,155,98,8,47,2
0xa02874,83.631%,55,281,336,281,55,0,0
0x533b1b,91.0423%,55,559,614,0,0,55,559
0xa3ba98,84.375%,55,297,352,85,39,16,212
0x40ebd0,96.5035%,55,1518,1573,102,24,31,1416
0x511aad,98.0593%,55,2779,2834,2779,55,0,0
0x643231,85.5643%,55,326,381,0,0,55,326
0x81e675,97.4203%,55,2077,2132,2051,34,21,26
0x488a9e,96.5035%,55,1518,1573,0,0,55,1518
0x80d519,54.1667%,55,65,120,47,41,14,18
0x8e924b,91.5902%,55,599,654,514,51,4,85
0x9ed80f,72.7723%,55,147,202,129,9,46,18
0xa33cd9,95.8955%,55,1285,1340,1051,54,1,234
0x8046d3,79.1667%,55,209,264,162,48,7,47
0x541a70,94.7115%,55,985,1040,22,35,20,963
0xa980e4,63.0872%,55,94,149,13,54,1,81
0x8050a2,83.3333%,55,275,330,28,35,20,247
0x817cbb,83.7758%,55,284,339,36,33,22,248
0x9725a0,75.5656%,54,167,221,165,46,8,2
0x9ab7d3,96.003%,54,1297,1351,0,0,54,1297
0xaa7f62,89.7921%,54,475,529,473,53,1,2
0x9a73b0,86.9565%,54,360,414,360,36,18,0
0x8224c6,89.8687%,54,479,533,35,11,43,444
0xa5953b,73.2673%,54,148,202,139,42,12,9
0x50adfd,60.2941%,54,82,136,38,26,28,44
0x81b0bf,89.6353%,54,467,521,0,0,54,467
0x9c388f,84.7458%,54,300,354,300,54,0,0
0x596bf2,97.6694%,54,2263,2317,2263,54,0,0
0x787ba4,91.248%,54,563,617,561,51,3,2
0x5106d9,99.1212%,54,6091,6145,6091,54,0,0
0xada6ae,99.6543%,54,15568,15622,0,0,54,15568
0x814b35,78.4861%,54,197,251,18,36,18,179
0xae4156,84.5272%,54,295,349,199,28,26,96
0x507c1f,87.6712%,54,384,438,287,15,39,97
0x9484ae,96.2552%,54,1388,1442,1388,54,0,0
0x9fc7f6,75.4545%,54,166,220,0,0,54,166
0x9a9ade,74.4076%,54,157,211,54,36,18,103
0xa5c2c4,70.1657%,54,127,181,29,43,11,98
0x591283,81.3149%,54,235,289,217,29,25,18
0xa56159,70.6522%,54,130,184,10,48,6,120
0x80ffd1,91.9643%,54,618,672,396,36,18,222
0x8a6f9a,87.0504%,54,363,417,7,4,50,356
0x547ea5,90.0917%,54,491,545,489,38,16,2
0x81c57b,84.4828%,54,294,348,149,19,35,145
0xa46bea,76.5217%,54,176,230,1,12,42,175
0x591bb8,64.2384%,54,97,151,66,34,20,31
0x8a348d,89.0244%,54,438,492,433,32,22,5
0x405a93,87.5%,54,378,432,0,0,54,378
0x805183,79.7753%,54,213,267,198,27,27,15
0x67e20b,99.1239%,54,6110,6164,6110,54,0,0
0x811b54,77.3109%,54,184,238,10,24,30,174
0x5b9d4d,70.8108%,54,131,185,90,22,32,41
0x784077,91%,54,546,600,537,46,8,9
0xa31eb1,79.8507%,54,214,268,181,13,41,33
0x8f4878,98.8861%,54,4794,4848,3114,15,39,1680
0x811c5a,88.5593%,54,418,472,12,43,11,406
0x53aba1,92.7322%,54,689,743,0,0,54,689
0x63bba1,95.8557%,54,1249,1303,908,50,4,341
0x8f2a01,92.2857%,54,646,700,312,24,30,334
0x9c4271,83.7349%,54,278,332,278,54,0,0
0x5bda11,97.1904%,54,1868,1922,1868,50,4,0
0x9eedfe,91.1184%,54,554,608,553,29,25,1
0x49ec46,66.4596%,54,107,161,15,28,26,92
0x4baf97,82.6367%,54,257,311,46,53,1,211
0x81faf5,91.5888%,54,588,642,293,26,28,295
0x50d2d1,96.6851%,54,1575,1629,1291,40,14,284
0x40ebe7,94.3809%,54,907,961,827,36,18,80
0x9e0188,94.9721%,54,1020,1074,947,40,14,73
0x80f0bd,89.7727%,54,474,528,7,13,41,467
0x9f43d7,78.4%,54,196,250,122,37,17,74
0xa90435,86.8293%,54,356,410,0,0,54,356
0x8e2ad3,96.0382%,54,1309,1363,199,24,30,1110
0x511a93,96.3439%,54,1423,1477,640,25,29,783
0x97397a,58.7786%,54,77,131,54,41,13,23
0x5fa240,78.6561%,54,199,253,0,0,54,199
0x9a680e,96.388%,54,1441,1495,1316,32,22,125
0x543cef,71.123%,54,133,187,50,25,29,83
0x8fd01e,63.2653%,54,93,147,78,25,29,15
0x5122cd,97.2336%,54,1898,1952,1811,13,41,87
0x4b64d0,65.1613%,54,101,155,60,46,8,41
0x900840,90.6736%,54,525,579,0,0,54,525
0xa52238,64.9351%,54,100,154,32,22,32,68
0x902666,95.5%,54,1146,1200,0,0,54,1146
0x803f57,73.6585%,54,151,205,33,34,20,118
0x403ef5,97.1307%,54,1828,1882,611,15,39,1217
0xaab454,92.7807%,54,694,748,694,54,0,0
0xa54970,88.0531%,54,398,452,65,47,7,333
0xaa4739,77.9592%,54,191,245,30,33,21,161
0x4043e6,97.7368%,54,2332,2386,61,31,23,2271
0x8bcd07,97.7547%,54,2351,2405,14,46,8,2337
0x8a8fd9,96.747%,54,1606,1660,729,49,5,877
0x53f3f2,73.2673%,54,148,202,147,51,3,1
0x65a138,96.309%,54,1409,1463,1393,23,31,16
0x816ce1,95.6275%,54,1181,1235,1181,53,1,0
0x5059af,69.1429%,54,121,175,97,34,20,24
0x610b9d,80.6452%,54,225,279,74,47,7,151
0x9e73c9,86.5%,54,346,400,346,54,0,0
0x60e10f,65.1613%,54,101,155,55,21,33,46
0x8b94c5,97.3327%,53,1934,1987,0,0,53,1934
0x63881f,95.8103%,53,1212,1265,1212,53,0,0
0x403afb,97.6836%,53,2235,2288,1720,19,34,515
0xa45e40,55.0847%,53,65,118,36,34,19,29
0x8e2e5f,96.8434%,53,1626,1679,1425,33,20,201
0xa46c1a,76.9565%,53,177,230,74,22,31,103
0x6389df,95.598%,53,1151,1204,1151,53,0,0
0x5f083c,82.6797%,53,253,306,249,23,30,4
0x544431,59.8485%,53,79,132,15,25,28,64
0x5576d5,89.7287%,53,463,516,39,33,20,424
0x9ed3e7,79.5367%,53,206,259,134,14,39,72
0x541219,99.4876%,53,10291,10344,0,0,53,10291
0xa2cad5,94.0583%,53,839,892,0,0,53,839
0x4bc46c,94.668%,53,941,994,911,43,10,30
0x556e4b,87.381%,53,367,420,62,46,7,305
0x49f660,60.4478%,53,81,134,70,14,39,11
0x7d1acf,94.2454%,53,868,921,193,21,32,675
0x8a8fa3,87.381%,53,367,420,128,12,41,239
0x90ab0f,72.8205%,53,142,195,136,32,21,6
0x5411be,97.4433%,53,2020,2073,2011,39,14,9
0xa02a3b,82.8479%,53,256,309,250,47,6,6
0x8fe3e7,83.9879%,53,278,331,191,22,31,87
0x609ea2,91.354%,53,560,613,0,0,53,560
0x9f442e,68.4524%,53,115,168,0,0,53,115
0x8044ea,79.0514%,53,200,253,169,29,24,31
0xaa7e97,98.1338%,53,2787,2840,0,0,53,2787
0xb314c7,87.4704%,53,370,423,0,0,53,370
0x9f79a2,79.4574%,53,205,258,72,34,19,133
0x9e55b7,68.6391%,53,116,169,59,29,24,57
0x4bbcf4,94.4444%,53,901,954,901,53,0,0
0x5cf3a7,97.212%,53,1848,1901,0,0,53,1848
0x821ebb,63.1944%,53,91,144,0,0,53,91
0x53b030,88.2743%,53,399,452,371,18,35,28
0x9f1750,41.1111%,53,37,90,37,53,0,0
0x51afa7,90.8935%,53,529,582,290,1,52,239
0x833933,75.7991%,53,166,219,72,14,39,94
0x5bbc9b,87.8161%,53,382,435,336,32,21,46
0x548235,99.2239%,53,6776,6829,0,0,53,6776
0x8bca93,94.2641%,53,871,924,755,21,32,116
0x9e7475,86.75%,53,347,400,210,12,41,137
0xaa80cd,89.9811%,53,476,529,476,53,0,0
0x8e37ae,96.8377%,53,1623,1676,874,24,29,749
0x99d9b5,81.0036%,53,226,279,217,25,28,9
0x8bad47,88.0361%,53,390,443,373,52,1,17
0x534556,98.7877%,53,4319,4372,24,22,31,4295
0x9f986c,41.7582%,53,38,91,4,2,51,34
0x8a6ffb,96.3599%,53,1403,1456,136,32,21,1267
0xa5842b,58.9147%,53,76,129,72,47,6,4
0xa35f29,83.9879%,53,278,331,261,20,33,17
0xa394c1,92.6796%,53,671,724,671,53,0,0
0x59299a,92.1248%,53,620,673,12,23,30,608
0x8d2908,98.5574%,53,3621,3674,3426,28,25,195
0xa3a42b,87.0416%,53,356,409,0,10,43,356
0x485de3,82.9582%,53,258,311,255,49,4,3
0x667062,95.8496%,53,1224,1277,1224,53,0,0
0xad7faa,94.2888%,53,875,928,875,53,0,0
0x48f043,58.9147%,53,76,129,62,26,27,14
0xb2dfe6,99.5882%,53,12816,12869,0,0,53,12816
0x9fb032,71.6578%,53,134,187,101,23,30,33
0xa452ea,86.6834%,53,345,398,10,40,13,335
0x9f19eb,86.1619%,53,330,383,14,37,16,316
0xa01e11,77.7311%,53,185,238,181,16,37,4
0x4bed36,86.3402%,53,335,388,205,19,34,130
0x5fd6b5,82.0946%,53,243,296,48,27,26,195
0x40382a,93.2996%,53,738,791,121,17,36,617
0x609f1f,99.3416%,53,7997,8050,0,5,48,7997
0x9fb60e,82.6797%,53,253,306,70,21,32,183
0x5088fd,90.0563%,53,480,533,48,41,12,432
0x8fef1c,87.9819%,53,388,441,344,32,21,44
0x595de0,93.1079%,53,716,769,0,0,53,716
0x8e40cc,97.6946%,53,2246,2299,599,24,29,1647
0x539b97,95.4192%,53,1104,1157,319,38,15,785
0xa22deb,69.186%,53,119,172,115,38,15,4
0x5bdbab,98.4007%,53,3261,3314,3261,53,0,0
0x835e7f,97.1538%,52,1775,1827,1775,14,38,0
0xaa06d4,73.4694%,52,144,196,88,20,32,56
0xa93dab,65.3333%,52,98,150,55,21,31,43
0x8fd41f,96.9977%,52,1680,1732,0,0,52,1680
0x8fddf5,95.9533%,52,1233,1285,1233,52,0,0
0x4bb2a8,88.2619%,52,391,443,391,52,0,0
0xa5285e,87.4396%,52,362,414,137,38,14,225
0x5119f6,92.0489%,52,602,654,294,21,31,308
0x803814,86.802%,52,342,394,299,20,32,43
0x542f27,97.6961%,52,2205,2257,158,29,23,2047
0x504406,92.973%,52,688,740,396,41,11,292
0x504991,66.4516%,52,103,155,33,6,46,70
0x53d97b,72.7749%,52,139,191,134,32,20,5
0x5a9401,85.2691%,52,301,353,268,30,22,33
0x8ff404,59.0551%,52,75,127,0,0,52,75
0x819688,99.5052%,52,10458,10510,292,37,15,10166
0x5ff6b3,48.5149%,52,49,101,13,13,39,36
0x5cf500,97.2073%,52,1810,1862,405,15,37,1405
0x816e03,95.7895%,52,1183,1235,0,0,52,1183
0x9453ad,88.9597%,52,419,471,419,52,0,0
0x53b260,88.4956%,52,400,452,369,20,32,31
0x4c4a34,97.9798%,52,2522,2574,66,20,32,2456
0x94c697,90.7801%,52,512,564,512,52,0,0
0x807b3a,77.8723%,52,183,235,84,28,24,99
0x8da4b8,95.0382%,52,996,1048,98,6,46,898
0x8188c0,88.9597%,52,419,471,262,24,28,157
0x4a78e8,94.8259%,52,953,1005,953,52,0,0
0xa30c75,96.4889%,52,1429,1481,1415,47,5,14
0x667044,85.4749%,52,306,358,301,34,18,5
0x504bb7,75.1196%,52,157,209,32,23,29,125
0x8bca87,67.0886%,52,106,158,0,0,52,106
0x406d9b,99.8211%,52,29013,29065,29013,52,0,0
0x7c160c,81.8815%,52,235,287,74,12,40,161
0x402d12,82.9508%,52,253,305,85,48,4,168
0x8c7dc9,92.6554%,52,656,708,472,28,24,184
0x8a6c5b,94.2794%,52,857,909,857,52,0,0
0x555700,79.0323%,52,196,248,3,42,10,193
0x81341c,96.9267%,52,1640,1692,1640,52,0,0
0x59006b,98.7397%,52,4074,4126,4074,52,0,0
0xa56f87,69.0476%,52,116,168,19,41,11,97
0x8ad594,77.4892%,52,179,231,86,7,45,93
0x821c46,81.8182%,52,234,286,172,43,9,62
0x809bd3,30.6667%,52,23,75,23,50,2,0
0x8c91e7,94.1704%,52,840,892,838,52,0,2
0x511599,98.3544%,52,3108,3160,663,46,6,2445
0xa4f96e,88.3408%,52,394,446,180,10,42,214
0x559282,92.8276%,52,673,725,220,21,31,453
0xaa144a,68.2927%,52,112,164,76,43,9,36
0x4b9daa,96.1424%,52,1296,1348,29,29,23,1267
0x9f5d2d,44.6809%,52,42,94,23,43,9,19
0x80bc1b,88.9126%,52,417,469,42,33,19,375
0xa57223,72.6316%,52,138,190,8,29,23,130
0x40e460,77.5862%,52,180,232,180,52,0,0
0x8fdae4,95.9938%,52,1246,1298,1246,34,18,0
0x8daac8,94.589%,52,909,961,904,13,39,5
0x5391ff,89.7233%,52,454,506,443,30,22,11
0xaada54,81.9444%,52,236,288,22,11,41,214
0x53bb0a,95.4506%,52,1091,1143,0,0,52,1091
0x4b5127,79.0323%,52,196,248,92,28,24,104
0x627e06,81.8182%,52,234,286,233,30,22,1
0x543a96,96.151%,52,1299,1351,1296,10,42,3
0x8aa7f9,95.5326%,52,1112,1164,0,0,52,1112
0x4ac19a,69.7674%,52,120,172,120,52,0,0
0x8121bd,84.3373%,52,280,332,134,32,20,146
0x9f2867,91.4333%,52,555,607,0,35,17,555
0x50ff8a,94.617%,52,914,966,647,29,23,267
0x5437bb,73.4694%,52,144,196,32,18,34,112
0x48bf5f,93.9954%,52,814,866,813,43,9,1
0x48ebcb,69.2308%,52,117,169,55,24,28,62
0x5ff958,69.5906%,52,119,171,68,50,2,51
0x5420e5,92.6031%,52,651,703,0,0,52,651
0x508cbe,90.9408%,52,522,574,413,25,27,109
0x805fcb,96.1905%,52,1313,1365,1313,52,0,0
0xb2fcd9,99.7691%,52,22467,22519,0,0,52,22467
0x5fb203,81.6901%,52,232,284,0,2,50,232
0x596b0b,97.7557%,52,2265,2317,2265,52,0,0
0x49b231,98.4742%,52,3356,3408,3356,52,0,0
0x9abaa6,93.5243%,52,751,803,0,0,52,751
0x590e29,84.4776%,52,283,335,127,39,13,156
0x8e5119,97.3698%,52,1925,1977,1515,8,44,410
0x556faf,78.9474%,52,195,247,109,33,19,86
0x8ef909,91.6256%,51,558,609,128,30,21,430
0x9ee59a,66.4474%,51,101,152,55,30,21,46
0x8ff24f,85.5524%,51,302,353,23,42,9,279
0x55030c,87.0229%,51,342,393,30,9,42,312
0xaa63ac,89.9408%,51,456,507,456,51,0,0
0x908754,99.5257%,51,10701,10752,2217,16,35,8484
0x48a726,98.4432%,51,3225,3276,1141,13,38,2084
0x9bc71d,80.6818%,51,213,264,211,31,20,2
0x50d971,90.8438%,51,506,557,130,31,20,376
0x508919,88.5135%,51,393,444,322,28,23,71
0x40e2b0,95.3082%,51,1036,1087,1036,33,18,0
0x807c0d,77.13%,51,172,223,79,22,29,93
0x5ff2fa,61.3636%,51,81,132,69,25,26,12
0x81eb14,90.7273%,51,499,550,194,21,30,305
0x5547f0,95.5806%,51,1103,1154,1029,25,26,74
0x944977,77.027%,51,171,222,117,35,16,54
0x9c4030,89.0558%,51,415,466,415,51,0,0
0xa335d0,98.097%,51,2629,2680,572,26,25,2057
0x48c132,64.5833%,51,93,144,8,38,13,85
0xb376aa,99.0798%,51,5491,5542,0,0,51,5491
0xa469f3,77.8261%,51,179,230,116,18,33,63
0x590dcb,84.7305%,51,283,334,147,40,11,136
0xa570ab,73.1579%,51,139,190,131,18,33,8
0x8a9449,98.3442%,51,3029,3080,54,28,23,2975
0x9f9747,77.13%,51,172,223,125,17,34,47
0x61050e,90.6077%,51,492,543,37,26,25,455
0xa396c4,91.5423%,51,552,603,282,31,20,270
0x8dc1e9,97.7816%,51,2248,2299,1489,32,19,759
0x63eb2a,94.693%,51,910,961,910,51,0,0
0x5970e4,88.913%,51,409,460,0,0,51,409
0x640463,94.693%,51,910,961,910,51,0,0
0xa95c24,60.7692%,51,79,130,75,49,2,4
0x7b2995,63.8298%,51,90,141,37,51,0,53
0x51b952,99.0323%,51,5219,5270,5219,51,0,0
0x511c2a,98.7454%,51,4014,4065,4014,51,0,0
0x8ef673,81.9149%,51,231,282,124,11,40,107
0x509dfc,95.4219%,51,1063,1114,661,26,25,402
0x901264,71.6667%,51,129,180,127,13,38,2
0x403697,93.7037%,51,759,810,748,43,8,11
0x5c567e,77.9221%,51,180,231,8,0,51,172
0xa3b263,77.6316%,51,177,228,6,48,3,171
0xaa2e3e,91.7742%,51,569,620,0,0,51,569
0x49e968,98.2546%,51,2871,2922,0,42,9,2871
0x94a263,67.0968%,51,104,155,104,51,0,0
0xa2e849,85.3868%,51,298,349,86,23,28,212
0x9ed315,91.3851%,51,541,592,517,48,3,24
0x8dede3,97.5073%,51,1995,2046,1985,48,3,10
0x8bb20d,87.5306%,51,358,409,295,36,15,63
0x9e247e,91.5282%,51,551,602,551,51,0,0
0xb0a048,90.8108%,51,504,555,0,0,51,504
0x53a357,97.9518%,51,2439,2490,0,0,51,2439
0x55732b,68.125%,51,109,160,51,35,16,58
0x8f5692,98.6145%,51,3630,3681,3622,47,4,8
0x9f58aa,78.2979%,51,184,235,0,0,51,184
0xaaae28,77.8261%,51,179,230,10,34,17,169
0x501830,94.8744%,51,944,995,2,16,35,942
0x9eb70b,78.75%,51,189,240,43,29,22,146
0x65a392,97.3506%,51,1874,1925,1135,45,6,739
0x504872,93.1081%,51,689,740,557,31,20,132
0x9eb76b,60.1562%,51,77,128,15,13,38,62
0xa1afc5,31.0811%,51,23,74,8,45,6,15
0x54fa9e,78.9256%,51,191,242,191,51,0,0
0x910d98,98.6963%,51,3861,3912,3221,26,25,640
0x8d41b3,79.3522%,51,196,247,4,7,44,192
0x808d0c,99.5249%,51,10683,10734,1207,21,30,9476
0x7ce90b,95.7393%,51,1146,1197,136,0,51,1010
0x9e299b,92.9068%,51,668,719,444,20,31,224
0x48bbd6,64.3357%,51,92,143,43,15,36,49
0xa9010e,81.3869%,51,223,274,75,48,3,148
0x48b19f,63.3094%,51,88,139,6,34,17,82
0x8fdde9,96.5909%,51,1445,1496,173,38,13,1272
0x8f0baf,91.6256%,51,558,609,387,30,21,171
0xa58f18,57.1429%,51,68,119,0,0,51,68
0x811f4e,89.697%,51,444,495,444,51,0,0
0x49faef,81.1111%,51,219,270,78,41,10,141
0x48a27c,99.1737%,51,6121,6172,2080,9,42,4041
0xa525bb,77.533%,51,176,227,85,16,35,91
0xa05b60,96.8025%,51,1544,1595,1544,22,29,0
0x542f03,73.262%,50,137,187,16,18,32,121
0x53919b,90.3288%,50,467,517,467,39,11,0
0xa3497f,97.0397%,50,1639,1689,1133,29,21,506
0x5488b0,21.875%,50,14,64,10,46,4,4
0x4b4a81,86.5229%,50,321,371,1,1,49,320
0x48e788,98.8797%,50,4413,4463,802,20,30,3611
0x8c7bb0,71.5909%,50,126,176,95,27,23,31
0x4a75da,67.9487%,50,106,156,61,23,27,45
0x59717d,92.1997%,50,591,641,1,19,31,590
0xaa6375,90.1381%,50,457,507,281,26,24,176
0x9a12e4,67.1053%,50,102,152,34,21,29,68
0x543d0a,68.75%,50,110,160,49,49,1,61
0x819b34,65.7534%,50,96,146,69,17,33,27
0x5fb6e2,81.3433%,50,218,268,5,29,21,213
0xa554ef,80.8429%,50,211,261,163,9,41,48
0x8f17fe,88.6105%,50,389,439,13,29,21,376
0x911797,78.4483%,50,182,232,173,28,22,9
0x7814cf,94.7313%,50,899,949,230,42,8,669
0xa28577,67.1053%,50,102,152,23,5,45,79
0x822524,92.9078%,50,655,705,245,38,12,410
0xaa63c0,90.1381%,50,457,507,91,25,25,366
0xa41ea8,92.4471%,50,612,662,384,35,15,228
0x8bd5d2,98.7963%,50,4104,4154,364,32,18,3740
0x9f4faa,77.9736%,50,177,227,0,0,50,177
0x9067b2,59.6774%,50,74,124,11,34,16,63
0x557c74,79.5082%,50,194,244,115,26,24,79
0x40d048,99.4041%,50,8340,8390,8340,50,0,0
0x5d2589,95.9839%,50,1195,1245,1195,50,0,0
0xa2d276,93.1319%,50,678,728,381,13,37,297
0x4bb447,76.0766%,50,159,209,120,40,10,39
0x501354,97.561%,50,2000,2050,2000,50,0,0
0x8c7f24,94.6978%,50,893,943,893,48,2,0
0x5f81a4,91.4384%,50,534,584,534,50,0,0
0xa4578b,87.4372%,50,348,398,66,43,7,282
0xa5133d,87.9518%,50,365,415,210,39,11,155
0x944cd1,93.0844%,50,673,723,673,50,0,0
0x8f2832,94.6921%,50,892,942,864,34,16,28
0x950143,97.6948%,50,2119,2169,22,29,21,2097
0x7cfce5,97.3656%,50,1848,1898,1848,50,0,0
0x5928dd,97.0185%,50,1627,1677,647,26,24,980
0x965ff4,78.9916%,50,188,238,185,34,16,3
0x557533,79.7571%,50,197,247,197,50,0,0
0x9441fc,94.186%,50,810,860,5,29,21,805
0xa328a6,59.6774%,50,74,124,58,11,39,16
0x5011eb,98.7399%,50,3918,3968,0,0,50,3918
0x402b15,98.712%,50,3832,3882,2907,47,3,925
0x9fe263,44.4444%,50,40,90,40,50,0,0
0x8f56b4,98.6372%,50,3619,3669,3486,19,31,133
0x53ebef,68.3544%,50,108,158,106,48,2,2
0xaaae8e,80.315%,50,204,254,87,29,21,117
0xa313d7,41.1765%,50,35,85,17,41,9,18
0x609bef,80.1587%,50,202,252,47,32,18,155
0x60dbcf,78.8136%,50,186,236,14,24,26,172
0x5fd5da,83.1081%,50,246,296,246,50,0,0
0x5cf42e,97.3698%,50,1851,1901,1842,14,36,9
0xa08ecf,54.5455%,50,60,110,23,22,28,37
0x5343a1,99.1346%,50,5728,5778,2,36,14,5726
0x40e324,89.5397%,50,428,478,206,26,24,222
0x9784f0,94.7034%,50,894,944,436,23,27,458
0x81c040,84.7095%,50,277,327,0,11,39,277
0xa36877,88.5321%,50,386,436,3,14,36,383
0x5be23e,98.5418%,50,3379,3429,3340,11,39,39
0xaaa044,81.203%,50,216,266,211,28,22,5
0x5088ee,90.6191%,50,483,533,2,16,34,481
0x63e8a0,96.1715%,50,1256,1306,1256,50,0,0
0xa90dd5,63.5036%,50,87,137,21,38,12,66
0xa34b4d,73.822%,50,141,191,98,32,18,43
0xaadcb7,84.6154%,50,275,325,254,17,33,21
0x820d52,96.4337%,50,1352,1402,1352,17,33,0
0x4bc060,96.6488%,50,1442,1492,1440,36,14,2
0x8fdfc9,97.2114%,50,1743,1793,557,17,33,1186
0x9e0877,94.7971%,50,911,961,585,0,50,326
0x9ab78c,82.699%,50,239,289,236,39,11,3
0x8febe2,98.6069%,50,3539,3589,0,0,50,3539
0xa308e3,95.1923%,50,990,1040,272,32,18,718
0x4b9bec,92%,50,575,625,46,25,25,529
0x9e3ec3,88.5321%,50,386,436,80,16,34,306
0x4ba778,86.5952%,50,323,373,41,38,12,282
0x609835,87.4372%,50,348,398,348,50,0,0
0x48eac5,91.3194%,50,526,576,54,29,21,472
0x540423,97.1847%,50,1726,1776,1716,28,22,10
0xa52dcb,85.8757%,50,304,354,299,32,18,5
0xa95d32,92.0128%,50,576,626,13,39,11,563
0xb2e7c3,98.7553%,50,3967,4017,0,0,50,3967
0x9e407c,67.5325%,50,104,154,104,46,4,0
0xa45909,92.7431%,50,639,689,265,34,16,374
0x8f5806,92.5758%,49,611,660,546,19,30,65
0x40f38c,98.5178%,49,3257,3306,11,29,20,3246
0x49fb88,88.4161%,49,374,423,10,43,6,364
0x858e6c,92.8467%,49,636,685,636,41,8,0
0x4bc21f,96.1689%,49,1230,1279,175,28,21,1055
0x808bc3,85.1515%,49,281,330,28,43,6,253
0xa4ee69,69.7531%,49,113,162,18,6,43,95
0x66810e,90.9259%,49,491,540,271,29,20,220
0x908548,99.3476%,49,7462,7511,293,40,9,7169
0x8a9e6a,85.7971%,49,296,345,116,37,12,180
0x8f2a67,95.0102%,49,933,982,918,24,25,15
0x9007cf,98.6891%,49,3689,3738,3684,36,13,5
0x910fa0,95.7686%,49,1109,1158,157,21,28,952
0x8d258f,79.5833%,49,191,240,191,49,0,0
0x942942,78.6026%,49,180,229,180,49,0,0
0x486f4f,93.6611%,49,724,773,723,34,15,1
0xa5d0a9,70.303%,49,116,165,116,49,0,0
0x610bea,82.4373%,49,230,279,18,0,49,212
0x4102b6,94.4944%,49,841,890,780,35,14,61
0xb4a155,94.8852%,49,909,958,909,49,0,0
0x49e1a8,95.858%,49,1134,1183,0,0,49,1134
0xa59418,85.6305%,49,292,341,18,30,19,274
0x40498c,79.7521%,49,193,242,81,32,17,112
0x8ff895,98.8689%,49,4283,4332,0,4,45,4283
0x908ca3,99.387%,49,7945,7994,3712,8,41,4233
0x51c136,98.8879%,49,4357,4406,373,45,4,3984
0x8dd902,97.8056%,49,2184,2233,2160,29,20,24
0x8ec102,96.0356%,49,1187,1236,1187,49,0,0
0x8a64d6,67.7632%,49,103,152,0,0,49,103
0x8fe133,98.3726%,49,2962,3011,2919,20,29,43
0x837593,69.5652%,49,112,161,7,26,23,105
0x909587,98.68%,49,3663,3712,1817,40,9,1846
0x5a94ab,86.119%,49,304,353,293,27,22,11
0x81318c,94.208%,49,797,846,7,33,16,790
0xa45fb3,79.668%,49,192,241,0,4,45,192
0x4c25ba,70.8333%,49,119,168,96,33,16,23
0x5128ee,87.9902%,49,359,408,26,33,16,333
0x502195,26.8657%,49,18,67,0,0,49,18
0x81e425,77.2093%,49,166,215,0,0,49,166
0x9f64d7,72.6257%,49,130,179,18,43,6,112
0x8e21a6,97.7113%,49,2092,2141,2090,47,2,2
0x54817d,98.9768%,49,4740,4789,3770,34,15,970
0x9b8fd9,79.4118%,49,189,238,186,33,16,3
0x9dfedb,90%,49,441,490,35,23,26,406
0x501f19,79.4118%,49,189,238,189,49,0,0
0x50d0e9,71.6763%,49,124,173,124,49,0,0
0x64a92a,53.7736%,49,57,106,57,47,2,0
0x81f908,97.6374%,49,2025,2074,25,24,25,2000
0x98cb72,85.2853%,49,284,333,97,26,23,187
0x8a9710,96.6667%,49,1421,1470,1374,4,45,47
0x539d54,51.9608%,49,53,102,23,31,18,30
0x49fb8e,88.4161%,49,374,423,361,39,10,13
0xa396a9,94.482%,49,839,888,839,49,0,0
0xa26452,98.1771%,49,2639,2688,0,0,49,2639
0x8f66e8,86.1972%,49,306,355,0,0,49,306
0xa45795,83.045%,49,240,289,8,24,25,232
0xa33856,79.4118%,49,189,238,100,22,27,89
0x9eb2e7,27.9412%,49,19,68,19,47,2,0
0x4936e3,60.8%,49,76,125,54,28,21,22
0x8e3326,85.8382%,49,297,346,293,49,0,4
0x604c0b,80.7843%,49,206,255,0,6,43,206
0x40ec43,94.7312%,49,881,930,421,32,17,460
0x510235,96.7202%,49,1445,1494,1234,24,25,211
0x65ba12,98.9292%,49,4527,4576,4527,49,0,0
0x40ec07,94.3221%,49,814,863,593,10,39,221
0x547f05,91.0092%,49,496,545,5,14,35,491
0x60b2dc,97.4506%,49,1873,1922,996,17,32,877
0x8e51a9,94.8148%,49,896,945,468,23,26,428
0x5ea993,88.964%,49,395,444,171,41,8,224
0x544e1e,78.125%,49,175,224,131,36,13,44
0x4bb76a,76.2136%,49,157,206,106,14,35,51
0xa25b0d,95.1629%,49,964,1013,964,49,0,0
0x40366e,93.9506%,49,761,810,761,49,0,0
0xa45166,87.6884%,49,349,398,1,3,46,348
0x5419c7,95.6054%,49,1066,1115,11,30,19,1055
0x9e8918,82.8671%,49,237,286,112,28,21,125
0x5396b0,97.3556%,49,1804,1853,1729,15,34,75
0x508675,91.4634%,49,525,574,111,25,24,414
0x5423a5,77.6256%,49,170,219,0,0,49,170
0x9e3c96,96.2452%,49,1256,1305,6,1,48,1250
0x5417ab,96.9508%,49,1558,1607,1558,41,8,0
0x8a733f,90.5222%,49,468,517,79,30,19,389
0x8fcd47,93.1755%,49,669,718,0,0,49,669
0xa6098b,83.9344%,49,256,305,0,6,43,256
0x8e489b,97.8686%,49,2250,2299,1126,25,24,1124
0x9ed9c3,61.1111%,49,77,126,53,32,17,24
0x8a669e,50%,49,49,98,25,39,10,24
0x643b6a,93.8979%,49,754,803,752,23,26,2
0xa587c2,70.4819%,49,117,166,50,0,49,67
0x908ca8,98.8535%,49,4225,4274,3703,17,32,522
0x81b11d,57.7586%,49,67,116,27,23,26,40
0x80c3b0,79.2373%,49,187,236,181,23,26,6
0x499435,75.5%,49,151,200,151,49,0,0
0x7c72fe,68.1818%,49,105,154,63,25,24,42
0x4bbb9a,76.4706%,48,156,204,22,27,21,134
0xb376d8,99.1339%,48,5494,5542,5494,48,0,0
0x508cd9,64.7059%,48,88,136,39,39,9,49
0x50ced1,81.3953%,48,210,258,134,0,48,76
0x835d87,70.1863%,48,113,161,46,24,24,67
0xa9e139,79.7468%,48,189,237,4,30,18,185
0xa3a3f6,88.1188%,48,356,404,0,0,48,356
0x8ed444,98.7661%,48,3842,3890,3842,42,6,0
0x5fa270,85.4103%,48,281,329,147,9,39,134
0x4036cf,93.9317%,48,743,791,12,0,48,731
0x5418fb,98.2196%,48,2648,2696,2648,45,3,0
0x9ef0db,95.1368%,48,939,987,939,48,0,0
0x9f3a70,60.9756%,48,75,123,74,44,4,1
0x9e6192,80.8%,48,202,250,168,24,24,34
0x5fa233,94.564%,48,835,883,585,45,3,250
0x8eecf7,87.3016%,48,330,378,22,16,32,308
0x9a7ab3,60.6557%,48,74,122,8,27,21,66
0x55915c,88.4615%,48,368,416,2,14,34,366
0x814d52,82.9181%,48,233,281,7,34,14,226
0x81caaf,73.6264%,48,134,182,108,14,34,26
0x50280d,78.4753%,48,175,223,82,44,4,93
0x8a616a,77.7778%,48,168,216,32,30,18,136
0xa60b57,72.7273%,48,128,176,38,22,26,90
0x4baa31,87.1314%,48,325,373,65,14,34,260
0x5fd590,96.4497%,48,1304,1352,1304,40,8,0
0x978070,84.6154%,48,264,312,114,25,23,150
0x900a94,89.0411%,48,390,438,277,15,33,113
0x50ff68,95.2756%,48,968,1016,15,35,13,953
0xa95cd7,43.5294%,48,37,85,20,8,40,17
0x8a8c06,94.8773%,48,889,937,874,18,30,15
0x4b6d49,67.5676%,48,100,148,11,36,12,89
0x8f297b,95.112%,48,934,982,907,21,27,27
0x50c096,97.7305%,48,2067,2115,107,29,19,1960
0x53fe95,98.048%,48,2411,2459,697,21,27,1714
0x9f28ea,91.6084%,48,524,572,441,16,32,83
0x40d080,99.4279%,48,8342,8390,0,0,48,8342
0x9f0ded,88.5167%,48,370,418,22,43,5,348
0x4a137e,47.2527%,48,43,91,16,41,7,27
0x55909d,87.3351%,48,331,379,206,29,19,125
0x8a97b7,99.3974%,48,7918,7966,1326,36,12,6592
0x58f8b7,51.5152%,48,51,99,31,10,38,20
0x4ba425,87.8788%,48,348,396,44,24,24,304
0x8f1854,65.4676%,48,91,139,25,27,21,66
0xa921e4,82.0896%,48,220,268,199,19,29,21
0x5ea99f,79.3103%,48,184,232,38,30,18,146
0x4a01fe,67.5676%,48,100,148,31,16,32,69
0x8ed770,94.9045%,48,894,942,872,26,22,22
0x402228,97.3109%,48,1737,1785,45,30,18,1692
0x9f09a5,76%,48,152,200,132,29,19,20
0x8b9ebb,99.7757%,48,21356,21404,21356,48,0,0
0xa52bb0,77.3585%,48,164,212,136,36,12,28
0x4c15d3,75.7576%,48,150,198,150,48,0,0
0x8a7434,84.2105%,48,256,304,6,41,7,250
0xa5c668,71.7647%,48,122,170,63,5,43,59
0x5074ad,62.5%,48,80,128,78,48,0,2
0xa5f722,86.3636%,48,304,352,0,0,48,304
0xb326b8,99.2549%,48,6394,6442,0,0,48,6394
0x546a7f,93.8619%,48,734,782,0,4,44,734
0xa58ddd,58.6207%,48,68,116,0,0,48,68
0x4c51b9,85.8407%,48,291,339,249,35,13,42
0x9784a0,89.5425%,48,411,459,0,0,48,411
0x8bd3c2,98.6656%,48,3549,3597,710,40,8,2839
0xa41e38,96.1905%,48,1212,1260,1212,48,0,0
0x5017eb,98.6059%,48,3395,3443,0,0,48,3395
0x9a6fab,71.0843%,48,118,166,63,43,5,55
0x9018d3,90.8571%,48,477,525,0,0,48,477
0x405c1b,95.7597%,48,1084,1132,0,22,26,1084
0x4c17bb,75.7576%,48,150,198,150,48,0,0
0x9c38cb,86.4407%,48,306,354,245,23,25,61
0x9f3ef1,69.8113%,48,111,159,111,48,0,0
0x4bcb98,68.2119%,48,103,151,31,0,48,72
0xaa7ef9,90.9263%,48,481,529,0,0,48,481
0xa43a6b,86.6667%,48,312,360,8,20,28,304
0x5906c4,96.6736%,48,1395,1443,1395,48,0,0
0xaa292d,61.2903%,48,76,124,0,0,48,76
0x4b4a33,95.3979%,48,995,1043,864,14,34,131
0xa42b1b,94.4186%,48,812,860,0,0,48,812
0x90b2b7,80.8%,48,202,250,109,10,38,93
0xa57997,71.4286%,48,120,168,100,3,45,20
0xb2dfb7,96.8811%,48,1491,1539,0,0,48,1491
0x8e3859,86.8852%,48,318,366,140,19,29,178
0xa57508,71.4286%,48,120,168,97,30,18,23
0x81bddc,95.1042%,47,913,960,913,37,10,0
0x5fe85e,86.4553%,47,300,347,274,15,32,26
0x858ecb,74.0331%,47,134,181,0,0,47,134
0x510a28,89.6247%,47,406,453,8,6,41,398
0x81f748,95.1943%,47,931,978,3,36,11,928
0x8fe923,69.8718%,47,109,156,98,30,17,11
0x50811f,91.0985%,47,481,528,345,47,0,136
0x550334,86.7232%,47,307,354,0,0,47,307
0x805b0b,98.3124%,47,2738,2785,0,0,47,2738
0x9ebede,61.7886%,47,76,123,37,25,22,39
0x8c8267,97.9846%,47,2285,2332,2285,3,44,0
0x944d7f,91.1153%,47,482,529,159,23,24,323
0x8eb844,95.5238%,47,1003,1050,259,27,20,744
0x64adf3,99.8077%,47,24392,24439,21698,18,29,2694
0x4ba0cf,86.1765%,47,293,340,39,40,7,254
0xa17fd3,92.1667%,47,553,600,0,0,47,553
0xa2e1c1,81.1245%,47,202,249,202,47,0,0
0x501930,95.2764%,47,948,995,267,28,19,681
0x8a670c,66.1871%,47,92,139,0,0,47,92
0x901796,80.8163%,47,198,245,186,31,16,12
0x58ccaf,74.7312%,47,139,186,78,33,14,61
0x558a5d,92.3825%,47,570,617,1,2,45,569
0x54f676,95.3695%,47,968,1015,0,17,30,968
0x499c66,11.3208%,47,6,53,6,47,0,0
0x9a8ef4,58.0357%,47,65,112,24,27,20,41
0x803f79,82.197%,47,217,264,3,25,22,214
0x51c247,96.1943%,47,1188,1235,1171,30,17,17
0xa52f03,90.0844%,47,427,474,246,36,11,181
0xa54216,78.5388%,47,172,219,100,7,40,72
0x507461,63.2812%,47,81,128,75,32,15,6
0x8059e3,96.5568%,47,1318,1365,0,0,47,1318
0x81c1e9,78.6364%,47,173,220,20,35,12,153
0x5fe347,78.6364%,47,173,220,100,12,35,73
0x9f4ba7,84.6906%,47,260,307,260,43,4,0
0x9a608f,55.6604%,47,59,106,19,11,36,40
0x9a1fb3,76.8473%,47,156,203,156,47,0,0
0x817e79,80.5785%,47,195,242,171,16,31,24
0x590680,97.2563%,47,1666,1713,0,0,47,1666
0x5913e3,91.3919%,47,499,546,1,5,42,498
0x5c3313,75.3927%,47,144,191,50,14,33,94
0xa59522,74.8663%,47,140,187,24,12,35,116
0x8fcc1e,91.8403%,47,529,576,25,45,2,504
0xa43c00,87.8553%,47,340,387,50,28,19,290
0xb3266f,99.2704%,47,6395,6442,0,0,47,6395
0xb37288,98.1762%,47,2530,2577,8,6,41,2522
0x8dcb6d,97.9556%,47,2252,2299,1746,44,3,506
0x5fd733,65.4412%,47,89,136,22,22,25,67
0x49c7af,89.5323%,47,402,449,152,12,35,250
0x77ffa8,98.2224%,47,2597,2644,305,17,30,2292
0x8eee29,92.2824%,47,562,609,128,30,17,434
0x64addb,99.8077%,47,24392,24439,24392,47,0,0
0x490374,69.281%,47,106,153,45,29,18,61
0xa25ef4,75%,47,141,188,15,32,15,126
0xa02d64,74.0331%,47,134,181,40,32,15,94
0x4a6253,67.5862%,47,98,145,97,45,2,1
0x81f3d5,97.189%,47,1625,1672,1149,35,12,476
0x50be4e,91.1153%,47,482,529,0,0,47,482
0x8bad72,89.3905%,47,396,443,0,0,47,396
0x4b515a,63.2812%,47,81,128,0,0,47,81
0x9e6b8a,34.7222%,47,25,72,25,45,2,0
0x53c38b,69.4805%,47,107,154,93,39,8,14
0x9f6c04,91.1985%,47,487,534,205,36,11,282
0x5df28d,96.9716%,47,1505,1552,1470,19,28,35
0x4c5255,86.1357%,47,292,339,13,8,39,279
0x9113bf,95.4589%,47,988,1035,123,22,25,865
0x8e1f4e,88.0407%,47,346,393,177,37,10,169
0x60de79,81.9231%,47,213,260,55,32,15,158
0x609878,88.191%,47,351,398,280,17,30,71
0x403ba2,92.1008%,47,548,595,548,47,0,0
0x53532b,49.4624%,47,46,93,27,34,13,19
0xa52180,79.6537%,47,184,231,112,41,6,72
0x4c1b3d,91.2639%,47,491,538,489,44,3,2
0x643769,75.8974%,47,148,195,135,21,26,13
0xa46cdb,85.5828%,47,279,326,72,24,23,207
0x404517,94.4247%,47,796,843,2,33,14,794
0xa1806d,96.8114%,47,1427,1474,0,29,18,1427
0x976dc7,96.8027%,47,1423,1470,13,25,22,1410
0xaadeae,99.3347%,47,7018,7065,0,0,47,7018
0x40ed79,96.2097%,47,1193,1240,1190,24,23,3
0x5104ff,88.9671%,47,379,426,338,24,23,41
0x8ef1de,89.5787%,47,404,451,0,0,47,404
0x9842db,70.2532%,47,111,158,109,37,10,2
0xa560df,74.4565%,47,137,184,13,30,17,124
0x4a1ddc,96.772%,47,1409,1456,1409,47,0,0
0xa02407,90%,47,423,470,109,19,28,314
0x4bbf41,88.2793%,47,354,401,298,47,0,56
0x806006,89.5089%,47,401,448,80,20,27,321
0x9ed24a,81.8533%,47,212,259,2,44,3,210
0x944c5a,73.743%,47,132,179,132,47,0,0
0x554847,95.9272%,47,1107,1154,1107,47,0,0
0x98cca8,97.4758%,47,1815,1862,0,0,47,1815
0x9a7030,54.3689%,47,56,103,8,3,44,48
0x8b9867,99.5154%,47,9652,9699,0,0,47,9652
0x548920,58.0357%,47,65,112,58,38,9,7
0x493051,80.1688%,47,190,237,34,36,11,156
0x552124,21.6667%,47,13,60,0,0,47,13
0x81d5cf,88.9671%,47,379,426,82,26,21,297
0xa94342,65.6934%,47,90,137,60,18,29,30
0x8a6ee1,91.6814%,47,518,565,276,20,27,242
0xa42b50,92.8244%,47,608,655,504,39,8,104
0x542436,97.9904%,46,2243,2289,0,0,46,2243
0x8e8dd2,96.2783%,46,1190,1236,1190,44,2,0
0x504698,93.7838%,46,694,740,693,29,17,1
0x821034,84.0278%,46,242,288,169,33,13,73
0x51012c,97.3472%,46,1688,1734,1283,25,21,405
0x8214da,98.7654%,46,3680,3726,3680,46,0,0
0x99e8af,56.1905%,46,59,105,0,0,46,59
0x4045ed,78.8018%,46,171,217,49,29,17,122
0xa23912,58.1818%,46,64,110,4,23,23,60
0x53e344,98.5388%,46,3102,3148,0,0,46,3102
0x66812a,80.8333%,46,194,240,159,21,25,35
0x95c626,87.3626%,46,318,364,318,46,0,0
0x8de165,96.2993%,46,1197,1243,22,26,20,1175
0x8dcb8d,97.9991%,46,2253,2299,2253,46,0,0
0x504258,93.4097%,46,652,698,102,34,12,550
0x65a024,97.6398%,46,1903,1949,1773,24,22,130
0x502993,52.5773%,46,51,97,7,27,19,44
0x610b7b,86.5889%,46,297,343,42,22,24,255
0x5036f0,93.8503%,46,702,748,0,0,46,702
0xa55e87,71.6049%,46,116,162,81,29,17,35
0x5ff286,80.3419%,46,188,234,79,38,8,109
0x403b1b,91.6211%,46,503,549,503,46,0,0
0x8a982e,99.6476%,46,13006,13052,6429,19,27,6577
0x50ffa1,84.1379%,46,244,290,84,31,15,160
0xa60aa5,87.766%,46,330,376,281,23,23,49
0x83e1eb,62.6016%,46,77,123,77,46,0,0
0x8f4d29,99.0911%,46,5015,5061,2583,14,32,2432
0x942c13,92.3333%,46,554,600,63,12,34,491
0xa9371a,82.0312%,46,210,256,10,19,27,200
0x59c120,78.5047%,46,168,214,88,32,14,80
0x9e263a,86.7816%,46,302,348,36,24,22,266
0x404599,92.2166%,46,545,591,324,43,3,221
0xa326fe,54.4554%,46,55,101,30,42,4,25
0x58e427,59.292%,46,67,113,1,3,43,66
0x6104df,82.5095%,46,217,263,217,46,0,0
0x681fb9,97.8802%,46,2124,2170,0,0,46,2124
0x8dad6d,70.3226%,46,109,155,73,32,14,36
0x82110e,94.0568%,46,728,774,0,0,46,728
0x8213e6,85.1133%,46,263,309,74,26,20,189
0x8b9a41,99.6783%,46,14251,14297,13794,31,15,457
0x5f103f,84.9673%,46,260,306,254,16,30,6
0x5c6add,76.7677%,46,152,198,151,46,0,1
0x8fe01b,98.4348%,46,2893,2939,0,0,46,2893
0x80a583,85.9327%,46,281,327,281,46,0,0
0x90e627,92.3715%,46,557,603,71,24,22,486
0xa42927,95.3109%,46,935,981,0,0,46,935
0xb2175d,86.7052%,46,300,346,300,46,0,0
0x8dd101,91.5285%,46,497,543,213,15,31,284
0x5bccfe,95.2282%,46,918,964,918,46,0,0
0x58fe4d,98.8851%,46,4080,4126,3584,35,11,496
0x9e73e1,88.5%,46,354,400,0,0,46,354
0x972cb1,67.1429%,46,94,140,0,0,46,94
0x8efb30,89.5216%,46,393,439,379,18,28,14
0x9aaedf,62.9032%,46,78,124,33,46,0,45
0x9776ca,97.2189%,46,1608,1654,237,41,5,1371
0xa9427f,71.6049%,46,116,162,105,19,27,11
0xb0b0bb,65.6716%,46,88,134,80,32,14,8
0xa528f5,88.8889%,46,368,414,368,46,0,0
0x8ff6f7,76.5306%,46,150,196,0,7,39,150
0x9bc7f7,84.6154%,46,253,299,81,46,0,172
0xa5724e,72.619%,46,122,168,25,18,28,97
0x503c9b,85.1613%,46,264,310,221,37,9,43
0x984068,70.8861%,46,112,158,24,23,23,88
0xa4d2e7,71.7791%,46,117,163,10,28,18,107
0x409c43,41.0256%,46,32,78,32,46,0,0
0x51c2ae,98.4903%,46,3001,3047,0,0,46,3001
0x48c32c,68.0556%,46,98,144,95,42,4,3
0x90a427,98.0274%,46,2286,2332,2286,46,0,0
0x4b67d0,68.0556%,46,98,144,49,46,0,49
0x40a11a,31.3433%,46,21,67,13,41,5,8
0x8a6f4c,88.9688%,46,371,417,371,46,0,0
0x80bc40,88.3249%,46,348,394,348,46,0,0
0x8bb85a,68.2759%,46,99,145,67,16,30,32
0x5b9b3a,47.1264%,46,41,87,31,21,25,10
0x64aef9,99.8197%,46,25473,25519,2647,12,34,22826
0x811cd7,93.733%,46,688,734,471,0,46,217
0x488a7f,95.6065%,46,1001,1047,0,22,24,1001
0xa25c9b,95.459%,46,967,1013,39,39,7,928
0x908299,97.8585%,46,2102,2148,0,0,46,2102
0x90e312,92.3715%,46,557,603,512,24,22,45
0x50e539,52.5773%,46,51,97,15,40,6,36
0x7ce8f7,96.4926%,45,1238,1283,76,10,35,1162
0x9eb735,73.2143%,45,123,168,19,24,21,104
0x9a31c1,83.3333%,45,225,270,41,15,30,184
0xa9c56d,82.4219%,45,211,256,14,43,2,197
0x58d1c5,51.087%,45,47,92,27,45,0,20
0x54f0cc,48.8636%,45,43,88,16,35,10,27
0x8e461a,97.241%,45,1586,1631,97,13,32,1489
0x4c52a2,85.8491%,45,273,318,252,42,3,21
0x8196bd,96.4029%,45,1206,1251,10,41,4,1196
0xa32e1d,96.5753%,45,1269,1314,210,32,13,1059
0x9019f6,86.6864%,45,293,338,223,29,16,70
0x485cb3,85.2941%,45,261,306,0,0,45,261
0xa360c4,92.5249%,45,557,602,282,19,26,275
0x809448,94.6934%,45,803,848,789,25,20,14
0xa25fb2,95.5577%,45,968,1013,114,27,18,854
0x5fb881,80.7692%,45,189,234,143,36,9,46
0xa5f320,93.4593%,45,643,688,640,44,1,3
0x4b5a78,98.6042%,45,3179,3224,0,27,18,3179
0x50604b,93.9189%,45,695,740,695,45,0,0
0x58be4b,40.7895%,45,31,76,31,45,0,0
0x9178f6,93.3824%,45,635,680,0,0,45,635
0x81c2b4,67.1533%,45,92,137,57,23,22,35
0xa43c14,85.4369%,45,264,309,264,45,0,0
0xa60b63,61.2069%,45,71,116,71,45,0,0
0x60b51c,88.342%,45,341,386,341,45,0,0
0x53e4d7,99.5378%,45,9690,9735,0,11,34,9690
0xa42958,95.9276%,45,1060,1105,1053,24,21,7
0xa45028,92.6108%,45,564,609,0,4,41,564
0x504c2d,93.0016%,45,598,643,595,37,8,3
0x5fc0c0,62.5%,45,75,120,66,20,25,9
0x539099,65.9091%,45,87,132,86,42,3,1
0xa465e4,68.3099%,45,97,142,16,14,31,81
0x4bac9f,92.3599%,45,544,589,182,40,5,362
0xa549dc,90.0442%,45,407,452,395,20,25,12
0x809e88,91.9786%,45,516,561,516,43,2,0
0x80fadb,85.5769%,45,267,312,197,29,16,70
0x8216c1,86.4458%,45,287,332,0,0,45,287
0xa52a19,89.1304%,45,369,414,298,21,24,71
0x8dd33c,94.2159%,45,733,778,0,0,45,733
0x49e0e8,86.6071%,45,291,336,140,31,14,151
0x4be3fb,47.6744%,45,41,86,39,15,30,2
0xa030b7,53.6082%,45,52,97,8,42,3,44
0x596b91,98.0578%,45,2272,2317,0,0,45,2272
0x5c334f,80.3493%,45,184,229,18,22,23,166
0xa4b617,86.7257%,45,294,339,294,45,0,0
0x5be567,73.5294%,45,125,170,125,45,0,0
0x9a9241,81.8548%,45,203,248,201,29,16,2
0x511fd3,98.893%,45,4020,4065,4020,45,0,0
0xa2d794,84.0989%,45,238,283,236,43,2,2
0x404355,98.3296%,45,2649,2694,2649,45,0,0
0x9a7c06,91.9499%,45,514,559,511,40,5,3
0x643a81,94.0867%,45,716,761,0,0,45,716
0x8fd430,98.5827%,45,3130,3175,2,32,13,3128
0x8f42ea,98.1443%,45,2380,2425,688,34,11,1692
0x81450e,98.5955%,45,3159,3204,3159,45,0,0
0x4a71e2,92.6948%,45,571,616,203,23,22,368
0x5f6d11,46.4286%,45,39,84,9,17,28,30
0x8e2396,99.6537%,45,12949,12994,12949,45,0,0
0xb30176,91.2109%,45,467,512,0,0,45,467
0x64f4fa,59.0909%,45,65,110,0,0,45,65
0x5c568c,79.8206%,45,178,223,0,0,45,178
0x54747f,70.3947%,45,107,152,82,9,36,25
0x8a96f3,99.3452%,45,6827,6872,1118,28,17,5709
0x8c8d01,99.2316%,45,5811,5856,5811,37,8,0
0xa52c04,78.7736%,45,167,212,162,31,14,5
0x8bca8b,97.8972%,45,2095,2140,1207,9,36,888
0x666964,92.2945%,45,539,584,539,45,0,0
0x40bb57,84.7973%,45,251,296,243,11,34,8
0x4bacb3,87.7384%,45,322,367,126,23,22,196
0x49e061,73.6842%,45,126,171,0,0,45,126
0x5f8e29,64.8438%,45,83,128,65,34,11,18
0x8e27a8,99.5984%,45,11160,11205,11160,45,0,0
0x8e4128,98.0426%,45,2254,2299,1906,20,25,348
0x7d0ce5,95.114%,45,876,921,79,24,21,797
0xa310be,76.8041%,45,149,194,0,0,45,149
0x540255,98.351%,45,2684,2729,2682,43,2,2
0x492aa6,72.7273%,45,120,165,98,17,28,22
0x50aa66,66.9118%,45,91,136,58,11,34,33
0x9f688c,86.6469%,45,292,337,13,31,14,279
0x670472,66.1654%,45,88,133,46,24,21,42
0x9a8000,62.8099%,45,76,121,58,32,13,18
0x5590fb,91.6974%,45,497,542,36,28,17,461
0x7cf2fd,97.6291%,45,1853,1898,1003,22,23,850
0x9eef8a,62.5%,45,75,120,8,23,22,67
0xa566cb,39.1892%,45,29,74,20,44,1,9
0x53d887,97.3005%,45,1622,1667,1610,30,15,12
0x5a917d,87.2521%,45,308,353,296,28,17,12
0x8b98ba,99.6529%,45,12919,12964,0,0,45,12919
0x9eb78b,72.7273%,45,120,165,42,44,1,78
0xa94297,74.1379%,45,129,174,2,6,39,127
0x406cd7,99.9344%,45,68589,68634,68589,45,0,0
0x40490d,91.4122%,45,479,524,229,36,9,250
0x9a71d2,91.7279%,45,499,544,499,35,10,0
0x5fc4c4,62.5%,45,75,120,65,21,24,10
0x49977e,39.1892%,45,29,74,9,39,6,20
0x4c51a6,85.8491%,45,273,318,105,22,23,168
0x50d2a8,99.009%,45,4496,4541,0,0,45,4496
0x81954d,71.875%,45,115,160,60,20,25,55
0x99c84c,94.7183%,45,807,852,723,31,14,84
0x9f3239,70.9677%,45,110,155,0,0,45,110
0xa1ad87,64.5669%,45,82,127,27,26,19,55
0x5fd5ca,85.1974%,45,259,304,3,5,40,256
0x8e6a5f,95.1034%,45,874,919,69,22,23,805
0x63a6b9,77.5%,45,155,200,155,45,0,0
0x48aabd,99.1696%,45,5374,5419,872,19,26,4502
0x90ffc4,93.5294%,44,636,680,0,0,44,636
0xa33c63,96.7164%,44,1296,1340,771,39,5,525
0x50d9d2,88.8889%,44,352,396,349,43,1,3
0x40ebf9,80.0905%,44,177,221,95,3,41,82
0x507bd6,94.4515%,44,749,793,12,41,3,737
0x8ef571,84.9829%,44,249,293,130,28,16,119
0x814542,99.1134%,44,4919,4963,1739,20,24,3180
0xa51668,72.8395%,44,118,162,97,23,21,21
0x58d154,73.1707%,44,120,164,40,22,22,80
0xa5856a,75.6906%,44,137,181,28,35,9,109
0xb31bd3,99.7964%,44,21571,21615,0,0,44,21571
0x4b4928,83.0769%,44,216,260,216,44,0,0
0x510003,95.4451%,44,922,966,587,28,16,335
0x8f140d,95.2991%,44,892,936,459,26,18,433
0xa26048,91.8063%,44,493,537,53,2,42,440
0xa34317,66.4122%,44,87,131,54,24,20,33
0x4bcb9d,63.3333%,44,76,120,47,31,13,29
0x972689,83.8828%,44,229,273,0,0,44,229
0xa0019f,33.3333%,44,22,66,21,43,1,1
0x556f0c,82.1862%,44,203,247,154,38,6,49
0x80df7f,98.1818%,44,2376,2420,2166,26,18,210
0x9110b8,86.5443%,44,283,327,250,24,20,33
0x98ce1d,97.6369%,44,1818,1862,0,0,44,1818
0x4a1c94,63.3333%,44,76,120,38,22,22,38
0x53fe6d,98.2107%,44,2415,2459,706,12,32,1709
0x54fabb,81.8182%,44,198,242,81,10,34,117
0x9f987b,54.6392%,44,53,97,35,36,8,18
0xa25d4f,95.6565%,44,969,1013,924,11,33,45
0x804f91,91.5058%,44,474,518,474,42,2,0
0x99ab53,82.8125%,44,212,256,212,44,0,0
0xaa7ee0,91.6824%,44,485,529,485,44,0,0
0xa31107,65.3543%,44,83,127,63,26,18,20
0x8a50a3,79.3427%,44,169,213,164,24,20,5
0x5504d4,99.6154%,44,11396,11440,11396,44,0,0
0x5f52f4,98.8536%,44,3794,3838,47,1,43,3747
0x64b6e8,99.5073%,44,8887,8931,8887,44,0,0
0x814e07,84.3416%,44,237,281,194,31,13,43
0x48b253,86.2928%,44,277,321,277,44,0,0
0x597130,90.8903%,44,439,483,0,29,15,439
0x4a975b,69.0141%,44,98,142,63,19,25,35
0x4bed5c,91.8819%,44,498,542,494,35,9,4
0x53e479,99.35%,44,6725,6769,6723,33,11,2
0x9f3f38,78.6408%,44,162,206,155,41,3,7
0x5f76b8,92.7512%,44,563,607,563,42,2,0
0x48a7ff,98.6822%,44,3295,3339,3285,14,30,10
0x804b97,81.0345%,44,188,232,177,38,6,11
0x8bcdc2,99.7897%,44,20874,20918,20874,44,0,0
0x9c3848,87.5706%,44,310,354,310,44,0,0
0x6000b6,93.956%,44,684,728,677,24,20,7
0x5a916d,87.5354%,44,309,353,0,0,44,309
0x504bbd,71.4286%,44,110,154,97,19,25,13
0x807eec,74.4186%,44,128,172,54,22,22,74
0x67a9a5,98.4041%,44,2713,2757,0,0,44,2713
0xa39cca,96.8571%,44,1356,1400,367,16,28,989
0x51161a,97.5956%,44,1786,1830,1786,44,0,0
0x4bb8c6,78.4314%,44,160,204,130,18,26,30
0xa4a104,66.9173%,44,89,133,34,12,32,55
0x63870e,98.8934%,44,3932,3976,2990,25,19,942
0x53f310,89.7436%,44,385,429,385,44,0,0
0x8a216c,84.4523%,44,239,283,6,20,24,233
0x41087d,75.1412%,44,133,177,133,44,0,0
0x81cb25,75.8242%,44,138,182,90,32,12,48
0x90190e,88.3289%,44,333,377,0,0,44,333
0x66d442,97.4957%,44,1713,1757,289,4,40,1424
0x8a72fa,97.1317%,44,1490,1534,0,0,44,1490
0x53f5da,97.739%,44,1902,1946,0,0,44,1902
0x49f6c6,67.1642%,44,90,134,38,17,27,52
0x8a543e,89.372%,44,370,414,4,20,24,366
0xa504e8,82.6087%,44,209,253,3,36,8,206
0xa3121a,77.3196%,44,150,194,81,28,16,69
0x638715,95.4214%,44,917,961,914,18,26,3
0x53c73b,89.1089%,44,360,404,87,29,15,273
0x5fe852,88.9724%,44,355,399,37,15,29,318
0x53c71c,80.0905%,44,177,221,143,20,24,34
0xb2b52a,87.2832%,44,302,346,302,44,0,0
0x4a74ad,38.8889%,44,28,72,28,44,0,0
0x905c67,94.086%,44,700,744,424,22,22,276
0xa261d1,90.5579%,44,422,466,60,16,28,362
0x5591c2,99.7612%,44,18379,18423,18379,44,0,0
0x809e44,82.6772%,44,210,254,11,32,12,199
0x8e9f4c,98.2301%,44,2442,2486,65,28,16,2377
0x8ec413,95.3191%,44,896,940,896,44,0,0
0x8fdc1a,96.1268%,44,1092,1136,0,0,44,1092
0x8fd96e,72.1519%,44,114,158,104,39,5,10
0x903f15,47.619%,44,40,84,26,24,20,14
0x8e9fff,98.2215%,44,2430,2474,2059,16,28,371
0xa58ed7,87.2464%,44,301,345,207,19,25,94
0x506a5d,90.5983%,44,424,468,403,12,32,21
0x80f671,70.2703%,44,104,148,98,20,24,6
0x4931d5,73.6527%,44,123,167,103,25,19,20
0xa4549e,93.6139%,44,645,689,645,44,0,0
0xa46c4e,80.8696%,44,186,230,102,32,12,84
0xa9e145,78.3251%,44,159,203,142,21,23,17
0x63b4b1,94.5679%,44,766,810,0,0,44,766
0x597146,90.3084%,44,410,454,382,29,15,28
0xa9369a,88.2038%,44,329,373,329,44,0,0
0xa46a81,80.8696%,44,186,230,110,24,20,76
0x8d3c9e,91.5709%,44,478,522,113,28,16,365
0x59bbb5,97.9592%,44,2112,2156,2112,44,0,0
0xa911d7,93.7677%,44,662,706,0,4,40,662
0x98cc21,93.7765%,44,663,707,662,27,17,1
0x910d94,98.8753%,44,3868,3912,0,0,44,3868
0x6477d4,67.6471%,44,92,136,92,44,0,0
0xa30aa9,97.3934%,44,1644,1688,0,0,44,1644
0x834fd5,99.6314%,44,11892,11936,11892,44,0,0
0x596851,98.0348%,44,2195,2239,2190,22,22,5
0x547cb3,92.6421%,44,554,598,554,44,0,0
0xa91ab4,77.4359%,44,151,195,3,20,24,148
0x98b540,75.2809%,44,134,178,134,44,0,0
0x40e802,93.9058%,44,678,722,385,20,24,293
0x9a9a6f,91.9414%,44,502,546,1,4,40,501
0xa50599,61.0619%,44,69,113,39,33,11,30
0x5b9db5,63.6364%,44,77,121,45,28,16,32
0x9aadae,91.9708%,44,504,548,331,12,32,173
0x8fe51c,99.2032%,44,5478,5522,0,0,44,5478
0x9e049d,61.4035%,44,70,114,26,30,14,44
0x9c3fce,90.7725%,43,423,466,423,43,0,0
0x80c2d3,84.1912%,43,229,272,4,31,12,225
0x98b40f,41.8919%,43,31,74,6,34,9,25
0x807846,91.0417%,43,437,480,437,25,18,0
0x54f21c,65.3226%,43,81,124,53,28,15,28
0xa3cc2b,84.8592%,43,241,284,125,15,28,116
0x543d3c,73.125%,43,117,160,7,41,2,110
0x54f4d4,0%,43,0,43,0,0,43,0
0xa3532d,97.7428%,43,1862,1905,3,0,43,1859
0x59c0e0,79.9065%,43,171,214,0,0,43,171
0x8e1157,98.974%,43,4148,4191,93,25,18,4055
0x972556,80.543%,43,178,221,178,43,0,0
0x53c4f1,89.0306%,43,349,392,349,43,0,0
0x59720f,86.3924%,43,273,316,152,22,21,121
0x552aa3,68.8406%,43,95,138,95,41,2,0
0x499ac6,69.2857%,43,97,140,61,9,34,36
0x53b2a0,98.2363%,43,2395,2438,0,0,43,2395
0x5411dd,99.6963%,43,14116,14159,0,8,35,14116
0x53aff4,59.434%,43,63,106,34,23,20,29
0x9edfb9,85.5705%,43,255,298,255,43,0,0
0xa51276,83.004%,43,210,253,210,39,4,0
0x5bba93,96.933%,43,1359,1402,1359,41,2,0
0x9fe548,67.9104%,43,91,134,91,43,0,0
0x53c3f0,89.4866%,43,366,409,365,18,25,1
0x53ba97,89.0306%,43,349,392,230,30,13,119
0x539c05,94.625%,43,757,800,522,30,13,235
0x8a734c,89.4608%,43,365,408,365,43,0,0
0xa32183,77.8351%,43,151,194,151,39,4,0
0x64f478,64.7541%,43,79,122,9,14,29,70
0x5c33c7,81.2227%,43,186,229,7,1,42,179
0x9e7543,89.25%,43,357,400,167,11,32,190
0x53431e,57.4257%,43,58,101,0,0,43,58
0x507cde,75%,43,129,172,33,30,13,96
0xb323dc,95.5624%,43,926,969,926,43,0,0
0x99ba3c,77.3684%,43,147,190,147,43,0,0
0x8d266a,99.4844%,43,8296,8339,0,0,43,8296
0x538a15,94.0526%,43,680,723,0,0,43,680
0x9a1f20,78.8177%,43,160,203,39,30,13,121
0xa5032d,87.9888%,43,315,358,315,43,0,0
0x50240e,92.3623%,43,520,563,0,0,43,520
0x98ccd3,81.4655%,43,189,232,84,6,37,105
0xa301bf,85.7143%,43,258,301,79,27,16,179
0xa45de9,17.3077%,43,9,52,9,43,0,0
0x53f38d,78.7129%,43,159,202,27,21,22,132
0xa58f7f,63.8655%,43,76,119,76,43,0,0
0x81457e,97.5554%,43,1716,1759,1671,43,0,45
0x80a596,96.2281%,43,1097,1140,1097,41,2,0
0x4c005e,78.2828%,43,155,198,153,43,0,2
0x8dfcdf,93.8571%,43,657,700,657,43,0,0
0xb17985,95.9472%,43,1018,1061,1018,43,0,0
0x8bd277,98.5116%,43,2846,2889,932,32,11,1914
0x9f1a10,88.7728%,43,340,383,338,35,8,2
0x9e0076,95.9963%,43,1031,1074,885,41,2,146
0x90c9a7,98.0622%,43,2176,2219,2090,24,19,86
0x8ab512,85.9477%,43,263,306,263,43,0,0
0x8e442f,98.1296%,43,2256,2299,1904,22,21,352
0x8a94ed,97.1987%,43,1492,1535,368,16,27,1124
0x82276f,91.4683%,43,461,504,42,36,7,419
0x5a91a5,87.8187%,43,310,353,286,34,9,24
0x40450a,96.7424%,43,1277,1320,314,19,24,963
0x4994a3,79.0244%,43,162,205,161,39,4,1
0x8e2fc6,97.825%,43,1934,1977,0,0,43,1934
0x8feed6,86.4353%,43,274,317,165,17,26,109
0xa97596,71.1409%,43,106,149,91,23,20,15
0x90f2a5,98.5695%,43,2963,3006,2963,43,0,0
0x604442,74.4048%,43,125,168,124,32,11,1
0x50216d,68.8406%,43,95,138,64,7,36,31
0x9ef2c5,69.5035%,43,98,141,58,23,20,40
0x5f8784,24.5614%,43,14,57,0,0,43,14
0x9f0adb,95.0231%,43,821,864,0,5,38,821
0x949f94,80.7175%,43,180,223,0,0,43,180
0xa8fb41,74.7059%,43,127,170,127,43,0,0
0x5fbd31,64.1667%,43,77,120,75,11,32,2
0x50e495,55.6701%,43,54,97,40,21,22,14
0x5fb6d2,88.9175%,43,345,388,94,26,17,251
0x81f234,97.8228%,43,1932,1975,1904,24,19,28
0x8a96e4,99.3743%,43,6829,6872,3217,37,6,3612
0x403c0a,92.7731%,43,552,595,217,35,8,335
0xaa57c2,99.3198%,43,6279,6322,6279,43,0,0
0x8fdf8b,98.4033%,43,2650,2693,20,16,27,2630
0x8106d6,92.0956%,43,501,544,483,27,16,18
0x4b4c2c,88.3469%,43,326,369,289,11,32,37
0x40a8d5,71.1409%,43,106,149,39,19,24,67
0xa50193,70.9459%,43,105,148,18,39,4,87
0x8fd392,98.9136%,43,3915,3958,0,3,40,3915
0x40e249,41.8919%,43,31,74,0,0,43,31
0xa43ca7,88.8889%,43,344,387,86,20,23,258
0x80fa89,68.3824%,43,93,136,18,26,17,75
0x9a4685,93.75%,43,645,688,0,0,43,645
0x609b80,82.9365%,43,209,252,0,7,36,209
0x81d1bb,84.5878%,43,236,279,198,21,22,38
0x508bc1,91.9325%,43,490,533,490,43,0,0
0x805ee1,79.1262%,43,163,206,147,16,27,16
0xb14983,98.9901%,43,4215,4258,0,0,43,4215
0x593872,93.2283%,43,592,635,0,0,43,592
0x9fb660,82.5203%,43,203,246,0,0,43,203
0x9a6f88,75.4286%,43,132,175,118,32,11,14
0x8a9862,99.0976%,42,4612,4654,2,10,32,4610
0x818a34,99.6234%,42,11111,11153,11111,42,0,0
0xa91020,89.9038%,42,374,416,165,37,5,209
0x99a86f,84.5018%,42,229,271,64,38,4,165
0xa576b0,94.4444%,42,714,756,714,22,20,0
0x501137,99.5663%,42,9641,9683,116,24,18,9525
0x97269f,84.6154%,42,231,273,5,15,27,226
0x8e91f2,95.625%,42,918,960,918,42,0,0
0x60986e,89.4472%,42,356,398,0,0,42,356
0x54566e,96.0076%,42,1010,1052,985,17,25,25
0x4041c5,91.8762%,42,475,517,92,42,0,383
0x504e76,56.701%,42,55,97,31,28,14,24
0xa9ea94,88.102%,42,311,353,254,14,28,57
0x8a6134,87.234%,42,287,329,287,42,0,0
0x810908,84.0909%,42,222,264,210,26,16,12
0x64b4dd,98.215%,42,2311,2353,2308,42,0,3
0x8a739a,95.4936%,42,890,932,786,38,4,104
0x9eeecc,81.7391%,42,188,230,187,37,5,1
0x67adc5,98.4766%,42,2715,2757,0,0,42,2715
0x807f10,67.9389%,42,89,131,48,21,21,41
0x8fe5a1,89.9281%,42,375,417,0,0,42,375
0x8bb363,90.7489%,42,412,454,26,37,5,386
0x53452e,99.4221%,42,7226,7268,0,34,8,7226
0x8bd485,99.9379%,42,67597,67639,67597,42,0,0
0x505a36,93.5085%,42,605,647,56,34,8,549
0xa46dfd,83.6576%,42,215,257,0,0,42,215
0x546434,90.5192%,42,401,443,401,42,0,0
0x807c2a,81.1659%,42,181,223,95,30,12,86
0xaad9b7,65%,42,78,120,0,0,42,78
0x403d82,96.1991%,42,1063,1105,53,22,20,1010
0x48951a,94.4223%,42,711,753,241,29,13,470
0x976dfb,85%,42,238,280,15,19,23,223
0x9ef296,75.8621%,42,132,174,122,19,23,10
0x677d05,95.6432%,42,922,964,789,30,12,133
0x55705d,82.996%,42,205,247,48,27,15,157
0x8f428f,98.332%,42,2476,2518,2209,19,23,267
0x6670db,95.7874%,42,955,997,20,10,32,935
0x4a1bdf,97.2745%,42,1499,1541,1499,42,0,0
0x8f26f8,90.6874%,42,409,451,409,42,0,0
0x54f1f0,52.2727%,42,46,88,22,29,13,24
0x9f5927,70.8333%,42,102,144,93,26,16,9
0xa437fa,90.0943%,42,382,424,23,37,5,359
0x49f971,96.7667%,42,1257,1299,0,15,27,1257
0xa2d347,89.3401%,42,352,394,352,42,0,0
0x9059d1,85.906%,42,256,298,0,0,42,256
0x97843c,91.195%,42,435,477,435,42,0,0
0xaa05cb,38.2353%,42,26,68,0,1,41,26
0xa8f94c,71.2329%,42,104,146,37,24,18,67
0x4b4bbf,83.8462%,42,218,260,33,25,17,185
0x80570b,60.3774%,42,64,106,62,38,4,2
0x808843,90.3448%,42,393,435,84,24,18,309
0xa45b3f,83.6576%,42,215,257,0,32,10,215
0xa4eeba,74.0741%,42,120,162,99,41,1,21
0x6775fd,88.6792%,42,329,371,0,2,40,329
0x499712,66.9291%,42,85,127,52,1,41,33
0x403d42,96.4676%,42,1147,1189,7,27,15,1140
0x511f47,69.5652%,42,96,138,96,42,0,0
0xa33249,98.4091%,42,2598,2640,0,0,42,2598
0xa91d45,71.6216%,42,106,148,106,42,0,0
0x499724,43.2432%,42,32,74,32,42,0,0
0xa2d660,78.3505%,42,152,194,0,0,42,152
0x50d65f,96.1183%,42,1040,1082,463,41,1,577
0x8fc12f,98.9399%,42,3920,3962,3920,42,0,0
0x8c813c,97.9249%,42,1982,2024,121,13,29,1861
0x94d954,93.2149%,42,577,619,577,42,0,0
0x9a897c,87.3112%,42,289,331,253,16,26,36
0x53440d,99.5284%,42,8863,8905,0,0,42,8863
0x5456cc,96.0076%,42,1010,1052,0,0,42,1010
0x8e311d,98.9979%,42,4149,4191,2192,22,20,1957
0x54ef58,66.129%,42,82,124,66,15,27,16
0x41057c,99.2548%,42,5594,5636,5594,42,0,0
0x9a7d66,85.6655%,42,251,293,107,31,11,144
0xa018db,94.5312%,42,726,768,726,38,4,0
0x973dd5,66.6667%,42,84,126,71,25,17,13
0x5580a9,93.578%,42,612,654,612,42,0,0
0x821049,51.1628%,42,44,86,15,16,26,29
0x8fedac,98.5714%,42,2898,2940,2898,42,0,0
0x835d63,73.913%,42,119,161,12,26,16,107
0x8eee3d,90.6874%,42,409,451,0,0,42,409
0x90ad16,95.6296%,42,919,961,885,32,10,34
0x534574,99.0393%,42,4330,4372,4330,42,0,0
0x5f75e4,93.6267%,42,617,659,617,40,2,0
0x409b06,60.7477%,42,65,107,58,20,22,7
0xa94498,69.5652%,42,96,138,20,32,10,76
0x80e7e5,92.0152%,42,484,526,17,37,5,467
0xa55e73,60.7477%,42,65,107,55,22,20,10
0x8ef43c,90.4328%,42,397,439,7,23,19,390
0x8fd01a,71.4286%,42,105,147,0,0,42,105
0x5fa896,69.5652%,42,96,138,36,33,9,60
0x409cf0,81.4978%,42,185,227,115,21,21,70
0x5f8e83,84.6715%,42,232,274,226,28,14,6
0x539390,89.7311%,42,367,409,367,16,26,0
0x60959c,83.3333%,42,210,252,0,0,42,210
0x9e73f6,80.6452%,42,175,217,54,27,15,121
0x8c804a,95.5603%,42,904,946,871,31,11,33
0x49f939,96.9979%,42,1357,1399,45,24,18,1312
0x638fd0,87.574%,42,296,338,35,26,16,261
0x48cfd4,96.2533%,42,1079,1121,1,9,33,1078
0xa3a2f3,94.1989%,42,682,724,682,42,0,0
0xa935e8,75.1479%,42,127,169,64,24,18,63
0x5c332d,81.6594%,42,187,229,187,42,0,0
0x9bd123,41.6667%,42,30,72,23,15,27,7
0x9f2117,89.0339%,42,341,383,339,34,8,2
0x8aa8c9,94.2857%,42,693,735,693,42,0,0
0x8fe328,99.4108%,42,7086,7128,0,0,42,7086
0x4057c6,98.3581%,42,2516,2558,1972,23,19,544
0xa5010f,74.5455%,42,123,165,7,10,32,116
0x5bb7bb,95.6567%,42,925,967,925,42,0,0
0xb4a1a6,94.337%,41,683,724,0,0,41,683
0x41089b,76.8362%,41,136,177,83,14,27,53
0x81d5ac,83.7302%,41,211,252,163,29,12,48
0xad7ddd,98.8092%,41,3402,3443,3402,41,0,0
0x9a7a76,68.7023%,41,90,131,59,37,4,31
0x5bae93,70.5036%,41,98,139,82,20,21,16
0x53420a,69.6296%,41,94,135,69,32,9,25
0xa911f6,52.8736%,41,46,87,34,31,10,12
0x492a85,75.1515%,41,124,165,117,28,13,7
0x4043fc,98.2816%,41,2345,2386,190,39,2,2155
0x8dc1ff,98.2166%,41,2258,2299,642,26,15,1616
0xa56f0b,84.1085%,41,217,258,28,25,16,189
0x8bc959,21.1538%,41,11,52,11,41,0,0
0x538586,99.1825%,41,4974,5015,1674,38,3,3300
0x8ef6d1,85.461%,41,241,282,129,18,23,112
0x67f0de,99.0396%,41,4228,4269,4228,41,0,0
0x60ddb2,92.2053%,41,485,526,404,41,0,81
0x808769,60.1942%,41,62,103,28,17,24,34
0x807700,86.0068%,41,252,293,157,19,22,95
0xa2aae8,63.7168%,41,72,113,18,13,28,54
0xa6097f,86.5574%,41,264,305,0,0,41,264
0x48edf4,87.6133%,41,290,331,290,41,0,0
0x63ccb0,95.0061%,41,780,821,596,25,16,184
0xaa069e,75.5952%,41,127,168,3,23,18,124
0x40f65f,99.4033%,41,6830,6871,0,0,41,6830
0xa608fd,91.7172%,41,454,495,454,41,0,0
0x9ee172,74.5342%,41,120,161,115,40,1,5
0xb22b60,97.8051%,41,1827,1868,0,0,41,1827
0x9f123a,95.9163%,41,963,1004,963,41,0,0
0xa23c61,76.1628%,41,131,172,85,25,16,46
0x8e0af9,98.3481%,41,2441,2482,493,12,29,1948
0x627af3,96.5284%,41,1140,1181,11,12,29,1129
0x59719b,93.3977%,41,580,621,0,0,41,580
0x4bcca8,77.2222%,41,139,180,38,35,6,101
0xb30af4,39.7059%,41,27,68,16,40,1,11
0x8fdf00,99.8776%,41,33459,33500,33459,41,0,0
0x81e50f,92.5859%,41,512,553,55,23,18,457
0xa3947c,94.4444%,41,697,738,697,27,14,0
0xa3a0fb,95.5044%,41,871,912,2,26,15,869
0x547e87,92.4771%,41,504,545,0,0,41,504
0x49f9c0,73.8854%,41,116,157,37,23,18,79
0x5529ba,71.1268%,41,101,142,3,1,40,98
0x402d27,76.1628%,41,131,172,82,31,10,49
0x9ab3c8,85.0909%,41,234,275,0,0,41,234
0x974603,73.0263%,41,111,152,36,34,7,75
0x9ab470,85.8131%,41,248,289,178,22,19,70
0x537a63,94.4369%,41,696,737,0,0,41,696
0x81c2db,48.75%,41,39,80,11,23,18,28
0x94478e,81.5315%,41,181,222,85,19,22,96
0x543642,69.6296%,41,94,135,18,9,32,76
0x58da71,80.3828%,41,168,209,12,14,27,156
0x4037ef,94.8167%,41,750,791,225,35,6,525
0x48ce24,98.8721%,41,3594,3635,3593,41,0,1
0x66646f,92.1456%,41,481,522,465,27,14,16
0x4c2020,86.9427%,41,273,314,143,12,29,130
0xb2e7a5,99.4872%,41,7954,7995,6,13,28,7948
0x8e6966,74.375%,41,119,160,0,0,41,119
0x8bb434,90.9692%,41,413,454,52,11,30,361
0xa451a6,89.6985%,41,357,398,357,41,0,0
0x8f6080,92.2053%,41,485,526,305,27,14,180
0x40e1d3,44.5946%,41,33,74,33,39,2,0
0x4b9f1e,88.0814%,41,303,344,91,17,24,212
0x4bb471,80.3828%,41,168,209,153,4,37,15
0x404649,81.6964%,41,183,224,102,15,26,81
0xa34af3,81.5315%,41,181,222,105,35,6,76
0x805b2b,98.5278%,41,2744,2785,2744,41,0,0
0x548157,98.9222%,41,3763,3804,3763,41,0,0
0x97bbdc,76.7045%,41,135,176,92,22,19,43
0xa022a3,96.5017%,41,1131,1172,3,24,17,1128
0x545c2c,98.7211%,41,3165,3206,2992,4,37,173
0x9a932c,43.8356%,41,32,73,16,37,4,16
0x492ace,75.1515%,41,124,165,124,39,2,0
0xa90185,78.3069%,41,148,189,105,21,20,43
0x81c1f2,81.3636%,41,179,220,29,24,17,150
0x8fe40b,82.6271%,41,195,236,83,33,8,112
0x95194b,82.7004%,41,196,237,47,33,8,149
0x8c7b70,95.666%,41,905,946,21,25,16,884
0x8a9870,99.1168%,41,4601,4642,4601,41,0,0
0x4bc5a7,79.902%,41,163,204,101,7,34,62
0x9e281f,92.3933%,41,498,539,498,41,0,0
0x9ed396,90.9692%,41,413,454,56,1,40,357
0x405e1a,82.7731%,41,197,238,155,11,30,42
0xa02635,97.252%,41,1451,1492,1450,15,26,1
0x48dcaf,99.4129%,41,6942,6983,0,0,41,6942
0x48d991,95.362%,41,843,884,398,12,29,445
0x507870,94.8298%,41,752,793,44,9,32,708
0x48aefb,80.9302%,41,174,215,174,41,0,0
0x8bd221,99.8435%,41,26155,26196,26155,41,0,0
0x811bd7,94.6684%,41,728,769,268,3,38,460
0x609f7f,98.6149%,41,2919,2960,0,0,41,2919
0x8ec2e2,96.2693%,41,1058,1099,1037,17,24,21
0x40a310,54.9451%,41,50,91,50,41,0,0
0xa58f3a,65.5462%,41,78,119,78,41,0,0
0x5bae1f,79.5%,41,159,200,159,39,2,0
0x9e275b,92.0078%,41,472,513,304,17,24,168
0x404829,93.3225%,41,573,614,573,41,0,0
0x6680b1,98.1175%,41,2137,2178,2137,41,0,0
0x9846c9,71.9178%,41,105,146,61,22,19,44
0x8e1543,99.2382%,41,5341,5382,0,0,41,5341
0x782a03,82.9167%,41,199,240,56,28,13,143
0x9c395e,68.2171%,41,88,129,33,26,15,55
0x9e730d,86.5574%,41,264,305,257,34,7,7
0x9a9293,84.4697%,41,223,264,3,11,30,220
0x9f1ce4,89.295%,41,342,383,342,41,0,0
0x9e03a6,96.0803%,41,1005,1046,134,18,23,871
0x8c86f5,91.7004%,41,453,494,453,41,0,0
0x8ed72a,95.6476%,41,901,942,900,41,0,1
0x81ed1b,97.4359%,41,1558,1599,259,15,26,1299
0x8e43eb,97.9262%,41,1936,1977,275,26,15,1661
0x81985b,95.2381%,41,820,861,0,34,7,820
0x550507,99.6416%,41,11399,11440,11399,41,0,0
0x90e82d,97.4214%,41,1549,1590,1549,11,30,0
0xa54ed3,86.2876%,41,258,299,255,20,21,3
0x59709b,92.0849%,41,477,518,5,30,11,472
0x97b748,60.5769%,41,63,104,44,25,16,19
0x610aec,90.9692%,41,413,454,72,20,21,341
0x8bcbdf,66.6667%,41,82,123,25,28,13,57
0x810188,95.2326%,41,819,860,38,24,17,781
0x7b7180,70.922%,41,100,141,38,19,22,62
0x908fe9,97.7921%,41,1816,1857,0,0,41,1816
0x53a581,83.6653%,41,210,251,210,39,2,0
0x49fb7c,90.3073%,41,382,423,8,6,35,374
0x8b94ef,99.7931%,41,19780,19821,19780,41,0,0
0xa369a5,90.5093%,41,391,432,375,41,0,16
0x53d8a1,80.4762%,41,169,210,154,29,12,15
0xa50c11,54.4444%,41,49,90,12,24,17,37
0xaa2f08,93.3871%,41,579,620,481,37,4,98
0x8a8c5c,92.9915%,41,544,585,14,31,10,530
0x55b38b,96.0915%,41,1008,1049,0,0,41,1008
0xa9d1b5,64.6552%,41,75,116,16,18,23,59
0xaae4a0,99.7439%,41,15968,16009,15968,41,0,0
0x554e1f,71.1268%,41,101,142,0,0,41,101
0x9f4403,75.5952%,41,127,168,127,41,0,0
0xa50bf8,72.2973%,41,107,148,38,20,21,69
0x53bb57,96.4129%,41,1102,1143,864,22,19,238
0x94c59b,92.6786%,41,519,560,440,16,25,79
0x5b2734,10.8696%,41,5,46,5,41,0,0
0x90fe3d,98.9247%,41,3772,3813,3772,41,0,0
0x9a236b,49.3827%,41,40,81,27,34,7,13
0x9eb776,59%,41,59,100,12,2,39,47
0x511d88,98.0326%,41,2043,2084,380,4,37,1663
0x942669,91.5114%,41,442,483,0,0,41,442
0x8ed03f,78.866%,41,153,194,7,15,26,146
0x8a68c0,70.5036%,41,98,139,98,41,0,0
0x80eb5c,90.5093%,41,391,432,35,29,12,356
0x8f58d3,98.4303%,41,2571,2612,2571,41,0,0
0x8fc4a7,96.3717%,41,1089,1130,0,0,41,1089
0x8341a2,68.4615%,41,89,130,0,2,39,89
0x610d27,95.0495%,40,768,808,0,0,40,768
0x9ea6c1,78.9474%,40,150,190,150,40,0,0
0xb28b1a,98.5806%,40,2778,2818,0,0,40,2778
0x5387e0,99.0828%,40,4321,4361,0,0,40,4321
0x4a1e19,96.613%,40,1141,1181,1140,18,22,1
0xb3443d,68.75%,40,88,128,18,24,16,70
0x4b66b0,74.1935%,40,115,155,43,6,34,72
0x4ba256,78.836%,40,149,189,0,0,40,149
0x554e33,71.831%,40,102,142,102,40,0,0
0xa50a5b,88.8268%,40,318,358,311,11,29,7
0x53df4d,99.1234%,40,4523,4563,0,0,40,4523
0x5fb20c,85.8156%,40,242,282,83,32,8,159
0x5c6acf,99.0121%,40,4009,4049,0,0,40,4009
0x9f588f,89.8477%,40,354,394,0,0,40,354
0x54187d,97.7051%,40,1703,1743,0,0,40,1703
0x5350bf,99.4533%,40,7276,7316,7276,40,0,0
0x499a0c,73.8562%,40,113,153,113,40,0,0
0x8bd37b,97.7143%,40,1710,1750,0,0,40,1710
0x7ce93c,96.23%,40,1021,1061,1021,40,0,0
0x499170,78.7234%,40,148,188,114,24,16,34
0x508997,90.991%,40,404,444,40,1,39,364
0x40ce13,99.7942%,40,19393,19433,19393,40,0,0
0x4a6fb4,84%,40,210,250,99,30,10,111
0x80bf7b,78.3784%,40,145,185,132,5,35,13
0x8fe9c2,99.2464%,40,5268,5308,0,25,15,5268
0xa2661f,96.0513%,40,973,1013,973,40,0,0
0x835d90,56.044%,40,51,91,4,34,6,47
0x5fe65b,61.9048%,40,65,105,65,40,0,0
0x5bc20b,97.1469%,40,1362,1402,0,0,40,1362
0x53c4a2,92.2929%,40,479,519,371,18,22,108
0x977f9a,85.2941%,40,232,272,0,0,40,232
0x5341e3,84.1897%,40,213,253,107,28,12,106
0x5fb6c6,89.6907%,40,348,388,0,0,40,348
0x5fb247,81.2207%,40,173,213,173,34,6,0
0xa555da,77.9006%,40,141,181,123,20,20,18
0xa59637,63.3028%,40,69,109,13,24,16,56
0x58dae5,73.5099%,40,111,151,111,40,0,0
0x9c3ee0,53.4884%,40,46,86,35,19,21,11
0x403d8a,96.7267%,40,1182,1222,123,19,21,1059
0xa90cd7,70.8029%,40,97,137,48,15,25,49
0x8062ea,80.9524%,40,170,210,79,30,10,91
0x81232a,81.3953%,40,175,215,107,9,31,68
0x8dc692,98.2601%,40,2259,2299,1516,5,35,743
0x40dfab,70.3704%,40,95,135,93,33,7,2
0xa52a56,57.8947%,40,55,95,27,3,37,28
0x817201,75%,40,120,160,3,0,40,117
0x9005cf,88.5057%,40,308,348,0,0,40,308
0x647375,93.7107%,40,596,636,2,34,6,594
0xa5c679,60.7843%,40,62,102,62,40,0,0
0x5b9bb4,54.023%,40,47,87,8,6,34,39
0x7814e6,94.0916%,40,637,677,637,40,0,0
0x5c6a99,98.9545%,40,3786,3826,0,0,40,3786
0x9ea625,68%,40,85,125,56,26,14,29
0x542b13,98.0676%,40,2030,2070,2030,40,0,0
0x5c3324,82.5328%,40,189,229,0,0,40,189
0x5bd470,98.6188%,40,2856,2896,1439,9,31,1417
0x4bac6d,93.0915%,40,539,579,0,0,40,539
0x80f827,96.6216%,40,1144,1184,1144,40,0,0
0xa9e9df,88.6686%,40,313,353,98,29,11,215
0x40a235,73.1544%,40,109,149,33,25,15,76
0x5560f2,83.3333%,40,200,240,200,40,0,0
0x8ba37f,97.0194%,40,1302,1342,0,0,40,1302
0x900612,88.4393%,40,306,346,149,27,13,157
0x8f6a0b,88.9807%,40,323,363,0,0,40,323
0x8fd953,81.982%,40,182,222,55,9,31,127
0x591c2a,73.5099%,40,111,151,79,14,26,32
0xa5863d,80.9524%,40,170,210,154,4,36,16
0x67061e,69.9248%,40,93,133,62,30,10,31
0x81bed8,96.5035%,40,1104,1144,0,0,40,1104
0x48dcca,99.4272%,40,6943,6983,0,0,40,6943
0x4bc2b2,79.6954%,40,157,197,157,39,1,0
0xa4d862,80.9524%,40,170,210,54,35,5,116
0x539bb4,95%,40,760,800,512,33,7,248
0x8b9792,99.7549%,40,16279,16319,4915,27,13,11364
0x544403,85.7651%,40,241,281,41,16,24,200
0x610508,92.6335%,40,503,543,0,0,40,503
0x971431,52.9412%,40,45,85,43,35,5,2
0xa25eae,96.0513%,40,973,1013,973,40,0,0
0x8bca75,95.671%,40,884,924,753,13,27,131
0x81edb6,83.871%,40,208,248,208,40,0,0
0x8a78cc,84.4358%,40,217,257,217,37,3,0
0x94db3c,93.1857%,40,547,587,0,0,40,547
0x54546d,92.8187%,40,517,557,388,35,5,129
0x8a96c5,97.2789%,40,1430,1470,13,25,15,1417
0x908f40,97.9014%,40,1866,1906,40,11,29,1826
0x51b34f,96.8553%,40,1232,1272,773,4,36,459
0x8e91eb,97.1671%,40,1372,1412,423,29,11,949
0x60a8b3,97.619%,40,1640,1680,400,22,18,1240
0x4c2418,76.1905%,40,128,168,128,31,9,0
0xa30533,93.5795%,40,583,623,154,15,25,429
0x63b3bb,98.1194%,40,2087,2127,2087,40,0,0
0x7d1bf0,95.11%,40,778,818,245,16,24,533
0x4c4095,80.3922%,40,164,204,79,33,7,85
0x819326,94.8454%,40,736,776,0,0,40,736
0x80c115,93.7206%,40,597,637,72,21,19,525
0x5906e2,85.9155%,40,244,284,240,37,3,4
0x5f0c4b,88.1657%,40,298,338,2,3,37,296
0x80d54d,66.6667%,40,80,120,66,34,6,14
0x8dc1d4,98.2601%,40,2259,2299,654,14,26,1605
0x8a282e,85.7651%,40,241,281,241,40,0,0
0xaa1311,79.4872%,40,155,195,0,0,40,155
0x5335c4,51.2195%,40,42,82,5,33,7,37
0x55813e,90.0249%,40,361,401,361,40,0,0
0xb1799c,96.23%,40,1021,1061,0,0,40,1021
0x9ab2fc,90.4762%,40,380,420,108,4,36,272
0x541f7c,95.283%,40,808,848,808,40,0,0
0xa91080,70.1493%,40,94,134,94,40,0,0
0xb30265,99.379%,40,6401,6441,0,0,40,6401
0x9484c7,97.2261%,40,1402,1442,1402,40,0,0
0x4b6600,74.1935%,40,115,155,100,20,20,15
0xa33069,85.9155%,40,244,284,0,0,40,244
0xb17a01,96.23%,40,1021,1061,323,23,17,698
0x8ff3fb,84.252%,40,214,254,123,4,36,91
0x99c579,88.604%,40,311,351,311,40,0,0
0x5c44fb,94.6309%,40,705,745,685,23,17,20
0x491b1c,75.7576%,40,125,165,125,38,2,0
0xb0c67f,98.0545%,40,2016,2056,2016,40,0,0
0xa336cc,95.3704%,40,824,864,546,8,32,278
0xa560b4,75%,40,120,160,46,34,6,74
0x9f938a,53.4884%,40,46,86,22,30,10,24
0x502134,48.7179%,40,38,78,19,13,27,19
0x8224b6,94.723%,40,718,758,202,23,17,516
0x49de6c,28.5714%,40,16,56,3,25,15,13
0x8dd093,94.4598%,40,682,722,586,35,5,96
0x499013,90.8467%,40,397,437,98,14,26,299
0x8bc806,99.8189%,40,22045,22085,22037,14,26,8
0xa5491a,90.7621%,40,393,433,383,15,25,10
0x78186e,92%,40,460,500,460,40,0,0
0x403883,89.7436%,40,350,390,350,40,0,0
0x53ac0e,65.2174%,40,75,115,75,40,0,0
0x793054,72.7273%,39,104,143,99,34,5,5
0x51b49a,85%,39,221,260,32,27,12,189
0x90854c,99.4567%,39,7139,7178,4995,18,21,2144
0x9f4b25,68.0328%,39,83,122,11,31,8,72
0xa30b33,97.6896%,39,1649,1688,0,0,39,1649
0x9fc843,82.2727%,39,181,220,181,33,6,0
0x8fc115,97.3613%,39,1439,1478,702,37,2,737
0x405e3f,93.8679%,39,597,636,574,18,21,23
0x5b02b8,75%,39,117,156,41,25,14,76
0xa50ee1,76.3636%,39,126,165,117,31,8,9
0x8a54ed,97.1025%,39,1307,1346,96,16,23,1211
0xa50f59,84.585%,39,214,253,214,1,38,0
0x50164b,97.2651%,39,1387,1426,23,29,10,1364
0x4a71f0,90%,39,351,390,0,0,39,351
0x4c2031,75.4717%,39,120,159,32,23,16,88
0x9c4194,88.253%,39,293,332,293,39,0,0
0x609814,90.201%,39,359,398,0,0,39,359
0x9f62f5,89.7638%,39,342,381,48,32,7,294
0x8fbf94,94.7226%,39,700,739,700,39,0,0
0x8da425,94.2222%,39,636,675,636,39,0,0
0x818e12,94.9742%,39,737,776,0,34,5,737
0x5fe808,62.8571%,39,66,105,58,19,20,8
0xa02b82,48.6842%,39,37,76,35,39,0,2
0xaae78e,17.0213%,39,8,47,8,39,0,0
0x40f5bd,99.6607%,39,11454,11493,10914,7,32,540
0x60a898,97.6786%,39,1641,1680,1536,31,8,105
0x943945,48%,39,36,75,0,0,39,36
0x908673,97.5791%,39,1572,1611,0,0,39,1572
0x911a9a,97.8885%,39,1808,1847,581,18,21,1227
0xa27682,96.9315%,39,1232,1271,0,0,39,1232
0x544d2a,82.5893%,39,185,224,87,5,34,98
0xace338,83.2618%,39,194,233,73,12,27,121
0xa4643b,79.7927%,39,154,193,154,39,0,0
0x53c634,94.1791%,39,631,670,0,0,39,631
0x820dc6,93.5216%,39,563,602,228,16,23,335
0x8fee76,90.3465%,39,365,404,0,0,39,365
0x4022ad,97.5456%,39,1550,1589,17,26,13,1533
0x4ca064,95.8378%,39,898,937,894,35,4,4
0x50ee98,72.9167%,39,105,144,51,8,31,54
0xb2e5d9,99.8667%,39,29210,29249,0,0,39,29210
0x557bfb,40%,39,26,65,18,10,29,8
0x541f91,95.4009%,39,809,848,0,0,39,809
0x98fcf3,84.8249%,39,218,257,218,39,0,0
0x787c55,95.553%,39,838,877,838,39,0,0
0xa2e73f,82.1918%,39,180,219,49,36,3,131
0x9f8fd5,69.5312%,39,89,128,0,0,39,89
0x5facf3,81.8605%,39,176,215,176,33,6,0
0x4bbb73,80.8824%,39,165,204,164,39,0,1
0x54f5d2,94.9807%,39,738,777,1,34,5,737
0x8bcb12,83.1169%,39,192,231,118,22,17,74
0x6083a7,69.0476%,39,87,126,0,0,39,87
0x81e0d8,81.8605%,39,176,215,0,0,39,176
0x555e32,90.7143%,39,381,420,293,22,17,88
0x510c6c,88.7931%,39,309,348,309,39,0,0
0x80b2a9,93.0481%,39,522,561,218,16,23,304
0x9a9e95,78.0899%,39,139,178,69,28,11,70
0x8fea9e,98.3957%,39,2392,2431,2392,39,0,0
0xa8a6fe,77.7143%,39,136,175,0,0,39,136
0x49c652,91.4661%,39,418,457,0,0,39,418
0x5109e7,93.8193%,39,592,631,10,5,34,582
0xaa3508,95.7792%,39,885,924,885,39,0,0
0x4b6a1f,74.8387%,39,116,155,24,11,28,92
0x9519b9,87%,39,261,300,119,33,6,142
0x402cee,95.6032%,39,848,887,8,3,36,840
0xa936e7,84.7656%,39,217,256,217,39,0,0
0x9f4019,61.3861%,39,62,101,38,30,9,24
0xa46da3,87.0861%,39,263,302,210,32,7,53
0xa5cece,88.5294%,39,301,340,165,34,5,136
0x592b2b,56.6667%,39,51,90,51,39,0,0
0x64b573,98.2969%,39,2251,2290,0,0,39,2251
0x4bb3d0,90.9513%,39,392,431,5,15,24,387
0x5bd8e5,97.3684%,39,1443,1482,33,21,18,1410
0x5481af,99.6417%,39,10847,10886,0,0,39,10847
0x5cb0f7,95.5982%,39,847,886,32,16,23,815
0xa9ecef,82.7434%,39,187,226,0,0,39,187
0x8dd823,98.3036%,39,2260,2299,657,11,28,1603
0x65a16e,98.4159%,39,2423,2462,571,23,16,1852
0x9f7b2a,77.9661%,39,138,177,55,37,2,83
0x548769,97.3342%,39,1424,1463,1414,12,27,10
0x50d03b,64.2202%,39,70,109,0,0,39,70
0x501639,97.3324%,39,1423,1462,6,30,9,1417
0x9f25b8,60.6061%,39,60,99,52,8,31,8
0x819cef,97.1111%,39,1311,1350,1303,27,12,8
0x402a0a,99.8305%,39,22971,23010,0,0,39,22971
0x944298,91.8067%,39,437,476,2,22,17,435
0x4b6d0d,75.4717%,39,120,159,109,39,0,11
0x40db64,99.5325%,39,8304,8343,0,0,39,8304
0x4a1c4e,98.508%,39,2575,2614,0,0,39,2575
0x47f287,94.9547%,39,734,773,734,39,0,0
0xa5c597,64.2202%,39,70,109,5,36,3,65
0xb313c1,85%,39,221,260,0,35,4,221
0xa3acd5,72.1429%,39,101,140,101,35,4,0
0x507fc2,93.2056%,39,535,574,535,39,0,0
0x9a9318,83.3333%,39,195,234,171,6,33,24
0x80c1dd,85.283%,39,226,265,226,39,0,0
0xa90f7a,54.1176%,39,46,85,30,27,12,16
0xa39682,95.6081%,39,849,888,849,39,0,0
0x8216ee,88.7283%,39,307,346,8,6,33,299
0x5a944d,88.9518%,39,314,353,260,26,13,54
0x5fa1ce,95.1005%,39,757,796,47,34,5,710
0x807c48,82.5112%,39,184,223,107,7,32,77
0x816b59,95.3682%,39,803,842,633,2,37,170
0x5579d8,92.4419%,39,477,516,189,31,8,288
0xa39eb9,96.7061%,39,1145,1184,33,22,17,1112
0x723572,97.3029%,39,1407,1446,0,0,39,1407
0x821c25,86.4111%,39,248,287,62,10,29,186
0x49bafe,91.9918%,39,448,487,448,33,6,0
0x8fd50e,54.1176%,39,46,85,2,1,38,44
0x49ff3c,99.0568%,39,4096,4135,998,21,18,3098
0x547cd4,93.4783%,39,559,598,419,29,10,140
0x9f7b6e,60.2041%,39,59,98,55,30,9,4
0xa3a237,81.9444%,39,177,216,157,23,16,20
0x981330,74.8387%,39,116,155,57,23,16,59
0x60dce0,95.7701%,39,883,922,877,21,18,6
0x8c82b9,93.0108%,39,519,558,510,16,23,9
0x94c5f8,93.0851%,39,525,564,2,0,39,523
0x8ab0a5,95.4439%,39,817,856,817,39,0,0
0x534249,99.286%,39,5423,5462,5423,39,0,0
0x65a38e,98.4652%,39,2502,2541,590,26,13,1912
0x40bc9c,94.9677%,39,736,775,650,23,16,86
0x807efa,77.3256%,39,133,172,16,25,14,117
0x90e144,93.5323%,39,564,603,557,14,25,7
0x5d7cea,95.2088%,39,775,814,722,6,33,53
0x80d8fb,70.8955%,39,95,134,12,16,23,83
0xb2df34,88.8252%,39,310,349,3,14,25,307
0x50ca26,95.2381%,39,780,819,772,27,12,8
0x9e3cbe,87.1287%,39,264,303,233,15,24,31
0x53eff7,78.6885%,39,144,183,144,39,0,0
0x66f58a,70.6767%,39,94,133,81,23,16,13
0x901295,78.3333%,39,141,180,136,17,22,5
0x9aad62,97.1663%,38,1303,1341,0,5,33,1303
0x58c909,88.3436%,38,288,326,288,38,0,0
0xa63b52,69.6%,38,87,125,87,38,0,0
0x50d07a,79.7872%,38,150,188,74,30,8,76
0x8e2427,99.3033%,38,5416,5454,5257,18,20,159
0xa3961f,93.6982%,38,565,603,0,0,38,565
0x8aa849,94.8299%,38,697,735,0,0,38,697
0x90a95d,54.2169%,38,45,83,27,15,23,18
0x501895,93.2021%,38,521,559,521,38,0,0
0x94537d,92.8166%,38,491,529,24,34,4,467
0x5fee6d,28.3019%,38,15,53,0,0,38,15
0x595d77,94.1538%,38,612,650,4,3,35,608
0x64b516,98.383%,38,2312,2350,1774,30,8,538
0x9d0601,74.1497%,38,109,147,73,12,26,36
0x9f018a,67.2414%,38,78,116,78,38,0,0
0x534aec,32.1429%,38,18,56,0,0,38,18
0xa589e8,72.4638%,38,100,138,65,33,5,35
0x974614,53.6585%,38,44,82,12,24,14,32
0x501fff,58.2418%,38,53,91,44,15,23,9
0xa91c6c,84.739%,38,211,249,211,38,0,0
0x4a02b6,57.7778%,38,52,90,52,38,0,0
0x40a22f,74.4966%,38,111,149,0,0,38,111
0x8dd9d5,98.3471%,38,2261,2299,657,11,27,1604
0x8e9ff2,98.464%,38,2436,2474,0,0,38,2436
0x9aade5,51.8987%,38,41,79,14,28,10,27
0xa30f91,87.3754%,38,263,301,263,33,5,0
0xaa2e4b,93.871%,38,582,620,582,38,0,0
0x555b6a,84.2975%,38,204,242,0,1,37,204
0x5040c5,38.7097%,38,24,62,24,38,0,0
0xb3151a,83.1111%,38,187,225,3,35,3,184
0xa90032,76.8293%,38,126,164,0,0,38,126
0x8c952b,95.8696%,38,882,920,344,0,38,538
0x49c096,61.6162%,38,61,99,57,38,0,4
0x8fdf66,98.5698%,38,2619,2657,0,0,38,2619
0x8e1160,99.067%,38,4035,4073,4012,24,14,23
0x80f6b8,52.5%,38,42,80,40,34,4,2
0x90fd82,86.4286%,38,242,280,2,14,24,240
0xa9b632,68.3333%,38,82,120,79,35,3,3
0x539000,90.709%,38,371,409,365,18,20,6
0x811e87,98.4776%,38,2458,2496,62,21,17,2396
0x8c7543,97.9493%,38,1815,1853,1756,24,14,59
0x81eef3,38.7097%,38,24,62,16,24,14,8
0x8def34,70.9924%,38,93,131,70,23,15,23
0x50582b,78.2857%,38,137,175,76,18,20,61
0xa90ae6,53.6585%,38,44,82,42,31,7,2
0x5058b3,78.2857%,38,137,175,47,29,9,90
0x8ff39b,99.3711%,38,6004,6042,25,15,23,5979
0x49e17e,98.8551%,38,3281,3319,0,0,38,3281
0x40dbc4,97.1873%,38,1313,1351,1210,9,29,103
0xa4516d,90.3553%,38,356,394,354,25,13,2
0x5ef9c3,54.2169%,38,45,83,31,35,3,14
0x8a8f1f,86.2319%,38,238,276,109,27,11,129
0xa319cd,82.1596%,38,175,213,7,24,14,168
0x51b4c3,89.7574%,38,333,371,0,2,36,333
0x9dfe16,78.8889%,38,142,180,58,33,5,84
0x7ce47b,67.7966%,38,80,118,80,38,0,0
0x557e2d,95.0713%,38,733,771,58,22,16,675
0x499c54,64.1509%,38,68,106,40,13,25,28
0x8e48ab,96.6899%,38,1110,1148,4,16,22,1106
0x534829,42.4242%,38,28,66,0,0,38,28
0x5417f6,97.8199%,38,1705,1743,1705,38,0,0
0x53456e,99.1216%,38,4288,4326,0,0,38,4288
0xa45052,91.224%,38,395,433,395,38,0,0
0xb30217,77.5148%,38,131,169,128,17,21,3
0xa03868,99.2868%,38,5290,5328,5290,38,0,0
0x64af53,99.3343%,38,5670,5708,0,0,38,5670
0x811f6a,79.7872%,38,150,188,133,33,5,17
0x98b31d,89.0805%,38,310,348,3,13,25,307
0x504dfd,94.42%,38,643,681,620,23,15,23
0x53c79b,95.46%,38,799,837,799,38,0,0
0x53edc7,75.9494%,38,120,158,120,34,4,0
0xa4f958,91.4798%,38,408,446,225,31,7,183
0x9a1d11,81.4634%,38,167,205,117,17,21,50
0x9e19f6,68.3333%,38,82,120,51,23,15,31
0x48aee3,94.5245%,38,656,694,0,14,24,656
0x8bb8fa,73.7931%,38,107,145,49,24,14,58
0x48cf6f,94.3114%,38,630,668,630,18,20,0
0x53e8d0,75.3247%,38,116,154,116,38,0,0
0x8dd481,98.3471%,38,2261,2299,1512,9,29,749
0x8b9f7e,95.9617%,38,903,941,903,38,0,0
0x9e88c4,73.9726%,38,108,146,100,16,22,8
0x8fd4f6,86.0806%,38,235,273,0,0,38,235
0x8138d6,66.9565%,38,77,115,66,27,11,11
0x48cfed,96.6162%,38,1085,1123,1078,33,5,7
0x6482fd,96.1224%,38,942,980,21,19,19,921
0x5ebb8d,95.5504%,38,816,854,816,38,0,0
0x98f949,85.214%,38,219,257,0,0,38,219
0xa9e223,81.2808%,38,165,203,131,32,6,34
0x4b4b69,89.7574%,38,333,371,90,21,17,243
0x8a66b1,75%,38,114,152,102,37,1,12
0x9e40eb,83.0357%,38,186,224,56,14,24,130
0x99c59e,89.1738%,38,313,351,137,14,24,176
0x534fbb,64.1509%,38,68,106,7,35,3,61
0x904343,92.3695%,38,460,498,460,38,0,0
0x81c5fc,82.8054%,38,183,221,48,5,33,135
0x48e080,72.8571%,38,102,140,23,2,36,79
0x818537,95.4923%,38,805,843,805,22,16,0
0x58ebe7,68.8525%,38,84,122,72,38,0,12
0x502f8a,77.6471%,38,132,170,132,38,0,0
0xad7b17,95.122%,38,741,779,741,38,0,0
0x9e7528,90.5%,38,362,400,362,38,0,0
0x50b879,90.709%,38,371,409,365,4,34,6
0x8f35bb,94.1985%,38,617,655,12,0,38,605
0x9ed8b2,40.625%,38,26,64,26,38,0,0
0x7d25b2,93.1532%,38,517,555,156,16,22,361
0x81596a,92.7203%,38,484,522,0,0,38,484
0x8fe4b1,99.6288%,38,10198,10236,10198,21,17,0
0xa34914,97.5641%,38,1522,1560,1096,10,28,426
0x904292,90.7317%,38,372,410,372,18,20,0
0x60de10,65.1376%,38,71,109,13,15,23,58
0xa260d1,91.8455%,38,428,466,376,35,3,52
0xa4bd78,84.9802%,38,215,253,215,34,4,0
0xa4278e,83.1111%,38,187,225,187,38,0,0
0x9a91a9,85.4962%,38,224,262,219,28,10,5
0x9a6056,68.3333%,38,82,120,81,24,14,1
0xa41a5e,98.6838%,38,2849,2887,864,27,11,1985
0x488f23,75.641%,38,118,156,118,34,4,0
0x4a1378,67.7966%,38,80,118,2,25,13,78
0x667016,89.049%,38,309,347,309,11,27,0
0x4a96eb,44.1176%,38,30,68,22,35,3,8
0x8f0bbc,80.2083%,38,154,192,119,25,13,35
0xa4d4db,43.2836%,38,29,67,15,24,14,14
0xa50c6d,89.3855%,38,320,358,320,38,0,0
0x40dd78,98.9127%,38,3457,3495,0,0,38,3457
0x9e6fe9,59.1398%,38,55,93,41,5,33,14
0xa9b2fe,83.1858%,38,188,226,163,29,9,25
0x49e0d1,88.8889%,38,304,342,0,6,32,304
0x502425,88.8235%,38,302,340,0,0,38,302
0x5571aa,81.3725%,38,166,204,130,30,8,36
0x507ef8,93.3798%,38,536,574,4,37,1,532
0x94e130,93.5264%,38,549,587,153,23,15,396
0x502746,95.2081%,38,755,793,30,20,18,725
0x8210f6,95.1838%,38,751,789,8,3,35,743
0xa9c616,79.7872%,38,150,188,124,18,20,26
0xa307ed,85.6061%,38,226,264,62,32,6,164
0x65a049,97.9657%,38,1830,1868,141,11,27,1689
0x805f59,96.517%,38,1053,1091,1053,34,4,0
0x81c000,96.5074%,38,1050,1088,1050,6,32,0
0xa5003e,53.0864%,38,43,81,20,23,15,23
0x8dca8d,98.3471%,38,2261,2299,664,4,34,1597
0x592f4a,96.938%,38,1203,1241,0,0,38,1203
0x80c036,73.9726%,38,108,146,78,15,23,30
0x5c44d2,94.8993%,38,707,745,707,38,0,0
0xa3026c,65.4545%,38,72,110,0,0,38,72
0x81c572,81.2808%,38,165,203,163,6,32,2
0x9e86be,51.8987%,38,41,79,32,15,23,9
0x5fe2d3,96.4151%,38,1022,1060,14,22,16,1008
0xb180b1,97.3574%,38,1400,1438,0,0,38,1400
0x9bb416,77.907%,38,134,172,128,25,13,6
0x489b23,90.7317%,38,372,410,372,24,14,0
0x48bd09,95.1899%,38,752,790,752,38,0,0
0x4bcda4,53.0864%,38,43,81,7,2,36,36
0x58c6c2,63.4615%,38,66,104,11,0,38,55
0x8e48fe,95.2677%,38,765,803,149,14,24,616
0xb0a135,88.9855%,38,307,345,0,0,38,307
0x959032,73.0496%,38,103,141,45,36,2,58
0x5feea7,50.6494%,38,39,77,37,11,27,2
0x9ee373,65.4545%,38,72,110,0,0,38,72
0x809236,80.9045%,38,161,199,82,22,16,79
0x7c71fa,80%,38,152,190,30,31,7,122
0x4a9f13,79.6703%,37,145,182,145,37,0,0
0x5592fa,55.9524%,37,47,84,12,33,4,35
0x8d28d1,98.9929%,37,3637,3674,3637,37,0,0
0x908544,99.5322%,37,7873,7910,386,13,24,7487
0x4c896e,78.7356%,37,137,174,0,0,37,137
0x5c32ec,80.6283%,37,154,191,40,24,13,114
0xaa44d4,99.5673%,37,8514,8551,8514,37,0,0
0x591206,87.1972%,37,252,289,0,0,37,252
0x543cae,80.2139%,37,150,187,113,22,15,37
0x4a7013,83.6283%,37,189,226,129,37,0,60
0x8a762e,85.6031%,37,220,257,220,36,1,0
0x8dca99,97.7315%,37,1594,1631,1593,34,3,1
0x8ff7e0,99.7454%,37,14497,14534,0,2,35,14497
0x5419f8,96.5549%,37,1037,1074,0,0,37,1037
0x54571d,96.4829%,37,1015,1052,3,25,12,1012
0xb31c2c,99.8288%,37,21578,21615,21578,37,0,0
0x60e302,92.9658%,37,489,526,489,37,0,0
0x40980b,81.1224%,37,159,196,157,17,20,2
0x50b867,95.1634%,37,728,765,348,8,29,380
0xaa0873,55.4217%,37,46,83,46,37,0,0
0x9e24ef,88.4013%,37,282,319,245,0,37,37
0x53de78,92.9658%,37,489,526,0,0,37,489
0xa5c2be,79.558%,37,144,181,0,0,37,144
0x9a7d8d,87.1528%,37,251,288,103,30,7,148
0x58f8ef,53.75%,37,43,80,28,11,26,15
0x4a8404,59.7826%,37,55,92,0,0,37,55
0x901b3a,85.5469%,37,219,256,219,37,0,0
0xa25b29,96.3475%,37,976,1013,976,37,0,0
0x950152,98.2531%,37,2081,2118,2081,37,0,0
0x5454aa,72.3881%,37,97,134,72,11,26,25
0xa592da,66.055%,37,72,109,67,37,0,5
0x677b56,91.4943%,37,398,435,50,28,9,348
0xa3b23d,83.7719%,37,191,228,0,0,37,191
0x8fe944,76.2821%,37,119,156,7,20,17,112
0x8b9a61,87.5839%,37,261,298,17,11,26,244
0x8f5612,98.5985%,37,2603,2640,0,0,37,2603
0x820ec9,92.3711%,37,448,485,0,0,37,448
0x81f135,98.0809%,37,1891,1928,1891,37,0,0
0x5407b9,94.1824%,37,599,636,566,34,3,33
0xad7bc4,57.4713%,37,50,87,50,26,11,0
0xb0ba95,99.2522%,37,4911,4948,0,0,37,4911
0x8ec44f,97.6418%,37,1532,1569,1532,35,2,0
0x9bd154,55.4217%,37,46,83,15,13,24,31
0x977532,85.5469%,37,219,256,25,37,0,194
0x4099c8,78.8571%,37,138,175,5,15,22,133
0x49c775,94.9036%,37,689,726,689,37,0,0
0x8fcd85,89.6359%,37,320,357,47,21,16,273
0x9a7485,68.3761%,37,80,117,75,19,18,5
0x509667,54.878%,37,45,82,5,36,1,40
0xaa1261,41.2698%,37,26,63,16,10,27,10
0xb147f8,99.131%,37,4221,4258,0,0,37,4221
0x58f6c4,97.3759%,37,1373,1410,1373,35,2,0
0x66700b,89.6648%,37,321,358,0,11,26,321
0x5104cc,98.9241%,37,3402,3439,2202,11,26,1200
0x5bc217,97.3609%,37,1365,1402,2,31,6,1363
0xb1b6f2,96.3184%,37,968,1005,3,16,21,965
0x8a60e4,88.7538%,37,292,329,292,37,0,0
0x5936c4,97.0912%,37,1235,1272,0,0,37,1235
0x8d30bb,85.0202%,37,210,247,207,10,27,3
0x952ef7,11.9048%,37,5,42,5,37,0,0
0x81d0cd,79.6703%,37,145,182,144,32,5,1
0x9f5a3e,50.6667%,37,38,75,35,36,1,3
0x8efaa9,91.5718%,37,402,439,264,15,22,138
0x8a5e54,88.2166%,37,277,314,116,22,15,161
0x50cee7,70.1613%,37,87,124,87,37,0,0
0x54f9fd,98.7538%,37,2932,2969,2932,37,0,0
0x58d1a7,59.7826%,37,55,92,0,0,37,55
0x48d6d1,46.3768%,37,32,69,0,0,37,32
0xa57163,39.3443%,37,24,61,20,21,16,4
0x6492da,65.0943%,37,69,106,20,10,27,49
0x972669,86.4469%,37,236,273,0,0,37,236
0x5fe134,91.9913%,37,425,462,220,11,26,205
0x99ac32,85.4902%,37,218,255,0,0,37,218
0x4051bd,99.5532%,37,8245,8282,42,28,9,8203
0x40f4b0,99.1652%,37,4395,4432,4395,37,0,0
0x51067e,97.6686%,37,1550,1587,1194,13,24,356
0x8bb445,90.5371%,37,354,391,0,0,37,354
0x5592e8,90.9976%,37,374,411,187,16,21,187
0x5021ff,83.7719%,37,191,228,0,0,37,191
0x6188f9,88.5093%,37,285,322,0,6,31,285
0x5ffd01,63%,37,63,100,38,14,23,25
0x6113fc,65.4206%,37,70,107,1,33,4,69
0x8dfeda,84.7107%,37,205,242,134,12,25,71
0x4a72b3,83.6283%,37,189,226,0,0,37,189
0x55b390,96.4728%,37,1012,1049,0,0,37,1012
0x5fba54,53.1646%,37,42,79,7,9,28,35
0xa366f9,75.6579%,37,115,152,4,32,5,111
0x911226,51.3158%,37,39,76,39,37,0,0
0x53896e,97.9013%,37,1726,1763,1726,37,0,0
0x942cc8,92.9524%,37,488,525,416,34,3,72
0x489d76,99.4005%,37,6135,6172,2171,5,32,3964
0x8a3402,92.4797%,37,455,492,454,6,31,1
0x8a51cf,82.9493%,37,180,217,174,30,7,6
0x9a12a4,81.7734%,37,166,203,36,15,22,130
0x8a9f33,91.2941%,37,388,425,1,28,9,387
0x40249e,86.4964%,37,237,274,135,29,8,102
0x9ed450,75.3333%,37,113,150,113,37,0,0
0x816b4b,98.4335%,37,2325,2362,822,20,17,1503
0x811f41,93.1608%,37,504,541,24,18,19,480
0x9a9e4a,79.2135%,37,141,178,127,10,27,14
0xaae473,99.7689%,37,15972,16009,15972,24,13,0
0xa54976,89.1176%,37,303,340,303,37,0,0
0x5572c5,84.7737%,37,206,243,206,37,0,0
0x53e30d,99.0048%,37,3681,3718,0,0,37,3681
0x80fcdf,96.8908%,37,1153,1190,0,0,37,1153
0xa25fbe,95.7569%,37,835,872,156,32,5,679
0xa32842,48.6111%,37,35,72,35,37,0,0
0x53c680,96.896%,37,1155,1192,0,0,37,1155
0xb1b080,91.455%,37,396,433,396,37,0,0
0x8e2077,93.0057%,37,492,529,291,18,19,201
0x809490,95.6368%,37,811,848,497,21,16,314
0x63af4c,95.4933%,37,784,821,0,0,37,784
0x9f27aa,97.3833%,37,1377,1414,1377,37,0,0
0x9485e8,97.4341%,37,1405,1442,1405,37,0,0
0x5e5e09,97.548%,37,1472,1509,476,30,7,996
0x51b39b,98.0392%,37,1850,1887,365,29,8,1485
0x5fc05f,52.5641%,37,41,78,14,5,32,27
0xa30e23,80.7292%,37,155,192,72,8,29,83
0x8da758,90%,37,333,370,331,33,4,2
0x814d6d,86.8327%,37,244,281,13,28,9,231
0x65b9d1,99.1914%,37,4539,4576,4539,37,0,0
0x5ff7ba,80.829%,37,156,193,0,0,37,156
0x6112ab,51.3158%,37,39,76,0,0,37,39
0xa5eb7d,88.685%,37,290,327,4,15,22,286
0x9019fc,56.9767%,37,49,86,21,8,29,28
0x7b7fc0,71.9697%,37,95,132,16,0,37,79
0x542b06,98.3607%,37,2220,2257,164,23,14,2056
0x807c13,69.6721%,37,85,122,23,8,29,62
0x60dd40,94.6991%,37,661,698,0,0,37,661
0x49f6cf,53.1646%,37,42,79,24,12,25,18
0x972cd9,73.5714%,37,103,140,100,37,0,3
0x8b9bb3,99.6061%,37,9356,9393,54,2,35,9302
0x7ce546,86.5455%,37,238,275,21,23,14,217
0x60a7e3,80%,37,148,185,48,24,13,100
0x502713,89.4587%,37,314,351,314,37,0,0
0xacfa9c,84.322%,37,199,236,199,37,0,0
0xad7b34,95.2503%,37,742,779,726,30,7,16
0x5971d2,87.1528%,37,251,288,3,14,23,248
0x80d8ea,83.1818%,37,183,220,55,31,6,128
0x5f5303,99.6067%,37,9371,9408,5599,19,18,3772
0x5fa332,96.7742%,37,1110,1147,1110,31,6,0
0x65bd21,90.1596%,37,339,376,174,25,12,165
0x5f7aaa,82.0388%,37,169,206,27,12,25,142
0xa57949,71.3178%,37,92,129,59,27,10,33
0x977a8d,88.2911%,37,279,316,277,0,37,2
0x9eb744,70.4%,37,88,125,68,14,23,20
0x534fde,42.1875%,37,27,64,27,37,0,0
0x951952,76.4331%,37,120,157,3,2,35,117
0x9a1c32,78.6127%,37,136,173,110,16,21,26
0x5faa67,77.8443%,37,130,167,77,27,10,53
0x9a9c75,86.2454%,37,232,269,5,5,32,227
0x488924,98.5862%,37,2580,2617,0,26,11,2580
0x9fb774,87.9085%,37,269,306,63,28,9,206
0xa5726a,70.4%,37,88,125,67,15,22,21
0x499515,81.5%,37,163,200,37,23,14,126
0x5547cc,96.7938%,37,1117,1154,12,8,29,1105
0x590023,81.8182%,36,162,198,77,22,14,85
0x50c642,73.5294%,36,100,136,78,17,19,22
0x65b973,99.2204%,36,4582,4618,0,2,34,4582
0xa8fa1c,57.6471%,36,49,85,49,36,0,0
0xa46317,58.6207%,36,51,87,51,36,0,0
0x50b84f,93.1947%,36,493,529,100,33,3,393
0x9ed27a,92.0705%,36,418,454,382,15,21,36
0xa8f8e2,78.0488%,36,128,164,117,21,15,11
0x8f4be2,73.3333%,36,99,135,66,21,15,33
0xa510f6,85.7708%,36,217,253,217,32,4,0
0x5463c4,89.7143%,36,314,350,314,36,0,0
0x48c0f0,75%,36,108,144,43,15,21,65
0x8e4667,92.5%,36,444,480,152,23,13,292
0x8380d5,79.5455%,36,140,176,114,17,19,26
0x9a8e97,71.4286%,36,90,126,90,22,14,0
0xa5236c,76.6234%,36,118,154,118,36,0,0
0x675043,34.5455%,36,19,55,17,35,1,2
0x8bb148,91.133%,36,370,406,95,27,9,275
0x8f0c37,94.0887%,36,573,609,390,19,17,183
0x66d3d2,98.1152%,36,1874,1910,0,6,30,1874
0x50c09f,98.1809%,36,1943,1979,7,13,23,1936
0xa35ef5,93.825%,36,547,583,0,0,36,547
0x98b426,32.0755%,36,17,53,13,35,1,4
0x8ed014,60%,36,54,90,37,21,15,17
0xa40eec,93.1818%,36,492,528,492,35,1,0
0x818c4e,95.6469%,36,791,827,0,0,36,791
0x643ddc,97.4772%,36,1391,1427,0,0,36,1391
0x5bbb47,99.0647%,36,3813,3849,3767,7,29,46
0x49fcf3,95.6364%,36,789,825,4,11,25,785
0x4b4be9,86.1538%,36,224,260,224,36,0,0
0x4bba4e,35.7143%,36,20,56,0,0,36,20
0x4103d1,95.0685%,36,694,730,683,23,13,11
0x639c22,95.5%,36,764,800,136,12,24,628
0x9ab741,59.5506%,36,53,89,50,31,5,3
0x814203,99.7329%,36,13444,13480,13444,36,0,0
0x9e879f,54.4304%,36,43,79,22,16,20,21
0x40e6b8,56.6265%,36,47,83,33,28,8,14
0x8fce6c,83.2558%,36,179,215,12,23,13,167
0x5fa5c3,83.7104%,36,185,221,181,34,2,4
0x5f80f2,76%,36,114,150,0,0,36,114
0x8dd4d9,98.4341%,36,2263,2299,1488,33,3,775
0x5f7ac1,78.4431%,36,131,167,127,33,3,4
0x7cf335,94.6508%,36,637,673,1,1,35,636
0x5f88e5,65.3846%,36,68,104,61,31,5,7
0x8e4193,90.3485%,36,337,373,105,22,14,232
0x5fd6d0,83.7104%,36,185,221,181,0,36,4
0x819b5b,58.1395%,36,50,86,18,16,20,32
0x409ef4,71.875%,36,92,128,29,18,18,63
0x5d8b86,84.7458%,36,200,236,70,29,7,130
0x94e16d,91.2409%,36,375,411,375,36,0,0
0xa3493f,97.8686%,36,1653,1689,277,11,25,1376
0xa528a1,90.9091%,36,360,396,49,28,8,311
0x8ebe58,97.0874%,36,1200,1236,1200,34,2,0
0x4c5156,89.4118%,36,304,340,303,36,0,1
0x81eaae,93.4545%,36,514,550,0,0,36,514
0x80fde5,96.9748%,36,1154,1190,573,22,14,581
0x504167,41.9355%,36,26,62,0,0,36,26
0xb2fcb8,99.7935%,36,17396,17432,0,0,36,17396
0x9e73ef,90.8397%,36,357,393,154,22,14,203
0x591714,99.2233%,36,4599,4635,4599,36,0,0
0x904a59,88.0399%,36,265,301,265,36,0,0
0x58cd25,78.1818%,36,129,165,0,0,36,129
0x51c879,99.5046%,36,7231,7267,7231,27,9,0
0xb2ffd8,95.1417%,36,705,741,79,34,2,626
0x4b5a55,97.7215%,36,1544,1580,53,29,7,1491
0xa9198c,14.2857%,36,6,42,6,36,0,0
0x9f3272,89.6848%,36,313,349,313,36,0,0
0x4104f6,99.3612%,36,5600,5636,5600,36,0,0
0xa5f851,88.75%,36,284,320,284,36,0,0
0xa3276a,53.8462%,36,42,78,42,36,0,0
0xa159fd,93.2075%,36,494,530,1,5,31,493
0x9116c1,90.7216%,36,352,388,189,28,8,163
0x9ea615,78.5714%,36,132,168,37,6,30,95
0x8a2922,93.6396%,36,530,566,530,36,0,0
0x815805,91.7051%,36,398,434,9,5,31,389
0xa94af1,83.9286%,36,188,224,175,21,15,13
0x4fdbad,85.7708%,36,217,253,173,20,16,44
0x8ef4d0,77.2152%,36,122,158,89,27,9,33
0x4043dd,98.4912%,36,2350,2386,315,30,6,2035
0x821336,98.9955%,36,3548,3584,0,0,36,3548
0x609d02,89.8017%,36,317,353,317,36,0,0
0x677c57,89.916%,36,321,357,47,16,20,274
0x670429,72.9323%,36,97,133,0,0,36,97
0x50499e,68.9655%,36,80,116,27,10,26,53
0x8bb66f,56.0976%,36,46,82,24,35,1,22
0x8f1ad1,74.8252%,36,107,143,107,34,2,0
0x821596,99.0338%,36,3690,3726,0,0,36,3690
0x94e8c5,80%,36,144,180,102,18,18,42
0xa583af,70.7317%,36,87,123,0,0,36,87
0x5469c8,97.973%,36,1740,1776,1739,29,7,1
0x8ff80f,99.857%,36,25141,25177,25141,36,0,0
0x4bae76,88.4244%,36,275,311,275,36,0,0
0xa2a9f3,68.1416%,36,77,113,77,36,0,0
0x48c536,33.3333%,36,18,54,18,36,0,0
0xa2e200,71.6535%,36,91,127,34,4,32,57
0x9059e9,87.9195%,36,262,298,262,36,0,0
0x48db62,97.9661%,36,1734,1770,1423,18,18,311
0x609600,56.6265%,36,47,83,0,0,36,47
0x8f26cd,94.0887%,36,573,609,152,6,30,421
0x48e4d3,99.4845%,36,6947,6983,0,0,36,6947
0x972c3b,74.2857%,36,104,140,104,36,0,0
0xa037b1,99.3647%,36,5631,5667,5631,36,0,0
0x9511a7,91.6667%,36,396,432,0,0,36,396
0x541ba9,95.6835%,36,798,834,64,28,8,734
0x8f31c8,98.5959%,36,2528,2564,2528,36,0,0
0x4102a4,98.0759%,36,1835,1871,901,26,10,934
0x50ee29,59.0909%,36,52,88,0,0,36,52
0x97b79e,47.8261%,36,33,69,0,0,36,33
0x4a1354,92.2912%,36,431,467,0,0,36,431
0xa33d0e,97.3134%,36,1304,1340,446,19,17,858
0x63b644,97.2435%,36,1270,1306,1270,36,0,0
0x555973,67.2727%,36,74,110,49,6,30,25
0x534a9c,73.7226%,36,101,137,56,25,11,45
0x8227d0,99.6606%,36,10572,10608,0,0,36,10572
0x5cd3b4,71.875%,36,92,128,67,8,28,25
0x4a2653,92.3729%,36,436,472,436,36,0,0
0x546430,91.8736%,36,407,443,0,0,36,407
0x8dca24,95.3728%,36,742,778,637,31,5,105
0x9f591d,80.1105%,36,145,181,20,17,19,125
0x58ffe1,99.4492%,36,6500,6536,3508,12,24,2992
0x67c234,98.7036%,36,2741,2777,2731,14,22,10
0xa2731d,88.75%,36,284,320,284,36,0,0
0xb47201,98.5594%,36,2463,2499,0,0,36,2463
0x9aafa4,93.4307%,36,512,548,0,0,36,512
0x40219a,99.3323%,36,5356,5392,0,0,36,5356
0x9a4880,83.6364%,36,184,220,179,30,6,5
0xa1b15f,32.0755%,36,17,53,14,34,2,3
0x499462,82%,36,164,200,147,25,11,17
0xa39e51,97.5224%,36,1417,1453,0,0,36,1417
0x9f3e4b,77.3585%,36,123,159,123,36,0,0
0x94d9d5,74.4681%,36,105,141,55,33,3,50
0x49ee3a,93.2584%,36,498,534,4,14,22,494
0xa3117b,83.8565%,36,187,223,53,29,7,134
0x9e2900,93.6953%,36,535,571,5,20,16,530
0x53f092,77.2152%,36,122,158,120,34,2,2
0xa27689,97.1676%,36,1235,1271,1235,36,0,0
0x8a97eb,99.7242%,36,13016,13052,13016,36,0,0
0xaadf1d,99.0456%,36,3736,3772,1971,20,16,1765
0xa5919a,69.7479%,36,83,119,83,36,0,0
0x9ab0e8,95.1482%,36,706,742,1,26,10,705
0x49ec27,88.8199%,36,286,322,0,0,36,286
0x5b9a5c,50.6849%,36,37,73,24,27,9,13
0x9c3e4c,58.1395%,36,50,86,18,14,22,32
0x604c12,85.5422%,36,213,249,3,19,17,210
0xa327d6,53.8462%,36,42,78,41,8,28,1
0x8dd126,88.5714%,36,279,315,230,22,14,49
0x5cf584,97.8287%,36,1622,1658,236,32,4,1386
0x4b6b73,70%,36,84,120,34,10,26,50
0x50d025,70%,36,84,120,10,1,35,74
0xa91a84,81.5385%,36,159,195,0,0,36,159
0x8dee5e,95.9091%,36,844,880,842,25,11,2
0x501ee1,81.6327%,36,160,196,0,5,31,160
0x9aba92,85.8824%,36,219,255,9,16,20,210
0x4a0293,82.5243%,36,170,206,95,21,15,75
0x9f3b5f,94.6903%,36,642,678,623,17,19,19
0xa5c56d,67.5676%,36,75,111,75,36,0,0
0x9ab44f,87.8893%,35,254,289,38,13,22,216
0xa030fb,48.5294%,35,33,68,33,33,2,0
0x972fe9,23.913%,35,11,46,0,0,35,11
0xada734,99.4567%,35,6407,6442,0,0,35,6407
0x49b30b,99.19%,35,4286,4321,900,13,22,3386
0x54179c,74.2647%,35,101,136,101,35,0,0
0x5f7a54,83.0918%,35,172,207,163,13,22,9
0x405acf,91.8033%,35,392,427,296,27,8,96
0x4886bb,95.1117%,35,681,716,314,6,29,367
0x8076ea,88.0546%,35,258,293,59,28,7,199
0x79313f,73.6842%,35,98,133,31,25,10,67
0x405755,98.694%,35,2645,2680,2556,2,33,89
0x4a74dc,51.3889%,35,37,72,33,14,21,4
0x8f2c75,65.6863%,35,67,102,12,22,13,55
0x96bfb9,95.4545%,35,735,770,735,35,0,0
0x8be39e,97.4151%,35,1319,1354,0,0,35,1319
0x591c50,76.9737%,35,117,152,117,35,0,0
0x96c0c9,82.7586%,35,168,203,153,29,6,15
0x55031b,90.113%,35,319,354,319,35,0,0
0x5c4c3b,98.0864%,35,1794,1829,1794,35,0,0
0x5fe22c,96.8525%,35,1077,1112,1077,35,0,0
0x488a24,97.7376%,35,1512,1547,0,22,13,1512
0x593829,96.6507%,35,1010,1045,33,24,11,977
0x60c4d0,97.9943%,35,1710,1745,0,0,35,1710
0x606b22,84.4444%,35,190,225,190,35,0,0
0x606abd,84.4444%,35,190,225,41,8,27,149
0x9f987f,58.3333%,35,49,84,12,13,22,37
0x904187,94.9422%,35,657,692,657,35,0,0
0x8fe35f,99.7495%,35,13939,13974,13939,35,0,0
0x403db0,99.4312%,35,6118,6153,6113,24,11,5
0x8a9f2b,92.4893%,35,431,466,10,31,4,421
0x90875e,99.5892%,35,8484,8519,5603,33,2,2881
0xa2cc4f,96.0762%,35,857,892,0,0,35,857
0x510fc3,97.971%,35,1690,1725,0,0,35,1690
0xb34473,72.6562%,35,93,128,0,0,35,93
0x608cfe,82.5%,35,165,200,21,17,18,144
0x511e81,97.9412%,35,1665,1700,1665,35,0,0
0xad7f75,96.2284%,35,893,928,893,35,0,0
0x5436cb,79.2899%,35,134,169,12,15,20,122
0x65a08b,86.166%,35,218,253,108,23,12,110
0x99ab41,88.6731%,35,274,309,22,31,4,252
0x8ad90a,61.1111%,35,55,90,18,15,20,37
0x97b7d5,80.1136%,35,141,176,25,16,19,116
0x58df38,83.2536%,35,174,209,47,23,12,127
0x8c784f,98.1818%,35,1890,1925,961,21,14,929
0x99ad9b,83.1731%,35,173,208,0,0,35,173
0xa50e8f,90.2235%,35,323,358,0,0,35,323
0xa44d25,81.9588%,35,159,194,159,31,4,0
0x63a7da,82.5%,35,165,200,165,35,0,0
0x5407ca,94.4969%,35,601,636,601,23,12,0
0x9f6bd0,93.4457%,35,499,534,499,35,0,0
0x9fb25e,71.7742%,35,89,124,60,23,12,29
0x540a1a,95.283%,35,707,742,707,21,14,0
0x7d1add,95.0495%,35,672,707,57,22,13,615
0x90202f,99.1728%,35,4196,4231,19,25,10,4177
0x48c52c,75.3521%,35,107,142,57,31,4,50
0x81d418,80.7692%,35,147,182,147,35,0,0
0x4fdafd,89.0282%,35,284,319,21,15,20,263
0x50735d,95.2703%,35,705,740,1,6,29,704
0x61141f,52.0548%,35,38,73,0,0,35,38
0xa66166,69.0265%,35,78,113,13,14,21,65
0x618905,88.9241%,35,281,316,221,20,15,60
0x9ea4db,79.1667%,35,133,168,35,25,10,98
0x8fd9dd,86.4341%,35,223,258,223,30,5,0
0x5ff22c,65.6863%,35,67,102,17,1,34,50
0x541de2,95.0213%,35,668,703,460,24,11,208
0x80eb8e,90.4891%,35,333,368,0,0,35,333
0x77ff2b,83.0918%,35,172,207,26,18,17,146
0xa2fb6c,88.0546%,35,258,293,43,22,13,215
0xa50b1e,53.9474%,35,41,76,25,32,3,16
0x50e1d0,22.2222%,35,10,45,10,35,0,0
0xa58a9a,74.6377%,35,103,138,39,3,32,64
0x8a73df,95.7524%,35,789,824,450,12,23,339
0xa46c24,73.8806%,35,99,134,99,32,3,0
0xa9d12b,53.3333%,35,40,75,40,35,0,0
0x507886,95.2703%,35,705,740,143,23,12,562
0x406c73,61.1111%,35,55,90,21,11,24,34
0x547415,76.9737%,35,117,152,117,35,0,0
0xa339ec,97.8043%,35,1559,1594,457,8,27,1102
0xa91b96,74.4526%,35,102,137,102,35,0,0
0x9e859c,87.7622%,35,251,286,60,7,28,191
0x499a5d,77.1242%,35,118,153,118,35,0,0
0x8fd402,97.9804%,35,1698,1733,1698,34,1,0
0x55012a,59.3023%,35,51,86,11,27,8,40
0x4046fa,94.373%,35,587,622,587,35,0,0
0x504da2,94.8605%,35,646,681,585,3,32,61
0x9ea704,63.9175%,35,62,97,62,35,0,0
0x535677,80.8743%,35,148,183,14,14,21,134
0x60e46d,91.8794%,35,396,431,396,35,0,0
0x980fb2,73.6842%,35,98,133,31,35,0,67
0x943be2,74.8201%,35,104,139,104,35,0,0
0x50746a,72.6562%,35,93,128,6,2,33,87
0x9aacfd,94.9349%,35,656,691,655,24,11,1
0x5051fd,95.2703%,35,705,740,0,0,35,705
0x80fa3e,73.0769%,35,95,130,39,35,0,56
0xa33a2f,93.7611%,35,526,561,505,3,32,21
0x504421,88.4488%,35,268,303,262,23,12,6
0xb2e2e6,27.0833%,35,13,48,0,0,35,13
0x5f8e13,90.5149%,35,334,369,275,1,34,59
0xa521e4,77.2727%,35,119,154,35,26,9,84
0x8fcc87,90.3315%,35,327,362,4,10,25,323
0x8d3e97,85.7724%,35,211,246,209,22,13,2
0x9f551c,72.4409%,35,92,127,22,25,10,70
0x4a0183,69.8276%,35,81,116,1,14,21,80
0x49e765,98.8022%,35,2887,2922,0,0,35,2887
0x4021c1,98.2287%,35,1941,1976,0,0,35,1941
0xaa059f,73.0769%,35,95,130,40,16,19,55
0xa33d21,96%,35,840,875,498,30,5,342
0x9a76a0,93.6131%,35,513,548,513,35,0,0
0x502cf9,81.5789%,35,155,190,0,0,35,155
0x8fee9b,94.4882%,35,600,635,0,0,35,600
0xb1496e,99.178%,35,4223,4258,0,0,35,4223
0x48e0e6,57.3171%,35,47,82,42,25,10,5
0xa0294f,87.1795%,35,238,273,4,16,19,234
0x5c5002,74.2647%,35,101,136,4,29,6,97
0x48d7e0,67.2897%,35,72,107,72,35,0,0
0x8be42f,96.2806%,35,906,941,6,14,21,900
0xa548b2,35.1852%,35,19,54,19,35,0,0
0x4bb9d8,68.4685%,35,76,111,42,7,28,34
0x8fda42,55.6962%,35,44,79,44,35,0,0
0x8ea272,97.7834%,35,1544,1579,1544,31,4,0
0x608d7a,82.5%,35,165,200,153,26,9,12
0x9a2345,68.4685%,35,76,111,76,35,0,0
0x9e21a4,70.8333%,35,85,120,80,24,11,5
0xb301be,92.1171%,35,409,444,0,0,35,409
0x834258,78.3951%,35,127,162,90,17,18,37
0x4bb7b5,83.0097%,35,171,206,155,31,4,16
0x49e630,16.6667%,35,7,42,7,35,0,0
0x501f8a,73.2824%,35,96,131,61,15,20,35
0x90b34a,96.358%,35,926,961,160,33,2,766
0x901b94,86%,35,215,250,67,14,21,148
0x99f0e5,81.9588%,35,159,194,159,23,12,0
0x90a942,57.8313%,35,48,83,48,35,0,0
0x94d7c5,93.7943%,35,529,564,16,14,21,513
0x814973,97.1452%,35,1191,1226,1191,33,2,0
0xa4593c,91.0256%,35,355,390,312,27,8,43
0xa39818,88.2155%,35,262,297,3,21,14,259
0xa54f1b,52.7027%,35,39,74,20,11,24,19
0x7cde7d,95.916%,35,822,857,33,32,3,789
0xa334fb,99.2308%,35,4515,4550,0,0,35,4515
0x508698,92.0091%,35,403,438,355,19,16,48
0x64b64d,95.8383%,35,806,841,31,26,9,775
0x977f14,97.6989%,35,1486,1521,884,27,8,602
0x54ec61,49.2754%,35,34,69,34,35,0,0
0x508bb0,93.9024%,35,539,574,16,25,10,523
0x9f79de,88.3333%,35,265,300,133,15,20,132
0x53e351,98.8882%,35,3113,3148,3113,35,0,0
0x5f5569,12.5%,35,5,40,5,35,0,0
0x66f62f,40.678%,35,24,59,19,14,21,5
0x8a9f3c,91.1616%,35,361,396,346,12,23,15
0x409ca3,82.1429%,35,161,196,16,23,12,145
0xa2ee4d,59.3023%,35,51,86,21,1,34,30
0x7227d7,98.7268%,35,2714,2749,1411,35,0,1303
0xa43c3f,90.9561%,35,352,387,97,9,26,255
0x402edf,67.8899%,35,74,109,69,34,1,5
0x4a5794,78.7879%,35,130,165,35,20,15,95
0x72286d,97.3139%,35,1268,1303,1268,35,0,0
0x837973,80.1136%,35,141,176,53,19,16,88
0x53fe9b,97.9897%,35,1706,1741,1706,35,0,0
0x4bbb37,66.0194%,35,68,103,48,12,23,20
0x40a30a,61.5385%,35,56,91,0,0,35,56
0x405200,74.2424%,34,98,132,0,0,34,98
0x977c69,76.2238%,34,109,143,15,8,26,94
0x8f09b7,70.9402%,34,83,117,0,0,34,83
0x4a25fe,95.6298%,34,744,778,0,0,34,744
0x5411fd,99.0608%,34,3586,3620,3586,34,0,0
0x5fc4d5,29.1667%,34,14,48,14,34,0,0
0x5480d6,99.1062%,34,3770,3804,3770,34,0,0
0x8f18e9,82.2917%,34,158,192,0,0,34,158
0x80c392,87.4074%,34,236,270,1,33,1,235
0x556a4a,97.079%,34,1130,1164,0,4,30,1130
0xa575a3,50%,34,34,68,18,23,11,16
0xa35eec,94.1681%,34,549,583,0,0,34,549
0x537f53,63.0435%,34,58,92,58,34,0,0
0x961373,97.9025%,34,1587,1621,1587,34,0,0
0x542572,86.6142%,34,220,254,173,20,14,47
0x81a098,92.3423%,34,410,444,342,28,6,68
0xb48b58,96.7681%,34,1018,1052,0,0,34,1018
0x64b633,95.6633%,34,750,784,0,0,34,750
0xa4dea7,71.9008%,34,87,121,56,29,5,31
0x901867,86.7188%,34,222,256,0,0,34,222
0x8ebadf,92.3937%,34,413,447,0,12,22,413
0x49c608,92.5602%,34,423,457,423,34,0,0
0x5baf8f,82.1053%,34,156,190,156,34,0,0
0x8f4d2d,98.6201%,34,2430,2464,2429,29,5,1
0x4a134f,92.7195%,34,433,467,0,0,34,433
0x8a7403,93.2%,34,466,500,168,28,6,298
0x541cd9,97.4281%,34,1288,1322,143,32,2,1145
0x780620,89.5062%,34,290,324,283,33,1,7
0x8a5456,97.7865%,34,1502,1536,1502,28,6,0
0xb2ad10,98.0347%,34,1696,1730,682,10,24,1014
0x66f621,49.2537%,34,33,67,6,2,32,27
0x9f4e4e,90.2579%,34,315,349,90,32,2,225
0x5335ae,58.5366%,34,48,82,19,26,8,29
0x9f78b3,95.8076%,34,777,811,0,0,34,777
0xa5706a,79.6407%,34,133,167,13,26,8,120
0x7d1af4,94.586%,34,594,628,594,34,0,0
0x8e334a,90.1734%,34,312,346,312,34,0,0
0xa89577,62.6374%,34,57,91,6,15,19,51
0x8fdf52,98.7204%,34,2623,2657,0,0,34,2623
0x67f0b8,99.2036%,34,4235,4269,0,0,34,4235
0x90ad36,56.4103%,34,44,78,31,13,21,13
0xa39b02,87.5458%,34,239,273,239,34,0,0
0x974719,77.6316%,34,118,152,0,0,34,118
0xa3301b,76.0563%,34,108,142,74,8,26,34
0x81ba0c,83.3333%,34,170,204,170,34,0,0
0x4c1b9d,93.6803%,34,504,538,19,5,29,485
0xab3336,74.2424%,34,98,132,88,2,32,10
0x8dc29e,95.6298%,34,744,778,651,17,17,93
0x409a59,82.6531%,34,162,196,10,29,5,152
0x40dbd7,50.7246%,34,35,69,24,15,19,11
0x4bb174,81.9149%,34,154,188,58,20,14,96
0x5cf516,97.6422%,34,1408,1442,1395,27,7,13
0x94b663,56.962%,34,45,79,45,34,0,0
0xa25fa6,96.6436%,34,979,1013,0,0,34,979
0x90831d,98.4171%,34,2114,2148,0,0,34,2114
0x977c1c,97.9444%,34,1620,1654,1487,24,10,133
0x81bcec,89.2744%,34,283,317,282,6,28,1
0x505220,95.4054%,34,706,740,704,9,25,2
0xad7e20,99.0125%,34,3409,3443,3409,34,0,0
0x8bcdba,96.5092%,34,940,974,30,14,20,910
0x8dce3a,89.1374%,34,279,313,243,9,25,36
0x559066,89.7898%,34,299,333,165,32,2,134
0x5ffd94,75.3623%,34,104,138,104,34,0,0
0xa5bb0b,47.6923%,34,31,65,18,8,26,13
0x409a6b,78.3439%,34,123,157,48,22,12,75
0x49e74e,99.303%,34,4844,4878,0,0,34,4844
0x58eb9f,99.3494%,34,5192,5226,5192,34,0,0
0xa2df62,82.4742%,34,160,194,35,18,16,125
0x5f8cfd,61.7978%,34,55,89,29,24,10,26
0xa529da,81.9149%,34,154,188,151,33,1,3
0x80b35c,85.7741%,34,205,239,205,28,6,0
0x48e036,58.5366%,34,48,82,0,0,34,48
0x81bac4,83.3333%,34,170,204,42,16,18,128
0x4872fe,95.0437%,34,652,686,0,0,34,652
0x8d25b3,98.0549%,34,1714,1748,0,0,34,1714
0x8b9e87,97.1088%,34,1142,1176,29,26,8,1113
0x904a3f,88.7043%,34,267,301,267,34,0,0
0x7d40ad,93.633%,34,500,534,447,34,0,53
0x8ebabd,93.3202%,34,475,509,2,20,14,473
0x9abcf3,97.0357%,34,1113,1147,1112,20,14,1
0x543914,87.8136%,34,245,279,132,9,25,113
0x5bb133,66.6667%,34,68,102,3,16,18,65
0x501a2d,96.8692%,34,1052,1086,1048,18,16,4
0xb2e6af,99.84%,34,21220,21254,21220,34,0,0
0x8ed99f,92.4612%,34,417,451,293,25,9,124
0x609579,90.3683%,34,319,353,67,34,0,252
0x610bf2,86.9732%,34,227,261,0,0,34,227
0x8a8b97,69.3694%,34,77,111,62,8,26,15
0x90baa7,96.9697%,34,1088,1122,1088,34,0,0
0xa2ef37,81.5217%,34,150,184,74,26,8,76
0x48ee24,89.7281%,34,297,331,0,0,34,297
0x969277,82.9146%,34,165,199,1,23,11,164
0x54facd,76.2238%,34,109,143,0,0,34,109
0x8226f5,96.3362%,34,894,928,0,0,34,894
0x901933,90.4762%,34,323,357,0,0,34,323
0x534e38,98.8606%,34,2950,2984,0,0,34,2950
0x50c087,98.3924%,34,2081,2115,0,0,34,2081
0x80c3cd,76.0563%,34,108,142,107,34,0,1
0xaa347f,96.3636%,34,901,935,898,26,8,3
0x510fd8,98.6111%,34,2414,2448,0,1,33,2414
0x8a900f,98.7814%,34,2756,2790,2756,30,4,0
0xa02986,86.5613%,34,219,253,3,21,13,216
0x8f3605,94.4895%,34,583,617,225,14,20,358
0x48a986,96.1841%,34,857,891,857,34,0,0
0x78ef14,76.2238%,34,109,143,29,27,7,80
0x8bd3ac,98.0571%,34,1716,1750,0,0,34,1716
0xa46488,82.3834%,34,159,193,2,27,7,157
0x60470f,80.791%,34,143,177,0,0,34,143
0xa4d68f,10.5263%,34,4,38,4,34,0,0
0x50eeaa,60%,34,51,85,0,2,32,51
0xaab844,68.2243%,34,73,107,69,30,4,4
0x5ff636,15%,34,6,40,6,34,0,0
0x609589,86.5079%,34,218,252,218,34,0,0
0x942967,85.1528%,34,195,229,195,34,0,0
0xb17ca7,97.6356%,34,1404,1438,0,0,34,1404
0x8f4ec6,98.6427%,34,2471,2505,151,25,9,2320
0x541bc5,95.4178%,34,708,742,0,0,34,708
0x5b2f57,84.0376%,34,179,213,175,6,28,4
0xa9b7c7,70.1754%,34,80,114,17,9,25,63
0x5ee155,98.8734%,34,2984,3018,2752,24,10,232
0x66d45b,97.6776%,34,1430,1464,1430,34,0,0
0x804ff2,89.697%,34,296,330,296,34,0,0
0x9e8787,56.962%,34,45,79,0,0,34,45
0x58f777,97.5887%,34,1376,1410,1376,32,2,0
0x5555ab,97.2085%,34,1184,1218,0,0,34,1184
0x90d17b,94.3239%,34,565,599,565,34,0,0
0x6667f9,93.0894%,34,458,492,458,34,0,0
0x9f091d,96.6135%,34,970,1004,970,34,0,0
0x5969cd,90.3683%,34,319,353,5,11,23,314
0x7ce158,98.2199%,34,1876,1910,0,0,34,1876
0x9e03ee,96.1969%,34,860,894,30,29,5,830
0x81603b,83.2512%,34,169,203,167,13,21,2
0x534417,99.6199%,34,8912,8946,8912,34,0,0
0x53ee88,77.9221%,34,120,154,118,31,3,2
0xa022f4,98.7062%,34,2594,2628,0,0,34,2594
0x627699,26.087%,34,12,46,12,34,0,0
0x49fea5,96.1926%,34,859,893,12,25,9,847
0x5912ef,86.1789%,34,212,246,208,23,11,4
0xa30a3c,89.3417%,34,285,319,108,16,18,177
0x90191c,90.9814%,34,343,377,0,0,34,343
0xb31422,83%,34,166,200,166,34,0,0
0x402b3c,98.849%,34,2920,2954,2920,34,0,0
0xa327ae,56.4103%,34,44,78,13,10,24,31
0x90e2fd,94.3615%,34,569,603,0,0,34,569
0x4a57e0,69.0909%,34,76,110,76,34,0,0
0x54f9ba,98.4753%,34,2196,2230,2170,17,17,26
0x53aed4,66%,34,66,100,34,19,15,32
0x512812,91.4358%,34,363,397,18,11,23,345
0x4101f1,98.173%,34,1827,1861,37,17,17,1790
0x49f69d,68.5185%,34,74,108,28,8,26,46
0x50be55,93.5728%,34,495,529,480,14,20,15
0x8dfea4,94.2177%,34,554,588,198,20,14,356
0x8ddad2,86.2903%,34,214,248,132,4,30,82
0xa504c1,86.7704%,34,223,257,0,0,34,223
0x5f8293,93.7615%,34,511,545,0,18,16,511
0x945283,88.2759%,34,256,290,46,18,16,210
0x9e760c,78.6164%,34,125,159,0,0,34,125
0xa4e637,55.2632%,34,42,76,12,30,4,30
0xa56129,81.5217%,34,150,184,0,0,34,150
0xa9f18a,84.9558%,34,192,226,178,29,5,14
0xa28173,89.8507%,34,301,335,114,12,22,187
0x9f2a65,67.3077%,34,70,104,70,29,5,0
0xa51d6e,41.3793%,34,24,58,17,33,1,7
0x5f00d6,81.3187%,34,148,182,148,34,0,0
0x58ebb7,97.9456%,34,1621,1655,109,13,21,1512
0x81fc06,89.4737%,34,289,323,96,16,18,193
0x8101c8,95.7393%,34,764,798,0,0,34,764
0x7c15ff,98.4524%,34,2163,2197,0,0,34,2163
0x80a4a7,96.1085%,33,815,848,811,32,1,4
0x4a5cb3,82.8125%,33,159,192,62,22,11,97
0x511d8e,98.0588%,33,1667,1700,204,14,19,1463
0x50d37f,93.3868%,33,466,499,466,33,0,0
0x7c708d,69.1589%,33,74,107,74,17,16,0
0x8e32ee,99.2126%,33,4158,4191,2188,26,7,1970
0x819402,95.7474%,33,743,776,0,0,33,743
0xa52660,73.8095%,33,93,126,0,0,33,93
0x512823,91.4948%,33,355,388,351,17,16,4
0x4a1ba3,96.9891%,33,1063,1096,1,22,11,1062
0x5cd2f6,74.8092%,33,98,131,55,12,21,43
0xaadbfa,89.8462%,33,292,325,292,33,0,0
0xa52279,78.5714%,33,121,154,121,33,0,0
0x537a94,25%,33,11,44,0,0,33,11
0x4fdd8c,59.7561%,33,49,82,49,33,0,0
0x48c75a,43.1034%,33,25,58,14,5,28,11
0x5bcab2,96.5768%,33,931,964,37,14,19,894
0x50c618,70.2703%,33,78,111,43,22,11,35
0x8a6275,83.7438%,33,170,203,38,29,4,132
0x58bde7,77.8523%,33,116,149,0,0,33,116
0x8dd464,98.5646%,33,2266,2299,643,25,8,1623
0x9a1dbd,73.8095%,33,93,126,88,23,10,5
0x50e346,65.9794%,33,64,97,49,30,3,15
0x643405,93.5673%,33,480,513,478,29,4,2
0x8ad6be,62.9213%,33,56,89,54,30,3,2
0xa91707,8.33333%,33,3,36,0,0,33,3
0x508072,93.75%,33,495,528,111,25,8,384
0x784025,94.686%,33,588,621,587,31,2,1
0x8fe462,98.3957%,33,2024,2057,2024,27,6,0
0x502a05,65.9794%,33,64,97,61,2,31,3
0x5f7a73,84.058%,33,174,207,173,33,0,1
0x40509e,99.115%,33,3696,3729,0,0,33,3696
0x4b5823,87.7778%,33,237,270,0,0,33,237
0x8e0a79,98.873%,33,2895,2928,307,17,16,2588
0x402315,99.359%,33,5115,5148,0,0,33,5115
0x9e0477,84.3602%,33,178,211,73,24,9,105
0x8f7634,78.9809%,33,124,157,124,33,0,0
0x54eb40,52.1739%,33,36,69,22,4,29,14
0x909189,98.2229%,33,1824,1857,1824,33,0,0
0xa43ce5,94.0433%,33,521,554,0,0,33,521
0x50ce0a,73.6%,33,92,125,9,22,11,83
0x9be461,72.5%,33,87,120,58,14,19,29
0x50cf8d,85.8369%,33,200,233,121,10,23,79
0x488b36,97.9021%,33,1540,1573,1539,12,21,1
0x8e4288,98.3308%,33,1944,1977,1944,33,0,0
0x8ed6c3,96.9669%,33,1055,1088,0,2,31,1055
0x807060,91.5816%,33,359,392,0,0,33,359
0x66d438,98.1798%,33,1780,1813,35,21,12,1745
0x409adb,78.1457%,33,118,151,29,15,18,89
0x9e084f,96.5661%,33,928,961,68,6,27,860
0x8a34a3,86.3071%,33,208,241,208,33,0,0
0x4ac146,80.814%,33,139,172,139,33,0,0
0x80bce4,88.5417%,33,255,288,144,23,10,111
0x9f1d84,85.1351%,33,189,222,129,15,18,60
0xa02fca,51.4706%,33,35,68,35,33,0,0
0xa4a9b9,68.2692%,33,71,104,56,6,27,15
0x54fa2a,98.8885%,33,2936,2969,2936,33,0,0
0x9d1cc3,53.5211%,33,38,71,3,30,3,35
0x9f5f0e,92.1801%,33,389,422,388,30,3,1
0xa95b9a,74.6154%,33,97,130,97,33,0,0
0xb38ea7,99.4045%,33,5509,5542,2745,26,7,2764
0x808ebd,96.0854%,33,810,843,810,31,2,0
0x8f2f8f,99.547%,33,7251,7284,0,0,33,7251
0x50d6f4,88%,33,242,275,126,10,23,116
0x9c4162,90.8333%,33,327,360,12,22,11,315
0x53b05a,98.6464%,33,2405,2438,0,0,33,2405
0x9a22cb,83.7438%,33,170,203,130,4,29,40
0x6191a0,90.7821%,33,325,358,0,0,33,325
0x545b01,99.4063%,33,5525,5558,5,4,29,5520
0x5c4c22,98.1957%,33,1796,1829,1796,33,0,0
0x5ffeb0,96.0526%,33,803,836,803,33,0,0
0x5cba12,78.7097%,33,122,155,0,0,33,122
0x9f0ee7,44.0678%,33,26,59,5,30,3,21
0x552a50,97.6596%,33,1377,1410,0,0,33,1377
0x40f3c7,95.082%,33,638,671,600,19,14,38
0x9f4ad4,72.9508%,33,89,122,71,13,20,18
0x5fa071,97.1229%,33,1114,1147,325,26,7,789
0x58d11a,79.878%,33,131,164,0,0,33,131
0x9eca1a,78.2895%,33,119,152,0,0,33,119
0x8da539,97.1103%,33,1109,1142,0,0,33,1109
0x8f35cc,94.8678%,33,610,643,600,17,16,10
0x534e2f,98.8941%,33,2951,2984,0,0,33,2951
0x51c292,97.2523%,33,1168,1201,1168,33,0,0
0x557a13,85%,33,187,220,187,33,0,0
0x40f61d,98.38%,33,2004,2037,245,27,6,1759
0x80e4f6,96.0854%,33,810,843,0,0,33,810
0x9fb84a,89.2157%,33,273,306,65,26,7,208
0xa5f582,81.0345%,33,141,174,0,0,33,141
0x40e64d,93.3868%,33,466,499,460,22,11,6
0x8eef9d,92.6829%,33,418,451,0,0,33,418
0xa449f3,94.72%,33,592,625,0,4,29,592
0x542382,84.9315%,33,186,219,186,33,0,0
0xa50c9e,85.3333%,33,192,225,0,0,33,192
0x501f66,86.1345%,33,205,238,82,25,8,123
0x50435f,73.3871%,33,91,124,50,12,21,41
0x64b0ae,99.9223%,33,42456,42489,0,2,31,42456
0x58c524,86.25%,33,207,240,150,4,29,57
0x8c9357,94.2207%,33,538,571,536,24,9,2
0x58f801,99.003%,33,3277,3310,0,0,33,3277
0x9dfdf1,81.6667%,33,147,180,147,33,0,0
0x49371c,63.7363%,33,58,91,12,29,4,46
0x81ee47,96.2963%,33,858,891,0,0,33,858
0x9d00bb,90.5714%,33,317,350,317,33,0,0
0x54195e,98.776%,33,2663,2696,0,0,33,2663
0x944cc5,95.4357%,33,690,723,0,0,33,690
0xb0b011,68.5714%,33,72,105,3,9,24,69
0xa919cc,95.3258%,33,673,706,0,4,29,673
0x96c170,86.6397%,33,214,247,19,19,14,195
0xa3939e,97.8613%,33,1510,1543,2,12,21,1508
0xa9c954,28.2609%,33,13,46,0,2,31,13
0x509d90,97.0377%,33,1081,1114,118,18,15,963
0x8a5f1a,74.8092%,33,98,131,20,25,8,78
0xb3479e,92.0863%,33,384,417,384,29,4,0
0xb2fed8,99.1799%,33,3991,4024,3991,33,0,0
0x489fbd,78.7097%,33,122,155,122,33,0,0
0x402cfd,96.2796%,33,854,887,314,22,11,540
0xa5105c,91.2234%,33,343,376,63,20,13,280
0x54fa71,86.3636%,33,209,242,209,33,0,0
0x40bb97,88.9262%,33,265,298,265,33,0,0
0x9e28b6,91.3838%,33,350,383,350,33,0,0
0xaa5374,98.7327%,33,2571,2604,0,21,12,2571
0x4a1258,97.0377%,33,1081,1114,11,7,26,1070
0x53f16f,78.5714%,33,121,154,121,28,5,0
0x507cee,69.7248%,33,76,109,41,32,1,35
0xa50461,87.1595%,33,224,257,0,0,33,224
0x9eef0a,85.6522%,33,197,230,122,19,14,75
0x9e3854,90.5172%,33,315,348,0,0,33,315
0xa90a5f,81.8681%,33,149,182,149,29,4,0
0x50c9a1,92.5%,33,407,440,0,0,33,407
0x40a5a8,43.1034%,33,25,58,15,19,14,10
0x591142,86.6397%,33,214,247,79,17,16,135
0x8e4633,97.8304%,33,1488,1521,1142,6,27,346
0x48ba6b,60.7143%,33,51,84,51,33,0,0
0xa9491a,31.25%,33,15,48,5,19,14,10
0x8f1f82,92.0863%,33,384,417,233,32,1,151
0x4bbc8b,72.7273%,33,88,121,88,33,0,0
0x5fea14,46.7742%,33,29,62,0,0,33,29
0x58ec32,98.006%,33,1622,1655,1603,22,11,19
0x8deafb,74.2188%,33,95,128,40,10,23,55
0xb4a147,96.5553%,33,925,958,925,33,0,0
0x5071a3,95.5405%,33,707,740,577,27,6,130
0x81aea7,96.1085%,33,815,848,811,32,1,4
0xa3407f,85.3333%,33,192,225,102,29,4,90
0x535729,45.9016%,33,28,61,28,33,0,0
0x818944,94.7785%,33,599,632,0,0,33,599
0x5911e5,88.5813%,33,256,289,256,33,0,0
0x507eba,95.5405%,33,707,740,0,0,33,707
0x58e36a,70.7965%,33,80,113,22,23,10,58
0x5f0c02,89.2157%,33,273,306,0,0,33,273
0x643475,94.9153%,33,616,649,607,17,16,9
0x9ee06c,79.5031%,33,128,161,104,10,23,24
0xa63b37,73.6%,33,92,125,0,0,33,92
0x4a7aba,93.5922%,33,482,515,0,0,33,482
0x8da41c,95.1111%,33,642,675,0,0,33,642
0x48f07e,74.4186%,33,96,129,77,19,14,19
0xa0306a,79.375%,33,127,160,0,0,33,127
0x9f52ed,79.2453%,33,126,159,0,4,29,126
0x510df0,99.5503%,33,7306,7339,0,20,13,7306
0xa34b0f,82.7225%,33,158,191,19,21,12,139
0x8a7027,66.6667%,33,66,99,34,22,11,32
0x4bc71a,85.7143%,33,198,231,161,27,6,37
0x96a4e6,54.1667%,33,39,72,39,33,0,0
0xa2fcd7,96.4208%,33,889,922,876,3,30,13
0x50958e,93.5421%,33,478,511,470,23,10,8
0x4bbf01,96.5409%,33,921,954,0,0,33,921
0x9f25c4,15.3846%,33,6,39,6,33,0,0
0x5049ec,95.5405%,33,707,740,702,31,2,5
0x8e920d,97.6629%,33,1379,1412,0,0,33,1379
0x8a5b3e,97.5537%,33,1316,1349,1316,33,0,0
0x4b5147,74.2188%,33,95,128,91,17,16,4
0x90427f,91.9512%,33,377,410,377,33,0,0
0x9f0eb7,44.0678%,33,26,59,13,8,25,13
0x9e62da,80.3571%,33,135,168,129,20,13,6
0x64dfaf,93.9227%,33,510,543,475,13,20,35
0xa271af,88.3803%,33,251,284,251,33,0,0
0x502c9b,98.4729%,33,2128,2161,2,6,27,2126
0x609754,60.241%,33,50,83,8,32,1,42
0x61060b,62.9213%,33,56,89,0,0,33,56
0x403f58,94.8837%,33,612,645,392,15,18,220
0x554f00,76.7606%,33,109,142,0,0,33,109
0x8d205f,97.8403%,33,1495,1528,23,3,30,1472
0x8dfd26,86.3636%,33,209,242,209,33,0,0
0x9e18e2,72.5%,33,87,120,35,19,14,52
0xa5c2d4,69.7248%,33,76,109,66,11,22,10
0x8c8792,92.7313%,33,421,454,421,33,0,0
0x7cea3e,98.314%,32,1866,1898,0,0,32,1866
0x507638,98.6087%,32,2268,2300,2262,20,12,6
0x8e2b34,97.193%,32,1108,1140,1078,10,22,30
0x5bd262,96.6805%,32,932,964,932,32,0,0
0x44651a,98.3976%,32,1965,1997,2,24,8,1963
0x5349d2,93.4156%,32,454,486,454,23,9,0
0x4885a6,98.9825%,32,3113,3145,0,0,32,3113
0x9f59fe,57.3333%,32,43,75,0,0,32,43
0x5349be,93.4156%,32,454,486,417,12,20,37
0x40517e,99.6136%,32,8250,8282,8250,32,0,0
0x810918,87.8788%,32,232,264,7,4,28,225
0x5aef2b,95.4023%,32,664,696,8,14,18,656
0x9fb117,74.1935%,32,92,124,0,0,32,92
0x5410d7,99.2235%,32,4089,4121,4089,32,0,0
0x5f03fd,69.5238%,32,73,105,73,32,0,0
0x5912fe,88.9273%,32,257,289,129,18,14,128
0x8ff0bf,81.8182%,32,144,176,0,0,32,144
0x99b8c8,83.1579%,32,158,190,144,20,12,14
0x5fa2b1,87.3518%,32,221,253,221,32,0,0
0x5fe1b4,74.6032%,32,94,126,0,0,32,94
0x810938,77.7778%,32,112,144,110,10,22,2
0x49e944,98.9049%,32,2890,2922,2890,32,0,0
0x66f60c,75.9398%,32,101,133,66,0,32,35
0x5463ff,90.8571%,32,318,350,0,0,32,318
0x5fa313,95.9799%,32,764,796,0,0,32,764
0x8ee646,23.8095%,32,10,42,0,0,32,10
0xa5892c,65.5914%,32,61,93,16,23,9,45
0x5110bf,99.1521%,32,3742,3774,3742,32,0,0
0xa60a27,89.4737%,32,272,304,0,0,32,272
0x8b9914,99.8817%,32,27009,27041,27009,32,0,0
0xa262f3,94.7455%,32,577,609,125,16,16,452
0x5f7eb9,76.2963%,32,103,135,102,32,0,1
0x5f8774,63.6364%,32,56,88,15,16,16,41
0x94c7c6,93.3194%,32,447,479,447,32,0,0
0x403ade,97.8709%,32,1471,1503,1471,32,0,0
0x81b6fb,84.3137%,32,172,204,172,13,19,0
0x4a6573,77.931%,32,113,145,33,26,6,80
0x48b3e2,85.7778%,32,193,225,2,10,22,191
0xa51091,87.5486%,32,225,257,0,0,32,225
0x58e008,84.689%,32,177,209,114,21,11,63
0xa54110,95.4738%,32,675,707,0,0,32,675
0x6196e0,57.3333%,32,43,75,43,32,0,0
0x50892a,65.9574%,32,62,94,21,32,0,41
0x8fdc76,95.8115%,32,732,764,0,0,32,732
0x9d2671,68%,32,68,100,48,14,18,20
0x966564,61.4458%,32,51,83,50,31,1,1
0x811dca,90.303%,32,298,330,149,16,16,149
0xa45bf7,68.6275%,32,70,102,18,17,15,52
0x8e1b29,71.4286%,32,80,112,30,15,17,50
0xa4e6c6,57.8947%,32,44,76,28,10,22,16
0x49325c,75%,32,96,128,96,32,0,0
0x78ab55,75.9398%,32,101,133,36,25,7,65
0x64b5fe,43.8596%,32,25,57,25,32,0,0
0x9e0ba7,87.5486%,32,225,257,0,28,4,225
0x80a427,96.2264%,32,816,848,816,27,5,0
0xa35343,98.3176%,32,1870,1902,0,0,32,1870
0x556577,92.02%,32,369,401,334,12,20,35
0xa938e0,81.0651%,32,137,169,128,5,27,9
0xa4585b,87.5486%,32,225,257,38,3,29,187
0x9f4e9c,81.7143%,32,143,175,52,2,30,91
0xa4722a,80.8383%,32,135,167,135,32,0,0
0x81ba94,84.3137%,32,172,204,0,0,32,172
0x9e3e85,79.2208%,32,122,154,0,0,32,122
0x8a989c,99.5983%,32,7934,7966,6589,15,17,1345
0xa41a6f,98.8916%,32,2855,2887,2828,31,1,27
0x40e137,98.0827%,32,1637,1669,0,0,32,1637
0x9ec470,65.9574%,32,62,94,60,29,3,2
0x409d25,60.9756%,32,50,82,44,17,15,6
0xa41fb1,63.2184%,32,55,87,55,32,0,0
0x666925,94.5205%,32,552,584,552,32,0,0
0x821c2a,85.1163%,32,183,215,0,0,32,183
0x9ed94f,74.6032%,32,94,126,94,32,0,0
0x4bc512,85.6502%,32,191,223,191,17,15,0
0x60b6a9,87.0968%,32,216,248,6,15,17,210
0x9439d0,78.0822%,32,114,146,34,14,18,80
0x9aba29,71.9298%,32,82,114,65,20,12,17
0x534b3d,60.4938%,32,49,81,9,2,30,40
0x9fb0d7,74.1935%,32,92,124,0,0,32,92
0xa2d214,95.6044%,32,696,728,696,32,0,0
0x4c4a6f,99.0169%,32,3223,3255,3223,32,0,0
0x51c37e,97.3356%,32,1169,1201,1169,32,0,0
0x8fbf3a,92.2892%,32,383,415,383,32,0,0
0x8ee7c8,81.1765%,32,138,170,113,18,14,25
0x8149f6,97.3899%,32,1194,1226,1194,30,2,0
0x48fb47,75.1938%,32,97,129,55,10,22,42
0x4b58b9,88.1481%,32,238,270,0,0,32,238
0x8e4a9a,89.404%,32,270,302,248,10,22,22
0xa33e53,71.4286%,32,80,112,37,6,26,43
0x5bceed,90.0621%,32,290,322,28,23,9,262
0x8122f3,76.1194%,32,102,134,81,18,14,21
0x49f986,84.7619%,32,178,210,2,17,15,176
0x9ab97b,86.1472%,32,199,231,199,32,0,0
0x9e6dcb,90.7514%,32,314,346,0,4,28,314
0x48d7b2,98.1308%,32,1680,1712,699,13,19,981
0x604af7,56.7568%,32,42,74,27,10,22,15
0x78435e,88.0597%,32,236,268,236,32,0,0
0x9694d6,98.6622%,32,2360,2392,0,0,32,2360
0x4ca662,30.4348%,32,14,46,3,8,24,11
0x4c1cdc,83.1579%,32,158,190,103,26,6,55
0x9f94d2,73.3333%,32,88,120,0,10,22,88
0x49f95e,97.594%,32,1298,1330,8,23,9,1290
0x505413,95.6757%,32,708,740,708,32,0,0
0x9e0b36,87.8327%,32,231,263,3,3,29,228
0xa46771,90.7514%,32,314,346,314,32,0,0
0x4be48a,62.7907%,32,54,86,25,9,23,29
0x7d2d7b,94.8136%,32,585,617,244,20,12,341
0x5cf59e,97.6978%,32,1358,1390,1358,32,0,0
0x944cfb,95.574%,32,691,723,655,10,22,36
0x5fd78f,97.9153%,32,1503,1535,1503,24,8,0
0x95010b,98.5247%,32,2137,2169,2137,32,0,0
0x501b57,95.9545%,32,759,791,5,8,24,754
0x8adc6e,87.8788%,32,232,264,0,22,10,232
0xa50c44,51.5152%,32,34,66,0,0,32,34
0x508cad,95.6757%,32,708,740,146,20,12,562
0x4ba79b,91.4209%,32,341,373,31,0,32,310
0x507c03,95.6757%,32,708,740,163,3,29,545
0x8fe483,99.6874%,32,10204,10236,10204,32,0,0
0x60475e,92.5408%,32,397,429,0,0,32,397
0xa4688a,54.9296%,32,39,71,27,18,14,12
0x908d4e,99.5997%,32,7962,7994,3691,29,3,4271
0x5bb638,73.1092%,32,87,119,86,10,22,1
0x40f56f,99.7783%,32,14400,14432,12692,18,14,1708
0x54132a,99.5928%,32,7826,7858,7823,27,5,3
0xa57071,75%,32,96,128,1,27,5,95
0xa9f14c,85.8407%,32,194,226,40,18,14,154
0x911732,85.3211%,32,186,218,158,4,28,28
0x59c529,88.1041%,32,237,269,150,30,2,87
0x4a6d10,93.3472%,32,449,481,449,32,0,0
0x8e0bc9,99.2365%,32,4159,4191,114,4,28,4045
0x4a6c77,93.3472%,32,449,481,449,32,0,0
0xb300d4,96.9897%,32,1031,1063,0,0,32,1031
0x8ec3b7,82.7027%,32,153,185,151,8,24,2
0x8fe240,99.895%,32,30433,30465,30433,32,0,0
0xa505c3,57.8947%,32,44,76,19,19,13,25
0x835d02,15.7895%,32,6,38,6,32,0,0
0xaa801b,93.9509%,32,497,529,497,32,0,0
0x535685,79.3548%,32,123,155,123,32,0,0
0x8dd0f3,95.5432%,32,686,718,155,20,12,531
0x90a8b9,56.7568%,32,42,74,0,0,32,42
0xa9ed87,60.4938%,32,49,81,41,26,6,8
0x9f5996,86.383%,32,203,235,203,32,0,0
0x9e7602,92%,32,368,400,223,18,14,145
0x48eb1a,81.8182%,32,144,176,143,27,5,1
0x9f3f43,83.6735%,32,164,196,13,28,4,151
0xa942fe,69.8113%,32,74,106,67,18,14,7
0xa935f9,81.0651%,32,137,169,65,23,9,72
0x90fcec,88.5714%,32,248,280,29,24,8,219
0x5481eb,99.5341%,32,6837,6869,36,4,28,6801
0x9e289f,91.6449%,32,351,383,346,32,0,5
0x9f501b,76.8116%,32,106,138,0,0,32,106
0x9a7496,39.6226%,32,21,53,3,11,21,18
0x410309,99.4465%,32,5749,5781,145,16,16,5604
0x8e4a88,90.7514%,32,314,346,28,16,16,286
0x4831e0,72.4138%,32,84,116,57,30,2,27
0x5f766a,74.4%,32,93,125,93,32,0,0
0x9e18ad,73.3333%,32,88,120,0,0,32,88
0xa9d1ac,78.3784%,32,116,148,21,11,21,95
0x51c212,97.4089%,32,1203,1235,1203,15,17,0
0xa9e9f4,85.8407%,32,194,226,0,0,32,194
0xa35b38,99.0175%,32,3225,3257,3195,30,2,30
0x8ab061,96.2617%,32,824,856,824,32,0,0
0x9ea69a,75%,32,96,128,27,1,31,69
0x8fd078,78.2313%,32,115,147,58,18,14,57
0x534495,99.6431%,32,8935,8967,22,19,13,8913
0x780615,90.1235%,32,292,324,0,0,32,292
0x618a08,54.2857%,32,38,70,38,32,0,0
0x9c4189,91.1111%,32,328,360,8,20,12,320
0xa507f1,87.5486%,32,225,257,0,0,32,225
0x911810,84.5771%,31,170,201,0,0,31,170
0x409d01,65.9341%,31,60,91,0,0,31,60
0x80767b,89.8026%,31,273,304,5,13,18,268
0x40e8ee,75.3968%,31,95,126,85,31,0,10
0x9d0216,90.6627%,31,301,332,181,0,31,120
0xa8a721,62.6506%,31,52,83,52,31,0,0
0x404e6f,97.2566%,31,1099,1130,1045,11,20,54
0x9a7d03,94.4544%,31,528,559,132,18,13,396
0x5991c3,99.3313%,31,4605,4636,4605,31,0,0
0x9a8b7c,90.6344%,31,300,331,255,14,17,45
0x8d24c0,62.1951%,31,51,82,35,5,26,16
0x96b1a7,96.5821%,31,876,907,0,0,31,876
0x8be448,96.6341%,31,890,921,882,21,10,8
0x4a1216,96.1586%,31,776,807,776,31,0,0
0x540b7d,91.1429%,31,319,350,293,0,31,26
0x48d1a8,44.6429%,31,25,56,25,31,0,0
0xae4148,91.4601%,31,332,363,9,5,26,323
0x494330,70.4762%,31,74,105,23,15,16,51
0x63b49d,98.5425%,31,2096,2127,2,9,22,2094
0x51b6ec,99.5941%,31,7607,7638,0,11,20,7607
0x948695,97.8502%,31,1411,1442,1411,31,0,0
0x818b14,98.6283%,31,2229,2260,0,0,31,2229
0x409f24,61.7284%,31,50,81,27,3,28,23
0x4bc505,86.2222%,31,194,225,0,2,29,194
0x9e24d3,92.112%,31,362,393,123,27,4,239
0x405a6c,93.1868%,31,424,455,15,8,23,409
0x9a9eaf,82.5843%,31,147,178,38,3,28,109
0x547426,79.6053%,31,121,152,64,27,4,57
0x8ff7ba,99.1744%,31,3724,3755,3724,31,0,0
0x8145ec,94.1948%,31,503,534,500,13,18,3
0x541fa7,96.3443%,31,817,848,0,0,31,817
0x627ab3,87.8431%,31,224,255,213,11,20,11
0xa594f4,84.6535%,31,171,202,0,0,31,171
0x4b5cb4,81.0976%,31,133,164,108,15,16,25
0x4885e2,97.7372%,31,1339,1370,1,6,25,1338
0x80a3f7,97.2807%,31,1109,1140,1109,29,2,0
0x49fd38,97.3993%,31,1161,1192,1161,31,0,0
0x4b6531,80%,31,124,155,96,10,21,28
0xa33583,98.8433%,31,2649,2680,0,0,31,2649
0x50584c,61.7284%,31,50,81,50,31,0,0
0x505fdb,66.6667%,31,62,93,37,26,5,25
0xa58fdb,73.9496%,31,88,119,66,12,19,22
0x908d7a,99.2747%,31,4243,4274,3719,1,30,524
0x9ef392,48.3333%,31,29,60,12,26,5,17
0x501630,98.5635%,31,2127,2158,676,20,11,1451
0x54fa49,98.9559%,31,2938,2969,2,9,22,2936
0x9f0ebf,18.4211%,31,7,38,7,31,0,0
0x8184eb,63.9535%,31,55,86,25,9,22,30
0x403ebe,98.7485%,31,2446,2477,101,12,19,2345
0x534e51,98.9611%,31,2953,2984,2953,31,0,0
0x9694eb,98.7018%,31,2357,2388,0,0,31,2357
0x9f2696,92.8241%,31,401,432,0,0,31,401
0xa2ec9a,51.5625%,31,33,64,18,24,7,15
0x90a042,96.9786%,31,995,1026,0,0,31,995
0x640102,98.3306%,31,1826,1857,1176,31,0,650
0x8a64ec,97.0865%,31,1033,1064,3,14,17,1030
0x489d48,99.4977%,31,6141,6172,0,0,31,6141
0x9a74ab,69.9029%,31,72,103,3,8,23,69
0x9ab3d6,88.7273%,31,244,275,0,0,31,244
0x506def,95.8108%,31,709,740,709,30,1,0
0x81b121,53.0303%,31,35,66,10,24,7,25
0x9be3c4,53.7313%,31,36,67,13,22,9,23
0x538f8f,78.3217%,31,112,143,108,24,7,4
0x49b09c,88.8087%,31,246,277,0,0,31,246
0x50d3ac,93.7876%,31,468,499,309,29,2,159
0x942825,98.1657%,31,1659,1690,1659,31,0,0
0x9d1c97,56.338%,31,40,71,9,7,24,31
0x8e269f,99.4123%,31,5244,5275,3227,25,6,2017
0x8fed89,98.9456%,31,2909,2940,2909,31,0,0
0xa8ab7a,62.6506%,31,52,83,0,0,31,52
0x90294d,93.9453%,31,481,512,481,31,0,0
0xa54def,80.1282%,31,125,156,6,7,24,119
0x627976,97.4188%,31,1170,1201,0,0,31,1170
0x8efba1,73.5043%,31,86,117,86,31,0,0
0x648468,88.8087%,31,246,277,62,23,8,184
0xa4683c,90.5488%,31,297,328,212,30,1,85
0x8ecf1b,90.2516%,31,287,318,280,16,15,7
0x8b9ecd,91.6216%,31,339,370,64,27,4,275
0xa9325a,86.2832%,31,195,226,1,0,31,194
0x4bb1e2,95.4942%,31,657,688,657,22,9,0
0x4b5dd3,81.0976%,31,133,164,22,28,3,111
0x556087,87.0833%,31,209,240,200,2,29,9
0x9e08b6,93.2755%,31,430,461,0,0,31,430
0x63fd73,98.8999%,31,2787,2818,1828,29,2,959
0xa01dfe,54.4118%,31,37,68,3,24,7,34
0x4b6003,71.8182%,31,79,110,79,30,1,0
0x9e88dd,73.2759%,31,85,116,85,31,0,0
0x911aa4,97.516%,31,1217,1248,66,24,7,1151
0x8ee0c8,84.5%,31,169,200,16,14,17,153
0x8aaa54,50.7937%,31,32,63,32,31,0,0
0x9f4bce,89.9023%,31,276,307,61,19,12,215
0x8fe19c,81.3253%,31,135,166,62,24,7,73
0x51c998,97.4899%,31,1204,1235,1200,18,13,4
0x8a77ac,56.9444%,31,41,72,10,18,13,31
0x4903ab,60.7595%,31,48,79,0,0,31,48
0x5570db,87.2428%,31,212,243,0,0,31,212
0x50e0fc,68.0412%,31,66,97,28,27,4,38
0x58c1fd,90.2516%,31,287,318,287,31,0,0
0x48bf3e,71.5596%,31,78,109,75,24,7,3
0x51b0ab,87.747%,31,222,253,222,31,0,0
0x50ee87,80.1282%,31,125,156,7,5,26,118
0x543f9d,97.7471%,31,1345,1376,1345,31,0,0
0x548c4f,98.5301%,31,2078,2109,2078,31,0,0
0x40228c,99.0882%,31,3369,3400,1761,24,7,1608
0x8eca17,99.2809%,31,4280,4311,54,16,15,4226
0x402d73,81.9767%,31,141,172,47,16,15,94
0x66d3fd,98.2901%,31,1782,1813,1487,25,6,295
0x548a60,68.6869%,31,68,99,63,24,7,5
0xa56fc6,71.2963%,31,77,108,69,13,18,8
0xa51204,32.6087%,31,15,46,4,30,1,11
0x83515a,99.4745%,31,5868,5899,5868,31,0,0
0x50ee16,77.3723%,31,106,137,32,17,14,74
0x8f1600,76.8657%,31,103,134,73,23,8,30
0x8dd9e6,98.0993%,31,1600,1631,22,10,21,1578
0x54f4f8,98.9826%,31,3016,3047,3016,31,0,0
0x489b4e,92.5481%,31,385,416,385,25,6,0
0xa51374,94.1288%,31,497,528,0,12,19,497
0x4a71dc,94.9675%,31,585,616,0,0,31,585
0x5904d5,97.702%,31,1318,1349,0,0,31,1318
0xa5ee25,92.3457%,31,374,405,12,25,6,362
0xa9cf71,59.7403%,31,46,77,44,31,0,2
0x784068,95.0081%,31,590,621,6,15,16,584
0x8ef0eb,93.1264%,31,420,451,298,20,11,122
0xa5fa83,97.9497%,31,1481,1512,0,8,23,1481
0x81b8a8,90.2208%,31,286,317,286,2,29,0
0x9e84bd,24.3902%,31,10,41,10,31,0,0
0xa8ee4b,93.0337%,31,414,445,414,17,14,0
0xa35258,98.3727%,31,1874,1905,1874,28,3,0
0x94d8f9,95.894%,31,724,755,678,19,12,46
0x648be6,40.3846%,31,21,52,2,24,7,19
0x81e7b8,96.1681%,31,778,809,180,24,7,598
0xaa33bc,90.7463%,31,304,335,297,29,2,7
0x4bd657,50%,31,31,62,3,12,19,28
0x8fe95d,98.5167%,31,2059,2090,2059,31,0,0
0x8fdb91,97.595%,31,1258,1289,139,30,1,1119
0x821485,98.4391%,31,1955,1986,1955,31,0,0
0x8196ae,98.4959%,31,2030,2061,1846,23,8,184
0x8ef134,93.1264%,31,420,451,109,3,28,311
0x40a8f5,65.9341%,31,60,91,1,1,30,59
0x6387ae,99.1749%,31,3726,3757,3723,23,8,3
0x48b330,90.3427%,31,290,321,0,0,31,290
0xa905d7,53.0303%,31,35,66,19,6,25,16
0x499c29,41.5094%,31,22,53,22,31,0,0
0x81ba37,84.8039%,31,173,204,45,13,18,128
0x4be763,43.6364%,31,24,55,12,21,10,12
0x404934,88.0309%,31,228,259,0,0,31,228
0x9f4be1,86.3436%,31,196,227,28,24,7,168
0x9d2040,69.3069%,31,70,101,5,23,8,65
0x8aa872,95.7823%,31,704,735,704,31,0,0
0xb0b03a,56.9444%,31,41,72,11,18,13,30
0x4022df,98.2633%,31,1754,1785,1712,18,13,42
0x81a8f8,86.9748%,31,207,238,112,28,3,95
0x804c90,86.6379%,31,201,232,200,30,1,1
0x58fe67,96.9428%,31,983,1014,743,17,14,240
0x4995c2,75.5906%,31,96,127,52,1,30,44
0x4b6a27,74.1667%,31,89,120,76,18,13,13
0xa463eb,74.1667%,31,89,120,4,20,11,85
0x9e2727,79.6053%,31,121,152,0,0,31,121
0x58c53b,58.1081%,31,43,74,30,10,21,13
0x503308,56.338%,31,40,71,22,10,21,18
0x40cfd6,99.5143%,31,6351,6382,6351,31,0,0
0x591293,88.6861%,31,243,274,97,17,14,146
0x81a2c0,93.7751%,31,467,498,467,31,0,0
0x5912a4,88.6861%,31,243,274,243,31,0,0
0xa2d9e5,92.8406%,31,402,433,400,13,18,2
0x90e161,69.6078%,31,71,102,61,9,22,10
0x8c8292,96.723%,31,915,946,28,18,13,887
0xa2ebcf,91.1175%,31,318,349,318,31,0,0
0x94ddc9,92.757%,31,397,428,47,17,14,350
0x9e3e9e,79.8701%,31,123,154,0,0,31,123
0x9ee327,74.7967%,31,92,123,0,13,18,92
0x4ab4d7,0%,31,0,31,0,31,0,0
0x5f55b1,44.6429%,31,25,56,25,27,4,0
0x58f878,99.2461%,31,4081,4112,3273,11,20,808
0xa39a40,94.6274%,31,546,577,542,16,15,4
0x5fc218,35.4167%,31,17,48,6,8,23,11
0x63c77e,95.9424%,31,733,764,732,28,3,1
0xa54182,95.5331%,31,663,694,661,29,2,2
0xa594fd,84.6535%,31,171,202,8,13,18,163
0x48c166,68.3673%,31,67,98,67,31,0,0
0x8ff0c8,82.3864%,31,145,176,145,31,0,0
0x8e2d48,90.0322%,31,280,311,275,15,16,5
0x99bde1,84.7291%,31,172,203,159,31,0,13
0x6070af,87.7953%,31,223,254,0,0,31,223
0xa946bc,81.9767%,31,141,172,97,29,2,44
0x404448,97.6935%,31,1313,1344,11,15,16,1302
0x555e3e,97.1323%,31,1050,1081,1003,18,13,47
0xa58d81,78.7671%,31,115,146,22,20,11,93
0x81f9e7,96.1395%,31,772,803,733,13,18,39
0x9f78d1,95.1562%,31,609,640,609,31,0,0
0x8de1c4,98.7132%,31,2378,2409,2378,31,0,0
0x81456c,98.2376%,31,1728,1759,0,0,31,1728
0x9f05c2,95.974%,31,739,770,739,31,0,0
0x59130b,78.169%,31,111,142,111,31,0,0
0x670418,76.6917%,31,102,133,0,0,31,102
0xa33dfd,89.2734%,31,258,289,46,15,16,212
0xa92f6e,64.7727%,31,57,88,50,31,0,7
0x99b79b,84.878%,31,174,205,174,16,15,0
0xa91b6b,77.3723%,31,106,137,106,31,0,0
0xa5f58b,82.1839%,31,143,174,0,0,31,143
0x98cb34,86.2832%,31,195,226,28,9,22,167
0x8e4db1,98.4078%,31,1916,1947,1540,3,28,376
0x608d0e,80.8642%,31,131,162,131,31,0,0
0x8dfdd2,94.4643%,31,529,560,0,0,31,529
0xa5887f,73.2759%,31,85,116,1,11,20,84
0x502ad3,71.028%,31,76,107,74,28,3,2
0x9f0623,91.906%,31,352,383,350,23,8,2
0x4bacfe,85.7798%,31,187,218,184,26,5,3
0x539220,59.7403%,31,46,77,41,3,28,5
0xa4a232,44.6429%,31,25,56,9,29,2,16
0x810470,94.4043%,31,523,554,17,3,28,506
0x4beb2a,82.2857%,31,144,175,144,31,0,0
0xa9daf9,70.4762%,31,74,105,30,18,13,44
0x9f4093,6.06061%,31,2,33,1,29,2,1
0xaa56c7,13.8889%,31,5,36,5,31,0,0
0x49af4e,79.1946%,31,118,149,118,26,5,0
0xa52833,91.7553%,31,345,376,164,24,7,181
0x48a5a2,99.1567%,31,3645,3676,0,23,8,3645
0x537330,95.546%,31,665,696,665,31,0,0
0x53baff,96.8623%,31,957,988,0,0,31,957
0x8187da,63.9535%,31,55,86,17,17,14,38
0x805a89,86.7841%,30,197,227,174,7,23,23
0x9f8fc6,78.2609%,30,108,138,1,9,21,107
0xa27645,98.5423%,30,2028,2058,62,30,0,1966
0xa9b499,75%,30,90,120,90,30,0,0
0x5af6c7,51.6129%,30,32,62,23,30,0,9
0x80582b,94.1973%,30,487,517,295,18,12,192
0x833f2b,91.8033%,30,336,366,9,21,9,327
0x80e4d7,96.4623%,30,818,848,817,26,4,1
0x49dff6,84.6939%,30,166,196,139,24,6,27
0x541a0e,97.2067%,30,1044,1074,9,25,5,1035
0xa2f279,21.0526%,30,8,38,0,0,30,8
0xa2394a,72.7273%,30,80,110,80,30,0,0
0x677ce9,96.888%,30,934,964,934,30,0,0
0x4c1c68,90.4459%,30,284,314,11,13,17,273
0x5f83e3,96.134%,30,746,776,746,26,4,0
0x49ffe3,62.0253%,30,49,79,17,20,10,32
0x4c8e0d,77.4436%,30,103,133,0,0,30,103
0xa8fbe3,86.6071%,30,194,224,194,30,0,0
0xa3a2ac,95.8564%,30,694,724,694,30,0,0
0x8dcdeb,95.8449%,30,692,722,688,30,0,4
0x81c4df,92.6471%,30,378,408,0,4,26,378
0x8122ce,86.0465%,30,185,215,118,16,14,67
0x5968a6,98.6601%,30,2209,2239,2190,22,8,19
0xa8f93e,81.7073%,30,134,164,6,12,18,128
0x48dd9b,84.8485%,30,168,198,0,0,30,168
0x817c5d,84.8485%,30,168,198,168,30,0,0
0x59be0f,95.5357%,30,642,672,0,0,30,642
0x8070f8,96.4413%,30,813,843,813,30,0,0
0x9d01e3,91.4286%,30,320,350,2,2,28,318
0x488abd,94.2966%,30,496,526,496,30,0,0
0x9e6fa8,67.7419%,30,63,93,63,30,0,0
0x50209d,77.0992%,30,101,131,46,4,26,55
0x821858,76.9231%,30,100,130,11,30,0,89
0xa35519,89.7611%,30,263,293,2,12,18,261
0x90a061,96.7285%,30,887,917,0,0,30,887
0x8f4f00,84.0426%,30,158,188,107,9,21,51
0x4a7aa7,94.1748%,30,485,515,0,0,30,485
0x507c82,93.1507%,30,408,438,401,15,15,7
0xa39e04,97.7047%,30,1277,1307,0,10,20,1277
0x58babf,72.7273%,30,80,110,80,30,0,0
0x5485d1,85.7143%,30,180,210,4,5,25,176
0x9a46c8,89.6907%,30,261,291,0,0,30,261
0x8e4a6a,99.2198%,30,3815,3845,3645,22,8,170
0x9d1178,86.6071%,30,194,224,94,26,4,100
0x81b3c9,95.7627%,30,678,708,0,0,30,678
0xb0a079,85.7143%,30,180,210,180,30,0,0
0x9e736a,89.6907%,30,261,291,261,30,0,0
0x4044fe,97.7273%,30,1290,1320,2,5,25,1288
0x540b72,91.4286%,30,320,350,0,0,30,320
0x81e7e6,99.7167%,30,10560,10590,10560,30,0,0
0x502f48,98.8072%,30,2485,2515,2370,0,30,115
0x58bdf3,79.8658%,30,119,149,63,10,20,56
0xa343ad,38.7755%,30,19,49,0,0,30,19
0xa41a7f,98.9609%,30,2857,2887,2835,24,6,22
0x97836d,77.4436%,30,103,133,12,24,6,91
0xb147eb,99.2954%,30,4228,4258,0,0,30,4228
0xa5672f,54.5455%,30,36,66,10,14,16,26
0x9d1cba,57.7465%,30,41,71,0,0,30,41
0x8f2f13,86.6071%,30,194,224,194,28,2,0
0x544230,92.665%,30,379,409,378,5,25,1
0x8e9215,97.8754%,30,1382,1412,434,18,12,948
0x98cb86,85.7143%,30,180,210,11,10,20,169
0x504033,61.039%,30,47,77,21,29,1,26
0x8e6986,90.625%,30,290,320,0,0,30,290
0x813166,96.4539%,30,816,846,0,0,30,816
0x81b670,85.2941%,30,174,204,174,28,2,0
0x81e1af,93.0233%,30,400,430,190,25,5,210
0x944373,60.5263%,30,46,76,0,0,30,46
0x9f4e8c,86.7841%,30,197,227,43,9,21,154
0x542376,86.3014%,30,189,219,0,0,30,189
0x50d105,82.659%,30,143,173,80,11,19,63
0x8a258e,89.3238%,30,251,281,8,8,22,243
0x58f91e,73.6842%,30,84,114,8,12,18,76
0x984073,72.973%,30,81,111,8,17,13,73
0x511d66,98.9414%,30,2804,2834,372,12,18,2432
0x53bb60,94.958%,30,565,595,565,28,2,0
0x53b9c9,77.2727%,30,102,132,100,30,0,2
0xa554a5,76.9231%,30,100,130,0,0,30,100
0x819b3c,50%,30,30,60,12,14,16,18
0x82279d,94%,30,470,500,421,27,3,49
0x5cf476,23.0769%,30,9,39,3,30,0,6
0x8deda6,99.204%,30,3739,3769,0,0,30,3739
0x8f4869,99.4167%,30,5113,5143,294,1,29,4819
0x7ce91e,97.1725%,30,1031,1061,696,14,16,335
0x81e4c4,98.5822%,30,2086,2116,2086,17,13,0
0xa513ab,94.1176%,30,480,510,480,30,0,0
0x80bd0b,82.0359%,30,137,167,62,4,26,75
0x627d4d,97.4598%,30,1151,1181,1151,7,23,0
0xa5223c,70%,30,70,100,70,30,0,0
0x539b4b,97.4381%,30,1141,1171,2,12,18,1139
0xa46ab2,68.75%,30,66,96,28,12,18,38
0xa95d08,96.0836%,30,736,766,5,27,3,731
0x4a264d,93.6441%,30,442,472,0,0,30,442
0x679b8f,94.6714%,30,533,563,448,21,9,85
0x80b44d,87.1245%,30,203,233,203,30,0,0
0x8a952b,99.9508%,30,60973,61003,60973,27,3,0
0x90bbc8,97.3262%,30,1092,1122,0,0,30,1092
0x558cfa,69.0722%,30,67,97,14,8,22,53
0x535618,58.9041%,30,43,73,11,1,29,32
0xa9d1a3,79.7297%,30,118,148,0,0,30,118
0x4bfd78,65.1163%,30,56,86,12,23,7,44
0xa46d0a,86.9565%,30,200,230,200,30,0,0
0x47f23c,97.3451%,30,1100,1130,0,0,30,1100
0x5ffa70,88.7218%,30,236,266,83,9,21,153
0x4c7050,63.8554%,30,53,83,42,1,29,11
0x40db69,99.6404%,30,8313,8343,8313,30,0,0
0x4be2cf,58.9041%,30,43,73,4,0,30,39
0xa43c50,71.6981%,30,76,106,29,29,1,47
0xa942f1,77.6119%,30,104,134,22,22,8,82
0x49f995,81.8182%,30,135,165,78,19,11,57
0x80fb8b,88.3721%,30,228,258,75,15,15,153
0x808c93,97.557%,30,1198,1228,0,0,30,1198
0x8eefee,97.3545%,30,1104,1134,1104,30,0,0
0x49bc2b,73.913%,30,85,115,85,30,0,0
0x5572a0,87.6543%,30,213,243,213,30,0,0
0x50310b,84.2105%,30,160,190,0,0,30,160
0x503b13,90.3226%,30,280,310,280,30,0,0
0x81bd10,67.7419%,30,63,93,53,11,19,10
0xa3681f,93.1973%,30,411,441,0,0,30,411
0x63b5fb,97.7029%,30,1276,1306,1276,30,0,0
0x9eef62,82.3529%,30,140,170,4,18,12,136
0xa50118,79.7297%,30,118,148,0,0,30,118
0x403be0,94.958%,30,565,595,283,14,16,282
0x97b912,73.6842%,30,84,114,84,30,0,0
0xa5edc3,92.5926%,30,375,405,0,0,30,375
0x4a028d,85.4369%,30,176,206,12,14,16,164
0xa90b58,61.5385%,30,48,78,3,7,23,45
0x8ea0fa,98.7874%,30,2444,2474,0,0,30,2444
0x8a24b0,91.4286%,30,320,350,320,30,0,0
0x951001,93.007%,30,399,429,206,11,19,193
0x499c4f,71.6981%,30,76,106,0,0,30,76
0x8ef67c,79.5918%,30,117,147,90,26,4,27
0x9c382b,65.1163%,30,56,86,0,0,30,56
0x50e169,28.5714%,30,12,42,12,30,0,0
0x647db8,41.1765%,30,21,51,0,0,30,21
0x90a17b,97.076%,30,996,1026,0,0,30,996
0x9095d9,98.3827%,30,1825,1855,1825,30,0,0
0x8ea020,92.4812%,30,369,399,362,25,5,7
0x63b50a,98.5896%,30,2097,2127,3,8,22,2094
0x821867,66.2921%,30,59,89,59,30,0,0
0x910eeb,98.6726%,30,2230,2260,4,2,28,2226
0x4942f3,82.8571%,30,145,175,54,16,14,91
0x9eb401,52.381%,30,33,63,0,0,30,33
0x9a7554,25%,30,10,40,5,17,13,5
0x5fefc9,43.3962%,30,23,53,9,4,26,14
0x5e3596,98.0119%,30,1479,1509,1479,30,0,0
0x9783f6,96.1538%,30,750,780,750,30,0,0
0x81c58c,83.3333%,30,150,180,104,23,7,46
0x627a50,88.2353%,30,225,255,225,30,0,0
0x9a8b95,51.6129%,30,32,62,32,30,0,0
0x8ba2c9,99.0887%,30,3262,3292,3252,13,17,10
0x81680c,71.1538%,30,74,104,66,17,13,8
0xa51c14,62.5%,30,50,80,9,15,15,41
0x814273,62.963%,30,51,81,44,14,16,7
0x9a96d1,87.9032%,30,218,248,214,15,15,4
0x609c0d,82.659%,30,143,173,143,30,0,0
0x9ed2ef,94.9324%,30,562,592,0,0,30,562
0x81c4d3,92.6471%,30,378,408,0,0,30,378
0x53d9ef,98.2004%,30,1637,1667,30,20,10,1607
0x409929,90.3226%,30,280,310,0,0,30,280
0x48c423,79.1667%,30,114,144,112,28,2,2
0x95297f,93.4211%,30,426,456,426,30,0,0
0x98cb68,90.991%,30,303,333,171,20,10,132
0xa5c193,58.3333%,30,42,72,42,28,2,0
0x548c43,98.5775%,30,2079,2109,0,0,30,2079
0xa9e217,87.3418%,30,207,237,26,8,22,181
0x4fdc65,86.9565%,30,200,230,138,10,20,62
0x548cd6,99.5766%,30,7055,7085,0,3,27,7055
0x8ef17f,84.375%,30,162,192,143,17,13,19
0x9f7919,95.3125%,30,610,640,0,0,30,610
0x53d954,98.2004%,30,1637,1667,1629,13,17,8
0x8141f2,99.7393%,30,11478,11508,0,0,30,11478
0x9592a8,76.5625%,30,98,128,98,30,0,0
0x5fac73,95.5423%,30,643,673,643,29,1,0
0x8f1919,84.375%,30,162,192,128,16,14,34
0x53506a,71.6981%,30,76,106,6,0,30,70
0xa3301f,89.4366%,30,254,284,21,21,9,233
0x9eb69d,55.2239%,30,37,67,13,22,8,24
0x498640,70.5882%,30,72,102,55,20,10,17
0x9f59f0,81.1321%,30,129,159,75,9,21,54
0x597219,78.8732%,30,112,142,0,0,30,112
0x64b638,96.1735%,30,754,784,754,30,0,0
0x81e70d,78.4173%,30,109,139,14,11,19,95
0x9bdcfc,63.8554%,30,53,83,11,17,13,42
0x64032b,93.0716%,30,403,433,403,30,0,0
0x607022,77.6119%,30,104,134,104,30,0,0
0xa55ef7,66.2921%,30,59,89,22,23,7,37
0x4fd949,71.9626%,30,77,107,0,0,30,77
0x5971ec,89.5833%,30,258,288,12,14,16,246
0xa8e2ed,91.5966%,30,327,357,0,0,30,327
0x40a34d,53.8462%,30,35,65,31,27,3,4
0x9e74ea,96.8619%,30,926,956,926,30,0,0
0xa262fc,93.5897%,30,438,468,431,4,26,7
0xa56891,76.7442%,30,99,129,99,24,6,0
0x9a7cab,94.7461%,30,541,571,536,23,7,5
0x9d2774,51.6129%,30,32,62,32,29,1,0
0x557f17,96.1089%,30,741,771,741,30,0,0
0x5b1530,79.5918%,30,117,147,69,23,7,48
0x90b369,96.8783%,30,931,961,931,30,0,0
0x402028,96.4747%,30,821,851,18,19,11,803
0x8184dc,50%,30,30,60,10,16,14,20
0xb2ad43,97.1098%,30,1008,1038,0,0,30,1008
0x9ab92c,87.013%,30,201,231,115,29,1,86
0x7dfa59,63.8554%,30,53,83,51,30,0,2
0x8a935f,91.7355%,30,333,363,0,0,30,333
0xa428d7,86.6667%,30,195,225,125,6,24,70
0x534621,99.3062%,30,4294,4324,4294,30,0,0
0x4b5228,88.4615%,30,230,260,0,0,30,230
0x40d3dd,94.8365%,30,551,581,551,30,0,0
0x8bd425,99.8753%,30,24020,24050,24020,30,0,0
0x50a90e,70.297%,30,71,101,44,6,24,27
0x7ce552,87.013%,30,201,231,198,21,9,3
0x511c0b,99.2361%,30,3897,3927,0,14,16,3897
0x8dc1ed,96.2725%,29,749,778,749,29,0,0
0x5bcabb,96.8237%,29,884,913,0,0,29,884
0x591758,81.875%,29,131,160,26,2,27,105
0x50d8aa,58.5714%,29,41,70,8,5,24,33
0x50ee0f,78.8321%,29,108,137,0,0,29,108
0x60a9b8,94.2%,29,471,500,471,29,0,0
0x80b2bb,91.1315%,29,298,327,298,29,0,0
0x4bb28c,93.7093%,29,432,461,2,16,13,430
0x81d108,84.0659%,29,153,182,153,29,0,0
0x9f58c6,87.6596%,29,206,235,71,29,0,135
0xa52f9e,85.0515%,29,165,194,0,0,29,165
0x9021db,85.7143%,29,174,203,79,7,22,95
0xa5c821,73.8739%,29,82,111,82,29,0,0
0x974636,27.5%,29,11,40,11,29,0,0
0x4be2d8,57.971%,29,40,69,38,16,13,2
0xa522ca,80.4054%,29,119,148,85,12,17,34
0x819de8,91.1315%,29,298,327,297,14,15,1
0x8e45e5,98.5331%,29,1948,1977,299,2,27,1649
0x543b1b,86.1244%,29,180,209,0,0,29,180
0x4be2be,65.4762%,29,55,84,6,5,24,49
0x4ba093,93.6819%,29,430,459,13,18,11,417
0xa9103b,85.6436%,29,173,202,0,0,29,173
0x901ab3,88.4921%,29,223,252,2,0,29,221
0x9d6983,92.328%,29,349,378,0,2,27,349
0x9c380d,66.2791%,29,57,86,51,15,14,6
0x556152,96.6318%,29,832,861,0,0,29,832
0x53446d,99.8017%,29,14593,14622,0,0,29,14593
0x5356c2,52.459%,29,32,61,0,0,29,32
0x8223fe,98.4282%,29,1816,1845,1816,29,0,0
0xa02dbf,72.8972%,29,78,107,78,29,0,0
0x58f858,80.4054%,29,119,148,61,13,16,58
0x504e0f,70.1031%,29,68,97,68,29,0,0
0x4b583f,89.2593%,29,241,270,241,29,0,0
0x9e0fa9,73.3945%,29,80,109,3,26,3,77
0xa2d2db,92.6396%,29,365,394,2,2,27,363
0x9d1ec7,71.2871%,29,72,101,60,13,16,12
0xa5889a,90.0685%,29,263,292,135,11,18,128
0x67adab,98.9481%,29,2728,2757,2728,29,0,0
0xa5f767,96.2387%,29,742,771,172,9,20,570
0x63d1b5,85.5%,29,171,200,171,6,23,0
0x8de853,86.9369%,29,193,222,72,6,23,121
0x64845b,93.5123%,29,418,447,156,14,15,262
0x7d1610,96.8512%,29,892,921,840,14,15,52
0x9a337d,80.137%,29,117,146,7,19,10,110
0x489f94,81.2903%,29,126,155,0,0,29,126
0x8e5faa,89.2193%,29,240,269,0,0,29,240
0x9ee55b,93.6957%,29,431,460,395,8,21,36
0x9a69e4,61.8421%,29,47,76,0,0,29,47
0x81462a,96.9214%,29,913,942,493,20,9,420
0x81b126,64.6341%,29,53,82,34,16,13,19
0x8c8722,94.1296%,29,465,494,451,3,26,14
0x9c4069,93.7768%,29,437,466,4,19,10,433
0x48f797,55.3846%,29,36,65,0,10,19,36
0x8f4142,90.8805%,29,289,318,289,29,0,0
0xa5f774,95.6652%,29,640,669,19,21,8,621
0x50e3c4,70.1031%,29,68,97,28,18,11,40
0x7f041f,81.2903%,29,126,155,0,0,29,126
0x7d2bfd,95.8333%,29,667,696,56,23,6,611
0xa46614,88.0658%,29,214,243,214,29,0,0
0x8dc331,98.2219%,29,1602,1631,1602,25,4,0
0x48b205,92.033%,29,335,364,335,29,0,0
0x99c5f2,80.7947%,29,122,151,0,0,29,122
0x510a61,93.3333%,29,406,435,406,29,0,0
0x49de63,70.4082%,29,69,98,19,23,6,50
0x40e66a,50%,29,29,58,6,13,16,23
0x8ded4d,88.4%,29,221,250,47,8,21,174
0x8f469c,98.8423%,29,2476,2505,0,0,29,2476
0x9c4394,79.2857%,29,111,140,111,29,0,0
0x50f057,54.6875%,29,35,64,29,22,7,6
0x5c4c72,98.3726%,29,1753,1782,5,16,13,1748
0x4b533c,88.2591%,29,218,247,218,29,0,0
0x8bd782,94.1176%,29,464,493,464,23,6,0
0x63ee06,98.4383%,29,1828,1857,0,0,29,1828
0x60a869,93.128%,29,393,422,0,27,2,393
0x4b49eb,77.8626%,29,102,131,98,25,4,4
0x59bf8f,45.283%,29,24,53,24,29,0,0
0x609dfb,85.0515%,29,165,194,62,17,12,103
0x403f78,95.4899%,29,614,643,472,14,15,142
0x90029c,90.9375%,29,291,320,290,20,9,1
0xa51c9a,23.6842%,29,9,38,2,28,1,7
0x405ecc,83.7079%,29,149,178,109,3,26,40
0xa2623f,92.8218%,29,375,404,278,18,11,97
0x8fc48d,96.8271%,29,885,914,0,0,29,885
0x5faca3,96.1538%,29,725,754,725,29,0,0
0x9ab5af,85.5%,29,171,200,40,21,8,131
0x40aae6,57.971%,29,40,69,9,16,13,31
0x40477d,95.1827%,29,573,602,0,0,29,573
0x501fcf,68.1319%,29,62,91,0,0,29,62
0x40458b,95.0931%,29,562,591,562,29,0,0
0x6616d6,93.128%,29,393,422,114,8,21,279
0x810407,94.0574%,29,459,488,46,20,9,413
0x8e9407,97.9462%,29,1383,1412,1383,27,2,0
0xb4a16c,96.9729%,29,929,958,929,29,0,0
0x81bc70,50.8475%,29,30,59,24,16,13,6
0x4b6995,74.7826%,29,86,115,86,29,0,0
0x9a1323,80.9211%,29,123,152,117,5,24,6
0x4b4fc8,92.4084%,29,353,382,0,0,29,353
0x50386b,85.9223%,29,177,206,134,26,3,43
0xaa12c8,53.9683%,29,34,63,34,29,0,0
0xa554c0,89.0566%,29,236,265,3,1,28,233
0x8160e3,72.1154%,29,75,104,43,16,13,32
0x50708b,96.0811%,29,711,740,711,29,0,0
0xa4bb47,88.5375%,29,224,253,224,15,14,0
0x5ff80a,91.2387%,29,302,331,28,11,18,274
0xa349f1,83.6158%,29,148,177,0,0,29,148
0x9ed73c,50.8475%,29,30,59,16,5,24,14
0x9e1960,96.4198%,29,781,810,0,0,29,781
0x63f2b5,85.5%,29,171,200,171,27,2,0
0x5529c1,78.9855%,29,109,138,108,28,1,1
0xa5d0db,82.4242%,29,136,165,136,29,0,0
0x9a805f,67.7778%,29,61,90,15,10,19,46
0xa50084,64.1975%,29,52,81,0,0,29,52
0x4a1cd1,78.0303%,29,103,132,9,27,2,94
0x9ee3cb,73.6364%,29,81,110,80,8,21,1
0x819cc4,56.7164%,29,38,67,16,18,11,22
0x833d47,75%,29,87,116,87,27,2,0
0xa54118,95.8982%,29,678,707,677,17,12,1
0x9ee37f,73.6364%,29,81,110,81,29,0,0
0x50dbc4,97.6132%,29,1186,1215,1186,29,0,0
0xa30103,90.3654%,29,272,301,272,24,5,0
0x4ba3fd,93.6123%,29,425,454,31,27,2,394
0x9495d7,94.8582%,29,535,564,535,29,0,0
0x9f8f67,75.8333%,29,91,120,31,18,11,60
0x48b241,92.033%,29,335,364,43,0,29,292
0x590465,93.2558%,29,401,430,0,0,29,401
0x51c823,99.7545%,29,11784,11813,0,0,29,11784
0x53a2f4,73.1481%,29,79,108,50,8,21,29
0x505cea,96.0811%,29,711,740,711,29,0,0
0x8bca6c,98.6449%,29,2111,2140,1212,4,25,899
0x534b4e,64.1975%,29,52,81,28,12,17,24
0x4a7ad8,94.3689%,29,486,515,332,20,9,154
0x7ce449,91.7614%,29,323,352,51,26,3,272
0x8a671a,79.1367%,29,110,139,32,17,12,78
0x54631d,96.343%,29,764,793,35,22,7,729
0x643a8e,96.1892%,29,732,761,0,0,29,732
0xaa074b,71%,29,71,100,44,8,21,27
0x976faf,65.0602%,29,54,83,52,29,0,2
0x60a830,94.1296%,29,465,494,465,29,0,0
0x49da6d,96.7452%,29,862,891,862,29,0,0
0x9178b6,85.5%,29,171,200,18,28,1,153
0x609519,95.2692%,29,584,613,244,16,13,340
0x58e4a5,74.3363%,29,84,113,83,29,0,1
0xa90677,65.8824%,29,56,85,3,21,8,53
0x48a69d,95.8213%,29,665,694,663,13,16,2
0x4885ff,96.3522%,29,766,795,766,29,0,0
0xb2ffb2,97.3443%,29,1063,1092,0,1,28,1063
0x54f30b,32.5581%,29,14,43,6,15,14,8
0x7ce372,98.1386%,29,1529,1558,1124,23,6,405
0x4a7b77,91.2387%,29,302,331,44,7,22,258
0x8e2b01,98.8144%,29,2417,2446,42,22,7,2375
0x81c4f8,53.2258%,29,33,62,22,18,11,11
0x80fa6c,99.8204%,29,16115,16144,0,0,29,16115
0x5020ae,64.1975%,29,52,81,0,0,29,52
0x502116,62.8205%,29,49,78,23,11,18,26
0x502147,79.5775%,29,113,142,0,0,29,113
0x538cbb,79.7203%,29,114,143,110,22,7,4
0x403acd,98.0705%,29,1474,1503,0,0,29,1474
0x5b9bab,48.2143%,29,27,56,2,19,10,25
0x9f8f52,79.5775%,29,113,142,15,7,22,98
0x8a60ca,94.6789%,29,516,545,0,0,29,516
0x54ef3c,67.0455%,29,59,88,38,13,16,21
0x81b34d,91.8768%,29,328,357,262,13,16,66
0x8050fa,91.2121%,29,301,330,301,29,0,0
0xa4541f,91.6667%,29,319,348,4,0,29,315
0x63aea7,87.9668%,29,212,241,212,29,0,0
0x41022b,99.674%,29,8866,8895,1758,27,2,7108
0xaada0f,88.6275%,29,226,255,0,0,29,226
0x558d43,90.3333%,29,271,300,260,20,9,11
0xa32d24,69.4737%,29,66,95,65,28,1,1
0x4b4c1e,92.1833%,29,342,371,0,2,27,342
0xa495f9,92.8218%,29,375,404,375,29,0,0
0x4b9f69,73.3945%,29,80,109,32,14,15,48
0xa024de,99.0028%,29,2879,2908,0,0,29,2879
0x53566e,84.153%,29,154,183,0,0,29,154
0x909916,97.5973%,29,1178,1207,1178,29,0,0
0x81d323,84.7368%,29,161,190,161,29,0,0
0xa9c730,79.5775%,29,113,142,0,0,29,113
0x951a3f,80.9211%,29,123,152,123,29,0,0
0x5385cd,99.4212%,29,4981,5010,0,0,29,4981
0x8e0265,97.0438%,29,952,981,952,29,0,0
0xa57942,82.7381%,29,139,168,19,20,9,120
0x7229e8,91.4956%,29,312,341,0,2,27,312
0x4bbef1,96.9602%,29,925,954,211,27,2,714
0x40527f,99.5947%,29,7127,7156,1014,20,9,6113
0x910f68,97.4957%,29,1129,1158,1129,29,0,0
0x7d0ef7,92.8395%,29,376,405,347,22,7,29
0x4903b5,63.2911%,29,50,79,44,17,12,6
0xa561f5,93.0788%,29,390,419,0,0,29,390
0x4b4f82,59.1549%,29,42,71,9,16,13,33
0x8e4d06,83.7079%,29,149,178,97,15,14,52
0x5104bb,86.4486%,29,185,214,125,29,0,60
0xa2dfd2,90.8517%,29,288,317,0,0,29,288
0x501bb3,96.2581%,29,746,775,0,0,29,746
0x48863c,94.9565%,29,546,575,7,20,9,539
0x48a6ed,99.1148%,29,3247,3276,0,0,29,3247
0x9426d6,97.9577%,29,1391,1420,1381,22,7,10
0x5502bb,25.641%,29,10,39,7,24,5,3
0x4bc52b,34.0909%,29,15,44,15,29,0,0
0x944328,95.4545%,29,609,638,426,26,3,183
0x48d702,98.3934%,29,1776,1805,1776,8,21,0
0x8f6abe,91.6667%,28,308,336,0,0,28,308
0x4a0162,75.8621%,28,88,116,88,28,0,0
0x9ea3b4,80.5556%,28,116,144,67,5,23,49
0x4ba042,94.0678%,28,444,472,437,11,17,7
0x40479f,95.4397%,28,586,614,6,6,22,580
0xa4286c,87.5556%,28,197,225,33,17,11,164
0x8224d0,94.2505%,28,459,487,0,0,28,459
0x9e7882,90.4437%,28,265,293,0,0,28,265
0x50ad46,74.7748%,28,83,111,0,0,28,83
0x40e9e0,91.1672%,28,289,317,289,28,0,0
0x5547b8,97.5737%,28,1126,1154,0,0,28,1126
0x9e3d50,90.3114%,28,261,289,94,21,7,167
0x5bb760,98.0029%,28,1374,1402,1374,26,2,0
0xa25fc7,95.9064%,28,656,684,656,28,0,0
0x8f4c0b,84.0909%,28,148,176,120,16,12,28
0x9bd197,49.0909%,28,27,55,27,28,0,0
0x822265,89.7436%,28,245,273,245,28,0,0
0xb1b05e,93.5335%,28,405,433,0,0,28,405
0x9f9c58,79.1045%,28,106,134,91,19,9,15
0xad7e12,99.022%,28,2835,2863,0,0,28,2835
0x502076,58.209%,28,39,67,29,7,21,10
0x900a0b,93.6073%,28,410,438,410,28,0,0
0x9c3789,67.4419%,28,58,86,19,21,7,39
0x60a78f,97.8091%,28,1250,1278,1250,28,0,0
0xa44d73,95.4323%,28,585,613,0,4,24,585
0x8f5911,98.928%,28,2584,2612,0,0,28,2584
0xa4e111,86.6667%,28,182,210,182,28,0,0
0xa8ee09,98.2822%,28,1602,1630,0,0,28,1602
0x493737,67.8161%,28,59,87,59,28,0,0
0x51b7e5,99.2371%,28,3642,3670,3642,28,0,0
0x5412c8,98.9474%,28,2632,2660,2632,28,0,0
0x80a4e4,96.6785%,28,815,843,815,26,2,0
0xa9e9e9,87.6106%,28,198,226,0,0,28,198
0x9432e5,62.6667%,28,47,75,47,28,0,0
0x782106,92.4933%,28,345,373,0,0,28,345
0xa8fb15,83.5294%,28,142,170,0,0,28,142
0x60e33f,94.6768%,28,498,526,71,10,18,427
0x8e0e90,93.2203%,28,385,413,74,18,10,311
0x60e00e,71.4286%,28,70,98,0,0,28,70
0xa497c7,90.7285%,28,274,302,49,15,13,225
0xa27544,91.411%,28,298,326,88,22,6,210
0xa5f762,96.7059%,28,822,850,75,4,24,747
0x99ad4c,89.0196%,28,227,255,198,10,18,29
0x604607,84.1808%,28,149,177,149,28,0,0
0x550954,61.1111%,28,44,72,0,0,28,44
0x81ffcc,91.3313%,28,295,323,0,0,28,295
0x5bc373,76.4706%,28,91,119,88,8,20,3
0x805ae9,94.3888%,28,471,499,394,21,7,77
0x816e29,99.4073%,28,4696,4724,3486,3,25,1210
0x96b1ef,96.9129%,28,879,907,849,20,8,30
0x8fe05d,99.0744%,28,2997,3025,2911,28,0,86
0x6f5535,94.1909%,28,454,482,163,10,18,291
0x9d1151,88.5246%,28,216,244,4,16,12,212
0x904147,95.9538%,28,664,692,664,28,0,0
0x8fe47b,99.7265%,28,10208,10236,0,0,28,10208
0x5407f7,73.5849%,28,78,106,70,28,0,8
0x8a9813,99.7855%,28,13024,13052,0,0,28,13024
0x48c14b,71.4286%,28,70,98,0,0,28,70
0x55482c,86.2745%,28,176,204,90,14,14,86
0x544997,93.0864%,28,377,405,377,19,9,0
0xa43e0c,75.8621%,28,88,116,51,16,12,37
0x53ab3c,40.4255%,28,19,47,3,3,25,16
0xa300cb,87.7193%,28,200,228,0,0,28,200
0xa4bab3,85.567%,28,166,194,165,25,3,1
0xa50467,89.1051%,28,229,257,0,4,24,229
0x539bba,89.0196%,28,227,255,207,4,24,20
0x807716,99.2133%,28,3531,3559,258,24,4,3273
0x49198c,83.3333%,28,140,168,90,13,15,50
0x488d39,75.4386%,28,86,114,30,27,1,56
0x51111f,99.2581%,28,3746,3774,2085,15,13,1661
0x40ec52,97.0864%,28,933,961,649,25,3,284
0x4a0258,79.7101%,28,110,138,110,28,0,0
0x6616e6,90.6667%,28,272,300,179,21,7,93
0x80bc24,92.8934%,28,366,394,0,0,28,366
0x67b30b,98.9844%,28,2729,2757,2729,28,0,0
0x9fb5d9,90.8497%,28,278,306,0,0,28,278
0x8fddd2,98.1283%,28,1468,1496,0,0,28,1468
0x8dd0b8,96.1219%,28,694,722,692,26,2,2
0x819555,65%,28,52,80,33,23,5,19
0x833ee1,92.3497%,28,338,366,4,4,24,334
0x80582f,97.4797%,28,1083,1111,210,16,12,873
0x599367,99.326%,28,4126,4154,0,0,28,4126
0xa2ed7e,3.44828%,28,1,29,0,0,28,1
0x4047c7,95.4397%,28,586,614,586,28,0,0
0x4aadfe,30%,28,12,40,0,0,28,12
0x5fd765,84.7826%,28,156,184,65,27,1,91
0x80774b,99.174%,28,3362,3390,3362,28,0,0
0x9f267b,93.5185%,28,404,432,404,28,0,0
0x991a49,89.3939%,28,236,264,0,0,28,236
0x542fd3,50%,28,28,56,21,27,1,7
0x64cc40,95.0266%,28,535,563,20,5,23,515
0x4c8b1e,78.9474%,28,105,133,105,28,0,0
0x50ee42,68.1818%,28,60,88,22,22,6,38
0x5fba07,92.7835%,28,360,388,0,2,26,360
0x40e078,86.9159%,28,186,214,0,0,28,186
0xa51355,96.3109%,28,731,759,731,16,12,0
0x8fefbf,92.068%,28,325,353,325,28,0,0
0xa9c821,39.1304%,28,18,46,18,28,0,0
0x9fe591,79.1045%,28,106,134,33,7,21,73
0x8171c5,96.6785%,28,815,843,254,28,0,561
0x488c15,90.9677%,28,282,310,0,0,28,282
0x5111f8,96.1853%,28,706,734,706,28,0,0
0x67f158,98.7544%,28,2220,2248,2113,27,1,107
0xaa338f,93.3806%,28,395,423,5,14,14,390
0x9a34e8,80.8219%,28,118,146,5,23,5,113
0x4bbc3a,98.4979%,28,1836,1864,11,5,23,1825
0x9fc4c6,90.8497%,28,278,306,278,14,14,0
0x8bb721,65.8537%,28,54,82,49,23,5,5
0x8103e1,94.9458%,28,526,554,0,0,28,526
0x597208,91.5916%,28,305,333,13,4,24,292
0x4898d3,92.7835%,28,360,388,0,6,22,360
0x502a51,87.4439%,28,195,223,69,28,0,126
0x4a1c33,97.4453%,28,1068,1096,1,22,6,1067
0xb314dd,93.3806%,28,395,423,0,2,26,395
0x4049f8,89.1892%,28,231,259,134,28,0,97
0x90b974,98.5432%,28,1894,1922,939,22,6,955
0x90fcfa,87.6652%,28,199,227,38,18,10,161
0x5027a7,87.4439%,28,195,223,195,28,0,0
0x9e8bad,80.6897%,28,117,145,117,28,0,0
0x63e175,98.4922%,28,1829,1857,1829,28,0,0
0x6277ff,62.1622%,28,46,74,39,5,23,7
0x808776,51.7241%,28,30,58,26,5,23,4
0x667088,97.7291%,28,1205,1233,1074,10,18,131
0xaa4863,89.3536%,28,235,263,98,16,12,137
0xa92567,89.1051%,28,229,257,26,24,4,203
0x80c01f,83.432%,28,141,169,3,20,8,138
0x7ce511,97.5588%,28,1119,1147,871,1,27,248
0x9b9253,66.2651%,28,55,83,54,27,1,1
0x49dd65,0%,28,0,28,0,0,28,0
0x80740d,99.8094%,28,14664,14692,14664,28,0,0
0x4a1304,94.0299%,28,441,469,2,0,28,439
0x53d84b,61.6438%,28,45,73,11,23,5,34
0x60dd3c,95.9885%,28,670,698,0,0,28,670
0x403876,95.7121%,28,625,653,246,17,11,379
0xada7bd,99.5978%,28,6934,6962,0,0,28,6934
0x81067a,82.9268%,28,136,164,114,16,12,22
0x481728,26.3158%,28,10,38,10,28,0,0
0x99c658,81.457%,28,123,151,0,0,28,123
0xa587db,75.8621%,28,88,116,88,28,0,0
0x8a9856,99.6485%,28,7938,7966,3304,8,20,4634
0xa9006b,92.4731%,28,344,372,0,0,28,344
0x9f58d7,85.567%,28,166,194,166,28,0,0
0x55460b,97.7011%,28,1190,1218,1190,28,0,0
0x51b973,99.4687%,28,5242,5270,0,0,28,5242
0x48ecfb,50.8772%,28,29,57,0,0,28,29
0x6045cf,84.1808%,28,149,177,149,28,0,0
0x81e654,98.6867%,28,2104,2132,2102,17,11,2
0x5ff37b,72.549%,28,74,102,66,2,26,8
0x4ba9ea,90.4762%,28,266,294,230,12,16,36
0xa33d76,97.9104%,28,1312,1340,1022,18,10,290
0x5ffe1d,68.5393%,28,61,89,38,5,23,23
0x8ed488,99.3971%,28,4616,4644,4616,17,11,0
0x54eb72,34.8837%,28,15,43,0,0,28,15
0x90867d,98.2619%,28,1583,1611,1583,28,0,0
0x499d26,47.1698%,28,25,53,3,10,18,22
0x9f44d8,81.9355%,28,127,155,4,24,4,123
0x811867,97.5439%,28,1112,1140,1112,26,2,0
0x51c2c5,98.4832%,28,1818,1846,0,0,28,1818
0x9aba78,88.8446%,28,223,251,223,28,0,0
0xa57b23,31.7073%,28,13,41,1,1,27,12
0x67f10b,99.3441%,28,4241,4269,2243,5,23,1998
0x5b0566,56.9231%,28,37,65,35,28,0,2
0x8e35f9,93.8326%,28,426,454,426,26,2,0
0x80474c,73.8318%,28,79,107,77,28,0,2
0x9edbd8,77.7778%,28,98,126,98,28,0,0
0x60b546,92.7461%,28,358,386,180,25,3,178
0x9776a0,98.3071%,28,1626,1654,0,0,28,1626
0x90f156,86%,28,172,200,0,0,28,172
0xa58fbc,76.4706%,28,91,119,0,0,28,91
0xa57ba4,64.1026%,28,50,78,12,27,1,38
0x901924,92.5729%,28,349,377,9,11,17,340
0x40a263,68.5393%,28,61,89,29,26,2,32
0xa60c61,88.1857%,28,209,237,0,0,28,209
0x8d2587,88.3333%,28,212,240,0,0,28,212
0x97433b,90.2098%,28,258,286,0,26,2,258
0x4bb5c4,46.1538%,28,24,52,24,28,0,0
0xa03804,99.4745%,28,5300,5328,5300,28,0,0
0x509d06,97.4865%,28,1086,1114,0,0,28,1086
0x555d97,97.6391%,28,1158,1186,1070,11,17,88
0xa553cf,82.0513%,28,128,156,3,10,18,125
0x7acef2,66.2651%,28,55,83,33,23,5,22
0xa5c81a,74.7748%,28,83,111,0,0,28,83
0x5088ae,94.7467%,28,505,533,505,28,0,0
0x9bd335,55.5556%,28,35,63,29,22,6,6
0x9c3936,78.2946%,28,101,129,101,28,0,0
0x8fe0ba,65%,28,52,80,52,28,0,0
0x9aad78,96.4691%,28,765,793,0,0,28,765
0x511a7c,99.287%,28,3899,3927,3899,28,0,0
0x53b31d,88.8446%,28,223,251,26,28,0,197
0x507a5c,96.4691%,28,765,793,721,22,6,44
0x539324,80.4196%,28,115,143,109,23,5,6
0x9ff579,55.5556%,28,35,63,3,20,8,32
0xa44a2f,94.697%,28,500,528,500,28,0,0
0x506286,95.6723%,28,619,647,619,28,0,0
0xa60aad,61.1111%,28,44,72,44,28,0,0
0x50d7cb,90.1754%,28,257,285,18,14,14,239
0x819c37,57.5758%,28,38,66,8,26,2,30
0x591b85,81.5789%,28,124,152,24,18,10,100
0xa4979d,90.7285%,28,274,302,0,0,28,274
0x7c21ae,79.8561%,28,111,139,0,13,15,111
0xa91a90,85.641%,28,167,195,0,0,28,167
0x8dd848,95.4023%,28,581,609,160,10,18,421
0x8e3faf,94.0678%,28,444,472,444,20,8,0
0x80c2ec,86.2745%,28,176,204,176,28,0,0
0x8d3907,92.4528%,28,343,371,0,2,26,343
0x4bc7a3,86%,28,172,200,100,6,22,72
0x555f87,88.7097%,28,220,248,220,28,0,0
0x48ec25,92.3077%,28,336,364,336,21,7,0
0x9eb764,83.2335%,28,139,167,20,19,9,119
0x96b192,96.9129%,28,879,907,0,0,28,879
0x5441af,57.5758%,28,38,66,34,23,5,4
0x9eef34,83.5294%,28,142,170,142,28,0,0
0x9f02ea,75.8621%,28,88,116,88,26,2,0
0xa52d9d,92.0904%,28,326,354,249,28,0,77
0x9eedde,87.8261%,28,202,230,1,17,11,201
0x7ac758,87.3303%,28,193,221,17,28,0,176
0x9ef181,83.908%,28,146,174,146,28,0,0
0x9e395c,90.9091%,28,280,308,27,23,5,253
0x53f036,84.6995%,28,155,183,0,0,28,155
0x81e6ab,96.5389%,28,781,809,742,20,8,39
0x80bfb4,65%,28,52,80,31,17,11,21
0x805643,97.7346%,28,1208,1236,1208,26,2,0
0xa583a4,87.8261%,28,202,230,0,0,28,202
0x4bbc41,98.4848%,28,1820,1848,0,0,28,1820
0x534f9a,12.5%,28,4,32,0,0,28,4
0x8f5402,96.9095%,28,878,906,872,22,6,6
0x82285a,98.1321%,28,1471,1499,1471,28,0,0
0x8b9926,99.8965%,28,27013,27041,27013,17,11,0
0x9a7ea0,84.7826%,28,156,184,155,4,24,1
0x53b23b,50.8772%,28,29,57,15,26,2,14
0x5c4653,63.6364%,28,49,77,0,0,28,49
0x942731,99.6639%,28,8303,8331,8303,28,0,0
0x81bfdf,91.4373%,28,299,327,276,19,9,23
0x64b0bd,99.8505%,28,18703,18731,18703,28,0,0
0x4a57ad,74.5455%,28,82,110,34,21,7,48
0x9aaf71,94.8905%,28,520,548,0,0,28,520
0x64b1f1,96.9598%,28,893,921,893,28,0,0
0x503937,39.1304%,28,18,46,18,28,0,0
0x7d2ed0,96.5%,28,772,800,533,9,19,239
0x49ae6e,96.8037%,28,848,876,538,25,3,310
0x48f120,78.2946%,28,101,129,0,0,28,101
0x6437ab,28.2051%,28,11,39,0,0,28,11
0x9c3faa,93.9914%,28,438,466,438,28,0,0
0x4c3cb4,83.3333%,28,140,168,40,9,19,100
0x5bba2a,76.4706%,28,91,119,86,10,18,5
0x60e4ce,93.7079%,28,417,445,417,28,0,0
0xa5f9fe,93.5632%,28,407,435,407,28,0,0
0x5b0e4b,98.9521%,28,2644,2672,0,0,28,2644
0x404e15,99.7723%,28,12268,12296,0,0,28,12268
0xa41b02,89.8876%,27,240,267,0,0,27,240
0x4047a8,95.6026%,27,587,614,10,2,25,577
0x8ee1a1,85.7895%,27,163,190,0,0,27,163
0x640332,98.8679%,27,2358,2385,0,0,27,2358
0x8e2176,97.7593%,27,1178,1205,204,19,8,974
0x4bec58,84.5714%,27,148,175,33,2,25,115
0x48ba4d,68.6047%,27,59,86,57,27,0,2
0x555cca,97.5023%,27,1054,1081,1054,27,0,0
0xa30d6e,86.1538%,27,168,195,54,26,1,114
0xa2f720,91.0299%,27,274,301,67,6,21,207
0x951989,91%,27,273,300,186,2,25,87
0xa480fa,91.0596%,27,275,302,49,11,16,226
0x60b0ba,46%,27,23,50,23,27,0,0
0xa8f863,32.5%,27,13,40,10,26,1,3
0x64af5c,99.527%,27,5681,5708,2,19,8,5679
0x8f318f,98.9523%,27,2550,2577,2541,23,4,9
0x5f7f22,86.4322%,27,172,199,170,22,5,2
0x81c5ab,87.7828%,27,194,221,148,21,6,46
0x51afd4,89.6947%,27,235,262,0,2,25,235
0x5386d8,97.205%,27,939,966,0,0,27,939
0x538714,98.9985%,27,2669,2696,0,0,27,2669
0x8d486d,92.7224%,27,344,371,0,2,25,344
0x7d1bcf,97.0684%,27,894,921,54,13,14,840
0x677d19,96.7033%,27,792,819,792,27,0,0
0x67aca9,99.0207%,27,2730,2757,2730,27,0,0
0x9771c3,67.4699%,27,56,83,56,25,2,0
0x4bbba3,82.5806%,27,128,155,52,22,5,76
0x50137d,98.3251%,27,1585,1612,0,0,27,1585
0x4a9ee5,86.2245%,27,169,196,168,14,13,1
0x9e2ffa,89.7338%,27,236,263,16,10,17,220
0x58c8a3,91.7178%,27,299,326,16,13,14,283
0xa2fe7d,90.2527%,27,250,277,0,0,27,250
0x8bb268,93.3985%,27,382,409,380,26,1,2
0x9e70ba,41.3043%,27,19,46,19,27,0,0
0x610ae4,94.0529%,27,427,454,0,0,27,427
0xa9743c,81.8792%,27,122,149,122,27,0,0
0xa41aeb,98.3125%,27,1573,1600,1323,10,17,250
0x64b0c4,99.8719%,27,21051,21078,21000,14,13,51
0x534a2d,94.4444%,27,459,486,425,4,23,34
0x543a1f,80%,27,108,135,88,20,7,20
0xa4966a,50.9091%,27,28,55,28,14,13,0
0x80f0d9,96.5736%,27,761,788,760,26,1,1
0x4b696f,82.5806%,27,128,155,0,0,27,128
0x50a711,61.4286%,27,43,70,0,0,27,43
0xa4d52b,90.4594%,27,256,283,0,0,27,256
0x40a55e,55%,27,33,60,32,26,1,1
0x5bd280,97.1992%,27,937,964,0,0,27,937
0x64f4ff,75.4545%,27,83,110,74,12,15,9
0x9e090e,69.6629%,27,62,89,2,6,21,60
0x544a81,93.3985%,27,382,409,374,9,18,8
0xa5c550,85.4054%,27,158,185,0,0,27,158
0x40aba1,38.6364%,27,17,44,17,27,0,0
0x40f817,90.625%,27,261,288,53,23,4,208
0x63e48a,98.546%,27,1830,1857,1412,12,15,418
0xa95bec,79.2308%,27,103,130,103,27,0,0
0x9e26b1,94.9907%,27,512,539,0,0,27,512
0x8a8fb6,90.3571%,27,253,280,114,22,5,139
0xa56f57,62.5%,27,45,72,0,0,27,45
0x40bbbc,82%,27,123,150,99,9,18,24
0x819262,70.3297%,27,64,91,64,27,0,0
0x9f2470,67.0732%,27,55,82,55,27,0,0
0x9d0e98,96.5206%,27,749,776,749,12,15,0
0x58d25e,70.6522%,27,65,92,42,15,12,23
0x9f4726,95.4545%,27,567,594,0,0,27,567
0x4b4b23,61.9718%,27,44,71,3,22,5,41
0x51b358,94.5455%,27,468,495,59,12,15,409
0x910dc0,99.3098%,27,3885,3912,107,16,11,3778
0x9032d8,50%,27,27,54,15,27,0,12
0xa45c63,97.7833%,27,1191,1218,0,8,19,1191
0xa90364,82.1192%,27,124,151,8,12,15,116
0x558a85,92.6829%,27,342,369,342,27,0,0
0x9bddb3,62.5%,27,45,72,44,26,1,1
0x5ff41e,43.75%,27,21,48,18,23,4,3
0x820d43,98.0769%,27,1377,1404,0,2,25,1377
0x808dc4,97.1519%,27,921,948,921,25,2,0
0x90a995,63.5135%,27,47,74,9,19,8,38
0x4bb2bc,62.5%,27,45,72,6,19,8,39
0x4ba231,87.4419%,27,188,215,19,7,20,169
0xa4374a,93.6321%,27,397,424,265,25,2,132
0x552188,98.249%,27,1515,1542,0,22,5,1515
0xa03b02,77.3109%,27,92,119,0,0,27,92
0x80ddd2,76.3158%,27,87,114,35,22,5,52
0x7235cf,98.1328%,27,1419,1446,0,0,27,1419
0x97b994,76.3158%,27,87,114,11,20,7,76
0x7b7fb8,80.8511%,27,114,141,1,8,19,113
0x7b7fc8,76.7241%,27,89,116,63,26,1,26
0x90ba71,95.288%,27,546,573,546,27,0,0
0x48e7f8,35.7143%,27,15,42,15,27,0,0
0x983abf,57.8125%,27,37,64,9,8,19,28
0x4a86cd,49.0566%,27,26,53,24,27,0,2
0xb17b96,97.4552%,27,1034,1061,0,0,27,1034
0x91770c,86.5%,27,173,200,16,21,6,157
0x510524,97.8365%,27,1221,1248,0,0,27,1221
0x80a44a,95.5665%,27,582,609,135,21,6,447
0x558d7b,91%,27,273,300,0,0,27,273
0x9f654d,84.9162%,27,152,179,34,27,0,118
0x811a47,96.7972%,27,816,843,816,27,0,0
0x5be254,65.3846%,27,51,78,0,0,27,51
0x819d73,91.7431%,27,300,327,0,0,27,300
0x4bfd65,68.6047%,27,59,86,0,0,27,59
0x4bc8c7,88.3117%,27,204,231,192,27,0,12
0xa9056b,52.6316%,27,30,57,30,27,0,0
0x90d30b,78.2258%,27,97,124,0,0,27,97
0x40488b,93.199%,27,370,397,139,8,19,231
0x8dacf3,69.3182%,27,61,88,29,15,12,32
0x49fc04,68.6047%,27,59,86,0,0,27,59
0x88e5b4,30.7692%,27,12,39,12,27,0,0
0x53ef7b,82.4675%,27,127,154,127,27,0,0
0xa3666d,90.8163%,27,267,294,0,0,27,267
0x4c012f,86.3636%,27,171,198,79,7,20,92
0x50167f,74.5283%,27,79,106,79,27,0,0
0x81696d,70.6522%,27,65,92,62,22,5,3
0x808b77,96.816%,27,821,848,821,22,5,0
0x40d1bc,76.3158%,27,87,114,1,23,4,86
0xb1493c,99.3659%,27,4231,4258,0,0,27,4231
0x5cb92d,55%,27,33,60,14,19,8,19
0x8c7e97,96.9353%,27,854,881,854,25,2,0
0x5be1ba,96.6871%,27,788,815,788,27,0,0
0x8bd2a6,98.4607%,27,1727,1754,0,4,23,1727
0xaa580f,97.2892%,27,969,996,0,0,27,969
0x409bb7,53.4483%,27,31,58,5,12,15,26
0x9c3f8d,94.206%,27,439,466,439,27,0,0
0x556f1e,50.9091%,27,28,55,25,2,25,3
0x8e7388,93.3498%,27,379,406,66,17,10,313
0xa5f715,92.3295%,27,325,352,0,0,27,325
0x48d0fa,34.1463%,27,14,41,8,27,0,6
0xa3999a,90.1099%,27,246,273,246,27,0,0
0x9fe55e,79.8507%,27,107,134,0,0,27,107
0x403ce9,76.1062%,27,86,113,10,4,23,76
0x9a1d41,66.6667%,27,54,81,40,26,1,14
0x9fe45a,79.3893%,27,104,131,104,27,0,0
0x8bb667,71.5789%,27,68,95,7,6,21,61
0x8bb621,71.5789%,27,68,95,0,0,27,68
0x9fc06f,91.1765%,27,279,306,65,26,1,214
0x544277,52.6316%,27,30,57,30,27,0,0
0xa2cc24,94.1685%,27,436,463,0,0,27,436
0xa44884,61.4286%,27,43,70,43,27,0,0
0xb32360,97.2136%,27,942,969,0,0,27,942
0x501ff6,70.3297%,27,64,91,24,11,16,40
0x9aa3b5,27.027%,27,10,37,2,0,27,8
0x543b0e,87.6147%,27,191,218,1,8,19,190
0x9a7b90,79.3893%,27,104,131,26,10,17,78
0x9eef2a,64%,27,48,75,0,0,27,48
0x8ed03b,53.4483%,27,31,58,2,8,19,29
0xa46685,77.3109%,27,92,119,8,15,12,84
0x991525,99.6047%,27,6804,6831,6804,27,0,0
0x8c7527,98.5974%,27,1898,1925,1833,20,7,65
0x8131f5,98.4043%,27,1665,1692,1665,27,0,0
0x94c7b8,95.2128%,27,537,564,59,26,1,478
0x67c9b7,97.8656%,27,1238,1265,0,0,27,1238
0x9ab483,69.6629%,27,62,89,38,0,27,24
0x80e6d6,94.5783%,27,471,498,397,18,9,74
0x48af98,95%,27,513,540,0,0,27,513
0x48b9cf,99.0011%,27,2676,2703,0,0,27,2676
0x58f92e,71.2766%,27,67,94,7,14,13,60
0x8fcc32,94.664%,27,479,506,207,6,21,272
0x81f002,96.9697%,27,864,891,864,25,2,0
0x9f0e35,90.625%,27,261,288,229,23,4,32
0x8fe52f,99.511%,27,5495,5522,0,0,27,5495
0x48a2be,98.7075%,27,2062,2089,2062,27,0,0
0x9784ea,97.1398%,27,917,944,0,0,27,917
0x66f55d,86.8932%,27,179,206,0,0,27,179
0x48ed10,52.6316%,27,30,57,24,8,19,6
0x8ffb06,92.3729%,27,327,354,55,19,8,272
0xa0257c,97.9468%,27,1288,1315,0,19,8,1288
0x48dea6,74.2857%,27,78,105,11,19,8,67
0x90a138,97.3684%,27,999,1026,999,27,0,0
0x5bd001,95.7944%,27,615,642,615,27,0,0
0x48d802,74.7664%,27,80,107,78,23,4,2
0x40d4c6,94.6955%,27,482,509,482,27,0,0
0x81c0cb,71.875%,27,69,96,0,0,27,69
0x53dbaf,92.6431%,27,340,367,340,27,0,0
0x5de2a7,96.6667%,27,783,810,783,27,0,0
0x80df5f,98.8843%,27,2393,2420,0,0,27,2393
0x8a9463,99.9653%,27,77781,77808,15,17,10,77766
0x537c16,96.3365%,27,710,737,709,22,5,1
0x8ae9be,92.562%,27,336,363,1,1,26,335
0x591471,94.896%,27,502,529,0,6,21,502
0x942914,88.2096%,27,202,229,145,9,18,57
0x4899dd,97.2421%,27,952,979,0,8,19,952
0x551d13,72.7273%,27,72,99,65,20,7,7
0x5cba5a,79.3893%,27,104,131,104,27,0,0
0x8f0c52,86.5%,27,173,200,106,7,20,67
0x99f1cc,86.0825%,27,167,194,157,17,10,10
0x60e08d,82.5806%,27,128,155,126,5,22,2
0x8187bb,55%,27,33,60,8,18,9,25
0x99e876,74.2857%,27,78,105,78,27,0,0
0x50ce24,77.5%,27,93,120,0,0,27,93
0x5cb108,96.7665%,27,808,835,9,21,6,799
0x609ce8,92.3513%,27,326,353,0,0,27,326
0xa5c7dc,60.2941%,27,41,68,34,16,11,7
0x50aa02,80.1471%,27,109,136,23,2,25,86
0xaadf05,99.6981%,27,8917,8944,8917,27,0,0
0x90abbe,97.1904%,27,934,961,86,14,13,848
0x4a623d,81.3793%,27,118,145,43,16,11,75
0xa25eff,80.8511%,27,114,141,85,18,9,29
0x512292,98.695%,27,2042,2069,0,0,27,2042
0xb14838,99.3659%,27,4231,4258,0,0,27,4231
0x534902,59.0909%,27,39,66,39,27,0,0
0xa60c6a,88.6076%,27,210,237,0,0,27,210
0x904863,85.4054%,27,158,185,158,27,0,0
0x80892d,88.4615%,27,207,234,207,25,2,0
0x9f2739,93.75%,27,405,432,334,13,14,71
0xaa2933,78.2258%,27,97,124,97,27,0,0
0x90be4b,97.1904%,27,934,961,815,27,0,119
0x9780b3,84.3931%,27,146,173,146,27,0,0
0x9f0b71,71.5789%,27,68,95,68,27,0,0
0x504206,78.2258%,27,97,124,56,6,21,41
0x80a8f6,96.7895%,27,814,841,814,27,0,0
0x542e8a,82.3529%,27,126,153,126,27,0,0
0xa441b7,57.8125%,27,37,64,1,11,16,36
0x81e453,96.6584%,27,781,808,0,0,27,781
0x542be1,92.5824%,27,337,364,337,25,2,0
0x534b15,66.6667%,27,54,81,54,27,0,0
0x404412,98.1066%,27,1399,1426,0,0,27,1399
0x58df33,87.0813%,27,182,209,0,0,27,182
0xab2d18,68.9655%,27,60,87,4,4,23,56
0xa4e817,83.3333%,27,135,162,2,22,5,133
0x403e17,99.5612%,27,6126,6153,6123,18,9,3
0x609f24,99.6644%,27,8018,8045,0,0,27,8018
0x8ee6f7,93.0591%,27,362,389,6,12,15,356
0x820fd9,62.5%,27,45,72,0,0,27,45
0x9e0817,97.4187%,27,1019,1046,68,17,10,951
0x8dd2ee,98.8691%,26,2273,2299,647,21,5,1626
0x9f254b,68.2927%,26,56,82,51,24,2,5
0x48f060,79.845%,26,103,129,101,6,20,2
0x4996cc,79.5276%,26,101,127,52,1,25,49
0x499bf9,50.9434%,26,27,53,27,26,0,0
0x983ef8,81.1594%,26,112,138,49,25,1,63
0x9f665b,95.1311%,26,508,534,0,0,26,508
0x538648,98.1612%,26,1388,1414,1388,26,0,0
0x9f03ef,97.0286%,26,849,875,849,26,0,0
0x40f330,99.4134%,26,4406,4432,4406,26,0,0
0x50a95e,76.5766%,26,85,111,50,25,1,35
0x50ad09,76.5766%,26,85,111,0,0,26,85
0xa39df7,98.0107%,26,1281,1307,0,0,26,1281
0xa02a56,92.2619%,26,310,336,309,15,11,1
0x908b9b,95.3737%,26,536,562,536,26,0,0
0x98cfdb,87.5%,26,182,208,100,18,8,82
0x8e35cb,98.6849%,26,1951,1977,1511,12,14,440
0x4a7b96,54.386%,26,31,57,31,26,0,0
0x9f2524,84.1463%,26,138,164,69,13,13,69
0x60b096,48%,26,24,50,24,26,0,0
0xa02263,99.4119%,26,4395,4421,2,25,1,4393
0x9c4097,94.4206%,26,440,466,440,26,0,0
0x970ec6,98.5418%,26,1757,1783,0,0,26,1757
0x507ee7,95.4704%,26,548,574,417,21,5,131
0x8a8b7a,97.2252%,26,911,937,802,18,8,109
0xb17e8f,97.5495%,26,1035,1061,1035,26,0,0
0xa31348,81.6901%,26,116,142,45,12,14,71
0x40f7d4,92.7577%,26,333,359,330,7,19,3
0x8e4818,98.4059%,26,1605,1631,1605,26,0,0
0xa53d25,84.1463%,26,138,164,0,0,26,138
0x49c801,53.5714%,26,30,56,19,19,7,11
0x815d46,81.295%,26,113,139,6,4,22,107
0x50b96e,94.683%,26,463,489,347,7,19,116
0x54f1cc,39.5349%,26,17,43,2,4,22,15
0x821310,99.3433%,26,3933,3959,0,0,26,3933
0xa2f245,76.7857%,26,86,112,52,22,4,34
0x647380,95.6667%,26,574,600,574,26,0,0
0x4950bc,7.14286%,26,2,28,1,26,0,1
0xa4ed7a,83.9506%,26,136,162,135,25,1,1
0x8e3d56,91.2752%,26,272,298,272,26,0,0
0xa33737,91.6129%,26,284,310,269,16,10,15
0x4b70bc,82.4324%,26,122,148,45,16,10,77
0x81b15c,91.7981%,26,291,317,291,26,0,0
0x48a6fa,98.7747%,26,2096,2122,0,0,26,2096
0x8e1609,99.768%,26,11179,11205,11154,19,7,25
0x9e194b,78.3333%,26,94,120,94,26,0,0
0x4ca489,97.237%,26,915,941,889,6,20,26
0x8a77ec,95.0096%,26,495,521,38,18,8,457
0x5cf79d,98.5839%,26,1810,1836,1810,26,0,0
0xa93893,89.8438%,26,230,256,4,15,11,226
0xb1c897,97.4129%,26,979,1005,979,26,0,0
0x8dc69c,96.6581%,26,752,778,752,26,0,0
0x40dfbd,80.7407%,26,109,135,1,5,21,108
0x81efc1,95.0287%,26,497,523,497,24,2,0
0x511aed,99.0826%,26,2808,2834,2808,26,0,0
0x97823a,80.4511%,26,107,133,103,11,15,4
0x8101d6,96.7419%,26,772,798,0,0,26,772
0x9f2826,96.8293%,26,794,820,794,26,0,0
0x667917,18.75%,26,6,32,6,26,0,0
0x510c4a,94.023%,26,409,435,85,12,14,324
0x53516b,99.6446%,26,7290,7316,7290,26,0,0
0x63f9e3,99.0774%,26,2792,2818,0,0,26,2792
0x8a73ea,94.8%,26,474,500,474,26,0,0
0x8a274f,89.8039%,26,229,255,229,26,0,0
0x816748,71.7391%,26,66,92,9,15,11,57
0xa45f69,80.1527%,26,105,131,105,26,0,0
0x80a647,87.619%,26,184,210,0,0,26,184
0xa50e85,92.8177%,26,336,362,0,4,22,336
0x99f01f,72.9167%,26,70,96,0,0,26,70
0x5462a4,92.5714%,26,324,350,0,0,26,324
0x9005ea,92.5287%,26,322,348,0,0,26,322
0x8e1da0,93.3842%,26,367,393,366,4,22,1
0x4414d7,54.386%,26,31,57,20,26,0,11
0x5c7898,67.5%,26,54,80,0,0,26,54
0x8e2fd0,98.6849%,26,1951,1977,1734,6,20,217
0x80600c,92.5287%,26,322,348,122,4,22,200
0x9428c5,88.6463%,26,203,229,203,26,0,0
0x8db6d8,95.0758%,26,502,528,50,0,26,452
0x54f33c,97.4384%,26,989,1015,989,9,17,0
0x50a14e,53.5714%,26,30,56,30,26,0,0
0x48ece4,68.2927%,26,56,82,0,0,26,56
0x9edd06,59.375%,26,38,64,0,0,26,38
0xa90429,93.6585%,26,384,410,0,0,26,384
0xb2fd58,96.4187%,26,700,726,0,0,26,700
0xa5950e,87.1287%,26,176,202,5,10,16,171
0x81ba9d,87.2549%,26,178,204,178,26,0,0
0xaa641a,71.1111%,26,64,90,57,25,1,7
0x5993f8,69.0476%,26,58,84,58,26,0,0
0x5c7801,67.5%,26,54,80,54,26,0,0
0xa58507,85.6354%,26,155,181,155,26,0,0
0xa90560,60.6061%,26,40,66,4,5,21,36
0x512c30,99.7666%,26,11113,11139,0,0,26,11113
0xa3139e,69.4118%,26,59,85,59,26,0,0
0x5068ab,96.4865%,26,714,740,588,16,10,126
0x9ef41f,56.6667%,26,34,60,0,0,26,34
0x595dcc,96.6794%,26,757,783,0,10,16,757
0x48d64d,99.4182%,26,4443,4469,0,0,26,4443
0x4b9c09,63.3803%,26,45,71,20,22,4,25
0x58d9a9,87.5598%,26,183,209,46,18,8,137
0x9f9991,36.5854%,26,15,41,5,14,12,10
0x8041e3,56.6667%,26,34,60,18,20,6,16
0xa942d9,83.5443%,26,132,158,21,3,23,111
0x8db6bd,97.2193%,26,909,935,297,18,8,612
0x9f4fb5,88.5463%,26,201,227,57,1,25,144
0xa26606,97.4334%,26,987,1013,0,0,26,987
0xa04b7b,59.375%,26,38,64,5,17,9,33
0x54fead,99.0874%,26,2823,2849,2823,26,0,0
0x90a902,68.6747%,26,57,83,0,0,26,57
0x9428de,88.6463%,26,203,229,203,26,0,0
0x4bf08e,96.5744%,26,733,759,556,15,11,177
0xa585f9,92.4638%,26,319,345,0,0,26,319
0x604688,85.3107%,26,151,177,0,0,26,151
0x5bb444,78.1513%,26,93,119,87,9,17,6
0xb0b122,78.5124%,26,95,121,89,16,10,6
0x90e2c7,83.75%,26,134,160,134,26,0,0
0x60dbc8,90.5109%,26,248,274,12,26,0,236
0x58f9b3,68.2927%,26,56,82,27,14,12,29
0x835df2,78.8618%,26,97,123,2,18,8,95
0x4bc0dd,97.9907%,26,1268,1294,1264,15,11,4
0x9812d0,83.2258%,26,129,155,72,8,18,57
0x542316,88.1279%,26,193,219,0,0,26,193
0x5c56b4,88.3408%,26,197,223,97,3,23,100
0x5061f9,96.4865%,26,714,740,68,25,1,646
0x5ee163,89.2562%,26,216,242,0,0,26,216
0x8f4e15,98.9621%,26,2479,2505,2479,26,0,0
0xa055da,59.375%,26,38,64,17,16,10,21
0xaa7c60,59.375%,26,38,64,30,24,2,8
0x9ed4fa,69.4118%,26,59,85,56,21,5,3
0x8a93cf,98.2313%,26,1444,1470,0,0,26,1444
0x5f6d19,55.1724%,26,32,58,27,2,24,5
0xa4ffa0,65.7895%,26,50,76,49,8,18,1
0x90ef53,98.5999%,26,1831,1857,1831,26,0,0
0x8c901f,93.8095%,26,394,420,394,23,3,0
0x8ea142,98.9491%,26,2448,2474,0,0,26,2448
0xa314f7,50%,26,26,52,14,9,17,12
0x63c7cf,97.2945%,26,935,961,3,0,26,932
0x5c4bae,98.5785%,26,1803,1829,0,0,26,1803
0x50740a,96.7213%,26,767,793,717,26,0,50
0x4bb102,92.3529%,26,314,340,28,20,6,286
0x50cbd5,55.1724%,26,32,58,1,11,15,31
0x9abe6e,85.5556%,26,154,180,0,0,26,154
0x598fbf,91.0345%,26,264,290,0,0,26,264
0x9e29c1,84.9711%,26,147,173,0,0,26,147
0x942c1c,95.0476%,26,499,525,499,26,0,0
0x9785ad,84.8837%,26,146,172,108,9,17,38
0x973113,71.1111%,26,64,90,63,2,24,1
0x498631,74.5098%,26,76,102,0,0,26,76
0x8198ee,96.8561%,26,801,827,303,13,13,498
0xa58f00,78.1513%,26,93,119,0,0,26,93
0x9f6c15,91.1263%,26,267,293,9,17,9,258
0x8a6eeb,90.3346%,26,243,269,243,26,0,0
0x5b2a94,42.2222%,26,19,45,0,0,26,19
0x5043bf,96.2751%,26,672,698,654,24,2,18
0x8a5e08,94.7154%,26,466,492,159,19,7,307
0x556e0c,74%,26,74,100,71,21,5,3
0x5098a5,99.302%,26,3699,3725,3699,26,0,0
0xa58397,93.9535%,26,404,430,0,4,22,404
0x8e0f90,98.9256%,26,2394,2420,2393,11,15,1
0x5c4fbd,84.3373%,26,140,166,6,16,10,134
0x944dc4,95.0851%,26,503,529,5,17,9,498
0xa30559,84.7059%,26,144,170,144,26,0,0
0xa661ac,76.9912%,26,87,113,70,16,10,17
0xb31be7,99.8797%,26,21589,21615,0,0,26,21589
0x951ca7,95.9184%,26,611,637,611,26,0,0
0x550a0a,23.5294%,26,8,34,8,26,0,0
0x53aedc,44.6809%,26,21,47,2,4,22,19
0x80cae5,99.6621%,26,7669,7695,0,0,26,7669
0x591c13,82.7815%,26,125,151,0,0,26,125
0x53f31b,93.9394%,26,403,429,0,0,26,403
0x53e87f,83.1169%,26,128,154,128,21,5,0
0x944d55,96.0902%,26,639,665,122,14,12,517
0x9e3edc,92.3529%,26,314,340,314,26,0,0
0x8f1825,87.4396%,26,181,207,3,3,23,178
0x8bae0e,94.1309%,26,417,443,404,21,5,13
0x510548,97.9167%,26,1222,1248,1222,26,0,0
0x54f95b,61.7647%,26,42,68,42,26,0,0
0x5f832a,95.2294%,26,519,545,519,7,19,0
0x90267e,97.8333%,26,1174,1200,1174,26,0,0
0x99e8fe,75.2381%,26,79,105,29,21,5,50
0x4c15ed,86.8687%,26,172,198,172,26,0,0
0x6104b8,90.7143%,26,254,280,41,13,13,213
0x7b2a7b,70.4545%,26,62,88,30,14,12,32
0x9e762a,86.0963%,26,161,187,45,8,18,116
0x4bc5be,91.2752%,26,272,298,259,20,6,13
0x4a6e86,72.3404%,26,68,94,68,26,0,0
0xb17ea5,97.5495%,26,1035,1061,0,0,26,1035
0x590675,98.4822%,26,1687,1713,0,0,26,1687
0x5f10dc,27.7778%,26,10,36,10,26,0,0
0x819f04,71.4286%,26,65,91,59,15,11,6
0x9e4ebb,56.6667%,26,34,60,0,0,26,34
0x63cbb1,97.2945%,26,935,961,935,26,0,0
0x48de88,76.7857%,26,86,112,1,6,20,85
0x556b2f,97.3869%,26,969,995,65,25,1,904
0x9eb421,58.7302%,26,37,63,21,7,19,16
0xa2d2cd,93.401%,26,368,394,0,0,26,368
0x4bf6d2,84.6154%,26,143,169,143,26,0,0
0x8e020d,93.5802%,26,379,405,378,23,3,1
0x50f98b,96.338%,26,684,710,21,9,17,663
0x511712,98.2456%,26,1456,1482,1456,26,0,0
0x5ae26b,36.5854%,26,15,41,0,0,26,15
0x8e3881,92.8962%,26,340,366,192,15,11,148
0x5bd041,97.3029%,26,938,964,938,26,0,0
0x48e4fe,82.6667%,26,124,150,124,26,0,0
0x49e326,92.3977%,26,316,342,0,0,26,316
0x9e00be,97.5791%,26,1048,1074,0,0,26,1048
0x9f2a50,87.7358%,26,186,212,101,7,19,85
0x60a80e,94.7368%,26,468,494,68,4,22,400
0xa58294,76.9912%,26,87,113,82,8,18,5
0x4b57bf,74.5098%,26,76,102,74,4,22,2
0xa46658,88.7931%,26,206,232,206,26,0,0
0x49e0f4,84.2424%,26,139,165,139,26,0,0
0xa52898,93.7198%,26,388,414,8,10,16,380
0x51afaf,91.0653%,26,265,291,265,25,1,0
0x40522b,62.8571%,26,44,70,29,13,13,15
0xaab0c7,68.2927%,26,56,82,52,26,0,4
0x53ab5b,50.9434%,26,27,53,23,18,8,4
0x90430e,95.6007%,26,565,591,565,12,14,0
0x833fb5,94.7475%,26,469,495,469,26,0,0
0x91127d,96.0902%,26,639,665,639,26,0,0
0x4a2634,91.8495%,26,293,319,231,15,11,62
0x78eed4,81.8182%,26,117,143,117,26,0,0
0x554cfa,91.0035%,26,263,289,2,4,22,261
0x7d25d1,93.2115%,26,357,383,357,10,16,0
0x8ba2f6,99.7312%,26,9646,9672,9646,26,0,0
0x51064b,97.3279%,26,947,973,14,22,4,933
0xa45324,93.4673%,26,372,398,372,26,0,0
0x8a94d7,99.1558%,26,3054,3080,1520,25,1,1534
0x5f8875,80.7407%,26,109,135,87,9,17,22
0xa456b3,83.9506%,26,136,162,136,14,12,0
0x8194c9,75.7009%,26,81,107,21,6,20,60
0xa59009,78.1513%,26,93,119,58,19,7,35
0xa4a9eb,88.3929%,26,198,224,85,26,0,113
0x5fa35d,88.2353%,26,195,221,194,21,5,1
0xa970af,29.7297%,26,11,37,11,26,0,0
0x48a101,99.3632%,26,4057,4083,4057,26,0,0
0x8dc1d8,98.4059%,26,1605,1631,1605,26,0,0
0x9fbade,91.5033%,26,280,306,280,26,0,0
0x63bbfb,97.2945%,26,935,961,0,0,26,935
0x4b6503,77.3913%,26,89,115,89,26,0,0
0x8a90c6,97.6744%,26,1092,1118,5,17,9,1087
0x48e735,99.6251%,26,6909,6935,6909,26,0,0
0x8e98db,97.6059%,26,1060,1086,1060,24,2,0
0x556fd6,81.6901%,26,116,142,53,4,22,63
0x4bc7df,86.1702%,26,162,188,51,10,16,111
0x5076d7,48%,26,24,50,10,12,14,14
0x68697a,90.7473%,26,255,281,255,26,0,0
0x7811ff,98.7707%,26,2089,2115,1171,5,21,918
0x8142fc,98.6789%,26,1942,1968,1629,11,15,313
0x50fe1c,98.7637%,26,2077,2103,0,2,24,2077
0x48c367,81.0219%,26,111,137,111,26,0,0
0x9e82ff,78.8618%,26,97,123,93,5,21,4
0x5b9fd1,50.9434%,26,27,53,4,1,25,23
0x8fdcf1,93.1759%,26,355,381,316,17,9,39
0x4c22ed,84.5238%,26,142,168,132,20,6,10
0x65a002,98.666%,26,1923,1949,69,12,14,1854
0x9a8bc9,90.3346%,26,243,269,0,0,26,243
0xa51e39,53.5714%,26,30,56,9,8,18,21
0x7efe85,82.5503%,26,123,149,123,26,0,0
0x6514a1,68.2927%,26,56,82,56,26,0,0
0x48bfda,81.5603%,26,115,141,35,6,20,80
0x8f5895,99.7459%,26,10205,10231,0,0,26,10205
0x783c5b,83.3333%,26,130,156,0,0,26,130
0x8209f6,95.5782%,26,562,588,3,5,21,559
0x5b9d30,59.375%,26,38,64,5,16,10,33
0x8f295c,97.2973%,26,936,962,5,15,11,931
0x50773c,40.9091%,26,18,44,0,0,26,18
0x9ef471,49.0196%,26,25,51,7,22,4,18
0x591169,72.043%,26,67,93,0,1,25,67
0x402d50,84.8837%,26,146,172,124,14,12,22
0x94eda1,16.6667%,25,5,30,0,0,25,5
0xa08f44,60.9375%,25,39,64,39,18,7,0
0x977d04,91.4384%,25,267,292,124,19,6,143
0x96c22e,3.84615%,25,1,26,1,25,0,0
0x8deaf4,87.5%,25,175,200,51,21,4,124
0xaa05ab,66.2162%,25,49,74,13,18,7,36
0x4bb34f,91.3495%,25,264,289,264,25,0,0
0x48dc47,99.4398%,25,4438,4463,0,0,25,4438
0x5cae70,97.9855%,25,1216,1241,1216,25,0,0
0x49af85,83.2215%,25,124,149,0,0,25,124
0xa2dc67,90.3101%,25,233,258,181,13,12,52
0xa63ba6,79.6748%,25,98,123,0,0,25,98
0x8da226,95.8403%,25,576,601,0,0,25,576
0x40d224,99.7714%,25,10913,10938,10913,25,0,0
0x485cbc,91.8301%,25,281,306,0,0,25,281
0x81e684,95.4792%,25,528,553,0,0,25,528
0x908fe1,98.6537%,25,1832,1857,0,0,25,1832
0x8e1337,98.7355%,25,1952,1977,0,8,17,1952
0x49e4e9,84.472%,25,136,161,0,0,25,136
0x557d71,65.7534%,25,48,73,39,8,17,9
0x58d2e5,72.8261%,25,67,92,67,25,0,0
0x820997,98.8479%,25,2145,2170,2145,25,0,0
0x8dee34,97.2036%,25,869,894,866,14,11,3
0x50191f,96.8944%,25,780,805,779,15,10,1
0x81c216,85.0299%,25,142,167,112,12,13,30
0x9091e3,98.6537%,25,1832,1857,1832,25,0,0
0x4b62b4,48.9796%,25,24,49,0,0,25,24
0x94a028,88.7892%,25,198,223,198,25,0,0
0x501626,98.8415%,25,2133,2158,0,0,25,2133
0x64ce7e,95.3532%,25,513,538,486,8,17,27
0x81ecba,98.4365%,25,1574,1599,1574,25,0,0
0x556dee,76.8519%,25,83,108,76,24,1,7
0x8bd2c9,98.5714%,25,1725,1750,1725,25,0,0
0x8f61a8,64.7887%,25,46,71,42,15,10,4
0x48dd1f,99.642%,25,6958,6983,0,0,25,6958
0x58ba54,78.8136%,25,93,118,2,2,23,91
0x511d4f,96.9212%,25,787,812,412,16,9,375
0x8ee625,40.4762%,25,17,42,17,25,0,0
0x8ff7c5,99.545%,25,5470,5495,5470,25,0,0
0x9f5009,85.2071%,25,144,169,9,22,3,135
0x409a9e,95.0593%,25,481,506,0,0,25,481
0x49e1e6,98.7316%,25,1946,1971,1946,25,0,0
0x555716,89.9194%,25,223,248,0,0,25,223
0x94dab0,95.7411%,25,562,587,0,0,25,562
0x40992f,91.9355%,25,285,310,285,25,0,0
0x4048c6,95.9283%,25,589,614,73,17,8,516
0x4a6f59,95.1076%,25,486,511,0,0,25,486
0x4a83e3,72.8261%,25,67,92,67,25,0,0
0xa46954,89.1304%,25,205,230,205,25,0,0
0x5b9e29,52.8302%,25,28,53,22,23,2,6
0x51b3f3,96.7825%,25,752,777,0,0,25,752
0x78061a,92.284%,25,299,324,0,0,25,299
0x8c8702,94.9393%,25,469,494,469,25,0,0
0x4bf240,70.9302%,25,61,86,24,7,18,37
0x50f79e,97.6852%,25,1055,1080,1055,25,0,0
0x5910be,89.8785%,25,222,247,51,11,14,171
0x406b12,96.142%,25,623,648,623,25,0,0
0xa4de56,79.3388%,25,96,121,26,14,11,70
0x90a0c4,77.0642%,25,84,109,60,5,20,24
0x99e9d4,76.1905%,25,80,105,79,11,14,1
0x8044d9,90.5303%,25,239,264,2,9,16,237
0x5c6bf2,98.8361%,25,2123,2148,0,0,25,2123
0x512afb,96.594%,25,709,734,0,0,25,709
0x49c10f,73.6842%,25,70,95,0,4,21,70
0xa159be,93.3333%,25,350,375,350,25,0,0
0x9d04b6,91.6107%,25,273,298,269,24,1,4
0xa449ea,96%,25,600,625,0,0,25,600
0xa361ac,82.3944%,25,117,142,117,20,5,0
0xa33e38,90.4215%,25,236,261,196,20,5,40
0x40bbf0,76.1905%,25,80,105,0,1,24,80
0x8dcb9a,98.9126%,25,2274,2299,646,22,3,1628
0x9a8ad0,92.4471%,25,306,331,306,25,0,0
0xa27515,92.3313%,25,301,326,0,0,25,301
0x8ddb34,77.6786%,25,87,112,0,0,25,87
0x537b19,96.6079%,25,712,737,708,23,2,4
0x8ab0ce,97.0794%,25,831,856,0,0,25,831
0x540c77,98.5763%,25,1731,1756,1731,25,0,0
0x9ee103,84.472%,25,136,161,0,0,25,136
0x591f2a,99.3344%,25,3731,3756,3695,9,16,36
0x81223a,93.3862%,25,353,378,353,25,0,0
0x8091b7,88.7892%,25,198,223,198,25,0,0
0x5ff9fc,72.8261%,25,67,92,67,25,0,0
0x5345a4,70.2381%,25,59,84,0,0,25,59
0x49dfae,37.5%,25,15,40,0,0,25,15
0x8fcc99,92.8161%,25,323,348,323,25,0,0
0x544a65,56.1404%,25,32,57,9,22,3,23
0x49fe81,97.2004%,25,868,893,868,25,0,0
0x40dc7d,98.7232%,25,1933,1958,1933,25,0,0
0x8aa985,99.2692%,25,3396,3421,0,0,25,3396
0x499cc9,70.9302%,25,61,86,61,25,0,0
0x8f562a,95.6672%,25,552,577,369,17,8,183
0x63ebac,99.1128%,25,2793,2818,0,0,25,2793
0x813da3,79.1667%,25,95,120,1,21,4,94
0x9ef359,58.3333%,25,35,60,35,25,0,0
0x8f6a9c,78.9916%,25,94,119,91,18,7,3
0x8f5392,86.4865%,25,160,185,160,25,0,0
0xad7bde,71.2644%,25,62,87,62,25,0,0
0x54ef89,41.8605%,25,18,43,0,0,25,18
0x8bb405,94.4934%,25,429,454,383,8,17,46
0x54370a,82.2695%,25,116,141,116,18,7,0
0x8e4881,98.5084%,25,1651,1676,0,0,25,1651
0x8f2b26,82.9932%,25,122,147,30,15,10,92
0x55719f,89.7119%,25,218,243,22,17,8,196
0xa46483,87.0466%,25,168,193,0,0,25,168
0x5f82ba,96.0506%,25,608,633,2,13,12,606
0x405b3b,94.1452%,25,402,427,319,18,7,83
0x81b22b,95.2015%,25,496,521,0,0,25,496
0xa428ba,85.7143%,25,150,175,150,25,0,0
0x5bd4c5,98.706%,25,1907,1932,1907,25,0,0
0x8b9ca3,99.1418%,25,2888,2913,0,0,25,2888
0xaada0a,91.3194%,25,263,288,9,24,1,254
0x5e355e,98.3542%,25,1494,1519,1494,15,10,0
0x78d855,96.2575%,25,643,668,19,9,16,624
0x5438db,83.1081%,25,123,148,7,0,25,116
0x81eac5,92.5373%,25,310,335,310,25,0,0
0x48ea83,95.9083%,25,586,611,8,18,7,578
0x8dd8fa,98.9126%,25,2274,2299,50,16,9,2224
0x53a1b4,75.4902%,25,77,102,40,14,11,37
0x48ee54,92.4471%,25,306,331,0,0,25,306
0x8d3edb,28.5714%,25,10,35,8,9,16,2
0x511aa0,96.9212%,25,787,812,403,25,0,384
0x90979f,98.6523%,25,1830,1855,1716,22,3,114
0xa550a4,91.6388%,25,274,299,267,20,5,7
0x814887,97.9608%,25,1201,1226,1201,23,2,0
0x9ab88c,90.1961%,25,230,255,230,25,0,0
0x667080,98.0423%,25,1252,1277,26,18,7,1226
0x8dcae1,98.9126%,25,2274,2299,1511,10,15,763
0x951cd6,96.0754%,25,612,637,612,25,0,0
0x504c88,64.2857%,25,45,70,1,10,15,44
0x60e354,94.382%,25,420,445,416,15,10,4
0xa90bf6,81.7518%,25,112,137,112,25,0,0
0x507d06,30.5556%,25,11,36,7,25,0,4
0x49c729,94.5295%,25,432,457,2,6,19,430
0x547ec2,96.0506%,25,608,633,608,25,0,0
0x5f856c,89.4068%,25,211,236,0,0,25,211
0x50d8b1,56.1404%,25,32,57,0,0,25,32
0x53589f,60.3175%,25,38,63,38,7,18,0
0x542f34,98.7923%,25,2045,2070,2045,25,0,0
0xa41bb2,96.6975%,25,732,757,732,25,0,0
0x5fa2d1,90.1186%,25,228,253,87,9,16,141
0x8f618b,85.3801%,25,146,171,91,9,16,55
0x5fab0a,79.3388%,25,96,121,91,14,11,5
0xa3ba0b,91.1972%,25,259,284,128,12,13,131
0x944dca,95.069%,25,482,507,480,19,6,2
0x5b9d70,79.3388%,25,96,121,52,21,4,44
0x9a9f6e,77.4775%,25,86,111,0,0,25,86
0x942602,87.3096%,25,172,197,64,12,13,108
0x8a54e6,80.1587%,25,101,126,2,13,12,99
0x659fc1,98.7329%,25,1948,1973,1924,25,0,24
0x402938,98.1884%,25,1355,1380,1065,3,22,290
0x502126,67.9487%,25,53,78,0,0,25,53
0x502160,82.3944%,25,117,142,0,4,21,117
0x50983f,98.7823%,25,2028,2053,0,0,25,2028
0xa529b3,93.3511%,25,351,376,176,12,13,175
0x9aaf06,44.4444%,25,20,45,20,25,0,0
0x4c8b10,81.203%,25,108,133,0,0,25,108
0x51014f,94.1315%,25,401,426,401,25,0,0
0x50cd8e,93.1319%,25,339,364,31,12,13,308
0xa45c00,62.6866%,25,42,67,39,25,0,3
0x8e4dcc,91.7492%,25,278,303,278,25,0,0
0xa60cf2,89.4515%,25,212,237,0,0,25,212
0x8ecda6,97.4874%,25,970,995,970,25,0,0
0xaaae4c,86.5591%,25,161,186,132,8,17,29
0xaa1355,87.1795%,25,170,195,1,23,2,169
0x9e1a27,79.1667%,25,95,120,95,25,0,0
0x8f44a6,98.9691%,25,2400,2425,701,21,4,1699
0xa43d0f,97.0484%,25,822,847,822,25,0,0
0x59e611,70.2381%,25,59,84,31,25,0,28
0xa311a1,82.2695%,25,116,141,116,25,0,0
0xa312a6,51.9231%,25,27,52,13,16,9,14
0xa46a28,73.9583%,25,71,96,66,22,3,5
0xa030e0,63.2353%,25,43,68,41,0,25,2
0xa15a0d,95.229%,25,499,524,39,15,10,460
0x4b530c,65.7534%,25,48,73,1,1,24,47
0xa944a6,70.9302%,25,61,86,22,18,7,39
0x9eb720,85.119%,25,143,168,0,0,25,143
0x8040c6,71.5909%,25,63,88,14,14,11,49
0x54381f,59.0164%,25,36,61,16,9,16,20
0x50c38b,95.9416%,25,591,616,0,0,25,591
0x8044fb,54.5455%,25,30,55,20,8,17,10
0x90435e,94.9799%,25,473,498,0,0,25,473
0x534a42,94.856%,25,461,486,461,16,9,0
0xa4fcf9,95.0593%,25,481,506,481,21,4,0
0xa54deb,78.4483%,25,91,116,67,23,2,24
0x835c6b,34.2105%,25,13,38,5,5,20,8
0xa18079,98.2699%,25,1420,1445,442,6,19,978
0x9b8fae,69.8795%,25,58,83,0,0,25,58
0x9a7bb4,91.3194%,25,263,288,0,0,25,263
0xa494f4,95.0593%,25,481,506,481,25,0,0
0x4bb6ca,88.0383%,25,184,209,0,0,25,184
0x4b64f7,83.871%,25,130,155,18,22,3,112
0x4bc548,96.4789%,25,685,710,0,0,25,685
0x4b6e8e,83.1081%,25,123,148,94,7,18,29
0x4b7830,94.4072%,25,422,447,0,2,23,422
0xa43857,84.472%,25,136,161,31,10,15,105
0x8121e0,95.4044%,25,519,544,267,14,11,252
0x96a646,65.2778%,25,47,72,0,0,25,47
0x9fe3eb,80.916%,25,106,131,0,0,25,106
0x9a23f6,56.1404%,25,32,57,8,9,16,24
0x50c966,95.2562%,25,502,527,0,0,25,502
0x9eb84e,76.8519%,25,83,108,77,5,20,6
0xace2fb,89.2704%,25,208,233,137,11,14,71
0x5be463,85.2941%,25,145,170,145,25,0,0
0x5bc147,98.2168%,25,1377,1402,1377,23,2,0
0x7f0427,83.871%,25,130,155,0,0,25,130
0xa03097,60.3175%,25,38,63,23,11,14,15
0x8c80f6,98.7648%,25,1999,2024,1999,25,0,0
0x49c12c,94.99%,25,474,499,381,23,2,93
0x915c5c,87.5%,25,175,200,175,23,2,0
0x4098e3,60.3175%,25,38,63,28,16,9,10
0xacfada,81.4815%,25,110,135,94,20,5,16
0xa573b6,39.0244%,25,16,41,15,0,25,1
0x4bf698,85.2071%,25,144,169,78,8,17,66
0xa5d04e,90.8425%,25,248,273,12,2,23,236
0x58be6e,83.2215%,25,124,149,43,21,4,81
0x6671d7,98.2092%,25,1371,1396,1371,23,2,0
0x9fbb69,91.8301%,25,281,306,0,0,25,281
0x8fdd4b,73.1183%,25,68,93,66,19,6,2
0x63adde,90.4215%,25,236,261,6,14,11,230
0xa4a63b,24.2424%,25,8,33,2,24,1,6
0x63904f,90.9747%,25,252,277,1,12,13,251
0x504060,96.8474%,25,768,793,26,4,21,742
0x507c77,94.2922%,25,413,438,0,0,25,413
0x9f254f,74.7475%,25,74,99,2,2,23,72
0x8fdfe1,97.5272%,25,986,1011,986,23,2,0
0x81d383,85.7955%,25,151,176,151,25,0,0
0x5bb40b,28.5714%,25,10,35,8,25,0,2
0xa510dd,90.1186%,25,228,253,225,14,11,3
0x505a04,96.6216%,25,715,740,73,20,5,642
0x41024d,99.5765%,25,5878,5903,0,17,8,5878
0x9aa0d4,85.9551%,25,153,178,103,21,4,50
0x8379b4,65.2778%,25,47,72,27,17,8,20
0xa2a908,77.8761%,25,88,113,88,25,0,0
0xa07a3f,60.9375%,25,39,64,19,14,11,20
0xaa7fdf,95.2741%,25,504,529,312,13,12,192
0x5ae5ed,0%,25,0,25,0,25,0,0
0xa05910,50%,25,25,50,18,18,7,7
0x48ebd6,72.2222%,25,65,90,49,17,8,16
0xa59fe0,68.75%,25,55,80,54,19,6,1
0x9a94ad,37.5%,25,15,40,15,25,0,0
0x81c148,73.9583%,25,71,96,71,25,0,0
0x90223a,98.5268%,25,1672,1697,0,2,23,1672
0x48c5cf,82.6389%,25,119,144,119,24,1,0
0x596933,86.1878%,25,156,181,0,0,25,156
0x4ba0ec,90.4215%,25,236,261,222,9,16,14
0x907558,44.4444%,25,20,45,10,0,25,10
0x5af3a1,59.6774%,25,37,62,37,25,0,0
0x47f31a,96.7658%,25,748,773,730,8,17,18
0xa26100,93.9173%,25,386,411,386,24,1,0
0xa26226,93.8119%,25,379,404,88,20,5,291
0xa262e9,97.5321%,25,988,1013,379,25,0,609
0x9aae79,45.6522%,25,21,46,21,24,1,0
0x58b914,77.2727%,25,85,110,3,7,18,82
0x49367e,80.4688%,25,103,128,103,25,0,0
0x77ff3d,84.6626%,25,138,163,3,6,19,135
0x5bd706,92.0635%,25,290,315,154,16,9,136
0x99e90b,76.1905%,25,80,105,42,8,17,38
0x58dcb1,82.5175%,25,118,143,75,0,25,43
0x99c968,97.0203%,25,814,839,61,24,1,753
0x537c24,43.1818%,25,19,44,19,25,0,0
0x901f6d,99.4672%,25,4667,4692,4667,25,0,0
0x4bed3b,84.7561%,25,139,164,133,23,2,6
0x53b371,90.0398%,25,226,251,226,23,2,0
0x9f0a4d,82.1429%,25,115,140,87,21,4,28
0xa588db,82.8767%,25,121,146,25,17,8,96
0xa58e35,82.8767%,25,121,146,0,0,25,121
0x8150cb,92.4699%,25,307,332,307,15,10,0
0xa938d6,85.2071%,25,144,169,0,0,25,144
0x9fe2dd,82.6389%,25,119,144,113,21,4,6
0x810205,96.8672%,25,773,798,0,0,25,773
0x9f4184,24.2424%,25,8,33,0,0,25,8
0x8e50a1,98.3787%,25,1517,1542,0,0,25,1517
0x9f29f0,85.5491%,25,148,173,62,7,18,86
0xa91790,21.875%,25,7,32,7,25,0,0
0xaa14c1,53.7037%,25,29,54,23,5,20,6
0x80d8c4,92.515%,25,309,334,109,5,20,200
0x80e9bc,95.438%,25,523,548,508,12,13,15
0x502d31,86.8421%,25,165,190,0,0,25,165
0x49487e,81.7518%,25,112,137,0,0,25,112
0x5f7b45,85.0299%,25,142,167,17,15,10,125
0xa9b7eb,71.5909%,25,63,88,32,16,9,31
0x80fa37,83.1081%,25,123,148,0,18,7,123
0x9f5149,92.8367%,25,324,349,0,4,21,324
0x40a91d,71.9101%,25,64,89,27,20,5,37
0x5f10c7,91.8301%,25,281,306,258,12,13,23
0xa4200a,93.617%,24,352,376,0,0,24,352
0x9e76a1,92%,24,276,300,256,17,7,20
0x482c47,36.8421%,24,14,38,14,24,0,0
0x8f2827,97.4522%,24,918,942,0,0,24,918
0x83757a,27.2727%,24,9,33,0,0,24,9
0x837604,72.093%,24,62,86,21,12,12,41
0x483337,17.2414%,24,5,29,5,24,0,0
0x5fc235,80%,24,96,120,95,23,1,1
0x99f282,75%,24,72,96,72,22,2,0
0x643a3f,29.4118%,24,10,34,0,0,24,10
0x40aa26,55.5556%,24,30,54,9,17,7,21
0x5fc069,59.322%,24,35,59,35,22,2,0
0x4a73f1,38.4615%,24,15,39,15,24,0,0
0x81006c,94.4444%,24,408,432,408,24,0,0
0x8aebe9,88.4058%,24,183,207,2,7,17,181
0x90aca2,88.3495%,24,182,206,182,24,0,0
0x9e60ac,89.916%,24,214,238,0,0,24,214
0x9e5912,20%,24,6,30,6,24,0,0
0xa25ba7,97.6308%,24,989,1013,989,24,0,0
0x533cdc,60%,24,36,60,0,0,24,36
0x555fac,90.2041%,24,221,245,221,21,3,0
0x9a9d7f,80.6452%,24,100,124,0,0,24,100
0x53a47a,42.8571%,24,18,42,8,21,3,10
0x8f29d9,91.8089%,24,269,293,0,8,16,269
0xa587fe,79.3103%,24,92,116,72,24,0,20
0x59109d,90.2834%,24,223,247,223,24,0,0
0x819851,97.2125%,24,837,861,0,0,24,837
0x64f487,75.7576%,24,75,99,2,8,16,73
0x808b07,97.8947%,24,1116,1140,1116,22,2,0
0x80bcec,80.1653%,24,97,121,30,16,8,67
0x9edf3d,80.4878%,24,99,123,99,24,0,0
0x59c0b9,88.785%,24,190,214,190,24,0,0
0x983a8b,62.5%,24,40,64,27,8,16,13
0xa51737,68.8312%,24,53,77,0,0,24,53
0xa30e43,78.5714%,24,88,112,88,24,0,0
0x99c5fe,84.106%,24,127,151,127,24,0,0
0x5576b5,99.4926%,24,4706,4730,0,0,24,4706
0x816b55,98.8971%,24,2152,2176,1319,15,9,833
0x50d74c,58.6207%,24,34,58,34,24,0,0
0x9a1eb4,88.1773%,24,179,203,0,0,24,179
0x9e3eaa,84.4156%,24,130,154,0,7,17,130
0x8e50fe,98.786%,24,1953,1977,0,0,24,1953
0x8eac1b,98.0408%,24,1201,1225,1201,24,0,0
0x5b9bfa,72.4138%,24,63,87,6,8,16,57
0x9f19cb,93.7337%,24,359,383,0,0,24,359
0x983f8b,82.6087%,24,114,138,53,21,3,61
0x5128f8,93.1232%,24,325,349,300,24,0,25
0x983ede,82.6087%,24,114,138,98,24,0,16
0x609653,71.0843%,24,59,83,0,0,24,59
0x98cbb7,89.8305%,24,212,236,192,5,19,20
0x9f44b2,84.9057%,24,135,159,0,0,24,135
0x9be3d6,50%,24,24,48,9,5,19,15
0x8b9fe6,40%,24,16,40,16,24,0,0
0x981454,71.7647%,24,61,85,0,8,16,61
0x837983,76.9231%,24,80,104,79,17,7,1
0xa9471e,11.1111%,24,3,27,3,24,0,0
0xa0744a,51.0204%,24,25,49,13,22,2,12
0x8a8807,95.2096%,24,477,501,472,15,9,5
0x9f57ca,70%,24,56,80,32,12,12,24
0xa50001,70.3704%,24,57,81,4,10,14,53
0x9ebcb7,61.9048%,24,39,63,0,7,17,39
0x7810b2,86.6667%,24,156,180,27,5,19,129
0x609f88,99.1892%,24,2936,2960,0,0,24,2936
0x40ecb4,91.3043%,24,252,276,252,24,0,0
0x51b489,90.7692%,24,236,260,0,0,24,236
0x8e3dac,84.9057%,24,135,159,0,0,24,135
0x837d69,78.7611%,24,89,113,1,19,5,88
0x7d3728,97%,24,776,800,670,24,0,106
0x60ec50,67.5676%,24,50,74,22,14,10,28
0x490386,69.6203%,24,55,79,0,0,24,55
0x9c3f3f,72.093%,24,62,86,6,9,15,56
0x9a9416,60%,24,36,60,2,18,6,34
0xa55f08,45.4545%,24,20,44,11,16,8,9
0xa94698,47.8261%,24,22,46,22,24,0,0
0x8dacd0,87.9397%,24,175,199,150,5,19,25
0x5b34ce,46.6667%,24,21,45,18,22,2,3
0x977af9,97.2789%,24,858,882,857,18,6,1
0x8a9278,98.6652%,24,1774,1798,321,7,17,1453
0x94f0a5,91.1439%,24,247,271,246,24,0,1
0x5bbcb9,98.9664%,24,2298,2322,2298,24,0,0
0x53ed28,96.9072%,24,752,776,752,20,4,0
0x8ed171,98.0408%,24,1201,1225,1201,24,0,0
0x403e9b,99.2308%,24,3096,3120,624,19,5,2472
0xa58f0e,79.8319%,24,95,119,0,0,24,95
0x60df9f,75.5102%,24,74,98,73,6,18,1
0x9013ca,75%,24,72,96,72,24,0,0
0x4b569d,76.4706%,24,78,102,0,0,24,78
0x4894b0,96.2733%,24,620,644,620,24,0,0
0x511ec9,98.5849%,24,1672,1696,1672,24,0,0
0x666fa5,79.8319%,24,95,119,89,7,17,6
0xa45ce1,81.25%,24,104,128,40,24,0,64
0x5ff137,38.4615%,24,15,39,15,24,0,0
0x811c3e,90.7692%,24,236,260,236,24,0,0
0x9f4aaa,93.1232%,24,325,349,325,24,0,0
0x51b3c3,99.1154%,24,2689,2713,0,0,24,2689
0x40e844,88.0597%,24,177,201,172,19,5,5
0x498fe9,94.508%,24,413,437,413,24,0,0
0x5ee226,86.4407%,24,153,177,139,8,16,14
0x48e815,85.3659%,24,140,164,140,24,0,0
0x40e17e,96.1415%,24,598,622,597,21,3,1
0x808122,75%,24,72,96,67,9,15,5
0x4041ab,96.8085%,24,728,752,0,0,24,728
0x546338,94.5824%,24,419,443,419,24,0,0
0x4b6b4c,60.6557%,24,37,61,32,0,24,5
0x9005ae,86.0465%,24,148,172,0,0,24,148
0xa94749,17.2414%,24,5,29,0,0,24,5
0x977c2f,83.2168%,24,119,143,119,24,0,0
0x81f86d,48.9362%,24,23,47,11,14,10,12
0x9d0f32,91.0781%,24,245,269,0,0,24,245
0x60e502,95.4373%,24,502,526,67,14,10,435
0xa469c4,89.3805%,24,202,226,202,23,1,0
0x818c04,97.0979%,24,803,827,0,0,24,803
0x5571b4,71.0843%,24,59,83,36,24,0,23
0x911cf9,96.2323%,24,613,637,613,24,0,0
0x96c151,90.2834%,24,223,247,223,24,0,0
0x816f37,97.1698%,24,824,848,820,23,1,4
0xa5864a,87.1658%,24,163,187,149,22,2,14
0x49b1e7,97.5104%,24,940,964,44,7,17,896
0x806427,54.717%,24,29,53,7,22,2,22
0x5eb8c0,97.1897%,24,830,854,0,0,24,830
0xa35c7f,99.2631%,24,3233,3257,3233,24,0,0
0x538914,60%,24,36,60,36,24,0,0
0x4a7b00,93.1818%,24,328,352,15,6,18,313
0x8adc72,90.0826%,24,218,242,218,24,0,0
0x9e6143,66.6667%,24,48,72,39,21,3,9
0x402bc1,98.6464%,24,1749,1773,0,0,24,1749
0xaa4607,75.7576%,24,75,99,0,0,24,75
0x790fa5,46.6667%,24,21,45,0,0,24,21
0xb2e803,99.6991%,24,7952,7976,0,0,24,7952
0xb2e855,65.7143%,24,46,70,10,9,15,36
0x81bdac,89.3805%,24,202,226,0,2,22,202
0x5ffc82,81.25%,24,104,128,34,2,22,70
0x48b306,93.4066%,24,340,364,25,18,6,315
0xa32710,17.2414%,24,5,29,4,24,0,1
0xa15c54,93.7008%,24,357,381,357,18,6,0
0x9441e3,97.4737%,24,926,950,0,0,24,926
0xa01b18,64.7059%,24,44,68,0,0,24,44
0x7efe05,83.8926%,24,125,149,125,24,0,0
0x5fadaa,50%,24,24,48,15,0,24,9
0x9c3fea,94.8498%,24,442,466,442,24,0,0
0x502d4d,87.3684%,24,166,190,0,0,24,166
0xa399da,91.2088%,24,249,273,0,0,24,249
0x50bfea,63.6364%,24,42,66,39,15,9,3
0xaa2368,46.6667%,24,21,45,0,0,24,21
0x5f6cef,55.5556%,24,30,54,15,11,13,15
0x8e4b32,99.3455%,24,3643,3667,3472,17,7,171
0x8bcca2,54.717%,24,29,53,12,11,13,17
0x833fa5,65.7143%,24,46,70,0,0,24,46
0x591aea,85.9649%,24,147,171,9,10,14,138
0xaa057c,77.3585%,24,82,106,72,9,15,10
0x5bd4a3,99.6952%,24,7849,7873,0,0,24,7849
0x951a91,84.2105%,24,128,152,102,14,10,26
0x97432c,95.1904%,24,475,499,6,7,17,469
0x6964ea,97.7273%,24,1032,1056,0,0,24,1032
0x9fbbce,92.1569%,24,282,306,282,24,0,0
0x78d81c,96.9349%,24,759,783,93,13,11,666
0x541243,87.1658%,24,163,187,163,24,0,0
0x60dd84,95.4373%,24,502,526,502,24,0,0
0x557a8a,63.0769%,24,41,65,41,24,0,0
0x9ab9dc,89.6104%,24,207,231,0,0,24,207
0x5fae78,27.2727%,24,9,33,0,0,24,9
0x53c69c,96.7611%,24,717,741,717,24,0,0
0x60b9ef,63.0769%,24,41,65,34,13,11,7
0x97460f,70.7317%,24,58,82,0,0,24,58
0x9aa321,35.1351%,24,13,37,13,24,0,0
0x5020d2,83.7838%,24,124,148,0,0,24,124
0x8222a2,91.2088%,24,249,273,249,24,0,0
0x542820,99.7297%,24,8854,8878,46,15,9,8808
0x638ff2,91.3357%,24,253,277,242,17,7,11
0xa074c0,47.8261%,24,22,46,0,0,24,22
0x51023f,89.8305%,24,212,236,0,0,24,212
0xb32730,99.6274%,24,6418,6442,6418,24,0,0
0x53de2e,95.4373%,24,502,526,0,0,24,502
0x97847b,94.7712%,24,435,459,435,24,0,0
0x8ff1c3,86.3636%,24,152,176,1,5,19,151
0x9c4250,92.7711%,24,308,332,308,24,0,0
0x5cf4d2,38.4615%,24,15,39,0,0,24,15
0x5488ff,57.1429%,24,32,56,25,15,9,7
0x8e3832,93.4426%,24,342,366,189,18,6,153
0x53b00b,57.8947%,24,33,57,18,23,1,15
0x8eebb4,94.132%,24,385,409,385,24,0,0
0x4936cb,81.25%,24,104,128,0,0,24,104
0x9f64a2,86.5922%,24,155,179,0,0,24,155
0xa02926,91.2088%,24,249,273,249,24,0,0
0x991464,81.8182%,24,108,132,0,12,12,108
0xa58a6f,82.6087%,24,114,138,0,0,24,114
0x51b86c,97.5%,24,936,960,936,24,0,0
0xa5ec63,96.5861%,24,679,703,0,5,19,679
0x81e72f,82.7338%,24,115,139,0,0,24,115
0xa2d6a6,87.8788%,24,174,198,0,4,20,174
0x808a8a,38.4615%,24,15,39,9,21,3,6
0xa1808a,97.5928%,24,973,997,129,9,15,844
0x9ed3ec,78.3784%,24,87,111,87,24,0,0
0x409b69,69.2308%,24,54,78,45,11,13,9
0x51229a,98.84%,24,2045,2069,2045,24,0,0
0x8f7684,84.7134%,24,133,157,129,24,0,4
0x491952,66.6667%,24,48,72,0,0,24,48
0xa061a3,52%,24,26,50,7,14,10,19
0xa45aba,89.3333%,24,201,225,199,7,17,2
0x803fa2,90.5138%,24,229,253,228,8,16,1
0x667152,87.5648%,24,169,193,16,5,19,153
0x9e2461,88.9401%,24,193,217,193,24,0,0
0x557729,95.3488%,24,492,516,0,0,24,492
0xad7fc2,97.4138%,24,904,928,0,0,24,904
0x51b722,98.1132%,24,1248,1272,1247,6,18,1
0x53b0e0,99.5348%,24,5135,5159,0,0,24,5135
0x5078c2,96.7568%,24,716,740,0,0,24,716
0x5baa24,98.748%,24,1893,1917,0,3,21,1893
0x58d9db,62.5%,24,40,64,40,24,0,0
0x55760d,11.1111%,24,3,27,1,24,0,2
0x97a420,53.8462%,24,28,52,13,21,3,15
0x63f410,88%,24,176,200,176,22,2,0
0x9ec2a9,52%,24,26,50,13,20,4,13
0x9ab735,73.0337%,24,65,89,0,0,24,65
0x9f598c,89.7872%,24,211,235,0,0,24,211
0xa941ed,81.3953%,24,105,129,65,24,0,40
0x50d8ca,65.7143%,24,46,70,35,22,2,11
0x4a9767,60%,24,36,60,36,24,0,0
0x555de3,94.2857%,24,396,420,386,14,10,10
0x4a7b3a,92.7492%,24,307,331,0,0,24,307
0x506fcb,96.7568%,24,716,740,0,0,24,716
0xa360db,92.0266%,24,277,301,170,14,10,107
0x506fc3,96.7568%,24,716,740,0,0,24,716
0xaa1223,55.5556%,24,30,54,8,8,16,22
0x4b64b7,84.5161%,24,131,155,0,0,24,131
0xa94a58,89.2857%,24,200,224,2,14,10,198
0x8fe185,72.093%,24,62,86,62,24,0,0
0x8d2837,99.1856%,24,2923,2947,0,17,7,2923
0x9ab86f,83.3333%,24,120,144,5,15,9,115
0x4ba593,91.8367%,24,270,294,269,21,3,1
0xa904de,71.7647%,24,61,85,10,18,6,51
0x508084,93.8776%,24,368,392,0,0,24,368
0x81e0c8,90.4%,24,226,250,15,20,4,211
0xa5313c,87.3684%,24,166,190,0,0,24,166
0x54f999,64.7059%,24,44,68,13,12,12,31
0x80b7ef,31.4286%,24,11,35,10,24,0,1
0xa91ade,93.3884%,24,339,363,0,0,24,339
0xa2628d,94.0594%,24,380,404,380,24,0,0
0x96b12d,73.3333%,24,66,90,66,24,0,0
0x8ea05d,93.985%,24,375,399,271,15,9,104
0x60a8f0,96.962%,24,766,790,0,0,24,766
0x8ad913,57.8947%,24,33,57,0,2,22,33
0x548203,99.6486%,24,6805,6829,6805,24,0,0
0xb46759,85.6287%,24,143,167,0,0,24,143
0x404450,98.1791%,24,1294,1318,1266,12,12,28
0x8da1da,89.1403%,24,197,221,121,7,17,76
0x43b1a6,55.5556%,24,30,54,30,24,0,0
0x4c4339,98.8445%,24,2053,2077,39,15,9,2014
0x551da2,86.7403%,24,157,181,157,15,9,0
0xa5853f,86.7403%,24,157,181,1,14,10,156
0x835d96,54.717%,24,29,53,0,0,24,29
0x50e39c,75.2577%,24,73,97,0,0,24,73
0x9a9cfb,93.7337%,24,359,383,359,24,0,0
0x4c173c,87.8788%,24,174,198,159,19,5,15
0x8e177a,99.7858%,24,11181,11205,0,0,24,11181
0x5fe7cb,77.1429%,24,81,105,81,24,0,0
0x546a01,66.6667%,24,48,72,46,22,2,2
0x40d1c8,73.3333%,24,66,90,62,15,9,4
0xa4378f,94.3396%,24,400,424,0,0,24,400
0x783cd1,84.6154%,24,132,156,132,24,0,0
0x63c02d,97.5026%,24,937,961,937,24,0,0
0x9f445c,75.7576%,24,75,99,61,16,8,14
0x8149d1,98.0424%,24,1202,1226,888,8,16,314
0x49e012,54.717%,24,29,53,5,15,9,24
0x7816ed,87.6289%,24,170,194,6,3,21,164
0x817d35,90.4%,24,226,250,224,18,6,2
0x4bb723,88.5167%,24,185,209,185,19,5,0
0x5fea67,68.8312%,24,53,77,42,11,13,11
0x8f44d1,81.9549%,24,109,133,19,14,10,90
0x8dfe02,96.9152%,24,754,778,124,6,18,630
0x404697,89.2857%,24,200,224,51,15,9,149
0x9f176d,73.3333%,24,66,90,29,21,3,37
0x556d38,90.2834%,24,223,247,125,17,7,98
0x8dfe1c,93.0636%,24,322,346,173,13,11,149
0x7c72df,87.3684%,24,166,190,31,5,19,135
0x5bd9b1,99.3863%,24,3887,3911,3887,21,3,0
0xa58d1e,83.5616%,24,122,146,43,7,17,79
0x5c361e,96.6574%,24,694,718,694,24,0,0
0x983b46,73.913%,24,68,92,14,2,22,54
0x5c4c57,98.6878%,24,1805,1829,4,12,12,1801
0x9e712d,55.5556%,24,30,54,21,17,7,9
0x8e494f,96.25%,24,616,640,616,24,0,0
0xa26231,91.8919%,24,272,296,205,10,14,67
0x50d01a,87.234%,24,164,188,60,8,16,104
0x4bb840,88.2353%,24,180,204,180,24,0,0
0x4bb863,88.2353%,24,180,204,0,0,24,180
0x98fa08,90.6615%,24,233,257,0,0,24,233
0x4bb9e3,61.2903%,24,38,62,28,13,11,10
0x9ab826,89.5652%,24,206,230,0,0,24,206
0x8e02b6,97.5635%,24,961,985,398,17,7,563
0x5509ff,52.9412%,24,27,51,12,5,19,15
0x49bff5,95.1904%,24,475,499,475,24,0,0
0x6095af,90.4762%,24,228,252,0,0,24,228
0x58fda1,99.6695%,24,7238,7262,7238,24,0,0
0x4bb47d,53.8462%,24,28,52,0,0,24,28
0xa52cef,93.3884%,24,339,363,339,24,0,0
0x591389,89.2377%,24,199,223,199,24,0,0
0x494c0b,44.186%,24,19,43,4,11,13,15
0x978415,96.9231%,24,756,780,0,0,24,756
0x9776e8,98.2558%,24,1352,1376,491,3,21,861
0xa45b70,82.9787%,24,117,141,98,11,13,19
0x5049bf,62.5%,24,40,64,4,19,5,36
0x9e2602,97.479%,24,928,952,0,0,24,928
0x5f134e,62.5%,24,40,64,11,13,11,29
0x5f1328,62.5%,24,40,64,40,24,0,0
0x4b56b4,76.4706%,24,78,102,0,0,24,78
0x6964fb,97.7273%,24,1032,1056,395,2,22,637
0x9111c0,68.4211%,24,52,76,0,0,24,52
0x991374,77.7778%,24,84,108,13,17,7,71
0xa36d66,42.8571%,24,18,42,18,24,0,0
0x49eeb2,65.7143%,24,46,70,1,13,11,45
0x59bf85,54.717%,24,29,53,0,0,24,29
0xa52fc9,87.5%,24,168,192,0,0,24,168
0x94de06,93.4066%,24,340,364,7,0,24,333
0x9eb42d,34.2857%,23,12,35,0,0,23,12
0xa45455,93.314%,23,321,344,3,15,8,318
0xa0294a,91.5751%,23,250,273,0,0,23,250
0x60a6bb,54%,23,27,50,0,0,23,27
0x5f0c84,80.5085%,23,95,118,69,15,8,26
0x9a7be4,95.8855%,23,536,559,0,0,23,536
0x63f37e,98.3321%,23,1356,1379,0,0,23,1356
0x5bd814,93.0514%,23,308,331,0,0,23,308
0x4bb784,73.2558%,23,63,86,0,0,23,63
0x4fdab0,92.79%,23,296,319,1,3,20,295
0x680501,99.4973%,23,4552,4575,0,0,23,4552
0x48864d,78.3019%,23,83,106,83,23,0,0
0x9ebb0e,91.0853%,23,235,258,29,23,0,206
0x9aafb6,95.8029%,23,525,548,1,4,19,524
0x8f3642,94.1327%,23,369,392,369,23,0,0
0x5c4fcc,84.0278%,23,121,144,0,0,23,121
0x4fda98,92.79%,23,296,319,0,0,23,296
0x8e20b8,99.3201%,23,3360,3383,3176,16,7,184
0x502138,50%,23,23,46,13,5,18,10
0x821055,58.1818%,23,32,55,21,9,14,11
0x98ce58,98.7648%,23,1839,1862,0,0,23,1839
0x504563,96.8919%,23,717,740,0,0,23,717
0x63edf5,98.7614%,23,1834,1857,0,0,23,1834
0x9c434d,83.5714%,23,117,140,117,21,2,0
0x81a4da,97.2189%,23,804,827,0,0,23,804
0x9e728c,90.8%,23,227,250,0,0,23,227
0xa916e3,88.4422%,23,176,199,0,4,19,176
0xa466c7,84.3537%,23,124,147,112,19,4,12
0x8dfecd,93.8172%,23,349,372,113,17,6,236
0xa22d87,64.6154%,23,42,65,0,3,20,42
0xa94a7c,69.7368%,23,53,76,0,0,23,53
0x9e249e,96.1794%,23,579,602,0,0,23,579
0x510533,98.1571%,23,1225,1248,0,0,23,1225
0xa34b0a,83.5714%,23,117,140,41,3,20,76
0x81b69d,88.7255%,23,181,204,181,21,2,0
0x99e8e4,78.0952%,23,82,105,0,0,23,82
0x8f76ae,84.9673%,23,130,153,86,22,1,44
0x49c717,95.0324%,23,440,463,0,6,17,440
0x49cade,96.6715%,23,668,691,0,0,23,668
0x40e582,98.6219%,23,1646,1669,1646,23,0,0
0x94da4c,96.0818%,23,564,587,564,23,0,0
0x538dde,82.1705%,23,106,129,106,23,0,0
0x901fd5,99.5098%,23,4669,4692,0,0,23,4669
0x9e000f,97.8585%,23,1051,1074,0,0,23,1051
0x6097be,72.2892%,23,60,83,31,9,14,29
0x540a07,96.9003%,23,719,742,719,23,0,0
0x4ab4aa,83.9161%,23,120,143,97,15,8,23
0xa05221,62.9032%,23,39,62,7,10,13,32
0xa272a4,95.534%,23,492,515,0,0,23,492
0x58ebbe,99.3559%,23,3548,3571,3548,23,0,0
0x5cb9f6,85.1613%,23,132,155,132,23,0,0
0xa944b5,50%,23,23,46,3,14,9,20
0x4bb21d,74.1573%,23,66,89,36,19,4,30
0x50adc5,78.8991%,23,86,109,86,23,0,0
0x499a42,84.9673%,23,130,153,104,20,3,26
0x540b51,93.6986%,23,342,365,12,3,20,330
0x4bee19,60.3448%,23,35,58,0,0,23,35
0x649b49,78.3019%,23,83,106,83,21,2,0
0x972fef,50%,23,23,46,23,23,0,0
0xab289b,99.7384%,23,8770,8793,8770,23,0,0
0x4057f1,99.0715%,23,2454,2477,2454,23,0,0
0x58d81e,88.9952%,23,186,209,119,20,3,67
0x49cb13,94.1327%,23,369,392,0,0,23,369
0x64a4da,78.3019%,23,83,106,69,5,18,14
0xa27653,98.8824%,23,2035,2058,2035,23,0,0
0x5454b5,54.902%,23,28,51,0,2,21,28
0x4b5cbd,43.9024%,23,18,41,7,6,17,11
0x50c6ec,97.7473%,23,998,1021,998,23,0,0
0x9a9684,62.9032%,23,39,62,18,13,10,21
0x8eb6ef,99.1927%,23,2826,2849,2826,23,0,0
0x4ace68,62.9032%,23,39,62,0,0,23,39
0x8e69a1,92.8125%,23,297,320,154,6,17,143
0x99e93e,58.1818%,23,32,55,0,0,23,32
0x8fd3e5,96.4062%,23,617,640,15,20,3,602
0x813859,62.2951%,23,38,61,37,22,1,1
0xa63b2d,83.6879%,23,118,141,2,14,9,116
0xa50cd0,74.4444%,23,67,90,1,1,22,66
0x9e2f69,91.2548%,23,240,263,240,23,0,0
0x811c26,97.0091%,23,746,769,29,8,15,717
0x81f331,98.8071%,23,1905,1928,0,0,23,1905
0x9e2fd6,91.2548%,23,240,263,0,0,23,240
0x5e5ebe,98.4758%,23,1486,1509,486,20,3,1000
0x78d5be,97.3563%,23,847,870,0,18,5,847
0xa57b6c,77%,23,77,100,24,18,5,53
0x58be40,69.7368%,23,53,76,0,0,23,53
0xa500d2,71.6049%,23,58,81,58,23,0,0
0xa02d29,65.6716%,23,44,67,26,9,14,18
0x5afdd9,8%,23,2,25,2,23,0,0
0x8c82a9,97.4444%,23,877,900,333,9,14,544
0xa02c78,77.8846%,23,81,104,56,16,7,25
0x48ab59,99.7281%,23,8435,8458,8435,23,0,0
0x4be9c1,89.0476%,23,187,210,49,21,2,138
0x8e385f,88.8889%,23,184,207,142,17,6,42
0x64c599,95.7952%,23,524,547,524,23,0,0
0x4a5bb5,58.1818%,23,32,55,0,0,23,32
0x8e0eec,92.8349%,23,298,321,298,23,0,0
0xa46bfe,89.4009%,23,194,217,194,23,0,0
0x81477a,97.5584%,23,919,942,407,22,1,512
0x40203b,97.1744%,23,791,814,585,7,16,206
0x4b5fd5,79.0909%,23,87,110,78,11,12,9
0x49b22b,99.4677%,23,4298,4321,898,15,8,3400
0x48b9fc,98.8557%,23,1987,2010,0,0,23,1987
0x40cf15,73.2558%,23,63,86,63,23,0,0
0x9ff5d3,42.5%,23,17,40,10,6,17,7
0x4997ec,46.5116%,23,20,43,20,23,0,0
0x97812d,82.7068%,23,110,133,0,0,23,110
0xa328f7,77.2277%,23,78,101,78,23,0,0
0x9a805b,25.8065%,23,8,31,8,23,0,0
0x49ee1e,99.3189%,23,3354,3377,0,0,23,3354
0xa49fa0,84.1379%,23,122,145,122,23,0,0
0x55057d,93.3526%,23,323,346,323,23,0,0
0xa589f0,42.5%,23,17,40,0,0,23,17
0x9a2362,79.2793%,23,88,111,7,23,0,81
0x5b9cba,64.0625%,23,41,64,35,3,20,6
0x90ed76,98.7614%,23,1834,1857,1834,23,0,0
0x81f0f7,98.8071%,23,1905,1928,1905,23,0,0
0x5df377,30.303%,23,10,33,10,23,0,0
0x908764,99.2022%,23,2860,2883,1900,22,1,960
0x9f7445,65.1515%,23,43,66,43,23,0,0
0x53d8e0,98.6203%,23,1644,1667,1644,23,0,0
0x8188e0,97.2189%,23,804,827,804,23,0,0
0x9e3ee9,93.2353%,23,317,340,284,19,4,33
0x5040f2,81.4516%,23,101,124,56,6,17,45
0xa5f823,92.8125%,23,297,320,297,23,0,0
0x606a5a,89.7778%,23,202,225,0,0,23,202
0x7d40fa,48.8889%,23,22,45,14,15,8,8
0x8f5a75,99.34%,23,3462,3485,3462,23,0,0
0xaa640c,74.4444%,23,67,90,0,0,23,67
0x96c1cb,84.1379%,23,122,145,0,0,23,122
0x5c6b29,99.357%,23,3554,3577,0,0,23,3554
0x8fe5b2,94.4844%,23,394,417,394,23,0,0
0xa90469,79.8246%,23,91,114,91,23,0,0
0x4ba0b9,94.6262%,23,405,428,76,12,11,329
0xa9257a,88.8889%,23,184,207,0,18,5,184
0x806099,98.2861%,23,1319,1342,1319,19,4,0
0x814040,96.9577%,23,733,756,484,20,3,249
0x780225,85.2564%,23,133,156,133,23,0,0
0x5575cc,58.1818%,23,32,55,32,23,0,0
0xa52a2a,75.7895%,23,72,95,0,0,23,72
0x5910ca,87.5676%,23,162,185,161,23,0,1
0xa4bb34,91.0506%,23,234,257,0,4,19,234
0xa5ce4c,81.746%,23,103,126,0,0,23,103
0x4a1bbe,99.1201%,23,2591,2614,0,0,23,2591
0x98bc17,94.5882%,23,402,425,0,0,23,402
0xa516f5,42.5%,23,17,40,17,23,0,0
0x4ba9d1,93.8338%,23,350,373,56,23,0,294
0x723555,98.4094%,23,1423,1446,0,0,23,1423
0xa511ec,58.9286%,23,33,56,26,17,6,7
0x9cfc26,79.2793%,23,88,111,32,4,19,56
0x972c85,83.5714%,23,117,140,104,8,15,13
0x533d9d,61.6667%,23,37,60,36,22,1,1
0x4bf693,88.3838%,23,175,198,24,5,18,151
0x5f5299,99.2464%,23,3029,3052,3029,23,0,0
0x5ec2b2,57.4074%,23,31,54,0,0,23,31
0x65ba53,99.4974%,23,4553,4576,4553,23,0,0
0xa437ff,93.6813%,23,341,364,0,0,23,341
0x5fbd56,43.9024%,23,18,41,18,23,0,0
0x96c1d5,84.1379%,23,122,145,4,19,4,118
0xa55ed4,51.0638%,23,24,47,20,2,21,4
0x542e76,84.9673%,23,130,153,0,0,23,130
0x4beebc,60.3448%,23,35,58,15,10,13,20
0x538d1f,82.5758%,23,109,132,92,14,9,17
0x5ea981,95.0538%,23,442,465,7,14,9,435
0x6492d4,78.3019%,23,83,106,0,0,23,83
0x5fc74d,52.0833%,23,25,48,4,10,13,21
0xb7db24,97.7114%,23,982,1005,982,23,0,0
0x8dd889,96.2233%,23,586,609,408,1,22,178
0x90e7b5,96.1857%,23,580,603,0,0,23,580
0x60dccc,86.7816%,23,151,174,4,19,4,147
0x81ec86,89.3023%,23,192,215,2,8,15,190
0xa34464,55.7692%,23,29,52,26,23,0,3
0xa54e88,62.2951%,23,38,61,38,23,0,0
0xa53df6,85.9756%,23,141,164,0,0,23,141
0x8f38fb,97.1357%,23,780,803,780,23,0,0
0xa4d41d,82.8358%,23,111,134,51,16,7,60
0x8f56cb,99.3731%,23,3646,3669,3485,20,3,161
0x8f392e,97.1357%,23,780,803,780,23,0,0
0xa30233,88.2051%,23,172,195,0,0,23,172
0x544451,77%,23,77,100,0,8,15,77
0x51b44a,99.4949%,23,4531,4554,0,9,14,4531
0x534604,99.4681%,23,4301,4324,1,8,15,4300
0x8aa7fe,98.0241%,23,1141,1164,0,0,23,1141
0xa54f54,54.902%,23,28,51,21,5,18,7
0xa284ff,91.4498%,23,246,269,8,8,15,238
0xa3634c,92.2559%,23,274,297,264,21,2,10
0xb0cee3,99.2366%,23,2990,3013,0,0,23,2990
0x58be69,69.7368%,23,53,76,0,0,23,53
0x90edcb,98.7614%,23,1834,1857,1194,13,10,640
0x8f6a2c,93.6639%,23,340,363,340,23,0,0
0xa51097,91.0506%,23,234,257,0,4,19,234
0xa5c3b7,84.5638%,23,126,149,43,7,16,83
0x8b974a,99.8875%,23,20417,20440,0,0,23,20417
0xa60a37,92.4342%,23,281,304,281,23,0,0
0x8ecb12,98.1407%,23,1214,1237,0,0,23,1214
0x81bc4b,88.7255%,23,181,204,178,7,16,3
0x550171,83.0882%,23,113,136,113,23,0,0
0x53b214,78.3019%,23,83,106,43,14,9,40
0xa325e8,88.835%,23,183,206,183,19,4,0
0x5356ff,62.2951%,23,38,61,0,0,23,38
0x597101,94.7126%,23,412,435,0,0,23,412
0xa4434f,53.0612%,23,26,49,26,23,0,0
0xa90441,94.3902%,23,387,410,288,8,15,99
0x8d32fa,54.902%,23,28,51,7,20,3,21
0x80418f,61.6667%,23,37,60,33,22,1,4
0x8d41f3,57.4074%,23,31,54,30,23,0,1
0xa410ed,34.2857%,23,12,35,4,4,19,8
0x5e379c,98.4758%,23,1486,1509,0,0,23,1486
0x80a825,97.2652%,23,818,841,0,0,23,818
0x48c28d,76.5306%,23,75,98,75,23,0,0
0x901f62,99.5098%,23,4669,4692,0,0,23,4669
0x8f5d7f,96.3434%,23,606,629,606,23,0,0
0x540c2c,93.4286%,23,327,350,55,2,21,272
0x8ecb87,66.1765%,23,45,68,45,23,0,0
0x80630a,77.2277%,23,78,101,75,20,3,3
0x9aaf40,81.4516%,23,101,124,101,23,0,0
0x640d62,88.5%,23,177,200,177,23,0,0
0x803776,94.1624%,23,371,394,371,23,0,0
0x8f3fb8,90.4167%,23,217,240,163,16,7,54
0x4a8417,75%,23,69,92,65,21,2,4
0x80ec6a,93.75%,23,345,368,345,23,0,0
0x8bc8e9,99.8651%,23,17021,17044,17018,3,20,3
0xa46bad,76.0417%,23,73,96,0,0,23,73
0xa2a8ae,66.1765%,23,45,68,0,0,23,45
0x7ce160,98.7958%,23,1887,1910,1887,23,0,0
0x50716f,96.8919%,23,717,740,0,0,23,717
0x5100b7,98.4605%,23,1471,1494,0,0,23,1471
0xa44124,73.2558%,23,63,86,0,0,23,63
0x534b68,83.2117%,23,114,137,31,13,10,83
0x40d256,99.7897%,23,10915,10938,10915,23,0,0
0x9ab32c,94.5238%,23,397,420,0,0,23,397
0x49ee24,99.3189%,23,3354,3377,0,0,23,3354
0x485dbf,94.9782%,23,435,458,0,0,23,435
0x8deed6,97.7451%,23,997,1020,118,16,7,879
0x4be276,45.2381%,23,19,42,10,5,18,9
0x4a7696,94.2928%,23,380,403,0,0,23,380
0x4ba173,78.3019%,23,83,106,75,18,5,8
0xa2d764,72.9412%,23,62,85,0,0,23,62
0xa2d2e4,94.1026%,23,367,390,3,2,21,364
0x950138,98.9396%,23,2146,2169,0,0,23,2146
0x94eb34,61.6667%,23,37,60,0,0,23,37
0xa22d53,65.6716%,23,44,67,1,1,22,43
0xa4e5f3,69.7368%,23,53,76,53,23,0,0
0xa2a7d6,91.4498%,23,246,269,246,15,8,0
0x90a6d1,47.7273%,23,21,44,21,23,0,0
0x405b9b,94.6136%,23,404,427,86,4,19,318
0x51b986,78.5047%,23,84,107,84,23,0,0
0x68106b,95.7798%,23,522,545,522,23,0,0
0x6616c3,95.2083%,23,457,480,57,1,22,400
0xaa1304,63.4921%,23,40,63,15,10,13,25
0x62792b,97.7583%,23,1003,1026,1003,23,0,0
0x627d75,0%,23,0,23,0,23,0,0
0x53565f,87.8307%,23,166,189,0,6,17,166
0x9e7216,90.8%,23,227,250,208,9,14,19
0x67f679,78.3019%,23,83,106,83,23,0,0
0x4a7279,94.0874%,23,366,389,366,23,0,0
0x40e167,96.3023%,23,599,622,0,4,19,599
0x58be0f,69.7368%,23,53,76,53,23,0,0
0xb18106,98.4006%,23,1415,1438,1047,14,9,368
0xa3a166,96.8232%,23,701,724,701,23,0,0
0xa39d73,97.0207%,23,749,772,747,15,8,2
0x4a5cbc,78.7037%,23,85,108,33,19,4,52
0x8dd9f4,98.5616%,23,1576,1599,0,0,23,1576
0x50e595,46.5116%,23,20,43,0,23,0,20
0x4a800f,75%,23,69,92,66,3,20,3
0x4a1bd9,98.5075%,23,1518,1541,0,0,23,1518
0x9e743c,94.8546%,23,424,447,12,1,22,412
0x5f8df4,82.3077%,23,107,130,21,12,11,86
0xa49809,91.7857%,23,257,280,216,22,1,41
0x9ed5af,78.3019%,23,83,106,12,17,6,71
0x7cea4e,98.7882%,23,1875,1898,1875,23,0,0
0x8e4425,98.9996%,23,2276,2299,0,0,23,2276
0x48e050,76.5306%,23,75,98,56,17,6,19
0x488a72,98.5378%,23,1550,1573,0,0,23,1550
0x8090ac,93.0303%,23,307,330,307,23,0,0
0x7c65ea,85.8896%,23,140,163,116,23,0,24
0x7efe75,86.3095%,23,145,168,0,0,23,145
0x5fa955,96.4724%,23,629,652,618,7,16,11
0x8ef92b,94.9002%,23,428,451,0,0,23,428
0x4886db,97.8485%,23,1046,1069,0,0,23,1046
0x5548b3,98.6835%,23,1724,1747,1724,21,2,0
0x7c639f,84.6667%,23,127,150,127,23,0,0
0x8eec81,97.7692%,23,1008,1031,361,17,6,647
0x9cfbf0,81.3008%,23,100,123,0,8,15,100
0x5bac04,95.3252%,23,469,492,2,10,13,467
0x49de4b,76.5306%,23,75,98,18,10,13,57
0xa2387e,64.6154%,23,42,65,0,0,23,42
0x5095cd,85.625%,23,137,160,137,23,0,0
0x502c81,99.0785%,23,2473,2496,131,14,9,2342
0xa5301c,88.0208%,23,169,192,169,23,0,0
0x50899c,94.2928%,23,380,403,378,21,2,2
0x6279d0,98.4203%,23,1433,1456,0,0,23,1433
0x8e877a,97.8821%,23,1063,1086,1063,23,0,0
0x50d8bd,67.1429%,23,47,70,46,7,16,1
0x538906,94.8546%,23,424,447,420,19,4,4
0xa58865,84.2466%,23,123,146,30,12,11,93
0x788c9e,53.0612%,23,26,49,8,18,5,18
0x98c995,78.8991%,23,86,109,0,0,23,86
0xa55e8c,55.7692%,23,29,52,25,5,18,4
0x833eb2,93.8503%,23,351,374,0,8,15,351
0x48a004,99.4459%,23,4128,4151,4075,8,15,53
0x8ff1e9,86.4706%,23,147,170,5,11,12,142
0x647e6a,54.902%,23,28,51,28,23,0,0
0xaa07f1,66.1765%,23,45,68,45,23,0,0
0x8a9ec3,95.0644%,23,443,466,443,23,0,0
0x5991ba,99.5042%,23,4616,4639,1,2,21,4615
0x63baea,98.2389%,23,1283,1306,1283,23,0,0
0x53c3de,82.5758%,23,109,132,97,9,14,12
0x507edd,96.8919%,23,717,740,155,11,12,562
0x5f0570,14.8148%,23,4,27,0,0,23,4
0x94959c,90.1709%,23,211,234,0,0,23,211
0x9ecd23,79.0909%,23,87,110,0,0,23,87
0x666875,95.3252%,23,469,492,469,23,0,0
0x53a3f1,99.7181%,23,8135,8158,0,0,23,8135
0x8f6c3b,89.7321%,23,201,224,95,20,3,106
0x60a882,94.5498%,23,399,422,399,23,0,0
0xa06e0c,61.6667%,23,37,60,7,15,8,30
0xa9ed0b,81.3008%,23,100,123,31,11,12,69
0x4038d9,93.883%,23,353,376,3,14,9,350
0xa451ce,94.2211%,23,375,398,3,15,8,372
0x5fc0dc,52.0833%,23,25,48,1,11,12,24
0x58d9d2,64.0625%,23,41,64,40,22,1,1
0x4993a2,45.2381%,23,19,42,19,23,0,0
0x5fe355,78.7037%,23,85,108,85,23,0,0
0x98c9f0,78.8991%,23,86,109,0,0,23,86
0x4a7224,89.823%,23,203,226,0,2,21,203
0x8e4c5c,91.0853%,23,235,258,146,13,10,89
0x833612,80.1724%,23,93,116,1,1,22,92
0x402cb4,96.9169%,23,723,746,0,0,23,723
0xa055fc,62.9032%,23,39,62,39,22,1,0
0x94323e,69.3333%,23,52,75,52,23,0,0
0x5ff5d9,69.3333%,23,52,75,0,0,23,52
0x5f555d,58.9286%,23,33,56,4,12,11,29
0xab330e,47.619%,22,20,42,0,0,22,20
0x8117d3,95.8015%,22,502,524,502,20,2,0
0x8ffb99,98.5392%,22,1484,1506,1484,22,0,0
0x494c2f,59.2593%,22,32,54,16,10,12,16
0x4a03ae,63.3333%,22,38,60,0,0,22,38
0x99dabc,38.8889%,22,14,36,6,9,13,8
0x647d69,56.8627%,22,29,51,1,1,21,28
0x9ea419,92.7632%,22,282,304,0,0,22,282
0xa4e855,86.4198%,22,140,162,140,20,2,0
0x9a74a6,43.5897%,22,17,39,10,20,2,7
0x8dd929,50%,22,22,44,22,22,0,0
0x64e01f,95.9484%,22,521,543,171,21,1,350
0x8edd96,95.122%,22,429,451,0,0,22,429
0x5f12ba,64.5161%,22,40,62,39,22,0,1
0x90acc2,89.3204%,22,184,206,81,7,15,103
0x4a9f03,88.1081%,22,163,185,0,0,22,163
0x9f52df,86.1635%,22,137,159,0,0,22,137
0x8aaa3c,65.0794%,22,41,63,41,22,0,0
0x8114c8,97.3903%,22,821,843,0,0,22,821
0x972fce,69.863%,22,51,73,0,0,22,51
0x901c99,90.5983%,22,212,234,0,0,22,212
0x545ba2,89.0547%,22,179,201,0,0,22,179
0x64bae7,98.4252%,22,1375,1397,0,0,22,1375
0x58d3ff,76.087%,22,70,92,0,0,22,70
0x972fd4,69.863%,22,51,73,18,9,13,33
0xaa336a,97.7755%,22,967,989,0,0,22,967
0x533c39,54.1667%,22,26,48,17,22,0,9
0x63c876,97.7107%,22,939,961,573,5,17,366
0x48e890,46.3415%,22,19,41,12,15,7,7
0x6484a8,91.3725%,22,233,255,161,9,13,72
0x64b0e6,99.1726%,22,2637,2659,0,0,22,2637
0x8de78f,71.7949%,22,56,78,0,0,22,56
0xa3493b,98.0108%,22,1084,1106,541,9,13,543
0x9ed934,84.058%,22,116,138,5,7,15,111
0x97bb1c,85.8065%,22,133,155,71,9,13,62
0x4a946c,65.0794%,22,41,63,0,0,22,41
0x591468,95.9707%,22,524,546,3,14,8,521
0x8a7780,74.7126%,22,65,87,4,6,16,61
0x51b8d7,91.4729%,22,236,258,236,10,12,0
0x63c84d,97.7107%,22,939,961,0,0,22,939
0xa57051,86.9048%,22,146,168,0,0,22,146
0x610dbc,99.5076%,22,4446,4468,0,0,22,4446
0x90bc37,87.5%,22,154,176,154,22,0,0
0xa280ae,93.4328%,22,313,335,0,3,19,313
0x90a636,50%,22,22,44,22,22,0,0
0x48d160,46.3415%,22,19,41,0,0,22,19
0xb3463c,90.2222%,22,203,225,203,22,0,0
0x9e6ef8,60%,22,33,55,33,22,0,0
0x5de395,98.2272%,22,1219,1241,1219,22,0,0
0x5ff24e,81.1966%,22,95,117,0,0,22,95
0x834225,82.8125%,22,106,128,5,13,9,101
0x9ebbcf,89.3204%,22,184,206,179,19,3,5
0x909096,98.8153%,22,1835,1857,1835,22,0,0
0x4c51e3,93.5103%,22,317,339,17,4,18,300
0x48ecf1,73.1707%,22,60,82,10,15,7,50
0x90e268,86.25%,22,138,160,0,0,22,138
0x8ff0a8,87.5%,22,154,176,66,22,0,88
0x60dc25,63.3333%,22,38,60,0,0,22,38
0x550ef5,15.3846%,22,4,26,4,22,0,0
0x5bb8a4,97.7178%,22,942,964,942,22,0,0
0x54eb0a,68.1159%,22,47,69,47,22,0,0
0xa5770d,21.4286%,22,6,28,6,22,0,0
0xa02204,18.5185%,22,5,27,5,22,0,0
0x98cd02,98.6503%,22,1608,1630,0,0,22,1608
0xa2e7d8,74.1176%,22,63,85,30,3,19,33
0xaa04c5,42.1053%,22,16,38,16,22,0,0
0xa335ee,98.4594%,22,1406,1428,1406,22,0,0
0xa5c8d5,70.2703%,22,52,74,50,6,16,2
0x815c59,91.0569%,22,224,246,194,11,11,30
0xa5c58a,80.1802%,22,89,111,1,1,21,88
0x40e727,89.2683%,22,183,205,169,16,6,14
0x723521,98.4786%,22,1424,1446,0,0,22,1424
0x81a319,97.3398%,22,805,827,0,0,22,805
0x53800e,97.039%,22,721,743,715,22,0,6
0x983b33,76.087%,22,70,92,0,0,22,70
0x499cac,74.4186%,22,64,86,64,22,0,0
0x809278,90.1345%,22,201,223,200,21,1,1
0x53588a,8.33333%,22,2,24,0,5,17,2
0x4950b1,59.2593%,22,32,54,9,17,5,23
0x5cf3b5,98.8427%,22,1879,1901,1879,22,0,0
0x627b7c,91.3725%,22,233,255,233,22,0,0
0xa4de1f,42.1053%,22,16,38,16,22,0,0
0xa544ae,80.3571%,22,90,112,90,22,0,0
0x5c4bd6,98.7972%,22,1807,1829,0,0,22,1807
0x66685b,95.5285%,22,470,492,470,22,0,0
0x9a45b3,95.8879%,22,513,535,0,0,22,513
0xa4d350,38.8889%,22,14,36,3,5,17,11
0x8b94d1,98.8928%,22,1965,1987,1965,22,0,0
0xa4fe2b,91.3043%,22,231,253,7,13,9,224
0x5442a6,61.4035%,22,35,57,35,22,0,0
0xa35382,97.6139%,22,900,922,0,0,22,900
0x65a10c,98.6378%,22,1593,1615,139,13,9,1454
0x804efc,77.0833%,22,74,96,74,20,2,0
0x8ed01d,31.25%,22,10,32,7,19,3,3
0x4a82a5,76.087%,22,70,92,0,0,22,70
0x9fb010,92.9712%,22,291,313,0,0,22,291
0x8a6946,85.5263%,22,130,152,0,0,22,130
0xa494b6,95.6522%,22,484,506,0,0,22,484
0x539e0a,80.8696%,22,93,115,93,22,0,0
0x8ec96a,98.4375%,22,1386,1408,1386,18,4,0
0x81882c,97.3398%,22,805,827,0,0,22,805
0xa51be4,72.5%,22,58,80,19,21,1,39
0x8d22ca,91.1647%,22,227,249,227,22,0,0
0x80f918,70.2703%,22,52,74,24,13,9,28
0x49d7e3,76.3441%,22,71,93,66,19,3,5
0x591fb3,77.0833%,22,74,96,74,22,0,0
0xa465b5,95.4918%,22,466,488,465,5,17,1
0x9fbaa4,92.8105%,22,284,306,71,20,2,213
0xad7c10,74.7126%,22,65,87,1,10,12,64
0x5f86ed,70.6667%,22,53,75,49,22,0,4
0x80baab,81.5126%,22,97,119,62,13,9,35
0x8dcd36,99.0431%,22,2277,2299,1780,10,12,497
0x65a044,98.8712%,22,1927,1949,73,8,14,1854
0xa90503,61.4035%,22,35,57,6,10,12,29
0xa3bb10,90.3509%,22,206,228,205,5,17,1
0x50388d,52.1739%,22,24,46,1,9,13,23
0x9f32ee,94.3005%,22,364,386,0,0,22,364
0x80a533,92.1986%,22,260,282,0,0,22,260
0x5ff6a2,78.2178%,22,79,101,2,9,13,77
0xa4e5d8,71.0526%,22,54,76,0,0,22,54
0x4a7913,96.6967%,22,644,666,644,16,6,0
0xa285b1,26.6667%,22,8,30,0,0,22,8
0xb2eb2a,99.7136%,22,7659,7681,0,0,22,7659
0xa45f55,85.2349%,22,127,149,0,18,4,127
0x9fbabd,89.7674%,22,193,215,193,22,0,0
0xa06190,64.5161%,22,40,62,31,10,12,9
0xa41b18,91.7603%,22,245,267,0,0,22,245
0xa51d66,72.5%,22,58,80,10,12,10,48
0x5ffcf3,87.7778%,22,158,180,67,13,9,91
0x8ec3fe,91.6981%,22,243,265,6,5,17,237
0x814cfd,97.4057%,22,826,848,826,20,2,0
0x8eda06,84.7222%,22,122,144,5,13,9,117
0x5127fa,94.7242%,22,395,417,2,18,4,393
0xa35e9b,94.4724%,22,376,398,376,22,0,0
0x40e036,89.7196%,22,192,214,48,9,13,144
0x5fc2f5,81.0345%,22,94,116,94,22,0,0
0x5500e8,60.7143%,22,34,56,34,22,0,0
0x5f1147,92.8803%,22,287,309,2,8,14,285
0x8dd066,96.4687%,22,601,623,0,0,22,601
0x5016f3,92.5424%,22,273,295,0,0,22,273
0x410813,59.2593%,22,32,54,32,1,21,0
0xa3135f,74.1176%,22,63,85,63,22,0,0
0x9ed59b,50%,22,22,44,22,22,0,0
0x4bd65f,53.1915%,22,25,47,19,22,0,6
0x9ee48f,82.1138%,22,101,123,101,22,0,0
0xa39f13,26.6667%,22,8,30,8,22,0,0
0x58b745,97.0667%,22,728,750,727,19,3,1
0x55663e,56.8627%,22,29,51,24,18,4,5
0x5969da,93.4718%,22,315,337,0,0,22,315
0x9c3bb4,38.8889%,22,14,36,14,22,0,0
0x550199,83.8235%,22,114,136,114,22,0,0
0x4c446e,72.5%,22,58,80,41,19,3,17
0xa909e6,86.5854%,22,142,164,142,18,4,0
0x4b53ce,12%,22,3,25,2,21,1,1
0xa90744,90.3509%,22,206,228,0,5,17,206
0x40dfa3,83.7037%,22,113,135,108,21,1,5
0x50c5e7,96.4286%,22,594,616,0,0,22,594
0x82132f,99.3862%,22,3562,3584,0,0,22,3562
0x81ed70,91.129%,22,226,248,0,0,22,226
0xb2e649,99.8965%,22,21232,21254,21232,22,0,0
0x9a7006,80.3571%,22,90,112,90,4,18,0
0x550294,71.7949%,22,56,78,33,6,16,23
0xa95d42,96.1672%,22,552,574,0,0,22,552
0x609e58,96.4111%,22,591,613,0,0,22,591
0x8c93ea,96.1806%,22,554,576,0,0,22,554
0x4c0733,74.4186%,22,64,86,0,0,22,64
0x80947a,97.4057%,22,826,848,826,22,0,0
0xa46680,90.4762%,22,209,231,94,18,4,115
0x4bc451,93.1034%,22,297,319,52,12,10,245
0x4a6df2,21.4286%,22,6,28,2,22,0,4
0x5eb849,50%,22,22,44,22,22,0,0
0x4b70a3,85.1351%,22,126,148,0,0,22,126
0xa41db8,98.6905%,22,1658,1680,1658,22,0,0
0x9a7a2e,92.4915%,22,271,293,183,15,7,88
0x5f649d,71.4286%,22,55,77,52,9,13,3
0x48de09,88.8889%,22,176,198,31,16,6,145
0x5feab4,58.4906%,22,31,53,31,22,0,0
0x4c276c,73.8095%,22,62,84,62,16,6,0
0x813413,98.6998%,22,1670,1692,0,0,22,1670
0x58d2c1,76.087%,22,70,92,8,22,0,62
0x5f00e5,87.9121%,22,160,182,160,22,0,0
0xb2edb6,90.795%,22,217,239,0,0,22,217
0x9e54a8,86.9822%,22,147,169,0,0,22,147
0x8efaae,86.25%,22,138,160,0,0,22,138
0x9e1a37,81.6667%,22,98,120,0,0,22,98
0x814f1b,62.7119%,22,37,59,37,22,0,0
0x64df69,95.9484%,22,521,543,2,17,5,519
0x8a51f1,15.3846%,22,4,26,0,0,22,4
0x8a90b1,98.7832%,22,1786,1808,679,11,11,1107
0x59254b,99.5236%,22,4596,4618,4478,19,3,118
0x4c1c71,92.4138%,22,268,290,268,22,0,0
0x4c1bed,89%,22,178,200,178,22,0,0
0xa40ea3,99.7909%,22,10499,10521,10499,22,0,0
0xa2e042,91.1647%,22,227,249,227,17,5,0
0x5ffa30,92.9487%,22,290,312,259,7,15,31
0x50829c,95.8333%,22,506,528,506,22,0,0
0x991adc,88.4817%,22,169,191,169,22,0,0
0xa2f8af,86.747%,22,144,166,0,5,17,144
0x99b946,15.3846%,22,4,26,4,22,0,0
0x911aad,98.1002%,22,1136,1158,0,0,22,1136
0x8a28ef,96.1131%,22,544,566,544,22,0,0
0x40a8cf,85.2349%,22,127,149,0,0,22,127
0x5cb916,74.4186%,22,64,86,50,10,12,14
0xa18b0c,48.8372%,22,21,43,0,0,22,21
0xa58d5c,84.9315%,22,124,146,0,0,22,124
0x5e5e69,98.5421%,22,1487,1509,1487,22,0,0
0x670608,83.4586%,22,111,133,0,0,22,111
0xaa7f03,95.8412%,22,507,529,507,10,12,0
0x5baadc,98.8506%,22,1892,1914,1892,22,0,0
0x507744,50%,22,22,44,16,2,20,6
0x9aa1c4,68.1159%,22,47,69,28,7,15,19
0xa8fafe,91.3725%,22,233,255,0,0,22,233
0x7898b2,40.5405%,22,15,37,15,22,0,0
0x48a4b8,45%,22,18,40,18,22,0,0
0x96938e,74.4186%,22,64,86,64,22,0,0
0x5df29c,65.0794%,22,41,63,30,0,22,11
0x90673e,82.2581%,22,102,124,102,22,0,0
0x9783e3,98.7334%,22,1715,1737,0,0,22,1715
0x5509cd,56.8627%,22,29,51,25,21,1,4
0xa2d7ea,89.3204%,22,184,206,184,18,4,0
0x547402,63.9344%,22,39,61,0,0,22,39
0x8ef178,88.5417%,22,170,192,159,19,3,11
0x6d45bb,84.8276%,22,123,145,0,0,22,123
0x9e29db,73.1707%,22,60,82,55,22,0,5
0x403703,97.2187%,22,769,791,52,19,3,717
0x5f1e75,33.3333%,22,11,33,11,22,0,0
0x5f1f51,38.8889%,22,14,36,14,22,0,0
0xa32881,83.5821%,22,112,134,0,10,12,112
0x58dad4,89.4737%,22,187,209,148,3,19,39
0xa2602e,97.4771%,22,850,872,681,3,19,169
0x593100,26.6667%,22,8,30,0,0,22,8
0x95b024,52.1739%,22,24,46,24,22,0,0
0xa93605,72.8395%,22,59,81,1,21,1,58
0x8e01d8,98.5421%,22,1487,1509,8,2,20,1479
0xa49794,92.7152%,22,280,302,0,0,22,280
0xa43f80,65.625%,22,42,64,0,0,22,42
0x787f15,66.6667%,22,44,66,2,4,18,42
0x811c02,97.1391%,22,747,769,0,0,22,747
0x65c2d6,56%,22,28,50,24,10,12,4
0xb46774,86.747%,22,144,166,1,4,18,143
0x5c4b9a,98.7972%,22,1807,1829,0,0,22,1807
0xae7059,68.5714%,22,48,70,47,22,0,1
0x8eb6cf,99.2278%,22,2827,2849,0,0,22,2827
0x48c878,96.7213%,22,649,671,648,13,9,1
0x8a96a6,98.5034%,22,1448,1470,0,0,22,1448
0x94e1ea,96.2521%,22,565,587,159,17,5,406
0x902243,98.7021%,22,1673,1695,0,10,12,1673
0x60bd9e,29.0323%,22,9,31,0,21,1,9
0x8a90d6,97.9927%,22,1074,1096,55,0,22,1019
0x5b152b,95.6088%,22,479,501,345,9,13,134
0x8f4315,98.4848%,22,1430,1452,1430,22,0,0
0x499530,89%,22,178,200,177,22,0,1
0xa586c8,86.747%,22,144,166,136,22,0,8
0x98c980,79.8165%,22,87,109,0,0,22,87
0x94ebd9,75.5556%,22,68,90,68,22,0,0
0xa5707a,78%,22,78,100,9,5,17,69
0x9f5a85,80.3571%,22,90,112,0,4,18,90
0x94dd92,96.2521%,22,565,587,154,5,17,411
0x598fa5,99.6255%,22,5853,5875,5853,22,0,0
0x503d54,57.6923%,22,30,52,26,22,0,4
0x405e4f,50%,22,22,44,3,17,5,19
0x638dda,95.9781%,22,525,547,0,0,22,525
0x50b132,50%,22,22,44,22,18,4,0
0x8ffac6,96.8162%,22,669,691,669,22,0,0
0x4add8a,52.1739%,22,24,46,24,22,0,0
0x5040af,82.2581%,22,102,124,45,17,5,57
0x505efa,76.3441%,22,71,93,71,22,0,0
0xb2c8d6,93.6416%,22,324,346,324,22,0,0
0x813c03,50%,22,22,44,17,5,17,5
0x81ee77,97.5309%,22,869,891,869,20,2,0
0x50505f,68.5714%,22,48,70,48,22,0,0
0x94878d,98.4743%,22,1420,1442,1396,7,15,24
0x9e0960,79.8165%,22,87,109,62,7,15,25
0x94b186,89.372%,22,185,207,84,16,6,101
0x9eefa4,90.4348%,22,208,230,208,16,6,0
0x4a5cc2,60.7143%,22,34,56,34,22,0,0
0x8ff09a,87.5%,22,154,176,154,22,0,0
0xb2462e,99.8151%,22,11877,11899,0,0,22,11877
0x901620,97.4625%,22,845,867,0,0,22,845
0x81c808,87.5706%,22,155,177,155,22,0,0
0x8e1ffc,90.9836%,22,222,244,15,15,7,207
0x9a9648,56.8627%,22,29,51,12,8,14,17
0x8a3424,31.25%,22,10,32,9,19,3,1
0x9f3f52,86.6667%,22,143,165,0,0,22,143
0x552945,98.4184%,22,1369,1391,1369,22,0,0
0x9a9d87,82.2581%,22,102,124,0,0,22,102
0x606962,90.2222%,22,203,225,203,22,0,0
0x48af1a,97.0861%,22,733,755,0,0,22,733
0x80f502,99.2188%,22,2794,2816,2794,22,0,0
0x90acf7,89.3204%,22,184,206,97,9,13,87
0x9f4390,78.2178%,22,79,101,0,0,22,79
0x48d86f,98.7654%,22,1760,1782,0,0,22,1760
0xa50c4c,66.6667%,22,44,66,0,0,22,44
0x48db27,99.5071%,22,4441,4463,0,0,22,4441
0x48e08b,80.8696%,22,93,115,7,13,9,86
0xa30214,88.7179%,22,173,195,0,0,22,173
0x9a46c0,92.4399%,22,269,291,0,0,22,269
0xb2e617,99.8965%,22,21232,21254,0,0,22,21232
0x96aeda,52.1739%,22,24,46,18,9,13,6
0x9484a3,98.4743%,22,1420,1442,0,0,22,1420
0x60dcd2,85.4305%,22,129,151,89,12,10,40
0x5486b4,99.065%,22,2331,2353,2331,22,0,0
0x49dfd0,88.7755%,22,174,196,0,0,22,174
0x543b69,89.4737%,22,187,209,16,6,16,171
0xa91cef,92.6174%,22,276,298,276,22,0,0
0x817519,97.3903%,22,821,843,821,20,2,0
0x80eb9f,94.0217%,22,346,368,0,0,22,346
0x4ba577,94.1019%,22,351,373,28,3,19,323
0x5af864,58.4906%,22,31,53,31,22,0,0
0x8e44ec,98.6874%,22,1654,1676,1646,22,0,8
0x7c7081,86.1635%,22,137,159,35,17,5,102
0x643542,99.0509%,22,2296,2318,0,0,22,2296
0x96b210,31.25%,22,10,32,0,0,22,10
0x5fbd4b,54.1667%,22,26,48,5,2,20,21
0x5d22be,98.2329%,22,1223,1245,266,18,4,957
0x609f30,99.7265%,22,8023,8045,1351,18,4,6672
0x5f8d06,38.8889%,22,14,36,9,16,6,5
0x917898,85.3333%,22,128,150,9,12,10,119
0x8e5a87,94.9192%,22,411,433,411,22,0,0
0x8fdefb,99.9343%,22,33478,33500,0,0,22,33478
0x48e768,99.5071%,22,4441,4463,4441,22,0,0
0x8f56a0,99.4023%,22,3659,3681,3648,21,1,11
0x63854a,94.7368%,22,396,418,396,22,0,0
0x409d1b,73.1707%,22,60,82,0,0,22,60
0x5481a4,99.7979%,22,10864,10886,0,0,22,10864
0x7d207b,87.2093%,22,150,172,150,4,18,0
0x49e4c6,86.3354%,22,139,161,139,22,0,0
0x90abea,97.3203%,22,799,821,799,22,0,0
0xa9ec0f,74.1176%,22,63,85,61,20,2,2
0x972740,91.9414%,22,251,273,0,0,22,251
0x805866,98.0198%,22,1089,1111,882,15,7,207
0x8e1538,99.5912%,22,5360,5382,0,0,22,5360
0x48c507,77.0833%,22,74,96,0,0,22,74
0x8057e6,98.0375%,22,1099,1121,904,3,19,195
0x7d2c17,96.4344%,22,595,617,244,22,0,351
0x541a9f,97.3621%,22,812,834,812,22,0,0
0x8a8f3c,84.2857%,22,118,140,23,5,17,95
0x8ee6ec,94.8956%,22,409,431,26,16,6,383
0x499d41,58.4906%,22,31,53,31,22,0,0
0x8fc0e9,98.1277%,22,1153,1175,0,0,22,1153
0x9ea733,77.3196%,22,75,97,65,8,14,10
0x4a82ba,76.087%,22,70,92,65,4,18,5
0x6705c4,83.4586%,22,111,133,0,0,22,111
0x4b9f2a,93.5294%,22,318,340,108,0,22,210
0x80858f,78.6408%,22,81,103,81,22,0,0
0x5f7bdd,83.7037%,22,113,135,113,22,0,0
0x4ba3cb,95.1542%,22,432,454,390,6,16,42
0x40e6ca,73.494%,22,61,83,4,11,11,57
0x4101bc,65.0794%,22,41,63,25,9,13,16
0x64a878,79.2453%,22,84,106,71,3,19,13
0x48eadc,98.0054%,22,1081,1103,0,0,22,1081
0xa344ea,87.0588%,22,148,170,148,22,0,0
0x5c82eb,72.5%,22,58,80,58,22,0,0
0x40f6b6,91.791%,22,246,268,246,22,0,0
0x8f1b59,84.3972%,22,119,141,0,0,22,119
0xa0526e,65.625%,22,42,64,7,15,7,35
0x4a6ec2,93.8028%,22,333,355,0,0,22,333
0x541ad2,97.3621%,22,812,834,812,22,0,0
0x8f2a11,94.086%,22,350,372,65,0,22,285
0xa4ba48,65.625%,22,42,64,9,19,3,33
0x48eb30,91.3043%,22,231,253,6,0,22,225
0x8b9afc,99.2632%,22,2964,2986,69,4,18,2895
0x557c6c,90.9836%,22,222,244,0,0,22,222
0xb313fb,74.4186%,22,64,86,55,4,18,9
0x510690,98.2272%,22,1219,1241,629,19,3,590
0x639c0b,97.25%,22,778,800,778,22,0,0
0x640589,89%,22,178,200,178,22,0,0
0x8f1884,88.5417%,22,170,192,0,0,22,170
0x40a928,47.619%,22,20,42,2,5,17,18
0x67b89b,86.0759%,22,136,158,136,22,0,0
0xa52ba0,89.6226%,22,190,212,0,0,22,190
0x5030ba,99.4339%,22,3864,3886,0,0,22,3864
0xa5859c,81.5126%,22,97,119,0,0,22,97
0xa4ed97,86.4198%,22,140,162,0,0,22,140
0x5439b3,83.7037%,22,113,135,113,22,0,0
0xa48178,90.7563%,22,216,238,216,22,0,0
0xa31039,81.1966%,22,95,117,95,20,2,0
0x9112ea,96.6917%,22,643,665,643,22,0,0
0x48361e,18.5185%,22,5,27,5,22,0,0
0xa2ab26,80.531%,22,91,113,79,22,0,12
0x78149f,80%,21,84,105,3,14,7,81
0x50ee39,76.1364%,21,67,88,0,0,21,67
0x8f686a,85%,21,119,140,87,19,2,32
0x81e941,72.3684%,21,55,76,0,0,21,55
0xaa8049,96.0302%,21,508,529,0,0,21,508
0x9f78a9,97.4106%,21,790,811,0,0,21,790
0x9a616f,22.2222%,21,6,27,6,21,0,0
0x8bd6fb,99.0264%,21,2136,2157,16,4,17,2120
0x40dd43,96.7939%,21,634,655,634,21,0,0
0x811f5d,95.7576%,21,474,495,1,16,5,473
0x9e36a9,38.2353%,21,13,34,13,21,0,0
0xa51632,87.037%,21,141,162,0,0,21,141
0x5fb183,36.3636%,21,12,33,0,0,21,12
0x834fb1,99.8241%,21,11915,11936,0,0,21,11915
0x48b28f,93.4579%,21,300,321,0,0,21,300
0xa59644,70.8333%,21,51,72,8,19,2,43
0x81c7db,88.4615%,21,161,182,0,5,16,161
0xa328ae,61.8182%,21,34,55,6,5,16,28
0x53892b,65%,21,39,60,38,14,7,1
0x9fb23b,83.0645%,21,103,124,103,21,0,0
0x980612,80.5556%,21,87,108,37,16,5,50
0x54d9c6,46.1538%,21,18,39,0,0,21,18
0x81c209,87.4251%,21,146,167,41,14,7,105
0x88e9a0,46.1538%,21,18,39,0,0,21,18
0xa583c9,82.9268%,21,102,123,0,0,21,102
0x90e198,96.5174%,21,582,603,0,0,21,582
0x54eefc,51.1628%,21,22,43,2,4,17,20
0x5dea63,98.3078%,21,1220,1241,1220,21,0,0
0xb18227,97.9104%,21,984,1005,19,0,21,965
0xa2e857,91.25%,21,219,240,111,16,5,108
0x9d06e8,67.6923%,21,44,65,31,3,18,13
0x8dc267,94.0678%,21,333,354,13,17,4,320
0x811bae,97.2692%,21,748,769,748,21,0,0
0x53e4a2,99.6898%,21,6748,6769,6748,21,0,0
0x8d46ae,16%,21,4,25,1,19,2,3
0x4ca091,97.7444%,21,910,931,910,19,2,0
0x97ba0a,81.5789%,21,93,114,17,14,7,76
0x9fe52c,84.3284%,21,113,134,113,21,0,0
0x8bcc06,19.2308%,21,5,26,0,0,21,5
0x81e6a5,96.2025%,21,532,553,65,13,8,467
0x5520fb,65%,21,39,60,15,6,15,24
0x639b5e,65.5738%,21,40,61,4,19,2,36
0x4c20b9,86.7925%,21,138,159,138,21,0,0
0x60dbf7,92.3358%,21,253,274,253,21,0,0
0x81e947,72.3684%,21,55,76,0,0,21,55
0x977fa3,92.2794%,21,251,272,127,6,15,124
0x510e30,99.1901%,21,2572,2593,0,0,21,2572
0x977fce,84.8921%,21,118,139,0,0,21,118
0x63ee81,98.8691%,21,1836,1857,1121,5,16,715
0x402ed5,81.7391%,21,94,115,4,2,19,90
0x805586,76.4045%,21,68,89,3,16,5,65
0xa346d3,94.6701%,21,373,394,0,0,21,373
0xa393bf,97.6847%,21,886,907,886,21,0,0
0x977c6e,82.5%,21,99,120,99,21,0,0
0x9e001d,98.0447%,21,1053,1074,0,0,21,1053
0x8e96a8,98.5127%,21,1391,1412,0,2,19,1391
0x8dc250,99.0866%,21,2278,2299,1513,8,13,765
0x8a6250,89.6552%,21,182,203,0,0,21,182
0x53e81b,86.7089%,21,137,158,137,17,4,0
0x5020e2,70%,21,49,70,3,3,18,46
0x9abb0f,98.0874%,21,1077,1098,0,0,21,1077
0x402326,99.5921%,21,5127,5148,5127,21,0,0
0x5ffab0,92.1053%,21,245,266,245,21,0,0
0x8198e0,97.4607%,21,806,827,0,0,21,806
0x9018ed,94.8905%,21,390,411,14,20,1,376
0xa3fc97,70.8333%,21,51,72,7,9,12,44
0x48ee7e,93.6556%,21,310,331,272,5,16,38
0x8df376,12.5%,21,3,24,3,21,0,0
0x533d24,27.5862%,21,8,29,8,21,0,0
0x591ac4,99.4582%,21,3855,3876,3855,21,0,0
0x9fb2d1,48.7805%,21,20,41,20,21,0,0
0x5017f4,99.3901%,21,3422,3443,0,0,21,3422
0x402dcf,66.6667%,21,42,63,0,4,17,42
0x9ea6ff,78.3505%,21,76,97,0,0,21,76
0x8ebb21,95.6879%,21,466,487,0,0,21,466
0x949639,96.2766%,21,543,564,543,21,0,0
0x4c067a,50%,21,21,42,21,21,0,0
0x554eda,85.2113%,21,121,142,0,0,21,121
0x819d9e,93.578%,21,306,327,0,0,21,306
0x488ef4,90.9483%,21,211,232,211,21,0,0
0x818960,96.6772%,21,611,632,0,0,21,611
0x8c85ea,95.749%,21,473,494,473,21,0,0
0x58cdb3,87.2727%,21,144,165,28,15,6,116
0x9f388b,94.5736%,21,366,387,0,0,21,366
0x97b8df,48.7805%,21,20,41,20,21,0,0
0x9eb85d,19.2308%,21,5,26,5,21,0,0
0x50cba4,72.7273%,21,56,77,3,8,13,53
0xa93db9,71.6216%,21,53,74,48,14,7,5
0x5453c0,73.75%,21,59,80,46,12,9,13
0x9e8952,85.5172%,21,124,145,0,0,21,124
0xaa034d,82.6446%,21,100,121,0,0,21,100
0x90a907,74.6988%,21,62,83,62,21,0,0
0x8fea50,52.2727%,21,23,44,13,12,9,10
0xa58737,87.3494%,21,145,166,42,8,13,103
0x555e7e,94.9029%,21,391,412,391,21,0,0
0x9e8403,94.4444%,21,357,378,280,6,15,77
0x547aab,93.787%,21,317,338,317,17,4,0
0xaa63ce,81.8966%,21,95,116,11,15,6,84
0x55223d,98.9691%,21,2016,2037,2016,21,0,0
0xa39950,96.5461%,21,587,608,0,0,21,587
0x54f26a,51.1628%,21,22,43,5,17,4,17
0xa526c4,51.1628%,21,22,43,6,5,16,16
0x8e03b5,98.1579%,21,1119,1140,276,9,12,843
0x51c2cd,98.8624%,21,1825,1846,1825,21,0,0
0x4038d5,94.5596%,21,365,386,2,8,13,363
0x5bb149,74.6988%,21,62,83,16,14,7,46
0x8e8b71,99.4054%,21,3511,3532,0,0,21,3511
0x5ff5f8,79.2079%,21,80,101,52,1,20,28
0x9fb5cc,93.2907%,21,292,313,0,7,14,292
0x9485d9,98.5437%,21,1421,1442,1421,21,0,0
0xb3224a,99.929%,21,29546,29567,0,0,21,29546
0x8ef6e5,84.4444%,21,114,135,114,21,0,0
0x59bbc3,99.026%,21,2135,2156,0,0,21,2135
0x53ef5d,86.3636%,21,133,154,0,0,21,133
0x40f32b,99.5262%,21,4411,4432,0,0,21,4411
0x541084,99.7679%,21,9026,9047,9026,21,0,0
0xa97459,85.906%,21,128,149,23,19,2,105
0x9ee113,86.9565%,21,140,161,140,21,0,0
0x973089,51.1628%,21,22,43,8,7,14,14
0x556099,46.1538%,21,18,39,18,21,0,0
0x9faf96,94.6292%,21,370,391,370,21,0,0
0x5f0699,73.75%,21,59,80,2,10,11,57
0xa92ad3,51.1628%,21,22,43,0,0,21,22
0x55908e,94.4591%,21,358,379,0,0,21,358
0x5ffdc5,82.2034%,21,97,118,63,9,12,34
0x8f424f,99.166%,21,2497,2518,2497,20,1,0
0xaa88de,83.0645%,21,103,124,0,0,21,103
0x40dc27,90.4545%,21,199,220,199,21,0,0
0x40d8e9,99.8222%,21,11789,11810,11789,21,0,0
0x4a6efc,97.5751%,21,845,866,0,0,21,845
0xa9105c,89.604%,21,181,202,109,7,14,72
0x81049e,92.2222%,21,249,270,95,15,6,154
0x5aefeb,4.54545%,21,1,22,1,21,0,0
0x80dbe7,90.4545%,21,199,220,199,21,0,0
0x5ff783,95.6432%,21,461,482,461,13,8,0
0x9fe439,77.6596%,21,73,94,73,21,0,0
0x507d53,32.2581%,21,10,31,10,21,0,0
0x5f92b4,65.5738%,21,40,61,0,0,21,40
0x5ad33c,96.1326%,21,522,543,522,21,0,0
0x94d9eb,76.1364%,21,67,88,50,2,19,17
0xa5c381,71.6216%,21,53,74,0,2,19,53
0x81313e,99.1726%,21,2517,2538,0,0,21,2517
0x410034,85.1064%,21,120,141,36,11,10,84
0xaa060f,69.1176%,21,47,68,11,7,14,36
0x4bba41,81.25%,21,91,112,52,4,17,39
0x81d546,65%,21,39,60,39,21,0,0
0x90a9c7,63.1579%,21,36,57,36,21,0,0
0x81a2eb,93.617%,21,308,329,0,8,13,308
0x8e59c5,89.9038%,21,187,208,187,21,0,0
0x99bb26,88.9474%,21,169,190,0,0,21,169
0xa53f03,90.1869%,21,193,214,97,10,11,96
0xa49805,93.0464%,21,281,302,13,9,12,268
0x80ea4f,96.1679%,21,527,548,34,18,3,493
0x543fc0,71.2329%,21,52,73,52,13,8,0
0xa55e2d,76.4045%,21,68,89,0,0,21,68
0x4a6fae,91.6%,21,229,250,0,0,21,229
0x5f79df,90.2778%,21,195,216,2,7,14,193
0x48e55b,86%,21,129,150,93,9,12,36
0x49fb63,95.0355%,21,402,423,0,0,21,402
0xb32426,97.8328%,21,948,969,0,0,21,948
0x5f757a,83.7209%,21,108,129,108,21,0,0
0x99e8a6,80%,21,84,105,0,0,21,84
0xa974aa,46.1538%,21,18,39,2,19,2,16
0x8107be,91.6667%,21,231,252,229,17,4,2
0xb326a7,99.674%,21,6421,6442,6421,21,0,0
0x908f39,98.8262%,21,1768,1789,966,12,9,802
0x8379aa,79.8077%,21,83,104,16,16,5,67
0x97277a,92.3077%,21,252,273,0,9,12,252
0x80c3f9,85%,21,119,140,116,6,15,3
0x40aa47,25%,21,7,28,2,0,21,5
0x40f3be,97.0464%,21,690,711,24,16,5,666
0x9e7052,54.3478%,21,25,46,21,18,3,4
0x90c9c9,80%,21,84,105,0,0,21,84
0x406ae4,96.7593%,21,627,648,627,21,0,0
0x492f76,38.2353%,21,13,34,0,0,21,13
0x807b05,85.4167%,21,123,144,123,21,0,0
0x59c362,32.2581%,21,10,31,2,21,0,8
0xa39565,97.0994%,21,703,724,0,0,21,703
0x810450,96.2094%,21,533,554,0,0,21,533
0x6662c2,98.6408%,21,1524,1545,1524,21,0,0
0x833f7e,73.75%,21,59,80,5,5,16,54
0xa56775,68.1818%,21,45,66,32,16,5,13
0x8db6e5,95.6067%,21,457,478,5,19,2,452
0x9f0c49,88.9474%,21,169,190,169,21,0,0
0x94b84d,96.2766%,21,543,564,0,0,21,543
0xa2fbe5,96.9072%,21,658,679,0,0,21,658
0x9f99f8,48.7805%,21,20,41,20,21,0,0
0x90a3fc,88.0682%,21,155,176,113,19,2,42
0x5f5558,62.5%,21,35,56,0,0,21,35
0x5bc1cb,98.5021%,21,1381,1402,1381,19,2,0
0x533c1e,56.25%,21,27,48,27,21,0,0
0x974720,86.1842%,21,131,152,131,21,0,0
0x404438,98.4375%,21,1323,1344,2,18,3,1321
0x809dbc,96.2567%,21,540,561,540,19,2,0
0x50e607,50%,21,21,42,20,4,17,1
0x66794b,34.375%,21,11,32,5,11,10,6
0xa57c76,48.7805%,21,20,41,8,6,15,12
0x4bf066,95.8904%,21,490,511,463,8,13,27
0xa90084,94.3548%,21,351,372,3,2,19,348
0x511a1d,99.4614%,21,3878,3899,3878,21,0,0
0x821e75,90.2326%,21,194,215,130,13,8,64
0x53b21c,57.1429%,21,28,49,0,8,13,28
0x48df62,48.7805%,21,20,41,6,13,8,14
0x5555a0,98.2759%,21,1197,1218,0,0,21,1197
0xa2ee8b,88.587%,21,163,184,128,21,0,35
0x4049d4,91.8919%,21,238,259,238,21,0,0
0xa23929,74.6988%,21,62,83,62,21,0,0
0x608c62,96.2094%,21,533,554,533,21,0,0
0x5fa93a,95.6879%,21,466,487,98,13,8,368
0xa34da9,92.0755%,21,244,265,0,0,21,244
0x64b458,99.9006%,21,21110,21131,0,0,21,21110
0xa2cb33,97.6457%,21,871,892,871,21,0,0
0x550e3a,38.2353%,21,13,34,13,21,0,0
0xa5eb89,93.1818%,21,287,308,2,16,5,285
0x64c080,83.4646%,21,106,127,106,12,9,0
0x906aae,94.1341%,21,337,358,0,0,21,337
0x90a14a,97.9532%,21,1005,1026,953,8,13,52
0x510a3c,94.6292%,21,370,391,0,4,17,370
0x94e8cd,65%,21,39,60,28,2,19,11
0x40d9e1,99.8222%,21,11789,11810,11789,21,0,0
0x5f0766,52.2727%,21,23,44,5,5,16,18
0x543d5a,88.7701%,21,166,187,166,21,0,0
0x5038b8,54.3478%,21,25,46,24,14,7,1
0xa25d29,98.7847%,21,1707,1728,1707,21,0,0
0xb183d6,97.9104%,21,984,1005,984,21,0,0
0x5feef8,56.25%,21,27,48,27,21,0,0
0x680df8,77.8947%,21,74,95,74,21,0,0
0x59c56d,92.1933%,21,248,269,157,21,0,91
0x48b2fd,94.2308%,21,343,364,0,0,21,343
0x489531,94.385%,21,353,374,251,14,7,102
0x8f3620,94.802%,21,383,404,2,10,11,381
0xa27670,98.9796%,21,2037,2058,22,5,16,2015
0xa530fa,89.0625%,21,171,192,157,15,6,14
0x5f0a5b,92.9054%,21,275,296,272,21,0,3
0x9a7fa5,51.1628%,21,22,43,10,2,19,12
0x9e4e59,93.2258%,21,289,310,0,0,21,289
0xa43b7c,83.9695%,21,110,131,110,21,0,0
0x908654,98.6965%,21,1590,1611,0,0,21,1590
0x9a8034,66.129%,21,41,62,10,21,0,31
0xa571b7,48.7805%,21,20,41,7,20,1,13
0x8d30e5,91.1017%,21,215,236,215,21,0,0
0xa42af7,97.5581%,21,839,860,839,21,0,0
0x67c24f,99.2438%,21,2756,2777,0,0,21,2756
0x490345,61.1111%,21,33,54,5,16,5,28
0x8220b7,93.1373%,21,285,306,285,21,0,0
0x80a1fa,93.578%,21,306,327,303,20,1,3
0x44653a,99.1147%,21,2351,2372,1765,20,1,586
0x489cad,99.7939%,21,10166,10187,0,0,21,10166
0x50b0b2,50%,21,21,42,21,21,0,0
0x814d99,92.5267%,21,260,281,28,13,8,232
0x40503a,50%,21,21,42,9,12,9,12
0x4c270d,84.2105%,21,112,133,40,9,12,72
0x50800d,96.3415%,21,553,574,33,13,8,520
0x5097b9,99.6159%,21,5447,5468,0,0,21,5447
0xb0b107,62.5%,21,35,56,5,16,5,30
0x9a648e,88.0682%,21,155,176,155,21,0,0
0x5f8552,99.0309%,21,2146,2167,10,18,3,2136
0x402e46,87.7907%,21,151,172,151,21,0,0
0x403f13,98.328%,21,1235,1256,152,6,15,1083
0x900252,96.5574%,21,589,610,588,10,11,1
0x50d67c,96.3478%,21,554,575,554,21,0,0
0x5c4c66,98.8379%,21,1786,1807,5,20,1,1781
0x494dba,86.7089%,21,137,158,120,8,13,17
0x81691c,64.4068%,21,38,59,0,0,21,38
0x8168d7,64.4068%,21,38,59,23,13,8,15
0x503abe,96.5686%,21,591,612,295,15,6,296
0x63aec7,97.4421%,21,800,821,800,21,0,0
0x5f14a0,86.7089%,21,137,158,137,0,21,0
0xb14870,99.5068%,21,4237,4258,4237,21,0,0
0x8de913,89.5%,21,179,200,179,21,0,0
0x5570e3,91.358%,21,222,243,222,21,0,0
0x5bbd17,99.5007%,21,4185,4206,4185,15,6,0
0x58c8d9,92.9293%,21,276,297,154,7,14,122
0x55773e,95.9302%,21,495,516,0,0,21,495
0xa0379a,99.1813%,21,2544,2565,2544,21,0,0
0x978084,87.8613%,21,152,173,152,21,0,0
0xa029b3,52.2727%,21,23,44,7,20,1,16
0xb314f1,95.0119%,21,400,421,0,0,21,400
0x48d636,99.5345%,21,4490,4511,0,0,21,4490
0x647c7b,51.1628%,21,22,43,22,21,0,0
0x60e6bf,44.7368%,21,17,38,3,16,5,14
0x811da7,93.6747%,21,311,332,0,2,19,311
0x50ce31,82.5%,21,99,120,57,11,10,42
0x50a756,76.6667%,21,69,90,33,6,15,36
0x8dda07,98.6867%,21,1578,1599,1507,14,7,71
0x8d2530,74.3902%,21,61,82,57,15,6,4
0xa487f4,90.4545%,21,199,220,160,18,3,39
0x557abe,67.6923%,21,44,65,43,17,4,1
0x808e37,97.5236%,21,827,848,824,19,2,3
0x8a555e,90.708%,21,205,226,0,0,21,205
0x610710,16%,21,4,25,0,0,21,4
0xa06184,74.6988%,21,62,83,16,5,16,46
0x809d67,96.2898%,21,545,566,543,18,3,2
0x97bb6d,81.5789%,21,93,114,93,21,0,0
0x8d23ea,62.5%,21,35,56,35,21,0,0
0x5081de,96.0227%,21,507,528,507,21,0,0
0x60b028,58%,21,29,50,29,21,0,0
0xa2df25,46.1538%,21,18,39,6,16,5,12
0x5456b7,98.0038%,21,1031,1052,1031,21,0,0
0xa4bbdf,96.5742%,21,592,613,0,4,17,592
0x8edb13,95.3437%,21,430,451,0,0,21,430
0xaa2c7a,97.1114%,21,706,727,602,7,14,104
0x90cedc,97.5059%,21,821,842,0,0,21,821
0xa33832,44.7368%,21,17,38,11,2,19,6
0x98055a,80%,21,84,105,6,2,19,78
0x90ebda,89.5%,21,179,200,179,21,0,0
0x80a934,95.9924%,21,503,524,503,19,2,0
0x5ffea6,97.488%,21,815,836,0,0,21,815
0x822254,92.3077%,21,252,273,0,0,21,252
0x8e4831,99.0866%,21,2278,2299,499,10,11,1779
0x50eb14,50%,21,21,42,2,0,21,19
0x9f5ae8,73.75%,21,59,80,49,19,2,10
0x818d4d,97.4607%,21,806,827,653,2,19,153
0x9e2650,92.7083%,21,267,288,141,8,13,126
0xa45341,94.7236%,21,377,398,330,18,3,47
0x60e024,78.5714%,21,77,98,2,17,4,75
0xb49c96,97.8148%,21,940,961,939,19,2,1
0x4a7c33,58.8235%,21,30,51,30,21,0,0
0x9017cb,61.1111%,21,33,54,8,19,2,25
0xab2d25,73.4177%,21,58,79,55,13,8,3
0x811e53,86.4516%,21,134,155,54,13,8,80
0xb22b3f,98.8758%,21,1847,1868,0,0,21,1847
0xa56ff8,74.3902%,21,61,82,37,15,6,24
0x9f474f,94.964%,21,396,417,396,13,8,0
0x8eadff,98.1115%,21,1091,1112,1091,21,0,0
0xaa5807,97.8916%,21,975,996,0,0,21,975
0x508d69,57.1429%,21,28,49,19,9,12,9
0x9005dc,93.9655%,21,327,348,0,0,21,327
0x4bec69,85%,21,119,140,119,21,0,0
0x63af1c,97.4421%,21,800,821,800,21,0,0
0xb1ae9d,95.1501%,21,412,433,412,21,0,0
0x991acc,89.0052%,21,170,191,0,0,21,170
0x9019d6,93.787%,21,317,338,0,0,21,317
0x5462b7,94%,21,329,350,329,21,0,0
0x4c6eea,74.6988%,21,62,83,44,6,15,18
0x8a34e5,95.7317%,21,471,492,470,20,1,1
0x7c7b99,78.3505%,21,76,97,0,0,21,76
0x48e7e4,50%,21,21,42,4,0,21,17
0x8b9b2d,95.1163%,21,409,430,364,8,13,45
0x96b1b8,97.6847%,21,886,907,886,21,0,0
0x53e337,99.3359%,21,3141,3162,0,14,7,3141
0x907537,36.3636%,21,12,33,0,0,21,12
0xa2dfec,75.5814%,21,65,86,59,9,12,6
0x496886,43.2432%,21,16,37,16,21,0,0
0x8a5f93,90.367%,21,197,218,197,19,2,0
0x7c6396,86%,21,129,150,0,0,21,129
0x8ae9e2,90.3226%,21,196,217,3,2,19,193
0x405a55,97.3651%,21,776,797,2,12,9,774
0x666fe4,82.3529%,21,98,119,76,20,1,22
0x541b95,95.2809%,21,424,445,0,0,21,424
0x4bc50d,90.583%,21,202,223,0,0,21,202
0x722a7d,74.0741%,21,60,81,6,9,12,54
0xa08e59,66.6667%,21,42,63,3,15,6,39
0x8d98b1,98.2158%,21,1156,1177,1156,13,8,0
0x5b0ef1,64.4068%,21,38,59,38,20,1,0
0x4c8024,76.9231%,21,70,91,10,12,9,60
0xa60a1d,93.0921%,21,283,304,0,0,21,283
0xb2b549,93.9306%,21,325,346,325,21,0,0
0x80e72f,86%,21,129,150,0,0,21,129
0x814dc3,98.0574%,21,1060,1081,1060,20,1,0
0xa660ce,74.6988%,21,62,83,0,0,21,62
0x4b5a00,98.6709%,21,1559,1580,1559,21,0,0
0x8ecb63,97.8306%,21,947,968,881,15,6,66
0x50415a,83.0645%,21,103,124,60,2,19,43
0x90bb47,98.1643%,21,1123,1144,1115,7,14,8
0xb1813e,96.8134%,21,638,659,85,17,4,553
0x4a1eb3,56.25%,21,27,48,27,21,0,0
0x55029c,46.1538%,21,18,39,0,0,21,18
0x5ff364,79.4118%,21,81,102,0,0,21,81
0x805ff7,95.723%,21,470,491,0,2,19,470
0x49c8f4,68.6567%,21,46,67,41,8,13,5
0x50c349,84.5588%,21,115,136,12,13,8,103
0x8bcf1e,99.4168%,21,3580,3601,3580,21,0,0
0x403bfa,92.9293%,21,276,297,0,0,21,276
0x4c802b,69.5652%,21,48,69,0,0,21,48
0x8bcee4,98.1333%,21,1104,1125,973,4,17,131
0x9e2168,82.2034%,21,97,118,93,18,3,4
0x5f92dc,43.2432%,21,16,37,16,21,0,0
0x974653,47.5%,21,19,40,1,1,20,18
0x9a1ed5,89.6552%,21,182,203,0,0,21,182
0x8050ab,92.1348%,21,246,267,243,9,12,3
0x4106f4,89.604%,21,181,202,181,12,9,0
0x5904b4,70%,21,49,70,49,19,2,0
0x7c66b3,89.2308%,21,174,195,25,6,15,149
0x90a8ca,71.6216%,21,53,74,18,15,6,35
0x5b9a14,75.8621%,21,66,87,5,9,12,61
0xa26025,97.9269%,21,992,1013,130,11,10,862
0x8ebb78,95.6879%,21,466,487,466,21,0,0
0xa25d60,73.0769%,21,57,78,0,0,21,57
0x8222d0,92.3077%,21,252,273,232,2,19,20
0xaa2353,96.4286%,21,567,588,542,1,20,25
0xa2fdbd,90.7895%,21,207,228,100,17,4,107
0x49c5f7,95.4644%,21,442,463,0,6,15,442
0x4b4f8b,54.3478%,21,25,46,17,14,7,8
0xa25f50,88.8298%,21,167,188,0,0,21,167
0x5962d7,52.381%,20,22,42,19,4,16,3
0x50e2bb,79.3814%,20,77,97,3,19,1,74
0x8ad925,77.2727%,20,68,88,56,15,5,12
0x611539,69.2308%,20,45,65,0,0,20,45
0xa42b3d,97.6744%,20,840,860,201,4,16,639
0x7d20fa,88.3721%,20,152,172,120,16,4,32
0x7d2ec0,97.6077%,20,816,836,22,14,6,794
0x8b9a2e,98.2175%,20,1102,1122,155,13,7,947
0xaadc39,93.8462%,20,305,325,305,20,0,0
0x809254,89.9497%,20,179,199,179,20,0,0
0x82255e,97.1631%,20,685,705,478,6,14,207
0x6435b3,48.7179%,20,19,39,0,0,20,19
0x66f61c,70.1493%,20,47,67,0,0,20,47
0xa4d3e5,48.7179%,20,19,39,19,20,0,0
0x900c01,94.012%,20,314,334,314,20,0,0
0x4ad228,0%,20,0,20,0,20,0,0
0xb2304a,87.013%,20,134,154,0,0,20,134
0xa4d87b,83.4711%,20,101,121,0,0,20,101
0x96993c,69.2308%,20,45,65,0,8,12,45
0xa47cd1,48.7179%,20,19,39,19,20,0,0
0x909b38,99.6408%,20,5548,5568,0,0,20,5548
0x90272a,98.2906%,20,1150,1170,12,8,12,1138
0x94dc44,96.5928%,20,567,587,567,20,0,0
0x82149e,98.993%,20,1966,1986,0,0,20,1966
0x90dc8a,97.9188%,20,941,961,912,19,1,29
0x60e657,47.3684%,20,18,38,18,20,0,0
0x8da2ab,98.6404%,20,1451,1471,1451,20,0,0
0x9aa260,45.9459%,20,17,37,0,0,20,17
0x8e74b2,95.0739%,20,386,406,312,11,9,74
0x99a84e,92.6199%,20,251,271,155,14,6,96
0x4a124d,98.2047%,20,1094,1114,0,18,2,1094
0x8f35d4,23.0769%,20,6,26,0,0,20,6
0x8bcac3,90.0498%,20,181,201,172,20,0,9
0x63f36c,90%,20,180,200,0,0,20,180
0x9a69db,76.4706%,20,65,85,1,8,12,64
0x8ec28d,98.3819%,20,1216,1236,1216,18,2,0
0x5fc014,66.1017%,20,39,59,33,7,13,6
0x8ff70f,89.3617%,20,168,188,168,20,0,0
0x99c86f,97.3475%,20,734,754,0,0,20,734
0x58ba5d,82.4561%,20,94,114,91,19,1,3
0x9a1cde,90.1478%,20,183,203,0,0,20,183
0x49b10e,71.831%,20,51,71,51,18,2,0
0x9bdfd4,70.1493%,20,47,67,47,20,0,0
0xa4bbf7,95.3811%,20,413,433,0,0,20,413
0xa3463f,93.3333%,20,280,300,216,9,11,64
0x8e40d8,98.8067%,20,1656,1676,0,0,20,1656
0x9e298e,97.2184%,20,699,719,0,0,20,699
0x6796b4,82.1429%,20,92,112,0,0,20,92
0x817f4d,41.1765%,20,14,34,0,0,20,14
0xa25f57,89.3617%,20,168,188,168,20,0,0
0x8fd47b,69.697%,20,46,66,15,19,1,31
0x4ba32d,93.865%,20,306,326,0,0,20,306
0x9f55a8,75%,20,60,80,10,4,16,50
0x81de0d,99.2806%,20,2760,2780,2760,13,7,0
0x7b2a8c,54.5455%,20,24,44,0,0,20,24
0x4bb67b,61.5385%,20,32,52,0,0,20,32
0x534dee,99.3298%,20,2964,2984,0,0,20,2964
0xa08650,52.381%,20,22,42,22,12,8,0
0x4bb796,90.2913%,20,186,206,185,13,7,1
0x9d0378,94.012%,20,314,334,172,11,9,142
0x4045fb,80.198%,20,81,101,79,13,7,2
0x9e620e,57.4468%,20,27,47,27,20,0,0
0xa02322,99.7337%,20,7489,7509,0,0,20,7489
0x5bd6f2,93.9577%,20,311,331,8,8,12,303
0x5fa411,82.906%,20,97,117,10,11,9,87
0x48b340,93.7695%,20,301,321,0,0,20,301
0x405aa5,95.3704%,20,412,432,108,14,6,304
0x60dbb5,92.7007%,20,254,274,0,0,20,254
0x811d3b,94.709%,20,358,378,358,20,0,0
0x5f9bcb,96.2193%,20,509,529,509,20,0,0
0x51c15e,90.0498%,20,181,201,37,18,2,144
0x64debe,96.3168%,20,523,543,523,16,4,0
0x8eec3c,92.6199%,20,251,271,0,0,20,251
0x59114b,86.755%,20,131,151,56,2,18,75
0x8f1fb2,48.7179%,20,19,39,19,20,0,0
0x6705b3,84.9624%,20,113,133,0,0,20,113
0x610b8c,92.8315%,20,259,279,0,18,2,259
0x543011,94.5055%,20,344,364,4,4,16,340
0xa466b7,78.022%,20,71,91,0,0,20,71
0x49d794,77.2727%,20,68,88,4,7,13,64
0xa429b2,97.7553%,20,871,891,871,20,0,0
0x9e03e9,97.7629%,20,874,894,41,18,2,833
0x491a7d,87.8788%,20,145,165,145,20,0,0
0x8fe099,76.7442%,20,66,86,0,0,20,66
0x9f88d4,33.3333%,20,10,30,9,2,18,1
0x8c87c3,95.4751%,20,422,442,422,20,0,0
0xa30364,88.2353%,20,150,170,150,20,0,0
0x48eb0d,89.7959%,20,176,196,0,20,0,176
0x972501,90.9502%,20,201,221,201,20,0,0
0x499a92,85.7143%,20,120,140,120,20,0,0
0x537390,84.375%,20,108,128,108,20,0,0
0x99da49,44.4444%,20,16,36,16,20,0,0
0x64b9cc,98.5684%,20,1377,1397,1377,20,0,0
0x5485a4,90.0498%,20,181,201,0,0,20,181
0x547c9b,87.013%,20,134,154,132,18,2,2
0x4c013e,82.1429%,20,92,112,92,20,0,0
0x66746a,55.5556%,20,25,45,25,20,0,0
0xa4808c,92.9577%,20,264,284,42,18,2,222
0x59379b,98.3884%,20,1221,1241,0,0,20,1221
0xa47263,88.024%,20,147,167,147,20,0,0
0xa4701f,92.2179%,20,237,257,10,5,15,227
0xa4971b,52.381%,20,22,42,22,20,0,0
0x4b665b,87.0968%,20,135,155,121,5,15,14
0x911447,97.0972%,20,669,689,669,20,0,0
0x9f4591,75%,20,60,80,60,20,0,0
0x8f4c6c,99.2016%,20,2485,2505,26,15,5,2459
0x4bb967,90.1961%,20,184,204,184,20,0,0
0x49ff53,98.6273%,20,1437,1457,841,15,5,596
0x50a0c0,73.6842%,20,56,76,7,7,13,49
0x49fd32,98.3221%,20,1172,1192,0,0,20,1172
0x4bfec1,39.3939%,20,13,33,10,20,0,3
0x609b9d,92.0635%,20,232,252,232,20,0,0
0x8aabd5,87.013%,20,134,154,0,0,20,134
0x900bda,94.012%,20,314,334,0,0,20,314
0x60aedb,60%,20,30,50,30,20,0,0
0x60ae22,60%,20,30,50,30,20,0,0
0x837dec,78.4946%,20,73,93,73,20,0,0
0xa50510,92.2179%,20,237,257,0,4,16,237
0xa2ee31,31.0345%,20,9,29,5,16,4,4
0x4c4720,67.7419%,20,42,62,41,16,4,1
0x53c572,94.898%,20,372,392,372,9,11,0
0x6805f8,13.0435%,20,3,23,0,0,20,3
0x542d69,98.9356%,20,1859,1879,1859,20,0,0
0x97762e,98.5465%,20,1356,1376,1356,20,0,0
0x59c140,90.6542%,20,194,214,194,20,0,0
0x9a11fd,75.3086%,20,61,81,0,0,20,61
0x81eefb,9.09091%,20,2,22,0,18,2,2
0x837967,88.6364%,20,156,176,0,0,20,156
0xa353a1,92.9825%,20,265,285,265,20,0,0
0xa01da8,71.4286%,20,50,70,50,14,6,0
0x558e9c,98.4289%,20,1253,1273,1253,20,0,0
0x7810c0,86.4865%,20,128,148,86,11,9,42
0x8dbb4c,93.6508%,20,295,315,295,20,0,0
0x53936f,84.8485%,20,112,132,92,14,6,20
0x544d50,84.8485%,20,112,132,27,13,7,85
0xa50093,75.3086%,20,61,81,6,10,10,55
0x63c87c,94.7781%,20,363,383,363,20,0,0
0xa41be0,97.358%,20,737,757,737,20,0,0
0xa25c9f,97.861%,20,915,935,131,10,10,784
0xa4a74f,31.0345%,20,9,29,6,0,20,3
0x54d9d2,48.7179%,20,19,39,19,20,0,0
0xa909b9,91.8367%,20,225,245,225,20,0,0
0x80e6a1,95.9839%,20,478,498,242,7,13,236
0x48c453,79.1667%,20,76,96,76,20,0,0
0x677528,89.3617%,20,168,188,0,0,20,168
0x8e12d1,99.1681%,20,2384,2404,1581,17,3,803
0x9ea53d,81.4815%,20,88,108,88,20,0,0
0x5bb283,90%,20,180,200,180,18,2,0
0x4bc8b8,78.7234%,20,74,94,74,20,0,0
0x9f7a77,82.1429%,20,92,112,2,18,2,90
0x5bd4bb,98.9648%,20,1912,1932,0,0,20,1912
0x4c0247,70.5882%,20,48,68,0,0,20,48
0xa5ec20,92.8571%,20,260,280,0,0,20,260
0xaadb62,85.1852%,20,115,135,0,0,20,115
0x9428f7,91.2664%,20,209,229,209,20,0,0
0x781828,82.3009%,20,93,113,87,20,0,6
0xa274e9,94.2363%,20,327,347,13,8,12,314
0x80a5c7,97.6415%,20,828,848,825,18,2,3
0x535710,67.2131%,20,41,61,0,0,20,41
0x60e2e8,96.1977%,20,506,526,0,0,20,506
0x977c0a,98.7908%,20,1634,1654,0,0,20,1634
0x495a67,51.2195%,20,21,41,0,0,20,21
0xa32c9a,78.9474%,20,75,95,75,20,0,0
0x51058d,98.9451%,20,1876,1896,0,0,20,1876
0x6104d5,92.3954%,20,243,263,0,0,20,243
0x65b2e8,88.0952%,20,148,168,148,20,0,0
0x50eebb,75.9036%,20,63,83,0,0,20,63
0x5032f3,72.6027%,20,53,73,0,2,18,53
0x58d491,78.2609%,20,72,92,70,12,8,2
0xa027c6,81.6514%,20,89,109,0,0,20,89
0x4b589f,92.5926%,20,250,270,0,0,20,250
0x542c01,94.5055%,20,344,364,4,2,18,340
0xa44264,59.1837%,20,29,49,29,20,0,0
0x8fce86,88.8889%,20,160,180,3,10,10,157
0x81728c,78.2609%,20,72,92,69,7,13,3
0x9c37ab,69.697%,20,46,66,41,5,15,5
0xa5285a,89.3617%,20,168,188,166,18,2,2
0x99f2f6,84.4961%,20,109,129,0,2,18,109
0x4a13c9,64.2857%,20,36,56,0,0,20,36
0x9a80b1,77.7778%,20,70,90,0,0,20,70
0xaaaf8d,92.8058%,20,258,278,193,6,14,65
0x4a702b,66.6667%,20,40,60,0,0,20,40
0x6416a6,98.7585%,20,1591,1611,1591,20,0,0
0x8fce4b,90.6977%,20,195,215,0,0,20,195
0xa02336,99.7337%,20,7489,7509,7489,20,0,0
0x900ba9,94.0476%,20,316,336,0,0,20,316
0x599159,99.5994%,20,4973,4993,0,0,20,4973
0x94297f,91.2664%,20,209,229,209,20,0,0
0x5b9b62,64.2857%,20,36,56,1,12,8,35
0x9ead45,88.9503%,20,161,181,161,20,0,0
0x84443c,95.6897%,20,444,464,444,16,4,0
0x9e79db,88.1657%,20,149,169,11,17,3,138
0x8ded80,95.4545%,20,420,440,0,0,20,420
0x99a93f,80.3922%,20,82,102,82,20,0,0
0xa48106,91.7355%,20,222,242,222,20,0,0
0x94b074,90.3382%,20,187,207,187,20,0,0
0x4b9fb6,73.6842%,20,56,76,6,20,0,50
0x80b5eb,98.2456%,20,1120,1140,1120,18,2,0
0x63e14c,98.923%,20,1837,1857,1837,20,0,0
0x8ed08a,89.6907%,20,174,194,174,11,9,0
0x9ef250,88.5057%,20,154,174,154,20,0,0
0x5fa908,95.8932%,20,467,487,0,0,20,467
0x661645,98.419%,20,1245,1265,1245,20,0,0
0x63ab91,96.1315%,20,497,517,497,20,0,0
0x97846d,95.8071%,20,457,477,8,10,10,449
0x80a478,97.6275%,20,823,843,823,18,2,0
0xa42828,91.1111%,20,205,225,48,2,18,157
0x9777a8,97.7324%,20,862,882,0,7,13,862
0x80cadd,99.7401%,20,7675,7695,0,0,20,7675
0x5343aa,99.6516%,20,5720,5740,0,0,20,5720
0x81f7b5,78.7234%,20,74,94,33,14,6,41
0x5cb06c,97.7578%,20,872,892,2,4,16,870
0xa46804,93.9024%,20,308,328,0,0,20,308
0x81bfb4,71.4286%,20,50,70,31,5,15,19
0x670642,51.2195%,20,21,41,4,17,3,17
0x90e27f,87.5%,20,140,160,140,20,0,0
0x5de4fc,98.3884%,20,1221,1241,1221,20,0,0
0x53de6f,96.1977%,20,506,526,0,0,20,506
0x404bcc,4.7619%,20,1,21,1,20,0,0
0x5f8c8f,77.5281%,20,69,89,31,13,7,38
0x5e613e,98.6746%,20,1489,1509,0,0,20,1489
0x50ca61,0%,20,0,20,0,0,20,0
0x9a1622,90.1478%,20,183,203,181,1,19,2
0x90d386,96.6611%,20,579,599,0,0,20,579
0xb3024b,99.6895%,20,6421,6441,0,0,20,6421
0x81be64,91.5254%,20,216,236,17,15,5,199
0x908e06,99.5321%,20,4254,4274,4254,20,0,0
0x9e36a3,41.1765%,20,14,34,0,0,20,14
0x4038de,94.429%,20,339,359,3,3,17,336
0x9a9236,91.9355%,20,228,248,0,0,20,228
0x665a07,84.6154%,20,110,130,0,0,20,110
0x542da9,98.9356%,20,1859,1879,0,0,20,1859
0x90a5bc,54.5455%,20,24,44,24,20,0,0
0xa33f40,81.6514%,20,89,109,0,0,20,89
0xa472bd,88.024%,20,147,167,147,20,0,0
0x5dd939,84.9624%,20,113,133,113,20,0,0
0xa59054,83.1933%,20,99,119,90,20,0,9
0x53f028,89.071%,20,163,183,163,20,0,0
0x6084ac,77.7778%,20,70,90,58,18,2,12
0x485bc9,90%,20,180,200,0,2,18,180
0x97a634,85.4015%,20,117,137,92,9,11,25
0x8ed2f7,98.3673%,20,1205,1225,1205,16,4,0
0x63906a,93.8462%,20,305,325,0,0,20,305
0x4802a5,47.3684%,20,18,38,18,20,0,0
0xa54ccf,93.311%,20,279,299,279,20,0,0
0xa591fc,83.1933%,20,99,119,99,20,0,0
0x5356fa,84.375%,20,108,128,49,18,2,59
0x5cb0cd,97.7427%,20,866,886,51,18,2,815
0xa3a1a0,96.9925%,20,645,665,645,20,0,0
0xa3a138,97.2376%,20,704,724,704,20,0,0
0xaa8032,96.2193%,20,509,529,509,20,0,0
0x8f578a,98.115%,20,1041,1061,863,7,13,178
0xa92c66,91.1504%,20,206,226,206,20,0,0
0xa63bad,83.7398%,20,103,123,103,20,0,0
0x5f7948,96.9651%,20,639,659,0,0,20,639
0x8f19a0,58.3333%,20,28,48,0,0,20,28
0x902133,58.3333%,20,28,48,8,8,12,20
0xa024f5,98.8656%,20,1743,1763,1743,20,0,0
0xa311c3,85.8156%,20,121,141,0,0,20,121
0xa1ad9a,72.973%,20,54,74,17,13,7,37
0x8dd3ac,97.7503%,20,869,889,855,16,4,14
0x55654f,95.0125%,20,381,401,0,0,20,381
0xa15d20,59.1837%,20,29,49,22,19,1,7
0x5cfcb8,16.6667%,20,4,24,4,20,0,0
0x809e5e,86.8421%,20,132,152,94,15,5,38
0x918f15,90%,20,180,200,0,0,20,180
0xa04f63,68.254%,20,43,63,0,1,19,43
0xa36db7,37.5%,20,12,32,8,14,6,4
0xaab62f,97.3262%,20,728,748,728,20,0,0
0x9a751c,37.5%,20,12,32,1,9,11,11
0x53d964,89.5288%,20,171,191,0,0,20,171
0x48ec61,79.3814%,20,77,97,68,14,6,9
0x8dce1c,97.2145%,20,698,718,158,17,3,540
0x556efd,91.9028%,20,227,247,0,0,20,227
0xa9050b,51.2195%,20,21,41,0,0,20,21
0x6668ac,96.5753%,20,564,584,564,20,0,0
0x49dfd9,89.7959%,20,176,196,27,13,7,149
0x8ea18f,99.1916%,20,2454,2474,0,0,20,2454
0x49db41,97.7553%,20,871,891,871,20,0,0
0x50620a,96.9088%,20,627,647,0,0,20,627
0x8bade3,95.4853%,20,423,443,0,0,20,423
0x9e2521,86.6667%,20,130,150,4,11,9,126
0x9091fd,98.923%,20,1837,1857,1837,20,0,0
0xa4d4f8,92.9329%,20,263,283,263,20,0,0
0x5078e8,96.7051%,20,587,607,587,20,0,0
0x49c6aa,37.5%,20,12,32,11,5,15,1
0x81cb78,89.011%,20,162,182,0,10,10,162
0x50d2cc,98.7723%,20,1609,1629,0,0,20,1609
0xb31c3b,99.9075%,20,21595,21615,0,0,20,21595
0x50c3e9,96.7532%,20,596,616,0,0,20,596
0x8f2aba,98.0788%,20,1021,1041,898,17,3,123
0x8fccbe,95.7356%,20,449,469,449,20,0,0
0x5adaf5,25.9259%,20,7,27,7,20,0,0
0xa302de,89.7436%,20,175,195,70,15,5,105
0x9484bd,98.613%,20,1422,1442,0,0,20,1422
0x404ea4,72.2222%,20,52,72,0,0,20,52
0xa564fb,96.124%,20,496,516,496,20,0,0
0x50d705,95.5257%,20,427,447,72,12,8,355
0x6ccbd9,97.9123%,20,938,958,0,0,20,938
0xa946cb,56.5217%,20,26,46,2,15,5,24
0x502f9d,79.3814%,20,77,97,77,20,0,0
0x81e96e,96.1686%,20,502,522,430,16,4,72
0x907542,39.3939%,20,13,33,4,12,8,9
0x8adc16,77.5281%,20,69,89,0,0,20,69
0x5efb2d,75.9036%,20,63,83,54,16,4,9
0x9f4ac7,91.1894%,20,207,227,207,20,0,0
0xa8fbcf,91.0714%,20,204,224,0,0,20,204
0x505aec,97.2973%,20,720,740,713,16,4,7
0x9178a6,84.4961%,20,109,129,0,0,20,109
0x53d99b,98.8002%,20,1647,1667,23,2,18,1624
0x55476d,68.254%,20,43,63,0,0,20,43
0x4aae2a,50%,20,20,40,20,20,0,0
0x94479e,83.0508%,20,98,118,0,0,20,98
0xaa241f,41.1765%,20,14,34,0,0,20,14
0xa8a885,75.9036%,20,63,83,39,12,8,24
0x6673de,50%,20,20,40,0,0,20,20
0x9f9405,61.5385%,20,32,52,0,0,20,32
0x4bc869,78.7234%,20,74,94,74,20,0,0
0xa5d05e,92.278%,20,239,259,72,14,6,167
0x48b453,95.086%,20,387,407,387,20,0,0
0x503d6d,56.5217%,20,26,46,26,20,0,0
0xa495d4,95.0495%,20,384,404,384,20,0,0
0x835cc4,47.3684%,20,18,38,12,10,10,6
0x50d2c3,95.6522%,20,440,460,288,10,10,152
0x8f1f8d,86.8421%,20,132,152,33,6,14,99
0x8ed508,99.5693%,20,4624,4644,4624,14,6,0
0x4a6f8d,84.4961%,20,109,129,104,5,15,5
0x48b416,91.1111%,20,205,225,0,0,20,205
0x8f3789,93.75%,20,300,320,300,20,0,0
0x41011f,99.8256%,20,11448,11468,0,0,20,11448
0x5f109a,93.4641%,20,286,306,286,20,0,0
0x489b37,95.283%,20,404,424,0,8,12,404
0x503e7a,64.9123%,20,37,57,17,17,3,20
0x6105cd,78.4946%,20,73,93,73,20,0,0
0x50487c,86.8421%,20,132,152,8,18,2,124
0xa583d1,83.7398%,20,103,123,0,0,20,103
0x494983,76.7442%,20,66,86,66,18,2,0
0x9a8104,91.4894%,20,215,235,215,20,0,0
0x5f85af,91.7695%,20,223,243,223,20,0,0
0x5ff65f,80.198%,20,81,101,1,10,10,80
0x5fbdfe,89.3048%,20,167,187,0,0,20,167
0x9a4570,98.0373%,20,999,1019,0,0,20,999
0x908718,98.7585%,20,1591,1611,1591,20,0,0
0xa5c5af,70.5882%,20,48,68,44,6,14,4
0x53496f,69.697%,20,46,66,39,18,2,7
0xad7b6d,97.4326%,20,759,779,9,14,6,750
0x9d1b81,16.6667%,20,4,24,4,20,0,0
0x9f96ba,70.5882%,20,48,68,48,20,0,0
0x4bbb51,90.1961%,20,184,204,184,20,0,0
0x80e0c4,95.6897%,20,444,464,444,16,4,0
0x8a5df9,95.935%,20,472,492,0,0,20,472
0x5c33c2,91.2664%,20,209,229,0,0,20,209
0x80f0cc,96.063%,20,488,508,487,19,1,1
0x9fc80d,90.9091%,20,200,220,5,9,11,195
0x5ee1d6,88.7006%,20,157,177,0,0,20,157
0x8ff3dc,84.252%,20,107,127,0,0,20,107
0x9bb3f0,69.2308%,20,45,65,0,0,20,45
0xa5edaf,96.4476%,20,543,563,0,0,20,543
0x5fb214,88.024%,20,147,167,14,1,19,133
0x6117d7,71.831%,20,51,71,29,4,16,22
0x82103c,76.7442%,20,66,86,0,0,20,66
0x5fbae9,74.6835%,20,59,79,59,18,2,0
0x80dbaf,90.9091%,20,200,220,0,0,20,200
0xa938c9,88.1657%,20,149,169,0,0,20,149
0x8e8d9f,92.5094%,20,247,267,0,0,20,247
0x9c3eaa,76.7442%,20,66,86,66,20,0,0
0x8bb918,75.6098%,20,62,82,39,6,14,23
0x780204,99.8589%,20,14154,14174,0,0,20,14154
0x822648,89.2473%,20,166,186,159,4,16,7
0x9f01d4,82.4561%,20,94,114,94,20,0,0
0x643bea,98.5985%,20,1407,1427,1407,20,0,0
0x9d0672,76.4706%,20,65,85,38,13,7,27
0xa9688c,91.1504%,20,206,226,0,0,20,206
0x5fb75b,63.6364%,20,35,55,0,0,20,35
0x810492,94.3182%,20,332,352,64,18,2,268
0x8fe9fa,98.5642%,20,1373,1393,1372,8,12,1
0x9fe254,88.5714%,20,155,175,0,0,20,155
0x81a829,97.3719%,20,741,761,0,0,20,741
0xa02957,92.0949%,20,233,253,0,0,20,233
0xa3baa9,91.2281%,20,208,228,0,0,20,208
0x5bd777,98.7508%,20,1581,1601,1482,0,20,99
0x5fe160,84.127%,20,106,126,28,5,15,78
0x5f5467,20%,20,5,25,5,20,0,0
0x9abe1a,88.764%,20,158,178,84,0,20,74
0xa458f0,97.0972%,20,669,689,669,20,0,0
0x81b0e5,93.6909%,20,297,317,0,2,18,297
0x80f5c7,99.4203%,20,3430,3450,0,0,20,3430
0x8a91a3,58.3333%,20,28,48,22,16,4,6
0x66715c,87.2611%,20,137,157,137,14,6,0
0x8140b5,97.3046%,20,722,742,722,20,0,0
0x8f63f6,89.011%,20,162,182,160,10,10,2
0x606a2f,91.1111%,20,205,225,205,20,0,0
0x9fb8bc,83.871%,20,104,124,104,20,0,0
0x8ef48b,86.1111%,20,124,144,0,0,20,124
0x80c137,97.7143%,20,855,875,0,17,3,855
0x53e92a,87.013%,20,134,154,134,20,0,0
0xb22bb4,98.9293%,20,1848,1868,0,0,20,1848
0x591f4d,71.4286%,20,50,70,0,0,20,50
0xa91953,66.1017%,20,39,59,0,17,3,39
0x811a67,97.6275%,20,823,843,823,20,0,0
0xa9d1be,75.6098%,20,62,82,2,14,6,60
0x95240c,94.9239%,20,374,394,0,1,19,374
0x5fd74b,89.1304%,20,164,184,91,1,19,73
0x9f0b9b,77.7778%,20,70,90,0,0,20,70
0x6411cf,98.5497%,20,1359,1379,0,0,20,1359
0x5bd916,97.9123%,20,938,958,938,20,0,0
0xa5c3e3,78.7234%,20,74,94,3,19,1,71
0x809182,97.6275%,20,823,843,823,18,2,0
0x4bb4e5,80.7692%,20,84,104,40,12,8,44
0x9f0ab4,28.5714%,20,8,28,4,20,0,4
0x5fc2a5,82.7586%,20,96,116,0,0,20,96
0x90126d,50%,20,20,40,0,0,20,20
0x8da1bc,86.8421%,20,132,152,55,14,6,77
0x495d95,47.3684%,20,18,38,18,20,0,0
0x911217,73.6842%,20,56,76,0,0,20,56
0xaaaf46,83.871%,20,104,124,0,0,20,104
0x5faeeb,52.381%,20,22,42,6,18,2,16
0x808ba6,93.9394%,20,310,330,0,0,20,310
0x50ffa9,88.5714%,20,155,175,155,20,0,0
0x821f3e,86.8056%,19,125,144,62,10,9,63
0x88ea98,51.2821%,19,20,39,20,19,0,0
0x5bc58f,84.0336%,19,100,119,100,19,0,0
0x81390a,56.8182%,19,25,44,5,8,11,20
0x494885,86.1314%,19,118,137,2,14,5,116
0x4b5e65,83.3333%,19,95,114,31,13,6,64
0x591157,79.5699%,19,74,93,0,1,18,74
0x48e5e7,60.4167%,19,29,48,29,19,0,0
0x984478,71.2121%,19,47,66,33,14,5,14
0x504c78,82.4074%,19,89,108,29,9,10,60
0xa548ac,96.0986%,19,468,487,419,14,5,49
0x8b98c7,99.8534%,19,12945,12964,0,0,19,12945
0x8217fb,96.7466%,19,565,584,0,0,19,565
0x48a300,99.0905%,19,2070,2089,0,0,19,2070
0xa464a4,34.4828%,19,10,29,3,16,3,7
0x9ed5ca,92.6641%,19,240,259,240,13,6,0
0x4b5e75,72.8571%,19,51,70,7,14,5,44
0x90a65e,56.8182%,19,25,44,0,0,19,25
0x50bb93,96.1145%,19,470,489,0,0,19,470
0xa94210,32.1429%,19,9,28,2,0,19,7
0x4a7273,95.1157%,19,370,389,0,0,19,370
0x8f6a23,97.4114%,19,715,734,356,15,4,359
0x807f15,69.3548%,19,43,62,43,19,0,0
0xb2df13,99.3012%,19,2700,2719,0,0,19,2700
0x8ff208,84.1667%,19,101,120,77,11,8,24
0x78d6f7,97.5734%,19,764,783,764,19,0,0
0x7d2eb4,97.8959%,19,884,903,56,11,8,828
0xa4e662,72.0588%,19,49,68,32,2,17,17
0x8c8bb5,76.25%,19,61,80,1,12,7,60
0x481071,50%,19,19,38,1,18,1,18
0x8f3125,97.8628%,19,870,889,0,0,19,870
0x7e1183,52.5%,19,21,40,5,8,11,16
0xa34011,96.5704%,19,535,554,251,3,16,284
0x965fb6,77.1084%,19,64,83,0,0,19,64
0x813b68,81.3725%,19,83,102,67,18,1,16
0x535813,67.2414%,19,39,58,0,1,18,39
0xa33a8e,96.6132%,19,542,561,243,11,8,299
0x4b50d7,85.1562%,19,109,128,107,13,6,2
0x8a5e2c,93.949%,19,295,314,0,0,19,295
0x6439a6,44.1176%,19,15,34,12,2,17,3
0x40bb67,92.5781%,19,237,256,237,16,3,0
0x8d9ee1,77.1084%,19,64,83,64,19,0,0
0x495051,32.1429%,19,9,28,6,12,7,3
0x58f82b,97.7053%,19,809,828,738,16,3,71
0x5fbd9a,60.4167%,19,29,48,0,14,5,29
0x9fb686,92.2764%,19,227,246,22,9,10,205
0x502797,98.3507%,19,1133,1152,1133,17,2,0
0x67fb35,99.7688%,19,8200,8219,0,0,19,8200
0x4b9efa,94.9198%,19,355,374,11,19,0,344
0x44652c,99.036%,19,1952,1971,176,15,4,1776
0x8aed85,91.4798%,19,204,223,1,13,6,203
0x7ac06b,85.7143%,19,114,133,10,6,13,104
0x8df5eb,52.5%,19,21,40,9,4,15,12
0x4021ec,98.9356%,19,1766,1785,1766,19,0,0
0x7d27bd,82.8829%,19,92,111,1,11,8,91
0x58c6b7,83.8983%,19,99,118,9,5,14,90
0xb3234e,98.0392%,19,950,969,0,0,19,950
0xa5ce23,88.4848%,19,146,165,109,17,2,37
0x6069de,91.5556%,19,206,225,206,19,0,0
0x8d3c71,96.3602%,19,503,522,0,0,19,503
0x8341d2,85.1562%,19,109,128,2,2,17,107
0x833a9c,82.7273%,19,91,110,88,11,8,3
0x507227,97.4324%,19,721,740,564,10,9,157
0x4a7bfa,81.3725%,19,83,102,32,19,0,51
0xa52d55,94.7075%,19,340,359,340,19,0,0
0xa27361,82.0755%,19,87,106,56,19,0,31
0x5345cb,99.3175%,19,2765,2784,2765,19,0,0
0x5cb907,77.907%,19,67,86,67,19,0,0
0x503d5d,63.4615%,19,33,52,27,19,0,6
0x90ab35,29.6296%,19,8,27,8,19,0,0
0x48dec0,74.6667%,19,56,75,21,13,6,35
0xb1ae20,95.612%,19,414,433,0,0,19,414
0x78e028,67.2414%,19,39,58,1,8,11,38
0xa46a43,80.2083%,19,77,96,0,0,19,77
0x60019c,29.6296%,19,8,27,1,11,8,7
0x50e236,57.7778%,19,26,45,26,19,0,0
0x816879,91.5929%,19,207,226,0,0,19,207
0x5f9dd2,9.52381%,19,2,21,2,19,0,0
0x9ef162,89.0805%,19,155,174,155,19,0,0
0x98170a,70.3125%,19,45,64,40,7,12,5
0x99da8c,47.2222%,19,17,36,17,19,0,0
0x494388,72.8571%,19,51,70,28,11,8,23
0xb313dd,91.5556%,19,206,225,0,0,19,206
0x552940,98.6525%,19,1391,1410,4,15,4,1387
0x47f2ac,97.542%,19,754,773,0,0,19,754
0x58ebac,99.6364%,19,5207,5226,90,2,17,5117
0x81226e,88.5542%,19,147,166,52,15,4,95
0x47fb5b,0%,19,0,19,0,19,0,0
0xa02743,29.6296%,19,8,27,0,0,19,8
0xa5303b,90.1042%,19,173,192,171,11,8,2
0x951be8,48.6486%,19,18,37,9,19,0,9
0x7819fb,87.8205%,19,137,156,0,0,19,137
0x98ce77,98.9796%,19,1843,1862,1843,7,12,0
0x6472ab,5%,19,1,20,0,0,19,1
0x543a10,85.9259%,19,116,135,116,19,0,0
0x4bc738,89.8936%,19,169,188,0,0,19,169
0x5fc761,84.1667%,19,101,120,101,17,2,0
0xa3b230,91.6667%,19,209,228,0,0,19,209
0xab57e8,91.5929%,19,207,226,207,19,0,0
0xa15ee1,91.3636%,19,201,220,198,11,8,3
0x481eff,50%,19,19,38,15,4,15,4
0x50eeef,75.641%,19,59,78,0,18,1,59
0xa5007b,76.5432%,19,62,81,0,0,19,62
0x40ce73,77.907%,19,67,86,65,19,0,2
0x81bb6c,94.0063%,19,298,317,298,19,0,0
0x547f57,97.5515%,19,757,776,0,4,15,757
0xa27554,91.2037%,19,197,216,197,19,0,0
0x8f75fa,87.8981%,19,138,157,138,19,0,0
0x8dd515,94.6328%,19,335,354,316,8,11,19
0x818ddc,97.7025%,19,808,827,40,11,8,768
0xb346a2,76.8293%,19,63,82,63,19,0,0
0x819d8a,94.1896%,19,308,327,0,0,19,308
0xa503a5,94.7514%,19,343,362,343,15,4,0
0x5eb904,97.7752%,19,835,854,0,0,19,835
0x8ffbdb,99.3829%,19,3060,3079,0,2,17,3060
0xaa8081,96.4083%,19,510,529,250,16,3,260
0x8ff849,90.6863%,19,185,204,101,3,16,84
0x90cefb,97.7435%,19,823,842,823,19,0,0
0x9813b1,74.6667%,19,56,75,56,19,0,0
0x4c0422,77.907%,19,67,86,0,0,19,67
0x402b23,97.9526%,19,909,928,0,0,19,909
0x511d1a,99.5326%,19,4046,4065,145,7,12,3901
0x63a857,90.5%,19,181,200,181,19,0,0
0x81e45f,97.6485%,19,789,808,789,19,0,0
0xa50beb,88.4848%,19,146,165,1,16,3,145
0x63ad81,92.7203%,19,242,261,242,19,0,0
0x9a1452,90.6404%,19,184,203,184,19,0,0
0x5b1513,96.3462%,19,501,520,0,19,0,501
0xa49924,57.7778%,19,26,45,2,8,11,24
0xa33f29,82.5688%,19,90,109,0,0,19,90
0xa50f70,50%,19,19,38,0,0,19,19
0x9e80e9,20.8333%,19,5,24,5,19,0,0
0x40a66a,26.9231%,19,7,26,3,19,0,4
0xa34d8d,92.8302%,19,246,265,0,0,19,246
0x4c403f,90.6863%,19,185,204,185,19,0,0
0xa4980d,54.7619%,19,23,42,0,0,19,23
0x9021c1,90.6404%,19,184,203,184,19,0,0
0x8ef278,60.4167%,19,29,48,0,0,19,29
0x482cb8,50%,19,19,38,0,19,0,19
0x5fda62,79.5699%,19,74,93,74,19,0,0
0xa50810,92.4901%,19,234,253,234,15,4,0
0x53fd2a,93.6877%,19,282,301,0,0,19,282
0x812490,97.7461%,19,824,843,0,0,19,824
0x541410,82.8829%,19,92,111,56,15,4,36
0xa50937,94.6927%,19,339,358,0,0,19,339
0x5e4542,84.2975%,19,102,121,102,19,0,0
0xa557ce,77.1084%,19,64,83,63,18,1,1
0x540d35,94.5714%,19,331,350,0,0,19,331
0x8dc25d,97.5578%,19,759,778,413,11,8,346
0x5b26f9,59.5745%,19,28,47,28,19,0,0
0x5e473e,98.7409%,19,1490,1509,1490,19,0,0
0x8e213e,95.5294%,19,406,425,406,19,0,0
0xa54fef,50%,19,19,38,2,0,19,17
0x90cf63,96.828%,19,580,599,0,0,19,580
0x64f2d6,13.6364%,19,3,22,3,19,0,0
0xa52dc4,94.6328%,19,335,354,0,0,19,335
0x488992,98.1801%,19,1025,1044,0,19,0,1025
0xa560db,76.25%,19,61,80,53,15,4,8
0x9f6565,83.8983%,19,99,118,99,19,0,0
0x8ff573,17.3913%,19,4,23,0,0,19,4
0xa336a1,99.0874%,19,2063,2082,854,10,9,1209
0x9fe5cf,85.8209%,19,115,134,31,13,6,84
0x9e7a8c,86.5248%,19,122,141,122,19,0,0
0x9784ae,95.8606%,19,440,459,440,19,0,0
0x58bc86,76.8293%,19,63,82,15,3,16,48
0x509614,76.8293%,19,63,82,0,0,19,63
0x499b18,96.9404%,19,602,621,602,19,0,0
0xa33978,96.5704%,19,535,554,0,0,19,535
0x81f161,97.7933%,19,842,861,842,19,0,0
0x80558e,72.8571%,19,51,70,51,19,0,0
0x8a5e17,93.949%,19,295,314,0,0,19,295
0x533851,93.4708%,19,272,291,272,1,18,0
0x50fde2,99.8556%,19,13138,13157,0,0,19,13138
0x4bb0e6,96.5201%,19,527,546,527,19,0,0
0x48d827,99.5743%,19,4444,4463,0,0,19,4444
0x5fadb9,42.4242%,19,14,33,0,0,19,14
0x4098cf,93.871%,19,291,310,0,2,17,291
0x49fa41,87.8981%,19,138,157,12,3,16,126
0x53a30b,67.2414%,19,39,58,25,17,2,14
0x666785,67.7966%,19,40,59,14,16,3,26
0x80bd51,95.612%,19,414,433,411,13,6,3
0x64af03,99.9128%,19,21761,21780,21698,18,1,63
0xa4e7f1,88.2716%,19,143,162,0,0,19,143
0x5ff45f,54.7619%,19,23,42,19,12,7,4
0x512e8b,97.6716%,19,797,816,0,0,19,797
0x8addba,78.6517%,19,70,89,70,17,2,0
0x5fb11d,54.7619%,19,23,42,6,3,16,17
0x5fb18e,42.4242%,19,14,33,14,19,0,0
0x9f5fe0,68.3333%,19,41,60,41,19,0,0
0x4ba580,94.4444%,19,323,342,48,0,19,275
0x9a69bb,77.6471%,19,66,85,66,19,0,0
0x9027b0,51.2821%,19,20,39,10,17,2,10
0x64388b,51.2821%,19,20,39,0,0,19,20
0xa52a91,89.8936%,19,169,188,23,1,18,146
0xa51cd0,50%,19,19,38,17,9,10,2
0x558e52,78.4091%,19,69,88,61,5,14,8
0x837eba,85.0394%,19,108,127,5,18,1,103
0x90b319,85.4962%,19,112,131,112,19,0,0
0x550a4f,44.1176%,19,15,34,2,19,0,13
0x8149dd,69.8413%,19,44,63,0,0,19,44
0x4aab50,53.6585%,19,22,41,10,1,18,12
0x8f5750,97.5228%,19,748,767,748,19,0,0
0x405b7d,94.362%,19,318,337,318,17,2,0
0xa4d385,71.6418%,19,48,67,48,19,0,0
0x5af744,69.3548%,19,43,62,34,19,0,9
0xaad9a4,90.7317%,19,186,205,108,12,7,78
0x554e90,86.6197%,19,123,142,123,19,0,0
0x9a3f74,32.1429%,19,9,28,9,19,0,0
0xa46cb5,80.2083%,19,77,96,75,13,6,2
0x593156,36.6667%,19,11,30,10,19,0,1
0x9f25e7,51.2821%,19,20,39,20,19,0,0
0x9a14e5,90.6404%,19,184,203,184,19,0,0
0x91759c,90.5%,19,181,200,0,0,19,181
0x4a5c9b,90.1042%,19,173,192,52,4,15,121
0x8c75b5,99.013%,19,1906,1925,1906,19,0,0
0xa5f28f,98.6769%,19,1417,1436,1417,15,4,0
0x53a1cb,64.8148%,19,35,54,24,18,1,11
0x5fb219,87.5%,19,133,152,133,19,0,0
0x5b9a1d,73.9726%,19,54,73,4,10,9,50
0x9a1bfa,90.6404%,19,184,203,0,0,19,184
0xa35d78,95.7589%,19,429,448,0,0,19,429
0x63fb6f,99.3258%,19,2799,2818,1849,8,11,950
0xa8a77e,77.1084%,19,64,83,0,0,19,64
0x8ddf08,64.8148%,19,35,54,1,7,12,34
0xa31bb0,38.7097%,19,12,31,12,19,0,0
0x9ed916,70.3125%,19,45,64,0,0,19,45
0x9edde2,86.2319%,19,119,138,119,19,0,0
0x9f040e,97.8286%,19,856,875,0,0,19,856
0x9f0a34,93.6242%,19,279,298,13,11,8,266
0xa30da0,76.25%,19,61,80,61,19,0,0
0x9a18bd,90.6404%,19,184,203,177,5,14,7
0x90ecce,98.0229%,19,942,961,0,0,19,942
0x9ab8dd,92.549%,19,236,255,16,4,15,220
0x8eadd2,98.449%,19,1206,1225,0,0,19,1206
0x973d79,80.2083%,19,77,96,0,0,19,77
0x90ab98,98.0229%,19,942,961,942,19,0,0
0x512316,97.3202%,19,690,709,59,8,11,631
0x9e6d88,94.5087%,19,327,346,327,19,0,0
0xa3676d,73.6111%,19,53,72,8,10,9,45
0xa66386,29.6296%,19,8,27,8,19,0,0
0x403edf,99.1963%,19,2345,2364,469,13,6,1876
0x5592df,95.4869%,19,402,421,0,10,9,402
0xa039b5,90.2564%,19,176,195,176,19,0,0
0x9be488,40.625%,19,13,32,13,19,0,0
0x48f643,59.5745%,19,28,47,25,19,0,3
0x502d29,94.9735%,19,359,378,172,16,3,187
0x909018,98.9768%,19,1838,1857,1838,19,0,0
0x900bf0,94.3114%,19,315,334,0,0,19,315
0xa568d2,36.6667%,19,11,30,10,14,5,1
0x55604a,92.1488%,19,223,242,0,1,18,223
0x9a7e26,24%,19,6,25,0,0,19,6
0x5501b2,86.0294%,19,117,136,0,0,19,117
0x9a7f61,87.4172%,19,132,151,111,16,3,21
0x67f122,99.0599%,19,2002,2021,0,0,19,2002
0x8b9e2c,98.3844%,19,1157,1176,2,13,6,1155
0x8151e1,67.7966%,19,40,59,36,15,4,4
0x9eb3aa,73.6111%,19,53,72,25,19,0,28
0x48a62e,98.9112%,19,1726,1745,0,0,19,1726
0xa60a68,93.75%,19,285,304,285,19,0,0
0xa39d0c,77.1084%,19,64,83,0,0,19,64
0x9ed644,98%,19,931,950,0,6,13,931
0x81c796,68.3333%,19,41,60,0,0,19,41
0x48d02e,32.1429%,19,9,28,9,19,0,0
0x5bd6cf,94.2598%,19,312,331,0,0,19,312
0x4943e0,72.8571%,19,51,70,44,10,9,7
0x9429b4,74.6667%,19,56,75,56,19,0,0
0xa311cc,91.4798%,19,204,223,204,19,0,0
0xa9def1,60.4167%,19,29,48,8,19,0,21
0xa57bcf,68.8525%,19,42,61,2,9,10,40
0x9eb2cd,72.0588%,19,49,68,48,8,11,1
0x90abd0,97.7933%,19,842,861,28,12,7,814
0x8e300a,99.0389%,19,1958,1977,1958,19,0,0
0x80d530,78.4091%,19,69,88,69,19,0,0
0x8f68f6,98.1571%,19,1012,1031,1012,17,2,0
0x911903,98.1643%,19,1016,1035,87,9,10,929
0x8ebb3c,96.0986%,19,468,487,468,19,0,0
0x8f5f4e,84.0336%,19,100,119,33,7,12,67
0xa5be9d,40.625%,19,13,32,7,17,2,6
0x81d007,89.2655%,19,158,177,3,7,12,155
0x97bad8,89.2045%,19,157,176,20,1,18,137
0x8f0aa3,96.8801%,19,590,609,551,16,3,39
0x506f0e,80.4124%,19,78,97,69,8,11,9
0xa2dcd7,47.2222%,19,17,36,0,0,19,17
0x950fc4,95.6019%,19,413,432,413,19,0,0
0x8eae6d,96.0986%,19,468,487,416,5,14,52
0x5bd0c3,98.029%,19,945,964,909,11,8,36
0xa02e1d,82.5688%,19,90,109,90,19,0,0
0x4ba7a4,94.4444%,19,323,342,36,12,7,287
0x8b9f67,97.9894%,19,926,945,920,10,9,6
0xa31ece,74.3243%,19,55,74,27,1,18,28
0x8def1c,95.4976%,19,403,422,0,0,19,403
0x4c1275,20.8333%,19,5,24,5,19,0,0
0x5baa07,95.5916%,19,412,431,380,17,2,32
0x9ebef3,68.8525%,19,42,61,42,19,0,0
0x9ea562,82.4074%,19,89,108,75,7,12,14
0x9f771b,71.2121%,19,47,66,47,19,0,0
0x551cd1,80.8081%,19,80,99,80,19,0,0
0x5bd931,98.0167%,19,939,958,939,19,0,0
0xb46679,99.9163%,19,22687,22706,0,1,18,22687
0x80506a,94.2424%,19,311,330,311,19,0,0
0xaa29b0,84.6774%,19,105,124,105,19,0,0
0xa938eb,47.2222%,19,17,36,10,15,4,7
0x40b136,90.2564%,19,176,195,2,0,19,174
0x5e0155,86.8966%,19,126,145,126,19,0,0
0x9f0295,79.7872%,19,75,94,75,19,0,0
0x7d186b,96.4684%,19,519,538,55,16,3,464
0x63fb7f,98.0229%,19,942,961,0,0,19,942
0xaa0613,62%,19,31,50,0,0,19,31
0x58d318,79.3478%,19,73,92,0,0,19,73
0x5570cd,92.1811%,19,224,243,0,0,19,224
0x7d3103,94.8649%,19,351,370,18,1,18,333
0x9694e1,99.2057%,19,2373,2392,0,4,15,2373
0x9a9439,52.5%,19,21,40,4,16,3,17
0x4b5041,85.4962%,19,112,131,2,7,12,110
0x909163,98.9768%,19,1838,1857,1838,19,0,0
0x90e4a4,96.8491%,19,584,603,0,0,19,584
0x8ff636,54.7619%,19,23,42,23,19,0,0
0x40507c,99.4905%,19,3710,3729,1,5,14,3709
0x643853,57.7778%,19,26,45,26,19,0,0
0x4036fa,97.598%,19,772,791,11,1,18,761
0x4b9cd9,9.52381%,19,2,21,2,19,0,0
0x4ba29f,96.2376%,19,486,505,486,19,0,0
0x58cb8b,81.5534%,19,84,103,0,0,19,84
0x4038c0,95.1282%,19,371,390,0,3,16,371
0x5038c1,58.6957%,19,27,46,21,15,4,6
0xaab7e8,80.8081%,19,80,99,80,19,0,0
0x8220ee,93.7908%,19,287,306,287,19,0,0
0x9f02cf,79.7872%,19,75,94,75,19,0,0
0x98b3f4,64.1509%,19,34,53,4,15,4,30
0x67f2d1,92.6923%,19,241,260,241,19,0,0
0x9a6f96,45.7143%,19,16,35,0,9,10,16
0x5c5d17,84.5528%,19,104,123,0,0,19,104
0x80db10,91.3636%,19,201,220,0,0,19,201
0xaa34ee,97.9437%,19,905,924,905,19,0,0
0x410005,62.7451%,19,32,51,0,2,17,32
0xaaa3a4,72.8571%,19,51,70,51,19,0,0
0x8a6c83,91.2037%,19,197,216,197,17,2,0
0x5b1535,65.4545%,19,36,55,33,14,5,3
0x983dad,86.2319%,19,119,138,110,12,7,9
0x8f4ad0,99.2415%,19,2486,2505,0,0,19,2486
0x8a6735,78.8889%,19,71,90,17,12,7,54
0x900526,99.8424%,19,12039,12058,0,0,19,12039
0xa90bb2,86.1314%,19,118,137,0,0,19,118
0xa2638b,95.297%,19,385,404,283,13,6,102
0xa07aeb,62%,19,31,50,26,16,3,5
0x8a8c3b,96.9841%,19,611,630,35,10,9,576
0x722a3f,80%,19,76,95,7,7,12,69
0x9a683f,87.0748%,19,128,147,0,0,19,128
0x4bc77b,90.5%,19,181,200,30,12,7,151
0x981490,75%,19,57,76,16,11,8,41
0x81c2bc,66.6667%,19,38,57,13,10,9,25
0x99acb5,92.549%,19,236,255,236,19,0,0
0x8e48bb,98.3156%,19,1109,1128,52,13,6,1057
0x81905d,44.1176%,19,15,34,0,0,19,15
0x984031,87.9747%,19,139,158,139,7,12,0
0x550dee,20.8333%,19,5,24,5,19,0,0
0x542272,99.6817%,19,5950,5969,0,0,19,5950
0xa3412f,92.5197%,19,235,254,17,7,12,218
0x8a7367,95.9574%,19,451,470,0,0,19,451
0xa1af24,56.8182%,19,25,44,25,19,0,0
0x542e14,99.1582%,19,2238,2257,2238,19,0,0
0x909137,98.4258%,19,1188,1207,1188,19,0,0
0x8a61e4,87.6623%,19,135,154,135,19,0,0
0x8e7264,94.2598%,19,312,331,312,19,0,0
0x81bf07,40.625%,19,13,32,13,19,0,0
0xa589a2,83.6207%,19,97,116,6,6,13,91
0x9f990c,85.8209%,19,115,134,100,9,10,15
0x8fc455,71.2121%,19,47,66,0,0,19,47
0x9a7016,45.7143%,19,16,35,8,1,18,8
0xa4978c,94.0625%,19,301,320,7,11,8,294
0x54370e,44.1176%,19,15,34,6,2,17,9
0x489a45,96.6608%,19,550,569,550,19,0,0
0xa91ea0,90.2564%,19,176,195,174,17,2,2
0x7efdb7,88.6905%,19,149,168,149,19,0,0
0x7c7069,90.2564%,19,176,195,24,12,7,152
0x677bc5,75.641%,19,59,78,30,18,1,29
0x5f8682,88.6228%,19,148,167,129,6,13,19
0x90a3f2,93.8312%,19,289,308,116,16,3,173
0x9ab369,98.3691%,19,1146,1165,0,0,19,1146
0x5fae59,60.4167%,19,29,48,5,10,9,24
0x548cf9,98.789%,19,1550,1569,1550,19,0,0
0xa34320,64.1509%,19,34,53,32,3,16,2
0xb0b583,99.6823%,19,5961,5980,0,0,19,5961
0xa58e6a,86.9863%,19,127,146,0,0,19,127
0x4c031d,62.7451%,19,32,51,32,19,0,0
0x9e18c5,84.1667%,19,101,120,101,19,0,0
0x4c2bc8,77.381%,19,65,84,8,19,0,57
0x8e37d1,90.6404%,19,184,203,32,12,7,152
0x4c7007,42.4242%,19,14,33,14,19,0,0
0x4bd710,51.2821%,19,20,39,0,0,19,20
0x8ded44,95.6818%,19,421,440,186,4,15,235
0xa46984,91.7391%,19,211,230,1,12,7,210
0x900b57,94.3452%,19,317,336,317,19,0,0
0xa91010,96.2672%,19,490,509,86,7,12,404
0xa6612f,83.1858%,19,94,113,0,0,19,94
0x5f840b,87.3333%,19,131,150,2,2,17,129
0x552209,99.0673%,19,2018,2037,2018,19,0,0
0xa4824f,68.3333%,19,41,60,29,19,0,12
0x8080a5,97.7461%,19,824,843,269,13,6,555
0x944579,92.2764%,19,227,246,17,7,12,210
0x51b51d,0%,19,0,19,0,19,0,0
0x8e395f,60.4167%,19,29,48,29,19,0,0
0x81f2e6,67.7966%,19,40,59,18,1,18,22
0x97b8a2,53.6585%,19,22,41,22,19,0,0
0xb17ac7,98.2092%,19,1042,1061,332,14,5,710
0x814cca,69.8413%,19,44,63,43,18,1,1
0x541818,96.3391%,19,500,519,500,19,0,0
0x99d98a,85.0394%,19,108,127,0,0,19,108
0x9ebaea,95.0521%,19,365,384,0,0,19,365
0x80a8d6,97.7647%,19,831,850,0,2,17,831
0x8ff1f2,87.6623%,19,135,154,56,0,19,79
0x9bb3d6,72.3077%,18,47,65,0,0,18,47
0xa481e9,94.0397%,18,284,302,234,8,10,50
0x817ccd,93.3333%,18,252,270,16,4,14,236
0x495a03,5.26316%,18,1,19,1,0,18,0
0x8bcf30,94.5783%,18,314,332,0,0,18,314
0xaa037b,85.124%,18,103,121,0,0,18,103
0xaa6437,80%,18,72,90,72,18,0,0
0xa4fece,92.8854%,18,235,253,235,14,4,0
0x99e03f,35.7143%,18,10,28,10,18,0,0
0x4036a9,5.26316%,18,1,19,1,18,0,0
0x944d20,68.9655%,18,40,58,0,0,18,40
0xa32c4e,98.0583%,18,909,927,0,0,18,909
0xa33aaa,98.6567%,18,1322,1340,1263,5,13,59
0x9e2aac,75.6757%,18,56,74,56,18,0,0
0x8a3475,96.3415%,18,474,492,474,14,4,0
0x49ec21,94.4099%,18,304,322,0,0,18,304
0x9a9e10,66.6667%,18,36,54,25,4,14,11
0x673d7e,5.26316%,18,1,19,0,0,18,1
0x49f630,85.7143%,18,108,126,38,9,9,70
0xa27610,99.0844%,18,1948,1966,0,0,18,1948
0x4857d4,33.3333%,18,9,27,0,12,6,9
0x6096dc,88.8889%,18,144,162,0,0,18,144
0x821264,98.5554%,18,1228,1246,0,0,18,1228
0x406cae,85.124%,18,103,121,47,16,2,56
0x504173,70.9677%,18,44,62,44,18,0,0
0x5fafe6,0%,18,0,18,0,18,0,0
0x4a01a2,82.1782%,18,83,101,83,18,0,0
0x9a1d9c,92.4051%,18,219,237,1,14,4,218
0x40a9a3,68.9655%,18,40,58,9,17,1,31
0x5fba8f,74.2857%,18,52,70,21,4,14,31
0x638df0,96.7093%,18,529,547,0,0,18,529
0x9e37cb,28%,18,7,25,7,18,0,0
0x8aab30,5.26316%,18,1,19,0,0,18,1
0x610216,45.4545%,18,15,33,0,0,18,15
0x9be5b5,93.0233%,18,240,258,237,11,7,3
0x81a41e,95.6204%,18,393,411,0,0,18,393
0x973d47,82.5243%,18,85,103,5,2,16,80
0x5c56f9,78.3133%,18,65,83,29,9,9,36
0x4057d9,96.8028%,18,545,563,66,15,3,479
0x533615,57.1429%,18,24,42,21,14,4,3
0x4a1235,97.7695%,18,789,807,789,18,0,0
0x64739a,97%,18,582,600,0,0,18,582
0xa5412f,97.4063%,18,676,694,676,18,0,0
0xaa2f5c,97.0968%,18,602,620,500,18,0,102
0x5f6d6b,55%,18,22,40,3,8,10,19
0xa52f4b,90.625%,18,174,192,168,4,14,6
0x9a1cb9,91.133%,18,185,203,0,0,18,185
0x8e186a,99.9256%,18,24181,24199,0,0,18,24181
0xa5172e,80.8511%,18,76,94,1,16,2,75
0x98ccdb,87.3239%,18,124,142,124,18,0,0
0x5038d1,50%,18,18,36,18,18,0,0
0x495ba1,5.26316%,18,1,19,1,18,0,0
0x7dfb3d,78.3133%,18,65,83,4,9,9,61
0x815a6e,87.0504%,18,121,139,86,12,6,35
0x495dd0,52.6316%,18,20,38,11,8,10,9
0x5c360c,97.493%,18,700,718,700,18,0,0
0x9aadc8,77.2152%,18,61,79,0,0,18,61
0xa34ec7,84.6154%,18,99,117,0,0,18,99
0x64305b,94.7674%,18,326,344,0,0,18,326
0xb18269,98.209%,18,987,1005,803,0,18,184
0x82214e,94.1176%,18,288,306,288,18,0,0
0x482e8b,5.26316%,18,1,19,1,18,0,0
0x5f1fb2,50%,18,18,36,15,18,0,3
0x4a5d29,67.2727%,18,37,55,0,0,18,37
0xa43f77,71.875%,18,46,64,0,0,18,46
0xa39f9a,72.3077%,18,47,65,0,0,18,47
0x81f223,99.0664%,18,1910,1928,0,0,18,1910
0xb1b6bd,98.209%,18,987,1005,987,18,0,0
0x49433a,73.1343%,18,49,67,48,6,12,1
0x8aa819,10%,18,2,20,0,0,18,2
0x51af8b,95.082%,18,348,366,61,14,4,287
0x49c8e0,64.7059%,18,33,51,1,1,17,32
0x48145d,5.26316%,18,1,19,1,18,0,0
0x8ebfae,98.5437%,18,1218,1236,1152,16,2,66
0x8b9e5a,98.4496%,18,1143,1161,1143,18,0,0
0xa5f948,95.8998%,18,421,439,0,4,14,421
0x9e2aed,75.6757%,18,56,74,0,0,18,56
0x507eff,96.6229%,18,515,533,514,14,4,1
0x7d2191,96.7568%,18,537,555,537,14,4,0
0xa0667a,71.4286%,18,45,63,3,15,3,42
0xb17b5c,97.4825%,18,697,715,697,18,0,0
0x4bf4b8,73.5294%,18,50,68,30,18,0,20
0xa9286d,63.2653%,18,31,49,0,0,18,31
0x9be4b4,75%,18,54,72,53,17,1,1
0x5c502a,45.4545%,18,15,33,0,0,18,15
0x557784,96.5116%,18,498,516,498,18,0,0
0x9ec377,55%,18,22,40,22,18,0,0
0x60a8e3,97.7215%,18,772,790,0,0,18,772
0xa4eda0,88.8889%,18,144,162,0,0,18,144
0x780378,98.6456%,18,1311,1329,1311,18,0,0
0x80707b,95.4082%,18,374,392,374,18,0,0
0x8a931a,98.7755%,18,1452,1470,0,0,18,1452
0x66f692,62.5%,18,30,48,19,12,6,11
0x822573,91.8552%,18,203,221,164,1,17,39
0xa94573,37.931%,18,11,29,0,2,16,11
0x7e1166,57.1429%,18,24,42,0,2,16,24
0x7d26dc,97.7995%,18,800,818,482,14,4,318
0x8a97e6,99.8621%,18,13034,13052,0,0,18,13034
0x90a67f,59.0909%,18,26,44,0,0,18,26
0x90c8e1,76.9231%,18,60,78,60,18,0,0
0x9ab8f5,92.3404%,18,217,235,0,4,14,217
0x543b55,91.3876%,18,191,209,0,0,18,191
0x8ee80c,95.6098%,18,392,410,391,16,2,1
0x8e02c4,96.8421%,18,552,570,0,0,18,552
0x53c7cb,97.8495%,18,819,837,0,0,18,819
0x674fec,43.75%,18,14,32,0,0,18,14
0x8fea2f,64%,18,32,50,0,0,18,32
0x4b6f03,35.7143%,18,10,28,10,18,0,0
0x80bbf0,78.0488%,18,64,82,3,4,14,61
0xb2ffcb,97.5709%,18,723,741,0,0,18,723
0xa25af6,98.2231%,18,995,1013,0,0,18,995
0xa05251,60%,18,27,45,9,5,13,18
0x4c4c4c,64%,18,32,50,0,0,18,32
0x58c04c,76.3158%,18,58,76,4,2,16,54
0x977f0b,98.8166%,18,1503,1521,0,0,18,1503
0x901977,94.958%,18,339,357,324,14,4,15
0x813c76,98.0892%,18,924,942,924,18,0,0
0x8e39a2,55%,18,22,40,0,8,10,22
0x4c8bc9,86.4662%,18,115,133,115,18,0,0
0xa30858,98.2692%,18,1022,1040,0,0,18,1022
0xa474d8,57.1429%,18,24,42,0,0,18,24
0x96c1e6,85.2459%,18,104,122,104,18,0,0
0x9a1e56,83.7838%,18,93,111,16,14,4,77
0x506217,97.2179%,18,629,647,627,9,9,2
0x4c9e57,98.0871%,18,923,941,40,6,12,883
0xaa4740,90.1099%,18,164,182,164,2,16,0
0x970ebd,98.9905%,18,1765,1783,0,0,18,1765
0x9e761b,92.5311%,18,223,241,36,18,0,187
0xaa63d7,80%,18,72,90,72,18,0,0
0x5b9dbf,62.5%,18,30,48,13,10,8,17
0x5ffe67,86.0465%,18,111,129,111,18,0,0
0x550ed2,63.2653%,18,31,49,0,0,18,31
0x8a50b3,47.0588%,18,16,34,1,18,0,15
0x49e552,88.8199%,18,143,161,0,0,18,143
0x5cbb58,86.2595%,18,113,131,113,18,0,0
0xa56196,85.7143%,18,108,126,108,18,0,0
0x5cbda9,86.2595%,18,113,131,0,0,18,113
0x4bc745,90.4255%,18,170,188,92,2,16,78
0x58cbec,33.3333%,18,9,27,9,18,0,0
0x643715,53.8462%,18,21,39,21,18,0,0
0x59c950,88.8889%,18,144,162,144,18,0,0
0x8dcb46,99.2171%,18,2281,2299,657,11,7,1624
0x81063e,89.0244%,18,146,164,0,0,18,146
0xa35f62,64%,18,32,50,22,13,5,10
0xa59550,14.2857%,18,3,21,0,0,18,3
0x90a7c5,88.2353%,18,135,153,0,0,18,135
0x5edca5,98.2178%,18,992,1010,992,11,7,0
0x40e6b0,78.3133%,18,65,83,38,7,11,27
0x9aa18c,74.2857%,18,52,70,0,10,8,52
0x8efe77,30.7692%,18,8,26,0,0,18,8
0x90d46b,94.0397%,18,284,302,0,0,18,284
0x6dcc06,57.1429%,18,24,42,0,0,18,24
0xa42093,98.2301%,18,999,1017,0,0,18,999
0x7d3763,83.0189%,18,88,106,28,11,7,60
0x58feb3,97.6316%,18,742,760,491,16,2,251
0x609cbf,97.2973%,18,648,666,0,0,18,648
0xa4819b,92.437%,18,220,238,177,16,2,43
0xa26093,96.6102%,18,513,531,138,3,15,375
0x591f7c,74.2857%,18,52,70,9,9,9,43
0x543a9e,60%,18,27,45,0,0,18,27
0x5fa2d6,88.535%,18,139,157,139,18,0,0
0x8a8fbd,87.1429%,18,122,140,122,18,0,0
0xa582bf,21.7391%,18,5,23,5,18,0,0
0x9a6443,89.7727%,18,158,176,153,13,5,5
0x48dda0,90.9091%,18,180,198,180,18,0,0
0x5d1a7e,83.6364%,18,92,110,92,18,0,0
0x509b5c,99.0405%,18,1858,1876,0,0,18,1858
0xa347b8,98.6133%,18,1280,1298,0,0,18,1280
0x64381f,88.6792%,18,141,159,0,0,18,141
0x40a2ba,41.9355%,18,13,31,13,18,0,0
0x405e27,75%,18,54,72,31,11,7,23
0x4ace36,70.9677%,18,44,62,44,18,0,0
0x813a13,59.0909%,18,26,44,11,11,7,15
0x507174,97.5676%,18,722,740,593,11,7,129
0x58eb6a,99.6556%,18,5208,5226,5208,18,0,0
0x808087,97.8774%,18,830,848,829,14,4,1
0x8dcaf4,97.6864%,18,760,778,760,18,0,0
0x9e3866,94.8276%,18,330,348,0,0,18,330
0x8e3dc5,88.6792%,18,141,159,115,3,15,26
0xa9ed60,77.7778%,18,63,81,63,18,0,0
0x8f4c80,99.2695%,18,2446,2464,0,0,18,2446
0x7c716d,65.3846%,18,34,52,1,7,11,33
0x8e2f88,99.0895%,18,1959,1977,1765,3,15,194
0x8c87b3,96.0352%,18,436,454,0,12,6,436
0x4825aa,52.6316%,18,20,38,17,2,16,3
0xa39fcc,98.6333%,18,1299,1317,1299,18,0,0
0x5b0f40,68.9655%,18,40,58,40,18,0,0
0x8108f8,93.1818%,18,246,264,0,0,18,246
0x814b76,95.6098%,18,392,410,391,3,15,1
0x8a6433,85.2459%,18,104,122,4,13,5,100
0xa589de,87.6712%,18,128,146,0,8,10,128
0x5bb4fe,98.7161%,18,1384,1402,1384,16,2,0
0x81f264,61.7021%,18,29,47,3,0,18,26
0x6809e1,96.334%,18,473,491,0,0,18,473
0x54123c,90.3743%,18,169,187,0,0,18,169
0x600100,33.3333%,18,9,27,0,0,18,9
0x9ed2c7,68.4211%,18,39,57,39,18,0,0
0x9f8873,40%,18,12,30,2,9,9,10
0x402e7c,47.0588%,18,16,34,0,0,18,16
0x97bc03,73.913%,18,51,69,50,17,1,1
0x8ece0a,98.191%,18,977,995,977,18,0,0
0x81e765,87.0504%,18,121,139,121,18,0,0
0x8db66e,92.8571%,18,234,252,234,18,0,0
0x8c757d,98.0973%,18,928,946,0,3,15,928
0x4a5caa,90.625%,18,174,192,0,0,18,174
0x7899bd,35.7143%,18,10,28,6,16,2,4
0x8fecdc,93.2075%,18,247,265,0,0,18,247
0x9746c7,73.5294%,18,50,68,35,14,4,15
0x4045f4,87.0504%,18,121,139,26,12,6,95
0x53f2e9,95.8042%,18,411,429,411,18,0,0
0xa8a800,89.7143%,18,157,175,0,0,18,157
0x4036db,97.6893%,18,761,779,0,0,18,761
0x90c9d0,82.8571%,18,87,105,87,18,0,0
0x902594,98.9393%,18,1679,1697,1679,18,0,0
0xa4a9a8,82.6923%,18,86,104,0,0,18,86
0x5ff104,53.8462%,18,21,39,21,18,0,0
0x40998e,89.8305%,18,159,177,157,18,0,2
0x539e2e,84.3478%,18,97,115,97,18,0,0
0x8142e9,99.0854%,18,1950,1968,0,0,18,1950
0x686968,93.5943%,18,263,281,0,0,18,263
0x53ec3f,88.3117%,18,136,154,136,13,5,0
0x81492d,94.5455%,18,312,330,0,0,18,312
0xa4e8fe,88.75%,18,142,160,0,0,18,142
0x81ba03,91.1765%,18,186,204,0,0,18,186
0x499ae1,87.1429%,18,122,140,122,18,0,0
0x98fac9,92.9961%,18,239,257,239,18,0,0
0x51b90b,99.6584%,18,5252,5270,5252,18,0,0
0x591f15,99.5234%,18,3759,3777,20,1,17,3739
0x7814a5,79.5455%,18,70,88,70,18,0,0
0x49a5c5,90.8163%,18,178,196,178,18,0,0
0x627da4,21.7391%,18,5,23,0,0,18,5
0x60e338,96.5779%,18,508,526,0,0,18,508
0x48196b,37.931%,18,11,29,11,18,0,0
0x5dd565,98.5496%,18,1223,1241,1223,18,0,0
0x9e292b,40%,18,12,30,10,0,18,2
0x8e44ac,95.1743%,18,355,373,3,5,13,352
0x8a9233,62.5%,18,30,48,13,8,10,17
0x9c3c95,50%,18,18,36,18,9,9,0
0x5fff7d,97.8469%,18,818,836,818,18,0,0
0x5ffe94,97.8469%,18,818,836,0,0,18,818
0x64b5a4,99.893%,18,16804,16822,16804,18,0,0
0x9519d7,86.7647%,18,118,136,118,18,0,0
0x816936,69.4915%,18,41,59,32,6,12,9
0x48ae2c,99.6678%,18,5401,5419,5401,18,0,0
0x8e7e2e,94.5619%,18,313,331,0,0,18,313
0x48bfff,87.5%,18,126,144,126,18,0,0
0xab57a5,93.2836%,18,250,268,250,18,0,0
0x9f252d,78.0488%,18,64,82,0,0,18,64
0x806024,91.8919%,18,204,222,204,18,0,0
0x53a2fc,64%,18,32,50,8,0,18,24
0x9f5a19,61.7021%,18,29,47,29,18,0,0
0x4816a5,52.6316%,18,20,38,14,5,13,6
0xa9759f,48.5714%,18,17,35,2,18,0,15
0x78ad23,59.0909%,18,26,44,13,8,10,13
0x6a3a5b,71.875%,18,46,64,26,12,6,20
0x97bae9,84.2105%,18,96,114,96,18,0,0
0x48b19a,58.1395%,18,25,43,23,16,2,2
0x8dcdc5,97.5069%,18,704,722,613,8,10,91
0x552b61,43.75%,18,14,32,10,18,0,4
0x8ee0d3,95.599%,18,391,409,0,0,18,391
0x9ab2e3,98.0349%,18,898,916,0,0,18,898
0x512e86,97.7941%,18,798,816,0,0,18,798
0x835ccf,52.6316%,18,20,38,16,12,6,4
0xa393e7,97.1698%,18,618,636,607,15,3,11
0x492f33,75%,18,54,72,19,15,3,35
0x511c4c,99.5572%,18,4047,4065,4045,6,12,2
0x81fd40,94.3574%,18,301,319,261,10,8,40
0x48de4d,88.0795%,18,133,151,0,0,18,133
0x50f263,47.0588%,18,16,34,8,16,2,8
0x490f06,56.0976%,18,23,41,0,0,18,23
0x8f3777,94.375%,18,302,320,0,0,18,302
0x5f062e,85.2459%,18,104,122,6,11,7,98
0x8fd6ea,40%,18,12,30,12,18,0,0
0x542c12,94.9721%,18,340,358,340,10,8,0
0x819f98,75.6757%,18,56,74,56,18,0,0
0xa47e68,48.5714%,18,17,35,0,0,18,17
0xa2e28c,93.6396%,18,265,283,211,8,10,54
0xa450d7,95.4774%,18,380,398,0,0,18,380
0x558a7f,95.122%,18,351,369,0,0,18,351
0xa07444,70%,18,42,60,7,4,14,35
0x4898e1,95.288%,18,364,382,0,8,10,364
0x8df2fb,25%,18,6,24,0,0,18,6
0x8f0a72,84.6154%,18,99,117,99,18,0,0
0x90b2c7,86.2595%,18,113,131,0,0,18,113
0xa25f0d,90.4255%,18,170,188,130,11,7,40
0x5f768b,85.6%,18,107,125,85,10,8,22
0x9ff624,18.1818%,18,4,22,0,0,18,4
0x4b4b2c,60.8696%,18,28,46,17,14,4,11
0x5f7d25,86.6667%,18,117,135,115,4,14,2
0x6117a5,76.3158%,18,58,76,18,15,3,40
0x6191b1,97.7215%,18,772,790,772,18,0,0
0x9a7bef,96.78%,18,541,559,1,7,11,540
0xb22ba7,99.0364%,18,1850,1868,0,0,18,1850
0x9c40f7,93.0769%,18,242,260,0,0,18,242
0x47f249,98.4071%,18,1112,1130,0,0,18,1112
0x8f417c,94.4615%,18,307,325,307,18,0,0
0x781d5d,99.9227%,18,23253,23271,0,0,18,23253
0x8d9bc9,98.7838%,18,1462,1480,1105,5,13,357
0xa02212,33.3333%,18,9,27,0,0,18,9
0x9f1738,80%,18,72,90,0,0,18,72
0x49bd58,48.5714%,18,17,35,11,18,0,6
0x409f2b,77.7778%,18,63,81,63,18,0,0
0xa55ea8,65.3846%,18,34,52,34,2,16,0
0xa50f47,92.9961%,18,239,257,0,4,14,239
0xb2add5,98.2659%,18,1020,1038,0,0,18,1020
0x535138,82%,18,82,100,0,0,18,82
0x556bbe,92.9412%,18,237,255,0,8,10,237
0x5b2f70,91.5493%,18,195,213,7,0,18,188
0x8118e7,56.0976%,18,23,41,9,8,10,14
0xa487ae,92.562%,18,224,242,63,1,17,161
0xa51218,18.1818%,18,4,22,4,18,0,0
0x8fe0cf,77.5%,18,62,80,0,8,10,62
0xa6613d,84.0708%,18,95,113,0,0,18,95
0xa3670e,84.4828%,18,98,116,98,8,10,0
0x6705d5,86.4662%,18,115,133,0,0,18,115
0x8087f2,92.2078%,18,213,231,2,7,11,211
0xaa8f97,21.7391%,18,5,23,5,18,0,0
0xa02c34,75%,18,54,72,54,16,2,0
0x65a0a3,98.8342%,18,1526,1544,1445,18,0,81
0x49cdf3,48.5714%,18,17,35,6,7,11,11
0x50ff38,98.1366%,18,948,966,0,0,18,948
0xa33dbc,94.5122%,18,310,328,24,15,3,286
0x961343,82.1782%,18,83,101,83,18,0,0
0x540a57,83.0189%,18,88,106,88,16,2,0
0x59c66f,0%,18,0,18,0,18,0,0
0x4b4a59,93.0769%,18,242,260,0,9,9,242
0x4bda83,57.1429%,18,24,42,0,0,18,24
0xa42b6f,83.9286%,18,94,112,94,18,0,0
0x679c49,98.9796%,18,1746,1764,1352,17,1,394
0x4bad8e,94.0789%,18,286,304,0,0,18,286
0x8f2099,51.3514%,18,19,37,7,13,5,12
0x533b34,97.0684%,18,596,614,596,18,0,0
0x545f14,99.3662%,18,2822,2840,0,14,4,2822
0x48ed69,64%,18,32,50,13,12,6,19
0x40ab32,57.1429%,18,24,42,17,8,10,7
0x67a6f5,99.3471%,18,2739,2757,0,0,18,2739
0x48e0d9,81.6327%,18,80,98,11,5,13,69
0x4c222c,88.0795%,18,133,151,133,18,0,0
0x4ba926,62.5%,18,30,48,0,0,18,30
0xa93d8e,87.5%,18,126,144,15,4,14,111
0x58c0d1,76.3158%,18,58,76,53,13,5,5
0x94352b,76%,18,57,75,0,0,18,57
0x818880,97.8235%,18,809,827,0,0,18,809
0x5f79ab,92.2414%,18,214,232,5,11,7,209
0x4c240f,89.2857%,18,150,168,0,0,18,150
0x40f6d9,93.2836%,18,250,268,250,18,0,0
0x8da22f,97.005%,18,583,601,583,18,0,0
0x8e73a4,94.4272%,18,305,323,305,18,0,0
0x9f948b,82.5243%,18,85,103,0,0,18,85
0x8aa8c5,97.551%,18,717,735,0,0,18,717
0x546a3c,88%,18,132,150,3,1,17,129
0xa49590,95.5446%,18,386,404,386,18,0,0
0x54f087,56.0976%,18,23,41,9,4,14,14
0x58ccd8,83.7838%,18,93,111,93,18,0,0
0x59000e,81.8182%,18,81,99,0,0,18,81
0x9c3a6f,92.6829%,18,228,246,0,0,18,228
0x4096fa,71.4286%,18,45,63,38,18,0,7
0x51196a,99.5572%,18,4047,4065,4047,18,0,0
0x99df8f,35.7143%,18,10,28,1,12,6,9
0x4c1e82,87.5862%,18,127,145,64,12,6,63
0xa363fc,86.8613%,18,119,137,113,17,1,6
0x8e9f77,98.9387%,18,1678,1696,3,9,9,1675
0x5c6be3,99.492%,18,3525,3543,1390,5,13,2135
0x542d05,99.1304%,18,2052,2070,2052,18,0,0
0x409c7f,94.1935%,18,292,310,292,18,0,0
0x8138c0,84.3478%,18,97,115,0,0,18,97
0x81bdf7,98.6813%,18,1347,1365,1347,18,0,0
0x50e589,66.0377%,18,35,53,0,10,8,35
0x90adbb,87.9195%,18,131,149,104,15,3,27
0x5b9a56,79.3103%,18,69,87,10,4,14,59
0xa0279a,98.7041%,18,1371,1389,0,0,18,1371
0x55607d,70%,18,42,60,42,17,1,0
0xa45bd1,95.843%,18,415,433,415,18,0,0
0x67b8b5,88.6076%,18,140,158,0,0,18,140
0x9f9757,77.7778%,18,63,81,31,18,0,32
0x40bcb0,81.8182%,18,81,99,81,18,0,0
0xa96887,92.0354%,18,208,226,0,0,18,208
0x99dade,14.2857%,18,3,21,3,18,0,0
0x48dc9a,99.8427%,18,11428,11446,0,0,18,11428
0x5bd6dd,94.5619%,18,313,331,313,18,0,0
0x820e70,92.623%,18,226,244,0,0,18,226
0x4991ad,41.9355%,18,13,31,13,18,0,0
0x9a22e8,83.7838%,18,93,111,78,18,0,15
0x409cb9,88.535%,18,139,157,3,16,2,136
0x94eeb5,40%,18,12,30,12,18,0,0
0xae706f,73.913%,18,51,69,51,18,0,0
0x538d70,86.3636%,18,114,132,114,15,3,0
0x8e9a96,98.5437%,18,1218,1236,1218,16,2,0
0x64af85,99.9295%,18,25501,25519,25501,18,0,0
0x812581,97.2136%,18,628,646,0,0,18,628
0x95929f,85.9375%,18,110,128,0,0,18,110
0xa275fb,80.4348%,18,74,92,74,18,0,0
0x60e6ca,81.6327%,18,80,98,5,14,4,75
0x90d99b,99.9647%,18,50915,50933,50915,18,0,0
0x5571dd,21.7391%,18,5,23,2,18,0,3
0x90b1f1,84.8739%,18,101,119,0,12,6,101
0x9bb6b3,72.3077%,18,47,65,47,16,2,0
0x611753,97.5376%,18,713,731,713,18,0,0
0x8c73a3,95.6416%,18,395,413,395,18,0,0
0x58d847,87.0504%,18,121,139,56,13,5,65
0x493565,53.8462%,18,21,39,11,13,5,10
0x99c963,97.8873%,18,834,852,4,9,9,830
0x4a01e4,82.1782%,18,83,101,0,0,18,83
0x64b3fc,99.9185%,18,22064,22082,19,2,16,22045
0x8fe97c,78.8235%,18,67,85,2,1,17,65
0x820f3b,92.5311%,18,223,241,0,0,18,223
0x402557,96.4981%,18,496,514,0,0,18,496
0xa31497,65.3846%,18,34,52,0,0,18,34
0x9f941e,65.3846%,18,34,52,31,17,1,3
0x902549,91.0448%,18,183,201,68,11,7,115
0x65a077,92.8854%,18,235,253,0,0,18,235
0x58db25,88.0795%,18,133,151,65,18,0,68
0x8ee78e,89.4118%,18,152,170,152,18,0,0
0x8e6935,87.8378%,18,130,148,130,18,0,0
0xa58ad9,86.9565%,18,120,138,17,12,6,103
0x58d8e2,91.3876%,18,191,209,52,6,12,139
0x49636d,37.931%,18,11,29,11,18,0,0
0x627877,99.1457%,18,2089,2107,2089,18,0,0
0x58db4e,88.0795%,18,133,151,127,17,1,6
0x9731bd,76.9231%,18,60,78,18,18,0,42
0x4bbe72,90.9091%,18,180,198,7,9,9,173
0xa54f7b,30.7692%,18,8,26,3,4,14,5
0xae6f7b,74.2857%,18,52,70,2,10,8,50
0xa31ee1,60.8696%,18,28,46,7,3,15,21
0x4024e0,83.3333%,18,90,108,3,9,9,87
0x58e42b,83.4862%,18,91,109,51,13,5,40
0xa50d36,79.5455%,18,70,88,0,0,18,70
0x9ef1b5,89.6552%,18,156,174,156,18,0,0
0x53aeeb,66.0377%,18,35,53,32,9,9,3
0x50b98d,86.6667%,18,117,135,99,5,13,18
0x8aedd5,68.9655%,18,40,58,40,18,0,0
0x544933,94.6746%,18,320,338,320,16,2,0
0x50da7f,83.1776%,18,89,107,85,18,0,4
0xa58e27,57.1429%,18,24,42,0,0,18,24
0x49864f,33.3333%,18,9,27,9,18,0,0
0xace31e,78.8235%,18,67,85,67,18,0,0
0x4c4c6c,64%,18,32,50,21,14,4,11
0x40aa1f,66.6667%,18,36,54,0,0,18,36
0x557232,88.75%,18,142,160,125,17,1,17
0x8fcc1a,96.875%,18,558,576,0,0,18,558
0x548589,91.0448%,18,183,201,0,0,18,183
0x65a2fc,99.3281%,18,2661,2679,2619,12,6,42
0x781692,67.8571%,18,38,56,29,18,0,9
0xb2fa8a,99.9368%,18,28462,28480,0,0,18,28462
0x4b78ba,35.7143%,18,10,28,0,0,18,10
0x8eda48,85.7143%,18,108,126,108,18,0,0
0x908e63,97.9843%,18,875,893,618,7,11,257
0x9eb6c2,43.75%,18,14,32,1,3,15,13
0xa90fa2,35.7143%,18,10,28,10,18,0,0
0x8a50fa,91.7051%,18,199,217,199,16,2,0
0x4c4856,70%,18,42,60,42,18,0,0
0x838076,82.6923%,18,86,104,84,4,14,2
0x8f6cae,60%,18,27,45,0,0,18,27
0xa39daa,72.3077%,18,47,65,10,14,4,37
0x9f64b1,89.9441%,18,161,179,0,0,18,161
0x977d64,87.4126%,18,125,143,1,13,5,124
0xa2e101,92.7711%,18,231,249,156,0,18,75
0x63ee9d,98.127%,18,943,961,0,0,18,943
0x60a85c,96.3563%,18,476,494,406,16,2,70
0xa496e3,57.1429%,18,24,42,24,18,0,0
0x410370,91.866%,17,192,209,9,13,4,183
0x8de111,99.2943%,17,2392,2409,2392,17,0,0
0x90d472,94.3709%,17,285,302,285,17,0,0
0x6672b4,45.1613%,17,14,31,14,17,0,0
0x4bdbba,37.037%,17,10,27,4,3,14,6
0x555d59,98.4274%,17,1064,1081,0,0,17,1064
0x9784a9,96.2963%,17,442,459,0,0,17,442
0x9a92b8,93.2%,17,233,250,0,16,1,233
0xa58583,85.7143%,17,102,119,0,0,17,102
0x54420f,70.1754%,17,40,57,20,11,6,20
0x9d02b4,95.1429%,17,333,350,333,17,0,0
0x50e1c2,82.4742%,17,80,97,43,9,8,37
0x81caed,71.6667%,17,43,60,0,0,17,43
0x5e6e56,98.8734%,17,1492,1509,1492,17,0,0
0x404172,97.2843%,17,609,626,77,17,0,532
0x901241,90.6593%,17,165,182,165,0,17,0
0x9f0a56,46.875%,17,15,32,6,2,15,9
0x550f9b,19.0476%,17,4,21,4,17,0,0
0x5108b6,94.8012%,17,310,327,0,0,17,310
0x5b9cc7,34.6154%,17,9,26,5,14,3,4
0x81c1e0,93.8182%,17,258,275,42,13,4,216
0x4a6c21,59.5238%,17,25,42,0,0,17,25
0xa9748b,88.5906%,17,132,149,94,16,1,38
0xa4e979,87.6812%,17,121,138,0,0,17,121
0xa5828e,84.9558%,17,96,113,0,0,17,96
0x98c944,84.4037%,17,92,109,0,0,17,92
0xb2e2f1,64.5833%,17,31,48,0,2,15,31
0x80c331,51.4286%,17,18,35,18,16,1,0
0x48f68c,63.8298%,17,30,47,0,10,7,30
0x977f2c,97.2131%,17,593,610,562,8,9,31
0xa473a0,68.5185%,17,37,54,10,8,9,27
0x8ef18c,46.875%,17,15,32,15,17,0,0
0x835c31,55.2632%,17,21,38,21,17,0,0
0x410057,65.3061%,17,32,49,7,11,6,25
0xa548ba,96.0739%,17,416,433,0,0,17,416
0x49494b,86.1789%,17,106,123,106,17,0,0
0x7ad53a,34.6154%,17,9,26,0,0,17,9
0x943420,77.3333%,17,58,75,58,17,0,0
0x5b4314,15%,17,3,20,3,17,0,0
0xa1af88,61.3636%,17,27,44,1,15,2,26
0xa9194d,71.1864%,17,42,59,0,0,17,42
0x9e2a8d,77.027%,17,57,74,57,17,0,0
0xb32708,99.7361%,17,6425,6442,0,0,17,6425
0x81b400,90.9574%,17,171,188,171,6,11,0
0x819169,75%,17,51,68,17,17,0,34
0x9198c2,98.231%,17,944,961,944,17,0,0
0x8d4168,76.7123%,17,56,73,0,2,15,56
0x837d51,86.6142%,17,110,127,0,0,17,110
0xa96905,91.9048%,17,193,210,55,6,11,138
0x904251,95.8537%,17,393,410,393,17,0,0
0xa3931d,97.327%,17,619,636,14,14,3,605
0x9a94a7,57.5%,17,23,40,0,0,17,23
0x64cbe5,96.9805%,17,546,563,546,17,0,0
0x8217f0,97.089%,17,567,584,0,0,17,567
0xa50701,54.0541%,17,20,37,20,17,0,0
0x59c445,26.087%,17,6,23,6,17,0,0
0x94c5fd,96.9751%,17,545,562,545,17,0,0
0x58ba46,88.2759%,17,128,145,11,12,5,117
0xa43acd,87.0229%,17,114,131,114,17,0,0
0x81c95b,90.6593%,17,165,182,0,10,7,165
0x9e791b,86.0656%,17,105,122,99,17,0,6
0xa4538e,95.1149%,17,331,348,329,15,2,2
0x535793,72.1311%,17,44,61,0,0,17,44
0x50cdb5,94.704%,17,304,321,304,17,0,0
0x49f96b,98.6913%,17,1282,1299,0,0,17,1282
0x60a979,97.0588%,17,561,578,561,17,0,0
0x557d7f,34.6154%,17,9,26,6,14,3,3
0x50c336,98.7342%,17,1326,1343,1326,17,0,0
0x5013ae,99.5184%,17,3513,3530,3513,17,0,0
0xa4501f,97.2085%,17,592,609,0,0,17,592
0x502cab,99.2104%,17,2136,2153,0,0,17,2136
0x547b2b,98.2794%,17,971,988,971,6,11,0
0x5b0161,19.0476%,17,4,21,4,17,0,0
0x50e61d,5.55556%,17,1,18,1,17,0,0
0xa91a76,91.2821%,17,178,195,0,0,17,178
0x9712e0,84.6847%,17,94,111,94,12,5,0
0x97b7dd,87.4074%,17,118,135,113,1,16,5
0xa2e261,92.2374%,17,202,219,202,17,0,0
0x7ace1c,39.2857%,17,11,28,11,15,2,0
0x40e0a7,99.848%,17,11164,11181,11164,17,0,0
0xa58d28,82.2917%,17,79,96,0,0,17,79
0xa465f2,84.8214%,17,95,112,0,0,17,95
0x4a6feb,92.4779%,17,209,226,148,16,1,61
0x5cf6f8,99.0771%,17,1825,1842,4,2,15,1821
0xa660db,79.5181%,17,66,83,0,0,17,66
0x590dc7,94.9254%,17,318,335,0,1,16,318
0x8df018,87.0229%,17,114,131,102,13,4,12
0x8ec2fd,98.4531%,17,1082,1099,1082,16,1,0
0x81a4a4,97.9444%,17,810,827,0,0,17,810
0x90a18d,98.3431%,17,1009,1026,1009,17,0,0
0x7c7b78,82.4742%,17,80,97,0,0,17,80
0x918dce,91.5%,17,183,200,183,17,0,0
0x9f502f,87.6812%,17,121,138,121,17,0,0
0x80b89b,91.8269%,17,191,208,191,17,0,0
0x81fc1c,94.7368%,17,306,323,0,0,17,306
0x5ffd21,78.75%,17,63,80,63,17,0,0
0xa06ee3,55.2632%,17,21,38,13,16,1,8
0x64f45c,86.0656%,17,105,122,93,5,12,12
0x659e94,10.5263%,17,2,19,2,17,0,0
0x951991,90.9574%,17,171,188,170,2,15,1
0x9f115f,93.9929%,17,266,283,0,0,17,266
0x58c0cc,75.7143%,17,53,70,0,0,17,53
0xa02bc2,77.6316%,17,59,76,59,15,2,0
0x9ee037,89.441%,17,144,161,0,0,17,144
0x688e9f,29.1667%,17,7,24,0,0,17,7
0x811cf2,93.5361%,17,246,263,0,0,17,246
0x8e3d87,89.3082%,17,142,159,0,0,17,142
0x4817ed,55.2632%,17,21,38,19,10,7,2
0x6f556e,90.1734%,17,156,173,0,0,17,156
0x82180b,97.089%,17,567,584,44,15,2,523
0xb2e30f,0%,17,0,17,0,0,17,0
0x8aeda4,92.3767%,17,206,223,206,17,0,0
0x5508cf,19.0476%,17,4,21,4,17,0,0
0x5e0342,88.2759%,17,128,145,127,14,3,1
0x666fcd,85.7143%,17,102,119,102,17,0,0
0x53461b,99.606%,17,4298,4315,0,0,17,4298
0x40a0d8,63.8298%,17,30,47,25,6,11,5
0x51231e,97.352%,17,625,642,625,17,0,0
0x542ff7,95.3297%,17,347,364,345,15,2,2
0x542e07,99.2468%,17,2240,2257,0,0,17,2240
0xb2ff03,66.6667%,17,34,51,5,8,9,29
0x49e92a,99.6515%,17,4861,4878,0,0,17,4861
0x781868,96.6%,17,483,500,0,0,17,483
0x639c7b,97.1667%,17,583,600,0,0,17,583
0x984113,69.0909%,17,38,55,0,0,17,38
0x59e5ca,84.8214%,17,95,112,0,0,17,95
0x80e694,97.7242%,17,730,747,237,12,5,493
0x80b947,92.3767%,17,206,223,184,15,2,22
0x80b974,91.4573%,17,182,199,182,15,2,0
0x51063c,98.9288%,17,1570,1587,600,14,3,970
0x9a8d58,45.1613%,17,14,31,0,17,0,14
0x98411d,69.0909%,17,38,55,0,0,17,38
0x5412f5,99.7837%,17,7841,7858,0,0,17,7841
0x65a374,99.1169%,17,1908,1925,0,0,17,1908
0x63dc0c,87.9433%,17,124,141,124,17,0,0
0x984171,77.027%,17,57,74,0,0,17,57
0x58cd13,90.8602%,17,169,186,10,11,6,159
0x943ad1,87.9433%,17,124,141,124,8,9,0
0x40f5e8,99.5802%,17,4033,4050,4033,17,0,0
0x509c29,66%,17,33,50,30,17,0,3
0x508659,97.8562%,17,776,793,49,4,13,727
0x508ba8,97.7027%,17,723,740,153,13,4,570
0xa1af4b,61.3636%,17,27,44,27,13,4,0
0x509f94,98.474%,17,1097,1114,1097,17,0,0
0x4bc378,94.8328%,17,312,329,312,17,0,0
0x5d7cdc,98.6345%,17,1228,1245,423,8,9,805
0xa3fe73,39.2857%,17,11,28,6,4,13,5
0x97b9ac,79.5181%,17,66,83,66,17,0,0
0x64a4e3,83.9623%,17,89,106,88,16,1,1
0x8bcd23,71.6667%,17,43,60,43,17,0,0
0x8c728a,85.7143%,17,102,119,5,7,10,97
0x9e3e92,88.961%,17,137,154,0,0,17,137
0x9a1fc6,91.6256%,17,186,203,186,17,0,0
0x81c5f0,74.2424%,17,49,66,9,5,12,40
0x80c966,93.9716%,17,265,282,265,7,10,0
0xa32d03,32%,17,8,25,8,17,0,0
0x780dac,97.8777%,17,784,801,783,10,7,1
0x67f2c8,93.4615%,17,243,260,0,0,17,243
0x8fe580,95.9233%,17,400,417,0,0,17,400
0x50764a,5.55556%,17,1,18,1,17,0,0
0x81ced4,90.3955%,17,160,177,0,0,17,160
0x969287,90.2857%,17,158,175,0,0,17,158
0x9c3e7e,68.5185%,17,37,54,0,0,17,37
0x4a5df5,67.3077%,17,35,52,0,0,17,35
0x8f0cf7,91.1458%,17,175,192,140,4,13,35
0x8a90f5,98.367%,17,1024,1041,1001,13,4,23
0x5f8140,88.6667%,17,133,150,133,17,0,0
0x94d80a,96.8165%,17,517,534,517,17,0,0
0x821492,99.144%,17,1969,1986,0,0,17,1969
0x918b19,95.75%,17,383,400,196,4,13,187
0xa95d23,97.3684%,17,629,646,12,8,9,617
0x837d5e,86.6142%,17,110,127,1,13,4,109
0x90c1f4,98.9905%,17,1667,1684,837,5,12,830
0xa03053,75%,17,51,68,0,0,17,51
0x835e0c,83.4951%,17,86,103,0,0,17,86
0x5bc418,98.2365%,17,947,964,947,17,0,0
0x8f2b34,83.3333%,17,85,102,57,11,6,28
0x4c1ccd,91.5%,17,183,200,2,8,9,181
0x503d30,67.3077%,17,35,52,0,0,17,35
0x53c5a7,97.1429%,17,578,595,578,15,2,0
0xa02f8a,75%,17,51,68,0,0,17,51
0xa31b49,90.6593%,17,165,182,0,0,17,165
0x944333,90.8602%,17,169,186,70,6,11,99
0x511d7f,99.1843%,17,2067,2084,0,0,17,2067
0x837d1a,83.6538%,17,87,104,0,0,17,87
0xa5103e,96.6403%,17,489,506,0,4,13,489
0xa31ebe,77.027%,17,57,74,0,0,17,57
0x9aa1eb,51.4286%,17,18,35,0,8,9,18
0x511746,98.4038%,17,1048,1065,1048,17,0,0
0x670a22,10.5263%,17,2,19,0,0,17,2
0x8dc900,97.8149%,17,761,778,761,17,0,0
0x403c21,95.0437%,17,326,343,326,17,0,0
0x9ebb1a,91.7476%,17,189,206,189,17,0,0
0x90a695,61.3636%,17,27,44,22,15,2,5
0x80a016,94.8012%,17,310,327,310,13,4,0
0x5427a4,95.5959%,17,369,386,176,17,0,193
0x807ba9,92.3767%,17,206,223,206,17,0,0
0x816b51,98.8816%,17,1503,1520,179,7,10,1324
0x8ee66e,59.5238%,17,25,42,21,17,0,4
0xa25b89,98.3218%,17,996,1013,996,17,0,0
0x4ad383,15%,17,3,20,3,17,0,0
0x49370d,81.3187%,17,74,91,0,0,17,74
0xa45c5a,98.6043%,17,1201,1218,0,0,17,1201
0xa2ec0d,73.4375%,17,47,64,47,17,0,0
0x556147,98.0256%,17,844,861,0,0,17,844
0x9177c6,89.5062%,17,145,162,0,0,17,145
0xa5f92a,96.2472%,17,436,453,0,14,3,436
0x8c8a67,98.3068%,17,987,1004,910,10,7,77
0x5ae23b,74.2424%,17,49,66,0,0,17,49
0x5590e7,96.028%,17,411,428,0,0,17,411
0x5ae263,74.2424%,17,49,66,9,16,1,40
0x8ef069,79.7619%,17,67,84,4,2,15,63
0x94a0b4,92.3767%,17,206,223,8,8,9,198
0x8e233d,99.7214%,17,6085,6102,0,0,17,6085
0x40207c,92.0188%,17,196,213,0,7,10,196
0xa0395e,77.6316%,17,59,76,59,17,0,0
0xa50ed7,89.697%,17,148,165,0,0,17,148
0x4c4b1b,95.7711%,17,385,402,385,17,0,0
0x808fb7,92.3767%,17,206,223,206,17,0,0
0x9a32f9,88.3562%,17,129,146,0,0,17,129
0x972f76,93.9286%,17,263,280,127,13,4,136
0x88e4a3,56.4103%,17,22,39,0,3,14,22
0xa2e978,95.1289%,17,332,349,331,14,3,1
0x7cf3ad,89.0323%,17,138,155,138,17,0,0
0xa5bb2e,56.4103%,17,22,39,0,7,10,22
0x5905fa,43.3333%,17,13,30,5,13,4,8
0x9f05e5,97.7922%,17,753,770,643,2,15,110
0xa5922a,85.7143%,17,102,119,102,17,0,0
0x8d3310,29.1667%,17,7,24,4,17,0,3
0x8196a7,99.7609%,17,7092,7109,7092,5,12,0
0x4a7757,98.784%,17,1381,1398,0,2,15,1381
0x6673e3,57.5%,17,23,40,23,17,0,0
0x9f5d5b,90.6077%,17,164,181,0,0,17,164
0x8fdc4d,95.5263%,17,363,380,0,0,17,363
0xaa2983,86.2903%,17,107,124,107,17,0,0
0x6096c5,79.5181%,17,66,83,0,0,17,66
0x4102ae,98.1992%,17,927,944,37,17,0,890
0x5c6496,92.4107%,17,207,224,207,17,0,0
0x557c80,83.4951%,17,86,103,20,10,7,66
0xa17f69,96.8864%,17,529,546,0,0,17,529
0x64b552,99.0576%,17,1787,1804,1738,14,3,49
0x5be66f,90%,17,153,170,68,17,0,85
0xa54f7f,66%,17,33,50,1,11,6,32
0x8f2fe9,79.7619%,17,67,84,35,9,8,32
0x539bad,97.875%,17,783,800,0,0,17,783
0x538fdf,87.1212%,17,115,132,97,9,8,18
0x9e7039,63.0435%,17,29,46,3,7,10,26
0xa904be,89.6341%,17,147,164,95,8,9,52
0x9ed724,71.1864%,17,42,59,0,0,17,42
0xa074d9,63.0435%,17,29,46,11,11,6,18
0xa45bb0,97.2085%,17,592,609,0,4,13,592
0xa517d3,57.5%,17,23,40,23,17,0,0
0xa39e5d,70.6897%,17,41,58,41,17,0,0
0x555a64,84.5455%,17,93,110,54,1,16,39
0x7d2b02,95.5844%,17,368,385,361,11,6,7
0xa345ef,92.4444%,17,208,225,125,9,8,83
0x9c411d,95.2778%,17,343,360,343,17,0,0
0xab28b2,99.7687%,17,7333,7350,0,0,17,7333
0x58cd35,89.697%,17,148,165,102,12,5,46
0x6680f1,99.2557%,17,2267,2284,2267,17,0,0
0x545505,79.5181%,17,66,83,66,17,0,0
0x83759d,86.7188%,17,111,128,111,17,0,0
0x555d28,83.4951%,17,86,103,62,3,14,24
0x4997d3,71.1864%,17,42,59,4,12,5,38
0x40e9a8,94.6372%,17,300,317,300,17,0,0
0x9a332b,88.3562%,17,129,146,47,8,9,82
0xaa136c,91.2821%,17,178,195,0,0,17,178
0x8daa8b,95.75%,17,383,400,186,14,3,197
0x8ebb5a,96.5092%,17,470,487,470,17,0,0
0x4beced,91.6256%,17,186,203,186,17,0,0
0x5bd3b5,98.2255%,17,941,958,831,8,9,110
0xa2d61e,96.4361%,17,460,477,0,4,13,460
0x53feb1,99.6573%,17,4943,4960,4943,13,4,0
0x40254f,96.6926%,17,497,514,497,17,0,0
0x649adb,83.9623%,17,89,106,61,13,4,28
0x4c285e,79.7619%,17,67,84,67,16,1,0
0x40e6c1,79.5181%,17,66,83,33,5,12,33
0x5af358,72.5806%,17,45,62,45,17,0,0
0x816580,67.3077%,17,35,52,2,6,11,33
0x4b5aa8,37.037%,17,10,27,0,0,17,10
0x64ad54,99.9192%,17,21018,21035,0,0,17,21018
0x4043cd,99.2875%,17,2369,2386,0,0,17,2369
0xa42e7c,70.6897%,17,41,58,0,0,17,41
0x60de18,79.0123%,17,64,81,0,0,17,64
0xa574ef,81.3187%,17,74,91,0,0,17,74
0x494ecd,43.3333%,17,13,30,6,7,10,7
0xa439d4,91.5423%,17,184,201,4,11,6,180
0x8eedef,87.8571%,17,123,140,115,16,1,8
0x4ace89,72.5806%,17,45,62,45,17,0,0
0x5118da,99.4664%,17,3169,3186,3169,17,0,0
0x4bbc5a,94.0141%,17,267,284,150,13,4,117
0x889f72,22.7273%,17,5,22,5,0,17,0
0x4041ce,97.2492%,17,601,618,376,7,10,225
0x99d974,86.8217%,17,112,129,0,2,15,112
0x491498,89.441%,17,144,161,144,17,0,0
0x972599,92.3077%,17,204,221,0,0,17,204
0xa4589f,58.5366%,17,24,41,0,0,17,24
0x8e71ce,94.864%,17,314,331,314,17,0,0
0x908ef9,99.4972%,17,3364,3381,749,16,1,2615
0x409845,91.3265%,17,179,196,179,17,0,0
0x4bc6d8,92.6407%,17,214,231,214,17,0,0
0xa41e99,97.432%,17,645,662,0,0,17,645
0xa41d8c,99.0981%,17,1868,1885,0,0,17,1868
0x4ab88e,45.1613%,17,14,31,8,17,0,6
0x48e7b1,97.9319%,17,805,822,3,10,7,802
0x49e9d0,99.4182%,17,2905,2922,0,0,17,2905
0x509824,99.1719%,17,2036,2053,0,0,17,2036
0x9ee55f,70.1754%,17,40,57,40,17,0,0
0x943e28,87.7698%,17,122,139,120,9,8,2
0x58d15f,83.3333%,17,85,102,15,15,2,70
0x8f6429,90.6593%,17,165,182,0,0,17,165
0x5b029b,96.6667%,17,493,510,0,0,17,493
0x64cd68,96.8401%,17,521,538,88,11,6,433
0xa41fdb,94.1176%,17,272,289,272,17,0,0
0x818b21,99.2478%,17,2243,2260,2243,17,0,0
0x40497f,93.4363%,17,242,259,0,0,17,242
0x4ba139,84.4037%,17,92,109,28,5,12,64
0x8bd5ee,99.2071%,17,2127,2144,0,10,7,2127
0x4c208b,89.3082%,17,142,159,0,0,17,142
0x502051,29.1667%,17,7,24,7,17,0,0
0x9f3f11,94.7531%,17,307,324,3,1,16,304
0xa32791,78.2051%,17,61,78,61,17,0,0
0x5cba52,87.0229%,17,114,131,0,0,17,114
0xa2d247,97.6648%,17,711,728,0,0,17,711
0xa2cc40,96.0373%,17,412,429,0,0,17,412
0xa51c5f,78.75%,17,63,80,38,4,13,25
0xa517fa,57.5%,17,23,40,23,17,0,0
0x8fe423,92.735%,17,217,234,108,10,7,109
0x511f07,99.5671%,17,3910,3927,0,14,3,3910
0x9ea4fb,84.2593%,17,91,108,91,17,0,0
0x40419e,97.7394%,17,735,752,0,0,17,735
0xb4a1b2,97.6519%,17,707,724,707,17,0,0
0x639acd,91.5%,17,183,200,147,16,1,36
0xa359e5,90.2857%,17,158,175,6,2,15,152
0x9aacf6,97.5398%,17,674,691,0,0,17,674
0x4a8ce4,56.4103%,17,22,39,10,9,8,12
0x81eb29,94.9254%,17,318,335,318,17,0,0
0x8e7304,94.864%,17,314,331,225,15,2,89
0x610606,81.7204%,17,76,93,2,2,15,74
0xa49fd0,88.2759%,17,128,145,0,0,17,128
0x49ca34,55.2632%,17,21,38,11,10,7,10
0x544ad3,70.1754%,17,40,57,40,17,0,0
0xa494ad,95.9036%,17,398,415,0,0,17,398
0xa39575,97.6519%,17,707,724,707,17,0,0
0xa9b837,94.3709%,17,285,302,56,17,0,229
0x81cda0,90.3955%,17,160,177,160,17,0,0
0x59203f,82.2917%,17,79,96,76,16,1,3
0xa453af,95.1149%,17,331,348,331,17,0,0
0x81b7ec,91.6667%,17,187,204,187,5,12,0
0x791161,41.3793%,17,12,29,8,14,3,4
0x50fff6,98.2402%,17,949,966,0,0,17,949
0x4b5791,83.3333%,17,85,102,3,15,2,82
0x8f6e6c,94.0351%,17,268,285,0,0,17,268
0x99bb2e,91.0526%,17,173,190,153,16,1,20
0x811677,97.2492%,17,601,618,601,17,0,0
0x611428,76.7123%,17,56,73,51,13,4,5
0xa94474,80.2326%,17,69,86,0,0,17,69
0xa9d219,74.2424%,17,49,66,32,10,7,17
0x9d34b7,69.0909%,17,38,55,38,17,0,0
0x5afd04,32%,17,8,25,0,0,17,8
0x508a6a,81.9149%,17,77,94,70,13,4,7
0xa5bdbd,46.875%,17,15,32,15,17,0,0
0x5fb1d7,92.093%,17,198,215,0,0,17,198
0x9ec9f8,88.8158%,17,135,152,0,0,17,135
0x97a3fe,85.3448%,17,99,116,1,12,5,98
0x8bbbaf,51.4286%,17,18,35,18,17,0,0
0x5fb7da,69.0909%,17,38,55,5,0,17,33
0x4a02f1,61.3636%,17,27,44,27,17,0,0
0x51c864,99.661%,17,4998,5015,0,5,12,4998
0x40473c,97.2313%,17,597,614,597,17,0,0
0x8de8c3,91.5%,17,183,200,183,17,0,0
0x65a0b6,98.9474%,17,1598,1615,110,1,16,1488
0x9fc7e5,92.2727%,17,203,220,0,0,17,203
0xaa46a4,93.0612%,17,228,245,228,17,0,0
0x606ad3,92.4444%,17,208,225,208,17,0,0
0x5ae0ae,37.037%,17,10,27,10,17,0,0
0xa3a511,95.8435%,17,392,409,392,7,10,0
0xa968fa,92.4779%,17,209,226,0,16,1,209
0x81bcb0,43.3333%,17,13,30,6,12,5,7
0xa980d1,88.5906%,17,132,149,0,0,17,132
0xb1ae45,96.0739%,17,416,433,0,0,17,416
0x80fe29,97.1429%,17,578,595,578,17,0,0
0x81e743,87.7698%,17,122,139,122,17,0,0
0x98407c,80.2326%,17,69,86,7,5,12,62
0x816896,92.4779%,17,209,226,167,12,5,42
0x8bbafc,54.0541%,17,20,37,20,17,0,0
0x487264,87.6812%,17,121,138,121,17,0,0
0x60b398,87.8571%,17,123,140,123,17,0,0
0x804647,95.8838%,17,396,413,396,15,2,0
0x8a5d80,92.2018%,17,201,218,201,17,0,0
0xa5c6a9,83.3333%,17,85,102,0,4,13,85
0x9ab621,91.5%,17,183,200,140,13,4,43
0x47f8cd,5.55556%,17,1,18,0,0,17,1
0x806457,43.3333%,17,13,30,13,17,0,0
0x5f7b32,89.8204%,17,150,167,0,0,17,150
0x81f713,98.2618%,17,961,978,0,0,17,961
0x4a9535,87.218%,17,116,133,0,0,17,116
0x901a06,70.1754%,17,40,57,40,17,0,0
0x50187c,96.9643%,17,543,560,0,1,16,543
0xa06706,62.2222%,17,28,45,22,9,8,6
0x480240,10.5263%,17,2,19,0,0,17,2
0x5d86f4,93.254%,17,235,252,214,8,9,21
0x5fa74b,92.093%,17,198,215,0,0,17,198
0xa31ce1,45.1613%,17,14,31,14,17,0,0
0x8e0a54,99.4194%,17,2911,2928,2911,17,0,0
0x4ba4f8,83.6538%,17,87,104,44,8,9,43
0x8f6de3,83.8095%,17,88,105,78,5,12,10
0xa43cf0,96.9314%,17,537,554,0,0,17,537
0xad7bf6,80.4598%,17,70,87,0,0,17,70
0x60e0a3,87.0229%,17,114,131,0,0,17,114
0x5fba77,80.6818%,17,71,88,6,12,5,65
0x5fa402,85.4701%,17,100,117,0,0,17,100
0xa5723c,89.881%,17,151,168,0,0,17,151
0x51218c,56.4103%,17,22,39,22,17,0,0
0x7f0337,10.5263%,17,2,19,2,17,0,0
0xa90a2f,90.6593%,17,165,182,164,5,12,1
0x5cf85d,99.0741%,17,1819,1836,0,0,17,1819
0x48d7bc,98.3%,17,983,1000,255,8,9,728
0x942812,98.9941%,17,1673,1690,1673,17,0,0
0x5fb68c,77.9221%,17,60,77,0,2,15,60
0x9f3f58,89.697%,17,148,165,148,17,0,0
0x4b9e7f,92.0188%,17,196,213,43,3,14,153
0x5c6b41,98.9281%,17,1569,1586,0,0,17,1569
0x8ee56a,59.5238%,17,25,42,25,17,0,0
0xb14941,99.6008%,17,4241,4258,0,0,17,4241
0x49f67b,64.5833%,17,31,48,19,5,12,12
0xa9d197,89.697%,17,148,165,0,17,0,148
0x9fb191,82.8283%,17,82,99,51,11,6,31
0x4ad29c,15%,17,3,20,0,0,17,3
0x7d1bdb,98.0094%,17,837,854,23,13,4,814
0x58cbb7,94.7692%,17,308,325,158,6,11,150
0x4873d3,81.7204%,17,76,93,0,2,15,76
0x4a5dff,73.8462%,17,48,65,0,0,17,48
0x9f939d,50%,17,17,34,17,17,0,0
0xa399f5,97.2581%,17,603,620,603,17,0,0
0x90ced4,98.9905%,17,1667,1684,838,4,13,829
0x9fec3a,43.3333%,17,13,30,13,17,0,0
0x67062c,58.5366%,17,24,41,0,0,17,24
0x8ed358,99.6339%,17,4627,4644,4627,11,6,0
0x555a2a,73.0159%,17,46,63,4,4,13,42
0x47f1b6,10.5263%,17,2,19,2,17,0,0
0xa59344,51.4286%,17,18,35,3,4,13,15
0x9e822b,29.1667%,17,7,24,5,17,0,2
0x548062,89.9408%,17,152,169,0,0,17,152
0x490c2c,34.6154%,17,9,26,0,0,17,9
0x7d2062,96.9369%,17,538,555,377,6,11,161
0x8ff6e0,82.6531%,17,81,98,0,0,17,81
0xa2da0d,5.55556%,17,1,18,1,3,14,0
0x50bccf,57.5%,17,23,40,15,1,16,8
0x9e3881,46.875%,17,15,32,0,0,17,15
0xa3591d,98.3017%,17,984,1001,0,0,17,984
0x40e1c6,77.027%,17,57,74,57,17,0,0
0xaa4579,99.7281%,16,5868,5884,0,0,16,5868
0x8d4182,77.4648%,16,55,71,0,0,16,55
0x810015,96.8254%,16,488,504,432,2,14,56
0x9c3aea,95.3757%,16,330,346,327,10,6,3
0x7ce8da,98.9651%,16,1530,1546,259,4,12,1271
0xa2879a,0%,16,0,16,0,16,0,0
0xa30576,90.5882%,16,154,170,0,0,16,154
0x90fd63,94.2857%,16,264,280,264,16,0,0
0x4bd796,40.7407%,16,11,27,0,0,16,11
0xa50a6c,55.5556%,16,20,36,16,6,10,4
0x50e519,82.4176%,16,75,91,0,0,16,75
0x53a52d,93.6255%,16,235,251,42,12,4,193
0x534c8f,20%,16,4,20,4,16,0,0
0xa48492,71.4286%,16,40,56,40,16,0,0
0x4b4906,95.6873%,16,355,371,0,0,16,355
0x4be83b,11.1111%,16,2,18,2,16,0,0
0x970edf,98.9233%,16,1470,1486,0,0,16,1470
0x81cb13,91.2088%,16,166,182,59,1,15,107
0x54ff60,96.4758%,16,438,454,0,0,16,438
0xa9c5cc,71.9298%,16,41,57,6,9,7,35
0x814f63,72.8814%,16,43,59,39,2,14,4
0xa4693e,83.3333%,16,80,96,0,0,16,80
0x51afea,93.8462%,16,244,260,0,0,16,244
0x9fe33c,88.0597%,16,118,134,0,0,16,118
0x4a7ffa,82.6087%,16,76,92,0,0,16,76
0x50864b,97.8378%,16,724,740,0,0,16,724
0x54f1f8,62.7907%,16,27,43,0,0,16,27
0x8ff617,61.9048%,16,26,42,26,16,0,0
0x5cf3a2,99.1583%,16,1885,1901,0,0,16,1885
0x9abe1e,91.1111%,16,164,180,0,0,16,164
0x610ba1,89.8734%,16,142,158,0,0,16,142
0x9f3898,95.8656%,16,371,387,3,8,8,368
0x94eb77,82.2222%,16,74,90,0,0,16,74
0x9e85a7,92.6941%,16,203,219,36,16,0,167
0xb30adb,76.4706%,16,52,68,0,0,16,52
0x4ba66a,95.7105%,16,357,373,0,0,16,357
0x48e6fb,84.3137%,16,86,102,86,16,0,0
0x8ef273,66.6667%,16,32,48,0,0,16,32
0x49e34f,90.6433%,16,155,171,1,5,11,154
0x5feb8f,74.1935%,16,46,62,46,7,9,0
0x906d1a,91.8367%,16,180,196,180,16,0,0
0x6804d6,99.6503%,16,4559,4575,0,0,16,4559
0x4bfdf0,36%,16,9,25,9,16,0,0
0x4c518f,95.2802%,16,323,339,14,7,9,309
0x8dd4ec,97.9434%,16,762,778,338,16,0,424
0xa48530,71.4286%,16,40,56,0,0,16,40
0x7aca5d,50%,16,16,32,0,0,16,16
0x813fe3,99.6135%,16,4124,4140,3442,8,8,682
0xa31fb8,55.5556%,16,20,36,20,16,0,0
0x903edb,69.2308%,16,36,52,8,10,6,28
0x80d4b0,85.4545%,16,94,110,82,8,8,12
0x90ec8b,92%,16,184,200,0,0,16,184
0x53583c,20%,16,4,20,4,16,0,0
0x5c4c6c,99.1021%,16,1766,1782,0,0,16,1766
0xa3bcbf,0%,16,0,16,0,16,0,0
0x5b39ff,92.4883%,16,197,213,7,5,11,190
0x5fdac1,84.9057%,16,90,106,90,16,0,0
0x648beb,38.4615%,16,10,26,5,8,8,5
0x4bc783,89.8734%,16,142,158,142,7,9,0
0x81b7ab,15.7895%,16,3,19,0,0,16,3
0x4c1613,91.9192%,16,182,198,176,10,6,6
0x4b5167,87.5%,16,112,128,107,14,2,5
0x8f3e50,94.5763%,16,279,295,0,0,16,279
0x9444cb,5.88235%,16,1,17,1,16,0,0
0x9f966e,76.4706%,16,52,68,0,0,16,52
0x54d7e4,58.9744%,16,23,39,7,9,7,16
0x9f44cc,89.6774%,16,139,155,0,0,16,139
0x83423d,94.1176%,16,256,272,0,0,16,256
0x9f43f8,82.4176%,16,75,91,0,0,16,75
0x9a9b56,86.7769%,16,105,121,105,16,0,0
0x8e3368,95.3757%,16,330,346,323,7,9,7
0x81bfdb,55.5556%,16,20,36,13,3,13,7
0x8f6922,86.5546%,16,103,119,103,16,0,0
0x8c8650,91.7949%,16,179,195,103,12,4,76
0xa9e9fa,92.9204%,16,210,226,0,0,16,210
0x50a86d,84%,16,84,100,84,16,0,0
0x48c102,81.3953%,16,70,86,70,16,0,0
0x4a03c4,0%,16,0,16,0,16,0,0
0x63e527,98.3351%,16,945,961,0,3,13,945
0xa3fca5,71.4286%,16,40,56,40,16,0,0
0x4b9f50,93.1034%,16,216,232,216,15,1,0
0x8f3f28,99.1011%,16,1764,1780,83,8,8,1681
0x8106e7,80.9524%,16,68,84,34,8,8,34
0x54230d,95.1807%,16,316,332,316,16,0,0
0x80ffba,97.026%,16,522,538,159,7,9,363
0x9f27ff,96.6245%,16,458,474,458,16,0,0
0x49ddb0,42.8571%,16,12,28,0,0,16,12
0x5f7eed,88.1481%,16,119,135,117,10,6,2
0x817f5d,52.9412%,16,18,34,18,16,0,0
0x4c052b,81.3953%,16,70,86,34,8,8,36
0x4c6fe9,51.5152%,16,17,33,0,0,16,17
0x492f99,52.9412%,16,18,34,18,16,0,0
0x8ee125,97.3333%,16,584,600,584,16,0,0
0x54eef7,60.9756%,16,25,41,0,13,3,25
0x643b29,54.2857%,16,19,35,18,15,1,1
0x403fa3,99.022%,16,1620,1636,1613,13,3,7
0x8116e7,97.411%,16,602,618,0,0,16,602
0x9f6883,95.7105%,16,357,373,29,7,9,328
0x8f0b13,97.1781%,16,551,567,407,10,6,144
0x81ffeb,95.0464%,16,307,323,114,12,4,193
0x4bb85e,92.1569%,16,188,204,0,0,16,188
0x8fd032,63.6364%,16,28,44,28,16,0,0
0xa9746e,61.9048%,16,26,42,17,5,11,9
0xa5ec18,94.4828%,16,274,290,3,7,9,271
0x9e0974,60%,16,24,40,0,0,16,24
0x556ca1,93.5223%,16,231,247,231,16,0,0
0x81d4e1,91.2088%,16,166,182,0,0,16,166
0xa31c5c,48.3871%,16,15,31,6,0,16,9
0xa4d58b,90.1235%,16,146,162,0,2,14,146
0x49a491,0%,16,0,16,0,16,0,0
0x60845a,42.8571%,16,12,28,12,16,0,0
0x9ea4e7,85.1852%,16,92,108,0,0,16,92
0x8fedde,93.8224%,16,243,259,243,12,4,0
0x5037ec,88.2353%,16,120,136,0,0,16,120
0x8a6971,84.3137%,16,86,102,81,9,7,5
0x81f92e,99.2099%,16,2009,2025,0,0,16,2009
0x904381,96.7871%,16,482,498,0,0,16,482
0x5469ee,99.0232%,16,1622,1638,1622,4,12,0
0x960c84,72.8814%,16,43,59,37,15,1,6
0x5509a4,68.6275%,16,35,51,35,16,0,0
0xa54fe1,68%,16,34,50,3,9,7,31
0x5c787f,80%,16,64,80,64,16,0,0
0x4a037d,63.6364%,16,28,44,4,12,4,24
0xa5eb95,94.4828%,16,274,290,0,10,6,274
0x9f76be,75.7576%,16,50,66,50,16,0,0
0x96c206,38.4615%,16,10,26,0,0,16,10
0x9ee5d4,89.4737%,16,136,152,79,16,0,57
0x9fc0b2,94.7712%,16,290,306,290,16,0,0
0x9f0595,97.1831%,16,552,568,0,0,16,552
0x60843e,82.2222%,16,74,90,2,12,4,72
0x5ff601,66.6667%,16,32,48,1,11,5,31
0x6400a1,99.1384%,16,1841,1857,1841,16,0,0
0x679ec0,84.1584%,16,85,101,85,16,0,0
0x8e92f1,82.0225%,16,73,89,4,3,13,69
0x5bbb8d,96.3218%,16,419,435,419,16,0,0
0xb2fae7,99.8092%,16,8369,8385,8369,16,0,0
0x8a694c,89.4737%,16,136,152,136,16,0,0
0x4bf7f9,81.3953%,16,70,86,70,16,0,0
0xa02764,40.7407%,16,11,27,11,16,0,0
0x974630,84.9057%,16,90,106,66,0,16,24
0x905bf9,94.6309%,16,282,298,282,16,0,0
0x63e517,98.3351%,16,945,961,0,0,16,945
0xa44160,81.3953%,16,70,86,22,0,16,48
0x8e021f,96.9697%,16,512,528,512,16,0,0
0x675036,50%,16,16,32,11,5,11,5
0x4a5bc4,70.9091%,16,39,55,0,0,16,39
0x4a5c87,91.6667%,16,176,192,51,1,15,125
0xaa14ca,38.4615%,16,10,26,10,16,0,0
0x48c578,97.6155%,16,655,671,653,8,8,2
0x40ed84,38.4615%,16,10,26,4,14,2,6
0x8a91bd,57.8947%,16,22,38,20,11,5,2
0x90d312,87.0968%,16,108,124,108,16,0,0
0xa52fa8,91.7526%,16,178,194,1,1,15,177
0xa52bba,60%,16,24,40,3,7,9,21
0x7cf94a,91.7526%,16,178,194,145,16,0,33
0xa5c3f2,79.2208%,16,61,77,0,0,16,61
0x4a8573,64.4444%,16,29,45,22,1,15,7
0xa32c5d,98.274%,16,911,927,0,0,16,911
0x5d7dc8,98.7149%,16,1229,1245,1229,12,4,0
0x9e78a9,86.8852%,16,106,122,106,16,0,0
0x9f5906,91.7526%,16,178,194,0,13,3,178
0x9aa0f1,70.3704%,16,38,54,0,0,16,38
0xa42760,92.8889%,16,209,225,0,0,16,209
0x8f6479,95.6873%,16,355,371,349,6,10,6
0x8ef59c,88.8889%,16,128,144,7,2,14,121
0x61155c,75.3846%,16,49,65,23,9,7,26
0x550f6b,40.7407%,16,11,27,0,0,16,11
0x905051,88.3212%,16,121,137,0,0,16,121
0x4036c2,97.7778%,16,704,720,0,0,16,704
0x81e641,96.929%,16,505,521,470,5,11,35
0x81f7e4,65.9574%,16,31,47,0,0,16,31
0x5b9d79,66.6667%,16,32,48,29,14,2,3
0x66f54c,92.233%,16,190,206,0,0,16,190
0x80f57b,97.1119%,16,538,554,0,0,16,538
0x4c667b,42.8571%,16,12,28,0,0,16,12
0x8e4104,99.304%,16,2283,2299,2283,16,0,0
0xa9045b,85.9649%,16,98,114,0,0,16,98
0xa52623,87.3016%,16,110,126,4,0,16,106
0xb3273f,99.7516%,16,6426,6442,0,0,16,6426
0xa52341,83.1579%,16,79,95,0,0,16,79
0x5fe9f2,62.7907%,16,27,43,1,0,16,26
0x9e3fbd,81.6092%,16,71,87,0,0,16,71
0x4c5203,95.2802%,16,323,339,0,0,16,323
0x50d8d5,71.9298%,16,41,57,9,11,5,32
0x808d3b,99.8067%,16,8262,8278,0,0,16,8262
0x8b97b0,99.902%,16,16303,16319,0,0,16,16303
0x5f64b4,79.2208%,16,61,77,61,14,2,0
0x410155,99.8605%,16,11452,11468,0,0,16,11452
0x48e85c,70.9091%,16,39,55,2,12,4,37
0xa32cec,83.1579%,16,79,95,55,15,1,24
0xa28097,95.3623%,16,329,345,0,10,6,329
0xa96a28,73.7705%,16,45,61,11,10,6,34
0x6703d6,87.9699%,16,117,133,0,0,16,117
0xa570de,60.9756%,16,25,41,7,3,13,18
0x9ff6c4,33.3333%,16,8,24,0,0,16,8
0x8df562,70.3704%,16,38,54,2,10,6,36
0x604566,95.4802%,16,338,354,0,0,16,338
0x8df4f9,74.6032%,16,47,63,46,8,8,1
0xb31c23,99.926%,16,21599,21615,0,0,16,21599
0xa448c2,77.1429%,16,54,70,12,6,10,42
0xa9b2ef,64.4444%,16,29,45,29,16,0,0
0x6706a9,5.88235%,16,1,17,1,16,0,0
0x974683,60%,16,24,40,22,16,0,2
0x809b50,78.6667%,16,59,75,59,16,0,0
0x5fb69c,78.6667%,16,59,75,0,0,16,59
0xa9da6a,92.8251%,16,207,223,0,0,16,207
0x4c8e3e,87.9699%,16,117,133,13,7,9,104
0x48a71e,99.5116%,16,3260,3276,0,0,16,3260
0xa9b843,93.0131%,16,213,229,12,3,13,201
0xa285d3,46.6667%,16,14,30,14,7,9,0
0xa5176f,79.2208%,16,61,77,61,16,0,0
0x9519c8,89.4737%,16,136,152,10,6,10,126
0x9d0446,91.2568%,16,167,183,147,0,16,20
0x49e524,88.7324%,16,126,142,126,16,0,0
0x835cb9,57.8947%,16,22,38,9,7,9,13
0xa42add,98.1395%,16,844,860,0,0,16,844
0x9e54f6,90.5325%,16,153,169,153,16,0,0
0x9e29eb,80.4878%,16,66,82,0,0,16,66
0x9e841c,81.8182%,16,72,88,70,15,1,2
0x9c3793,65.2174%,16,30,46,0,0,16,30
0x7942ed,0%,16,0,16,0,16,0,0
0x4ad87b,23.8095%,16,5,21,5,3,13,0
0x7d2fe2,75.3846%,16,49,65,0,0,16,49
0x8dd388,99.019%,16,1615,1631,876,13,3,739
0x902d2b,66.6667%,16,32,48,17,13,3,15
0x545f21,99.4338%,16,2810,2826,2810,16,0,0
0x48f087,51.5152%,16,17,33,0,0,16,17
0x5ff3ae,33.3333%,16,8,24,6,2,14,2
0x4889b3,98.439%,16,1009,1025,1009,16,0,0
0x8deb1e,75.7576%,16,50,66,50,16,0,0
0xa2ed3f,81.3953%,16,70,86,12,6,10,58
0xab367b,11.1111%,16,2,18,0,0,16,2
0x95ad8c,30.4348%,16,7,23,3,16,0,4
0xa3051a,97.4318%,16,607,623,0,0,16,607
0x5575ed,70.9091%,16,39,55,15,13,3,24
0x4a7c9a,72.4138%,16,42,58,42,16,0,0
0x60de4d,80.2469%,16,65,81,46,9,7,19
0x552265,99.2145%,16,2021,2037,2021,16,0,0
0x8221a6,94.1392%,16,257,273,0,0,16,257
0x4a9573,87.8788%,16,116,132,103,9,7,13
0x99b18b,60%,16,24,40,24,16,0,0
0x49fb68,96.2175%,16,407,423,0,0,16,407
0xaa45ea,83.8384%,16,83,99,0,0,16,83
0x8f565b,95.8115%,16,366,382,186,5,11,180
0xa50a13,95.5801%,16,346,362,0,4,12,346
0x4c2094,89.9371%,16,143,159,0,0,16,143
0x81e3ab,92.5581%,16,199,215,0,0,16,199
0x80b9d1,96.9112%,16,502,518,502,14,2,0
0x9dfffc,97.8172%,16,717,733,0,0,16,717
0xb14a58,99.5341%,16,3418,3434,3418,16,0,0
0xb30007,97.9194%,16,753,769,753,11,5,0
0xa2738b,84.9057%,16,90,106,70,15,1,20
0x485cae,94.7712%,16,290,306,0,0,16,290
0x790fd3,54.2857%,16,19,35,0,0,16,19
0x908ad0,98.3351%,16,945,961,945,16,0,0
0x48c78c,72.4138%,16,42,58,31,8,8,11
0xa58922,86.2069%,16,100,116,14,9,7,86
0x8ea85e,92.4528%,16,196,212,196,16,0,0
0x54faec,88.8112%,16,127,143,127,11,5,0
0x8dcbfa,99.304%,16,2283,2299,1517,4,12,766
0x60ad2a,98.6486%,16,1168,1184,1168,16,0,0
0x6475ff,23.8095%,16,5,21,5,16,0,0
0x8f4c99,99.3506%,16,2448,2464,2448,16,0,0
0xaac977,23.8095%,16,5,21,5,16,0,0
0x8eecc1,96.9112%,16,502,518,502,5,11,0
0x403d0c,70.3704%,16,38,54,14,0,16,24
0x9f4009,85.9649%,16,98,114,1,12,4,97
0xa18a81,62.7907%,16,27,43,27,16,0,0
0x48a57e,99.5647%,16,3660,3676,0,0,16,3660
0xa8abf2,80.7229%,16,67,83,0,0,16,67
0x9e751e,94.5392%,16,277,293,127,14,2,150
0xa51c7e,57.8947%,16,22,38,0,0,16,22
0x9f19c1,95.8225%,16,367,383,0,0,16,367
0x8e2fda,93.2489%,16,221,237,221,12,4,0
0x9f455e,80%,16,64,80,64,16,0,0
0x8151b4,72.8814%,16,43,59,2,2,14,41
0x512ea3,99.6235%,16,4234,4250,4234,8,8,0
0x40494d,93.2203%,16,220,236,213,6,10,7
0x94bc27,71.4286%,16,40,56,40,0,16,0
0xa942a0,90.3614%,16,150,166,148,10,6,2
0xaa2ea1,97.4194%,16,604,620,604,16,0,0
0x505e1d,97.8378%,16,724,740,724,16,0,0
0x8c815b,99.1534%,16,1874,1890,1873,16,0,1
0x4b6961,89.6774%,16,139,155,0,0,16,139
0x9bc83a,90.6977%,16,156,172,156,16,0,0
0x4c5f03,60.9756%,16,25,41,0,0,16,25
0x9bd563,76.1194%,16,51,67,4,8,8,47
0xa44304,67.3469%,16,33,49,16,11,5,17
0x58be83,75%,16,48,64,0,0,16,48
0x9a0a30,42.8571%,16,12,28,0,0,16,12
0xae40c8,98.5878%,16,1117,1133,0,0,16,1117
0x50ff7f,98.3437%,16,950,966,0,0,16,950
0x906b37,95.5307%,16,342,358,0,0,16,342
0x5f0d17,94.3463%,16,267,283,0,0,16,267
0xa494c2,96.8379%,16,490,506,489,14,2,1
0xa5ab9d,42.8571%,16,12,28,0,7,9,12
0x911139,78.9474%,16,60,76,60,16,0,0
0x67f5cf,97.4277%,16,606,622,246,10,6,360
0x9111bb,78.9474%,16,60,76,0,0,16,60
0x8df1e0,70.9091%,16,39,55,39,16,0,0
0xa917f0,50%,16,16,32,16,1,15,0
0x5be18f,99.0315%,16,1636,1652,0,0,16,1636
0x82259a,92.1951%,16,189,205,189,16,0,0
0x49ebdd,90.0621%,16,145,161,0,0,16,145
0x8da62b,99.2488%,16,2114,2130,0,2,14,2114
0x9a24a9,60%,16,24,40,21,15,1,3
0x7c742d,0%,16,0,16,0,0,16,0
0x53a3ac,79.2208%,16,61,77,21,12,4,40
0xa02e53,77.7778%,16,56,72,56,14,2,0
0x5ff99b,91.3043%,16,168,184,80,12,4,88
0x40399e,56.7568%,16,21,37,0,0,16,21
0x40372b,97.9772%,16,775,791,775,16,0,0
0x480118,15.7895%,16,3,19,0,0,16,3
0x8f033e,86.3248%,16,101,117,101,16,0,0
0xa038f7,78.9474%,16,60,76,60,16,0,0
0xa03163,78.3784%,16,58,74,58,14,2,0
0x8ea04d,95.99%,16,383,399,383,16,0,0
0x4a96d1,73.3333%,16,44,60,3,0,16,41
0x9f0447,92.0792%,16,186,202,27,12,4,159
0x48029e,57.8947%,16,22,38,0,0,16,22
0x40e2e6,96.7347%,16,474,490,467,11,5,7
0x90a7d4,89.5425%,16,137,153,137,16,0,0
0xa35561,98.259%,16,903,919,2,14,2,901
0x8fe56b,99.6627%,16,4727,4743,0,0,16,4727
0x8a7773,81.6092%,16,71,87,0,0,16,71
0x5c33a7,80%,16,64,80,59,13,3,5
0x8a5f5b,81.1765%,16,69,85,2,1,15,67
0x90187b,93.75%,16,240,256,223,11,5,17
0x51b72a,15.7895%,16,3,19,3,16,0,0
0x502fd4,83.5052%,16,81,97,81,16,0,0
0x9e036b,98.3789%,16,971,987,971,16,0,0
0x5c7861,80%,16,64,80,64,16,0,0
0x81e9a7,89.4737%,16,136,152,68,8,8,68
0x8e423c,99.304%,16,2283,2299,2283,16,0,0
0x8ecba7,76.4706%,16,52,68,10,6,10,42
0xa5728d,69.2308%,16,36,52,5,6,10,31
0x54ecc4,76.8116%,16,53,69,0,0,16,53
0x8a936f,99.4805%,16,3064,3080,2122,14,2,942
0x8ded3a,96.3636%,16,424,440,0,0,16,424
0xa56ed6,93.7984%,16,242,258,242,16,0,0
0x8efa2e,91.6667%,16,176,192,0,0,16,176
0x821814,96.9524%,16,509,525,509,16,0,0
0x9a2337,87.3016%,16,110,126,5,10,6,105
0x5aef23,97.7011%,16,680,696,0,0,16,680
0x5b0df9,99.4012%,16,2656,2672,2656,16,0,0
0x4a7a44,64.4444%,16,29,45,8,13,3,21
0x494dbf,46.6667%,16,14,30,0,10,6,14
0xaa3af9,71.9298%,16,41,57,36,2,14,5
0x499371,61.9048%,16,26,42,14,12,4,12
0x5df0fd,98.9691%,16,1536,1552,1536,16,0,0
0x5e4524,98.9397%,16,1493,1509,1380,8,8,113
0x511eb7,99.0588%,16,1684,1700,0,0,16,1684
0x480780,57.8947%,16,22,38,11,8,8,11
0x8139a9,63.6364%,16,28,44,4,9,7,24
0x49fa96,88.8889%,16,128,144,0,0,16,128
0x606a60,92.8889%,16,209,225,209,16,0,0
0x4a9553,87.9699%,16,117,133,117,15,1,0
0xb2159d,97.7622%,16,699,715,699,16,0,0
0x48d847,99.1402%,16,1845,1861,0,0,16,1845
0x94975f,79.7468%,16,63,79,63,16,0,0
0x9f9543,36%,16,9,25,0,0,16,9
0x88a17d,27.2727%,16,6,22,0,0,16,6
0x5b40ea,48.3871%,16,15,31,15,16,0,0
0x4a6f0c,96.8689%,16,495,511,0,0,16,495
0x9e4ecf,73.3333%,16,44,60,44,16,0,0
0x40fff0,73.3333%,16,44,60,2,9,7,42
0x9e889f,89.0411%,16,130,146,53,12,4,77
0xa1b54c,36%,16,9,25,5,0,16,4
0xa661bf,40.7407%,16,11,27,0,0,16,11
0x5addfa,40.7407%,16,11,27,0,0,16,11
0x4832e8,44.8276%,16,13,29,13,16,0,0
0x63aaaa,98.0512%,16,805,821,805,16,0,0
0x8ea4c7,0%,16,0,16,0,8,8,0
0x481e14,15.7895%,16,3,19,0,0,16,3
0xb0b09a,62.7907%,16,27,43,18,6,10,9
0x4818fc,44.8276%,16,13,29,13,16,0,0
0x8e4dba,96.0396%,16,388,404,0,0,16,388
0xaa2ce4,97.3727%,16,593,609,0,0,16,593
0x5fa03f,92.7602%,16,205,221,205,16,0,0
0x8eaed6,77.7778%,16,56,72,0,0,16,56
0x482d06,57.8947%,16,22,38,22,16,0,0
0x481437,15.7895%,16,3,19,3,16,0,0
0xa34492,87.2%,16,109,125,109,16,0,0
0x4812ac,15.7895%,16,3,19,0,0,16,3
0x482d2a,15.7895%,16,3,19,0,0,16,3
0x900898,71.9298%,16,41,57,36,3,13,5
0x678ca3,99.1081%,16,1778,1794,0,0,16,1778
0x8f77b3,89.8089%,16,141,157,0,0,16,141
0x90ae9c,86.5546%,16,103,119,0,0,16,103
0x8fecc3,93.9623%,16,249,265,0,0,16,249
0x6071a0,20%,16,4,20,4,16,0,0
0x9a9b80,86.7769%,16,105,121,10,5,11,95
0xaa05b5,71.4286%,16,40,56,38,0,16,2
0x94ae27,97.1631%,16,548,564,0,0,16,548
0x48f91c,65.9574%,16,31,47,23,14,2,8
0x60b69d,93.5484%,16,232,248,0,0,16,232
0x8f6ea4,97.148%,16,545,561,0,16,0,545
0x6804f6,99.6503%,16,4559,4575,0,0,16,4559
0x6673a0,60%,16,24,40,24,16,0,0
0x5af805,69.8113%,16,37,53,37,16,0,0
0x822586,71.4286%,16,40,56,3,13,3,37
0x591a38,67.3469%,16,33,49,0,0,16,33
0x58d418,71.9298%,16,41,57,35,10,6,6
0x902910,84.466%,16,87,103,87,5,11,0
0x5b2b47,64.4444%,16,29,45,0,0,16,29
0x81afc7,98.1132%,16,832,848,829,14,2,3
0x49baca,92.1569%,16,188,204,188,14,2,0
0x410009,67.3469%,16,33,49,33,14,2,0
0x918df3,92%,16,184,200,184,16,0,0
0x4c4e66,5.88235%,16,1,17,1,16,0,0
0x8a94e5,98.9577%,16,1519,1535,0,0,16,1519
0x59148a,96.9407%,16,507,523,492,5,11,15
0xaa57b9,99.747%,16,6308,6324,0,2,14,6308
0x609684,80.7229%,16,67,83,67,16,0,0
0x983a47,42.8571%,16,12,28,0,11,5,12
0x543a82,92.6606%,16,202,218,0,0,16,202
0x8fda97,78.9474%,16,60,76,8,5,11,52
0x81a6a2,99.8773%,16,13022,13038,13022,16,0,0
0x5cb090,98.1941%,16,870,886,0,0,16,870
0x81bc86,92.1569%,16,188,204,188,4,12,0
0x90b1c0,77.1429%,16,54,70,0,0,16,54
0x4bcba8,61.9048%,16,26,42,23,16,0,3
0xa3baa0,92.9825%,16,212,228,0,0,16,212
0xb0c663,99.691%,16,5162,5178,0,0,16,5162
0xaa8003,96.9754%,16,513,529,0,0,16,513
0x917bec,92%,16,184,200,184,16,0,0
0x9e61a4,72.4138%,16,42,58,42,16,0,0
0xa905b7,75.7576%,16,50,66,50,16,0,0
0x5e7864,78.0822%,16,57,73,0,0,16,57
0x6662a2,99.5643%,16,3656,3672,0,0,16,3656
0x496002,81.6092%,16,71,87,71,16,0,0
0x80e80e,70.3704%,16,38,54,13,7,9,25
0x5b073f,75.3846%,16,49,65,47,16,0,2
0x9f52f9,89.6774%,16,139,155,0,0,16,139
0x4b9c87,77.4648%,16,55,71,26,14,2,29
0x8fe3db,95.1662%,16,315,331,0,0,16,315
0x980eba,78.3784%,16,58,74,0,0,16,58
0xb1b6ff,98.3773%,16,970,986,970,16,0,0
0x9e631b,11.1111%,16,2,18,0,0,16,2
0xa2f4be,93.8697%,16,245,261,0,0,16,245
0x511d42,98.9167%,16,1461,1477,654,11,5,807
0x48d881,99.1021%,16,1766,1782,1766,3,13,0
0x8ffaeb,97.6845%,16,675,691,0,4,12,675
0x50b348,60%,16,24,40,16,15,1,8
0x7f044c,77.7778%,16,56,72,55,15,1,1
0x9427e1,99.0533%,16,1674,1690,1674,16,0,0
0xa2f8d8,90.3614%,16,150,166,150,16,0,0
0x813127,98.1087%,16,830,846,830,16,0,0
0xa2e953,69.8113%,16,37,53,8,3,13,29
0x54650d,95.4286%,16,334,350,0,0,16,334
0xa01b61,76.4706%,16,52,68,3,10,6,49
0x8a5e73,91.0112%,16,162,178,29,10,6,133
0x901b6d,93.75%,16,240,256,1,5,11,239
0x815184,95.1515%,16,314,330,0,0,16,314
0xa01b9e,76.4706%,16,52,68,47,5,11,5
0x54f892,62.7907%,16,27,43,0,0,16,27
0x648457,96.4206%,16,431,447,0,0,16,431
0x48dd0a,99.7681%,16,6884,6900,0,0,16,6884
0x9abab0,98.0075%,16,787,803,787,16,0,0
0x403805,96.9868%,16,515,531,408,13,3,107
0x9be47f,50%,16,16,32,0,0,16,16
0x820d6d,51.5152%,16,17,33,17,16,0,0
0x4c2ae7,80.9524%,16,68,84,0,0,16,68
0x490be5,60.9756%,16,25,41,10,16,0,15
0x502729,95.4416%,16,335,351,335,16,0,0
0xa36d8c,61.9048%,16,26,42,0,10,6,26
0x9bdf73,77.7778%,16,56,72,27,11,5,29
0x81d101,91.2088%,16,166,182,0,0,16,166
0xaa1200,70.3704%,16,38,54,0,0,16,38
0xaa483e,93.9163%,16,247,263,247,16,0,0
0x5bb45a,86.5546%,16,103,119,0,0,16,103
0x501959,98.0907%,16,822,838,0,0,16,822
0x9aaccd,97.6845%,16,675,691,675,16,0,0
0x47fa47,15.7895%,16,3,19,3,16,0,0
0x5baa30,99.1641%,16,1898,1914,0,0,16,1898
0xa355d3,94.702%,16,286,302,0,0,16,286
0xa45ba7,97.3727%,16,593,609,0,0,16,593
0x844427,96.5517%,16,448,464,0,0,16,448
0x8ede77,61.9048%,16,26,42,0,0,16,26
0x59c378,30.4348%,16,7,23,0,0,16,7
0x480102,57.8947%,16,22,38,11,8,8,11
0xa5c4a1,68%,16,34,50,27,5,11,7
0x639c39,97.5904%,16,648,664,0,12,4,648
0x40ac87,38.4615%,16,10,26,3,16,0,7
0x58c5c4,52.9412%,16,18,34,7,16,0,11
0x639b12,75.3846%,16,49,65,46,15,1,3
0x5f5318,99.4674%,16,2988,3004,2988,16,0,0
0x8e4bbf,99.5414%,16,3473,3489,0,0,16,3473
0x9f0ad2,98.1481%,16,848,864,0,0,16,848
0x8bb64f,83.1579%,16,79,95,44,14,2,35
0x5c4fa9,90.3614%,16,150,166,0,0,16,150
0x8e4d93,98.9624%,16,1526,1542,1032,1,15,494
0x506ab8,69.8113%,16,37,53,9,7,9,28
0x9f28f9,86.087%,16,99,115,99,16,0,0
0x81c5bd,75.7576%,16,50,66,50,16,0,0
0x81ddb1,96.9981%,16,517,533,517,14,2,0
0x50503e,83.5052%,16,81,97,16,11,5,65
0x9e5761,58.9744%,16,23,39,23,16,0,0
0xb23014,89.6104%,16,138,154,0,0,16,138
0x48e16f,83.6735%,16,82,98,69,4,12,13
0x48a5dc,98.8973%,16,1435,1451,1435,16,0,0
0x8a7384,98.2833%,16,916,932,0,0,16,916
0x6670f8,86.5546%,16,103,119,0,0,16,103
0x5f0996,94.5946%,16,280,296,0,0,16,280
0x48a8e3,60%,16,24,40,24,16,0,0
0xa37455,50%,16,16,32,16,16,0,0
0x499634,87.4016%,16,111,127,111,16,0,0
0x9eb7ea,85.1852%,16,92,108,92,16,0,0
0x643788,58.9744%,16,23,39,23,16,0,0
0x6477ec,88.2353%,16,120,136,120,16,0,0
0x944380,78.9474%,16,60,76,0,0,16,60
0x90910e,99.1384%,16,1841,1857,1841,16,0,0
0xa04f76,74.1935%,16,46,62,0,0,16,46
0xa5c38f,77.7778%,16,56,72,56,16,0,0
0x8e4279,99.2413%,15,1962,1977,0,0,15,1962
0xa4eda8,90.7407%,15,147,162,0,0,15,147
0x94e1f8,96.3504%,15,396,411,0,0,15,396
0xa9d387,64.2857%,15,27,42,5,11,4,22
0x5906bb,98.7058%,15,1144,1159,1144,15,0,0
0x814e01,98.6124%,15,1066,1081,794,6,9,272
0x4048a0,94%,15,235,250,206,15,0,29
0x64b51b,97.2527%,15,531,546,531,3,12,0
0x94efbd,94.4649%,15,256,271,256,15,0,0
0x551182,37.5%,15,9,24,1,2,13,8
0x7c7212,88.3721%,15,114,129,114,3,12,0
0x803fae,11.7647%,15,2,17,0,0,15,2
0x51b7d5,99.6389%,15,4139,4154,1,12,3,4138
0x970ece,99.1587%,15,1768,1783,0,0,15,1768
0x98141d,78.2609%,15,54,69,0,13,2,54
0x780713,72.2222%,15,39,54,39,15,0,0
0x8c7562,98.4144%,15,931,946,931,15,0,0
0x811b72,92.6471%,15,189,204,0,0,15,189
0x8089ab,28.5714%,15,6,21,3,9,6,3
0x8df5a6,64.2857%,15,27,42,27,15,0,0
0x4942ed,91.4286%,15,160,175,0,0,15,160
0xa4d554,90.7407%,15,147,162,0,0,15,147
0x5fe868,74.1379%,15,43,58,25,11,4,18
0x944c75,97.9253%,15,708,723,708,15,0,0
0x609c49,97.553%,15,598,613,0,0,15,598
0x9ebc74,76.1905%,15,48,63,0,0,15,48
0x58e023,78.5714%,15,55,70,0,0,15,55
0x4ab1ca,59.4595%,15,22,37,18,13,2,4
0x53b915,88.6364%,15,117,132,98,8,7,19
0x481a17,60.5263%,15,23,38,11,8,7,12
0x5d7f30,97.6708%,15,629,644,209,12,3,420
0x973b36,37.5%,15,9,24,6,9,6,3
0x5cf539,25%,15,5,20,2,4,11,3
0xa522e7,84.5361%,15,82,97,0,0,15,82
0xae6fa8,79.1667%,15,57,72,55,15,0,2
0xa56f01,94.186%,15,243,258,0,0,15,243
0xa947a2,44.4444%,15,12,27,12,15,0,0
0x9d0ac8,85.2941%,15,87,102,87,15,0,0
0x4039b1,55.8824%,15,19,34,10,6,9,9
0x9e4efd,75%,15,45,60,25,15,0,20
0xa94706,48.2759%,15,14,29,0,2,13,14
0xa946d3,48.2759%,15,14,29,0,0,15,14
0x6472ce,25%,15,5,20,5,0,15,0
0x51293b,95.4407%,15,314,329,314,15,0,0
0x54280c,99.831%,15,8863,8878,0,0,15,8863
0x548a3f,44.4444%,15,12,27,8,7,8,4
0x5b2b84,66.6667%,15,30,45,30,15,0,0
0x5425b7,88.3721%,15,114,129,0,0,15,114
0x837a01,68.75%,15,33,48,16,12,3,17
0x81be58,93.6975%,15,223,238,0,2,13,223
0x8ea148,99.3937%,15,2459,2474,2459,15,0,0
0x9ab271,97.9021%,15,700,715,0,0,15,700
0x9093e1,99.5959%,15,3697,3712,3697,15,0,0
0x4888eb,99.4268%,15,2602,2617,0,0,15,2602
0x900bbb,95.5357%,15,321,336,321,13,2,0
0x973c67,85.4369%,15,88,103,88,15,0,0
0x610311,54.5455%,15,18,33,0,0,15,18
0xa1a0e7,44.4444%,15,12,27,0,14,1,12
0x54cda7,21.0526%,15,4,19,4,15,0,0
0x5fa42d,80%,15,60,75,0,0,15,60
0x54cd9b,21.0526%,15,4,19,0,0,15,4
0x983f0b,76.5625%,15,49,64,45,11,4,4
0xa4fe80,94.0711%,15,238,253,238,11,4,0
0x7f0a7f,72.7273%,15,40,55,35,15,0,5
0x58f90f,86.8421%,15,99,114,0,0,15,99
0xa4fe9e,97.0356%,15,491,506,491,11,4,0
0xa261e5,97.1751%,15,516,531,516,15,0,0
0xa9171a,58.3333%,15,21,36,21,15,0,0
0x5bacd8,90.1961%,15,138,153,12,12,3,126
0x493589,0%,15,0,15,0,15,0,0
0x5f004d,91.7582%,15,167,182,167,15,0,0
0x5af975,71.6981%,15,38,53,0,0,15,38
0x80e884,37.5%,15,9,24,3,9,6,6
0x7f0417,91.0714%,15,153,168,8,5,10,145
0x9e5ddc,11.7647%,15,2,17,2,15,0,0
0x8a98a8,98.9796%,15,1455,1470,0,0,15,1455
0x49db88,60.5263%,15,23,38,23,15,0,0
0x8a750d,94.186%,15,243,258,243,15,0,0
0x99ea96,0%,15,0,15,0,0,15,0
0x48ebff,80.7692%,15,63,78,63,11,4,0
0xa58fed,63.4146%,15,26,41,0,0,15,26
0x4810c8,21.0526%,15,4,19,4,15,0,0
0x490621,81.0127%,15,64,79,0,0,15,64
0x9c405d,96.7811%,15,451,466,0,0,15,451
0x648443,94.5848%,15,262,277,0,0,15,262
0x5bd554,97.807%,15,669,684,0,0,15,669
0x48073e,60.5263%,15,23,38,23,15,0,0
0x9a23ef,73.6842%,15,42,57,0,0,15,42
0x6000d7,44.4444%,15,12,27,0,0,15,12
0x60bdff,25%,15,5,20,2,8,7,3
0x8be8d0,34.7826%,15,8,23,8,15,0,0
0xa9ce55,89.5833%,15,129,144,0,0,15,129
0xa46644,93.8272%,15,228,243,1,10,5,227
0x9f03c0,96.0836%,15,368,383,0,0,15,368
0x9f03b4,96.0836%,15,368,383,0,0,15,368
0x5e6146,99.006%,15,1494,1509,1484,15,0,10
0x550f72,44.4444%,15,12,27,4,2,13,8
0x5fecb7,71.6981%,15,38,53,11,3,12,27
0x609768,81.9277%,15,68,83,0,0,15,68
0xa9c5e4,73.6842%,15,42,57,3,12,3,39
0x63f442,92.5%,15,185,200,0,0,15,185
0x60b373,95.3271%,15,306,321,306,15,0,0
0x546616,42.3077%,15,11,26,9,13,2,2
0x8ee6e1,96.5197%,15,416,431,0,0,15,416
0x5cf463,66.6667%,15,30,45,29,10,5,1
0x640348,98.4391%,15,946,961,946,15,0,0
0xa45b46,93.3333%,15,210,225,205,1,14,5
0x5cb9ed,90.3226%,15,140,155,0,0,15,140
0x9f0e28,94.7917%,15,273,288,0,0,15,273
0x811b87,98.6888%,15,1129,1144,0,0,15,1129
0x9a7633,46.4286%,15,13,28,13,1,14,0
0x7228a2,99.4543%,15,2734,2749,0,0,15,2734
0x900735,88.8889%,15,120,135,0,0,15,120
0x94aa8f,97.3404%,15,549,564,549,15,0,0
0x94dabd,97.4446%,15,572,587,0,0,15,572
0x9009d8,89.726%,15,131,146,0,0,15,131
0x5fab1c,86.9565%,15,100,115,100,14,1,0
0xa9c9b5,55.8824%,15,19,34,0,0,15,19
0x9f5533,81.25%,15,65,80,65,15,0,0
0x8d26f3,80.5195%,15,62,77,0,2,13,62
0x40a934,57.1429%,15,20,35,0,0,15,20
0x9e6292,79.1667%,15,57,72,0,0,15,57
0x816f5e,98.2206%,15,828,843,828,13,2,0
0xa4469c,71.1538%,15,37,52,37,15,0,0
0x98469f,84.2105%,15,80,95,6,14,1,74
0x5c5181,54.5455%,15,18,33,0,0,15,18
0x5f8ffc,80%,15,60,75,12,8,7,48
0x647b7a,65.1163%,15,28,43,0,0,15,28
0xa90386,25%,15,5,20,5,15,0,0
0x8ecf81,95.283%,15,303,318,303,9,6,0
0x51036e,98.9913%,15,1472,1487,1472,15,0,0
0x4c5d2d,28.5714%,15,6,21,6,15,0,0
0x790fc7,66.6667%,15,30,45,9,1,14,21
0x8ff883,99.6537%,15,4317,4332,0,0,15,4317
0x489e30,99.7603%,15,6244,6259,6180,11,4,64
0x499e02,53.125%,15,17,32,5,11,4,12
0x8bb254,96.3325%,15,394,409,394,15,0,0
0xaab0de,80.7692%,15,63,78,63,15,0,0
0x55594a,90.3226%,15,140,155,93,6,9,47
0x803fe6,55.8824%,15,19,34,2,15,0,17
0x40eb4f,95.3271%,15,306,321,0,9,6,306
0x5d3269,89.6552%,15,130,145,0,0,15,130
0x9c42c0,75.8065%,15,47,62,0,0,15,47
0x833a80,88.6364%,15,117,132,8,10,5,109
0x9a1b82,28.5714%,15,6,21,6,15,0,0
0x9730b8,44.4444%,15,12,27,0,2,13,12
0x5970bc,96.8944%,15,468,483,0,0,15,468
0x4096b6,76.9231%,15,50,65,50,15,0,0
0x8091d5,93.2735%,15,208,223,16,8,7,192
0xab32c3,92.1875%,15,177,192,5,15,0,172
0x788bbd,75%,15,45,60,38,15,0,7
0xa4194c,60.5263%,15,23,38,22,2,13,1
0x490f38,63.4146%,15,26,41,0,0,15,26
0xa5c3d8,84.8485%,15,84,99,82,12,3,2
0x4044c1,98.8636%,15,1305,1320,1305,15,0,0
0x911b9b,83.3333%,15,75,90,0,0,15,75
0x538036,65.9091%,15,29,44,29,9,6,0
0x771479,28.5714%,15,6,21,0,0,15,6
0xaa4616,84.8485%,15,84,99,0,0,15,84
0xa30b19,99.1114%,15,1673,1688,0,0,15,1673
0x8f4e36,99.4012%,15,2490,2505,2490,15,0,0
0xa52a9c,90.8537%,15,149,164,0,0,15,149
0x4c167c,92.4242%,15,183,198,171,15,0,12
0x8f19ac,68.75%,15,33,48,0,0,15,33
0x9fe1a7,40%,15,10,25,0,0,15,10
0x5c4bdf,99.1799%,15,1814,1829,0,0,15,1814
0x7ac073,87.1795%,15,102,117,7,14,1,95
0x503e4b,95.1768%,15,296,311,0,0,15,296
0x9099b1,99.1922%,15,1842,1857,1842,15,0,0
0x40f583,84.0426%,15,79,94,79,15,0,0
0x5ff383,55.8824%,15,19,34,10,7,8,9
0xa5bb3e,53.125%,15,17,32,0,0,15,17
0x9f274d,82.3529%,15,70,85,70,15,0,0
0x643990,55.8824%,15,19,34,19,15,0,0
0x94d856,50%,15,15,30,15,15,0,0
0x816271,66.6667%,15,30,45,30,13,2,0
0x8194f5,81.25%,15,65,80,65,15,0,0
0x4bad71,95.0658%,15,289,304,261,5,10,28
0x889fb7,31.8182%,15,7,22,7,15,0,0
0x5fedc2,96.1039%,15,370,385,0,0,15,370
0x81a460,96.3504%,15,396,411,0,0,15,396
0x9a728a,40%,15,10,25,0,1,14,10
0x4c0dde,82.5581%,15,71,86,35,9,6,36
0x6516a2,73.2143%,15,41,56,41,15,0,0
0x8045c9,37.5%,15,9,24,1,6,9,8
0x833f4f,98.1949%,15,816,831,0,0,15,816
0x4995a2,88.189%,15,112,127,112,15,0,0
0xa4ff22,58.3333%,15,21,36,9,13,2,12
0x8ea3e8,98.7755%,15,1210,1225,1210,15,0,0
0x8fdeda,99.9552%,15,33485,33500,33485,15,0,0
0x9e2db2,6.25%,15,1,16,1,15,0,0
0xaa549a,37.5%,15,9,24,1,10,5,8
0x822866,98.9993%,15,1484,1499,1484,15,0,0
0x64ad2d,99.9287%,15,21020,21035,0,0,15,21020
0x918f46,92.5%,15,185,200,185,15,0,0
0x4bd70b,61.5385%,15,24,39,0,0,15,24
0x98b4cd,91.573%,15,163,178,163,15,0,0
0x8e9cbd,99.6662%,15,4479,4494,4479,10,5,0
0x78d83e,97.7843%,15,662,677,4,5,10,658
0x8f4aff,99.4012%,15,2490,2505,2488,11,4,2
0xa578b6,63.4146%,15,26,41,1,14,1,25
0x9d0a3e,70.5882%,15,36,51,36,15,0,0
0x4bb672,85.5769%,15,89,104,41,11,4,48
0x9f7b3b,81.0127%,15,64,79,62,13,2,2
0x4a796c,97.7477%,15,651,666,0,6,9,651
0xaada17,94.1176%,15,240,255,240,15,0,0
0xa45c87,98.2679%,15,851,866,851,15,0,0
0xa9e153,62.5%,15,25,40,0,0,15,25
0x404650,85.9813%,15,92,107,43,5,10,49
0x552a9c,89.4366%,15,127,142,0,4,11,127
0x8e389c,68.75%,15,33,48,0,0,15,33
0x8e3d06,94.9664%,15,283,298,283,15,0,0
0x60b67b,93.9516%,15,233,248,233,15,0,0
0xa2e2cf,60.5263%,15,23,38,23,15,0,0
0xa50fa5,60.5263%,15,23,38,23,9,6,0
0x491a02,81.0127%,15,64,79,64,13,2,0
0xa27603,99.237%,15,1951,1966,0,0,15,1951
0x4b6d5f,87.2881%,15,103,118,73,14,1,30
0x510455,99.311%,15,2162,2177,233,9,6,1929
0x487304,97.8134%,15,671,686,671,15,0,0
0x7b30d8,58.3333%,15,21,36,21,15,0,0
0x441497,97.4227%,15,567,582,516,9,6,51
0x814b1a,94.1634%,15,242,257,0,6,9,242
0xa51c0b,62.5%,15,25,40,25,14,1,0
0x6105c7,83.871%,15,78,93,0,0,15,78
0xa46930,84.375%,15,81,96,2,2,13,79
0x9ee479,31.8182%,15,7,22,1,6,9,6
0xa35fa5,97.4271%,15,568,583,568,0,15,0
0x9ee093,68.0851%,15,32,47,32,15,0,0
0xa5797f,65.1163%,15,28,43,0,0,15,28
0x4a748a,79.1667%,15,57,72,57,15,0,0
0x8fbf34,96.3855%,15,400,415,0,0,15,400
0x817ea2,72.7273%,15,40,55,35,6,9,5
0x5cfc42,98.8067%,15,1242,1257,1232,13,2,10
0xa57664,46.4286%,15,13,28,8,6,9,5
0x53dc61,88.189%,15,112,127,107,10,5,5
0x40ea3a,95.3271%,15,306,321,3,1,14,303
0x50e317,84.5361%,15,82,97,0,0,15,82
0xa2e1f1,96.3415%,15,395,410,0,0,15,395
0x50250a,93.2735%,15,208,223,208,15,0,0
0x49975e,79.7297%,15,59,74,59,15,0,0
0x8ff2c6,76.5625%,15,49,64,0,0,15,49
0x8bad38,96.6368%,15,431,446,3,0,15,428
0xa2eaa8,95.702%,15,334,349,331,14,1,3
0x4a9473,76.1905%,15,48,63,48,15,0,0
0x81f38c,99.0724%,15,1602,1617,0,2,13,1602
0x508ff2,60.5263%,15,23,38,12,6,9,11
0x814ed2,16.6667%,15,3,18,0,0,15,3
0x9d036b,95.8678%,15,348,363,26,3,12,322
0xb14866,98.1796%,15,809,824,0,0,15,809
0xa3138a,82.3529%,15,70,85,0,0,15,70
0x402052,93.1507%,15,204,219,0,0,15,204
0x4897f3,59.4595%,15,22,37,0,12,3,22
0x5b4119,51.6129%,15,16,31,0,0,15,16
0xa32c04,98.3819%,15,912,927,912,15,0,0
0x4bcc52,85.5769%,15,89,104,89,15,0,0
0x8b95c6,99.9266%,15,20425,20440,0,6,9,20425
0xa32ffc,86.3636%,15,95,110,18,14,1,77
0x590c47,64.2857%,15,27,42,6,14,1,21
0x48e918,46.4286%,15,13,28,13,15,0,0
0xa318cf,93.0556%,15,201,216,81,1,14,120
0x9e6de5,82.9545%,15,73,88,70,15,0,3
0x406d7d,99.9484%,15,29050,29065,29050,15,0,0
0x8f30b9,99.7846%,15,6950,6965,0,0,15,6950
0x8db786,95.2381%,15,300,315,0,0,15,300
0xa326e5,85.4369%,15,88,103,0,2,13,88
0x945c4a,90.0662%,15,136,151,71,15,0,65
0x8f1a34,68.75%,15,33,48,31,9,6,2
0xa5eb54,51.6129%,15,16,31,2,3,12,14
0xb0c08a,99.6103%,15,3834,3849,3834,15,0,0
0xaaaa9d,31.8182%,15,7,22,4,15,0,3
0x5427cb,92.228%,15,178,193,178,15,0,0
0x8108c4,80%,15,60,75,60,15,0,0
0x4ca66e,57.1429%,15,20,35,19,11,4,1
0x9a9c88,94.2085%,15,244,259,244,15,0,0
0x9ead63,91.7127%,15,166,181,0,0,15,166
0x40452f,97.9424%,15,714,729,714,15,0,0
0x40f35e,99.6616%,15,4417,4432,0,0,15,4417
0x99f036,84.375%,15,81,96,0,0,15,81
0x40396c,59.4595%,15,22,37,0,0,15,22
0x4ba7c1,94.898%,15,279,294,279,15,0,0
0x8e4517,53.125%,15,17,32,0,0,15,17
0x53493b,77.2727%,15,51,66,0,0,15,51
0x40380c,86.3636%,15,95,110,0,0,15,95
0xb2464c,99.8739%,15,11884,11899,11884,15,0,0
0x8e4685,95.082%,15,290,305,282,7,8,8
0x80a8e8,98.2311%,15,833,848,4,1,14,829
0x55060a,86.6071%,15,97,112,97,15,0,0
0xa31129,60.5263%,15,23,38,23,15,0,0
0x7c7b3c,86.7257%,15,98,113,6,2,13,92
0x4c02c0,70.5882%,15,36,51,10,3,12,26
0x507d0f,58.3333%,15,21,36,14,4,11,7
0xaa33aa,92.228%,15,178,193,8,4,11,170
0x495f20,72.7273%,15,40,55,0,0,15,40
0x53868a,98.9392%,15,1399,1414,0,0,15,1399
0x8d2f3d,79.4521%,15,58,73,0,2,13,58
0x81fc0f,92.891%,15,196,211,191,6,9,5
0x54489c,98.5809%,15,1042,1057,1042,15,0,0
0x944dd3,50%,15,15,30,15,15,0,0
0x818821,98.1862%,15,812,827,0,0,15,812
0xa34be7,79.4521%,15,58,73,0,15,0,58
0x6672d1,51.6129%,15,16,31,0,0,15,16
0x5f0818,95.098%,15,291,306,291,15,0,0
0x610cf1,93.8525%,15,229,244,0,0,15,229
0xa2ecc5,31.8182%,15,7,22,7,15,0,0
0xaa1348,92.3077%,15,180,195,0,0,15,180
0x8bc8d0,99.912%,15,17029,17044,0,0,15,17029
0x98b4a7,91.573%,15,163,178,0,0,15,163
0xb18082,98.9569%,15,1423,1438,0,0,15,1423
0x4b48dc,79.4521%,15,58,73,0,2,13,58
0x977c2a,89.5105%,15,128,143,0,0,15,128
0x9a3eda,46.4286%,15,13,28,0,0,15,13
0x64860b,73.2143%,15,41,56,0,0,15,41
0x97375e,62.5%,15,25,40,25,15,0,0
0x4a7c7e,74.1379%,15,43,58,0,0,15,43
0x4b4b41,78.8732%,15,56,71,0,0,15,56
0xa39fb9,76.9231%,15,50,65,0,0,15,50
0x8efdba,86.7257%,15,98,113,1,4,11,97
0xa9da7c,87.5%,15,105,120,96,9,6,9
0x490325,72.2222%,15,39,54,0,0,15,39
0x835d35,60.5263%,15,23,38,0,0,15,23
0x8fdc8e,98.0366%,15,749,764,0,0,15,749
0x5348d6,77.2727%,15,51,66,51,15,0,0
0x8077ea,99.3981%,15,2477,2492,0,0,15,2477
0x40ebc0,99.0464%,15,1558,1573,0,0,15,1558
0xa50171,89.8649%,15,133,148,0,0,15,133
0x5c56ab,93.2735%,15,208,223,0,0,15,208
0x487673,0%,15,0,15,0,15,0,0
0x5f12e6,75.4098%,15,46,61,46,6,9,0
0x495ed6,63.4146%,15,26,41,8,4,11,18
0x9a392e,28.5714%,15,6,21,6,15,0,0
0xa4d5b7,90.625%,15,145,160,145,15,0,0
0xa4568e,90.7407%,15,147,162,147,3,12,0
0x81458d,66.6667%,15,30,45,18,14,1,12
0x5f137a,62.5%,15,25,40,1,3,12,24
0x546949,94.9495%,15,282,297,280,9,6,2
0x900cbe,95.509%,15,319,334,0,0,15,319
0x9118f4,97.7444%,15,650,665,650,15,0,0
0x48ea63,95.8791%,15,349,364,349,15,0,0
0xa9411d,21.0526%,15,4,19,2,11,4,2
0x9ed57e,85.8491%,15,91,106,57,5,10,34
0x611776,97.9757%,15,726,741,726,15,0,0
0x512e57,99.5632%,15,3419,3434,0,0,15,3419
0x65bd34,91.5254%,15,162,177,0,0,15,162
0x8f5834,84.2105%,15,80,95,1,3,12,79
0x5c3649,97.9109%,15,703,718,703,15,0,0
0x8103dd,97.2924%,15,539,554,0,0,15,539
0x9e1a3c,87.5%,15,105,120,102,2,13,3
0x543ccf,79.4521%,15,58,73,12,9,6,46
0x69238c,31.8182%,15,7,22,7,15,0,0
0x4bc0e7,0%,15,0,15,0,15,0,0
0x4befd9,98.3871%,15,915,930,0,0,15,915
0x8f6bc3,86.2385%,15,94,109,94,15,0,0
0x5f209d,54.5455%,15,18,33,18,15,0,0
0x59c540,83.1461%,15,74,89,74,15,0,0
0x627782,67.3913%,15,31,46,0,0,15,31
0x5ef0a2,16.6667%,15,3,18,3,15,0,0
0x9f4b0a,60.5263%,15,23,38,20,0,15,3
0xa487ec,93.8017%,15,227,242,15,7,8,212
0x809361,97.1042%,15,503,518,503,13,2,0
0xa4887e,91.573%,15,163,178,0,0,15,163
0x511e17,97.3214%,15,545,560,545,15,0,0
0xa58590,87.395%,15,104,119,0,0,15,104
0x50d8e5,59.4595%,15,22,37,3,9,6,19
0xa583b8,87.8049%,15,108,123,0,0,15,108
0x5e4728,99.006%,15,1494,1509,0,0,15,1494
0x911a26,99.1879%,15,1832,1847,1832,15,0,0
0x9e2540,94.403%,15,253,268,105,13,2,148
0x58c8aa,94.9495%,15,282,297,0,0,15,282
0x7c7bb5,84.5361%,15,82,97,14,0,15,68
0x9e71c8,94%,15,235,250,235,13,2,0
0x952b85,96.7105%,15,441,456,441,15,0,0
0x8f3667,87.069%,15,101,116,3,12,3,98
0x4104d4,31.8182%,15,7,22,0,0,15,7
0x489535,86.2385%,15,94,109,94,15,0,0
0x9bd236,77.6119%,15,52,67,52,15,0,0
0x901700,91.9786%,15,172,187,0,0,15,172
0x9026c5,98.75%,15,1185,1200,0,0,15,1185
0x491572,90.5063%,15,143,158,0,0,15,143
0x48eb5c,81.9277%,15,68,83,16,10,5,52
0x9c3cf5,66.6667%,15,30,45,30,15,0,0
0x9017dd,72.2222%,15,39,54,14,13,2,25
0x50ac85,76.9231%,15,50,65,44,0,15,6
0x81b94f,95.2681%,15,302,317,0,0,15,302
0xa50b9f,6.25%,15,1,16,0,0,15,1
0x991307,86.1111%,15,93,108,91,0,15,2
0xa459a2,70.5882%,15,36,51,11,7,8,25
0x6492ef,79.7297%,15,59,74,55,13,2,4
0x9110d8,71.6981%,15,38,53,0,0,15,38
0xb4a1c1,97.9282%,15,709,724,0,0,15,709
0x8aacc9,31.8182%,15,7,22,0,0,15,7
0xb32711,99.7672%,15,6427,6442,6427,15,0,0
0x833ce9,80%,15,60,75,60,13,2,0
0x8c92ba,98.506%,15,989,1004,71,13,2,918
0x590e82,34.7826%,15,8,23,0,0,15,8
0x5430a1,95.7865%,15,341,356,0,0,15,341
0x80a96e,92.228%,15,178,193,177,13,2,1
0x5c49b1,80.5195%,15,62,77,62,15,0,0
0x40487e,97.557%,15,599,614,210,7,8,389
0x88871e,31.8182%,15,7,22,7,15,0,0
0x504918,90.8537%,15,149,164,134,15,0,15
0x53e371,99.5235%,15,3133,3148,0,0,15,3133
0x8dcd7b,99.3475%,15,2284,2299,2284,15,0,0
0x53ed42,90.2597%,15,139,154,0,0,15,139
0x6616fb,90.5063%,15,143,158,143,15,0,0
0x81ea3f,82.5581%,15,71,86,71,11,4,0
0x97317b,97.541%,15,595,610,0,0,15,595
0x8e87e8,98.6188%,15,1071,1086,1071,15,0,0
0x5d1a4b,86.3636%,15,95,110,36,12,3,59
0x50aa85,78.2609%,15,54,69,2,2,13,52
0x54381b,89.3617%,15,126,141,118,12,3,8
0xa5102d,97.0356%,15,491,506,0,0,15,491
0xa509fb,95.8101%,15,343,358,343,15,0,0
0x5f0578,44.4444%,15,12,27,0,0,15,12
0x9a80ce,95.3846%,15,310,325,0,0,15,310
0x491bdb,81.0127%,15,64,79,64,14,1,0
0x410861,72.2222%,15,39,54,0,0,15,39
0x48b35b,65.1163%,15,28,43,0,0,15,28
0x40a61e,68.75%,15,33,48,0,0,15,33
0x55297e,89.4366%,15,127,142,7,9,6,120
0x5e5e18,98.5045%,15,988,1003,988,15,0,0
0x4a1da5,98.9698%,15,1441,1456,1441,15,0,0
0x814463,97.191%,15,519,534,0,0,15,519
0x5f0d2f,94.6996%,15,268,283,0,0,15,268
0x543876,75.4098%,15,46,61,0,0,15,46
0x50a77a,70.5882%,15,36,51,36,15,0,0
0x8d23d0,96.6518%,15,433,448,0,0,15,433
0x9e774d,71.6981%,15,38,53,31,15,0,7
0x811de3,98.7654%,15,1200,1215,0,0,15,1200
0x4bcdf6,6.25%,15,1,16,1,0,15,0
0xa63bbd,87.8049%,15,108,123,108,15,0,0
0xa4deb0,58.3333%,15,21,36,1,15,0,20
0x99e0ea,0%,15,0,15,0,15,0,0
0x648bfc,42.3077%,15,11,26,0,13,2,11
0xa501ff,79.7297%,15,59,74,59,15,0,0
0x88a236,61.5385%,15,24,39,0,0,15,24
0x9a755c,16.6667%,15,3,18,0,4,11,3
0xaa260b,31.8182%,15,7,22,0,0,15,7
0xad7bab,82.7586%,15,72,87,72,15,0,0
0x48a76f,98.7002%,15,1139,1154,0,0,15,1139
0x485d3b,95.098%,15,291,306,0,0,15,291
0x63906e,95.3846%,15,310,325,0,12,3,310
0x820beb,70%,15,35,50,35,15,0,0
0x557b76,76.9231%,15,50,65,0,0,15,50
0x9f5f5d,75%,15,45,60,45,15,0,0
0x5421a7,97.8663%,15,688,703,688,15,0,0
0x4a0252,89.1304%,15,123,138,0,0,15,123
0x978514,96.9072%,15,470,485,0,0,15,470
0x5af1cf,98.1459%,15,794,809,794,15,0,0
0x9452b0,93.3628%,15,211,226,209,4,11,2
0x502957,84.5361%,15,82,97,29,6,9,53
0x49fd0e,99.2507%,15,1987,2002,0,0,15,1987
0x8ee659,64.2857%,15,27,42,0,0,15,27
0xa35da7,96.6518%,15,433,448,0,0,15,433
0xa50cec,82.9545%,15,73,88,71,13,2,2
0x4aad8d,50%,15,15,30,0,0,15,15
0x4a7d2c,94.5255%,15,259,274,259,14,1,0
0x8a7751,95.0331%,15,287,302,4,8,7,283
0x8eb00d,79.1667%,15,57,72,23,8,7,34
0x7236b0,98.9627%,15,1431,1446,0,0,15,1431
0x8bb1dc,96.3325%,15,394,409,394,15,0,0
0x81e4fa,97.2875%,15,538,553,538,15,0,0
0x9745df,94.382%,15,252,267,0,2,13,252
0x5f7a88,92.7536%,15,192,207,192,14,1,0
0x78cd87,98.2759%,15,855,870,855,15,0,0
0xa944ca,48.2759%,15,14,29,0,0,15,14
0x9fb69f,93.0233%,15,200,215,200,15,0,0
0x8e5fb0,94.4238%,15,254,269,254,15,0,0
0x819881,98.1862%,15,812,827,812,15,0,0
0x889fa5,31.8182%,15,7,22,0,0,15,7
0x4a6fc9,87.6033%,15,106,121,106,15,0,0
0x80e523,81.9277%,15,68,83,1,9,6,67
0x64df73,97.1374%,15,509,524,509,15,0,0
0x502a9a,37.5%,15,9,24,9,15,0,0
0x602d4e,59.4595%,15,22,37,4,6,9,18
0x550e5d,55.8824%,15,19,34,0,0,15,19
0x5425bf,88.3721%,15,114,129,0,0,15,114
0x5eb8e6,98.2436%,15,839,854,839,15,0,0
0x8f3e11,96.114%,15,371,386,0,0,15,371
0x4a0311,65.9091%,15,29,44,13,3,12,16
0x8e45dd,53.125%,15,17,32,9,15,0,8
0x81b93e,48.2759%,15,14,29,2,8,7,12
0x90bef6,87.395%,15,104,119,0,0,15,104
0x5ee1c1,98.5045%,15,988,1003,815,11,4,173
0x811a27,98.2311%,15,833,848,833,10,5,0
0x8bcaa9,89.8649%,15,133,148,0,0,15,133
0x9ecf2d,65.1163%,15,28,43,25,15,0,3
0x6476c0,66.6667%,15,30,45,0,0,15,30
0x98d006,99.0931%,15,1639,1654,1635,7,8,4
0x81b9a3,92.7184%,15,191,206,0,2,13,191
0x50b81a,46.4286%,15,13,28,13,15,0,0
0xa2950a,6.25%,15,1,16,1,15,0,0
0x5f92ac,81.25%,15,65,80,5,14,1,60
0x5f09d2,94.9324%,15,281,296,281,15,0,0
0x48d719,28.5714%,15,6,21,0,0,15,6
0x5f86de,80.5195%,15,62,77,2,3,12,60
0x5cbdb1,88.5496%,15,116,131,116,15,0,0
0x901b0b,94%,15,235,250,223,5,10,12
0x88a243,61.5385%,15,24,39,17,5,10,7
0x8dabbf,65.9091%,15,29,44,29,15,0,0
0x5f87bb,75%,15,45,60,44,15,0,1
0xa942b7,90.5063%,15,143,158,143,15,0,0
0x805b19,99.4614%,15,2770,2785,0,0,15,2770
0x507a74,70%,15,35,50,35,15,0,0
0x4a13b0,73.2143%,15,41,56,0,0,15,41
0xa3559e,98.3731%,15,907,922,0,4,11,907
0x9f9786,53.125%,15,17,32,15,7,8,2
0x65c320,76.9231%,15,50,65,0,2,13,50
0x611713,97.1319%,15,508,523,0,10,5,508
0x507c51,96.5753%,15,423,438,0,0,15,423
0x8dcc3d,99.3475%,15,2284,2299,2284,15,0,0
0x537b84,99.8443%,15,9617,9632,0,0,15,9617
0x8aacf6,31.8182%,15,7,22,7,15,0,0
0x5f1046,58.3333%,15,21,36,21,15,0,0
0xb2e70b,99.8124%,15,7980,7995,0,0,15,7980
0x53d858,61.5385%,15,24,39,15,14,1,9
0x9abb09,98.6339%,15,1083,1098,0,0,15,1083
0x53e37a,99.5235%,15,3133,3148,0,0,15,3133
0x809149,95.4545%,15,315,330,315,15,0,0
0x99aff4,62.5%,15,25,40,0,0,15,25
0x5ba9e5,99.3612%,15,2333,2348,2333,15,0,0
0x9a6073,46.4286%,15,13,28,0,14,1,13
0x58baa3,86.3636%,15,95,110,95,15,0,0
0xa065a1,51.6129%,15,16,31,0,0,15,16
0x63d217,34.7826%,15,8,23,3,8,7,5
0x5d88a0,50%,15,15,30,0,0,15,15
0x60a6c3,70%,15,35,50,0,0,15,35
0x4850bc,66.6667%,15,30,45,30,15,0,0
0x50454a,97.973%,15,725,740,0,0,15,725
0x405ec3,91.573%,15,163,178,0,0,15,163
0x555d09,98.6124%,15,1066,1081,0,0,15,1066
0x9ab35f,98.7124%,15,1150,1165,0,0,15,1150
0x58dfbc,92.823%,15,194,209,130,15,0,64
0xb345f0,93.3333%,15,210,225,210,15,0,0
0xb1ae61,96.5358%,15,418,433,418,15,0,0
0x4a5b22,72.7273%,15,40,55,0,11,4,40
0xb316a2,74.5763%,15,44,59,0,0,15,44
0x96b19a,98.3462%,15,892,907,0,0,15,892
0x80f9fd,79.7297%,15,59,74,44,4,11,15
0x50d968,97.307%,15,542,557,0,0,15,542
0x8fefb6,95.7507%,15,338,353,0,0,15,338
0x552ad3,53.125%,15,17,32,0,0,15,17
0x8ef4e1,64.2857%,15,27,42,22,11,4,5
0x9d033c,96.4455%,15,407,422,44,10,5,363
0x4a7a35,67.3913%,15,31,46,0,1,14,31
0x9f7b20,91.5254%,15,162,177,0,0,15,162
0x8165ad,70.5882%,15,36,51,2,10,5,34
0x533d02,75%,15,45,60,0,0,15,45
0x9aafc2,97.2376%,15,528,543,0,0,15,528
0xb245f3,99.8739%,15,11884,11899,0,0,15,11884
0x945386,96.8153%,15,456,471,456,15,0,0
0x4a79d6,59.4595%,15,22,37,22,15,0,0
0x50439b,87.9032%,15,109,124,47,15,0,62
0x501b4f,98.1108%,15,779,794,0,3,12,779
0xa4a70b,59.4595%,15,22,37,16,11,4,6
0xa1adbe,65.9091%,15,29,44,29,15,0,0
0x50226e,88.0952%,15,111,126,111,15,0,0
0x8bd969,89.6552%,15,130,145,130,15,0,0
0x9fb006,95.2077%,15,298,313,0,0,15,298
0x608bd8,97.2924%,15,539,554,0,0,15,539
0x8063e5,71.1538%,15,37,52,0,13,2,37
0x6083ad,88.0952%,15,111,126,111,15,0,0
0x97753b,92.268%,15,179,194,179,15,0,0
0x51b509,26.3158%,14,5,19,0,13,1,5
0x404db0,99.6486%,14,3970,3984,3906,8,6,64
0x8e5258,99.0808%,14,1509,1523,0,0,14,1509
0x7cf524,57.5758%,14,19,33,4,10,4,15
0x90ecfc,98.5432%,14,947,961,298,13,1,649
0x8aebce,95.9538%,14,332,346,0,0,14,332
0xa41e16,97.76%,14,611,625,611,14,0,0
0x6805a6,26.3158%,14,5,19,5,14,0,0
0xa4a19b,86.5385%,14,90,104,40,1,13,50
0x503e7f,39.1304%,14,9,23,9,0,14,0
0x60e6fa,82.2785%,14,65,79,65,14,0,0
0x9112f9,98.6473%,14,1021,1035,1021,14,0,0
0x5fa9be,98.1432%,14,740,754,731,5,9,9
0xa8ab5f,83.1325%,14,69,83,0,0,14,69
0xa7222e,48.1481%,14,13,27,6,14,0,7
0x8b9e8c,98.7511%,14,1107,1121,1107,14,0,0
0x548622,99.405%,14,2339,2353,2339,14,0,0
0x69222b,36.3636%,14,8,22,8,14,0,0
0x49dd74,50%,14,14,28,0,0,14,14
0xa41ada,99.125%,14,1586,1600,0,0,14,1586
0x99da14,61.1111%,14,22,36,22,14,0,0
0x9a6dfb,0%,14,0,14,0,5,9,0
0x90e278,91.25%,14,146,160,0,0,14,146
0x9f6510,92.1788%,14,165,179,0,0,14,165
0x8eedea,94.8339%,14,257,271,124,7,7,133
0x784ab9,94.7761%,14,254,268,248,12,2,6
0x50ef00,76.6667%,14,46,60,40,1,13,6
0x4bfdcd,63.1579%,14,24,38,0,13,1,24
0x98ce46,99.2481%,14,1848,1862,0,0,14,1848
0x508db5,87.2727%,14,96,110,71,5,9,25
0x98c952,87.156%,14,95,109,0,0,14,95
0x809117,98.3491%,14,834,848,833,10,4,1
0x40cec3,83.7209%,14,72,86,72,12,2,0
0x5ee1e3,92.0904%,14,163,177,163,14,0,0
0x9a6351,0%,14,0,14,0,0,14,0
0x809200,88.6179%,14,109,123,106,7,7,3
0x482c06,26.3158%,14,5,19,0,0,14,5
0x50eecc,83.1325%,14,69,83,67,7,7,2
0xa2757f,87.2727%,14,96,110,96,14,0,0
0x4bdbc3,30%,14,6,20,6,14,0,0
0xa26038,92.5532%,14,174,188,24,14,0,150
0x409c79,95.4839%,14,296,310,0,0,14,296
0x483c7d,26.3158%,14,5,19,4,13,1,1
0x58d90c,93.3014%,14,195,209,193,10,4,2
0x6808c5,98.4666%,14,899,913,0,0,14,899
0x9e21ea,86.5385%,14,90,104,0,0,14,90
0x40303f,82.5%,14,66,80,8,3,11,58
0x7840c9,62.1622%,14,23,37,18,11,3,5
0x977cfe,95.2055%,14,278,292,0,0,14,278
0x99f67e,86.2745%,14,88,102,0,0,14,88
0x5373b7,89.0625%,14,114,128,114,14,0,0
0x507d1d,22.2222%,14,4,18,2,12,2,2
0x4b6ea3,70.2128%,14,33,47,30,1,13,3
0xa97661,87.7193%,14,100,114,100,14,0,0
0x94ac8e,82.5%,14,66,80,10,14,0,56
0x403032,82.5%,14,66,80,0,0,14,66
0x835ca2,63.1579%,14,24,38,15,5,9,9
0x50591e,82.9268%,14,68,82,68,14,0,0
0x8e421b,96.2466%,14,359,373,359,14,0,0
0x911a82,99.242%,14,1833,1847,0,0,14,1833
0x819838,79.4118%,14,54,68,32,2,12,22
0x4b789a,54.8387%,14,17,31,3,0,14,14
0x488c1b,95.4839%,14,296,310,296,14,0,0
0x405178,99.831%,14,8268,8282,0,0,14,8268
0x81c97c,91.8605%,14,158,172,0,0,14,158
0x9178bb,90.9091%,14,140,154,0,12,2,140
0xa05a3b,75.8621%,14,44,58,0,0,14,44
0x8b9e49,98.7941%,14,1147,1161,1147,14,0,0
0x4022fa,74.0741%,14,40,54,40,13,1,0
0x4b5c63,93.3014%,14,195,209,10,0,14,185
0xa29046,12.5%,14,2,16,2,14,0,0
0x4a9c84,54.8387%,14,17,31,7,8,6,10
0x9f405f,57.5758%,14,19,33,19,11,3,0
0x541220,99.8647%,14,10330,10344,10330,14,0,0
0x8aec5c,93.2367%,14,193,207,193,14,0,0
0x8bd6d0,99.3174%,14,2037,2051,2037,14,0,0
0x543860,77.0492%,14,47,61,0,0,14,47
0x49c724,96.9365%,14,443,457,0,0,14,443
0x8dc213,98.4181%,14,871,885,0,14,0,871
0x9f16fa,85.2632%,14,81,95,81,14,0,0
0x8bcbe3,80%,14,56,70,33,11,3,23
0x599374,99.663%,14,4140,4154,4140,14,0,0
0x404409,99.351%,14,2143,2157,718,13,1,1425
0x95191c,84.6154%,14,77,91,77,14,0,0
0xaa5c52,90.604%,14,135,149,109,6,8,26
0x8de97f,93%,14,186,200,186,14,0,0
0x63af80,98.2948%,14,807,821,807,14,0,0
0xa5940e,95.8944%,14,327,341,0,0,14,327
0x509633,82.9268%,14,68,82,68,14,0,0
0x9ef454,76.6667%,14,46,60,0,0,14,46
0x9ef332,82.716%,14,67,81,67,14,0,0
0x9ef0cc,98.5901%,14,979,993,0,6,8,979
0xa4536f,96.4824%,14,384,398,39,11,3,345
0x4ac860,6.66667%,14,1,15,1,14,0,0
0x817234,91.0828%,14,143,157,65,0,14,78
0x535668,92.3497%,14,169,183,0,0,14,169
0x9ef2d5,76.6667%,14,46,60,46,14,0,0
0x8066d9,22.2222%,14,4,18,0,0,14,4
0x609f8c,99.527%,14,2946,2960,0,0,14,2946
0x511280,99.7%,14,4653,4667,4653,14,0,0
0x908eac,95.4397%,14,293,307,137,3,11,156
0xa565ca,94.636%,14,247,261,247,4,10,0
0x8dee91,89.313%,14,117,131,111,12,2,6
0x5388a6,98.8343%,14,1187,1201,1187,14,0,0
0x51c79b,98.8343%,14,1187,1201,1187,14,0,0
0x509734,56.25%,14,18,32,11,11,3,7
0x607039,87.8261%,14,101,115,85,10,4,16
0x90a87b,81.0811%,14,60,74,0,0,14,60
0x9feab6,65%,14,26,40,25,8,6,1
0xa44daa,96.7667%,14,419,433,419,14,0,0
0x906acd,96.0894%,14,344,358,344,14,0,0
0xa48043,95.3642%,14,288,302,268,1,13,20
0x8efc1a,87.6106%,14,99,113,97,11,3,2
0x48d7ad,99.1822%,14,1698,1712,0,0,14,1698
0x555567,95.3488%,14,287,301,1,3,11,286
0x50bb54,97.137%,14,475,489,475,14,0,0
0x9091b9,98.7567%,14,1112,1126,1112,14,0,0
0x9f6b88,68.1818%,14,30,44,30,14,0,0
0x58be8c,78.125%,14,50,64,50,2,12,0
0x507d43,61.1111%,14,22,36,22,9,5,0
0x9f95cc,87.156%,14,95,109,27,7,7,68
0x48f88b,12.5%,14,2,16,0,0,14,2
0x48b9e4,99.3035%,14,1996,2010,1996,14,0,0
0x550105,75%,14,42,56,2,6,8,40
0x4ab8e1,44%,14,11,25,11,14,0,0
0x512dbd,95.4397%,14,293,307,0,0,14,293
0x48e82c,75%,14,42,56,35,14,0,7
0x81fb1d,95.6656%,14,309,323,309,14,0,0
0x82133e,99.6094%,14,3570,3584,3570,14,0,0
0x40407e,99.139%,14,1612,1626,1612,14,0,0
0x9f11f2,97.271%,14,499,513,499,14,0,0
0xa48160,95.3642%,14,288,302,52,12,2,236
0x8f45d5,75.4386%,14,43,57,35,10,4,8
0x4aaa82,73.0769%,14,38,52,0,0,14,38
0xa544e4,87.5%,14,98,112,91,11,3,7
0x5a95c8,44%,14,11,25,11,14,0,0
0x816b5e,99.0915%,14,1527,1541,191,9,5,1336
0x61f3b2,30%,14,6,20,0,0,14,6
0x49cac3,97.0894%,14,467,481,0,6,8,467
0x58dbb3,90.7285%,14,137,151,135,9,5,2
0x94d65e,97.5177%,14,550,564,548,12,2,2
0x503a8e,77.0492%,14,47,61,46,13,1,1
0x674ff8,56.25%,14,18,32,18,14,0,0
0x556ff2,83.5294%,14,71,85,3,6,8,68
0x64bb47,98.9943%,14,1378,1392,0,0,14,1378
0x4b9deb,98.4783%,14,906,920,2,13,1,904
0x4bc147,92.8934%,14,183,197,3,10,4,180
0x99e07c,50%,14,14,28,0,13,1,14
0x4a5e0d,78.4615%,14,51,65,39,1,13,12
0x9bdd17,74.5455%,14,41,55,37,2,12,4
0x5c501a,86.4078%,14,89,103,89,14,0,0
0x643a97,98.1603%,14,747,761,0,0,14,747
0x803ebb,93.1707%,14,191,205,191,14,0,0
0x8ef5b3,89.6296%,14,121,135,121,14,0,0
0x48f0b2,89.1473%,14,115,129,115,11,3,0
0x94b396,96.5517%,14,392,406,392,14,0,0
0x58f8d0,75.8621%,14,44,58,0,11,3,44
0x8ea4a9,12.5%,14,2,16,2,14,0,0
0x5feb46,73.5849%,14,39,53,30,11,3,9
0x9f270b,96.7593%,14,418,432,418,14,0,0
0x50a81f,72.549%,14,37,51,0,0,14,37
0x5fef89,70.8333%,14,34,48,34,0,14,0
0x9eb1bd,75.8621%,14,44,58,0,0,14,44
0x4b6ed4,54.8387%,14,17,31,0,0,14,17
0x96a63c,81.0811%,14,60,74,0,2,12,60
0x9742d6,97.5089%,14,548,562,4,4,10,544
0x53375b,63.1579%,14,24,38,20,8,6,4
0x48f715,78.4615%,14,51,65,7,3,11,44
0x609c87,97.8979%,14,652,666,652,14,0,0
0xa5baeb,80.5556%,14,58,72,3,4,10,55
0xb17bb2,98.6805%,14,1047,1061,0,0,14,1047
0x5ee239,92.0904%,14,163,177,163,14,0,0
0xb17abb,98.6805%,14,1047,1061,1047,14,0,0
0x509fc9,97.1487%,14,477,491,477,14,0,0
0x54823c,98.2323%,14,778,792,778,14,0,0
0x7f0271,26.3158%,14,5,19,1,0,14,4
0x94326f,81.3333%,14,61,75,61,14,0,0
0x50cdb0,95.6386%,14,307,321,0,0,14,307
0x9a0a43,50%,14,14,28,0,0,14,14
0xa946aa,69.5652%,14,32,46,0,0,14,32
0x9ab0f7,98.042%,14,701,715,701,14,0,0
0x50a94c,89.7059%,14,122,136,17,8,6,105
0xa946e0,51.7241%,14,15,29,0,0,14,15
0xaa33b4,95.8209%,14,321,335,0,0,14,321
0x555ab0,50%,14,14,28,14,12,2,0
0x647d97,72.549%,14,37,51,37,14,0,0
0x543a78,93.578%,14,204,218,0,0,14,204
0x908735,99.131%,14,1597,1611,0,0,14,1597
0x771992,99.9315%,14,20426,20440,0,0,14,20426
0x80dcba,98.8836%,14,1240,1254,0,0,14,1240
0x94c646,97.5089%,14,548,562,548,14,0,0
0x9f5d87,36.3636%,14,8,22,8,14,0,0
0x9f5d16,50%,14,14,28,0,0,14,14
0xaa2dba,95.3947%,14,290,304,290,14,0,0
0x9eb7ca,91.6667%,14,154,168,0,0,14,154
0x9a96af,30%,14,6,20,1,0,14,5
0x63fa5f,99.2461%,14,1843,1857,1843,14,0,0
0x55112e,17.6471%,14,3,17,3,14,0,0
0x8188ca,92.4324%,14,171,185,161,11,3,10
0x80dafc,93.6364%,14,206,220,0,0,14,206
0x5444a7,93.75%,14,210,224,210,14,0,0
0x94e9e8,76.6667%,14,46,60,22,8,6,24
0x5f5606,76.6667%,14,46,60,0,0,14,46
0x4c65be,50%,14,14,28,12,14,0,2
0x944b36,93.6937%,14,208,222,208,14,0,0
0x8d11d9,99.7561%,14,5726,5740,0,0,14,5726
0x48e197,44%,14,11,25,11,14,0,0
0xa522f9,85.567%,14,83,97,69,4,10,14
0x9eb387,81.0811%,14,60,74,0,2,12,60
0x9ef36f,76.6667%,14,46,60,0,0,14,46
0x558073,98.5447%,14,948,962,0,1,13,948
0x64ba9d,98.9979%,14,1383,1397,0,0,14,1383
0x8f6ad0,91.6667%,14,154,168,0,0,14,154
0x6000e4,48.1481%,14,13,27,13,14,0,0
0x5560d0,93.1034%,14,189,203,189,14,0,0
0x8a97e4,99.8927%,14,13038,13052,0,0,14,13038
0x8bccae,53.3333%,14,16,30,0,14,0,16
0x4ba35d,95.7055%,14,312,326,312,14,0,0
0x8e241d,99.7433%,14,5440,5454,0,0,14,5440
0x53c3b3,68.1818%,14,30,44,8,14,0,22
0x8107b1,98.1132%,14,728,742,0,0,14,728
0x4b58df,94.8148%,14,256,270,0,0,14,256
0xa41f9e,83.908%,14,73,87,73,14,0,0
0x8efab7,91.25%,14,146,160,146,10,4,0
0xa92d46,82.0513%,14,64,78,0,0,14,64
0x512802,96.4736%,14,383,397,0,0,14,383
0x80c409,22.2222%,14,4,18,0,0,14,4
0x5579dd,95.2703%,14,282,296,282,14,0,0
0x80fdf6,97.6471%,14,581,595,0,0,14,581
0x8a76b5,94.5525%,14,243,257,101,10,4,142
0x9e291e,65%,14,26,40,0,10,4,26
0xa9d29d,58.8235%,14,20,34,19,5,9,1
0x80bfbd,56.25%,14,18,32,6,10,4,12
0x54f3a2,17.6471%,14,3,17,3,14,0,0
0x5991a0,96.0452%,14,340,354,0,0,14,340
0xa17f45,97.0526%,14,461,475,461,14,0,0
0xa06e14,63.1579%,14,24,38,0,0,14,24
0x54f179,67.4419%,14,29,43,4,11,3,25
0x5b0f3a,75.8621%,14,44,58,0,0,14,44
0x783d2b,91.0256%,14,142,156,142,14,0,0
0x908a22,98.5432%,14,947,961,947,14,0,0
0x404765,97.6744%,14,588,602,0,0,14,588
0x65a2aa,92.6316%,14,176,190,176,14,0,0
0x944319,97.8056%,14,624,638,0,0,14,624
0x9a45ab,97.3832%,14,521,535,0,0,14,521
0x94529a,93.8053%,14,212,226,0,0,14,212
0x97b7aa,79.7101%,14,55,69,3,4,10,52
0x60e630,63.1579%,14,24,38,24,14,0,0
0x9f73e5,0%,14,0,14,0,14,0,0
0x509d33,97.4592%,14,537,551,124,12,2,413
0x80e846,86.2745%,14,88,102,74,4,10,14
0x499dc9,56.25%,14,18,32,18,14,0,0
0x8fe8d5,91.0256%,14,142,156,142,13,1,0
0x5be809,67.4419%,14,29,43,17,5,9,12
0x8168dd,39.1304%,14,9,23,9,14,0,0
0xa09534,12.5%,14,2,16,0,8,6,2
0x8db639,98.7826%,14,1136,1150,0,0,14,1136
0x7d187c,97.0021%,14,453,467,122,11,3,331
0x50d6d4,97.1944%,14,485,499,0,0,14,485
0x5905ec,61.1111%,14,22,36,2,4,10,20
0xa5c860,0%,14,0,14,0,14,0,0
0x9eef23,88.3333%,14,106,120,34,11,3,72
0x9ab8aa,94.5098%,14,241,255,241,14,0,0
0x8e7938,94.1667%,14,226,240,11,5,9,215
0x82267a,97.0833%,14,466,480,466,14,0,0
0x4bdddd,48.1481%,14,13,27,13,0,14,0
0x8e02cd,97.5439%,14,556,570,272,13,1,284
0x5bb730,39.1304%,14,9,23,0,0,14,9
0x9ea8af,12.5%,14,2,16,0,14,0,2
0x5f7a47,93.2367%,14,193,207,0,0,14,193
0xa5758d,65.8537%,14,27,41,3,12,2,24
0xa43c63,70.8333%,14,34,48,34,14,0,0
0xa0852b,58.8235%,14,20,34,19,10,4,1
0xa2d324,96.4467%,14,380,394,0,0,14,380
0x58ded1,90.7285%,14,137,151,132,3,11,5
0x48d677,79.7101%,14,55,69,0,0,14,55
0x55470e,78.125%,14,50,64,0,0,14,50
0x901b5a,94.5312%,14,242,256,0,0,14,242
0xa3ba77,90.2778%,14,130,144,0,14,0,130
0x50183d,98.593%,14,981,995,6,9,5,975
0x8fcc7a,95.053%,14,269,283,261,6,8,8
0x8fd6e6,53.3333%,14,16,30,0,0,14,16
0x9ea9cd,17.6471%,14,3,17,3,14,0,0
0x8e47e6,99.1647%,14,1662,1676,0,0,14,1662
0x77adad,97.318%,14,508,522,508,14,0,0
0x8ba377,98.9568%,14,1328,1342,0,0,14,1328
0x77ad6f,97.318%,14,508,522,508,14,0,0
0x409e7a,12.5%,14,2,16,2,14,0,0
0x814582,81.8182%,14,63,77,24,8,6,39
0x4bf256,66.6667%,14,28,42,28,14,0,0
0x4c060f,66.6667%,14,28,42,0,0,14,28
0x4bf0b9,94.0678%,14,222,236,37,11,3,185
0x4c4051,93.1373%,14,190,204,190,14,0,0
0x8a8df5,98.9964%,14,1381,1395,1381,12,2,0
0x8f42a2,99.444%,14,2504,2518,0,1,13,2504
0x811e0f,99.5521%,14,3112,3126,3,7,7,3109
0x973ec3,61.1111%,14,22,36,12,0,14,10
0x90b99b,98.5432%,14,947,961,947,14,0,0
0x491519,91.195%,14,145,159,0,1,13,145
0x811d69,91.5663%,14,152,166,0,0,14,152
0x410292,91.5152%,14,151,165,107,4,10,44
0x8126f4,73.0769%,14,38,52,38,14,0,0
0xa47c0c,66.6667%,14,28,42,28,14,0,0
0xaa537d,99.458%,14,2569,2583,2569,14,0,0
0xa578ab,65.8537%,14,27,41,0,0,14,27
0xa573f4,65.8537%,14,27,41,25,13,1,2
0x81e7a7,89.9281%,14,125,139,125,14,0,0
0xa3550a,95.4545%,14,294,308,5,10,4,289
0xa47e87,66.6667%,14,28,42,18,12,2,10
0x4b9ea2,90.9677%,14,141,155,141,14,0,0
0xa43f84,78.125%,14,50,64,0,0,14,50
0x48723e,93.8865%,14,215,229,0,0,14,215
0x486fff,85.2632%,14,81,95,81,12,2,0
0x81856a,58.8235%,14,20,34,20,14,0,0
0x501fb5,84.6154%,14,77,91,0,0,14,77
0x54efa6,67.4419%,14,29,43,28,0,14,1
0x404b70,88.3333%,14,106,120,105,6,8,1
0x5f7630,97.6936%,14,593,607,0,0,14,593
0x5423d0,93.6073%,14,205,219,0,0,14,205
0x9e3fd6,83.908%,14,73,87,66,2,12,7
0xa36146,80.5556%,14,58,72,0,2,12,58
0x64c2a6,73.5849%,14,39,53,39,14,0,0
0x50bd03,30%,14,6,20,6,12,2,0
0x9a7ba8,95.2218%,14,279,293,0,5,9,279
0xa3b1bb,90.2778%,14,130,144,3,1,13,127
0x80451f,48.1481%,14,13,27,8,2,12,5
0x5345dd,99.803%,14,7094,7108,0,3,11,7094
0x4b5adb,74.0741%,14,40,54,15,12,2,25
0x910038,97.9412%,14,666,680,0,0,14,666
0x50cbcc,78.7879%,14,52,66,5,14,0,47
0x4b6be3,71.4286%,14,35,49,4,5,9,31
0xa32dbe,94.3089%,14,232,246,3,6,8,229
0x5ee150,99.5361%,14,3004,3018,0,0,14,3004
0x48ddcf,92.9293%,14,184,198,0,0,14,184
0x48b294,95.6386%,14,307,321,0,0,14,307
0x50b2d7,68.1818%,14,30,44,26,14,0,4
0x80a51e,97.5045%,14,547,561,0,0,14,547
0x50eba7,63.1579%,14,24,38,24,14,0,0
0x9e097b,65%,14,26,40,4,1,13,22
0x5de2e4,98.8719%,14,1227,1241,1227,14,0,0
0x8a934a,99.5455%,14,3066,3080,0,0,14,3066
0xaaae2d,92.4731%,14,172,186,0,0,14,172
0x9d0971,86.2745%,14,88,102,50,1,13,38
0x4a1ce8,89.3939%,14,118,132,118,14,0,0
0xa36459,89.2308%,14,116,130,0,0,14,116
0x9461bf,26.3158%,14,5,19,5,14,0,0
0xa9cd4a,69.5652%,14,32,46,28,6,8,4
0x4c4c5c,72%,14,36,50,0,0,14,36
0x81445d,97.3783%,14,520,534,0,0,14,520
0x81ed38,99.1245%,14,1585,1599,0,0,14,1585
0x9eb5aa,77.7778%,14,49,63,49,14,0,0
0x9edc70,78.125%,14,50,64,50,14,0,0
0x5b184b,81.3333%,14,61,75,0,0,14,61
0x48ded5,65.8537%,14,27,41,0,0,14,27
0x4c6730,46.1538%,14,12,26,4,0,14,8
0x4a7988,62.1622%,14,23,37,23,14,0,0
0x5f0897,95.2703%,14,282,296,0,0,14,282
0xb2ee39,73.5849%,14,39,53,0,0,14,39
0x5f09bf,95.2703%,14,282,296,0,0,14,282
0x50410b,77.4194%,14,48,62,48,14,0,0
0x9ea2d9,80.5556%,14,58,72,58,14,0,0
0x60a6f3,99.1846%,14,1703,1717,0,0,14,1703
0x4c6282,68.1818%,14,30,44,17,7,7,13
0x807774,91.716%,14,155,169,0,0,14,155
0x5f26ed,26.3158%,14,5,19,4,13,1,1
0x9fe879,65%,14,26,40,0,0,14,26
0x679bfc,91.358%,14,148,162,87,14,0,61
0xa2eecb,92.3913%,14,170,184,0,0,14,170
0x811c62,96.6427%,14,403,417,403,14,0,0
0x4c6797,0%,14,0,14,0,0,14,0
0xa968ca,91.6667%,14,154,168,154,14,0,0
0x55228f,99.3127%,14,2023,2037,2023,14,0,0
0x9487ab,64.1026%,14,25,39,0,0,14,25
0x49a14e,70.8333%,14,34,48,12,4,10,22
0x53de50,97.3384%,14,512,526,512,14,0,0
0x596346,56.25%,14,18,32,18,14,0,0
0x4a9c2d,39.1304%,14,9,23,9,14,0,0
0x7cea46,99.2624%,14,1884,1898,0,0,14,1884
0xa980fa,82.9268%,14,68,82,5,12,2,63
0x5f53c6,48.1481%,14,13,27,0,12,2,13
0x8f5ab0,57.5758%,14,19,33,18,6,8,1
0x49b1fa,98.4666%,14,899,913,0,0,14,899
0xb3465d,93.7778%,14,211,225,38,10,4,173
0x980acc,81.0811%,14,60,74,0,0,14,60
0x9a1c8a,90.4762%,14,133,147,10,3,11,123
0x4051f3,89.3939%,14,118,132,0,0,14,118
0x50779d,22.2222%,14,4,18,4,14,0,0
0x55095b,80.5556%,14,58,72,17,4,10,41
0xa39efb,65.8537%,14,27,41,10,1,13,17
0x4992e8,66.6667%,14,28,42,28,14,0,0
0x4b5fc3,87.2727%,14,96,110,0,0,14,96
0x402c26,99.0962%,14,1535,1549,1535,14,0,0
0x8f0c74,80%,14,56,70,6,2,12,50
0xa918cf,17.6471%,14,3,17,3,14,0,0
0x817db1,61.1111%,14,22,36,16,14,0,6
0x63b4fb,98.2716%,14,796,810,796,14,0,0
0x9a48cd,56.25%,14,18,32,0,0,14,18
0x7d09d4,97.7707%,14,614,628,0,0,14,614
0x53a1bc,70.8333%,14,34,48,0,6,8,34
0x97465c,63.1579%,14,24,38,24,12,2,0
0x48064e,63.1579%,14,24,38,24,14,0,0
0xaa1453,68.8889%,14,31,45,31,14,0,0
0x58c6d2,0%,14,0,14,0,0,14,0
0x53aa45,65.8537%,14,27,41,27,12,2,0
0x7cf961,57.5758%,14,19,33,19,14,0,0
0x50e81f,67.4419%,14,29,43,19,10,4,10
0x9e8aa6,90.3448%,14,131,145,131,14,0,0
0x88e3ed,64.1026%,14,25,39,25,14,0,0
0x9f645c,92.1788%,14,165,179,0,0,14,165
0x47fe2f,26.3158%,14,5,19,0,0,14,5
0x61174d,98.0848%,14,717,731,0,0,14,717
0x8bcc5f,73.5849%,14,39,53,22,0,14,17
0x48066c,63.1579%,14,24,38,15,14,0,9
0xa9e10f,94.0928%,14,223,237,223,14,0,0
0x9f6c5e,93.9394%,14,217,231,213,5,9,4
0x63bbee,98.5432%,14,947,961,0,0,14,947
0x67b325,99.4922%,14,2743,2757,0,0,14,2743
0x6f54eb,97.318%,14,508,522,470,12,2,38
0x8ab0ba,98.3645%,14,842,856,0,0,14,842
0xab36a3,22.2222%,14,4,18,0,0,14,4
0xa4a0e1,87.6106%,14,99,113,62,5,9,37
0xa504c7,94.5525%,14,243,257,0,4,10,243
0xa54cab,95.3177%,14,285,299,285,14,0,0
0x8a9790,99.8243%,14,7952,7966,0,0,14,7952
0x544d90,86%,14,86,100,0,8,6,86
0x539123,89.3939%,14,118,132,0,0,14,118
0x984109,78.125%,14,50,64,3,6,8,47
0x8daa98,93%,14,186,200,186,14,0,0
0xa4217e,96.2766%,14,362,376,0,0,14,362
0x81bd2b,95.5836%,14,303,317,303,14,0,0
0x511dda,96.3542%,14,370,384,370,14,0,0
0x5fa20e,94.8718%,14,259,273,0,0,14,259
0x80f196,96.8326%,14,428,442,0,0,14,428
0x539683,93.578%,14,204,218,98,11,3,106
0x99dc1a,6.66667%,14,1,15,0,0,14,1
0xa42041,95.6656%,14,309,323,0,0,14,309
0x98f98b,94.5525%,14,243,257,243,14,0,0
0x49981b,22.2222%,14,4,18,4,14,0,0
0x5fb293,93.4884%,14,201,215,201,8,6,0
0xa238e8,87.2727%,14,96,110,0,0,14,96
0x821254,98.8764%,14,1232,1246,1232,14,0,0
0x554daa,95.1557%,14,275,289,275,14,0,0
0x60e7ae,82.2785%,14,65,79,65,14,0,0
0x4c0451,83.7209%,14,72,86,72,14,0,0
0x8ef12f,89.6296%,14,121,135,1,1,13,120
0x610513,97.0833%,14,466,480,0,0,14,466
0x983f00,78.125%,14,50,64,0,0,14,50
0x402065,98.2737%,14,797,811,579,6,8,218
0x542038,98.0085%,14,689,703,689,14,0,0
0x4051b4,99.8043%,14,7138,7152,0,0,14,7138
0x9069de,82.2785%,14,65,79,0,0,14,65
0x53c3bb,36.3636%,14,8,22,0,0,14,8
0x63d22e,63.1579%,14,24,38,21,5,9,3
0x496330,69.5652%,14,32,46,30,4,10,2
0x8bc7d6,99.1395%,14,1613,1627,1613,14,0,0
0x9d0939,86.2745%,14,88,102,42,9,5,46
0x9f1d2f,91.358%,14,148,162,0,7,7,148
0xaa80c2,97.3535%,14,515,529,0,0,14,515
0x9ab091,98.1132%,14,728,742,728,14,0,0
0x48c717,90.2778%,14,130,144,0,0,14,130
0x550a88,72.549%,14,37,51,0,0,14,37
0xa41eb8,94.2387%,14,229,243,207,5,9,22
0x9fc59b,0%,14,0,14,0,0,14,0
0x5b478e,30%,14,6,20,6,14,0,0
0x48bfcd,90.1408%,14,128,142,0,1,13,128
0x63e4c9,99.0169%,14,1410,1424,1094,8,6,316
0x5de1cb,98.8719%,14,1227,1241,1227,6,8,0
0x81e52c,82.0513%,14,64,78,64,12,2,0
0x8f6e1b,78.125%,14,50,64,50,14,0,0
0xaa5c3c,94.2623%,14,230,244,91,4,10,139
0x543dec,36.3636%,14,8,22,8,14,0,0
0x54391d,89.8551%,14,124,138,3,0,14,121
0x490f21,65.8537%,14,27,41,0,3,11,27
0x504da7,84.9462%,14,79,93,44,11,3,35
0x63aa66,93%,14,186,200,0,0,14,186
0x5d1e5b,87.2727%,14,96,110,96,14,0,0
0x50bfbb,78.7879%,14,52,66,51,12,2,1
0x81d3a2,92.3077%,14,168,182,0,0,14,168
0x483b3d,26.3158%,14,5,19,4,14,0,1
0x905ef2,89.0625%,14,114,128,114,14,0,0
0x8eeb88,96.8958%,14,437,451,0,0,14,437
0x5d10d2,98.8755%,14,1231,1245,1231,14,0,0
0x8aa993,99.5908%,14,3407,3421,0,0,14,3407
0x9e3cd7,0%,14,0,14,0,0,14,0
0x88a0bb,36.3636%,14,8,22,8,14,0,0
0x833911,83.7209%,14,72,86,72,14,0,0
0x9ed407,87.3874%,14,97,111,97,14,0,0
0xa52d17,96.1433%,14,349,363,349,14,0,0
0x90b30a,89.313%,14,117,131,0,0,14,117
0x5f8dc2,57.5758%,14,19,33,0,0,14,19
0x8e257b,99.7346%,14,5261,5275,5261,14,0,0
0x5ae3e4,65.8537%,14,27,41,27,14,0,0
0x81ca8c,91.7647%,14,156,170,156,8,6,0
0x94b78b,82.2785%,14,65,79,65,14,0,0
0x96ae3f,33.3333%,14,7,21,0,0,14,7
0x5d0e1e,98.8755%,14,1231,1245,1231,14,0,0
0x4b3883,30%,14,6,20,2,14,0,4
0x4c6d1a,84.6154%,14,77,91,0,0,14,77
0x5cf5de,98.9928%,14,1376,1390,0,0,14,1376
0x9a12fd,85.567%,14,83,97,83,14,0,0
0x8ba049,99.7376%,14,5321,5335,5321,14,0,0
0xa53e73,91.4634%,14,150,164,0,0,14,150
0x9a7261,53.3333%,14,16,30,11,10,4,5
0x485ed5,39.1304%,14,9,23,0,0,14,9
0x9fe0f0,44%,14,11,25,11,14,0,0
0x4bc7ad,85.1064%,14,80,94,38,14,0,42
0x402c09,99.8483%,14,9212,9226,0,0,14,9212
0x5f8573,94.0678%,14,222,236,222,14,0,0
0x90bb69,36.3636%,14,8,22,0,0,14,8
0x5e4361,99.0722%,14,1495,1509,0,0,14,1495
0x8f404c,77.0492%,14,47,61,47,14,0,0
0x9461f1,26.3158%,14,5,19,5,14,0,0
0x550f46,39.1304%,14,9,23,5,12,2,4
0xa2853c,91.25%,14,146,160,0,0,14,146
0x983a61,81.3333%,14,61,75,24,4,10,37
0x48e89c,0%,14,0,14,0,0,14,0
0x501fac,84.6154%,14,77,91,0,0,14,77
0x9e731d,95.189%,14,277,291,277,14,0,0
0x403cfc,87.6106%,14,99,113,0,0,14,99
0x80a4c7,98.3393%,14,829,843,273,9,5,556
0x543a39,89.6296%,14,121,135,121,12,2,0
0x5f8d28,54.8387%,14,17,31,6,4,10,11
0x8aab3e,26.3158%,14,5,19,0,0,14,5
0xa548cd,96.7667%,14,419,433,419,14,0,0
0x9846c0,91.1392%,14,144,158,6,6,8,138
0x9a345c,46.1538%,14,12,26,12,14,0,0
0x9e7a52,90.0709%,14,127,141,127,14,0,0
0x8e4145,96.2466%,14,359,373,359,14,0,0
0xaab0f9,82.9268%,14,68,82,57,13,1,11
0x50c689,65.8537%,14,27,41,22,9,5,5
0x494305,86.6667%,14,91,105,91,14,0,0
0x555ae2,74.5455%,14,41,55,41,10,4,0
0x959803,70.8333%,14,34,48,34,14,0,0
0x55114e,50%,14,14,28,14,8,6,0
0xa4df30,30%,14,6,20,6,14,0,0
0x8f0c82,77.4194%,14,48,62,38,4,10,10
0x8dce41,77.0492%,14,47,61,0,0,14,47
0xaa6364,97.2387%,14,493,507,0,0,14,493
0xaa5da3,93.4272%,14,199,213,0,7,7,199
0x8060af,98.9568%,14,1328,1342,1328,12,2,0
0x9f9aca,87.156%,14,95,109,0,0,14,95
0xa39b97,97.6974%,14,594,608,0,0,14,594
0x63d177,93%,14,186,200,186,14,0,0
0x5ae4c3,65.8537%,14,27,41,27,14,0,0
0x9e8680,82.2785%,14,65,79,0,0,14,65
0x9f0da5,96.6507%,14,404,418,0,0,14,404
0x592b41,84.4444%,14,76,90,43,6,8,33
0x8dd380,99.391%,14,2285,2299,661,7,7,1624
0x4997e7,67.4419%,14,29,43,0,0,14,29
0x5103c8,99.0585%,14,1473,1487,410,11,3,1063
0x7c7427,12.5%,14,2,16,0,0,14,2
0x5ea9c5,93.6364%,14,206,220,200,12,2,6
0x4acb0c,6.66667%,14,1,15,0,0,14,1
0xa55f57,83.7209%,14,72,86,72,6,8,0
0x63ae45,94.1909%,14,227,241,227,14,0,0
0x8df633,48.1481%,14,13,27,13,5,9,0
0x8e03b0,98.7719%,14,1126,1140,0,0,14,1126
0x815d66,97.5133%,14,549,563,33,8,6,516
0x611564,57.5758%,14,19,33,19,14,0,0
0x5fe2fe,97.8395%,14,634,648,613,7,7,21
0x9d0317,96.6825%,14,408,422,408,14,0,0
0x8bb95a,62.1622%,14,23,37,12,14,0,11
0x63a695,62.1622%,14,23,37,23,14,0,0
0x99f05d,85.4167%,14,82,96,82,0,14,0
0x9ff5e8,41.6667%,14,10,24,0,0,14,10
0x833dfe,95.2703%,14,282,296,282,6,8,0
0x9f5c6b,50%,14,14,28,14,14,0,0
0xa3b27c,91.954%,14,160,174,160,14,0,0
0x8fe140,80.5556%,14,58,72,58,14,0,0
0x59c55d,94.7955%,14,255,269,0,0,14,255
0xa07493,69.5652%,14,32,46,31,9,5,1
0x481c15,63.1579%,14,24,38,21,8,6,3
0xa5d15a,44%,14,11,25,0,0,14,11
0x8b94dd,97.7162%,14,599,613,0,0,14,599
0xa34214,91.7647%,14,156,170,0,0,14,156
0x502cd3,98.4666%,14,899,913,889,5,9,10
0x8131b6,98.263%,14,792,806,0,0,14,792
0x9a8d89,0%,14,0,14,0,0,14,0
0x4b795d,48.1481%,14,13,27,0,0,14,13
0x64c56c,97.4406%,14,533,547,516,6,8,17
0x9f2a15,86.5385%,14,90,104,90,14,0,0
0x4834e6,51.7241%,14,15,29,2,0,14,13
0x81a4ab,98.3071%,14,813,827,813,14,0,0
0x608bad,93%,14,186,200,0,0,14,186
0x49b1a3,12.5%,14,2,16,1,13,1,1
0x9fe3e2,89.5522%,14,120,134,0,3,11,120
0xaa07af,86%,14,86,100,86,14,0,0
0x8bb40a,77.7778%,14,49,63,45,3,11,4
0x53c489,89.3939%,14,118,132,0,2,12,118
0x5b26bf,70.2128%,14,33,47,32,14,0,1
0x9fc48c,95.4248%,14,292,306,83,8,6,209
0x58de2d,81.3333%,14,61,75,61,14,0,0
0x4ba6d5,54.8387%,14,17,31,17,14,0,0
0x900792,81.5789%,14,62,76,51,8,6,11
0x5af48b,77.4194%,14,48,62,48,14,0,0
0x81e3da,93.4884%,14,201,215,50,4,10,151
0x9a1ead,93.5961%,13,190,203,0,0,13,190
0x94eb96,85.5556%,13,77,90,0,0,13,77
0x80fda5,98.9076%,13,1177,1190,568,0,13,609
0x4b52a7,96.5147%,13,360,373,0,2,11,360
0x4a9c73,59.375%,13,19,32,0,1,12,19
0x94c9bb,79.6875%,13,51,64,51,13,0,0
0x48f698,64.8649%,13,24,37,24,13,0,0
0x489a3f,96.7172%,13,383,396,0,0,13,383
0x686832,91.8239%,13,146,159,0,0,13,146
0x509868,99.7007%,13,4330,4343,0,0,13,4330
0x65a09e,99.2335%,13,1683,1696,152,0,13,1531
0xa50b37,31.5789%,13,6,19,0,0,13,6
0xa96977,91.2752%,13,136,149,136,13,0,0
0x9692b4,84.8837%,13,73,86,0,0,13,73
0x48f10d,89.9225%,13,116,129,0,0,13,116
0x9a1e86,83.9506%,13,68,81,0,12,1,68
0x81f903,99.3815%,13,2089,2102,21,7,6,2068
0x9a60d5,87.7358%,13,93,106,0,0,13,93
0x8bb7e7,35%,13,7,20,5,5,8,2
0x60e6dc,83.5443%,13,66,79,0,0,13,66
0x541fd3,98.467%,13,835,848,0,0,13,835
0x5ffd53,83.75%,13,67,80,67,13,0,0
0x8f76e4,71.1111%,13,32,45,29,11,2,3
0xa39432,7.14286%,13,1,14,1,13,0,0
0xa31313,75%,13,39,52,39,13,0,0
0x9eceef,69.7674%,13,30,43,3,7,6,27
0x49e738,99.3354%,13,1943,1956,1943,13,0,0
0x5f75bb,89.9225%,13,116,129,96,3,10,20
0x4a74e6,48%,13,12,25,11,12,1,1
0x555e08,96.75%,13,387,400,0,0,13,387
0x647a1b,71.1111%,13,32,45,29,4,9,3
0x9fcaa2,48%,13,12,25,12,13,0,0
0x98cb14,94.2478%,13,213,226,3,4,9,210
0xa2f4df,91.3333%,13,137,150,0,0,13,137
0x94d9f4,63.8889%,13,23,36,9,1,12,14
0x9aae37,83.5443%,13,66,79,0,0,13,66
0x4872c3,97.234%,13,457,470,1,11,2,456
0x90aaa7,98.6472%,13,948,961,948,13,0,0
0x54ec9c,81.1594%,13,56,69,56,13,0,0
0x90a779,82.4324%,13,61,74,10,7,6,51
0x49c0d6,86.3158%,13,82,95,82,13,0,0
0x9a8eeb,7.14286%,13,1,14,1,13,0,0
0x9e08d1,96.3068%,13,339,352,0,0,13,339
0xaadc31,96%,13,312,325,0,0,13,312
0xa42971,98.5854%,13,906,919,906,13,0,0
0xaae6a2,72.3404%,13,34,47,34,13,0,0
0x8aed72,96.477%,13,356,369,0,2,11,356
0x8e9fbe,99.4745%,13,2461,2474,0,0,13,2461
0xa31b3b,92.8571%,13,169,182,0,0,13,169
0x9aa453,40.9091%,13,9,22,9,13,0,0
0x48b367,69.7674%,13,30,43,0,0,13,30
0x9e2503,95.4064%,13,270,283,129,4,9,141
0x980b5f,82.4324%,13,61,74,61,10,3,0
0x5fb71b,76.3636%,13,42,55,0,0,13,42
0x63c7ef,98.6472%,13,948,961,948,13,0,0
0x65ba89,80.8824%,13,55,68,0,0,13,55
0x9ebecf,89.4309%,13,110,123,0,0,13,110
0x41037e,93.1579%,13,177,190,0,0,13,177
0x40f8ad,99.9608%,13,33117,33130,33117,13,0,0
0x543ef1,93.0481%,13,174,187,0,0,13,174
0x8f0a95,97.8654%,13,596,609,0,0,13,596
0x9e8659,68.2927%,13,28,41,0,0,13,28
0x666453,97.5191%,13,511,524,0,0,13,511
0x9ec030,93.0108%,13,173,186,173,3,10,0
0x48ef92,76.3636%,13,42,55,7,8,5,35
0xa51e78,66.6667%,13,26,39,4,3,10,22
0x9ea787,87.5%,13,91,104,62,10,3,29
0xa9c68c,90.8451%,13,129,142,0,0,13,129
0x8efb73,96.7254%,13,384,397,270,9,4,114
0x9aaefa,71.1111%,13,32,45,0,0,13,32
0xa51ea1,59.375%,13,19,32,2,2,11,17
0x8ea8f2,93.8679%,13,199,212,199,9,4,0
0xa595b4,93.5644%,13,189,202,0,0,13,189
0x5913ff,95.1128%,13,253,266,253,13,0,0
0x9a6fa6,50%,13,13,26,5,5,8,8
0x8f458a,85.2273%,13,75,88,25,6,7,50
0x5cd461,89.8438%,13,115,128,53,8,5,62
0x63d4ed,98.329%,13,765,778,765,13,0,0
0x9e3cc7,76.3636%,13,42,55,37,4,9,5
0x9a7a57,90.0763%,13,118,131,0,0,13,118
0x4bb7f8,31.5789%,13,6,19,1,1,12,5
0x54d191,23.5294%,13,4,17,0,7,6,4
0x8efc8e,88.8889%,13,104,117,104,13,0,0
0x40e0cc,99.873%,13,10224,10237,0,0,13,10224
0x944582,94.1441%,13,209,222,209,13,0,0
0x9ef3f9,78.3333%,13,47,60,47,13,0,0
0x64b659,98.3418%,13,771,784,771,13,0,0
0x8ea00f,96.7419%,13,386,399,0,0,13,386
0x98127e,85.8696%,13,79,92,59,13,0,20
0x9064b1,88.1818%,13,97,110,0,0,13,97
0x63aa9c,98.4166%,13,808,821,808,13,0,0
0x8df47e,45.8333%,13,11,24,8,8,5,3
0x8e2028,99.1246%,13,1472,1485,0,0,13,1472
0x485ad4,87.1287%,13,88,101,88,13,0,0
0x943953,82.6667%,13,62,75,62,13,0,0
0x94eea9,56.6667%,13,17,30,0,0,13,17
0x508beb,98.2432%,13,727,740,0,0,13,727
0xaa5d02,45.8333%,13,11,24,11,12,1,0
0x6cec65,0%,13,0,13,0,13,0,0
0xa2e811,90.2985%,13,121,134,1,13,0,120
0x814315,99.1704%,13,1554,1567,0,0,13,1554
0x65ba9a,80.8824%,13,55,68,44,6,7,11
0xa5238f,83.1169%,13,64,77,0,6,7,64
0xa0647f,62.8571%,13,22,35,0,0,13,22
0x5cba45,91.6129%,13,142,155,19,5,8,123
0x608cd6,93.5%,13,187,200,187,13,0,0
0x595dd8,98.3182%,13,760,773,0,4,9,760
0x5cd274,90.0763%,13,118,131,118,13,0,0
0xa42876,92.5714%,13,162,175,0,0,13,162
0x5fe9c9,96%,13,312,325,264,9,4,48
0xa4a14c,71.7391%,13,33,46,0,0,13,33
0x8f5155,99.9029%,13,13369,13382,1,7,6,13368
0x9e379c,48%,13,12,25,12,13,0,0
0x5cba1b,91.6129%,13,142,155,18,6,7,124
0x8e38f8,72.9167%,13,35,48,0,0,13,35
0x5adc66,51.8519%,13,14,27,14,13,0,0
0x495f9d,76.3636%,13,42,55,42,13,0,0
0x61047e,97.6059%,13,530,543,0,0,13,530
0x80bfdb,72.9167%,13,35,48,5,11,2,30
0x9a328d,80.8824%,13,55,68,0,0,13,55
0xa2cb58,98.5426%,13,879,892,879,13,0,0
0x944ec6,56.6667%,13,17,30,17,13,0,0
0x9f6586,92.7374%,13,166,179,166,13,0,0
0x5970c9,97.3085%,13,470,483,0,0,13,470
0xa5611f,92.9348%,13,171,184,0,0,13,171
0x5ffa53,85.8696%,13,79,92,35,11,2,44
0x9fe2ae,85.5556%,13,77,90,77,13,0,0
0x4bf710,60.6061%,13,20,33,4,1,12,16
0x678d9d,43.4783%,13,10,23,10,13,0,0
0xa2e08c,94.7791%,13,236,249,0,0,13,236
0xa2e1a8,94.7154%,13,233,246,46,4,9,187
0xad802a,99.7853%,13,6043,6056,6043,13,0,0
0x503a13,97.8758%,13,599,612,3,6,7,596
0x5040f7,79.0323%,13,49,62,0,0,13,49
0xa2fdd8,88.2883%,13,98,111,98,13,0,0
0x9fcf21,48%,13,12,25,7,0,13,5
0x5040bd,79.0323%,13,49,62,0,0,13,49
0x78d828,98.0798%,13,664,677,0,0,13,664
0x58f967,84.1463%,13,69,82,59,2,11,10
0xa32af5,99.3236%,13,1909,1922,0,0,13,1909
0x5be7fd,71.1111%,13,32,45,0,2,11,32
0x537b39,99.7249%,13,4713,4726,0,0,13,4713
0x805f12,72.3404%,13,34,47,0,0,13,34
0x64f496,85.3933%,13,76,89,76,13,0,0
0x409bad,35%,13,7,20,7,13,0,0
0x8ff2a6,83.1169%,13,64,77,2,8,5,62
0xb14842,99.6947%,13,4245,4258,0,0,13,4245
0xa368c2,97.0115%,13,422,435,0,0,13,422
0x8ebfc0,80.8824%,13,55,68,55,11,2,0
0x9698fe,81.9444%,13,59,72,0,0,13,59
0xa395f5,97.8441%,13,590,603,590,13,0,0
0x58baf7,88.1818%,13,97,110,80,2,11,17
0x9ea529,87.963%,13,95,108,0,0,13,95
0x65a3af,98.4127%,13,806,819,64,10,3,742
0x9f7c06,0%,13,0,13,0,0,13,0
0x8d2494,84.5238%,13,71,84,71,11,2,0
0xa1d6da,61.7647%,13,21,34,19,13,0,2
0x40ab07,70.4545%,13,31,44,1,1,12,30
0x480f69,65.7895%,13,25,38,25,13,0,0
0xb0c020,99.6341%,13,3540,3553,0,0,13,3540
0x8380f3,71.1111%,13,32,45,28,12,1,4
0x5fa423,86.4583%,13,83,96,11,10,3,72
0x6e4474,18.75%,13,3,16,3,13,0,0
0x60e557,83.9506%,13,68,81,25,1,12,43
0xa5b544,58.0645%,13,18,31,0,12,1,18
0x48c2f9,86.7347%,13,85,98,85,11,2,0
0x9bdffc,80.597%,13,54,67,54,13,0,0
0x80c209,95.0943%,13,252,265,0,0,13,252
0x4bc302,61.7647%,13,21,34,0,0,13,21
0x51c216,23.5294%,13,4,17,0,0,13,4
0x9e7d44,45.8333%,13,11,24,0,0,13,11
0x557700,97.4806%,13,503,516,0,0,13,503
0x4b5dc5,92.0732%,13,151,164,151,13,0,0
0x4c0426,84.8837%,13,73,86,73,13,0,0
0x534c51,35%,13,7,20,7,13,0,0
0x77ffb4,97.5791%,13,524,537,487,13,0,37
0x80fc27,61.7647%,13,21,34,15,1,12,6
0x9f5c54,83.75%,13,67,80,39,13,0,28
0xa05562,55.1724%,13,16,29,4,4,9,12
0x90ba19,97.7312%,13,560,573,0,0,13,560
0x7f0327,31.5789%,13,6,19,6,13,0,0
0x55013d,72.9167%,13,35,48,33,12,1,2
0x9e1020,73.4694%,13,36,49,17,5,8,19
0x491c2b,83.3333%,13,65,78,65,11,2,0
0x7942db,55.1724%,13,16,29,0,13,0,16
0x94389c,71.1111%,13,32,45,6,4,9,26
0x534b2c,83.9506%,13,68,81,0,0,13,68
0x5cf70c,99.2919%,13,1823,1836,1823,13,0,0
0x5cf3ac,99.3161%,13,1888,1901,0,0,13,1888
0x9e2d45,55.1724%,13,16,29,8,5,8,8
0x90aa1d,77.193%,13,44,57,8,3,10,36
0x681591,90.9722%,13,131,144,0,0,13,131
0x8f18d0,93.2292%,13,179,192,4,5,8,175
0x9fe420,90.0763%,13,118,131,27,10,3,91
0x50d3df,91.9255%,13,148,161,148,13,0,0
0x902d3d,98.5092%,13,859,872,859,13,0,0
0x902791,74.5098%,13,38,51,5,7,6,33
0xb2fb53,99.8216%,13,7273,7286,0,0,13,7273
0x9e02ea,45.8333%,13,11,24,11,13,0,0
0x7ac00f,90.2256%,13,120,133,120,13,0,0
0x8f2fb9,95.9248%,13,306,319,0,0,13,306
0x9f0258,86.1702%,13,81,94,0,0,13,81
0x9a6486,92.6136%,13,163,176,0,0,13,163
0xb2edcb,94.5607%,13,226,239,0,4,9,226
0x8ff40c,94.8819%,13,241,254,115,12,1,126
0x7d0d12,97.6577%,13,542,555,159,13,0,383
0x8dfaaa,56.6667%,13,17,30,17,13,0,0
0x5500b4,76.7857%,13,43,56,43,13,0,0
0x49f9d1,91.7197%,13,144,157,11,4,9,133
0x4bdbf3,35%,13,7,20,6,13,0,1
0x8a956f,63.8889%,13,23,36,0,0,13,23
0x5411c7,43.4783%,13,10,23,10,13,0,0
0x53abea,88.6957%,13,102,115,102,13,0,0
0x9d363e,76.3636%,13,42,55,42,13,0,0
0xa921bc,97.5425%,13,516,529,0,4,9,516
0x557026,90.8451%,13,129,142,129,13,0,0
0x5cf908,99.2942%,13,1829,1842,0,0,13,1829
0x5c33cc,94.1176%,13,208,221,208,13,0,0
0x81f824,71.1111%,13,32,45,32,13,0,0
0x63f826,99.6229%,13,3434,3447,0,2,11,3434
0xaa6407,85.5556%,13,77,90,0,0,13,77
0x5fa510,75.9259%,13,41,54,26,13,0,15
0x8e3757,99.3424%,13,1964,1977,0,0,13,1964
0x5ff0b7,75.4717%,13,40,53,3,11,2,37
0xa3a22d,98.0451%,13,652,665,0,0,13,652
0x58c6e4,7.14286%,13,1,14,1,13,0,0
0x5faa8b,92.2619%,13,155,168,155,12,1,0
0x9edf96,89.4309%,13,110,123,0,0,13,110
0x4fdbbb,78.3333%,13,47,60,0,0,13,47
0x9be475,72.9167%,13,35,48,14,2,11,21
0x49daad,98.541%,13,878,891,0,0,13,878
0x5c46b7,31.5789%,13,6,19,0,0,13,6
0x991396,87.963%,13,95,108,95,13,0,0
0x5fe81b,83.1169%,13,64,77,10,11,2,54
0x8a8f77,90.7143%,13,127,140,0,0,13,127
0x9115fd,93.5323%,13,188,201,188,13,0,0
0x9a91e4,53.5714%,13,15,28,5,9,4,10
0x539d7b,75.9259%,13,41,54,38,4,9,3
0xaada61,94.902%,13,242,255,242,13,0,0
0x5b9bbc,82.1918%,13,60,73,60,13,0,0
0x945fd6,31.5789%,13,6,19,0,0,13,6
0x9fe29c,84.7059%,13,72,85,0,0,13,72
0x9a91fb,7.14286%,13,1,14,0,13,0,1
0x814b5f,68.2927%,13,28,41,0,0,13,28
0xaa4629,86.8687%,13,86,99,86,13,0,0
0x9e4e8e,78.3333%,13,47,60,47,13,0,0
0x98cd69,72.3404%,13,34,47,3,9,4,31
0x44656f,97.7816%,13,573,586,0,0,13,573
0x5020c2,83.9506%,13,68,81,0,0,13,68
0x96ae4a,38.0952%,13,8,21,0,2,11,8
0x9739c5,67.5%,13,27,40,0,0,13,27
0x678dc8,43.4783%,13,10,23,0,0,13,10
0x805161,97.4903%,13,505,518,505,11,2,0
0x6d0503,55.1724%,13,16,29,0,0,13,16
0x8f35da,97.9782%,13,630,643,606,11,2,24
0xa3685f,97.0183%,13,423,436,0,0,13,423
0x99bd88,92.7778%,13,167,180,167,13,0,0
0xb18385,98.7065%,13,992,1005,0,0,13,992
0x980ba8,81.6901%,13,58,71,28,11,2,30
0x674fc3,66.6667%,13,26,39,26,13,0,0
0x972786,95.0758%,13,251,264,0,0,13,251
0x8c900f,97.3361%,13,475,488,475,11,2,0
0xa42bd6,77.5862%,13,45,58,0,0,13,45
0x40ec39,98.7689%,13,1043,1056,125,1,12,918
0x591096,94.7368%,13,234,247,0,0,13,234
0x99e52f,0%,13,0,13,0,13,0,0
0x6831f5,64.8649%,13,24,37,0,0,13,24
0x545d9b,92.6966%,13,165,178,156,13,0,9
0x81d3ae,92.8571%,13,169,182,169,13,0,0
0x4b50b7,89.8438%,13,115,128,3,5,8,112
0xa5abbb,38.0952%,13,8,21,2,4,9,6
0x5baeed,87.2549%,13,89,102,0,0,13,89
0x9f5765,53.5714%,13,15,28,0,0,13,15
0x5d90d7,91.1565%,13,134,147,0,0,13,134
0xa55d02,84.3373%,13,70,83,70,13,0,0
0x9d1221,89.1667%,13,107,120,0,0,13,107
0x8bb84c,91.0345%,13,132,145,0,0,13,132
0x40206b,94.2478%,13,213,226,13,0,13,200
0x8efdd0,87.963%,13,95,108,81,13,0,14
0x677c3c,96.3585%,13,344,357,344,13,0,0
0x81606f,60.6061%,13,20,33,15,4,9,5
0x80a546,95.3901%,13,269,282,0,0,13,269
0x54f1c7,68.2927%,13,28,41,4,9,4,24
0x4ca493,71.7391%,13,33,46,23,12,1,10
0x9eb643,80.597%,13,54,67,54,13,0,0
0x9eb780,13.3333%,13,2,15,2,1,12,0
0xa60c90,94.5148%,13,224,237,0,0,13,224
0x8a9e31,98.6895%,13,979,992,979,13,0,0
0x9e790e,89.3443%,13,109,122,0,0,13,109
0xab369d,27.7778%,13,5,18,0,0,13,5
0x48ef62,80.597%,13,54,67,0,12,1,54
0x791e58,71.1111%,13,32,45,26,13,0,6
0xa542a7,88.3929%,13,99,112,96,12,1,3
0xa54308,31.5789%,13,6,19,0,0,13,6
0xa907c9,94.1704%,13,210,223,0,0,13,210
0x9d3402,76.3636%,13,42,55,0,0,13,42
0x502908,86.5979%,13,84,97,0,0,13,84
0x9fe8f1,67.5%,13,27,40,2,1,12,25
0x7d2b98,96.5054%,13,359,372,359,13,0,0
0x81d4ed,92.8571%,13,169,182,169,13,0,0
0x8042d9,66.6667%,13,26,39,16,2,11,10
0x557f82,96.4865%,13,357,370,0,0,13,357
0x50b5e5,70.4545%,13,31,44,29,11,2,2
0xa97547,91.2752%,13,136,149,0,0,13,136
0x58e453,67.5%,13,27,40,27,13,0,0
0xa551ee,95.5326%,13,278,291,278,13,0,0
0x40f3f2,99.582%,13,3097,3110,0,0,13,3097
0x40ebff,89.4309%,13,110,123,110,13,0,0
0x8122d6,83.9506%,13,68,81,68,13,0,0
0x9aa24e,64.8649%,13,24,37,0,0,13,24
0x58dc00,91.3907%,13,138,151,130,13,0,8
0x815011,97.4903%,13,505,518,505,11,2,0
0x8a718f,99.2005%,13,1613,1626,1613,13,0,0
0xa04f9f,85.8696%,13,79,92,79,8,5,0
0x8e3289,99.3424%,13,1964,1977,0,0,13,1964
0x8fde6b,88.3929%,13,99,112,0,0,13,99
0xa1a070,48%,13,12,25,12,13,0,0
0x9f59e7,91.8239%,13,146,159,0,0,13,146
0xa2f256,65.7895%,13,25,38,0,0,13,25
0x838f3e,80.303%,13,53,66,3,5,8,50
0x4b6614,62.8571%,13,22,35,21,7,6,1
0x8ef6d6,90.3704%,13,122,135,0,0,13,122
0x977f3a,67.5%,13,27,40,0,0,13,27
0x610a54,0%,13,0,13,0,0,13,0
0xa29d4f,18.75%,13,3,16,3,13,0,0
0x8c7e0f,98.3689%,13,784,797,7,9,4,777
0x9f7a12,88.3929%,13,99,112,0,0,13,99
0xa58750,88.7931%,13,103,116,103,13,0,0
0xa2b412,58.0645%,13,18,31,17,0,13,1
0x609bc0,94.8413%,13,239,252,0,0,13,239
0x54ef7b,69.7674%,13,30,43,0,0,13,30
0x5f8889,87.5%,13,91,104,6,2,11,85
0xa265ba,98.7167%,13,1000,1013,1000,13,0,0
0xa26565,99.2239%,13,1662,1675,0,0,13,1662
0x51105c,99.6555%,13,3761,3774,0,0,13,3761
0xa3614f,81.4286%,13,57,70,0,0,13,57
0x538fb3,40.9091%,13,9,22,0,11,2,9
0x647552,38.0952%,13,8,21,8,13,0,0
0x4aab29,75%,13,39,52,31,10,3,8
0x51131a,99.7214%,13,4654,4667,4654,13,0,0
0x49d798,83.1169%,13,64,77,64,9,4,0
0xa26286,96.7822%,13,391,404,0,0,13,391
0xa9b820,94.3231%,13,216,229,28,13,0,188
0xa4a119,85.0575%,13,74,87,74,13,0,0
0x534ce1,35%,13,7,20,7,13,0,0
0x90ba29,97.7312%,13,560,573,0,0,13,560
0x6432cb,98.8536%,13,1121,1134,1121,13,0,0
0xa9c9be,61.7647%,13,21,34,21,13,0,0
0x550a8f,74.5098%,13,38,51,38,13,0,0
0x9edcfb,79.6875%,13,51,64,0,0,13,51
0xa4376c,96.934%,13,411,424,411,13,0,0
0x8bdd17,72.9167%,13,35,48,35,13,0,0
0x6f5326,97.5096%,13,509,522,509,13,0,0
0x951cd1,97.9592%,13,624,637,0,0,13,624
0x8375b6,89.8438%,13,115,128,115,13,0,0
0x783d1d,91.6667%,13,143,156,0,0,13,143
0x48e68b,72.9167%,13,35,48,0,0,13,35
0x65bd54,92.6554%,13,164,177,164,13,0,0
0x6705e6,90.2256%,13,120,133,0,0,13,120
0x55572c,94.7581%,13,235,248,0,3,10,235
0x5118be,93.8679%,13,199,212,0,0,13,199
0x489d6e,99.7894%,13,6159,6172,0,0,13,6159
0x8c8732,67.5%,13,27,40,0,0,13,27
0x64b3be,87.7358%,13,93,106,0,11,2,93
0x81bcfb,86.0215%,13,80,93,0,5,8,80
0x8bcc43,81.4286%,13,57,70,57,13,0,0
0x4b6d7c,53.5714%,13,15,28,0,0,13,15
0xa48327,94.6281%,13,229,242,229,13,0,0
0xa30334,94.902%,13,242,255,81,4,9,161
0xb31c50,99.9399%,13,21602,21615,0,0,13,21602
0x51b85c,98.6458%,13,947,960,0,0,13,947
0x9f4f9b,94.2731%,13,214,227,0,0,13,214
0x8ffc24,94.0639%,13,206,219,4,5,8,202
0x667463,71.1111%,13,32,45,0,0,13,32
0xa49748,69.0476%,13,29,42,29,13,0,0
0x54d139,13.3333%,13,2,15,2,13,0,0
0xaa803d,97.5425%,13,516,529,0,0,13,516
0x48de0e,91.3907%,13,138,151,0,0,13,138
0x4fdcab,84.1463%,13,69,82,0,0,13,69
0x94e790,92.7778%,13,167,180,20,3,10,147
0x8dd2db,99.4345%,13,2286,2299,0,0,13,2286
0xa1bb4f,13.3333%,13,2,15,2,13,0,0
0x40f60b,99.679%,13,4037,4050,4037,13,0,0
0x9f7b25,92.6554%,13,164,177,0,0,13,164
0x40e6da,80.8824%,13,55,68,38,7,6,17
0x9f780a,91.875%,13,147,160,0,0,13,147
0xa25ae9,98.7167%,13,1000,1013,0,0,13,1000
0xa32805,81.9444%,13,59,72,0,0,13,59
0x50bfaa,80.303%,13,53,66,52,1,12,1
0x667861,97.3196%,13,472,485,472,13,0,0
0x639b86,80%,13,52,65,52,13,0,0
0x67045c,90.2256%,13,120,133,0,0,13,120
0x9d314a,77.5862%,13,45,58,43,12,1,2
0xa4d3e0,80.597%,13,54,67,21,7,6,33
0x4b6a42,78.6885%,13,48,61,44,8,5,4
0x81b251,95.8991%,13,304,317,0,2,11,304
0x8aa862,98.2313%,13,722,735,0,0,13,722
0x508cf9,7.14286%,13,1,14,0,0,13,1
0xa58857,91.0959%,13,133,146,0,0,13,133
0x4a835c,43.4783%,13,10,23,10,13,0,0
0x6f555f,95.7929%,13,296,309,296,13,0,0
0x42acc6,95.4861%,13,275,288,275,11,2,0
0x8a94b7,99.9479%,13,24925,24938,24925,13,0,0
0xaadb75,75.9259%,13,41,54,0,0,13,41
0x40a606,40.9091%,13,9,22,9,13,0,0
0xaa2fea,87.2549%,13,89,102,0,0,13,89
0x6095e7,84.3373%,13,70,83,36,4,9,34
0x99e936,76.3636%,13,42,55,0,0,13,42
0x50da21,97.7853%,13,574,587,564,8,5,10
0x506f1e,35%,13,7,20,0,0,13,7
0x40a939,62.8571%,13,22,35,20,12,1,2
0x63ec1c,98.2216%,13,718,731,0,0,13,718
0x4959a9,31.5789%,13,6,19,6,13,0,0
0xa96115,50%,13,13,26,13,13,0,0
0x80bc08,82.6667%,13,62,75,62,13,0,0
0x5fe82c,76.7857%,13,43,56,40,13,0,3
0x65bb22,99.268%,13,1763,1776,1763,13,0,0
0xa91065,84.8837%,13,73,86,59,9,4,14
0x8e2fb3,95.8199%,13,298,311,82,7,6,216
0xa50cdf,85.2273%,13,75,88,0,0,13,75
0x838f9b,27.7778%,13,5,18,5,13,0,0
0x8f0b38,69.0476%,13,29,42,23,3,10,6
0x8fd8b2,97.2973%,13,468,481,0,0,13,468
0x5ff23a,84.5238%,13,71,84,71,13,0,0
0xa5ace5,38.0952%,13,8,21,0,0,13,8
0x65a201,94.8819%,13,241,254,0,6,7,241
0xa0748a,71.7391%,13,33,46,0,0,13,33
0x99e237,13.3333%,13,2,15,2,0,13,0
0x807b40,89.4309%,13,110,123,110,13,0,0
0x7c1e5e,93.401%,13,184,197,2,8,5,182
0x90acca,88.9831%,13,105,118,0,0,13,105
0x4a1b0d,73.4694%,13,36,49,3,3,10,33
0x9013d9,86.4583%,13,83,96,45,1,12,38
0xa50ca4,94.2222%,13,212,225,0,4,9,212
0x592e3d,75.9259%,13,41,54,38,12,1,3
0x8e0aa5,97.7816%,13,573,586,137,4,9,436
0x5590cc,88.9831%,13,105,118,1,3,10,104
0x670012,90.2256%,13,120,133,120,13,0,0
0x99e7fc,0%,13,0,13,0,13,0,0
0x492ecf,79.6875%,13,51,64,0,0,13,51
0x4a1e93,78.3333%,13,47,60,1,11,2,46
0x64af79,99.7714%,13,5674,5687,5674,13,0,0
0x99adb1,93.75%,13,195,208,17,13,0,178
0x821270,98.9567%,13,1233,1246,1233,13,0,0
0x9ab5d1,90.6475%,13,126,139,0,0,13,126
0xa5065f,65.7895%,13,25,38,25,12,1,0
0x40e400,97.9233%,13,613,626,613,9,4,0
0x9f791e,97.9688%,13,627,640,627,13,0,0
0xa8a78a,84.3373%,13,70,83,0,0,13,70
0x4b49c4,90.5797%,13,125,138,0,7,6,125
0x8a2865,90.0763%,13,118,131,118,13,0,0
0x59c51f,95.2899%,13,263,276,4,3,10,259
0x8d9ba4,99.1216%,13,1467,1480,0,0,13,1467
0x4a72bc,94.2478%,13,213,226,213,12,1,0
0x5ec2b7,75.9259%,13,41,54,21,10,3,20
0x4106dc,93.8389%,13,198,211,1,13,0,197
0xa5edcb,96.7901%,13,392,405,0,0,13,392
0x8c726a,93.8679%,13,199,212,0,0,13,199
0xa3fe46,53.5714%,13,15,28,15,13,0,0
0x48d9dd,97.2574%,13,461,474,0,0,13,461
0xa22df6,31.5789%,13,6,19,0,0,13,6
0x4ba3f2,97.1366%,13,441,454,0,0,13,441
0x4936eb,69.7674%,13,30,43,23,11,2,7
0x4ba473,94.6502%,13,230,243,230,13,0,0
0x7b821f,18.75%,13,3,16,1,1,12,2
0x48319e,55.1724%,13,16,29,14,3,10,2
0xa60941,93.1579%,13,177,190,177,13,0,0
0x49c1e4,86.3158%,13,82,95,82,13,0,0
0x4b9e22,96.5241%,13,361,374,0,0,13,361
0x9b8fe0,31.5789%,13,6,19,0,0,13,6
0x819994,95.8861%,13,303,316,303,13,0,0
0x8b9b97,99.8616%,13,9380,9393,0,0,13,9380
0x53ef7f,92.8962%,13,170,183,1,4,9,169
0x5f6d45,67.5%,13,27,40,8,3,10,19
0x63ec3a,98.2216%,13,718,731,718,13,0,0
0x9e54ea,92.3077%,13,156,169,0,0,13,156
0x53b9d7,7.14286%,13,1,14,1,13,0,0
0x8e9275,85.3933%,13,76,89,1,3,10,75
0xa92b31,95.9627%,13,309,322,309,13,0,0
0xa4a37c,68.2927%,13,28,41,1,9,4,27
0x9bd6b7,45.8333%,13,11,24,2,10,3,9
0x837807,71.1111%,13,32,45,31,9,4,1
0x8df0d9,45.8333%,13,11,24,0,0,13,11
0xa34a5c,92.6554%,13,164,177,134,2,11,30
0xa556b5,84.3373%,13,70,83,70,13,0,0
0x556bcc,94.7368%,13,234,247,234,13,0,0
0x638e45,97.6234%,13,534,547,534,13,0,0
0x8edb88,97.1175%,13,438,451,0,2,11,438
0x90149b,80%,13,52,65,52,13,0,0
0xa32dcb,94.5148%,13,224,237,4,8,5,220
0x5fa7f3,81.1594%,13,56,69,0,0,13,56
0xa9cefb,83.1169%,13,64,77,50,8,5,14
0xaa88ce,89.5161%,13,111,124,0,0,13,111
0x50c401,95.0192%,13,248,261,248,13,0,0
0xa4dfb5,93.8095%,13,197,210,197,9,4,0
0x66f63f,50%,13,13,26,10,13,0,3
0x9a756b,40.9091%,13,9,22,1,13,0,8
0x4b78e6,53.5714%,13,15,28,0,0,13,15
0x66f689,72.9167%,13,35,48,0,0,13,35
0xa9ed23,83.9506%,13,68,81,68,13,0,0
0x8a8e95,99.2188%,13,1651,1664,1650,10,3,1
0x94d7a5,97.695%,13,551,564,0,0,13,551
0xa55043,65.7895%,13,25,38,24,6,7,1
0x8217b2,97.774%,13,571,584,571,13,0,0
0x66f7aa,31.5789%,13,6,19,0,0,13,6
0x981cbd,35%,13,7,20,6,12,1,1
0xa5bac5,81.9444%,13,59,72,0,0,13,59
0x6964b1,98.8309%,13,1099,1112,1050,6,7,49
0x9d052f,95.6376%,13,285,298,285,13,0,0
0x49f4b5,81.4286%,13,57,70,57,13,0,0
0xa8a96c,53.5714%,13,15,28,15,13,0,0
0x946172,31.5789%,13,6,19,0,0,13,6
0x9c3c66,63.8889%,13,23,36,1,1,12,22
0x5b410c,58.0645%,13,18,31,0,0,13,18
0x9e0450,98.7572%,13,1033,1046,827,8,5,206
0x4c0539,70.4545%,13,31,44,7,6,7,24
0xa5774e,53.5714%,13,15,28,5,9,4,10
0xa57739,53.5714%,13,15,28,0,0,13,15
0x508ce3,77.5862%,13,45,58,37,7,6,8
0x94b862,97.6786%,13,547,560,547,13,0,0
0x50a112,76.7857%,13,43,56,36,11,2,7
0x49985a,60.6061%,13,20,33,0,0,13,20
0x808c28,98.4579%,13,830,843,830,11,2,0
0xa3fdb8,27.7778%,13,5,18,0,0,13,5
0x8e0aeb,99.4764%,13,2470,2483,0,1,12,2470
0x5f82de,97.5701%,13,522,535,0,0,13,522
0x502003,59.375%,13,19,32,4,12,1,15
0x9f0426,93.5644%,13,189,202,0,0,13,189
0x491448,91.7722%,13,145,158,0,0,13,145
0xb2faf5,99.845%,13,8372,8385,0,0,13,8372
0x51b2c8,31.5789%,13,6,19,6,13,0,0
0x49a02a,18.75%,13,3,16,0,0,13,3
0x4bae71,95.8199%,13,298,311,0,0,13,298
0x907569,62.8571%,13,22,35,18,10,3,4
0x5f7560,98.0273%,13,646,659,0,0,13,646
0x409cda,96.4187%,13,350,363,0,0,13,350
0x8df308,45.8333%,13,11,24,9,7,6,2
0xa52d11,96.4187%,13,350,363,0,0,13,350
0x63a689,93.5%,13,187,200,150,13,0,37
0x608c29,97.6534%,13,541,554,0,0,13,541
0xa53e18,92.0732%,13,151,164,0,0,13,151
0xa56f46,81.9444%,13,59,72,0,0,13,59
0x4fdc2d,96.4578%,13,354,367,0,0,13,354
0x5c4c88,99.1814%,13,1575,1588,0,0,13,1575
0x506343,86.0215%,13,80,93,80,13,0,0
0xa4ba6e,93.299%,13,181,194,0,0,13,181
0x9ec33f,67.5%,13,27,40,3,11,2,24
0x8bcc1c,50%,13,13,26,0,0,13,13
0x8f572d,98.3051%,13,754,767,754,13,0,0
0x8f2bd2,80.8824%,13,55,68,0,0,13,55
0x4994f6,78.3333%,13,47,60,47,13,0,0
0x96b1e4,98.5667%,13,894,907,0,0,13,894
0xaa5822,98.6948%,13,983,996,983,13,0,0
0x58cb97,87.3786%,13,90,103,0,0,13,90
0x7c7b1f,91.5584%,13,141,154,30,11,2,111
0x659e42,31.5789%,13,6,19,6,13,0,0
0xa2dfc1,96.8293%,13,397,410,0,0,13,397
0x8be3eb,97.91%,13,609,622,0,0,13,609
0x509d18,98.833%,13,1101,1114,133,3,10,968
0x9fbb94,95.7516%,13,293,306,91,0,13,202
0x4fdc37,60.6061%,13,20,33,1,3,10,19
0x8bcf44,99.6405%,13,3603,3616,0,0,13,3603
0x8aa9e2,79.3651%,13,50,63,0,0,13,50
0x501fe3,85.7143%,13,78,91,0,0,13,78
0x8db797,95.873%,13,302,315,85,6,7,217
0x81f2ef,70.4545%,13,31,44,17,4,9,14
0x4c803a,81.1594%,13,56,69,0,0,13,56
0x819186,98.3247%,13,763,776,0,0,13,763
0x4c4561,23.5294%,13,4,17,4,13,0,0
0x81c701,81.4286%,13,57,70,0,0,13,57
0x59692c,92.8177%,13,168,181,0,0,13,168
0x50d71f,84.5238%,13,71,84,29,13,0,42
0x9f5a8e,87.963%,13,95,108,16,12,1,79
0xa660c3,84.7059%,13,72,85,0,2,11,72
0x78122d,98.6155%,13,926,939,31,13,0,895
0xa47aa2,31.5789%,13,6,19,6,13,0,0
0x51068a,94.9612%,13,245,258,245,13,0,0
0x95195f,91.4474%,13,139,152,1,11,2,138
0x9f9764,59.375%,13,19,32,0,0,13,19
0xaa8feb,43.4783%,13,10,23,10,13,0,0
0x4a7be9,74.5098%,13,38,51,0,0,13,38
0x65b020,0%,13,0,13,0,13,0,0
0x507537,89.8438%,13,115,128,115,13,0,0
0x4096cd,80%,13,52,65,0,7,6,52
0x5077ad,27.7778%,13,5,18,5,13,0,0
0x51b7ca,99.687%,13,4141,4154,0,0,13,4141
0x4c234a,18.75%,13,3,16,0,8,5,3
0x49b077,95.9248%,13,306,319,0,0,13,306
0x5f1478,91.7722%,13,145,158,145,13,0,0
0xa41afb,95.1311%,13,254,267,0,0,13,254
0xa46dde,78.3333%,13,47,60,38,7,6,9
0x90a792,91.5033%,13,140,153,0,0,13,140
0xa5ebdc,95.5172%,13,277,290,1,9,4,276
0x959341,89.8438%,13,115,128,111,13,0,4
0x8dce73,98.1894%,13,705,718,535,8,5,170
0x510d18,95.8333%,13,299,312,299,13,0,0
0x508de3,61.7647%,13,21,34,16,9,4,5
0x901a42,94.8413%,13,239,252,0,0,13,239
0x7a3d08,90.2256%,13,120,133,53,3,10,67
0xa33e01,94.2982%,13,215,228,199,1,12,16
0x4b6667,55.1724%,13,16,29,10,12,1,6
0x5df36e,60.6061%,13,20,33,0,0,13,20
0x54da94,66.6667%,13,26,39,0,0,13,26
0x99af52,72.3404%,13,34,47,32,8,5,2
0x8f4c27,92.6136%,13,163,176,88,12,1,75
0xa55c65,84.3373%,13,70,83,70,7,6,0
0x787d60,80.303%,13,53,66,49,11,2,4
0x97834b,90.2256%,13,120,133,0,0,13,120
0x908cb2,97.6534%,13,541,554,541,13,0,0
0x8195d9,96.0486%,13,316,329,0,0,13,316
0x494d7b,91.7722%,13,145,158,0,0,13,145
0x98cceb,90.8451%,13,129,142,129,13,0,0
0xa31f3c,63.8889%,13,23,36,0,0,13,23
0xa54909,97.3306%,13,474,487,46,8,5,428
0x90f214,96.75%,13,387,400,194,6,7,193
0x59c992,83.75%,13,67,80,67,13,0,0
0x547366,78.6885%,13,48,61,0,0,13,48
0xa51dc9,77.5862%,13,45,58,0,2,11,45
0x945087,97.2399%,13,458,471,458,13,0,0
0xa271d7,95.4225%,13,271,284,8,1,12,263
0x48e15d,86.7347%,13,85,98,0,0,13,85
0x680607,43.4783%,13,10,23,10,13,0,0
0x59c43c,43.4783%,13,10,23,0,0,13,10
0x49e0b5,97.4659%,13,500,513,0,0,13,500
0xaa03c8,89.5652%,12,103,115,73,4,8,30
0x9e18a1,91.2409%,12,125,137,11,6,6,114
0x404a08,87.6289%,12,85,97,17,5,7,68
0x555fe4,75%,12,36,48,0,3,9,36
0x9a1db5,90.4762%,12,114,126,0,0,12,114
0x404992,90.6977%,12,117,129,116,9,3,1
0x9e02da,50%,12,12,24,0,0,12,12
0x510249,94.9153%,12,224,236,0,0,12,224
0x901254,93.4066%,12,170,182,2,0,12,168
0xa9c84f,73.913%,12,34,46,4,6,6,30
0x5511bb,42.8571%,12,9,21,9,12,0,0
0xa2d98e,94.1748%,12,194,206,194,8,4,0
0x9f4ec6,90.0826%,12,109,121,109,12,0,0
0x9b8ff3,36.8421%,12,7,19,7,12,0,0
0x4a59cf,25%,12,4,16,0,12,0,4
0x50a91e,76.4706%,12,39,51,39,12,0,0
0x95b04c,73.913%,12,34,46,14,9,3,20
0xa5b554,36.8421%,12,7,19,6,10,2,1
0x9e11af,58.6207%,12,17,29,1,2,10,16
0x5c566c,94.8052%,12,219,231,0,0,12,219
0x50da2c,20%,12,3,15,0,0,12,3
0xa5b1c5,0%,12,0,12,0,12,0,0
0x8f684a,91.4286%,12,128,140,25,6,6,103
0x80941e,98.5849%,12,836,848,3,2,10,833
0x5b9ba3,78.5714%,12,44,56,0,0,12,44
0x9f5ce6,36.8421%,12,7,19,0,12,0,7
0xa90629,77.3585%,12,41,53,41,12,0,0
0x4a657d,91.7241%,12,133,145,133,12,0,0
0x97300c,55.5556%,12,15,27,3,9,3,12
0x80dbb4,94.5455%,12,208,220,208,12,0,0
0x9ff62e,45.4545%,12,10,22,4,5,7,6
0xa28190,94.2584%,12,197,209,197,12,0,0
0x403995,67.5676%,12,25,37,0,0,12,25
0xa04b8e,71.4286%,12,30,42,0,0,12,30
0x9fc7ee,94.5455%,12,208,220,0,0,12,208
0x9d1e51,40%,12,8,20,8,12,0,0
0xa95e43,0%,12,0,12,0,12,0,0
0x9f5f07,97.1564%,12,410,422,0,0,12,410
0x9fc4f1,14.2857%,12,2,14,2,12,0,0
0x494120,45.4545%,12,10,22,10,12,0,0
0x81aff5,98.5765%,12,831,843,831,12,0,0
0xa43927,93.5484%,12,174,186,174,12,0,0
0x541f0d,97.5207%,12,472,484,472,12,0,0
0x81c934,93.2203%,12,165,177,0,0,12,165
0xa95dce,25%,12,4,16,0,0,12,4
0x80c2e5,94.1176%,12,192,204,0,0,12,192
0x4c81b7,45.4545%,12,10,22,0,0,12,10
0x4c188c,40%,12,8,20,8,12,0,0
0x889eda,45.4545%,12,10,22,5,1,11,5
0x8a656d,29.4118%,12,5,17,5,12,0,0
0xa2f4e7,92%,12,138,150,138,12,0,0
0xa5782a,71.4286%,12,30,42,16,12,0,14
0x8c8b05,85%,12,68,80,68,12,0,0
0x97351e,0%,12,0,12,0,5,7,0
0x4897c8,0%,12,0,12,0,12,0,0
0x9f4433,92.8571%,12,156,168,83,8,4,73
0x9fdd3c,52%,12,13,25,13,12,0,0
0xaa89eb,99.3443%,12,1818,1830,1818,12,0,0
0xa2859b,64.7059%,12,22,34,0,4,8,22
0x50694b,98.3784%,12,728,740,0,0,12,728
0x9e2c45,66.6667%,12,24,36,7,6,6,17
0x4103c3,93.6842%,12,178,190,178,9,3,0
0x901304,93.5484%,12,174,186,130,6,6,44
0x98ce81,0%,12,0,12,0,0,12,0
0x810127,98.4127%,12,744,756,0,0,12,744
0xa368c8,97.2414%,12,423,435,2,1,11,421
0x9e2cf6,7.69231%,12,1,13,1,12,0,0
0x8d3b1a,95.1417%,12,235,247,0,0,12,235
0xa2e199,95.1807%,12,237,249,0,3,9,237
0x80dcfc,98.0861%,12,615,627,0,0,12,615
0x90e2bb,92.5%,12,148,160,0,0,12,148
0xa02cea,80.9524%,12,51,63,0,0,12,51
0x60b63c,95.1613%,12,236,248,236,12,0,0
0x8e0ce0,89.2857%,12,100,112,100,12,0,0
0x9f5a0b,84%,12,63,75,20,8,4,43
0x64b626,98.4694%,12,772,784,0,0,12,772
0x609591,88.1188%,12,89,101,89,12,0,0
0xa312cc,47.8261%,12,11,23,11,12,0,0
0xa981c5,20%,12,3,15,0,12,0,3
0xa567a0,33.3333%,12,6,18,0,12,0,6
0x814eb4,42.8571%,12,9,21,0,4,8,9
0x9814e8,58.6207%,12,17,29,17,12,0,0
0x50cbf4,68.4211%,12,26,38,26,12,0,0
0xa369d0,25%,12,4,16,4,12,0,0
0x9a3f5a,57.1429%,12,16,28,0,0,12,16
0x983f9b,81.25%,12,52,64,44,12,0,8
0x90aa3d,83.7838%,12,62,74,0,0,12,62
0x4c4a0a,79.3103%,12,46,58,4,12,0,42
0x8e5a24,94.2308%,12,196,208,0,0,12,196
0xa59535,94.0594%,12,190,202,0,0,12,190
0x499de6,75%,12,36,48,8,8,4,28
0x53dd93,99.8126%,12,6390,6402,6390,12,0,0
0x543aaf,99.1118%,12,1339,1351,0,0,12,1339
0x541c6d,64.7059%,12,22,34,22,12,0,0
0x80f1f8,92.9412%,12,158,170,158,12,0,0
0xb2ff34,7.69231%,12,1,13,0,0,12,1
0x900262,0%,12,0,12,0,12,0,0
0x5efb92,0%,12,0,12,0,12,0,0
0xaa5bc0,47.8261%,12,11,23,9,11,1,2
0x975328,60%,12,18,30,0,12,0,18
0x808505,55.5556%,12,15,27,0,7,5,15
0x8c7d57,98.7315%,12,934,946,0,3,9,934
0x90d35a,90.3226%,12,112,124,112,12,0,0
0x4991f1,61.2903%,12,19,31,19,12,0,0
0xa91bd4,91.2409%,12,125,137,125,12,0,0
0x48bd7b,91.6084%,12,131,143,131,11,1,0
0xa5b35d,20%,12,3,15,2,2,10,1
0x9816cd,84%,12,63,75,18,10,2,45
0xaa06dd,86.3636%,12,76,88,10,10,2,66
0x5d4487,33.3333%,12,6,18,6,12,0,0
0x97bae4,92.2581%,12,143,155,41,0,12,102
0xa6c665,83.0986%,12,59,71,16,12,0,43
0x81cd84,93.2203%,12,165,177,0,0,12,165
0x813e0e,98.7261%,12,930,942,0,0,12,930
0x8dffec,0%,12,0,12,0,0,12,0
0xaa08d4,85.5422%,12,71,83,68,9,3,3
0xa8955a,85.5422%,12,71,83,0,0,12,71
0x9c38f2,73.913%,12,34,46,34,6,6,0
0x545e0d,99.0369%,12,1234,1246,1234,12,0,0
0x9e0104,98.8827%,12,1062,1074,0,0,12,1062
0x8f4969,25%,12,4,16,4,12,0,0
0x67f2f3,95.3846%,12,248,260,0,0,12,248
0xaa5710,87.0968%,12,81,93,0,0,12,81
0x492d8c,81.5385%,12,53,65,53,10,2,0
0x404236,97.4737%,12,463,475,0,0,12,463
0x403a65,45.4545%,12,10,22,0,12,0,10
0x9a80fe,94.8936%,12,223,235,0,0,12,223
0xa4d6e9,66.6667%,12,24,36,24,12,0,0
0x5c4c60,99.3381%,12,1801,1813,0,6,6,1801
0x99a87a,92.8994%,12,157,169,0,0,12,157
0x9a7ed4,76%,12,38,50,19,6,6,19
0xa29221,25%,12,4,16,0,0,12,4
0xa58da6,89.6552%,12,104,116,0,0,12,104
0x63b518,99.4329%,12,2104,2116,805,5,7,1299
0x5f64a3,25%,12,4,16,4,12,0,0
0x81682e,94.6903%,12,214,226,0,0,12,214
0x98f974,95.3307%,12,245,257,0,0,12,245
0x40dc62,99.3871%,12,1946,1958,0,0,12,1946
0xa58e1c,89.6552%,12,104,116,0,12,0,104
0xa4d568,92.5926%,12,150,162,150,12,0,0
0x64b427,99.9432%,12,21119,21131,21119,12,0,0
0x9733c8,70%,12,28,40,0,0,12,28
0x9027ba,50%,12,12,24,0,0,12,12
0x9f0904,98.8166%,12,1002,1014,0,10,2,1002
0x4c0264,82.3529%,12,56,68,56,12,0,0
0x481d7a,68.4211%,12,26,38,12,7,5,14
0xa06696,73.3333%,12,33,45,0,0,12,33
0xb22be1,99.3576%,12,1856,1868,0,0,12,1856
0x9cfe08,7.69231%,12,1,13,1,12,0,0
0x90e114,80%,12,48,60,21,9,3,27
0x8e7eb6,25%,12,4,16,4,12,0,0
0x9fe3f5,90.8397%,12,119,131,0,0,12,119
0xa96954,91.9463%,12,137,149,137,12,0,0
0x81fb4a,96.2848%,12,311,323,0,0,12,311
0x99e7af,7.69231%,12,1,13,0,0,12,1
0xaa806c,97.7316%,12,517,529,0,0,12,517
0x8f2a7b,70%,12,28,40,28,12,0,0
0x65af3b,7.69231%,12,1,13,1,12,0,0
0x9fb815,96.0784%,12,294,306,0,0,12,294
0x9019c1,96.4497%,12,326,338,0,0,12,326
0x99b914,53.8462%,12,14,26,0,0,12,14
0x9fb019,96.1661%,12,301,313,0,0,12,301
0x904562,97.5904%,12,486,498,486,12,0,0
0x97770d,98.6395%,12,870,882,870,12,0,0
0x818871,98.549%,12,815,827,0,0,12,815
0x53a0be,58.6207%,12,17,29,0,0,12,17
0x9f3335,94.8052%,12,219,231,219,12,0,0
0x53415f,88.1188%,12,89,101,0,0,12,89
0x5fb95c,53.8462%,12,14,26,0,12,0,14
0x9ed84c,81.25%,12,52,64,0,0,12,52
0x4a130d,97.4304%,12,455,467,0,0,12,455
0x647bb3,72.093%,12,31,43,0,0,12,31
0x8fe0a7,86.0465%,12,74,86,11,3,9,63
0x811577,98.5849%,12,836,848,836,7,5,0
0x54fac0,92.053%,12,139,151,88,11,1,51
0x4806dc,68.4211%,12,26,38,26,12,0,0
0x5580fb,96.7568%,12,358,370,3,5,7,355
0x5faf37,0%,12,0,12,0,12,0,0
0x555632,79.661%,12,47,59,0,4,8,47
0x58d9ea,91.7241%,12,133,145,63,12,0,70
0x610782,7.69231%,12,1,13,0,0,12,1
0xaa1316,93.8462%,12,183,195,183,12,0,0
0x482be7,36.8421%,12,7,19,7,12,0,0
0xa2ab00,85.3659%,12,70,82,70,12,0,0
0x482d17,68.4211%,12,26,38,12,7,5,14
0x5ffb9e,73.913%,12,34,46,0,0,12,34
0x58c246,96.2264%,12,306,318,95,1,11,211
0x9e7004,73.913%,12,34,46,34,12,0,0
0x900a07,97.2603%,12,426,438,0,0,12,426
0x9e747c,93.2584%,12,166,178,165,11,1,1
0xa33793,58.6207%,12,17,29,0,3,9,17
0x9e7fbe,90.7692%,12,118,130,0,7,5,118
0x9fdbfb,33.3333%,12,6,18,0,0,12,6
0xa5bb05,81.5385%,12,53,65,0,0,12,53
0x9fbbad,94.4186%,12,203,215,203,12,0,0
0x486f21,87.3684%,12,83,95,83,10,2,0
0x8f0b29,71.4286%,12,30,42,0,0,12,30
0x9e73ea,97%,12,388,400,0,7,5,388
0x5f7a16,94.2029%,12,195,207,175,0,12,20
0x9e5b36,86.3636%,12,76,88,74,7,5,2
0x8db903,96.1905%,12,303,315,66,9,3,237
0x8f6008,97.7186%,12,514,526,0,0,12,514
0x404985,95.3668%,12,247,259,5,12,0,242
0xa9035e,92.053%,12,139,151,0,0,12,139
0x99c890,97.5758%,12,483,495,483,12,0,0
0x9f891b,60%,12,18,30,12,7,5,6
0x5ffa5b,73.913%,12,34,46,0,0,12,34
0x53c547,96.9388%,12,380,392,0,9,3,380
0x539c94,71.4286%,12,30,42,28,12,0,2
0x8fe8c9,92.3077%,12,144,156,0,0,12,144
0x8c8782,97.3568%,12,442,454,442,12,0,0
0x5ebce3,94.6903%,12,214,226,209,2,10,5
0x54ee07,72.093%,12,31,43,18,10,2,13
0x942ccd,84%,12,63,75,63,12,0,0
0xa31ef0,66.6667%,12,24,36,0,0,12,24
0x9e414d,98.0296%,12,597,609,597,12,0,0
0x483d12,36.8421%,12,7,19,7,12,0,0
0x487ed8,14.2857%,12,2,14,0,0,12,2
0x976e5c,64.7059%,12,22,34,22,12,0,0
0x54d9f2,69.2308%,12,27,39,1,2,10,26
0x406c95,79.3103%,12,46,58,0,0,12,46
0x8374ee,73.3333%,12,33,45,32,1,11,1
0xaa259c,45.4545%,12,10,22,0,0,12,10
0x4a022e,95.2756%,12,242,254,0,2,10,242
0x404925,95.3668%,12,247,259,0,0,12,247
0xa4d5d8,92.5%,12,148,160,0,0,12,148
0x8ddf52,73.913%,12,34,46,2,12,0,32
0x8fcbb4,99.1091%,12,1335,1347,0,0,12,1335
0x99c861,87.7551%,12,86,98,0,0,12,86
0x88ea4e,69.2308%,12,27,39,27,12,0,0
0x808ca7,99.0228%,12,1216,1228,1216,12,0,0
0x9e014e,98.8827%,12,1062,1074,0,0,12,1062
0x54db36,84.6154%,12,66,78,39,0,12,27
0x559058,96.5217%,12,333,345,1,11,1,332
0x673d4b,68.4211%,12,26,38,13,6,6,13
0x7dfb5c,82.8571%,12,58,70,1,9,3,57
0x9e72d7,96.0656%,12,293,305,281,10,2,12
0x837996,88.4615%,12,92,104,0,0,12,92
0x485b70,94%,12,188,200,188,12,0,0
0x81f87c,74.4681%,12,35,47,0,0,12,35
0x9a8f3c,14.2857%,12,2,14,2,12,0,0
0x53ba34,90.9091%,12,120,132,119,9,3,1
0x9737e6,68.4211%,12,26,38,26,12,0,0
0x539354,45.4545%,12,10,22,10,1,11,0
0xa4d6b8,68.4211%,12,26,38,1,1,11,25
0x88e64e,69.2308%,12,27,39,27,12,0,0
0x681f9f,99.447%,12,2158,2170,2158,12,0,0
0x493e0e,69.2308%,12,27,39,5,10,2,22
0x49631c,77.7778%,12,42,54,0,8,4,42
0x8e7e43,96.3746%,12,319,331,95,12,0,224
0x49bfe4,97.6238%,12,493,505,2,4,8,491
0x54d834,25%,12,4,16,4,12,0,0
0x97742a,0%,12,0,12,0,0,12,0
0x54393b,91.4894%,12,129,141,125,10,2,4
0x67ec23,90.1639%,12,110,122,110,12,0,0
0x55803f,98.5112%,12,794,806,45,5,7,749
0x5ff651,70%,12,28,40,0,4,8,28
0x495e95,36.8421%,12,7,19,1,9,3,6
0x98cc26,33.3333%,12,6,18,0,0,12,6
0x9fcac4,52%,12,13,25,0,0,12,13
0x9a1e6e,85.1852%,12,69,81,0,0,12,69
0x40e3aa,97.3034%,12,433,445,0,4,8,433
0xa02232,99.1764%,12,1445,1457,0,0,12,1445
0x7ac090,65.7143%,12,23,35,23,6,6,0
0x5fc02f,58.6207%,12,17,29,6,4,8,11
0xa098ec,7.69231%,12,1,13,1,12,0,0
0x9e3f63,36.8421%,12,7,19,0,0,12,7
0xa33b54,83.3333%,12,60,72,0,0,12,60
0x7911e6,45.4545%,12,10,22,0,0,12,10
0xb148d3,99.6796%,12,3733,3745,3733,12,0,0
0xa56704,25%,12,4,16,2,6,6,2
0x50ae23,83.3333%,12,60,72,60,12,0,0
0x81172d,99.6814%,12,3754,3766,0,0,12,3754
0xa4de6f,85.1852%,12,69,81,69,12,0,0
0x6664c1,60%,12,18,30,0,0,12,18
0x609739,92.5926%,12,150,162,0,0,12,150
0x9fdbd9,33.3333%,12,6,18,6,12,0,0
0x9f19d3,96.8668%,12,371,383,0,0,12,371
0x82159c,99.6779%,12,3714,3726,3559,10,2,155
0x9e12de,55.5556%,12,15,27,10,12,0,5
0x5f7a06,94.2029%,12,195,207,0,0,12,195
0x9a1b97,42.8571%,12,9,21,9,12,0,0
0xa487f8,71.4286%,12,30,42,30,12,0,0
0xa92f4d,86.3636%,12,76,88,0,0,12,76
0xa33e63,87.234%,12,82,94,33,9,3,49
0xa272b2,97.6699%,12,503,515,366,12,0,137
0x9a3267,84%,12,63,75,4,3,9,59
0x4be9cd,91.4286%,12,128,140,93,12,0,35
0x6277e0,73.913%,12,34,46,6,10,2,28
0x9731f3,71.4286%,12,30,42,0,2,10,30
0x5389b4,99.7954%,12,5854,5866,0,0,12,5854
0x8ddbb7,89.2857%,12,100,112,100,12,0,0
0x489a22,96.9697%,12,384,396,384,12,0,0
0xa60ce8,94.9367%,12,225,237,0,0,12,225
0xa02aa3,55.5556%,12,15,27,0,0,12,15
0x8dc36e,99.2643%,12,1619,1631,1619,8,4,0
0x94d7ca,97.7528%,12,522,534,522,12,0,0
0x50e4e1,33.3333%,12,6,18,0,12,0,6
0xb22fca,92.2078%,12,142,154,0,0,12,142
0x5b9e11,77.3585%,12,41,53,41,12,0,0
0x9a356a,57.1429%,12,16,28,0,8,4,16
0x8f3909,98.5056%,12,791,803,791,12,0,0
0x806648,40%,12,8,20,8,5,7,0
0x5576e9,97.2973%,12,432,444,432,12,0,0
0x48e029,87.7551%,12,86,98,7,9,3,79
0x974797,89.5652%,12,103,115,103,10,2,0
0x674fbb,83.0986%,12,59,71,22,10,2,37
0x94d902,79.3103%,12,46,58,0,0,12,46
0x9a7adf,86.2069%,12,75,87,75,12,0,0
0x63e0e6,98.7513%,12,949,961,218,12,0,731
0x88e620,52%,12,13,25,0,0,12,13
0x8ae9e8,94.3396%,12,200,212,5,9,3,195
0x9a9d32,93.2584%,12,166,178,114,10,2,52
0x49f9c6,92.3567%,12,145,157,145,12,0,0
0x50a0da,80.6452%,12,50,62,3,3,9,47
0x50291d,87.6289%,12,85,97,85,12,0,0
0x9a9f76,89.1892%,12,99,111,0,0,12,99
0x50a627,14.2857%,12,2,14,0,0,12,2
0x494efe,57.1429%,12,16,28,10,1,11,6
0x8125f5,98.0296%,12,597,609,0,0,12,597
0x5580be,87.0968%,12,81,93,81,12,0,0
0x7809ae,87.7551%,12,86,98,16,5,7,70
0x48aa7e,99.9135%,12,13865,13877,0,0,12,13865
0x48db7f,96.3526%,12,317,329,0,0,12,317
0xa2751e,96.319%,12,314,326,314,12,0,0
0x50d98b,96.9697%,12,384,396,0,0,12,384
0x8baded,97.2912%,12,431,443,0,0,12,431
0x9e4100,92.2078%,12,142,154,142,8,4,0
0x53efd5,93.4426%,12,171,183,0,0,12,171
0x40e60d,99.384%,12,1936,1948,0,0,12,1936
0x4c7359,33.3333%,12,6,18,0,0,12,6
0x502168,91.3043%,12,126,138,0,0,12,126
0x94e5c2,96.0526%,12,292,304,292,12,0,0
0xb2edc4,94.9791%,12,227,239,0,0,12,227
0x502750,98.3849%,12,731,743,731,12,0,0
0x9cfe96,7.69231%,12,1,13,1,12,0,0
0x50242d,96.4706%,12,328,340,328,12,0,0
0x81f727,98.773%,12,966,978,966,12,0,0
0x507e9e,97.2603%,12,426,438,0,0,12,426
0x4ad2d3,40%,12,8,20,0,0,12,8
0x9a82d7,14.2857%,12,2,14,0,0,12,2
0x81fcbb,87.7551%,12,86,98,75,9,3,11
0x409d92,94.6667%,12,213,225,213,12,0,0
0x60a6fc,99.3011%,12,1705,1717,0,0,12,1705
0x48e17d,52%,12,13,25,0,0,12,13
0xa9754f,91.9463%,12,137,149,137,12,0,0
0x8ecc1b,76.9231%,12,40,52,28,11,1,12
0x48dbf1,96.3526%,12,317,329,273,0,12,44
0x58c532,86.0465%,12,74,86,7,5,7,67
0x501b5f,98.4576%,12,766,778,0,0,12,766
0x58fe24,99.7092%,12,4114,4126,0,0,12,4114
0x8a8c2b,98.0952%,12,618,630,45,0,12,573
0x58ffa9,98.8166%,12,1002,1014,499,8,4,503
0x6659f7,90.7692%,12,118,130,0,0,12,118
0x8e4eaa,95.3488%,12,246,258,0,0,12,246
0x58fdd0,87.8788%,12,87,99,0,1,11,87
0x509d9c,97.556%,12,479,491,0,0,12,479
0x814d4c,98.8899%,12,1069,1081,788,12,0,281
0x48bc03,98.4829%,12,779,791,779,11,1,0
0x9e3d92,93.1034%,12,162,174,157,6,6,5
0x9d0f1c,95.539%,12,257,269,0,0,12,257
0x8f687a,64.7059%,12,22,34,0,0,12,22
0x903ff7,92.6829%,12,152,164,0,0,12,152
0x908d7e,97.8339%,12,542,554,0,0,12,542
0x58f96c,42.8571%,12,9,21,9,12,0,0
0x9d01ed,96.5318%,12,334,346,8,6,6,326
0x96b6b7,76%,12,38,50,0,0,12,38
0x5ae2dc,52%,12,13,25,13,12,0,0
0x9f9bf1,52%,12,13,25,0,6,6,13
0x9692cb,86.0465%,12,74,86,74,12,0,0
0x556fa3,95.1417%,12,235,247,0,0,12,235
0x8ef44a,97.066%,12,397,409,0,0,12,397
0x9d1ea7,88.1188%,12,89,101,0,0,12,89
0x9498e8,77.3585%,12,41,53,0,0,12,41
0x4a1b13,72.093%,12,31,43,31,12,0,0
0xaa5365,42.8571%,12,9,21,0,0,12,9
0x9cfe32,7.69231%,12,1,13,1,12,0,0
0x8f67d9,91.4286%,12,128,140,8,2,10,120
0x5f79bd,94.4444%,12,204,216,0,3,9,204
0x8f19fb,75%,12,36,48,34,6,6,2
0x9abe7a,93.3333%,12,168,180,168,4,8,0
0x5de793,99.033%,12,1229,1241,1229,12,0,0
0xa3a476,96.7123%,12,353,365,0,0,12,353
0x508687,97.2603%,12,426,438,0,0,12,426
0x9e3f1c,67.5676%,12,25,37,5,11,1,20
0x4ba04e,50%,12,12,24,0,0,12,12
0x5a9484,96.6006%,12,341,353,341,12,0,0
0x8f1a9a,91.6667%,12,132,144,0,0,12,132
0xa1bb12,20%,12,3,15,2,1,11,1
0x546286,96.5714%,12,338,350,0,0,12,338
0x405bdb,62.5%,12,20,32,18,12,0,2
0xa3feca,57.1429%,12,16,28,4,6,6,12
0x9bb45b,33.3333%,12,6,18,0,0,12,6
0x7d1e65,81.5385%,12,53,65,12,2,10,41
0x60844a,84.2105%,12,64,76,37,11,1,27
0x976e9b,64.7059%,12,22,34,10,6,6,12
0x64f4da,90.1639%,12,110,122,104,6,6,6
0x6105b1,93.7824%,12,181,193,175,12,0,6
0x60de84,96.2264%,12,306,318,0,0,12,306
0x64b58e,99.476%,12,2278,2290,0,0,12,2278
0x90ca2d,99.4324%,12,2102,2114,0,0,12,2102
0x977d19,91.9463%,12,137,149,137,12,0,0
0x9117ac,61.2903%,12,19,31,19,12,0,0
0x534aca,78.5714%,12,44,56,0,0,12,44
0x50e706,40%,12,8,20,8,12,0,0
0x81e383,99.2836%,12,1663,1675,0,0,12,1663
0x4c63f8,57.1429%,12,16,28,16,10,2,0
0x9a6a5d,14.2857%,12,2,14,2,12,0,0
0x8d2337,98.806%,12,993,1005,0,5,7,993
0x973203,70%,12,28,40,0,0,12,28
0x9a9a66,97.8022%,12,534,546,0,0,12,534
0x50520b,98.3784%,12,728,740,0,0,12,728
0x489cfa,99.7011%,12,4003,4015,4003,12,0,0
0xa5f9d6,97.2414%,12,423,435,0,0,12,423
0xa98817,20%,12,3,15,3,12,0,0
0xa4534a,76%,12,38,50,38,4,8,0
0x557d05,91.4894%,12,129,141,6,0,12,123
0xa45692,0%,12,0,12,0,0,12,0
0x5df24e,98.2734%,12,683,695,0,0,12,683
0x81be79,94.1176%,12,192,204,0,0,12,192
0x97851c,97.5258%,12,473,485,473,12,0,0
0x9732ca,71.4286%,12,30,42,0,0,12,30
0x8f4bff,93.1818%,12,164,176,0,0,12,164
0x40a624,75%,12,36,48,13,9,3,23
0x949f88,94.6188%,12,211,223,0,0,12,211
0x81ea6b,86.0465%,12,74,86,6,4,8,68
0x9033f8,80.3279%,12,49,61,49,12,0,0
0x8ddc41,89.2857%,12,100,112,100,12,0,0
0x9d0d58,45.4545%,12,10,22,10,12,0,0
0x8f179b,91.0448%,12,122,134,0,0,12,122
0x9e0bd5,94.7598%,12,217,229,0,0,12,217
0x48f761,81.5385%,12,53,65,51,4,8,2
0x8e96ac,99.1489%,12,1398,1410,1398,12,0,0
0x90a768,83.7838%,12,62,74,0,0,12,62
0xa03b08,89.916%,12,107,119,107,12,0,0
0x80fd4f,99.8794%,12,9940,9952,9940,12,0,0
0xa2e208,86.5169%,12,77,89,77,8,4,0
0x5410b6,98.7891%,12,979,991,979,12,0,0
0x483c4d,36.8421%,12,7,19,7,12,0,0
0x7d27d2,87.7551%,12,86,98,85,9,3,1
0xa2e866,89.3805%,12,101,113,58,2,10,43
0x99c8cf,97.5758%,12,483,495,483,12,0,0
0x8088aa,94.8052%,12,219,231,0,0,12,219
0x4ac126,93.0233%,12,160,172,160,12,0,0
0x4c63e1,72.7273%,12,32,44,8,7,5,24
0xa02c93,82.0896%,12,55,67,55,12,0,0
0x405763,90.1639%,12,110,122,0,0,12,110
0x9e8129,50%,12,12,24,12,10,2,0
0x5bc538,89.916%,12,107,119,107,12,0,0
0x558d67,95.7143%,12,268,280,0,0,12,268
0x58bc94,81.25%,12,52,64,0,0,12,52
0xa4ed19,91.3043%,12,126,138,0,0,12,126
0x8aaa50,80.9524%,12,51,63,0,0,12,51
0x5be275,85.8824%,12,73,85,73,12,0,0
0x8072b0,99.9183%,12,14680,14692,14680,12,0,0
0x545cb1,99.4483%,12,2163,2175,2163,12,0,0
0x81a2d1,96.3526%,12,317,329,0,0,12,317
0xa58a51,91.7808%,12,134,146,134,4,8,0
0x9ebaf1,96.875%,12,372,384,0,2,10,372
0x8e69b4,91.8919%,12,136,148,136,12,0,0
0xb24617,99.8992%,12,11887,11899,0,0,12,11887
0x49b29b,25%,12,4,16,2,0,12,2
0x81f67a,73.913%,12,34,46,0,4,8,34
0x9ff70b,45.4545%,12,10,22,10,10,2,0
0xa01b51,82.3529%,12,56,68,0,0,12,56
0x4c7204,33.3333%,12,6,18,6,12,0,0
0x8a6996,0%,12,0,12,0,12,0,0
0x5e4759,99.2048%,12,1497,1509,1497,12,0,0
0xb2abc5,96.5318%,12,334,346,334,12,0,0
0x8102b2,99.2481%,12,1584,1596,789,9,3,795
0x80f6e9,83.7838%,12,62,74,0,4,8,62
0x4b6977,92.2581%,12,143,155,31,9,3,112
0xa56fbf,88.8889%,12,96,108,0,0,12,96
0xa5705e,92.8571%,12,156,168,0,1,11,156
0x48157b,36.8421%,12,7,19,7,12,0,0
0x53a393,84.4156%,12,65,77,0,0,12,65
0x404eff,50%,12,12,24,0,0,12,12
0x822167,96.0784%,12,294,306,25,8,4,269
0x4bb69a,76.9231%,12,40,52,40,12,0,0
0xa43c44,95.7295%,12,269,281,170,5,7,99
0x58c037,84.2105%,12,64,76,0,0,12,64
0xa4112e,65.7143%,12,23,35,3,5,7,20
0xa3ff02,0%,12,0,12,0,0,12,0
0x9e0896,96.875%,12,372,384,0,0,12,372
0xa06ebe,52%,12,13,25,13,12,0,0
0xa2df56,93.8144%,12,182,194,0,0,12,182
0x9ea60b,92.8571%,12,156,168,0,0,12,156
0x4c40b0,86.9565%,12,80,92,80,12,0,0
0x65a0c3,99.2021%,12,1492,1504,0,0,12,1492
0xa35e6e,14.2857%,12,2,14,2,0,12,0
0x80598b,99.1373%,12,1379,1391,0,0,12,1379
0x81a0e5,86.8132%,12,79,91,75,12,0,4
0x5bd289,98.7552%,12,952,964,952,12,0,0
0x9ee268,80.6452%,12,50,62,35,9,3,15
0x9ea62d,72.093%,12,31,43,30,4,8,1
0xaa47b4,95.4373%,12,251,263,251,12,0,0
0x94a0bd,94.2029%,12,195,207,0,0,12,195
0xa45dd5,76.9231%,12,40,52,0,0,12,40
0x48a1bb,82.3529%,12,56,68,56,12,0,0
0x81bdb9,94.6429%,12,212,224,0,0,12,212
0x5931fb,57.1429%,12,16,28,2,12,0,14
0x643ae4,99.9151%,12,14124,14136,14124,12,0,0
0x49980d,72.093%,12,31,43,23,2,10,8
0x9e01a8,86.2069%,12,75,87,50,9,3,25
0x908d46,99.8499%,12,7982,7994,7982,12,0,0
0x80680a,70%,12,28,40,0,12,0,28
0x804485,84%,12,63,75,63,10,2,0
0xaa5483,57.1429%,12,16,28,15,0,12,1
0x9f6ab1,66.6667%,12,24,36,24,12,0,0
0x4047b5,98.0456%,12,602,614,0,0,12,602
0x9bd1b5,78.1818%,12,43,55,0,0,12,43
0x9aa1cc,64.7059%,12,22,34,0,1,11,22
0xa4cf18,14.2857%,12,2,14,0,0,12,2
0x7efe7d,92.8571%,12,156,168,11,8,4,145
0x8bc9a7,76.9231%,12,40,52,40,12,0,0
0x90fed4,96.7123%,12,353,365,353,12,0,0
0x49ec4a,89.8305%,12,106,118,106,12,0,0
0x4a6564,91.8919%,12,136,148,0,3,9,136
0xb230ec,92.2078%,12,142,154,0,0,12,142
0x7f03c8,36.8421%,12,7,19,0,0,12,7
0x80969c,84.8101%,12,67,79,67,10,2,0
0x66d44e,99.1803%,12,1452,1464,0,0,12,1452
0x99b7e2,7.69231%,12,1,13,0,0,12,1
0xa95e2c,0%,12,0,12,0,0,12,0
0x648433,96.6851%,12,350,362,84,1,11,266
0xa97e48,20%,12,3,15,0,0,12,3
0xa97e31,67.5676%,12,25,37,22,0,12,3
0x4ba33f,96.319%,12,314,326,286,8,4,28
0x8a5dd5,96.1783%,12,302,314,302,12,0,0
0x7f03cc,36.8421%,12,7,19,0,0,12,7
0x7c21bd,90.4762%,12,114,126,2,8,4,112
0xa2f8b4,92.5466%,12,149,161,74,9,3,75
0x50ccdf,96.7033%,12,352,364,352,12,0,0
0x9aae52,84.8101%,12,67,79,25,8,4,42
0x4a9d16,47.8261%,12,11,23,0,0,12,11
0x8046e7,77.7778%,12,42,54,0,0,12,42
0x8151a6,80.9524%,12,51,63,1,3,9,50
0xa5c3f8,84.4156%,12,65,77,65,12,0,0
0xb230df,92.2078%,12,142,154,142,12,0,0
0x5a9414,78.1818%,12,43,55,0,0,12,43
0x4bb2c5,74.4681%,12,35,47,10,7,5,25
0x64ce1b,97.2665%,12,427,439,427,12,0,0
0x677d7f,97.7444%,12,520,532,0,0,12,520
0xb2303e,92.2078%,12,142,154,142,12,0,0
0x8ee0e8,93.617%,12,176,188,1,0,12,175
0xb2e862,82.8571%,12,58,70,58,12,0,0
0xa50aa5,14.2857%,12,2,14,1,3,9,1
0xb180e0,99.1655%,12,1426,1438,0,0,12,1426
0x59bfb7,77.3585%,12,41,53,41,12,0,0
0xa46bba,94.7826%,12,218,230,218,12,0,0
0xa064b4,65.7143%,12,23,35,0,0,12,23
0xa90196,80.9524%,12,51,63,0,0,12,51
0x6f43e0,57.1429%,12,16,28,16,12,0,0
0xa60ccd,95%,12,228,240,228,9,3,0
0x9eb829,88.8889%,12,96,108,96,12,0,0
0x9eb671,82.0896%,12,55,67,0,4,8,55
0x5f1380,66.6667%,12,24,36,10,10,2,14
0xb4676a,92.8144%,12,155,167,1,0,12,154
0xa9036d,90.8397%,12,119,131,119,12,0,0
0x8d3de7,61.2903%,12,19,31,19,12,0,0
0x677b76,84.6154%,12,66,78,0,0,12,66
0x6487c9,78.5714%,12,44,56,44,12,0,0
0x9f5be3,0%,12,0,12,0,0,12,0
0x64a4ad,83.7838%,12,62,74,59,9,3,3
0x8ef11b,91.1111%,12,123,135,123,12,0,0
0x81e439,98.9992%,12,1187,1199,0,0,12,1187
0x9f5bfa,70%,12,28,40,25,3,9,3
0xa33766,68.4211%,12,26,38,1,8,4,25
0x835e26,68.4211%,12,26,38,26,2,10,0
0x6402ff,99.5742%,12,2806,2818,2806,12,0,0
0x5011ac,99.3743%,12,1906,1918,0,0,12,1906
0x911ace,98.9637%,12,1146,1158,0,0,12,1146
0x8ad8fb,36.8421%,12,7,19,0,0,12,7
0x8c8082,99.4071%,12,2012,2024,0,1,11,2012
0x9a92aa,95.2%,12,238,250,0,0,12,238
0x90d4ba,96.0265%,12,290,302,290,12,0,0
0x9bd31b,80.9524%,12,51,63,0,0,12,51
0x9e50b3,94.958%,12,226,238,0,0,12,226
0x81440b,97.7528%,12,522,534,0,0,12,522
0x54f15a,72.093%,12,31,43,0,0,12,31
0xa2b40a,61.2903%,12,19,31,0,0,12,19
0x9a0ae4,57.1429%,12,16,28,0,0,12,16
0x8ab5b3,97.7695%,12,526,538,255,10,2,271
0x51b00c,95.3846%,12,248,260,0,9,3,248
0x901ba7,92.8994%,12,157,169,0,0,12,157
0x627e30,67.5676%,12,25,37,19,3,9,6
0x506006,87.0968%,12,81,93,81,12,0,0
0x9495cc,97.8723%,12,552,564,0,0,12,552
0x539660,94.4954%,12,206,218,108,1,11,98
0x51b149,29.4118%,12,5,17,4,9,3,1
0x7d277f,97.5806%,12,484,496,382,3,9,102
0x4b66bb,88.6792%,12,94,106,76,0,12,18
0x81605e,71.4286%,12,30,42,6,3,9,24
0x58db9b,92.053%,12,139,151,0,0,12,139
0xa052c7,58.6207%,12,17,29,17,4,8,0
0x4bea7e,93.1429%,12,163,175,163,12,0,0
0x8bbba6,67.5676%,12,25,37,2,0,12,23
0x81fdda,75%,12,36,48,36,10,2,0
0x90e847,60%,12,18,30,18,12,0,0
0x8a8eb5,91.4286%,12,128,140,128,12,0,0
0x405b27,97.1897%,12,415,427,0,0,12,415
0x8ff57c,47.8261%,12,11,23,10,12,0,1
0xa4a1e5,80%,12,48,60,0,0,12,48
0x904a90,96.0133%,12,289,301,0,0,12,289
0x8f122c,70%,12,28,40,28,4,8,0
0xb302ec,99.7595%,12,4978,4990,0,0,12,4978
0x670678,40%,12,8,20,5,12,0,3
0x60880c,94%,12,188,200,188,12,0,0
0x8f57b8,96.8586%,12,370,382,184,7,5,186
0x5b2f79,94.1748%,12,194,206,194,12,0,0
0x592580,90%,12,108,120,0,0,12,108
0x94a19d,85%,12,68,80,0,0,12,68
0x502ba7,7.69231%,12,1,13,1,12,0,0
0x60de43,85.1852%,12,69,81,0,0,12,69
0x8f46d8,99.521%,12,2493,2505,2493,12,0,0
0x4bca68,25%,12,4,16,4,6,6,0
0xb30224,50%,12,12,24,0,2,10,12
0x5338f4,68.4211%,12,26,38,26,5,7,0
0x40d91c,99.4979%,12,2378,2390,2378,12,0,0
0x99bd77,94.0887%,12,191,203,11,12,0,180
0xa4ff3b,14.2857%,12,2,14,0,0,12,2
0x9d3786,78.1818%,12,43,55,39,12,0,4
0x5483cf,99.8994%,12,11911,11923,11911,12,0,0
0xa336ad,99.0148%,12,1206,1218,1206,12,0,0
0x9f46bb,96.5616%,12,337,349,337,12,0,0
0x984296,52%,12,13,25,9,4,8,4
0x790fd8,65.7143%,12,23,35,23,12,0,0
0xa02a05,0%,12,0,12,0,0,12,0
0x678916,99.5791%,12,2839,2851,0,0,12,2839
0x99f64b,88.2353%,12,90,102,0,0,12,90
0x485ee5,70%,12,28,40,15,8,4,13
0xa52685,90.4762%,12,114,126,79,4,8,35
0x556f63,78.1818%,12,43,55,43,12,0,0
0xa32e2a,98.8806%,12,1060,1072,0,0,12,1060
0xa58965,77.7778%,12,42,54,0,0,12,42
0xa05a64,58.6207%,12,17,29,17,12,0,0
0xa97ee5,89.4737%,12,102,114,89,11,1,13
0x495a5c,82.0896%,12,55,67,16,10,2,39
0x9f9a34,70.7317%,12,29,41,12,4,8,17
0x5904ac,83.0986%,12,59,71,1,0,12,58
0xa56625,97.6744%,12,504,516,0,0,12,504
0xa3404d,93.6508%,12,177,189,74,1,11,103
0xa4858b,78.5714%,12,44,56,14,1,11,30
0x9d3322,78.1818%,12,43,55,43,12,0,0
0x990abf,88.2353%,12,90,102,90,12,0,0
0xa9004a,92.6829%,12,152,164,10,8,4,142
0x649ad5,88.6792%,12,94,106,0,0,12,94
0x90a935,85.5422%,12,71,83,0,0,12,71
0x9e269f,97.7737%,12,527,539,527,12,0,0
0xace313,85.8824%,12,73,85,73,12,0,0
0xa43969,94.0299%,12,189,201,189,12,0,0
0x8119a7,98.5849%,12,836,848,835,8,4,1
0x99da0b,67.5676%,12,25,37,0,1,11,25
0x8a7806,97.4194%,12,453,465,434,5,7,19
0x4a8508,77.3585%,12,41,53,39,4,8,2
0x6474e1,42.8571%,12,9,21,9,12,0,0
0x8e9281,85.8824%,12,73,85,0,0,12,73
0x8fd7bc,20%,12,3,15,0,12,0,3
0x4b64e0,75.5102%,12,37,49,0,0,12,37
0xa46858,86.0465%,12,74,86,74,12,0,0
0x81ecfb,99.2495%,12,1587,1599,0,0,12,1587
0xa4387f,80%,12,48,60,12,0,12,36
0x55598a,78.1818%,12,43,55,43,11,1,0
0xb2e6c3,99.9185%,12,14706,14718,14664,8,4,42
0x9e1239,55.5556%,12,15,27,15,12,0,0
0x5f8357,55.5556%,12,15,27,0,0,12,15
0x4a02b0,86.6667%,12,78,90,0,0,12,78
0x4b68e2,75.5102%,12,37,49,0,0,12,37
0x99131a,29.4118%,12,5,17,0,0,12,5
0x4bb713,94.2584%,12,197,209,0,0,12,197
0x977df7,90.9774%,12,121,133,0,0,12,121
0xa25caa,98.6239%,12,860,872,0,0,12,860
0x678cb5,99.3311%,12,1782,1794,0,0,12,1782
0x58e394,73.3333%,12,33,45,29,11,1,4
0x405ab4,96.129%,12,298,310,3,2,10,295
0x4bd721,63.6364%,12,21,33,0,0,12,21
0x80c157,29.4118%,12,5,17,0,0,12,5
0x818c2a,98.549%,12,815,827,0,0,12,815
0x90ed8c,99.3538%,12,1845,1857,0,0,12,1845
0xa47489,71.4286%,12,30,42,30,12,0,0
0x543bf8,93.5829%,12,175,187,175,12,0,0
0x8bb926,67.5676%,12,25,37,9,1,11,16
0xa487c6,93.2584%,12,166,178,166,12,0,0
0x4bccec,69.2308%,12,27,39,19,7,5,8
0xa49450,57.1429%,12,16,28,16,12,0,0
0x5bce3b,98.7552%,12,952,964,952,12,0,0
0x610cc2,60%,12,18,30,0,0,12,18
0xa39e78,79.3103%,12,46,58,0,0,12,46
0x8f6d25,96.8504%,12,369,381,0,0,12,369
0x6472b1,40%,12,8,20,0,0,12,8
0x609fd3,99.5029%,12,2402,2414,2402,12,0,0
0x541853,97.8947%,12,558,570,558,12,0,0
0x4bfdc4,76.4706%,12,39,51,3,10,2,36
0x4ab94a,61.2903%,12,19,31,19,12,0,0
0xa05a5b,81.0345%,11,47,58,25,4,7,22
0x592535,99.7618%,11,4607,4618,0,0,11,4607
0xa05dbf,82.5397%,11,52,63,52,10,1,0
0x49949e,94.6341%,11,194,205,0,0,11,194
0x9f4524,86.25%,11,69,80,69,11,0,0
0x481db9,42.1053%,11,8,19,8,11,0,0
0x48d1d2,80.3571%,11,45,56,0,0,11,45
0x8ec007,83.3333%,11,55,66,0,0,11,55
0x81b8c3,62.069%,11,18,29,0,0,11,18
0xa33a72,92.7632%,11,141,152,18,10,1,123
0x9e1010,86.25%,11,69,80,30,1,10,39
0xb0d452,87.0588%,11,74,85,31,6,5,43
0x901bb5,93.4911%,11,158,169,158,6,5,0
0x9f893d,21.4286%,11,3,14,3,6,5,0
0x9f7f9e,21.4286%,11,3,14,0,0,11,3
0x4b847c,0%,11,0,11,0,0,11,0
0xa3ac01,21.4286%,11,3,14,3,11,0,0
0xa04b71,82.8125%,11,53,64,0,0,11,53
0x911679,94.5274%,11,190,201,190,11,0,0
0x543f8c,75.5556%,11,34,45,0,0,11,34
0x8bb6aa,86.5854%,11,71,82,69,0,11,2
0xb23063,92.8571%,11,143,154,143,11,0,0
0xa350ae,92.5676%,11,137,148,137,11,0,0
0x552b4b,57.6923%,11,15,26,15,7,4,0
0x4043ee,99.539%,11,2375,2386,0,0,11,2375
0x9fcb05,56%,11,14,25,0,0,11,14
0x9f93d4,65.625%,11,21,32,21,11,0,0
0x99efce,89.2157%,11,91,102,91,11,0,0
0x9117f4,64.5161%,11,20,31,20,11,0,0
0x9f93fd,79.6296%,11,43,54,2,0,11,41
0xa96e01,47.619%,11,10,21,0,0,11,10
0x944235,94.4444%,11,187,198,187,11,0,0
0xa5f7a1,97.9478%,11,525,536,525,11,0,0
0x9f3b6f,71.0526%,11,27,38,20,1,10,7
0x78152b,92.5676%,11,137,148,129,10,1,8
0xa0538a,62.069%,11,18,29,18,3,8,0
0xa25e2d,85.8974%,11,67,78,67,11,0,0
0x58ccfa,94.086%,11,175,186,175,11,0,0
0xa5eb9d,96.0714%,11,269,280,0,0,11,269
0xa33ac0,84.7222%,11,61,72,61,11,0,0
0x9a9b9e,90.9091%,11,110,121,110,11,0,0
0x5b0e51,99.5883%,11,2661,2672,2661,11,0,0
0xaaa06a,59.2593%,11,16,27,16,11,0,0
0x61076a,35.2941%,11,6,17,3,1,10,3
0x6106e1,56%,11,14,25,14,11,0,0
0x9730ca,56%,11,14,25,14,11,0,0
0xa447fd,78.8462%,11,41,52,41,9,2,0
0x40dc4b,95%,11,209,220,209,11,0,0
0x609f41,99.8129%,11,5868,5879,0,0,11,5868
0x65a3b6,99.4286%,11,1914,1925,1914,11,0,0
0xa5eb5d,57.6923%,11,15,26,15,11,0,0
0xa54342,42.1053%,11,8,19,8,11,0,0
0xa262d9,98.9141%,11,1002,1013,0,0,11,1002
0x48ef4d,96.6767%,11,320,331,0,0,11,320
0x40a255,87.9121%,11,80,91,0,2,9,80
0xa40fa3,97.9167%,11,517,528,514,3,8,3
0x9a3f4b,60.7143%,11,17,28,0,0,11,17
0x64c05f,93.5673%,11,160,171,44,0,11,116
0x9a0bd7,60.7143%,11,17,28,17,11,0,0
0x6071d4,45%,11,9,20,9,11,0,0
0x99efc6,89.2157%,11,91,102,0,0,11,91
0x99a908,81.9672%,11,50,61,50,11,0,0
0xaadb0b,82.8125%,11,53,64,0,0,11,53
0x9e5262,0%,11,0,11,0,0,11,0
0xa32c91,88.4211%,11,84,95,0,0,11,84
0x677b66,96.9188%,11,346,357,346,11,0,0
0xa53f25,89.7196%,11,96,107,0,0,11,96
0x9fe3a8,91.791%,11,123,134,29,11,0,94
0xa44069,82.8125%,11,53,64,53,11,0,0
0x9ed38d,98.1419%,11,581,592,129,9,2,452
0xa07ac1,72.5%,11,29,40,28,11,0,1
0x499860,66.6667%,11,22,33,22,11,0,0
0x65a22f,95.6693%,11,243,254,243,8,3,0
0xb3ab69,68.5714%,11,24,35,0,0,11,24
0x49a454,57.6923%,11,15,26,2,8,3,13
0x499343,73.8095%,11,31,42,21,5,6,10
0x99e0ca,26.6667%,11,4,15,4,11,0,0
0x8193a1,83.8235%,11,57,68,57,11,0,0
0x49b311,99.6772%,11,3397,3408,3397,11,0,0
0x5bcebd,98.8589%,11,953,964,915,5,6,38
0x910e23,99.0027%,11,1092,1103,38,6,5,1054
0x9e5945,63.3333%,11,19,30,19,8,3,0
0xa52d79,87.2093%,11,75,86,72,5,6,3
0x64bede,99.2825%,11,1522,1533,0,0,11,1522
0x81fc20,96.5944%,11,312,323,299,10,1,13
0x49fafc,92.2535%,11,131,142,126,11,0,5
0x8bc77f,99.0468%,11,1143,1154,0,0,11,1143
0xacfbd2,78%,11,39,50,3,0,11,36
0xb2e6b9,99.9482%,11,21243,21254,0,0,11,21243
0x50201c,65.625%,11,21,32,0,0,11,21
0x6108aa,15.3846%,11,2,13,0,0,11,2
0x80a68e,94.7619%,11,199,210,199,9,2,0
0x81bb63,96.53%,11,306,317,0,0,11,306
0x99bdb8,94.5813%,11,192,203,0,0,11,192
0x4acb93,26.6667%,11,4,15,4,11,0,0
0xa27590,90%,11,99,110,99,11,0,0
0x8c7476,98.8372%,11,935,946,0,3,8,935
0x4bc83c,88.2979%,11,83,94,50,11,0,33
0x4a6f94,45%,11,9,20,0,0,11,9
0x9e89ac,92.4138%,11,134,145,0,0,11,134
0x9e53c2,63.3333%,11,19,30,0,0,11,19
0x8fe054,99.6364%,11,3014,3025,0,0,11,3014
0x651709,71.7949%,11,28,39,0,0,11,28
0x5e37b8,98.3103%,11,640,651,0,0,11,640
0x9a756f,38.8889%,11,7,18,0,0,11,7
0x97340c,72.5%,11,29,40,0,0,11,29
0x819bc3,96.0993%,11,271,282,0,0,11,271
0x40e354,95.5285%,11,235,246,235,11,0,0
0x5cb100,98.6874%,11,827,838,1,2,9,826
0x8e6e58,96.6767%,11,320,331,320,11,0,0
0x811fbd,75%,11,33,44,21,9,2,12
0x8f0c6a,87.3563%,11,76,87,14,3,8,62
0x541ef0,96.978%,11,353,364,353,11,0,0
0x547983,26.6667%,11,4,15,0,0,11,4
0x51b15a,35.2941%,11,6,17,6,11,0,0
0x49c192,88.4211%,11,84,95,0,0,11,84
0xa44ddc,97.4596%,11,422,433,422,11,0,0
0x8f1248,72.5%,11,29,40,29,11,0,0
0x597f27,26.6667%,11,4,15,4,11,0,0
0xa3e2b6,54.1667%,11,13,24,0,8,3,13
0x5058e3,86.5854%,11,71,82,71,11,0,0
0x97739a,38.8889%,11,7,18,6,0,11,1
0x94dd16,98.1261%,11,576,587,0,0,11,576
0x60a841,97.7733%,11,483,494,0,0,11,483
0x81ea4b,87.2093%,11,75,86,0,0,11,75
0x9a32f3,92.4658%,11,135,146,0,0,11,135
0xaa5b13,76.5957%,11,36,47,0,0,11,36
0xa26244,89.8148%,11,97,108,97,11,0,0
0xa96aeb,31.25%,11,5,16,0,9,2,5
0x8c9349,98.0903%,11,565,576,0,5,6,565
0x4ad410,45%,11,9,20,0,0,11,9
0x99b7d6,26.6667%,11,4,15,2,0,11,2
0x606acd,95.1111%,11,214,225,0,0,11,214
0x811ea0,99.5441%,11,2402,2413,2,3,8,2400
0x555ffb,75.5556%,11,34,45,31,11,0,3
0x99f144,0%,11,0,11,0,11,0,0
0x94a96f,86.25%,11,69,80,69,11,0,0
0x50e2c5,85.3333%,11,64,75,0,0,11,64
0x9a247e,72.5%,11,29,40,29,11,0,0
0xaaae63,96.3576%,11,291,302,29,7,4,262
0x99eb04,26.6667%,11,4,15,0,2,9,4
0x402c00,99.8808%,11,9215,9226,0,0,11,9215
0x9b8fa2,86.747%,11,72,83,0,0,11,72
0x679650,90.1786%,11,101,112,0,0,11,101
0x813b72,75%,11,33,44,12,10,1,21
0x81b1ac,67.6471%,11,23,34,23,11,0,0
0x901437,99.7909%,11,5249,5260,0,0,11,5249
0xa281d5,94.7368%,11,198,209,198,11,0,0
0x9ed43e,92.6667%,11,139,150,129,10,1,10
0xa01e40,83.8235%,11,57,68,57,11,0,0
0xa5501c,71.0526%,11,27,38,27,11,0,0
0xa9e24b,72.5%,11,29,40,0,10,1,29
0x65c0e5,97.5664%,11,441,452,441,11,0,0
0x8f53a2,94.0541%,11,174,185,174,11,0,0
0x4059c9,90.9836%,11,111,122,81,7,4,30
0xa42c29,79.6296%,11,43,54,0,0,11,43
0xa9070c,92.8105%,11,142,153,142,11,0,0
0x81ee31,97.8967%,11,512,523,512,9,2,0
0x9807df,71.7949%,11,28,39,26,2,9,2
0x8e2b54,98.989%,11,1077,1088,0,0,11,1077
0xa5b23e,8.33333%,11,1,12,1,11,0,0
0x8e1e98,92.9487%,11,145,156,124,10,1,21
0x806991,54.1667%,11,13,24,10,2,9,3
0xa472e5,73.8095%,11,31,42,31,11,0,0
0x50aa22,90.0901%,11,100,111,0,0,11,100
0x65c229,99.7749%,11,4875,4886,0,0,11,4875
0x8ad652,88.172%,11,82,93,82,9,2,0
0x4a1d1b,99.2445%,11,1445,1456,0,0,11,1445
0xa51de7,80.3571%,11,45,56,0,0,11,45
0x540813,89.6226%,11,95,106,95,9,2,0
0x9d024e,96.8571%,11,339,350,339,11,0,0
0x81cd56,93.6047%,11,161,172,0,0,11,161
0x51b424,99.5505%,11,2436,2447,0,0,11,2436
0x814a8e,82.5397%,11,52,63,0,0,11,52
0xad7f30,99.3526%,11,1688,1699,170,3,8,1518
0x7235ea,99.2393%,11,1435,1446,0,0,11,1435
0x8f4bce,93.75%,11,165,176,30,11,0,135
0x541bf5,79.6296%,11,43,54,0,0,11,43
0x8a6b6d,54.1667%,11,13,24,0,1,10,13
0x547485,81.9672%,11,50,61,0,0,11,50
0x7c7226,8.33333%,11,1,12,1,2,9,0
0x5e17b8,91.7293%,11,122,133,0,0,11,122
0x722a06,96.7552%,11,328,339,0,0,11,328
0xa48d21,93.4132%,11,156,167,156,11,0,0
0x81a506,98.6699%,11,816,827,816,11,0,0
0x648bf7,71.7949%,11,28,39,6,7,4,22
0x48e430,92.7152%,11,140,151,0,0,11,140
0x9f0a04,96.3087%,11,287,298,287,11,0,0
0xa39314,98.2704%,11,625,636,0,0,11,625
0x90ec52,94.5%,11,189,200,0,0,11,189
0xa35545,45%,11,9,20,4,8,3,5
0x593877,98.2677%,11,624,635,624,9,2,0
0x670407,91.7293%,11,122,133,0,0,11,122
0x4ab4e3,64.5161%,11,20,31,20,5,6,0
0x812675,99.8121%,11,5842,5853,0,0,11,5842
0x5fa789,98.5411%,11,743,754,0,0,11,743
0x9776af,99.3349%,11,1643,1654,0,0,11,1643
0xa54e5d,81.9672%,11,50,61,0,0,11,50
0x63d762,92.1986%,11,130,141,128,10,1,2
0x919e01,96.7456%,11,327,338,327,11,0,0
0x63902e,96.0289%,11,266,277,250,2,9,16
0x68374c,86.4198%,11,70,81,34,0,11,36
0x9a1f86,94.5813%,11,192,203,192,11,0,0
0x6d04f4,78%,11,39,50,13,8,3,26
0xa45e95,82.8125%,11,53,64,0,0,11,53
0x90a410,75%,11,33,44,0,0,11,33
0x410599,99.8048%,11,5625,5636,0,0,11,5625
0x404947,95.7529%,11,248,259,15,8,3,233
0x90a646,75%,11,33,44,27,6,5,6
0x54547d,91.791%,11,123,134,123,11,0,0
0x67cf01,21.4286%,11,3,14,3,11,0,0
0x682cf7,8.33333%,11,1,12,1,11,0,0
0x552b22,60.7143%,11,17,28,0,0,11,17
0x4a5dd2,83.0769%,11,54,65,3,10,1,51
0x8f391a,98.6301%,11,792,803,792,11,0,0
0x5f5456,8.33333%,11,1,12,1,1,10,0
0x4b751a,0%,11,0,11,0,11,0,0
0xa35951,94.0541%,11,174,185,2,8,3,172
0x58b7ba,98.6335%,11,794,805,794,11,0,0
0x5d9fc1,91.7293%,11,122,133,122,11,0,0
0x88e616,71.7949%,11,28,39,6,8,3,22
0x8dedcd,99.6726%,11,3349,3360,0,0,11,3349
0x49fab8,99.1311%,11,1255,1266,1120,9,2,135
0xa31b55,94.8357%,11,202,213,0,0,11,202
0x787d2d,95.7692%,11,249,260,0,6,5,249
0x48f914,76.5957%,11,36,47,0,0,11,36
0xa5ced6,92.1986%,11,130,141,30,9,2,100
0x90dd33,63.3333%,11,19,30,19,11,0,0
0x8a8baf,54.1667%,11,13,24,0,0,11,13
0x819ebd,87.9121%,11,80,91,0,0,11,80
0xa9326d,95.1111%,11,214,225,214,11,0,0
0x9ef50b,81.6667%,11,49,60,49,11,0,0
0x97514d,42.1053%,11,8,19,0,0,11,8
0x58e2fa,85.3333%,11,64,75,64,11,0,0
0x9fc568,21.4286%,11,3,14,0,0,11,3
0x787e38,83.3333%,11,55,66,0,0,11,55
0xa3fd1c,80.3571%,11,45,56,21,3,8,24
0xaa8e38,86.5854%,11,71,82,71,11,0,0
0x53b16f,73.1707%,11,30,41,0,0,11,30
0x406b9a,54.1667%,11,13,24,13,11,0,0
0x8f1bd5,91.791%,11,123,134,123,11,0,0
0xa95cec,80.7018%,11,46,57,0,0,11,46
0x63fa15,99.6097%,11,2807,2818,1855,2,9,952
0x53b0b3,99.8621%,11,7964,7975,0,6,5,7964
0x723653,99.2393%,11,1435,1446,0,0,11,1435
0x63ae69,95.4357%,11,230,241,230,11,0,0
0xa16105,98.9573%,11,1044,1055,1044,5,6,0
0x9ed31a,59.2593%,11,16,27,0,0,11,16
0xa31b31,93.956%,11,171,182,0,0,11,171
0xa316bf,71.0526%,11,27,38,26,10,1,1
0xb28b64,99.6097%,11,2807,2818,0,0,11,2807
0x9ed4f2,95.7529%,11,248,259,170,4,7,78
0xa2f883,95.5823%,11,238,249,72,11,0,166
0x9edb40,73.1707%,11,30,41,30,11,0,0
0x4c1749,45%,11,9,20,9,11,0,0
0x9eccf4,90%,11,99,110,0,0,11,99
0xa60c9e,95.3586%,11,226,237,0,0,11,226
0x64b57f,99.5197%,11,2279,2290,0,0,11,2279
0x5970f8,97.4713%,11,424,435,0,0,11,424
0x5121c3,71.7949%,11,28,39,0,0,11,28
0xb0a736,98.018%,11,544,555,544,11,0,0
0xa9093e,97.3105%,11,398,409,0,0,11,398
0xa8f9ab,87.0588%,11,74,85,74,11,0,0
0xa94a36,95.0893%,11,213,224,0,0,11,213
0x7dfce6,45%,11,9,20,9,11,0,0
0xa94548,62.069%,11,18,29,0,0,11,18
0x81f6a3,76.087%,11,35,46,35,7,4,0
0x5ff272,95.2991%,11,223,234,0,0,11,223
0x9a660f,93.75%,11,165,176,165,11,0,0
0x4be7d7,59.2593%,11,16,27,0,0,11,16
0xa55445,92.8571%,11,143,154,0,0,11,143
0xa47be6,73.8095%,11,31,42,31,11,0,0
0xa95d59,98.0836%,11,563,574,545,11,0,18
0xa446bf,78.8462%,11,41,52,41,11,0,0
0xa59cbc,38.8889%,11,7,18,4,11,0,3
0x40d0cb,99.8439%,11,7038,7049,7038,11,0,0
0xa4675a,96.8208%,11,335,346,335,11,0,0
0x9d04a5,95.0226%,11,210,221,60,10,1,150
0x9e6be5,79.2453%,11,42,53,42,11,0,0
0x67f700,89.6226%,11,95,106,0,0,11,95
0xa43a2d,94.5274%,11,190,201,190,11,0,0
0x50e55a,73.8095%,11,31,42,31,11,0,0
0x90c917,99.4797%,11,2103,2114,2103,11,0,0
0xa469bb,95.2174%,11,219,230,2,2,9,217
0x51b2e9,42.1053%,11,8,19,3,10,1,5
0x9e1974,98.642%,11,799,810,799,11,0,0
0x551c8d,88.8889%,11,88,99,88,11,0,0
0xa477cb,50%,11,11,22,10,8,3,1
0xa90b94,85.8974%,11,67,78,0,0,11,67
0xa47f06,8.33333%,11,1,12,0,0,11,1
0xa2d9c9,98.1938%,11,598,609,0,0,11,598
0x5484f1,99.9148%,11,12903,12914,0,0,11,12903
0x64b47c,96.3696%,11,292,303,0,0,11,292
0xa1afe6,0%,11,0,11,0,11,0,0
0xa2db0b,21.4286%,11,3,14,0,0,11,3
0x8f1623,91.791%,11,123,134,0,0,11,123
0x9e3f73,96.3696%,11,292,303,0,0,11,292
0xa2ed1c,82.8125%,11,53,64,0,0,11,53
0x917ac9,94.5%,11,189,200,0,0,11,189
0x974fdc,63.3333%,11,19,30,13,11,0,6
0x5f12b2,82.8125%,11,53,64,0,2,9,53
0x8ee79e,93.5294%,11,159,170,0,0,11,159
0xa5d1c9,66.6667%,11,22,33,5,4,7,17
0x5af23f,98.4058%,11,679,690,0,0,11,679
0x5f1151,96.3211%,11,288,299,288,8,3,0
0x9a8a88,96.6767%,11,320,331,320,11,0,0
0x81a55a,98.2595%,11,621,632,621,11,0,0
0x9f2993,93.6416%,11,162,173,162,11,0,0
0x9e29d3,93.6416%,11,162,173,0,0,11,162
0x945c7d,83.0769%,11,54,65,0,0,11,54
0xaa5cd4,67.6471%,11,23,34,1,9,2,22
0x8efac8,93.125%,11,149,160,0,0,11,149
0x9be59f,97.1354%,11,373,384,0,2,9,373
0x96aea1,76.087%,11,35,46,35,11,0,0
0xaa9f47,59.2593%,11,16,27,16,11,0,0
0x917905,98.3824%,11,669,680,0,0,11,669
0x58c028,85.5263%,11,65,76,0,0,11,65
0xa9d2b0,31.25%,11,5,16,2,2,9,3
0x7c5fd1,21.4286%,11,3,14,1,11,0,2
0x4bae28,96.3816%,11,293,304,0,0,11,293
0x48dfde,59.2593%,11,16,27,0,2,9,16
0x81369c,81.9672%,11,50,61,0,0,11,50
0x6703e4,91.7293%,11,122,133,122,11,0,0
0xa064cc,68.5714%,11,24,35,24,11,0,0
0xa3572e,96.2963%,11,286,297,286,11,0,0
0xa9d366,73.8095%,11,31,42,31,9,2,0
0xa35300,90.3509%,11,103,114,103,2,9,0
0x559177,97.7459%,11,477,488,0,0,11,477
0xacfbee,72.5%,11,29,40,29,11,0,0
0x8a9648,88.172%,11,82,93,9,3,8,73
0xa99a9f,26.6667%,11,4,15,0,0,11,4
0x595e6b,52.1739%,11,12,23,0,0,11,12
0xa935fe,86.4198%,11,70,81,0,0,11,70
0xa9b7d8,87.5%,11,77,88,0,0,11,77
0x8efd9c,90.5983%,11,106,117,0,0,11,106
0x9a3183,95.9259%,11,259,270,0,0,11,259
0xa9eaad,87.0588%,11,74,85,74,11,0,0
0x90d227,98.1636%,11,588,599,0,0,11,588
0xa45669,93.2099%,11,151,162,151,11,0,0
0x6672e0,64.5161%,11,20,31,0,0,11,20
0xa9d3a3,57.6923%,11,15,26,10,8,3,5
0xa9dafe,80.7018%,11,46,57,0,2,9,46
0x5b15d7,0%,11,0,11,0,11,0,0
0xa596e2,57.6923%,11,15,26,12,4,7,3
0xa59270,90.7563%,11,108,119,10,0,11,98
0x805eb0,98.9918%,11,1080,1091,0,0,11,1080
0xa59331,74.4186%,11,32,43,4,4,7,28
0xa91c50,89.1089%,11,90,101,0,0,11,90
0x63fd7a,98.8554%,11,950,961,0,0,11,950
0x9eb75c,93.4524%,11,157,168,0,1,10,157
0xa5b54e,42.1053%,11,8,19,0,0,11,8
0x9a82a7,21.4286%,11,3,14,3,11,0,0
0x833d27,90.5172%,11,105,116,0,4,7,105
0x7e11a2,59.2593%,11,16,27,7,3,8,9
0x814644,97.4359%,11,418,429,418,11,0,0
0x8a7661,95.7198%,11,246,257,246,11,0,0
0x8ae8f0,92.8105%,11,142,153,138,8,3,4
0x8ae971,89.3204%,11,92,103,92,6,5,0
0x4ac8aa,26.6667%,11,4,15,0,0,11,4
0x8aed94,94.7368%,11,198,209,0,11,0,198
0xa03983,85.5263%,11,65,76,65,11,0,0
0x60b9db,87.0588%,11,74,85,18,2,9,56
0x814e0d,80.3571%,11,45,56,41,0,11,4
0xa2dc7f,82.8125%,11,53,64,20,8,3,33
0xa52a3e,88.4211%,11,84,95,0,0,11,84
0xa44a14,97.9167%,11,517,528,517,11,0,0
0x9ef2b8,92.1986%,11,130,141,0,0,11,130
0x49ffea,73.8095%,11,31,42,31,11,0,0
0xa91892,35.2941%,11,6,17,6,11,0,0
0x9e73ba,97.25%,11,389,400,0,0,11,389
0x7d2b6c,15.3846%,11,2,13,0,0,11,2
0x50a3b4,91.9118%,11,125,136,0,0,11,125
0xa39f38,73.1707%,11,30,41,4,7,4,26
0x5c6b1d,99.6934%,11,3577,3588,0,11,0,3577
0xa1b560,56%,11,14,25,3,5,6,11
0x5b15c2,60.7143%,11,17,28,17,0,11,0
0x508d6e,47.619%,11,10,21,10,11,0,0
0xa393b9,98.7872%,11,896,907,0,0,11,896
0x9a944a,45%,11,9,20,7,11,0,2
0x40e3cb,98.2484%,11,617,628,617,5,6,0
0x81951a,93.125%,11,149,160,75,5,6,74
0xa4583b,95.7198%,11,246,257,246,11,0,0
0x9a7b9b,96.2457%,11,282,293,0,0,11,282
0x48d988,98.7557%,11,873,884,0,0,11,873
0x54d11f,35.2941%,11,6,17,6,11,0,0
0x488e5c,92.9487%,11,145,156,0,0,11,145
0x9a7364,65.625%,11,21,32,7,11,0,14
0x9a738b,38.8889%,11,7,18,3,7,4,4
0x7c20ae,21.4286%,11,3,14,2,0,11,1
0x9a8fc4,21.4286%,11,3,14,0,0,11,3
0x491500,93.0818%,11,148,159,0,0,11,148
0x61031a,66.6667%,11,22,33,0,0,11,22
0x5bb1cf,42.1053%,11,8,19,6,10,1,2
0x8127ad,78.8462%,11,41,52,38,8,3,3
0x9ab90d,95.2381%,11,220,231,0,0,11,220
0x5127da,96.9359%,11,348,359,1,0,11,347
0x53b0a9,99.8621%,11,7964,7975,0,0,11,7964
0x812775,78.8462%,11,41,52,0,0,11,41
0x973a94,71.0526%,11,27,38,0,0,11,27
0xa238a7,83.0769%,11,54,65,0,3,8,54
0xa02308,99.5814%,11,2617,2628,0,0,11,2617
0xa05898,57.6923%,11,15,26,13,8,3,2
0x606bd1,8.33333%,11,1,12,1,11,0,0
0x49de37,88.7755%,11,87,98,26,2,9,61
0x60dc2a,81.6667%,11,49,60,28,10,1,21
0xa544a9,90.1786%,11,101,112,0,0,11,101
0x9e2701,94.7619%,11,199,210,141,11,0,58
0x9ff6f2,50%,11,11,22,0,0,11,11
0xa476e5,73.8095%,11,31,42,31,11,0,0
0x817cac,96.7552%,11,328,339,0,0,11,328
0xa4d3bd,83.5821%,11,56,67,56,11,0,0
0x5ffe39,91.4729%,11,118,129,118,11,0,0
0xa505de,85.3333%,11,64,75,0,9,2,64
0x4a9894,67.6471%,11,23,34,6,9,2,17
0xa505da,71.0526%,11,27,38,26,9,2,1
0x94cece,76.5957%,11,36,47,36,11,0,0
0x8d2665,99.8681%,11,8328,8339,0,0,11,8328
0xa4d2ef,91.2%,11,114,125,81,8,3,33
0xa516d4,91.791%,11,123,134,123,11,0,0
0xa52326,88.6598%,11,86,97,2,0,11,84
0xa521db,85.7143%,11,66,77,66,10,1,0
0x5c4f9c,93.3735%,11,155,166,0,0,11,155
0x7b30bb,69.4444%,11,25,36,0,0,11,25
0xaada98,96.1806%,11,277,288,0,0,11,277
0x9b8f95,86.747%,11,72,83,0,0,11,72
0x50894a,73.1707%,11,30,41,0,0,11,30
0x54ffa4,97.6645%,11,460,471,460,11,0,0
0x81b54e,96.53%,11,306,317,0,0,11,306
0xa45a0a,78.4314%,11,40,51,40,11,0,0
0x81a870,98.5545%,11,750,761,0,0,11,750
0x9fafc1,97.1867%,11,380,391,0,0,11,380
0xa394eb,98.4807%,11,713,724,0,0,11,713
0x81fbb8,96.5944%,11,312,323,0,0,11,312
0x40e1e4,85.1351%,11,63,74,0,2,9,63
0x819e03,31.25%,11,5,16,0,0,11,5
0xb2ada4,98.9403%,11,1027,1038,1027,11,0,0
0x91776c,94.1489%,11,177,188,0,0,11,177
0x8dd1a2,96.4856%,11,302,313,302,11,0,0
0xa4a205,81.6667%,11,49,60,4,0,11,45
0x403a54,70.2703%,11,26,37,13,2,9,13
0xa2ecac,50%,11,11,22,0,0,11,11
0x901b80,95.6%,11,239,250,0,0,11,239
0x5411f6,99.6961%,11,3609,3620,0,0,11,3609
0x40db82,99.8682%,11,8332,8343,0,0,11,8332
0x5021d3,91.6031%,11,120,131,0,0,11,120
0xaade78,99.8443%,11,7054,7065,7054,11,0,0
0x9fb0f5,91.129%,11,113,124,113,11,0,0
0x9fb12d,91.129%,11,113,124,0,0,11,113
0x4899bc,97.3171%,11,399,410,399,11,0,0
0x781211,98.8285%,11,928,939,928,11,0,0
0x4a9d98,52.1739%,11,12,23,3,4,7,9
0x9eccec,90.8333%,11,109,120,6,4,7,103
0x64dfdb,80%,11,44,55,44,5,6,0
0x9e7fb5,92.1986%,11,130,141,1,10,1,129
0x4991ca,64.5161%,11,20,31,4,10,1,16
0x41018e,99.8048%,11,5625,5636,0,0,11,5625
0x679c5d,97.2152%,11,384,395,39,5,6,345
0x610b6d,96.793%,11,332,343,0,0,11,332
0x63d0ce,94.5%,11,189,200,189,11,0,0
0x8efd7d,0%,11,0,11,0,0,11,0
0x60e54d,86.4198%,11,70,81,0,0,11,70
0x81b72a,42.1053%,11,8,19,8,11,0,0
0x7f0cb9,85.3333%,11,64,75,43,7,4,21
0x6964c1,80.3571%,11,45,56,0,0,11,45
0x4b5fea,90%,11,99,110,0,0,11,99
0x9443f6,85.5263%,11,65,76,48,10,1,17
0x538d61,91.6667%,11,121,132,0,0,11,121
0x9e5fb6,38.8889%,11,7,18,7,11,0,0
0xa31112,71.0526%,11,27,38,0,0,11,27
0x63ece3,98.4952%,11,720,731,0,0,11,720
0x4b4f7d,84.507%,11,60,71,0,0,11,60
0x7f036c,42.1053%,11,8,19,8,11,0,0
0x5f13e8,72.5%,11,29,40,0,0,11,29
0x8c7290,89.7196%,11,96,107,96,11,0,0
0x9fc668,21.4286%,11,3,14,3,11,0,0
0x8a8c70,98.1197%,11,574,585,42,3,8,532
0x9e4904,38.8889%,11,7,18,7,11,0,0
0x555d6d,98.9268%,11,1014,1025,0,0,11,1014
0x96a67e,83.0769%,11,54,65,54,11,0,0
0xa2ed4e,83.8235%,11,57,68,37,2,9,20
0x4bf831,89.4231%,11,93,104,93,11,0,0
0x54da74,71.7949%,11,28,39,28,11,0,0
0x94e140,97.3236%,11,400,411,400,11,0,0
0x674fe0,65.625%,11,21,32,0,0,11,21
0x55598e,89%,11,89,100,87,9,2,2
0x4be404,65.625%,11,21,32,21,7,4,0
0x4bb7be,45%,11,9,20,6,4,7,3
0xa31145,71.0526%,11,27,38,12,8,3,15
0x810684,67.6471%,11,23,34,23,11,0,0
0x402256,99.3567%,11,1699,1710,0,0,11,1699
0x5cb087,98.7585%,11,875,886,0,0,11,875
0x8ff1cc,93.5294%,11,159,170,78,0,11,81
0xaab79b,88.8889%,11,88,99,88,11,0,0
0x5fa7bc,92.029%,11,127,138,66,3,8,61
0x837655,79.2453%,11,42,53,0,0,11,42
0x490bb1,73.1707%,11,30,41,0,0,11,30
0x4bbbb8,86.4198%,11,70,81,70,11,0,0
0x9693f7,87.2093%,11,75,86,75,11,0,0
0x50b71b,75%,11,33,44,0,2,9,33
0x533aee,72.5%,11,29,40,29,2,9,0
0x5422ac,99.8157%,11,5958,5969,5958,11,0,0
0x4bbf60,80.3571%,11,45,56,45,11,0,0
0x63f320,94.5%,11,189,200,189,9,2,0
0x48eebd,79.6296%,11,43,54,0,0,11,43
0x40d626,99.2912%,11,1541,1552,1541,11,0,0
0x969253,94.5813%,11,192,203,0,4,7,192
0x5af002,98.368%,11,663,674,0,0,11,663
0x4ab1fb,31.25%,11,5,16,0,11,0,5
0x49caf5,94.9074%,11,205,216,205,11,0,0
0x81d0bd,94.1489%,11,177,188,0,6,5,177
0x81edc3,95.5645%,11,237,248,0,0,11,237
0x49c7bf,96.1404%,11,274,285,8,0,11,266
0x8a76ff,96.1672%,11,276,287,55,4,7,221
0x8a9660,88.172%,11,82,93,82,8,3,0
0x54641d,98.6129%,11,782,793,46,11,0,736
0x5fa285,93.6416%,11,162,173,162,11,0,0
0x48f773,31.25%,11,5,16,3,7,4,2
0x546a48,92.4658%,11,135,146,0,0,11,135
0x972672,95.9707%,11,262,273,0,0,11,262
0x9e3fac,87.3563%,11,76,87,0,0,11,76
0x90226b,8.33333%,11,1,12,0,0,11,1
0x7d0f05,69.4444%,11,25,36,25,11,0,0
0x4bc17d,90.1786%,11,101,112,101,11,0,0
0x901713,94.1176%,11,176,187,176,11,0,0
0x64cbb2,98.0462%,11,552,563,552,11,0,0
0x9eb6de,84.7222%,11,61,72,0,0,11,61
0x5af0f8,98.6233%,11,788,799,0,0,11,788
0x9f042b,94.5545%,11,191,202,191,11,0,0
0x4a8dd0,94.8357%,11,202,213,202,6,5,0
0x4b856a,0%,11,0,11,0,11,0,0
0x813e28,95.6349%,11,241,252,241,11,0,0
0x4b868d,0%,11,0,11,0,11,0,0
0x544260,80.7018%,11,46,57,0,0,11,46
0x4b87cf,60.7143%,11,17,28,17,0,11,0
0x9093bc,99.7037%,11,3701,3712,3701,11,0,0
0x5bb898,98.8625%,11,956,967,0,3,8,956
0x80f771,85.1351%,11,63,74,0,0,11,63
0x8ddc0f,90.1786%,11,101,112,0,0,11,101
0x9ebcaf,82.5397%,11,52,63,0,0,11,52
0x4901fa,83.5821%,11,56,67,4,9,2,52
0x8efdac,90.5983%,11,106,117,0,4,7,106
0x639c3e,98.3129%,11,641,652,641,11,0,0
0x9f6271,98.2114%,11,604,615,215,1,10,389
0x507faf,98.5135%,11,729,740,159,7,4,570
0xa5290b,94.1489%,11,177,188,177,11,0,0
0xaa03a8,90.9091%,11,110,121,104,11,0,6
0x804085,95.6522%,11,242,253,0,0,11,242
0x8041e8,50%,11,11,22,7,11,0,4
0x8f2e53,96.7359%,11,326,337,326,11,0,0
0xa3735c,73.8095%,11,31,42,0,10,1,31
0x510251,95.339%,11,225,236,225,11,0,0
0x48a2db,99.4734%,11,2078,2089,0,0,11,2078
0x4c271b,86.9048%,11,73,84,0,0,11,73
0x495d7a,71.0526%,11,27,38,0,0,11,27
0x81ed81,95.5645%,11,237,248,0,0,11,237
0x51091b,98.2567%,11,620,631,0,0,11,620
0x64dfd3,78.4314%,11,40,51,0,0,11,40
0x787e57,83.3333%,11,55,66,55,11,0,0
0xa56f3c,85.1351%,11,63,74,0,2,9,63
0x627e5b,52.1739%,11,12,23,0,0,11,12
0x4414ee,0%,11,0,11,0,0,11,0
0x4c2325,31.25%,11,5,16,5,11,0,0
0x483b57,42.1053%,11,8,19,8,11,0,0
0x9812fe,86.25%,11,69,80,0,0,11,69
0x592c77,42.1053%,11,8,19,0,0,11,8
0x4b6547,77.551%,11,38,49,1,2,9,37
0x7b0a6d,65.625%,11,21,32,2,2,9,19
0x98b3d5,68.5714%,11,24,35,4,7,4,20
0x5b5297,38.8889%,11,7,18,3,10,1,4
0x480089,42.1053%,11,8,19,8,11,0,0
0x9ef230,93.6782%,11,163,174,163,11,0,0
0x9e01b1,60.7143%,11,17,28,0,0,11,17
0x984238,56%,11,14,25,0,0,11,14
0x4c1b21,81.3559%,11,48,59,47,11,0,1
0x5b9b08,83.0769%,11,54,65,0,0,11,54
0xa6c656,86.747%,11,72,83,2,10,1,70
0x95b406,0%,11,0,11,0,11,0,0
0x5ec590,72.5%,11,29,40,21,11,0,8
0x944c09,81.0345%,11,47,58,0,9,2,47
0x9814ab,76.5957%,11,36,47,24,5,6,12
0xaa342d,79.6296%,11,43,54,43,0,11,0
0x5b0463,77.551%,11,38,49,0,0,11,38
0x980d78,76.5957%,11,36,47,26,10,1,10
0x480f2d,42.1053%,11,8,19,8,11,0,0
0x4c05ca,64.5161%,11,20,31,20,11,0,0
0x991bba,94.5813%,11,192,203,192,11,0,0
0x5f8cdc,75%,11,33,44,0,0,11,33
0xa530ed,94.2708%,11,181,192,0,0,11,181
0x481b8c,42.1053%,11,8,19,0,0,11,8
0xa55e95,50%,11,11,22,0,0,11,11
0x4045e7,95.0893%,11,213,224,0,7,4,213
0x402e70,89.9083%,11,98,109,75,0,11,23
0x8337c9,15.3846%,11,2,13,1,10,1,1
0x8886e9,50%,11,11,22,0,0,11,11
0x9e79f3,92.1986%,11,130,141,130,11,0,0
0x787f44,78%,11,39,50,39,11,0,0
0x48b173,87.2093%,11,75,86,38,5,6,37
0x9429a0,95.1965%,11,218,229,152,2,9,66
0x5b0e9a,80%,11,44,55,44,11,0,0
0x808a5f,71.7949%,11,28,39,28,2,9,0
0x59c4f3,52.1739%,11,12,23,12,0,11,0
0x64f2ae,50%,11,11,22,9,11,0,2
0x7c7527,31.25%,11,5,16,0,8,3,5
0x4b7185,0%,11,0,11,0,9,2,0
0x488e69,92.9487%,11,145,156,145,7,4,0
0x488ece,97.1649%,11,377,388,0,0,11,377
0x80f945,70.2703%,11,26,37,0,0,11,26
0x9a0c2c,60.7143%,11,17,28,0,0,11,17
0x4bf6a7,86.747%,11,72,83,0,0,11,72
0x805720,89.6226%,11,95,106,95,9,2,0
0x9e2e70,15.3846%,11,2,13,0,0,11,2
0x8f0c9a,45%,11,9,20,6,8,3,3
0x512b03,98.5014%,11,723,734,723,11,0,0
0x95adb6,26.6667%,11,4,15,0,11,0,4
0x8e0452,99.0351%,11,1129,1140,563,7,4,566
0x63ac9c,95.4357%,11,230,241,0,0,11,230
0x5b2909,76.5957%,11,36,47,36,3,8,0
0x984104,85.1351%,11,63,74,0,10,1,63
0x8eda76,91.2698%,11,115,126,115,11,0,0
0x80bf57,31.25%,11,5,16,5,11,0,0
0x40b46e,94.3005%,11,182,193,182,9,2,0
0x4c8034,84.058%,11,58,69,0,0,11,58
0x901276,72.5%,11,29,40,29,11,0,0
0x5b187a,21.4286%,11,3,14,3,11,0,0
0x8d3cc0,97.6744%,11,462,473,0,0,11,462
0xa5cfc7,90.4348%,11,104,115,7,0,11,97
0xa30c3c,94.359%,11,184,195,32,6,5,152
0x9064d5,90%,11,99,110,99,11,0,0
0x5b4129,64.5161%,11,20,31,9,2,9,11
0x591fd3,88.5417%,11,85,96,85,11,0,0
0x94eaeb,81.6667%,11,49,60,27,3,8,22
0x9116e1,93.5673%,11,160,171,0,0,11,160
0x542754,94.3005%,11,182,193,0,0,11,182
0x652028,71.7949%,11,28,39,0,0,11,28
0x595df9,94.7619%,11,199,210,0,0,11,199
0x5904ec,99.2318%,11,1421,1432,0,0,11,1421
0xacfac0,95.339%,11,225,236,0,6,5,225
0x4096f6,83.0769%,11,54,65,0,2,9,54
0x55471d,82.8125%,11,53,64,53,11,0,0
0x95b041,76.087%,11,35,46,0,0,11,35
0x485c55,84.9315%,11,62,73,62,11,0,0
0x4bc1fc,90.1786%,11,101,112,55,1,10,46
0x643b61,94.3005%,11,182,193,4,3,8,178
0x4bc101,26.6667%,11,4,15,0,0,11,4
0x9e5f0b,38.8889%,11,7,18,7,11,0,0
0xa571c4,21.4286%,11,3,14,0,0,11,3
0x557638,59.2593%,11,16,27,0,0,11,16
0x9be6f3,54.1667%,11,13,24,13,11,0,0
0x9be654,54.1667%,11,13,24,13,11,0,0
0x8ef063,86.9048%,11,73,84,0,0,11,73
0x50bf4e,90%,11,99,110,99,11,0,0
0x8a75e0,95.7364%,11,247,258,111,0,11,136
0x50776c,38.8889%,11,7,18,3,5,6,4
0x94a25e,87.2093%,11,75,86,7,8,3,68
0x80fb55,98.5215%,11,733,744,492,8,3,241
0x977d94,95.6%,11,239,250,110,9,2,129
0x9bdd1d,31.25%,11,5,16,5,11,0,0
0x5b16dd,97.8846%,11,509,520,0,0,11,509
0x5b15ae,97.8431%,11,499,510,473,9,2,26
0x540854,8.33333%,11,1,12,1,11,0,0
0x4c2f73,15.3846%,11,2,13,0,0,11,2
0x9e52de,8.33333%,11,1,12,1,11,0,0
0x67af4b,99.601%,11,2746,2757,2746,11,0,0
0x4903c6,38.8889%,11,7,18,4,11,0,3
0x8e5766,77.0833%,11,37,48,11,5,6,26
0x4b56ee,88.8889%,11,88,99,88,9,2,0
0x4c3826,15.3846%,11,2,13,0,0,11,2
0x677504,95.7692%,11,249,260,0,9,2,249
0x80ebdf,97.0109%,11,357,368,0,0,11,357
0x5f94c4,56%,11,14,25,5,4,7,9
0x5f79f6,94.686%,11,196,207,0,0,11,196
0xa578cc,57.6923%,11,15,26,13,2,9,2
0x4038cc,97.1795%,11,379,390,3,1,10,376
0x5086a6,82.8125%,11,53,64,24,2,9,29
0xb0a11b,94.7619%,11,199,210,0,0,11,199
0x837a2a,45%,11,9,20,4,0,11,5
0x838fd8,45%,11,9,20,2,8,3,7
0x4c92e2,31.25%,11,5,16,0,0,11,5
0x48e455,92.7152%,11,140,151,140,11,0,0
0x65c342,83.0769%,11,54,65,0,0,11,54
0x78105f,81.6667%,11,49,60,44,9,2,5
0x81cfc4,93.956%,11,171,182,0,0,11,171
0x558ff4,97.0976%,11,368,379,368,11,0,0
0x4b9675,15.3846%,11,2,13,0,11,0,2
0x9432fe,85.3333%,11,64,75,0,0,11,64
0x90ac80,89%,11,89,100,0,0,11,89
0x50f0f0,87.5%,11,77,88,77,11,0,0
0x9a3a47,15.3846%,11,2,13,0,0,11,2
0x58dc18,92.7152%,11,140,151,0,0,11,140
0x814378,99.7347%,11,4136,4147,0,0,11,4136
0x9e1a19,76.087%,11,35,46,0,0,11,35
0x806914,8.33333%,11,1,12,0,0,11,1
0x405ea1,73.8095%,11,31,42,26,4,7,5
0xaa03ef,71.0526%,11,27,38,0,0,11,27
0xa58add,89.9083%,11,98,109,7,6,5,91
0x9e8698,86.0759%,11,68,79,68,11,0,0
0x8c85c7,99.0833%,11,1189,1200,37,3,8,1152
0x5e7889,84.9315%,11,62,73,0,0,11,62
0xa56481,97.3747%,11,408,419,408,11,0,0
0x49195b,84.7222%,11,61,72,0,0,11,61
0x7d2d99,96.8839%,11,342,353,333,0,11,9
0x8e12ee,99.5424%,11,2393,2404,1588,10,1,805
0x50f25b,71.0526%,11,27,38,2,2,9,25
0x7d43f0,83.5821%,11,56,67,55,10,1,1
0x9ee34f,90%,11,99,110,0,0,11,99
0xa96a2d,72.5%,11,29,40,2,1,10,27
0x54538d,92.8571%,11,143,154,143,7,4,0
0x8a6984,8.33333%,11,1,12,0,11,0,1
0x9bd289,83.5821%,11,56,67,56,11,0,0
0x8da4cf,98.9504%,11,1037,1048,0,0,11,1037
0x48e588,77.0833%,11,37,48,1,0,11,36
0x94a0c6,94.686%,11,196,207,196,11,0,0
0x7d29a4,88.2979%,11,83,94,68,2,9,15
0xb0d439,93.5294%,11,159,170,74,11,0,85
0xb2eb37,99.8568%,11,7670,7681,7670,11,0,0
0x4a5e08,83.0769%,11,54,65,0,0,11,54
0x51b361,97.4057%,11,413,424,0,0,11,413
0x5037b2,96.3576%,11,291,302,0,0,11,291
0x8a9ed8,97.6395%,11,455,466,0,0,11,455
0x6808ce,98.7952%,11,902,913,902,11,0,0
0xa99c45,26.6667%,11,4,15,0,11,0,4
0x5af345,82.2581%,11,51,62,25,1,10,26
0x901b88,95.6%,11,239,250,0,0,11,239
0x58da4e,94.7368%,11,198,209,0,0,11,198
0x944ad9,95.045%,11,211,222,211,11,0,0
0x8380c7,93.75%,11,165,176,0,0,11,165
0xaa5d68,94.8357%,11,202,213,0,0,11,202
0x4c5ed4,74.4186%,11,32,43,30,11,0,2
0x65a207,95.5645%,11,237,248,237,11,0,0
0x8ee3c3,75.5556%,11,34,45,34,11,0,0
0x48f877,76.5957%,11,36,47,26,5,6,10
0x9ea9c4,42.1053%,11,8,19,0,2,9,8
0x8e9612,99.1028%,11,1215,1226,1215,9,2,0
0x5f287a,64.5161%,11,20,31,18,8,3,2
0x50a6e3,91.9118%,11,125,136,44,2,9,81
0x4b56c8,89.2157%,11,91,102,0,0,11,91
0x9487cc,71.7949%,11,28,39,0,0,11,28
0x542590,81.9672%,11,50,61,50,11,0,0
0xa92557,97.6842%,11,464,475,208,10,1,256
0x40aadf,84.058%,11,58,69,0,0,11,58
0x9ebfd4,45%,11,9,20,3,7,4,6
0x8dce90,93.7143%,11,164,175,164,11,0,0
0x9f6a00,45%,11,9,20,0,0,11,9
0x6514f9,86.5854%,11,71,82,0,0,11,71
0x5352f4,65.625%,11,21,32,21,11,0,0
0x590e57,38.8889%,11,7,18,0,0,11,7
0xa5c896,38.8889%,11,7,18,5,11,0,2
0x503dd7,78.8462%,11,41,52,41,11,0,0
0xa56f5f,84.7222%,11,61,72,0,7,4,61
0x90e6c3,98.7925%,11,900,911,900,11,0,0
0x9a1be5,94.5813%,11,192,203,0,0,11,192
0x809156,97.8558%,11,502,513,0,0,11,502
0x8f2a6f,75%,10,30,40,0,0,10,30
0x8f2e47,97.0326%,10,327,337,0,0,10,327
0xa33eac,80.7692%,10,42,52,42,10,0,0
0x539249,98.0237%,10,496,506,494,10,0,2
0x8e0e9f,96.8847%,10,311,321,311,10,0,0
0x9a1215,87.6543%,10,71,81,0,10,0,71
0x9a1c3a,78.7234%,10,37,47,16,10,0,21
0x8a75fb,98.8649%,10,871,881,0,1,9,871
0xb30d41,99.4658%,10,1862,1872,0,0,10,1862
0xb32785,99.8448%,10,6432,6442,3,6,4,6429
0x60b5e4,95.9184%,10,235,245,0,0,10,235
0x5337cc,60%,10,15,25,15,3,7,0
0xa53106,50%,10,10,20,9,9,1,1
0x808787,62.963%,10,17,27,17,10,0,0
0x9497d8,87.3418%,10,69,79,69,10,0,0
0x9f23c7,87.6543%,10,71,81,71,8,2,0
0x7c71c1,76.1905%,10,32,42,32,5,5,0
0x64cd75,97.7221%,10,429,439,429,10,0,0
0x58d166,86.1111%,10,62,72,60,10,0,2
0x9a2305,33.3333%,10,5,15,0,0,10,5
0x48eb55,87.9518%,10,73,83,0,0,10,73
0xa25cbf,98.8532%,10,862,872,862,10,0,0
0x95aeaa,56.5217%,10,13,23,0,0,10,13
0x90a5f8,77.2727%,10,34,44,0,0,10,34
0x983f71,87.8049%,10,72,82,56,10,0,16
0x4039b8,44.4444%,10,8,18,3,3,7,5
0x492a4c,93.9394%,10,155,165,155,10,0,0
0x8fddbd,98.6702%,10,742,752,0,0,10,742
0x5b18b8,28.5714%,10,4,14,4,10,0,0
0x97ba82,91.2281%,10,104,114,100,2,8,4
0x8e5a2d,95.1923%,10,198,208,198,10,0,0
0x53b8ad,93.007%,10,133,143,132,0,10,1
0x5b1c97,78.7234%,10,37,47,26,10,0,11
0xa2aab5,91.1504%,10,103,113,0,0,10,103
0x8f6ce0,77.7778%,10,35,45,0,0,10,35
0x917778,94.6809%,10,178,188,0,0,10,178
0x58d8f0,95.2153%,10,199,209,0,0,10,199
0x5b15ed,0%,10,0,10,0,10,0,0
0x8df02b,37.5%,10,6,16,0,0,10,6
0x47fe0f,47.3684%,10,9,19,9,10,0,0
0xa30c81,47.3684%,10,9,19,0,0,10,9
0x6661dc,79.1667%,10,38,48,38,10,0,0
0x63f45e,99.2748%,10,1369,1379,0,0,10,1369
0x5f129e,84.375%,10,54,64,28,2,8,26
0x8ee103,94.6524%,10,177,187,175,4,6,2
0x6402dd,99.6451%,10,2808,2818,0,0,10,2808
0x8ad5cf,92.7536%,10,128,138,128,10,0,0
0x803807,97.4619%,10,384,394,0,0,10,384
0xa276c0,98.6842%,10,750,760,750,10,0,0
0x402024,98.8399%,10,852,862,5,6,4,847
0x8e7ec7,96.9789%,10,321,331,321,10,0,0
0x98cb43,95.2381%,10,200,210,200,10,0,0
0x48ddd4,94.9495%,10,188,198,188,10,0,0
0x99e99b,81.8182%,10,45,55,0,0,10,45
0x591492,61.5385%,10,16,26,16,10,0,0
0x606b04,95.5556%,10,215,225,215,10,0,0
0x833a3f,95.4128%,10,208,218,0,0,10,208
0x980e44,86.4865%,10,64,74,64,10,0,0
0xaa0700,90%,10,90,100,0,3,7,90
0x4a0453,83.3333%,10,50,60,41,3,7,9
0x99df3b,64.2857%,10,18,28,18,10,0,0
0x5fc84f,78.7234%,10,37,47,37,8,2,0
0x64795d,84.375%,10,54,64,54,10,0,0
0x8d3a55,0%,10,0,10,0,10,0,0
0x5f6c73,64.2857%,10,18,28,10,8,2,8
0x94ce82,78.7234%,10,37,47,37,10,0,0
0xa9a2ae,33.3333%,10,5,15,0,10,0,5
0x8f1c56,79.1667%,10,38,48,32,8,2,6
0x4a82b6,89.1304%,10,82,92,0,0,10,82
0xa52125,87.013%,10,67,77,67,10,0,0
0xa52d51,97.2452%,10,353,363,0,4,6,353
0x4a1316,97.8587%,10,457,467,457,10,0,0
0x540d4b,97.1429%,10,340,350,0,0,10,340
0x8dbb2f,96.8254%,10,305,315,0,0,10,305
0xa5b05a,33.3333%,10,5,15,5,10,0,0
0x98b5d8,93.7888%,10,151,161,151,10,0,0
0x8f1ff3,74.359%,10,29,39,29,10,0,0
0x54d9a7,74.359%,10,29,39,29,10,0,0
0x94d8cd,98.6755%,10,745,755,745,10,0,0
0x485f0e,41.1765%,10,7,17,0,0,10,7
0x402ff7,84.6154%,10,55,65,0,0,10,55
0x590ead,56.5217%,10,13,23,4,1,9,9
0x94da41,98.2964%,10,577,587,0,0,10,577
0x648756,82.1429%,10,46,56,46,10,0,0
0xa345d9,92.3664%,10,121,131,0,0,10,121
0xa265f4,99.0128%,10,1003,1013,0,0,10,1003
0x837ecf,90.3846%,10,94,104,93,9,1,1
0x9a18ae,95.0739%,10,193,203,0,0,10,193
0xa05c47,65.5172%,10,19,29,0,8,2,19
0x90d052,93.865%,10,153,163,153,10,0,0
0x94dd23,98.2964%,10,577,587,0,0,10,577
0x48d089,64.2857%,10,18,28,18,8,2,0
0xa4ecb8,92.7536%,10,128,138,128,10,0,0
0xa9c671,78.2609%,10,36,46,7,3,7,29
0x99c8c0,97.9798%,10,485,495,485,10,0,0
0x53b287,99.5898%,10,2428,2438,0,0,10,2428
0xaadbae,96.9231%,10,315,325,0,0,10,315
0xa5050a,96.1089%,10,247,257,0,0,10,247
0x811c9c,81.8182%,10,45,55,15,5,5,30
0x609e72,98.3687%,10,603,613,603,10,0,0
0x99be52,95.0739%,10,193,203,27,3,7,166
0x609da7,97.1671%,10,343,353,151,8,2,192
0x5b15a1,98.0769%,10,510,520,10,0,10,500
0x607056,50%,10,10,20,0,0,10,10
0x6f09e1,37.5%,10,6,16,0,0,10,6
0x9f4396,90.099%,10,91,101,0,0,10,91
0x98c71d,72.2222%,10,26,36,0,0,10,26
0xa39cf7,98.6702%,10,742,752,742,10,0,0
0x97a01b,80.3922%,10,41,51,0,0,10,41
0x9f5caf,64.2857%,10,18,28,1,8,2,17
0xb0b1d6,97.5369%,10,396,406,396,10,0,0
0x8191c5,97.9839%,10,486,496,176,9,1,310
0x8379ce,86.8421%,10,66,76,28,0,10,38
0xa022c7,99.1266%,10,1135,1145,0,0,10,1135
0x9a0c75,64.2857%,10,18,28,0,0,10,18
0x8a71e0,99.068%,10,1063,1073,0,0,10,1063
0x9d1e22,60%,10,15,25,0,5,5,15
0x550db0,58.3333%,10,14,24,0,0,10,14
0x5b305e,77.7778%,10,35,45,35,10,0,0
0x4c13fe,58.3333%,10,14,24,9,8,2,5
0x96a667,86.1111%,10,62,72,0,7,3,62
0xa54278,96.0474%,10,243,253,3,7,3,240
0x81e0ed,95.3488%,10,205,215,205,10,0,0
0x5b2b0d,77.7778%,10,35,45,0,0,10,35
0x99e309,23.0769%,10,3,13,3,10,0,0
0x838887,87.5%,10,70,80,70,5,5,0
0x9e81f3,58.3333%,10,14,24,14,10,0,0
0xaa25d0,54.5455%,10,12,22,0,0,10,12
0xa4d895,73.6842%,10,28,38,28,10,0,0
0xa4df0b,50%,10,10,20,10,10,0,0
0xa96f3d,47.3684%,10,9,19,6,0,10,3
0x402af9,92.4812%,10,123,133,0,0,10,123
0x9f09e9,92.8571%,10,130,140,0,0,10,130
0x5c6ac1,99.753%,10,4039,4049,0,0,10,4039
0x809fdc,96.9419%,10,317,327,317,10,0,0
0x495fd1,80%,10,40,50,18,10,0,22
0x54f55d,99.6718%,10,3037,3047,3037,10,0,0
0x9a0f5d,52.381%,10,11,21,11,10,0,0
0x8ab5a7,98.767%,10,801,811,268,5,5,533
0x8e1f94,95.3271%,10,204,214,204,10,0,0
0x98b3e4,81.1321%,10,43,53,0,0,10,43
0xa4f72d,73.6842%,10,28,38,28,10,0,0
0x4bddfd,28.5714%,10,4,14,0,0,10,4
0x609c6f,98.4985%,10,656,666,0,0,10,656
0x485e0e,97.8166%,10,448,458,0,0,10,448
0xa60b86,91.3793%,10,106,116,106,10,0,0
0x99b164,75%,10,30,40,30,10,0,0
0x94accc,82.1429%,10,46,56,46,10,0,0
0x8eb55e,72.973%,10,27,37,27,10,0,0
0x5d892b,66.6667%,10,20,30,20,10,0,0
0x8f5481,16.6667%,10,2,12,0,0,10,2
0xa28553,93.75%,10,150,160,1,7,3,149
0x7d336c,84.127%,10,53,63,46,5,5,7
0xb245d4,99.916%,10,11889,11899,0,0,10,11889
0x550fc2,52.381%,10,11,21,7,7,3,4
0xaa262c,9.09091%,10,1,11,0,0,10,1
0x946f47,47.3684%,10,9,19,0,0,10,9
0x609bbc,96.0317%,10,242,252,0,0,10,242
0xa02511,99.4328%,10,1753,1763,1753,10,0,0
0x40ab39,41.1765%,10,7,17,1,10,0,6
0x5bc583,91.5966%,10,109,119,0,0,10,109
0x5426a7,99.9022%,10,10219,10229,10219,10,0,0
0x8f6912,98.4962%,10,655,665,0,0,10,655
0x50aa0c,90.991%,10,101,111,0,0,10,101
0x50a844,90.099%,10,91,101,0,1,9,91
0xa39ba3,98.3553%,10,598,608,0,0,10,598
0x501ae3,98.7406%,10,784,794,0,0,10,784
0xa5b005,33.3333%,10,5,15,2,10,0,3
0x53fede,97.6744%,10,420,430,0,4,6,420
0x494889,91.7355%,10,111,121,111,10,0,0
0x49f9e2,93.6306%,10,147,157,147,10,0,0
0x4c72c9,44.4444%,10,8,18,0,0,10,8
0x9f55c7,84.8485%,10,56,66,56,10,0,0
0x5d0948,44.4444%,10,8,18,8,10,0,0
0x543740,70.5882%,10,24,34,0,0,10,24
0x9e7a23,93.1034%,10,135,145,2,2,8,133
0xa918f4,41.1765%,10,7,17,0,0,10,7
0x50e4b3,64.2857%,10,18,28,5,5,5,13
0x5f917c,78.2609%,10,36,46,34,3,7,2
0xa51978,41.1765%,10,7,17,7,2,8,0
0x627d8d,56.5217%,10,13,23,0,0,10,13
0x50b102,77.2727%,10,34,44,0,4,6,34
0x7f0ccb,60%,10,15,25,15,10,0,0
0x7d1e3b,85.0746%,10,57,67,0,2,8,57
0x507f55,98.6486%,10,730,740,0,0,10,730
0x5d453a,44.4444%,10,8,18,8,6,4,0
0x4a1b49,56.5217%,10,13,23,0,0,10,13
0x49eed9,82.1429%,10,46,56,0,0,10,46
0x49de5a,89.7959%,10,88,98,0,0,10,88
0x511161,98.5714%,10,690,700,690,10,0,0
0x4b940e,16.6667%,10,2,12,0,10,0,2
0x481ea5,73.6842%,10,28,38,28,10,0,0
0x9725db,0%,10,0,10,0,0,10,0
0x48de73,91.0714%,10,102,112,0,0,10,102
0x8d42cd,16.6667%,10,2,12,0,0,10,2
0x58f8c7,82.7586%,10,48,58,0,0,10,48
0x88ea78,74.359%,10,29,39,0,0,10,29
0x9a803c,67.7419%,10,21,31,0,0,10,21
0x970ee4,99.3271%,10,1476,1486,0,0,10,1476
0xb30b89,97.006%,10,324,334,0,0,10,324
0x9a7327,64.2857%,10,18,28,9,1,9,9
0x48dfba,75.6098%,10,31,41,9,5,5,22
0xa5432f,47.3684%,10,9,19,0,0,10,9
0x547ae6,9.09091%,10,1,11,0,0,10,1
0x99dde4,33.3333%,10,5,15,5,10,0,0
0x668117,95.8333%,10,230,240,230,10,0,0
0xa976e5,50%,10,10,20,7,3,7,3
0x9f6a69,72.2222%,10,26,36,26,10,0,0
0x5fd6f2,96.6216%,10,286,296,286,10,0,0
0x5f8d0f,84.375%,10,54,64,33,0,10,21
0x50fd6f,97.8903%,10,464,474,464,10,0,0
0x9a9723,50%,10,10,20,0,10,0,10
0x9a9841,0%,10,0,10,0,10,0,0
0xb0c524,93.1973%,10,137,147,0,0,10,137
0xb22bf3,99.4647%,10,1858,1868,1858,10,0,0
0x8fcbc7,99.2576%,10,1337,1347,1,1,9,1336
0x509b03,98.0769%,10,510,520,0,0,10,510
0x8a6459,90.4762%,10,95,105,1,2,8,94
0x8f6c2f,95.5357%,10,214,224,0,0,10,214
0x5d254e,99.1968%,10,1235,1245,1235,10,0,0
0x507105,98.2578%,10,564,574,564,10,0,0
0x508f68,98.6486%,10,730,740,0,0,10,730
0x780608,96.9325%,10,316,326,0,2,8,316
0xa9018d,84.127%,10,53,63,0,0,10,53
0x9a6851,93.1973%,10,137,147,0,0,10,137
0x53f5f9,99.5325%,10,2129,2139,0,0,10,2129
0x48de3c,93.3775%,10,141,151,0,0,10,141
0xa8a892,68.75%,10,22,32,18,10,0,4
0x9ef29b,69.697%,10,23,33,23,10,0,0
0x48db8c,96.9605%,10,319,329,0,0,10,319
0x551059,52.381%,10,11,21,0,0,10,11
0x9ef396,54.5455%,10,12,22,12,1,9,0
0xa302cb,94.8718%,10,185,195,0,0,10,185
0x9ef216,94.2529%,10,164,174,164,10,0,0
0x543996,23.0769%,10,3,13,0,0,10,3
0x60a8ec,98.7342%,10,780,790,0,0,10,780
0xa43953,95.0249%,10,191,201,0,0,10,191
0x8e534b,68.75%,10,22,32,6,10,0,16
0x94a073,95.5157%,10,213,223,213,10,0,0
0x94ed0f,88.8889%,10,80,90,26,4,6,54
0x8f09bf,91.453%,10,107,117,0,4,6,107
0x5ea9bd,95.4545%,10,210,220,0,0,10,210
0xa4d309,72.2222%,10,26,36,26,10,0,0
0x9d1130,96.0159%,10,241,251,0,7,3,241
0x9d200c,90.099%,10,91,101,91,10,0,0
0x53b0fd,99.8062%,10,5149,5159,0,0,10,5149
0x9f738c,28.5714%,10,4,14,4,10,0,0
0x505fee,66.6667%,10,20,30,20,10,0,0
0xa63b43,92%,10,115,125,0,0,10,115
0x48740e,92.7536%,10,128,138,0,0,10,128
0xa97895,0%,10,0,10,0,10,0,0
0x58c551,70.5882%,10,24,34,13,9,1,11
0x5352c6,68.75%,10,22,32,0,0,10,22
0x9799c5,72.2222%,10,26,36,26,10,0,0
0x508771,9.09091%,10,1,11,1,10,0,0
0x4a5b52,81.8182%,10,45,55,45,10,0,0
0x9799d9,72.2222%,10,26,36,18,10,0,8
0x40a904,88.764%,10,79,89,0,0,10,79
0xa31c7e,67.7419%,10,21,31,21,10,0,0
0x8aebf3,94.9495%,10,188,198,0,0,10,188
0x4b66db,64.2857%,10,18,28,4,4,6,14
0x502080,81.8182%,10,45,55,17,7,3,28
0x8aabc9,93.5065%,10,144,154,0,0,10,144
0x508fb0,73.6842%,10,28,38,0,0,10,28
0x90ecb9,98.9637%,10,955,965,0,4,6,955
0xa583c0,91.8699%,10,113,123,0,0,10,113
0x535870,67.7419%,10,21,31,5,2,8,16
0xa368d9,97.6852%,10,422,432,422,10,0,0
0x7cde8c,98.7374%,10,782,792,782,10,0,0
0x904227,50%,10,10,20,0,0,10,10
0x943786,86.6667%,10,65,75,30,5,5,35
0x5f7aa0,95.1456%,10,196,206,0,0,10,196
0x499472,64.2857%,10,18,28,18,10,0,0
0x40d53e,94.186%,10,162,172,0,0,10,162
0x5049a3,87.3418%,10,69,79,50,2,8,19
0xa918b7,41.1765%,10,7,17,0,0,10,7
0x817338,58.3333%,10,14,24,14,9,1,0
0x4b4eb0,75.6098%,10,31,41,31,8,2,0
0x8f4bbe,16.6667%,10,2,12,2,4,6,0
0x508d88,64.2857%,10,18,28,16,7,3,2
0x5356db,92.1875%,10,118,128,4,2,8,114
0x4c049a,88.3721%,10,76,86,76,10,0,0
0xb2e5ed,99.9658%,10,29239,29249,0,0,10,29239
0x9f8035,28.5714%,10,4,14,1,10,0,3
0x8d207f,98.8914%,10,892,902,0,0,10,892
0x51022a,99.3307%,10,1484,1494,0,0,10,1484
0x981480,88.2353%,10,75,85,9,0,10,66
0xa18a5b,76.7442%,10,33,43,0,0,10,33
0xa9220e,81.4815%,10,44,54,40,10,0,4
0x9a30c0,96.31%,10,261,271,260,10,0,1
0x49fe0f,23.0769%,10,3,13,3,10,0,0
0xa9d40d,50%,10,10,20,0,0,10,10
0x483c99,47.3684%,10,9,19,9,10,0,0
0xa969e6,37.5%,10,6,16,1,10,0,5
0x808fdb,95.5157%,10,213,223,20,2,8,193
0x81287e,72.973%,10,27,37,0,0,10,27
0x5cf596,99.2806%,10,1380,1390,0,0,10,1380
0x54d6ec,50%,10,10,20,10,10,0,0
0x4096d8,82.7586%,10,48,58,48,10,0,0
0x9e3d40,74.359%,10,29,39,0,0,10,29
0x9fe10f,60%,10,15,25,0,0,10,15
0x59173a,92.7536%,10,128,138,6,0,10,122
0x9d1cab,85.9155%,10,61,71,18,4,6,43
0xa05bef,65.5172%,10,19,29,15,10,0,4
0x591502,47.3684%,10,9,19,9,10,0,0
0x9fcad8,60%,10,15,25,15,10,0,0
0x555e4a,83.3333%,10,50,60,50,10,0,0
0xa2de47,74.359%,10,29,39,2,2,8,27
0x780862,52.381%,10,11,21,3,0,10,8
0x9f330f,93.75%,10,150,160,0,0,10,150
0x4a784d,81.1321%,10,43,53,43,10,0,0
0x4bbd45,82.1429%,10,46,56,46,10,0,0
0x889f80,41.1765%,10,7,17,0,0,10,7
0x90bf34,95.7983%,10,228,238,119,0,10,109
0x4c06a7,88.3721%,10,76,86,0,0,10,76
0xa93760,65.5172%,10,19,29,0,0,10,19
0x404c48,52.381%,10,11,21,11,10,0,0
0x8a8f66,92.6471%,10,126,136,126,10,0,0
0x5052a8,50%,10,10,20,0,0,10,10
0x5ef97e,87.9518%,10,73,83,63,3,7,10
0x404458,84.8485%,10,56,66,18,2,8,38
0xa46e14,44.4444%,10,8,18,0,0,10,8
0x8e030e,98.2456%,10,560,570,0,0,10,560
0x4093c8,92.7007%,10,127,137,127,8,2,0
0x811f46,97.996%,10,489,499,1,3,7,488
0xa99aae,33.3333%,10,5,15,0,0,10,5
0x403b0a,98.1785%,10,539,549,0,0,10,539
0x94a3f8,96.31%,10,261,271,0,1,9,261
0x48f0e6,92.2481%,10,119,129,0,0,10,119
0x6108a6,47.3684%,10,9,19,2,4,6,7
0x610876,47.3684%,10,9,19,1,8,2,8
0x9a276b,90.991%,10,101,111,90,6,4,11
0x9c3e5c,81.4815%,10,44,54,44,10,0,0
0x7d2ae4,98.77%,10,803,813,424,4,6,379
0x9fc593,28.5714%,10,4,14,0,0,10,4
0x7f3690,33.3333%,10,5,15,0,0,10,5
0x405cbd,89.1304%,10,82,92,0,0,10,82
0x441b65,9.09091%,10,1,11,1,10,0,0
0x441bb6,9.09091%,10,1,11,1,10,0,0
0x9f0c80,90.9091%,10,100,110,100,10,0,0
0x81f8fd,99.5243%,10,2092,2102,0,0,10,2092
0x9a241f,75%,10,30,40,30,10,0,0
0x80fd17,99.89%,10,9078,9088,9078,10,0,0
0x7f3e8c,33.3333%,10,5,15,0,0,10,5
0x441797,9.09091%,10,1,11,0,0,10,1
0x9e29ab,94.5355%,10,173,183,0,10,0,173
0x4ac609,33.3333%,10,5,15,0,0,10,5
0x782656,99.5222%,10,2083,2093,0,0,10,2083
0x61072b,60%,10,15,25,7,5,5,8
0x5f55d6,84.375%,10,54,64,54,2,8,0
0x78d85f,98.4375%,10,630,640,16,5,5,614
0x4831d4,91.3793%,10,106,116,0,0,10,106
0x8ec378,99.0901%,10,1089,1099,1089,10,0,0
0x9f09f6,92.8571%,10,130,140,0,0,10,130
0x9cfbb0,91.8699%,10,113,123,0,0,10,113
0x97b937,91.2281%,10,104,114,104,10,0,0
0x5a9427,81.8182%,10,45,55,45,10,0,0
0x48200f,47.3684%,10,9,19,7,8,2,2
0x9e5087,94.0828%,10,159,169,159,10,0,0
0x973369,76.1905%,10,32,42,23,10,0,9
0x8e5a42,95.1923%,10,198,208,198,10,0,0
0xb182b0,98.9858%,10,976,986,976,10,0,0
0xb326d1,99.8448%,10,6432,6442,6432,10,0,0
0x9d1b52,66.6667%,10,20,30,5,1,9,15
0x8edac7,92.0635%,10,116,126,0,0,10,116
0x8082d6,62.963%,10,17,27,0,0,10,17
0xaa06fb,90.7407%,10,98,108,27,7,3,71
0x8a6c09,90.099%,10,91,101,0,0,10,91
0x9e00c7,99.0689%,10,1064,1074,0,0,10,1064
0x679c33,99.1722%,10,1198,1208,27,9,1,1171
0x99f0cd,95.3052%,10,203,213,19,0,10,184
0x822041,68.75%,10,22,32,0,0,10,22
0x9f12bc,0%,10,0,10,0,0,10,0
0x918e2a,95%,10,190,200,0,0,10,190
0x8a9408,99.6753%,10,3070,3080,0,0,10,3070
0x95012f,99.539%,10,2159,2169,0,0,10,2159
0x978676,0%,10,0,10,0,10,0,0
0x643074,97.093%,10,334,344,0,0,10,334
0x5c4bbc,99.4533%,10,1819,1829,0,0,10,1819
0x4ba4d3,82.7586%,10,48,58,32,4,6,16
0x4b6b66,83.6066%,10,51,61,35,0,10,16
0x9aa3d3,72.973%,10,27,37,16,6,4,11
0x4b7b94,9.09091%,10,1,11,1,10,0,0
0x48f068,92.2481%,10,119,129,31,10,0,88
0xaaaae7,52.381%,10,11,21,11,10,0,0
0x50ccf9,97.2527%,10,354,364,354,10,0,0
0x9e2a68,86.4865%,10,64,74,0,0,10,64
0x405043,52.381%,10,11,21,11,10,0,0
0x811ba5,98.6996%,10,759,769,0,0,10,759
0x610589,89.2473%,10,83,93,0,0,10,83
0x98b2c2,95.4545%,10,210,220,0,0,10,210
0x90e13b,66.6667%,10,20,30,20,10,0,0
0x5ff2ff,73.6842%,10,28,38,0,9,1,28
0x80de0a,82.4561%,10,47,57,47,10,0,0
0x9452d6,23.0769%,10,3,13,3,10,0,0
0x944eb4,66.6667%,10,20,30,12,10,0,8
0x9fe3c1,89.3617%,10,84,94,84,10,0,0
0x80d47e,90.9091%,10,100,110,0,0,10,100
0x4ad301,50%,10,10,20,10,10,0,0
0x5d8b9f,92.7007%,10,127,137,0,0,10,127
0xb2ee4e,81.1321%,10,43,53,0,6,4,43
0x8e09d5,99.6585%,10,2918,2928,0,0,10,2918
0x4a0015,87.3418%,10,69,79,37,5,5,32
0x9aa267,72.973%,10,27,37,27,10,0,0
0x81d653,97.6526%,10,416,426,416,10,0,0
0x696311,99.1007%,10,1102,1112,1102,10,0,0
0xa5680c,16.6667%,10,2,12,1,5,5,1
0x64f3a6,54.5455%,10,12,22,12,10,0,0
0x5d7f70,99.1942%,10,1231,1241,1231,10,0,0
0xa3fdd3,64.2857%,10,18,28,0,0,10,18
0x53d9b4,99.7952%,10,4873,4883,0,0,10,4873
0xa9e16d,75%,10,30,40,1,9,1,29
0x8aac97,0%,10,0,10,0,0,10,0
0x5d8b3d,95.935%,10,236,246,232,4,6,4
0x5556d7,96.0159%,10,241,251,0,3,7,241
0x550e9b,58.3333%,10,14,24,0,0,10,14
0xaa4561,99.8831%,10,8541,8551,0,0,10,8541
0x969301,88.3721%,10,76,86,0,0,10,76
0x61143f,84.6154%,10,55,65,55,10,0,0
0x9ecd7d,0%,10,0,10,0,0,10,0
0xaadef7,99.8882%,10,8934,8944,0,0,10,8934
0x5b0196,52.381%,10,11,21,0,3,7,11
0x9fb824,96.732%,10,296,306,0,0,10,296
0x8055dc,88.764%,10,79,89,79,10,0,0
0x8a2812,96.4413%,10,271,281,271,10,0,0
0x90a652,77.2727%,10,34,44,0,0,10,34
0x99e8c0,90.4762%,10,95,105,0,0,10,95
0xa3022a,94.8718%,10,185,195,0,0,10,185
0x4bdbe7,62.963%,10,17,27,2,5,5,15
0x558d29,86.6667%,10,65,75,0,0,10,65
0x8e4dbf,97.5248%,10,394,404,91,10,0,303
0x5fe9bd,54.5455%,10,12,22,12,10,0,0
0x8e514a,98.9418%,10,935,945,935,10,0,0
0x8dad1a,77.2727%,10,34,44,34,10,0,0
0xa49ff2,93.1034%,10,135,145,133,6,4,2
0x8e89dc,99.7169%,10,3522,3532,3522,10,0,0
0x8be81a,56.5217%,10,13,23,0,0,10,13
0x8d3d83,67.7419%,10,21,31,0,0,10,21
0x8ef141,97.0501%,10,329,339,329,10,0,0
0x63eaba,95%,10,190,200,159,4,6,31
0x95adae,56.5217%,10,13,23,5,3,7,8
0x4ba345,68.75%,10,22,32,0,0,10,22
0x59c537,88.764%,10,79,89,0,0,10,79
0xa473c2,72.2222%,10,26,36,26,10,0,0
0x819ceb,70.5882%,10,24,34,8,4,6,16
0xa33e1b,64.2857%,10,18,28,0,0,10,18
0x5559a0,85.0746%,10,57,67,56,7,3,1
0x8ef416,97.7827%,10,441,451,0,0,10,441
0x4bb186,90.9091%,10,100,110,0,0,10,100
0xa947c3,65.5172%,10,19,29,19,10,0,0
0x99ccef,44.4444%,10,8,18,0,0,10,8
0x8f2773,97.7827%,10,441,451,441,10,0,0
0x8ff29b,88.0952%,10,74,84,7,0,10,67
0x8ef221,88.5057%,10,77,87,31,8,2,46
0x8f2164,74.359%,10,29,39,0,2,8,29
0x808fe6,95.0249%,10,191,201,190,9,1,1
0x5575fc,62.963%,10,17,27,0,0,10,17
0x488d33,91.2281%,10,104,114,0,0,10,104
0x8be771,44.4444%,10,8,18,8,10,0,0
0x49f94b,99.2481%,10,1320,1330,0,0,10,1320
0x48f129,92.2481%,10,119,129,96,3,7,23
0x9093b7,99.7306%,10,3702,3712,0,0,10,3702
0x48eecb,96.9789%,10,321,331,315,8,2,6
0x90d4dd,98.3306%,10,589,599,0,0,10,589
0x821fbd,68.75%,10,22,32,0,0,10,22
0x5c6c80,99.4005%,10,1658,1668,1658,10,0,0
0x910ee7,99.5575%,10,2250,2260,0,0,10,2250
0xa3625b,96.633%,10,287,297,287,10,0,0
0x5d8fda,0%,10,0,10,0,10,0,0
0x8bb75c,50%,10,10,20,0,10,0,10
0x40520c,92.4242%,10,122,132,0,0,10,122
0x488965,99.0421%,10,1034,1044,1034,10,0,0
0x8ea9dd,99.1837%,10,1215,1225,1215,10,0,0
0xa441ef,16.6667%,10,2,12,2,10,0,0
0x7a1200,65.5172%,10,19,29,19,10,0,0
0x4aad47,75%,10,30,40,7,3,7,23
0x5f0047,94.5055%,10,172,182,0,0,10,172
0x608d6a,95%,10,190,200,0,0,10,190
0x405215,92.4242%,10,122,132,0,0,10,122
0x67f6f3,90.566%,10,96,106,0,0,10,96
0xb0d3d9,88.2353%,10,75,85,75,10,0,0
0x555ed5,95.8678%,10,232,242,232,7,3,0
0x9a6193,74.359%,10,29,39,18,9,1,11
0x5bb213,37.5%,10,6,16,6,10,0,0
0x9012c2,94.4444%,10,170,180,170,10,0,0
0x78f0eb,0%,10,0,10,0,10,0,0
0x4b81e3,9.09091%,10,1,11,1,10,0,0
0x8e925d,88.764%,10,79,89,0,0,10,79
0xa33f49,90.8257%,10,99,109,99,10,0,0
0x4414ce,82.4561%,10,47,57,0,0,10,47
0xa5f7c3,89.2473%,10,83,93,83,6,4,0
0x6097e7,90.099%,10,91,101,0,0,10,91
0x4c6e0c,87.9518%,10,73,83,73,10,0,0
0x9810d8,86.4865%,10,64,74,64,10,0,0
0x7cc133,16.6667%,10,2,12,0,0,10,2
0xa528b4,87.3418%,10,69,79,69,8,2,0
0x915704,95%,10,190,200,0,0,10,190
0x981c90,61.5385%,10,16,26,16,10,0,0
0xa32de9,95.5556%,10,215,225,14,1,9,201
0xa44170,84.375%,10,54,64,0,0,10,54
0x981335,86.6667%,10,65,75,54,8,2,11
0xaa2376,77.7778%,10,35,45,1,10,0,34
0x981383,86.6667%,10,65,75,0,0,10,65
0x981438,87.5%,10,70,80,11,7,3,59
0x5be82f,76.7442%,10,33,43,33,10,0,0
0x6f54fb,75%,10,30,40,0,0,10,30
0x8da3d5,90.566%,10,96,106,0,0,10,96
0x7aeaee,52.381%,10,11,21,0,0,10,11
0x9f95dc,86.6667%,10,65,75,0,0,10,65
0x722a5f,87.6543%,10,71,81,0,0,10,71
0xa08f1e,84.375%,10,54,64,54,5,5,0
0x48a274,99.838%,10,6162,6172,0,0,10,6162
0x4b6e3b,64.2857%,10,18,28,18,10,0,0
0x7b6401,72.973%,10,27,37,0,0,10,27
0xa2f0e6,73.6842%,10,28,38,0,0,10,28
0x5b41cf,67.7419%,10,21,31,0,0,10,21
0x9496bd,87.3418%,10,69,79,69,10,0,0
0x69650b,98.4825%,10,649,659,0,0,10,649
0xa4e941,92.7536%,10,128,138,128,10,0,0
0x722d69,96.7742%,10,300,310,0,0,10,300
0x973ac6,0%,10,0,10,0,10,0,0
0xa352ee,44.4444%,10,8,18,3,6,4,5
0xa50c38,88.8889%,10,80,90,16,8,2,64
0x492a10,93.9394%,10,155,165,153,5,5,2
0x8f3029,86.4865%,10,64,74,54,3,7,10
0x7c638a,93.865%,10,153,163,3,10,0,150
0x4b9a92,23.0769%,10,3,13,2,7,3,1
0xa5b4ab,16.6667%,10,2,12,0,0,10,2
0x8fef8d,97.7324%,10,431,441,431,10,0,0
0x8ffc7e,85.2941%,10,58,68,58,10,0,0
0xa3424c,94.1176%,10,160,170,63,5,5,97
0x8bb731,0%,10,0,10,0,0,10,0
0x8e786b,96.337%,10,263,273,83,8,2,180
0x494392,67.7419%,10,21,31,7,7,3,14
0x554ee8,92.9577%,10,132,142,132,10,0,0
0x4c59d8,58.3333%,10,14,24,0,0,10,14
0xa42bf6,81.4815%,10,44,54,44,10,0,0
0x4a8503,81.1321%,10,43,53,0,0,10,43
0x90abcb,98.8386%,10,851,861,0,0,10,851
0x4c45a8,0%,10,0,10,0,10,0,0
0x6402d8,99.6451%,10,2808,2818,0,0,10,2808
0x4bc8fe,16.6667%,10,2,12,2,10,0,0
0x4c455d,41.1765%,10,7,17,0,0,10,7
0xa662d8,62.963%,10,17,27,17,9,1,0
0x8f54e7,99.4128%,10,1693,1703,1693,10,0,0
0x9177cf,93.8272%,10,152,162,152,2,8,0
0x4bb228,70.5882%,10,24,34,1,6,4,23
0x63b548,99.2343%,10,1296,1306,0,0,10,1296
0x984694,89.4737%,10,85,95,0,0,10,85
0x640519,95%,10,190,200,190,10,0,0
0x94b3d5,98.2206%,10,552,562,552,10,0,0
0x780a16,92.5926%,10,125,135,14,0,10,111
0xa44917,80.7692%,10,42,52,42,10,0,0
0xa5b029,33.3333%,10,5,15,4,9,1,1
0x58d414,89.1304%,10,82,92,25,10,0,57
0x8e7836,96.337%,10,263,273,87,4,6,176
0xb18230,98.9858%,10,976,986,976,10,0,0
0x98ce3a,99.4629%,10,1852,1862,0,0,10,1852
0x8efdfb,72.2222%,10,26,36,26,10,0,0
0x81bfbd,70.5882%,10,24,34,1,1,9,23
0x50193a,98.5714%,10,690,700,0,0,10,690
0x499d08,81.1321%,10,43,53,3,10,0,40
0x639c67,98.3333%,10,590,600,0,0,10,590
0x541ccc,99.2436%,10,1312,1322,0,0,10,1312
0x627797,78.2609%,10,36,46,0,0,10,36
0x7ce7a2,72.2222%,10,26,36,0,0,10,26
0x9ea7db,68.75%,10,22,32,0,0,10,22
0x9ee008,94.2857%,10,165,175,1,9,1,164
0x8b9bd2,99.8929%,10,9327,9337,9327,10,0,0
0x402ec7,91.3043%,10,105,115,0,0,10,105
0x8fcd78,97.1989%,10,347,357,0,0,10,347
0x901327,80%,10,40,50,40,8,2,0
0x94e54e,96.7949%,10,302,312,0,8,2,302
0x4c07ca,88.3721%,10,76,86,76,10,0,0
0x90be72,91.5966%,10,109,119,109,10,0,0
0x9ed89e,84.375%,10,54,64,0,0,10,54
0x63baca,99.2343%,10,1296,1306,1296,10,0,0
0x5561e0,95.9677%,10,238,248,237,8,2,1
0x4c4d13,64.2857%,10,18,28,5,10,0,13
0x4bf02a,23.0769%,10,3,13,0,0,10,3
0x7cde5c,99.2057%,10,1249,1259,397,5,5,852
0x4c4bf2,23.0769%,10,3,13,0,0,10,3
0x40bc1c,90.2913%,10,93,103,0,0,10,93
0x4c9f49,94.7917%,10,182,192,178,6,4,4
0x54f3b4,98.998%,10,988,998,0,0,10,988
0x8ece47,98.995%,10,985,995,985,10,0,0
0x5bce8f,98.9627%,10,954,964,954,10,0,0
0x7e0868,71.4286%,10,25,35,23,10,0,2
0x4098ee,96.2121%,10,254,264,0,0,10,254
0xa3720e,0%,10,0,10,0,10,0,0
0x8f4bfa,94.3182%,10,166,176,0,0,10,166
0xa28015,0%,10,0,10,0,10,0,0
0x97275f,96.337%,10,263,273,0,0,10,263
0x8f5568,99.4128%,10,1693,1703,1693,10,0,0
0x4bf4a5,85.2941%,10,58,68,0,0,10,58
0x4b96ba,23.0769%,10,3,13,0,0,10,3
0x8c83cc,95.283%,10,202,212,202,8,2,0
0x972cbd,92.8571%,10,130,140,0,0,10,130
0x9f0646,0%,10,0,10,0,0,10,0
0x976eaa,37.5%,10,6,16,4,10,0,2
0x66f569,95.1456%,10,196,206,0,0,10,196
0x48ebec,16.6667%,10,2,12,2,10,0,0
0x4bcaf3,16.6667%,10,2,12,2,10,0,0
0x670783,97.3545%,10,368,378,368,3,7,0
0x49039d,87.3418%,10,69,79,0,0,10,69
0x918f34,95%,10,190,200,0,0,10,190
0x494947,91.8699%,10,113,123,0,0,10,113
0x5119fe,96.9231%,10,315,325,6,8,2,309
0x5c4f8f,93.9759%,10,156,166,0,0,10,156
0x4c69d5,64.2857%,10,18,28,0,0,10,18
0x64f4eb,16.6667%,10,2,12,2,10,0,0
0x4be80f,62.963%,10,17,27,8,7,3,9
0x7cc2eb,99.1031%,10,1105,1115,0,0,10,1105
0x78d88c,98.3845%,10,609,619,0,0,10,609
0xa3ba4d,93.0556%,10,134,144,1,3,7,133
0x4ac768,50%,10,10,20,10,10,0,0
0xa4bc40,94.4444%,10,170,180,0,0,10,170
0x814001,96.0317%,10,242,252,0,0,10,242
0x9fc6d9,0%,10,0,10,0,0,10,0
0xa46fdc,96.1089%,10,247,257,57,7,3,190
0x4bf4e7,73.6842%,10,28,38,0,0,10,28
0x99e552,23.0769%,10,3,13,3,10,0,0
0x95b05e,56.5217%,10,13,23,0,0,10,13
0x49f9b5,93.6306%,10,147,157,8,7,3,139
0x8eb940,97.9466%,10,477,487,477,10,0,0
0x81cbae,94.186%,10,162,172,162,10,0,0
0x80f4db,94.3182%,10,166,176,0,0,10,166
0x9e0927,87.3418%,10,69,79,67,6,4,2
0x973c9b,90.2913%,10,93,103,11,8,2,82
0x4aaef6,9.09091%,10,1,11,1,10,0,0
0x8216ab,96.988%,10,322,332,0,0,10,322
0x8d3f9e,23.0769%,10,3,13,0,0,10,3
0x8dfe89,96.1538%,10,250,260,2,0,10,248
0x8db62c,99.1575%,10,1177,1187,29,8,2,1148
0xa30071,95.614%,10,218,228,0,0,10,218
0x6107c8,23.0769%,10,3,13,3,10,0,0
0x81f287,77.2727%,10,34,44,3,1,9,31
0x4aabe7,75.6098%,10,31,41,1,10,0,30
0xa2d9f8,44.4444%,10,8,18,8,10,0,0
0x679b4b,99.6373%,10,2747,2757,2747,10,0,0
0x6389a6,99.1694%,10,1194,1204,1194,10,0,0
0x6228ec,0%,10,0,10,0,10,0,0
0x8f2185,72.973%,10,27,37,0,0,10,27
0xa93311,88.6364%,10,78,88,78,10,0,0
0x6228cc,0%,10,0,10,0,0,10,0
0x627e0d,56.5217%,10,13,23,8,0,10,5
0x90e7e8,66.6667%,10,20,30,0,0,10,20
0x8f36ce,90.099%,10,91,101,91,10,0,0
0xa2d6bf,96.4664%,10,273,283,0,0,10,273
0x8e74bb,87.9518%,10,73,83,7,5,5,66
0xa575ec,75.6098%,10,31,41,20,7,3,11
0x83761d,81.1321%,10,43,53,33,9,1,10
0xa15a21,97.8992%,10,466,476,466,10,0,0
0x8d3b51,95.935%,10,236,246,236,8,2,0
0xa5c88f,44.4444%,10,8,18,0,0,10,8
0x404f07,58.3333%,10,14,24,2,10,0,12
0x8f3e5c,96.6102%,10,285,295,0,0,10,285
0x4c49c3,83.3333%,10,50,60,26,10,0,24
0x5547c4,99.1334%,10,1144,1154,0,0,10,1144
0xa4a1d5,84.127%,10,53,63,0,3,7,53
0x6808f0,98.9047%,10,903,913,0,0,10,903
0xa4a1d0,84.127%,10,53,63,0,0,10,53
0x8b9932,9.09091%,10,1,11,0,0,10,1
0x4bf137,33.3333%,10,5,15,5,10,0,0
0x9fcc37,60%,10,15,25,0,0,10,15
0x99c97f,98.6737%,10,744,754,744,10,0,0
0x9a7f4c,93.7107%,10,149,159,0,8,2,149
0xa326a9,50%,10,10,20,7,6,4,3
0x541c29,70.5882%,10,24,34,0,0,10,24
0x722c97,0%,10,0,10,0,0,10,0
0x40a27e,70.5882%,10,24,34,0,0,10,24
0x8ecb75,86.1111%,10,62,72,0,4,6,62
0x494d9c,93.6709%,10,148,158,0,0,10,148
0x4c673a,54.5455%,10,12,22,0,0,10,12
0x99124c,44.4444%,10,8,18,8,10,0,0
0x59e5cf,91.0714%,10,102,112,102,10,0,0
0x8ddb7c,91.0714%,10,102,112,102,10,0,0
0x8b9cac,99.6651%,10,2976,2986,2905,8,2,71
0x94ef4a,83.3333%,10,50,60,22,8,2,28
0x54cdcb,47.3684%,10,9,19,9,10,0,0
0x822643,94.6237%,10,176,186,0,0,10,176
0x9d6891,91.2281%,10,104,114,104,8,2,0
0x534b76,92.7007%,10,127,137,127,10,0,0
0x4c4067,95.098%,10,194,204,0,0,10,194
0x4b64cb,93.5484%,10,145,155,0,0,10,145
0x90a9f5,82.4561%,10,47,57,0,0,10,47
0x58f951,75.6098%,10,31,41,0,0,10,31
0x409f6e,66.6667%,10,20,30,6,10,0,14
0x487882,33.3333%,10,5,15,5,10,0,0
0x537fdd,99.7884%,10,4716,4726,0,3,7,4716
0x8bcc6a,81.1321%,10,43,53,30,8,2,13
0x910da8,98.4962%,10,655,665,655,10,0,0
0xa37622,0%,10,0,10,0,0,10,0
0x9d0bc6,80.3922%,10,41,51,41,10,0,0
0x4ac191,94.186%,10,162,172,0,0,10,162
0xa02772,62.963%,10,17,27,0,0,10,17
0xa5baf7,84.6154%,10,55,65,0,0,10,55
0x82244c,94.6237%,10,176,186,0,0,10,176
0xa0522c,77.7778%,10,35,45,0,0,10,35
0x5bb7a6,98.9659%,10,957,967,0,0,10,957
0x7cf530,47.3684%,10,9,19,8,3,7,1
0x9e727e,96%,10,240,250,0,0,10,240
0x5baba4,98.6825%,10,749,759,0,0,10,749
0x49eac0,76.1905%,10,32,42,12,7,3,20
0xad7bd8,86.8421%,10,66,76,0,0,10,66
0x677c75,96.5986%,10,284,294,284,10,0,0
0x7efda7,94.0476%,10,158,168,0,0,10,158
0xa29cef,37.5%,10,6,16,0,0,10,6
0x608caf,95%,10,190,200,190,10,0,0
0x558fa8,98.6979%,10,758,768,0,0,10,758
0x96c211,61.5385%,10,16,26,0,0,10,16
0x618ab6,85.7143%,10,60,70,60,10,0,0
0x7b7bf9,62.963%,10,17,27,2,0,10,15
0x481e9c,73.6842%,10,28,38,0,0,10,28
0x8a64a5,96.063%,10,244,254,0,0,10,244
0x40f4d7,99.7744%,10,4422,4432,0,0,10,4422
0xa57635,73.6842%,10,28,38,11,4,6,17
0x8eca9c,9.09091%,10,1,11,0,0,10,1
0x8d9c13,99.5305%,10,2120,2130,0,0,10,2120
0x8f1f76,94.7917%,10,182,192,182,10,0,0
0x8fce25,77.2727%,10,34,44,34,10,0,0
0x63f86e,99.7097%,10,3435,3445,3435,10,0,0
0x58f3cd,80.7692%,10,42,52,0,0,10,42
0x8dff6f,82.7586%,10,48,58,40,4,6,8
0x50ac93,52.381%,10,11,21,0,0,10,11
0x9f575a,87.5%,10,70,80,50,2,8,20
0x809068,95.5157%,10,213,223,213,8,2,0
0xa07f50,81.8182%,10,45,55,45,9,1,0
0xa446e2,80.7692%,10,42,52,0,0,10,42
0xb498ad,0%,10,0,10,0,0,10,0
0x8f6aca,97.0238%,10,326,336,166,2,8,160
0x5f94bf,60%,10,15,25,0,0,10,15
0x9e0204,64.2857%,10,18,28,18,10,0,0
0x5bab3b,91.5966%,10,109,119,0,0,10,109
0x9e62ed,47.3684%,10,9,19,9,10,0,0
0x48ea95,95.9514%,10,237,247,237,10,0,0
0xaaae3a,94.6237%,10,176,186,0,0,10,176
0xa9cdf3,95.2153%,10,199,209,0,0,10,199
0xa02ef5,86.8421%,10,66,76,66,8,2,0
0x8097a2,0%,10,0,10,0,10,0,0
0x54ff23,41.1765%,10,7,17,0,0,10,7
0x8f1660,92.5373%,10,124,134,0,0,10,124
0x4045af,95.5357%,10,214,224,0,0,10,214
0x4b5509,28.5714%,10,4,14,2,6,4,2
0x4b9df3,99.2157%,10,1265,1275,369,1,9,896
0x5bca52,95%,10,190,200,190,10,0,0
0x9f404b,69.697%,10,23,33,0,10,0,23
0x9f3dba,41.1765%,10,7,17,1,6,4,6
0x90ba30,98.2548%,10,563,573,563,10,0,0
0x8dc275,96.9136%,10,314,324,0,0,10,314
0x503123,94.7368%,10,180,190,0,0,10,180
0x4ba78c,97.319%,10,363,373,0,0,10,363
0x99ee96,23.0769%,10,3,13,3,10,0,0
0xa02d84,90.8257%,10,99,109,0,2,8,99
0x9f41a6,69.697%,10,23,33,0,0,10,23
0x9ea686,94.0476%,10,158,168,0,1,9,158
0x48b420,95.5556%,10,215,225,215,10,0,0
0x40d2ef,91.8033%,10,112,122,62,6,4,50
0x5dcf1a,92.4812%,10,123,133,123,10,0,0
0x9ea7e9,68.75%,10,22,32,22,10,0,0
0x494f39,98.0952%,10,515,525,515,4,6,0
0x60851a,0%,10,0,10,0,10,0,0
0x64c282,94.152%,10,161,171,44,9,1,117
0xa4586d,95.3704%,10,206,216,206,10,0,0
0x60e69d,73.6842%,10,28,38,0,0,10,28
0x51b01a,96.6997%,10,293,303,293,10,0,0
0x821631,97.8495%,10,455,465,455,10,0,0
0x7f0281,44.4444%,10,8,18,8,10,0,0
0x7f02c5,44.4444%,10,8,18,8,10,0,0
0x8e7e7c,96.9789%,10,321,331,239,1,9,82
0x901999,70.5882%,10,24,34,24,10,0,0
0x81b155,96.8454%,10,307,317,0,0,10,307
0xaca884,64.2857%,10,18,28,18,10,0,0
0x96b1b3,98.8975%,10,897,907,0,0,10,897
0x534ba7,84.8485%,10,56,66,3,6,4,53
0x969917,86.1111%,10,62,72,0,7,3,62
0x94edf5,66.6667%,10,20,30,0,0,10,20
0x8f6e96,98.2175%,10,551,561,0,0,10,551
0x9bdf4b,86.4865%,10,64,74,0,2,8,64
0x8f6c48,90.8257%,10,99,109,99,10,0,0
0x550fff,52.381%,10,11,21,0,0,10,11
0x8f6173,94.152%,10,161,171,0,0,10,161
0xb23058,93.5065%,10,144,154,144,10,0,0
0x9eb815,90.7407%,10,98,108,0,0,10,98
0x49e2fb,99.2582%,10,1338,1348,1338,10,0,0
0x54861d,99.575%,10,2343,2353,0,0,10,2343
0x9e7142,81.8182%,10,45,55,45,10,0,0
0x49b293,37.5%,10,6,16,6,8,2,0
0x64c6ca,81.4815%,10,44,54,44,10,0,0
0xa36192,92.9577%,10,132,142,0,0,10,132
0x5af0c2,0%,10,0,10,0,10,0,0
0x441461,98.2818%,10,572,582,0,0,10,572
0x6dcc17,76.1905%,10,32,42,32,9,1,0
0x58c29a,96.8553%,10,308,318,308,9,1,0
0x8e41d9,97.319%,10,363,373,239,7,3,124
0xa3e5ec,37.5%,10,6,16,6,10,0,0
0x813962,77.2727%,10,34,44,0,0,10,34
0x5fef2b,79.1667%,10,38,48,38,10,0,0
0x5e37c9,98.4639%,10,641,651,641,10,0,0
0x558e03,88.6364%,10,78,88,78,10,0,0
0x8e3da3,93.7107%,10,149,159,0,0,10,149
0x8a60af,95.3704%,10,206,216,0,0,10,206
0x5f5a69,28.5714%,10,4,14,2,0,10,2
0x816c96,99.0119%,10,1002,1012,0,0,10,1002
0xa41f8a,96.5398%,10,279,289,0,0,10,279
0xa32862,92.5373%,10,124,134,124,10,0,0
0x781673,82.1429%,10,46,56,46,10,0,0
0x813671,98.0695%,10,508,518,508,8,2,0
0x8136d4,96.9697%,10,320,330,320,10,0,0
0x49c107,89.4737%,10,85,95,0,0,10,85
0x8e419d,95.935%,10,236,246,236,10,0,0
0x80d76d,84.375%,10,54,64,54,6,4,0
0x4c2592,94.0476%,10,158,168,158,10,0,0
0x90e67c,98.9023%,10,901,911,901,10,0,0
0xa50f8c,73.6842%,10,28,38,28,10,0,0
0x537adb,98.6431%,10,727,737,4,2,8,723
0x969282,94.2857%,10,165,175,0,0,10,165
0xb2ec04,85.7143%,10,60,70,60,10,0,0
0x4049be,96.139%,10,249,259,249,10,0,0
0x543660,92.5926%,10,125,135,125,10,0,0
0x670615,92.4812%,10,123,133,0,0,10,123
0x980563,89.6907%,10,87,97,0,0,10,87
0xb30b6f,97.006%,10,324,334,0,0,10,324
0x5c4d0c,94.0828%,10,159,169,0,0,10,159
0x980d68,78.7234%,10,37,47,0,0,10,37
0x64729e,52.381%,10,11,21,1,0,10,10
0x4036ea,98.7358%,10,781,791,0,0,10,781
0x9bd583,81.8182%,10,45,55,33,10,0,12
0x4bedb5,94.012%,10,157,167,100,9,1,57
0xa8fa91,88.2353%,10,75,85,75,10,0,0
0xab28ba,99.8639%,10,7340,7350,7340,10,0,0
0x4b788b,67.7419%,10,21,31,0,0,10,21
0x53c592,47.3684%,10,9,19,3,5,5,6
0xb14934,99.733%,10,3735,3745,3735,10,0,0
0x805aa3,99.5143%,10,2049,2059,0,0,10,2049
0x4aab69,66.6667%,10,20,30,20,10,0,0
0x5aefc7,54.5455%,10,12,22,12,10,0,0
0x404004,0%,10,0,10,0,0,10,0
0x9e025a,64.2857%,10,18,28,0,10,0,18
0x9a972c,0%,10,0,10,0,10,0,0
0xa35d2e,97.5962%,10,406,416,0,0,10,406
0x49140f,93.7888%,10,151,161,148,10,0,3
0x9782ab,47.3684%,10,9,19,0,0,10,9
0x815a8a,67.7419%,10,21,31,21,10,0,0
0xad7fdb,98.9224%,10,918,928,0,0,10,918
0x5bd0d8,81.8182%,10,45,55,34,10,0,11
0xa2da1c,28.5714%,10,4,14,4,0,10,0
0x49c063,97.996%,10,489,499,0,6,4,489
0xa9d2f8,54.5455%,10,12,22,7,9,1,5
0x50f117,79.5918%,10,39,49,37,10,0,2
0x5407e0,16.6667%,10,2,12,0,10,0,2
0x77fdd8,98.4177%,10,622,632,148,10,0,474
0x4ab908,67.7419%,10,21,31,0,0,10,21
0x610795,23.0769%,10,3,13,3,10,0,0
0x67ef00,0%,10,0,10,0,0,10,0
0xa92b97,96.8153%,10,304,314,0,0,10,304
0x5c56d1,91.8699%,10,113,123,37,3,7,76
0x5c570d,77.7778%,10,35,45,5,3,7,30
0x9aae6d,78.2609%,10,36,46,0,0,10,36
0x9abdfc,94.3503%,10,167,177,0,1,9,167
0xa5428d,91.0714%,10,102,112,98,10,0,4
0x63adbf,96.1686%,10,251,261,251,10,0,0
0x8a7466,93.0556%,10,134,144,0,0,10,134
0x65b0a2,23.0769%,10,3,13,3,10,0,0
0x64b9a3,99.2842%,10,1387,1397,1387,10,0,0
0xa05239,77.7778%,10,35,45,0,0,10,35
0x67ec55,91.8033%,10,112,122,0,0,10,112
0xa47f9b,16.6667%,10,2,12,2,10,0,0
0x81c0ae,89.5833%,10,86,96,0,0,10,86
0xa5d1e5,62.5%,9,15,24,0,0,9,15
0xa038d8,88.1579%,9,67,76,67,9,0,0
0xa42838,94.8571%,9,166,175,166,9,0,0
0x8114a7,98.9387%,9,839,848,839,4,5,0
0x9f508f,82.6923%,9,43,52,43,9,0,0
0xa5ce8e,94.5455%,9,156,165,37,2,7,119
0x4c70b8,64%,9,16,25,1,6,3,15
0xa31b6e,70.9677%,9,22,31,0,6,3,22
0x4c7278,50%,9,9,18,9,9,0,0
0xa4430e,59.0909%,9,13,22,13,9,0,0
0x5fe32b,43.75%,9,7,16,0,4,5,7
0x61082c,30.7692%,9,4,13,0,0,9,4
0x972696,96.7033%,9,264,273,0,0,9,264
0x58c219,97.1698%,9,309,318,309,9,0,0
0x547ce0,94.1558%,9,145,154,0,8,1,145
0x5f9587,62.5%,9,15,24,7,9,0,8
0x8eb668,87.5%,9,63,72,1,5,4,62
0x983a53,85.9375%,9,55,64,9,8,1,46
0x8f1dbe,77.5%,9,31,40,0,0,9,31
0xa5cfaf,92.1739%,9,106,115,0,0,9,106
0x4b4b1e,87.3239%,9,62,71,0,0,9,62
0x9773e9,25%,9,3,12,3,9,0,0
0x4c168d,25%,9,3,12,0,9,0,3
0x9cfbff,92.1739%,9,106,115,2,2,7,104
0x547a93,97.3373%,9,329,338,0,0,9,329
0x5fc11d,77.5%,9,31,40,31,9,0,0
0x65ad44,35.7143%,9,5,14,0,0,9,5
0xb14920,99.7597%,9,3736,3745,0,0,9,3736
0x95b5be,60.8696%,9,14,23,7,8,1,7
0x485eed,47.0588%,9,8,17,8,9,0,0
0x8379c1,91.3462%,9,95,104,26,2,7,69
0x59117a,90.2174%,9,83,92,83,9,0,0
0x9e7790,83.0189%,9,44,53,37,9,0,7
0xa97158,75.6757%,9,28,37,28,9,0,0
0xa46a4b,90.625%,9,87,96,0,0,9,87
0x9d0605,85.4839%,9,53,62,0,0,9,53
0x4b8b1a,43.75%,9,7,16,6,6,3,1
0x547f42,66.6667%,9,18,27,5,3,6,13
0x8c789c,99.5325%,9,1916,1925,1916,9,0,0
0x53c422,93.1818%,9,123,132,123,9,0,0
0x4b6ca2,50%,9,9,18,2,7,2,7
0x4b6c83,0%,9,0,9,0,0,9,0
0xa50ae4,35.7143%,9,5,14,5,9,0,0
0x81e9fa,94.0789%,9,143,152,76,0,9,67
0x5eb844,79.5455%,9,35,44,0,0,9,35
0x821ece,93.75%,9,135,144,0,0,9,135
0x9bd34e,25%,9,3,12,3,9,0,0
0x555d42,76.3158%,9,29,38,29,9,0,0
0xa02620,94.9153%,9,168,177,0,0,9,168
0x9c3d11,80%,9,36,45,36,9,0,0
0x9022c1,95.5224%,9,192,201,192,9,0,0
0x9002b6,10%,9,1,10,1,9,0,0
0x9e74d3,99.0586%,9,947,956,0,0,9,947
0x722ea9,50%,9,9,18,2,2,7,7
0x6083e8,92.8571%,9,117,126,117,9,0,0
0x809de7,98.4099%,9,557,566,555,6,3,2
0x5f7b58,93.3333%,9,126,135,126,9,0,0
0x534ffa,85.9375%,9,55,64,55,9,0,0
0x8db775,97.1429%,9,306,315,0,0,9,306
0x8f58bd,99.7677%,9,3865,3874,3865,9,0,0
0x8fd7ae,40%,9,6,15,0,0,9,6
0x9ed23e,96.5251%,9,250,259,0,0,9,250
0x944987,87.1429%,9,61,70,0,0,9,61
0x979fba,10%,9,1,10,1,9,0,0
0xa49172,72.7273%,9,24,33,0,3,6,24
0x94703c,52.6316%,9,10,19,10,9,0,0
0xa4d187,35.7143%,9,5,14,1,9,0,4
0x9e58ef,70%,9,21,30,0,0,9,21
0x809302,73.5294%,9,25,34,25,9,0,0
0x49491e,95.6938%,9,200,209,0,0,9,200
0x6386c2,99.7736%,9,3967,3976,3967,9,0,0
0xa35f31,82%,9,41,50,10,9,0,31
0x9fe710,77.5%,9,31,40,0,0,9,31
0xa6cb5c,25%,9,3,12,3,9,0,0
0x9018b3,98.2213%,9,497,506,0,0,9,497
0x489e07,99.5864%,9,2167,2176,0,0,9,2167
0x5fa539,83.3333%,9,45,54,7,7,2,38
0x4be81f,25%,9,3,12,1,8,1,2
0xa46916,43.75%,9,7,16,0,0,9,7
0x4b730a,18.1818%,9,2,11,0,9,0,2
0xa41154,64%,9,16,25,0,0,9,16
0xa48210,85%,9,51,60,51,9,0,0
0x5fb9c4,65.3846%,9,17,26,0,0,9,17
0xa41696,64%,9,16,25,16,9,0,0
0x4b7c3b,18.1818%,9,2,11,2,9,0,0
0x5cf4d8,76.9231%,9,30,39,30,9,0,0
0x4b7d94,18.1818%,9,2,11,2,9,0,0
0x5fe9db,87.8378%,9,65,74,24,7,2,41
0x66f6a8,47.0588%,9,8,17,7,0,9,1
0x8bb677,60.8696%,9,14,23,0,0,9,14
0x66f6e9,52.6316%,9,10,19,10,8,1,0
0x9e817d,62.5%,9,15,24,15,9,0,0
0x4b5054,92.623%,9,113,122,0,0,9,113
0x485b0c,96%,9,216,225,216,7,2,0
0x981528,68.9655%,9,20,29,0,0,9,20
0x8bb804,87.5%,9,63,72,0,0,9,63
0x78191a,94.2308%,9,147,156,0,0,9,147
0x9fcbe3,64%,9,16,25,0,0,9,16
0xb2e734,99.8874%,9,7986,7995,0,0,9,7986
0x78e060,79.0698%,9,34,43,34,1,8,0
0x90487c,95.1351%,9,176,185,0,0,9,176
0xa258b4,52.6316%,9,10,19,8,6,3,2
0x7b63de,80%,9,36,45,8,0,9,28
0x81b750,52.6316%,9,10,19,0,4,5,10
0x482054,18.1818%,9,2,11,2,9,0,0
0x8d209c,90.625%,9,87,96,0,0,9,87
0x4bd71c,76.9231%,9,30,39,1,5,4,29
0x670480,85.7143%,9,54,63,48,6,3,6
0x973d23,91.2621%,9,94,103,94,9,0,0
0xa3bc51,50%,9,9,18,0,0,9,9
0x58e439,80%,9,36,45,0,5,4,36
0xa47bf4,78.5714%,9,33,42,0,0,9,33
0x64f206,47.0588%,9,8,17,0,0,9,8
0x5fa82d,86.9565%,9,60,69,0,0,9,60
0x78f6b4,80%,9,36,45,2,4,5,34
0x8f3044,47.0588%,9,8,17,0,0,9,8
0x4b49f4,10%,9,1,10,0,0,9,1
0x959270,92.9688%,9,119,128,3,1,8,116
0x4b7071,70.9677%,9,22,31,22,9,0,0
0x643a11,62.5%,9,15,24,0,0,9,15
0x402349,98.4668%,9,578,587,578,9,0,0
0x4b8330,0%,9,0,9,0,0,9,0
0x4c6ef4,72.7273%,9,24,33,24,9,0,0
0x792f79,93.7063%,9,134,143,134,9,0,0
0x821248,99.2777%,9,1237,1246,0,0,9,1237
0x4bf2dd,74.2857%,9,26,35,2,3,6,24
0x80a890,98.9387%,9,839,848,838,8,1,1
0x4c13b2,62.5%,9,15,24,15,9,0,0
0x9024bd,83.3333%,9,45,54,45,9,0,0
0x4ba494,65.3846%,9,17,26,9,4,5,8
0x60a820,98.1781%,9,485,494,0,0,9,485
0xa459d9,50%,9,9,18,9,9,0,0
0x5fa51a,76.9231%,9,30,39,16,8,1,14
0xa45982,82.3529%,9,42,51,42,9,0,0
0x5fa514,40%,9,6,15,6,3,6,0
0x4c1620,25%,9,3,12,3,9,0,0
0x4c0df3,78.5714%,9,33,42,1,9,0,32
0xa4654f,98.1557%,9,479,488,479,9,0,0
0x5d1c69,55%,9,11,20,0,0,9,11
0x8f56de,94.8864%,9,167,176,167,9,0,0
0x8d396b,87.6712%,9,64,73,1,1,8,63
0x5fa201,96.7391%,9,267,276,0,3,6,267
0x4bc175,91.9643%,9,103,112,0,0,9,103
0x5fa1ec,98.9842%,9,877,886,0,0,9,877
0xa45ef3,92.7419%,9,115,124,0,4,5,115
0x88e2b1,90.8163%,9,89,98,0,0,9,89
0x5c569f,95.9641%,9,214,223,0,0,9,214
0x9a80e9,96.1702%,9,226,235,0,0,9,226
0x5fae67,72.7273%,9,24,33,0,0,9,24
0xa501b9,93.9189%,9,139,148,12,5,4,127
0x9fbb6e,97.0588%,9,297,306,0,0,9,297
0x8eed3a,97.3373%,9,329,338,0,0,9,329
0x9e711f,80.4348%,9,37,46,31,8,1,6
0xa3978e,99.594%,9,2208,2217,0,0,9,2208
0xa48875,94.9438%,9,169,178,0,0,9,169
0x7955e6,30.7692%,9,4,13,4,9,0,0
0x5391fb,18.1818%,9,2,11,2,9,0,0
0x4b58ca,98.0769%,9,459,468,0,0,9,459
0x80f85b,99.2399%,9,1175,1184,1175,9,0,0
0x959664,92.9688%,9,119,128,1,3,6,118
0x8efb3b,78.5714%,9,33,42,29,9,0,4
0x80e6f8,98.9324%,9,834,843,834,7,2,0
0x670a0c,52.6316%,9,10,19,10,9,0,0
0xb30d57,99.5192%,9,1863,1872,0,0,9,1863
0x4b6c16,0%,9,0,9,0,0,9,0
0x8e278e,99.8328%,9,5373,5382,0,0,9,5373
0x805572,89.8876%,9,80,89,80,6,3,0
0xa4e652,73.5294%,9,25,34,0,0,9,25
0x81a6e4,99.8619%,9,6510,6519,0,0,9,6510
0x4b6b94,74.2857%,9,26,35,26,4,5,0
0x81fee4,81.25%,9,39,48,0,0,9,39
0x9fafd5,97.6982%,9,382,391,382,9,0,0
0x4bdfb7,18.1818%,9,2,11,2,9,0,0
0x904297,55%,9,11,20,10,1,8,1
0x808987,60.8696%,9,14,23,0,1,8,14
0x8db8f2,97.1429%,9,306,315,0,0,9,306
0x80896f,70.9677%,9,22,31,14,6,3,8
0x903df2,82.6923%,9,43,52,0,0,9,43
0xa53435,94.7674%,9,163,172,163,9,0,0
0x4be7b2,0%,9,0,9,0,0,9,0
0x7847c1,74.2857%,9,26,35,7,4,5,19
0x48af3a,98.3333%,9,531,540,0,0,9,531
0x4be7ba,0%,9,0,9,0,0,9,0
0x8dfc9c,78.5714%,9,33,42,33,7,2,0
0x6109fa,30.7692%,9,4,13,0,0,9,4
0x7ce7bb,75%,9,27,36,18,6,3,9
0x5cf330,43.75%,9,7,16,7,2,7,0
0xa46a67,96.087%,9,221,230,221,9,0,0
0x804562,30.7692%,9,4,13,0,0,9,4
0xa45cfc,85.9375%,9,55,64,55,9,0,0
0x5c4d05,94.7977%,9,164,173,3,1,8,161
0x820c57,82.6923%,9,43,52,42,8,1,1
0x9c51fa,43.75%,9,7,16,0,8,1,7
0x502d5a,95.2632%,9,181,190,0,0,9,181
0x63ce47,95.5%,9,191,200,191,9,0,0
0x550915,57.1429%,9,12,21,0,0,9,12
0x4bf2eb,70%,9,21,30,21,9,0,0
0x556b99,96.4706%,9,246,255,246,9,0,0
0x492f5b,73.5294%,9,25,34,25,9,0,0
0x50e10c,78.5714%,9,33,42,33,9,0,0
0x5108fd,97.2477%,9,318,327,0,0,9,318
0x63bc22,97.3913%,9,336,345,336,9,0,0
0x9005a8,94.7674%,9,163,172,0,0,9,163
0x981cb6,67.8571%,9,19,28,2,6,3,17
0x63abc5,98.2592%,9,508,517,508,9,0,0
0x9813f2,88%,9,66,75,66,7,2,0
0x67b59e,99.4983%,9,1785,1794,1785,9,0,0
0x98135d,88.75%,9,71,80,16,2,7,55
0x48599f,87.8378%,9,65,74,35,7,2,30
0xa89581,87.1429%,9,61,70,2,6,3,59
0x63d73d,93.617%,9,132,141,132,9,0,0
0x984c16,89.1566%,9,74,83,8,4,5,66
0x9d179a,92.5%,9,111,120,111,9,0,0
0x9f88e2,52.6316%,9,10,19,10,9,0,0
0x90dcaf,70%,9,21,30,21,9,0,0
0x942c40,88%,9,66,75,0,0,9,66
0x5ef9d3,47.0588%,9,8,17,7,9,0,1
0x789961,75.6757%,9,28,37,23,5,4,5
0x94c8e6,77.5%,9,31,40,0,0,9,31
0x6709fc,76.3158%,9,29,38,10,9,0,19
0x5fe7c3,91.4286%,9,96,105,0,0,9,96
0x63903d,64%,9,16,25,1,2,7,15
0x5f6159,25%,9,3,12,1,9,0,2
0xa5c493,82%,9,41,50,0,0,9,41
0x8f1baf,93.2836%,9,125,134,125,9,0,0
0x48f80b,50%,9,9,18,0,0,9,9
0x403cb5,91.4286%,9,96,105,0,0,9,96
0x4b950b,30.7692%,9,4,13,1,0,9,3
0x97a65a,75%,9,27,36,24,4,5,3
0x8f0b20,94%,9,141,150,141,9,0,0
0x815e87,0%,9,0,9,0,9,0,0
0x949a90,83.0189%,9,44,53,0,0,9,44
0xa3a47d,97.5342%,9,356,365,356,9,0,0
0x8a51f6,65.3846%,9,17,26,5,8,1,12
0x901f8c,99.8082%,9,4683,4692,0,0,9,4683
0x80aeab,72.7273%,9,24,33,0,0,9,24
0x94c5b2,91.3462%,9,95,104,0,0,9,95
0x8efe8b,65.3846%,9,17,26,4,8,1,13
0x4a9c49,60.8696%,9,14,23,3,4,5,11
0xa9f164,94.6429%,9,159,168,159,9,0,0
0xb31375,99.0712%,9,960,969,0,0,9,960
0x80561c,89.8876%,9,80,89,0,0,9,80
0x511148,98.7143%,9,691,700,0,0,9,691
0x554739,85.9375%,9,55,64,0,0,9,55
0x8a63c2,93.3824%,9,127,136,0,0,9,127
0xa661d3,66.6667%,9,18,27,18,9,0,0
0xa6632d,66.6667%,9,18,27,12,6,3,6
0xa6634c,0%,9,0,9,0,0,9,0
0x7c73f1,43.75%,9,7,16,0,0,9,7
0x5c70bd,97.5%,9,351,360,22,6,3,329
0x80681d,67.8571%,9,19,28,0,0,9,19
0x980bce,71.875%,9,23,32,1,7,2,22
0x980edd,87.8378%,9,65,74,57,9,0,8
0x50a6f1,90%,9,81,90,11,9,0,70
0x90c899,88.4615%,9,69,78,0,0,9,69
0x640053,98.6154%,9,641,650,0,0,9,641
0x5bad18,93.0233%,9,120,129,0,0,9,120
0xb180f4,99.3741%,9,1429,1438,0,0,9,1429
0xb18323,99.1045%,9,996,1005,996,9,0,0
0x969eb4,76.9231%,9,30,39,30,9,0,0
0x49bcf0,60.8696%,9,14,23,0,0,9,14
0x58bfac,88.1579%,9,67,76,67,9,0,0
0xaadbb3,97.2308%,9,316,325,0,0,9,316
0x9ed9f7,78.0488%,9,32,41,32,2,7,0
0x9a48f1,43.75%,9,7,16,0,0,9,7
0x9eb793,88.6076%,9,70,79,70,4,5,0
0x98c98d,91.7431%,9,100,109,0,0,9,100
0xa375d7,10%,9,1,10,1,9,0,0
0xa93e0b,25%,9,3,12,3,9,0,0
0xa4a62a,78.0488%,9,32,41,1,7,2,31
0xa5c162,71.875%,9,23,32,12,3,6,11
0x502faf,95.2128%,9,179,188,179,9,0,0
0x9cfbd1,92.6829%,9,114,123,114,9,0,0
0xa5861a,95.7143%,9,201,210,201,9,0,0
0x97ab10,50%,9,9,18,0,0,9,9
0x965fc4,89.1566%,9,74,83,0,0,9,74
0x8bd864,52.6316%,9,10,19,8,8,1,2
0x90e3a5,86.5672%,9,58,67,58,9,0,0
0x9ebccc,83.9286%,9,47,56,47,9,0,0
0xb1ae38,97.9215%,9,424,433,0,0,9,424
0x9d3449,83.6364%,9,46,55,46,9,0,0
0x4b506b,93.0769%,9,121,130,0,0,9,121
0x943228,88%,9,66,75,0,0,9,66
0x4ab52a,73.5294%,9,25,34,20,8,1,5
0x942cf7,88%,9,66,75,66,9,0,0
0xa039f7,92.437%,9,110,119,0,2,7,110
0xa03a65,92.3077%,9,108,117,108,9,0,0
0x60857c,10%,9,1,10,1,9,0,0
0xa03aa3,92.3077%,9,108,117,52,3,6,56
0x53dd74,99.9467%,9,16873,16882,0,0,9,16873
0x9f413c,72.7273%,9,24,33,0,0,9,24
0xa019f3,55%,9,11,20,7,5,4,4
0x90ad70,79.5455%,9,35,44,35,9,0,0
0x9117e5,70.9677%,9,22,31,0,0,9,22
0xa55746,89.1566%,9,74,83,73,6,3,1
0x67ec0d,92.623%,9,113,122,0,0,9,113
0x5d455a,35.7143%,9,5,14,5,9,0,0
0xa34b66,88%,9,66,75,66,9,0,0
0x6f0a0c,43.75%,9,7,16,0,0,9,7
0x692361,59.0909%,9,13,22,13,9,0,0
0xa15e3a,55%,9,11,20,0,8,1,11
0x6197de,88%,9,66,75,66,9,0,0
0x6d1ef3,72.7273%,9,24,33,0,0,9,24
0x554555,96.9697%,9,288,297,2,6,3,286
0xb2e5f5,99.9692%,9,29240,29249,0,0,9,29240
0x554f84,84.7458%,9,50,59,0,4,5,50
0x555d18,99.1674%,9,1072,1081,0,0,9,1072
0xa9421e,65.3846%,9,17,26,17,9,0,0
0x4a25e3,97.0968%,9,301,310,0,4,5,301
0x5fa4f5,88%,9,66,75,21,0,9,45
0x642e46,74.2857%,9,26,35,0,0,9,26
0xb31544,89.0244%,9,73,82,0,5,4,73
0x63872d,68.9655%,9,20,29,0,3,6,20
0x8f4305,99.3802%,9,1443,1452,1443,9,0,0
0x60dfc0,0%,9,0,9,0,0,9,0
0x5bae9f,90.8163%,9,89,98,89,9,0,0
0x90f23b,95.5%,9,191,200,191,9,0,0
0x482579,0%,9,0,9,0,9,0,0
0x66d3e2,99.5273%,9,1895,1904,1895,3,6,0
0x9f4e69,96.0352%,9,218,227,218,9,0,0
0xa90d13,85.7143%,9,54,63,54,9,0,0
0x80581c,94.8864%,9,167,176,164,2,7,3
0x409df1,93.4783%,9,129,138,129,9,0,0
0x4addfa,55%,9,11,20,11,9,0,0
0x409d13,90.1099%,9,82,91,2,7,2,80
0x8f4a53,99.6407%,9,2496,2505,0,0,9,2496
0x661624,99.2885%,9,1256,1265,1256,9,0,0
0x4099ec,52.6316%,9,10,19,1,0,9,9
0x8fcbed,97.0874%,9,300,309,0,0,9,300
0x8dd828,99.4482%,9,1622,1631,1608,3,6,14
0x4ca416,95.7547%,9,203,212,201,9,0,2
0x619bf9,55%,9,11,20,4,2,7,7
0x822276,96.7033%,9,264,273,0,0,9,264
0x4b66ec,55%,9,11,20,0,9,0,11
0x9f213f,10%,9,1,10,1,9,0,0
0x4a7bc3,82.3529%,9,42,51,42,9,0,0
0x608c31,98.3755%,9,545,554,545,9,0,0
0x90131f,82%,9,41,50,0,0,9,41
0xa9c70b,93.662%,9,133,142,133,9,0,0
0x8e96f7,99.0625%,9,951,960,951,9,0,0
0x918f6d,95.5%,9,191,200,191,7,2,0
0x6788fc,99.6843%,9,2842,2851,2842,9,0,0
0x8bd1f1,99.8584%,9,6346,6355,6346,9,0,0
0x487f0f,35.7143%,9,5,14,0,1,8,5
0x5fa448,88%,9,66,75,0,0,9,66
0x9f5aa4,88.75%,9,71,80,0,0,9,71
0x501363,99.4417%,9,1603,1612,0,0,9,1603
0xa1bb36,25%,9,3,12,0,0,9,3
0x81086f,88%,9,66,75,66,9,0,0
0x9012a1,66.6667%,9,18,27,18,6,3,0
0xa311f2,95.8333%,9,207,216,207,9,0,0
0x8f5713,98.8266%,9,758,767,0,0,9,758
0x48d732,55%,9,11,20,0,0,9,11
0x5b4153,70.9677%,9,22,31,13,1,8,9
0x54f535,99.7046%,9,3038,3047,3038,9,0,0
0x6705f7,93.2331%,9,124,133,0,0,9,124
0x49ff89,99.8971%,9,8737,8746,8737,9,0,0
0x49435b,91.4286%,9,96,105,96,9,0,0
0x4943a7,47.0588%,9,8,17,8,9,0,0
0x78ad41,60.8696%,9,14,23,14,9,0,0
0x9e840b,90.2174%,9,83,92,0,4,5,83
0x8e0ff5,98.8834%,9,797,806,797,9,0,0
0x4b7ef9,18.1818%,9,2,11,2,7,2,0
0x9e0985,74.2857%,9,26,35,26,9,0,0
0x8ff509,84.7458%,9,50,59,50,9,0,0
0x8f4e6b,99.6407%,9,2496,2505,2496,9,0,0
0x8a5afb,95.8716%,9,209,218,0,0,9,209
0x48f8a7,25%,9,3,12,0,2,7,3
0x8be8c7,78.0488%,9,32,41,10,8,1,22
0x4aafb0,18.1818%,9,2,11,1,9,0,1
0x60e11c,88.1579%,9,67,76,5,5,4,62
0x4a0329,67.8571%,9,19,28,19,9,0,0
0x51c8b6,99.2506%,9,1192,1201,1192,9,0,0
0x8e2013,99.3939%,9,1476,1485,0,0,9,1476
0x803e85,47.0588%,9,8,17,0,0,9,8
0x4bea3b,91.4286%,9,96,105,67,3,6,29
0x9f4ef3,92.562%,9,112,121,0,9,0,112
0x7d3746,91.5094%,9,97,106,0,0,9,97
0xa5936c,67.8571%,9,19,28,19,9,0,0
0xa35ffa,97.0588%,9,297,306,4,1,8,293
0x807c30,90.8163%,9,89,98,5,3,6,84
0xa05279,78.5714%,9,33,42,9,4,5,24
0x9b9068,0%,9,0,9,0,9,0,0
0x9a9ecd,65.3846%,9,17,26,0,0,9,17
0x7dfc25,43.75%,9,7,16,2,6,3,5
0x99e2fb,30.7692%,9,4,13,0,0,9,4
0xa4a674,72.7273%,9,24,33,0,0,9,24
0x49e1e0,99.2392%,9,1174,1183,0,0,9,1174
0x908678,99.4413%,9,1602,1611,0,0,9,1602
0x917b56,95.5%,9,191,200,0,0,9,191
0x91002c,98.6765%,9,671,680,0,0,9,671
0x5bc237,96.8198%,9,274,283,0,0,9,274
0x917886,94.4444%,9,153,162,3,9,0,150
0x8a63fe,93.3824%,9,127,136,11,3,6,116
0x8f1809,97.733%,9,388,397,0,0,9,388
0xa51e03,83.9286%,9,47,56,47,2,7,0
0xa25d68,88.4615%,9,69,78,69,9,0,0
0x8ea466,43.75%,9,7,16,6,6,3,1
0x48ee0a,97.281%,9,322,331,0,0,9,322
0x5908a1,99.5816%,9,2142,2151,0,0,9,2142
0x9a0c5f,67.8571%,9,19,28,19,2,7,0
0x666094,35.7143%,9,5,14,0,4,5,5
0xb2fdcf,98.2857%,9,516,525,516,9,0,0
0x511549,98.2726%,9,512,521,512,9,0,0
0x909108,99.5153%,9,1848,1857,0,0,9,1848
0x555c21,76.3158%,9,29,38,29,9,0,0
0x981366,85.4839%,9,53,62,0,0,9,53
0xa27620,99.5422%,9,1957,1966,1957,9,0,0
0x63a7c1,95.5%,9,191,200,191,9,0,0
0x8168b8,57.1429%,9,12,21,0,0,9,12
0x8e1280,99.6864%,9,2861,2870,2861,9,0,0
0x4bc9f7,25%,9,3,12,3,9,0,0
0x41068f,95.082%,9,174,183,0,6,3,174
0xaca83b,67.8571%,9,19,28,19,9,0,0
0x9d0706,70.9677%,9,22,31,22,9,0,0
0x68375b,80.8511%,9,38,47,0,0,9,38
0x50d66a,98.4429%,9,569,578,0,3,6,569
0x9fe8e9,77.5%,9,31,40,0,0,9,31
0x8aa8b1,98.7755%,9,726,735,726,9,0,0
0x82209e,97.0588%,9,297,306,297,9,0,0
0x8e0b74,99.5448%,9,1968,1977,0,0,9,1968
0x40455d,98.7654%,9,720,729,720,9,0,0
0x8db91d,96.25%,9,231,240,224,0,9,7
0x9f62c6,55%,9,11,20,7,5,4,4
0x9a6b0d,30.7692%,9,4,13,1,3,6,3
0x40bc2e,91.2621%,9,94,103,0,0,9,94
0x9ee5b1,86.5672%,9,58,67,58,9,0,0
0x9f2007,95.9459%,9,213,222,0,4,5,213
0x607061,55%,9,11,20,11,9,0,0
0x788c6c,84.7458%,9,50,59,0,0,9,50
0x5f5231,60.8696%,9,14,23,2,9,0,12
0xaaae32,95.1613%,9,177,186,0,0,9,177
0x80d558,91.8182%,9,101,110,100,8,1,1
0x58ca15,97.2393%,9,317,326,317,9,0,0
0x5357e5,64%,9,16,25,0,4,5,16
0x5c56de,89.1566%,9,74,83,0,0,9,74
0x969927,86.1538%,9,56,65,0,0,9,56
0x48fe2d,10%,9,1,10,1,9,0,0
0x8e0c85,91.9643%,9,103,112,0,0,9,103
0x4ad328,55%,9,11,20,11,9,0,0
0x67c9db,94.4444%,9,153,162,0,0,9,153
0x8e7e94,88.6076%,9,70,79,0,0,9,70
0x5f27a8,70.9677%,9,22,31,0,0,9,22
0x900c31,97.3054%,9,325,334,0,0,9,325
0x4c1e92,86.9565%,9,60,69,60,9,0,0
0x9c3d4f,80%,9,36,45,35,1,8,1
0x815104,30.7692%,9,4,13,2,6,3,2
0x90eba9,95.5%,9,191,200,191,9,0,0
0x8a9f4c,76.3158%,9,29,38,2,9,0,27
0x908550,99.5843%,9,2156,2165,2105,0,9,51
0x81eac1,97.3134%,9,326,335,0,0,9,326
0x5576db,97.973%,9,435,444,0,0,9,435
0x9e7d9c,62.5%,9,15,24,12,9,0,3
0x8a50c6,40%,9,6,15,2,7,2,4
0x9093a8,99.7575%,9,3703,3712,0,0,9,3703
0x5df21c,91.8919%,9,102,111,0,0,9,102
0x60722e,55%,9,11,20,11,9,0,0
0x681085,98.3486%,9,536,545,0,0,9,536
0x54d7f4,60.8696%,9,14,23,14,9,0,0
0x9913da,91.6667%,9,99,108,87,4,5,12
0x80fd44,99.901%,9,9079,9088,9079,9,0,0
0x5f9172,80.4348%,9,37,46,0,0,9,37
0x5ef8b5,47.0588%,9,8,17,8,9,0,0
0x5de315,99.2748%,9,1232,1241,1232,9,0,0
0x40bb41,96.9799%,9,289,298,2,0,9,287
0x9bdd73,83.6364%,9,46,55,46,9,0,0
0xa06fc0,0%,9,0,9,0,0,9,0
0x610bb6,95.5665%,9,194,203,0,9,0,194
0x49ec3b,94.4099%,9,152,161,0,0,9,152
0x5d1e4a,91.8182%,9,101,110,0,0,9,101
0x90c21b,98.9311%,9,833,842,833,9,0,0
0x65c0b4,98.0088%,9,443,452,0,0,9,443
0x5d8919,70%,9,21,30,0,0,9,21
0x9bc6ef,92.9134%,9,118,127,0,0,9,118
0x9112d1,99.1304%,9,1026,1035,0,0,9,1026
0x5095e6,78.0488%,9,32,41,0,0,9,32
0xa994d8,18.1818%,9,2,11,2,9,0,0
0x40bca4,91.2621%,9,94,103,0,4,5,94
0x40e550,43.75%,9,7,16,0,0,9,7
0x96b189,99.0077%,9,898,907,0,0,9,898
0x943cc9,93.5252%,9,130,139,125,4,5,5
0x8f19ca,81.25%,9,39,48,39,9,0,0
0x9778f0,91.5888%,9,98,107,67,4,5,31
0x9fb65b,96.3415%,9,237,246,0,0,9,237
0x50314f,95.2632%,9,181,190,0,0,9,181
0x58bd04,89.0244%,9,73,82,73,9,0,0
0x9e5dc2,74.2857%,9,26,35,18,0,9,8
0x48396d,68.9655%,9,20,29,20,9,0,0
0xaa7dab,83.3333%,9,45,54,43,4,5,2
0x4acb44,40%,9,6,15,0,3,6,6
0xa4f947,76.3158%,9,29,38,0,0,9,29
0x815c85,78.0488%,9,32,41,32,9,0,0
0x481deb,52.6316%,9,10,19,0,0,9,10
0x4ac600,70%,9,21,30,14,1,8,7
0x90fffa,98.6765%,9,671,680,671,9,0,0
0x80541e,18.1818%,9,2,11,0,9,0,2
0x481084,52.6316%,9,10,19,5,7,2,5
0x9fdc0a,50%,9,9,18,9,9,0,0
0x4900e4,10%,9,1,10,0,0,9,1
0x9a24fe,77.5%,9,31,40,31,9,0,0
0xa480ce,95.9821%,9,215,224,215,9,0,0
0x48064a,76.3158%,9,29,38,0,0,9,29
0x78ab67,87.5%,9,63,72,0,0,9,63
0x780879,50%,9,9,18,0,0,9,9
0x9e8af2,93.7931%,9,136,145,0,0,9,136
0x5ea9a8,94.5122%,9,155,164,135,2,7,20
0x483c63,52.6316%,9,10,19,10,9,0,0
0x402965,99.9063%,9,9596,9605,0,0,9,9596
0x4826cb,52.6316%,9,10,19,10,9,0,0
0x5b2346,78.0488%,9,32,41,0,0,9,32
0x4ca42a,95.7547%,9,203,212,203,9,0,0
0x48288a,52.6316%,9,10,19,10,9,0,0
0x482cdc,52.6316%,9,10,19,10,9,0,0
0x91a179,99.0635%,9,952,961,952,9,0,0
0x5e0128,96.8966%,9,281,290,138,7,2,143
0x808516,55%,9,11,20,10,3,6,1
0x9d0b06,91.1765%,9,93,102,42,9,0,51
0x5ebd6f,40%,9,6,15,0,8,1,6
0xa5561c,97.7887%,9,398,407,0,0,9,398
0x7a1119,74.2857%,9,26,35,22,7,2,4
0x50cef3,92.8571%,9,117,126,56,8,1,61
0x50a0e8,83.9286%,9,47,56,0,0,9,47
0x5091c6,98.6239%,9,645,654,0,0,9,645
0x53add7,80.8511%,9,38,47,0,0,9,38
0x504d14,25%,9,3,12,3,7,2,0
0x4b85de,18.1818%,9,2,11,2,7,2,0
0x90f21d,95.5%,9,191,200,0,0,9,191
0x488c4c,95.4082%,9,187,196,77,2,7,110
0x50bd2c,50%,9,9,18,0,0,9,9
0x5910ed,85.4839%,9,53,62,53,9,0,0
0x8ee721,97.5741%,9,362,371,0,0,9,362
0x50a0c9,88.1579%,9,67,76,9,5,4,58
0x6672db,70.9677%,9,22,31,0,0,9,22
0x504162,85.4839%,9,53,62,0,0,9,53
0x5481fa,99.8682%,9,6820,6829,0,0,9,6820
0x5a93d7,72.7273%,9,24,33,24,9,0,0
0x60e37b,10%,9,1,10,1,9,0,0
0x80547a,89.8876%,9,80,89,80,9,0,0
0x818a2b,99.9193%,9,11144,11153,0,0,9,11144
0x9fbf86,97.0588%,9,297,306,0,0,9,297
0x9ef469,85%,9,51,60,0,9,0,51
0x4bed76,96.2656%,9,232,241,212,3,6,20
0x4a591c,83.6364%,9,46,55,13,3,6,33
0x5c64ac,95.9821%,9,215,224,0,0,9,215
0x50876c,18.1818%,9,2,11,0,0,9,2
0x835ddd,55%,9,11,20,0,0,9,11
0x9d1ccc,76.3158%,9,29,38,7,9,0,22
0x81befb,71.875%,9,23,32,0,0,9,23
0x48108f,52.6316%,9,10,19,10,9,0,0
0x8ee47d,78.5714%,9,33,42,0,0,9,33
0xa18ac0,79.0698%,9,34,43,34,9,0,0
0x405ee4,86.3636%,9,57,66,52,2,7,5
0xaa120c,83.3333%,9,45,54,0,0,9,45
0x48ee3d,97.281%,9,322,331,0,0,9,322
0x8a340b,71.875%,9,23,32,12,2,7,11
0x9f8fb9,93.4783%,9,129,138,0,0,9,129
0x9a9af5,92.562%,9,112,121,0,0,9,112
0x5f0863,96.9595%,9,287,296,0,0,9,287
0x944204,98.9104%,9,817,826,0,0,9,817
0x48b094,35.7143%,9,5,14,5,9,0,0
0x8f419c,97.2308%,9,316,325,316,9,0,0
0x98fa9a,96.4981%,9,248,257,248,9,0,0
0x5505aa,97.3988%,9,337,346,337,9,0,0
0x4c63e6,68.9655%,9,20,29,5,0,9,15
0x813954,79.5455%,9,35,44,0,0,9,35
0x9a0f48,57.1429%,9,12,21,0,0,9,12
0x40ea43,97.1609%,9,308,317,308,9,0,0
0x480614,76.3158%,9,29,38,29,0,9,0
0xa58a74,93.4783%,9,129,138,0,0,9,129
0x48bd03,98.8608%,9,781,790,0,0,9,781
0x505a23,98.609%,9,638,647,0,0,9,638
0x9a5edf,35.7143%,9,5,14,5,9,0,0
0x507ec5,98.7838%,9,731,740,0,0,9,731
0x50d62e,99.2593%,9,1206,1215,124,9,0,1082
0x50801e,98.2955%,9,519,528,519,9,0,0
0x53ff05,97.8873%,9,417,426,414,8,1,3
0x9a765a,35.7143%,9,5,14,2,8,1,3
0x59be34,98.6607%,9,663,672,663,9,0,0
0x78183d,92.0354%,9,104,113,104,9,0,0
0x403a12,64%,9,16,25,13,2,7,3
0x820dd8,96.3115%,9,235,244,0,0,9,235
0x50e3e9,81.6327%,9,40,49,40,9,0,0
0xa304a8,98.5554%,9,614,623,0,0,9,614
0x980fd9,86.3636%,9,57,66,0,0,9,57
0xb4a1a8,98.7569%,9,715,724,0,0,9,715
0x9a6f52,0%,9,0,9,0,0,9,0
0x5b03b3,83.6364%,9,46,55,2,0,9,44
0x819875,98.9117%,9,818,827,0,0,9,818
0x8127ce,80.4348%,9,37,46,34,3,6,3
0x9a1ca1,95.5665%,9,194,203,0,0,9,194
0x63ee91,98.7688%,9,722,731,0,0,9,722
0x8fcfc0,87.3239%,9,62,71,62,9,0,0
0x4b9103,0%,9,0,9,0,0,9,0
0x510565,99.2788%,9,1239,1248,0,0,9,1239
0x647299,57.1429%,9,12,21,0,0,9,12
0xacfbca,88.4615%,9,69,78,19,9,0,50
0x8dcb5a,99.6085%,9,2290,2299,1519,2,7,771
0x54cf55,47.0588%,9,8,17,8,9,0,0
0x8aa8d3,98.7755%,9,726,735,0,0,9,726
0x494da8,94.3038%,9,149,158,0,0,9,149
0x8f2fce,89.2857%,9,75,84,0,0,9,75
0x48c581,10%,9,1,10,1,9,0,0
0x501847,99.0955%,9,986,995,0,0,9,986
0xa99d1b,18.1818%,9,2,11,0,0,9,2
0xa1a316,0%,9,0,9,0,9,0,0
0x8a7033,79.0698%,9,34,43,34,9,0,0
0x8a7588,96.5116%,9,249,258,105,6,3,144
0x9bd5b5,62.5%,9,15,24,0,0,9,15
0x6191a5,97.486%,9,349,358,0,0,9,349
0x495867,89.6552%,9,78,87,78,9,0,0
0x9ebd0a,85.7143%,9,54,63,0,0,9,54
0x5f6cd7,40%,9,6,15,5,0,9,1
0x8a731c,99.5366%,9,1933,1942,0,0,9,1933
0x9f858b,0%,9,0,9,0,0,9,0
0x9bd9ee,25%,9,3,12,0,0,9,3
0x7d29bf,62.5%,9,15,24,15,3,6,0
0x404772,98.5342%,9,605,614,10,2,7,595
0xa02cc4,86.5672%,9,58,67,0,4,5,58
0xa26c27,10%,9,1,10,0,0,9,1
0x64beec,99.0872%,9,977,986,163,8,1,814
0x5344f5,76.3158%,9,29,38,29,5,4,0
0x9ea570,65.3846%,9,17,26,17,9,0,0
0x5908bf,99.5816%,9,2142,2151,2125,6,3,17
0x5bd3bf,92.437%,9,110,119,110,9,0,0
0x8efc02,92.3077%,9,108,117,0,0,9,108
0x5bd793,92.437%,9,110,119,0,0,9,110
0x804faa,97.2727%,9,321,330,321,9,0,0
0x5be0a7,88.4615%,9,69,78,0,0,9,69
0xa57473,93.2836%,9,125,134,118,7,2,7
0x7d162f,86.1538%,9,56,65,0,0,9,56
0x4a5af6,57.1429%,9,12,21,2,8,1,10
0xa5730e,78.0488%,9,32,41,32,9,0,0
0x8f0ab3,78.5714%,9,33,42,33,9,0,0
0xa570b6,78.0488%,9,32,41,0,0,9,32
0xa576d1,62.5%,9,15,24,0,0,9,15
0x58cd4d,94.5455%,9,156,165,156,9,0,0
0xb1494a,99.7886%,9,4249,4258,0,0,9,4249
0x804bd7,10%,9,1,10,0,9,0,1
0x49aee6,76.9231%,9,30,39,30,9,0,0
0x50ca9b,55%,9,11,20,0,0,9,11
0x807028,97.7041%,9,383,392,383,9,0,0
0x8e25d5,99.8294%,9,5266,5275,101,9,0,5165
0x537c56,98.7788%,9,728,737,0,0,9,728
0x491478,94.3038%,9,149,158,149,9,0,0
0x49322b,76.9231%,9,30,39,30,9,0,0
0x4914be,94.4099%,9,152,161,1,1,8,151
0x8a2382,25%,9,3,12,0,2,7,3
0xb1497b,99.7886%,9,4249,4258,0,0,9,4249
0xa99ab3,40%,9,6,15,6,9,0,0
0x9e2a6f,87.8378%,9,65,74,0,0,9,65
0x5b526b,55%,9,11,20,2,0,9,9
0x9f3eb1,94.3396%,9,150,159,150,9,0,0
0x99b0db,57.1429%,9,12,21,12,9,0,0
0x80660e,25%,9,3,12,3,2,7,0
0x98b581,94.9438%,9,169,178,157,4,5,12
0xaa7d1e,10%,9,1,10,0,0,9,1
0xaa7d06,10%,9,1,10,0,0,9,1
0x4bc278,30.7692%,9,4,13,4,9,0,0
0x533604,79.5455%,9,35,44,0,2,7,35
0x5c6c09,99.581%,9,2139,2148,2139,9,0,0
0x88e63a,64%,9,16,25,16,9,0,0
0x99b04f,10%,9,1,10,1,9,0,0
0x550f12,65.3846%,9,17,26,14,3,6,3
0x99c8b0,98.1818%,9,486,495,0,0,9,486
0x7c7236,0%,9,0,9,0,0,9,0
0x901fa1,99.8082%,9,4683,4692,0,0,9,4683
0x949754,88.6076%,9,70,79,0,0,9,70
0x8d431f,25%,9,3,12,1,9,0,2
0xa274bf,97.619%,9,369,378,369,9,0,0
0x944faa,95.0549%,9,173,182,173,0,9,0
0x495959,52.6316%,9,10,19,10,9,0,0
0x495a10,50%,9,9,18,0,0,9,9
0x9e5c09,74.2857%,9,26,35,26,9,0,0
0x9a0c8d,67.8571%,9,19,28,0,0,9,19
0x404655,84.7458%,9,50,59,49,8,1,1
0x4b6730,18.1818%,9,2,11,0,0,9,2
0x53aa73,78.0488%,9,32,41,31,8,1,1
0x679c73,99.4767%,9,1711,1720,1711,9,0,0
0x9a2373,55%,9,11,20,0,0,9,11
0x9429dc,93.8356%,9,137,146,137,9,0,0
0x5f14fd,76.3158%,9,29,38,0,0,9,29
0x9d1210,92.5%,9,111,120,0,0,9,111
0x4a6dd1,67.8571%,9,19,28,0,0,9,19
0x40475a,98.5342%,9,605,614,10,2,7,595
0xaadc2c,97.2308%,9,316,325,0,0,9,316
0xb3026f,99.8603%,9,6432,6441,0,0,9,6432
0x4958a8,89.6552%,9,78,87,0,0,9,78
0xa9ea39,94.6429%,9,159,168,159,9,0,0
0x5ae442,78.0488%,9,32,41,32,0,9,0
0x98b3ec,83.0189%,9,44,53,0,0,9,44
0x4b871e,18.1818%,9,2,11,2,9,0,0
0x5af54d,85.4839%,9,53,62,53,9,0,0
0x5b1853,88%,9,66,75,0,0,9,66
0x537f26,98.7688%,9,722,731,0,0,9,722
0x66643f,98.2824%,9,515,524,0,0,9,515
0x81b797,52.6316%,9,10,19,0,0,9,10
0x94d91c,84.4828%,9,49,58,49,9,0,0
0x9d0142,97.4286%,9,341,350,340,0,9,1
0xaab0f2,88.4615%,9,69,78,0,0,9,69
0x58d9f8,87.1429%,9,61,70,61,9,0,0
0x5fb23e,87.1429%,9,61,70,0,9,0,61
0x9f950c,93.2836%,9,125,134,0,0,9,125
0x944fbe,0%,9,0,9,0,9,0,0
0x60a873,97.7215%,9,386,395,0,0,9,386
0x5af7c8,83.0189%,9,44,53,3,6,3,41
0x978102,93.2331%,9,124,133,0,0,9,124
0x4022d6,99.4958%,9,1776,1785,0,0,9,1776
0x54d157,40%,9,6,15,6,9,0,0
0x53388a,50%,9,9,18,0,0,9,9
0x94d9a1,98.546%,9,610,619,610,9,0,0
0x951035,91.5094%,9,97,106,97,7,2,0
0x818d46,99.8116%,9,4768,4777,4768,9,0,0
0x537c48,79.5455%,9,35,44,35,3,6,0
0xa58fc4,92.437%,9,110,119,6,6,3,104
0x9e48c5,50%,9,9,18,0,0,9,9
0xa917b4,71.875%,9,23,32,0,0,9,23
0xaaaf11,25%,9,3,12,3,5,4,0
0xa94977,62.5%,9,15,24,0,0,9,15
0xa32939,55%,9,11,20,0,1,8,11
0x9f5eb1,97.8873%,9,417,426,415,7,2,2
0x501856,99.7228%,9,3238,3247,0,0,9,3238
0x4c72d3,50%,9,9,18,9,9,0,0
0x69dbed,25%,9,3,12,3,9,0,0
0xa180a7,98.6938%,9,680,689,0,0,9,680
0x9f4034,72.7273%,9,24,33,0,0,9,24
0x835dc2,76.3158%,9,29,38,14,4,5,15
0x49d7ca,90.3226%,9,84,93,84,9,0,0
0x405ad6,91.3462%,9,95,104,2,0,9,93
0x9f5306,94.1935%,9,146,155,20,8,1,126
0x9f6d5b,95.8716%,9,209,218,209,4,5,0
0x9a4833,43.75%,9,7,16,5,3,6,2
0x8140d0,98.7871%,9,733,742,733,9,0,0
0x4ab2b8,18.1818%,9,2,11,2,9,0,0
0x99cf24,0%,9,0,9,0,9,0,0
0x8dfeec,86.7647%,9,59,68,51,7,2,8
0x8a67e5,0%,9,0,9,0,9,0,0
0xa9c79a,93.662%,9,133,142,1,3,6,132
0x9f887c,52.6316%,9,10,19,10,9,0,0
0xa9dac0,40%,9,6,15,1,5,4,5
0x5cd3c3,83.0189%,9,44,53,44,9,0,0
0xa911ff,59.0909%,9,13,22,7,2,7,6
0x9f7a0e,91.9643%,9,103,112,0,0,9,103
0x49e76d,99.692%,9,2913,2922,2913,9,0,0
0xa9ecd7,97.4212%,9,340,349,122,1,8,218
0x4bb80f,50%,9,9,18,0,0,9,9
0x60b5ec,96.3265%,9,236,245,17,1,8,219
0x554d1c,92.9134%,9,118,127,118,5,4,0
0x8a6b8b,30.7692%,9,4,13,4,9,0,0
0x9a654a,94.8864%,9,167,176,167,5,4,0
0x9f71ba,35.7143%,9,5,14,5,9,0,0
0x952403,96.5909%,9,255,264,0,0,9,255
0x551018,40%,9,6,15,6,9,0,0
0x9e5ee3,50%,9,9,18,9,9,0,0
0x9f447c,90.1099%,9,82,91,65,4,5,17
0x9a6409,94.8864%,9,167,176,167,9,0,0
0x984f81,25%,9,3,12,0,0,9,3
0x9a9f16,78.0488%,9,32,41,4,9,0,28
0x8d3ef3,50%,9,9,18,4,1,8,5
0x482a97,0%,9,0,9,0,9,0,0
0x537ab8,79.5455%,9,35,44,35,3,6,0
0x901231,95.1351%,9,176,185,0,3,6,176
0x40e39f,99.1581%,9,1060,1069,2,4,5,1058
0x8fdaa2,85.7143%,9,54,63,0,7,2,54
0x959672,92.7419%,9,115,124,115,9,0,0
0x99ce2a,0%,9,0,9,0,9,0,0
0x643a48,73.5294%,9,25,34,25,9,0,0
0xa05fdf,55%,9,11,20,0,0,9,11
0x977fb0,93.5252%,9,130,139,0,0,9,130
0x94edc2,70%,9,21,30,0,0,9,21
0x49a154,71.875%,9,23,32,0,0,9,23
0xa9edbb,25%,9,3,12,3,9,0,0
0x50cdec,97.1963%,9,312,321,0,0,9,312
0x68695f,96.7972%,9,272,281,0,0,9,272
0x94c88e,43.75%,9,7,16,7,9,0,0
0xa57324,78.0488%,9,32,41,32,9,0,0
0xa5944b,95.7547%,9,203,212,0,0,9,203
0x510e7c,97.8622%,9,412,421,412,9,0,0
0xa5d16b,64%,9,16,25,1,0,9,15
0xaa12bb,85.7143%,9,54,63,0,0,9,54
0x8173a1,64%,9,16,25,5,4,5,11
0x97b7e5,57.1429%,9,12,21,0,2,7,12
0x8a6bf3,91.1765%,9,93,102,0,1,8,93
0x5d8c65,10%,9,1,10,1,9,0,0
0x666236,81.25%,9,39,48,39,9,0,0
0x638e0e,98.3547%,9,538,547,0,0,9,538
0x48a0a9,99.7709%,9,3919,3928,0,0,9,3919
0x480c56,0%,9,0,9,0,9,0,0
0xa362b4,96.9697%,9,288,297,0,0,9,288
0x537fab,99.9066%,9,9623,9632,0,0,9,9623
0xa159b3,97.6378%,9,372,381,0,6,3,372
0xa5b0c7,0%,9,0,9,0,7,2,0
0x8f3e65,96.9492%,9,286,295,286,9,0,0
0x806825,77.5%,9,31,40,28,0,9,3
0xa23c97,86.1538%,9,56,65,55,8,1,1
0x81a464,97.8102%,9,402,411,0,1,8,402
0x9f09ad,76.9231%,9,30,39,30,9,0,0
0x4103a6,97.6316%,9,371,380,371,9,0,0
0x8ea1ff,93.75%,9,135,144,0,0,9,135
0xaaae42,95.1613%,9,177,186,0,0,9,177
0x809753,40%,9,6,15,5,0,9,1
0x54f08c,79.0698%,9,34,43,1,5,4,33
0x65ae1e,30.7692%,9,4,13,4,9,0,0
0x8220d4,97.0588%,9,297,306,0,0,9,297
0x804e4a,90.625%,9,87,96,87,7,2,0
0x51b5be,99.8294%,9,5266,5275,0,0,9,5266
0x6041fb,99.9597%,9,22298,22307,0,0,9,22298
0x542ece,94.1176%,9,144,153,0,0,9,144
0xa35935,99.1009%,9,992,1001,0,0,9,992
0x8188d2,96.99%,9,290,299,290,9,0,0
0x4ab1e7,43.75%,9,7,16,0,0,9,7
0xa974d8,93.9597%,9,140,149,140,9,0,0
0xa2fda4,96.0526%,9,219,228,0,0,9,219
0x4ab917,70.9677%,9,22,31,4,8,1,18
0x8f2080,76.9231%,9,30,39,30,9,0,0
0x5b9b59,83.9286%,9,47,56,0,0,9,47
0xad7b0e,98.8095%,9,747,756,0,0,9,747
0xa50b97,43.75%,9,7,16,0,0,9,7
0x8be847,60.8696%,9,14,23,0,1,8,14
0x48ab07,99.8012%,9,4519,4528,4519,9,0,0
0x60bb2b,47.0588%,9,8,17,8,9,0,0
0x8ef2b0,81.25%,9,39,48,39,9,0,0
0x8f3140,98.9876%,9,880,889,0,0,9,880
0xa94b02,67.8571%,9,19,28,17,7,2,2
0xa302e8,91.8182%,9,101,110,1,8,1,100
0x492a78,94.5455%,9,156,165,0,0,9,156
0x809e1a,94.0397%,9,142,151,0,0,9,142
0xa30eda,95.3846%,9,186,195,186,9,0,0
0x5086c2,76.3158%,9,29,38,0,0,9,29
0x8aa989,99.7369%,9,3412,3421,3412,9,0,0
0x551dc8,96.5385%,9,251,260,251,9,0,0
0x80ebb7,97.5543%,9,359,368,359,9,0,0
0x80ecab,97.5543%,9,359,368,359,9,0,0
0x402fde,86.9565%,9,60,69,0,0,9,60
0x9f3233,94.3396%,9,150,159,1,3,6,149
0x80f20d,94.7059%,9,161,170,158,8,1,3
0x8dd890,95.5%,9,191,200,0,0,9,191
0x543d4e,95.1872%,9,178,187,0,0,9,178
0x508f9e,76.3158%,9,29,38,0,0,9,29
0x4b86a0,18.1818%,9,2,11,2,9,0,0
0x9f95e3,88%,9,66,75,13,9,0,53
0x4a7feb,90.2174%,9,83,92,0,0,9,83
0x5d8e21,10%,9,1,10,1,9,0,0
0x838f8e,55%,9,11,20,2,0,9,9
0x9e286c,97.6501%,9,374,383,374,9,0,0
0xaa7f1d,25%,9,3,12,3,9,0,0
0x9e0914,88.8889%,9,72,81,0,2,7,72
0x9a4915,43.75%,9,7,16,3,9,0,4
0x48f169,25%,9,3,12,3,9,0,0
0x4999d8,87.8378%,9,65,74,42,6,3,23
0x98b586,47.0588%,9,8,17,8,9,0,0
0x539d5c,81.25%,9,39,48,1,5,4,38
0x5af74b,0%,9,0,9,0,9,0,0
0x9f946b,92.5%,9,111,120,99,4,5,12
0x8a612c,96.6667%,9,261,270,0,0,9,261
0x8f489a,99.3492%,9,1374,1383,1374,9,0,0
0x54803c,97.8774%,9,415,424,246,9,0,169
0x804106,85%,9,51,60,0,0,9,51
0x90f2e9,95.5%,9,191,200,0,0,9,191
0x5ebee5,35.7143%,9,5,14,0,0,9,5
0x815e4b,0%,9,0,9,0,9,0,0
0x543754,73.5294%,9,25,34,0,0,9,25
0x534eb3,99.6984%,9,2975,2984,0,0,9,2975
0xa36368,25%,9,3,12,0,0,9,3
0x509180,93.3824%,9,127,136,127,9,0,0
0x5412fc,99.8855%,9,7849,7858,7849,9,0,0
0x65c29b,99.8115%,9,4765,4774,4765,9,0,0
0x808866,97.2477%,9,318,327,318,5,4,0
0x8aec94,93.5252%,9,130,139,121,9,0,9
0x65a04e,99.4755%,9,1707,1716,1457,6,3,250
0xa08472,43.75%,9,7,16,0,5,4,7
0x9d06ac,86.1538%,9,56,65,56,9,0,0
0x639bf7,98.6196%,9,643,652,643,9,0,0
0x834268,83.6364%,9,46,55,0,2,7,46
0x6229cb,10%,9,1,10,0,0,9,1
0xa338a9,92.2414%,9,107,116,5,2,7,102
0x8068b2,47.0588%,9,8,17,8,9,0,0
0xa4ba65,95.3608%,9,185,194,0,0,9,185
0x6f07e0,43.75%,9,7,16,7,9,0,0
0x80457b,30.7692%,9,4,13,1,4,5,3
0xa8f8f1,65.3846%,9,17,26,0,0,9,17
0x9a3417,83.9286%,9,47,56,47,9,0,0
0xa49833,96.7857%,9,271,280,271,9,0,0
0x8d2f4e,87.3239%,9,62,71,0,0,9,62
0x9e718b,83.6364%,9,46,55,5,9,0,41
0x485f20,47.0588%,9,8,17,8,9,0,0
0x540a37,91.5094%,9,97,106,83,5,4,14
0xaa9f36,66.6667%,9,18,27,0,0,9,18
0x40b158,95.3368%,9,184,193,184,9,0,0
0xa04aa5,87.8378%,9,65,74,0,0,9,65
0x806719,10%,9,1,10,0,0,9,1
0x64e032,97.4359%,9,342,351,0,0,9,342
0x546504,98.7143%,9,691,700,348,2,7,343
0xa4b672,55%,9,11,20,0,0,9,11
0x9c39b0,85.9375%,9,55,64,55,1,8,0
0x491509,94.3396%,9,150,159,0,0,9,150
0xa4bbae,35.7143%,9,5,14,5,9,0,0
0xa08682,68.9655%,9,20,29,20,5,4,0
0x5e59b3,98.882%,9,796,805,796,9,0,0
0x64dff6,98.3425%,9,534,543,534,9,0,0
0x9d0c0d,91.1765%,9,93,102,44,7,2,49
0x5bc630,92.437%,9,110,119,110,9,0,0
0x44176e,18.1818%,9,2,11,0,0,9,2
0x66f672,64%,9,16,25,13,5,4,3
0x502d87,95.2128%,9,179,188,179,9,0,0
0x96ae62,52.6316%,9,10,19,0,0,9,10
0x9a977e,10%,9,1,10,0,0,9,1
0x502e0f,30.7692%,9,4,13,4,6,3,0
0x96aec9,76.3158%,9,29,38,29,9,0,0
0xa28113,95.6938%,9,200,209,200,6,3,0
0x9f2a58,91.3462%,9,95,104,0,0,9,95
0xa02ae7,25%,9,3,12,3,0,9,0
0xaa2402,73.5294%,9,25,34,0,0,9,25
0x48ced6,83.6364%,9,46,55,45,9,0,1
0x9c39a9,87.6712%,9,64,73,1,8,1,63
0xa595c0,95.5446%,9,193,202,193,9,0,0
0x8f4079,85.2459%,9,52,61,0,0,9,52
0xa37202,10%,9,1,10,1,9,0,0
0x81c1cb,90.625%,9,87,96,0,0,9,87
0x787be9,98.5413%,9,608,617,605,1,8,3
0x9f283f,98.9024%,9,811,820,811,9,0,0
0xa53152,10%,9,1,10,0,2,7,1
0xa36816,97.9592%,9,432,441,0,0,9,432
0x5c4ca6,63.6364%,8,14,22,6,8,0,8
0x804fcb,87.3016%,8,55,63,1,1,7,54
0x4acb4c,33.3333%,8,4,12,0,0,8,4
0xa93956,27.2727%,8,3,11,3,8,0,0
0x5fea06,80.9524%,8,34,42,4,8,0,30
0x686dbf,90.3614%,8,75,83,0,0,8,75
0x9ee2f8,87.0968%,8,54,62,8,8,0,46
0xa3e2e2,50%,8,8,16,8,0,8,0
0xb2e329,52.9412%,8,9,17,0,0,8,9
0x96aec1,82.6087%,8,38,46,0,8,0,38
0x808957,75.7576%,8,25,33,0,2,6,25
0xa06feb,11.1111%,8,1,9,1,8,0,0
0x8a911c,70.3704%,8,19,27,15,0,8,4
0x6196d3,89.3333%,8,67,75,0,0,8,67
0x4ac8d8,46.6667%,8,7,15,6,3,5,1
0xa4736c,27.2727%,8,3,11,0,0,8,3
0xa3d1b2,0%,8,0,8,0,0,8,0
0xa39b8a,98.6842%,8,600,608,0,0,8,600
0x686829,94.9686%,8,151,159,0,0,8,151
0x9a4809,60%,8,12,20,0,8,0,12
0x80ae6f,77.1429%,8,27,35,0,0,8,27
0x99e153,46.6667%,8,7,15,1,1,7,6
0x805bdc,99.7127%,8,2777,2785,0,0,8,2777
0x5d60de,93.985%,8,125,133,125,8,0,0
0x949890,89.8734%,8,71,79,0,0,8,71
0x402d7f,92.6606%,8,101,109,38,8,0,63
0xa969a6,50%,8,8,16,0,0,8,8
0x648c21,69.2308%,8,18,26,5,8,0,13
0x9ec01a,20%,8,2,10,2,8,0,0
0x9f2947,98.6014%,8,564,572,564,8,0,0
0x409d33,61.9048%,8,13,21,0,8,0,13
0x90e11c,73.3333%,8,22,30,0,0,8,22
0x8ae813,27.2727%,8,3,11,3,3,5,0
0x5fb70b,85.4545%,8,47,55,0,0,8,47
0x8dc2a8,92.7273%,8,102,110,102,8,0,0
0x9fb7ae,97.3856%,8,298,306,298,5,3,0
0x8eddd4,98.2262%,8,443,451,0,0,8,443
0x9fe886,80%,8,32,40,0,0,8,32
0x9846e5,33.3333%,8,4,12,0,8,0,4
0xa09514,33.3333%,8,4,12,2,2,6,2
0xa99e31,46.6667%,8,7,15,0,0,8,7
0x67f309,96.9231%,8,252,260,118,8,0,134
0x489e5f,88.2353%,8,60,68,0,0,8,60
0x683697,90.1235%,8,73,81,73,8,0,0
0x7911ef,63.6364%,8,14,22,14,8,0,0
0x5b178b,20%,8,2,10,2,8,0,0
0x9f5a14,82.9787%,8,39,47,0,0,8,39
0xa97111,78.3784%,8,29,37,29,8,0,0
0xa9c78d,94.3662%,8,134,142,0,0,8,134
0xb37683,99.8556%,8,5534,5542,0,0,8,5534
0x4b66cb,73.3333%,8,22,30,0,2,6,22
0x90ab6a,70.3704%,8,19,27,0,0,8,19
0x5f9599,0%,8,0,8,0,8,0,0
0xa72613,95.4286%,8,167,175,167,8,0,0
0x8224d6,98.3573%,8,479,487,475,7,1,4
0x833e62,0%,8,0,8,0,8,0,0
0x65a0bb,99.4681%,8,1496,1504,0,0,8,1496
0x5d2a81,0%,8,0,8,0,8,0,0
0x99e826,38.4615%,8,5,13,0,0,8,5
0x5af0b8,20%,8,2,10,0,0,8,2
0x8e1f69,96.2617%,8,206,214,0,0,8,206
0x48069f,72.4138%,8,21,29,0,0,8,21
0x65a133,99.4532%,8,1455,1463,0,0,8,1455
0x8a257d,96.0976%,8,197,205,197,8,0,0
0x81ece1,99.4997%,8,1591,1599,0,0,8,1591
0x97a67c,0%,8,0,8,0,0,8,0
0x6754d0,63.6364%,8,14,22,14,7,1,0
0x5423ba,96.347%,8,211,219,0,0,8,211
0xa3ef38,0%,8,0,8,0,8,0,0
0x90fd56,97.1429%,8,272,280,0,0,8,272
0xa2f9fa,89.7436%,8,70,78,69,5,3,1
0x9d0385,94.702%,8,143,151,143,8,0,0
0xa48ddf,95.5056%,8,170,178,0,0,8,170
0x54105a,99.9435%,8,14151,14159,0,0,8,14151
0xa3bd48,50%,8,8,16,8,0,8,0
0xa32ba0,99.137%,8,919,927,0,0,8,919
0x5422b5,96.347%,8,211,219,0,0,8,211
0x49b2e3,99.1238%,8,905,913,0,0,8,905
0x94d5f6,98.5816%,8,556,564,0,0,8,556
0x9591b8,50%,8,8,16,7,6,2,1
0xa4a4fb,20%,8,2,10,2,8,0,0
0x9d2ed3,87.6923%,8,57,65,53,8,0,4
0x9f12c1,20%,8,2,10,2,8,0,0
0x640560,96%,8,192,200,192,8,0,0
0x9f9bfa,57.8947%,8,11,19,11,8,0,0
0x40d44f,98.8183%,8,669,677,368,7,1,301
0x81e3b4,96.2791%,8,207,215,207,8,0,0
0x5bee3a,99.4294%,8,1394,1402,1394,6,2,0
0x9e629e,88.8889%,8,64,72,0,0,8,64
0x69de1a,33.3333%,8,4,12,4,8,0,0
0x441557,27.2727%,8,3,11,0,0,8,3
0xa9c7a3,94.2029%,8,130,138,0,0,8,130
0x9e0feb,90%,8,72,80,72,8,0,0
0x406c78,86.2069%,8,50,58,50,8,0,0
0x95aeb2,65.2174%,8,15,23,15,8,0,0
0x6096fd,95.0617%,8,154,162,154,8,0,0
0x81b955,97.4763%,8,309,317,309,8,0,0
0x808a49,79.4872%,8,31,39,2,7,1,29
0x83408d,89.3333%,8,67,75,67,6,2,0
0x677b9b,89.7436%,8,70,78,0,0,8,70
0x4b61b1,61.9048%,8,13,21,0,0,8,13
0x9f2640,79.4872%,8,31,39,0,0,8,31
0x5357ae,93.75%,8,120,128,67,0,8,53
0xa3d14d,0%,8,0,8,0,0,8,0
0x50aae0,20%,8,2,10,0,0,8,2
0x9aa0e4,85.1852%,8,46,54,0,0,8,46
0x9497ae,89.8734%,8,71,79,0,0,8,71
0xa9662b,0%,8,0,8,0,8,0,0
0xa4379b,98.1132%,8,416,424,0,4,4,416
0x5babb0,98.946%,8,751,759,0,0,8,751
0x8f1606,78.9474%,8,30,38,30,8,0,0
0x9a18db,61.9048%,8,13,21,0,0,8,13
0x8a3147,20%,8,2,10,0,0,8,2
0x4c0409,90.6977%,8,78,86,0,0,8,78
0x9a5e06,20%,8,2,10,0,0,8,2
0xa96824,69.2308%,8,18,26,18,8,0,0
0xa37381,75%,8,24,32,0,0,8,24
0x642e59,77.1429%,8,27,35,0,0,8,27
0x9e7fda,93.4959%,8,115,123,115,8,0,0
0x8e46b6,50%,8,8,16,0,0,8,8
0x9e3950,97.4026%,8,300,308,0,0,8,300
0x81fa25,98.9835%,8,779,787,16,4,4,763
0x684190,0%,8,0,8,0,8,0,0
0xa3b29d,96.4912%,8,220,228,220,8,0,0
0x67e4f2,63.6364%,8,14,22,0,0,8,14
0x642e30,77.1429%,8,27,35,0,0,8,27
0x9a9d44,85.1852%,8,46,54,0,0,8,46
0xa3a4ce,99.1285%,8,910,918,0,0,8,910
0x51065c,99.1462%,8,929,937,929,8,0,0
0x4ca717,27.2727%,8,3,11,2,7,1,1
0x58c099,88.5714%,8,62,70,0,0,8,62
0xa4def2,60%,8,12,20,0,0,8,12
0x402a41,99.8902%,8,7277,7285,7277,8,0,0
0x814ea6,63.6364%,8,14,22,0,1,7,14
0x9e6ec1,0%,8,0,8,0,8,0,0
0x404241,98.3158%,8,467,475,0,0,8,467
0x402b37,99.1379%,8,920,928,920,8,0,0
0x7c7446,0%,8,0,8,0,0,8,0
0x679b65,99.7098%,8,2749,2757,0,0,8,2749
0x917ab1,96%,8,192,200,192,8,0,0
0xa42c1c,85.1852%,8,46,54,0,0,8,46
0x547cf0,94.5205%,8,138,146,138,8,0,0
0x8173ca,91.3043%,8,84,92,0,0,8,84
0x49e32d,97.6608%,8,334,342,334,8,0,0
0xa39511,98.895%,8,716,724,716,8,0,0
0x441577,27.2727%,8,3,11,0,0,8,3
0x4ae846,60%,8,12,20,0,0,8,12
0x9e60dd,96.6387%,8,230,238,230,1,7,0
0x9ee40d,63.6364%,8,14,22,14,8,0,0
0x9a1a23,60%,8,12,20,12,8,0,0
0x80b951,66.6667%,8,16,24,16,8,0,0
0xa943c5,96.4286%,8,216,224,0,0,8,216
0x5c3436,98.8406%,8,682,690,682,8,0,0
0x9a8ed4,71.4286%,8,20,28,13,1,7,7
0x5f8739,91.2088%,8,83,91,0,3,5,83
0x9f9602,91.3043%,8,84,92,66,2,6,18
0xa4b70a,96.6245%,8,229,237,0,0,8,229
0x7d2c5a,57.8947%,8,11,19,7,8,0,4
0x5f8895,91.6667%,8,88,96,88,8,0,0
0x7d3780,88.0597%,8,59,67,23,4,4,36
0xa5bee6,75%,8,24,32,24,8,0,0
0x5357f0,61.9048%,8,13,21,4,1,7,9
0xa9ca28,20%,8,2,10,0,0,8,2
0xa4a346,78.9474%,8,30,38,13,5,3,17
0x5393b7,93.9394%,8,124,132,0,0,8,124
0x80f1e5,95.2941%,8,162,170,162,8,0,0
0x403ce1,92.9204%,8,105,113,0,0,8,105
0x8df54e,0%,8,0,8,0,8,0,0
0x5d1b03,92.7273%,8,102,110,102,8,0,0
0xa553cb,92.9825%,8,106,114,87,1,7,19
0x901ac7,96.8%,8,242,250,0,0,8,242
0x8379dc,83.3333%,8,40,48,2,2,6,38
0x8df508,11.1111%,8,1,9,1,0,8,0
0xa46299,80.4878%,8,33,41,33,8,0,0
0xa2cb53,99.1031%,8,884,892,0,0,8,884
0x9a1dc3,46.6667%,8,7,15,0,0,8,7
0x508a77,27.2727%,8,3,11,3,8,0,0
0xa508e5,97.7901%,8,354,362,0,4,4,354
0x5d1806,66.6667%,8,16,24,0,0,8,16
0x54f31c,63.6364%,8,14,22,0,0,8,14
0xaa5c5c,76.4706%,8,26,34,26,8,0,0
0xa34de3,98.9204%,8,733,741,733,8,0,0
0x810760,98.9218%,8,734,742,734,8,0,0
0xa556d5,90.3614%,8,75,83,75,8,0,0
0x8dfe6f,96.9231%,8,252,260,0,0,8,252
0xa90206,87.3016%,8,55,63,18,7,1,37
0x5449c4,55.5556%,8,10,18,1,8,0,9
0xa4d443,88.0597%,8,59,67,59,8,0,0
0x81b44f,52.9412%,8,9,17,2,4,4,7
0x7b00c4,0%,8,0,8,0,0,8,0
0x8119e5,99.051%,8,835,843,835,6,2,0
0xa41fd2,97.2318%,8,281,289,0,0,8,281
0x53e39e,99.7459%,8,3140,3148,3140,8,0,0
0x64043e,99.1675%,8,953,961,520,8,0,433
0x49ff5a,98.6689%,8,593,601,593,8,0,0
0x9750c8,0%,8,0,8,0,8,0,0
0xb22b29,99.5717%,8,1860,1868,0,0,8,1860
0x63fd39,99.7161%,8,2810,2818,2810,8,0,0
0x8e0da8,96.5066%,8,221,229,221,8,0,0
0x8efe90,42.8571%,8,6,14,2,1,7,4
0x9a6aa3,38.4615%,8,5,13,3,6,2,2
0x822541,98.1043%,8,414,422,0,6,2,414
0x50a057,98.3707%,8,483,491,0,0,8,483
0x811fc5,42.8571%,8,6,14,6,8,0,0
0x541e75,90%,8,72,80,72,8,0,0
0x8f1ba9,94.0299%,8,126,134,0,0,8,126
0x99e01d,46.6667%,8,7,15,0,0,8,7
0x557aa2,87.6923%,8,57,65,0,0,8,57
0x9d3113,86.2069%,8,50,58,0,0,8,50
0xa1ad66,84.9057%,8,45,53,0,0,8,45
0x9fec31,73.3333%,8,22,30,0,0,8,22
0x4a21c3,0%,8,0,8,0,8,0,0
0x48e8a9,42.8571%,8,6,14,6,1,7,0
0x4a650a,20%,8,2,10,2,8,0,0
0x843896,33.3333%,8,4,12,0,8,0,4
0xa33f94,84.6154%,8,44,52,44,5,3,0
0xaaaf4b,93.5484%,8,116,124,0,0,8,116
0x5501b7,94.1176%,8,128,136,0,0,8,128
0x540ebd,0%,8,0,8,0,8,0,0
0x9f0c0b,91.5789%,8,87,95,0,0,8,87
0x556a89,96.9112%,8,251,259,248,7,1,3
0xa31507,84.6154%,8,44,52,44,0,8,0
0x983a92,72.4138%,8,21,29,20,7,1,1
0xa1ad59,84.9057%,8,45,53,0,0,8,45
0x805f08,82.9787%,8,39,47,0,0,8,39
0x49eb14,65.2174%,8,15,23,0,0,8,15
0x60e6a3,78.9474%,8,30,38,30,8,0,0
0x9e88a5,90.1235%,8,73,81,73,3,5,0
0x9f0e3f,77.7778%,8,28,36,0,0,8,28
0x8f0d89,80%,8,32,40,0,0,8,32
0xa522bf,94.8052%,8,146,154,0,6,2,146
0x815a0d,90.4762%,8,76,84,76,8,0,0
0x487702,46.6667%,8,7,15,1,0,8,6
0x8ef5a4,94.0741%,8,127,135,0,0,8,127
0xa50b15,89.4737%,8,68,76,0,0,8,68
0xa37049,75%,8,24,32,24,8,0,0
0x805acf,90.4762%,8,76,84,0,0,8,76
0x949faa,96.4126%,8,215,223,215,8,0,0
0x492eba,88.8889%,8,64,72,0,0,8,64
0x5f8e07,97.8552%,8,365,373,0,4,4,365
0x4b93ea,50%,8,8,16,2,1,7,6
0x81f121,99.0708%,8,853,861,0,0,8,853
0x94c956,87.5%,8,56,64,56,8,0,0
0x61281c,88.5714%,8,62,70,0,0,8,62
0x984685,91.5789%,8,87,95,0,0,8,87
0x9a97d4,60%,8,12,20,12,8,0,0
0x49e9d6,99.7262%,8,2914,2922,2914,8,0,0
0x9a608a,42.8571%,8,6,14,6,7,1,0
0x60a8a8,92.9204%,8,105,113,0,0,8,105
0x4b61dc,61.9048%,8,13,21,13,8,0,0
0x480edc,57.8947%,8,11,19,11,8,0,0
0x6964a5,99.2806%,8,1104,1112,0,0,8,1104
0x9799b2,81.8182%,8,36,44,2,6,2,34
0xa48e34,94.4828%,8,137,145,137,8,0,0
0x8128ba,75.7576%,8,25,33,16,4,4,9
0x8d9b9a,97.8378%,8,362,370,0,0,8,362
0x5960ed,38.4615%,8,5,13,0,0,8,5
0x482602,57.8947%,8,11,19,11,8,0,0
0x66f58f,72.4138%,8,21,29,21,8,0,0
0x96ad9c,61.9048%,8,13,21,13,8,0,0
0x99ed34,46.6667%,8,7,15,6,7,1,1
0x9fe941,78.3784%,8,29,37,0,0,8,29
0xa319c5,96.2441%,8,205,213,0,0,8,205
0x6d45db,94.4828%,8,137,145,137,8,0,0
0x542f5b,99.6135%,8,2062,2070,2062,8,0,0
0x80db1e,96.3636%,8,212,220,0,0,8,212
0xa52f47,95.8333%,8,184,192,0,0,8,184
0x4a7467,79.4872%,8,31,39,0,0,8,31
0xa3db39,0%,8,0,8,0,8,0,0
0x4a78e2,78.3784%,8,29,37,0,0,8,29
0x5f073c,63.6364%,8,14,22,0,0,8,14
0xa3fce0,85.7143%,8,48,56,0,0,8,48
0x4857ce,70.3704%,8,19,27,0,0,8,19
0x9a1e1e,93.6508%,8,118,126,0,0,8,118
0x9042ba,11.1111%,8,1,9,1,8,0,0
0xa46752,73.3333%,8,22,30,8,4,4,14
0xa4cf1e,42.8571%,8,6,14,6,0,8,0
0x8def65,50%,8,8,16,8,8,0,0
0x4ac7ef,60%,8,12,20,0,7,1,12
0x546295,97.7143%,8,342,350,0,0,8,342
0x7a11cc,77.1429%,8,27,35,6,0,8,21
0x9d126c,50%,8,8,16,0,0,8,8
0xa89549,90.3614%,8,75,83,0,0,8,75
0x9fde8a,75%,8,24,32,3,4,4,21
0xa2ee75,95.6522%,8,176,184,0,0,8,176
0x6708e8,60%,8,12,20,0,0,8,12
0x643a25,66.6667%,8,16,24,10,0,8,6
0x81b78b,57.8947%,8,11,19,11,8,0,0
0x9a3a65,38.4615%,8,5,13,3,8,0,2
0x5ffba7,82.6087%,8,38,46,0,0,8,38
0x8e7e86,91.2088%,8,83,91,12,0,8,71
0xa9bcb6,20%,8,2,10,2,8,0,0
0x985120,33.3333%,8,4,12,0,8,0,4
0x54144f,80%,8,32,40,0,0,8,32
0x80dda7,92.9825%,8,106,114,106,8,0,0
0x9850e4,33.3333%,8,4,12,0,8,0,4
0x9c53a1,0%,8,0,8,0,8,0,0
0x9c3e27,90.6977%,8,78,86,78,8,0,0
0x5fbe1d,92.8571%,8,104,112,104,8,0,0
0x410124,99.9302%,8,11460,11468,11460,8,0,0
0x90ed05,98.7692%,8,642,650,0,0,8,642
0xa53d2e,95.122%,8,156,164,0,0,8,156
0xa47ccc,79.4872%,8,31,39,0,0,8,31
0xa25b1f,99.2103%,8,1005,1013,0,0,8,1005
0x722c77,20%,8,2,10,0,0,8,2
0x8f49ac,99.6806%,8,2497,2505,2494,5,3,3
0x4045b9,96.4286%,8,216,224,0,0,8,216
0x58bca2,87.5%,8,56,64,3,0,8,53
0x9082a1,99.6276%,8,2140,2148,0,0,8,2140
0x48f733,33.3333%,8,4,12,3,7,1,1
0x6d9a3a,0%,8,0,8,0,8,0,0
0xa4e928,95%,8,152,160,22,0,8,130
0xa53069,0%,8,0,8,0,0,8,0
0x980eee,0%,8,0,8,0,8,0,0
0x99ebbb,38.4615%,8,5,13,0,0,8,5
0x722e69,63.6364%,8,14,22,2,2,6,12
0xa358f6,99.2008%,8,993,1001,0,0,8,993
0xa35334,99.5794%,8,1894,1902,0,0,8,1894
0x7ce568,33.3333%,8,4,12,0,0,8,4
0x951a31,94.7368%,8,144,152,0,0,8,144
0x7b0088,20%,8,2,10,2,0,8,0
0x9805a9,91.7526%,8,89,97,43,4,4,46
0xa911ce,98.8669%,8,698,706,0,0,8,698
0x5f929a,90%,8,72,80,0,0,8,72
0x5f887d,79.4872%,8,31,39,27,4,4,4
0x7aeafd,61.9048%,8,13,21,0,0,8,13
0x5b1645,20%,8,2,10,2,8,0,0
0x40bb1d,98.2143%,8,440,448,0,0,8,440
0x9530ac,20%,8,2,10,0,0,8,2
0x803a43,98.2301%,8,444,452,0,4,4,444
0x67093d,60%,8,12,20,12,8,0,0
0x548279,98.9899%,8,784,792,0,0,8,784
0x66f7c6,57.8947%,8,11,19,0,0,8,11
0x906a9c,97.7654%,8,350,358,0,0,8,350
0x4022bf,99.4911%,8,1564,1572,1564,8,0,0
0x78d880,98.7076%,8,611,619,0,0,8,611
0x670a4d,57.8947%,8,11,19,0,0,8,11
0x673d6e,57.8947%,8,11,19,11,8,0,0
0x4929d9,95.1515%,8,157,165,0,0,8,157
0x819072,76.4706%,8,26,34,26,8,0,0
0x63de8f,99.1675%,8,953,961,953,8,0,0
0x5ea98a,98.1982%,8,436,444,0,0,8,436
0x9f5fd4,86.6667%,8,52,60,0,0,8,52
0x7afd26,71.4286%,8,20,28,0,0,8,20
0x78268d,96.3801%,8,213,221,0,0,8,213
0x403cc4,92.381%,8,97,105,1,5,3,96
0x64862f,85.7143%,8,48,56,48,8,0,0
0x5ff1ec,98.2833%,8,458,466,0,0,8,458
0x64f467,66.6667%,8,16,24,0,0,8,16
0x78a5f4,27.2727%,8,3,11,1,8,0,2
0xa5b0be,27.2727%,8,3,11,1,1,7,2
0x804eaf,91.6667%,8,88,96,0,0,8,88
0x95976e,84.6154%,8,44,52,44,8,0,0
0x9a9f8c,38.4615%,8,5,13,0,0,8,5
0x9bd2f4,88.0597%,8,59,67,0,4,4,59
0x7c7b59,92.381%,8,97,105,4,4,4,93
0x5f0cc4,76.4706%,8,26,34,26,8,0,0
0x492ab9,84%,8,42,50,42,8,0,0
0x65c2c8,99.8324%,8,4766,4774,0,0,8,4766
0xa3da34,0%,8,0,8,0,0,8,0
0x816222,82.2222%,8,37,45,36,7,1,1
0x4b849a,27.2727%,8,3,11,1,8,0,2
0x9e00d6,99.2551%,8,1066,1074,0,0,8,1066
0x5de1dd,0%,8,0,8,0,8,0,0
0x804c08,20%,8,2,10,1,0,8,1
0x5fec91,84.9057%,8,45,53,6,7,1,39
0x63e02c,99.1675%,8,953,961,953,8,0,0
0xa360df,98.1524%,8,425,433,108,8,0,317
0x550e57,76.4706%,8,26,34,0,0,8,26
0x7cf687,0%,8,0,8,0,0,8,0
0x5fc206,80%,8,32,40,0,4,4,32
0x9a134d,73.3333%,8,22,30,22,8,0,0
0xa98835,46.6667%,8,7,15,7,0,8,0
0x8145fa,61.9048%,8,13,21,0,3,5,13
0x98b49f,95.5056%,8,170,178,0,0,8,170
0xb1481d,99.8121%,8,4250,4258,4250,8,0,0
0x9d0b7e,84.3137%,8,43,51,0,0,8,43
0x4876a0,46.6667%,8,7,15,0,0,8,7
0x9439dd,91.8367%,8,90,98,89,4,4,1
0xa2923a,50%,8,8,16,0,0,8,8
0x9fecc4,73.3333%,8,22,30,22,8,0,0
0x809e68,81.3953%,8,35,43,0,1,7,35
0x8e2e8c,99.5235%,8,1671,1679,0,0,8,1671
0x9e0be4,96.5066%,8,221,229,199,7,1,22
0x9a9a9a,99.3554%,8,1233,1241,1233,8,0,0
0xa43912,96.0199%,8,193,201,15,0,8,178
0xa536fd,0%,8,0,8,0,0,8,0
0xa2922f,50%,8,8,16,0,0,8,8
0xa960aa,69.2308%,8,18,26,0,0,8,18
0x511b65,97.9167%,8,376,384,0,0,8,376
0x97bb3f,76.4706%,8,26,34,0,0,8,26
0x5d90df,94.5578%,8,139,147,139,8,0,0
0xb31c0c,99.963%,8,21607,21615,0,0,8,21607
0x533c61,77.7778%,8,28,36,28,8,0,0
0x8d24fa,90.2439%,8,74,82,0,0,8,74
0x95b836,33.3333%,8,4,12,2,6,2,2
0x403a05,78.3784%,8,29,37,3,1,7,26
0xa00217,50%,8,8,16,2,5,3,6
0x99dc3f,46.6667%,8,7,15,0,0,8,7
0x8efcc8,93.1624%,8,109,117,0,0,8,109
0x54663f,69.2308%,8,18,26,17,5,3,1
0x4a13c3,85.7143%,8,48,56,0,0,8,48
0xa4f816,50%,8,8,16,7,7,1,1
0x9e0ba2,96.8872%,8,249,257,0,0,8,249
0x6774d0,97.8437%,8,363,371,0,0,8,363
0x6475e7,61.9048%,8,13,21,0,0,8,13
0x817e21,33.3333%,8,4,12,3,7,1,1
0x9ab81b,96.5217%,8,222,230,0,0,8,222
0x4a6f17,98.4344%,8,503,511,503,8,0,0
0xa53061,0%,8,0,8,0,0,8,0
0x647271,61.9048%,8,13,21,13,8,0,0
0x64758a,61.9048%,8,13,21,13,8,0,0
0x5026e9,99.3056%,8,1144,1152,359,0,8,785
0x8e690d,98.3539%,8,478,486,0,0,8,478
0x4039bf,33.3333%,8,4,12,2,8,0,2
0x9597f8,94.4444%,8,136,144,90,6,2,46
0xa34afb,90.2439%,8,74,82,0,7,1,74
0x48df03,80.4878%,8,33,41,0,0,8,33
0xa95e1f,76.4706%,8,26,34,14,8,0,12
0x81d003,95.6044%,8,174,182,0,5,3,174
0x48dff4,68%,8,17,25,0,0,8,17
0xa25ea5,99.2103%,8,1005,1013,0,0,8,1005
0x542454,99.6505%,8,2281,2289,0,0,8,2281
0x9735dc,11.1111%,8,1,9,0,0,8,1
0x48a885,80%,8,32,40,32,8,0,0
0x402041,96.3964%,8,214,222,0,3,5,214
0xa02cdf,87.3016%,8,55,63,0,0,8,55
0xa294d2,50%,8,8,16,0,0,8,8
0x8c87e3,98.2379%,8,446,454,442,8,0,4
0xa2f9cb,89.7436%,8,70,78,70,8,0,0
0x784045,98.7118%,8,613,621,0,0,8,613
0x48ecab,46.6667%,8,7,15,7,8,0,0
0x9ec3dc,80%,8,32,40,31,6,2,1
0x81d3ea,95.6044%,8,174,182,0,0,8,174
0x593807,80%,8,32,40,16,5,3,16
0x8ffb49,93.0435%,8,107,115,107,8,0,0
0x949f42,96.4126%,8,215,223,215,8,0,0
0x40394d,78.3784%,8,29,37,29,8,0,0
0x4c02c5,78.9474%,8,30,38,9,4,4,21
0x534c83,60%,8,12,20,0,0,8,12
0x608bf4,98.556%,8,546,554,546,8,0,0
0xa2fce4,81.3953%,8,35,43,0,0,8,35
0x95c4b8,55.5556%,8,10,18,4,8,0,6
0x5b04f5,88.0597%,8,59,67,59,6,2,0
0x99b802,95.7895%,8,182,190,182,8,0,0
0x9a9d4b,85.1852%,8,46,54,46,8,0,0
0xa55151,0%,8,0,8,0,0,8,0
0x8080d3,99.051%,8,835,843,835,6,2,0
0x441ac3,27.2727%,8,3,11,3,8,0,0
0x991328,52.9412%,8,9,17,9,8,0,0
0x5afe40,61.9048%,8,13,21,0,0,8,13
0x551207,52.9412%,8,9,17,9,8,0,0
0x403d04,92.9204%,8,105,113,52,7,1,53
0x991a56,96.9697%,8,256,264,256,8,0,0
0x9f12f3,20%,8,2,10,0,0,8,2
0x540e57,0%,8,0,8,0,0,8,0
0x970f21,99.8205%,8,4449,4457,0,0,8,4449
0x40460b,11.1111%,8,1,9,0,0,8,1
0x50ad79,92.7928%,8,103,111,0,0,8,103
0x5ef883,52.9412%,8,9,17,9,8,0,0
0x5f89d6,0%,8,0,8,0,0,8,0
0x8a9860,99.8281%,8,4646,4654,0,0,8,4646
0x606e8b,60%,8,12,20,3,7,1,9
0x8a91f2,52.9412%,8,9,17,4,1,7,5
0x98cd77,77.1429%,8,27,35,0,0,8,27
0x9005d3,97.7011%,8,340,348,0,0,8,340
0x8efd72,93.1624%,8,109,117,105,1,7,4
0x5af773,84.9057%,8,45,53,0,0,8,45
0x81c081,90.5882%,8,77,85,0,0,8,77
0x9461b5,57.8947%,8,11,19,0,0,8,11
0x550ee4,83.6735%,8,41,49,17,6,2,24
0x5b0e7a,85.7143%,8,48,56,0,1,7,48
0x9ece03,61.9048%,8,13,21,0,0,8,13
0x49dee2,71.4286%,8,20,28,9,5,3,11
0x5971e0,97.2222%,8,280,288,0,0,8,280
0x550936,88.8889%,8,64,72,64,8,0,0
0x7f0c83,89.3333%,8,67,75,0,0,8,67
0x96925d,95.9799%,8,191,199,0,0,8,191
0x4a578e,95.1515%,8,157,165,0,0,8,157
0x64752b,61.9048%,8,13,21,0,0,8,13
0x402fc1,88.4058%,8,61,69,61,8,0,0
0x5afe36,68%,8,17,25,0,4,4,17
0x789eec,20%,8,2,10,1,1,7,1
0xa2dc92,77.7778%,8,28,36,0,0,8,28
0x8051c0,97.5758%,8,322,330,322,8,0,0
0x90198b,57.8947%,8,11,19,11,8,0,0
0x6229aa,20%,8,2,10,2,8,0,0
0x4a768a,89.7436%,8,70,78,0,0,8,70
0x817415,91.3043%,8,84,92,0,5,3,84
0x81be8b,96.0784%,8,196,204,0,0,8,196
0x99cd5e,11.1111%,8,1,9,1,8,0,0
0x482328,11.1111%,8,1,9,1,8,0,0
0x99a8f3,92.1569%,8,94,102,57,4,4,37
0x5a9668,0%,8,0,8,0,5,3,0
0x972795,96.9697%,8,256,264,0,0,8,256
0xa97f04,42.8571%,8,6,14,1,1,7,5
0x51104b,99.788%,8,3766,3774,0,0,8,3766
0x807760,93.1624%,8,109,117,4,0,8,105
0x606fa0,20%,8,2,10,0,0,8,2
0xaaae8a,96.9925%,8,258,266,10,2,6,248
0x9732f2,78.9474%,8,30,38,30,8,0,0
0x8a5cee,96.3303%,8,210,218,0,0,8,210
0x48ba39,90.6977%,8,78,86,0,0,8,78
0x9a0c19,71.4286%,8,20,28,0,0,8,20
0x9a0bbd,71.4286%,8,20,28,0,0,8,20
0x821c33,96.2791%,8,207,215,0,0,8,207
0x499816,55.5556%,8,10,18,0,0,8,10
0x58b8c1,92.7273%,8,102,110,0,0,8,102
0x540f09,0%,8,0,8,0,8,0,0
0x5a9629,68%,8,17,25,12,5,3,5
0x543f53,96.3636%,8,212,220,0,2,6,212
0x97772f,99.093%,8,874,882,0,0,8,874
0x977b68,61.9048%,8,13,21,0,7,1,13
0x5555c7,92.233%,8,95,103,0,0,8,95
0x8dce32,97.4603%,8,307,315,1,1,7,306
0xaadac5,87.5%,8,56,64,56,8,0,0
0x9780e3,93.985%,8,125,133,0,0,8,125
0xb17b03,99.246%,8,1053,1061,1053,8,0,0
0x8e34d1,99.5953%,8,1969,1977,1969,8,0,0
0x4bb959,96.0784%,8,196,204,0,0,8,196
0x4a5a4b,50%,8,8,16,8,8,0,0
0x9c5115,0%,8,0,8,0,8,0,0
0x40a9af,75%,8,24,32,24,8,0,0
0x495a70,80.4878%,8,33,41,0,0,8,33
0x9a0f7a,61.9048%,8,13,21,13,2,6,0
0x9a3be7,38.4615%,8,5,13,0,8,0,5
0x410492,63.6364%,8,14,22,14,8,0,0
0x9494f8,99.4298%,8,1395,1403,0,0,8,1395
0x591c43,94.7368%,8,144,152,0,0,8,144
0x4935bf,79.4872%,8,31,39,14,8,0,17
0xaa7c6f,20%,8,2,10,2,8,0,0
0x9ea817,75%,8,24,32,0,0,8,24
0xaa25ea,63.6364%,8,14,22,0,0,8,14
0x508eac,89.4737%,8,68,76,68,8,0,0
0x5e04e0,94.4828%,8,137,145,137,8,0,0
0xaa33d1,50%,8,8,16,0,0,8,8
0x9ab963,96.5368%,8,223,231,0,0,8,223
0x9816d8,82.9787%,8,39,47,0,0,8,39
0x606ea1,20%,8,2,10,0,0,8,2
0x64f417,63.6364%,8,14,22,14,6,2,0
0x64bcb5,99.5483%,8,1763,1771,0,0,8,1763
0x647d05,70.3704%,8,19,27,0,0,8,19
0x5f561a,86.6667%,8,52,60,52,8,0,0
0x50777a,0%,8,0,8,0,8,0,0
0x502763,84%,8,42,50,0,0,8,42
0x81fb3d,97.5232%,8,315,323,0,0,8,315
0x58ccbc,89.3333%,8,67,75,0,0,8,67
0x5f5224,65.2174%,8,15,23,0,0,8,15
0x80e56b,89.0411%,8,65,73,65,8,0,0
0x50d954,69.2308%,8,18,26,0,0,8,18
0xb323b3,99.1744%,8,961,969,0,0,8,961
0x5bc170,99.4294%,8,1394,1402,0,0,8,1394
0x5cbbb6,93.8931%,8,123,131,0,0,8,123
0x502029,75%,8,24,32,6,2,6,18
0x9e5149,55.5556%,8,10,18,10,8,0,0
0x50bce7,66.6667%,8,16,24,12,8,0,4
0x7d09dc,98.7261%,8,620,628,620,8,0,0
0x8c8fb5,0%,8,0,8,0,6,2,0
0x8d2f58,88.7324%,8,63,71,63,8,0,0
0x5bd71b,94.4828%,8,137,145,137,8,0,0
0xa4109c,81.3953%,8,35,43,3,5,3,32
0x9ec2b2,52.9412%,8,9,17,0,4,4,9
0xa925a7,20%,8,2,10,0,0,8,2
0x81cef7,86.6667%,8,52,60,0,0,8,52
0x9ead83,92.6606%,8,101,109,101,8,0,0
0x88e50a,79.4872%,8,31,39,31,8,0,0
0x9eaa53,99.4712%,8,1505,1513,0,2,6,1505
0x606df6,0%,8,0,8,0,8,0,0
0x606d40,0%,8,0,8,0,8,0,0
0x99a858,92.1569%,8,94,102,94,8,0,0
0x5068f5,90.6977%,8,78,86,78,8,0,0
0x4ad850,61.9048%,8,13,21,0,0,8,13
0xa42126,97.5232%,8,315,323,315,8,0,0
0x9f6e0f,42.8571%,8,6,14,6,8,0,0
0x5d11f1,94.4828%,8,137,145,137,8,0,0
0x508ea7,92.7273%,8,102,110,26,8,0,76
0x90fe14,99.7125%,8,2775,2783,2775,8,0,0
0x535020,87.5%,8,56,64,0,0,8,56
0x9bdf96,83.3333%,8,40,48,13,3,5,27
0x60961a,90.3614%,8,75,83,75,8,0,0
0x81520a,11.1111%,8,1,9,1,8,0,0
0x590d51,60%,8,12,20,0,0,8,12
0x90512d,94.1606%,8,129,137,129,8,0,0
0x8e9a79,97.0037%,8,259,267,259,8,0,0
0x4b75e5,27.2727%,8,3,11,3,8,0,0
0x9f7b7c,91.3043%,8,84,92,12,1,7,72
0x555e16,98.0952%,8,412,420,0,0,8,412
0x590179,46.6667%,8,7,15,7,8,0,0
0x53dcd9,20%,8,2,10,2,8,0,0
0xaa588b,84.9057%,8,45,53,44,5,3,1
0x7f03dc,57.8947%,8,11,19,11,8,0,0
0x9f7aaa,60%,8,12,20,0,0,8,12
0x96b118,91.1111%,8,82,90,82,8,0,0
0x8e5f76,97.026%,8,261,269,261,8,0,0
0x5eb917,99.0632%,8,846,854,0,0,8,846
0x490e4f,11.1111%,8,1,9,1,8,0,0
0x65b1a6,38.4615%,8,5,13,5,8,0,0
0xa519fc,57.8947%,8,11,19,5,7,1,6
0x60e678,78.9474%,8,30,38,0,0,8,30
0xb148a3,99.8121%,8,4250,4258,0,0,8,4250
0xa03a1c,93.1624%,8,109,117,109,8,0,0
0x8f362c,97.9592%,8,384,392,0,0,8,384
0x48e0f8,46.6667%,8,7,15,0,0,8,7
0x504927,46.6667%,8,7,15,0,0,8,7
0x51b88d,99.8555%,8,5528,5536,5528,8,0,0
0xa5f8cc,0%,8,0,8,0,0,8,0
0xa5f8e5,0%,8,0,8,0,8,0,0
0xa5f9eb,98.1609%,8,427,435,0,0,8,427
0xa36b4d,20%,8,2,10,0,0,8,2
0x49b2a1,42.8571%,8,6,14,6,8,0,0
0xa8a7e0,95.4286%,8,167,175,167,8,0,0
0x8aede7,94.5205%,8,138,146,133,6,2,5
0x59c2e6,96.2617%,8,206,214,206,1,7,0
0x60a933,98.6159%,8,570,578,570,8,0,0
0x90be35,99.1675%,8,953,961,0,0,8,953
0x51c9a5,52.9412%,8,9,17,9,8,0,0
0x5d344d,93.985%,8,125,133,125,8,0,0
0x5bcac7,99.1238%,8,905,913,1,1,7,904
0x590d17,80.9524%,8,34,42,17,3,5,17
0x9ef481,63.6364%,8,14,22,14,8,0,0
0xa56168,93.6508%,8,118,126,0,0,8,118
0x7e2068,78.9474%,8,30,38,18,7,1,12
0x9810c4,87.3016%,8,55,63,0,0,8,55
0xa4a15b,82.6087%,8,38,46,0,0,8,38
0x97b871,11.1111%,8,1,9,1,8,0,0
0x8a6668,52.9412%,8,9,17,1,3,5,8
0x6660a0,20%,8,2,10,0,2,6,2
0x4bbc67,93.3884%,8,113,121,113,8,0,0
0x49196b,88.8889%,8,64,72,0,7,1,64
0x973b8b,20%,8,2,10,0,0,8,2
0x50aabe,87.6923%,8,57,65,47,8,0,10
0x50aed9,92.6606%,8,101,109,101,4,4,0
0x5c473d,0%,8,0,8,0,0,8,0
0x9f514d,97.6812%,8,337,345,336,2,6,1
0x9e08fe,97.7273%,8,344,352,255,8,0,89
0x49a2f0,42.8571%,8,6,14,6,8,0,0
0x9e2f45,96.9582%,8,255,263,0,0,8,255
0x65b2c0,42.8571%,8,6,14,0,0,8,6
0x7c161e,96.0199%,8,193,201,0,0,8,193
0x807684,97.2028%,8,278,286,0,0,8,278
0x812066,20%,8,2,10,2,6,2,0
0x534ab3,85.7143%,8,48,56,48,8,0,0
0x9eb1c6,86.2069%,8,50,58,0,2,6,50
0x48efbb,96.9697%,8,256,264,0,0,8,256
0xa575dd,80.9524%,8,34,42,0,1,7,34
0xa414f2,68%,8,17,25,17,8,0,0
0x619b26,20%,8,2,10,2,8,0,0
0x53affc,83.6735%,8,41,49,2,6,2,39
0x50657c,98.9189%,8,732,740,732,8,0,0
0xa311e9,96.4126%,8,215,223,0,7,1,215
0x98409f,89.1892%,8,66,74,66,8,0,0
0xa91b1d,97.377%,8,297,305,297,8,0,0
0x8a60a6,96.2963%,8,208,216,0,0,8,208
0x49507d,46.6667%,8,7,15,3,2,6,4
0x555bb3,78.9474%,8,30,38,30,8,0,0
0x94cab9,87.5%,8,56,64,21,3,5,35
0x507f5d,98.9189%,8,732,740,0,0,8,732
0x5d9729,0%,8,0,8,0,8,0,0
0x494d64,94.9367%,8,150,158,0,0,8,150
0x64b557,84.6154%,8,44,52,44,8,0,0
0x59c948,95.0617%,8,154,162,0,0,8,154
0x959245,93.75%,8,120,128,0,0,8,120
0x55619c,96.7347%,8,237,245,237,4,4,0
0xa0248e,98.2979%,8,462,470,0,0,8,462
0x50cd27,97.8022%,8,356,364,10,4,4,346
0x50cdf8,97.5078%,8,313,321,0,0,8,313
0x8dab00,81.8182%,8,36,44,36,8,0,0
0x8a653d,52.9412%,8,9,17,8,2,6,1
0x5c5d04,72.4138%,8,21,29,7,7,1,14
0x81f849,82.9787%,8,39,47,0,0,8,39
0xa31b90,74.1935%,8,23,31,23,8,0,0
0x54da8c,79.4872%,8,31,39,0,0,8,31
0x5960a5,57.8947%,8,11,19,4,2,6,7
0x9e7a1b,95.2663%,8,161,169,21,3,5,140
0x486d91,91.3978%,8,85,93,85,8,0,0
0x487223,91.3978%,8,85,93,0,2,6,85
0x77b9e0,71.4286%,8,20,28,4,0,8,16
0xa535ce,0%,8,0,8,0,8,0,0
0x815a60,94.2446%,8,131,139,0,0,8,131
0x96c267,69.2308%,8,18,26,2,7,1,16
0xa5748c,91.2088%,8,83,91,83,8,0,0
0x50a3cf,42.8571%,8,6,14,6,8,0,0
0xa07ab1,84%,8,42,50,6,4,4,36
0xaaaefa,33.3333%,8,4,12,4,8,0,0
0x4a6c1a,80.9524%,8,34,42,0,0,8,34
0x5f8692,95.2096%,8,159,167,0,0,8,159
0x5be09e,89.7436%,8,70,78,0,0,8,70
0xa3ba5c,94.2857%,8,132,140,0,0,8,132
0x8ae923,42.8571%,8,6,14,6,1,7,0
0x53e2ab,99.8725%,8,6265,6273,6265,8,0,0
0x4c5c27,81.3953%,8,35,43,11,0,8,24
0xb4999d,27.2727%,8,3,11,0,0,8,3
0x60e3d3,87.8788%,8,58,66,58,8,0,0
0xb1489a,99.8121%,8,4250,4258,0,0,8,4250
0x4c8ac8,93.985%,8,125,133,125,8,0,0
0x9f55b7,87.8788%,8,58,66,0,0,8,58
0x4c44f8,42.8571%,8,6,14,0,0,8,6
0x540984,42.8571%,8,6,14,0,8,0,6
0x503d27,84.6154%,8,44,52,44,8,0,0
0x7b2aa6,81.8182%,8,36,44,0,0,8,36
0x50f986,81.3953%,8,35,43,0,0,8,35
0x5b2faa,96.2441%,8,205,213,203,0,8,2
0x9f5b86,0%,8,0,8,0,0,8,0
0xa3da0a,0%,8,0,8,0,8,0,0
0x48aac8,99.8233%,8,4520,4528,4520,8,0,0
0x67f6a6,92.4528%,8,98,106,98,8,0,0
0x6ccbbf,99.1649%,8,950,958,950,8,0,0
0x5ff049,80%,8,32,40,32,8,0,0
0x817ec6,97.6401%,8,331,339,0,1,7,331
0xacfbe0,82.9787%,8,39,47,3,4,4,36
0x50219d,88.0597%,8,59,67,59,8,0,0
0x50e4a8,77.7778%,8,28,36,0,8,0,28
0x81cb46,86.6667%,8,52,60,0,0,8,52
0x9429d3,94.8052%,8,146,154,1,7,1,145
0x973c8b,92.233%,8,95,103,0,0,8,95
0x8d3b2b,96.7611%,8,239,247,0,1,7,239
0x8edb2d,98.2262%,8,443,451,443,6,2,0
0x8886db,63.6364%,8,14,22,0,0,8,14
0xa46470,95.8549%,8,185,193,0,0,8,185
0x5b9c1b,89.0411%,8,65,73,0,0,8,65
0x48f8e4,63.6364%,8,14,22,1,5,3,13
0x4b4f07,20%,8,2,10,0,8,0,2
0x495883,90.8046%,8,79,87,4,2,6,75
0x4b8155,27.2727%,8,3,11,2,7,1,1
0x4b80d8,27.2727%,8,3,11,3,6,2,0
0x99aa2a,92.1569%,8,94,102,0,0,8,94
0xa180c6,50%,8,8,16,0,8,0,8
0x40a0e1,50%,8,8,16,0,0,8,8
0x821c6b,88.7324%,8,63,71,63,8,0,0
0x8dcc03,98.9717%,8,770,778,770,8,0,0
0x8222c4,97.0696%,8,265,273,0,0,8,265
0x63f3f7,96%,8,192,200,192,8,0,0
0x51b33b,99.3711%,8,1264,1272,0,0,8,1264
0x8a629e,94.1176%,8,128,136,0,0,8,128
0x4be5ac,27.2727%,8,3,11,3,8,0,0
0xa36912,98.1481%,8,424,432,0,0,8,424
0x8c8344,73.3333%,8,22,30,17,1,7,5
0xa48d6f,87.5%,8,56,64,46,6,2,10
0x50769b,99.6522%,8,2292,2300,0,0,8,2292
0xa353db,99.1323%,8,914,922,0,0,8,914
0x9a48ac,50%,8,8,16,0,0,8,8
0x8137b1,86.8852%,8,53,61,52,7,1,1
0x4bb9f0,61.9048%,8,13,21,13,8,0,0
0xa91054,96.0396%,8,194,202,0,0,8,194
0x81b841,33.3333%,8,4,12,0,6,2,4
0xa2aa17,92.9204%,8,105,113,105,5,3,0
0x4c5ff6,50%,8,8,16,8,8,0,0
0x951b90,11.1111%,8,1,9,1,8,0,0
0x8e4521,75%,8,24,32,24,8,0,0
0x8df0c5,66.6667%,8,16,24,16,8,0,0
0xa4981f,97.1429%,8,272,280,0,0,8,272
0x7cc2bd,99.3646%,8,1251,1259,0,0,8,1251
0x60ec58,78.9474%,8,30,38,0,0,8,30
0x648648,85.7143%,8,48,56,48,8,0,0
0x789f0c,0%,8,0,8,0,0,8,0
0x8f53f5,99.117%,8,898,906,0,0,8,898
0x5911dd,97.2318%,8,281,289,0,0,8,281
0xa92b82,97.5155%,8,314,322,0,8,0,314
0x816a13,38.4615%,8,5,13,4,8,0,1
0x973b44,20%,8,2,10,0,0,8,2
0x6d44b9,27.2727%,8,3,11,0,0,8,3
0x40e21d,98.1859%,8,433,441,0,4,4,433
0x9a702a,69.2308%,8,18,26,15,2,6,3
0x7b6416,78.3784%,8,29,37,28,4,4,1
0x81b8fe,72.4138%,8,21,29,2,3,5,19
0x917987,96%,8,192,200,192,8,0,0
0x99c694,94.702%,8,143,151,143,8,0,0
0x8e2ff3,99.5953%,8,1969,1977,0,0,8,1969
0xa47af5,57.8947%,8,11,19,7,7,1,4
0x40bae6,94.6667%,8,142,150,0,0,8,142
0x94266d,98.3437%,8,475,483,475,8,0,0
0x80e638,98.1735%,8,430,438,360,5,3,70
0x8ee312,82.2222%,8,37,45,37,8,0,0
0xb2e2d8,83.3333%,8,40,48,0,0,8,40
0x4c68ad,60%,8,12,20,12,0,8,0
0x8e16af,75%,8,24,32,0,0,8,24
0x8063a3,66.6667%,8,16,24,0,0,8,16
0x5bd0af,99.1701%,8,956,964,956,8,0,0
0x550e85,76.4706%,8,26,34,12,5,3,14
0xa3a19a,98.797%,8,657,665,0,0,8,657
0x5d1724,66.6667%,8,16,24,16,8,0,0
0x499790,69.2308%,8,18,26,18,8,0,0
0x7869b5,33.3333%,8,4,12,4,2,6,0
0xa96a1c,86.8852%,8,53,61,0,0,8,53
0x63ede1,99.5692%,8,1849,1857,0,0,8,1849
0x551cb5,91.9192%,8,91,99,91,8,0,0
0x9ed8ee,87.5%,8,56,64,56,8,0,0
0x4b6e1d,71.4286%,8,20,28,17,3,5,3
0x4a78bb,99.5212%,8,1663,1671,0,0,8,1663
0x402231,99.5322%,8,1702,1710,0,0,8,1702
0xa41299,0%,8,0,8,0,0,8,0
0xa8eeab,0%,8,0,8,0,8,0,0
0x902512,96.0199%,8,193,201,0,0,8,193
0x9530b8,20%,8,2,10,2,8,0,0
0x814b27,96.8127%,8,243,251,0,0,8,243
0x4c9348,50%,8,8,16,4,8,0,4
0x49faae,94.4444%,8,136,144,0,2,6,136
0xa1b577,68%,8,17,25,10,2,6,7
0x8ea942,99.3491%,8,1221,1229,0,4,4,1221
0x4a780e,84.9057%,8,45,53,45,8,0,0
0x8e0fa2,50%,8,8,16,0,0,8,8
0x7c5d86,42.8571%,8,6,14,6,8,0,0
0xaab817,92.5234%,8,99,107,99,8,0,0
0xa549e3,78.3784%,8,29,37,29,8,0,0
0xa941c4,96.1353%,8,199,207,129,2,6,70
0x5548d3,87.3016%,8,55,63,55,8,0,0
0xa47911,42.8571%,8,6,14,6,8,0,0
0xa92ec2,90.9091%,8,80,88,0,0,8,80
0xa31fde,77.7778%,8,28,36,28,8,0,0
0x9a1c80,95.4802%,8,169,177,24,6,2,145
0x9017ac,70.3704%,8,19,27,0,0,8,19
0xa9096d,94.6309%,8,141,149,0,0,8,141
0x4b970d,20%,8,2,10,2,8,0,0
0x4c561f,85.4545%,8,47,55,31,0,8,16
0x4be77f,63.6364%,8,14,22,8,5,3,6
0x7b3004,77.7778%,8,28,36,14,0,8,14
0x49a0e5,75%,8,24,32,16,0,8,8
0x4bfeb0,76.4706%,8,26,34,0,1,7,26
0x88e67f,79.4872%,8,31,39,31,8,0,0
0x82201b,75%,8,24,32,24,8,0,0
0x9c3ed5,90.6977%,8,78,86,0,0,8,78
0x8198fb,98.4344%,8,503,511,0,0,8,503
0x8bb6d2,38.4615%,8,5,13,0,0,8,5
0x4c5a16,61.9048%,8,13,21,13,8,0,0
0x807827,99.0566%,8,840,848,824,6,2,16
0x4bc1cc,92.8571%,8,104,112,50,6,2,54
0x806432,66.6667%,8,16,24,0,8,0,16
0x4b86e3,27.2727%,8,3,11,3,8,0,0
0x81ea7b,99.3328%,8,1191,1199,0,0,8,1191
0x8f108e,80%,8,32,40,32,8,0,0
0x4a64f2,20%,8,2,10,2,8,0,0
0x811aec,99.051%,8,835,843,835,6,2,0
0x809461,99.0566%,8,840,848,840,8,0,0
0x810866,89.3333%,8,67,75,0,0,8,67
0x783cc3,94.8718%,8,148,156,0,0,8,148
0x9ea41f,97.3684%,8,296,304,296,8,0,0
0xa41c12,98.9432%,8,749,757,749,8,0,0
0xa948f4,98.2143%,8,440,448,440,8,0,0
0x4b5c77,95.9799%,8,191,199,31,1,7,160
0x8171a7,99.0566%,8,840,848,837,6,2,3
0xa54bb7,71.4286%,8,20,28,16,4,4,4
0x40bc05,92.3077%,8,96,104,0,1,7,96
0x60b99b,90.5882%,8,77,85,0,0,8,77
0x4c061a,80.9524%,8,34,42,34,8,0,0
0x4c05f9,80.9524%,8,34,42,0,0,8,34
0x60dd33,98.8539%,8,690,698,0,0,8,690
0x4a6cb5,91.9192%,8,91,99,0,0,8,91
0xa94418,96.4286%,8,216,224,0,0,8,216
0x402246,99.5322%,8,1702,1710,0,0,8,1702
0xb2fce6,99.9645%,8,22511,22519,0,0,8,22511
0x4021dd,99.5951%,8,1968,1976,185,6,2,1783
0x40bc36,92.233%,8,95,103,94,5,3,1
0xa3a218,98.797%,8,657,665,0,0,8,657
0x4bba90,92.8571%,8,104,112,52,4,4,52
0xa06f1d,11.1111%,8,1,9,1,8,0,0
0x815189,97.5758%,8,322,330,0,0,8,322
0x911b48,98.6644%,8,591,599,0,0,8,591
0x8dff02,20%,8,2,10,2,8,0,0
0x9a3304,94.5205%,8,138,146,138,7,1,0
0x8e3d70,94.9686%,8,151,159,0,0,8,151
0x8ea37d,99.3469%,8,1217,1225,0,0,8,1217
0x4bf11a,95.7447%,8,180,188,166,7,1,14
0xa480a1,96.4286%,8,216,224,216,8,0,0
0x97ba8e,33.3333%,8,4,12,0,0,8,4
0x815ca4,80.4878%,8,33,41,0,0,8,33
0x901009,78.3784%,8,29,37,29,8,0,0
0x8fee14,98.7402%,8,627,635,627,8,0,0
0x9a4a25,66.6667%,8,16,24,12,4,4,4
0x4023c0,84.9057%,8,45,53,0,0,8,45
0xa8a6e7,90.3614%,8,75,83,16,0,8,59
0x814ede,55.5556%,8,10,18,10,8,0,0
0x5b2f33,96%,8,192,200,192,8,0,0
0xa4720e,95.2096%,8,159,167,0,0,8,159
0xa2ec71,87.5%,8,56,64,56,8,0,0
0xb323c0,99.1744%,8,961,969,961,8,0,0
0xa48294,33.3333%,8,4,12,0,0,8,4
0x5eb870,81.8182%,8,36,44,36,8,0,0
0x904998,95.6757%,8,177,185,177,8,0,0
0x820a55,0%,8,0,8,0,8,0,0
0x8f60af,95.8763%,8,186,194,0,0,8,186
0x67f731,92.4528%,8,98,106,0,0,8,98
0x81f9fb,99.0037%,8,795,803,780,7,1,15
0x9f1a25,20%,8,2,10,2,8,0,0
0x804c67,52.9412%,8,9,17,0,0,8,9
0x8dd3d4,55.5556%,8,10,18,10,8,0,0
0xaa126a,78.3784%,8,29,37,28,5,3,1
0xa90fde,95.8974%,8,187,195,0,0,8,187
0xa92ba7,96.4602%,8,218,226,218,8,0,0
0x4bf6e2,72.4138%,8,21,29,0,0,8,21
0x981ce5,71.4286%,8,20,28,16,8,0,4
0xaab122,50%,8,8,16,4,4,4,4
0x4c6714,71.4286%,8,20,28,20,6,2,0
0x6841d6,0%,8,0,8,0,0,8,0
0x7c5d7d,42.8571%,8,6,14,0,0,8,6
0xa47ff5,33.3333%,8,4,12,1,8,0,3
0x8ea34d,99.3469%,8,1217,1225,1217,8,0,0
0x81e7d2,99.8455%,8,5169,5177,0,0,8,5169
0x8e4bb1,99.7707%,8,3481,3489,0,0,8,3481
0xaa4f2e,94.5578%,8,139,147,139,8,0,0
0x4bffd4,66.6667%,8,16,24,16,8,0,0
0x80a817,99.0566%,8,840,848,1,4,4,839
0x545a7a,0%,8,0,8,0,0,8,0
0xa3d1e4,0%,8,0,8,0,8,0,0
0x8df5c3,80%,8,32,40,0,0,8,32
0x8045f5,52.9412%,8,9,17,0,0,8,9
0x49c74a,99.3191%,8,1167,1175,0,0,8,1167
0x8dee72,38.4615%,8,5,13,1,1,7,4
0x7816fd,95.6757%,8,177,185,151,1,7,26
0x900be5,97.6048%,8,326,334,0,0,8,326
0x9a65c1,95.4545%,8,168,176,168,8,0,0
0x943cf3,20%,8,2,10,2,0,8,0
0x55216c,99.8458%,8,5179,5187,0,0,8,5179
0xa07a79,86.4407%,8,51,59,7,0,8,44
0x7d3d95,84.3137%,8,43,51,40,8,0,3
0x8aa859,98.9116%,8,727,735,0,0,8,727
0x4c2320,50%,8,8,16,0,0,8,8
0x81eb25,97.6119%,8,327,335,0,0,8,327
0x9a11eb,90.1235%,8,73,81,0,0,8,73
0x8093b2,97.5758%,8,322,330,322,8,0,0
0x4a8595,63.6364%,8,14,22,1,4,4,13
0x5b0ee9,86.4407%,8,51,59,0,0,8,51
0x5cae61,99.3554%,8,1233,1241,0,0,8,1233
0x90269d,99.3333%,8,1192,1200,1192,8,0,0
0x5d7af5,99.3574%,8,1237,1245,1237,4,4,0
0xa4772a,80.9524%,8,34,42,0,0,8,34
0xa962a8,0%,8,0,8,0,0,8,0
0x99b7b9,46.6667%,8,7,15,7,8,0,0
0xa2e039,96.7871%,8,241,249,0,0,8,241
0xa44855,84.6154%,8,44,52,0,0,8,44
0x4bd6a7,57.8947%,8,11,19,10,1,7,1
0x805814,98.8456%,8,685,693,510,7,1,175
0x983a67,82.9787%,8,39,47,0,0,8,39
0x512c0e,99.8579%,8,5620,5628,0,0,8,5620
0x972750,97.0696%,8,265,273,0,0,8,265
0x8dfd83,96.6942%,8,234,242,234,8,0,0
0x5fa960,70.3704%,8,19,27,0,0,8,19
0x4c6ee0,90.3614%,8,75,83,0,0,8,75
0x48a5fb,99.4487%,8,1443,1451,0,0,8,1443
0x540a66,42.8571%,8,6,14,3,5,3,3
0x4a815d,91.3043%,8,84,92,84,8,0,0
0x5128e1,60%,8,12,20,3,6,2,9
0x50c0dc,60%,8,12,20,0,0,8,12
0x9d2688,78.9474%,8,30,38,2,8,0,28
0x816cc2,96.6667%,8,232,240,0,0,8,232
0xa3e443,50%,8,8,16,0,8,0,8
0x978274,57.8947%,8,11,19,6,7,1,5
0xa459b0,75.7576%,8,25,33,25,8,0,0
0x545dc7,75.7576%,8,25,33,25,8,0,0
0x8da3c4,92.4528%,8,98,106,0,0,8,98
0x9eca09,94.7368%,8,144,152,0,0,8,144
0x8065fe,70.3704%,8,19,27,7,8,0,12
0x648680,85.7143%,8,48,56,47,7,1,1
0x833ade,93.9394%,8,124,132,0,0,8,124
0x4bdc88,20%,8,2,10,0,0,8,2
0x555dc0,92.381%,8,97,105,0,0,8,97
0xa358ee,99.2008%,8,993,1001,0,0,8,993
0xa721fe,70.3704%,8,19,27,0,0,8,19
0x4ad85a,61.9048%,8,13,21,8,5,3,5
0x8152aa,50%,8,8,16,5,3,5,3
0x8e133d,99.5937%,8,1961,1969,0,0,8,1961
0x58fe6c,96.8504%,8,246,254,246,8,0,0
0xa4bbd9,98.6949%,8,605,613,0,0,8,605
0x543cd5,84.6154%,8,44,52,0,0,8,44
0x5b3009,20%,8,2,10,0,0,8,2
0x4b527f,88.7324%,8,63,71,62,7,1,1
0x65c2e0,50%,8,8,16,8,8,0,0
0xa41597,0%,8,0,8,0,0,8,0
0x7d379b,80%,8,32,40,32,8,0,0
0x8f42d5,99.6822%,8,2509,2517,92,0,8,2417
0xa2de67,77.1429%,8,27,35,0,5,3,27
0x5d90a8,94.5578%,8,139,147,2,8,0,137
0x815efd,11.1111%,8,1,9,0,7,1,1
0xa08632,72.4138%,8,21,29,16,5,3,5
0x8a63ec,94.1176%,8,128,136,0,0,8,128
0xa065b9,74.1935%,8,23,31,23,8,0,0
0x8efb7b,93.2203%,8,110,118,0,1,7,110
0x65ae11,38.4615%,8,5,13,0,0,8,5
0xa974b7,55.5556%,8,10,18,8,7,1,2
0x7ac7a5,33.3333%,8,4,12,4,8,0,0
0x7c74f8,50%,8,8,16,0,0,8,8
0x611479,27.2727%,8,3,11,0,0,8,3
0x65bbf6,98.4158%,8,497,505,0,0,8,497
0x64774d,82.2222%,8,37,45,7,2,6,30
0x8eda70,93.6508%,8,118,126,0,0,8,118
0x8db915,96.6667%,8,232,240,0,0,8,232
0x820d67,75.7576%,8,25,33,0,0,8,25
0xa97e39,46.6667%,8,7,15,0,0,8,7
0x8172bb,68%,8,17,25,0,0,8,17
0x9edaa7,80.4878%,8,33,41,33,1,7,0
0x8f319d,99.6896%,8,2569,2577,2563,1,7,6
0x4b90cb,11.1111%,8,1,9,0,0,8,1
0x65ae7f,38.4615%,8,5,13,0,0,8,5
0xa41887,0%,8,0,8,0,0,8,0
0x40461d,11.1111%,8,1,9,1,8,0,0
0x55765a,70.3704%,8,19,27,0,0,8,19
0x8ece99,99.196%,8,987,995,987,8,0,0
0x97a476,55.5556%,8,10,18,0,4,4,10
0x6068fd,93.0435%,8,107,115,100,1,7,7
0x8040d6,86.6667%,8,52,60,0,0,8,52
0x638858,99.7864%,8,3738,3746,0,0,8,3738
0x942ae1,0%,8,0,8,0,0,8,0
0x534bf3,60%,8,12,20,0,0,8,12
0x8e3935,83.3333%,8,40,48,0,0,8,40
0x80bc88,89.3333%,8,67,75,67,8,0,0
0xa441c9,84.6154%,8,44,52,44,8,0,0
0x5b9df9,84.9057%,8,45,53,0,0,8,45
0x945290,96.4602%,8,218,226,0,0,8,218
0xa5ee6b,71.4286%,8,20,28,0,0,8,20
0x8fe93a,71.4286%,8,20,28,0,0,8,20
0x8df61a,70.3704%,8,19,27,0,4,4,19
0x943e3b,20%,8,2,10,0,0,8,2
0xa36837,97.9381%,8,380,388,0,5,3,380
0xa52332,91.5789%,8,87,95,0,0,8,87
0x780eea,99.1489%,8,932,940,932,8,0,0
0x81588a,55.5556%,8,10,18,5,4,4,5
0xa45235,97.4684%,8,308,316,0,0,8,308
0x9f416e,75.7576%,8,25,33,25,8,0,0
0xa53055,0%,8,0,8,0,0,8,0
0x6188f3,97.5155%,8,314,322,0,0,8,314
0xa44178,87.5%,8,56,64,56,8,0,0
0xa90b23,42.8571%,8,6,14,5,3,5,1
0xa438b2,33.3333%,8,4,12,4,8,0,0
0x8d98dc,0%,8,0,8,0,8,0,0
0x40bafd,95.3333%,7,143,150,0,0,7,143
0x9d1ed6,75%,7,21,28,0,0,7,21
0xb14801,99.8356%,7,4251,4258,0,0,7,4251
0xa5902f,83.3333%,7,35,42,25,6,1,10
0x8a24cb,98%,7,343,350,0,0,7,343
0x787f38,88.3333%,7,53,60,7,3,4,46
0x507763,61.1111%,7,11,18,11,7,0,0
0x973065,74.0741%,7,20,27,12,0,7,8
0x9ed358,74.0741%,7,20,27,20,7,0,0
0xa53d38,95.7317%,7,157,164,157,7,0,0
0x48c523,95%,7,133,140,0,0,7,133
0x507794,61.1111%,7,11,18,10,6,1,1
0x9a493e,56.25%,7,9,16,9,7,0,0
0x6042d5,95.7576%,7,158,165,158,7,0,0
0x8221cd,97.4359%,7,266,273,0,0,7,266
0x48e11d,76.6667%,7,23,30,15,0,7,8
0x99dfca,53.3333%,7,8,15,8,7,0,0
0x9052c0,94.8905%,7,130,137,0,0,7,130
0x63fbd8,99.2716%,7,954,961,954,7,0,0
0x65b254,46.1538%,7,6,13,0,0,7,6
0x9e3894,78.125%,7,25,32,0,7,0,25
0xa18b6e,65%,7,13,20,13,7,0,0
0x8089c0,22.2222%,7,2,9,2,7,0,0
0x9ea7a3,78.125%,7,25,32,25,7,0,0
0xa58bbe,46.1538%,7,6,13,6,7,0,0
0xa00257,22.2222%,7,2,9,2,7,0,0
0x65ac9c,50%,7,7,14,0,0,7,7
0x8f31b1,99.727%,7,2557,2564,2557,7,0,0
0xb1ae52,98.3834%,7,426,433,0,0,7,426
0x511948,96.6981%,7,205,212,0,0,7,205
0x9aa6b0,98.5859%,7,488,495,484,6,1,4
0x9f454a,91.25%,7,73,80,0,0,7,73
0x5b2a37,85.1064%,7,40,47,0,0,7,40
0xa2d734,91.7647%,7,78,85,0,0,7,78
0x8e4629,99.5398%,7,1514,1521,0,0,7,1514
0x8fc022,99.0528%,7,732,739,0,0,7,732
0x50627a,98.9181%,7,640,647,0,0,7,640
0x504300,99.0424%,7,724,731,724,7,0,0
0xb2eb4a,99.9089%,7,7674,7681,0,0,7,7674
0xa5be8d,78.125%,7,25,32,0,0,7,25
0xaac45a,56.25%,7,9,16,4,4,3,5
0xa44717,86.5385%,7,45,52,45,7,0,0
0x80c3e1,95.0355%,7,134,141,0,1,6,134
0x9eedb4,96.9565%,7,223,230,0,0,7,223
0x8fe3f3,94.0678%,7,111,118,0,0,7,111
0x5f4227,0%,7,0,7,0,0,7,0
0x8d253d,30%,7,3,10,3,7,0,0
0x9a96ab,77.4194%,7,24,31,24,7,0,0
0x5f1ce0,0%,7,0,7,0,0,7,0
0x81ed66,97.2%,7,243,250,0,2,5,243
0x8d4123,36.3636%,7,4,11,2,7,0,2
0x80e8dd,98.6692%,7,519,526,0,0,7,519
0x9e5e2f,58.8235%,7,10,17,10,7,0,0
0x4c6fb5,86%,7,43,50,43,7,0,0
0x58c559,41.6667%,7,5,12,0,0,7,5
0x480989,63.1579%,7,12,19,0,0,7,12
0x9fc701,30%,7,3,10,3,7,0,0
0xa5f814,94.8529%,7,129,136,0,0,7,129
0x53580a,56.25%,7,9,16,4,1,6,5
0xa9f19e,63.1579%,7,12,19,12,7,0,0
0x5f9279,65%,7,13,20,3,4,3,10
0x8d3f2f,46.1538%,7,6,13,0,0,7,6
0xa0301e,89.7059%,7,61,68,1,6,1,60
0x9511b8,98.3796%,7,425,432,418,7,0,7
0x9ecf0e,78.7879%,7,26,33,26,7,0,0
0x688eb6,70.8333%,7,17,24,17,7,0,0
0x9a9702,65%,7,13,20,0,0,7,13
0x67f13d,99.836%,7,4262,4269,2014,7,0,2248
0xa2a92b,93.8053%,7,106,113,106,6,1,0
0x8d2483,91.6667%,7,77,84,0,0,7,77
0x9aad7c,99.1173%,7,786,793,786,7,0,0
0x5fd976,99.5975%,7,1732,1739,0,0,7,1732
0x4bf2bf,85.4167%,7,41,48,7,6,1,34
0x54d808,56.25%,7,9,16,0,0,7,9
0x96995b,82.0513%,7,32,39,32,7,0,0
0xa46737,76.6667%,7,23,30,23,7,0,0
0x9a61a8,41.6667%,7,5,12,5,7,0,0
0xa02c86,78.125%,7,25,32,0,0,7,25
0x9a93f4,65%,7,13,20,0,0,7,13
0x5f2138,80.5556%,7,29,36,0,0,7,29
0xb24657,99.9412%,7,11892,11899,0,0,7,11892
0x8a69c2,41.6667%,7,5,12,1,6,1,4
0x9d687d,93.8596%,7,107,114,0,0,7,107
0x5f4b81,0%,7,0,7,0,7,0,0
0x9f0bec,92.6316%,7,88,95,0,0,7,88
0x9742b9,98.7544%,7,555,562,555,7,0,0
0x9812e0,46.1538%,7,6,13,6,7,0,0
0xa43cd4,98.7365%,7,547,554,0,0,7,547
0x8fe314,99.5561%,7,1570,1577,0,0,7,1570
0x50cec4,97.3077%,7,253,260,0,2,5,253
0x5bcbfa,99.2739%,7,957,964,957,7,0,0
0x4038f1,98.017%,7,346,353,346,7,0,0
0x8c834e,41.6667%,7,5,12,5,7,0,0
0x488c7c,94.0171%,7,110,117,0,0,7,110
0xae7095,89.8551%,7,62,69,0,0,7,62
0x7942a9,80%,7,28,35,0,6,1,28
0xa52ec6,63.1579%,7,12,19,7,0,7,5
0xa58ee0,94.1176%,7,112,119,0,0,7,112
0xa2d38c,98.2234%,7,387,394,387,7,0,0
0xa59327,83.7209%,7,36,43,0,0,7,36
0x7b7ffb,72%,7,18,25,18,7,0,0
0x8c7428,99.26%,7,939,946,939,7,0,0
0xa54287,93.1373%,7,95,102,0,0,7,95
0x64bd87,94.1176%,7,112,119,0,0,7,112
0x9a0adb,75%,7,21,28,0,0,7,21
0x50ce54,86.5385%,7,45,52,45,7,0,0
0x69ddb9,41.6667%,7,5,12,0,0,7,5
0x9a6311,50%,7,7,14,7,7,0,0
0x4bea51,93.3333%,7,98,105,35,0,7,63
0x5969f6,97.9228%,7,330,337,330,7,0,0
0xa478ef,50%,7,7,14,0,0,7,7
0x808d71,99.9154%,7,8271,8278,8271,7,0,0
0x50e835,50%,7,7,14,0,0,7,7
0x9fcbad,72%,7,18,25,0,7,0,18
0x9746ee,58.8235%,7,10,17,9,4,3,1
0x50e84c,50%,7,7,14,0,0,7,7
0x58d1ca,65%,7,13,20,0,0,7,13
0x8f41bf,97.8462%,7,318,325,318,7,0,0
0xb466ce,99.9065%,7,7479,7486,0,0,7,7479
0x50e57b,87.2727%,7,48,55,0,2,5,48
0x4886fd,98.9599%,7,666,673,666,7,0,0
0xa5717d,65%,7,13,20,13,7,0,0
0xa0758a,0%,7,0,7,0,4,3,0
0x9f05d9,99.0909%,7,763,770,0,0,7,763
0x65203c,82.0513%,7,32,39,32,7,0,0
0xab36b0,61.1111%,7,11,18,11,7,0,0
0x4b71e4,36.3636%,7,4,11,4,7,0,0
0x80b8e6,96.6346%,7,201,208,201,7,0,0
0x8193d6,89.7059%,7,61,68,29,5,2,32
0x4a7c10,86.2745%,7,44,51,0,0,7,44
0x4be49d,53.3333%,7,8,15,6,2,5,2
0xa498b5,68.1818%,7,15,22,0,0,7,15
0x9f5917,96.1326%,7,174,181,0,0,7,174
0xa53581,12.5%,7,1,8,0,0,7,1
0xa41573,12.5%,7,1,8,1,7,0,0
0x835da2,86.7925%,7,46,53,46,7,0,0
0xa3623e,98.3871%,7,427,434,0,0,7,427
0x48770b,50%,7,7,14,2,0,7,5
0xa429e3,75%,7,21,28,21,7,0,0
0x504370,88.7097%,7,55,62,0,0,7,55
0xaae215,99.8144%,7,3765,3772,0,0,7,3765
0x9f6237,84.0909%,7,37,44,0,0,7,37
0xa56fa6,93.5185%,7,101,108,0,0,7,101
0xa48cab,95.8084%,7,160,167,0,0,7,160
0x5489e1,78.7879%,7,26,33,26,1,6,0
0x8f1969,85.4167%,7,41,48,0,0,7,41
0x8aebaa,95.2055%,7,139,146,7,0,7,132
0x8aea2f,96.7742%,7,210,217,210,7,0,0
0x5bb6ba,69.5652%,7,16,23,16,7,0,0
0x8ae94a,0%,7,0,7,0,7,0,0
0xa917cc,78.125%,7,25,32,25,7,0,0
0x81b81b,41.6667%,7,5,12,5,7,0,0
0xa4b68b,65%,7,13,20,0,0,7,13
0x9e5205,61.1111%,7,11,18,1,5,2,10
0x5cbbca,94.6565%,7,124,131,124,7,0,0
0x808f06,96.4824%,7,192,199,178,4,3,14
0x5bd0ea,36.3636%,7,4,11,4,7,0,0
0x48ff19,30%,7,3,10,3,7,0,0
0x606bc7,93.8053%,7,106,113,97,4,3,9
0xb3226c,99.9755%,7,28621,28628,28621,7,0,0
0x409dff,63.1579%,7,12,19,2,1,6,10
0x49486e,96.8326%,7,214,221,0,0,7,214
0xa96be4,95.302%,7,142,149,100,7,0,42
0x9ec0d2,74.0741%,7,20,27,20,4,3,0
0x50bd35,61.1111%,7,11,18,11,7,0,0
0x51b598,99.4497%,7,1265,1272,0,0,7,1265
0x4bde46,0%,7,0,7,0,7,0,0
0x9bda33,88.1356%,7,52,59,0,0,7,52
0xa97d5c,30%,7,3,10,1,5,2,2
0x506a6e,86.7925%,7,46,53,0,0,7,46
0xa662a0,74.0741%,7,20,27,20,7,0,0
0x50a667,50%,7,7,14,7,7,0,0
0x5f1460,95.5975%,7,152,159,0,0,7,152
0x4414b7,87.7193%,7,50,57,0,0,7,50
0x5cb113,99.1822%,7,849,856,849,4,3,0
0x4c7109,61.1111%,7,11,18,0,0,7,11
0x97379d,82.5%,7,33,40,0,0,7,33
0x402d64,79.4118%,7,27,34,0,0,7,27
0x5080b9,97.2656%,7,249,256,0,0,7,249
0x88a0da,68.1818%,7,15,22,0,0,7,15
0x4a1e7e,41.6667%,7,5,12,0,0,7,5
0x5f146f,95.5696%,7,151,158,0,0,7,151
0x9810b5,90.5405%,7,67,74,6,5,2,61
0x9f68b0,97.6109%,7,286,293,0,0,7,286
0x590b4c,65%,7,13,20,10,4,3,3
0x5c6c2a,99.6741%,7,2141,2148,2141,7,0,0
0x50d5a1,95.6522%,7,154,161,0,0,7,154
0xa02537,74.0741%,7,20,27,0,0,7,20
0x405b78,98.3607%,7,420,427,87,3,4,333
0xa9d051,65%,7,13,20,13,5,2,0
0x50cd31,98%,7,343,350,230,3,4,113
0x4103da,70.8333%,7,17,24,15,7,0,2
0x9fdcac,72%,7,18,25,18,0,7,0
0x6514b1,91.4634%,7,75,82,75,7,0,0
0xb2e6e2,99.9124%,7,7988,7995,0,0,7,7988
0x5c6c46,99.6741%,7,2141,2148,0,2,5,2141
0x50be27,98.7931%,7,573,580,572,6,1,1
0x8dd18c,97.7778%,7,308,315,2,0,7,306
0x64ba2c,99.4989%,7,1390,1397,1390,0,7,0
0xa58817,65%,7,13,20,13,7,0,0
0xaa5dbe,96.6019%,7,199,206,199,7,0,0
0x9e1b12,94.0678%,7,111,118,111,7,0,0
0x8e414d,99.6366%,7,1919,1926,1919,7,0,0
0x7ac76b,41.6667%,7,5,12,0,0,7,5
0x494dc4,65%,7,13,20,13,7,0,0
0x977d73,94.5736%,7,122,129,0,0,7,122
0x4ace7f,96.1326%,7,174,181,174,5,2,0
0x63d8d9,95.0355%,7,134,141,134,7,0,0
0x494d84,95.5696%,7,151,158,0,0,7,151
0xa97e50,53.3333%,7,8,15,8,7,0,0
0x8fe391,76.6667%,7,23,30,0,0,7,23
0xa42738,96.8889%,7,218,225,218,7,0,0
0x49ae9a,82.0513%,7,32,39,0,0,7,32
0x95245a,97.4074%,7,263,270,0,0,7,263
0x80923c,92.6316%,7,88,95,84,5,2,4
0x4bc696,84.0909%,7,37,44,0,0,7,37
0xa8ee75,50%,7,7,14,0,6,1,7
0x9cfbbc,94.3089%,7,116,123,116,7,0,0
0x9a89c9,97.3978%,7,262,269,0,0,7,262
0x98ce01,41.6667%,7,5,12,5,7,0,0
0xa33f3c,93.578%,7,102,109,0,0,7,102
0xa59301,53.3333%,7,8,15,0,0,7,8
0x681e39,95.1389%,7,137,144,137,7,0,0
0x5912e5,97.1545%,7,239,246,0,0,7,239
0x8d37fc,56.25%,7,9,16,5,7,0,4
0x5467b5,0%,7,0,7,0,7,0,0
0x8a67b2,22.2222%,7,2,9,2,7,0,0
0x65b1da,46.1538%,7,6,13,0,0,7,6
0x50aa8a,89.2308%,7,58,65,58,7,0,0
0x5bd567,99.8547%,7,4811,4818,0,0,7,4811
0x99b003,82.5%,7,33,40,0,0,7,33
0xaa58b1,85.7143%,7,42,49,42,7,0,0
0xa59fbf,0%,7,0,7,0,0,7,0
0x8f1648,94.7761%,7,127,134,127,7,0,0
0x555d3c,81.5789%,7,31,38,0,0,7,31
0xa15d71,12.5%,7,1,8,0,0,7,1
0x9bea04,41.6667%,7,5,12,0,0,7,5
0x99dbd8,53.3333%,7,8,15,8,7,0,0
0x817cee,97.2%,7,243,250,243,7,0,0
0x5f061a,94.2623%,7,115,122,0,0,7,115
0x50fb37,30%,7,3,10,0,0,7,3
0x7cf349,98.9568%,7,664,671,47,4,3,617
0x80e64c,91.5663%,7,76,83,0,0,7,76
0x8d9d99,91.5663%,7,76,83,76,7,0,0
0x64baf7,99.4971%,7,1385,1392,1385,7,0,0
0x9f4ee4,94.2149%,7,114,121,0,0,7,114
0x9fdb9a,72%,7,18,25,18,7,0,0
0xb14854,99.8356%,7,4251,4258,0,0,7,4251
0x9edd12,89.0625%,7,57,64,57,7,0,0
0x90400d,83.7209%,7,36,43,25,7,0,11
0x9f41c8,78.7879%,7,26,33,26,7,0,0
0x5ebd9c,0%,7,0,7,0,7,0,0
0x4b8ae2,56.25%,7,9,16,0,0,7,9
0x9a7284,53.3333%,7,8,15,8,3,4,0
0x5d24a5,99.4378%,7,1238,1245,1238,7,0,0
0x66689a,98.5772%,7,485,492,485,7,0,0
0x908a79,99.2716%,7,954,961,954,7,0,0
0x40e115,99.5806%,7,1662,1669,0,0,7,1662
0x9aae05,81.0811%,7,30,37,0,0,7,30
0x63eaf5,96.5%,7,193,200,0,0,7,193
0x8dae3f,99.4924%,7,1372,1379,1372,7,0,0
0x9a7edc,72%,7,18,25,0,0,7,18
0x5e46a3,99.5361%,7,1502,1509,1502,7,0,0
0xa41f79,98.1383%,7,369,376,0,0,7,369
0x901fab,99.8508%,7,4685,4692,0,0,7,4685
0x984308,90.5405%,7,67,74,59,7,0,8
0x9f69e1,12.5%,7,1,8,0,0,7,1
0x9ed3b3,98.2368%,7,390,397,390,7,0,0
0x8f77c1,95.5414%,7,150,157,150,7,0,0
0x5d23e7,99.4378%,7,1238,1245,1238,7,0,0
0x53a0df,75.8621%,7,22,29,22,7,0,0
0x606ab1,96.8889%,7,218,225,0,0,7,218
0x9f0119,30%,7,3,10,1,7,0,2
0xaef6da,12.5%,7,1,8,1,7,0,0
0x4bd5ef,12.5%,7,1,8,1,0,7,0
0xaa23ef,79.4118%,7,27,34,0,0,7,27
0x88e9ec,82.0513%,7,32,39,0,0,7,32
0x5d1186,95.1724%,7,138,145,0,0,7,138
0x9725c1,30%,7,3,10,0,0,7,3
0xa0383c,99.8686%,7,5321,5328,0,0,7,5321
0x609dbe,96.3918%,7,187,194,0,0,7,187
0x98cb90,96.9027%,7,219,226,219,7,0,0
0x554760,89.0625%,7,57,64,1,0,7,56
0xa34c32,88.3333%,7,53,60,0,0,7,53
0x8e0313,98.7719%,7,563,570,563,7,0,0
0x8e4f04,98.6248%,7,502,509,0,0,7,502
0x4bd68e,82.9268%,7,34,41,34,7,0,0
0xa1b580,46.1538%,7,6,13,4,1,6,2
0x5ec50c,82.5%,7,33,40,27,5,2,6
0x5ebcfa,53.3333%,7,8,15,0,0,7,8
0xa02a6f,41.6667%,7,5,12,0,0,7,5
0x8ffa96,99.5352%,7,1499,1506,1499,7,0,0
0x4bbcbe,99.5965%,7,1728,1735,1728,7,0,0
0xa3491d,98.4581%,7,447,454,447,7,0,0
0x4a720f,95.7317%,7,157,164,157,7,0,0
0xa3531d,61.1111%,7,11,18,11,7,0,0
0x8a77a3,90.9091%,7,70,77,0,5,2,70
0x8886a6,68.1818%,7,15,22,15,7,0,0
0x5cb0a2,99.2099%,7,879,886,0,0,7,879
0x4943fe,86.2745%,7,44,51,44,7,0,0
0x8d37db,66.6667%,7,14,21,0,5,2,14
0x5f88ef,41.6667%,7,5,12,4,0,7,1
0x8c7bea,94.2623%,7,115,122,106,2,5,9
0x9c3bdd,80.5556%,7,29,36,29,7,0,0
0xa44b1f,12.5%,7,1,8,1,7,0,0
0x48313a,75.8621%,7,22,29,22,7,0,0
0x7bac3b,63.1579%,7,12,19,3,2,5,9
0x4c3cc1,94.1176%,7,112,119,112,0,7,0
0x5efcc3,90%,7,63,70,63,7,0,0
0x9a48d3,78.125%,7,25,32,9,7,0,16
0x5b05cc,89.5522%,7,60,67,60,5,2,0
0x441a72,36.3636%,7,4,11,4,7,0,0
0x503f97,22.2222%,7,2,9,2,7,0,0
0x4c5309,97.619%,7,287,294,0,0,7,287
0x53dcb5,30%,7,3,10,0,0,7,3
0xa29eea,56.25%,7,9,16,9,7,0,0
0x609d37,98.017%,7,346,353,346,7,0,0
0x8bd835,65%,7,13,20,12,7,0,1
0x8a51ca,96.7742%,7,210,217,0,0,7,210
0x8f0c45,96.5%,7,193,200,0,0,7,193
0x5d3b08,99.4378%,7,1238,1245,1238,7,0,0
0x4a9828,53.3333%,7,8,15,8,7,0,0
0x4c67d1,75%,7,21,28,11,5,2,10
0x50fda1,99.9448%,7,12676,12683,12676,7,0,0
0x9a8cc0,88.7097%,7,55,62,55,7,0,0
0xa29210,56.25%,7,9,16,0,0,7,9
0x8d3f0b,46.1538%,7,6,13,0,0,7,6
0x64f2ed,68.1818%,7,15,22,12,6,1,3
0x9a898e,88.7097%,7,55,62,0,0,7,55
0x816863,96.9027%,7,219,226,0,0,7,219
0x5baa43,99.6343%,7,1907,1914,1907,7,0,0
0x5904a3,90.1408%,7,64,71,0,0,7,64
0x590616,63.1579%,7,12,19,12,7,0,0
0xa9072d,98.1627%,7,374,381,0,0,7,374
0x49404b,53.3333%,7,8,15,8,7,0,0
0x5dec50,99.4359%,7,1234,1241,0,0,7,1234
0x80a847,99.1726%,7,839,846,839,2,5,0
0x4bb910,87.5%,7,49,56,0,0,7,49
0x977bd0,0%,7,0,7,0,7,0,0
0x496364,79.4118%,7,27,34,0,5,2,27
0x4ac804,53.3333%,7,8,15,8,7,0,0
0x6000c7,74.0741%,7,20,27,0,0,7,20
0x591f5b,90%,7,63,70,63,7,0,0
0x441877,36.3636%,7,4,11,0,0,7,4
0xaab489,99.0642%,7,741,748,741,7,0,0
0xa9956e,36.3636%,7,4,11,4,7,0,0
0xaae780,85.1064%,7,40,47,0,0,7,40
0xa498c9,68.1818%,7,15,22,15,7,0,0
0x4b94c5,46.1538%,7,6,13,6,7,0,0
0x9f0b92,92.6316%,7,88,95,0,5,2,88
0x95ae0a,69.5652%,7,16,23,16,7,0,0
0x4b9487,46.1538%,7,6,13,6,7,0,0
0x4914ce,95.5975%,7,152,159,151,7,0,1
0x58c49c,41.6667%,7,5,12,5,7,0,0
0x9a1209,91.358%,7,74,81,0,0,7,74
0x9009c4,95.2055%,7,139,146,0,0,7,139
0x9f0b3c,98.6355%,7,506,513,506,7,0,0
0x9a11a0,91.358%,7,74,81,0,0,7,74
0x504d0b,88.1356%,7,52,59,44,5,2,8
0x803e20,61.1111%,7,11,18,0,0,7,11
0x4832bb,75.8621%,7,22,29,0,0,7,22
0xaa2d5c,97.6974%,7,297,304,0,0,7,297
0x9a3299,89.7059%,7,61,68,61,7,0,0
0x8a8bd6,70.8333%,7,17,24,0,0,7,17
0x9742e5,97.1545%,7,239,246,0,0,7,239
0x441b35,36.3636%,7,4,11,4,7,0,0
0x50c9e2,98.4091%,7,433,440,433,7,0,0
0xa25b5f,99.309%,7,1006,1013,0,0,7,1006
0x8efe1e,80.5556%,7,29,36,19,3,4,10
0xa99b8a,53.3333%,7,8,15,8,7,0,0
0x858f18,96.1326%,7,174,181,174,1,6,0
0x64deb6,98.7109%,7,536,543,0,0,7,536
0xa26b62,73.0769%,7,19,26,5,6,1,14
0x55597c,87.2727%,7,48,55,0,0,7,48
0x900ccb,97.9042%,7,327,334,327,7,0,0
0x441dd8,36.3636%,7,4,11,4,7,0,0
0x7858dd,46.1538%,7,6,13,0,6,1,6
0x8b9c32,99.6997%,7,2324,2331,2324,7,0,0
0xaabde6,36.3636%,7,4,11,4,7,0,0
0x7e819d,0%,7,0,7,0,7,0,0
0x8075fd,88.1356%,7,52,59,0,0,7,52
0x60df2f,98.984%,7,682,689,682,7,0,0
0x95b43d,36.3636%,7,4,11,4,7,0,0
0x9f221c,30%,7,3,10,1,7,0,2
0x8bc81d,79.4118%,7,27,34,27,5,2,0
0x5cfaa1,97.3282%,7,255,262,9,1,6,246
0x511c5c,50%,7,7,14,7,7,0,0
0x4c26c8,46.1538%,7,6,13,6,7,0,0
0xa1a056,74.0741%,7,20,27,2,0,7,18
0x5d45b0,50%,7,7,14,0,0,7,7
0x9cfc0b,93.913%,7,108,115,1,3,4,107
0x8a9811,99.9464%,7,13045,13052,0,0,7,13045
0x5b14c1,98.6538%,7,513,520,513,7,0,0
0x5f9205,22.2222%,7,2,9,0,0,7,2
0x490c5e,73.0769%,7,19,26,0,0,7,19
0x9a6e0b,22.2222%,7,2,9,2,7,0,0
0x8f4284,99.722%,7,2511,2518,0,0,7,2511
0xa39e87,87.931%,7,51,58,0,7,0,51
0x591139,97.166%,7,240,247,0,0,7,240
0x9e54bf,95.858%,7,162,169,162,7,0,0
0x4aaeb8,36.3636%,7,4,11,4,7,0,0
0x81c35b,97.0085%,7,227,234,227,7,0,0
0x618a3c,90%,7,63,70,0,0,7,63
0x482801,63.1579%,7,12,19,0,0,7,12
0x7cfa3c,30%,7,3,10,3,7,0,0
0x81912c,79.4118%,7,27,34,0,0,7,27
0x482807,63.1579%,7,12,19,10,7,0,2
0xa282c6,97.8916%,7,325,332,325,7,0,0
0x8db726,95.7831%,7,159,166,159,7,0,0
0x5c6b98,99.4982%,7,1388,1395,1388,7,0,0
0x8ddef7,87.037%,7,47,54,0,0,7,47
0x966039,30%,7,3,10,3,7,0,0
0x5b8d28,12.5%,7,1,8,0,0,7,1
0x54f270,66.6667%,7,14,21,0,0,7,14
0x599362,99.8315%,7,4147,4154,0,0,7,4147
0x483cdf,63.1579%,7,12,19,12,6,1,0
0xa27573,93.6364%,7,103,110,0,0,7,103
0xa05ffe,56.25%,7,9,16,0,5,2,9
0x4c97bf,0%,7,0,7,0,0,7,0
0x9a3243,87.5%,7,49,56,12,3,4,37
0x5addd2,74.0741%,7,20,27,20,7,0,0
0x54d6c3,65%,7,13,20,13,7,0,0
0x59bfda,86.7925%,7,46,53,46,7,0,0
0xa3bddb,12.5%,7,1,8,0,0,7,1
0x4c97af,41.6667%,7,5,12,2,3,4,3
0x60b4e3,96.1326%,7,174,181,0,0,7,174
0x94c936,89.0625%,7,57,64,0,0,7,57
0x4a5d32,87.2727%,7,48,55,18,7,0,30
0x9f99eb,82.9268%,7,34,41,0,0,7,34
0x8e2d53,66.6667%,7,14,21,4,4,3,10
0x80683f,41.6667%,7,5,12,4,7,0,1
0x4ad86d,66.6667%,7,14,21,2,1,6,12
0x9f8515,50%,7,7,14,1,4,3,6
0x4c9e6f,99.2179%,7,888,895,885,6,1,3
0x8a5b47,96.789%,7,211,218,211,5,2,0
0x405063,66.6667%,7,14,21,0,0,7,14
0x551d65,96.1326%,7,174,181,174,7,0,0
0xa5d1a9,78.7879%,7,26,33,0,0,7,26
0x8dce49,88.5246%,7,54,61,0,0,7,54
0x5121cd,82.0513%,7,32,39,1,1,6,31
0x409ffa,56.25%,7,9,16,9,6,1,0
0x5ec586,82.5%,7,33,40,0,0,7,33
0x5fedcf,98.1818%,7,378,385,0,0,7,378
0x40955a,12.5%,7,1,8,0,0,7,1
0x8ff307,30%,7,3,10,3,0,7,0
0x4aae11,82.5%,7,33,40,1,0,7,32
0x9005fb,97.9885%,7,341,348,0,2,5,341
0xab2d30,36.3636%,7,4,11,0,4,3,4
0x9d1250,94.1667%,7,113,120,104,0,7,9
0x966007,63.1579%,7,12,19,12,7,0,0
0x976ea0,61.1111%,7,11,18,11,4,3,0
0xa058fa,66.6667%,7,14,21,0,7,0,14
0x4c6187,84.0909%,7,37,44,30,7,0,7
0xa2e74b,94.7761%,7,127,134,0,0,7,127
0x9a6a31,50%,7,7,14,7,7,0,0
0xa53160,12.5%,7,1,8,0,0,7,1
0x98d0bb,0%,7,0,7,0,0,7,0
0x5ec185,50%,7,7,14,7,7,0,0
0x492d03,90.2778%,7,65,72,65,7,0,0
0xa2f029,91.6667%,7,77,84,0,0,7,77
0xa543f1,93.4579%,7,100,107,0,0,7,100
0x787c36,99.2018%,7,870,877,0,0,7,870
0x48061c,22.2222%,7,2,9,2,7,0,0
0x99aebc,76.6667%,7,23,30,23,7,0,0
0x4a71b2,96.9027%,7,219,226,0,0,7,219
0xa32942,63.1579%,7,12,19,12,6,1,0
0x99d365,22.2222%,7,2,9,0,0,7,2
0x40f42d,99.8421%,7,4425,4432,4425,7,0,0
0x5b16b4,93.8596%,7,107,114,107,7,0,0
0x9fb5e8,97.7124%,7,299,306,0,0,7,299
0x973475,82.5%,7,33,40,32,1,6,1
0x80d427,93.6364%,7,103,110,103,7,0,0
0x8aa971,99.7954%,7,3414,3421,3414,7,0,0
0x482393,22.2222%,7,2,9,2,7,0,0
0x557fa5,99.3865%,7,1134,1141,1134,7,0,0
0xa2d710,91.7647%,7,78,85,78,7,0,0
0x65b9ae,98.3412%,7,415,422,0,0,7,415
0xa5a0a8,46.1538%,7,6,13,2,5,2,4
0x4050c0,66.6667%,7,14,21,8,2,5,6
0xa90309,81.5789%,7,31,38,0,0,7,31
0x53df9e,99.8966%,7,6762,6769,6762,7,0,0
0x8d3f8a,46.1538%,7,6,13,0,0,7,6
0xa4ece9,68.1818%,7,15,22,15,7,0,0
0x4a1270,97.7199%,7,300,307,300,7,0,0
0x5fbf28,90.6667%,7,68,75,68,5,2,0
0x9e4018,89.7059%,7,61,68,0,0,7,61
0x61099a,46.1538%,7,6,13,6,7,0,0
0x5f0cb6,79.4118%,7,27,34,0,0,7,27
0x610ce4,76.6667%,7,23,30,0,0,7,23
0x5f0f75,79.4118%,7,27,34,0,0,7,27
0x48b17b,83.7209%,7,36,43,0,0,7,36
0x48b396,98.0769%,7,357,364,357,7,0,0
0x80469f,90.6667%,7,68,75,0,0,7,68
0x7dff1e,22.2222%,7,2,9,1,0,7,1
0x512ad8,98.1771%,7,377,384,0,0,7,377
0x98b314,97.9885%,7,341,348,0,0,7,341
0x7dff3e,12.5%,7,1,8,0,0,7,1
0x9ed29e,87.7193%,7,50,57,50,7,0,0
0x80db3c,96.8182%,7,213,220,0,0,7,213
0x9ea870,90.2778%,7,65,72,65,5,2,0
0x4a64a2,30%,7,3,10,2,0,7,1
0x7c7ba7,92.7835%,7,90,97,0,0,7,90
0xa59cb6,61.1111%,7,11,18,0,0,7,11
0x4fdbe3,88.3333%,7,53,60,53,7,0,0
0xa8fb9b,96.875%,7,217,224,217,7,0,0
0x542445,99.6942%,7,2282,2289,0,0,7,2282
0x805ac5,91.6667%,7,77,84,0,0,7,77
0x808188,74.0741%,7,20,27,0,0,7,20
0x40d2ea,94.6154%,7,123,130,4,4,3,119
0x9be6af,85.4167%,7,41,48,0,0,7,41
0xa53736,12.5%,7,1,8,0,0,7,1
0xa3fc87,91.8605%,7,79,86,13,1,6,66
0x511090,99.8145%,7,3767,3774,3767,7,0,0
0x541bef,88.8889%,7,56,63,7,2,5,49
0x95970e,94.5312%,7,121,128,121,7,0,0
0x9e73ab,98.25%,7,393,400,0,0,7,393
0xa901e5,72%,7,18,25,18,7,0,0
0x9fb036,88.8889%,7,56,63,56,7,0,0
0x5bab6b,94.1176%,7,112,119,0,0,7,112
0x510bd5,97.7564%,7,305,312,0,0,7,305
0xa46f03,61.1111%,7,11,18,11,7,0,0
0x908d76,99.8362%,7,4267,4274,0,0,7,4267
0xa4ef07,68.1818%,7,15,22,15,7,0,0
0x80a8ed,99.1696%,7,836,843,0,2,5,836
0x9bd47c,41.6667%,7,5,12,0,0,7,5
0x803f96,75%,7,21,28,10,1,6,11
0x5b230b,97.0833%,7,233,240,0,0,7,233
0x813a88,58.8235%,7,10,17,10,7,0,0
0x5c33dc,12.5%,7,1,8,0,0,7,1
0xa9db2e,50%,7,7,14,0,0,7,7
0x8222f1,82.0513%,7,32,39,32,7,0,0
0x4ab54a,77.4194%,7,24,31,24,7,0,0
0x8c8acb,91.25%,7,73,80,0,0,7,73
0x5ee173,97.1074%,7,235,242,0,0,7,235
0x5b28fb,85.1064%,7,40,47,0,0,7,40
0x5ee413,96.0452%,7,170,177,170,7,0,0
0x8dfe39,95.625%,7,153,160,153,5,2,0
0x8e3798,99.1003%,7,771,778,0,0,7,771
0x7ce82c,78.125%,7,25,32,25,7,0,0
0x4bc30a,79.4118%,7,27,34,27,7,0,0
0x8a66f3,46.1538%,7,6,13,5,4,3,1
0x97381c,81.5789%,7,31,38,31,7,0,0
0x58e286,90.6667%,7,68,75,68,7,0,0
0x971491,68.1818%,7,15,22,6,1,6,9
0xa54a96,12.5%,7,1,8,0,0,7,1
0x488f47,41.6667%,7,5,12,2,6,1,3
0x80929c,80.5556%,7,29,36,0,2,5,29
0x8a95ea,41.6667%,7,5,12,5,7,0,0
0x5c6ce9,98.7993%,7,576,583,0,0,7,576
0x9e6185,97.2%,7,243,250,0,0,7,243
0x822286,97.4359%,7,266,273,0,0,7,266
0x40e518,56.25%,7,9,16,3,2,5,6
0x8fd786,53.3333%,7,8,15,0,0,7,8
0xb30d50,99.6261%,7,1865,1872,0,0,7,1865
0x8ad577,92.6316%,7,88,95,2,0,7,86
0x606f66,65%,7,13,20,13,7,0,0
0x606f91,65%,7,13,20,10,0,7,3
0x9d24fa,46.1538%,7,6,13,1,0,7,5
0x911b6b,98.8314%,7,592,599,0,0,7,592
0x5af781,86.7925%,7,46,53,46,5,2,0
0x4822d3,22.2222%,7,2,9,2,7,0,0
0x551007,66.6667%,7,14,21,0,6,1,14
0x680631,69.5652%,7,16,23,0,0,7,16
0x50749b,12.5%,7,1,8,0,0,7,1
0x788d9b,30%,7,3,10,1,0,7,2
0x90670c,94.3548%,7,117,124,0,0,7,117
0x83a9b3,53.3333%,7,8,15,8,4,3,0
0x58deff,56.25%,7,9,16,0,0,7,9
0x8bcacb,22.2222%,7,2,9,2,7,0,0
0x6486f0,87.5%,7,49,56,0,0,7,49
0x58db3f,91.4634%,7,75,82,7,7,0,68
0x4bed7f,73.0769%,7,19,26,1,1,6,18
0x4a988e,79.4118%,7,27,34,0,0,7,27
0x58d238,88.7097%,7,55,62,55,7,0,0
0x8efca4,94.0171%,7,110,117,4,0,7,106
0x8f09e8,93.5185%,7,101,108,101,7,0,0
0x8f5f6e,99.0113%,7,701,708,0,0,7,701
0x9776da,99.4913%,7,1369,1376,0,0,7,1369
0xaa5488,46.1538%,7,6,13,0,0,7,6
0x4c8184,68.1818%,7,15,22,15,7,0,0
0x58f3b5,86.5385%,7,45,52,45,7,0,0
0x4a62f1,30%,7,3,10,3,7,0,0
0x90c9b9,93.3333%,7,98,105,0,0,7,98
0x838f8a,65%,7,13,20,0,0,7,13
0x80a451,98.4547%,7,446,453,0,0,7,446
0x99e245,46.1538%,7,6,13,6,7,0,0
0x90be59,94.1176%,7,112,119,0,0,7,112
0x61142e,22.2222%,7,2,9,1,7,0,1
0xa2d648,96.3918%,7,187,194,187,7,0,0
0xa05345,75.8621%,7,22,29,0,0,7,22
0x4aac44,82.9268%,7,34,41,34,7,0,0
0x5f617b,41.6667%,7,5,12,0,0,7,5
0x8f36b5,93.0693%,7,94,101,94,7,0,0
0x8fdd42,91.7647%,7,78,85,0,0,7,78
0x493066,95.8084%,7,160,167,160,7,0,0
0x4bb8f0,93.75%,7,105,112,53,3,4,52
0x9488bc,82.0513%,7,32,39,0,0,7,32
0x9e293f,72%,7,18,25,5,5,2,13
0x499e82,56.25%,7,9,16,9,7,0,0
0x816414,87.037%,7,47,54,47,5,2,0
0xa15dc2,12.5%,7,1,8,0,0,7,1
0x410048,92.5532%,7,87,94,87,7,0,0
0xa31b60,96.7136%,7,206,213,180,2,5,26
0x78a617,56.25%,7,9,16,9,7,0,0
0x9bc6e3,94.4882%,7,120,127,0,0,7,120
0x973812,81.5789%,7,31,38,0,0,7,31
0x66688f,98.5772%,7,485,492,0,0,7,485
0x481707,63.1579%,7,12,19,0,0,7,12
0xad7b39,69.5652%,7,16,23,0,7,0,16
0x9a913a,50%,7,7,14,7,7,0,0
0x8a8b34,97.3585%,7,258,265,258,7,0,0
0x99e928,87.2727%,7,48,55,0,0,7,48
0xa3d6a6,12.5%,7,1,8,0,0,7,1
0x814912,97.8788%,7,323,330,0,0,7,323
0x59095d,65%,7,13,20,0,0,7,13
0x9e0bb3,96.9432%,7,222,229,222,7,0,0
0x4c606e,56.25%,7,9,16,9,7,0,0
0x976d56,79.4118%,7,27,34,0,5,2,27
0xa3118d,95.0355%,7,134,141,0,0,7,134
0xa52e13,22.2222%,7,2,9,0,0,7,2
0x7ac07b,92.7083%,7,89,96,57,4,3,32
0x9e7766,0%,7,0,7,0,7,0,0
0x58c5d2,36.3636%,7,4,11,4,7,0,0
0xa486bc,97.1074%,7,235,242,0,0,7,235
0x487414,94.9275%,7,131,138,131,7,0,0
0x5d2e79,61.1111%,7,11,18,11,7,0,0
0xa28584,94.3548%,7,117,124,117,1,6,0
0x67ef1b,30%,7,3,10,3,7,0,0
0x8f457f,92.0455%,7,81,88,0,0,7,81
0x5f9218,22.2222%,7,2,9,0,2,5,2
0x88e23c,92.8571%,7,91,98,91,7,0,0
0x98b3a7,86.7925%,7,46,53,22,7,0,24
0x8f76bb,84.4444%,7,38,45,38,7,0,0
0x9a97a3,76.6667%,7,23,30,7,3,4,16
0x8ea2d5,99.4286%,7,1218,1225,1218,7,0,0
0x9ea61d,94.4%,7,118,125,0,0,7,118
0xa4d873,94.2149%,7,114,121,0,0,7,114
0x5f1cf9,0%,7,0,7,0,0,7,0
0x8ecaa8,36.3636%,7,4,11,0,0,7,4
0x4b9518,41.6667%,7,5,12,4,6,1,1
0x5047bb,0%,7,0,7,0,7,0,0
0x5f7fd5,0%,7,0,7,0,0,7,0
0x4c63eb,70.8333%,7,17,24,9,7,0,8
0x50ca48,65%,7,13,20,0,0,7,13
0x90f011,96.5%,7,193,200,193,7,0,0
0x5f914e,22.2222%,7,2,9,0,3,4,2
0x5f7ad5,0%,7,0,7,0,7,0,0
0x7d2dd2,50%,7,7,14,7,7,0,0
0x9fde2f,78.125%,7,25,32,18,7,0,7
0x9f41b2,78.7879%,7,26,33,26,7,0,0
0x58e5c0,41.6667%,7,5,12,5,1,6,0
0x837954,84.4444%,7,38,45,0,0,7,38
0x8088ba,96.9697%,7,224,231,224,7,0,0
0x4b56de,93.1373%,7,95,102,0,3,4,95
0x619aa8,53.3333%,7,8,15,8,2,5,0
0x543a6c,96.8182%,7,213,220,0,2,5,213
0x58be5e,90.7895%,7,69,76,0,0,7,69
0x544ab5,87.7193%,7,50,57,0,0,7,50
0x950fe5,98.3908%,7,428,435,0,6,1,428
0x5d13a6,65%,7,13,20,13,7,0,0
0x8f5f9b,82.5%,7,33,40,33,7,0,0
0x5d093e,61.1111%,7,11,18,0,0,7,11
0x98d079,0%,7,0,7,0,0,7,0
0x659fcd,70.8333%,7,17,24,17,7,0,0
0x9bb40a,89.2308%,7,58,65,0,3,4,58
0xa5493f,98.4513%,7,445,452,445,7,0,0
0x5c571a,81.0811%,7,30,37,11,3,4,19
0x48067a,22.2222%,7,2,9,0,0,7,2
0xa21276,41.6667%,7,5,12,0,0,7,5
0x9e1a52,50%,7,7,14,0,0,7,7
0x9a4577,99.3131%,7,1012,1019,1012,7,0,0
0x9e389f,72%,7,18,25,18,7,0,0
0xa54bfc,41.6667%,7,5,12,2,4,3,3
0x7ce5a2,41.6667%,7,5,12,5,7,0,0
0x402527,98.6381%,7,507,514,0,0,7,507
0x9e2937,76.6667%,7,23,30,0,5,2,23
0xa37336,83.3333%,7,35,42,35,7,0,0
0x5f75c1,76.6667%,7,23,30,0,0,7,23
0xa9376c,75.8621%,7,22,29,0,0,7,22
0x8ddf11,84.7826%,7,39,46,39,7,0,0
0x9f6a43,65%,7,13,20,8,4,3,5
0xa544db,93.75%,7,105,112,0,0,7,105
0x58fdca,92.9293%,7,92,99,0,0,7,92
0xa372ea,12.5%,7,1,8,0,7,0,1
0x5d7f3d,98.3452%,7,416,423,416,3,4,0
0xa989ad,53.3333%,7,8,15,8,7,0,0
0x80832e,87.037%,7,47,54,26,1,6,21
0xa9bd08,30%,7,3,10,3,7,0,0
0x9fdcba,0%,7,0,7,0,0,7,0
0xa3ac28,50%,7,7,14,4,6,1,3
0x9ee018,95.7576%,7,158,165,0,0,7,158
0x50a6fb,90%,7,63,70,0,0,7,63
0xb1c956,97.3485%,7,257,264,0,0,7,257
0x8f0d3f,82.5%,7,33,40,33,7,0,0
0x811f81,68.1818%,7,15,22,15,7,0,0
0xa08796,12.5%,7,1,8,0,0,7,1
0x8e0306,98.7719%,7,563,570,0,0,7,563
0xaaa5d4,58.8235%,7,10,17,6,4,3,4
0xaa2d64,97.6974%,7,297,304,0,0,7,297
0x7c71a1,84.0909%,7,37,44,0,0,7,37
0x5bb151,86.7925%,7,46,53,0,0,7,46
0x4aaff2,36.3636%,7,4,11,4,7,0,0
0x9fde38,0%,7,0,7,0,7,0,0
0x9e73fe,94.8529%,7,129,136,5,6,1,124
0x8efeae,22.2222%,7,2,9,2,7,0,0
0x4ba4e5,68.1818%,7,15,22,0,0,7,15
0xa2386b,89.2308%,7,58,65,0,0,7,58
0x49a13c,85.4167%,7,41,48,41,7,0,0
0x5bb184,0%,7,0,7,0,7,0,0
0x949520,91.6667%,7,77,84,77,7,0,0
0x48980b,72%,7,18,25,7,6,1,11
0x9f993c,72%,7,18,25,0,0,7,18
0xa2ed71,75.8621%,7,22,29,0,0,7,22
0x9a7de8,83.7209%,7,36,43,0,0,7,36
0x7e079f,65%,7,13,20,0,0,7,13
0x9fde9a,72%,7,18,25,18,7,0,0
0x67e4b8,68.1818%,7,15,22,0,0,7,15
0x8045b2,12.5%,7,1,8,1,0,7,0
0x5f96d8,61.1111%,7,11,18,4,6,1,7
0x99db21,66.6667%,7,14,21,14,7,0,0
0x81589e,22.2222%,7,2,9,2,7,0,0
0x65bc8c,98.6139%,7,498,505,0,0,7,498
0x5fa3d7,96.8326%,7,214,221,0,0,7,214
0x673d8f,63.1579%,7,12,19,11,1,6,1
0x7efd2d,90.2778%,7,65,72,0,0,7,65
0x40952f,12.5%,7,1,8,1,7,0,0
0xa9a3ed,53.3333%,7,8,15,3,7,0,5
0x505289,41.6667%,7,5,12,0,0,7,5
0x50ba3d,82.5%,7,33,40,33,7,0,0
0x4c8e43,93.8053%,7,106,113,87,1,6,19
0x49e158,99.4807%,7,1341,1348,0,0,7,1341
0x7d1648,89.2308%,7,58,65,58,7,0,0
0x4b54f7,61.1111%,7,11,18,0,4,3,11
0x59ed8b,12.5%,7,1,8,0,0,7,1
0x83aa17,41.6667%,7,5,12,1,7,0,4
0x5414bf,12.5%,7,1,8,0,0,7,1
0xa97527,95.302%,7,142,149,0,6,1,142
0x54822b,99.8975%,7,6822,6829,0,0,7,6822
0x5f8912,12.5%,7,1,8,1,7,0,0
0x8f09da,93.8053%,7,106,113,1,4,3,105
0x5cba2b,94.6565%,7,124,131,0,0,7,124
0xa326c1,65%,7,13,20,13,5,2,0
0x98d08a,0%,7,0,7,0,0,7,0
0x59ed9b,12.5%,7,1,8,0,0,7,1
0xa32a59,99.4466%,7,1258,1265,0,0,7,1258
0x8e5ed7,78.125%,7,25,32,0,0,7,25
0x4c988e,50%,7,7,14,0,7,0,7
0x97ab38,50%,7,7,14,7,7,0,0
0x8f3617,98.1481%,7,371,378,0,0,7,371
0x9fe77e,82.5%,7,33,40,2,1,6,31
0xa4e962,95.625%,7,153,160,21,1,6,132
0x8fe419,94.1667%,7,113,120,0,2,5,113
0x639006,61.1111%,7,11,18,0,0,7,11
0x984176,90.5405%,7,67,74,58,7,0,9
0x4bccb1,83.3333%,7,35,42,0,0,7,35
0x4a6f13,98.6301%,7,504,511,0,0,7,504
0x4b90c2,56.25%,7,9,16,1,6,1,8
0xa93782,75.8621%,7,22,29,22,7,0,0
0x593151,76.6667%,7,23,30,0,0,7,23
0x4a7b0d,97.8852%,7,324,331,0,0,7,324
0xa57900,73.0769%,7,19,26,0,5,2,19
0xa721e0,74.0741%,7,20,27,20,7,0,0
0x77ff80,98.5685%,7,482,489,482,7,0,0
0x9fb863,96.7442%,7,208,215,208,7,0,0
0x4ab570,77.4194%,7,24,31,0,0,7,24
0x6f455f,75%,7,21,28,3,7,0,18
0x610d08,97.1311%,7,237,244,0,0,7,237
0x48773e,80.5556%,7,29,36,0,0,7,29
0xa30e9f,93.75%,7,105,112,105,7,0,0
0xa92f79,0%,7,0,7,0,7,0,0
0x8e2636,99.8673%,7,5268,5275,0,0,7,5268
0x94ae36,98.7589%,7,557,564,0,0,7,557
0x4bf78a,79.4118%,7,27,34,0,0,7,27
0x90a157,89.2308%,7,58,65,58,7,0,0
0x7b1244,58.8235%,7,10,17,5,7,0,5
0x58e013,90.5405%,7,67,74,0,4,3,67
0x4a7cf4,87.931%,7,51,58,51,6,1,0
0xa980db,95.302%,7,142,149,0,0,7,142
0x490234,87.037%,7,47,54,46,2,5,1
0x8aa81e,65%,7,13,20,0,0,7,13
0xa45127,98.2412%,7,391,398,391,7,0,0
0x8e3dbc,95.5975%,7,152,159,0,0,7,152
0x9f1d40,95.4839%,7,148,155,0,0,7,148
0x90a797,95.4248%,7,146,153,146,7,0,0
0x66f51d,98.153%,7,372,379,0,2,5,372
0x808308,74.0741%,7,20,27,0,0,7,20
0x90ffc9,98.9706%,7,673,680,673,7,0,0
0x4095c7,12.5%,7,1,8,0,7,0,1
0x972be9,41.6667%,7,5,12,5,7,0,0
0x981286,65%,7,13,20,11,7,0,2
0x99cf17,22.2222%,7,2,9,0,0,7,2
0x90e55b,98.8391%,7,596,603,596,7,0,0
0x4ba263,99.2117%,7,881,888,0,0,7,881
0xa413ea,12.5%,7,1,8,1,7,0,0
0x63fbab,99.623%,7,1850,1857,1850,7,0,0
0x98420a,72%,7,18,25,18,7,0,0
0x97a403,93.2039%,7,96,103,50,1,6,46
0xa3481c,99.4607%,7,1291,1298,0,0,7,1291
0x820924,36.3636%,7,4,11,0,0,7,4
0x48bf37,93.578%,7,102,109,0,0,7,102
0x781a05,95.5128%,7,149,156,149,7,0,0
0xa4d6cd,80.5556%,7,29,36,0,0,7,29
0xa8abb9,96%,7,168,175,168,7,0,0
0x677be3,76.6667%,7,23,30,23,7,0,0
0x837693,84.4444%,7,38,45,38,2,5,0
0x60c4f8,94.7761%,7,127,134,127,7,0,0
0xaa7de5,85.1064%,7,40,47,0,0,7,40
0x51b856,99.2708%,7,953,960,0,0,7,953
0xa3637e,41.6667%,7,5,12,0,7,0,5
0x8ffc60,90.5405%,7,67,74,0,6,1,67
0xa2f853,91.5663%,7,76,83,0,0,7,76
0x81197e,82.9268%,7,34,41,34,5,2,0
0x4c9300,56.25%,7,9,16,0,0,7,9
0x806927,70.8333%,7,17,24,0,0,7,17
0x8df314,12.5%,7,1,8,1,7,0,0
0x63ff4b,99.2716%,7,954,961,954,7,0,0
0x816881,96.9027%,7,219,226,0,0,7,219
0x811e07,99.7761%,7,3119,3126,0,0,7,3119
0x55472d,89.0625%,7,57,64,41,3,4,16
0x606e9c,65%,7,13,20,10,0,7,3
0x9ebf70,88.5246%,7,54,61,50,1,6,4
0xa3bdb0,12.5%,7,1,8,0,0,7,1
0x5441e4,61.1111%,7,11,18,3,6,1,8
0x557c8c,90.411%,7,66,73,0,0,7,66
0xa4e6d6,81.5789%,7,31,38,0,0,7,31
0x4a7b86,97.5%,7,273,280,273,1,6,0
0x7b71ca,78.125%,7,25,32,25,7,0,0
0x547e67,95.2055%,7,139,146,0,0,7,139
0x9013ab,86%,7,43,50,0,0,7,43
0x5fa452,90.6667%,7,68,75,68,7,0,0
0x5ba035,68.1818%,7,15,22,0,0,7,15
0x969837,90.2778%,7,65,72,0,7,0,65
0x64b62e,99.1071%,7,777,784,0,0,7,777
0x5dfbd5,50%,7,7,14,0,0,7,7
0x5555d5,93.2039%,7,96,103,96,7,0,0
0xa2f8fb,91.5663%,7,76,83,0,0,7,76
0x63b52c,99.464%,7,1299,1306,0,0,7,1299
0x49984c,61.1111%,7,11,18,8,2,5,3
0xa41b48,99.0753%,7,750,757,0,0,7,750
0x9aa126,78.7879%,7,26,33,0,0,7,26
0x901ff4,98.4816%,7,454,461,0,0,7,454
0x8f1b84,95.0355%,7,134,141,0,7,0,134
0x63f46c,99.4924%,7,1372,1379,0,0,7,1372
0x492d5f,90.2778%,7,65,72,0,7,0,65
0xa5ab2c,0%,7,0,7,0,7,0,0
0x538bce,36.3636%,7,4,11,2,2,5,2
0xa6c6e5,83.7209%,7,36,43,13,3,4,23
0x5a91b2,78.7879%,7,26,33,0,0,7,26
0x7cd9b1,12.5%,7,1,8,0,0,7,1
0x40d50f,97.2222%,7,245,252,0,0,7,245
0x833e5c,12.5%,7,1,8,0,0,7,1
0xa3e341,12.5%,7,1,8,1,7,0,0
0x819427,99.0979%,7,769,776,769,7,0,0
0x9fb5ab,96.8468%,7,215,222,215,7,0,0
0x90a677,84.0909%,7,37,44,0,0,7,37
0x8a6b77,69.5652%,7,16,23,15,4,3,1
0x99e650,46.1538%,7,6,13,0,0,7,6
0x5f865c,95.8084%,7,160,167,0,0,7,160
0x8f28d0,84.0909%,7,37,44,37,7,0,0
0x8f786e,95.5414%,7,150,157,0,0,7,150
0xa48aae,96.0674%,7,171,178,8,3,4,163
0x50f0e9,92.0455%,7,81,88,0,0,7,81
0x619a44,65%,7,13,20,0,0,7,13
0x4c806b,68.1818%,7,15,22,0,0,7,15
0x90e89a,99.2716%,7,954,961,954,7,0,0
0x49ca6a,81.5789%,7,31,38,0,0,7,31
0x8f1a60,12.5%,7,1,8,1,7,0,0
0x8f2e4f,97.9228%,7,330,337,0,0,7,330
0x5c6c00,99.6741%,7,2141,2148,0,0,7,2141
0x9f8fad,95.0704%,7,135,142,0,4,3,135
0xa35553,41.6667%,7,5,12,0,0,7,5
0x94d878,98.6891%,7,527,534,527,7,0,0
0x977dbe,30%,7,3,10,3,7,0,0
0x9d03df,87.037%,7,47,54,31,5,2,16
0x8f1fcc,97.3585%,7,258,265,258,7,0,0
0x909053,99.623%,7,1850,1857,1850,7,0,0
0x63ae22,97.0954%,7,234,241,234,7,0,0
0x8f6ce8,84.4444%,7,38,45,26,4,3,12
0x4bf249,87.2727%,7,48,55,13,0,7,35
0x9a230f,53.3333%,7,8,15,0,0,7,8
0xa561ff,98.3294%,7,412,419,412,7,0,0
0xab32c9,95.9302%,7,165,172,0,0,7,165
0x65bcb0,98.6139%,7,498,505,498,7,0,0
0x40ac55,75%,7,21,28,21,7,0,0
0x78ab81,90.2778%,7,65,72,0,0,7,65
0xa45643,41.6667%,7,5,12,0,0,7,5
0xa41040,84.4444%,7,38,45,0,0,7,38
0x9f6de3,95.625%,7,153,160,0,0,7,153
0x7efd39,90.2778%,7,65,72,0,7,0,65
0x9f8694,36.3636%,7,4,11,0,0,7,4
0x6805c5,69.5652%,7,16,23,16,7,0,0
0x8daa74,98.25%,7,393,400,0,0,7,393
0x40bc29,93.2039%,7,96,103,0,0,7,96
0x7dfcc9,65%,7,13,20,0,0,7,13
0x81a127,91.954%,7,80,87,0,0,7,80
0x5bb810,99.2761%,7,960,967,960,7,0,0
0x697992,87.5%,7,49,56,49,7,0,0
0x833618,93.8596%,7,107,114,0,4,3,107
0x7894a7,12.5%,7,1,8,0,4,3,1
0x904c41,97.6744%,7,294,301,294,7,0,0
0xa9c7ee,30%,7,3,10,0,0,7,3
0x8f2857,84.0909%,7,37,44,37,7,0,0
0xa51a3c,0%,7,0,7,0,0,7,0
0xa3fef8,61.1111%,7,11,18,0,6,1,11
0x552984,94.4444%,7,119,126,0,6,1,119
0xa561ec,98.3294%,7,412,419,0,0,7,412
0x8de7ae,95.2055%,7,139,146,139,7,0,0
0x784135,80%,7,28,35,28,7,0,0
0x8f21a3,81.5789%,7,31,38,1,0,7,30
0xa55eb4,56.25%,7,9,16,5,3,4,4
0x8a3177,30%,7,3,10,2,6,1,1
0x81692e,88.1356%,7,52,59,0,0,7,52
0x5ffb03,84.7826%,7,39,46,39,7,0,0
0x8f4ea3,99.7206%,7,2498,2505,0,0,7,2498
0x5422d2,97.8916%,7,325,332,0,0,7,325
0xa3419d,92.5532%,7,87,94,87,7,0,0
0x503f31,0%,7,0,7,0,7,0,0
0xa55f1e,58.8235%,7,10,17,6,0,7,4
0x90e35e,89.5522%,7,60,67,60,7,0,0
0xa99606,36.3636%,7,4,11,4,7,0,0
0x9f7b2f,91.7647%,7,78,85,0,6,1,78
0x5107bd,36.3636%,7,4,11,4,7,0,0
0x503edf,22.2222%,7,2,9,2,7,0,0
0x90967f,99.623%,7,1850,1857,1850,7,0,0
0xa07515,84.4444%,7,38,45,0,1,6,38
0x606a94,96.8889%,7,218,225,218,7,0,0
0x7efd14,90.2778%,7,65,72,0,0,7,65
0x8dd53c,76.6667%,7,23,30,23,7,0,0
0x4baa15,86.5385%,7,45,52,45,7,0,0
0x49e987,95.6522%,7,154,161,154,7,0,0
0x90fe9c,99.8164%,7,3806,3813,3806,7,0,0
0x90b20b,97.0711%,7,232,239,232,7,0,0
0x94ed27,88.3333%,7,53,60,24,6,1,29
0xa4b720,97.0464%,7,230,237,0,0,7,230
0x8f5d4c,99.3117%,7,1010,1017,0,0,7,1010
0x47f32c,78.7879%,7,26,33,26,7,0,0
0x5560e6,97.1074%,7,235,242,1,1,6,234
0xa41133,74.0741%,7,20,27,0,0,7,20
0xa4992d,80%,7,28,35,28,7,0,0
0x555fa3,97.1774%,7,241,248,3,0,7,238
0x9e3692,79.4118%,7,27,34,0,0,7,27
0x8ee1e2,97.0954%,7,234,241,0,0,7,234
0x543e46,68.1818%,7,15,22,0,6,1,15
0x611402,90.411%,7,66,73,66,7,0,0
0xb32723,99.8913%,7,6435,6442,0,0,7,6435
0x9021e4,94.0171%,7,110,117,0,0,7,110
0x909182,99.623%,7,1850,1857,0,0,7,1850
0x539b81,99.3014%,7,995,1002,0,0,7,995
0x5c466e,90.9091%,7,70,77,0,0,7,70
0x5fc477,93.9655%,7,109,116,0,0,7,109
0x94ea42,76.6667%,7,23,30,1,1,6,22
0x5fbde5,90.6667%,7,68,75,68,7,0,0
0x49a2a5,93.9655%,7,109,116,0,0,7,109
0x6084a1,85.4167%,7,41,48,0,0,7,41
0x590cc4,68.1818%,7,15,22,0,0,7,15
0x50caa8,65%,7,13,20,13,7,0,0
0x8eefb3,99.2239%,7,895,902,0,0,7,895
0xaa1104,91.25%,7,73,80,38,6,1,35
0x981458,90.9091%,7,70,77,70,5,2,0
0x5e786d,90.411%,7,66,73,66,7,0,0
0xa335c4,99.7388%,7,2673,2680,0,0,7,2673
0xa2dace,50%,7,7,14,7,0,7,0
0x4ac596,12.5%,7,1,8,0,0,7,1
0xa344b0,95.8824%,7,163,170,163,7,0,0
0x409b14,75.8621%,7,22,29,22,7,0,0
0x4bb4f1,86.5385%,7,45,52,45,7,0,0
0x8db8a5,89.3939%,7,59,66,0,0,7,59
0x66647f,76.6667%,7,23,30,0,0,7,23
0xb1b654,99.1283%,7,796,803,796,7,0,0
0x8dbd9d,96.2366%,7,179,186,179,7,0,0
0xa96d58,66.6667%,7,14,21,14,7,0,0
0x503373,82.0513%,7,32,39,0,2,5,32
0x5ee16b,97.1074%,7,235,242,0,0,7,235
0x50d7ad,97.2332%,7,246,253,0,0,7,246
0x5ffe05,92.1348%,7,82,89,82,7,0,0
0x94ed3d,76.6667%,7,23,30,0,0,7,23
0xaa0364,94.2149%,7,114,121,0,0,7,114
0xb1b6ca,99.3035%,7,998,1005,998,7,0,0
0xa51209,41.6667%,7,5,12,0,0,7,5
0xa511f2,46.1538%,7,6,13,6,4,3,0
0xa41106,74.0741%,7,20,27,20,7,0,0
0x9777b8,99.2%,7,868,875,0,6,1,868
0x80c278,80%,7,28,35,0,1,6,28
0xa95d6c,61.1111%,7,11,18,11,7,0,0
0x51c156,96.875%,7,217,224,20,3,4,197
0x8fd516,91.4634%,7,75,82,75,7,0,0
0x65c1f2,98.4513%,7,445,452,445,7,0,0
0xa2fca5,96.9298%,7,221,228,4,0,7,217
0x8ecb06,99.4341%,7,1230,1237,0,0,7,1230
0x80c374,79.4118%,7,27,34,0,0,7,27
0x9bda3d,88.1356%,7,52,59,52,3,4,0
0x606dcc,12.5%,7,1,8,1,7,0,0
0xaa03c0,93.913%,7,108,115,0,0,7,108
0x8f3e2c,97.6271%,7,288,295,0,0,7,288
0x53dd04,12.5%,7,1,8,1,7,0,0
0x8df2bc,70.8333%,7,17,24,0,0,7,17
0x97b785,89.8551%,7,62,69,0,0,7,62
0xa52b69,96.6981%,7,205,212,0,0,7,205
0x7807b1,12.5%,7,1,8,1,7,0,0
0xa1afcf,66.6667%,7,14,21,10,0,7,4
0x7d2c38,98.0057%,7,344,351,325,7,0,19
0x81fda7,85.4167%,7,41,48,0,0,7,41
0x8ed07c,96.3918%,7,187,194,0,0,7,187
0x9842e0,41.6667%,7,5,12,5,7,0,0
0x78997d,22.2222%,7,2,9,0,7,0,2
0x9f097d,96.5%,7,193,200,0,0,7,193
0x53ba19,50%,7,7,14,7,5,2,0
0x8f6954,95.8333%,7,161,168,161,7,0,0
0xb2e77b,99.435%,7,1232,1239,0,0,7,1232
0x80776f,95.858%,7,162,169,0,0,7,162
0x8f56d9,95.7317%,7,157,164,0,0,7,157
0x667157,95.9302%,7,165,172,15,0,7,150
0x8c748a,99.2577%,7,936,943,936,7,0,0
0x8f6ab2,95.8333%,7,161,168,0,0,7,161
0x590e98,69.5652%,7,16,23,0,0,7,16
0x53f124,95.5696%,7,151,158,151,3,4,0
0xa5579f,91.5663%,7,76,83,76,7,0,0
0x78ace7,86.7925%,7,46,53,0,0,7,46
0x487cc9,50%,7,7,14,7,7,0,0
0x9ee364,93.6364%,7,103,110,0,0,7,103
0x822422,97.0213%,7,228,235,228,7,0,0
0x533804,50%,7,7,14,4,3,4,3
0x8a65cb,58.8235%,7,10,17,0,0,7,10
0x9fcd41,0%,7,0,7,0,7,0,0
0xa9db1a,87.2727%,7,48,55,34,7,0,14
0x406bb7,70.8333%,7,17,24,2,4,3,15
0x49c3d6,56.25%,7,9,16,1,5,2,8
0x904898,96.2162%,7,178,185,178,7,0,0
0x63e504,98.3834%,7,426,433,22,2,5,404
0x9a3989,66.6667%,7,14,21,14,7,0,0
0xa25e04,91.0256%,7,71,78,71,7,0,0
0x80f737,90.2778%,7,65,72,63,7,0,2
0x4c0dfc,78.125%,7,25,32,25,7,0,0
0x492ec2,90.2778%,7,65,72,2,6,1,63
0x9812a5,92.3077%,7,84,91,7,4,3,77
0x5ffdd7,92.1348%,7,82,89,82,5,2,0
0xa464bc,75.8621%,7,22,29,7,3,4,15
0x535865,79.4118%,7,27,34,3,0,7,24
0x8b9fca,82.5%,7,33,40,0,0,7,33
0x9c3b4b,12.5%,7,1,8,0,0,7,1
0x512849,65%,7,13,20,13,7,0,0
0x5b20da,61.1111%,7,11,18,11,7,0,0
0x81a0ab,92.3077%,7,84,91,0,0,7,84
0x99e527,46.1538%,7,6,13,0,0,7,6
0x49e02a,96.4286%,7,189,196,189,7,0,0
0x8d977c,12.5%,7,1,8,1,7,0,0
0xa93de0,41.6667%,7,5,12,0,0,7,5
0x906776,94.3548%,7,117,124,117,7,0,0
0x9e3804,72%,7,18,25,0,0,7,18
0x63ac41,98.646%,7,510,517,510,7,0,0
0x5351b9,78.125%,7,25,32,25,7,0,0
0x66d453,99.5219%,7,1457,1464,0,0,7,1457
0x65a0cd,99.5346%,7,1497,1504,0,0,7,1497
0x667113,96.3731%,7,186,193,186,7,0,0
0x50b587,82.5%,7,33,40,33,7,0,0
0x8063ef,82.0513%,7,32,39,31,7,0,1
0x49cb23,98.2143%,7,385,392,385,7,0,0
0x8f0b6b,56.25%,7,9,16,9,7,0,0
0x7817bd,88.8889%,7,56,63,0,0,7,56
0x9e3f86,97.2332%,7,246,253,0,0,7,246
0x50a3bf,94.8529%,7,129,136,129,7,0,0
0x7c66c5,95.7317%,7,157,164,153,3,4,4
0xa374ab,30%,7,3,10,0,0,7,3
0x9edacd,0%,7,0,7,0,7,0,0
0x4c5cde,66.6667%,7,14,21,14,7,0,0
0x8e1daa,69.5652%,7,16,23,13,4,3,3
0x4b78d6,75%,7,21,28,0,0,7,21
0x8f2880,84.0909%,7,37,44,37,7,0,0
0x618a01,90%,7,63,70,0,0,7,63
0x8042fc,56.25%,7,9,16,9,1,6,0
0xa25bc5,99.309%,7,1006,1013,1006,7,0,0
0x48a777,99.3934%,7,1147,1154,1147,7,0,0
0x611463,83.3333%,7,35,42,26,5,2,9
0x8e2571,99.8673%,7,5268,5275,0,0,7,5268
0xa18b47,65%,7,13,20,0,0,7,13
0xa975a8,53.3333%,7,8,15,8,6,1,0
0x50ea56,61.1111%,7,11,18,6,0,7,5
0xa97e01,81.0811%,7,30,37,27,1,6,3
0x697967,87.5%,7,49,56,0,0,7,49
0x495a38,89.5522%,7,60,67,60,7,0,0
0x9fb707,0%,7,0,7,0,7,0,0
0x619c00,50%,7,7,14,7,7,0,0
0x5fa534,87.037%,7,47,54,0,0,7,47
0x8d9be3,98.1081%,7,363,370,0,0,7,363
0xa9ba2f,36.3636%,7,4,11,0,0,7,4
0x5bb3f8,89.3939%,7,59,66,0,2,5,59
0x9813a9,90.6667%,7,68,75,0,0,7,68
0x8dea5e,94.6154%,7,123,130,0,0,7,123
0xa34ceb,90.6667%,7,68,75,68,7,0,0
0x50ffd4,99.527%,7,1473,1480,0,0,7,1473
0x7c7b8f,92.7835%,7,90,97,0,0,7,90
0x80e75e,95.3333%,7,143,150,0,4,3,143
0x9089cb,99.2716%,7,954,961,954,7,0,0
0xa464aa,30%,7,3,10,0,0,7,3
0x554f4f,97.6431%,7,290,297,288,5,2,2
0x814b5a,96.5517%,7,196,203,157,5,2,39
0x53de43,98.6692%,7,519,526,0,0,7,519
0x8e204c,97.5862%,7,283,290,283,7,0,0
0xa5c505,87.5%,7,49,56,49,4,3,0
0x9f443f,90.9091%,7,70,77,6,2,5,64
0x8f4660,50%,6,6,12,3,6,0,3
0x7aee47,0%,6,0,6,0,0,6,0
0x551d3d,96.6851%,6,175,181,175,6,0,0
0x5391d4,72.7273%,6,16,22,9,2,4,7
0xa9bac0,14.2857%,6,1,7,1,6,0,0
0xa46460,96.8912%,6,187,193,0,0,6,187
0x8c9430,94.958%,6,113,119,0,0,6,113
0xa45955,88.2353%,6,45,51,45,6,0,0
0x8ef23c,87.5%,6,42,48,39,1,5,3
0x5406d0,97.9798%,6,291,297,291,2,4,0
0x94439a,92.1053%,6,70,76,70,6,0,0
0xa9287f,87.7551%,6,43,49,39,4,2,4
0x818de6,99.2268%,6,770,776,0,0,6,770
0x984388,25%,6,2,8,2,6,0,0
0x8c71ad,94.3925%,6,101,107,101,6,0,0
0x48277b,68.4211%,6,13,19,11,1,5,2
0x78506c,78.5714%,6,22,28,0,0,6,22
0x981445,92.5%,6,74,80,0,6,0,74
0x402e27,89.8305%,6,53,59,0,0,6,53
0x9e8980,95.8621%,6,139,145,139,6,0,0
0xa30cfa,68.4211%,6,13,19,0,0,6,13
0x9098f1,99.6769%,6,1851,1857,1851,6,0,0
0x63dd6b,99.3757%,6,955,961,955,6,0,0
0x8f6e88,98.9305%,6,555,561,0,0,6,555
0x6660c1,25%,6,2,8,2,6,0,0
0x9a3f66,78.5714%,6,22,28,0,0,6,22
0x490261,88.8889%,6,48,54,48,6,0,0
0xa34c9c,92%,6,69,75,0,6,0,69
0x969812,91.6667%,6,66,72,0,0,6,66
0x5d05e3,70%,6,14,20,14,6,0,0
0x5b2ade,86.6667%,6,39,45,0,0,6,39
0x8e4d88,98.8212%,6,503,509,0,0,6,503
0x8173b9,93.4783%,6,86,92,0,0,6,86
0xa5867d,62.5%,6,10,16,7,1,5,3
0xa57027,88.4615%,6,46,52,46,6,0,0
0x813072,99.2908%,6,840,846,0,0,6,840
0x8e9544,25%,6,2,8,0,6,0,2
0x981358,92.5%,6,74,80,0,0,6,74
0x4c9741,75%,6,18,24,11,3,3,7
0x81c99b,96.5116%,6,166,172,166,6,0,0
0x49fec4,99.2991%,6,850,856,0,0,6,850
0x48ea4f,98.3516%,6,358,364,0,0,6,358
0x983b5b,92.1053%,6,70,76,1,1,5,69
0x609baf,97.619%,6,246,252,0,0,6,246
0xa90313,84.2105%,6,32,38,32,6,0,0
0x6f54df,98.8506%,6,516,522,0,0,6,516
0xa50261,92.5926%,6,75,81,74,3,3,1
0x81a440,98.5401%,6,405,411,0,0,6,405
0x4aaa77,88.4615%,6,46,52,0,0,6,46
0x4b9e19,99.337%,6,899,905,899,2,4,0
0x58b9f6,40%,6,4,10,3,5,1,1
0x8d248f,92.8571%,6,78,84,0,0,6,78
0x9eee5e,76.9231%,6,20,26,0,0,6,20
0x9ee02e,96.3636%,6,159,165,0,4,2,159
0x812304,64.7059%,6,11,17,1,1,5,10
0x556637,89.0909%,6,49,55,0,4,2,49
0x9ff5ca,85%,6,34,40,0,0,6,34
0xa018a4,97.6923%,6,254,260,254,6,0,0
0x60deb0,99.4203%,6,1029,1035,0,0,6,1029
0x805af3,92.8571%,6,78,84,0,0,6,78
0x96af16,71.4286%,6,15,21,3,4,2,12
0x9027fb,84.2105%,6,32,38,0,0,6,32
0x94ea6b,78.5714%,6,22,28,0,0,6,22
0x64ac4d,25%,6,2,8,2,6,0,0
0x8f683a,95.7143%,6,134,140,0,0,6,134
0x8e9292,92.9412%,6,79,85,79,3,3,0
0x94ec54,93.3333%,6,84,90,84,6,0,0
0x8c8e60,25%,6,2,8,2,0,6,0
0x54d760,70%,6,14,20,14,6,0,0
0x81697e,25%,6,2,8,1,0,6,1
0x48f610,85%,6,34,40,32,2,4,2
0x611546,90.7692%,6,59,65,0,0,6,59
0x9498aa,92.4051%,6,73,79,73,6,0,0
0x8c8e06,25%,6,2,8,2,6,0,0
0xa53658,25%,6,2,8,0,0,6,2
0x5ec30c,80.6452%,6,25,31,0,0,6,25
0xa1ab57,45.4545%,6,5,11,0,6,0,5
0xa5956a,71.4286%,6,15,21,15,6,0,0
0x94cfa8,87.234%,6,41,47,41,6,0,0
0x8ed66c,25%,6,2,8,0,6,0,2
0x98f952,97.6654%,6,251,257,251,6,0,0
0x9eddb4,95.6522%,6,132,138,132,6,0,0
0xa35896,99.5134%,6,1227,1233,0,0,6,1227
0x490c79,76.9231%,6,20,26,1,2,4,19
0x4a9c6d,81.25%,6,26,32,0,0,6,26
0x96bfd8,99.2208%,6,764,770,764,6,0,0
0x4bb2ce,80%,6,24,30,0,0,6,24
0x48eed4,25%,6,2,8,0,0,6,2
0x9fcb2f,76%,6,19,25,0,0,6,19
0x9a6817,95.9184%,6,141,147,141,6,0,0
0x816009,33.3333%,6,3,9,0,0,6,3
0xa37715,40%,6,4,10,4,6,0,0
0x4046a8,96.2025%,6,152,158,94,1,5,58
0x5f9d2c,94.3925%,6,101,107,78,2,4,23
0x6cec54,53.8462%,6,7,13,0,0,6,7
0x944309,98.7395%,6,470,476,18,6,0,452
0x9a1944,70%,6,14,20,14,6,0,0
0x5f7f52,14.2857%,6,1,7,1,6,0,0
0x9fe05d,76%,6,19,25,1,6,0,18
0x9e2a60,91.8919%,6,68,74,0,0,6,68
0x94ea67,78.5714%,6,22,28,0,0,6,22
0x54d69e,70%,6,14,20,0,0,6,14
0x96afb4,14.2857%,6,1,7,1,6,0,0
0x4fdb8c,98.1191%,6,313,319,0,0,6,313
0x983a5c,92%,6,69,75,0,0,6,69
0x40e294,99.4495%,6,1084,1090,1084,3,3,0
0x9f2304,40%,6,4,10,0,0,6,4
0x47fe39,68.4211%,6,13,19,13,6,0,0
0xa521b4,96.1039%,6,148,154,77,0,6,71
0xa4543b,98.2558%,6,338,344,338,6,0,0
0xa0299d,75%,6,18,24,0,0,6,18
0x8a5439,98.5507%,6,408,414,0,0,6,408
0x8f4c61,96.5909%,6,170,176,0,0,6,170
0x8c825a,99.6825%,6,1884,1890,0,0,6,1884
0x5f1505,84.2105%,6,32,38,32,6,0,0
0xa08ea1,86.6667%,6,39,45,0,0,6,39
0x47f82a,68.4211%,6,13,19,13,6,0,0
0x49946c,78.5714%,6,22,28,0,0,6,22
0x8ff991,94.7826%,6,109,115,109,6,0,0
0xb1b9cb,99.403%,6,999,1005,999,6,0,0
0xa1ad06,45.4545%,6,5,11,0,6,0,5
0x9e3965,97.6744%,6,252,258,252,6,0,0
0xa96f2e,71.4286%,6,15,21,0,2,4,15
0x8df9e8,53.8462%,6,7,13,0,6,0,7
0x555bfa,84.2105%,6,32,38,32,6,0,0
0xa04f7e,90.3226%,6,56,62,0,0,6,56
0x58d422,50%,6,6,12,0,0,6,6
0x8aaad2,68.4211%,6,13,19,13,6,0,0
0x8f1811,98.4887%,6,391,397,391,5,1,0
0xa073c0,33.3333%,6,3,9,3,2,4,0
0x5019ff,98.9455%,6,563,569,563,6,0,0
0x95ae4f,73.913%,6,17,23,0,0,6,17
0x7d2b52,53.8462%,6,7,13,7,6,0,0
0x5b0472,87.7551%,6,43,49,0,2,4,43
0x8ae99d,95.8904%,6,140,146,0,0,6,140
0x5b1633,40%,6,4,10,0,0,6,4
0x820cf1,45.4545%,6,5,11,5,6,0,0
0x6a395b,90.625%,6,58,64,58,6,0,0
0x5424c2,99.4714%,6,1129,1135,1129,6,0,0
0x59375b,99.0551%,6,629,635,629,6,0,0
0x49bb08,25%,6,2,8,0,6,0,2
0x833ae5,95.4545%,6,126,132,126,6,0,0
0x8bc8c1,98.2036%,6,328,334,0,0,6,328
0x817da9,83.3333%,6,30,36,0,0,6,30
0x786986,50%,6,6,12,0,6,0,6
0x815204,62.5%,6,10,16,4,3,3,6
0xa09546,50%,6,6,12,2,6,0,4
0xa1b01f,45.4545%,6,5,11,0,6,0,5
0x555a8b,89.0909%,6,49,55,49,6,0,0
0x991302,94.4444%,6,102,108,0,0,6,102
0x98cbc1,97.4576%,6,230,236,10,0,6,220
0x507d3a,83.3333%,6,30,36,30,3,3,0
0x8fea4a,88%,6,44,50,1,5,1,43
0x9f0355,40%,6,4,10,0,0,6,4
0x8d98b6,25%,6,2,8,0,6,0,2
0x48ee87,88.8889%,6,48,54,0,0,6,48
0x9ed68c,89.8305%,6,53,59,53,6,0,0
0x5bd37e,99.3776%,6,958,964,2,4,2,956
0xb48b5e,99.4297%,6,1046,1052,2,2,4,1044
0x9a322d,89.2857%,6,50,56,0,0,6,50
0x688e53,75%,6,18,24,18,6,0,0
0x9e046d,97.1564%,6,205,211,0,0,6,205
0xa6c5c0,92.7711%,6,77,83,77,6,0,0
0x944729,97.2973%,6,216,222,216,6,0,0
0x8d4178,91.5493%,6,65,71,0,0,6,65
0x9aa560,60%,6,9,15,9,6,0,0
0x94e042,98.5748%,6,415,421,415,6,0,0
0x820a3f,25%,6,2,8,2,6,0,0
0x7f130f,14.2857%,6,1,7,0,0,6,1
0x5ff42b,14.2857%,6,1,7,1,2,4,0
0xa9c94b,86.9565%,6,40,46,0,0,6,40
0x651617,0%,6,0,6,0,6,0,0
0x81c070,92.9412%,6,79,85,0,0,6,79
0x8a9e7d,96.875%,6,186,192,186,6,0,0
0xa92cb7,25%,6,2,8,2,6,0,0
0x63f9ec,99.7871%,6,2812,2818,2812,6,0,0
0x81ef0a,85%,6,34,40,0,0,6,34
0x9052e7,95.6204%,6,131,137,0,0,6,131
0x54d1dd,60%,6,9,15,0,6,0,9
0x5f797b,97.9661%,6,289,295,0,0,6,289
0x54d813,62.5%,6,10,16,10,6,0,0
0x5f1bf4,14.2857%,6,1,7,0,0,6,1
0x9e39da,25%,6,2,8,2,6,0,0
0x65b0d6,53.8462%,6,7,13,0,0,6,7
0x9a1467,97.0443%,6,197,203,65,4,2,132
0xa3595f,96.5714%,6,169,175,0,0,6,169
0x545a8f,25%,6,2,8,0,0,6,2
0x4b8878,25%,6,2,8,0,0,6,2
0x5c6ca6,99.6403%,6,1662,1668,0,0,6,1662
0x4bf498,91.1765%,6,62,68,0,0,6,62
0xa9c5a8,45.4545%,6,5,11,5,6,0,0
0x5f1398,62.5%,6,10,16,0,0,6,10
0xa39f5d,80%,6,24,30,24,6,0,0
0xa369c5,62.5%,6,10,16,0,0,6,10
0x9c4e11,14.2857%,6,1,7,1,1,5,0
0x98c9c6,94.4954%,6,103,109,103,6,0,0
0x44160e,45.4545%,6,5,11,0,0,6,5
0x5bc339,81.8182%,6,27,33,27,6,0,0
0x49d7c3,93.5484%,6,87,93,0,0,6,87
0x818d67,96.5116%,6,166,172,166,6,0,0
0x8f7881,96.1783%,6,151,157,151,6,0,0
0x9988b7,0%,6,0,6,0,1,5,0
0x9a4641,99.4112%,6,1013,1019,1013,6,0,0
0x557344,91.8919%,6,68,74,68,6,0,0
0x59254f,95.0413%,6,115,121,1,2,4,114
0x494355,94.2857%,6,99,105,0,0,6,99
0x54c6a3,93.2584%,6,83,89,83,6,0,0
0x8126db,88.4615%,6,46,52,46,6,0,0
0x504787,14.2857%,6,1,7,0,0,6,1
0x8337ed,50%,6,6,12,4,6,0,2
0x54d472,0%,6,0,6,0,6,0,0
0x8e39a7,81.25%,6,26,32,0,0,6,26
0x499e54,62.5%,6,10,16,10,6,0,0
0x50479c,14.2857%,6,1,7,1,6,0,0
0x805999,99.5687%,6,1385,1391,0,0,6,1385
0x5c4ff8,80.6452%,6,25,31,0,0,6,25
0xaa2391,82.3529%,6,28,34,0,0,6,28
0x835da7,84.2105%,6,32,38,0,0,6,32
0xa06010,45.4545%,6,5,11,5,6,0,0
0x9a162d,71.4286%,6,15,21,0,0,6,15
0x5b4131,70%,6,14,20,14,6,0,0
0x9a1672,70%,6,14,20,0,0,6,14
0x659fe2,99.6921%,6,1943,1949,1943,6,0,0
0xa3425f,96.4706%,6,164,170,122,3,3,42
0xa90618,89.4737%,6,51,57,4,0,6,47
0x9e1a98,25%,6,2,8,0,0,6,2
0x667335,80.6452%,6,25,31,25,6,0,0
0x973736,50%,6,6,12,1,4,2,5
0x6387c6,45.4545%,6,5,11,5,6,0,0
0xa280bb,98.1928%,6,326,332,0,0,6,326
0x4c9896,14.2857%,6,1,7,0,6,0,1
0x7d2ff7,90.4762%,6,57,63,7,5,1,50
0xa48cbd,96.4072%,6,161,167,0,0,6,161
0x4ab1ad,0%,6,0,6,0,0,6,0
0x9e0e6e,92.4051%,6,73,79,12,1,5,61
0x49f657,95.5224%,6,128,134,0,0,6,128
0xa074e0,75%,6,18,24,12,1,5,6
0x54798c,60%,6,9,15,0,4,2,9
0xa427c7,97.3333%,6,219,225,0,0,6,219
0x403d5f,99.5374%,6,1291,1297,0,0,6,1291
0x8fed0d,97.7695%,6,263,269,0,4,2,263
0xa278ea,0%,6,0,6,0,0,6,0
0xa078a1,0%,6,0,6,0,6,0,0
0x9f4768,25%,6,2,8,2,6,0,0
0xa379a8,40%,6,4,10,0,0,6,4
0x9edd66,90.625%,6,58,64,2,0,6,56
0x900c7c,98.2036%,6,328,334,328,6,0,0
0x8e0297,98.8636%,6,522,528,522,2,4,0
0x4ca4a1,45.4545%,6,5,11,0,1,5,5
0x8e9f85,99.6437%,6,1678,1684,1678,6,0,0
0x971268,40%,6,4,10,2,3,3,2
0x4b7217,45.4545%,6,5,11,5,6,0,0
0xa570f2,80.6452%,6,25,31,16,3,3,9
0xa5712f,80%,6,24,30,24,6,0,0
0x8ddb71,94.6429%,6,106,112,0,0,6,106
0xa39413,78.5714%,6,22,28,10,4,2,12
0x65b1e7,53.8462%,6,7,13,7,6,0,0
0x81a850,99.2116%,6,755,761,0,0,6,755
0x54dc32,84.6154%,6,33,39,33,6,0,0
0x813a53,72.7273%,6,16,22,15,2,4,1
0x9f026a,93.617%,6,88,94,0,0,6,88
0x9ab8ed,97.4468%,6,229,235,0,0,6,229
0x94b602,92.4051%,6,73,79,73,6,0,0
0x4aae24,85%,6,34,40,0,0,6,34
0x65b2ca,57.1429%,6,8,14,0,0,6,8
0x5ef0b0,66.6667%,6,12,18,12,4,2,0
0x9f01b9,94.8276%,6,110,116,2,0,6,108
0x8f53b5,96.7568%,6,179,185,179,6,0,0
0x8df3bf,75%,6,18,24,3,5,1,15
0x4aaec4,45.4545%,6,5,11,0,0,6,5
0x48f977,40%,6,4,10,4,6,0,0
0xa9edab,57.1429%,6,8,14,2,0,6,6
0xa34850,98.8615%,6,521,527,0,0,6,521
0x5bb16e,88.6792%,6,47,53,46,0,6,1
0x8f12a9,85%,6,34,40,0,0,6,34
0xa57001,80%,6,24,30,24,6,0,0
0x9d1fba,94.0594%,6,95,101,0,0,6,95
0x5960f2,53.8462%,6,7,13,0,0,6,7
0x814e27,99.445%,6,1075,1081,1075,5,1,0
0x8e39c5,81.25%,6,26,32,26,6,0,0
0x60bdae,40%,6,4,10,4,6,0,0
0xa5bec0,81.25%,6,26,32,26,6,0,0
0xa543e8,94.3925%,6,101,107,0,0,6,101
0x9f7c96,33.3333%,6,3,9,3,6,0,0
0x58e5c5,0%,6,0,6,0,0,6,0
0x8dded7,88.8889%,6,48,54,0,0,6,48
0x8aab95,99.2958%,6,846,852,0,0,6,846
0x9f4aee,84.2105%,6,32,38,32,6,0,0
0xa189fe,86.0465%,6,37,43,0,0,6,37
0x490063,40%,6,4,10,4,6,0,0
0x9f0e8f,89.8305%,6,53,59,0,0,6,53
0x9f0e62,75%,6,18,24,0,0,6,18
0x8336a4,94.8276%,6,110,116,110,4,2,0
0xa97708,40%,6,4,10,0,6,0,4
0x49a2dc,57.1429%,6,8,14,4,6,0,4
0x5387cd,99.9154%,6,7084,7090,0,0,6,7084
0x534adb,89.2857%,6,50,56,0,0,6,50
0xb49710,50%,6,6,12,0,0,6,6
0x9a9135,57.1429%,6,8,14,0,0,6,8
0x78070b,88.8889%,6,48,54,0,0,6,48
0x8c8aa5,92.8571%,6,78,84,0,4,2,78
0xa93934,45.4545%,6,5,11,5,6,0,0
0x94bc5c,62.5%,6,10,16,0,0,6,10
0x5f53ef,50%,6,6,12,0,0,6,6
0x51c727,99.5004%,6,1195,1201,1195,6,0,0
0x8e7752,92.7711%,6,77,83,77,6,0,0
0xa34be1,92%,6,69,75,1,1,5,68
0xaa3951,53.8462%,6,7,13,4,4,2,3
0xa3ba3d,95.8333%,6,138,144,0,0,6,138
0x65a0ad,92.5926%,6,75,81,75,6,0,0
0xaaa091,77.7778%,6,21,27,0,0,6,21
0x53a490,53.8462%,6,7,13,7,5,1,0
0x972548,97.2851%,6,215,221,0,0,6,215
0x5bda8e,25%,6,2,8,2,2,4,0
0x77b9bb,78.5714%,6,22,28,22,6,0,0
0x95c4ef,50%,6,6,12,0,0,6,6
0xa15955,40%,6,4,10,0,0,6,4
0x7c70a1,62.5%,6,10,16,1,2,4,9
0xa22e29,68.4211%,6,13,19,7,3,3,6
0x647437,71.4286%,6,15,21,1,0,6,14
0x58f3d2,88.4615%,6,46,52,46,6,0,0
0x4a6ff7,90.3226%,6,56,62,1,1,5,55
0x90adb3,95.9732%,6,143,149,0,0,6,143
0x5d1c75,70%,6,14,20,14,6,0,0
0x8f3ffa,90.1639%,6,55,61,55,6,0,0
0x9f26f8,98.6111%,6,426,432,0,0,6,426
0xa458c3,99.1292%,6,683,689,683,6,0,0
0x9c3b54,25%,6,2,8,0,0,6,2
0x8114f6,99.2883%,6,837,843,837,6,0,0
0x48d89b,45.4545%,6,5,11,0,0,6,5
0x821fe2,81.25%,6,26,32,26,6,0,0
0x99b928,76.9231%,6,20,26,20,6,0,0
0x9f9620,75%,6,18,24,18,6,0,0
0xa32f47,92.3077%,6,72,78,0,0,6,72
0x7d27c6,93.9394%,6,93,99,0,1,5,93
0x8fe06a,93.0233%,6,80,86,80,6,0,0
0xa47093,72.7273%,6,16,22,16,6,0,0
0x95c493,50%,6,6,12,0,0,6,6
0x9d0ef1,97.7695%,6,263,269,0,0,6,263
0x9f6d1c,97.2477%,6,212,218,212,6,0,0
0x8f4537,98.9882%,6,587,593,570,2,4,17
0xa4a38f,53.8462%,6,7,13,0,5,1,7
0x8fe951,95.3488%,6,123,129,0,0,6,123
0x8e39bd,81.25%,6,26,32,0,0,6,26
0x8ab5af,98.8848%,6,532,538,0,0,6,532
0x5fb22f,91.7808%,6,67,73,0,3,3,67
0xa3f09f,25%,6,2,8,2,6,0,0
0x63d809,95.7447%,6,135,141,135,6,0,0
0x8fd4e0,94.6903%,6,107,113,0,0,6,107
0x491522,96.2025%,6,152,158,0,0,6,152
0x8fff78,40%,6,4,10,2,2,4,2
0x949a95,88.6792%,6,47,53,47,6,0,0
0x816870,97.3451%,6,220,226,0,0,6,220
0x5e032c,95.8621%,6,139,145,139,6,0,0
0x48d753,71.4286%,6,15,21,15,6,0,0
0x8fcfb1,91.5493%,6,65,71,0,0,6,65
0x99ad51,87.234%,6,41,47,41,6,0,0
0x900c45,98.2036%,6,328,334,328,6,0,0
0x51b389,99.682%,6,1881,1887,0,0,6,1881
0x4c9308,62.5%,6,10,16,6,6,0,4
0xa08f4d,14.2857%,6,1,7,1,0,6,0
0xa05e52,14.2857%,6,1,7,0,1,5,1
0xa96211,75%,6,18,24,0,0,6,18
0xa264a0,99.4329%,6,1052,1058,1052,4,2,0
0x9f5b7c,50%,6,6,12,0,4,2,6
0x9ea2fe,91.6667%,6,66,72,66,6,0,0
0x40dfeb,95.5556%,6,129,135,0,0,6,129
0x5b2aa4,86.6667%,6,39,45,39,6,0,0
0x9fcc57,14.2857%,6,1,7,0,0,6,1
0x9ebf2f,90.1639%,6,55,61,10,0,6,45
0x6f1730,50%,6,6,12,0,0,6,6
0x4c5d21,71.4286%,6,15,21,0,0,6,15
0x4996d4,91.8919%,6,68,74,0,0,6,68
0x63ea39,99.5406%,6,1300,1306,1300,6,0,0
0x48584c,50%,6,6,12,5,4,2,1
0x49c7c8,97.8339%,6,271,277,0,0,6,271
0x65ad35,57.1429%,6,8,14,0,0,6,8
0x4c221d,96.4286%,6,162,168,11,6,0,151
0xa9104c,97.0297%,6,196,202,0,0,6,196
0x8dcba2,99.6321%,6,1625,1631,1625,6,0,0
0x4ab178,0%,6,0,6,0,6,0,0
0x9aa3f8,60%,6,9,15,9,6,0,0
0x590c7a,70%,6,14,20,0,0,6,14
0x557b9c,90.7692%,6,59,65,56,1,5,3
0x4bedc8,89.6552%,6,52,58,0,0,6,52
0xa0187d,98.8372%,6,510,516,98,6,0,412
0x95c4c5,0%,6,0,6,0,6,0,0
0x58bcb1,90.1639%,6,55,61,55,6,0,0
0x550f28,64.7059%,6,11,17,0,0,6,11
0x559209,14.2857%,6,1,7,1,2,4,0
0x9f5171,45.4545%,6,5,11,5,6,0,0
0x81b6e3,97.0874%,6,200,206,0,2,4,200
0x40a868,75%,6,18,24,0,2,4,18
0x59310c,80%,6,24,30,23,1,5,1
0x8ef68e,80.6452%,6,25,31,25,6,0,0
0xa55ec0,25%,6,2,8,0,5,1,2
0x5fb39b,0%,6,0,6,0,6,0,0
0x972ede,0%,6,0,6,0,6,0,0
0x4c56b2,89.0909%,6,49,55,31,0,6,18
0x490bba,85.3659%,6,35,41,0,0,6,35
0x58bf1d,92.4051%,6,73,79,73,6,0,0
0x9f3de5,53.8462%,6,7,13,0,3,3,7
0xa02f45,92.1053%,6,70,76,70,4,2,0
0x591f0a,99.8411%,6,3771,3777,0,0,6,3771
0x65ae8c,53.8462%,6,7,13,7,6,0,0
0x4bc2e2,99.5979%,6,1486,1492,1486,6,0,0
0x9f5c64,78.5714%,6,22,28,0,0,6,22
0x8f31a8,53.8462%,6,7,13,7,6,0,0
0x4b7c24,45.4545%,6,5,11,5,6,0,0
0xa180b3,99.1292%,6,683,689,10,6,0,673
0x5343ce,99.9591%,6,14680,14686,0,0,6,14680
0x508934,85.3659%,6,35,41,0,0,6,35
0x6797c1,0%,6,0,6,0,0,6,0
0x481d90,68.4211%,6,13,19,13,6,0,0
0x9ec25c,0%,6,0,6,0,6,0,0
0x48c5a4,40%,6,4,10,0,0,6,4
0x8bae19,66.6667%,6,12,18,0,0,6,12
0x5a91c8,81.8182%,6,27,33,27,6,0,0
0x5bc531,94.958%,6,113,119,0,0,6,113
0x5fd8f6,99.3757%,6,955,961,0,0,6,955
0xa5c6b7,93.8776%,6,92,98,0,0,6,92
0x908962,99.3757%,6,955,961,955,6,0,0
0x70c269,0%,6,0,6,0,0,6,0
0xa56f4f,91.6667%,6,66,72,0,0,6,66
0x804ebb,93.75%,6,90,96,90,6,0,0
0xaa48b4,93.0233%,6,80,86,80,6,0,0
0xa5c5f5,66.6667%,6,12,18,3,5,1,9
0x49a41b,0%,6,0,6,0,6,0,0
0xa49563,98.8142%,6,500,506,500,6,0,0
0x5fbdb0,95%,6,114,120,114,4,2,0
0xa3619b,95.7746%,6,136,142,0,0,6,136
0x5bb64a,73.913%,6,17,23,0,0,6,17
0xa0a574,50%,6,6,12,6,4,2,0
0xa2f497,94.6903%,6,107,113,0,2,4,107
0x67a0a3,0%,6,0,6,0,6,0,0
0xa99d5d,45.4545%,6,5,11,5,6,0,0
0x65b25d,53.8462%,6,7,13,7,6,0,0
0x8ff841,97.0588%,6,198,204,0,0,6,198
0x5fad0b,0%,6,0,6,0,0,6,0
0x67083f,0%,6,0,6,0,6,0,0
0x8deb46,0%,6,0,6,0,6,0,0
0x65c1cd,98.6726%,6,446,452,446,6,0,0
0x8e3f4b,99.642%,6,1670,1676,0,0,6,1670
0xa3e1a6,25%,6,2,8,0,0,6,2
0xb2e771,99.5157%,6,1233,1239,0,0,6,1233
0x8d9862,25%,6,2,8,0,0,6,2
0x556d78,94.2857%,6,99,105,0,0,6,99
0xa64c01,0%,6,0,6,0,0,6,0
0x493e17,75%,6,18,24,18,4,2,0
0x9f50b3,88.4615%,6,46,52,22,4,2,24
0x5c7951,92.5%,6,74,80,74,6,0,0
0x5fea20,90.3226%,6,56,62,0,0,6,56
0xb2ea65,99.9219%,6,7675,7681,0,0,6,7675
0x58d8ca,97.1292%,6,203,209,0,0,6,203
0xa373c5,81.25%,6,26,32,26,6,0,0
0x480d8a,33.3333%,6,3,9,3,6,0,0
0x9ec255,89.2857%,6,50,56,50,0,6,0
0x9ec281,88%,6,44,50,44,6,0,0
0xa64f97,25%,6,2,8,0,4,2,2
0x65af2e,53.8462%,6,7,13,0,0,6,7
0xa06476,82.8571%,6,29,35,0,0,6,29
0x540a44,66.6667%,6,12,18,2,6,0,10
0x984442,90.9091%,6,60,66,60,6,0,0
0x49ce46,53.8462%,6,7,13,0,5,1,7
0xaaa09a,77.7778%,6,21,27,0,0,6,21
0x9a3a26,53.8462%,6,7,13,0,0,6,7
0x610297,81.8182%,6,27,33,0,0,6,27
0x7b0a85,78.5714%,6,22,28,0,6,0,22
0x8ee4ea,85.7143%,6,36,42,36,6,0,0
0xa22d5e,90.7692%,6,59,65,0,0,6,59
0xa59650,86.6667%,6,39,45,13,3,3,26
0x8bdcb3,14.2857%,6,1,7,0,0,6,1
0x9e118e,79.3103%,6,23,29,23,6,0,0
0x5386e4,99.3789%,6,960,966,0,0,6,960
0x69656f,98.4887%,6,391,397,391,6,0,0
0x9bdcf5,92.7711%,6,77,83,0,0,6,77
0x8be8ff,97.1698%,6,206,212,205,5,1,1
0x63f847,99.8258%,6,3439,3445,3439,6,0,0
0x403a0b,81.8182%,6,27,33,4,4,2,23
0xa28829,62.5%,6,10,16,10,6,0,0
0x533a73,33.3333%,6,3,9,3,6,0,0
0x59ed41,25%,6,2,8,2,6,0,0
0x8a9eec,98.7124%,6,460,466,460,6,0,0
0x9f5aff,50%,6,6,12,6,6,0,0
0x7f374b,60%,6,9,15,0,0,6,9
0x9e1097,79.3103%,6,23,29,0,0,6,23
0x7c7437,62.5%,6,10,16,3,5,1,7
0xaadab8,90.625%,6,58,64,0,0,6,58
0xa4804c,81.8182%,6,27,33,9,6,0,18
0x90fc53,99.4152%,6,1020,1026,1020,6,0,0
0x6804ec,99.8689%,6,4569,4575,0,0,6,4569
0x64872d,89.2857%,6,50,56,50,6,0,0
0x9eed58,0%,6,0,6,0,6,0,0
0x8f369f,94.0594%,6,95,101,95,6,0,0
0x9be6d9,50%,6,6,12,0,0,6,6
0xa530e2,96.875%,6,186,192,0,0,6,186
0x9a0acc,78.5714%,6,22,28,0,0,6,22
0x816557,88.4615%,6,46,52,0,0,6,46
0x402f5f,0%,6,0,6,0,0,6,0
0x9bd5f3,50%,6,6,12,6,6,0,0
0x402d8d,90.4762%,6,57,63,0,0,6,57
0xa5b41d,53.8462%,6,7,13,4,5,1,3
0x8ee090,85.7143%,6,36,42,0,0,6,36
0xa72264,14.2857%,6,1,7,0,3,3,1
0x9bd688,75%,6,18,24,18,6,0,0
0x58be2d,92.1053%,6,70,76,70,6,0,0
0x5f6138,50%,6,6,12,6,6,0,0
0xa04c44,84.2105%,6,32,38,32,6,0,0
0x9c3c3f,83.3333%,6,30,36,30,6,0,0
0xa969e1,62.5%,6,10,16,0,0,6,10
0x4464da,98.9779%,6,581,587,581,6,0,0
0xa3fd6b,0%,6,0,6,0,6,0,0
0x9be98f,57.1429%,6,8,14,0,0,6,8
0x4ca46d,99.3624%,6,935,941,0,0,6,935
0xa374af,40%,6,4,10,0,3,3,4
0xa2f7d8,97.3684%,6,222,228,0,0,6,222
0xaa5d74,97.1831%,6,207,213,207,6,0,0
0x7df893,92.7711%,6,77,83,1,1,5,76
0x97529b,75%,6,18,24,0,5,1,18
0xa5bf8e,81.25%,6,26,32,26,6,0,0
0xa2f4a2,94.5946%,6,105,111,105,6,0,0
0x4a03b4,90%,6,54,60,38,6,0,16
0x9f6904,25%,6,2,8,2,6,0,0
0xa3fee1,0%,6,0,6,0,0,6,0
0x63ad2d,98.4375%,6,378,384,378,6,0,0
0xaae7a5,87.234%,6,41,47,1,2,4,40
0xa90775,95.9184%,6,141,147,0,0,6,141
0xa556aa,92.7711%,6,77,83,0,0,6,77
0x48ef1f,98.1873%,6,325,331,0,0,6,325
0x8c7bc7,88.8889%,6,48,54,48,6,0,0
0xb302a7,99.5865%,6,1445,1451,0,0,6,1445
0x4c73ab,66.6667%,6,12,18,12,6,0,0
0x48ef16,98.1873%,6,325,331,0,0,6,325
0x4aca36,60%,6,9,15,1,5,1,8
0x8aad49,72.7273%,6,16,22,0,0,6,16
0x8ff5ad,73.913%,6,17,23,9,5,1,8
0x5f9691,25%,6,2,8,0,6,0,2
0x647577,71.4286%,6,15,21,0,0,6,15
0x70c19c,0%,6,0,6,0,0,6,0
0x8f4b8c,0%,6,0,6,0,0,6,0
0x58e27d,92%,6,69,75,0,0,6,69
0x98403d,50%,6,6,12,0,0,6,6
0xa2ee22,79.3103%,6,23,29,0,0,6,23
0x901a60,79.3103%,6,23,29,23,6,0,0
0x99af0d,97.1154%,6,202,208,202,6,0,0
0x405bb3,98.2196%,6,331,337,304,1,5,27
0x6dcb4a,85.7143%,6,36,42,36,6,0,0
0x9a717a,57.1429%,6,8,14,2,2,4,6
0x4c9843,60%,6,9,15,5,0,6,4
0x5d8b5e,40%,6,4,10,4,6,0,0
0x8ee5ed,85.7143%,6,36,42,0,0,6,36
0x70c282,0%,6,0,6,0,0,6,0
0x9a3adb,53.8462%,6,7,13,0,0,6,7
0x9c3b31,33.3333%,6,3,9,0,1,5,3
0x6ccfec,0%,6,0,6,0,0,6,0
0x77ad96,98.8506%,6,516,522,516,6,0,0
0x821c89,91.6667%,6,66,72,0,0,6,66
0x9e0b55,97.6654%,6,251,257,0,0,6,251
0x9a22f8,60%,6,9,15,0,0,6,9
0x58dc1d,96.0265%,6,145,151,141,4,2,4
0x908b27,99.3757%,6,955,961,955,6,0,0
0xa48ad7,96.4072%,6,161,167,0,0,6,161
0x9e0937,57.1429%,6,8,14,0,6,0,8
0x820915,45.4545%,6,5,11,5,6,0,0
0x9c5100,25%,6,2,8,0,0,6,2
0x7d2084,66.6667%,6,12,18,7,4,2,5
0x502e3c,53.8462%,6,7,13,7,6,0,0
0x9a6418,96.5909%,6,170,176,0,0,6,170
0x60700b,97.9522%,6,287,293,0,0,6,287
0x911244,98.6239%,6,430,436,0,0,6,430
0x5f3c1f,14.2857%,6,1,7,0,3,3,1
0x609f52,99.9101%,6,6670,6676,6670,6,0,0
0x53d9fc,99.6289%,6,1611,1617,0,0,6,1611
0x4c3bc2,96.4286%,6,162,168,162,6,0,0
0x40426e,97.8339%,6,271,277,0,0,6,271
0x5dfa8d,57.1429%,6,8,14,8,6,0,0
0x5df81d,57.1429%,6,8,14,8,6,0,0
0x972f71,97.8571%,6,274,280,0,0,6,274
0x8f1052,85%,6,34,40,0,0,6,34
0x541a97,99.2806%,6,828,834,0,0,6,828
0x8ab0bf,99.2991%,6,850,856,850,6,0,0
0x7d26e8,98.1366%,6,316,322,316,6,0,0
0x5f1fa6,83.3333%,6,30,36,30,6,0,0
0x8dd911,86.3636%,6,38,44,0,0,6,38
0x5f4106,14.2857%,6,1,7,1,6,0,0
0xaa08dc,0%,6,0,6,0,6,0,0
0x4a5c38,53.8462%,6,7,13,1,6,0,6
0xa37355,85.7143%,6,36,42,0,0,6,36
0x7233ed,92.5926%,6,75,81,31,2,4,44
0x54f14f,86.0465%,6,37,43,0,0,6,37
0x8d9b4c,98.3784%,6,364,370,364,6,0,0
0x40a167,45.4545%,6,5,11,5,6,0,0
0x5ec518,25%,6,2,8,2,6,0,0
0x4a8cf1,84.6154%,6,33,39,33,6,0,0
0x649aeb,81.25%,6,26,32,26,6,0,0
0x647ba8,86.0465%,6,37,43,0,0,6,37
0x5c338e,95%,6,114,120,76,4,2,38
0x4a953b,95.4887%,6,127,133,0,0,6,127
0xa501e8,64.7059%,6,11,17,0,0,6,11
0xa0f336,0%,6,0,6,0,0,6,0
0x81f886,93.617%,6,88,94,0,0,6,88
0x8df5fe,77.7778%,6,21,27,0,1,5,21
0x6475ec,71.4286%,6,15,21,0,0,6,15
0xa0f27c,0%,6,0,6,0,0,6,0
0x4a62c2,40%,6,4,10,0,2,4,4
0x533787,84.2105%,6,32,38,30,1,5,2
0x94433d,94.5455%,6,104,110,104,6,0,0
0x48bbc8,95.8042%,6,137,143,0,0,6,137
0x600258,73.913%,6,17,23,0,0,6,17
0x647c31,86.0465%,6,37,43,0,0,6,37
0x4a7b17,98.1873%,6,325,331,15,0,6,310
0xa0f1db,0%,6,0,6,0,6,0,0
0xb17a75,99.1608%,6,709,715,0,0,6,709
0xa440a1,90.625%,6,58,64,58,4,2,0
0x5f8ea8,45.4545%,6,5,11,5,6,0,0
0x9aae2a,83.7838%,6,31,37,0,0,6,31
0x9f7c7f,53.8462%,6,7,13,1,0,6,6
0x6774b9,91.5493%,6,65,71,0,0,6,65
0xa2c1a8,80.6452%,6,25,31,0,6,0,25
0xa083c9,14.2857%,6,1,7,1,6,0,0
0x8fdab8,89.2857%,6,50,56,49,3,3,1
0x9c51a3,50%,6,6,12,3,1,5,3
0x6d0515,79.3103%,6,23,29,23,6,0,0
0xb376a5,99.8917%,6,5536,5542,0,0,6,5536
0x9bd375,50%,6,6,12,6,6,0,0
0x6f45df,0%,6,0,6,0,6,0,0
0x9a0a80,78.5714%,6,22,28,22,6,0,0
0x8109d4,70%,6,14,20,8,0,6,6
0x943b10,33.3333%,6,3,9,2,0,6,1
0xa91854,57.1429%,6,8,14,8,6,0,0
0x9a0a64,78.5714%,6,22,28,0,0,6,22
0x7ac234,62.5%,6,10,16,10,0,6,0
0x402d30,89.8305%,6,53,59,0,0,6,53
0xa36405,14.2857%,6,1,7,0,0,6,1
0x98ca13,94.4954%,6,103,109,0,0,6,103
0xa052d6,79.3103%,6,23,29,19,6,0,4
0x8bc845,81.25%,6,26,32,26,6,0,0
0x4c9f6e,96.7391%,6,178,184,178,6,0,0
0x81382a,90.1639%,6,55,61,55,6,0,0
0x8a74af,97.6744%,6,252,258,0,0,6,252
0xa318e1,95.5224%,6,128,134,0,0,6,128
0x8df5e1,85%,6,34,40,0,0,6,34
0xa26bfc,40%,6,4,10,4,6,0,0
0x7ac253,0%,6,0,6,0,6,0,0
0x8bc7c9,95.2381%,6,120,126,0,0,6,120
0x805051,98.8417%,6,512,518,512,4,2,0
0xa2388f,90.7692%,6,59,65,0,0,6,59
0xa8ac08,92.7711%,6,77,83,0,0,6,77
0xa994a3,45.4545%,6,5,11,0,0,6,5
0x9a3a13,53.8462%,6,7,13,0,0,6,7
0x813762,90.1639%,6,55,61,55,4,2,0
0x504d50,50%,6,6,12,0,2,4,6
0x8fcdd1,86.3636%,6,38,44,0,0,6,38
0x9d32e6,89.0909%,6,49,55,49,6,0,0
0x545c48,99.765%,6,2547,2553,2547,6,0,0
0x58ba4f,95.082%,6,116,122,1,3,3,115
0x5f8e97,70%,6,14,20,3,6,0,11
0xa075f7,0%,6,0,6,0,6,0,0
0x813910,80.6452%,6,25,31,25,6,0,0
0x48fa7c,0%,6,0,6,0,0,6,0
0x4bdc96,40%,6,4,10,2,2,4,2
0x48f7f9,66.6667%,6,12,18,12,6,0,0
0x95964d,95.1613%,6,118,124,0,0,6,118
0x40988e,98.8142%,6,500,506,0,0,6,500
0x492a30,14.2857%,6,1,7,0,0,6,1
0x8e7e6b,97.3214%,6,218,224,218,6,0,0
0x9d1dce,0%,6,0,6,0,1,5,0
0xa3eebf,25%,6,2,8,2,6,0,0
0x99dd23,60%,6,9,15,0,0,6,9
0x54549c,95.5224%,6,128,134,0,0,6,128
0xaa2c56,99.7007%,6,1999,2005,0,0,6,1999
0x9bd14e,92.7711%,6,77,83,0,0,6,77
0xa2e88d,88.6792%,6,47,53,0,0,6,47
0x64c6a9,85.7143%,6,36,42,36,2,4,0
0x4098a6,98.0645%,6,304,310,304,6,0,0
0xa36d85,85.7143%,6,36,42,0,0,6,36
0x552b45,76.9231%,6,20,26,0,0,6,20
0x4a0414,62.5%,6,10,16,10,6,0,0
0x833e2e,62.5%,6,10,16,0,0,6,10
0x8f0c1d,87.5%,6,42,48,42,6,0,0
0x5ff970,93.4783%,6,86,92,0,0,6,86
0x8fdb04,66.6667%,6,12,18,0,0,6,12
0xa4cf67,62.5%,6,10,16,8,0,6,2
0xa49650,89.0909%,6,49,55,49,6,0,0
0x5f0663,93.3333%,6,84,90,0,6,0,84
0x50b9a6,80.6452%,6,25,31,0,0,6,25
0x4c8175,72.7273%,6,16,22,0,0,6,16
0x8da8bb,0%,6,0,6,0,6,0,0
0xa3d0b9,25%,6,2,8,2,6,0,0
0x9e84da,85.3659%,6,35,41,20,0,6,15
0xa07525,86.3636%,6,38,44,38,0,6,0
0x80a67d,97.1429%,6,204,210,0,0,6,204
0x5f1187,14.2857%,6,1,7,1,6,0,0
0x48a2e4,99.7128%,6,2083,2089,2083,6,0,0
0x8a253d,97.8648%,6,275,281,0,0,6,275
0x48dfc8,77.7778%,6,21,27,11,3,3,10
0xa4523e,98.1013%,6,310,316,0,0,6,310
0xa51a5f,50%,6,6,12,1,4,2,5
0x555c9b,84.2105%,6,32,38,32,6,0,0
0x60bc01,33.3333%,6,3,9,3,6,0,0
0x9a1ee4,97.0443%,6,197,203,0,0,6,197
0x783c69,96.1538%,6,150,156,150,6,0,0
0x907570,73.913%,6,17,23,0,0,6,17
0x8ddc29,94.6429%,6,106,112,0,0,6,106
0x8e3de8,85.3659%,6,35,41,33,4,2,2
0x7d2111,83.3333%,6,30,36,25,3,3,5
0x5053ea,70%,6,14,20,2,6,0,12
0x9a7147,57.1429%,6,8,14,3,6,0,5
0x81fb71,98.1424%,6,317,323,317,6,0,0
0x59003d,96.9697%,6,192,198,94,5,1,98
0x487e3f,57.1429%,6,8,14,0,0,6,8
0x480053,68.4211%,6,13,19,0,0,6,13
0x5fa91b,96.3636%,6,159,165,0,0,6,159
0x9fb73f,98.0392%,6,300,306,0,0,6,300
0x8dfe93,97.6744%,6,252,258,128,2,4,124
0x59252a,99.8701%,6,4612,4618,0,0,6,4612
0x4a8583,72.7273%,6,16,22,0,0,6,16
0x6707c2,14.2857%,6,1,7,1,0,6,0
0x58fa22,98.7288%,6,466,472,466,4,2,0
0xa55ed0,53.8462%,6,7,13,5,0,6,2
0x9d1d39,64.7059%,6,11,17,0,0,6,11
0x48775c,75%,6,18,24,0,0,6,18
0x5f087a,97.973%,6,290,296,0,0,6,290
0x9e6f7f,89.0909%,6,49,55,0,0,6,49
0x53feea,98.5915%,6,420,426,0,0,6,420
0x80e949,99.4413%,6,1068,1074,1068,0,6,0
0xa456b7,50%,6,6,12,5,3,3,1
0x48aea2,57.1429%,6,8,14,8,6,0,0
0x5f084f,82.3529%,6,28,34,4,6,0,24
0xa2f2fc,96.9072%,6,188,194,187,3,3,1
0xa08389,14.2857%,6,1,7,1,6,0,0
0x9fe6c7,85%,6,34,40,0,0,6,34
0xaaa658,14.2857%,6,1,7,0,0,6,1
0xa5381f,57.1429%,6,8,14,3,4,2,5
0x8bd769,70%,6,14,20,14,4,2,0
0x505bf9,99.1892%,6,734,740,734,6,0,0
0x58c567,50%,6,6,12,6,6,0,0
0x8d2600,89.2857%,6,50,56,0,0,6,50
0x404e80,91.8919%,6,68,74,36,0,6,32
0x4b98a3,77.7778%,6,21,27,0,2,4,21
0xa47c26,85.7143%,6,36,42,0,3,3,36
0x546334,98.6456%,6,437,443,0,0,6,437
0xaa7f5c,98.8658%,6,523,529,0,0,6,523
0xa41011,86.6667%,6,39,45,39,6,0,0
0xa4f7da,62.5%,6,10,16,10,6,0,0
0x5f837d,71.4286%,6,15,21,0,4,2,15
0x4c5eba,86.0465%,6,37,43,0,0,6,37
0xa2e123,97.5904%,6,243,249,0,0,6,243
0x9ab9a2,97.4026%,6,225,231,16,4,2,209
0x972d89,0%,6,0,6,0,0,6,0
0x592e2f,88.8889%,6,48,54,0,4,2,48
0x9772cc,0%,6,0,6,0,6,0,0
0x80e716,96.3415%,6,158,164,12,2,4,146
0x40e84a,40%,6,4,10,3,2,4,1
0x5f9e9d,0%,6,0,6,0,6,0,0
0xa97758,40%,6,4,10,4,6,0,0
0x5bcb2d,99.3776%,6,958,964,958,6,0,0
0x491a9d,96.3636%,6,159,165,4,3,3,155
0x5d8d91,40%,6,4,10,0,0,6,4
0x4a7003,90%,6,54,60,0,0,6,54
0x8f613f,96.9072%,6,188,194,0,0,6,188
0x5ff1d7,98.4293%,6,376,382,0,0,6,376
0x8e3664,25%,6,2,8,2,4,2,0
0xa538c4,14.2857%,6,1,7,0,0,6,1
0x40293d,98.0769%,6,306,312,0,0,6,306
0xa43e44,91.0448%,6,61,67,0,0,6,61
0x94879d,84.6154%,6,33,39,0,0,6,33
0x8040ee,90%,6,54,60,0,0,6,54
0x40edb6,25%,6,2,8,1,5,1,1
0x9e413f,99.0212%,6,607,613,0,4,2,607
0x9e4139,99.0212%,6,607,613,0,0,6,607
0x9a81f2,57.1429%,6,8,14,8,6,0,0
0x8f6ae1,98.2143%,6,330,336,0,0,6,330
0x5408be,0%,6,0,6,0,6,0,0
0xa944f9,79.3103%,6,23,29,0,2,4,23
0x540d61,98.2857%,6,344,350,0,0,6,344
0x4b7977,77.7778%,6,21,27,21,6,0,0
0x9ed867,90.625%,6,58,64,58,6,0,0
0x81f1aa,99.6888%,6,1922,1928,0,0,6,1922
0x8a672c,93.3333%,6,84,90,0,0,6,84
0x546a6e,84.2105%,6,32,38,0,0,6,32
0x5e59ab,99.2574%,6,802,808,0,3,3,802
0x6116be,40%,6,4,10,4,6,0,0
0x5028f2,97.3094%,6,217,223,125,1,5,92
0x9eca28,96.0526%,6,146,152,0,0,6,146
0x50b65f,86.3636%,6,38,44,0,4,2,38
0x7d2dba,70%,6,14,20,1,5,1,13
0x969529,82.3529%,6,28,34,28,6,0,0
0xa478e6,72.7273%,6,16,22,8,0,6,8
0xa314da,88.4615%,6,46,52,0,0,6,46
0x4106ff,33.3333%,6,3,9,1,4,2,2
0x60c729,14.2857%,6,1,7,1,6,0,0
0x4c43be,83.7838%,6,31,37,31,6,0,0
0x9d1b2b,50%,6,6,12,0,6,0,6
0xa31ef4,83.3333%,6,30,36,0,0,6,30
0x8d39d9,40%,6,4,10,4,6,0,0
0xa26c5d,40%,6,4,10,0,0,6,4
0xa520ac,64.7059%,6,11,17,2,4,2,9
0x80bae7,94.958%,6,113,119,112,0,6,1
0xa900da,97.8102%,6,268,274,0,0,6,268
0xaa461c,93.9394%,6,93,99,0,0,6,93
0x5feec0,79.3103%,6,23,29,18,6,0,5
0x5ff016,85%,6,34,40,34,6,0,0
0x8063b8,88.8889%,6,48,54,1,0,6,47
0x53dcac,40%,6,4,10,0,0,6,4
0x5fe7a5,94.2857%,6,99,105,0,0,6,99
0xa96d44,71.4286%,6,15,21,0,0,6,15
0x5fb9d8,76.9231%,6,20,26,0,0,6,20
0xb2ea50,99.9219%,6,7675,7681,7675,6,0,0
0x8d39ac,40%,6,4,10,4,6,0,0
0xa494a2,93.4066%,6,85,91,85,6,0,0
0x945ec7,68.4211%,6,13,19,13,6,0,0
0x9fcc48,76%,6,19,25,12,6,0,7
0x902796,84.6154%,6,33,39,0,0,6,33
0x48ef9c,85%,6,34,40,34,6,0,0
0x9fcb47,76%,6,19,25,19,6,0,0
0x670799,14.2857%,6,1,7,1,6,0,0
0xa55108,25%,6,2,8,0,6,0,2
0xa48556,89.2857%,6,50,56,50,6,0,0
0x81e5b4,50%,6,6,12,2,2,4,4
0x67e225,99.9027%,6,6158,6164,0,0,6,6158
0xa46aa2,93.75%,6,90,96,0,0,6,90
0x8a9298,99.5918%,6,1464,1470,1464,6,0,0
0x8da81b,0%,6,0,6,0,0,6,0
0x4c68c0,70%,6,14,20,6,6,0,8
0xa47c80,84.6154%,6,33,39,33,6,0,0
0x8fef22,90.7692%,6,59,65,59,6,0,0
0xa01704,85%,6,34,40,34,6,0,0
0x495a78,85.3659%,6,35,41,0,0,6,35
0x9ed232,97.6834%,6,253,259,0,0,6,253
0x9fc89f,14.2857%,6,1,7,0,0,6,1
0x9a3557,78.5714%,6,22,28,22,6,0,0
0x8d38ca,0%,6,0,6,0,6,0,0
0x918b50,97%,6,194,200,194,6,0,0
0x810896,92%,6,69,75,0,2,4,69
0x97313e,85.3659%,6,35,41,35,4,2,0
0x78e04b,87.7551%,6,43,49,0,6,0,43
0x8bb163,97.8873%,6,278,284,0,0,6,278
0xa31cbd,80.6452%,6,25,31,0,0,6,25
0x809a05,33.3333%,6,3,9,2,5,1,1
0x50a12a,33.3333%,6,3,9,0,0,6,3
0x9d1e44,70%,6,14,20,0,0,6,14
0x4c0770,93.0233%,6,80,86,0,0,6,80
0x50d92f,84.2105%,6,32,38,8,4,2,24
0x973897,95.4198%,6,125,131,125,6,0,0
0x8f2151,84.6154%,6,33,39,21,4,2,12
0x4c6508,78.5714%,6,22,28,0,0,6,22
0x810854,92.6829%,6,76,82,5,2,4,71
0x8c8f77,0%,6,0,6,0,0,6,0
0x4ca656,86.9565%,6,40,46,0,0,6,40
0x9f6c24,97.7528%,6,261,267,20,6,0,241
0x9e765b,94.3925%,6,101,107,0,0,6,101
0x9fb8a4,98.0392%,6,300,306,0,0,6,300
0xb2ee7c,0%,6,0,6,0,2,4,0
0xa9db7b,87.5%,6,42,48,42,6,0,0
0x48d1f1,0%,6,0,6,0,6,0,0
0x4c4906,90%,6,54,60,54,4,2,0
0x5531f9,99.1304%,6,684,690,0,0,6,684
0x7d40bb,88.6792%,6,47,53,0,0,6,47
0x9f0bb1,93.3333%,6,84,90,84,6,0,0
0x8f105e,85%,6,34,40,30,2,4,4
0xa98110,90.7692%,6,59,65,2,6,0,57
0x99ed46,60%,6,9,15,2,0,6,7
0x88e0b0,0%,6,0,6,0,6,0,0
0xaa074f,87.5%,6,42,48,0,0,6,42
0xa4e8f5,96.25%,6,154,160,0,0,6,154
0x40ed8d,25%,6,2,8,2,6,0,0
0x8434ba,0%,6,0,6,0,0,6,0
0x600117,77.7778%,6,21,27,0,0,6,21
0xa962a0,25%,6,2,8,0,0,6,2
0x4b7a03,45.4545%,6,5,11,5,6,0,0
0x4c0549,80.6452%,6,25,31,0,0,6,25
0x5efb43,53.8462%,6,7,13,2,6,0,5
0x9fbf8f,98.0392%,6,300,306,0,0,6,300
0x8df4a1,75%,6,18,24,0,1,5,18
0x9fb2bd,85.3659%,6,35,41,0,0,6,35
0x8c82f1,80%,6,24,30,0,0,6,24
0x4c055f,80.6452%,6,25,31,0,0,6,25
0xa38977,80%,6,24,30,0,0,6,24
0xa31244,92.9412%,6,79,85,79,6,0,0
0x7cf816,25%,6,2,8,2,6,0,0
0x4bed95,75%,6,18,24,13,6,0,5
0x973343,85.7143%,6,36,42,36,6,0,0
0x97343c,85%,6,34,40,32,1,5,2
0x590e5c,66.6667%,6,12,18,0,0,6,12
0xa95f9b,50%,6,6,12,0,4,2,6
0x65acab,57.1429%,6,8,14,7,6,0,1
0x8c92cc,99.3478%,6,914,920,914,6,0,0
0x8bb96f,45.4545%,6,5,11,5,6,0,0
0xaab7fd,93.9394%,6,93,99,0,0,6,93
0x4997b7,76.9231%,6,20,26,20,6,0,0
0x4885bc,99.8092%,6,3139,3145,0,0,6,3139
0x5033d1,83.7838%,6,31,37,0,0,6,31
0x90ab79,77.7778%,6,21,27,21,6,0,0
0xb37344,57.1429%,6,8,14,0,0,6,8
0xa31283,88.4615%,6,46,52,46,6,0,0
0x94b0f6,97.1014%,6,201,207,201,6,0,0
0x9d0f07,97.7695%,6,263,269,0,0,6,263
0x8e958c,25%,6,2,8,0,6,0,2
0x9a6b5e,40%,6,4,10,4,6,0,0
0x547431,90.1639%,6,55,61,55,6,0,0
0x402e64,96.5116%,6,166,172,58,5,1,108
0x9bd12d,82.3529%,6,28,34,1,5,1,27
0xa42f9f,89.6552%,6,52,58,52,2,4,0
0xa5f6fd,25%,6,2,8,0,0,6,2
0x505052,91.4286%,6,64,70,0,0,6,64
0xaa33c4,62.5%,6,10,16,0,0,6,10
0x80a657,97.1429%,6,204,210,0,0,6,204
0xa499d7,40%,6,4,10,4,6,0,0
0x60e4ab,98.6517%,6,439,445,439,6,0,0
0x90a07b,95.9732%,6,143,149,143,6,0,0
0x8f0d2e,85%,6,34,40,34,6,0,0
0x48d7cb,99.1859%,6,731,737,0,0,6,731
0xa9cd53,50%,6,6,12,2,2,4,4
0xa455c7,50%,6,6,12,6,6,0,0
0x70c1a6,0%,6,0,6,0,6,0,0
0xa0a632,25%,6,2,8,2,0,6,0
0x504212,90.3226%,6,56,62,56,6,0,0
0x60b2fd,90.3226%,6,56,62,56,6,0,0
0x9d123a,95%,6,114,120,0,0,6,114
0xa9ce5a,95.8333%,6,138,144,0,0,6,138
0xaab136,99.7677%,6,2577,2583,0,0,6,2577
0x60a699,88%,6,44,50,44,6,0,0
0x4be85b,66.6667%,6,12,18,11,4,2,1
0x9e21d7,94.2308%,6,98,104,0,0,6,98
0x5c4c82,99.6593%,6,1755,1761,171,2,4,1584
0x9e50e2,50%,6,6,12,6,6,0,0
0xa9d2a6,40%,6,4,10,4,6,0,0
0xa15f6f,50%,6,6,12,6,6,0,0
0x502a63,95.2381%,6,120,126,120,6,0,0
0x9d1ee4,78.5714%,6,22,28,22,6,0,0
0x4bf672,96.9697%,6,192,198,192,6,0,0
0x80ae7b,82.8571%,6,29,35,1,1,5,28
0x9e58fe,80%,6,24,30,0,0,6,24
0xa42bdf,89.6552%,6,52,58,0,4,2,52
0x4b5190,14.2857%,6,1,7,0,6,0,1
0x40a972,93.4066%,6,85,91,85,6,0,0
0x979991,86.3636%,6,38,44,0,0,6,38
0x8bdcbf,14.2857%,6,1,7,0,6,0,1
0xa308ca,99.4231%,6,1034,1040,0,0,6,1034
0x99de18,60%,6,9,15,9,6,0,0
0x5b15e2,40%,6,4,10,0,0,6,4
0xa51a81,73.913%,6,17,23,10,6,0,7
0xa098bb,53.8462%,6,7,13,2,6,0,5
0x8f18a4,96.875%,6,186,192,0,0,6,186
0x557e4d,99.2218%,6,765,771,765,6,0,0
0x8e7e5b,97.3214%,6,218,224,0,0,6,218
0x8d3d53,80.6452%,6,25,31,0,0,6,25
0xa47b4e,33.3333%,6,3,9,3,6,0,0
0xa47a48,33.3333%,6,3,9,3,6,0,0
0x81bc9b,80%,6,24,30,0,1,5,24
0x509684,81.25%,6,26,32,0,3,3,26
0x509701,81.25%,6,26,32,0,0,6,26
0xa47a10,33.3333%,6,3,9,3,6,0,0
0xa5c4fe,89.2857%,6,50,56,0,0,6,50
0xaa151b,88.8889%,6,48,54,0,0,6,48
0x80daea,97.2727%,6,214,220,0,0,6,214
0xa49a39,40%,6,4,10,2,4,2,2
0xa51796,92.2078%,6,71,77,71,6,0,0
0x48180e,79.3103%,6,23,29,0,0,6,23
0x973da1,95.2381%,6,120,126,120,6,0,0
0x8deb03,92.3077%,6,72,78,9,3,3,63
0x901038,83.7838%,6,31,37,0,0,6,31
0x5561c9,97.5806%,6,242,248,242,6,0,0
0x640443,98.6143%,6,427,433,0,0,6,427
0xa5686f,0%,6,0,6,0,0,6,0
0xa502ed,62.5%,6,10,16,10,2,4,0
0x8def89,62.5%,6,10,16,0,0,6,10
0x60e716,92.4051%,6,73,79,73,6,0,0
0x8d3d23,80.6452%,6,25,31,0,0,6,25
0x66676b,89.8305%,6,53,59,53,6,0,0
0x81b7a6,68.4211%,6,13,19,0,0,6,13
0xa09889,53.8462%,6,7,13,7,6,0,0
0x9fe1eb,76%,6,19,25,0,0,6,19
0xa507f7,97.6654%,6,251,257,0,4,2,251
0x50cedb,95.1613%,6,118,124,0,0,6,118
0x7c7579,0%,6,0,6,0,6,0,0
0xa41145,76%,6,19,25,0,0,6,19
0xa9d72f,70%,6,14,20,0,0,6,14
0xa5a094,53.8462%,6,7,13,1,2,4,6
0x98cea7,50%,6,6,12,6,6,0,0
0x5041aa,90.3226%,6,56,62,0,0,6,56
0xa9d3ef,70%,6,14,20,0,0,6,14
0x95c509,50%,6,6,12,6,6,0,0
0x60e398,40%,6,4,10,1,4,2,3
0x8aac36,40%,6,4,10,4,6,0,0
0xa91c8f,97.9866%,6,292,298,0,0,6,292
0x4a57c8,89.0909%,6,49,55,0,0,6,49
0xa5f934,98.6333%,6,433,439,0,0,6,433
0x911d4d,99.0581%,6,631,637,631,6,0,0
0x8fdb17,66.6667%,6,12,18,8,1,5,4
0x4a5dae,76%,6,19,25,9,3,3,10
0x54eb4b,86.0465%,6,37,43,37,6,0,0
0xa5f953,98.6207%,6,429,435,429,6,0,0
0x5d45c7,66.6667%,6,12,18,12,6,0,0
0xa0a54a,50%,6,6,12,0,0,6,6
0xa589c7,95.8904%,6,140,146,0,0,6,140
0x5fab17,64.7059%,6,11,17,6,0,6,5
0x80df51,99.7521%,6,2414,2420,0,0,6,2414
0x40deed,94.4444%,6,102,108,2,0,6,100
0xa530db,96.875%,6,186,192,0,0,6,186
0x4b49fd,40%,6,4,10,2,0,6,2
0x99f81a,53.8462%,6,7,13,7,6,0,0
0xa58552,89.8305%,6,53,59,0,0,6,53
0x8debaf,0%,6,0,6,0,6,0,0
0x9eb67b,90.4762%,6,57,63,57,6,0,0
0x538e77,66.6667%,6,12,18,0,0,6,12
0xa44642,88.4615%,6,46,52,46,6,0,0
0xa90b4a,25%,6,2,8,0,3,3,2
0x5111f0,99.1826%,6,728,734,0,0,6,728
0x5ec2db,80.6452%,6,25,31,25,6,0,0
0x98c94a,94.4954%,6,103,109,0,0,6,103
0xa2d73d,92.9412%,6,79,85,79,6,0,0
0x4a74d7,91.6667%,6,66,72,0,0,6,66
0xa51690,91.3043%,6,63,69,63,6,0,0
0x50ce60,88.4615%,6,46,52,20,6,0,26
0x8e0c57,95.1613%,6,118,124,118,6,0,0
0x6f45a2,40%,6,4,10,0,6,0,4
0x4821a9,68.4211%,6,13,19,0,0,6,13
0xaa45f7,93.9394%,6,93,99,0,0,6,93
0x80dec4,97.2727%,6,214,220,0,0,6,214
0x548a1d,0%,6,0,6,0,0,6,0
0x9f9655,91.1765%,6,62,68,0,0,6,62
0x60ba88,66.6667%,6,12,18,9,4,2,3
0x8da491,99.1111%,6,669,675,0,0,6,669
0x9e5f65,66.6667%,6,12,18,12,6,0,0
0xa4198c,84.2105%,6,32,38,28,4,2,4
0x9e7cfe,75%,6,18,24,0,0,6,18
0x5f9e19,0%,6,0,6,0,0,6,0
0xa2d293,98.2036%,6,328,334,328,6,0,0
0x4bb491,88.4615%,6,46,52,0,0,6,46
0x9a5fdf,57.1429%,6,8,14,4,0,6,4
0x5de2a1,99.5165%,6,1235,1241,425,6,0,810
0x4c59cb,89.0909%,6,49,55,31,0,6,18
0x4c407b,97.0588%,6,198,204,0,0,6,198
0x9e6f45,89.0909%,6,49,55,48,4,2,1
0x508665,99.1892%,6,734,740,162,4,2,572
0xaa2cb4,97.3451%,6,220,226,0,0,6,220
0x9f3e78,96.2264%,6,153,159,153,5,1,0
0x5f91b7,33.3333%,6,3,9,0,5,1,3
0x40e2d1,97.2851%,6,215,221,0,0,6,215
0x50d5b4,99.5062%,6,1209,1215,0,0,6,1209
0xa2d6c7,97.8799%,6,277,283,82,3,3,195
0x8ecaad,45.4545%,6,5,11,3,6,0,2
0xa58d6d,95.8904%,6,140,146,0,0,6,140
0x53ff19,98.5915%,6,420,426,3,1,5,417
0x8d3f66,53.8462%,6,7,13,2,1,5,5
0x547a79,98.2249%,6,332,338,0,0,6,332
0x8d4243,45.4545%,6,5,11,5,6,0,0
0x4b5ffb,94.5455%,6,104,110,0,0,6,104
0x7bdb3e,25%,6,2,8,0,0,6,2
0x9e0590,89.6552%,6,52,58,52,6,0,0
0x5eef87,66.6667%,6,12,18,0,0,6,12
0x495064,60%,6,9,15,7,6,0,2
0x9e8578,97.9021%,6,280,286,280,6,0,0
0x9f5ac0,92.5%,6,74,80,0,0,6,74
0x60e520,92.5926%,6,75,81,0,0,6,75
0x8dec0a,0%,6,0,6,0,6,0,0
0x83904b,62.5%,6,10,16,10,6,0,0
0x811f3b,98.8909%,6,535,541,0,0,6,535
0x489d35,99.8473%,6,3922,3928,3922,6,0,0
0x50af25,0%,6,0,6,0,6,0,0
0x670a6a,68.4211%,6,13,19,11,6,0,2
0xa550eb,25%,6,2,8,2,6,0,0
0xa9b8da,64.7059%,6,11,17,10,1,5,1
0x5e4657,99.6024%,6,1503,1509,0,0,6,1503
0x81fa39,70%,6,14,20,6,2,4,8
0x48bf96,40%,6,4,10,2,3,3,2
0xa9d314,0%,6,0,6,0,6,0,0
0xaa25c2,72.7273%,6,16,22,0,0,6,16
0x8058b7,97.3214%,6,218,224,218,6,0,0
0x9735e5,33.3333%,6,3,9,3,6,0,0
0x8f4961,99.5662%,6,1377,1383,1363,4,2,14
0x9eb6cd,91.6667%,6,66,72,0,0,6,66
0x49df0a,57.1429%,6,8,14,8,6,0,0
0x608d44,96.2963%,6,156,162,156,6,0,0
0xa9d222,75%,6,18,24,17,3,3,1
0x50ada6,94.5946%,6,105,111,2,0,6,103
0xa06ea6,84.2105%,6,32,38,12,1,5,20
0xa07551,0%,6,0,6,0,1,5,0
0xa0280e,77.7778%,6,21,27,21,6,0,0
0xa55437,96.1538%,6,150,156,0,2,4,150
0x943794,85%,6,34,40,0,0,6,34
0x814ab0,89.8305%,6,53,59,0,4,2,53
0x7c7551,0%,6,0,6,0,6,0,0
0x8f6c78,60%,6,9,15,9,6,0,0
0x8bc85d,81.25%,6,26,32,26,6,0,0
0x8deb39,50%,6,6,12,0,6,0,6
0x48d215,0%,6,0,6,0,6,0,0
0xa282ff,40%,6,4,10,4,6,0,0
0x8436f7,50%,6,6,12,3,1,5,3
0x50296b,93.8144%,6,91,97,91,6,0,0
0x5f84d5,96%,6,144,150,0,4,2,144
0x5ff58e,25%,6,2,8,0,6,0,2
0x8d22bb,97.5904%,6,243,249,0,0,6,243
0x8c8325,80%,6,24,30,15,4,2,9
0x5f8437,98.9726%,6,578,584,0,0,6,578
0x5f82a6,99.0521%,6,627,633,0,0,6,627
0xa3940c,78.5714%,6,22,28,0,0,6,22
0x80bd73,14.2857%,6,1,7,1,1,5,0
0x5f0580,77.7778%,6,21,27,20,1,5,1
0x98b267,97.2727%,6,214,220,214,6,0,0
0x9ed754,83.3333%,6,30,36,25,6,0,5
0xa4e7ed,96.2963%,6,156,162,0,0,6,156
0x9c4cfa,0%,6,0,6,0,6,0,0
0x4aaf9b,45.4545%,6,5,11,5,1,5,0
0x9ed28a,89.4737%,6,51,57,0,0,6,51
0x9a8b8e,90.3226%,6,56,62,0,0,6,56
0x819ccd,81.8182%,6,27,33,0,1,5,27
0x49a322,57.1429%,6,8,14,4,5,1,4
0xa41138,77.7778%,6,21,27,2,0,6,19
0x9fca4c,76%,6,19,25,0,0,6,19
0x8fd844,0%,6,0,6,0,3,3,0
0x804267,85.7143%,6,36,42,36,1,5,0
0x7826c1,0%,6,0,6,0,0,6,0
0x9e8aca,95.8621%,6,139,145,0,0,6,139
0x5dd931,95.4887%,6,127,133,0,0,6,127
0x8d402a,53.8462%,6,7,13,0,0,6,7
0x8a8f49,94.6429%,6,106,112,106,6,0,0
0x8ff2b6,91.4286%,6,64,70,2,4,2,62
0x50433c,90.3226%,6,56,62,0,0,6,56
0xa9b9ce,70%,6,14,20,14,6,0,0
0xa39bcf,92.7711%,6,77,83,77,6,0,0
0x8d24d8,92.6829%,6,76,82,76,6,0,0
0x4b5e32,88%,6,44,50,44,6,0,0
0x4c39c9,14.2857%,6,1,7,1,6,0,0
0x511a51,57.1429%,6,8,14,0,0,6,8
0x9f05a7,98.9437%,6,562,568,562,6,0,0
0x4416ee,45.4545%,6,5,11,0,0,6,5
0x81bc5b,89.8305%,6,53,59,0,4,2,53
0x8ff08a,93.1818%,6,82,88,0,0,6,82
0x9e2c78,73.913%,6,17,23,0,0,6,17
0xa17fa3,98.4%,6,369,375,0,0,6,369
0x66fcd0,68.4211%,6,13,19,0,0,6,13
0xb323ed,99.3808%,6,963,969,0,0,6,963
0x4bc5c8,68.4211%,6,13,19,1,6,0,12
0x94b3c1,98.9362%,6,558,564,0,2,4,558
0x8ff2f9,90%,6,54,60,54,6,0,0
0x977b72,57.1429%,6,8,14,0,0,6,8
0xa17fda,99%,6,594,600,0,0,6,594
0x5fefd6,85%,6,34,40,33,3,3,1
0x482c16,68.4211%,6,13,19,13,6,0,0
0x9ebff3,70%,6,14,20,5,5,1,9
0x4aaec9,45.4545%,6,5,11,0,0,6,5
0x90ba62,98.9529%,6,567,573,0,0,6,567
0x8ec9f6,99.7186%,6,2126,2132,0,0,6,2126
0x8df2c5,75%,6,18,24,10,6,0,8
0xab3234,96.875%,6,186,192,186,6,0,0
0xa3fd48,75%,6,18,24,18,0,6,0
0x9f4043,81.8182%,6,27,33,0,0,6,27
0x8d420e,98.3827%,6,365,371,0,2,4,365
0x9edcbf,90.625%,6,58,64,0,0,6,58
0x8b9f49,99.8853%,6,5227,5233,0,0,6,5227
0x5de389,99.5165%,6,1235,1241,0,0,6,1235
0x88a152,72.7273%,6,16,22,16,6,0,0
0x4913bd,96.2733%,6,155,161,0,0,6,155
0x402e36,96.5116%,6,166,172,0,0,6,166
0x496257,0%,6,0,6,0,0,6,0
0x905279,95.6204%,6,131,137,131,6,0,0
0x8338ae,92%,6,69,75,69,4,2,0
0x9746b6,91.1765%,6,62,68,0,0,6,62
0x8efe83,76.9231%,6,20,26,0,0,6,20
0x5afec6,71.4286%,6,15,21,0,0,6,15
0x5cb075,99.3228%,6,880,886,0,0,6,880
0x66f62a,89.8305%,6,53,59,0,0,6,53
0x4b6d6c,80.6452%,6,25,31,1,2,4,24
0x9f6afc,83.3333%,6,30,36,30,6,0,0
0xa43e1e,87.7551%,6,43,49,43,6,0,0
0x9e5d5c,92.5926%,6,75,81,74,6,0,1
0x6708a7,0%,6,0,6,0,6,0,0
0x9a979d,80%,6,24,30,0,0,6,24
0x8f6bf9,60%,6,9,15,9,6,0,0
0x40e32d,97.561%,6,240,246,240,6,0,0
0x67092e,70%,6,14,20,0,0,6,14
0x90195a,98.3193%,6,351,357,0,0,6,351
0x9e89ba,95.8621%,6,139,145,139,6,0,0
0x550e76,82.3529%,6,28,34,28,6,0,0
0x4b5eb5,40%,6,4,10,1,5,1,3
0x4c52d1,75%,6,18,24,0,6,0,18
0xa4b682,70%,6,14,20,0,0,6,14
0xa4ba76,96.9072%,6,188,194,0,0,6,188
0x40f81c,97.1698%,6,206,212,206,6,0,0
0xa970fd,83.7838%,6,31,37,0,0,6,31
0x7ad43c,68.4211%,6,13,19,0,0,6,13
0x49a3a4,40%,6,4,10,0,4,2,4
0xa51a34,57.1429%,6,8,14,5,2,4,3
0xa5d221,90.1639%,6,55,61,55,6,0,0
0x4b50ca,95%,6,114,120,0,0,6,114
0x9714f2,14.2857%,6,1,7,0,0,6,1
0xa560bc,92.5%,6,74,80,0,0,6,74
0x65bf7c,50%,6,6,12,0,0,6,6
0x780884,66.6667%,6,12,18,12,6,0,0
0x547af9,99.3927%,6,982,988,982,6,0,0
0x4b4c5a,91.5493%,6,65,71,64,5,1,1
0x7f3e84,60%,6,9,15,0,0,6,9
0x4c27f4,0%,6,0,6,0,5,1,0
0x4b5034,95.7143%,6,134,140,3,6,0,131
0x5f1f96,83.3333%,6,30,36,30,6,0,0
0x4bb2ef,64.7059%,6,11,17,2,0,6,9
0xa54bbc,25%,6,2,8,0,2,4,2
0x9ab848,95.8333%,6,138,144,0,0,6,138
0x48d67f,91.3043%,6,63,69,0,0,6,63
0x8deaeb,97%,6,194,200,0,0,6,194
0x9bb46f,66.6667%,6,12,18,12,6,0,0
0x483178,79.3103%,6,23,29,0,0,6,23
0xa96bf0,85.7143%,6,36,42,36,1,5,0
0x4ac741,70%,6,14,20,0,0,6,14
0x81e234,99.9473%,6,11389,11395,11388,6,0,1
0x63b4ba,99.2593%,6,804,810,804,6,0,0
0x4810e3,68.4211%,6,13,19,0,0,6,13
0x40b143,96.8912%,6,187,193,0,2,4,187
0x9ed91e,90.625%,6,58,64,0,0,6,58
0x8def4f,84.2105%,6,32,38,18,4,2,14
0xa505cc,84.2105%,6,32,38,0,0,6,32
0xa51b4a,85%,6,34,40,34,6,0,0
0xa26b70,60%,6,9,15,9,0,6,0
0x4bde28,57.1429%,6,8,14,1,6,0,7
0x837d36,95.2756%,6,121,127,121,6,0,0
0x4b6748,45.4545%,6,5,11,0,0,6,5
0x943d43,95.6835%,6,133,139,124,5,1,9
0x50809a,98.4694%,6,386,392,0,0,6,386
0x5d87e7,80%,6,24,30,24,6,0,0
0xa50930,98.324%,6,352,358,0,0,6,352
0x9d0947,88.2353%,6,45,51,45,6,0,0
0x481592,68.4211%,6,13,19,13,6,0,0
0xa554fd,93.2584%,6,83,89,83,6,0,0
0x8ef50a,33.3333%,6,3,9,0,0,6,3
0xa58b02,93.75%,6,90,96,90,6,0,0
0xa35d90,98.6607%,6,442,448,0,0,6,442
0x48ba90,14.2857%,6,1,7,1,6,0,0
0x8aac26,40%,6,4,10,0,0,6,4
0x5905ca,62.5%,6,10,16,1,2,4,9
0xa439e9,96.7742%,6,180,186,180,6,0,0
0x5925a4,95%,6,114,120,0,0,6,114
0x558a31,97.5806%,6,242,248,242,6,0,0
0x6815c2,0%,6,0,6,0,0,6,0
0x9d1d42,64.7059%,6,11,17,0,5,1,11
0x40aa98,0%,6,0,6,0,6,0,0
0xa512a9,62.5%,6,10,16,0,4,2,10
0x5b35ce,0%,6,0,6,0,6,0,0
0x8f1e60,25%,6,2,8,0,0,6,2
0x8dd983,86.3636%,6,38,44,8,6,0,30
0x59efe7,25%,6,2,8,2,2,4,0
0x482147,68.4211%,6,13,19,1,0,6,12
0x983da0,95.6522%,6,132,138,0,0,6,132
0x9e3f9a,97.6285%,6,247,253,247,6,0,0
0x4bac8e,99.3763%,6,956,962,0,0,6,956
0x78a6bd,40%,6,4,10,4,6,0,0
0x63aeff,99.2692%,6,815,821,0,0,6,815
0xa555eb,98.8785%,6,529,535,529,6,0,0
0x8bb93f,83.7838%,6,31,37,0,0,6,31
0x444967,53.8462%,6,7,13,0,0,6,7
0xa4ff19,83.3333%,6,30,36,0,0,6,30
0x5449f5,90.9091%,6,60,66,56,1,5,4
0x48c332,14.2857%,6,1,7,1,6,0,0
0x54420b,33.3333%,6,3,9,3,6,0,0
0x4b9adb,53.8462%,6,7,13,1,5,1,6
0x9d362a,89.0909%,6,49,55,0,0,6,49
0x82213d,98.0392%,6,300,306,0,0,6,300
0x4c2406,96.4286%,6,162,168,0,0,6,162
0x80644a,62.5%,6,10,16,1,6,0,9
0xa900b7,97.973%,6,290,296,0,0,6,290
0xb32388,99.3808%,6,963,969,0,0,6,963
0x4acb53,50%,6,6,12,5,6,0,1
0x8f2103,64.7059%,6,11,17,0,0,6,11
0x63ce64,97%,6,194,200,194,6,0,0
0xa1bb7c,60%,6,9,15,9,6,0,0
0x503f18,33.3333%,6,3,9,3,5,1,0
0x99f029,93.75%,6,90,96,0,0,6,90
0x972f00,0%,6,0,6,0,0,6,0
0x557205,96.25%,6,154,160,154,6,0,0
0xa0785d,14.2857%,6,1,7,0,6,0,1
0x5358bc,80%,6,24,30,24,5,1,0
0x822534,98.5782%,6,416,422,0,6,0,416
0x9d0e17,72.7273%,6,16,22,16,6,0,0
0x9fccc9,14.2857%,6,1,7,0,0,6,1
0x9e125a,77.7778%,6,21,27,0,0,6,21
0x9aa105,88.8889%,6,48,54,16,5,1,32
0x80dd8a,94.7368%,6,108,114,108,6,0,0
0x8ff6b3,91.5493%,6,65,71,65,6,0,0
0x9a1046,60%,6,9,15,9,6,0,0
0xa9069d,96.3415%,6,158,164,147,6,0,11
0x8ee441,85.7143%,6,36,42,36,6,0,0
0x5ffc37,86.9565%,6,40,46,40,6,0,0
0x9fa1cb,0%,6,0,6,0,0,6,0
0x835c7a,40%,6,4,10,4,6,0,0
0x4b9f22,97.4576%,6,230,236,0,4,2,230
0x789cdf,0%,6,0,6,0,0,6,0
0x481e40,68.4211%,6,13,19,0,0,6,13
0x9a621f,79.3103%,6,23,29,22,2,4,1
0x8f287a,86.3636%,6,38,44,0,0,6,38
0x5a9646,25%,6,2,8,2,3,3,0
0x9fd24f,14.2857%,6,1,7,1,6,0,0
0x606e27,25%,6,2,8,2,6,0,0
0x5d8a2c,97.619%,6,246,252,246,0,6,0
0x58e8b2,14.2857%,6,1,7,0,6,0,1
0x983b71,91.8919%,6,68,74,62,4,2,6
0x5c46a0,68.4211%,6,13,19,0,0,6,13
0x48f782,0%,6,0,6,0,0,6,0
0x9fe8f9,83.7838%,6,31,37,0,0,6,31
0x482f92,68.4211%,6,13,19,13,6,0,0
0x8e5371,62.5%,6,10,16,10,6,0,0
0x51153a,99.8688%,6,4567,4573,4567,6,0,0
0x490c06,0%,6,0,6,0,0,6,0
0x80dc5d,94.7368%,6,108,114,0,0,6,108
0x551176,75%,6,18,24,0,0,6,18
0x9fb213,83.7838%,6,31,37,0,0,6,31
0x7c75cc,50%,6,6,12,2,6,0,4
0x787d7f,0%,6,0,6,0,6,0,0
0x558d4c,70%,6,14,20,0,0,6,14
0x8340bd,0%,6,0,6,0,0,6,0
0x8a7388,99.3562%,6,926,932,0,0,6,926
0x81b482,0%,6,0,6,0,6,0,0
0x64ad07,99.9721%,6,21471,21477,0,0,6,21471
0x8bcac7,33.3333%,6,3,9,0,0,6,3
0x8dba20,98.0952%,6,309,315,72,3,3,237
0x48f70d,90.7692%,6,59,65,0,0,6,59
0x4a75c6,96.1538%,6,150,156,0,2,4,150
0xa50bf2,95.9459%,6,142,148,0,0,6,142
0x8d97ac,25%,6,2,8,2,6,0,0
0x5aeb77,76%,6,19,25,15,6,0,4
0x9f9562,80%,5,20,25,17,0,5,3
0x4aca51,16.6667%,5,1,6,1,5,0,0
0x41069b,97.1751%,5,172,177,0,0,5,172
0x9714e8,28.5714%,5,2,7,2,0,5,0
0x945c5b,92.3077%,5,60,65,0,0,5,60
0x833a95,95.614%,5,109,114,0,4,1,109
0x40e859,0%,5,0,5,0,5,0,0
0x533bd9,44.4444%,5,4,9,4,5,0,0
0x9e1af6,95.7627%,5,113,118,0,0,5,113
0x9ab606,97.5%,5,195,200,0,0,5,195
0x944f9d,97.2527%,5,177,182,0,0,5,177
0xa5bdfa,84.375%,5,27,32,27,5,0,0
0x7810cd,90.1961%,5,46,51,0,0,5,46
0x539420,99.0099%,5,500,505,0,0,5,500
0x7ac776,58.3333%,5,7,12,0,0,5,7
0x5eaebd,37.5%,5,3,8,1,3,2,2
0x5415ef,0%,5,0,5,0,0,5,0
0xa994b5,54.5455%,5,6,11,0,0,5,6
0x8e03e6,99.4152%,5,850,855,850,5,0,0
0x558106,98.6188%,5,357,362,357,5,0,0
0x404b2c,95.8333%,5,115,120,0,0,5,115
0x90a61e,88.6364%,5,39,44,39,5,0,0
0xa9a142,66.6667%,5,10,15,0,0,5,10
0x58c657,58.3333%,5,7,12,7,5,0,0
0x409d7d,28.5714%,5,2,7,2,0,5,0
0x7effff,73.6842%,5,14,19,14,5,0,0
0x590c07,54.5455%,5,6,11,1,4,1,5
0x97518d,0%,5,0,5,0,0,5,0
0xa32e73,28.5714%,5,2,7,2,5,0,0
0x9fd1e1,28.5714%,5,2,7,0,0,5,2
0x7d2fb4,92.5373%,5,62,67,0,2,3,62
0xa5c3b1,96.6443%,5,144,149,0,0,5,144
0x48a7ab,99.5667%,5,1149,1154,1149,5,0,0
0x8b9ac0,99.7897%,5,2373,2378,7,5,0,2366
0x555a6d,90.9091%,5,50,55,0,0,5,50
0x5f18ae,0%,5,0,5,0,5,0,0
0x48fd60,50%,5,5,10,5,5,0,0
0x94962b,99.1135%,5,559,564,0,0,5,559
0x81fc8b,94.898%,5,93,98,0,0,5,93
0x5af7a4,90.566%,5,48,53,0,0,5,48
0xa3bc07,72.2222%,5,13,18,0,0,5,13
0x8fdd21,89.5833%,5,43,48,0,0,5,43
0xa2de5e,85.7143%,5,30,35,0,0,5,30
0x506229,54.5455%,5,6,11,3,1,4,3
0xa18b38,88.3721%,5,38,43,19,4,1,19
0x97826a,73.6842%,5,14,19,0,0,5,14
0x54393f,61.5385%,5,8,13,0,0,5,8
0x9199bc,99.4797%,5,956,961,956,5,0,0
0x8e799a,97.9167%,5,235,240,0,0,5,235
0x7bc18c,37.5%,5,3,8,3,5,0,0
0x8ff6c8,92.9577%,5,66,71,66,5,0,0
0x4a8031,78.2609%,5,18,23,18,5,0,0
0x8edddf,98.8914%,5,446,451,0,0,5,446
0x9f9c4b,80%,5,20,25,0,0,5,20
0x90bed3,99.4797%,5,956,961,119,0,5,837
0x4be9de,85.7143%,5,30,35,30,5,0,0
0x402549,99.0272%,5,509,514,0,0,5,509
0x49ec74,98.4472%,5,317,322,317,5,0,0
0x9a3a35,61.5385%,5,8,13,0,0,5,8
0x680591,73.6842%,5,14,19,0,0,5,14
0x8e5fe0,98.1413%,5,264,269,264,5,0,0
0x8aacdd,77.2727%,5,17,22,0,0,5,17
0xa258ea,0%,5,0,5,0,5,0,0
0x98d0c3,28.5714%,5,2,7,0,0,5,2
0x48a0c4,99.8727%,5,3923,3928,3923,5,0,0
0x94e7ea,91.6667%,5,55,60,55,5,0,0
0x9f2a8a,0%,5,0,5,0,5,0,0
0xa96aa4,54.5455%,5,6,11,1,1,4,5
0x5f759a,96.124%,5,124,129,124,5,0,0
0x803e3b,72.2222%,5,13,18,1,0,5,12
0x80c2ad,85.7143%,5,30,35,0,0,5,30
0x839015,68.75%,5,11,16,0,0,5,11
0x678e36,78.2609%,5,18,23,18,5,0,0
0x806769,50%,5,5,10,5,0,5,0
0x8436ee,58.3333%,5,7,12,0,0,5,7
0x980bb3,84.375%,5,27,32,0,0,5,27
0x590c35,75%,5,15,20,15,5,0,0
0x8a9f64,81.4815%,5,22,27,0,4,1,22
0x63a987,97.5%,5,195,200,195,5,0,0
0x8daa0d,97.5%,5,195,200,195,5,0,0
0x9a6659,97.1591%,5,171,176,171,5,0,0
0x543b95,97.3262%,5,182,187,0,0,5,182
0x5336cb,44.4444%,5,4,9,0,0,5,4
0x9ecaa6,0%,5,0,5,0,5,0,0
0x49ec6c,96.8944%,5,156,161,0,0,5,156
0x53903e,96.2121%,5,127,132,0,0,5,127
0x4b831b,54.5455%,5,6,11,3,0,5,3
0x8dba3a,97.9167%,5,235,240,219,5,0,16
0x8f5044,58.3333%,5,7,12,0,0,5,7
0x8ea4e5,68.75%,5,11,16,8,4,1,3
0x9e7424,98.8814%,5,442,447,0,0,5,442
0x8a54e1,96.124%,5,124,129,0,3,2,124
0xa90c24,96.3504%,5,132,137,0,0,5,132
0x9ef0c6,99.4965%,5,988,993,0,0,5,988
0xa543db,73.6842%,5,14,19,0,0,5,14
0x53ec9e,96.7532%,5,149,154,0,0,5,149
0xaab7f4,94.9495%,5,94,99,0,0,5,94
0x4c70f6,72.2222%,5,13,18,0,0,5,13
0x48f620,91.5254%,5,54,59,10,5,0,44
0x590dae,97.0414%,5,164,169,0,0,5,164
0x4995fa,96.063%,5,122,127,0,0,5,122
0x490257,16.6667%,5,1,6,0,0,5,1
0x9e39bc,37.5%,5,3,8,0,0,5,3
0xa94a82,93.4211%,5,71,76,0,0,5,71
0x7d3474,58.3333%,5,7,12,7,5,0,0
0x8f3a8c,97.1264%,5,169,174,169,5,0,0
0x7af535,84.375%,5,27,32,27,5,0,0
0xb0a149,98.5507%,5,340,345,0,0,5,340
0x8ecc01,90.3846%,5,47,52,0,0,5,47
0x80f81c,99.5777%,5,1179,1184,0,0,5,1179
0x60c610,28.5714%,5,2,7,1,3,2,1
0x9fd1eb,28.5714%,5,2,7,0,0,5,2
0x9edda6,96.3768%,5,133,138,0,0,5,133
0xa466a2,94.7917%,5,91,96,1,4,1,90
0x9a653a,97.1591%,5,171,176,0,0,5,171
0x9fc6e9,50%,5,5,10,0,0,5,5
0x7c6608,79.1667%,5,19,24,19,5,0,0
0x4c454a,70.5882%,5,12,17,0,0,5,12
0x678df7,78.2609%,5,18,23,0,0,5,18
0x8a5f3d,94.186%,5,81,86,4,5,0,77
0x51b69e,37.5%,5,3,8,1,0,5,2
0x509883,99.8658%,5,3720,3725,0,0,5,3720
0x7d340d,58.3333%,5,7,12,2,2,3,5
0x8dffd0,16.6667%,5,1,6,0,0,5,1
0x48e90a,82.1429%,5,23,28,18,4,1,5
0x981516,82.7586%,5,24,29,0,0,5,24
0x8be89f,78.2609%,5,18,23,1,4,1,17
0x9fb884,98.366%,5,301,306,0,0,5,301
0xa37f16,0%,5,0,5,0,0,5,0
0x8f1307,87.5%,5,35,40,0,0,5,35
0x59352b,96.6443%,5,144,149,144,3,2,0
0xa508a9,99.0119%,5,501,506,501,5,0,0
0x4bcce7,88.0952%,5,37,42,2,1,4,35
0x62284a,50%,5,5,10,0,0,5,5
0x8f40c2,98.4615%,5,320,325,320,5,0,0
0x7f0d28,90%,5,45,50,44,4,1,1
0x5faa77,92.0635%,5,58,63,0,0,5,58
0xa4886b,97.191%,5,173,178,0,0,5,173
0x58e5c9,16.6667%,5,1,6,0,0,5,1
0xa8e763,94.1176%,5,80,85,0,2,3,80
0x4bb870,97.549%,5,199,204,199,5,0,0
0x48eed9,37.5%,5,3,8,3,5,0,0
0xa37231,37.5%,5,3,8,2,2,3,1
0x404b95,28.5714%,5,2,7,2,5,0,0
0xa447c5,90.3846%,5,47,52,47,5,0,0
0x9e00e4,99.5345%,5,1069,1074,0,0,5,1069
0x4bcc37,97.2222%,5,175,180,0,0,5,175
0x8f3f9b,98.7047%,5,381,386,143,3,2,238
0x64adb1,99.812%,5,2654,2659,0,0,5,2654
0x8e1cbb,50%,5,5,10,4,2,3,1
0xa48541,91.0714%,5,51,56,0,0,5,51
0xa189e0,88.8889%,5,40,45,2,0,5,38
0x444958,61.5385%,5,8,13,8,5,0,0
0xa9496a,79.1667%,5,19,24,19,5,0,0
0x90024a,99.187%,5,610,615,0,5,0,610
0xa5ce56,96.9697%,5,160,165,160,5,0,0
0x677c09,83.3333%,5,25,30,25,5,0,0
0x4b793f,82.1429%,5,23,28,0,1,4,23
0x675014,84.375%,5,27,32,6,1,4,21
0x9d1d6a,58.3333%,5,7,12,7,5,0,0
0x8aad92,0%,5,0,5,0,0,5,0
0xa1af10,88.6364%,5,39,44,0,0,5,39
0xa2f9a9,93.9759%,5,78,83,0,5,0,78
0x8387c3,0%,5,0,5,0,5,0,0
0x5f890d,37.5%,5,3,8,0,0,5,3
0x4b5174,28.5714%,5,2,7,0,0,5,2
0x48d9ac,98.9451%,5,469,474,0,0,5,469
0xa9366a,97.0414%,5,164,169,0,0,5,164
0x509048,16.6667%,5,1,6,1,0,5,0
0x5d2919,96.5517%,5,140,145,140,5,0,0
0x5073c5,54.5455%,5,6,11,6,5,0,0
0x5f135c,87.5%,5,35,40,0,3,2,35
0x4ab130,54.5455%,5,6,11,0,5,0,6
0x5052be,75%,5,15,20,15,5,0,0
0x5eb8c9,99.4145%,5,849,854,0,0,5,849
0x8bd8ab,75%,5,15,20,2,0,5,13
0x8a8971,28.5714%,5,2,7,2,5,0,0
0x5f4b78,64.2857%,5,9,14,3,4,1,6
0x5fea81,79.1667%,5,19,24,15,0,5,4
0x404954,70.5882%,5,12,17,3,5,0,9
0x610ca2,83.3333%,5,25,30,25,5,0,0
0x48ddc6,97.4747%,5,193,198,0,0,5,193
0x67ac40,16.6667%,5,1,6,0,0,5,1
0x48e8b3,28.5714%,5,2,7,1,5,0,1
0x8e16bf,84.375%,5,27,32,27,5,0,0
0x53eea0,0%,5,0,5,0,0,5,0
0x610cfd,97.9508%,5,239,244,0,0,5,239
0x815eba,44.4444%,5,4,9,4,5,0,0
0x9844a6,92.4242%,5,61,66,0,0,5,61
0x44659d,99.1468%,5,581,586,0,0,5,581
0x8bdb63,0%,5,0,5,0,5,0,0
0x7f0042,73.6842%,5,14,19,14,5,0,0
0x8aac1d,50%,5,5,10,0,0,5,5
0x9d1bf7,70.5882%,5,12,17,0,0,5,12
0x7c753a,37.5%,5,3,8,0,0,5,3
0xa5c6f4,16.6667%,5,1,6,0,0,5,1
0xa327b6,90.9091%,5,50,55,0,5,0,50
0x502c09,61.5385%,5,8,13,0,0,5,8
0x4a5e27,92.3077%,5,60,65,60,5,0,0
0x590c9d,77.2727%,5,17,22,0,2,3,17
0x51b64b,50%,5,5,10,0,5,0,5
0x5f8af7,37.5%,5,3,8,3,5,0,0
0x677b3c,98.8506%,5,430,435,430,5,0,0
0x5f6188,58.3333%,5,7,12,6,4,1,1
0xa54225,95.5357%,5,107,112,4,4,1,103
0x814aa2,92.0635%,5,58,63,0,4,1,58
0x8f5634,97.3822%,5,186,191,0,0,5,186
0x9d2939,0%,5,0,5,0,5,0,0
0x9c555c,37.5%,5,3,8,2,2,3,1
0x975241,79.1667%,5,19,24,17,2,3,2
0xa9182f,70.5882%,5,12,17,0,3,2,12
0xa1b009,54.5455%,5,6,11,0,0,5,6
0xa85431,0%,5,0,5,0,0,5,0
0x9a623b,82.7586%,5,24,29,24,5,0,0
0x8bcc01,92.8571%,5,65,70,40,4,1,25
0x97328f,87.5%,5,35,40,35,5,0,0
0xa9838e,90.3846%,5,47,52,46,3,2,1
0x480e14,44.4444%,5,4,9,0,0,5,4
0x5f9dc0,81.4815%,5,22,27,0,4,1,22
0x814f80,72.2222%,5,13,18,13,5,0,0
0x8b997a,99.9815%,5,27036,27041,0,0,5,27036
0x9d3319,90.9091%,5,50,55,0,0,5,50
0x7e2092,61.5385%,5,8,13,0,0,5,8
0x4a7b4a,98.4894%,5,326,331,326,5,0,0
0x94da1f,93.6709%,5,74,79,47,0,5,27
0x49ded9,82.1429%,5,23,28,0,0,5,23
0xa3d06d,37.5%,5,3,8,3,5,0,0
0x5b8db3,37.5%,5,3,8,3,5,0,0
0x979996,88.6364%,5,39,44,39,5,0,0
0x556fe5,94.1176%,5,80,85,0,0,5,80
0x5bba6c,99.6434%,5,1397,1402,0,0,5,1397
0x4a7acf,99.0291%,5,510,515,0,0,5,510
0x8eec9a,99.2343%,5,648,653,0,4,1,648
0x47c6d1,64.2857%,5,9,14,7,5,0,2
0x8ee15a,37.5%,5,3,8,2,5,0,1
0x8bdc79,66.6667%,5,10,15,3,5,0,7
0x8ee10f,37.5%,5,3,8,3,5,0,0
0x544d98,96.2121%,5,127,132,127,5,0,0
0x9fc91b,28.5714%,5,2,7,0,0,5,2
0xa9b644,16.6667%,5,1,6,0,0,5,1
0x80be82,54.5455%,5,6,11,6,0,5,0
0x5bd8a0,97.0588%,5,165,170,165,5,0,0
0x558e27,94.3182%,5,83,88,0,0,5,83
0x8f6a17,99.3188%,5,729,734,0,0,5,729
0xa468eb,68.75%,5,11,16,11,5,0,0
0x49bcdc,85.7143%,5,30,35,0,0,5,30
0x9e0281,72.2222%,5,13,18,13,5,0,0
0x550243,87.1795%,5,34,39,34,5,0,0
0xa2feff,96.875%,5,155,160,155,5,0,0
0x8e0e73,98.7893%,5,408,413,408,5,0,0
0xa9b65c,16.6667%,5,1,6,1,5,0,0
0x4059e3,85.2941%,5,29,34,29,5,0,0
0xa09773,16.6667%,5,1,6,0,3,2,1
0x511079,99.8675%,5,3769,3774,3769,5,0,0
0x59eb93,37.5%,5,3,8,3,5,0,0
0x96c1c1,96.5517%,5,140,145,0,0,5,140
0xa555b0,97.2376%,5,176,181,176,5,0,0
0xa907cf,97.807%,5,223,228,223,5,0,0
0x5ff81f,89.1304%,5,41,46,0,0,5,41
0x64c02f,97.076%,5,166,171,166,5,0,0
0x9d0057,0%,5,0,5,0,5,0,0
0x542bd0,98.6264%,5,359,364,0,0,5,359
0xa54c19,75%,5,15,20,12,2,3,3
0x5556ae,90.9091%,5,50,55,50,5,0,0
0x8aae19,0%,5,0,5,0,0,5,0
0xa8a6ce,93.9759%,5,78,83,0,0,5,78
0x8e4da6,99.0177%,5,504,509,504,5,0,0
0x9d1057,37.5%,5,3,8,0,0,5,3
0xaa294b,96.3768%,5,133,138,0,0,5,133
0x81bbd4,98.4227%,5,312,317,0,0,5,312
0x557dc5,58.3333%,5,7,12,3,1,4,4
0x9e01ca,82.1429%,5,23,28,23,5,0,0
0x8dee12,99.7555%,5,2040,2045,0,0,5,2040
0x67e33f,93.75%,5,75,80,0,0,5,75
0x8ba025,95.098%,5,97,102,0,0,5,97
0xa529bc,97.3404%,5,183,188,0,0,5,183
0x8f0d97,87.5%,5,35,40,35,5,0,0
0x507036,98.3444%,5,297,302,0,0,5,297
0x63ae5e,97.9253%,5,236,241,236,5,0,0
0x8434e4,16.6667%,5,1,6,1,4,1,0
0x49c82b,72.2222%,5,13,18,13,4,1,0
0x66f72f,73.6842%,5,14,19,14,5,0,0
0x4898dc,98.6911%,5,377,382,0,0,5,377
0x990ab1,95.098%,5,97,102,0,0,5,97
0x8ff2d5,91.6667%,5,55,60,18,0,5,37
0xa46d73,94.7917%,5,91,96,91,5,0,0
0x8e216c,99.5864%,5,1204,1209,0,4,1,1204
0x679798,16.6667%,5,1,6,1,5,0,0
0x8ae957,96.5753%,5,141,146,136,5,0,5
0x590e7d,78.2609%,5,18,23,0,0,5,18
0x5ff562,37.5%,5,3,8,2,0,5,1
0xa28216,97.6077%,5,204,209,204,2,3,0
0x90ab2e,81.4815%,5,22,27,0,0,5,22
0x9fb17b,95.9677%,5,119,124,21,4,1,98
0xa92a3a,16.6667%,5,1,6,1,5,0,0
0x94d7b4,99.1135%,5,559,564,0,0,5,559
0x48c7c3,94.186%,5,81,86,0,2,3,81
0x80e6de,93.9759%,5,78,83,0,0,5,78
0xb31c55,99.9769%,5,21610,21615,0,0,5,21610
0x8f6469,98.6523%,5,366,371,0,0,5,366
0xa3d81e,37.5%,5,3,8,0,0,5,3
0x686dc8,93.9759%,5,78,83,0,0,5,78
0x9eca92,0%,5,0,5,0,0,5,0
0x5ece06,37.5%,5,3,8,0,0,5,3
0x9f2183,50%,5,5,10,5,5,0,0
0x97524a,0%,5,0,5,0,5,0,0
0x838b23,16.6667%,5,1,6,1,2,3,0
0xa550e3,37.5%,5,3,8,0,0,5,3
0x5fa657,16.6667%,5,1,6,1,5,0,0
0xa06357,16.6667%,5,1,6,1,0,5,0
0x54089f,58.3333%,5,7,12,1,5,0,6
0x545d15,99.7701%,5,2170,2175,0,0,5,2170
0xa541da,99.2754%,5,685,690,0,0,5,685
0xa4836f,97.9339%,5,237,242,237,5,0,0
0x8dba0f,98.4127%,5,310,315,0,0,5,310
0x9be6b5,89.5833%,5,43,48,23,1,4,20
0x8df35b,37.5%,5,3,8,0,0,5,3
0x8e1ea9,77.2727%,5,17,22,0,0,5,17
0x489b7d,16.6667%,5,1,6,1,5,0,0
0x673d99,28.5714%,5,2,7,2,0,5,0
0x80f0a8,99.3655%,5,783,788,0,0,5,783
0x55589f,90.9091%,5,50,55,0,0,5,50
0x5faf0b,79.1667%,5,19,24,8,4,1,11
0x80775b,98.2517%,5,281,286,164,5,0,117
0x5eef8b,72.2222%,5,13,18,0,5,0,13
0x9a97ce,75%,5,15,20,0,0,5,15
0x944a5c,92.8571%,5,65,70,65,5,0,0
0x4a7aee,96.9325%,5,158,163,158,5,0,0
0x788055,90%,5,45,50,45,5,0,0
0x9ff6b3,0%,5,0,5,0,0,5,0
0x54ff5c,98.8987%,5,449,454,0,0,5,449
0x8c73fb,98.7893%,5,408,413,408,2,3,0
0x814acf,91.5254%,5,54,59,0,2,3,54
0x64b49a,98.3498%,5,298,303,0,0,5,298
0x81b8cc,82.7586%,5,24,29,24,5,0,0
0x8efea0,54.5455%,5,6,11,1,1,4,5
0x5ff26e,97.8632%,5,229,234,0,0,5,229
0x4bbac1,97.561%,5,200,205,0,1,4,200
0x808091,0%,5,0,5,0,5,0,0
0x5fadbd,84.8485%,5,28,33,28,5,0,0
0x810b69,75%,5,15,20,0,4,1,15
0x8e4bed,99.8572%,5,3496,3501,8,4,1,3488
0x441c5c,54.5455%,5,6,11,6,5,0,0
0x94c8d2,92.1875%,5,59,64,19,5,0,40
0x9a0ad5,82.1429%,5,23,28,0,0,5,23
0x8217e3,99.1438%,5,579,584,0,0,5,579
0x9fe382,96.2687%,5,129,134,0,0,5,129
0x70c1e0,16.6667%,5,1,6,1,5,0,0
0x973d72,94.7917%,5,91,96,0,0,5,91
0xa6cb84,68.75%,5,11,16,11,5,0,0
0xa4cfa9,37.5%,5,3,8,0,0,5,3
0xaa81fa,0%,5,0,5,0,5,0,0
0xb30541,0%,5,0,5,0,5,0,0
0x9485ce,99.6533%,5,1437,1442,0,0,5,1437
0x61f3f5,75%,5,15,20,15,5,0,0
0x8ed3b7,99.8715%,5,3885,3890,3885,5,0,0
0x4be5c1,54.5455%,5,6,11,6,5,0,0
0x619abc,0%,5,0,5,0,0,5,0
0x911960,99.7293%,5,1842,1847,1842,5,0,0
0x5d801b,99.5971%,5,1236,1241,1236,5,0,0
0x6a3b66,80.7692%,5,21,26,21,5,0,0
0x5f1fce,84.8485%,5,28,33,28,5,0,0
0x9c4feb,37.5%,5,3,8,0,4,1,3
0x90bb59,77.2727%,5,17,22,0,0,5,17
0x9f15e9,54.5455%,5,6,11,6,5,0,0
0xaa81e5,0%,5,0,5,0,0,5,0
0x8139ae,83.871%,5,26,31,26,5,0,0
0xa1ab15,54.5455%,5,6,11,0,2,3,6
0xa9daf0,95.2381%,5,100,105,0,0,5,100
0x5fa838,92.7536%,5,64,69,0,0,5,64
0x67f70a,95.283%,5,101,106,101,5,0,0
0x8e451c,84.375%,5,27,32,0,0,5,27
0x9d1063,37.5%,5,3,8,3,5,0,0
0x8e3c3c,37.5%,5,3,8,3,5,0,0
0x502f13,89.3617%,5,42,47,42,5,0,0
0x810949,79.1667%,5,19,24,6,2,3,13
0xa35530,58.3333%,5,7,12,0,0,5,7
0x58c5ec,58.3333%,5,7,12,6,5,0,1
0x5ea9b1,81.4815%,5,22,27,18,1,4,4
0x499977,68.75%,5,11,16,11,5,0,0
0x4a7baa,91.2281%,5,52,57,6,0,5,46
0x90a405,88.6364%,5,39,44,0,0,5,39
0x81094e,68.75%,5,11,16,4,0,5,7
0x4a9da8,68.75%,5,11,16,11,5,0,0
0xaa822e,0%,5,0,5,0,5,0,0
0x81205d,50%,5,5,10,0,0,5,5
0xa34871,99.0512%,5,522,527,0,0,5,522
0x600275,78.2609%,5,18,23,0,0,5,18
0x90c889,93.5897%,5,73,78,0,0,5,73
0x7844ad,82.7586%,5,24,29,24,5,0,0
0x441477,99.1409%,5,577,582,0,0,5,577
0x8ec57c,95.283%,5,101,106,101,5,0,0
0x4aaed3,54.5455%,5,6,11,6,5,0,0
0xa4cfbb,37.5%,5,3,8,3,5,0,0
0x53fef7,98.8263%,5,421,426,0,0,5,421
0xa91c47,95.0495%,5,96,101,0,0,5,96
0x4bae07,98.3553%,5,299,304,0,0,5,299
0xa2f0f9,86.8421%,5,33,38,21,4,1,12
0xa46cd0,94.7917%,5,91,96,0,0,5,91
0xa3e2c8,68.75%,5,11,16,11,5,0,0
0x49ca40,70.5882%,5,12,17,12,5,0,0
0x5ff573,37.5%,5,3,8,0,0,5,3
0xa97ac9,0%,5,0,5,0,0,5,0
0x9fccb0,28.5714%,5,2,7,0,0,5,2
0x441b96,54.5455%,5,6,11,6,5,0,0
0x8aaac2,73.6842%,5,14,19,0,0,5,14
0x9fb6c0,97.9675%,5,241,246,241,5,0,0
0x4a8782,90.566%,5,48,53,0,0,5,48
0xab32db,75%,5,15,20,0,0,5,15
0xa22d67,92.3077%,5,60,65,0,0,5,60
0x8f1da6,89.5833%,5,43,48,39,1,4,4
0x80a5d1,0%,5,0,5,0,5,0,0
0x9ff6cd,79.1667%,5,19,24,0,2,3,19
0xa45e33,95.9016%,5,117,122,0,4,1,117
0x8f1aaf,96.5278%,5,139,144,0,0,5,139
0xa074e8,54.5455%,5,6,11,0,5,0,6
0x5f1c9e,28.5714%,5,2,7,2,5,0,0
0xaa813f,0%,5,0,5,0,5,0,0
0x5b0e94,90.9091%,5,50,55,0,0,5,50
0x983dc3,68.75%,5,11,16,11,5,0,0
0x5bcd2a,99.4813%,5,959,964,959,5,0,0
0x97115b,50%,5,5,10,0,0,5,5
0x5ffdca,89.1304%,5,41,46,0,0,5,41
0x8efc25,0%,5,0,5,0,5,0,0
0x60c583,50%,5,5,10,0,5,0,5
0x4c0368,90.1961%,5,46,51,46,5,0,0
0x540f3a,37.5%,5,3,8,0,0,5,3
0x4bb5e1,90.3846%,5,47,52,47,5,0,0
0xa6cb39,81.4815%,5,22,27,18,5,0,4
0x7c6704,37.5%,5,3,8,0,0,5,3
0x6e4454,68.75%,5,11,16,0,0,5,11
0x99e92e,90.9091%,5,50,55,0,0,5,50
0x8bcb21,94.5055%,5,86,91,0,0,5,86
0xa9b8ce,75%,5,15,20,3,0,5,12
0x8f1f92,95.5752%,5,108,113,0,0,5,108
0x8aa014,90.3846%,5,47,52,47,5,0,0
0x7cf542,37.5%,5,3,8,3,5,0,0
0x8aed26,96.5753%,5,141,146,136,5,0,5
0x9ebf46,91.8033%,5,56,61,56,5,0,0
0x61cd83,66.6667%,5,10,15,6,4,1,4
0x9f3cc6,50%,5,5,10,0,0,5,5
0x5c4d5e,90.9091%,5,50,55,6,4,1,44
0x5f0dc8,0%,5,0,5,0,0,5,0
0xa8f963,94.1176%,5,80,85,80,5,0,0
0x40a651,80.7692%,5,21,26,0,0,5,21
0x4b67c7,96.5278%,5,139,144,0,0,5,139
0x9ec08a,50%,5,5,10,0,5,0,5
0x40ab78,16.6667%,5,1,6,1,4,1,0
0x64abe4,37.5%,5,3,8,2,4,1,1
0x541cfe,99.5641%,5,1142,1147,0,1,4,1142
0xa34821,99.6148%,5,1293,1298,0,0,5,1293
0x7c218d,96.9325%,5,158,163,22,2,3,136
0x789167,50%,5,5,10,0,0,5,5
0xa4e96f,96.3768%,5,133,138,0,0,5,133
0x815d1f,87.8049%,5,36,41,36,5,0,0
0x8eb016,87.8049%,5,36,41,33,2,3,3
0x63bb19,99.6172%,5,1301,1306,1301,5,0,0
0x9fc541,64.2857%,5,9,14,9,5,0,0
0x973de2,83.3333%,5,25,30,25,5,0,0
0xa4d4bc,92.5373%,5,62,67,62,5,0,0
0x48fb58,92.1875%,5,59,64,56,4,1,3
0x5f55dc,37.5%,5,3,8,0,4,1,3
0x533bcb,54.5455%,5,6,11,2,0,5,4
0x6a3a96,80.7692%,5,21,26,0,0,5,21
0x8f432b,99.6556%,5,1447,1452,1447,5,0,0
0x64b50e,99.7872%,5,2345,2350,0,0,5,2345
0x80beb7,28.5714%,5,2,7,0,2,3,2
0x7b30a2,86.1111%,5,31,36,0,0,5,31
0x9c538a,68.75%,5,11,16,4,4,1,7
0x53df00,98.7715%,5,402,407,402,5,0,0
0x7b301c,77.2727%,5,17,22,17,5,0,0
0x80472c,95.6897%,5,111,116,6,3,2,105
0x550fce,28.5714%,5,2,7,1,4,1,1
0x49ebfd,98.9648%,5,478,483,0,0,5,478
0x48a04b,99.9508%,5,10163,10168,0,0,5,10163
0x821288,54.5455%,5,6,11,4,5,0,2
0x90c8a0,93.5897%,5,73,78,73,5,0,0
0x8376a3,0%,5,0,5,0,0,5,0
0x7b29a1,90.566%,5,48,53,48,5,0,0
0x60df0c,99.2743%,5,684,689,684,5,0,0
0x6d04e3,90%,5,45,50,0,0,5,45
0x6f44fb,82.1429%,5,23,28,0,0,5,23
0x9e53b8,83.3333%,5,25,30,0,0,5,25
0x94b859,99.1135%,5,559,564,0,4,1,559
0x4bb44c,89.7959%,5,44,49,43,0,5,1
0x83765b,90.566%,5,48,53,48,5,0,0
0x60c510,50%,5,5,10,5,5,0,0
0x5f8ee2,97.2067%,5,174,179,0,0,5,174
0x837777,0%,5,0,5,0,0,5,0
0x6a3aa7,80.7692%,5,21,26,21,5,0,0
0x8f1315,87.5%,5,35,40,28,4,1,7
0xaa8061,99.0548%,5,524,529,524,5,0,0
0xa9a387,0%,5,0,5,0,5,0,0
0x973bfc,50%,5,5,10,0,0,5,5
0xa51ed4,91.3793%,5,53,58,53,5,0,0
0x504bce,86.8421%,5,33,38,33,5,0,0
0x803fd1,85.2941%,5,29,34,13,4,1,16
0xa1d48d,44.4444%,5,4,9,0,4,1,4
0xa4a176,89.1304%,5,41,46,2,2,3,39
0x80400e,98.0237%,5,248,253,246,4,1,2
0xa96a6a,76.1905%,5,16,21,0,0,5,16
0x917759,97.3404%,5,183,188,0,0,5,183
0x980fe3,93.2432%,5,69,74,61,5,0,8
0x5fa31d,99.3719%,5,791,796,0,0,5,791
0x94b72c,93.6709%,5,74,79,74,5,0,0
0x80da46,95.283%,5,101,106,101,5,0,0
0xa1b17b,0%,5,0,5,0,5,0,0
0x5c5727,78.2609%,5,18,23,14,1,4,4
0x9e7223,84.8485%,5,28,33,0,0,5,28
0xad8021,99.9174%,5,6051,6056,0,0,5,6051
0x6d4b85,68.75%,5,11,16,0,0,5,11
0xa1d4f4,0%,5,0,5,0,5,0,0
0x4c6d4c,94.5055%,5,86,91,11,4,1,75
0x53f2c1,98.8345%,5,424,429,0,0,5,424
0x79218f,16.6667%,5,1,6,1,5,0,0
0x5cb91e,80.7692%,5,21,26,0,0,5,21
0x9f7de8,0%,5,0,5,0,5,0,0
0x94b5c0,93.6709%,5,74,79,74,5,0,0
0x5fa36f,16.6667%,5,1,6,1,5,0,0
0xa4e6a1,85.2941%,5,29,34,29,5,0,0
0x7f376d,66.6667%,5,10,15,0,0,5,10
0x405cac,94.5652%,5,87,92,0,0,5,87
0xa3ffb8,79.1667%,5,19,24,19,5,0,0
0x6f09d1,68.75%,5,11,16,0,0,5,11
0xa5f8f3,37.5%,5,3,8,0,0,5,3
0x9fe350,96.2687%,5,129,134,129,5,0,0
0x8a990b,99.6599%,5,1465,1470,1465,1,4,0
0xb3136d,99.484%,5,964,969,0,0,5,964
0xa3fe06,82.1429%,5,23,28,23,5,0,0
0x9f4190,84.8485%,5,28,33,28,5,0,0
0xa66139,95.5752%,5,108,113,0,0,5,108
0x5d8a3d,16.6667%,5,1,6,1,5,0,0
0x60c439,0%,5,0,5,0,5,0,0
0x8e1639,84.375%,5,27,32,0,0,5,27
0x8d285a,70.5882%,5,12,17,0,0,5,12
0x5b3038,50%,5,5,10,2,4,1,3
0x8f4e01,58.3333%,5,7,12,1,5,0,6
0x5fb744,90.9091%,5,50,55,0,0,5,50
0xa8a873,93.9759%,5,78,83,0,0,5,78
0x53c530,98.7245%,5,387,392,0,0,5,387
0x81f839,89.3617%,5,42,47,0,0,5,42
0x50f26f,50%,5,5,10,0,4,1,5
0x4bd732,16.6667%,5,1,6,0,0,5,1
0xa4729c,97.006%,5,162,167,162,5,0,0
0x99a075,0%,5,0,5,0,5,0,0
0x59609a,73.6842%,5,14,19,0,0,5,14
0x978549,98.9107%,5,454,459,0,0,5,454
0x5e01ae,96.5517%,5,140,145,140,5,0,0
0x4a136d,95.7627%,5,113,118,0,1,4,113
0x97462b,95.283%,5,101,106,0,0,5,101
0x7c73d4,68.75%,5,11,16,0,0,5,11
0x8f5720,99.3481%,5,762,767,762,5,0,0
0x5cd6d6,0%,5,0,5,0,0,5,0
0x40abdb,0%,5,0,5,0,5,0,0
0x5b2b3a,88.8889%,5,40,45,0,0,5,40
0xa36be3,50%,5,5,10,3,0,5,2
0xa0f3d2,16.6667%,5,1,6,1,5,0,0
0xa4155f,37.5%,5,3,8,0,0,5,3
0x81e5a4,58.3333%,5,7,12,0,0,5,7
0xa15ca6,64.2857%,5,9,14,2,5,0,7
0x8ae867,90.566%,5,48,53,48,0,5,0
0x648594,91.0714%,5,51,56,51,5,0,0
0x66693f,99.1438%,5,579,584,579,5,0,0
0x40ab45,16.6667%,5,1,6,0,0,5,1
0x980bda,79.1667%,5,19,24,19,5,0,0
0x64a88a,84.375%,5,27,32,27,5,0,0
0xa1ab2f,44.4444%,5,4,9,4,5,0,0
0x4c985d,50%,5,5,10,5,5,0,0
0x546764,50%,5,5,10,0,0,5,5
0x609537,98.5836%,5,348,353,348,5,0,0
0xa04c87,86.8421%,5,33,38,0,0,5,33
0x5b265c,88.8889%,5,40,45,39,5,0,1
0x5d8705,83.3333%,5,25,30,0,0,5,25
0x5b272f,89.3617%,5,42,47,1,0,5,41
0x90685e,93.6709%,5,74,79,0,0,5,74
0x8aaab9,73.6842%,5,14,19,0,0,5,14
0x6476d3,88.8889%,5,40,45,0,0,5,40
0x608d34,96.9136%,5,157,162,0,0,5,157
0x50fb17,50%,5,5,10,0,0,5,5
0x9713e4,64.2857%,5,9,14,3,4,1,6
0x490be9,66.6667%,5,10,15,8,1,4,2
0x4b4994,96.3768%,5,133,138,0,0,5,133
0xa15af8,16.6667%,5,1,6,0,0,5,1
0x7cf357,99.1935%,5,615,620,0,0,5,615
0x8bcc73,66.6667%,5,10,15,10,5,0,0
0x5afd23,80%,5,20,25,20,5,0,0
0x808b81,0%,5,0,5,0,5,0,0
0x8a9716,94.5652%,5,87,92,0,0,5,87
0x5b349f,88.8889%,5,40,45,40,5,0,0
0x58d9f0,92.8571%,5,65,70,0,0,5,65
0x4c185e,75%,5,15,20,0,4,1,15
0x8ea453,68.75%,5,11,16,0,0,5,11
0x543ecb,97.3262%,5,182,187,0,0,5,182
0x5ae602,80%,5,20,25,16,5,0,4
0x8f55b0,99.7064%,5,1698,1703,1698,5,0,0
0xae7041,92.8571%,5,65,70,65,5,0,0
0x8dfff1,58.3333%,5,7,12,0,0,5,7
0x9a106f,66.6667%,5,10,15,10,5,0,0
0x4ad914,76.1905%,5,16,21,15,4,1,1
0x991345,94.5055%,5,86,91,0,0,5,86
0x666463,99.0458%,5,519,524,0,2,3,519
0x8d30ce,97.9757%,5,242,247,7,4,1,235
0x9a69f2,93.4211%,5,71,76,70,1,4,1
0x481488,73.6842%,5,14,19,2,0,5,12
0x58cd42,96.9697%,5,160,165,0,0,5,160
0x9023cf,77.2727%,5,17,22,0,0,5,17
0x490ded,16.6667%,5,1,6,0,0,5,1
0x4992ac,70.5882%,5,12,17,0,0,5,12
0xb18186,99.5025%,5,1000,1005,1000,5,0,0
0x64006b,99.2308%,5,645,650,0,0,5,645
0xa92d9c,94.3182%,5,83,88,83,5,0,0
0x499fff,68.75%,5,11,16,11,5,0,0
0x9f2b37,0%,5,0,5,0,0,5,0
0x8ae848,0%,5,0,5,0,0,5,0
0x54daf0,87.1795%,5,34,39,0,0,5,34
0x499ddf,89.5833%,5,43,48,0,0,5,43
0x8efca8,95.5752%,5,108,113,108,5,0,0
0x5b262e,89.3617%,5,42,47,0,2,3,42
0x8b9ad1,99.7887%,5,2361,2366,2361,5,0,0
0x4c4cc7,82.1429%,5,23,28,23,5,0,0
0x5ff687,95.0495%,5,96,101,96,5,0,0
0x5b0190,76.1905%,5,16,21,0,0,5,16
0x619ddd,0%,5,0,5,0,0,5,0
0x54d82c,68.75%,5,11,16,0,0,5,11
0x8ad6e8,94.382%,5,84,89,84,3,2,0
0x813f33,99.2754%,5,685,690,685,5,0,0
0x5a01bd,0%,5,0,5,0,5,0,0
0x496354,85.2941%,5,29,34,0,0,5,29
0x670856,16.6667%,5,1,6,1,5,0,0
0x9aa0b0,82.1429%,5,23,28,23,5,0,0
0xa2dc1a,97.4227%,5,189,194,0,0,5,189
0xa58c1d,82.7586%,5,24,29,24,5,0,0
0x67de7d,86.8421%,5,33,38,33,5,0,0
0x9bc833,97.093%,5,167,172,0,0,5,167
0x5bacf1,96.124%,5,124,129,124,5,0,0
0x5ebb80,99.4145%,5,849,854,0,0,5,849
0x88a190,77.2727%,5,17,22,16,0,5,1
0xa06faa,44.4444%,5,4,9,0,0,5,4
0x8f3217,94.0476%,5,79,84,70,2,3,9
0x534841,92.4242%,5,61,66,0,0,5,61
0x542c99,99.5968%,5,1235,1240,0,0,5,1235
0x4bc7ef,96.063%,5,122,127,122,5,0,0
0xb0d355,94.1176%,5,80,85,80,5,0,0
0x65a123,99.6582%,5,1458,1463,0,0,5,1458
0x4c70c5,72.2222%,5,13,18,0,0,5,13
0x64f1f7,77.2727%,5,17,22,0,5,0,17
0x4b9109,44.4444%,5,4,9,4,5,0,0
0x48e8db,61.5385%,5,8,13,8,3,2,0
0xa28730,76.1905%,5,16,21,0,5,0,16
0x638e21,99.0859%,5,542,547,542,5,0,0
0xa46c68,94.7917%,5,91,96,91,5,0,0
0xae709d,92.7536%,5,64,69,0,0,5,64
0x7a1148,16.6667%,5,1,6,1,5,0,0
0x9e8a02,96.5517%,5,140,145,140,5,0,0
0x9a11b3,93.8272%,5,76,81,0,0,5,76
0x973875,87.5%,5,35,40,0,4,1,35
0xa9ceff,73.6842%,5,14,19,0,0,5,14
0xa8fb28,97.0588%,5,165,170,0,0,5,165
0x60a850,98.9879%,5,489,494,0,0,5,489
0x8d4308,58.3333%,5,7,12,0,5,0,7
0x4a9beb,50%,5,5,10,3,5,0,2
0x8116b0,99.1071%,5,555,560,555,5,0,0
0x9e4f1d,75%,5,15,20,0,0,5,15
0xa550bc,58.3333%,5,7,12,0,4,1,7
0x807f07,96.1832%,5,126,131,0,0,5,126
0x83783f,0%,5,0,5,0,5,0,0
0x53c337,77.2727%,5,17,22,9,2,3,8
0x5ff3f1,58.3333%,5,7,12,4,3,2,3
0x60be0c,50%,5,5,10,0,0,5,5
0x5efc4c,92.8571%,5,65,70,64,3,2,1
0x54d441,28.5714%,5,2,7,2,5,0,0
0xa9c95d,88.6364%,5,39,44,0,0,5,39
0x83896e,0%,5,0,5,0,0,5,0
0x9c3eca,94.186%,5,81,86,0,0,5,81
0x9d0500,98.3221%,5,293,298,293,1,4,0
0x8f1434,98.8914%,5,446,451,0,0,5,446
0x481e6b,44.4444%,5,4,9,4,5,0,0
0xa06176,76.1905%,5,16,21,0,0,5,16
0xa5a170,50%,5,5,10,5,5,0,0
0x482091,54.5455%,5,6,11,5,2,3,1
0xa31230,94.1176%,5,80,85,0,0,5,80
0x53ec13,37.5%,5,3,8,0,4,1,3
0xa7bebd,0%,5,0,5,0,5,0,0
0x48de9d,95.2381%,5,100,105,0,0,5,100
0x806365,16.6667%,5,1,6,0,0,5,1
0x40a12f,61.5385%,5,8,13,0,0,5,8
0x9e110f,82.7586%,5,24,29,24,3,2,0
0x5a94d7,0%,5,0,5,0,5,0,0
0x8ebe31,72.2222%,5,13,18,0,0,5,13
0xa058cb,0%,5,0,5,0,0,5,0
0x4c92d9,68.75%,5,11,16,0,0,5,11
0x9fca56,80%,5,20,25,20,5,0,0
0x5f8d35,76.1905%,5,16,21,15,1,4,1
0x5f8a91,37.5%,5,3,8,0,0,5,3
0x8a885f,58.3333%,5,7,12,6,1,4,1
0x6487b7,91.0714%,5,51,56,51,5,0,0
0x7e207f,61.5385%,5,8,13,0,0,5,8
0x792205,76.1905%,5,16,21,0,0,5,16
0xa31266,94.1176%,5,80,85,28,5,0,52
0x9731e0,88.0952%,5,37,42,0,0,5,37
0x5efb62,61.5385%,5,8,13,7,5,0,1
0x51b321,73.6842%,5,14,19,0,0,5,14
0x978564,98.2578%,5,282,287,0,0,5,282
0x9fe3fa,96.1832%,5,126,131,0,0,5,126
0x977dab,96.1832%,5,126,131,120,1,4,6
0xa45a78,94.186%,5,81,86,81,5,0,0
0x49ced0,61.5385%,5,8,13,5,3,2,3
0x9bd6c2,58.3333%,5,7,12,0,0,5,7
0x977d11,96.6443%,5,144,149,0,0,5,144
0x9777cf,91.2281%,5,52,57,52,5,0,0
0x54f13c,88.3721%,5,38,43,0,0,5,38
0x9ecedb,88.3721%,5,38,43,0,0,5,38
0x67064d,75%,5,15,20,0,0,5,15
0x99a8b4,95.098%,5,97,102,0,0,5,97
0x50a767,90.1961%,5,46,51,0,0,5,46
0x9fe963,86.4865%,5,32,37,32,5,0,0
0x405053,76.1905%,5,16,21,0,0,5,16
0x99a9da,95.098%,5,97,102,97,5,0,0
0x4a868d,0%,5,0,5,0,5,0,0
0xa466ee,68.75%,5,11,16,11,5,0,0
0x837a7d,68.75%,5,11,16,11,5,0,0
0x973a30,87.5%,5,35,40,0,0,5,35
0x8164b5,90.7407%,5,49,54,47,5,0,2
0x8fe4b9,70.5882%,5,12,17,12,5,0,0
0x482d44,70.5882%,5,12,17,12,5,0,0
0x9739ef,87.5%,5,35,40,0,0,5,35
0x48f8ec,68.75%,5,11,16,4,2,3,7
0x4bbac9,97.549%,5,199,204,0,0,5,199
0x404f12,58.3333%,5,7,12,0,0,5,7
0xa98830,66.6667%,5,10,15,0,0,5,10
0x8eb11b,16.6667%,5,1,6,1,5,0,0
0x58bddf,96.6443%,5,144,149,0,0,5,144
0x970fc4,58.3333%,5,7,12,2,3,2,5
0xa33a34,90.566%,5,48,53,39,0,5,9
0xa7b3dd,0%,5,0,5,0,5,0,0
0x48010b,73.6842%,5,14,19,0,0,5,14
0x9d1bd4,70.5882%,5,12,17,0,0,5,12
0xa508c4,99.0119%,5,501,506,501,1,4,0
0xa29495,68.75%,5,11,16,11,5,0,0
0xb22b4d,99.7323%,5,1863,1868,1863,5,0,0
0xa04ba4,88.0952%,5,37,42,0,4,1,37
0x49a2a0,95.6897%,5,111,116,0,0,5,111
0xaa5db6,97.5728%,5,201,206,0,0,5,201
0x5488fb,37.5%,5,3,8,3,5,0,0
0x495fbe,90.9091%,5,50,55,0,5,0,50
0x5af543,91.9355%,5,57,62,0,0,5,57
0x541a1e,99.5192%,5,1035,1040,1035,5,0,0
0x61172e,99.5981%,5,1239,1244,0,0,5,1239
0x5b1c66,89.3617%,5,42,47,42,5,0,0
0x9711d6,0%,5,0,5,0,0,5,0
0x4a035c,82.1429%,5,23,28,0,0,5,23
0x970f31,99.813%,5,2669,2674,0,0,5,2669
0xaaaea1,96.3768%,5,133,138,4,4,1,129
0x99ce5b,44.4444%,5,4,9,0,0,5,4
0xa97efb,64.2857%,5,9,14,0,0,5,9
0xa06033,0%,5,0,5,0,5,0,0
0x598eb5,0%,5,0,5,0,5,0,0
0x8f0dcb,87.5%,5,35,40,27,5,0,8
0x610292,86.8421%,5,33,38,0,5,0,33
0xa9a0ad,0%,5,0,5,0,0,5,0
0x4c4dbf,54.5455%,5,6,11,6,5,0,0
0xa01c50,28.5714%,5,2,7,0,4,1,2
0x50c10c,75%,5,15,20,0,0,5,15
0x58d40f,94.5652%,5,87,92,0,0,5,87
0xa4a353,75%,5,15,20,15,5,0,0
0xa1a1df,54.5455%,5,6,11,1,5,0,5
0x4a6fc5,95.8678%,5,116,121,0,0,5,116
0x67af65,99.8186%,5,2752,2757,0,0,5,2752
0x80bda3,66.6667%,5,10,15,0,5,0,10
0x8f3516,58.3333%,5,7,12,7,5,0,0
0xa286dc,76.1905%,5,16,21,16,5,0,0
0x51c1ef,70.5882%,5,12,17,0,0,5,12
0x4c4d87,54.5455%,5,6,11,0,0,5,6
0x88dff6,16.6667%,5,1,6,1,1,4,0
0x88dfda,58.3333%,5,7,12,3,3,2,4
0x81c7f2,97.1751%,5,172,177,0,0,5,172
0x977dd3,95.8678%,5,116,121,116,5,0,0
0xb2df09,99.8161%,5,2714,2719,0,0,5,2714
0x5f2625,76.1905%,5,16,21,12,3,2,4
0x88df84,16.6667%,5,1,6,1,5,0,0
0x8ff8ab,95.6522%,5,110,115,110,5,0,0
0x90298b,89.5833%,5,43,48,43,5,0,0
0x99e21e,66.6667%,5,10,15,0,0,5,10
0xa8f9ef,94.1176%,5,80,85,80,5,0,0
0x4415ee,54.5455%,5,6,11,0,0,5,6
0x4b9e67,97.7169%,5,214,219,214,5,0,0
0xa45f4b,96.6443%,5,144,149,0,0,5,144
0x94989e,93.6709%,5,74,79,0,0,5,74
0xa35d80,98.8839%,5,443,448,0,0,5,443
0x4b5ea5,54.5455%,5,6,11,1,0,5,5
0x9e0130,99.5345%,5,1069,1074,0,0,5,1069
0x483285,82.7586%,5,24,29,24,5,0,0
0x5e36ff,50%,5,5,10,0,0,5,5
0x8bb21a,93.5897%,5,73,78,73,5,0,0
0x908980,99.4797%,5,956,961,956,5,0,0
0x4aca6d,66.6667%,5,10,15,10,5,0,0
0x9fcf44,72.2222%,5,13,18,0,0,5,13
0x483577,81.4815%,5,22,27,22,5,0,0
0x511dcf,98.6979%,5,379,384,0,0,5,379
0x554c84,92.1875%,5,59,64,0,0,5,59
0x94d13c,89.3617%,5,42,47,0,0,5,42
0xaa1148,86.1111%,5,31,36,0,0,5,31
0x58db5b,28.5714%,5,2,7,0,4,1,2
0xa088fb,0%,5,0,5,0,0,5,0
0x8092c1,85.7143%,5,30,35,30,4,1,0
0x9a249f,87.5%,5,35,40,0,0,5,35
0x606d3a,37.5%,5,3,8,0,0,5,3
0x9f44c0,96.8553%,5,154,159,3,1,4,151
0x814e95,77.2727%,5,17,22,0,0,5,17
0xa960b3,80.7692%,5,21,26,0,0,5,21
0xa02a90,58.3333%,5,7,12,0,0,5,7
0x68053c,73.6842%,5,14,19,0,0,5,14
0x48d729,76.1905%,5,16,21,0,1,4,16
0x499314,88.0952%,5,37,42,0,0,5,37
0x4c34a0,78.2609%,5,18,23,4,0,5,14
0x4c4bcc,95.1456%,5,98,103,36,4,1,62
0xa17ede,99.4571%,5,916,921,0,0,5,916
0x81cd6d,97.2527%,5,177,182,0,5,0,177
0xa32eaf,99.2459%,5,658,663,0,0,5,658
0xa52602,95.0495%,5,96,101,96,5,0,0
0xa55c49,93.9759%,5,78,83,0,0,5,78
0x40441b,99.6494%,5,1421,1426,0,2,3,1421
0x5b3020,50%,5,5,10,4,4,1,1
0x4a04b2,68.75%,5,11,16,11,5,0,0
0x48d83d,99.7313%,5,1856,1861,0,0,5,1856
0x48ec79,66.6667%,5,10,15,0,0,5,10
0x508df9,44.4444%,5,4,9,0,0,5,4
0xa9a0c7,0%,5,0,5,0,5,0,0
0xa28817,68.75%,5,11,16,0,0,5,11
0x4999b2,96.063%,5,122,127,53,0,5,69
0x50ce84,83.871%,5,26,31,0,0,5,26
0x811c86,90.9091%,5,50,55,50,5,0,0
0x9799bb,86.1111%,5,31,36,0,0,5,31
0x6097dc,95.0495%,5,96,101,0,0,5,96
0x8098b6,54.5455%,5,6,11,6,0,5,0
0xa5ac77,66.6667%,5,10,15,0,0,5,10
0xa08c5e,75%,5,15,20,11,5,0,4
0x409acd,96.732%,5,148,153,0,2,3,148
0x99eb73,61.5385%,5,8,13,8,5,0,0
0x8089fa,44.4444%,5,4,9,0,0,5,4
0x8b9bec,99.7887%,5,2361,2366,30,5,0,2331
0x6cdcd8,16.6667%,5,1,6,0,0,5,1
0x9a6a9a,64.2857%,5,9,14,0,1,4,9
0x4802c9,86.8421%,5,33,38,33,5,0,0
0x5f14df,86.8421%,5,33,38,0,0,5,33
0x8c8bca,92.5373%,5,62,67,62,5,0,0
0xa46507,98.9754%,5,483,488,483,5,0,0
0xa27a78,50%,5,5,10,0,4,1,5
0x9f171e,94.7368%,5,90,95,0,5,0,90
0x405b8c,98.829%,5,422,427,0,0,5,422
0x4805e4,86.8421%,5,33,38,24,5,0,9
0x809767,50%,5,5,10,3,2,3,2
0x9c3ea2,90.7407%,5,49,54,0,0,5,49
0x53ff13,98.8263%,5,421,426,0,0,5,421
0x5fb223,95.6522%,5,110,115,38,4,1,72
0x4813bd,73.6842%,5,14,19,12,4,1,2
0xa26b55,80.7692%,5,21,26,0,0,5,21
0xb22ff3,96.7532%,5,149,154,0,0,5,149
0x78b6b6,58.3333%,5,7,12,0,0,5,7
0x9f2afa,0%,5,0,5,0,0,5,0
0xa42a21,99.8268%,5,2882,2887,2854,5,0,28
0x782674,97.9167%,5,235,240,0,0,5,235
0x97b84c,44.4444%,5,4,9,4,5,0,0
0x44190e,54.5455%,5,6,11,0,0,5,6
0x4c13e5,79.1667%,5,19,24,19,5,0,0
0x54eddc,88.3721%,5,38,43,0,0,5,38
0x8bc951,90.3846%,5,47,52,0,0,5,47
0x481e65,86.8421%,5,33,38,28,1,4,5
0x44182e,54.5455%,5,6,11,0,0,5,6
0x8e2b0e,99.7667%,5,2138,2143,0,0,5,2138
0xa2f92f,93.9759%,5,78,83,0,0,5,78
0x7c1635,97.4619%,5,192,197,0,0,5,192
0x5e37c1,99.232%,5,646,651,0,0,5,646
0x49ce67,0%,5,0,5,0,5,0,0
0x809162,99.0253%,5,508,513,508,5,0,0
0xa08b67,0%,5,0,5,0,0,5,0
0x5b2133,72.2222%,5,13,18,13,5,0,0
0xa51a5b,28.5714%,5,2,7,2,5,0,0
0x80e000,97.7273%,5,215,220,215,5,0,0
0x58bc99,92.1875%,5,59,64,0,0,5,59
0x8ea94f,99.5918%,5,1220,1225,0,0,5,1220
0x90fbdf,97.5%,5,195,200,195,5,0,0
0xa05b9e,82.7586%,5,24,29,24,0,5,0
0x9c4205,98.494%,5,327,332,327,5,0,0
0x481855,82.7586%,5,24,29,24,5,0,0
0x96a5da,93.0556%,5,67,72,67,3,2,0
0x9e09a1,93.2432%,5,69,74,69,5,0,0
0x4816cb,73.6842%,5,14,19,0,0,5,14
0x9f1d11,98.6945%,5,378,383,0,0,5,378
0x481693,86.8421%,5,33,38,0,0,5,33
0x5ef819,91.6667%,5,55,60,55,5,0,0
0x8fcf4c,97.8261%,5,225,230,0,0,5,225
0x9a31c6,97.6636%,5,209,214,209,5,0,0
0x590cd9,75%,5,15,20,15,5,0,0
0x495f5d,58.3333%,5,7,12,0,0,5,7
0x5d1b25,95.4545%,5,105,110,0,0,5,105
0xa5429a,97.9757%,5,242,247,242,1,4,0
0x8fcf5e,97.8261%,5,225,230,0,0,5,225
0x5436fc,96.3768%,5,133,138,0,3,2,133
0x904214,75%,5,15,20,0,0,5,15
0x4c2f9f,61.5385%,5,8,13,0,0,5,8
0x80d933,95.283%,5,101,106,0,0,5,101
0x5ef876,91.6667%,5,55,60,41,2,3,14
0x4c2fc3,61.5385%,5,8,13,1,5,0,7
0xa41ee4,83.871%,5,26,31,0,0,5,26
0x4c26ad,61.5385%,5,8,13,0,0,5,8
0x9734aa,58.3333%,5,7,12,3,2,3,4
0x555c11,86.8421%,5,33,38,0,0,5,33
0x991353,94.5055%,5,86,91,86,5,0,0
0x5cf487,16.6667%,5,1,6,1,5,0,0
0x4a84aa,94.5652%,5,87,92,87,5,0,0
0x9ff641,61.5385%,5,8,13,8,0,5,0
0x4a8539,37.5%,5,3,8,0,0,5,3
0x5ef805,91.6667%,5,55,60,0,0,5,55
0x4c3833,61.5385%,5,8,13,0,0,5,8
0x83392d,97.7169%,5,214,219,0,0,5,214
0xad7ae0,99.3582%,5,774,779,774,5,0,0
0xa9d298,90%,5,45,50,12,4,1,33
0x7d1f44,90.1961%,5,46,51,46,5,0,0
0x9988d7,16.6667%,5,1,6,0,3,2,1
0xa535b5,37.5%,5,3,8,0,0,5,3
0x696525,99.2413%,5,654,659,654,5,0,0
0x9ff65c,0%,5,0,5,0,0,5,0
0x79482f,16.6667%,5,1,6,1,5,0,0
0x99da6d,86.1111%,5,31,36,0,0,5,31
0x951e33,54.5455%,5,6,11,4,1,4,2
0xa5b053,66.6667%,5,10,15,0,0,5,10
0x8e036a,99.1228%,5,565,570,0,0,5,565
0x60bba5,0%,5,0,5,0,5,0,0
0x5edc4e,99.505%,5,1005,1010,1005,5,0,0
0x9aadd5,93.6709%,5,74,79,0,0,5,74
0x67ad4a,72.2222%,5,13,18,13,5,0,0
0x5b1017,44.4444%,5,4,9,4,5,0,0
0x540dc5,37.5%,5,3,8,3,5,0,0
0x5f14f5,86.8421%,5,33,38,0,0,5,33
0xa06f45,44.4444%,5,4,9,0,0,5,4
0x8e26eb,99.6271%,5,1336,1341,0,0,5,1336
0xa40f9d,99.053%,5,523,528,0,0,5,523
0x49612f,58.3333%,5,7,12,4,5,0,3
0x4bd167,28.5714%,5,2,7,0,0,5,2
0x4a7232,97.7679%,5,219,224,0,1,4,219
0x495f67,58.3333%,5,7,12,0,0,5,7
0xa0799e,28.5714%,5,2,7,2,5,0,0
0x9f414c,84.8485%,5,28,33,28,5,0,0
0x5d0a63,96.2406%,5,128,133,128,5,0,0
0xa2d332,98.731%,5,389,394,0,0,5,389
0xa35c96,99.5885%,5,1210,1215,0,0,5,1210
0x9a6160,82.7586%,5,24,29,1,1,4,23
0x9002ae,50%,5,5,10,0,0,5,5
0x59c9b5,96.9136%,5,157,162,154,4,1,3
0xaa7ddb,89.3617%,5,42,47,0,0,5,42
0x9ff570,92.4242%,5,61,66,0,3,2,61
0x81936d,92.6471%,5,63,68,32,2,3,31
0x50b77a,99.1023%,5,552,557,0,0,5,552
0x9e0c0a,70.5882%,5,12,17,12,1,4,0
0x90969d,99.7307%,5,1852,1857,1852,5,0,0
0x490ce8,44.4444%,5,4,9,0,0,5,4
0x78d870,99.1922%,5,614,619,0,0,5,614
0x4c80c5,70.5882%,5,12,17,12,5,0,0
0x65b0e3,61.5385%,5,8,13,8,5,0,0
0x55b3a3,99.5234%,5,1044,1049,0,0,5,1044
0x99127e,72.2222%,5,13,18,0,5,0,13
0x8f569a,58.3333%,5,7,12,0,0,5,7
0x4bd7c7,28.5714%,5,2,7,2,5,0,0
0x8ec336,99.545%,5,1094,1099,1094,5,0,0
0x67a2e8,78.2609%,5,18,23,18,5,0,0
0x485e4e,93.9024%,5,77,82,77,5,0,0
0x483c58,73.6842%,5,14,19,14,5,0,0
0x9a18ca,76.1905%,5,16,21,0,0,5,16
0x5d0f3c,96.2406%,5,128,133,128,5,0,0
0x5f83ab,81.4815%,5,22,27,4,4,1,18
0x4b63a4,0%,5,0,5,0,5,0,0
0x59c432,78.2609%,5,18,23,0,0,5,18
0x94d732,99.1135%,5,559,564,559,5,0,0
0x5d1d2c,96.5517%,5,140,145,140,5,0,0
0x99af9a,28.5714%,5,2,7,0,0,5,2
0x809722,0%,5,0,5,0,0,5,0
0xaa258e,80.7692%,5,21,26,0,4,1,21
0x8fde60,95.5752%,5,108,113,0,1,4,108
0xa284d2,37.5%,5,3,8,0,0,5,3
0x60a700,99.7088%,5,1712,1717,0,0,5,1712
0x94b5b8,93.6709%,5,74,79,0,0,5,74
0xa02a48,58.3333%,5,7,12,7,5,0,0
0x679667,95.5357%,5,107,112,0,0,5,107
0x80c972,50%,5,5,10,0,0,5,5
0x482e7e,73.6842%,5,14,19,14,5,0,0
0x4a261e,98.4326%,5,314,319,0,0,5,314
0x843728,37.5%,5,3,8,0,0,5,3
0xaa23e0,85.2941%,5,29,34,29,1,4,0
0xaa7db4,28.5714%,5,2,7,0,0,5,2
0x54db26,93.5897%,5,73,78,0,0,5,73
0x5dced7,96.2406%,5,128,133,128,5,0,0
0x4ac84f,66.6667%,5,10,15,0,0,5,10
0xa9c937,89.1304%,5,41,46,0,0,5,41
0xa37ca7,0%,5,0,5,0,0,5,0
0x5d3eae,96.2406%,5,128,133,128,5,0,0
0x8107d1,16.6667%,5,1,6,1,5,0,0
0x639c85,99.1667%,5,595,600,595,5,0,0
0x5bc3ca,78.2609%,5,18,23,0,0,5,18
0xa47f63,58.3333%,5,7,12,7,5,0,0
0x503788,99.183%,5,607,612,0,0,5,607
0x5faf14,58.3333%,5,7,12,6,0,5,1
0xb3243b,99.484%,5,964,969,0,0,5,964
0x606d95,37.5%,5,3,8,0,0,5,3
0x90227b,58.3333%,5,7,12,7,3,2,0
0x50e4ee,16.6667%,5,1,6,0,0,5,1
0x9c37b4,75%,5,15,20,15,5,0,0
0xa479bc,44.4444%,5,4,9,4,5,0,0
0x5096a5,54.5455%,5,6,11,6,5,0,0
0xa30e1d,97.3958%,5,187,192,0,0,5,187
0x55232a,99.7545%,5,2032,2037,2032,5,0,0
0x95b63c,37.5%,5,3,8,0,4,1,3
0x821068,44.4444%,5,4,9,4,5,0,0
0x5b1cf5,89.3617%,5,42,47,42,5,0,0
0x8aa9d9,92.0635%,5,58,63,0,0,5,58
0x50aca3,58.3333%,5,7,12,6,4,1,1
0x808858,98.4709%,5,322,327,0,0,5,322
0x80c046,90.566%,5,48,53,0,0,5,48
0xa482c7,58.3333%,5,7,12,2,2,3,5
0x8c875d,98.9879%,5,489,494,0,0,5,489
0x4b835e,44.4444%,5,4,9,4,5,0,0
0x9726b7,98.0237%,5,248,253,248,5,0,0
0x5afe69,76.1905%,5,16,21,0,0,5,16
0x8aeb4b,28.5714%,5,2,7,0,0,5,2
0xa47ec5,58.3333%,5,7,12,7,5,0,0
0x94d805,99.0637%,5,529,534,0,0,5,529
0x4be887,44.4444%,5,4,9,0,0,5,4
0x918e67,97.5%,5,195,200,195,5,0,0
0x9713b1,64.2857%,5,9,14,6,1,4,3
0x8aea29,97.6959%,5,212,217,0,0,5,212
0x820ba9,54.5455%,5,6,11,6,4,1,0
0x5f7fe6,28.5714%,5,2,7,2,5,0,0
0x590d46,75%,5,15,20,0,0,5,15
0x8ad751,94.6237%,5,88,93,88,3,2,0
0x48a615,88.8889%,5,40,45,0,0,5,40
0xb4998c,37.5%,5,3,8,0,0,5,3
0xacabb9,82.1429%,5,23,28,23,5,0,0
0x8165d7,87.1795%,5,34,39,34,5,0,0
0x504892,96.0317%,5,121,126,0,0,5,121
0x8efad5,98.861%,5,434,439,0,0,5,434
0x9e5216,58.3333%,5,7,12,0,0,5,7
0x50a56e,64.2857%,5,9,14,9,5,0,0
0xa08cf5,75%,5,15,20,12,4,1,3
0x4b833c,44.4444%,5,4,9,0,4,1,4
0x9f3242,96.7742%,5,150,155,0,0,5,150
0xb22bd2,99.7323%,5,1863,1868,1863,5,0,0
0x8deeee,99.4357%,5,881,886,5,3,2,876
0x4c6dff,93.9759%,5,78,83,0,0,5,78
0xa42e8c,91.3793%,5,53,58,49,5,0,4
0x619dc0,0%,5,0,5,0,5,0,0
0x677d64,99.0602%,5,527,532,527,5,0,0
0xa464c2,73.6842%,5,14,19,2,3,2,12
0xa3d931,37.5%,5,3,8,0,0,5,3
0x48701e,96.3768%,5,133,138,0,0,5,133
0x8381bc,0%,5,0,5,0,5,0,0
0x80a434,0%,5,0,5,0,5,0,0
0x812045,58.3333%,5,7,12,0,2,3,7
0x977b77,64.2857%,5,9,14,5,2,3,4
0xb34781,96.2121%,5,127,132,127,5,0,0
0x8a552a,87.5%,5,35,40,0,0,5,35
0x9fcbc7,72.2222%,5,13,18,13,5,0,0
0x50a2ca,96.3235%,5,131,136,0,0,5,131
0x942c50,93.3333%,5,70,75,0,0,5,70
0x494fc4,16.6667%,5,1,6,1,5,0,0
0x49194c,93.2432%,5,69,74,0,2,3,69
0x60a5ba,28.5714%,5,2,7,0,0,5,2
0x5a96bc,0%,5,0,5,0,5,0,0
0x50ace4,96.3235%,5,131,136,24,1,4,107
0x9f6c80,50%,5,5,10,0,0,5,5
0x8a69e1,0%,5,0,5,0,0,5,0
0xa35ddb,83.3333%,5,25,30,15,1,4,10
0x494fb9,16.6667%,5,1,6,0,0,5,1
0x5f27f1,0%,5,0,5,0,0,5,0
0x80b3f1,0%,5,0,5,0,5,0,0
0xa39488,64.2857%,5,9,14,0,0,5,9
0x5c7944,93.75%,5,75,80,0,0,5,75
0xb49c16,0%,5,0,5,0,0,5,0
0xa36b8f,50%,5,5,10,5,5,0,0
0xa37ed4,75%,5,15,20,0,0,5,15
0x977908,86.1111%,5,31,36,31,5,0,0
0xa5836a,37.5%,5,3,8,0,0,5,3
0x971161,50%,5,5,10,3,2,3,2
0x503a7b,91.8033%,5,56,61,56,4,1,0
0xa57bcb,87.1795%,5,34,39,17,3,2,17
0xa59013,88.0952%,5,37,42,2,4,1,35
0x8f48aa,99.6385%,5,1378,1383,1378,5,0,0
0x5058cf,94.898%,5,93,98,4,1,4,89
0xa01c06,92.6471%,5,63,68,63,3,2,0
0xa06489,85.7143%,5,30,35,0,0,5,30
0xa571e8,87.8049%,5,36,41,35,4,1,1
0x9e5ec4,70.5882%,5,12,17,12,5,0,0
0x53aa18,87.8049%,5,36,41,36,3,2,0
0x5ffb34,89.1304%,5,41,46,0,0,5,41
0x5409b1,64.2857%,5,9,14,9,5,0,0
0xa39a63,73.6842%,5,14,19,0,1,4,14
0xa1a163,0%,5,0,5,0,5,0,0
0xa398ac,64.2857%,5,9,14,9,5,0,0
0x546774,50%,5,5,10,5,3,2,0
0x9ea3db,93.0556%,5,67,72,67,5,0,0
0x7d3d77,92.0635%,5,58,63,7,5,0,51
0x7ad44b,73.6842%,5,14,19,14,5,0,0
0xa9d733,75%,5,15,20,15,5,0,0
0x4bcdfc,66.6667%,5,10,15,9,1,4,1
0xa43ab9,96.1832%,5,126,131,0,0,5,126
0x48d226,16.6667%,5,1,6,1,5,0,0
0x77b905,82.1429%,5,23,28,0,0,5,23
0x5bcef6,98.155%,5,266,271,0,0,5,266
0x858e70,37.5%,5,3,8,1,0,5,2
0x9fea86,87.5%,5,35,40,35,5,0,0
0xa923f3,90.7407%,5,49,54,49,5,0,0
0xa92d7b,97.7876%,5,221,226,221,5,0,0
0x7f0ab2,80.7692%,5,21,26,20,5,0,1
0x9ea3bd,93.0556%,5,67,72,0,0,5,67
0x60dfa8,73.6842%,5,14,19,4,5,0,10
0x8ef3e6,89.5833%,5,43,48,43,5,0,0
0x5bd47e,99.3455%,5,759,764,0,0,5,759
0x80c051,90.566%,5,48,53,48,5,0,0
0x9f5b31,58.3333%,5,7,12,0,0,5,7
0xacfc5e,94.1176%,5,80,85,80,5,0,0
0x9ebea4,95.935%,5,118,123,118,5,0,0
0x7dfb1f,93.9759%,5,78,83,0,0,5,78
0xa04100,16.6667%,5,1,6,1,1,4,0
0x9f5065,91.2281%,5,52,57,5,0,5,47
0x50bede,85.7143%,5,30,35,0,0,5,30
0x9772b3,37.5%,5,3,8,2,0,5,1
0x53fd08,98.3607%,5,300,305,0,4,1,300
0xa01a0a,58.3333%,5,7,12,1,3,2,6
0xa4a3ad,50%,5,5,10,5,5,0,0
0x59c61a,44.4444%,5,4,9,3,0,5,1
0xa01c9a,28.5714%,5,2,7,0,4,1,2
0x9d0b4d,90.1961%,5,46,51,0,0,5,46
0x6ceb8e,61.5385%,5,8,13,8,5,0,0
0x5bdf69,99.0329%,5,512,517,0,0,5,512
0xa27371,83.871%,5,26,31,21,0,5,5
0xa64bf8,16.6667%,5,1,6,0,0,5,1
0xa589d8,96.5753%,5,141,146,0,0,5,141
0x6706f4,70.5882%,5,12,17,12,3,2,0
0x9a4860,58.3333%,5,7,12,0,1,4,7
0x949f6a,97.7578%,5,218,223,0,0,5,218
0x5f1c4a,28.5714%,5,2,7,2,5,0,0
0x9f5cfa,28.5714%,5,2,7,1,0,5,1
0x81b1e3,97.5728%,5,201,206,0,2,3,201
0x90ae94,97.8992%,5,233,238,115,4,1,118
0xa9f290,73.6842%,5,14,19,13,3,2,1
0xa92d29,97.7876%,5,221,226,0,0,5,221
0x6472f9,0%,5,0,5,0,5,0,0
0x507db8,86.1111%,5,31,36,31,5,0,0
0x8fe1a7,93.75%,5,75,80,75,5,0,0
0x944952,95.7627%,5,113,118,113,5,0,0
0x501f70,96.1832%,5,126,131,126,5,0,0
0x64cc4d,99.0706%,5,533,538,533,5,0,0
0x488707,99.2571%,5,668,673,668,5,0,0
0x8f45c1,91.2281%,5,52,57,52,5,0,0
0x64b4b9,91.9355%,5,57,62,57,5,0,0
0x8e442a,99.7825%,5,2294,2299,0,0,5,2294
0x8f4576,95%,5,95,100,10,2,3,85
0x7ce926,98.5755%,5,346,351,0,0,5,346
0x95190d,94.5055%,5,86,91,86,5,0,0
0x8edad4,96.0317%,5,121,126,121,5,0,0
0x556f2f,82.1429%,5,23,28,0,0,5,23
0x48391c,82.7586%,5,24,29,24,5,0,0
0x9ec11b,91.0714%,5,51,56,51,5,0,0
0x8dfd16,98.6559%,5,367,372,125,5,0,242
0x4be836,66.6667%,5,10,15,0,0,5,10
0xa90452,95.614%,5,109,114,0,0,5,109
0x9ec2bd,61.5385%,5,8,13,0,3,2,8
0x9519f5,96.3235%,5,131,136,131,5,0,0
0x8c8645,97.4359%,5,190,195,0,0,5,190
0x8131ef,99.7045%,5,1687,1692,0,0,5,1687
0x60835b,94.5055%,5,86,91,86,5,0,0
0xa28602,16.6667%,5,1,6,0,4,1,1
0xb2ad2b,99.5183%,5,1033,1038,0,0,5,1033
0xb1c3d6,98.5549%,5,341,346,264,0,5,77
0x9e5120,72.2222%,5,13,18,13,5,0,0
0x82243c,97.3118%,5,181,186,0,0,5,181
0xaa23c4,85.2941%,5,29,34,27,3,2,2
0x7ce7eb,58.3333%,5,7,12,7,5,0,0
0x5c6cd0,99.1424%,5,578,583,0,0,5,578
0x9782b7,73.6842%,5,14,19,0,0,5,14
0x8d3a33,50%,5,5,10,0,0,5,5
0xa5130d,58.3333%,5,7,12,0,0,5,7
0x8f5385,97.2973%,5,180,185,180,5,0,0
0x5bd152,99.4813%,5,959,964,959,5,0,0
0x9f6a9d,86.1111%,5,31,36,0,0,5,31
0x97a488,64.2857%,5,9,14,9,3,2,0
0xa96abb,54.5455%,5,6,11,2,0,5,4
0x8adc24,94.382%,5,84,89,0,0,5,84
0x508d5d,90.9091%,5,50,55,1,5,0,49
0x5d0fc8,75%,5,15,20,15,5,0,0
0xb372e8,88.3721%,5,38,43,0,0,5,38
0x7cdf21,99.3687%,5,787,792,0,0,5,787
0x4be7f3,81.4815%,5,22,27,0,0,5,22
0xa95e31,58.3333%,5,7,12,0,0,5,7
0x678c8c,99.7213%,5,1789,1794,0,0,5,1789
0xa07ab9,87.5%,5,35,40,0,0,5,35
0xb47654,68.75%,5,11,16,0,0,5,11
0x4a6ce0,94.9495%,5,94,99,94,5,0,0
0x64bfdc,99.0859%,5,542,547,542,5,0,0
0x5046de,72.2222%,5,13,18,13,5,0,0
0x54edea,88.3721%,5,38,43,0,0,5,38
0x81a92a,99.3954%,5,822,827,0,0,5,822
0xa538f1,28.5714%,5,2,7,0,0,5,2
0xa06530,85.7143%,5,30,35,0,4,1,30
0xa32c52,99.4606%,5,922,927,0,0,5,922
0xa64bf0,16.6667%,5,1,6,0,0,5,1
0x97308e,82.1429%,5,23,28,23,5,0,0
0x609db6,97.4227%,5,189,194,0,0,5,189
0xa2e7b4,94.1176%,5,80,85,0,0,5,80
0x4ab1db,0%,5,0,5,0,0,5,0
0x8e57ba,68.75%,5,11,16,11,5,0,0
0x5f11d1,28.5714%,5,2,7,0,5,0,2
0x4c8092,77.2727%,5,17,22,0,0,5,17
0x5f11a7,28.5714%,5,2,7,2,5,0,0
0x81e935,93.4211%,5,71,76,71,5,0,0
0x975061,37.5%,5,3,8,3,0,5,0
0x94d185,89.3617%,5,42,47,42,5,0,0
0x99b09e,87.5%,5,35,40,0,0,5,35
0x8b993a,54.5455%,5,6,11,6,5,0,0
0x5f0591,16.6667%,5,1,6,0,1,4,1
0x492a1e,28.5714%,5,2,7,0,0,5,2
0x65150a,54.5455%,5,6,11,6,5,0,0
0x9191aa,97.5%,5,195,200,195,5,0,0
0x5342eb,95.0495%,5,96,101,0,3,2,96
0x9a7e19,88.3721%,5,38,43,16,2,3,22
0x61095f,61.5385%,5,8,13,0,0,5,8
0x9edc0d,96.0317%,5,121,126,121,5,0,0
0x8377bc,37.5%,5,3,8,0,5,0,3
0xa2e29b,92.1875%,5,59,64,0,0,5,59
0x63b270,99.391%,5,816,821,816,5,0,0
0x4850a3,88.8889%,5,40,45,0,0,5,40
0x8e9949,37.5%,5,3,8,2,0,5,1
0x4850b1,88.8889%,5,40,45,0,0,5,40
0x8d3e9f,66.6667%,5,10,15,0,0,5,10
0xa5768b,64.2857%,5,9,14,0,5,0,9
0xa5d066,97.1098%,5,168,173,168,5,0,0
0x9aaf85,99.0876%,5,543,548,543,5,0,0
0x5f2187,86.1111%,5,31,36,31,5,0,0
0x4c668c,68.75%,5,11,16,8,4,1,3
0xa4202e,98.452%,5,318,323,0,0,5,318
0xa5abdc,66.6667%,5,10,15,10,5,0,0
0xa051db,28.5714%,5,2,7,0,0,5,2
0x5e37b0,99.2355%,5,649,654,0,3,2,649
0x8d236a,0%,5,0,5,0,5,0,0
0x63f3a5,97.5%,5,195,200,195,3,2,0
0x814b0d,98.0545%,5,252,257,0,0,5,252
0x40424e,98.9474%,5,470,475,0,0,5,470
0x53f190,0%,5,0,5,0,0,5,0
0x5f59eb,64.2857%,5,9,14,0,2,3,9
0x5b3090,88.8889%,5,40,45,40,1,4,0
0xa4b67c,75%,5,15,20,0,0,5,15
0xa32c1c,99.4606%,5,922,927,922,5,0,0
0x619a7e,75%,5,15,20,0,5,0,15
0x4c1cec,91.8033%,5,56,61,56,5,0,0
0x80bdbb,50%,5,5,10,2,3,2,3
0x4995f5,96.063%,5,122,127,0,0,5,122
0xb23001,96.7532%,5,149,154,149,5,0,0
0x8fd736,83.3333%,5,25,30,20,0,5,5
0x4aad74,83.3333%,5,25,30,25,5,0,0
0xa2d67b,97.4227%,5,189,194,189,5,0,0
0xa30d73,95.6522%,5,110,115,110,5,0,0
0x49bf2d,58.3333%,5,7,12,3,3,2,4
0x4ade1f,75%,5,15,20,0,2,3,15
0xa53636,16.6667%,5,1,6,0,0,5,1
0x98b284,97.7273%,5,215,220,0,0,5,215
0xa411e5,80%,5,20,25,20,5,0,0
0x811495,99.4083%,5,840,845,0,2,3,840
0xa53199,50%,5,5,10,1,1,4,4
0xa518ea,70.5882%,5,12,17,12,5,0,0
0x4879a4,16.6667%,5,1,6,1,1,4,0
0x911012,98.8532%,5,431,436,0,0,5,431
0xa51671,88.0952%,5,37,42,0,0,5,37
0x970f3b,99.813%,5,2669,2674,2669,5,0,0
0x5488e4,68.75%,5,11,16,3,5,0,8
0x9be886,58.3333%,5,7,12,7,5,0,0
0xa98d4c,0%,5,0,5,0,5,0,0
0x8b9cc5,93.1507%,5,68,73,0,0,5,68
0xa9da86,66.6667%,5,10,15,0,0,5,10
0x8f3a71,97.1264%,5,169,174,0,0,5,169
0x48ee66,98.4894%,5,326,331,0,0,5,326
0xa97fb5,50%,5,5,10,5,5,0,0
0x81c553,77.2727%,5,17,22,0,0,5,17
0xb306b6,0%,5,0,5,0,0,5,0
0x9eefb1,16.6667%,5,1,6,1,5,0,0
0x48a97a,99.4388%,5,886,891,0,0,5,886
0x64c26d,95.7627%,5,113,118,0,0,5,113
0x9bdc73,90.9091%,5,50,55,50,5,0,0
0xa05eec,16.6667%,5,1,6,1,5,0,0
0x5f0d3c,98.2332%,5,278,283,0,0,5,278
0x4045da,97.7679%,5,219,224,0,0,5,219
0x8a8ba3,87.8049%,5,36,41,15,2,3,21
0x9e0338,77.2727%,5,17,22,17,5,0,0
0x60c3a9,0%,5,0,5,0,5,0,0
0x959645,96.0938%,5,123,128,0,4,1,123
0x9a9b1c,95.8678%,5,116,121,0,0,5,116
0x4bf48f,94.0476%,5,79,84,11,5,0,68
0x49bf36,16.6667%,5,1,6,1,5,0,0
0x4c5d9e,37.5%,5,3,8,0,0,5,3
0xa5b4f3,44.4444%,5,4,9,0,0,5,4
0xa3747b,84.375%,5,27,32,27,5,0,0
0xa55071,98.2818%,5,286,291,0,0,5,286
0x9a3ebb,82.1429%,5,23,28,0,0,5,23
0x60b5ff,97.7974%,5,222,227,0,0,5,222
0x8a62c8,96.3235%,5,131,136,0,0,5,131
0x59c983,96.9136%,5,157,162,0,0,5,157
0x8f6e0f,77.2727%,5,17,22,17,5,0,0
0x8e3818,98.6339%,5,361,366,361,5,0,0
0x49634b,85.2941%,5,29,34,0,0,5,29
0x5448bf,98.5207%,5,333,338,333,5,0,0
0xa04fb3,0%,5,0,5,0,5,0,0
0xa98132,90.9091%,5,50,55,0,0,5,50
0x502784,99.3695%,5,788,793,788,5,0,0
0xa99f45,50%,5,5,10,0,0,5,5
0x9734ca,58.3333%,5,7,12,7,5,0,0
0xa45d33,37.5%,5,3,8,0,4,1,3
0x5a9700,37.5%,5,3,8,0,5,0,3
0xa3e454,68.75%,5,11,16,11,5,0,0
0x49fb23,0%,5,0,5,0,0,5,0
0xa021eb,81.4815%,5,22,27,0,0,5,22
0x647dbd,90.1961%,5,46,51,46,5,0,0
0x9a618d,87.1795%,5,34,39,10,5,0,24
0x491b68,93.6709%,5,74,79,0,2,3,74
0x8a62f3,96.3235%,5,131,136,131,5,0,0
0x8dec67,16.6667%,5,1,6,0,0,5,1
0xa596c7,82.7586%,5,24,29,0,3,2,24
0x80bba5,28.5714%,5,2,7,2,3,2,0
0x8db7a4,97.7679%,5,219,224,219,5,0,0
0x8a237b,58.3333%,5,7,12,0,0,5,7
0x53581f,91.2281%,5,52,57,43,4,1,9
0x9eb442,92.0635%,5,58,63,58,5,0,0
0xa571a6,87.8049%,5,36,41,0,0,5,36
0x49139d,96.8944%,5,156,161,3,0,5,153
0x7d3001,90.1961%,5,46,51,46,5,0,0
0x9e0943,37.5%,5,3,8,3,5,0,0
0x54872a,99.7875%,5,2348,2353,0,0,5,2348
0xa02616,97.1751%,5,172,177,0,0,5,172
0x9d0354,98.6413%,5,363,368,0,5,0,363
0x8196b3,97.3958%,5,187,192,43,5,0,144
0x40e868,0%,5,0,5,0,5,0,0
0xa5884c,96.5753%,5,141,146,0,0,5,141
0xa060d2,44.4444%,5,4,9,4,0,5,0
0xaa2838,90.3846%,5,47,52,43,0,5,4
0xaaa718,28.5714%,5,2,7,2,5,0,0
0x70c28c,16.6667%,5,1,6,1,5,0,0
0x99dc71,66.6667%,5,10,15,0,0,5,10
0xa5138e,99.031%,5,511,516,3,3,2,508
0x50d2db,98.3221%,5,293,298,0,0,5,293
0x8e2f95,97.6077%,5,204,209,204,5,0,0
0x7e8194,44.4444%,5,4,9,1,1,4,3
0x4c68a8,82.1429%,5,23,28,8,0,5,15
0x501666,99.5035%,5,1002,1007,0,0,5,1002
0x4b5e85,89.7959%,5,44,49,36,2,3,8
0x40e8fc,50%,5,5,10,5,0,5,0
0x8fcc90,98.5632%,5,343,348,0,0,5,343
0x7b71be,84.375%,5,27,32,0,0,5,27
0x4c61e8,86.4865%,5,32,37,32,5,0,0
0xb2e750,99.9375%,5,7990,7995,0,0,5,7990
0xa45922,98.7179%,5,385,390,385,5,0,0
0x69de10,58.3333%,5,7,12,0,0,5,7
0x90c8d2,93.5897%,5,73,78,0,0,5,73
0x4a9f0b,97.2973%,5,180,185,0,3,2,180
0x40f555,99.9868%,5,37746,37751,0,0,5,37746
0x4c658e,82.1429%,5,23,28,13,3,2,10
0xa33f19,95.4128%,5,104,109,0,0,5,104
0x99dc2d,66.6667%,5,10,15,0,0,5,10
0x4b8095,54.5455%,5,6,11,3,2,3,3
0x8122fd,85.7143%,5,30,35,13,5,0,17
0xa26cbc,50%,5,5,10,0,4,1,5
0x60b2f1,91.9355%,5,57,62,0,0,5,57
0x5f3a27,28.5714%,5,2,7,2,5,0,0
0x918d44,97.5%,5,195,200,195,5,0,0
0x490f4b,87.8049%,5,36,41,0,3,2,36
0x97b823,73.6842%,5,14,19,6,4,1,8
0x58c548,85.2941%,5,29,34,0,0,5,29
0x812886,86.4865%,5,32,37,28,5,0,4
0x49a4b1,64.2857%,5,9,14,9,1,4,0
0x5c77e9,93.75%,5,75,80,0,0,5,75
0x4a5ad7,76.1905%,5,16,21,0,0,5,16
0x9f496a,98.5673%,5,344,349,344,1,4,0
0xa2db6f,64.2857%,5,9,14,0,0,5,9
0x552b1d,84.375%,5,27,32,0,4,1,27
0x59096a,75%,5,15,20,15,3,2,0
0x88a26a,70.5882%,5,12,17,12,5,0,0
0x40dfb4,96.2963%,5,130,135,4,2,3,126
0xa9ed02,95.935%,5,118,123,0,0,5,118
0x973bb9,50%,5,5,10,0,0,5,5
0x8221bc,98.1685%,5,268,273,0,0,5,268
0x90b2ce,96.1832%,5,126,131,126,5,0,0
0xa0bdd7,0%,5,0,5,0,5,0,0
0x505a3b,99.1023%,5,552,557,550,3,2,2
0x8e373c,99.7471%,5,1972,1977,1972,5,0,0
0x638efe,98.5207%,5,333,338,333,5,0,0
0x9d2b68,0%,5,0,5,0,5,0,0
0xa8ef73,64.2857%,5,9,14,9,5,0,0
0x4c8ac0,96.2406%,5,128,133,0,0,5,128
0x485ecc,78.2609%,5,18,23,0,0,5,18
0x40a5d4,79.1667%,5,19,24,2,0,5,17
0x502569,99.3695%,5,788,793,788,5,0,0
0xa92c38,37.5%,5,3,8,3,5,0,0
0x8e9f93,58.3333%,5,7,12,7,5,0,0
0x502255,96.1832%,5,126,131,2,3,2,124
0x5a969c,0%,5,0,5,0,0,5,0
0xa48a86,97.7528%,4,174,178,174,4,0,0
0x8c87f6,0%,4,0,4,0,0,4,0
0x9a272b,82.6087%,4,19,23,2,1,3,17
0x81e580,50%,4,4,8,0,0,4,4
0xa06e07,93.75%,4,60,64,0,4,0,60
0xa42fe0,0%,4,0,4,0,0,4,0
0x78abd3,42.8571%,4,3,7,0,4,0,3
0x91165d,98.01%,4,197,201,0,0,4,197
0x8fd2d8,50%,4,4,8,4,2,2,0
0x5bce6e,99.5851%,4,960,964,960,4,0,0
0x4b55a3,33.3333%,4,2,6,0,4,0,2
0x4ab5c1,87.0968%,4,27,31,27,4,0,0
0xb28b2b,99.8581%,4,2814,2818,0,0,4,2814
0x63f44c,98%,4,196,200,0,0,4,196
0x50723d,97.5904%,4,162,166,133,3,1,29
0xa4963c,92.7273%,4,51,55,0,0,4,51
0x918c5e,98%,4,196,200,0,0,4,196
0xa95dd9,99.3031%,4,570,574,0,0,4,570
0x5936f4,63.6364%,4,7,11,0,0,4,7
0x9f6ca0,69.2308%,4,9,13,9,4,0,0
0xa36bf5,42.8571%,4,3,7,0,0,4,3
0x4c5338,98.6395%,4,290,294,0,0,4,290
0x9a69ff,71.4286%,4,10,14,10,4,0,0
0x5408a8,33.3333%,4,2,6,0,0,4,2
0x6096ba,95.1807%,4,79,83,0,0,4,79
0x8ed952,99.3432%,4,605,609,605,4,0,0
0xa92c5b,98.2301%,4,222,226,0,0,4,222
0xa43037,0%,4,0,4,0,4,0,0
0xa94ca5,0%,4,0,4,0,0,4,0
0x4bafa3,98.1132%,4,208,212,208,4,0,0
0x6432a3,88.2353%,4,30,34,0,0,4,30
0x8e0c79,96.7742%,4,120,124,9,3,1,111
0x65af91,69.2308%,4,9,13,0,0,4,9
0x8ff9fb,96.5217%,4,111,115,111,4,0,0
0xa337ef,84%,4,21,25,0,0,4,21
0x80382d,94.6667%,4,71,75,71,2,2,0
0xa9545f,0%,4,0,4,0,4,0,0
0x4bb7d3,60%,4,6,10,1,0,4,5
0x7e20c4,84%,4,21,25,21,4,0,0
0xa05fe6,80%,4,16,20,0,4,0,16
0x9e5b98,89.7436%,4,35,39,35,0,4,0
0xa055a5,50%,4,4,8,4,3,1,0
0x8e1f44,98.9822%,4,389,393,0,0,4,389
0x7b7284,85.1852%,4,23,27,22,3,1,1
0xa2e986,0%,4,0,4,0,4,0,0
0xa7a19e,97.7143%,4,171,175,0,0,4,171
0xa2ed0f,93.75%,4,60,64,0,0,4,60
0x7aca7e,87.5%,4,28,32,0,0,4,28
0x8f3782,98.75%,4,316,320,0,0,4,316
0x4c6684,85.7143%,4,24,28,8,4,0,16
0x8102be,99.4987%,4,794,798,794,4,0,0
0x4098fe,98.4848%,4,260,264,260,1,3,0
0x555ded,80%,4,16,20,0,0,4,16
0x5b02eb,95.5556%,4,86,90,0,0,4,86
0xa2cc44,99.0676%,4,425,429,0,0,4,425
0x7c76c8,0%,4,0,4,0,0,4,0
0xa04f6d,93.5484%,4,58,62,0,0,4,58
0x4c5d8d,50%,4,4,8,0,0,4,4
0x60dc83,98.5401%,4,270,274,270,4,0,0
0x48f7c0,92.7273%,4,51,55,34,3,1,17
0x4aaa99,92.3077%,4,48,52,0,0,4,48
0x8b9a4a,99.1525%,4,468,472,0,0,4,468
0x9e3dd7,63.6364%,4,7,11,7,4,0,0
0x5f55e9,0%,4,0,4,0,4,0,0
0xa96a0b,20%,4,1,5,0,0,4,1
0xa2e1d6,99.0244%,4,406,410,406,4,0,0
0x8c836b,77.7778%,4,14,18,14,4,0,0
0xa1d49a,20%,4,1,5,0,0,4,1
0x4c1e10,83.3333%,4,20,24,20,4,0,0
0xa96a4a,89.1892%,4,33,37,0,0,4,33
0x40e527,63.6364%,4,7,11,7,4,0,0
0x4ba068,83.3333%,4,20,24,0,4,0,20
0x9ed547,66.6667%,4,8,12,0,4,0,8
0x4be78b,55.5556%,4,5,9,0,4,0,5
0x409d4c,69.2308%,4,9,13,4,2,2,5
0x8bc050,66.6667%,4,8,12,2,0,4,6
0xa29d25,75%,4,12,16,12,4,0,0
0xa97aee,50%,4,4,8,4,2,2,0
0x5cfb4b,83.3333%,4,20,24,20,4,0,0
0xa654ff,0%,4,0,4,0,0,4,0
0x5cfc22,99.6818%,4,1253,1257,0,0,4,1253
0xa47b0f,20%,4,1,5,1,4,0,0
0xa47e9b,66.6667%,4,8,12,0,0,4,8
0x985160,0%,4,0,4,0,0,4,0
0x99e7a7,69.2308%,4,9,13,0,0,4,9
0x5ff4f0,0%,4,0,4,0,0,4,0
0x4b82fa,63.6364%,4,7,11,0,0,4,7
0x7d37c1,90%,4,36,40,0,0,4,36
0x5fe510,0%,4,0,4,0,0,4,0
0x973b09,60%,4,6,10,0,1,3,6
0x4ba9a6,87.0968%,4,27,31,0,0,4,27
0x4b8637,63.6364%,4,7,11,0,0,4,7
0xa45d54,33.3333%,4,2,6,1,3,1,1
0x67acc3,99.8549%,4,2753,2757,0,0,4,2753
0xa45e64,0%,4,0,4,0,4,0,0
0x4b87f2,63.6364%,4,7,11,0,3,1,7
0xa45f24,42.8571%,4,3,7,0,4,0,3
0x8a6549,42.8571%,4,3,7,3,4,0,0
0x4c20f9,97.4843%,4,155,159,0,0,4,155
0x40bc6a,96.1165%,4,99,103,0,0,4,99
0x943a82,0%,4,0,4,0,4,0,0
0x8d409e,69.2308%,4,9,13,2,0,4,7
0x781531,55.5556%,4,5,9,0,0,4,5
0x8d3fd9,69.2308%,4,9,13,0,0,4,9
0x54135f,50%,4,4,8,4,4,0,0
0xa15b16,33.3333%,4,2,6,0,4,0,2
0xa08c92,66.6667%,4,8,12,3,1,3,5
0x9c50ba,50%,4,4,8,0,0,4,4
0x5465c4,50%,4,4,8,2,2,2,2
0x666f03,0%,4,0,4,0,4,0,0
0x4b93fa,69.2308%,4,9,13,1,0,4,8
0x4b8ea1,0%,4,0,4,0,0,4,0
0x7941da,20%,4,1,5,0,0,4,1
0x8db754,98.7302%,4,311,315,311,4,0,0
0x4c4fca,76.4706%,4,13,17,13,4,0,0
0x49ba9e,50%,4,4,8,0,0,4,4
0x59e726,50%,4,4,8,1,3,1,3
0x81bccf,99.2322%,4,517,521,0,0,4,517
0x4c39ad,69.2308%,4,9,13,5,1,3,4
0xa42ee3,0%,4,0,4,0,4,0,0
0xa1809d,99.4194%,4,685,689,0,0,4,685
0x507d2b,0%,4,0,4,0,0,4,0
0x78e079,50%,4,4,8,4,0,4,0
0x9c5159,50%,4,4,8,0,4,0,4
0x64ce9e,90.9091%,4,40,44,0,4,0,40
0x81d3e4,97.8022%,4,178,182,0,0,4,178
0x969266,97.9899%,4,195,199,0,0,4,195
0xa08ba2,55.5556%,4,5,9,1,3,1,4
0xa15e63,75%,4,12,16,8,0,4,4
0x4be42d,0%,4,0,4,0,0,4,0
0x900c71,98.8024%,4,330,334,330,4,0,0
0x80fa90,95.6522%,4,88,92,88,4,0,0
0xa08ef2,93.8462%,4,61,65,0,1,3,61
0x5f1466,97.4843%,4,155,159,1,0,4,154
0x8109d9,66.6667%,4,8,12,8,4,0,0
0x9a7e58,84%,4,21,25,0,0,4,21
0xa9ec3b,0%,4,0,4,0,4,0,0
0x8c721b,98.1132%,4,208,212,208,4,0,0
0x8d3834,0%,4,0,4,0,4,0,0
0x7be088,0%,4,0,4,0,0,4,0
0x7bdd31,0%,4,0,4,0,0,4,0
0x7c76ab,66.6667%,4,8,12,4,4,0,4
0x8e358e,99.7977%,4,1973,1977,0,0,4,1973
0x4c67ea,66.6667%,4,8,12,0,0,4,8
0x4b5ede,0%,4,0,4,0,0,4,0
0x945cf3,78.9474%,4,15,19,15,4,0,0
0xa36e0a,81.8182%,4,18,22,0,0,4,18
0x4c4d6b,69.2308%,4,9,13,0,2,2,9
0x8c8d93,50%,4,4,8,0,0,4,4
0x4b6c3b,55.5556%,4,5,9,5,4,0,0
0x4b5f91,0%,4,0,4,0,0,4,0
0x9ede19,97.1014%,4,134,138,134,4,0,0
0x60bb59,77.7778%,4,14,18,0,0,4,14
0x59c8c9,93.2203%,4,55,59,0,0,4,55
0x9edc35,93.75%,4,60,64,0,0,4,60
0x9edc4c,93.75%,4,60,64,60,4,0,0
0x6f4507,85.7143%,4,24,28,10,0,4,14
0xa8a771,95.1807%,4,79,83,0,0,4,79
0x9f9516,97.0149%,4,130,134,107,2,2,23
0xa90025,97.561%,4,160,164,0,0,4,160
0x8a9818,99.9694%,4,13048,13052,13048,4,0,0
0x8ebdba,50%,4,4,8,4,2,2,0
0x96c1b6,97.2414%,4,141,145,0,0,4,141
0xa39835,0%,4,0,4,0,0,4,0
0xa08031,55.5556%,4,5,9,3,4,0,2
0x4bd687,80.9524%,4,17,21,0,0,4,17
0x9523bc,94.8052%,4,73,77,0,2,2,73
0xa08378,42.8571%,4,3,7,0,0,4,3
0x7c7608,0%,4,0,4,0,0,4,0
0x8e11a9,89.1892%,4,33,37,0,0,4,33
0x4aaf21,63.6364%,4,7,11,6,4,0,1
0x8e2b43,92.3077%,4,48,52,48,4,0,0
0x81447f,99.2509%,4,530,534,530,4,0,0
0x49c3d0,75%,4,12,16,0,0,4,12
0x64f4aa,95.5056%,4,85,89,85,4,0,0
0x8dba57,75%,4,12,16,4,4,0,8
0x446574,99.3174%,4,582,586,0,4,0,582
0x901054,89.1892%,4,33,37,33,4,0,0
0x951908,95.6989%,4,89,93,2,0,4,87
0xa378a5,60%,4,6,10,6,0,4,0
0x6dcdee,0%,4,0,4,0,4,0,0
0x48f070,96.8992%,4,125,129,20,2,2,105
0x789478,55.5556%,4,5,9,0,1,3,5
0x6229d4,60%,4,6,10,6,4,0,0
0xa35e5b,71.4286%,4,10,14,0,0,4,10
0x806882,94.6667%,4,71,75,0,0,4,71
0xa48667,0%,4,0,4,0,4,0,0
0x49b954,50%,4,4,8,4,4,0,0
0x40bd9b,0%,4,0,4,0,0,4,0
0xa94bb6,0%,4,0,4,0,4,0,0
0x639ae6,98%,4,196,200,0,0,4,196
0xa4b676,80%,4,16,20,0,0,4,16
0x80639a,83.3333%,4,20,24,0,0,4,20
0xa9e176,86.6667%,4,26,30,26,4,0,0
0x53fe3a,0%,4,0,4,0,0,4,0
0x538d1b,63.6364%,4,7,11,7,4,0,0
0xa47346,63.6364%,4,7,11,7,4,0,0
0x4b78f2,85.7143%,4,24,28,0,0,4,24
0x8e38e3,91.6667%,4,44,48,0,0,4,44
0x8e38a6,91.6667%,4,44,48,0,0,4,44
0x95b656,0%,4,0,4,0,4,0,0
0x40ace2,20%,4,1,5,1,4,0,0
0x6704a6,55.5556%,4,5,9,3,4,0,2
0x8e9317,42.8571%,4,3,7,0,4,0,3
0x7b7c1b,84%,4,21,25,0,0,4,21
0x8b93a8,98.8095%,4,332,336,332,4,0,0
0x5c8443,33.3333%,4,2,6,2,4,0,0
0xa429aa,99.5647%,4,915,919,26,2,2,889
0xa36dbc,60%,4,6,10,6,4,0,0
0x4c9886,71.4286%,4,10,14,0,0,4,10
0x91756a,98%,4,196,200,196,4,0,0
0x8dc5f5,0%,4,0,4,0,4,0,0
0xa05396,50%,4,4,8,0,0,4,4
0x5f8d8a,20%,4,1,5,1,3,1,0
0x4b6769,63.6364%,4,7,11,0,0,4,7
0x4bec93,97.7143%,4,171,175,101,4,0,70
0xa29d1d,75%,4,12,16,0,0,4,12
0x9698c3,94.4444%,4,68,72,68,2,2,0
0x4c3cd5,42.8571%,4,3,7,3,4,0,0
0xa48e2b,97.7528%,4,174,178,31,2,2,143
0x9a7c71,99.2844%,4,555,559,0,0,4,555
0x9ab59f,98%,4,196,200,0,0,4,196
0x7c8398,0%,4,0,4,0,4,0,0
0x7c8368,0%,4,0,4,0,0,4,0
0xa55220,50%,4,4,8,0,0,4,4
0x67a22d,82.6087%,4,19,23,0,0,4,19
0x900ba4,98.8095%,4,332,336,0,0,4,332
0x8f0e11,90%,4,36,40,36,4,0,0
0x838a94,33.3333%,4,2,6,1,0,4,1
0x8068d4,83.3333%,4,20,24,20,4,0,0
0x5bd475,99.7238%,4,1444,1448,680,4,0,764
0x80689b,76.4706%,4,13,17,0,0,4,13
0x4c1451,76.4706%,4,13,17,13,4,0,0
0x4b6c04,90%,4,36,40,27,4,0,9
0xa3288a,96.7742%,4,120,124,120,4,0,0
0x4a634b,60%,4,6,10,6,4,0,0
0x8db6cb,99.3548%,4,616,620,91,1,3,525
0x540a94,66.6667%,4,8,12,8,4,0,0
0x942aea,50%,4,4,8,0,4,0,4
0xa94b33,0%,4,0,4,0,0,4,0
0x9e1a4b,75%,4,12,16,0,2,2,12
0xa94995,83.3333%,4,20,24,20,4,0,0
0x6127fa,95.122%,4,78,82,8,4,0,70
0x4b9c21,85.1852%,4,23,27,23,4,0,0
0x815abb,60%,4,6,10,6,4,0,0
0xa159dd,99.53%,4,847,851,0,0,4,847
0xa41206,84%,4,21,25,0,0,4,21
0x4b755d,63.6364%,4,7,11,7,4,0,0
0x4b7bbd,63.6364%,4,7,11,6,4,0,1
0xa50871,0%,4,0,4,0,4,0,0
0x8e48e7,99.5019%,4,799,803,0,0,4,799
0xa94911,92.3077%,4,48,52,0,4,0,48
0xa15963,60%,4,6,10,4,2,2,2
0xa477fe,0%,4,0,4,0,0,4,0
0x5e437c,96.6942%,4,117,121,0,0,4,117
0x8063c7,92.4528%,4,49,53,0,1,3,49
0x9a7275,80%,4,16,20,5,0,4,11
0xa4a737,50%,4,4,8,0,0,4,4
0xa4a790,50%,4,4,8,2,4,0,2
0x4bdfad,69.2308%,4,9,13,0,2,2,9
0x8f3e31,98.6441%,4,291,295,0,0,4,291
0x49f9a0,94.1176%,4,64,68,64,4,0,0
0x8e48d5,98.4615%,4,256,260,256,4,0,0
0xa467ed,98.8439%,4,342,346,14,4,0,328
0x5f1c84,42.8571%,4,3,7,3,4,0,0
0xa4fc27,0%,4,0,4,0,0,4,0
0x8ef19f,97.7528%,4,174,178,0,4,0,174
0x4b6e2f,50%,4,4,8,0,0,4,4
0x4a5c1a,42.8571%,4,3,7,1,3,1,2
0xa4107f,91.1111%,4,41,45,0,2,2,41
0x4c2313,75%,4,12,16,8,0,4,4
0x69dd30,66.6667%,4,8,12,0,0,4,8
0x60bb86,77.7778%,4,14,18,13,0,4,1
0x88ea88,89.7436%,4,35,39,0,0,4,35
0xa05661,20%,4,1,5,0,0,4,1
0x81d044,20%,4,1,5,0,0,4,1
0x6087cb,98%,4,196,200,0,0,4,196
0x4bb49a,92.3077%,4,48,52,0,0,4,48
0x40aa88,84%,4,21,25,17,2,2,4
0x60c5b1,20%,4,1,5,0,0,4,1
0x5456ff,99.6198%,4,1048,1052,1048,4,0,0
0xa6b664,0%,4,0,4,0,0,4,0
0x8fe0a2,95.3488%,4,82,86,0,0,4,82
0x785075,85.7143%,4,24,28,24,4,0,0
0xa985d8,0%,4,0,4,0,2,2,0
0xa448cd,92.3077%,4,48,52,0,0,4,48
0x9f95e8,92.4528%,4,49,53,49,4,0,0
0x4bf75f,0%,4,0,4,0,4,0,0
0x65a0f5,96.3964%,4,107,111,0,0,4,107
0x6114ad,63.6364%,4,7,11,7,3,1,0
0x65a0ed,96.3964%,4,107,111,0,0,4,107
0x649a1b,0%,4,0,4,0,4,0,0
0x9a6423,97.7273%,4,172,176,172,4,0,0
0x5b9ede,50%,4,4,8,3,3,1,1
0x9e21f7,96.1538%,4,100,104,2,4,0,98
0x8e7ea9,98.7915%,4,327,331,314,1,3,13
0x7ba328,0%,4,0,4,0,4,0,0
0xa94d57,0%,4,0,4,0,4,0,0
0x789f33,50%,4,4,8,0,0,4,4
0xa9473f,86.2069%,4,25,29,0,0,4,25
0xb3274c,99.9379%,4,6438,6442,6438,4,0,0
0x942bd9,94.6667%,4,71,75,0,0,4,71
0x8a8be2,83.3333%,4,20,24,0,4,0,20
0x5f0673,95.2381%,4,80,84,0,4,0,80
0xa50b7b,78.9474%,4,15,19,1,2,2,14
0x65c69b,0%,4,0,4,0,4,0,0
0x9f4708,98.8539%,4,345,349,0,2,2,345
0x8084ee,50%,4,4,8,3,1,3,1
0xa91bc0,97.0803%,4,133,137,0,0,4,133
0x9595d1,0%,4,0,4,0,4,0,0
0x966063,60%,4,6,10,0,0,4,6
0x509542,99.3641%,4,625,629,0,0,4,625
0x66684b,99.187%,4,488,492,488,4,0,0
0x959369,0%,4,0,4,0,4,0,0
0x90b1d4,94.2857%,4,66,70,66,4,0,0
0x9e830e,84%,4,21,25,0,0,4,21
0x959f67,0%,4,0,4,0,0,4,0
0x404e98,89.4737%,4,34,38,0,2,2,34
0x64762e,80.9524%,4,17,21,1,0,4,16
0x647637,80%,4,16,20,0,0,4,16
0x40a674,0%,4,0,4,0,4,0,0
0x97430f,99.1984%,4,495,499,495,4,0,0
0x405e59,83.3333%,4,20,24,0,0,4,20
0x404f72,99.4269%,4,694,698,685,1,3,9
0x8d25f8,92.8571%,4,52,56,0,0,4,52
0x5dcebc,96.9925%,4,129,133,0,0,4,129
0xa023c3,99.1489%,4,466,470,0,0,4,466
0x95ac25,0%,4,0,4,0,4,0,0
0x88a0de,81.8182%,4,18,22,18,4,0,0
0x68b129,0%,4,0,4,0,0,4,0
0x9f5055,97.1014%,4,134,138,111,1,3,23
0x95a6c2,0%,4,0,4,0,0,4,0
0x973024,85.1852%,4,23,27,0,0,4,23
0x4ad9bb,20%,4,1,5,0,2,2,1
0x481b95,78.9474%,4,15,19,7,3,1,8
0x5f28c2,20%,4,1,5,1,4,0,0
0x4ada90,20%,4,1,5,0,0,4,1
0x9f4c38,98.6971%,4,303,307,0,0,4,303
0x49143d,97.5155%,4,157,161,0,3,1,157
0x95a269,0%,4,0,4,0,0,4,0
0x9510e2,98.0861%,4,205,209,101,4,0,104
0xa48dba,97.7528%,4,174,178,174,4,0,0
0x5043b3,97.0588%,4,132,136,0,0,4,132
0x9e7e28,0%,4,0,4,0,0,4,0
0x8a239f,60%,4,6,10,5,3,1,1
0xa9003e,97.561%,4,160,164,0,0,4,160
0x50d2e4,98.6577%,4,294,298,269,3,1,25
0x5e78ce,94.5205%,4,69,73,69,4,0,0
0x9e7f1e,0%,4,0,4,0,0,4,0
0xa58d39,95.8333%,4,92,96,0,0,4,92
0xa53741,50%,4,4,8,0,0,4,4
0x59c9a1,95%,4,76,80,65,4,0,11
0x9e7f27,0%,4,0,4,0,4,0,0
0x5cf34b,0%,4,0,4,0,4,0,0
0x9592d5,96.875%,4,124,128,124,4,0,0
0x9a8edc,71.4286%,4,10,14,0,0,4,10
0xa4c973,0%,4,0,4,0,0,4,0
0x6471fd,80.9524%,4,17,21,17,4,0,0
0x5f0db0,20%,4,1,5,0,0,4,1
0xa041b1,0%,4,0,4,0,0,4,0
0x48b310,98.7539%,4,317,321,0,0,4,317
0x9a71ea,60%,4,6,10,1,4,0,5
0x9bd16d,92.7273%,4,51,55,51,4,0,0
0x8fe44d,99.764%,4,1691,1695,0,0,4,1691
0x9bd347,66.6667%,4,8,12,0,0,4,8
0x5f05f9,96.8504%,4,123,127,1,4,0,122
0xa35906,99.6004%,4,997,1001,0,0,4,997
0xaa0389,96.6942%,4,117,121,0,0,4,117
0x59c8f0,42.8571%,4,3,7,0,4,0,3
0x9a8bd1,98.513%,4,265,269,0,0,4,265
0xa55dd5,50%,4,4,8,0,0,4,4
0x9aa68b,98.913%,4,364,368,0,0,4,364
0x49492e,96.748%,4,119,123,0,0,4,119
0x9a9a77,99.2606%,4,537,541,0,0,4,537
0x4c1098,83.3333%,4,20,24,20,4,0,0
0x81b066,89.1892%,4,33,37,0,2,2,33
0x9a0b0b,85.7143%,4,24,28,0,0,4,24
0xa53828,42.8571%,4,3,7,3,4,0,0
0xa531ae,50%,4,4,8,4,4,0,0
0xa955c1,0%,4,0,4,0,0,4,0
0x9be83c,66.6667%,4,8,12,8,4,0,0
0x9be964,75%,4,12,16,0,0,4,12
0x97ba43,96.4912%,4,110,114,110,4,0,0
0xaac426,0%,4,0,4,0,4,0,0
0x9f7fc2,71.4286%,4,10,14,10,4,0,0
0x7809f6,50%,4,4,8,0,0,4,4
0xa08c85,0%,4,0,4,0,0,4,0
0x647952,93.75%,4,60,64,0,0,4,60
0xaac3b2,0%,4,0,4,0,0,4,0
0xa359d2,97.7143%,4,171,175,0,0,4,171
0x4ad929,0%,4,0,4,0,4,0,0
0x40eb82,98.7539%,4,317,321,0,4,0,317
0x99dc99,73.3333%,4,11,15,0,2,2,11
0x482c30,78.9474%,4,15,19,0,0,4,15
0x61a37a,20%,4,1,5,0,0,4,1
0x844401,0%,4,0,4,0,0,4,0
0x9f555b,95%,4,76,80,0,0,4,76
0x8c8b65,95%,4,76,80,76,4,0,0
0x58da36,98.0861%,4,205,209,0,0,4,205
0x402509,97.561%,4,160,164,0,0,4,160
0x643986,88.2353%,4,30,34,0,0,4,30
0x55465b,99.5833%,4,956,960,956,4,0,0
0x65b095,69.2308%,4,9,13,0,0,4,9
0x9c3eea,87.5%,4,28,32,0,0,4,28
0x48ed25,84%,4,21,25,21,4,0,0
0x5f4124,42.8571%,4,3,7,3,4,0,0
0xa25e6f,94.8718%,4,74,78,74,4,0,0
0x905cd3,96.875%,4,124,128,124,4,0,0
0xa9687d,98.2301%,4,222,226,0,0,4,222
0x8adcdc,80.9524%,4,17,21,17,4,0,0
0x9f5c08,66.6667%,4,8,12,8,4,0,0
0xa54c04,50%,4,4,8,2,0,4,2
0x50bf43,96.3636%,4,106,110,0,0,4,106
0x50276c,92%,4,46,50,0,0,4,46
0x5bd507,99.7238%,4,1444,1448,1444,4,0,0
0x5f3ee2,0%,4,0,4,0,4,0,0
0x9f5b6c,66.6667%,4,8,12,0,0,4,8
0x4c9310,0%,4,0,4,0,4,0,0
0x507486,50%,4,4,8,0,0,4,4
0x8c8a76,95.2381%,4,80,84,80,4,0,0
0x64b9ff,99.7137%,4,1393,1397,0,0,4,1393
0xa5670d,50%,4,4,8,0,0,4,4
0x64ba0a,99.7137%,4,1393,1397,0,0,4,1393
0xa0393a,94.7368%,4,72,76,72,4,0,0
0x64baab,99.7137%,4,1393,1397,1393,4,0,0
0xa9f3cf,75%,4,12,16,12,4,0,0
0x493609,76.4706%,4,13,17,13,4,0,0
0xa8a8d1,0%,4,0,4,0,4,0,0
0xa6c1c2,0%,4,0,4,0,4,0,0
0x99f742,69.2308%,4,9,13,9,4,0,0
0xa294f9,75%,4,12,16,0,0,4,12
0xa6b784,0%,4,0,4,0,0,4,0
0x9fc6b4,71.4286%,4,10,14,0,2,2,10
0x8e3382,75%,4,12,16,0,0,4,12
0x77ca50,66.6667%,4,8,12,8,4,0,0
0xa6b750,0%,4,0,4,0,4,0,0
0xa8a8bf,0%,4,0,4,0,0,4,0
0xa019fb,50%,4,4,8,4,0,4,0
0x9ef382,93.3333%,4,56,60,0,0,4,56
0x5095a7,77.7778%,4,14,18,14,4,0,0
0x8aa9f2,93.6508%,4,59,63,59,4,0,0
0x9ebd01,93.6508%,4,59,63,0,0,4,59
0x505252,85.1852%,4,23,27,13,2,2,10
0xb22bc1,99.7859%,4,1864,1868,0,0,4,1864
0x9eb686,0%,4,0,4,0,4,0,0
0x94d289,98.0676%,4,203,207,203,4,0,0
0xa336d5,98.7097%,4,306,310,0,0,4,306
0x9f3cb4,42.8571%,4,3,7,3,4,0,0
0x5ff85e,91.3043%,4,42,46,42,4,0,0
0x4acf5e,0%,4,0,4,0,4,0,0
0x9f4d5a,55.5556%,4,5,9,0,0,4,5
0x8137ff,93.4426%,4,57,61,57,2,2,0
0xa44771,92.3077%,4,48,52,48,4,0,0
0x4ad03e,0%,4,0,4,0,4,0,0
0x977417,66.6667%,4,8,12,0,0,4,8
0x9ea831,87.5%,4,28,32,0,0,4,28
0x53e854,50%,4,4,8,2,2,2,2
0xa5f8bd,50%,4,4,8,0,0,4,4
0x9f3dc9,60%,4,6,10,0,0,4,6
0xa01cd1,42.8571%,4,3,7,2,3,1,1
0x4c7f8b,0%,4,0,4,0,4,0,0
0x8f289f,90.9091%,4,40,44,40,4,0,0
0x5473d0,93.4426%,4,57,61,57,4,0,0
0x541e3d,95%,4,76,80,76,4,0,0
0x95aa11,0%,4,0,4,0,0,4,0
0xa6b2e4,0%,4,0,4,0,4,0,0
0xa572a5,90.2439%,4,37,41,0,0,4,37
0xa72323,0%,4,0,4,0,0,4,0
0x781928,97.4359%,4,152,156,152,4,0,0
0x50acd6,66.6667%,4,8,12,0,0,4,8
0x77ccd2,75%,4,12,16,0,4,0,12
0xa722eb,0%,4,0,4,0,4,0,0
0xa58eee,96.6387%,4,115,119,0,0,4,115
0x50c65b,90.2439%,4,37,41,0,0,4,37
0x50d8c5,76.4706%,4,13,17,0,0,4,13
0xa36c03,42.8571%,4,3,7,2,2,2,1
0x50b303,90%,4,36,40,36,2,2,0
0x59f9c9,0%,4,0,4,0,4,0,0
0x5bd12e,90.9091%,4,40,44,0,0,4,40
0x50b0a9,90.4762%,4,38,42,0,0,4,38
0x50e54b,90.4762%,4,38,42,0,0,4,38
0x9f113c,88.8889%,4,32,36,27,4,0,5
0x40e91a,20%,4,1,5,1,4,0,0
0x4a1ce2,96.9697%,4,128,132,0,0,4,128
0xa571aa,90.2439%,4,37,41,0,0,4,37
0xa59194,96.6387%,4,115,119,0,0,4,115
0x54d464,33.3333%,4,2,6,0,0,4,2
0x502918,95.8763%,4,93,97,0,0,4,93
0xa5768f,83.3333%,4,20,24,0,4,0,20
0x5072f4,97.0588%,4,132,136,132,4,0,0
0x9e5ba5,0%,4,0,4,0,0,4,0
0xa56fce,84.6154%,4,22,26,22,4,0,0
0x5bc551,96.6387%,4,115,119,115,4,0,0
0x9eb070,96.3303%,4,105,109,105,4,0,0
0x4873ee,98.2533%,4,225,229,0,0,4,225
0x9e48bd,77.7778%,4,14,18,0,0,4,14
0x951e79,33.3333%,4,2,6,2,4,0,0
0x9a0c0e,85.7143%,4,24,28,0,0,4,24
0x9eb0a3,94.4444%,4,68,72,68,2,2,0
0x951b1f,55.5556%,4,5,9,5,4,0,0
0xa4eeeb,81.8182%,4,18,22,0,0,4,18
0xa6b4eb,0%,4,0,4,0,4,0,0
0x50bcb3,90%,4,36,40,0,0,4,36
0x8c8d46,50%,4,4,8,0,0,4,4
0x5bc358,96.6387%,4,115,119,0,0,4,115
0x4aca2b,42.8571%,4,3,7,1,4,0,2
0x9d0793,93.4426%,4,57,61,57,4,0,0
0xa56ebf,98.9583%,4,380,384,0,2,2,380
0x485831,66.6667%,4,8,12,0,0,4,8
0x547a3c,0%,4,0,4,0,0,4,0
0xa3386d,96.5517%,4,112,116,0,0,4,112
0xa56f79,97.619%,4,164,168,0,0,4,164
0x59f0f0,50%,4,4,8,4,0,4,0
0xa6b372,0%,4,0,4,0,4,0,0
0x8ad58e,98.2684%,4,227,231,0,2,2,227
0x77b90a,85.7143%,4,24,28,24,4,0,0
0x487061,97.1014%,4,134,138,134,4,0,0
0x97b8c7,90.2439%,4,37,41,0,0,4,37
0x4c269c,69.2308%,4,9,13,0,0,4,9
0x482cf4,78.9474%,4,15,19,0,0,4,15
0x4b49d7,92.8571%,4,52,56,0,0,4,52
0x88e491,89.7436%,4,35,39,35,4,0,0
0xa02ab7,73.3333%,4,11,15,11,4,0,0
0xa285a5,86.6667%,4,26,30,0,0,4,26
0x5d1711,83.3333%,4,20,24,0,0,4,20
0xa02afa,55.5556%,4,5,9,5,4,0,0
0x5d283d,97.2414%,4,141,145,0,0,4,141
0x499659,96.8504%,4,123,127,123,4,0,0
0xa280ec,98.0861%,4,205,209,205,4,0,0
0xaa7d2b,60%,4,6,10,6,4,0,0
0xb3279a,99.9379%,4,6438,6442,0,0,4,6438
0xa271e5,98.5455%,4,271,275,271,4,0,0
0x5dced1,96.9925%,4,129,133,0,0,4,129
0xa02a89,66.6667%,4,8,12,0,0,4,8
0x54db5e,89.7436%,4,35,39,0,0,4,35
0xa9884c,50%,4,4,8,4,0,4,0
0x54dc25,89.7436%,4,35,39,35,4,0,0
0x4828b6,78.9474%,4,15,19,8,2,2,7
0x5cf8b9,99.7821%,4,1832,1836,1832,4,0,0
0x482710,78.9474%,4,15,19,15,4,0,0
0xa723bf,0%,4,0,4,0,0,4,0
0x8d3d3b,87.0968%,4,27,31,0,0,4,27
0x490e9c,55.5556%,4,5,9,5,4,0,0
0x4b5f65,50%,4,4,8,0,4,0,4
0x6492df,94.7368%,4,72,76,2,0,4,70
0xa263a4,96.2963%,4,104,108,104,4,0,0
0x4b8771,63.6364%,4,7,11,0,4,0,7
0xa15ebc,50%,4,4,8,0,4,0,4
0x88a016,81.8182%,4,18,22,5,0,4,13
0x889ffb,81.8182%,4,18,22,0,0,4,18
0x50aaa8,0%,4,0,4,0,0,4,0
0x9c5469,50%,4,4,8,0,4,0,4
0x94dc25,99.3186%,4,583,587,583,4,0,0
0x8e51c0,99.7374%,4,1519,1523,1519,4,0,0
0x88a22c,89.7436%,4,35,39,0,0,4,35
0xa41ed5,87.0968%,4,27,31,0,0,4,27
0x9a1c4f,97.7401%,4,173,177,173,4,0,0
0x5edc44,99.604%,4,1006,1010,1006,4,0,0
0xa46b14,77.7778%,4,14,18,14,4,0,0
0x9e217d,42.8571%,4,3,7,0,0,4,3
0x53ee5b,0%,4,0,4,0,0,4,0
0x9e2c80,82.6087%,4,19,23,19,4,0,0
0x496199,66.6667%,4,8,12,0,0,4,8
0x9ff705,81.8182%,4,18,22,0,0,4,18
0x5df0f4,99.7423%,4,1548,1552,0,0,4,1548
0xaae1b4,99.894%,4,3768,3772,3768,4,0,0
0x5ebdab,42.8571%,4,3,7,0,0,4,3
0x7f1304,42.8571%,4,3,7,0,0,4,3
0xa5869a,50%,4,4,8,4,4,0,0
0xa6bdee,0%,4,0,4,0,4,0,0
0x5ef99f,95.1807%,4,79,83,62,4,0,17
0x8bdcf2,63.6364%,4,7,11,3,2,2,4
0x944ffe,98.8473%,4,343,347,343,4,0,0
0x99b03f,60%,4,6,10,0,0,4,6
0x959cec,0%,4,0,4,0,4,0,0
0x4ade2a,77.7778%,4,14,18,0,0,4,14
0x96ad7f,42.8571%,4,3,7,0,0,4,3
0x79306b,60%,4,6,10,0,0,4,6
0x8f34fe,66.6667%,4,8,12,0,0,4,8
0xa48c72,97.6048%,4,163,167,0,0,4,163
0xa64c1d,33.3333%,4,2,6,0,0,4,2
0x8f0d19,90%,4,36,40,0,0,4,36
0x8ea167,99.8383%,4,2470,2474,2470,4,0,0
0x98cb07,98.2301%,4,222,226,0,0,4,222
0x95b5a8,82.6087%,4,19,23,3,1,3,16
0x97344b,42.8571%,4,3,7,0,0,4,3
0x5b208f,77.7778%,4,14,18,14,4,0,0
0x667133,97.9275%,4,189,193,189,4,0,0
0x40f6b1,98.5294%,4,268,272,1,3,1,267
0x4ac64b,73.3333%,4,11,15,0,2,2,11
0xaabb85,50%,4,4,8,4,0,4,0
0x47fcef,78.9474%,4,15,19,15,4,0,0
0x4816e7,78.9474%,4,15,19,15,4,0,0
0x9a6fd9,55.5556%,4,5,9,0,0,4,5
0x99eb15,69.2308%,4,9,13,0,0,4,9
0xa26c68,60%,4,6,10,0,0,4,6
0xa26bd1,33.3333%,4,2,6,0,2,2,2
0x480566,89.4737%,4,34,38,34,4,0,0
0x441d75,63.6364%,4,7,11,7,4,0,0
0x4813d3,78.9474%,4,15,19,0,0,4,15
0x951b52,55.5556%,4,5,9,5,4,0,0
0x4b70e6,63.6364%,4,7,11,7,4,0,0
0x480ed7,78.9474%,4,15,19,0,0,4,15
0x9e5404,89.7436%,4,35,39,35,4,0,0
0x8bad4b,77.7778%,4,14,18,14,4,0,0
0x9e2cea,69.2308%,4,9,13,0,0,4,9
0x60c5dd,20%,4,1,5,1,4,0,0
0xa0a5f7,0%,4,0,4,0,4,0,0
0xa0295c,98.419%,4,249,253,0,0,4,249
0x9f0655,60%,4,6,10,0,2,2,6
0x95ae90,82.6087%,4,19,23,19,4,0,0
0x482296,89.4737%,4,34,38,27,2,2,7
0x5b39f1,0%,4,0,4,0,0,4,0
0x60bc53,77.7778%,4,14,18,5,1,3,9
0xb179a5,99.623%,4,1057,1061,0,0,4,1057
0x4834f1,85.1852%,4,23,27,23,4,0,0
0x9f8523,55.5556%,4,5,9,0,0,4,5
0x88a11d,81.8182%,4,18,22,0,0,4,18
0x5b8e5d,0%,4,0,4,0,4,0,0
0x5b8de8,0%,4,0,4,0,4,0,0
0x5b8de0,0%,4,0,4,0,0,4,0
0x44162e,63.6364%,4,7,11,0,0,4,7
0x5467c6,42.8571%,4,3,7,3,2,2,0
0x48327b,86.2069%,4,25,29,25,4,0,0
0xa47316,90.4762%,4,38,42,0,0,4,38
0x6d11ef,0%,4,0,4,0,4,0,0
0x96ae75,78.9474%,4,15,19,0,0,4,15
0x606f12,80%,4,16,20,6,4,0,10
0x4aca60,73.3333%,4,11,15,3,3,1,8
0x4ac717,73.3333%,4,11,15,0,2,2,11
0x5c4585,99.5434%,4,872,876,0,0,4,872
0x8dec9a,33.3333%,4,2,6,0,4,0,2
0x973208,90%,4,36,40,0,0,4,36
0x5efc09,66.6667%,4,8,12,8,4,0,0
0xaadb02,93.75%,4,60,64,0,0,4,60
0xa5f29e,0%,4,0,4,0,0,4,0
0x99aa30,96.0784%,4,98,102,0,0,4,98
0x667395,90%,4,36,40,0,0,4,36
0x492d70,93.8462%,4,61,65,0,0,4,61
0x4c4c7b,73.3333%,4,11,15,0,0,4,11
0x593118,33.3333%,4,2,6,2,4,0,0
0x88e01d,33.3333%,4,2,6,2,4,0,0
0x4936d4,96.875%,4,124,128,0,3,1,124
0x58bdf9,94.7368%,4,72,76,72,4,0,0
0xa533c0,0%,4,0,4,0,4,0,0
0xa04bf5,89.4737%,4,34,38,34,4,0,0
0x9f6a17,80%,4,16,20,16,4,0,0
0xa545ea,33.3333%,4,2,6,2,4,0,0
0x5a96ab,20%,4,1,5,0,0,4,1
0x97815e,96.9925%,4,129,133,129,4,0,0
0x97774b,99.5465%,4,878,882,878,4,0,0
0x9fe196,84%,4,21,25,0,0,4,21
0xa920b7,0%,4,0,4,0,4,0,0
0x977502,98.4375%,4,252,256,0,0,4,252
0xa3e302,50%,4,4,8,0,0,4,4
0xa525ea,98.0198%,4,198,202,100,1,3,98
0xa4b697,80%,4,16,20,16,4,0,0
0x970fd4,42.8571%,4,3,7,1,4,0,2
0x9bdbae,0%,4,0,4,0,4,0,0
0x9c504b,50%,4,4,8,0,4,0,4
0x977d3a,97.2028%,4,139,143,139,4,0,0
0xa06049,0%,4,0,4,0,0,4,0
0xa5b460,0%,4,0,4,0,4,0,0
0xa2772c,60%,4,6,10,3,3,1,3
0x49cdec,88.5714%,4,31,35,0,0,4,31
0x9a3a07,69.2308%,4,9,13,0,0,4,9
0x9a3a5d,69.2308%,4,9,13,8,3,1,1
0x7c6f0b,50%,4,4,8,0,4,0,4
0x9bd52e,0%,4,0,4,0,4,0,0
0x6083c8,96.8254%,4,122,126,122,4,0,0
0x9abd04,73.3333%,4,11,15,5,0,4,6
0x9bdb0b,0%,4,0,4,0,0,4,0
0x48fa12,60%,4,6,10,0,0,4,6
0x6410a8,99.0431%,4,414,418,0,0,4,414
0xaa3073,96.0784%,4,98,102,98,4,0,0
0x5abdf6,55.5556%,4,5,9,5,4,0,0
0x49cdb0,69.2308%,4,9,13,8,0,4,1
0x4993e8,90.9091%,4,40,44,40,4,0,0
0x482313,55.5556%,4,5,9,5,4,0,0
0x9f3ac5,33.3333%,4,2,6,2,0,4,0
0x99cf6d,55.5556%,4,5,9,0,0,4,5
0x9732e9,90.4762%,4,38,42,0,4,0,38
0x5a94b7,87.8788%,4,29,33,27,1,3,2
0x5a94f1,20%,4,1,5,0,0,4,1
0x5a9505,20%,4,1,5,1,4,0,0
0x80bd9d,73.3333%,4,11,15,0,0,4,11
0x5ae64a,84%,4,21,25,21,0,4,0
0xa63be8,96.748%,4,119,123,119,4,0,0
0xaaaedd,50%,4,4,8,0,4,0,4
0xaa4ea4,97.2789%,4,143,147,143,4,0,0
0xa9ca6b,60%,4,6,10,6,4,0,0
0xa29f47,75%,4,12,16,12,4,0,0
0xa29762,0%,4,0,4,0,0,4,0
0x5511d8,80.9524%,4,17,21,16,1,3,1
0xa296f4,75%,4,12,16,7,2,2,5
0x9a67ba,55.5556%,4,5,9,3,4,0,2
0x8ee67b,0%,4,0,4,0,4,0,0
0x5442ed,92.9825%,4,53,57,0,0,4,53
0x5a96f4,50%,4,4,8,0,0,4,4
0x59c58e,95.6044%,4,87,91,87,4,0,0
0x9a1374,86.6667%,4,26,30,26,4,0,0
0x78f5fc,80.9524%,4,17,21,2,4,0,15
0x9e88cc,86.6667%,4,26,30,26,4,0,0
0x54d1bd,73.3333%,4,11,15,11,4,0,0
0x5a0161,20%,4,1,5,1,4,0,0
0xa56844,66.6667%,4,8,12,3,3,1,5
0x5d8007,99.6777%,4,1237,1241,0,0,4,1237
0x9197a5,99.5838%,4,957,961,0,0,4,957
0x58c597,66.6667%,4,8,12,0,4,0,8
0x60c416,20%,4,1,5,1,4,0,0
0x4b5a7d,99.8749%,4,3193,3197,0,0,4,3193
0x8ec9e1,0%,4,0,4,0,0,4,0
0xa51d76,50%,4,4,8,4,4,0,0
0x4c75be,0%,4,0,4,0,4,0,0
0xa58873,96.5517%,4,112,116,0,0,4,112
0x971199,20%,4,1,5,1,4,0,0
0x5b1813,94.6667%,4,71,75,1,0,4,70
0x506f2a,80%,4,16,20,16,4,0,0
0x970eed,99.7308%,4,1482,1486,1482,4,0,0
0x7acd4b,80.9524%,4,17,21,15,4,0,2
0x4a0318,85.7143%,4,24,28,0,0,4,24
0xa2975a,0%,4,0,4,0,0,4,0
0x490c7f,82.6087%,4,19,23,2,4,0,17
0x97132c,42.8571%,4,3,7,3,2,2,0
0x499226,76.4706%,4,13,17,13,4,0,0
0x58de58,97.2414%,4,141,145,71,4,0,70
0x9e297b,73.3333%,4,11,15,0,0,4,11
0x7b011c,60%,4,6,10,4,0,4,2
0xa72400,0%,4,0,4,0,0,4,0
0xa16076,83.3333%,4,20,24,9,3,1,11
0x99f307,96.8504%,4,123,127,123,4,0,0
0x97149a,73.3333%,4,11,15,7,0,4,4
0x404eb2,94.4444%,4,68,72,68,4,0,0
0x94c925,93.75%,4,60,64,0,0,4,60
0x99c96d,99.4695%,4,750,754,750,4,0,0
0x8bb683,82.6087%,4,19,23,6,4,0,13
0x5afead,80.9524%,4,17,21,0,0,4,17
0x5f1364,89.1892%,4,33,37,33,4,0,0
0x99bb1e,97.8947%,4,186,190,0,0,4,186
0x550e0a,83.3333%,4,20,24,3,4,0,17
0xaef70c,0%,4,0,4,0,0,4,0
0x5f202e,87.8788%,4,29,33,29,4,0,0
0x640340,99.5838%,4,957,961,0,0,4,957
0xa4fe0d,0%,4,0,4,0,0,4,0
0x538cf4,81.8182%,4,18,22,9,2,2,9
0xa8a6df,95.1807%,4,79,83,0,0,4,79
0x9d0b9d,92.1569%,4,47,51,0,0,4,47
0x538b9e,63.6364%,4,7,11,7,0,4,0
0xaa2619,81.8182%,4,18,22,11,0,4,7
0x48af9e,99.2593%,4,536,540,536,4,0,0
0x80f322,0%,4,0,4,0,4,0,0
0xa50f87,89.4737%,4,34,38,0,0,4,34
0x9f7fa6,71.4286%,4,10,14,10,4,0,0
0x63aacd,99.5128%,4,817,821,817,4,0,0
0x50331b,89.7436%,4,35,39,35,4,0,0
0x9c4e17,20%,4,1,5,0,1,3,1
0x9c4ecf,0%,4,0,4,0,0,4,0
0x9d0ba6,92.1569%,4,47,51,0,0,4,47
0xa4d345,88.8889%,4,32,36,0,0,4,32
0xb31397,99.5872%,4,965,969,0,0,4,965
0xa4a38a,87.0968%,4,27,31,14,4,0,13
0x976eaf,20%,4,1,5,1,1,3,0
0xa53e7b,97.561%,4,160,164,0,0,4,160
0x9c5032,50%,4,4,8,0,0,4,4
0x80f45f,50%,4,4,8,0,4,0,4
0x9a483b,50%,4,4,8,0,0,4,4
0x6d9a86,50%,4,4,8,0,0,4,4
0x980af2,94.5946%,4,70,74,70,4,0,0
0x5f35a6,42.8571%,4,3,7,3,4,0,0
0x837d88,95.6989%,4,89,93,89,4,0,0
0x50d8d1,69.2308%,4,9,13,9,4,0,0
0x8e72fb,98.7915%,4,327,331,0,0,4,327
0x65a058,98.419%,4,249,253,0,0,4,249
0xa553ad,96.4912%,4,110,114,0,0,4,110
0x9d0997,92.1569%,4,47,51,47,0,4,0
0x53fb4e,0%,4,0,4,0,2,2,0
0x5925ac,96.6667%,4,116,120,0,2,2,116
0x8378a6,20%,4,1,5,0,3,1,1
0x9d312c,93.1034%,4,54,58,0,0,4,54
0x538fbc,63.6364%,4,7,11,0,0,4,7
0x8d3e6d,73.3333%,4,11,15,2,1,3,9
0xa336b9,99.537%,4,860,864,0,0,4,860
0x722cb5,60%,4,6,10,0,2,2,6
0x50b7ae,0%,4,0,4,0,0,4,0
0x804112,93.3333%,4,56,60,0,0,4,56
0xa2f99f,95.1807%,4,79,83,0,0,4,79
0x53906e,96.9697%,4,128,132,0,0,4,128
0x505a81,0%,4,0,4,0,4,0,0
0xa54ad2,50%,4,4,8,4,4,0,0
0x8f39e8,97.7011%,4,170,174,0,0,4,170
0x50b199,90.9091%,4,40,44,39,1,3,1
0x505a58,0%,4,0,4,0,0,4,0
0x63fa31,99.5838%,4,957,961,957,4,0,0
0x9a736d,71.4286%,4,10,14,1,3,1,9
0xa8e675,20%,4,1,5,0,4,0,1
0xa4fea9,0%,4,0,4,0,0,4,0
0x63ccea,98%,4,196,200,196,4,0,0
0x97b75b,88.5714%,4,31,35,31,4,0,0
0xa4cc0e,0%,4,0,4,0,0,4,0
0xa4ca1d,0%,4,0,4,0,4,0,0
0x5f53ea,66.6667%,4,8,12,0,0,4,8
0xa4c7a3,0%,4,0,4,0,0,4,0
0xa4c68e,0%,4,0,4,0,0,4,0
0x80dac7,98.1818%,4,216,220,0,0,4,216
0x49bf9a,33.3333%,4,2,6,0,0,4,2
0x906693,96.3636%,4,106,110,0,0,4,106
0x83428e,92.4528%,4,49,53,0,0,4,49
0x404f24,66.6667%,4,8,12,8,4,0,0
0xa04acd,88.8889%,4,32,36,32,4,0,0
0x61f3d5,80%,4,16,20,0,0,4,16
0x81e995,94.7368%,4,72,76,0,0,4,72
0x78bfd7,55.5556%,4,5,9,3,4,0,2
0x9fcbbb,77.7778%,4,14,18,0,0,4,14
0x9fd22e,42.8571%,4,3,7,3,4,0,0
0x9fd023,42.8571%,4,3,7,3,4,0,0
0x5fbe15,96.4286%,4,108,112,0,0,4,108
0x98c733,88.8889%,4,32,36,0,0,4,32
0x9c538e,50%,4,4,8,0,0,4,4
0x8e37e1,97.4843%,4,155,159,155,4,0,0
0x9c549e,0%,4,0,4,0,4,0,0
0x482b7a,78.9474%,4,15,19,15,4,0,0
0x8a8c48,99.3162%,4,581,585,45,0,4,536
0x984f8e,66.6667%,4,8,12,0,4,0,8
0x481c92,55.5556%,4,5,9,5,4,0,0
0x9a9ed4,84.6154%,4,22,26,22,4,0,0
0xa374b8,42.8571%,4,3,7,3,4,0,0
0xa4f74c,89.4737%,4,34,38,17,3,1,17
0x8dd0a8,96.0396%,4,97,101,0,0,4,97
0x555841,0%,4,0,4,0,4,0,0
0xa27818,50%,4,4,8,4,4,0,0
0xa96d9c,80.9524%,4,17,21,17,4,0,0
0x9428ad,98.2533%,4,225,229,225,4,0,0
0xb4a162,99.5825%,4,954,958,0,0,4,954
0x984372,50%,4,4,8,0,0,4,4
0xa96e9c,80.9524%,4,17,21,17,0,4,0
0xa5418a,0%,4,0,4,0,4,0,0
0xa32df7,98.0952%,4,206,210,0,0,4,206
0x9ed82a,93.75%,4,60,64,60,4,0,0
0x441997,63.6364%,4,7,11,0,0,4,7
0x98490a,66.6667%,4,8,12,0,0,4,8
0x984913,66.6667%,4,8,12,4,4,0,4
0xa3058d,0%,4,0,4,0,4,0,0
0x6709dc,78.9474%,4,15,19,15,4,0,0
0x9edca0,93.75%,4,60,64,60,4,0,0
0x9f03a7,98.9556%,4,379,383,0,0,4,379
0x811581,20%,4,1,5,1,4,0,0
0x66f69f,76.4706%,4,13,17,0,0,4,13
0xa051cd,42.8571%,4,3,7,0,0,4,3
0x981dae,0%,4,0,4,0,4,0,0
0x80d868,99.1379%,4,460,464,0,0,4,460
0x983f2e,50%,4,4,8,0,0,4,4
0x80babd,90.9091%,4,40,44,0,0,4,40
0x51af57,94.8052%,4,73,77,0,2,2,73
0x4a6439,50%,4,4,8,4,4,0,0
0x40ec20,99.2308%,4,516,520,256,4,0,260
0x81bc33,98.0583%,4,202,206,0,2,2,202
0x5396f7,96.3303%,4,105,109,60,2,2,45
0x53969e,96.3303%,4,105,109,0,0,4,105
0xa52aea,83.3333%,4,20,24,20,4,0,0
0xa21143,0%,4,0,4,0,4,0,0
0xa21174,0%,4,0,4,0,4,0,0
0x78f0cc,75%,4,12,16,5,1,3,7
0xa09504,66.6667%,4,8,12,0,0,4,8
0xa0950c,66.6667%,4,8,12,0,0,4,8
0xa96678,50%,4,4,8,4,4,0,0
0x8fd4e9,96.4602%,4,109,113,3,1,3,106
0x677463,94.5205%,4,69,73,1,1,3,68
0xa21282,66.6667%,4,8,12,8,0,4,0
0x5f9250,42.8571%,4,3,7,2,2,2,1
0x5c6b55,99.7478%,4,1582,1586,0,0,4,1582
0x78a67c,75%,4,12,16,4,2,2,8
0x53ec60,20%,4,1,5,0,0,4,1
0xa37cbd,20%,4,1,5,1,4,0,0
0x94cadb,90%,4,36,40,36,4,0,0
0x495efb,92.7273%,4,51,55,51,4,0,0
0x50fe37,0%,4,0,4,0,2,2,0
0x8f75bb,97.4522%,4,153,157,153,4,0,0
0x97ab2a,77.7778%,4,14,18,0,4,0,14
0x9e0da3,82.6087%,4,19,23,19,4,0,0
0x78d5d7,94.2029%,4,65,69,5,0,4,60
0x9f50fa,92.3077%,4,48,52,48,4,0,0
0xa42fba,0%,4,0,4,0,4,0,0
0xa45374,98.8506%,4,344,348,0,0,4,344
0x4ba0d6,98.4674%,4,257,261,0,0,4,257
0xa95683,0%,4,0,4,0,4,0,0
0xb17a53,99.4406%,4,711,715,0,0,4,711
0x5db021,0%,4,0,4,0,4,0,0
0x789d0e,33.3333%,4,2,6,0,4,0,2
0x90271b,99.6251%,4,1063,1067,0,0,4,1063
0xa44f97,77.7778%,4,14,18,0,4,0,14
0x40370b,99.4943%,4,787,791,0,0,4,787
0x4bb0f4,99.2674%,4,542,546,15,3,1,527
0x5912dc,98.374%,4,242,246,0,0,4,242
0x9d1c34,33.3333%,4,2,6,0,1,3,2
0x4b4b74,98.4615%,4,256,260,0,0,4,256
0x9feaeb,42.8571%,4,3,7,3,4,0,0
0x5ff4b9,60%,4,6,10,4,2,2,2
0x618999,63.6364%,4,7,11,0,0,4,7
0x8c838d,86.6667%,4,26,30,0,0,4,26
0x98cd13,99.7546%,4,1626,1630,0,0,4,1626
0xa44cf9,0%,4,0,4,0,0,4,0
0xa64d40,0%,4,0,4,0,4,0,0
0xa44c39,0%,4,0,4,0,4,0,0
0xa9578a,0%,4,0,4,0,4,0,0
0xa96296,50%,4,4,8,0,0,4,4
0xa44be8,0%,4,0,4,0,0,4,0
0x8efa46,97.9167%,4,188,192,0,0,4,188
0xa09747,33.3333%,4,2,6,0,1,3,2
0x838b0b,33.3333%,4,2,6,2,0,4,0
0xa984a1,0%,4,0,4,0,0,4,0
0xa9ec17,0%,4,0,4,0,4,0,0
0xa1aac1,20%,4,1,5,1,4,0,0
0xa50aca,71.4286%,4,10,14,0,0,4,10
0x4b9e8b,97.6048%,4,163,167,8,4,0,155
0xa50a63,88.8889%,4,32,36,0,0,4,32
0x94ac80,95%,4,76,80,0,0,4,76
0xa50b54,78.9474%,4,15,19,3,2,2,12
0xa1a2c5,55.5556%,4,5,9,0,0,4,5
0xa1a2d9,55.5556%,4,5,9,5,4,0,0
0xa50a24,98.8827%,4,354,358,0,0,4,354
0x627c6b,82.6087%,4,19,23,19,4,0,0
0x805f41,98.2301%,4,222,226,0,0,4,222
0x533c55,91.1111%,4,41,45,5,4,0,36
0x837412,20%,4,1,5,1,0,4,0
0xa52da4,94.8052%,4,73,77,73,4,0,0
0x810429,98.6928%,4,302,306,302,1,3,0
0x999f49,20%,4,1,5,1,3,1,0
0x8386e2,20%,4,1,5,1,4,0,0
0x83812d,20%,4,1,5,0,0,4,1
0x808333,85.1852%,4,23,27,23,0,4,0
0x80eab5,99.2395%,4,522,526,0,0,4,522
0x99a047,20%,4,1,5,1,4,0,0
0x557ba8,50%,4,4,8,4,4,0,0
0x9f0507,95.7895%,4,91,95,91,4,0,0
0xa51034,99.2095%,4,502,506,0,0,4,502
0xa48694,0%,4,0,4,0,4,0,0
0x4b801b,63.6364%,4,7,11,6,3,1,1
0x53e8c1,97.4026%,4,150,154,0,0,4,150
0x8ee708,98.9218%,4,367,371,0,0,4,367
0x58c3ab,0%,4,0,4,0,4,0,0
0x8fdaf0,77.7778%,4,14,18,0,0,4,14
0x5033fb,89.1892%,4,33,37,33,2,2,0
0xa9012f,97.351%,4,147,151,0,0,4,147
0x7c9e1a,0%,4,0,4,0,0,4,0
0x8f21b3,89.1892%,4,33,37,1,0,4,32
0x5cd3ac,96.875%,4,124,128,0,0,4,124
0x40ee1f,50%,4,4,8,0,0,4,4
0x59321d,85.7143%,4,24,28,10,4,0,14
0x5ffbe1,91.3043%,4,42,46,0,0,4,42
0xa420bb,63.6364%,4,7,11,7,4,0,0
0x9e6099,77.7778%,4,14,18,0,0,4,14
0x78697e,66.6667%,4,8,12,0,0,4,8
0x943ade,55.5556%,4,5,9,0,0,4,5
0x4b3941,0%,4,0,4,0,0,4,0
0x4a2159,0%,4,0,4,0,4,0,0
0x619eba,20%,4,1,5,0,0,4,1
0x9a6294,97.0803%,4,133,137,133,0,4,0
0x8d46b7,20%,4,1,5,1,4,0,0
0xa1b1c1,20%,4,1,5,1,4,0,0
0x55809c,99.3921%,4,654,658,0,4,0,654
0xa50d6a,0%,4,0,4,0,4,0,0
0x9d1181,96.1538%,4,100,104,100,4,0,0
0x9e102c,85.1852%,4,23,27,0,0,4,23
0xa99f67,60%,4,6,10,0,0,4,6
0x9f0a78,85.7143%,4,24,28,24,4,0,0
0x547a5b,0%,4,0,4,0,0,4,0
0x8e0219,0%,4,0,4,0,0,4,0
0x53f15c,0%,4,0,4,0,0,4,0
0xa97e21,55.5556%,4,5,9,0,0,4,5
0xb498ec,66.6667%,4,8,12,0,0,4,8
0x53f154,50%,4,4,8,4,0,4,0
0x9e6285,94.4444%,4,68,72,0,0,4,68
0xa1b592,50%,4,4,8,4,4,0,0
0x534bff,80%,4,16,20,16,4,0,0
0xa4862e,0%,4,0,4,0,4,0,0
0x5bbd2b,0%,4,0,4,0,4,0,0
0x94b198,96.2617%,4,103,107,103,4,0,0
0xa63b72,96.8%,4,121,125,121,2,2,0
0x806732,60%,4,6,10,6,4,0,0
0xa90ed3,0%,4,0,4,0,0,4,0
0x40ffe8,90.4762%,4,38,42,0,0,4,38
0x53e94e,97.4026%,4,150,154,150,4,0,0
0xa9ba3d,63.6364%,4,7,11,0,0,4,7
0x53e797,0%,4,0,4,0,0,4,0
0x63ea14,99.6937%,4,1302,1306,1302,4,0,0
0x533656,42.8571%,4,3,7,0,0,4,3
0xa63c33,99.262%,4,538,542,0,2,2,538
0x8e21af,0%,4,0,4,0,0,4,0
0xa978ab,60%,4,6,10,6,4,0,0
0x5f8dd9,96.9697%,4,128,132,0,2,2,128
0xa05f6f,20%,4,1,5,0,0,4,1
0x511ec1,99.7647%,4,1696,1700,0,4,0,1696
0x5d4543,0%,4,0,4,0,4,0,0
0x53584d,20%,4,1,5,0,0,4,1
0x53bb83,96.9697%,4,128,132,0,0,4,128
0x5f86b5,94.7368%,4,72,76,0,3,1,72
0x9d09a4,0%,4,0,4,0,0,4,0
0x5f5505,33.3333%,4,2,6,0,0,4,2
0xa07750,20%,4,1,5,1,4,0,0
0xa9d283,0%,4,0,4,0,4,0,0
0x5f5657,0%,4,0,4,0,4,0,0
0x5f568a,0%,4,0,4,0,4,0,0
0x8e0033,77.7778%,4,14,18,2,4,0,12
0xa9626f,0%,4,0,4,0,0,4,0
0xa91b57,97.0803%,4,133,137,0,0,4,133
0x5da2bd,0%,4,0,4,0,4,0,0
0xaa7f0d,66.6667%,4,8,12,0,0,4,8
0x9ee17f,33.3333%,4,2,6,0,0,4,2
0xa06039,0%,4,0,4,0,0,4,0
0xa52f57,80%,4,16,20,0,0,4,16
0x59f993,0%,4,0,4,0,0,4,0
0x5f836a,85.1852%,4,23,27,2,4,0,21
0xa2f314,0%,4,0,4,0,4,0,0
0x9f2630,89.7436%,4,35,39,0,0,4,35
0xa96aa9,55.5556%,4,5,9,0,0,4,5
0x9fe19b,84%,4,21,25,0,0,4,21
0x9f7a80,95.6522%,4,88,92,88,4,0,0
0x9d1bc5,78.9474%,4,15,19,0,2,2,15
0xa3585f,99.4695%,4,750,754,0,0,4,750
0xaa127b,0%,4,0,4,0,0,4,0
0x8fcf21,93.75%,4,60,64,60,4,0,0
0xa56eb9,98.9583%,4,380,384,0,0,4,380
0x4a5b45,90.9091%,4,40,44,0,0,4,40
0x5f13f5,90%,4,36,40,36,4,0,0
0x8e9389,0%,4,0,4,0,0,4,0
0x506255,63.6364%,4,7,11,7,4,0,0
0x9c3da9,98.8439%,4,342,346,342,4,0,0
0x4a5925,89.7436%,4,35,39,35,4,0,0
0xa953aa,0%,4,0,4,0,4,0,0
0x4a5917,92.7273%,4,51,55,0,0,4,51
0xad4523,33.3333%,4,2,6,2,4,0,0
0xb1bae6,99.602%,4,1001,1005,1001,4,0,0
0x4a5d5a,86.6667%,4,26,30,26,4,0,0
0x65c32e,93.6508%,4,59,63,59,4,0,0
0x49c925,77.7778%,4,14,18,14,4,0,0
0xa016bb,50%,4,4,8,3,3,1,1
0xa0166b,50%,4,4,8,4,4,0,0
0xa0a5d1,50%,4,4,8,0,4,0,4
0x858f29,69.2308%,4,9,13,5,2,2,4
0x5fe51c,0%,4,0,4,0,4,0,0
0x9f35e7,0%,4,0,4,0,4,0,0
0xa9ea63,98.2301%,4,222,226,222,4,0,0
0x8aa9c9,93.6508%,4,59,63,0,0,4,59
0x9a6568,0%,4,0,4,0,0,4,0
0x50b419,0%,4,0,4,0,0,4,0
0xa5a0c7,42.8571%,4,3,7,0,3,1,3
0x480e22,55.5556%,4,5,9,5,4,0,0
0x5eaecb,0%,4,0,4,0,0,4,0
0x5bb801,99.5863%,4,963,967,0,0,4,963
0x540f4d,50%,4,4,8,0,0,4,4
0x9d111f,98.4314%,4,251,255,0,4,0,251
0x50403f,85.1852%,4,23,27,23,4,0,0
0x8e4c90,90.9091%,4,40,44,0,0,4,40
0xa96d7a,80.9524%,4,17,21,0,0,4,17
0x9d0efa,98.513%,4,265,269,0,0,4,265
0xa34f52,97.2973%,4,144,148,144,4,0,0
0x984126,93.8462%,4,61,65,61,4,0,0
0x50b4b8,0%,4,0,4,0,4,0,0
0x6d1118,0%,4,0,4,0,4,0,0
0xa5b436,0%,4,0,4,0,4,0,0
0x50b271,0%,4,0,4,0,4,0,0
0x49ffdc,89.1892%,4,33,37,0,0,4,33
0x7f0ca7,94.6667%,4,71,75,0,0,4,71
0x8ebc93,0%,4,0,4,0,0,4,0
0x9eca4a,0%,4,0,4,0,4,0,0
0x7f0d0f,92%,4,46,50,46,4,0,0
0xa4c6ec,0%,4,0,4,0,4,0,0
0x481bba,55.5556%,4,5,9,5,4,0,0
0x5f8189,97.3333%,4,146,150,0,4,0,146
0xa584aa,60%,4,6,10,0,0,4,6
0x7f0c0a,0%,4,0,4,0,4,0,0
0x80fe17,99.3277%,4,591,595,0,0,4,591
0x5b0039,0%,4,0,4,0,4,0,0
0x9fe6be,90%,4,36,40,0,0,4,36
0x8aae3f,20%,4,1,5,1,4,0,0
0xa586fc,50%,4,4,8,2,2,2,2
0xaa3401,78.9474%,4,15,19,8,0,4,7
0x5fb29f,33.3333%,4,2,6,2,4,0,0
0x4a7c03,92.1569%,4,47,51,0,0,4,47
0xa98121,92.9825%,4,53,57,1,1,3,52
0x59edc6,50%,4,4,8,4,0,4,0
0x901a30,98.4127%,4,248,252,248,4,0,0
0xa05684,20%,4,1,5,1,0,4,0
0x5fad7b,73.3333%,4,11,15,11,4,0,0
0x6a3ad8,89.4737%,4,34,38,24,2,2,10
0x9595ec,0%,4,0,4,0,0,4,0
0x8f685e,96.3303%,4,105,109,0,0,4,105
0xa64cec,0%,4,0,4,0,4,0,0
0x90fd08,97.6608%,4,167,171,167,4,0,0
0x5dfd38,0%,4,0,4,0,0,4,0
0xa91754,88.2353%,4,30,34,30,4,0,0
0x977442,77.7778%,4,14,18,2,4,0,12
0x8f7c0f,97.4522%,4,153,157,153,2,2,0
0x40bd9f,0%,4,0,4,0,4,0,0
0x96b218,87.5%,4,28,32,0,0,4,28
0x984191,55.5556%,4,5,9,5,4,0,0
0x8dc448,0%,4,0,4,0,0,4,0
0xaa56f9,95.6989%,4,89,93,0,0,4,89
0xa58727,0%,4,0,4,0,0,4,0
0x9fc4a5,98.1395%,4,211,215,211,4,0,0
0x985125,0%,4,0,4,0,0,4,0
0x9c5583,0%,4,0,4,0,4,0,0
0x99e2d2,69.2308%,4,9,13,9,4,0,0
0x504934,73.3333%,4,11,15,0,0,4,11
0x502d65,97.8947%,4,186,190,186,4,0,0
0x820a75,50%,4,4,8,0,0,4,4
0xa9988b,20%,4,1,5,1,4,0,0
0xb6a0fd,20%,4,1,5,0,0,4,1
0x5ff3bb,75%,4,12,16,8,2,2,4
0xa2e896,92.4528%,4,49,53,0,0,4,49
0x810508,88.2353%,4,30,34,0,0,4,30
0xa8a814,97.7143%,4,171,175,0,4,0,171
0x59e9f1,50%,4,4,8,2,2,2,2
0x810968,66.6667%,4,8,12,0,4,0,8
0x59e8a9,50%,4,4,8,0,4,0,4
0x59e6e8,50%,4,4,8,4,0,4,0
0x638f91,98.8166%,4,334,338,334,4,0,0
0x980fba,94.0299%,4,63,67,61,4,0,2
0x97477f,76.4706%,4,13,17,0,0,4,13
0x793e4a,80.9524%,4,17,21,15,0,4,2
0x791152,89.7436%,4,35,39,9,1,3,26
0x974752,0%,4,0,4,0,4,0,0
0xa41520,84%,4,21,25,0,0,4,21
0x61026e,87.8788%,4,29,33,0,0,4,29
0x8434c7,0%,4,0,4,0,0,4,0
0x5338b4,77.7778%,4,14,18,14,4,0,0
0x88dfaf,33.3333%,4,2,6,0,0,4,2
0x4a8519,60%,4,6,10,0,2,2,6
0x70c2c9,33.3333%,4,2,6,0,0,4,2
0x5db29b,0%,4,0,4,0,4,0,0
0x5d309e,0%,4,0,4,0,4,0,0
0x5db4fe,0%,4,0,4,0,0,4,0
0xa0ba42,20%,4,1,5,0,1,3,1
0x9c5546,50%,4,4,8,4,4,0,0
0x9f0852,20%,4,1,5,1,0,4,0
0x8dca29,96.3636%,4,106,110,0,0,4,106
0xaa34d4,99.5671%,4,920,924,920,4,0,0
0xa956d4,0%,4,0,4,0,0,4,0
0xa95960,0%,4,0,4,0,4,0,0
0x67eece,60%,4,6,10,6,4,0,0
0xa94b67,0%,4,0,4,0,4,0,0
0x5dfd2f,0%,4,0,4,0,0,4,0
0x5f871e,50%,4,4,8,0,4,0,4
0xa95a39,0%,4,0,4,0,0,4,0
0xa2d9cf,99.3432%,4,605,609,0,4,0,605
0x5f870e,50%,4,4,8,0,0,4,4
0x9e725a,87.8788%,4,29,33,3,4,0,26
0x8ad93a,76.4706%,4,13,17,13,4,0,0
0x9e3da0,63.6364%,4,7,11,0,0,4,7
0x68b04d,0%,4,0,4,0,4,0,0
0xa2d42c,0%,4,0,4,0,0,4,0
0x5b8f34,0%,4,0,4,0,4,0,0
0x5f968a,50%,4,4,8,0,0,4,4
0x67e4e0,81.8182%,4,18,22,0,0,4,18
0x7d1f04,0%,4,0,4,0,4,0,0
0xa2124e,50%,4,4,8,0,0,4,4
0xa928a1,33.3333%,4,2,6,2,4,0,0
0x5d4b44,50%,4,4,8,4,4,0,0
0x94cbd2,93.75%,4,60,64,60,4,0,0
0x61145a,90.4762%,4,38,42,0,0,4,38
0xa3d8f8,50%,4,4,8,0,0,4,4
0x973378,55.5556%,4,5,9,4,3,1,1
0x5d454f,71.4286%,4,10,14,0,0,4,10
0x68b13b,0%,4,0,4,0,4,0,0
0x53b96d,96.9697%,4,128,132,0,0,4,128
0x5f91c2,0%,4,0,4,0,4,0,0
0x647933,93.75%,4,60,64,60,4,0,0
0x94617d,78.9474%,4,15,19,15,4,0,0
0x7ac790,66.6667%,4,8,12,0,0,4,8
0x805e48,0%,4,0,4,0,4,0,0
0xb2f103,99.95%,4,7991,7995,7991,4,0,0
0xa39715,71.4286%,4,10,14,0,0,4,10
0x7d161e,94.0299%,4,63,67,0,2,2,63
0xa396da,71.4286%,4,10,14,0,0,4,10
0x682e5a,66.6667%,4,8,12,0,0,4,8
0xa0f1c4,66.6667%,4,8,12,3,3,1,5
0x5d148b,0%,4,0,4,0,4,0,0
0xa3d182,50%,4,4,8,0,0,4,4
0x9e706f,42.8571%,4,3,7,0,2,2,3
0x9e72ea,71.4286%,4,10,14,9,4,0,1
0x5db285,0%,4,0,4,0,4,0,0
0x8f1496,99.1131%,4,447,451,0,0,4,447
0x81fcc7,71.4286%,4,10,14,0,0,4,10
0x8e26f5,99.7017%,4,1337,1341,1337,4,0,0
0x53ee7a,0%,4,0,4,0,4,0,0
0x403a17,60%,4,6,10,5,4,0,1
0x4bc1d9,92.8571%,4,52,56,52,4,0,0
0x49c9ea,50%,4,4,8,4,4,0,0
0xa53422,97.9167%,4,188,192,19,1,3,169
0x5f0da3,20%,4,1,5,0,0,4,1
0x506f65,80%,4,16,20,14,4,0,2
0x48fe0e,60%,4,6,10,0,0,4,6
0x494f60,60%,4,6,10,0,4,0,6
0x815fd2,55.5556%,4,5,9,0,0,4,5
0x48bbfd,99.4943%,4,787,791,0,0,4,787
0x8ffc75,94.1176%,4,64,68,0,0,4,64
0x9f226d,95.0617%,4,77,81,76,3,1,1
0x8f34f4,66.6667%,4,8,12,0,0,4,8
0x81fad4,99.3769%,4,638,642,638,4,0,0
0x5ebdb8,42.8571%,4,3,7,3,4,0,0
0x816515,92.3077%,4,48,52,48,4,0,0
0xaaaf7e,99.5157%,4,822,826,822,4,0,0
0x8f2418,75%,4,12,16,0,0,4,12
0x539dc1,99.4616%,4,739,743,0,0,4,739
0x949a5a,92.4528%,4,49,53,0,0,4,49
0x4b8af8,75%,4,12,16,0,0,4,12
0x949909,92.4528%,4,49,53,49,4,0,0
0x9f26a6,99.0741%,4,428,432,428,4,0,0
0x647642,80%,4,16,20,16,4,0,0
0xad4540,20%,4,1,5,1,4,0,0
0xa46818,98.7805%,4,324,328,324,4,0,0
0x4bed51,50%,4,4,8,4,0,4,0
0x8da7f1,33.3333%,4,2,6,0,0,4,2
0x984866,0%,4,0,4,0,4,0,0
0xa02606,99.7319%,4,1488,1492,0,0,4,1488
0x48c4cc,95.8333%,4,92,96,92,4,0,0
0x8a465d,99.3701%,4,631,635,0,0,4,631
0x9ab648,91.4894%,4,43,47,43,0,4,0
0x9d1cd2,81.8182%,4,18,22,18,4,0,0
0xb3768d,99.9278%,4,5538,5542,0,0,4,5538
0xa64fdc,0%,4,0,4,0,4,0,0
0xa64fca,0%,4,0,4,0,4,0,0
0x40974c,42.8571%,4,3,7,3,4,0,0
0x8be45c,77.7778%,4,14,18,0,0,4,14
0x48872b,98.9899%,4,392,396,0,0,4,392
0x8b9b16,99.8627%,4,2909,2913,0,0,4,2909
0x508bd6,98.0676%,4,203,207,0,4,0,203
0x544b16,92.9825%,4,53,57,53,4,0,0
0x590d92,97.6331%,4,165,169,165,4,0,0
0x7d41b8,20%,4,1,5,0,4,0,1
0x81a176,95.6044%,4,87,91,0,1,3,87
0x8df9f0,42.8571%,4,3,7,2,0,4,1
0x9d2ec7,95%,4,76,80,14,1,3,62
0x8bdb02,20%,4,1,5,1,4,0,0
0xa4bc7b,0%,4,0,4,0,4,0,0
0xa03ab0,93.5484%,4,58,62,57,1,3,1
0x405ac3,99.0632%,4,423,427,0,0,4,423
0x402fff,93.8462%,4,61,65,61,4,0,0
0x5d265b,96.9925%,4,129,133,129,4,0,0
0x5d0fb5,80%,4,16,20,0,0,4,16
0x5d3f1a,96.9925%,4,129,133,129,4,0,0
0xa69e14,0%,4,0,4,0,0,4,0
0x8fc04b,99.7294%,4,1474,1478,0,0,4,1474
0x8bdb96,20%,4,1,5,1,4,0,0
0xa8abdf,97.7143%,4,171,175,0,0,4,171
0x959611,0%,4,0,4,0,4,0,0
0x7f031b,78.9474%,4,15,19,0,0,4,15
0x49c7f7,92.8571%,4,52,56,0,0,4,52
0x83899c,20%,4,1,5,1,4,0,0
0x59c649,33.3333%,4,2,6,0,0,4,2
0xa63a97,0%,4,0,4,0,4,0,0
0x805f37,98.2301%,4,222,226,0,0,4,222
0x4a0193,96.0396%,4,97,101,0,0,4,97
0xa04bda,89.4737%,4,34,38,0,0,4,34
0x59f5b8,0%,4,0,4,0,4,0,0
0x9fe5e8,90.9091%,4,40,44,0,0,4,40
0x8ee7b3,97.6471%,4,166,170,0,0,4,166
0x4b5f0c,0%,4,0,4,0,0,4,0
0x5f1d8c,42.8571%,4,3,7,3,4,0,0
0xa51104,0%,4,0,4,0,0,4,0
0xa2a7f1,50%,4,4,8,3,3,1,1
0x8ee5af,90.4762%,4,38,42,0,0,4,38
0x810108,99.4709%,4,752,756,0,0,4,752
0xa499f7,60%,4,6,10,0,0,4,6
0x649921,66.6667%,4,8,12,0,0,4,8
0xa5598b,0%,4,0,4,0,4,0,0
0x8ef183,87.5%,4,28,32,0,0,4,28
0x786957,66.6667%,4,8,12,0,0,4,8
0x5af013,99.4065%,4,670,674,0,0,4,670
0x80c284,88.2353%,4,30,34,30,4,0,0
0x8df63d,55.5556%,4,5,9,5,0,4,0
0x9ecadb,0%,4,0,4,0,4,0,0
0x65170d,89.7436%,4,35,39,35,4,0,0
0x40a642,84.6154%,4,22,26,0,0,4,22
0x8df5d9,90%,4,36,40,0,0,4,36
0x5d002f,0%,4,0,4,0,0,4,0
0x49a48b,75%,4,12,16,0,0,4,12
0x7be092,0%,4,0,4,0,0,4,0
0x9733d8,90%,4,36,40,36,4,0,0
0x8f53e5,99.5585%,4,902,906,0,0,4,902
0x54db4e,89.7436%,4,35,39,0,0,4,35
0x8f6c23,96.3303%,4,105,109,0,0,4,105
0x803758,94.6667%,4,71,75,0,0,4,71
0xa5572e,95.1807%,4,79,83,79,4,0,0
0x4bc5cd,66.6667%,4,8,12,2,0,4,6
0x8160c6,96.1538%,4,100,104,0,0,4,100
0x94d867,99.2509%,4,530,534,530,4,0,0
0x81aed5,99.5255%,4,839,843,839,2,2,0
0xa49fe2,97.2414%,4,141,145,0,0,4,141
0x7c7afa,83.3333%,4,20,24,0,0,4,20
0x48efd0,98.4848%,4,260,264,0,0,4,260
0x77b9f7,83.3333%,4,20,24,18,4,0,2
0x8e9b0c,80%,4,16,20,14,1,3,2
0x8f0bc4,91.6667%,4,44,48,44,4,0,0
0x485823,66.6667%,4,8,12,0,0,4,8
0x746548,20%,4,1,5,1,4,0,0
0x489e3c,94.1176%,4,64,68,0,0,4,64
0x8ed108,33.3333%,4,2,6,0,0,4,2
0x8f201d,89.7436%,4,35,39,35,4,0,0
0x9f6522,97.7654%,4,175,179,0,0,4,175
0x81e9b8,94.7368%,4,72,76,72,4,0,0
0x944774,98.1982%,4,218,222,218,4,0,0
0x8115f1,99.5255%,4,839,843,839,2,2,0
0x4c9f5b,50%,4,4,8,0,0,4,4
0x81e94c,94.7368%,4,72,76,72,4,0,0
0x512879,80%,4,16,20,16,4,0,0
0x403d33,99.6636%,4,1185,1189,0,0,4,1185
0x6964db,92.8571%,4,52,56,52,4,0,0
0x49c189,95.7895%,4,91,95,0,0,4,91
0x49c09c,0%,4,0,4,0,4,0,0
0x90bd77,97.7273%,4,172,176,172,4,0,0
0x40945f,0%,4,0,4,0,0,4,0
0x98408b,94.5946%,4,70,74,0,0,4,70
0x48e594,91.4894%,4,43,47,43,4,0,0
0xa238df,96.3636%,4,106,110,0,0,4,106
0x94d66f,0%,4,0,4,0,4,0,0
0x4c9738,84.6154%,4,22,26,2,0,4,20
0x788c8f,93.2203%,4,55,59,9,1,3,46
0x59258e,96.6667%,4,116,120,113,4,0,3
0xa9b90b,33.3333%,4,2,6,2,4,0,0
0x5eaf65,0%,4,0,4,0,4,0,0
0xb30451,20%,4,1,5,1,4,0,0
0xa44015,93.75%,4,60,64,60,4,0,0
0x7bb47f,50%,4,4,8,4,4,0,0
0x4c52f1,77.7778%,4,14,18,14,4,0,0
0x5ef997,76.4706%,4,13,17,0,0,4,13
0x409d20,95.122%,4,78,82,0,0,4,78
0xa08ca2,50%,4,4,8,4,0,4,0
0xa5084e,0%,4,0,4,0,4,0,0
0x9f484f,50%,4,4,8,0,4,0,4
0xaa81c3,20%,4,1,5,0,0,4,1
0x48f931,60%,4,6,10,0,0,4,6
0x5bbd21,33.3333%,4,2,6,1,1,3,1
0x648807,92.8571%,4,52,56,52,4,0,0
0x81b812,66.6667%,4,8,12,0,0,4,8
0x9f4162,87.8788%,4,29,33,0,0,4,29
0x48f89f,77.7778%,4,14,18,6,0,4,8
0x4bd154,42.8571%,4,3,7,0,0,4,3
0x9d071a,92.1569%,4,47,51,47,4,0,0
0x550339,98.8701%,4,350,354,0,0,4,350
0xa29702,42.8571%,4,3,7,1,2,2,2
0x9f3a5a,0%,4,0,4,0,2,2,0
0x4a1d52,82.6087%,4,19,23,0,0,4,19
0x509ac0,99.2308%,4,516,520,0,0,4,516
0x4aaab1,92.3077%,4,48,52,0,0,4,48
0xa4d472,97.0149%,4,130,134,63,4,0,67
0x542e80,97.3856%,4,149,153,0,0,4,149
0xa65513,0%,4,0,4,0,4,0,0
0x8ea60b,75%,4,12,16,12,0,4,0
0x4a8cb5,91.8367%,4,45,49,3,4,0,42
0xa6553b,0%,4,0,4,0,4,0,0
0x81b721,78.9474%,4,15,19,0,0,4,15
0xa3032e,98.4314%,4,251,255,0,0,4,251
0xa1b03a,20%,4,1,5,0,4,0,1
0xa64c25,33.3333%,4,2,6,0,4,0,2
0x48bd5b,96%,4,96,100,96,4,0,0
0x6dce71,0%,4,0,4,0,4,0,0
0x5d0386,33.3333%,4,2,6,0,3,1,2
0x64af15,93.75%,4,60,64,0,0,4,60
0x816765,94.1176%,4,64,68,0,0,4,64
0x64e041,98.8604%,4,347,351,347,4,0,0
0x4831f8,86.2069%,4,25,29,0,0,4,25
0xa8f808,0%,4,0,4,0,0,4,0
0x8f12c4,90%,4,36,40,36,4,0,0
0x8be63f,77.7778%,4,14,18,14,4,0,0
0x490639,98.5348%,4,269,273,0,0,4,269
0xa5400a,81.8182%,4,18,22,18,4,0,0
0x8e798a,98.3333%,4,236,240,0,0,4,236
0x808cd3,99.5699%,4,926,930,926,4,0,0
0x81b2e7,95.122%,4,78,82,78,4,0,0
0x5f37bd,20%,4,1,5,0,0,4,1
0x4b6288,97.5%,4,156,160,3,2,2,153
0x639b17,0%,4,0,4,0,0,4,0
0x65acbd,71.4286%,4,10,14,10,4,0,0
0x8ed789,90.9091%,4,40,44,40,4,0,0
0x4c7f99,42.8571%,4,3,7,3,4,0,0
0x40def6,96.2963%,4,104,108,104,1,3,0
0x8136e8,98.7879%,4,326,330,326,4,0,0
0x8ed8a0,99.1189%,4,450,454,0,3,1,450
0x8a6af2,33.3333%,4,2,6,1,4,0,1
0x96a103,94.4444%,4,68,72,68,2,2,0
0x8dc46f,0%,4,0,4,0,0,4,0
0x4ac702,73.3333%,4,11,15,0,0,4,11
0x58f6fc,50%,4,4,8,1,1,3,3
0x7c9b3f,0%,4,0,4,0,4,0,0
0x8e9f69,99.7642%,4,1692,1696,0,0,4,1692
0x5f5a75,71.4286%,4,10,14,9,3,1,1
0x81980b,88.2353%,4,30,34,0,0,4,30
0x48334c,86.2069%,4,25,29,25,4,0,0
0xa50121,97.2973%,4,144,148,0,0,4,144
0x980d70,91.4894%,4,43,47,0,0,4,43
0x9a8a50,93.5484%,4,58,62,58,4,0,0
0x9e0460,98.1043%,4,207,211,0,0,4,207
0xa2c1be,95.1807%,4,79,83,79,2,2,0
0xb303c9,20%,4,1,5,1,4,0,0
0x8a675d,55.5556%,4,5,9,0,4,0,5
0x814c6e,90.2439%,4,37,41,0,0,4,37
0x8a7238,98.5714%,4,276,280,276,4,0,0
0x9f3ff3,96.6102%,4,114,118,1,3,1,113
0xa3679d,99.2579%,4,535,539,0,0,4,535
0x8df1a3,97.8947%,4,186,190,0,0,4,186
0x7bdb20,50%,4,4,8,0,0,4,4
0xa5f780,99.3641%,4,625,629,625,4,0,0
0x8dd98c,86.6667%,4,26,30,10,4,0,16
0x975155,78.9474%,4,15,19,1,3,1,14
0x8a98bf,99.8701%,4,3076,3080,3076,4,0,0
0x9eedcd,98.2609%,4,226,230,0,0,4,226
0x492a9f,97.5758%,4,161,165,0,0,4,161
0x8aeca5,55.5556%,4,5,9,5,4,0,0
0x40f734,0%,4,0,4,0,4,0,0
0x9178ee,99.4118%,4,676,680,0,0,4,676
0xa50c51,93.9394%,4,62,66,0,0,4,62
0x50ac9e,80.9524%,4,17,21,5,4,0,12
0x81e5dd,0%,4,0,4,0,4,0,0
0x943a16,20%,4,1,5,0,0,4,1
0xa0534e,86.2069%,4,25,29,0,0,4,25
0x64f27a,81.8182%,4,18,22,18,0,4,0
0x90d09a,97.546%,4,159,163,159,4,0,0
0xa4fea3,0%,4,0,4,0,0,4,0
0xa37f3d,20%,4,1,5,1,4,0,0
0x8dce06,0%,4,0,4,0,4,0,0
0x8ff74d,71.4286%,4,10,14,5,2,2,5
0xa955a1,0%,4,0,4,0,0,4,0
0x9ecb8f,0%,4,0,4,0,4,0,0
0x48ea02,95.5056%,4,85,89,0,4,0,85
0xa337c6,86.2069%,4,25,29,2,2,2,23
0x959173,75%,4,12,16,12,4,0,0
0xb2e723,99.95%,4,7991,7995,0,0,4,7991
0x7d2c77,0%,4,0,4,0,0,4,0
0x8bdc5a,92.4528%,4,49,53,36,2,2,13
0x8226db,99.1667%,4,476,480,0,0,4,476
0x95a273,0%,4,0,4,0,4,0,0
0x9be96d,75%,4,12,16,0,0,4,12
0x53895c,99.7731%,4,1759,1763,0,0,4,1759
0x409e6a,75%,4,12,16,0,0,4,12
0x8eecad,99.3837%,4,645,649,0,0,4,645
0xa27854,50%,4,4,8,4,0,4,0
0x64888e,92.8571%,4,52,56,52,4,0,0
0x558dd6,81.8182%,4,18,22,0,0,4,18
0x534926,93.9394%,4,62,66,62,4,0,0
0x402b2f,99.569%,4,924,928,0,0,4,924
0xa8fc74,97.6471%,4,166,170,166,4,0,0
0xa72398,0%,4,0,4,0,0,4,0
0x8ebd94,50%,4,4,8,2,2,2,2
0x65bbd4,99.2079%,4,501,505,0,0,4,501
0x5f524e,66.6667%,4,8,12,8,4,0,0
0x9a485a,50%,4,4,8,2,2,2,2
0x8b9fda,90%,4,36,40,0,0,4,36
0xb148c5,99.9061%,4,4254,4258,4254,4,0,0
0xb313d3,98.2222%,4,221,225,0,0,4,221
0x9e6333,77.7778%,4,14,18,14,4,0,0
0x591b91,96.3636%,4,106,110,1,0,4,105
0x48fc05,0%,4,0,4,0,4,0,0
0x5089e3,0%,4,0,4,0,4,0,0
0x81ca16,97.6744%,4,168,172,0,2,2,168
0x48fca1,0%,4,0,4,0,4,0,0
0x81d23f,97.8022%,4,178,182,178,4,0,0
0x7bdb5c,50%,4,4,8,0,4,0,4
0x48f6c1,60%,4,6,10,4,2,2,2
0x8f09a9,96.5812%,4,113,117,0,0,4,113
0x77b9ed,83.3333%,4,20,24,0,0,4,20
0x8e94e4,50%,4,4,8,4,0,4,0
0x49c0b9,0%,4,0,4,0,4,0,0
0x48ea35,98.9011%,4,360,364,0,0,4,360
0xa2df8b,89.4737%,4,34,38,0,4,0,34
0xa3abbb,71.4286%,4,10,14,0,0,4,10
0x8ea7d1,0%,4,0,4,0,4,0,0
0x80ae55,89.1892%,4,33,37,0,2,2,33
0xaadbed,98.7692%,4,321,325,0,0,4,321
0x4c92c6,75%,4,12,16,0,0,4,12
0x7d33cb,66.6667%,4,8,12,0,0,4,8
0xa31c66,84%,4,21,25,0,0,4,21
0x9f4eff,96.4286%,4,108,112,108,4,0,0
0x9e7d58,83.3333%,4,20,24,20,4,0,0
0xaa81a5,20%,4,1,5,1,4,0,0
0xa58ab3,95.8333%,4,92,96,92,4,0,0
0x811e9b,99.8342%,4,2409,2413,0,0,4,2409
0x959625,96.875%,4,124,128,0,4,0,124
0x9fe882,90%,4,36,40,0,0,4,36
0x8ec9bf,0%,4,0,4,0,0,4,0
0x9f5668,95%,4,76,80,76,4,0,0
0x5557af,0%,4,0,4,0,0,4,0
0x8a8f06,97.1429%,4,136,140,0,0,4,136
0x8c8716,99.1903%,4,490,494,0,0,4,490
0x8e26b8,99.8023%,4,2019,2023,0,0,4,2019
0xa4a246,77.7778%,4,14,18,14,4,0,0
0xa302d5,97.9487%,4,191,195,0,0,4,191
0xa4165c,84%,4,21,25,0,0,4,21
0x4a7c83,93.1034%,4,54,58,54,4,0,0
0x8ffb3e,96.5217%,4,111,115,0,0,4,111
0x7bb9f0,50%,4,4,8,0,0,4,4
0x4c7ef4,0%,4,0,4,0,0,4,0
0x816321,91.1111%,4,41,45,41,2,2,0
0xa4c7da,0%,4,0,4,0,0,4,0
0xa32765,94.8718%,4,74,78,0,0,4,74
0x49002b,60%,4,6,10,0,1,3,6
0xa02d5e,97.7901%,4,177,181,0,0,4,177
0x53e75b,0%,4,0,4,0,0,4,0
0x4889ed,78.9474%,4,15,19,15,4,0,0
0x9fc743,71.4286%,4,10,14,10,4,0,0
0x49a532,0%,4,0,4,0,4,0,0
0x4ac8e5,33.3333%,4,2,6,2,1,3,0
0x49622b,66.6667%,4,8,12,3,3,1,5
0x94b0b5,98.0676%,4,203,207,203,4,0,0
0x81b46f,63.6364%,4,7,11,2,3,1,5
0x50ff98,98.6207%,4,286,290,0,0,4,286
0xa99d24,63.6364%,4,7,11,0,0,4,7
0x489d13,99.9004%,4,4011,4015,0,0,4,4011
0x902808,89.4737%,4,34,38,34,1,3,0
0xa96536,0%,4,0,4,0,4,0,0
0x8a651f,71.4286%,4,10,14,0,4,0,10
0xa4cf6d,50%,4,4,8,0,0,4,4
0x4b839f,63.6364%,4,7,11,7,4,0,0
0x80437d,55.5556%,4,5,9,5,4,0,0
0x81d4cd,97.8022%,4,178,182,0,0,4,178
0x844440,0%,4,0,4,0,4,0,0
0x50293f,95.8763%,4,93,97,0,0,4,93
0x54f0d4,90.6977%,4,39,43,0,0,4,39
0x66d409,98.6711%,4,297,301,297,4,0,0
0xa3cbd2,50%,4,4,8,0,0,4,4
0x5044dc,99.4595%,4,736,740,736,4,0,0
0x7cd990,66.6667%,4,8,12,0,4,0,8
0x8aad35,81.8182%,4,18,22,18,4,0,0
0x5591dd,99.4792%,4,764,768,0,4,0,764
0x596114,63.6364%,4,7,11,0,0,4,7
0x9fb78d,98.1395%,4,211,215,211,4,0,0
0x7d2559,0%,4,0,4,0,4,0,0
0x63e541,99.5825%,4,954,958,0,0,4,954
0x9e08a7,99.1323%,4,457,461,0,0,4,457
0xa97a91,73.3333%,4,11,15,10,0,4,1
0xa58705,0%,4,0,4,0,0,4,0
0x48aeef,99.4118%,4,676,680,0,0,4,676
0x659efc,78.9474%,4,15,19,15,4,0,0
0x942918,94.6667%,4,71,75,71,4,0,0
0xaaa608,42.8571%,4,3,7,3,4,0,0
0x8ee26a,97.8142%,4,179,183,179,4,0,0
0x8bdcb9,42.8571%,4,3,7,0,0,4,3
0x9ab58f,98%,4,196,200,0,0,4,196
0x48c59a,60%,4,6,10,0,0,4,6
0x9a1f25,97.0149%,4,130,134,130,4,0,0
0x8125c8,98.7768%,4,323,327,0,0,4,323
0x78270d,60%,4,6,10,0,0,4,6
0x666f27,0%,4,0,4,0,4,0,0
0xaad22b,42.8571%,4,3,7,0,0,4,3
0xa95fbd,50%,4,4,8,0,0,4,4
0xa061d5,80.9524%,4,17,21,17,4,0,0
0x9e2d78,75%,4,12,16,0,0,4,12
0x40db94,99.9432%,4,7043,7047,0,0,4,7043
0x90c28c,99.8108%,4,2110,2114,2110,4,0,0
0x81cb3a,93.3333%,4,56,60,0,0,4,56
0x811911,83.3333%,4,20,24,20,4,0,0
0x99eb49,69.2308%,4,9,13,0,0,4,9
0x5521be,99.6201%,4,1049,1053,1049,4,0,0
0x4039ab,89.1892%,4,33,37,1,2,2,32
0x5068b0,97.0588%,4,132,136,0,0,4,132
0xaabd18,0%,4,0,4,0,0,4,0
0x81cabf,93.3333%,4,56,60,0,0,4,56
0x7e07ba,80%,4,16,20,2,0,4,14
0x48ebdf,83.3333%,4,20,24,9,3,1,11
0xa01a4b,0%,4,0,4,0,4,0,0
0x50fb3b,60%,4,6,10,6,4,0,0
0x98cdac,88.5714%,4,31,35,0,0,4,31
0x8e1055,75%,4,12,16,10,2,2,2
0x5cf3e5,99.7896%,4,1897,1901,0,0,4,1897
0x8a5cfd,98.1651%,4,214,218,0,0,4,214
0x8118c7,90.2439%,4,37,41,37,4,0,0
0xa3a108,99.5475%,4,880,884,0,3,1,880
0xb2e31e,76.4706%,4,13,17,0,0,4,13
0x622994,60%,4,6,10,0,0,4,6
0x9e0b82,98.4436%,4,253,257,0,0,4,253
0x787bf9,63.6364%,4,7,11,4,1,3,3
0xa0822f,0%,4,0,4,0,4,0,0
0x9746be,94.1176%,4,64,68,0,0,4,64
0x60aea1,92%,4,46,50,46,4,0,0
0x8e1e13,98.3122%,4,233,237,233,4,0,0
0x9c507e,50%,4,4,8,4,4,0,0
0x9a18f0,80.9524%,4,17,21,0,1,3,17
0x70e87e,33.3333%,4,2,6,0,0,4,2
0x9f32c3,97.4843%,4,155,159,0,4,0,155
0x6780c6,98.374%,4,242,246,0,0,4,242
0x48a308,99.8085%,4,2085,2089,2085,4,0,0
0x49fc5d,73.3333%,4,11,15,0,0,4,11
0x548487,99.969%,4,12910,12914,0,0,4,12910
0x40576c,96.7213%,4,118,122,118,4,0,0
0x7d33e7,66.6667%,4,8,12,0,0,4,8
0x8435cc,0%,4,0,4,0,4,0,0
0x81f910,99.8025%,4,2021,2025,2021,4,0,0
0xaa8fe2,82.6087%,4,19,23,0,0,4,19
0xa48ab7,97.6048%,4,163,167,0,0,4,163
0x49bdeb,0%,4,0,4,0,4,0,0
0xa3a4eb,99.3311%,4,594,598,0,0,4,594
0x8a993b,50%,4,4,8,4,4,0,0
0x80a3ce,50%,4,4,8,2,2,2,2
0xb2e628,99.9812%,4,21250,21254,0,0,4,21250
0x4ab0bc,63.6364%,4,7,11,7,4,0,0
0x48aa59,99.9262%,4,5415,5419,0,0,4,5415
0x808fff,83.3333%,4,20,24,20,4,0,0
0x815ddc,33.3333%,4,2,6,1,4,0,1
0x506448,95.6989%,4,89,93,89,4,0,0
0x8f1833,98.01%,4,197,201,0,2,2,197
0x5415d5,50%,4,4,8,3,0,4,1
0xa46e86,77.7778%,4,14,18,14,4,0,0
0x67f320,97.0149%,4,130,134,130,4,0,0
0x8b9c05,99.8284%,4,2327,2331,0,0,4,2327
0x49fc6d,73.3333%,4,11,15,11,4,0,0
0x4aade9,90%,4,36,40,0,1,3,36
0x8a652d,60%,4,6,10,6,4,0,0
0x503d12,92.3077%,4,48,52,0,0,4,48
0xa4c645,0%,4,0,4,0,4,0,0
0x8def97,75%,4,12,16,12,4,0,0
0x5bd137,90.9091%,4,40,44,0,0,4,40
0x999fb4,0%,4,0,4,0,4,0,0
0xa9c646,91.3043%,4,42,46,42,4,0,0
0x48a9f2,99.5511%,4,887,891,887,4,0,0
0x9e2a7d,94.5946%,4,70,74,0,0,4,70
0x49c5da,33.3333%,4,2,6,0,0,4,2
0x7817f8,0%,4,0,4,0,4,0,0
0x66f6dc,78.9474%,4,15,19,0,0,4,15
0x9e0179,97.7778%,4,176,180,0,0,4,176
0x40391f,98.8669%,4,349,353,349,4,0,0
0x8174ba,95.6522%,4,88,92,88,4,0,0
0x4ca06d,50%,4,4,8,0,0,4,4
0x48aa62,99.9262%,4,5415,5419,0,0,4,5415
0x8ed543,77.7778%,4,14,18,2,4,0,12
0x8ed399,33.3333%,4,2,6,0,0,4,2
0xa42724,98.2222%,4,221,225,0,0,4,221
0x4897ed,89.1892%,4,33,37,0,0,4,33
0x78f6d6,89.7436%,4,35,39,8,2,2,27
0x8e4916,99.375%,4,636,640,0,0,4,636
0x65c241,99.9162%,4,4770,4774,4770,4,0,0
0x506ac7,89.1892%,4,33,37,33,2,2,0
0x5e06a7,0%,4,0,4,0,0,4,0
0x409e52,75%,4,12,16,0,0,4,12
0x49edea,90.4762%,4,38,42,0,0,4,38
0x9f6c88,60%,4,6,10,2,0,4,4
0x40e1f3,94.4444%,4,68,72,68,4,0,0
0x9846ec,0%,4,0,4,0,4,0,0
0x4099e7,78.9474%,4,15,19,0,0,4,15
0x7c70b1,69.2308%,4,9,13,0,0,4,9
0xa5ed4a,20%,4,1,5,0,3,1,1
0x8f2e2e,99.287%,4,557,561,0,0,4,557
0x8ec591,96.2264%,4,102,106,102,2,2,0
0xb49c27,20%,4,1,5,0,0,4,1
0x88e6d0,89.7436%,4,35,39,35,4,0,0
0x5fe87c,81.8182%,4,18,22,18,4,0,0
0x88a113,81.8182%,4,18,22,0,0,4,18
0x8a9970,50%,4,4,8,0,4,0,4
0x64b9c0,99.7137%,4,1393,1397,0,0,4,1393
0x915697,98%,4,196,200,196,4,0,0
0x48d041,85.7143%,4,24,28,23,4,0,1
0x54f337,99.6059%,4,1011,1015,0,0,4,1011
0x8f495a,99.7673%,4,1715,1719,334,2,2,1381
0x80a074,0%,4,0,4,0,4,0,0
0x981c8b,85.7143%,4,24,28,0,2,2,24
0x95b517,0%,4,0,4,0,4,0,0
0x9e2acf,94.5946%,4,70,74,70,4,0,0
0x80b90b,98.0769%,4,204,208,204,2,2,0
0x4adc7d,90%,4,36,40,36,4,0,0
0x58c37a,20%,4,1,5,0,4,0,1
0xa4647e,97.9275%,4,189,193,0,0,4,189
0xa8ee86,50%,4,4,8,0,0,4,4
0x7cc20a,66.6667%,4,8,12,8,4,0,0
0x80b856,88.2353%,4,30,34,30,4,0,0
0x837765,50%,4,4,8,2,3,1,2
0x7d3404,66.6667%,4,8,12,0,0,4,8
0x64b9e9,99.7137%,4,1393,1397,0,0,4,1393
0xa1ac28,20%,4,1,5,0,0,4,1
0x8104dc,95.2381%,4,80,84,34,0,4,46
0x558db1,94.6667%,4,71,75,0,0,4,71
0x409466,0%,4,0,4,0,2,2,0
0x40a2ae,88.2353%,4,30,34,0,3,1,30
0x8f6c9e,73.3333%,4,11,15,0,0,4,11
0xa6b322,0%,4,0,4,0,4,0,0
0x94c57a,0%,4,0,4,0,0,4,0
0xa96f11,80.9524%,4,17,21,0,0,4,17
0x5d87dd,86.6667%,4,26,30,0,0,4,26
0xa4a18e,96.1538%,4,100,104,0,0,4,100
0x40438d,98.7013%,4,304,308,304,4,0,0
0x548acd,50%,4,4,8,0,0,4,4
0x8eecdc,97.1429%,4,136,140,136,4,0,0
0xa44a52,0%,4,0,4,0,4,0,0
0x8f1c60,50%,4,4,8,4,4,0,0
0x8bdb1c,20%,4,1,5,1,4,0,0
0x7c79ca,87.5%,4,28,32,7,1,3,21
0x50e3e4,92.4528%,4,49,53,0,4,0,49
0x7d21d4,0%,4,0,4,0,4,0,0
0x60e670,89.4737%,4,34,38,0,0,4,34
0x7c74bc,75%,4,12,16,0,0,4,12
0x9439f2,20%,4,1,5,0,0,4,1
0x817d4d,50%,4,4,8,0,0,4,4
0x44156e,63.6364%,4,7,11,0,0,4,7
0x9c4fc0,0%,4,0,4,0,0,4,0
0x7c3bf7,92.1569%,4,47,51,47,4,0,0
0x7bb91d,0%,4,0,4,0,0,4,0
0x809fa1,98.7768%,4,323,327,0,0,4,323
0xa5b4e5,66.6667%,4,8,12,0,3,1,8
0x8f35e5,84.6154%,4,22,26,22,4,0,0
0x8fd21a,33.3333%,4,2,6,2,0,4,0
0x8f639e,66.6667%,4,8,12,8,4,0,0
0x59c5df,0%,4,0,4,0,4,0,0
0x8ebee6,50%,4,4,8,2,4,0,2
0x77ff45,97.4026%,4,150,154,145,4,0,5
0xa37042,87.5%,4,28,32,0,0,4,28
0x972c96,85.7143%,4,24,28,24,4,0,0
0x678d8c,82.6087%,4,19,23,0,0,4,19
0x8a313a,60%,4,6,10,0,0,4,6
0x8a91fe,55.5556%,4,5,9,5,4,0,0
0x4bb707,98.0861%,4,205,209,0,0,4,205
0xa99f77,60%,4,6,10,0,0,4,6
0x5da0c6,0%,4,0,4,0,4,0,0
0x51106e,99.894%,4,3770,3774,0,0,4,3770
0x4c9e95,0%,4,0,4,0,0,4,0
0x402e0d,0%,4,0,4,0,0,4,0
0x8eb660,89.1892%,4,33,37,0,0,4,33
0x99bb8e,80%,4,16,20,16,4,0,0
0x809e07,99.287%,4,557,561,0,0,4,557
0xa9f104,0%,4,0,4,0,4,0,0
0x8fdef3,99.9881%,4,33496,33500,0,0,4,33496
0xa50da1,0%,4,0,4,0,0,4,0
0x53382f,77.7778%,4,14,18,0,0,4,14
0x540800,50%,4,4,8,0,0,4,4
0x58e748,33.3333%,4,2,6,2,4,0,0
0xa42ecc,0%,4,0,4,0,0,4,0
0x814a78,93.6508%,4,59,63,0,0,4,59
0x8f12b5,90%,4,36,40,36,4,0,0
0x9a9410,93.3333%,4,56,60,0,0,4,56
0xa00226,55.5556%,4,5,9,5,4,0,0
0x9f6473,97.7654%,4,175,179,175,4,0,0
0x48a0dc,94.1176%,4,64,68,0,0,4,64
0x4ab506,88.2353%,4,30,34,28,0,4,2
0x48e5b7,91.6667%,4,44,48,0,0,4,44
0x48a85f,99.8079%,4,2078,2082,2078,4,0,0
0x501bae,99.4859%,4,774,778,0,3,1,774
0x8374f8,66.6667%,4,8,12,8,0,4,0
0x8ff741,71.4286%,4,10,14,0,0,4,10
0x4c76cb,0%,4,0,4,0,0,4,0
0xa3b239,98.2456%,4,224,228,0,0,4,224
0x548a94,0%,4,0,4,0,0,4,0
0x58c257,98.1982%,4,218,222,218,4,0,0
0x47fc8b,78.9474%,4,15,19,0,1,3,15
0x4aad84,86.6667%,4,26,30,0,0,4,26
0x8ee560,90.4762%,4,38,42,0,0,4,38
0x4a7b29,98.7342%,4,312,316,0,0,4,312
0x647514,80%,4,16,20,15,0,4,1
0x8a70d9,92.8571%,4,52,56,52,4,0,0
0x9ee1ba,93.5484%,4,58,62,58,4,0,0
0x8ebed3,50%,4,4,8,0,0,4,4
0xa15dca,50%,4,4,8,0,0,4,4
0x48da53,91.3043%,4,42,46,0,0,4,42
0xa58ea6,80.9524%,4,17,21,17,4,0,0
0x81e826,97.7401%,4,173,177,173,4,0,0
0x8dc583,0%,4,0,4,0,4,0,0
0x8f648f,75%,4,12,16,12,4,0,0
0x8e3940,91.6667%,4,44,48,0,0,4,44
0x81f7c2,91.4894%,4,43,47,0,0,4,43
0xa69e53,0%,4,0,4,0,0,4,0
0x78072f,92.5926%,4,50,54,50,4,0,0
0xa53f1c,96.2617%,4,103,107,0,0,4,103
0x82254b,99.0521%,4,418,422,0,0,4,418
0x51b107,69.2308%,4,9,13,0,0,4,9
0x985192,50%,4,4,8,0,4,0,4
0x80b37f,33.3333%,4,2,6,2,3,1,0
0x4a7c48,66.6667%,4,8,12,8,4,0,0
0x8f3de3,99.8606%,4,2866,2870,0,0,4,2866
0x49f51a,99.9262%,4,5415,5419,0,0,4,5415
0x9f3909,0%,4,0,4,0,4,0,0
0x806689,0%,4,0,4,0,0,4,0
0x81f795,95.7447%,4,90,94,0,0,4,90
0x9f483b,50%,4,4,8,0,0,4,4
0xa3bc1b,77.7778%,4,14,18,14,4,0,0
0xaa7dca,42.8571%,4,3,7,3,4,0,0
0x8f4cfc,99.8377%,4,2460,2464,0,0,4,2460
0x8e16b4,87.5%,4,28,32,0,0,4,28
0x9a7119,55.5556%,4,5,9,5,4,0,0
0x4a6c34,90.4762%,4,38,42,38,4,0,0
0x5d3e42,96.9925%,4,129,133,129,4,0,0
0x8bcc2e,94.2857%,4,66,70,66,4,0,0
0x60dfc8,55.5556%,4,5,9,0,0,4,5
0x5eb90a,99.5316%,4,850,854,0,0,4,850
0xaaaf29,66.6667%,4,8,12,2,2,2,6
0xa397bf,99.1597%,4,472,476,472,4,0,0
0x82251a,99.4342%,4,703,707,0,2,2,703
0x4c9df8,98.1308%,4,210,214,0,2,2,210
0x9feac5,42.8571%,4,3,7,3,4,0,0
0x80a02c,0%,4,0,4,0,4,0,0
0x8d382a,60%,4,6,10,6,0,4,0
0x8c8e91,33.3333%,4,2,6,0,0,4,2
0x808994,81.8182%,4,18,22,0,1,3,18
0x8a6c18,96.0396%,4,97,101,0,0,4,97
0x5f18d9,42.8571%,4,3,7,2,3,1,1
0x9f203a,0%,4,0,4,0,4,0,0
0x67967a,96.4286%,4,108,112,0,0,4,108
0x48f44d,33.3333%,4,2,6,0,0,4,2
0x81bbda,98.7382%,4,313,317,313,4,0,0
0x8a9378,99.5763%,4,940,944,0,0,4,940
0x9f945e,96.6667%,4,116,120,0,0,4,116
0xa08556,20%,4,1,5,1,4,0,0
0x80a1ee,50%,4,4,8,2,2,2,2
0x8a91b1,60%,4,6,10,6,4,0,0
0x58e282,94.6667%,4,71,75,0,0,4,71
0x552955,78.9474%,4,15,19,15,4,0,0
0xa45e72,0%,4,0,4,0,0,4,0
0xa5ee74,85.7143%,4,24,28,24,4,0,0
0x7d1ea7,92.1569%,4,47,51,0,3,1,47
0x545771,99.8396%,4,2489,2493,0,0,4,2489
0x81f956,94.9367%,4,75,79,75,4,0,0
0x68376d,91.4894%,4,43,47,43,4,0,0
0xa63ad8,0%,4,0,4,0,0,4,0
0x81670f,50%,4,4,8,0,0,4,4
0x4c3b82,0%,4,0,4,0,4,0,0
0x7d2b86,69.2308%,4,9,13,9,4,0,0
0xa37917,60%,4,6,10,6,4,0,0
0x49c251,0%,4,0,4,0,4,0,0
0x8eb04f,33.3333%,4,2,6,0,0,4,2
0x781dec,99.8556%,4,2767,2771,0,0,4,2767
0x548ae4,0%,4,0,4,0,0,4,0
0x648877,92.8571%,4,52,56,52,4,0,0
0xad4580,20%,4,1,5,1,4,0,0
0x8f6afb,98.8095%,4,332,336,166,2,2,166
0x9e6e52,50%,4,4,8,4,4,0,0
0x99f042,95.8333%,4,92,96,0,0,4,92
0x8171ec,97.5%,4,156,160,0,0,4,156
0x8bc7c5,96.8254%,4,122,126,0,0,4,122
0xa3d65a,50%,4,4,8,4,4,0,0
0x8bd9ba,69.2308%,4,9,13,9,4,0,0
0xb34676,97.7401%,4,173,177,0,0,4,173
0xa05474,80%,4,16,20,16,1,3,0
0x8f6852,96.3303%,4,105,109,0,0,4,105
0x4943ec,94.2857%,4,66,70,15,4,0,51
0x5d35bd,80%,4,16,20,16,4,0,0
0x4aaf78,63.6364%,4,7,11,7,4,0,0
0x819dda,98.7768%,4,323,327,0,0,4,323
0x9737c4,90%,4,36,40,0,2,2,36
0xa2df4a,97.9381%,4,190,194,0,0,4,190
0x9e048f,96.4912%,4,110,114,0,0,4,110
0xa410a9,88.5714%,4,31,35,0,0,4,31
0xa08481,63.6364%,4,7,11,7,4,0,0
0x5d0cbe,50%,4,4,8,4,4,0,0
0xa921d9,98.5294%,4,268,272,0,4,0,268
0x8aa932,99.8831%,4,3417,3421,3417,4,0,0
0xa48317,98.3471%,4,238,242,0,0,4,238
0x40ed95,50%,4,4,8,2,4,0,2
0x4a2171,66.6667%,4,8,12,0,0,4,8
0x8ecdc4,99.598%,4,991,995,991,4,0,0
0x9ecbed,0%,4,0,4,0,4,0,0
0x7dfc95,50%,4,4,8,0,0,4,4
0x8f4028,93.4426%,4,57,61,57,4,0,0
0x7d1efa,0%,4,0,4,0,0,4,0
0x49bc1e,96.5217%,4,111,115,0,0,4,111
0x8df5b5,90.4762%,4,38,42,0,2,2,38
0xb313a7,99.3827%,4,644,648,0,0,4,644
0x8f4086,93.4426%,4,57,61,57,4,0,0
0x9fe2a1,95.2941%,4,81,85,81,4,0,0
0x808c9a,99.6743%,4,1224,1228,0,0,4,1224
0xa5a018,42.8571%,4,3,7,0,0,4,3
0x942a81,94.6667%,4,71,75,0,0,4,71
0x8bdc8d,42.8571%,4,3,7,0,0,4,3
0x8118fc,83.3333%,4,20,24,20,2,2,0
0x8dce25,99.2634%,4,539,543,0,0,4,539
0x64860f,92.8571%,4,52,56,52,4,0,0
0x5dae10,0%,4,0,4,0,4,0,0
0xa57443,90.2439%,4,37,41,0,0,4,37
0xa06383,33.3333%,4,2,6,0,3,1,2
0x7d310f,98.8604%,4,347,351,0,0,4,347
0x90fe90,99.8951%,4,3809,3813,0,0,4,3809
0x44180e,72.7273%,3,8,11,0,0,3,8
0x9ec41b,62.5%,3,5,8,3,2,1,2
0xa34c04,95%,3,57,60,0,0,3,57
0x9eb1e7,94.6429%,3,53,56,53,3,0,0
0x4ca4e5,70%,3,7,10,0,0,3,7
0xa59fbb,0%,3,0,3,0,3,0,0
0x446556,99.4889%,3,584,587,0,0,3,584
0x9d1dfe,50%,3,3,6,1,0,3,2
0x4bf30a,90.3226%,3,28,31,28,3,0,0
0x808363,25%,3,1,4,1,3,0,0
0x7b3085,91.6667%,3,33,36,0,0,3,33
0xaa2f20,97.0588%,3,99,102,0,0,3,99
0x481c64,66.6667%,3,6,9,5,3,0,1
0x481ca2,66.6667%,3,6,9,6,3,0,0
0x8dffc3,83.3333%,3,15,18,5,1,2,10
0xa28560,98.0263%,3,149,152,0,0,3,149
0x58d278,91.4286%,3,32,35,0,0,3,32
0x9ec054,70%,3,7,10,0,0,3,7
0x4c3ca7,98.2143%,3,165,168,0,0,3,165
0x8fe471,50%,3,3,6,3,3,0,0
0x539c58,92.8571%,3,39,42,39,1,2,0
0xa31afd,0%,3,0,3,0,0,3,0
0x4b6ee1,90.3226%,3,28,31,0,3,0,28
0x9f3ad2,25%,3,1,4,1,3,0,0
0x80c6ba,40%,3,2,5,2,3,0,0
0x40238e,99.4889%,3,584,587,584,3,0,0
0xa43891,93.75%,3,45,48,34,2,1,11
0x9c501c,25%,3,1,4,0,0,3,1
0xa596f9,70%,3,7,10,0,0,3,7
0xa40fad,72.7273%,3,8,11,0,0,3,8
0x70c22d,50%,3,3,6,3,3,0,0
0x8f3061,82.3529%,3,14,17,14,3,0,0
0xb3277c,99.9534%,3,6439,6442,0,0,3,6439
0x78e057,93.0233%,3,40,43,0,0,3,40
0x51b6d9,40%,3,2,5,0,0,3,2
0xa90077,99.1935%,3,369,372,0,0,3,369
0x4b9fc1,94%,3,47,50,0,3,0,47
0xa34a61,92.6829%,3,38,41,0,0,3,38
0x4b8640,72.7273%,3,8,11,0,0,3,8
0x4ba15c,96.0526%,3,73,76,0,3,0,73
0xa59cd0,0%,3,0,3,0,3,0,0
0xa47c3e,92.3077%,3,36,39,0,0,3,36
0x5336fa,66.6667%,3,6,9,1,1,2,5
0x4a75af,95.8333%,3,69,72,0,0,3,69
0x8089a2,85.7143%,3,18,21,0,0,3,18
0x489e6f,95.5882%,3,65,68,65,3,0,0
0xa41054,93.3333%,3,42,45,42,3,0,0
0x97136f,40%,3,2,5,0,0,3,2
0xa42867,98.6667%,3,222,225,0,0,3,222
0x4c2318,62.5%,3,5,8,0,0,3,5
0x81caf6,95%,3,57,60,0,0,3,57
0x4b5aad,88.8889%,3,24,27,0,0,3,24
0xaa25e1,88.4615%,3,23,26,1,3,0,22
0x502f98,96.9072%,3,94,97,0,0,3,94
0xa4400c,95.3125%,3,61,64,0,0,3,61
0x817e81,94.5455%,3,52,55,0,0,3,52
0xa44138,96.5116%,3,83,86,83,3,0,0
0x48a088,99.9249%,3,3993,3996,3993,3,0,0
0xa60cd2,0%,3,0,3,0,0,3,0
0x6752fd,0%,3,0,3,0,1,2,0
0x9fe12c,88%,3,22,25,22,3,0,0
0xa43be1,98.9324%,3,278,281,0,0,3,278
0x51b683,76.9231%,3,10,13,3,2,1,7
0x49bf27,75%,3,9,12,0,0,3,9
0x5049f6,57.1429%,3,4,7,0,0,3,4
0xa5c5a2,95.5882%,3,65,68,0,0,3,65
0x67986d,50%,3,3,6,3,3,0,0
0x979f34,62.5%,3,5,8,5,3,0,0
0x5423e6,98.6301%,3,216,219,0,0,3,216
0x5437fd,97.8261%,3,135,138,0,3,0,135
0x97850a,99.3814%,3,482,485,0,0,3,482
0x8d3ff7,76.9231%,3,10,13,10,3,0,0
0x6730db,84.2105%,3,16,19,0,0,3,16
0x5556b3,25%,3,1,4,0,1,2,1
0x8ed56c,25%,3,1,4,1,3,0,0
0x9e0d97,86.9565%,3,20,23,0,0,3,20
0x510bf3,99.0385%,3,309,312,0,0,3,309
0x4b6d8c,89.2857%,3,25,28,0,0,3,25
0x510bff,99.0385%,3,309,312,309,3,0,0
0xa482d9,62.5%,3,5,8,0,0,3,5
0x944fb4,66.6667%,3,6,9,0,0,3,6
0x5fa54a,92.5%,3,37,40,0,0,3,37
0x9fc6c9,70%,3,7,10,0,0,3,7
0xa69e1d,25%,3,1,4,0,0,3,1
0x4c06b0,96.5116%,3,83,86,83,3,0,0
0x5fb8e2,94.5455%,3,52,55,28,1,2,24
0x4bc587,96.875%,3,93,96,0,0,3,93
0xaad9f8,98.9583%,3,285,288,0,0,3,285
0x543617,97.7778%,3,132,135,0,0,3,132
0x40deff,97.2222%,3,105,108,105,0,3,0
0xa91f35,25%,3,1,4,1,3,0,0
0x9e0fb4,96.25%,3,77,80,0,0,3,77
0x814f0f,94.9153%,3,56,59,0,0,3,56
0x5581ac,62.5%,3,5,8,5,3,0,0
0x8a8e50,25%,3,1,4,0,0,3,1
0x60b05a,94%,3,47,50,0,0,3,47
0x53405e,50%,3,3,6,1,3,0,2
0x9f49ff,25%,3,1,4,1,2,1,0
0xa9173c,91.6667%,3,33,36,0,2,1,33
0x5f0719,86.3636%,3,19,22,0,0,3,19
0x546980,95.8333%,3,69,72,67,1,2,2
0x8ee41e,93.3333%,3,42,45,0,3,0,42
0x60bb5d,83.3333%,3,15,18,0,0,3,15
0x8f4b18,50%,3,3,6,3,3,0,0
0x4bc7bd,92.8571%,3,39,42,0,3,0,39
0xa2df9b,91.1765%,3,31,34,0,0,3,31
0x4b4737,25%,3,1,4,1,1,2,0
0x67066a,85%,3,17,20,0,0,3,17
0x4b4b52,95.7746%,3,68,71,0,0,3,68
0x9b900e,84.2105%,3,16,19,7,3,0,9
0x547ee7,99.4495%,3,542,545,0,0,3,542
0x534119,97.0297%,3,98,101,98,3,0,0
0x51b8d0,98.8462%,3,257,260,0,2,1,257
0x9a7dda,93.0233%,3,40,43,0,0,3,40
0xa4bcaa,25%,3,1,4,1,3,0,0
0xa02ff6,95.5882%,3,65,68,0,0,3,65
0xa9c683,97.8873%,3,139,142,0,0,3,139
0x97117d,40%,3,2,5,0,0,3,2
0x9c7522,25%,3,1,4,1,3,0,0
0x901732,98.3957%,3,184,187,184,3,0,0
0x903320,75%,3,9,12,0,0,3,9
0x4bacd8,98.6239%,3,215,218,215,3,0,0
0x543060,99.1573%,3,353,356,353,3,0,0
0x7d402a,0%,3,0,3,0,0,3,0
0x65c26c,99.9372%,3,4771,4774,4771,3,0,0
0xa4bd43,25%,3,1,4,0,0,3,1
0x555b0e,0%,3,0,3,0,3,0,0
0xa03ae4,97.479%,3,116,119,116,3,0,0
0x4b56d5,97.0588%,3,99,102,0,0,3,99
0xa89552,96.3855%,3,80,83,0,0,3,80
0xb31c47,99.9861%,3,21612,21615,0,0,3,21612
0x81732c,88%,3,22,25,0,1,2,22
0xa8a6d7,96.3855%,3,80,83,0,0,3,80
0x50ff16,25%,3,1,4,0,2,1,1
0x49bf87,50%,3,3,6,0,0,3,3
0x94e8f1,90%,3,27,30,27,3,0,0
0x68373b,96.2963%,3,78,81,0,0,3,78
0x4a5c57,57.1429%,3,4,7,0,3,0,4
0xa5316e,62.5%,3,5,8,5,3,0,0
0x68056f,84.2105%,3,16,19,0,0,3,16
0x6a3a4f,95.3125%,3,61,64,0,0,3,61
0xa30341,98.2353%,3,167,170,0,0,3,167
0x7e0553,66.6667%,3,6,9,0,0,3,6
0x60ec62,92.1053%,3,35,38,22,0,3,13
0x9f1cc4,70%,3,7,10,0,0,3,7
0x4c8aa0,97.7444%,3,130,133,0,0,3,130
0x63f838,99.9129%,3,3442,3445,3442,3,0,0
0x7dff7a,62.5%,3,5,8,0,0,3,5
0xa01ca2,0%,3,0,3,0,0,3,0
0x643d16,99.7898%,3,1424,1427,1424,3,0,0
0x81e660,76.9231%,3,10,13,10,3,0,0
0x8ecf44,86.3636%,3,19,22,0,0,3,19
0x980dcd,93.617%,3,44,47,44,3,0,0
0x40ec1a,99.4231%,3,517,520,0,0,3,517
0xa510c0,25%,3,1,4,0,0,3,1
0x78a373,0%,3,0,3,0,0,3,0
0x94ee3d,90%,3,27,30,0,0,3,27
0xa32923,0%,3,0,3,0,1,2,0
0x8c8835,25%,3,1,4,1,3,0,0
0x58e41e,92.5%,3,37,40,0,0,3,37
0x8eefe1,96.4286%,3,81,84,81,3,0,0
0x5f0a68,0%,3,0,3,0,0,3,0
0xa02fb7,95.5882%,3,65,68,0,0,3,65
0x9f4865,25%,3,1,4,0,0,3,1
0xa50fde,25%,3,1,4,1,3,0,0
0xa51bec,92.5%,3,37,40,0,0,3,37
0x5f764a,97.6%,3,122,125,122,3,0,0
0x49ce60,40%,3,2,5,0,0,3,2
0x4a639f,0%,3,0,3,0,1,2,0
0x58e444,92.5%,3,37,40,0,0,3,37
0x50900a,85%,3,17,20,0,1,2,17
0xa32e9a,99.5522%,3,667,670,5,2,1,662
0x44168e,72.7273%,3,8,11,0,0,3,8
0x591b9d,97.2477%,3,106,109,0,0,3,106
0xa723b2,25%,3,1,4,0,0,3,1
0x682269,91.1765%,3,31,34,31,3,0,0
0x8ddaac,99.2718%,3,409,412,0,0,3,409
0x97861c,70%,3,7,10,0,0,3,7
0x6672f0,90.3226%,3,28,31,28,3,0,0
0x4c0b1b,97.1154%,3,101,104,101,3,0,0
0x8a5e9b,97.8417%,3,136,139,0,0,3,136
0x5d106b,99.759%,3,1242,1245,1242,3,0,0
0xa497df,98.7395%,3,235,238,235,3,0,0
0x5af1f1,99.569%,3,693,696,4,2,1,689
0x973781,92.5%,3,37,40,37,3,0,0
0xaa0171,0%,3,0,3,0,0,3,0
0xa263f0,97.2222%,3,105,108,0,0,3,105
0xa58fab,97.479%,3,116,119,0,0,3,116
0x7b2fc8,93.1818%,3,41,44,0,2,1,41
0x81ea51,96.5116%,3,83,86,80,3,0,3
0x4bec61,97.8571%,3,137,140,0,0,3,137
0x542c4e,62.5%,3,5,8,5,3,0,0
0x8f120f,92.5%,3,37,40,0,0,3,37
0x8d467d,70%,3,7,10,7,3,0,0
0x9737ab,92.5%,3,37,40,0,0,3,37
0x793081,70%,3,7,10,0,0,3,7
0x90d03a,98.1595%,3,160,163,0,0,3,160
0x6097b5,96.3855%,3,80,83,0,0,3,80
0x8e9bd1,98.7179%,3,231,234,0,0,3,231
0x47f8a0,84.2105%,3,16,19,1,0,3,15
0x8e3e39,25%,3,1,4,0,0,3,1
0x8ece04,99.6985%,3,992,995,0,0,3,992
0x4c2aec,96.4286%,3,81,84,81,3,0,0
0xa9f326,0%,3,0,3,0,3,0,0
0x9e04b7,94.8276%,3,55,58,0,0,3,55
0x911042,99.5979%,3,743,746,743,3,0,0
0x8225e4,98.3871%,3,183,186,183,3,0,0
0x4900dc,70%,3,7,10,0,0,3,7
0x4c97c7,57.1429%,3,4,7,4,3,0,0
0x48c60e,0%,3,0,3,0,0,3,0
0xa58773,97.4138%,3,113,116,113,3,0,0
0x8ee779,98.2353%,3,167,170,0,0,3,167
0x984f98,62.5%,3,5,8,5,3,0,0
0xa031c8,25%,3,1,4,0,3,0,1
0x7d1ef1,25%,3,1,4,0,0,3,1
0x818e45,94.1176%,3,48,51,0,3,0,48
0xa54f5c,88%,3,22,25,0,1,2,22
0x9f1d95,96.1538%,3,75,78,0,0,3,75
0x5d1175,97.931%,3,142,145,142,3,0,0
0x5916d6,0%,3,0,3,0,0,3,0
0x8ea774,25%,3,1,4,1,3,0,0
0x99d6b5,66.6667%,3,6,9,6,3,0,0
0x4bcc07,90.3226%,3,28,31,2,0,3,26
0x80e4e1,40%,3,2,5,2,3,0,0
0x5b9e92,62.5%,3,5,8,0,0,3,5
0x8dfa93,85%,3,17,20,17,3,0,0
0x58f705,50%,3,3,6,3,3,0,0
0xa4ed05,86.3636%,3,19,22,19,3,0,0
0xa4969e,92.8571%,3,39,42,0,0,3,39
0x8ecc29,76.9231%,3,10,13,10,2,1,0
0x4a63f2,70%,3,7,10,0,2,1,7
0x90eef8,99.6878%,3,958,961,0,0,3,958
0x5f1433,92.5%,3,37,40,0,0,3,37
0x48ec69,80%,3,12,15,0,0,3,12
0xa2f6af,40%,3,2,5,0,0,3,2
0x9ee5eb,94.7368%,3,54,57,54,3,0,0
0x49ff83,99.7941%,3,1454,1457,0,0,3,1454
0x544b9e,94.7368%,3,54,57,0,0,3,54
0x405ba2,99.1098%,3,334,337,0,0,3,334
0xa42ea1,25%,3,1,4,0,0,3,1
0x8059c3,98.6607%,3,221,224,0,0,3,221
0xa55eca,0%,3,0,3,0,3,0,0
0x88ea73,92.3077%,3,36,39,0,0,3,36
0xa283e9,62.5%,3,5,8,3,3,0,2
0x485f45,86.9565%,3,20,23,20,3,0,0
0x7b061a,0%,3,0,3,0,0,3,0
0x4b9d00,85.7143%,3,18,21,18,3,0,0
0x9ed225,98.8417%,3,256,259,0,0,3,256
0xa32516,25%,3,1,4,0,0,3,1
0x8e03be,99.6491%,3,852,855,0,0,3,852
0xa44aa9,25%,3,1,4,0,0,3,1
0xa5a0d9,25%,3,1,4,1,3,0,0
0x4b8462,81.25%,3,13,16,13,3,0,0
0xa572bc,92.6829%,3,38,41,0,0,3,38
0x4a7918,50%,3,3,6,0,0,3,3
0xa5d1d5,87.5%,3,21,24,0,0,3,21
0x540661,25%,3,1,4,0,0,3,1
0x978541,99.3464%,3,456,459,0,0,3,456
0x4bd673,50%,3,3,6,0,0,3,3
0x555a8f,62.5%,3,5,8,3,3,0,2
0x8a643d,97.1429%,3,102,105,0,0,3,102
0x405008,98.4848%,3,195,198,44,0,3,151
0x900b23,99.1071%,3,333,336,333,3,0,0
0xa32dd5,98.6667%,3,222,225,0,0,3,222
0x8bdc9a,57.1429%,3,4,7,0,3,0,4
0x944668,87.5%,3,21,24,21,3,0,0
0x7afc24,89.2857%,3,25,28,23,3,0,2
0x4c4d9a,72.7273%,3,8,11,0,0,3,8
0x9ed7be,98.5149%,3,199,202,199,3,0,0
0x481d27,66.6667%,3,6,9,4,3,0,2
0x9fe837,0%,3,0,3,0,0,3,0
0x40a0f2,81.25%,3,13,16,13,0,3,0
0xa49ffa,50%,3,3,6,0,0,3,3
0x4ca4b3,70%,3,7,10,0,0,3,7
0x804dcf,25%,3,1,4,0,0,3,1
0x4c47bf,95%,3,57,60,57,3,0,0
0xa4dc3e,92.1053%,3,35,38,35,3,0,0
0x9fc77a,78.5714%,3,11,14,11,3,0,0
0x666ff1,86.9565%,3,20,23,0,0,3,20
0x5f7f32,57.1429%,3,4,7,0,0,3,4
0x48bb5a,70%,3,7,10,0,0,3,7
0x808e41,40%,3,2,5,2,3,0,0
0xa99e01,80%,3,12,15,12,3,0,0
0x5e356b,70%,3,7,10,0,0,3,7
0x4c80b9,86.3636%,3,19,22,5,0,3,14
0xa2e215,25%,3,1,4,0,2,1,1
0x4c8078,86.3636%,3,19,22,0,0,3,19
0xa9f37a,0%,3,0,3,0,3,0,0
0x4a7922,50%,3,3,6,3,3,0,0
0x4c2421,66.6667%,3,6,9,6,3,0,0
0xa8e4c7,50%,3,3,6,0,3,0,3
0x5a964f,0%,3,0,3,0,3,0,0
0x64831a,99.6809%,3,937,940,937,3,0,0
0xa3151c,62.5%,3,5,8,5,3,0,0
0xa523cd,95.7746%,3,68,71,68,1,2,0
0x481787,92.1053%,3,35,38,35,3,0,0
0xb498db,75%,3,9,12,0,0,3,9
0x5bc38e,86.9565%,3,20,23,0,0,3,20
0x48f8d0,81.25%,3,13,16,0,0,3,13
0x5ba095,70%,3,7,10,0,0,3,7
0x4bfe44,91.1765%,3,31,34,31,3,0,0
0x49c6ea,70%,3,7,10,2,2,1,5
0xb179af,99.7172%,3,1058,1061,0,0,3,1058
0xa96481,87.5%,3,21,24,21,3,0,0
0x4aa9ac,66.6667%,3,6,9,0,0,3,6
0x7aeacc,85.7143%,3,18,21,0,0,3,18
0x4be86e,0%,3,0,3,0,3,0,0
0x8eda9a,97.619%,3,123,126,123,3,0,0
0x811e73,99.6328%,3,814,817,0,0,3,814
0x8ee1a9,98.4211%,3,187,190,187,3,0,0
0x58d43b,75%,3,9,12,9,3,0,0
0x4a8764,94.1176%,3,48,51,48,3,0,0
0x5d1bee,97.2727%,3,107,110,107,3,0,0
0x9d04cd,98.9933%,3,295,298,0,0,3,295
0xa5d0f4,98.1818%,3,162,165,0,0,3,162
0x402e84,91.1765%,3,31,34,31,3,0,0
0x591672,0%,3,0,3,0,0,3,0
0x8df168,98.4211%,3,187,190,187,3,0,0
0x496165,0%,3,0,3,0,3,0,0
0x4b96c8,76.9231%,3,10,13,2,1,2,8
0xa15dd5,62.5%,3,5,8,5,3,0,0
0x4a859e,82.3529%,3,14,17,0,0,3,14
0x7df89f,96.2963%,3,78,81,78,3,0,0
0x816306,93.3333%,3,42,45,40,3,0,2
0x78d8ad,99.5153%,3,616,619,616,3,0,0
0x59c3da,86.9565%,3,20,23,20,3,0,0
0xa90245,92.1053%,3,35,38,0,0,3,35
0x59119e,94.4444%,3,51,54,51,3,0,0
0x5ec5ad,92.5%,3,37,40,30,2,1,7
0xa9815b,0%,3,0,3,0,0,3,0
0x673dc0,40%,3,2,5,2,3,0,0
0xa41b63,99.6037%,3,754,757,0,0,3,754
0x9c3cc6,93.3333%,3,42,45,42,3,0,0
0x40eaa6,25%,3,1,4,1,3,0,0
0x5d1a2c,97.2727%,3,107,110,107,3,0,0
0xa4d216,25%,3,1,4,1,3,0,0
0xa37a13,70%,3,7,10,0,0,3,7
0xaa5894,25%,3,1,4,1,3,0,0
0x9c3a0a,98.7805%,3,243,246,0,0,3,243
0x4c3892,76.9231%,3,10,13,10,3,0,0
0x4a812b,96.7391%,3,89,92,0,0,3,89
0xa0631a,0%,3,0,3,0,0,3,0
0x976efb,0%,3,0,3,0,0,3,0
0x540455,92.6829%,3,38,41,38,3,0,0
0xa04117,50%,3,3,6,3,0,3,0
0x815b7a,92.6829%,3,38,41,38,3,0,0
0x8efc10,97.4359%,3,114,117,2,2,1,112
0x4c3986,76.9231%,3,10,13,0,0,3,10
0x942c7f,96%,3,72,75,0,0,3,72
0x4c3881,76.9231%,3,10,13,0,0,3,10
0x9988cb,50%,3,3,6,2,0,3,1
0x49ce01,86.3636%,3,19,22,19,3,0,0
0x81e820,98.3051%,3,174,177,0,0,3,174
0x5339f1,72.7273%,3,8,11,8,1,2,0
0xa9b63b,50%,3,3,6,0,0,3,3
0x4bd19a,25%,3,1,4,0,2,1,1
0x5d21cd,99.759%,3,1242,1245,1242,3,0,0
0x90adab,97.9866%,3,146,149,0,0,3,146
0x4b8ebe,25%,3,1,4,1,3,0,0
0x8ef294,93.75%,3,45,48,0,0,3,45
0x5e5f0f,99.7009%,3,1000,1003,1000,3,0,0
0xa1a29e,66.6667%,3,6,9,6,3,0,0
0x94bc65,81.25%,3,13,16,0,0,3,13
0x7941fd,40%,3,2,5,0,0,3,2
0x5fb9cc,88.4615%,3,23,26,0,0,3,23
0xa5a00f,57.1429%,3,4,7,0,0,3,4
0x786a04,50%,3,3,6,3,1,2,0
0x4c4f93,82.3529%,3,14,17,0,0,3,14
0x5d22cc,99.6878%,3,958,961,958,3,0,0
0x9edb90,92.6829%,3,38,41,38,3,0,0
0x4c979e,82.3529%,3,14,17,5,0,3,9
0x4be4fd,57.1429%,3,4,7,4,3,0,0
0xa4687b,96.5116%,3,83,86,12,3,0,71
0x55921b,25%,3,1,4,1,3,0,0
0x4bdf04,76.9231%,3,10,13,10,3,0,0
0x4419c6,72.7273%,3,8,11,0,0,3,8
0x63b264,99.6346%,3,818,821,0,0,3,818
0x9c4edf,25%,3,1,4,1,3,0,0
0x49faf4,98.0132%,3,148,151,7,2,1,141
0xa49a0f,70%,3,7,10,7,3,0,0
0xa9ff03,0%,3,0,3,0,0,3,0
0x67b57a,99.8328%,3,1791,1794,1791,3,0,0
0x490d7f,50%,3,3,6,3,3,0,0
0x9ec19c,94.6429%,3,53,56,0,0,3,53
0x64b546,75%,3,9,12,0,0,3,9
0x66648f,90%,3,27,30,0,0,3,27
0x4b9a9e,25%,3,1,4,0,0,3,1
0x9e218d,57.1429%,3,4,7,4,3,0,0
0xa4710b,84.2105%,3,16,19,0,0,3,16
0xa47102,84.2105%,3,16,19,0,0,3,16
0xa6cc50,86.9565%,3,20,23,20,3,0,0
0x4b8a6a,81.25%,3,13,16,13,3,0,0
0x40e6f9,96.3855%,3,80,83,0,0,3,80
0x9f5b9b,62.5%,3,5,8,0,0,3,5
0x808899,98.7013%,3,228,231,228,3,0,0
0x490bf1,50%,3,3,6,0,0,3,3
0x4be8d6,66.6667%,3,6,9,5,3,0,1
0xa016e6,92.5%,3,37,40,37,3,0,0
0x5d8816,90%,3,27,30,27,3,0,0
0x9ec2e1,92.5%,3,37,40,0,0,3,37
0xa29cfb,81.25%,3,13,16,13,3,0,0
0x8dbbc4,99.0476%,3,312,315,312,3,0,0
0x8e4138,99.1957%,3,370,373,0,0,3,370
0x4c2048,98.1132%,3,156,159,156,3,0,0
0x63aaf5,99.6346%,3,818,821,818,3,0,0
0x490d32,50%,3,3,6,3,3,0,0
0x4b8104,72.7273%,3,8,11,5,0,3,3
0x808e72,98.4772%,3,194,197,0,1,2,194
0x81e9ca,96.0526%,3,73,76,0,0,3,73
0x9e1ac8,97.5%,3,117,120,117,3,0,0
0xa36444,57.1429%,3,4,7,0,0,3,4
0x980b44,95.9459%,3,71,74,71,3,0,0
0x480f03,84.2105%,3,16,19,16,3,0,0
0xa978fb,70%,3,7,10,7,3,0,0
0x9bc758,85.7143%,3,18,21,0,0,3,18
0x789c44,0%,3,0,3,0,3,0,0
0x80939b,99.0909%,3,327,330,0,0,3,327
0x8dc22f,99.6556%,3,868,871,868,3,0,0
0x984425,95.4545%,3,63,66,63,3,0,0
0x980f2a,62.5%,3,5,8,5,3,0,0
0x9f8045,0%,3,0,3,0,3,0,0
0x809121,40%,3,2,5,2,3,0,0
0x550972,94.1176%,3,48,51,48,3,0,0
0x8df2df,62.5%,3,5,8,5,3,0,0
0x5b9e41,62.5%,3,5,8,0,2,1,5
0x9f3a43,57.1429%,3,4,7,3,1,2,1
0x9e1a44,81.25%,3,13,16,0,0,3,13
0x63bb69,99.7703%,3,1303,1306,1303,0,3,0
0x48f453,50%,3,3,6,0,3,0,3
0x94ae3f,99.4681%,3,561,564,561,3,0,0
0x90163f,95.8333%,3,69,72,0,0,3,69
0x9e21ae,81.25%,3,13,16,13,1,2,0
0xa2f77a,98.6842%,3,225,228,0,0,3,225
0x49c213,50%,3,3,6,1,1,2,2
0x5cb07e,99.6614%,3,883,886,0,0,3,883
0x5cf33b,57.1429%,3,4,7,0,3,0,4
0x4b7276,72.7273%,3,8,11,3,0,3,5
0xa575fc,78.5714%,3,11,14,0,0,3,11
0xa91876,78.5714%,3,11,14,0,0,3,11
0x9eb235,94.6429%,3,53,56,53,3,0,0
0x64cc24,99.4671%,3,560,563,560,3,0,0
0x806677,25%,3,1,4,0,0,3,1
0x809375,99.0909%,3,327,330,0,0,3,327
0xa210bb,0%,3,0,3,0,0,3,0
0xb499dc,0%,3,0,3,0,0,3,0
0x959045,95%,3,57,60,0,0,3,57
0x9850ee,25%,3,1,4,1,3,0,0
0x4859f4,92.8571%,3,39,42,39,3,0,0
0x66f52a,99.2042%,3,374,377,0,0,3,374
0x8eed56,97.8571%,3,137,140,0,0,3,137
0xa06080,25%,3,1,4,1,3,0,0
0x4894ee,99.6568%,3,871,874,871,3,0,0
0x54d0a4,0%,3,0,3,0,0,3,0
0x901639,95.8333%,3,69,72,0,0,3,69
0x640337,99.8742%,3,2382,2385,1857,0,3,525
0x4bf4da,95.5882%,3,65,68,30,0,3,35
0xa2da29,70%,3,7,10,7,3,0,0
0xa2da20,70%,3,7,10,0,0,3,7
0xa41fc1,98.9619%,3,286,289,0,0,3,286
0x4c5629,87.5%,3,21,24,0,0,3,21
0x9a6358,78.5714%,3,11,14,0,0,3,11
0x54cf1f,0%,3,0,3,0,3,0,0
0x65b117,76.9231%,3,10,13,0,0,3,10
0x5d0743,0%,3,0,3,0,3,0,0
0x673cfc,84.2105%,3,16,19,16,3,0,0
0x81305b,99.6454%,3,843,846,0,0,3,843
0x4996d9,95.9459%,3,71,74,71,3,0,0
0xa85403,40%,3,2,5,0,0,3,2
0x804401,50%,3,3,6,3,3,0,0
0xa35928,99.7003%,3,998,1001,0,0,3,998
0xa660e7,96.3855%,3,80,83,0,0,3,80
0x813067,99.6454%,3,843,846,0,0,3,843
0x59f0d1,25%,3,1,4,1,3,0,0
0x619de9,40%,3,2,5,2,3,0,0
0x973759,92.5%,3,37,40,0,0,3,37
0xa91244,25%,3,1,4,1,3,0,0
0x4c68b6,62.5%,3,5,8,0,0,3,5
0x8ee732,99.1914%,3,368,371,368,3,0,0
0x8f0aab,92.8571%,3,39,42,0,0,3,39
0xa66243,88.8889%,3,24,27,0,0,3,24
0x90087d,94.7368%,3,54,57,0,0,3,54
0xa0177e,92.5%,3,37,40,0,0,3,37
0x5f9379,91.8919%,3,34,37,28,0,3,6
0x5afe97,85.7143%,3,18,21,0,0,3,18
0xb304f8,40%,3,2,5,0,0,3,2
0xa983c2,25%,3,1,4,1,3,0,0
0x815df9,40%,3,2,5,2,2,1,0
0x9ec3b7,92.5%,3,37,40,37,3,0,0
0x4b8593,72.7273%,3,8,11,8,3,0,0
0xa6633a,66.6667%,3,6,9,0,0,3,6
0x9e05d6,94.8276%,3,55,58,0,0,3,55
0x4a64e6,70%,3,7,10,0,0,3,7
0x7d2feb,95.3846%,3,62,65,0,2,1,62
0x5e3890,0%,3,0,3,0,3,0,0
0xa01736,92.5%,3,37,40,37,3,0,0
0x9e86d9,90.625%,3,29,32,29,3,0,0
0x80a7d5,40%,3,2,5,1,3,0,1
0xa3638a,40%,3,2,5,0,0,3,2
0x90139b,94%,3,47,50,0,0,3,47
0x5f0a9d,0%,3,0,3,0,0,3,0
0xa6b6b7,25%,3,1,4,0,0,3,1
0x48ef84,94.5455%,3,52,55,0,0,3,52
0xa52fb3,98.4375%,3,189,192,0,2,1,189
0x53e3d4,99.8747%,3,2392,2395,2392,1,2,0
0xa4486d,95.7143%,3,67,70,0,0,3,67
0x6750b0,0%,3,0,3,0,0,3,0
0x81e9d1,96.0526%,3,73,76,0,0,3,73
0x5a9716,0%,3,0,3,0,3,0,0
0x969318,96.5116%,3,83,86,83,3,0,0
0xa08f11,95.3125%,3,61,64,0,0,3,61
0x5089b9,25%,3,1,4,0,0,3,1
0x5e4536,97.5207%,3,118,121,0,0,3,118
0x951de0,72.7273%,3,8,11,8,3,0,0
0xa3ef2c,62.5%,3,5,8,0,0,3,5
0x9782c1,84.2105%,3,16,19,0,0,3,16
0x7f0c20,25%,3,1,4,1,3,0,0
0x620f6f,40%,3,2,5,2,3,0,0
0x80b9ed,99.0909%,3,327,330,327,3,0,0
0x5fd686,96.0526%,3,73,76,0,0,3,73
0x4c83d8,0%,3,0,3,0,0,3,0
0xaad296,70%,3,7,10,2,1,2,5
0xa31b78,88%,3,22,25,22,3,0,0
0xaccf49,0%,3,0,3,0,2,1,0
0x48f5de,0%,3,0,3,0,0,3,0
0x5d2fa8,25%,3,1,4,1,3,0,0
0xa46e29,83.3333%,3,15,18,15,3,0,0
0x8e7e4d,98.6607%,3,221,224,0,0,3,221
0x905c40,98.9933%,3,295,298,0,0,3,295
0x949a67,94.3396%,3,50,53,0,0,3,50
0x8195c7,99.0881%,3,326,329,0,0,3,326
0x9e86cf,90.625%,3,29,32,0,0,3,29
0x906b1b,99.162%,3,355,358,0,0,3,355
0x9ed1db,50%,3,3,6,0,0,3,3
0x488ddf,99.9192%,3,3709,3712,0,0,3,3709
0x5058c0,96.9697%,3,96,99,0,1,2,96
0x40ed9e,62.5%,3,5,8,0,0,3,5
0x50b885,92.5%,3,37,40,0,0,3,37
0x4bc758,96.8085%,3,91,94,0,0,3,91
0x551093,50%,3,3,6,3,3,0,0
0x900bf6,99.1018%,3,331,334,0,0,3,331
0xb2edf9,25%,3,1,4,1,1,2,0
0x546605,88.4615%,3,23,26,23,3,0,0
0x5d147f,25%,3,1,4,0,0,3,1
0x7d3de0,0%,3,0,3,0,0,3,0
0x5d8bb3,97.8102%,3,134,137,134,3,0,0
0x4b850f,0%,3,0,3,0,3,0,0
0x4904cc,0%,3,0,3,0,0,3,0
0x556d84,97.1429%,3,102,105,0,0,3,102
0x7efdf9,98.2143%,3,165,168,18,1,2,147
0xaccba8,0%,3,0,3,0,3,0,0
0x5f9edf,50%,3,3,6,3,3,0,0
0x9e8174,87.5%,3,21,24,0,0,3,21
0xb468d7,88.8889%,3,24,27,0,1,2,24
0x9ea64c,96.7033%,3,88,91,88,3,0,0
0x5c37ee,25%,3,1,4,1,3,0,0
0x491977,98.2143%,3,165,168,0,0,3,165
0x9e7237,90.9091%,3,30,33,30,3,0,0
0x4ada4f,40%,3,2,5,2,3,0,0
0xa33c48,95.8333%,3,69,72,0,0,3,69
0x8c9443,97.479%,3,116,119,116,3,0,0
0x5f8070,25%,3,1,4,0,0,3,1
0x780da3,99.6255%,3,798,801,0,0,3,798
0x78f82c,89.6552%,3,26,29,26,3,0,0
0x5ebcd1,98.6726%,3,223,226,0,0,3,223
0x94b179,98.5507%,3,204,207,0,0,3,204
0xa96b27,0%,3,0,3,0,3,0,0
0x538dba,97.6744%,3,126,129,126,3,0,0
0x9bd1c6,94.5455%,3,52,55,0,0,3,52
0x4a6d38,96.9697%,3,96,99,96,3,0,0
0x90224c,99.822%,3,1682,1685,1682,3,0,0
0xa05fb5,66.6667%,3,6,9,0,0,3,6
0x61f366,70%,3,7,10,7,3,0,0
0x99e12d,80%,3,12,15,12,3,0,0
0x8ffecd,50%,3,3,6,0,0,3,3
0x9fb627,98.6047%,3,212,215,212,3,0,0
0x7c6a50,62.5%,3,5,8,5,3,0,0
0x70d72f,0%,3,0,3,0,0,3,0
0x62299a,70%,3,7,10,0,0,3,7
0x4b8f13,25%,3,1,4,0,0,3,1
0x73d7ef,50%,3,3,6,1,1,2,2
0x502024,90.625%,3,29,32,0,0,3,29
0x9e7057,57.1429%,3,4,7,4,3,0,0
0x977b9a,57.1429%,3,4,7,4,3,0,0
0x540871,75%,3,9,12,4,2,1,5
0x6815f5,50%,3,3,6,0,0,3,3
0x486d1e,96.7742%,3,90,93,0,0,3,90
0x8b9f71,80%,3,12,15,2,2,1,10
0x67c172,87.5%,3,21,24,0,0,3,21
0x8a6282,97.7941%,3,133,136,133,3,0,0
0x96af3e,57.1429%,3,4,7,0,0,3,4
0x951868,99.1202%,3,338,341,0,0,3,338
0xa4580f,98.8327%,3,254,257,254,3,0,0
0x5fb768,94.5455%,3,52,55,52,3,0,0
0x9fe651,93.1818%,3,41,44,37,3,0,4
0xaab837,97.1963%,3,104,107,0,0,3,104
0x59e5fd,97.3214%,3,109,112,26,2,1,83
0x40acb2,57.1429%,3,4,7,0,2,1,4
0x9fe4aa,0%,3,0,3,0,0,3,0
0x9fb283,92.6829%,3,38,41,38,3,0,0
0xa481b3,93.3333%,3,42,45,42,3,0,0
0x50e4b8,83.3333%,3,15,18,13,1,2,2
0x9e6f4f,0%,3,0,3,0,0,3,0
0xa496b6,92.8571%,3,39,42,39,3,0,0
0xa4a72f,81.25%,3,13,16,8,0,3,5
0x609dc7,98.4536%,3,191,194,0,0,3,191
0x9fb3ad,0%,3,0,3,0,3,0,0
0x60c67d,0%,3,0,3,0,3,0,0
0x60c618,0%,3,0,3,0,3,0,0
0x8e392a,93.75%,3,45,48,0,0,3,45
0x50a643,78.5714%,3,11,14,0,0,3,11
0x5cfca9,87.5%,3,21,24,0,0,3,21
0x5e5c9f,0%,3,0,3,0,3,0,0
0x40ab16,92.8571%,3,39,42,0,0,3,39
0x503e88,93.75%,3,45,48,0,3,0,45
0x5fe83c,0%,3,0,3,0,0,3,0
0x610af6,99.1713%,3,359,362,0,0,3,359
0xab3695,83.3333%,3,15,18,0,0,3,15
0x405118,85.7143%,3,18,21,18,3,0,0
0x9fbb5f,99.0196%,3,303,306,0,0,3,303
0x4c03e5,96.5116%,3,83,86,0,0,3,83
0xa4ed26,98.125%,3,157,160,157,3,0,0
0x7c7410,81.25%,3,13,16,0,0,3,13
0x65bbb0,99.4059%,3,502,505,0,0,3,502
0x6cdce9,50%,3,3,6,3,3,0,0
0x9fb891,99.0196%,3,303,306,0,0,3,303
0x944389,96.0526%,3,73,76,0,0,3,73
0xa959ec,25%,3,1,4,1,3,0,0
0x6228d5,70%,3,7,10,0,0,3,7
0x9fb81f,99.0196%,3,303,306,0,0,3,303
0x8df648,86.3636%,3,19,22,17,3,0,2
0xa981d4,0%,3,0,3,0,3,0,0
0x8ae92b,57.1429%,3,4,7,0,0,3,4
0x805dae,25%,3,1,4,1,3,0,0
0x9fb651,98.7805%,3,243,246,0,0,3,243
0xa4a322,83.3333%,3,15,18,15,3,0,0
0xa01bb9,81.25%,3,13,16,13,3,0,0
0x9f8096,0%,3,0,3,0,3,0,0
0x4858cc,0%,3,0,3,0,0,3,0
0x81ea56,0%,3,0,3,0,3,0,0
0xa4a385,90.3226%,3,28,31,0,0,3,28
0x9eb73d,97.6%,3,122,125,0,0,3,122
0x67ac0e,50%,3,3,6,3,3,0,0
0x5f40b8,50%,3,3,6,3,3,0,0
0x59168b,0%,3,0,3,0,0,3,0
0x692404,70%,3,7,10,0,0,3,7
0xa34ff3,90.625%,3,29,32,29,3,0,0
0x8c82fe,90%,3,27,30,0,0,3,27
0xaa2d69,99.0132%,3,301,304,301,3,0,0
0x9849d0,25%,3,1,4,1,3,0,0
0x8ea039,99.2481%,3,396,399,0,0,3,396
0x5f4202,57.1429%,3,4,7,0,0,3,4
0x4b6d4e,97.0297%,3,98,101,27,3,0,71
0x6ccffe,50%,3,3,6,0,0,3,3
0x94b03f,98.5507%,3,204,207,204,3,0,0
0x9f0819,40%,3,2,5,0,0,3,2
0x811c7a,94.5455%,3,52,55,0,0,3,52
0xaadb96,99.0769%,3,322,325,0,0,3,322
0x5ec0f3,78.5714%,3,11,14,11,3,0,0
0x980c14,93.617%,3,44,47,44,3,0,0
0x8dcb83,99.4106%,3,506,509,0,0,3,506
0x5042c5,0%,3,0,3,0,3,0,0
0xa5c702,50%,3,3,6,3,3,0,0
0xa285ba,90%,3,27,30,0,0,3,27
0xa91cbb,98.9933%,3,295,298,0,0,3,295
0x69dd6c,75%,3,9,12,0,0,3,9
0x8dcb77,99.4106%,3,506,509,0,0,3,506
0xa901cd,95.2381%,3,60,63,36,2,1,24
0x50b3f8,62.5%,3,5,8,4,0,3,1
0xa18a6d,93.0233%,3,40,43,0,0,3,40
0x9f07c0,25%,3,1,4,0,2,1,1
0x666d19,50%,3,3,6,1,1,2,2
0x81e180,98.6047%,3,212,215,0,0,3,212
0x53ecdb,98.0519%,3,151,154,146,0,3,5
0x9d2f2a,95.082%,3,58,61,0,0,3,58
0x9aa030,88.4615%,3,23,26,23,3,0,0
0x49037d,96.2025%,3,76,79,0,0,3,76
0x9d077a,95.1613%,3,59,62,0,1,2,59
0x8eed12,99.1176%,3,337,340,0,2,1,337
0xa18a34,93.0233%,3,40,43,40,3,0,0
0x8ed55c,70%,3,7,10,6,0,3,1
0x99d992,97.6378%,3,124,127,0,0,3,124
0xa4bc65,25%,3,1,4,1,3,0,0
0x58c0d6,70%,3,7,10,0,0,3,7
0x499c8e,97.8417%,3,136,139,0,0,3,136
0x8ea61e,25%,3,1,4,1,3,0,0
0xa1a1c4,72.7273%,3,8,11,2,0,3,6
0x50cc12,92.1053%,3,35,38,18,1,2,17
0x50cbe5,84.2105%,3,16,19,0,0,3,16
0x66d3e8,50%,3,3,6,3,3,0,0
0x9eb41c,95.2381%,3,60,63,0,0,3,60
0x94edff,90%,3,27,30,27,3,0,0
0x61a38a,40%,3,2,5,0,0,3,2
0x8dcaa9,25%,3,1,4,0,0,3,1
0x4b897d,72.7273%,3,8,11,8,3,0,0
0x554749,95.3125%,3,61,64,0,0,3,61
0xa37023,90.625%,3,29,32,29,3,0,0
0x506242,57.1429%,3,4,7,0,0,3,4
0xa355d7,99.0066%,3,299,302,0,0,3,299
0xa95fa2,62.5%,3,5,8,0,0,3,5
0x4a575d,94.5455%,3,52,55,0,0,3,52
0x976e81,91.1765%,3,31,34,31,3,0,0
0x8dbd85,98.3871%,3,183,186,183,3,0,0
0x8f6ded,86.3636%,3,19,22,0,0,3,19
0xa31057,40%,3,2,5,0,3,0,2
0x81990b,99.4129%,3,508,511,508,3,0,0
0xa18a0b,93.0233%,3,40,43,0,0,3,40
0x5feae7,94.3396%,3,50,53,50,3,0,0
0x8e36ab,25%,3,1,4,1,1,2,0
0x782699,98.6425%,3,218,221,0,0,3,218
0x4c4034,98.5294%,3,201,204,0,0,3,201
0x8bcef0,97.973%,3,145,148,0,0,3,145
0x4c7748,62.5%,3,5,8,0,0,3,5
0x50e4d7,83.3333%,3,15,18,0,0,3,15
0x4bb2dc,90%,3,27,30,0,0,3,27
0x4b575a,97.0588%,3,99,102,99,3,0,0
0xa0a551,75%,3,9,12,4,0,3,5
0x50cc5c,85%,3,17,20,17,3,0,0
0x9f6b40,93.1818%,3,41,44,41,3,0,0
0xa520e8,72.7273%,3,8,11,0,0,3,8
0x98b2ba,98.6364%,3,217,220,0,0,3,217
0x976e15,98.7805%,3,243,246,0,0,3,243
0x508e34,91.1765%,3,31,34,31,3,0,0
0x99eb5f,76.9231%,3,10,13,0,0,3,10
0x60e34b,99.3258%,3,442,445,0,0,3,442
0x60ddc4,96.2963%,3,78,81,0,0,3,78
0x80b8b4,98.5577%,3,205,208,205,3,0,0
0x8d9763,62.5%,3,5,8,5,3,0,0
0xaab78b,96.9697%,3,96,99,0,0,3,96
0x8fcd92,98.9619%,3,286,289,286,3,0,0
0x9f40dd,0%,3,0,3,0,0,3,0
0x9a318b,98.8889%,3,267,270,267,3,0,0
0x507675,83.3333%,3,15,18,15,3,0,0
0x4bfecd,0%,3,0,3,0,0,3,0
0x5f7b1a,98.125%,3,157,160,0,0,3,157
0xaccf16,0%,3,0,3,0,3,0,0
0x5f7a29,98.5507%,3,204,207,0,0,3,204
0x9e0b1d,98.8593%,3,260,263,0,0,3,260
0x5bb66c,86.9565%,3,20,23,0,0,3,20
0x5357cc,40%,3,2,5,0,0,3,2
0x49a523,25%,3,1,4,1,3,0,0
0x9e6ea7,62.5%,3,5,8,5,3,0,0
0x9f394d,25%,3,1,4,0,0,3,1
0x980982,72.7273%,3,8,11,0,3,0,8
0x9e6e88,62.5%,3,5,8,0,0,3,5
0x9e6e36,50%,3,3,6,2,2,1,1
0x496238,50%,3,3,6,3,3,0,0
0xa36e3f,70%,3,7,10,7,3,0,0
0x9021ed,97.4359%,3,114,117,0,0,3,114
0x7efd21,95.8333%,3,69,72,0,0,3,69
0x80bbc7,40%,3,2,5,0,3,0,2
0xa525f7,97.0297%,3,98,101,98,3,0,0
0x5f5664,25%,3,1,4,1,3,0,0
0xa4a13c,93.4783%,3,43,46,0,0,3,43
0x4a82d5,86.9565%,3,20,23,20,3,0,0
0x4b70c4,96.5517%,3,84,87,84,3,0,0
0x5f8ac4,25%,3,1,4,1,3,0,0
0xa5c4de,83.3333%,3,15,18,1,3,0,14
0x543fcb,62.5%,3,5,8,0,0,3,5
0x7d3e86,0%,3,0,3,0,0,3,0
0x9e3e6d,25%,3,1,4,0,0,3,1
0x5bb1e2,0%,3,0,3,0,3,0,0
0x9e3e34,25%,3,1,4,0,0,3,1
0x9447bf,97.4576%,3,115,118,115,3,0,0
0x5d68bc,0%,3,0,3,0,0,3,0
0x4acbf2,80%,3,12,15,12,3,0,0
0x619ad0,40%,3,2,5,0,0,3,2
0x50b7f0,89.2857%,3,25,28,25,3,0,0
0x8e39fa,90.625%,3,29,32,29,3,0,0
0x8e2184,99.6945%,3,979,982,0,0,3,979
0xa327f5,95.8333%,3,69,72,0,0,3,69
0x53ec3a,25%,3,1,4,1,3,0,0
0x619d7c,70%,3,7,10,3,2,1,4
0x9f026f,96.8085%,3,91,94,0,0,3,91
0x619d3d,40%,3,2,5,0,0,3,2
0x4c4741,40%,3,2,5,0,3,0,2
0x548bf5,57.1429%,3,4,7,0,0,3,4
0x8e6ede,99.2611%,3,403,406,403,3,0,0
0x5f85a8,98.7654%,3,240,243,0,0,3,240
0x8e02dd,98.9474%,3,282,285,0,0,3,282
0x5f77c5,25%,3,1,4,0,0,3,1
0x9e3f5a,85.7143%,3,18,21,0,2,1,18
0x5baf27,98.9726%,3,289,292,0,0,3,289
0x9fb6f4,57.1429%,3,4,7,0,0,3,4
0xa392b9,78.5714%,3,11,14,0,0,3,11
0x976ed1,0%,3,0,3,0,0,3,0
0x695f71,87.5%,3,21,24,0,0,3,21
0x54522b,25%,3,1,4,1,3,0,0
0x60e060,98.0645%,3,152,155,152,3,0,0
0x5451e1,25%,3,1,4,0,0,3,1
0x49baa3,62.5%,3,5,8,3,3,0,2
0x9a772a,78.5714%,3,11,14,11,3,0,0
0x8df513,62.5%,3,5,8,5,3,0,0
0xb30444,40%,3,2,5,0,0,3,2
0x8ef4eb,66.6667%,3,6,9,6,3,0,0
0x8a2675,98.9324%,3,278,281,0,0,3,278
0x97ac8d,78.5714%,3,11,14,11,3,0,0
0x8bc7a2,99.0566%,3,315,318,0,0,3,315
0x4a61e1,0%,3,0,3,0,0,3,0
0x4b9aeb,57.1429%,3,4,7,4,3,0,0
0xa4b6d8,98.7342%,3,234,237,0,0,3,234
0x546a52,97.9452%,3,143,146,0,0,3,143
0x8a6699,96.9388%,3,95,98,0,0,3,95
0x6706cd,82.3529%,3,14,17,3,1,2,11
0x539103,99.4958%,3,592,595,592,1,2,0
0x608502,70%,3,7,10,0,0,3,7
0x8d24ff,96.3415%,3,79,82,79,3,0,0
0x4419fd,72.7273%,3,8,11,0,0,3,8
0xa01dfa,50%,3,3,6,0,2,1,3
0xa3254e,25%,3,1,4,1,3,0,0
0x9a7455,78.5714%,3,11,14,0,0,3,11
0x48ed7a,88%,3,22,25,22,3,0,0
0x40dfcd,97.6744%,3,126,129,117,3,0,9
0x8e5776,90.625%,3,29,32,16,0,3,13
0x81c093,96.4706%,3,82,85,0,0,3,82
0x533c67,66.6667%,3,6,9,6,0,3,0
0x8050dd,80%,3,12,15,12,3,0,0
0x8f63fd,75%,3,9,12,9,3,0,0
0xa54aa6,62.5%,3,5,8,0,0,3,5
0x6753b5,25%,3,1,4,1,0,3,0
0x557ae3,0%,3,0,3,0,3,0,0
0x58d22f,96.7391%,3,89,92,27,3,0,62
0x8efb4a,25%,3,1,4,0,0,3,1
0x6f461e,50%,3,3,6,0,0,3,3
0xa01831,25%,3,1,4,0,2,1,1
0x50b326,92.5%,3,37,40,37,1,2,0
0x8e3fc7,62.5%,3,5,8,5,3,0,0
0x5086f5,72.7273%,3,8,11,8,3,0,0
0x8e251f,97.2727%,3,107,110,0,2,1,107
0x8fce1b,93.1818%,3,41,44,0,0,3,41
0x804dd7,25%,3,1,4,1,1,2,0
0x5d09b3,62.5%,3,5,8,5,3,0,0
0x548189,99.6954%,3,982,985,0,0,3,982
0x5a9678,0%,3,0,3,0,3,0,0
0x61058d,96.7742%,3,90,93,0,0,3,90
0x8ddae3,97.3214%,3,109,112,0,0,3,109
0x9698e5,95.8333%,3,69,72,0,0,3,69
0x50cb23,99.3056%,3,429,432,429,3,0,0
0x4a8cc9,92.8571%,3,39,42,0,3,0,39
0x977456,75%,3,9,12,4,2,1,5
0x5d3be1,62.5%,3,5,8,5,3,0,0
0x50cb30,99.3056%,3,429,432,429,3,0,0
0x8d990b,62.5%,3,5,8,5,3,0,0
0x9e5634,90%,3,27,30,27,3,0,0
0x9735ff,66.6667%,3,6,9,0,0,3,6
0x54499b,66.6667%,3,6,9,0,0,3,6
0xaadabd,95.3125%,3,61,64,0,0,3,61
0x9ab27e,99.5804%,3,712,715,0,0,3,712
0x8e9f08,99.5739%,3,701,704,0,0,3,701
0x8f7721,40%,3,2,5,2,3,0,0
0x9e3007,98.7342%,3,234,237,0,0,3,234
0x9f3a1b,62.5%,3,5,8,3,1,2,2
0x5453c7,86.3636%,3,19,22,0,0,3,19
0x9a7429,70%,3,7,10,5,0,3,2
0xaa4cf9,0%,3,0,3,0,0,3,0
0xa60c07,40%,3,2,5,2,3,0,0
0x550e8c,57.1429%,3,4,7,0,0,3,4
0x8fcddc,93.1818%,3,41,44,0,0,3,41
0x812849,80%,3,12,15,0,0,3,12
0x405eaf,98.3146%,3,175,178,0,0,3,175
0x817440,96.5517%,3,84,87,0,2,1,84
0xa4ca47,25%,3,1,4,0,0,3,1
0xa48a6e,98.3146%,3,175,178,0,0,3,175
0x80a81c,99.6441%,3,840,843,0,2,1,840
0x8c8331,90%,3,27,30,11,0,3,16
0x611473,72.7273%,3,8,11,0,0,3,8
0x8d26ff,96%,3,72,75,72,3,0,0
0x9a6a15,78.5714%,3,11,14,8,1,2,3
0x8bcc65,90.3226%,3,28,31,0,0,3,28
0xa3794b,70%,3,7,10,0,0,3,7
0x8f1295,92.5%,3,37,40,0,0,3,37
0xa55fc0,99.284%,3,416,419,416,3,0,0
0x64a864,97.1698%,3,103,106,0,0,3,103
0xa55781,25%,3,1,4,0,0,3,1
0x49b1ab,81.25%,3,13,16,1,1,2,12
0xa50f65,92.1053%,3,35,38,0,0,3,35
0x51060f,81.25%,3,13,16,0,0,3,13
0x4a2043,25%,3,1,4,1,3,0,0
0xa55f40,0%,3,0,3,0,3,0,0
0x95b0ee,25%,3,1,4,1,3,0,0
0x543024,99.1573%,3,353,356,0,0,3,353
0x50f27b,50%,3,3,6,0,0,3,3
0xa3035e,98.2353%,3,167,170,0,0,3,167
0x7810d8,94.1176%,3,48,51,48,3,0,0
0xa6c706,88.8889%,3,24,27,0,0,3,24
0x8f0d0a,93.75%,3,45,48,6,2,1,39
0x4099f6,83.3333%,3,15,18,15,3,0,0
0xaa011e,0%,3,0,3,0,3,0,0
0x9017e4,88.8889%,3,24,27,0,0,3,24
0x50eedf,96.3855%,3,80,83,2,3,0,78
0x4a5c24,76.9231%,3,10,13,0,3,0,10
0x4ab20b,40%,3,2,5,0,0,3,2
0x5ff49a,70%,3,7,10,0,0,3,7
0x5db52b,25%,3,1,4,1,3,0,0
0x9a9281,91.1765%,3,31,34,0,0,3,31
0xa6cb16,88.8889%,3,24,27,0,0,3,24
0x90aa02,94.7368%,3,54,57,54,3,0,0
0x5ff3e6,50%,3,3,6,0,2,1,3
0x8a284f,98.9324%,3,278,281,0,0,3,278
0x59091a,86.3636%,3,19,22,0,0,3,19
0xa30c4b,98.0892%,3,154,157,0,0,3,154
0xa5d016,98.6726%,3,223,226,223,3,0,0
0x99d3cf,66.6667%,3,6,9,6,3,0,0
0x8377c3,0%,3,0,3,0,3,0,0
0x90ca11,97.1429%,3,102,105,102,3,0,0
0xa9ff5d,0%,3,0,3,0,3,0,0
0x83776e,0%,3,0,3,0,3,0,0
0xa43b13,97.7099%,3,128,131,128,3,0,0
0x48f4f5,0%,3,0,3,0,0,3,0
0x90c286,99.8581%,3,2111,2114,0,0,3,2111
0x7d1e85,94.1176%,3,48,51,0,0,3,48
0xa15ec7,75%,3,9,12,1,0,3,8
0x90b356,99.6094%,3,765,768,765,3,0,0
0x49a373,78.5714%,3,11,14,10,0,3,1
0x4c8e2e,97.7444%,3,130,133,130,3,0,0
0x4a1ebb,75%,3,9,12,8,0,3,1
0xa55f2a,72.7273%,3,8,11,8,0,3,0
0x809ec2,25%,3,1,4,0,2,1,1
0x556315,0%,3,0,3,0,3,0,0
0x90e7ef,90%,3,27,30,0,0,3,27
0x818b77,96.25%,3,77,80,77,3,0,0
0xa8e77e,96.3855%,3,80,83,80,3,0,0
0xa415a7,62.5%,3,5,8,0,0,3,5
0x8388a2,40%,3,2,5,2,3,0,0
0xa08f2f,40%,3,2,5,0,0,3,2
0x8434c1,50%,3,3,6,2,0,3,1
0x533e6e,25%,3,1,4,0,2,1,1
0x65a2c6,98.4211%,3,187,190,0,0,3,187
0x4a0463,81.25%,3,13,16,13,3,0,0
0xa50e57,25%,3,1,4,1,3,0,0
0x904ab0,99.0033%,3,298,301,298,3,0,0
0x8a3479,25%,3,1,4,0,0,3,1
0x981372,95.1613%,3,59,62,0,0,3,59
0x67e486,96.1538%,3,75,78,20,2,1,55
0x4bb29c,99.3228%,3,440,443,440,1,2,0
0x5e45fe,99.8012%,3,1506,1509,1506,3,0,0
0x96607d,70%,3,7,10,7,3,0,0
0x96981e,95.8333%,3,69,72,0,0,3,69
0x966022,84.2105%,3,16,19,6,3,0,10
0x5547fb,97%,3,97,100,0,0,3,97
0x812058,70%,3,7,10,0,0,3,7
0x49dd97,89.2857%,3,25,28,0,0,3,25
0x692449,70%,3,7,10,7,3,0,0
0x5e3abe,0%,3,0,3,0,0,3,0
0x50a2fc,25%,3,1,4,0,0,3,1
0x4c5328,98.9796%,3,291,294,0,0,3,291
0x9f2a73,40%,3,2,5,2,3,0,0
0x8f45b3,94.7368%,3,54,57,54,3,0,0
0x50a775,94.1176%,3,48,51,0,0,3,48
0x50eb30,92.5%,3,37,40,37,3,0,0
0xa4cd19,25%,3,1,4,1,3,0,0
0xa4704d,86.3636%,3,19,22,19,3,0,0
0x833b73,50%,3,3,6,0,2,1,3
0xa4c949,25%,3,1,4,1,3,0,0
0x53d862,91.1765%,3,31,34,27,2,1,4
0xa4b9ba,25%,3,1,4,0,2,1,1
0xad7f16,99.8234%,3,1696,1699,0,0,3,1696
0x8050d2,90%,3,27,30,14,1,2,13
0x7c7a0c,87.5%,3,21,24,0,0,3,21
0xa4c7aa,25%,3,1,4,1,3,0,0
0x66621d,93.75%,3,45,48,45,3,0,0
0x8f3e24,98.9831%,3,292,295,0,0,3,292
0x6dcea7,25%,3,1,4,0,0,3,1
0xa46998,98.6175%,3,214,217,214,3,0,0
0x973b54,70%,3,7,10,0,0,3,7
0x7a11ef,89.6552%,3,26,29,0,0,3,26
0x50b118,92.5%,3,37,40,0,0,3,37
0xa27a11,25%,3,1,4,1,0,3,0
0x7aedca,72.7273%,3,8,11,0,0,3,8
0x843642,25%,3,1,4,1,3,0,0
0x9e2b00,95.9459%,3,71,74,71,3,0,0
0x9fcb09,88%,3,22,25,0,0,3,22
0x679b19,50%,3,3,6,3,3,0,0
0xa5ce01,98.1818%,3,162,165,161,2,1,1
0x9e0821,99.6878%,3,958,961,0,0,3,958
0x5465dc,25%,3,1,4,0,0,3,1
0x9a89d1,98.8848%,3,266,269,0,0,3,266
0x9fddf4,88%,3,22,25,0,0,3,22
0xa43faa,95.3125%,3,61,64,61,3,0,0
0xaa7f9f,0%,3,0,3,0,0,3,0
0x48329e,89.6552%,3,26,29,26,3,0,0
0x7942e4,81.25%,3,13,16,0,0,3,13
0x53ecaf,98.0519%,3,151,154,0,0,3,151
0x5d68b7,0%,3,0,3,0,0,3,0
0x905d11,97.6562%,3,125,128,0,0,3,125
0x906799,97.5806%,3,121,124,0,0,3,121
0x838142,40%,3,2,5,2,3,0,0
0x9fec8c,90%,3,27,30,27,3,0,0
0x4418ce,72.7273%,3,8,11,0,0,3,8
0xa1b50f,40%,3,2,5,0,0,3,2
0x80ca84,98.9362%,3,279,282,279,3,0,0
0xa4cd8f,25%,3,1,4,0,0,3,1
0x99aa21,97.0588%,3,99,102,0,0,3,99
0x983a18,25%,3,1,4,1,3,0,0
0x596108,76.9231%,3,10,13,0,2,1,10
0x542ffd,25%,3,1,4,1,3,0,0
0xa0bb0d,40%,3,2,5,2,3,0,0
0x6752e2,0%,3,0,3,0,0,3,0
0x50aef6,50%,3,3,6,0,0,3,3
0x9a607b,78.5714%,3,11,14,0,0,3,11
0x8fd230,25%,3,1,4,0,2,1,1
0x507897,99.4774%,3,571,574,0,0,3,571
0x8065bf,87.5%,3,21,24,0,0,3,21
0xa297f6,25%,3,1,4,0,0,3,1
0x48f64f,0%,3,0,3,0,3,0,0
0x8df87e,25%,3,1,4,1,3,0,0
0xa4ecd9,97.8261%,3,135,138,135,3,0,0
0x79112e,93.3333%,3,42,45,6,0,3,36
0x9a82f0,78.5714%,3,11,14,11,3,0,0
0x9f5a9b,96.25%,3,77,80,0,0,3,77
0xa4e70a,92.1053%,3,35,38,35,3,0,0
0xa4e6ee,92.1053%,3,35,38,35,3,0,0
0x5d98d6,62.5%,3,5,8,5,3,0,0
0x9a7970,78.5714%,3,11,14,11,3,0,0
0x8bbb9d,91.8919%,3,34,37,0,0,3,34
0x80c1d4,98.8679%,3,262,265,0,0,3,262
0x8e9341,0%,3,0,3,0,3,0,0
0x9eb7b6,96.2025%,3,76,79,0,0,3,76
0x501642,99.7896%,3,1423,1426,0,0,3,1423
0x9497c9,96.2025%,3,76,79,0,0,3,76
0x837741,62.5%,3,5,8,0,3,0,5
0x9e792d,97.541%,3,119,122,119,3,0,0
0x9eb3b8,90.625%,3,29,32,0,0,3,29
0xa363d4,98.9899%,3,294,297,294,3,0,0
0xa06f6a,66.6667%,3,6,9,6,3,0,0
0xa60be4,40%,3,2,5,2,3,0,0
0xacce4e,0%,3,0,3,0,2,1,0
0x8c8cc8,95.5224%,3,64,67,0,0,3,64
0x8f3da2,98.2759%,3,171,174,0,0,3,171
0x8ff2cf,95.3125%,3,61,64,4,0,3,57
0xa4ee82,97.8261%,3,135,138,135,3,0,0
0x815a85,92.6829%,3,38,41,7,3,0,31
0x49a07e,81.25%,3,13,16,0,0,3,13
0x5de6c8,99.7583%,3,1238,1241,430,1,2,808
0x65a12b,99.7949%,3,1460,1463,0,0,3,1460
0x8eedf8,97.8571%,3,137,140,0,0,3,137
0xaa8059,99.4329%,3,526,529,0,0,3,526
0x973716,40%,3,2,5,2,3,0,0
0x98cdec,75%,3,9,12,0,0,3,9
0x820cb3,94%,3,47,50,47,2,1,0
0x5021c8,95.5224%,3,64,67,64,3,0,0
0x5dfaab,78.5714%,3,11,14,11,3,0,0
0x50a08f,97.7941%,3,133,136,133,3,0,0
0x53dcf5,70%,3,7,10,1,1,2,6
0xa52f5d,85%,3,17,20,17,1,2,0
0x9e2f2f,98.8593%,3,260,263,260,3,0,0
0x96a64f,95.8333%,3,69,72,0,0,3,69
0xa45f32,25%,3,1,4,0,0,3,1
0x8ec9a8,25%,3,1,4,0,0,3,1
0x50cda3,99.0654%,3,318,321,0,0,3,318
0x9e06c8,99.6644%,3,891,894,891,3,0,0
0x4b7a55,72.7273%,3,8,11,7,2,1,1
0x5ae477,66.6667%,3,6,9,6,3,0,0
0x6752d0,0%,3,0,3,0,0,3,0
0xa022bb,99.738%,3,1142,1145,0,0,3,1142
0xa54506,70%,3,7,10,7,1,2,0
0x8b96fc,99.9848%,3,19689,19692,1,1,2,19688
0x54050e,25%,3,1,4,0,2,1,1
0x9751ab,40%,3,2,5,0,0,3,2
0x9e8428,0%,3,0,3,0,0,3,0
0xaaa618,57.1429%,3,4,7,4,3,0,0
0x58c86c,99.0798%,3,323,326,323,3,0,0
0x8bd790,50%,3,3,6,1,3,0,2
0xa4e5a2,92.1053%,3,35,38,0,0,3,35
0xa03844,99.9437%,3,5325,5328,0,0,3,5325
0xa4decd,85%,3,17,20,17,3,0,0
0x557ad4,0%,3,0,3,0,0,3,0
0x670682,0%,3,0,3,0,0,3,0
0x5a96db,40%,3,2,5,2,3,0,0
0xa4ba00,25%,3,1,4,0,0,3,1
0xa55227,62.5%,3,5,8,4,0,3,1
0x817d6f,62.5%,3,5,8,1,1,2,4
0x81eb0e,99.4545%,3,547,550,0,0,3,547
0x9e0b49,98.8593%,3,260,263,5,1,2,255
0xa22e8d,62.5%,3,5,8,5,3,0,0
0xa90b2b,50%,3,3,6,0,2,1,3
0x977b11,57.1429%,3,4,7,0,0,3,4
0x48cf78,85%,3,17,20,17,3,0,0
0x402539,99.4163%,3,511,514,0,0,3,511
0x50d673,99.4783%,3,572,575,0,0,3,572
0x59fca9,25%,3,1,4,1,1,2,0
0x90cb1a,97.479%,3,116,119,116,3,0,0
0x5d463a,83.3333%,3,15,18,1,3,0,14
0x813de8,99.6815%,3,939,942,0,0,3,939
0x488adb,99.4297%,3,523,526,0,0,3,523
0x9a1c2b,98.2659%,3,170,173,0,0,3,170
0x9e1221,88.8889%,3,24,27,0,0,3,24
0xa55b27,50%,3,3,6,0,0,3,3
0x9ff67c,40%,3,2,5,0,0,3,2
0x5f4042,57.1429%,3,4,7,3,0,3,1
0x94db4b,99.4889%,3,584,587,584,3,0,0
0xa97ad6,40%,3,2,5,2,3,0,0
0x550dab,87.5%,3,21,24,0,0,3,21
0x64bb40,99.7845%,3,1389,1392,0,0,3,1389
0x9a317b,98.8889%,3,267,270,0,0,3,267
0x9f642b,0%,3,0,3,0,0,3,0
0x8dfdba,90.625%,3,29,32,0,0,3,29
0xa5c859,83.3333%,3,15,18,1,3,0,14
0x8e02a9,25%,3,1,4,0,0,3,1
0x97351a,75%,3,9,12,0,0,3,9
0x4aaac9,94.2308%,3,49,52,0,0,3,49
0xa64cd8,25%,3,1,4,0,0,3,1
0xa5aced,85.7143%,3,18,21,18,3,0,0
0xa5b187,72.7273%,3,8,11,0,0,3,8
0xa5364a,62.5%,3,5,8,0,0,3,5
0x99af69,57.1429%,3,4,7,0,0,3,4
0x8ddee1,94.4444%,3,51,54,51,3,0,0
0x7d416a,75%,3,9,12,0,0,3,9
0x4c7571,83.3333%,3,15,18,0,3,0,15
0x8dacfb,93.1818%,3,41,44,0,0,3,41
0x5be0b4,96.1538%,3,75,78,0,0,3,75
0x54daa5,92.3077%,3,36,39,0,0,3,36
0x80671e,70%,3,7,10,0,0,3,7
0x8a958e,91.6667%,3,33,36,23,1,2,10
0x487744,91.6667%,3,33,36,11,1,2,22
0x4876b6,80%,3,12,15,12,0,3,0
0xa5ab96,89.2857%,3,25,28,0,0,3,25
0x4a25b8,50%,3,3,6,0,2,1,3
0xa59f5b,70%,3,7,10,6,1,2,1
0x5f3c2e,25%,3,1,4,0,2,1,1
0x94d180,93.617%,3,44,47,0,0,3,44
0x5d1555,0%,3,0,3,0,3,0,0
0x8e0fac,81.25%,3,13,16,13,3,0,0
0x5d46f1,25%,3,1,4,1,3,0,0
0x81512b,62.5%,3,5,8,0,0,3,5
0x99b035,92.5%,3,37,40,30,0,3,7
0x48ef8d,94.5455%,3,52,55,0,0,3,52
0x78189f,25%,3,1,4,1,3,0,0
0x5f4064,25%,3,1,4,1,3,0,0
0x94548b,99.4329%,3,526,529,526,3,0,0
0x81398d,93.1818%,3,41,44,0,0,3,41
0xa5b302,0%,3,0,3,0,3,0,0
0xa5b2b9,0%,3,0,3,0,0,3,0
0x9fb306,92.6829%,3,38,41,5,1,2,33
0xa97f1b,75%,3,9,12,9,3,0,0
0x49f684,87.5%,3,21,24,0,0,3,21
0xb471dd,99.88%,3,2496,2499,0,0,3,2496
0x94acff,94.6429%,3,53,56,53,3,0,0
0x9e0bed,86.9565%,3,20,23,5,1,2,15
0x5960c1,76.9231%,3,10,13,0,0,3,10
0x4905ef,0%,3,0,3,0,0,3,0
0xa5b273,0%,3,0,3,0,3,0,0
0xa369fb,0%,3,0,3,0,0,3,0
0x8deaa8,97.6562%,3,125,128,0,0,3,125
0x49ad3c,50%,3,3,6,0,3,0,3
0x9f2416,70%,3,7,10,0,0,3,7
0x493dd2,92.3077%,3,36,39,0,0,3,36
0x9ec45e,40%,3,2,5,0,0,3,2
0x80453b,82.3529%,3,14,17,1,3,0,13
0x9a9808,70%,3,7,10,7,3,0,0
0x4a5c00,94.5455%,3,52,55,0,3,0,52
0x9f4d6a,66.6667%,3,6,9,6,3,0,0
0x4905d6,0%,3,0,3,0,3,0,0
0x609dcb,98.4536%,3,191,194,0,0,3,191
0x64b4e2,0%,3,0,3,0,3,0,0
0x9f08ee,70%,3,7,10,0,0,3,7
0x5f8105,98%,3,147,150,0,0,3,147
0x5bc409,99.6898%,3,964,967,0,3,0,964
0x48fda3,85%,3,17,20,7,3,0,10
0xa46dbb,95%,3,57,60,57,3,0,0
0x8ab01f,91.1765%,3,31,34,0,0,3,31
0x806072,98.6607%,3,221,224,219,3,0,2
0x900fb4,91.8919%,3,34,37,0,0,3,34
0x5b04c7,95.5224%,3,64,67,2,2,1,62
0x9e2d8d,81.25%,3,13,16,13,3,0,0
0x9e2d60,81.25%,3,13,16,0,0,3,13
0x53a099,92.8571%,3,39,42,12,1,2,27
0x917543,98.5%,3,197,200,0,0,3,197
0x6a3b15,88.4615%,3,23,26,23,3,0,0
0x80aec2,91.1765%,3,31,34,30,2,1,1
0xaac3d8,25%,3,1,4,0,0,3,1
0xa285e4,66.6667%,3,6,9,1,2,1,5
0x977bb8,57.1429%,3,4,7,4,3,0,0
0xa25e5e,96.1538%,3,75,78,75,3,0,0
0x807021,99.2347%,3,389,392,0,0,3,389
0x5511dd,25%,3,1,4,1,3,0,0
0x8ff6fb,98.4127%,3,186,189,0,1,2,186
0x48f492,0%,3,0,3,0,0,3,0
0x550a31,91.1765%,3,31,34,31,3,0,0
0x58e813,57.1429%,3,4,7,0,0,3,4
0x8e7948,98.6607%,3,221,224,221,3,0,0
0x9a14ab,95.6522%,3,66,69,0,0,3,66
0x54ed17,95.6522%,3,66,69,66,3,0,0
0x4037fc,99.435%,3,528,531,0,0,3,528
0x5cfab6,98.8095%,3,249,252,249,3,0,0
0x5f409f,25%,3,1,4,0,1,2,1
0xa02456,99.4434%,3,536,539,536,3,0,0
0xa4f93d,81.25%,3,13,16,0,0,3,13
0xa58e9c,98.1928%,3,163,166,145,0,3,18
0x88e2cf,96.9388%,3,95,98,95,3,0,0
0x97825b,84.2105%,3,16,19,0,0,3,16
0x97827e,50%,3,3,6,3,3,0,0
0x951022,97.1429%,3,102,105,1,0,3,101
0x781e0d,99.8917%,3,2768,2771,2768,3,0,0
0x9a9f28,89.2857%,3,25,28,0,0,3,25
0xa30b67,98.5507%,3,204,207,0,0,3,204
0x5f9526,66.6667%,3,6,9,0,3,0,6
0x54cf74,80%,3,12,15,12,3,0,0
0x80e738,98%,3,147,150,147,3,0,0
0x5d0908,83.3333%,3,15,18,15,3,0,0
0x58e5dc,50%,3,3,6,3,0,3,0
0xa4ed8f,98.1481%,3,159,162,0,0,3,159
0x903f5a,66.6667%,3,6,9,6,3,0,0
0xa92300,94.4444%,3,51,54,50,0,3,1
0x60bbce,83.3333%,3,15,18,7,2,1,8
0x9f831b,72.7273%,3,8,11,0,0,3,8
0x606ead,70%,3,7,10,7,0,3,0
0x8f56c2,98.1707%,3,161,164,0,0,3,161
0xa9732d,0%,3,0,3,0,0,3,0
0x6472bb,85%,3,17,20,0,0,3,17
0x97b7fd,84.2105%,3,16,19,16,3,0,0
0x99be04,76.9231%,3,10,13,10,3,0,0
0x8aac75,70%,3,7,10,7,3,0,0
0x44166e,72.7273%,3,8,11,0,0,3,8
0xa9f2d1,0%,3,0,3,0,0,3,0
0x5baf88,98.4211%,3,187,190,0,0,3,187
0x4102c5,99.6764%,3,924,927,0,0,3,924
0x495ddc,84.2105%,3,16,19,0,0,3,16
0x4ac8f3,0%,3,0,3,0,3,0,0
0xa92590,83.3333%,3,15,18,5,3,0,10
0xaae484,76.9231%,3,10,13,0,0,3,10
0xa5a08a,57.1429%,3,4,7,2,2,1,2
0xa9fec0,0%,3,0,3,0,3,0,0
0x70e8ed,25%,3,1,4,1,3,0,0
0x9d0016,40%,3,2,5,2,3,0,0
0x48f8ae,50%,3,3,6,0,0,3,3
0xa360cc,99.0033%,3,298,301,0,0,3,298
0x488ae4,99.4297%,3,523,526,523,3,0,0
0x4bd105,0%,3,0,3,0,1,2,0
0x4bd60f,57.1429%,3,4,7,4,2,1,0
0x63fb92,99.8384%,3,1854,1857,0,0,3,1854
0x8df916,25%,3,1,4,1,0,3,0
0xa02aab,88.8889%,3,24,27,12,0,3,12
0x5f18a3,57.1429%,3,4,7,1,1,2,3
0xa9cfcf,25%,3,1,4,1,1,2,0
0x81b143,90.625%,3,29,32,0,0,3,29
0x64bd95,97.479%,3,116,119,116,3,0,0
0x81afd1,40%,3,2,5,2,3,0,0
0xa29219,81.25%,3,13,16,0,0,3,13
0x48586e,50%,3,3,6,0,0,3,3
0xa07b69,40%,3,2,5,1,3,0,1
0xa7b0f4,40%,3,2,5,2,3,0,0
0x4857aa,0%,3,0,3,0,0,3,0
0x9a6573,25%,3,1,4,0,0,3,1
0x666eaa,0%,3,0,3,0,0,3,0
0x8f49bf,50%,3,3,6,0,0,3,3
0x48589f,0%,3,0,3,0,3,0,0
0x59073e,0%,3,0,3,0,0,3,0
0xaa3935,85.7143%,3,18,21,13,3,0,5
0x590710,0%,3,0,3,0,0,3,0
0x837ee6,50%,3,3,6,3,3,0,0
0xb49ca7,0%,3,0,3,0,0,3,0
0x90bbb1,86.3636%,3,19,22,19,3,0,0
0x5936ee,76.9231%,3,10,13,2,0,3,8
0x405de2,62.5%,3,5,8,5,3,0,0
0x4858ea,0%,3,0,3,0,3,0,0
0x9f9adb,97.2477%,3,106,109,0,0,3,106
0x81f458,25%,3,1,4,0,0,3,1
0x4ac554,62.5%,3,5,8,5,3,0,0
0x7d27ed,25%,3,1,4,0,0,3,1
0x647e09,94.1176%,3,48,51,0,2,1,48
0x97305c,88.8889%,3,24,27,0,0,3,24
0x5c751f,0%,3,0,3,0,3,0,0
0xa47817,25%,3,1,4,1,3,0,0
0x816f41,40%,3,2,5,2,3,0,0
0x61cd94,40%,3,2,5,0,0,3,2
0xa338c0,97.4138%,3,113,116,106,3,0,7
0xa9f2e9,0%,3,0,3,0,3,0,0
0xaa49de,0%,3,0,3,0,3,0,0
0xa9ff98,0%,3,0,3,0,3,0,0
0x9a7cb0,75%,3,9,12,0,0,3,9
0xa4d1a8,25%,3,1,4,1,3,0,0
0x5b40ac,90.3226%,3,28,31,28,3,0,0
0x5f550c,50%,3,3,6,0,2,1,3
0x606eee,0%,3,0,3,0,3,0,0
0x9e400f,84.2105%,3,16,19,0,0,3,16
0x53f372,25%,3,1,4,0,0,3,1
0x8e94ec,25%,3,1,4,1,3,0,0
0xa58534,98.3425%,3,178,181,0,0,3,178
0x5c7550,0%,3,0,3,0,0,3,0
0x8bcbf9,88.4615%,3,23,26,0,0,3,23
0x64c770,57.1429%,3,4,7,0,0,3,4
0xa389af,0%,3,0,3,0,3,0,0
0xaa111d,91.6667%,3,33,36,33,3,0,0
0x490cad,85%,3,17,20,0,3,0,17
0x5d0813,62.5%,3,5,8,5,3,0,0
0x4807b8,84.2105%,3,16,19,16,3,0,0
0x610a5b,76.9231%,3,10,13,0,0,3,10
0x8e26e1,99.7902%,3,1427,1430,0,0,3,1427
0xa25b84,99.7038%,3,1010,1013,0,0,3,1010
0xa5395f,78.5714%,3,11,14,11,3,0,0
0x7c7bd2,96.3855%,3,80,83,80,2,1,0
0x73d8ef,90.9091%,3,30,33,30,0,3,0
0x5f1e71,91.6667%,3,33,36,0,3,0,33
0x98515a,25%,3,1,4,0,0,3,1
0x809537,25%,3,1,4,1,1,2,0
0x5d69ec,0%,3,0,3,0,0,3,0
0x4ac81d,80%,3,12,15,0,0,3,12
0xa59668,89.6552%,3,26,29,26,3,0,0
0xaef6fd,62.5%,3,5,8,4,0,3,1
0x9e8447,0%,3,0,3,0,0,3,0
0x5cf346,25%,3,1,4,0,0,3,1
0x50e34f,83.3333%,3,15,18,0,0,3,15
0x99affd,92.5%,3,37,40,0,0,3,37
0x9e2cca,76.9231%,3,10,13,0,0,3,10
0x8e3f30,25%,3,1,4,1,3,0,0
0x5d0363,50%,3,3,6,3,3,0,0
0x9e610c,57.1429%,3,4,7,4,3,0,0
0x5f1cc1,57.1429%,3,4,7,4,3,0,0
0x5f1c40,57.1429%,3,4,7,0,0,3,4
0x8f4344,99.7934%,3,1449,1452,1449,3,0,0
0x91792d,98.5%,3,197,200,197,3,0,0
0x8e932f,0%,3,0,3,0,0,3,0
0x99eac5,80%,3,12,15,12,3,0,0
0xab366a,83.3333%,3,15,18,0,0,3,15
0xa91931,82.3529%,3,14,17,0,0,3,14
0x9e10ab,89.6552%,3,26,29,26,3,0,0
0x4a9739,95%,3,57,60,0,0,3,57
0x9e5259,75%,3,9,12,0,1,2,9
0x81fd8d,93.75%,3,45,48,0,0,3,45
0x9a288c,80%,3,12,15,0,0,3,12
0x5f3b92,0%,3,0,3,0,3,0,0
0x4a5c71,25%,3,1,4,1,3,0,0
0x4903dc,0%,3,0,3,0,3,0,0
0x8fcd6b,99.1597%,3,354,357,0,0,3,354
0x948743,99.792%,3,1439,1442,1439,3,0,0
0xa17feb,99.5%,3,597,600,0,0,3,597
0x48f759,95.3846%,3,62,65,0,0,3,62
0x5ff5ab,62.5%,3,5,8,0,0,3,5
0x488d7c,94.7368%,3,54,57,0,0,3,54
0x908ff4,99.8384%,3,1854,1857,1854,3,0,0
0x8e694e,96.9388%,3,95,98,95,3,0,0
0x5d2084,0%,3,0,3,0,3,0,0
0x5109ca,99.5246%,3,628,631,0,0,3,628
0x539ff7,93.617%,3,44,47,0,0,3,44
0x64af1d,95.3125%,3,61,64,0,0,3,61
0x5576f5,95.8333%,3,69,72,0,0,3,69
0x8bd80a,85%,3,17,20,9,3,0,8
0x49c19b,96.8421%,3,92,95,0,0,3,92
0x819bd9,98.9362%,3,279,282,279,3,0,0
0xa64bcf,62.5%,3,5,8,0,0,3,5
0x97b94f,97.3684%,3,111,114,0,0,3,111
0x593772,99.5276%,3,632,635,0,2,1,632
0x973a05,92.5%,3,37,40,37,3,0,0
0x81fcea,78.5714%,3,11,14,0,0,3,11
0x666254,93.75%,3,45,48,45,3,0,0
0x480ee4,84.2105%,3,16,19,16,3,0,0
0xa2fd5a,93.0233%,3,40,43,0,0,3,40
0x492cf3,95.9459%,3,71,74,0,2,1,71
0x670469,97.7444%,3,130,133,0,0,3,130
0x97531b,50%,3,3,6,0,0,3,3
0x9752c1,50%,3,3,6,2,1,2,1
0x975104,62.5%,3,5,8,0,2,1,5
0x9f63b7,0%,3,0,3,0,0,3,0
0x99ac2a,98.8235%,3,252,255,0,0,3,252
0xaab0ce,25%,3,1,4,1,3,0,0
0x97515c,80%,3,12,15,0,3,0,12
0xaa7d0e,70%,3,7,10,0,0,3,7
0x50389b,70%,3,7,10,7,3,0,0
0x670496,66.6667%,3,6,9,0,0,3,6
0x8ee70d,99.1914%,3,368,371,0,0,3,368
0x959d45,25%,3,1,4,1,3,0,0
0x6625cb,81.25%,3,13,16,13,3,0,0
0x975023,50%,3,3,6,0,0,3,3
0xa4a21e,94.6429%,3,53,56,53,3,0,0
0x591f2e,94.2308%,3,49,52,0,0,3,49
0x9f861c,78.5714%,3,11,14,3,0,3,8
0x9f3e71,98.1132%,3,156,159,0,0,3,156
0xb30426,40%,3,2,5,0,0,3,2
0x973455,57.1429%,3,4,7,0,0,3,4
0xaa63ea,88.4615%,3,23,26,0,0,3,23
0x5b52a5,40%,3,2,5,2,3,0,0
0xa06308,50%,3,3,6,0,3,0,3
0x9e0dbb,40%,3,2,5,0,0,3,2
0x49ba5f,62.5%,3,5,8,0,0,3,5
0x9f800a,78.5714%,3,11,14,11,3,0,0
0x8d27a6,0%,3,0,3,0,0,3,0
0x5931b4,78.5714%,3,11,14,0,0,3,11
0x9f4758,62.5%,3,5,8,0,0,3,5
0x67a02e,50%,3,3,6,0,0,3,3
0x8dd115,99.0476%,3,312,315,0,0,3,312
0x9f831f,72.7273%,3,8,11,0,0,3,8
0x81b88e,99.4242%,3,518,521,0,0,3,518
0x49cd89,40%,3,2,5,0,0,3,2
0x8dcab2,25%,3,1,4,0,0,3,1
0x58b8f6,97.2727%,3,107,110,0,0,3,107
0x99cf58,66.6667%,3,6,9,0,0,3,6
0x68054a,84.2105%,3,16,19,16,3,0,0
0xa7224e,57.1429%,3,4,7,0,0,3,4
0x4ca4bf,70%,3,7,10,0,0,3,7
0x63a79a,98.5%,3,197,200,197,3,0,0
0x9fcc3f,88%,3,22,25,0,0,3,22
0x49fc52,82.3529%,3,14,17,1,1,2,13
0x48f7a4,94.5455%,3,52,55,0,0,3,52
0x96eb7c,0%,3,0,3,0,0,3,0
0xa3188f,98.6111%,3,213,216,0,0,3,213
0x6815d0,50%,3,3,6,3,3,0,0
0x58d865,95.6522%,3,66,69,0,0,3,66
0x94eec6,90%,3,27,30,27,3,0,0
0x51b6b2,57.1429%,3,4,7,4,3,0,0
0x5931db,78.5714%,3,11,14,0,0,3,11
0x6798b9,50%,3,3,6,0,0,3,3
0xa33fc4,0%,3,0,3,0,3,0,0
0x48799d,50%,3,3,6,0,0,3,3
0x9bd3d5,75%,3,9,12,9,3,0,0
0x7b0571,0%,3,0,3,0,3,0,0
0x9c51ca,81.25%,3,13,16,5,3,0,8
0x991286,76.9231%,3,10,13,0,0,3,10
0xa17f73,99.4505%,3,543,546,543,3,0,0
0x817e5f,98.8%,3,247,250,6,2,1,241
0x4bd4aa,25%,3,1,4,0,3,0,1
0xa46ff4,98.4456%,3,190,193,190,3,0,0
0xaa2e46,99.5161%,3,617,620,0,0,3,617
0x9f3cf4,70%,3,7,10,7,3,0,0
0x590139,75%,3,9,12,9,3,0,0
0x65b21b,76.9231%,3,10,13,0,0,3,10
0xa41b0f,98.8764%,3,264,267,0,0,3,264
0xad7e66,99.9129%,3,3440,3443,0,0,3,3440
0x404117,99.3684%,3,472,475,0,0,3,472
0x9f3b8b,82.3529%,3,14,17,0,0,3,14
0x507e21,86.3636%,3,19,22,0,0,3,19
0x8f1fa6,97.3451%,3,110,113,110,3,0,0
0x9f7c26,76.9231%,3,10,13,0,0,3,10
0x9bdd0a,94.5455%,3,52,55,0,0,3,52
0x7bb90b,25%,3,1,4,0,0,3,1
0x9f32cf,98.0645%,3,152,155,152,3,0,0
0x5915f9,0%,3,0,3,0,0,3,0
0x8ee99b,0%,3,0,3,0,0,3,0
0x9714a5,62.5%,3,5,8,5,3,0,0
0x41081b,85.7143%,3,18,21,0,0,3,18
0x8da813,75%,3,9,12,6,0,3,3
0x9f5bdd,75%,3,9,12,0,0,3,9
0xa58b61,89.6552%,3,26,29,0,0,3,26
0x9a39ea,85.7143%,3,18,21,16,0,3,2
0x7d403d,0%,3,0,3,0,0,3,0
0x49ff13,99.9657%,3,8743,8746,0,0,3,8743
0x9f4a43,0%,3,0,3,0,0,3,0
0x8e3e1e,25%,3,1,4,0,0,3,1
0x5b9c44,97.3214%,3,109,112,109,3,0,0
0x54ceeb,25%,3,1,4,1,3,0,0
0x9bdbd7,25%,3,1,4,1,3,0,0
0x9f778e,98.125%,3,157,160,0,0,3,157
0x540f69,62.5%,3,5,8,0,3,0,5
0x678e32,86.9565%,3,20,23,0,0,3,20
0x95aaa5,25%,3,1,4,1,3,0,0
0x8dc40c,25%,3,1,4,0,0,3,1
0xa28a30,81.25%,3,13,16,13,3,0,0
0x8fd6c8,70%,3,7,10,0,0,3,7
0x814bf3,92.6829%,3,38,41,0,0,3,38
0x8e0f51,99.8483%,3,1974,1977,0,0,3,1974
0x405aea,97.0588%,3,99,102,99,3,0,0
0x6664b2,90%,3,27,30,0,0,3,27
0x60bc2f,83.3333%,3,15,18,0,0,3,15
0x9f531b,97.6378%,3,124,127,124,3,0,0
0x5c4742,62.5%,3,5,8,0,0,3,5
0x58f410,94.2308%,3,49,52,0,0,3,49
0x48f407,75%,3,9,12,8,1,2,1
0xa59c4a,62.5%,3,5,8,3,2,1,2
0x5f4085,57.1429%,3,4,7,0,3,0,4
0xa294e3,81.25%,3,13,16,13,3,0,0
0xaaaec7,75%,3,9,12,7,1,2,2
0xa6b683,25%,3,1,4,1,3,0,0
0x9bdaef,25%,3,1,4,1,2,1,0
0xa8a8ad,25%,3,1,4,0,0,3,1
0xa3eeab,62.5%,3,5,8,0,0,3,5
0x819541,98.125%,3,157,160,0,0,3,157
0x51b774,99.9278%,3,4151,4154,0,0,3,4151
0x9f6ad9,91.6667%,3,33,36,0,0,3,33
0x98085f,0%,3,0,3,0,3,0,0
0xa9ff84,0%,3,0,3,0,0,3,0
0x980879,0%,3,0,3,0,0,3,0
0x4c6442,89.2857%,3,25,28,25,3,0,0
0x480c45,66.6667%,3,6,9,0,0,3,6
0xa28569,98.0263%,3,149,152,0,0,3,149
0xa4ffb3,84.2105%,3,16,19,0,0,3,16
0xb306e4,40%,3,2,5,2,3,0,0
0x666eb3,0%,3,0,3,0,3,0,0
0xa086df,25%,3,1,4,1,3,0,0
0x590705,0%,3,0,3,0,0,3,0
0xaabe03,72.7273%,3,8,11,0,0,3,8
0x59205d,25%,3,1,4,1,3,0,0
0x8f0a03,66.6667%,3,6,9,2,3,0,4
0x8e39af,90.625%,3,29,32,0,0,3,29
0x5be5bc,98.2353%,3,167,170,0,0,3,167
0x5ff4d1,25%,3,1,4,0,0,3,1
0x50fbaa,70%,3,7,10,0,0,3,7
0x8be84d,86.3636%,3,19,22,16,1,2,3
0xa58343,62.5%,3,5,8,0,0,3,5
0x9f8f9b,97.8873%,3,139,142,0,0,3,139
0x8db8af,95.4545%,3,63,66,63,3,0,0
0x8e2d8f,76.9231%,3,10,13,10,3,0,0
0x48f815,83.3333%,3,15,18,15,3,0,0
0x94d9e2,94.3396%,3,50,53,50,3,0,0
0x4c5a03,87.5%,3,21,24,3,0,3,18
0x8dd4f4,99.2925%,3,421,424,421,3,0,0
0x490147,70%,3,7,10,7,3,0,0
0x5de6e9,99.6296%,3,807,810,807,3,0,0
0x542563,98.4456%,3,190,193,0,0,3,190
0xab1cdd,25%,3,1,4,0,0,3,1
0x9be6be,87.5%,3,21,24,12,0,3,9
0xa33817,25%,3,1,4,0,0,3,1
0x9e18ee,95.4545%,3,63,66,63,3,0,0
0x54edcd,93.0233%,3,40,43,0,0,3,40
0xad4505,50%,3,3,6,0,0,3,3
0x9f8174,0%,3,0,3,0,3,0,0
0xab370c,83.3333%,3,15,18,15,3,0,0
0x8a78da,0%,3,0,3,0,0,3,0
0xa30f99,40%,3,2,5,0,3,0,2
0x5ffa6a,93.4783%,3,43,46,43,3,0,0
0x8ea088,0%,3,0,3,0,0,3,0
0x4bca80,50%,3,3,6,1,1,2,2
0x44184e,72.7273%,3,8,11,0,0,3,8
0x7d1886,99.1018%,3,331,334,331,3,0,0
0x8a6758,66.6667%,3,6,9,0,0,3,6
0x441897,72.7273%,3,8,11,0,0,3,8
0xa352ea,0%,3,0,3,0,3,0,0
0x60a7fd,99.3927%,3,491,494,0,0,3,491
0x7f370d,80%,3,12,15,10,1,2,2
0x50d6db,99.3988%,3,496,499,0,0,3,496
0x59f4d2,25%,3,1,4,0,0,3,1
0x7cc2f4,99.7309%,3,1112,1115,1112,3,0,0
0x9ecc29,40%,3,2,5,2,3,0,0
0xa352ab,85.7143%,3,18,21,18,0,3,0
0xa28726,85.7143%,3,18,21,0,0,3,18
0x88ea28,92.3077%,3,36,39,36,3,0,0
0x50b5ff,25%,3,1,4,0,0,3,1
0x441cbf,72.7273%,3,8,11,8,3,0,0
0x441d22,72.7273%,3,8,11,8,3,0,0
0x48ea3f,99.1758%,3,361,364,0,0,3,361
0x66f648,0%,3,0,3,0,0,3,0
0xa5779b,78.5714%,3,11,14,0,0,3,11
0x8a6260,98.5222%,3,200,203,0,0,3,200
0x4024ac,97.2727%,3,107,110,0,0,3,107
0x609bb3,98.8095%,3,249,252,0,0,3,249
0x40bd16,25%,3,1,4,1,3,0,0
0x556391,0%,3,0,3,0,3,0,0
0x9a7ce3,75%,3,9,12,0,0,3,9
0x81396f,93.1818%,3,41,44,0,0,3,41
0x9bc7f0,98.9967%,3,296,299,0,0,3,296
0xa54652,62.5%,3,5,8,5,1,2,0
0x9d204a,97.0297%,3,98,101,98,3,0,0
0xa561c2,97.619%,3,123,126,123,3,0,0
0xa2827b,97.619%,3,123,126,123,3,0,0
0x9f86d4,0%,3,0,3,0,0,3,0
0x9f694c,62.5%,3,5,8,5,3,0,0
0x99e857,80%,3,12,15,0,0,3,12
0xa45415,99.1379%,3,345,348,0,0,3,345
0x4be89f,66.6667%,3,6,9,5,3,0,1
0x4824fb,66.6667%,3,6,9,6,3,0,0
0xa3641d,57.1429%,3,4,7,0,0,3,4
0x9f63d6,0%,3,0,3,0,0,3,0
0x8a9e9d,99.5363%,3,644,647,0,0,3,644
0x9bd1e4,94.5455%,3,52,55,0,0,3,52
0x9e72d9,78.5714%,3,11,14,0,0,3,11
0xa65045,25%,3,1,4,0,0,3,1
0xa65027,25%,3,1,4,0,0,3,1
0x99e7d7,76.9231%,3,10,13,10,3,0,0
0x8df8f1,25%,3,1,4,0,0,3,1
0xaa002c,0%,3,0,3,0,0,3,0
0x4a97a4,80%,3,12,15,8,3,0,4
0x8e4675,99.0164%,3,302,305,0,0,3,302
0x5d7b20,25%,3,1,4,1,3,0,0
0x8a5d42,98.6239%,3,215,218,0,0,3,215
0xa5ee34,99.1848%,3,365,368,365,3,0,0
0xa0891a,40%,3,2,5,2,3,0,0
0xa6501b,25%,3,1,4,0,0,3,1
0xa087f2,25%,3,1,4,1,3,0,0
0x943ae8,66.6667%,3,6,9,6,3,0,0
0xaa25f3,86.3636%,3,19,22,0,0,3,19
0xa2e2ac,95.3125%,3,61,64,0,0,3,61
0x80c27d,91.1765%,3,31,34,0,0,3,31
0x8bba4d,76.9231%,3,10,13,0,0,3,10
0x5f4210,57.1429%,3,4,7,0,0,3,4
0x58d9ba,97.931%,3,142,145,142,3,0,0
0x5fa527,94.4444%,3,51,54,0,0,3,51
0xa08c7c,25%,3,1,4,0,0,3,1
0x4ac576,62.5%,3,5,8,0,0,3,5
0x592bf1,92.1053%,3,35,38,19,0,3,16
0x48f132,90%,3,27,30,27,3,0,0
0xa56f97,97.2222%,3,105,108,0,0,3,105
0xa96005,88.4615%,3,23,26,23,3,0,0
0x9f877a,0%,3,0,3,0,3,0,0
0x61a6bc,40%,3,2,5,0,0,3,2
0x6797ce,50%,3,3,6,3,3,0,0
0x49f677,94%,3,47,50,0,2,1,47
0x49921d,90.3226%,3,28,31,12,2,1,16
0x40ad45,57.1429%,3,4,7,0,3,0,4
0x9bd116,95.8333%,3,69,72,0,0,3,69
0xa45f97,83.3333%,3,15,18,0,0,3,15
0xa64f5c,25%,3,1,4,1,3,0,0
0x9f5938,88%,3,22,25,22,1,2,0
0xa352d3,50%,3,3,6,0,3,0,3
0xa29520,81.25%,3,13,16,13,3,0,0
0x50d2d6,98.9933%,3,295,298,0,0,3,295
0xa31a04,0%,3,0,3,0,0,3,0
0xa31a29,0%,3,0,3,0,3,0,0
0x7c6f21,25%,3,1,4,1,3,0,0
0xa31a46,0%,3,0,3,0,3,0,0
0xa0976a,50%,3,3,6,0,0,3,3
0xa63a92,25%,3,1,4,0,0,3,1
0x59c0ed,98.5981%,3,211,214,211,3,0,0
0xa95d8d,83.3333%,3,15,18,1,1,2,14
0xa97f6d,85%,3,17,20,17,3,0,0
0x8191da,99.0354%,3,308,311,0,0,3,308
0xa47c2d,92.3077%,3,36,39,0,0,3,36
0xa64f57,25%,3,1,4,0,0,3,1
0x58bc90,95.3125%,3,61,64,0,0,3,61
0xa9ed97,78.5714%,3,11,14,0,0,3,11
0x5c5036,90.9091%,3,30,33,30,3,0,0
0x6109fe,76.9231%,3,10,13,0,0,3,10
0xa3ff17,75%,3,9,12,9,3,0,0
0x4bde39,57.1429%,3,4,7,4,3,0,0
0x83aa6e,25%,3,1,4,0,3,0,1
0xa4fe37,98.7124%,3,230,233,230,3,0,0
0x481b23,83.3333%,3,15,18,15,3,0,0
0xa2e876,94.3396%,3,50,53,0,0,3,50
0xa9390c,72.7273%,3,8,11,8,3,0,0
0x8d4319,75%,3,9,12,0,0,3,9
0x69dd39,75%,3,9,12,0,0,3,9
0xa42e97,25%,3,1,4,0,0,3,1
0xa591cb,97.479%,3,116,119,116,3,0,0
0x9d03e8,83.3333%,3,15,18,0,0,3,15
0x67ac00,50%,3,3,6,0,0,3,3
0x496233,50%,3,3,6,0,0,3,3
0xa497a1,99.0066%,3,299,302,0,0,3,299
0x8ff96d,96.875%,3,93,96,93,3,0,0
0x8ed4bf,72.7273%,3,8,11,8,3,0,0
0x9f4e04,66.6667%,3,6,9,6,3,0,0
0x59060c,84.2105%,3,16,19,0,0,3,16
0xa22d6f,95.3846%,3,62,65,0,0,3,62
0xa96f4e,80%,3,12,15,0,0,3,12
0x6108fe,76.9231%,3,10,13,0,0,3,10
0x9e7dad,0%,3,0,3,0,0,3,0
0x4ac75b,85%,3,17,20,8,1,2,9
0x9a28a5,80%,3,12,15,12,3,0,0
0x8e16a2,90.625%,3,29,32,0,0,3,29
0x9bdb6e,25%,3,1,4,1,3,0,0
0x80ba81,25%,3,1,4,0,2,1,1
0x8104aa,98.125%,3,157,160,110,2,1,47
0x64bb17,25%,3,1,4,0,0,3,1
0x491418,0%,3,0,3,0,3,0,0
0x7d33fe,75%,3,9,12,0,0,3,9
0x4ac63a,80%,3,12,15,0,2,1,12
0x64af41,99.9474%,3,5705,5708,0,0,3,5705
0x90415f,99.5665%,3,689,692,0,0,3,689
0x59edfc,62.5%,3,5,8,5,3,0,0
0x9f6d54,98.6239%,3,215,218,0,0,3,215
0x8a9117,88.8889%,3,24,27,0,0,3,24
0x72361c,99.7925%,3,1443,1446,0,0,3,1443
0xb32432,99.6904%,3,966,969,0,0,3,966
0x9d3419,94.5455%,3,52,55,52,3,0,0
0x558d16,96%,3,72,75,0,0,3,72
0x94e200,99.2701%,3,408,411,408,3,0,0
0x952bbd,99.3421%,3,453,456,453,3,0,0
0xa4825d,75%,3,9,12,0,0,3,9
0x5090da,40%,3,2,5,2,3,0,0
0x7f367d,80%,3,12,15,0,0,3,12
0xaa2848,93.0233%,3,40,43,0,0,3,40
0x77caa1,50%,3,3,6,3,3,0,0
0x4c4ffa,82.3529%,3,14,17,14,3,0,0
0xa946dc,89.6552%,3,26,29,0,0,3,26
0xa9bd26,70%,3,7,10,7,3,0,0
0x540a23,78.5714%,3,11,14,11,1,2,0
0x838a8a,0%,3,0,3,0,2,1,0
0x48e8fe,89.2857%,3,25,28,25,1,2,0
0x8bb416,80%,3,12,15,0,0,3,12
0x9e2aba,95.9459%,3,71,74,71,3,0,0
0x8fd9e5,40%,3,2,5,0,0,3,2
0x8deab8,97.6562%,3,125,128,0,0,3,125
0xa945b0,89.6552%,3,26,29,26,1,2,0
0x8d3dab,90.3226%,3,28,31,0,0,3,28
0xa9a124,40%,3,2,5,0,0,3,2
0xa9458b,88.8889%,3,24,27,24,3,0,0
0x5d7b07,25%,3,1,4,0,0,3,1
0x4ab271,72.7273%,3,8,11,5,3,0,3
0x80ded1,98.6364%,3,217,220,0,0,3,217
0x8ff9f0,97.3913%,3,112,115,0,0,3,112
0xa99d2d,72.7273%,3,8,11,0,0,3,8
0x8ef0d6,99.3348%,3,448,451,0,0,3,448
0x58d624,0%,3,0,3,0,0,3,0
0x554d2a,25%,3,1,4,0,0,3,1
0x48f93e,70%,3,7,10,1,0,3,6
0x48a79d,99.74%,3,1151,1154,0,0,3,1151
0x5914e5,84.2105%,3,16,19,16,3,0,0
0x8ffdd5,62.5%,3,5,8,0,0,3,5
0xa94a8b,96.0526%,3,73,76,73,3,0,0
0x9e5d92,96.5517%,3,84,87,84,3,0,0
0xa3d156,62.5%,3,5,8,0,0,3,5
0xa3418b,96.8085%,3,91,94,0,0,3,91
0xa992c9,0%,3,0,3,0,0,3,0
0x8bdc67,80%,3,12,15,0,0,3,12
0x4ab86d,90.3226%,3,28,31,0,0,3,28
0xa993e7,0%,3,0,3,0,0,3,0
0xa9941b,0%,3,0,3,0,0,3,0
0x81ef57,25%,3,1,4,0,0,3,1
0x639b09,95.3846%,3,62,65,0,0,3,62
0x640288,99.8719%,3,2339,2342,0,0,3,2339
0xa9984d,40%,3,2,5,0,0,3,2
0x9591c6,0%,3,0,3,0,3,0,0
0xa04bb4,92.1053%,3,35,38,0,0,3,35
0x94ebd1,96.6667%,3,87,90,0,0,3,87
0xa91ef5,25%,3,1,4,1,3,0,0
0x9a8d28,90.3226%,3,28,31,28,3,0,0
0x78e0ac,25%,3,1,4,1,1,2,0
0xa26d19,50%,3,3,6,3,3,0,0
0xa9478a,89.6552%,3,26,29,0,2,1,26
0xa9bd1c,70%,3,7,10,0,0,3,7
0x67044b,97.7444%,3,130,133,0,0,3,130
0x8049ac,96%,3,72,75,72,1,2,0
0x9f50eb,94.2308%,3,49,52,0,0,3,49
0x5f2831,40%,3,2,5,2,3,0,0
0x5962f3,84.2105%,3,16,19,0,0,3,16
0x4b727b,62.5%,3,5,8,5,3,0,0
0x80972f,40%,3,2,5,0,0,3,2
0x80974d,80%,3,12,15,0,0,3,12
0xa99437,0%,3,0,3,0,3,0,0
0xa21242,75%,3,9,12,1,3,0,8
0xa2125b,62.5%,3,5,8,0,0,3,5
0x5020ff,96.1538%,3,75,78,0,0,3,75
0xa96a38,91.8919%,3,34,37,0,0,3,34
0x9746e5,84.2105%,3,16,19,0,2,1,16
0x59e8d8,62.5%,3,5,8,1,3,0,4
0x9e543c,92.3077%,3,36,39,36,3,0,0
0xa973ee,91.8919%,3,34,37,0,0,3,34
0x606eb7,0%,3,0,3,0,3,0,0
0x4a9c88,81.25%,3,13,16,13,3,0,0
0x9746a1,95.5882%,3,65,68,0,0,3,65
0x80bb04,57.1429%,3,4,7,1,1,2,3
0x78086d,83.3333%,3,15,18,0,0,3,15
0x556226,40%,3,2,5,1,2,1,1
0x659e7a,84.2105%,3,16,19,7,3,0,9
0x80bab1,93.1818%,3,41,44,0,0,3,41
0x609e19,97.3913%,3,112,115,112,3,0,0
0x5466db,25%,3,1,4,0,0,3,1
0x8eca90,72.7273%,3,8,11,0,0,3,8
0x804bc3,82.3529%,3,14,17,4,3,0,10
0xa075b8,62.5%,3,5,8,0,1,2,5
0x8e928d,96.4706%,3,82,85,0,0,3,82
0xa90f29,25%,3,1,4,0,0,3,1
0x8f2111,82.3529%,3,14,17,14,2,1,0
0x7c74d9,81.25%,3,13,16,0,0,3,13
0x973333,92.8571%,3,39,42,39,3,0,0
0x5b6e99,62.5%,3,5,8,5,3,0,0
0x54225c,98.6301%,3,216,219,0,0,3,216
0x51b797,99.9278%,3,4151,4154,4151,3,0,0
0xa2136f,75%,3,9,12,5,3,0,4
0x5b8e14,25%,3,1,4,1,3,0,0
0x5f7665,97.6%,3,122,125,0,0,3,122
0x5b8fc9,25%,3,1,4,1,3,0,0
0x4be3c6,94.4444%,3,51,54,0,2,1,51
0x49af8c,97.9866%,3,146,149,143,1,2,3
0xa8f990,96.4706%,3,82,85,0,0,3,82
0x9ab5de,97.8417%,3,136,139,0,0,3,136
0x5b907f,25%,3,1,4,1,3,0,0
0x99b8ee,88.4615%,3,23,26,23,3,0,0
0x5bdb01,0%,3,0,3,0,3,0,0
0x80ec62,99.1848%,3,365,368,0,0,3,365
0x8104fa,94%,3,47,50,16,0,3,31
0x9be5f5,70%,3,7,10,0,3,0,7
0xa086a3,25%,3,1,4,0,0,3,1
0x48321f,89.6552%,3,26,29,26,3,0,0
0x65ae07,76.9231%,3,10,13,0,0,3,10
0x8e9e83,25%,3,1,4,0,0,3,1
0xa608b3,40%,3,2,5,0,0,3,2
0x9d26d1,89.2857%,3,25,28,25,0,3,0
0x80417a,95%,3,57,60,0,0,3,57
0xa98152,94.5455%,3,52,55,52,0,3,0
0x4913ae,98.1366%,3,158,161,0,0,3,158
0x590c50,86.3636%,3,19,22,2,0,3,17
0x4913c4,98.1366%,3,158,161,1,1,2,157
0x64f282,25%,3,1,4,1,3,0,0
0x9d3198,0%,3,0,3,0,0,3,0
0x9e2fed,98.8593%,3,260,263,0,0,3,260
0xa470ec,86.3636%,3,19,22,0,3,0,19
0x61025e,90.9091%,3,30,33,0,0,3,30
0x63c8aa,99.2167%,3,380,383,380,3,0,0
0x4a73d8,95%,3,57,60,0,0,3,57
0xa93815,98.8281%,3,253,256,253,3,0,0
0x6117be,90.9091%,3,30,33,0,0,3,30
0xb300ed,99.9642%,3,8382,8385,8382,3,0,0
0x8fcdc3,93.1818%,3,41,44,0,0,3,41
0x80d6c6,25%,3,1,4,1,3,0,0
0x8042e8,85.7143%,3,18,21,5,0,3,13
0x638f65,99.1124%,3,335,338,335,3,0,0
0xa9ce23,95.3846%,3,62,65,0,0,3,62
0x9f2940,99.4755%,3,569,572,0,0,3,569
0x8dcd4c,99.4106%,3,506,509,506,3,0,0
0x48ae09,99.6633%,3,888,891,0,0,3,888
0x5c8cdd,50%,3,3,6,3,3,0,0
0xaa3394,99.2574%,3,401,404,0,0,3,401
0x494383,95.7143%,3,67,70,0,0,3,67
0x5cbb89,98.0645%,3,152,155,0,0,3,152
0x60b65e,98.7903%,3,245,248,0,0,3,245
0xa591f6,97.479%,3,116,119,0,0,3,116
0x51b81a,99.9183%,3,3667,3670,0,0,3,3667
0x906a78,99.162%,3,355,358,355,3,0,0
0x4c6e8a,96.3855%,3,80,83,0,0,3,80
0x80c17a,91.1765%,3,31,34,16,1,2,15
0xa25807,40%,3,2,5,2,3,0,0
0x5cd300,95.3125%,3,61,64,61,0,3,0
0x50595d,96.3415%,3,79,82,79,3,0,0
0x9f6c6f,76.9231%,3,10,13,0,3,0,10
0xa92582,98.4127%,3,186,189,186,3,0,0
0x9d2694,89.2857%,3,25,28,0,0,3,25
0x5affdd,25%,3,1,4,1,3,0,0
0x5afefd,25%,3,1,4,1,3,0,0
0x65c25c,99.9372%,3,4771,4774,0,0,3,4771
0xa39848,25%,3,1,4,0,0,3,1
0xa9290f,50%,3,3,6,0,0,3,3
0x95ad83,86.9565%,3,20,23,0,0,3,20
0x9c4004,99.3562%,3,463,466,463,3,0,0
0x6f5524,99.3776%,3,479,482,0,0,3,479
0x5dce35,97.7444%,3,130,133,130,3,0,0
0xa39841,25%,3,1,4,0,0,3,1
0x8c82da,90.625%,3,29,32,29,1,2,0
0xa9bc26,57.1429%,3,4,7,4,3,0,0
0x50774c,88.4615%,3,23,26,0,0,3,23
0x592ca4,91.6667%,3,33,36,0,0,3,33
0xa2f67a,40%,3,2,5,2,3,0,0
0x8aaaa9,84.2105%,3,16,19,0,0,3,16
0x5a610a,25%,3,1,4,0,0,3,1
0x9d0c1d,94.1176%,3,48,51,48,3,0,0
0x4b7f9f,72.7273%,3,8,11,8,3,0,0
0x80a6a7,0%,3,0,3,0,0,3,0
0x8dec7f,50%,3,3,6,0,0,3,3
0x50a48c,97.7941%,3,133,136,133,3,0,0
0x4ac74a,85%,3,17,20,0,0,3,17
0x819977,99.0506%,3,313,316,0,0,3,313
0x5dae26,25%,3,1,4,0,0,3,1
0x4bc11d,98.4772%,3,194,197,194,3,0,0
0xa96209,87.5%,3,21,24,0,0,3,21
0x5c4cd6,88%,3,22,25,20,0,3,2
0xa96045,88.4615%,3,23,26,0,0,3,23
0x9d098e,94.1176%,3,48,51,0,0,3,48
0x554d47,70%,3,7,10,7,3,0,0
0xa2780b,62.5%,3,5,8,0,0,3,5
0xa1ad72,94.3396%,3,50,53,0,0,3,50
0xa277b1,62.5%,3,5,8,0,3,0,5
0x94cc68,96.2025%,3,76,79,44,3,0,32
0xa1ada6,93.1818%,3,41,44,0,0,3,41
0xa96c22,0%,3,0,3,0,3,0,0
0x810a05,62.5%,3,5,8,5,3,0,0
0x9f7c86,76.9231%,3,10,13,3,1,2,7
0x482d30,84.2105%,3,16,19,1,1,2,15
0x5e0354,25%,3,1,4,0,0,3,1
0x77ccdb,75%,3,9,12,9,3,0,0
0x5dd99b,97.7444%,3,130,133,130,2,1,0
0xa4cd43,25%,3,1,4,0,0,3,1
0x4a59f0,81.25%,3,13,16,13,3,0,0
0x8d3343,0%,3,0,3,0,0,3,0
0xa97aae,40%,3,2,5,2,3,0,0
0xa3ef0b,62.5%,3,5,8,5,3,0,0
0x7d33b2,75%,3,9,12,0,0,3,9
0xa39862,25%,3,1,4,0,0,3,1
0x81fd16,99.0712%,3,320,323,320,3,0,0
0x8147ed,99.3007%,3,426,429,0,0,3,426
0x50b8ca,92.5%,3,37,40,37,3,0,0
0x5cd722,25%,3,1,4,0,0,3,1
0x5f27e2,90.3226%,3,28,31,24,2,1,4
0x8eb038,50%,3,3,6,0,0,3,3
0x5e1f02,50%,3,3,6,3,3,0,0
0x5f2888,40%,3,2,5,2,0,3,0
0x9a4938,81.25%,3,13,16,0,0,3,13
0x812004,25%,3,1,4,0,0,3,1
0x5d3b75,25%,3,1,4,0,0,3,1
0x5a5e3f,25%,3,1,4,0,0,3,1
0x8e1fdc,98.5981%,3,211,214,0,0,3,211
0x814c7c,92.6829%,3,38,41,0,0,3,38
0xa278dd,50%,3,3,6,0,0,3,3
0x65a02c,98.0263%,3,149,152,149,3,0,0
0x8d20bc,50%,3,3,6,0,2,1,3
0x81159b,99.6441%,3,840,843,840,3,0,0
0x95a9b4,25%,3,1,4,0,0,3,1
0xa2621b,99.2574%,3,401,404,0,0,3,401
0x5a5e59,25%,3,1,4,1,3,0,0
0x480f53,84.2105%,3,16,19,0,0,3,16
0x5969ef,81.25%,3,13,16,13,3,0,0
0xa15cd4,50%,3,3,6,2,3,0,1
0x7942cc,89.6552%,3,26,29,0,0,3,26
0x81d0f5,50%,3,3,6,0,0,3,3
0xa9377a,89.6552%,3,26,29,0,0,3,26
0xa8f87e,25%,3,1,4,1,0,3,0
0x556197,98.7903%,3,245,248,0,3,0,245
0x8e3f3d,91.8919%,3,34,37,0,0,3,34
0x8f67ee,97.6923%,3,127,130,0,2,1,127
0x8ea7a9,25%,3,1,4,0,0,3,1
0x9f11b3,40%,3,2,5,0,0,3,2
0x4bfcb1,81.25%,3,13,16,13,3,0,0
0x96adc9,85.7143%,3,18,21,18,1,2,0
0x4a653a,0%,3,0,3,0,0,3,0
0x5f3814,0%,3,0,3,0,3,0,0
0x8e0feb,99.6278%,3,803,806,0,0,3,803
0x8c8806,25%,3,1,4,1,3,0,0
0x69767e,89.2857%,3,25,28,0,0,3,25
0x7b862b,66.6667%,3,6,9,4,3,0,2
0x678de3,86.9565%,3,20,23,0,0,3,20
0x60de75,99.2593%,3,402,405,142,3,0,260
0xa26ca4,70%,3,7,10,0,0,3,7
0x9045bd,99.3976%,3,495,498,0,0,3,495
0x80e3c0,25%,3,1,4,1,1,2,0
0x9e0bf6,82.3529%,3,14,17,0,0,3,14
0x8e9952,50%,3,3,6,3,1,2,0
0x99d38b,77.7778%,2,7,9,0,0,2,7
0x5fb1ec,97.4026%,2,75,77,0,0,2,75
0xa28802,87.5%,2,14,16,0,0,2,14
0x5bb5ef,0%,2,0,2,0,0,2,0
0xad06b0,50%,2,2,4,2,0,2,0
0xaa81d3,60%,2,3,5,0,0,2,3
0x597f44,86.6667%,2,13,15,13,2,0,0
0xa36868,99.5413%,2,434,436,0,0,2,434
0x5b2797,95.7447%,2,45,47,43,2,0,2
0x534a6b,96.9697%,2,64,66,0,0,2,64
0x48f5e3,33.3333%,2,1,3,0,0,2,1
0x816752,97.0588%,2,66,68,0,0,2,66
0x54445b,98.4848%,2,130,132,130,2,0,0
0x80bb0a,60%,2,3,5,0,0,2,3
0x8a91f4,83.3333%,2,10,12,1,2,0,9
0x50e40c,50%,2,2,4,1,1,1,1
0x60719a,90%,2,18,20,0,0,2,18
0x7e2147,0%,2,0,2,0,2,0,0
0x78e091,50%,2,2,4,0,0,2,2
0x7f0696,0%,2,0,2,0,2,0,0
0xa94b10,50%,2,2,4,0,0,2,2
0x95104b,0%,2,0,2,0,2,0,0
0xa0a580,0%,2,0,2,0,0,2,0
0x908e0e,99.9532%,2,4272,4274,0,0,2,4272
0x8d293d,98.4848%,2,130,132,0,0,2,130
0x9848a3,50%,2,2,4,2,2,0,0
0x9bd4fb,50%,2,2,4,2,2,0,0
0x5cfd5b,91.6667%,2,22,24,0,0,2,22
0xa01c26,0%,2,0,2,0,0,2,0
0x9f7d8a,77.7778%,2,7,9,0,0,2,7
0x9a95ca,90%,2,18,20,18,2,0,0
0x9a659e,50%,2,2,4,0,0,2,2
0x50aab1,50%,2,2,4,0,2,0,2
0x80834c,50%,2,2,4,0,0,2,2
0x53b8e4,90.9091%,2,20,22,9,2,0,11
0xa55d4b,97.5904%,2,81,83,79,0,2,2
0xa21021,66.6667%,2,4,6,0,2,0,4
0x649316,66.6667%,2,4,6,4,2,0,0
0x8e92b1,33.3333%,2,1,3,0,0,2,1
0xa08be1,50%,2,2,4,2,2,0,0
0x5cd4d8,97.0149%,2,65,67,65,2,0,0
0x8ee2aa,98.9071%,2,181,183,0,0,2,181
0x5d1b32,98.1818%,2,108,110,108,2,0,0
0xa329f8,0%,2,0,2,0,0,2,0
0xa066a6,95.5556%,2,43,45,43,2,0,0
0xa4fb9b,50%,2,2,4,2,2,0,0
0xa016ad,75%,2,6,8,5,1,1,1
0x611492,81.8182%,2,9,11,0,0,2,9
0x8deea3,75%,2,6,8,0,0,2,6
0x502a25,96.8254%,2,61,63,0,0,2,61
0xa0546d,90.4762%,2,19,21,0,1,1,19
0x643b3a,0%,2,0,2,0,2,0,0
0x5f0f8b,94.1176%,2,32,34,0,0,2,32
0x610f7e,0%,2,0,2,0,0,2,0
0x5fa57a,95%,2,38,40,38,2,0,0
0xa4a83b,0%,2,0,2,0,0,2,0
0x5d19bc,98.1818%,2,108,110,108,2,0,0
0x486e9a,0%,2,0,2,0,0,2,0
0x40b029,0%,2,0,2,0,2,0,0
0x4041dc,99.1489%,2,233,235,0,0,2,233
0x5ebd47,71.4286%,2,5,7,5,2,0,0
0x610220,93.9394%,2,31,33,31,2,0,0
0x58df3f,98.5612%,2,137,139,137,2,0,0
0x503580,0%,2,0,2,0,0,2,0
0x5a89b1,0%,2,0,2,0,0,2,0
0x4059f6,97.7273%,2,86,88,86,2,0,0
0x9fd216,71.4286%,2,5,7,0,0,2,5
0x9bd4b7,50%,2,2,4,0,0,2,2
0x80a210,50%,2,2,4,0,0,2,2
0xa5519a,75%,2,6,8,6,2,0,0
0x5fbc23,0%,2,0,2,0,2,0,0
0x5ebefa,85.7143%,2,12,14,12,2,0,0
0xa340ac,92%,2,23,25,23,2,0,0
0x4832f7,93.1034%,2,27,29,27,2,0,0
0x679a88,96.7213%,2,59,61,0,0,2,59
0x815e7b,77.7778%,2,7,9,0,0,2,7
0x983bbd,0%,2,0,2,0,2,0,0
0x8ad409,0%,2,0,2,0,2,0,0
0x5561b1,99.1935%,2,246,248,246,2,0,0
0xa4a84e,0%,2,0,2,0,0,2,0
0x5b34dc,60%,2,3,5,0,0,2,3
0x786c77,0%,2,0,2,0,0,2,0
0x814044,99.2063%,2,250,252,250,2,0,0
0x592cd5,94.4444%,2,34,36,0,0,2,34
0x5d0bf2,98.6207%,2,143,145,143,2,0,0
0xa9b9e6,90%,2,18,20,18,2,0,0
0x8f1134,95%,2,38,40,0,0,2,38
0x786c91,0%,2,0,2,0,2,0,0
0x8fc53c,85.7143%,2,12,14,12,2,0,0
0x4a8723,0%,2,0,2,0,2,0,0
0x53ded4,99.5086%,2,405,407,405,2,0,0
0xa48b6b,98.8024%,2,165,167,0,0,2,165
0x80aa7b,0%,2,0,2,0,2,0,0
0x4b4acf,0%,2,0,2,0,0,2,0
0xa97b17,0%,2,0,2,0,0,2,0
0x50e9e9,85.7143%,2,12,14,0,0,2,12
0x6514d1,97.561%,2,80,82,80,2,0,0
0x8119b1,60%,2,3,5,3,2,0,0
0x50cc50,90%,2,18,20,0,0,2,18
0x63f485,99%,2,198,200,198,0,2,0
0x591370,99.6337%,2,544,546,0,0,2,544
0x5c4beb,99.8907%,2,1827,1829,0,0,2,1827
0x64decd,50%,2,2,4,2,2,0,0
0x404273,99.5789%,2,473,475,196,2,0,277
0xaad9c1,98.3333%,2,118,120,118,2,0,0
0x8ad608,0%,2,0,2,0,0,2,0
0x486e0d,0%,2,0,2,0,0,2,0
0xa95aa6,50%,2,2,4,0,2,0,2
0x40aa63,92.3077%,2,24,26,24,1,1,0
0x5b2912,75%,2,6,8,0,2,0,6
0x686db6,97.5904%,2,81,83,0,0,2,81
0x811d6e,98.7952%,2,164,166,0,0,2,164
0x5e0134,99.3103%,2,288,290,288,2,0,0
0x483d85,89.4737%,2,17,19,17,2,0,0
0x9a3aec,84.6154%,2,11,13,11,2,0,0
0x8ad78c,0%,2,0,2,0,0,2,0
0x9737b7,95%,2,38,40,0,0,2,38
0x54142c,95%,2,38,40,0,0,2,38
0x5b5e2c,60%,2,3,5,3,2,0,0
0x8ad7bd,0%,2,0,2,0,2,0,0
0x556094,94.8718%,2,37,39,0,0,2,37
0x9bc4a6,0%,2,0,2,0,0,2,0
0x9a3ad2,84.6154%,2,11,13,0,0,2,11
0x4936dc,98.4%,2,123,125,0,0,2,123
0x5f4728,0%,2,0,2,0,2,0,0
0x8ebe62,0%,2,0,2,0,2,0,0
0x5da90a,98.4962%,2,131,133,131,2,0,0
0x9bc4ae,0%,2,0,2,0,2,0,0
0x492d1f,97.2222%,2,70,72,0,0,2,70
0x506fea,98.5294%,2,134,136,134,2,0,0
0x67f6d8,98.1132%,2,104,106,0,0,2,104
0x48c438,0%,2,0,2,0,2,0,0
0x58d62d,33.3333%,2,1,3,1,2,0,0
0x58dca4,98.6207%,2,143,145,0,2,0,143
0x49b297,0%,2,0,2,0,0,2,0
0x5badbc,0%,2,0,2,0,2,0,0
0x50e5ac,90%,2,18,20,18,2,0,0
0xa99c3c,86.6667%,2,13,15,0,0,2,13
0x8ada98,0%,2,0,2,0,2,0,0
0x504c97,96.6102%,2,57,59,57,2,0,0
0x9bdc48,50%,2,2,4,0,0,2,2
0xa41ec5,93.5484%,2,29,31,0,0,2,29
0x4826ff,89.4737%,2,17,19,0,0,2,17
0x4834d2,93.1034%,2,27,29,27,2,0,0
0x49b1a7,0%,2,0,2,0,0,2,0
0x67f519,99.005%,2,199,201,35,2,0,164
0x9a39a2,90.4762%,2,19,21,0,0,2,19
0x54d171,88.2353%,2,15,17,15,2,0,0
0x9ed88a,96.875%,2,62,64,0,0,2,62
0x815f91,0%,2,0,2,0,0,2,0
0x483d76,89.4737%,2,17,19,17,2,0,0
0x482863,0%,2,0,2,0,0,2,0
0x9bddf7,0%,2,0,2,0,0,2,0
0x8e23c6,99.9822%,2,11203,11205,0,0,2,11203
0x5f5bcb,0%,2,0,2,0,0,2,0
0x60e03f,98.7097%,2,153,155,0,0,2,153
0xa3290c,0%,2,0,2,0,0,2,0
0x9439ad,0%,2,0,2,0,0,2,0
0x78c004,0%,2,0,2,0,0,2,0
0x50902e,90%,2,18,20,12,2,0,6
0x9bde11,0%,2,0,2,0,0,2,0
0x9bdddd,0%,2,0,2,0,0,2,0
0x492b36,0%,2,0,2,0,0,2,0
0x511155,99.7143%,2,698,700,0,0,2,698
0xa4507f,98.5816%,2,139,141,139,2,0,0
0x48c390,71.4286%,2,5,7,5,2,0,0
0xa32628,50%,2,2,4,0,2,0,2
0x9bde5f,0%,2,0,2,0,0,2,0
0x942be2,97.3333%,2,73,75,0,0,2,73
0xa066cd,95.5556%,2,43,45,0,0,2,43
0x8a8827,85.7143%,2,12,14,0,2,0,12
0x8adbf4,0%,2,0,2,0,0,2,0
0xa062ea,33.3333%,2,1,3,0,2,0,1
0xa08eea,96.9231%,2,63,65,0,0,2,63
0xa21b4e,0%,2,0,2,0,0,2,0
0x5de124,99.8388%,2,1239,1241,1239,2,0,0
0x8bc835,0%,2,0,2,0,2,0,0
0x80ba21,0%,2,0,2,0,0,2,0
0x8bd8bd,88.8889%,2,16,18,0,0,2,16
0xa5f72e,99.4318%,2,350,352,0,0,2,350
0x838b99,0%,2,0,2,0,0,2,0
0x99ab90,99.2188%,2,254,256,254,1,1,0
0x48fb1c,33.3333%,2,1,3,0,0,2,1
0x679104,96.7213%,2,59,61,0,0,2,59
0xb3159a,0%,2,0,2,0,0,2,0
0x977d6e,98.4496%,2,127,129,0,0,2,127
0x8212b0,0%,2,0,2,0,0,2,0
0x811a31,60%,2,3,5,3,2,0,0
0xa96c19,60%,2,3,5,2,0,2,1
0xb18292,99.0099%,2,200,202,0,0,2,200
0x70e8a9,66.6667%,2,4,6,0,0,2,4
0x8a6e05,0%,2,0,2,0,2,0,0
0x5b5eba,50%,2,2,4,2,2,0,0
0x8ebe47,88.8889%,2,16,18,0,0,2,16
0xad0196,0%,2,0,2,0,2,0,0
0x808b36,0%,2,0,2,0,0,2,0
0x80f742,0%,2,0,2,0,2,0,0
0x96a135,0%,2,0,2,0,2,0,0
0x858e1d,75%,2,6,8,0,0,2,6
0x5b1bfa,0%,2,0,2,0,0,2,0
0x70c1cf,66.6667%,2,4,6,0,0,2,4
0x40af6c,0%,2,0,2,0,2,0,0
0x4b8e99,50%,2,2,4,0,0,2,2
0x944d00,96.5517%,2,56,58,0,0,2,56
0xaa2f28,98.0392%,2,100,102,0,0,2,100
0x4a8750,0%,2,0,2,0,2,0,0
0x670b55,0%,2,0,2,0,2,0,0
0x5909e8,50%,2,2,4,0,2,0,2
0x9bdb86,50%,2,2,4,2,2,0,0
0x666915,99.6575%,2,582,584,582,2,0,0
0x9f3904,50%,2,2,4,0,0,2,2
0x5ae66c,50%,2,2,4,0,2,0,2
0xa558f7,50%,2,2,4,2,0,2,0
0x9bdb41,50%,2,2,4,2,2,0,0
0x973842,95%,2,38,40,0,0,2,38
0x60704b,90%,2,18,20,0,0,2,18
0xb2e742,99.975%,2,7993,7995,0,0,2,7993
0x806944,91.6667%,2,22,24,22,2,0,0
0x817157,0%,2,0,2,0,0,2,0
0x58ba66,50%,2,2,4,2,2,0,0
0x4a64db,80%,2,8,10,0,0,2,8
0x9912ea,98.1481%,2,106,108,0,0,2,106
0x54d433,71.4286%,2,5,7,0,0,2,5
0x5909a9,0%,2,0,2,0,2,0,0
0x858e29,75%,2,6,8,0,0,2,6
0x8e170b,93.75%,2,30,32,0,0,2,30
0xa4a2e1,88.8889%,2,16,18,0,0,2,16
0x5a94e7,60%,2,3,5,0,0,2,3
0xa07a8a,96.1538%,2,50,52,0,2,0,50
0x911742,96.4286%,2,54,56,0,0,2,54
0x4c4732,60%,2,3,5,0,0,2,3
0x501cb7,60%,2,3,5,3,2,0,0
0x501f94,96.3636%,2,53,55,0,0,2,53
0x5f8424,99.6575%,2,582,584,0,0,2,582
0x99e6c7,84.6154%,2,11,13,0,0,2,11
0x60e3a3,60%,2,3,5,0,1,1,3
0x6750f2,33.3333%,2,1,3,0,0,2,1
0x5a01b3,60%,2,3,5,0,0,2,3
0x81198c,0%,2,0,2,0,0,2,0
0x64c779,71.4286%,2,5,7,0,0,2,5
0x5f3944,71.4286%,2,5,7,0,0,2,5
0x99e201,86.6667%,2,13,15,0,2,0,13
0x99e1a2,84.6154%,2,11,13,11,2,0,0
0xa44768,96.1538%,2,50,52,0,0,2,50
0x5dec58,99.8388%,2,1239,1241,1239,2,0,0
0xa69ea8,50%,2,2,4,0,0,2,2
0xa32692,0%,2,0,2,0,0,2,0
0x502549,99.8264%,2,1150,1152,0,0,2,1150
0xa324f4,50%,2,2,4,0,2,0,2
0x483ba7,89.4737%,2,17,19,0,0,2,17
0x4ac58c,75%,2,6,8,0,0,2,6
0x8a905d,0%,2,0,2,0,0,2,0
0xa065dc,50%,2,2,4,2,2,0,0
0xa5f8af,75%,2,6,8,0,0,2,6
0x81c721,97.1429%,2,68,70,0,0,2,68
0xa90a74,50%,2,2,4,0,0,2,2
0x99e9ec,86.6667%,2,13,15,13,2,0,0
0x951dfa,81.8182%,2,9,11,9,2,0,0
0xaa2f62,98.0392%,2,100,102,100,2,0,0
0x6f454f,92.8571%,2,26,28,0,0,2,26
0xae701a,0%,2,0,2,0,0,2,0
0xa0638c,33.3333%,2,1,3,1,0,2,0
0x483bac,89.4737%,2,17,19,8,2,0,9
0x659e02,89.4737%,2,17,19,17,2,0,0
0x679ef8,88.8889%,2,16,18,16,2,0,0
0x945c65,96.9231%,2,63,65,0,0,2,63
0xa7a2db,33.3333%,2,1,3,1,2,0,0
0x488bd3,98.9899%,2,196,198,0,2,0,196
0x8a5ae4,0%,2,0,2,0,0,2,0
0x5b304d,50%,2,2,4,0,0,2,2
0x789c24,60%,2,3,5,1,1,1,2
0xa33c75,99.6226%,2,528,530,0,0,2,528
0x8119fd,0%,2,0,2,0,0,2,0
0x5f1171,0%,2,0,2,0,0,2,0
0x8a21a3,99.2218%,2,255,257,255,2,0,0
0xa51fa1,75%,2,6,8,5,1,1,1
0x96b1d5,99.7795%,2,905,907,0,0,2,905
0x5f0596,60%,2,3,5,2,1,1,1
0x9a1a1d,90%,2,18,20,0,0,2,18
0x4ad40a,90%,2,18,20,0,0,2,18
0x5f6c91,86.6667%,2,13,15,0,0,2,13
0x77d894,66.6667%,2,4,6,3,1,1,1
0x97aceb,75%,2,6,8,6,2,0,0
0x88e5af,94.8718%,2,37,39,0,0,2,37
0x4b53b6,0%,2,0,2,0,0,2,0
0x512a2c,98.6667%,2,148,150,148,2,0,0
0x590aa6,90%,2,18,20,18,2,0,0
0x5f6c9a,86.6667%,2,13,15,1,1,1,12
0x4bd23b,0%,2,0,2,0,0,2,0
0x81aeda,0%,2,0,2,0,0,2,0
0x88e06f,66.6667%,2,4,6,4,2,0,0
0xb2fb5e,99.9726%,2,7284,7286,0,0,2,7284
0x659dd6,89.4737%,2,17,19,17,2,0,0
0xa05f4e,60%,2,3,5,0,0,2,3
0x94e0ea,71.4286%,2,5,7,0,0,2,5
0x49f587,88.8889%,2,16,18,16,2,0,0
0x5f07ba,0%,2,0,2,0,0,2,0
0x5b2c2c,0%,2,0,2,0,0,2,0
0x94caca,95%,2,38,40,0,0,2,38
0x7c7ad9,91.6667%,2,22,24,0,0,2,22
0x902172,99.0148%,2,201,203,0,0,2,201
0x4a9a5b,0%,2,0,2,0,1,1,0
0x51292f,92%,2,23,25,19,2,0,4
0x78ad5f,90.4762%,2,19,21,0,0,2,19
0x5b8f6b,50%,2,2,4,2,0,2,0
0x4813e0,89.4737%,2,17,19,17,2,0,0
0x9c4e92,50%,2,2,4,0,1,1,2
0x4b0d64,0%,2,0,2,0,2,0,0
0x7ace35,0%,2,0,2,0,2,0,0
0x9d1e1b,60%,2,3,5,0,0,2,3
0xa0800f,50%,2,2,4,0,2,0,2
0x7e0521,81.8182%,2,9,11,0,2,0,9
0x9e0328,90.9091%,2,20,22,0,0,2,20
0x4094e6,0%,2,0,2,0,0,2,0
0x4813fa,89.4737%,2,17,19,0,1,1,17
0x651705,94.8718%,2,37,39,0,0,2,37
0x9f6354,33.3333%,2,1,3,1,2,0,0
0x51b1f3,0%,2,0,2,0,0,2,0
0xaa7d8c,96.2963%,2,52,54,0,0,2,52
0xa8fce0,98.6301%,2,144,146,144,2,0,0
0x671c5b,0%,2,0,2,0,0,2,0
0x80b72b,33.3333%,2,1,3,0,0,2,1
0x4024c5,0%,2,0,2,0,2,0,0
0x666c55,0%,2,0,2,0,2,0,0
0x9fe4c3,33.3333%,2,1,3,1,2,0,0
0x9a9467,0%,2,0,2,0,2,0,0
0x8df2b7,91.6667%,2,22,24,0,0,2,22
0x592baf,96.6102%,2,57,59,0,0,2,57
0x40a4b3,0%,2,0,2,0,0,2,0
0x8d999b,66.6667%,2,4,6,4,2,0,0
0x8118a6,0%,2,0,2,0,0,2,0
0xa06803,0%,2,0,2,0,2,0,0
0x976f6b,0%,2,0,2,0,0,2,0
0x9a968c,93.5484%,2,29,31,0,0,2,29
0x58ee43,0%,2,0,2,0,0,2,0
0x4c00e6,0%,2,0,2,0,2,0,0
0x9fcc6b,71.4286%,2,5,7,0,0,2,5
0x782814,0%,2,0,2,0,2,0,0
0x58ee2f,0%,2,0,2,0,2,0,0
0xae7000,0%,2,0,2,0,0,2,0
0x50329c,0%,2,0,2,0,0,2,0
0x49f651,98.5075%,2,132,134,0,0,2,132
0x4ad222,90%,2,18,20,0,0,2,18
0x9e1ae9,98.3333%,2,118,120,0,2,0,118
0xa278fb,66.6667%,2,4,6,0,0,2,4
0x977784,99.7732%,2,880,882,880,2,0,0
0x48e982,0%,2,0,2,0,2,0,0
0xa0975b,66.6667%,2,4,6,2,0,2,2
0xa06f94,77.7778%,2,7,9,0,0,2,7
0x816f18,0%,2,0,2,0,0,2,0
0xa06294,0%,2,0,2,0,0,2,0
0xaadd89,0%,2,0,2,0,0,2,0
0x4b9549,0%,2,0,2,0,0,2,0
0x609782,97.5904%,2,81,83,81,2,0,0
0x97723d,0%,2,0,2,0,0,2,0
0x5d88d7,93.3333%,2,28,30,28,2,0,0
0x4913e3,0%,2,0,2,0,2,0,0
0x9e08dc,99.4318%,2,350,352,0,0,2,350
0x58e058,0%,2,0,2,0,2,0,0
0x90f89f,0%,2,0,2,0,2,0,0
0xa5b1bc,86.6667%,2,13,15,1,2,0,12
0x509012,89.4737%,2,17,19,11,2,0,6
0x58dd9f,0%,2,0,2,0,2,0,0
0x80a98a,33.3333%,2,1,3,0,0,2,1
0x863162,0%,2,0,2,0,2,0,0
0x9f0dca,99.5215%,2,416,418,416,2,0,0
0xa98d8e,0%,2,0,2,0,0,2,0
0x9786d3,80%,2,8,10,8,2,0,0
0x97341b,95%,2,38,40,0,0,2,38
0x8d231b,60%,2,3,5,3,2,0,0
0x8a9073,0%,2,0,2,0,2,0,0
0xa59c2c,75%,2,6,8,6,2,0,0
0x9ed988,98.4127%,2,124,126,124,2,0,0
0x6185a0,0%,2,0,2,0,2,0,0
0x5f9dde,0%,2,0,2,0,2,0,0
0x494427,0%,2,0,2,0,2,0,0
0xa4792f,85.7143%,2,12,14,12,1,1,0
0x5f5013,0%,2,0,2,0,2,0,0
0x48f0c0,33.3333%,2,1,3,1,2,0,0
0x5f50d8,0%,2,0,2,0,2,0,0
0x4a5c61,50%,2,2,4,0,0,2,2
0xaae7b2,95.4545%,2,42,44,42,2,0,0
0x973360,95.2381%,2,40,42,0,0,2,40
0x808ff3,91.6667%,2,22,24,0,0,2,22
0x4948e2,0%,2,0,2,0,0,2,0
0x8210b9,0%,2,0,2,0,2,0,0
0x48ba5b,0%,2,0,2,0,2,0,0
0x9f83ef,0%,2,0,2,0,2,0,0
0x47f821,89.4737%,2,17,19,0,0,2,17
0x8e386e,95.8333%,2,46,48,46,2,0,0
0x4a65b6,33.3333%,2,1,3,0,0,2,1
0xaa6385,99%,2,198,200,0,0,2,198
0x9be987,87.5%,2,14,16,0,2,0,14
0x7bae7d,0%,2,0,2,0,0,2,0
0x591416,66.6667%,2,4,6,4,2,0,0
0x5e3ac7,33.3333%,2,1,3,1,2,0,0
0x49c14d,97.8947%,2,93,95,93,2,0,0
0x7afd64,92.8571%,2,26,28,0,0,2,26
0x5ff992,98.913%,2,182,184,0,0,2,182
0x8052cd,0%,2,0,2,0,0,2,0
0x9e1131,0%,2,0,2,0,2,0,0
0x481d2f,0%,2,0,2,0,2,0,0
0x4c664e,0%,2,0,2,0,2,0,0
0xa0783e,60%,2,3,5,0,0,2,3
0x5fa7ee,97.1014%,2,67,69,0,0,2,67
0x8a5c0c,0%,2,0,2,0,2,0,0
0x952473,96.3636%,2,53,55,53,2,0,0
0x5f90f7,0%,2,0,2,0,0,2,0
0x8a8b8e,98.2906%,2,115,117,6,0,2,109
0xa4793f,77.7778%,2,7,9,0,0,2,7
0x53382b,71.4286%,2,5,7,5,2,0,0
0x4808e9,89.4737%,2,17,19,17,2,0,0
0x803847,0%,2,0,2,0,2,0,0
0x667587,0%,2,0,2,0,0,2,0
0x667590,0%,2,0,2,0,2,0,0
0x494adf,0%,2,0,2,0,2,0,0
0x481c2b,77.7778%,2,7,9,0,0,2,7
0x94d12b,95.7447%,2,45,47,0,0,2,45
0x7bae9b,0%,2,0,2,0,2,0,0
0x7bafb3,0%,2,0,2,0,2,0,0
0x8e9cca,60%,2,3,5,3,2,0,0
0x8ad8af,0%,2,0,2,0,2,0,0
0x9f5bbe,50%,2,2,4,0,0,2,2
0x5f0795,0%,2,0,2,0,2,0,0
0x494a5b,0%,2,0,2,0,2,0,0
0x5f0883,99.3243%,2,294,296,0,0,2,294
0x60bc37,88.8889%,2,16,18,16,2,0,0
0x724c87,0%,2,0,2,0,0,2,0
0x480672,77.7778%,2,7,9,0,0,2,7
0x9a9f84,84.6154%,2,11,13,0,0,2,11
0x7840d5,75%,2,6,8,0,0,2,6
0x49d076,33.3333%,2,1,3,1,0,2,0
0xaadd8e,0%,2,0,2,0,0,2,0
0x48d932,0%,2,0,2,0,0,2,0
0x9e7434,99.5526%,2,445,447,0,0,2,445
0x7bccef,0%,2,0,2,0,2,0,0
0x5efb8c,83.3333%,2,10,12,0,0,2,10
0x65a00a,99.8929%,2,1866,1868,1866,2,0,0
0x9eb06a,98.1651%,2,107,109,0,0,2,107
0x8addfe,0%,2,0,2,0,0,2,0
0x812014,50%,2,2,4,2,0,2,0
0x7cd1cc,75%,2,6,8,6,2,0,0
0x48c7ed,0%,2,0,2,0,2,0,0
0xa06e56,50%,2,2,4,0,0,2,2
0x9efcdc,50%,2,2,4,1,2,0,1
0x94b456,96.2264%,2,51,53,51,2,0,0
0x48c65f,0%,2,0,2,0,2,0,0
0x4810ed,89.4737%,2,17,19,17,2,0,0
0x481677,89.4737%,2,17,19,0,0,2,17
0x8fe36e,86.6667%,2,13,15,0,0,2,13
0x8dfa31,75%,2,6,8,0,2,0,6
0x822675,99.5868%,2,482,484,2,2,0,480
0x4949d9,0%,2,0,2,0,2,0,0
0x4949ec,0%,2,0,2,0,0,2,0
0x973193,99.6721%,2,608,610,0,0,2,608
0xaa86f2,89.4737%,2,17,19,17,2,0,0
0x8a6cab,0%,2,0,2,0,2,0,0
0x4812ba,89.4737%,2,17,19,17,2,0,0
0x5cfd74,91.6667%,2,22,24,22,2,0,0
0x94d145,95.7447%,2,45,47,45,2,0,0
0xa2e81e,98.3333%,2,118,120,0,0,2,118
0x808062,0%,2,0,2,0,0,2,0
0x5b22f1,66.6667%,2,4,6,4,2,0,0
0x9a12b5,98.6842%,2,150,152,0,0,2,150
0xa35fe4,99.3464%,2,304,306,0,0,2,304
0xa02587,99.8457%,2,1294,1296,1294,2,0,0
0xa075e9,66.6667%,2,4,6,0,0,2,4
0x9e21b9,0%,2,0,2,0,0,2,0
0x8148de,0%,2,0,2,0,0,2,0
0x5f3eff,50%,2,2,4,2,2,0,0
0x494f99,66.6667%,2,4,6,4,2,0,0
0x806289,0%,2,0,2,0,0,2,0
0x4931eb,94.8718%,2,37,39,37,2,0,0
0xb149d2,99.953%,2,4256,4258,0,0,2,4256
0x5ee22b,93.3333%,2,28,30,28,2,0,0
0x63ad38,99.4792%,2,382,384,382,2,0,0
0x4ca0e2,0%,2,0,2,0,0,2,0
0x99c5ba,98.6755%,2,149,151,149,2,0,0
0x5b0187,90.4762%,2,19,21,0,0,2,19
0x5ee1cd,98.8701%,2,175,177,0,0,2,175
0x50a7a9,96.0784%,2,49,51,49,2,0,0
0x555747,50%,2,2,4,2,2,0,0
0x5b8cfc,80%,2,8,10,6,2,0,2
0xa5bad2,97.2222%,2,70,72,0,0,2,70
0x5916ee,33.3333%,2,1,3,0,0,2,1
0x541dfd,99.0868%,2,217,219,217,2,0,0
0x4bd224,0%,2,0,2,0,0,2,0
0xa28a05,87.5%,2,14,16,14,2,0,0
0xa0699a,0%,2,0,2,0,0,2,0
0x4828ba,77.7778%,2,7,9,0,0,2,7
0x7e81c9,0%,2,0,2,0,2,0,0
0x59169e,33.3333%,2,1,3,1,2,0,0
0xa53666,75%,2,6,8,0,2,0,6
0x508019,99.6212%,2,526,528,0,0,2,526
0xa2f271,94.7368%,2,36,38,0,0,2,36
0x9ed41d,99.2337%,2,259,261,0,0,2,259
0x5465b4,75%,2,6,8,0,0,2,6
0x5e4393,98.3471%,2,119,121,119,2,0,0
0x8195e9,99.3921%,2,327,329,0,0,2,327
0x6663cc,99.3631%,2,312,314,312,0,2,0
0x5dab4e,50%,2,2,4,2,2,0,0
0x9a8995,96.7742%,2,60,62,60,2,0,0
0xb2fb79,99.9726%,2,7284,7286,7284,2,0,0
0x8a78f5,33.3333%,2,1,3,1,2,0,0
0x53feff,99.5305%,2,424,426,0,0,2,424
0xa25d15,99.8843%,2,1726,1728,0,0,2,1726
0x96ae8b,95.6522%,2,44,46,0,0,2,44
0xa160a3,83.3333%,2,10,12,10,2,0,0
0x60b9f3,88.8889%,2,16,18,16,2,0,0
0xa37cb4,60%,2,3,5,0,0,2,3
0x5f26af,0%,2,0,2,0,0,2,0
0x610f00,0%,2,0,2,0,0,2,0
0x9739e4,95%,2,38,40,0,0,2,38
0xae6f32,97.1429%,2,68,70,68,2,0,0
0x78bfef,0%,2,0,2,0,0,2,0
0x788dbb,77.7778%,2,7,9,7,2,0,0
0x9f1dcc,97.4359%,2,76,78,76,2,0,0
0x5f95ee,75%,2,6,8,0,0,2,6
0xa94c8e,50%,2,2,4,0,0,2,2
0x50e52e,97.9381%,2,95,97,0,0,2,95
0x5f268b,0%,2,0,2,0,0,2,0
0x4ac964,33.3333%,2,1,3,1,2,0,0
0x81fcac,97.9592%,2,96,98,0,0,2,96
0xb183b9,99.801%,2,1003,1005,0,0,2,1003
0x63f32e,0%,2,0,2,0,0,2,0
0x7e1cba,0%,2,0,2,0,0,2,0
0x81a7b6,99.5526%,2,445,447,0,0,2,445
0x96e4c7,0%,2,0,2,0,2,0,0
0x9eda1d,71.4286%,2,5,7,5,2,0,0
0x809294,0%,2,0,2,0,0,2,0
0x88a0ff,90.9091%,2,20,22,0,0,2,20
0x99f003,0%,2,0,2,0,0,2,0
0xad04e9,0%,2,0,2,0,2,0,0
0x62780b,95.6522%,2,44,46,0,0,2,44
0x944ac7,99.0991%,2,220,222,0,0,2,220
0x5b8d34,50%,2,2,4,0,0,2,2
0x4c66a0,50%,2,2,4,2,2,0,0
0x67d6ec,0%,2,0,2,0,2,0,0
0x8f2b3d,94.1176%,2,32,34,32,2,0,0
0x50d0a1,97.619%,2,82,84,2,0,2,80
0x4c475a,0%,2,0,2,0,0,2,0
0x8144a6,99.6255%,2,532,534,0,0,2,532
0x8a95a4,83.3333%,2,10,12,0,0,2,10
0xb2e6c7,95.6522%,2,44,46,0,0,2,44
0x80be6c,60%,2,3,5,0,0,2,3
0x5ef8ea,88.2353%,2,15,17,0,0,2,15
0x507ffb,99.6516%,2,572,574,0,0,2,572
0x5b0e8b,96.3636%,2,53,55,0,0,2,53
0x98cd90,94.2857%,2,33,35,0,0,2,33
0x59f9e6,50%,2,2,4,2,0,2,0
0x8163b1,96.2963%,2,52,54,0,0,2,52
0x90caf3,99.1597%,2,236,238,118,1,1,118
0x5071b3,98.5294%,2,134,136,134,2,0,0
0x8d983a,75%,2,6,8,0,0,2,6
0x81502a,99.3939%,2,328,330,328,2,0,0
0x49de72,92.8571%,2,26,28,26,2,0,0
0x4ba94c,95.8333%,2,46,48,0,0,2,46
0x49eee0,97.1429%,2,68,70,68,2,0,0
0x4c008a,0%,2,0,2,0,0,2,0
0x9bc764,90.4762%,2,19,21,19,2,0,0
0x58bc8b,96.875%,2,62,64,0,0,2,62
0x9c4d50,66.6667%,2,4,6,0,1,1,4
0x548bdb,71.4286%,2,5,7,5,2,0,0
0xa5ac7e,86.6667%,2,13,15,9,2,0,4
0x6188dd,97.5309%,2,79,81,0,0,2,79
0xa51936,88.2353%,2,15,17,0,0,2,15
0x9f3ae9,50%,2,2,4,2,2,0,0
0x99ebb2,84.6154%,2,11,13,0,0,2,11
0xaae1aa,99.947%,2,3772,3774,0,2,0,3772
0x8eb0d9,66.6667%,2,4,6,0,0,2,4
0x4c00ab,0%,2,0,2,0,0,2,0
0x5ef9ab,88.2353%,2,15,17,15,2,0,0
0x8e7817,98.9011%,2,180,182,0,0,2,180
0x486e6a,0%,2,0,2,0,2,0,0
0x814fa6,90.9091%,2,20,22,20,0,2,0
0xa079f3,71.4286%,2,5,7,0,1,1,5
0x9fe6d6,95%,2,38,40,38,2,0,0
0x58ed44,0%,2,0,2,0,0,2,0
0x837f19,66.6667%,2,4,6,2,0,2,2
0x80a915,0%,2,0,2,0,0,2,0
0x5b2851,0%,2,0,2,0,0,2,0
0xaa2f81,99.6139%,2,516,518,516,2,0,0
0x65bf44,83.3333%,2,10,12,10,2,0,0
0x5b49dc,0%,2,0,2,0,0,2,0
0x821294,0%,2,0,2,0,0,2,0
0x5d0574,88.8889%,2,16,18,16,2,0,0
0x88e5d6,94.8718%,2,37,39,37,2,0,0
0x8a23ff,0%,2,0,2,0,0,2,0
0xa63c87,50%,2,2,4,0,1,1,2
0x6750ed,33.3333%,2,1,3,0,0,2,1
0x4c567c,91.6667%,2,22,24,2,0,2,20
0x8443e6,50%,2,2,4,0,2,0,2
0x5ba907,0%,2,0,2,0,2,0,0
0x844434,99.569%,2,462,464,0,0,2,462
0x533e99,0%,2,0,2,0,2,0,0
0x5b283b,0%,2,0,2,0,0,2,0
0x95cbe4,0%,2,0,2,0,2,0,0
0x9bc89c,0%,2,0,2,0,2,0,0
0x5f61e3,50%,2,2,4,1,1,1,1
0x59f2dd,50%,2,2,4,2,0,2,0
0xa96921,98.6577%,2,147,149,147,2,0,0
0xa2eab6,50%,2,2,4,2,2,0,0
0x533f8d,0%,2,0,2,0,2,0,0
0x598ea8,60%,2,3,5,0,0,2,3
0x5468d8,0%,2,0,2,0,2,0,0
0x8eee12,98.5714%,2,138,140,0,0,2,138
0x4b957a,50%,2,2,4,0,0,2,2
0x4ba225,99.0698%,2,213,215,0,0,2,213
0x50650d,98.7805%,2,162,164,162,2,0,0
0x96af66,71.4286%,2,5,7,5,2,0,0
0x5bbf9c,0%,2,0,2,0,2,0,0
0x5b1bf0,0%,2,0,2,0,0,2,0
0x5555cc,98.0583%,2,101,103,0,0,2,101
0x8ede5e,95.2381%,2,40,42,0,0,2,40
0xa997bb,0%,2,0,2,0,2,0,0
0x80d402,0%,2,0,2,0,0,2,0
0xa0689c,0%,2,0,2,0,2,0,0
0x5b33fd,0%,2,0,2,0,2,0,0
0x972ca3,98.5714%,2,138,140,0,0,2,138
0x8da3af,99.5859%,2,481,483,0,0,2,481
0x9ede75,0%,2,0,2,0,0,2,0
0x4829f8,89.4737%,2,17,19,10,0,2,7
0x4c6791,92.3077%,2,24,26,10,2,0,14
0x548a7f,66.6667%,2,4,6,0,2,0,4
0x4b9748,80%,2,8,10,8,2,0,0
0x9bc6d5,98.4252%,2,125,127,0,0,2,125
0x48f94c,77.7778%,2,7,9,7,2,0,0
0x492caf,0%,2,0,2,0,2,0,0
0x9d07be,96.7742%,2,60,62,0,0,2,60
0x5f324e,71.4286%,2,5,7,0,2,0,5
0x4ba077,90%,2,18,20,5,2,0,13
0x7f3795,86.6667%,2,13,15,0,0,2,13
0xa08380,71.4286%,2,5,7,0,0,2,5
0x99ed56,84.6154%,2,11,13,11,2,0,0
0x991498,0%,2,0,2,0,2,0,0
0x60a743,99.8435%,2,1276,1278,1276,2,0,0
0x8bb6bf,84.6154%,2,11,13,0,0,2,11
0x80a5a9,0%,2,0,2,0,0,2,0
0x65b199,84.6154%,2,11,13,0,0,2,11
0x59f048,50%,2,2,4,0,0,2,2
0xa077af,0%,2,0,2,0,0,2,0
0x5b5d46,0%,2,0,2,0,2,0,0
0x5a8705,0%,2,0,2,0,2,0,0
0x50b36b,95%,2,38,40,38,2,0,0
0x4050ce,81.8182%,2,9,11,0,0,2,9
0x919099,0%,2,0,2,0,0,2,0
0x901f97,99.9574%,2,4690,4692,0,0,2,4690
0x9a1c23,99.0148%,2,201,203,28,2,0,173
0x5b4a31,0%,2,0,2,0,0,2,0
0x951ad9,94.4444%,2,34,36,34,2,0,0
0xa069e5,0%,2,0,2,0,2,0,0
0xa64cac,66.6667%,2,4,6,0,0,2,4
0x49a08c,87.5%,2,14,16,0,0,2,14
0x60bb0d,88.2353%,2,15,17,0,0,2,15
0x94dac8,99.6593%,2,585,587,585,2,0,0
0x810537,94.1176%,2,32,34,32,2,0,0
0xa55b55,0%,2,0,2,0,0,2,0
0x5b4aac,0%,2,0,2,0,2,0,0
0x78d14a,0%,2,0,2,0,0,2,0
0x494b28,0%,2,0,2,0,2,0,0
0x80f427,50%,2,2,4,0,0,2,2
0x5c6c64,99.5816%,2,476,478,0,0,2,476
0x80f356,50%,2,2,4,0,0,2,2
0xa97726,50%,2,2,4,2,2,0,0
0xa237bf,0%,2,0,2,0,0,2,0
0x9d0a29,96.0784%,2,49,51,0,0,2,49
0x78d209,0%,2,0,2,0,0,2,0
0xa5b53e,93.5484%,2,29,31,0,2,0,29
0x64a28c,0%,2,0,2,0,2,0,0
0x78582a,50%,2,2,4,0,2,0,2
0x81e5bd,75%,2,6,8,2,2,0,4
0x5b27bc,0%,2,0,2,0,2,0,0
0x59f99c,50%,2,2,4,0,0,2,2
0x80d73f,50%,2,2,4,0,0,2,2
0x815cf7,95.122%,2,39,41,0,0,2,39
0x80d6a0,0%,2,0,2,0,0,2,0
0xa92864,95.9184%,2,47,49,0,0,2,47
0x9bd6a5,91.6667%,2,22,24,0,0,2,22
0xa2d9ef,90%,2,18,20,0,2,0,18
0x4b50f6,80%,2,8,10,0,0,2,8
0x4ca0b3,0%,2,0,2,0,2,0,0
0x5fa1ac,92.5926%,2,25,27,0,0,2,25
0x40dee5,98.1481%,2,106,108,2,1,1,104
0x80533e,0%,2,0,2,0,0,2,0
0x819e2e,87.5%,2,14,16,14,2,0,0
0x5be2f4,97.6471%,2,83,85,0,0,2,83
0xa99fb3,0%,2,0,2,0,2,0,0
0xa993f1,33.3333%,2,1,3,0,0,2,1
0x4a8548,75%,2,6,8,0,0,2,6
0x4a9cf3,86.6667%,2,13,15,0,0,2,13
0xa96f65,86.6667%,2,13,15,0,0,2,13
0x80d830,50%,2,2,4,0,2,0,2
0x5d3032,50%,2,2,4,2,2,0,0
0x60bbd8,77.7778%,2,7,9,0,0,2,7
0x488ea1,50%,2,2,4,0,0,2,2
0x78d265,0%,2,0,2,0,0,2,0
0x803875,0%,2,0,2,0,0,2,0
0x5f60dd,0%,2,0,2,0,0,2,0
0x480b38,89.4737%,2,17,19,17,0,2,0
0x8c7eb7,0%,2,0,2,0,2,0,0
0x8096ff,71.4286%,2,5,7,0,2,0,5
0x809f0c,0%,2,0,2,0,2,0,0
0xa8ee6d,85.7143%,2,12,14,0,0,2,12
0xa8ee5d,85.7143%,2,12,14,0,0,2,12
0x9e60c0,99.1597%,2,236,238,236,2,0,0
0x803963,0%,2,0,2,0,2,0,0
0x951d23,99.686%,2,635,637,0,0,2,635
0x80c4c8,60%,2,3,5,2,0,2,1
0x80372b,0%,2,0,2,0,0,2,0
0x804c9a,0%,2,0,2,0,2,0,0
0x7ce77f,95.4545%,2,42,44,6,2,0,36
0x80480a,0%,2,0,2,0,2,0,0
0xa545e5,75%,2,6,8,0,2,0,6
0x974773,50%,2,2,4,0,0,2,2
0x8f2211,88.2353%,2,15,17,1,0,2,14
0x8bb27a,33.3333%,2,1,3,0,2,0,1
0x8047ae,0%,2,0,2,0,0,2,0
0x97461a,95.6522%,2,44,46,44,2,0,0
0xa92d0a,75%,2,6,8,0,0,2,6
0xa984e4,50%,2,2,4,2,2,0,0
0x5ae653,50%,2,2,4,0,0,2,2
0x80d600,0%,2,0,2,0,0,2,0
0x80d5eb,0%,2,0,2,0,0,2,0
0xb2e667,99.9906%,2,21252,21254,0,0,2,21252
0xa7223f,71.4286%,2,5,7,0,0,2,5
0x8ec904,0%,2,0,2,0,0,2,0
0x7235b4,99.8617%,2,1444,1446,0,0,2,1444
0xa99e27,86.6667%,2,13,15,0,0,2,13
0x80bd86,60%,2,3,5,3,2,0,0
0xa96b11,87.5%,2,14,16,6,1,1,8
0x5b0695,0%,2,0,2,0,2,0,0
0x683147,94.5946%,2,35,37,35,2,0,0
0x806ecb,98.1818%,2,108,110,0,0,2,108
0x9d68a1,0%,2,0,2,0,2,0,0
0xa9ce28,96.9231%,2,63,65,0,0,2,63
0x59161b,33.3333%,2,1,3,1,2,0,0
0x809a83,33.3333%,2,1,3,1,1,1,0
0x63bbd6,33.3333%,2,1,3,0,0,2,1
0x7b72a5,0%,2,0,2,0,0,2,0
0x5bca25,99%,2,198,200,198,2,0,0
0xa9ed4c,97.5309%,2,79,81,0,0,2,79
0x4857f9,86.6667%,2,13,15,0,0,2,13
0x5f3def,50%,2,2,4,0,0,2,2
0xa36777,96.2963%,2,52,54,0,0,2,52
0xa3dca6,75%,2,6,8,6,2,0,0
0x7a113b,66.6667%,2,4,6,0,0,2,4
0xa9121b,50%,2,2,4,2,2,0,0
0x5a893d,0%,2,0,2,0,2,0,0
0x81bd24,99.3691%,2,315,317,0,0,2,315
0x590a6b,50%,2,2,4,0,2,0,2
0x5eb9b5,0%,2,0,2,0,0,2,0
0xa96373,0%,2,0,2,0,0,2,0
0xa95c3b,66.6667%,2,4,6,4,2,0,0
0xa9c91e,80%,2,8,10,0,0,2,8
0x61a291,60%,2,3,5,3,2,0,0
0x96c21b,92.3077%,2,24,26,0,0,2,24
0xa9c780,98.5915%,2,140,142,0,0,2,140
0x492c94,50%,2,2,4,2,0,2,0
0x99ebfe,0%,2,0,2,0,2,0,0
0x8144b4,99.6255%,2,532,534,0,0,2,532
0x5df2a5,93.9394%,2,31,33,0,0,2,31
0x5cf4b8,93.9394%,2,31,33,0,0,2,31
0xa9f0a3,0%,2,0,2,0,2,0,0
0x4ac934,33.3333%,2,1,3,1,2,0,0
0xa9f076,0%,2,0,2,0,2,0,0
0x4ac91f,33.3333%,2,1,3,1,0,2,0
0x805444,66.6667%,2,4,6,2,2,0,2
0x9a6aac,50%,2,2,4,2,2,0,0
0x592dc1,0%,2,0,2,0,2,0,0
0x5d1a5f,96.7742%,2,60,62,0,0,2,60
0x9f86ee,33.3333%,2,1,3,0,0,2,1
0xa18028,99.2337%,2,259,261,0,0,2,259
0xa9deb8,95.122%,2,39,41,0,0,2,39
0xad6e37,0%,2,0,2,0,2,0,0
0x404b81,77.7778%,2,7,9,0,2,0,7
0x8f455d,98%,2,98,100,98,2,0,0
0x48ec92,86.6667%,2,13,15,0,0,2,13
0xa8e58c,50%,2,2,4,0,0,2,2
0xa5b14e,75%,2,6,8,0,1,1,6
0x5d3144,50%,2,2,4,2,2,0,0
0x50fae8,80%,2,8,10,8,2,0,0
0x81ca76,98.8372%,2,170,172,0,2,0,170
0xa92a31,66.6667%,2,4,6,0,0,2,4
0x810a38,90%,2,18,20,18,2,0,0
0x5a899c,0%,2,0,2,0,2,0,0
0xa3bcfd,0%,2,0,2,0,2,0,0
0x977f79,98.4962%,2,131,133,0,0,2,131
0x9f836a,0%,2,0,2,0,0,2,0
0x40bd38,50%,2,2,4,2,2,0,0
0xa9e254,93.3333%,2,28,30,28,2,0,0
0x8f1925,95.8333%,2,46,48,46,2,0,0
0xa9a3c4,60%,2,3,5,3,2,0,0
0xa51f8e,0%,2,0,2,0,0,2,0
0xa9c98d,94.4444%,2,34,36,0,2,0,34
0x8062b1,0%,2,0,2,0,2,0,0
0x80d9b8,98.1132%,2,104,106,0,0,2,104
0x8ad8e6,0%,2,0,2,0,0,2,0
0xa94cae,50%,2,2,4,0,0,2,2
0xa9948e,71.4286%,2,5,7,0,0,2,5
0xa274f2,99.3865%,2,324,326,324,2,0,0
0x816423,0%,2,0,2,0,2,0,0
0x4039df,0%,2,0,2,0,2,0,0
0xa96078,92.3077%,2,24,26,24,2,0,0
0x8ddb19,98.2143%,2,110,112,0,0,2,110
0x4b90a7,50%,2,2,4,2,2,0,0
0xa96578,50%,2,2,4,2,2,0,0
0xa964d1,50%,2,2,4,2,2,0,0
0x8decc1,66.6667%,2,4,6,4,2,0,0
0x58f48e,96.1538%,2,50,52,50,2,0,0
0x5a8989,0%,2,0,2,0,0,2,0
0xa97d97,50%,2,2,4,0,0,2,2
0x8dffcb,83.3333%,2,10,12,6,0,2,4
0x5d45e1,88.8889%,2,16,18,16,2,0,0
0x59fdc0,50%,2,2,4,0,2,0,2
0x5dfd49,50%,2,2,4,0,0,2,2
0x5db515,50%,2,2,4,2,2,0,0
0x649e00,0%,2,0,2,0,2,0,0
0x81ae88,0%,2,0,2,0,0,2,0
0xa39db2,95.122%,2,39,41,0,0,2,39
0x8bc9e0,96.1538%,2,50,52,50,2,0,0
0xa15f23,83.3333%,2,10,12,0,0,2,10
0x9771f2,50%,2,2,4,1,1,1,1
0x977082,0%,2,0,2,0,2,0,0
0x980f22,87.5%,2,14,16,6,2,0,8
0x9e2f9f,99.2395%,2,261,263,261,2,0,0
0xa9df89,0%,2,0,2,0,0,2,0
0x63e060,99.7919%,2,959,961,959,2,0,0
0x4b9027,50%,2,2,4,0,0,2,2
0x4b8f27,50%,2,2,4,0,1,1,2
0x78e136,0%,2,0,2,0,2,0,0
0x984044,98.6301%,2,144,146,144,2,0,0
0xa39a59,89.4737%,2,17,19,0,0,2,17
0x8df8b4,50%,2,2,4,0,0,2,2
0x4b8647,81.8182%,2,9,11,9,2,0,0
0x7e1c7e,0%,2,0,2,0,0,2,0
0x9841d4,83.3333%,2,10,12,0,0,2,10
0xa33506,99.956%,2,4548,4550,4548,2,0,0
0x5446a3,0%,2,0,2,0,0,2,0
0x81e08f,0%,2,0,2,0,2,0,0
0x8ed765,99.7877%,2,940,942,0,0,2,940
0x8fd812,66.6667%,2,4,6,0,0,2,4
0xa17f96,99.4667%,2,373,375,0,0,2,373
0x9e7496,0%,2,0,2,0,2,0,0
0x8fd7e4,33.3333%,2,1,3,0,0,2,1
0x40ce8b,0%,2,0,2,0,2,0,0
0xa51e49,94.8718%,2,37,39,0,0,2,37
0x49fc9e,86.6667%,2,13,15,0,0,2,13
0x4b85eb,0%,2,0,2,0,0,2,0
0x9774b1,0%,2,0,2,0,0,2,0
0x4be4d0,71.4286%,2,5,7,0,0,2,5
0x5bedbd,0%,2,0,2,0,2,0,0
0x4b84ab,0%,2,0,2,0,0,2,0
0x78abee,33.3333%,2,1,3,1,2,0,0
0x53fd1d,99.3355%,2,299,301,0,0,2,299
0x8bb439,99.4885%,2,389,391,0,0,2,389
0x97734a,66.6667%,2,4,6,4,2,0,0
0x4be23c,50%,2,2,4,0,0,2,2
0x4be19f,0%,2,0,2,0,2,0,0
0x4b7a91,0%,2,0,2,0,0,2,0
0x4b9c96,93.5484%,2,29,31,19,2,0,10
0xa54dcd,98.2759%,2,114,116,0,0,2,114
0x485ec7,91.3043%,2,21,23,0,0,2,21
0x8dc4b1,50%,2,2,4,0,0,2,2
0x5bcf51,50%,2,2,4,0,2,0,2
0xa06e33,50%,2,2,4,2,2,0,0
0x4c1b58,60%,2,3,5,3,2,0,0
0xa34020,99.3333%,2,298,300,0,0,2,298
0xa2101a,66.6667%,2,4,6,0,0,2,4
0xa32532,50%,2,2,4,0,2,0,2
0x4b8b05,87.5%,2,14,16,0,0,2,14
0x4b9c2f,97.1831%,2,69,71,69,2,0,0
0x8f41e3,99.3846%,2,323,325,323,2,0,0
0x492c19,0%,2,0,2,0,0,2,0
0xa2d84f,50%,2,2,4,0,0,2,2
0xa3218c,50%,2,2,4,2,2,0,0
0x4c9762,91.6667%,2,22,24,14,0,2,8
0x4bca4e,87.5%,2,14,16,0,0,2,14
0x81fc41,85.7143%,2,12,14,0,0,2,12
0xa9180c,88.2353%,2,15,17,15,2,0,0
0x48fa88,66.6667%,2,4,6,1,2,0,3
0x40df58,98.1481%,2,106,108,105,1,1,1
0x48efea,99.2424%,2,262,264,0,0,2,262
0x6663fe,0%,2,0,2,0,0,2,0
0xa51f2c,50%,2,2,4,0,2,0,2
0x78c02c,0%,2,0,2,0,0,2,0
0x7921e3,90.4762%,2,19,21,0,0,2,19
0x60c59e,60%,2,3,5,3,2,0,0
0x951888,99.4135%,2,339,341,339,2,0,0
0xa2e7f4,98.5075%,2,132,134,0,0,2,132
0x8061c4,0%,2,0,2,0,2,0,0
0x9ee3e2,90.9091%,2,20,22,0,0,2,20
0x4bd17e,66.6667%,2,4,6,1,1,1,3
0x4bcf8f,66.6667%,2,4,6,4,2,0,0
0x809a0d,0%,2,0,2,0,0,2,0
0x5febcf,96.7742%,2,60,62,60,2,0,0
0x4bd69b,90.4762%,2,19,21,0,2,0,19
0xa9861a,0%,2,0,2,0,0,2,0
0x67ac84,66.6667%,2,4,6,4,2,0,0
0x4a7446,94.8718%,2,37,39,37,2,0,0
0x590a1d,0%,2,0,2,0,2,0,0
0x5ffbd0,95.6522%,2,44,46,0,0,2,44
0x59ec61,75%,2,6,8,2,2,0,4
0x803b38,0%,2,0,2,0,2,0,0
0x610522,96.8254%,2,61,63,0,0,2,61
0x863252,0%,2,0,2,0,2,0,0
0x86321f,0%,2,0,2,0,2,0,0
0x9523d2,97.3333%,2,73,75,0,0,2,73
0xa99f25,66.6667%,2,4,6,4,2,0,0
0x4c9ea5,50%,2,2,4,2,2,0,0
0x9523c8,97.3333%,2,73,75,0,0,2,73
0x803b5b,0%,2,0,2,0,0,2,0
0xa90a13,50%,2,2,4,0,0,2,2
0x54461c,77.7778%,2,7,9,0,0,2,7
0xa9491f,91.6667%,2,22,24,0,0,2,22
0xa55809,66.6667%,2,4,6,2,2,0,2
0xa94257,0%,2,0,2,0,0,2,0
0x7c6916,0%,2,0,2,0,0,2,0
0x7c6899,0%,2,0,2,0,0,2,0
0x7c688d,0%,2,0,2,0,0,2,0
0x7c682c,0%,2,0,2,0,0,2,0
0xa0755f,60%,2,3,5,3,1,1,0
0x40ae21,50%,2,2,4,1,1,1,1
0x804618,71.4286%,2,5,7,0,0,2,5
0x67546b,0%,2,0,2,0,0,2,0
0x499972,87.5%,2,14,16,0,0,2,14
0x8045ea,88.2353%,2,15,17,0,0,2,15
0xa21027,50%,2,2,4,0,0,2,2
0x492df1,0%,2,0,2,0,2,0,0
0xa9b8e8,66.6667%,2,4,6,0,0,2,4
0x80442a,66.6667%,2,4,6,2,2,0,2
0x59f000,50%,2,2,4,0,2,0,2
0x59e9fa,50%,2,2,4,2,0,2,0
0x6114f6,93.5484%,2,29,31,29,2,0,0
0x8043f0,77.7778%,2,7,9,2,1,1,5
0x8043c7,77.7778%,2,7,9,0,0,2,7
0x8042c7,95.2381%,2,40,42,2,1,1,38
0xa533aa,66.6667%,2,4,6,0,2,0,4
0x8d20eb,0%,2,0,2,0,0,2,0
0x5be7ca,0%,2,0,2,0,0,2,0
0xa264d2,0%,2,0,2,0,0,2,0
0x5ae696,0%,2,0,2,0,2,0,0
0x976fc1,0%,2,0,2,0,2,0,0
0x8d397c,97.1831%,2,69,71,0,0,2,69
0x8d332f,33.3333%,2,1,3,0,0,2,1
0x81c0d7,97.9167%,2,94,96,94,2,0,0
0x99b7a2,86.6667%,2,13,15,0,0,2,13
0x8d2f03,0%,2,0,2,0,2,0,0
0x8d2e99,0%,2,0,2,0,2,0,0
0x7930c4,0%,2,0,2,0,0,2,0
0x4bc06b,87.5%,2,14,16,0,0,2,14
0x7c71ab,95.4545%,2,42,44,1,1,1,41
0x6a3a74,92.3077%,2,24,26,24,2,0,0
0xa8f74e,50%,2,2,4,0,0,2,2
0x9049fc,98.9189%,2,183,185,0,0,2,183
0xa97f09,83.3333%,2,10,12,0,0,2,10
0xa15cdf,66.6667%,2,4,6,4,2,0,0
0xa984c3,50%,2,2,4,2,2,0,0
0x6660a7,75%,2,6,8,0,0,2,6
0x943e56,80%,2,8,10,8,0,2,0
0xa18002,99.4987%,2,397,399,0,0,2,397
0xa944c6,93.1034%,2,27,29,0,0,2,27
0x9e831b,92%,2,23,25,23,2,0,0
0x8d3dd3,93.5484%,2,29,31,0,0,2,29
0x40b3f5,0%,2,0,2,0,2,0,0
0x8d3dbf,93.5484%,2,29,31,0,0,2,29
0xa2dea7,94.2857%,2,33,35,0,0,2,33
0x5f03f7,98.0952%,2,103,105,0,0,2,103
0x8bb769,80%,2,8,10,8,2,0,0
0x5f45fa,0%,2,0,2,0,2,0,0
0xa94511,92.5926%,2,25,27,25,2,0,0
0x64b48e,99.3399%,2,301,303,0,0,2,301
0x8d4273,81.8182%,2,9,11,9,2,0,0
0x7d448a,0%,2,0,2,0,0,2,0
0x8fd2c0,50%,2,2,4,0,0,2,2
0x59ec84,50%,2,2,4,2,2,0,0
0x533dce,0%,2,0,2,0,0,2,0
0x7e07db,88.8889%,2,16,18,0,0,2,16
0x64a4f0,0%,2,0,2,0,0,2,0
0x8d3f19,84.6154%,2,11,13,0,0,2,11
0x5b2932,0%,2,0,2,0,0,2,0
0xa2923f,87.5%,2,14,16,14,2,0,0
0x499ff8,87.5%,2,14,16,0,0,2,14
0xa97e7a,0%,2,0,2,0,2,0,0
0xa64f3c,50%,2,2,4,0,0,2,2
0x67b1f7,99.8885%,2,1792,1794,1792,2,0,0
0xa64c31,0%,2,0,2,0,0,2,0
0xa238b3,96.7742%,2,60,62,0,0,2,60
0x81ca53,98.8372%,2,170,172,0,0,2,170
0x4b902f,50%,2,2,4,2,2,0,0
0x9f63e7,33.3333%,2,1,3,0,2,0,1
0x67f3dd,0%,2,0,2,0,0,2,0
0x9e408c,50%,2,2,4,0,0,2,2
0x9eb7a9,60%,2,3,5,0,0,2,3
0x9e21c5,0%,2,0,2,0,2,0,0
0x9e8131,0%,2,0,2,0,2,0,0
0xa28a5b,87.5%,2,14,16,14,2,0,0
0x5a05d0,0%,2,0,2,0,0,2,0
0x9ff74d,0%,2,0,2,0,0,2,0
0x9ff723,0%,2,0,2,0,2,0,0
0x9ff71a,0%,2,0,2,0,0,2,0
0x81cb8f,98.8372%,2,170,172,0,0,2,170
0x9e709c,60%,2,3,5,0,2,0,3
0xa042da,0%,2,0,2,0,0,2,0
0xa04223,0%,2,0,2,0,0,2,0
0x8aac89,80%,2,8,10,0,0,2,8
0x4ca41b,0%,2,0,2,0,2,0,0
0xa04126,0%,2,0,2,0,0,2,0
0xa040e7,66.6667%,2,4,6,0,1,1,4
0x81f975,88.2353%,2,15,17,8,0,2,7
0xaab3ac,50%,2,2,4,2,2,0,0
0x973ea1,83.3333%,2,10,12,10,2,0,0
0xa06aec,0%,2,0,2,0,0,2,0
0x60b6c2,88.8889%,2,16,18,16,2,0,0
0x8e8de2,0%,2,0,2,0,2,0,0
0x97b838,77.7778%,2,7,9,0,0,2,7
0xa63b96,0%,2,0,2,0,2,0,0
0x80b131,0%,2,0,2,0,2,0,0
0xa06831,0%,2,0,2,0,0,2,0
0x9f179e,95%,2,38,40,38,2,0,0
0x9f177f,95%,2,38,40,0,0,2,38
0x9f2b4d,60%,2,3,5,3,2,0,0
0x5b27f5,0%,2,0,2,0,2,0,0
0x494670,0%,2,0,2,0,2,0,0
0x9a738f,88.8889%,2,16,18,0,0,2,16
0xa2587f,60%,2,3,5,0,0,2,3
0x8ee151,75%,2,6,8,0,0,2,6
0xa542b4,50%,2,2,4,2,2,0,0
0x59f19b,50%,2,2,4,0,2,0,2
0x59f20f,50%,2,2,4,0,2,0,2
0x49c235,50%,2,2,4,0,0,2,2
0x59f8dc,50%,2,2,4,2,2,0,0
0xa3bca1,88.8889%,2,16,18,0,2,0,16
0x441a42,81.8182%,2,9,11,9,2,0,0
0x8ed137,66.6667%,2,4,6,0,2,0,4
0x4bd507,33.3333%,2,1,3,1,2,0,0
0x4418b7,81.8182%,2,9,11,0,0,2,9
0x81f03c,50%,2,2,4,2,2,0,0
0x9a1e24,98.4127%,2,124,126,124,2,0,0
0x9ec443,66.6667%,2,4,6,1,2,0,3
0x80c457,60%,2,3,5,3,2,0,0
0x4416b7,81.8182%,2,9,11,0,0,2,9
0xa28118,33.3333%,2,1,3,0,0,2,1
0x7d30e0,99.631%,2,540,542,172,0,2,368
0x9e1aa3,75%,2,6,8,6,2,0,0
0x9e1a91,80%,2,8,10,0,2,0,8
0xa2a808,0%,2,0,2,0,2,0,0
0x90be3d,99.7919%,2,959,961,0,0,2,959
0xa285df,77.7778%,2,7,9,0,0,2,7
0x9f81bc,33.3333%,2,1,3,0,2,0,1
0xa2852a,98.75%,2,158,160,0,0,2,158
0x976fe8,0%,2,0,2,0,2,0,0
0xa042e2,0%,2,0,2,0,0,2,0
0x90986c,99.8923%,2,1855,1857,1855,2,0,0
0x81cefe,96.6667%,2,58,60,58,2,0,0
0xa08089,50%,2,2,4,0,0,2,2
0xa2aac2,98.2301%,2,111,113,0,0,2,111
0x9f8352,0%,2,0,2,0,0,2,0
0x8e4aae,95.4545%,2,42,44,42,2,0,0
0x5b6b03,60%,2,3,5,3,2,0,0
0x8bd726,90%,2,18,20,18,2,0,0
0x975148,89.4737%,2,17,19,0,0,2,17
0xa31886,99.0741%,2,214,216,0,0,2,214
0x9f40a3,33.3333%,2,1,3,0,0,2,1
0x9e707a,60%,2,3,5,0,0,2,3
0x591662,33.3333%,2,1,3,1,2,0,0
0xa6b34b,50%,2,2,4,2,2,0,0
0x68a9a4,97.3684%,2,74,76,74,1,1,0
0x814cd7,0%,2,0,2,0,0,2,0
0xab1e27,50%,2,2,4,0,0,2,2
0x50b95d,95%,2,38,40,38,2,0,0
0x670d2d,0%,2,0,2,0,2,0,0
0x804d62,0%,2,0,2,0,2,0,0
0x9f40b6,33.3333%,2,1,3,0,0,2,1
0x95a926,50%,2,2,4,0,0,2,2
0x9f7c62,84.6154%,2,11,13,0,0,2,11
0x5bda37,75%,2,6,8,2,2,0,4
0xa06565,93.5484%,2,29,31,29,2,0,0
0x98fa12,99.2218%,2,255,257,255,2,0,0
0x95a8fc,50%,2,2,4,0,0,2,2
0xa9ca5f,80%,2,8,10,0,0,2,8
0x959a44,83.3333%,2,10,12,6,2,0,4
0x9f7c72,84.6154%,2,11,13,0,0,2,11
0xa58ff5,95.122%,2,39,41,0,0,2,39
0x593564,0%,2,0,2,0,0,2,0
0xa4a91b,0%,2,0,2,0,0,2,0
0x9f3408,50%,2,2,4,0,2,0,2
0xa4bc38,98.9011%,2,180,182,0,2,0,180
0x5a87ff,0%,2,0,2,0,0,2,0
0xa58cbf,84.6154%,2,11,13,0,0,2,11
0x9f5155,81.8182%,2,9,11,2,0,2,7
0xa42c40,96.2963%,2,52,54,52,2,0,0
0x9f7ac9,97.8261%,2,90,92,0,0,2,90
0x94d85c,99.6255%,2,532,534,0,0,2,532
0x9f3dd8,88.2353%,2,15,17,2,2,0,13
0x9f7ada,97.8261%,2,90,92,0,0,2,90
0x9f3c29,88.2353%,2,15,17,0,0,2,15
0x9f3b9c,88.2353%,2,15,17,15,2,0,0
0x9f9682,97.0588%,2,66,68,66,2,0,0
0x812132,50%,2,2,4,0,0,2,2
0xa36cbf,50%,2,2,4,1,2,0,1
0xa3ad25,50%,2,2,4,2,2,0,0
0xa6b7d8,50%,2,2,4,2,2,0,0
0xa22e45,77.7778%,2,7,9,7,2,0,0
0x96eb9b,0%,2,0,2,0,0,2,0
0x5bc0a3,0%,2,0,2,0,0,2,0
0x487ea3,0%,2,0,2,0,0,2,0
0x6704e0,0%,2,0,2,0,0,2,0
0x487a00,0%,2,0,2,0,0,2,0
0x488b0c,99.6198%,2,524,526,524,2,0,0
0xa34475,33.3333%,2,1,3,0,0,2,1
0x40e409,50%,2,2,4,2,2,0,0
0x9f4d01,99.1189%,2,225,227,225,2,0,0
0xa99769,0%,2,0,2,0,2,0,0
0x9f9008,80%,2,8,10,8,2,0,0
0x9e1547,0%,2,0,2,0,0,2,0
0x972f14,66.6667%,2,4,6,0,0,2,4
0x48fe1b,80%,2,8,10,0,0,2,8
0x610cce,93.3333%,2,28,30,0,0,2,28
0x97bc10,0%,2,0,2,0,2,0,0
0xa3722b,80%,2,8,10,0,2,0,8
0x9f8551,77.7778%,2,7,9,7,2,0,0
0x9d699d,0%,2,0,2,0,2,0,0
0x95b759,50%,2,2,4,2,2,0,0
0x9746ad,97.0588%,2,66,68,0,0,2,66
0x809d3c,50%,2,2,4,1,1,1,1
0x7b7fdd,92.5926%,2,25,27,0,2,0,25
0x78ad03,95.4545%,2,42,44,0,0,2,42
0x4ada20,60%,2,3,5,3,2,0,0
0x8149aa,0%,2,0,2,0,0,2,0
0x9f866a,81.8182%,2,9,11,0,0,2,9
0xa4d367,92.8571%,2,26,28,0,0,2,26
0x95b796,50%,2,2,4,2,2,0,0
0x5fd73c,97.8261%,2,90,92,0,0,2,90
0x89ecec,0%,2,0,2,0,2,0,0
0x97b792,97.1014%,2,67,69,0,0,2,67
0x97b6f7,0%,2,0,2,0,0,2,0
0x49050f,33.3333%,2,1,3,0,0,2,1
0x959793,96.1538%,2,50,52,2,2,0,48
0xa4a746,75%,2,6,8,6,0,2,0
0x80b270,0%,2,0,2,0,0,2,0
0x95b322,50%,2,2,4,2,2,0,0
0x96eba2,0%,2,0,2,0,2,0,0
0x59f2ed,0%,2,0,2,0,2,0,0
0x5b2868,0%,2,0,2,0,0,2,0
0x493fe5,0%,2,0,2,0,2,0,0
0xaa134d,98.9744%,2,193,195,0,0,2,193
0xb14a33,99.9466%,2,3743,3745,3743,2,0,0
0x58e517,83.3333%,2,10,12,0,0,2,10
0x9f8486,0%,2,0,2,0,2,0,0
0x972d83,66.6667%,2,4,6,0,0,2,4
0x972cf7,66.6667%,2,4,6,4,2,0,0
0x4a6f5f,99.6086%,2,509,511,509,2,0,0
0xa9eaee,97.6471%,2,83,85,83,2,0,0
0xa46cef,99.1304%,2,228,230,228,2,0,0
0x7d4460,0%,2,0,2,0,0,2,0
0x9e84e9,90.4762%,2,19,21,0,0,2,19
0x8ebdc5,0%,2,0,2,0,0,2,0
0x99bb67,90.4762%,2,19,21,0,1,1,19
0x5e78b6,97.2603%,2,71,73,0,0,2,71
0x8f1ac3,98.6111%,2,142,144,0,1,1,142
0x9e3d30,0%,2,0,2,0,2,0,0
0x9e3d15,0%,2,0,2,0,2,0,0
0x9e7b7e,0%,2,0,2,0,2,0,0
0x973c25,83.3333%,2,10,12,0,2,0,10
0xb3138e,99.7936%,2,967,969,0,0,2,967
0xa5d177,91.6667%,2,22,24,0,0,2,22
0xa3aba0,50%,2,2,4,0,0,2,2
0xa53786,75%,2,6,8,6,0,2,0
0x485d00,33.3333%,2,1,3,1,2,0,0
0x977043,75%,2,6,8,0,2,0,6
0x489dad,99.9081%,2,2174,2176,2174,2,0,0
0xa5362b,75%,2,6,8,0,2,0,6
0xa53511,0%,2,0,2,0,0,2,0
0x5905bc,87.5%,2,14,16,0,0,2,14
0x991c64,80%,2,8,10,8,2,0,0
0x68a8ef,97.3684%,2,74,76,74,2,0,0
0xa5aecc,71.4286%,2,5,7,5,0,2,0
0x94e765,96.6667%,2,58,60,0,0,2,58
0x5b2323,99.1667%,2,238,240,0,0,2,238
0xa3b1ca,98.5714%,2,138,140,0,0,2,138
0x59f1ca,0%,2,0,2,0,1,1,0
0xa4f8e2,85.7143%,2,12,14,0,0,2,12
0x5ef156,88.8889%,2,16,18,16,2,0,0
0xa36754,97.2222%,2,70,72,0,0,2,70
0x5d0733,66.6667%,2,4,6,1,2,0,3
0x5b5b10,0%,2,0,2,0,0,2,0
0x9e6178,83.3333%,2,10,12,0,0,2,10
0x557bdd,75%,2,6,8,6,2,0,0
0x7c7246,77.7778%,2,7,9,0,0,2,7
0x8ade04,0%,2,0,2,0,2,0,0
0xa02d09,96.8254%,2,61,63,0,0,2,61
0x5ecdcf,75%,2,6,8,0,0,2,6
0x5f49d7,0%,2,0,2,0,2,0,0
0x9bc87e,98.4252%,2,125,127,125,0,2,0
0xa3fd25,93.75%,2,30,32,30,2,0,0
0xa9d13b,0%,2,0,2,0,2,0,0
0xa9d082,0%,2,0,2,0,2,0,0
0x5a8881,0%,2,0,2,0,2,0,0
0xa9d3bf,75%,2,6,8,6,2,0,0
0xa9df90,0%,2,0,2,0,0,2,0
0x973172,99.6721%,2,608,610,0,0,2,608
0xa9db93,0%,2,0,2,0,2,0,0
0x839024,87.5%,2,14,16,0,0,2,14
0x5d6c46,33.3333%,2,1,3,0,0,2,1
0x9e3f6c,89.4737%,2,17,19,0,0,2,17
0x9a7cc4,83.3333%,2,10,12,10,2,0,0
0xa91986,95.2381%,2,40,42,0,0,2,40
0x9f1261,80%,2,8,10,8,2,0,0
0xa3bb1c,88.8889%,2,16,18,0,0,2,16
0xa5930b,86.6667%,2,13,15,0,0,2,13
0x5103fb,99.9081%,2,2175,2177,2175,2,0,0
0x649333,0%,2,0,2,0,2,0,0
0x837a26,90%,2,18,20,0,0,2,18
0xa531e6,0%,2,0,2,0,2,0,0
0x9f93cd,94.1176%,2,32,34,0,2,0,32
0x5d69e4,33.3333%,2,1,3,0,0,2,1
0x5d69d6,33.3333%,2,1,3,0,0,2,1
0x5b2c83,0%,2,0,2,0,2,0,0
0xa45fd4,50%,2,2,4,2,2,0,0
0x81f030,50%,2,2,4,0,0,2,2
0x5d1139,33.3333%,2,1,3,1,2,0,0
0x8deeb7,75%,2,6,8,0,0,2,6
0x5b574e,0%,2,0,2,0,2,0,0
0xa559ed,50%,2,2,4,0,0,2,2
0x9aa44c,90.9091%,2,20,22,0,0,2,20
0x9aa43a,90.9091%,2,20,22,0,0,2,20
0x8f6cd6,95.5556%,2,43,45,0,0,2,43
0x53e400,99.9164%,2,2391,2393,2391,1,1,0
0x4c27a2,60%,2,3,5,0,0,2,3
0x906877,97.4684%,2,77,79,77,2,0,0
0xa55a90,0%,2,0,2,0,2,0,0
0x9a67c4,0%,2,0,2,0,2,0,0
0x58e5ea,33.3333%,2,1,3,1,2,0,0
0xa478c8,90.9091%,2,20,22,20,2,0,0
0xa5686b,66.6667%,2,4,6,4,2,0,0
0xa55969,50%,2,2,4,0,0,2,2
0xa55950,0%,2,0,2,0,2,0,0
0xa97e5e,90.9091%,2,20,22,20,0,2,0
0xa558fc,0%,2,0,2,0,0,2,0
0x503268,0%,2,0,2,0,2,0,0
0x55116d,90.4762%,2,19,21,1,2,0,18
0x9ea285,87.5%,2,14,16,13,1,1,1
0x5031d3,0%,2,0,2,0,2,0,0
0x81f347,99.8537%,2,1365,1367,0,0,2,1365
0x9e0c29,84.6154%,2,11,13,11,2,0,0
0x4b8b28,50%,2,2,4,2,2,0,0
0xa959c6,50%,2,2,4,0,0,2,2
0xb2e7cd,99.9502%,2,4015,4017,0,0,2,4015
0x9f063c,80%,2,8,10,0,0,2,8
0x9dfa44,99.0654%,2,212,214,0,0,2,212
0x590a19,0%,2,0,2,0,0,2,0
0xaca81b,92.8571%,2,26,28,26,2,0,0
0x8ed54f,83.3333%,2,10,12,0,2,0,10
0x50e56b,96.3636%,2,53,55,14,2,0,39
0xa558d8,50%,2,2,4,0,2,0,2
0x78a39a,33.3333%,2,1,3,0,0,2,1
0x6043f4,83.3333%,2,10,12,0,0,2,10
0x54141e,95%,2,38,40,0,0,2,38
0xa02a63,83.3333%,2,10,12,0,0,2,10
0x661b1c,99.8471%,2,1306,1308,1306,2,0,0
0x80af42,94.2857%,2,33,35,33,2,0,0
0x9f66d5,98.6928%,2,151,153,0,0,2,151
0x8be2af,0%,2,0,2,0,0,2,0
0x8e32b3,99.9523%,2,4189,4191,4189,2,0,0
0x80ab18,0%,2,0,2,0,2,0,0
0x8f63aa,0%,2,0,2,0,2,0,0
0x970fa2,71.4286%,2,5,7,5,2,0,0
0x977b61,90.4762%,2,19,21,0,0,2,19
0xa54667,0%,2,0,2,0,2,0,0
0x9439c5,0%,2,0,2,0,2,0,0
0x97811f,98.4962%,2,131,133,0,0,2,131
0x6d45c4,98.6207%,2,143,145,0,0,2,143
0x9439b8,0%,2,0,2,0,0,2,0
0x591f74,97.1429%,2,68,70,0,0,2,68
0xa9bce5,80%,2,8,10,8,2,0,0
0xa5a133,80%,2,8,10,0,2,0,8
0x4a8712,0%,2,0,2,0,0,2,0
0xa5a15b,80%,2,8,10,0,0,2,8
0xa53333,66.6667%,2,4,6,0,0,2,4
0xa5a113,0%,2,0,2,0,0,2,0
0xa586db,75%,2,6,8,6,2,0,0
0xa59f94,66.6667%,2,4,6,1,2,0,3
0xa26050,99.5851%,2,480,482,0,0,2,480
0xa5332d,66.6667%,2,4,6,0,0,2,4
0xa32788,97.4359%,2,76,78,0,0,2,76
0xa55890,50%,2,2,4,0,0,2,2
0xa0683e,0%,2,0,2,0,0,2,0
0x59fa41,50%,2,2,4,2,1,1,0
0xa8abb2,98.8571%,2,173,175,0,0,2,173
0xa15cc8,83.3333%,2,10,12,4,2,0,6
0x50fef5,0%,2,0,2,0,2,0,0
0xa557ec,50%,2,2,4,1,1,1,1
0x8f54a0,83.3333%,2,10,12,0,0,2,10
0x97140b,71.4286%,2,5,7,5,2,0,0
0xa51d0f,83.3333%,2,10,12,2,2,0,8
0x96ae0a,0%,2,0,2,0,2,0,0
0xa551de,75%,2,6,8,6,2,0,0
0xa0028c,77.7778%,2,7,9,7,2,0,0
0xa55115,0%,2,0,2,0,2,0,0
0x9712a4,80%,2,8,10,4,1,1,4
0x9f7c50,84.6154%,2,11,13,0,0,2,11
0x9f5bb3,75%,2,6,8,3,1,1,3
0x9f9630,97.0588%,2,66,68,0,0,2,66
0x97111e,60%,2,3,5,0,0,2,3
0x966575,0%,2,0,2,0,2,0,0
0xa4ccbb,50%,2,2,4,0,0,2,2
0xa4cbe4,50%,2,2,4,2,2,0,0
0x833b53,0%,2,0,2,0,2,0,0
0x833b1c,97.6744%,2,84,86,84,0,2,0
0xa52d3f,99.449%,2,361,363,0,0,2,361
0x8df66d,0%,2,0,2,0,0,2,0
0x833884,0%,2,0,2,0,0,2,0
0x64a50f,0%,2,0,2,0,2,0,0
0x48fe60,80%,2,8,10,8,2,0,0
0x833824,50%,2,2,4,0,2,0,2
0x5fbfd6,0%,2,0,2,0,0,2,0
0x4b55b9,0%,2,0,2,0,0,2,0
0x5da0aa,50%,2,2,4,2,2,0,0
0x90664f,98.1818%,2,108,110,108,2,0,0
0xa36aeb,80%,2,8,10,0,0,2,8
0x8335d9,0%,2,0,2,0,0,2,0
0x5e3ad7,33.3333%,2,1,3,0,0,2,1
0x5e39e4,33.3333%,2,1,3,1,2,0,0
0x8ee8b8,33.3333%,2,1,3,0,0,2,1
0x54d524,66.6667%,2,4,6,0,0,2,4
0x94ef15,93.3333%,2,28,30,0,0,2,28
0xa4f7b0,88.8889%,2,16,18,0,2,0,16
0x9a3a89,0%,2,0,2,0,0,2,0
0x547b30,81.8182%,2,9,11,9,2,0,0
0x78d212,0%,2,0,2,0,0,2,0
0x4b55b0,0%,2,0,2,0,0,2,0
0x8a8e02,0%,2,0,2,0,0,2,0
0x820c62,0%,2,0,2,0,2,0,0
0x95cbda,0%,2,0,2,0,0,2,0
0x409eee,98.4375%,2,126,128,0,0,2,126
0x905f47,98.4375%,2,126,128,0,0,2,126
0xa5304d,80%,2,8,10,1,1,1,7
0x5fc48a,98.2759%,2,114,116,114,0,2,0
0x818d5b,98.8372%,2,170,172,0,0,2,170
0x4bedda,96.5517%,2,56,58,0,0,2,56
0x804761,0%,2,0,2,0,0,2,0
0xa4cf0e,85.7143%,2,12,14,0,0,2,12
0xa4cded,50%,2,2,4,2,2,0,0
0x5fbfec,0%,2,0,2,0,0,2,0
0x8045d2,88.2353%,2,15,17,0,0,2,15
0x8038d0,0%,2,0,2,0,2,0,0
0xa36d17,50%,2,2,4,2,0,2,0
0x8e9956,50%,2,2,4,2,2,0,0
0x8fd33e,75%,2,6,8,4,0,2,2
0x9fcafc,92%,2,23,25,0,0,2,23
0x649e40,0%,2,0,2,0,0,2,0
0x77cc70,87.5%,2,14,16,14,2,0,0
0x5ff0d2,0%,2,0,2,0,0,2,0
0xa938bb,98.8166%,2,167,169,0,0,2,167
0x7a3c73,98.4962%,2,131,133,131,2,0,0
0xa3d47e,75%,2,6,8,6,2,0,0
0x81460f,88.8889%,2,16,18,16,2,0,0
0x8f2bf9,98.0392%,2,100,102,100,2,0,0
0xa4a801,0%,2,0,2,0,0,2,0
0x4c81d3,90.9091%,2,20,22,4,0,2,16
0xa482d0,75%,2,6,8,0,0,2,6
0x50738f,81.8182%,2,9,11,0,0,2,9
0x78f6e5,93.1034%,2,27,29,27,2,0,0
0x5f9dc7,91.3043%,2,21,23,0,2,0,21
0xa37530,80%,2,8,10,8,2,0,0
0x809d04,0%,2,0,2,0,0,2,0
0x60a775,99.8435%,2,1276,1278,0,0,2,1276
0xaa7f67,33.3333%,2,1,3,0,0,2,1
0x90678c,98.3871%,2,122,124,0,0,2,122
0x9a168a,90%,2,18,20,18,2,0,0
0xa963b5,0%,2,0,2,0,0,2,0
0x9fc4dd,85.7143%,2,12,14,0,0,2,12
0x4c4c2a,84.6154%,2,11,13,0,0,2,11
0x78089e,0%,2,0,2,0,2,0,0
0x681595,98.6111%,2,142,144,142,2,0,0
0xa2e224,0%,2,0,2,0,0,2,0
0x8340c3,66.6667%,2,4,6,0,2,0,4
0x9fcec7,92%,2,23,25,23,2,0,0
0x5b9e33,75%,2,6,8,0,0,2,6
0x9049f3,98.9189%,2,183,185,0,0,2,183
0x8fd236,0%,2,0,2,0,0,2,0
0x49c23e,50%,2,2,4,2,2,0,0
0x402e1e,50%,2,2,4,2,2,0,0
0x402e16,50%,2,2,4,0,0,2,2
0x80e541,97.2603%,2,71,73,0,0,2,71
0x533ad3,77.7778%,2,7,9,0,0,2,7
0x819822,97.0588%,2,66,68,66,2,0,0
0x547b13,99.7976%,2,986,988,986,2,0,0
0x48736e,0%,2,0,2,0,0,2,0
0x6753c5,33.3333%,2,1,3,0,2,0,1
0x8df28b,91.6667%,2,22,24,15,1,1,7
0xa36010,99.3355%,2,299,301,0,0,2,299
0x67540f,33.3333%,2,1,3,1,2,0,0
0x8ee826,33.3333%,2,1,3,0,0,2,1
0x6823d4,94.1176%,2,32,34,32,2,0,0
0xaa57c8,0%,2,0,2,0,0,2,0
0x54463e,77.7778%,2,7,9,7,2,0,0
0xa53a22,0%,2,0,2,0,0,2,0
0xa41b76,99.7358%,2,755,757,755,2,0,0
0xa4e8ac,0%,2,0,2,0,0,2,0
0x8060ef,0%,2,0,2,0,2,0,0
0x533975,0%,2,0,2,0,0,2,0
0x9f4bec,98.8571%,2,173,175,0,0,2,173
0xa4e866,0%,2,0,2,0,0,2,0
0xa54137,84.6154%,2,11,13,9,2,0,2
0xa4d4c8,97.0149%,2,65,67,65,2,0,0
0x8e2539,0%,2,0,2,0,0,2,0
0xa5081c,50%,2,2,4,2,2,0,0
0x9ef39f,77.7778%,2,7,9,0,0,2,7
0x804142,96.6667%,2,58,60,58,2,0,0
0x838086,87.5%,2,14,16,14,2,0,0
0x837946,95.5556%,2,43,45,0,0,2,43
0x9ecdcc,90.4762%,2,19,21,0,0,2,19
0x99f737,84.6154%,2,11,13,0,0,2,11
0xa42ffb,50%,2,2,4,2,2,0,0
0x53936b,81.8182%,2,9,11,9,2,0,0
0x58e3b9,95%,2,38,40,0,0,2,38
0xa55b31,66.6667%,2,4,6,4,0,2,0
0x8ef52c,77.7778%,2,7,9,7,2,0,0
0x593537,0%,2,0,2,0,0,2,0
0x544b95,96.4912%,2,55,57,0,0,2,55
0x544b81,96.4912%,2,55,57,0,0,2,55
0xad438d,33.3333%,2,1,3,0,2,0,1
0x555b85,94.7368%,2,36,38,0,0,2,36
0x9190c8,0%,2,0,2,0,2,0,0
0xa4ffc6,89.4737%,2,17,19,0,0,2,17
0x670e69,0%,2,0,2,0,0,2,0
0x618613,0%,2,0,2,0,2,0,0
0x6722ed,0%,2,0,2,0,2,0,0
0x671b64,0%,2,0,2,0,0,2,0
0x67181a,0%,2,0,2,0,2,0,0
0x67177f,0%,2,0,2,0,0,2,0
0x673a78,0%,2,0,2,0,2,0,0
0x6737f5,0%,2,0,2,0,2,0,0
0x6711b6,0%,2,0,2,0,2,0,0
0x6710b0,0%,2,0,2,0,2,0,0
0x67246e,0%,2,0,2,0,1,1,0
0x670dc6,0%,2,0,2,0,2,0,0
0xa06392,0%,2,0,2,0,2,0,0
0x670d16,0%,2,0,2,0,2,0,0
0x8df8ac,50%,2,2,4,0,0,2,2
0x670abf,0%,2,0,2,0,0,2,0
0xa062f4,66.6667%,2,4,6,1,0,2,3
0x95962d,98.3871%,2,122,124,122,2,0,0
0x6d4b97,87.5%,2,14,16,0,0,2,14
0x80f6dd,97.2973%,2,72,74,0,0,2,72
0x5f37cb,60%,2,3,5,0,2,0,3
0x8038a3,0%,2,0,2,0,0,2,0
0x4b55c0,0%,2,0,2,0,0,2,0
0x838ba2,0%,2,0,2,0,0,2,0
0x838ad1,0%,2,0,2,0,0,2,0
0xa36465,98.4615%,2,128,130,128,2,0,0
0x7d1fe3,99.6396%,2,553,555,553,2,0,0
0x838aa8,66.6667%,2,4,6,3,0,2,1
0x835f77,0%,2,0,2,0,0,2,0
0xa486cf,99.1736%,2,240,242,0,0,2,240
0xaad2cf,33.3333%,2,1,3,1,2,0,0
0xa4ed6a,98.7654%,2,160,162,0,0,2,160
0x8eed5c,98.5714%,2,138,140,0,0,2,138
0x8df6b4,0%,2,0,2,0,0,2,0
0x9736cf,77.7778%,2,7,9,3,2,0,4
0xa53e00,98.7805%,2,162,164,0,0,2,162
0xa54549,0%,2,0,2,0,2,0,0
0x4a9801,50%,2,2,4,2,2,0,0
0xa4e7e4,98.7654%,2,160,162,0,0,2,160
0xa4d59f,98.75%,2,158,160,0,0,2,158
0x4bd1fe,0%,2,0,2,0,0,2,0
0x9913e7,88.2353%,2,15,17,0,0,2,15
0x8bd81d,90%,2,18,20,0,0,2,18
0x547f22,92.5926%,2,25,27,25,2,0,0
0xa92897,66.6667%,2,4,6,0,0,2,4
0x84370c,75%,2,6,8,0,0,2,6
0x40e430,50%,2,2,4,2,2,0,0
0x9f38bd,50%,2,2,4,0,0,2,2
0x809c75,0%,2,0,2,0,2,0,0
0x53f16b,50%,2,2,4,2,2,0,0
0x40e2a2,33.3333%,2,1,3,0,0,2,1
0x9ed749,94.7368%,2,36,38,0,2,0,36
0x48cda0,96.3636%,2,53,55,53,2,0,0
0x815250,66.6667%,2,4,6,0,0,2,4
0x5350a9,98%,2,98,100,0,0,2,98
0x8378ff,60%,2,3,5,0,0,2,3
0x5ebef2,85.7143%,2,12,14,0,0,2,12
0x80b9a6,0%,2,0,2,0,0,2,0
0xa2aa70,33.3333%,2,1,3,0,2,0,1
0xa90dfc,50%,2,2,4,0,0,2,2
0xa4a1c7,96.8254%,2,61,63,0,0,2,61
0xa50d22,97.7273%,2,86,88,0,0,2,86
0xa34884,99.6205%,2,525,527,0,0,2,525
0x9f068d,0%,2,0,2,0,2,0,0
0x4c09e3,98.0769%,2,102,104,102,2,0,0
0x9e7a2b,98.5816%,2,139,141,0,0,2,139
0x96e547,0%,2,0,2,0,1,1,0
0x5be45a,98.8235%,2,168,170,0,0,2,168
0x606c74,75%,2,6,8,6,2,0,0
0x70e926,0%,2,0,2,0,0,2,0
0xa5c2a3,97.2973%,2,72,74,0,2,0,72
0x543980,84.6154%,2,11,13,0,0,2,11
0x5f8cf7,97.7528%,2,87,89,0,0,2,87
0xa50d12,97.7273%,2,86,88,0,0,2,86
0x610f72,0%,2,0,2,0,0,2,0
0x51aec3,0%,2,0,2,0,0,2,0
0x8f368f,98.0198%,2,99,101,99,2,0,0
0x787bb3,60%,2,3,5,3,2,0,0
0xaa8165,60%,2,3,5,3,2,0,0
0x8a74da,99.2248%,2,256,258,256,2,0,0
0x70d726,33.3333%,2,1,3,0,0,2,1
0x80b7ce,94.4444%,2,34,36,0,2,0,34
0x50b152,50%,2,2,4,0,0,2,2
0x5c7559,33.3333%,2,1,3,1,2,0,0
0xa0a5e7,50%,2,2,4,0,0,2,2
0x8dfa20,60%,2,3,5,3,2,0,0
0xa0a592,0%,2,0,2,0,0,2,0
0xaaaa4f,97.561%,2,80,82,0,1,1,80
0x901652,99.7693%,2,865,867,865,2,0,0
0x9d1c10,88.2353%,2,15,17,0,1,1,15
0x61098d,84.6154%,2,11,13,0,0,2,11
0x7b80fe,77.7778%,2,7,9,0,2,0,7
0x508871,81.8182%,2,9,11,9,2,0,0
0x40bc42,50%,2,2,4,0,0,2,2
0x61a39d,60%,2,3,5,0,0,2,3
0x4b836f,77.7778%,2,7,9,0,1,1,7
0x54d092,33.3333%,2,1,3,0,0,2,1
0x4a590e,96.3636%,2,53,55,0,0,2,53
0x505b31,81.8182%,2,9,11,9,2,0,0
0x97519a,60%,2,3,5,0,0,2,3
0x919f87,99.7919%,2,959,961,0,0,2,959
0x5baa0c,94.1176%,2,32,34,32,2,0,0
0x816a84,84.6154%,2,11,13,11,2,0,0
0xa325a4,50%,2,2,4,0,0,2,2
0x503214,0%,2,0,2,0,0,2,0
0xa2ddfc,94.4444%,2,34,36,19,0,2,15
0xa961d8,0%,2,0,2,0,0,2,0
0x8e1cc4,50%,2,2,4,2,2,0,0
0xace132,0%,2,0,2,0,0,2,0
0x977b7c,71.4286%,2,5,7,0,0,2,5
0xa2b343,0%,2,0,2,0,0,2,0
0x5414c4,75%,2,6,8,6,2,0,0
0xb2ee47,96.2264%,2,51,53,0,0,2,51
0x9d030a,99.5261%,2,420,422,0,0,2,420
0x90d4ae,99.3377%,2,300,302,0,0,2,300
0xa50da6,50%,2,2,4,0,0,2,2
0x8a61ad,98.7013%,2,152,154,0,0,2,152
0x50b41e,50%,2,2,4,2,2,0,0
0x95b342,50%,2,2,4,0,0,2,2
0x5f94c9,87.5%,2,14,16,11,2,0,3
0x50b2b6,50%,2,2,4,2,2,0,0
0x906bed,98.9796%,2,194,196,0,0,2,194
0x5bb3a5,0%,2,0,2,0,0,2,0
0x49e134,98.7879%,2,163,165,163,2,0,0
0x81e083,0%,2,0,2,0,0,2,0
0xa42918,99.7961%,2,979,981,0,0,2,979
0xa9d23a,50%,2,2,4,2,2,0,0
0xa41675,92%,2,23,25,23,2,0,0
0x4ba956,93.5484%,2,29,31,29,2,0,0
0x8ec4dc,0%,2,0,2,0,0,2,0
0x81edc8,99.1935%,2,246,248,246,2,0,0
0x4913cf,98.7421%,2,157,159,0,0,2,157
0x5fad9d,95.8333%,2,46,48,0,0,2,46
0x8ec4ed,0%,2,0,2,0,0,2,0
0x4a856e,95.5556%,2,43,45,0,0,2,43
0x9042fa,85.7143%,2,12,14,0,0,2,12
0x5bc3be,91.3043%,2,21,23,0,0,2,21
0x5ff656,98.0198%,2,99,101,0,0,2,99
0x5ff98e,98.913%,2,182,184,0,0,2,182
0x8ec809,0%,2,0,2,0,1,1,0
0x6752d5,33.3333%,2,1,3,0,0,2,1
0x8ffdf0,75%,2,6,8,0,2,0,6
0x8ffdc7,75%,2,6,8,0,0,2,6
0xaad2c4,33.3333%,2,1,3,1,2,0,0
0xa36a19,33.3333%,2,1,3,0,0,2,1
0xab368f,88.8889%,2,16,18,0,0,2,16
0xa51fc6,0%,2,0,2,0,0,2,0
0x9fe9e7,33.3333%,2,1,3,0,0,2,1
0x80401a,33.3333%,2,1,3,1,2,0,0
0x5fb892,96.3636%,2,53,55,0,0,2,53
0x8fd2dd,0%,2,0,2,0,2,0,0
0x9fe71a,95%,2,38,40,0,0,2,38
0x649e13,0%,2,0,2,0,0,2,0
0x53e85c,50%,2,2,4,0,0,2,2
0x5fb841,96.3636%,2,53,55,0,0,2,53
0x9fe4e7,33.3333%,2,1,3,1,2,0,0
0x4b6eac,87.5%,2,14,16,14,2,0,0
0x9fe469,33.3333%,2,1,3,0,0,2,1
0x8e4b60,98.8764%,2,176,178,0,0,2,176
0x5f099f,99.3243%,2,294,296,0,0,2,294
0x9fe567,98.5075%,2,132,134,0,0,2,132
0xa41a24,99.7961%,2,979,981,0,0,2,979
0x8ffeeb,80%,2,8,10,4,0,2,4
0x9e7dcc,91.6667%,2,22,24,0,0,2,22
0x9e7d88,91.6667%,2,22,24,22,2,0,0
0x9e7d7b,91.6667%,2,22,24,0,0,2,22
0x9e7d35,91.6667%,2,22,24,0,0,2,22
0x5904ba,0%,2,0,2,0,0,2,0
0x5440ad,81.8182%,2,9,11,0,2,0,9
0xa53a67,0%,2,0,2,0,2,0,0
0x502e1b,33.3333%,2,1,3,1,2,0,0
0x80fb9e,97.1429%,2,68,70,68,2,0,0
0x96b6c4,96%,2,48,50,9,2,0,39
0x9e3db4,81.8182%,2,9,11,9,2,0,0
0x50bde2,88.8889%,2,16,18,16,2,0,0
0x81628f,0%,2,0,2,0,0,2,0
0x5f7f10,75%,2,6,8,6,2,0,0
0xb1c39f,98.0392%,2,100,102,0,0,2,100
0x540fde,75%,2,6,8,0,0,2,6
0x815b01,95.122%,2,39,41,0,0,2,39
0x5f61c5,0%,2,0,2,0,2,0,0
0x8061b8,0%,2,0,2,0,0,2,0
0x9012ad,33.3333%,2,1,3,1,1,1,0
0x902288,0%,2,0,2,0,2,0,0
0x5f8249,98.6667%,2,148,150,145,1,1,3
0x5fe614,87.5%,2,14,16,14,2,0,0
0x619d20,90%,2,18,20,0,0,2,18
0x5fe31d,87.5%,2,14,16,0,0,2,14
0x8f2f54,0%,2,0,2,0,2,0,0
0x5fec02,96.7742%,2,60,62,60,2,0,0
0x9f3421,50%,2,2,4,2,2,0,0
0x5fd55f,75%,2,6,8,0,0,2,6
0x9e1525,93.1034%,2,27,29,27,0,2,0
0x5fe13c,99.1342%,2,229,231,0,0,2,229
0x50ce44,96.1538%,2,50,52,0,0,2,50
0x61083a,84.6154%,2,11,13,0,0,2,11
0x8daa5b,99%,2,198,200,0,0,2,198
0x61f35b,80%,2,8,10,0,0,2,8
0x4c0781,97.6744%,2,84,86,84,2,0,0
0x677621,0%,2,0,2,0,2,0,0
0x9e8247,0%,2,0,2,0,2,0,0
0x679feb,99.8885%,2,1792,1794,0,0,2,1792
0x5f394c,71.4286%,2,5,7,3,0,2,2
0x4900b8,80%,2,8,10,8,0,2,0
0xa06e25,94.7368%,2,36,38,0,0,2,36
0x4a9b24,0%,2,0,2,0,0,2,0
0x4c45a3,88.2353%,2,15,17,5,2,0,10
0x7cd1ae,83.3333%,2,10,12,4,0,2,6
0xa47e72,94.2857%,2,33,35,33,2,0,0
0x80b980,0%,2,0,2,0,0,2,0
0x8f4022,96.7213%,2,59,61,0,0,2,59
0x511dc3,99.4792%,2,382,384,0,0,2,382
0xb3042e,60%,2,3,5,0,0,2,3
0x5f5afe,0%,2,0,2,0,2,0,0
0xa446f1,96.1538%,2,50,52,0,0,2,50
0x8df0ee,91.6667%,2,22,24,0,0,2,22
0x485b39,99.4609%,2,369,371,0,0,2,369
0x8eb8d1,99.5893%,2,485,487,485,2,0,0
0x610776,84.6154%,2,11,13,0,0,2,11
0x8ff58f,0%,2,0,2,0,1,1,0
0xa5c615,88.8889%,2,16,18,6,2,0,10
0x81ffad,99.3808%,2,321,323,0,0,2,321
0x9f999a,90.9091%,2,20,22,20,2,0,0
0x943a2f,0%,2,0,2,0,0,2,0
0x90fc47,99.8051%,2,1024,1026,0,0,2,1024
0x9ecb59,60%,2,3,5,3,2,0,0
0xa3d0e3,75%,2,6,8,0,0,2,6
0x4905c3,33.3333%,2,1,3,0,0,2,1
0x9439a5,50%,2,2,4,0,2,0,2
0xb497bc,60%,2,3,5,0,0,2,3
0xa48061,88.8889%,2,16,18,16,2,0,0
0x70e883,66.6667%,2,4,6,4,2,0,0
0x4b7e28,81.8182%,2,9,11,9,2,0,0
0x99f123,83.3333%,2,10,12,0,1,1,10
0xa478b4,90.9091%,2,20,22,0,0,2,20
0x80ae23,0%,2,0,2,0,0,2,0
0x4b7aea,81.8182%,2,9,11,7,2,0,2
0x4b7327,81.8182%,2,9,11,9,2,0,0
0x64ad61,99.9905%,2,21033,21035,21033,2,0,0
0x9e1a7b,87.5%,2,14,16,5,1,1,9
0x943a61,50%,2,2,4,0,0,2,2
0x446549,99.6593%,2,585,587,0,0,2,585
0xa4dfe7,50%,2,2,4,1,1,1,1
0x4beff0,97.6744%,2,84,86,0,0,2,84
0x7b640d,94.5946%,2,35,37,0,0,2,35
0x59f572,50%,2,2,4,2,0,2,0
0x9fc5a4,85.7143%,2,12,14,0,0,2,12
0xa3abd2,85.7143%,2,12,14,12,2,0,0
0x7b63c8,95.5556%,2,43,45,0,0,2,43
0x9e1616,92.5926%,2,25,27,25,2,0,0
0x7b0551,50%,2,2,4,0,1,1,2
0xa63cdd,0%,2,0,2,0,0,2,0
0x4bfd46,97.6744%,2,84,86,0,0,2,84
0x409289,0%,2,0,2,0,2,0,0
0x8c9082,0%,2,0,2,0,2,0,0
0x4beee5,92%,2,23,25,0,0,2,23
0x88df1d,0%,2,0,2,0,2,0,0
0x544302,96.4912%,2,55,57,0,0,2,55
0x4b3973,50%,2,2,4,2,2,0,0
0x4b509e,96.5517%,2,56,58,56,0,2,0
0xa9f366,33.3333%,2,1,3,0,0,2,1
0x8df3d9,91.6667%,2,22,24,22,2,0,0
0x50bd1b,0%,2,0,2,0,2,0,0
0x64750e,90.4762%,2,19,21,0,1,1,19
0x8d24d0,95.2381%,2,40,42,0,0,2,40
0xa074cd,95.6522%,2,44,46,0,0,2,44
0xa34864,99.6205%,2,525,527,0,0,2,525
0x812099,0%,2,0,2,0,2,0,0
0x9eca34,98.6842%,2,150,152,148,0,2,2
0x8a6a60,33.3333%,2,1,3,1,2,0,0
0x60bacb,88.8889%,2,16,18,16,1,1,0
0x8feeca,99.4832%,2,385,387,0,0,2,385
0x813bbe,90.4762%,2,19,21,0,0,2,19
0x8bb2e0,0%,2,0,2,0,0,2,0
0x5a5e07,50%,2,2,4,0,2,0,2
0xa474c2,95.2381%,2,40,42,0,0,2,40
0x9f3eaa,98.7421%,2,157,159,0,0,2,157
0x50dad0,50%,2,2,4,0,0,2,2
0x4b5f7b,50%,2,2,4,0,0,2,2
0x4022f2,96.3636%,2,53,55,0,1,1,53
0x4b6dde,92.8571%,2,26,28,26,2,0,0
0x8d2ef3,0%,2,0,2,0,0,2,0
0x9fc6b9,83.3333%,2,10,12,0,2,0,10
0x9488dd,90.9091%,2,20,22,0,0,2,20
0x504435,88.8889%,2,16,18,16,2,0,0
0x78a600,0%,2,0,2,0,2,0,0
0x4c5c52,75%,2,6,8,0,0,2,6
0xa310b2,98.9691%,2,192,194,0,0,2,192
0x4c8151,90.9091%,2,20,22,20,2,0,0
0xa2f3be,50%,2,2,4,0,2,0,2
0x8f48bd,99.8554%,2,1381,1383,1381,2,0,0
0x4c805d,90.9091%,2,20,22,0,0,2,20
0x9812d5,97.3333%,2,73,75,60,2,0,13
0x9ff72c,0%,2,0,2,0,2,0,0
0x54469a,0%,2,0,2,0,0,2,0
0x59c5f2,50%,2,2,4,0,0,2,2
0x54d91a,87.5%,2,14,16,0,0,2,14
0x554f98,96.3636%,2,53,55,0,0,2,53
0xa2eeb6,94.2857%,2,33,35,0,0,2,33
0xa5672b,75%,2,6,8,6,0,2,0
0x5af294,99.7126%,2,694,696,694,2,0,0
0x819e7c,97.8022%,2,89,91,89,2,0,0
0x4b9c51,97.1831%,2,69,71,69,0,2,0
0x4c448f,90%,2,18,20,0,2,0,18
0x5b2b94,0%,2,0,2,0,2,0,0
0x7d3ea2,33.3333%,2,1,3,0,0,2,1
0x81f48a,50%,2,2,4,0,0,2,2
0x811938,91.6667%,2,22,24,21,0,2,1
0x5f0b33,0%,2,0,2,0,0,2,0
0xa63af4,50%,2,2,4,2,2,0,0
0xa4a7c3,0%,2,0,2,0,2,0,0
0x5a0745,0%,2,0,2,0,2,0,0
0x80b734,33.3333%,2,1,3,0,2,0,1
0x641021,0%,2,0,2,0,2,0,0
0xa2e763,98.5075%,2,132,134,132,2,0,0
0x793096,80%,2,8,10,0,2,0,8
0x8e1631,93.75%,2,30,32,0,0,2,30
0x670904,90%,2,18,20,18,2,0,0
0x5f0bb9,0%,2,0,2,0,0,2,0
0xa313c1,97.6471%,2,83,85,0,0,2,83
0x5f0bc2,0%,2,0,2,0,0,2,0
0x4b9f59,98.1651%,2,107,109,0,0,2,107
0x7aee68,66.6667%,2,4,6,0,0,2,4
0x917781,98.9362%,2,186,188,186,2,0,0
0xa47f0f,83.3333%,2,10,12,10,2,0,0
0x49c6da,66.6667%,2,4,6,0,2,0,4
0xa45d62,50%,2,2,4,0,0,2,2
0x4b8683,81.8182%,2,9,11,0,0,2,9
0xaada59,99.2157%,2,253,255,0,0,2,253
0x547c79,98.7013%,2,152,154,0,0,2,152
0x4b3876,90%,2,18,20,0,0,2,18
0x4c073e,97.6744%,2,84,86,84,2,0,0
0xa47837,50%,2,2,4,0,0,2,2
0xa4800c,33.3333%,2,1,3,1,2,0,0
0xa9d1d5,96.9697%,2,64,66,0,0,2,64
0x7cdf2a,99.7475%,2,790,792,790,2,0,0
0xa95dab,87.5%,2,14,16,14,2,0,0
0x81ea1d,97.3684%,2,74,76,0,0,2,74
0x5f0bcf,0%,2,0,2,0,0,2,0
0x8089b4,77.7778%,2,7,9,0,0,2,7
0x4b8258,81.8182%,2,9,11,9,2,0,0
0x8065e1,85.7143%,2,12,14,0,0,2,12
0x4022a1,92.3077%,2,24,26,24,2,0,0
0x4b8061,81.8182%,2,9,11,0,0,2,9
0x6485e0,96.4286%,2,54,56,54,2,0,0
0x944ab1,99.0991%,2,220,222,0,0,2,220
0x4c5ee3,95.3488%,2,41,43,0,2,0,41
0x7b00db,75%,2,6,8,0,0,2,6
0x534999,77.7778%,2,7,9,0,0,2,7
0x8fbfdf,99.7294%,2,737,739,737,2,0,0
0x505a75,50%,2,2,4,0,0,2,2
0x4bbd35,96.4286%,2,54,56,0,0,2,54
0x4b9526,0%,2,0,2,0,2,0,0
0x59c2cd,99.0654%,2,212,214,212,2,0,0
0x4bf6fc,93.1034%,2,27,29,0,0,2,27
0x50b9e3,50%,2,2,4,2,0,2,0
0xa0672d,0%,2,0,2,0,2,0,0
0xa2d698,99.2933%,2,281,283,0,0,2,281
0x4c203e,98.0769%,2,102,104,0,0,2,102
0x8fd207,75%,2,6,8,0,2,0,6
0xa33990,99.639%,2,552,554,0,0,2,552
0x4b87ff,75%,2,6,8,6,2,0,0
0x4be36c,81.8182%,2,9,11,9,2,0,0
0x8e0c8a,98.2143%,2,110,112,110,2,0,0
0x7ce37b,99.5134%,2,409,411,409,2,0,0
0xad4352,33.3333%,2,1,3,0,0,2,1
0x5f4e03,0%,2,0,2,0,2,0,0
0x973805,94.7368%,2,36,38,0,0,2,36
0xa51ce0,83.3333%,2,10,12,0,0,2,10
0xa30b21,99.8815%,2,1686,1688,0,0,2,1686
0x78f640,85.7143%,2,12,14,0,0,2,12
0xa5182e,95%,2,38,40,38,2,0,0
0xa2a8bb,97.0588%,2,66,68,0,2,0,66
0x50fe3e,0%,2,0,2,0,0,2,0
0x9ea26c,0%,2,0,2,0,0,2,0
0x5f93f7,33.3333%,2,1,3,1,2,0,0
0x55724c,88.8889%,2,16,18,6,0,2,10
0x53e3e0,0%,2,0,2,0,1,1,0
0xa054ae,90.4762%,2,19,21,19,2,0,0
0x503557,0%,2,0,2,0,0,2,0
0x5034dc,0%,2,0,2,0,0,2,0
0xa521bc,97.4026%,2,75,77,0,0,2,75
0x5034b2,0%,2,0,2,0,0,2,0
0x9d3162,33.3333%,2,1,3,0,0,2,1
0x942bf6,97.3333%,2,73,75,0,0,2,73
0xa1595e,80%,2,8,10,0,0,2,8
0xb1c3db,97.561%,2,80,82,0,0,2,80
0xa3443f,95.9184%,2,47,49,0,0,2,47
0x618893,97.5309%,2,79,81,0,0,2,79
0x507817,88.8889%,2,16,18,16,2,0,0
0xa2d410,50%,2,2,4,0,2,0,2
0x5f6338,0%,2,0,2,0,2,0,0
0x4b4727,50%,2,2,4,0,0,2,2
0x6402e6,99.929%,2,2816,2818,2816,2,0,0
0x556f54,96.3636%,2,53,55,0,0,2,53
0xa91840,85.7143%,2,12,14,0,0,2,12
0x8162ce,95.5556%,2,43,45,0,0,2,43
0x98506a,83.3333%,2,10,12,4,0,2,6
0x9b8f71,0%,2,0,2,0,0,2,0
0x7cfa25,93.9394%,2,31,33,22,1,1,9
0xb34603,99.1111%,2,223,225,0,0,2,223
0x40e1dc,97.2973%,2,72,74,0,0,2,72
0x8eecce,81.8182%,2,9,11,1,1,1,8
0xa5283c,98.9362%,2,186,188,0,0,2,186
0xa567c7,75%,2,6,8,2,0,2,4
0x5338a1,88.8889%,2,16,18,0,0,2,16
0x5f3d27,50%,2,2,4,2,2,0,0
0xa50d2d,97.7273%,2,86,88,0,0,2,86
0x4946d3,0%,2,0,2,0,2,0,0
0x837f38,50%,2,2,4,2,2,0,0
0x837534,50%,2,2,4,2,2,0,0
0x53380d,71.4286%,2,5,7,0,0,2,5
0x81f3e3,99.5902%,2,486,488,0,0,2,486
0x4903cf,33.3333%,2,1,3,0,0,2,1
0xa50b41,89.4737%,2,17,19,0,0,2,17
0x5ff4e7,50%,2,2,4,0,0,2,2
0x789f3b,75%,2,6,8,2,2,0,4
0x49bd3e,0%,2,0,2,0,0,2,0
0xa966b4,75%,2,6,8,6,2,0,0
0xa5570c,97.5904%,2,81,83,81,2,0,0
0x8f6dfb,90.9091%,2,20,22,0,0,2,20
0x4ba5c6,50%,2,2,4,0,2,0,2
0x533c3d,77.7778%,2,7,9,0,0,2,7
0x789cbf,83.3333%,2,10,12,4,2,0,6
0xa500b9,97.5309%,2,79,81,5,1,1,74
0x675493,0%,2,0,2,0,1,1,0
0x7ac162,90.4762%,2,19,21,15,0,2,4
0x50ef3f,89.4737%,2,17,19,10,1,1,7
0x9fb74e,99.3464%,2,304,306,0,0,2,304
0x50ee60,95.4545%,2,42,44,0,0,2,42
0xa63dc7,0%,2,0,2,0,2,0,0
0x50337f,94.5946%,2,35,37,35,2,0,0
0x503364,95.122%,2,39,41,0,2,0,39
0x8bc99d,96.1538%,2,50,52,0,0,2,50
0xa23840,0%,2,0,2,0,0,2,0
0x78a6b4,80%,2,8,10,0,0,2,8
0x83a938,33.3333%,2,1,3,1,2,0,0
0x5cb0d7,99.7552%,2,815,817,815,2,0,0
0xa50fb8,66.6667%,2,4,6,0,0,2,4
0x81192f,91.6667%,2,22,24,0,0,2,22
0xa91778,94.1176%,2,32,34,0,2,0,32
0x90f7fa,0%,2,0,2,0,0,2,0
0x533e53,0%,2,0,2,0,0,2,0
0x533dbd,0%,2,0,2,0,0,2,0
0x8e3991,95.8333%,2,46,48,6,2,0,40
0x557d8b,83.3333%,2,10,12,10,2,0,0
0x4b7f26,0%,2,0,2,0,2,0,0
0x787c01,66.6667%,2,4,6,4,2,0,0
0x816f67,0%,2,0,2,0,0,2,0
0xa35dbf,99.5536%,2,446,448,0,0,2,446
0x9fe56b,98.5075%,2,132,134,0,0,2,132
0x8a243e,0%,2,0,2,0,2,0,0
0x78b674,83.3333%,2,10,12,0,0,2,10
0xa48abc,98.8024%,2,165,167,0,0,2,165
0xa3baeb,98.8506%,2,172,174,172,2,0,0
0x5510e2,0%,2,0,2,0,2,0,0
0x4b513b,98.4375%,2,126,128,0,0,2,126
0x7e2129,92.5926%,2,25,27,25,0,2,0
0x9ed9b4,98.4127%,2,124,126,0,0,2,124
0x666c41,0%,2,0,2,0,0,2,0
0x55601c,33.3333%,2,1,3,1,2,0,0
0x9e1530,0%,2,0,2,0,0,2,0
0x47ffb6,89.4737%,2,17,19,0,0,2,17
0x9a62b0,98.5401%,2,135,137,135,2,0,0
0x8aadb9,60%,2,3,5,3,2,0,0
0xa8540b,60%,2,3,5,0,0,2,3
0x9f5bc7,50%,2,2,4,0,0,2,2
0x6715f0,0%,2,0,2,0,2,0,0
0x548a14,83.3333%,2,10,12,5,1,1,5
0xa583db,98.374%,2,121,123,0,0,2,121
0xaa581c,99.7992%,2,994,996,0,0,2,994
0x4c0faa,91.6667%,2,22,24,22,2,0,0
0xa26bb8,66.6667%,2,4,6,1,1,1,3
0xa35a06,93.75%,2,30,32,30,2,0,0
0x4bf72e,92.8571%,2,26,28,2,2,0,24
0xaae6e0,95.7447%,2,45,47,45,2,0,0
0x9e5e6b,88.2353%,2,15,17,15,2,0,0
0xa48e78,93.9394%,2,31,33,31,2,0,0
0xa41a93,99.9307%,2,2885,2887,2885,2,0,0
0x80b0f0,0%,2,0,2,0,0,2,0
0x94445b,0%,2,0,2,0,0,2,0
0x80fae4,97.6744%,2,84,86,84,2,0,0
0x4b6702,81.8182%,2,9,11,0,0,2,9
0x4c98ac,75%,2,6,8,6,0,2,0
0x959382,50%,2,2,4,0,0,2,2
0x5f32e9,0%,2,0,2,0,2,0,0
0x78a6ab,80%,2,8,10,0,0,2,8
0x40bc8e,99.7423%,2,774,776,0,1,1,774
0x4b4c85,0%,2,0,2,0,0,2,0
0x610f12,0%,2,0,2,0,0,2,0
0xa57101,83.3333%,2,10,12,0,1,1,10
0x677550,97.9381%,2,95,97,95,2,0,0
0x4872de,99.8252%,2,1142,1144,0,0,2,1142
0xa06341,0%,2,0,2,0,2,0,0
0x8f61de,83.3333%,2,10,12,10,2,0,0
0x4ba47e,97.6471%,2,83,85,0,0,2,83
0x4b4ca2,0%,2,0,2,0,0,2,0
0x4ba486,99.3902%,2,326,328,0,0,2,326
0x4ba31b,99.3902%,2,326,328,0,2,0,326
0x504db8,94.7368%,2,36,38,36,2,0,0
0x807f6e,97.1014%,2,67,69,0,0,2,67
0x4ba6bd,99.4152%,2,340,342,0,0,2,340
0x98b308,75%,2,6,8,0,0,2,6
0xa3bb3f,88.8889%,2,16,18,16,2,0,0
0x48e9d8,99.7587%,2,827,829,0,0,2,827
0x811462,0%,2,0,2,0,0,2,0
0x80af6e,0%,2,0,2,0,2,0,0
0xa471e8,98.8024%,2,165,167,165,2,0,0
0x9d3154,33.3333%,2,1,3,0,0,2,1
0x96a11c,0%,2,0,2,0,0,2,0
0x94446d,0%,2,0,2,0,2,0,0
0xa46df4,99.2218%,2,255,257,0,0,2,255
0xa47305,95.2381%,2,40,42,0,0,2,40
0xa39abf,88.8889%,2,16,18,16,2,0,0
0xa467f5,99.3902%,2,326,328,0,0,2,326
0x9593b4,98.3871%,2,122,124,122,2,0,0
0x4c52b4,91.6667%,2,22,24,0,0,2,22
0x4bbace,99.0196%,2,202,204,202,1,1,0
0x4bcc17,98.1308%,2,105,107,0,0,2,105
0x943d6b,80%,2,8,10,0,2,0,8
0x906a06,97.4684%,2,77,79,0,0,2,77
0x44154e,81.8182%,2,9,11,0,0,2,9
0x61dc4f,90%,2,18,20,0,0,2,18
0xa34e98,98.6486%,2,146,148,0,0,2,146
0xa4588c,95.122%,2,39,41,0,0,2,39
0x55de0d,0%,2,0,2,0,0,2,0
0x838b1a,66.6667%,2,4,6,0,0,2,4
0xa4a811,0%,2,0,2,0,2,0,0
0xb2c904,99.422%,2,344,346,0,0,2,344
0x5b1826,97.2973%,2,72,74,72,2,0,0
0xa372e3,80%,2,8,10,0,2,0,8
0x5542b9,0%,2,0,2,0,0,2,0
0xb6a0f3,60%,2,3,5,0,0,2,3
0x803d40,0%,2,0,2,0,0,2,0
0x808bcc,99.2278%,2,257,259,0,0,2,257
0x7d412d,87.5%,2,14,16,4,0,2,10
0x8ad6a0,0%,2,0,2,0,0,2,0
0xaccdf6,33.3333%,2,1,3,1,1,1,0
0x6663dd,0%,2,0,2,0,0,2,0
0x489958,75%,2,6,8,6,2,0,0
0x54c697,97.7528%,2,87,89,0,0,2,87
0x8a6dbd,0%,2,0,2,0,2,0,0
0xa5ebd4,99.3103%,2,288,290,0,0,2,288
0xa97e6c,0%,2,0,2,0,0,2,0
0x64c583,92%,2,23,25,23,2,0,0
0x807074,99.4898%,2,390,392,0,0,2,390
0x63ede9,99.8923%,2,1855,1857,0,0,2,1855
0x8f6a6d,86.6667%,2,13,15,13,2,0,0
0x8161a1,77.7778%,2,7,9,7,0,2,0
0xa953d3,50%,2,2,4,0,0,2,2
0xad0537,0%,2,0,2,0,0,2,0
0x9d25cf,0%,2,0,2,0,0,2,0
0x8e24e3,98.1818%,2,108,110,0,0,2,108
0x9e6063,88.8889%,2,16,18,16,2,0,0
0x8ebd4f,0%,2,0,2,0,2,0,0
0xa99853,60%,2,3,5,3,2,0,0
0x804f15,0%,2,0,2,0,2,0,0
0xa21110,50%,2,2,4,2,2,0,0
0x7dfc8b,75%,2,6,8,0,0,2,6
0x8bdc06,60%,2,3,5,3,2,0,0
0x506272,99.6909%,2,645,647,0,0,2,645
0xa05ed2,71.4286%,2,5,7,0,1,1,5
0x9f07b7,71.4286%,2,5,7,3,0,2,2
0x906b05,99.4413%,2,356,358,356,2,0,0
0x6923ad,90.9091%,2,20,22,0,0,2,20
0x99f777,84.6154%,2,11,13,11,2,0,0
0xa05e6c,66.6667%,2,4,6,4,2,0,0
0xa061bb,93.1034%,2,27,29,27,2,0,0
0x78151c,99.7046%,2,675,677,0,0,2,675
0xa01767,95%,2,38,40,0,0,2,38
0x7bba05,75%,2,6,8,6,2,0,0
0x509060,60%,2,3,5,0,0,2,3
0x8eca3a,97.1429%,2,68,70,0,0,2,68
0xa027a7,99.8452%,2,1290,1292,0,0,2,1290
0x494b4c,0%,2,0,2,0,2,0,0
0x4b5718,0%,2,0,2,0,2,0,0
0x8a887a,0%,2,0,2,0,2,0,0
0x666d13,66.6667%,2,4,6,0,0,2,4
0x838af7,66.6667%,2,4,6,1,0,2,3
0x8a6d75,0%,2,0,2,0,2,0,0
0xa985fa,0%,2,0,2,0,2,0,0
0x8a743a,99.2218%,2,255,257,0,0,2,255
0x99ec1a,0%,2,0,2,0,2,0,0
0x4c076c,97.6744%,2,84,86,0,0,2,84
0x8a677a,60%,2,3,5,2,1,1,1
0xa57386,95.122%,2,39,41,0,0,2,39
0x811b02,0%,2,0,2,0,0,2,0
0x8f45e3,83.3333%,2,10,12,0,0,2,10
0xa5740e,33.3333%,2,1,3,1,2,0,0
0x9ff7a1,0%,2,0,2,0,0,2,0
0xa56e34,0%,2,0,2,0,0,2,0
0xa04120,33.3333%,2,1,3,0,1,1,1
0x5962e7,89.4737%,2,17,19,0,0,2,17
0x816b77,99.8502%,2,1333,1335,1332,2,0,1
0x9fc0fd,99.3464%,2,304,306,0,0,2,304
0x821802,99.6575%,2,582,584,0,0,2,582
0x8c8090,99.9011%,2,2021,2023,2021,2,0,0
0x481b6c,89.4737%,2,17,19,17,2,0,0
0x8da9c7,99.0099%,2,200,202,0,2,0,200
0xb32392,99.7936%,2,967,969,0,0,2,967
0xa51f63,50%,2,2,4,1,1,1,1
0x99134d,97.8022%,2,89,91,0,0,2,89
0x66f384,0%,2,0,2,0,2,0,0
0xa9c96b,95.4545%,2,42,44,6,2,0,36
0x64bf93,98.8304%,2,169,171,0,0,2,169
0x8f2139,94.8718%,2,37,39,0,0,2,37
0x5073b0,81.8182%,2,9,11,0,0,2,9
0x9082c9,99.7076%,2,682,684,0,0,2,682
0x5bd11e,95.4545%,2,42,44,0,0,2,42
0x9e2ce1,84.6154%,2,11,13,0,0,2,11
0x90ae61,98.3193%,2,117,119,0,0,2,117
0x554441,50%,2,2,4,2,2,0,0
0x4b84fd,33.3333%,2,1,3,0,0,2,1
0x492bb3,0%,2,0,2,0,2,0,0
0x5f325e,60%,2,3,5,0,0,2,3
0x8bd845,90%,2,18,20,0,0,2,18
0x95b89c,50%,2,2,4,0,0,2,2
0x5b9ef9,0%,2,0,2,0,2,0,0
0x5c4bcc,99.8907%,2,1827,1829,0,0,2,1827
0x9ebeee,96.7213%,2,59,61,0,0,2,59
0x7acd8a,0%,2,0,2,0,2,0,0
0xa37a97,71.4286%,2,5,7,5,2,0,0
0x9e3d6c,98.8506%,2,172,174,172,2,0,0
0x5db599,50%,2,2,4,0,0,2,2
0x4a9bd7,80%,2,8,10,0,0,2,8
0xa21d5c,0%,2,0,2,0,1,1,0
0x67200a,0%,2,0,2,0,2,0,0
0x7ce7c3,83.3333%,2,10,12,10,2,0,0
0x8aba6a,0%,2,0,2,0,2,0,0
0xa21cae,0%,2,0,2,0,2,0,0
0xa1b492,60%,2,3,5,0,1,1,3
0xa1b4be,60%,2,3,5,3,2,0,0
0xa04ac1,0%,2,0,2,0,2,0,0
0xa1d776,0%,2,0,2,0,2,0,0
0xa1d757,0%,2,0,2,0,2,0,0
0x49971f,97.2973%,2,72,74,0,0,2,72
0x545579,99.2883%,2,279,281,0,2,0,279
0x9ea2b5,97.2222%,2,70,72,70,2,0,0
0x48283a,0%,2,0,2,0,2,0,0
0x590739,33.3333%,2,1,3,0,0,2,1
0xa8e4bd,66.6667%,2,4,6,1,1,1,3
0x8ef5d3,98.5185%,2,133,135,0,0,2,133
0xa49a85,50%,2,2,4,2,2,0,0
0x50aeff,66.6667%,2,4,6,3,1,1,1
0x5b0574,0%,2,0,2,0,2,0,0
0xa96279,50%,2,2,4,0,0,2,2
0xa1d71f,66.6667%,2,4,6,0,2,0,4
0x9ea489,97.2222%,2,70,72,0,0,2,70
0x9190da,0%,2,0,2,0,2,0,0
0x6498c0,0%,2,0,2,0,2,0,0
0x9988f2,0%,2,0,2,0,2,0,0
0x9ff5f5,91.6667%,2,22,24,0,2,0,22
0x59e972,75%,2,6,8,6,2,0,0
0x9ea678,98.8095%,2,166,168,0,0,2,166
0x55623a,0%,2,0,2,0,2,0,0
0x8a5ee0,98.5612%,2,137,139,0,0,2,137
0x97a480,85.7143%,2,12,14,0,0,2,12
0x5af6f8,77.7778%,2,7,9,7,2,0,0
0x9745b6,0%,2,0,2,0,0,2,0
0x9d1c2a,33.3333%,2,1,3,0,2,0,1
0x9eaa7f,0%,2,0,2,0,0,2,0
0x94b16b,99.0338%,2,205,207,0,0,2,205
0x9eaa84,0%,2,0,2,0,2,0,0
0x40b4e7,0%,2,0,2,0,2,0,0
0x97ab1d,88.8889%,2,16,18,0,0,2,16
0xa552ab,99.2453%,2,263,265,263,2,0,0
0xa06864,0%,2,0,2,0,2,0,0
0x59f5d6,50%,2,2,4,0,2,0,2
0xa4feda,50%,2,2,4,0,0,2,2
0x5b4a0a,0%,2,0,2,0,0,2,0
0x915a0d,0%,2,0,2,0,2,0,0
0x8edd08,99.5565%,2,449,451,0,0,2,449
0x837f9a,50%,2,2,4,2,2,0,0
0x9a1bef,99.0148%,2,201,203,0,0,2,201
0x50b13c,50%,2,2,4,0,0,2,2
0x5bb3fe,96.875%,2,62,64,30,1,1,32
0x404c12,90.4762%,2,19,21,0,0,2,19
0x4c63fd,0%,2,0,2,0,2,0,0
0x409ba2,90.9091%,2,20,22,2,0,2,18
0x813804,0%,2,0,2,0,0,2,0
0xa44fd2,85.7143%,2,12,14,12,2,0,0
0x648f8b,0%,2,0,2,0,2,0,0
0x9ab5f6,98.5612%,2,137,139,0,0,2,137
0x59bf6f,96.2264%,2,51,53,51,2,0,0
0x9ebffc,80%,2,8,10,0,0,2,8
0x811898,0%,2,0,2,0,0,2,0
0xa02b94,0%,2,0,2,0,0,2,0
0x8ef9d6,99.5565%,2,449,451,449,2,0,0
0xa1ad25,60%,2,3,5,0,0,2,3
0x977050,66.6667%,2,4,6,0,0,2,4
0x61144a,95.2381%,2,40,42,0,0,2,40
0x8147ba,99.6101%,2,511,513,0,0,2,511
0x9ea991,0%,2,0,2,0,0,2,0
0x77d89a,0%,2,0,2,0,0,2,0
0x8f1abb,98.6111%,2,142,144,0,0,2,142
0x9a3a80,0%,2,0,2,0,0,2,0
0x9e220a,97.9592%,2,96,98,96,2,0,0
0x8043d5,77.7778%,2,7,9,0,0,2,7
0x9ebbea,71.4286%,2,5,7,5,2,0,0
0xa4e040,0%,2,0,2,0,2,0,0
0x49be63,50%,2,2,4,2,0,2,0
0x977297,0%,2,0,2,0,0,2,0
0x8a235e,0%,2,0,2,0,0,2,0
0x49bd38,66.6667%,2,4,6,2,2,0,2
0x5ff0c4,94.8718%,2,37,39,37,0,2,0
0xa577e0,85.7143%,2,12,14,0,0,2,12
0x49010e,80%,2,8,10,0,0,2,8
0x8a23ab,0%,2,0,2,0,0,2,0
0x9d1291,87.5%,2,14,16,14,2,0,0
0x4a9700,81.8182%,2,9,11,9,2,0,0
0x59f1c5,50%,2,2,4,0,2,0,2
0x9e71db,0%,2,0,2,0,2,0,0
0x82275a,50%,2,2,4,0,2,0,2
0x7e1845,0%,2,0,2,0,2,0,0
0xa96564,50%,2,2,4,0,0,2,2
0x48f74a,0%,2,0,2,0,2,0,0
0x50d658,97.4684%,2,77,79,77,2,0,0
0x9fc584,85.7143%,2,12,14,0,0,2,12
0x5cb0ad,99.7743%,2,884,886,0,0,2,884
0xa9da9f,86.6667%,2,13,15,0,0,2,13
0x8c9518,99.4429%,2,357,359,0,0,2,357
0xa9f0cf,50%,2,2,4,0,0,2,2
0x5b272a,95.7447%,2,45,47,0,0,2,45
0x814e89,90.9091%,2,20,22,0,0,2,20
0x96af2e,85.7143%,2,12,14,12,2,0,0
0x81b010,99.7628%,2,841,843,841,0,2,0
0x48fa26,80%,2,8,10,8,2,0,0
0x7b2fe4,94.7368%,2,36,38,0,2,0,36
0x494ff1,0%,2,0,2,0,2,0,0
0x6497ef,0%,2,0,2,0,2,0,0
0x40aeef,0%,2,0,2,0,2,0,0
0x5f2896,60%,2,3,5,3,2,0,0
0xaa4897,97.6744%,2,84,86,84,2,0,0
0x4bd113,80%,2,8,10,8,2,0,0
0xa5555a,98.8372%,2,170,172,170,2,0,0
0x5f5d58,0%,2,0,2,0,2,0,0
0x975000,66.6667%,2,4,6,0,0,2,4
0x5f2b40,0%,2,0,2,0,0,2,0
0x88a042,88.2353%,2,15,17,0,0,2,15
0xa55d56,50%,2,2,4,0,0,2,2
0x99afa6,71.4286%,2,5,7,5,2,0,0
0xa2e7c1,97.6471%,2,83,85,0,0,2,83
0x4c1de7,96.7213%,2,59,61,43,2,0,16
0x48d88c,84.6154%,2,11,13,1,1,1,10
0x91767a,99%,2,198,200,198,2,0,0
0xa0f118,66.6667%,2,4,6,4,2,0,0
0x40573d,99.9717%,2,7070,7072,0,0,2,7070
0x8f3039,88.2353%,2,15,17,0,0,2,15
0x679826,66.6667%,2,4,6,4,2,0,0
0x788bde,96.2264%,2,51,53,51,2,0,0
0xa01bb2,87.5%,2,14,16,0,0,2,14
0x48ef76,96.3636%,2,53,55,0,0,2,53
0x78c056,0%,2,0,2,0,2,0,0
0x554f9e,96.3636%,2,53,55,52,0,2,1
0x8a6076,0%,2,0,2,0,0,2,0
0x5eafc3,50%,2,2,4,2,2,0,0
0x405a77,99.537%,2,430,432,0,0,2,430
0x973034,92.5926%,2,25,27,0,0,2,25
0x973043,92.5926%,2,25,27,0,0,2,25
0xa90286,94.7368%,2,36,38,36,2,0,0
0x8dca35,98.1818%,2,108,110,108,2,0,0
0xa39d2a,99.8481%,2,1315,1317,1315,2,0,0
0x4a9b53,0%,2,0,2,0,2,0,0
0x9a9277,85.7143%,2,12,14,0,0,2,12
0x4b55cd,0%,2,0,2,0,2,0,0
0x901337,0%,2,0,2,0,2,0,0
0x8e8c31,0%,2,0,2,0,2,0,0
0x648ca5,0%,2,0,2,0,2,0,0
0xa519db,77.7778%,2,7,9,1,1,1,6
0x8f28c7,95.4545%,2,42,44,0,0,2,42
0x5de5b5,99.8388%,2,1239,1241,1239,2,0,0
0x490203,96.2963%,2,52,54,52,2,0,0
0x40a36d,75%,2,6,8,6,0,2,0
0x816456,0%,2,0,2,0,2,0,0
0x833856,0%,2,0,2,0,2,0,0
0x8e965b,99.8369%,2,1224,1226,1224,0,2,0
0x48f810,88.8889%,2,16,18,0,0,2,16
0xa3ac9e,50%,2,2,4,0,0,2,2
0x65a102,98.1982%,2,109,111,109,2,0,0
0x9e0c12,50%,2,2,4,2,2,0,0
0x48f428,33.3333%,2,1,3,0,0,2,1
0x9013a4,96%,2,48,50,0,0,2,48
0x9595cc,50%,2,2,4,0,0,2,2
0x974583,0%,2,0,2,0,2,0,0
0x48fabd,33.3333%,2,1,3,0,0,2,1
0x5b9e9b,75%,2,6,8,1,2,0,5
0x8dc568,50%,2,2,4,0,0,2,2
0x9497bb,97.4684%,2,77,79,0,0,2,77
0x5dae37,50%,2,2,4,2,2,0,0
0x78072a,96.2963%,2,52,54,0,0,2,52
0xace505,0%,2,0,2,0,2,0,0
0x9175af,99%,2,198,200,198,2,0,0
0x838aba,33.3333%,2,1,3,0,0,2,1
0xace627,0%,2,0,2,0,2,0,0
0x4a854d,75%,2,6,8,0,0,2,6
0x5b746f,0%,2,0,2,0,2,0,0
0x8226b0,50%,2,2,4,2,2,0,0
0x5bc0d1,0%,2,0,2,0,2,0,0
0x9e78d2,98.3607%,2,120,122,0,0,2,120
0x6809c2,99.5927%,2,489,491,0,0,2,489
0xa57c23,96.7213%,2,59,61,0,2,0,59
0x4a852d,75%,2,6,8,4,2,0,2
0x59f196,50%,2,2,4,0,0,2,2
0x48ee8c,96.2963%,2,52,54,52,2,0,0
0x63f25f,0%,2,0,2,0,2,0,0
0x4b1604,0%,2,0,2,0,2,0,0
0x5f1371,33.3333%,2,1,3,0,0,2,1
0x63f257,0%,2,0,2,0,0,2,0
0x48733d,0%,2,0,2,0,2,0,0
0x60bc27,88.8889%,2,16,18,0,0,2,16
0x4b68fa,95.9184%,2,47,49,0,0,2,47
0x8a5c3f,0%,2,0,2,0,2,0,0
0x64af74,99.9648%,2,5685,5687,0,0,2,5685
0x908d72,99.9532%,2,4272,4274,0,0,2,4272
0xa0181b,50%,2,2,4,0,2,0,2
0xa97af7,0%,2,0,2,0,0,2,0
0x7e8154,0%,2,0,2,0,0,2,0
0x8e76f6,83.3333%,2,10,12,10,2,0,0
0xa9eca7,50%,2,2,4,2,2,0,0
0x63f204,0%,2,0,2,0,2,0,0
0x80a84f,60%,2,3,5,3,2,0,0
0x5f115e,99.5763%,2,470,472,470,0,2,0
0x80a82d,99.7622%,2,839,841,0,0,2,839
0xa96322,0%,2,0,2,0,2,0,0
0xa1b51e,60%,2,3,5,0,0,2,3
0x8f4544,90.4762%,2,19,21,19,2,0,0
0xa15f3e,83.3333%,2,10,12,0,0,2,10
0x403049,97.1014%,2,67,69,67,2,0,0
0x9eb259,0%,2,0,2,0,2,0,0
0x544121,77.7778%,2,7,9,0,0,2,7
0x5550a5,50%,2,2,4,2,2,0,0
0x58e744,66.6667%,2,4,6,0,0,2,4
0x8f34ce,83.3333%,2,10,12,0,0,2,10
0x8d3b83,0%,2,0,2,0,2,0,0
0x4b0d42,0%,2,0,2,0,2,0,0
0xa5ecb4,60%,2,3,5,0,0,2,3
0x5e206f,33.3333%,2,1,3,0,0,2,1
0xa4cebf,50%,2,2,4,0,0,2,2
0x546621,50%,2,2,4,0,0,2,2
0xa4b96a,60%,2,3,5,3,0,2,0
0xa05245,95.5556%,2,43,45,0,0,2,43
0x49c3e7,80%,2,8,10,2,0,2,6
0x49c3b2,66.6667%,2,4,6,4,2,0,0
0x65b9c3,99.5261%,2,420,422,0,0,2,420
0x49ae37,0%,2,0,2,0,0,2,0
0x55501a,96.3636%,2,53,55,53,2,0,0
0x5eed94,0%,2,0,2,0,2,0,0
0x9bca24,0%,2,0,2,0,2,0,0
0xa9f3b0,33.3333%,2,1,3,0,0,2,1
0x4b0d8c,0%,2,0,2,0,2,0,0
0xa58319,75%,2,6,8,6,2,0,0
0x5f4d5d,0%,2,0,2,0,2,0,0
0x53400b,0%,2,0,2,0,2,0,0
0x65b013,84.6154%,2,11,13,0,0,2,11
0x4a772f,0%,2,0,2,0,0,2,0
0x63f085,0%,2,0,2,0,2,0,0
0x8a233f,0%,2,0,2,0,0,2,0
0x48eb78,96.4912%,2,55,57,0,0,2,55
0x8f61cd,85.7143%,2,12,14,0,2,0,12
0x4c8cfb,98.4962%,2,131,133,131,2,0,0
0x5ebd04,86.6667%,2,13,15,5,2,0,8
0x50a07d,98.5294%,2,134,136,0,0,2,134
0x5e4517,99.8675%,2,1507,1509,0,0,2,1507
0x81510c,60%,2,3,5,3,0,2,0
0xa3554d,75%,2,6,8,6,2,0,0
0x81ee04,50%,2,2,4,0,0,2,2
0x8deca1,0%,2,0,2,0,2,0,0
0xa3cabe,75%,2,6,8,6,2,0,0
0x7d1ec0,95.8333%,2,46,48,44,0,2,2
0x9be599,99.4792%,2,382,384,0,0,2,382
0x9ede99,0%,2,0,2,0,2,0,0
0x8d20cb,50%,2,2,4,2,0,2,0
0x54799c,81.8182%,2,9,11,9,2,0,0
0x509564,71.4286%,2,5,7,5,2,0,0
0x977d8e,99.2%,2,248,250,0,0,2,248
0xaa2955,98.5507%,2,136,138,136,1,1,0
0x9813f7,0%,2,0,2,0,2,0,0
0x7cc161,83.3333%,2,10,12,0,0,2,10
0x7efca4,0%,2,0,2,0,2,0,0
0x5dfbc4,85.7143%,2,12,14,0,0,2,12
0x7c7150,96.1538%,2,50,52,0,0,2,50
0x9e04aa,96.5517%,2,56,58,0,0,2,56
0xa4e631,97.3684%,2,74,76,0,0,2,74
0xa21f37,0%,2,0,2,0,0,2,0
0x4092c5,0%,2,0,2,0,2,0,0
0x9ee33b,98.1818%,2,108,110,0,0,2,108
0x7c6369,98.773%,2,161,163,0,0,2,161
0x494f6d,66.6667%,2,4,6,2,0,2,2
0x81ef63,50%,2,2,4,2,2,0,0
0x67f40d,0%,2,0,2,0,0,2,0
0x60ddde,97.5309%,2,79,81,79,2,0,0
0x67f390,0%,2,0,2,0,0,2,0
0x61284e,97.1429%,2,68,70,68,2,0,0
0x9f8392,0%,2,0,2,0,2,0,0
0xa5c34b,83.3333%,2,10,12,0,0,2,10
0x53c4ae,98.4848%,2,130,132,128,0,2,2
0x5b4306,90%,2,18,20,0,0,2,18
0x900fda,94.5946%,2,35,37,32,0,2,3
0xa3899c,80%,2,8,10,8,2,0,0
0x5fc9bd,0%,2,0,2,0,2,0,0
0x6cdb4e,66.6667%,2,4,6,4,2,0,0
0x5e17c7,98.4962%,2,131,133,131,2,0,0
0x5068be,98.5294%,2,134,136,134,2,0,0
0x70e8fc,0%,2,0,2,0,0,2,0
0xa0b9c9,0%,2,0,2,0,2,0,0
0x78b6fa,83.3333%,2,10,12,10,2,0,0
0x70e8df,66.6667%,2,4,6,0,2,0,4
0xa0b9b7,33.3333%,2,1,3,1,0,2,0
0xa64c84,75%,2,6,8,0,2,0,6
0x7826d3,66.6667%,2,4,6,0,0,2,4
0xa0b9aa,33.3333%,2,1,3,0,0,2,1
0xa0b97a,33.3333%,2,1,3,0,2,0,1
0x7eeb87,0%,2,0,2,0,0,2,0
0x81e418,99.0698%,2,213,215,0,0,2,213
0xa01c58,33.3333%,2,1,3,0,0,2,1
0x7cc155,83.3333%,2,10,12,0,0,2,10
0x8f56ab,83.3333%,2,10,12,10,2,0,0
0x7f0c52,60%,2,3,5,3,2,0,0
0xa28227,33.3333%,2,1,3,1,2,0,0
0xa5515e,75%,2,6,8,6,0,2,0
0xad452d,66.6667%,2,4,6,0,1,1,4
0x5efc46,97.1429%,2,68,70,0,2,0,68
0x7f0025,89.4737%,2,17,19,0,1,1,17
0x661683,99.8419%,2,1263,1265,0,0,2,1263
0x98082a,81.8182%,2,9,11,0,0,2,9
0x5c33d7,75%,2,6,8,0,0,2,6
0xa47380,88.8889%,2,16,18,0,0,2,16
0x97acd8,75%,2,6,8,0,0,2,6
0x8139df,84.6154%,2,11,13,11,2,0,0
0x8f1220,95%,2,38,40,0,0,2,38
0xb23bb2,99.422%,2,344,346,0,0,2,344
0x6d4b8e,87.5%,2,14,16,0,0,2,14
0x649d96,0%,2,0,2,0,2,0,0
0x9fe486,33.3333%,2,1,3,1,2,0,0
0x63bbb9,33.3333%,2,1,3,0,0,2,1
0x8ec558,0%,2,0,2,0,0,2,0
0x915c76,0%,2,0,2,0,2,0,0
0x5fc9a4,0%,2,0,2,0,0,2,0
0x6498b9,0%,2,0,2,0,0,2,0
0x8f1041,95%,2,38,40,0,0,2,38
0x59945c,0%,2,0,2,0,2,0,0
0x490113,80%,2,8,10,0,0,2,8
0x9117a7,93.5484%,2,29,31,0,0,2,29
0x9e14b7,93.1034%,2,27,29,27,2,0,0
0x90a66e,95.4545%,2,42,44,0,0,2,42
0x5d980e,75%,2,6,8,0,0,2,6
0x90be08,98.8636%,2,174,176,0,0,2,174
0xa46693,97.9167%,2,94,96,0,0,2,94
0x99f424,0%,2,0,2,0,2,0,0
0xa0bc63,71.4286%,2,5,7,0,1,1,5
0x9ff7a8,0%,2,0,2,0,0,2,0
0x5d0c95,75%,2,6,8,6,2,0,0
0x60e124,96.9697%,2,64,66,64,2,0,0
0x90a49b,95.4545%,2,42,44,42,2,0,0
0xacce9e,33.3333%,2,1,3,1,2,0,0
0x593232,92.8571%,2,26,28,13,1,1,13
0x4be79b,77.7778%,2,7,9,0,0,2,7
0xa44d6a,99.6737%,2,611,613,0,0,2,611
0x5f5d46,50%,2,2,4,1,1,1,1
0x9f07d7,0%,2,0,2,0,0,2,0
0x974702,0%,2,0,2,0,2,0,0
0x40e673,94.8718%,2,37,39,37,2,0,0
0x8dce5d,0%,2,0,2,0,2,0,0
0x78a5d8,92.5926%,2,25,27,16,0,2,9
0x9f078e,71.4286%,2,5,7,0,2,0,5
0x784790,94.2857%,2,33,35,0,0,2,33
0x973664,77.7778%,2,7,9,0,0,2,7
0x675139,33.3333%,2,1,3,1,1,1,0
0x59167b,33.3333%,2,1,3,0,0,2,1
0x4b499a,98.5507%,2,136,138,136,2,0,0
0x666f21,50%,2,2,4,0,0,2,2
0x48f8f3,66.6667%,2,4,6,0,0,2,4
0x5d1818,91.6667%,2,22,24,0,0,2,22
0xa1a15a,60%,2,3,5,0,0,2,3
0x5f549e,0%,2,0,2,0,2,0,0
0x5c37e5,50%,2,2,4,0,0,2,2
0x5c370d,50%,2,2,4,2,2,0,0
0x5c36a6,50%,2,2,4,2,2,0,0
0x402f69,66.6667%,2,4,6,0,0,2,4
0xa07359,77.7778%,2,7,9,0,0,2,7
0x5e1add,0%,2,0,2,0,0,2,0
0x8bf162,0%,2,0,2,0,0,2,0
0x53402f,0%,2,0,2,0,0,2,0
0x48737d,0%,2,0,2,0,0,2,0
0x40b042,0%,2,0,2,0,0,2,0
0xa36ca0,50%,2,2,4,2,2,0,0
0x9f47dd,75%,2,6,8,0,0,2,6
0x9f238f,0%,2,0,2,0,0,2,0
0x40b08e,0%,2,0,2,0,2,0,0
0x5bae00,0%,2,0,2,0,0,2,0
0x5badac,0%,2,0,2,0,0,2,0
0x5509da,60%,2,3,5,2,2,0,1
0xa97b3b,0%,2,0,2,0,0,2,0
0x8bf146,0%,2,0,2,0,0,2,0
0x63f8f5,0%,2,0,2,0,2,0,0
0x7c7a9b,93.75%,2,30,32,8,0,2,22
0x666cd3,0%,2,0,2,0,0,2,0
0x666cf5,66.6667%,2,4,6,4,2,0,0
0x9f02f7,0%,2,0,2,0,2,0,0
0x63f6ce,0%,2,0,2,0,2,0,0
0x9173c6,0%,2,0,2,0,2,0,0
0x9f273e,97.6471%,2,83,85,0,0,2,83
0x8f507f,83.3333%,2,10,12,10,2,0,0
0x8ebcc1,50%,2,2,4,2,0,2,0
0xa94600,0%,2,0,2,0,0,2,0
0xa43073,50%,2,2,4,2,2,0,0
0xa945d6,0%,2,0,2,0,2,0,0
0x5bb315,0%,2,0,2,0,2,0,0
0x97baa2,83.3333%,2,10,12,10,2,0,0
0xa5bed6,93.75%,2,30,32,0,0,2,30
0x7cc1ec,83.3333%,2,10,12,0,0,2,10
0xa0f38c,66.6667%,2,4,6,4,2,0,0
0x5f648a,0%,2,0,2,0,0,2,0
0x58c063,97.1429%,2,68,70,0,0,2,68
0x4871f5,0%,2,0,2,0,0,2,0
0x9a7221,60%,2,3,5,0,0,2,3
0x6675b9,0%,2,0,2,0,2,0,0
0xa37259,66.6667%,2,4,6,0,0,2,4
0x40bd58,50%,2,2,4,2,2,0,0
0x951c9f,99.686%,2,635,637,0,0,2,635
0x402321,99.9611%,2,5146,5148,0,0,2,5146
0x9e7b8d,0%,2,0,2,0,2,0,0
0xa0bdc7,71.4286%,2,5,7,0,2,0,5
0x98cff4,97.7778%,2,88,90,88,2,0,0
0x7b836f,92.5926%,2,25,27,25,0,2,0
0x838ae1,0%,2,0,2,0,2,0,0
0x8e3606,0%,2,0,2,0,0,2,0
0x8a5eab,98.5612%,2,137,139,0,0,2,137
0xa97b29,0%,2,0,2,0,0,2,0
0xa95b1e,0%,2,0,2,0,2,0,0
0x4094c1,0%,2,0,2,0,0,2,0
0x4b968b,0%,2,0,2,0,0,2,0
0x962ef3,0%,2,0,2,0,2,0,0
0xa077c3,0%,2,0,2,0,2,0,0
0xa95abe,0%,2,0,2,0,0,2,0
0x8dea02,99%,2,198,200,0,0,2,198
0x555aef,50%,2,2,4,0,1,1,2
0xa4967e,84.6154%,2,11,13,11,2,0,0
0x446563,99.6593%,2,585,587,0,1,1,585
0x8aab89,99.7653%,2,850,852,0,0,2,850
0xa959b9,50%,2,2,4,0,0,2,2
0x8bdd06,66.6667%,2,4,6,3,2,0,1
0x5c4cdc,60%,2,3,5,0,0,2,3
0xa9db67,95.8333%,2,46,48,0,0,2,46
0xa5bda9,93.75%,2,30,32,0,0,2,30
0x49b270,0%,2,0,2,0,0,2,0
0x5fe504,50%,2,2,4,0,0,2,2
0xa2d5fb,99.5807%,2,475,477,0,0,2,475
0x48fbe0,50%,2,2,4,0,0,2,2
0x6f558f,98.8439%,2,171,173,0,0,2,171
0x9843a1,75%,2,6,8,0,0,2,6
0x590a9d,88.8889%,2,16,18,0,0,2,16
0xa018c7,98.6842%,2,150,152,0,2,0,150
0xa01de3,80%,2,8,10,6,0,2,2
0x819175,94.1176%,2,32,34,0,0,2,32
0xb2463b,99.9832%,2,11897,11899,0,0,2,11897
0x983b2a,97.8261%,2,90,92,0,0,2,90
0x590a86,88.8889%,2,16,18,16,2,0,0
0x60bb11,88.2353%,2,15,17,0,0,2,15
0x490c40,92.3077%,2,24,26,24,2,0,0
0x590953,90.9091%,2,20,22,0,2,0,20
0xa01e7c,0%,2,0,2,0,0,2,0
0xa557d8,0%,2,0,2,0,0,2,0
0xa01a9b,0%,2,0,2,0,2,0,0
0xa01af5,0%,2,0,2,0,0,2,0
0x63b55a,99.8469%,2,1304,1306,0,0,2,1304
0x63b53e,99.8469%,2,1304,1306,0,0,2,1304
0x4bb737,60%,2,3,5,3,0,2,0
0xa53593,75%,2,6,8,0,0,2,6
0x6750a7,33.3333%,2,1,3,0,0,2,1
0x5ebd7f,71.4286%,2,5,7,5,2,0,0
0x80622f,99.1304%,2,228,230,228,0,2,0
0x5f3e20,50%,2,2,4,2,1,1,0
0x63ace3,99.4792%,2,382,384,382,2,0,0
0x5108e1,99.3884%,2,325,327,0,0,2,325
0x6f1742,83.3333%,2,10,12,10,2,0,0
0x70c2b5,66.6667%,2,4,6,0,0,2,4
0x9f07a5,71.4286%,2,5,7,1,1,1,4
0xa01b69,96.3636%,2,53,55,0,0,2,53
0x590ca2,90%,2,18,20,0,0,2,18
0x9eb6ad,93.75%,2,30,32,1,0,2,29
0x533a5a,77.7778%,2,7,9,0,0,2,7
0x5cfc7e,83.3333%,2,10,12,10,2,0,0
0x8e3e97,50%,2,2,4,2,2,0,0
0x54d036,50%,2,2,4,0,0,2,2
0x78e102,0%,2,0,2,0,0,2,0
0x80f956,94.5946%,2,35,37,35,0,2,0
0x63e532,99.7912%,2,956,958,0,0,2,956
0x8ad7ee,0%,2,0,2,0,2,0,0
0x441be9,81.8182%,2,9,11,9,2,0,0
0x5bc504,99.7925%,2,962,964,962,2,0,0
0xa030a7,93.1034%,2,27,29,27,2,0,0
0xa63cf9,0%,2,0,2,0,0,2,0
0x4c711e,88.8889%,2,16,18,0,0,2,16
0x805355,0%,2,0,2,0,0,2,0
0x9f4bb1,50%,2,2,4,0,0,2,2
0xa7b442,50%,2,2,4,2,2,0,0
0xa379d1,80%,2,8,10,8,0,2,0
0xa8e54f,60%,2,3,5,3,2,0,0
0x942a9f,97.3333%,2,73,75,73,2,0,0
0x63ff94,99.7919%,2,959,961,650,0,2,309
0x5b2fba,80%,2,8,10,8,2,0,0
0x50340b,0%,2,0,2,0,2,0,0
0xa853e4,60%,2,3,5,3,2,0,0
0x8ed90e,98.9418%,2,187,189,187,2,0,0
0x5f50e6,0%,2,0,2,0,2,0,0
0x8aae23,60%,2,3,5,0,0,2,3
0x59f916,50%,2,2,4,0,2,0,2
0xa02c40,0%,2,0,2,0,0,2,0
0xad6c4a,0%,2,0,2,0,0,2,0
0xa2b396,97.5904%,2,81,83,58,0,2,23
0x40ea79,50%,2,2,4,0,0,2,2
0x9f636c,33.3333%,2,1,3,1,2,0,0
0x9c4e34,71.4286%,2,5,7,5,0,2,0
0xa97df8,94.5946%,2,35,37,0,0,2,35
0x4948c3,97.619%,2,82,84,82,0,2,0
0x55de1b,0%,2,0,2,0,0,2,0
0x72358b,99.8617%,2,1444,1446,0,0,2,1444
0x838829,97.5%,2,78,80,78,2,0,0
0x9c4dc5,0%,2,0,2,0,0,2,0
0x5bc128,0%,2,0,2,0,0,2,0
0x9bd59d,83.3333%,2,10,12,0,0,2,10
0x649e64,0%,2,0,2,0,2,0,0
0x808f3a,88.2353%,2,15,17,0,0,2,15
0xa02ec2,0%,2,0,2,0,0,2,0
0x8be98c,0%,2,0,2,0,2,0,0
0xa6624c,92.5926%,2,25,27,25,2,0,0
0x67f43a,0%,2,0,2,0,2,0,0
0x4ae54b,0%,2,0,2,0,2,0,0
0x83a91d,50%,2,2,4,1,0,2,1
0xa02f73,0%,2,0,2,0,0,2,0
0x4b298e,0%,2,0,2,0,0,2,0
0x908d82,99.639%,2,552,554,0,0,2,552
0x67f33b,98.4127%,2,124,126,0,0,2,124
0xa6c68e,95.3488%,2,41,43,0,0,2,41
0x5db5b2,50%,2,2,4,2,2,0,0
0x7c9b2d,50%,2,2,4,0,0,2,2
0x6673ca,95%,2,38,40,0,0,2,38
0x511000,98.5915%,2,140,142,140,2,0,0
0x6673d3,95%,2,38,40,0,0,2,38
0x819984,99.3671%,2,314,316,0,0,2,314
0x98149e,95.9184%,2,47,49,0,2,0,47
0x4a86e0,0%,2,0,2,0,2,0,0
0xb17a0f,99.7203%,2,713,715,713,2,0,0
0x5cd897,50%,2,2,4,2,2,0,0
0xa43058,50%,2,2,4,0,0,2,2
0xa02de4,98.1308%,2,105,107,105,2,0,0
0x908cad,99.639%,2,552,554,0,0,2,552
0x647d79,95.9184%,2,47,49,38,1,1,9
0x4a724a,0%,2,0,2,0,2,0,0
0x4048a7,93.1034%,2,27,29,0,0,2,27
0x80ca78,99.2908%,2,280,282,0,0,2,280
0x4ae783,0%,2,0,2,0,0,2,0
0x5f6216,0%,2,0,2,0,0,2,0
0x7efb99,0%,2,0,2,0,0,2,0
0xa7a1d9,98.8571%,2,173,175,0,0,2,173
0xa7a1ac,98.8571%,2,173,175,0,0,2,173
0x90e3cb,97.0149%,2,65,67,0,0,2,65
0xacdf93,0%,2,0,2,0,2,0,0
0x94e0ef,71.4286%,2,5,7,5,2,0,0
0xace035,0%,2,0,2,0,2,0,0
0xace0a4,0%,2,0,2,0,0,2,0
0x70e933,0%,2,0,2,0,2,0,0
0x8aab1c,89.4737%,2,17,19,17,2,0,0
0xa9818b,0%,2,0,2,0,0,2,0
0xa50180,98.6486%,2,146,148,0,0,2,146
0x50e366,88.8889%,2,16,18,0,0,2,16
0x4b61a1,98.1818%,2,108,110,88,1,1,20
0x49beb4,0%,2,0,2,0,2,0,0
0x48e8e8,0%,2,0,2,0,0,2,0
0x592b1d,97.7778%,2,88,90,0,0,2,88
0x63fd9a,99.7919%,2,959,961,959,2,0,0
0xa6c6ba,95.3488%,2,41,43,41,2,0,0
0xa6c6b4,95.3488%,2,41,43,0,0,2,41
0x99291d,0%,2,0,2,0,0,2,0
0x6ccfbc,66.6667%,2,4,6,0,0,2,4
0x487fbe,0%,2,0,2,0,2,0,0
0x53dd30,75%,2,6,8,6,2,0,0
0x985054,83.3333%,2,10,12,4,0,2,6
0x9e10fb,93.1034%,2,27,29,0,0,2,27
0xb1c919,99.7509%,2,801,803,801,2,0,0
0x8ffb13,99.2857%,2,278,280,278,2,0,0
0x555f03,0%,2,0,2,0,0,2,0
0x6cd01f,66.6667%,2,4,6,4,2,0,0
0x9c535b,50%,2,2,4,0,0,2,2
0x8e4a72,98.8764%,2,176,178,0,0,2,176
0x543f5f,99.0826%,2,216,218,216,2,0,0
0x974cd8,0%,2,0,2,0,2,0,0
0x978568,99.3031%,2,285,287,285,2,0,0
0x80c9a9,99.2908%,2,280,282,270,2,0,10
0xaabd28,50%,2,2,4,2,2,0,0
0x918e37,99%,2,198,200,198,2,0,0
0xace383,0%,2,0,2,0,0,2,0
0x8a5e86,98.5612%,2,137,139,0,0,2,137
0x63d256,91.3043%,2,21,23,21,2,0,0
0xb23039,98.7013%,2,152,154,0,0,2,152
0x9eb340,0%,2,0,2,0,0,2,0
0x8bd887,89.4737%,2,17,19,17,2,0,0
0xb17ba4,99.8115%,2,1059,1061,0,0,2,1059
0xa6b934,50%,2,2,4,0,0,2,2
0x9843e9,96.9697%,2,64,66,0,0,2,64
0x5f1417,95%,2,38,40,0,0,2,38
0x5f1428,95%,2,38,40,0,0,2,38
0xa4a860,0%,2,0,2,0,0,2,0
0xa34781,99.4924%,2,392,394,392,2,0,0
0xa8a7db,98.8571%,2,173,175,0,0,2,173
0x40b038,0%,2,0,2,0,0,2,0
0x7c5d71,85.7143%,2,12,14,0,0,2,12
0xb1c3a8,98.0392%,2,100,102,0,0,2,100
0x696555,99.4962%,2,395,397,0,0,2,395
0xa21dd7,0%,2,0,2,0,0,2,0
0xa21dce,0%,2,0,2,0,0,2,0
0x8bd829,90%,2,18,20,0,0,2,18
0x404976,77.7778%,2,7,9,0,0,2,7
0x54678c,0%,2,0,2,0,0,2,0
0x8dfdc0,93.75%,2,30,32,30,2,0,0
0x96a10f,0%,2,0,2,0,0,2,0
0x542be7,0%,2,0,2,0,2,0,0
0x4ab27e,33.3333%,2,1,3,1,2,0,0
0x818af6,98.9744%,2,193,195,0,1,1,193
0x675106,33.3333%,2,1,3,0,0,2,1
0xa017c2,0%,2,0,2,0,0,2,0
0x5f3aab,71.4286%,2,5,7,0,0,2,5
0x495bd0,89.4737%,2,17,19,17,2,0,0
0x4103e7,0%,2,0,2,0,2,0,0
0x9f473b,99.6633%,2,592,594,0,0,2,592
0x7d0cf5,99.7555%,2,816,818,0,0,2,816
0xa5a0cd,50%,2,2,4,0,0,2,2
0x80a5f0,99.7628%,2,841,843,841,0,2,0
0xa94ced,50%,2,2,4,2,2,0,0
0x8ef3dc,95.8333%,2,46,48,0,0,2,46
0x599968,0%,2,0,2,0,2,0,0
0x8e120b,99.9502%,2,4018,4020,0,0,2,4018
0x5f1c2d,71.4286%,2,5,7,0,0,2,5
0x973ba3,80%,2,8,10,0,2,0,8
0x5510c9,66.6667%,2,4,6,2,2,0,2
0x8d3fc6,84.6154%,2,11,13,0,0,2,11
0x4ca4f4,80%,2,8,10,8,2,0,0
0x9e2236,0%,2,0,2,0,2,0,0
0x9fe6f7,95%,2,38,40,38,2,0,0
0x9746a7,97.0588%,2,66,68,0,0,2,66
0x5ef0d2,88.8889%,2,16,18,0,0,2,16
0x9e0543,96.5517%,2,56,58,0,0,2,56
0x99dc79,86.6667%,2,13,15,0,0,2,13
0x619bb1,90%,2,18,20,18,2,0,0
0x540cfe,99.8861%,2,1754,1756,0,2,0,1754
0x502d41,98.9474%,2,188,190,0,0,2,188
0x901cc1,99.1453%,2,232,234,232,2,0,0
0x5f3dc1,50%,2,2,4,0,2,0,2
0x488c61,98.2906%,2,115,117,0,0,2,115
0x5efac1,33.3333%,2,1,3,0,2,0,1
0xa64bd8,75%,2,6,8,0,2,0,6
0x4ca09a,0%,2,0,2,0,0,2,0
0x7d40e2,96.2264%,2,51,53,7,1,1,44
0x4927b7,0%,2,0,2,0,2,0,0
0x77d87c,66.6667%,2,4,6,0,0,2,4
0x5f3d56,50%,2,2,4,2,2,0,0
0x959259,98.4375%,2,126,128,0,0,2,126
0x9ec45a,33.3333%,2,1,3,1,2,0,0
0xaca816,92.8571%,2,26,28,0,0,2,26
0xa36e7c,80%,2,8,10,0,0,2,8
0x99dc68,86.6667%,2,13,15,0,0,2,13
0x5f18f7,0%,2,0,2,0,2,0,0
0xa26384,99.505%,2,402,404,0,0,2,402
0x55de25,0%,2,0,2,0,2,0,0
0x9fdb5d,92%,2,23,25,0,0,2,23
0x409d42,84.6154%,2,11,13,0,0,2,11
0x9fcf30,88.8889%,2,16,18,0,0,2,16
0x8f5024,77.7778%,2,7,9,0,0,2,7
0x8ecfb5,66.6667%,2,4,6,0,2,0,4
0x90f7f2,0%,2,0,2,0,2,0,0
0x675119,33.3333%,2,1,3,0,0,2,1
0x668076,96.6667%,2,58,60,58,2,0,0
0x4947d1,0%,2,0,2,0,2,0,0
0xa9819c,0%,2,0,2,0,2,0,0
0xa26d0b,80%,2,8,10,4,2,0,4
0x8f1b19,98.5816%,2,139,141,0,0,2,139
0xa294ab,87.5%,2,14,16,0,0,2,14
0x5f8d49,60%,2,3,5,3,1,1,0
0x97b959,98.2456%,2,112,114,0,0,2,112
0x6109f5,84.6154%,2,11,13,0,0,2,11
0x5f1d05,71.4286%,2,5,7,5,2,0,0
0x7d419b,83.3333%,2,10,12,5,2,0,5
0xa55a45,50%,2,2,4,0,2,0,2
0x811b0b,0%,2,0,2,0,0,2,0
0x47f8c2,88.8889%,2,16,18,0,0,2,16
0x6750c0,33.3333%,2,1,3,0,0,2,1
0x492aeb,0%,2,0,2,0,2,0,0
0x78d234,0%,2,0,2,0,0,2,0
0x81c75e,97.1429%,2,68,70,0,0,2,68
0x4ac65c,86.6667%,2,13,15,13,0,2,0
0x648c08,92.3077%,2,24,26,24,2,0,0
0x8f3dfb,99.4819%,2,384,386,0,0,2,384
0x5474e1,0%,2,0,2,0,0,2,0
0xa18aac,95.3488%,2,41,43,0,0,2,41
0x94c620,0%,2,0,2,0,0,2,0
0x8dc221,99.7704%,2,869,871,0,0,2,869
0x5b2a76,95.7447%,2,45,47,0,2,0,45
0x8c7c59,98.3607%,2,120,122,120,2,0,0
0x48898d,99.8084%,2,1042,1044,0,0,2,1042
0x5dfc4f,85.7143%,2,12,14,12,2,0,0
0x5db4e0,50%,2,2,4,2,2,0,0
0xa21e3b,0%,2,0,2,0,0,2,0
0x649e4a,0%,2,0,2,0,2,0,0
0x6406f3,99%,2,198,200,0,0,2,198
0x648c2d,84.6154%,2,11,13,11,2,0,0
0xa31084,50%,2,2,4,0,0,2,2
0x491963,97.2222%,2,70,72,0,0,2,70
0x9bd631,94.4444%,2,34,36,10,2,0,24
0x5f30d2,71.4286%,2,5,7,0,1,1,5
0x666c25,0%,2,0,2,0,2,0,0
0x7858f5,71.4286%,2,5,7,5,2,0,0
0x4850b7,95.5556%,2,43,45,0,0,2,43
0x8bbd49,0%,2,0,2,0,2,0,0
0x8bd71a,90%,2,18,20,0,0,2,18
0x648e8f,0%,2,0,2,0,2,0,0
0x9176f6,99%,2,198,200,0,0,2,198
0xacfae1,90.4762%,2,19,21,0,0,2,19
0x61a2d6,60%,2,3,5,3,2,0,0
0x9113e6,98.6207%,2,143,145,143,2,0,0
0x5b4a60,0%,2,0,2,0,2,0,0
0x5f1ced,71.4286%,2,5,7,0,0,2,5
0xa039d3,98.9744%,2,193,195,0,0,2,193
0x81281b,86.6667%,2,13,15,0,0,2,13
0x4b29ca,0%,2,0,2,0,2,0,0
0xa8e6cc,0%,2,0,2,0,2,0,0
0x64a6bd,0%,2,0,2,0,2,0,0
0xa5eb62,60%,2,3,5,0,0,2,3
0x835f31,0%,2,0,2,0,2,0,0
0x8ea198,99.9192%,2,2472,2474,2472,2,0,0
0x8c917b,33.3333%,2,1,3,0,2,0,1
0x49b174,0%,2,0,2,0,0,2,0
0x81f81b,95.7447%,2,45,47,0,2,0,45
0x40378c,99.7472%,2,789,791,789,2,0,0
0x9d1c67,33.3333%,2,1,3,1,0,2,0
0xa1d7e9,0%,2,0,2,0,2,0,0
0x9786b0,80%,2,8,10,8,2,0,0
0x6070bb,99.2126%,2,252,254,10,0,2,242
0x4ba5de,0%,2,0,2,0,2,0,0
0xb2e63a,99.9906%,2,21252,21254,0,0,2,21252
0x5eedc0,0%,2,0,2,0,2,0,0
0x5ef025,88.8889%,2,16,18,16,2,0,0
0x5f2176,94.4444%,2,34,36,0,0,2,34
0x494d42,98.75%,2,158,160,1,1,1,157
0x7be0b9,50%,2,2,4,0,0,2,2
0x5f3e0f,50%,2,2,4,0,0,2,2
0x66f403,0%,2,0,2,0,0,2,0
0x7d1e4c,96.9231%,2,63,65,0,0,2,63
0x51b1d7,0%,2,0,2,0,0,2,0
0x40995c,98.8701%,2,175,177,0,0,2,175
0x4ca6aa,0%,2,0,2,0,2,0,0
0x58cdc3,98.3607%,2,120,122,0,0,2,120
0x8fd463,97.0588%,2,66,68,0,2,0,66
0x8ebe94,0%,2,0,2,0,2,0,0
0x9bd20b,96.3636%,2,53,55,0,0,2,53
0x90d2fa,98.3871%,2,122,124,0,0,2,122
0xaa7f7c,33.3333%,2,1,3,0,0,2,1
0x40df0f,33.3333%,2,1,3,0,2,0,1
0x9f4995,50%,2,2,4,2,2,0,0
0x9bdc69,96.3636%,2,53,55,0,0,2,53
0x5f7ac6,71.4286%,2,5,7,0,0,2,5
0x49c819,88.8889%,2,16,18,0,0,2,16
0x5121db,94.5946%,2,35,37,35,1,1,0
0x4bd48c,0%,2,0,2,0,0,2,0
0x49faa2,98.6111%,2,142,144,0,0,2,142
0x9ed974,98.4127%,2,124,126,0,0,2,124
0xa97742,50%,2,2,4,0,0,2,2
0x649862,0%,2,0,2,0,2,0,0
0x6486a3,0%,2,0,2,0,0,2,0
0x5be7d8,0%,2,0,2,0,0,2,0
0x820d5f,93.9394%,2,31,33,0,0,2,31
0x7c7544,75%,2,6,8,0,2,0,6
0x6796c5,98.2143%,2,110,112,110,2,0,0
0x80badb,98.3193%,2,117,119,0,0,2,117
0x5f3921,33.3333%,2,1,3,0,0,2,1
0x8076cf,99.3174%,2,291,293,291,2,0,0
0x5f4c8a,0%,2,0,2,0,1,1,0
0xa55d63,50%,2,2,4,0,0,2,2
0x7b642f,60%,2,3,5,2,2,0,1
0x5f21a7,94.4444%,2,34,36,0,0,2,34
0x8c91f7,0%,2,0,2,0,2,0,0
0x8bdca6,50%,2,2,4,0,0,2,2
0x9bd2c2,97.0149%,2,65,67,65,2,0,0
0x9fcc94,71.4286%,2,5,7,5,2,0,0
0x7be036,50%,2,2,4,0,0,2,2
0x8fe9d3,99.9404%,2,3352,3354,0,0,2,3352
0x4929b9,0%,2,0,2,0,0,2,0
0x409a2e,88.8889%,2,16,18,4,1,1,12
0x63f00f,0%,2,0,2,0,2,0,0
0x911b5e,99.6661%,2,597,599,0,0,2,597
0x63f33c,0%,2,0,2,0,0,2,0
0x5062d0,99.6909%,2,645,647,0,0,2,645
0x49294b,0%,2,0,2,0,2,0,0
0xa2f7f3,98.6207%,2,143,145,143,2,0,0
0x8e535d,87.5%,2,14,16,0,0,2,14
0x8f4dd8,66.6667%,2,4,6,0,0,2,4
0x8f38c5,98.2759%,2,114,116,114,2,0,0
0x9a3eb3,92.8571%,2,26,28,0,0,2,26
0x409bc2,95.122%,2,39,41,39,2,0,0
0x4b2992,0%,2,0,2,0,2,0,0
0x5f3cc5,50%,2,2,4,2,2,0,0
0x9f08c5,80%,2,8,10,8,2,0,0
0x9a0b37,92.8571%,2,26,28,26,2,0,0
0x99df25,92.8571%,2,26,28,0,0,2,26
0x8e2b36,96.1538%,2,50,52,0,0,2,50
0x4bb745,0%,2,0,2,0,0,2,0
0xa5322c,0%,2,0,2,0,0,2,0
0x67043a,98.4962%,2,131,133,0,0,2,131
0x80b925,0%,2,0,2,0,0,2,0
0x58dc31,66.6667%,2,4,6,0,0,2,4
0x8de1b6,99.917%,2,2407,2409,0,0,2,2407
0x7d1eeb,50%,2,2,4,0,0,2,2
0x78e8e0,96.4286%,2,54,56,54,2,0,0
0x4bfe95,94.1176%,2,32,34,0,0,2,32
0x803908,0%,2,0,2,0,2,0,0
0x507179,98.5294%,2,134,136,134,2,0,0
0xa47070,90.9091%,2,20,22,0,0,2,20
0xa9a151,86.6667%,2,13,15,13,2,0,0
0x8e966d,0%,2,0,2,0,0,2,0
0x49c07c,99.5992%,2,497,499,1,1,1,496
0x9712bb,60%,2,3,5,3,2,0,0
0xa1a302,77.7778%,2,7,9,0,0,2,7
0x5f4387,0%,2,0,2,0,2,0,0
0x40f720,50%,2,2,4,0,0,2,2
0x4049a3,50%,2,2,4,2,2,0,0
0x8ebcce,50%,1,1,2,1,1,0,0
0x67f530,99.3902%,1,163,164,163,1,0,0
0x5a658d,50%,1,1,2,1,1,0,0
0x7b0ab4,95.4545%,1,21,22,0,0,1,21
0xa372a1,90%,1,9,10,9,1,0,0
0x9c5352,75%,1,3,4,0,0,1,3
0x619a9a,93.3333%,1,14,15,0,0,1,14
0x6cce8d,83.3333%,1,5,6,5,1,0,0
0xa4841b,99.5868%,1,241,242,241,1,0,0
0x4b51a1,0%,1,0,1,0,0,1,0
0x9c5337,75%,1,3,4,3,1,0,0
0x4c209b,99.3711%,1,158,159,0,0,1,158
0x9a600c,92.8571%,1,13,14,0,0,1,13
0x805453,50%,1,1,2,0,0,1,1
0xa48ac8,99.4012%,1,166,167,0,0,1,166
0x68a9b3,0%,1,0,1,0,0,1,0
0x8bf154,50%,1,1,2,0,0,1,1
0x4b4fb3,98.5915%,1,70,71,0,0,1,70
0x495121,0%,1,0,1,0,1,0,0
0x476e8c,95%,1,19,20,19,1,0,0
0x4bbb48,97.6744%,1,42,43,0,0,1,42
0x8dfa39,83.3333%,1,5,6,5,0,1,0
0x8fd411,0%,1,0,1,0,1,0,0
0x6823b3,97.0588%,1,33,34,0,0,1,33
0x5fedca,99.7403%,1,384,385,0,0,1,384
0xa025be,99.933%,1,1491,1492,0,0,1,1491
0x5e1efa,83.3333%,1,5,6,0,0,1,5
0x96e75e,0%,1,0,1,0,0,1,0
0x4acbda,93.3333%,1,14,15,12,0,1,2
0xa48b5f,99.4012%,1,166,167,0,0,1,166
0x7cc16a,91.6667%,1,11,12,11,1,0,0
0x5f5b23,50%,1,1,2,0,0,1,1
0x8c82c9,96.875%,1,31,32,0,0,1,31
0x80ad3b,50%,1,1,2,1,1,0,0
0x4bc66b,98.9583%,1,95,96,0,0,1,95
0x9ec171,98.2143%,1,55,56,55,1,0,0
0x5f59a2,50%,1,1,2,0,0,1,1
0x8e32f3,99.9494%,1,1976,1977,0,0,1,1976
0x7b6210,99.2908%,1,140,141,140,1,0,0
0x66f4cf,85.7143%,1,6,7,6,0,1,0
0x980794,90.9091%,1,10,11,10,1,0,0
0x90fd9f,93.75%,1,15,16,15,1,0,0
0x817181,50%,1,1,2,0,0,1,1
0x5b3768,50%,1,1,2,1,1,0,0
0x5d98a4,87.5%,1,7,8,7,1,0,0
0x54f3d4,95.4545%,1,21,22,21,1,0,0
0x54d686,95%,1,19,20,0,0,1,19
0xa96ac0,88.8889%,1,8,9,0,0,1,8
0x619a58,95%,1,19,20,19,1,0,0
0x40ea7e,75%,1,3,4,3,1,0,0
0x9c5307,91.6667%,1,11,12,8,0,1,3
0x8a6ab1,66.6667%,1,2,3,2,1,0,0
0x7c724d,88.8889%,1,8,9,0,0,1,8
0x534082,50%,1,1,2,0,0,1,1
0x4a65d6,66.6667%,1,2,3,0,0,1,2
0x7bb9cf,87.5%,1,7,8,0,0,1,7
0x781a8a,99.359%,1,155,156,0,0,1,155
0x99f454,92.3077%,1,12,13,0,0,1,12
0xa2a93f,0%,1,0,1,0,0,1,0
0x80abde,50%,1,1,2,0,0,1,1
0x805566,98.8764%,1,88,89,0,0,1,88
0x7180c6,0%,1,0,1,0,1,0,0
0x61a31a,80%,1,4,5,4,1,0,0
0x50fef0,50%,1,1,2,0,0,1,1
0x47fb41,94.7368%,1,18,19,0,1,0,18
0x90d08e,99.3865%,1,162,163,0,0,1,162
0x50fec0,50%,1,1,2,0,0,1,1
0x9e5c00,97.1429%,1,34,35,0,0,1,34
0x60c5d7,90%,1,9,10,5,0,1,4
0x8f1b92,99.2537%,1,133,134,0,0,1,133
0xa6c683,97.6744%,1,42,43,0,0,1,42
0x53ee53,87.5%,1,7,8,4,0,1,3
0xa33d29,99.7118%,1,346,347,346,1,0,0
0x6975d2,96.4286%,1,27,28,27,1,0,0
0x672338,50%,1,1,2,1,1,0,0
0xa51f8a,50%,1,1,2,1,1,0,0
0x90e874,96.6667%,1,29,30,0,0,1,29
0x54fd0b,0%,1,0,1,0,0,1,0
0xb347c4,99.2188%,1,127,128,0,0,1,127
0x533894,94.4444%,1,17,18,0,0,1,17
0x63f335,50%,1,1,2,0,0,1,1
0xa2d49c,75%,1,3,4,0,0,1,3
0x8ef054,98.8095%,1,83,84,0,0,1,83
0x5f9246,85.7143%,1,6,7,0,0,1,6
0x8ff0ad,98.8636%,1,87,88,0,0,1,87
0x9d25e5,50%,1,1,2,1,0,1,0
0xa52767,75%,1,3,4,3,1,0,0
0x557c93,98.6301%,1,72,73,72,1,0,0
0x8dae9b,50%,1,1,2,1,1,0,0
0x9bb3e4,98.4615%,1,64,65,0,0,1,64
0x5446f9,50%,1,1,2,1,1,0,0
0x80512e,50%,1,1,2,0,0,1,1
0x402faf,98.5507%,1,68,69,0,0,1,68
0x619b14,80%,1,4,5,4,1,0,0
0xa087d5,87.5%,1,7,8,3,1,0,4
0x96add3,50%,1,1,2,1,1,0,0
0x6499e7,50%,1,1,2,1,1,0,0
0x4950d2,0%,1,0,1,0,0,1,0
0x8e03d7,99.883%,1,854,855,0,0,1,854
0x50ee4b,97.7273%,1,43,44,0,0,1,43
0x50ef35,94.7368%,1,18,19,0,0,1,18
0x9ea8e8,50%,1,1,2,1,1,0,0
0xa6c712,96.2963%,1,26,27,0,0,1,26
0x4b9cb7,90%,1,9,10,0,0,1,9
0xa5135e,91.6667%,1,11,12,0,0,1,11
0x9f4c01,99.4286%,1,174,175,174,1,0,0
0x64a4fc,50%,1,1,2,1,1,0,0
0x94dd1b,99.8296%,1,586,587,0,0,1,586
0xa4499e,75%,1,3,4,0,0,1,3
0x649424,50%,1,1,2,1,1,0,0
0x50c118,95%,1,19,20,13,0,1,6
0x53969a,99.0826%,1,108,109,108,1,0,0
0x7b0179,83.3333%,1,5,6,0,0,1,5
0x5d3b86,75%,1,3,4,3,1,0,0
0x7d444e,50%,1,1,2,0,0,1,1
0xa329ba,0%,1,0,1,0,0,1,0
0x666c4b,50%,1,1,2,1,1,0,0
0x95a9e2,75%,1,3,4,0,0,1,3
0x7f0b75,80%,1,4,5,4,1,0,0
0xa053ee,95.2381%,1,20,21,0,1,0,20
0x60bdd8,95.2381%,1,20,21,20,1,0,0
0x8a9ecf,99.4475%,1,180,181,180,1,0,0
0x402de0,98.3051%,1,58,59,0,0,1,58
0x503491,50%,1,1,2,1,1,0,0
0x8f0b03,97.619%,1,41,42,41,1,0,0
0x5fdc1d,0%,1,0,1,0,0,1,0
0x5034c9,50%,1,1,2,0,0,1,1
0x7d4160,91.6667%,1,11,12,0,0,1,11
0x4b4984,99.2754%,1,137,138,0,0,1,137
0x8ee4bd,97.619%,1,41,42,0,0,1,41
0x4952a0,0%,1,0,1,0,1,0,0
0xa4cf29,87.5%,1,7,8,7,1,0,0
0x811809,50%,1,1,2,0,0,1,1
0xa37a8e,90%,1,9,10,2,1,0,7
0xa3799d,90%,1,9,10,0,0,1,9
0x8f13c2,99.7783%,1,450,451,0,0,1,450
0x404fb9,97.619%,1,41,42,41,1,0,0
0x9ed90d,98.4375%,1,63,64,0,0,1,63
0x7c7455,83.3333%,1,5,6,5,1,0,0
0x5f4d45,50%,1,1,2,1,1,0,0
0xa21ddc,50%,1,1,2,0,1,0,1
0xa6b8e1,75%,1,3,4,0,0,1,3
0x96b201,97.3684%,1,37,38,5,1,0,32
0x80de70,99.1228%,1,113,114,0,0,1,113
0xa31efd,97.2222%,1,35,36,0,0,1,35
0x8ffee7,90%,1,9,10,0,0,1,9
0x5fba3b,50%,1,1,2,0,0,1,1
0xa98655,50%,1,1,2,1,1,0,0
0x8f6389,91.6667%,1,11,12,0,0,1,11
0x808f22,94.1176%,1,16,17,0,0,1,16
0x8f61f9,92.8571%,1,13,14,0,0,1,13
0x784550,96.4286%,1,27,28,27,1,0,0
0x9017a0,96.4286%,1,27,28,0,1,0,27
0x99aa39,99.0196%,1,101,102,0,0,1,101
0x9f4980,75%,1,3,4,0,0,1,3
0xb49749,93.75%,1,15,16,0,0,1,15
0x90278c,98.0392%,1,50,51,0,0,1,50
0x5467f5,50%,1,1,2,0,0,1,1
0x7d446a,50%,1,1,2,0,0,1,1
0x5fe9e8,97.6744%,1,42,43,0,0,1,42
0x53968c,99.0826%,1,108,109,0,0,1,108
0x670a04,94.7368%,1,18,19,18,1,0,0
0x8ff586,50%,1,1,2,0,0,1,1
0xa21b87,50%,1,1,2,0,0,1,1
0x9fe613,97.7273%,1,43,44,40,0,1,3
0x781703,96.9697%,1,32,33,32,1,0,0
0x8e53c8,93.75%,1,15,16,0,0,1,15
0xa4bcea,75%,1,3,4,3,1,0,0
0x4a871c,50%,1,1,2,0,0,1,1
0x815b3d,97.561%,1,40,41,40,1,0,0
0x9a5e0f,90%,1,9,10,0,0,1,9
0xa4eed3,95.4545%,1,21,22,0,0,1,21
0x51af08,50%,1,1,2,1,1,0,0
0x8e9630,50%,1,1,2,0,0,1,1
0x5f61f4,50%,1,1,2,1,1,0,0
0x96ebcf,0%,1,0,1,0,1,0,0
0x48980f,91.6667%,1,11,12,11,1,0,0
0x809a96,0%,1,0,1,0,0,1,0
0xaa8125,80%,1,4,5,4,1,0,0
0x9027bf,95.8333%,1,23,24,11,1,0,12
0xa2b2e0,50%,1,1,2,0,0,1,1
0x58e467,80%,1,4,5,0,0,1,4
0x556000,66.6667%,1,2,3,0,0,1,2
0x66612a,0%,1,0,1,0,1,0,0
0x48d221,83.3333%,1,5,6,0,0,1,5
0xa07e4d,50%,1,1,2,0,1,0,1
0x9fb356,66.6667%,1,2,3,0,0,1,2
0xa2b430,92.8571%,1,13,14,13,1,0,0
0x63d825,99.2908%,1,140,141,140,1,0,0
0x5fad39,83.3333%,1,5,6,0,0,1,5
0xa6c5e0,98.7952%,1,82,83,82,1,0,0
0x63ab35,99.8782%,1,820,821,820,1,0,0
0xa47e92,91.6667%,1,11,12,0,0,1,11
0x8081a8,96.2963%,1,26,27,26,1,0,0
0x54fdcc,0%,1,0,1,0,1,0,0
0x98d00c,91.6667%,1,11,12,0,0,1,11
0x5ff513,83.3333%,1,5,6,0,1,0,5
0x4ab161,83.3333%,1,5,6,5,1,0,0
0x5ff454,75%,1,3,4,3,0,1,0
0x49e307,99.7076%,1,341,342,341,1,0,0
0x944eba,87.5%,1,7,8,0,0,1,7
0x8ea729,75%,1,3,4,3,1,0,0
0x951013,99.5283%,1,211,212,0,1,0,211
0x58ec3b,96.6667%,1,29,30,0,0,1,29
0x9c4e40,50%,1,1,2,0,0,1,1
0xa42a2c,96.4286%,1,27,28,27,1,0,0
0x488737,99.7475%,1,395,396,395,1,0,0
0x9c4e52,50%,1,1,2,0,1,0,1
0x9c4e70,0%,1,0,1,0,0,1,0
0x78f649,92.8571%,1,13,14,13,1,0,0
0x9e0613,98.2759%,1,57,58,57,1,0,0
0x78f61f,93.3333%,1,14,15,0,0,1,14
0x78f62e,93.3333%,1,14,15,0,1,0,14
0x4ba9cc,96.7742%,1,30,31,0,0,1,30
0x4ba832,96.7742%,1,30,31,30,1,0,0
0x491b85,50%,1,1,2,1,0,1,0
0x8199ba,97.0588%,1,33,34,33,1,0,0
0x8ad8da,50%,1,1,2,0,0,1,1
0xa47972,88.8889%,1,8,9,8,1,0,0
0x918eba,99.5%,1,199,200,0,0,1,199
0x5cd319,66.6667%,1,2,3,0,0,1,2
0xaa8278,80%,1,4,5,0,0,1,4
0x72353b,99.9308%,1,1445,1446,0,0,1,1445
0x670e58,50%,1,1,2,0,0,1,1
0x54fc3a,0%,1,0,1,0,0,1,0
0x72359e,99.9308%,1,1445,1446,0,0,1,1445
0x9c4df7,50%,1,1,2,0,0,1,1
0x40a80c,95.4545%,1,21,22,21,1,0,0
0x7869fc,83.3333%,1,5,6,0,0,1,5
0x821b94,0%,1,0,1,0,1,0,0
0x8e4b6e,99.4382%,1,177,178,0,0,1,177
0xa414d9,96%,1,24,25,0,0,1,24
0x909941,99.9461%,1,1856,1857,1856,1,0,0
0x67329e,94.7368%,1,18,19,18,1,0,0
0x809f98,99.6942%,1,326,327,0,0,1,326
0x95109a,50%,1,1,2,1,0,1,0
0x7b1128,94.1176%,1,16,17,12,0,1,4
0x9e27fb,98.2759%,1,57,58,0,0,1,57
0x9e2716,98.2759%,1,57,58,57,1,0,0
0x8da940,50%,1,1,2,1,1,0,0
0xa355c3,99.6689%,1,301,302,0,0,1,301
0x8f45ec,98.2456%,1,56,57,45,0,1,11
0x7b5dc9,75%,1,3,4,0,0,1,3
0x8092c7,0%,1,0,1,0,1,0,0
0x9698d3,50%,1,1,2,0,0,1,1
0x833cbe,50%,1,1,2,0,0,1,1
0x8ff81e,99%,1,99,100,0,0,1,99
0x984675,98.9474%,1,94,95,0,0,1,94
0x54464f,50%,1,1,2,1,1,0,0
0x81aeb1,80%,1,4,5,4,1,0,0
0xa470d2,95.4545%,1,21,22,21,1,0,0
0x4be362,90.9091%,1,10,11,0,0,1,10
0xa0f33c,83.3333%,1,5,6,5,1,0,0
0x5fa759,99.5349%,1,214,215,0,0,1,214
0x649c7e,50%,1,1,2,1,1,0,0
0xa92943,83.3333%,1,5,6,0,0,1,5
0x63b574,99.9234%,1,1305,1306,1305,1,0,0
0xa4989e,95.4545%,1,21,22,0,0,1,21
0x817d99,97.2222%,1,35,36,0,0,1,35
0x807ba2,99.5516%,1,222,223,0,0,1,222
0x9bd441,91.6667%,1,11,12,0,0,1,11
0x4b7b36,90.9091%,1,10,11,10,1,0,0
0x5f9520,88.8889%,1,8,9,0,0,1,8
0x64b53a,91.6667%,1,11,12,0,0,1,11
0xa2dbc8,75%,1,3,4,0,0,1,3
0xa8e634,0%,1,0,1,0,0,1,0
0x88e009,83.3333%,1,5,6,0,0,1,5
0x9f4f0f,88.8889%,1,8,9,8,1,0,0
0x63fe68,99.8959%,1,960,961,960,1,0,0
0x81b67c,50%,1,1,2,0,0,1,1
0x9f3ffc,99.1228%,1,113,114,0,0,1,113
0xa8e60d,0%,1,0,1,0,1,0,0
0x8f1f1c,97.5%,1,39,40,0,0,1,39
0x673d1e,94.7368%,1,18,19,18,1,0,0
0x4c56a2,98.1818%,1,54,55,0,0,1,54
0x4c563e,95.8333%,1,23,24,0,0,1,23
0x670a52,94.7368%,1,18,19,18,1,0,0
0x9f0db6,99.7608%,1,417,418,0,0,1,417
0x6ed718,0%,1,0,1,0,1,0,0
0x9d1280,93.75%,1,15,16,0,0,1,15
0xa8e5cf,0%,1,0,1,0,0,1,0
0x805429,50%,1,1,2,0,0,1,1
0x81e9c4,98.6842%,1,75,76,0,0,1,75
0x4c62ab,97.7273%,1,43,44,43,1,0,0
0xa418d1,88.8889%,1,8,9,0,0,1,8
0x943d83,87.5%,1,7,8,7,1,0,0
0xa8e572,80%,1,4,5,0,1,0,4
0x490419,66.6667%,1,2,3,2,1,0,0
0xa0648e,97.1429%,1,34,35,0,0,1,34
0xa4a2ff,94.4444%,1,17,18,0,0,1,17
0x4c4455,98.75%,1,79,80,0,0,1,79
0x491f9f,0%,1,0,1,0,0,1,0
0x5cd32c,66.6667%,1,2,3,2,1,0,0
0x63fbcb,99.8959%,1,960,961,0,0,1,960
0xa34e81,99.3243%,1,147,148,0,0,1,147
0x48f7da,94.4444%,1,17,18,0,0,1,17
0x672323,50%,1,1,2,0,0,1,1
0xa4eec3,95.4545%,1,21,22,0,0,1,21
0xa3ac31,75%,1,3,4,3,1,0,0
0xa3507e,99.1453%,1,116,117,116,1,0,0
0xa669fd,99.4286%,1,174,175,174,1,0,0
0xa2fa04,75%,1,3,4,3,1,0,0
0x4c2113,99.3711%,1,158,159,158,1,0,0
0x4c20ea,99.3711%,1,158,159,0,0,1,158
0x49c8bd,87.5%,1,7,8,7,1,0,0
0xa2d4b5,75%,1,3,4,3,1,0,0
0x49cff4,0%,1,0,1,0,0,1,0
0x9bd40f,91.6667%,1,11,12,11,1,0,0
0xaaa705,85.7143%,1,6,7,6,1,0,0
0x99cd87,88.8889%,1,8,9,0,0,1,8
0xa4a946,50%,1,1,2,1,1,0,0
0x8a8e9b,75%,1,3,4,0,0,1,3
0x7f0647,50%,1,1,2,1,1,0,0
0x4b86d7,90.9091%,1,10,11,0,0,1,10
0xa30f28,99.4872%,1,194,195,0,0,1,194
0x80aeca,50%,1,1,2,0,1,0,1
0x805303,50%,1,1,2,0,0,1,1
0x5415ea,80%,1,4,5,0,0,1,4
0x5e211a,66.6667%,1,2,3,2,1,0,0
0x5ae250,98.4848%,1,65,66,0,0,1,65
0x805316,50%,1,1,2,0,0,1,1
0xa05e92,85.7143%,1,6,7,0,1,0,6
0xa34f6f,99.3243%,1,147,148,116,0,1,31
0x48da49,97.8261%,1,45,46,0,0,1,45
0x5ef750,0%,1,0,1,0,0,1,0
0x66f6f7,0%,1,0,1,0,1,0,0
0xa6617f,98.8372%,1,85,86,85,1,0,0
0x4bb903,98.2143%,1,55,56,0,0,1,55
0x4bb8d2,98.2143%,1,55,56,0,0,1,55
0x4c0eec,97.619%,1,41,42,9,1,0,32
0xa05117,0%,1,0,1,0,0,1,0
0x6f4591,90%,1,9,10,0,0,1,9
0xa8f867,75%,1,3,4,1,0,1,2
0x44148e,99.8282%,1,581,582,0,0,1,581
0x959129,50%,1,1,2,0,0,1,1
0x9f870f,66.6667%,1,2,3,2,1,0,0
0xa4b717,99.5781%,1,236,237,0,0,1,236
0x6f1710,91.6667%,1,11,12,0,0,1,11
0x80b487,0%,1,0,1,0,0,1,0
0x5f2f8e,0%,1,0,1,0,0,1,0
0x55761e,50%,1,1,2,1,1,0,0
0x4b6ec3,96.7742%,1,30,31,0,0,1,30
0x66f4db,0%,1,0,1,0,1,0,0
0x88e53b,97.4359%,1,38,39,38,1,0,0
0x48fae9,66.6667%,1,2,3,2,1,0,0
0x69769e,96.4286%,1,27,28,0,0,1,27
0xa4fe86,75%,1,3,4,0,0,1,3
0x551031,93.3333%,1,14,15,0,0,1,14
0xa2ddd9,97.2222%,1,35,36,0,0,1,35
0x8c8d69,87.5%,1,7,8,0,0,1,7
0x63acf1,99.7396%,1,383,384,383,1,0,0
0xa53aa6,50%,1,1,2,0,0,1,1
0xad456a,80%,1,4,5,0,0,1,4
0x70c02b,83.3333%,1,5,6,5,1,0,0
0x4c056a,96.7742%,1,30,31,30,1,0,0
0x4c0511,98.8372%,1,85,86,85,1,0,0
0x4c0489,98.8372%,1,85,86,0,0,1,85
0x99f677,99.0196%,1,101,102,0,0,1,101
0x8ebd83,50%,1,1,2,0,0,1,1
0x81218a,75%,1,3,4,1,1,0,2
0xa482aa,91.6667%,1,11,12,11,1,0,0
0x6ed6d0,0%,1,0,1,0,0,1,0
0x6ed6c0,0%,1,0,1,0,0,1,0
0x675672,0%,1,0,1,0,0,1,0
0x67075d,0%,1,0,1,0,1,0,0
0xa085e7,80%,1,4,5,4,1,0,0
0xb182a7,99.9005%,1,1004,1005,19,0,1,985
0x5018af,0%,1,0,1,0,1,0,0
0x483171,96.5517%,1,28,29,0,0,1,28
0x63ce93,99.5%,1,199,200,199,1,0,0
0x99ce6f,88.8889%,1,8,9,8,1,0,0
0x540d77,99.7143%,1,349,350,0,0,1,349
0x99ac37,99.6078%,1,254,255,0,0,1,254
0xa43838,99.7253%,1,363,364,363,1,0,0
0x805279,50%,1,1,2,1,1,0,0
0x7b0ad2,95.4545%,1,21,22,21,1,0,0
0x40b2b5,50%,1,1,2,1,1,0,0
0x5c6c52,99.9534%,1,2145,2146,0,0,1,2145
0x7b719c,96.875%,1,31,32,0,0,1,31
0x962ee9,50%,1,1,2,0,0,1,1
0x8df3d0,93.75%,1,15,16,0,0,1,15
0x804b08,50%,1,1,2,0,0,1,1
0xa5b4ca,91.6667%,1,11,12,0,0,1,11
0x4b6758,90.9091%,1,10,11,0,0,1,10
0x9f86a6,90.9091%,1,10,11,10,1,0,0
0x7d4496,50%,1,1,2,1,1,0,0
0x8e4c11,99.6124%,1,257,258,257,1,0,0
0x805023,50%,1,1,2,0,0,1,1
0x63ad14,99.7396%,1,383,384,383,1,0,0
0x9fbf97,99.6732%,1,305,306,0,0,1,305
0x78f89c,0%,1,0,1,0,0,1,0
0x63ad5f,99.7396%,1,383,384,383,1,0,0
0x9d0644,98.3871%,1,61,62,0,0,1,61
0x4c0015,95.8333%,1,23,24,0,0,1,23
0xa07fee,0%,1,0,1,0,0,1,0
0xa491a6,96.6667%,1,29,30,29,1,0,0
0xa5306f,87.5%,1,7,8,7,1,0,0
0x9c50be,87.5%,1,7,8,7,1,0,0
0x8c8af7,98.75%,1,79,80,0,0,1,79
0x9bdca5,96.4286%,1,27,28,27,1,0,0
0x64f215,94.1176%,1,16,17,0,0,1,16
0x4b5c90,98.1132%,1,52,53,2,1,0,50
0x8df112,95.8333%,1,23,24,23,1,0,0
0xa47865,75%,1,3,4,2,1,0,1
0x90b97c,99.8959%,1,960,961,0,0,1,960
0x9bde79,50%,1,1,2,0,0,1,1
0x5f6463,50%,1,1,2,1,1,0,0
0x808ed3,50%,1,1,2,0,0,1,1
0xa1d74c,50%,1,1,2,0,0,1,1
0x535625,98.3607%,1,60,61,0,0,1,60
0x4bb26f,99.7831%,1,460,461,0,0,1,460
0x501e7c,80%,1,4,5,0,0,1,4
0x8dc283,99.6914%,1,323,324,323,1,0,0
0xa9d0e5,50%,1,1,2,1,1,0,0
0x8e91a4,50%,1,1,2,0,0,1,1
0x8d99b8,83.3333%,1,5,6,5,1,0,0
0x4b61c4,95.2381%,1,20,21,0,0,1,20
0xa440f8,98.4375%,1,63,64,0,0,1,63
0x4b9fda,97.8723%,1,46,47,0,0,1,46
0x8170a4,50%,1,1,2,0,0,1,1
0xa21062,0%,1,0,1,0,0,1,0
0x675561,50%,1,1,2,0,1,0,1
0xa467a5,95.8333%,1,23,24,11,1,0,12
0x66f719,0%,1,0,1,0,0,1,0
0x49ad4f,83.3333%,1,5,6,5,1,0,0
0xa34393,97.9592%,1,48,49,0,0,1,48
0x649ce8,50%,1,1,2,0,0,1,1
0x4a8133,98.913%,1,91,92,91,1,0,0
0x675350,0%,1,0,1,0,0,1,0
0x4b67ab,90.9091%,1,10,11,0,0,1,10
0x81fba0,99.6904%,1,322,323,0,0,1,322
0x5420ed,99.8578%,1,702,703,702,1,0,0
0xa4677c,91.6667%,1,11,12,0,0,1,11
0x9595e7,75%,1,3,4,0,0,1,3
0xa46724,96.6667%,1,29,30,0,0,1,29
0x58d925,83.3333%,1,5,6,5,1,0,0
0x7847b2,97.1429%,1,34,35,0,0,1,34
0x908329,99.9534%,1,2147,2148,0,0,1,2147
0x5f4e33,50%,1,1,2,0,0,1,1
0xa07539,83.3333%,1,5,6,2,0,1,3
0x821bcd,0%,1,0,1,0,1,0,0
0x49bf16,83.3333%,1,5,6,0,0,1,5
0x8c93b5,99.8264%,1,575,576,575,1,0,0
0x8f2cf1,50%,1,1,2,0,0,1,1
0xa48300,87.5%,1,7,8,7,1,0,0
0x9dfa3b,99.5327%,1,213,214,0,0,1,213
0x556ac9,75%,1,3,4,3,1,0,0
0x983f17,87.5%,1,7,8,0,0,1,7
0x550edf,97.9592%,1,48,49,0,0,1,48
0x9e5c70,97.1429%,1,34,35,34,1,0,0
0xa363ce,99.6633%,1,296,297,0,0,1,296
0x9ea96a,50%,1,1,2,1,1,0,0
0x64830b,99.8936%,1,939,940,0,0,1,939
0x8dbd7a,99.4624%,1,185,186,0,0,1,185
0x675632,0%,1,0,1,0,0,1,0
0x5910d6,0%,1,0,1,0,1,0,0
0x4c07c1,98.8372%,1,85,86,0,0,1,85
0xa2f152,0%,1,0,1,0,0,1,0
0x63f419,50%,1,1,2,0,0,1,1
0x909a00,99.9461%,1,1856,1857,1856,1,0,0
0x809190,50%,1,1,2,0,0,1,1
0x675602,0%,1,0,1,0,1,0,0
0xa50a85,92.8571%,1,13,14,0,0,1,13
0x7d400e,66.6667%,1,2,3,0,0,1,2
0xad0630,50%,1,1,2,0,0,1,1
0x675572,0%,1,0,1,0,0,1,0
0x7d4400,50%,1,1,2,0,0,1,1
0x63d50b,99.8715%,1,777,778,777,1,0,0
0x63d539,99.8715%,1,777,778,777,1,0,0
0x675581,0%,1,0,1,0,0,1,0
0xa3618d,99.2958%,1,141,142,0,0,1,141
0x5f405d,75%,1,3,4,0,0,1,3
0x4bd703,97.4359%,1,38,39,0,0,1,38
0xa472d1,97.619%,1,41,42,0,0,1,41
0x5f3b58,85.7143%,1,6,7,4,0,1,2
0x8121e9,99.6198%,1,262,263,0,0,1,262
0xa9558a,75%,1,3,4,0,0,1,3
0x492d9e,50%,1,1,2,1,1,0,0
0x5fae4e,97.9167%,1,47,48,0,0,1,47
0xa04216,50%,1,1,2,0,0,1,1
0xa95926,75%,1,3,4,3,1,0,0
0x80d499,99.0909%,1,109,110,0,0,1,109
0x5fac03,0%,1,0,1,0,0,1,0
0x60dc21,98.3333%,1,59,60,0,0,1,59
0x5fdd9c,0%,1,0,1,0,1,0,0
0x58e430,97.7778%,1,44,45,0,0,1,44
0x5fdcf2,0%,1,0,1,0,1,0,0
0xa2d76c,98.8235%,1,84,85,84,1,0,0
0x5fdc5f,0%,1,0,1,0,0,1,0
0x81fdf0,97.9167%,1,47,48,0,0,1,47
0x6f45b4,75%,1,3,4,3,1,0,0
0x8bb6b6,92.3077%,1,12,13,12,1,0,0
0x9bd5d2,95.8333%,1,23,24,11,1,0,12
0x9fb316,97.1429%,1,34,35,31,1,0,3
0x50d0d3,98.7805%,1,81,82,0,0,1,81
0x6754aa,0%,1,0,1,0,0,1,0
0x803df8,94.4444%,1,17,18,0,0,1,17
0xa07643,83.3333%,1,5,6,0,1,0,5
0x4097c7,50%,1,1,2,1,1,0,0
0x54fbed,0%,1,0,1,0,1,0,0
0xa953a4,75%,1,3,4,0,0,1,3
0x7b016f,83.3333%,1,5,6,0,0,1,5
0x4b9ab9,87.5%,1,7,8,3,1,0,4
0x535893,98.4375%,1,63,64,0,1,0,63
0xa662f1,0%,1,0,1,0,1,0,0
0x8055b2,94.7368%,1,18,19,18,1,0,0
0x5fb6a6,98.6667%,1,74,75,74,1,0,0
0x5fb631,50%,1,1,2,0,0,1,1
0x5fb4b9,50%,1,1,2,1,1,0,0
0x5fb360,83.3333%,1,5,6,5,1,0,0
0x9f72b4,92.8571%,1,13,14,13,1,0,0
0x8063f3,0%,1,0,1,0,0,1,0
0x4b9ad4,87.5%,1,7,8,4,0,1,3
0x5b068d,50%,1,1,2,0,0,1,1
0x8e483b,99.9441%,1,1789,1790,0,0,1,1789
0x7cd9bd,87.5%,1,7,8,7,1,0,0
0x6b461c,0%,1,0,1,0,1,0,0
0x6b4641,0%,1,0,1,0,0,1,0
0xa4f81f,50%,1,1,2,0,0,1,1
0x906d80,99.4898%,1,195,196,0,0,1,195
0x911d1f,99.7706%,1,435,436,0,0,1,435
0x6ebdb8,0%,1,0,1,0,1,0,0
0xa99caf,75%,1,3,4,3,1,0,0
0x7c70bf,92.3077%,1,12,13,12,1,0,0
0x5ff54a,87.5%,1,7,8,0,0,1,7
0x6ebfec,0%,1,0,1,0,0,1,0
0x67a09a,83.3333%,1,5,6,0,0,1,5
0x6ebffe,0%,1,0,1,0,0,1,0
0x673854,50%,1,1,2,1,1,0,0
0x7bb8f2,87.5%,1,7,8,4,0,1,3
0x8bb6ea,92.3077%,1,12,13,0,0,1,12
0x5fdc2b,0%,1,0,1,0,1,0,0
0x590b6a,90.9091%,1,10,11,10,1,0,0
0x66f6b6,90%,1,9,10,9,1,0,0
0x5ff492,90%,1,9,10,0,0,1,9
0x8062a3,50%,1,1,2,0,0,1,1
0xa95b31,50%,1,1,2,0,0,1,1
0x5bd729,99.3103%,1,144,145,144,1,0,0
0x6a7864,0%,1,0,1,0,1,0,0
0x7c6841,50%,1,1,2,0,0,1,1
0x65ad65,0%,1,0,1,0,0,1,0
0x888607,50%,1,1,2,1,1,0,0
0x8fd9ea,80%,1,4,5,4,0,1,0
0x9fb749,99.6732%,1,305,306,0,0,1,305
0x6a78c6,0%,1,0,1,0,1,0,0
0x5fbc47,50%,1,1,2,0,0,1,1
0xa0bb3e,80%,1,4,5,4,1,0,0
0x9e3794,96%,1,24,25,0,0,1,24
0x9988e0,66.6667%,1,2,3,1,0,1,1
0x4b5efb,75%,1,3,4,0,0,1,3
0x9fcb75,96%,1,24,25,0,0,1,24
0x9f64ac,99.4413%,1,178,179,0,0,1,178
0x69de57,91.6667%,1,11,12,11,1,0,0
0xa06327,66.6667%,1,2,3,1,0,1,1
0x493213,97.4359%,1,38,39,0,0,1,38
0x99cf8f,88.8889%,1,8,9,0,0,1,8
0x5cb099,99.8871%,1,885,886,0,0,1,885
0xa25e24,98.7179%,1,77,78,0,0,1,77
0xa0bc4b,85.7143%,1,6,7,0,0,1,6
0x5b0efe,0%,1,0,1,0,0,1,0
0xa0642a,50%,1,1,2,1,1,0,0
0xa0bc82,83.3333%,1,5,6,5,1,0,0
0xa059bc,96.5517%,1,28,29,28,1,0,0
0x592d3a,94.4444%,1,17,18,0,0,1,17
0x96e77f,0%,1,0,1,0,1,0,0
0x834067,50%,1,1,2,0,0,1,1
0x4b498e,99.2754%,1,137,138,0,0,1,137
0x9fcf19,96%,1,24,25,0,0,1,24
0xa0b9fd,0%,1,0,1,0,0,1,0
0xa0ba0d,80%,1,4,5,4,1,0,0
0x593214,92.8571%,1,13,14,0,0,1,13
0x9f11d3,80%,1,4,5,0,0,1,4
0x554594,99.654%,1,288,289,288,1,0,0
0x9fcd20,85.7143%,1,6,7,6,1,0,0
0x99aa6d,99.0196%,1,101,102,0,0,1,101
0xa9d1ec,98.4848%,1,65,66,0,0,1,65
0x8e5346,96.875%,1,31,32,0,0,1,31
0xa44fab,92.8571%,1,13,14,0,0,1,13
0x647bae,97.6744%,1,42,43,0,0,1,42
0x9fcc80,85.7143%,1,6,7,0,0,1,6
0xa17faf,99.7333%,1,374,375,0,0,1,374
0x81c033,99.6942%,1,326,327,0,0,1,326
0x804b72,50%,1,1,2,0,0,1,1
0xa0f283,83.3333%,1,5,6,5,1,0,0
0x5e59c9,66.6667%,1,2,3,2,1,0,0
0x4b5eea,75%,1,3,4,0,0,1,3
0x4b5f25,75%,1,3,4,0,0,1,3
0xaad22f,85.7143%,1,6,7,6,1,0,0
0x5cb11d,66.6667%,1,2,3,2,1,0,0
0x5f87de,0%,1,0,1,0,0,1,0
0x789147,92.3077%,1,12,13,3,0,1,9
0x981290,50%,1,1,2,0,1,0,1
0x53e8a0,80%,1,4,5,0,0,1,4
0x814d18,50%,1,1,2,0,1,0,1
0x815b64,97.561%,1,40,41,0,0,1,40
0xa0baab,0%,1,0,1,0,0,1,0
0x5fb8a2,98.1818%,1,54,55,0,0,1,54
0x490c96,95%,1,19,20,0,0,1,19
0x5cbee5,94.1176%,1,16,17,16,1,0,0
0x5f19b1,50%,1,1,2,1,1,0,0
0x7a0f86,97.1429%,1,34,35,0,0,1,34
0x502d92,87.5%,1,7,8,7,1,0,0
0x5c834b,83.3333%,1,5,6,5,1,0,0
0x5f4a00,50%,1,1,2,1,1,0,0
0x8c87d3,99.7797%,1,453,454,0,0,1,453
0xa557e7,83.3333%,1,5,6,1,1,0,4
0x8ec921,50%,1,1,2,0,0,1,1
0x7efba6,50%,1,1,2,1,1,0,0
0x7d2b49,92.3077%,1,12,13,0,0,1,12
0xa5c6e2,99.0196%,1,101,102,95,1,0,6
0x60c642,85.7143%,1,6,7,2,1,0,4
0xa0f1cc,83.3333%,1,5,6,0,0,1,5
0x7c7be2,0%,1,0,1,0,0,1,0
0x7d2219,0%,1,0,1,0,1,0,0
0x7c20df,91.6667%,1,11,12,0,0,1,11
0x64f50e,95.8333%,1,23,24,23,1,0,0
0x80b7f5,0%,1,0,1,0,1,0,0
0x5417b4,87.5%,1,7,8,7,1,0,0
0x547c15,99.3506%,1,153,154,153,1,0,0
0xa08c72,75%,1,3,4,0,0,1,3
0x481afd,94.7368%,1,18,19,0,1,0,18
0x49b037,50%,1,1,2,0,0,1,1
0xa21b45,50%,1,1,2,0,0,1,1
0x54fcb6,0%,1,0,1,0,0,1,0
0x5f8aaa,87.5%,1,7,8,4,0,1,3
0x809f03,75%,1,3,4,2,0,1,1
0x5f88fb,87.5%,1,7,8,7,1,0,0
0x94bcb7,93.75%,1,15,16,0,0,1,15
0x9e7a75,99.2908%,1,140,141,0,0,1,140
0x8deab0,99.2188%,1,127,128,0,0,1,127
0x9746d8,94.7368%,1,18,19,0,0,1,18
0x90ad42,97.0588%,1,33,34,0,0,1,33
0xa37cb0,80%,1,4,5,0,0,1,4
0x970fed,50%,1,1,2,1,1,0,0
0x5f96b5,93.75%,1,15,16,8,0,1,7
0xa084bf,80%,1,4,5,4,1,0,0
0x7c76e7,75%,1,3,4,0,0,1,3
0x487845,0%,1,0,1,0,1,0,0
0x804db1,50%,1,1,2,0,0,1,1
0x5f91ab,88.8889%,1,8,9,0,1,0,8
0xa53730,87.5%,1,7,8,0,0,1,7
0xa477e4,75%,1,3,4,3,1,0,0
0xb30706,80%,1,4,5,0,0,1,4
0x804be1,0%,1,0,1,0,1,0,0
0x96a679,98.4615%,1,64,65,0,0,1,64
0x80619e,50%,1,1,2,0,0,1,1
0xa086bc,75%,1,3,4,0,0,1,3
0x492e1a,50%,1,1,2,1,0,1,0
0x5f55be,75%,1,3,4,0,0,1,3
0x77ae76,0%,1,0,1,0,1,0,0
0x9e76e8,99.75%,1,399,400,399,1,0,0
0x8063fd,0%,1,0,1,0,1,0,0
0x4416f7,90.9091%,1,10,11,0,0,1,10
0x627efd,95.6522%,1,22,23,0,0,1,22
0xa08e63,97.7778%,1,44,45,0,0,1,44
0x40ac95,85.7143%,1,6,7,0,0,1,6
0x670519,0%,1,0,1,0,1,0,0
0x90f8be,50%,1,1,2,0,0,1,1
0x5bae3f,50%,1,1,2,1,1,0,0
0x5f7763,75%,1,3,4,3,1,0,0
0x8bdcd2,0%,1,0,1,0,1,0,0
0x4951e8,0%,1,0,1,0,0,1,0
0xa39293,92.8571%,1,13,14,13,1,0,0
0x49f54c,94.4444%,1,17,18,17,1,0,0
0x5bb08d,99.0196%,1,101,102,101,1,0,0
0xb31698,98.3051%,1,58,59,0,0,1,58
0x409369,50%,1,1,2,0,0,1,1
0x60bb4f,94.4444%,1,17,18,0,0,1,17
0x490cd6,88.8889%,1,8,9,0,0,1,8
0x547ab0,75%,1,3,4,3,1,0,0
0x8bf170,50%,1,1,2,0,0,1,1
0x80b8cd,99.5192%,1,207,208,207,1,0,0
0x5f87f0,0%,1,0,1,0,0,1,0
0xa5029c,93.75%,1,15,16,15,1,0,0
0x6667e1,50%,1,1,2,0,0,1,1
0x804c46,0%,1,0,1,0,1,0,0
0xa085b7,80%,1,4,5,0,0,1,4
0x48e5bc,97.9167%,1,47,48,0,0,1,47
0x5a60d7,75%,1,3,4,0,0,1,3
0x491a2d,50%,1,1,2,0,0,1,1
0x9f951b,96%,1,24,25,0,0,1,24
0x789b27,96.4286%,1,27,28,0,1,0,27
0x901aa4,99.6032%,1,251,252,0,0,1,251
0x96992c,98.4615%,1,64,65,0,0,1,64
0xa39617,99.8342%,1,602,603,0,0,1,602
0x901a27,99.6032%,1,251,252,0,0,1,251
0x5bad98,50%,1,1,2,0,0,1,1
0xa0800b,0%,1,0,1,0,1,0,0
0x7180eb,0%,1,0,1,0,0,1,0
0x71c2aa,0%,1,0,1,0,1,0,0
0x6d9e7b,0%,1,0,1,0,1,0,0
0x695f7a,95.8333%,1,23,24,0,0,1,23
0x7808d9,50%,1,1,2,0,0,1,1
0x4c297c,0%,1,0,1,0,0,1,0
0xa3992c,92.8571%,1,13,14,0,0,1,13
0xa398c4,92.8571%,1,13,14,13,1,0,0
0x5b074e,50%,1,1,2,1,1,0,0
0x5fa3bb,83.3333%,1,5,6,0,0,1,5
0x5eef91,92.3077%,1,12,13,12,1,0,0
0x66f448,83.3333%,1,5,6,5,1,0,0
0x5fbaf9,50%,1,1,2,1,1,0,0
0xa39499,92.8571%,1,13,14,0,0,1,13
0x81747a,50%,1,1,2,1,1,0,0
0xa08309,0%,1,0,1,0,0,1,0
0xa3948d,92.8571%,1,13,14,0,0,1,13
0x677b81,98.7179%,1,77,78,0,0,1,77
0x9e8620,97.561%,1,40,41,40,1,0,0
0x5c4fdc,96.7742%,1,30,31,0,0,1,30
0x49a415,83.3333%,1,5,6,0,0,1,5
0x40a943,66.6667%,1,2,3,0,1,0,2
0x6ec03d,0%,1,0,1,0,0,1,0
0x9e85b9,99.4012%,1,166,167,166,1,0,0
0x9ff586,97.5%,1,39,40,0,0,1,39
0x7180a4,0%,1,0,1,0,0,1,0
0x9fe9fb,66.6667%,1,2,3,2,1,0,0
0xa53a38,50%,1,1,2,0,0,1,1
0xa08099,75%,1,3,4,3,1,0,0
0x99e68e,92.3077%,1,12,13,0,0,1,12
0xa51153,75%,1,3,4,3,1,0,0
0x4419ae,90.9091%,1,10,11,0,0,1,10
0x8065f9,96.2963%,1,26,27,0,0,1,26
0x49a0de,96.875%,1,31,32,0,0,1,31
0x5f7a97,0%,1,0,1,0,1,0,0
0x5c37fe,75%,1,3,4,3,1,0,0
0x8be4a4,94.4444%,1,17,18,0,0,1,17
0x59162f,66.6667%,1,2,3,2,1,0,0
0x491c79,50%,1,1,2,1,0,1,0
0xa64c41,50%,1,1,2,1,1,0,0
0xa9ca31,90%,1,9,10,0,0,1,9
0x9e16e0,50%,1,1,2,1,1,0,0
0x5a076c,50%,1,1,2,0,0,1,1
0x9e77c1,85.7143%,1,6,7,6,1,0,0
0x81ef94,75%,1,3,4,0,0,1,3
0x8ec87f,50%,1,1,2,1,1,0,0
0xa06934,50%,1,1,2,1,1,0,0
0x8122af,98.9899%,1,98,99,0,0,1,98
0x718112,0%,1,0,1,0,0,1,0
0xa9ca48,90%,1,9,10,0,0,1,9
0xa06a64,50%,1,1,2,0,0,1,1
0x591694,66.6667%,1,2,3,0,0,1,2
0x793e69,83.3333%,1,5,6,5,1,0,0
0x99f5d9,99.0196%,1,101,102,101,1,0,0
0xa07977,83.3333%,1,5,6,5,0,1,0
0x8a5e3c,99.6815%,1,313,314,0,0,1,313
0x487821,50%,1,1,2,1,0,1,0
0xa5b2fd,66.6667%,1,2,3,0,0,1,2
0x9e706a,85.7143%,1,6,7,0,0,1,6
0x80eaac,99.8099%,1,525,526,0,0,1,525
0x8fe39d,96.6667%,1,29,30,14,1,0,15
0xa0b9e2,0%,1,0,1,0,0,1,0
0x5fa1ba,96.2963%,1,26,27,0,0,1,26
0x675127,66.6667%,1,2,3,2,0,1,0
0xa07982,0%,1,0,1,0,1,0,0
0x9e7dc3,95.8333%,1,23,24,0,0,1,23
0x5f9e33,83.3333%,1,5,6,0,0,1,5
0x9f157e,90.9091%,1,10,11,0,0,1,10
0x59160a,66.6667%,1,2,3,0,0,1,2
0xaa819b,80%,1,4,5,0,0,1,4
0x4c0282,98.5294%,1,67,68,67,1,0,0
0x9116d1,99.4152%,1,170,171,0,0,1,170
0x90a0f8,97.7273%,1,43,44,43,1,0,0
0xa1b04c,0%,1,0,1,0,0,1,0
0xb6a103,80%,1,4,5,0,0,1,4
0xa34ba4,98.6667%,1,74,75,0,0,1,74
0x544ba9,98.2456%,1,56,57,56,1,0,0
0x670507,50%,1,1,2,1,0,1,0
0x675167,0%,1,0,1,0,0,1,0
0x8e9ce2,80%,1,4,5,0,0,1,4
0xa22e0d,94.7368%,1,18,19,18,1,0,0
0x8e1065,75%,1,3,4,3,1,0,0
0xa54ab5,87.5%,1,7,8,0,0,1,7
0x504bf5,99.8445%,1,642,643,642,1,0,0
0x78402d,66.6667%,1,2,3,0,0,1,2
0x9cfc7d,87.5%,1,7,8,0,0,1,7
0x5f31a4,85.7143%,1,6,7,0,1,0,6
0xa08415,87.5%,1,7,8,0,1,0,7
0x51053f,99.9199%,1,1247,1248,0,0,1,1247
0x4bd144,87.5%,1,7,8,1,0,1,6
0x9a8f75,92.8571%,1,13,14,13,1,0,0
0x980832,90.9091%,1,10,11,0,0,1,10
0x80abee,50%,1,1,2,1,1,0,0
0x98099a,87.5%,1,7,8,7,1,0,0
0x8379e6,97.7273%,1,43,44,43,1,0,0
0x494a9d,50%,1,1,2,1,1,0,0
0xa4707f,95.4545%,1,21,22,0,0,1,21
0x4a9a07,50%,1,1,2,1,1,0,0
0x9809c4,90.9091%,1,10,11,10,1,0,0
0x98447f,94.7368%,1,18,19,18,0,1,0
0x5f5ff9,50%,1,1,2,1,1,0,0
0x813ba6,95.4545%,1,21,22,21,0,1,0
0x53b8ec,90.9091%,1,10,11,0,0,1,10
0x9ed44a,99.3333%,1,149,150,0,0,1,149
0x53b90b,90.9091%,1,10,11,10,1,0,0
0xa47c42,97.4359%,1,38,39,0,0,1,38
0x99bb11,99.4737%,1,189,190,0,0,1,189
0x4bbb10,0%,1,0,1,0,1,0,0
0x5d3bce,87.5%,1,7,8,0,0,1,7
0x780893,66.6667%,1,2,3,0,1,0,2
0x8ebc9f,75%,1,3,4,3,1,0,0
0x8e9d02,80%,1,4,5,0,1,0,4
0x8f6377,92.8571%,1,13,14,1,1,0,12
0x4c7536,50%,1,1,2,0,0,1,1
0x9b908e,88.8889%,1,8,9,0,1,0,8
0x83779b,87.5%,1,7,8,2,1,0,5
0x837715,80%,1,4,5,0,0,1,4
0x489ddd,99.954%,1,2175,2176,2175,1,0,0
0x8ee993,66.6667%,1,2,3,0,0,1,2
0x5d1be5,99.0909%,1,109,110,0,0,1,109
0x838a70,50%,1,1,2,0,1,0,1
0x99e179,92.3077%,1,12,13,12,1,0,0
0x838a34,50%,1,1,2,0,0,1,1
0xa53ab0,50%,1,1,2,0,0,1,1
0x5f5b34,50%,1,1,2,1,1,0,0
0x8f1ae1,66.6667%,1,2,3,0,1,0,2
0x90a48a,97.7273%,1,43,44,0,0,1,43
0x977058,83.3333%,1,5,6,5,1,0,0
0x8f1a3d,87.5%,1,7,8,0,0,1,7
0x4a62a0,66.6667%,1,2,3,0,1,0,2
0xa4e035,50%,1,1,2,0,0,1,1
0x4aaca9,88.8889%,1,8,9,8,1,0,0
0x837a63,93.75%,1,15,16,0,0,1,15
0xa4a1f5,98.3333%,1,59,60,0,0,1,59
0x808ab2,88.8889%,1,8,9,8,1,0,0
0x8fce08,97.7273%,1,43,44,0,0,1,43
0x59f9f5,50%,1,1,2,0,0,1,1
0x8fcea6,97.7273%,1,43,44,0,0,1,43
0x8137cf,50%,1,1,2,0,0,1,1
0x66f64d,66.6667%,1,2,3,0,0,1,2
0x843502,0%,1,0,1,0,0,1,0
0xa4a636,96.9697%,1,32,33,0,0,1,32
0x69ddca,91.6667%,1,11,12,11,1,0,0
0xa55f34,66.6667%,1,2,3,0,0,1,2
0xa7a1e2,99.4286%,1,174,175,0,0,1,174
0x9ea1db,50%,1,1,2,1,1,0,0
0xa0582e,75%,1,3,4,0,0,1,3
0xa55f14,94.1176%,1,16,17,0,0,1,16
0x90a74a,98.6486%,1,73,74,0,0,1,73
0x82273e,75%,1,3,4,0,0,1,3
0x9807f6,90.9091%,1,10,11,10,1,0,0
0xaab851,87.5%,1,7,8,7,1,0,0
0x4bd629,0%,1,0,1,0,1,0,0
0x843471,0%,1,0,1,0,0,1,0
0x835fbc,50%,1,1,2,0,1,0,1
0x678dcc,95.6522%,1,22,23,0,0,1,22
0x8389c1,0%,1,0,1,0,1,0,0
0x838965,75%,1,3,4,0,0,1,3
0x952427,50%,1,1,2,0,0,1,1
0x83be87,80%,1,4,5,4,1,0,0
0xa8ab6d,98.7952%,1,82,83,0,0,1,82
0x843542,75%,1,3,4,0,1,0,3
0x682e6b,91.6667%,1,11,12,11,1,0,0
0xa04153,0%,1,0,1,0,0,1,0
0x441717,90.9091%,1,10,11,0,0,1,10
0x817213,99.3631%,1,156,157,0,0,1,156
0x5f9123,90%,1,9,10,0,1,0,9
0x838b32,50%,1,1,2,1,1,0,0
0xa4a22b,98.2143%,1,55,56,0,0,1,55
0x83aa54,75%,1,3,4,3,1,0,0
0x679fbe,99.9443%,1,1793,1794,0,0,1,1793
0x7e11be,0%,1,0,1,0,0,1,0
0x843680,75%,1,3,4,0,0,1,3
0x8f768c,75%,1,3,4,3,1,0,0
0x670514,0%,1,0,1,0,0,1,0
0x4acfb9,75%,1,3,4,3,1,0,0
0x4c6753,75%,1,3,4,0,0,1,3
0xa44982,75%,1,3,4,0,0,1,3
0x488e41,75%,1,3,4,0,0,1,3
0x4c677e,75%,1,3,4,0,0,1,3
0x6a3b08,96.1538%,1,25,26,0,0,1,25
0x8a676c,80%,1,4,5,0,0,1,4
0x8e9b71,80%,1,4,5,0,0,1,4
0xa15f44,91.6667%,1,11,12,0,0,1,11
0x494fd4,83.3333%,1,5,6,3,1,0,2
0x8f21c2,94.1176%,1,16,17,0,0,1,16
0x8ebf05,50%,1,1,2,1,1,0,0
0x8c8d17,87.5%,1,7,8,7,1,0,0
0x48de13,99.3377%,1,150,151,150,1,0,0
0x83902f,93.75%,1,15,16,0,0,1,15
0xa1606f,95.8333%,1,23,24,0,0,1,23
0xa961e2,50%,1,1,2,0,0,1,1
0x9442aa,99.7788%,1,451,452,0,0,1,451
0x649cbc,50%,1,1,2,1,1,0,0
0x838b2c,66.6667%,1,2,3,0,1,0,2
0x98078c,90.9091%,1,10,11,0,0,1,10
0x67070d,50%,1,1,2,0,1,0,1
0x80c33d,0%,1,0,1,0,0,1,0
0x4b9ae5,85.7143%,1,6,7,0,0,1,6
0xa58f22,99.1597%,1,118,119,0,0,1,118
0xa8e4e2,50%,1,1,2,1,1,0,0
0x8dd390,99.8652%,1,741,742,741,1,0,0
0x835f7c,50%,1,1,2,1,0,1,0
0xa06969,50%,1,1,2,0,0,1,1
0x4ac9e7,66.6667%,1,2,3,1,0,1,1
0x99886f,50%,1,1,2,0,0,1,1
0x699426,0%,1,0,1,0,0,1,0
0x5f54e6,83.3333%,1,5,6,5,1,0,0
0x7c744c,87.5%,1,7,8,1,1,0,6
0xa8e5d4,0%,1,0,1,0,1,0,0
0x80c507,80%,1,4,5,4,1,0,0
0x4817f5,88.8889%,1,8,9,8,1,0,0
0x94c5c6,99.0385%,1,103,104,0,0,1,103
0x6dce96,75%,1,3,4,0,0,1,3
0x8a6326,99.2647%,1,135,136,135,1,0,0
0x5ffbb2,97.8261%,1,45,46,0,0,1,45
0x5b22e0,83.3333%,1,5,6,0,0,1,5
0xa05080,0%,1,0,1,0,0,1,0
0x6dcec8,75%,1,3,4,3,1,0,0
0x8e3e85,75%,1,3,4,0,0,1,3
0x99e8d2,99.0476%,1,104,105,0,0,1,104
0xa050e0,0%,1,0,1,0,0,1,0
0x675170,0%,1,0,1,0,0,1,0
0xa21f3c,50%,1,1,2,1,0,1,0
0xa0b8a4,0%,1,0,1,0,0,1,0
0xa0b938,0%,1,0,1,0,0,1,0
0x965fd0,98.7952%,1,82,83,0,0,1,82
0x965f8a,50%,1,1,2,0,0,1,1
0x6ed770,0%,1,0,1,0,1,0,0
0x4b96d5,90%,1,9,10,0,0,1,9
0x49f5c0,94.4444%,1,17,18,17,1,0,0
0xa919c3,99.8584%,1,705,706,0,0,1,705
0x5c83b1,83.3333%,1,5,6,5,1,0,0
0xb30689,80%,1,4,5,0,0,1,4
0x6ed74e,0%,1,0,1,0,1,0,0
0x6ed76b,0%,1,0,1,0,0,1,0
0x98133c,92.3077%,1,12,13,12,1,0,0
0x904c3c,99.6678%,1,300,301,0,0,1,300
0x9f96dc,97.619%,1,41,42,0,0,1,41
0xb18207,99.9005%,1,1004,1005,0,0,1,1004
0x48fea1,90%,1,9,10,9,1,0,0
0x8a9170,96.2963%,1,26,27,0,0,1,26
0x5f8b2b,87.5%,1,7,8,0,0,1,7
0x610f8a,50%,1,1,2,1,1,0,0
0x4b5210,0%,1,0,1,0,0,1,0
0xa06009,90.9091%,1,10,11,0,0,1,10
0x9fc52d,92.8571%,1,13,14,0,0,1,13
0xaa7f90,66.6667%,1,2,3,0,0,1,2
0x8162da,97.7778%,1,44,45,44,1,0,0
0xaa7f6c,66.6667%,1,2,3,0,0,1,2
0x4c5aa8,95.2381%,1,20,21,0,0,1,20
0xa0b9bd,50%,1,1,2,0,0,1,1
0x81734a,0%,1,0,1,0,1,0,0
0x5fdc89,0%,1,0,1,0,1,0,0
0x806178,50%,1,1,2,1,1,0,0
0xa0650b,97.1429%,1,34,35,34,1,0,0
0x4bb750,50%,1,1,2,1,1,0,0
0x9f0e4a,97.2222%,1,35,36,0,0,1,35
0x8e36a3,87.5%,1,7,8,3,1,0,4
0x4bdc10,0%,1,0,1,0,1,0,0
0x590dea,0%,1,0,1,0,0,1,0
0xa27861,83.3333%,1,5,6,5,1,0,0
0x8c832d,90.9091%,1,10,11,0,0,1,10
0x44170e,90.9091%,1,10,11,0,0,1,10
0x4c547d,0%,1,0,1,0,0,1,0
0x9fe62b,75%,1,3,4,3,1,0,0
0x973b63,90%,1,9,10,0,0,1,9
0xa536b3,83.3333%,1,5,6,5,1,0,0
0xa0b945,0%,1,0,1,0,0,1,0
0x7d3e1b,66.6667%,1,2,3,2,1,0,0
0x5e3923,66.6667%,1,2,3,2,1,0,0
0xa0510e,0%,1,0,1,0,0,1,0
0xa985bb,75%,1,3,4,3,1,0,0
0x6ed6dd,0%,1,0,1,0,1,0,0
0xa0b99b,83.3333%,1,5,6,2,1,0,3
0x4c5494,0%,1,0,1,0,0,1,0
0xb17b4e,99.8601%,1,714,715,0,0,1,714
0x5e3888,66.6667%,1,2,3,0,0,1,2
0x6cfbef,75%,1,3,4,3,1,0,0
0x4c54af,0%,1,0,1,0,0,1,0
0x5e3802,66.6667%,1,2,3,2,1,0,0
0x810b87,93.75%,1,15,16,0,0,1,15
0x8df9ca,66.6667%,1,2,3,0,0,1,2
0x649263,50%,1,1,2,1,1,0,0
0x8e7709,91.6667%,1,11,12,11,1,0,0
0xa94b22,75%,1,3,4,0,0,1,3
0x8fe8de,0%,1,0,1,0,0,1,0
0xa1a283,88.8889%,1,8,9,0,0,1,8
0x8ea404,75%,1,3,4,3,1,0,0
0x9ea4d7,99.4048%,1,167,168,0,0,1,167
0x492150,0%,1,0,1,0,1,0,0
0x68b109,75%,1,3,4,0,0,1,3
0x8c9052,50%,1,1,2,1,1,0,0
0x6712f0,50%,1,1,2,0,0,1,1
0x83373a,50%,1,1,2,0,0,1,1
0x67d015,96.875%,1,31,32,31,1,0,0
0x670e79,50%,1,1,2,1,1,0,0
0x670db4,50%,1,1,2,0,0,1,1
0x5916b2,66.6667%,1,2,3,2,1,0,0
0x8df8b9,75%,1,3,4,0,0,1,3
0x8f221b,93.75%,1,15,16,15,1,0,0
0x48c614,66.6667%,1,2,3,0,1,0,2
0x835f6e,50%,1,1,2,0,0,1,1
0x9097af,99.1453%,1,116,117,116,1,0,0
0xa05d12,50%,1,1,2,0,1,0,1
0x4ab339,0%,1,0,1,0,1,0,0
0x9020ee,98.1481%,1,53,54,0,0,1,53
0x8a6083,50%,1,1,2,0,0,1,1
0x65a308,97.9167%,1,47,48,47,1,0,0
0x4a97f9,75%,1,3,4,0,0,1,3
0x8df8c9,75%,1,3,4,0,0,1,3
0x835e97,50%,1,1,2,0,0,1,1
0x672ca0,50%,1,1,2,0,0,1,1
0x4ab4ec,83.3333%,1,5,6,0,0,1,5
0xa5390c,92.8571%,1,13,14,0,0,1,13
0x5f4ec8,0%,1,0,1,0,0,1,0
0x6994d6,0%,1,0,1,0,1,0,0
0x9be949,93.75%,1,15,16,15,1,0,0
0x8f6cc2,97.7778%,1,44,45,0,0,1,44
0x69947e,0%,1,0,1,0,1,0,0
0x5dfa6f,92.8571%,1,13,14,13,1,0,0
0x8fe909,0%,1,0,1,0,0,1,0
0x915bd2,50%,1,1,2,0,0,1,1
0x6994d1,0%,1,0,1,0,0,1,0
0x5fc99a,50%,1,1,2,0,0,1,1
0xa9f06e,50%,1,1,2,0,0,1,1
0x4b9416,50%,1,1,2,0,0,1,1
0x809dc0,50%,1,1,2,0,0,1,1
0x49c286,83.3333%,1,5,6,0,0,1,5
0x482eb7,94.7368%,1,18,19,0,0,1,18
0x67d78e,50%,1,1,2,1,1,0,0
0x5fc76c,50%,1,1,2,1,1,0,0
0x8fd9f8,0%,1,0,1,0,0,1,0
0x51b5ec,80%,1,4,5,0,0,1,4
0x80a6c0,50%,1,1,2,1,0,1,0
0x670d24,50%,1,1,2,0,0,1,1
0x670b50,50%,1,1,2,0,0,1,1
0x8fe8ef,0%,1,0,1,0,0,1,0
0xa478fd,92.8571%,1,13,14,0,0,1,13
0x670a76,50%,1,1,2,0,0,1,1
0x67f3b8,50%,1,1,2,1,1,0,0
0x8efe5a,92.8571%,1,13,14,0,0,1,13
0x66fcbd,94.7368%,1,18,19,0,0,1,18
0xa5119c,75%,1,3,4,0,0,1,3
0x699443,0%,1,0,1,0,1,0,0
0x699471,0%,1,0,1,0,0,1,0
0x5f86ce,98.7179%,1,77,78,0,1,0,77
0x8bf128,50%,1,1,2,1,1,0,0
0xa2dd68,97.2222%,1,35,36,0,0,1,35
0x8ebe0a,94.4444%,1,17,18,0,0,1,17
0x9e53ea,97.4359%,1,38,39,0,0,1,38
0xa5312c,50%,1,1,2,1,1,0,0
0xa2f3d6,50%,1,1,2,0,0,1,1
0xa53273,83.3333%,1,5,6,5,1,0,0
0xa53224,50%,1,1,2,0,0,1,1
0x556da3,99.0476%,1,104,105,0,0,1,104
0xaa2593,95.4545%,1,21,22,0,0,1,21
0x815241,85.7143%,1,6,7,6,0,1,0
0x494665,75%,1,3,4,1,1,0,2
0x510812,90.9091%,1,10,11,10,1,0,0
0x7d41f7,0%,1,0,1,0,0,1,0
0xa53119,50%,1,1,2,0,0,1,1
0x9f9abd,99.0826%,1,108,109,0,0,1,108
0xa5b2be,66.6667%,1,2,3,0,0,1,2
0xa53110,50%,1,1,2,0,0,1,1
0x8151ed,87.5%,1,7,8,0,0,1,7
0xa53764,87.5%,1,7,8,0,0,1,7
0x48c42c,75%,1,3,4,2,0,1,1
0xa5b558,66.6667%,1,2,3,2,1,0,0
0x556c67,87.5%,1,7,8,7,1,0,0
0xa47948,88.8889%,1,8,9,0,0,1,8
0x9a630a,92.8571%,1,13,14,0,0,1,13
0xa545d7,87.5%,1,7,8,0,0,1,7
0x5beb89,50%,1,1,2,0,0,1,1
0x900fd1,97.2973%,1,36,37,0,0,1,36
0xa5a151,87.5%,1,7,8,0,0,1,7
0x9f9953,96%,1,24,25,0,0,1,24
0x5341ec,99.1525%,1,117,118,17,0,1,100
0x7d1c8b,0%,1,0,1,0,1,0,0
0x99adc2,97.8723%,1,46,47,46,1,0,0
0xa5aa5e,90%,1,9,10,9,1,0,0
0x7c9e22,75%,1,3,4,0,0,1,3
0x8eb060,83.3333%,1,5,6,0,0,1,5
0x488beb,99.8024%,1,505,506,0,0,1,505
0x901045,97.2973%,1,36,37,0,0,1,36
0x7c9e2a,75%,1,3,4,3,1,0,0
0xa5a04d,66.6667%,1,2,3,0,0,1,2
0x90f803,50%,1,1,2,1,1,0,0
0x487860,93.3333%,1,14,15,14,1,0,0
0x5c33e1,87.5%,1,7,8,0,0,1,7
0xa1ad96,98.6486%,1,73,74,0,0,1,73
0xa5c25e,50%,1,1,2,0,0,1,1
0x63f298,50%,1,1,2,0,0,1,1
0x506eac,0%,1,0,1,0,0,1,0
0xa5ab04,85.7143%,1,6,7,0,0,1,6
0xa58469,90%,1,9,10,9,1,0,0
0x5fb4f8,50%,1,1,2,1,1,0,0
0xa4c9bf,75%,1,3,4,0,0,1,3
0x5d8c55,90%,1,9,10,0,0,1,9
0xa0794b,80%,1,4,5,4,1,0,0
0x9b909e,88.8889%,1,8,9,8,1,0,0
0x99f0fc,91.6667%,1,11,12,11,1,0,0
0x5937db,94.7368%,1,18,19,0,0,1,18
0xa4f76c,94.4444%,1,17,18,17,1,0,0
0x5f5a4d,50%,1,1,2,0,0,1,1
0x7e11d6,0%,1,0,1,0,0,1,0
0xa21b8c,50%,1,1,2,0,1,0,1
0xa8f9d8,98.8235%,1,84,85,0,0,1,84
0x8e2718,99.9254%,1,1340,1341,0,0,1,1340
0x5f8a9a,87.5%,1,7,8,0,0,1,7
0xa535c2,87.5%,1,7,8,0,0,1,7
0xa5b500,88.8889%,1,8,9,0,0,1,8
0xa534db,50%,1,1,2,0,0,1,1
0x58f26c,98.0769%,1,51,52,51,1,0,0
0xb17b3f,99.8601%,1,714,715,714,1,0,0
0x4915d9,0%,1,0,1,0,1,0,0
0x63f0e2,50%,1,1,2,1,1,0,0
0x918a9c,99.5%,1,199,200,0,0,1,199
0xa07937,83.3333%,1,5,6,0,1,0,5
0x4a6cad,98.9899%,1,98,99,0,0,1,98
0xa5af16,50%,1,1,2,0,0,1,1
0xb4695e,0%,1,0,1,0,1,0,0
0x48783f,0%,1,0,1,0,0,1,0
0xa55ad3,75%,1,3,4,3,1,0,0
0x5efc78,0%,1,0,1,0,0,1,0
0x969352,98.8372%,1,85,86,82,1,0,3
0x838707,80%,1,4,5,4,1,0,0
0xa04fa8,80%,1,4,5,0,0,1,4
0x58e83c,85.7143%,1,6,7,0,1,0,6
0x95b88f,75%,1,3,4,0,0,1,3
0xa328c4,97.7273%,1,43,44,43,0,1,0
0x9e41e8,99.3865%,1,162,163,162,1,0,0
0xa56794,94.4444%,1,17,18,0,0,1,17
0x6dcc26,0%,1,0,1,0,0,1,0
0xa55a74,50%,1,1,2,1,1,0,0
0x901ca5,99.5726%,1,233,234,0,0,1,233
0xa55a67,50%,1,1,2,0,0,1,1
0x816231,50%,1,1,2,0,0,1,1
0x9fb35b,66.6667%,1,2,3,2,1,0,0
0x9fc0f4,99.6732%,1,305,306,0,0,1,305
0xb0a707,99.7101%,1,344,345,0,0,1,344
0xa4bb63,92.8571%,1,13,14,0,0,1,13
0x66f378,50%,1,1,2,0,0,1,1
0x80ba05,50%,1,1,2,0,0,1,1
0x54053a,50%,1,1,2,0,0,1,1
0x494a19,50%,1,1,2,1,1,0,0
0xa97473,95%,1,19,20,0,0,1,19
0x53c46d,99.2424%,1,131,132,0,0,1,131
0x5406f0,75%,1,3,4,1,1,0,2
0x822456,99.4624%,1,185,186,185,1,0,0
0x816d04,0%,1,0,1,0,1,0,0
0x4ab170,83.3333%,1,5,6,0,0,1,5
0x5ae466,88.8889%,1,8,9,0,0,1,8
0xa51d38,87.5%,1,7,8,7,1,0,0
0x951da4,90.9091%,1,10,11,10,1,0,0
0xa39aac,94.7368%,1,18,19,0,1,0,18
0x9ec337,97.5%,1,39,40,0,0,1,39
0x40abc9,80%,1,4,5,4,1,0,0
0x65b224,92.3077%,1,12,13,12,1,0,0
0xb49a06,87.5%,1,7,8,0,0,1,7
0x9e6264,50%,1,1,2,0,0,1,1
0x9abd1f,93.3333%,1,14,15,14,1,0,0
0x97140f,85.7143%,1,6,7,0,0,1,6
0x8aac8d,90%,1,9,10,9,1,0,0
0x97133d,80%,1,4,5,0,0,1,4
0x492815,50%,1,1,2,0,1,0,1
0x44188e,90.9091%,1,10,11,0,0,1,10
0x8f2f20,50%,1,1,2,1,1,0,0
0x8e54c1,93.75%,1,15,16,15,1,0,0
0x900c64,99.7006%,1,333,334,0,0,1,333
0x8f5b03,88.8889%,1,8,9,8,1,0,0
0xa2871a,95.2381%,1,20,21,0,0,1,20
0xa52e6d,88.8889%,1,8,9,8,0,1,0
0x4a9734,98.3333%,1,59,60,0,0,1,59
0x4aaeeb,90.9091%,1,10,11,0,0,1,10
0x4a9b4c,66.6667%,1,2,3,0,1,0,2
0x482a27,88.8889%,1,8,9,0,0,1,8
0x649d1d,50%,1,1,2,1,1,0,0
0xa31fae,97.2222%,1,35,36,0,0,1,35
0x8a6a33,66.6667%,1,2,3,1,1,0,1
0xa55905,50%,1,1,2,0,0,1,1
0x5f54ba,50%,1,1,2,0,0,1,1
0x8e4691,93.75%,1,15,16,0,0,1,15
0x9a945c,50%,1,1,2,0,0,1,1
0x9f80d6,66.6667%,1,2,3,2,0,1,0
0x8c9256,50%,1,1,2,1,1,0,0
0x6704bc,50%,1,1,2,1,1,0,0
0x53fc77,75%,1,3,4,0,0,1,3
0x9f833b,66.6667%,1,2,3,0,1,0,2
0x8e53d6,93.75%,1,15,16,15,1,0,0
0x49c88f,0%,1,0,1,0,0,1,0
0x63ccbd,99.5%,1,199,200,199,1,0,0
0x403fd9,90%,1,9,10,0,0,1,9
0x9f3a5e,83.3333%,1,5,6,1,0,1,4
0x550e0f,94.1176%,1,16,17,0,0,1,16
0x5a883d,50%,1,1,2,0,0,1,1
0x68160e,83.3333%,1,5,6,0,0,1,5
0xa3fe98,94.4444%,1,17,18,17,1,0,0
0x99da26,0%,1,0,1,0,1,0,0
0x9a1a78,0%,1,0,1,0,1,0,0
0xa6c178,75%,1,3,4,3,1,0,0
0xaa0038,66.6667%,1,2,3,0,0,1,2
0xa9f39c,66.6667%,1,2,3,0,0,1,2
0x593203,92.8571%,1,13,14,13,1,0,0
0x9d0806,0%,1,0,1,0,0,1,0
0x9a23d4,94.1176%,1,16,17,0,0,1,16
0x4b5552,83.3333%,1,5,6,5,1,0,0
0x9f02ba,98.9362%,1,93,94,0,0,1,93
0xa05316,75%,1,3,4,0,0,1,3
0x64af68,99.9824%,1,5686,5687,0,0,1,5686
0x9a1a40,0%,1,0,1,0,0,1,0
0xa95428,75%,1,3,4,0,0,1,3
0x64b528,91.6667%,1,11,12,0,0,1,11
0x66f6f2,0%,1,0,1,0,0,1,0
0x673edd,94.7368%,1,18,19,18,1,0,0
0x59f52b,75%,1,3,4,2,0,1,1
0xa430d9,75%,1,3,4,0,0,1,3
0xa3d476,87.5%,1,7,8,0,0,1,7
0x5cf867,99.9455%,1,1835,1836,1835,1,0,0
0xb46930,96.1538%,1,25,26,25,1,0,0
0x942beb,98.6667%,1,74,75,0,0,1,74
0x5f5683,75%,1,3,4,0,0,1,3
0x5a8775,50%,1,1,2,1,1,0,0
0x5f62e6,75%,1,3,4,3,1,0,0
0x8158df,88.8889%,1,8,9,8,1,0,0
0xa9ef22,75%,1,3,4,2,0,1,1
0x409d2e,95.2381%,1,20,21,0,0,1,20
0x5dd9b6,0%,1,0,1,0,0,1,0
0x58b8d0,99.0909%,1,109,110,0,0,1,109
0x8a6ba8,50%,1,1,2,1,1,0,0
0xa99987,0%,1,0,1,0,1,0,0
0x5f2641,83.3333%,1,5,6,0,0,1,5
0x9f5d10,96.4286%,1,27,28,0,0,1,27
0x81b648,50%,1,1,2,0,0,1,1
0x590719,66.6667%,1,2,3,0,0,1,2
0x9e2625,99.8073%,1,518,519,0,0,1,518
0x666d95,66.6667%,1,2,3,2,1,0,0
0x666d8b,66.6667%,1,2,3,2,1,0,0
0x59f9b6,75%,1,3,4,0,0,1,3
0x80aa38,66.6667%,1,2,3,1,0,1,1
0xa99970,0%,1,0,1,0,0,1,0
0xa998ea,0%,1,0,1,0,0,1,0
0x59f59a,75%,1,3,4,0,0,1,3
0xa3d901,87.5%,1,7,8,0,0,1,7
0x8e4b95,99.4382%,1,177,178,177,1,0,0
0x6667d6,50%,1,1,2,0,0,1,1
0x9e0b63,99.6109%,1,256,257,0,0,1,256
0xa96387,50%,1,1,2,1,1,0,0
0x9d086c,98.0392%,1,50,51,50,1,0,0
0x8dba66,87.5%,1,7,8,7,1,0,0
0x4b8128,90.9091%,1,10,11,10,1,0,0
0x98c738,97.2222%,1,35,36,35,1,0,0
0x4b38b0,75%,1,3,4,3,1,0,0
0x5d2847,99.3103%,1,144,145,144,1,0,0
0x99abdf,0%,1,0,1,0,1,0,0
0xa4787a,0%,1,0,1,0,1,0,0
0xaa5cf2,95.8333%,1,23,24,0,0,1,23
0xa9d004,75%,1,3,4,1,1,0,2
0x9a312d,0%,1,0,1,0,1,0,0
0x9a30d4,0%,1,0,1,0,1,0,0
0x8dba9d,87.5%,1,7,8,7,1,0,0
0x485899,66.6667%,1,2,3,0,0,1,2
0x51b571,94.7368%,1,18,19,0,0,1,18
0x5a8877,50%,1,1,2,0,0,1,1
0x622ea1,80%,1,4,5,0,1,0,4
0x5fbd10,50%,1,1,2,0,0,1,1
0x48a6a9,94.4444%,1,17,18,0,0,1,17
0x591533,85.7143%,1,6,7,0,0,1,6
0x9e7b4a,50%,1,1,2,1,1,0,0
0x7cf742,92.8571%,1,13,14,13,1,0,0
0x4919e0,50%,1,1,2,0,0,1,1
0xa07af9,87.5%,1,7,8,3,1,0,4
0x8e0ac6,99.7753%,1,444,445,444,1,0,0
0xa36c68,50%,1,1,2,0,0,1,1
0xa588c2,99.3151%,1,145,146,0,0,1,145
0x99cd9b,88.8889%,1,8,9,8,1,0,0
0x9e5bbc,75%,1,3,4,0,0,1,3
0x606ed1,66.6667%,1,2,3,0,0,1,2
0x90ebbd,99.5%,1,199,200,199,1,0,0
0xa974c7,66.6667%,1,2,3,0,1,0,2
0xa2107c,0%,1,0,1,0,0,1,0
0x7f3729,93.3333%,1,14,15,0,0,1,14
0x8df9d6,66.6667%,1,2,3,2,0,1,0
0x973e9a,95.8333%,1,23,24,12,0,1,11
0x4a7250,0%,1,0,1,0,1,0,0
0xaa141d,99.4872%,1,194,195,0,0,1,194
0x58f3f9,98.0769%,1,51,52,0,0,1,51
0xa04bbf,97.3684%,1,37,38,37,1,0,0
0x59fc94,75%,1,3,4,0,0,1,3
0x9e8816,66.6667%,1,2,3,2,1,0,0
0xa02d9b,99.0654%,1,106,107,106,1,0,0
0x915830,50%,1,1,2,1,1,0,0
0x51c8f1,99.9167%,1,1200,1201,1200,1,0,0
0x7d447a,50%,1,1,2,0,0,1,1
0x959ede,75%,1,3,4,3,1,0,0
0x64a6ae,50%,1,1,2,0,0,1,1
0x83806a,83.3333%,1,5,6,3,1,0,2
0x81bb0e,99.8081%,1,520,521,0,0,1,520
0x59fcbb,50%,1,1,2,0,1,0,1
0x7e2c89,50%,1,1,2,1,1,0,0
0x95c4e6,91.6667%,1,11,12,0,0,1,11
0x480975,94.7368%,1,18,19,0,0,1,18
0xa9190c,94.1176%,1,16,17,16,1,0,0
0xa3bd76,87.5%,1,7,8,7,1,0,0
0xa5ed16,80%,1,4,5,4,1,0,0
0x94cc63,98.7342%,1,78,79,0,0,1,78
0x8e1dae,83.3333%,1,5,6,5,1,0,0
0x5336d4,88.8889%,1,8,9,8,1,0,0
0xa92d55,99.3243%,1,147,148,0,0,1,147
0x48f897,94.4444%,1,17,18,0,0,1,17
0x8e33a2,93.75%,1,15,16,15,1,0,0
0x90bf3c,99.1597%,1,118,119,0,0,1,118
0x5f0cf7,97.0588%,1,33,34,0,0,1,33
0x8ee7d1,97.4359%,1,38,39,0,0,1,38
0xa9160b,75%,1,3,4,3,1,0,0
0x5af391,98.3871%,1,61,62,0,0,1,61
0x8ea428,75%,1,3,4,0,0,1,3
0x8e9de8,75%,1,3,4,3,1,0,0
0x65a34b,99.962%,1,2630,2631,0,0,1,2630
0x7dfc2f,87.5%,1,7,8,0,0,1,7
0x64b0cc,98.4375%,1,63,64,63,1,0,0
0x5d20aa,66.6667%,1,2,3,0,0,1,2
0x5f4858,50%,1,1,2,0,1,0,1
0x5d2026,66.6667%,1,2,3,0,0,1,2
0x5a64b1,50%,1,1,2,1,1,0,0
0x49aea1,97.4359%,1,38,39,38,1,0,0
0x8e9a33,50%,1,1,2,0,0,1,1
0x5f60ab,50%,1,1,2,0,0,1,1
0xa96a42,97.2973%,1,36,37,0,0,1,36
0x5a6512,50%,1,1,2,0,1,0,1
0x58d61f,66.6667%,1,2,3,0,0,1,2
0xa585a8,99.1597%,1,118,119,0,0,1,118
0xa27548,99.537%,1,215,216,0,0,1,215
0xa64af4,50%,1,1,2,1,1,0,0
0xa3bc6b,94.4444%,1,17,18,17,1,0,0
0x48fcef,75%,1,3,4,3,1,0,0
0x48f503,66.6667%,1,2,3,2,1,0,0
0x96ea0b,0%,1,0,1,0,0,1,0
0x7d3e11,66.6667%,1,2,3,0,0,1,2
0x96e9a9,0%,1,0,1,0,1,0,0
0x96e3e7,0%,1,0,1,0,1,0,0
0x485f14,94.1176%,1,16,17,0,0,1,16
0x49d137,50%,1,1,2,0,0,1,1
0x49d0f7,50%,1,1,2,0,0,1,1
0x49d091,50%,1,1,2,1,1,0,0
0x96ea3a,0%,1,0,1,0,1,0,0
0x49d040,0%,1,0,1,0,0,1,0
0x49cfc6,0%,1,0,1,0,1,0,0
0x49cf8e,0%,1,0,1,0,0,1,0
0x96e91f,0%,1,0,1,0,0,1,0
0xa22e66,88.8889%,1,8,9,0,1,0,8
0xa043b6,0%,1,0,1,0,0,1,0
0x54fe1a,0%,1,0,1,0,0,1,0
0x54fcf9,0%,1,0,1,0,0,1,0
0x96e36e,50%,1,1,2,1,1,0,0
0xa041d6,75%,1,3,4,3,1,0,0
0xa8aa0f,75%,1,3,4,3,1,0,0
0x96c272,94.1176%,1,16,17,0,0,1,16
0x7f045c,50%,1,1,2,1,1,0,0
0xa04424,0%,1,0,1,0,1,0,0
0x4c5682,95.4545%,1,21,22,14,0,1,7
0x6043dc,91.6667%,1,11,12,0,0,1,11
0x65a389,99.9606%,1,2540,2541,0,0,1,2540
0x54fca0,0%,1,0,1,0,0,1,0
0x96eb83,66.6667%,1,2,3,0,1,0,2
0x96eb50,0%,1,0,1,0,0,1,0
0x7b811c,85.7143%,1,6,7,6,1,0,0
0x5f2f89,0%,1,0,1,0,0,1,0
0x63f0bd,50%,1,1,2,1,1,0,0
0x96eadd,0%,1,0,1,0,1,0,0
0x96eac3,0%,1,0,1,0,0,1,0
0x5b2074,94.7368%,1,18,19,0,1,0,18
0x8f365d,99.1379%,1,115,116,0,0,1,115
0x8efa02,99.7783%,1,450,451,0,0,1,450
0x80b86f,50%,1,1,2,0,0,1,1
0x680de9,98.9474%,1,94,95,0,0,1,94
0x60dff3,88.8889%,1,8,9,0,0,1,8
0x4a97b0,75%,1,3,4,0,0,1,3
0x491b9f,0%,1,0,1,0,0,1,0
0xa042b9,0%,1,0,1,0,0,1,0
0xa04282,0%,1,0,1,0,1,0,0
0x817523,50%,1,1,2,0,0,1,1
0x40a382,50%,1,1,2,1,1,0,0
0x9f81da,0%,1,0,1,0,1,0,0
0x80985b,80%,1,4,5,0,0,1,4
0x9f3c34,94.1176%,1,16,17,0,0,1,16
0x973ed3,95.8333%,1,23,24,12,0,1,11
0x809f2b,50%,1,1,2,0,0,1,1
0x49a110,93.75%,1,15,16,15,1,0,0
0x4914e5,0%,1,0,1,0,0,1,0
0x80a6b4,66.6667%,1,2,3,2,0,1,0
0x54fbd8,0%,1,0,1,0,0,1,0
0x40b06f,50%,1,1,2,0,0,1,1
0x9f5b38,91.6667%,1,11,12,11,1,0,0
0x96e840,0%,1,0,1,0,1,0,0
0x96e792,0%,1,0,1,0,0,1,0
0x9e11d6,96.1538%,1,25,26,25,1,0,0
0x5f32dd,50%,1,1,2,0,0,1,1
0x65b165,92.3077%,1,12,13,12,1,0,0
0x97500c,83.3333%,1,5,6,0,0,1,5
0x551060,95.2381%,1,20,21,20,1,0,0
0x58d8c1,98.5507%,1,68,69,0,0,1,68
0x548ae8,75%,1,3,4,3,1,0,0
0x9fcf70,94.4444%,1,17,18,17,1,0,0
0x94ce40,97.8723%,1,46,47,46,1,0,0
0x9e1160,50%,1,1,2,0,0,1,1
0xaab94b,98.9474%,1,94,95,0,0,1,94
0x99cfa1,88.8889%,1,8,9,0,0,1,8
0x7d211b,87.5%,1,7,8,7,1,0,0
0x60bae5,0%,1,0,1,0,1,0,0
0x9f66a5,99.3464%,1,152,153,152,1,0,0
0x7dfcab,87.5%,1,7,8,0,0,1,7
0x679689,99.1071%,1,111,112,0,0,1,111
0xaaaf2d,87.5%,1,7,8,7,1,0,0
0x4b9fab,98.6842%,1,75,76,0,0,1,75
0xa41031,97.7778%,1,44,45,0,0,1,44
0x490da9,83.3333%,1,5,6,0,0,1,5
0x48d8e1,50%,1,1,2,1,1,0,0
0x67a005,83.3333%,1,5,6,5,1,0,0
0xa69de0,75%,1,3,4,3,1,0,0
0x81b07c,97.1429%,1,34,35,0,1,0,34
0x4a7da6,0%,1,0,1,0,1,0,0
0xa04338,0%,1,0,1,0,1,0,0
0x58c4aa,91.6667%,1,11,12,0,0,1,11
0x9f6496,99.4413%,1,178,179,0,0,1,178
0x80a62c,50%,1,1,2,0,0,1,1
0x9f6518,99.4413%,1,178,179,0,0,1,178
0x9f5ecf,99.763%,1,421,422,421,1,0,0
0x8f38a1,99.1379%,1,115,116,0,0,1,115
0xa7234a,75%,1,3,4,0,0,1,3
0x81b558,99.6845%,1,316,317,316,1,0,0
0xa6b270,75%,1,3,4,3,1,0,0
0x9710c4,85.7143%,1,6,7,5,0,1,1
0x9f6dd4,99.375%,1,159,160,0,0,1,159
0x80b5f8,50%,1,1,2,1,0,1,0
0x95abde,75%,1,3,4,0,0,1,3
0x5c78be,98.75%,1,79,80,0,0,1,79
0x4a9b18,66.6667%,1,2,3,0,1,0,2
0x95a9fa,75%,1,3,4,0,0,1,3
0x95a995,75%,1,3,4,0,0,1,3
0x4a9aa0,50%,1,1,2,1,1,0,0
0x804d7f,50%,1,1,2,0,0,1,1
0xa0298b,99.5633%,1,228,229,228,1,0,0
0x9e8a39,0%,1,0,1,0,1,0,0
0x5f30a6,50%,1,1,2,0,0,1,1
0x5bb70c,95.6522%,1,22,23,0,0,1,22
0x65b124,92.3077%,1,12,13,12,1,0,0
0x95b39f,75%,1,3,4,3,1,0,0
0x9442b4,99.7788%,1,451,452,451,1,0,0
0xaac302,75%,1,3,4,3,1,0,0
0x8df32f,87.5%,1,7,8,0,0,1,7
0x67912b,98.3607%,1,60,61,60,1,0,0
0x4ba745,96.7742%,1,30,31,0,0,1,30
0x97b9e4,99.1228%,1,113,114,0,0,1,113
0x7aca68,96.875%,1,31,32,0,0,1,31
0x95b8d6,75%,1,3,4,3,1,0,0
0x9736f3,80%,1,4,5,0,0,1,4
0x97362f,88.8889%,1,8,9,0,0,1,8
0x48fad8,66.6667%,1,2,3,2,1,0,0
0x9750bb,87.5%,1,7,8,0,0,1,7
0x5934ce,99.3289%,1,148,149,0,0,1,148
0x83a997,93.3333%,1,14,15,14,1,0,0
0x9d6822,50%,1,1,2,0,0,1,1
0x48e83c,85.7143%,1,6,7,0,1,0,6
0x48f0bb,66.6667%,1,2,3,0,0,1,2
0x81b40e,90.9091%,1,10,11,0,0,1,10
0x65aecb,92.3077%,1,12,13,0,0,1,12
0x959f78,75%,1,3,4,0,0,1,3
0x5def47,0%,1,0,1,0,1,0,0
0x95b122,87.5%,1,7,8,3,1,0,4
0x5a8829,50%,1,1,2,0,0,1,1
0x4915c1,0%,1,0,1,0,0,1,0
0xa6b78d,75%,1,3,4,0,0,1,3
0xa448d5,98.0769%,1,51,52,51,1,0,0
0xa6b7d2,75%,1,3,4,0,0,1,3
0x81b518,83.3333%,1,5,6,5,1,0,0
0x53a505,50%,1,1,2,0,0,1,1
0x63b56a,99.9234%,1,1305,1306,0,0,1,1305
0x8dc453,75%,1,3,4,3,1,0,0
0x441c7c,90.9091%,1,10,11,10,1,0,0
0x4947e0,50%,1,1,2,1,1,0,0
0x4bfc92,93.75%,1,15,16,0,0,1,15
0x486f6b,50%,1,1,2,1,1,0,0
0x95b3fd,90.9091%,1,10,11,0,0,1,10
0x9f8864,90.9091%,1,10,11,0,0,1,10
0x781fb3,99.9564%,1,2290,2291,0,0,1,2290
0x441cdf,90.9091%,1,10,11,10,1,0,0
0x9fc935,85.7143%,1,6,7,0,0,1,6
0x9f1da5,98.7179%,1,77,78,77,1,0,0
0x4c0ef5,96.875%,1,31,32,31,1,0,0
0x494e95,0%,1,0,1,0,1,0,0
0x441b86,90.9091%,1,10,11,10,1,0,0
0x8e4c64,98.9899%,1,98,99,0,0,1,98
0x441b45,90.9091%,1,10,11,10,1,0,0
0x9ed533,91.6667%,1,11,12,11,1,0,0
0x492852,0%,1,0,1,0,0,1,0
0x81fdf4,97.9167%,1,47,48,47,1,0,0
0x6d0427,98%,1,49,50,49,1,0,0
0x820a90,87.5%,1,7,8,7,1,0,0
0x65a0fd,99.0991%,1,110,111,0,0,1,110
0x5b3a07,99.5025%,1,200,201,200,1,0,0
0xa2a8c7,98.4848%,1,65,66,0,0,1,65
0x792174,95.2381%,1,20,21,14,1,0,6
0x5eef41,0%,1,0,1,0,1,0,0
0x540a6a,83.3333%,1,5,6,5,1,0,0
0x63ef5b,50%,1,1,2,1,1,0,0
0x8fc44d,98.4848%,1,65,66,0,0,1,65
0x65aed8,92.3077%,1,12,13,12,1,0,0
0x49a39e,90%,1,9,10,0,0,1,9
0x9f0e55,97.2222%,1,35,36,0,0,1,35
0x9f4a8c,0%,1,0,1,0,1,0,0
0x96ad5c,85.7143%,1,6,7,0,0,1,6
0xaa4749,93.75%,1,15,16,0,0,1,15
0x4be9c7,99.2857%,1,139,140,0,0,1,139
0x838942,80%,1,4,5,0,1,0,4
0x5f3e42,0%,1,0,1,0,0,1,0
0x8ea069,99.115%,1,112,113,110,0,1,2
0x4415b7,90.9091%,1,10,11,0,0,1,10
0x5bbf7f,50%,1,1,2,0,0,1,1
0x48fdbe,90%,1,9,10,9,1,0,0
0x63f420,50%,1,1,2,0,0,1,1
0x40a138,92.3077%,1,12,13,1,1,0,11
0x7c67f4,50%,1,1,2,0,0,1,1
0x8ffc07,99.0741%,1,107,108,0,0,1,107
0x67f566,97.2973%,1,36,37,0,0,1,36
0x5b6ad2,80%,1,4,5,4,1,0,0
0x9f7d70,88.8889%,1,8,9,0,0,1,8
0x9f3a9c,83.3333%,1,5,6,0,0,1,5
0x49178c,0%,1,0,1,0,1,0,0
0x9f235a,90%,1,9,10,8,0,1,1
0x49d20c,0%,1,0,1,0,0,1,0
0xa99963,0%,1,0,1,0,0,1,0
0x5bad48,50%,1,1,2,0,0,1,1
0x4417ae,90.9091%,1,10,11,0,0,1,10
0xa21b53,50%,1,1,2,0,1,0,1
0x44186e,90.9091%,1,10,11,0,0,1,10
0x49287f,0%,1,0,1,0,0,1,0
0x542b76,99.9194%,1,1239,1240,1239,1,0,0
0x8ea0b0,66.6667%,1,2,3,2,1,0,0
0x7d1c0c,0%,1,0,1,0,1,0,0
0x4417d7,90.9091%,1,10,11,0,0,1,10
0x9aa3f1,93.3333%,1,14,15,0,0,1,14
0x495ee7,98.1818%,1,54,55,0,0,1,54
0x99887c,50%,1,1,2,0,0,1,1
0x441777,90.9091%,1,10,11,0,0,1,10
0x5937b0,94.7368%,1,18,19,0,0,1,18
0x619a8c,93.3333%,1,14,15,0,0,1,14
0x44172e,90.9091%,1,10,11,0,0,1,10
0x50bca9,97.5%,1,39,40,0,0,1,39
0x4a7649,98.6842%,1,75,76,75,1,0,0
0x9bc730,95.4545%,1,21,22,21,1,0,0
0xa63cc4,75%,1,3,4,1,1,0,2
0xa63cbe,75%,1,3,4,0,0,1,3
0x491e34,0%,1,0,1,0,0,1,0
0x48fc69,75%,1,3,4,0,0,1,3
0x5f8a0f,87.5%,1,7,8,7,1,0,0
0x491e41,0%,1,0,1,0,1,0,0
0xa0405c,50%,1,1,2,1,0,1,0
0xa29cd2,93.75%,1,15,16,15,1,0,0
0xa64c57,50%,1,1,2,0,0,1,1
0x4bbb07,0%,1,0,1,0,0,1,0
0x6753e7,0%,1,0,1,0,0,1,0
0x48f78a,83.3333%,1,5,6,5,1,0,0
0x5b2664,0%,1,0,1,0,1,0,0
0x5fd91d,83.3333%,1,5,6,0,0,1,5
0x5dea2e,0%,1,0,1,0,1,0,0
0xa312ee,95.6522%,1,22,23,0,0,1,22
0x49522e,0%,1,0,1,0,1,0,0
0x8ebf6f,50%,1,1,2,0,0,1,1
0x4a044d,98.3333%,1,59,60,0,0,1,59
0x8c9321,99.8264%,1,575,576,0,0,1,575
0xa042f2,50%,1,1,2,1,1,0,0
0x814fed,50%,1,1,2,0,0,1,1
0x4951b8,0%,1,0,1,0,0,1,0
0xa2aa79,0%,1,0,1,0,0,1,0
0x49a099,93.75%,1,15,16,0,0,1,15
0xaac41a,75%,1,3,4,0,0,1,3
0x489f99,99.3548%,1,154,155,0,0,1,154
0x538526,50%,1,1,2,0,1,0,1
0x9f2ab6,80%,1,4,5,0,0,1,4
0x499387,93.75%,1,15,16,15,1,0,0
0x6f4630,83.3333%,1,5,6,5,1,0,0
0x9f01ec,50%,1,1,2,1,1,0,0
0x96e398,50%,1,1,2,1,0,1,0
0x9778fe,97.2222%,1,35,36,0,0,1,35
0x4821ad,94.7368%,1,18,19,18,1,0,0
0x9f482c,87.5%,1,7,8,0,0,1,7
0xa2869a,0%,1,0,1,0,1,0,0
0xa2866e,0%,1,0,1,0,1,0,0
0xa2862f,0%,1,0,1,0,1,0,0
0xa28610,50%,1,1,2,1,0,1,0
0x9f07f2,50%,1,1,2,0,1,0,1
0x9f507b,98.0769%,1,51,52,0,0,1,51
0x8b97a7,99.9912%,1,11376,11377,0,0,1,11376
0xaa25ff,95.4545%,1,21,22,0,0,1,21
0x9ff228,50%,1,1,2,0,0,1,1
0x8a8853,91.6667%,1,11,12,0,0,1,11
0x67a2da,95.6522%,1,22,23,0,0,1,22
0xaabe0a,90.9091%,1,10,11,10,1,0,0
0x4a9a33,50%,1,1,2,1,1,0,0
0xa2ab42,91.6667%,1,11,12,11,1,0,0
0xa05802,80%,1,4,5,0,1,0,4
0x5454cd,97.9592%,1,48,49,0,0,1,48
0xa022ae,99.9127%,1,1144,1145,0,0,1,1144
0xaa8fb4,95.6522%,1,22,23,0,0,1,22
0x8adcc3,95.4545%,1,21,22,0,1,0,21
0x808a6e,88.8889%,1,8,9,0,0,1,8
0x81d643,99.7653%,1,425,426,0,0,1,425
0x40ad55,75%,1,3,4,3,1,0,0
0x9ff75a,50%,1,1,2,0,0,1,1
0xa494d1,66.6667%,1,2,3,2,1,0,0
0xa04193,80%,1,4,5,0,1,0,4
0x4c976a,90%,1,9,10,0,0,1,9
0x8e72f3,99.6979%,1,330,331,0,0,1,330
0x591c0a,50%,1,1,2,0,1,0,1
0x9ecb41,75%,1,3,4,3,1,0,0
0x9ff61a,95.4545%,1,21,22,0,0,1,21
0x9f47e5,87.5%,1,7,8,4,0,1,3
0x495297,0%,1,0,1,0,0,1,0
0x9ff58f,97.5%,1,39,40,0,0,1,39
0xa058c3,90%,1,9,10,5,0,1,4
0xa1b06d,0%,1,0,1,0,1,0,0
0x60c6f4,85.7143%,1,6,7,6,1,0,0
0x81e2c2,99.5349%,1,214,215,214,1,0,0
0x538734,99.8965%,1,965,966,0,0,1,965
0x809df1,80%,1,4,5,4,1,0,0
0x555bda,97.3684%,1,37,38,0,0,1,37
0x404012,90%,1,9,10,0,0,1,9
0xa8f81b,75%,1,3,4,0,0,1,3
0x4c280d,0%,1,0,1,0,0,1,0
0x537362,99.8563%,1,695,696,0,0,1,695
0x9a12ac,99.3421%,1,151,152,0,0,1,151
0xa160df,83.3333%,1,5,6,0,0,1,5
0xa1b095,0%,1,0,1,0,1,0,0
0x8ed45b,83.3333%,1,5,6,0,0,1,5
0x96e816,0%,1,0,1,0,0,1,0
0x99e115,93.3333%,1,14,15,0,0,1,14
0x9d2ee6,93.3333%,1,14,15,0,0,1,14
0x67541f,0%,1,0,1,0,0,1,0
0x8b9b32,98.2759%,1,57,58,57,1,0,0
0x49d269,0%,1,0,1,0,0,1,0
0x8434f0,0%,1,0,1,0,0,1,0
0xa43c8b,99.6441%,1,280,281,0,0,1,280
0x90fac5,50%,1,1,2,1,1,0,0
0x8f488d,99.9277%,1,1382,1383,1382,1,0,0
0x983f92,98.4375%,1,63,64,0,0,1,63
0x8d38e2,93.75%,1,15,16,2,0,1,13
0x835ee9,50%,1,1,2,1,1,0,0
0x60c37c,80%,1,4,5,4,1,0,0
0x5d86ea,99.6032%,1,251,252,0,0,1,251
0xa5c61c,90%,1,9,10,9,1,0,0
0x672477,0%,1,0,1,0,0,1,0
0xa9d412,95%,1,19,20,19,1,0,0
0x4b5460,50%,1,1,2,1,1,0,0
0x7930e3,50%,1,1,2,1,1,0,0
0x7a1143,83.3333%,1,5,6,0,0,1,5
0x808b20,50%,1,1,2,1,1,0,0
0xa096a7,0%,1,0,1,0,0,1,0
0x8ed906,99.4709%,1,188,189,0,0,1,188
0x9c3bfb,97.2222%,1,35,36,35,1,0,0
0x58c5fa,0%,1,0,1,0,1,0,0
0x63efff,50%,1,1,2,0,0,1,1
0x5f3e48,0%,1,0,1,0,0,1,0
0x5c4b91,99.9453%,1,1828,1829,0,0,1,1828
0xa09684,0%,1,0,1,0,0,1,0
0x8d24a0,50%,1,1,2,0,0,1,1
0xa96617,87.5%,1,7,8,0,0,1,7
0xa096c0,0%,1,0,1,0,0,1,0
0x4ab518,83.3333%,1,5,6,0,0,1,5
0x488659,99.7738%,1,441,442,441,1,0,0
0xa077e5,50%,1,1,2,0,0,1,1
0x4be411,75%,1,3,4,0,0,1,3
0xa0977c,66.6667%,1,2,3,0,1,0,2
0xa051e3,85.7143%,1,6,7,6,0,1,0
0xa90fc5,99.4872%,1,194,195,0,0,1,194
0x4b85f6,50%,1,1,2,1,1,0,0
0x7be071,75%,1,3,4,0,0,1,3
0x4c279d,83.3333%,1,5,6,0,1,0,5
0x7b8bdd,0%,1,0,1,0,1,0,0
0x548a3b,83.3333%,1,5,6,5,1,0,0
0x7b8bc9,0%,1,0,1,0,0,1,0
0x7b646e,0%,1,0,1,0,1,0,0
0x81b086,97.0588%,1,33,34,0,0,1,33
0x5f2e76,50%,1,1,2,1,1,0,0
0x8d3c09,50%,1,1,2,1,1,0,0
0xa1b4b4,75%,1,3,4,0,0,1,3
0xa91604,75%,1,3,4,0,0,1,3
0x4b8520,66.6667%,1,2,3,0,1,0,2
0xa5b4bb,91.6667%,1,11,12,0,0,1,11
0x9e6e7b,87.5%,1,7,8,0,0,1,7
0x4b84cc,50%,1,1,2,0,0,1,1
0x81f503,75%,1,3,4,0,0,1,3
0x9f7c39,92.3077%,1,12,13,0,0,1,12
0xa94241,50%,1,1,2,0,0,1,1
0x492e6f,0%,1,0,1,0,0,1,0
0xa4466a,98.0769%,1,51,52,51,1,0,0
0x59f060,75%,1,3,4,0,0,1,3
0x4a9c58,93.75%,1,15,16,15,1,0,0
0xa2ffda,99.5614%,1,227,228,227,1,0,0
0x546277,99.7143%,1,349,350,0,0,1,349
0x7d23c7,0%,1,0,1,0,1,0,0
0xa94246,50%,1,1,2,0,0,1,1
0x9d03f0,94.4444%,1,17,18,0,0,1,17
0x7c68d3,50%,1,1,2,0,0,1,1
0x7aed77,90.9091%,1,10,11,0,0,1,10
0x7c6838,50%,1,1,2,0,0,1,1
0x8ebc88,75%,1,3,4,0,0,1,3
0x4a9d2e,85.7143%,1,6,7,6,1,0,0
0x80f777,98.6486%,1,73,74,73,1,0,0
0x63c5fb,99.8959%,1,960,961,0,0,1,960
0x9d1c48,83.3333%,1,5,6,2,1,0,3
0xa07fac,80%,1,4,5,4,0,1,0
0x97a414,98.0769%,1,51,52,0,0,1,51
0x902830,66.6667%,1,2,3,0,0,1,2
0xa264ab,50%,1,1,2,1,1,0,0
0x4aac74,98.0769%,1,51,52,51,1,0,0
0x8631a3,50%,1,1,2,1,1,0,0
0x819571,95.8333%,1,23,24,0,0,1,23
0x410684,99.4536%,1,182,183,0,0,1,182
0x5021d9,99.2366%,1,130,131,0,0,1,130
0x78451e,96.5517%,1,28,29,0,0,1,28
0x60c528,90%,1,9,10,9,1,0,0
0x806085,50%,1,1,2,0,0,1,1
0x4c9e85,75%,1,3,4,0,0,1,3
0xa04278,50%,1,1,2,1,0,1,0
0x952396,50%,1,1,2,0,0,1,1
0x9be502,50%,1,1,2,1,1,0,0
0x606cb2,87.5%,1,7,8,7,1,0,0
0xa94b37,75%,1,3,4,0,0,1,3
0x77112d,91.6667%,1,11,12,0,0,1,11
0x789893,97.2973%,1,36,37,0,0,1,36
0xa21d8e,50%,1,1,2,0,0,1,1
0xa21d9c,50%,1,1,2,1,0,1,0
0xa1ac8a,90.9091%,1,10,11,10,1,0,0
0x9f20ae,75%,1,3,4,0,0,1,3
0x48d09c,96.4286%,1,27,28,0,0,1,27
0x40bc60,99.0291%,1,102,103,0,0,1,102
0x8d4038,92.3077%,1,12,13,12,1,0,0
0x8d42e7,91.6667%,1,11,12,0,0,1,11
0x9d1b74,95.8333%,1,23,24,0,0,1,23
0x677b5b,99.7199%,1,356,357,0,0,1,356
0x8d3f7a,90%,1,9,10,0,0,1,9
0x821c80,98.6111%,1,71,72,0,0,1,71
0x5ef9e2,0%,1,0,1,0,0,1,0
0x5efa12,66.6667%,1,2,3,0,0,1,2
0xa9f358,66.6667%,1,2,3,0,0,1,2
0x540748,50%,1,1,2,1,1,0,0
0x8fcec2,97.7273%,1,43,44,0,0,1,43
0x784541,96.5517%,1,28,29,0,1,0,28
0x9d1c81,50%,1,1,2,1,1,0,0
0x490554,66.6667%,1,2,3,2,1,0,0
0x8d3c04,50%,1,1,2,0,0,1,1
0xace0d3,50%,1,1,2,0,0,1,1
0x4093cd,50%,1,1,2,0,1,0,1
0x5fac8a,0%,1,0,1,0,0,1,0
0x9d28dc,0%,1,0,1,0,0,1,0
0x78e11d,50%,1,1,2,0,0,1,1
0x60c3db,80%,1,4,5,4,1,0,0
0x556045,99.5868%,1,241,242,0,0,1,241
0x9d2902,80%,1,4,5,0,1,0,4
0xa9454d,96.5517%,1,28,29,0,0,1,28
0x80ae3f,50%,1,1,2,0,0,1,1
0x973b7e,90%,1,9,10,0,0,1,9
0x8d4389,50%,1,1,2,0,1,0,1
0xa8e502,0%,1,0,1,0,0,1,0
0x8e4b4a,99.4382%,1,177,178,0,0,1,177
0x9f622d,97.7273%,1,43,44,0,0,1,43
0x94ac61,98.75%,1,79,80,0,0,1,79
0xa8e4ea,0%,1,0,1,0,0,1,0
0x813a72,94.1176%,1,16,17,0,0,1,16
0x5991fa,66.6667%,1,2,3,0,0,1,2
0x8e95f8,50%,1,1,2,0,0,1,1
0x4c491b,50%,1,1,2,1,1,0,0
0x5ebedd,92.8571%,1,13,14,0,0,1,13
0x94f1ae,0%,1,0,1,0,0,1,0
0xa5a0ba,83.3333%,1,5,6,0,0,1,5
0x4c750e,94.4444%,1,17,18,16,0,1,1
0x4c7486,94.4444%,1,17,18,0,0,1,17
0x4c736a,94.4444%,1,17,18,0,0,1,17
0x8e929b,66.6667%,1,2,3,2,1,0,0
0x48bc33,0%,1,0,1,0,1,0,0
0x8f54b0,91.6667%,1,11,12,0,0,1,11
0xa8e3e4,0%,1,0,1,0,1,0,0
0xa34538,99.115%,1,112,113,0,0,1,112
0x81934b,97.0588%,1,33,34,0,0,1,33
0x670551,0%,1,0,1,0,1,0,0
0xa07fe4,50%,1,1,2,0,1,0,1
0xa21c37,50%,1,1,2,0,0,1,1
0xa8e3c2,0%,1,0,1,0,0,1,0
0xa983df,75%,1,3,4,1,1,0,2
0xa8e3df,0%,1,0,1,0,0,1,0
0x6a78a8,0%,1,0,1,0,0,1,0
0x506e20,0%,1,0,1,0,0,1,0
0x488eee,99.569%,1,231,232,0,0,1,231
0x8ea504,87.5%,1,7,8,7,1,0,0
0x9499bc,98.1132%,1,52,53,52,1,0,0
0x94a1c2,98.75%,1,79,80,79,1,0,0
0x5960fb,92.3077%,1,12,13,0,0,1,12
0x4bc8d4,91.6667%,1,11,12,11,1,0,0
0x5fb434,50%,1,1,2,0,0,1,1
0xa7b401,80%,1,4,5,4,0,1,0
0x8eb79d,99.9649%,1,2848,2849,0,0,1,2848
0xa21e44,50%,1,1,2,0,0,1,1
0x67c99b,99.9209%,1,1264,1265,1264,1,0,0
0x492e5a,0%,1,0,1,0,0,1,0
0xa2dc9b,97.2222%,1,35,36,35,1,0,0
0xa5aab3,66.6667%,1,2,3,0,0,1,2
0xa43db4,99.1379%,1,115,116,0,0,1,115
0x80d565,50%,1,1,2,0,0,1,1
0xa35db2,99.7768%,1,447,448,0,0,1,447
0xa2ec5d,98.4375%,1,63,64,0,0,1,63
0x53406a,50%,1,1,2,0,0,1,1
0xa7b424,0%,1,0,1,0,1,0,0
0xaa5d16,0%,1,0,1,0,0,1,0
0x4916fc,0%,1,0,1,0,1,0,0
0x943d50,90%,1,9,10,0,0,1,9
0x4b9743,90%,1,9,10,0,0,1,9
0x4857ff,93.3333%,1,14,15,14,1,0,0
0x441dfd,90.9091%,1,10,11,0,0,1,10
0x5d7bce,75%,1,3,4,3,1,0,0
0x8ec7df,50%,1,1,2,0,1,0,1
0x4bf1a5,93.3333%,1,14,15,14,1,0,0
0x5ef8dd,94.1176%,1,16,17,0,0,1,16
0xa35377,99.8915%,1,921,922,0,0,1,921
0xa34ca5,98.5507%,1,68,69,68,1,0,0
0x65c352,0%,1,0,1,0,1,0,0
0xa31882,99.537%,1,215,216,0,0,1,215
0x5f8344,96.2963%,1,26,27,0,0,1,26
0x666114,0%,1,0,1,0,1,0,0
0x5b6e8c,87.5%,1,7,8,0,0,1,7
0xa2f126,50%,1,1,2,1,0,1,0
0xa960b7,96.1538%,1,25,26,0,0,1,25
0x9f5cd6,94.7368%,1,18,19,0,0,1,18
0x9d003a,80%,1,4,5,4,1,0,0
0x5f0ae0,0%,1,0,1,0,0,1,0
0x441537,90.9091%,1,10,11,0,0,1,10
0xa1a2b4,88.8889%,1,8,9,0,0,1,8
0x9a6ac0,0%,1,0,1,0,0,1,0
0x8e11b8,97.2973%,1,36,37,36,1,0,0
0x5efc5e,66.6667%,1,2,3,2,0,1,0
0x8f6603,99.7183%,1,354,355,0,0,1,354
0x503884,97.8261%,1,45,46,45,1,0,0
0x5d3f86,99.2481%,1,132,133,132,1,0,0
0xb28b39,99.9645%,1,2817,2818,0,0,1,2817
0x794209,80%,1,4,5,4,1,0,0
0x8ef10b,99.2593%,1,134,135,134,1,0,0
0x63f427,50%,1,1,2,0,0,1,1
0xa48400,99.5868%,1,241,242,241,1,0,0
0x402feb,98.5507%,1,68,69,3,1,0,65
0x4a04ac,93.75%,1,15,16,0,0,1,15
0x5474f9,50%,1,1,2,1,1,0,0
0xa1d4c3,80%,1,4,5,4,1,0,0
0x4aafd5,90.9091%,1,10,11,10,1,0,0
0x8dcdda,99.0099%,1,100,101,0,0,1,100
0xa39325,99.8355%,1,607,608,0,0,1,607
0x647976,98.4375%,1,63,64,0,0,1,63
0x48da1e,97.8261%,1,45,46,45,1,0,0
0x97265d,99.6337%,1,272,273,0,0,1,272
0x977253,50%,1,1,2,1,1,0,0
0x99e165,92.3077%,1,12,13,0,0,1,12
0x90b866,99.8959%,1,960,961,960,1,0,0
0x7d4257,0%,1,0,1,0,1,0,0
0xa095d7,80%,1,4,5,0,0,1,4
0xaa4c14,66.6667%,1,2,3,2,1,0,0
0xa39dc3,97.561%,1,40,41,0,0,1,40
0x9ea1af,50%,1,1,2,1,1,0,0
0xa39dbb,97.561%,1,40,41,0,0,1,40
0x95a9d6,75%,1,3,4,0,0,1,3
0x4bf186,93.3333%,1,14,15,0,0,1,14
0xa39a7a,94.7368%,1,18,19,18,1,0,0
0x6774af,98.5915%,1,70,71,0,0,1,70
0x816c80,99.844%,1,640,641,0,0,1,640
0x9988f7,0%,1,0,1,0,0,1,0
0x8a63b3,99.2647%,1,135,136,0,0,1,135
0xa31400,98.8235%,1,84,85,84,1,0,0
0xa41907,88.8889%,1,8,9,0,0,1,8
0x4be260,92.3077%,1,12,13,12,1,0,0
0x4b83e4,93.75%,1,15,16,0,0,1,15
0x63f3bb,50%,1,1,2,1,1,0,0
0x8bb28f,0%,1,0,1,0,0,1,0
0xaccde8,66.6667%,1,2,3,1,1,0,1
0x590868,99.639%,1,276,277,0,0,1,276
0x998953,80%,1,4,5,0,1,0,4
0x998971,75%,1,3,4,0,0,1,3
0x999f7b,75%,1,3,4,3,1,0,0
0xaa826d,80%,1,4,5,0,0,1,4
0xa95b91,99.2308%,1,129,130,0,0,1,129
0xa08057,75%,1,3,4,0,0,1,3
0x7b8b94,0%,1,0,1,0,0,1,0
0x8df14f,99.4737%,1,189,190,0,0,1,189
0xa94227,50%,1,1,2,1,1,0,0
0x49ec5a,99.3789%,1,160,161,0,0,1,160
0x8df03d,93.75%,1,15,16,15,1,0,0
0x9bde45,50%,1,1,2,0,0,1,1
0xa5775f,92.8571%,1,13,14,0,0,1,13
0x8f106e,97.5%,1,39,40,0,0,1,39
0x838ac7,66.6667%,1,2,3,1,0,1,1
0x8d217e,50%,1,1,2,1,1,0,0
0x608432,98.8889%,1,89,90,0,0,1,89
0x4c63d7,97.7273%,1,43,44,0,0,1,43
0x9988e6,50%,1,1,2,0,0,1,1
0x94eee4,96.6667%,1,29,30,29,1,0,0
0x9745fe,99.3421%,1,151,152,0,0,1,151
0x49c1bc,98.9474%,1,94,95,0,0,1,94
0x4946c3,75%,1,3,4,2,0,1,1
0x7d1ed8,75%,1,3,4,0,0,1,3
0x9f5168,90.9091%,1,10,11,0,0,1,10
0x900761,0%,1,0,1,0,0,1,0
0x4ca089,87.5%,1,7,8,5,1,0,2
0x610f08,50%,1,1,2,0,0,1,1
0x7826a2,99.5475%,1,220,221,0,0,1,220
0x5a656a,50%,1,1,2,0,1,0,1
0x5ae5bc,96%,1,24,25,0,0,1,24
0x803d4a,50%,1,1,2,1,1,0,0
0xa237a0,50%,1,1,2,0,0,1,1
0xa22d90,98.3871%,1,61,62,0,0,1,61
0x9f83db,50%,1,1,2,0,0,1,1
0xa47284,99.4012%,1,166,167,0,0,1,166
0x63c614,99.8959%,1,960,961,960,1,0,0
0x489dd3,99.954%,1,2175,2176,0,0,1,2175
0x649413,50%,1,1,2,0,0,1,1
0x5da977,99.2481%,1,132,133,132,1,0,0
0x7808c3,50%,1,1,2,1,1,0,0
0x8e9a01,75%,1,3,4,1,1,0,2
0x9fe664,97.5%,1,39,40,39,1,0,0
0x998913,0%,1,0,1,0,0,1,0
0x8049bc,50%,1,1,2,1,1,0,0
0xa1a290,88.8889%,1,8,9,0,0,1,8
0x9bb44e,94.7368%,1,18,19,0,1,0,18
0x4b510c,87.5%,1,7,8,7,1,0,0
0x9012b5,0%,1,0,1,0,0,1,0
0x80da79,99.0566%,1,105,106,105,1,0,0
0xa3f099,87.5%,1,7,8,0,0,1,7
0x63ecee,99.8632%,1,730,731,730,1,0,0
0xa9ece6,99.5575%,1,225,226,0,0,1,225
0xa9c57a,99.4975%,1,198,199,0,0,1,198
0xa9c572,99.4975%,1,198,199,0,0,1,198
0x90fa8d,50%,1,1,2,1,1,0,0
0x40aece,50%,1,1,2,1,1,0,0
0x5f4f2d,0%,1,0,1,0,1,0,0
0x49040a,66.6667%,1,2,3,0,0,1,2
0x80d95f,99.0566%,1,105,106,0,0,1,105
0x81f466,75%,1,3,4,0,0,1,3
0x481b04,94.4444%,1,17,18,17,1,0,0
0xb49721,92.8571%,1,13,14,0,0,1,13
0x99def0,93.3333%,1,14,15,0,0,1,14
0xa1aadc,80%,1,4,5,0,0,1,4
0x50342b,50%,1,1,2,0,0,1,1
0x80f446,87.5%,1,7,8,0,0,1,7
0x9f7b50,75%,1,3,4,0,0,1,3
0x94ed85,96.6667%,1,29,30,0,0,1,29
0xa063f9,50%,1,1,2,0,0,1,1
0xb3041c,80%,1,4,5,0,0,1,4
0x8a9ef5,99.4475%,1,180,181,0,0,1,180
0x80e9d1,96.4286%,1,27,28,0,0,1,27
0xa55751,75%,1,3,4,1,1,0,2
0xa9f2ac,66.6667%,1,2,3,2,1,0,0
0x5f0dd5,80%,1,4,5,4,1,0,0
0x9d3140,98.2759%,1,57,58,0,0,1,57
0x8e2ade,99.9123%,1,1139,1140,0,0,1,1139
0x63f3de,50%,1,1,2,0,0,1,1
0x482a08,88.8889%,1,8,9,8,1,0,0
0xa319b7,99.5305%,1,212,213,212,1,0,0
0xa98d84,80%,1,4,5,2,1,0,2
0xa96f81,93.3333%,1,14,15,14,1,0,0
0x4900ea,90%,1,9,10,0,0,1,9
0x8ebba4,99.7947%,1,486,487,0,0,1,486
0x814e69,50%,1,1,2,0,0,1,1
0x80f675,96.6667%,1,29,30,0,0,1,29
0xa9e231,97.5%,1,39,40,0,0,1,39
0x5af6e9,88.8889%,1,8,9,8,1,0,0
0x8aab34,94.7368%,1,18,19,18,1,0,0
0x8d468a,0%,1,0,1,0,1,0,0
0x480329,97.3684%,1,37,38,37,1,0,0
0xa39d18,98.7952%,1,82,83,82,1,0,0
0x718093,0%,1,0,1,0,0,1,0
0x4bc07b,93.75%,1,15,16,15,0,1,0
0x4a9a78,50%,1,1,2,0,0,1,1
0x8dfa4c,0%,1,0,1,0,1,0,0
0x9f0760,50%,1,1,2,0,0,1,1
0x9ed734,98.3051%,1,58,59,0,0,1,58
0x49214a,0%,1,0,1,0,0,1,0
0x4c1058,95.8333%,1,23,24,0,0,1,23
0x88de9a,50%,1,1,2,1,1,0,0
0xb32440,99.8968%,1,968,969,0,0,1,968
0xa93fbc,91.6667%,1,11,12,11,1,0,0
0xa095f2,80%,1,4,5,0,1,0,4
0xa25f12,97.8723%,1,46,47,46,1,0,0
0x8c8e3f,87.5%,1,7,8,0,0,1,7
0xb3ab75,0%,1,0,1,0,1,0,0
0x8e0050,91.6667%,1,11,12,11,1,0,0
0x5ebb88,99.8829%,1,853,854,0,0,1,853
0x8ea4fc,93.75%,1,15,16,8,0,1,7
0x8eca65,98.5714%,1,69,70,0,0,1,69
0x80b5d3,0%,1,0,1,0,1,0,0
0xacdcba,50%,1,1,2,0,0,1,1
0xa264cb,50%,1,1,2,0,0,1,1
0x7dfc79,87.5%,1,7,8,0,0,1,7
0x618555,50%,1,1,2,0,0,1,1
0x49beab,50%,1,1,2,0,0,1,1
0xa3cab2,87.5%,1,7,8,0,0,1,7
0x806018,99.5495%,1,221,222,0,0,1,221
0x4a7896,83.3333%,1,5,6,0,0,1,5
0xa9731b,66.6667%,1,2,3,0,0,1,2
0x815389,50%,1,1,2,1,1,0,0
0x8bd248,99.9847%,1,6551,6552,0,0,1,6551
0xa99c5c,75%,1,3,4,0,0,1,3
0x487e08,92.8571%,1,13,14,0,0,1,13
0x4039ce,50%,1,1,2,0,0,1,1
0x5f4c17,0%,1,0,1,0,1,0,0
0x5fe795,99.0476%,1,104,105,0,0,1,104
0xa95fed,96.1538%,1,25,26,0,0,1,25
0x8ed738,0%,1,0,1,0,1,0,0
0xa9294c,83.3333%,1,5,6,5,1,0,0
0x99f6c6,92.3077%,1,12,13,12,1,0,0
0x59fb2c,0%,1,0,1,0,1,0,0
0x543b27,99.5215%,1,208,209,0,0,1,208
0xa9eada,98.8235%,1,84,85,0,0,1,84
0xa36c52,50%,1,1,2,0,0,1,1
0x59fb55,0%,1,0,1,0,0,1,0
0x911b8e,98.8889%,1,89,90,0,0,1,89
0xa929fd,83.3333%,1,5,6,0,0,1,5
0x58bf68,0%,1,0,1,0,1,0,0
0x4bce2c,83.3333%,1,5,6,5,1,0,0
0xa9816b,66.6667%,1,2,3,0,1,0,2
0x90b342,99.4819%,1,192,193,0,0,1,192
0xa96bfe,80%,1,4,5,0,0,1,4
0x81099c,95%,1,19,20,0,0,1,19
0x7227eb,99.9233%,1,1302,1303,0,0,1,1302
0x96b243,96.875%,1,31,32,31,1,0,0
0xa380f6,80%,1,4,5,4,1,0,0
0x5b177a,90%,1,9,10,0,0,1,9
0x4c3862,92.3077%,1,12,13,0,0,1,12
0x5d2ed6,94.4444%,1,17,18,17,1,0,0
0xace146,50%,1,1,2,0,0,1,1
0x5bc176,99.9287%,1,1401,1402,0,0,1,1401
0x5dfd27,75%,1,3,4,0,0,1,3
0x8ece90,99.8995%,1,994,995,0,0,1,994
0x547469,98.3607%,1,60,61,0,0,1,60
0x60c629,75%,1,3,4,0,0,1,3
0x4a7d76,0%,1,0,1,0,1,0,0
0x58d618,66.6667%,1,2,3,0,0,1,2
0x5bc151,50%,1,1,2,0,0,1,1
0x9bb3b4,50%,1,1,2,0,0,1,1
0x81e28b,0%,1,0,1,0,0,1,0
0xa2865a,0%,1,0,1,0,0,1,0
0x5d2f9b,75%,1,3,4,0,0,1,3
0x5d2f46,75%,1,3,4,0,0,1,3
0xa094fb,91.6667%,1,11,12,0,0,1,11
0x94d601,99.8227%,1,563,564,563,1,0,0
0x65afdf,92.3077%,1,12,13,12,1,0,0
0x4099dc,95%,1,19,20,19,0,1,0
0x5f7d33,99.1597%,1,118,119,0,0,1,118
0xa90efc,75%,1,3,4,0,0,1,3
0x8dedee,92.3077%,1,12,13,0,1,0,12
0xa6486c,50%,1,1,2,1,1,0,0
0x59f005,50%,1,1,2,0,0,1,1
0x88e981,97.4359%,1,38,39,0,0,1,38
0x4c281c,0%,1,0,1,0,1,0,0
0x8bb0e3,66.6667%,1,2,3,2,1,0,0
0xa2e8d9,98.1132%,1,52,53,0,0,1,52
0x808b44,50%,1,1,2,0,0,1,1
0x558e34,98.8636%,1,87,88,0,0,1,87
0xa46d43,98.9583%,1,95,96,95,1,0,0
0x5f6ca7,93.3333%,1,14,15,0,0,1,14
0x8ef5db,99.2593%,1,134,135,134,1,0,0
0x803987,50%,1,1,2,1,1,0,0
0xa05f0a,0%,1,0,1,0,1,0,0
0xa21bcc,50%,1,1,2,0,1,0,1
0xa20fc8,0%,1,0,1,0,0,1,0
0x804d56,50%,1,1,2,0,0,1,1
0x8039cc,50%,1,1,2,0,0,1,1
0xa97508,99.3289%,1,148,149,0,0,1,148
0x81e56b,90%,1,9,10,2,0,1,7
0xa97461,99.0654%,1,106,107,106,1,0,0
0x8ec514,50%,1,1,2,0,0,1,1
0x5f94f1,66.6667%,1,2,3,0,0,1,2
0xa21044,83.3333%,1,5,6,5,0,1,0
0x808c3d,50%,1,1,2,0,0,1,1
0xa21050,0%,1,0,1,0,0,1,0
0xa910f0,99.2537%,1,133,134,133,1,0,0
0xa4a7ab,50%,1,1,2,0,0,1,1
0x4ae587,0%,1,0,1,0,0,1,0
0x9a2786,93.3333%,1,14,15,14,1,0,0
0x65c67d,75%,1,3,4,0,0,1,3
0x610316,96.9697%,1,32,33,0,0,1,32
0x6994a9,0%,1,0,1,0,0,1,0
0x58e434,97.7778%,1,44,45,0,0,1,44
0x610259,96.9697%,1,32,33,0,0,1,32
0x4c5161,0%,1,0,1,0,1,0,0
0x81f57a,75%,1,3,4,0,0,1,3
0x8e74c4,98.5915%,1,70,71,70,1,0,0
0x59edd4,75%,1,3,4,0,0,1,3
0x9d269a,96.4286%,1,27,28,0,0,1,27
0x5be7e6,50%,1,1,2,0,0,1,1
0xa8e4d0,66.6667%,1,2,3,1,0,1,1
0x9f2704,99.7685%,1,431,432,0,0,1,431
0x8f5f52,99.8588%,1,707,708,0,0,1,707
0x5d0037,75%,1,3,4,3,1,0,0
0x4b8175,90.9091%,1,10,11,10,1,0,0
0x47c0cf,50%,1,1,2,1,1,0,0
0x487d89,92.8571%,1,13,14,13,1,0,0
0x80441c,83.3333%,1,5,6,0,0,1,5
0x972c90,96.4286%,1,27,28,0,0,1,27
0x804492,50%,1,1,2,0,0,1,1
0xa05c2f,96.5517%,1,28,29,0,0,1,28
0x80427f,80%,1,4,5,4,0,1,0
0xa210a2,75%,1,3,4,0,1,0,3
0x804200,75%,1,3,4,0,0,1,3
0x80643e,93.75%,1,15,16,0,0,1,15
0x558026,99.9124%,1,1140,1141,1140,1,0,0
0x8096aa,50%,1,1,2,0,0,1,1
0x59ea10,50%,1,1,2,1,1,0,0
0x4952e7,0%,1,0,1,0,1,0,0
0x806321,83.3333%,1,5,6,0,0,1,5
0x486fab,50%,1,1,2,0,0,1,1
0x499969,90%,1,9,10,9,1,0,0
0xa2f156,0%,1,0,1,0,0,1,0
0xa5f33a,75%,1,3,4,3,1,0,0
0xa98406,50%,1,1,2,1,1,0,0
0x409a66,99.3631%,1,156,157,0,0,1,156
0x5c9b88,83.3333%,1,5,6,0,0,1,5
0xa50677,0%,1,0,1,0,1,0,0
0x80d68a,50%,1,1,2,0,0,1,1
0x80d610,50%,1,1,2,1,1,0,0
0xa99955,50%,1,1,2,1,0,1,0
0x7cf36e,99.8387%,1,619,620,619,1,0,0
0x804c21,0%,1,0,1,0,0,1,0
0x5c9bb1,83.3333%,1,5,6,0,0,1,5
0x4b84ed,66.6667%,1,2,3,2,0,1,0
0xa64c38,50%,1,1,2,0,0,1,1
0x59e9c4,87.5%,1,7,8,4,0,1,3
0x8d2868,94.1176%,1,16,17,0,0,1,16
0x6809cf,99.7963%,1,490,491,0,0,1,490
0x5dd9fd,0%,1,0,1,0,0,1,0
0x9799a9,97.7273%,1,43,44,0,0,1,43
0x49a332,80%,1,4,5,4,1,0,0
0x675333,0%,1,0,1,0,0,1,0
0x8e4b3c,99.4382%,1,177,178,0,0,1,177
0xa55aac,75%,1,3,4,0,0,1,3
0x8dcd40,99.8035%,1,508,509,0,0,1,508
0x9d0ab2,98.0392%,1,50,51,0,0,1,50
0x67cbe5,98.0769%,1,51,52,0,0,1,51
0x9d08fb,99.0196%,1,101,102,101,1,0,0
0x488d5b,98.2456%,1,56,57,0,0,1,56
0x67f171,99.0741%,1,107,108,107,1,0,0
0x556df8,87.5%,1,7,8,0,0,1,7
0x606d17,87.5%,1,7,8,7,1,0,0
0x9a100e,93.3333%,1,14,15,14,1,0,0
0x80e97b,99.8807%,1,837,838,837,1,0,0
0x9f82cd,90.9091%,1,10,11,10,1,0,0
0xa27773,75%,1,3,4,0,0,1,3
0x555b49,66.6667%,1,2,3,0,0,1,2
0x6117e1,97.3684%,1,37,38,37,1,0,0
0x80d7a5,75%,1,3,4,0,0,1,3
0x55b399,99.9047%,1,1048,1049,0,0,1,1048
0x809a65,66.6667%,1,2,3,0,0,1,2
0x58c37e,0%,1,0,1,0,1,0,0
0x809a48,66.6667%,1,2,3,0,0,1,2
0xa63bd7,99.187%,1,122,123,0,0,1,122
0x5def9f,0%,1,0,1,0,0,1,0
0x809a24,50%,1,1,2,0,1,0,1
0xace0c2,50%,1,1,2,0,0,1,1
0x781070,85.7143%,1,6,7,6,1,0,0
0xaaaaa7,66.6667%,1,2,3,1,1,0,1
0x809d86,99.8217%,1,560,561,0,0,1,560
0x81fd00,92.8571%,1,13,14,0,0,1,13
0x4a64c6,87.5%,1,7,8,0,0,1,7
0xa96cf6,95.2381%,1,20,21,20,1,0,0
0x5405e5,75%,1,3,4,0,0,1,3
0xa2e944,98.1132%,1,52,53,0,0,1,52
0x8161b5,50%,1,1,2,0,0,1,1
0x8096d2,50%,1,1,2,0,0,1,1
0x5dee9b,0%,1,0,1,0,0,1,0
0x80be67,80%,1,4,5,0,0,1,4
0x80bdca,80%,1,4,5,0,0,1,4
0x409a26,94.7368%,1,18,19,0,1,0,18
0x80bdd0,90%,1,9,10,9,1,0,0
0xa592ea,93.3333%,1,14,15,0,0,1,14
0x94a98c,98.75%,1,79,80,79,1,0,0
0x8e9a55,99.6255%,1,266,267,0,0,1,266
0xa06198,95.2381%,1,20,21,0,0,1,20
0x5f5a91,50%,1,1,2,1,1,0,0
0x481268,94.7368%,1,18,19,0,1,0,18
0xa9dec9,97.561%,1,40,41,40,0,1,0
0x5de78b,99.9194%,1,1240,1241,0,0,1,1240
0x9be535,50%,1,1,2,0,0,1,1
0xa91189,75%,1,3,4,0,0,1,3
0x5def8c,0%,1,0,1,0,1,0,0
0xa97dea,97.2973%,1,36,37,0,0,1,36
0x60b5f4,99.5595%,1,226,227,0,0,1,226
0xa062d0,50%,1,1,2,1,0,1,0
0x8ed0fa,83.3333%,1,5,6,0,0,1,5
0x8ea41a,75%,1,3,4,0,0,1,3
0x6663ed,50%,1,1,2,0,0,1,1
0x96c226,96.1538%,1,25,26,0,0,1,25
0x487794,95.8333%,1,23,24,23,1,0,0
0x50cd4a,99.1453%,1,116,117,0,0,1,116
0x5efcfe,0%,1,0,1,0,1,0,0
0x9e892a,99.3151%,1,145,146,0,1,0,145
0x94dfab,99.7664%,1,427,428,0,0,1,427
0x80b4ba,0%,1,0,1,0,0,1,0
0x9bea28,91.6667%,1,11,12,11,1,0,0
0x8bd857,95%,1,19,20,0,1,0,19
0xaccf95,66.6667%,1,2,3,2,1,0,0
0x8a6b1c,0%,1,0,1,0,1,0,0
0x5efb73,0%,1,0,1,0,1,0,0
0x5f845d,99.8288%,1,583,584,0,0,1,583
0x505842,98.7654%,1,80,81,0,0,1,80
0x5905d5,94.4444%,1,17,18,0,0,1,17
0xa963a8,50%,1,1,2,0,0,1,1
0x501d1e,80%,1,4,5,4,1,0,0
0x5efdfe,0%,1,0,1,0,1,0,0
0x481d5b,50%,1,1,2,1,1,0,0
0x4928c7,50%,1,1,2,0,1,0,1
0x481d41,50%,1,1,2,0,0,1,1
0x9b896a,50%,1,1,2,1,1,0,0
0x8e4c9e,97.7273%,1,43,44,0,0,1,43
0x670ff1,50%,1,1,2,0,0,1,1
0x5cf5e6,99.9281%,1,1389,1390,1389,1,0,0
0x94e039,99.7625%,1,420,421,0,0,1,420
0x81227b,98.9899%,1,98,99,98,1,0,0
0x493e4e,50%,1,1,2,1,1,0,0
0x9739b6,97.5%,1,39,40,0,0,1,39
0x5beada,50%,1,1,2,1,1,0,0
0x9e5b2d,98.8636%,1,87,88,0,0,1,87
0x58dbb8,85.7143%,1,6,7,5,1,0,1
0x99c8bb,99.798%,1,494,495,0,0,1,494
0x5efdf8,0%,1,0,1,0,0,1,0
0x5f55f3,98.2143%,1,55,56,55,1,0,0
0xa02b58,50%,1,1,2,0,0,1,1
0xa1baf0,75%,1,3,4,0,1,0,3
0x5c6b39,99.9369%,1,1585,1586,0,0,1,1585
0x5bef09,50%,1,1,2,0,0,1,1
0x95b786,75%,1,3,4,0,0,1,3
0x9f63db,66.6667%,1,2,3,0,0,1,2
0x5f0f9a,97.0588%,1,33,34,33,1,0,0
0x592c69,94.7368%,1,18,19,18,1,0,0
0x499759,98.6486%,1,73,74,0,0,1,73
0xad4341,66.6667%,1,2,3,0,0,1,2
0xaccf75,66.6667%,1,2,3,2,1,0,0
0x998887,50%,1,1,2,0,1,0,1
0x8d269e,50%,1,1,2,1,1,0,0
0x8e9cd9,80%,1,4,5,0,0,1,4
0x538a32,99.8617%,1,722,723,0,0,1,722
0x805e38,87.5%,1,7,8,3,1,0,4
0x670639,97.561%,1,40,41,0,0,1,40
0x7f0c05,80%,1,4,5,0,1,0,4
0xacced6,66.6667%,1,2,3,0,0,1,2
0x8bb2a3,0%,1,0,1,0,1,0,0
0xa63c51,50%,1,1,2,1,0,1,0
0x8a6b81,92.8571%,1,13,14,0,1,0,13
0x5f6025,50%,1,1,2,1,1,0,0
0x5beec7,50%,1,1,2,0,0,1,1
0x554f25,99.2958%,1,141,142,0,0,1,141
0x4a7727,75%,1,3,4,2,0,1,1
0x918aee,99.5%,1,199,200,0,0,1,199
0x50b893,97.5%,1,39,40,0,0,1,39
0x9f3c77,0%,1,0,1,0,0,1,0
0x5f3f4e,75%,1,3,4,3,1,0,0
0x50ba68,97.5%,1,39,40,39,1,0,0
0xa326c6,50%,1,1,2,0,0,1,1
0x67741f,50%,1,1,2,1,1,0,0
0x50ba9b,97.5%,1,39,40,0,0,1,39
0x94dd85,99.8296%,1,586,587,0,0,1,586
0x81e251,0%,1,0,1,0,0,1,0
0x48255c,88.8889%,1,8,9,8,1,0,0
0x50bc75,97.5%,1,39,40,39,1,0,0
0x94dd6d,99.8296%,1,586,587,0,0,1,586
0x60e60f,97.3684%,1,37,38,0,0,1,37
0x58cbcb,85.7143%,1,6,7,0,0,1,6
0x4ab53e,96%,1,24,25,0,0,1,24
0x9a1bd8,99.5074%,1,202,203,0,0,1,202
0x4b57c3,95.8333%,1,23,24,22,1,0,1
0x9eb283,50%,1,1,2,0,0,1,1
0x4a61ea,66.6667%,1,2,3,0,0,1,2
0x5531f4,99.8551%,1,689,690,0,0,1,689
0xaaaa66,0%,1,0,1,0,0,1,0
0x49d106,50%,1,1,2,1,0,1,0
0x817066,50%,1,1,2,0,0,1,1
0x5f1efc,97.2222%,1,35,36,0,0,1,35
0xa37425,96.875%,1,31,32,31,1,0,0
0xaa56b7,97.2222%,1,35,36,0,0,1,35
0x60bdc3,95.2381%,1,20,21,20,1,0,0
0x555fc9,66.6667%,1,2,3,0,0,1,2
0x956369,0%,1,0,1,0,0,1,0
0x8a6a11,87.5%,1,7,8,5,0,1,2
0x95609f,0%,1,0,1,0,1,0,0
0x64dfc5,98.1818%,1,54,55,3,1,0,51
0x49ce10,95.4545%,1,21,22,21,1,0,0
0x40221d,99.944%,1,1784,1785,0,0,1,1784
0x9d081f,0%,1,0,1,0,1,0,0
0x95605d,0%,1,0,1,0,1,0,0
0xa258c1,80%,1,4,5,4,1,0,0
0xb4a018,0%,1,0,1,0,0,1,0
0xa3fde7,96.4286%,1,27,28,27,1,0,0
0x64adc1,99.9952%,1,21013,21014,0,0,1,21013
0x608d8a,95.2381%,1,20,21,0,0,1,20
0x5b8e42,75%,1,3,4,0,0,1,3
0x9ea49b,98.6111%,1,71,72,0,0,1,71
0x7b0158,83.3333%,1,5,6,0,0,1,5
0xa0437c,0%,1,0,1,0,1,0,0
0x81d40c,99.4505%,1,181,182,0,0,1,181
0x63f362,99.5%,1,199,200,0,0,1,199
0x50d6fc,99.2806%,1,138,139,0,0,1,138
0x5488ec,87.5%,1,7,8,0,0,1,7
0x99bb46,95.2381%,1,20,21,20,1,0,0
0x50cbb1,98.4848%,1,65,66,65,1,0,0
0x956049,0%,1,0,1,0,0,1,0
0x5ef72c,0%,1,0,1,0,1,0,0
0x50a9f1,97.2222%,1,35,36,0,0,1,35
0x606cdd,87.5%,1,7,8,0,0,1,7
0x5ef716,0%,1,0,1,0,1,0,0
0x6d9f37,0%,1,0,1,0,0,1,0
0x9ea4a7,98.6111%,1,71,72,0,0,1,71
0x8a6b90,75%,1,3,4,0,1,0,3
0x494a3d,50%,1,1,2,0,0,1,1
0xa30bd9,99.5169%,1,206,207,0,0,1,206
0x8ad60d,50%,1,1,2,0,1,0,1
0x6672a4,96.7742%,1,30,31,0,0,1,30
0x99b0c3,97.5%,1,39,40,20,1,0,19
0x4052a2,99.8858%,1,875,876,0,0,1,875
0xa51ceb,91.6667%,1,11,12,0,0,1,11
0x69e68e,0%,1,0,1,0,1,0,0
0x60e5a0,0%,1,0,1,0,0,1,0
0xa07eab,0%,1,0,1,0,1,0,0
0x5f3c65,85.7143%,1,6,7,3,1,0,3
0x50a4b6,92.8571%,1,13,14,0,0,1,13
0x951d5c,99.843%,1,636,637,636,1,0,0
0xa5b01f,66.6667%,1,2,3,0,0,1,2
0x482155,94.7368%,1,18,19,18,1,0,0
0x9a3358,99.3151%,1,145,146,0,0,1,145
0xacdccd,50%,1,1,2,0,0,1,1
0xa34552,99.115%,1,112,113,0,0,1,112
0xa97dda,97.2973%,1,36,37,0,0,1,36
0x9698f2,98.6111%,1,71,72,0,0,1,71
0xa92f17,98.8636%,1,87,88,87,1,0,0
0x5e3ce2,66.6667%,1,2,3,2,1,0,0
0x67e49d,98.2143%,1,55,56,55,1,0,0
0x9be610,50%,1,1,2,1,1,0,0
0x5cd170,99.2366%,1,130,131,130,1,0,0
0x606ce3,87.5%,1,7,8,7,1,0,0
0x88e94f,97.4359%,1,38,39,0,0,1,38
0xa99949,50%,1,1,2,0,0,1,1
0x7f0618,50%,1,1,2,0,0,1,1
0x95603a,0%,1,0,1,0,0,1,0
0x88e712,97.4359%,1,38,39,38,1,0,0
0x956009,0%,1,0,1,0,1,0,0
0xad0647,50%,1,1,2,0,0,1,1
0x5f5b1d,50%,1,1,2,0,0,1,1
0x8ad62f,50%,1,1,2,0,0,1,1
0x54082a,91.6667%,1,11,12,11,1,0,0
0x5cd473,98.5075%,1,66,67,66,1,0,0
0x9d2f32,98.3607%,1,60,61,60,1,0,0
0x495aba,0%,1,0,1,0,0,1,0
0x5dda22,0%,1,0,1,0,0,1,0
0x918cd3,99.5%,1,199,200,199,1,0,0
0x495a9d,0%,1,0,1,0,1,0,0
0xa2dc8e,97.2222%,1,35,36,0,0,1,35
0x977a93,97.4359%,1,38,39,38,1,0,0
0x6471a9,95.2381%,1,20,21,20,1,0,0
0x8dc38e,75%,1,3,4,0,0,1,3
0xa99901,0%,1,0,1,0,0,1,0
0x59a3e7,50%,1,1,2,1,1,0,0
0x78abb3,85.7143%,1,6,7,0,0,1,6
0x4bd298,85.7143%,1,6,7,6,0,1,0
0x4ca0ae,50%,1,1,2,0,0,1,1
0x5f45ee,50%,1,1,2,0,0,1,1
0x5f460d,50%,1,1,2,0,1,0,1
0x8f2171,97.2973%,1,36,37,0,0,1,36
0x5f4629,0%,1,0,1,0,1,0,0
0x5fab2c,0%,1,0,1,0,1,0,0
0x9eaacd,50%,1,1,2,1,1,0,0
0x5cfc58,91.6667%,1,11,12,0,0,1,11
0x65c0d4,99.7788%,1,451,452,0,0,1,451
0xa94755,96.5517%,1,28,29,0,0,1,28
0x6754af,0%,1,0,1,0,0,1,0
0xace5b9,50%,1,1,2,0,0,1,1
0x5eef82,94.4444%,1,17,18,0,0,1,17
0x944877,99.1525%,1,117,118,117,1,0,0
0x58e044,50%,1,1,2,0,0,1,1
0x97ac7c,92.8571%,1,13,14,13,1,0,0
0x402d59,97.0588%,1,33,34,0,0,1,33
0x5f4379,85.7143%,1,6,7,5,0,1,1
0x8d2247,50%,1,1,2,0,0,1,1
0xa4cb86,75%,1,3,4,0,0,1,3
0xa5951a,99.4652%,1,186,187,0,0,1,186
0x9ea9d4,50%,1,1,2,0,0,1,1
0x8f573d,99.8696%,1,766,767,766,1,0,0
0x978538,99.7821%,1,458,459,0,0,1,458
0x58be96,91.6667%,1,11,12,11,1,0,0
0x9e864d,97.561%,1,40,41,0,0,1,40
0x5c4558,99.8858%,1,875,876,875,1,0,0
0x9f4a24,0%,1,0,1,0,1,0,0
0x8e41e3,99.2126%,1,126,127,126,1,0,0
0x50d9f9,99.0654%,1,106,107,0,0,1,106
0xaa2ad2,66.6667%,1,2,3,0,0,1,2
0x8ad77e,50%,1,1,2,0,0,1,1
0x8375fe,98.8372%,1,85,86,0,0,1,85
0x8dc3fa,75%,1,3,4,0,0,1,3
0x40a566,50%,1,1,2,1,1,0,0
0x59c904,66.6667%,1,2,3,0,1,0,2
0xa36c36,66.6667%,1,2,3,0,1,0,2
0x94edc6,96.6667%,1,29,30,0,0,1,29
0x9eb048,99.0826%,1,108,109,108,1,0,0
0x533764,90%,1,9,10,9,1,0,0
0x5f4860,0%,1,0,1,0,0,1,0
0x7d2298,0%,1,0,1,0,1,0,0
0x4a72c6,0%,1,0,1,0,1,0,0
0x949fe0,99.5516%,1,222,223,222,1,0,0
0xa570e6,96.7742%,1,30,31,0,0,1,30
0xb499cb,66.6667%,1,2,3,0,0,1,2
0xa237ad,50%,1,1,2,0,0,1,1
0x5b2a3f,97.8723%,1,46,47,46,1,0,0
0x5f484f,50%,1,1,2,0,0,1,1
0x5f4937,50%,1,1,2,1,1,0,0
0x538c40,90.9091%,1,10,11,6,1,0,4
0x95608f,0%,1,0,1,0,1,0,0
0x4beb26,99.4286%,1,174,175,0,0,1,174
0xa4cd12,75%,1,3,4,0,0,1,3
0x5bbaba,83.3333%,1,5,6,0,0,1,5
0x959f4d,75%,1,3,4,0,0,1,3
0xa97b51,50%,1,1,2,1,1,0,0
0x4a7b6e,99.6979%,1,330,331,0,0,1,330
0x4ae57d,50%,1,1,2,1,0,1,0
0x67f0cf,99.9766%,1,4268,4269,0,0,1,4268
0x4024b7,99.0909%,1,109,110,108,0,1,1
0xa36856,99.7706%,1,435,436,0,0,1,435
0x4ae59c,0%,1,0,1,0,0,1,0
0x5960c9,92.3077%,1,12,13,0,0,1,12
0x59fdac,50%,1,1,2,0,0,1,1
0x5bc0e0,50%,1,1,2,1,1,0,0
0x7d25e5,93.75%,1,15,16,15,1,0,0
0x647219,95.2381%,1,20,21,20,1,0,0
0x9449a8,98.5714%,1,69,70,69,1,0,0
0x8212bc,50%,1,1,2,1,1,0,0
0x6095bf,99.6032%,1,251,252,251,1,0,0
0x5f3e65,0%,1,0,1,0,1,0,0
0x504d47,50%,1,1,2,0,0,1,1
0x677c2d,99.7199%,1,356,357,0,0,1,356
0x4b7a3f,90.9091%,1,10,11,0,0,1,10
0x4c5fdf,93.75%,1,15,16,15,1,0,0
0x789196,90%,1,9,10,0,0,1,9
0x59c588,98.9011%,1,90,91,0,0,1,90
0x60e578,80%,1,4,5,1,0,1,3
0x5f2e3e,50%,1,1,2,1,1,0,0
0x8ada56,50%,1,1,2,1,1,0,0
0x4826ef,94.7368%,1,18,19,18,1,0,0
0x54ce83,97.4359%,1,38,39,0,0,1,38
0x8ad769,50%,1,1,2,0,0,1,1
0x59c8e6,85.7143%,1,6,7,0,0,1,6
0x80a3a5,75%,1,3,4,0,0,1,3
0x9731c7,97.619%,1,41,42,0,0,1,41
0x8dc420,75%,1,3,4,3,1,0,0
0x495b56,94.7368%,1,18,19,18,1,0,0
0xaccb08,66.6667%,1,2,3,0,0,1,2
0x8a34f8,50%,1,1,2,0,0,1,1
0xa39d9b,98.4615%,1,64,65,64,1,0,0
0x8d27e5,66.6667%,1,2,3,0,1,0,2
0x8aac09,90%,1,9,10,0,0,1,9
0x7807c9,87.5%,1,7,8,0,0,1,7
0x5fb41a,50%,1,1,2,0,0,1,1
0x5bec16,50%,1,1,2,1,1,0,0
0xa58450,90%,1,9,10,0,0,1,9
0xa3b1ab,99.3056%,1,143,144,0,0,1,143
0x604358,91.6667%,1,11,12,0,0,1,11
0x5beaa2,50%,1,1,2,0,0,1,1
0x98cc2e,94.4444%,1,17,18,0,0,1,17
0x554636,99.9179%,1,1217,1218,0,0,1,1217
0x804293,0%,1,0,1,0,0,1,0
0x495ad6,0%,1,0,1,0,0,1,0
0x5f421b,85.7143%,1,6,7,0,0,1,6
0x6dcc38,0%,1,0,1,0,1,0,0
0x9ff5be,97.5%,1,39,40,0,0,1,39
0x9e588d,96.6667%,1,29,30,29,1,0,0
0x48201f,75%,1,3,4,0,0,1,3
0x973285,97.5%,1,39,40,0,0,1,39
0x63dc50,99.8959%,1,960,961,960,1,0,0
0x48bc13,0%,1,0,1,0,0,1,0
0x64a27e,50%,1,1,2,0,0,1,1
0x9eb6ea,98.6111%,1,71,72,0,0,1,71
0x8ee82e,66.6667%,1,2,3,0,0,1,2
0x5f0ae9,0%,1,0,1,0,1,0,0
0xa52ce2,99.7245%,1,362,363,0,0,1,362
0x83bea3,80%,1,4,5,4,0,1,0
0x49f66c,98%,1,49,50,0,0,1,49
0x973215,97.5%,1,39,40,0,0,1,39
0x5fe812,96.4286%,1,27,28,27,1,0,0
0x911752,98.2143%,1,55,56,0,0,1,55
0x8e9cec,80%,1,4,5,0,0,1,4
0x5fbdcc,50%,1,1,2,0,0,1,1
0x60e528,98.7654%,1,80,81,0,0,1,80
0x978476,99.7821%,1,458,459,0,0,1,458
0x49ff45,99.9679%,1,3115,3116,3115,1,0,0
0x66f347,50%,1,1,2,0,0,1,1
0x7c76fe,75%,1,3,4,0,0,1,3
0xaa2ff1,99.0196%,1,101,102,101,1,0,0
0x5eb99a,50%,1,1,2,0,0,1,1
0x5beb5d,50%,1,1,2,1,1,0,0
0xa1a01c,92.3077%,1,12,13,0,0,1,12
0x5f390b,66.6667%,1,2,3,2,1,0,0
0xa9c99b,97.0588%,1,33,34,0,0,1,33
0x508124,99.2647%,1,135,136,135,1,0,0
0x4bb923,98.2143%,1,55,56,55,1,0,0
0x4a659b,66.6667%,1,2,3,0,0,1,2
0xa0bc1c,80%,1,4,5,0,0,1,4
0x499e48,93.75%,1,15,16,15,1,0,0
0x50bb07,96.7742%,1,30,31,30,1,0,0
0x649cb2,50%,1,1,2,0,0,1,1
0x80a4b1,80%,1,4,5,4,1,0,0
0x8f20a5,94.1176%,1,16,17,0,0,1,16
0x5d02fc,99.2481%,1,132,133,132,1,0,0
0x5a9460,98.5075%,1,66,67,0,0,1,66
0x493575,93.3333%,1,14,15,0,0,1,14
0x9a12b9,99.3421%,1,151,152,0,0,1,151
0x80e866,95.8333%,1,23,24,0,0,1,23
0x96eab6,0%,1,0,1,0,0,1,0
0xa064f7,97.1429%,1,34,35,0,0,1,34
0x67a075,83.3333%,1,5,6,5,1,0,0
0x4c712f,94.4444%,1,17,18,17,0,1,0
0x666125,0%,1,0,1,0,0,1,0
0xa080d6,75%,1,3,4,3,1,0,0
0xa8e3b5,0%,1,0,1,0,0,1,0
0xa087c7,87.5%,1,7,8,3,1,0,4
0x7f0c99,98.6667%,1,74,75,0,0,1,74
0x81a71f,99.9832%,1,5964,5965,0,0,1,5964
0x811552,50%,1,1,2,0,0,1,1
0x83381e,75%,1,3,4,0,0,1,3
0x64c264,99.1525%,1,117,118,0,0,1,117
0x5f38ff,66.6667%,1,2,3,0,0,1,2
0x5f0acd,0%,1,0,1,0,0,1,0
0x51194f,99.5283%,1,211,212,0,0,1,211
0x482038,75%,1,3,4,0,0,1,3
0x5f12c5,0%,1,0,1,0,1,0,0
0x7e053c,88.8889%,1,8,9,0,0,1,8
0x540c4a,99.6587%,1,292,293,0,0,1,292
0x8a5fa3,50%,1,1,2,1,1,0,0
0x80c41a,94.4444%,1,17,18,0,0,1,17
0x4c296e,0%,1,0,1,0,0,1,0
0x7e0476,91.6667%,1,11,12,0,1,0,11
0x504542,99.8649%,1,739,740,0,0,1,739
0x5f8dbb,0%,1,0,1,0,0,1,0
0x5f0ac4,66.6667%,1,2,3,1,1,0,1
0xab3303,97.619%,1,41,42,0,0,1,41
0xa479b3,88.8889%,1,8,9,0,0,1,8
0x501393,99.7555%,1,408,409,0,0,1,408
0xa27353,99.0566%,1,105,106,0,0,1,105
0xa05e12,85.7143%,1,6,7,0,1,0,6
0xa06a4b,50%,1,1,2,0,0,1,1
0x59fc21,0%,1,0,1,0,1,0,0
0x5bc87b,50%,1,1,2,0,0,1,1
0x5f10f9,99.6732%,1,305,306,0,0,1,305
0x4418d7,90.9091%,1,10,11,0,0,1,10
0x4c680a,91.6667%,1,11,12,0,0,1,11
0x405c5c,95.8333%,1,23,24,23,1,0,0
0x7c20f1,91.6667%,1,11,12,11,1,0,0
0x815f0b,50%,1,1,2,0,0,1,1
0x9bd408,91.6667%,1,11,12,0,0,1,11
0x66f502,85.7143%,1,6,7,0,0,1,6
0x7e8164,50%,1,1,2,1,1,0,0
0x9782cf,94.7368%,1,18,19,18,1,0,0
0x4b2ccb,50%,1,1,2,1,1,0,0
0x5f2f1c,0%,1,0,1,0,1,0,0
0x6809f8,99.7963%,1,490,491,0,0,1,490
0xa2f7ce,99.5614%,1,227,228,0,0,1,227
0x47fcba,94.7368%,1,18,19,18,1,0,0
0x813491,50%,1,1,2,0,0,1,1
0x671302,50%,1,1,2,1,1,0,0
0x5f120b,50%,1,1,2,1,1,0,0
0xb1c233,99.8435%,1,638,639,0,0,1,638
0x96c08d,99.5074%,1,202,203,202,1,0,0
0x9f876a,66.6667%,1,2,3,0,0,1,2
0x8165c7,97.4359%,1,38,39,0,0,1,38
0xa90606,98.2456%,1,56,57,0,0,1,56
0x942c59,98.6667%,1,74,75,74,1,0,0
0x8d42dc,91.6667%,1,11,12,0,0,1,11
0x97a425,94.4444%,1,17,18,0,0,1,17
0xacd83f,50%,1,1,2,1,1,0,0
0x5eed86,50%,1,1,2,1,1,0,0
0xa0b984,83.3333%,1,5,6,0,1,0,5
0x9f826f,0%,1,0,1,0,1,0,0
0xace0ea,50%,1,1,2,0,0,1,1
0x495bc7,94.7368%,1,18,19,0,0,1,18
0x8d9a11,83.3333%,1,5,6,0,0,1,5
0x786111,50%,1,1,2,1,1,0,0
0x48bb9d,90%,1,9,10,0,0,1,9
0x4959de,94.7368%,1,18,19,18,1,0,0
0x80a4f0,50%,1,1,2,0,0,1,1
0x60850e,90%,1,9,10,0,0,1,9
0x7f3e7a,93.3333%,1,14,15,0,0,1,14
0x49177e,0%,1,0,1,0,1,0,0
0xa0679e,50%,1,1,2,0,0,1,1
0x667028,96.2963%,1,26,27,0,0,1,26
0x4ad964,80%,1,4,5,0,0,1,4
0x611486,90.9091%,1,10,11,0,0,1,10
0x6108f4,92.3077%,1,12,13,0,0,1,12
0x58bbd9,98.7805%,1,81,82,0,0,1,81
0xa396f6,92.8571%,1,13,14,0,0,1,13
0x69242e,90%,1,9,10,0,0,1,9
0x9fc105,99.6732%,1,305,306,0,0,1,305
0xa0a66b,50%,1,1,2,1,1,0,0
0x8a23dd,50%,1,1,2,0,0,1,1
0x5070f8,99.8258%,1,573,574,0,0,1,573
0x5fabec,0%,1,0,1,0,0,1,0
0x5b177f,90%,1,9,10,0,0,1,9
0xa470b8,95.4545%,1,21,22,0,0,1,21
0x554f78,75%,1,3,4,0,0,1,3
0xa55a27,75%,1,3,4,1,1,0,2
0x942c25,98.6667%,1,74,75,0,0,1,74
0x548ad3,87.5%,1,7,8,3,1,0,4
0x59fa79,0%,1,0,1,0,0,1,0
0x495df4,94.7368%,1,18,19,0,1,0,18
0x648d51,50%,1,1,2,1,1,0,0
0xa0636b,83.3333%,1,5,6,1,1,0,4
0x5a0774,50%,1,1,2,1,1,0,0
0x9e7db9,95.8333%,1,23,24,0,0,1,23
0x4945ba,50%,1,1,2,0,0,1,1
0x491b3a,50%,1,1,2,0,0,1,1
0x4ca68a,80%,1,4,5,2,1,0,2
0x4877e7,0%,1,0,1,0,1,0,0
0x99d9d3,97.2973%,1,36,37,0,0,1,36
0xa0193d,75%,1,3,4,0,0,1,3
0xa01c14,50%,1,1,2,0,0,1,1
0x59da57,98%,1,49,50,49,1,0,0
0x48099d,94.7368%,1,18,19,0,0,1,18
0xa27908,83.3333%,1,5,6,5,1,0,0
0x5b5f9d,0%,1,0,1,0,1,0,0
0xa90e2a,75%,1,3,4,3,1,0,0
0x7f0aba,0%,1,0,1,0,0,1,0
0x943592,98.6667%,1,74,75,0,0,1,74
0x8ecc37,0%,1,0,1,0,0,1,0
0x5efa94,66.6667%,1,2,3,2,1,0,0
0x4aaf2b,0%,1,0,1,0,0,1,0
0x9f7c11,92.3077%,1,12,13,0,0,1,12
0x4ab224,80%,1,4,5,4,1,0,0
0x81216d,75%,1,3,4,3,1,0,0
0x9e5dd3,94.1176%,1,16,17,0,0,1,16
0xa4794c,88.8889%,1,8,9,0,0,1,8
0x48a698,99.8559%,1,693,694,0,0,1,693
0x7f0c38,0%,1,0,1,0,1,0,0
0x7c7a7b,96.875%,1,31,32,0,0,1,31
0x9d0696,97.0588%,1,33,34,0,0,1,33
0x494db1,99.3671%,1,157,158,0,0,1,157
0xa99906,0%,1,0,1,0,1,0,0
0xb4989d,90%,1,9,10,0,0,1,9
0xa9d18e,99.3939%,1,164,165,0,0,1,164
0x80b744,0%,1,0,1,0,0,1,0
0xaa4a8c,66.6667%,1,2,3,2,1,0,0
0x49cf60,0%,1,0,1,0,1,0,0
0x59f920,50%,1,1,2,0,0,1,1
0xa042a5,0%,1,0,1,0,0,1,0
0x9f66e9,99.3464%,1,152,153,152,1,0,0
0x4b4eb8,50%,1,1,2,0,0,1,1
0x5f6112,50%,1,1,2,0,0,1,1
0xa2c1c7,50%,1,1,2,1,1,0,0
0xa91ada,99.7245%,1,362,363,0,0,1,362
0x9eb2b2,50%,1,1,2,0,0,1,1
0xa99562,90.9091%,1,10,11,0,0,1,10
0x4801b7,94.7368%,1,18,19,0,0,1,18
0x58d91b,83.3333%,1,5,6,0,0,1,5
0x5f8d76,0%,1,0,1,0,0,1,0
0x48fdf3,90%,1,9,10,0,0,1,9
0xb22b85,99.9465%,1,1867,1868,1867,1,0,0
0x9f802c,92.8571%,1,13,14,0,0,1,13
0xa9ba5d,90.9091%,1,10,11,6,1,0,4
0x4801c3,94.7368%,1,18,19,18,1,0,0
0x5be5fb,99.4118%,1,169,170,0,0,1,169
0x4928ef,0%,1,0,1,0,1,0,0
0x9be9b6,50%,1,1,2,0,0,1,1
0x96ec53,0%,1,0,1,0,1,0,0
0x7e8180,50%,1,1,2,0,0,1,1
0x80d4d0,95%,1,19,20,0,0,1,19
0x6495ff,50%,1,1,2,1,1,0,0
0x9fe8ac,97.5%,1,39,40,39,1,0,0
0x9613fb,87.5%,1,7,8,7,1,0,0
0x4a2628,99.6865%,1,318,319,0,0,1,318
0x441697,90.9091%,1,10,11,0,0,1,10
0x8d2639,98.2143%,1,55,56,0,0,1,55
0x9a7a90,97.1429%,1,34,35,0,0,1,34
0x50319b,50%,1,1,2,1,1,0,0
0x4ab21e,80%,1,4,5,0,0,1,4
0x9ea063,50%,1,1,2,1,1,0,0
0x9ebbdd,87.5%,1,7,8,0,1,0,7
0x8d4391,0%,1,0,1,0,1,0,0
0x9a7aad,99.1803%,1,121,122,0,0,1,121
0x809d46,50%,1,1,2,0,0,1,1
0x4ab211,80%,1,4,5,4,1,0,0
0x80b7c2,50%,1,1,2,0,0,1,1
0x5f4866,0%,1,0,1,0,1,0,0
0x5f14aa,95.2381%,1,20,21,20,1,0,0
0x9a9b25,99.1736%,1,120,121,0,0,1,120
0x8ad70d,50%,1,1,2,0,0,1,1
0xa04053,50%,1,1,2,0,0,1,1
0x5f6cad,93.3333%,1,14,15,14,1,0,0
0x40aa6c,0%,1,0,1,0,1,0,0
0x7ce7da,91.6667%,1,11,12,0,0,1,11
0x40e049,99.3631%,1,156,157,156,1,0,0
0x8142c3,99.6951%,1,327,328,0,0,1,327
0x4928e2,0%,1,0,1,0,0,1,0
0x50ef24,94.7368%,1,18,19,0,0,1,18
0x792211,95.2381%,1,20,21,20,1,0,0
0x9a18d3,95.2381%,1,20,21,0,0,1,20
0x402dd8,98.3051%,1,58,59,0,0,1,58
0x9e6f58,66.6667%,1,2,3,0,0,1,2
0xb17bc0,99.9057%,1,1060,1061,0,0,1,1060
0x490ddf,83.3333%,1,5,6,0,0,1,5
0x555f66,66.6667%,1,2,3,0,0,1,2
0xa92632,99.4709%,1,188,189,0,0,1,188
0x48e8ce,0%,1,0,1,0,1,0,0
0x9ff68e,80%,1,4,5,0,0,1,4
0x9a1665,95.2381%,1,20,21,0,1,0,20
0x99b8da,96.1538%,1,25,26,0,0,1,25
0xa6c6a6,97.6744%,1,42,43,0,0,1,42
0x5f510e,50%,1,1,2,0,1,0,1
0x5f27af,96.7742%,1,30,31,30,1,0,0
0x49ee97,96.4286%,1,27,28,14,0,1,13
0xb17b7f,99.9057%,1,1060,1061,0,0,1,1060
0x502828,98.9691%,1,96,97,96,1,0,0
0x5f50fd,50%,1,1,2,1,1,0,0
0x5a5edd,75%,1,3,4,0,0,1,3
0xa2dbec,75%,1,3,4,0,0,1,3
0x9f3a4c,66.6667%,1,2,3,0,1,0,2
0x814bbe,94.4444%,1,17,18,0,0,1,17
0xa3010c,80%,1,4,5,3,0,1,1
0x491a49,99.3939%,1,164,165,0,0,1,164
0x9be551,50%,1,1,2,1,1,0,0
0x4ad36a,95%,1,19,20,0,0,1,19
0x8fe8e9,0%,1,0,1,0,0,1,0
0x494834,50%,1,1,2,0,0,1,1
0x5b8dd8,87.5%,1,7,8,4,0,1,3
0x9fc518,92.8571%,1,13,14,0,0,1,13
0x4bc085,0%,1,0,1,0,0,1,0
0x9697f4,50%,1,1,2,0,0,1,1
0x9f580e,98.75%,1,79,80,50,0,1,29
0x50d0a6,98.7805%,1,81,82,81,1,0,0
0x490c88,95%,1,19,20,0,0,1,19
0x8a34fd,50%,1,1,2,0,0,1,1
0x5ff4f5,75%,1,3,4,3,1,0,0
0x944999,98.5714%,1,69,70,0,0,1,69
0x5f391b,66.6667%,1,2,3,0,0,1,2
0x4ad982,80%,1,4,5,1,1,0,3
0x5f3a5a,85.7143%,1,6,7,6,1,0,0
0x6ec01e,0%,1,0,1,0,1,0,0
0xacce85,0%,1,0,1,0,1,0,0
0x5f4e55,0%,1,0,1,0,1,0,0
0x5ef75b,0%,1,0,1,0,1,0,0
0xb3aaf4,99.9645%,1,2817,2818,0,1,0,2817
0xaccb5f,66.6667%,1,2,3,0,0,1,2
0x9a357a,95%,1,19,20,19,1,0,0
0x8093be,50%,1,1,2,0,0,1,1
0xacce59,0%,1,0,1,0,1,0,0
0x9bdeb4,50%,1,1,2,0,0,1,1
0x6105bb,83.3333%,1,5,6,0,0,1,5
0x49c1c5,98.9474%,1,94,95,0,0,1,94
0x66f7db,94.7368%,1,18,19,18,1,0,0
0x58e7b2,83.3333%,1,5,6,5,1,0,0
0x58dbc0,0%,1,0,1,0,1,0,0
0x4942d2,98.5714%,1,69,70,0,0,1,69
0x817131,50%,1,1,2,0,0,1,1
0x9564a7,0%,1,0,1,0,1,0,0
0x608d97,95.2381%,1,20,21,20,1,0,0
0x50eba2,97.5%,1,39,40,1,1,0,38
0x487918,50%,1,1,2,0,0,1,1
0x58dbd5,0%,1,0,1,0,1,0,0
0x490ec6,88.8889%,1,8,9,0,0,1,8
0x4a1b55,95.6522%,1,22,23,0,0,1,22
0x67553d,50%,1,1,2,0,0,1,1
0x9e2cab,92.3077%,1,12,13,0,0,1,12
0x5f4c98,0%,1,0,1,0,0,1,0
0x4c628d,95%,1,19,20,12,0,1,7
0x5f4c92,0%,1,0,1,0,0,1,0
0x6515a9,98.6486%,1,73,74,73,1,0,0
0x4945ec,50%,1,1,2,0,0,1,1
0x5f4c81,50%,1,1,2,0,0,1,1
0x50e3d7,98.1132%,1,52,53,0,0,1,52
0x4b877e,85.7143%,1,6,7,6,1,0,0
0x592e73,50%,1,1,2,0,0,1,1
0x5f13c3,97.5%,1,39,40,0,0,1,39
0x4b88de,93.75%,1,15,16,15,1,0,0
0xa53504,50%,1,1,2,0,0,1,1
0x5f4f22,0%,1,0,1,0,0,1,0
0x5f4ed6,0%,1,0,1,0,1,0,0
0x8325e0,0%,1,0,1,0,0,1,0
0x67564c,0%,1,0,1,0,0,1,0
0x5d20ca,66.6667%,1,2,3,2,1,0,0
0xa28a1b,93.75%,1,15,16,0,0,1,15
0x90b18e,98.5714%,1,69,70,69,1,0,0
0x9e615d,91.6667%,1,11,12,11,1,0,0
0x483165,96.5517%,1,28,29,0,0,1,28
0x4c8e1e,99.2481%,1,132,133,0,0,1,132
0x51aeed,50%,1,1,2,0,0,1,1
0x9e8ad2,99.3103%,1,144,145,0,0,1,144
0x494a4f,50%,1,1,2,0,0,1,1
0x9f114d,80%,1,4,5,4,1,0,0
0x4949fc,50%,1,1,2,1,1,0,0
0x843462,0%,1,0,1,0,0,1,0
0x99ce94,88.8889%,1,8,9,8,1,0,0
0x5f2c79,50%,1,1,2,1,1,0,0
0x5f2bdd,50%,1,1,2,0,0,1,1
0xa96b04,93.75%,1,15,16,0,0,1,15
0xa03ab8,75%,1,3,4,3,1,0,0
0xa07acc,0%,1,0,1,0,0,1,0
0xa041c3,80%,1,4,5,4,0,1,0
0x94987d,98.7342%,1,78,79,0,0,1,78
0x6674f8,50%,1,1,2,1,1,0,0
0xa08cd3,87.5%,1,7,8,7,1,0,0
0x5f30b1,50%,1,1,2,0,0,1,1
0xb17eaa,99.9057%,1,1060,1061,1060,1,0,0
0x81e277,0%,1,0,1,0,0,1,0
0x9be4c4,50%,1,1,2,1,1,0,0
0x819f82,98.6486%,1,73,74,0,0,1,73
0x805741,50%,1,1,2,0,0,1,1
0x8d2268,50%,1,1,2,0,0,1,1
0x58f9ce,50%,1,1,2,0,0,1,1
0x8434a1,0%,1,0,1,0,0,1,0
0x7e2c0f,50%,1,1,2,1,1,0,0
0x9e0d91,96.4286%,1,27,28,4,1,0,23
0x95b8b4,75%,1,3,4,3,1,0,0
0x667377,97.5%,1,39,40,0,0,1,39
0x48c659,50%,1,1,2,0,0,1,1
0x8e935b,66.6667%,1,2,3,2,1,0,0
0x494af8,50%,1,1,2,1,1,0,0
0x60e5d0,0%,1,0,1,0,0,1,0
0x6499db,75%,1,3,4,1,1,0,2
0xa54094,95.4545%,1,21,22,21,1,0,0
0x91563a,99.5%,1,199,200,0,0,1,199
0x7f3772,93.3333%,1,14,15,0,0,1,14
0x48311e,96.5517%,1,28,29,0,0,1,28
0xa042de,50%,1,1,2,0,0,1,1
0x6484d3,50%,1,1,2,1,1,0,0
0x9032e6,91.6667%,1,11,12,11,1,0,0
0x7c68e3,50%,1,1,2,0,0,1,1
0x917af1,99.5%,1,199,200,0,0,1,199
0x6750c9,66.6667%,1,2,3,0,1,0,2
0x403a26,0%,1,0,1,0,1,0,0
0x5b1941,92.8571%,1,13,14,13,0,1,0
0x8bcc85,93.3333%,1,14,15,14,1,0,0
0x4ad3ef,95%,1,19,20,19,1,0,0
0x4ad3eb,95%,1,19,20,0,0,1,19
0xae3f77,50%,1,1,2,0,0,1,1
0x50cf11,99.5708%,1,232,233,0,0,1,232
0x917b97,99.5%,1,199,200,199,1,0,0
0x7b88e7,93.75%,1,15,16,14,0,1,1
0x9ea2a2,50%,1,1,2,0,0,1,1
0x49ce4a,87.5%,1,7,8,7,1,0,0
0x50a7a4,98.0392%,1,50,51,0,0,1,50
0x5b355d,83.3333%,1,5,6,0,0,1,5
0x49c957,94.4444%,1,17,18,17,1,0,0
0x9eb728,99.4048%,1,167,168,0,0,1,167
0xb18260,99.9005%,1,1004,1005,1004,1,0,0
0xa0316f,50%,1,1,2,0,1,0,1
0x5f2b6e,50%,1,1,2,1,1,0,0
0x794810,93.75%,1,15,16,10,0,1,5
0x96a657,98.6111%,1,71,72,0,0,1,71
0x509e05,99.7658%,1,426,427,426,1,0,0
0x4ba129,96.6667%,1,29,30,0,0,1,29
0x5fc073,50%,1,1,2,0,0,1,1
0x48f413,66.6667%,1,2,3,0,0,1,2
0x556e6e,99.0476%,1,104,105,104,1,0,0
0x511dba,99.7396%,1,383,384,0,0,1,383
0x98b325,99.6988%,1,331,332,0,0,1,331
0xa957c4,75%,1,3,4,0,0,1,3
0x7e81a8,50%,1,1,2,1,1,0,0
0x4b539a,50%,1,1,2,0,0,1,1
0x8dfd73,99.5868%,1,241,242,0,0,1,241
0x96a4bb,50%,1,1,2,0,0,1,1
0x811af9,50%,1,1,2,0,0,1,1
0x5f2b26,50%,1,1,2,0,0,1,1
0x647c1a,97.6744%,1,42,43,42,1,0,0
0xa05b42,96.5517%,1,28,29,0,0,1,28
0x903e10,98.0769%,1,51,52,51,1,0,0
0x815cfe,97.561%,1,40,41,0,0,1,40
0x485cee,66.6667%,1,2,3,0,0,1,2
0x490608,66.6667%,1,2,3,0,0,1,2
0xa2fcae,99.5536%,1,223,224,0,0,1,223
0xa04260,50%,1,1,2,0,0,1,1
0xa5027f,75%,1,3,4,0,0,1,3
0x8ed09e,88.8889%,1,8,9,8,1,0,0
0x4415ce,90.9091%,1,10,11,0,0,1,10
0x9bd323,98.4127%,1,62,63,0,0,1,62
0xa39302,92.8571%,1,13,14,0,0,1,13
0x4bb6b1,99.3631%,1,156,157,0,0,1,156
0x9bb42d,94.7368%,1,18,19,18,1,0,0
0x97b95e,99.1228%,1,113,114,0,0,1,113
0x5b2f05,99.4975%,1,198,199,198,1,0,0
0x4b955d,50%,1,1,2,0,1,0,1
0x59fbd2,0%,1,0,1,0,1,0,0
0x9bd66e,95.8333%,1,23,24,0,0,1,23
0x973c2e,90%,1,9,10,1,1,0,8
0x4961b0,91.6667%,1,11,12,11,1,0,0
0x9a0a6b,96.4286%,1,27,28,0,0,1,27
0x9f0751,50%,1,1,2,0,0,1,1
0xa088f3,90%,1,9,10,4,1,0,5
0x592af1,99%,1,99,100,58,1,0,41
0x50626a,90.9091%,1,10,11,0,0,1,10
0x809c29,50%,1,1,2,0,0,1,1
0xb3abd8,0%,1,0,1,0,1,0,0
0x4b78aa,96.4286%,1,27,28,0,0,1,27
0xa3b162,75%,1,3,4,3,1,0,0
0x7ce69b,97.7273%,1,43,44,43,1,0,0
0x441a66,90.9091%,1,10,11,0,0,1,10
0x99e695,92.3077%,1,12,13,0,0,1,12
0x49bf7e,83.3333%,1,5,6,5,1,0,0
0x99e505,92.3077%,1,12,13,12,1,0,0
0xa89543,98.7952%,1,82,83,0,0,1,82
0x502b72,80%,1,4,5,0,0,1,4
0xa7bee1,80%,1,4,5,0,0,1,4
0x5b60cf,0%,1,0,1,0,1,0,0
0x88a189,95.4545%,1,21,22,0,0,1,21
0x493f70,50%,1,1,2,1,1,0,0
0xa48d00,99.4012%,1,166,167,166,1,0,0
0x59fb7a,0%,1,0,1,0,0,1,0
0x4092ae,50%,1,1,2,0,0,1,1
0x99e65e,92.3077%,1,12,13,0,0,1,12
0x51282f,95%,1,19,20,19,1,0,0
0xa0699e,50%,1,1,2,0,0,1,1
0x666d39,75%,1,3,4,0,0,1,3
0xaa5718,98.9247%,1,92,93,0,0,1,92
0x5ae277,97.561%,1,40,41,40,1,0,0
0x99e6b0,92.3077%,1,12,13,0,0,1,12
0xa50a8f,92.8571%,1,13,14,0,0,1,13
0xa2f143,0%,1,0,1,0,0,1,0
0x990a1d,99.6078%,1,254,255,254,1,0,0
0x48059a,97.3684%,1,37,38,0,1,0,37
0x99e6cf,92.3077%,1,12,13,0,0,1,12
0x99a8e1,99.0196%,1,101,102,0,0,1,101
0x99ef66,50%,1,1,2,0,0,1,1
0x666cb2,50%,1,1,2,0,0,1,1
0x9f07c6,50%,1,1,2,0,0,1,1
0xa21e49,50%,1,1,2,0,1,0,1
0x81b476,83.3333%,1,5,6,0,0,1,5
0x99ef6f,50%,1,1,2,0,0,1,1
0x5d06af,99.0909%,1,109,110,109,1,0,0
0x483ce9,0%,1,0,1,0,1,0,0
0xacfaeb,95.2381%,1,20,21,20,1,0,0
0xa06402,50%,1,1,2,0,0,1,1
0x94f1a1,0%,1,0,1,0,0,1,0
0x5df0ec,99.9356%,1,1551,1552,0,0,1,1551
0xb4973b,85.7143%,1,6,7,0,0,1,6
0x50e83d,92.8571%,1,13,14,0,0,1,13
0xa2f286,97.3684%,1,37,38,0,0,1,37
0x54652b,99.7143%,1,349,350,349,1,0,0
0xa2f9ed,98.7179%,1,77,78,0,0,1,77
0x7d41e7,0%,1,0,1,0,0,1,0
0xa2e889,98.1132%,1,52,53,0,0,1,52
0x4c5d27,95.2381%,1,20,21,0,0,1,20
0xa2f262,97.3684%,1,37,38,0,0,1,37
0x8388e4,80%,1,4,5,4,1,0,0
0x98b5b7,99.3789%,1,160,161,0,0,1,160
0x4b5103,90%,1,9,10,2,0,1,7
0x5fc9b4,50%,1,1,2,0,0,1,1
0x8ba0d7,99.9895%,1,9480,9481,9480,1,0,0
0x40f84d,98.6842%,1,75,76,75,1,0,0
0x666959,99.8288%,1,583,584,0,0,1,583
0x814320,99.9362%,1,1566,1567,0,0,1,1566
0x40397d,97.2973%,1,36,37,0,0,1,36
0x99df13,96.4286%,1,27,28,0,0,1,27
0x59208d,75%,1,3,4,0,0,1,3
0x666cc6,50%,1,1,2,0,0,1,1
0x6710e3,50%,1,1,2,1,1,0,0
0x9f3c81,0%,1,0,1,0,0,1,0
0x9ec147,98.2143%,1,55,56,0,0,1,55
0xa570c8,97.561%,1,40,41,0,0,1,40
0x9ef280,99.4253%,1,173,174,173,1,0,0
0x8ecc2d,0%,1,0,1,0,0,1,0
0xa4f83b,50%,1,1,2,0,0,1,1
0x820008,99.6904%,1,322,323,0,0,1,322
0x5a884a,50%,1,1,2,1,1,0,0
0x50c75a,95%,1,19,20,0,0,1,19
0x5c36d8,75%,1,3,4,3,1,0,0
0xa5756d,97.561%,1,40,41,0,0,1,40
0x64c691,99.1597%,1,118,119,0,0,1,118
0x5de73a,99.8765%,1,809,810,809,1,0,0
0xa66360,88.8889%,1,8,9,8,1,0,0
0x666f4d,50%,1,1,2,0,0,1,1
0x4960ff,91.6667%,1,11,12,0,0,1,11
0x48e72a,99.0196%,1,101,102,0,0,1,101
0x9d07d2,98.3871%,1,61,62,61,1,0,0
0xa06551,96.7742%,1,30,31,0,0,1,30
0x598f08,94.7368%,1,18,19,18,0,1,0
0xb306c2,80%,1,4,5,4,1,0,0
0x80a610,50%,1,1,2,0,0,1,1
0x9d07f6,98.3871%,1,61,62,61,0,1,0
0x8ecc75,92.3077%,1,12,13,0,0,1,12
0x49c5bc,83.3333%,1,5,6,0,0,1,5
0xa083c1,85.7143%,1,6,7,0,0,1,6
0x53e87b,75%,1,3,4,3,1,0,0
0x4a9d2a,95.6522%,1,22,23,16,0,1,6
0x8a6e4d,50%,1,1,2,1,1,0,0
0x505b2c,90.9091%,1,10,11,0,0,1,10
0x99a094,80%,1,4,5,4,1,0,0
0x666d59,75%,1,3,4,0,1,0,3
0x6667cc,50%,1,1,2,0,0,1,1
0x5467ef,85.7143%,1,6,7,5,0,1,1
0x492c8e,75%,1,3,4,0,0,1,3
0x50b20b,75%,1,3,4,0,0,1,3
0x9ec4b3,66.6667%,1,2,3,0,0,1,2
0x4bba7d,99.1071%,1,111,112,0,0,1,111
0x50b1b8,75%,1,3,4,0,0,1,3
0x494e4d,0%,1,0,1,0,0,1,0
0x90077c,0%,1,0,1,0,1,0,0
0x6976b0,96.4286%,1,27,28,27,1,0,0
0x67073d,0%,1,0,1,0,1,0,0
0x889ff1,95.4545%,1,21,22,0,0,1,21
0xa09593,0%,1,0,1,0,0,1,0
0x4859c7,97.619%,1,41,42,0,0,1,41
0x9e16c5,50%,1,1,2,0,0,1,1
0x4877b6,0%,1,0,1,0,1,0,0
0x503f21,88.8889%,1,8,9,6,1,0,2
0x9fe83f,66.6667%,1,2,3,2,1,0,0
0x8aa7ba,99.5984%,1,248,249,248,1,0,0
0xaadb7e,98.1481%,1,53,54,0,0,1,53
0x507f35,80%,1,4,5,0,0,1,4
0xad439f,0%,1,0,1,0,1,0,0
0x99aa41,99.0196%,1,101,102,0,0,1,101
0x8a710c,98.2143%,1,55,56,55,1,0,0
0x9780f3,99.2481%,1,132,133,0,0,1,132
0xad4744,99.1597%,1,118,119,0,0,1,118
0x554e5d,99.0476%,1,104,105,104,1,0,0
0xb2ad4d,99.9037%,1,1037,1038,1037,1,0,0
0xaa7faf,66.6667%,1,2,3,2,1,0,0
0x4ae5a6,0%,1,0,1,0,1,0,0
0x814637,99.7669%,1,428,429,0,0,1,428
0x9bd5da,91.6667%,1,11,12,0,0,1,11
0x492b0b,50%,1,1,2,1,1,0,0
0x8a886b,80%,1,4,5,2,1,0,2
0x49cd29,80%,1,4,5,0,0,1,4
0x9a3336,98.9011%,1,90,91,90,1,0,0
0x4bd5a2,0%,1,0,1,0,1,0,0
0x64be5e,99.1597%,1,118,119,0,0,1,118
0xa94cb2,75%,1,3,4,0,0,1,3
0x81160a,50%,1,1,2,1,1,0,0
0x4bb10c,99.6575%,1,291,292,291,1,0,0
0x50b488,75%,1,3,4,3,1,0,0
0x8bcae0,99.5025%,1,200,201,200,1,0,0
0x58dbcf,0%,1,0,1,0,0,1,0
0x50b537,75%,1,3,4,3,1,0,0
0x50b5f5,75%,1,3,4,0,0,1,3
0x96926e,99.4975%,1,198,199,0,0,1,198
0xace075,50%,1,1,2,1,1,0,0
0x409f14,98.7654%,1,80,81,0,0,1,80
0x9f0ac0,75%,1,3,4,3,1,0,0
0x8ed304,83.3333%,1,5,6,0,0,1,5
0xa18aef,97.6744%,1,42,43,0,0,1,42
0x7e2098,92.3077%,1,12,13,0,0,1,12
0x5d1044,99.9197%,1,1244,1245,1244,1,0,0
0x77b9fd,50%,1,1,2,0,0,1,1
0xa042cf,66.6667%,1,2,3,1,0,1,1
0x492ba9,50%,1,1,2,0,0,1,1
0x8f45fe,91.6667%,1,11,12,0,0,1,11
0x675622,0%,1,0,1,0,0,1,0
0x808304,96.2963%,1,26,27,0,0,1,26
0x50b252,75%,1,3,4,0,0,1,3
0x670e12,50%,1,1,2,0,0,1,1
0x48782d,0%,1,0,1,0,0,1,0
0xa0a557,87.5%,1,7,8,0,0,1,7
0xa9dd3e,50%,1,1,2,1,1,0,0
0xb30701,80%,1,4,5,0,0,1,4
0x638ed3,99.8172%,1,546,547,0,0,1,546
0x50e2db,98.6667%,1,74,75,0,0,1,74
0x80e4a3,50%,1,1,2,0,0,1,1
0x8875e3,80%,1,4,5,0,1,0,4
0xa0a52c,50%,1,1,2,0,0,1,1
0x5d8714,96.6667%,1,29,30,0,0,1,29
0x50acca,88.8889%,1,8,9,0,0,1,8
0x5b61b3,0%,1,0,1,0,0,1,0
0x504277,66.6667%,1,2,3,0,0,1,2
0x58b8df,99.0909%,1,109,110,0,0,1,109
0x8f38be,99.1379%,1,115,116,0,0,1,115
0xacda63,50%,1,1,2,1,1,0,0
0x673d3c,97.3684%,1,37,38,0,0,1,37
0x59f221,50%,1,1,2,1,1,0,0
0x4b9610,92.3077%,1,12,13,12,1,0,0
0x5b6142,0%,1,0,1,0,1,0,0
0xa0878c,87.5%,1,7,8,0,0,1,7
0x48f08c,96.9697%,1,32,33,32,1,0,0
0x48c5ea,0%,1,0,1,0,1,0,0
0x5089c8,75%,1,3,4,0,0,1,3
0x494017,50%,1,1,2,0,0,1,1
0xa50ada,92.8571%,1,13,14,0,0,1,13
0x77aeb5,0%,1,0,1,0,1,0,0
0x5f5bd8,50%,1,1,2,1,1,0,0
0xa57522,97.561%,1,40,41,40,1,0,0
0x9190a3,50%,1,1,2,0,0,1,1
0x502b68,80%,1,4,5,0,0,1,4
0x8fdd3b,98.8235%,1,84,85,0,0,1,84
0x50da39,93.3333%,1,14,15,0,0,1,14
0xaadde0,50%,1,1,2,1,1,0,0
0x7f0c2c,0%,1,0,1,0,0,1,0
0x901ae0,99.6%,1,249,250,249,1,0,0
0xa54eaf,98.3607%,1,60,61,60,1,0,0
0x5afe86,95.2381%,1,20,21,0,0,1,20
0x9e3cfa,97.561%,1,40,41,38,1,0,2
0x7cf6e4,92.8571%,1,13,14,0,0,1,13
0x48ab53,99.9882%,1,8457,8458,0,0,1,8457
0x666faa,95.6522%,1,22,23,22,1,0,0
0x9e630e,94.7368%,1,18,19,0,1,0,18
0x6707f9,83.3333%,1,5,6,5,1,0,0
0xb18277,99.505%,1,201,202,0,0,1,201
0x8aad4d,95.4545%,1,21,22,21,1,0,0
0x5af53a,98.3871%,1,61,62,0,0,1,61
0x619927,98.6667%,1,74,75,74,1,0,0
0x97a646,97.2222%,1,35,36,35,1,0,0
0x8878c4,0%,1,0,1,0,0,1,0
0xa69e67,75%,1,3,4,3,1,0,0
0xb499f8,87.5%,1,7,8,0,0,1,7
0x8878b9,0%,1,0,1,0,0,1,0
0xa0a5b8,87.5%,1,7,8,0,0,1,7
0x5f5d3f,75%,1,3,4,0,0,1,3
0x9f3c6b,0%,1,0,1,0,0,1,0
0x8e0cdb,99.1071%,1,111,112,0,0,1,111
0x8ec617,50%,1,1,2,0,0,1,1
0x5f8139,99.3333%,1,149,150,0,0,1,149
0xb47682,93.75%,1,15,16,15,1,0,0
0x887743,0%,1,0,1,0,1,0,0
0xa0a4f3,50%,1,1,2,0,0,1,1
0x5a963e,87.5%,1,7,8,0,0,1,7
0x99dea8,93.3333%,1,14,15,0,0,1,14
0x4b7bc6,0%,1,0,1,0,1,0,0
0x53f28f,99.7669%,1,428,429,428,1,0,0
0xa04559,80%,1,4,5,4,1,0,0
0x9e82b5,75%,1,3,4,3,1,0,0
0x49cd3e,80%,1,4,5,4,1,0,0
0x58c367,80%,1,4,5,1,0,1,3
0x5d80f1,99.9194%,1,1240,1241,1240,1,0,0
0x9a110d,93.3333%,1,14,15,0,0,1,14
0x5b4a1a,50%,1,1,2,0,0,1,1
0x6a3aea,91.6667%,1,11,12,11,1,0,0
0xa55925,50%,1,1,2,1,1,0,0
0xa06058,75%,1,3,4,3,0,1,0
0x81fb92,99.6904%,1,322,323,0,0,1,322
0x670d05,50%,1,1,2,0,0,1,1
0x64c79c,80%,1,4,5,4,1,0,0
0x53ec1b,75%,1,3,4,0,0,1,3
0x5bb680,95.6522%,1,22,23,0,0,1,22
0xaa8013,99.811%,1,528,529,0,0,1,528
0xaa7f15,91.6667%,1,11,12,0,0,1,11
0xa1b586,87.5%,1,7,8,0,0,1,7
0x5ec56f,97.5%,1,39,40,0,0,1,39
0x9913b2,99.0741%,1,107,108,107,1,0,0
0x5af78f,50%,1,1,2,0,0,1,1
0x49a109,93.75%,1,15,16,0,0,1,15
0xa574c6,98.9011%,1,90,91,0,0,1,90
0x49fc33,98.8372%,1,85,86,0,0,1,85
0x9f332e,99.375%,1,159,160,0,0,1,159
0x64c08d,88.8889%,1,8,9,8,1,0,0
0x9a7e33,96%,1,24,25,0,0,1,24
0x5cb0b5,99.8871%,1,885,886,0,0,1,885
0x5bb735,95.6522%,1,22,23,22,1,0,0
0x48db91,99.696%,1,328,329,0,0,1,328
0x492e3e,0%,1,0,1,0,1,0,0
0x48d7db,99.0654%,1,106,107,0,0,1,106
0x5af0de,99.8563%,1,695,696,0,0,1,695
0xa2a984,0%,1,0,1,0,1,0,0
0x7a0fa5,97.1429%,1,34,35,34,1,0,0
0x5fab50,0%,1,0,1,0,1,0,0
0xb6a117,80%,1,4,5,0,0,1,4
0xa8fb84,99.5536%,1,223,224,0,0,1,223
0xa2e035,99.5984%,1,248,249,0,0,1,248
0x7b6462,0%,1,0,1,0,0,1,0
0xa5c498,98%,1,49,50,0,0,1,49
0x5f4f8c,0%,1,0,1,0,1,0,0
0xa056e2,80%,1,4,5,0,1,0,4
0x40b417,50%,1,1,2,0,0,1,1
0x48716c,50%,1,1,2,1,1,0,0
0x40466a,50%,1,1,2,1,1,0,0
0x5b2878,50%,1,1,2,0,0,1,1
0x49fe4f,92.3077%,1,12,13,0,0,1,12
0xa5b154,85.7143%,1,6,7,0,0,1,6
0x9bd0f5,98.6111%,1,71,72,71,1,0,0
0xa5c2f2,99.0826%,1,108,109,108,1,0,0
0xb4988c,80%,1,4,5,0,0,1,4
0x943db5,99.2806%,1,138,139,138,1,0,0
0x9be8cc,91.6667%,1,11,12,11,1,0,0
0x5b5daa,75%,1,3,4,0,0,1,3
0x590b55,83.3333%,1,5,6,0,0,1,5
0x40bbfc,99.0385%,1,103,104,0,0,1,103
0x95b382,75%,1,3,4,0,0,1,3
0x44192e,90.9091%,1,10,11,0,0,1,10
0x50ca7a,95%,1,19,20,0,0,1,19
0x504773,94.4444%,1,17,18,10,1,0,7
0x5342aa,99.0099%,1,100,101,0,0,1,100
0x5bc06a,50%,1,1,2,0,0,1,1
0xa28549,99.375%,1,159,160,0,0,1,159
0xa28222,66.6667%,1,2,3,0,0,1,2
0x4b93c4,93.75%,1,15,16,0,0,1,15
0x96e969,0%,1,0,1,0,0,1,0
0x595df4,99.5238%,1,209,210,0,0,1,209
0x97701c,50%,1,1,2,0,0,1,1
0x7d29c8,83.3333%,1,5,6,0,1,0,5
0x911b75,98.8889%,1,89,90,0,0,1,89
0x9bc751,95.4545%,1,21,22,0,1,0,21
0x8435a6,75%,1,3,4,3,1,0,0
0x9a0bf8,96.4286%,1,27,28,0,0,1,27
0x5bb776,50%,1,1,2,0,0,1,1
0xa1b5a2,80%,1,4,5,0,1,0,4
0xa1b5c9,75%,1,3,4,3,1,0,0
0x492ae2,50%,1,1,2,0,0,1,1
0x8a6a3f,0%,1,0,1,0,1,0,0
0xa06331,50%,1,1,2,0,0,1,1
0x5c51a0,98.4127%,1,62,63,11,1,0,51
0x9bd4f4,75%,1,3,4,0,0,1,3
0x991322,94.1176%,1,16,17,0,0,1,16
0x9d16d6,99.0385%,1,103,104,0,0,1,103
0x54d500,85.7143%,1,6,7,0,0,1,6
0x9f80f4,0%,1,0,1,0,1,0,0
0xa8e4a4,83.3333%,1,5,6,0,1,0,5
0x5a0349,80%,1,4,5,0,0,1,4
0x9ed8da,98.4375%,1,63,64,0,0,1,63
0x9f825b,0%,1,0,1,0,0,1,0
0xa1b597,80%,1,4,5,0,0,1,4
0x8bdcc8,0%,1,0,1,0,0,1,0
0x9f01bf,99.1228%,1,113,114,0,0,1,113
0x488d61,98.2456%,1,56,57,56,1,0,0
0x4b6985,99.1304%,1,114,115,0,0,1,114
0x5bd77f,99.1597%,1,118,119,0,0,1,118
0xa2815f,99.6988%,1,331,332,0,0,1,331
0x480124,100%,0,19,19,19,0,0,0
0x590e15,100%,0,1,1,0,0,0,1
0x50ef69,100%,0,8,8,6,0,0,2
0x4c1083,100%,0,24,24,0,0,0,24
0x5f87c4,100%,0,1,1,0,0,0,1
0x4b9d2f,100%,0,21,21,0,0,0,21
0x8ddf28,100%,0,46,46,0,0,0,46
0x4900f6,100%,0,10,10,0,0,0,10
0x8e92ca,100%,0,4,4,4,0,0,0
0x5b6e94,100%,0,8,8,0,0,0,8
0x4831c1,100%,0,29,29,0,0,0,29
0x7d338c,100%,0,12,12,0,0,0,12
0xa9dec1,100%,0,41,41,0,0,0,41
0x8a9286,100%,0,1470,1470,0,0,0,1470
0xa06686,100%,0,45,45,0,0,0,45
0xaa014a,100%,0,3,3,3,0,0,0
0x4bd4bb,100%,0,1,1,0,0,0,1
0x483188,100%,0,29,29,0,0,0,29
0x81f4bd,100%,0,4,4,0,0,0,4
0x81b41f,100%,0,11,11,0,0,0,11
0x9a1ccc,100%,0,203,203,0,0,0,203
0x8ddf64,100%,0,32,32,0,0,0,32
0x681648,100%,0,1,1,1,0,0,0
0x441d85,100%,0,11,11,11,0,0,0
0xa9b902,100%,0,6,6,0,0,0,6
0x95b47c,100%,0,11,11,11,0,0,0
0x672c89,100%,0,2,2,0,0,0,2
0x90b187,100%,0,70,70,0,0,0,70
0x7d27f9,100%,0,4,4,4,0,0,0
0xa067e7,100%,0,2,2,0,0,0,2
0x7b8bae,100%,0,1,1,0,0,0,1
0x9f2af3,100%,0,5,5,0,0,0,5
0x9f6984,100%,0,8,8,0,0,0,8
0x8dc4f1,100%,0,4,4,4,0,0,0
0x9f407d,100%,0,3,3,3,0,0,0
0x4aaf35,100%,0,1,1,0,0,0,1
0x403e2e,100%,0,12,12,0,0,0,12
0x8ec309,100%,0,1,1,0,0,0,1
0x8ec644,100%,0,2,2,2,0,0,0
0x48277f,100%,0,7,7,0,0,0,7
0x9f691f,100%,0,8,8,8,0,0,0
0x5ec317,100%,0,31,31,0,0,0,31
0x58e633,100%,0,12,12,12,0,0,0
0x80f963,100%,0,2,2,2,0,0,0
0xa08ca9,100%,0,4,4,4,0,0,0
0xa95ff1,100%,0,26,26,0,0,0,26
0xa9c5f7,100%,0,42,42,0,0,0,42
0x4bfffa,100%,0,24,24,0,0,0,24
0xa0658b,100%,0,31,31,0,0,0,31
0x7f37c7,100%,0,15,15,15,0,0,0
0x64cd4d,100%,0,25,25,25,0,0,0
0xa482e8,100%,0,8,8,0,0,0,8
0x69de4d,100%,0,12,12,0,0,0,12
0x487091,100%,0,138,138,138,0,0,0
0x9f4b16,100%,0,18,18,0,0,0,18
0x610984,100%,0,13,13,0,0,0,13
0x4a8561,100%,0,45,45,0,0,0,45
0xa9bb5b,100%,0,4,4,0,0,0,4
0x5bef55,100%,0,2,2,0,0,0,2
0x489e0d,100%,0,2176,2176,2176,0,0,0
0x48f3da,100%,0,12,12,0,0,0,12
0x9f6998,100%,0,8,8,8,0,0,0
0xa960dd,100%,0,26,26,26,0,0,0
0x95b577,100%,0,11,11,11,0,0,0
0x718104,100%,0,1,1,0,0,0,1
0x696534,100%,0,397,397,0,0,0,397
0xa9c5ed,100%,0,42,42,0,0,0,42
0x95ad9f,100%,0,23,23,0,0,0,23
0x492d2d,100%,0,72,72,0,0,0,72
0x95adfa,100%,0,15,15,0,0,0,15
0x49a570,100%,0,14,14,4,0,0,10
0x838a25,100%,0,2,2,0,0,0,2
0x90add7,100%,0,119,119,0,0,0,119
0x99d9c4,100%,0,37,37,0,0,0,37
0x5f2b9d,100%,0,2,2,2,0,0,0
0x78b6dc,100%,0,12,12,0,0,0,12
0x97516c,100%,0,19,19,0,0,0,19
0x40a4c9,100%,0,2,2,2,0,0,0
0xa55c69,100%,0,6,6,6,0,0,0
0xa9c6e0,100%,0,142,142,0,0,0,142
0x816a78,100%,0,13,13,0,0,0,13
0x48fac3,100%,0,3,3,0,0,0,3
0x8ec321,100%,0,1,1,0,0,0,1
0x7f3750,100%,0,15,15,0,0,0,15
0x54098e,100%,0,6,6,0,0,0,6
0x54430e,100%,0,57,57,57,0,0,0
0x441757,100%,0,11,11,0,0,0,11
0xa57381,100%,0,41,41,0,0,0,41
0x44178e,100%,0,11,11,0,0,0,11
0x9f811c,100%,0,1,1,1,0,0,0
0x40b47c,100%,0,2,2,2,0,0,0
0x49bec7,100%,0,2,2,2,0,0,0
0x81f41d,100%,0,4,4,0,0,0,4
0x692387,100%,0,22,22,0,0,0,22
0x80aa30,100%,0,3,3,0,0,0,3
0x492fc0,100%,0,34,34,34,0,0,0
0x48f4e1,100%,0,3,3,0,0,0,3
0x8fe178,100%,0,86,86,0,0,0,86
0xa92891,100%,0,6,6,0,0,0,6
0x8f504e,100%,0,12,12,12,0,0,0
0x9ea220,100%,0,2,2,2,0,0,0
0xa41226,100%,0,25,25,0,0,0,25
0x94dd28,100%,0,587,587,587,0,0,0
0xa04132,100%,0,2,2,2,0,0,0
0x7807a9,100%,0,8,8,0,0,0,8
0x81283b,100%,0,15,15,0,0,0,15
0x99d9ea,100%,0,37,37,37,0,0,0
0xa998d8,100%,0,2,2,0,0,0,2
0xa043bb,100%,0,1,1,0,0,0,1
0x8dd133,100%,0,63,63,63,0,0,0
0x4bc483,100%,0,40,40,40,0,0,0
0x8e4d17,100%,0,66,66,0,0,0,66
0x44174e,100%,0,11,11,0,0,0,11
0x441817,100%,0,11,11,0,0,0,11
0x4aaee6,100%,0,11,11,0,0,0,11
0x4417ce,100%,0,11,11,0,0,0,11
0x5bef25,100%,0,2,2,0,0,0,2
0xa9c6bb,100%,0,142,142,142,0,0,0
0x9edd7d,100%,0,138,138,138,0,0,0
0x4417b7,100%,0,11,11,0,0,0,11
0x8f314d,100%,0,889,889,889,0,0,0
0x5a039a,100%,0,5,5,5,0,0,0
0x4416ae,100%,0,11,11,0,0,0,11
0xa2ab66,100%,0,12,12,12,0,0,0
0x441657,100%,0,11,11,0,0,0,11
0x4ac895,100%,0,15,15,0,0,0,15
0x96ec1b,100%,0,1,1,0,0,0,1
0xa47bad,100%,0,42,42,42,0,0,0
0x9a1d62,100%,0,15,15,0,0,0,15
0x4416d7,100%,0,11,11,0,0,0,11
0x441637,100%,0,11,11,0,0,0,11
0xa32723,100%,0,29,29,0,0,0,29
0x63ee13,100%,0,1857,1857,1857,0,0,0
0xa573d0,100%,0,26,26,26,0,0,0
0x555d78,100%,0,56,56,0,0,0,56
0x915c66,100%,0,2,2,0,0,0,2
0x4c65f5,100%,0,2,2,0,0,0,2
0x8f6b9c,100%,0,15,15,15,0,0,0
0x40af17,100%,0,2,2,2,0,0,0
0x88a129,100%,0,22,22,22,0,0,0
0x8e9392,100%,0,4,4,0,0,0,4
0x973ebd,100%,0,36,36,0,0,0,36
0x63bb7f,100%,0,3,3,3,0,0,0
0x8dff4c,100%,0,32,32,0,0,0,32
0x441737,100%,0,11,11,0,0,0,11
0xb3237e,100%,0,969,969,0,0,0,969
0x9f824b,100%,0,1,1,0,0,0,1
0x8099e2,100%,0,7,7,7,0,0,0
0xa042b0,100%,0,1,1,0,0,0,1
0x6388aa,100%,0,11,11,11,0,0,0
0x9a1fa5,100%,0,203,203,203,0,0,0
0x9f8203,100%,0,1,1,0,0,0,1
0xa277ba,100%,0,5,5,5,0,0,0
0x51050b,100%,0,64,64,64,0,0,0
0x592db3,100%,0,2,2,0,0,0,2
0x441c4c,100%,0,11,11,11,0,0,0
0x441c19,100%,0,11,11,11,0,0,0
0x4bc964,100%,0,12,12,0,0,0,12
0x4b0d0c,100%,0,2,2,2,0,0,0
0x9f0dfd,100%,0,353,353,65,0,0,288
0x48326f,100%,0,29,29,0,0,0,29
0x59611c,100%,0,13,13,0,0,0,13
0xa9291b,100%,0,6,6,0,0,0,6
0x48ea77,100%,0,611,611,0,0,0,611
0xa37c37,100%,0,5,5,0,0,0,5
0xa35efd,100%,0,583,583,0,0,0,583
0x5ffcc4,100%,0,128,128,0,0,0,128
0x80852b,100%,0,7,7,7,0,0,0
0xa93e56,100%,0,12,12,12,0,0,0
0xa69f57,100%,0,4,4,4,0,0,0
0x4c768f,100%,0,4,4,0,0,0,4
0x441d42,100%,0,11,11,11,0,0,0
0x4c1838,100%,0,198,198,178,0,0,20
0x9bc96e,100%,0,2,2,2,0,0,0
0x64f224,100%,0,17,17,17,0,0,0
0x8051f4,100%,0,2,2,0,0,0,2
0x973e33,100%,0,12,12,0,0,0,12
0x5b2a8a,100%,0,45,45,0,0,0,45
0x77cc67,100%,0,16,16,0,0,0,16
0xb30439,100%,0,5,5,0,0,0,5
0xaa5ced,100%,0,10,10,10,0,0,0
0xa92929,100%,0,6,6,0,0,0,6
0x9499f1,100%,0,53,53,53,0,0,0
0x49a136,100%,0,48,48,0,0,0,48
0x441d12,100%,0,11,11,11,0,0,0
0x490c66,100%,0,26,26,0,0,0,26
0x4c3974,100%,0,13,13,0,0,0,13
0x4418f7,100%,0,11,11,0,0,0,11
0x49be87,100%,0,2,2,0,0,0,2
0xa910cc,100%,0,134,134,0,0,0,134
0xaef71b,100%,0,4,4,0,0,0,4
0x8a65dd,100%,0,17,17,17,0,0,0
0xa9c5d1,100%,0,42,42,0,0,0,42
0x4418ae,100%,0,11,11,0,0,0,11
0x9a0c05,100%,0,28,28,0,0,0,28
0x9e7ea1,100%,0,4,4,4,0,0,0
0xaef72d,100%,0,4,4,4,0,0,0
0x405eb7,100%,0,178,178,0,0,0,178
0x9f63ee,100%,0,1,1,0,0,0,1
0x80c9b5,100%,0,10,10,0,0,0,10
0x491ad0,100%,0,7,7,7,0,0,0
0x5cb923,100%,0,26,26,26,0,0,0
0xa97888,100%,0,10,10,0,0,0,10
0xa57377,100%,0,41,41,0,0,0,41
0xa3d29f,100%,0,8,8,8,0,0,0
0x441917,100%,0,11,11,0,0,0,11
0x59388d,100%,0,2,2,2,0,0,0
0x80c3d6,100%,0,1,1,0,0,0,1
0xa9b7d3,100%,0,88,88,0,0,0,88
0x9f62aa,100%,0,8,8,0,0,0,8
0x4419b3,100%,0,11,11,0,0,0,11
0xa93e79,100%,0,12,12,12,0,0,0
0x8fc440,100%,0,66,66,0,0,0,66
0x959c9e,100%,0,4,4,0,0,0,4
0x59371c,100%,0,2,2,2,0,0,0
0x4419de,100%,0,11,11,0,0,0,11
0x488092,100%,0,10,10,10,0,0,0
0x95ae85,100%,0,23,23,0,0,0,23
0x67048d,100%,0,9,9,0,0,0,9
0x8deb71,100%,0,6,6,0,0,0,6
0x5dadd8,100%,0,4,4,0,0,0,4
0xa287dd,100%,0,16,16,16,0,0,0
0xa2f8cf,100%,0,78,78,0,0,0,78
0x5a5db2,100%,0,4,4,4,0,0,0
0x81d17c,100%,0,60,60,60,0,0,0
0x5da2cb,100%,0,4,4,4,0,0,0
0x9a0beb,100%,0,28,28,0,0,0,28
0xa95432,100%,0,4,4,0,0,0,4
0xa28845,100%,0,16,16,16,0,0,0
0x96e80b,100%,0,1,1,0,0,0,1
0x90aebb,100%,0,119,119,119,0,0,0
0xa338fd,100%,0,5,5,5,0,0,0
0xaabb9c,100%,0,4,4,4,0,0,0
0x4a95a2,100%,0,10,10,0,0,0,10
0x63f24b,100%,0,2,2,0,0,0,2
0x4b5f7f,100%,0,4,4,0,0,0,4
0xa9cdb4,100%,0,4,4,0,0,0,4
0xa28a46,100%,0,16,16,0,0,0,16
0x5b605e,100%,0,1,1,0,0,0,1
0x9e1a64,100%,0,2,2,2,0,0,0
0x5b4196,100%,0,31,31,31,0,0,0
0x814f6f,100%,0,18,18,0,0,0,18
0x44158e,100%,0,11,11,0,0,0,11
0xa9942b,100%,0,3,3,0,0,0,3
0xa37b0b,100%,0,10,10,10,0,0,0
0xa64c7e,100%,0,8,8,0,0,0,8
0x4b9472,100%,0,2,2,0,0,0,2
0x53f225,100%,0,425,425,0,0,0,425
0xa042c1,100%,0,1,1,0,0,0,1
0x98b3db,100%,0,53,53,0,0,0,53
0xa64d68,100%,0,4,4,0,0,0,4
0x64bf9b,100%,0,171,171,171,0,0,0
0x9ff742,100%,0,2,2,0,0,0,2
0x8127b2,100%,0,6,6,0,0,0,6
0x81f963,100%,0,79,79,0,0,0,79
0xa64ae1,100%,0,2,2,2,0,0,0
0x8dd0e2,100%,0,4,4,0,0,0,4
0x9ff663,100%,0,5,5,0,0,0,5
0x9ff6ba,100%,0,5,5,0,0,0,5
0x54d101,100%,0,17,17,17,0,0,0
0x9ff714,100%,0,2,2,0,0,0,2
0x976d9b,100%,0,34,34,0,0,0,34
0x9fcf09,100%,0,25,25,0,0,0,25
0x8c7d89,100%,0,1505,1505,1505,0,0,0
0x4bb91a,100%,0,56,56,0,0,0,56
0x7c7258,100%,0,9,9,9,0,0,0
0x8084c5,100%,0,4,4,0,0,0,4
0x651697,100%,0,56,56,0,0,0,56
0xa574bc,100%,0,91,91,0,0,0,91
0x481929,100%,0,29,29,0,0,0,29
0xa9ca3a,100%,0,10,10,0,0,0,10
0x6108ec,100%,0,13,13,0,0,0,13
0x9ff778,100%,0,2,2,0,0,0,2
0x9ff793,100%,0,2,2,2,0,0,0
0x5db631,100%,0,4,4,0,0,0,4
0x69768f,100%,0,28,28,0,0,0,28
0xa2870d,100%,0,21,21,0,0,0,21
0x98c95a,100%,0,109,109,0,0,0,109
0x5cf8af,100%,0,1836,1836,0,0,0,1836
0x8e7ea4,100%,0,79,79,0,0,0,79
0x48d786,100%,0,21,21,21,0,0,0
0x50a656,100%,0,14,14,0,0,0,14
0x9e0daf,100%,0,5,5,0,0,0,5
0x48fd9d,100%,0,20,20,0,0,0,20
0x4ac59f,100%,0,8,8,0,0,0,8
0x4817e5,100%,0,38,38,0,0,0,38
0xa4e830,100%,0,138,138,138,0,0,0
0x97b9d5,100%,0,114,114,0,0,0,114
0x9ed388,100%,0,27,27,0,0,0,27
0x814ec5,100%,0,17,17,0,0,0,17
0xa380e5,100%,0,5,5,0,0,0,5
0xb4997b,100%,0,1,1,0,0,0,1
0x5db5da,100%,0,4,4,4,0,0,0
0xa90222,100%,0,38,38,38,0,0,0
0x8debe5,100%,0,6,6,6,0,0,0
0xa4c831,100%,0,4,4,0,0,0,4
0xa63ac1,100%,0,4,4,0,0,0,4
0x44150e,100%,0,11,11,0,0,0,11
0xa64be7,100%,0,6,6,0,0,0,6
0x5dfe34,100%,0,4,4,4,0,0,0
0x9ed33b,100%,0,27,27,0,0,0,27
0xa4116d,100%,0,8,8,0,0,0,8
0x97a12b,100%,0,2,2,2,0,0,0
0x81f4ed,100%,0,4,4,0,0,0,4
0xa63ce2,100%,0,2,2,0,0,0,2
0xa97e91,100%,0,20,20,20,0,0,0
0x4bf74b,100%,0,24,24,0,0,0,24
0x90a0a5,100%,0,149,149,149,0,0,0
0xa97341,100%,0,3,3,3,0,0,0
0x63f0a2,100%,0,2,2,0,0,0,2
0xa96e4a,100%,0,3,3,3,0,0,0
0x7e8177,100%,0,2,2,0,0,0,2
0x9ec491,100%,0,5,5,0,0,0,5
0xa972e5,100%,0,3,3,0,0,0,3
0x80b11c,100%,0,2,2,0,0,0,2
0xa972f9,100%,0,3,3,3,0,0,0
0x8a23e8,100%,0,2,2,2,0,0,0
0x8eb7dc,100%,0,2849,2849,0,0,0,2849
0x441af4,100%,0,11,11,11,0,0,0
0x5a02ab,100%,0,5,5,5,0,0,0
0x7f0b71,100%,0,5,5,0,0,0,5
0x404727,100%,0,8,8,8,0,0,0
0x610860,100%,0,13,13,0,0,0,13
0xa294bc,100%,0,16,16,16,0,0,0
0x61085c,100%,0,13,13,0,0,0,13
0x804e5b,100%,0,2,2,0,0,0,2
0x61084b,100%,0,13,13,0,0,0,13
0xaabb7d,100%,0,8,8,0,0,0,8
0xa64c61,100%,0,2,2,0,0,0,2
0x4b67a5,100%,0,11,11,0,0,0,11
0x8dec29,100%,0,6,6,6,0,0,0
0x446590,100%,0,4,4,0,0,0,4
0x8dfff9,100%,0,12,12,12,0,0,0
0x67f3ab,100%,0,2,2,0,0,0,2
0xa29721,100%,0,4,4,4,0,0,0
0x590e8b,100%,0,23,23,0,0,0,23
0xa56fe5,100%,0,82,82,0,0,0,82
0x4fdc56,100%,0,29,29,0,0,0,29
0xa29751,100%,0,4,4,0,0,0,4
0x9e0dcf,100%,0,13,13,13,0,0,0
0x9d1c5a,100%,0,3,3,0,0,0,3
0x649e2a,100%,0,2,2,0,0,0,2
0x6f45d2,100%,0,6,6,0,0,0,6
0x6107f4,100%,0,13,13,13,0,0,0
0x446588,100%,0,4,4,0,0,0,4
0xa58c60,100%,0,29,29,0,0,0,29
0x5db575,100%,0,4,4,0,0,0,4
0xa53ae7,100%,0,2,2,2,0,0,0
0xa4c8eb,100%,0,4,4,0,0,0,4
0xa0735e,100%,0,9,9,0,0,0,9
0xaa2410,100%,0,34,34,0,0,0,34
0x96e95c,100%,0,1,1,0,0,0,1
0x487fb4,100%,0,2,2,0,0,0,2
0x65a1d3,100%,0,254,254,254,0,0,0
0xa2811d,100%,0,3,3,3,0,0,0
0x4bbf55,100%,0,56,56,0,0,0,56
0x9fcf11,100%,0,25,25,0,0,0,25
0xa9baa8,100%,0,4,4,4,0,0,0
0x4adc9c,100%,0,40,40,40,0,0,0
0x5511ea,100%,0,17,17,0,0,0,17
0xa584b0,100%,0,10,10,10,0,0,0
0x4b6ef1,100%,0,28,28,0,0,0,28
0x67cb9f,100%,0,84,84,84,0,0,0
0x5f5a05,100%,0,12,12,12,0,0,0
0xa2a876,100%,0,1,1,1,0,0,0
0x814bff,100%,0,41,41,41,0,0,0
0x40e3d1,100%,0,6,6,2,0,0,4
0x8f0a44,100%,0,117,117,117,0,0,0
0x5f9262,100%,0,3,3,0,0,0,3
0x556f41,100%,0,55,55,0,0,0,55
0x8e3edc,100%,0,4,4,0,0,0,4
0x8dd0d9,100%,0,4,4,0,0,0,4
0xa3e2f9,100%,0,8,8,0,0,0,8
0xa9ba4a,100%,0,11,11,0,0,0,11
0x9ecedf,100%,0,43,43,0,0,0,43
0x65a318,100%,0,48,48,48,0,0,0
0x53de9c,100%,0,526,526,526,0,0,0
0xa341fd,100%,0,170,170,0,0,0,170
0x9e2965,100%,0,5,5,0,0,0,5
0x590df8,100%,0,1,1,0,0,0,1
0x63f04f,100%,0,2,2,2,0,0,0
0x63ead5,100%,0,37,37,37,0,0,0
0xa2a9df,100%,0,113,113,0,0,0,113
0x8f4626,100%,0,12,12,12,0,0,0
0x5bd116,100%,0,44,44,0,0,0,44
0x90fcbd,100%,0,280,280,280,0,0,0
0x4aa9b3,100%,0,9,9,9,0,0,0
0x5d16ba,100%,0,8,8,8,0,0,0
0xa26ce8,100%,0,4,4,0,0,0,4
0xa04357,100%,0,1,1,1,0,0,0
0x8a9f5c,100%,0,27,27,0,0,0,27
0xa28250,100%,0,3,3,3,0,0,0
0x94b449,100%,0,53,53,0,0,0,53
0x7f36f5,100%,0,15,15,0,0,0,15
0xa481d2,100%,0,45,45,0,0,0,45
0x7c8389,100%,0,4,4,0,0,0,4
0x8f4474,100%,0,1,1,1,0,0,0
0xa06fc5,100%,0,9,9,0,0,0,9
0x4bfca4,100%,0,16,16,0,0,0,16
0x5e353e,100%,0,1519,1519,0,0,0,1519
0x49a0aa,100%,0,16,16,0,0,0,16
0x9a32ea,100%,0,146,146,0,0,0,146
0x95aec8,100%,0,23,23,0,0,0,23
0x54d925,100%,0,16,16,16,0,0,0
0x65be82,100%,0,12,12,0,0,0,12
0x95aed1,100%,0,23,23,23,0,0,0
0xa572ff,100%,0,41,41,0,0,0,41
0x81f40a,100%,0,4,4,0,0,0,4
0x5920ba,100%,0,4,4,0,0,0,4
0x4c2fd6,100%,0,7,7,7,0,0,0
0xa9bc3e,100%,0,7,7,7,0,0,0
0x4a98af,100%,0,19,19,19,0,0,0
0xa34f86,100%,0,32,32,0,0,0,32
0x4c13d3,100%,0,24,24,0,0,0,24
0x49439f,100%,0,17,17,0,0,0,17
0x908770,100%,0,961,961,961,0,0,0
0xa45779,100%,0,4,4,0,0,0,4
0x9e2fe3,100%,0,263,263,0,0,0,263
0xa2aa80,100%,0,1,1,1,0,0,0
0xace165,100%,0,2,2,2,0,0,0
0x9ff5b4,100%,0,40,40,0,0,0,40
0x49bc9f,100%,0,6,6,0,0,0,6
0x96e7e1,100%,0,1,1,0,0,0,1
0xa59287,100%,0,10,10,0,0,0,10
0xa05e4a,100%,0,1,1,0,0,0,1
0x99d84d,100%,0,2,2,0,0,0,2
0x5d3043,100%,0,4,4,4,0,0,0
0xa5ebe1,100%,0,280,280,0,0,0,280
0x7c7bfb,100%,0,1,1,0,0,0,1
0x9f68c4,100%,0,293,293,293,0,0,0
0x9f2a6b,100%,0,5,5,0,0,0,5
0xa99f19,100%,0,10,10,4,0,0,6
0x403fab,100%,0,10,10,0,0,0,10
0x65be40,100%,0,12,12,12,0,0,0
0xb4764f,100%,0,16,16,0,0,0,16
0x8d3809,100%,0,4,4,0,0,0,4
0x499d88,100%,0,16,16,16,0,0,0
0x63d1ba,100%,0,23,23,0,0,0,23
0x9ff6fc,100%,0,22,22,0,0,0,22
0x4935e7,100%,0,17,17,17,0,0,0
0xa4d5eb,100%,0,160,160,160,0,0,0
0x4b9c9d,100%,0,10,10,0,0,0,10
0xa91ec1,100%,0,4,4,0,0,0,4
0x507415,100%,0,50,50,0,0,0,50
0xa4a000,100%,0,6,6,0,0,0,6
0xa994cc,100%,0,11,11,0,0,0,11
0x67f54b,100%,0,37,37,0,0,0,37
0x9f015b,100%,0,2,2,0,0,0,2
0x5faeaa,100%,0,33,33,0,0,0,33
0x94edd2,100%,0,30,30,0,0,0,30
0x5a9632,100%,0,8,8,0,0,0,8
0x80b436,100%,0,1,1,0,0,0,1
0x9e2dc0,100%,0,13,13,0,0,0,13
0x8bd8a1,100%,0,20,20,0,0,0,20
0xa21bfc,100%,0,2,2,0,0,0,2
0xa572b7,100%,0,41,41,0,0,0,41
0xa285c7,100%,0,30,30,0,0,0,30
0x556218,100%,0,3,3,0,0,0,3
0x9f2b1c,100%,0,5,5,5,0,0,0
0x8dec3c,100%,0,6,6,6,0,0,0
0xa8e6c7,100%,0,2,2,0,0,0,2
0x40aa5a,100%,0,26,26,0,0,0,26
0x5eb8e1,100%,0,854,854,0,0,0,854
0x5b5e48,100%,0,5,5,0,0,0,5
0x9e2e4f,100%,0,13,13,0,0,0,13
0x81e9d6,100%,0,76,76,76,0,0,0
0x49bd32,100%,0,6,6,0,0,0,6
0x544a3c,100%,0,9,9,0,0,0,9
0x6923da,100%,0,10,10,0,0,0,10
0xa58661,100%,0,16,16,16,0,0,0
0x4a6215,100%,0,3,3,0,0,0,3
0xa27a1a,100%,0,3,3,3,0,0,0
0x9e2e78,100%,0,13,13,13,0,0,0
0x814603,100%,0,18,18,0,0,0,18
0xa97e0f,100%,0,9,9,0,0,0,9
0x9f1182,100%,0,5,5,5,0,0,0
0x4914f6,100%,0,159,159,0,0,0,159
0x9aa5f0,100%,0,22,22,22,0,0,0
0x822395,100%,0,273,273,0,0,0,273
0x48778e,100%,0,24,24,0,0,0,24
0x80692c,100%,0,24,24,0,0,0,24
0x5bc9aa,100%,0,4,4,4,0,0,0
0xa993dc,100%,0,3,3,0,0,0,3
0x404fd1,100%,0,42,42,0,0,0,42
0x9027f5,100%,0,38,38,0,0,0,38
0x908335,100%,0,2148,2148,2148,0,0,0
0xa9d030,100%,0,2,2,0,0,0,2
0xacfb3e,100%,0,21,21,21,0,0,0
0x50956e,100%,0,7,7,0,0,0,7
0x63f2e9,100%,0,2,2,0,0,0,2
0xaa1273,100%,0,4,4,0,0,0,4
0x8ee8f0,100%,0,3,3,3,0,0,0
0xa5abca,100%,0,15,15,0,0,0,15
0x49292f,100%,0,1,1,0,0,0,1
0x8dc482,100%,0,4,4,4,0,0,0
0xa5ab65,100%,0,7,7,0,0,0,7
0xa54001,100%,0,22,22,0,0,0,22
0x5beb9f,100%,0,2,2,2,0,0,0
0x50352f,100%,0,2,2,2,0,0,0
0xa9dd1c,100%,0,2,2,0,0,0,2
0x50adb6,100%,0,109,109,0,0,0,109
0x53b2ff,100%,0,2,2,0,0,0,2
0x8eb8c8,100%,0,487,487,0,0,0,487
0x6486ea,100%,0,56,56,0,0,0,56
0xa5af20,100%,0,2,2,0,0,0,2
0xa9dd39,100%,0,2,2,0,0,0,2
0x5bebca,100%,0,2,2,2,0,0,0
0x7bdd3a,100%,0,4,4,4,0,0,0
0x44194e,100%,0,11,11,0,0,0,11
0x4877e2,100%,0,1,1,0,0,0,1
0xa4eef3,100%,0,22,22,0,0,0,22
0x9a0a3b,100%,0,28,28,0,0,0,28
0x6f4542,100%,0,18,18,0,0,0,18
0x8dd996,100%,0,16,16,0,0,0,16
0x5fdcb7,100%,0,1,1,1,0,0,0
0xa4eedb,100%,0,22,22,0,0,0,22
0x972f26,100%,0,6,6,0,0,0,6
0xa53912,100%,0,14,14,0,0,0,14
0x8c873d,100%,0,44,44,0,0,0,44
0xa44815,100%,0,2,2,2,0,0,0
0x90f897,100%,0,2,2,0,0,0,2
0x9f4eb2,100%,0,121,121,0,0,0,121
0x9e5ff1,100%,0,18,18,18,0,0,0
0xa9a2ce,100%,0,5,5,5,0,0,0
0x5beb72,100%,0,2,2,2,0,0,0
0x5d8c2f,100%,0,10,10,0,0,0,10
0x5d8da1,100%,0,10,10,10,0,0,0
0xa07a6b,100%,0,59,59,0,0,0,59
0x5d8b4e,100%,0,10,10,0,0,0,10
0x99bb74,100%,0,20,20,0,0,0,20
0xa5389a,100%,0,7,7,7,0,0,0
0x9712bf,100%,0,5,5,0,0,0,5
0x9e8485,100%,0,3,3,3,0,0,0
0x9e1606,100%,0,27,27,0,0,0,27
0xa57bac,100%,0,39,39,0,0,0,39
0x40ceda,100%,0,2,2,2,0,0,0
0x7e1cb0,100%,0,2,2,0,0,0,2
0xa96557,100%,0,4,4,0,0,0,4
0x809f3b,100%,0,2,2,0,0,0,2
0x5d27c3,100%,0,133,133,133,0,0,0
0x7df9ee,100%,0,2,2,2,0,0,0
0x555ada,100%,0,55,55,0,0,0,55
0x4c6597,100%,0,12,12,0,0,0,12
0x63f38c,100%,0,1379,1379,0,0,0,1379
0xa9d00d,100%,0,2,2,0,0,0,2
0x5f14ec,100%,0,38,38,0,0,0,38
0x5c6cda,100%,0,583,583,0,0,0,583
0x48f8dc,100%,0,22,22,0,0,0,22
0x49ceaa,100%,0,5,5,0,0,0,5
0x838f70,100%,0,10,10,0,0,0,10
0x610f4e,100%,0,2,2,0,0,0,2
0x49ff2d,100%,0,4573,4573,0,0,0,4573
0x9e5f5c,100%,0,18,18,0,0,0,18
0x5c6c6f,100%,0,478,478,0,0,0,478
0x977770,100%,0,882,882,0,0,0,882
0x5062db,100%,0,647,647,0,0,0,647
0x4876c2,100%,0,3,3,3,0,0,0
0xa5d1ed,100%,0,24,24,0,0,0,24
0x409f76,100%,0,14,14,14,0,0,0
0x9fc5ac,100%,0,14,14,0,0,0,14
0x4094ed,100%,0,2,2,2,0,0,0
0x48f018,100%,0,129,129,0,0,0,129
0x9e58b8,100%,0,30,30,0,0,0,30
0x91896f,100%,0,2,2,0,0,0,2
0xa9f056,100%,0,2,2,0,0,0,2
0x9e58cc,100%,0,30,30,30,0,0,0
0x610629,100%,0,4,4,4,0,0,0
0x59c2f7,100%,0,7,7,0,0,0,7
0x8ecbeb,100%,0,52,52,0,0,0,52
0x9c37c2,100%,0,46,46,46,0,0,0
0x48fbb5,100%,0,4,4,4,0,0,0
0x4ac9cd,100%,0,3,3,3,0,0,0
0x63f041,100%,0,2,2,2,0,0,0
0x5914dd,100%,0,19,19,0,0,0,19
0x5b33e6,100%,0,2,2,0,0,0,2
0xa5aa9e,100%,0,3,3,0,0,0,3
0x5beee3,100%,0,2,2,0,0,0,2
0xa5452b,100%,0,2,2,0,0,0,2
0x5d6a00,100%,0,3,3,3,0,0,0
0x50fe54,100%,0,2,2,0,0,0,2
0x7c7a2a,100%,0,24,24,24,0,0,0
0x9e5b50,100%,0,7,7,7,0,0,0
0x8c8183,100%,0,1,1,1,0,0,0
0x48f0fe,100%,0,129,129,0,0,0,129
0xa3bd69,100%,0,8,8,0,0,0,8
0x63eaca,100%,0,37,37,0,0,0,37
0x496107,100%,0,12,12,0,0,0,12
0x55449f,100%,0,4,4,0,0,0,4
0xa3611f,100%,0,301,301,0,0,0,301
0xa59f9c,100%,0,3,3,0,0,0,3
0x9e53cb,100%,0,30,30,0,0,0,30
0x9e55f1,100%,0,30,30,30,0,0,0
0x4c3858,100%,0,13,13,0,0,0,13
0xa318f5,100%,0,134,134,134,0,0,0
0xa536ac,100%,0,8,8,2,0,0,6
0x4b394c,100%,0,4,4,4,0,0,0
0x53b3a1,100%,0,2,2,0,0,0,2
0x8e2fe7,100%,0,4,4,4,0,0,0
0x8fea0b,100%,0,25,25,0,0,0,25
0x495f70,100%,0,12,12,0,0,0,12
0x7e11e2,100%,0,1,1,1,0,0,0
0x8e3371,100%,0,16,16,0,0,0,16
0x9ea19f,100%,0,2,2,0,0,0,2
0x99d300,100%,0,9,9,9,0,0,0
0xa92d5d,100%,0,148,148,0,0,0,148
0xa920b2,100%,0,4,4,0,0,0,4
0xa534ef,100%,0,2,2,2,0,0,0
0x9fe7bf,100%,0,37,37,37,0,0,0
0xae6fee,100%,0,2,2,0,0,0,2
0x99aba4,100%,0,1,1,1,0,0,0
0x63f3d2,100%,0,2,2,0,0,0,2
0x8101ed,100%,0,798,798,0,0,0,798
0xa08460,100%,0,5,5,0,0,0,5
0x9f1593,100%,0,11,11,11,0,0,0
0x48266d,100%,0,19,19,19,0,0,0
0x4acb66,100%,0,1,1,1,0,0,0
0x9a2540,100%,0,40,40,0,0,0,40
0xa2b311,100%,0,2,2,2,0,0,0
0x9d37cf,100%,0,51,51,51,0,0,0
0x8e16a7,100%,0,32,32,0,0,0,32
0x534703,100%,0,101,101,101,0,0,0
0x910fbd,100%,0,436,436,436,0,0,0
0x4960a4,100%,0,12,12,12,0,0,0
0x485ccd,100%,0,3,3,3,0,0,0
0x4b9c11,100%,0,29,29,2,0,0,27
0xa5b369,100%,0,11,11,0,0,0,11
0xa53751,100%,0,8,8,0,0,0,8
0x494f76,100%,0,4,4,4,0,0,0
0x8e1ce6,100%,0,2141,2141,0,0,0,2141
0x5bee3f,100%,0,2,2,2,0,0,0
0x503ee8,100%,0,9,9,0,0,0,9
0xa592b5,100%,0,10,10,10,0,0,0
0x5c4500,100%,0,37,37,37,0,0,0
0xa5927f,100%,0,10,10,0,0,0,10
0x9e71f6,100%,0,2,2,2,0,0,0
0x9e3a96,100%,0,50,50,50,0,0,0
0x917608,100%,0,200,200,0,0,0,200
0x9e5960,100%,0,3,3,3,0,0,0
0x5cfdb0,100%,0,24,24,24,0,0,0
0x9e3f39,100%,0,21,21,21,0,0,0
0x5b5db9,100%,0,4,4,4,0,0,0
0x4aad56,100%,0,30,30,0,0,0,30
0x5d171f,100%,0,24,24,0,0,0,24
0x8ecacc,100%,0,2,2,2,0,0,0
0x48ea14,100%,0,85,85,0,0,0,85
0x5af8e6,100%,0,53,53,53,0,0,0
0x9a3dc2,100%,0,28,28,28,0,0,0
0x9e5bb0,100%,0,4,4,0,0,0,4
0x8a75ad,100%,0,147,147,0,0,0,147
0x9e5ba0,100%,0,4,4,0,0,0,4
0x7b5dde,100%,0,4,4,4,0,0,0
0x9f5ab2,100%,0,80,80,0,0,0,80
0x9e3d02,100%,0,2,2,0,0,0,2
0x9c4d65,100%,0,5,5,5,0,0,0
0x5f27ff,100%,0,5,5,5,0,0,0
0x945c56,100%,0,65,65,0,0,0,65
0x901315,100%,0,50,50,0,0,0,50
0x4aad9a,100%,0,30,30,30,0,0,0
0x96e3c9,100%,0,1,1,1,0,0,0
0x9d122a,100%,0,120,120,0,0,0,120
0xa3bd5f,100%,0,8,8,0,0,0,8
0x9e52ca,100%,0,12,12,0,0,0,12
0x9e7483,100%,0,2,2,0,0,0,2
0xa59364,100%,0,28,28,0,0,0,28
0x9a9b93,100%,0,106,106,0,0,0,106
0x59f1d0,100%,0,1,1,0,0,0,1
0x9ff63b,100%,0,13,13,0,0,0,13
0x8e3acd,100%,0,8,8,8,0,0,0
0x5bc0cc,100%,0,2,2,0,0,0,2
0xa21378,100%,0,4,4,4,0,0,0
0xa4d40f,100%,0,67,67,0,0,0,67
0xa33b98,100%,0,72,72,72,0,0,0
0x9f2b05,100%,0,5,5,0,0,0,5
0x8e9415,100%,0,2,2,2,0,0,0
0x649db0,100%,0,2,2,2,0,0,0
0x9049d9,100%,0,185,185,0,0,0,185
0xa37a8a,100%,0,10,10,0,0,0,10
0x59c2ef,100%,0,7,7,0,0,0,7
0x40eda6,100%,0,8,8,0,0,0,8
0x4bf751,100%,0,24,24,0,0,0,24
0xa596a3,100%,0,29,29,29,0,0,0
0xa5968b,100%,0,29,29,0,0,0,29
0x606901,100%,0,14,14,14,0,0,0
0x9fe5a9,100%,0,94,94,94,0,0,0
0x9e1176,100%,0,2,2,0,0,0,2
0x54c657,100%,0,3,3,0,0,0,3
0xaac3e9,100%,0,4,4,0,0,0,4
0x5d202d,100%,0,3,3,0,0,0,3
0x5a96cd,100%,0,5,5,0,0,0,5
0x5d17a3,100%,0,24,24,24,0,0,0
0x7d1dba,100%,0,1,1,1,0,0,0
0x5908ed,100%,0,22,22,0,0,0,22
0x5fa79d,100%,0,69,69,0,0,0,69
0xa9b8a8,100%,0,20,20,20,0,0,0
0x90dbc1,100%,0,961,961,0,0,0,961
0x5f4c0e,100%,0,2,2,1,0,0,1
0x72363b,100%,0,1446,1446,0,0,0,1446
0x496103,100%,0,12,12,0,0,0,12
0x8ea07e,100%,0,3,3,0,0,0,3
0x8e02f5,100%,0,285,285,0,0,0,285
0x5cfc60,100%,0,12,12,0,0,0,12
0x5e20ce,100%,0,3,3,3,0,0,0
0xa544ec,100%,0,10,10,0,0,0,10
0x49022b,100%,0,54,54,0,0,0,54
0x5e2084,100%,0,3,3,3,0,0,0
0x9110c8,100%,0,53,53,0,0,0,53
0x8e949b,100%,0,2,2,2,0,0,0
0xa410a0,100%,0,35,35,0,0,0,35
0x951e65,100%,0,6,6,6,0,0,0
0x972d7a,100%,0,6,6,0,0,0,6
0x9f2a01,100%,0,104,104,0,0,0,104
0x9e8843,100%,0,3,3,3,0,0,0
0x9e77a9,100%,0,7,7,0,0,0,7
0x9e48ce,100%,0,18,18,18,0,0,0
0x4a040e,100%,0,16,16,0,0,0,16
0x5bc03b,100%,0,2,2,2,0,0,0
0x9e880e,100%,0,3,3,0,0,0,3
0x618bac,100%,0,70,70,0,0,0,70
0x95b375,100%,0,4,4,0,0,0,4
0x404897,100%,0,250,250,0,0,0,250
0x8a8f27,100%,0,140,140,0,0,0,140
0x9e8450,100%,0,3,3,0,0,0,3
0x80a66a,100%,0,210,210,0,0,0,210
0x8d222b,100%,0,2,2,0,0,0,2
0x4bffc3,100%,0,24,24,0,0,0,24
0x5e0316,100%,0,145,145,145,0,0,0
0xa94252,100%,0,2,2,0,0,0,2
0x60c708,100%,0,7,7,0,0,0,7
0x9e604f,100%,0,18,18,0,0,0,18
0x49a068,100%,0,16,16,0,0,0,16
0xa4f7c6,100%,0,16,16,0,0,0,16
0x99f58a,100%,0,13,13,13,0,0,0
0x4b5529,100%,0,6,6,6,0,0,0
0x641108,100%,0,2,2,2,0,0,0
0xa4f79b,100%,0,18,18,0,0,0,18
0x49b264,100%,0,2,2,0,0,0,2
0x441da5,100%,0,11,11,11,0,0,0
0x9e88b2,100%,0,5,5,0,0,0,5
0xa04b9d,100%,0,42,42,0,0,0,42
0x489f71,100%,0,68,68,0,0,0,68
0x606d71,100%,0,8,8,8,0,0,0
0xa60cdc,100%,0,3,3,0,0,0,3
0x7c7708,100%,0,4,4,0,0,0,4
0x606d9b,100%,0,8,8,8,0,0,0
0x54fcbc,100%,0,1,1,0,0,0,1
0x81ca09,100%,0,172,172,0,0,0,172
0x8f1dac,100%,0,8,8,0,0,0,8
0xa58b24,100%,0,96,96,96,0,0,0
0x9e7e80,100%,0,4,4,4,0,0,0
0x4a9f2a,100%,0,3,3,3,0,0,0
0x8bb690,100%,0,13,13,13,0,0,0
0x9e7e6e,100%,0,4,4,0,0,0,4
0xa588e4,100%,0,104,104,0,0,0,104
0x40f83b,100%,0,212,212,0,0,0,212
0x9e7e3c,100%,0,4,4,4,0,0,0
0xa29d71,100%,0,16,16,16,0,0,0
0xa55918,100%,0,2,2,0,0,0,2
0x80a692,100%,0,2,2,1,0,0,1
0x9e7e01,100%,0,4,4,4,0,0,0
0x660f8a,100%,0,2,2,2,0,0,0
0xa588b2,100%,0,146,146,0,0,0,146
0x918b1d,100%,0,200,200,0,0,0,200
0x5d039b,100%,0,3,3,3,0,0,0
0x592ce3,100%,0,36,36,36,0,0,0
0x980b6b,100%,0,3,3,3,0,0,0
0x8e5ee9,100%,0,32,32,0,0,0,32
0x5e0339,100%,0,145,145,0,0,0,145
0x81b13c,100%,0,32,32,0,0,0,32
0x9e84fa,100%,0,21,21,0,0,0,21
0x7d3ebb,100%,0,3,3,0,0,0,3
0x538534,100%,0,1,1,0,0,0,1
0xa531bd,100%,0,2,2,0,0,0,2
0x918a7e,100%,0,2,2,0,0,0,2
0xa58dd2,100%,0,116,116,0,0,0,116
0xa91edf,100%,0,4,4,0,0,0,4
0xa92a17,100%,0,6,6,0,0,0,6
0x402ee8,100%,0,6,6,0,0,0,6
0x556a99,100%,0,4,4,0,0,0,4
0xa99c4e,100%,0,4,4,0,0,0,4
0xa0b9ce,100%,0,1,1,0,0,0,1
0x9e7e99,100%,0,4,4,0,0,0,4
0x8ade6a,100%,0,2,2,0,0,0,2
0x9f1291,100%,0,10,10,10,0,0,0
0xa5684d,100%,0,6,6,0,0,0,6
0x600127,100%,0,27,27,27,0,0,0
0xa02a77,100%,0,12,12,0,0,0,12
0x9e5433,100%,0,39,39,0,0,0,39
0x973ee2,100%,0,12,12,0,0,0,12
0x503585,100%,0,2,2,2,0,0,0
0x9e614a,100%,0,12,12,0,0,0,12
0x54fcc1,100%,0,1,1,1,0,0,0
0x8e24f6,100%,0,110,110,110,0,0,0
0x59e6a2,100%,0,8,8,8,0,0,0
0x5bbfae,100%,0,2,2,2,0,0,0
0x490e01,100%,0,6,6,6,0,0,0
0xa45385,100%,0,348,348,0,0,0,348
0x4905cf,100%,0,3,3,0,0,0,3
0x8e3ee8,100%,0,4,4,0,0,0,4
0xa9ecdc,100%,0,226,226,0,0,0,226
0x5406f9,100%,0,2,2,0,0,0,2
0x9a310f,100%,0,1,1,1,0,0,0
0x9e01ba,100%,0,28,28,0,0,0,28
0x781240,100%,0,44,44,44,0,0,0
0x550a54,100%,0,13,13,0,0,0,13
0x8a69f9,100%,0,5,5,0,0,0,5
0x814959,100%,0,330,330,0,0,0,330
0x4c4dd6,100%,0,2,2,2,0,0,0
0x9b9030,100%,0,9,9,9,0,0,0
0x80395a,100%,0,2,2,0,0,0,2
0x441aa3,100%,0,11,11,11,0,0,0
0x9b9019,100%,0,9,9,0,0,0,9
0xa5b4ed,100%,0,9,9,0,0,0,9
0x96e3ad,100%,0,1,1,0,0,0,1
0x94ee6f,100%,0,30,30,30,0,0,0
0x9eedc1,100%,0,230,230,0,0,0,230
0x5454d2,100%,0,49,49,49,0,0,0
0x485874,100%,0,6,6,3,0,0,3
0xa4c942,100%,0,4,4,0,0,0,4
0x80fab9,100%,0,2,2,2,0,0,0
0x48710f,100%,0,2,2,0,0,0,2
0x638ef2,100%,0,338,338,0,0,0,338
0x95a909,100%,0,4,4,0,0,0,4
0x80b0b2,100%,0,2,2,2,0,0,0
0xa2f87d,100%,0,249,249,0,0,0,249
0x5fc801,100%,0,2,2,0,0,0,2
0x40ee7f,100%,0,126,126,126,0,0,0
0x402d3b,100%,0,59,59,0,0,0,59
0x4918e5,100%,0,2,2,0,0,0,2
0xb3aba7,100%,0,1,1,0,0,0,1
0x48397c,100%,0,29,29,0,0,0,29
0x97824b,100%,0,19,19,0,0,0,19
0x483983,100%,0,29,29,0,0,0,29
0x8eaef4,100%,0,72,72,0,0,0,72
0x7d4415,100%,0,2,2,0,0,0,2
0x48ef34,100%,0,331,331,0,0,0,331
0xa3feee,100%,0,18,18,0,0,0,18
0x9aa35f,100%,0,37,37,15,0,0,22
0x97336f,100%,0,9,9,0,0,0,9
0x9e60ee,100%,0,7,7,7,0,0,0
0xa9d35d,100%,0,42,42,0,0,0,42
0x837f01,100%,0,6,6,0,0,0,6
0xa5751b,100%,0,41,41,0,0,0,41
0x5ef962,100%,0,83,83,83,0,0,0
0x4918f3,100%,0,2,2,0,0,0,2
0x9a3311,100%,0,1,1,0,0,0,1
0x48ef2b,100%,0,331,331,0,0,0,331
0x6107b0,100%,0,13,13,0,0,0,13
0xaa5cda,100%,0,24,24,0,0,0,24
0x9aa1ef,100%,0,37,37,0,0,0,37
0x9aa132,100%,0,33,33,0,0,0,33
0xa51ea9,100%,0,28,28,28,0,0,0
0x50c129,100%,0,7,7,7,0,0,0
0x5e5eca,100%,0,1003,1003,0,0,0,1003
0xa9460f,100%,0,2,2,0,0,0,2
0xa51e4f,100%,0,39,39,0,0,0,39
0x8db92e,100%,0,16,16,16,0,0,0
0xaa5d0a,100%,0,1,1,0,0,0,1
0x975116,100%,0,19,19,19,0,0,0
0x4836b9,100%,0,27,27,0,0,0,27
0x9a9f2f,100%,0,28,28,28,0,0,0
0x8d3fe8,100%,0,13,13,0,0,0,13
0x83259e,100%,0,1,1,0,0,0,1
0xa4c6e5,100%,0,4,4,0,0,0,4
0x441517,100%,0,11,11,0,0,0,11
0x5459d2,100%,0,8,8,8,0,0,0
0xb2e430,100%,0,2,2,2,0,0,0
0x538cfd,100%,0,11,11,0,0,0,11
0xa57433,100%,0,3,3,0,0,0,3
0x88a0b7,100%,0,22,22,0,0,0,22
0x4b1627,100%,0,2,2,2,0,0,0
0xa91a5a,100%,0,4,4,0,0,0,4
0x4bb2f8,100%,0,15,15,15,0,0,0
0x8e8dc1,100%,0,267,267,0,0,0,267
0x978437,100%,0,477,477,0,0,0,477
0x696545,100%,0,397,397,0,0,0,397
0x9e2d15,100%,0,13,13,0,0,0,13
0x8dea48,100%,0,130,130,0,0,0,130
0x80aeda,100%,0,1,1,0,0,0,1
0x9e2ca1,100%,0,23,23,23,0,0,0
0x959f45,100%,0,4,4,0,0,0,4
0xa9daa8,100%,0,15,15,0,0,0,15
0x5f07c8,100%,0,2,2,0,0,0,2
0x4c5c01,100%,0,43,43,0,0,0,43
0x487119,100%,0,2,2,2,0,0,0
0x7afc42,100%,0,2,2,2,0,0,0
0x58c4ae,100%,0,12,12,12,0,0,0
0x5d2323,100%,0,1245,1245,1245,0,0,0
0x8f45a2,100%,0,57,57,57,0,0,0
0x4415f7,100%,0,11,11,0,0,0,11
0x65b158,100%,0,13,13,0,0,0,13
0xa925c0,100%,0,10,10,10,0,0,0
0x804e2b,100%,0,2,2,0,0,0,2
0x88a109,100%,0,22,22,0,0,0,22
0x832596,100%,0,1,1,0,0,0,1
0xa9cd85,100%,0,4,4,0,0,0,4
0x81f5a9,100%,0,4,4,0,0,0,4
0x4bf212,100%,0,86,86,86,0,0,0
0x44152e,100%,0,11,11,0,0,0,11
0xa46b3c,100%,0,18,18,18,0,0,0
0x4904d6,100%,0,3,3,3,0,0,0
0x50a2f3,100%,0,4,4,0,0,0,4
0x8dea8a,100%,0,128,128,0,0,0,128
0x5c7256,100%,0,28,28,28,0,0,0
0x9d0b63,100%,0,51,51,0,0,0,51
0x675791,100%,0,1,1,1,0,0,0
0x8eb027,100%,0,6,6,0,0,0,6
0x99e91b,100%,0,55,55,0,0,0,55
0xaa57ee,100%,0,2,2,0,0,0,2
0x8ec976,100%,0,4,4,0,0,0,4
0x4ad9c1,100%,0,3,3,3,0,0,0
0x8e92bb,100%,0,3,3,0,0,0,3
0x4ab159,100%,0,6,6,0,0,0,6
0x4ad9e6,100%,0,3,3,3,0,0,0
0x48f420,100%,0,3,3,0,0,0,3
0x8c8e7b,100%,0,6,6,0,0,0,6
0x8deac8,100%,0,128,128,128,0,0,0
0x4b4f2e,100%,0,2,2,0,0,0,2
0x9a1c18,100%,0,203,203,0,0,0,203
0x441a52,100%,0,11,11,0,0,0,11
0xa543b0,100%,0,19,19,0,0,0,19
0x7d442b,100%,0,2,2,0,0,0,2
0x80af06,100%,0,2,2,0,0,0,2
0xaccdf0,100%,0,1,1,0,0,0,1
0x9e2c60,100%,0,23,23,0,0,0,23
0x649146,100%,0,2,2,0,0,0,2
0xaccdfe,100%,0,1,1,1,0,0,0
0x8e96b8,100%,0,2,2,0,0,0,2
0x5f3ae0,100%,0,4,4,4,0,0,0
0x59074b,100%,0,3,3,3,0,0,0
0xa46ef7,100%,0,18,18,0,0,0,18
0x61855e,100%,0,2,2,2,0,0,0
0x8dea85,100%,0,130,130,2,0,0,128
0x49ad33,100%,0,6,6,0,0,0,6
0x90bb70,100%,0,22,22,22,0,0,0
0x4be8fc,100%,0,1,1,1,0,0,0
0xa46e56,100%,0,18,18,18,0,0,0
0xaa0117,100%,0,3,3,0,0,0,3
0xa4a86e,100%,0,2,2,0,0,0,2
0x49cf73,100%,0,1,1,1,0,0,0
0x970fbe,100%,0,12,12,0,0,0,12
0x8be493,100%,0,18,18,0,0,0,18
0x780872,100%,0,18,18,0,0,0,18
0xa5766c,100%,0,14,14,0,0,0,14
0xaa00f2,100%,0,3,3,3,0,0,0
0x970f97,100%,0,7,7,0,0,0,7
0xa4f84b,100%,0,2,2,2,0,0,0
0xaa00c3,100%,0,3,3,3,0,0,0
0xa4f82a,100%,0,2,2,0,0,0,2
0xa4ed87,100%,0,2,2,0,0,0,2
0x970f7d,100%,0,7,7,0,0,0,7
0xa98174,100%,0,2,2,0,0,0,2
0xa63a17,100%,0,4,4,0,0,0,4
0xa4ed81,100%,0,2,2,0,0,0,2
0x7c86b8,100%,0,4,4,0,0,0,4
0x8ea20e,100%,0,144,144,0,0,0,144
0x5af6d4,100%,0,9,9,0,0,0,9
0x5be815,100%,0,21,21,21,0,0,0
0x9712ac,100%,0,5,5,0,0,0,5
0x8f4c1f,100%,0,40,40,0,0,0,40
0x7ef9f3,100%,0,2,2,2,0,0,0
0x99b00e,100%,0,40,40,40,0,0,0
0x5b6093,100%,0,1,1,1,0,0,0
0xaa003d,100%,0,3,3,0,0,0,3
0x9711f7,100%,0,5,5,0,0,0,5
0x5b4b37,100%,0,1,1,1,0,0,0
0xa9d26a,100%,0,4,4,0,0,0,4
0x5b4ae5,100%,0,1,1,1,0,0,0
0xaa00bc,100%,0,3,3,0,0,0,3
0x50f149,100%,0,2,2,0,0,0,2
0xa4f4ef,100%,0,38,38,38,0,0,0
0x659e32,100%,0,19,19,19,0,0,0
0x5a5fc6,100%,0,4,4,4,0,0,0
0xaa5d5b,100%,0,1,1,0,0,0,1
0x9e526b,100%,0,11,11,11,0,0,0
0x94ac9f,100%,0,56,56,0,0,0,56
0x4c74aa,100%,0,18,18,0,0,0,18
0x492b3b,100%,0,2,2,2,0,0,0
0x5f04ea,100%,0,2,2,0,0,0,2
0x4946a7,100%,0,2,2,2,0,0,0
0xa545dd,100%,0,8,8,0,0,0,8
0x77d380,100%,0,6,6,0,0,0,6
0x64c82d,100%,0,4,4,4,0,0,0
0x978003,100%,0,139,139,0,0,0,139
0x49614e,100%,0,3,3,0,0,0,3
0x8f4c13,100%,0,40,40,0,0,0,40
0x7c86c1,100%,0,4,4,4,0,0,0
0xa54534,100%,0,2,2,0,0,0,2
0x5f1c3a,100%,0,7,7,0,0,0,7
0x90c1fc,100%,0,842,842,0,0,0,842
0x9a6837,100%,0,147,147,0,0,0,147
0x496133,100%,0,3,3,0,0,0,3
0x7c9d1f,100%,0,4,4,0,0,0,4
0xa91f1f,100%,0,4,4,0,0,0,4
0x50be62,100%,0,35,35,0,0,0,35
0xa37474,100%,0,32,32,0,0,0,32
0xa3d0da,100%,0,8,8,0,0,0,8
0xa547af,100%,0,2,2,2,0,0,0
0x99ebe6,100%,0,2,2,0,0,0,2
0x90bba2,100%,0,22,22,0,0,0,22
0x970d80,100%,0,2,2,2,0,0,0
0x972841,100%,0,20,20,20,0,0,0
0x9ed1a4,100%,0,6,6,0,0,0,6
0xa5465b,100%,0,2,2,0,0,0,2
0x5b60b9,100%,0,1,1,0,0,0,1
0xa20fd7,100%,0,1,1,0,0,0,1
0xa9d408,100%,0,20,20,0,0,0,20
0x90e60d,100%,0,603,603,0,0,0,603
0x591f52,100%,0,70,70,0,0,0,70
0x8f0a1c,100%,0,4,4,4,0,0,0
0xb497cd,100%,0,5,5,0,0,0,5
0xa54604,100%,0,2,2,0,0,0,2
0x4aad63,100%,0,30,30,0,0,0,30
0x506e36,100%,0,1,1,0,0,0,1
0x5937c6,100%,0,19,19,0,0,0,19
0x9a0c6f,100%,0,7,7,0,0,0,7
0x8bd66f,100%,0,6,6,0,0,0,6
0x9e5bea,100%,0,35,35,35,0,0,0
0x80b609,100%,0,2,2,1,0,0,1
0x9a1a57,100%,0,1,1,1,0,0,0
0x8e4696,100%,0,16,16,0,0,0,16
0x4bf1f8,100%,0,86,86,0,0,0,86
0x4c2353,100%,0,8,8,8,0,0,0
0x5508fb,100%,0,21,21,21,0,0,0
0x9be5bf,100%,0,10,10,10,0,0,0
0xa558e4,100%,0,2,2,0,0,0,2
0x5510b9,100%,0,6,6,0,0,0,6
0x8e46a2,100%,0,16,16,0,0,0,16
0xad6dd9,100%,0,2,2,2,0,0,0
0x59711e,100%,0,48,48,0,0,0,48
0x597115,100%,0,48,48,0,0,0,48
0xb3abae,100%,0,1,1,0,0,0,1
0x4ad029,100%,0,4,4,0,0,0,4
0xa069b3,100%,0,2,2,0,0,0,2
0x483999,100%,0,29,29,0,0,0,29
0x409f5d,100%,0,30,30,0,0,0,30
0x5b8f7b,100%,0,2,2,2,0,0,0
0x8dd9c9,100%,0,30,30,30,0,0,0
0x4b399e,100%,0,4,4,4,0,0,0
0xa55a52,100%,0,2,2,0,0,0,2
0xa55a49,100%,0,2,2,0,0,0,2
0x490535,100%,0,3,3,0,0,0,3
0x8a8bc5,100%,0,24,24,0,0,0,24
0x8aace6,100%,0,22,22,0,0,0,22
0x49c8aa,100%,0,164,164,164,0,0,0
0x6411a7,100%,0,2,2,2,0,0,0
0x8f3fac,100%,0,240,240,0,0,0,240
0xa2610c,100%,0,1,1,1,0,0,0
0xa2612e,100%,0,1,1,1,0,0,0
0xad6c4f,100%,0,2,2,0,0,0,2
0xa5ec87,100%,0,5,5,0,0,0,5
0xaa4954,100%,0,3,3,3,0,0,0
0xa9f30e,100%,0,3,3,0,0,0,3
0xa58a65,100%,0,138,138,0,0,0,138
0xa95aaf,100%,0,2,2,0,0,0,2
0x8dc554,100%,0,4,4,0,0,0,4
0x5c70ad,100%,0,360,360,0,0,0,360
0xa9f34b,100%,0,3,3,0,0,0,3
0x9f6853,100%,0,293,293,293,0,0,0
0x49cb36,100%,0,6,6,6,0,0,0
0x4c00cb,100%,0,2,2,2,0,0,0
0x5c6d65,100%,0,223,223,223,0,0,0
0x5be37e,100%,0,85,85,0,0,0,85
0x5b60ca,100%,0,1,1,0,0,0,1
0xaa4a33,100%,0,3,3,3,0,0,0
0xa6b458,100%,0,4,4,0,0,0,4
0x971347,100%,0,5,5,0,0,0,5
0x48224b,100%,0,19,19,0,0,0,19
0xa853fa,100%,0,5,5,0,0,0,5
0xa47039,100%,0,22,22,0,0,0,22
0x8e5350,100%,0,16,16,0,0,0,16
0xad6e54,100%,0,2,2,0,0,0,2
0x5b613c,100%,0,1,1,0,0,0,1
0x554ca0,100%,0,64,64,0,0,0,64
0x8f3678,100%,0,101,101,0,0,0,101
0x5b05e0,100%,0,2,2,2,0,0,0
0xb49918,100%,0,2,2,0,0,0,2
0x9a3a71,100%,0,2,2,0,0,0,2
0x833bb5,100%,0,4,4,4,0,0,0
0x8fcff7,100%,0,71,71,0,0,0,71
0x58ba82,100%,0,4,4,4,0,0,0
0xa55856,100%,0,6,6,2,0,0,4
0xa3fd57,100%,0,6,6,0,0,0,6
0xad04df,100%,0,2,2,0,0,0,2
0x8ea676,100%,0,4,4,0,0,0,4
0x4b38a0,100%,0,4,4,0,0,0,4
0xa07559,100%,0,5,5,0,0,0,5
0x47f190,100%,0,19,19,18,0,0,1
0x8ec896,100%,0,2,2,2,0,0,0
0xa442cf,100%,0,49,49,49,0,0,0
0x5b2af6,100%,0,45,45,0,0,0,45
0x5b2afe,100%,0,45,45,0,0,0,45
0x9bc981,100%,0,2,2,2,0,0,0
0x4bbce6,100%,0,825,825,0,0,0,825
0x7cf665,100%,0,8,8,0,0,0,8
0x557ac8,100%,0,5,5,2,0,0,3
0x5f489b,100%,0,2,2,2,0,0,0
0xa526d0,100%,0,32,32,32,0,0,0
0x5f5117,100%,0,1,1,1,0,0,0
0xa48cc2,100%,0,167,167,0,0,0,167
0x5b2b1e,100%,0,45,45,0,0,0,45
0xa3692a,100%,0,432,432,0,0,0,432
0x8167a0,100%,0,68,68,0,0,0,68
0xa3629b,100%,0,297,297,0,0,0,297
0x5a8861,100%,0,2,2,0,0,0,2
0x6755ee,100%,0,1,1,0,0,0,1
0x6755c9,100%,0,1,1,0,0,0,1
0x67559a,100%,0,1,1,1,0,0,0
0xa366e2,100%,0,152,152,0,0,0,152
0x5f4834,100%,0,2,2,0,0,0,2
0xb1c353,100%,0,102,102,102,0,0,0
0x9027c4,100%,0,12,12,0,0,0,12
0x53854b,100%,0,1,1,0,0,0,1
0x9f2231,100%,0,2,2,0,0,0,2
0x8ecdb3,100%,0,995,995,0,0,0,995
0xa9f3b8,100%,0,3,3,0,0,0,3
0x7bb927,100%,0,4,4,4,0,0,0
0x833dd9,100%,0,8,8,0,0,0,8
0x9f592c,100%,0,25,25,0,0,0,25
0x981533,100%,0,29,29,29,0,0,0
0xa3727f,100%,0,6,6,0,0,0,6
0xa3015a,100%,0,5,5,5,0,0,0
0xa36c40,100%,0,2,2,0,0,0,2
0x67f435,100%,0,2,2,0,0,0,2
0x608ca3,100%,0,200,200,0,0,0,200
0x592084,100%,0,4,4,0,0,0,4
0x7d3118,100%,0,351,351,351,0,0,0
0x804555,100%,0,13,13,0,0,0,13
0x9f5cce,100%,0,19,19,0,0,0,19
0x5b2c3a,100%,0,2,2,0,0,0,2
0xa97f30,100%,0,2,2,0,0,0,2
0x90671e,100%,0,124,124,0,0,0,124
0x9be996,100%,0,14,14,14,0,0,0
0xa337ca,100%,0,25,25,0,0,0,25
0x40e8c5,100%,0,5,5,5,0,0,0
0x40e899,100%,0,5,5,5,0,0,0
0x41045c,100%,0,24,24,2,0,0,22
0x9a1e7a,100%,0,81,81,0,0,0,81
0xa32d3b,100%,0,2,2,2,0,0,0
0x6471d1,100%,0,21,21,0,0,0,21
0x9f6527,100%,0,179,179,0,0,0,179
0x9850c0,100%,0,4,4,0,0,0,4
0x8a77e7,100%,0,521,521,0,0,0,521
0x679c1f,100%,0,1800,1800,592,0,0,1208
0xa69e61,100%,0,4,4,0,0,0,4
0x7869d5,100%,0,6,6,0,0,0,6
0x9e2f3d,100%,0,263,263,0,0,0,263
0x84351d,100%,0,1,1,0,0,0,1
0xa3fec1,100%,0,28,28,0,0,0,28
0x671530,100%,0,2,2,2,0,0,0
0x5f4659,100%,0,2,2,2,0,0,0
0x7d2172,100%,0,555,555,0,0,0,555
0x6472e7,100%,0,5,5,0,0,0,5
0x5ff4c5,100%,0,4,4,0,0,0,4
0x5f4618,100%,0,1,1,0,0,0,1
0xa3038e,100%,0,85,85,0,0,0,85
0xa30384,100%,0,85,85,0,0,0,85
0xa47e63,100%,0,39,39,4,0,0,35
0x8c9094,100%,0,2,2,0,0,0,2
0x8c7f31,100%,0,2,2,2,0,0,0
0x7d208e,100%,0,7,7,0,0,0,7
0xa5a03e,100%,0,3,3,0,0,0,3
0x675406,100%,0,1,1,0,0,0,1
0x9e019f,100%,0,87,87,0,0,0,87
0x7d0d31,100%,0,383,383,383,0,0,0
0xa43094,100%,0,4,4,0,0,0,4
0x6753bd,100%,0,3,3,0,0,0,3
0xa4301c,100%,0,4,4,0,0,0,4
0x6471e4,100%,0,21,21,0,0,0,21
0x88e05e,100%,0,6,6,0,0,0,6
0x917716,100%,0,163,163,163,0,0,0
0xa5970d,100%,0,10,10,10,0,0,0
0x9a3ee6,100%,0,28,28,0,0,0,28
0x8e9b47,100%,0,5,5,5,0,0,0
0xa42f04,100%,0,4,4,4,0,0,0
0xa42ea6,100%,0,4,4,0,0,0,4
0x67538e,100%,0,1,1,1,0,0,0
0x4024d6,100%,0,108,108,0,0,0,108
0xa55a33,100%,0,2,2,0,0,0,2
0x7ac79c,100%,0,12,12,0,0,0,12
0xa35e51,100%,0,14,14,0,0,0,14
0x54fc60,100%,0,1,1,0,0,0,1
0x9510c4,100%,0,1,1,0,0,0,1
0x9510c0,100%,0,1,1,0,0,0,1
0x9bd192,100%,0,55,55,0,0,0,55
0x8ff986,100%,0,115,115,0,0,0,115
0x9591bc,100%,0,3,3,0,0,0,3
0x999f55,100%,0,1,1,1,0,0,0
0x8e2f71,100%,0,1977,1977,0,0,0,1977
0x80ba52,100%,0,2,2,0,0,0,2
0xaa81af,100%,0,5,5,0,0,0,5
0x5bc37e,100%,0,23,23,0,0,0,23
0xaa818b,100%,0,5,5,0,0,0,5
0x5d0193,100%,0,8,8,8,0,0,0
0x7d279d,100%,0,111,111,0,0,0,111
0xa53325,100%,0,6,6,0,0,0,6
0x619db7,100%,0,5,5,0,0,0,5
0x50d2f2,100%,0,26,26,26,0,0,0
0x9813e6,100%,0,75,75,0,0,0,75
0x49c859,100%,0,1,1,0,0,0,1
0x9d0469,100%,0,36,36,0,0,0,36
0x5f1896,100%,0,2,2,0,0,0,2
0x5920c5,100%,0,4,4,0,0,0,4
0xa90a84,100%,0,4,4,4,0,0,0
0x4bb166,100%,0,18,18,0,0,0,18
0x94ed6b,100%,0,30,30,0,0,0,30
0x59f1b3,100%,0,2,2,0,0,0,2
0x8e2034,100%,0,1485,1485,0,0,0,1485
0x597ef7,100%,0,15,15,0,0,0,15
0xa2db82,100%,0,14,14,0,0,0,14
0x5d7ddd,100%,0,4,4,4,0,0,0
0x61a2ba,100%,0,10,10,5,0,0,5
0x60c40c,100%,0,5,5,0,0,0,5
0x9bd1d5,100%,0,55,55,0,0,0,55
0xaa4cc3,100%,0,3,3,0,0,0,3
0x4b654d,100%,0,46,46,0,0,0,46
0x60c575,100%,0,10,10,0,0,0,10
0x4ca696,100%,0,2,2,0,0,0,2
0xa5f325,100%,0,4,4,0,0,0,4
0x816b68,100%,0,1341,1341,6,0,0,1335
0x5b2d65,100%,0,75,75,75,0,0,0
0x619b38,100%,0,5,5,5,0,0,0
0x619ada,100%,0,5,5,0,0,0,5
0x619ac6,100%,0,5,5,0,0,0,5
0x619e55,100%,0,5,5,0,0,0,5
0xa07052,100%,0,9,9,2,0,0,7
0x619e07,100%,0,5,5,0,0,0,5
0x99debc,100%,0,15,15,15,0,0,0
0x78079d,100%,0,8,8,0,0,0,8
0x5e5cd5,100%,0,3,3,0,0,0,3
0x54ef68,100%,0,43,43,0,0,0,43
0x8c82d1,100%,0,32,32,0,0,0,32
0x5b2dcf,100%,0,75,75,75,0,0,0
0x4a86db,100%,0,2,2,0,0,0,2
0x61dc58,100%,0,20,20,20,0,0,0
0x619be7,100%,0,20,20,0,0,0,20
0x70e950,100%,0,2,2,0,0,0,2
0x9ff6a9,100%,0,5,5,5,0,0,0
0x49d118,100%,0,2,2,2,0,0,0
0x6191ac,100%,0,790,790,0,0,0,790
0x8a3116,100%,0,2,2,0,0,0,2
0x81a582,100%,0,632,632,632,0,0,0
0x8ffde7,100%,0,8,8,0,0,0,8
0x96eb2a,100%,0,1,1,0,0,0,1
0x4ad822,100%,0,4,4,2,0,0,2
0x99c877,100%,0,754,754,754,0,0,0
0x9fe785,100%,0,37,37,0,0,0,37
0x809f19,100%,0,2,2,2,0,0,0
0x8c82e4,100%,0,2,2,2,0,0,0
0x5b2634,100%,0,45,45,0,0,0,45
0x403dc7,100%,0,16,16,0,0,0,16
0x592585,100%,0,120,120,0,0,0,120
0x5062c8,100%,0,647,647,0,0,0,647
0x7c7519,100%,0,16,16,0,0,0,16
0x5bb462,100%,0,119,119,119,0,0,0
0x622a20,100%,0,10,10,10,0,0,0
0x4a2271,100%,0,4,4,0,0,0,4
0x6491d7,100%,0,2,2,0,0,0,2
0xa37ad9,100%,0,10,10,0,0,0,10
0xa379ca,100%,0,10,10,0,0,0,10
0x9eed7a,100%,0,6,6,0,0,0,6
0x4b6788,100%,0,11,11,0,0,0,11
0x4a98a9,100%,0,19,19,0,0,0,19
0xa37953,100%,0,10,10,10,0,0,0
0xa378f3,100%,0,4,4,0,0,0,4
0xa378c5,100%,0,4,4,0,0,0,4
0xa3774b,100%,0,10,10,10,0,0,0
0x5b34fc,100%,0,45,45,45,0,0,0
0x8e31bb,100%,0,5,5,5,0,0,0
0x4103c8,100%,0,3,3,3,0,0,0
0x5b2c20,100%,0,2,2,0,0,0,2
0x5b8d0c,100%,0,2,2,0,0,0,2
0x4ab896,100%,0,6,6,0,0,0,6
0x8ffe06,100%,0,6,6,6,0,0,0
0x47fb99,100%,0,19,19,19,0,0,0
0x5f2b2f,100%,0,2,2,0,0,0,2
0x8ffdfe,100%,0,6,6,0,0,0,6
0x620f68,100%,0,5,5,0,0,0,5
0x501a3d,100%,0,6,6,6,0,0,0
0x4b3869,100%,0,20,20,0,0,0,20
0x49afff,100%,0,2,2,0,0,0,2
0x7d3417,100%,0,8,8,8,0,0,0
0xa4a111,100%,0,87,87,0,0,0,87
0x4c6842,100%,0,12,12,0,0,0,12
0x81f55b,100%,0,4,4,0,0,0,4
0xb18147,100%,0,557,557,0,0,0,557
0x50901a,100%,0,6,6,6,0,0,0
0x98cbd4,100%,0,7,7,0,0,0,7
0x441caf,100%,0,11,11,11,0,0,0
0x4a8717,100%,0,2,2,0,0,0,2
0x4c4f59,100%,0,17,17,0,0,0,17
0x619cbc,100%,0,20,20,0,0,0,20
0xa54540,100%,0,2,2,0,0,0,2
0xa2fa9b,100%,0,78,78,0,0,0,78
0x8f4a18,100%,0,6,6,6,0,0,0
0x5c336c,100%,0,120,120,120,0,0,0
0x7d2c67,100%,0,4,4,0,0,0,4
0x49635c,100%,0,34,34,0,0,0,34
0x50b791,100%,0,4,4,0,0,0,4
0x494712,100%,0,2,2,2,0,0,0
0x8ad5c7,100%,0,138,138,0,0,0,138
0xa2f938,100%,0,83,83,83,0,0,0
0xa2cb19,100%,0,2,2,2,0,0,0
0xa64cb2,100%,0,6,6,6,0,0,0
0x8eb54b,100%,0,37,37,0,0,0,37
0x8bb2ee,100%,0,1,1,0,0,0,1
0x944366,100%,0,76,76,0,0,0,76
0x9067a8,100%,0,124,124,0,0,0,124
0xa42779,100%,0,225,225,0,0,0,225
0xa9ffc0,100%,0,3,3,3,0,0,0
0x441597,100%,0,11,11,0,0,0,11
0xa4121d,100%,0,25,25,0,0,0,25
0x404d08,100%,0,42,42,0,0,0,42
0xa32b60,100%,0,7,7,0,0,0,7
0xa27750,100%,0,4,4,0,0,0,4
0x4935ab,100%,0,15,15,0,0,0,15
0xa46288,100%,0,41,41,0,0,0,41
0x59c636,100%,0,6,6,0,0,0,6
0xa32a97,100%,0,11,11,0,0,0,11
0x8f445e,100%,0,1,1,0,0,0,1
0x5049f1,100%,0,7,7,0,0,0,7
0x8c8852,100%,0,4,4,4,0,0,0
0x9a1339,100%,0,30,30,0,0,0,30
0x58e1cb,100%,0,75,75,0,0,0,75
0x9e2262,100%,0,2,2,0,0,0,2
0x627d6f,100%,0,23,23,0,0,0,23
0x5fb255,100%,0,15,15,15,0,0,0
0x54d949,100%,0,16,16,16,0,0,0
0x7b00a8,100%,0,8,8,0,0,0,8
0xa18a52,100%,0,43,43,0,0,0,43
0x7aee5e,100%,0,6,6,0,0,0,6
0x9a1499,100%,0,69,69,0,0,0,69
0x67178a,100%,0,2,2,2,0,0,0
0xa3d220,100%,0,8,8,8,0,0,0
0xa2fc5a,100%,0,679,679,0,0,0,679
0x5f0bac,100%,0,2,2,0,0,0,2
0x5f0b3d,100%,0,2,2,2,0,0,0
0x5af0ab,100%,0,10,10,0,0,0,10
0x8eb047,100%,0,6,6,0,0,0,6
0x94d992,100%,0,619,619,0,0,0,619
0xa34c98,100%,0,75,75,0,0,0,75
0x47f1a6,100%,0,1,1,1,0,0,0
0x9f2877,100%,0,572,572,572,0,0,0
0x7b063b,100%,0,3,3,0,0,0,3
0x4094d4,100%,0,2,2,2,0,0,0
0x495adf,100%,0,1,1,1,0,0,0
0x7b05fe,100%,0,3,3,0,0,0,3
0x7afd44,100%,0,28,28,0,0,0,28
0x94e7a5,100%,0,30,30,0,0,0,30
0x90ca02,100%,0,105,105,0,0,0,105
0x5f30e0,100%,0,6,6,6,0,0,0
0xa2f90c,100%,0,83,83,83,0,0,0
0xa4773d,100%,0,42,42,0,0,0,42
0x505a49,100%,0,4,4,0,0,0,4
0x404f7f,100%,0,12,12,0,0,0,12
0x8d24b3,100%,0,2,2,2,0,0,0
0x809e95,100%,0,2,2,0,0,0,2
0xa392d0,100%,0,14,14,14,0,0,0
0x94cff4,100%,0,47,47,47,0,0,0
0x5f0680,100%,0,80,80,0,0,0,80
0x58c62a,100%,0,1,1,1,0,0,0
0x506e15,100%,0,1,1,0,0,0,1
0xa92f3f,100%,0,88,88,0,0,0,88
0x5f4234,100%,0,7,7,7,0,0,0
0x78998a,100%,0,2,2,0,0,0,2
0x7b013c,100%,0,6,6,0,0,0,6
0x4877d9,100%,0,1,1,0,0,0,1
0x9ecb29,100%,0,5,5,5,0,0,0
0x4022e9,100%,0,55,55,0,0,0,55
0x54c716,100%,0,19,19,19,0,0,0
0x7d3fee,100%,0,3,3,0,0,0,3
0x58de24,100%,0,75,75,0,0,0,75
0x4024ff,100%,0,98,98,98,0,0,0
0xaa58a1,100%,0,49,49,0,0,0,49
0x786937,100%,0,12,12,0,0,0,12
0x49be7a,100%,0,2,2,0,0,0,2
0xa34ede,100%,0,117,117,0,0,0,117
0x4aaef0,100%,0,11,11,0,0,0,11
0x540e49,100%,0,8,8,0,0,0,8
0x94c8f7,100%,0,40,40,40,0,0,0
0x943837,100%,0,40,40,0,0,0,40
0x73d7f9,100%,0,4,4,4,0,0,0
0x7dfc3f,100%,0,8,8,0,0,0,8
0xa355e0,100%,0,302,302,302,0,0,0
0x6486ad,100%,0,2,2,2,0,0,0
0xa9646d,100%,0,24,24,0,0,0,24
0xa394a2,100%,0,14,14,14,0,0,0
0xa442fa,100%,0,49,49,0,0,0,49
0xa44298,100%,0,49,49,49,0,0,0
0x40a6c2,100%,0,26,26,26,0,0,0
0x8d43b2,100%,0,1,1,1,0,0,0
0x820a32,100%,0,8,8,0,0,0,8
0x5e4348,100%,0,3,3,0,0,0,3
0x4b3938,100%,0,4,4,0,0,0,4
0x8ef253,100%,0,8,8,0,0,0,8
0xa33729,100%,0,310,310,0,0,0,310
0xa058ea,100%,0,5,5,5,0,0,0
0x9ef42c,100%,0,60,60,0,0,0,60
0xa58ae5,100%,0,96,96,0,0,0,96
0x5a652b,100%,0,1,1,1,0,0,0
0x78f637,100%,0,14,14,0,0,0,14
0x7e20a7,100%,0,13,13,13,0,0,0
0x8db6f9,100%,0,454,454,454,0,0,0
0x789b18,100%,0,28,28,0,0,0,28
0xa99fab,100%,0,2,2,0,0,0,2
0x59c8f5,100%,0,3,3,3,0,0,0
0xa6c73d,100%,0,27,27,27,0,0,0
0x554fc4,100%,0,3,3,3,0,0,0
0xa92a09,100%,0,6,6,0,0,0,6
0x491b8b,100%,0,1,1,0,0,0,1
0x4a9ef7,100%,0,185,185,0,0,0,185
0xa46525,100%,0,488,488,488,0,0,0
0x548266,100%,0,792,792,0,0,0,792
0x4c00b8,100%,0,2,2,0,0,0,2
0x78a69f,100%,0,10,10,0,0,0,10
0xa3018e,100%,0,5,5,0,0,0,5
0xa3fe2f,100%,0,28,28,0,0,0,28
0x9f6e31,100%,0,14,14,14,0,0,0
0xa3012e,100%,0,2,2,0,0,0,2
0x5f37d7,100%,0,3,3,0,0,0,3
0xa34c0c,100%,0,60,60,0,0,0,60
0x956451,100%,0,1,1,0,0,0,1
0x5f37fd,100%,0,3,3,0,0,0,3
0x64869e,100%,0,2,2,0,0,0,2
0x612816,100%,0,70,70,0,0,0,70
0x7860fd,100%,0,2,2,0,0,0,2
0x94ca90,100%,0,64,64,0,0,0,64
0x618aad,100%,0,70,70,0,0,0,70
0xa8fa85,100%,0,85,85,0,0,0,85
0x838893,100%,0,5,5,0,0,0,5
0x5f37e5,100%,0,3,3,0,0,0,3
0x507f27,100%,0,5,5,0,0,0,5
0x5a9473,100%,0,67,67,67,0,0,0
0xa4e62b,100%,0,76,76,0,0,0,76
0xa3009f,100%,0,228,228,0,0,0,228
0x504d26,100%,0,2,2,2,0,0,0
0x50dae8,100%,0,4,4,0,0,0,4
0x8dbb1c,100%,0,8,8,0,0,0,8
0x50da93,100%,0,4,4,0,0,0,4
0xa345cc,100%,0,131,131,0,0,0,131
0x506ec9,100%,0,1,1,1,0,0,0
0x506eb7,100%,0,1,1,0,0,0,1
0x49b0e9,100%,0,2,2,0,0,0,2
0x60dbc0,100%,0,274,274,0,0,0,274
0xa34a65,100%,0,41,41,0,0,0,41
0x943cff,100%,0,8,8,0,0,0,8
0x80624a,100%,0,2,2,0,0,0,2
0x4040cb,100%,0,2112,2112,2112,0,0,0
0x943cd6,100%,0,10,10,0,0,0,10
0xa95a46,100%,0,4,4,0,0,0,4
0xa6500f,100%,0,4,4,0,0,0,4
0x40b427,100%,0,2,2,0,0,0,2
0x4ca72b,100%,0,2,2,2,0,0,0
0x98d022,100%,0,12,12,0,0,0,12
0x675729,100%,0,1,1,0,0,0,1
0x60c5c8,100%,0,5,5,0,0,0,5
0x81f620,100%,0,4,4,0,0,0,4
0x649a95,100%,0,4,4,2,0,0,2
0xb17ade,100%,0,346,346,0,0,0,346
0xa37980,100%,0,10,10,10,0,0,0
0x51b5fc,100%,0,5,5,5,0,0,0
0x7ad519,100%,0,26,26,0,0,0,26
0x506ad5,100%,0,2,2,0,0,0,2
0xaa4f72,100%,0,147,147,147,0,0,0
0x620fc9,100%,0,5,5,5,0,0,0
0xa34c6d,100%,0,75,75,75,0,0,0
0xa06f56,100%,0,9,9,0,0,0,9
0xa0705c,100%,0,7,7,7,0,0,0
0x5eaf3b,100%,0,4,4,4,0,0,0
0x5c4754,100%,0,8,8,0,0,0,8
0x5f53ae,100%,0,2,2,0,0,0,2
0x7b8649,100%,0,2,2,2,0,0,0
0x843744,100%,0,8,8,8,0,0,0
0xa06fb6,100%,0,9,9,0,0,0,9
0x81c05a,100%,0,85,85,0,0,0,85
0xa07b08,100%,0,7,7,7,0,0,0
0x7be0ce,100%,0,4,4,0,0,0,4
0x8e939e,100%,0,4,4,0,0,0,4
0x9bd627,100%,0,36,36,0,0,0,36
0xa06f09,100%,0,9,9,0,0,0,9
0x9fe90b,100%,0,37,37,0,0,0,37
0x784ada,100%,0,8,8,0,0,0,8
0x60bbe7,100%,0,9,9,0,0,0,9
0x5b61b8,100%,0,1,1,1,0,0,0
0x7bcce0,100%,0,2,2,0,0,0,2
0x405e61,100%,0,24,24,0,0,0,24
0x7acd6a,100%,0,2,2,0,0,0,2
0xa0762e,100%,0,6,6,0,0,0,6
0x97384f,100%,0,40,40,0,0,0,40
0xa471d4,100%,0,167,167,0,0,0,167
0x4a6dda,100%,0,28,28,0,0,0,28
0x5eb2c4,100%,0,2,2,0,0,0,2
0xa07e22,100%,0,2,2,0,0,0,2
0xa07c66,100%,0,1,1,0,0,0,1
0xa07bff,100%,0,1,1,1,0,0,0
0xa07b7e,100%,0,1,1,0,0,0,1
0xa3baad,100%,0,228,228,0,0,0,228
0x54fc7c,100%,0,1,1,0,0,0,1
0xaa3065,100%,0,102,102,0,0,0,102
0x8c938c,100%,0,5,5,0,0,0,5
0x7bad32,100%,0,2,2,2,0,0,0
0xa960a2,100%,0,26,26,0,0,0,26
0x4b5fa7,100%,0,4,4,4,0,0,0
0x804f66,100%,0,2,2,0,0,0,2
0x99a8d2,100%,0,102,102,0,0,0,102
0x5f78fd,100%,0,4,4,0,0,0,4
0xa39858,100%,0,4,4,0,0,0,4
0x4c9351,100%,0,4,4,4,0,0,0
0x7d21c5,100%,0,4,4,0,0,0,4
0x5121d2,100%,0,37,37,0,0,0,37
0xa39839,100%,0,4,4,0,0,0,4
0x7c750f,100%,0,16,16,0,0,0,16
0x5d90b2,100%,0,137,137,0,0,0,137
0x94bcc4,100%,0,16,16,0,0,0,16
0x5a94c7,100%,0,5,5,0,0,0,5
0x6798ab,100%,0,6,6,0,0,0,6
0x9f40ea,100%,0,3,3,0,0,0,3
0x5fe9b4,100%,0,22,22,0,0,0,22
0xa05c24,100%,0,29,29,0,0,0,29
0xa05af7,100%,0,29,29,29,0,0,0
0x4c186a,100%,0,16,16,0,0,0,16
0x4c5373,100%,0,20,20,20,0,0,0
0x7e1cc7,100%,0,2,2,2,0,0,0
0x901c38,100%,0,1,1,0,0,0,1
0xa05940,100%,0,21,21,0,0,0,21
0x4c92eb,100%,0,16,16,0,0,0,16
0xa057d9,100%,0,1,1,0,0,0,1
0x9e3f00,100%,0,37,37,37,0,0,0
0x4bb2e6,100%,0,30,30,30,0,0,0
0xa05705,100%,0,4,4,0,0,0,4
0xa0566c,100%,0,5,5,0,0,0,5
0xa0562c,100%,0,1,1,0,0,0,1
0x677bd4,100%,0,30,30,0,0,0,30
0x5fabf0,100%,0,1,1,0,0,0,1
0x5df862,100%,0,14,14,14,0,0,0
0x94af9c,100%,0,16,16,0,0,0,16
0x7d3f20,100%,0,3,3,3,0,0,0
0xa04c78,100%,0,38,38,0,0,0,38
0xa075c8,100%,0,7,7,1,0,0,6
0x9732d3,100%,0,42,42,0,0,0,42
0x98b294,100%,0,220,220,220,0,0,0
0x67985f,100%,0,6,6,0,0,0,6
0x59f932,100%,0,2,2,2,0,0,0
0x975137,100%,0,19,19,0,0,0,19
0xa4a5a6,100%,0,8,8,8,0,0,0
0xa2f113,100%,0,2,2,2,0,0,0
0x99e76a,100%,0,13,13,13,0,0,0
0x4a25a2,100%,0,6,6,0,0,0,6
0x60b9b5,100%,0,85,85,85,0,0,0
0xa07e56,100%,0,1,1,1,0,0,0
0xaadc61,100%,0,325,325,325,0,0,0
0x9e2f24,100%,0,263,263,0,0,0,263
0x4c187a,100%,0,16,16,16,0,0,0
0xa066ec,100%,0,45,45,0,0,0,45
0x8f2423,100%,0,1,1,0,0,0,1
0x61153e,100%,0,65,65,0,0,0,65
0x4a25af,100%,0,6,6,0,0,0,6
0x8bcbe7,100%,0,26,26,0,0,0,26
0x59e8ef,100%,0,4,4,4,0,0,0
0x9ef3a6,100%,0,9,9,9,0,0,0
0x50fe90,100%,0,2,2,0,0,0,2
0x7817ed,100%,0,4,4,0,0,0,4
0x9799f7,100%,0,8,8,0,0,0,8
0xa0881b,100%,0,8,8,4,0,0,4
0x8325a5,100%,0,1,1,1,0,0,0
0xa087bc,100%,0,8,8,0,0,0,8
0x99e081,100%,0,15,15,0,0,0,15
0x837f0e,100%,0,6,6,0,0,0,6
0xa08746,100%,0,4,4,0,0,0,4
0x8a71f4,100%,0,280,280,280,0,0,0
0x5b2938,100%,0,2,2,2,0,0,0
0x9be975,100%,0,16,16,0,0,0,16
0xa0854d,100%,0,5,5,0,0,0,5
0x9bd4be,100%,0,4,4,4,0,0,0
0x8066f9,100%,0,5,5,0,0,0,5
0x7e07d1,100%,0,18,18,0,0,0,18
0xa08c6b,100%,0,4,4,0,0,0,4
0x506ae0,100%,0,2,2,2,0,0,0
0x9be8ab,100%,0,12,12,12,0,0,0
0x822739,100%,0,2,2,0,0,0,2
0x804509,100%,0,27,27,0,0,0,27
0xa9ef6f,100%,0,2,2,2,0,0,0
0x8be63a,100%,0,18,18,0,0,0,18
0x590ea4,100%,0,23,23,0,0,0,23
0x5ecdae,100%,0,8,8,0,0,0,8
0x7cf701,100%,0,14,14,0,0,0,14
0x7b0631,100%,0,3,3,0,0,0,3
0x6114c0,100%,0,1,1,1,0,0,0
0x9c4d5c,100%,0,5,5,0,0,0,5
0x9c4d49,100%,0,6,6,0,0,0,6
0x9c4d29,100%,0,6,6,0,0,0,6
0xa08f59,100%,0,6,6,6,0,0,0
0x9a10d1,100%,0,15,15,0,0,0,15
0x4a5be7,100%,0,55,55,0,0,0,55
0x9bea0d,100%,0,12,12,12,0,0,0
0x7c79e9,100%,0,24,24,0,0,0,24
0xa52fda,100%,0,192,192,0,0,0,192
0x7d1d9b,100%,0,1,1,0,0,0,1
0xa08e92,100%,0,45,45,0,0,0,45
0x815c63,100%,0,41,41,0,0,0,41
0x80c4e2,100%,0,5,5,5,0,0,0
0x49af47,100%,0,149,149,0,0,0,149
0xb0d2b3,100%,0,85,85,85,0,0,0
0x9be8e4,100%,0,12,12,0,0,0,12
0x99dfac,100%,0,15,15,15,0,0,0
0x8d279c,100%,0,3,3,0,0,0,3
0x7d29d9,100%,0,5,5,0,0,0,5
0x4be4ac,100%,0,7,7,0,0,0,7
0x9bd9fa,100%,0,12,12,12,0,0,0
0x9bdacf,100%,0,4,4,4,0,0,0
0x612845,100%,0,70,70,0,0,0,70
0xa992bb,100%,0,3,3,0,0,0,3
0x5ef8d0,100%,0,17,17,0,0,0,17
0x49c865,100%,0,1,1,1,0,0,0
0x7899f4,100%,0,6,6,6,0,0,0
0x838108,100%,0,5,5,0,0,0,5
0x7899eb,100%,0,6,6,0,0,0,6
0xa082d4,100%,0,1,1,1,0,0,0
0x9bdbc7,100%,0,4,4,0,0,0,4
0xa073cc,100%,0,4,4,2,0,0,2
0x8f2ffb,100%,0,40,40,40,0,0,0
0xa08070,100%,0,4,4,0,0,0,4
0x98b56d,100%,0,178,178,0,0,0,178
0x9bd674,100%,0,24,24,0,0,0,24
0x94d117,100%,0,47,47,0,0,0,47
0x7f37b8,100%,0,15,15,0,0,0,15
0x49a3d6,100%,0,6,6,6,0,0,0
0x80af11,100%,0,2,2,1,0,0,1
0x8338ba,100%,0,2,2,0,0,0,2
0xa07ee6,100%,0,1,1,1,0,0,0
0x7d2a12,100%,0,4,4,4,0,0,0
0xa06973,100%,0,2,2,2,0,0,0
0x98d082,100%,0,7,7,0,0,0,7
0x8a5cb0,100%,0,2,2,0,0,0,2
0xa0671a,100%,0,1,1,0,0,0,1
0xa06a78,100%,0,2,2,2,0,0,0
0x4bd1bd,100%,0,2,2,2,0,0,0
0x7c762f,100%,0,4,4,4,0,0,0
0xa06a42,100%,0,2,2,0,0,0,2
0xa06a2f,100%,0,2,2,0,0,0,2
0x7c7625,100%,0,4,4,0,0,0,4
0xa06991,100%,0,2,2,0,0,0,2
0x6498d6,100%,0,2,2,2,0,0,0
0x5f0474,100%,0,105,105,105,0,0,0
0x60baa2,100%,0,5,5,5,0,0,0
0x7c75e9,100%,0,4,4,0,0,0,4
0x59edb5,100%,0,8,8,0,0,0,8
0xa06826,100%,0,2,2,0,0,0,2
0xa067c5,100%,0,2,2,2,0,0,0
0xa07791,100%,0,2,2,0,0,0,2
0xa073d8,100%,0,2,2,0,0,0,2
0x7ac181,100%,0,6,6,6,0,0,0
0xa4b648,100%,0,6,6,0,0,0,6
0xa02e17,100%,0,107,107,0,0,0,107
0xa06ac5,100%,0,2,2,2,0,0,0
0x5f9e23,100%,0,6,6,0,0,0,6
0x9bd3a9,100%,0,12,12,0,0,0,12
0x6dce1a,100%,0,4,4,4,0,0,0
0x88a03e,100%,0,17,17,0,0,0,17
0xa99f55,100%,0,10,10,0,0,0,10
0x6757c5,100%,0,1,1,1,0,0,0
0xa5375c,100%,0,8,8,0,0,0,8
0xa15d07,100%,0,8,8,0,0,0,8
0x4a85e0,100%,0,23,23,23,0,0,0
0x99e6fc,100%,0,13,13,0,0,0,13
0x610f45,100%,0,2,2,0,0,0,2
0xa16033,100%,0,12,12,0,0,0,12
0x99cf4a,100%,0,9,9,0,0,0,9
0xa4a8cb,100%,0,2,2,2,0,0,0
0xa352db,100%,0,3,3,0,0,0,3
0xa4a876,100%,0,2,2,0,0,0,2
0x9bd32c,100%,0,63,63,0,0,0,63
0xaa7dbe,100%,0,7,7,0,0,0,7
0xa8a6aa,100%,0,83,83,83,0,0,0
0xa4a3a2,100%,0,10,10,0,0,0,10
0xa3d1ae,100%,0,8,8,0,0,0,8
0x4bd360,100%,0,1,1,1,0,0,0
0x97a46f,100%,0,18,18,0,0,0,18
0x781898,100%,0,4,4,0,0,0,4
0x495fb6,100%,0,55,55,0,0,0,55
0x9cfc6f,100%,0,8,8,0,0,0,8
0x4c00c1,100%,0,2,2,0,0,0,2
0x7d2c8f,100%,0,4,4,0,0,0,4
0x555620,100%,0,4,4,0,0,0,4
0x9785b7,100%,0,55,55,0,0,0,55
0x9bd3c5,100%,0,12,12,0,0,0,12
0x819aac,100%,0,34,34,0,0,0,34
0x983f26,100%,0,8,8,0,0,0,8
0x94f191,100%,0,1,1,0,0,0,1
0x8dc3a3,100%,0,4,4,0,0,0,4
0xa4a57d,100%,0,8,8,0,0,0,8
0x99aa46,100%,0,102,102,0,0,0,102
0x783e13,100%,0,11,11,11,0,0,0
0x4c006e,100%,0,2,2,0,0,0,2
0xa073ec,100%,0,2,2,2,0,0,0
0x4ac9f0,100%,0,2,2,2,0,0,0
0x4b9c5f,100%,0,2,2,2,0,0,0
0xa15e76,100%,0,8,8,8,0,0,0
0x7dfc60,100%,0,8,8,0,0,0,8
0xa1609c,100%,0,12,12,0,0,0,12
0x8f3197,100%,0,13,13,0,0,0,13
0x8c7117,100%,0,2,2,2,0,0,0
0xa1ac59,100%,0,5,5,0,0,0,5
0xa63ca9,100%,0,2,2,2,0,0,0
0x4c169a,100%,0,3,3,0,0,0,3
0x9d6855,100%,0,2,2,0,0,0,2
0x4c619f,100%,0,7,7,0,0,0,7
0x666ec8,100%,0,3,3,0,0,0,3
0x991913,100%,0,24,24,24,0,0,0
0x4c5284,100%,0,27,27,0,0,0,27
0xa3421d,100%,0,170,170,0,0,0,170
0xa32697,100%,0,2,2,0,0,0,2
0x5b1b17,100%,0,45,45,45,0,0,0
0xa328bb,100%,0,44,44,0,0,0,44
0xa3266c,100%,0,2,2,0,0,0,2
0x78ac0c,100%,0,4,4,0,0,0,4
0x901840,100%,0,256,256,256,0,0,0
0xa36cd6,100%,0,1,1,1,0,0,0
0x679821,100%,0,6,6,0,0,0,6
0x977209,100%,0,2,2,2,0,0,0
0x8e2089,100%,0,220,220,0,0,0,220
0x61cda2,100%,0,5,5,5,0,0,0
0x4c60ce,100%,0,16,16,16,0,0,0
0x622e7e,100%,0,5,5,5,0,0,0
0x4c6048,100%,0,16,16,16,0,0,0
0x4c83ab,100%,0,3,3,0,0,0,3
0x4bd2ef,100%,0,1,1,1,0,0,0
0xa4a35d,100%,0,18,18,0,0,0,18
0xa4a316,100%,0,18,18,0,0,0,18
0x4bd2e8,100%,0,1,1,0,0,0,1
0xa4a2ee,100%,0,18,18,0,0,0,18
0x8373f2,100%,0,1,1,1,0,0,0
0x6983a9,100%,0,13,13,0,0,0,13
0x814d21,100%,0,1,1,0,0,0,1
0x4c83b3,100%,0,3,3,0,0,0,3
0x7817c8,100%,0,63,63,0,0,0,63
0x4a7cbd,100%,0,58,58,58,0,0,0
0x495f28,100%,0,55,55,0,0,0,55
0x670826,100%,0,6,6,6,0,0,0
0x4b9cae,100%,0,10,10,0,0,0,10
0x9bd273,100%,0,67,67,0,0,0,67
0x9a6ab7,100%,0,1,1,0,0,0,1
0xa329ef,100%,0,1,1,1,0,0,0
0x9bd266,100%,0,67,67,0,0,0,67
0xa01ceb,100%,0,2,2,2,0,0,0
0x5c562a,100%,0,5,5,0,0,0,5
0x4c16c4,100%,0,3,3,3,0,0,0
0x80411e,100%,0,60,60,0,0,0,60
0x49bda4,100%,0,4,4,0,0,0,4
0xa0653f,100%,0,31,31,0,0,0,31
0x49feee,100%,0,13946,13946,0,0,0,13946
0x5d8c3f,100%,0,10,10,10,0,0,0
0x64866c,100%,0,56,56,0,0,0,56
0x8087b6,100%,0,231,231,0,0,0,231
0x901a4e,100%,0,29,29,0,0,0,29
0x4c545f,100%,0,1,1,0,0,0,1
0x9f5cf1,100%,0,7,7,0,0,0,7
0xa050ee,100%,0,1,1,0,0,0,1
0xaaaace,100%,0,1,1,0,0,0,1
0x492ca9,100%,0,2,2,0,0,0,2
0x9aa3db,100%,0,15,15,0,0,0,15
0xa0508e,100%,0,1,1,0,0,0,1
0x8f4469,100%,0,1,1,0,0,0,1
0x5fe601,100%,0,4,4,4,0,0,0
0xa060a9,100%,0,5,5,0,0,0,5
0x8a759e,100%,0,147,147,0,0,0,147
0x7d40cc,100%,0,53,53,0,0,0,53
0xa15b23,100%,0,2,2,2,0,0,0
0x8a70ae,100%,0,56,56,0,0,0,56
0xa43d65,100%,0,7,7,7,0,0,0
0x4a95a8,100%,0,10,10,0,0,0,10
0x64c06c,100%,0,127,127,0,0,0,127
0x5c7249,100%,0,28,28,0,0,0,28
0x8a77df,100%,0,521,521,0,0,0,521
0x80f35b,100%,0,4,4,4,0,0,0
0x94af8b,100%,0,16,16,0,0,0,16
0xa062b7,100%,0,2,2,0,0,0,2
0x4878e4,100%,0,2,2,0,0,0,2
0x4c6022,100%,0,16,16,0,0,0,16
0x58e5cd,100%,0,6,6,0,0,0,6
0xa05321,100%,0,4,4,0,0,0,4
0xacdcc4,100%,0,2,2,0,0,0,2
0xa052fd,100%,0,4,4,0,0,0,4
0x4c5fd4,100%,0,16,16,0,0,0,16
0x66f575,100%,0,206,206,0,0,0,206
0x9848e5,100%,0,4,4,0,0,0,4
0x9bde2b,100%,0,2,2,0,0,0,2
0xa0559e,100%,0,29,29,21,0,0,8
0x8fce93,100%,0,44,44,44,0,0,0
0xa041c8,100%,0,1,1,1,0,0,0
0x48da19,100%,0,46,46,0,0,0,46
0x64cd08,100%,0,25,25,25,0,0,0
0xace098,100%,0,2,2,0,0,0,2
0x7b838d,100%,0,2,2,2,0,0,0
0xa05292,100%,0,29,29,0,0,0,29
0xa48cb3,100%,0,167,167,0,0,0,167
0xa04bea,100%,0,38,38,0,0,0,38
0x8e9ee2,100%,0,2804,2804,0,0,0,2804
0x9bd446,100%,0,12,12,12,0,0,0
0x959138,100%,0,2,2,0,0,0,2
0x4c03f5,100%,0,86,86,0,0,0,86
0x48790d,100%,0,2,2,0,0,0,2
0xa35b46,100%,0,32,32,32,0,0,0
0x4c642d,100%,0,2,2,0,0,0,2
0x4a6474,100%,0,3,3,1,0,0,2
0x4051ac,100%,0,7152,7152,0,0,0,7152
0x495f24,100%,0,55,55,0,0,0,55
0xa47ac2,100%,0,19,19,0,0,0,19
0x4a62ea,100%,0,8,8,0,0,0,8
0x4c7527,100%,0,2,2,0,0,0,2
0x97768f,100%,0,1654,1654,0,0,0,1654
0x9bd3cd,100%,0,12,12,0,0,0,12
0x822338,100%,0,39,39,39,0,0,0
0x65bd44,100%,0,177,177,0,0,0,177
0x8dc385,100%,0,4,4,0,0,0,4
0x4bbad3,100%,0,1,1,1,0,0,0
0x8e9334,100%,0,3,3,0,0,0,3
0x40af58,100%,0,2,2,2,0,0,0
0x4a5c4a,100%,0,6,6,0,0,0,6
0x4bd207,100%,0,2,2,0,0,0,2
0x492d52,100%,0,72,72,0,0,0,72
0x63ef93,100%,0,2,2,2,0,0,0
0x8ec992,100%,0,4,4,0,0,0,4
0x4c6639,100%,0,2,2,0,0,0,2
0x5daa42,100%,0,4,4,4,0,0,0
0x4ac631,100%,0,15,15,0,0,0,15
0x4bd231,100%,0,2,2,0,0,0,2
0xa6b9bc,100%,0,4,4,4,0,0,0
0x8c8b9b,100%,0,80,80,0,0,0,80
0x65bae0,100%,0,1776,1776,1776,0,0,0
0x9bd5ac,100%,0,12,12,0,0,0,12
0xa33879,100%,0,116,116,116,0,0,0
0xa2f209,100%,0,1,1,0,0,0,1
0x7c7188,100%,0,44,44,0,0,0,44
0x9bd483,100%,0,12,12,12,0,0,0
0x7c680a,100%,0,2,2,0,0,0,2
0x50e501,100%,0,6,6,6,0,0,0
0xa3bb27,100%,0,18,18,0,0,0,18
0x64af0c,100%,0,64,64,0,0,0,64
0x4c7627,100%,0,4,4,0,0,0,4
0x9a3ab3,100%,0,2,2,0,0,0,2
0x977708,100%,0,882,882,0,0,0,882
0xab1e56,100%,0,4,4,4,0,0,0
0x8ed32d,100%,0,9,9,9,0,0,0
0xa1d737,100%,0,2,2,0,0,0,2
0xa7240d,100%,0,4,4,0,0,0,4
0xa72371,100%,0,4,4,0,0,0,4
0xa72364,100%,0,4,4,0,0,0,4
0x7f12f8,100%,0,7,7,0,0,0,7
0x4a6222,100%,0,3,3,0,0,0,3
0xa7233d,100%,0,4,4,0,0,0,4
0x77d85c,100%,0,6,6,0,0,0,6
0x97bb55,100%,0,114,114,0,0,0,114
0x8f5ad1,100%,0,9,9,0,0,0,9
0xa72427,100%,0,4,4,4,0,0,0
0x5b2889,100%,0,2,2,0,0,0,2
0x547377,100%,0,61,61,0,0,0,61
0x544d66,100%,0,100,100,0,0,0,100
0x95ad2a,100%,0,4,4,0,0,0,4
0x78918e,100%,0,10,10,0,0,0,10
0x95acda,100%,0,4,4,0,0,0,4
0x8e3df8,100%,0,4,4,0,0,0,4
0x5b163c,100%,0,10,10,0,0,0,10
0x5c7f90,100%,0,80,80,0,0,0,80
0xa53a57,100%,0,2,2,0,0,0,2
0x4b51a5,100%,0,1,1,0,0,0,1
0xb30533,100%,0,5,5,0,0,0,5
0x7bccbf,100%,0,2,2,0,0,0,2
0xb22fdd,100%,0,154,154,0,0,0,154
0x8fc4c8,100%,0,1,1,0,0,0,1
0x9f3e18,100%,0,640,640,640,0,0,0
0xa69ebc,100%,0,4,4,4,0,0,0
0x9730ea,100%,0,25,25,0,0,0,25
0xaa86d1,100%,0,19,19,19,0,0,0
0x6472c8,100%,0,20,20,0,0,0,20
0xa6b468,100%,0,4,4,0,0,0,4
0xa05aba,100%,0,29,29,29,0,0,0
0x6f1721,100%,0,12,12,0,0,0,12
0x9bcaf2,100%,0,2,2,2,0,0,0
0x495b8d,100%,0,19,19,0,0,0,19
0xaa4a4f,100%,0,3,3,0,0,0,3
0x4a9bbd,100%,0,2,2,0,0,0,2
0x8fcf55,100%,0,230,230,0,0,0,230
0x8f4d46,100%,0,6,6,6,0,0,0
0xa6b2de,100%,0,4,4,0,0,0,4
0xa6b2a4,100%,0,4,4,0,0,0,4
0xa8a89b,100%,0,4,4,0,0,0,4
0xa6cb45,100%,0,4,4,0,0,0,4
0xa01abf,100%,0,2,2,2,0,0,0
0x977a84,100%,0,316,316,0,0,0,316
0x95ab88,100%,0,4,4,4,0,0,0
0x821009,100%,0,32,32,0,0,0,32
0x4b9424,100%,0,2,2,2,0,0,0
0x63aae6,100%,0,821,821,821,0,0,0
0xa4ff97,100%,0,76,76,0,0,0,76
0x95b12b,100%,0,4,4,4,0,0,0
0x98cae5,100%,0,226,226,0,0,0,226
0x95a790,100%,0,4,4,0,0,0,4
0x95a77c,100%,0,4,4,0,0,0,4
0x95a76a,100%,0,4,4,4,0,0,0
0x95a6cf,100%,0,4,4,0,0,0,4
0x95abee,100%,0,4,4,4,0,0,0
0x5addb0,100%,0,27,27,27,0,0,0
0xa4fd05,100%,0,4,4,4,0,0,0
0x64751d,100%,0,21,21,0,0,0,21
0x6474ed,100%,0,21,21,21,0,0,0
0x618adc,100%,0,70,70,70,0,0,0
0x5f2f48,100%,0,1,1,1,0,0,0
0x95a40d,100%,0,4,4,4,0,0,0
0xaab643,100%,0,748,748,0,0,0,748
0xa29819,100%,0,4,4,4,0,0,0
0x78ac2a,100%,0,4,4,4,0,0,0
0xa69ef4,100%,0,4,4,4,0,0,0
0x65a1f7,100%,0,254,254,0,0,0,254
0x9f47cd,100%,0,8,8,0,0,0,8
0x5c78a5,100%,0,80,80,80,0,0,0
0x95a9c9,100%,0,4,4,0,0,0,4
0xaae695,100%,0,47,47,0,0,0,47
0xa26061,100%,0,482,482,482,0,0,0
0x95a93b,100%,0,4,4,0,0,0,4
0x667546,100%,0,2,2,0,0,0,2
0x5c82dc,100%,0,80,80,0,0,0,80
0x54687c,100%,0,2,2,0,0,0,2
0x5d130d,100%,0,4,4,4,0,0,0
0x5465ee,100%,0,4,4,0,0,0,4
0x53dc8d,100%,0,10,10,10,0,0,0
0x9f556f,100%,0,80,80,80,0,0,0
0x7ac0af,100%,0,6,6,6,0,0,0
0x817e09,100%,0,12,12,0,0,0,12
0x405bc5,100%,0,32,32,0,0,0,32
0x9a1ede,100%,0,203,203,0,0,0,203
0x81484c,100%,0,2,2,0,0,0,2
0x9f4fe2,100%,0,169,169,169,0,0,0
0x661afc,100%,0,2,2,0,0,0,2
0x9eee22,100%,0,26,26,26,0,0,0
0x9f6691,100%,0,153,153,0,0,0,153
0x918b86,100%,0,200,200,200,0,0,0
0x4c3997,100%,0,13,13,13,0,0,0
0xa65536,100%,0,4,4,0,0,0,4
0x8f20c2,100%,0,17,17,17,0,0,0
0x9f5c9f,100%,0,28,28,0,0,0,28
0x9f448f,100%,0,22,22,0,0,0,22
0x97748b,100%,0,6,6,6,0,0,0
0x5dadff,100%,0,4,4,0,0,0,4
0xa08e82,100%,0,45,45,0,0,0,45
0x9f3db3,100%,0,17,17,0,0,0,17
0xaabdfb,100%,0,11,11,0,0,0,11
0x67300b,100%,0,19,19,19,0,0,0
0x9bda75,100%,0,4,4,4,0,0,0
0x7d37b8,100%,0,40,40,0,0,0,40
0x8f5794,100%,0,191,191,0,0,0,191
0x9c539c,100%,0,8,8,0,0,0,8
0x8e0e9b,100%,0,321,321,0,0,0,321
0x8bc091,100%,0,2,2,0,0,0,2
0x9f6895,100%,0,293,293,0,0,0,293
0x4419cb,100%,0,11,11,0,0,0,11
0x4b9e74,100%,0,213,213,0,0,0,213
0x9d124a,100%,0,120,120,0,0,0,120
0x59c9ab,100%,0,11,11,11,0,0,0
0xa95a42,100%,0,4,4,0,0,0,4
0x9f4df4,100%,0,9,9,0,0,0,9
0x8fdd09,100%,0,48,48,0,0,0,48
0x4b3848,100%,0,20,20,20,0,0,0
0x5f398d,100%,0,7,7,0,0,0,7
0x9f491a,100%,0,4,4,0,0,0,4
0x9f4875,100%,0,4,4,4,0,0,0
0x818a8f,100%,0,295,295,295,0,0,0
0x9f4848,100%,0,8,8,0,0,0,8
0x556cdf,100%,0,247,247,247,0,0,0
0x9f527d,100%,0,11,11,11,0,0,0
0x7d3ed5,100%,0,3,3,3,0,0,0
0x8d9bf5,100%,0,370,370,0,0,0,370
0xaadd96,100%,0,2,2,2,0,0,0
0xaa7f88,100%,0,3,3,0,0,0,3
0x49c7ee,100%,0,56,56,0,0,0,56
0x9ecb87,100%,0,4,4,0,0,0,4
0x5b5d32,100%,0,20,20,0,0,0,20
0x9f4d37,100%,0,9,9,9,0,0,0
0xa35cb9,100%,0,836,836,0,0,0,836
0x495277,100%,0,1,1,1,0,0,0
0x597efe,100%,0,15,15,15,0,0,0
0x441937,100%,0,11,11,0,0,0,11
0x9f5ba3,100%,0,8,8,0,0,0,8
0x5fa018,100%,0,6,6,0,0,0,6
0x51b2f2,100%,0,6,6,6,0,0,0
0xa9c981,100%,0,36,36,0,0,0,36
0x90a6a7,100%,0,7,7,7,0,0,0
0x9e15e6,100%,0,27,27,0,0,0,27
0xa2720f,100%,0,9,9,0,0,0,9
0xa6bdd9,100%,0,4,4,0,0,0,4
0x4b9476,100%,0,2,2,0,0,0,2
0xa6b93c,100%,0,4,4,4,0,0,0
0xa6b8ea,100%,0,4,4,4,0,0,0
0xaaaed0,100%,0,4,4,4,0,0,0
0xa04174,100%,0,1,1,0,0,0,1
0x4bcdc2,100%,0,10,10,10,0,0,0
0x94cf9d,100%,0,47,47,0,0,0,47
0x8f54c0,100%,0,12,12,12,0,0,0
0x81b040,100%,0,2,2,0,0,0,2
0xa54124,100%,0,13,13,13,0,0,0
0x8c8337,100%,0,19,19,0,0,0,19
0xa6a31b,100%,0,4,4,0,0,0,4
0xa69f6b,100%,0,4,4,0,0,0,4
0xa69f1e,100%,0,4,4,4,0,0,0
0x81caa2,100%,0,172,172,0,0,0,172
0xa067b1,100%,0,2,2,0,0,0,2
0x7d4435,100%,0,2,2,0,0,0,2
0xa0676f,100%,0,2,2,2,0,0,0
0x8da82a,100%,0,6,6,6,0,0,0
0x980887,100%,0,3,3,0,0,0,3
0x9a5de7,100%,0,10,10,10,0,0,0
0xaaddd3,100%,0,2,2,0,0,0,2
0xaaddd8,100%,0,2,2,0,0,0,2
0x42acce,100%,0,2,2,0,0,0,2
0x9f46fb,100%,0,349,349,0,0,0,349
0x812728,100%,0,52,52,0,0,0,52
0x815247,100%,0,1,1,1,0,0,0
0x5c4c03,100%,0,1829,1829,1829,0,0,0
0xa57306,100%,0,41,41,0,0,0,41
0xa853f4,100%,0,5,5,0,0,0,5
0x8ea0a1,100%,0,3,3,0,0,0,3
0x51061e,100%,0,1,1,0,0,0,1
0x980848,100%,0,3,3,3,0,0,0
0x8dce87,100%,0,175,175,0,0,0,175
0x81afa9,100%,0,2,2,0,0,0,2
0x4c2738,100%,0,49,49,49,0,0,0
0x98066b,100%,0,3,3,3,0,0,0
0xa7befc,100%,0,5,5,5,0,0,0
0x9f6ae8,100%,0,36,36,0,0,0,36
0x94b568,100%,0,79,79,79,0,0,0
0x4c8044,100%,0,69,69,69,0,0,0
0x9a24b2,100%,0,4,4,4,0,0,0
0x48f5f1,100%,0,3,3,0,0,0,3
0xa586bd,100%,0,8,8,0,0,0,8
0x490059,100%,0,10,10,0,0,0,10
0xa95fb4,100%,0,8,8,0,0,0,8
0x4879ce,100%,0,4,4,4,0,0,0
0x4879c7,100%,0,4,4,0,0,0,4
0x48f5d0,100%,0,3,3,3,0,0,0
0x8fd240,100%,0,2,2,2,0,0,0
0x9ff766,100%,0,2,2,0,0,0,2
0x67e4d3,100%,0,22,22,0,0,0,22
0x491beb,100%,0,1,1,0,0,0,1
0x49d224,100%,0,1,1,1,0,0,0
0x54160e,100%,0,15,15,10,0,0,5
0x49d204,100%,0,1,1,0,0,0,1
0x480967,100%,0,19,19,0,0,0,19
0x9f2aa2,100%,0,5,5,0,0,0,5
0x8e9a0e,100%,0,2,2,0,0,0,2
0x49d06f,100%,0,3,3,0,0,0,3
0xa22e73,100%,0,8,8,0,0,0,8
0x4809a6,100%,0,19,19,19,0,0,0
0x63f307,100%,0,200,200,200,0,0,0
0x49cfeb,100%,0,1,1,0,0,0,1
0x96e38b,100%,0,2,2,0,0,0,2
0xab1bde,100%,0,4,4,4,0,0,0
0x96e4fe,100%,0,2,2,2,0,0,0
0x96e49f,100%,0,1,1,0,0,0,1
0x96e3a2,100%,0,1,1,0,0,0,1
0xab1bd9,100%,0,4,4,0,0,0,4
0x4c64bd,100%,0,28,28,0,0,0,28
0x95c500,100%,0,12,12,0,0,0,12
0xa41094,100%,0,43,43,0,0,0,43
0xab1bd4,100%,0,4,4,0,0,0,4
0x680584,100%,0,19,19,0,0,0,19
0x9e5cac,100%,0,35,35,35,0,0,0
0xb499ab,100%,0,11,11,0,0,0,11
0x80d992,100%,0,106,106,0,0,0,106
0x7807c0,100%,0,8,8,0,0,0,8
0xb6a105,100%,0,5,5,0,0,0,5
0x5f922d,100%,0,7,7,0,0,0,7
0x7d4149,100%,0,12,12,0,0,0,12
0x4807a7,100%,0,19,19,0,0,0,19
0xa9c61b,100%,0,46,46,0,0,0,46
0x7d2b28,100%,0,13,13,0,0,0,13
0x96ea84,100%,0,1,1,1,0,0,0
0x67ac2b,100%,0,6,6,0,0,0,6
0x99dac7,100%,0,21,21,0,0,0,21
0xa9989c,100%,0,5,5,5,0,0,0
0x65ad6f,100%,0,1,1,0,0,0,1
0x9a254c,100%,0,40,40,40,0,0,0
0x49cdb5,100%,0,5,5,0,0,0,5
0x5fb4a3,100%,0,2,2,0,0,0,2
0xa63c5a,100%,0,1,1,0,0,0,1
0x4bc9b2,100%,0,12,12,0,0,0,12
0xaa9f67,100%,0,27,27,27,0,0,0
0xa0436c,100%,0,1,1,0,0,0,1
0xa900c8,100%,0,410,410,0,0,0,410
0x946178,100%,0,19,19,0,0,0,19
0x9e153b,100%,0,2,2,0,0,0,2
0x99d3a3,100%,0,9,9,9,0,0,0
0xa05dd7,100%,0,1,1,0,0,0,1
0x5e7790,100%,0,4,4,0,0,0,4
0x9e111c,100%,0,2,2,2,0,0,0
0x8a619e,100%,0,154,154,0,0,0,154
0x490246,100%,0,6,6,0,0,0,6
0x9e1115,100%,0,2,2,0,0,0,2
0x99e69b,100%,0,13,13,0,0,0,13
0xa2775c,100%,0,4,4,0,0,0,4
0x99cf0b,100%,0,9,9,0,0,0,9
0x5b8e47,100%,0,4,4,0,0,0,4
0x96e7b5,100%,0,1,1,0,0,0,1
0x5dd9d4,100%,0,1,1,0,0,0,1
0x480f1d,100%,0,19,19,0,0,0,19
0x96e8c8,100%,0,1,1,1,0,0,0
0x80b385,100%,0,1,1,0,0,0,1
0x54fe41,100%,0,1,1,0,0,0,1
0x82238c,100%,0,273,273,0,0,0,273
0x48deee,100%,0,41,41,0,0,0,41
0x54fdc3,100%,0,1,1,0,0,0,1
0x8ec82d,100%,0,2,2,2,0,0,0
0x670a19,100%,0,19,19,0,0,0,19
0x66731e,100%,0,31,31,0,0,0,31
0x96ebc6,100%,0,1,1,0,0,0,1
0x96e85c,100%,0,1,1,0,0,0,1
0x66f3c3,100%,0,2,2,0,0,0,2
0x5b8d3e,100%,0,4,4,4,0,0,0
0x48bf77,100%,0,10,10,10,0,0,0
0xaa9fec,100%,0,27,27,27,0,0,0
0xa723e6,100%,0,4,4,0,0,0,4
0x96e779,100%,0,1,1,0,0,0,1
0x8a6688,100%,0,152,152,0,0,0,152
0x8115fe,100%,0,2,2,0,0,0,2
0xa99c7e,100%,0,4,4,0,0,0,4
0x5b2816,100%,0,2,2,0,0,0,2
0x679804,100%,0,6,6,6,0,0,0
0x959efd,100%,0,4,4,4,0,0,0
0x81b79d,100%,0,19,19,0,0,0,19
0xa72271,100%,0,4,4,0,0,0,4
0x9d9255,100%,0,2,2,2,0,0,0
0xaac3f8,100%,0,4,4,4,0,0,0
0xaac3f3,100%,0,4,4,0,0,0,4
0x9d6845,100%,0,2,2,2,0,0,0
0xa95d94,100%,0,16,16,0,0,0,16
0x47ff7c,100%,0,19,19,0,0,0,19
0x8dfa57,100%,0,7,7,7,0,0,0
0x555db3,100%,0,105,105,0,0,0,105
0x4c81bd,100%,0,22,22,0,0,0,22
0xaac3e4,100%,0,4,4,0,0,0,4
0x81b508,100%,0,6,6,0,0,0,6
0xaa3ae5,100%,0,19,19,0,0,0,19
0x97bb33,100%,0,34,34,0,0,0,34
0xaac399,100%,0,4,4,0,0,0,4
0x95b827,100%,0,12,12,0,0,0,12
0x95b814,100%,0,4,4,0,0,0,4
0x81cfde,100%,0,182,182,0,0,0,182
0x95b7f2,100%,0,4,4,0,0,0,4
0x812118,100%,0,2,2,2,0,0,0
0x65c6b3,100%,0,4,4,0,0,0,4
0x95a25c,100%,0,4,4,0,0,0,4
0x9f64ef,100%,0,118,118,118,0,0,0
0x95a12d,100%,0,4,4,4,0,0,0
0x5b3565,100%,0,6,6,0,0,0,6
0x4a7d38,100%,0,1,1,1,0,0,0
0x47fa1f,100%,0,19,19,19,0,0,0
0x88dfe5,100%,0,6,6,0,0,0,6
0x959cc8,100%,0,4,4,4,0,0,0
0x959cc1,100%,0,4,4,0,0,0,4
0x64b46f,100%,0,303,303,0,0,0,303
0xa961ff,100%,0,24,24,0,0,0,24
0x4800c5,100%,0,19,19,0,0,0,19
0x65c6ae,100%,0,4,4,0,0,0,4
0x49b01b,100%,0,2,2,0,0,0,2
0xb304e2,100%,0,5,5,5,0,0,0
0x47fc95,100%,0,18,18,0,0,0,18
0x5f8742,100%,0,88,88,0,0,0,88
0x9f830e,100%,0,11,11,0,0,0,11
0x5f5a2e,100%,0,2,2,2,0,0,0
0x965f37,100%,0,2,2,0,0,0,2
0x959377,100%,0,4,4,0,0,0,4
0x40ac3f,100%,0,25,25,0,0,0,25
0x97506a,100%,0,5,5,5,0,0,0
0x9736e3,100%,0,4,4,4,0,0,0
0x95b613,100%,0,4,4,4,0,0,0
0x4bf0db,100%,0,188,188,0,0,0,188
0x48fb0f,100%,0,3,3,0,0,0,3
0x9735bc,100%,0,5,5,0,0,0,5
0x90f892,100%,0,2,2,0,0,0,2
0x8e72e8,100%,0,331,331,0,0,0,331
0x95b50a,100%,0,4,4,0,0,0,4
0xa92ed8,100%,0,88,88,88,0,0,0
0x90d45a,100%,0,302,302,0,0,0,302
0x812033,100%,0,4,4,0,0,0,4
0x9751b8,100%,0,5,5,5,0,0,0
0x81c510,100%,0,22,22,22,0,0,0
0x7d2fd9,100%,0,65,65,0,0,0,65
0x9c3e45,100%,0,86,86,0,0,0,86
0x9e10cb,100%,0,29,29,29,0,0,0
0xaa5be2,100%,0,20,20,0,0,0,20
0x8a9eca,100%,0,181,181,0,0,0,181
0xa25ee9,100%,0,188,188,0,0,0,188
0x5467a0,100%,0,2,2,0,0,0,2
0x6410ff,100%,0,2,2,0,0,0,2
0x96ec41,100%,0,1,1,0,0,0,1
0x48fa9e,100%,0,3,3,3,0,0,0
0x48fb23,100%,0,3,3,3,0,0,0
0x51b1e9,100%,0,2,2,0,0,0,2
0x95b7aa,100%,0,4,4,4,0,0,0
0x8d3bd9,100%,0,2,2,0,0,0,2
0x5f2e20,100%,0,2,2,2,0,0,0
0x98d037,100%,0,12,12,0,0,0,12
0x97b9df,100%,0,114,114,0,0,0,114
0x5b04d1,100%,0,63,63,63,0,0,0
0x97b9cd,100%,0,114,114,0,0,0,114
0x64377b,100%,0,39,39,0,0,0,39
0x95b72c,100%,0,4,4,0,0,0,4
0x4801aa,100%,0,19,19,0,0,0,19
0x9f4a0c,100%,0,1,1,0,0,0,1
0xa96ac6,100%,0,9,9,1,0,0,8
0x96e7d9,100%,0,1,1,0,0,0,1
0x441a93,100%,0,11,11,11,0,0,0
0x6661fe,100%,0,48,48,48,0,0,0
0x5fb43d,100%,0,2,2,0,0,0,2
0xa2f03c,100%,0,84,84,0,0,0,84
0xa972d3,100%,0,3,3,0,0,0,3
0x9752ca,100%,0,3,3,3,0,0,0
0x4825ed,100%,0,19,19,0,0,0,19
0x4802e6,100%,0,38,38,38,0,0,0
0xa35de9,100%,0,14,14,0,0,0,14
0x64f2bd,100%,0,2,2,0,0,0,2
0xa238ec,100%,0,110,110,0,0,0,110
0x5b0605,100%,0,2,2,2,0,0,0
0x47f95a,100%,0,1,1,1,0,0,0
0x944ff4,100%,0,347,347,0,0,0,347
0xa0788b,100%,0,6,6,0,0,0,6
0x673a60,100%,0,2,2,0,0,0,2
0x8bc813,100%,0,34,34,0,0,0,34
0xa50741,100%,0,4,4,4,0,0,0
0x49a280,100%,0,116,116,116,0,0,0
0x9a67e4,100%,0,2,2,0,0,0,2
0x8fd6d5,100%,0,10,10,0,0,0,10
0x4c9e7b,100%,0,4,4,0,0,0,4
0x74b96e,100%,0,1,1,1,0,0,0
0x8f1d81,100%,0,48,48,0,0,0,48
0xa9c75b,100%,0,142,142,142,0,0,0
0x59fb84,100%,0,1,1,0,0,0,1
0x99b0ad,100%,0,40,40,0,0,0,40
0x59fa5e,100%,0,1,1,0,0,0,1
0x4b83ea,100%,0,16,16,16,0,0,0
0x88e118,100%,0,2,2,0,0,0,2
0x4ba60f,100%,0,2,2,2,0,0,0
0x60c631,100%,0,4,4,4,0,0,0
0x815b0f,100%,0,41,41,0,0,0,41
0x493708,100%,0,91,91,0,0,0,91
0x502dda,100%,0,19,19,0,0,0,19
0x95a7d1,100%,0,4,4,4,0,0,0
0x9bd168,100%,0,55,55,0,0,0,55
0x5ff28f,100%,0,117,117,117,0,0,0
0x48d93c,100%,0,2,2,2,0,0,0
0x974662,100%,0,2,2,0,0,0,2
0xa4730e,100%,0,42,42,0,0,0,42
0x977005,100%,0,2,2,0,0,0,2
0x8fcf67,100%,0,230,230,230,0,0,0
0xa85427,100%,0,5,5,0,0,0,5
0x48a24d,100%,0,6099,6099,0,0,0,6099
0x90e960,100%,0,961,961,961,0,0,0
0x4c9f65,100%,0,184,184,0,0,0,184
0x5b69e1,100%,0,4,4,4,0,0,0
0xaa25b4,100%,0,22,22,0,0,0,22
0x4a9b2a,100%,0,2,2,0,0,0,2
0x80f227,100%,0,4,4,4,0,0,0
0x7808e8,100%,0,2,2,2,0,0,0
0x7808d0,100%,0,2,2,0,0,0,2
0x5f89b3,100%,0,8,8,5,0,0,3
0xa6b2ae,100%,0,4,4,0,0,0,4
0x5f7595,100%,0,129,129,0,0,0,129
0x5dda63,100%,0,1,1,1,0,0,0
0xa06958,100%,0,2,2,0,0,0,2
0xa3e393,100%,0,8,8,8,0,0,0
0x5f4e40,100%,0,2,2,1,0,0,1
0xa3e306,100%,0,8,8,0,0,0,8
0xa3e2f1,100%,0,8,8,0,0,0,8
0x5908dd,100%,0,22,22,0,0,0,22
0x99c858,100%,0,98,98,0,0,0,98
0x8f4646,100%,0,12,12,12,0,0,0
0x88e9b6,100%,0,39,39,39,0,0,0
0x9c5068,100%,0,4,4,0,0,0,4
0x7d2ca8,100%,0,4,4,4,0,0,0
0xa3d9f0,100%,0,8,8,0,0,0,8
0xa25be6,100%,0,1013,1013,0,0,0,1013
0x7d2098,100%,0,7,7,7,0,0,0
0xa956bd,100%,0,4,4,0,0,0,4
0x8d3e44,100%,0,15,15,0,0,0,15
0xa29d47,100%,0,16,16,0,0,0,16
0x4acb15,100%,0,15,15,15,0,0,0
0x50338f,100%,0,37,37,0,0,0,37
0x5f2007,100%,0,33,33,0,0,0,33
0xa993cd,100%,0,3,3,0,0,0,3
0x60bdb6,100%,0,21,21,0,0,0,21
0x5cfd0e,100%,0,24,24,24,0,0,0
0x88dee9,100%,0,2,2,2,0,0,0
0x5b1772,100%,0,10,10,0,0,0,10
0x5d7f4f,100%,0,4,4,0,0,0,4
0x40395c,100%,0,37,37,0,0,0,37
0x88deb9,100%,0,2,2,2,0,0,0
0xaadbf2,100%,0,325,325,0,0,0,325
0xa5bdea,100%,0,32,32,0,0,0,32
0x99af7c,100%,0,7,7,0,0,0,7
0x48398e,100%,0,29,29,0,0,0,29
0x5a89a9,100%,0,2,2,0,0,0,2
0x88e666,100%,0,39,39,39,0,0,0
0x67382f,100%,0,2,2,2,0,0,0
0xa3f072,100%,0,8,8,0,0,0,8
0x6198a4,100%,0,75,75,75,0,0,0
0x5542c3,100%,0,2,2,0,0,0,2
0x5f07fc,100%,0,2,2,0,0,0,2
0xa25bea,100%,0,1013,1013,1013,0,0,0
0x9bd0e1,100%,0,2,2,0,0,0,2
0x681e6d,100%,0,6,6,6,0,0,0
0x5d90c8,100%,0,147,147,0,0,0,147
0x8a6988,100%,0,1,1,0,0,0,1
0xa3bdf6,100%,0,8,8,8,0,0,0
0x5ae676,100%,0,2,2,0,0,0,2
0x4940c0,100%,0,15,15,15,0,0,0
0x8c8ea3,100%,0,6,6,6,0,0,0
0x94db22,100%,0,587,587,0,0,0,587
0x8a5202,100%,0,217,217,0,0,0,217
0x6476a4,100%,0,45,45,45,0,0,0
0x620fa7,100%,0,5,5,5,0,0,0
0xa3f079,100%,0,8,8,0,0,0,8
0x492e2a,100%,0,1,1,0,0,0,1
0x4ca6ec,100%,0,2,2,0,0,0,2
0x441b14,100%,0,11,11,11,0,0,0
0x5bc3ab,100%,0,23,23,0,0,0,23
0xa51021,100%,0,506,506,0,0,0,506
0x59e62e,100%,0,4,4,0,0,0,4
0x5a61a7,100%,0,4,4,0,0,0,4
0x8f34e8,100%,0,12,12,0,0,0,12
0x5a608a,100%,0,4,4,0,0,0,4
0x5a5eb0,100%,0,4,4,0,0,0,4
0xa32da1,100%,0,246,246,246,0,0,0
0x58cbc7,100%,0,7,7,0,0,0,7
0xa2ed75,100%,0,29,29,0,0,0,29
0x5415c6,100%,0,8,8,0,0,0,8
0x5a5e24,100%,0,4,4,0,0,0,4
0x951d71,100%,0,637,637,637,0,0,0
0x4bcad2,100%,0,10,10,0,0,0,10
0x4ca0c7,100%,0,2,2,0,0,0,2
0x99cdc9,100%,0,9,9,0,0,0,9
0x7ad549,100%,0,26,26,0,0,0,26
0x5f39b7,100%,0,7,7,7,0,0,0
0x608571,100%,0,10,10,0,0,0,10
0xa961ea,100%,0,2,2,0,0,0,2
0x8fd297,100%,0,2,2,2,0,0,0
0xa1aaf0,100%,0,5,5,0,0,0,5
0x94a9a8,100%,0,80,80,80,0,0,0
0xa2fe26,100%,0,117,117,117,0,0,0
0x7f0ad1,100%,0,1,1,1,0,0,0
0x9e15f9,100%,0,27,27,0,0,0,27
0x809ee3,100%,0,2,2,0,0,0,2
0xb467ba,100%,0,1,1,1,0,0,0
0xa07660,100%,0,5,5,5,0,0,0
0xaa4871,100%,0,149,149,149,0,0,0
0x7e1c99,100%,0,2,2,0,0,0,2
0x675130,100%,0,1,1,0,0,0,1
0x5f408f,100%,0,4,4,0,0,0,4
0x9be3f0,100%,0,2,2,0,0,0,2
0x7aedb3,100%,0,11,11,0,0,0,11
0x7aed97,100%,0,11,11,0,0,0,11
0xa96d88,100%,0,21,21,0,0,0,21
0x5a89d0,100%,0,2,2,2,0,0,0
0xa2ef4a,100%,0,84,84,0,0,0,84
0x9f4859,100%,0,4,4,0,0,0,4
0x64abb4,100%,0,8,8,8,0,0,0
0xaa6432,100%,0,90,90,0,0,0,90
0x6070a6,100%,0,95,95,0,0,0,95
0x8e739a,100%,0,323,323,0,0,0,323
0x9027de,100%,0,12,12,0,0,0,12
0x6f0a1e,100%,0,16,16,16,0,0,0
0xa276b9,100%,0,760,760,0,0,0,760
0x5def70,100%,0,1,1,1,0,0,0
0x59f015,100%,0,2,2,0,0,0,2
0x53dc6b,100%,0,10,10,0,0,0,10
0x4926d0,100%,0,1,1,1,0,0,0
0xa2da62,100%,0,14,14,0,0,0,14
0xa95ab9,100%,0,2,2,0,0,0,2
0x58d9c3,100%,0,64,64,0,0,0,64
0x5f31b6,100%,0,7,7,0,0,0,7
0x81857a,100%,0,34,34,34,0,0,0
0x9ef4d4,100%,0,9,9,9,0,0,0
0xa95e80,100%,0,12,12,0,0,0,12
0xa2de08,100%,0,17,17,0,0,0,17
0xaae24a,100%,0,3688,3688,0,0,0,3688
0x811b17,100%,0,2,2,2,0,0,0
0xa4288f,100%,0,175,175,0,0,0,175
0x5a5e0f,100%,0,2,2,0,0,0,2
0x5fa7c4,100%,0,69,69,0,0,0,69
0x5b2efa,100%,0,199,199,0,0,0,199
0x5eb9be,100%,0,2,2,2,0,0,0
0xa2f19f,100%,0,1,1,0,0,0,1
0xa4fe05,100%,0,4,4,0,0,0,4
0x5bdaca,100%,0,3,3,3,0,0,0
0x59ec70,100%,0,4,4,0,0,0,4
0xa50b8b,100%,0,16,16,0,0,0,16
0xa46b00,100%,0,18,18,0,0,0,18
0xa3fe84,100%,0,18,18,0,0,0,18
0x59e736,100%,0,4,4,4,0,0,0
0x58dc6e,100%,0,6,6,0,0,0,6
0x978139,100%,0,133,133,0,0,0,133
0x58dc46,100%,0,6,6,0,0,0,6
0xa2de18,100%,0,39,39,39,0,0,0
0x490493,100%,0,3,3,3,0,0,0
0x59e702,100%,0,4,4,4,0,0,0
0x48d813,100%,0,6,6,6,0,0,0
0x5f89a5,100%,0,8,8,0,0,0,8
0x59f023,100%,0,4,4,0,0,0,4
0x5ae451,100%,0,9,9,0,0,0,9
0x4828c4,100%,0,9,9,9,0,0,0
0x9f634f,100%,0,3,3,0,0,0,3
0x598f0c,100%,0,1,1,1,0,0,0
0x48279b,100%,0,7,7,0,0,0,7
0x7d4110,100%,0,16,16,0,0,0,16
0x8ecc67,100%,0,13,13,0,0,0,13
0xb347a6,100%,0,4,4,4,0,0,0
0x5fa878,100%,0,69,69,69,0,0,0
0x47f282,100%,0,773,773,0,0,0,773
0x5ae49f,100%,0,9,9,0,0,0,9
0x943e72,100%,0,2,2,2,0,0,0
0x65be8b,100%,0,12,12,12,0,0,0
0x5f138c,100%,0,16,16,0,0,0,16
0x5f12f8,100%,0,9,9,1,0,0,8
0x90cab5,100%,0,119,119,0,0,0,119
0xa5066b,100%,0,1,1,0,0,0,1
0x8e339a,100%,0,16,16,0,0,0,16
0x5f12eb,100%,0,9,9,0,0,0,9
0x6754da,100%,0,1,1,1,0,0,0
0x94da33,100%,0,32,32,32,0,0,0
0x808496,100%,0,4,4,0,0,0,4
0x9fe94f,100%,0,37,37,0,0,0,37
0xb49ff6,100%,0,1,1,0,0,0,1
0xa2639b,100%,0,108,108,0,0,0,108
0x5b26c9,100%,0,1,1,1,0,0,0
0xaabcd0,100%,0,4,4,4,0,0,0
0x99f136,100%,0,11,11,0,0,0,11
0x482a4f,100%,0,9,9,0,0,0,9
0x5c481a,100%,0,8,8,4,0,0,4
0x482a3c,100%,0,9,9,9,0,0,0
0x490eda,100%,0,9,9,9,0,0,0
0x490f2e,100%,0,41,41,0,0,0,41
0x5f3ace,100%,0,7,7,3,0,0,4
0x619d9d,100%,0,10,10,0,0,0,10
0x9f6b74,100%,0,44,44,0,0,0,44
0x610cd9,100%,0,30,30,0,0,0,30
0x480d84,100%,0,9,9,0,0,0,9
0x5f875e,100%,0,88,88,0,0,0,88
0x666d77,100%,0,3,3,0,0,0,3
0xa263cc,100%,0,108,108,108,0,0,0
0x50165d,100%,0,1007,1007,0,0,0,1007
0xa263f9,100%,0,108,108,108,0,0,0
0xa021c5,100%,0,27,27,0,0,0,27
0x482a83,100%,0,9,9,0,0,0,9
0x77fde3,100%,0,474,474,474,0,0,0
0x60c598,100%,0,5,5,0,0,0,5
0xa58c09,100%,0,29,29,0,0,0,29
0x619cc2,100%,0,20,20,0,0,0,20
0x647c48,100%,0,43,43,0,0,0,43
0x9a6594,100%,0,4,4,0,0,0,4
0x649409,100%,0,2,2,0,0,0,2
0x48f73f,100%,0,2,2,0,0,0,2
0x647c38,100%,0,43,43,0,0,0,43
0x495366,100%,0,1,1,0,0,0,1
0x9f324a,100%,0,155,155,0,0,0,155
0x812915,100%,0,15,15,15,0,0,0
0x5b3012,100%,0,10,10,0,0,0,10
0x494e2c,100%,0,1,1,1,0,0,0
0x95a958,100%,0,4,4,4,0,0,0
0x95979f,100%,0,48,48,48,0,0,0
0xa3640f,100%,0,7,7,0,0,0,7
0xa58b79,100%,0,29,29,29,0,0,0
0x8f6cb8,100%,0,45,45,0,0,0,45
0xa58cd3,100%,0,13,13,13,0,0,0
0x4ae883,100%,0,20,20,0,0,0,20
0x49531e,100%,0,1,1,1,0,0,0
0x4afb84,100%,0,20,20,0,0,0,20
0xa58ba6,100%,0,13,13,0,0,0,13
0x4952fa,100%,0,1,1,0,0,0,1
0x9c5480,100%,0,4,4,0,0,0,4
0x8e8c61,100%,0,2,2,0,0,0,2
0x94b757,100%,0,32,32,0,0,0,32
0x8390a5,100%,0,16,16,16,0,0,0
0x81f4b2,100%,0,4,4,0,0,0,4
0x94b74a,100%,0,32,32,0,0,0,32
0x9f7b42,100%,0,4,4,0,0,0,4
0x83891c,100%,0,1,1,0,0,0,1
0x94cc74,100%,0,32,32,0,0,0,32
0x4ad3d8,100%,0,20,20,20,0,0,0
0x40a155,100%,0,11,11,0,0,0,11
0x9c3b96,100%,0,9,9,0,0,0,9
0x48bc2b,100%,0,1,1,0,0,0,1
0xa05203,100%,0,1,1,1,0,0,0
0xa160c9,100%,0,8,8,0,0,0,8
0x5b050b,100%,0,2,2,2,0,0,0
0x81904b,100%,0,34,34,0,0,0,34
0x6977c2,100%,0,56,56,56,0,0,0
0xa45ea9,100%,0,64,64,64,0,0,0
0x5f3c71,100%,0,3,3,0,0,0,3
0x5cb0c5,100%,0,886,886,0,0,0,886
0x8f11e9,100%,0,40,40,0,0,0,40
0x99d420,100%,0,9,9,9,0,0,0
0x9f36ca,100%,0,4,4,0,0,0,4
0x9fe375,100%,0,134,134,0,0,0,134
0xa3d059,100%,0,8,8,0,0,0,8
0xa09675,100%,0,1,1,0,0,0,1
0x9435a1,100%,0,75,75,75,0,0,0
0x54db46,100%,0,39,39,0,0,0,39
0xaab116,100%,0,16,16,0,0,0,16
0xa08722,100%,0,4,4,0,0,0,4
0x59fdf8,100%,0,2,2,2,0,0,0
0xa3bcb0,100%,0,16,16,0,0,0,16
0x781837,100%,0,6,6,0,0,0,6
0xa3bc40,100%,0,18,18,0,0,0,18
0x8436d1,100%,0,4,4,0,0,0,4
0xa4a58a,100%,0,8,8,0,0,0,8
0x5a6497,100%,0,2,2,0,0,0,2
0x94a1aa,100%,0,80,80,0,0,0,80
0x64bd73,100%,0,119,119,0,0,0,119
0x5a6477,100%,0,2,2,0,0,0,2
0x555d81,100%,0,56,56,0,0,0,56
0x5a6444,100%,0,2,2,2,0,0,0
0x5f5baa,100%,0,2,2,0,0,0,2
0x817163,100%,0,2,2,2,0,0,0
0xa08754,100%,0,4,4,0,0,0,4
0x58d41d,100%,0,12,12,0,0,0,12
0x545585,100%,0,279,279,0,0,0,279
0x54db05,100%,0,39,39,0,0,0,39
0x7b00e5,100%,0,8,8,0,0,0,8
0x50903e,100%,0,6,6,0,0,0,6
0xa3fd93,100%,0,6,6,6,0,0,0
0xa3fdab,100%,0,18,18,0,0,0,18
0x5a8808,100%,0,2,2,2,0,0,0
0xa3fcda,100%,0,56,56,0,0,0,56
0x956028,100%,0,1,1,0,0,0,1
0x5a87db,100%,0,2,2,2,0,0,0
0x590ccc,100%,0,22,22,2,0,0,20
0x6515db,100%,0,74,74,0,0,0,74
0xa3d1a5,100%,0,8,8,0,0,0,8
0x59fd3c,100%,0,2,2,0,0,0,2
0xa3d192,100%,0,8,8,0,0,0,8
0x8fdb0d,100%,0,18,18,0,0,0,18
0xa3d10d,100%,0,8,8,8,0,0,0
0x5a8743,100%,0,2,2,2,0,0,0
0x4a853f,100%,0,8,8,0,0,0,8
0xa3d0e7,100%,0,8,8,0,0,0,8
0x54db3b,100%,0,39,39,39,0,0,0
0xa3d0a5,100%,0,8,8,0,0,0,8
0x9f12fb,100%,0,10,10,0,0,0,10
0xa3d095,100%,0,8,8,0,0,0,8
0xb30b7e,100%,0,334,334,0,0,0,334
0x59f5e0,100%,0,2,2,2,0,0,0
0x9e1036,100%,0,27,27,0,0,0,27
0x65a11e,100%,0,1463,1463,0,0,0,1463
0x9e0fc4,100%,0,80,80,0,0,0,80
0x490bbe,100%,0,41,41,0,0,0,41
0x58e5d2,100%,0,6,6,0,0,0,6
0x9f959d,100%,0,109,109,109,0,0,0
0x5a6504,100%,0,2,2,0,0,0,2
0x490ce0,100%,0,9,9,0,0,0,9
0xa35526,100%,0,15,15,3,0,0,12
0x6f4517,100%,0,18,18,0,0,0,18
0x5f86a9,100%,0,76,76,0,0,0,76
0x9f9531,100%,0,25,25,0,0,0,25
0xa0561e,100%,0,1,1,0,0,0,1
0x9f94ec,100%,0,110,110,0,0,0,110
0x496140,100%,0,3,3,0,0,0,3
0x813771,100%,0,2,2,0,0,0,2
0x5fc7c4,100%,0,2,2,0,0,0,2
0x5baa65,100%,0,397,397,0,0,0,397
0x4bd492,100%,0,2,2,2,0,0,0
0x8f5f74,100%,0,40,40,0,0,0,40
0x83be07,100%,0,1,1,0,0,0,1
0x7d23a8,100%,0,1,1,0,0,0,1
0x6717e4,100%,0,2,2,2,0,0,0
0x60966a,100%,0,83,83,0,0,0,83
0x533c92,100%,0,3,3,0,0,0,3
0x4a97b9,100%,0,4,4,0,0,0,4
0x54db76,100%,0,39,39,39,0,0,0
0x8a53d2,100%,0,6,6,0,0,0,6
0x59fce1,100%,0,2,2,0,0,0,2
0x96aef1,100%,0,19,19,0,0,0,19
0x59fccb,100%,0,1,1,0,0,0,1
0x58f507,100%,0,52,52,52,0,0,0
0x403973,100%,0,37,37,0,0,0,37
0xa902df,100%,0,38,38,38,0,0,0
0x9f8298,100%,0,1,1,1,0,0,0
0x9e827d,100%,0,4,4,4,0,0,0
0xb90273,100%,0,5,5,0,0,0,5
0x785847,100%,0,2,2,2,0,0,0
0x67a03b,100%,0,6,6,6,0,0,0
0x489801,100%,0,25,25,0,0,0,25
0x943894,100%,0,45,45,0,0,0,45
0x4bb7a9,100%,0,8,8,0,0,0,8
0x65a0df,100%,0,1504,1504,1504,0,0,0
0x54d2b8,100%,0,6,6,6,0,0,0
0x9e103f,100%,0,27,27,0,0,0,27
0x906c06,100%,0,196,196,196,0,0,0
0x7c7ac9,100%,0,24,24,0,0,0,24
0x5f3212,100%,0,7,7,7,0,0,0
0xa50d5d,100%,0,4,4,0,0,0,4
0x7c5d50,100%,0,14,14,0,0,0,14
0x675702,100%,0,1,1,0,0,0,1
0x90a984,100%,0,74,74,0,0,0,74
0x9e04e8,100%,0,58,58,0,0,0,58
0x4a21bd,100%,0,8,8,0,0,0,8
0x4903d4,100%,0,3,3,0,0,0,3
0x544a5b,100%,0,9,9,9,0,0,0
0x675008,100%,0,32,32,0,0,0,32
0x9e01f4,100%,0,28,28,0,0,0,28
0x8047d8,100%,0,2,2,2,0,0,0
0x5f3ca9,100%,0,3,3,3,0,0,0
0x9e0265,100%,0,18,18,0,0,0,18
0xacd94f,100%,0,2,2,2,0,0,0
0x90a9c2,100%,0,57,57,0,0,0,57
0x9814b4,100%,0,18,18,0,0,0,18
0x687d7d,100%,0,34,34,34,0,0,0
0x8ef3c9,100%,0,48,48,0,0,0,48
0x94ed55,100%,0,30,30,0,0,0,30
0x8e9663,100%,0,2,2,0,0,0,2
0x4a65cc,100%,0,3,3,0,0,0,3
0x837506,100%,0,4,4,4,0,0,0
0x84349b,100%,0,1,1,0,0,0,1
0xacc2f8,100%,0,2,2,0,0,0,2
0xa077f6,100%,0,2,2,0,0,0,2
0x60e5a8,100%,0,1,1,0,0,0,1
0x8435f4,100%,0,4,4,0,0,0,4
0x90e83a,100%,0,30,30,0,0,0,30
0x7f36a6,100%,0,15,15,15,0,0,0
0x5d6891,100%,0,3,3,3,0,0,0
0x6102a4,100%,0,33,33,33,0,0,0
0xacdd40,100%,0,2,2,2,0,0,0
0x4914de,100%,0,1,1,0,0,0,1
0x50a4c2,100%,0,14,14,14,0,0,0
0xa97f44,100%,0,2,2,0,0,0,2
0x7f3708,100%,0,15,15,0,0,0,15
0x8ad5ff,100%,0,2,2,0,0,0,2
0xacdcd7,100%,0,2,2,2,0,0,0
0x835fb7,100%,0,2,2,0,0,0,2
0x7d420d,100%,0,1,1,0,0,0,1
0x533de7,100%,0,2,2,2,0,0,0
0x5ff2c9,100%,0,117,117,117,0,0,0
0x9a2397,100%,0,23,23,6,0,0,17
0x539743,100%,0,4,4,0,0,0,4
0x814a0d,100%,0,2,2,0,0,0,2
0x50a635,100%,0,14,14,0,0,0,14
0x8381b3,100%,0,5,5,0,0,0,5
0x40999e,100%,0,175,175,175,0,0,0
0x980821,100%,0,11,11,0,0,0,11
0x837439,100%,0,4,4,0,0,0,4
0x6a3b47,100%,0,26,26,0,0,0,26
0xa08696,100%,0,4,4,0,0,0,4
0x803851,100%,0,2,2,2,0,0,0
0x670693,100%,0,3,3,3,0,0,0
0x505800,100%,0,93,93,0,0,0,93
0x838815,100%,0,5,5,0,0,0,5
0x4c535e,100%,0,3,3,0,0,0,3
0x6a3b54,100%,0,26,26,0,0,0,26
0xa316e9,100%,0,2,2,2,0,0,0
0x8bf17e,100%,0,2,2,0,0,0,2
0x666109,100%,0,3,3,2,0,0,1
0x48d24f,100%,0,6,6,6,0,0,0
0x4b5eca,100%,0,4,4,0,0,0,4
0x6f4611,100%,0,6,6,0,0,0,6
0xa50892,100%,0,4,4,0,0,0,4
0x619ab2,100%,0,5,5,0,0,0,5
0xad43c9,100%,0,3,3,0,0,0,3
0x78ab97,100%,0,19,19,0,0,0,19
0x837a11,100%,0,20,20,0,0,0,20
0x94cbc8,100%,0,64,64,0,0,0,64
0x53387d,100%,0,18,18,0,0,0,18
0xa6b495,100%,0,4,4,4,0,0,0
0xa28fe2,100%,0,16,16,16,0,0,0
0x5f6013,100%,0,2,2,0,0,0,2
0x54eccc,100%,0,69,69,0,0,0,69
0x5a5ed3,100%,0,4,4,0,0,0,4
0xa96a60,100%,0,21,21,0,0,0,21
0x6a3ac7,100%,0,38,38,0,0,0,38
0x80a1c9,100%,0,4,4,0,0,0,4
0x8a874b,100%,0,2,2,0,0,0,2
0x5beaba,100%,0,2,2,2,0,0,0
0xae6fe6,100%,0,2,2,0,0,0,2
0xb49908,100%,0,2,2,0,0,0,2
0x8f0b4e,100%,0,16,16,0,0,0,16
0x4a5904,100%,0,55,55,0,0,0,55
0x53dc80,100%,0,10,10,0,0,0,10
0x48cf0e,100%,0,12,12,0,0,0,12
0x679115,100%,0,61,61,0,0,0,61
0x98423d,100%,0,25,25,25,0,0,0
0x40ae63,100%,0,2,2,2,0,0,0
0x9fe78e,100%,0,37,37,0,0,0,37
0xa58c74,100%,0,29,29,29,0,0,0
0x5b067f,100%,0,2,2,0,0,0,2
0xa5564d,100%,0,77,77,0,0,0,77
0x4bfeda,100%,0,3,3,3,0,0,0
0x951bcb,100%,0,9,9,0,0,0,9
0x67ac4a,100%,0,6,6,0,0,0,6
0xa58934,100%,0,54,54,0,0,0,54
0x7efa35,100%,0,2,2,0,0,0,2
0x5c78cb,100%,0,80,80,80,0,0,0
0xa565bc,100%,0,261,261,0,0,0,261
0x54087b,100%,0,6,6,0,0,0,6
0x9fcb89,100%,0,25,25,25,0,0,0
0x8ae9fa,100%,0,14,14,14,0,0,0
0x8dae59,100%,0,2,2,2,0,0,0
0x90dc99,100%,0,30,30,0,0,0,30
0x8da95d,100%,0,2,2,2,0,0,0
0x9a1486,100%,0,69,69,0,0,0,69
0x8f5fb0,100%,0,40,40,0,0,0,40
0x9197bd,100%,0,200,200,200,0,0,0
0x90dca1,100%,0,30,30,0,0,0,30
0xad6e47,100%,0,2,2,0,0,0,2
0x48bfa9,100%,0,10,10,0,0,0,10
0x8f123c,100%,0,40,40,0,0,0,40
0x50e851,100%,0,14,14,14,0,0,0
0x65c044,100%,0,452,452,452,0,0,0
0x8fdd18,100%,0,48,48,0,0,0,48
0x50339b,100%,0,37,37,0,0,0,37
0x8fdd5a,100%,0,8,8,8,0,0,0
0x675740,100%,0,1,1,1,0,0,0
0xa6c6f0,100%,0,27,27,0,0,0,27
0x50f123,100%,0,2,2,0,0,0,2
0x50f004,100%,0,2,2,2,0,0,0
0x8fc4dd,100%,0,1,1,1,0,0,0
0x7efc1a,100%,0,2,2,2,0,0,0
0x50efbd,100%,0,2,2,0,0,0,2
0x50efb0,100%,0,2,2,0,0,0,2
0x666c62,100%,0,2,2,2,0,0,0
0x50ef87,100%,0,2,2,0,0,0,2
0x95b647,100%,0,4,4,4,0,0,0
0x80f8b8,100%,0,74,74,74,0,0,0
0x50ef4f,100%,0,8,8,0,0,0,8
0x8fdb24,100%,0,9,9,9,0,0,0
0x8fdb79,100%,0,9,9,0,0,0,9
0xa64d11,100%,0,4,4,4,0,0,0
0xa909b3,100%,0,149,149,0,0,0,149
0x50e403,100%,0,4,4,0,0,0,4
0xa51752,100%,0,77,77,0,0,0,77
0x8fd78f,100%,0,15,15,15,0,0,0
0x9fd1f0,100%,0,7,7,0,0,0,7
0x95b86c,100%,0,4,4,4,0,0,0
0x7efa39,100%,0,2,2,2,0,0,0
0xacc308,100%,0,2,2,2,0,0,0
0x9fe325,100%,0,134,134,0,0,0,134
0x686820,100%,0,159,159,0,0,0,159
0x486d2a,100%,0,93,93,93,0,0,0
0x80b45d,100%,0,1,1,0,0,0,1
0x5bb291,100%,0,2,2,2,0,0,0
0x90e357,100%,0,67,67,0,0,0,67
0x9fcd8f,100%,0,7,7,0,0,0,7
0x48719c,100%,0,2,2,0,0,0,2
0x58e697,100%,0,6,6,0,0,0,6
0x649e17,100%,0,2,2,2,0,0,0
0x667325,100%,0,31,31,0,0,0,31
0x60e5da,100%,0,1,1,1,0,0,0
0xa9ff49,100%,0,3,3,0,0,0,3
0x49146d,100%,0,158,158,0,0,0,158
0xa7a1b2,100%,0,175,175,175,0,0,0
0x4a2177,100%,0,12,12,4,0,0,8
0x7808ab,100%,0,2,2,0,0,0,2
0x48fbf1,100%,0,4,4,0,0,0,4
0xa50f41,100%,0,257,257,0,0,0,257
0x7f37a2,100%,0,15,15,0,0,0,15
0xa7a1f7,100%,0,175,175,0,0,0,175
0x4a1e62,100%,0,4,4,0,0,0,4
0x97ba22,100%,0,83,83,83,0,0,0
0x83be6e,100%,0,1,1,0,0,0,1
0x8171b2,100%,0,5,5,5,0,0,0
0x622ec5,100%,0,5,5,5,0,0,0
0x95192a,100%,0,91,91,0,0,0,91
0x8ba05a,100%,0,1,1,0,0,0,1
0x5032bd,100%,0,2,2,0,0,0,2
0x8ad520,100%,0,2,2,0,0,0,2
0xa510c8,100%,0,4,4,0,0,0,4
0xa56fb3,100%,0,108,108,0,0,0,108
0xa52e66,100%,0,9,9,0,0,0,9
0xa8a98d,100%,0,51,51,51,0,0,0
0x8ad525,100%,0,2,2,2,0,0,0
0x80a19b,100%,0,4,4,0,0,0,4
0x7f0673,100%,0,2,2,0,0,0,2
0x83be26,100%,0,1,1,1,0,0,0
0xa510ad,100%,0,66,66,0,0,0,66
0x60e019,100%,0,98,98,0,0,0,98
0xa8ab82,100%,0,83,83,0,0,0,83
0xace0b8,100%,0,2,2,0,0,0,2
0x80a408,100%,0,2,2,0,0,0,2
0x50b351,100%,0,40,40,40,0,0,0
0x90e347,100%,0,67,67,0,0,0,67
0x843904,100%,0,4,4,4,0,0,0
0x486e17,100%,0,2,2,2,0,0,0
0xa5a0f3,100%,0,3,3,1,0,0,2
0xaa571f,100%,0,93,93,0,0,0,93
0x833b6d,100%,0,6,6,0,0,0,6
0x9be5ea,100%,0,10,10,0,0,0,10
0x5d3d3a,100%,0,8,8,8,0,0,0
0x51b469,100%,0,71,71,0,0,0,71
0x9eaa66,100%,0,2,2,2,0,0,0
0x8ad796,100%,0,2,2,0,0,0,2
0x838bca,100%,0,2,2,2,0,0,0
0x8ad7a0,100%,0,2,2,0,0,0,2
0x8377e7,100%,0,5,5,0,0,0,5
0x666c36,100%,0,2,2,0,0,0,2
0xa5413e,100%,0,2,2,2,0,0,0
0x5f0d54,100%,0,283,283,0,0,0,283
0xaa5bc9,100%,0,3,3,3,0,0,0
0x8a2422,100%,0,2,2,2,0,0,0
0x4b87b7,100%,0,11,11,0,0,0,11
0x8a246d,100%,0,2,2,0,0,0,2
0x8ee98b,100%,0,3,3,0,0,0,3
0x64f661,100%,0,42,42,42,0,0,0
0x811b64,100%,0,204,204,0,0,0,204
0x8374c9,100%,0,5,5,0,0,0,5
0xa4d33b,100%,0,36,36,0,0,0,36
0x96c0d5,100%,0,21,21,0,0,0,21
0xa4e8c0,100%,0,2,2,2,0,0,0
0x8fcde5,100%,0,44,44,44,0,0,0
0x8f67a3,100%,0,16,16,0,0,0,16
0x5af096,100%,0,10,10,0,0,0,10
0xaa57e6,100%,0,2,2,0,0,0,2
0xa974a5,100%,0,39,39,0,0,0,39
0xaa57d5,100%,0,2,2,0,0,0,2
0x49c920,100%,0,18,18,0,0,0,18
0xaccb67,100%,0,3,3,3,0,0,0
0x99d32b,100%,0,9,9,0,0,0,9
0xa956dd,100%,0,4,4,0,0,0,4
0x5f5980,100%,0,2,2,2,0,0,0
0x5d981d,100%,0,8,8,0,0,0,8
0xaccb36,100%,0,3,3,3,0,0,0
0xa37251,100%,0,6,6,0,0,0,6
0x8ad95e,100%,0,2,2,2,0,0,0
0x5339f6,100%,0,2,2,2,0,0,0
0xa4e87a,100%,0,2,2,2,0,0,0
0x673daf,100%,0,5,5,0,0,0,5
0xaccb10,100%,0,3,3,3,0,0,0
0x9e5301,100%,0,12,12,12,0,0,0
0x8dc39a,100%,0,4,4,0,0,0,4
0x8c7c10,100%,0,14,14,14,0,0,0
0x8ee959,100%,0,3,3,0,0,0,3
0x49c3fb,100%,0,10,10,10,0,0,0
0x8ee49b,100%,0,42,42,42,0,0,0
0x6497ac,100%,0,2,2,0,0,0,2
0x486d61,100%,0,93,93,93,0,0,0
0xa4689c,100%,0,26,26,0,0,0,26
0x4ab2f8,100%,0,1,1,0,0,0,1
0x5ec559,100%,0,8,8,0,0,0,8
0x6d44a7,100%,0,11,11,0,0,0,11
0x7f0cb0,100%,0,75,75,0,0,0,75
0x6d44b0,100%,0,11,11,0,0,0,11
0xa2b30c,100%,0,2,2,0,0,0,2
0x5d984e,100%,0,8,8,8,0,0,0
0xa052e7,100%,0,4,4,0,0,0,4
0x9730a6,100%,0,12,12,12,0,0,0
0x40a945,100%,0,2,2,2,0,0,0
0x4a59d9,100%,0,4,4,0,0,0,4
0x44196e,100%,0,11,11,0,0,0,11
0x90e665,100%,0,911,911,0,0,0,911
0x4a97c6,100%,0,4,4,0,0,0,4
0x835ec9,100%,0,2,2,2,0,0,0
0x5937bd,100%,0,19,19,0,0,0,19
0x803a6c,100%,0,448,448,0,0,0,448
0x835ead,100%,0,2,2,2,0,0,0
0x8adc30,100%,0,89,89,0,0,0,89
0xa53ee7,100%,0,107,107,0,0,0,107
0xa54923,100%,0,35,35,35,0,0,0
0x5ec5c8,100%,0,8,8,0,0,0,8
0xae705e,100%,0,1,1,0,0,0,1
0xa546b6,100%,0,102,102,102,0,0,0
0x8136fa,100%,0,2,2,0,0,0,2
0x5ec5d6,100%,0,8,8,8,0,0,0
0x9bc497,100%,0,2,2,0,0,0,2
0xa5469c,100%,0,102,102,0,0,0,102
0x5ecdc0,100%,0,8,8,0,0,0,8
0x838a57,100%,0,2,2,0,0,0,2
0xa3bded,100%,0,8,8,0,0,0,8
0xa99c72,100%,0,4,4,0,0,0,4
0xa72214,100%,0,27,27,0,0,0,27
0xa5422d,100%,0,104,104,0,0,0,104
0x78b694,100%,0,12,12,0,0,0,12
0x5ec539,100%,0,8,8,8,0,0,0
0x813696,100%,0,61,61,0,0,0,61
0x836568,100%,0,1,1,1,0,0,0
0x8ec547,100%,0,2,2,0,0,0,2
0xb1b034,100%,0,433,433,0,0,0,433
0x8ff71e,100%,0,7,7,0,0,0,7
0x9597e9,100%,0,144,144,0,0,0,144
0x80aa10,100%,0,3,3,0,0,0,3
0xa499c3,100%,0,10,10,0,0,0,10
0x5f5e49,100%,0,2,2,0,0,0,2
0x9a3edf,100%,0,28,28,0,0,0,28
0x53c3da,100%,0,22,22,22,0,0,0
0x88dede,100%,0,2,2,0,0,0,2
0x5393fd,100%,0,505,505,0,0,0,505
0x53935c,100%,0,11,11,0,0,0,11
0x9d1038,100%,0,14,14,6,0,0,8
0x9e0273,100%,0,18,18,0,0,0,18
0x5391dd,100%,0,11,11,0,0,0,11
0xa0409f,100%,0,1,1,0,0,0,1
0x9d1044,100%,0,8,8,0,0,0,8
0x7840ed,100%,0,8,8,8,0,0,0
0x538fda,100%,0,11,11,11,0,0,0
0x609b8a,100%,0,245,245,0,0,0,245
0x4c4dd1,100%,0,2,2,0,0,0,2
0x8ef511,100%,0,9,9,9,0,0,0
0x951ac5,100%,0,36,36,36,0,0,0
0x4a7c74,100%,0,12,12,6,0,0,6
0x78d290,100%,0,2,2,2,0,0,0
0x5f5d19,100%,0,2,2,0,0,0,2
0x90a3f7,100%,0,176,176,0,0,0,176
0xaa81db,100%,0,5,5,5,0,0,0
0x64c808,100%,0,7,7,7,0,0,0
0x8aec56,100%,0,207,207,0,0,0,207
0x9fb1aa,100%,0,37,37,0,0,0,37
0x533636,100%,0,7,7,0,0,0,7
0x977dcd,100%,0,121,121,0,0,0,121
0xa2851c,100%,0,160,160,0,0,0,160
0x50b903,100%,0,40,40,0,0,0,40
0xa96522,100%,0,4,4,0,0,0,4
0x5e1acb,100%,0,2,2,0,0,0,2
0x4949cf,100%,0,2,2,0,0,0,2
0x48fc57,100%,0,4,4,0,0,0,4
0x9f0138,100%,0,2,2,2,0,0,0
0x5bd6fc,100%,0,315,315,0,0,0,315
0x951b61,100%,0,9,9,0,0,0,9
0x80fdba,100%,0,622,622,622,0,0,0
0x8df538,100%,0,8,8,0,0,0,8
0x5f2f10,100%,0,2,2,1,0,0,1
0xad4562,100%,0,5,5,0,0,0,5
0x5c70a2,100%,0,360,360,0,0,0,360
0x97abd1,100%,0,14,14,0,0,0,14
0x9fcbb2,100%,0,18,18,0,0,0,18
0x48d24a,100%,0,6,6,0,0,0,6
0x5ff49f,100%,0,10,10,0,0,0,10
0xa085ab,100%,0,5,5,0,0,0,5
0x94acb0,100%,0,56,56,0,0,0,56
0xa44a8d,100%,0,4,4,0,0,0,4
0x7dfa72,100%,0,2,2,0,0,0,2
0x8ea6a6,100%,0,4,4,0,0,0,4
0x951e4f,100%,0,6,6,0,0,0,6
0x4b531d,100%,0,71,71,0,0,0,71
0x544118,100%,0,9,9,0,0,0,9
0x62293b,100%,0,10,10,10,0,0,0
0x5f5a8c,100%,0,2,2,0,0,0,2
0x97319f,100%,0,610,610,0,0,0,610
0x491753,100%,0,1,1,1,0,0,0
0xaa2adb,100%,0,3,3,2,0,0,1
0x98146b,100%,0,8,8,8,0,0,0
0xa9847c,100%,0,4,4,4,0,0,0
0x486f9c,100%,0,2,2,0,0,0,2
0xa4fcd1,100%,0,4,4,0,0,0,4
0xb46954,100%,0,1,1,0,0,0,1
0xa01deb,100%,0,4,4,2,0,0,2
0x7f0b4f,100%,0,5,5,0,0,0,5
0xa3d822,100%,0,8,8,8,0,0,0
0xa4e02b,100%,0,2,2,0,0,0,2
0xa34089,100%,0,94,94,0,0,0,94
0xaccb9a,100%,0,3,3,0,0,0,3
0x5bd0e0,100%,0,11,11,0,0,0,11
0x65ad58,100%,0,1,1,0,0,0,1
0x8dec8e,100%,0,6,6,0,0,0,6
0x4c56e7,100%,0,24,24,24,0,0,0
0x951b72,100%,0,9,9,9,0,0,0
0x951bd9,100%,0,9,9,0,0,0,9
0x9cfc3c,100%,0,8,8,8,0,0,0
0x8eb7bf,100%,0,1037,1037,1037,0,0,0
0x4be5f0,100%,0,7,7,7,0,0,0
0xa501da,100%,0,17,17,17,0,0,0
0x4bc092,100%,0,1,1,1,0,0,0
0x99dd11,100%,0,15,15,0,0,0,15
0x4c5452,100%,0,1,1,0,0,0,1
0x6484c9,100%,0,2,2,0,0,0,2
0x50f232,100%,0,2,2,0,0,0,2
0x40a44a,100%,0,2,2,0,0,0,2
0x78d154,100%,0,2,2,0,0,0,2
0x65adf2,100%,0,13,13,13,0,0,0
0x5b2055,100%,0,19,19,19,0,0,0
0x7cf7b8,100%,0,8,8,0,0,0,8
0x5441ec,100%,0,9,9,0,0,0,9
0x9799ef,100%,0,8,8,0,0,0,8
0xa64fa4,100%,0,4,4,4,0,0,0
0x4ca6fd,100%,0,2,2,2,0,0,0
0xa48ad2,100%,0,167,167,0,0,0,167
0x7c7f2d,100%,0,4,4,0,0,0,4
0x4bee93,100%,0,58,58,0,0,0,58
0x4c0af6,100%,0,104,104,0,0,0,104
0x9495a8,100%,0,234,234,234,0,0,0
0x5f46fc,100%,0,2,2,0,0,0,2
0x6ccfab,100%,0,6,6,0,0,0,6
0x944359,100%,0,76,76,0,0,0,76
0x4bf0ca,100%,0,188,188,0,0,0,188
0x9eeedc,100%,0,6,6,0,0,0,6
0x5b2b5d,100%,0,45,45,0,0,0,45
0x6ccfcb,100%,0,6,6,0,0,0,6
0x6ccfdd,100%,0,6,6,0,0,0,6
0x96a674,100%,0,65,65,0,0,0,65
0x639ad9,100%,0,37,37,0,0,0,37
0x9e0548,100%,0,58,58,0,0,0,58
0x951aaf,100%,0,36,36,0,0,0,36
0xa69eb6,100%,0,4,4,0,0,0,4
0x4bbe62,100%,0,198,198,0,0,0,198
0x5a898e,100%,0,2,2,0,0,0,2
0x441977,100%,0,11,11,0,0,0,11
0x6cd00d,100%,0,6,6,0,0,0,6
0x4a9b3c,100%,0,3,3,3,0,0,0
0x9d3619,100%,0,55,55,0,0,0,55
0xa066dd,100%,0,45,45,0,0,0,45
0xa96281,100%,0,4,4,0,0,0,4
0xa237e9,100%,0,2,2,2,0,0,0
0x540517,100%,0,2,2,0,0,0,2
0x90ed93,100%,0,1857,1857,1857,0,0,0
0x590d2c,100%,0,22,22,0,0,0,22
0x9c520c,100%,0,8,8,0,0,0,8
0x9c532d,100%,0,4,4,0,0,0,4
0x8df599,100%,0,42,42,0,0,0,42
0xb17ad4,100%,0,715,715,715,0,0,0
0x4bc5db,100%,0,10,10,10,0,0,0
0x44164e,100%,0,11,11,0,0,0,11
0xa96ecf,100%,0,17,17,0,0,0,17
0x50a97c,100%,0,36,36,0,0,0,36
0x49b1b1,100%,0,14,14,14,0,0,0
0x90cafb,100%,0,119,119,0,0,0,119
0xa02ade,100%,0,12,12,0,0,0,12
0x9bdfa1,100%,0,32,32,0,0,0,32
0xa50e71,100%,0,4,4,0,0,0,4
0xaa4a0e,100%,0,3,3,0,0,0,3
0x682360,100%,0,34,34,0,0,0,34
0x65af9e,100%,0,13,13,13,0,0,0
0x682371,100%,0,34,34,0,0,0,34
0x48f02d,100%,0,129,129,0,0,0,129
0x5c474a,100%,0,8,8,0,0,0,8
0x682380,100%,0,34,34,0,0,0,34
0x8ea7b5,100%,0,4,4,0,0,0,4
0x619ec3,100%,0,5,5,0,0,0,5
0x7d3dab,100%,0,3,3,0,0,0,3
0xa025c6,100%,0,1492,1492,0,0,0,1492
0x8dc33d,100%,0,4,4,0,0,0,4
0xa025ce,100%,0,1492,1492,0,0,0,1492
0xa02575,100%,0,1315,1315,0,0,0,1315
0x50a117,100%,0,9,9,0,0,0,9
0x78d21b,100%,0,2,2,0,0,0,2
0x4bb240,100%,0,27,27,27,0,0,0
0x9850da,100%,0,12,12,0,0,0,12
0x9ec310,100%,0,40,40,0,0,0,40
0x590008,100%,0,99,99,0,0,0,99
0xa25e4e,100%,0,78,78,0,0,0,78
0xacda59,100%,0,2,2,0,0,0,2
0x68a9c5,100%,0,1,1,1,0,0,0
0x4b4c8f,100%,0,2,2,0,0,0,2
0x8a9ee4,100%,0,466,466,0,0,0,466
0xad6c5a,100%,0,2,2,0,0,0,2
0x8ee765,100%,0,170,170,0,0,0,170
0x49d00f,100%,0,1,1,0,0,0,1
0xa0263e,100%,0,27,27,27,0,0,0
0x4ba34b,100%,0,32,32,0,0,0,32
0x4bad11,100%,0,8,8,0,0,0,8
0x96999a,100%,0,39,39,39,0,0,0
0x67a237,100%,0,23,23,23,0,0,0
0x6753a5,100%,0,1,1,1,0,0,0
0x81e4d0,100%,0,13,13,13,0,0,0
0x4c6768,100%,0,4,4,0,0,0,4
0xa538bc,100%,0,7,7,0,0,0,7
0xa4670a,100%,0,16,16,16,0,0,0
0x50a086,100%,0,136,136,0,0,0,136
0x722e4b,100%,0,22,22,0,0,0,22
0x4bcbc5,100%,0,3,3,3,0,0,0
0x6923e7,100%,0,10,10,10,0,0,0
0x7d4185,100%,0,12,12,0,0,0,12
0x9c51fe,100%,0,8,8,0,0,0,8
0xad068d,100%,0,2,2,0,0,0,2
0x9850ae,100%,0,4,4,0,0,0,4
0x48f4a0,100%,0,3,3,3,0,0,0
0xa43f67,100%,0,64,64,64,0,0,0
0x7c20d0,100%,0,12,12,0,0,0,12
0x5d1b1c,100%,0,110,110,0,0,0,110
0x50ccbf,100%,0,233,233,0,0,0,233
0x81f508,100%,0,4,4,4,0,0,0
0x94ce77,100%,0,47,47,0,0,0,47
0xa05e2c,100%,0,6,6,6,0,0,0
0xa464d1,100%,0,14,14,14,0,0,0
0x75882c,100%,0,1,1,0,0,0,1
0x99bdf0,100%,0,13,13,0,0,0,13
0x59259b,100%,0,3,3,0,0,0,3
0x6497a0,100%,0,2,2,0,0,0,2
0x48e947,100%,0,2,2,2,0,0,0
0x943d0b,100%,0,8,8,8,0,0,0
0x50734b,100%,0,740,740,0,0,0,740
0x7ce798,100%,0,36,36,0,0,0,36
0xacc2a5,100%,0,2,2,2,0,0,0
0xa3d19d,100%,0,8,8,0,0,0,8
0x590d21,100%,0,22,22,0,0,0,22
0xa08e71,100%,0,45,45,0,0,0,45
0x8dee48,100%,0,14,14,14,0,0,0
0x63ce8a,100%,0,200,200,0,0,0,200
0x60dff9,100%,0,9,9,9,0,0,0
0x94ac52,100%,0,80,80,0,0,0,80
0x809076,100%,0,2,2,0,0,0,2
0x7b0a9b,100%,0,22,22,0,0,0,22
0x7180b8,100%,0,1,1,0,0,0,1
0x9e2f4d,100%,0,263,263,263,0,0,0
0x7aca99,100%,0,32,32,0,0,0,32
0xa41a9c,100%,0,981,981,0,0,0,981
0x5f6304,100%,0,4,4,0,0,0,4
0x9c50ee,100%,0,8,8,8,0,0,0
0xaae4bf,100%,0,2,2,2,0,0,0
0x50154f,100%,0,272,272,272,0,0,0
0x9e57aa,100%,0,39,39,39,0,0,0
0xa45e8b,100%,0,64,64,0,0,0,64
0x7cf69d,100%,0,8,8,8,0,0,0
0xa481fc,100%,0,60,60,0,0,0,60
0x789d06,100%,0,6,6,0,0,0,6
0x80bb30,100%,0,5,5,5,0,0,0
0x5f5e50,100%,0,2,2,2,0,0,0
0x544e07,100%,0,224,224,0,0,0,224
0x9fccf4,100%,0,7,7,7,0,0,0
0x4bf71f,100%,0,28,28,0,0,0,28
0x6108b2,100%,0,13,13,0,0,0,13
0xa4918c,100%,0,30,30,30,0,0,0
0x606f1a,100%,0,10,10,0,0,0,10
0x506202,100%,0,647,647,0,0,0,647
0x9e11bc,100%,0,26,26,0,0,0,26
0x540c3c,100%,0,293,293,0,0,0,293
0x8ee224,100%,0,183,183,0,0,0,183
0x951859,100%,0,341,341,0,0,0,341
0x8d4338,100%,0,2,2,2,0,0,0
0x80f929,100%,0,37,37,0,0,0,37
0x7d441f,100%,0,2,2,0,0,0,2
0xaa23b8,100%,0,34,34,0,0,0,34
0x5ee17c,100%,0,242,242,242,0,0,0
0x98cc44,100%,0,18,18,18,0,0,0
0x675713,100%,0,1,1,0,0,0,1
0xa42997,100%,0,919,919,919,0,0,0
0x9c51ce,100%,0,8,8,0,0,0,8
0x4ad248,100%,0,20,20,0,0,0,20
0x4b7839,100%,0,403,403,0,0,0,403
0x4b84e1,100%,0,3,3,0,0,0,3
0x60dbe1,100%,0,198,198,0,0,0,198
0x672484,100%,0,1,1,1,0,0,0
0x781a94,100%,0,156,156,156,0,0,0
0x9c51dc,100%,0,8,8,0,0,0,8
0xa29843,100%,0,4,4,4,0,0,0
0x975111,100%,0,24,24,5,0,0,19
0xa43758,100%,0,424,424,0,0,0,424
0xa48ce8,100%,0,167,167,0,0,0,167
0x78b6d2,100%,0,12,12,0,0,0,12
0xa48c8a,100%,0,167,167,167,0,0,0
0x944d89,100%,0,347,347,347,0,0,0
0x7b7c27,100%,0,25,25,25,0,0,0
0xa48b7e,100%,0,167,167,0,0,0,167
0xa48b3e,100%,0,167,167,167,0,0,0
0xa48b26,100%,0,167,167,0,0,0,167
0x499cc3,100%,0,86,86,0,0,0,86
0xa5891b,100%,0,116,116,0,0,0,116
0x4b6779,100%,0,11,11,0,0,0,11
0xaa115c,100%,0,36,36,36,0,0,0
0xa9cd58,100%,0,8,8,0,0,0,8
0x833cf0,100%,0,2,2,0,0,0,2
0x80f7e9,100%,0,74,74,0,0,0,74
0x5f4e4e,100%,0,1,1,0,0,0,1
0xad46a1,100%,0,2,2,2,0,0,0
0x4415ae,100%,0,11,11,0,0,0,11
0x64113c,100%,0,2,2,2,0,0,0
0x9c517c,100%,0,4,4,0,0,0,4
0x492e74,100%,0,1,1,1,0,0,0
0x9850e9,100%,0,4,4,0,0,0,4
0xace0fb,100%,0,2,2,2,0,0,0
0x65db26,100%,0,358,358,0,0,0,358
0x9c5187,100%,0,4,4,0,0,0,4
0x9e9ffc,100%,0,2,2,0,0,0,2
0x5905a5,100%,0,13,13,0,0,0,13
0x4c3441,100%,0,23,23,23,0,0,0
0x441617,100%,0,11,11,0,0,0,11
0x8fd807,100%,0,6,6,0,0,0,6
0x804340,100%,0,9,9,2,0,0,7
0x69dd43,100%,0,12,12,12,0,0,0
0x9aae12,100%,0,37,37,0,0,0,37
0x503cff,100%,0,52,52,0,0,0,52
0x9c3b39,100%,0,8,8,0,0,0,8
0x8a5eb8,100%,0,139,139,139,0,0,0
0x50e7cd,100%,0,43,43,0,0,0,43
0x555088,100%,0,55,55,55,0,0,0
0x542f99,100%,0,8,8,0,0,0,8
0x5446eb,100%,0,2,2,0,0,0,2
0x5446df,100%,0,2,2,0,0,0,2
0x51aeb9,100%,0,2,2,0,0,0,2
0x8dec87,100%,0,6,6,0,0,0,6
0x4c5eef,100%,0,41,41,0,0,0,41
0x4b5f41,100%,0,4,4,0,0,0,4
0x40e8b1,100%,0,10,10,10,0,0,0
0xa5271e,100%,0,12,12,0,0,0,12
0x489c0c,100%,0,68,68,0,0,0,68
0x8df694,100%,0,2,2,2,0,0,0
0x5f93da,100%,0,3,3,0,0,0,3
0x783dfb,100%,0,11,11,0,0,0,11
0x5f94d5,100%,0,3,3,0,0,0,3
0x80a6d9,100%,0,1,1,1,0,0,0
0x627d2d,100%,0,23,23,0,0,0,23
0xa58d94,100%,0,116,116,0,0,0,116
0x5f9225,100%,0,7,7,0,0,0,7
0x5f769b,100%,0,30,30,0,0,0,30
0x803db5,100%,0,2,2,0,0,0,2
0xa28753,100%,0,16,16,16,0,0,0
0x67da6f,100%,0,70,70,70,0,0,0
0x638f7c,100%,0,338,338,0,0,0,338
0xa06e1d,100%,0,38,38,0,0,0,38
0xa4bde9,100%,0,4,4,0,0,0,4
0x55118e,100%,0,21,21,0,0,0,21
0x7c79aa,100%,0,32,32,0,0,0,32
0xa58a20,100%,0,40,40,0,0,0,40
0x638fc4,100%,0,338,338,0,0,0,338
0x6674e9,100%,0,2,2,0,0,0,2
0x5f13ce,100%,0,40,40,0,0,0,40
0x63d776,100%,0,3,3,3,0,0,0
0x8d48c5,100%,0,2,2,2,0,0,0
0xa4bc10,100%,0,182,182,0,0,0,182
0x4bce17,100%,0,6,6,6,0,0,0
0xaabd21,100%,0,4,4,0,0,0,4
0x820de3,100%,0,244,244,244,0,0,0
0x4b3a1e,100%,0,4,4,4,0,0,0
0x40ec5a,100%,0,287,287,260,0,0,27
0x7a11fb,100%,0,29,29,0,0,0,29
0x40e96a,100%,0,5,5,5,0,0,0
0x8f6aef,100%,0,336,336,0,0,0,336
0x8f59f8,100%,0,2612,2612,0,0,0,2612
0x49cf98,100%,0,1,1,0,0,0,1
0x7d423a,100%,0,1,1,0,0,0,1
0xa51f6b,100%,0,2,2,0,0,0,2
0x95b368,100%,0,4,4,0,0,0,4
0x8df88f,100%,0,4,4,2,0,0,2
0x4a97cc,100%,0,4,4,4,0,0,0
0x50b30c,100%,0,40,40,40,0,0,0
0xa430ab,100%,0,4,4,4,0,0,0
0x50b664,100%,0,40,40,40,0,0,0
0x834294,100%,0,162,162,162,0,0,0
0x67f64e,100%,0,248,248,0,0,0,248
0xa5245a,100%,0,101,101,0,0,0,101
0xb17a3d,100%,0,715,715,0,0,0,715
0x548aae,100%,0,4,4,4,0,0,0
0x5034eb,100%,0,2,2,0,0,0,2
0x9028fa,100%,0,103,103,0,0,0,103
0x50d7e1,100%,0,58,58,58,0,0,0
0x64a7de,100%,0,2,2,2,0,0,0
0x804757,100%,0,2,2,0,0,0,2
0x6a3a6b,100%,0,26,26,0,0,0,26
0x806f6a,100%,0,392,392,0,0,0,392
0x503449,100%,0,2,2,0,0,0,2
0x50a9c2,100%,0,36,36,0,0,0,36
0xa5233d,100%,0,95,95,0,0,0,95
0x8e5edf,100%,0,32,32,0,0,0,32
0x5dade9,100%,0,4,4,4,0,0,0
0x90e675,100%,0,911,911,0,0,0,911
0x5f7691,100%,0,30,30,0,0,0,30
0x5f13ac,100%,0,40,40,0,0,0,40
0xa51ce6,100%,0,12,12,0,0,0,12
0x5f7614,100%,0,2,2,0,0,0,2
0x8bf1a8,100%,0,2,2,2,0,0,0
0x58cd39,100%,0,51,51,0,0,0,51
0x65bc91,100%,0,505,505,0,0,0,505
0x50fee6,100%,0,2,2,0,0,0,2
0x50fedf,100%,0,2,2,0,0,0,2
0x5f61dd,100%,0,4,4,0,0,0,4
0x50fec8,100%,0,2,2,0,0,0,2
0x8f1366,100%,0,40,40,40,0,0,0
0x622911,100%,0,10,10,0,0,0,10
0x9814d6,100%,0,29,29,0,0,0,29
0x9814de,100%,0,29,29,0,0,0,29
0x8de862,100%,0,144,144,144,0,0,0
0x9f8546,100%,0,9,9,0,0,0,9
0xa6c66f,100%,0,43,43,0,0,0,43
0xb17a64,100%,0,715,715,715,0,0,0
0xa51aa6,100%,0,12,12,0,0,0,12
0xa520f4,100%,0,11,11,11,0,0,0
0x404965,100%,0,9,9,0,0,0,9
0x791e77,100%,0,6,6,6,0,0,0
0x95b806,100%,0,4,4,0,0,0,4
0x9c4eaf,100%,0,3,3,0,0,0,3
0x48725e,100%,0,138,138,0,0,0,138
0x9c7543,100%,0,1,1,1,0,0,0
0x5427ad,100%,0,193,193,0,0,0,193
0xa58447,100%,0,10,10,0,0,0,10
0x81f993,100%,0,9,9,0,0,0,9
0x9699b8,100%,0,39,39,39,0,0,0
0x951bf9,100%,0,9,9,9,0,0,0
0x4a7294,100%,0,389,389,389,0,0,0
0x4b9db8,100%,0,1290,1290,1290,0,0,0
0x50b33b,100%,0,2,2,0,0,0,2
0x4ba802,100%,0,294,294,0,0,0,294
0xa0678a,100%,0,2,2,0,0,0,2
0x8e3868,100%,0,48,48,0,0,0,48
0x8fd820,100%,0,6,6,0,0,0,6
0x4ad2ec,100%,0,20,20,0,0,0,20
0x969840,100%,0,65,65,65,0,0,0
0x50aa77,100%,0,69,69,0,0,0,69
0xa41076,100%,0,45,45,0,0,0,45
0x48ef0a,100%,0,8,8,0,0,0,8
0x54da15,100%,0,39,39,39,0,0,0
0x7dff59,100%,0,8,8,0,0,0,8
0x4bad07,100%,0,8,8,0,0,0,8
0x8f4c4b,100%,0,100,100,100,0,0,0
0x9027a2,100%,0,39,39,0,0,0,39
0xa4959c,100%,0,102,102,102,0,0,0
0x976d3e,100%,0,34,34,34,0,0,0
0x9fdb1b,100%,0,25,25,25,0,0,0
0x501b84,100%,0,778,778,0,0,0,778
0x8e463b,100%,0,373,373,0,0,0,373
0x679a99,100%,0,61,61,61,0,0,0
0x98517e,100%,0,8,8,0,0,0,8
0x9017d5,100%,0,27,27,0,0,0,27
0xa56e09,100%,0,2,2,0,0,0,2
0x943b23,100%,0,139,139,139,0,0,0
0x490f0e,100%,0,41,41,0,0,0,41
0x546645,100%,0,4,4,0,0,0,4
0x5c6566,100%,0,117,117,0,0,0,117
0x5089d7,100%,0,4,4,0,0,0,4
0x4ba8d7,100%,0,48,48,48,0,0,0
0x50cf09,100%,0,233,233,0,0,0,233
0x4b9f08,100%,0,344,344,0,0,0,344
0x49a44e,100%,0,26,26,0,0,0,26
0xa9222e,100%,0,4,4,0,0,0,4
0x679f1d,100%,0,6,6,0,0,0,6
0x944aee,100%,0,222,222,222,0,0,0
0x944a86,100%,0,70,70,70,0,0,0
0xa2d3ec,100%,0,4,4,0,0,0,4
0x9ed5f3,100%,0,6,6,0,0,0,6
0x78c039,100%,0,2,2,0,0,0,2
0x4b48f6,100%,0,71,71,0,0,0,71
0xa2b351,100%,0,2,2,0,0,0,2
0x4b48ed,100%,0,71,71,0,0,0,71
0xa48da6,100%,0,178,178,0,0,0,178
0x60c647,100%,0,4,4,4,0,0,0
0x4b47bb,100%,0,2,2,2,0,0,0
0x9e147d,100%,0,26,26,26,0,0,0
0xa92ace,100%,0,43,43,0,0,0,43
0x6f55a9,100%,0,173,173,173,0,0,0
0x8a6057,100%,0,2,2,0,0,0,2
0x491534,100%,0,158,158,0,0,0,158
0x94afd9,100%,0,16,16,0,0,0,16
0x65afd2,100%,0,13,13,0,0,0,13
0xa2e2a4,100%,0,64,64,0,0,0,64
0x50c366,100%,0,111,111,0,0,0,111
0xa0734f,100%,0,9,9,0,0,0,9
0x7d2fc5,100%,0,65,65,0,0,0,65
0x8ed0e5,100%,0,9,9,0,0,0,9
0x541fbd,100%,0,848,848,0,0,0,848
0x8080dc,100%,0,2,2,0,0,0,2
0x494dfb,100%,0,1,1,1,0,0,0
0x9841e2,100%,0,12,12,0,0,0,12
0x7d4224,100%,0,1,1,0,0,0,1
0x512ae0,100%,0,384,384,384,0,0,0
0x8df2a9,100%,0,8,8,0,0,0,8
0x48d331,100%,0,2,2,2,0,0,0
0xa90fd2,100%,0,195,195,0,0,0,195
0x67514c,100%,0,1,1,0,0,0,1
0x5f631c,100%,0,2,2,0,0,0,2
0x50adf0,100%,0,136,136,0,0,0,136
0xa41175,100%,0,8,8,0,0,0,8
0x672a8f,100%,0,2,2,2,0,0,0
0x5f630b,100%,0,4,4,2,0,0,2
0x956372,100%,0,1,1,1,0,0,0
0xa31928,100%,0,216,216,0,0,0,216
0x59aadb,100%,0,2,2,2,0,0,0
0x817072,100%,0,2,2,2,0,0,0
0xa359c9,100%,0,175,175,0,0,0,175
0x8dbdef,100%,0,186,186,0,0,0,186
0x6196cb,100%,0,75,75,0,0,0,75
0xa44c10,100%,0,4,4,0,0,0,4
0x619e2f,100%,0,5,5,5,0,0,0
0x679692,100%,0,112,112,112,0,0,0
0x8da7aa,100%,0,6,6,6,0,0,0
0x7c761f,100%,0,4,4,0,0,0,4
0x49ff19,100%,0,8746,8746,0,0,0,8746
0x833e34,100%,0,16,16,8,0,0,8
0x6b45fa,100%,0,1,1,0,0,0,1
0xaa81ef,100%,0,5,5,0,0,0,5
0x9f3c95,100%,0,1,1,0,0,0,1
0x48d9ff,100%,0,377,377,0,0,0,377
0x5d88a6,100%,0,30,30,30,0,0,0
0x6b702f,100%,0,1,1,1,0,0,0
0x8ec75f,100%,0,2,2,0,0,0,2
0xa95ae4,100%,0,2,2,2,0,0,0
0x9d064d,100%,0,62,62,0,0,0,62
0xa57586,100%,0,41,41,0,0,0,41
0xa9a2be,100%,0,5,5,0,0,0,5
0x50b2dd,100%,0,4,4,0,0,0,4
0x5f5945,100%,0,2,2,0,0,0,2
0x8d2eca,100%,0,2,2,0,0,0,2
0x54fc66,100%,0,1,1,0,0,0,1
0x5fa673,100%,0,6,6,0,0,0,6
0x4c4d7b,100%,0,11,11,0,0,0,11
0x65a115,100%,0,1463,1463,0,0,0,1463
0x96e759,100%,0,1,1,0,0,0,1
0xa18afd,100%,0,43,43,0,0,0,43
0x5fa71f,100%,0,6,6,0,0,0,6
0x5fa92c,100%,0,30,30,0,0,0,30
0x4a7b5c,100%,0,331,331,0,0,0,331
0x8dc44e,100%,0,4,4,0,0,0,4
0x99d2e8,100%,0,9,9,0,0,0,9
0x9cfdf1,100%,0,13,13,0,0,0,13
0x5fa916,100%,0,165,165,0,0,0,165
0x499df4,100%,0,32,32,0,0,0,32
0xa4ec9f,100%,0,138,138,0,0,0,138
0x6a78b5,100%,0,1,1,0,0,0,1
0x9f4fc5,100%,0,169,169,0,0,0,169
0x7c66e2,100%,0,8,8,0,0,0,8
0x50b3eb,100%,0,8,8,0,0,0,8
0x507f1a,100%,0,5,5,0,0,0,5
0x5feb9d,100%,0,9,9,0,0,0,9
0x906d5e,100%,0,196,196,0,0,0,196
0x6a78e8,100%,0,1,1,1,0,0,0
0xa3ff3f,100%,0,24,24,24,0,0,0
0xa95b45,100%,0,2,2,2,0,0,0
0x906b28,100%,0,358,358,0,0,0,358
0x6cfc35,100%,0,4,4,0,0,0,4
0x7b823d,100%,0,14,14,14,0,0,0
0x6b45e9,100%,0,1,1,0,0,0,1
0x50c696,100%,0,10,10,0,0,0,10
0x9be6ec,100%,0,24,24,0,0,0,24
0x5fa5d3,100%,0,6,6,6,0,0,0
0x59f783,100%,0,4,4,4,0,0,0
0x50b615,100%,0,4,4,0,0,0,4
0x72389d,100%,0,345,345,0,0,0,345
0x544a34,100%,0,18,18,9,0,0,9
0x5eed78,100%,0,2,2,0,0,0,2
0x50af13,100%,0,2,2,0,0,0,2
0x9d1ac8,100%,0,12,12,12,0,0,0
0x7879af,100%,0,2,2,0,0,0,2
0x95922e,100%,0,128,128,0,0,0,128
0x835fae,100%,0,2,2,0,0,0,2
0xa98da6,100%,0,2,2,0,0,0,2
0x66709e,100%,0,149,149,149,0,0,0
0x6deb4f,100%,0,4,4,4,0,0,0
0x58f835,100%,0,74,74,0,0,0,74
0x81a731,100%,0,5965,5965,5965,0,0,0
0x671521,100%,0,2,2,0,0,0,2
0x5e1ae7,100%,0,2,2,2,0,0,0
0x5f553f,100%,0,4,4,0,0,0,4
0x9e2d81,100%,0,16,16,0,0,0,16
0xa04229,100%,0,2,2,2,0,0,0
0x541446,100%,0,40,40,0,0,0,40
0x9f8360,100%,0,2,2,0,0,0,2
0x678bec,100%,0,18,18,0,0,0,18
0x8170b0,100%,0,2,2,2,0,0,0
0x8bd9f2,100%,0,13,13,13,0,0,0
0x9e85b4,100%,0,167,167,0,0,0,167
0x9597b9,100%,0,48,48,0,0,0,48
0x65a239,100%,0,3,3,0,0,0,3
0x6ec04d,100%,0,1,1,1,0,0,0
0x50b47f,100%,0,4,4,4,0,0,0
0x58f68f,100%,0,2,2,0,0,0,2
0x78b6ab,100%,0,12,12,0,0,0,12
0xa21d4e,100%,0,2,2,0,0,0,2
0x697981,100%,0,56,56,0,0,0,56
0x8ec45c,100%,0,2,2,2,0,0,0
0x50b4c1,100%,0,4,4,4,0,0,0
0xa98d9c,100%,0,2,2,0,0,0,2
0x9f086d,100%,0,4,4,0,0,0,4
0x5fe294,100%,0,220,220,220,0,0,0
0x5d2f52,100%,0,4,4,4,0,0,0
0x4b9acb,100%,0,4,4,0,0,0,4
0x50b4d1,100%,0,4,4,4,0,0,0
0x5fe311,100%,0,28,28,12,0,0,16
0x492822,100%,0,1,1,1,0,0,0
0x65bda9,100%,0,12,12,12,0,0,0
0x6b465a,100%,0,1,1,0,0,0,1
0x6ed743,100%,0,1,1,0,0,0,1
0x8deb7a,100%,0,6,6,6,0,0,0
0x8fd827,100%,0,6,6,0,0,0,6
0x591bd3,100%,0,164,164,0,0,0,164
0x95a9a2,100%,0,4,4,0,0,0,4
0xa95436,100%,0,4,4,0,0,0,4
0x5f3c7f,100%,0,3,3,3,0,0,0
0x8fda1f,100%,0,1,1,1,0,0,0
0x508887,100%,0,11,11,0,0,0,11
0x9fb26f,100%,0,41,41,0,0,0,41
0x9fb6c9,100%,0,60,60,60,0,0,0
0xa954a0,100%,0,4,4,4,0,0,0
0x667184,100%,0,6,6,6,0,0,0
0xa31712,100%,0,2,2,2,0,0,0
0x66d422,100%,0,85,85,85,0,0,0
0xa955ae,100%,0,4,4,0,0,0,4
0x5fae9d,100%,0,33,33,0,0,0,33
0x5fae8a,100%,0,33,33,0,0,0,33
0x84360b,100%,0,4,4,4,0,0,0
0x491730,100%,0,1,1,1,0,0,0
0xa955b8,100%,0,4,4,0,0,0,4
0xa087a5,100%,0,8,8,0,0,0,8
0xa958fb,100%,0,4,4,0,0,0,4
0xa95900,100%,0,4,4,0,0,0,4
0x4aabfb,100%,0,30,30,30,0,0,0
0x9fe812,100%,0,3,3,3,0,0,0
0x8f35fc,100%,0,378,378,0,0,0,378
0xa46dea,100%,0,257,257,0,0,0,257
0x9fe745,100%,0,40,40,40,0,0,0
0xa945c2,100%,0,2,2,0,0,0,2
0x9f8075,100%,0,3,3,0,0,0,3
0x51b78b,100%,0,4154,4154,0,0,0,4154
0x8c714f,100%,0,2,2,0,0,0,2
0x9fe6eb,100%,0,40,40,0,0,0,40
0x9fe6cf,100%,0,40,40,0,0,0,40
0x8dcaa5,100%,0,4,4,0,0,0,4
0x9d015c,100%,0,350,350,350,0,0,0
0x40b451,100%,0,2,2,0,0,0,2
0xa94623,100%,0,2,2,2,0,0,0
0x5fb728,100%,0,55,55,55,0,0,0
0x6b460e,100%,0,1,1,0,0,0,1
0x973e2e,100%,0,12,12,0,0,0,12
0xa53f21,100%,0,107,107,0,0,0,107
0x9fe5ed,100%,0,44,44,0,0,0,44
0xa95388,100%,0,6,6,2,0,0,4
0x9fe5de,100%,0,44,44,0,0,0,44
0x5dda06,100%,0,1,1,0,0,0,1
0xa95416,100%,0,4,4,0,0,0,4
0x5faa96,100%,0,1,1,1,0,0,0
0x7c7480,100%,0,6,6,6,0,0,0
0x812256,100%,0,166,166,166,0,0,0
0x9fc088,100%,0,215,215,215,0,0,0
0xa95a2d,100%,0,4,4,4,0,0,0
0x5fabe4,100%,0,1,1,0,0,0,1
0x5faad7,100%,0,1,1,0,0,0,1
0x80f336,100%,0,4,4,4,0,0,0
0xa5bade,100%,0,72,72,0,0,0,72
0x619ae4,100%,0,5,5,5,0,0,0
0x5faabd,100%,0,1,1,0,0,0,1
0x9e2c73,100%,0,23,23,0,0,0,23
0xa0a5b0,100%,0,2,2,0,0,0,2
0xa5baa6,100%,0,2,2,0,0,0,2
0x5fa85d,100%,0,69,69,0,0,0,69
0xa041ea,100%,0,1,1,0,0,0,1
0xa95a6c,100%,0,4,4,4,0,0,0
0xa0a5c4,100%,0,8,8,0,0,0,8
0x4915ce,100%,0,1,1,0,0,0,1
0xa5757a,100%,0,41,41,0,0,0,41
0xa8fa73,100%,0,85,85,0,0,0,85
0xa0a5ed,100%,0,4,4,0,0,0,4
0x6a7896,100%,0,1,1,0,0,0,1
0x491468,100%,0,158,158,0,0,0,158
0x8f2668,100%,0,1,1,0,0,0,1
0xa0a502,100%,0,2,2,0,0,0,2
0x9e72f5,100%,0,1,1,1,0,0,0
0x984342,100%,0,8,8,8,0,0,0
0x5fb26d,100%,0,15,15,15,0,0,0
0x99d358,100%,0,9,9,0,0,0,9
0x441857,100%,0,11,11,0,0,0,11
0x50acc1,100%,0,11,11,2,0,0,9
0x5fac1d,100%,0,1,1,1,0,0,0
0x900fe4,100%,0,5,5,5,0,0,0
0x95ad2f,100%,0,4,4,0,0,0,4
0x9fe37e,100%,0,134,134,0,0,0,134
0xaaa5f3,100%,0,7,7,0,0,0,7
0xa0a532,100%,0,2,2,0,0,0,2
0x8e961b,100%,0,2,2,0,0,0,2
0x5fdc78,100%,0,1,1,0,0,0,1
0xa723d9,100%,0,4,4,0,0,0,4
0x9fb141,100%,0,124,124,124,0,0,0
0x5fdc74,100%,0,1,1,0,0,0,1
0x50e4ce,100%,0,14,14,4,0,0,10
0x509170,100%,0,136,136,0,0,0,136
0x61f3e6,100%,0,20,20,20,0,0,0
0x8bba44,100%,0,13,13,0,0,0,13
0x6a7858,100%,0,1,1,0,0,0,1
0x8e5992,100%,0,451,451,0,0,0,451
0x5f75cb,100%,0,30,30,30,0,0,0
0x9e754c,100%,0,222,222,222,0,0,0
0x5ea9d6,100%,0,8,8,8,0,0,0
0x5f8d1f,100%,0,31,31,0,0,0,31
0x8e3e5b,100%,0,4,4,0,0,0,4
0x5f8ca6,100%,0,45,45,0,0,0,45
0x805200,100%,0,2,2,2,0,0,0
0xa94764,100%,0,29,29,0,0,0,29
0x6b4668,100%,0,1,1,0,0,0,1
0x6f4520,100%,0,18,18,18,0,0,0
0x63f80f,100%,0,2,2,0,0,0,2
0x5b6067,100%,0,1,1,0,0,0,1
0x80b8fc,100%,0,208,208,208,0,0,0
0xa017cb,100%,0,2,2,0,0,0,2
0x5f87fc,100%,0,1,1,0,0,0,1
0x64a618,100%,0,2,2,2,0,0,0
0x5510ff,100%,0,2,2,0,0,0,2
0xa508d0,100%,0,4,4,0,0,0,4
0x9f481a,100%,0,8,8,0,0,0,8
0x81cfb6,100%,0,182,182,0,0,0,182
0x9e3ce7,100%,0,14,14,0,0,0,14
0x551104,100%,0,2,2,2,0,0,0
0xa4bd27,100%,0,4,4,0,0,0,4
0x9e7fd2,100%,0,123,123,0,0,0,123
0xa50d9b,100%,0,4,4,0,0,0,4
0xa3966f,100%,0,1491,1491,0,0,0,1491
0x5416f9,100%,0,8,8,0,0,0,8
0x8fda7e,100%,0,17,17,0,0,0,17
0x9f0825,100%,0,5,5,5,0,0,0
0x48eff7,100%,0,264,264,0,0,0,264
0x666d49,100%,0,4,4,0,0,0,4
0x6f4571,100%,0,18,18,18,0,0,0
0x9f406f,100%,0,3,3,0,0,0,3
0xa4e982,100%,0,138,138,0,0,0,138
0x90fae5,100%,0,2,2,0,0,0,2
0xa0a64d,100%,0,6,6,0,0,0,6
0x9e05fc,100%,0,58,58,0,0,0,58
0x9d11ba,100%,0,120,120,0,0,0,120
0x9e7a83,100%,0,141,141,0,0,0,141
0x4c72f9,100%,0,18,18,18,0,0,0
0x679892,100%,0,6,6,0,0,0,6
0x9e7a3e,100%,0,141,141,0,0,0,141
0x90fb0b,100%,0,2,2,2,0,0,0
0x5e5cde,100%,0,3,3,0,0,0,3
0x556aa9,100%,0,4,4,4,0,0,0
0xa9d36b,100%,0,2,2,0,0,0,2
0x63f795,100%,0,2,2,0,0,0,2
0x4c4c1a,100%,0,13,13,0,0,0,13
0x59c90e,100%,0,2,2,2,0,0,0
0x5f774a,100%,0,4,4,0,0,0,4
0x99e6b9,100%,0,13,13,0,0,0,13
0x5a9181,100%,0,29,29,29,0,0,0
0x40e44a,100%,0,232,232,0,0,0,232
0x53f202,100%,0,425,425,0,0,0,425
0x7817ce,100%,0,63,63,0,0,0,63
0x8e787f,100%,0,240,240,240,0,0,0
0x8161af,100%,0,2,2,0,0,0,2
0x7cf71e,100%,0,14,14,0,0,0,14
0x5bae68,100%,0,2,2,0,0,0,2
0x5f26fd,100%,0,2,2,2,0,0,0
0x4ab1b6,100%,0,37,37,0,0,0,37
0xad4566,100%,0,5,5,0,0,0,5
0x54534b,100%,0,4,4,0,0,0,4
0x50d0bc,100%,0,2,2,0,0,0,2
0x4415d7,100%,0,11,11,0,0,0,11
0x5451ea,100%,0,4,4,0,0,0,4
0x49056c,100%,0,3,3,0,0,0,3
0x9a3a7a,100%,0,2,2,0,0,0,2
0x780a36,100%,0,14,14,0,0,0,14
0x7c685a,100%,0,2,2,0,0,0,2
0x65ad7e,100%,0,1,1,1,0,0,0
0x81ff76,100%,0,48,48,0,0,0,48
0x4106f6,100%,0,9,9,0,0,0,9
0x81fc6f,100%,0,98,98,0,0,0,98
0x53373b,100%,0,7,7,0,0,0,7
0x5c525d,100%,0,8,8,8,0,0,0
0x83a9f9,100%,0,4,4,0,0,0,4
0x4c2309,100%,0,16,16,0,0,0,16
0x8bf18c,100%,0,2,2,0,0,0,2
0xa589ab,100%,0,146,146,0,0,0,146
0x667556,100%,0,2,2,0,0,0,2
0xa3960d,100%,0,603,603,0,0,0,603
0x5f7544,100%,0,2,2,0,0,0,2
0x9ebf41,100%,0,61,61,0,0,0,61
0x81c13c,100%,0,96,96,0,0,0,96
0x9ef2ad,100%,0,141,141,0,0,0,141
0x9ecacf,100%,0,5,5,5,0,0,0
0x4b3922,100%,0,4,4,4,0,0,0
0x5f844a,100%,0,584,584,0,0,0,584
0x441677,100%,0,11,11,0,0,0,11
0xa3942b,100%,0,14,14,0,0,0,14
0x7cf679,100%,0,8,8,0,0,0,8
0x8e3a31,100%,0,8,8,8,0,0,0
0x9f47ef,100%,0,4,4,4,0,0,0
0x9f01e7,100%,0,2,2,0,0,0,2
0x5e5ce3,100%,0,3,3,3,0,0,0
0xa4b727,100%,0,237,237,237,0,0,0
0x8e46aa,100%,0,16,16,0,0,0,16
0x7d3e66,100%,0,3,3,0,0,0,3
0x8bdd5f,100%,0,5,5,0,0,0,5
0x803b4b,100%,0,2,2,0,0,0,2
0xa1a1d8,100%,0,9,9,0,0,0,9
0x5f53fb,100%,0,12,12,12,0,0,0
0x80a23b,100%,0,4,4,0,0,0,4
0x978697,100%,0,10,10,10,0,0,0
0x5f2f3b,100%,0,1,1,0,0,0,1
0x5f544e,100%,0,12,12,0,0,0,12
0xa63c8d,100%,0,3,3,3,0,0,0
0x5f547a,100%,0,2,2,2,0,0,0
0x5f9e87,100%,0,6,6,0,0,0,6
0x606fa6,100%,0,10,10,10,0,0,0
0xa1a1a4,100%,0,5,5,0,0,0,5
0x9e7d12,100%,0,24,24,24,0,0,0
0x8f25d7,100%,0,37,37,37,0,0,0
0xa1a149,100%,0,5,5,0,0,0,5
0x99ef20,100%,0,2,2,2,0,0,0
0x501b16,100%,0,794,794,0,0,0,794
0x9f080d,100%,0,1,1,0,0,0,1
0x591645,100%,0,3,3,0,0,0,3
0x504e7d,100%,0,38,38,0,0,0,38
0x66755f,100%,0,2,2,2,0,0,0
0x973ee8,100%,0,24,24,24,0,0,0
0x6d11de,100%,0,4,4,0,0,0,4
0x70d740,100%,0,3,3,3,0,0,0
0x5d68cd,100%,0,3,3,3,0,0,0
0x491bf4,100%,0,1,1,1,0,0,0
0x5eb2d6,100%,0,2,2,0,0,0,2
0x5d139e,100%,0,20,20,0,0,0,20
0x9f2494,100%,0,82,82,0,0,0,82
0x5fda7c,100%,0,93,93,93,0,0,0
0x9d1139,100%,0,244,244,0,0,0,244
0x6673ce,100%,0,40,40,0,0,0,40
0x97a639,100%,0,36,36,0,0,0,36
0x7c79fc,100%,0,24,24,0,0,0,24
0x7d37d6,100%,0,40,40,40,0,0,0
0x5f5395,100%,0,2,2,0,0,0,2
0xa5beb0,100%,0,8,8,0,0,0,8
0xa98e6a,100%,0,2,2,0,0,0,2
0x67c5a0,100%,0,1548,1548,0,0,0,1548
0x504271,100%,0,3,3,0,0,0,3
0x58f724,100%,0,2,2,0,0,0,2
0x4ba4dd,100%,0,22,22,0,0,0,22
0x6dceb6,100%,0,4,4,0,0,0,4
0xa956ca,100%,0,4,4,0,0,0,4
0x4b9f9e,100%,0,63,63,63,0,0,0
0x9d0655,100%,0,62,62,0,0,0,62
0xa9d02b,100%,0,2,2,2,0,0,0
0x5f7afe,100%,0,7,7,0,0,0,7
0x58e73f,100%,0,6,6,0,0,0,6
0x49b053,100%,0,2,2,0,0,0,2
0x9e78e6,100%,0,122,122,122,0,0,0
0xa9ef3a,100%,0,2,2,0,0,0,2
0x90218b,100%,0,203,203,0,0,0,203
0x5f5527,100%,0,4,4,0,0,0,4
0x666f5e,100%,0,2,2,0,0,0,2
0x7aee0b,100%,0,10,10,4,0,0,6
0x9be9bb,100%,0,2,2,2,0,0,0
0x94377a,100%,0,75,75,0,0,0,75
0xa96f79,100%,0,15,15,0,0,0,15
0xa92327,100%,0,4,4,0,0,0,4
0x5f9661,100%,0,8,8,8,0,0,0
0x5f9659,100%,0,8,8,0,0,0,8
0xa3789f,100%,0,10,10,0,0,0,10
0x9c5530,100%,0,4,4,0,0,0,4
0x9f0881,100%,0,10,10,8,0,0,2
0x540f43,100%,0,8,8,0,0,0,8
0x5a661f,100%,0,2,2,0,0,0,2
0x9f38ff,100%,0,4,4,0,0,0,4
0x5f80b4,100%,0,4,4,4,0,0,0
0x590597,100%,0,2,2,0,0,0,2
0x502ce4,100%,0,19,19,0,0,0,19
0x4a63db,100%,0,2,2,0,0,0,2
0x5f7a8d,100%,0,1,1,0,0,0,1
0x809d8f,100%,0,561,561,0,0,0,561
0xa07800,100%,0,2,2,2,0,0,0
0xa2ed5e,100%,0,29,29,0,0,0,29
0x6f5545,100%,0,309,309,0,0,0,309
0x65bde6,100%,0,12,12,12,0,0,0
0x9f07d2,100%,0,2,2,2,0,0,0
0xa0badd,100%,0,1,1,0,0,0,1
0x8fd20f,100%,0,6,6,0,0,0,6
0xa316d5,100%,0,2,2,0,0,0,2
0x639b82,100%,0,65,65,0,0,0,65
0x9e6e1b,100%,0,6,6,6,0,0,0
0x8a5a59,100%,0,2,2,0,0,0,2
0x5916bf,100%,0,3,3,0,0,0,3
0x9d0620,100%,0,62,62,62,0,0,0
0x5f919b,100%,0,9,9,0,0,0,9
0x4bb9b7,100%,0,204,204,204,0,0,0
0x7c7acf,100%,0,24,24,0,0,0,24
0xa5fa9b,100%,0,8,8,8,0,0,0
0x5af26f,100%,0,6,6,0,0,0,6
0x6ed290,100%,0,1,1,1,0,0,0
0xa338f2,100%,0,7,7,2,0,0,5
0x5089aa,100%,0,4,4,0,0,0,4
0x90e39a,100%,0,67,67,0,0,0,67
0x6ed70b,100%,0,1,1,0,0,0,1
0x5d4659,100%,0,14,14,14,0,0,0
0x5af178,100%,0,10,10,10,0,0,0
0xa4ce1e,100%,0,4,4,0,0,0,4
0x5fc2dc,100%,0,116,116,0,0,0,116
0x956440,100%,0,1,1,1,0,0,0
0x5fc287,100%,0,2,2,0,0,0,2
0x4b7921,100%,0,28,28,0,0,0,28
0x99dcfe,100%,0,15,15,0,0,0,15
0xa4cde6,100%,0,4,4,0,0,0,4
0x64ac67,100%,0,8,8,0,0,0,8
0x901fe4,100%,0,461,461,0,0,0,461
0x50c628,100%,0,46,46,0,0,0,46
0xa515f2,100%,0,162,162,162,0,0,0
0x592bbd,100%,0,59,59,59,0,0,0
0xb31357,100%,0,969,969,0,0,0,969
0x540a90,100%,0,14,14,2,0,0,12
0x509023,100%,0,13,13,0,0,0,13
0x833baf,100%,0,4,4,0,0,0,4
0x50ce91,100%,0,31,31,31,0,0,0
0x94e9df,100%,0,60,60,0,0,0,60
0x50367b,100%,0,1,1,1,0,0,0
0xa4cfb1,100%,0,8,8,0,0,0,8
0x6ebfbc,100%,0,1,1,1,0,0,0
0x503676,100%,0,1,1,0,0,0,1
0x4b8a62,100%,0,16,16,0,0,0,16
0x80a7eb,100%,0,2,2,0,0,0,2
0x5473bd,100%,0,61,61,0,0,0,61
0xa52bfd,100%,0,212,212,0,0,0,212
0x8114b1,100%,0,5,5,5,0,0,0
0x5fc925,100%,0,2,2,2,0,0,0
0x4ae593,100%,0,1,1,0,0,0,1
0x4bdfec,100%,0,2,2,2,0,0,0
0x5fc8e5,100%,0,2,2,2,0,0,0
0xa98d3b,100%,0,15,15,0,0,0,15
0x48781b,100%,0,2,2,0,0,0,2
0x49a1c3,100%,0,1,1,1,0,0,0
0x8d3d6b,100%,0,31,31,0,0,0,31
0x5fc7b3,100%,0,2,2,0,0,0,2
0x7efcf1,100%,0,2,2,0,0,0,2
0x981411,100%,0,73,73,6,0,0,67
0x9447b0,100%,0,118,118,0,0,0,118
0x5fc49d,100%,0,2,2,0,0,0,2
0x40f860,100%,0,76,76,0,0,0,76
0x8edb83,100%,0,2,2,0,0,0,2
0xa4c615,100%,0,4,4,0,0,0,4
0xa4b9a1,100%,0,4,4,4,0,0,0
0x833850,100%,0,2,2,0,0,0,2
0x7d28d7,100%,0,12,12,0,0,0,12
0x9735a5,100%,0,5,5,0,0,0,5
0x8337cd,100%,0,2,2,0,0,0,2
0x5f404c,100%,0,4,4,0,0,0,4
0x7f12ec,100%,0,7,7,0,0,0,7
0x973189,100%,0,610,610,0,0,0,610
0x6ebfdb,100%,0,1,1,0,0,0,1
0x7ef9bf,100%,0,2,2,2,0,0,0
0x833751,100%,0,2,2,0,0,0,2
0x5d6c5c,100%,0,3,3,3,0,0,0
0x6923c2,100%,0,22,22,10,0,0,12
0x80a1c5,100%,0,4,4,0,0,0,4
0x9fb5e3,100%,0,306,306,0,0,0,306
0x94a009,100%,0,223,223,223,0,0,0
0x99f653,100%,0,102,102,0,0,0,102
0xa582a5,100%,0,23,23,0,0,0,23
0x59fd04,100%,0,2,2,0,0,0,2
0x5dae4d,100%,0,4,4,4,0,0,0
0xa05d84,100%,0,1,1,0,0,0,1
0x9082e2,100%,0,684,684,684,0,0,0
0x6f09ef,100%,0,16,16,0,0,0,16
0x5f32c8,100%,0,2,2,0,0,0,2
0x97864c,100%,0,10,10,10,0,0,0
0xa3fce7,100%,0,56,56,56,0,0,0
0x67a755,100%,0,78,78,78,0,0,0
0x4bcd06,100%,0,13,13,0,0,0,13
0x7826ca,100%,0,6,6,0,0,0,6
0xa4ca16,100%,0,4,4,0,0,0,4
0x6f09fc,100%,0,16,16,0,0,0,16
0xa55827,100%,0,2,2,0,0,0,2
0x6dce46,100%,0,4,4,4,0,0,0
0x491646,100%,0,1,1,1,0,0,0
0x83396a,100%,0,133,133,133,0,0,0
0x833964,100%,0,133,133,0,0,0,133
0x60e3af,100%,0,4,4,4,0,0,0
0x4ae56d,100%,0,2,2,0,0,0,2
0x905069,100%,0,137,137,137,0,0,0
0xa4c838,100%,0,4,4,4,0,0,0
0x4b5f39,100%,0,8,8,4,0,0,4
0xa21f2e,100%,0,2,2,0,0,0,2
0x7d29f3,100%,0,5,5,5,0,0,0
0x5e205e,100%,0,3,3,0,0,0,3
0x67501f,100%,0,25,25,0,0,0,25
0x99e5b7,100%,0,13,13,0,0,0,13
0x649169,100%,0,2,2,0,0,0,2
0x9f4a4c,100%,0,3,3,3,0,0,0
0x65bc36,100%,0,505,505,0,0,0,505
0x507eee,100%,0,136,136,0,0,0,136
0x8bd8ca,100%,0,18,18,0,0,0,18
0x491c47,100%,0,1,1,1,0,0,0
0x6711d6,100%,0,2,2,2,0,0,0
0x998933,100%,0,1,1,0,0,0,1
0x5d457f,100%,0,14,14,14,0,0,0
0x8efdde,100%,0,14,14,0,0,0,14
0xa54325,100%,0,19,19,0,0,0,19
0x67184a,100%,0,2,2,2,0,0,0
0x648ce9,100%,0,2,2,2,0,0,0
0x697973,100%,0,56,56,0,0,0,56
0x5df7fd,100%,0,14,14,0,0,0,14
0xa3eee7,100%,0,8,8,0,0,0,8
0x69904a,100%,0,1,1,1,0,0,0
0x9edce6,100%,0,64,64,0,0,0,64
0x670d8d,100%,0,2,2,0,0,0,2
0x50b981,100%,0,135,135,0,0,0,135
0x4a97e9,100%,0,4,4,0,0,0,4
0x973ae5,100%,0,10,10,0,0,0,10
0x554797,100%,0,63,63,63,0,0,0
0xa46604,100%,0,112,112,0,0,0,112
0x99ebc1,100%,0,13,13,0,0,0,13
0x4a6276,100%,0,3,3,3,0,0,0
0x97521d,100%,0,19,19,0,0,0,19
0x672a85,100%,0,2,2,0,0,0,2
0xa541ed,100%,0,433,433,0,0,0,433
0x8df8e3,100%,0,4,4,0,0,0,4
0x9f38d4,100%,0,4,4,4,0,0,0
0xa01847,100%,0,4,4,0,0,0,4
0x8e1262,100%,0,16,16,0,0,0,16
0x8f12cd,100%,0,40,40,40,0,0,0
0xa4f715,100%,0,38,38,0,0,0,38
0x5c4fe4,100%,0,31,31,0,0,0,31
0x6724db,100%,0,2,2,2,0,0,0
0x5b52fe,100%,0,2,2,2,0,0,0
0x838f61,100%,0,28,28,28,0,0,0
0xa4f7a5,100%,0,18,18,0,0,0,18
0x8adccc,100%,0,21,21,0,0,0,21
0x68b075,100%,0,4,4,4,0,0,0
0xa958f1,100%,0,4,4,0,0,0,4
0x6722dc,100%,0,2,2,0,0,0,2
0x671b6f,100%,0,2,2,2,0,0,0
0x683206,100%,0,37,37,37,0,0,0
0x67187b,100%,0,2,2,2,0,0,0
0xa99975,100%,0,1,1,0,0,0,1
0x8ebfc5,100%,0,2,2,0,0,0,2
0x8e0f98,100%,0,16,16,0,0,0,16
0x50427c,100%,0,33,33,3,0,0,30
0xa503b5,100%,0,4,4,4,0,0,0
0x6797f9,100%,0,6,6,0,0,0,6
0x66f65f,100%,0,3,3,1,0,0,2
0xa4d86a,100%,0,121,121,0,0,0,121
0xa4d535,100%,0,283,283,0,0,0,283
0x66f63a,100%,0,26,26,0,0,0,26
0x809c60,100%,0,2,2,0,0,0,2
0x7c7ab6,100%,0,24,24,0,0,0,24
0xa3d911,100%,0,8,8,0,0,0,8
0x49cf1f,100%,0,1,1,0,0,0,1
0x5bac79,100%,0,378,378,0,0,0,378
0x5af7cc,100%,0,44,44,44,0,0,0
0x96ea7d,100%,0,1,1,0,0,0,1
0x5bac51,100%,0,378,378,378,0,0,0
0xa9a0e6,100%,0,5,5,0,0,0,5
0x8e9d0f,100%,0,4,4,4,0,0,0
0xa4d1a2,100%,0,4,4,0,0,0,4
0x6994b4,100%,0,1,1,1,0,0,0
0x4ada0d,100%,0,5,5,5,0,0,0
0x8e3e09,100%,0,4,4,0,0,0,4
0x40a5b0,100%,0,24,24,24,0,0,0
0x759489,100%,0,5,5,0,0,0,5
0x670b43,100%,0,2,2,0,0,0,2
0x837452,100%,0,5,5,0,0,0,5
0x67f35e,100%,0,2,2,2,0,0,0
0x59fc10,100%,0,1,1,0,0,0,1
0x80b3ba,100%,0,5,5,0,0,0,5
0x48c380,100%,0,7,7,0,0,0,7
0x670aa5,100%,0,2,2,2,0,0,0
0x7be056,100%,0,4,4,0,0,0,4
0xa4a30c,100%,0,18,18,0,0,0,18
0x508dd9,100%,0,34,34,0,0,0,34
0x5a875f,100%,0,2,2,0,0,0,2
0x67f418,100%,0,2,2,2,0,0,0
0x5fff99,100%,0,836,836,0,0,0,836
0x50c0e9,100%,0,20,20,0,0,0,20
0xaa40de,100%,0,14,14,0,0,0,14
0x9fdb83,100%,0,25,25,0,0,0,25
0xa4a0fe,100%,0,133,133,0,0,0,133
0xaaa667,100%,0,7,7,0,0,0,7
0x699436,100%,0,1,1,0,0,0,1
0x677baa,100%,0,78,78,78,0,0,0
0x5f06a6,100%,0,68,68,68,0,0,0
0x5481dd,100%,0,6869,6869,0,0,0,6869
0x5bb550,100%,0,2,2,2,0,0,0
0x40a00f,100%,0,1,1,0,0,0,1
0x96e7a8,100%,0,1,1,1,0,0,0
0x4c81fe,100%,0,18,18,18,0,0,0
0x8a7e32,100%,0,2,2,2,0,0,0
0x9fe182,100%,0,25,25,0,0,0,25
0x5fb424,100%,0,2,2,0,0,0,2
0xa91964,100%,0,42,42,0,0,0,42
0x9fe177,100%,0,25,25,0,0,0,25
0x95a9e8,100%,0,4,4,0,0,0,4
0xa2f082,100%,0,38,38,0,0,0,38
0xa0f18c,100%,0,6,6,0,0,0,6
0x9fe1ae,100%,0,25,25,0,0,0,25
0x5bb540,100%,0,2,2,0,0,0,2
0x5bedb4,100%,0,2,2,0,0,0,2
0x9fc8a5,100%,0,7,7,0,0,0,7
0x94385c,100%,0,40,40,0,0,0,40
0x505b13,100%,0,11,11,0,0,0,11
0xa0981a,100%,0,1,1,1,0,0,0
0x98d091,100%,0,7,7,7,0,0,0
0x7dfa92,100%,0,2,2,2,0,0,0
0x804057,100%,0,3,3,0,0,0,3
0x7c7bec,100%,0,1,1,0,0,0,1
0x60c718,100%,0,7,7,0,0,0,7
0x8045da,100%,0,17,17,0,0,0,17
0x492f2e,100%,0,72,72,0,0,0,72
0x5ffaf2,100%,0,46,46,0,0,0,46
0x60c4e8,100%,0,134,134,0,0,0,134
0x903315,100%,0,12,12,0,0,0,12
0xa49a4d,100%,0,4,4,4,0,0,0
0x95b5c5,100%,0,8,8,8,0,0,0
0x5046a7,100%,0,18,18,18,0,0,0
0x80a7ae,100%,0,1,1,0,0,0,1
0x65c314,100%,0,65,65,0,0,0,65
0x643a17,100%,0,24,24,0,0,0,24
0x6d1efc,100%,0,33,33,0,0,0,33
0x7cf7d5,100%,0,8,8,0,0,0,8
0x639c4e,100%,0,12,12,12,0,0,0
0xa6b470,100%,0,4,4,4,0,0,0
0x65c325,100%,0,63,63,0,0,0,63
0x5f0ab1,100%,0,3,3,0,0,0,3
0x5e3ae0,100%,0,3,3,3,0,0,0
0x5fefe4,100%,0,4,4,0,0,0,4
0x4414f7,100%,0,11,11,0,0,0,11
0xa50d8f,100%,0,4,4,0,0,0,4
0x9fde0e,100%,0,25,25,0,0,0,25
0x95a936,100%,0,4,4,0,0,0,4
0x8f2b60,100%,0,68,68,68,0,0,0
0x60024a,100%,0,23,23,0,0,0,23
0x5fe827,100%,0,56,56,0,0,0,56
0xa0f386,100%,0,6,6,0,0,0,6
0xaad2ae,100%,0,3,3,0,0,0,3
0x49d789,100%,0,88,88,0,0,0,88
0xa53cb4,100%,0,2,2,0,0,0,2
0x78bf97,100%,0,9,9,0,0,0,9
0xa9453e,100%,0,29,29,0,0,0,29
0x820cd7,100%,0,11,11,11,0,0,0
0x5fb8ef,100%,0,26,26,26,0,0,0
0x4bb6e1,100%,0,209,209,209,0,0,0
0xa0f3ca,100%,0,6,6,0,0,0,6
0x48da88,100%,0,46,46,46,0,0,0
0xa5befc,100%,0,32,32,0,0,0,32
0xa0ba5c,100%,0,4,4,0,0,0,4
0x5fb8cb,100%,0,55,55,0,0,0,55
0x5fb8af,100%,0,55,55,55,0,0,0
0x48da6c,100%,0,46,46,0,0,0,46
0x5ef98a,100%,0,17,17,0,0,0,17
0x67978b,100%,0,6,6,0,0,0,6
0xa06ab1,100%,0,2,2,0,0,0,2
0x508857,100%,0,11,11,0,0,0,11
0x50885d,100%,0,11,11,0,0,0,11
0xa9ff3a,100%,0,3,3,0,0,0,3
0x480df5,100%,0,9,9,9,0,0,0
0x4a58cf,100%,0,55,55,55,0,0,0
0x504744,100%,0,18,18,0,0,0,18
0x506232,100%,0,7,7,0,0,0,7
0xa951a7,100%,0,4,4,4,0,0,0
0x441a05,100%,0,11,11,11,0,0,0
0x81288b,100%,0,4,4,4,0,0,0
0x4b834c,100%,0,9,9,0,0,0,9
0x97a464,100%,0,18,18,0,0,0,18
0x78f823,100%,0,29,29,0,0,0,29
0xaa460d,100%,0,99,99,0,0,0,99
0x54f46d,100%,0,43,43,0,0,0,43
0x7d2ed8,100%,0,258,258,258,0,0,0
0xa7b408,100%,0,1,1,0,0,0,1
0x48c73f,100%,0,58,58,0,0,0,58
0x5f9d4a,100%,0,27,27,27,0,0,0
0xaa25a8,100%,0,22,22,0,0,0,22
0x5f9d3a,100%,0,27,27,0,0,0,27
0x7c7c22,100%,0,82,82,82,0,0,0
0xaad30f,100%,0,7,7,7,0,0,0
0xa0f30c,100%,0,6,6,0,0,0,6
0xaad29e,100%,0,7,7,7,0,0,0
0xa5bf0c,100%,0,32,32,32,0,0,0
0xa0f366,100%,0,6,6,0,0,0,6
0x9fe2f6,100%,0,10,10,10,0,0,0
0x9fb7ba,100%,0,3,3,3,0,0,0
0xa58906,100%,0,116,116,0,0,0,116
0x6497b6,100%,0,2,2,0,0,0,2
0x83a980,100%,0,3,3,0,0,0,3
0x9eee72,100%,0,26,26,26,0,0,0
0x70e8ae,100%,0,6,6,6,0,0,0
0xa963c9,100%,0,2,2,2,0,0,0
0x90d04b,100%,0,163,163,0,0,0,163
0x70e8cf,100%,0,6,6,0,0,0,6
0xa9ef42,100%,0,2,2,2,0,0,0
0x4bb81b,100%,0,18,18,0,0,0,18
0x505239,100%,0,27,27,0,0,0,27
0x8e363a,100%,0,4,4,0,0,0,4
0x5e6153,100%,0,10,10,10,0,0,0
0xa361b8,100%,0,5,5,5,0,0,0
0x8e8d63,100%,0,2,2,0,0,0,2
0x8ebeb1,100%,0,2,2,0,0,0,2
0x50974b,100%,0,10,10,10,0,0,0
0x9fe91f,100%,0,37,37,37,0,0,0
0x9fe7fa,100%,0,37,37,37,0,0,0
0x8340f4,100%,0,4,4,4,0,0,0
0x97a45f,100%,0,18,18,0,0,0,18
0x983fc7,100%,0,8,8,0,0,0,8
0x90699a,100%,0,79,79,79,0,0,0
0x5ae5c6,100%,0,25,25,0,0,0,25
0x692411,100%,0,10,10,10,0,0,0
0x69243b,100%,0,10,10,0,0,0,10
0x5edd23,100%,0,7,7,7,0,0,0
0x6674a0,100%,0,51,51,51,0,0,0
0x6841e7,100%,0,8,8,8,0,0,0
0x804768,100%,0,2,2,2,0,0,0
0x906a00,100%,0,79,79,0,0,0,79
0x8a314d,100%,0,10,10,10,0,0,0
0x9eed9d,100%,0,6,6,0,0,0,6
0x5e3904,100%,0,3,3,0,0,0,3
0x9fcfc0,100%,0,18,18,18,0,0,0
0x5ef9fe,100%,0,1,1,0,0,0,1
0x7c6872,100%,0,2,2,0,0,0,2
0xa28fd1,100%,0,16,16,0,0,0,16
0x94b157,100%,0,207,207,0,0,0,207
0x94d26d,100%,0,207,207,207,0,0,0
0x7c719b,100%,0,44,44,0,0,0,44
0xaa7f74,100%,0,3,3,0,0,0,3
0x4a7d1d,100%,0,274,274,0,0,0,274
0x9e063f,100%,0,58,58,58,0,0,0
0x905cee,100%,0,128,128,0,0,0,128
0xa5c2ec,100%,0,32,32,0,0,0,32
0x9a34f0,100%,0,118,118,118,0,0,0
0xa9033c,100%,0,38,38,38,0,0,0
0x78d5f0,100%,0,64,64,64,0,0,0
0x8ec2a3,100%,0,2,2,0,0,0,2
0x8e02ea,100%,0,285,285,0,0,0,285
0x78182e,100%,0,6,6,0,0,0,6
0x7d3ec4,100%,0,3,3,0,0,0,3
0xa07f32,100%,0,1,1,0,0,0,1
0x9f1729,100%,0,90,90,0,0,0,90
0xa52408,100%,0,162,162,0,0,0,162
0x96605a,100%,0,10,10,0,0,0,10
0x7cf7f2,100%,0,8,8,0,0,0,8
0x65c6c1,100%,0,4,4,0,0,0,4
0x402df7,100%,0,4,4,4,0,0,0
0x96e972,100%,0,1,1,0,0,0,1
0x9e37bf,100%,0,25,25,0,0,0,25
0x7b637f,100%,0,45,45,45,0,0,0
0x820bc5,100%,0,1,1,0,0,0,1
0xa040b9,100%,0,1,1,0,0,0,1
0x647e13,100%,0,49,49,49,0,0,0
0x98b383,100%,0,5,5,0,0,0,5
0x8df6a9,100%,0,2,2,0,0,0,2
0x5ffb39,100%,0,46,46,0,0,0,46
0x9fcbf7,100%,0,25,25,25,0,0,0
0x8a5a63,100%,0,2,2,0,0,0,2
0x9fcf9f,100%,0,18,18,18,0,0,0
0x70e909,100%,0,2,2,2,0,0,0
0xa58f66,100%,0,119,119,0,0,0,119
0x9fdbbe,100%,0,25,25,7,0,0,18
0xa69f41,100%,0,4,4,0,0,0,4
0x70e96b,100%,0,2,2,2,0,0,0
0x8340ee,100%,0,4,4,0,0,0,4
0xaaae56,100%,0,46,46,46,0,0,0
0x9f5953,100%,0,25,25,0,0,0,25
0x48bf6e,100%,0,10,10,0,0,0,10
0x804dff,100%,0,2,2,0,0,0,2
0xa48237,100%,0,60,60,0,0,0,60
0x8127ee,100%,0,15,15,0,0,0,15
0xa017ab,100%,0,2,2,2,0,0,0
0x9d0b5a,100%,0,51,51,0,0,0,51
0x8340aa,100%,0,2,2,2,0,0,0
0x64abd3,100%,0,8,8,0,0,0,8
0x7d2b31,100%,0,13,13,13,0,0,0
0xa378cd,100%,0,4,4,0,0,0,4
0x9fceb3,100%,0,25,25,0,0,0,25
0x97ace1,100%,0,8,8,0,0,0,8
0x5b52ed,100%,0,2,2,0,0,0,2
0x409359,100%,0,2,2,0,0,0,2
0x5a8959,100%,0,2,2,0,0,0,2
0x9d2782,100%,0,1,1,1,0,0,0
0x80e0cd,100%,0,4,4,4,0,0,0
0x5bc8ad,100%,0,2,2,2,0,0,0
0xa2f137,100%,0,1,1,0,0,0,1
0xa3d170,100%,0,8,8,0,0,0,8
0x49c3f3,100%,0,2,2,0,0,0,2
0x8d48a2,100%,0,2,2,0,0,0,2
0x64f2fc,100%,0,4,4,0,0,0,4
0x88df71,100%,0,6,6,0,0,0,6
0xa2edbe,100%,0,29,29,0,0,0,29
0x8d2172,100%,0,2,2,0,0,0,2
0x7c68a2,100%,0,2,2,0,0,0,2
0x5f78e1,100%,0,4,4,0,0,0,4
0x88dfbd,100%,0,6,6,0,0,0,6
0x8d3d97,100%,0,31,31,0,0,0,31
0xa4bb15,100%,0,4,4,0,0,0,4
0x9e2e67,100%,0,13,13,0,0,0,13
0x9ed206,100%,0,6,6,0,0,0,6
0x80a3a9,100%,0,4,4,0,0,0,4
0x5efe75,100%,0,1,1,1,0,0,0
0x81e690,100%,0,553,553,553,0,0,0
0x4aaf09,100%,0,11,11,0,0,0,11
0x58d1bc,100%,0,92,92,0,0,0,92
0xa6b4c4,100%,0,4,4,0,0,0,4
0xad6c65,100%,0,2,2,0,0,0,2
0xa9494e,100%,0,24,24,24,0,0,0
0xa9492c,100%,0,24,24,0,0,0,24
0x533bfd,100%,0,9,9,0,0,0,9
0xa949b1,100%,0,24,24,0,0,0,24
0x9d1b48,100%,0,6,6,0,0,0,6
0xa95d50,100%,0,574,574,0,0,0,574
0x7c6937,100%,0,2,2,0,0,0,2
0xa446ec,100%,0,52,52,0,0,0,52
0xa345fc,100%,0,91,91,0,0,0,91
0x7c692d,100%,0,2,2,0,0,0,2
0x533a49,100%,0,9,9,0,0,0,9
0x610968,100%,0,13,13,0,0,0,13
0xa942ae,100%,0,8,8,8,0,0,0
0x5f060d,100%,0,122,122,0,0,0,122
0xa05022,100%,0,2,2,1,0,0,1
0x7d4043,100%,0,3,3,0,0,0,3
0xacdb9c,100%,0,2,2,2,0,0,0
0x8da87f,100%,0,6,6,6,0,0,0
0x593229,100%,0,14,14,0,0,0,14
0x8f4a13,100%,0,6,6,0,0,0,6
0x90f004,100%,0,200,200,200,0,0,0
0x7c68bb,100%,0,2,2,0,0,0,2
0xa7a299,100%,0,3,3,3,0,0,0
0x488060,100%,0,10,10,10,0,0,0
0x8d4110,100%,0,11,11,0,0,0,11
0xa1ac4e,100%,0,5,5,0,0,0,5
0x8d40b5,100%,0,11,11,11,0,0,0
0x9784d2,100%,0,459,459,459,0,0,0
0x96e88d,100%,0,1,1,1,0,0,0
0x73d8f9,100%,0,3,3,3,0,0,0
0x5f621c,100%,0,2,2,2,0,0,0
0xa965cb,100%,0,8,8,8,0,0,0
0x494195,100%,0,22,22,22,0,0,0
0x6472f0,100%,0,5,5,0,0,0,5
0x50eff8,100%,0,2,2,0,0,0,2
0x5cd631,100%,0,3,3,0,0,0,3
0x5ef9f1,100%,0,1,1,0,0,0,1
0x647a2a,100%,0,12,12,12,0,0,0
0x99e6bf,100%,0,13,13,0,0,0,13
0xa2aabe,100%,0,113,113,0,0,0,113
0xa4c862,100%,0,4,4,0,0,0,4
0xa8fb35,100%,0,170,170,0,0,0,170
0x94afcc,100%,0,16,16,0,0,0,16
0x8d3f55,100%,0,13,13,0,0,0,13
0x402260,100%,0,1710,1710,1710,0,0,0
0x8dc4fa,100%,0,4,4,4,0,0,0
0x969986,100%,0,39,39,0,0,0,39
0x4ab87d,100%,0,31,31,0,0,0,31
0x78a3a2,100%,0,3,3,2,0,0,1
0xa93dc4,100%,0,12,12,0,0,0,12
0x8084c9,100%,0,4,4,0,0,0,4
0x5afeb2,100%,0,21,21,0,0,0,21
0x9ecd88,100%,0,10,10,10,0,0,0
0x7c9b21,100%,0,4,4,0,0,0,4
0x80aede,100%,0,1,1,0,0,0,1
0x8fe984,100%,0,82,82,0,0,0,82
0x5f0b92,100%,0,2,2,0,0,0,2
0x59c83f,100%,0,1,1,1,0,0,0
0x81fb09,100%,0,323,323,0,0,0,323
0xb4a007,100%,0,1,1,0,0,0,1
0x81f431,100%,0,4,4,0,0,0,4
0x81fa00,100%,0,16,16,16,0,0,0
0x9d2929,100%,0,4,4,0,0,0,4
0x99d843,100%,0,2,2,0,0,0,2
0xa944bd,100%,0,29,29,0,0,0,29
0x69dd7d,100%,0,12,12,12,0,0,0
0x80536f,100%,0,2,2,0,0,0,2
0x5dfb9c,100%,0,14,14,14,0,0,0
0x88a1ab,100%,0,6,6,0,0,0,6
0x8044a3,100%,0,2,2,0,0,0,2
0x670fd8,100%,0,2,2,0,0,0,2
0x973ca4,100%,0,84,84,0,0,0,84
0xa1d4ec,100%,0,5,5,0,0,0,5
0x9bc88b,100%,0,2,2,2,0,0,0
0x58edef,100%,0,2,2,0,0,0,2
0xaa23a4,100%,0,34,34,0,0,0,34
0x804375,100%,0,9,9,0,0,0,9
0x5dadc2,100%,0,4,4,4,0,0,0
0x8dba4a,100%,0,16,16,0,0,0,16
0x5efa1c,100%,0,3,3,3,0,0,0
0x9d1de1,100%,0,6,6,0,0,0,6
0x606f16,100%,0,10,10,0,0,0,10
0x4acb5a,100%,0,1,1,0,0,0,1
0x9d318a,100%,0,3,3,0,0,0,3
0x80412a,100%,0,60,60,0,0,0,60
0x5e5cc5,100%,0,3,3,0,0,0,3
0x9d31c9,100%,0,3,3,3,0,0,0
0x803b99,100%,0,2,2,2,0,0,0
0x9bd57a,100%,0,55,55,0,0,0,55
0x8040fa,100%,0,60,60,0,0,0,60
0x64abdf,100%,0,8,8,0,0,0,8
0x9d0685,100%,0,34,34,0,0,0,34
0x8040e2,100%,0,60,60,0,0,0,60
0x58ee06,100%,0,2,2,0,0,0,2
0x81fd5b,100%,0,48,48,0,0,0,48
0x48702a,100%,0,138,138,138,0,0,0
0xb347b0,100%,0,413,413,0,0,0,413
0x80666e,100%,0,4,4,0,0,0,4
0x804219,100%,0,4,4,4,0,0,0
0x4c4628,100%,0,17,17,0,0,0,17
0xa8e657,100%,0,5,5,0,0,0,5
0x8f5842,100%,0,91,91,0,0,0,91
0x8eca48,100%,0,70,70,0,0,0,70
0xa073e6,100%,0,2,2,0,0,0,2
0x49978b,100%,0,26,26,0,0,0,26
0x8041b3,100%,0,5,5,0,0,0,5
0x8a240a,100%,0,2,2,2,0,0,0
0xa53567,100%,0,8,8,0,0,0,8
0x9a91ec,100%,0,14,14,0,0,0,14
0x58ed88,100%,0,2,2,2,0,0,0
0x80431d,100%,0,6,6,0,0,0,6
0xa93dd4,100%,0,12,12,0,0,0,12
0x9d25dc,100%,0,2,2,0,0,0,2
0x9d25fa,100%,0,1,1,0,0,0,1
0xa03010,100%,0,68,68,0,0,0,68
0x9fc972,100%,0,18,18,18,0,0,0
0x9f4adb,100%,0,38,38,0,0,0,38
0x8ebe16,100%,0,18,18,0,0,0,18
0x977727,100%,0,882,882,0,0,0,882
0x8631e1,100%,0,2,2,2,0,0,0
0x58dd34,100%,0,2,2,2,0,0,0
0x9027d0,100%,0,12,12,0,0,0,12
0x58dd91,100%,0,2,2,0,0,0,2
0xaa4c9e,100%,0,3,3,3,0,0,0
0x952433,100%,0,2,2,0,0,0,2
0x78c018,100%,0,2,2,0,0,0,2
0xa9b83c,100%,0,229,229,0,0,0,229
0x9776df,100%,0,1376,1376,0,0,0,1376
0x505357,100%,0,20,20,20,0,0,0
0x9ead24,100%,0,2,2,0,0,0,2
0x9d125c,100%,0,16,16,0,0,0,16
0x4c72ea,100%,0,18,18,0,0,0,18
0xae6fb5,100%,0,2,2,2,0,0,0
0x4bd4d1,100%,0,1,1,1,0,0,0
0x590a45,100%,0,2,2,2,0,0,0
0x5faf5b,100%,0,12,12,12,0,0,0
0x590a05,100%,0,2,2,0,0,0,2
0x5a9684,100%,0,5,5,0,0,0,5
0x59f1e8,100%,0,1,1,0,0,0,1
0xaa7f08,100%,0,12,12,0,0,0,12
0x8ee546,100%,0,42,42,0,0,0,42
0x5a9693,100%,0,5,5,0,0,0,5
0x9e04ff,100%,0,58,58,58,0,0,0
0x9cfcc7,100%,0,36,36,36,0,0,0
0x803ddf,100%,0,75,75,0,0,0,75
0x64ce6c,100%,0,538,538,0,0,0,538
0x8fc4c0,100%,0,1,1,0,0,0,1
0xa4724b,100%,0,167,167,0,0,0,167
0x803d27,100%,0,2,2,2,0,0,0
0x7bb9fc,100%,0,8,8,0,0,0,8
0x6084b6,100%,0,14,14,0,0,0,14
0x8ee93a,100%,0,3,3,0,0,0,3
0x67f3ea,100%,0,2,2,2,0,0,0
0x9cfd5b,100%,0,36,36,0,0,0,36
0x8d3f3d,100%,0,13,13,0,0,0,13
0x58ee48,100%,0,2,2,2,0,0,0
0x9c438d,100%,0,2,2,0,0,0,2
0x58ee97,100%,0,2,2,2,0,0,0
0x5b292a,100%,0,2,2,0,0,0,2
0x919037,100%,0,2,2,2,0,0,0
0x918f3d,100%,0,200,200,0,0,0,200
0x58d17c,100%,0,2,2,0,0,0,2
0x9e0b26,100%,0,263,263,0,0,0,263
0x5f674e,100%,0,2,2,2,0,0,0
0x97a40f,100%,0,52,52,0,0,0,52
0x969506,100%,0,2065,2065,2065,0,0,0
0x5f960e,100%,0,8,8,8,0,0,0
0x9e5da2,100%,0,4,4,4,0,0,0
0x97385b,100%,0,40,40,0,0,0,40
0xa21d57,100%,0,2,2,0,0,0,2
0x9a0fa4,100%,0,6,6,0,0,0,6
0x4be8c1,100%,0,1,1,0,0,0,1
0x9739a5,100%,0,40,40,0,0,0,40
0x540926,100%,0,12,12,12,0,0,0
0x40df2d,100%,0,108,108,0,0,0,108
0x4be8b4,100%,0,1,1,0,0,0,1
0xa69f80,100%,0,4,4,4,0,0,0
0x8128a2,100%,0,33,33,0,0,0,33
0x7ce762,100%,0,44,44,0,0,0,44
0xa548c7,100%,0,433,433,0,0,0,433
0xa21bc7,100%,0,2,2,0,0,0,2
0x5467d2,100%,0,2,2,0,0,0,2
0x911adb,100%,0,1158,1158,0,0,0,1158
0x4bdf7b,100%,0,4,4,0,0,0,4
0x4bda9a,100%,0,3,3,3,0,0,0
0xa04413,100%,0,1,1,0,0,0,1
0x4be453,100%,0,4,4,0,0,0,4
0x8c80cd,100%,0,1,1,0,0,0,1
0x94ee55,100%,0,30,30,0,0,0,30
0x4b7a69,100%,0,2,2,2,0,0,0
0x9ea7e3,100%,0,32,32,0,0,0,32
0xa1d7db,100%,0,2,2,0,0,0,2
0x8df3c5,100%,0,16,16,0,0,0,16
0x4b5ccd,100%,0,28,28,28,0,0,0
0x4822b6,100%,0,9,9,9,0,0,0
0x9eca3e,100%,0,4,4,0,0,0,4
0x8bb2b0,100%,0,2,2,2,0,0,0
0x4bb311,100%,0,15,15,0,0,0,15
0x9733fc,100%,0,40,40,0,0,0,40
0x4bc2b9,100%,0,1,1,1,0,0,0
0x64bb57,100%,0,1392,1392,0,0,0,1392
0xa537ab,100%,0,6,6,6,0,0,0
0x4b7a5f,100%,0,2,2,0,0,0,2
0x7b8b74,100%,0,1,1,0,0,0,1
0x8eb0b4,100%,0,6,6,0,0,0,6
0x5f600d,100%,0,2,2,0,0,0,2
0x7b6447,100%,0,1,1,0,0,0,1
0x9713ed,100%,0,7,7,0,0,0,7
0x8212a4,100%,0,2,2,0,0,0,2
0x9ea7d0,100%,0,32,32,0,0,0,32
0x5d1373,100%,0,4,4,4,0,0,0
0x4b854e,100%,0,2,2,0,0,0,2
0x8ecab6,100%,0,2,2,2,0,0,0
0x80ae9b,100%,0,33,33,0,0,0,33
0x9cfd6c,100%,0,36,36,0,0,0,36
0xa097f2,100%,0,1,1,0,0,0,1
0xa477a8,100%,0,19,19,19,0,0,0
0xa098c7,100%,0,5,5,5,0,0,0
0xa2f15f,100%,0,1,1,0,0,0,1
0x409b74,100%,0,22,22,0,0,0,22
0x80b4d3,100%,0,1,1,1,0,0,0
0xa63cff,100%,0,2,2,2,0,0,0
0x88df7d,100%,0,6,6,0,0,0,6
0x534a04,100%,0,9,9,0,0,0,9
0x550f17,100%,0,9,9,9,0,0,0
0x9e2954,100%,0,15,15,10,0,0,5
0x4878ec,100%,0,2,2,0,0,0,2
0x9d270c,100%,0,28,28,28,0,0,0
0x9eca88,100%,0,9,9,4,0,0,5
0xa1aab7,100%,0,5,5,0,0,0,5
0x492d99,100%,0,2,2,0,0,0,2
0x9e7b71,100%,0,2,2,0,0,0,2
0x8e3f1d,100%,0,4,4,0,0,0,4
0xa48b75,100%,0,167,167,0,0,0,167
0x9f4a84,100%,0,1,1,0,0,0,1
0x94eb84,100%,0,90,90,0,0,0,90
0x977c55,100%,0,143,143,0,0,0,143
0x80601d,100%,0,222,222,0,0,0,222
0xa06aa1,100%,0,2,2,0,0,0,2
0x4901a6,100%,0,10,10,10,0,0,0
0xa366ec,100%,0,152,152,0,0,0,152
0x4b5f99,100%,0,4,4,0,0,0,4
0x78e12a,100%,0,2,2,0,0,0,2
0x7f0b68,100%,0,5,5,0,0,0,5
0x78e0f2,100%,0,2,2,0,0,0,2
0x5fe7bb,100%,0,105,105,0,0,0,105
0x78e0da,100%,0,2,2,0,0,0,2
0xa09782,100%,0,2,2,2,0,0,0
0xa4dfcc,100%,0,4,4,4,0,0,0
0xa3295a,100%,0,1,1,1,0,0,0
0x8fd7ed,100%,0,3,3,0,0,0,3
0x78e0c1,100%,0,2,2,0,0,0,2
0x507383,100%,0,11,11,0,0,0,11
0x97724d,100%,0,2,2,0,0,0,2
0xa0606e,100%,0,1,1,0,0,0,1
0x7d28f0,100%,0,12,12,12,0,0,0
0x78e0b8,100%,0,2,2,0,0,0,2
0x977204,100%,0,2,2,0,0,0,2
0x9c50ea,100%,0,8,8,0,0,0,8
0x4bf1e9,100%,0,86,86,0,0,0,86
0x481c6d,100%,0,1,1,1,0,0,0
0x977012,100%,0,2,2,0,0,0,2
0x495b0f,100%,0,1,1,0,0,0,1
0x8d3932,100%,0,2,2,2,0,0,0
0x9ecefc,100%,0,33,33,0,0,0,33
0x77d861,100%,0,6,6,0,0,0,6
0x8c8178,100%,0,1,1,0,0,0,1
0x5be24b,100%,0,78,78,0,0,0,78
0x77cb31,100%,0,6,6,6,0,0,0
0x5efb53,100%,0,5,5,0,0,0,5
0x98435f,100%,0,8,8,0,0,0,8
0x99f222,100%,0,20,20,20,0,0,0
0x64ba16,100%,0,1397,1397,0,0,0,1397
0x9f9583,100%,0,109,109,0,0,0,109
0x8e4931,100%,0,640,640,0,0,0,640
0xa33fb1,100%,0,3,3,0,0,0,3
0x9731d4,100%,0,42,42,0,0,0,42
0x5cd6a7,100%,0,5,5,5,0,0,0
0x9bcabd,100%,0,2,2,2,0,0,0
0x7c20e8,100%,0,12,12,0,0,0,12
0x60c5b7,100%,0,5,5,5,0,0,0
0x9ea886,100%,0,2,2,0,0,0,2
0xa069c1,100%,0,2,2,2,0,0,0
0x66f3b9,100%,0,2,2,0,0,0,2
0x9ec01e,100%,0,10,10,0,0,0,10
0x80e7b0,100%,0,150,150,0,0,0,150
0x488c43,100%,0,196,196,0,0,0,196
0xa27a6b,100%,0,4,4,0,0,0,4
0x77d889,100%,0,6,6,0,0,0,6
0x8d20f7,100%,0,2,2,2,0,0,0
0x4c70e1,100%,0,18,18,0,0,0,18
0x48067e,100%,0,9,9,9,0,0,0
0x5c7df8,100%,0,80,80,80,0,0,0
0xa9019a,100%,0,63,63,0,0,0,63
0x8d3e4e,100%,0,15,15,0,0,0,15
0xa58c4d,100%,0,29,29,0,0,0,29
0x8d3b65,100%,0,2,2,0,0,0,2
0x8e9323,100%,0,3,3,0,0,0,3
0x7ce601,100%,0,104,104,104,0,0,0
0x97454c,100%,0,238,238,238,0,0,0
0x8e9365,100%,0,4,4,4,0,0,0
0x8dc3be,100%,0,4,4,0,0,0,4
0x8b9d5e,100%,0,73,73,0,0,0,73
0x5f3e9f,100%,0,4,4,4,0,0,0
0x8ba2dd,100%,0,27,27,0,0,0,27
0x8d3d08,100%,0,614,614,0,0,0,614
0xad0689,100%,0,2,2,0,0,0,2
0x7d41da,100%,0,1,1,0,0,0,1
0x481c1e,100%,0,9,9,0,0,0,9
0x8d3985,100%,0,71,71,0,0,0,71
0xa1d742,100%,0,2,2,2,0,0,0
0x805de7,100%,0,4,4,0,0,0,4
0x7808ba,100%,0,2,2,0,0,0,2
0xa91e1e,100%,0,101,101,0,0,0,101
0xa1d6fa,100%,0,2,2,0,0,0,2
0xa1d705,100%,0,2,2,0,0,0,2
0xa1d72b,100%,0,4,4,2,0,0,2
0x4c27ae,100%,0,5,5,5,0,0,0
0x4b6013,100%,0,1,1,1,0,0,0
0x805dde,100%,0,4,4,0,0,0,4
0x649e32,100%,0,2,2,2,0,0,0
0x805f5f,100%,0,4,4,4,0,0,0
0x99f772,100%,0,13,13,0,0,0,13
0x55723f,100%,0,18,18,0,0,0,18
0xa90261,100%,0,38,38,38,0,0,0
0x7d21aa,100%,0,4,4,0,0,0,4
0xa2d2ef,100%,0,4,4,0,0,0,4
0x64bb80,100%,0,1397,1397,1397,0,0,0
0x9733a8,100%,0,40,40,40,0,0,0
0x8fd7f6,100%,0,3,3,0,0,0,3
0x4a7d67,100%,0,1,1,0,0,0,1
0xa1d798,100%,0,2,2,2,0,0,0
0x481ce4,100%,0,9,9,9,0,0,0
0xa15a1b,100%,0,470,470,0,0,0,470
0x7c6944,100%,0,2,2,2,0,0,0
0x491c93,100%,0,1,1,1,0,0,0
0x5af889,100%,0,53,53,53,0,0,0
0x8f3130,100%,0,889,889,0,0,0,889
0x8f1034,100%,0,40,40,0,0,0,40
0x973222,100%,0,40,40,0,0,0,40
0x4bc071,100%,0,16,16,0,0,0,16
0x673d57,100%,0,19,19,0,0,0,19
0x4bc065,100%,0,16,16,0,0,0,16
0xa430e1,100%,0,4,4,4,0,0,0
0x973230,100%,0,40,40,40,0,0,0
0xa06a1d,100%,0,2,2,0,0,0,2
0x814c9e,100%,0,41,41,0,0,0,41
0x63f88c,100%,0,2,2,2,0,0,0
0xa35f4e,100%,0,31,31,0,0,0,31
0x4b5e8f,100%,0,11,11,0,0,0,11
0xa1b031,100%,0,5,5,0,0,0,5
0xb2ffe0,100%,0,628,628,628,0,0,0
0x7ce52e,100%,0,275,275,0,0,0,275
0x5faacc,100%,0,1,1,0,0,0,1
0x4c2803,100%,0,1,1,0,0,0,1
0x9f36e6,100%,0,4,4,0,0,0,4
0xa5bf82,100%,0,32,32,0,0,0,32
0x9732db,100%,0,42,42,0,0,0,42
0x5f05a1,100%,0,2,2,2,0,0,0
0xb1b6e4,100%,0,1005,1005,0,0,0,1005
0x9ecdd4,100%,0,21,21,0,0,0,21
0x78d24c,100%,0,2,2,0,0,0,2
0x486ef2,100%,0,2,2,0,0,0,2
0x78d186,100%,0,2,2,0,0,0,2
0x619c2b,100%,0,20,20,0,0,0,20
0x9e2550,100%,0,15,15,15,0,0,0
0x78d16c,100%,0,2,2,0,0,0,2
0x67f66f,100%,0,106,106,0,0,0,106
0x9d0c74,100%,0,51,51,51,0,0,0
0xa314ab,100%,0,52,52,52,0,0,0
0xa96de1,100%,0,21,21,0,0,0,21
0x67a066,100%,0,6,6,0,0,0,6
0x67549b,100%,0,1,1,0,0,0,1
0x50321d,100%,0,2,2,0,0,0,2
0x5d904e,100%,0,147,147,0,0,0,147
0x9d0bdd,100%,0,51,51,0,0,0,51
0x69de07,100%,0,12,12,0,0,0,12
0x5c6c75,100%,0,478,478,478,0,0,0
0xa1a02f,100%,0,13,13,0,0,0,13
0x554779,100%,0,63,63,0,0,0,63
0x8eaee2,100%,0,72,72,0,0,0,72
0x9d0baf,100%,0,51,51,0,0,0,51
0x99f1fa,100%,0,20,20,0,0,0,20
0xa06285,100%,0,2,2,0,0,0,2
0x493ea4,100%,0,2,2,2,0,0,0
0x493f54,100%,0,2,2,0,0,0,2
0xa0637a,100%,0,6,6,0,0,0,6
0x80d84f,100%,0,4,4,0,0,0,4
0x5d2044,100%,0,3,3,3,0,0,0
0x99f1df,100%,0,20,20,0,0,0,20
0x80e7a2,100%,0,150,150,0,0,0,150
0xa96f6d,100%,0,15,15,0,0,0,15
0xa94b2a,100%,0,4,4,0,0,0,4
0x441837,100%,0,11,11,0,0,0,11
0x5d9056,100%,0,147,147,147,0,0,0
0xa96f56,100%,0,15,15,0,0,0,15
0xa4a00a,100%,0,139,139,0,0,0,139
0x99f200,100%,0,20,20,20,0,0,0
0x490489,100%,0,3,3,0,0,0,3
0x78d27d,100%,0,2,2,0,0,0,2
0x5d184e,100%,0,24,24,24,0,0,0
0xa96f1f,100%,0,21,21,0,0,0,21
0x5b1c0d,100%,0,2,2,2,0,0,0
0x491fa7,100%,0,1,1,1,0,0,0
0x8e4b8d,100%,0,178,178,0,0,0,178
0xa96df0,100%,0,21,21,0,0,0,21
0x4bcd12,100%,0,42,42,0,0,0,42
0x99cf99,100%,0,9,9,0,0,0,9
0x80e856,100%,0,24,24,0,0,0,24
0x5b0622,100%,0,65,65,65,0,0,0
0x8104c3,100%,0,48,48,6,0,0,42
0xa3d946,100%,0,8,8,8,0,0,0
0xaa57ce,100%,0,2,2,0,0,0,2
0x9aa13f,100%,0,33,33,0,0,0,33
0x9d08e1,100%,0,51,51,0,0,0,51
0x677d14,100%,0,145,145,145,0,0,0
0x98064d,100%,0,53,53,0,0,0,53
0x817115,100%,0,2,2,0,0,0,2
0x9d09be,100%,0,51,51,51,0,0,0
0xaa4a69,100%,0,3,3,0,0,0,3
0x9e5238,100%,0,12,12,12,0,0,0
0x9f9a41,100%,0,109,109,109,0,0,0
0x8eb09b,100%,0,6,6,0,0,0,6
0x4c54c3,100%,0,1,1,1,0,0,0
0x814ac1,100%,0,55,55,0,0,0,55
0xb1c951,100%,0,264,264,0,0,0,264
0x405dcb,100%,0,8,8,0,0,0,8
0x9a1e61,100%,0,81,81,0,0,0,81
0x80e7e0,100%,0,526,526,0,0,0,526
0x8dfe4b,100%,0,130,130,0,0,0,130
0x5cfd9e,100%,0,24,24,0,0,0,24
0xa5eb38,100%,0,5,5,0,0,0,5
0x58db12,100%,0,151,151,151,0,0,0
0xa51e54,100%,0,39,39,0,0,0,39
0x80f217,100%,0,4,4,4,0,0,0
0x8f4c30,100%,0,76,76,76,0,0,0
0x4a5a32,100%,0,16,16,16,0,0,0
0x6405e9,100%,0,200,200,0,0,0,200
0x65163e,100%,0,5,5,5,0,0,0
0xa3eab7,100%,0,8,8,0,0,0,8
0x80f47a,100%,0,176,176,0,0,0,176
0x9d32cf,100%,0,55,55,0,0,0,55
0xa992df,100%,0,3,3,3,0,0,0
0x811634,100%,0,2,2,0,0,0,2
0xa92c79,100%,0,8,8,0,0,0,8
0x8eb0aa,100%,0,6,6,0,0,0,6
0x9eb28f,100%,0,2,2,2,0,0,0
0x80f207,100%,0,170,170,0,0,0,170
0x97112a,100%,0,5,5,0,0,0,5
0x5afd0d,100%,0,25,25,0,0,0,25
0x7c5fef,100%,0,2,2,2,0,0,0
0x9c3af7,100%,0,9,9,9,0,0,0
0x7cf699,100%,0,8,8,0,0,0,8
0x9eb1f7,100%,0,2,2,2,0,0,0
0xa969ba,100%,0,16,16,16,0,0,0
0xa40fc1,100%,0,11,11,0,0,0,11
0xa3fedb,100%,0,6,6,0,0,0,6
0x77b9a1,100%,0,28,28,28,0,0,0
0xa5725a,100%,0,125,125,0,0,0,125
0x5033a5,100%,0,37,37,37,0,0,0
0x54d024,100%,0,4,4,0,0,0,4
0x99143e,100%,0,17,17,0,0,0,17
0x9a0ae9,100%,0,28,28,0,0,0,28
0x80d981,100%,0,106,106,0,0,0,106
0x80d971,100%,0,106,106,0,0,0,106
0x60be18,100%,0,10,10,0,0,0,10
0xa99d51,100%,0,11,11,0,0,0,11
0x80a489,100%,0,2,2,0,0,0,2
0x50ea5b,100%,0,12,12,12,0,0,0
0xa312b8,100%,0,23,23,0,0,0,23
0x60be25,100%,0,10,10,0,0,0,10
0x8f0ca3,100%,0,6,6,6,0,0,0
0x80d912,100%,0,106,106,0,0,0,106
0x9eaaa9,100%,0,2,2,0,0,0,2
0xa44c20,100%,0,4,4,0,0,0,4
0xa99b7b,100%,0,15,15,0,0,0,15
0xa3898f,100%,0,13,13,3,0,0,10
0x8ad47c,100%,0,2,2,2,0,0,0
0x7f372e,100%,0,15,15,11,0,0,4
0x9d384b,100%,0,4,4,0,0,0,4
0x5bd0e5,100%,0,11,11,0,0,0,11
0x7d3df8,100%,0,3,3,0,0,0,3
0x810971,100%,0,8,8,0,0,0,8
0x90bf5b,100%,0,119,119,119,0,0,0
0x54d29d,100%,0,7,7,7,0,0,0
0x97a684,100%,0,8,8,0,0,0,8
0x95b415,100%,0,11,11,0,0,0,11
0x90e6b8,100%,0,911,911,0,0,0,911
0x9cfcb8,100%,0,36,36,0,0,0,36
0x96b20c,100%,0,32,32,0,0,0,32
0xa56ff2,100%,0,82,82,0,0,0,82
0x977f3f,100%,0,40,40,40,0,0,0
0x63f02d,100%,0,2,2,0,0,0,2
0x7c7a02,100%,0,24,24,0,0,0,24
0x55587f,100%,0,4,4,0,0,0,4
0x814a59,100%,0,2,2,0,0,0,2
0xa976f2,100%,0,10,10,10,0,0,0
0x6664a4,100%,0,30,30,0,0,0,30
0x80a258,100%,0,4,4,4,0,0,0
0x9e3fe6,100%,0,19,19,0,0,0,19
0x649cef,100%,0,2,2,2,0,0,0
0x80c344,100%,0,1,1,1,0,0,0
0xa9946f,100%,0,3,3,0,0,0,3
0x5c46a5,100%,0,19,19,0,0,0,19
0x44198e,100%,0,11,11,0,0,0,11
0x441957,100%,0,11,11,0,0,0,11
0x8d3351,100%,0,3,3,3,0,0,0
0x592d48,100%,0,18,18,18,0,0,0
0x81c679,100%,0,1167,1167,0,0,0,1167
0x66fc88,100%,0,19,19,0,0,0,19
0x6071f7,100%,0,20,20,0,0,0,20
0xa99478,100%,0,3,3,0,0,0,3
0x9fe114,100%,0,25,25,25,0,0,0
0x6071fd,100%,0,20,20,20,0,0,0
0x5c46ad,100%,0,19,19,0,0,0,19
0x49ca19,100%,0,38,38,38,0,0,0
0x64ba24,100%,0,1397,1397,0,0,0,1397
0x6ebfb0,100%,0,1,1,0,0,0,1
0xa5bb56,100%,0,32,32,32,0,0,0
0xa468b0,100%,0,26,26,26,0,0,0
0xa39a49,100%,0,19,19,0,0,0,19
0xa99406,100%,0,3,3,0,0,0,3
0x80d8d9,100%,0,220,220,0,0,0,220
0xa56fdd,100%,0,82,82,0,0,0,82
0x441ae4,100%,0,11,11,11,0,0,0
0x4994b5,100%,0,5,5,5,0,0,0
0x554c6c,100%,0,64,64,0,0,0,64
0x9e4f2d,100%,0,20,20,0,0,0,20
0x9bd665,100%,0,24,24,0,0,0,24
0xa55621,100%,0,407,407,407,0,0,0
0x9a3a91,100%,0,2,2,0,0,0,2
0x48e0c9,100%,0,25,25,0,0,0,25
0xa9a208,100%,0,15,15,15,0,0,0
0x9bd527,100%,0,4,4,0,0,0,4
0xa3d6ad,100%,0,8,8,8,0,0,0
0xa9a0f2,100%,0,5,5,5,0,0,0
0x671000,100%,0,2,2,2,0,0,0
0x9066e8,100%,0,124,124,124,0,0,0
0x8eb7a7,100%,0,2849,2849,0,0,0,2849
0x6f557f,100%,0,173,173,0,0,0,173
0x5f0ca4,100%,0,34,34,0,0,0,34
0x5bcec6,100%,0,44,44,44,0,0,0
0x50d0c5,100%,0,2,2,0,0,0,2
0x4915e2,100%,0,1,1,1,0,0,0
0x817e19,100%,0,12,12,0,0,0,12
0x5c46bf,100%,0,19,19,0,0,0,19
0x7c68fe,100%,0,2,2,0,0,0,2
0x9593a2,100%,0,124,124,0,0,0,124
0xacabd1,100%,0,28,28,28,0,0,0
0x50d093,100%,0,84,84,0,0,0,84
0xa95cf9,100%,0,57,57,57,0,0,0
0x8039a6,100%,0,2,2,2,0,0,0
0xa3485f,100%,0,527,527,0,0,0,527
0xa9ff17,100%,0,3,3,3,0,0,0
0x9ec1a7,100%,0,56,56,56,0,0,0
0xa21004,100%,0,1,1,0,0,0,1
0x8038fe,100%,0,2,2,2,0,0,0
0x8038ac,100%,0,2,2,2,0,0,0
0xa2100a,100%,0,1,1,0,0,0,1
0x490cbe,100%,0,17,17,0,0,0,17
0x4997cd,100%,0,59,59,0,0,0,59
0x405b52,100%,0,90,90,0,0,0,90
0x9a274d,100%,0,15,15,0,0,0,15
0x5b1bd5,100%,0,2,2,0,0,0,2
0xa05339,100%,0,4,4,0,0,0,4
0x555fb9,100%,0,3,3,0,0,0,3
0x8036a4,100%,0,2,2,2,0,0,0
0x5b1be3,100%,0,2,2,2,0,0,0
0x8f1af6,100%,0,2,2,2,0,0,0
0x9f574a,100%,0,80,80,0,0,0,80
0x554ce7,100%,0,289,289,0,0,0,289
0x5b33cd,100%,0,2,2,0,0,0,2
0xa04137,100%,0,1,1,0,0,0,1
0x9bd3af,100%,0,12,12,0,0,0,12
0xa3e44e,100%,0,8,8,0,0,0,8
0x9bc5f2,100%,0,2,2,2,0,0,0
0xa92f03,100%,0,88,88,0,0,0,88
0xa64d75,100%,0,4,4,0,0,0,4
0x54695c,100%,0,8,8,0,0,0,8
0x8f5f8b,100%,0,40,40,0,0,0,40
0xa3ff89,100%,0,24,24,24,0,0,0
0x812149,100%,0,4,4,4,0,0,0
0x9bc692,100%,0,2,2,0,0,0,2
0x62291e,100%,0,10,10,0,0,0,10
0x5561f4,100%,0,3,3,0,0,0,3
0xa584a1,100%,0,10,10,0,0,0,10
0xa6c6fb,100%,0,27,27,0,0,0,27
0x482913,100%,0,9,9,9,0,0,0
0xa980c8,100%,0,149,149,0,0,0,149
0x490dbd,100%,0,6,6,6,0,0,0
0x80966e,100%,0,2,2,0,0,0,2
0xa21bbe,100%,0,2,2,0,0,0,2
0x5f2b1a,100%,0,2,2,0,0,0,2
0x9452a3,100%,0,226,226,0,0,0,226
0x64c682,100%,0,119,119,119,0,0,0
0x9a33c6,100%,0,15,15,15,0,0,0
0x919192,100%,0,200,200,200,0,0,0
0x675684,100%,0,1,1,1,0,0,0
0x5b27e1,100%,0,2,2,0,0,0,2
0x4b6d9f,100%,0,28,28,0,0,0,28
0x5b6058,100%,0,1,1,0,0,0,1
0x5573c0,100%,0,6,6,0,0,0,6
0x9ab63c,100%,0,47,47,0,0,0,47
0x804798,100%,0,2,2,0,0,0,2
0x970f37,100%,0,2674,2674,0,0,0,2674
0xa050ae,100%,0,1,1,0,0,0,1
0x4bf7f0,100%,0,86,86,0,0,0,86
0x80466f,100%,0,2,2,0,0,0,2
0x49d0fc,100%,0,2,2,0,0,0,2
0xa211b1,100%,0,4,4,4,0,0,0
0xa5d193,100%,0,24,24,0,0,0,24
0x5b2827,100%,0,2,2,0,0,0,2
0x81b137,100%,0,32,32,0,0,0,32
0x8c83d9,100%,0,2,2,2,0,0,0
0x8a726b,100%,0,280,280,280,0,0,0
0x809d71,100%,0,5,5,5,0,0,0
0x9eb0b4,100%,0,2,2,0,0,0,2
0xa2128b,100%,0,4,4,4,0,0,0
0x504a18,100%,0,7,7,7,0,0,0
0xa05c68,100%,0,5,5,5,0,0,0
0x80458c,100%,0,8,8,0,0,0,8
0x5d20be,100%,0,3,3,0,0,0,3
0x959364,100%,0,4,4,0,0,0,4
0x5b49c7,100%,0,2,2,0,0,0,2
0xb30197,100%,0,512,512,0,0,0,512
0x4bacc2,100%,0,218,218,0,0,0,218
0x558e5c,100%,0,22,22,0,0,0,22
0x7ce585,100%,0,12,12,0,0,0,12
0x815892,100%,0,9,9,0,0,0,9
0x81c665,100%,0,1167,1167,0,0,0,1167
0x48236e,100%,0,9,9,9,0,0,0
0xa04248,100%,0,2,2,0,0,0,2
0x4a203b,100%,0,4,4,0,0,0,4
0x77d86a,100%,0,6,6,0,0,0,6
0x4045d1,100%,0,224,224,0,0,0,224
0x9ab854,100%,0,144,144,0,0,0,144
0x99f6b6,100%,0,13,13,13,0,0,0
0x7d3e0b,100%,0,3,3,0,0,0,3
0xa094e1,100%,0,4,4,0,0,0,4
0x59058c,100%,0,2,2,0,0,0,2
0x590575,100%,0,2,2,0,0,0,2
0x80a9bc,100%,0,3,3,3,0,0,0
0x8bc0ac,100%,0,2,2,0,0,0,2
0x5b4a7b,100%,0,2,2,2,0,0,0
0x8bc099,100%,0,2,2,0,0,0,2
0x8bc063,100%,0,2,2,0,0,0,2
0x8f637e,100%,0,12,12,0,0,0,12
0x915724,100%,0,200,200,0,0,0,200
0x59121e,100%,0,98,98,98,0,0,0
0x5d7cf9,100%,0,86,86,86,0,0,0
0x494595,100%,0,2,2,0,0,0,2
0x695f91,100%,0,24,24,24,0,0,0
0xa4c61c,100%,0,4,4,4,0,0,0
0xa722a5,100%,0,4,4,4,0,0,0
0xa9749e,100%,0,39,39,0,0,0,39
0xa96421,100%,0,24,24,24,0,0,0
0x971002,100%,0,5,5,5,0,0,0
0x8d2885,100%,0,17,17,0,0,0,17
0x9a4904,100%,0,16,16,0,0,0,16
0x4418ee,100%,0,11,11,0,0,0,11
0x5afee4,100%,0,21,21,21,0,0,0
0x821408,100%,0,1086,1086,0,0,0,1086
0x4b396d,100%,0,4,4,0,0,0,4
0x9173b8,100%,0,2,2,0,0,0,2
0x918d94,100%,0,200,200,0,0,0,200
0x972f42,100%,0,6,6,3,0,0,3
0xad3206,100%,0,2,2,0,0,0,2
0x7dfc56,100%,0,8,8,0,0,0,8
0xa9d2cc,100%,0,22,22,22,0,0,0
0x9d1c71,100%,0,2,2,0,0,0,2
0x49bf55,100%,0,6,6,0,0,0,6
0x815f29,100%,0,2,2,2,0,0,0
0x550e15,100%,0,17,17,0,0,0,17
0x67d6bb,100%,0,706,706,706,0,0,0
0x8f5bbe,100%,0,9,9,0,0,0,9
0x9ec44c,100%,0,3,3,0,0,0,3
0x5afe4c,100%,0,21,21,21,0,0,0
0x5c9b7f,100%,0,6,6,0,0,0,6
0x8ec62b,100%,0,2,2,0,0,0,2
0xa60c20,100%,0,5,5,0,0,0,5
0xb1c41a,100%,0,264,264,264,0,0,0
0x5f0d61,100%,0,283,283,283,0,0,0
0x8151c5,100%,0,55,55,0,0,0,55
0xa920ec,100%,0,4,4,0,0,0,4
0x9e0119,100%,0,1074,1074,0,0,0,1074
0xa998e0,100%,0,2,2,1,0,0,1
0x8094f1,100%,0,2,2,0,0,0,2
0xa98638,100%,0,2,2,2,0,0,0
0xa98599,100%,0,4,4,0,0,0,4
0x4c76f4,100%,0,4,4,4,0,0,0
0xa9857c,100%,0,4,4,4,0,0,0
0x8bd875,100%,0,3,3,0,0,0,3
0x5afe6f,100%,0,21,21,0,0,0,21
0x410436,100%,0,2,2,0,0,0,2
0xa97f3b,100%,0,2,2,0,0,0,2
0xa4ff4c,100%,0,14,14,0,0,0,14
0x809ac0,100%,0,2,2,0,0,0,2
0xa05eca,100%,0,1,1,0,0,0,1
0xa97144,100%,0,37,37,0,0,0,37
0x7ad41a,100%,0,19,19,0,0,0,19
0x815ff2,100%,0,9,9,0,0,0,9
0x490c0e,100%,0,6,6,0,0,0,6
0x505a67,100%,0,4,4,0,0,0,4
0xa36e6f,100%,0,10,10,0,0,0,10
0x9bc5c8,100%,0,2,2,0,0,0,2
0x80b5c7,100%,0,1,1,0,0,0,1
0x9a11c5,100%,0,81,81,0,0,0,81
0x5f1fc0,100%,0,3,3,3,0,0,0
0x9bc5d1,100%,0,2,2,0,0,0,2
0xa21d97,100%,0,2,2,0,0,0,2
0x809879,100%,0,11,11,11,0,0,0
0xa0bac5,100%,0,1,1,0,0,0,1
0xa92d4d,100%,0,78,78,78,0,0,0
0x809862,100%,0,5,5,0,0,0,5
0x80976d,100%,0,5,5,5,0,0,0
0x8a688d,100%,0,139,139,139,0,0,0
0x4858de,100%,0,3,3,0,0,0,3
0x5f13ba,100%,0,40,40,0,0,0,40
0x9711ca,100%,0,5,5,0,0,0,5
0xa0174f,100%,0,40,40,40,0,0,0
0x8aad57,100%,0,22,22,0,0,0,22
0x9ff670,100%,0,5,5,0,0,0,5
0xa5405c,100%,0,22,22,22,0,0,0
0xa42bb6,100%,0,58,58,0,0,0,58
0x4a6416,100%,0,8,8,0,0,0,8
0xa8aba4,100%,0,175,175,0,0,0,175
0x5d871e,100%,0,30,30,0,0,0,30
0x80bb16,100%,0,5,5,0,0,0,5
0x81dd85,100%,0,9,9,0,0,0,9
0x5d8737,100%,0,30,30,30,0,0,0
0xaa5d1e,100%,0,1,1,1,0,0,0
0x9ec2c2,100%,0,10,10,10,0,0,0
0xa95fac,100%,0,8,8,0,0,0,8
0x4ad31c,100%,0,20,20,0,0,0,20
0x4ca4db,100%,0,10,10,0,0,0,10
0xa05dff,100%,0,1,1,0,0,0,1
0x47f260,100%,0,1072,1072,1072,0,0,0
0x490bfc,100%,0,6,6,0,0,0,6
0xa05e8a,100%,0,1,1,0,0,0,1
0xa05eac,100%,0,6,6,6,0,0,0
0xa98825,100%,0,15,15,0,0,0,15
0x809b28,100%,0,75,75,0,0,0,75
0x4b7a49,100%,0,11,11,0,0,0,11
0xa63b02,100%,0,4,4,0,0,0,4
0x7aee2b,100%,0,6,6,0,0,0,6
0x9840d9,100%,0,74,74,74,0,0,0
0xa47adc,100%,0,19,19,19,0,0,0
0xa959c2,100%,0,4,4,0,0,0,4
0x5e0bdd,100%,0,4,4,4,0,0,0
0xa4776a,100%,0,19,19,19,0,0,0
0x63ba94,100%,0,1306,1306,1306,0,0,0
0x789af5,100%,0,28,28,0,0,0,28
0x618b67,100%,0,70,70,70,0,0,0
0xa470f8,100%,0,19,19,0,0,0,19
0x808e18,100%,0,2,2,0,0,0,2
0xa97b01,100%,0,2,2,0,0,0,2
0xa4e902,100%,0,160,160,0,0,0,160
0xa41533,100%,0,25,25,0,0,0,25
0xa4152a,100%,0,25,25,0,0,0,25
0xa41513,100%,0,25,25,0,0,0,25
0x70e95d,100%,0,2,2,0,0,0,2
0x5101ba,100%,0,426,426,0,0,0,426
0x7aedd4,100%,0,11,11,0,0,0,11
0x94eb01,100%,0,30,30,0,0,0,30
0x95b7c5,100%,0,4,4,4,0,0,0
0x6923cb,100%,0,12,12,12,0,0,0
0x809a87,100%,0,2,2,1,0,0,1
0xa413b2,100%,0,8,8,8,0,0,0
0x9a3367,100%,0,146,146,0,0,0,146
0xa412a2,100%,0,8,8,8,0,0,0
0x5fc09f,100%,0,2,2,0,0,0,2
0x99f672,100%,0,102,102,0,0,0,102
0xa41255,100%,0,8,8,8,0,0,0
0xa41163,100%,0,8,8,0,0,0,8
0x48e01d,100%,0,25,25,0,0,0,25
0xa5bfa4,100%,0,32,32,32,0,0,0
0x50fe47,100%,0,2,2,0,0,0,2
0xaa2f18,100%,0,102,102,0,0,0,102
0x6823c2,100%,0,34,34,0,0,0,34
0x4be300,100%,0,15,15,15,0,0,0
0xa498a7,100%,0,22,22,0,0,0,22
0x5908fa,100%,0,22,22,2,0,0,20
0x402de9,100%,0,59,59,0,0,0,59
0xaadb17,100%,0,64,64,64,0,0,0
0xa49878,100%,0,22,22,22,0,0,0
0xa07ad4,100%,0,1,1,0,0,0,1
0xa49864,100%,0,22,22,0,0,0,22
0x5ae45e,100%,0,9,9,0,0,0,9
0x9840c5,100%,0,74,74,0,0,0,74
0x9fc8ae,100%,0,7,7,7,0,0,0
0x5f3e4f,100%,0,1,1,0,0,0,1
0x5deebc,100%,0,1,1,1,0,0,0
0x785832,100%,0,2,2,0,0,0,2
0x980ad9,100%,0,74,74,0,0,0,74
0x6d9a9d,100%,0,8,8,8,0,0,0
0x6491eb,100%,0,2,2,2,0,0,0
0x8bd7f8,100%,0,20,20,0,0,0,20
0x6410f7,100%,0,2,2,2,0,0,0
0x969805,100%,0,72,72,0,0,0,72
0x5f09b6,100%,0,296,296,0,0,0,296
0x8109b4,100%,0,20,20,0,0,0,20
0x976fbc,100%,0,2,2,0,0,0,2
0x984310,100%,0,8,8,0,0,0,8
0xa9f3a7,100%,0,3,3,0,0,0,3
0x81f65d,100%,0,4,4,0,0,0,4
0x8c87ed,100%,0,4,4,0,0,0,4
0x63e5cb,100%,0,810,810,810,0,0,0
0x980f8f,100%,0,8,8,0,0,0,8
0xa9db4a,100%,0,14,14,14,0,0,0
0xa287d5,100%,0,16,16,0,0,0,16
0xa474ce,100%,0,42,42,0,0,0,42
0x980ff2,100%,0,8,8,0,0,0,8
0xa467c7,100%,0,12,12,12,0,0,0
0x70e72a,100%,0,6,6,6,0,0,0
0x404112,100%,0,475,475,0,0,0,475
0x65b054,100%,0,13,13,0,0,0,13
0x63bb8f,100%,0,1303,1303,0,0,0,1303
0x8df5be,100%,0,40,40,0,0,0,40
0x95a24d,100%,0,4,4,0,0,0,4
0x8325d9,100%,0,1,1,0,0,0,1
0x816c5c,100%,0,1235,1235,0,0,0,1235
0xa50ed0,100%,0,76,76,76,0,0,0
0x9c3d7e,100%,0,346,346,346,0,0,0
0x9a1644,100%,0,21,21,21,0,0,0
0x7f0c8e,100%,0,75,75,0,0,0,75
0xa098a7,100%,0,13,13,0,0,0,13
0xa415bb,100%,0,8,8,8,0,0,0
0xaa4cc8,100%,0,3,3,3,0,0,0
0xa4e89d,100%,0,2,2,0,0,0,2
0x8fda2b,100%,0,4,4,0,0,0,4
0x78b6cd,100%,0,12,12,0,0,0,12
0x50efcc,100%,0,2,2,0,0,0,2
0x7ba310,100%,0,4,4,0,0,0,4
0x780b86,100%,0,4,4,0,0,0,4
0x8ee2ff,100%,0,45,45,0,0,0,45
0x900ffa,100%,0,37,37,0,0,0,37
0x4aabe2,100%,0,41,41,0,0,0,41
0x7b5db2,100%,0,4,4,0,0,0,4
0x9c4df1,100%,0,2,2,0,0,0,2
0x9e0579,100%,0,58,58,0,0,0,58
0x9e0539,100%,0,58,58,0,0,0,58
0x9e04b3,100%,0,58,58,0,0,0,58
0x9c4db6,100%,0,2,2,0,0,0,2
0x6712e8,100%,0,2,2,0,0,0,2
0xa9dd34,100%,0,2,2,0,0,0,2
0x809338,100%,0,2,2,0,0,0,2
0xa440ba,100%,0,2,2,2,0,0,0
0xa49a6d,100%,0,4,4,0,0,0,4
0xa4784c,100%,0,4,4,4,0,0,0
0x53a50f,100%,0,2,2,0,0,0,2
0x7d3eb5,100%,0,3,3,0,0,0,3
0xa98423,100%,0,2,2,0,0,0,2
0xa411cc,100%,0,25,25,0,0,0,25
0xa64fd7,100%,0,4,4,0,0,0,4
0x487f40,100%,0,1,1,1,0,0,0
0x5bbfda,100%,0,2,2,2,0,0,0
0x96a258,100%,0,2,2,2,0,0,0
0x4bf4c7,100%,0,20,20,0,0,0,20
0x9773b4,100%,0,12,12,12,0,0,0
0x4c660a,100%,0,2,2,2,0,0,0
0x9f63c2,100%,0,3,3,0,0,0,3
0x9ee28c,100%,0,18,18,18,0,0,0
0xa45f2d,100%,0,3,3,3,0,0,0
0xa088b5,100%,0,5,5,0,0,0,5
0x95a179,100%,0,4,4,4,0,0,0
0xa45dcb,100%,0,52,52,0,0,0,52
0x9a0c3d,100%,0,28,28,28,0,0,0
0xa45d5d,100%,0,2,2,2,0,0,0
0x4c776a,100%,0,8,8,8,0,0,0
0x7c1696,100%,0,4,4,0,0,0,4
0x908558,100%,0,60,60,60,0,0,0
0xa45cc7,100%,0,128,128,128,0,0,0
0x7dff70,100%,0,8,8,0,0,0,8
0x555ef9,100%,0,2,2,0,0,0,2
0xa39f7e,100%,0,30,30,30,0,0,0
0x7899df,100%,0,6,6,0,0,0,6
0x4b8391,100%,0,11,11,0,0,0,11
0x804f09,100%,0,2,2,0,0,0,2
0x5f0d8b,100%,0,5,5,0,0,0,5
0x9e05d1,100%,0,58,58,0,0,0,58
0x68161c,100%,0,6,6,0,0,0,6
0x9e05c7,100%,0,58,58,0,0,0,58
0x8d38eb,100%,0,14,14,0,0,0,14
0x5a5ebd,100%,0,4,4,0,0,0,4
0x9e05bc,100%,0,58,58,0,0,0,58
0x64af23,100%,0,64,64,64,0,0,0
0x63af09,100%,0,821,821,0,0,0,821
0x5bbf5a,100%,0,2,2,0,0,0,2
0x98cdd7,100%,0,12,12,0,0,0,12
0xb46799,100%,0,1,1,0,0,0,1
0x808af2,100%,0,2,2,0,0,0,2
0x9eee0e,100%,0,26,26,0,0,0,26
0x4414ae,100%,0,57,57,0,0,0,57
0xa98dbb,100%,0,2,2,2,0,0,0
0x58ebfa,100%,0,12,12,12,0,0,0
0x5bd486,100%,0,764,764,0,0,0,764
0x815f1d,100%,0,2,2,0,0,0,2
0xa4cbdd,100%,0,4,4,0,0,0,4
0x65b061,100%,0,13,13,13,0,0,0
0x610a65,100%,0,13,13,0,0,0,13
0x4beeea,100%,0,25,25,0,0,0,25
0x4bcb3b,100%,0,12,12,0,0,0,12
0x671c6b,100%,0,2,2,2,0,0,0
0x817e5a,100%,0,250,250,0,0,0,250
0x94c7b0,100%,0,564,564,0,0,0,564
0x4be367,100%,0,11,11,0,0,0,11
0x984856,100%,0,4,4,0,0,0,4
0x48deb7,100%,0,75,75,0,0,0,75
0x49b187,100%,0,2,2,0,0,0,2
0x98485f,100%,0,4,4,0,0,0,4
0x4be7fc,100%,0,27,27,0,0,0,27
0xa92c86,100%,0,8,8,8,0,0,0
0x808191,100%,0,27,27,0,0,0,27
0x9a8fd4,100%,0,14,14,0,0,0,14
0xa47e9f,100%,0,12,12,0,0,0,12
0x8bf19a,100%,0,2,2,0,0,0,2
0x8f5415,100%,0,12,12,12,0,0,0
0x55de08,100%,0,2,2,0,0,0,2
0x903329,100%,0,12,12,0,0,0,12
0x723670,100%,0,1446,1446,0,0,0,1446
0x9c4e0a,100%,0,7,7,0,0,0,7
0x8ec8e3,100%,0,2,2,0,0,0,2
0xace175,100%,0,2,2,2,0,0,0
0x99d361,100%,0,9,9,0,0,0,9
0x48d056,100%,0,1,1,0,0,0,1
0x9a7efb,100%,0,25,25,25,0,0,0
0x5bce17,100%,0,964,964,964,0,0,0
0x9f40c8,100%,0,3,3,0,0,0,3
0x404643,100%,0,224,224,0,0,0,224
0x677c66,100%,0,294,294,0,0,0,294
0x98cee8,100%,0,12,12,0,0,0,12
0x94357a,100%,0,75,75,0,0,0,75
0x98ced5,100%,0,12,12,0,0,0,12
0x7c948b,100%,0,4,4,4,0,0,0
0x4beea5,100%,0,58,58,0,0,0,58
0x70c187,100%,0,6,6,0,0,0,6
0x4c044c,100%,0,86,86,0,0,0,86
0xa64c18,100%,0,6,6,0,0,0,6
0x70c193,100%,0,6,6,0,0,0,6
0x5abdf0,100%,0,9,9,0,0,0,9
0xa0683a,100%,0,2,2,0,0,0,2
0xa46ad5,100%,0,56,56,56,0,0,0
0x4bf60d,100%,0,86,86,0,0,0,86
0x9c4f77,100%,0,4,4,0,0,0,4
0x80392c,100%,0,2,2,0,0,0,2
0x481bfc,100%,0,19,19,0,0,0,19
0x65a065,100%,0,253,253,0,0,0,253
0x9eb56c,100%,0,63,63,0,0,0,63
0x4bee2b,100%,0,58,58,0,0,0,58
0x441bf9,100%,0,11,11,11,0,0,0
0x4bef09,100%,0,25,25,0,0,0,25
0x69235c,100%,0,22,22,0,0,0,22
0x8aaa5e,100%,0,63,63,0,0,0,63
0x4bedf0,100%,0,58,58,0,0,0,58
0x901310,100%,0,50,50,0,0,0,50
0x70c21c,100%,0,6,6,0,0,0,6
0x70c279,100%,0,6,6,0,0,0,6
0xa4668a,100%,0,96,96,0,0,0,96
0xa097e9,100%,0,1,1,0,0,0,1
0x723695,100%,0,1446,1446,0,0,0,1446
0x95a7a2,100%,0,4,4,0,0,0,4
0xa4c5bc,100%,0,4,4,0,0,0,4
0x9ebd44,100%,0,7,7,0,0,0,7
0x90b177,100%,0,70,70,0,0,0,70
0x6f5515,100%,0,40,40,40,0,0,0
0x5df7f5,100%,0,14,14,0,0,0,14
0x983fa8,100%,0,8,8,0,0,0,8
0x983fcf,100%,0,8,8,0,0,0,8
0x5be5ac,100%,0,170,170,0,0,0,170
0x9c4f52,100%,0,4,4,4,0,0,0
0x78169c,100%,0,9,9,9,0,0,0
0x65168d,100%,0,56,56,0,0,0,56
0x540f7a,100%,0,5,5,0,0,0,5
0x5d0ae7,100%,0,20,20,20,0,0,0
0x8d2611,100%,0,56,56,0,0,0,56
0x97703d,100%,0,8,8,0,0,0,8
0x441deb,100%,0,11,11,0,0,0,11
0x9e8458,100%,0,3,3,3,0,0,0
0xa91142,100%,0,4,4,4,0,0,0
0x815256,100%,0,6,6,6,0,0,0
0xa9a1f9,100%,0,15,15,0,0,0,15
0x5eeec4,100%,0,2,2,0,0,0,2
0xa48271,100%,0,12,12,12,0,0,0
0x804e12,100%,0,2,2,0,0,0,2
0x5bbf84,100%,0,2,2,2,0,0,0
0x9e155a,100%,0,2,2,2,0,0,0
0xad456f,100%,0,5,5,5,0,0,0
0xb3ac13,100%,0,1,1,1,0,0,0
0x9c4fbb,100%,0,4,4,0,0,0,4
0xa48625,100%,0,4,4,0,0,0,4
0x66d419,100%,0,85,85,0,0,0,85
0xa99c8c,100%,0,4,4,0,0,0,4
0x4419e3,100%,0,11,11,0,0,0,11
0x4c13c4,100%,0,24,24,0,0,0,24
0x49c849,100%,0,1,1,0,0,0,1
0x6116b9,100%,0,10,10,0,0,0,10
0x50f09e,100%,0,12,12,12,0,0,0
0x4bf0d5,100%,0,188,188,0,0,0,188
0xa28148,100%,0,3,3,3,0,0,0
0x6d1eea,100%,0,33,33,0,0,0,33
0x80374b,100%,0,75,75,0,0,0,75
0xa438b7,100%,0,12,12,12,0,0,0
0x606ede,100%,0,3,3,0,0,0,3
0x81bd50,100%,0,2,2,0,0,0,2
0x4bffea,100%,0,24,24,0,0,0,24
0xb6a10d,100%,0,5,5,0,0,0,5
0x48fbd6,100%,0,4,4,0,0,0,4
0xa48597,100%,0,41,41,0,0,0,41
0x99eb2d,100%,0,13,13,13,0,0,0
0x80ab08,100%,0,2,2,0,0,0,2
0x649c6c,100%,0,2,2,0,0,0,2
0x554cf4,100%,0,289,289,0,0,0,289
0x590cab,100%,0,20,20,2,0,0,18
0x590cb8,100%,0,18,18,0,0,0,18
0x7b8905,100%,0,2,2,2,0,0,0
0xa94536,100%,0,29,29,0,0,0,29
0x406bce,100%,0,18,18,0,0,0,18
0x9f40f1,100%,0,3,3,3,0,0,0
0x4b6dc0,100%,0,28,28,0,0,0,28
0x6f1646,100%,0,12,12,12,0,0,0
0x63ae14,100%,0,241,241,241,0,0,0
0x7b72b1,100%,0,2,2,2,0,0,0
0x4b5f56,100%,0,8,8,0,0,0,8
0x9f5944,100%,0,2,2,0,0,0,2
0x5373c2,100%,0,128,128,0,0,0,128
0xa6b808,100%,0,4,4,4,0,0,0
0x5f77df,100%,0,4,4,4,0,0,0
0x44146e,100%,0,582,582,0,0,0,582
0xaccde2,100%,0,3,3,0,0,0,3
0x6cfc46,100%,0,4,4,4,0,0,0
0x4935d3,100%,0,17,17,0,0,0,17
0xa99d3b,100%,0,11,11,0,0,0,11
0xa53a9a,100%,0,2,2,0,0,0,2
0x540732,100%,0,2,2,0,0,0,2
0x9ea169,100%,0,2,2,2,0,0,0
0x67531f,100%,0,1,1,0,0,0,1
0x9843a8,100%,0,8,8,8,0,0,0
0x8c9371,100%,0,11,11,0,0,0,11
0x80ea8a,100%,0,526,526,0,0,0,526
0x9843d3,100%,0,8,8,0,0,0,8
0x55805a,100%,0,1044,1044,0,0,0,1044
0xa5366d,100%,0,6,6,6,0,0,0
0x63dfe1,100%,0,961,961,961,0,0,0
0x7826e1,100%,0,6,6,0,0,0,6
0xa410ad,100%,0,35,35,0,0,0,35
0x540f7e,100%,0,5,5,0,0,0,5
0x5e78a0,100%,0,73,73,0,0,0,73
0x8dc412,100%,0,4,4,4,0,0,0
0x50d93b,100%,0,26,26,0,0,0,26
0x99d33d,100%,0,9,9,9,0,0,0
0x984929,100%,0,4,4,0,0,0,4
0x6ec00d,100%,0,1,1,0,0,0,1
0x5af6ce,100%,0,9,9,0,0,0,9
0x487f73,100%,0,1,1,0,0,0,1
0x670ad0,100%,0,2,2,2,0,0,0
0xa21b7e,100%,0,2,2,0,0,0,2
0xa4671d,100%,0,30,30,0,0,0,30
0x5c51e0,100%,0,8,8,0,0,0,8
0x804136,100%,0,60,60,0,0,0,60
0x808343,100%,0,4,4,0,0,0,4
0xaa6424,100%,0,8,8,0,0,0,8
0x53e492,100%,0,17,17,4,0,0,13
0x487e70,100%,0,2,2,2,0,0,0
0x9a763b,100%,0,14,14,0,0,0,14
0x9f6330,100%,0,3,3,3,0,0,0
0xa2fea3,100%,0,160,160,160,0,0,0
0x4bc0cb,100%,0,121,121,121,0,0,0
0x981060,100%,0,8,8,8,0,0,0
0xacdceb,100%,0,2,2,2,0,0,0
0x68a993,100%,0,76,76,0,0,0,76
0x9a8220,100%,0,14,14,14,0,0,0
0x7c7716,100%,0,4,4,4,0,0,0
0x78f8a5,100%,0,1,1,1,0,0,0
0x488b01,100%,0,526,526,0,0,0,526
0x533ef8,100%,0,2,2,0,0,0,2
0xb245be,100%,0,11899,11899,0,0,0,11899
0x5f37a9,100%,0,7,7,2,0,0,5
0x63deac,100%,0,961,961,961,0,0,0
0x4b78c6,100%,0,28,28,0,0,0,28
0x58d42c,100%,0,12,12,0,0,0,12
0x65bc54,100%,0,505,505,0,0,0,505
0x8d429a,100%,0,11,11,11,0,0,0
0xa486c6,100%,0,242,242,0,0,0,242
0x9fe71f,100%,0,40,40,0,0,0,40
0x973b97,100%,0,10,10,0,0,0,10
0xaa4a6e,100%,0,3,3,3,0,0,0
0x8d242a,100%,0,124,124,0,0,0,124
0xa07384,100%,0,9,9,9,0,0,0
0x40ae02,100%,0,4,4,0,0,0,4
0xa47332,100%,0,11,11,0,0,0,11
0xa58719,100%,0,4,4,0,0,0,4
0x95a783,100%,0,4,4,4,0,0,0
0x7829d3,100%,0,19,19,0,0,0,19
0x70c2d8,100%,0,6,6,6,0,0,0
0x4badb0,100%,0,304,304,304,0,0,0
0x9f5af8,100%,0,12,12,0,0,0,12
0x64c661,100%,0,119,119,119,0,0,0
0x981d05,100%,0,4,4,4,0,0,0
0x80b3a2,100%,0,5,5,0,0,0,5
0x4bc5d2,100%,0,10,10,0,0,0,10
0x984184,100%,0,9,9,0,0,0,9
0x4b6dd2,100%,0,28,28,0,0,0,28
0xa47734,100%,0,42,42,0,0,0,42
0x9f3ce1,100%,0,10,10,0,0,0,10
0xa4e004,100%,0,2,2,2,0,0,0
0xb90265,100%,0,5,5,0,0,0,5
0xa53979,100%,0,14,14,14,0,0,0
0x4ab740,100%,0,31,31,31,0,0,0
0x485cf4,100%,0,3,3,0,0,0,3
0x81d017,100%,0,167,167,167,0,0,0
0xa47c35,100%,0,39,39,0,0,0,39
0x9099d6,100%,0,1126,1126,1126,0,0,0
0x4416ce,100%,0,11,11,0,0,0,11
0xaa1337,100%,0,195,195,0,0,0,195
0xa01cd9,100%,0,2,2,0,0,0,2
0x84355c,100%,0,3,3,0,0,0,3
0x49d290,100%,0,1,1,0,0,0,1
0x9f8221,100%,0,1,1,1,0,0,0
0x65bc1a,100%,0,505,505,0,0,0,505
0xa02f1c,100%,0,2,2,0,0,0,2
0xa4771e,100%,0,42,42,0,0,0,42
0xb30011,100%,0,5,5,5,0,0,0
0xa39f49,100%,0,30,30,0,0,0,30
0xa474e1,100%,0,42,42,0,0,0,42
0x97a028,100%,0,51,51,0,0,0,51
0xa1a1aa,100%,0,5,5,0,0,0,5
0xa06afd,100%,0,2,2,2,0,0,0
0xa2f21c,100%,0,1,1,0,0,0,1
0x5bd4ef,100%,0,1448,1448,1448,0,0,0
0xa325ff,100%,0,4,4,4,0,0,0
0x803cfb,100%,0,2,2,2,0,0,0
0xa3eef7,100%,0,8,8,0,0,0,8
0xa8e467,100%,0,1,1,0,0,0,1
0x90ab92,100%,0,27,27,0,0,0,27
0x9cfc50,100%,0,8,8,0,0,0,8
0x9e8503,100%,0,21,21,21,0,0,0
0x80a90b,100%,0,841,841,841,0,0,0
0xa324d7,100%,0,4,4,0,0,0,4
0x58daab,100%,0,26,26,26,0,0,0
0x9c3ca6,100%,0,9,9,0,0,0,9
0x9f9930,100%,0,25,25,0,0,0,25
0x4bca89,100%,0,4,4,4,0,0,0
0xa8e476,100%,0,1,1,0,0,0,1
0x593003,100%,0,1,1,0,0,0,1
0x8adca2,100%,0,22,22,22,0,0,0
0x4945f7,100%,0,2,2,0,0,0,2
0x9498fa,100%,0,53,53,0,0,0,53
0x512904,100%,0,25,25,25,0,0,0
0x6114f1,100%,0,31,31,0,0,0,31
0x4bc9d8,100%,0,12,12,0,0,0,12
0x5f4e72,100%,0,1,1,1,0,0,0
0x8f6ccc,100%,0,45,45,0,0,0,45
0x503357,100%,0,41,41,0,0,0,41
0xab5b3e,100%,0,2,2,2,0,0,0
0x4c4d20,100%,0,13,13,13,0,0,0
0x5f4dcc,100%,0,2,2,0,0,0,2
0x78ad7d,100%,0,21,21,21,0,0,0
0x4c4c0a,100%,0,13,13,0,0,0,13
0x99a01e,100%,0,4,4,4,0,0,0
0x63d7d6,100%,0,3,3,3,0,0,0
0x90241b,100%,0,49,49,0,0,0,49
0x4bf387,100%,0,37,37,0,0,0,37
0x4bc99f,100%,0,12,12,0,0,0,12
0xa21c2e,100%,0,2,2,0,0,0,2
0x5f4e99,100%,0,1,1,1,0,0,0
0x5f4eb8,100%,0,1,1,1,0,0,0
0x945fdf,100%,0,19,19,19,0,0,0
0x8e905b,100%,0,2,2,0,0,0,2
0x558de5,100%,0,22,22,0,0,0,22
0x9737fd,100%,0,38,38,0,0,0,38
0x40478f,100%,0,397,397,0,0,0,397
0x60c42e,100%,0,5,5,0,0,0,5
0x9ee578,100%,0,403,403,403,0,0,0
0xa8e3a8,100%,0,1,1,0,0,0,1
0x8ee602,100%,0,42,42,42,0,0,0
0x8164b9,100%,0,2,2,2,0,0,0
0x6823a1,100%,0,34,34,0,0,0,34
0x8e35db,100%,0,454,454,0,0,0,454
0x5b6070,100%,0,1,1,1,0,0,0
0xaaaeaa,100%,0,130,130,0,0,0,130
0x9737d6,100%,0,38,38,38,0,0,0
0x80568e,100%,0,2,2,2,0,0,0
0x48bc60,100%,0,1,1,1,0,0,0
0xa8e521,100%,0,1,1,0,0,0,1
0xa5a0de,100%,0,3,3,0,0,0,3
0x90bcd7,100%,0,176,176,176,0,0,0
0x50aac7,100%,0,10,10,0,0,0,10
0x95648a,100%,0,1,1,1,0,0,0
0x88e056,100%,0,6,6,0,0,0,6
0x94f0b9,100%,0,1,1,1,0,0,0
0x68b11a,100%,0,4,4,0,0,0,4
0x4c6820,100%,0,12,12,0,0,0,12
0xa06920,100%,0,2,2,0,0,0,2
0x4c74a5,100%,0,18,18,0,0,0,18
0x48bcb7,100%,0,1,1,0,0,0,1
0x5bd3de,100%,0,839,839,0,0,0,839
0xa4c71d,100%,0,4,4,0,0,0,4
0x48bccd,100%,0,1,1,1,0,0,0
0xa312fb,100%,0,52,52,0,0,0,52
0xa452b5,100%,0,398,398,398,0,0,0
0x49465f,100%,0,4,4,0,0,0,4
0x80a057,100%,0,4,4,0,0,0,4
0x4bca0e,100%,0,12,12,0,0,0,12
0x4417f7,100%,0,11,11,0,0,0,11
0x60c678,100%,0,3,3,0,0,0,3
0x4c4666,100%,0,37,37,0,0,0,37
0x64adfe,100%,0,2723,2723,2723,0,0,0
0xa8e4d6,100%,0,2,2,0,0,0,2
0xa1d7d2,100%,0,2,2,0,0,0,2
0x67517f,100%,0,3,3,3,0,0,0
0x9e7e61,100%,0,4,4,0,0,0,4
0xa9262b,100%,0,189,189,0,0,0,189
0x609f08,100%,0,161,161,161,0,0,0
0x49145b,100%,0,158,158,0,0,0,158
0xa050b7,100%,0,1,1,0,0,0,1
0x58e840,100%,0,6,6,6,0,0,0
0x606df0,100%,0,8,8,0,0,0,8
0x533989,100%,0,11,11,11,0,0,0
0x8a5125,100%,0,2,2,0,0,0,2
0x4946bd,100%,0,4,4,0,0,0,4
0x4947c2,100%,0,2,2,2,0,0,0
0x69dd24,100%,0,12,12,0,0,0,12
0x9ed6b4,100%,0,59,59,59,0,0,0
0x9e7075,100%,0,5,5,0,0,0,5
0xa4eefd,100%,0,22,22,0,0,0,22
0x97abe0,100%,0,14,14,14,0,0,0
0x8ea6af,100%,0,4,4,4,0,0,0
0xa04046,100%,0,2,2,0,0,0,2
0x9e3015,100%,0,237,237,237,0,0,0
0x78bfb7,100%,0,9,9,0,0,0,9
0xa1a3a1,100%,0,9,9,9,0,0,0
0x679fd7,100%,0,1794,1794,0,0,0,1794
0x495995,100%,0,19,19,0,0,0,19
0xa94272,100%,0,2,2,2,0,0,0
0xa1d4aa,100%,0,5,5,0,0,0,5
0x95607e,100%,0,1,1,0,0,0,1
0x95b87d,100%,0,4,4,0,0,0,4
0x670dea,100%,0,2,2,0,0,0,2
0xa09615,100%,0,4,4,0,0,0,4
0x9e0fd7,100%,0,80,80,0,0,0,80
0xa7238b,100%,0,4,4,0,0,0,4
0x4419f1,100%,0,11,11,0,0,0,11
0x9a0af1,100%,0,28,28,0,0,0,28
0x9be545,100%,0,2,2,0,0,0,2
0x9ed63b,100%,0,950,950,0,0,0,950
0x4c2fb7,100%,0,13,13,0,0,0,13
0x8ea098,100%,0,3,3,0,0,0,3
0x81f5d0,100%,0,4,4,4,0,0,0
0x410011,100%,0,2,2,2,0,0,0
0xa7bee7,100%,0,5,5,0,0,0,5
0xa60a4f,100%,0,304,304,0,0,0,304
0x9ea6ec,100%,0,190,190,0,0,0,190
0x977d57,100%,0,143,143,0,0,0,143
0x4c39c1,100%,0,7,7,0,0,0,7
0x495ac3,100%,0,1,1,0,0,0,1
0x58ee3e,100%,0,2,2,0,0,0,2
0x4c4cbb,100%,0,15,15,0,0,0,15
0x99e0a4,100%,0,15,15,0,0,0,15
0x81fde3,100%,0,2,2,2,0,0,0
0x5b4b2f,100%,0,1,1,0,0,0,1
0x95103f,100%,0,3,3,1,0,0,2
0x60b53e,100%,0,386,386,0,0,0,386
0x8f3f6f,100%,0,91,91,0,0,0,91
0xa1a351,100%,0,9,9,9,0,0,0
0x66f3f9,100%,0,2,2,0,0,0,2
0xa1a38a,100%,0,9,9,0,0,0,9
0x4be4e1,100%,0,7,7,0,0,0,7
0xa1d47a,100%,0,9,9,0,0,0,9
0x8ef476,100%,0,144,144,0,0,0,144
0x6d9f48,100%,0,1,1,1,0,0,0
0xa58e5f,100%,0,146,146,0,0,0,146
0xa4f8f6,100%,0,14,14,0,0,0,14
0x591172,100%,0,92,92,0,0,0,92
0x97a037,100%,0,51,51,51,0,0,0
0x8df894,100%,0,2,2,0,0,0,2
0xa4114f,100%,0,25,25,0,0,0,25
0x9edcd5,100%,0,64,64,0,0,0,64
0xa96a72,100%,0,21,21,0,0,0,21
0x94e97c,100%,0,30,30,0,0,0,30
0x94e8eb,100%,0,30,30,0,0,0,30
0xa2de5a,100%,0,35,35,0,0,0,35
0xa01914,100%,0,4,4,4,0,0,0
0x4b9195,100%,0,16,16,16,0,0,0
0x682392,100%,0,34,34,0,0,0,34
0x9a6b27,100%,0,10,10,0,0,0,10
0x54ef44,100%,0,43,43,0,0,0,43
0xa4276e,100%,0,225,225,0,0,0,225
0x4ac669,100%,0,15,15,15,0,0,0
0x54c660,100%,0,3,3,3,0,0,0
0x7c9d3c,100%,0,4,4,4,0,0,0
0x5cfda7,100%,0,24,24,0,0,0,24
0xa3bcc8,100%,0,2,2,2,0,0,0
0x90240d,100%,0,49,49,0,0,0,49
0x5bd545,100%,0,1448,1448,0,0,0,1448
0xaaaadd,100%,0,1,1,1,0,0,0
0x4aaf0f,100%,0,11,11,0,0,0,11
0x4c2f89,100%,0,13,13,13,0,0,0
0x9d0b15,100%,0,51,51,0,0,0,51
0x4bd18a,100%,0,4,4,0,0,0,4
0x80a37b,100%,0,4,4,0,0,0,4
0xaaaab7,100%,0,1,1,0,0,0,1
0xa95fc5,100%,0,8,8,0,0,0,8
0x4bd5fc,100%,0,7,7,0,0,0,7
0x5bd7dd,100%,0,1482,1482,1482,0,0,0
0x8ba05f,100%,0,1,1,1,0,0,0
0x7c7c0d,100%,0,1,1,1,0,0,0
0xa31c4d,100%,0,31,31,0,0,0,31
0x80da3e,100%,0,106,106,0,0,0,106
0x63e96d,100%,0,1306,1306,1306,0,0,0
0x9e052e,100%,0,58,58,0,0,0,58
0x9ebc5c,100%,0,63,63,63,0,0,0
0x9f47ae,100%,0,8,8,8,0,0,0
0x9fe792,100%,0,37,37,0,0,0,37
0x8df628,100%,0,23,23,0,0,0,23
0x90d34e,100%,0,124,124,0,0,0,124
0xa26c33,100%,0,10,10,0,0,0,10
0x5beca2,100%,0,2,2,2,0,0,0
0x5ef756,100%,0,1,1,0,0,0,1
0x6a7885,100%,0,1,1,0,0,0,1
0xa2df3d,100%,0,194,194,0,0,0,194
0x8dc403,100%,0,4,4,0,0,0,4
0xa2dbe7,100%,0,4,4,0,0,0,4
0xa3444a,100%,0,49,49,0,0,0,49
0x7d404d,100%,0,3,3,3,0,0,0
0xa9801b,100%,0,15,15,15,0,0,0
0x94caa4,100%,0,64,64,64,0,0,0
0x943d77,100%,0,8,8,0,0,0,8
0x5a6071,100%,0,4,4,0,0,0,4
0x9c5013,100%,0,4,4,0,0,0,4
0x60b988,100%,0,38,38,0,0,0,38
0x9c5210,100%,0,8,8,8,0,0,0
0xa030bc,100%,0,76,76,0,0,0,76
0x6e445d,100%,0,16,16,0,0,0,16
0xa41213,100%,0,25,25,0,0,0,25
0x61077b,100%,0,13,13,0,0,0,13
0x4c59bb,100%,0,55,55,0,0,0,55
0x5a8726,100%,0,2,2,2,0,0,0
0xaadbbb,100%,0,325,325,325,0,0,0
0x9f4bf3,100%,0,175,175,0,0,0,175
0x49d0ee,100%,0,2,2,0,0,0,2
0xa30f56,100%,0,195,195,0,0,0,195
0xa99ca6,100%,0,4,4,0,0,0,4
0x5f08a0,100%,0,296,296,296,0,0,0
0x9a7ad9,100%,0,87,87,0,0,0,87
0xa3169c,100%,0,38,38,38,0,0,0
0x4c6566,100%,0,28,28,0,0,0,28
0x8c8da1,100%,0,8,8,8,0,0,0
0x4c649f,100%,0,28,28,0,0,0,28
0x80a83c,100%,0,841,841,0,0,0,841
0x82204a,100%,0,32,32,0,0,0,32
0x60c65d,100%,0,4,4,0,0,0,4
0xa7b48a,100%,0,4,4,4,0,0,0
0xa03a40,100%,0,117,117,117,0,0,0
0x5c475c,100%,0,8,8,0,0,0,8
0x9a61a4,100%,0,12,12,0,0,0,12
0x8e9be2,100%,0,234,234,0,0,0,234
0x9f5cb9,100%,0,19,19,0,0,0,19
0xa21220,100%,0,4,4,0,0,0,4
0x78949f,100%,0,8,8,0,0,0,8
0xa53fcd,100%,0,107,107,107,0,0,0
0x4c5eae,100%,0,43,43,0,0,0,43
0x48c4ed,100%,0,96,96,96,0,0,0
0xa8e604,100%,0,1,1,0,0,0,1
0x4c5c38,100%,0,32,32,0,0,0,32
0x678dff,100%,0,23,23,23,0,0,0
0xa9475f,100%,0,29,29,0,0,0,29
0x97130c,100%,0,7,7,0,0,0,7
0x80c414,100%,0,18,18,0,0,0,18
0x7e0496,100%,0,11,11,11,0,0,0
0x8dc356,100%,0,4,4,4,0,0,0
0x811959,100%,0,3,3,0,0,0,3
0x64af4a,100%,0,5708,5708,0,0,0,5708
0x8f3232,100%,0,12,12,0,0,0,12
0x8d3fae,100%,0,13,13,0,0,0,13
0x49aedf,100%,0,39,39,0,0,0,39
0xa5460b,100%,0,2,2,2,0,0,0
0xa2d665,100%,0,194,194,0,0,0,194
0x5e06c6,100%,0,4,4,0,0,0,4
0x4beec1,100%,0,33,33,0,0,0,33
0x9fb1be,100%,0,37,37,37,0,0,0
0xa66203,100%,0,27,27,0,0,0,27
0x402f18,100%,0,6,6,0,0,0,6
0xa9f0d7,100%,0,4,4,4,0,0,0
0x7e055d,100%,0,9,9,0,0,0,9
0xa66217,100%,0,27,27,27,0,0,0
0x619b9e,100%,0,20,20,20,0,0,0
0x506ec4,100%,0,1,1,0,0,0,1
0x4a7c22,100%,0,51,51,51,0,0,0
0x6113f7,100%,0,107,107,0,0,0,107
0x783df1,100%,0,11,11,0,0,0,11
0x53b2f5,100%,0,2,2,0,0,0,2
0xa03003,100%,0,68,68,0,0,0,68
0x90876a,100%,0,961,961,0,0,0,961
0x971193,100%,0,5,5,0,0,0,5
0xa1b470,100%,0,1,1,0,0,0,1
0x4b8942,100%,0,11,11,0,0,0,11
0x9ab4b1,100%,0,51,51,51,0,0,0
0x5bc4f4,100%,0,964,964,0,0,0,964
0x60b060,100%,0,50,50,50,0,0,0
0x5f0640,100%,0,105,105,105,0,0,0
0x5bc84c,100%,0,2,2,2,0,0,0
0x541335,100%,0,8,8,8,0,0,0
0xa36c77,100%,0,2,2,0,0,0,2
0x782723,100%,0,10,10,0,0,0,10
0x4bb941,100%,0,112,112,56,0,0,56
0x5f0a8a,100%,0,3,3,0,0,0,3
0x49535c,100%,0,1,1,0,0,0,1
0x504095,100%,0,62,62,0,0,0,62
0x5f0a79,100%,0,3,3,0,0,0,3
0x65a06e,100%,0,253,253,0,0,0,253
0x8dc3f2,100%,0,4,4,0,0,0,4
0x50b496,100%,0,4,4,4,0,0,0
0xa0675c,100%,0,2,2,0,0,0,2
0xa546a7,100%,0,102,102,0,0,0,102
0x4c81a0,100%,0,22,22,0,0,0,22
0x58d1d3,100%,0,20,20,20,0,0,0
0x4c5e7e,100%,0,8,8,0,0,0,8
0x5fa7cd,100%,0,69,69,0,0,0,69
0xa35cce,100%,0,1215,1215,0,0,0,1215
0x95b38f,100%,0,4,4,0,0,0,4
0x8f3054,100%,0,17,17,0,0,0,17
0x943a47,100%,0,4,4,0,0,0,4
0x9f7608,100%,0,66,66,66,0,0,0
0x4c5c78,100%,0,8,8,0,0,0,8
0x4c5c5f,100%,0,8,8,0,0,0,8
0xa02c07,100%,0,2,2,0,0,0,2
0x4c5e84,100%,0,8,8,8,0,0,0
0xa65002,100%,0,4,4,0,0,0,4
0x5f45c8,100%,0,2,2,0,0,0,2
0x809ed1,100%,0,2,2,0,0,0,2
0x8ec607,100%,0,2,2,0,0,0,2
0xa8e530,100%,0,5,5,0,0,0,5
0x7d3dc0,100%,0,3,3,0,0,0,3
0xa853d7,100%,0,5,5,0,0,0,5
0x5ec32a,100%,0,31,31,31,0,0,0
0xa2aa2b,100%,0,3,3,0,0,0,3
0xa2e22f,100%,0,2,2,2,0,0,0
0xa07bb2,100%,0,1,1,1,0,0,0
0xaa4a2e,100%,0,3,3,0,0,0,3
0x4c7138,100%,0,1,1,1,0,0,0
0x7be0a2,100%,0,4,4,0,0,0,4
0x48bd96,100%,0,1,1,1,0,0,0
0x8aad9f,100%,0,5,5,0,0,0,5
0x4c44ed,100%,0,14,14,0,0,0,14
0x4c44dd,100%,0,14,14,0,0,0,14
0x8ab630,100%,0,2,2,2,0,0,0
0xa722d6,100%,0,4,4,0,0,0,4
0x4c4b54,100%,0,36,36,36,0,0,0
0x8055aa,100%,0,19,19,0,0,0,19
0xa50bb5,100%,0,81,81,81,0,0,0
0x66750e,100%,0,2,2,0,0,0,2
0x8aada9,100%,0,5,5,0,0,0,5
0x8aadfc,100%,0,5,5,5,0,0,0
0x4a974b,100%,0,142,142,142,0,0,0
0x9f9ae8,100%,0,109,109,109,0,0,0
0x805e06,100%,0,4,4,0,0,0,4
0x4bf177,100%,0,15,15,0,0,0,15
0x8aae12,100%,0,5,5,0,0,0,5
0x8ade70,100%,0,2,2,2,0,0,0
0x4c4c8f,100%,0,15,15,0,0,0,15
0x4aaced,100%,0,40,40,40,0,0,0
0x9177e5,100%,0,8,8,8,0,0,0
0xa21c3c,100%,0,2,2,1,0,0,1
0x4c4f66,100%,0,17,17,0,0,0,17
0xa36e73,100%,0,10,10,0,0,0,10
0x9487b9,100%,0,39,39,0,0,0,39
0x95ad65,100%,0,23,23,19,0,0,4
0xa3d3c1,100%,0,8,8,8,0,0,0
0x494b82,100%,0,2,2,2,0,0,0
0x81fcda,100%,0,14,14,0,0,0,14
0x4c7631,100%,0,4,4,4,0,0,0
0x4c6f93,100%,0,50,50,0,0,0,50
0x7955dd,100%,0,13,13,0,0,0,13
0xa55b80,100%,0,83,83,83,0,0,0
0x9ecd53,100%,0,10,10,0,0,0,10
0x5a61dd,100%,0,4,4,0,0,0,4
0xa7b40f,100%,0,1,1,0,0,0,1
0x4c8396,100%,0,3,3,0,0,0,3
0xa7bf3c,100%,0,5,5,5,0,0,0
0x4417ee,100%,0,11,11,0,0,0,11
0xa528b9,100%,0,2,2,2,0,0,0
0xa7c781,100%,0,5,5,5,0,0,0
0xa50f05,100%,0,4,4,4,0,0,0
0x4a9a71,100%,0,2,2,0,0,0,2
0xa5928c,100%,0,10,10,0,0,0,10
0x8c90be,100%,0,2,2,0,0,0,2
0xa2dde8,100%,0,36,36,0,0,0,36
0x722e8b,100%,0,18,18,0,0,0,18
0x9e7ded,100%,0,4,4,0,0,0,4
0xb316a9,100%,0,59,59,0,0,0,59
0x5b2b69,100%,0,45,45,0,0,0,45
0x8e9e1d,100%,0,4,4,0,0,0,4
0x8dc4e5,100%,0,4,4,0,0,0,4
0xa2e7cd,100%,0,85,85,0,0,0,85
0x60c5cd,100%,0,10,10,0,0,0,10
0x4c7f1a,100%,0,4,4,0,0,0,4
0x4bfd19,100%,0,86,86,86,0,0,0
0x49d13e,100%,0,2,2,2,0,0,0
0x80faca,100%,0,2,2,0,0,0,2
0x4c7f15,100%,0,4,4,0,0,0,4
0xa6b990,100%,0,4,4,4,0,0,0
0x4c76dd,100%,0,4,4,0,0,0,4
0x4c769b,100%,0,4,4,0,0,0,4
0x948909,100%,0,22,22,22,0,0,0
0x9488ed,100%,0,22,22,0,0,0,22
0x8dba32,100%,0,240,240,0,0,0,240
0xa6b98a,100%,0,4,4,0,0,0,4
0xa7bef3,100%,0,5,5,0,0,0,5
0x494fe1,100%,0,2,2,0,0,0,2
0x49521b,100%,0,1,1,0,0,0,1
