Branch PC,Accuracy,Mispredictions,Correct Predictions,Total,dir_t_pred_t,dir_t_pred_nt,dir_nt_pred_t,dir_nt_pred_nt
aggregate,99.3106%,157998,22758976,22916974,12890528,72846,85152,9868448
0xa7838e,93.347%,7763,108922,116685,97993,1868,5895,10929
0xa305cd,93.4122%,3593,50947,54540,21854,1756,1837,29093
0xa39395,87.5893%,3580,25266,28846,13298,1693,1887,11968
0x62358e,93.725%,3263,48737,52000,37889,2686,577,10848
0x652b74,96.3947%,3249,86868,90117,29925,2721,528,56943
0xa77dc5,93.4469%,3130,44634,47764,13213,1793,1337,31421
0x65245a,94.8069%,2982,54440,57422,48328,891,2091,6112
0xa7827d,92.7585%,2543,32574,35117,13290,1208,1335,19284
0xa39282,92.0058%,2306,26540,28846,17419,1359,947,9121
0xa77fec,90.1349%,2223,20311,22534,17861,723,1500,2450
0x64dac3,99.0883%,2188,237812,240000,200853,1061,1127,36959
0xa76a95,90.2763%,2069,19209,21278,6365,1055,1014,12844
0xa77da5,97.1054%,1996,66960,68956,20105,1087,909,46855
0xa761d8,96.0673%,1929,47121,49050,8224,1084,845,38897
0x655562,99.213%,1916,241537,243453,229227,711,1205,12310
0xa77fb5,96.1642%,1898,47583,49481,25331,988,910,22252
0xa76290,88.368%,1737,13196,14933,4579,1072,665,8617
0xa78397,90.1391%,1659,15165,16824,7310,714,945,7855
0xa77ffd,91.8211%,1346,15111,16457,1253,1066,280,13858
0x64dace,96.5289%,1322,36764,38086,21513,573,749,15251
0xa762de,89.8063%,1247,10986,12233,2634,847,400,8352
0xa76aa1,91.1315%,1229,12629,13858,7625,538,691,5004
0xa39234,96.458%,1143,31127,32270,14203,428,715,16924
0x927d6c,98.3297%,1113,65520,66633,63143,306,807,2377
0xa762d6,93.0222%,1042,13891,14933,1971,729,313,11920
0x9283a5,78.791%,1028,3819,4847,531,715,313,3288
0x652462,87.8703%,995,7208,8203,3786,316,679,3422
0xa78154,90.5833%,967,9302,10269,3066,498,469,6236
0x6527eb,99.1302%,947,107933,108880,24052,557,390,83881
0x652bf9,80.9188%,893,3787,4680,1312,549,344,2475
0x655da6,98.4499%,825,52397,53222,39466,241,584,12931
0x652ac5,99.1242%,817,92473,93290,87870,573,244,4603
0xa76269,93.5993%,783,11450,12233,6271,422,361,5179
0x92813a,92.0207%,757,8730,9487,5968,336,421,2762
0x8bff21,93.7596%,649,9751,10400,5920,434,215,3831
0xa768f5,99.0617%,647,68309,68956,21025,253,394,47284
0x8bf414,93.9423%,630,9770,10400,5926,428,202,3844
0x652b7f,99.3109%,621,89496,90117,85195,242,379,4301
0xa2e900,98.3815%,610,37079,37689,34509,301,309,2570
0x65ddb4,94.1442%,609,9791,10400,9370,216,393,421
0x65db63,94.2788%,595,9805,10400,9415,171,424,390
0xa304d2,99.1012%,591,65165,65756,19892,467,124,45273
0x65d9f3,94.4615%,576,9824,10400,9405,181,395,419
0x65df04,94.5962%,562,9838,10400,9402,184,378,436
0x92851b,88.6734%,549,4298,4847,2868,230,319,1430
0xa78147,97.0458%,549,18035,18584,8061,254,295,9974
0xa7697f,98.8842%,532,47146,47678,25418,278,254,21728
0xa76a4a,97.5703%,517,20761,21278,17772,220,297,2989
0x8bf3dc,95.0385%,516,9884,10400,8965,294,222,919
0xa78296,97.4645%,511,19643,20154,880,361,150,18763
0x8bfe9c,95.1538%,504,9896,10400,8960,299,205,936
0x643324,95.25%,494,9906,10400,967,174,320,8939
0x6433f4,95.2885%,490,9910,10400,967,174,316,8943
0x9282b4,98.2936%,489,28167,28656,23610,199,290,4557
0x6434c4,95.3269%,486,9914,10400,964,177,309,8950
0xa2e87b,98.7264%,480,37209,37689,35858,264,216,1351
0x6429c6,95.3942%,479,9921,10400,8958,301,178,963
0x642bd6,95.4615%,472,9928,10400,8963,296,176,965
0x643206,95.5%,468,9932,10400,8965,294,174,967
0x63b1c3,97.2202%,467,16333,16800,14713,288,179,1620
0x643016,95.5385%,464,9936,10400,8966,293,171,970
0x6437af,95.5385%,464,9936,10400,8977,282,182,959
0x643654,95.5481%,463,9937,10400,984,157,306,8953
0xa77e20,98.7347%,458,35740,36198,762,257,201,34978
0x63da28,95.5962%,458,9942,10400,8962,297,161,980
0x63d558,95.6058%,457,9943,10400,8981,278,179,962
0x926a76,90.6939%,456,4444,4900,3823,263,193,621
0x642e26,95.6442%,453,9947,10400,8980,279,174,967
0x65494c,99.6254%,451,119957,120408,111800,88,363,8157
0x63d678,95.6731%,450,9950,10400,8968,291,159,982
0xa39242,98.6055%,450,31820,32270,3118,306,144,28702
0x65c91d,95.8077%,436,9964,10400,9382,204,232,582
0xa77e3a,98.7663%,434,34745,35179,34206,118,316,539
0x6435a4,95.8654%,430,9970,10400,994,147,283,8976
0x63d8c9,95.9712%,419,9981,10400,8984,275,144,997
0x63c258,96.0865%,407,9993,10400,8992,267,140,1001
0x645310,96.0962%,406,9994,10400,6110,244,162,3884
0x645e98,96.2404%,391,10009,10400,6110,244,147,3899
0x62359a,99.0585%,382,40193,40575,39968,102,280,225
0x65c95b,96.3558%,379,10021,10400,6356,247,132,3665
0x658b1c,96.4423%,370,10030,10400,3408,112,258,6622
0x637cc2,94.5226%,366,6316,6682,5408,171,195,908
0xa30629,99.3326%,364,54176,54540,19433,194,170,34743
0x926a87,91.116%,363,3723,4086,1132,241,122,2591
0xa22380,98.2256%,363,20095,20458,451,310,53,19644
0x654545,99.7374%,361,137093,137454,128830,103,258,8263
0xa8209e,99.9409%,359,607573,607932,604176,107,252,3397
0xa8dbfc,94.2912%,358,5913,6271,5517,182,176,396
0x654fbe,99.7049%,351,118594,118945,110611,131,220,7983
0x654ed5,96.3899%,350,9345,9695,1243,249,101,8102
0xa7631b,99.2885%,349,48701,49050,44049,96,253,4652
0x429839,96.6538%,348,10052,10400,9067,192,156,985
0x9fb655,94.858%,344,6346,6690,5419,160,184,927
0xa782bb,98.0606%,344,17393,17737,2978,160,184,14415
0x65e983,96.7019%,343,10057,10400,6284,218,125,3773
0x64ed43,97.7987%,339,15061,15400,14114,38,301,947
0x65ec23,96.75%,338,10062,10400,6308,194,144,3754
0x64bee9,97.925%,332,15668,16000,10304,239,93,5364
0x652bb6,99.6349%,329,89788,90117,85198,239,90,4590
0x928531,81.3036%,327,1422,1749,864,170,157,558
0x637d80,95.1063%,327,6355,6682,5437,142,185,918
0x638515,95.1661%,323,6359,6682,5435,144,179,924
0x638441,95.1811%,322,6360,6682,5415,164,158,945
0x65ead3,96.9904%,313,10087,10400,6313,189,124,3774
0xa8dc23,95.0407%,311,5960,6271,5436,138,173,524
0x652717,99.269%,308,41826,42134,13254,171,137,28572
0x64ef36,97.0673%,305,10095,10400,6681,199,106,3414
0xa8dc0c,95.248%,298,5973,6271,5594,125,173,379
0x8c0c84,95.5231%,291,6209,6500,1985,196,95,4224
0x652614,98.8419%,285,24324,24609,18503,141,144,5821
0xa3885d,99.7101%,281,96638,96919,233,204,77,96405
0x654ffe,99.7646%,280,118665,118945,110648,94,186,8017
0xa8dc34,95.7583%,266,6005,6271,1826,130,136,4179
0xa81ffc,99.7249%,263,95337,95600,8197,122,141,87140
0xa30530,99.5233%,260,54280,54540,3749,102,158,50531
0xa304ef,99.5821%,259,61717,61976,7313,123,136,54404
0xa9168c,93.1691%,244,3328,3572,3179,67,177,149
0xa393c3,99.1576%,243,28603,28846,8593,145,98,20010
0x92c61a,97.6731%,242,10158,10400,9908,109,133,250
0x655319,98.2538%,236,13279,13515,6815,56,180,6464
0xa2424c,98.9403%,232,21661,21893,21356,32,200,305
0x65271e,99.1954%,231,28478,28709,17468,57,174,11010
0x64ed4f,81.4904%,231,1017,1248,471,105,126,546
0x64c024,95.2917%,226,4574,4800,73,156,70,4501
0x7a9862,97.9327%,215,10185,10400,9641,59,156,544
0x6561d9,98.4388%,211,13304,13515,550,114,97,12754
0xa24136,99.1407%,208,23998,24206,2201,112,96,21797
0x8c39f1,98.2917%,205,11795,12000,9933,67,138,1862
0x64ede2,99.387%,204,33076,33280,31983,17,187,1093
0x92a4a9,99.2881%,204,28452,28656,25384,88,116,3068
0x64cb91,98.7313%,203,15797,16000,249,117,86,15548
0xa82075,97.5598%,203,8116,8319,4623,47,156,3493
0x9281ad,97.8919%,200,9287,9487,9089,33,167,198
0xa76b08,98.5929%,195,13663,13858,10287,74,121,3376
0xa76ad3,96.6989%,188,5507,5695,3430,105,83,2077
0x65289f,99.8877%,186,165378,165564,140848,107,79,24530
0x6550d1,91.7337%,185,2053,2238,1049,70,115,1004
0x75af72,85.3152%,184,1069,1253,369,145,39,700
0x8c0c74,98.19%,181,9819,10000,3391,109,72,6428
0x64f015,98.2596%,181,10219,10400,6761,119,62,3458
0x9283f9,95.0014%,180,3421,3601,457,153,27,2964
0xa782af,99.0681%,173,18391,18564,721,106,67,17670
0xa7800a,98.7763%,173,13965,14138,12559,77,96,1406
0x429895,98.3846%,168,10232,10400,6194,50,118,4038
0x5943b3,94.4801%,155,2653,2808,90,118,37,2563
0x64f0b3,98.5288%,153,10247,10400,3479,41,112,6768
0x9f9955,95.7594%,153,3455,3608,1486,80,73,1969
0x8c5364,98.8231%,153,12847,13000,12494,6,147,353
0x6525eb,99.4338%,152,26695,26847,2128,110,42,24567
0x63ae73,93.9583%,145,2255,2400,1505,37,108,750
0xa24a29,86.1244%,145,900,1045,494,74,71,406
0xa8dbf7,99.8305%,144,84832,84976,81450,80,64,3382
0x64f2b6,99.1125%,142,15858,16000,10078,96,46,5780
0xa91682,95.755%,140,3158,3298,3101,53,87,57
0x63afb3,95.0714%,138,2662,2800,1759,40,98,903
0x9f5cff,97.466%,134,5154,5288,4790,46,88,364
0xa76a81,95.983%,132,3154,3286,2404,76,56,750
0x8c5308,99.7481%,131,51869,52000,10290,110,21,41579
0x5e8463,87.524%,130,912,1042,468,53,77,444
0x8c4ef9,99.7577%,126,51874,52000,10290,110,16,41584
0x5e8d7a,95.6159%,126,2748,2874,2239,56,70,509
0xa78246,99.5403%,121,26198,26319,972,47,74,25226
0xa76b45,98.388%,120,7324,7444,4675,83,37,2649
0xa393dc,99.584%,120,28726,28846,6361,56,64,22365
0x65263b,98.005%,119,5846,5965,4068,33,86,1778
0x5e8d2f,94.5637%,119,2070,2189,1385,52,67,685
0xa8dc4a,98.1183%,118,6153,6271,1526,56,62,4627
0xa77ea3,88.5182%,117,902,1019,251,64,53,651
0x64b89d,99.2875%,114,15886,16000,3752,72,42,12134
0x636e3a,89.6646%,114,989,1103,805,41,73,184
0xa82002,99.8705%,113,87168,87281,14952,57,56,72216
0x636d6c,89.7552%,113,990,1103,796,50,63,194
0x5e8d62,96.1378%,111,2763,2874,1377,60,51,1386
0x9f5df8,88.5177%,110,848,958,143,57,53,705
0xa785f9,98.3953%,110,6745,6855,391,33,77,6354
0x8a7bca,99.0059%,109,10856,10965,10818,18,91,38
0xa245ad,89.0891%,109,890,999,278,60,49,612
0x8c07c9,86.5%,108,692,800,153,67,41,539
0x92629d,73%,108,292,400,9,81,27,283
0x636523,87.3522%,107,739,846,558,36,71,181
0xa24415,95.374%,107,2206,2313,1002,69,38,1204
0x65274e,99.936%,106,165458,165564,140899,56,50,24559
0xa22300,99.5622%,106,24108,24214,3689,67,39,20419
0x8c5e99,95.84%,104,2396,2500,2396,4,100,0
0x63ab14,74%,104,296,400,100,69,35,196
0x756357,66.7732%,104,209,313,50,55,49,159
0x658608,87.6679%,101,718,819,718,10,91,0
0x5e847b,90.3071%,101,941,1042,775,42,59,166
0x63b1ca,94.4969%,99,1700,1799,214,43,56,1486
0xa78289,99.5199%,99,20520,20619,412,53,46,20108
0xa762c3,98.9334%,99,9183,9282,8528,64,35,655
0x5e8432,88.2139%,97,726,823,475,46,51,251
0x9f5cbb,99.027%,96,9770,9866,8371,37,59,1399
0x63a124,76%,96,304,400,111,58,38,193
0x639563,76%,96,304,400,112,57,39,192
0xa246c9,85.6278%,95,566,661,93,72,23,473
0x63bdbf,99.0865%,95,10305,10400,10191,1,94,114
0xa7807b,90.9354%,94,943,1037,656,39,55,287
0x5f1b7e,95.4678%,93,1959,2052,61,72,21,1898
0x63a593,76.75%,93,307,400,108,61,32,199
0xa246eb,85.9304%,93,568,661,529,20,73,39
0x75631a,76.5152%,93,303,396,275,15,78,28
0x7785ae,85.4688%,93,547,640,445,43,50,102
0x5f1b3a,95.5166%,92,1960,2052,1082,43,49,878
0x9f99be,99.4679%,92,17199,17291,16711,13,79,488
0x8c13ad,77.25%,91,309,400,57,53,38,252
0x63a734,77.25%,91,309,400,102,67,24,207
0x8c3a7a,96.9667%,91,2909,3000,2466,34,57,443
0xa77ec2,91.1678%,90,929,1019,826,46,44,103
0xa24461,92.9952%,87,1155,1242,998,47,40,157
0x64b8a7,99.2855%,87,12089,12176,115,49,38,11974
0x5e8054,86.6252%,86,557,643,504,33,53,53
0x5f3579,95.6478%,86,1890,1976,1648,24,62,242
0x65b02c,78.75%,85,315,400,266,24,61,49
0x8c3404,79%,84,316,400,55,55,29,261
0x65ddf0,96.8077%,83,2517,2600,2493,7,76,24
0x8c4a3f,83.4%,83,417,500,387,13,70,30
0x638880,98.5961%,83,5829,5912,5780,30,53,49
0x7a8dde,79.25%,83,317,400,110,38,45,207
0x7a9233,77.7174%,82,286,368,132,29,53,154
0x617e11,97.9504%,81,3871,3952,3800,0,81,71
0x652ae9,98.3289%,81,4766,4847,103,64,17,4663
0x928665,98.3289%,81,4766,4847,4654,34,47,112
0x92c5ee,99.2212%,81,10319,10400,1113,37,44,9206
0x96108b,99.2376%,81,10544,10625,10487,13,68,57
0xa233a0,85.0746%,80,456,536,238,40,40,218
0x961249,99.4155%,79,13436,13515,13335,21,58,101
0x63a317,80.5%,78,322,400,99,44,34,223
0x926b53,77.7143%,78,272,350,8,61,17,264
0x429ea4,80.5%,78,322,400,55,55,23,267
0xa7817d,98.8367%,78,6627,6705,5234,49,29,1393
0x8c0688,80.5%,78,322,400,52,58,20,270
0xa24c41,72.6316%,78,207,285,150,43,35,57
0x7a96ae,78.8043%,78,290,368,108,39,39,182
0xa78574,99.0404%,77,7947,8024,6626,48,29,1321
0x9f5e8b,82.4074%,76,356,432,109,41,35,247
0x63bfff,99.2692%,76,10324,10400,10191,1,75,133
0x8c6707,96.96%,76,2424,2500,2393,7,69,31
0x63cfb5,81.25%,75,325,400,108,35,40,217
0x64cbfe,99.5375%,74,15926,16000,1085,40,34,14841
0x639a13,81.5%,74,326,400,98,45,29,228
0x5a8d05,91.5525%,74,802,876,3,47,27,799
0x639c03,81.5%,74,326,400,96,47,27,230
0xa30a98,99.575%,74,17337,17411,16754,33,41,583
0x927d8e,99.8849%,73,63376,63449,57118,28,45,6258
0x63da7b,99.2981%,73,10327,10400,10183,9,64,144
0x89fe03,78.5714%,72,264,336,14,40,32,250
0x5e8a85,75.4325%,71,218,289,145,38,33,73
0x63a8c3,82.25%,71,329,400,93,50,21,236
0x756349,82.3232%,70,326,396,38,45,25,288
0x8c104c,82.5%,70,330,400,262,28,42,68
0x8c090d,82.75%,69,331,400,77,33,36,254
0x960df0,99.4895%,69,13446,13515,13343,13,56,103
0xa90e28,92.5%,69,851,920,754,20,49,97
0x636c53,73.1518%,69,188,257,98,33,36,90
0x9fb682,98.9686%,69,6621,6690,6417,14,55,204
0x9fa8f5,99.526%,68,14279,14347,14148,8,60,131
0x63b1f9,98.381%,68,4132,4200,4105,11,57,27
0x5e8069,89.5801%,67,576,643,446,24,43,130
0xa24d33,76.4912%,67,218,285,49,39,28,169
0x755feb,86.4754%,66,422,488,53,39,27,369
0xa782a2,99.651%,66,18847,18913,303,46,20,18544
0x63d6a0,99.3654%,66,10334,10400,10184,8,58,150
0xa30954,99.6758%,66,20293,20359,17378,33,33,2915
0x8c484e,87%,65,435,500,395,5,60,40
0x63cf38,83.75%,65,335,400,235,22,43,100
0x8c5a7e,87%,65,435,500,396,4,61,39
0x6393f4,84%,64,336,400,99,44,20,237
0x65846b,99.6994%,64,21230,21294,20463,12,52,767
0x639f84,84.25%,63,337,400,97,46,17,240
0x8c075b,84.25%,63,337,400,68,42,21,269
0xa77fe7,99.728%,63,23099,23162,600,28,35,22499
0x4299b5,99.3942%,63,10337,10400,9992,8,55,345
0x5f1b98,96.717%,63,1856,1919,102,50,13,1754
0x8c737b,99.8541%,62,42438,42500,41995,5,57,443
0x65532f,99.0668%,62,6582,6644,6559,17,45,23
0x63858b,99.0721%,62,6620,6682,6398,27,35,222
0xa7621a,98.2189%,62,3419,3481,3271,26,36,148
0x8c3a95,87.6%,62,438,500,392,8,54,46
0x42989b,98.5322%,61,4095,4156,4018,28,33,77
0x8c4f66,99.5308%,61,12939,13000,12495,5,56,444
0x6585a0,99.7135%,61,21233,21294,20469,6,55,764
0x637716,98.4176%,61,3794,3855,3593,5,56,201
0x59907c,85.3365%,61,355,416,38,26,35,317
0x7a9339,83.4239%,61,307,368,34,37,24,273
0x64deda,98.5%,60,3940,4000,3896,4,56,44
0x7a94fd,83.6957%,60,308,368,52,29,31,256
0x7a9c72,85.25%,59,341,400,14,39,20,327
0x64df26,98.525%,59,3941,4000,3895,5,54,46
0x63c6e6,85.25%,59,341,400,234,23,36,107
0x8c4a1d,99.5538%,58,12942,13000,12493,7,51,449
0x63a413,85.5%,58,342,400,100,43,15,242
0x92cbc4,97.7692%,58,2542,2600,2541,7,51,1
0x7a8edc,84.8958%,58,326,384,53,31,27,273
0x8c4831,99.5538%,58,12942,13000,12496,4,54,446
0x5e8ca3,92.4202%,57,695,752,568,11,46,127
0xa245a3,94.6779%,57,1014,1071,24,48,9,990
0x5f1a6b,97.2222%,57,1995,2052,96,28,29,1899
0x6429f0,97.8077%,57,2543,2600,2543,5,52,0
0xa90e38,98.913%,57,5187,5244,4795,31,26,392
0x642c21,97.8077%,57,2543,2600,2533,15,42,10
0x92c608,99.4615%,56,10344,10400,1425,25,31,8919
0x5e8a9a,80.6228%,56,233,289,196,16,40,37
0x8c001b,97.8462%,56,2544,2600,2539,9,47,5
0x75a8df,91.0256%,56,568,624,448,20,36,120
0x64daf9,99.9067%,56,59944,60000,58791,9,47,1153
0x92795f,97.4359%,56,2128,2184,688,40,16,1440
0x637d18,99.1769%,55,6627,6682,6415,10,45,212
0x6528bf,99.6862%,55,17470,17525,9669,26,29,7801
0x8a7a33,65.4088%,55,104,159,15,39,16,89
0x607fcf,74.5192%,53,155,208,146,10,43,9
0x5e6b1c,96.0741%,53,1297,1350,1297,3,50,0
0x8c572f,89.4%,53,447,500,381,19,34,66
0x646ed9,97.9615%,53,2547,2600,2547,1,52,0
0x63d584,99.4904%,53,10347,10400,10188,4,49,159
0x8c59c4,99.6%,52,12948,13000,12493,7,45,455
0x64db04,95.6667%,52,1148,1200,1108,12,40,40
0xa78606,99.2414%,52,6803,6855,5593,36,16,1210
0x64f20b,99.9939%,52,848588,848640,815986,14,38,32602
0xa76b39,99.7556%,52,21226,21278,13820,14,38,7406
0x9f5cbf,96.5021%,51,1407,1458,957,29,22,450
0x42a6b6,58.871%,51,73,124,19,33,18,54
0x64a8e0,98.0385%,51,2549,2600,2498,2,49,51
0x64b8ed,99.6875%,50,15950,16000,15590,10,40,360
0x6373e7,93.2705%,50,693,743,227,30,20,466
0xa7801b,96.7377%,49,1453,1502,1013,24,25,440
0x7a9881,98.1154%,49,2551,2600,2491,9,40,60
0x63c285,99.5288%,49,10351,10400,10186,6,43,165
0x960e74,99.6374%,49,13466,13515,13345,11,38,121
0x656519,83.1034%,49,241,290,92,33,16,149
0x638482,99.2667%,49,6633,6682,6412,13,36,221
0xa22846,92.587%,49,612,661,502,34,15,110
0x643061,98.1154%,49,2551,2600,2543,5,44,8
0xa77eb4,93.0398%,49,655,704,84,22,27,571
0x9282db,99.0097%,48,4799,4847,3636,14,34,1163
0x92917d,99.4622%,48,8877,8925,8810,10,38,67
0x66efc2,96%,48,1152,1200,1117,3,45,35
0x75c7fc,73.2955%,47,129,176,128,4,43,1
0x636a79,99.2966%,47,6635,6682,6423,2,45,212
0x7a95ba,87.2283%,47,321,368,35,29,18,286
0x65e5c3,98.1923%,47,2553,2600,2496,4,43,57
0x7563c6,90.3689%,47,441,488,339,27,20,102
0x6457f1,98.1923%,47,2553,2600,2546,2,45,7
0x643810,98.2308%,46,2554,2600,2540,8,38,14
0x63d90b,99.5577%,46,10354,10400,10184,8,38,170
0x75a868,92.6282%,46,578,624,504,17,29,74
0x63806a,99.3116%,46,6636,6682,6420,5,41,216
0xa90f3a,85.0649%,46,262,308,260,14,32,2
0x5e8397,84.7682%,46,256,302,216,9,37,40
0x65fbd0,77.8846%,46,162,208,17,17,29,145
0xa77d7a,99.9347%,45,68911,68956,0,0,45,68911
0x598dfc,89.1827%,45,371,416,31,25,20,340
0xa7623d,99.6321%,45,12188,12233,11528,19,26,660
0x64d982,96.25%,45,1155,1200,1118,2,43,37
0x75d4e5,94.8276%,45,825,870,767,34,11,58
0x649f80,98.2692%,45,2555,2600,2495,5,40,60
0x658b38,98.2692%,45,2555,2600,2540,8,37,15
0x7aaf99,78.8462%,44,164,208,148,18,26,16
0x64ef65,99.5769%,44,10356,10400,10185,7,37,171
0xa820aa,99.7068%,44,14965,15009,14837,26,18,128
0x960d34,72.327%,44,115,159,10,24,20,105
0x8c3a41,99.6333%,44,11956,12000,9979,21,23,1977
0x64425d,98.3077%,44,2556,2600,2543,5,39,13
0x63c9c5,99.2558%,44,5868,5912,5796,14,30,72
0x760712,65.0794%,44,82,126,71,13,31,11
0x9f995a,97.8452%,44,1998,2042,1760,23,21,238
0x8c0e2b,56%,44,56,100,26,27,17,30
0x7684c8,86.2179%,43,269,312,202,23,20,67
0x960e7e,72.956%,43,116,159,5,29,14,111
0xa393d1,99.8509%,43,28803,28846,18757,21,22,10046
0xa224f5,98.1409%,43,2270,2313,1048,23,20,1222
0x755fa8,79.3269%,43,165,208,149,7,36,16
0xa90eac,95.5021%,43,913,956,9,21,22,904
0x8c08c2,78.5%,43,157,200,74,26,17,83
0x6465d9,98.3846%,42,2558,2600,2547,1,41,11
0x65df3f,98.3846%,42,2558,2600,2494,6,36,64
0x637dd8,99.3714%,42,6640,6682,6421,4,38,219
0x8c462a,98.3846%,42,2558,2600,2498,2,40,60
0x8c50e3,98.3846%,42,2558,2600,2498,2,40,60
0x8c08b4,94.75%,42,758,800,574,26,16,184
0x645fe1,98.3846%,42,2558,2600,2547,1,41,11
0xa8dce8,99.9511%,42,85780,85822,78841,29,13,6939
0x8c43be,98.3846%,42,2558,2600,2491,9,33,67
0x8b7dca,99.5893%,41,9943,9984,9761,15,26,182
0x8c0e6e,86.3333%,41,259,300,84,26,15,175
0x4298f1,99.6058%,41,10359,10400,8234,29,12,2125
0x5e8bcb,87.1473%,41,278,319,141,22,19,137
0x645ea6,99.3547%,41,6313,6354,6230,17,24,83
0x65654d,98.5091%,41,2709,2750,91,34,7,2618
0x758ead,80.2885%,41,167,208,133,20,21,34
0x64ec52,99.8067%,41,21175,21216,20378,6,35,797
0x5f1fbd,98.0019%,41,2011,2052,1006,20,21,1005
0x644088,98.4231%,41,2559,2600,2542,6,35,17
0x8c72fb,99.9035%,41,42459,42500,41995,5,36,464
0x643ebd,98.4231%,41,2559,2600,2546,2,39,13
0x5f0cb4,99.1282%,40,4548,4588,4394,10,30,154
0x65da24,98.4615%,40,2560,2600,2498,2,38,62
0x7a96cf,89.1304%,40,328,368,261,15,25,67
0x926ab4,99.1837%,40,4860,4900,4796,6,34,64
0x64341b,98.4615%,40,2560,2600,2543,5,35,17
0x65c995,99.6154%,40,10360,10400,10275,24,16,85
0x8b8036,99.359%,40,6200,6240,6025,7,33,175
0x8bf475,98.4615%,40,2560,2600,2543,5,35,17
0x6474b9,98.4615%,40,2560,2600,2543,5,35,17
0x89fd99,95.3125%,39,793,832,360,18,21,433
0x9f5de8,84.8837%,39,219,258,185,15,24,34
0x63731c,84.8249%,39,218,257,58,22,17,160
0x598c23,59.375%,39,57,96,53,11,28,4
0x643955,98.5%,39,2561,2600,2541,7,32,20
0x65e1ce,98.5%,39,2561,2600,2499,1,38,62
0x6388e7,99.3287%,39,5771,5810,5649,6,33,122
0x6435cb,98.5%,39,2561,2600,2545,3,36,16
0x8c3504,90.25%,39,361,400,275,15,24,86
0x65efe3,98.5%,39,2561,2600,2499,1,38,62
0x64c042,96.75%,39,1161,1200,1113,7,32,48
0x8c629b,99.7077%,38,12962,13000,12497,3,35,465
0x778cdd,95.25%,38,762,800,619,21,17,143
0x64334b,98.5385%,38,2562,2600,2543,5,33,19
0x6445db,98.5385%,38,2562,2600,2546,2,36,16
0x667038,81.7308%,38,170,208,148,18,20,22
0x598087,98.9253%,38,3498,3536,3395,5,33,103
0x64bf77,99.05%,38,3962,4000,3913,7,31,49
0x8bf420,99.402%,38,6316,6354,6235,12,26,81
0x5e4f67,55.814%,38,48,86,36,12,26,12
0x7b28f9,81.7308%,38,170,208,144,20,18,26
0x929945,99.7188%,38,13477,13515,13348,8,30,129
0x89fe21,95.4327%,38,794,832,613,11,27,181
0x5f468c,90.6173%,38,367,405,194,16,22,173
0x6461b9,98.5385%,38,2562,2600,2542,6,32,20
0x655d4f,99.9652%,37,106407,106444,53203,19,18,53204
0xa230ba,90.9756%,37,373,410,141,18,19,232
0x928fe0,76.7296%,37,122,159,14,20,17,108
0x597f86,97.4588%,37,1419,1456,1380,20,17,39
0x5e8190,72.9927%,37,100,137,49,16,21,51
0x5ea34c,79.558%,37,144,181,125,14,23,19
0x637dc0,99.4463%,37,6645,6682,6264,11,26,381
0x643676,98.5769%,37,2563,2600,2546,2,35,17
0x7aae28,82.2115%,37,171,208,148,18,19,23
0x926e11,81.5%,37,163,200,139,11,26,24
0x6e6914,82.2115%,37,171,208,9,17,20,162
0x9f5e96,92.7451%,37,473,510,427,5,32,46
0x8c62f9,92.8%,36,464,500,395,5,31,69
0x8c34c4,91%,36,364,400,92,18,18,272
0x5f5a79,89.0578%,36,293,329,212,9,27,81
0x6369a9,99.4612%,36,6646,6682,6406,19,17,240
0x92c938,98.6154%,36,2564,2600,2543,5,31,21
0x8c3524,91%,36,364,400,273,17,19,91
0xa232a0,93.2836%,36,500,536,267,18,18,233
0x645c15,98.6154%,36,2564,2600,2543,5,31,21
0x8c0979,87.5862%,36,254,290,74,26,10,180
0xa245b8,94.705%,35,626,661,346,26,9,280
0x64cc67,99.7812%,35,15965,16000,11986,14,21,3979
0x7a9458,90.4891%,35,333,368,60,15,20,273
0x645cc5,98.6538%,35,2565,2600,2543,5,30,22
0x65506d,97.6542%,35,1457,1492,358,15,20,1099
0x42a6c1,71.7742%,35,89,124,66,12,23,23
0x6471c9,98.6538%,35,2565,2600,2545,3,32,20
0x64531c,99.4492%,35,6319,6354,6226,21,14,93
0xa24387,93.0693%,35,470,505,470,15,20,0
0x6434ed,98.6538%,35,2565,2600,2541,7,28,24
0x63d7b0,99.6731%,34,10366,10400,10185,7,27,181
0x64f358,95.8333%,34,782,816,774,10,24,8
0x759059,83.6538%,34,174,208,30,12,22,144
0x7b0b3f,83.6538%,34,174,208,27,17,17,147
0x8c5496,98.6923%,34,2566,2600,2497,3,31,69
0x646a9e,98.6923%,34,2566,2600,2546,2,32,20
0x926a93,97.5237%,34,1339,1373,1277,16,18,62
0x645fb0,99.6731%,34,10366,10400,7793,7,27,2573
0x645b38,98.6923%,34,2566,2600,2545,3,31,21
0x5e682c,97.4815%,34,1316,1350,1295,5,29,21
0x8c0cca,99.66%,34,9966,10000,7487,13,21,2479
0xa224de,97.6438%,34,1409,1443,94,11,23,1315
0x5ea767,83.6538%,34,174,208,142,14,20,32
0x642e6c,98.6923%,34,2566,2600,2544,4,30,22
0xa76302,98.7407%,34,2666,2700,59,26,8,2607
0x7a9566,90.7609%,34,334,368,23,21,13,311
0x646bde,98.6923%,34,2566,2600,2545,3,31,21
0x64a980,98.6923%,34,2566,2600,2500,0,34,66
0x8bff2d,99.4649%,34,6320,6354,6238,9,25,82
0x92904d,98%,34,1666,1700,1666,14,20,0
0x634add,98.6923%,34,2566,2600,2545,3,31,21
0x778148,95.9135%,34,798,832,621,3,31,177
0x9ff032,99.9547%,33,72767,72800,71336,8,25,1431
0x6462e9,98.7308%,33,2567,2600,2547,1,32,20
0x64ec65,96.0337%,33,799,832,791,9,24,8
0xa782c8,99.774%,33,14566,14599,240,18,15,14326
0x643cb0,98.7308%,33,2567,2600,2545,3,30,22
0x65e499,98.7308%,33,2567,2600,2498,2,31,69
0x669c2c,84.1346%,33,175,208,151,15,18,24
0x658936,98.6052%,33,2333,2366,2263,12,21,70
0x62364f,99.7462%,33,12967,13000,12739,1,32,228
0x42992a,95.5466%,33,708,741,600,17,16,108
0x6464a9,98.7308%,33,2567,2600,2546,2,31,21
0x7575be,64.1304%,33,59,92,47,13,20,12
0x7b2fac,84.1346%,33,175,208,27,15,18,148
0xa24b47,92.1951%,32,378,410,262,23,9,116
0x92a3fa,79.8742%,32,127,159,7,23,9,120
0x7586c7,84.6154%,32,176,208,145,11,21,31
0x778b85,96%,32,768,800,588,12,20,180
0x5e785c,84.6154%,32,176,208,153,13,19,23
0xa22fa9,92.1951%,32,378,410,308,14,18,70
0x5f1fdb,96.8811%,32,994,1026,981,7,25,13
0x64bf69,99.8%,32,15968,16000,11987,13,19,3981
0x757fa9,84.6154%,32,176,208,150,18,14,26
0x927103,97.7208%,32,1372,1404,1338,12,20,34
0x598006,46.6667%,32,28,60,10,16,16,18
0x75a884,94.0499%,31,490,521,67,16,15,423
0xa24a4d,97.6692%,31,1299,1330,687,7,24,612
0x8c5e40,99.69%,31,9969,10000,7495,5,26,2474
0x75d56a,96.4773%,31,849,880,650,10,21,199
0x769842,92.5481%,31,385,416,33,18,13,352
0x5e8437,89.7351%,31,271,302,60,17,14,211
0x75c3ae,82.3864%,31,145,176,131,1,30,14
0x65ec3c,99.7019%,31,10369,10400,7787,13,18,2582
0x64f32f,99.905%,31,32609,32640,31819,5,26,790
0x64533d,99.7019%,31,10369,10400,7785,15,16,2584
0x76850f,90.0641%,31,281,312,134,16,15,147
0x65e99c,99.7019%,31,10369,10400,7791,9,22,2578
0x590ae9,92.5481%,31,385,416,371,13,18,14
0x92935f,98.1765%,31,1669,1700,1669,11,20,0
0x8bf458,99.7019%,31,10369,10400,7779,21,10,2590
0x6e6b61,85.0962%,31,177,208,146,10,21,31
0x59951b,95.0321%,31,593,624,593,7,24,0
0x75c75b,90.6627%,31,301,332,153,13,18,148
0x7620f1,76.5152%,31,101,132,68,20,11,33
0x9f5cde,93.4322%,31,441,472,10,10,21,431
0x9e16ba,91.9271%,31,353,384,279,9,22,74
0x778578,96.25%,30,770,800,142,18,12,628
0x63c9fc,99.4836%,30,5780,5810,5644,11,19,136
0x92cb0d,98.8462%,30,2570,2600,2546,2,28,24
0x649f00,98.8462%,30,2570,2600,2481,19,11,89
0x8c0c9e,98.6245%,30,2151,2181,2071,10,20,80
0x65fc07,98.2353%,30,1670,1700,1664,2,28,6
0x65ffca,85.5769%,30,178,208,146,10,20,32
0x778651,81.25%,30,130,160,124,10,20,6
0x756cce,85.5769%,30,178,208,100,16,14,78
0xa78036,97.4138%,30,1130,1160,1130,26,4,0
0x5f1ee7,89.4737%,30,255,285,117,16,14,138
0x5e8cd4,96.0106%,30,722,752,148,25,5,574
0x8c459a,98.8462%,30,2570,2600,2497,3,27,73
0x8c56ef,99.7769%,29,12971,13000,12497,3,26,474
0x76b260,76.9841%,29,97,126,73,11,18,24
0x64f032,99.7212%,29,10371,10400,10182,10,19,189
0x63be4f,99.7212%,29,10371,10400,10189,3,26,182
0xa79eeb,99.9578%,29,68754,68783,68754,29,0,0
0x590ad3,96.5144%,29,803,832,400,16,13,403
0x8a8544,98.2941%,29,1671,1700,1671,9,20,0
0x64a000,98.8846%,29,2571,2600,2495,5,24,76
0xa90ced,98.4442%,29,1835,1864,1828,8,21,7
0x759274,86.0577%,29,179,208,148,8,21,31
0x645368,98.8846%,29,2571,2600,2542,6,23,29
0xa91675,98.6398%,29,2103,2132,2103,7,22,0
0x6e6ac5,86.0577%,29,179,208,116,8,21,63
0x609228,86.9369%,29,193,222,150,14,15,43
0x5f017f,93.1034%,28,378,406,348,8,20,30
0x7588ba,86.5385%,28,180,208,168,12,16,12
0x7582b6,86.5385%,28,180,208,155,9,19,25
0x7612b1,77.7778%,28,98,126,72,12,16,26
0x8c163b,72%,28,72,100,67,12,16,5
0x5e8d34,96.2766%,28,724,752,161,12,16,563
0xa76e0e,99.8684%,28,21250,21278,0,2,26,21250
0x64edf5,97.8125%,28,1252,1280,1240,8,20,12
0x8c037b,93%,28,372,400,288,12,16,84
0x64c779,99.3%,28,3972,4000,3914,6,22,58
0x63ca32,89.0196%,28,227,255,220,11,17,7
0x927d2e,99.7049%,28,9459,9487,0,0,28,9459
0x616be9,97.271%,28,998,1026,984,4,24,14
0x7699f6,93.2692%,28,388,416,306,6,22,82
0x64fb0d,99.3%,28,3972,4000,3914,6,22,58
0x5986f9,70.8333%,28,68,96,32,16,12,36
0xa78588,99.651%,28,7996,8024,6837,18,10,1159
0xa2280c,97.3856%,28,1043,1071,58,14,14,985
0xa30c08,99.8332%,28,16759,16787,16567,12,16,192
0x75a8b4,95.2862%,28,566,594,29,13,15,537
0x6d8d9d,85%,27,153,180,153,11,16,0
0xa389b1,99.972%,27,96455,96482,0,0,27,96455
0x7664f1,90.625%,27,261,288,199,13,14,62
0x64e79e,99.6691%,27,8133,8160,7831,9,18,302
0x658b2c,99.7404%,27,10373,10400,7784,16,11,2589
0xa7a543,99.9607%,27,68754,68781,0,0,27,68754
0x64cc92,99.325%,27,3973,4000,3912,8,19,61
0x62362e,99.9481%,27,51973,52000,38983,17,10,12990
0x7684db,91.3462%,27,285,312,55,12,15,230
0x6e698e,87.0192%,27,181,208,114,6,21,67
0x598831,97.8365%,27,1221,1248,1196,4,23,25
0x655c34,99.9746%,27,106417,106444,53216,6,21,53201
0x9f5cc3,94.2797%,27,445,472,323,15,12,122
0x7685ed,91.3462%,27,285,312,198,10,17,87
0x65845c,99.9695%,26,85150,85176,63865,17,9,21285
0x63bf6f,99.75%,26,10374,10400,10187,5,21,187
0x8c140c,91.0345%,26,264,290,16,17,9,248
0x5f4668,93.5802%,26,379,405,8,13,13,371
0x595689,95.8333%,26,598,624,598,2,24,0
0x5f4934,80.303%,26,106,132,80,7,19,26
0x65db9c,99%,26,2574,2600,2498,2,24,76
0x759245,87.5%,26,182,208,150,18,8,32
0x76984e,93.75%,26,390,416,353,8,18,37
0xa8dd28,99.9681%,26,81504,81530,2815,10,16,78689
0x65eaec,99.75%,26,10374,10400,7789,11,15,2585
0x9e16a8,99.8698%,25,19175,19200,18807,9,16,368
0x929015,80%,25,100,125,97,8,17,3
0x8c5064,99.0385%,25,2575,2600,2499,1,24,76
0x757fd5,87.9808%,25,183,208,18,8,17,165
0x643235,99.7596%,25,10375,10400,7791,9,16,2584
0x75efea,81.0606%,25,107,132,85,3,22,22
0x769734,93.9904%,25,391,416,388,8,17,3
0x6d8f6b,51.9231%,25,27,52,3,13,12,24
0xa3077f,99.9542%,25,54515,54540,3838,13,12,50677
0x5f5439,87.1795%,25,170,195,80,7,18,90
0xa79ed7,99.9637%,25,68758,68783,0,0,25,68758
0x7bd1cd,95.1923%,25,495,520,245,15,10,250
0x9f9a2b,92.5926%,24,300,324,0,16,8,300
0xa39958,99.9168%,24,28822,28846,2,5,19,28820
0x64eab2,97.1154%,24,808,832,796,4,20,12
0x7a924b,93.4783%,24,344,368,270,6,18,74
0xa0ee60,99.9635%,24,65732,65756,65732,24,0,0
0xa90d38,60%,24,36,60,24,12,12,12
0x63cb7a,99.6408%,24,6658,6682,6422,3,21,236
0xa24148,99.8904%,24,21869,21893,10648,12,12,11221
0x65ddcf,99.7692%,24,10376,10400,7792,8,16,2584
0x5a8bbd,97.2603%,24,852,876,0,0,24,852
0xa39385,99.9168%,24,28822,28846,18764,12,12,10058
0x5e8c6c,96.8085%,24,728,752,94,15,9,634
0x8c450a,99.0769%,24,2576,2600,2493,7,17,83
0x5980de,60%,24,36,60,34,6,18,2
0x75d38a,82.7338%,24,115,139,94,13,11,21
0x761e03,81.8182%,24,108,132,80,8,16,28
0x64ecb5,98.125%,24,1256,1280,1243,5,19,13
0xa77fc9,99.8964%,24,23138,23162,0,0,24,23138
0x618e40,99.653%,24,6892,6916,6646,4,20,246
0x632d7a,95.0855%,23,445,468,445,5,18,0
0x6035d3,94.4712%,23,393,416,393,7,16,0
0x5f5a66,69.7368%,23,53,76,38,5,18,15
0x926a44,88.5%,23,177,200,99,3,20,78
0xa24931,97.799%,23,1022,1045,423,20,3,599
0xa7a53a,99.9666%,23,68758,68781,0,0,23,68758
0x65858d,99.973%,23,85153,85176,63873,9,14,21280
0xa79efc,99.9666%,23,68760,68783,0,0,23,68760
0x64c036,99.5208%,23,4777,4800,3594,6,17,1183
0xa79ec3,99.9666%,23,68760,68783,0,0,23,68760
0x926c49,99.2203%,23,2927,2950,2887,4,19,40
0x647389,99.1154%,23,2577,2600,2545,3,20,32
0x639a23,91.0506%,23,234,257,82,8,15,152
0x7a9bc7,94.25%,23,377,400,375,11,12,2
0x5e4f26,73.2558%,23,63,86,2,14,9,61
0x659a77,99.1154%,23,2577,2600,2543,5,18,34
0x8bebaa,88.9423%,23,185,208,150,6,17,35
0x9e0d58,75%,23,69,92,22,12,11,47
0x8bec59,88.9423%,23,185,208,9,10,13,176
0x632d6e,99.9017%,23,23377,23400,22932,0,23,445
0x60864c,95.0855%,23,445,468,445,5,18,0
0xa244db,88.3249%,23,174,197,24,14,9,150
0x75983c,88.9423%,23,185,208,113,16,7,72
0x75d3da,86.3095%,23,145,168,120,6,17,25
0xa76e3a,99.8919%,23,21253,21276,0,0,23,21253
0x8c51f3,99.1154%,23,2577,2600,2497,3,20,80
0x63b1e6,99.869%,22,16778,16800,12594,6,16,4184
0x643801,99.7885%,22,10378,10400,7790,10,12,2588
0x5f5197,88.7179%,22,173,195,168,11,11,5
0x5f4910,83.3333%,22,110,132,5,16,6,105
0x6e6a2a,89.4231%,22,186,208,170,9,13,16
0x961116,99.3411%,22,3317,3339,3177,3,19,140
0x62338a,99.8308%,22,12978,13000,12738,2,20,240
0x42991e,97.2362%,22,774,796,42,13,9,732
0x8a85de,94.7619%,22,398,420,393,7,15,5
0xa79f40,99.968%,22,68761,68783,0,0,22,68761
0x7563d8,81.9672%,22,100,122,75,12,10,25
0x632dee,99.906%,22,23378,23400,22932,0,22,446
0xa768d3,99.9681%,22,68934,68956,0,0,22,68934
0x652817,99.9739%,22,84249,84271,84249,22,0,0
0x614b30,99.6819%,22,6894,6916,6647,3,19,247
0x639a3e,94.5%,22,378,400,288,12,10,90
0x89fda9,95.3744%,21,433,454,104,14,7,329
0x65db7d,99.7981%,21,10379,10400,7794,6,15,2585
0x608612,98.8782%,21,1851,1872,1394,10,11,457
0x66ec02,99.1923%,21,2579,2600,2543,5,16,36
0x66ecf2,99.1923%,21,2579,2600,2544,4,17,35
0x65ff1c,89.9038%,21,187,208,54,5,16,133
0x646da9,99.1923%,21,2579,2600,2546,2,19,33
0x9ff049,98.5577%,21,1435,1456,1087,5,16,348
0x5e83d4,93.0464%,21,281,302,60,17,4,221
0x76990b,94.9519%,21,395,416,8,11,10,387
0xa7a55c,99.9695%,21,68760,68781,68760,21,0,0
0x5e84e5,89.9038%,21,187,208,187,8,13,0
0x63c4a4,76.6667%,21,69,90,68,16,5,1
0x8c5174,99.1923%,21,2579,2600,2498,2,19,81
0xa3a763,99.3867%,21,3403,3424,0,4,17,3403
0x7598c4,89.9038%,21,187,208,145,11,10,42
0x5f6bd8,97.9532%,21,1005,1026,986,2,19,19
0x76b129,83.3333%,21,105,126,94,12,9,11
0x926294,99.7981%,21,10379,10400,9993,7,14,386
0x597fcc,62.5%,21,35,56,35,7,14,0
0x92c653,99.7981%,21,10379,10400,7794,6,15,2585
0x64f0c6,99.7981%,21,10379,10400,10189,3,18,190
0xa233c6,96.0821%,21,515,536,233,18,3,282
0xa768dd,99.9695%,21,68935,68956,0,0,21,68935
0x768529,93.2692%,21,291,312,130,6,15,161
0x64ed64,99.9358%,21,32683,32704,14813,11,10,17870
0x926c0b,99.2847%,21,2915,2936,2843,5,16,72
0x8c4b2e,99.1923%,21,2579,2600,2498,2,19,81
0x63c7c2,99.7007%,20,6662,6682,6419,6,14,243
0x92c6d6,99.8077%,20,10380,10400,7788,12,8,2592
0x766402,93.3333%,20,280,300,212,12,8,68
0x9270d4,99.6439%,20,5596,5616,5596,10,10,0
0xa22827,96.9743%,20,641,661,91,17,3,550
0x8c5f82,99.2308%,20,2580,2600,2496,4,16,84
0xa0ebd9,99.9768%,20,86274,86294,86239,15,5,35
0x7ab007,90.3846%,20,188,208,152,4,16,36
0x8bec5d,89.418%,20,169,189,66,4,16,103
0x8c4473,99.2308%,20,2580,2600,2499,1,19,81
0x9ff0d1,94.5055%,20,344,364,0,14,6,344
0x590b0e,97.5962%,20,812,832,621,3,17,191
0x5f5da4,95.2381%,20,400,420,400,5,15,0
0x5e8a5b,90.3846%,20,188,208,122,9,11,66
0x643667,99.8077%,20,10380,10400,7796,4,16,2584
0x7560cf,94.9495%,20,376,396,11,10,10,365
0x7aae93,90.3846%,20,188,208,151,5,15,37
0x5e773c,86.1111%,20,124,144,0,13,7,124
0x5e8ab9,90.3846%,20,188,208,25,10,10,163
0x65caec,90.3846%,20,188,208,89,9,11,99
0xa223b5,99.4675%,20,3736,3756,2306,7,13,1430
0xa90c69,88.8889%,20,160,180,155,7,13,5
0x65517a,99.7261%,20,7282,7302,3655,6,14,3627
0x8c3535,95%,20,380,400,291,9,11,89
0x8c3a56,99.8333%,20,11980,12000,8989,11,9,2991
0x613d1a,99.2013%,20,2484,2504,2404,4,16,80
0x64324c,99.2308%,20,2580,2600,2545,3,17,35
0x65da0d,99.8077%,20,10380,10400,7789,11,9,2591
0x7a9cbd,95%,20,380,400,7,13,7,373
0xa8dc7a,99.9755%,20,81510,81530,81510,20,0,0
0x632dfa,95.7265%,20,448,468,448,2,18,0
0x5e76f4,55.5556%,20,25,45,4,9,11,21
0x64de2c,99.5%,20,3980,4000,3895,5,15,85
0x7560f6,94.6667%,20,355,375,270,2,18,85
0x64daef,99.9917%,20,239980,240000,179992,8,12,59988
0x64cb36,99.875%,20,15980,16000,10297,3,17,5683
0x6434d7,99.8173%,19,10381,10400,7794,6,13,2587
0x92a583,94.7945%,19,346,365,262,12,7,84
0x64ed38,99.9429%,19,33261,33280,17873,7,12,15388
0x760fa1,56.8182%,19,25,44,8,12,7,17
0x6d9264,90.3061%,19,177,196,4,12,7,173
0x756e72,79.3478%,19,73,92,43,17,2,30
0xa783dd,99.942%,19,32739,32758,32739,19,0,0
0x4298e3,99.8173%,19,10381,10400,284,6,13,10097
0x927368,98.6467%,19,1385,1404,1345,5,14,40
0x8c5a3b,99.848%,19,12481,12500,11996,4,15,485
0x64c649,99.525%,19,3981,4000,3910,10,9,71
0xa90078,99.8074%,19,9847,9866,0,0,19,9847
0x758104,90.8654%,19,189,208,153,3,16,36
0x7a9cd4,95.25%,19,381,400,294,6,13,87
0x7b3025,90.8654%,19,189,208,151,5,14,38
0x64fa8d,99.525%,19,3981,4000,3911,9,10,70
0x7590e7,90.8654%,19,189,208,7,7,12,182
0x7a8dff,95.25%,19,381,400,295,5,14,86
0x5f4767,90.2564%,19,176,195,80,7,12,96
0x761634,85.6061%,19,113,132,85,3,16,28
0xa30b01,99.9032%,19,19608,19627,19608,7,12,0
0x76982b,95.4327%,19,397,416,3,13,6,394
0x5f43ff,95.1282%,19,371,390,366,6,13,5
0x618e7b,92.8571%,19,247,266,247,5,14,0
0x758082,90.8654%,19,189,208,159,9,10,30
0x608be0,89.2045%,19,157,176,121,11,8,36
0x9280ab,99.7997%,19,9468,9487,9468,19,0,0
0x65c9c0,99.8173%,19,10381,10400,10186,6,13,195
0x6468c9,99.2692%,19,2581,2600,2543,5,14,38
0x8c4fe3,99.2692%,19,2581,2600,2498,2,17,83
0xa79f1c,99.9724%,19,68764,68783,68764,19,0,0
0x62109b,98.0769%,19,969,988,947,3,16,22
0x75a8a4,96.9551%,19,605,624,586,8,11,19
0x9279a3,99.13%,19,2165,2184,2084,9,10,81
0x63c174,99.8173%,19,10381,10400,10191,1,18,190
0x768932,93.4028%,19,269,288,203,9,10,66
0x64f266,99.9978%,19,848621,848640,815987,13,6,32634
0x8c4cce,99.2692%,19,2581,2600,2497,3,16,84
0x65eec3,99.2692%,19,2581,2600,2494,6,13,87
0x766443,93.6667%,19,281,300,193,7,12,88
0x761852,85.6061%,19,113,132,84,4,15,29
0x4abb44,94.9735%,19,359,378,300,14,5,59
0xa0ebd2,99.978%,19,86275,86294,86275,19,0,0
0x429b43,79.7872%,19,75,94,0,11,8,75
0x9f5dd6,92.6357%,19,239,258,219,13,6,20
0x928883,99.616%,18,4670,4688,1205,11,7,3465
0x63dbdb,99.8269%,18,10382,10400,10189,3,15,193
0x8c3c68,96.4%,18,482,500,394,6,12,88
0x5d3c75,83.3333%,18,90,108,19,7,11,71
0x7697a3,95.6731%,18,398,416,1,9,9,397
0x76224a,86.3636%,18,114,132,78,10,8,36
0x65cd94,99.3077%,18,2582,2600,2545,3,15,37
0x926bb9,91%,18,182,200,136,5,13,46
0x63c3bd,80%,18,72,90,65,7,11,7
0x63c297,91.3462%,18,190,208,190,10,8,0
0x644751,99.3077%,18,2582,2600,2540,8,10,42
0x759629,91.3462%,18,190,208,41,11,7,149
0x8c4dee,99.3077%,18,2582,2600,2498,2,16,84
0x7613b5,85.7143%,18,108,126,59,8,10,49
0x4abb35,96.4143%,18,484,502,120,4,14,364
0xa30547,99.967%,18,54522,54540,0,0,18,54522
0x761c7a,66.6667%,18,36,54,29,7,11,7
0x762d48,85.7143%,18,108,126,73,11,7,35
0xa78507,83.0189%,18,88,106,81,11,7,7
0x7b0bb4,91.3462%,18,190,208,153,3,15,37
0x8beb75,81.25%,18,78,96,50,10,8,28
0x5f3fe1,55%,18,22,40,20,4,14,2
0x7a9875,99.8269%,18,10382,10400,7799,1,17,2583
0x65df1e,99.8269%,18,10382,10400,7799,1,17,2583
0xa30596,99.967%,18,54522,54540,54522,18,0,0
0x92a3e2,99.6286%,18,4829,4847,4671,17,1,158
0x5e8487,94.0397%,18,284,302,217,8,10,67
0x64b396,99.3077%,18,2582,2600,2544,4,14,38
0x64efa3,91.3462%,18,190,208,190,10,8,0
0x926af5,95.5%,18,382,400,380,10,8,2
0x659ba6,99.3077%,18,2582,2600,2543,5,13,39
0x5f3664,99.0891%,18,1958,1976,980,8,10,978
0x614e95,93.2331%,18,248,266,248,4,14,0
0x768f53,43.75%,18,14,32,1,9,9,13
0xa78386,99.982%,18,99843,99861,0,0,18,99843
0x63c8c4,97.6654%,18,753,771,501,13,5,252
0xa768e5,99.9739%,18,68938,68956,0,0,18,68938
0x642c0a,99.8269%,18,10382,10400,7794,6,12,2588
0x65fe54,91.8269%,17,191,208,92,6,11,99
0x5f4a01,62.2222%,17,28,45,3,7,10,25
0x618bc4,93.609%,17,249,266,249,3,14,0
0x5980d1,87.5%,17,119,136,96,6,11,23
0x64dbd7,98.5833%,17,1183,1200,1115,5,12,68
0x6031db,99.257%,17,2271,2288,2190,10,7,81
0xa7a553,99.9753%,17,68764,68781,0,0,17,68764
0x5e8ea6,91.8269%,17,191,208,191,4,13,0
0x7590f3,91.8269%,17,191,208,40,12,5,151
0x75d4df,98.0682%,17,863,880,1,9,8,862
0x6886f4,91.8269%,17,191,208,152,4,13,39
0x8c552b,99.32%,17,2483,2500,2395,5,12,88
0x5f5426,91.9048%,17,193,210,128,1,16,65
0x7587a6,91.8269%,17,191,208,149,7,10,42
0x5f5397,91.2821%,17,178,195,107,7,10,71
0x75988e,91.8269%,17,191,208,86,9,8,105
0x637267,99.559%,17,3838,3855,3592,6,11,246
0x5f1988,99.1715%,17,2035,2052,5,8,9,2030
0xa769a9,99.9643%,17,47661,47678,0,0,17,47661
0x6429df,99.8365%,17,10383,10400,7790,10,7,2593
0xa762cc,97.5362%,17,673,690,37,15,2,636
0x8c617c,99.8692%,17,12983,13000,12498,2,15,485
0x64eea0,99.8365%,17,10383,10400,10189,3,14,194
0x65e9bd,99.3462%,17,2583,2600,2493,7,10,90
0x929b09,99.4909%,17,3322,3339,3170,10,7,152
0x76898f,94.0972%,17,271,288,183,9,8,88
0x5e8224,91.8269%,17,191,208,67,10,7,124
0x8c0cd2,99.32%,17,2483,2500,2397,3,14,86
0x5f3d8e,83.6538%,17,87,104,5,11,6,82
0xa8dd12,99.7555%,17,6935,6952,4284,8,9,2651
0x76884a,94.3333%,17,283,300,213,11,6,70
0x61725f,97.028%,17,555,572,547,3,14,8
0x64a070,99.3462%,17,2583,2600,2498,2,15,85
0x603690,73.4375%,17,47,64,42,6,11,5
0xa2e335,99.9688%,17,54523,54540,54523,17,0,0
0x762b1e,86.5079%,17,109,126,80,4,13,29
0x5f691c,98.3431%,17,1009,1026,986,2,15,23
0x63a341,95.75%,17,383,400,291,9,8,92
0x6637b6,99.3462%,17,2583,2600,2539,9,8,44
0x6151e9,97.2039%,17,591,608,453,3,14,138
0x6180c0,99.5698%,17,3935,3952,3798,2,15,137
0x641f6b,99.3462%,17,2583,2600,2544,4,13,39
0x64cbbf,99.8937%,17,15983,16000,248,9,8,15735
0x8c159f,83%,17,83,100,1,9,8,82
0xa22523,98.6312%,17,1225,1242,599,3,14,626
0x65ed4c,99.3462%,17,2583,2600,2498,2,15,85
0x9613ff,99.4909%,17,3322,3339,3174,6,11,148
0x636b7b,99.7456%,17,6665,6682,6425,0,17,240
0x429f84,83%,17,83,100,1,9,8,82
0x64ed81,99.9046%,17,17799,17816,17198,10,7,601
0x63322d,99.3462%,17,2583,2600,2544,4,13,39
0x6636e6,98.5833%,17,1183,1200,1113,7,10,70
0x663806,99.3462%,17,2583,2600,2539,9,8,44
0x618d1b,93.985%,16,250,266,250,2,14,0
0x9f5e57,93.1034%,16,216,232,0,0,16,216
0x64e25b,96.8%,16,484,500,484,6,10,0
0xa2e1da,99.9707%,16,54524,54540,0,0,16,54524
0x618b91,99.7687%,16,6900,6916,6646,4,12,254
0x7bd049,93.8462%,16,244,260,244,6,10,0
0x637b83,99.5211%,16,3325,3341,3079,5,11,246
0x650085,99.6667%,16,4784,4800,3591,9,7,1193
0x762442,87.3016%,16,110,126,78,10,6,32
0x6491d2,95.2381%,16,320,336,243,9,7,77
0x63bedf,99.8462%,16,10384,10400,10190,2,14,194
0x5f5817,95.1368%,16,313,329,310,3,13,3
0x7563f5,81.6092%,16,71,87,38,14,2,33
0x643337,99.8462%,16,10384,10400,7797,3,13,2587
0x5993be,98.0769%,16,816,832,793,7,9,23
0x8c3512,96%,16,384,400,293,7,9,91
0x639c2f,96%,16,384,400,298,2,14,86
0x644438,99.3846%,16,2584,2600,2543,5,11,41
0x65cd86,99.8462%,16,10384,10400,7790,10,6,2594
0x65c977,99.8462%,16,10384,10400,10374,9,7,10
0x758612,90.2439%,16,148,164,75,4,12,73
0x76e4e9,90%,16,144,160,113,7,9,31
0xa2e96b,99.9575%,16,37673,37689,37673,16,0,0
0x617f60,99.5951%,16,3936,3952,3799,1,15,137
0x65ab4d,92.8571%,16,208,224,187,5,11,21
0x77903e,92.3077%,16,192,208,192,8,8,0
0x618221,99.5951%,16,3936,3952,3796,4,12,140
0x8bec72,92.3077%,16,192,208,151,5,11,41
0x761182,69.8113%,16,37,53,17,13,3,20
0x618fd4,93.985%,16,250,266,250,2,14,0
0x76f34f,94.8718%,16,296,312,296,4,12,0
0x669c5e,92.3077%,16,192,208,154,2,14,38
0x636bbe,99.7606%,16,6666,6682,6421,4,12,245
0x621153,98.0769%,16,816,832,614,10,6,202
0xa0ebc8,99.9815%,16,86278,86294,0,0,16,86278
0x65ee93,99.8462%,16,10384,10400,10373,10,6,11
0x926b66,95.4286%,16,334,350,334,9,7,0
0x429996,99.2513%,16,2121,2137,2029,8,8,92
0x5f46f6,91.7949%,16,179,195,172,7,9,7
0x618fa1,99.7831%,15,6901,6916,6649,1,14,252
0x64dbcb,99.6875%,15,4785,4800,3591,9,6,1194
0x9e0d5a,74.1379%,15,43,58,30,6,9,13
0x618ce0,99.7831%,15,6901,6916,6646,4,11,255
0x60367b,99.0986%,15,1649,1664,1598,2,13,51
0x63a422,96.25%,15,385,400,384,8,7,1
0x5e81f6,92.7885%,15,193,208,1,7,8,192
0x63bc51,92.7885%,15,193,208,193,7,8,0
0x9f7cf7,99.2683%,15,2035,2050,0,8,7,2035
0x75d594,93.1818%,15,205,220,204,6,9,1
0x63cd8a,99.7755%,15,6667,6682,6420,5,10,247
0x766548,94.7917%,15,273,288,185,7,8,88
0x4298ff,99.2981%,15,2122,2137,788,8,7,1334
0x64dec3,99.9062%,15,15985,16000,11991,9,6,3994
0x8c06ec,96.25%,15,385,400,295,5,10,90
0x60911d,93.2432%,15,207,222,206,5,10,1
0x5e8080,92.7885%,15,193,208,123,8,7,70
0x926cee,96.25%,15,385,400,385,7,8,0
0x407406,58.3333%,15,21,36,17,7,8,4
0xa39c2e,99.5619%,15,3409,3424,2346,3,12,1063
0x8c0d07,96.25%,15,385,400,292,8,7,93
0x7a8efe,96.0938%,15,369,384,284,4,11,85
0x762fe5,88.0952%,15,111,126,81,3,12,30
0x761bf6,60.5263%,15,23,38,21,8,7,2
0xa768c9,99.9782%,15,68941,68956,0,0,15,68941
0x609109,93.2432%,15,207,222,162,6,9,45
0x7bcf8d,97.1154%,15,505,520,248,12,3,257
0x6638a6,99.4615%,14,2586,2600,2544,4,10,42
0x5e788a,93.2692%,14,194,208,194,1,13,0
0xa303fd,99.8522%,14,9460,9474,0,0,14,9460
0x8a897e,93.3333%,14,196,210,194,6,8,2
0x65efb3,99.8654%,14,10386,10400,10376,7,7,10
0x76e534,91.25%,14,146,160,113,7,7,33
0x63bd3f,99.8654%,14,10386,10400,10191,1,13,195
0x75ce6a,92.0455%,14,162,176,145,11,3,17
0x63cec6,96.5%,14,386,400,386,6,8,0
0x7615ab,89.3939%,14,118,132,82,6,8,36
0x75f2c9,89.3939%,14,118,132,85,3,11,33
0x75ebb3,88.8889%,14,112,126,80,4,10,32
0x5f4997,68.8889%,14,31,45,20,9,5,11
0x62368c,94.6154%,14,246,260,246,4,10,0
0x5ea40e,72.549%,14,37,51,35,4,10,2
0x642e55,99.8654%,14,10386,10400,7797,3,11,2589
0x62339c,94.6154%,14,246,260,246,4,10,0
0x63a133,96.5%,14,386,400,386,6,8,0
0x598d0c,93.2692%,14,194,208,155,1,13,39
0x639584,96.5%,14,386,400,300,0,14,86
0x63c2fa,99.8654%,14,10386,10400,9999,1,13,387
0x6670d8,93.2692%,14,194,208,151,5,9,43
0x5e802b,93.2692%,14,194,208,26,9,5,168
0x8c5f13,99.4615%,14,2586,2600,2493,7,7,93
0x6031f0,84.0909%,14,74,88,58,8,6,16
0x64eeb3,93.2692%,14,194,208,194,6,8,0
0x758955,93.2692%,14,194,208,153,3,11,41
0x634b4d,97.2%,14,486,500,486,4,10,0
0x5e8d85,98.1383%,14,738,752,578,1,13,160
0x7e749b,91.0256%,14,142,156,142,8,6,0
0x9271cf,99.0028%,14,1390,1404,1390,5,9,0
0x63cf59,96.5%,14,386,400,386,6,8,0
0x42996f,99.3449%,14,2123,2137,1954,4,10,169
0x5f367c,98.583%,14,974,988,944,6,8,30
0x75d391,56.25%,14,18,32,13,9,5,5
0x778498,93.2692%,14,194,208,194,6,8,0
0x65efcc,99.8654%,14,10386,10400,7797,3,11,2589
0x64dab9,99.9942%,14,239986,240000,239986,14,0,0
0x65e762,99.4615%,14,2586,2600,2498,2,12,88
0x64b257,99.4615%,14,2586,2600,2544,4,10,42
0x75935d,93.2692%,14,194,208,151,5,9,43
0x636c7e,98.1842%,14,757,771,501,13,1,256
0x63b2d6,83.3333%,14,70,84,67,3,11,3
0x646799,99.4615%,14,2586,2600,2546,2,12,40
0x8c3a06,99.8833%,14,11986,12000,8995,5,9,2991
0x9283ff,99.5319%,14,2977,2991,2977,10,4,0
0x614e4c,99.7976%,14,6902,6916,6647,3,11,255
0x65eb09,99.4615%,14,2586,2600,2499,1,13,87
0x66eed2,98.8333%,14,1186,1200,1117,3,11,69
0x598f7c,93.2692%,14,194,208,116,13,1,78
0x63dc0f,93.2692%,14,194,208,194,6,8,0
0x65d084,99.4615%,14,2586,2600,2544,4,10,42
0x5e8250,89.313%,14,117,131,5,3,11,112
0xa76a07,99.9342%,14,21264,21278,21264,14,0,0
0x63329d,99.4615%,14,2586,2600,2545,3,11,41
0x641c2f,93.2692%,14,194,208,148,8,6,46
0xa782f7,99.9235%,14,18279,18293,18279,14,0,0
0x665fa2,93.75%,13,195,208,150,6,7,45
0x5ea36b,92.2619%,13,155,168,152,3,10,3
0xa769de,99.9389%,13,21265,21278,21265,11,2,0
0x63bbe2,79.6875%,13,51,64,1,7,6,50
0xa76a13,99.9389%,13,21265,21278,0,0,13,21265
0x65a271,86.7347%,13,85,98,79,5,8,6
0x5e8be5,93.75%,13,195,208,30,5,8,165
0x5f7244,98.7329%,13,1013,1026,985,3,10,28
0x616a86,98.7329%,13,1013,1026,983,5,8,30
0x64f058,93.75%,13,195,208,195,5,8,0
0x8c16f6,96.75%,13,387,400,299,1,12,88
0x65ca5c,93.75%,13,195,208,195,5,8,0
0x63d7d1,93.75%,13,195,208,195,5,8,0
0x7605b9,89.6825%,13,113,126,1,4,9,112
0x755f14,93.75%,13,195,208,2,8,5,193
0x63aa13,96.75%,13,387,400,387,5,8,0
0x5f5e94,98.7103%,13,995,1008,887,9,4,108
0x6535a2,99.3056%,13,1859,1872,1660,4,9,199
0x42964e,93.5%,13,187,200,0,8,5,187
0x7bd25f,95%,13,247,260,247,3,10,0
0x64ed94,99.9594%,13,32019,32032,17205,3,10,14814
0x8c34dd,96.75%,13,387,400,298,2,11,89
0x8c1527,94.9416%,13,244,257,152,5,8,92
0x599a2a,59.375%,13,19,32,10,8,5,9
0xa82018,99.982%,13,72259,72272,0,0,13,72259
0x8a7b73,89.9225%,13,116,129,0,0,13,116
0xa820af,91.0959%,13,133,146,94,6,7,39
0xa79697,94.9416%,13,244,257,77,5,8,167
0x64bd99,98.9167%,13,1187,1200,1116,4,9,71
0x5f0ce7,92.9348%,13,171,184,140,4,9,31
0x598e0c,96.875%,13,403,416,310,2,11,93
0x429fc7,96.75%,13,387,400,252,8,5,135
0x595182,97.9167%,13,611,624,597,3,10,14
0x5f55be,95.4386%,13,272,285,204,5,8,68
0x5e8ad2,92.4855%,13,160,173,103,5,8,57
0x615198,99.9178%,13,15795,15808,15198,2,11,597
0x6512b8,98.9167%,13,1187,1200,1118,2,11,69
0x76202a,90.1515%,13,119,132,93,7,6,26
0x618254,91.4474%,13,139,152,139,5,8,0
0xa39cf7,99.6203%,13,3411,3424,3411,13,0,0
0x616b46,98.7329%,13,1013,1026,980,8,5,33
0x5e809c,83.1169%,13,64,77,51,4,9,13
0x66fd6f,99.4792%,13,2483,2496,2281,7,6,202
0x5f15aa,98.7329%,13,1013,1026,986,2,11,27
0x64b976,96.75%,13,387,400,387,5,8,0
0x7b29b0,93.75%,13,195,208,156,0,13,39
0x630fc1,93.75%,13,195,208,147,9,4,48
0x4299d6,93.1579%,13,177,190,149,3,10,28
0x9260f4,99.5%,13,2587,2600,2546,2,11,41
0x655223,97.4%,13,487,500,475,5,8,12
0x756ce4,93.75%,13,195,208,155,1,12,40
0x603133,97.7273%,13,559,572,547,3,10,12
0x5f59f6,96.0486%,13,316,329,294,2,11,22
0xa393a0,99.9549%,13,28833,28846,28833,9,4,0
0x613d2c,86.4583%,13,83,96,68,4,9,15
0x64ed75,99.9329%,12,17868,17880,59,5,7,17809
0x64d353,97%,12,388,400,388,4,8,0
0x643944,99.8846%,12,10388,10400,7792,8,4,2596
0x63ab33,97%,12,388,400,388,4,8,0
0x593d4e,94.2308%,12,196,208,193,7,5,3
0x8c73da,99.9718%,12,42488,42500,41995,5,7,493
0x763450,92.3077%,12,144,156,98,6,6,46
0x9f9a56,99.9282%,12,16712,16724,16712,12,0,0
0x63c317,97%,12,388,400,388,4,8,0
0x5f6cb3,99.4152%,12,2040,2052,1021,5,7,1019
0x65d076,99.8846%,12,10388,10400,7800,0,12,2588
0x6678d6,94.2308%,12,196,208,150,6,6,46
0x65a392,96.9388%,12,380,392,288,6,6,92
0x5f558e,95.7895%,12,273,285,205,4,8,68
0x643407,99.8846%,12,10388,10400,7795,5,7,2593
0x6180fb,92.1053%,12,140,152,140,4,8,0
0x5f75b1,98.8304%,12,1014,1026,987,1,11,27
0x590b16,94.2308%,12,196,208,195,5,7,1
0x66fbf7,99.75%,12,4788,4800,4478,2,10,310
0x407473,66.6667%,12,24,36,6,6,6,18
0x66995e,94.2308%,12,196,208,195,5,7,1
0x65e043,99.5385%,12,2588,2600,2499,1,11,89
0xa79f2b,99.9826%,12,68771,68783,0,0,12,68771
0x92737b,77.7778%,12,42,54,40,7,5,2
0x639f93,97%,12,388,400,388,4,8,0
0x65aa4d,87.7551%,12,86,98,79,5,7,7
0x5f4f14,91.1111%,12,123,135,116,4,8,7
0x64f3a2,62.5%,12,20,32,20,4,8,0
0xa0eea9,99.9818%,12,65744,65756,58311,9,3,7433
0x95a129,94.2308%,12,196,208,148,8,4,48
0x7bd517,70%,12,28,40,27,3,9,1
0x8c09d0,97%,12,388,400,291,9,3,97
0x75c50a,93.1818%,12,164,176,5,5,7,159
0x598cfc,94.2308%,12,196,208,94,8,4,102
0x63be60,94.2308%,12,196,208,196,4,8,0
0x6338ce,99%,12,1188,1200,1117,3,9,71
0x403153,53.8462%,12,14,26,11,9,3,3
0x66e8e3,97%,12,388,400,295,5,7,93
0x768fd1,62.5%,12,20,32,5,5,7,15
0x647691,97%,12,388,400,292,8,4,96
0x63d947,94.2308%,12,196,208,196,4,8,0
0x66fb97,99.75%,12,4788,4800,4477,3,9,311
0x5994f1,99.5192%,12,2484,2496,1869,3,9,615
0x64a0e0,99.5385%,12,2588,2600,2499,1,11,89
0x63cfe3,97%,12,388,400,388,4,8,0
0x65a72c,96.25%,12,308,320,307,9,3,1
0x760f87,90.9091%,12,120,132,84,4,8,36
0x639415,97%,12,388,400,297,3,9,91
0x64cf93,96.25%,12,308,320,307,9,3,1
0x7613ed,90.4762%,12,114,126,81,3,9,33
0x6526c5,99.8537%,12,8191,8203,370,3,9,7821
0x5f4b52,95.6044%,12,261,273,194,6,6,67
0x6539d2,94.2308%,12,196,208,149,7,5,47
0xa76e27,99.9436%,12,21264,21276,21264,12,0,0
0x42a246,97%,12,388,400,388,4,8,0
0x617e44,92.1053%,12,140,152,140,4,8,0
0x63a5a2,97%,12,388,400,388,4,8,0
0x63a743,97%,12,388,400,388,4,8,0
0x65acdd,85.7143%,12,72,84,66,4,8,6
0x5f1586,99.4152%,12,2040,2052,1021,5,7,1019
0xa230e1,97.0732%,12,398,410,333,5,7,65
0x644740,99.8846%,12,10388,10400,7794,6,6,2594
0xa2458d,98.8796%,12,1059,1071,2,2,10,1057
0x645c06,99.8846%,12,10388,10400,7798,2,10,2590
0x761614,90.9091%,12,120,132,41,3,9,79
0x65fc5b,94.2308%,12,196,208,196,12,0,0
0x66b482,97.4359%,12,456,468,447,3,9,9
0x92984e,99.5429%,12,2613,2625,2500,0,12,113
0x89fbed,62.5%,12,20,32,19,5,7,1
0x616b99,98.8304%,12,1014,1026,987,1,11,27
0x66ffbf,99.5192%,12,2484,2496,2286,2,10,198
0x654528,99.9913%,12,137442,137454,0,0,12,137442
0x597f12,40%,12,8,20,1,5,7,7
0xa8dc69,99.7441%,12,4677,4689,0,0,12,4677
0x761db3,90.9091%,12,120,132,119,7,5,1
0x5f6cd4,98.8304%,12,1014,1026,986,2,10,28
0x8c46ba,99.5769%,11,2589,2600,2498,2,9,91
0x5f59ed,99.824%,11,6240,6251,5916,6,5,324
0x5f5ce3,99.709%,11,3769,3780,3358,2,9,411
0xa76a40,99.9483%,11,21267,21278,0,0,11,21267
0x5f5401,99.7243%,11,3979,3990,3773,7,4,206
0x5dad44,94.7115%,11,197,208,150,6,5,47
0x6317e1,94.9074%,11,205,216,193,5,6,12
0x63cc7a,99.8354%,11,6671,6682,6423,2,9,248
0x649ef2,99.8942%,11,10389,10400,7797,3,8,2592
0x64593d,99.5769%,11,2589,2600,2547,1,10,42
0x8c0c93,99.8308%,11,6489,6500,4316,3,8,2173
0x8c1068,97.25%,11,389,400,296,4,7,93
0x758787,94.7115%,11,197,208,197,6,5,0
0x755f3b,94.4444%,11,187,198,158,4,7,29
0x429a0d,97.25%,11,389,400,389,3,8,0
0x617f9b,92.7632%,11,141,152,141,3,8,0
0x76237e,91.6667%,11,121,132,86,2,9,35
0x89fe36,94.7115%,11,197,208,197,3,8,0
0x778d46,98.625%,11,789,800,600,0,11,189
0x5f341a,96.3816%,11,293,304,282,6,5,11
0x760b46,91.6667%,11,121,132,86,2,9,35
0x7580e6,94.7115%,11,197,208,1,4,7,196
0x63bd50,94.7115%,11,197,208,197,3,8,0
0x638378,99.8354%,11,6671,6682,6420,5,6,251
0x774952,94.7115%,11,197,208,152,4,7,45
0x64a972,99.8942%,11,10389,10400,7794,6,5,2595
0x5f6ffd,98.9662%,11,1053,1064,1025,1,10,28
0x8c72eb,99.9974%,11,424989,425000,382497,3,8,42492
0x608aaa,93.75%,11,165,176,127,3,8,38
0x6e6b10,94.7115%,11,197,208,195,3,8,2
0x75ea27,91.2698%,11,115,126,91,3,8,24
0x63c8a2,99.2866%,11,1531,1542,1282,3,8,249
0x633ede,99.0833%,11,1189,1200,1118,2,9,71
0x759865,94.7115%,11,197,208,55,7,4,142
0x609015,95.045%,11,211,222,159,5,6,52
0x638321,99.8354%,11,6671,6682,6423,2,9,248
0x63daaf,94.7115%,11,197,208,197,3,8,0
0x65d7ef,99.5769%,11,2589,2600,2497,3,8,92
0x7628fe,91.2698%,11,115,126,84,4,7,31
0x63d6c1,94.7115%,11,197,208,197,3,8,0
0x616a26,98.9279%,11,1015,1026,983,5,6,32
0x64e7bc,96.5625%,11,309,320,309,3,8,0
0xa3942e,99.9619%,11,28835,28846,28835,11,0,0
0x631437,94.7115%,11,197,208,152,4,7,45
0x63a673,97.25%,11,389,400,389,3,8,0
0xa22815,98.8989%,11,988,999,331,7,4,657
0x63d5a5,94.7115%,11,197,208,197,3,8,0
0xa39c18,99.6787%,11,3413,3424,2571,9,2,842
0x7b164e,94.7115%,11,197,208,153,3,8,44
0x756de2,88.0435%,11,81,92,77,5,6,4
0x63158d,97.6496%,11,457,468,448,2,9,9
0x65c095,94.7115%,11,197,208,152,4,7,45
0x76f7a9,8.33333%,11,1,12,0,6,5,1
0x65e308,99.5769%,11,2589,2600,2500,0,11,89
0x65eeac,99.8942%,11,10389,10400,7798,2,9,2591
0x5ea07b,94.9074%,11,205,216,159,3,8,46
0x77827c,65.625%,11,21,32,20,4,7,1
0x632d62,99.9882%,11,93589,93600,70194,6,5,23395
0x8c38d0,98.1667%,11,589,600,493,7,4,96
0x6490f3,96.7262%,11,325,336,248,4,7,77
0xa9007e,99.8885%,11,9855,9866,0,0,11,9855
0x5e4f7c,71.0526%,11,27,38,25,1,10,2
0x9fb64c,99.8417%,11,6938,6949,252,7,4,6686
0xa77fd6,99.9525%,11,23151,23162,0,0,11,23151
0x5d2865,99.5789%,11,2601,2612,39,7,4,2562
0x760fdd,91.6667%,11,121,132,85,3,8,36
0x8c534a,99.9788%,11,51989,52000,38995,5,6,12994
0x7b21a2,94.7115%,11,197,208,150,6,5,47
0x64c31d,97.25%,11,389,400,389,3,8,0
0x6394d5,97.25%,11,389,400,296,4,7,93
0x777d57,94.7115%,11,197,208,197,3,8,0
0x8c736b,99.9974%,11,424989,425000,382497,3,8,42492
0x7694dd,96.4744%,11,301,312,201,7,4,100
0x768f96,65.625%,11,21,32,20,6,5,1
0x761a62,79.6296%,11,43,54,31,5,6,12
0x63c010,94.7115%,11,197,208,197,3,8,0
0x769021,65.625%,11,21,32,1,6,5,20
0x609140,95.045%,11,211,222,164,4,7,47
0x8c341e,97.25%,11,389,400,292,8,3,97
0x7581d5,94.7115%,11,197,208,154,2,9,43
0x65137c,96.5625%,11,309,320,236,4,7,73
0x634a71,99.8942%,11,10389,10400,7796,4,7,2593
0x761bb8,79.6296%,11,43,54,8,8,3,35
0x64c8ed,97.25%,11,389,400,389,3,8,0
0x5999b9,65.625%,11,21,32,10,6,5,11
0x66af23,94.7115%,11,197,208,150,6,5,47
0x63afff,98.4286%,11,689,700,681,5,6,8
0xa78123,98.4173%,11,684,695,95,3,8,589
0xa76ab3,99.8068%,11,5684,5695,0,0,11,5684
0xa389de,97.4828%,11,426,437,385,6,5,41
0x614c24,99.8409%,11,6905,6916,6648,2,9,257
0x75a8f8,92.9487%,11,145,156,145,5,6,0
0x66fdda,94.7115%,11,197,208,197,3,8,0
0x64cf12,96.5625%,11,309,320,235,5,6,74
0x7619cb,79.2453%,11,42,53,39,3,8,3
0xa76957,99.9769%,11,47667,47678,0,0,11,47667
0x650094,99.0833%,11,1189,1200,1116,4,7,73
0x75684e,94.7115%,11,197,208,152,4,7,45
0x5f14d8,99.4639%,11,2041,2052,71,5,6,1970
0x608ac2,93.75%,11,165,176,161,5,6,4
0x7b0b58,77.2727%,10,34,44,1,4,6,33
0x63649c,96.1089%,10,247,257,2,3,7,245
0x631475,95.1923%,10,198,208,151,5,5,47
0x926d70,97.5%,10,390,400,390,2,8,0
0x7610ef,92.0635%,10,116,126,65,2,8,51
0x65d174,99.6154%,10,2590,2600,2544,4,6,46
0x616c89,99.0253%,10,1016,1026,988,0,10,28
0x76a39a,94.0476%,10,158,168,155,5,5,3
0x620a5b,98.9879%,10,978,988,946,4,6,32
0x7ede0a,95.1923%,10,198,208,152,4,6,46
0x6535b0,95.1923%,10,198,208,153,3,7,45
0x63bdd0,95.1923%,10,198,208,198,2,8,0
0x6310b1,95.1923%,10,198,208,152,4,6,46
0x75ceed,94.3182%,10,166,176,132,0,10,34
0x7724f7,95.1923%,10,198,208,198,2,8,0
0x5949a1,95.1923%,10,198,208,197,3,7,1
0x64f0d4,95.1923%,10,198,208,198,2,8,0
0xa76e1a,99.953%,10,21266,21276,0,0,10,21266
0x8bffd1,99.9038%,10,10390,10400,7797,3,7,2593
0x76bbe1,76.1905%,10,32,42,2,7,3,30
0x8c13d1,97.5%,10,390,400,106,4,6,284
0x65ec58,99.6154%,10,2590,2600,2498,2,8,92
0x64c994,97.5%,10,390,400,390,2,8,0
0x63bcaf,95.1923%,10,198,208,198,2,8,0
0x8bf741,95.1923%,10,198,208,152,4,6,46
0x634a7d,99.6154%,10,2590,2600,2546,2,8,44
0x64554f,95.1923%,10,198,208,154,2,8,44
0x7622ec,92.4242%,10,122,132,86,2,8,36
0x5f6bb8,99.5127%,10,2042,2052,1025,1,9,1017
0x64eba3,96.875%,10,310,320,283,5,5,27
0x8c078d,97.5%,10,390,400,294,6,4,96
0x616ae6,99.0253%,10,1016,1026,985,3,7,31
0x778457,95%,10,190,200,190,2,8,0
0x59985a,68.75%,10,22,32,21,7,3,1
0x6435b7,99.9038%,10,10390,10400,7795,5,5,2595
0x9f7ce8,99.5127%,10,2042,2052,0,2,8,2042
0x64304a,99.9038%,10,10390,10400,7800,0,10,2590
0x63c36f,97.5%,10,390,400,390,2,8,0
0x762992,92.0635%,10,116,126,81,3,7,35
0x66a492,80.7692%,10,42,52,42,8,2,0
0x76e51e,93.75%,10,150,160,150,3,7,0
0xa781c8,99.8509%,10,6695,6705,6695,10,0,0
0x9262c9,97.5%,10,390,400,0,8,2,390
0x63c19d,95.1923%,10,198,208,198,2,8,0
0x7688a8,90%,10,90,100,90,6,4,0
0x652726,99.9594%,10,24599,24609,0,0,10,24599
0x760d3f,92.4242%,10,122,132,85,3,7,37
0x76afe1,92.4242%,10,122,132,84,4,6,38
0x653672,99.4658%,10,1862,1872,1661,3,7,201
0x75f167,92.4242%,10,122,132,115,2,8,7
0x670222,95.1923%,10,198,208,198,2,8,0
0xa30839,99.9509%,10,20349,20359,20349,10,0,0
0x9f5cd6,97.8814%,10,462,472,0,0,10,462
0x659512,95.1923%,10,198,208,151,5,5,47
0x596f8e,93.5897%,10,146,156,146,4,6,0
0x596dc2,93.8272%,10,152,162,152,4,6,0
0x5f4eb4,92.5926%,10,125,135,118,2,8,7
0x65e02b,99.9038%,10,10390,10400,7797,3,7,2593
0x8c0e9f,96.6667%,10,290,300,184,6,4,106
0x64c3bd,97.5%,10,390,400,390,2,8,0
0x75e85d,92.0635%,10,116,126,77,7,3,39
0x64cc2d,99.9375%,10,15990,16000,399,1,9,15591
0x596f10,93.5897%,10,146,156,146,4,6,0
0x75e78c,92.0635%,10,116,126,115,5,5,1
0x7692dc,16.6667%,10,2,12,1,7,3,1
0x669986,95.1923%,10,198,208,153,3,7,45
0x615223,93.4211%,10,142,152,142,2,8,0
0x5e6abf,99.8148%,10,5390,5400,4049,1,9,1341
0x659243,95.1923%,10,198,208,150,6,4,48
0x647099,99.6154%,10,2590,2600,2547,1,9,43
0x63935e,97.5%,10,390,400,296,4,6,94
0xa79f45,99.9855%,10,68773,68783,0,0,10,68773
0x614d38,99.8554%,10,6906,6916,6650,0,10,256
0xa7692a,99.979%,10,47668,47678,0,0,10,47668
0x756151,97.4747%,10,386,396,286,7,3,100
0xa24101,99.9587%,10,24196,24206,0,0,10,24196
0x63c420,88.8889%,10,80,90,80,4,6,0
0x66fbaa,96.875%,10,310,320,310,2,8,0
0x655a8e,99.9812%,10,53212,53222,13515,0,10,39697
0x61724b,99.5629%,10,2278,2288,1715,1,9,563
0x598f8c,95.1923%,10,198,208,153,3,7,45
0x65a741,96.875%,10,310,320,237,3,7,73
0xa24399,98.0198%,10,495,505,495,10,0,0
0xa39203,99.969%,10,32260,32270,0,0,10,32260
0x63439d,99.6154%,10,2590,2600,2546,2,8,44
0x670053,95.1923%,10,198,208,197,3,7,1
0x96168f,99.7005%,10,3329,3339,3176,4,6,153
0x616c39,99.0253%,10,1016,1026,985,3,7,31
0x76888e,96.6667%,10,290,300,199,1,9,91
0x765942,96.7949%,10,302,312,201,7,3,101
0xa76907,99.979%,10,47668,47678,0,0,10,47668
0x653b02,95.1923%,10,198,208,150,6,4,48
0x593aba,95.1923%,10,198,208,195,5,5,3
0x6215bf,81.25%,9,39,48,28,8,1,11
0x777ebd,95.6731%,9,199,208,199,1,8,0
0x960a99,99.7305%,9,3330,3339,3177,3,6,153
0x6372e7,99.7665%,9,3846,3855,3594,4,5,252
0x596c60,62.5%,9,15,24,14,4,5,1
0x642837,95.6731%,9,199,208,151,5,4,48
0x9e1cd6,95.6731%,9,199,208,197,3,6,2
0x65b041,97.75%,9,391,400,300,0,9,91
0x63bf80,95.6731%,9,199,208,199,1,8,0
0x5a8d13,98.9726%,9,867,876,867,9,0,0
0xa90c5b,59.0909%,9,13,22,9,5,4,4
0x6592f2,95.6731%,9,199,208,150,6,3,49
0x5f548a,91.6667%,9,99,108,99,5,4,0
0x64a8d2,99.9135%,9,10391,10400,7796,4,5,2595
0x7a9dc4,97.8365%,9,407,416,309,3,6,98
0xa2270d,98.8173%,9,752,761,752,9,0,0
0x5f3a10,85%,9,51,60,27,3,6,24
0x77472d,95.6731%,9,199,208,152,4,5,47
0x762ebe,92.8571%,9,117,126,87,1,8,30
0x595989,78.5714%,9,33,42,33,9,0,0
0x5ea32b,95.8333%,9,207,216,204,4,5,3
0x5e66a1,91%,9,91,100,42,8,1,49
0x597e06,95.6731%,9,199,208,198,2,7,1
0x76b0d4,92.8571%,9,117,126,0,1,8,117
0x62115f,95.6731%,9,199,208,199,1,8,0
0x7694ee,91.3462%,9,95,104,95,5,4,0
0x596ec2,94.4444%,9,153,162,153,3,6,0
0x641daf,95.6731%,9,199,208,152,4,5,47
0x9feeef,35.7143%,9,5,14,5,5,4,0
0xa77e43,98.9474%,9,846,855,0,0,9,846
0x95a059,95.6731%,9,199,208,154,2,7,45
0x9270ef,99.8397%,9,5607,5616,4211,1,8,1396
0xa8dcbe,99.989%,9,81521,81530,0,0,9,81521
0x59908c,97.8365%,9,407,416,309,3,6,98
0x5f3239,76.3158%,9,29,38,9,5,4,20
0x65a3a0,90.8163%,9,89,98,82,2,7,7
0x8c3b68,99.1%,9,991,1000,494,6,3,497
0x92a516,97.5342%,9,356,365,0,0,9,356
0x65cea3,99.6538%,9,2591,2600,2547,1,8,44
0x5e9e0e,95.6731%,9,199,208,95,9,0,104
0x7b3293,95.6731%,9,199,208,153,3,6,46
0x926ab8,90.8163%,9,89,98,85,5,4,4
0xa76939,99.9811%,9,47669,47678,47669,9,0,0
0x760e7e,92.8571%,9,117,126,82,2,7,35
0x63a063,97.75%,9,391,400,391,1,8,0
0x5e8b8a,94.7977%,9,164,173,12,5,4,152
0xa77e7d,99.9855%,9,62242,62251,0,0,9,62242
0x599947,71.875%,9,23,32,10,4,5,13
0x6d8850,43.75%,9,7,16,2,2,7,5
0x644aa4,95.6731%,9,199,208,149,7,2,50
0x9f8d92,99.8656%,9,6689,6698,6436,1,8,253
0x65780d,95.6731%,9,199,208,152,4,5,47
0x7613ba,84.7458%,9,50,59,31,7,2,19
0x92b195,99.6538%,9,2591,2600,2545,3,6,46
0x659722,95.6731%,9,199,208,151,5,4,48
0x6311f1,95.6731%,9,199,208,152,4,5,47
0x92bd1c,97.75%,9,391,400,296,4,5,95
0x66e983,97.75%,9,391,400,295,5,4,96
0x643c9f,99.9135%,9,10391,10400,7798,2,7,2593
0x657e1e,95.6731%,9,199,208,155,1,8,44
0x760301,94.2308%,9,147,156,98,6,3,49
0xa30869,99.9457%,9,16570,16579,16570,9,0,0
0x64ce23,97.1875%,9,311,320,310,6,3,1
0x92cbab,99.9135%,9,10391,10400,7794,6,3,2597
0x6575bd,95.6731%,9,199,208,152,4,5,47
0x7edc69,95.6731%,9,199,208,152,4,5,47
0x761279,60.8696%,9,14,23,0,3,6,14
0xa76d40,99.9577%,9,21267,21276,21267,9,0,0
0xa76984,99.9591%,9,21973,21982,21815,3,6,158
0x5f538e,99.7571%,9,3696,3705,3506,4,5,190
0x926b0f,97.75%,9,391,400,391,1,8,0
0x926bff,99.6949%,9,2941,2950,2933,3,6,8
0x926c4e,84.7458%,9,50,59,47,4,5,3
0x75c62f,97.2892%,9,323,332,4,4,5,319
0x643686,82.6923%,9,43,52,43,7,2,0
0x636af9,99.8653%,9,6673,6682,6425,0,9,248
0x7b4353,95.6731%,9,199,208,154,2,7,45
0x76991a,97.8365%,9,407,416,0,6,3,407
0x9fa965,99.9364%,9,14147,14156,14147,9,0,0
0xa3920f,99.9721%,9,32261,32270,0,0,9,32261
0x4298a8,99.8584%,9,6345,6354,6244,3,6,101
0x7b45b3,95.6731%,9,199,208,154,2,7,45
0x8c676f,98.2%,9,491,500,397,3,6,94
0x7b3423,95.6731%,9,199,208,153,3,6,46
0x688836,95.6731%,9,199,208,153,3,6,46
0x65a8e1,97.1875%,9,311,320,235,5,4,76
0x8bfe87,99.6538%,9,2591,2600,0,0,9,2591
0x8c11d9,90.8163%,9,89,98,82,2,7,7
0x6550dc,99.9072%,9,9685,9694,0,0,9,9685
0x596d56,94.2308%,9,147,156,147,3,6,0
0x8c66b0,99.91%,9,9991,10000,7494,6,3,2497
0x67019f,99.6394%,9,2487,2496,2288,0,9,199
0x63a8d2,97.75%,9,391,400,391,1,8,0
0x667bc6,95.6731%,9,199,208,152,4,5,47
0x75ed7f,93.1818%,9,123,132,71,2,7,52
0x5fcb38,89.7727%,9,79,88,69,5,4,10
0x5a8e3a,88.75%,9,71,80,43,7,2,28
0x66732a,95.6731%,9,199,208,154,2,7,45
0x63178d,98.0769%,9,459,468,450,0,9,9
0x8beb6a,93.3824%,9,127,136,38,2,7,89
0x66786f,95.6731%,9,199,208,152,4,5,47
0x64af13,95.6731%,9,199,208,151,5,4,48
0x7cf2b8,91.3462%,9,95,104,47,5,4,48
0x608aef,94.8864%,9,167,176,130,0,9,37
0x63137d,95.6731%,9,199,208,150,6,3,49
0x5ea89e,95.6731%,9,199,208,152,4,5,47
0x8c4b1d,99.9135%,9,10391,10400,7796,4,5,2595
0x7bdb5f,77.5%,9,31,40,26,4,5,5
0x762a3f,92.8571%,9,117,126,77,5,4,40
0xa24d48,96.8421%,9,276,285,276,9,0,0
0x64a062,99.9135%,9,10391,10400,7797,3,6,2594
0x7cc9d9,94.2308%,9,147,156,147,3,6,0
0x7625dc,50%,9,9,18,4,2,7,5
0x75c48e,94.8864%,9,167,176,163,5,4,4
0x64bd8d,99.8125%,9,4791,4800,3597,3,6,1194
0xa7a650,98.2625%,9,509,518,260,1,8,249
0x6f53c9,95.6731%,9,199,208,154,2,7,45
0x7a9dd8,91.3462%,9,95,104,95,5,4,0
0x762bc8,92.8571%,9,117,126,73,9,0,44
0x66b472,99.5192%,9,1863,1872,1402,2,7,461
0x5e74c8,95.5%,9,191,200,189,3,6,2
0x643ae4,95.6731%,9,199,208,154,2,7,45
0xa79f37,99.9869%,9,68774,68783,0,0,9,68774
0x67a42e,97.1875%,9,311,320,237,3,6,74
0x60311f,99.6066%,9,2279,2288,1714,2,7,565
0x66fc05,97.1875%,9,311,320,311,1,8,0
0x7b2416,95.6731%,9,199,208,152,4,5,47
0x596d42,98.5577%,9,615,624,467,1,8,148
0x429f09,96.4981%,9,248,257,154,3,6,94
0x63c464,90%,9,81,90,80,4,5,1
0x8bef85,95.6731%,9,199,208,153,3,6,46
0x75fc67,94.2308%,9,147,156,102,2,7,45
0x5f4938,80%,9,36,45,0,5,4,36
0x63afe9,99.6786%,9,2791,2800,2096,4,5,695
0x596db2,98.6111%,9,639,648,483,3,6,156
0x66f0a2,90.8163%,9,89,98,81,3,6,8
0x76e348,94.375%,9,151,160,135,7,2,16
0x635b5e,90.8163%,9,89,98,81,3,6,8
0xa30847,99.9483%,9,17402,17411,17402,9,0,0
0x7b175f,95.6731%,9,199,208,154,2,7,45
0x64b123,95.6731%,9,199,208,152,4,5,47
0x8c5b33,98%,8,392,400,297,3,5,95
0x7b154e,96.1538%,8,200,208,154,2,6,46
0x634b41,99.6%,8,1992,2000,1496,4,4,496
0x6448d4,96.1538%,8,200,208,153,3,5,47
0x4031fa,69.2308%,8,18,26,10,2,6,8
0xa76918,99.9832%,8,47670,47678,0,0,8,47670
0x5eccbe,84.6154%,8,44,52,44,6,2,0
0x65890c,99.6619%,8,2358,2366,0,0,8,2358
0x5f30e3,78.9474%,8,30,38,14,4,4,16
0x7b1f12,96.1538%,8,200,208,151,5,3,49
0x5f32a6,78.9474%,8,30,38,0,4,4,30
0x9ff1a7,73.3333%,8,22,30,15,5,3,7
0x663746,99.3333%,8,1192,1200,1119,1,7,73
0x8c087e,98.6207%,8,572,580,571,5,3,1
0x8c11ce,97.9592%,8,384,392,293,1,7,91
0x5f5a41,99.446%,8,1436,1444,1368,0,8,68
0x5e8164,89.6104%,8,69,77,0,5,3,69
0x89fc43,87.5%,8,56,64,43,5,3,13
0xa8dcb7,99.9902%,8,81522,81530,0,0,8,81522
0x659932,96.1538%,8,200,208,148,8,0,52
0x596e62,94.8718%,8,148,156,148,2,6,0
0x649106,90.4762%,8,76,84,67,3,5,9
0x657a5d,96.1538%,8,200,208,154,2,6,46
0x6527bb,99.9675%,8,24601,24609,0,0,8,24601
0xa762a7,99.9138%,8,9274,9282,0,0,8,9274
0x5f5421,99.7995%,8,3982,3990,3776,4,4,206
0x620a4f,99.7976%,8,3944,3952,2963,1,7,981
0x75c685,97.5309%,8,316,324,290,4,4,26
0x76afc3,93.9394%,8,124,132,124,2,6,0
0x6d8754,50%,8,8,16,0,4,4,8
0xa76224,95.6522%,8,176,184,96,2,6,80
0x596f4f,94.8718%,8,148,156,148,2,6,0
0x645312,99.8023%,8,4038,4046,4038,8,0,0
0x777e87,96.1538%,8,200,208,200,0,8,0
0x593e70,96.1538%,8,200,208,199,1,7,1
0x75bec9,95.4545%,8,168,176,6,4,4,162
0x63a4e2,98%,8,392,400,391,1,7,1
0x765c72,92.3077%,8,96,104,96,4,4,0
0x64b073,96.1538%,8,200,208,153,3,5,47
0x655131,99.7815%,8,3653,3661,13,7,1,3640
0x5f0b1d,99.9128%,8,9168,9176,4588,0,8,4580
0x7590d0,96.1538%,8,200,208,0,2,6,200
0x75d376,95.2381%,8,160,168,22,7,1,138
0x64fcbd,90%,8,72,80,72,6,2,0
0x7582c4,81.8182%,8,36,44,1,4,4,35
0xa78555,99.9003%,8,8016,8024,0,0,8,8016
0x756337,97.9798%,8,388,396,285,5,3,103
0xa0eee2,99.8924%,8,7428,7436,0,0,8,7428
0x64b382,99.9231%,8,10392,10400,7794,6,2,2598
0x95a622,96.1538%,8,200,208,153,3,5,47
0x65bef5,96.1538%,8,200,208,152,4,4,48
0x429b65,91.6667%,8,88,96,88,6,2,0
0x653680,96.1538%,8,200,208,153,3,5,47
0x67a4de,99.8333%,8,4792,4800,3596,4,4,1196
0x6512ac,99.8333%,8,4792,4800,3596,4,4,1196
0x65e754,99.9231%,8,10392,10400,7800,0,8,2592
0x76fc32,66.6667%,8,16,24,16,2,6,0
0x76f6b9,42.8571%,8,6,14,6,7,1,0
0x64d637,75%,8,24,32,23,1,7,1
0x928a4f,94.9686%,8,151,159,0,0,8,151
0x75f17c,46.6667%,8,7,15,3,3,5,4
0x8beef4,96.1538%,8,200,208,0,0,8,200
0x7aafb5,80.9524%,8,34,42,17,7,1,17
0xa769b3,99.9636%,8,21975,21983,21815,4,4,160
0x5f463d,95.8974%,8,187,195,0,0,8,187
0x778df6,75%,8,24,32,23,1,7,1
0x66b852,96.1538%,8,200,208,151,5,3,49
0x7ce4b7,96%,8,192,200,147,3,5,45
0x6210fb,78.9474%,8,30,38,26,4,4,4
0x7621d5,93.9394%,8,124,132,87,1,7,37
0x67a41c,97.5%,8,312,320,309,7,1,3
0x65c376,96.1538%,8,200,208,152,4,4,48
0x65c4c3,84.6154%,8,44,52,44,6,2,0
0x75bbfa,95.4545%,8,168,176,164,4,4,4
0x76289e,93.6508%,8,118,126,118,2,6,0
0x769810,98.0769%,8,408,416,402,4,4,6
0x766eee,75%,8,24,32,24,4,4,0
0x620a6e,78.9474%,8,30,38,29,3,5,1
0x652437,99.9861%,8,57414,57422,0,0,8,57414
0x761588,93.9394%,8,124,132,83,5,3,41
0x64ce65,97.5%,8,312,320,238,2,6,74
0xa761a8,99.8369%,8,4897,4905,4897,8,0,0
0x598c44,75%,8,24,32,12,4,4,12
0x5e7598,61.9048%,8,13,21,7,6,2,6
0x761101,86.4407%,8,51,59,2,4,4,49
0x5e752f,96.1538%,8,200,208,197,3,5,3
0x5e899c,50%,8,8,16,6,5,3,2
0x9e1612,91.6667%,8,88,96,81,7,1,7
0x5da473,96.1538%,8,200,208,153,3,5,47
0x59822c,75%,8,24,32,24,4,4,0
0x67a15b,0%,8,0,8,0,6,2,0
0x778d5a,96%,8,192,200,192,0,8,0
0x8c543e,99.8462%,8,5192,5200,2595,5,3,2597
0x76e489,95%,8,152,160,151,2,6,1
0x76dea7,90.4762%,8,76,84,38,4,4,38
0x9fef8d,33.3333%,8,4,12,3,5,3,1
0x6035bf,99.5192%,8,1656,1664,1244,4,4,412
0x6491e5,90.4762%,8,76,84,68,2,6,8
0x63bad7,90.9091%,8,80,88,1,7,1,79
0x65c4ad,96.1538%,8,200,208,152,4,4,48
0x76a3b6,95.2381%,8,160,168,125,1,7,35
0x686fd1,92.3077%,8,96,104,96,4,4,0
0x5993d3,75%,8,24,32,2,6,2,22
0xa90c41,84%,8,42,50,32,2,6,10
0x66eec2,99.8333%,8,4792,4800,3598,2,6,1194
0x429eee,97.2414%,8,282,290,29,4,4,253
0x5f5a61,99.446%,8,1436,1444,1366,2,6,70
0x65fc35,99.5294%,8,1692,1700,1664,2,6,28
0x9f5e6e,96.5517%,8,224,232,2,2,6,222
0x649f72,99.9231%,8,10392,10400,7797,3,5,2595
0x761714,93.9394%,8,124,132,68,5,3,56
0x761729,86.4407%,8,51,59,4,2,6,47
0x63bef0,96.1538%,8,200,208,200,0,8,0
0x67a69e,99.8333%,8,4792,4800,3595,5,3,1197
0x639431,92%,8,92,100,92,6,2,0
0x7edd5b,96.1538%,8,200,208,153,3,5,47
0x631011,96.1538%,8,200,208,150,6,2,50
0x768ff5,75%,8,24,32,17,5,3,7
0x65487f,99.9934%,8,120400,120408,8519,2,6,111881
0xa76abd,99.8595%,8,5687,5695,0,0,8,5687
0x76fbad,66.6667%,8,16,24,13,4,4,3
0x7cf3b7,96%,8,192,200,147,3,5,45
0x5eced9,92.3077%,8,96,104,48,4,4,48
0x594433,96.1538%,8,200,208,200,0,8,0
0x760cde,93.9394%,8,124,132,70,3,5,54
0x5fc9ed,90.9091%,8,80,88,62,4,4,18
0xa389e6,82.6087%,8,38,46,36,4,4,2
0x65ce95,99.9231%,8,10392,10400,7800,0,8,2592
0x7a9f1a,92%,8,92,100,92,4,4,0
0x6314e7,96.1538%,8,200,208,152,4,4,48
0x762395,81.8182%,8,36,44,36,6,2,0
0x5f53e1,99.7995%,8,3982,3990,3777,3,5,205
0x65cb9c,96.1538%,8,200,208,200,0,8,0
0x66f172,99.1071%,8,888,896,668,4,4,220
0xa769d2,99.9624%,8,21270,21278,0,0,8,21270
0x64bfe3,90%,8,72,80,0,0,8,72
0x65d166,99.9231%,8,10392,10400,7799,1,7,2593
0x75818c,96.1538%,8,200,208,6,4,4,194
0x5e6a42,99.4074%,8,1342,1350,0,0,8,1342
0x761d63,86.4407%,8,51,59,35,3,5,16
0x649ff2,99.9231%,8,10392,10400,7797,3,5,2595
0x76815d,93.2692%,7,97,104,97,3,4,0
0x643ea2,99.9327%,7,10393,10400,7798,2,5,2595
0x7b3813,93.2692%,7,97,104,46,6,1,51
0xa30524,99.9872%,7,54533,54540,0,0,7,54533
0x65a263,98.2143%,7,385,392,293,1,6,92
0x641f57,99.9327%,7,10393,10400,7799,1,6,2594
0x66e843,96.6346%,7,201,208,154,2,5,47
0x64ccd2,91.25%,7,73,80,73,5,2,0
0x7b2792,86.5385%,7,45,52,45,5,2,0
0x7aa8b8,93.2692%,7,97,104,52,0,7,45
0x766cca,93.2692%,7,97,104,97,3,4,0
0x648ebf,87.5%,7,49,56,39,3,4,10
0x636c9e,98.6381%,7,507,514,253,4,3,254
0xa39c40,99.7956%,7,3417,3424,2346,3,4,1071
0x652582,99.9739%,7,26840,26847,0,0,7,26840
0x64d415,78.125%,7,25,32,24,0,7,1
0x66f432,12.5%,7,1,8,1,5,2,0
0xa307fa,99.9872%,7,54533,54540,0,0,7,54533
0x8beb60,96.6346%,7,201,208,68,4,3,133
0x658922,99.926%,7,9457,9464,7096,2,5,2361
0x7b3173,96.6346%,7,201,208,155,1,6,46
0x765034,93.2692%,7,97,104,97,3,4,0
0x5fca83,92.0455%,7,81,88,76,4,3,5
0x66f9b6,87.5%,7,49,56,37,5,2,12
0xa77dd7,99.9786%,7,32751,32758,32751,7,0,0
0x67aafc,12.5%,7,1,8,1,5,2,0
0x65a821,78.125%,7,25,32,21,3,4,4
0x7bd322,65%,7,13,20,4,6,1,9
0xa90ecb,99.2441%,7,919,926,0,0,7,919
0x9f7cca,99.6589%,7,2045,2052,0,0,7,2045
0x63c4f0,92.2222%,7,83,90,83,1,6,0
0xa46938,99.9341%,7,10618,10625,0,0,7,10618
0x75875f,96.6346%,7,201,208,201,4,3,0
0x64d5a3,78.125%,7,25,32,21,3,4,4
0x6702bf,87.5%,7,49,56,45,3,4,4
0x66ebf3,99.9327%,7,10393,10400,7797,3,4,2596
0xa389c0,99.9928%,7,96912,96919,0,0,7,96912
0x404b55,68.1818%,7,15,22,6,2,5,9
0x5e7a2d,46.1538%,7,6,13,3,2,5,3
0x67a27b,12.5%,7,1,8,1,5,2,0
0x403292,73.0769%,7,19,26,2,4,3,17
0x769085,78.125%,7,25,32,25,3,4,0
0xa244f3,96.4467%,7,190,197,190,7,0,0
0x5f47c2,93.5185%,7,101,108,101,3,4,0
0x65b5f8,86.5385%,7,45,52,45,5,2,0
0x926e28,86%,7,43,50,43,5,2,0
0x648891,12.5%,7,1,8,1,5,2,0
0x63a664,98.25%,7,393,400,393,5,2,0
0x5ea2eb,93.2692%,7,97,104,92,4,3,5
0x429910,99.6724%,7,2130,2137,1341,0,7,789
0x8c63b3,98.25%,7,393,400,300,0,7,93
0xa7699f,99.9853%,7,47671,47678,47671,7,0,0
0xa76af3,99.9495%,7,13851,13858,0,0,7,13851
0x5953be,98.8782%,7,617,624,0,0,7,617
0x6d8d88,96.4286%,7,189,196,12,4,3,177
0x641a84,12.5%,7,1,8,0,6,1,1
0x681fb1,93.2692%,7,97,104,97,3,4,0
0x9f5dda,73.0769%,7,19,26,0,0,7,19
0x60914f,87.037%,7,47,54,8,3,4,39
0x7a925d,92.3913%,7,85,92,85,3,4,0
0x9f812b,96.3351%,7,184,191,184,7,0,0
0x5ea352,83.3333%,7,35,42,7,6,1,28
0x62108f,99.8229%,7,3945,3952,2959,5,2,986
0x768642,93.2692%,7,97,104,97,3,4,0
0x405097,68.1818%,7,15,22,10,6,1,5
0x667736,96.6346%,7,201,208,153,3,4,48
0x5e7e99,46.1538%,7,6,13,0,0,7,6
0x6523b8,99.9147%,7,8196,8203,0,0,7,8196
0x648e1f,87.5%,7,49,56,41,1,6,8
0x76a22b,93.2692%,7,97,104,47,5,2,50
0x5e9c2e,96.6346%,7,201,208,153,3,4,48
0x760b20,92.2222%,7,83,90,72,1,6,11
0x762225,84.0909%,7,37,44,37,7,0,0
0x7cdc5b,96.6346%,7,201,208,154,2,5,47
0x761653,84.0909%,7,37,44,37,5,2,0
0x66003a,86.5385%,7,45,52,45,5,2,0
0x6475d1,98.25%,7,393,400,298,2,5,95
0x645cb6,99.9327%,7,10393,10400,7796,4,3,2597
0x65e2ec,99.9327%,7,10393,10400,7797,3,4,2596
0x6f4c69,96.6346%,7,201,208,155,1,6,46
0x7650de,93.2692%,7,97,104,97,3,4,0
0x6da657,12.5%,7,1,8,0,6,1,1
0x65d0a2,86.5385%,7,45,52,45,5,2,0
0x66a7b1,96.6346%,7,201,208,154,2,5,47
0x8bf3de,99.3865%,7,1134,1141,0,0,7,1134
0x7627a6,61.1111%,7,11,18,11,1,6,0
0x63d788,99.9327%,7,10393,10400,10393,7,0,0
0x778b9f,96.5%,7,193,200,191,1,6,2
0x5acbf4,78.125%,7,25,32,24,4,3,1
0x653372,96.6346%,7,201,208,154,2,5,47
0x642de2,99.7308%,7,2593,2600,0,0,7,2593
0x5ac70b,99.0566%,7,735,742,733,5,2,2
0xa22393,99.9711%,7,24207,24214,0,0,7,24207
0x6435db,86.5385%,7,45,52,45,5,2,0
0x63819e,99.7905%,7,3334,3341,3082,2,5,252
0x75d3ec,83.3333%,7,35,42,35,5,2,0
0x631097,86.5385%,7,45,52,0,0,7,45
0x6310bd,86.5385%,7,45,52,45,5,2,0
0x66a313,96.6346%,7,201,208,154,2,5,47
0x66edbc,99.7308%,7,2593,2600,0,0,7,2593
0x633291,99.9327%,7,10393,10400,7800,0,7,2593
0x60610a,73.0769%,7,19,26,18,4,3,1
0x8c71d1,65%,7,13,20,13,5,2,0
0x429646,96.6346%,7,201,208,2,6,1,199
0xa3050a,99.9872%,7,54533,54540,0,0,7,54533
0x649ca1,86.5385%,7,45,52,45,5,2,0
0x644242,99.9327%,7,10393,10400,7797,3,4,2596
0x634341,96.6346%,7,201,208,153,3,4,48
0x5f76f3,93.2692%,7,97,104,97,3,4,0
0x5f1e0f,97.5439%,7,278,285,0,3,4,278
0x659882,96.6346%,7,201,208,153,3,4,48
0x761c1e,81.5789%,7,31,38,0,1,6,31
0x639e18,12.5%,7,1,8,0,6,1,1
0x8a7a39,93.3333%,7,98,105,98,3,4,0
0x761e6c,84.0909%,7,37,44,37,5,2,0
0xa22643,99.4205%,7,1201,1208,1200,6,1,1
0x9f5d7b,94.7761%,7,127,134,127,7,0,0
0x598ecb,78.125%,7,25,32,12,6,1,13
0x6388dd,99.8816%,7,5905,5912,98,4,3,5807
0x6351b2,86%,7,43,50,43,5,2,0
0x6367a1,99.3654%,7,1096,1103,1096,7,0,0
0x5f1b5c,99.6589%,7,2045,2052,0,0,7,2045
0xa31cf9,99.9341%,7,10618,10625,10618,7,0,0
0x5f5ed5,93.75%,7,105,112,105,3,4,0
0x7a9d68,56.25%,7,9,16,9,3,4,0
0x7e639c,91.0256%,7,71,78,70,2,5,1
0xa30bbd,41.6667%,7,5,12,5,7,0,0
0x8c4f52,99.9865%,7,51993,52000,38997,3,4,12996
0x75c97c,82.5%,7,33,40,28,2,5,5
0x76706f,78.125%,7,25,32,24,4,3,1
0x9e097b,99.0667%,7,743,750,0,0,7,743
0x8bf028,96.6346%,7,201,208,153,3,4,48
0x7633b5,94.4444%,7,119,126,80,4,3,39
0x645e9a,99.827%,7,4039,4046,4039,7,0,0
0x686a7b,96.6346%,7,201,208,154,2,5,47
0x7a96e0,92.3913%,7,85,92,85,3,4,0
0x68706b,86.5385%,7,45,52,45,3,4,0
0x631101,96.6346%,7,201,208,152,4,3,49
0x596eb2,98.9198%,7,641,648,486,0,7,155
0x9f5ecb,94.3548%,7,117,124,117,7,0,0
0x7a9e52,93%,7,93,100,0,0,7,93
0x6453a1,86.5385%,7,45,52,45,5,2,0
0xa3082b,99.9656%,7,20352,20359,0,0,7,20352
0xa303b2,99.9261%,7,9467,9474,9467,7,0,0
0x8c15dc,97.5862%,7,283,290,156,3,4,127
0x5f3fe8,56.25%,7,9,16,8,3,4,1
0x76db78,92.0455%,7,81,88,42,2,5,39
0x5f42b5,68.1818%,7,15,22,4,3,4,11
0x5f4481,68.1818%,7,15,22,13,5,2,2
0x75d2fb,96.0227%,7,169,176,131,1,6,38
0x66fe4f,94.5312%,7,121,128,117,3,4,4
0xa773f3,99.9671%,7,21271,21278,21271,7,0,0
0x661c10,12.5%,7,1,8,1,5,2,0
0x7a9181,56.25%,7,9,16,9,3,4,0
0x644f84,96.6346%,7,201,208,154,2,5,47
0x6311a1,96.6346%,7,201,208,153,3,4,48
0x63fa89,12.5%,7,1,8,1,5,2,0
0x7aaa15,86.5385%,7,45,52,45,5,2,0
0x5f4f2c,53.3333%,7,8,15,8,3,4,0
0xa30897,99.9059%,7,7429,7436,0,0,7,7429
0x597ec6,96.6346%,7,201,208,197,3,4,4
0x8bfde9,96.6346%,7,201,208,154,2,5,47
0x597e52,65%,7,13,20,13,5,2,0
0x64ab75,93%,7,93,100,93,5,2,0
0x59801a,79.4118%,7,27,34,0,0,7,27
0x653832,96.6346%,7,201,208,152,4,3,49
0x63c9f5,99.8816%,7,5905,5912,99,3,4,5806
0x766981,78.125%,7,25,32,25,3,4,0
0x5e6899,99.4615%,7,1293,1300,1246,4,3,47
0x5e9e52,94.2308%,6,98,104,98,6,0,0
0x76b149,95.2381%,6,120,126,0,0,6,120
0x76ad6d,88.4615%,6,46,52,46,4,2,0
0x66ae93,97.1154%,6,202,208,155,1,5,47
0x7624d5,95.2381%,6,120,126,83,1,5,37
0xa230d3,98.5366%,6,404,410,29,5,1,375
0x6514dc,85%,6,34,40,28,2,4,6
0x75cac0,25%,6,2,8,2,4,2,0
0x64e432,70%,6,14,20,7,3,3,7
0x7598e6,88.4615%,6,46,52,46,4,2,0
0x66edd3,99.9423%,6,10394,10400,7800,0,6,2594
0x927ec1,99.9368%,6,9481,9487,206,2,4,9275
0x65fe56,94.5455%,6,104,110,104,6,0,0
0x7618cc,0%,6,0,6,0,4,2,0
0x63c044,90.625%,6,58,64,3,5,1,55
0x761b66,66.6667%,6,12,18,0,0,6,12
0x75cb60,88.4615%,6,46,52,46,4,2,0
0x616fcb,88.4615%,6,46,52,46,4,2,0
0x927f11,97.1154%,6,202,208,202,6,0,0
0x5f55ce,92.1053%,6,70,76,70,2,4,0
0x64b6c4,92.5%,6,74,80,74,4,2,0
0x960f13,99.7714%,6,2619,2625,2499,1,5,120
0x761d72,71.4286%,6,15,21,0,0,6,15
0x76fe38,25%,6,2,8,2,2,4,0
0x95ab10,88.4615%,6,46,52,46,4,2,0
0xa7a647,98.8417%,6,512,518,253,4,2,259
0x778f03,97.1154%,6,202,208,0,0,6,202
0x9f8cce,97.7011%,6,255,261,0,0,6,255
0x76e548,85%,6,34,40,32,2,4,2
0x637f10,99.8204%,6,3335,3341,3084,0,6,251
0x63133f,97.1154%,6,202,208,154,2,4,48
0x6f4aca,97.1154%,6,202,208,155,1,5,47
0x95a733,88.4615%,6,46,52,0,0,6,46
0x7b3fc2,97.1154%,6,202,208,154,2,4,48
0x66ece3,99.9423%,6,10394,10400,7799,1,5,2595
0x65ab41,99.3304%,6,890,896,671,1,5,219
0x632429,84.2105%,6,32,38,32,4,2,0
0x63aeaa,99.75%,6,2394,2400,1798,2,4,596
0x66f8f5,89.2857%,6,50,56,40,2,4,10
0x5a6363,97.2222%,6,210,216,161,1,5,49
0x5f0970,85%,6,34,40,0,0,6,34
0x7b0a6c,25%,6,2,8,2,4,2,0
0x66a3c3,97.1154%,6,202,208,155,1,5,47
0x7a9801,98.5%,6,394,400,298,2,4,96
0x75ed91,89.8305%,6,53,59,9,6,0,44
0x65ed39,99.9423%,6,10394,10400,7798,2,4,2596
0x6575cd,88.4615%,6,46,52,46,4,2,0
0x66efb2,99.875%,6,4794,4800,3599,1,5,1195
0x6552cf,99.9556%,6,13509,13515,13509,6,0,0
0x7bc8bc,88.4615%,6,46,52,46,4,2,0
0x4299cc,98.5%,6,394,400,207,3,3,187
0x75c289,96.129%,6,149,155,143,4,2,6
0x6039ad,86.3636%,6,38,44,34,2,4,4
0x66ede2,99.7692%,6,2594,2600,2548,0,6,46
0x5f62e9,92.1053%,6,70,76,36,4,2,34
0x63cc54,97.6654%,6,251,257,0,0,6,251
0x66b142,97.1154%,6,202,208,154,2,4,48
0x7a919a,62.5%,6,10,16,10,2,4,0
0x760b58,86.3636%,6,38,44,38,4,2,0
0x8c4357,99.7692%,6,2594,2600,2594,6,0,0
0x949fcc,25%,6,2,8,0,4,2,2
0x616df8,88.4615%,6,46,52,46,4,2,0
0x645b24,99.9423%,6,10394,10400,7796,4,2,2598
0x7bd584,85%,6,34,40,30,0,6,4
0x5f4cad,88.8889%,6,48,54,48,4,2,0
0x5985a0,94.2308%,6,98,104,98,2,4,0
0x5e8533,53.8462%,6,7,13,1,4,2,6
0x92c725,99.9423%,6,10394,10400,7798,2,4,2596
0x960b2f,99.8203%,6,3333,3339,3178,2,4,155
0x761d5e,95.4545%,6,126,132,68,5,1,58
0x7aa06d,94%,6,94,100,93,3,3,1
0x92bdb0,97%,6,194,200,95,5,1,99
0x64d424,25%,6,2,8,2,4,2,0
0x960bdf,99.8203%,6,3333,3339,3178,2,4,155
0x77467e,97.1154%,6,202,208,155,1,5,47
0x65848d,99.2674%,6,813,819,0,0,6,813
0x608afa,86.9565%,6,40,46,5,5,1,35
0x7b3392,97.1154%,6,202,208,154,2,4,48
0x929486,99.7279%,6,2199,2205,2099,1,5,100
0xa246dc,99.0923%,6,655,661,0,0,6,655
0x41cc01,90.625%,6,58,64,0,0,6,58
0x926a89,99.7788%,6,2707,2713,2707,6,0,0
0x926c1c,57.1429%,6,8,14,0,0,6,8
0x653403,97.1154%,6,202,208,155,1,5,47
0x5f4a5b,82.8571%,6,29,35,29,2,4,0
0x7728e3,88.4615%,6,46,52,0,0,6,46
0x653380,88.4615%,6,46,52,46,4,2,0
0x5f3f47,71.4286%,6,15,21,15,1,5,0
0x75fb8a,0%,6,0,6,0,4,2,0
0x928b70,96.2264%,6,153,159,153,6,0,0
0x774268,88.4615%,6,46,52,46,4,2,0
0x666132,88.4615%,6,46,52,46,4,2,0
0x681f12,97.1154%,6,202,208,103,1,5,99
0xa307f2,99.989%,6,54534,54540,0,0,6,54534
0x5ea2a4,94.2308%,6,98,104,94,2,4,4
0x6396b6,25%,6,2,8,2,4,2,0
0x599099,94.2308%,6,98,104,98,2,4,0
0x761618,93.1818%,6,82,88,68,5,1,14
0x9610a3,96.2264%,6,153,159,0,0,6,153
0x5ea412,53.8462%,6,7,13,7,1,5,0
0x66e332,25%,6,2,8,2,4,2,0
0x64aa42,98.5%,6,394,400,296,4,2,98
0x65a469,25%,6,2,8,2,4,2,0
0x667888,88.4615%,6,46,52,46,4,2,0
0x959fc5,88.4615%,6,46,52,46,4,2,0
0x63617d,97.3214%,6,218,224,192,0,6,26
0x67a085,25%,6,2,8,2,4,2,0
0x635cbe,25%,6,2,8,2,4,2,0
0x42ae8d,75%,6,18,24,15,1,5,3
0x75e1cf,0%,6,0,6,0,0,6,0
0x635bfe,25%,6,2,8,2,4,2,0
0x595831,85.7143%,6,36,42,0,4,2,36
0x640ae5,25%,6,2,8,2,4,2,0
0x64c85d,92.5%,6,74,80,74,4,2,0
0x4074f1,83.3333%,6,30,36,30,6,0,0
0x778155,97.1154%,6,202,208,199,1,5,3
0x65e5ac,99.9423%,6,10394,10400,7800,0,6,2594
0x66a482,97.1154%,6,202,208,154,2,4,48
0x669e98,88.4615%,6,46,52,46,4,2,0
0x64cef5,98.125%,6,314,320,1,3,3,313
0x661a63,25%,6,2,8,2,4,2,0
0x761dc2,0%,6,0,6,0,0,6,0
0x7a9666,98.3696%,6,362,368,0,4,2,362
0x5983e0,94.2308%,6,98,104,98,2,4,0
0x768770,50%,6,6,12,6,2,4,0
0x645962,88.4615%,6,46,52,46,4,2,0
0x66634f,88.4615%,6,46,52,46,4,2,0
0x64fc45,97.1154%,6,202,208,156,0,6,46
0x639ef8,25%,6,2,8,2,4,2,0
0x8a0e25,25%,6,2,8,2,4,2,0
0x5e889f,53.8462%,6,7,13,6,2,4,1
0x666902,88.8889%,6,48,54,48,4,2,0
0x8bf983,97.1154%,6,202,208,154,2,4,48
0x64cfa7,98.125%,6,314,320,240,0,6,74
0x63c395,94.3396%,6,100,106,1,5,1,99
0x66675f,97.2222%,6,210,216,161,1,5,49
0x66f923,89.2857%,6,50,56,40,2,4,10
0x75c643,98.1481%,6,318,324,291,3,3,27
0x665cec,94.2308%,6,98,104,52,0,6,46
0x666162,88.4615%,6,46,52,46,4,2,0
0x666113,88.4615%,6,46,52,0,0,6,46
0x666102,88.4615%,6,46,52,46,4,2,0
0x9f7dd7,25%,6,2,8,0,0,6,2
0x665aa3,88.4615%,6,46,52,0,0,6,46
0x648a2b,25%,6,2,8,2,4,2,0
0x5ed462,88.4615%,6,46,52,46,4,2,0
0x648987,25%,6,2,8,2,4,2,0
0x7cdf01,88.4615%,6,46,52,46,4,2,0
0x657f82,93.4066%,6,85,91,85,6,0,0
0x4031aa,76.9231%,6,20,26,16,4,2,4
0x66747a,97.1154%,6,202,208,156,0,6,46
0x763564,95.4545%,6,126,132,86,2,4,40
0x76fc06,14.2857%,6,1,7,1,3,3,0
0x650455,97.1154%,6,202,208,154,2,4,48
0x76595f,94.2308%,6,98,104,98,2,4,0
0x64cd65,98.125%,6,314,320,240,0,6,74
0x63a5e2,25%,6,2,8,2,4,2,0
0x7b1662,88.4615%,6,46,52,46,4,2,0
0x7b3433,88.4615%,6,46,52,46,4,2,0
0x76af62,0%,6,0,6,0,4,2,0
0x7a8f1b,93.75%,6,90,96,90,2,4,0
0x5fcc28,93.1818%,6,82,88,72,2,4,10
0x593966,99.2788%,6,826,832,800,0,6,26
0x92b0ba,94%,6,94,100,94,4,2,0
0x7e7bce,97.1154%,6,202,208,154,2,4,48
0x8c613b,99.9769%,6,25994,26000,12997,3,3,12997
0x63aec0,99%,6,594,600,587,1,5,7
0x757936,88.4615%,6,46,52,46,4,2,0
0xa76a6b,99.8174%,6,3280,3286,0,0,6,3280
0x77289b,97.1154%,6,202,208,156,0,6,46
0x404ab0,72.7273%,6,16,22,16,6,0,0
0x63b2aa,98.2143%,6,330,336,248,4,2,82
0x926af7,40%,6,4,10,0,0,6,4
0x64eda1,99.9595%,6,14818,14824,14149,3,3,669
0x648c17,25%,6,2,8,2,4,2,0
0x8c14b2,98.5%,6,394,400,104,6,0,290
0x634a4b,88.4615%,6,46,52,0,0,6,46
0x7725fe,88.4615%,6,46,52,46,4,2,0
0x687b9a,97.1154%,6,202,208,156,0,6,46
0x7cdc6c,88.4615%,6,46,52,46,4,2,0
0x6da487,25%,6,2,8,2,4,2,0
0x65084e,92.5%,6,74,80,74,4,2,0
0x6662b6,88.4615%,6,46,52,46,4,2,0
0x5f4b80,91.7808%,6,67,73,67,2,4,0
0x5e7f81,88.4615%,6,46,52,35,4,2,11
0x5f4697,96.9231%,6,189,195,0,5,1,189
0x663c75,88.4615%,6,46,52,46,4,2,0
0x75978b,97.1154%,6,202,208,154,2,4,48
0x64b91c,98.5%,6,394,400,131,6,0,263
0x655247,70%,6,14,20,14,6,0,0
0xa308ab,99.9193%,6,7430,7436,0,0,6,7430
0x637405,97.6654%,6,251,257,230,1,5,21
0x8c00a6,88.4615%,6,46,52,46,4,2,0
0x766322,50%,6,6,12,4,4,2,2
0x5da61e,97%,6,194,200,149,1,5,45
0x663a09,99.5%,6,1194,1200,1194,4,2,0
0x75f000,86.3636%,6,38,44,38,4,2,0
0x630f73,62.5%,6,10,16,10,4,2,0
0x63abf9,25%,6,2,8,2,4,2,0
0x8c165b,71.4286%,6,15,21,11,4,2,4
0x6088ca,96.5909%,6,170,176,130,2,4,40
0x66e6c2,98.125%,6,314,320,238,2,4,76
0x75d244,96.5909%,6,170,176,1,1,5,169
0x640029,25%,6,2,8,2,4,2,0
0x75f966,88.8889%,6,48,54,34,2,4,14
0xa0eed8,99.9193%,6,7430,7436,0,0,6,7430
0xa7980a,96.5318%,6,167,173,167,6,0,0
0x669da2,88.4615%,6,46,52,46,4,2,0
0x766c7b,98.0769%,6,306,312,207,1,5,99
0x5f3279,84.2105%,6,32,38,4,2,4,28
0x6529a6,99.8762%,6,4841,4847,4841,6,0,0
0x5f4d7d,88.8889%,6,48,54,48,4,2,0
0x767759,96.1538%,6,150,156,100,4,2,50
0x6398d6,25%,6,2,8,2,4,2,0
0x636171,99.3304%,6,890,896,672,0,6,218
0x631151,97.1154%,6,202,208,154,2,4,48
0x5997d9,81.25%,6,26,32,4,4,2,22
0x76603c,93.75%,6,90,96,90,2,4,0
0x6400f9,25%,6,2,8,2,4,2,0
0xa78410,99.4112%,6,1013,1019,1013,4,2,0
0x5f5ac3,94.4444%,6,102,108,102,2,4,0
0x5f2f12,94.2308%,6,98,104,46,6,0,52
0x8c185c,25%,6,2,8,2,4,2,0
0x9fa85e,96.8586%,6,185,191,185,6,0,0
0x63acab,25%,6,2,8,2,4,2,0
0x5f6139,97.8947%,6,279,285,209,0,6,70
0x641219,25%,6,2,8,2,4,2,0
0xa223c5,99.5842%,6,1437,1443,0,2,4,1437
0xa224d8,99.5842%,6,1437,1443,0,0,6,1437
0x762a49,86.3636%,6,38,44,4,2,4,34
0x7b449e,88.4615%,6,46,52,46,4,2,0
0x768348,94.2308%,6,98,104,98,2,4,0
0x77468a,88.4615%,6,46,52,46,4,2,0
0x630f51,62.5%,6,10,16,10,4,2,0
0x6312c1,97.1154%,6,202,208,152,4,2,50
0x630fcd,88.4615%,6,46,52,46,4,2,0
0x665b22,88.4615%,6,46,52,46,4,2,0
0x766570,93.75%,6,90,96,90,2,4,0
0x7b4233,97.1154%,6,202,208,154,2,4,48
0x9f7e72,25%,6,2,8,2,6,0,0
0x7afb83,88.4615%,6,46,52,0,0,6,46
0x75e876,85.7143%,6,36,42,36,4,2,0
0x5f5db6,60%,6,9,15,9,2,4,0
0x7621ec,86.3636%,6,38,44,0,0,6,38
0x5ea8ae,88.4615%,6,46,52,46,4,2,0
0x5f3dc0,94.2308%,6,98,104,98,1,5,0
0xa762b1,99.9354%,6,9276,9282,0,0,6,9276
0x64b410,25%,6,2,8,2,4,2,0
0x66f182,97.3214%,6,218,224,192,0,6,26
0x5fcbb4,93.1818%,6,82,88,72,2,4,10
0x5f4078,68.4211%,6,13,19,12,3,3,1
0x5f4b6d,98.2659%,6,340,346,273,0,6,67
0x8c5517,99.94%,6,9994,10000,7499,1,5,2495
0x66afb3,97.1154%,6,202,208,156,0,6,46
0x648a7d,25%,6,2,8,2,4,2,0
0x9277ee,93.4066%,6,85,91,83,6,0,2
0x640279,25%,6,2,8,2,4,2,0
0x6593b4,88.4615%,6,46,52,46,4,2,0
0x659162,97.1154%,6,202,208,154,2,4,48
0x63115d,88.4615%,6,46,52,46,4,2,0
0x67aa46,25%,6,2,8,2,4,2,0
0x63fc79,25%,6,2,8,2,4,2,0
0x6595d1,90.3846%,5,47,52,47,3,2,0
0x92a2a2,96.8553%,5,154,159,0,0,5,154
0x643e76,99.9519%,5,10395,10400,10395,5,0,0
0xa76a24,99.9765%,5,21273,21278,0,0,5,21273
0x598c66,68.75%,5,11,16,1,1,4,10
0x63e31b,37.5%,5,3,8,0,0,5,3
0x6416ce,37.5%,5,3,8,3,3,2,0
0x75d99c,16.6667%,5,1,6,1,3,2,0
0x640529,37.5%,5,3,8,3,3,2,0
0x7ccfd3,90.3846%,5,47,52,0,0,5,47
0x648d5f,91.0714%,5,51,56,41,1,4,10
0xa76a32,99.9765%,5,21273,21278,0,0,5,21273
0x76dfe3,88.0952%,5,37,42,37,3,2,0
0x669c32,88.0952%,5,37,42,37,5,0,0
0x618c23,99.9277%,5,6911,6916,0,0,5,6911
0x64ab02,98.75%,5,395,400,297,3,2,98
0x6366a6,99.8703%,5,3850,3855,0,0,5,3850
0x8c60db,99.9615%,5,12995,13000,0,0,5,12995
0x76d6e6,90.3846%,5,47,52,47,3,2,0
0x76e6aa,28.5714%,5,2,7,1,5,0,1
0x64592c,99.9519%,5,10395,10400,7799,1,4,2596
0x5fcabb,94.3182%,5,83,88,78,2,3,5
0x645af6,99.9519%,5,10395,10400,10395,5,0,0
0x66f092,98.7245%,5,387,392,292,2,3,95
0x95a23b,90.3846%,5,47,52,0,0,5,47
0x65d7e1,99.9519%,5,10395,10400,7800,0,5,2595
0x597d85,75%,5,15,20,14,4,1,1
0x402813,72.2222%,5,13,18,0,0,5,13
0x757818,90.3846%,5,47,52,47,3,2,0
0x659466,97.5962%,5,203,208,154,2,3,49
0x598c85,64.2857%,5,9,14,0,2,3,9
0x64dbee,93.75%,5,75,80,75,3,2,0
0x66b552,97.5962%,5,203,208,155,1,4,48
0x64349b,90.3846%,5,47,52,0,0,5,47
0x64b243,99.9519%,5,10395,10400,7797,3,2,2598
0x6412c9,37.5%,5,3,8,3,3,2,0
0x652482,99.939%,5,8198,8203,0,0,5,8198
0x7aa1e9,90.3846%,5,47,52,47,3,2,0
0x688848,90.3846%,5,47,52,47,3,2,0
0x649e83,95%,5,95,100,0,0,5,95
0x76d666,90.3846%,5,47,52,47,3,2,0
0x76d5ae,90.3846%,5,47,52,47,3,2,0
0x7b1773,90.3846%,5,47,52,47,3,2,0
0x9ff19f,83.3333%,5,25,30,7,3,2,18
0x67a045,37.5%,5,3,8,3,3,2,0
0x8c4f88,95%,5,95,100,0,0,5,95
0x64afd2,90.3846%,5,47,52,47,3,2,0
0x61699c,90.3846%,5,47,52,47,3,2,0
0x658a2a,94.5055%,5,86,91,86,3,2,0
0x64a985,95%,5,95,100,0,0,5,95
0x63ca0f,98.0545%,5,252,257,0,2,3,252
0x7af857,90.3846%,5,47,52,47,3,2,0
0x5983f2,84.375%,5,27,32,25,3,2,2
0x773bb1,90.3846%,5,47,52,47,3,2,0
0x927295,44.4444%,5,4,9,4,5,0,0
0x7b3472,97.5962%,5,203,208,154,2,3,49
0x766a99,58.3333%,5,7,12,5,3,2,2
0x67a54e,37.5%,5,3,8,3,3,2,0
0x636d76,98.0545%,5,252,257,0,0,5,252
0x76d746,90.3846%,5,47,52,47,3,2,0
0x5e6e28,97.5%,5,195,200,150,0,5,45
0x66a6c2,97.5962%,5,203,208,155,1,4,48
0x7cc719,90.3846%,5,47,52,47,3,2,0
0x67a1c4,37.5%,5,3,8,3,3,2,0
0x926bed,99.8305%,5,2945,2950,2945,5,0,0
0xa77e4e,99.4152%,5,850,855,0,0,5,850
0x76d614,90.3846%,5,47,52,47,3,2,0
0x63a054,98.75%,5,395,400,395,3,2,0
0x5ac65a,99.3261%,5,737,742,737,5,0,0
0x7a97e1,98.75%,5,395,400,0,0,5,395
0xa308a5,99.9328%,5,7431,7436,0,0,5,7431
0x5e61e8,37.5%,5,3,8,3,3,2,0
0x63ad99,37.5%,5,3,8,3,3,2,0
0x64b941,98.75%,5,395,400,137,2,3,258
0x645293,99.8077%,5,2595,2600,0,0,5,2595
0x7cc09e,90.3846%,5,47,52,47,5,0,0
0x631443,90.3846%,5,47,52,47,3,2,0
0x67a0bd,37.5%,5,3,8,3,5,0,0
0x95a779,90.3846%,5,47,52,47,3,2,0
0x762147,88.6364%,5,39,44,39,3,2,0
0x614a94,99.9277%,5,6911,6916,0,0,5,6911
0x65129c,99.8958%,5,4795,4800,4795,5,0,0
0x6338c1,99.8958%,5,4795,4800,3598,2,3,1197
0x63a9f3,98.75%,5,395,400,395,3,2,0
0x959fb9,97.5962%,5,203,208,155,1,4,48
0x7edc9e,90.3846%,5,47,52,47,3,2,0
0x663755,93.75%,5,75,80,75,3,2,0
0x63ad55,37.5%,5,3,8,3,3,2,0
0x7aa121,90.7407%,5,49,54,49,3,2,0
0x65a94c,37.5%,5,3,8,3,5,0,0
0x5e6b57,90%,5,45,50,45,3,2,0
0x687e22,90.3846%,5,47,52,47,3,2,0
0x64d05d,37.5%,5,3,8,3,3,2,0
0x644dc4,97.5962%,5,203,208,152,4,1,51
0x65a74d,93.75%,5,75,80,75,3,2,0
0x757ba6,90.7407%,5,49,54,49,3,2,0
0x7b1454,90.3846%,5,47,52,47,3,2,0
0x6410a9,37.5%,5,3,8,2,4,1,1
0x63ad05,37.5%,5,3,8,3,3,2,0
0x5e9f4f,95.1923%,5,99,104,99,1,4,0
0x67a977,37.5%,5,3,8,0,0,5,3
0x617047,97.5962%,5,203,208,155,1,4,48
0x7b32a1,90.3846%,5,47,52,47,3,2,0
0x8c5d0d,99.8%,5,2495,2500,2495,5,0,0
0x633f07,93.75%,5,75,80,0,0,5,75
0x648935,37.5%,5,3,8,3,3,2,0
0x757866,90.3846%,5,47,52,47,3,2,0
0x7e84a3,90.3846%,5,47,52,47,3,2,0
0x65142c,84.375%,5,27,32,23,1,4,4
0xa30863,99.9698%,5,16574,16579,0,0,5,16574
0xa79047,99.6296%,5,1345,1350,0,0,5,1345
0x66f953,91.0714%,5,51,56,41,1,4,10
0x757996,90.3846%,5,47,52,47,3,2,0
0x63bc71,37.5%,5,3,8,0,0,5,3
0x9f99ff,68.75%,5,11,16,0,4,1,11
0x5da79e,90.3846%,5,47,52,47,3,2,0
0x5f1149,95.3704%,5,103,108,50,4,1,53
0x7e733d,90.3846%,5,47,52,47,5,0,0
0x9e16d7,94.7917%,5,91,96,91,5,0,0
0x667bd6,90.3846%,5,47,52,47,3,2,0
0x65a3bd,64.2857%,5,9,14,9,3,2,0
0x9274f0,90%,5,45,50,0,0,5,45
0x8c0c25,99.8%,5,2495,2500,0,0,5,2495
0xa90dbd,97.7477%,5,217,222,217,1,4,0
0x635b9e,37.5%,5,3,8,2,4,1,1
0x4a2e1a,16.6667%,5,1,6,1,5,0,0
0x6445cc,99.9519%,5,10395,10400,7799,1,4,2596
0x7e8220,90.3846%,5,47,52,47,3,2,0
0x7b3482,90.3846%,5,47,52,47,3,2,0
0x63106d,90.3846%,5,47,52,47,3,2,0
0x7cd092,90.3846%,5,47,52,47,3,2,0
0x631061,97.5962%,5,203,208,153,3,2,50
0x6f4ae7,90.3846%,5,47,52,47,3,2,0
0x5e97d8,90.7407%,5,49,54,49,3,2,0
0x5958b3,88.0952%,5,37,42,37,5,0,0
0x644aaf,90.3846%,5,47,52,47,3,2,0
0x595958,88.0952%,5,37,42,37,5,0,0
0x6f4d1a,97.5962%,5,203,208,155,1,4,48
0x59596a,88.0952%,5,37,42,37,5,0,0
0x59597c,88.0952%,5,37,42,37,5,0,0
0x9f7ce2,99.7563%,5,2047,2052,0,0,5,2047
0x63101d,90.3846%,5,47,52,47,3,2,0
0x7afc91,90.3846%,5,47,52,47,5,0,0
0x64d00d,37.5%,5,3,8,3,3,2,0
0x63134b,90.3846%,5,47,52,47,3,2,0
0x75af86,99.3234%,5,734,739,734,5,0,0
0x5f2ceb,90.7407%,5,49,54,49,3,2,0
0x65b638,90.3846%,5,47,52,47,3,2,0
0x8c1506,98.2759%,5,285,290,31,2,3,254
0x640719,37.5%,5,3,8,2,4,1,1
0x760db7,96.0317%,5,121,126,68,5,0,53
0x634391,99.9519%,5,10395,10400,7800,0,5,2595
0x76ccdb,88.6364%,5,39,44,39,3,2,0
0x7aa2fd,37.5%,5,3,8,3,3,2,0
0x77347f,90.3846%,5,47,52,47,3,2,0
0x5e62f2,90%,5,45,50,0,0,5,45
0x65e193,99.9519%,5,10395,10400,10395,5,0,0
0x8c1535,95%,5,95,100,0,0,5,95
0x632d47,99.9786%,5,23395,23400,0,0,5,23395
0x767c7e,37.5%,5,3,8,2,2,3,1
0x404a90,77.2727%,5,17,22,2,4,1,15
0x631851,97.5962%,5,203,208,153,3,2,50
0x6593a6,97.5962%,5,203,208,155,1,4,48
0x4023a2,77.2727%,5,17,22,17,5,0,0
0x640dc9,37.5%,5,3,8,3,3,2,0
0x4030cc,80.7692%,5,21,26,3,3,2,18
0x66f15c,97.7679%,5,219,224,0,0,5,219
0x67a6ab,99.5833%,5,1195,1200,1195,3,2,0
0x6417b4,37.5%,5,3,8,3,3,2,0
0x92a51a,98.6301%,5,360,365,354,3,2,6
0x8c0f01,98.75%,5,395,400,299,1,4,96
0x8c10cd,95%,5,95,100,95,3,2,0
0x9f99d4,99.1182%,5,562,567,254,1,4,308
0x64335b,90.3846%,5,47,52,47,3,2,0
0x67a001,37.5%,5,3,8,3,3,2,0
0x64beb5,99.9688%,5,15995,16000,15995,5,0,0
0x5ea392,61.5385%,5,8,13,8,3,2,0
0x685b2b,37.5%,5,3,8,3,3,2,0
0x75e074,64.2857%,5,9,14,9,3,2,0
0x663d89,99.8077%,5,2595,2600,2595,3,2,0
0x762462,86.8421%,5,33,38,0,0,5,33
0x5e75af,37.5%,5,3,8,3,3,2,0
0x9e0d26,94.5652%,5,87,92,0,0,5,87
0x6597d2,97.5962%,5,203,208,155,1,4,48
0x659a63,99.9519%,5,10395,10400,7799,1,4,2596
0x618b30,99.9277%,5,6911,6916,0,0,5,6911
0x590b6e,84.375%,5,27,32,0,0,5,27
0x590b5d,84.375%,5,27,32,0,0,5,27
0x762356,88.6364%,5,39,44,5,1,4,34
0x590a6c,84.375%,5,27,32,21,3,2,6
0xa2237a,99.9756%,5,20453,20458,0,0,5,20453
0x757a26,90.3846%,5,47,52,47,3,2,0
0x76290f,86.8421%,5,33,38,8,4,1,25
0x7b3051,90.3846%,5,47,52,47,3,2,0
0x641cef,97.5962%,5,203,208,155,1,4,48
0x64f1e0,99.9847%,5,32635,32640,0,0,5,32635
0x5e6f7b,90.7407%,5,49,54,0,0,5,49
0x769876,90.9091%,5,50,55,1,3,2,49
0x926db2,68.75%,5,11,16,8,0,5,3
0xa246e2,99.2436%,5,656,661,0,0,5,656
0x603708,68.75%,5,11,16,11,3,2,0
0x66a8b0,90.3846%,5,47,52,47,3,2,0
0x63521e,93.75%,5,75,80,75,3,2,0
0x773a7d,90.3846%,5,47,52,47,3,2,0
0x66b2d2,90.3846%,5,47,52,47,3,2,0
0x8bfbbd,95%,5,95,100,0,0,5,95
0x5982ec,95.1923%,5,99,104,0,0,5,99
0x66b622,90.3846%,5,47,52,47,3,2,0
0x5da641,90%,5,45,50,45,3,2,0
0x66b7a2,90.3846%,5,47,52,47,3,2,0
0x5da781,97.5962%,5,203,208,156,0,5,47
0x761f83,16.6667%,5,1,6,1,3,2,0
0x8bfcab,95%,5,95,100,95,3,2,0
0x404aa0,77.2727%,5,17,22,2,4,1,15
0x595927,88.0952%,5,37,42,37,5,0,0
0x5e63ae,95%,5,95,100,50,0,5,45
0x633221,99.9519%,5,10395,10400,7795,5,0,2600
0x5e68de,97.5%,5,195,200,147,3,2,48
0x64d5b3,37.5%,5,3,8,3,3,2,0
0x42ae7d,79.1667%,5,19,24,0,0,5,19
0x6595c2,97.5962%,5,203,208,155,1,4,48
0x5f47de,87.1795%,5,34,39,34,5,0,0
0x762e9f,88.0952%,5,37,42,0,0,5,37
0x67b085,37.5%,5,3,8,3,3,2,0
0x5e8ef3,61.5385%,5,8,13,1,4,1,7
0x5ed5e2,90.3846%,5,47,52,47,3,2,0
0x5f3fae,68.75%,5,11,16,0,0,5,11
0x9e0cf0,85.2941%,5,29,34,27,3,2,2
0x631599,72.2222%,5,13,18,13,3,2,0
0x631405,90.3846%,5,47,52,47,3,2,0
0x8c460a,99.8077%,5,2595,2600,0,0,5,2595
0x765c28,98.3974%,5,307,312,206,2,3,101
0x59586a,88.0952%,5,37,42,36,4,1,1
0x5f39e0,91.6667%,5,55,60,25,5,0,30
0x6313c7,90.3846%,5,47,52,47,3,2,0
0x929567,96%,5,120,125,120,5,0,0
0x6313bb,97.5962%,5,203,208,156,0,5,47
0x631781,99.7329%,5,1867,1872,1399,5,0,468
0x687d14,90.3846%,5,47,52,0,0,5,47
0x66a533,97.5962%,5,203,208,156,0,5,47
0x634ae9,90.3846%,5,47,52,47,3,2,0
0x64441d,99.9519%,5,10395,10400,7796,4,1,2599
0x8c729f,72.2222%,5,13,18,13,3,2,0
0x7b3965,90.3846%,5,47,52,47,3,2,0
0x5ed051,90.3846%,5,47,52,47,3,2,0
0x63185d,90.3846%,5,47,52,47,3,2,0
0x6662e6,90.3846%,5,47,52,47,3,2,0
0x5f4ecc,66.6667%,5,10,15,10,1,4,0
0x5f4e64,66.6667%,5,10,15,10,1,4,0
0x7d06a7,90.3846%,5,47,52,47,3,2,0
0x5ea1be,90.3846%,5,47,52,47,3,2,0
0x6361ae,37.5%,5,3,8,3,3,2,0
0x65e1ad,99.9519%,5,10395,10400,7800,0,5,2595
0x659681,90.3846%,5,47,52,47,3,2,0
0x6537b2,97.5962%,5,203,208,156,0,5,47
0xa0efef,99.8716%,5,3889,3894,0,0,5,3889
0x66e612,98.4375%,5,315,320,236,4,1,79
0x769250,58.3333%,5,7,12,6,4,1,1
0xa38b82,87.5%,5,35,40,35,5,0,0
0x665fb5,90.3846%,5,47,52,47,3,2,0
0x7b0d54,90.3846%,5,47,52,0,0,5,47
0x6211c7,86.8421%,5,33,38,33,5,0,0
0x5e7388,37.5%,5,3,8,3,3,2,0
0x6f5219,97.5962%,5,203,208,156,0,5,47
0x95a85c,90.3846%,5,47,52,47,3,2,0
0x665ac2,90.3846%,5,47,52,47,3,2,0
0x6675f1,90.3846%,5,47,52,47,3,2,0
0x7616b1,16.6667%,5,1,6,1,3,2,0
0x656327,99.963%,5,13510,13515,0,0,5,13510
0x614bbe,99.9277%,5,6911,6916,0,0,5,6911
0x641cff,90.3846%,5,47,52,47,3,2,0
0x95a76a,97.5962%,5,203,208,156,0,5,47
0x665a63,90.3846%,5,47,52,0,0,5,47
0xa0f95a,98.5119%,5,331,336,158,2,3,173
0x7cf0dc,90.3846%,5,47,52,47,3,2,0
0x6678b3,90.3846%,5,47,52,0,0,5,47
0x4031e3,80.7692%,5,21,26,21,5,0,0
0x66e2d2,37.5%,5,3,8,3,3,2,0
0x663b59,99.8077%,5,2595,2600,2595,3,2,0
0x65136c,98.4375%,5,315,320,315,1,4,0
0x762bda,88.6364%,5,39,44,5,1,4,34
0x960c6d,96.8553%,5,154,159,153,4,1,1
0x8c5943,99.9615%,5,12995,13000,12995,5,0,0
0x66679f,90.7407%,5,49,54,49,3,2,0
0x666ef7,97.5962%,5,203,208,200,0,5,3
0x6663e6,90.3846%,5,47,52,47,3,2,0
0x66754a,97.5962%,5,203,208,155,1,4,48
0x7a8e09,95%,5,95,100,95,1,4,0
0xa2412b,99.9793%,5,24201,24206,0,0,5,24201
0x67a1a8,37.5%,5,3,8,0,0,5,3
0x641be8,90.3846%,5,47,52,0,0,5,47
0x64baa4,93.75%,5,75,80,75,3,2,0
0x774ac2,90.3846%,5,47,52,0,0,5,47
0x593d2e,97.5962%,5,203,208,200,0,5,3
0x429e1d,91.0714%,5,51,56,48,0,5,3
0x62336d,98.0769%,5,255,260,0,0,5,255
0x960c2b,96.8553%,5,154,159,0,0,5,154
0x7b33a2,90.3846%,5,47,52,47,3,2,0
0x66af33,90.3846%,5,47,52,47,3,2,0
0x66730b,90.3846%,5,47,52,0,0,5,47
0x66e1d2,37.5%,5,3,8,3,3,2,0
0x686f8a,95.1923%,5,99,104,99,1,4,0
0x597e4c,37.5%,5,3,8,3,3,2,0
0x7e7c8d,97.5962%,5,203,208,151,5,0,52
0x929798,96%,5,120,125,120,5,0,0
0x9610bd,96.8553%,5,154,159,0,0,5,154
0x655488,99.963%,5,13510,13515,0,0,5,13510
0x76fc56,87.5%,5,35,40,35,3,2,0
0x66a543,90.3846%,5,47,52,47,3,2,0
0x603ed2,88.6364%,5,39,44,26,4,1,13
0x76fdd0,95.1923%,5,99,104,99,1,4,0
0x6551d2,93.75%,5,75,80,58,2,3,17
0x66a79c,90.3846%,5,47,52,0,0,5,47
0x669d42,90.3846%,5,47,52,47,3,2,0
0x6037e1,88.6364%,5,39,44,0,0,5,39
0x6476a2,95%,5,95,100,95,3,2,0
0x631481,90.3846%,5,47,52,47,3,2,0
0x66fc6c,97.5962%,5,203,208,0,0,5,203
0x6639d6,93.75%,5,75,80,75,3,2,0
0x7689b7,94.7917%,5,91,96,91,1,4,0
0x640859,37.5%,5,3,8,3,3,2,0
0x6e6b6e,90.3846%,5,47,52,47,3,2,0
0xa0f621,85.2941%,5,29,34,0,0,5,29
0x63a472,37.5%,5,3,8,3,3,2,0
0x9274e3,90%,5,45,50,0,0,5,45
0xa79f13,99.9927%,5,68778,68783,0,0,5,68778
0x66b792,97.5962%,5,203,208,155,1,4,48
0x7b4493,97.5962%,5,203,208,155,1,4,48
0x760b1c,96.2121%,5,127,132,38,4,1,89
0x6395a0,95%,5,95,100,95,3,2,0
0x7780a3,99.399%,5,827,832,827,5,0,0
0x657a6c,90.3846%,5,47,52,47,3,2,0
0x6676df,97.5962%,5,203,208,155,1,4,48
0x76ca89,16.6667%,5,1,6,1,3,2,0
0x66a602,97.5962%,5,203,208,156,0,5,47
0x641dbb,90.3846%,5,47,52,47,3,2,0
0x9f7d17,99.7551%,5,2037,2042,2037,5,0,0
0x7d0716,90.3846%,5,47,52,47,3,2,0
0x667a56,97.5962%,5,203,208,156,0,5,47
0x8a7a8d,75%,5,15,20,0,0,5,15
0x7d0617,90.3846%,5,47,52,0,0,5,47
0x639dd3,37.5%,5,3,8,3,3,2,0
0x6415dc,37.5%,5,3,8,3,3,2,0
0x75c268,96.988%,5,161,166,10,1,4,151
0x76951b,37.5%,5,3,8,3,1,4,0
0x65b6b8,90.3846%,5,47,52,47,3,2,0
0x762c09,86.8421%,5,33,38,1,5,0,32
0x67a4eb,99.6667%,4,1196,1200,1196,2,2,0
0x639c46,96%,4,96,100,96,2,2,0
0x75d624,50%,4,4,8,4,2,2,0
0x8c32ac,96%,4,96,100,96,4,0,0
0x757b16,92.3077%,4,48,52,48,2,2,0
0x643ee5,92.3077%,4,48,52,48,2,2,0
0xa30855,99.9762%,4,16783,16787,16783,4,0,0
0x8c0514,50%,4,4,8,4,2,2,0
0x7cf1d2,92.3077%,4,48,52,48,2,2,0
0x5f2cb3,92.5926%,4,50,54,0,0,4,50
0x64631f,92.3077%,4,48,52,48,2,2,0
0x63696b,98.4436%,4,253,257,0,0,4,253
0x6350e5,92.3077%,4,48,52,48,2,2,0
0x64c543,95%,4,76,80,0,0,4,76
0x66abbc,92.3077%,4,48,52,0,0,4,48
0xa90f18,97.9381%,4,190,194,190,4,0,0
0x681bcf,92.3077%,4,48,52,48,4,0,0
0x6507e8,95%,4,76,80,0,0,4,76
0x926d9c,75%,4,12,16,12,1,3,0
0x634a89,92.3077%,4,48,52,48,2,2,0
0x64af22,92.3077%,4,48,52,48,2,2,0
0x65ab5c,87.5%,4,28,32,28,2,2,0
0x7aa155,92.3077%,4,48,52,48,2,2,0
0x5f3aff,0%,4,0,4,0,2,2,0
0x66af0c,92.3077%,4,48,52,0,0,4,48
0x66b202,98.0769%,4,204,208,154,2,2,50
0x7b2432,92.3077%,4,48,52,48,2,2,0
0x762a6c,89.4737%,4,34,38,2,4,0,32
0x75f5fe,33.3333%,4,2,6,2,2,2,0
0x76bb9b,90.4762%,4,38,42,0,0,4,38
0x654552,99.9531%,4,8517,8521,8517,4,0,0
0x66afc3,92.3077%,4,48,52,48,2,2,0
0x66b082,98.0769%,4,204,208,154,2,2,50
0x7e7c99,92.3077%,4,48,52,48,2,2,0
0x8c738d,99.2%,4,496,500,496,2,2,0
0x8c3616,96%,4,96,100,96,4,0,0
0x92d59b,92.3077%,4,48,52,48,2,2,0
0x640489,50%,4,4,8,4,2,2,0
0x66e8f3,96%,4,96,100,96,2,2,0
0x669c9b,92.3077%,4,48,52,48,2,2,0
0x685aed,50%,4,4,8,0,4,0,4
0x7731fd,92.3077%,4,48,52,0,0,4,48
0x64152c,50%,4,4,8,3,3,1,1
0x669bd8,92.3077%,4,48,52,0,0,4,48
0x7633cc,90.4762%,4,38,42,38,2,2,0
0x667b86,92.3077%,4,48,52,48,2,2,0
0x75ed57,90.9091%,4,40,44,40,4,0,0
0x65239e,99.9512%,4,8199,8203,8199,4,0,0
0xa3098b,99.9462%,4,7432,7436,7432,4,0,0
0x66b6e2,92.3077%,4,48,52,48,2,2,0
0x590c01,50%,4,4,8,4,4,0,0
0x667a08,92.3077%,4,48,52,48,2,2,0
0x6443f6,99.9615%,4,10396,10400,10396,4,0,0
0x63110d,92.3077%,4,48,52,48,2,2,0
0x649123,71.4286%,4,10,14,10,2,2,0
0x7e8467,92.3077%,4,48,52,48,2,2,0
0x66385e,87.5%,4,28,32,28,2,2,0
0x63cf02,50%,4,4,8,0,0,4,4
0x63fe59,50%,4,4,8,4,2,2,0
0x763464,92.3077%,4,48,52,48,2,2,0
0x5f3a76,86.6667%,4,26,30,26,2,2,0
0x63fbd9,50%,4,4,8,4,2,2,0
0x66eb12,50%,4,4,8,4,2,2,0
0x76b8be,90.9091%,4,40,44,40,2,2,0
0x7e8193,92.3077%,4,48,52,0,0,4,48
0x64df65,96%,4,96,100,96,2,2,0
0x8c1283,50%,4,4,8,4,4,0,0
0x959e05,92.3077%,4,48,52,48,2,2,0
0x65aa41,98.9796%,4,388,392,294,0,4,94
0x632459,90%,4,36,40,36,2,2,0
0x41cc0f,93.75%,4,60,64,60,4,0,0
0x67a8b0,50%,4,4,8,4,4,0,0
0x5958c5,90.4762%,4,38,42,38,4,0,0
0x669e43,92.3077%,4,48,52,0,0,4,48
0xa79792,95.122%,4,78,82,78,4,0,0
0x6d926f,97.7778%,4,176,180,176,4,0,0
0x645b5d,92.3077%,4,48,52,48,2,2,0
0x66755f,92.3077%,4,48,52,48,2,2,0
0x6405c9,50%,4,4,8,4,2,2,0
0x6673b9,92.3077%,4,48,52,48,2,2,0
0x63a17a,50%,4,4,8,4,2,2,0
0x7a90aa,75%,4,12,16,0,2,2,12
0x593dec,98.0769%,4,204,208,0,0,4,204
0x6313f9,98.0769%,4,204,208,156,0,4,48
0x598d19,92.3077%,4,48,52,48,2,2,0
0x64da53,95%,4,76,80,0,0,4,76
0x667200,92.3077%,4,48,52,0,0,4,48
0x6314b0,98.0769%,4,204,208,155,1,3,49
0x649c92,98.0769%,4,204,208,155,1,3,49
0x666f0e,50%,4,4,8,4,2,2,0
0x9fb719,98.4556%,4,255,259,255,4,0,0
0xa31b96,99.9852%,4,27026,27030,0,0,4,27026
0x65564f,99.9852%,4,27026,27030,13515,0,4,13511
0x5fca4b,95.4545%,4,84,88,80,0,4,4
0x6312ac,92.3077%,4,48,52,0,0,4,48
0x75ccb5,92.3077%,4,48,52,48,2,2,0
0x6676f8,92.3077%,4,48,52,48,2,2,0
0x64d89e,33.3333%,4,2,6,2,2,2,0
0x631241,98.0769%,4,204,208,156,0,4,48
0x64b132,92.3077%,4,48,52,48,2,2,0
0x7b0d16,92.3077%,4,48,52,0,0,4,48
0x63124d,92.3077%,4,48,52,48,2,2,0
0x9ff013,99.7253%,4,1452,1456,0,0,4,1452
0x61805f,99.8988%,4,3948,3952,0,0,4,3948
0x6675c9,92.3077%,4,48,52,48,2,2,0
0x9fef88,50%,4,4,8,2,2,2,2
0x6312cd,92.3077%,4,48,52,48,2,2,0
0x631301,98.0769%,4,204,208,152,4,0,52
0x7b0393,92.3077%,4,48,52,0,0,4,48
0x6486fe,50%,4,4,8,4,2,2,0
0x667599,92.3077%,4,48,52,48,2,2,0
0x772903,92.3077%,4,48,52,0,0,4,48
0x8c1678,33.3333%,4,2,6,2,3,1,0
0x66a991,98.0769%,4,204,208,156,0,4,48
0xa3087e,99.9462%,4,7432,7436,0,0,4,7432
0xa0ee56,99.9939%,4,65752,65756,0,0,4,65752
0x4a223a,0%,4,0,4,0,4,0,0
0x656ae3,89.4737%,4,34,38,34,2,2,0
0x653b8d,92.3077%,4,48,52,48,2,2,0
0x603bbf,90.9091%,4,40,44,35,1,3,5
0x616fba,98.0769%,4,204,208,156,0,4,48
0x7a9b87,99%,4,396,400,396,4,0,0
0x42a4cd,83.3333%,4,20,24,15,1,3,5
0x6461ef,92.3077%,4,48,52,48,2,2,0
0x64c3a3,99%,4,396,400,0,0,4,396
0x5f4438,81.8182%,4,18,22,16,0,4,2
0x598eed,71.4286%,4,10,14,0,2,2,10
0x65781c,92.3077%,4,48,52,48,2,2,0
0x7d0636,92.3077%,4,48,52,48,2,2,0
0x7d06f7,92.3077%,4,48,52,0,0,4,48
0x6397c6,50%,4,4,8,4,2,2,0
0x657d35,98.0769%,4,204,208,156,0,4,48
0x657d44,92.3077%,4,48,52,48,2,2,0
0x95a532,98.0769%,4,204,208,156,0,4,48
0x64520d,92.3077%,4,48,52,48,4,0,0
0x64a7dc,96%,4,96,100,96,4,0,0
0x95a632,92.3077%,4,48,52,48,2,2,0
0x949f74,50%,4,4,8,4,4,0,0
0x619f2c,81.8182%,4,18,22,18,2,2,0
0x64705f,92.3077%,4,48,52,0,0,4,48
0x653b82,98.0769%,4,204,208,156,0,4,48
0x7aa472,92%,4,46,50,46,2,2,0
0x65ca84,50%,4,4,8,4,2,2,0
0x6464df,92.3077%,4,48,52,48,2,2,0
0x65cd13,92.3077%,4,48,52,0,0,4,48
0x616f46,92.3077%,4,48,52,48,2,2,0
0xa31cc4,99.9624%,4,10621,10625,0,0,4,10621
0x8a5248,50%,4,4,8,4,2,2,0
0x5a8e6c,99.5434%,4,872,876,0,0,4,872
0x777f84,98.0769%,4,204,208,0,0,4,204
0x596e52,99.359%,4,620,624,468,0,4,152
0x6386d6,98.4436%,4,253,257,0,0,4,253
0x404a85,81.8182%,4,18,22,4,2,2,14
0x65ece9,99.8462%,4,2596,2600,0,0,4,2596
0x8c3c3a,99.2%,4,496,500,496,4,0,0
0x7aad3d,92.3077%,4,48,52,48,2,2,0
0x657d1c,92.3077%,4,48,52,0,0,4,48
0x65fbd2,97.7011%,4,170,174,170,4,0,0
0x760c6d,33.3333%,4,2,6,2,2,2,0
0x603ab8,90.9091%,4,40,44,35,1,3,5
0x6f4a9f,92.3077%,4,48,52,0,0,4,48
0x631535,92.3077%,4,48,52,48,2,2,0
0x7af5cc,92.3077%,4,48,52,48,2,2,0
0x64d1a3,50%,4,4,8,0,0,4,4
0x65adac,50%,4,4,8,4,4,0,0
0xa43d93,99.9624%,4,10621,10625,10621,4,0,0
0x75e297,33.3333%,4,2,6,2,2,2,0
0x64555a,92.3077%,4,48,52,48,2,2,0
0xa31c59,99.9624%,4,10621,10625,10621,4,0,0
0x77298e,92.3077%,4,48,52,48,2,2,0
0x76aeeb,33.3333%,4,2,6,2,2,2,0
0x75ccca,92.3077%,4,48,52,0,0,4,48
0x6394b4,99%,4,396,400,396,2,2,0
0x9f7d0a,99.8041%,4,2038,2042,0,0,4,2038
0xa243fb,99.9835%,4,24202,24206,0,0,4,24202
0x75cead,80%,4,16,20,8,3,1,8
0x92c7df,99.9231%,4,5196,5200,2599,1,3,2597
0x7a8c26,96.1538%,4,100,104,0,0,4,100
0x6440b0,92.3077%,4,48,52,48,2,2,0
0x8a84b3,80%,4,16,20,0,0,4,16
0xa0f65c,88.2353%,4,30,34,30,4,0,0
0x5f2376,92.3077%,4,48,52,48,2,2,0
0x75c81b,90.9091%,4,40,44,40,2,2,0
0x7622d3,90.9091%,4,40,44,0,0,4,40
0x75d764,50%,4,4,8,4,2,2,0
0x757906,92.3077%,4,48,52,48,2,2,0
0x617eff,99.8988%,4,3948,3952,0,0,4,3948
0x95a824,92.3077%,4,48,52,48,2,2,0
0x778cc3,98%,4,196,200,0,0,4,196
0x6537c0,92.3077%,4,48,52,48,2,2,0
0x640ff9,50%,4,4,8,4,2,2,0
0x617d74,99.8988%,4,3948,3952,0,0,4,3948
0x75fc7f,92.3077%,4,48,52,48,2,2,0
0x75fc28,92.3077%,4,48,52,0,0,4,48
0x928676,97.4843%,4,155,159,155,4,0,0
0x92895b,97.4843%,4,155,159,0,0,4,155
0x928a02,97.4843%,4,155,159,0,0,4,155
0x7bd5bf,60%,4,6,10,6,4,0,0
0xa22637,99.6779%,4,1238,1242,31,3,1,1207
0x66733f,92.3077%,4,48,52,48,2,2,0
0x9295ae,96.8%,4,121,125,0,0,4,121
0x7e67ad,92.3077%,4,48,52,48,2,2,0
0x7a9d2d,0%,4,0,4,0,0,4,0
0x596e8a,97.5309%,4,158,162,0,0,4,158
0x7afe77,92.3077%,4,48,52,48,2,2,0
0x7e8110,92.3077%,4,48,52,48,2,2,0
0x64d646,50%,4,4,8,4,2,2,0
0x64c7ba,95%,4,76,80,76,2,2,0
0x769e15,92.3077%,4,48,52,48,2,2,0
0x766454,96%,4,96,100,96,0,4,0
0x635b51,98.9796%,4,388,392,290,4,0,98
0xa0edb8,99.9578%,4,9470,9474,0,0,4,9470
0x634b5d,60%,4,6,10,6,2,2,0
0x63bd6c,50%,4,4,8,0,0,4,4
0x76506f,0%,4,0,4,0,2,2,0
0x5eca81,92.3077%,4,48,52,48,2,2,0
0x67b3d4,50%,4,4,8,4,2,2,0
0x761c01,55.5556%,4,5,9,2,2,2,3
0x8c418e,96%,4,96,100,96,4,0,0
0x761b0c,33.3333%,4,2,6,2,2,2,0
0x5ed1bb,92.3077%,4,48,52,48,4,0,0
0x7aa8d3,92.3077%,4,48,52,48,4,0,0
0x8c54fc,99.84%,4,2496,2500,0,0,4,2496
0x949cc9,50%,4,4,8,4,2,2,0
0x614c6d,99.9422%,4,6912,6916,0,0,4,6912
0x5f0615,0%,4,0,4,0,2,2,0
0x636189,87.5%,4,28,32,28,2,2,0
0x6361ce,50%,4,4,8,4,2,2,0
0x41cbd1,93.75%,4,60,64,0,0,4,60
0x67a268,50%,4,4,8,0,0,4,4
0x41cbdf,93.75%,4,60,64,60,4,0,0
0x64a0d2,99.9615%,4,10396,10400,7800,0,4,2596
0x5ea7a7,92.3077%,4,48,52,48,2,2,0
0x7cdad0,92.3077%,4,48,52,48,2,2,0
0x63be84,50%,4,4,8,0,0,4,4
0x598e19,96.1538%,4,100,104,100,0,4,0
0x9fb4e8,98.4674%,4,257,261,2,2,2,255
0xa7a63e,99.2278%,4,514,518,0,0,4,514
0x75f8b1,33.3333%,4,2,6,2,2,2,0
0x5ea161,92.3077%,4,48,52,48,4,0,0
0x6445fb,92.3077%,4,48,52,48,2,2,0
0x633208,99.8462%,4,2596,2600,0,0,4,2596
0x75c645,86.6667%,4,26,30,0,0,4,26
0x7d0813,92.3077%,4,48,52,48,2,2,0
0x778fa7,99.0385%,4,412,416,208,0,4,204
0x42a9fa,71.4286%,4,10,14,10,4,0,0
0x7732f3,92.3077%,4,48,52,0,0,4,48
0x686b90,92.3077%,4,48,52,48,2,2,0
0x92c6df,99.8462%,4,2596,2600,0,0,4,2596
0x63a387,96%,4,96,100,96,2,2,0
0x67adb8,50%,4,4,8,0,0,4,4
0x773318,92.3077%,4,48,52,48,2,2,0
0x67add4,50%,4,4,8,4,2,2,0
0x659b92,99.9615%,4,10396,10400,7798,2,2,2598
0x6539dd,92.3077%,4,48,52,48,2,2,0
0x778679,97.5%,4,156,160,0,0,4,156
0x76cc07,95.4545%,4,84,88,41,3,1,43
0x7e88ef,92.3077%,4,48,52,48,2,2,0
0x67b205,50%,4,4,8,4,2,2,0
0x92610b,92.3077%,4,48,52,48,2,2,0
0x92c1c5,92.3077%,4,48,52,0,0,4,48
0x92c3d1,99.8462%,4,2596,2600,2596,4,0,0
0x92cb85,99.8462%,4,2596,2600,0,0,4,2596
0x616af5,89.4737%,4,34,38,34,2,2,0
0x761366,33.3333%,4,2,6,2,2,2,0
0x616b55,89.4737%,4,34,38,34,2,2,0
0x66b913,98.0769%,4,204,208,156,0,4,48
0x774206,92.3077%,4,48,52,48,4,0,0
0x616c49,89.4737%,4,34,38,34,2,2,0
0x8c3bed,99.2%,4,496,500,0,0,4,496
0xa43bb7,99.9624%,4,10621,10625,0,0,4,10621
0x616a95,89.4737%,4,34,38,34,2,2,0
0x631281,98.0769%,4,204,208,153,3,1,51
0x7bd29e,60%,4,6,10,0,0,4,6
0x926317,50%,4,4,8,4,2,2,0
0x598f2e,60%,4,6,10,6,2,2,0
0x774b50,92.3077%,4,48,52,48,2,2,0
0xa43ee9,99.9624%,4,10621,10625,10621,4,0,0
0x6da354,0%,4,0,4,0,2,2,0
0x7612d6,90.4762%,4,38,42,38,2,2,0
0x686a8b,92.3077%,4,48,52,48,2,2,0
0x7e8001,92.3077%,4,48,52,48,2,2,0
0x926c0d,95.4545%,4,84,88,0,0,4,84
0x64db26,95%,4,76,80,76,2,2,0
0x65abd1,50%,4,4,8,4,2,2,0
0x5998d0,87.5%,4,28,32,25,3,1,3
0x77415b,92.3077%,4,48,52,48,2,2,0
0x6215fc,66.6667%,4,8,12,0,4,0,8
0x6361e7,87.5%,4,28,32,0,0,4,28
0x8c5c92,99.84%,4,2496,2500,0,0,4,2496
0x7cd5d3,92.3077%,4,48,52,0,0,4,48
0x59584b,90.4762%,4,38,42,38,4,0,0
0x63b026,71.4286%,4,10,14,10,2,2,0
0x59587d,90.4762%,4,38,42,38,4,0,0
0x644766,92.3077%,4,48,52,48,2,2,0
0x63c9aa,98.4436%,4,253,257,0,0,4,253
0x4299e0,89.4737%,4,34,38,30,3,1,4
0x63fd19,50%,4,4,8,4,2,2,0
0x64c01c,99.9167%,4,4796,4800,4796,4,0,0
0x682223,92.3077%,4,48,52,48,2,2,0
0x67ade8,50%,4,4,8,0,0,4,4
0x669e32,92.3077%,4,48,52,48,2,2,0
0x9f5cf6,99.9173%,4,4832,4836,0,0,4,4832
0x642c42,92.3077%,4,48,52,48,2,2,0
0x76abdf,92.3077%,4,48,52,0,0,4,48
0x616951,92.3077%,4,48,52,48,4,0,0
0x92bd55,99%,4,396,400,298,2,2,98
0x64ee13,87.5%,4,28,32,21,3,1,7
0x96115f,97.4843%,4,155,159,0,0,4,155
0x92b2b3,92.3077%,4,48,52,48,2,2,0
0x7679b4,0%,4,0,4,0,4,0,0
0x66ecb5,92.3077%,4,48,52,0,0,4,48
0x667bb3,98.0769%,4,204,208,204,4,0,0
0x76780f,0%,4,0,4,0,4,0,0
0x5dad5e,92.3077%,4,48,52,48,2,2,0
0x65aa5b,71.4286%,4,10,14,10,2,2,0
0x76e68c,42.8571%,4,3,7,3,2,2,0
0x669ed4,92.3077%,4,48,52,48,2,2,0
0x5e64b5,92%,4,46,50,46,2,2,0
0x635c78,96%,4,96,100,0,0,4,96
0x63a91f,50%,4,4,8,4,2,2,0
0x774a41,92.3077%,4,48,52,48,2,2,0
0x5e6e46,92%,4,46,50,46,2,2,0
0x6317ed,77.7778%,4,14,18,14,2,2,0
0x42a0d3,98.4615%,4,256,260,1,2,2,255
0x64c80d,95%,4,76,80,76,2,2,0
0xa76d55,99.9812%,4,21272,21276,0,0,4,21272
0x8bf4df,92.3077%,4,48,52,48,2,2,0
0x7cd933,92.3077%,4,48,52,0,0,4,48
0x5ed324,92.3077%,4,48,52,48,2,2,0
0x64bdae,95%,4,76,80,76,2,2,0
0x75683c,98.0769%,4,204,208,204,4,0,0
0x602f3d,81.8182%,4,18,22,18,4,0,0
0x686fd9,0%,4,0,4,0,2,2,0
0x63171e,50%,4,4,8,2,4,0,2
0x774739,92.3077%,4,48,52,48,2,2,0
0x7e7bda,92.3077%,4,48,52,48,2,2,0
0x762279,90.9091%,4,40,44,40,2,2,0
0x76e363,77.7778%,4,14,18,0,2,2,14
0x66e8cc,96%,4,96,100,0,0,4,96
0x75a84f,97.4359%,4,152,156,0,0,4,152
0x7aa5a4,96.1538%,4,100,104,48,4,0,52
0x66748f,92.3077%,4,48,52,48,2,2,0
0x7695d5,0%,4,0,4,0,4,0,0
0x75d919,90.9091%,4,40,44,40,2,2,0
0x606284,0%,4,0,4,0,0,4,0
0x9e1b18,50%,4,4,8,4,2,2,0
0x8c17a4,50%,4,4,8,0,2,2,4
0x66e853,92.3077%,4,48,52,48,2,2,0
0x8c02cc,96%,4,96,100,96,2,2,0
0x65fc59,98.0769%,4,204,208,0,0,4,204
0x64b859,99%,4,396,400,0,0,4,396
0x63130d,92.3077%,4,48,52,48,2,2,0
0x5e79f6,69.2308%,4,9,13,0,0,4,9
0x66f252,50%,4,4,8,4,2,2,0
0x644012,99.8462%,4,2596,2600,0,0,4,2596
0x7e7789,33.3333%,4,2,6,2,2,2,0
0x8c5a27,99.992%,4,49996,50000,37496,4,0,12500
0x5f0c47,99.9128%,4,4584,4588,4584,4,0,0
0x8c4f78,99.2%,4,496,500,398,2,2,98
0x66e4b2,50%,4,4,8,4,2,2,0
0x66a323,92.3077%,4,48,52,48,2,2,0
0x5e840b,98.6755%,4,298,302,0,0,4,298
0x63c86f,98.4436%,4,253,257,160,1,3,93
0x64199e,50%,4,4,8,4,2,2,0
0x76d549,92.3077%,4,48,52,0,0,4,48
0x66ed06,92.3077%,4,48,52,48,2,2,0
0x76e769,42.8571%,4,3,7,0,1,3,3
0xa76a61,99.8783%,4,3282,3286,0,0,4,3282
0x67a68c,99.9167%,4,4796,4800,4796,4,0,0
0x66b612,98.0769%,4,204,208,156,0,4,48
0x7b3ffb,98.0769%,4,204,208,154,2,2,50
0x8bf422,96.2617%,4,103,107,0,0,4,103
0x66ea52,50%,4,4,8,4,2,2,0
0xa7857e,99.7037%,4,1346,1350,1346,4,0,0
0x761a75,77.7778%,4,14,18,14,2,2,0
0x5f2e15,0%,4,0,4,0,2,2,0
0x656522,97.5758%,4,161,165,161,4,0,0
0x6343ac,92.3077%,4,48,52,48,2,2,0
0x64c8fe,50%,4,4,8,4,2,2,0
0x5e7133,91.6667%,4,44,48,0,0,4,44
0x616ed6,92.3077%,4,48,52,48,4,0,0
0x5f1083,92.5926%,4,50,54,50,4,0,0
0x5f5b22,0%,4,0,4,0,2,2,0
0x76e86d,33.3333%,4,2,6,2,3,1,0
0x926c1a,96.0784%,4,98,102,88,0,4,10
0x5f3c87,0%,4,0,4,0,0,4,0
0x4073d7,88.8889%,4,32,36,32,4,0,0
0xa7a730,98.4436%,4,253,257,0,0,4,253
0x6311fd,92.3077%,4,48,52,48,2,2,0
0x64b9a5,50%,4,4,8,4,2,2,0
0x64faa5,95%,4,76,80,76,2,2,0
0x5f3a5c,93.3333%,4,56,60,28,2,2,28
0x6e6a96,98.0769%,4,204,208,0,0,4,204
0xa782d0,99.9721%,4,14337,14341,14337,4,0,0
0x5f6159,94.7368%,4,72,76,34,4,0,38
0x9283d1,99.8889%,4,3597,3601,0,0,4,3597
0x66fdc2,99.0385%,4,412,416,206,2,2,206
0x76713a,0%,4,0,4,0,2,2,0
0x6041e4,90.9091%,4,40,44,40,4,0,0
0x6699b3,92.3077%,4,48,52,0,0,4,48
0x5f3a3d,93.3333%,4,56,60,30,0,4,26
0x63936d,96%,4,96,100,96,2,2,0
0x6661d3,92.3077%,4,48,52,0,0,4,48
0x7629b5,90.4762%,4,38,42,38,2,2,0
0xa7a716,98.4436%,4,253,257,0,0,4,253
0x5f439a,73.3333%,4,11,15,0,0,4,11
0x92ca65,99.8462%,4,2596,2600,2596,4,0,0
0x76578e,96.1538%,4,100,104,0,0,4,100
0x5f47d3,90.6977%,4,39,43,0,4,0,39
0x5f54f8,0%,4,0,4,0,2,2,0
0x760a94,33.3333%,4,2,6,2,2,2,0
0x6418ad,50%,4,4,8,4,2,2,0
0x67a254,50%,4,4,8,4,2,2,0
0x76d76e,92.3077%,4,48,52,48,2,2,0
0x64fb5d,95%,4,76,80,76,2,2,0
0x67aad5,50%,4,4,8,4,2,2,0
0x9f5d57,97.0149%,4,130,134,0,0,4,130
0x767712,92.3077%,4,48,52,0,0,4,48
0x5e4ea9,66.6667%,4,8,12,0,0,4,8
0x5f3d2e,63.6364%,4,7,11,3,2,2,4
0x8bebc6,92.3077%,4,48,52,48,2,2,0
0x665b52,92.3077%,4,48,52,48,2,2,0
0x769a7e,0%,4,0,4,0,0,4,0
0x65513d,99.8901%,4,3637,3641,0,0,4,3637
0x65b0ac,50%,4,4,8,4,2,2,0
0x5ecef1,92.3077%,4,48,52,48,4,0,0
0x95a412,98.0769%,4,204,208,155,1,3,49
0x769a0a,96.1538%,4,100,104,100,0,4,0
0x636c86,98.4436%,4,253,257,0,0,4,253
0x76d572,92.3077%,4,48,52,48,2,2,0
0x64aa02,99%,4,396,400,299,1,3,97
0x66b392,92.3077%,4,48,52,48,2,2,0
0x8bf28e,96%,4,96,100,96,2,2,0
0x64c3ce,50%,4,4,8,4,2,2,0
0x8c60ff,99.9692%,4,12996,13000,0,0,4,12996
0x590a8a,50%,4,4,8,0,0,4,4
0x429b58,95.1807%,4,79,83,74,1,3,5
0x590bf8,87.5%,4,28,32,24,0,4,4
0x926d44,99%,4,396,400,396,4,0,0
0x7e80c9,92.3077%,4,48,52,48,4,0,0
0x64ba24,95%,4,76,80,0,0,4,76
0x66eeeb,95%,4,76,80,76,2,2,0
0x766f66,87.5%,4,28,32,0,0,4,28
0x5f770f,0%,4,0,4,0,2,2,0
0x8bea2c,0%,4,0,4,0,2,2,0
0x66f964,71.4286%,4,10,14,0,0,4,10
0x63806f,98.4436%,4,253,257,0,0,4,253
0x646e9f,92.3077%,4,48,52,0,0,4,48
0x7b435e,92.3077%,4,48,52,48,2,2,0
0x42a93e,89.4737%,4,34,38,34,4,0,0
0x5f7410,99.6101%,4,1022,1026,0,0,4,1022
0x5ac76b,87.5%,4,28,32,26,2,2,2
0x646ad4,92.3077%,4,48,52,48,2,2,0
0x5f396e,89.4737%,4,34,38,34,2,2,0
0x6870bb,92.3077%,4,48,52,48,0,4,0
0x7e7f12,98.0769%,4,204,208,154,2,2,50
0x76d6ac,92.5926%,4,50,54,50,2,2,0
0x7b1f29,92.3077%,4,48,52,48,2,2,0
0x6638b7,92.3077%,4,48,52,48,2,2,0
0x66357a,92.3077%,4,48,52,48,2,2,0
0x632d2e,77.7778%,4,14,18,0,0,4,14
0x67ac7b,50%,4,4,8,4,2,2,0
0x7b403e,92.3077%,4,48,52,48,2,2,0
0xa76203,99.8851%,4,3477,3481,0,0,4,3477
0x5f1318,92.5926%,4,50,54,50,2,2,0
0x5993ee,83.3333%,4,20,24,0,0,4,20
0x5ed419,92.3077%,4,48,52,48,4,0,0
0x651388,95%,4,76,80,76,2,2,0
0x7b03af,92.3077%,4,48,52,48,2,2,0
0x639ee8,50%,4,4,8,4,2,2,0
0xa79040,99.7037%,4,1346,1350,0,0,4,1346
0x663a76,96%,4,96,100,96,2,2,0
0x63163e,50%,4,4,8,4,2,2,0
0x659730,92.3077%,4,48,52,48,2,2,0
0x63a8f0,50%,4,4,8,4,2,2,0
0x645c25,92.3077%,4,48,52,48,2,2,0
0x757bd6,92.3077%,4,48,52,48,2,2,0
0x8bfe9e,99.6494%,4,1137,1141,0,0,4,1137
0x8c5446,99.8462%,4,2596,2600,2596,4,0,0
0x42a291,50%,4,4,8,4,2,2,0
0x632e06,77.7778%,4,14,18,14,2,2,0
0x593a77,50%,4,4,8,0,0,4,4
0x5f23cf,92.5926%,4,50,54,50,2,2,0
0x42ae9f,75%,4,12,16,12,4,0,0
0x64ae52,98.0769%,4,204,208,155,1,3,49
0x76fd82,96.1538%,4,100,104,100,4,0,0
0x593a24,50%,4,4,8,4,4,0,0
0x6668ea,98.1481%,4,212,216,162,0,4,50
0x67a127,50%,4,4,8,4,2,2,0
0x8a4c0a,75%,4,12,16,12,0,4,0
0x42a817,90.4762%,4,38,42,0,0,4,38
0x64aac2,99%,4,396,400,298,2,2,98
0x92739a,42.8571%,4,3,7,3,4,0,0
0x9274da,92.5926%,4,50,54,2,2,2,48
0x949f8a,50%,4,4,8,4,4,0,0
0x42bc79,33.3333%,4,2,6,2,4,0,0
0x7b27c2,92.3077%,4,48,52,48,2,2,0
0x6661f2,92.3077%,4,48,52,48,2,2,0
0x666222,92.3077%,4,48,52,48,2,2,0
0x652c18,99.9175%,4,4843,4847,4843,4,0,0
0x64bef8,99.9267%,4,5453,5457,0,0,4,5453
0x40281f,77.7778%,4,14,18,0,0,4,14
0x6487ed,50%,4,4,8,4,2,2,0
0x67a0c5,50%,4,4,8,4,2,2,0
0x64afc3,98.0769%,4,204,208,155,1,3,49
0x648e74,71.4286%,4,10,14,0,0,4,10
0xa24b35,99.0244%,4,406,410,68,4,0,338
0x64b26f,92.3077%,4,48,52,48,2,2,0
0x8bf9d1,92.3077%,4,48,52,48,2,2,0
0x644460,92.3077%,4,48,52,48,2,2,0
0x65b678,92.3077%,4,48,52,48,2,2,0
0x663c39,99.8462%,4,2596,2600,2596,2,2,0
0x5e6d23,92%,4,46,50,0,0,4,46
0x7b29c7,92.3077%,4,48,52,48,2,2,0
0x65ff1e,97.3154%,4,145,149,145,4,0,0
0x7ce3ff,92.3077%,4,48,52,0,0,4,48
0x593dfe,98.0769%,4,204,208,204,4,0,0
0x8c6a74,96%,4,96,100,0,0,4,96
0x608907,90.9091%,4,40,44,40,2,2,0
0x7ce4c3,92%,4,46,50,46,2,2,0
0x8a0cd1,50%,4,4,8,0,0,4,4
0x665c63,92.3077%,4,48,52,0,0,4,48
0x6384ad,98.4436%,4,253,257,0,0,4,253
0x686efa,92.3077%,4,48,52,48,2,2,0
0x76bc10,90.4762%,4,38,42,38,2,2,0
0x7e8a10,92.3077%,4,48,52,48,2,2,0
0x7ce40a,92.3077%,4,48,52,48,4,0,0
0x64cfb8,95%,4,76,80,76,2,2,0
0x76854b,97.7273%,4,172,176,0,2,2,172
0x63cff5,50%,4,4,8,0,0,4,4
0x598369,96.1538%,4,100,104,100,4,0,0
0x763588,90.9091%,4,40,44,40,2,2,0
0x429791,98.0769%,4,204,208,198,2,2,6
0x65af11,50%,4,4,8,4,2,2,0
0x63b312,71.4286%,4,10,14,10,2,2,0
0x68873c,92.3077%,4,48,52,48,2,2,0
0x64d2cf,99%,4,396,400,0,0,4,396
0x8c0a30,96%,4,96,100,96,2,2,0
0x7cddd0,92.3077%,4,48,52,48,2,2,0
0x5f63b9,94.7368%,4,72,76,38,0,4,34
0x603dcc,90.9091%,4,40,44,30,0,4,10
0x7cb9e2,92.3077%,4,48,52,0,0,4,48
0x64c05e,95%,4,76,80,76,2,2,0
0x65ee68,99.8462%,4,2596,2600,0,0,4,2596
0x8c52f2,99.9692%,4,12996,13000,0,0,4,12996
0x648acf,50%,4,4,8,4,2,2,0
0x8c33e5,99%,4,396,400,300,0,4,96
0x768408,96.1538%,4,100,104,0,0,4,100
0x67a56c,50%,4,4,8,4,4,0,0
0x65b04d,96%,4,96,100,96,2,2,0
0x5f32a8,88.2353%,4,30,34,30,4,0,0
0x6d90de,0%,4,0,4,0,0,4,0
0x92b1cc,92.3077%,4,48,52,48,2,2,0
0x9fb59e,98.4674%,4,257,261,257,4,0,0
0x67a8d6,50%,4,4,8,4,2,2,0
0x66b6d2,98.0769%,4,204,208,156,0,4,48
0x653952,98.0769%,4,204,208,154,2,2,50
0x5e990e,92.3077%,4,48,52,0,0,4,48
0x8c537d,99.2%,4,496,500,399,1,3,97
0x65af81,50%,4,4,8,4,2,2,0
0x5f42de,73.3333%,4,11,15,0,0,4,11
0x67a60e,50%,4,4,8,4,2,2,0
0x8c11e6,71.4286%,4,10,14,10,2,2,0
0x65aae8,87.5%,4,28,32,0,0,4,28
0x7ce020,92.3077%,4,48,52,48,2,2,0
0x6470cf,92.3077%,4,48,52,48,2,2,0
0x6409a9,50%,4,4,8,3,3,1,1
0x63ac4d,50%,4,4,8,4,2,2,0
0x7679fd,66.6667%,4,8,12,8,0,4,0
0x638719,98.4436%,4,253,257,0,0,4,253
0x95a252,98.0769%,4,204,208,155,1,3,49
0x76cc21,90.9091%,4,40,44,40,4,0,0
0x757c06,92.3077%,4,48,52,48,2,2,0
0x7ce140,92.3077%,4,48,52,48,2,2,0
0xa0ed58,99.9671%,4,12167,12171,0,0,4,12167
0x63a52a,50%,4,4,8,4,2,2,0
0x645cd5,92.3077%,4,48,52,48,2,2,0
0x64f08d,50%,4,4,8,0,0,4,4
0x64d28f,99%,4,396,400,0,0,4,396
0x89fc2f,93.75%,4,60,64,60,4,0,0
0x67a03d,50%,4,4,8,4,4,0,0
0x67aa85,50%,4,4,8,4,2,2,0
0xa227f7,99.6265%,4,1067,1071,10,2,2,1057
0x669e02,92.3077%,4,48,52,48,2,2,0
0xa77fa8,99.9717%,4,14134,14138,0,0,4,14134
0x63fdb9,50%,4,4,8,4,2,2,0
0x64b3a9,92.3077%,4,48,52,48,2,2,0
0x593c43,50%,4,4,8,0,0,4,4
0x9e17f5,95.8333%,4,92,96,92,4,0,0
0x42a6cc,96.7742%,4,120,124,116,2,2,4
0x64a77b,96%,4,96,100,96,4,0,0
0x64ae65,92.3077%,4,48,52,48,2,2,0
0x640679,62.5%,3,5,8,5,1,2,0
0x774c60,94.2308%,3,49,52,49,1,2,0
0x7e886f,94.2308%,3,49,52,49,1,2,0
0xa24423,99.7585%,3,1239,1242,0,2,1,1239
0x597f0c,62.5%,3,5,8,5,1,2,0
0x761f54,50%,3,3,6,0,0,3,3
0x63538f,96.25%,3,77,80,77,1,2,0
0x9e0d07,91.1765%,3,31,34,0,0,3,31
0x758a2b,97.1154%,3,101,104,52,0,3,49
0x9e0e4f,90%,3,27,30,0,0,3,27
0xa77de5,99.9908%,3,32755,32758,0,0,3,32755
0x773cb0,94.2308%,3,49,52,0,0,3,49
0x6da38d,81.25%,3,13,16,1,3,0,12
0x7aa42a,94%,3,47,50,47,3,0,0
0x7cba69,94.2308%,3,49,52,0,0,3,49
0xa0eecc,99.9597%,3,7433,7436,0,0,3,7433
0x961395,98.1132%,3,156,159,0,0,3,156
0x63c39d,97%,3,97,100,0,2,1,97
0x7aad53,94.4444%,3,51,54,0,0,3,51
0x765016,97.1154%,3,101,104,0,0,3,101
0x63167e,62.5%,3,5,8,5,1,2,0
0x64db92,96.25%,3,77,80,0,0,3,77
0x641f79,94.2308%,3,49,52,49,1,2,0
0x760d61,93.1818%,3,41,44,41,1,2,0
0x767a26,25%,3,1,4,0,0,3,1
0x66999f,94.2308%,3,49,52,49,1,2,0
0x96147d,98.1132%,3,156,159,156,3,0,0
0x76fb0a,57.1429%,3,4,7,4,3,0,0
0x4b9ecc,95.3125%,3,61,64,0,0,3,61
0xa76a8a,99.6278%,3,803,806,0,0,3,803
0x75ccef,94.2308%,3,49,52,49,1,2,0
0x8c13e4,98.9655%,3,287,290,287,3,0,0
0x65acd1,99.1071%,3,333,336,251,1,2,82
0x63cdd5,98.8327%,3,254,257,0,0,3,254
0x75cbc2,94.2308%,3,49,52,0,0,3,49
0x762770,75%,3,9,12,6,0,3,3
0x9e0e40,90%,3,27,30,0,0,3,27
0x621633,90.625%,3,29,32,5,3,0,24
0x9f7cf1,99.8537%,3,2047,2050,0,0,3,2047
0x5e63c2,94%,3,47,50,47,3,0,0
0x66b8fc,94.2308%,3,49,52,0,0,3,49
0x762de8,50%,3,3,6,3,1,2,0
0xa230cd,99.2683%,3,407,410,0,0,3,407
0x681c27,94.2308%,3,49,52,49,1,2,0
0xa38b78,92.5%,3,37,40,0,0,3,37
0x6489d9,62.5%,3,5,8,5,1,2,0
0x639fd9,62.5%,3,5,8,4,2,1,1
0x76affc,93.1818%,3,41,44,41,1,2,0
0xa7853b,99.9626%,3,8021,8024,0,0,3,8021
0x75d714,62.5%,3,5,8,4,2,1,1
0x75d6f8,62.5%,3,5,8,5,3,0,0
0x757bb3,94.2308%,3,49,52,0,0,3,49
0x5e9c63,25%,3,1,4,0,0,3,1
0xa7a6a3,98.8327%,3,254,257,0,0,3,254
0x6f4c3f,94.2308%,3,49,52,0,0,3,49
0x663a49,99.75%,3,1197,1200,1197,1,2,0
0x75d4d1,99.6591%,3,877,880,0,0,3,877
0x8c44ea,99.8846%,3,2597,2600,0,0,3,2597
0x75c687,90%,3,27,30,27,3,0,0
0x64fb25,96.25%,3,77,80,77,1,2,0
0x755ecb,98.5577%,3,205,208,0,0,3,205
0x6f4c7c,94.2308%,3,49,52,49,1,2,0
0x769b39,25%,3,1,4,1,3,0,0
0x65e709,99.8846%,3,2597,2600,0,0,3,2597
0x8c49be,99.9769%,3,12997,13000,12997,3,0,0
0x652c3d,99.9381%,3,4844,4847,0,0,3,4844
0x7b1406,94.2308%,3,49,52,49,3,0,0
0xa222f5,99.9876%,3,24211,24214,0,0,3,24211
0x75cf49,93.1818%,3,41,44,41,1,2,0
0x6316be,62.5%,3,5,8,5,1,2,0
0x76d716,94.2308%,3,49,52,49,1,2,0
0x7d0803,98.5577%,3,205,208,156,0,3,49
0x7cd3e1,94.2308%,3,49,52,49,3,0,0
0x8c027f,97%,3,97,100,97,3,0,0
0x76f786,78.5714%,3,11,14,1,1,2,10
0x648dc0,94.6429%,3,53,56,41,1,2,12
0x927068,94.4444%,3,51,54,0,0,3,51
0x687db9,94.2308%,3,49,52,49,3,0,0
0x645328,99.9278%,3,4150,4153,4150,3,0,0
0x75f137,93.1818%,3,41,44,41,3,0,0
0x76037c,94.2308%,3,49,52,49,1,2,0
0x643830,94.2308%,3,49,52,49,1,2,0
0x59446e,62.5%,3,5,8,5,3,0,0
0x404c5c,86.3636%,3,19,22,19,3,0,0
0x7cd9bc,94.2308%,3,49,52,49,1,2,0
0x64cf29,96.25%,3,77,80,77,1,2,0
0x75d02c,25%,3,1,4,1,1,2,0
0x645ca3,99.9712%,3,10397,10400,0,0,3,10397
0x5e72a8,62.5%,3,5,8,5,1,2,0
0x63e32d,62.5%,3,5,8,0,0,3,5
0x9f5804,78.5714%,3,11,14,0,0,3,11
0x7cd7b0,94.2308%,3,49,52,49,1,2,0
0x6597bc,94.2308%,3,49,52,0,0,3,49
0x64ec00,90.625%,3,29,32,0,0,3,29
0x7a9605,99.1848%,3,365,368,0,0,3,365
0x8c6b50,97%,3,97,100,0,0,3,97
0x5e69c6,99.76%,3,1247,1250,1247,3,0,0
0x59896c,93.75%,3,45,48,0,0,3,45
0x63132c,94.2308%,3,49,52,0,0,3,49
0x5e9c3f,94.2308%,3,49,52,49,1,2,0
0x95a9af,94.2308%,3,49,52,49,3,0,0
0x643aef,94.2308%,3,49,52,49,1,2,0
0x7b4241,94.2308%,3,49,52,49,1,2,0
0x8c675a,99.4%,3,497,500,0,0,3,497
0x75fd93,94.2308%,3,49,52,0,0,3,49
0x64da93,99.995%,3,59997,60000,0,0,3,59997
0x95a60c,94.2308%,3,49,52,0,0,3,49
0x67a915,62.5%,3,5,8,5,1,2,0
0x95a542,94.2308%,3,49,52,49,1,2,0
0x403f44,50%,3,3,6,3,3,0,0
0x95a422,94.2308%,3,49,52,49,1,2,0
0x7e7281,50%,3,3,6,3,1,2,0
0x64a712,97%,3,97,100,97,3,0,0
0x762d60,92.8571%,3,39,42,39,1,2,0
0x8bec44,94.2308%,3,49,52,0,0,3,49
0x658651,96.7033%,3,88,91,88,1,2,0
0x9f8cc0,98.8506%,3,258,261,2,2,1,256
0x63ff49,62.5%,3,5,8,5,1,2,0
0x63a78a,62.5%,3,5,8,5,1,2,0
0x429987,98.324%,3,176,179,175,2,1,1
0x669d72,94.2308%,3,49,52,49,1,2,0
0x67a5ae,62.5%,3,5,8,5,1,2,0
0x778465,62.5%,3,5,8,0,0,3,5
0x6407b9,62.5%,3,5,8,5,1,2,0
0x76076a,92.8571%,3,39,42,39,1,2,0
0x774193,94.2308%,3,49,52,0,0,3,49
0x6871fa,62.5%,3,5,8,5,1,2,0
0x5ef9c7,25%,3,1,4,0,2,1,1
0x7613d5,85.7143%,3,18,21,0,2,1,18
0x76cf19,94.2308%,3,49,52,49,1,2,0
0x76140d,92.8571%,3,39,42,39,1,2,0
0x669dd2,94.2308%,3,49,52,49,1,2,0
0x76332c,97.619%,3,123,126,0,0,3,123
0x5f1b80,99.8437%,3,1916,1919,0,0,3,1916
0x64406d,99.9712%,3,10397,10400,7799,1,2,2598
0x5ed215,94.2308%,3,49,52,49,1,2,0
0x6870c2,25%,3,1,4,1,1,2,0
0x67a90d,62.5%,3,5,8,5,3,0,0
0x6401c9,62.5%,3,5,8,5,1,2,0
0x762b3c,92.8571%,3,39,42,39,1,2,0
0x659521,94.2308%,3,49,52,49,1,2,0
0x76e79e,57.1429%,3,4,7,0,1,2,4
0x76e8c2,57.1429%,3,4,7,0,1,2,4
0x7aa4ca,94.2308%,3,49,52,0,0,3,49
0x9f4f31,98.8506%,3,258,261,0,0,3,258
0x64718f,94.2308%,3,49,52,0,0,3,49
0x66f8d6,78.5714%,3,11,14,0,0,3,11
0xa0f1fc,99.9718%,3,10622,10625,0,0,3,10622
0x60904a,94.8276%,3,55,58,0,0,3,55
0x75928d,94.2308%,3,49,52,0,0,3,49
0x6462af,94.2308%,3,49,52,0,0,3,49
0x8bff23,99.9259%,3,4043,4046,4043,3,0,0
0x64ec21,90.625%,3,29,32,0,0,3,29
0x5a636e,94.4444%,3,51,54,50,0,3,1
0x5a8e45,90%,3,27,30,27,3,0,0
0x76ebaf,57.1429%,3,4,7,2,2,1,2
0x65aea1,62.5%,3,5,8,5,1,2,0
0x928982,98.1132%,3,156,159,0,0,3,156
0x67af54,62.5%,3,5,8,5,1,2,0
0x772b81,94.2308%,3,49,52,49,1,2,0
0x7625f5,75%,3,9,12,0,0,3,9
0x7a911b,81.25%,3,13,16,0,0,3,13
0x67a57e,62.5%,3,5,8,5,1,2,0
0x76db8f,93.1818%,3,41,44,41,3,0,0
0x8c5f1f,97%,3,97,100,0,0,3,97
0x59863a,90.625%,3,29,32,29,3,0,0
0x603fd8,93.1818%,3,41,44,29,1,2,12
0x76f4bd,78.5714%,3,11,14,4,2,1,7
0x9e1582,96.875%,3,93,96,93,3,0,0
0x76fdef,25%,3,1,4,1,1,2,0
0x64ebad,90.625%,3,29,32,29,3,0,0
0x7aa17d,94.2308%,3,49,52,49,1,2,0
0x7aa5b4,94.2308%,3,49,52,49,3,0,0
0xa78514,78.5714%,3,11,14,1,3,0,10
0x64d505,90.625%,3,29,32,24,0,3,5
0x642a1d,94.2308%,3,49,52,49,1,2,0
0x76fbe2,57.1429%,3,4,7,4,2,1,0
0x7ede1a,94.2308%,3,49,52,49,1,2,0
0x67b07d,62.5%,3,5,8,5,3,0,0
0x76f4d2,62.5%,3,5,8,5,3,0,0
0x7cd046,94.2308%,3,49,52,49,3,0,0
0x5e4d58,75%,3,9,12,9,3,0,0
0x63dacb,62.5%,3,5,8,0,0,3,5
0x66e512,62.5%,3,5,8,5,1,2,0
0x77286f,94.2308%,3,49,52,0,0,3,49
0xa76b52,99.9597%,3,7441,7444,7441,3,0,0
0x402290,85%,3,17,20,17,3,0,0
0x757b23,94.2308%,3,49,52,0,0,3,49
0x6475e2,97%,3,97,100,97,1,2,0
0x640f39,62.5%,3,5,8,5,1,2,0
0x75863c,96.4706%,3,82,85,82,3,0,0
0x66e153,62.5%,3,5,8,5,1,2,0
0x757973,94.2308%,3,49,52,0,0,3,49
0x640339,62.5%,3,5,8,5,1,2,0
0x774b09,94.2308%,3,49,52,49,3,0,0
0xa76ef4,99.9597%,3,7441,7444,7441,3,0,0
0x42bc5c,50%,3,3,6,3,3,0,0
0x5ed57f,94.2308%,3,49,52,49,3,0,0
0x75d674,62.5%,3,5,8,5,1,2,0
0x76d86a,93.1818%,3,41,44,0,0,3,41
0xa76adc,99.8611%,3,2157,2160,0,0,3,2157
0x631462,94.2308%,3,49,52,0,0,3,49
0x761c2c,91.8919%,3,34,37,32,0,3,2
0x765108,25%,3,1,4,1,1,2,0
0x66fa18,78.5714%,3,11,14,11,1,2,0
0x63fb39,62.5%,3,5,8,5,1,2,0
0x64362e,94.2308%,3,49,52,0,0,3,49
0x8c4fef,97%,3,97,100,0,0,3,97
0x75e768,92.8571%,3,39,42,39,3,0,0
0x9fb58a,98.8506%,3,258,261,258,3,0,0
0x9e152b,96.875%,3,93,96,0,0,3,93
0x6e69fa,98.5577%,3,205,208,0,0,3,205
0x621601,62.5%,3,5,8,0,0,3,5
0x7662ec,75%,3,9,12,9,3,0,0
0x655133,99.9176%,3,3638,3641,0,0,3,3638
0x648e6f,94.6429%,3,53,56,41,1,2,12
0x647de2,62.5%,3,5,8,5,1,2,0
0x7e6781,94.2308%,3,49,52,49,1,2,0
0x76157b,93.1818%,3,41,44,0,0,3,41
0x7650c3,97.1154%,3,101,104,0,0,3,101
0x63c95a,98.8327%,3,254,257,0,0,3,254
0x595915,92.8571%,3,39,42,38,2,1,1
0x64fca8,96.25%,3,77,80,0,0,3,77
0x76a3c8,92.8571%,3,39,42,39,1,2,0
0x633eed,96.25%,3,77,80,77,1,2,0
0x76dadd,93.1818%,3,41,44,0,0,3,41
0x5958e9,92.8571%,3,39,42,39,3,0,0
0x8c50c3,99.8846%,3,2597,2600,0,0,3,2597
0x68887d,62.5%,3,5,8,5,1,2,0
0x76331d,97.619%,3,123,126,0,0,3,123
0x658b49,94.2308%,3,49,52,49,1,2,0
0x7616e3,93.1818%,3,41,44,0,0,3,41
0x9f7da5,62.5%,3,5,8,0,0,3,5
0x40526d,50%,3,3,6,3,3,0,0
0x7653bb,50%,3,3,6,3,1,2,0
0x76e196,92.5%,3,37,40,0,0,3,37
0x761328,50%,3,3,6,0,0,3,3
0x7675a3,81.25%,3,13,16,13,1,2,0
0x64fb8d,96.25%,3,77,80,77,1,2,0
0x756ce8,94.2308%,3,49,52,20,0,3,29
0x654718,99.9648%,3,8518,8521,0,0,3,8518
0x5f42ab,89.2857%,3,25,28,3,3,0,22
0x8c3a66,99.9%,3,2997,3000,0,0,3,2997
0x8c6b5d,97%,3,97,100,0,0,3,97
0x6403e9,62.5%,3,5,8,5,1,2,0
0x7aa192,94.2308%,3,49,52,0,0,3,49
0x667111,94.2308%,3,49,52,49,1,2,0
0x7bd097,70%,3,7,10,0,0,3,7
0x7749fa,94.2308%,3,49,52,49,3,0,0
0x6597e0,94.2308%,3,49,52,49,1,2,0
0x8c6578,99.88%,3,2497,2500,2497,3,0,0
0x76e731,57.1429%,3,4,7,4,3,0,0
0x640c59,62.5%,3,5,8,5,1,2,0
0x598ad4,96.875%,3,93,96,0,0,3,93
0x64bf9d,96.25%,3,77,80,77,1,2,0
0x5997a6,87.5%,3,21,24,21,3,0,0
0x42af2c,50%,3,3,6,3,3,0,0
0x6660e3,94.2308%,3,49,52,0,0,3,49
0x595626,99.8798%,3,2493,2496,1871,1,2,622
0x8c32e1,97%,3,97,100,0,0,3,97
0x6549b1,99.9648%,3,8517,8520,8517,3,0,0
0x64c026,99.9344%,3,4568,4571,4568,3,0,0
0x65e31a,97%,3,97,100,0,0,3,97
0x77319d,94.2308%,3,49,52,49,1,2,0
0x67af05,62.5%,3,5,8,5,1,2,0
0x5f61f7,96.0526%,3,73,76,73,3,0,0
0x66b06c,94.2308%,3,49,52,0,0,3,49
0x67ad2e,62.5%,3,5,8,5,3,0,0
0x76e336,98.125%,3,157,160,0,0,3,157
0x6038aa,93.1818%,3,41,44,19,3,0,22
0x6448df,94.2308%,3,49,52,49,1,2,0
0x76ed1a,57.1429%,3,4,7,4,3,0,0
0xa796a3,98.2857%,3,172,175,172,1,2,0
0x762467,92.1053%,3,35,38,0,0,3,35
0x777ee1,62.5%,3,5,8,5,3,0,0
0x8bfadf,62.5%,3,5,8,5,1,2,0
0x65a44c,62.5%,3,5,8,5,1,2,0
0x640b89,62.5%,3,5,8,5,1,2,0
0xa43e5a,99.9718%,3,10622,10625,0,0,3,10622
0x63165e,62.5%,3,5,8,5,1,2,0
0x6312ec,94.2308%,3,49,52,0,0,3,49
0x67abfd,62.5%,3,5,8,5,3,0,0
0x6678eb,94.2308%,3,49,52,49,1,2,0
0x75ddd5,78.5714%,3,11,14,0,0,3,11
0x64cb2a,99.9813%,3,15997,16000,0,0,3,15997
0x63a23e,97%,3,97,100,97,1,2,0
0x5f41c3,25%,3,1,4,1,3,0,0
0x41cbc7,95.3125%,3,61,64,0,0,3,61
0x761877,93.1818%,3,41,44,41,1,2,0
0x5ecdb2,94.2308%,3,49,52,0,0,3,49
0x773cbb,94.2308%,3,49,52,49,3,0,0
0x7ccdd5,50%,3,3,6,3,1,2,0
0x9fb87b,98.8506%,3,258,261,0,2,1,258
0x769298,75%,3,9,12,0,0,3,9
0x65d195,94.2308%,3,49,52,49,1,2,0
0x8c6143,99.9769%,3,12997,13000,12997,3,0,0
0x67b57b,62.5%,3,5,8,5,1,2,0
0x949fb6,62.5%,3,5,8,5,3,0,0
0x756ba9,94.2308%,3,49,52,49,1,2,0
0x6d92f5,81.25%,3,13,16,12,0,3,1
0x67b3fb,62.5%,3,5,8,5,1,2,0
0x9f8cc5,98.8327%,3,254,257,0,0,3,254
0x757a86,94.2308%,3,49,52,49,1,2,0
0x643973,94.2308%,3,49,52,49,1,2,0
0x67abc4,62.5%,3,5,8,4,2,1,1
0x7b45be,94.2308%,3,49,52,49,1,2,0
0x778284,62.5%,3,5,8,5,3,0,0
0x773941,94.2308%,3,49,52,49,1,2,0
0x402806,83.3333%,3,15,18,0,0,3,15
0x64eb66,90.625%,3,29,32,0,0,3,29
0x618c7f,99.9566%,3,6913,6916,0,0,3,6913
0x7ce455,94.2308%,3,49,52,49,1,2,0
0x7785ff,98.125%,3,157,160,157,3,0,0
0x590c24,62.5%,3,5,8,0,0,3,5
0x6556b9,99.9778%,3,13512,13515,0,0,3,13512
0xa0f5f9,91.1765%,3,31,34,0,0,3,31
0x663fda,96.4286%,3,81,84,81,1,2,0
0x686eab,94.2308%,3,49,52,49,1,2,0
0x66f2b2,62.5%,3,5,8,5,1,2,0
0x64c9a0,62.5%,3,5,8,5,1,2,0
0x7aa1b5,94.2308%,3,49,52,49,1,2,0
0x638341,98.8327%,3,254,257,0,0,3,254
0x5f016a,99.6305%,3,809,812,404,2,1,405
0x5da492,94.2308%,3,49,52,49,1,2,0
0x63c2e2,99.25%,3,397,400,0,0,3,397
0x63bf5a,98.5577%,3,205,208,0,0,3,205
0x5daa66,62.5%,3,5,8,5,1,2,0
0x9f4f98,98.8506%,3,258,261,258,3,0,0
0x63be44,99.9712%,3,10397,10400,0,0,3,10397
0x5e6846,94%,3,47,50,0,0,3,47
0x665d79,94.2308%,3,49,52,49,1,2,0
0x598ebf,90.625%,3,29,32,0,0,3,29
0x5e6f56,94.4444%,3,51,54,0,0,3,51
0x7afd9d,97.1154%,3,101,104,51,1,2,50
0xa820bb,93.4783%,3,43,46,5,3,0,38
0x63534c,96.25%,3,77,80,77,1,2,0
0x616bf9,92.1053%,3,35,38,35,1,2,0
0x63aee6,75%,3,9,12,9,1,2,0
0x5f71b4,99.7076%,3,1023,1026,1023,3,0,0
0x66ad3c,62.5%,3,5,8,5,1,2,0
0x66fc53,98.5577%,3,205,208,0,0,3,205
0x5f23e3,94.4444%,3,51,54,0,0,3,51
0x778fb1,98.5577%,3,205,208,205,3,0,0
0x756229,99.2424%,3,393,396,0,0,3,393
0x4a261c,50%,3,3,6,3,3,0,0
0x778ed7,90.625%,3,29,32,24,0,3,5
0x778dd3,90.625%,3,29,32,29,3,0,0
0x5f004a,99.6305%,3,809,812,404,2,1,405
0x6314f3,94.2308%,3,49,52,49,1,2,0
0x65393c,94.2308%,3,49,52,0,0,3,49
0x76ec0d,57.1429%,3,4,7,4,3,0,0
0x66b49a,83.3333%,3,15,18,15,1,2,0
0x66f9e6,94.6429%,3,53,56,42,0,3,11
0x5ea3ef,76.9231%,3,10,13,0,1,2,10
0x653b0d,94.2308%,3,49,52,49,1,2,0
0x66b36c,94.2308%,3,49,52,0,0,3,49
0x92c684,99.8846%,3,2597,2600,0,0,3,2597
0x4a4a1a,85%,3,17,20,17,3,0,0
0x66f5b2,62.5%,3,5,8,4,2,1,1
0x92c461,99.8846%,3,2597,2600,2597,3,0,0
0x6676b3,94.2308%,3,49,52,0,0,3,49
0x5e8cf4,99.6011%,3,749,752,749,3,0,0
0x64ed8c,99.5066%,3,605,608,605,3,0,0
0x5e8f12,62.5%,3,5,8,5,1,2,0
0x6679ef,98.5577%,3,205,208,154,2,1,51
0x6437b1,99.7371%,3,1138,1141,0,0,3,1138
0x7cd8bc,94.2308%,3,49,52,49,1,2,0
0x659257,94.2308%,3,49,52,49,1,2,0
0x64ec97,90.625%,3,29,32,0,0,3,29
0xa43ca6,99.9718%,3,10622,10625,10622,3,0,0
0x7cdb53,94.2308%,3,49,52,0,0,3,49
0x5e99db,94.2308%,3,49,52,49,3,0,0
0x5e8beb,98.2659%,3,170,173,0,0,3,170
0x5e99c3,97.1154%,3,101,104,51,1,2,50
0x7597b0,94.2308%,3,49,52,49,1,2,0
0x687905,25%,3,1,4,0,2,1,1
0x636c45,98.8327%,3,254,257,0,0,3,254
0x66722a,98.5577%,3,205,208,156,0,3,49
0x5f75f9,92.1053%,3,35,38,35,1,2,0
0x8a7ca5,70%,3,7,10,0,0,3,7
0x756d39,90.625%,3,29,32,0,0,3,29
0x646f0f,94.2308%,3,49,52,49,1,2,0
0x762ecf,92.1053%,3,35,38,4,2,1,31
0x646ddf,94.2308%,3,49,52,49,1,2,0
0x659940,94.2308%,3,49,52,49,1,2,0
0x7cd3a3,94.2308%,3,49,52,0,0,3,49
0x648f0b,94.6429%,3,53,56,41,1,2,12
0x7cd641,94.2308%,3,49,52,49,3,0,0
0xa31c0d,99.993%,3,42565,42568,42565,3,0,0
0x5ea098,94.4444%,3,51,54,51,1,2,0
0x65a8ed,96.25%,3,77,80,77,1,2,0
0x5e76cf,76.9231%,3,10,13,0,0,3,10
0x403186,88.4615%,3,23,26,23,3,0,0
0x669e68,94.2308%,3,49,52,49,1,2,0
0x7cd690,94.2308%,3,49,52,49,1,2,0
0x598ca7,75%,3,9,12,8,2,1,1
0x5f7042,99.7076%,3,1023,1026,0,0,3,1023
0x616bd3,99.7076%,3,1023,1026,0,0,3,1023
0x63becd,98.5577%,3,205,208,0,0,3,205
0x92985e,97.6%,3,122,125,0,0,3,122
0x6332a9,94.2308%,3,49,52,49,1,2,0
0x66e212,62.5%,3,5,8,5,1,2,0
0x64660f,94.2308%,3,49,52,49,1,2,0
0x5e8041,98.2659%,3,170,173,0,0,3,170
0x63a40a,62.5%,3,5,8,0,0,3,5
0x5e82d4,96.1039%,3,74,77,0,0,3,74
0x7cd813,94.2308%,3,49,52,0,0,3,49
0x75e583,50%,3,3,6,2,2,1,1
0x5f1b9a,99.8302%,3,1764,1767,1764,3,0,0
0x644285,94.2308%,3,49,52,49,1,2,0
0x63128d,94.2308%,3,49,52,49,1,2,0
0x639207,92.5%,3,37,40,0,2,1,37
0x634a1d,94.2308%,3,49,52,49,1,2,0
0x42a6e7,50%,3,3,6,0,0,3,3
0x65fc1c,91.1765%,3,31,34,0,0,3,31
0x6037e5,93.1818%,3,41,44,41,3,0,0
0x65e2d3,99.9712%,3,10397,10400,10397,3,0,0
0x63cfc4,98.8327%,3,254,257,254,2,1,0
0x62330e,70%,3,7,10,0,0,3,7
0x63436e,94.2308%,3,49,52,0,0,3,49
0x63190d,94.2308%,3,49,52,49,1,2,0
0x66a7c0,94.2308%,3,49,52,49,1,2,0
0x62359c,99.4059%,3,502,505,0,0,3,502
0x5f1d28,98.9474%,3,282,285,0,1,2,282
0x927252,66.6667%,3,6,9,0,1,2,6
0x5d2873,99.8831%,3,2563,2566,2563,3,0,0
0x5f55e4,25%,3,1,4,0,2,1,1
0x5f1ecb,98.9474%,3,282,285,0,0,3,282
0xa43c8a,99.9718%,3,10622,10625,0,0,3,10622
0x4049bd,50%,3,3,6,3,3,0,0
0x65ce77,99.8846%,3,2597,2600,0,0,3,2597
0x89fb76,62.5%,3,5,8,0,0,3,5
0x8beeda,98.5577%,3,205,208,205,3,0,0
0x605cbf,86.3636%,3,19,22,0,0,3,19
0x757896,94.2308%,3,49,52,49,1,2,0
0x64ce72,96.25%,3,77,80,77,1,2,0
0x95a262,94.2308%,3,49,52,49,1,2,0
0x67aa7d,62.5%,3,5,8,5,3,0,0
0x7cc0f9,94.2308%,3,49,52,49,1,2,0
0x7739a3,94.2308%,3,49,52,0,0,3,49
0x67a963,62.5%,3,5,8,5,1,2,0
0x643302,99.8846%,3,2597,2600,0,0,3,2597
0x757a56,94.2308%,3,49,52,49,1,2,0
0x67a8c0,62.5%,3,5,8,5,3,0,0
0x6500ad,96.25%,3,77,80,77,1,2,0
0x670202,99.2788%,3,413,416,206,2,1,207
0x4abb49,95.3125%,3,61,64,0,0,3,61
0x5ea481,62.5%,3,5,8,5,1,2,0
0x6315ed,94.2308%,3,49,52,49,1,2,0
0x7579f6,94.2308%,3,49,52,49,1,2,0
0x7b1562,94.2308%,3,49,52,49,1,2,0
0x403f98,50%,3,3,6,0,0,3,3
0x67a43b,96.25%,3,77,80,77,1,2,0
0x6f53dc,94.2308%,3,49,52,49,1,2,0
0x7732d1,94.2308%,3,49,52,49,1,2,0
0x5fd010,96.5909%,3,85,88,85,3,0,0
0x6394f1,97%,3,97,100,97,1,2,0
0x646778,99.8846%,3,2597,2600,0,0,3,2597
0x640a49,62.5%,3,5,8,5,1,2,0
0x66aaf2,62.5%,3,5,8,5,1,2,0
0x42a8de,92.1053%,3,35,38,35,3,0,0
0x5f5562,96.0526%,3,73,76,0,0,3,73
0x5f5592,96.0526%,3,73,76,0,0,3,73
0x7b27f2,94.2308%,3,49,52,49,1,2,0
0x648b73,62.5%,3,5,8,5,1,2,0
0x5f5b79,25%,3,1,4,0,0,3,1
0x648bcd,62.5%,3,5,8,5,1,2,0
0x76b2a7,92.8571%,3,39,42,39,1,2,0
0x5f5e1c,25%,3,1,4,1,1,2,0
0x63149d,94.2308%,3,49,52,0,0,3,49
0x6473bf,94.2308%,3,49,52,49,1,2,0
0x5f642a,99.7076%,3,1023,1026,0,0,3,1023
0x66acc2,62.5%,3,5,8,5,1,2,0
0x926a78,99.6314%,3,811,814,811,3,0,0
0x66ae02,98.5577%,3,205,208,156,0,3,49
0x66ae12,94.2308%,3,49,52,49,1,2,0
0x40313e,88.4615%,3,23,26,23,3,0,0
0x7cc919,98.0769%,3,153,156,0,0,3,153
0x926b18,62.5%,3,5,8,0,1,2,5
0x92679c,62.5%,3,5,8,5,1,2,0
0x64cf73,96.25%,3,77,80,0,0,3,77
0x7b0e83,94.2308%,3,49,52,0,0,3,49
0x637295,98.8327%,3,254,257,254,3,0,0
0x8bec86,94.2308%,3,49,52,49,1,2,0
0x59588f,92.8571%,3,39,42,39,3,0,0
0x63175b,83.3333%,3,15,18,0,0,3,15
0x5fcf6a,96.5909%,3,85,88,85,3,0,0
0xa2424a,99.9863%,3,21890,21893,0,0,3,21890
0x772698,62.5%,3,5,8,5,1,2,0
0x6386e3,98.8327%,3,254,257,0,0,3,254
0x65b623,94.2308%,3,49,52,0,0,3,49
0x7cbae8,94.2308%,3,49,52,49,1,2,0
0x7b0f26,94.2308%,3,49,52,49,3,0,0
0x6660d2,94.2308%,3,49,52,49,1,2,0
0x636f1c,98.8327%,3,254,257,0,0,3,254
0x66a88c,94.2308%,3,49,52,0,0,3,49
0x6e688a,94.2308%,3,49,52,0,0,3,49
0x5f5eef,25%,3,1,4,0,2,1,1
0x7b0dbb,94.2308%,3,49,52,49,1,2,0
0x64f1f3,99.9908%,3,32637,32640,0,0,3,32637
0x4b9e34,95.3125%,3,61,64,0,0,3,61
0x648747,62.5%,3,5,8,5,1,2,0
0x5f4d3d,94.4444%,3,51,54,51,1,2,0
0x66aa82,62.5%,3,5,8,5,1,2,0
0x6e6b4d,70%,3,7,10,7,3,0,0
0x6446aa,94.2308%,3,49,52,0,0,3,49
0x7622f6,93.1818%,3,41,44,0,0,3,41
0x6468ff,94.2308%,3,49,52,49,1,2,0
0x59486f,98.5577%,3,205,208,0,0,3,205
0x6663b4,94.2308%,3,49,52,49,1,2,0
0x89fe46,62.5%,3,5,8,0,0,3,5
0x9f8110,98.4293%,3,188,191,0,0,3,188
0x593a0c,62.5%,3,5,8,5,3,0,0
0x650464,94.2308%,3,49,52,49,1,2,0
0x666384,94.2308%,3,49,52,49,1,2,0
0x75e61e,93.1818%,3,41,44,41,1,2,0
0x66601b,62.5%,3,5,8,5,1,2,0
0x633f2d,96.25%,3,77,80,77,1,2,0
0x9293f0,97.1429%,3,102,105,0,0,3,102
0x6663c3,94.2308%,3,49,52,0,0,3,49
0x8c42da,99.8846%,3,2597,2600,0,0,3,2597
0x66edf6,94.2308%,3,49,52,49,1,2,0
0x7b23b5,94.2308%,3,49,52,0,0,3,49
0x7b2773,94.2308%,3,49,52,0,0,3,49
0x65a82d,62.5%,3,5,8,5,1,2,0
0x9fa8a5,98.4293%,3,188,191,0,0,3,188
0x593a43,62.5%,3,5,8,5,3,0,0
0x65a961,62.5%,3,5,8,5,1,2,0
0x64c268,96.25%,3,77,80,77,1,2,0
0x89fc4a,81.25%,3,13,16,7,1,2,6
0xa3a2ce,25%,3,1,4,1,3,0,0
0x7cdbdc,94.2308%,3,49,52,49,1,2,0
0x598e36,25%,3,1,4,1,3,0,0
0x961628,98.1132%,3,156,159,156,3,0,0
0x669db3,94.2308%,3,49,52,0,0,3,49
0x66f983,94.6429%,3,53,56,41,1,2,12
0xa23636,91.1765%,3,31,34,31,3,0,0
0x639bf8,97%,3,97,100,0,0,3,97
0x961635,98.1132%,3,156,159,0,0,3,156
0x9615b9,98.1132%,3,156,159,0,0,3,156
0x8c172e,97%,3,97,100,97,1,2,0
0x599068,97.1154%,3,101,104,0,0,3,101
0x663cab,98.6607%,3,221,224,221,1,2,0
0x616ba9,92.1053%,3,35,38,35,1,2,0
0x633f4e,62.5%,3,5,8,5,1,2,0
0x7a993d,97%,3,97,100,0,0,3,97
0x645513,94.2308%,3,49,52,0,0,3,49
0x8bf3f6,99.9712%,3,10397,10400,10397,3,0,0
0x64dbb8,99.9375%,3,4797,4800,4797,3,0,0
0x961508,98.1132%,3,156,159,156,3,0,0
0x633f6e,62.5%,3,5,8,5,1,2,0
0x645836,94.2308%,3,49,52,49,1,2,0
0x7582f8,92.3077%,3,36,39,36,3,0,0
0xa39deb,25%,3,1,4,0,0,3,1
0x7a8d31,97.1154%,3,101,104,2,2,1,99
0xa24bd7,97.6%,3,122,125,122,3,0,0
0x9fa7f6,98.4293%,3,188,191,188,3,0,0
0x64e08e,70%,3,7,10,7,1,2,0
0x7b0be1,94.2308%,3,49,52,49,1,2,0
0x646c14,94.2308%,3,49,52,49,1,2,0
0x666072,94.2308%,3,49,52,49,1,2,0
0x9290a2,85%,3,17,20,17,3,0,0
0x63a4d3,99.25%,3,397,400,397,1,2,0
0xa0eec3,99.9597%,3,7433,7436,0,0,3,7433
0x64cd74,96.25%,3,77,80,77,1,2,0
0x403ff4,50%,3,3,6,3,3,0,0
0x5f2406,94.4444%,3,51,54,51,1,2,0
0x7b2fc8,92.8571%,3,39,42,0,1,2,39
0x6637c7,94.2308%,3,49,52,49,1,2,0
0x7cc018,94.2308%,3,49,52,0,0,3,49
0x593c1f,62.5%,3,5,8,0,0,3,5
0x5f616b,92.1053%,3,35,38,0,0,3,35
0x6555ec,99.9778%,3,13512,13515,13512,3,0,0
0x65aae3,90.625%,3,29,32,0,0,3,29
0x63cde7,98.8327%,3,254,257,0,0,3,254
0x6636f5,96.25%,3,77,80,77,1,2,0
0x89fbff,62.5%,3,5,8,0,0,3,5
0x635c9d,97%,3,97,100,97,1,2,0
0x429868,99.9712%,3,10397,10400,10397,3,0,0
0x64b831,99.25%,3,397,400,397,3,0,0
0x6660a2,94.2308%,3,49,52,49,1,2,0
0x634a11,98.5577%,3,205,208,153,3,0,52
0x64c303,99.25%,3,397,400,0,0,3,397
0x65acec,78.5714%,3,11,14,11,1,2,0
0x9e1618,62.5%,3,5,8,0,0,3,5
0x66f732,62.5%,3,5,8,3,3,0,2
0x5e78f3,75%,3,9,12,0,3,0,9
0x7cf3c3,94%,3,47,50,47,1,2,0
0x89fabd,62.5%,3,5,8,5,1,2,0
0x666286,94.2308%,3,49,52,49,1,2,0
0x64e4a4,70%,3,7,10,7,1,2,0
0x7e74aa,66.6667%,2,4,6,4,0,2,0
0x64d5c0,0%,2,0,2,0,0,2,0
0x5eca2b,0%,2,0,2,0,0,2,0
0x659170,96.1538%,2,50,52,50,0,2,0
0xa76199,99.9592%,2,4903,4905,0,0,2,4903
0x667394,96.1538%,2,50,52,0,0,2,50
0x40492a,66.6667%,2,4,6,4,2,0,0
0x76a018,0%,2,0,2,0,2,0,0
0x66a560,0%,2,0,2,0,0,2,0
0x66ac52,75%,2,6,8,6,0,2,0
0x6349ce,0%,2,0,2,0,0,2,0
0x608004,96.1538%,2,50,52,50,0,2,0
0x7cc629,96.1538%,2,50,52,0,0,2,50
0x63feef,0%,2,0,2,0,0,2,0
0x66e5fc,97.5%,2,78,80,0,0,2,78
0x633660,0%,2,0,2,0,0,2,0
0x95a66c,0%,2,0,2,0,2,0,0
0x960ce3,0%,2,0,2,0,2,0,0
0x762d8c,0%,2,0,2,0,0,2,0
0x635ba3,0%,2,0,2,0,0,2,0
0x597eac,75%,2,6,8,0,0,2,6
0x593c99,75%,2,6,8,0,0,2,6
0x7b1d1a,0%,2,0,2,0,2,0,0
0x7b43f5,0%,2,0,2,0,0,2,0
0x66a3ac,96.1538%,2,50,52,0,0,2,50
0x66a3d3,96.1538%,2,50,52,50,0,2,0
0x66a51c,96.1538%,2,50,52,0,0,2,50
0x655432,99.9852%,2,13513,13515,13513,2,0,0
0x6334fb,0%,2,0,2,0,0,2,0
0x66a9a0,96.1538%,2,50,52,50,0,2,0
0x63256b,0%,2,0,2,0,0,2,0
0x66abd1,99.0385%,2,206,208,156,0,2,50
0x66aa12,75%,2,6,8,6,0,2,0
0x63ae2d,83.3333%,2,10,12,0,0,2,10
0x623590,99.9825%,2,11423,11425,11423,2,0,0
0x65b530,0%,2,0,2,0,0,2,0
0x687fa2,0%,2,0,2,0,0,2,0
0x66a97c,96.1538%,2,50,52,0,0,2,50
0x7b27a3,96.1538%,2,50,52,0,0,2,50
0x4a2c43,66.6667%,2,4,6,4,2,0,0
0x6334c8,0%,2,0,2,0,0,2,0
0x75990d,0%,2,0,2,0,2,0,0
0x66aa87,0%,2,0,2,0,0,2,0
0x62e97e,0%,2,0,2,0,0,2,0
0x8c3213,98%,2,98,100,98,2,0,0
0x7e89c9,96.1538%,2,50,52,50,2,0,0
0x5daa74,0%,2,0,2,0,0,2,0
0x6045fc,95.4545%,2,42,44,42,2,0,0
0x67b254,75%,2,6,8,5,1,1,1
0x95acaf,0%,2,0,2,0,2,0,0
0x66a6d2,96.1538%,2,50,52,50,0,2,0
0x76cd70,50%,2,2,4,0,2,0,2
0x4048c7,66.6667%,2,4,6,4,2,0,0
0x67b27b,75%,2,6,8,6,0,2,0
0x7cf59d,0%,2,0,2,0,0,2,0
0x8c0221,98%,2,98,100,0,0,2,98
0x769043,93.75%,2,30,32,2,2,0,28
0x8c334c,98%,2,98,100,98,2,0,0
0x76a95e,75%,2,6,8,0,2,0,6
0x770058,96.1538%,2,50,52,50,0,2,0
0x760b76,0%,2,0,2,0,2,0,0
0x6360aa,0%,2,0,2,0,0,2,0
0x632f24,0%,2,0,2,0,0,2,0
0x7629db,0%,2,0,2,0,0,2,0
0x763293,0%,2,0,2,0,0,2,0
0x7ef49b,0%,2,0,2,0,2,0,0
0x66e392,75%,2,6,8,6,0,2,0
0x67a882,0%,2,0,2,0,0,2,0
0x5f30fd,0%,2,0,2,0,2,0,0
0x598f0c,83.3333%,2,10,12,0,2,0,10
0xa769fb,99.9906%,2,21276,21278,0,0,2,21276
0x774962,96.1538%,2,50,52,50,0,2,0
0x63161e,75%,2,6,8,6,0,2,0
0x605240,0%,2,0,2,0,2,0,0
0x6867bc,0%,2,0,2,0,2,0,0
0x639e8a,71.4286%,2,5,7,0,0,2,5
0x762a5c,94.7368%,2,36,38,0,0,2,36
0x656a93,95%,2,38,40,38,0,2,0
0x949d91,0%,2,0,2,0,0,2,0
0x75cc44,96.1538%,2,50,52,50,2,0,0
0x650815,97.5%,2,78,80,78,0,2,0
0x760e9f,95.2381%,2,40,42,40,0,2,0
0x5987d4,99.8397%,2,1246,1248,1246,2,0,0
0x6338e1,0%,2,0,2,0,0,2,0
0x64193e,0%,2,0,2,0,2,0,0
0x6449d4,0%,2,0,2,0,0,2,0
0x641341,0%,2,0,2,0,0,2,0
0x6316a2,0%,2,0,2,0,0,2,0
0x767432,87.5%,2,14,16,0,0,2,14
0x67a28d,0%,2,0,2,0,0,2,0
0x6316de,75%,2,6,8,5,1,1,1
0x634d5c,0%,2,0,2,0,0,2,0
0x8c49b6,99.9846%,2,12998,13000,0,0,2,12998
0x63153a,0%,2,0,2,0,0,2,0
0x8c4bf6,99.9231%,2,2598,2600,0,0,2,2598
0x7b2288,0%,2,0,2,0,2,0,0
0x9fb643,99.9701%,2,6688,6690,0,0,2,6688
0x614ade,99.9711%,2,6914,6916,6914,2,0,0
0x667a33,96.1538%,2,50,52,0,0,2,50
0x64d217,99.5%,2,398,400,398,2,0,0
0x593d32,75%,2,6,8,0,0,2,6
0x632c42,0%,2,0,2,0,0,2,0
0x403226,92.3077%,2,24,26,24,2,0,0
0x9fb69e,99.2278%,2,257,259,257,2,0,0
0x665b33,96.1538%,2,50,52,0,0,2,50
0x67a98a,75%,2,6,8,6,0,2,0
0x5e663b,96%,2,48,50,0,0,2,48
0xa38b76,95%,2,38,40,0,0,2,38
0x4a2e95,66.6667%,2,4,6,4,2,0,0
0x604e2c,95.4545%,2,42,44,42,2,0,0
0x63ed44,0%,2,0,2,0,0,2,0
0x64d3a1,75%,2,6,8,6,0,2,0
0x7b2208,96.1538%,2,50,52,50,0,2,0
0x763005,95.2381%,2,40,42,40,0,2,0
0x608469,88.8889%,2,16,18,0,0,2,16
0x617ec4,99.9494%,2,3950,3952,0,0,2,3950
0x767156,0%,2,0,2,0,0,2,0
0x8c730d,99.6%,2,498,500,498,0,2,0
0x646b9f,96.1538%,2,50,52,0,0,2,50
0x650b60,0%,2,0,2,0,2,0,0
0x761c9b,88.8889%,2,16,18,16,0,2,0
0x5e6fca,96.2963%,2,52,54,52,2,0,0
0x65c7af,0%,2,0,2,0,0,2,0
0x7628ad,66.6667%,2,4,6,0,0,2,4
0x8c73ec,99.6%,2,498,500,498,0,2,0
0x4049e2,66.6667%,2,4,6,4,2,0,0
0x7cc467,0%,2,0,2,0,0,2,0
0x67a1eb,75%,2,6,8,6,0,2,0
0x75f976,88.8889%,2,16,18,16,0,2,0
0x7cf6bf,0%,2,0,2,0,2,0,0
0x8c156f,98%,2,98,100,0,0,2,98
0x7726ec,75%,2,6,8,6,0,2,0
0x63385f,93.3333%,2,28,30,28,0,2,0
0x62f202,0%,2,0,2,0,0,2,0
0x6475ee,0%,2,0,2,0,0,2,0
0x6325df,98.8095%,2,166,168,166,0,2,0
0x633762,0%,2,0,2,0,0,2,0
0x66b152,96.1538%,2,50,52,50,0,2,0
0x652b8c,99.9573%,2,4678,4680,0,0,2,4678
0x64b8ac,99.9833%,2,12010,12012,12010,2,0,0
0x7cdea7,96.1538%,2,50,52,0,0,2,50
0x9277a7,97.8022%,2,89,91,0,2,0,89
0x9f581e,85.7143%,2,12,14,0,0,2,12
0x67b3d9,0%,2,0,2,0,0,2,0
0x66a1e2,75%,2,6,8,6,0,2,0
0x641d68,96.1538%,2,50,52,0,0,2,50
0x6316fe,75%,2,6,8,6,0,2,0
0x77857e,99.6875%,2,638,640,0,0,2,638
0x8bfedd,99.9784%,2,9257,9259,9257,2,0,0
0x64d674,0%,2,0,2,0,0,2,0
0x5f240f,0%,2,0,2,0,2,0,0
0x75ebd1,95.2381%,2,40,42,40,0,2,0
0x76d8b6,95.4545%,2,42,44,42,0,2,0
0x92b05d,98%,2,98,100,0,0,2,98
0x5f1192,96.2963%,2,52,54,52,2,0,0
0x67b4c4,75%,2,6,8,4,2,0,2
0x634b28,99.6%,2,498,500,0,0,2,498
0x631871,0%,2,0,2,0,0,2,0
0x633732,0%,2,0,2,0,0,2,0
0x669ee3,96.1538%,2,50,52,0,0,2,50
0x6338da,97.5%,2,78,80,78,0,2,0
0x7cc409,96.1538%,2,50,52,50,0,2,0
0x67a0e8,0%,2,0,2,0,0,2,0
0x76ed5c,71.4286%,2,5,7,0,1,1,5
0x598f99,96.1538%,2,50,52,50,0,2,0
0x7cf3fb,0%,2,0,2,0,0,2,0
0x766a3a,50%,2,2,4,2,2,0,0
0x65d8cd,98%,2,98,100,0,0,2,98
0x633869,0%,2,0,2,0,0,2,0
0x631930,0%,2,0,2,0,0,2,0
0x7d0092,0%,2,0,2,0,2,0,0
0x7b3aff,0%,2,0,2,0,2,0,0
0x687158,0%,2,0,2,0,0,2,0
0x66e572,75%,2,6,8,6,0,2,0
0x761cab,0%,2,0,2,0,0,2,0
0x75cd7a,95.4545%,2,42,44,0,0,2,42
0x774884,0%,2,0,2,0,2,0,0
0x66e51f,0%,2,0,2,0,0,2,0
0x6330ae,0%,2,0,2,0,0,2,0
0x66f9c7,85.7143%,2,12,14,0,0,2,12
0x64b55a,0%,2,0,2,0,2,0,0
0x7b0035,0%,2,0,2,0,0,2,0
0x66e452,75%,2,6,8,5,1,1,1
0x66e1d7,0%,2,0,2,0,0,2,0
0x63583f,0%,2,0,2,0,0,2,0
0x5e8fd1,0%,2,0,2,0,0,2,0
0x7cd5f3,96.1538%,2,50,52,0,0,2,50
0x633122,0%,2,0,2,0,0,2,0
0x633239,96.1538%,2,50,52,50,0,2,0
0x7b2aea,0%,2,0,2,0,0,2,0
0x7b3ab8,0%,2,0,2,0,2,0,0
0x7b0801,0%,2,0,2,0,2,0,0
0x659a8f,96.1538%,2,50,52,50,0,2,0
0x6393e7,98%,2,98,100,0,0,2,98
0x66e217,0%,2,0,2,0,0,2,0
0x64a7ad,98%,2,98,100,98,2,0,0
0x7e8482,96.1538%,2,50,52,0,0,2,50
0x7689c5,50%,2,2,4,0,0,2,2
0xa769ae,99.9958%,2,47676,47678,25694,2,0,21982
0x63520a,0%,2,0,2,0,0,2,0
0x67b0fb,75%,2,6,8,6,0,2,0
0x635242,0%,2,0,2,0,0,2,0
0x6573c1,0%,2,0,2,0,0,2,0
0x630ea0,0%,2,0,2,0,0,2,0
0x9ff099,85.7143%,2,12,14,12,2,0,0
0x63525f,97.5%,2,78,80,78,0,2,0
0x64e296,80%,2,8,10,8,0,2,0
0x959e3d,96.1538%,2,50,52,50,0,2,0
0x652564,99.9926%,2,26845,26847,0,0,2,26845
0x644801,0%,2,0,2,0,0,2,0
0x7b35ef,0%,2,0,2,0,2,0,0
0x634f0d,0%,2,0,2,0,0,2,0
0x6430ad,0%,2,0,2,0,0,2,0
0x4ba392,0%,2,0,2,0,0,2,0
0x659263,0%,2,0,2,0,0,2,0
0x66e993,98%,2,98,100,98,0,2,0
0x64d99b,97.5%,2,78,80,78,0,2,0
0x6446f8,99.9231%,2,2598,2600,0,0,2,2598
0x7e7621,96.1538%,2,50,52,50,0,2,0
0x7edb34,0%,2,0,2,0,0,2,0
0x94a0b1,0%,2,0,2,0,2,0,0
0x6315ab,0%,2,0,2,0,0,2,0
0x65ae1c,75%,2,6,8,6,2,0,0
0x645788,96.1538%,2,50,52,0,0,2,50
0x64d50f,75%,2,6,8,6,0,2,0
0x633e82,0%,2,0,2,0,0,2,0
0x67ad44,75%,2,6,8,4,2,0,2
0x5f239e,96.1538%,2,50,52,50,0,2,0
0x65d102,96.1538%,2,50,52,0,0,2,50
0x633ba8,0%,2,0,2,0,0,2,0
0x605294,0%,2,0,2,0,2,0,0
0x66abe0,96.1538%,2,50,52,50,0,2,0
0xa2bc10,50%,2,2,4,0,0,2,2
0x67ad85,75%,2,6,8,6,0,2,0
0x7b3181,96.1538%,2,50,52,50,0,2,0
0x596ef2,98.7179%,2,154,156,0,0,2,154
0xa397a5,71.4286%,2,5,7,5,2,0,0
0x7b30d9,0%,2,0,2,0,0,2,0
0x633da3,0%,2,0,2,0,0,2,0
0x634d2d,0%,2,0,2,0,0,2,0
0x67ada8,0%,2,0,2,0,0,2,0
0x67aefd,75%,2,6,8,6,2,0,0
0x64675f,96.1538%,2,50,52,0,0,2,50
0x65adc1,75%,2,6,8,6,0,2,0
0x633d1d,0%,2,0,2,0,0,2,0
0x631723,0%,2,0,2,0,0,2,0
0x7affa0,0%,2,0,2,0,0,2,0
0x67adfb,75%,2,6,8,6,0,2,0
0x66fea4,99.0385%,2,206,208,0,0,2,206
0x64abd1,0%,2,0,2,0,0,2,0
0x657354,0%,2,0,2,0,0,2,0
0x66e158,0%,2,0,2,0,0,2,0
0x67aa30,75%,2,6,8,6,2,0,0
0x62ea7e,0%,2,0,2,0,0,2,0
0x66e0f2,0%,2,0,2,0,0,2,0
0x688412,0%,2,0,2,0,2,0,0
0x634a24,0%,2,0,2,0,0,2,0
0x9e14e5,97.9167%,2,94,96,0,0,2,94
0x8c0a65,0%,2,0,2,0,0,2,0
0x7d0203,0%,2,0,2,0,2,0,0
0x67a5de,75%,2,6,8,6,0,2,0
0x651438,75%,2,6,8,6,0,2,0
0x67ac05,75%,2,6,8,6,0,2,0
0x7b36fa,96.1538%,2,50,52,0,0,2,50
0x67af7b,75%,2,6,8,6,0,2,0
0x8c3b21,99.6%,2,498,500,0,0,2,498
0x64d433,0%,2,0,2,0,0,2,0
0x65aa2c,99.4898%,2,390,392,390,2,0,0
0x76239f,0%,2,0,2,0,0,2,0
0x6340bf,0%,2,0,2,0,0,2,0
0x927c15,99.4521%,2,363,365,0,0,2,363
0x6341ba,0%,2,0,2,0,0,2,0
0x63434d,96.1538%,2,50,52,50,0,2,0
0x5e5ab2,0%,2,0,2,0,2,0,0
0x64bb02,0%,2,0,2,0,0,2,0
0x634649,0%,2,0,2,0,0,2,0
0x772b3a,96.1538%,2,50,52,50,2,0,0
0x7ccb2f,0%,2,0,2,0,0,2,0
0x641052,0%,2,0,2,0,0,2,0
0x7cb4d1,0%,2,0,2,0,0,2,0
0x62e93e,0%,2,0,2,0,0,2,0
0x66b2ef,0%,2,0,2,0,0,2,0
0x7682c0,98.0769%,2,102,104,0,0,2,102
0x635bbe,75%,2,6,8,6,0,2,0
0x685a9e,0%,2,0,2,0,2,0,0
0x64a6e3,98%,2,98,100,98,2,0,0
0x66b212,96.1538%,2,50,52,50,0,2,0
0x66b44c,88.8889%,2,16,18,0,0,2,16
0x658be2,0%,2,0,2,0,0,2,0
0x670310,75%,2,6,8,6,0,2,0
0x650b83,0%,2,0,2,0,2,0,0
0x927356,80%,2,8,10,0,1,1,8
0x670032,99.5192%,2,414,416,208,0,2,206
0x76832a,98.0769%,2,102,104,0,0,2,102
0x647202,96.1538%,2,50,52,50,0,2,0
0x949ff0,75%,2,6,8,6,0,2,0
0x6313cc,0%,2,0,2,0,0,2,0
0x66fd7f,99.0385%,2,206,208,0,0,2,206
0x64c702,99.95%,2,3998,4000,3998,2,0,0
0x95a065,96.1538%,2,50,52,50,0,2,0
0x66aea3,96.1538%,2,50,52,50,0,2,0
0x6348d1,0%,2,0,2,0,0,2,0
0x40312c,92.3077%,2,24,26,24,2,0,0
0x8c32fb,98%,2,98,100,0,0,2,98
0x66afe8,0%,2,0,2,0,0,2,0
0x66b092,96.1538%,2,50,52,50,0,2,0
0x66b16f,0%,2,0,2,0,0,2,0
0x767ce2,50%,2,2,4,2,2,0,0
0x64f24c,99.9939%,2,32638,32640,0,0,2,32638
0x7627bf,66.6667%,2,4,6,0,2,0,4
0x6d9215,87.5%,2,14,16,0,0,2,14
0x604702,95.4545%,2,42,44,42,2,0,0
0x655199,90%,2,18,20,0,0,2,18
0x6453de,0%,2,0,2,0,0,2,0
0x6053ca,0%,2,0,2,0,2,0,0
0x5957fd,95.2381%,2,40,42,40,2,0,0
0x656d98,0%,2,0,2,0,0,2,0
0x8c4c51,99.9231%,2,2598,2600,2598,2,0,0
0x67aeae,75%,2,6,8,6,2,0,0
0x63bff4,99.9808%,2,10398,10400,0,0,2,10398
0x8c5153,99.9231%,2,2598,2600,0,0,2,2598
0x778556,99%,2,198,200,0,0,2,198
0x7aff6c,0%,2,0,2,0,2,0,0
0x7cca83,0%,2,0,2,0,2,0,0
0x7625a9,66.6667%,2,4,6,0,0,2,4
0x67abc9,0%,2,0,2,0,0,2,0
0x66f1f2,75%,2,6,8,5,1,1,1
0x66b923,96.1538%,2,50,52,50,0,2,0
0x7aa68d,96.1538%,2,50,52,50,0,2,0
0x8c0270,99%,2,198,200,98,2,0,100
0x66efdb,97.5%,2,78,80,78,0,2,0
0x66eef7,0%,2,0,2,0,0,2,0
0x66ee02,0%,2,0,2,0,0,2,0
0x67b67d,75%,2,6,8,6,2,0,0
0x7b3beb,0%,2,0,2,0,2,0,0
0x6044f6,95.4545%,2,42,44,42,2,0,0
0x64b05c,96.1538%,2,50,52,0,0,2,50
0x66aea8,0%,2,0,2,0,0,2,0
0x634df0,0%,2,0,2,0,0,2,0
0x76bb18,95.2381%,2,40,42,0,0,2,40
0x7cb5ef,0%,2,0,2,0,2,0,0
0x67a938,0%,2,0,2,0,0,2,0
0x7b3f92,99.0385%,2,206,208,155,1,1,51
0x7693db,98.0769%,2,102,104,102,2,0,0
0x66ec16,96.1538%,2,50,52,50,0,2,0
0x634e67,0%,2,0,2,0,0,2,0
0x76bb34,95.2381%,2,40,42,0,0,2,40
0x7b3c45,0%,2,0,2,0,0,2,0
0x66ea97,0%,2,0,2,0,0,2,0
0x63516f,0%,2,0,2,0,0,2,0
0x66f49f,0%,2,0,2,0,0,2,0
0x6344e5,0%,2,0,2,0,0,2,0
0x7684e9,99.359%,2,310,312,0,0,2,310
0x7cd492,96.1538%,2,50,52,0,0,2,50
0x6344a6,0%,2,0,2,0,0,2,0
0x76bec2,95.4545%,2,42,44,0,0,2,42
0x7cb6f1,0%,2,0,2,0,0,2,0
0x9fef0e,50%,2,2,4,0,0,2,2
0x635698,0%,2,0,2,0,0,2,0
0x6f4d2e,96.1538%,2,50,52,50,0,2,0
0x66b562,96.1538%,2,50,52,50,0,2,0
0xa3a208,50%,2,2,4,0,1,1,2
0x66e82c,96.1538%,2,50,52,0,0,2,50
0x6509f2,0%,2,0,2,0,2,0,0
0x633f8e,75%,2,6,8,6,0,2,0
0x66b6ff,0%,2,0,2,0,0,2,0
0x6417f1,0%,2,0,2,0,0,2,0
0x757966,96.1538%,2,50,52,50,0,2,0
0x68200f,50%,2,2,4,0,0,2,2
0x66e272,75%,2,6,8,6,0,2,0
0x64e74c,99.9755%,2,8158,8160,0,0,2,8158
0x663bf6,97.5%,2,78,80,78,0,2,0
0x8c20c0,0%,2,0,2,0,0,2,0
0x7b3fa0,96.1538%,2,50,52,0,0,2,50
0x76bd0d,0%,2,0,2,0,0,2,0
0x429fd3,99.2308%,2,258,260,258,2,0,0
0x429e54,75%,2,6,8,0,0,2,6
0x66723f,96.1538%,2,50,52,50,0,2,0
0x667389,96.1538%,2,50,52,50,0,2,0
0x7cf48c,0%,2,0,2,0,0,2,0
0x7e72ec,96.1538%,2,50,52,0,0,2,50
0x7cdc2b,96.1538%,2,50,52,0,0,2,50
0x64cd88,0%,2,0,2,0,0,2,0
0x6876c6,0%,2,0,2,0,2,0,0
0x7e737c,96.1538%,2,50,52,50,0,2,0
0x5e9766,96.2963%,2,52,54,0,0,2,52
0x7579a3,96.1538%,2,50,52,0,0,2,50
0x65968d,0%,2,0,2,0,0,2,0
0x5e9ae0,96.1538%,2,50,52,50,0,2,0
0x667723,99.0385%,2,206,208,206,2,0,0
0x7e7593,96.1538%,2,50,52,0,0,2,50
0x632525,95%,2,38,40,38,0,2,0
0x6679b3,96.1538%,2,50,52,0,0,2,50
0x5e7f71,94.8718%,2,37,39,37,2,0,0
0x5f051f,0%,2,0,2,0,0,2,0
0x961961,98.7421%,2,157,159,0,0,2,157
0x949fdb,75%,2,6,8,6,2,0,0
0x7733c5,96.1538%,2,50,52,0,0,2,50
0x5f69d8,97.3684%,2,74,76,38,0,2,36
0x64b59b,0%,2,0,2,0,0,2,0
0x667a6b,96.1538%,2,50,52,50,0,2,0
0x6051cc,0%,2,0,2,0,2,0,0
0x643c85,99.9808%,2,10398,10400,10398,2,0,0
0x429fc9,98.5714%,2,138,140,138,2,0,0
0x7699af,99.5192%,2,414,416,0,0,2,414
0x7cd871,96.1538%,2,50,52,50,2,0,0
0x7cdeb2,96.1538%,2,50,52,50,2,0,0
0x635e5b,0%,2,0,2,0,0,2,0
0x89fc5c,75%,2,6,8,0,0,2,6
0x9289bd,98.7421%,2,157,159,0,0,2,157
0x62ebbe,0%,2,0,2,0,0,2,0
0x89fbf5,75%,2,6,8,0,0,2,6
0x6605c1,0%,2,0,2,0,2,0,0
0xa3a212,50%,2,2,4,0,0,2,2
0x666c4d,75%,2,6,8,0,0,2,6
0x6036f3,87.5%,2,14,16,0,0,2,14
0x429901,99.8509%,2,1339,1341,1339,2,0,0
0x7cca1f,66.6667%,2,4,6,0,2,0,4
0x42aa6d,85.7143%,2,12,14,12,2,0,0
0x75f2e4,95.4545%,2,42,44,42,0,2,0
0x669f04,96.1538%,2,50,52,50,0,2,0
0x60346e,87.5%,2,14,16,2,0,2,12
0x5e858a,84.6154%,2,11,13,11,2,0,0
0x618163,99.9494%,2,3950,3952,0,0,2,3950
0x666d68,75%,2,6,8,0,0,2,6
0x65af8a,0%,2,0,2,0,0,2,0
0x687e66,0%,2,0,2,0,2,0,0
0x666e85,75%,2,6,8,0,0,2,6
0x76cf29,0%,2,0,2,0,0,2,0
0x687c74,0%,2,0,2,0,0,2,0
0x62effe,0%,2,0,2,0,0,2,0
0x687c02,0%,2,0,2,0,0,2,0
0x592cd1,75%,2,6,8,0,0,2,6
0x687ba8,96.1538%,2,50,52,50,0,2,0
0x66e3f2,75%,2,6,8,6,0,2,0
0x634e92,0%,2,0,2,0,0,2,0
0x7cf429,0%,2,0,2,0,0,2,0
0x6497d4,0%,2,0,2,0,0,2,0
0x5f4f53,50%,2,2,4,2,0,2,0
0x646029,96.1538%,2,50,52,50,0,2,0
0x66a6f2,0%,2,0,2,0,0,2,0
0x5e7152,95.8333%,2,46,48,46,0,2,0
0x64ffb4,0%,2,0,2,0,0,2,0
0x7cd0d3,0%,2,0,2,0,2,0,0
0x5e708f,0%,2,0,2,0,2,0,0
0x5e7069,50%,2,2,4,2,0,2,0
0x960aca,98.7421%,2,157,159,0,0,2,157
0x8bf1c4,98%,2,98,100,0,0,2,98
0x7ce201,96.1538%,2,50,52,50,2,0,0
0x5e7028,96.2963%,2,52,54,52,0,2,0
0x608f1e,99.0991%,2,220,222,0,0,2,220
0x5e6fb6,96.2963%,2,52,54,0,0,2,52
0x5e6ef3,0%,2,0,2,0,0,2,0
0x5f503e,98.1481%,2,106,108,0,0,2,106
0x7cf609,0%,2,0,2,0,2,0,0
0x5e6cb1,75%,2,6,8,6,0,2,0
0x5e6877,99%,2,198,200,150,0,2,48
0x64546f,0%,2,0,2,0,0,2,0
0x61690d,96.1538%,2,50,52,0,0,2,50
0x59806b,98.5294%,2,134,136,0,0,2,134
0x5e68f2,99.84%,2,1248,1250,0,0,2,1248
0x63efef,0%,2,0,2,0,0,2,0
0x757ae6,96.1538%,2,50,52,50,0,2,0
0x62f24c,0%,2,0,2,0,0,2,0
0x65a69f,0%,2,0,2,0,0,2,0
0x62f2c7,0%,2,0,2,0,0,2,0
0x606050,92.3077%,2,24,26,0,0,2,24
0x656fe1,0%,2,0,2,0,0,2,0
0x5e7b40,84.6154%,2,11,13,11,2,0,0
0x8bf819,0%,2,0,2,0,0,2,0
0x5e8356,99.3377%,2,300,302,0,0,2,300
0x62f5db,0%,2,0,2,0,0,2,0
0x8c0456,0%,2,0,2,0,2,0,0
0x7aeebd,0%,2,0,2,0,2,0,0
0x65a057,0%,2,0,2,0,2,0,0
0x667a70,0%,2,0,2,0,0,2,0
0x667b32,96.1538%,2,50,52,0,0,2,50
0x5e7f5a,96.1538%,2,50,52,50,2,0,0
0x76fe62,75%,2,6,8,6,0,2,0
0x637c93,99.2218%,2,255,257,0,0,2,255
0x667bdb,0%,2,0,2,0,0,2,0
0x669932,96.1538%,2,50,52,0,0,2,50
0x66e627,97.5%,2,78,80,78,0,2,0
0x8c0392,98%,2,98,100,98,0,2,0
0x7aa1b9,0%,2,0,2,0,0,2,0
0x7cd713,96.1538%,2,50,52,0,0,2,50
0x64b10c,96.1538%,2,50,52,0,0,2,50
0x7cf49f,0%,2,0,2,0,0,2,0
0x638050,99.9701%,2,6680,6682,6680,2,0,0
0x5e74d3,75%,2,6,8,0,0,2,6
0x66e633,0%,2,0,2,0,0,2,0
0x76fc9f,96.1538%,2,50,52,50,0,2,0
0x5e72b0,0%,2,0,2,0,2,0,0
0x8bff2f,98.1308%,2,105,107,0,0,2,105
0x669f9c,0%,2,0,2,0,0,2,0
0x7cf4f8,0%,2,0,2,0,0,2,0
0x7cd56c,96.1538%,2,50,52,50,0,2,0
0x7cd4ac,96.1538%,2,50,52,0,0,2,50
0x5ea6b0,99.0385%,2,206,208,0,0,2,206
0x663b2a,0%,2,0,2,0,0,2,0
0x660ccf,0%,2,0,2,0,2,0,0
0x6654b1,0%,2,0,2,0,0,2,0
0x7d05a5,96.1538%,2,50,52,50,0,2,0
0x7e8173,96.1538%,2,50,52,0,0,2,50
0x66671f,96.2963%,2,52,54,0,0,2,52
0x928dde,98.7421%,2,157,159,0,0,2,157
0x760f29,66.6667%,2,4,6,4,0,2,0
0x66549e,0%,2,0,2,0,0,2,0
0x6640cd,85.7143%,2,12,14,12,0,2,0
0x65a003,0%,2,0,2,0,2,0,0
0x6434fd,96.1538%,2,50,52,50,0,2,0
0x657128,0%,2,0,2,0,0,2,0
0x663c04,0%,2,0,2,0,0,2,0
0x5ea00e,75%,2,6,8,6,0,2,0
0x65c1ca,0%,2,0,2,0,0,2,0
0x6663f9,0%,2,0,2,0,0,2,0
0x67ad1e,75%,2,6,8,6,2,0,0
0x75e081,0%,2,0,2,0,0,2,0
0x75e9f8,95.2381%,2,40,42,40,2,0,0
0x663ab6,98%,2,98,100,98,0,2,0
0x6031b6,90.9091%,2,20,22,0,0,2,20
0x663a7a,0%,2,0,2,0,0,2,0
0x633c5a,0%,2,0,2,0,0,2,0
0x7ceb37,0%,2,0,2,0,2,0,0
0x659fe1,0%,2,0,2,0,2,0,0
0x7ce2f1,0%,2,0,2,0,2,0,0
0x6605ef,0%,2,0,2,0,2,0,0
0x661abc,0%,2,0,2,0,2,0,0
0x663817,96.1538%,2,50,52,50,0,2,0
0x7ce28b,0%,2,0,2,0,2,0,0
0x665ef3,96.1538%,2,50,52,0,0,2,50
0x65a51b,0%,2,0,2,0,0,2,0
0x666083,96.1538%,2,50,52,0,0,2,50
0x666192,96.2963%,2,52,54,52,0,2,0
0x6661c2,96.2963%,2,52,54,52,0,2,0
0x666042,96.1538%,2,50,52,50,0,2,0
0x666023,96.1538%,2,50,52,0,0,2,50
0x63039b,0%,2,0,2,0,0,2,0
0x598fb6,0%,2,0,2,0,2,0,0
0x643b47,0%,2,0,2,0,0,2,0
0x7cea2e,0%,2,0,2,0,0,2,0
0x666263,96.1538%,2,50,52,0,0,2,50
0x666293,96.1538%,2,50,52,0,0,2,50
0x76fffd,96.1538%,2,50,52,50,2,0,0
0x75ddfa,85.7143%,2,12,14,0,0,2,12
0x76a6d2,0%,2,0,2,0,0,2,0
0xa90ebd,99.784%,2,924,926,0,0,2,924
0x66631f,96.1538%,2,50,52,50,0,2,0
0x607de9,0%,2,0,2,0,0,2,0
0x64688f,96.1538%,2,50,52,0,0,2,50
0x63ecd7,0%,2,0,2,0,0,2,0
0x75d19a,0%,2,0,2,0,2,0,0
0x75fa05,66.6667%,2,4,6,4,0,2,0
0x665d00,96.1538%,2,50,52,50,2,0,0
0x6512ce,97.5%,2,78,80,78,0,2,0
0x8c0167,75%,2,6,8,6,0,2,0
0x665c26,96.1538%,2,50,52,50,0,2,0
0x665b73,96.1538%,2,50,52,0,0,2,50
0x646910,0%,2,0,2,0,0,2,0
0x7681fe,98.0769%,2,102,104,0,0,2,102
0x665a82,96.1538%,2,50,52,50,0,2,0
0x89fed8,0%,2,0,2,0,0,2,0
0x96139f,98.7421%,2,157,159,0,0,2,157
0x8a0116,0%,2,0,2,0,0,2,0
0x8a00a8,0%,2,0,2,0,0,2,0
0x5e6eee,75%,2,6,8,6,0,2,0
0x7ceccf,0%,2,0,2,0,2,0,0
0xa31d37,99.9812%,2,10623,10625,10623,2,0,0
0x62f8ef,0%,2,0,2,0,0,2,0
0xa22505,99.839%,2,1240,1242,0,2,0,1240
0x8c61ca,99.9846%,2,12998,13000,0,0,2,12998
0x89ffc2,0%,2,0,2,0,2,0,0
0x7cee08,0%,2,0,2,0,2,0,0
0x89ffb8,0%,2,0,2,0,0,2,0
0x89ff5b,0%,2,0,2,0,0,2,0
0x604d26,95.4545%,2,42,44,42,2,0,0
0x6346ad,0%,2,0,2,0,0,2,0
0x64308d,96.1538%,2,50,52,50,0,2,0
0x8c12d3,75%,2,6,8,4,2,0,2
0x7cefa4,0%,2,0,2,0,2,0,0
0x64a806,98%,2,98,100,98,2,0,0
0x9f8120,98.9529%,2,189,191,0,0,2,189
0x75d748,75%,2,6,8,6,2,0,0
0x9fa803,98.9529%,2,189,191,0,0,2,189
0x66a252,75%,2,6,8,6,0,2,0
0x4048f1,66.6667%,2,4,6,0,0,2,4
0x62ebde,0%,2,0,2,0,0,2,0
0x7e75cf,96.1538%,2,50,52,0,0,2,50
0x9fa80d,98.9529%,2,189,191,0,0,2,189
0x8c445a,99.9231%,2,2598,2600,0,0,2,2598
0x64d819,0%,2,0,2,0,0,2,0
0x929b3a,98.7421%,2,157,159,0,0,2,157
0x593d6c,75%,2,6,8,0,0,2,6
0xa78de4,0%,2,0,2,0,0,2,0
0x75e1a9,0%,2,0,2,0,2,0,0
0x757943,96.1538%,2,50,52,0,0,2,50
0x7aab54,0%,2,0,2,0,2,0,0
0x7cd42c,96.1538%,2,50,52,50,0,2,0
0x5e908d,50%,2,2,4,0,2,0,2
0x642842,96.1538%,2,50,52,50,0,2,0
0x593baf,75%,2,6,8,0,0,2,6
0x75f91b,88.8889%,2,16,18,16,2,0,0
0x8c494c,99.9846%,2,12998,13000,0,0,2,12998
0x632401,0%,2,0,2,0,0,2,0
0x643278,96.1538%,2,50,52,50,0,2,0
0xa78e5f,0%,2,0,2,0,0,2,0
0x593d19,75%,2,6,8,0,0,2,6
0x62f91a,0%,2,0,2,0,0,2,0
0x7ccfed,96.1538%,2,50,52,0,0,2,50
0x602d83,0%,2,0,2,0,0,2,0
0x593d7b,75%,2,6,8,0,0,2,6
0x631389,96.1538%,2,50,52,50,0,2,0
0x9e0957,99.7333%,2,748,750,0,2,0,748
0x76ca00,95.4545%,2,42,44,42,0,2,0
0x7ce24c,96.1538%,2,50,52,50,0,2,0
0x926c63,75%,2,6,8,0,0,2,6
0x5ef85b,0%,2,0,2,0,0,2,0
0x688305,0%,2,0,2,0,0,2,0
0x594848,99.0385%,2,206,208,0,0,2,206
0x594879,99.0385%,2,206,208,206,2,0,0
0xa0efdd,99.9486%,2,3892,3894,0,0,2,3892
0xa22cd8,94.1176%,2,32,34,0,0,2,32
0x8a01a2,0%,2,0,2,0,2,0,0
0x7ceed8,0%,2,0,2,0,2,0,0
0x643863,0%,2,0,2,0,0,2,0
0x5f3aad,50%,2,2,4,0,2,0,2
0x5aca0d,50%,2,2,4,2,2,0,0
0x763261,0%,2,0,2,0,0,2,0
0x64a749,98%,2,98,100,98,2,0,0
0x630f80,0%,2,0,2,0,0,2,0
0x8c4da3,99.9231%,2,2598,2600,2598,2,0,0
0x630fa7,96.1538%,2,50,52,0,0,2,50
0x660860,0%,2,0,2,0,2,0,0
0x92a5b1,97.8022%,2,89,91,0,0,2,89
0x5f310e,75%,2,6,8,6,2,0,0
0x630fd2,0%,2,0,2,0,0,2,0
0x650a5b,0%,2,0,2,0,2,0,0
0x7a9d8f,98.0769%,2,102,104,0,0,2,102
0x6357d2,0%,2,0,2,0,0,2,0
0x7a9266,50%,2,2,4,0,0,2,2
0x77259f,96.1538%,2,50,52,0,0,2,50
0x661c25,0%,2,0,2,0,2,0,0
0x64b5cb,0%,2,0,2,0,0,2,0
0x5f30fb,90%,2,18,20,16,2,0,2
0x60326d,90.9091%,2,20,22,20,0,2,0
0x6f522c,96.1538%,2,50,52,50,0,2,0
0x6310c2,0%,2,0,2,0,0,2,0
0x5f1eaf,99.2982%,2,283,285,0,0,2,283
0xa3a5cc,50%,2,2,4,0,0,2,2
0x64983c,0%,2,0,2,0,0,2,0
0x9f4f37,99.2337%,2,259,261,259,2,0,0
0x5f1b08,99.9025%,2,2050,2052,0,0,2,2050
0x75d6c4,75%,2,6,8,6,0,2,0
0x8bf829,0%,2,0,2,0,2,0,0
0x62fcc8,0%,2,0,2,0,0,2,0
0x633e3b,0%,2,0,2,0,0,2,0
0x5f4467,33.3333%,2,1,3,1,1,1,0
0x76bc30,0%,2,0,2,0,0,2,0
0x642b4a,96.1538%,2,50,52,50,2,0,0
0x645e19,96.1538%,2,50,52,0,0,2,50
0x7c894f,50%,2,2,4,2,2,0,0
0x5f4c1c,50%,2,2,4,1,1,1,1
0x635222,0%,2,0,2,0,0,2,0
0x5f4b41,97.2603%,2,71,73,0,0,2,71
0x62ec5e,0%,2,0,2,0,0,2,0
0x6346e9,0%,2,0,2,0,0,2,0
0x631486,0%,2,0,2,0,0,2,0
0x75d230,95.4545%,2,42,44,0,0,2,42
0x6e6814,0%,2,0,2,0,2,0,0
0x63391d,97.5%,2,78,80,78,0,2,0
0x765d5f,97.9167%,2,94,96,0,0,2,94
0x631799,88.8889%,2,16,18,16,0,2,0
0x6699d2,96.1538%,2,50,52,50,0,2,0
0x659672,99.0385%,2,206,208,154,2,0,52
0x7656cd,50%,2,2,4,0,0,2,2
0x8c15f8,98.4733%,2,129,131,0,0,2,129
0x5ac5bf,0%,2,0,2,0,2,0,0
0x5f4290,90.9091%,2,20,22,0,0,2,20
0x5f4201,60%,2,3,5,0,1,1,3
0x7ccb39,0%,2,0,2,0,2,0,0
0x7cd284,0%,2,0,2,0,2,0,0
0x630a36,0%,2,0,2,0,0,2,0
0x630bd7,0%,2,0,2,0,0,2,0
0x5f3ad5,50%,2,2,4,1,1,1,1
0x65d645,0%,2,0,2,0,0,2,0
0x7b1c40,0%,2,0,2,0,2,0,0
0x770e9f,0%,2,0,2,0,0,2,0
0x659fb7,0%,2,0,2,0,2,0,0
0x5f0787,0%,2,0,2,0,0,2,0
0x5f0752,0%,2,0,2,0,0,2,0
0x6086eb,0%,2,0,2,0,0,2,0
0x5f0721,0%,2,0,2,0,0,2,0
0x7cbf46,0%,2,0,2,0,0,2,0
0x5f065e,0%,2,0,2,0,2,0,0
0xa395f5,71.4286%,2,5,7,5,2,0,0
0x596c8a,98.7179%,2,154,156,0,0,2,154
0x5f0533,0%,2,0,2,0,2,0,0
0x7cf2c0,96.1538%,2,50,52,50,2,0,0
0x67a238,75%,2,6,8,0,0,2,6
0x65747a,0%,2,0,2,0,2,0,0
0x661a29,0%,2,0,2,0,0,2,0
0x7cf577,0%,2,0,2,0,0,2,0
0xa38b13,66.6667%,2,4,6,4,2,0,0
0x66f737,0%,2,0,2,0,0,2,0
0x665f12,96.1538%,2,50,52,50,0,2,0
0x7edd6b,96.1538%,2,50,52,50,0,2,0
0x5f12c5,96.2963%,2,52,54,0,0,2,52
0x5f12ab,96.2963%,2,52,54,0,0,2,52
0x65cec4,96.1538%,2,50,52,50,0,2,0
0x65bf04,96.1538%,2,50,52,50,0,2,0
0x646f49,0%,2,0,2,0,0,2,0
0x6314bc,96.1538%,2,50,52,50,0,2,0
0x67ab9e,75%,2,6,8,6,2,0,0
0xa43c98,99.9812%,2,10623,10625,0,0,2,10623
0x67aada,0%,2,0,2,0,0,2,0
0x67aab9,75%,2,6,8,0,0,2,6
0x9f98f2,99.9021%,2,2040,2042,0,0,2,2040
0x9f4f8c,99.2337%,2,259,261,0,0,2,259
0x6400a6,0%,2,0,2,0,0,2,0
0x66f257,0%,2,0,2,0,0,2,0
0x926b2b,71.4286%,2,5,7,5,2,0,0
0x650bca,0%,2,0,2,0,2,0,0
0x5f36bb,94.7368%,2,36,38,18,2,0,18
0x62f7af,0%,2,0,2,0,0,2,0
0x5f3390,99.3421%,2,302,304,302,2,0,0
0x63126c,96.1538%,2,50,52,0,0,2,50
0x5f3584,99.3421%,2,302,304,302,2,0,0
0x7b35a0,0%,2,0,2,0,2,0,0
0x5f35cd,99.8988%,2,1974,1976,0,0,2,1974
0x5f34cc,99.8988%,2,1974,1976,1974,2,0,0
0x7e7faf,96.1538%,2,50,52,0,0,2,50
0x766060,50%,2,2,4,0,0,2,2
0x5f4cfd,96.2963%,2,52,54,52,0,2,0
0x89fca3,75%,2,6,8,6,2,0,0
0x763122,0%,2,0,2,0,0,2,0
0x76614d,50%,2,2,4,0,0,2,2
0x7ccc58,0%,2,0,2,0,0,2,0
0x645bf3,99.9808%,2,10398,10400,0,0,2,10398
0x5f2f6b,0%,2,0,2,0,2,0,0
0x64e189,80%,2,8,10,0,0,2,8
0x5f2f22,96.1538%,2,50,52,50,0,2,0
0x6636fa,0%,2,0,2,0,0,2,0
0x5f0ade,99.9564%,2,4586,4588,0,0,2,4586
0x4ba178,0%,2,0,2,0,2,0,0
0x5f2ac9,0%,2,0,2,0,2,0,0
0x7cbe47,0%,2,0,2,0,0,2,0
0x63138e,0%,2,0,2,0,0,2,0
0x5ef8d7,0%,2,0,2,0,2,0,0
0x5f73f0,97.3684%,2,74,76,38,0,2,36
0x686544,0%,2,0,2,0,2,0,0
0x67abae,75%,2,6,8,6,2,0,0
0x6864d8,0%,2,0,2,0,2,0,0
0x960df4,98.7421%,2,157,159,0,0,2,157
0x7b223e,0%,2,0,2,0,0,2,0
0x5efae7,50%,2,2,4,2,0,2,0
0x771ef3,0%,2,0,2,0,2,0,0
0x5ef9dc,0%,2,0,2,0,0,2,0
0x5ef98b,0%,2,0,2,0,2,0,0
0x639af6,75%,2,6,8,6,0,2,0
0x64aefc,96.1538%,2,50,52,0,0,2,50
0x7d0001,0%,2,0,2,0,0,2,0
0x7aacd8,96.1538%,2,50,52,50,2,0,0
0x8bef68,99.0385%,2,206,208,206,2,0,0
0x6467cf,96.1538%,2,50,52,50,0,2,0
0x8c14df,99.3103%,2,288,290,31,2,0,257
0x7d0014,0%,2,0,2,0,2,0,0
0x76b642,95.4545%,2,42,44,0,0,2,42
0x64984e,0%,2,0,2,0,0,2,0
0x607dda,0%,2,0,2,0,0,2,0
0x64bc3a,0%,2,0,2,0,2,0,0
0x5ef73c,0%,2,0,2,0,0,2,0
0x5aca8b,50%,2,2,4,2,2,0,0
0x66ba5e,0%,2,0,2,0,2,0,0
0x5f007d,99.5074%,2,404,406,404,2,0,0
0x62fd8d,0%,2,0,2,0,0,2,0
0x5aca87,50%,2,2,4,0,0,2,2
0x8c4d68,99.9231%,2,2598,2600,0,0,2,2598
0x61c474,0%,2,0,2,0,2,0,0
0x5da276,0%,2,0,2,0,0,2,0
0x760ffc,95.4545%,2,42,44,42,0,2,0
0x5da6d6,96.1538%,2,50,52,0,0,2,50
0x7cd1ae,0%,2,0,2,0,2,0,0
0x758989,96.1538%,2,50,52,0,0,2,50
0x5da555,0%,2,0,2,0,0,2,0
0x5da4b3,0%,2,0,2,0,0,2,0
0x62f3d6,0%,2,0,2,0,0,2,0
0x639791,0%,2,0,2,0,0,2,0
0x5da32a,0%,2,0,2,0,2,0,0
0x62f49b,0%,2,0,2,0,0,2,0
0x5da31a,50%,2,2,4,2,0,2,0
0x60845a,88.8889%,2,16,18,0,0,2,16
0x5fd136,97.7273%,2,86,88,86,2,0,0
0x5da298,0%,2,0,2,0,0,2,0
0x6085e7,99.8932%,2,1870,1872,1870,2,0,0
0x769a2d,50%,2,2,4,0,0,2,2
0x8c10f8,0%,2,0,2,0,2,0,0
0x7c8a5e,50%,2,2,4,2,0,2,0
0x62f516,0%,2,0,2,0,0,2,0
0x687176,0%,2,0,2,0,0,2,0
0x5a8fae,98.5075%,2,132,134,0,0,2,132
0x686b49,96.1538%,2,50,52,50,2,0,0
0x686607,0%,2,0,2,0,0,2,0
0x62f32c,0%,2,0,2,0,0,2,0
0x5da53f,75%,2,6,8,6,0,2,0
0x62f705,0%,2,0,2,0,0,2,0
0x590a81,75%,2,6,8,0,0,2,6
0x7ccd8a,66.6667%,2,4,6,0,0,2,4
0x5f7bbe,0%,2,0,2,0,2,0,0
0x636a3c,99.2218%,2,255,257,0,0,2,255
0x640945,0%,2,0,2,0,0,2,0
0x7e660d,0%,2,0,2,0,0,2,0
0x64de98,99.9875%,2,15998,16000,0,0,2,15998
0x76142f,0%,2,0,2,0,0,2,0
0x5f692a,94.7368%,2,36,38,36,2,0,0
0x5e68a4,96%,2,48,50,0,0,2,48
0x7e6608,0%,2,0,2,0,0,2,0
0x642e98,96.1538%,2,50,52,50,0,2,0
0x8c4ceb,98%,2,98,100,0,0,2,98
0x6f5561,0%,2,0,2,0,2,0,0
0x63027f,0%,2,0,2,0,0,2,0
0x7ce1a3,96.1538%,2,50,52,0,0,2,50
0x76a238,96.1538%,2,50,52,50,2,0,0
0x6303bf,0%,2,0,2,0,0,2,0
0x9e19ec,0%,2,0,2,0,0,2,0
0x62f2f2,0%,2,0,2,0,0,2,0
0x5f69e5,94.7368%,2,36,38,36,2,0,0
0x65b51a,0%,2,0,2,0,0,2,0
0x643ce5,96.1538%,2,50,52,50,0,2,0
0x640e79,75%,2,6,8,5,1,1,1
0x76a976,75%,2,6,8,6,0,2,0
0x65991c,96.1538%,2,50,52,0,0,2,50
0x660ab6,0%,2,0,2,0,2,0,0
0x66ef9c,99.8333%,2,1198,1200,0,0,2,1198
0x658c9b,0%,2,0,2,0,2,0,0
0x640619,0%,2,0,2,0,0,2,0
0x6f4cef,96.1538%,2,50,52,0,0,2,50
0x8befbb,96.1538%,2,50,52,50,2,0,0
0x7b44bb,0%,2,0,2,0,0,2,0
0x7b1170,96.1538%,2,50,52,50,0,2,0
0x5f4d1b,96.2963%,2,52,54,0,0,2,52
0x64fcc9,0%,2,0,2,0,0,2,0
0x9feed6,85.7143%,2,12,14,0,0,2,12
0x7cb407,0%,2,0,2,0,0,2,0
0x7634c6,95.4545%,2,42,44,0,0,2,42
0x5f0009,99.5074%,2,404,406,404,2,0,0
0x42a258,75%,2,6,8,0,2,0,6
0x7738de,96.1538%,2,50,52,50,2,0,0
0x62fdd7,0%,2,0,2,0,0,2,0
0x5efdcc,96%,2,48,50,0,0,2,48
0x7b281d,96.1538%,2,50,52,50,0,2,0
0x5f7387,97.3684%,2,74,76,74,2,0,0
0x65acbc,99.4048%,2,334,336,334,2,0,0
0x8bf001,96.1538%,2,50,52,0,0,2,50
0x5f729e,94.7368%,2,36,38,0,0,2,36
0x7cec03,0%,2,0,2,0,2,0,0
0xa39744,71.4286%,2,5,7,5,2,0,0
0x7ccc8c,0%,2,0,2,0,2,0,0
0x7cb493,0%,2,0,2,0,2,0,0
0x634da1,0%,2,0,2,0,0,2,0
0x5f6d48,99.812%,2,1062,1064,0,0,2,1062
0x5f6a87,94.7368%,2,36,38,0,0,2,36
0x646c87,0%,2,0,2,0,0,2,0
0x5f6a77,97.3684%,2,74,76,38,0,2,36
0x636608,99.9481%,2,3853,3855,3853,2,0,0
0x8be9a8,0%,2,0,2,0,2,0,0
0x66ea92,75%,2,6,8,6,0,2,0
0x7e7da3,0%,2,0,2,0,2,0,0
0x928aa7,98.7421%,2,157,159,0,0,2,157
0x659c20,75%,2,6,8,6,0,2,0
0x7577cb,96.1538%,2,50,52,0,0,2,50
0x65944c,96.1538%,2,50,52,0,0,2,50
0x8a00b2,0%,2,0,2,0,2,0,0
0x772d5b,0%,2,0,2,0,2,0,0
0x7603bd,75%,2,6,8,6,0,2,0
0x8c07e4,99.6552%,2,578,580,0,0,2,578
0x8c469a,99.9231%,2,2598,2600,0,0,2,2598
0x7bd545,80%,2,8,10,0,0,2,8
0x772e34,0%,2,0,2,0,2,0,0
0xa2b825,50%,2,2,4,2,2,0,0
0x65765d,0%,2,0,2,0,0,2,0
0x7657d4,98.0769%,2,102,104,102,2,0,0
0x760398,0%,2,0,2,0,0,2,0
0x66f0b5,85.7143%,2,12,14,12,0,2,0
0x65776e,0%,2,0,2,0,0,2,0
0x6577ec,96.1538%,2,50,52,0,0,2,50
0x6578ac,0%,2,0,2,0,0,2,0
0x6572e4,0%,2,0,2,0,0,2,0
0x5e769a,84.6154%,2,11,13,0,0,2,11
0x657c96,0%,2,0,2,0,0,2,0
0x64f3ec,75%,2,6,8,0,0,2,6
0x7b3551,0%,2,0,2,0,2,0,0
0x8c160b,98.4733%,2,129,131,31,0,2,98
0x605d5d,90.9091%,2,20,22,20,2,0,0
0x6345ec,0%,2,0,2,0,0,2,0
0x6383b5,99.2218%,2,255,257,0,0,2,255
0x6393fe,99.2218%,2,255,257,255,2,0,0
0x6532ca,0%,2,0,2,0,0,2,0
0x653352,96.1538%,2,50,52,0,0,2,50
0x66a612,96.1538%,2,50,52,50,0,2,0
0x653411,96.1538%,2,50,52,50,0,2,0
0x63bf9c,75%,2,6,8,0,0,2,6
0x657143,0%,2,0,2,0,0,2,0
0x63cdf9,99.2218%,2,255,257,0,0,2,255
0x7b0fa7,96.1538%,2,50,52,50,0,2,0
0x652698,99.8927%,2,1862,1864,0,0,2,1862
0x771f2a,0%,2,0,2,0,2,0,0
0x5f126a,98.1481%,2,106,108,52,2,0,54
0x5fd07f,97.7273%,2,86,88,86,2,0,0
0x656e44,0%,2,0,2,0,0,2,0
0x656f0a,0%,2,0,2,0,0,2,0
0x65aeaa,0%,2,0,2,0,0,2,0
0x7724fd,75%,2,6,8,2,2,0,4
0x6570a6,0%,2,0,2,0,0,2,0
0x62f267,0%,2,0,2,0,0,2,0
0x95a135,96.1538%,2,50,52,50,0,2,0
0x7b43bd,0%,2,0,2,0,0,2,0
0x61705c,96.1538%,2,50,52,50,0,2,0
0x6571e0,0%,2,0,2,0,0,2,0
0x760a21,0%,2,0,2,0,0,2,0
0x95a275,0%,2,0,2,0,0,2,0
0x602e17,0%,2,0,2,0,0,2,0
0x5ed080,0%,2,0,2,0,0,2,0
0x7cd2ef,0%,2,0,2,0,2,0,0
0x6573a2,0%,2,0,2,0,0,2,0
0x65fce8,99.0385%,2,206,208,206,2,0,0
0x8c0628,98%,2,98,100,0,0,2,98
0x596d7a,98.7654%,2,160,162,0,0,2,160
0x6572a3,0%,2,0,2,0,0,2,0
0x6572c0,0%,2,0,2,0,0,2,0
0x75cd1d,96.1538%,2,50,52,50,0,2,0
0x7607e0,0%,2,0,2,0,2,0,0
0x8c33e9,98%,2,98,100,0,0,2,98
0x8c5936,99.9846%,2,12998,13000,0,0,2,12998
0x5e84ff,84.6154%,2,11,13,0,0,2,11
0x66e6ac,97.5%,2,78,80,0,0,2,78
0x8c3c25,99.6%,2,498,500,0,0,2,498
0x76fa90,71.4286%,2,5,7,5,2,0,0
0x618c87,99.9711%,2,6914,6916,6914,2,0,0
0x7b0e1d,96.1538%,2,50,52,50,0,2,0
0x762054,93.75%,2,30,32,0,0,2,30
0x9f5e00,99.7912%,2,956,958,956,2,0,0
0x64d6a8,0%,2,0,2,0,0,2,0
0x92b038,98%,2,98,100,0,0,2,98
0x773b3c,96.1538%,2,50,52,0,0,2,50
0x5f3303,99.7976%,2,986,988,0,0,2,986
0x7cb53f,0%,2,0,2,0,2,0,0
0x653b25,0%,2,0,2,0,0,2,0
0x5e9f8f,0%,2,0,2,0,0,2,0
0x66f195,93.75%,2,30,32,30,0,2,0
0x65064a,0%,2,0,2,0,2,0,0
0x7740eb,96.1538%,2,50,52,0,0,2,50
0x598529,98.0769%,2,102,104,102,2,0,0
0x5f0b50,99.9564%,2,4586,4588,0,0,2,4586
0x6506a3,0%,2,0,2,0,2,0,0
0x598a93,95.8333%,2,46,48,0,0,2,46
0x429a6a,0%,2,0,2,0,2,0,0
0x7ebbab,0%,2,0,2,0,0,2,0
0x617ea3,99.9494%,2,3950,3952,0,0,2,3950
0x631581,99.8932%,2,1870,1872,1402,2,0,468
0x6600d4,0%,2,0,2,0,0,2,0
0x660acd,0%,2,0,2,0,2,0,0
0x8c47dc,99.9846%,2,12998,13000,12998,2,0,0
0x7b0828,0%,2,0,2,0,2,0,0
0x637d00,99.9701%,2,6680,6682,6680,2,0,0
0x6379a8,99.2218%,2,255,257,0,0,2,255
0x7b046b,0%,2,0,2,0,0,2,0
0x605038,95.4545%,2,42,44,42,2,0,0
0x65369d,96.1538%,2,50,52,50,0,2,0
0x6536de,0%,2,0,2,0,0,2,0
0x63c977,99.2218%,2,255,257,0,0,2,255
0x632545,94.7368%,2,36,38,36,0,2,0
0x8a4a96,50%,2,2,4,1,1,1,1
0x9e1b35,0%,2,0,2,0,2,0,0
0x75fc9d,0%,2,0,2,0,0,2,0
0x64b082,96.1538%,2,50,52,50,0,2,0
0x8a4c1e,50%,2,2,4,2,0,2,0
0x64c2f0,75%,2,6,8,0,0,2,6
0x75f309,0%,2,0,2,0,2,0,0
0x653960,96.1538%,2,50,52,50,0,2,0
0x95aa08,96.1538%,2,50,52,50,0,2,0
0x95aa64,96.1538%,2,50,52,0,0,2,50
0x653975,0%,2,0,2,0,0,2,0
0x75c3dc,95.4545%,2,42,44,42,0,2,0
0x774d46,0%,2,0,2,0,2,0,0
0x7bcfa0,99.2308%,2,258,260,258,2,0,0
0x6da745,0%,2,0,2,0,2,0,0
0x778bd5,75%,2,6,8,0,0,2,6
0x653a4f,0%,2,0,2,0,0,2,0
0xa7a682,99.2218%,2,255,257,0,0,2,255
0x7742de,0%,2,0,2,0,2,0,0
0x644355,96.1538%,2,50,52,50,2,0,0
0x64f929,0%,2,0,2,0,0,2,0
0x42b911,75%,2,6,8,6,2,0,0
0x64879b,75%,2,6,8,6,0,2,0
0x7578e3,96.1538%,2,50,52,0,0,2,50
0x639f7a,75%,2,6,8,0,0,2,6
0x7578c6,96.1538%,2,50,52,50,0,2,0
0x7b416d,0%,2,0,2,0,0,2,0
0x6699f5,0%,2,0,2,0,0,2,0
0x639e98,75%,2,6,8,6,0,2,0
0x64d85e,75%,2,6,8,6,0,2,0
0x639e28,75%,2,6,8,6,0,2,0
0x7615ff,95.4545%,2,42,44,0,0,2,42
0x94a11d,0%,2,0,2,0,2,0,0
0xa761f9,99.9425%,2,3479,3481,0,0,2,3479
0x5fcafb,97.7273%,2,86,88,86,2,0,0
0x64693b,0%,2,0,2,0,0,2,0
0x67aec4,75%,2,6,8,6,0,2,0
0x659f8d,0%,2,0,2,0,2,0,0
0x639c14,99.2218%,2,255,257,0,1,1,255
0x7ca9d9,0%,2,0,2,0,0,2,0
0x75f603,0%,2,0,2,0,0,2,0
0x59811e,93.75%,2,30,32,30,2,0,0
0x9f5830,85.7143%,2,12,14,12,2,0,0
0x7658e2,98.0769%,2,102,104,0,0,2,102
0x65e47d,99.9808%,2,10398,10400,7798,2,0,2600
0x76fa7a,71.4286%,2,5,7,5,2,0,0
0x67ac54,75%,2,6,8,6,0,2,0
0x65e4a3,98%,2,98,100,0,0,2,98
0x64eff3,99.0385%,2,206,208,0,0,2,206
0x66b862,96.1538%,2,50,52,50,0,2,0
0xa3979b,71.4286%,2,5,7,5,2,0,0
0x63ab0c,75%,2,6,8,0,0,2,6
0x6053e3,0%,2,0,2,0,2,0,0
0x63aa65,75%,2,6,8,6,0,2,0
0x650a85,0%,2,0,2,0,2,0,0
0x757b76,96.2963%,2,52,54,52,0,2,0
0xa39f8c,50%,2,2,4,2,1,1,0
0x65d1a6,0%,2,0,2,0,0,2,0
0x65056e,0%,2,0,2,0,2,0,0
0x949cd2,0%,2,0,2,0,0,2,0
0x632a67,0%,2,0,2,0,0,2,0
0x76f85b,71.4286%,2,5,7,0,1,1,5
0x75cd3d,0%,2,0,2,0,0,2,0
0x632b34,0%,2,0,2,0,0,2,0
0x64b8f6,99.5%,2,398,400,135,2,0,263
0x7e88b4,96.1538%,2,50,52,50,0,2,0
0x949d67,0%,2,0,2,0,0,2,0
0x618b38,99.9711%,2,6914,6916,6914,2,0,0
0x5f2cf8,0%,2,0,2,0,0,2,0
0x632d8e,88.8889%,2,16,18,16,0,2,0
0x609040,96.5517%,2,56,58,56,2,0,0
0x40400c,66.6667%,2,4,6,4,2,0,0
0x64342b,96.1538%,2,50,52,50,0,2,0
0x605afa,0%,2,0,2,0,2,0,0
0x632dbb,99.5726%,2,466,468,0,0,2,466
0x64374a,96.1538%,2,50,52,0,0,2,50
0x9261d8,75%,2,6,8,0,0,2,6
0x63bfed,99.0385%,2,206,208,0,0,2,206
0x927d77,99.9372%,2,3182,3184,3182,2,0,0
0x593ce0,75%,2,6,8,0,0,2,6
0x8c0c8b,99.9537%,2,4317,4319,0,0,2,4317
0x606113,50%,2,2,4,2,2,0,0
0x5938bd,93.75%,2,30,32,0,0,2,30
0x5f3f8a,87.5%,2,14,16,14,2,0,0
0x5fc942,97.7273%,2,86,88,0,0,2,86
0x756427,96.1538%,2,50,52,50,2,0,0
0x7d04dd,0%,2,0,2,0,2,0,0
0x5ac4b8,0%,2,0,2,0,0,2,0
0x5ac4d9,0%,2,0,2,0,0,2,0
0x772513,75%,2,6,8,6,0,2,0
0x5fce66,97.7273%,2,86,88,86,2,0,0
0x76fec6,0%,2,0,2,0,0,2,0
0x644dcf,96.1538%,2,50,52,50,0,2,0
0x66e192,75%,2,6,8,6,0,2,0
0x6616b6,0%,2,0,2,0,2,0,0
0x631600,0%,2,0,2,0,0,2,0
0x76fed4,0%,2,0,2,0,2,0,0
0x6607fb,0%,2,0,2,0,2,0,0
0x7c9e11,0%,2,0,2,0,2,0,0
0x660a65,0%,2,0,2,0,2,0,0
0x7a9623,99.4565%,2,366,368,0,0,2,366
0x660a7f,0%,2,0,2,0,2,0,0
0x64c97a,99.5%,2,398,400,0,0,2,398
0x7579c6,96.1538%,2,50,52,50,0,2,0
0x959c9c,0%,2,0,2,0,2,0,0
0x6372ef,99.2218%,2,255,257,255,2,0,0
0x7700b5,0%,2,0,2,0,2,0,0
0x76b65e,95.4545%,2,42,44,0,0,2,42
0x67aa1e,75%,2,6,8,6,2,0,0
0x65c91f,99.7543%,2,812,814,0,0,2,812
0x7aa422,96%,2,48,50,0,0,2,48
0x645091,0%,2,0,2,0,0,2,0
0x630ec4,0%,2,0,2,0,0,2,0
0x66f5b7,0%,2,0,2,0,0,2,0
0x92bb8f,96.1538%,2,50,52,48,2,0,2
0x8c3516,98%,2,98,100,0,0,2,98
0x7b26dd,0%,2,0,2,0,2,0,0
0x40753f,94.4444%,2,34,36,0,0,2,34
0x75bd00,75%,2,6,8,0,0,2,6
0x757ab6,96.1538%,2,50,52,50,0,2,0
0x42a4e9,87.5%,2,14,16,14,2,0,0
0x63950a,0%,2,0,2,0,0,2,0
0x76fcad,0%,2,0,2,0,0,2,0
0x65b067,0%,2,0,2,0,0,2,0
0x62e91e,0%,2,0,2,0,0,2,0
0x64e646,75%,2,6,8,4,2,0,2
0x65f026,98%,2,98,100,98,2,0,0
0x635acb,0%,2,0,2,0,0,2,0
0x64aa82,99.5%,2,398,400,300,0,2,98
0x6392a7,66.6667%,2,4,6,0,2,0,4
0x650aaf,0%,2,0,2,0,0,2,0
0xa22493,99.8614%,2,1441,1443,0,2,0,1441
0x773061,96.1538%,2,50,52,50,0,2,0
0x65f98f,98%,2,98,100,98,0,2,0
0x65a296,85.7143%,2,12,14,12,0,2,0
0x65f9ad,0%,2,0,2,0,0,2,0
0x7cbde9,96.1538%,2,50,52,50,0,2,0
0x681fb9,50%,2,2,4,0,0,2,2
0xa228de,98.4%,2,123,125,0,0,2,123
0x76fe46,50%,2,2,4,2,2,0,0
0x64a6b4,98%,2,98,100,98,2,0,0
0x92a433,98.7421%,2,157,159,28,2,0,129
0x64635b,0%,2,0,2,0,0,2,0
0x66ead2,75%,2,6,8,4,2,0,2
0x7627d6,50%,2,2,4,2,2,0,0
0x760c75,0%,2,0,2,0,0,2,0
0x7e70ed,0%,2,0,2,0,2,0,0
0x8a844b,90%,2,18,20,0,0,2,18
0x64016c,0%,2,0,2,0,0,2,0
0x64609e,0%,2,0,2,0,0,2,0
0xa22c32,98.0952%,2,103,105,103,2,0,0
0x75d679,0%,2,0,2,0,0,2,0
0x646047,0%,2,0,2,0,0,2,0
0x65053a,0%,2,0,2,0,2,0,0
0x618ad3,99.9711%,2,6914,6916,0,0,2,6914
0x76d914,96.1538%,2,50,52,50,0,2,0
0x7a9734,98%,2,98,100,0,0,2,98
0x7651fd,0%,2,0,2,0,2,0,0
0x76b8a3,95.4545%,2,42,44,0,0,2,42
0x761343,66.6667%,2,4,6,4,2,0,0
0x6490dc,97.619%,2,82,84,0,0,2,82
0xa394dc,71.4286%,2,5,7,0,0,2,5
0x7aaeef,96.2963%,2,52,54,52,0,2,0
0x757c36,96.1538%,2,50,52,50,0,2,0
0x7cf219,96.1538%,2,50,52,0,0,2,50
0xa39603,71.4286%,2,5,7,5,2,0,0
0x8a88fe,80%,2,8,10,0,0,2,8
0x639674,0%,2,0,2,0,0,2,0
0x618f04,99.9711%,2,6914,6916,0,0,2,6914
0xa0f548,94.1176%,2,32,34,0,0,2,32
0x614bc6,99.9711%,2,6914,6916,6914,2,0,0
0x643a11,0%,2,0,2,0,0,2,0
0x8c2127,0%,2,0,2,0,0,2,0
0x95af7c,0%,2,0,2,0,2,0,0
0x65562f,99.9852%,2,13513,13515,0,0,2,13513
0x6052df,0%,2,0,2,0,2,0,0
0x76776a,96.1538%,2,50,52,50,0,2,0
0x7aa022,98%,2,98,100,98,2,0,0
0x7af727,96.1538%,2,50,52,50,0,2,0
0x8bef44,99.0385%,2,206,208,206,2,0,0
0xa2425a,99.604%,2,503,505,254,1,1,249
0xa22c44,98.0952%,2,103,105,0,0,2,103
0x66640c,0%,2,0,2,0,0,2,0
0x8c6ad7,98%,2,98,100,0,0,2,98
0x959e75,96.1538%,2,50,52,50,0,2,0
0x67a148,75%,2,6,8,0,0,2,6
0xa24bc2,98.4%,2,123,125,123,2,0,0
0x7aad6e,96.2963%,2,52,54,52,0,2,0
0x635165,96.1538%,2,50,52,50,0,2,0
0xa0f979,98.8636%,2,174,176,174,2,0,0
0x64d689,0%,2,0,2,0,0,2,0
0x5d3c80,97.561%,2,80,82,80,2,0,0
0x6465b8,99.9231%,2,2598,2600,0,0,2,2598
0x643d0b,0%,2,0,2,0,0,2,0
0x9615d6,98.7421%,2,157,159,0,0,2,157
0x8c6aec,98%,2,98,100,0,0,2,98
0x5f0746,50%,2,2,4,0,2,0,2
0x757913,96.1538%,2,50,52,0,0,2,50
0x75bbb0,95.4545%,2,42,44,0,0,2,42
0x75abd0,99.6109%,2,512,514,512,2,0,0
0x5f3b26,50%,2,2,4,2,0,2,0
0x75d769,0%,2,0,2,0,0,2,0
0x636f0a,99.2218%,2,255,257,0,0,2,255
0x7aa1ed,0%,2,0,2,0,0,2,0
0x7cb581,0%,2,0,2,0,0,2,0
0x64fd17,0%,2,0,2,0,0,2,0
0x652c31,99.9587%,2,4845,4847,4845,2,0,0
0x76cf86,0%,2,0,2,0,2,0,0
0x8c5d84,99.92%,2,2498,2500,0,0,2,2498
0x644f8f,96.1538%,2,50,52,50,0,2,0
0x5f3b09,0%,2,0,2,0,0,2,0
0x766e06,93.75%,2,30,32,0,0,2,30
0x7614e8,0%,2,0,2,0,0,2,0
0x7a91cc,97.8261%,2,90,92,0,0,2,90
0x663bc6,0%,2,0,2,0,0,2,0
0x8bf04e,96.1538%,2,50,52,50,0,2,0
0x75d5ba,80%,2,8,10,8,0,2,0
0x64fd05,97.5%,2,78,80,78,0,2,0
0x766dfb,93.75%,2,30,32,0,0,2,30
0x6474ef,96.1538%,2,50,52,50,0,2,0
0x659300,96.1538%,2,50,52,50,0,2,0
0xa3a3b0,50%,2,2,4,0,1,1,2
0x42a9c7,85.7143%,2,12,14,0,0,2,12
0x644bfc,0%,2,0,2,0,0,2,0
0x5f0e62,0%,2,0,2,0,0,2,0
0x65a4a4,0%,2,0,2,0,0,2,0
0x75d658,75%,2,6,8,6,2,0,0
0x75d6a8,75%,2,6,8,6,2,0,0
0x643582,99.9231%,2,2598,2600,0,0,2,2598
0x633f52,0%,2,0,2,0,0,2,0
0x6514e8,80%,2,8,10,8,0,2,0
0x645bdb,96.1538%,2,50,52,0,0,2,50
0x8a88e5,98.8235%,2,168,170,168,0,2,0
0x75c439,0%,2,0,2,0,0,2,0
0x64fdeb,0%,2,0,2,0,2,0,0
0x645913,99.9808%,2,10398,10400,10398,2,0,0
0x65c758,0%,2,0,2,0,2,0,0
0x7af9d5,0%,2,0,2,0,2,0,0
0x5ed21e,0%,2,0,2,0,0,2,0
0x7e883c,0%,2,0,2,0,0,2,0
0x760c10,0%,2,0,2,0,0,2,0
0x7b32a6,0%,2,0,2,0,0,2,0
0x64d5e5,0%,2,0,2,0,0,2,0
0x9ff0fd,99.8168%,2,1090,1092,1090,2,0,0
0x65973c,0%,2,0,2,0,0,2,0
0x75cb0f,96.1538%,2,50,52,50,0,2,0
0xa23621,94.1176%,2,32,34,0,0,2,32
0x64561f,0%,2,0,2,0,0,2,0
0x7aa0d2,96.2963%,2,52,54,0,0,2,52
0x8c5cc1,99.92%,2,2498,2500,0,0,2,2498
0x7aa0f1,96.2963%,2,52,54,52,0,2,0
0xa38bd6,66.6667%,2,4,6,1,2,0,3
0xa38cb0,66.6667%,2,4,6,0,0,2,4
0x75d31c,95.4545%,2,42,44,42,0,2,0
0x7cd971,96.1538%,2,50,52,50,2,0,0
0x7b3843,96.1538%,2,50,52,50,2,0,0
0x5f41a5,50%,2,2,4,0,0,2,2
0x65c939,99.9808%,2,10398,10400,10398,2,0,0
0x6454cc,0%,2,0,2,0,0,2,0
0x645474,0%,2,0,2,0,0,2,0
0x7bdb21,80%,2,8,10,0,0,2,8
0x613cc2,91.6667%,2,22,24,0,0,2,22
0x76dc65,95.4545%,2,42,44,42,0,2,0
0x641763,0%,2,0,2,0,0,2,0
0x960ea4,98.4%,2,123,125,0,0,2,123
0x4b9bf8,83.3333%,2,10,12,10,2,0,0
0x602fd3,90.9091%,2,20,22,0,0,2,20
0x763275,0%,2,0,2,0,0,2,0
0x75f627,0%,2,0,2,0,2,0,0
0x761ae5,0%,2,0,2,0,0,2,0
0xa22e4f,94.1176%,2,32,34,32,2,0,0
0x7cf687,0%,2,0,2,0,2,0,0
0x608c0a,95.4545%,2,42,44,42,0,2,0
0x616a36,94.7368%,2,36,38,36,0,2,0
0x63d8d3,99.8247%,2,1139,1141,0,0,2,1139
0x7741ad,96.1538%,2,50,52,0,0,2,50
0x643a5f,0%,2,0,2,0,0,2,0
0x8c6237,99.9846%,2,12998,13000,12998,2,0,0
0x7cdd81,96.1538%,2,50,52,50,2,0,0
0x76a00c,0%,2,0,2,0,0,2,0
0x639e1a,0%,2,0,2,0,0,2,0
0x77485d,0%,2,0,2,0,2,0,0
0x7748ab,0%,2,0,2,0,2,0,0
0x75c919,80%,2,8,10,8,2,0,0
0x7b0104,0%,2,0,2,0,0,2,0
0x613d86,91.6667%,2,22,24,0,2,0,22
0x63a308,98%,2,98,100,0,0,2,98
0x8c5f8e,98%,2,98,100,0,0,2,98
0x76a300,96.1538%,2,50,52,50,0,2,0
0x63a0aa,75%,2,6,8,6,0,2,0
0x773fe8,0%,2,0,2,0,2,0,0
0x645c7b,96.1538%,2,50,52,0,0,2,50
0x659f06,0%,2,0,2,0,2,0,0
0x9297d0,98.4%,2,123,125,0,0,2,123
0x8c6ab5,98%,2,98,100,0,0,2,98
0x75942f,96.1538%,2,50,52,0,0,2,50
0x929b1e,98.7421%,2,157,159,0,0,2,157
0xa3958f,71.4286%,2,5,7,5,2,0,0
0x772947,96.1538%,2,50,52,50,2,0,0
0x7e7dba,0%,2,0,2,0,2,0,0
0x64f216,99.9939%,2,32638,32640,0,0,2,32638
0xa228f9,98.4%,2,123,125,0,0,2,123
0x773d05,96.1538%,2,50,52,50,0,2,0
0x64fc54,96.1538%,2,50,52,50,0,2,0
0x7cd866,96.1538%,2,50,52,0,0,2,50
0x7749b2,96.1538%,2,50,52,0,0,2,50
0x429a44,75%,2,6,8,6,0,2,0
0x75fbe2,96.1538%,2,50,52,50,2,0,0
0x639a56,98%,2,98,100,98,0,2,0
0x63b371,0%,2,0,2,0,0,2,0
0x6678f0,0%,2,0,2,0,0,2,0
0xa3882f,99.9979%,2,96917,96919,0,0,2,96917
0x960b37,98.7421%,2,157,159,0,0,2,157
0x7725a7,96.1538%,2,50,52,50,2,0,0
0x5f310c,88.8889%,2,16,18,8,2,0,8
0x64357b,96.1538%,2,50,52,0,0,2,50
0x7740f3,96.1538%,2,50,52,50,2,0,0
0x8bf223,98%,2,98,100,98,2,0,0
0x64bdbc,0%,2,0,2,0,0,2,0
0x778171,75%,2,6,8,0,0,2,6
0x75c9aa,0%,2,0,2,0,0,2,0
0xa43d7f,99.9812%,2,10623,10625,10623,2,0,0
0x7cc44d,0%,2,0,2,0,2,0,0
0x76a75a,0%,2,0,2,0,2,0,0
0x6544e9,99.9765%,2,8519,8521,0,0,2,8519
0x8c686e,98%,2,98,100,98,2,0,0
0x929818,98.4%,2,123,125,0,0,2,123
0x762516,95.2381%,2,40,42,40,0,2,0
0xa48252,99.9812%,2,10623,10625,0,0,2,10623
0xa0f205,99.9812%,2,10623,10625,0,0,2,10623
0x76601e,97.9167%,2,94,96,0,0,2,94
0x75c98d,80%,2,8,10,8,0,2,0
0x89fd13,75%,2,6,8,6,2,0,0
0x62f640,0%,2,0,2,0,0,2,0
0x67b9e9,0%,2,0,2,0,0,2,0
0x8c1628,98%,2,98,100,0,0,2,98
0x75ca14,0%,2,0,2,0,2,0,0
0x7aa370,96%,2,48,50,0,0,2,48
0x67ba5d,0%,2,0,2,0,0,2,0
0x7cf58a,0%,2,0,2,0,0,2,0
0x66600c,75%,2,6,8,6,2,0,0
0x646c58,0%,2,0,2,0,0,2,0
0x7b13b1,96.1538%,2,50,52,0,0,2,50
0x64ac07,0%,2,0,2,0,0,2,0
0x5ac4fa,0%,2,0,2,0,2,0,0
0x646bb5,99.9231%,2,2598,2600,0,0,2,2598
0x7cc13d,0%,2,0,2,0,2,0,0
0x75caea,96.1538%,2,50,52,0,0,2,50
0x7a9a6f,98%,2,98,100,0,0,2,98
0x772a64,0%,2,0,2,0,2,0,0
0x7cf357,96.1538%,2,50,52,50,0,2,0
0x9f8117,98.9529%,2,189,191,0,0,2,189
0x64d2d7,99.5%,2,398,400,398,2,0,0
0x63d544,99.0385%,2,206,208,0,0,2,206
0x7b0076,0%,2,0,2,0,2,0,0
0x6535cd,96.1538%,2,50,52,50,0,2,0
0x7b001b,0%,2,0,2,0,0,2,0
0x5f4061,50%,2,2,4,0,0,2,2
0x7affe6,0%,2,0,2,0,2,0,0
0x64aba0,0%,2,0,2,0,0,2,0
0x76d589,96.1538%,2,50,52,0,0,2,50
0x63a589,75%,2,6,8,0,0,2,6
0x76a528,98.0769%,2,102,104,52,0,2,50
0xa43c66,99.9812%,2,10623,10625,0,0,2,10623
0x64493a,0%,2,0,2,0,0,2,0
0x63a729,75%,2,6,8,0,0,2,6
0x634aab,96.1538%,2,50,52,0,0,2,50
0x64995a,0%,2,0,2,0,0,2,0
0x6550ec,99.9794%,2,9692,9694,0,0,2,9692
0x614a7a,99.2481%,2,264,266,0,0,2,264
0x62ea3e,0%,2,0,2,0,0,2,0
0x9e096d,99.7326%,2,746,748,0,0,2,746
0x647213,0%,2,0,2,0,0,2,0
0x66e6d7,97.5%,2,78,80,78,0,2,0
0x7aaa2e,0%,2,0,2,0,0,2,0
0x76a5f9,96.1538%,2,50,52,50,0,2,0
0x5e7053,50%,2,2,4,0,0,2,2
0x7aa162,96.1538%,2,50,52,0,0,2,50
0x616d94,96.1538%,2,50,52,0,0,2,50
0x92a306,98.7421%,2,157,159,157,2,0,0
0x641985,0%,2,0,2,0,0,2,0
0x757027,96.1538%,2,50,52,20,0,2,30
0x6491fd,85.7143%,2,12,14,12,0,2,0
0x63523e,97.5%,2,78,80,78,0,2,0
0x76bc4c,66.6667%,2,4,6,0,0,2,4
0x63188d,0%,2,0,2,0,0,2,0
0x5f2153,0%,2,0,2,0,0,2,0
0x661bc4,0%,2,0,2,0,0,2,0
0x429b51,97.5904%,2,81,83,0,0,2,81
0x64fb78,97.5%,2,78,80,0,0,2,78
0x65248d,99.9756%,2,8201,8203,0,0,2,8201
0x65b182,0%,2,0,2,0,0,2,0
0x76ddb9,95.2381%,2,40,42,0,0,2,40
0x76deb7,95.2381%,2,40,42,40,2,0,0
0x6612be,0%,2,0,2,0,0,2,0
0x76bb8f,95.2381%,2,40,42,0,0,2,40
0x7cc157,0%,2,0,2,0,0,2,0
0x65b341,0%,2,0,2,0,0,2,0
0x5e7157,0%,2,0,2,0,0,2,0
0x42a848,95.2381%,2,40,42,40,2,0,0
0x65b38d,0%,2,0,2,0,0,2,0
0x62ec7e,0%,2,0,2,0,0,2,0
0xa78491,0%,2,0,2,0,2,0,0
0x6487ad,0%,2,0,2,0,0,2,0
0x66774b,96.1538%,2,50,52,50,0,2,0
0x681fd1,50%,2,2,4,0,0,2,2
0x64e193,99.6%,2,498,500,0,0,2,498
0x76154b,0%,2,0,2,0,0,2,0
0x929952,98.7421%,2,157,159,157,2,0,0
0x63f76a,0%,2,0,2,0,0,2,0
0x7e70c6,0%,2,0,2,0,2,0,0
0x65ae31,75%,2,6,8,6,0,2,0
0x6392c8,0%,2,0,2,0,0,2,0
0x63f7c0,0%,2,0,2,0,0,2,0
0x62167a,83.3333%,2,10,12,10,2,0,0
0x608940,0%,2,0,2,0,2,0,0
0x649136,0%,2,0,2,0,0,2,0
0x7e7f22,96.1538%,2,50,52,50,0,2,0
0x68884d,0%,2,0,2,0,0,2,0
0x608a5d,95.4545%,2,42,44,0,0,2,42
0x75940c,99.0385%,2,206,208,156,0,2,50
0x76f9c4,71.4286%,2,5,7,0,1,1,5
0x65b450,0%,2,0,2,0,0,2,0
0x6488e3,75%,2,6,8,6,0,2,0
0x67a5fc,75%,2,6,8,6,2,0,0
0x621084,99.9494%,2,3950,3952,0,0,2,3950
0x621103,75%,2,6,8,0,0,2,6
0x7ab027,96.1538%,2,50,52,50,0,2,0
0x64ecf7,93.75%,2,30,32,0,0,2,30
0x7b2fe8,95.122%,2,39,41,39,2,0,0
0x632e61,0%,2,0,2,0,0,2,0
0x6d9067,98.8889%,2,178,180,178,2,0,0
0x620afe,66.6667%,2,4,6,4,2,0,0
0x67b0d4,75%,2,6,8,6,0,2,0
0x620c44,66.6667%,2,4,6,4,2,0,0
0x64f695,0%,2,0,2,0,0,2,0
0x757b46,96.1538%,2,50,52,50,0,2,0
0x92be10,98%,2,98,100,0,2,0,98
0x75685d,96.1538%,2,50,52,0,0,2,50
0x92be4e,0%,2,0,2,0,2,0,0
0x76c1ca,95.4545%,2,42,44,42,0,2,0
0x7567ea,96.1538%,2,50,52,0,0,2,50
0x7563a9,99.4949%,2,394,396,394,2,0,0
0x9f7e06,75%,2,6,8,0,0,2,6
0x64e4d0,0%,2,0,2,0,0,2,0
0x6499c6,0%,2,0,2,0,0,2,0
0x641c3f,96.1538%,2,50,52,50,0,2,0
0x76e674,71.4286%,2,5,7,1,1,1,4
0x660084,0%,2,0,2,0,0,2,0
0x64f4f2,0%,2,0,2,0,0,2,0
0x75641d,96.1538%,2,50,52,0,0,2,50
0x772a17,0%,2,0,2,0,2,0,0
0x92c9e8,99.9231%,2,2598,2600,0,0,2,2598
0x65c0a4,96.1538%,2,50,52,50,0,2,0
0x64992e,0%,2,0,2,0,0,2,0
0x643b66,0%,2,0,2,0,0,2,0
0x6498e6,0%,2,0,2,0,0,2,0
0x652c57,99.9587%,2,4845,4847,0,0,2,4845
0x7e63a3,66.6667%,2,4,6,4,0,2,0
0x92cbde,96.1538%,2,50,52,50,2,0,0
0x7cf4b2,0%,2,0,2,0,2,0,0
0x6335d3,0%,2,0,2,0,0,2,0
0x92d5ac,0%,2,0,2,0,0,2,0
0x7aaeb0,96.1538%,2,50,52,50,0,2,0
0x65b4dd,0%,2,0,2,0,0,2,0
0x76e11d,0%,2,0,2,0,2,0,0
0x65c1a1,0%,2,0,2,0,2,0,0
0x638010,99.9701%,2,6680,6682,6680,2,0,0
0x64af27,0%,2,0,2,0,0,2,0
0x648bd7,0%,2,0,2,0,0,2,0
0x65b571,0%,2,0,2,0,0,2,0
0x65b663,96.1538%,2,50,52,0,0,2,50
0x5a8e8b,99.7717%,2,874,876,874,2,0,0
0x641127,0%,2,0,2,0,0,2,0
0x5a32af,0%,2,0,2,0,2,0,0
0x429b38,97.9167%,2,94,96,1,1,1,93
0x7614f8,0%,2,0,2,0,0,2,0
0x65ad61,75%,2,6,8,6,0,2,0
0x75ca74,0%,2,0,2,0,0,2,0
0x9f7d5a,0%,2,0,2,0,2,0,0
0x9f91f3,0%,2,0,2,0,0,2,0
0x758120,96.1538%,2,50,52,0,0,2,50
0x403f90,66.6667%,2,4,6,4,2,0,0
0x949d9f,0%,2,0,2,0,2,0,0
0x4a29f3,66.6667%,2,4,6,0,0,2,4
0x92b202,0%,2,0,2,0,0,2,0
0x64f5d5,0%,2,0,2,0,0,2,0
0x64f566,0%,2,0,2,0,0,2,0
0x6168f3,96.1538%,2,50,52,0,0,2,50
0x42c08e,92.3077%,2,24,26,0,0,2,24
0x7b231a,0%,2,0,2,0,0,2,0
0x67b6fb,75%,2,6,8,6,0,2,0
0x763215,0%,2,0,2,0,0,2,0
0x6359dd,0%,2,0,2,0,0,2,0
0x64cac6,97.5%,2,78,80,0,0,2,78
0x635b6b,85.7143%,2,12,14,12,0,2,0
0x63f46c,0%,2,0,2,0,0,2,0
0x60309a,90.9091%,2,20,22,0,0,2,20
0x64599d,0%,2,0,2,0,0,2,0
0x8bfcdc,0%,2,0,2,0,0,2,0
0x65a84b,0%,2,0,2,0,0,2,0
0x7aa772,96.1538%,2,50,52,0,0,2,50
0x6436ad,0%,2,0,2,0,0,2,0
0x64c8d3,99.5%,2,398,400,0,0,2,398
0x8bee58,96.1538%,2,50,52,0,0,2,50
0x96139a,98.7421%,2,157,159,0,0,2,157
0x63f447,0%,2,0,2,0,0,2,0
0x665d82,0%,2,0,2,0,0,2,0
0x64bfaf,0%,2,0,2,0,0,2,0
0x635c51,99.5%,2,398,400,298,2,0,100
0x62f765,0%,2,0,2,0,0,2,0
0x659474,96.1538%,2,50,52,50,0,2,0
0x635c5d,98%,2,98,100,98,0,2,0
0x62ea1e,0%,2,0,2,0,0,2,0
0x5f0a4c,98.913%,2,182,184,0,0,2,182
0x597d97,0%,2,0,2,0,0,2,0
0x959e52,96.1538%,2,50,52,0,0,2,50
0x67b9fb,0%,2,0,2,0,0,2,0
0x62f954,0%,2,0,2,0,0,2,0
0x769f72,0%,2,0,2,0,0,2,0
0x62f4b6,0%,2,0,2,0,0,2,0
0x5ecaad,96.1538%,2,50,52,50,0,2,0
0x633938,75%,2,6,8,0,0,2,6
0x5ecab7,0%,2,0,2,0,2,0,0
0x63395e,75%,2,6,8,6,0,2,0
0x5ecd1e,96.1538%,2,50,52,50,0,2,0
0x641b49,0%,2,0,2,0,0,2,0
0x8c69a2,98%,2,98,100,98,2,0,0
0x63399d,80%,2,8,10,8,0,2,0
0x596f32,98.7179%,2,154,156,0,0,2,154
0x755dfd,99.0385%,2,206,208,0,0,2,206
0x8c39ac,99.9833%,2,11998,12000,8999,1,1,2999
0x64c32e,75%,2,6,8,6,0,2,0
0x630545,0%,2,0,2,0,0,2,0
0x659890,96.1538%,2,50,52,50,0,2,0
0x64cf2e,0%,2,0,2,0,0,2,0
0x7b1c8e,0%,2,0,2,0,2,0,0
0x761b17,0%,2,0,2,0,0,2,0
0x7cc638,96.1538%,2,50,52,0,0,2,50
0x7b1c67,0%,2,0,2,0,2,0,0
0x67b6d4,75%,2,6,8,4,2,0,2
0x66367d,85.7143%,2,12,14,12,0,2,0
0x630b0d,0%,2,0,2,0,0,2,0
0x8bf7b9,0%,2,0,2,0,0,2,0
0x42a9cd,85.7143%,2,12,14,12,2,0,0
0x5ea1fc,0%,2,0,2,0,0,2,0
0x64bbe8,0%,2,0,2,0,0,2,0
0x5958d7,95.2381%,2,40,42,40,2,0,0
0x961a24,75%,2,6,8,6,0,2,0
0x67a99c,0%,2,0,2,0,0,2,0
0x9e1530,97.9167%,2,94,96,94,2,0,0
0x6f551f,0%,2,0,2,0,2,0,0
0x7b04cf,0%,2,0,2,0,0,2,0
0x64883f,75%,2,6,8,6,0,2,0
0xa0eee8,99.9731%,2,7434,7436,7434,2,0,0
0x63ecf0,0%,2,0,2,0,0,2,0
0x68224d,0%,2,0,2,0,0,2,0
0x64ff2c,0%,2,0,2,0,0,2,0
0x681b8d,96.1538%,2,50,52,0,0,2,50
0x597a7b,94.1176%,2,32,34,0,0,2,32
0x7cf203,96.1538%,2,50,52,0,0,2,50
0x63f54f,0%,2,0,2,0,0,2,0
0x8bef22,99.0385%,2,206,208,206,2,0,0
0x62e95e,0%,2,0,2,0,0,2,0
0x63f69d,0%,2,0,2,0,0,2,0
0x9fefc6,85.7143%,2,12,14,0,0,2,12
0xa308c3,99.9731%,2,7434,7436,7434,2,0,0
0x648f36,85.7143%,2,12,14,12,0,2,0
0x7b0344,0%,2,0,2,0,0,2,0
0x7615be,95.4545%,2,42,44,42,0,2,0
0x64f288,99.9939%,2,32638,32640,16638,2,0,16000
0x64f234,99.9939%,2,32638,32640,32638,2,0,0
0x681cee,0%,2,0,2,0,0,2,0
0x63620d,93.75%,2,30,32,30,0,2,0
0x660d03,0%,2,0,2,0,2,0,0
0x65aa84,0%,2,0,2,0,0,2,0
0x652a89,99.9587%,2,4845,4847,0,0,2,4845
0x67ba39,0%,2,0,2,0,0,2,0
0x635f8b,0%,2,0,2,0,0,2,0
0x636d38,99.2218%,2,255,257,0,0,2,255
0x7cf531,0%,2,0,2,0,2,0,0
0x644d48,0%,2,0,2,0,0,2,0
0x7728b2,96.1538%,2,50,52,50,0,2,0
0x8c47d4,99.9846%,2,12998,13000,0,0,2,12998
0x64c228,97.5%,2,78,80,78,0,2,0
0x603456,87.5%,2,14,16,0,0,2,14
0x636197,0%,2,0,2,0,0,2,0
0x8bf78f,96.1538%,2,50,52,50,0,2,0
0x63f027,0%,2,0,2,0,0,2,0
0x773693,0%,2,0,2,0,2,0,0
0x5f3f2b,90.4762%,2,19,21,0,0,2,19
0x9f928a,0%,2,0,2,0,2,0,0
0x650778,0%,2,0,2,0,2,0,0
0x598f68,96.1538%,2,50,52,0,0,2,50
0x650664,0%,2,0,2,0,2,0,0
0x9f7dbf,75%,2,6,8,6,2,0,0
0x650554,0%,2,0,2,0,2,0,0
0x665af2,96.1538%,2,50,52,50,0,2,0
0x64a840,98%,2,98,100,0,0,2,98
0x7cb76c,0%,2,0,2,0,2,0,0
0x659bbe,96.1538%,2,50,52,50,0,2,0
0x659f58,0%,2,0,2,0,2,0,0
0x65be62,0%,2,0,2,0,0,2,0
0x7edfe7,0%,2,0,2,0,2,0,0
0x65a02d,0%,2,0,2,0,2,0,0
0x65cc84,0%,2,0,2,0,0,2,0
0x7b28e1,96.1538%,2,50,52,0,0,2,50
0x76f560,85.7143%,2,12,14,12,2,0,0
0x649228,0%,2,0,2,0,2,0,0
0x635bde,75%,2,6,8,6,0,2,0
0x65ab6f,0%,2,0,2,0,0,2,0
0x65cc4a,0%,2,0,2,0,0,2,0
0x65cc46,0%,2,0,2,0,0,2,0
0x65a5c5,0%,2,0,2,0,0,2,0
0x404954,66.6667%,2,4,6,4,2,0,0
0x633f72,0%,2,0,2,0,0,2,0
0x686fe8,0%,2,0,2,0,0,2,0
0x6083aa,99.8768%,2,1622,1624,0,0,2,1622
0x65cc41,0%,2,0,2,0,0,2,0
0x9261f5,75%,2,6,8,0,0,2,6
0x7b2f98,96.1538%,2,50,52,0,0,2,50
0x926051,0%,2,0,2,0,0,2,0
0x649891,0%,2,0,2,0,0,2,0
0x6d882b,87.5%,2,14,16,14,2,0,0
0x643fa5,96.1538%,2,50,52,50,2,0,0
0x60532f,0%,2,0,2,0,2,0,0
0x7b2224,0%,2,0,2,0,0,2,0
0x76ea03,71.4286%,2,5,7,0,1,1,5
0x648ec4,85.7143%,2,12,14,0,0,2,12
0x7b07da,0%,2,0,2,0,2,0,0
0x6e671d,0%,2,0,2,0,0,2,0
0x648b21,75%,2,6,8,6,0,2,0
0x63ae53,83.3333%,2,10,12,0,0,2,10
0x616c99,94.7368%,2,36,38,36,0,2,0
0x639cf6,75%,2,6,8,6,0,2,0
0x65cdbb,96.1538%,2,50,52,50,0,2,0
0x772681,75%,2,6,8,6,0,2,0
0x65cb2c,97.9592%,2,96,98,96,2,0,0
0x653840,96.1538%,2,50,52,50,0,2,0
0x65caee,98.1818%,2,108,110,108,2,0,0
0x651409,75%,2,6,8,0,0,2,6
0x67a754,0%,2,0,2,0,0,2,0
0x64ee2c,75%,2,6,8,6,2,0,0
0x7b0a2c,0%,2,0,2,0,0,2,0
0x403ece,66.6667%,2,4,6,4,2,0,0
0x5fcf28,97.7273%,2,86,88,86,2,0,0
0x6311ad,96.1538%,2,50,52,50,0,2,0
0x7b006a,0%,2,0,2,0,0,2,0
0x5ea629,99.0385%,2,206,208,206,2,0,0
0x67b7c9,0%,2,0,2,0,0,2,0
0x6d8dc2,87.5%,2,14,16,0,0,2,14
0x657e3e,96.1538%,2,50,52,50,0,2,0
0x76657e,50%,2,2,4,0,0,2,2
0x642eb8,0%,2,0,2,0,0,2,0
0x63efd1,0%,2,0,2,0,0,2,0
0x7e893f,0%,2,0,2,0,0,2,0
0x6302ca,0%,2,0,2,0,0,2,0
0x949fa0,75%,2,6,8,6,2,0,0
0x7cc75d,0%,2,0,2,0,2,0,0
0x646970,0%,2,0,2,0,0,2,0
0x63a6ba,75%,2,6,8,6,0,2,0
0x63b18e,97.619%,2,82,84,0,0,2,82
0x926cbd,99.5%,2,398,400,398,2,0,0
0x76f4ae,85.7143%,2,12,14,0,0,2,12
0x65cbbc,75%,2,6,8,6,0,2,0
0x6da46c,75%,2,6,8,0,0,2,6
0x926d2f,75%,2,6,8,0,0,2,6
0x685cc1,0%,2,0,2,0,2,0,0
0x8a4b47,0%,2,0,2,0,0,2,0
0x6d8f58,96.1538%,2,50,52,0,0,2,50
0x63b258,97.619%,2,82,84,82,2,0,0
0x926d74,75%,2,6,8,0,0,2,6
0x960e8c,98.4%,2,123,125,0,0,2,123
0x7b44c4,0%,2,0,2,0,0,2,0
0x646f20,0%,2,0,2,0,0,2,0
0x7cc319,96.1538%,2,50,52,0,0,2,50
0x636d9f,99.2218%,2,255,257,0,0,2,255
0x755fb6,96.1538%,2,50,52,0,0,2,50
0x76f24b,71.4286%,2,5,7,0,1,1,5
0x63f4f0,0%,2,0,2,0,0,2,0
0x5f40cd,50%,2,2,4,2,2,0,0
0x613d7e,95.8333%,2,46,48,24,0,2,22
0x7b10e3,96.1538%,2,50,52,50,2,0,0
0x6da384,87.5%,2,14,16,0,0,2,14
0x666143,96.1538%,2,50,52,0,0,2,50
0x92d5cb,0%,2,0,2,0,0,2,0
0x634212,0%,2,0,2,0,0,2,0
0x5e8ec8,84.6154%,2,11,13,0,0,2,11
0x768561,98.8636%,2,174,176,0,0,2,174
0x65c39e,96.1538%,2,50,52,50,0,2,0
0x66f317,50%,1,1,2,0,0,1,1
0xa0f28c,99.9906%,1,10624,10625,0,0,1,10624
0x42a81d,97.619%,1,41,42,41,1,0,0
0x6552c3,99.9926%,1,13514,13515,0,0,1,13514
0x67b0a8,50%,1,1,2,0,0,1,1
0x8c3344,99%,1,99,100,0,0,1,99
0x404b8b,92.8571%,1,13,14,0,0,1,13
0x6662c3,98.0769%,1,51,52,0,0,1,51
0x5e83f1,99.6689%,1,301,302,301,1,0,0
0x67b100,50%,1,1,2,0,0,1,1
0x760da6,99.2063%,1,125,126,0,0,1,125
0x633f36,50%,1,1,2,0,0,1,1
0x403109,96.1538%,1,25,26,25,1,0,0
0x94a110,50%,1,1,2,0,0,1,1
0x64bb0e,50%,1,1,2,1,1,0,0
0x614b63,99.9855%,1,6915,6916,0,0,1,6915
0x75f01d,50%,1,1,2,0,0,1,1
0x67b049,50%,1,1,2,0,0,1,1
0x67ac38,87.5%,1,7,8,0,0,1,7
0x8c6785,99%,1,99,100,0,0,1,99
0x8a4c48,50%,1,1,2,0,0,1,1
0x7ce508,50%,1,1,2,1,1,0,0
0x64021f,50%,1,1,2,0,0,1,1
0x62ea5e,50%,1,1,2,0,0,1,1
0x9e0cdb,97.0588%,1,33,34,0,0,1,33
0x7cd143,50%,1,1,2,1,1,0,0
0x67b1c4,87.5%,1,7,8,6,0,1,1
0x632472,50%,1,1,2,0,0,1,1
0x645cda,50%,1,1,2,0,0,1,1
0x67b4fd,87.5%,1,7,8,7,1,0,0
0x631521,99.5192%,1,207,208,155,1,0,52
0x631767,99.7863%,1,467,468,0,0,1,467
0x65d5d0,50%,1,1,2,0,0,1,1
0x614b7d,99.9855%,1,6915,6916,0,0,1,6915
0x65cf7c,50%,1,1,2,0,0,1,1
0x63f0ab,50%,1,1,2,0,0,1,1
0xa3a2dc,75%,1,3,4,2,1,0,1
0xa27e08,97.5%,1,39,40,39,1,0,0
0x63f154,50%,1,1,2,0,0,1,1
0x65d0f6,98.0769%,1,51,52,0,0,1,51
0x666c13,87.5%,1,7,8,0,0,1,7
0x766cdc,75%,1,3,4,0,0,1,3
0x761702,99.2424%,1,131,132,0,0,1,131
0x6317c8,94.4444%,1,17,18,0,0,1,17
0x635c91,99.75%,1,399,400,299,1,0,100
0x6462c8,99.9615%,1,2599,2600,0,0,1,2599
0x63f1b3,50%,1,1,2,0,0,1,1
0x63fd5a,50%,1,1,2,0,0,1,1
0x65c979,94.1176%,1,16,17,0,0,1,16
0x633eb7,99.9167%,1,1199,1200,0,0,1,1199
0x65e448,99.9615%,1,2599,2600,0,0,1,2599
0x635dca,50%,1,1,2,0,0,1,1
0x667574,98.0769%,1,51,52,0,0,1,51
0x63f301,50%,1,1,2,0,0,1,1
0x8c46c6,99%,1,99,100,0,0,1,99
0x66a8a1,99.5192%,1,207,208,156,0,1,51
0x6675a4,98.0769%,1,51,52,0,0,1,51
0x644046,99.9904%,1,10399,10400,10399,1,0,0
0x67af38,87.5%,1,7,8,0,0,1,7
0x61737c,95.4545%,1,21,22,21,1,0,0
0x6318c1,50%,1,1,2,0,0,1,1
0x766f96,96.875%,1,31,32,0,0,1,31
0x605599,50%,1,1,2,1,1,0,0
0x75d629,50%,1,1,2,0,0,1,1
0x76a545,98.0769%,1,51,52,51,1,0,0
0x4048a6,83.3333%,1,5,6,0,0,1,5
0x95aabf,98.0769%,1,51,52,51,1,0,0
0x6579bd,50%,1,1,2,0,0,1,1
0x407444,97.2222%,1,35,36,35,1,0,0
0x7b00b5,50%,1,1,2,0,0,1,1
0x761be6,97.3684%,1,37,38,0,0,1,37
0x63d8bb,99.5192%,1,207,208,0,0,1,207
0x760d6d,50%,1,1,2,0,0,1,1
0x63f25c,50%,1,1,2,0,0,1,1
0x7e75da,98.0769%,1,51,52,51,1,0,0
0x8c71d7,50%,1,1,2,0,0,1,1
0xa43d8d,99.9906%,1,10624,10625,0,0,1,10624
0x597b60,97.0588%,1,33,34,0,0,1,33
0x641b00,50%,1,1,2,0,0,1,1
0x67b044,87.5%,1,7,8,5,1,0,2
0x63f1f9,50%,1,1,2,0,0,1,1
0x5f4490,75%,1,3,4,3,1,0,0
0x5f327b,96.875%,1,31,32,0,0,1,31
0x666252,98.0769%,1,51,52,50,0,1,1
0x6da57e,50%,1,1,2,1,1,0,0
0x7cc041,98.0769%,1,51,52,0,0,1,51
0xa309d4,99.9866%,1,7435,7436,7435,1,0,0
0x7ce6a6,50%,1,1,2,1,1,0,0
0x64e3c8,90%,1,9,10,0,0,1,9
0x652541,99.9963%,1,26846,26847,0,0,1,26846
0x6f54da,50%,1,1,2,1,1,0,0
0x64bff4,98.75%,1,79,80,0,0,1,79
0x7616b6,50%,1,1,2,0,0,1,1
0x76cf7a,50%,1,1,2,0,0,1,1
0x7621b8,97.7273%,1,43,44,0,0,1,43
0x661acd,50%,1,1,2,0,0,1,1
0x62ed1e,50%,1,1,2,0,0,1,1
0x634ad1,99.9904%,1,10399,10400,7800,0,1,2599
0x6402d9,50%,1,1,2,0,0,1,1
0x631642,50%,1,1,2,0,0,1,1
0x8a881a,50%,1,1,2,0,0,1,1
0x7cd6f3,98.0769%,1,51,52,0,0,1,51
0x67b32e,87.5%,1,7,8,7,1,0,0
0x593b2a,87.5%,1,7,8,0,0,1,7
0x429fb4,99.75%,1,399,400,0,0,1,399
0x7b232e,50%,1,1,2,1,1,0,0
0x655577,99.9926%,1,13514,13515,0,0,1,13514
0x7cd833,98.0769%,1,51,52,0,0,1,51
0x64b087,50%,1,1,2,0,0,1,1
0x65914c,98.0769%,1,51,52,0,0,1,51
0xa39752,85.7143%,1,6,7,6,1,0,0
0x75d18e,50%,1,1,2,0,0,1,1
0xa394c4,85.7143%,1,6,7,0,0,1,6
0x64faf8,99.975%,1,3999,4000,0,0,1,3999
0x64e09c,50%,1,1,2,0,0,1,1
0x929250,95%,1,19,20,0,0,1,19
0x927a52,98.9011%,1,90,91,0,0,1,90
0x7ceb9d,50%,1,1,2,1,1,0,0
0xa39de1,75%,1,3,4,3,0,1,0
0x949ee3,50%,1,1,2,0,0,1,1
0x641861,50%,1,1,2,0,0,1,1
0x657de5,98.0769%,1,51,52,0,0,1,51
0x648fe1,50%,1,1,2,0,0,1,1
0x6441e2,99.9615%,1,2599,2600,0,0,1,2599
0x63bdb4,99.9904%,1,10399,10400,0,0,1,10399
0x761d03,97.7273%,1,43,44,0,0,1,43
0x63169e,87.5%,1,7,8,5,1,0,2
0x65dd98,99.9615%,1,2599,2600,0,0,1,2599
0x641a32,50%,1,1,2,0,0,1,1
0x618f48,99.9855%,1,6915,6916,6915,1,0,0
0x64b27f,50%,1,1,2,0,0,1,1
0x63e33f,87.5%,1,7,8,0,0,1,7
0x605809,50%,1,1,2,1,1,0,0
0x632bd7,50%,1,1,2,0,0,1,1
0x758826,98.0769%,1,51,52,51,1,0,0
0x635853,50%,1,1,2,0,0,1,1
0x7cfc4b,50%,1,1,2,1,1,0,0
0x635be3,50%,1,1,2,0,0,1,1
0x599488,99.8397%,1,623,624,0,0,1,623
0x75f983,50%,1,1,2,0,0,1,1
0x64f94b,50%,1,1,2,0,0,1,1
0x633602,50%,1,1,2,0,0,1,1
0x632b02,50%,1,1,2,0,0,1,1
0x7619a0,98.1481%,1,53,54,0,1,0,53
0x761a99,50%,1,1,2,1,1,0,0
0xa38be2,83.3333%,1,5,6,5,1,0,0
0x631662,50%,1,1,2,0,0,1,1
0x6338a8,99.9167%,1,1199,1200,0,0,1,1199
0x5ea0fc,98.0769%,1,51,52,0,0,1,51
0x7aff86,50%,1,1,2,0,0,1,1
0x5ed153,98.0769%,1,51,52,0,0,1,51
0x6316e2,50%,1,1,2,0,0,1,1
0x63155b,94.4444%,1,17,18,0,0,1,17
0x75cf7b,50%,1,1,2,0,0,1,1
0x634792,50%,1,1,2,0,0,1,1
0x63f33f,50%,1,1,2,0,0,1,1
0x64f89e,50%,1,1,2,0,0,1,1
0x632a28,50%,1,1,2,0,0,1,1
0x645c88,99.9615%,1,2599,2600,0,0,1,2599
0x76adc8,50%,1,1,2,1,1,0,0
0x67baaf,50%,1,1,2,0,0,1,1
0x658a51,50%,1,1,2,0,0,1,1
0x63487b,50%,1,1,2,0,0,1,1
0x669944,99.5192%,1,207,208,207,1,0,0
0x67b1c9,50%,1,1,2,0,0,1,1
0x5e7896,92.3077%,1,12,13,12,0,1,0
0x641189,87.5%,1,7,8,6,0,1,1
0x9f80ca,99.4764%,1,190,191,0,0,1,190
0x75f366,50%,1,1,2,1,1,0,0
0x961262,99.3711%,1,158,159,158,1,0,0
0x75c465,97.7273%,1,43,44,0,0,1,43
0x634561,50%,1,1,2,0,0,1,1
0x76aeb0,50%,1,1,2,1,1,0,0
0x605d57,95.4545%,1,21,22,0,0,1,21
0xa3a060,75%,1,3,4,1,0,1,2
0x6571c3,50%,1,1,2,0,0,1,1
0x64ff27,50%,1,1,2,0,0,1,1
0x594231,87.5%,1,7,8,7,1,0,0
0x646352,50%,1,1,2,0,0,1,1
0x67b37d,87.5%,1,7,8,7,1,0,0
0x75f88d,50%,1,1,2,0,0,1,1
0x64458f,99.9904%,1,10399,10400,10399,1,0,0
0x67b49e,87.5%,1,7,8,7,1,0,0
0x7e8e7c,50%,1,1,2,0,0,1,1
0x6457d5,99.9904%,1,10399,10400,7799,1,0,2600
0x6323e3,50%,1,1,2,1,1,0,0
0x67b4ae,87.5%,1,7,8,7,1,0,0
0x634cc0,50%,1,1,2,0,0,1,1
0x641674,50%,1,1,2,1,1,0,0
0xa7841a,50%,1,1,2,0,0,1,1
0x403158,83.3333%,1,5,6,5,1,0,0
0x63491b,50%,1,1,2,0,0,1,1
0x65da3e,99%,1,99,100,0,0,1,99
0x63586b,50%,1,1,2,0,0,1,1
0x92a43b,99.2248%,1,128,129,128,1,0,0
0x7cec69,50%,1,1,2,1,1,0,0
0xa43d79,99.9906%,1,10624,10625,0,0,1,10624
0xa39f96,75%,1,3,4,0,0,1,3
0x67b228,50%,1,1,2,0,0,1,1
0x94a0be,50%,1,1,2,0,0,1,1
0x5ea0a7,50%,1,1,2,0,0,1,1
0x9e197c,50%,1,1,2,1,1,0,0
0x8a87f1,90%,1,9,10,7,1,0,2
0x757843,98.0769%,1,51,52,0,0,1,51
0x7d04ca,50%,1,1,2,0,0,1,1
0x9f9222,50%,1,1,2,0,0,1,1
0x95aa1f,50%,1,1,2,0,0,1,1
0x6317a1,50%,1,1,2,0,0,1,1
0x761546,50%,1,1,2,0,0,1,1
0x8a4cac,87.5%,1,7,8,7,1,0,0
0x644a21,50%,1,1,2,0,0,1,1
0x614fc5,99.3421%,1,151,152,0,0,1,151
0x761419,50%,1,1,2,0,0,1,1
0x763534,97.7273%,1,43,44,0,0,1,43
0x8a4bb9,93.75%,1,15,16,0,0,1,15
0x660832,50%,1,1,2,1,1,0,0
0x92605f,50%,1,1,2,0,0,1,1
0x630ff7,98.0769%,1,51,52,0,0,1,51
0x63308e,50%,1,1,2,0,0,1,1
0x62fe52,50%,1,1,2,0,0,1,1
0x95a7b3,50%,1,1,2,1,1,0,0
0x7bd1dc,99.6154%,1,259,260,259,1,0,0
0x7cb43e,50%,1,1,2,0,0,1,1
0x64460b,50%,1,1,2,0,0,1,1
0x6535da,50%,1,1,2,0,0,1,1
0x8c04a2,50%,1,1,2,0,0,1,1
0x8c123c,50%,1,1,2,0,0,1,1
0x653575,98.0769%,1,51,52,0,0,1,51
0x8c61ef,99.9923%,1,12999,13000,0,0,1,12999
0x75d8d6,97.7273%,1,43,44,0,0,1,43
0x604f32,97.7273%,1,43,44,43,1,0,0
0x6459d2,50%,1,1,2,0,0,1,1
0x635266,50%,1,1,2,0,0,1,1
0x769ad0,75%,1,3,4,0,0,1,3
0x928db6,99.3711%,1,158,159,0,0,1,158
0x961438,99.3711%,1,158,159,0,0,1,158
0x763245,50%,1,1,2,0,0,1,1
0x637f1f,99.6109%,1,256,257,256,1,0,0
0x5fc94a,98.8636%,1,87,88,87,1,0,0
0x76b748,97.7273%,1,43,44,0,0,1,43
0x62f88f,50%,1,1,2,0,0,1,1
0x62f9fe,50%,1,1,2,0,0,1,1
0x6443c2,99.9615%,1,2599,2600,0,0,1,2599
0x928b1b,99.3711%,1,158,159,0,0,1,158
0x7621dd,97.7273%,1,43,44,0,0,1,43
0x7cfba3,50%,1,1,2,1,1,0,0
0x66af9c,98.0769%,1,51,52,0,0,1,51
0x928ada,99.3711%,1,158,159,0,0,1,158
0x7625b8,94.4444%,1,17,18,0,0,1,17
0x5987c7,99.9199%,1,1247,1248,0,0,1,1247
0x926cf2,87.5%,1,7,8,0,0,1,7
0x682235,50%,1,1,2,0,0,1,1
0x95aab7,98.0769%,1,51,52,0,0,1,51
0x63fdf3,50%,1,1,2,0,0,1,1
0x6300c6,50%,1,1,2,0,0,1,1
0x62f3b7,50%,1,1,2,0,0,1,1
0x616d33,98.0769%,1,51,52,0,0,1,51
0x4abb54,98.4375%,1,63,64,63,1,0,0
0x62fba3,50%,1,1,2,0,0,1,1
0x634f3e,50%,1,1,2,0,0,1,1
0x7e7e08,50%,1,1,2,1,1,0,0
0x62fc4d,50%,1,1,2,0,0,1,1
0x8c6563,99.96%,1,2499,2500,0,0,1,2499
0x92c7eb,99.9615%,1,2599,2600,2599,1,0,0
0x7cf64f,50%,1,1,2,1,1,0,0
0x7a98a2,99%,1,99,100,99,1,0,0
0x657633,50%,1,1,2,0,0,1,1
0x8bea3c,50%,1,1,2,1,1,0,0
0x64982a,50%,1,1,2,0,0,1,1
0x5ac453,50%,1,1,2,0,0,1,1
0x6303e6,50%,1,1,2,0,0,1,1
0x75e668,50%,1,1,2,0,0,1,1
0x657313,50%,1,1,2,0,0,1,1
0x92c5ca,99.9615%,1,2599,2600,0,0,1,2599
0x6498f8,50%,1,1,2,0,0,1,1
0x7731e3,98.0769%,1,51,52,0,0,1,51
0x6491a7,92.8571%,1,13,14,0,0,1,13
0x7b4194,50%,1,1,2,0,0,1,1
0x6858f0,50%,1,1,2,1,1,0,0
0x773a26,98.0769%,1,51,52,0,0,1,51
0x630429,50%,1,1,2,0,0,1,1
0x65141c,96.875%,1,31,32,31,1,0,0
0x60852f,99.9466%,1,1871,1872,0,0,1,1871
0x63c14b,99.5192%,1,207,208,0,0,1,207
0x5fd0bc,98.8636%,1,87,88,87,1,0,0
0x63044d,50%,1,1,2,0,0,1,1
0x92ca56,99.9615%,1,2599,2600,0,0,1,2599
0x762425,97.619%,1,41,42,0,0,1,41
0x8c31c3,99%,1,99,100,0,0,1,99
0x95a048,98.0769%,1,51,52,0,0,1,51
0x5fd0f9,98.8636%,1,87,88,87,1,0,0
0x7cba04,98.0769%,1,51,52,0,0,1,51
0x6411c5,50%,1,1,2,0,0,1,1
0x644175,98.0769%,1,51,52,51,1,0,0
0x657b04,50%,1,1,2,0,0,1,1
0x92b23c,50%,1,1,2,0,0,1,1
0xa233b9,99.8134%,1,535,536,0,0,1,535
0x65328e,50%,1,1,2,0,0,1,1
0x604a14,97.7273%,1,43,44,43,1,0,0
0x657dfb,99.5192%,1,207,208,0,0,1,207
0x660d34,50%,1,1,2,1,1,0,0
0x92bc53,50%,1,1,2,0,0,1,1
0x62ff3f,50%,1,1,2,0,0,1,1
0x666363,98.0769%,1,51,52,0,0,1,51
0x657d68,50%,1,1,2,0,0,1,1
0x643dd5,98.0769%,1,51,52,51,1,0,0
0x65a079,50%,1,1,2,1,1,0,0
0x63f27d,50%,1,1,2,0,0,1,1
0x95a803,98.0769%,1,51,52,0,0,1,51
0x62f6cb,50%,1,1,2,0,0,1,1
0x657ad2,50%,1,1,2,0,0,1,1
0x92a286,99.3711%,1,158,159,0,0,1,158
0x604808,97.7273%,1,43,44,43,1,0,0
0x656c61,50%,1,1,2,0,0,1,1
0x630001,50%,1,1,2,0,0,1,1
0x94a03f,50%,1,1,2,1,1,0,0
0x92c3c5,99.9615%,1,2599,2600,0,0,1,2599
0x66b7bf,50%,1,1,2,0,0,1,1
0x630988,50%,1,1,2,0,0,1,1
0x64187b,50%,1,1,2,0,0,1,1
0x6356f8,50%,1,1,2,0,0,1,1
0x92c541,99.9615%,1,2599,2600,2599,1,0,0
0x7bc946,50%,1,1,2,0,0,1,1
0x656cc3,50%,1,1,2,0,0,1,1
0x65ae3a,50%,1,1,2,0,0,1,1
0x5957e3,97.619%,1,41,42,41,1,0,0
0x67ac8d,50%,1,1,2,0,0,1,1
0x42a5c5,99.1935%,1,123,124,123,1,0,0
0xa3a3ba,75%,1,3,4,0,0,1,3
0x67af59,50%,1,1,2,0,0,1,1
0x613cd2,95.8333%,1,23,24,0,0,1,23
0x634167,50%,1,1,2,0,0,1,1
0x769c5e,50%,1,1,2,0,0,1,1
0x7cf8a3,50%,1,1,2,1,1,0,0
0x75e8b5,50%,1,1,2,0,0,1,1
0xa31cd4,99.9906%,1,10624,10625,0,0,1,10624
0xa31c26,99.9977%,1,42567,42568,42567,1,0,0
0xa7a678,99.6109%,1,256,257,0,0,1,256
0x616ece,98.0769%,1,51,52,0,0,1,51
0x67b685,87.5%,1,7,8,5,1,0,2
0x621846,91.6667%,1,11,12,11,1,0,0
0x7cbe2d,50%,1,1,2,1,1,0,0
0x960e49,99.3711%,1,158,159,158,1,0,0
0x926e4c,50%,1,1,2,0,0,1,1
0x656556,99.9619%,1,2624,2625,2624,1,0,0
0x64c5d2,99.975%,1,3999,4000,3999,1,0,0
0x67ba81,50%,1,1,2,0,0,1,1
0x7cf51e,50%,1,1,2,0,0,1,1
0x641b27,50%,1,1,2,1,1,0,0
0x621148,99.8798%,1,831,832,0,0,1,831
0x614dde,99.9855%,1,6915,6916,0,0,1,6915
0x62f097,50%,1,1,2,0,0,1,1
0x42ae98,87.5%,1,7,8,7,1,0,0
0xa24515,99.9066%,1,1070,1071,0,0,1,1070
0x65eff0,99%,1,99,100,0,0,1,99
0x40752e,97.2222%,1,35,36,35,1,0,0
0x4074ab,97.2222%,1,35,36,35,1,0,0
0x7615c3,50%,1,1,2,0,0,1,1
0x60854d,99.9466%,1,1871,1872,0,0,1,1871
0x620a44,99.9747%,1,3951,3952,0,0,1,3951
0x8beec4,99.5192%,1,207,208,207,1,0,0
0xa43c29,99.9906%,1,10624,10625,0,0,1,10624
0x67add9,50%,1,1,2,0,0,1,1
0x5f752f,99.9025%,1,1025,1026,1025,1,0,0
0x63f5d3,50%,1,1,2,0,0,1,1
0x618003,99.9747%,1,3951,3952,0,0,1,3951
0x7c8d1c,50%,1,1,2,0,0,1,1
0x67ba1a,50%,1,1,2,0,0,1,1
0x66f552,87.5%,1,7,8,5,1,0,2
0x66a46c,98.0769%,1,51,52,0,0,1,51
0xa31c1c,99.9977%,1,42567,42568,0,0,1,42567
0x7bc88c,98.0769%,1,51,52,51,1,0,0
0x66aa17,50%,1,1,2,0,0,1,1
0x6570df,50%,1,1,2,0,0,1,1
0x63f7b5,50%,1,1,2,0,0,1,1
0x64b22c,99.9615%,1,2599,2600,0,0,1,2599
0x429f38,99%,1,99,100,0,0,1,99
0x9fb7d8,99.6169%,1,260,261,260,1,0,0
0x7bc81c,50%,1,1,2,0,0,1,1
0xa2e8ee,99.9973%,1,37688,37689,0,0,1,37688
0x769ef9,50%,1,1,2,1,1,0,0
0x667ba3,98.0769%,1,51,52,0,0,1,51
0x769ee3,50%,1,1,2,0,0,1,1
0x76d753,98.0769%,1,51,52,0,0,1,51
0x65c95d,99.9737%,1,3796,3797,0,0,1,3796
0xa2e8d5,99.9973%,1,37688,37689,0,0,1,37688
0x76b1e1,99.2063%,1,125,126,0,0,1,125
0x6461ff,50%,1,1,2,0,0,1,1
0x66b45c,99.7863%,1,467,468,0,0,1,467
0x66e337,50%,1,1,2,0,0,1,1
0x6311d7,98.0769%,1,51,52,0,0,1,51
0xa797b7,99.422%,1,172,173,0,0,1,172
0x62f47c,50%,1,1,2,0,0,1,1
0x644855,50%,1,1,2,0,0,1,1
0x66f492,87.5%,1,7,8,5,1,0,2
0x9294e9,99.2%,1,124,125,124,1,0,0
0x65b1a2,50%,1,1,2,0,0,1,1
0x6637e8,98.0769%,1,51,52,0,0,1,51
0x685d16,50%,1,1,2,1,1,0,0
0xa2e4e8,99.9982%,1,54539,54540,0,0,1,54539
0x66ad59,50%,1,1,2,0,0,1,1
0x632fb6,50%,1,1,2,0,0,1,1
0x7e6792,98.0769%,1,51,52,0,0,1,51
0x623375,99.9923%,1,12999,13000,0,0,1,12999
0x66ae7c,98.0769%,1,51,52,0,0,1,51
0x631137,98.0769%,1,51,52,0,0,1,51
0x929277,99.0476%,1,104,105,0,0,1,104
0x7cf6f7,50%,1,1,2,1,1,0,0
0x62353a,99.9923%,1,12999,13000,0,0,1,12999
0x65b35a,50%,1,1,2,0,0,1,1
0x9291ac,99.0476%,1,104,105,104,1,0,0
0x635350,50%,1,1,2,0,0,1,1
0x59897a,97.9167%,1,47,48,47,1,0,0
0x655734,99.9926%,1,13514,13515,0,0,1,13514
0x660311,50%,1,1,2,1,1,0,0
0x8a7a5c,99.3711%,1,158,159,0,0,1,158
0xa79712,50%,1,1,2,1,1,0,0
0x64990a,50%,1,1,2,0,0,1,1
0x62f160,50%,1,1,2,0,0,1,1
0xa3a1fa,75%,1,3,4,0,0,1,3
0x613caf,95.8333%,1,23,24,0,0,1,23
0x7cf1b3,98.0769%,1,51,52,0,0,1,51
0x66ab0f,50%,1,1,2,0,0,1,1
0x6209c7,83.3333%,1,5,6,0,0,1,5
0x6d9121,93.75%,1,15,16,0,0,1,15
0x620a31,99.8988%,1,987,988,0,0,1,987
0x7695ca,75%,1,3,4,0,0,1,3
0x634ce8,50%,1,1,2,0,0,1,1
0x65b370,50%,1,1,2,0,0,1,1
0x642a40,50%,1,1,2,0,0,1,1
0x5958ff,97.619%,1,41,42,41,1,0,0
0x66136c,50%,1,1,2,1,1,0,0
0x64b57c,50%,1,1,2,1,1,0,0
0x67b559,50%,1,1,2,0,0,1,1
0x63abbf,50%,1,1,2,0,0,1,1
0x6639a6,50%,1,1,2,0,0,1,1
0x595946,97.619%,1,41,42,41,1,0,0
0x62f1a2,50%,1,1,2,0,0,1,1
0x6867ac,75%,1,3,4,1,1,0,2
0x8bf2c0,50%,1,1,2,0,0,1,1
0x596bd6,83.3333%,1,5,6,0,0,1,5
0x62f311,50%,1,1,2,0,0,1,1
0x9298ca,99.3711%,1,158,159,0,0,1,158
0x65fb18,98.0769%,1,51,52,0,0,1,51
0x7cb708,50%,1,1,2,0,0,1,1
0x65a452,50%,1,1,2,0,0,1,1
0x66adec,98.0769%,1,51,52,0,0,1,51
0x652b09,99.9786%,1,4679,4680,0,0,1,4679
0x7cda33,98.0769%,1,51,52,0,0,1,51
0x429f18,99%,1,99,100,0,0,1,99
0x7cc792,50%,1,1,2,0,0,1,1
0x89fee2,50%,1,1,2,1,1,0,0
0xa785dc,99.9854%,1,6854,6855,0,0,1,6854
0x641b87,50%,1,1,2,0,0,1,1
0x64734f,98.0769%,1,51,52,0,0,1,51
0x659a4c,99.9615%,1,2599,2600,0,0,1,2599
0x7e7dd1,50%,1,1,2,1,1,0,0
0x66996b,99.5192%,1,207,208,207,1,0,0
0x5f1241,98.1481%,1,53,54,0,0,1,53
0x76d809,50%,1,1,2,0,0,1,1
0x64f3f6,87.5%,1,7,8,0,0,1,7
0x66ea12,87.5%,1,7,8,6,0,1,1
0x65dee8,99.9615%,1,2599,2600,0,0,1,2599
0x75d719,50%,1,1,2,0,0,1,1
0x5f4849,97.1429%,1,34,35,0,0,1,34
0x7ebc94,50%,1,1,2,1,1,0,0
0x648dc8,92.8571%,1,13,14,0,0,1,13
0x6355e4,50%,1,1,2,0,0,1,1
0x67b19e,87.5%,1,7,8,7,1,0,0
0x64b687,50%,1,1,2,0,0,1,1
0x60879b,97.7273%,1,43,44,0,0,1,43
0x64f106,96.875%,1,31,32,0,0,1,31
0x64f0a3,99.5192%,1,207,208,0,0,1,207
0x66ffda,99.5192%,1,207,208,0,0,1,207
0x67b87b,87.5%,1,7,8,6,0,1,1
0xa77e69,99.883%,1,854,855,854,1,0,0
0x8c59f2,99.8%,1,499,500,0,0,1,499
0x6d8e4b,93.75%,1,15,16,0,0,1,15
0x639e88,87.5%,1,7,8,0,1,0,7
0x7b1cb8,50%,1,1,2,1,1,0,0
0x8c074d,99.75%,1,399,400,0,0,1,399
0x92c343,99.9615%,1,2599,2600,0,0,1,2599
0x67b280,50%,1,1,2,0,0,1,1
0x95aca4,50%,1,1,2,0,0,1,1
0x76d5e9,98.0769%,1,51,52,0,0,1,51
0x7b1c2c,50%,1,1,2,1,1,0,0
0x9fef00,75%,1,3,4,0,0,1,3
0x7ce49b,98%,1,49,50,0,0,1,49
0x64c9a9,50%,1,1,2,0,0,1,1
0x8c12ef,50%,1,1,2,0,0,1,1
0xa30899,99.9866%,1,7435,7436,0,0,1,7435
0x633346,50%,1,1,2,0,0,1,1
0x8c5a0c,99.992%,1,12499,12500,0,0,1,12499
0x603755,97.7273%,1,43,44,0,0,1,43
0x8c2065,50%,1,1,2,0,0,1,1
0x7a8cc5,99.0385%,1,103,104,0,0,1,103
0x64c7ca,50%,1,1,2,0,0,1,1
0x6312d2,50%,1,1,2,0,0,1,1
0x8c0322,99%,1,99,100,0,0,1,99
0x636555,99.6109%,1,256,257,0,0,1,256
0x76f740,92.8571%,1,13,14,0,1,0,13
0x642fd2,99.9615%,1,2599,2600,0,0,1,2599
0x64c5ca,99.975%,1,3999,4000,0,0,1,3999
0x429af0,50%,1,1,2,0,0,1,1
0x5f3473,99.9494%,1,1975,1976,1975,1,0,0
0x64db83,98.75%,1,79,80,0,0,1,79
0x62e9be,50%,1,1,2,0,0,1,1
0x5f419b,80%,1,4,5,0,1,0,4
0x595472,99.8397%,1,623,624,623,1,0,0
0x76e3a1,93.75%,1,15,16,0,0,1,15
0x76fd77,99.0385%,1,103,104,0,0,1,103
0x6499bc,50%,1,1,2,0,0,1,1
0x7b0ea5,98.0769%,1,51,52,0,0,1,51
0xa0eeb6,99.9866%,1,7435,7436,0,0,1,7435
0x64996c,50%,1,1,2,0,0,1,1
0x65fbe7,97.0588%,1,33,34,0,0,1,33
0xa7660e,98.9796%,1,97,98,0,0,1,97
0x656e03,50%,1,1,2,0,0,1,1
0x649f0e,99%,1,99,100,0,0,1,99
0x67ac80,50%,1,1,2,0,0,1,1
0x404b86,92.8571%,1,13,14,0,0,1,13
0x76608b,75%,1,3,4,0,0,1,3
0x65e464,99.9904%,1,10399,10400,10399,1,0,0
0x773413,98.0769%,1,51,52,0,0,1,51
0x649a19,50%,1,1,2,0,0,1,1
0x76ebcb,85.7143%,1,6,7,0,0,1,6
0x6315e1,99.5192%,1,207,208,156,0,1,51
0x76ee7c,85.7143%,1,6,7,4,1,0,2
0x649808,50%,1,1,2,0,0,1,1
0x76f323,91.6667%,1,11,12,0,0,1,11
0x66eeac,99.9167%,1,1199,1200,0,0,1,1199
0x669951,99.5192%,1,207,208,207,1,0,0
0x67b3e8,87.5%,1,7,8,0,0,1,7
0x92990d,99.3711%,1,158,159,0,0,1,158
0x7cc976,99.359%,1,155,156,155,1,0,0
0x635b83,50%,1,1,2,0,0,1,1
0x64abbf,50%,1,1,2,0,0,1,1
0x63332a,50%,1,1,2,0,0,1,1
0x76f3f3,92.8571%,1,13,14,0,0,1,13
0x63cd61,99.6109%,1,256,257,0,0,1,256
0x76dac2,97.7273%,1,43,44,0,0,1,43
0x76287e,97.619%,1,41,42,0,0,1,41
0x618c44,99.9855%,1,6915,6916,0,0,1,6915
0x64e761,99.9877%,1,8159,8160,0,0,1,8159
0x65a72e,75%,1,3,4,3,1,0,0
0x7aaccb,98.0769%,1,51,52,0,0,1,51
0xa3960d,85.7143%,1,6,7,0,0,1,6
0x635c1e,87.5%,1,7,8,5,1,0,2
0x927c68,99.726%,1,364,365,0,0,1,364
0x647368,99.9615%,1,2599,2600,0,0,1,2599
0x648a8f,50%,1,1,2,0,0,1,1
0x7729c1,50%,1,1,2,0,0,1,1
0x65710f,50%,1,1,2,0,0,1,1
0x67b9a2,50%,1,1,2,0,0,1,1
0x92afdc,50%,1,1,2,0,0,1,1
0x640e1f,50%,1,1,2,0,0,1,1
0x64fa78,99.975%,1,3999,4000,0,0,1,3999
0x64f983,50%,1,1,2,0,0,1,1
0x641ae6,50%,1,1,2,0,0,1,1
0x64adc8,50%,1,1,2,0,0,1,1
0x758a37,98.0769%,1,51,52,51,1,0,0
0x65a834,50%,1,1,2,0,0,1,1
0x65a7f9,87.5%,1,7,8,0,0,1,7
0x7bc951,50%,1,1,2,1,1,0,0
0x63601d,50%,1,1,2,0,0,1,1
0x9284d3,99.9794%,1,4846,4847,4846,1,0,0
0x9f9a30,99.6753%,1,307,308,307,1,0,0
0x64f4bc,50%,1,1,2,0,0,1,1
0x62e85e,50%,1,1,2,0,0,1,1
0x6488f5,50%,1,1,2,0,0,1,1
0x65afa1,50%,1,1,2,0,0,1,1
0x687801,50%,1,1,2,0,0,1,1
0x598de8,99.0385%,1,103,104,0,0,1,103
0x643c4f,98.0769%,1,51,52,0,0,1,51
0x658cd7,50%,1,1,2,1,1,0,0
0x7b3b5d,50%,1,1,2,0,0,1,1
0x42a8ab,97.3684%,1,37,38,0,0,1,37
0x66e4b7,50%,1,1,2,0,0,1,1
0x8c5a97,99%,1,99,100,0,0,1,99
0x778d88,96.875%,1,31,32,0,0,1,31
0x75cb3a,98.0769%,1,51,52,0,0,1,51
0x64de88,99.9938%,1,15999,16000,0,0,1,15999
0x616d56,98.0769%,1,51,52,0,0,1,51
0x7b340c,98.0769%,1,51,52,0,0,1,51
0x6316c2,50%,1,1,2,0,0,1,1
0x639b83,50%,1,1,2,0,0,1,1
0x65b0ae,50%,1,1,2,1,1,0,0
0x7b327c,98.0769%,1,51,52,0,0,1,51
0x770da8,50%,1,1,2,1,1,0,0
0x64b6d1,50%,1,1,2,0,0,1,1
0x8c2072,50%,1,1,2,0,0,1,1
0x639fe3,50%,1,1,2,0,0,1,1
0x76a659,50%,1,1,2,0,0,1,1
0x6d872d,93.75%,1,15,16,15,1,0,0
0x65aebd,50%,1,1,2,0,0,1,1
0x66f437,50%,1,1,2,0,0,1,1
0x64b323,98.0769%,1,51,52,0,0,1,51
0x66f672,87.5%,1,7,8,5,1,0,2
0x67ab0e,50%,1,1,2,0,0,1,1
0x7cb59b,50%,1,1,2,0,0,1,1
0x63726c,99.6109%,1,256,257,0,0,1,256
0x64a67d,99%,1,99,100,99,1,0,0
0x62eade,50%,1,1,2,0,0,1,1
0x64d8ed,50%,1,1,2,0,0,1,1
0x641828,50%,1,1,2,0,0,1,1
0x62e8be,50%,1,1,2,0,0,1,1
0x64ae86,50%,1,1,2,0,0,1,1
0x62e89e,50%,1,1,2,0,0,1,1
0x62e87e,50%,1,1,2,0,0,1,1
0x65764a,50%,1,1,2,0,0,1,1
0x7682dc,99.0385%,1,103,104,0,0,1,103
0x5f6ecb,99.906%,1,1063,1064,0,0,1,1063
0x63d492,87.5%,1,7,8,0,0,1,7
0x7b40d7,50%,1,1,2,1,1,0,0
0x9fef9e,75%,1,3,4,3,1,0,0
0x5f404b,80%,1,4,5,0,1,0,4
0x4293a1,50%,1,1,2,0,0,1,1
0x65358c,99.5192%,1,207,208,0,0,1,207
0x66f312,87.5%,1,7,8,5,1,0,2
0x68859d,50%,1,1,2,0,0,1,1
0x649bf1,50%,1,1,2,0,0,1,1
0x76777b,50%,1,1,2,0,0,1,1
0x9fb727,99.6139%,1,258,259,258,1,0,0
0x7aa3d8,98%,1,49,50,0,0,1,49
0x67b58d,50%,1,1,2,0,0,1,1
0x5f3dc5,80%,1,4,5,4,0,1,0
0x64f5fa,50%,1,1,2,0,0,1,1
0x64f82c,50%,1,1,2,0,0,1,1
0x65b26f,50%,1,1,2,0,0,1,1
0x5a8f4d,99.2537%,1,133,134,133,1,0,0
0x5f3e32,75%,1,3,4,0,1,0,3
0x64e4b2,50%,1,1,2,0,0,1,1
0x8c6b46,99%,1,99,100,0,0,1,99
0x773146,98.0769%,1,51,52,0,0,1,51
0x7bd55d,97.5%,1,39,40,0,0,1,39
0x594378,99.5192%,1,207,208,0,0,1,207
0x5e8939,93.75%,1,15,16,0,0,1,15
0x960be7,99.3711%,1,158,159,0,0,1,158
0x640759,50%,1,1,2,0,0,1,1
0x76cd84,50%,1,1,2,1,1,0,0
0x64da77,99.9167%,1,1199,1200,0,0,1,1199
0x603184,95.4545%,1,21,22,0,0,1,21
0x598ce8,98.0769%,1,51,52,0,0,1,51
0x9e1a19,50%,1,1,2,0,0,1,1
0x4ba168,75%,1,3,4,2,0,1,1
0x9e095c,99.8663%,1,747,748,0,0,1,747
0x636c2c,99.6109%,1,256,257,0,0,1,256
0x6597ec,50%,1,1,2,0,0,1,1
0x64dfe3,50%,1,1,2,0,0,1,1
0x645a53,98.0769%,1,51,52,51,1,0,0
0x64d693,50%,1,1,2,0,0,1,1
0x76a4a3,98.0769%,1,51,52,0,0,1,51
0x598d36,50%,1,1,2,1,1,0,0
0x64fe53,50%,1,1,2,1,1,0,0
0x64d4c3,96.875%,1,31,32,31,1,0,0
0x76167d,83.3333%,1,5,6,0,0,1,5
0x64d450,50%,1,1,2,0,0,1,1
0xa3a2e6,75%,1,3,4,0,0,1,3
0x64d26f,99.75%,1,399,400,0,0,1,399
0x65af6c,87.5%,1,7,8,7,1,0,0
0x64d068,50%,1,1,2,0,0,1,1
0x6605a4,50%,1,1,2,1,1,0,0
0x648947,50%,1,1,2,0,0,1,1
0x649998,50%,1,1,2,0,0,1,1
0x7b315c,98.0769%,1,51,52,0,0,1,51
0x63db7a,99.5192%,1,207,208,0,0,1,207
0x778ced,99.375%,1,159,160,0,0,1,159
0x5ea02a,98.1481%,1,53,54,0,0,1,53
0x7b2d2f,50%,1,1,2,1,1,0,0
0x65a9e3,92.8571%,1,13,14,0,0,1,13
0x65a96d,50%,1,1,2,0,0,1,1
0x65a8b9,98.75%,1,79,80,0,0,1,79
0x7693ae,99.0385%,1,103,104,0,0,1,103
0x8c671b,99%,1,99,100,0,0,1,99
0x928590,99.9794%,1,4846,4847,0,0,1,4846
0x686525,50%,1,1,2,1,1,0,0
0x76f40c,92.8571%,1,13,14,0,0,1,13
0x75d24e,99.4253%,1,173,174,173,1,0,0
0x651253,98.75%,1,79,80,0,0,1,79
0x613d45,95.8333%,1,23,24,0,0,1,23
0x650ba8,50%,1,1,2,1,1,0,0
0x644893,98.0769%,1,51,52,0,0,1,51
0x64bbfb,50%,1,1,2,0,0,1,1
0x64a95c,99.9615%,1,2599,2600,0,0,1,2599
0x7729a7,50%,1,1,2,0,0,1,1
0x66a5ec,98.0769%,1,51,52,0,0,1,51
0x66f994,92.8571%,1,13,14,0,0,1,13
0x650a14,50%,1,1,2,1,1,0,0
0x929304,95%,1,19,20,0,0,1,19
0x6509d0,50%,1,1,2,1,1,0,0
0x7b337c,98.0769%,1,51,52,0,0,1,51
0x63d95e,87.5%,1,7,8,0,0,1,7
0x633591,50%,1,1,2,0,0,1,1
0x772da2,50%,1,1,2,1,1,0,0
0x644295,50%,1,1,2,0,0,1,1
0x64646f,98.0769%,1,51,52,0,0,1,51
0x64920a,50%,1,1,2,0,0,1,1
0x63da32,99.9124%,1,1140,1141,0,0,1,1140
0x4b9ed8,98.4375%,1,63,64,63,1,0,0
0x8c622f,99.9923%,1,12999,13000,0,0,1,12999
0x4030de,96.1538%,1,25,26,25,1,0,0
0x63d6cc,87.5%,1,7,8,0,0,1,7
0x8c07a2,99.5%,1,199,200,0,0,1,199
0x5f4407,94.4444%,1,17,18,2,1,0,15
0x63401b,50%,1,1,2,0,0,1,1
0x64747f,98.0769%,1,51,52,0,0,1,51
0x7aaaa6,50%,1,1,2,0,0,1,1
0x63bcd4,87.5%,1,7,8,0,0,1,7
0x7aa722,98.0769%,1,51,52,0,0,1,51
0x595817,97.619%,1,41,42,41,1,0,0
0x8c0402,50%,1,1,2,0,0,1,1
0x656ca2,50%,1,1,2,0,0,1,1
0x8c4eec,99.9923%,1,12999,13000,0,0,1,12999
0x5f15c2,97.3684%,1,37,38,0,0,1,37
0x646eb8,99.9615%,1,2599,2600,0,0,1,2599
0x63b184,98.8095%,1,83,84,0,0,1,83
0x7aa3f5,98%,1,49,50,0,0,1,49
0x774cff,50%,1,1,2,1,1,0,0
0x7aa3aa,98%,1,49,50,49,1,0,0
0x646c54,50%,1,1,2,0,0,1,1
0x7ed6c1,50%,1,1,2,0,0,1,1
0x64fc69,50%,1,1,2,0,0,1,1
0x9f8da8,99.6169%,1,260,261,260,1,0,0
0x643638,99.9615%,1,2599,2600,0,0,1,2599
0x669d23,98.0769%,1,51,52,0,0,1,51
0xa3a5c2,75%,1,3,4,3,1,0,0
0xa7a6cc,99.6109%,1,256,257,256,1,0,0
0x62eb1e,50%,1,1,2,0,0,1,1
0x7735cc,50%,1,1,2,1,1,0,0
0x9fb4f7,99.6169%,1,260,261,0,0,1,260
0x778bcc,87.5%,1,7,8,0,0,1,7
0x63c502,87.5%,1,7,8,0,0,1,7
0x63c244,99.5192%,1,207,208,0,0,1,207
0x65075e,50%,1,1,2,1,1,0,0
0x6464ef,50%,1,1,2,0,0,1,1
0x773b47,98.0769%,1,51,52,51,1,0,0
0x65a49a,50%,1,1,2,0,0,1,1
0x7aa287,50%,1,1,2,0,0,1,1
0xa31d31,99.9906%,1,10624,10625,0,0,1,10624
0x66f1f7,50%,1,1,2,0,0,1,1
0x645eac,99.0654%,1,106,107,0,0,1,106
0x63bf11,87.5%,1,7,8,0,0,1,7
0x64185c,87.5%,1,7,8,6,0,1,1
0x42992e,99.1935%,1,123,124,0,0,1,123
0x8bf3c2,99.9615%,1,2599,2600,0,0,1,2599
0x8bcf0d,50%,1,1,2,1,1,0,0
0x7b2b01,50%,1,1,2,0,0,1,1
0xa389ab,99.999%,1,96481,96482,0,0,1,96481
0x77409d,98.0769%,1,51,52,0,0,1,51
0x65922c,98.0769%,1,51,52,0,0,1,51
0x64b7f3,87.5%,1,7,8,0,0,1,7
0x8be97f,50%,1,1,2,0,0,1,1
0xa765ff,98.9796%,1,97,98,0,0,1,97
0x62f22d,50%,1,1,2,0,0,1,1
0x7b1d63,50%,1,1,2,0,0,1,1
0x75d114,50%,1,1,2,0,0,1,1
0x7b1cf3,50%,1,1,2,1,1,0,0
0x64aa4c,99%,1,99,100,0,0,1,99
0x755cb7,98.0769%,1,51,52,0,0,1,51
0x7a9e33,99%,1,99,100,0,0,1,99
0x65bedc,98.0769%,1,51,52,0,0,1,51
0x645b83,50%,1,1,2,0,0,1,1
0x67b385,87.5%,1,7,8,6,0,1,1
0x6458ec,98.0769%,1,51,52,0,0,1,51
0x65343e,50%,1,1,2,0,0,1,1
0x7a9648,99.7283%,1,367,368,0,0,1,367
0x643d2b,50%,1,1,2,0,0,1,1
0x64def6,99%,1,99,100,0,0,1,99
0x645ceb,50%,1,1,2,0,0,1,1
0x7aa102,98.1481%,1,53,54,0,0,1,53
0x928ae9,99.3711%,1,158,159,0,0,1,158
0xa76619,98.9796%,1,97,98,0,0,1,97
0x597f6c,98.2143%,1,55,56,0,0,1,55
0x645100,50%,1,1,2,0,0,1,1
0x64abe3,50%,1,1,2,0,0,1,1
0x76fb48,85.7143%,1,6,7,1,0,1,5
0x403265,96.1538%,1,25,26,25,1,0,0
0x7a900e,93.75%,1,15,16,0,0,1,15
0x648851,50%,1,1,2,0,0,1,1
0x644cf9,50%,1,1,2,0,0,1,1
0x7a8cd2,99.0385%,1,103,104,103,1,0,0
0x65a53f,50%,1,1,2,0,0,1,1
0xa797e1,99.422%,1,172,173,0,0,1,172
0x6da2dc,75%,1,3,4,0,0,1,3
0x646a5f,98.0769%,1,51,52,0,0,1,51
0x640d09,87.5%,1,7,8,6,0,1,1
0x7e81d9,98.0769%,1,51,52,51,1,0,0
0x7aae15,98.0769%,1,51,52,0,0,1,51
0x63a24c,50%,1,1,2,0,0,1,1
0x6468a8,99.9615%,1,2599,2600,0,0,1,2599
0x6467df,50%,1,1,2,0,0,1,1
0x64fe05,50%,1,1,2,1,1,0,0
0x8c3cbd,99%,1,99,100,0,0,1,99
0x657af1,50%,1,1,2,0,0,1,1
0x64664a,50%,1,1,2,0,0,1,1
0x658b9e,50%,1,1,2,0,0,1,1
0x7a9fd2,99%,1,99,100,0,0,1,99
0x64659f,98.0769%,1,51,52,0,0,1,51
0x635445,50%,1,1,2,0,0,1,1
0x75d9a5,50%,1,1,2,0,0,1,1
0x8bf073,50%,1,1,2,0,0,1,1
0x63869f,99.6109%,1,256,257,0,0,1,256
0x643a16,50%,1,1,2,0,0,1,1
0x62eb7e,50%,1,1,2,0,0,1,1
0x66e2d7,50%,1,1,2,0,0,1,1
0x646330,50%,1,1,2,0,0,1,1
0x7733a2,98.0769%,1,51,52,0,0,1,51
0x65a782,50%,1,1,2,0,0,1,1
0x633474,50%,1,1,2,0,0,1,1
0x8c2044,50%,1,1,2,0,0,1,1
0x7a9816,99%,1,99,100,0,0,1,99
0xa7a6fe,99.6109%,1,256,257,256,1,0,0
0x637e0a,99.6109%,1,256,257,0,0,1,256
0x60539d,50%,1,1,2,0,0,1,1
0x60902a,98.2759%,1,57,58,0,0,1,57
0x63a5ec,50%,1,1,2,0,0,1,1
0x6583d8,99.8779%,1,818,819,0,0,1,818
0x65067e,50%,1,1,2,1,1,0,0
0x658cb9,50%,1,1,2,1,1,0,0
0x7560b8,99.7475%,1,395,396,0,0,1,395
0x7bc8e2,50%,1,1,2,0,0,1,1
0x5a6378,75%,1,3,4,3,1,0,0
0x7b421c,98.0769%,1,51,52,0,0,1,51
0x76bc92,83.3333%,1,5,6,4,0,1,1
0x6550f6,99.9897%,1,9694,9695,0,0,1,9694
0x64e1fe,99.8%,1,499,500,499,1,0,0
0x639afb,50%,1,1,2,0,0,1,1
0x5fd042,98.8636%,1,87,88,87,1,0,0
0x768650,75%,1,3,4,0,0,1,3
0x655152,99.9725%,1,3640,3641,0,0,1,3640
0x6051fe,50%,1,1,2,1,1,0,0
0x65de02,99%,1,99,100,0,0,1,99
0x8c1fdc,50%,1,1,2,0,0,1,1
0x6d8e63,93.75%,1,15,16,0,0,1,15
0x6509a6,50%,1,1,2,1,1,0,0
0x644e2d,50%,1,1,2,0,0,1,1
0x7edeed,50%,1,1,2,1,1,0,0
0x649bfd,50%,1,1,2,0,0,1,1
0x63956d,99.5671%,1,230,231,230,1,0,0
0x64452a,98.0769%,1,51,52,0,0,1,51
0x64c22d,50%,1,1,2,0,0,1,1
0x76047b,50%,1,1,2,0,0,1,1
0x774967,50%,1,1,2,0,0,1,1
0x429f58,99%,1,99,100,0,0,1,99
0x614de6,99.9855%,1,6915,6916,6915,1,0,0
0x6489eb,50%,1,1,2,0,0,1,1
0x8a49ef,50%,1,1,2,0,0,1,1
0x652875,99.9959%,1,24608,24609,0,0,1,24608
0x76f420,92.8571%,1,13,14,0,0,1,13
0x7cb982,98.0769%,1,51,52,0,0,1,51
0x755e99,99.5192%,1,207,208,0,0,1,207
0x62e9fe,50%,1,1,2,0,0,1,1
0x63b241,98.8095%,1,83,84,0,0,1,83
0x66f1a2,50%,1,1,2,0,0,1,1
0x63009b,50%,1,1,2,0,0,1,1
0x76f5e4,92.8571%,1,13,14,0,0,1,13
0x7562eb,99.7475%,1,395,396,0,0,1,395
0x595275,99.8397%,1,623,624,623,1,0,0
0x76b4e9,50%,1,1,2,0,0,1,1
0x66f6d7,50%,1,1,2,0,0,1,1
0x76f60f,92.8571%,1,13,14,12,1,0,1
0x76066d,99.2063%,1,125,126,0,0,1,125
0x773c43,98.0769%,1,51,52,0,0,1,51
0x757b83,98.1481%,1,53,54,0,0,1,53
0x63ab8a,87.5%,1,7,8,6,0,1,1
0x658c5f,50%,1,1,2,1,1,0,0
0x763473,50%,1,1,2,0,0,1,1
0x63461f,50%,1,1,2,0,0,1,1
0x64e70a,99.6875%,1,319,320,0,0,1,319
0x8c2094,50%,1,1,2,0,0,1,1
0x757a33,98.0769%,1,51,52,0,0,1,51
0x64566d,50%,1,1,2,0,0,1,1
0x757a03,98.0769%,1,51,52,0,0,1,51
0x64bac7,50%,1,1,2,0,0,1,1
0x926a95,98.75%,1,79,80,0,0,1,79
0x636ba3,99.6109%,1,256,257,0,0,1,256
0x9fb5c1,99.6169%,1,260,261,260,1,0,0
0x64b1da,98.0769%,1,51,52,0,0,1,51
0x636b32,99.6109%,1,256,257,0,0,1,256
0x648f97,50%,1,1,2,0,0,1,1
0x761bd0,97.3684%,1,37,38,0,0,1,37
0x7b3fd3,98.0769%,1,51,52,0,0,1,51
0x7cdb91,98.0769%,1,51,52,51,1,0,0
0x76ba97,50%,1,1,2,0,0,1,1
0x5fcfa4,98.8636%,1,87,88,87,1,0,0
0x772ffe,98.0769%,1,51,52,51,1,0,0
0x643c63,99.9615%,1,2599,2600,0,0,1,2599
0x66fb57,87.5%,1,7,8,0,0,1,7
0x688576,50%,1,1,2,1,1,0,0
0x64986a,50%,1,1,2,0,0,1,1
0x639e50,50%,1,1,2,0,0,1,1
0x7aa4fe,98.0769%,1,51,52,0,0,1,51
0x637fd6,99.6109%,1,256,257,0,0,1,256
0x77314e,98.0769%,1,51,52,51,1,0,0
0x8bfc60,99%,1,99,100,99,1,0,0
0x8c5633,99.9923%,1,12999,13000,0,0,1,12999
0x608ed0,98.2759%,1,57,58,0,0,1,57
0x77325b,98.0769%,1,51,52,0,0,1,51
0x8bf52a,50%,1,1,2,0,0,1,1
0x9288ab,99.9712%,1,3471,3472,0,0,1,3471
0x65a563,50%,1,1,2,0,0,1,1
0x7b3a69,50%,1,1,2,1,1,0,0
0x8c03cd,50%,1,1,2,0,0,1,1
0x778d63,87.5%,1,7,8,0,0,1,7
0x62ed3e,50%,1,1,2,0,0,1,1
0x927233,90%,1,9,10,0,1,0,9
0x649a07,50%,1,1,2,0,0,1,1
0x928d7c,99.3711%,1,158,159,0,0,1,158
0x64de6f,99.975%,1,3999,4000,0,0,1,3999
0x65ad07,50%,1,1,2,0,0,1,1
0x7aa3a2,98%,1,49,50,0,0,1,49
0x7610d2,97.619%,1,41,42,0,0,1,41
0x63cf44,99.3007%,1,142,143,142,1,0,0
0x649d0c,50%,1,1,2,0,0,1,1
0x76fe77,50%,1,1,2,0,0,1,1
0x5ed066,50%,1,1,2,0,0,1,1
0x92724d,90%,1,9,10,0,1,0,9
0x760f8e,97.7273%,1,43,44,0,0,1,43
0x65afb8,50%,1,1,2,0,0,1,1
0x8c2110,50%,1,1,2,0,0,1,1
0x666053,98.0769%,1,51,52,0,0,1,51
0x65043c,98.0769%,1,51,52,0,0,1,51
0x8c618c,99.8%,1,499,500,0,0,1,499
0x8c4140,99%,1,99,100,0,0,1,99
0x638702,99.6109%,1,256,257,0,0,1,256
0x65b4c0,50%,1,1,2,0,0,1,1
0x645ac8,99.9615%,1,2599,2600,0,0,1,2599
0x64a0bc,99.9615%,1,2599,2600,0,0,1,2599
0x7b0f14,98.0769%,1,51,52,0,0,1,51
0x5951a5,95.8333%,1,23,24,0,0,1,23
0x641ef8,99.9615%,1,2599,2600,0,0,1,2599
0xa39eb8,75%,1,3,4,0,1,0,3
0x95a51c,98.0769%,1,51,52,0,0,1,51
0x66b5fc,98.0769%,1,51,52,0,0,1,51
0x75f8b9,50%,1,1,2,0,0,1,1
0x64aacc,99%,1,99,100,0,0,1,99
0x4a3d5b,50%,1,1,2,1,1,0,0
0x5e7744,99.2366%,1,130,131,130,1,0,0
0x76fe00,50%,1,1,2,0,0,1,1
0x65b054,50%,1,1,2,0,0,1,1
0xa7809d,99.7076%,1,341,342,0,0,1,341
0x5f60f9,98.6842%,1,75,76,0,0,1,75
0x5e770b,92.3077%,1,12,13,0,0,1,12
0x64bba2,50%,1,1,2,0,0,1,1
0x8c020d,99%,1,99,100,0,0,1,99
0x76681b,96.875%,1,31,32,0,0,1,31
0x7cfb37,50%,1,1,2,0,0,1,1
0x67a968,50%,1,1,2,0,0,1,1
0x8c1493,99.75%,1,399,400,399,1,0,0
0x63c843,99.6109%,1,256,257,0,0,1,256
0x404001,83.3333%,1,5,6,5,1,0,0
0x5f6a2a,97.3684%,1,37,38,37,1,0,0
0x7ccc3e,50%,1,1,2,0,0,1,1
0x8a01fd,50%,1,1,2,0,0,1,1
0x64f85e,50%,1,1,2,0,0,1,1
0x7b2d08,50%,1,1,2,1,1,0,0
0x9ff0d6,99.7143%,1,349,350,349,1,0,0
0x8c11a3,99.7449%,1,391,392,391,1,0,0
0x5e7fcd,92.3077%,1,12,13,0,0,1,12
0x634598,50%,1,1,2,0,0,1,1
0x641e76,50%,1,1,2,0,0,1,1
0x7664d3,98.9583%,1,95,96,0,0,1,95
0x5e7f15,98.0769%,1,51,52,0,0,1,51
0x5f6a5f,97.3684%,1,37,38,0,0,1,37
0x8c53e3,99.9615%,1,2599,2600,0,0,1,2599
0x6330c4,50%,1,1,2,0,0,1,1
0x8c137f,99%,1,99,100,0,0,1,99
0x89fe70,50%,1,1,2,0,0,1,1
0x76cd2e,50%,1,1,2,0,0,1,1
0x4ba05f,50%,1,1,2,0,0,1,1
0x63a480,50%,1,1,2,0,0,1,1
0x5e757f,87.5%,1,7,8,0,0,1,7
0x404a27,83.3333%,1,5,6,0,0,1,5
0x5e7291,87.5%,1,7,8,7,1,0,0
0x7cd636,98.0769%,1,51,52,0,0,1,51
0x75d7c4,50%,1,1,2,0,0,1,1
0x7b40fe,50%,1,1,2,1,1,0,0
0xa78470,50%,1,1,2,0,0,1,1
0x76a612,50%,1,1,2,0,0,1,1
0x7cd3d6,98.0769%,1,51,52,0,0,1,51
0x7cf412,50%,1,1,2,0,0,1,1
0xa78487,50%,1,1,2,0,0,1,1
0x7c8d4b,50%,1,1,2,0,0,1,1
0x64289a,50%,1,1,2,0,0,1,1
0x8c5f5a,99.9615%,1,2599,2600,0,0,1,2599
0x5eff33,99.7537%,1,405,406,0,0,1,405
0x8c1695,0%,1,0,1,0,1,0,0
0x66a2fc,98.0769%,1,51,52,0,0,1,51
0x64c553,99.975%,1,3999,4000,0,0,1,3999
0x631682,50%,1,1,2,0,0,1,1
0xa244f1,99.4924%,1,196,197,0,0,1,196
0x637ddd,99.6109%,1,256,257,0,0,1,256
0x64f3d7,87.5%,1,7,8,0,0,1,7
0x6415c5,50%,1,1,2,0,0,1,1
0x5e738c,50%,1,1,2,0,0,1,1
0x6882ef,50%,1,1,2,1,1,0,0
0x758928,99.5192%,1,207,208,0,0,1,207
0x76130e,50%,1,1,2,0,0,1,1
0x618067,99.9747%,1,3951,3952,3951,1,0,0
0x7ce4f1,50%,1,1,2,0,0,1,1
0x5f0825,50%,1,1,2,0,0,1,1
0x7e82eb,50%,1,1,2,1,1,0,0
0x8c1582,99%,1,99,100,0,0,1,99
0x8c3b73,99.8%,1,499,500,499,1,0,0
0x7b2cd9,50%,1,1,2,1,1,0,0
0x597bdc,97.0588%,1,33,34,0,0,1,33
0x5f7430,99.9025%,1,1025,1026,0,0,1,1025
0x403fae,83.3333%,1,5,6,5,1,0,0
0x7e7f73,98.0769%,1,51,52,0,0,1,51
0x76722b,93.75%,1,15,16,0,0,1,15
0x5f3ab7,50%,1,1,2,0,0,1,1
0x7e7573,98.0769%,1,51,52,0,0,1,51
0x650630,50%,1,1,2,1,1,0,0
0x6e67ad,50%,1,1,2,0,0,1,1
0x687be8,50%,1,1,2,1,1,0,0
0x646ae4,50%,1,1,2,0,0,1,1
0x6f5259,50%,1,1,2,0,0,1,1
0x9f5e21,99.569%,1,231,232,231,1,0,0
0x66e3f7,50%,1,1,2,0,0,1,1
0x75959a,99.5192%,1,207,208,207,0,1,0
0x6458f3,99.9615%,1,2599,2600,0,0,1,2599
0x5e898c,90.9091%,1,10,11,10,1,0,0
0x5f39be,96.6667%,1,29,30,0,0,1,29
0x8beefe,99.5192%,1,207,208,207,1,0,0
0x8c2134,50%,1,1,2,0,0,1,1
0x5f3712,95%,1,19,20,0,0,1,19
0x64a64b,99%,1,99,100,99,1,0,0
0x63c1cf,87.5%,1,7,8,0,0,1,7
0x5e4ecb,97.3684%,1,37,38,0,0,1,37
0x778d78,96.875%,1,31,32,0,0,1,31
0x667b6f,99.5192%,1,207,208,155,1,0,52
0x630b89,50%,1,1,2,0,0,1,1
0x66f3d2,87.5%,1,7,8,5,1,0,2
0x687915,50%,1,1,2,1,1,0,0
0x6354a2,50%,1,1,2,0,0,1,1
0x5f4454,83.3333%,1,5,6,3,0,1,2
0x5f4085,75%,1,3,4,3,1,0,0
0x9279d1,98.9011%,1,90,91,90,1,0,0
0x7e73a0,50%,1,1,2,0,0,1,1
0x62ea9e,50%,1,1,2,0,0,1,1
0x5f0b23,99.9782%,1,4587,4588,0,0,1,4587
0x65aefc,87.5%,1,7,8,7,1,0,0
0x646c25,50%,1,1,2,0,0,1,1
0x7cdb33,98.0769%,1,51,52,0,0,1,51
0x6e6803,50%,1,1,2,0,0,1,1
0x9e1685,99.7396%,1,383,384,0,0,1,383
0x76fb20,85.7143%,1,6,7,6,1,0,0
0x5f6c18,99.9025%,1,1025,1026,0,0,1,1025
0x60329f,50%,1,1,2,0,0,1,1
0x76507f,50%,1,1,2,0,0,1,1
0x603631,93.75%,1,15,16,0,0,1,15
0x614ad6,99.9855%,1,6915,6916,0,0,1,6915
0x5e8d0c,99.867%,1,751,752,0,0,1,751
0x76ceb0,98.0769%,1,51,52,51,1,0,0
0x64efd4,87.5%,1,7,8,7,1,0,0
0x765114,50%,1,1,2,0,0,1,1
0x5f30a3,75%,1,3,4,1,1,0,2
0xa79665,99.6109%,1,256,257,0,0,1,256
0x949ddb,50%,1,1,2,1,1,0,0
0x7cdf63,98.0769%,1,51,52,0,0,1,51
0x8beb4d,98.0769%,1,51,52,0,0,1,51
0x9f7d04,99.951%,1,2041,2042,0,0,1,2041
0x5f2be7,50%,1,1,2,0,0,1,1
0x659954,50%,1,1,2,0,0,1,1
0x8c4c44,99.9615%,1,2599,2600,0,0,1,2599
0x640d6f,50%,1,1,2,0,0,1,1
0x65144b,50%,1,1,2,0,0,1,1
0x649860,50%,1,1,2,0,0,1,1
0x765c7e,75%,1,3,4,0,0,1,3
0x5f3d3a,83.3333%,1,5,6,5,1,0,0
0x5e64e0,50%,1,1,2,0,0,1,1
0x5e76fe,96.875%,1,31,32,31,1,0,0
0x6304db,50%,1,1,2,0,0,1,1
0x67a63c,50%,1,1,2,0,0,1,1
0x66a62f,50%,1,1,2,0,0,1,1
0x65aa66,50%,1,1,2,0,0,1,1
0x429b71,50%,1,1,2,0,0,1,1
0x7e7689,50%,1,1,2,0,0,1,1
0x8c15c9,99.6552%,1,289,290,0,0,1,289
0x646c4f,50%,1,1,2,0,0,1,1
0x632a94,50%,1,1,2,0,0,1,1
0x9ff065,99.7253%,1,363,364,0,0,1,363
0x634af5,50%,1,1,2,0,0,1,1
0x633c9b,50%,1,1,2,0,0,1,1
0x64cf53,50%,1,1,2,0,0,1,1
0x5ed0db,50%,1,1,2,1,1,0,0
0x665b03,98.0769%,1,51,52,0,0,1,51
0x75e02b,92.8571%,1,13,14,0,0,1,13
0x7ce680,50%,1,1,2,0,0,1,1
0x8bf02f,98.0769%,1,51,52,0,0,1,51
0x6d9045,97.2222%,1,35,36,35,1,0,0
0x8beccf,50%,1,1,2,0,0,1,1
0x5f2c13,75%,1,3,4,2,0,1,1
0x687b7c,98.0769%,1,51,52,0,0,1,51
0x95ae7f,50%,1,1,2,1,1,0,0
0x63aa83,50%,1,1,2,0,0,1,1
0x9fefb0,75%,1,3,4,0,0,1,3
0x633445,50%,1,1,2,0,0,1,1
0x76bcb0,50%,1,1,2,1,1,0,0
0x42a8b1,97.3684%,1,37,38,37,1,0,0
0x926e36,50%,1,1,2,0,0,1,1
0x926575,87.5%,1,7,8,7,1,0,0
0x8c20fe,50%,1,1,2,0,0,1,1
0x645ec9,99.9759%,1,4152,4153,4152,1,0,0
0x686506,50%,1,1,2,1,1,0,0
0x63ee24,50%,1,1,2,0,0,1,1
0x659f33,50%,1,1,2,1,1,0,0
0x7588ff,96.4286%,1,27,28,0,1,0,27
0x597dec,87.5%,1,7,8,0,0,1,7
0x665fba,50%,1,1,2,0,0,1,1
0x643518,50%,1,1,2,0,0,1,1
0x65ae8c,87.5%,1,7,8,7,1,0,0
0x643298,50%,1,1,2,0,0,1,1
0x63ed7c,50%,1,1,2,0,0,1,1
0x8c07f6,99.8276%,1,579,580,0,0,1,579
0x63ed60,50%,1,1,2,0,0,1,1
0x7cd504,98.0769%,1,51,52,51,1,0,0
0x618da4,99.9855%,1,6915,6916,0,0,1,6915
0x66eccc,99.9615%,1,2599,2600,0,0,1,2599
0x686625,50%,1,1,2,0,0,1,1
0x8c34ad,99%,1,99,100,0,0,1,99
0x65a501,50%,1,1,2,0,0,1,1
0x8c434c,99.9615%,1,2599,2600,0,0,1,2599
0x8bf7e5,50%,1,1,2,0,0,1,1
0x7625ca,94.4444%,1,17,18,0,0,1,17
0x631837,98.0769%,1,51,52,0,0,1,51
0x64abaa,50%,1,1,2,0,0,1,1
0x8bf87a,50%,1,1,2,0,0,1,1
0x5da5b4,98%,1,49,50,0,0,1,49
0x769590,75%,1,3,4,0,0,1,3
0x640eda,50%,1,1,2,0,0,1,1
0x5da411,98.0769%,1,51,52,0,0,1,51
0x4a2b0d,83.3333%,1,5,6,5,1,0,0
0x6d8dd9,93.75%,1,15,16,0,0,1,15
0x64d1b3,99.75%,1,399,400,0,0,1,399
0x5acaf2,75%,1,3,4,3,1,0,0
0x76050b,97.619%,1,41,42,0,0,1,41
0x40324f,96.1538%,1,25,26,25,1,0,0
0x67ab69,50%,1,1,2,0,0,1,1
0x5e6107,50%,1,1,2,0,0,1,1
0x40320d,96.1538%,1,25,26,25,1,0,0
0x665fd3,50%,1,1,2,0,0,1,1
0x659526,50%,1,1,2,0,0,1,1
0x7b2696,50%,1,1,2,1,1,0,0
0x616c23,99.9025%,1,1025,1026,0,0,1,1025
0x640909,87.5%,1,7,8,6,0,1,1
0x65a4ef,50%,1,1,2,0,0,1,1
0xa3a484,75%,1,3,4,3,0,1,0
0x7c88ef,50%,1,1,2,0,0,1,1
0x76e0ea,50%,1,1,2,0,0,1,1
0x640cb4,50%,1,1,2,0,0,1,1
0x8c1f8f,50%,1,1,2,0,0,1,1
0x7cd03b,98.0769%,1,51,52,0,0,1,51
0x5e6e62,50%,1,1,2,0,0,1,1
0x7b1035,98.0769%,1,51,52,0,0,1,51
0x8c202f,50%,1,1,2,0,0,1,1
0x8bfe23,98.0769%,1,51,52,0,0,1,51
0x7698f5,99.7596%,1,415,416,0,0,1,415
0x592cbc,87.5%,1,7,8,0,0,1,7
0x632c00,50%,1,1,2,0,0,1,1
0x8c3ca1,99%,1,99,100,0,0,1,99
0x66a3f0,50%,1,1,2,0,0,1,1
0x8beeab,99.5192%,1,207,208,207,1,0,0
0x42a6d1,83.3333%,1,5,6,5,1,0,0
0x7783fe,99.5%,1,199,200,199,1,0,0
0x6507bc,50%,1,1,2,0,0,1,1
0x766ff2,96.875%,1,31,32,0,0,1,31
0x5efb3a,50%,1,1,2,0,0,1,1
0x644f48,98.0769%,1,51,52,0,0,1,51
0x6851c8,50%,1,1,2,0,0,1,1
0x5f01b3,98%,1,49,50,0,0,1,49
0x42a6dc,83.3333%,1,5,6,5,1,0,0
0xa78dcb,50%,1,1,2,0,0,1,1
0xa78e79,50%,1,1,2,0,0,1,1
0x75f936,98.1481%,1,53,54,0,1,0,53
0x769a13,75%,1,3,4,0,0,1,3
0x8c1f70,50%,1,1,2,0,0,1,1
0x6503aa,50%,1,1,2,0,0,1,1
0xa796eb,50%,1,1,2,0,0,1,1
0x65abbc,87.5%,1,7,8,7,1,0,0
0x8c187b,50%,1,1,2,1,1,0,0
0x658561,99.9953%,1,21293,21294,0,0,1,21293
0x7d013a,50%,1,1,2,1,1,0,0
0x7724af,87.5%,1,7,8,7,1,0,0
0x6703b6,50%,1,1,2,1,1,0,0
0xa3a3a2,75%,1,3,4,0,0,1,3
0x595383,99.8397%,1,623,624,0,0,1,623
0x5efb22,50%,1,1,2,0,0,1,1
0x593bde,87.5%,1,7,8,0,0,1,7
0x686560,50%,1,1,2,1,1,0,0
0x92cb98,99.9904%,1,10399,10400,10399,1,0,0
0x65c484,100%,0,52,52,0,0,0,52
0x6571b0,100%,0,2,2,0,0,0,2
0x8c4765,100%,0,500,500,0,0,0,500
0x7b0b78,100%,0,39,39,39,0,0,0
0x5e7814,100%,0,13,13,13,0,0,0
0x92a2b8,100%,0,159,159,0,0,0,159
0x7b10c9,100%,0,52,52,0,0,0,52
0xa27e34,100%,0,40,40,40,0,0,0
0x762183,100%,0,2,2,0,0,0,2
0x667364,100%,0,52,52,0,0,0,52
0x8a8938,100%,0,10,10,0,0,0,10
0x772563,100%,0,52,52,0,0,0,52
0x760b25,100%,0,17,17,0,0,0,17
0x63fb7a,100%,0,2,2,0,0,0,2
0x7cda13,100%,0,52,52,0,0,0,52
0x614cce,100%,0,6916,6916,6916,0,0,0
0x65b02e,100%,0,110,110,110,0,0,0
0x60490e,100%,0,44,44,44,0,0,0
0x8c4e7a,100%,0,500,500,0,0,0,500
0x63081b,100%,0,2,2,0,0,0,2
0x7cf50b,100%,0,2,2,0,0,0,2
0x63edec,100%,0,2,2,0,0,0,2
0x772543,100%,0,52,52,0,0,0,52
0xa24d46,100%,0,285,285,0,0,0,285
0x760ce4,100%,0,59,59,0,0,0,59
0x7cdb86,100%,0,52,52,0,0,0,52
0xa78466,100%,0,2,2,0,0,0,2
0x7e89be,100%,0,52,52,0,0,0,52
0x75ea39,100%,0,32,32,0,0,0,32
0x64056a,100%,0,2,2,0,0,0,2
0x7b0df3,100%,0,52,52,0,0,0,52
0x7cc256,100%,0,2,2,0,0,0,2
0x5f6afb,100%,0,1026,1026,0,0,0,1026
0x760b0a,100%,0,44,44,0,0,0,44
0x669cca,100%,0,2,2,2,0,0,0
0x760cb3,100%,0,44,44,0,0,0,44
0x926ac6,100%,0,8,8,0,0,0,8
0x604b1a,100%,0,44,44,44,0,0,0
0x7cd761,100%,0,52,52,52,0,0,0
0x7b0cf3,100%,0,52,52,0,0,0,52
0x7730c3,100%,0,52,52,0,0,0,52
0x61721f,100%,0,572,572,0,0,0,572
0x7b0c72,100%,0,2,2,0,0,0,2
0x67ba4b,100%,0,2,2,0,0,0,2
0x7603a3,100%,0,8,8,0,0,0,8
0x634944,100%,0,2,2,0,0,0,2
0x634c30,100%,0,2,2,0,0,0,2
0x6361b2,100%,0,2,2,0,0,0,2
0x769303,100%,0,4,4,0,0,0,4
0x7b131e,100%,0,2,2,0,0,0,2
0x7b30a8,100%,0,2,2,0,0,0,2
0x685130,100%,0,6,6,6,0,0,0
0x927338,100%,0,9,9,0,0,0,9
0x7e81ce,100%,0,52,52,0,0,0,52
0x77293f,100%,0,52,52,0,0,0,52
0x7b1393,100%,0,52,52,0,0,0,52
0x6043f0,100%,0,44,44,44,0,0,0
0x64cd43,100%,0,80,80,0,0,0,80
0x76fe3a,100%,0,4,4,4,0,0,0
0x64e03d,100%,0,2,2,0,0,0,2
0x66f79f,100%,0,2,2,0,0,0,2
0x760b5d,100%,0,2,2,0,0,0,2
0x92a5ef,100%,0,91,91,0,0,0,91
0x7e7748,100%,0,6,6,0,0,0,6
0x77247c,100%,0,8,8,8,0,0,0
0x5fced2,100%,0,88,88,88,0,0,0
0x772b2f,100%,0,52,52,0,0,0,52
0x7a8f24,100%,0,4,4,0,0,0,4
0x8c0c14,100%,0,2500,2500,0,0,0,2500
0x75d4b1,100%,0,220,220,0,0,0,220
0x7e7c79,100%,0,52,52,0,0,0,52
0x603cc6,100%,0,44,44,44,0,0,0
0x65d8db,100%,0,100,100,0,0,0,100
0x597f24,100%,0,14,14,0,0,0,14
0x636201,100%,0,128,128,96,0,0,32
0x8c4b3d,100%,0,100,100,0,0,0,100
0x5ed0d3,100%,0,2,2,0,0,0,2
0x8c1778,100%,0,2,2,0,0,0,2
0x772f53,100%,0,52,52,0,0,0,52
0x65c07c,100%,0,52,52,0,0,0,52
0x76fd24,100%,0,104,104,0,0,0,104
0x5fcfde,100%,0,88,88,88,0,0,0
0x681e59,100%,0,104,104,0,0,0,104
0x7e7bb9,100%,0,52,52,0,0,0,52
0x429843,100%,0,1141,1141,0,0,0,1141
0xa7a72b,100%,0,257,257,0,0,0,257
0x64c1b9,100%,0,2,2,0,0,0,2
0x5fcd85,100%,0,88,88,88,0,0,0
0x593b06,100%,0,8,8,0,0,0,8
0x8a001d,100%,0,2,2,0,0,0,2
0x75f9c8,100%,0,6,6,6,0,0,0
0x5e9d12,100%,0,104,104,0,0,0,104
0x650828,100%,0,80,80,0,0,0,80
0x614c53,100%,0,6916,6916,0,0,0,6916
0x7611a2,100%,0,23,23,0,0,0,23
0x76ada7,100%,0,2,2,0,0,0,2
0x7ce3ad,100%,0,52,52,0,0,0,52
0x679f53,100%,0,2,2,0,0,0,2
0x63f2bb,100%,0,2,2,0,0,0,2
0x5fc9b8,100%,0,88,88,88,0,0,0
0x614cc6,100%,0,6916,6916,0,0,0,6916
0x76e40f,100%,0,16,16,0,0,0,16
0x7a9fa9,100%,0,100,100,0,0,0,100
0x614d63,100%,0,6916,6916,0,0,0,6916
0x614d7d,100%,0,6916,6916,0,0,0,6916
0x76abc5,100%,0,52,52,0,0,0,52
0x63d774,100%,0,208,208,0,0,0,208
0x66752b,100%,0,52,52,0,0,0,52
0x596e0a,100%,0,156,156,0,0,0,156
0x6309ac,100%,0,2,2,0,0,0,2
0x95ac4c,100%,0,2,2,0,0,0,2
0x7aae45,100%,0,42,42,0,0,0,42
0x95ae74,100%,0,2,2,0,0,0,2
0x76afb5,100%,0,44,44,0,0,0,44
0x632d3b,100%,0,468,468,0,0,0,468
0x657466,100%,0,2,2,0,0,0,2
0x685d4b,100%,0,2,2,2,0,0,0
0x5f6620,100%,0,1026,1026,0,0,0,1026
0x76af83,100%,0,2,2,0,0,0,2
0x64d953,100%,0,80,80,0,0,0,80
0x95adfe,100%,0,2,2,0,0,0,2
0x63f657,100%,0,2,2,0,0,0,2
0x5f0128,100%,0,406,406,0,0,0,406
0xa7a6dd,100%,0,257,257,0,0,0,257
0x76c7cc,100%,0,44,44,0,0,0,44
0x76c30c,100%,0,2,2,0,0,0,2
0x6f50a7,100%,0,2,2,0,0,0,2
0x7aac7e,100%,0,52,52,0,0,0,52
0x65ad77,100%,0,2,2,0,0,0,2
0x75f93c,100%,0,53,53,0,0,0,53
0x7741fb,100%,0,52,52,0,0,0,52
0x598ac1,100%,0,96,96,0,0,0,96
0x75e2b8,100%,0,2,2,0,0,0,2
0x7aa013,100%,0,100,100,0,0,0,100
0x7a8c55,100%,0,104,104,0,0,0,104
0x64fa60,100%,0,80,80,0,0,0,80
0x75d782,100%,0,2,2,0,0,0,2
0x7603c2,100%,0,2,2,0,0,0,2
0x928ab2,100%,0,159,159,0,0,0,159
0x7cc366,100%,0,52,52,0,0,0,52
0x7a9891,100%,0,100,100,0,0,0,100
0x928a35,100%,0,159,159,0,0,0,159
0x5f0c2c,100%,0,4588,4588,0,0,0,4588
0x635202,100%,0,2,2,0,0,0,2
0x89f9d4,100%,0,2,2,0,0,0,2
0x757b53,100%,0,54,54,0,0,0,54
0x7a8d4b,100%,0,100,100,0,0,0,100
0x7783a2,100%,0,200,200,0,0,0,200
0x76baca,100%,0,2,2,0,0,0,2
0x7b3c8f,100%,0,2,2,0,0,0,2
0x8a010d,100%,0,2,2,2,0,0,0
0x7cc676,100%,0,52,52,0,0,0,52
0x7ce693,100%,0,2,2,0,0,0,2
0x5f41e6,100%,0,4,4,0,0,0,4
0xa3a62a,100%,0,4,4,0,0,0,4
0x5f1349,100%,0,2,2,0,0,0,2
0x8a0c61,100%,0,2,2,0,0,0,2
0x7cea9a,100%,0,2,2,0,0,0,2
0x76aa47,100%,0,52,52,0,0,0,52
0x636b9a,100%,0,257,257,0,0,0,257
0x7aaed3,100%,0,54,54,0,0,0,54
0x5f7520,100%,0,1026,1026,0,0,0,1026
0x76a97a,100%,0,2,2,0,0,0,2
0x65e9d7,100%,0,100,100,0,0,0,100
0x75f9ec,100%,0,6,6,0,0,0,6
0x7d005a,100%,0,2,2,2,0,0,0
0x7aaf88,100%,0,52,52,0,0,0,52
0x40518c,100%,0,6,6,6,0,0,0
0x630e42,100%,0,2,2,0,0,0,2
0x7cb653,100%,0,2,2,0,0,0,2
0x76c04a,100%,0,44,44,0,0,0,44
0x666c18,100%,0,8,8,0,0,0,8
0x76c02a,100%,0,44,44,0,0,0,44
0x89f9c1,100%,0,2,2,0,0,0,2
0x67a346,100%,0,2,2,0,0,0,2
0x5f2527,100%,0,2,2,0,0,0,2
0x4a2ee8,100%,0,6,6,6,0,0,0
0x7739c2,100%,0,52,52,0,0,0,52
0x773852,100%,0,52,52,0,0,0,52
0xa38c92,100%,0,6,6,0,0,0,6
0x7cdd33,100%,0,52,52,0,0,0,52
0x6381ad,100%,0,257,257,257,0,0,0
0x617db8,100%,0,3952,3952,3952,0,0,0
0x67ad49,100%,0,2,2,0,0,0,2
0x75fad4,100%,0,2,2,2,0,0,0
0x7cdfc6,100%,0,52,52,0,0,0,52
0x64f15a,100%,0,816,816,0,0,0,816
0x7b172f,100%,0,52,52,0,0,0,52
0x617d53,100%,0,3952,3952,0,0,0,3952
0x773add,100%,0,52,52,0,0,0,52
0x617f07,100%,0,3952,3952,3952,0,0,0
0x685faa,100%,0,2,2,0,0,0,2
0x618024,100%,0,3952,3952,0,0,0,3952
0x772617,100%,0,2,2,0,0,0,2
0x8c50ef,100%,0,100,100,0,0,0,100
0x618184,100%,0,3952,3952,0,0,0,3952
0x616946,100%,0,52,52,0,0,0,52
0x644ebf,100%,0,2,2,0,0,0,2
0x773c63,100%,0,52,52,0,0,0,52
0x63f04c,100%,0,2,2,0,0,0,2
0x7b436a,100%,0,2,2,0,0,0,2
0x7cc351,100%,0,52,52,0,0,0,52
0xa22afc,100%,0,105,105,0,0,0,105
0x7e72d2,100%,0,52,52,0,0,0,52
0x75bb5e,100%,0,2,2,0,0,0,2
0x65a656,100%,0,2,2,0,0,0,2
0x778d11,100%,0,160,160,160,0,0,0
0x774c0e,100%,0,52,52,0,0,0,52
0x6455ba,100%,0,2,2,0,0,0,2
0x64c69d,100%,0,4000,4000,0,0,0,4000
0x77826a,100%,0,32,32,32,0,0,0
0x770061,100%,0,2,2,0,0,0,2
0x7cf466,100%,0,2,2,0,0,0,2
0x778c4b,100%,0,8,8,8,0,0,0
0x7cdc9f,100%,0,2,2,2,0,0,0
0x77341b,100%,0,52,52,52,0,0,0
0x7e719a,100%,0,2,2,2,0,0,0
0x5f23b3,100%,0,54,54,0,0,0,54
0x77375a,100%,0,2,2,2,0,0,0
0x766d76,100%,0,32,32,0,0,0,32
0x9f80cf,100%,0,191,191,191,0,0,0
0x7cf033,100%,0,52,52,0,0,0,52
0x7ce0f1,100%,0,52,52,52,0,0,0
0x4b9bec,100%,0,12,12,0,0,0,12
0x6851bd,100%,0,2,2,0,0,0,2
0x64f8d8,100%,0,2,2,0,0,0,2
0x76ccfb,100%,0,2,2,0,0,0,2
0x7b045a,100%,0,2,2,0,0,0,2
0x7b02b2,100%,0,2,2,0,0,0,2
0x774846,100%,0,2,2,2,0,0,0
0x77493c,100%,0,52,52,0,0,0,52
0x67a280,100%,0,2,2,0,0,0,2
0x76d773,100%,0,2,2,0,0,0,2
0x64f885,100%,0,2,2,0,0,0,2
0x7aab05,100%,0,2,2,0,0,0,2
0x5e882b,100%,0,13,13,0,0,0,13
0x774b86,100%,0,2,2,0,0,0,2
0x774c19,100%,0,52,52,52,0,0,0
0x666173,100%,0,54,54,0,0,0,54
0x7aa74a,100%,0,52,52,0,0,0,52
0x7618d9,100%,0,2,2,0,0,0,2
0x7ce1c3,100%,0,52,52,0,0,0,52
0x7cdf83,100%,0,52,52,0,0,0,52
0x766a44,100%,0,12,12,0,0,0,12
0x5f0f3c,100%,0,2,2,0,0,0,2
0x7cf086,100%,0,52,52,0,0,0,52
0x660d1d,100%,0,2,2,2,0,0,0
0x6181c0,100%,0,3952,3952,0,0,0,3952
0x6181c8,100%,0,3952,3952,3952,0,0,0
0x634d80,100%,0,2,2,0,0,0,2
0x7cf053,100%,0,52,52,0,0,0,52
0x7781de,100%,0,32,32,0,0,0,32
0x76ce9c,100%,0,52,52,0,0,0,52
0x773266,100%,0,52,52,52,0,0,0
0x76b0f5,100%,0,126,126,126,0,0,0
0x76a988,100%,0,2,2,0,0,0,2
0x7cdfd1,100%,0,52,52,52,0,0,0
0x660ce9,100%,0,2,2,2,0,0,0
0x926a58,100%,0,98,98,0,0,0,98
0x7cc6b6,100%,0,52,52,0,0,0,52
0x774669,100%,0,52,52,0,0,0,52
0x4a4410,100%,0,4,4,4,0,0,0
0x41cbf7,100%,0,64,64,0,0,0,64
0x762df2,100%,0,2,2,0,0,0,2
0x7b22bc,100%,0,2,2,0,0,0,2
0x767295,100%,0,16,16,0,0,0,16
0x762c03,100%,0,38,38,0,0,0,38
0x769a8a,100%,0,4,4,4,0,0,0
0x75cfae,100%,0,2,2,0,0,0,2
0x618ddf,100%,0,6916,6916,0,0,0,6916
0x62fdf2,100%,0,2,2,0,0,0,2
0xa38c90,100%,0,6,6,0,0,0,6
0x5ed4ef,100%,0,2,2,0,0,0,2
0x5e9b98,100%,0,2,2,0,0,0,2
0x403fd4,100%,0,6,6,6,0,0,0
0x7b22db,100%,0,2,2,0,0,0,2
0x773a2e,100%,0,52,52,52,0,0,0
0x646357,100%,0,2,2,0,0,0,2
0x76704e,100%,0,32,32,0,0,0,32
0x660815,100%,0,2,2,2,0,0,0
0x8c5eb9,100%,0,100,100,0,0,0,100
0x7b227a,100%,0,2,2,0,0,0,2
0x766fe7,100%,0,32,32,0,0,0,32
0x7cc328,100%,0,52,52,0,0,0,52
0x7aaaeb,100%,0,2,2,0,0,0,2
0x773ac3,100%,0,52,52,0,0,0,52
0x648cfc,100%,0,14,14,0,0,0,14
0x8c4e13,100%,0,100,100,0,0,0,100
0x635a1a,100%,0,2,2,0,0,0,2
0x761ea4,100%,0,2,2,0,0,0,2
0x769498,100%,0,104,104,0,0,0,104
0x7cc3a6,100%,0,52,52,0,0,0,52
0x92a594,100%,0,91,91,0,0,0,91
0x5e98f2,100%,0,52,52,0,0,0,52
0xa24bd5,100%,0,125,125,0,0,0,125
0x68522d,100%,0,2,2,0,0,0,2
0x961497,100%,0,159,159,0,0,0,159
0x6851f9,100%,0,2,2,0,0,0,2
0x635aae,100%,0,2,2,0,0,0,2
0x4a2ede,100%,0,6,6,0,0,0,6
0x65888b,100%,0,91,91,0,0,0,91
0x65cf3c,100%,0,2,2,0,0,0,2
0x7e8e77,100%,0,2,2,0,0,0,2
0x76744a,100%,0,16,16,0,0,0,16
0x7ebc6d,100%,0,2,2,2,0,0,0
0x8c32a4,100%,0,100,100,0,0,0,100
0x76e3fd,100%,0,16,16,0,0,0,16
0x40280b,100%,0,18,18,0,0,0,18
0x769aea,100%,0,4,4,0,0,0,4
0x685b7d,100%,0,2,2,0,0,0,2
0x76d6c3,100%,0,52,52,0,0,0,52
0x76d686,100%,0,54,54,0,0,0,54
0x772af3,100%,0,52,52,0,0,0,52
0x5efaaa,100%,0,2,2,0,0,0,2
0x8c6852,100%,0,100,100,0,0,0,100
0x766693,100%,0,32,32,0,0,0,32
0x76198f,100%,0,54,54,0,0,0,54
0x8a0198,100%,0,2,2,0,0,0,2
0x4ba091,100%,0,2,2,0,0,0,2
0x7cdd13,100%,0,52,52,0,0,0,52
0x62f9b4,100%,0,2,2,0,0,0,2
0x5ed3b3,100%,0,52,52,0,0,0,52
0x961938,100%,0,159,159,0,0,0,159
0x76d6f3,100%,0,52,52,0,0,0,52
0x639aba,100%,0,2,2,0,0,0,2
0x76d723,100%,0,52,52,0,0,0,52
0x618f40,100%,0,6916,6916,0,0,0,6916
0x5f117e,100%,0,54,54,0,0,0,54
0x403f2e,100%,0,6,6,6,0,0,0
0x8c15ab,100%,0,90,90,0,0,0,90
0x763049,100%,0,2,2,0,0,0,2
0x7661f8,100%,0,4,4,0,0,0,4
0x7aafa3,100%,0,42,42,0,0,0,42
0x648710,100%,0,2,2,0,0,0,2
0x404c2b,100%,0,22,22,22,0,0,0
0x5eca85,100%,0,2,2,0,0,0,2
0x766ece,100%,0,32,32,0,0,0,32
0x76c4ae,100%,0,44,44,0,0,0,44
0x7afcca,100%,0,52,52,0,0,0,52
0x766ab3,100%,0,4,4,0,0,0,4
0x7b1cd7,100%,0,2,2,2,0,0,0
0x76683f,100%,0,32,32,0,0,0,32
0x95ac32,100%,0,2,2,0,0,0,2
0x92bd75,100%,0,100,100,0,0,0,100
0x4a4322,100%,0,2,2,2,0,0,0
0x666ead,100%,0,8,8,0,0,0,8
0x63d7df,100%,0,8,8,0,0,0,8
0x8a0027,100%,0,2,2,2,0,0,0
0x770f36,100%,0,2,2,2,0,0,0
0x62fa79,100%,0,2,2,0,0,0,2
0x7596a1,100%,0,52,52,0,0,0,52
0x75f5d1,100%,0,2,2,2,0,0,0
0x67b259,100%,0,2,2,0,0,0,2
0x5ed176,100%,0,52,52,0,0,0,52
0x7cc009,100%,0,52,52,0,0,0,52
0x7666d8,100%,0,32,32,0,0,0,32
0x7b3c2b,100%,0,2,2,0,0,0,2
0x64ee5c,100%,0,8,8,8,0,0,0
0x67ad7d,100%,0,8,8,8,0,0,0
0x7e76db,100%,0,2,2,0,0,0,2
0x76891a,100%,0,96,96,0,0,0,96
0x681f28,100%,0,104,104,104,0,0,0
0x926c88,100%,0,8,8,0,0,0,8
0x686a5c,100%,0,52,52,0,0,0,52
0x76bc7c,100%,0,6,6,0,0,0,6
0x64bc32,100%,0,2,2,0,0,0,2
0x768aea,100%,0,32,32,0,0,0,32
0x768dff,100%,0,32,32,0,0,0,32
0x7cc777,100%,0,2,2,0,0,0,2
0x64dbf3,100%,0,2,2,0,0,0,2
0x7b3b88,100%,0,2,2,0,0,0,2
0x7b3b6e,100%,0,2,2,0,0,0,2
0x63bdad,100%,0,208,208,0,0,0,208
0x404893,100%,0,6,6,0,0,0,6
0x7cf7da,100%,0,2,2,2,0,0,0
0x7e898a,100%,0,52,52,0,0,0,52
0x7cc6be,100%,0,52,52,52,0,0,0
0x4048b0,100%,0,6,6,0,0,0,6
0x5e6b6d,100%,0,2,2,0,0,0,2
0x598486,100%,0,104,104,0,0,0,104
0x634c14,100%,0,2,2,0,0,0,2
0x4a2689,100%,0,6,6,6,0,0,0
0x768082,100%,0,104,104,0,0,0,104
0x7b2102,100%,0,52,52,0,0,0,52
0x62eafe,100%,0,2,2,0,0,0,2
0x7ccabc,100%,0,2,2,0,0,0,2
0x7b45cb,100%,0,2,2,0,0,0,2
0x5da656,100%,0,2,2,0,0,0,2
0x42ab47,100%,0,14,14,0,0,0,14
0x4aba64,100%,0,16,16,0,0,0,16
0x8c58ae,100%,0,500,500,0,0,0,500
0xa22775,100%,0,1071,1071,0,0,0,1071
0x7b3715,100%,0,52,52,0,0,0,52
0x65a4b9,100%,0,2,2,0,0,0,2
0x6434a2,100%,0,2600,2600,0,0,0,2600
0xa233b3,100%,0,536,536,0,0,0,536
0x768701,100%,0,12,12,0,0,0,12
0x63ef3a,100%,0,2,2,0,0,0,2
0x76873a,100%,0,12,12,12,0,0,0
0x7687e7,100%,0,100,100,0,0,0,100
0x618d83,100%,0,6916,6916,0,0,0,6916
0x7cc8fc,100%,0,156,156,0,0,0,156
0x66b53c,100%,0,52,52,0,0,0,52
0x769276,100%,0,12,12,0,0,0,12
0x64fb62,100%,0,2,2,0,0,0,2
0x7691df,100%,0,12,12,0,0,0,12
0x593d8e,100%,0,8,8,0,0,0,8
0x64126c,100%,0,2,2,0,0,0,2
0x8a862b,100%,0,20,20,0,0,0,20
0xa78051,100%,0,4,4,0,0,0,4
0x762b46,100%,0,2,2,0,0,0,2
0x65ec79,100%,0,100,100,0,0,0,100
0x767655,100%,0,52,52,52,0,0,0
0x67b6d9,100%,0,2,2,0,0,0,2
0x7b0d61,100%,0,52,52,52,0,0,0
0x762305,100%,0,44,44,0,0,0,44
0x63326b,100%,0,52,52,0,0,0,52
0x5990b6,100%,0,4,4,4,0,0,0
0xa3087a,100%,0,7436,7436,0,0,0,7436
0x761fe3,100%,0,44,44,0,0,0,44
0x7738d6,100%,0,52,52,0,0,0,52
0x761f91,100%,0,2,2,0,0,0,2
0x657370,100%,0,2,2,0,0,0,2
0x658b1e,100%,0,6880,6880,0,0,0,6880
0x8c4045,100%,0,100,100,100,0,0,0
0x7afb9a,100%,0,52,52,52,0,0,0
0x4049a6,100%,0,6,6,6,0,0,0
0x7bced0,100%,0,260,260,0,0,0,260
0x639dde,100%,0,2,2,0,0,0,2
0x92b28a,100%,0,52,52,0,0,0,52
0x597e64,100%,0,2,2,0,0,0,2
0x8bf50e,100%,0,2,2,0,0,0,2
0x64e725,100%,0,320,320,0,0,0,320
0x76906b,100%,0,32,32,0,0,0,32
0x5ea7fb,100%,0,2,2,0,0,0,2
0x7690c0,100%,0,4,4,0,0,0,4
0xa2b798,100%,0,4,4,0,0,0,4
0x404941,100%,0,6,6,0,0,0,6
0x75e59b,100%,0,2,2,0,0,0,2
0x7b31ac,100%,0,2,2,0,0,0,2
0x7cc566,100%,0,2,2,0,0,0,2
0x9619eb,100%,0,2,2,0,0,0,2
0x7a995c,100%,0,100,100,0,0,0,100
0x7e8063,100%,0,52,52,0,0,0,52
0x769172,100%,0,4,4,4,0,0,0
0x7cc525,100%,0,2,2,0,0,0,2
0xa22631,100%,0,1242,1242,0,0,0,1242
0x758c63,100%,0,52,52,0,0,0,52
0x42a2ac,100%,0,2,2,0,0,0,2
0x616e53,100%,0,52,52,0,0,0,52
0x64bbaa,100%,0,2,2,2,0,0,0
0x7cb534,100%,0,2,2,0,0,0,2
0x761118,100%,0,53,53,0,0,0,53
0x76a93d,100%,0,2,2,0,0,0,2
0x759378,100%,0,52,52,0,0,0,52
0x593cb9,100%,0,8,8,0,0,0,8
0x616e33,100%,0,52,52,0,0,0,52
0x67b2e8,100%,0,2,2,0,0,0,2
0x5f2f2b,100%,0,2,2,0,0,0,2
0x8c6b72,100%,0,100,100,0,0,0,100
0x7cbf05,100%,0,2,2,0,0,0,2
0x764f92,100%,0,2,2,0,0,0,2
0x755eb9,100%,0,208,208,0,0,0,208
0x772f72,100%,0,52,52,0,0,0,52
0x64baad,100%,0,2,2,0,0,0,2
0x7e7f53,100%,0,52,52,0,0,0,52
0x669e73,100%,0,52,52,0,0,0,52
0x6083c4,100%,0,1624,1624,0,0,0,1624
0x7e7efc,100%,0,52,52,0,0,0,52
0x7cf440,100%,0,2,2,0,0,0,2
0x640b28,100%,0,2,2,0,0,0,2
0x76ffec,100%,0,52,52,0,0,0,52
0x757c13,100%,0,52,52,0,0,0,52
0x7cb6af,100%,0,2,2,2,0,0,0
0x7595a1,100%,0,1,1,0,0,0,1
0x616c73,100%,0,1026,1026,0,0,0,1026
0x65ac73,100%,0,14,14,0,0,0,14
0x8c5dd6,100%,0,10000,10000,0,0,0,10000
0x6594fc,100%,0,52,52,0,0,0,52
0x7cc661,100%,0,52,52,0,0,0,52
0x598c38,100%,0,32,32,0,0,0,32
0x67a65e,100%,0,2,2,0,0,0,2
0x65c853,100%,0,208,208,0,0,0,208
0x949ffc,100%,0,2,2,0,0,0,2
0x63413f,100%,0,2,2,0,0,0,2
0x757be3,100%,0,52,52,0,0,0,52
0x63fcbc,100%,0,2,2,0,0,0,2
0x96197b,100%,0,159,159,0,0,0,159
0x7cf5f6,100%,0,2,2,0,0,0,2
0x63a534,100%,0,2,2,0,0,0,2
0x7cb6a4,100%,0,2,2,0,0,0,2
0x7cb631,100%,0,2,2,0,0,0,2
0x7cb5e4,100%,0,2,2,0,0,0,2
0x67b61e,100%,0,8,8,8,0,0,0
0x616d9c,100%,0,52,52,52,0,0,0
0x762555,100%,0,2,2,0,0,0,2
0x6091a8,100%,0,222,222,0,0,0,222
0x7cc8a6,100%,0,156,156,0,0,0,156
0x778c09,100%,0,8,8,0,0,0,8
0x76a353,100%,0,42,42,0,0,0,42
0x7579d3,100%,0,52,52,0,0,0,52
0x6170d6,100%,0,2,2,0,0,0,2
0x9e1621,100%,0,96,96,0,0,0,96
0x7ccde3,100%,0,2,2,2,0,0,0
0x64ba52,100%,0,80,80,0,0,0,80
0x769706,100%,0,104,104,0,0,0,104
0x7578a3,100%,0,52,52,0,0,0,52
0x663798,100%,0,52,52,0,0,0,52
0x7cfb5d,100%,0,2,2,2,0,0,0
0x76b763,100%,0,44,44,0,0,0,44
0x760d95,100%,0,42,42,0,0,0,42
0xa78597,100%,0,1169,1169,0,0,0,1169
0xa22c4a,100%,0,105,105,0,0,0,105
0x5f2353,100%,0,52,52,0,0,0,52
0x7cfb4a,100%,0,2,2,0,0,0,2
0xa7849b,100%,0,2,2,2,0,0,0
0x605e18,100%,0,22,22,0,0,0,22
0x76fb78,100%,0,6,6,0,0,0,6
0x9fb7f0,100%,0,261,261,261,0,0,0
0x769995,100%,0,416,416,0,0,0,416
0x760f7d,100%,0,44,44,0,0,0,44
0x63a94a,100%,0,2,2,0,0,0,2
0x76f62a,100%,0,1,1,0,0,0,1
0x60894f,100%,0,2,2,0,0,0,2
0x760f3d,100%,0,2,2,0,0,0,2
0x661323,100%,0,2,2,0,0,0,2
0x76f64f,100%,0,1,1,1,0,0,0
0x63fad8,100%,0,2,2,0,0,0,2
0x76f7c9,100%,0,6,6,0,0,0,6
0x760ec8,100%,0,2,2,2,0,0,0
0x5a62f6,100%,0,4,4,0,0,0,4
0x621133,100%,0,208,208,0,0,0,208
0x757ac3,100%,0,52,52,0,0,0,52
0x67a07d,100%,0,8,8,8,0,0,0
0x5ed32d,100%,0,2,2,0,0,0,2
0x761258,100%,0,23,23,0,0,0,23
0x7bd113,100%,0,260,260,0,0,0,260
0x6056cf,100%,0,2,2,2,0,0,0
0x617db0,100%,0,3952,3952,0,0,0,3952
0x760eac,100%,0,2,2,0,0,0,2
0x641816,100%,0,2,2,0,0,0,2
0x6059dd,100%,0,2,2,2,0,0,0
0x7afdd0,100%,0,52,52,52,0,0,0
0x7b161f,100%,0,52,52,0,0,0,52
0x64e4c1,100%,0,2,2,0,0,0,2
0x6398e3,100%,0,2,2,0,0,0,2
0x76d983,100%,0,2,2,0,0,0,2
0x65989c,100%,0,2,2,0,0,0,2
0x8c1fa1,100%,0,2,2,0,0,0,2
0x62eb3e,100%,0,2,2,0,0,0,2
0x759685,100%,0,52,52,0,0,0,52
0x608b58,100%,0,176,176,0,0,0,176
0x765bba,100%,0,104,104,0,0,0,104
0x7b27d3,100%,0,52,52,0,0,0,52
0x6490c2,100%,0,14,14,0,0,0,14
0x63570c,100%,0,2,2,0,0,0,2
0x7632fb,100%,0,42,42,0,0,0,42
0x758e77,100%,0,208,208,0,0,0,208
0x64d7ae,100%,0,2,2,0,0,0,2
0x686ae3,100%,0,52,52,0,0,0,52
0x7bd288,100%,0,10,10,0,0,0,10
0x5ea3cc,100%,0,2,2,0,0,0,2
0x7cbd31,100%,0,52,52,0,0,0,52
0x76dc93,100%,0,2,2,0,0,0,2
0x765add,100%,0,104,104,104,0,0,0
0x76d7ab,100%,0,2,2,0,0,0,2
0x5ea5d2,100%,0,52,52,0,0,0,52
0x685cd8,100%,0,2,2,2,0,0,0
0x763149,100%,0,2,2,0,0,0,2
0x63306d,100%,0,2,2,0,0,0,2
0x8c60c3,100%,0,500,500,0,0,0,500
0x7cbcf9,100%,0,52,52,0,0,0,52
0x7588cf,100%,0,28,28,0,0,0,28
0x7b27f7,100%,0,2,2,0,0,0,2
0x765eff,100%,0,96,96,0,0,0,96
0x5e8de3,100%,0,35,35,35,0,0,0
0x765ed3,100%,0,96,96,0,0,0,96
0x685cf7,100%,0,2,2,2,0,0,0
0x5f4182,100%,0,4,4,0,0,0,4
0x7582db,100%,0,39,39,0,0,0,39
0x6f4d69,100%,0,2,2,2,0,0,0
0x765dbd,100%,0,96,96,0,0,0,96
0x76d7bb,100%,0,2,2,0,0,0,2
0x7cbc2f,100%,0,2,2,0,0,0,2
0x92a5c8,100%,0,91,91,0,0,0,91
0x60353f,100%,0,16,16,0,0,0,16
0x763223,100%,0,2,2,0,0,0,2
0x6087f3,100%,0,176,176,0,0,0,176
0x8c3071,100%,0,100,100,0,0,0,100
0x76e15b,100%,0,2,2,0,0,0,2
0x7587d7,100%,0,52,52,0,0,0,52
0x7586e6,100%,0,52,52,0,0,0,52
0x66f4f7,100%,0,2,2,0,0,0,2
0x7cb764,100%,0,2,2,0,0,0,2
0x8c0102,100%,0,2,2,0,0,0,2
0x67aae9,100%,0,8,8,0,0,0,8
0x757ea5,100%,0,52,52,0,0,0,52
0x76136b,100%,0,2,2,0,0,0,2
0x67b79e,100%,0,8,8,8,0,0,0
0x63ac0c,100%,0,2,2,0,0,0,2
0x7cb99b,100%,0,52,52,0,0,0,52
0x63f409,100%,0,2,2,0,0,0,2
0x404c15,100%,0,22,22,22,0,0,0
0x76341f,100%,0,52,52,0,0,0,52
0x949bc3,100%,0,2,2,0,0,0,2
0x5ed2d1,100%,0,52,52,52,0,0,0
0x7651cb,100%,0,2,2,0,0,0,2
0x8bef93,100%,0,52,52,0,0,0,52
0x7563e2,100%,0,70,70,0,0,0,70
0x6f5508,100%,0,2,2,2,0,0,0
0x681df3,100%,0,4,4,0,0,0,4
0x641d09,100%,0,2,2,0,0,0,2
0xa0eed2,100%,0,7436,7436,0,0,0,7436
0x64723c,100%,0,2,2,0,0,0,2
0x7afcc1,100%,0,52,52,0,0,0,52
0x5e6319,100%,0,50,50,0,0,0,50
0x76dff7,100%,0,2,2,0,0,0,2
0x76e109,100%,0,2,2,0,0,0,2
0x6821a4,100%,0,52,52,52,0,0,0
0x7633dd,100%,0,2,2,0,0,0,2
0x7cde43,100%,0,52,52,0,0,0,52
0x6f3e71,100%,0,2,2,0,0,0,2
0x65a3f6,100%,0,2,2,0,0,0,2
0x7cf5b0,100%,0,2,2,2,0,0,0
0xa90dcd,100%,0,4,4,0,0,0,4
0x756c16,100%,0,52,52,0,0,0,52
0x65e578,100%,0,2600,2600,0,0,0,2600
0x7730e2,100%,0,52,52,0,0,0,52
0x68228e,100%,0,2,2,0,0,0,2
0x6491bc,100%,0,84,84,0,0,0,84
0x68229a,100%,0,2,2,2,0,0,0
0x687718,100%,0,2,2,2,0,0,0
0x7653cf,100%,0,2,2,0,0,0,2
0x75881a,100%,0,52,52,0,0,0,52
0x7a9eb7,100%,0,100,100,100,0,0,0
0x64ce82,100%,0,2,2,0,0,0,2
0x64cfc2,100%,0,2,2,0,0,0,2
0x5f43be,100%,0,18,18,0,0,0,18
0x762bee,100%,0,38,38,0,0,0,38
0x64d043,100%,0,8,8,0,0,0,8
0x759571,100%,0,208,208,0,0,0,208
0x7cd966,100%,0,52,52,0,0,0,52
0x5f2383,100%,0,52,52,0,0,0,52
0x64cdbe,100%,0,2,2,0,0,0,2
0x6876af,100%,0,2,2,2,0,0,0
0x7631ce,100%,0,2,2,0,0,0,2
0x621072,100%,0,988,988,0,0,0,988
0x64d6ba,100%,0,2,2,0,0,0,2
0x7cb484,100%,0,2,2,0,0,0,2
0x64d864,100%,0,2,2,0,0,0,2
0x657089,100%,0,2,2,0,0,0,2
0x7574db,100%,0,92,92,0,0,0,92
0x7cc3ae,100%,0,52,52,52,0,0,0
0x95a829,100%,0,2,2,0,0,0,2
0x6415ba,100%,0,2,2,0,0,0,2
0x64c253,100%,0,80,80,0,0,0,80
0x635f67,100%,0,2,2,0,0,0,2
0x64c674,100%,0,80,80,0,0,0,80
0x64c7f3,100%,0,80,80,0,0,0,80
0x64c843,100%,0,80,80,0,0,0,80
0x64d966,100%,0,1200,1200,0,0,0,1200
0x64c960,100%,0,8,8,0,0,0,8
0x63859f,100%,0,257,257,0,0,0,257
0x8c201d,100%,0,2,2,0,0,0,2
0x5e9fd6,100%,0,8,8,0,0,0,8
0x64cd7b,100%,0,2,2,0,0,0,2
0x666333,100%,0,52,52,0,0,0,52
0x8c06a6,100%,0,400,400,0,0,0,400
0x685157,100%,0,6,6,6,0,0,0
0x608fd2,100%,0,222,222,222,0,0,0
0x64e076,100%,0,10,10,0,0,0,10
0x681cfd,100%,0,2,2,2,0,0,0
0x590ade,100%,0,416,416,0,0,0,416
0x651462,100%,0,2,2,0,0,0,2
0x67baa5,100%,0,2,2,0,0,0,2
0x65bf7f,100%,0,2,2,0,0,0,2
0x6514cc,100%,0,40,40,40,0,0,0
0x651289,100%,0,1200,1200,0,0,0,1200
0x65a719,100%,0,80,80,0,0,0,80
0x65a80c,100%,0,32,32,32,0,0,0
0x6314c1,100%,0,2,2,0,0,0,2
0x631622,100%,0,2,2,0,0,0,2
0x7b0b2a,100%,0,52,52,0,0,0,52
0x631702,100%,0,2,2,0,0,0,2
0x631802,100%,0,2,2,0,0,0,2
0x7b009b,100%,0,2,2,0,0,0,2
0x64d9a0,100%,0,2,2,0,0,0,2
0x64db37,100%,0,2,2,0,0,0,2
0x63ed0c,100%,0,2,2,0,0,0,2
0x65a4cb,100%,0,2,2,0,0,0,2
0x64e1f1,100%,0,500,500,0,0,0,500
0x65759c,100%,0,52,52,0,0,0,52
0x5f4219,100%,0,4,4,0,0,0,4
0x64e43f,100%,0,10,10,10,0,0,0
0xa0f58b,100%,0,34,34,34,0,0,0
0x6d92b2,100%,0,16,16,0,0,0,16
0x650aa1,100%,0,2,2,0,0,0,2
0x632e4b,100%,0,2,2,0,0,0,2
0x767848,100%,0,4,4,4,0,0,0
0x64b9d3,100%,0,2,2,0,0,0,2
0x64ba5a,100%,0,80,80,80,0,0,0
0x62f38c,100%,0,2,2,0,0,0,2
0x64fb32,100%,0,2,2,0,0,0,2
0x64f83c,100%,0,2,2,0,0,0,2
0x63f619,100%,0,2,2,0,0,0,2
0x64f8b6,100%,0,2,2,0,0,0,2
0x64f8fb,100%,0,2,2,0,0,0,2
0x64f919,100%,0,2,2,0,0,0,2
0x64f9d4,100%,0,2,2,0,0,0,2
0x62ebfe,100%,0,2,2,0,0,0,2
0x76ecda,100%,0,7,7,7,0,0,0
0x67b700,100%,0,2,2,0,0,0,2
0x64fb48,100%,0,80,80,0,0,0,80
0x66e457,100%,0,2,2,0,0,0,2
0x64fba8,100%,0,2,2,0,0,0,2
0x67a51d,100%,0,2,2,0,0,0,2
0x6354fa,100%,0,2,2,0,0,0,2
0x661b1c,100%,0,2,2,2,0,0,0
0x64b9ca,100%,0,2,2,0,0,0,2
0x67b4c9,100%,0,2,2,0,0,0,2
0x649a3d,100%,0,2,2,0,0,0,2
0x757873,100%,0,52,52,0,0,0,52
0x649a4f,100%,0,2,2,0,0,0,2
0x65db38,100%,0,2600,2600,0,0,0,2600
0xa308b5,100%,0,7436,7436,0,0,0,7436
0x658bc0,100%,0,2,2,0,0,0,2
0x64f51e,100%,0,2,2,0,0,0,2
0x635fae,100%,0,2,2,0,0,0,2
0x6582a2,100%,0,91,91,0,0,0,91
0x64f60a,100%,0,2,2,0,0,0,2
0x64f658,100%,0,2,2,0,0,0,2
0x64604b,100%,0,2,2,0,0,0,2
0x65c34c,100%,0,52,52,0,0,0,52
0x64f6ed,100%,0,2,2,0,0,0,2
0x64f749,100%,0,2,2,0,0,0,2
0x76203c,100%,0,32,32,0,0,0,32
0x65ad14,100%,0,2,2,0,0,0,2
0x64f2aa,100%,0,16000,16000,16000,0,0,0
0x64cd0f,100%,0,2,2,0,0,0,2
0x64f3cd,100%,0,8,8,0,0,0,8
0x67a53c,100%,0,8,8,8,0,0,0
0x6da1a8,100%,0,4,4,4,0,0,0
0x64bd53,100%,0,80,80,0,0,0,80
0x64be27,100%,0,80,80,0,0,0,80
0x76a453,100%,0,52,52,0,0,0,52
0x5e6205,100%,0,2,2,0,0,0,2
0x5a8dcd,100%,0,50,50,0,0,0,50
0x6503c3,100%,0,2,2,0,0,0,2
0x4a3e99,100%,0,2,2,2,0,0,0
0x650520,100%,0,2,2,2,0,0,0
0x6511dd,100%,0,2,2,0,0,0,2
0x650744,100%,0,2,2,2,0,0,0
0x630c52,100%,0,2,2,0,0,0,2
0x762527,100%,0,2,2,0,0,0,2
0x8bf900,100%,0,52,52,0,0,0,52
0x66f2b7,100%,0,2,2,0,0,0,2
0x64d653,100%,0,2,2,0,0,0,2
0x64eef3,100%,0,208,208,0,0,0,208
0x64d585,100%,0,32,32,0,0,0,32
0x63442a,100%,0,2,2,0,0,0,2
0x63f7e1,100%,0,2,2,0,0,0,2
0x75cc37,100%,0,52,52,0,0,0,52
0x657ea9,100%,0,2,2,0,0,0,2
0x62eb5e,100%,0,2,2,0,0,0,2
0x64ed03,100%,0,1280,1280,0,0,0,1280
0xa3975c,100%,0,7,7,7,0,0,0
0x8c58e8,100%,0,13000,13000,0,0,0,13000
0x594850,100%,0,208,208,208,0,0,0
0x762ee2,100%,0,32,32,0,0,0,32
0x685238,100%,0,2,2,0,0,0,2
0x679fd1,100%,0,2,2,0,0,0,2
0x5f4dfb,100%,0,4,4,0,0,0,4
0x760abe,100%,0,2,2,0,0,0,2
0x63061e,100%,0,2,2,0,0,0,2
0x67a04a,100%,0,2,2,0,0,0,2
0x67a1c9,100%,0,2,2,0,0,0,2
0x67a1d8,100%,0,8,8,0,0,0,8
0x635094,100%,0,2,2,0,0,0,2
0x8c4d43,100%,0,2600,2600,0,0,0,2600
0x59835d,100%,0,104,104,0,0,0,104
0x65adca,100%,0,2,2,0,0,0,2
0x67a408,100%,0,80,80,0,0,0,80
0x67a41e,100%,0,4,4,0,0,0,4
0x67a4cc,100%,0,4800,4800,4800,0,0,0
0x64b512,100%,0,2,2,2,0,0,0
0x645793,100%,0,2600,2600,0,0,0,2600
0x4b9b54,100%,0,12,12,0,0,0,12
0x63542b,100%,0,2,2,0,0,0,2
0x635482,100%,0,2,2,0,0,0,2
0x635516,100%,0,2,2,0,0,0,2
0x635d9b,100%,0,2,2,0,0,0,2
0x635de6,100%,0,2,2,0,0,0,2
0x63ecc1,100%,0,2,2,0,0,0,2
0x63ed28,100%,0,2,2,0,0,0,2
0x661b05,100%,0,2,2,0,0,0,2
0x7b13f7,100%,0,52,52,0,0,0,52
0x63ed98,100%,0,2,2,0,0,0,2
0x63edb4,100%,0,2,2,0,0,0,2
0x63ee08,100%,0,2,2,0,0,0,2
0x63ee5c,100%,0,2,2,0,0,0,2
0x63ee78,100%,0,2,2,0,0,0,2
0x59877b,100%,0,1248,1248,0,0,0,1248
0x5ac6d3,100%,0,742,742,0,0,0,742
0x5f150b,100%,0,1976,1976,0,0,0,1976
0x661aec,100%,0,2,2,2,0,0,0
0x687dae,100%,0,52,52,0,0,0,52
0x5e96fd,100%,0,54,54,0,0,0,54
0x5f3023,100%,0,2,2,0,0,0,2
0x5f323b,100%,0,24,24,0,0,0,24
0x5f3331,100%,0,304,304,304,0,0,0
0x5f36bf,100%,0,18,18,0,0,0,18
0x5f1465,100%,0,38,38,0,0,0,38
0x5f0810,100%,0,2,2,0,0,0,2
0x5f1b21,100%,0,2052,2052,0,0,0,2052
0x5f1eff,100%,0,285,285,0,0,0,285
0x961715,100%,0,159,159,159,0,0,0
0x5f39f0,100%,0,30,30,0,0,0,30
0x5f3a20,100%,0,30,30,0,0,0,30
0x5f3a4d,100%,0,30,30,0,0,0,30
0x5f3a84,100%,0,2,2,0,0,0,2
0x5f1334,100%,0,2,2,0,0,0,2
0x8c5687,100%,0,13000,13000,0,0,0,13000
0x661a90,100%,0,2,2,0,0,0,2
0x65038f,100%,0,2,2,0,0,0,2
0x634dd0,100%,0,2,2,0,0,0,2
0x669de3,100%,0,52,52,0,0,0,52
0x67aaa8,100%,0,2,2,0,0,0,2
0x7cda76,100%,0,52,52,0,0,0,52
0x5f1276,100%,0,54,54,0,0,0,54
0x66b0af,100%,0,2,2,0,0,0,2
0x9fa83e,100%,0,191,191,0,0,0,191
0x5f0312,100%,0,2,2,0,0,0,2
0x5f03ec,100%,0,2,2,0,0,0,2
0x5f05f5,100%,0,2,2,0,0,0,2
0x5f064a,100%,0,2,2,0,0,0,2
0x5f07a1,100%,0,2,2,0,0,0,2
0x5f07f4,100%,0,2,2,0,0,0,2
0x7e7243,100%,0,2,2,0,0,0,2
0x7e8442,100%,0,52,52,0,0,0,52
0x64f9b5,100%,0,2,2,0,0,0,2
0x66ace7,100%,0,2,2,0,0,0,2
0x75752d,100%,0,92,92,0,0,0,92
0x65b46d,100%,0,2,2,0,0,0,2
0x66e586,100%,0,2,2,0,0,0,2
0x635765,100%,0,2,2,0,0,0,2
0x66e85f,100%,0,2,2,0,0,0,2
0x662e4d,100%,0,2,2,0,0,0,2
0x63ad18,100%,0,2,2,0,0,0,2
0x66e998,100%,0,2,2,0,0,0,2
0x64a8e5,100%,0,100,100,0,0,0,100
0x63140a,100%,0,2,2,0,0,0,2
0x7ce393,100%,0,52,52,0,0,0,52
0x635b38,100%,0,98,98,0,0,0,98
0x5e91d7,100%,0,2,2,2,0,0,0
0x9fefa2,100%,0,4,4,0,0,0,4
0x68201b,100%,0,4,4,4,0,0,0
0x65ac78,100%,0,14,14,0,0,0,14
0x633a1b,100%,0,2,2,0,0,0,2
0x7b3f6c,100%,0,52,52,0,0,0,52
0x65ad4c,100%,0,8,8,8,0,0,0
0x8c6a6a,100%,0,100,100,0,0,0,100
0x59851d,100%,0,104,104,0,0,0,104
0x65ae4d,100%,0,2,2,0,0,0,2
0x6499e0,100%,0,2,2,0,0,0,2
0x6649e9,100%,0,2,2,0,0,0,2
0x65af1a,100%,0,2,2,0,0,0,2
0x63f0d0,100%,0,2,2,0,0,0,2
0x63297b,100%,0,2,2,0,0,0,2
0x7d07e0,100%,0,52,52,0,0,0,52
0x64ced3,100%,0,80,80,0,0,0,80
0x5f42cf,100%,0,15,15,0,0,0,15
0x634be5,100%,0,2,2,0,0,0,2
0x639a9b,100%,0,2,2,0,0,0,2
0x62ec1e,100%,0,2,2,0,0,0,2
0x644bd8,100%,0,2,2,0,0,0,2
0x667a43,100%,0,208,208,208,0,0,0
0xa31e0f,100%,0,10625,10625,0,0,0,10625
0x6528cc,100%,0,8203,8203,0,0,0,8203
0x634bcb,100%,0,2,2,0,0,0,2
0x64f6b0,100%,0,2,2,0,0,0,2
0x67a947,100%,0,8,8,0,0,0,8
0x634c4c,100%,0,2,2,0,0,0,2
0x633a34,100%,0,2,2,0,0,0,2
0x682193,100%,0,52,52,0,0,0,52
0x6343fb,100%,0,2,2,0,0,0,2
0x64bcdb,100%,0,2,2,0,0,0,2
0x634446,100%,0,2,2,0,0,0,2
0x6332fb,100%,0,2,2,0,0,0,2
0x6499d3,100%,0,2,2,0,0,0,2
0x62e8de,100%,0,2,2,0,0,0,2
0x6701b7,100%,0,208,208,0,0,0,208
0x631227,100%,0,52,52,0,0,0,52
0x772ad3,100%,0,52,52,0,0,0,52
0xa78e6e,100%,0,2,2,0,0,0,2
0x5ed573,100%,0,52,52,0,0,0,52
0x66f7f2,100%,0,8,8,6,0,0,2
0x66f792,100%,0,8,8,6,0,0,2
0x666303,100%,0,52,52,0,0,0,52
0x66f612,100%,0,8,8,6,0,0,2
0x66f557,100%,0,2,2,0,0,0,2
0x66f4f2,100%,0,8,8,6,0,0,2
0x6499aa,100%,0,2,2,0,0,0,2
0x66f377,100%,0,2,2,0,0,0,2
0x633a66,100%,0,2,2,0,0,0,2
0x67ba05,100%,0,2,2,0,0,0,2
0x6397cb,100%,0,2,2,0,0,0,2
0x5f2c33,100%,0,2,2,2,0,0,0
0x67a98f,100%,0,2,2,0,0,0,2
0x403e9f,100%,0,6,6,0,0,0,6
0x62f3f1,100%,0,2,2,0,0,0,2
0x63825b,100%,0,257,257,0,0,0,257
0x929adc,100%,0,159,159,0,0,0,159
0x666d7d,100%,0,8,8,0,0,0,8
0x961122,100%,0,159,159,0,0,0,159
0x6591b3,100%,0,2,2,0,0,0,2
0x648b8d,100%,0,2,2,0,0,0,2
0x7631a8,100%,0,2,2,0,0,0,2
0x638820,100%,0,257,257,0,0,0,257
0x768dcb,100%,0,32,32,0,0,0,32
0x63bc11,100%,0,8,8,0,0,0,8
0x63eec8,100%,0,2,2,0,0,0,2
0x647245,100%,0,2,2,0,0,0,2
0x62f6ea,100%,0,2,2,0,0,0,2
0xa228f3,100%,0,125,125,0,0,0,125
0x658ac3,100%,0,52,52,0,0,0,52
0x7edd70,100%,0,2,2,0,0,0,2
0x646f7e,100%,0,2,2,0,0,0,2
0x643e42,100%,0,2600,2600,0,0,0,2600
0x647078,100%,0,2600,2600,0,0,0,2600
0x64bd64,100%,0,80,80,0,0,0,80
0x8c5659,100%,0,13000,13000,0,0,0,13000
0x6473cf,100%,0,2,2,0,0,0,2
0x76e369,100%,0,16,16,0,0,0,16
0x76e56c,100%,0,6,6,0,0,0,6
0x647598,100%,0,100,100,0,0,0,100
0x67a108,100%,0,8,8,0,0,0,8
0x75d203,100%,0,2,2,0,0,0,2
0x647658,100%,0,100,100,0,0,0,100
0x64c3d7,100%,0,2,2,0,0,0,2
0x63c324,100%,0,8,8,0,0,0,8
0x603246,100%,0,22,22,0,0,0,22
0x63c37e,100%,0,8,8,0,0,0,8
0xa222d1,100%,0,24214,24214,0,0,0,24214
0x76fc69,100%,0,2,2,0,0,0,2
0x65a203,100%,0,14,14,0,0,0,14
0xa7a87b,100%,0,257,257,257,0,0,0
0x65e178,100%,0,2600,2600,0,0,0,2600
0x669f17,100%,0,2,2,2,0,0,0
0x6360d6,100%,0,2,2,0,0,0,2
0xa79647,100%,0,257,257,0,0,0,257
0x76d8f2,100%,0,52,52,0,0,0,52
0xa7965d,100%,0,257,257,0,0,0,257
0x67b649,100%,0,2,2,0,0,0,2
0x5e66b0,100%,0,50,50,50,0,0,0
0x9fb582,100%,0,261,261,0,0,0,261
0x6487ff,100%,0,2,2,0,0,0,2
0x634ab8,100%,0,2600,2600,0,0,0,2600
0x8c0b98,100%,0,100,100,0,0,0,100
0x8c568f,100%,0,13000,13000,13000,0,0,0
0x66f906,100%,0,14,14,0,0,0,14
0x67a9f7,100%,0,2,2,0,0,0,2
0x64b13e,100%,0,2,2,0,0,0,2
0x63bed4,100%,0,10400,10400,0,0,0,10400
0x762f43,100%,0,32,32,0,0,0,32
0x646d88,100%,0,2600,2600,0,0,0,2600
0x63bd23,100%,0,208,208,0,0,0,208
0x65a8cc,100%,0,320,320,320,0,0,0
0x404016,100%,0,6,6,0,0,0,6
0x63c060,100%,0,8,8,0,0,0,8
0x63da1a,100%,0,208,208,0,0,0,208
0x63c2a9,100%,0,8,8,0,0,0,8
0x6f54f1,100%,0,2,2,2,0,0,0
0x64531e,100%,0,107,107,0,0,0,107
0x92b0e0,100%,0,2,2,0,0,0,2
0x65381c,100%,0,52,52,0,0,0,52
0x644eba,100%,0,2,2,0,0,0,2
0x8c6b27,100%,0,100,100,0,0,0,100
0x644f04,100%,0,2,2,0,0,0,2
0x65b285,100%,0,2,2,0,0,0,2
0x65cd67,100%,0,2600,2600,0,0,0,2600
0x64e76c,100%,0,8160,8160,8160,0,0,0
0x67a228,100%,0,2,2,0,0,0,2
0x66ebc5,100%,0,52,52,0,0,0,52
0x6453cc,100%,0,2,2,0,0,0,2
0xa3959d,100%,0,7,7,0,0,0,7
0x7cc056,100%,0,52,52,0,0,0,52
0x8c3241,100%,0,100,100,0,0,0,100
0x6470e7,100%,0,2,2,0,0,0,2
0x635db1,100%,0,2,2,0,0,0,2
0x8c4516,100%,0,100,100,0,0,0,100
0x659180,100%,0,2,2,0,0,0,2
0xa765d6,100%,0,52,52,0,0,0,52
0x769e1e,100%,0,2,2,0,0,0,2
0x7cfd14,100%,0,2,2,2,0,0,0
0x6396c3,100%,0,2,2,0,0,0,2
0x65a5fa,100%,0,2,2,0,0,0,2
0x6592dc,100%,0,52,52,0,0,0,52
0x633248,100%,0,2,2,0,0,0,2
0x5f1124,100%,0,54,54,0,0,0,54
0x64c816,100%,0,2,2,0,0,0,2
0x5e8b73,100%,0,65,65,0,0,0,65
0x663d64,100%,0,2,2,0,0,0,2
0x8c3cb0,100%,0,100,100,0,0,0,100
0x67b10d,100%,0,2,2,0,0,0,2
0x644bea,100%,0,2,2,0,0,0,2
0x644cf4,100%,0,2,2,0,0,0,2
0x67a198,100%,0,2,2,0,0,0,2
0x646488,100%,0,2600,2600,0,0,0,2600
0x685ad4,100%,0,2,2,0,0,0,2
0x65621b,100%,0,13515,13515,0,0,0,13515
0x5ecdcd,100%,0,52,52,0,0,0,52
0x65abfe,100%,0,2,2,0,0,0,2
0x647241,100%,0,2,2,0,0,0,2
0x646642,100%,0,2,2,0,0,0,2
0x646646,100%,0,2,2,0,0,0,2
0x643156,100%,0,52,52,52,0,0,0
0x773833,100%,0,52,52,0,0,0,52
0x64667b,100%,0,2,2,0,0,0,2
0x643693,100%,0,2,2,0,0,0,2
0x63870c,100%,0,257,257,0,0,0,257
0x646932,100%,0,2,2,0,0,0,2
0x63a187,100%,0,2,2,0,0,0,2
0x666c38,100%,0,8,8,0,0,0,8
0xa7a70d,100%,0,257,257,0,0,0,257
0x633311,100%,0,2,2,0,0,0,2
0x959e22,100%,0,52,52,0,0,0,52
0x64f96a,100%,0,2,2,0,0,0,2
0x76e9c3,100%,0,7,7,7,0,0,0
0x63d664,100%,0,208,208,0,0,0,208
0x633362,100%,0,2,2,0,0,0,2
0x8c4a93,100%,0,100,100,0,0,0,100
0x4049d6,100%,0,6,6,0,0,0,6
0x616f7c,100%,0,52,52,0,0,0,52
0xa820b4,100%,0,46,46,0,0,0,46
0x64603a,100%,0,2,2,0,0,0,2
0x64d9d5,100%,0,2,2,0,0,0,2
0x6386ed,100%,0,257,257,0,0,0,257
0x8c13bd,100%,0,290,290,0,0,0,290
0x92a5bb,100%,0,91,91,91,0,0,0
0x63ac68,100%,0,2,2,0,0,0,2
0x63a933,100%,0,2,2,0,0,0,2
0x63a9ed,100%,0,8,8,0,0,0,8
0x8c440f,100%,0,100,100,0,0,0,100
0x7b345c,100%,0,52,52,0,0,0,52
0x64f77b,100%,0,2,2,0,0,0,2
0x772ff6,100%,0,52,52,0,0,0,52
0x7ce083,100%,0,52,52,0,0,0,52
0x62ecde,100%,0,2,2,0,0,0,2
0x92703f,100%,0,54,54,0,0,0,54
0x65addd,100%,0,2,2,0,0,0,2
0x63ad60,100%,0,2,2,0,0,0,2
0x630e10,100%,0,2,2,0,0,0,2
0xa0eb64,100%,0,4,4,0,0,0,4
0xa79690,100%,0,257,257,0,0,0,257
0x67a5cc,100%,0,8,8,8,0,0,0
0x63af6d,100%,0,14,14,0,0,0,14
0x598756,100%,0,1248,1248,0,0,0,1248
0x64be77,100%,0,4000,4000,0,0,0,4000
0x7aaa61,100%,0,2,2,0,0,0,2
0x639ea3,100%,0,2,2,0,0,0,2
0x65345b,100%,0,2,2,0,0,0,2
0x639f02,100%,0,2,2,0,0,0,2
0x67a59c,100%,0,8,8,8,0,0,0
0x63a049,100%,0,8,8,0,0,0,8
0x65ce26,100%,0,52,52,0,0,0,52
0x6546c7,100%,0,8521,8521,0,0,0,8521
0x63a1e1,100%,0,100,100,0,0,0,100
0x63a214,100%,0,100,100,100,0,0,0
0x63a4c9,100%,0,8,8,0,0,0,8
0x63003b,100%,0,2,2,0,0,0,2
0x67ae0d,100%,0,2,2,0,0,0,2
0x63a8ba,100%,0,8,8,0,0,0,8
0xa2b7a3,100%,0,4,4,0,0,0,4
0x66ae17,100%,0,2,2,0,0,0,2
0x67a12c,100%,0,2,2,0,0,0,2
0x8c68da,100%,0,100,100,0,0,0,100
0x926d9e,100%,0,3,3,3,0,0,0
0x64989e,100%,0,2,2,0,0,0,2
0x6498b0,100%,0,2,2,0,0,0,2
0x6498c2,100%,0,2,2,0,0,0,2
0x67a1f0,100%,0,2,2,0,0,0,2
0x644d83,100%,0,52,52,0,0,0,52
0x6497fe,100%,0,2,2,0,0,0,2
0x634ff0,100%,0,2,2,0,0,0,2
0x6498d4,100%,0,2,2,0,0,0,2
0x649948,100%,0,2,2,0,0,0,2
0x682138,100%,0,52,52,0,0,0,52
0x8c447f,100%,0,100,100,0,0,0,100
0x64997e,100%,0,2,2,0,0,0,2
0x633a82,100%,0,2,2,0,0,0,2
0x648761,100%,0,2,2,0,0,0,2
0x62e8fe,100%,0,2,2,0,0,0,2
0x7cffee,100%,0,2,2,0,0,0,2
0x63b2b8,100%,0,84,84,0,0,0,84
0x634f6c,100%,0,2,2,0,0,0,2
0x63b35f,100%,0,2,2,0,0,0,2
0x6486c3,100%,0,2,2,0,0,0,2
0x6233b2,100%,0,10,10,0,0,0,10
0x62e99e,100%,0,2,2,0,0,0,2
0x95ae18,100%,0,2,2,0,0,0,2
0x648a3d,100%,0,2,2,0,0,0,2
0x648ae1,100%,0,2,2,0,0,0,2
0x648e24,100%,0,14,14,0,0,0,14
0x8c3058,100%,0,100,100,0,0,0,100
0x76e88b,100%,0,1,1,0,0,0,1
0xa24b18,100%,0,505,505,0,0,0,505
0x65930c,100%,0,2,2,0,0,0,2
0x636f29,100%,0,257,257,0,0,0,257
0x9fb4ee,100%,0,257,257,0,0,0,257
0x636d20,100%,0,257,257,0,0,0,257
0xa79687,100%,0,257,257,0,0,0,257
0xa7a6b0,100%,0,257,257,257,0,0,0
0x634e11,100%,0,2,2,0,0,0,2
0x636548,100%,0,257,257,0,0,0,257
0x64f3b3,100%,0,8,8,0,0,0,8
0x620a24,100%,0,38,38,0,0,0,38
0x67a259,100%,0,2,2,0,0,0,2
0x636f3b,100%,0,257,257,0,0,0,257
0x6595d6,100%,0,2,2,0,0,0,2
0x76291e,100%,0,26,26,0,0,0,26
0x6354de,100%,0,2,2,0,0,0,2
0x64ea96,100%,0,32,32,0,0,0,32
0x64d20f,100%,0,400,400,0,0,0,400
0xa39eaa,100%,0,4,4,0,0,0,4
0x64cff3,100%,0,8,8,0,0,0,8
0x64ac19,100%,0,2,2,0,0,0,2
0xa7a722,100%,0,257,257,0,0,0,257
0x649ca9,100%,0,2,2,0,0,0,2
0x63cb55,100%,0,257,257,0,0,0,257
0x769b2e,100%,0,4,4,0,0,0,4
0x92a2e4,100%,0,159,159,0,0,0,159
0x9f9285,100%,0,2,2,0,0,0,2
0x67a782,100%,0,2,2,0,0,0,2
0x76f689,100%,0,14,14,0,0,0,14
0x758940,100%,0,208,208,0,0,0,208
0x75d6c9,100%,0,2,2,0,0,0,2
0x63828f,100%,0,257,257,0,0,0,257
0x657250,100%,0,2,2,0,0,0,2
0x76a325,100%,0,2,2,0,0,0,2
0x636ab6,100%,0,257,257,0,0,0,257
0x5984ac,100%,0,104,104,0,0,0,104
0x9e17ca,100%,0,96,96,0,0,0,96
0x9fa90b,100%,0,191,191,191,0,0,0
0xa781f3,100%,0,98,98,0,0,0,98
0x6392a1,100%,0,6,6,0,0,0,6
0x639334,100%,0,100,100,0,0,0,100
0x6394a7,100%,0,100,100,0,0,0,100
0x64c1e2,100%,0,2,2,0,0,0,2
0x639557,100%,0,100,100,0,0,0,100
0x6337ad,100%,0,2,2,0,0,0,2
0x64a005,100%,0,100,100,0,0,0,100
0x9e15ae,100%,0,96,96,0,0,0,96
0x650a39,100%,0,2,2,2,0,0,0
0x9e15c8,100%,0,96,96,0,0,0,96
0x75fa62,100%,0,2,2,0,0,0,2
0x64ae3c,100%,0,52,52,0,0,0,52
0x67b928,100%,0,2,2,0,0,0,2
0x7cf479,100%,0,2,2,0,0,0,2
0x5f3cb6,100%,0,4,4,0,0,0,4
0x63c877,100%,0,96,96,0,0,0,96
0x7e7fba,100%,0,52,52,52,0,0,0
0xa796b1,100%,0,2,2,0,0,0,2
0x8a8593,100%,0,20,20,0,0,0,20
0x7aac63,100%,0,52,52,0,0,0,52
0x63d005,100%,0,8,8,0,0,0,8
0x63cf7e,100%,0,8,8,0,0,0,8
0x646620,100%,0,2,2,0,0,0,2
0x639d1e,100%,0,2,2,0,0,0,2
0x618de7,100%,0,6916,6916,6916,0,0,0
0x639c8b,100%,0,2,2,0,0,0,2
0x63cf42,100%,0,143,143,0,0,0,143
0x7e62cd,100%,0,2,2,0,0,0,2
0x6333c2,100%,0,2,2,0,0,0,2
0x759815,100%,0,52,52,0,0,0,52
0x661352,100%,0,2,2,0,0,0,2
0x63f67c,100%,0,2,2,0,0,0,2
0x63f6db,100%,0,2,2,0,0,0,2
0x63f71d,100%,0,2,2,0,0,0,2
0x6215b4,100%,0,48,48,0,0,0,48
0x62102f,100%,0,38,38,0,0,0,38
0x621394,100%,0,38,38,38,0,0,0
0x6209d5,100%,0,6,6,0,0,0,6
0x620e1c,100%,0,6,6,6,0,0,0
0x63f5f8,100%,0,2,2,0,0,0,2
0x661919,100%,0,2,2,0,0,0,2
0x661928,100%,0,2,2,0,0,0,2
0x6619c4,100%,0,2,2,0,0,0,2
0x661b17,100%,0,2,2,0,0,0,2
0x65b1d8,100%,0,2,2,0,0,0,2
0x65b2ce,100%,0,2,2,0,0,0,2
0x65b2ea,100%,0,2,2,0,0,0,2
0x63ef0b,100%,0,2,2,0,0,0,2
0x635e2c,100%,0,2,2,0,0,0,2
0x635edb,100%,0,2,2,0,0,0,2
0x635fec,100%,0,2,2,0,0,0,2
0x636000,100%,0,2,2,0,0,0,2
0x63605b,100%,0,2,2,0,0,0,2
0x636157,100%,0,224,224,0,0,0,224
0x63eea2,100%,0,2,2,0,0,0,2
0x63eeed,100%,0,2,2,0,0,0,2
0x65b31d,100%,0,2,2,0,0,0,2
0x63ef5f,100%,0,2,2,0,0,0,2
0x63efac,100%,0,2,2,0,0,0,2
0x63f06d,100%,0,2,2,0,0,0,2
0x63f1d8,100%,0,2,2,0,0,0,2
0x63f364,100%,0,2,2,0,0,0,2
0x63f511,100%,0,2,2,0,0,0,2
0x63f595,100%,0,2,2,0,0,0,2
0x65c3aa,100%,0,2,2,0,0,0,2
0x92c374,100%,0,2600,2600,0,0,0,2600
0x92c592,100%,0,2600,2600,0,0,0,2600
0x9298ce,100%,0,159,159,159,0,0,0
0x92c0c4,100%,0,50,50,50,0,0,0
0x92c620,100%,0,383,383,0,0,0,383
0x92d5ea,100%,0,2,2,0,0,0,2
0x92d60e,100%,0,2,2,0,0,0,2
0x65c177,100%,0,2,2,2,0,0,0
0x92bdbf,100%,0,100,100,100,0,0,0
0x926129,100%,0,2,2,0,0,0,2
0x9262ad,100%,0,400,400,400,0,0,0
0x926466,100%,0,8,8,8,0,0,0
0x9267aa,100%,0,2,2,0,0,0,2
0x9268e0,100%,0,50,50,0,0,0,50
0x657233,100%,0,2,2,0,0,0,2
0x926bd5,100%,0,59,59,0,0,0,59
0x65c005,100%,0,2,2,0,0,0,2
0x65b3ca,100%,0,2,2,0,0,0,2
0x65b3fd,100%,0,2,2,0,0,0,2
0x65b421,100%,0,2,2,0,0,0,2
0x65b491,100%,0,2,2,0,0,0,2
0x65b501,100%,0,2,2,0,0,0,2
0x65b54d,100%,0,2,2,0,0,0,2
0x65b595,100%,0,2,2,0,0,0,2
0x65b759,100%,0,2,2,0,0,0,2
0x635c38,100%,0,100,100,0,0,0,100
0x9f7d47,100%,0,2,2,0,0,0,2
0x9f7d4d,100%,0,2,2,0,0,0,2
0x92b081,100%,0,100,100,0,0,0,100
0x92b141,100%,0,52,52,0,0,0,52
0x92b93a,100%,0,2,2,0,0,0,2
0x92bbad,100%,0,2,2,2,0,0,0
0x92bc65,100%,0,2,2,0,0,0,2
0x634267,100%,0,2,2,0,0,0,2
0x65b3e0,100%,0,2,2,0,0,0,2
0x632ecc,100%,0,2,2,0,0,0,2
0x632ef0,100%,0,2,2,0,0,0,2
0x633031,100%,0,2,2,0,0,0,2
0x633277,100%,0,2600,2600,0,0,0,2600
0x63408a,100%,0,2,2,0,0,0,2
0x6341ed,100%,0,2,2,0,0,0,2
0x929ac6,100%,0,159,159,0,0,0,159
0x635112,100%,0,2,2,0,0,0,2
0x634304,100%,0,2,2,0,0,0,2
0x633aea,100%,0,2,2,0,0,0,2
0x633b1f,100%,0,2,2,0,0,0,2
0x633b4f,100%,0,2,2,0,0,0,2
0x633bd6,100%,0,2,2,0,0,0,2
0x633cc2,100%,0,2,2,0,0,0,2
0x633d44,100%,0,2,2,0,0,0,2
0x66b4bf,100%,0,2,2,0,0,0,2
0x66b12c,100%,0,52,52,0,0,0,52
0x66194a,100%,0,2,2,0,0,0,2
0x66b1ec,100%,0,52,52,0,0,0,52
0x66b22f,100%,0,2,2,0,0,0,2
0x66b2ac,100%,0,52,52,0,0,0,52
0x66b2c2,100%,0,208,208,156,0,0,52
0x66b382,100%,0,208,208,156,0,0,52
0x635673,100%,0,2,2,0,0,0,2
0x656b21,100%,0,2,2,0,0,0,2
0x66b57f,100%,0,2,2,0,0,0,2
0x63ef7d,100%,0,2,2,0,0,0,2
0x66b63f,100%,0,2,2,0,0,0,2
0x66b77c,100%,0,52,52,0,0,0,52
0x66b87f,100%,0,2,2,0,0,0,2
0x634d0c,100%,0,2,2,0,0,0,2
0x634ebb,100%,0,2,2,0,0,0,2
0x635779,100%,0,2,2,0,0,0,2
0x6338f8,100%,0,80,80,0,0,0,80
0x633911,100%,0,320,320,240,0,0,80
0x633951,100%,0,32,32,24,0,0,8
0x633968,100%,0,2,2,0,0,0,2
0x633978,100%,0,10,10,0,0,0,10
0x635575,100%,0,2,2,0,0,0,2
0x6355ef,100%,0,2,2,0,0,0,2
0x635724,100%,0,2,2,0,0,0,2
0x928fa6,100%,0,159,159,0,0,0,159
0x635791,100%,0,2,2,0,0,0,2
0x6357e6,100%,0,2,2,0,0,0,2
0x6358b9,100%,0,2,2,0,0,0,2
0x6358ed,100%,0,2,2,0,0,0,2
0x63593f,100%,0,2,2,0,0,0,2
0x635c03,100%,0,2,2,0,0,0,2
0x635c22,100%,0,2,2,0,0,0,2
0x65c785,100%,0,2,2,2,0,0,0
0x6336cd,100%,0,2,2,0,0,0,2
0x65643d,100%,0,125,125,0,0,0,125
0x633574,100%,0,2,2,0,0,0,2
0x6347f5,100%,0,2,2,0,0,0,2
0x6347d2,100%,0,2,2,0,0,0,2
0x6347b3,100%,0,2,2,0,0,0,2
0x63450c,100%,0,2,2,0,0,0,2
0x9297fa,100%,0,125,125,0,0,0,125
0x633f21,100%,0,320,320,240,0,0,80
0x633ef4,100%,0,2,2,0,0,0,2
0x633ed1,100%,0,4800,4800,3600,0,0,1200
0x633e23,100%,0,2,2,0,0,0,2
0x633dcf,100%,0,2,2,0,0,0,2
0x633db7,100%,0,2,2,0,0,0,2
0x633d65,100%,0,2,2,0,0,0,2
0xa31dfb,100%,0,10625,10625,0,0,0,10625
0x960af4,100%,0,159,159,0,0,0,159
0x960b6b,100%,0,159,159,0,0,0,159
0x960b6f,100%,0,159,159,0,0,0,159
0x960b89,100%,0,159,159,0,0,0,159
0x960d07,100%,0,159,159,0,0,0,159
0x65644f,100%,0,125,125,125,0,0,0
0xa31ccc,100%,0,10625,10625,0,0,0,10625
0xa31d19,100%,0,10625,10625,10625,0,0,0
0x960ada,100%,0,159,159,0,0,0,159
0xa31e15,100%,0,10625,10625,0,0,0,10625
0xa2e8e0,100%,0,37689,37689,0,0,0,37689
0xa43be0,100%,0,10625,10625,0,0,0,10625
0xa43be4,100%,0,10625,10625,10625,0,0,0
0xa43c7e,100%,0,10625,10625,0,0,0,10625
0xa43cb4,100%,0,10625,10625,10625,0,0,0
0xa0f222,100%,0,10625,10625,0,0,0,10625
0xa26876,100%,0,40,40,0,0,0,40
0x653a58,100%,0,2,2,0,0,0,2
0x653b2a,100%,0,2,2,0,0,0,2
0x653b98,100%,0,2,2,0,0,0,2
0x9289e5,100%,0,159,159,0,0,0,159
0x928a8a,100%,0,159,159,0,0,0,159
0x8a7b4a,100%,0,129,129,0,0,0,129
0xa0ebfa,100%,0,40,40,0,0,0,40
0xa0ec03,100%,0,40,40,0,0,0,40
0xa0f24b,100%,0,10625,10625,0,0,0,10625
0x929159,100%,0,105,105,0,0,0,105
0x92940d,100%,0,105,105,105,0,0,0
0x92943d,100%,0,105,105,105,0,0,0
0x92949a,100%,0,105,105,0,0,0,105
0x960a58,100%,0,159,159,0,0,0,159
0x960a72,100%,0,159,159,0,0,0,159
0x960aa8,100%,0,159,159,0,0,0,159
0xa3a052,100%,0,4,4,0,0,0,4
0x8a898a,100%,0,10,10,0,0,0,10
0xa0f52a,100%,0,34,34,0,0,0,34
0xa0f53f,100%,0,34,34,0,0,0,34
0xa0f578,100%,0,34,34,0,0,0,34
0xa22e2d,100%,0,34,34,34,0,0,0
0xa22e3f,100%,0,34,34,0,0,0,34
0xa39dd3,100%,0,4,4,4,0,0,0
0xa39ec2,100%,0,4,4,0,0,0,4
0x8a7c73,100%,0,10,10,0,0,0,10
0xa3a06a,100%,0,4,4,0,0,0,4
0xa3a126,100%,0,4,4,4,0,0,0
0xa3a13e,100%,0,4,4,0,0,0,4
0xa3a476,100%,0,4,4,4,0,0,0
0xa3a48e,100%,0,4,4,0,0,0,4
0xa3a5b4,100%,0,4,4,3,0,0,1
0xa3a620,100%,0,4,4,0,0,0,4
0x9616c8,100%,0,159,159,0,0,0,159
0xa22ad0,100%,0,761,761,0,0,0,761
0xa22c54,100%,0,105,105,105,0,0,0
0xa24a3f,100%,0,1045,1045,0,0,0,1045
0xa24a45,100%,0,1045,1045,0,0,0,1045
0x961333,100%,0,159,159,0,0,0,159
0x961350,100%,0,159,159,0,0,0,159
0x961407,100%,0,159,159,0,0,0,159
0x96161e,100%,0,159,159,159,0,0,0
0x6538b3,100%,0,2,2,0,0,0,2
0x96172f,100%,0,159,159,0,0,0,159
0x961917,100%,0,159,159,0,0,0,159
0x961926,100%,0,159,159,0,0,0,159
0x96196e,100%,0,159,159,0,0,0,159
0x92a2ce,100%,0,159,159,0,0,0,159
0x6551a9,100%,0,20,20,0,0,0,20
0x655239,100%,0,20,20,0,0,0,20
0x65e968,100%,0,2600,2600,0,0,0,2600
0x657882,100%,0,2,2,0,0,0,2
0x65df4a,100%,0,100,100,0,0,0,100
0x65dfe9,100%,0,2600,2600,0,0,0,2600
0x65e055,100%,0,100,100,0,0,0,100
0x65e1d8,100%,0,100,100,0,0,0,100
0x65e593,100%,0,10400,10400,10400,0,0,0
0x65e5c8,100%,0,100,100,0,0,0,100
0x65e830,100%,0,100,100,0,0,0,100
0x65d731,100%,0,100,100,0,0,0,100
0x65eaa8,100%,0,2600,2600,0,0,0,2600
0x65ebf8,100%,0,2600,2600,0,0,0,2600
0x65ed5e,100%,0,100,100,0,0,0,100
0x65eecd,100%,0,100,100,0,0,0,100
0x65ef93,100%,0,2600,2600,0,0,0,2600
0x66010b,100%,0,2,2,0,0,0,2
0x623451,100%,0,10,10,0,0,0,10
0x65d5e6,100%,0,2,2,0,0,0,2
0x65c812,100%,0,8,8,0,0,0,8
0x65c997,100%,0,101,101,0,0,0,101
0x65cdcb,100%,0,2,2,0,0,0,2
0x65cedd,100%,0,2,2,0,0,0,2
0x65cf41,100%,0,2,2,0,0,0,2
0x65d003,100%,0,52,52,0,0,0,52
0x65d013,100%,0,52,52,0,0,0,52
0xa39f7e,100%,0,4,4,4,0,0,0
0x623507,100%,0,260,260,0,0,0,260
0x632a04,100%,0,2,2,0,0,0,2
0x632bb7,100%,0,2,2,0,0,0,2
0x632c64,100%,0,2,2,0,0,0,2
0x632cf4,100%,0,2,2,0,0,0,2
0x632d93,100%,0,2,2,0,0,0,2
0x632dab,100%,0,18,18,0,0,0,18
0x632de2,100%,0,93600,93600,70200,0,0,23400
0x65311c,100%,0,2,2,0,0,0,2
0x657220,100%,0,2,2,0,0,0,2
0x657274,100%,0,2,2,0,0,0,2
0x657330,100%,0,2,2,0,0,0,2
0x6573e2,100%,0,2,2,0,0,0,2
0x65752a,100%,0,2,2,0,0,0,2
0x657899,100%,0,2,2,0,0,0,2
0x657a3c,100%,0,52,52,0,0,0,52
0x8a89cb,100%,0,10,10,0,0,0,10
0x657204,100%,0,2,2,0,0,0,2
0x653398,100%,0,2,2,0,0,0,2
0x6533e2,100%,0,52,52,0,0,0,52
0x6534a1,100%,0,2,2,0,0,0,2
0x65365c,100%,0,208,208,0,0,0,208
0x65379c,100%,0,52,52,0,0,0,52
0x6537d5,100%,0,2,2,0,0,0,2
0x653865,100%,0,2,2,0,0,0,2
0x66af38,100%,0,2,2,0,0,0,2
0x657170,100%,0,2,2,0,0,0,2
0x656fa8,100%,0,2,2,0,0,0,2
0x656f35,100%,0,2,2,0,0,0,2
0x656e20,100%,0,2,2,0,0,0,2
0x656d53,100%,0,2,2,0,0,0,2
0x656d36,100%,0,2,2,0,0,0,2
0x656c7e,100%,0,2,2,0,0,0,2
0x656bc3,100%,0,2,2,0,0,0,2
0x660a9c,100%,0,2,2,2,0,0,0
0x66084c,100%,0,2,2,2,0,0,0
0x6605db,100%,0,2,2,2,0,0,0
0x66058a,100%,0,2,2,2,0,0,0
0x660362,100%,0,2,2,2,0,0,0
0x660348,100%,0,2,2,2,0,0,0
0x66032b,100%,0,2,2,2,0,0,0
0x68772c,100%,0,2,2,2,0,0,0
0xa0f551,100%,0,34,34,0,0,0,34
0x5e97ea,100%,0,2,2,0,0,0,2
0x76f6fb,100%,0,1,1,1,0,0,0
0x5e9af1,100%,0,2,2,2,0,0,0
0x68767e,100%,0,2,2,2,0,0,0
0x687695,100%,0,2,2,2,0,0,0
0x6876dd,100%,0,2,2,2,0,0,0
0x6876fc,100%,0,2,2,2,0,0,0
0x5e977a,100%,0,54,54,54,0,0,0
0x667c06,100%,0,2,2,2,0,0,0
0x687ada,100%,0,2,2,0,0,0,2
0x687b13,100%,0,2,2,0,0,0,2
0x687d02,100%,0,52,52,0,0,0,52
0x687d52,100%,0,52,52,0,0,0,52
0x687d73,100%,0,52,52,0,0,0,52
0x65eb1b,100%,0,100,100,0,0,0,100
0x5e8a71,100%,0,77,77,0,0,0,77
0x5e7491,100%,0,8,8,0,0,0,8
0x5e79b0,100%,0,12,12,0,0,0,12
0x653644,100%,0,52,52,0,0,0,52
0x5e7de8,100%,0,13,13,0,0,0,13
0x5e7e5d,100%,0,13,13,0,0,0,13
0x634378,100%,0,2600,2600,0,0,0,2600
0x5e8146,100%,0,22,22,0,0,0,22
0x5e89ff,100%,0,13,13,0,0,0,13
0x603253,100%,0,22,22,0,0,0,22
0x5e8e51,100%,0,35,35,35,0,0,0
0x63501b,100%,0,2,2,0,0,0,2
0x5e82b1,100%,0,8,8,0,0,0,8
0x5e88ae,100%,0,5,5,0,0,0,5
0x5e8979,100%,0,16,16,16,0,0,0
0x5e8f29,100%,0,2,2,0,0,0,2
0x5e9726,100%,0,54,54,0,0,0,54
0xa22e45,100%,0,34,34,0,0,0,34
0x68834a,100%,0,2,2,0,0,0,2
0xa7843a,100%,0,2,2,0,0,0,2
0x663699,100%,0,2,2,0,0,0,2
0x663888,100%,0,52,52,0,0,0,52
0x663a0e,100%,0,2,2,0,0,0,2
0x663a4d,100%,0,2,2,0,0,0,2
0xa43c35,100%,0,10625,10625,10625,0,0,0
0x6640f0,100%,0,2,2,2,0,0,0
0x62f606,100%,0,2,2,0,0,0,2
0x96194a,100%,0,159,159,0,0,0,159
0x665c7e,100%,0,52,52,0,0,0,52
0x607fa7,100%,0,208,208,208,0,0,0
0x665f6f,100%,0,52,52,0,0,0,52
0x6660b3,100%,0,52,52,0,0,0,52
0x65642f,100%,0,125,125,0,0,0,125
0x666203,100%,0,52,52,0,0,0,52
0x89fd67,100%,0,208,208,0,0,0,208
0x62f855,100%,0,2,2,0,0,0,2
0x6033e5,100%,0,16,16,16,0,0,0
0x603624,100%,0,16,16,0,0,0,16
0x635a9a,100%,0,2,2,0,0,0,2
0x89fc7b,100%,0,8,8,0,0,0,8
0x89fc99,100%,0,8,8,0,0,0,8
0x89fccf,100%,0,8,8,0,0,0,8
0x89fd09,100%,0,8,8,0,0,0,8
0x5e7371,100%,0,8,8,0,0,0,8
0x928266,100%,0,129,129,0,0,0,129
0x89fdb9,100%,0,336,336,336,0,0,0
0x89fe56,100%,0,2,2,0,0,0,2
0xa78445,100%,0,2,2,2,0,0,0
0x8a0030,100%,0,2,2,0,0,0,2
0x8a0130,100%,0,2,2,0,0,0,2
0x68820a,100%,0,2,2,2,0,0,0
0x5f7060,100%,0,1026,1026,0,0,0,1026
0x5f4ed0,100%,0,4,4,0,0,0,4
0x5ef60b,100%,0,2,2,0,0,0,2
0x5f5f72,100%,0,2,2,0,0,0,2
0x5f63fe,100%,0,1026,1026,0,0,0,1026
0x5f6637,100%,0,1026,1026,0,0,0,1026
0x5f69c0,100%,0,38,38,0,0,0,38
0x62fac3,100%,0,2,2,0,0,0,2
0x961776,100%,0,159,159,159,0,0,0
0x926ad6,100%,0,8,8,0,0,0,8
0x5f71a5,100%,0,1026,1026,0,0,0,1026
0x6661a3,100%,0,54,54,0,0,0,54
0x5f7616,100%,0,2,2,0,0,0,2
0x5efeea,100%,0,406,406,0,0,0,406
0x635bc3,100%,0,2,2,0,0,0,2
0x63f3e8,100%,0,2,2,0,0,0,2
0x5f005e,100%,0,406,406,0,0,0,406
0x5f4b8b,100%,0,4,4,0,0,0,4
0x5f3cdc,100%,0,5,5,0,0,0,5
0x5f3cfd,100%,0,5,5,0,0,0,5
0x5f3d5d,100%,0,5,5,0,0,0,5
0x5f47f4,100%,0,4,4,0,0,0,4
0x669d83,100%,0,52,52,0,0,0,52
0x630ca5,100%,0,2,2,0,0,0,2
0x5f4a90,100%,0,4,4,0,0,0,4
0x5f4b5c,100%,0,73,73,0,0,0,73
0x92823a,100%,0,129,129,0,0,0,129
0x5f3de2,100%,0,1,1,1,0,0,0
0x5f4477,100%,0,1,1,0,0,0,1
0x5f4c8b,100%,0,54,54,0,0,0,54
0x5f4cdb,100%,0,54,54,0,0,0,54
0x631112,100%,0,2,2,0,0,0,2
0x5f4d8f,100%,0,2,2,0,0,0,2
0x5f4e68,100%,0,4,4,0,0,0,4
0x634328,100%,0,52,52,0,0,0,52
0x5daab6,100%,0,52,52,0,0,0,52
0x5e69b7,100%,0,1250,1250,0,0,0,1250
0x5e6cbd,100%,0,2,2,0,0,0,2
0x5e7038,100%,0,2,2,0,0,0,2
0x5e70ff,100%,0,2,2,0,0,0,2
0x9e1939,100%,0,2,2,0,0,0,2
0x9e1977,100%,0,2,2,0,0,0,2
0x666e98,100%,0,8,8,0,0,0,8
0x5da7ae,100%,0,2,2,0,0,0,2
0x9e19ce,100%,0,2,2,0,0,0,2
0x9e19de,100%,0,2,2,0,0,0,2
0x9e19fa,100%,0,2,2,0,0,0,2
0x9e1a5c,100%,0,2,2,0,0,0,2
0x9e1adb,100%,0,8,8,0,0,0,8
0x9e1cab,100%,0,8,8,0,0,0,8
0x5e7268,100%,0,2,2,0,0,0,2
0x666233,100%,0,52,52,0,0,0,52
0x6873a3,100%,0,2,2,2,0,0,0
0x6871c3,100%,0,8,8,8,0,0,0
0x686f07,100%,0,2,2,0,0,0,2
0x657290,100%,0,2,2,0,0,0,2
0x686b3e,100%,0,52,52,0,0,0,52
0x590c38,100%,0,8,8,0,0,0,8
0x63f175,100%,0,2,2,0,0,0,2
0x590b65,100%,0,32,32,0,0,0,32
0x5e9685,100%,0,2,2,0,0,0,2
0x590a45,100%,0,8,8,0,0,0,8
0x5909c0,100%,0,8,8,0,0,0,8
0x6864ef,100%,0,2,2,2,0,0,0
0x5ef8a5,100%,0,2,2,0,0,0,2
0x6618f8,100%,0,2,2,0,0,0,2
0x5f019b,100%,0,50,50,0,0,0,50
0x630947,100%,0,2,2,0,0,0,2
0x630666,100%,0,2,2,0,0,0,2
0x630699,100%,0,2,2,0,0,0,2
0x630719,100%,0,2,2,0,0,0,2
0x63074e,100%,0,2,2,0,0,0,2
0x6307f6,100%,0,2,2,0,0,0,2
0x630871,100%,0,2,2,0,0,0,2
0x63089b,100%,0,2,2,0,0,0,2
0x630914,100%,0,2,2,0,0,0,2
0x6305f7,100%,0,2,2,0,0,0,2
0x9294d7,100%,0,105,105,0,0,0,105
0x630968,100%,0,2,2,0,0,0,2
0x630ae1,100%,0,2,2,0,0,0,2
0x630bae,100%,0,2,2,0,0,0,2
0x630c82,100%,0,2,2,0,0,0,2
0x630cff,100%,0,2,2,0,0,0,2
0x630d31,100%,0,2,2,0,0,0,2
0x630331,100%,0,2,2,0,0,0,2
0x62ffd9,100%,0,2,2,0,0,0,2
0x630020,100%,0,2,2,0,0,0,2
0x6300e5,100%,0,2,2,0,0,0,2
0x63015e,100%,0,2,2,0,0,0,2
0x6301ae,100%,0,2,2,0,0,0,2
0x630215,100%,0,2,2,0,0,0,2
0x63023c,100%,0,2,2,0,0,0,2
0x6302a3,100%,0,2,2,0,0,0,2
0x630f24,100%,0,2,2,0,0,0,2
0x630358,100%,0,2,2,0,0,0,2
0x630474,100%,0,2,2,0,0,0,2
0x6304b7,100%,0,2,2,0,0,0,2
0x630502,100%,0,2,2,0,0,0,2
0x630569,100%,0,2,2,0,0,0,2
0x630595,100%,0,2,2,0,0,0,2
0x6305d3,100%,0,2,2,0,0,0,2
0x634352,100%,0,2,2,0,0,0,2
0x6315c7,100%,0,52,52,0,0,0,52
0x63182b,100%,0,2,2,0,0,0,2
0x631892,100%,0,2,2,0,0,0,2
0x6318db,100%,0,2,2,0,0,0,2
0x6318e7,100%,0,52,52,0,0,0,52
0x631901,100%,0,208,208,156,0,0,52
0x6324c6,100%,0,2,2,0,0,0,2
0x66a179,100%,0,2,2,0,0,0,2
0x631567,100%,0,468,468,0,0,0,468
0x66a1e7,100%,0,2,2,0,0,0,2
0x66a7dd,100%,0,2,2,0,0,0,2
0x66a8cd,100%,0,2,2,0,0,0,2
0x66a9a5,100%,0,2,2,0,0,0,2
0x8a85ea,100%,0,20,20,0,0,0,20
0x66abe5,100%,0,2,2,0,0,0,2
0x66ac57,100%,0,2,2,0,0,0,2
0x631350,100%,0,2,2,0,0,0,2
0x630f55,100%,0,2,2,0,0,0,2
0x631022,100%,0,2,2,0,0,0,2
0x631162,100%,0,2,2,0,0,0,2
0x631187,100%,0,52,52,0,0,0,52
0x6311b2,100%,0,2,2,0,0,0,2
0x631252,100%,0,2,2,0,0,0,2
0x657300,100%,0,2,2,0,0,0,2
0x631292,100%,0,2,2,0,0,0,2
0x62ff79,100%,0,2,2,0,0,0,2
0x63136a,100%,0,52,52,0,0,0,52
0x6313a8,100%,0,52,52,0,0,0,52
0x621628,100%,0,32,32,0,0,0,32
0x6313e6,100%,0,52,52,0,0,0,52
0x631424,100%,0,52,52,0,0,0,52
0x631448,100%,0,2,2,0,0,0,2
0x6314f8,100%,0,2,2,0,0,0,2
0x666d50,100%,0,8,8,0,0,0,8
0x666b18,100%,0,8,8,0,0,0,8
0x9f80f7,100%,0,191,191,0,0,0,191
0x9f80fd,100%,0,191,191,0,0,0,191
0x9f8108,100%,0,191,191,0,0,0,191
0x9fa897,100%,0,191,191,191,0,0,0
0x9fa8b3,100%,0,191,191,0,0,0,191
0x666b28,100%,0,8,8,0,0,0,8
0x630dec,100%,0,2,2,0,0,0,2
0x666b01,100%,0,8,8,0,0,0,8
0x8a7b6a,100%,0,129,129,0,0,0,129
0x666d55,100%,0,8,8,0,0,0,8
0x666e80,100%,0,8,8,0,0,0,8
0x592c8b,100%,0,8,8,0,0,0,8
0x6310e7,100%,0,52,52,0,0,0,52
0x666f85,100%,0,52,52,0,0,0,52
0x66745b,100%,0,52,52,0,0,0,52
0x593acd,100%,0,8,8,0,0,0,8
0xa23634,100%,0,34,34,0,0,0,34
0x6337df,100%,0,2,2,0,0,0,2
0x666393,100%,0,52,52,0,0,0,52
0x92c73f,100%,0,2600,2600,0,0,0,2600
0x653715,100%,0,2,2,0,0,0,2
0x6668c9,100%,0,54,54,0,0,0,54
0x66690d,100%,0,2,2,0,0,0,2
0x5939f4,100%,0,8,8,8,0,0,0
0x6675d4,100%,0,52,52,0,0,0,52
0x593b4e,100%,0,8,8,0,0,0,8
0x593b8b,100%,0,8,8,0,0,0,8
0x65b74c,100%,0,2,2,0,0,0,2
0x593df2,100%,0,208,208,0,0,0,208
0x63f4cb,100%,0,2,2,0,0,0,2
0xa31e09,100%,0,10625,10625,0,0,0,10625
0x666afc,100%,0,8,8,0,0,0,8
0x62fd12,100%,0,2,2,0,0,0,2
0x62fa19,100%,0,2,2,0,0,0,2
0x62faa4,100%,0,2,2,0,0,0,2
0x62fb3e,100%,0,2,2,0,0,0,2
0x62fb69,100%,0,2,2,0,0,0,2
0x62fb88,100%,0,2,2,0,0,0,2
0x62fc03,100%,0,2,2,0,0,0,2
0x62fc2e,100%,0,2,2,0,0,0,2
0x62fc68,100%,0,2,2,0,0,0,2
0x62f874,100%,0,2,2,0,0,0,2
0x62fd2d,100%,0,2,2,0,0,0,2
0x62fdb8,100%,0,2,2,0,0,0,2
0x62fe7d,100%,0,2,2,0,0,0,2
0x928a0d,100%,0,159,159,0,0,0,159
0x62feb7,100%,0,2,2,0,0,0,2
0x62ff17,100%,0,2,2,0,0,0,2
0x62ff5e,100%,0,2,2,0,0,0,2
0x650060,100%,0,1200,1200,0,0,0,1200
0x62f82a,100%,0,2,2,0,0,0,2
0x62f7ca,100%,0,2,2,0,0,0,2
0x62f6a0,100%,0,2,2,0,0,0,2
0x62f625,100%,0,2,2,0,0,0,2
0x62f560,100%,0,2,2,0,0,0,2
0x62f541,100%,0,2,2,0,0,0,2
0x62f17f,100%,0,2,2,0,0,0,2
0x62f13d,100%,0,2,2,0,0,0,2
0x63559d,100%,0,2,2,0,0,0,2
0x62f02f,100%,0,2,2,0,0,0,2
0x669eb3,100%,0,52,52,0,0,0,52
0x669e13,100%,0,52,52,0,0,0,52
0x667833,100%,0,52,52,0,0,0,52
0x667750,100%,0,2,2,0,0,0,2
0x667713,100%,0,52,52,0,0,0,52
0x67a485,100%,0,2,2,0,0,0,2
0x67b6a8,100%,0,2,2,0,0,0,2
0x63fc1f,100%,0,2,2,0,0,0,2
0x42a2c8,100%,0,2,2,0,0,0,2
0xa7a66e,100%,0,257,257,0,0,0,257
0x6639db,100%,0,2,2,0,0,0,2
0x8a7aac,100%,0,20,20,0,0,0,20
0x64b5dd,100%,0,2,2,0,0,0,2
0x774afe,100%,0,52,52,0,0,0,52
0x64c683,100%,0,4000,4000,0,0,0,4000
0x65267b,100%,0,1864,1864,0,0,0,1864
0x6429a3,100%,0,2600,2600,0,0,0,2600
0x644471,100%,0,2,2,0,0,0,2
0x8c6b15,100%,0,100,100,0,0,0,100
0x42a2a2,100%,0,2,2,0,0,0,2
0x4a48e1,100%,0,4,4,4,0,0,0
0x653a19,100%,0,2,2,0,0,0,2
0x95a9a7,100%,0,52,52,0,0,0,52
0x641558,100%,0,2,2,0,0,0,2
0x8c1665,100%,0,6,6,0,0,0,6
0x65965c,100%,0,52,52,0,0,0,52
0x640f98,100%,0,2,2,0,0,0,2
0x688554,100%,0,2,2,2,0,0,0
0x64991c,100%,0,2,2,0,0,0,2
0x64e392,100%,0,10,10,10,0,0,0
0x640c03,100%,0,2,2,0,0,0,2
0x429f78,100%,0,100,100,0,0,0,100
0x7b34bc,100%,0,2,2,2,0,0,0
0x633c3d,100%,0,2,2,0,0,0,2
0x6406b5,100%,0,2,2,0,0,0,2
0x8c3570,100%,0,100,100,0,0,0,100
0x632dc7,100%,0,23400,23400,0,0,0,23400
0x64f9ed,100%,0,2,2,0,0,0,2
0x63ffc9,100%,0,2,2,0,0,0,2
0x65b3b1,100%,0,2,2,0,0,0,2
0x64c8c0,100%,0,8,8,0,0,0,8
0x646f4e,100%,0,2,2,0,0,0,2
0x8c0bc1,100%,0,100,100,0,0,0,100
0x64b3be,100%,0,2,2,0,0,0,2
0x6354c2,100%,0,2,2,0,0,0,2
0x75ccfb,100%,0,2,2,0,0,0,2
0x64188b,100%,0,2,2,0,0,0,2
0x9ff1db,100%,0,10,10,0,0,0,10
0x67b859,100%,0,2,2,0,0,0,2
0x64b28f,100%,0,2,2,0,0,0,2
0x429f9b,100%,0,90,90,0,0,0,90
0x9f7d9f,100%,0,8,8,0,0,0,8
0x8c6a89,100%,0,100,100,0,0,0,100
0x960ec3,100%,0,125,125,0,0,0,125
0x7cda81,100%,0,52,52,52,0,0,0
0x63b388,100%,0,2,2,0,0,0,2
0x6583e6,100%,0,819,819,0,0,0,819
0x645c31,100%,0,2,2,0,0,0,2
0x429f64,100%,0,100,100,0,0,0,100
0x7b151f,100%,0,52,52,0,0,0,52
0xa796e2,100%,0,2,2,0,0,0,2
0x9f5812,100%,0,14,14,0,0,0,14
0x429efc,100%,0,257,257,0,0,0,257
0x6d9286,100%,0,16,16,0,0,0,16
0x8bf148,100%,0,100,100,0,0,0,100
0x64b5b9,100%,0,2,2,0,0,0,2
0x7cc096,100%,0,52,52,0,0,0,52
0x64abf5,100%,0,2,2,0,0,0,2
0x65a988,100%,0,2,2,0,0,0,2
0x641b53,100%,0,2,2,0,0,0,2
0x9feee2,100%,0,14,14,0,0,0,14
0x4030f7,100%,0,26,26,26,0,0,0
0x7cb4eb,100%,0,2,2,0,0,0,2
0x76cab8,100%,0,2,2,0,0,0,2
0x5f6d6d,100%,0,1064,1064,0,0,0,1064
0x76bee8,100%,0,44,44,0,0,0,44
0x6435ea,100%,0,2,2,0,0,0,2
0x429ecc,100%,0,110,110,0,0,0,110
0x642997,100%,0,52,52,0,0,0,52
0x642f66,100%,0,52,52,52,0,0,0
0x8c425b,100%,0,100,100,0,0,0,100
0x9f5824,100%,0,14,14,0,0,0,14
0x77007e,100%,0,2,2,0,0,0,2
0x67ba93,100%,0,2,2,0,0,0,2
0x632c22,100%,0,2,2,0,0,0,2
0x67ba24,100%,0,2,2,0,0,0,2
0x65aa19,100%,0,98,98,0,0,0,98
0x76188b,100%,0,2,2,0,0,0,2
0x63edd0,100%,0,2,2,0,0,0,2
0x6427ba,100%,0,2,2,0,0,0,2
0x7cd219,100%,0,2,2,2,0,0,0
0x63acce,100%,0,2,2,0,0,0,2
0x7e716d,100%,0,2,2,0,0,0,2
0x6440c0,100%,0,2,2,0,0,0,2
0x67af68,100%,0,8,8,0,0,0,8
0x64987f,100%,0,2,2,0,0,0,2
0x64cdfa,100%,0,80,80,0,0,0,80
0x631919,100%,0,2,2,0,0,0,2
0x6536ca,100%,0,2,2,0,0,0,2
0x64fcd3,100%,0,2,2,0,0,0,2
0x65a476,100%,0,2,2,0,0,0,2
0x6471a8,100%,0,2600,2600,0,0,0,2600
0x636c5b,100%,0,126,126,0,0,0,126
0x63a852,100%,0,2,2,0,0,0,2
0x7aaab2,100%,0,2,2,2,0,0,0
0x634a58,100%,0,2600,2600,0,0,0,2600
0x6431c2,100%,0,2600,2600,0,0,0,2600
0x63f3c3,100%,0,2,2,0,0,0,2
0x67009c,100%,0,208,208,0,0,0,208
0x650792,100%,0,2,2,2,0,0,0
0x76100a,100%,0,2,2,0,0,0,2
0x7d0687,100%,0,52,52,0,0,0,52
0xa797ea,100%,0,173,173,0,0,0,173
0x9fb5b0,100%,0,261,261,0,0,0,261
0x64fe39,100%,0,2,2,2,0,0,0
0xa43d5e,100%,0,10625,10625,0,0,0,10625
0x633050,100%,0,2,2,0,0,0,2
0x9f4f86,100%,0,261,261,0,0,0,261
0x6428b9,100%,0,2,2,0,0,0,2
0x65a90c,100%,0,2,2,0,0,0,2
0x6427f3,100%,0,52,52,0,0,0,52
0x772c93,100%,0,2,2,2,0,0,0
0x6409eb,100%,0,2,2,0,0,0,2
0x4297ae,100%,0,8,8,0,0,0,8
0x65a551,100%,0,2,2,0,0,0,2
0x65b4a2,100%,0,2,2,0,0,0,2
0x9f8d5e,100%,0,261,261,0,0,0,261
0x75c006,100%,0,166,166,0,0,0,166
0x64511e,100%,0,2,2,0,0,0,2
0x757a93,100%,0,52,52,0,0,0,52
0x63fa35,100%,0,2,2,0,0,0,2
0x7621f1,100%,0,44,44,0,0,0,44
0x75d878,100%,0,2,2,0,0,0,2
0x8bead4,100%,0,2,2,0,0,0,2
0x641925,100%,0,2,2,0,0,0,2
0x64fae0,100%,0,80,80,0,0,0,80
0x6438b0,100%,0,52,52,0,0,0,52
0x7cd383,100%,0,52,52,0,0,0,52
0x8c1682,100%,0,1,1,0,0,0,1
0x8c51d3,100%,0,2600,2600,0,0,0,2600
0x64f0d9,100%,0,8,8,0,0,0,8
0x642015,100%,0,2,2,0,0,0,2
0x95a8ec,100%,0,2,2,0,0,0,2
0x63be3d,100%,0,208,208,0,0,0,208
0x7ed6b0,100%,0,2,2,0,0,0,2
0x6678c3,100%,0,208,208,208,0,0,0
0x66fa48,100%,0,2,2,0,0,0,2
0x593c67,100%,0,8,8,0,0,0,8
0x5f3b30,100%,0,2,2,0,0,0,2
0x7cbd8e,100%,0,52,52,52,0,0,0
0x8bfda6,100%,0,52,52,0,0,0,52
0x64e333,100%,0,10,10,0,0,0,10
0x656bf0,100%,0,2,2,0,0,0,2
0x8bef5e,100%,0,208,208,0,0,0,208
0x7cf453,100%,0,2,2,0,0,0,2
0x8a4aab,100%,0,2,2,2,0,0,0
0x8c52d5,100%,0,500,500,0,0,0,500
0x65a149,100%,0,2,2,0,0,0,2
0x634411,100%,0,2,2,0,0,0,2
0x5ed1b3,100%,0,52,52,0,0,0,52
0x7b1013,100%,0,52,52,0,0,0,52
0x6386c3,100%,0,257,257,0,0,0,257
0x7634ea,100%,0,44,44,44,0,0,0
0x649815,100%,0,2,2,0,0,0,2
0x7590f5,100%,0,156,156,156,0,0,0
0x590a05,100%,0,8,8,8,0,0,0
0x608926,100%,0,2,2,0,0,0,2
0x8c08f2,100%,0,100,100,0,0,0,100
0x8c0442,100%,0,2,2,0,0,0,2
0x64343a,100%,0,2,2,0,0,0,2
0x63b37b,100%,0,2,2,0,0,0,2
0x8c0183,100%,0,2,2,0,0,0,2
0x6356ba,100%,0,2,2,0,0,0,2
0x63809c,100%,0,257,257,0,0,0,257
0x64f4a5,100%,0,2,2,0,0,0,2
0x7b0485,100%,0,2,2,0,0,0,2
0x76ff63,100%,0,52,52,0,0,0,52
0x594829,100%,0,8,8,0,0,0,8
0x66ea17,100%,0,2,2,0,0,0,2
0x8beea1,100%,0,208,208,0,0,0,208
0x65b2aa,100%,0,2,2,0,0,0,2
0x5e6625,100%,0,50,50,0,0,0,50
0x76696b,100%,0,32,32,0,0,0,32
0x7cee70,100%,0,2,2,2,0,0,0
0x89fb91,100%,0,8,8,8,0,0,0
0x649e8c,100%,0,100,100,0,0,0,100
0x7700aa,100%,0,2,2,0,0,0,2
0x8c1514,100%,0,257,257,0,0,0,257
0x63af93,100%,0,14,14,0,0,0,14
0x6593c0,100%,0,2,2,0,0,0,2
0x8bebfd,100%,0,2,2,0,0,0,2
0x9f580c,100%,0,14,14,0,0,0,14
0x7cc967,100%,0,156,156,0,0,0,156
0x63c782,100%,0,257,257,0,0,0,257
0x76dd9b,100%,0,42,42,0,0,0,42
0x8bf348,100%,0,52,52,0,0,0,52
0x8bf9fc,100%,0,2,2,0,0,0,2
0x8c1552,100%,0,100,100,0,0,0,100
0x8bf573,100%,0,52,52,0,0,0,52
0x7eb95f,100%,0,2,2,2,0,0,0
0x62fcf3,100%,0,2,2,0,0,0,2
0x8c158c,100%,0,100,100,0,0,0,100
0x66509b,100%,0,2,2,2,0,0,0
0x8bf1f6,100%,0,100,100,0,0,0,100
0x7e88c1,100%,0,2,2,0,0,0,2
0x76a16c,100%,0,52,52,0,0,0,52
0x64e1b3,100%,0,500,500,0,0,0,500
0x634bfb,100%,0,2,2,0,0,0,2
0x592ca4,100%,0,8,8,0,0,0,8
0x66f677,100%,0,2,2,0,0,0,2
0x63a1c8,100%,0,100,100,0,0,0,100
0x8c2003,100%,0,2,2,0,0,0,2
0x7787c0,100%,0,800,800,0,0,0,800
0x8c1fe6,100%,0,2,2,0,0,0,2
0x65b249,100%,0,2,2,0,0,0,2
0x63bf64,100%,0,10400,10400,0,0,0,10400
0x59924c,100%,0,32,32,0,0,0,32
0x7cd4fc,100%,0,52,52,0,0,0,52
0x649f05,100%,0,100,100,0,0,0,100
0x8c1648,100%,0,21,21,0,0,0,21
0x65a62f,100%,0,2,2,0,0,0,2
0x92a3ff,100%,0,129,129,0,0,0,129
0x67b344,100%,0,8,8,6,0,0,2
0x8c1565,100%,0,100,100,0,0,0,100
0x42962f,100%,0,8,8,0,0,0,8
0x65a3ce,100%,0,2,2,0,0,0,2
0x8c65ec,100%,0,2500,2500,0,0,0,2500
0x92d5d5,100%,0,2,2,0,0,0,2
0x75d368,100%,0,42,42,0,0,0,42
0x756813,100%,0,208,208,0,0,0,208
0x686b03,100%,0,52,52,0,0,0,52
0x65cf46,100%,0,2,2,0,0,0,2
0x65a4dd,100%,0,2,2,0,0,0,2
0x64b535,100%,0,2,2,2,0,0,0
0x64e7e4,100%,0,8,8,0,0,0,8
0x631047,100%,0,52,52,0,0,0,52
0x65a333,100%,0,14,14,0,0,0,14
0x65a2a5,100%,0,2,2,0,0,0,2
0x63a0b4,100%,0,2,2,0,0,0,2
0x8c6b34,100%,0,100,100,0,0,0,100
0x65a108,100%,0,2,2,0,0,0,2
0x8c20a6,100%,0,2,2,0,0,0,2
0xa43da1,100%,0,10625,10625,0,0,0,10625
0x429815,100%,0,400,400,0,0,0,400
0x64d518,100%,0,2,2,0,0,0,2
0x8c0bef,100%,0,100,100,0,0,0,100
0x7cf39b,100%,0,50,50,0,0,0,50
0x63d5b0,100%,0,8,8,0,0,0,8
0x757c7f,100%,0,2,2,0,0,0,2
0x76778d,100%,0,2,2,0,0,0,2
0x631072,100%,0,2,2,0,0,0,2
0x653877,100%,0,2,2,0,0,0,2
0x8c0712,100%,0,100,100,0,0,0,100
0x66e96c,100%,0,100,100,0,0,0,100
0x63bdfc,100%,0,8,8,0,0,0,8
0x9fb508,100%,0,261,261,0,0,0,261
0x646937,100%,0,2,2,0,0,0,2
0x757714,100%,0,2,2,0,0,0,2
0x8c0556,100%,0,2,2,0,0,0,2
0x76e425,100%,0,16,16,0,0,0,16
0xa78048,100%,0,4,4,0,0,0,4
0x76f725,100%,0,14,14,0,0,0,14
0x65081a,100%,0,2,2,0,0,0,2
0x644216,100%,0,10400,10400,10400,0,0,0
0x65b5a8,100%,0,2,2,0,0,0,2
0x635978,100%,0,2,2,0,0,0,2
0x645be3,100%,0,2600,2600,0,0,0,2600
0x8c5180,100%,0,100,100,0,0,0,100
0x8c3204,100%,0,100,100,0,0,0,100
0x76ff87,100%,0,52,52,0,0,0,52
0x7b04da,100%,0,2,2,2,0,0,0
0x926c01,100%,0,14,14,14,0,0,0
0x634fc0,100%,0,2,2,0,0,0,2
0x92b17a,100%,0,2600,2600,0,0,0,2600
0x62ecbe,100%,0,2,2,0,0,0,2
0x404b90,100%,0,14,14,0,0,0,14
0x8becc7,100%,0,2,2,0,0,0,2
0x5ac5b8,100%,0,2,2,0,0,0,2
0x6512e4,100%,0,2,2,0,0,0,2
0x8c20da,100%,0,2,2,0,0,0,2
0x5ac497,100%,0,2,2,0,0,0,2
0x404e5c,100%,0,22,22,22,0,0,0
0x404bbc,100%,0,22,22,22,0,0,0
0x67b7fd,100%,0,8,8,8,0,0,0
0x59824f,100%,0,4,4,0,0,0,4
0x75fb49,100%,0,2,2,0,0,0,2
0x404b01,100%,0,22,22,22,0,0,0
0x7cdd76,100%,0,52,52,0,0,0,52
0x7613a4,100%,0,42,42,0,0,0,42
0xa43c33,100%,0,10625,10625,0,0,0,10625
0x76537e,100%,0,2,2,0,0,0,2
0x42a4bd,100%,0,24,24,0,0,0,24
0x7bc881,100%,0,52,52,0,0,0,52
0x65a52d,100%,0,2,2,0,0,0,2
0x65cbed,100%,0,2,2,0,0,0,2
0x7bc8c1,100%,0,2,2,0,0,0,2
0x65cb68,100%,0,98,98,98,0,0,0
0x65a488,100%,0,2,2,0,0,0,2
0x76c82b,100%,0,44,44,0,0,0,44
0x67b9d7,100%,0,2,2,0,0,0,2
0x5943a8,100%,0,2808,2808,0,0,0,2808
0x8c1fc7,100%,0,2,2,0,0,0,2
0x7bc864,100%,0,52,52,0,0,0,52
0x7c8d8d,100%,0,2,2,0,0,0,2
0x95a118,100%,0,52,52,0,0,0,52
0x959fa8,100%,0,52,52,0,0,0,52
0x64cb19,100%,0,4000,4000,0,0,0,4000
0x926f59,100%,0,50,50,0,0,0,50
0x959de2,100%,0,52,52,0,0,0,52
0x6da31c,100%,0,4,4,0,0,0,4
0x6d91fc,100%,0,16,16,0,0,0,16
0x67a08a,100%,0,2,2,0,0,0,2
0x6d9038,100%,0,36,36,0,0,0,36
0x6d8e6e,100%,0,16,16,0,0,0,16
0x9f9979,100%,0,259,259,0,0,0,259
0x65d740,100%,0,100,100,0,0,0,100
0x6da361,100%,0,4,4,0,0,0,4
0x6da344,100%,0,4,4,4,0,0,0
0x6d921a,100%,0,16,16,0,0,0,16
0x65b684,100%,0,2,2,0,0,0,2
0x5ed411,100%,0,52,52,0,0,0,52
0x6da2fe,100%,0,4,4,0,0,0,4
0x637987,100%,0,257,257,0,0,0,257
0x64752a,100%,0,2,2,0,0,0,2
0x7bd32e,100%,0,10,10,10,0,0,0
0x63428a,100%,0,2,2,0,0,0,2
0x618af4,100%,0,6916,6916,0,0,0,6916
0x4a447d,100%,0,4,4,4,0,0,0
0x67aec9,100%,0,2,2,0,0,0,2
0x76b081,100%,0,42,42,0,0,0,42
0x407485,100%,0,36,36,36,0,0,0
0x61700f,100%,0,52,52,0,0,0,52
0xa43e48,100%,0,10625,10625,0,0,0,10625
0x5f56c5,100%,0,108,108,0,0,0,108
0x95b30c,100%,0,2,2,0,0,0,2
0x7d0587,100%,0,52,52,0,0,0,52
0x928f91,100%,0,159,159,0,0,0,159
0x6da61d,100%,0,2,2,0,0,0,2
0x76c44d,100%,0,44,44,0,0,0,44
0x635a3f,100%,0,2,2,0,0,0,2
0x634b1b,100%,0,10,10,0,0,0,10
0x6d8855,100%,0,12,12,0,0,0,12
0x634a90,100%,0,2,2,0,0,0,2
0x8a004a,100%,0,2,2,0,0,0,2
0x7b010f,100%,0,2,2,2,0,0,0
0x75ce78,100%,0,20,20,0,0,0,20
0x64f7b5,100%,0,2,2,0,0,0,2
0xa0f956,100%,0,336,336,0,0,0,336
0x64f62c,100%,0,2,2,0,0,0,2
0xa22cea,100%,0,34,34,0,0,0,34
0xa39803,100%,0,7,7,7,0,0,0
0x64fe1f,100%,0,2,2,2,0,0,0
0x76b0a0,100%,0,126,126,126,0,0,0
0x63f237,100%,0,2,2,0,0,0,2
0x75fbc3,100%,0,52,52,0,0,0,52
0x8c5efa,100%,0,2600,2600,0,0,0,2600
0x603191,100%,0,22,22,0,0,0,22
0x75c94d,100%,0,10,10,0,0,0,10
0x75c8da,100%,0,10,10,0,0,0,10
0x76a6df,100%,0,2,2,2,0,0,0
0xa39934,100%,0,7,7,0,0,0,7
0x63cfeb,100%,0,8,8,0,0,0,8
0x75d608,100%,0,8,8,0,0,0,8
0x75d5d6,100%,0,2,2,0,0,0,2
0x66f934,100%,0,14,14,0,0,0,14
0x75d478,100%,0,10,10,0,0,0,10
0x6301f1,100%,0,2,2,0,0,0,2
0x75d380,100%,0,139,139,0,0,0,139
0x4b9b2d,100%,0,12,12,0,0,0,12
0x5a6323,100%,0,54,54,0,0,0,54
0x5f3adf,100%,0,2,2,0,0,0,2
0xa395a7,100%,0,7,7,0,0,0,7
0x6820bf,100%,0,2,2,0,0,0,2
0x961697,100%,0,159,159,0,0,0,159
0x75af7c,100%,0,739,739,0,0,0,739
0x76cb5a,100%,0,44,44,0,0,0,44
0x75d04c,100%,0,2,2,2,0,0,0
0x62158f,100%,0,12,12,0,0,0,12
0x760794,100%,0,2,2,0,0,0,2
0x5ea44c,100%,0,173,173,173,0,0,0
0x778c39,100%,0,8,8,0,0,0,8
0x598847,100%,0,48,48,0,0,0,48
0x59870d,100%,0,48,48,0,0,0,48
0x67b538,100%,0,8,8,0,0,0,8
0x7a999b,100%,0,100,100,100,0,0,0
0x5f63cd,100%,0,1026,1026,0,0,0,1026
0x5989f6,100%,0,48,48,0,0,0,48
0x8a4bf0,100%,0,16,16,0,0,0,16
0x9f7e6d,100%,0,8,8,0,0,0,8
0x774719,100%,0,52,52,0,0,0,52
0xa397b3,100%,0,7,7,7,0,0,0
0x95a6d6,100%,0,2,2,0,0,0,2
0x95a3fc,100%,0,52,52,0,0,0,52
0x762453,100%,0,38,38,0,0,0,38
0xa43c72,100%,0,10625,10625,0,0,0,10625
0x655358,100%,0,68,68,0,0,0,68
0x656d77,100%,0,2,2,0,0,0,2
0x7e6762,100%,0,52,52,0,0,0,52
0x6d90ea,100%,0,4,4,0,0,0,4
0x64eb38,100%,0,32,32,0,0,0,32
0x596dc6,100%,0,6,6,0,0,0,6
0x8bfb16,100%,0,2,2,0,0,0,2
0x7cef3e,100%,0,2,2,2,0,0,0
0x7cbd08,100%,0,52,52,0,0,0,52
0x405432,100%,0,6,6,6,0,0,0
0x596f72,100%,0,156,156,0,0,0,156
0x7aae33,100%,0,42,42,0,0,0,42
0x7cbd86,100%,0,52,52,0,0,0,52
0x769cb3,100%,0,52,52,0,0,0,52
0x76a183,100%,0,52,52,0,0,0,52
0x7b0510,100%,0,2,2,2,0,0,0
0x67b40d,100%,0,2,2,0,0,0,2
0x67b400,100%,0,2,2,0,0,0,2
0x76ce39,100%,0,52,52,0,0,0,52
0x960f1f,100%,0,125,125,0,0,0,125
0x66e8f8,100%,0,2,2,0,0,0,2
0x8a8559,100%,0,20,20,0,0,0,20
0x67b3b8,100%,0,8,8,0,0,0,8
0x6357fe,100%,0,2,2,0,0,0,2
0x774bd2,100%,0,52,52,0,0,0,52
0x67b349,100%,0,2,2,0,0,0,2
0x7ce1f6,100%,0,52,52,0,0,0,52
0x67b28d,100%,0,2,2,0,0,0,2
0x67b268,100%,0,8,8,0,0,0,8
0x618ee3,100%,0,6916,6916,0,0,0,6916
0x67b238,100%,0,8,8,0,0,0,8
0x63bbdc,100%,0,64,64,0,0,0,64
0x67b554,100%,0,8,8,6,0,0,2
0x67b6e8,100%,0,8,8,0,0,0,8
0x7ccc81,100%,0,2,2,0,0,0,2
0x67b6b8,100%,0,8,8,0,0,0,8
0x66ebdc,100%,0,2600,2600,0,0,0,2600
0x67b644,100%,0,8,8,6,0,0,2
0x67b62e,100%,0,8,8,8,0,0,0
0x67b580,100%,0,2,2,0,0,0,2
0x67b568,100%,0,8,8,0,0,0,8
0x75d12d,100%,0,2,2,0,0,0,2
0x404913,100%,0,6,6,6,0,0,0
0x67b528,100%,0,2,2,0,0,0,2
0x76cf43,100%,0,2,2,0,0,0,2
0x67b505,100%,0,8,8,6,0,0,2
0x761f45,100%,0,6,6,0,0,0,6
0x63f12f,100%,0,2,2,0,0,0,2
0x67b468,100%,0,2,2,0,0,0,2
0x64eec5,100%,0,8,8,0,0,0,8
0x67ae9e,100%,0,8,8,8,0,0,0
0x67ae68,100%,0,2,2,0,0,0,2
0x67ae00,100%,0,2,2,0,0,0,2
0x67ace8,100%,0,2,2,0,0,0,2
0x7cc215,100%,0,2,2,0,0,0,2
0x67ac68,100%,0,8,8,0,0,0,8
0x67ac59,100%,0,2,2,0,0,0,2
0x762fa1,100%,0,32,32,0,0,0,32
0x64b67f,100%,0,2,2,0,0,0,2
0x6340e5,100%,0,2,2,0,0,0,2
0x4298af,100%,0,107,107,0,0,0,107
0x644806,100%,0,2,2,0,0,0,2
0x637238,100%,0,257,257,0,0,0,257
0x5e6916,100%,0,1250,1250,0,0,0,1250
0x774a77,100%,0,2,2,0,0,0,2
0x639444,100%,0,2,2,0,0,0,2
0x6f56f2,100%,0,2,2,2,0,0,0
0x6331fb,100%,0,52,52,0,0,0,52
0x67b1fd,100%,0,8,8,8,0,0,0
0x76f2d4,100%,0,12,12,12,0,0,0
0x65b6a3,100%,0,52,52,0,0,0,52
0x76cb81,100%,0,44,44,0,0,0,44
0x67b1ae,100%,0,8,8,8,0,0,0
0x67b168,100%,0,2,2,0,0,0,2
0x960cae,100%,0,2,2,0,0,0,2
0x5eca62,100%,0,52,52,0,0,0,52
0x67b0b8,100%,0,8,8,0,0,0,8
0x7601aa,100%,0,156,156,0,0,0,156
0x5da3bd,100%,0,2,2,0,0,0,2
0x67b02e,100%,0,8,8,8,0,0,0
0x67b01e,100%,0,8,8,8,0,0,0
0x67afe8,100%,0,2,2,0,0,0,2
0x67af8d,100%,0,2,2,0,0,0,2
0x5f6eea,100%,0,1064,1064,1064,0,0,0
0x8c16a8,100%,0,290,290,0,0,0,290
0x926d88,100%,0,8,8,0,0,0,8
0x599157,100%,0,32,32,32,0,0,0
0x599144,100%,0,32,32,0,0,0,32
0x76aa19,100%,0,52,52,0,0,0,52
0x62f0d7,100%,0,2,2,0,0,0,2
0xa0f296,100%,0,10625,10625,10625,0,0,0
0xa394d2,100%,0,7,7,7,0,0,0
0x59925f,100%,0,32,32,32,0,0,0
0x6d8ba6,100%,0,16,16,0,0,0,16
0x6416b5,100%,0,2,2,0,0,0,2
0x5958a1,100%,0,42,42,42,0,0,0
0x598aa0,100%,0,48,48,0,0,0,48
0x688782,100%,0,2,2,0,0,0,2
0x6042ea,100%,0,44,44,44,0,0,0
0x6336a1,100%,0,2,2,0,0,0,2
0x7bce77,100%,0,10,10,0,0,0,10
0x9e1787,100%,0,96,96,0,0,0,96
0x7aa353,100%,0,50,50,0,0,0,50
0x6372aa,100%,0,257,257,0,0,0,257
0x7bd089,100%,0,10,10,0,0,0,10
0x404972,100%,0,6,6,6,0,0,0
0x66ead7,100%,0,2,2,0,0,0,2
0x7bd077,100%,0,10,10,0,0,0,10
0x92d5fc,100%,0,2,2,0,0,0,2
0x6087d5,100%,0,176,176,0,0,0,176
0x5997bd,100%,0,24,24,24,0,0,0
0x75cb9a,100%,0,52,52,0,0,0,52
0x762b8b,100%,0,42,42,0,0,0,42
0x595460,100%,0,624,624,0,0,0,624
0x64d1d6,100%,0,400,400,0,0,0,400
0x6349f8,100%,0,52,52,0,0,0,52
0x64de92,100%,0,16000,16000,0,0,0,16000
0x67b854,100%,0,8,8,6,0,0,2
0x5d283e,100%,0,46,46,0,0,0,46
0x65bf89,100%,0,2,2,0,0,0,2
0x67ba6f,100%,0,2,2,0,0,0,2
0x7e82a4,100%,0,2,2,2,0,0,0
0x75d92b,100%,0,2,2,0,0,0,2
0x67b8f6,100%,0,2,2,0,0,0,2
0x67b88d,100%,0,2,2,0,0,0,2
0x67b868,100%,0,8,8,0,0,0,8
0x773e5a,100%,0,2,2,2,0,0,0
0x67b838,100%,0,8,8,0,0,0,8
0x67b828,100%,0,2,2,0,0,0,2
0x67b805,100%,0,8,8,6,0,0,2
0x632994,100%,0,2,2,0,0,0,2
0x67b7c4,100%,0,8,8,6,0,0,2
0x67b7ae,100%,0,8,8,8,0,0,0
0x67b70d,100%,0,2,2,0,0,0,2
0x63bca4,100%,0,208,208,0,0,0,208
0x9f7db2,100%,0,8,8,0,0,0,8
0x761658,100%,0,2,2,0,0,0,2
0x632f82,100%,0,2,2,0,0,0,2
0x8c3260,100%,0,100,100,0,0,0,100
0x6359fa,100%,0,2,2,0,0,0,2
0x75c675,100%,0,30,30,0,0,0,30
0x681b22,100%,0,2,2,0,0,0,2
0x42a4d8,100%,0,8,8,8,0,0,0
0x95b598,100%,0,2,2,0,0,0,2
0x681bc5,100%,0,52,52,0,0,0,52
0x602fbb,100%,0,22,22,0,0,0,22
0x681c53,100%,0,2,2,0,0,0,2
0x67af28,100%,0,2,2,0,0,0,2
0x7edccb,100%,0,2,2,0,0,0,2
0x681c6c,100%,0,2,2,0,0,0,2
0x641c44,100%,0,2,2,0,0,0,2
0x658c7d,100%,0,2,2,2,0,0,0
0x76779f,100%,0,2,2,0,0,0,2
0x65e688,100%,0,100,100,0,0,0,100
0x89faa2,100%,0,2,2,0,0,0,2
0x778f25,100%,0,208,208,0,0,0,208
0x630e80,100%,0,2,2,0,0,0,2
0x7a8e1a,100%,0,4,4,0,0,0,4
0x603507,100%,0,2,2,0,0,0,2
0x63b34d,100%,0,2,2,0,0,0,2
0x639eea,100%,0,2,2,0,0,0,2
0x633991,100%,0,40,40,30,0,0,10
0x5f3629,100%,0,1976,1976,0,0,0,1976
0x8c457a,100%,0,2600,2600,0,0,0,2600
0x429f45,100%,0,100,100,0,0,0,100
0x64638c,100%,0,2,2,0,0,0,2
0x5f106f,100%,0,54,54,0,0,0,54
0x598851,100%,0,48,48,48,0,0,0
0x6488a3,100%,0,2,2,0,0,0,2
0x63bd34,100%,0,10400,10400,0,0,0,10400
0x64bb48,100%,0,2,2,0,0,0,2
0x590b1b,100%,0,8,8,0,0,0,8
0x7627e4,100%,0,2,2,0,0,0,2
0x633e0f,100%,0,2,2,0,0,0,2
0x63db88,100%,0,10400,10400,10400,0,0,0
0x66b83c,100%,0,52,52,0,0,0,52
0x5e78b3,100%,0,1,1,1,0,0,0
0x8c3aa2,100%,0,100,100,0,0,0,100
0x65885c,100%,0,91,91,0,0,0,91
0x656b5b,100%,0,2,2,0,0,0,2
0x755c89,100%,0,2,2,0,0,0,2
0x8bf416,100%,0,4046,4046,4046,0,0,0
0x63a6c4,100%,0,2,2,0,0,0,2
0x7b3c9d,100%,0,2,2,2,0,0,0
0x63530e,100%,0,2,2,0,0,0,2
0x64e382,100%,0,10,10,0,0,0,10
0x5982c6,100%,0,104,104,0,0,0,104
0x65abda,100%,0,2,2,0,0,0,2
0x65b604,100%,0,2,2,0,0,0,2
0x7e8893,100%,0,52,52,0,0,0,52
0x65cad2,100%,0,8,8,0,0,0,8
0x7e8419,100%,0,2,2,0,0,0,2
0x63489b,100%,0,2,2,0,0,0,2
0x8c4fc3,100%,0,2600,2600,0,0,0,2600
0x6499f5,100%,0,2,2,0,0,0,2
0x6394be,100%,0,2,2,2,0,0,0
0x64fa0f,100%,0,2,2,0,0,0,2
0x64bb62,100%,0,2,2,0,0,0,2
0x8c4adf,100%,0,2600,2600,0,0,0,2600
0x637b9d,100%,0,257,257,257,0,0,0
0x62ec3e,100%,0,2,2,0,0,0,2
0x646def,100%,0,2,2,0,0,0,2
0x767633,100%,0,52,52,0,0,0,52
0x653a02,100%,0,2,2,0,0,0,2
0x659a9f,100%,0,2,2,0,0,0,2
0x648d64,100%,0,14,14,0,0,0,14
0x5fcdf9,100%,0,88,88,88,0,0,0
0x63f6fc,100%,0,2,2,0,0,0,2
0x92a5dd,100%,0,91,91,0,0,0,91
0x630a92,100%,0,2,2,0,0,0,2
0x5ed280,100%,0,52,52,0,0,0,52
0x5e761a,100%,0,8,8,0,0,0,8
0xa796cd,100%,0,2,2,0,0,0,2
0x65d0ba,100%,0,2,2,0,0,0,2
0xa30825,100%,0,20359,20359,0,0,0,20359
0x64a075,100%,0,100,100,0,0,0,100
0x660376,100%,0,2,2,2,0,0,0
0x67ab01,100%,0,2,2,0,0,0,2
0x7a9eab,100%,0,100,100,0,0,0,100
0x652b24,100%,0,4680,4680,0,0,0,4680
0x89fbc3,100%,0,8,8,0,0,0,8
0x8c6b00,100%,0,100,100,0,0,0,100
0x6433cb,100%,0,52,52,0,0,0,52
0x7619b3,100%,0,53,53,0,0,0,53
0x63476d,100%,0,2,2,0,0,0,2
0x67a006,100%,0,2,2,0,0,0,2
0x429f25,100%,0,100,100,0,0,0,100
0x7b3bdf,100%,0,2,2,0,0,0,2
0x60889d,100%,0,176,176,176,0,0,0
0x5ed53c,100%,0,52,52,0,0,0,52
0x65a5e1,100%,0,2,2,0,0,0,2
0x926b6f,100%,0,7,7,7,0,0,0
0x67af80,100%,0,2,2,0,0,0,2
0x64ddde,100%,0,100,100,0,0,0,100
0x75dc47,100%,0,14,14,0,0,0,14
0x669d53,100%,0,52,52,0,0,0,52
0x95a944,100%,0,52,52,0,0,0,52
0x92b08b,100%,0,100,100,100,0,0,0
0x6da63c,100%,0,8,8,0,0,0,8
0x630103,100%,0,2,2,0,0,0,2
0x7ce0a3,100%,0,52,52,0,0,0,52
0x62ecfe,100%,0,2,2,0,0,0,2
0x65b300,100%,0,2,2,0,0,0,2
0x5f48e0,100%,0,45,45,45,0,0,0
0x8c5d03,100%,0,2500,2500,0,0,0,2500
0x766142,100%,0,4,4,0,0,0,4
0x635ca2,100%,0,2,2,0,0,0,2
0x76158e,100%,0,44,44,0,0,0,44
0x5f3f58,100%,0,5,5,0,0,0,5
0xa234f6,100%,0,34,34,0,0,0,34
0x633a4d,100%,0,2,2,0,0,0,2
0x6546da,100%,0,8521,8521,8521,0,0,0
0x7ced3a,100%,0,2,2,2,0,0,0
0x63b323,100%,0,2,2,0,0,0,2
0x639a08,100%,0,100,100,0,0,0,100
0x646f52,100%,0,2,2,0,0,0,2
0x64d66a,100%,0,2,2,0,0,0,2
0x8c1fb0,100%,0,2,2,0,0,0,2
0x67ac28,100%,0,2,2,0,0,0,2
0x64f67c,100%,0,2,2,0,0,0,2
0x76ad30,100%,0,52,52,0,0,0,52
0x7ce0e6,100%,0,52,52,0,0,0,52
0x598627,100%,0,32,32,0,0,0,32
0x8c5747,100%,0,100,100,0,0,0,100
0x630c1f,100%,0,2,2,0,0,0,2
0x8c1fba,100%,0,2,2,0,0,0,2
0x7ceda0,100%,0,2,2,2,0,0,0
0x647274,100%,0,2,2,0,0,0,2
0xa765c8,100%,0,52,52,0,0,0,52
0x644a63,100%,0,52,52,0,0,0,52
0x8c20ec,100%,0,2,2,0,0,0,2
0x64df03,100%,0,4000,4000,0,0,0,4000
0x605c29,100%,0,2,2,2,0,0,0
0x64448b,100%,0,2,2,0,0,0,2
0x8c34e1,100%,0,100,100,0,0,0,100
0x64a04c,100%,0,2600,2600,0,0,0,2600
0x75826e,100%,0,52,52,0,0,0,52
0x64de50,100%,0,100,100,0,0,0,100
0x64165b,100%,0,2,2,0,0,0,2
0x4031c1,100%,0,26,26,26,0,0,0
0x6386b1,100%,0,257,257,0,0,0,257
0x8c3976,100%,0,3000,3000,0,0,0,3000
0x8c205b,100%,0,2,2,0,0,0,2
0x659b7c,100%,0,2600,2600,0,0,0,2600
0x5e672b,100%,0,50,50,0,0,0,50
0x778383,100%,0,200,200,0,0,0,200
0x8bedf5,100%,0,2,2,0,0,0,2
0x63684a,100%,0,1103,1103,0,0,0,1103
0x67b768,100%,0,2,2,0,0,0,2
0x8c33ad,100%,0,100,100,0,0,0,100
0x63b395,100%,0,2,2,0,0,0,2
0x75e5f2,100%,0,44,44,0,0,0,44
0x65a754,100%,0,2,2,2,0,0,0
0x8c63be,100%,0,100,100,0,0,0,100
0x8c6b7c,100%,0,100,100,0,0,0,100
0x65af2d,100%,0,2,2,0,0,0,2
0x6333fa,100%,0,2,2,0,0,0,2
0x8c358a,100%,0,100,100,0,0,0,100
0x64e665,100%,0,8,8,0,0,0,8
0x8c39b0,100%,0,3000,3000,0,0,0,3000
0x8c3a0a,100%,0,3000,3000,0,0,0,3000
0xa796c3,100%,0,2,2,0,0,0,2
0x608f38,100%,0,222,222,0,0,0,222
0x6590d6,100%,0,2,2,0,0,0,2
0x66f3d7,100%,0,2,2,0,0,0,2
0x7b3619,100%,0,2,2,0,0,0,2
0x762287,100%,0,2,2,0,0,0,2
0x757a63,100%,0,52,52,0,0,0,52
0x762a20,100%,0,42,42,0,0,0,42
0x641eb8,100%,0,52,52,0,0,0,52
0x7aab46,100%,0,2,2,0,0,0,2
0x66e397,100%,0,2,2,0,0,0,2
0x640a8d,100%,0,2,2,0,0,0,2
0x66e197,100%,0,2,2,0,0,0,2
0x8c67ce,100%,0,100,100,0,0,0,100
0x6373f0,100%,0,486,486,486,0,0,0
0x656ee5,100%,0,2,2,0,0,0,2
0x8c485e,100%,0,100,100,0,0,0,100
0x65e2b8,100%,0,2600,2600,0,0,0,2600
0x6306c9,100%,0,2,2,0,0,0,2
0x670083,100%,0,208,208,0,0,0,208
0x642cbb,100%,0,2,2,0,0,0,2
0x6040de,100%,0,44,44,44,0,0,0
0x63c8aa,100%,0,257,257,0,0,0,257
0x64fc2c,100%,0,52,52,0,0,0,52
0x64aa8c,100%,0,100,100,0,0,0,100
0x6314d4,100%,0,52,52,0,0,0,52
0x76758e,100%,0,16,16,0,0,0,16
0x773f21,100%,0,2,2,2,0,0,0
0x64c390,100%,0,8,8,0,0,0,8
0x63a3c5,100%,0,2,2,0,0,0,2
0x7cf732,100%,0,2,2,2,0,0,0
0x8a4a17,100%,0,2,2,0,0,0,2
0x76c1af,100%,0,44,44,0,0,0,44
0x405440,100%,0,22,22,0,0,0,22
0x634031,100%,0,2,2,0,0,0,2
0x65b644,100%,0,2,2,0,0,0,2
0xa79702,100%,0,2,2,0,0,0,2
0x7562a7,100%,0,396,396,0,0,0,396
0x65a686,100%,0,2,2,0,0,0,2
0x64f78b,100%,0,2,2,0,0,0,2
0x8c0738,100%,0,100,100,0,0,0,100
0x9f57fe,100%,0,14,14,0,0,0,14
0x8c6aa3,100%,0,100,100,0,0,0,100
0x5ef9f6,100%,0,2,2,2,0,0,0
0x8c64f2,100%,0,2500,2500,0,0,0,2500
0x774083,100%,0,52,52,0,0,0,52
0x9289b2,100%,0,159,159,0,0,0,159
0x5f45a1,100%,0,108,108,0,0,0,108
0x8c3cca,100%,0,100,100,0,0,0,100
0x649a2b,100%,0,2,2,0,0,0,2
0x639899,100%,0,2,2,0,0,0,2
0x64a8bc,100%,0,2600,2600,0,0,0,2600
0x8c4a58,100%,0,100,100,0,0,0,100
0x8c479c,100%,0,13000,13000,0,0,0,13000
0x657380,100%,0,2,2,0,0,0,2
0x6036e6,100%,0,16,16,0,0,0,16
0x8c699a,100%,0,100,100,0,0,0,100
0x6432fb,100%,0,52,52,0,0,0,52
0x65c1ef,100%,0,2,2,0,0,0,2
0x5e90ab,100%,0,2,2,2,0,0,0
0x639cfb,100%,0,2,2,0,0,0,2
0x5e77a3,100%,0,13,13,0,0,0,13
0x66e277,100%,0,2,2,0,0,0,2
0x65136e,100%,0,4,4,0,0,0,4
0x649f93,100%,0,100,100,0,0,0,100
0x646d6f,100%,0,52,52,0,0,0,52
0x8c6521,100%,0,2500,2500,0,0,0,2500
0xa765e1,100%,0,52,52,0,0,0,52
0x7631b8,100%,0,2,2,0,0,0,2
0x63e351,100%,0,8,8,0,0,0,8
0x62f9df,100%,0,2,2,0,0,0,2
0x7b4266,100%,0,2,2,0,0,0,2
0x616b83,100%,0,1026,1026,0,0,0,1026
0x9e1af0,100%,0,8,8,8,0,0,0
0x8be96a,100%,0,2,2,0,0,0,2
0x67b974,100%,0,2,2,0,0,0,2
0x594345,100%,0,8,8,0,0,0,8
0x65139b,100%,0,2,2,0,0,0,2
0x5f6983,100%,0,38,38,38,0,0,0
0x429936,100%,0,124,124,0,0,0,124
0x7669bc,100%,0,4,4,0,0,0,4
0x8c103d,100%,0,100,100,0,0,0,100
0x75d32a,100%,0,2,2,0,0,0,2
0x64f80c,100%,0,2,2,0,0,0,2
0x961954,100%,0,159,159,0,0,0,159
0x67b5e8,100%,0,2,2,0,0,0,2
0x62eabe,100%,0,2,2,0,0,0,2
0x76f6d4,100%,0,1,1,0,0,0,1
0x5ed2c3,100%,0,52,52,0,0,0,52
0x8c5b40,100%,0,100,100,0,0,0,100
0x64f073,100%,0,8,8,0,0,0,8
0x63f2e0,100%,0,2,2,0,0,0,2
0x961199,100%,0,159,159,0,0,0,159
0x63f0f1,100%,0,2,2,0,0,0,2
0x7cde63,100%,0,52,52,0,0,0,52
0x66f617,100%,0,2,2,0,0,0,2
0x62fade,100%,0,2,2,0,0,0,2
0x67b880,100%,0,2,2,0,0,0,2
0x62ec9e,100%,0,2,2,0,0,0,2
0x637d34,100%,0,257,257,0,0,0,257
0x657194,100%,0,2,2,0,0,0,2
0x5fcd11,100%,0,88,88,88,0,0,0
0x77242b,100%,0,2,2,0,0,0,2
0x7affda,100%,0,2,2,0,0,0,2
0x659479,100%,0,2,2,0,0,0,2
0x7783f4,100%,0,200,200,0,0,0,200
0x66fe80,100%,0,208,208,0,0,0,208
0x66a6ac,100%,0,52,52,0,0,0,52
0x64ab86,100%,0,2,2,0,0,0,2
0x766b9d,100%,0,104,104,0,0,0,104
0x62e83e,100%,0,2,2,0,0,0,2
0x639201,100%,0,40,40,0,0,0,40
0x6877d3,100%,0,2,2,0,0,0,2
0x8c207f,100%,0,2,2,0,0,0,2
0x62f451,100%,0,2,2,0,0,0,2
0x65b5e3,100%,0,52,52,0,0,0,52
0x8c54ae,100%,0,100,100,0,0,0,100
0x8c5402,100%,0,2600,2600,0,0,0,2600
0x64c6fa,100%,0,4000,4000,0,0,0,4000
0x8c68f1,100%,0,100,100,0,0,0,100
0x67a652,100%,0,2,2,0,0,0,2
0x65ab2c,100%,0,896,896,896,0,0,0
0x766201,100%,0,4,4,0,0,0,4
0x6d9201,100%,0,16,16,0,0,0,16
0x62e9de,100%,0,2,2,0,0,0,2
0x659bcf,100%,0,2,2,0,0,0,2
0x66eda5,100%,0,52,52,0,0,0,52
0x635462,100%,0,2,2,0,0,0,2
0x65a8f9,100%,0,2,2,0,0,0,2
0x631312,100%,0,2,2,0,0,0,2
0x641847,100%,0,2,2,0,0,0,2
0x8c492a,100%,0,13000,13000,0,0,0,13000
0x6da44d,100%,0,2,2,0,0,0,2
0x67a8de,100%,0,2,2,0,0,0,2
0x63ee40,100%,0,2,2,0,0,0,2
0x65b0c1,100%,0,8,8,6,0,0,2
0x7cbd46,100%,0,52,52,0,0,0,52
0x656e65,100%,0,2,2,0,0,0,2
0x76920c,100%,0,12,12,0,0,0,12
0x645848,100%,0,2,2,0,0,0,2
0x67a160,100%,0,2,2,0,0,0,2
0x65883f,100%,0,91,91,91,0,0,0
0x67b0d9,100%,0,2,2,0,0,0,2
0x64ead7,100%,0,32,32,0,0,0,32
0x769576,100%,0,4,4,0,0,0,4
0x755e1b,100%,0,208,208,0,0,0,208
0x603656,100%,0,16,16,0,0,0,16
0x6438e8,100%,0,2600,2600,0,0,0,2600
0x5943bc,100%,0,2600,2600,2600,0,0,0
0x66ea57,100%,0,2,2,0,0,0,2
0x598415,100%,0,4,4,0,0,0,4
0x67a491,100%,0,2,2,0,0,0,2
0x67b0e8,100%,0,8,8,0,0,0,8
0x648b33,100%,0,2,2,0,0,0,2
0x9f8cdf,100%,0,261,261,0,0,0,261
0x659b3a,100%,0,52,52,0,0,0,52
0x6600a8,100%,0,2,2,0,0,0,2
0x6404c9,100%,0,2,2,0,0,0,2
0x8c1548,100%,0,100,100,0,0,0,100
0x8a4b34,100%,0,2,2,0,0,0,2
0x648999,100%,0,2,2,0,0,0,2
0x89fcea,100%,0,8,8,0,0,0,8
0x65970c,100%,0,52,52,0,0,0,52
0x62f57b,100%,0,2,2,0,0,0,2
0x65ab82,100%,0,2,2,0,0,0,2
0x8bef18,100%,0,208,208,0,0,0,208
0x929894,100%,0,125,125,0,0,0,125
0x8c5043,100%,0,2600,2600,0,0,0,2600
0x7cd913,100%,0,52,52,0,0,0,52
0x768233,100%,0,104,104,0,0,0,104
0x63a209,100%,0,100,100,0,0,0,100
0x960e0e,100%,0,159,159,159,0,0,0
0x6408a9,100%,0,2,2,0,0,0,2
0x62ed5a,100%,0,2,2,0,0,0,2
0x6399a2,100%,0,2,2,0,0,0,2
0x62fe9c,100%,0,2,2,0,0,0,2
0x5eff63,100%,0,406,406,406,0,0,0
0x8c3c92,100%,0,100,100,0,0,0,100
0x649f9c,100%,0,100,100,0,0,0,100
0x62103e,100%,0,38,38,0,0,0,38
0x63c796,100%,0,257,257,0,0,0,257
0x658b7c,100%,0,2,2,0,0,0,2
0x604c20,100%,0,44,44,44,0,0,0
0x65a56d,100%,0,2,2,0,0,0,2
0x5ea155,100%,0,52,52,0,0,0,52
0x63bad1,100%,0,88,88,0,0,0,88
0xa797cd,100%,0,173,173,0,0,0,173
0x8c5070,100%,0,100,100,0,0,0,100
0x64b61a,100%,0,2,2,0,0,0,2
0x6d88ad,100%,0,4,4,0,0,0,4
0x63c862,100%,0,257,257,0,0,0,257
0x63a119,100%,0,8,8,0,0,0,8
0x7587b6,100%,0,52,52,0,0,0,52
0x7aa132,100%,0,52,52,0,0,0,52
0x5f3ee2,100%,0,4,4,0,0,0,4
0x6595ac,100%,0,52,52,0,0,0,52
0x641ca8,100%,0,52,52,0,0,0,52
0x76b006,100%,0,2,2,0,0,0,2
0x757af3,100%,0,52,52,0,0,0,52
0x768b59,100%,0,32,32,0,0,0,32
0x761c0f,100%,0,5,5,0,0,0,5
0x92d5b6,100%,0,2,2,0,0,0,2
0x66a26f,100%,0,2,2,2,0,0,0
0x63f385,100%,0,2,2,0,0,0,2
0x960f60,100%,0,125,125,0,0,0,125
0x5f2e33,100%,0,52,52,0,0,0,52
0x5f60ea,100%,0,38,38,0,0,0,38
0xa769b7,100%,0,164,164,0,0,0,164
0x64d623,100%,0,32,32,32,0,0,0
0x6599fa,100%,0,52,52,0,0,0,52
0x64ddf3,100%,0,4000,4000,0,0,0,4000
0x7af874,100%,0,2,2,0,0,0,2
0x5efca6,100%,0,50,50,0,0,0,50
0x66f372,100%,0,8,8,6,0,0,2
0x63ecab,100%,0,2,2,0,0,0,2
0x75d7d0,100%,0,2,2,2,0,0,0
0x63bc46,100%,0,208,208,0,0,0,208
0x6449cf,100%,0,2,2,0,0,0,2
0x65986c,100%,0,52,52,0,0,0,52
0x64d3f3,100%,0,8,8,0,0,0,8
0x7cbbee,100%,0,2,2,0,0,0,2
0x63f574,100%,0,2,2,0,0,0,2
0x63560d,100%,0,2,2,0,0,0,2
0x4b9e0d,100%,0,64,64,0,0,0,64
0x5e8252,100%,0,123,123,123,0,0,0
0x641ac9,100%,0,2,2,0,0,0,2
0xa783c4,100%,0,2319,2319,0,0,0,2319
0x89ff41,100%,0,2,2,0,0,0,2
0x7cffdb,100%,0,2,2,0,0,0,2
0x7b1e60,100%,0,52,52,0,0,0,52
0x5f4d5b,100%,0,54,54,0,0,0,54
0x7cf091,100%,0,52,52,52,0,0,0
0x8c5620,100%,0,500,500,0,0,0,500
0x8c4636,100%,0,100,100,0,0,0,100
0x8c6644,100%,0,10000,10000,0,0,0,10000
0x63c03e,100%,0,64,64,0,0,0,64
0x5fcc9c,100%,0,88,88,88,0,0,0
0x640425,100%,0,2,2,0,0,0,2
0x67aa4b,100%,0,2,2,0,0,0,2
0x685204,100%,0,2,2,0,0,0,2
0x92b2f5,100%,0,2,2,2,0,0,0
0x92901d,100%,0,20,20,0,0,0,20
0x639cb2,100%,0,2,2,0,0,0,2
0x8c5207,100%,0,100,100,0,0,0,100
0x64e350,100%,0,10,10,0,0,0,10
0x6433d2,100%,0,2600,2600,0,0,0,2600
0x64aa0c,100%,0,100,100,0,0,0,100
0x64dd20,100%,0,2,2,0,0,0,2
0x64617f,100%,0,52,52,0,0,0,52
0x67b3a8,100%,0,2,2,0,0,0,2
0x635f06,100%,0,2,2,0,0,0,2
0xa79031,100%,0,1350,1350,0,0,0,1350
0x630182,100%,0,2,2,0,0,0,2
0x635c61,100%,0,2,2,0,0,0,2
0x765a53,100%,0,104,104,0,0,0,104
0x928a62,100%,0,159,159,0,0,0,159
0x639382,100%,0,2,2,0,0,0,2
0x645973,100%,0,2,2,0,0,0,2
0x8bfc29,100%,0,100,100,0,0,0,100
0x66f07c,100%,0,98,98,0,0,0,98
0x8c477a,100%,0,13000,13000,0,0,0,13000
0x92c954,100%,0,52,52,0,0,0,52
0x9f9941,100%,0,1566,1566,0,0,0,1566
0x8c0cf4,100%,0,100,100,0,0,0,100
0x8c45a6,100%,0,100,100,0,0,0,100
0x64afd7,100%,0,2,2,0,0,0,2
0x65ad6a,100%,0,2,2,0,0,0,2
0x9285e3,100%,0,4847,4847,4847,0,0,0
0x76c9cf,100%,0,44,44,0,0,0,44
0x7b426f,100%,0,2,2,0,0,0,2
0x665ad3,100%,0,52,52,0,0,0,52
0x9f98c3,100%,0,2042,2042,0,0,0,2042
0x631202,100%,0,2,2,0,0,0,2
0x597aec,100%,0,34,34,0,0,0,34
0x92a601,100%,0,91,91,91,0,0,0
0x643aa3,100%,0,52,52,0,0,0,52
0x630a59,100%,0,2,2,0,0,0,2
0x63f48d,100%,0,2,2,0,0,0,2
0x769e8c,100%,0,2,2,0,0,0,2
0x65a616,100%,0,2,2,0,0,0,2
0x9e0de7,100%,0,30,30,30,0,0,0
0x637392,100%,0,257,257,0,0,0,257
0x7ccf12,100%,0,2,2,0,0,0,2
0x75ebf8,100%,0,2,2,0,0,0,2
0x9260b7,100%,0,52,52,0,0,0,52
0x76d646,100%,0,52,52,0,0,0,52
0x75e31e,100%,0,2,2,0,0,0,2
0x63734a,100%,0,257,257,0,0,0,257
0x647498,100%,0,2600,2600,0,0,0,2600
0x637300,100%,0,257,257,0,0,0,257
0x636d5c,100%,0,257,257,0,0,0,257
0x772a0f,100%,0,2,2,0,0,0,2
0xa31db4,100%,0,10625,10625,10625,0,0,0
0x6457b4,100%,0,10400,10400,10400,0,0,0
0x64fab2,100%,0,2,2,0,0,0,2
0x621587,100%,0,12,12,0,0,0,12
0x65397a,100%,0,2,2,0,0,0,2
0x642d76,100%,0,52,52,52,0,0,0
0x8c095f,100%,0,290,290,0,0,0,290
0x6407fa,100%,0,2,2,0,0,0,2
0x8c539a,100%,0,100,100,0,0,0,100
0x595534,100%,0,624,624,0,0,0,624
0x960f5b,100%,0,125,125,0,0,0,125
0x63a659,100%,0,8,8,0,0,0,8
0x8c6311,100%,0,100,100,0,0,0,100
0x658b5a,100%,0,2,2,0,0,0,2
0x66f6d2,100%,0,8,8,6,0,0,2
0x64336a,100%,0,2,2,0,0,0,2
0x642aa2,100%,0,2,2,0,0,0,2
0x8c4302,100%,0,2600,2600,0,0,0,2600
0x755db7,100%,0,208,208,0,0,0,208
0x64b5ef,100%,0,2,2,0,0,0,2
0x654734,100%,0,8521,8521,8521,0,0,0
0x65a2ae,100%,0,2,2,0,0,0,2
0x658a68,100%,0,2,2,0,0,0,2
0xa3a134,100%,0,4,4,3,0,0,1
0x76ca45,100%,0,2,2,0,0,0,2
0x755f02,100%,0,208,208,0,0,0,208
0x65938c,100%,0,52,52,0,0,0,52
0x63030d,100%,0,2,2,0,0,0,2
0x643ef5,100%,0,2,2,0,0,0,2
0x8c4d96,100%,0,2600,2600,0,0,0,2600
0x76ebd2,100%,0,7,7,7,0,0,0
0x76bbf1,100%,0,42,42,0,0,0,42
0x8c360a,100%,0,100,100,0,0,0,100
0x8c5542,100%,0,100,100,0,0,0,100
0x642004,100%,0,2,2,0,0,0,2
0x4a3f78,100%,0,2,2,2,0,0,0
0x8c58c3,100%,0,13000,13000,0,0,0,13000
0x64ec82,100%,0,32,32,0,0,0,32
0x64afac,100%,0,52,52,0,0,0,52
0x631869,100%,0,2,2,0,0,0,2
0x599527,100%,0,8,8,8,0,0,0
0x62f790,100%,0,2,2,0,0,0,2
0x5949aa,100%,0,8,8,8,0,0,0
0x65b432,100%,0,2,2,0,0,0,2
0x7cba7a,100%,0,52,52,52,0,0,0
0x76ce13,100%,0,52,52,0,0,0,52
0x646198,100%,0,2600,2600,0,0,0,2600
0x760f05,100%,0,2,2,0,0,0,2
0x7597c9,100%,0,2,2,0,0,0,2
0x960da4,100%,0,159,159,0,0,0,159
0x65a24c,100%,0,98,98,0,0,0,98
0x647508,100%,0,2,2,0,0,0,2
0x64c213,100%,0,80,80,0,0,0,80
0x769669,100%,0,4,4,0,0,0,4
0x65849d,100%,0,819,819,0,0,0,819
0x5efb06,100%,0,2,2,0,0,0,2
0x7749ef,100%,0,52,52,0,0,0,52
0x9e1604,100%,0,96,96,0,0,0,96
0x64f993,100%,0,2,2,0,0,0,2
0x652c4a,100%,0,4847,4847,0,0,0,4847
0x7663a7,100%,0,100,100,0,0,0,100
0x651359,100%,0,80,80,0,0,0,80
0x7cd756,100%,0,52,52,0,0,0,52
0x65dc6a,100%,0,100,100,0,0,0,100
0x642ba2,100%,0,2600,2600,0,0,0,2600
0x64e3de,100%,0,10,10,0,0,0,10
0x7b43ec,100%,0,2,2,0,0,0,2
0x64b5aa,100%,0,2,2,0,0,0,2
0x66b6bc,100%,0,52,52,0,0,0,52
0x6d9242,100%,0,16,16,0,0,0,16
0x67b31e,100%,0,8,8,8,0,0,0
0x778e3b,100%,0,32,32,32,0,0,0
0xa7967e,100%,0,257,257,0,0,0,257
0x8c211a,100%,0,2,2,0,0,0,2
0x63150e,100%,0,52,52,0,0,0,52
0x7e8083,100%,0,52,52,0,0,0,52
0x9f8d0e,100%,0,261,261,0,0,0,261
0x646a75,100%,0,2600,2600,0,0,0,2600
0x763016,100%,0,2,2,0,0,0,2
0x8c4915,100%,0,500,500,0,0,0,500
0x7e7332,100%,0,52,52,0,0,0,52
0x766d9a,100%,0,32,32,0,0,0,32
0x8c6a5d,100%,0,100,100,0,0,0,100
0x62f939,100%,0,2,2,0,0,0,2
0x68853d,100%,0,2,2,2,0,0,0
0x62eb9e,100%,0,2,2,0,0,0,2
0xa7855f,100%,0,8024,8024,0,0,0,8024
0x8c4bd3,100%,0,2600,2600,0,0,0,2600
0x64038e,100%,0,2,2,0,0,0,2
0x7662b1,100%,0,12,12,0,0,0,12
0x8bfc03,100%,0,100,100,0,0,0,100
0x92ca0b,100%,0,2600,2600,0,0,0,2600
0x8c355c,100%,0,100,100,0,0,0,100
0x67a3e6,100%,0,2,2,0,0,0,2
0x64c56d,100%,0,4000,4000,0,0,0,4000
0x64b601,100%,0,2,2,0,0,0,2
0x7e80be,100%,0,52,52,0,0,0,52
