Branch PC,Accuracy,Mispredictions,Correct Predictions,Total,dir_t_pred_t,dir_t_pred_nt,dir_nt_pred_t,dir_nt_pred_nt
aggregate,99.8465%,71211,46319779,46390990,19686559,36986,34225,26633220
0x4dde45,99.4631%,19727,3654693,3674420,2930716,17704,2023,723977
0x59d4ea,99.7494%,15525,6180148,6195673,5467642,1677,13848,712506
0x4cd69b,98.8458%,2353,201516,203869,5354,2100,253,196162
0x7b2fc5,89.4658%,2185,18557,20742,4875,1419,766,13682
0x4ca06a,99.2076%,1560,195315,196875,194785,121,1439,530
0x406ce1,88.5774%,1520,11787,13307,9264,516,1004,2523
0x7b1b7f,91.5688%,1314,14271,15585,6603,691,623,7668
0x7c93a3,92.7882%,1210,15568,16778,9179,592,618,6389
0x406c31,89.3409%,1200,10058,11258,7314,462,738,2744
0x7c938c,93.5094%,1089,15689,16778,6065,612,477,9624
0x7c93b4,93.9147%,1021,15757,16778,8796,506,515,6961
0x7c9468,93.4831%,969,13900,14869,3164,833,136,10736
0x7b358e,68.1818%,959,2055,3014,1214,435,524,841
0x7c9492,91.5103%,923,9949,10872,8926,91,832,1023
0x406c06,79.9121%,914,3636,4550,2834,310,604,802
0x7c93ca,94.9219%,852,15926,16778,6436,426,426,9490
0x7b347d,88.4121%,821,6264,7085,819,542,279,5445
0x5bf5cb,95.5666%,806,17374,18180,14996,317,489,2378
0x7c941f,81.8744%,791,3573,4364,2949,298,493,624
0x5bfe69,94.1212%,682,10919,11601,9172,364,318,1747
0x7b31b5,92.3763%,598,7246,7844,6159,214,384,1087
0x50547b,97.2526%,591,20920,21511,339,511,80,20581
0x507872,92.4276%,583,7116,7699,6853,54,529,263
0x5bd249,93.3189%,554,7738,8292,3851,180,374,3887
0x7b303a,92.228%,540,6408,6948,6268,103,437,140
0x5c5a9e,87.9741%,539,3943,4482,2155,262,277,1788
0x496934,96.6071%,535,15233,15768,13107,244,291,2126
0x7b3597,60.9524%,533,832,1365,372,281,252,460
0x4291b0,93.0362%,489,6533,7022,4840,233,256,1693
0x67e1e1,97.2468%,483,17060,17543,14858,268,215,2202
0x7b2fa5,97.7794%,480,21136,21616,606,268,212,20530
0x7c93fa,92.9856%,429,5687,6116,4663,336,93,1024
0x7b1469,66.6963%,374,749,1123,528,151,223,221
0x7b13d8,85.4545%,320,1880,2200,479,214,106,1401
0x406b91,91.3821%,318,3372,3690,2165,119,199,1207
0x4cd7b4,96.1554%,287,7178,7465,4401,68,219,2777
0x42925c,85.6223%,268,1596,1864,1334,107,161,262
0x406c39,92.7642%,267,3423,3690,374,192,75,3049
0x429038,76.626%,230,754,984,524,37,193,230
0x410e6e,91.2075%,225,2334,2559,2167,44,181,167
0x527667,98.0578%,211,10653,10864,2027,135,76,8626
0x7b34bb,96.5247%,191,5305,5496,12,148,43,5293
0x67ba82,92.3045%,186,2231,2417,1817,67,119,414
0x7c94a8,96.9579%,179,5705,5884,5553,36,143,152
0x5c8758,98.282%,175,10011,10186,5625,5,170,4386
0x67b4f9,88.4077%,174,1327,1501,1216,38,136,111
0x406c0b,95.5014%,166,3524,3690,79,129,37,3445
0x64d8e8,95.1851%,147,2906,3053,106,101,46,2800
0x7b3354,74.1758%,141,405,546,379,43,98,26
0x7b14de,87.4443%,141,982,1123,5,106,35,977
0x7b1490,88.4785%,131,1006,1137,989,34,97,17
0x4113e9,99.4031%,129,21481,21610,20424,47,82,1057
0x67bac5,75.985%,128,405,533,170,77,51,235
0x7c9437,98.1033%,116,6000,6116,157,75,41,5843
0x7b31fd,92.1307%,106,1241,1347,21,80,26,1220
0x410e93,92.9635%,104,1374,1478,1251,60,44,123
0x7b3020,98.577%,102,7066,7168,133,87,15,6933
0x59ce6d,99.9872%,93,725907,726000,1,89,4,725906
0x4bc339,99.9438%,89,158244,158333,146780,42,47,11464
0x46167b,97.4298%,86,3260,3346,1929,40,46,1331
0x4f6619,99.3589%,82,12709,12791,11046,42,40,1663
0x5fff99,99.7798%,81,36710,36791,35136,43,38,1574
0x64c59c,96.1146%,80,1979,2059,0,65,15,1979
0x500d11,99.4707%,74,13908,13982,2803,71,3,11105
0x7b3489,98.7421%,72,5652,5724,32,44,28,5620
0x64d9be,99.099%,71,7809,7880,6905,24,47,904
0x67b4c0,97.3956%,63,2356,2419,862,56,7,1494
0x410cb5,98.1781%,63,3395,3458,1126,26,37,2269
0x406b4d,98.4852%,62,4031,4093,352,51,11,3679
0x59d51a,99.999%,61,6304478,6304539,5578166,19,42,726312
0x4d07c3,99.8626%,57,41420,41477,39053,5,52,2367
0x4291c3,99.6115%,55,14101,14156,1830,34,21,12271
0x52fa6d,63.6986%,53,93,146,73,26,27,20
0x64dd49,99.9551%,51,113585,113636,105286,31,20,8299
0x4c096e,97.6755%,48,2017,2065,673,33,15,1344
0x7c94e4,78.8546%,48,179,227,159,20,28,20
0x64d915,84.5238%,39,213,252,51,19,20,162
0x7c9377,99.7722%,39,17082,17121,6103,13,26,10979
0x64d8c4,99.6673%,36,10783,10819,7789,15,21,2994
0x4f70f5,99.5641%,36,8222,8258,962,18,18,7260
0x4bc375,99.9769%,35,151793,151828,10503,2,33,141290
0x52f9dd,58.8235%,35,50,85,14,18,17,36
0x67bb49,99.956%,34,77310,77344,74904,23,11,2406
0x5052a9,99.7288%,33,12136,12169,11374,5,28,762
0x5fff91,99.9228%,32,41413,41445,4630,24,8,36783
0x410e83,98.0711%,32,1627,1659,156,25,7,1471
0x7b30a3,85.9091%,31,189,220,123,21,10,66
0x4c9436,99.3816%,31,4982,5013,424,26,5,4558
0x68d7fc,98.4256%,31,1938,1969,1,19,12,1937
0x4c67db,98.7593%,30,2388,2418,425,20,10,1963
0x461682,97.8214%,30,1347,1377,1311,1,29,36
0x64d942,78.3582%,29,105,134,15,10,19,90
0x4603c7,99.9737%,28,106447,106475,106032,12,16,415
0x68dfac,98.96%,26,2474,2500,0,25,1,2474
0x504bc9,99.7946%,25,12144,12169,11377,2,23,767
0x4a3969,99.4493%,25,4515,4540,4087,9,16,428
0x59d9c9,99.4503%,25,4523,4548,4098,5,20,425
0x687aec,98.7836%,24,1949,1973,0,20,4,1949
0x4cd780,99.6785%,24,7441,7465,7441,13,11,0
0x5d0388,99.9902%,24,245731,245755,0,15,9,245731
0x7b34f7,99.5979%,23,5697,5720,5696,8,15,1
0x4603b3,99.9821%,21,117183,117204,10717,12,9,106466
0x7c943e,99.6431%,21,5863,5884,17,15,6,5846
0x4bc360,99.817%,21,11456,11477,960,12,9,10496
0x410dd9,98.5075%,19,1254,1273,1086,6,13,168
0x5c5a67,99.7877%,19,8932,8951,4464,5,14,4468
0x64d9c4,98.0021%,19,932,951,356,12,7,576
0x410d6b,98.4375%,18,1134,1152,1056,6,12,78
0x7b151b,99.1818%,18,2182,2200,1968,12,6,214
0x64d9ca,97.084%,17,566,583,14,9,8,552
0x7b14d6,98.5048%,17,1120,1137,0,14,3,1120
0x505b28,99.9585%,17,40956,40973,40172,11,6,784
0x60028d,99.9614%,16,41461,41477,970,11,5,40491
0x7c93e9,99.8388%,16,9910,9926,3,7,9,9907
0x64d9a3,86.8421%,15,99,114,33,5,10,66
0x67b72d,99.384%,15,2420,2435,539,10,5,1881
0x5bd233,99.8235%,15,8485,8500,199,9,6,8286
0x410d9b,98.6979%,15,1137,1152,968,3,12,169
0x4dde35,99.9996%,15,3674759,3674774,348,6,9,3674411
0x4cd6a3,99.9929%,14,196401,196415,196401,3,11,0
0x49660c,99.8834%,13,11134,11147,0,0,13,11134
0x5c8a33,99.9763%,13,54771,54784,1711,1,12,53060
0x7b34a2,99.7874%,12,5632,5644,143,5,7,5489
0x5c86fa,99.995%,12,238474,238486,232234,7,5,6240
0x600369,99.9694%,11,35890,35901,0,0,11,35890
0x6001da,99.9735%,11,41466,41477,0,0,11,41466
0x7b30c2,95%,11,209,220,0,7,4,209
0x527678,99.8736%,11,8691,8702,5304,8,3,3387
0x5bfc4d,99.8285%,10,5822,5832,5378,9,1,444
0x5c85cc,99.9138%,10,11591,11601,9529,7,3,2062
0x600339,99.9741%,10,38663,38673,0,0,10,38663
0x5ffd18,98.9796%,10,970,980,528,7,3,442
0x5bd219,99.827%,10,5771,5781,3809,3,7,1962
0x64da05,98.9166%,10,913,923,351,5,5,562
0x5010f0,99.9387%,10,16295,16305,16295,10,0,0
0x7b35dd,99.9377%,9,14439,14448,14439,9,0,0
0x5c862d,90%,9,81,90,2,7,2,79
0x505365,99.9858%,9,63504,63513,0,0,9,63504
0x4bc385,99.9936%,9,141314,141323,141314,9,0,0
0x5bec6f,40%,9,6,15,5,5,4,1
0x7c9647,99.2969%,9,1271,1280,0,5,4,1271
0x4c9eb4,99.7617%,9,3767,3776,2435,0,9,1332
0x5bf89b,99.8464%,9,5852,5861,2982,3,6,2870
0x4c0905,99.6126%,8,2057,2065,0,0,8,2057
0x7b3501,50%,8,8,16,5,4,4,3
0x7b50fc,99.963%,8,21608,21616,0,0,8,21608
0x7b3496,99.8584%,8,5640,5648,0,4,4,5640
0x5ffefc,99.9807%,8,41437,41445,41437,2,6,0
0x512b01,99.6067%,8,2026,2034,2026,8,0,0
0x4dde20,99.9989%,8,726346,726354,0,0,8,726346
0x406acf,99.8045%,8,4085,4093,4085,8,0,0
0x7b31ec,98.579%,8,555,563,550,3,5,5
0x4c9e2a,99.8434%,7,4462,4469,0,0,7,4462
0x4d0c16,99.9829%,7,40992,40999,2412,5,2,38580
0x4bc318,99.9392%,7,11504,11511,0,0,7,11504
0x7b3755,98.928%,7,646,653,0,0,7,646
0x59d528,99.999%,7,726347,726354,0,0,7,726347
0x52ac03,99.7105%,7,2411,2418,703,3,4,1708
0x59ce02,99.999%,7,726347,726354,0,0,7,726347
0x67969c,98.6891%,7,527,534,0,5,2,527
0x406c5a,99.8015%,7,3520,3527,3520,7,0,0
0x5c8729,99.9859%,7,49589,49596,43348,3,4,6241
0x59d4bd,99.999%,7,726347,726354,0,0,7,726347
0x4d0c2a,99.9819%,7,38575,38582,38575,7,0,0
0x5010c3,99.9571%,7,16298,16305,16298,5,2,0
0x4291d3,99.9431%,7,12285,12292,12200,7,0,85
0x4c3c96,92.7083%,7,89,96,88,3,4,1
0x6ee3e3,99.9642%,7,19524,19531,3943,3,4,15581
0x7c937c,99.9583%,7,16771,16778,16768,7,0,3
0x4c1dd9,99.9537%,7,15123,15130,12705,7,0,2418
0x7b5145,99.9722%,6,21610,21616,0,0,6,21610
0x64a81f,99.9891%,6,54996,55002,46645,2,4,8351
0x4f70d8,99.6278%,6,1606,1612,626,6,0,980
0x4cd7c8,99.7997%,6,2990,2996,2984,3,3,6
0x59cd99,99.9992%,6,726349,726355,0,0,6,726349
0x59cdc5,99.9992%,6,726348,726354,0,0,6,726348
0x4bc30f,99.9595%,6,14822,14828,3313,4,2,11509
0x5055a3,99.9331%,6,8959,8965,0,0,6,8959
0x4ca0d4,99.6953%,6,1963,1969,0,0,6,1963
0x4c79f1,98.6667%,6,444,450,2,3,3,442
0x7b50eb,99.9722%,6,21610,21616,21610,6,0,0
0x64dce2,99.7518%,6,2411,2417,2411,6,0,0
0x50536f,99.9906%,6,63507,63513,0,0,6,63507
0x4c83c9,98.6667%,6,444,450,1,4,2,443
0x4dde13,99.9992%,6,726348,726354,0,0,6,726348
0x7b143d,99.5548%,5,1118,1123,1118,5,0,0
0x7b1b07,99.9679%,5,15580,15585,0,0,5,15580
0x505a47,99.9758%,5,20656,20661,0,0,5,20656
0x5c85c5,99.9569%,5,11596,11601,0,0,5,11596
0x59f252,99.9841%,5,31442,31447,29024,4,1,2418
0x5010dd,99.9693%,5,16300,16305,0,0,5,16300
0x7b3347,99.0958%,5,548,553,5,2,3,543
0x4be468,99.9871%,5,38668,38673,0,0,5,38668
0x5ffeda,99.9879%,5,41440,41445,0,0,5,41440
0x60025b,99.9879%,5,41472,41477,0,0,5,41472
0x64c321,99.7572%,5,2054,2059,2054,5,0,0
0x7b50d7,99.9769%,5,21611,21616,0,0,5,21611
0x7b1af5,99.9679%,5,15580,15585,0,0,5,15580
0x68694c,98.8739%,5,439,444,0,5,0,439
0x60026a,99.9879%,5,41472,41477,0,0,5,41472
0x64d9d8,99.1071%,5,555,560,536,2,3,19
0x52caed,99.8922%,5,4633,4638,4103,0,5,530
0x4cdaf0,99.8881%,5,4464,4469,0,0,5,4464
0x5ca099,99.8901%,5,4543,4548,4102,1,4,441
0x4cd914,99.8331%,5,2991,2996,2991,5,0,0
0x7b31e7,99.6601%,5,1466,1471,905,3,2,561
0x7b30b4,93.4211%,5,71,76,0,5,0,71
0x4be575,99.9871%,5,38699,38704,38255,4,1,444
0x4cadd8,99.1111%,4,446,450,2,3,1,444
0x59ce25,99.9994%,4,726350,726354,0,0,4,726350
0x600355,99.9897%,4,38669,38673,35897,4,0,2772
0x4d079b,99.9904%,4,41473,41477,0,0,4,41473
0x4c10ca,99.8063%,4,2061,2065,2061,4,0,0
0x7b13f9,96.3964%,4,107,111,0,0,4,107
0x529b75,99.4334%,4,702,706,693,0,4,9
0x4d077c,99.8346%,4,2415,2419,0,0,4,2415
0x7b34c8,99.925%,4,5332,5336,0,0,4,5332
0x68d7cb,99.7969%,4,1965,1969,0,0,4,1965
0x68d8da,99.7969%,4,1965,1969,1965,4,0,0
0x5bfc39,99.9314%,4,5828,5832,0,0,4,5828
0x5c85bd,99.9709%,4,13759,13763,2162,0,4,11597
0x410ea2,99.8318%,4,2374,2378,2374,4,0,0
0x7b3788,99.3874%,4,649,653,435,1,3,214
0x59cda0,99.9994%,4,726351,726355,0,0,4,726351
0x7c94da,98.2759%,4,228,232,1,4,0,227
0x7b1add,99.9743%,4,15581,15585,0,0,4,15581
0x67ee39,99.9531%,4,8528,8532,7462,2,2,1066
0x7b5140,99.9815%,4,21612,21616,0,0,4,21612
0x505a56,99.9806%,4,20657,20661,0,0,4,20657
0x530bcf,99.6528%,4,1148,1152,704,3,1,444
0x7b307d,99.9814%,4,21479,21483,0,0,4,21479
0x7b31d6,99.7281%,4,1467,1471,0,0,4,1467
0x52766f,99.954%,4,8698,8702,0,0,4,8698
0x5bf577,99.978%,4,18177,18181,0,1,3,18177
0x5ac139,99.9155%,4,4731,4735,4196,3,1,535
0x7bd81e,99.8971%,4,3882,3886,3870,0,4,12
0x4c23ed,99.8345%,4,2413,2417,2060,3,1,353
0x5c8a40,99.9925%,4,53068,53072,53068,4,0,0
0x59d533,99.9994%,4,726350,726354,0,0,4,726350
0x60002d,99.9903%,4,41440,41444,0,0,4,41440
0x4a2fb7,99.5822%,3,715,718,272,1,2,443
0x5077f7,99.961%,3,7696,7699,0,0,3,7696
0x512b46,99.8525%,3,2031,2034,2031,3,0,0
0x5c8734,99.952%,3,6242,6245,6242,3,0,0
0x7b1bae,99.9808%,3,15582,15585,7293,1,2,8289
0x67bb10,99.4371%,3,530,533,0,0,3,530
0x5bebee,80%,3,12,15,12,2,1,0
0x5fff4e,93.75%,3,45,48,42,0,3,3
0x52f935,98.7342%,3,234,237,45,2,1,189
0x67b370,99.8525%,3,2031,2034,0,0,3,2031
0x67eec3,99.7191%,3,1065,1068,531,3,0,534
0x7b1ac9,99.9808%,3,15582,15585,0,0,3,15582
0x7b5137,99.9861%,3,21613,21616,0,0,3,21613
0x7b50c3,99.9861%,3,21613,21616,0,0,3,21613
0x5bec42,40%,3,2,5,2,2,1,0
0x5ffc0a,99.9928%,3,41442,41445,0,0,3,41442
0x67e1dc,99.9829%,3,17540,17543,0,0,3,17540
0x64dd32,99.9723%,3,10816,10819,2498,2,1,8318
0x59f249,99.9905%,3,31444,31447,0,0,3,31444
0x5bd205,99.9638%,3,8278,8281,2498,2,1,5780
0x4cdb20,99.9329%,3,4466,4469,208,0,3,4258
0x7b320a,99.7592%,3,1243,1246,1243,3,0,0
0x4bc353,99.9739%,3,11474,11477,0,0,3,11474
0x513a1b,99.876%,3,2416,2419,0,0,3,2416
0x4c9fac,99.88%,3,2497,2500,64,1,2,2433
0x429088,99.8391%,3,1861,1864,1331,0,3,530
0x4968e9,99.9096%,3,3314,3317,0,0,3,3314
0x5010e8,99.9816%,3,16302,16305,0,0,3,16302
0x4cda63,99.9329%,3,4466,4469,4466,3,0,0
0x7b3446,99.9529%,3,6370,6373,217,3,0,6153
0x68d7d0,99.8476%,3,1966,1969,1966,3,0,0
0x68d5e5,99.8476%,3,1966,1969,1966,3,0,0
0x4cdafb,99.9329%,3,4466,4469,0,0,3,4466
0x5054a9,99.9855%,3,20658,20661,20658,3,0,0
0x4ca104,99.8476%,3,1966,1969,0,0,3,1966
0x5077dd,99.961%,3,7696,7699,0,0,3,7696
0x5d02e2,80%,3,12,15,0,0,3,12
0x50552e,99.9627%,3,8036,8039,7245,2,1,791
0x59d4cf,99.9996%,3,726351,726354,0,0,3,726351
0x4dde18,99.9997%,2,726352,726354,0,0,2,726352
0x68d897,90%,2,18,20,18,2,0,0
0x7b2fe5,99.9862%,2,14446,14448,0,0,2,14446
0x4cd9e6,99.9332%,2,2994,2996,2994,2,0,0
0x5bf8a4,99.9305%,2,2874,2876,2874,2,0,0
0x410e69,99.9218%,2,2557,2559,0,0,2,2557
0x64a7c4,99.9815%,2,10817,10819,0,0,2,10817
0x68826d,99.9024%,2,2048,2050,0,0,2,2048
0x59ea2b,99.9173%,2,2417,2419,0,0,2,2417
0x4cd8af,99.9332%,2,2994,2996,2994,2,0,0
0x501290,99.9629%,2,5385,5387,5385,2,0,0
0x5055f9,99.991%,2,22101,22103,22101,2,0,0
0x406b70,99.8889%,2,1798,1800,0,0,2,1798
0x7c96ce,60%,2,3,5,3,2,0,0
0x5c7fe9,99.956%,2,4546,4548,4101,2,0,445
0x7b1ae5,99.9872%,2,15583,15585,0,0,2,15583
0x59d4db,99.9997%,2,726352,726354,0,0,2,726352
0x4f6c99,99.9689%,2,6436,6438,6436,2,0,0
0x5ca05d,99.9599%,2,4991,4993,4547,1,1,444
0x59ce0a,99.9997%,2,726352,726354,0,0,2,726352
0x64d96f,98.2456%,2,112,114,1,1,1,111
0x5ca0d7,99.9599%,2,4991,4993,444,1,1,4547
0x4f6674,99.8826%,2,1701,1703,1612,0,2,89
0x52a283,99.6269%,2,534,536,534,2,0,0
0x7b1b2a,99.9872%,2,15583,15585,0,0,2,15583
0x4aa167,99.9173%,2,2415,2417,0,0,2,2415
0x4c3c43,99.9302%,2,2865,2867,449,1,1,2416
0x4c0bc8,99.9031%,2,2063,2065,2063,2,0,0
0x4a2fc7,99.5506%,2,443,445,443,2,0,0
0x67faf4,99.5495%,2,442,444,442,1,1,0
0x4a37c6,99.5495%,2,442,444,0,0,2,442
0x46039e,99.9823%,2,11328,11330,170,0,2,11158
0x4cdb38,99.9531%,2,4259,4261,4259,2,0,0
0x42905f,99.8927%,2,1862,1864,1862,2,0,0
0x68e0b8,99.92%,2,2498,2500,0,0,2,2498
0x7b2fd7,99.9862%,2,14446,14448,14446,2,0,0
0x5a3088,99.6255%,2,532,534,0,0,2,532
0x4c3ded,99.9173%,2,2415,2417,1970,2,0,445
0x4c3c91,99.5556%,2,448,450,354,0,2,94
0x67e1f9,99.9886%,2,17541,17543,15125,1,1,2416
0x4c9ea3,99.9552%,2,4467,4469,691,2,0,3776
0x4c9e90,99.9552%,2,4467,4469,0,0,2,4467
0x7b1b18,99.9872%,2,15583,15585,0,0,2,15583
0x4c84d6,99.6269%,2,534,536,448,2,0,86
0x52ca24,99.9569%,2,4636,4638,4636,2,0,0
0x7b1b57,99.9872%,2,15583,15585,0,0,2,15583
0x5055b9,99.9777%,2,8963,8965,0,0,2,8963
0x4c12d6,99.9173%,2,2415,2417,0,0,2,2415
0x6002a0,99.9952%,2,41475,41477,0,0,2,41475
0x59ce2d,99.9997%,2,726352,726354,0,0,2,726352
0x410d7b,99.8264%,2,1150,1152,1150,2,0,0
0x505a6b,99.9903%,2,20659,20661,0,0,2,20659
0x7b5113,99.9907%,2,21614,21616,0,0,2,21614
0x4c196c,99.9075%,2,2161,2163,2161,2,0,0
0x7b34d0,99.9625%,2,5334,5336,5334,2,0,0
0x7b5753,99.9872%,2,15583,15585,0,0,2,15583
0x64d8f4,99.9297%,2,2844,2846,0,0,2,2844
0x7b5743,99.9872%,2,15583,15585,0,0,2,15583
0x7b512b,99.9907%,2,21614,21616,0,0,2,21614
0x4c690c,99.5556%,2,448,450,448,2,0,0
0x5316f9,99.9656%,2,5818,5820,0,0,2,5818
0x67fb86,97.1429%,2,68,70,68,2,0,0
0x4c8450,99.7961%,2,979,981,445,0,2,534
0x5132bc,99.9173%,2,2415,2417,1971,2,0,444
0x7b1b39,99.9872%,2,15583,15585,15583,2,0,0
0x64da3e,99.9733%,2,7490,7492,0,0,2,7490
0x4069c3,99.9511%,2,4091,4093,0,0,2,4091
0x4c02e6,99.9173%,2,2415,2417,0,0,2,2415
0x5bed91,0%,2,0,2,0,1,1,0
0x67fb69,97.1429%,2,68,70,68,1,1,0
0x4ba93c,99.8832%,2,1710,1712,0,0,2,1710
0x4ca8e6,99.5556%,2,448,450,3,2,0,445
0x59d4f5,99.9997%,2,726352,726354,0,0,2,726352
0x64da51,99.9733%,2,7490,7492,7423,2,0,67
0x59d545,99.9997%,2,726352,726354,726352,2,0,0
0x505473,99.9907%,2,21509,21511,0,0,2,21509
0x7b3774,99.6937%,2,651,653,651,2,0,0
0x4c10b8,99.9031%,2,2063,2065,0,0,2,2063
0x406e27,99.9511%,2,4091,4093,0,0,2,4091
0x505ac2,99.991%,2,22101,22103,22101,2,0,0
0x4c1d73,99.9173%,2,2416,2418,0,0,2,2416
0x4c699f,99.5556%,2,448,450,448,2,0,0
0x4291a3,99.9715%,2,7020,7022,0,0,2,7020
0x4be46c,99.9948%,2,38671,38673,38226,2,0,445
0x59d53c,99.9997%,2,726352,726354,0,0,2,726352
0x4ca825,99.5556%,2,448,450,448,2,0,0
0x505a5f,99.9903%,2,20659,20661,0,0,2,20659
0x5bfeb5,99.9031%,2,2063,2065,2063,2,0,0
0x5bfcd0,99.9303%,2,2867,2869,2867,2,0,0
0x7b14a7,99.1228%,1,113,114,0,0,1,113
0x7b573a,99.9936%,1,15584,15585,0,0,1,15584
0x429233,99.9806%,1,5157,5158,5157,1,0,0
0x7b1b9f,99.9936%,1,15584,15585,15584,1,0,0
0x4c0e9e,99.9516%,1,2064,2065,0,0,1,2064
0x7b14b1,99.1228%,1,113,114,0,0,1,113
0x410d8b,99.9132%,1,1151,1152,1151,1,0,0
0x4a382a,99.7748%,1,443,444,0,0,1,443
0x5a3008,99.9064%,1,1067,1068,0,0,1,1067
0x496912,99.9586%,1,2416,2417,2416,1,0,0
0x51302a,99.9589%,1,2434,2435,0,0,1,2434
0x4968ef,99.9699%,1,3316,3317,0,0,1,3316
0x4c7a78,99.978%,1,4547,4548,4103,0,1,444
0x4c0ee5,99.9516%,1,2064,2065,2064,1,0,0
0x406b67,99.9729%,1,3689,3690,1889,1,0,1800
0x5bf4f5,99.9651%,1,2867,2868,1,0,1,2866
0x5276d7,99.9537%,1,2161,2162,2161,1,0,0
0x4ca9d1,99.7778%,1,449,450,449,1,0,0
0x4c0a1b,99.9516%,1,2064,2065,2064,1,0,0
0x7b3610,99.5455%,1,219,220,219,1,0,0
0x5d039a,99.9996%,1,245739,245740,245739,1,0,0
0x688b95,99.9587%,1,2418,2419,0,0,1,2418
0x5c5a8f,99.9777%,1,4481,4482,0,0,1,4481
0x4c219e,99.9586%,1,2417,2418,1973,0,1,444
0x4cd8eb,99.9666%,1,2995,2996,2995,1,0,0
0x4c21b1,99.7753%,1,444,445,444,1,0,0
0x4c185e,99.9538%,1,2162,2163,2162,1,0,0
0x4069e7,99.9756%,1,4092,4093,4092,1,0,0
0x600004,99.9514%,1,2056,2057,444,1,0,1612
0x4c0b9c,99.9516%,1,2064,2065,0,0,1,2064
0x5bf5ec,99.9651%,1,2867,2868,0,0,1,2867
0x64da32,99.9867%,1,7491,7492,0,0,1,7491
0x7b3bd4,88.8889%,1,8,9,8,1,0,0
0x513aac,99.9587%,1,2418,2419,2418,1,0,0
0x4c0ecd,99.9516%,1,2064,2065,0,0,1,2064
0x5bf58f,99.9945%,1,18179,18180,18179,1,0,0
0x5297bf,99.9587%,1,2418,2419,706,0,1,1712
0x5bfe59,99.9516%,1,2064,2065,0,0,1,2064
0x410d28,99.9711%,1,3457,3458,1151,1,0,2306
0x5bfe82,99.9516%,1,2065,2066,2065,0,1,0
0x4c0c0a,99.9516%,1,2064,2065,0,0,1,2064
0x4c0dd3,99.9516%,1,2064,2065,1358,1,0,706
0x45fa18,99.9064%,1,1067,1068,887,1,0,180
0x4cd664,99.9866%,1,7464,7465,0,0,1,7464
0x51329c,99.9586%,1,2416,2417,2416,1,0,0
0x50537f,99.9984%,1,63512,63513,0,0,1,63512
0x59cde8,99.9999%,1,726353,726354,0,0,1,726353
0x5bfce7,99.9651%,1,2868,2869,0,0,1,2868
0x68890f,99.9586%,1,2416,2417,0,0,1,2416
0x7b3586,99.9394%,1,1648,1649,0,0,1,1648
0x529797,99.9587%,1,2418,2419,0,0,1,2418
0x4ca0e7,99.9492%,1,1968,1969,0,0,1,1968
0x4c093b,99.9516%,1,2064,2065,0,0,1,2064
0x4068b4,99.9514%,1,2058,2059,2058,1,0,0
0x5c85a4,99.9763%,1,4226,4227,0,0,1,4226
0x5258a9,99.7753%,1,444,445,444,1,0,0
0x4ca04e,99.9492%,1,1968,1969,0,0,1,1968
0x4c12eb,99.9586%,1,2416,2417,0,0,1,2416
0x505ae6,99.9955%,1,22102,22103,5207,1,0,16895
0x67bb01,99.8124%,1,532,533,0,0,1,532
0x59f666,99.9587%,1,2418,2419,0,0,1,2418
0x4c22e4,99.9586%,1,2417,2418,0,0,1,2417
0x4ca2f4,99.9508%,1,2033,2034,0,0,1,2033
0x4c9ec1,99.9254%,1,1340,1341,1340,1,0,0
0x4c9e3e,99.9776%,1,4468,4469,0,0,1,4468
0x4c132b,99.9586%,1,2416,2417,0,0,1,2416
0x7b1bb3,99.9879%,1,8290,8291,8290,1,0,0
0x4cc559,99.9781%,1,4562,4563,4562,1,0,0
0x5079eb,99.9524%,1,2099,2100,0,0,1,2099
0x68825a,99.9512%,1,2049,2050,2049,1,0,0
0x5a3011,99.9064%,1,1067,1068,0,0,1,1067
0x7b511c,99.9954%,1,21615,21616,21615,1,0,0
0x59d4b4,99.9999%,1,726353,726354,0,0,1,726353
0x6001fa,99.8981%,1,980,981,980,1,0,0
0x4c145d,99.9586%,1,2416,2417,1971,1,0,445
0x68d7c2,99.9492%,1,1968,1969,0,0,1,1968
0x4cd6bf,99.9505%,1,2020,2021,0,0,1,2020
0x59c9ec,99.7748%,1,443,444,89,1,0,354
0x496921,99.9586%,1,2416,2417,0,0,1,2416
0x67e359,99.9493%,1,1972,1973,1972,1,0,0
0x5bf6de,99.9651%,1,2866,2867,0,0,1,2866
0x59d4fc,99.9999%,1,726353,726354,0,0,1,726353
0x4c9fde,99.9492%,1,1968,1969,0,0,1,1968
0x67fd3e,0%,1,0,1,0,1,0,0
0x4f6602,99.9413%,1,1702,1703,0,0,1,1702
0x4c9feb,99.9492%,1,1968,1969,0,0,1,1968
0x5297e9,99.9264%,1,1358,1359,1358,1,0,0
0x67fcd1,0%,1,0,1,0,1,0,0
0x507801,99.987%,1,7698,7699,7698,1,0,0
0x52af2c,99.9586%,1,2417,2418,2417,1,0,0
0x67fca4,0%,1,0,1,0,1,0,0
0x67fc59,0%,1,0,1,0,1,0,0
0x64d9f7,95.4545%,1,21,22,4,1,0,17
0x7abd2e,80%,1,4,5,4,1,0,0
0x5011a1,99.9651%,1,2868,2869,2868,1,0,0
0x4ca005,99.9492%,1,1968,1969,1276,0,1,692
0x505a7a,99.9952%,1,20660,20661,20660,1,0,0
0x5c4f8e,99.9828%,1,5819,5820,0,0,1,5819
0x4c2477,99.9515%,1,2062,2063,2062,1,0,0
0x67bb57,99.9586%,1,2416,2417,0,0,1,2416
0x6885fc,99.9587%,1,2418,2419,0,0,1,2418
0x67fb60,98.5714%,1,69,70,0,0,1,69
0x505989,99.984%,1,6244,6245,6244,1,0,0
0x67fdf4,0%,1,0,1,0,1,0,0
0x52f95a,99.8684%,1,759,760,759,1,0,0
0x7bd77c,99.9259%,1,1348,1349,15,1,0,1333
0x67fb04,0%,1,0,1,0,1,0,0
0x59e9c2,99.9966%,1,29015,29016,26597,1,0,2418
0x5bfe9c,0%,1,0,1,0,1,0,0
0x5bece6,0%,1,0,1,0,1,0,0
0x4c6792,99.9586%,1,2417,2418,706,0,1,1711
0x496954,99.9925%,1,13350,13351,13350,1,0,0
0x410e53,99.9609%,1,2558,2559,0,0,1,2558
0x410e41,99.4475%,1,180,181,0,0,1,180
0x4c1072,99.9516%,1,2064,2065,0,0,1,2064
0x4c177e,99.9586%,1,2416,2417,255,0,1,2161
0x5bec78,80%,1,4,5,4,0,1,0
0x5acd04,98.8889%,1,89,90,0,0,1,89
0x4cc65c,99.9781%,1,4562,4563,4562,1,0,0
0x7b391e,88.8889%,1,8,9,0,0,1,8
0x64a828,99.9908%,1,10818,10819,4651,0,1,6167
0x4c0200,99.9888%,1,8950,8951,0,0,1,8950
0x52fd0b,99.734%,1,375,376,47,0,1,328
0x5a36fb,99.9586%,1,2416,2417,2416,1,0,0
0x4ce499,99.9416%,1,1711,1712,0,0,1,1711
0x4c1702,99.9586%,1,2416,2417,2416,1,0,0
0x64d6ce,99.9908%,1,10818,10819,0,0,1,10818
0x4c8395,99.7778%,1,449,450,449,1,0,0
0x67f0eb,99.9064%,1,1067,1068,179,1,0,888
0x4c8356,99.7778%,1,449,450,449,1,0,0
0x410cd5,99.9711%,1,3457,3458,2757,1,0,700
0x50549a,99.9952%,1,20660,20661,0,0,1,20660
0x531672,99.9828%,1,5819,5820,0,0,1,5819
0x406b22,99.9756%,1,4092,4093,0,0,1,4092
0x5bec55,93.3333%,1,14,15,0,0,1,14
0x4c1eaf,99.9416%,1,1711,1712,0,0,1,1711
0x6ec690,99.9954%,1,21615,21616,21615,1,0,0
0x64da11,99.8236%,1,566,567,0,0,1,566
0x5d0356,93.3333%,1,14,15,0,0,1,14
0x4c127d,99.9586%,1,2416,2417,0,0,1,2416
0x7c96a0,99.9216%,1,1274,1275,1274,1,0,0
0x64dd1e,99.9924%,1,13235,13236,0,0,1,13235
0x4290df,99.9858%,1,7021,7022,7021,1,0,0
0x4c22f6,99.9586%,1,2417,2418,0,0,1,2417
0x67fc32,0%,1,0,1,0,1,0,0
0x64d697,99.9908%,1,10818,10819,10818,1,0,0
0x7a706b,80%,1,4,5,0,0,1,4
0x64dd2d,99.9924%,1,13235,13236,2417,0,1,10818
0x5bead2,93.3333%,1,14,15,0,0,1,14
0x59ea66,99.9587%,1,2418,2419,0,0,1,2418
0x7b3bf1,88.8889%,1,8,9,0,0,1,8
0x52fa33,99.9239%,1,1313,1314,146,0,1,1167
0x59ce45,99.9999%,1,726353,726354,725999,1,0,354
0x4c25fa,99.7175%,1,353,354,0,0,1,353
0x5bf4da,99.9651%,1,2867,2868,2866,1,0,1
0x7b31c9,99.932%,1,1470,1471,0,0,1,1470
0x52fa43,99.9144%,1,1167,1168,1167,1,0,0
0x495fe2,99.9586%,1,2416,2417,2416,1,0,0
0x67fe88,0%,1,0,1,0,0,1,0
0x7b390c,88.8889%,1,8,9,0,0,1,8
0x600216,99.8981%,1,980,981,91,0,1,889
0x4c6783,99.9586%,1,2417,2418,0,0,1,2417
0x7b304e,99.8267%,1,576,577,0,0,1,576
0x5055cc,99.9986%,1,71355,71356,62390,1,0,8965
0x42922a,99.9464%,1,1863,1864,1863,1,0,0
0x68dd95,99.96%,1,2499,2500,2499,1,0,0
0x4c1350,99.9586%,1,2416,2417,0,0,1,2416
0x4c17b2,99.9538%,1,2162,2163,2162,1,0,0
0x4f7109,99.9863%,1,7277,7278,7277,1,0,0
0x5bf699,99.9651%,1,2867,2868,1,0,1,2866
0x4c3d4a,80%,1,4,5,4,1,0,0
0x4c1826,99.9538%,1,2162,2163,0,0,1,2162
0x649a90,99.9514%,1,2058,2059,2058,1,0,0
0x4c0bfb,99.9516%,1,2064,2065,0,0,1,2064
0x4cd67b,99.9866%,1,7464,7465,0,0,1,7464
0x64a6e2,99.9064%,1,1067,1068,1067,1,0,0
0x4d08bf,99.7753%,1,444,445,0,0,1,444
0x4c3caa,80%,1,4,5,4,1,0,0
0x4c7a38,99.7753%,1,444,445,0,0,1,444
0x4ca8f2,99.7753%,1,444,445,0,0,1,444
0x4291a8,99.9858%,1,7021,7022,0,0,1,7021
0x649a20,99.9756%,1,4092,4093,4092,1,0,0
0x67e204,99.9586%,1,2416,2417,1972,1,0,444
0x5bf505,99.9651%,1,2866,2867,2866,1,0,0
0x4d0842,100%,0,445,445,445,0,0,0
0x4c1754,100%,0,2417,2417,0,0,0,2417
0x501232,100%,0,450,450,450,0,0,0
0x49644e,100%,0,2418,2418,2418,0,0,0
0x4c3e44,100%,0,445,445,445,0,0,0
0x59eb0c,100%,0,2419,2419,0,0,0,2419
0x4c1e59,100%,0,2418,2418,0,0,0,2418
0x4c530e,100%,0,2417,2417,2417,0,0,0
0x4c861d,100%,0,86,86,0,0,0,86
0x4c887c,100%,0,86,86,86,0,0,0
0x4c8985,100%,0,86,86,86,0,0,0
0x4968e0,100%,0,3317,3317,0,0,0,3317
0x4c79d6,100%,0,450,450,0,0,0,450
0x4968f9,100%,0,3317,3317,2417,0,0,900
0x4c0ddf,100%,0,706,706,706,0,0,0
0x5bec91,100%,0,1,1,0,0,0,1
0x527712,100%,0,2162,2162,2162,0,0,0
0x4968c7,100%,0,3317,3317,0,0,0,3317
0x68885c,100%,0,2417,2417,0,0,0,2417
0x5c8618,100%,0,90,90,90,0,0,0
0x496905,100%,0,2417,2417,2417,0,0,0
0x5ac556,100%,0,90,90,0,0,0,90
0x67b528,100%,0,1501,1501,0,0,0,1501
0x4ca0f7,100%,0,1969,1969,0,0,0,1969
0x4c14a4,100%,0,2417,2417,2417,0,0,0
0x7c9509,100%,0,5,5,0,0,0,5
0x4c1427,100%,0,2417,2417,0,0,0,2417
0x67bbc3,100%,0,2417,2417,0,0,0,2417
0x406b5a,100%,0,3690,3690,0,0,0,3690
0x7a6125,100%,0,5,5,0,0,0,5
0x5acd0b,100%,0,90,90,0,0,0,90
0x7b3806,100%,0,436,436,436,0,0,0
0x7a6136,100%,0,5,5,5,0,0,0
0x7a7028,100%,0,5,5,5,0,0,0
0x5bf4e6,100%,0,1,1,0,0,0,1
0x5ffc77,100%,0,1612,1612,1167,0,0,445
0x51325f,100%,0,2417,2417,0,0,0,2417
0x7a7039,100%,0,5,5,0,0,0,5
0x7b373b,100%,0,653,653,0,0,0,653
0x4f70ac,100%,0,1612,1612,0,0,0,1612
0x4c2307,100%,0,2418,2418,0,0,0,2418
0x5298fc,100%,0,706,706,0,0,0,706
0x47f75c,100%,0,90,90,90,0,0,0
0x67b361,100%,0,2034,2034,0,0,0,2034
0x4c0954,100%,0,2065,2065,0,0,0,2065
0x4bc358,100%,0,11477,11477,0,0,0,11477
0x4c676e,100%,0,2418,2418,0,0,0,2418
0x686a24,100%,0,444,444,444,0,0,0
0x4c763d,100%,0,450,450,450,0,0,0
0x64a7db,100%,0,10819,10819,2464,0,0,8355
0x4c9fb5,100%,0,2435,2435,0,0,0,2435
0x5139c7,100%,0,2419,2419,0,0,0,2419
0x40496d,100%,0,5,5,0,0,0,5
0x4cc541,100%,0,450,450,450,0,0,0
0x4c244b,100%,0,354,354,0,0,0,354
0x5ae090,100%,0,890,890,0,0,0,890
0x4cd7a1,100%,0,11,11,0,0,0,11
0x5beb2c,100%,0,15,15,15,0,0,0
0x59ebc0,100%,0,2418,2418,2418,0,0,0
0x64c56b,100%,0,2059,2059,0,0,0,2059
0x47f8b4,100%,0,90,90,90,0,0,0
0x4ce46c,100%,0,1712,1712,1712,0,0,0
0x5132e6,100%,0,534,534,0,0,0,534
0x4ce4a5,100%,0,1712,1712,0,0,0,1712
0x7a60a3,100%,0,5,5,0,0,0,5
0x7a60c4,100%,0,5,5,0,0,0,5
0x5ffff0,100%,0,2057,2057,0,0,0,2057
0x7a608d,100%,0,5,5,0,0,0,5
0x59c9ae,100%,0,445,445,0,0,0,445
0x4c4174,100%,0,450,450,0,0,0,450
0x530bd8,100%,0,445,445,445,0,0,0
0x7abd12,100%,0,5,5,0,0,0,5
0x4c133e,100%,0,2417,2417,0,0,0,2417
0x5ff81e,100%,0,445,445,445,0,0,0
0x5ffdf3,100%,0,632,632,632,0,0,0
0x7b1ad3,100%,0,15585,15585,0,0,0,15585
0x59cb4d,100%,0,444,444,444,0,0,0
0x5bf558,100%,0,2867,2867,0,0,0,2867
0x7abd06,100%,0,5,5,0,0,0,5
0x60040d,100%,0,445,445,0,0,0,445
0x4a3df4,100%,0,890,890,0,0,0,890
0x504c95,100%,0,790,790,790,0,0,0
0x5ac735,100%,0,90,90,0,0,0,90
0x52f6da,100%,0,53,53,53,0,0,0
0x52f985,100%,0,85,85,0,0,0,85
0x4c1d24,100%,0,2418,2418,2418,0,0,0
0x496943,100%,0,2417,2417,2417,0,0,0
0x67edb9,100%,0,888,888,0,0,0,888
0x4ff66d,100%,0,2100,2100,0,0,0,2100
0x67b367,100%,0,2034,2034,0,0,0,2034
0x52f98a,100%,0,85,85,0,0,0,85
0x52f992,100%,0,85,85,0,0,0,85
0x4c1316,100%,0,2417,2417,0,0,0,2417
0x52f6d2,100%,0,91,91,38,0,0,53
0x4c84f3,100%,0,86,86,86,0,0,0
0x7b1ba9,100%,0,15585,15585,0,0,0,15585
0x64999d,100%,0,2059,2059,0,0,0,2059
0x59c9f6,100%,0,354,354,0,0,0,354
0x4c87b8,100%,0,450,450,450,0,0,0
0x4c857b,100%,0,86,86,86,0,0,0
0x4cd6ab,100%,0,7465,7465,5444,0,0,2021
0x4c25cd,100%,0,354,354,0,0,0,354
0x5079e3,100%,0,2635,2635,535,0,0,2100
0x4c85e9,100%,0,86,86,0,0,0,86
0x410db2,100%,0,181,181,0,0,0,181
0x4c234b,100%,0,2417,2417,0,0,0,2417
0x5ac579,100%,0,90,90,0,0,0,90
0x687ac0,100%,0,1973,1973,1973,0,0,0
0x51326a,100%,0,2417,2417,0,0,0,2417
0x5c881b,100%,0,2418,2418,0,0,0,2418
0x4c22fb,100%,0,2418,2418,0,0,0,2418
0x410edb,100%,0,181,181,0,0,0,181
0x59e99a,100%,0,2418,2418,0,0,0,2418
0x47f7ca,100%,0,90,90,90,0,0,0
0x4f70b2,100%,0,1612,1612,0,0,0,1612
0x52c94c,100%,0,535,535,535,0,0,0
0x5136e3,100%,0,2417,2417,0,0,0,2417
0x67fb4d,100%,0,1,1,0,0,0,1
0x5d02eb,100%,0,15,15,0,0,0,15
0x507a11,100%,0,2100,2100,2100,0,0,0
0x68df80,100%,0,2500,2500,2500,0,0,0
0x59e9a6,100%,0,2418,2418,0,0,0,2418
0x4a3853,100%,0,444,444,444,0,0,0
0x52a62d,100%,0,536,536,0,0,0,536
0x4d0b7f,100%,0,2418,2418,2418,0,0,0
0x52f974,100%,0,85,85,0,0,0,85
0x5bef09,100%,0,15,15,15,0,0,0
0x5ffc9d,100%,0,1167,1167,0,0,0,1167
0x410ee5,100%,0,181,181,0,0,0,181
0x5bfc5b,100%,0,445,445,0,0,0,445
0x4ca7ee,100%,0,450,450,0,0,0,450
0x47f7a1,100%,0,90,90,0,0,0,90
0x4f6589,100%,0,1703,1703,0,0,0,1703
0x7fc22d,100%,0,9,9,0,0,0,9
0x7b37f9,100%,0,436,436,0,0,0,436
0x7fc233,100%,0,9,9,0,0,0,9
0x7fc235,100%,0,9,9,0,0,0,9
0x7b3929,100%,0,9,9,0,0,0,9
0x7b3ba6,100%,0,9,9,0,0,0,9
0x7c96c4,100%,0,5,5,0,0,0,5
0x5ca06d,100%,0,445,445,0,0,0,445
0x7b39e8,100%,0,9,9,0,0,0,9
0x52f664,100%,0,237,237,0,0,0,237
0x7b3797,100%,0,217,217,0,0,0,217
0x4c6da4,100%,0,450,450,0,0,0,450
0x4ca2a1,100%,0,2034,2034,2034,0,0,0
0x68691b,100%,0,444,444,0,0,0,444
0x4c1db9,100%,0,2418,2418,0,0,0,2418
0x7fc223,100%,0,9,9,0,0,0,9
0x7b3a31,100%,0,9,9,9,0,0,0
0x42913a,100%,0,7022,7022,7022,0,0,0
0x4c862b,100%,0,86,86,0,0,0,86
0x429192,100%,0,7022,7022,0,0,0,7022
0x6869ba,100%,0,5,5,5,0,0,0
0x679737,100%,0,5,5,5,0,0,0
0x52a1e1,100%,0,536,536,536,0,0,0
0x42924c,100%,0,1864,1864,0,0,0,1864
0x4c3d2a,100%,0,5,5,0,0,0,5
0x4c9fc2,100%,0,2435,2435,0,0,0,2435
0x67b667,100%,0,2435,2435,2435,0,0,0
0x64d907,100%,0,2846,2846,2801,0,0,45
0x7b575c,100%,0,15585,15585,15585,0,0,0
0x51304c,100%,0,2435,2435,2435,0,0,0
0x7b37dc,100%,0,436,436,0,0,0,436
0x4ca273,100%,0,65,65,0,0,0,65
0x600cce,100%,0,445,445,0,0,0,445
0x4ca287,100%,0,65,65,0,0,0,65
0x688652,100%,0,2419,2419,2419,0,0,0
0x687b60,100%,0,20,20,20,0,0,0
0x67977a,100%,0,534,534,534,0,0,0
0x4c410a,100%,0,450,450,0,0,0,450
0x688697,100%,0,2419,2419,0,0,0,2419
0x6869e1,100%,0,5,5,5,0,0,0
0x4ca901,100%,0,445,445,0,0,0,445
0x687b87,100%,0,20,20,20,0,0,0
0x7b1399,100%,0,220,220,0,0,0,220
0x52f9f7,100%,0,146,146,0,0,0,146
0x64c610,100%,0,65,65,65,0,0,0
0x52f90f,100%,0,237,237,0,0,0,237
0x52fa08,100%,0,146,146,0,0,0,146
0x52fa0d,100%,0,146,146,0,0,0,146
0x52fced,100%,0,47,47,0,0,0,47
0x7b38b9,100%,0,9,9,9,0,0,0
0x5c8813,100%,0,2418,2418,0,0,0,2418
0x7b3043,100%,0,577,577,0,0,0,577
0x5ac56b,100%,0,90,90,0,0,0,90
0x68df72,100%,0,2500,2500,0,0,0,2500
0x4be502,100%,0,444,444,0,0,0,444
0x59cd40,100%,0,445,445,0,0,0,445
0x7b3916,100%,0,9,9,0,0,0,9
0x429094,100%,0,533,533,0,0,0,533
0x7b3069,100%,0,577,577,577,0,0,0
0x4cd968,100%,0,2996,2996,0,0,0,2996
0x4290b6,100%,0,1864,1864,0,0,0,1864
0x529943,100%,0,706,706,706,0,0,0
0x59ce4f,100%,0,354,354,0,0,0,354
0x529b63,100%,0,706,706,0,0,0,706
0x429252,100%,0,1864,1864,0,0,0,1864
0x529c12,100%,0,706,706,706,0,0,0
0x679710,100%,0,5,5,5,0,0,0
0x5010cf,100%,0,2,2,0,0,0,2
0x5c4e9a,100%,0,450,450,0,0,0,450
0x5bfb92,100%,0,450,450,450,0,0,0
0x5bfbac,100%,0,450,450,0,0,0,450
0x5fff2e,100%,0,6,6,0,0,0,6
0x4cc52f,100%,0,5013,5013,4563,0,0,450
0x7b3a23,100%,0,9,9,0,0,0,9
0x5ae0a7,100%,0,890,890,0,0,0,890
0x67fd9d,100%,0,1,1,0,0,0,1
0x4cc576,100%,0,4563,4563,4563,0,0,0
0x5c8a20,100%,0,1712,1712,0,0,0,1712
0x4cc6d7,100%,0,4563,4563,4563,0,0,0
0x5bebff,100%,0,1,1,0,0,0,1
0x4c3ed5,100%,0,450,450,450,0,0,0
0x4c3f5b,100%,0,450,450,0,0,0,450
0x4c0878,100%,0,2065,2065,0,0,0,2065
0x52a997,100%,0,2418,2418,2418,0,0,0
0x4c3cf5,100%,0,450,450,445,0,0,5
0x4c3d89,100%,0,445,445,0,0,0,445
0x7b3bb2,100%,0,9,9,9,0,0,0
0x4c420c,100%,0,354,354,354,0,0,0
0x4ca814,100%,0,450,450,0,0,0,450
0x59d96a,100%,0,890,890,0,0,0,890
0x5ffc44,100%,0,1612,1612,0,0,0,1612
0x52f920,100%,0,237,237,0,0,0,237
0x52f774,100%,0,47,47,47,0,0,0
0x52fd49,100%,0,237,237,237,0,0,0
0x4c84a7,100%,0,536,536,0,0,0,536
0x4d0aca,100%,0,2418,2418,2418,0,0,0
0x4cc4ce,100%,0,450,450,0,0,0,450
0x5256c7,100%,0,706,706,706,0,0,0
0x4ca27c,100%,0,65,65,0,0,0,65
0x5fffb6,100%,0,1612,1612,0,0,0,1612
0x5fffea,100%,0,2057,2057,0,0,0,2057
0x600009,100%,0,1612,1612,1612,0,0,0
0x67fb92,100%,0,1,1,1,0,0,0
0x5ffc33,100%,0,1612,1612,0,0,0,1612
0x5ae1e4,100%,0,890,890,890,0,0,0
0x5ff927,100%,0,445,445,0,0,0,445
0x5ffc69,100%,0,1612,1612,1612,0,0,0
0x4f6591,100%,0,1703,1703,1703,0,0,0
0x4f65b6,100%,0,1703,1703,1167,0,0,536
0x52f9a3,100%,0,425,425,85,0,0,340
0x5316cc,100%,0,2163,2163,0,0,0,2163
0x67fce7,100%,0,1,1,0,0,0,1
0x4f6626,100%,0,1703,1703,1167,0,0,536
0x52fa15,100%,0,146,146,0,0,0,146
0x4c1d52,100%,0,2418,2418,0,0,0,2418
0x4f70cc,100%,0,1612,1612,0,0,0,1612
0x529851,100%,0,1060,1060,706,0,0,354
0x67fd53,100%,0,1,1,0,0,0,1
0x529905,100%,0,706,706,706,0,0,0
0x52993c,100%,0,706,706,0,0,0,706
0x4c1f7f,100%,0,1712,1712,1712,0,0,0
0x406947,100%,0,2059,2059,0,0,0,2059
0x4ca206,100%,0,65,65,65,0,0,0
0x5ac5a0,100%,0,90,90,0,0,0,90
0x5ac5b0,100%,0,90,90,0,0,0,90
0x4ba927,100%,0,1712,1712,0,0,0,1712
0x5ac5e0,100%,0,90,90,0,0,0,90
0x52fcfa,100%,0,47,47,0,0,0,47
0x4c275e,100%,0,354,354,354,0,0,0
0x5ac639,100%,0,90,90,0,0,0,90
0x64dd3a,100%,0,8319,8319,0,0,0,8319
0x5ac6f8,100%,0,90,90,90,0,0,0
0x7b3b79,100%,0,9,9,0,0,0,9
0x4d081d,100%,0,445,445,0,0,0,445
0x4c0781,100%,0,2065,2065,0,0,0,2065
0x4a2f38,100%,0,445,445,0,0,0,445
0x4c082b,100%,0,2065,2065,0,0,0,2065
0x49634c,100%,0,2419,2419,0,0,0,2419
0x5bfe52,100%,0,2065,2065,0,0,0,2065
0x4cd80c,100%,0,2996,2996,2996,0,0,0
0x5acce0,100%,0,90,90,0,0,0,90
0x4c089a,100%,0,2065,2065,2065,0,0,0
0x5ca033,100%,0,445,445,0,0,0,445
0x4c08f3,100%,0,2065,2065,0,0,0,2065
0x4c092d,100%,0,2065,2065,0,0,0,2065
0x59ca83,100%,0,444,444,444,0,0,0
0x5297a9,100%,0,2419,2419,0,0,0,2419
0x4be4c0,100%,0,445,445,0,0,0,445
0x529d33,100%,0,706,706,706,0,0,0
0x5297e2,100%,0,2419,2419,1060,0,0,1359
0x67ba9b,100%,0,533,533,0,0,0,533
0x4c3f21,100%,0,450,450,0,0,0,450
0x5ffe43,100%,0,445,445,0,0,0,445
0x4c7836,100%,0,450,450,450,0,0,0
0x5bf5fe,100%,0,2868,2868,2868,0,0,0
0x52fcf2,100%,0,47,47,0,0,0,47
0x64d94e,100%,0,109,109,0,0,0,109
0x5ac3b9,100%,0,90,90,0,0,0,90
0x64d961,100%,0,109,109,20,0,0,89
0x40f421,100%,0,90,90,90,0,0,0
0x64d97b,100%,0,112,112,0,0,0,112
0x4a35b9,100%,0,444,444,0,0,0,444
0x64d81d,100%,0,90,90,90,0,0,0
0x5ac387,100%,0,90,90,0,0,0,90
0x4c6f17,100%,0,450,450,0,0,0,450
0x513aec,100%,0,2419,2419,0,0,0,2419
0x461666,100%,0,2034,2034,0,0,0,2034
0x5ac392,100%,0,90,90,0,0,0,90
0x5ac550,100%,0,90,90,0,0,0,90
0x4cd8a4,100%,0,2996,2996,0,0,0,2996
0x4c0c85,100%,0,2065,2065,0,0,0,2065
0x67e918,100%,0,2034,2034,1969,0,0,65
0x5bedcf,100%,0,5,5,5,0,0,0
0x67e975,100%,0,1969,1969,1969,0,0,0
0x64c562,100%,0,2059,2059,0,0,0,2059
0x4ca819,100%,0,450,450,0,0,0,450
0x7b3707,100%,0,5,5,5,0,0,0
0x4ca086,100%,0,1969,1969,1969,0,0,0
0x64c67a,100%,0,2059,2059,2059,0,0,0
0x64c6a8,100%,0,2059,2059,0,0,0,2059
0x7b2f7a,100%,0,21616,21616,0,0,0,21616
0x7b141a,100%,0,111,111,111,0,0,0
0x5d7676,100%,0,6173,6173,0,0,0,6173
0x4c0c47,100%,0,2065,2065,2065,0,0,0
0x68e020,100%,0,25,25,25,0,0,0
0x5ffc86,100%,0,1167,1167,0,0,0,1167
0x4c0c77,100%,0,2065,2065,0,0,0,2065
0x68e047,100%,0,25,25,25,0,0,0
0x4c9e72,100%,0,4469,4469,0,0,0,4469
0x4c0ca5,100%,0,2065,2065,2065,0,0,0
0x5139e0,100%,0,2419,2419,0,0,0,2419
0x4c240d,100%,0,354,354,0,0,0,354
0x67b4cf,100%,0,1501,1501,0,0,0,1501
0x5c7fdb,100%,0,445,445,0,0,0,445
0x67b537,100%,0,1501,1501,0,0,0,1501
0x4c0c3d,100%,0,2065,2065,0,0,0,2065
0x529ca1,100%,0,706,706,693,0,0,13
0x7b337d,100%,0,124,124,124,0,0,0
0x4ca16c,100%,0,65,65,0,0,0,65
0x513a32,100%,0,2419,2419,2419,0,0,0
0x496445,100%,0,2418,2418,0,0,0,2418
0x4ca186,100%,0,65,65,65,0,0,0
0x4c7d87,100%,0,450,450,0,0,0,450
0x52f5d3,100%,0,375,375,0,0,0,375
0x4c0eb8,100%,0,2065,2065,0,0,0,2065
0x4c1067,100%,0,2065,2065,0,0,0,2065
0x64d702,100%,0,10819,10819,90,0,0,10729
0x4c10a7,100%,0,2065,2065,0,0,0,2065
0x4ca254,100%,0,65,65,0,0,0,65
0x7a607a,100%,0,5,5,0,0,0,5
0x5c8645,100%,0,162,162,81,0,0,81
0x529879,100%,0,1359,1359,1359,0,0,0
0x7c952a,100%,0,5,5,5,0,0,0
0x5298bb,100%,0,1359,1359,1359,0,0,0
0x4c0b13,100%,0,2065,2065,2065,0,0,0
0x4c0bb0,100%,0,2065,2065,2065,0,0,0
0x7b3bf6,100%,0,9,9,0,0,0,9
0x7b31a8,100%,0,1246,1246,0,0,0,1246
0x4c1d95,100%,0,2418,2418,0,0,0,2418
0x4c0c16,100%,0,2065,2065,0,0,0,2065
0x4d0774,100%,0,2419,2419,0,0,0,2419
0x5acce9,100%,0,90,90,0,0,0,90
0x4d0878,100%,0,445,445,445,0,0,0
0x5acd1d,100%,0,90,90,90,0,0,0
0x5c8613,100%,0,90,90,0,0,0,90
0x4ca1cf,100%,0,65,65,0,0,0,65
0x5acd53,100%,0,90,90,9,0,0,81
0x4d07f1,100%,0,2419,2419,0,0,0,2419
0x59ea74,100%,0,2419,2419,2419,0,0,0
0x40f485,100%,0,90,90,0,0,0,90
0x4d080b,100%,0,2419,2419,1974,0,0,445
0x47f89b,100%,0,90,90,0,0,0,90
0x52ac0f,100%,0,1712,1712,1712,0,0,0
0x59f64f,100%,0,2419,2419,0,0,0,2419
0x47f8a7,100%,0,90,90,0,0,0,90
0x67eef9,100%,0,534,534,0,0,0,534
0x59f21b,100%,0,2419,2419,0,0,0,2419
0x59f229,100%,0,2419,2419,0,0,0,2419
0x68d870,100%,0,20,20,20,0,0,0
0x4a39ad,100%,0,444,444,444,0,0,0
0x7b33c8,100%,0,124,124,124,0,0,0
0x7b3934,100%,0,9,9,0,0,0,9
0x5ffb43,100%,0,445,445,0,0,0,445
0x4ca012,100%,0,693,693,603,0,0,90
0x512b2d,100%,0,2034,2034,2034,0,0,0
0x5ffb7c,100%,0,445,445,0,0,0,445
0x40f442,100%,0,90,90,90,0,0,0
0x4ca267,100%,0,65,65,0,0,0,65
0x59cd51,100%,0,445,445,0,0,0,445
0x4c166f,100%,0,2417,2417,2417,0,0,0
0x406cbf,100%,0,3527,3527,0,0,0,3527
0x5ffd45,100%,0,535,535,0,0,0,535
0x5ffd67,100%,0,445,445,0,0,0,445
0x5ac5db,100%,0,90,90,0,0,0,90
0x7a7064,100%,0,5,5,0,0,0,5
0x5ffd8b,100%,0,445,445,0,0,0,445
0x5ffb29,100%,0,445,445,0,0,0,445
0x5ffda0,100%,0,445,445,0,0,0,445
0x5ffdc5,100%,0,445,445,445,0,0,0
0x4e2827,100%,0,90,90,0,0,0,90
0x504c5d,100%,0,790,790,790,0,0,0
0x4ca7c7,100%,0,445,445,0,0,0,445
0x7a7016,100%,0,5,5,0,0,0,5
0x649a4c,100%,0,4093,4093,2034,0,0,2059
0x5ffe12,100%,0,445,445,0,0,0,445
0x59d386,100%,0,445,445,0,0,0,445
0x649a13,100%,0,4093,4093,0,0,0,4093
0x59d36a,100%,0,445,445,0,0,0,445
0x6499f7,100%,0,4093,4093,4093,0,0,0
0x59f4bf,100%,0,2419,2419,2419,0,0,0
0x4f70c3,100%,0,1612,1612,0,0,0,1612
0x512b1c,100%,0,2034,2034,0,0,0,2034
0x4c682b,100%,0,445,445,445,0,0,0
0x4c6d97,100%,0,450,450,0,0,0,450
0x4c6d4c,100%,0,450,450,0,0,0,450
0x52fcdc,100%,0,47,47,0,0,0,47
0x4c6d3c,100%,0,450,450,0,0,0,450
0x4c6d2e,100%,0,450,450,0,0,0,450
0x4c6bcf,100%,0,450,450,450,0,0,0
0x5ff7a5,100%,0,445,445,0,0,0,445
0x4c6bc3,100%,0,450,450,0,0,0,450
0x4c6b7c,100%,0,450,450,450,0,0,0
0x4c6b69,100%,0,450,450,0,0,0,450
0x5bed6e,100%,0,1,1,0,0,0,1
0x4c69d1,100%,0,450,450,450,0,0,0
0x4c68bb,100%,0,450,450,0,0,0,450
0x4a2dab,100%,0,445,445,445,0,0,0
0x4c6851,100%,0,445,445,0,0,0,445
0x67e320,100%,0,1973,1973,0,0,0,1973
0x5ae1cb,100%,0,890,890,0,0,0,890
0x4cae0e,100%,0,445,445,445,0,0,0
0x4cae04,100%,0,445,445,0,0,0,445
0x4cadf3,100%,0,445,445,0,0,0,445
0x4968fe,100%,0,900,900,900,0,0,0
0x59c998,100%,0,445,445,0,0,0,445
0x4caa58,100%,0,450,450,450,0,0,0
0x4ca99e,100%,0,450,450,0,0,0,450
0x4ca922,100%,0,445,445,0,0,0,445
0x600cd7,100%,0,445,445,0,0,0,445
0x5ae0ad,100%,0,890,890,890,0,0,0
0x4bc308,100%,0,14828,14828,0,0,0,14828
0x687bf8,100%,0,1973,1973,0,0,0,1973
0x4c6b77,100%,0,450,450,0,0,0,450
0x59cd69,100%,0,445,445,0,0,0,445
0x7b375f,100%,0,653,653,0,0,0,653
0x5134fd,100%,0,534,534,534,0,0,0
0x4c7dc2,100%,0,450,450,450,0,0,0
0x67966b,100%,0,534,534,0,0,0,534
0x4cd65b,100%,0,7465,7465,0,0,0,7465
0x4cab6b,100%,0,450,450,450,0,0,0
0x504d36,100%,0,790,790,0,0,0,790
0x5c5a5b,100%,0,8951,8951,0,0,0,8951
0x5bf6a7,100%,0,2867,2867,2867,0,0,0
0x4a38f1,100%,0,1332,1332,888,0,0,444
0x59eb36,100%,0,2419,2419,0,0,0,2419
0x513033,100%,0,2435,2435,0,0,0,2435
0x5ac562,100%,0,90,90,0,0,0,90
0x4c7cb3,100%,0,450,450,450,0,0,0
0x5ffceb,100%,0,1167,1167,632,0,0,535
0x5bf893,100%,0,5861,5861,0,0,0,5861
0x5ac5f6,100%,0,90,90,90,0,0,0
0x7a707c,100%,0,5,5,5,0,0,0
0x5c8707,100%,0,6245,6245,0,0,0,6245
0x59cd74,100%,0,445,445,0,0,0,445
0x59cdbd,100%,0,726354,726354,0,0,0,726354
0x40f418,100%,0,90,90,0,0,0,90
0x4c239f,100%,0,2417,2417,2417,0,0,0
0x600ce4,100%,0,445,445,0,0,0,445
0x51383d,100%,0,2417,2417,2417,0,0,0
0x7bd7f5,100%,0,16,16,0,0,0,16
0x47f7aa,100%,0,360,360,270,0,0,90
0x687abb,100%,0,1973,1973,0,0,0,1973
0x7a6105,100%,0,5,5,0,0,0,5
0x5ca063,100%,0,445,445,0,0,0,445
0x5ffe62,100%,0,445,445,0,0,0,445
0x5ffe25,100%,0,445,445,445,0,0,0
0x4c7f70,100%,0,450,450,450,0,0,0
0x525857,100%,0,445,445,0,0,0,445
0x59c9d2,100%,0,445,445,0,0,0,445
0x5c7fd5,100%,0,445,445,0,0,0,445
0x4caa92,100%,0,450,450,450,0,0,0
0x5bfc89,100%,0,5387,5387,0,0,0,5387
0x4a32ed,100%,0,445,445,0,0,0,445
0x4c9fa7,100%,0,4469,4469,1969,0,0,2500
0x52f9b3,100%,0,340,340,340,0,0,0
0x59c96c,100%,0,445,445,0,0,0,445
0x7b1403,100%,0,111,111,0,0,0,111
0x525887,100%,0,445,445,0,0,0,445
0x5c8710,100%,0,6245,6245,0,0,0,6245
0x410da6,100%,0,181,181,0,0,0,181
0x4a2d6c,100%,0,445,445,0,0,0,445
0x4a30a2,100%,0,273,273,273,0,0,0
0x59c979,100%,0,445,445,0,0,0,445
0x513365,100%,0,534,534,0,0,0,534
0x4a2f21,100%,0,445,445,0,0,0,445
0x4cd97a,100%,0,2996,2996,2996,0,0,0
0x7a6116,100%,0,5,5,5,0,0,0
0x496063,100%,0,2417,2417,0,0,0,2417
0x59c97e,100%,0,445,445,0,0,0,445
0x59c98f,100%,0,445,445,0,0,0,445
0x59c99d,100%,0,445,445,0,0,0,445
0x4c6766,100%,0,2418,2418,0,0,0,2418
0x52f76c,100%,0,47,47,0,0,0,47
0x59d9b4,100%,0,445,445,0,0,0,445
0x5ffcad,100%,0,1167,1167,0,0,0,1167
0x5ca0aa,100%,0,445,445,0,0,0,445
0x5ac127,100%,0,536,536,0,0,0,536
0x5ac120,100%,0,536,536,0,0,0,536
0x4f662a,100%,0,536,536,0,0,0,536
0x5077d5,100%,0,8039,8039,340,0,0,7699
0x4f65ba,100%,0,536,536,0,0,0,536
0x5c8658,100%,0,81,81,81,0,0,0
0x4c7c98,100%,0,450,450,0,0,0,450
0x64d98e,100%,0,112,112,0,0,0,112
0x52a5c3,100%,0,536,536,536,0,0,0
0x4c84ed,100%,0,86,86,0,0,0,86
0x52a5be,100%,0,536,536,0,0,0,536
0x52a5b9,100%,0,536,536,0,0,0,536
0x5ab99a,100%,0,534,534,0,0,0,534
0x530c35,100%,0,445,445,0,0,0,445
0x5ca0d1,100%,0,4993,4993,0,0,0,4993
0x59d99e,100%,0,890,890,445,0,0,445
0x4be4c9,100%,0,445,445,0,0,0,445
0x5ca081,100%,0,445,445,0,0,0,445
0x5ca078,100%,0,445,445,0,0,0,445
0x5ca025,100%,0,445,445,0,0,0,445
0x4dde95,100%,0,445,445,0,0,0,445
0x5ae475,100%,0,4103,4103,4103,0,0,0
0x5ae465,100%,0,4548,4548,445,0,0,4103
0x5ae44c,100%,0,445,445,0,0,0,445
0x410d1f,100%,0,700,700,0,0,0,700
0x59c9d9,100%,0,445,445,0,0,0,445
0x504fb9,100%,0,790,790,790,0,0,0
0x4ff5af,100%,0,2100,2100,2100,0,0,0
0x6003f4,100%,0,445,445,0,0,0,445
0x507a82,100%,0,2100,2100,2100,0,0,0
0x4d099d,100%,0,445,445,0,0,0,445
0x5ffd1d,100%,0,445,445,445,0,0,0
0x4a3cae,100%,0,1335,1335,1335,0,0,0
0x4a3ca2,100%,0,1335,1335,0,0,0,1335
0x4a3c98,100%,0,1335,1335,0,0,0,1335
0x6003fc,100%,0,445,445,0,0,0,445
0x4a3c90,100%,0,1335,1335,0,0,0,1335
0x59d811,100%,0,890,890,890,0,0,0
0x59d361,100%,0,445,445,0,0,0,445
0x59d33a,100%,0,445,445,0,0,0,445
0x59cd5c,100%,0,445,445,0,0,0,445
0x59d331,100%,0,445,445,0,0,0,445
0x59d978,100%,0,890,890,0,0,0,890
0x4a2fa2,100%,0,718,718,0,0,0,718
0x4a2f9c,100%,0,718,718,0,0,0,718
0x5ff69a,100%,0,445,445,445,0,0,0
0x4a2f2e,100%,0,445,445,0,0,0,445
0x5c8765,100%,0,4556,4556,3941,0,0,615
0x4c8574,100%,0,86,86,0,0,0,86
0x4c224f,100%,0,445,445,445,0,0,0
0x4c84c7,100%,0,536,536,0,0,0,536
0x4c84bf,100%,0,536,536,0,0,0,536
0x524d5a,100%,0,536,536,0,0,0,536
0x4c83fe,100%,0,445,445,0,0,0,445
0x4c83dc,100%,0,445,445,0,0,0,445
0x5a2f01,100%,0,534,534,0,0,0,534
0x47f753,100%,0,360,360,270,0,0,90
0x4c8378,100%,0,450,450,450,0,0,0
0x4a3078,100%,0,445,445,0,0,0,445
0x4c2606,100%,0,354,354,0,0,0,354
0x5beab6,100%,0,15,15,15,0,0,0
0x5ac147,100%,0,536,536,0,0,0,536
0x4c9473,100%,0,4563,4563,4563,0,0,0
0x7fc23d,100%,0,9,9,0,0,0,9
0x4c7a56,100%,0,445,445,0,0,0,445
0x5a311a,100%,0,534,534,0,0,0,534
0x4c7a28,100%,0,445,445,0,0,0,445
0x825055,100%,0,9,9,0,0,0,9
0x52cab7,100%,0,4638,4638,4638,0,0,0
0x52ca4b,100%,0,4638,4638,4638,0,0,0
0x52c942,100%,0,535,535,0,0,0,535
0x4a2d57,100%,0,445,445,0,0,0,445
0x4c79e6,100%,0,450,450,0,0,0,450
0x52c92e,100%,0,535,535,0,0,0,535
0x4c79b5,100%,0,450,450,0,0,0,450
0x4c94ac,100%,0,4563,4563,4563,0,0,0
0x410d71,100%,0,90,90,0,0,0,90
0x5c86df,100%,0,6245,6245,0,0,0,6245
0x4c7a61,100%,0,445,445,0,0,0,445
0x4c9443,100%,0,4563,4563,4563,0,0,0
0x7fc247,100%,0,9,9,0,0,0,9
0x4c931e,100%,0,450,450,450,0,0,0
0x4c9046,100%,0,450,450,450,0,0,0
0x4c903d,100%,0,450,450,0,0,0,450
0x4c901f,100%,0,450,450,0,0,0,450
0x4c762b,100%,0,450,450,0,0,0,450
0x40f48e,100%,0,90,90,90,0,0,0
0x4c8165,100%,0,450,450,0,0,0,450
0x4c75bb,100%,0,450,450,450,0,0,0
0x4c6eff,100%,0,450,450,0,0,0,450
0x4c6ee7,100%,0,450,450,0,0,0,450
0x4c6dd8,100%,0,450,450,0,0,0,450
0x4c6dbe,100%,0,450,450,0,0,0,450
0x525893,100%,0,445,445,0,0,0,445
0x5c875d,100%,0,4556,4556,0,0,0,4556
0x4a2cd2,100%,0,445,445,0,0,0,445
0x5c873e,100%,0,6245,6245,0,0,0,6245
0x5ac623,100%,0,90,90,0,0,0,90
0x4a2cf9,100%,0,718,718,445,0,0,273
0x5ff622,100%,0,445,445,0,0,0,445
0x5c8716,100%,0,6245,6245,0,0,0,6245
0x5ff631,100%,0,445,445,0,0,0,445
0x5c86cc,100%,0,6245,6245,0,0,0,6245
0x52a692,100%,0,536,536,536,0,0,0
0x4ff664,100%,0,2100,2100,0,0,0,2100
0x505977,100%,0,8965,8965,2720,0,0,6245
0x4bde57,100%,0,444,444,0,0,0,444
0x504c3d,100%,0,790,790,790,0,0,0
0x504bfb,100%,0,790,790,790,0,0,0
0x5ff611,100%,0,445,445,0,0,0,445
0x504bb1,100%,0,790,790,0,0,0,790
0x504baa,100%,0,790,790,0,0,0,790
0x7bd782,100%,0,1333,1333,0,0,0,1333
0x4ca1c4,100%,0,65,65,0,0,0,65
0x504cb9,100%,0,790,790,790,0,0,0
0x50528e,100%,0,790,790,0,0,0,790
0x505288,100%,0,790,790,0,0,0,790
0x410cde,100%,0,700,700,700,0,0,0
0x52a320,100%,0,536,536,0,0,0,536
0x52a181,100%,0,536,536,536,0,0,0
0x7bd798,100%,0,1333,1333,0,0,0,1333
0x4c7c6d,100%,0,450,450,0,0,0,450
0x4c7c66,100%,0,450,450,0,0,0,450
0x4c7a8a,100%,0,445,445,445,0,0,0
0x5ffd38,100%,0,535,535,0,0,0,535
0x5ffa8c,100%,0,445,445,0,0,0,445
0x52985a,100%,0,354,354,354,0,0,0
0x7c94c9,100%,0,232,232,0,0,0,232
0x4a2d02,100%,0,273,273,273,0,0,0
0x4a32d7,100%,0,445,445,0,0,0,445
0x4c258e,100%,0,354,354,354,0,0,0
0x4c25df,100%,0,354,354,354,0,0,0
0x5fffa2,100%,0,1612,1612,1612,0,0,0
0x52768e,100%,0,3390,3390,972,0,0,2418
0x4c20c6,100%,0,2418,2418,0,0,0,2418
0x527696,100%,0,2418,2418,2418,0,0,0
0x52a335,100%,0,536,536,536,0,0,0
0x4c25f5,100%,0,354,354,0,0,0,354
0x4c142b,100%,0,2417,2417,2417,0,0,0
0x67e4ef,100%,0,444,444,444,0,0,0
0x4c0788,100%,0,2065,2065,0,0,0,2065
0x59e811,100%,0,2418,2418,2418,0,0,0
0x4eedfc,100%,0,437,437,0,0,0,437
0x5299b8,100%,0,706,706,706,0,0,0
0x410dbe,100%,0,181,181,0,0,0,181
0x507a07,100%,0,2100,2100,0,0,0,2100
0x600222,100%,0,890,890,445,0,0,445
0x52af24,100%,0,2418,2418,0,0,0,2418
0x67e109,100%,0,2417,2417,2417,0,0,0
0x5ac14b,100%,0,536,536,0,0,0,536
0x4a3083,100%,0,718,718,0,0,0,718
0x4a3099,100%,0,718,718,445,0,0,273
0x600430,100%,0,445,445,0,0,0,445
0x52f66f,100%,0,237,237,237,0,0,0
0x4c1d1a,100%,0,2418,2418,0,0,0,2418
0x4c67e1,100%,0,1973,1973,1973,0,0,0
0x4c1df8,100%,0,2418,2418,2418,0,0,0
0x5a2ef8,100%,0,534,534,0,0,0,534
0x5ffc7c,100%,0,445,445,445,0,0,0
0x4be4a2,100%,0,445,445,0,0,0,445
0x7b39d2,100%,0,9,9,0,0,0,9
0x64dd6d,100%,0,10819,10819,10729,0,0,90
0x7b13a8,100%,0,220,220,220,0,0,0
0x5fffd0,100%,0,1612,1612,0,0,0,1612
0x67947d,100%,0,534,534,534,0,0,0
0x4c1855,100%,0,2163,2163,0,0,0,2163
0x7a60f8,100%,0,5,5,0,0,0,5
0x4c3f1b,100%,0,450,450,0,0,0,450
0x5d03b4,100%,0,15,15,15,0,0,0
0x5becc9,100%,0,1,1,0,0,0,1
0x5a3091,100%,0,534,534,0,0,0,534
0x67f06e,100%,0,534,534,534,0,0,0
0x4ca113,100%,0,1969,1969,1969,0,0,0
0x52fd1b,100%,0,329,329,329,0,0,0
0x688a35,100%,0,2417,2417,0,0,0,2417
0x5c86d9,100%,0,6245,6245,0,0,0,6245
0x4c2405,100%,0,354,354,0,0,0,354
0x4c1e6e,100%,0,2418,2418,0,0,0,2418
0x64d921,100%,0,182,182,0,0,0,182
0x4c3e89,100%,0,1972,1972,0,0,0,1972
0x4c2160,100%,0,2418,2418,2418,0,0,0
0x4c1ec6,100%,0,1712,1712,0,0,0,1712
0x4c2418,100%,0,354,354,0,0,0,354
0x4c2431,100%,0,354,354,0,0,0,354
0x500ce3,100%,0,13982,13982,13982,0,0,0
0x4113db,100%,0,1152,1152,13,0,0,1139
0x4c251f,100%,0,354,354,354,0,0,0
0x5bee2d,100%,0,15,15,15,0,0,0
0x4c26c9,100%,0,354,354,0,0,0,354
0x4c26db,100%,0,354,354,354,0,0,0
0x4cda23,100%,0,2996,2996,2996,0,0,0
0x67fcf2,100%,0,1,1,0,0,0,1
0x64d9e4,100%,0,22,22,0,0,0,22
0x4c1360,100%,0,2417,2417,2417,0,0,0
0x4c1ff5,100%,0,2418,2418,0,0,0,2418
0x4ca043,100%,0,1969,1969,0,0,0,1969
0x64c637,100%,0,65,65,65,0,0,0
0x64d934,100%,0,182,182,118,0,0,64
0x505b71,100%,0,260,260,0,0,0,260
0x52a87a,100%,0,2418,2418,2418,0,0,0
0x64da24,100%,0,567,567,360,0,0,207
0x59cde0,100%,0,726354,726354,0,0,0,726354
0x4c287d,100%,0,2063,2063,2063,0,0,0
0x68df7b,100%,0,2500,2500,0,0,0,2500
0x513291,100%,0,2417,2417,0,0,0,2417
0x4a3ac8,100%,0,444,444,444,0,0,0
0x5ff68a,100%,0,445,445,0,0,0,445
0x68d908,100%,0,1969,1969,0,0,0,1969
0x505ba7,100%,0,437,437,177,0,0,260
0x505bb5,100%,0,177,177,177,0,0,0
0x410ed2,100%,0,181,181,0,0,0,181
0x4d0a78,100%,0,2418,2418,2418,0,0,0
0x64c570,100%,0,2059,2059,2059,0,0,0
0x4cd789,100%,0,11,11,0,0,0,11
0x5beae0,100%,0,15,15,15,0,0,0
0x4c0e90,100%,0,2065,2065,0,0,0,2065
0x7b34af,100%,0,5496,5496,0,0,0,5496
0x67faec,100%,0,444,444,0,0,0,444
0x7b1b84,100%,0,8291,8291,8291,0,0,0
0x59d3ed,100%,0,445,445,0,0,0,445
0x4113d5,100%,0,1152,1152,0,0,0,1152
0x4caba5,100%,0,450,450,450,0,0,0
0x59d3f8,100%,0,445,445,0,0,0,445
0x4c3e24,100%,0,445,445,0,0,0,445
0x4ba8f4,100%,0,1712,1712,0,0,0,1712
0x67b659,100%,0,2435,2435,0,0,0,2435
0x4d0bd4,100%,0,2418,2418,0,0,0,2418
0x59d3ff,100%,0,445,445,445,0,0,0
0x5316b7,100%,0,2163,2163,0,0,0,2163
0x4c2785,100%,0,354,354,354,0,0,0
0x7b14c3,100%,0,114,114,114,0,0,0
0x7a6ffc,100%,0,5,5,0,0,0,5
0x4d08f4,100%,0,445,445,445,0,0,0
0x4c262c,100%,0,354,354,0,0,0,354
0x5132ff,100%,0,534,534,0,0,0,534
0x4c20d1,100%,0,2418,2418,0,0,0,2418
0x4c264d,100%,0,354,354,0,0,0,354
0x4c1c63,100%,0,2418,2418,2418,0,0,0
0x4c26b8,100%,0,354,354,0,0,0,354
0x4c1d83,100%,0,2418,2418,2418,0,0,0
0x5c5a94,100%,0,4482,4482,0,0,0,4482
0x505bad,100%,0,260,260,260,0,0,0
0x4cd6d6,100%,0,2021,2021,2021,0,0,0
0x52f929,100%,0,237,237,0,0,0,237
0x4c1e8a,100%,0,2418,2418,706,0,0,1712
0x6797a8,100%,0,534,534,0,0,0,534
0x4c815f,100%,0,450,450,0,0,0,450
0x5316d4,100%,0,2163,2163,0,0,0,2163
0x4c9430,100%,0,5013,5013,0,0,0,5013
0x67e2b7,100%,0,444,444,444,0,0,0
0x59ca0e,100%,0,354,354,354,0,0,0
0x4be484,100%,0,445,445,0,0,0,445
0x4f6c8b,100%,0,270,270,0,0,0,270
0x529d07,100%,0,706,706,0,0,0,706
0x51336a,100%,0,534,534,534,0,0,0
0x4a38d5,100%,0,444,444,0,0,0,444
0x52a392,100%,0,536,536,536,0,0,0
0x4a3906,100%,0,444,444,0,0,0,444
0x67bbbb,100%,0,2417,2417,0,0,0,2417
0x59ca0a,100%,0,354,354,0,0,0,354
0x4cd972,100%,0,2996,2996,0,0,0,2996
0x4c16f3,100%,0,2417,2417,0,0,0,2417
0x4c6f08,100%,0,450,450,0,0,0,450
0x4a3941,100%,0,444,444,0,0,0,444
0x4a3950,100%,0,444,444,0,0,0,444
0x4a383a,100%,0,444,444,0,0,0,444
0x7b35c4,100%,0,101,101,0,0,0,101
0x529d16,100%,0,706,706,0,0,0,706
0x47f734,100%,0,360,360,90,0,0,270
0x7b3941,100%,0,9,9,9,0,0,0
0x4a2ce4,100%,0,718,718,0,0,0,718
0x5ffe88,100%,0,444,444,444,0,0,0
0x410e35,100%,0,181,181,0,0,0,181
0x5bf5d6,100%,0,2868,2868,0,0,0,2868
0x5ffc5b,100%,0,1612,1612,1612,0,0,0
0x513314,100%,0,534,534,534,0,0,0
0x5133b6,100%,0,534,534,0,0,0,534
0x59c93d,100%,0,445,445,445,0,0,0
0x67ba71,100%,0,2417,2417,2417,0,0,0
0x5135f1,100%,0,534,534,90,0,0,444
0x4ca2e7,100%,0,2034,2034,0,0,0,2034
0x4a3633,100%,0,444,444,0,0,0,444
0x426fb7,100%,0,2417,2417,0,0,0,2417
0x68e08a,100%,0,2500,2500,2500,0,0,0
0x68886f,100%,0,2417,2417,2417,0,0,0
0x5bfbb4,100%,0,450,450,0,0,0,450
0x40f466,100%,0,90,90,0,0,0,90
0x496477,100%,0,2418,2418,2418,0,0,0
0x5beef4,100%,0,15,15,15,0,0,0
0x687bca,100%,0,1973,1973,1973,0,0,0
0x679670,100%,0,534,534,534,0,0,0
0x67ef03,100%,0,534,534,534,0,0,0
0x4bddf3,100%,0,445,445,445,0,0,0
0x529b81,100%,0,13,13,13,0,0,0
0x59ce7d,100%,0,725910,725910,725910,0,0,0
0x5ffd5c,100%,0,535,535,90,0,0,445
0x67ee65,100%,0,1068,1068,1068,0,0,0
0x5316fe,100%,0,5820,5820,0,0,0,5820
0x512afc,100%,0,2034,2034,0,0,0,2034
0x6878d1,100%,0,1973,1973,1973,0,0,0
0x4a3648,100%,0,444,444,444,0,0,0
0x504fa8,100%,0,790,790,790,0,0,0
0x460394,100%,0,11330,11330,0,0,0,11330
0x513752,100%,0,2417,2417,2417,0,0,0
0x4a36c6,100%,0,444,444,0,0,0,444
0x4a3dee,100%,0,890,890,0,0,0,890
0x4a3733,100%,0,444,444,0,0,0,444
0x4a3919,100%,0,444,444,0,0,0,444
0x4a3748,100%,0,444,444,444,0,0,0
0x4c6a18,100%,0,450,450,450,0,0,0
0x4a37a2,100%,0,444,444,0,0,0,444
0x4c0321,100%,0,4482,4482,4482,0,0,0
0x4c1dc0,100%,0,2418,2418,0,0,0,2418
0x686a52,100%,0,444,444,0,0,0,444
0x825063,100%,0,9,9,0,0,0,9
0x5bee7b,100%,0,15,15,15,0,0,0
0x686729,100%,0,444,444,444,0,0,0
0x4ca1ea,100%,0,101,101,36,0,0,65
0x4ba944,100%,0,1712,1712,1712,0,0,0
0x5133c2,100%,0,534,534,534,0,0,0
0x7a60b1,100%,0,5,5,5,0,0,0
0x4c2636,100%,0,354,354,354,0,0,0
0x4c0338,100%,0,8951,8951,8951,0,0,0
0x4c08c2,100%,0,2065,2065,2065,0,0,0
0x5053cc,100%,0,2635,2635,625,0,0,2010
0x67ee52,100%,0,1068,1068,0,0,0,1068
0x45fa14,100%,0,1068,1068,0,0,0,1068
0x5becad,100%,0,1,1,0,0,0,1
0x4c6de8,100%,0,450,450,0,0,0,450
0x4bde6d,100%,0,444,444,0,0,0,444
0x4c2469,100%,0,2063,2063,0,0,0,2063
0x4c22ee,100%,0,2418,2418,0,0,0,2418
0x52f946,100%,0,950,950,190,0,0,760
0x5c8a18,100%,0,1712,1712,0,0,0,1712
0x45fa28,100%,0,888,888,888,0,0,0
0x4f6c85,100%,0,6438,6438,6168,0,0,270
0x7b1502,100%,0,14,14,0,0,0,14
0x5c8841,100%,0,15130,15130,12712,0,0,2418
0x4a36a2,100%,0,444,444,0,0,0,444
0x67ee91,100%,0,1068,1068,0,0,0,1068
0x64a0b9,100%,0,14940,14940,12804,0,0,2136
0x5a3123,100%,0,534,534,0,0,0,534
0x50785f,100%,0,7699,7699,7699,0,0,0
0x59f151,100%,0,2419,2419,2419,0,0,0
0x687ab2,100%,0,1973,1973,0,0,0,1973
0x4f6609,100%,0,1703,1703,0,0,0,1703
0x679662,100%,0,534,534,0,0,0,534
0x5059b6,100%,0,6245,6245,5630,0,0,615
0x4c7a44,100%,0,445,445,0,0,0,445
0x51360e,100%,0,2417,2417,2417,0,0,0
0x4c1a49,100%,0,2418,2418,2418,0,0,0
0x529d8b,100%,0,706,706,706,0,0,0
0x5d038d,100%,0,245740,245740,0,0,0,245740
0x504d47,100%,0,790,790,790,0,0,0
0x67fadf,100%,0,444,444,0,0,0,444
0x4c1f2d,100%,0,1712,1712,1712,0,0,0
0x4d0a96,100%,0,2418,2418,0,0,0,2418
0x7b351b,100%,0,7,7,7,0,0,0
0x52aef6,100%,0,2418,2418,2418,0,0,0
0x5acd1b,100%,0,90,90,0,0,0,90
0x7a7087,100%,0,5,5,0,0,0,5
0x5bf545,100%,0,2867,2867,0,0,0,2867
0x60035f,100%,0,2772,2772,2772,0,0,0
0x4d08dc,100%,0,445,445,0,0,0,445
0x4963bc,100%,0,2418,2418,0,0,0,2418
0x5ac5b6,100%,0,90,90,90,0,0,0
0x67e275,100%,0,444,444,0,0,0,444
0x686912,100%,0,444,444,0,0,0,444
0x4c2687,100%,0,354,354,0,0,0,354
0x507a9d,100%,0,2100,2100,90,0,0,2010
0x4d0be2,100%,0,2418,2418,0,0,0,2418
0x686920,100%,0,444,444,444,0,0,0
0x4ce4b6,100%,0,1712,1712,1712,0,0,0
0x50532f,100%,0,23330,23330,0,0,0,23330
