Branch PC,Accuracy,Mispredictions,Correct Predictions,Total,dir_t_pred_t,dir_t_pred_nt,dir_nt_pred_t,dir_nt_pred_nt
aggregate,99.8201%,87401,48503602,48591003,12891883,33908,53493,35611719
0x64cc86,99.7716%,12673,5536713,5549386,5536053,283,12390,660
0x638ed8,99.6012%,11479,2867052,2878531,2485108,4462,7017,381944
0x7b358e,89.7834%,10542,92643,103185,86642,1895,8647,6001
0x64d0d3,98.7688%,6382,511980,518362,265688,3181,3201,246292
0x64cc75,99.891%,6054,5549612,5555666,294,5986,68,5549318
0x406ce1,92.9643%,4389,57993,62382,28490,1411,2978,29503
0x406c31,91.3585%,3379,35723,39102,27890,1386,1993,7833
0x7b3597,85.5475%,2117,12531,14648,7213,867,1250,5318
0x406b67,81.9285%,2026,9185,11211,8462,548,1478,723
0x7b1cd3,81.517%,1964,8662,10626,335,1519,445,8327
0x638eec,99.5712%,1668,387293,388961,370644,193,1475,16649
0x64cec8,79.9207%,1620,6448,8068,4256,740,880,2192
0x7b347d,89.5003%,1538,13110,14648,6690,910,628,6420
0x64d0f2,99.4436%,1496,267373,268869,11456,796,700,255917
0x7b320a,92.8694%,1456,18963,20419,11858,1030,426,7105
0x638ecb,99.9549%,1298,2878515,2879813,2,1281,17,2878513
0x638d03,93.1086%,1200,16213,17413,16101,29,1171,112
0x7b321b,86.8676%,989,6542,7531,5738,262,727,804
0x406c06,99.0448%,956,99126,100082,89134,421,535,9992
0x7b1ca1,93.0294%,870,11611,12481,1240,615,255,10371
0x406c39,93.4261%,737,10474,11211,856,573,164,9618
0x7b32e4,95.0939%,666,12909,13575,12776,99,567,133
0x7b303a,95.9413%,617,14585,15202,3103,267,350,11482
0x7b327b,91.55%,507,5493,6000,1241,248,259,4252
0x406d92,96.7302%,470,13904,14374,13898,11,459,6
0x406c0b,95.9772%,451,10760,11211,1126,259,192,9634
0x7b3251,70.4636%,446,1064,1510,437,263,183,627
0x7b377e,94.3645%,415,6949,7364,6930,50,365,19
0x7b3806,94.856%,409,7542,7951,1244,250,159,6298
0x7b3496,94.4949%,388,6660,7048,6143,167,221,517
0x7b31b5,98.7693%,365,29292,29657,7927,275,90,21365
0x7b1d08,97.2358%,345,12136,12481,2098,193,152,10038
0x7b3236,88.9404%,334,2686,3020,1867,142,192,819
0x7b3774,96.349%,295,7785,8080,521,195,100,7264
0x7b32e6,64.4286%,249,451,700,325,103,146,126
0x64e273,97.8582%,229,10463,10692,10317,41,188,146
0x7b2fc5,99.1399%,197,22708,22905,10466,102,95,12242
0x7b3610,96.7577%,190,5670,5860,4920,88,102,750
0x7b1b7f,99.2624%,169,22742,22911,12976,83,86,9766
0x64a748,99.8875%,160,142106,142266,36745,66,94,105361
0x4ab909,98.8749%,147,12919,13066,12745,21,126,174
0x64a793,99.9769%,144,621907,622051,52951,82,62,568956
0x4a76b9,98.9109%,140,12715,12855,12690,14,126,25
0x7b337d,86.234%,140,877,1017,27,133,7,850
0x7b361a,84.0376%,136,716,852,705,25,111,11
0x7b13d8,99.7699%,135,58545,58680,7574,83,52,50971
0x678c33,99.955%,125,277627,277752,37384,46,79,240243
0x5ea1d4,93.5519%,120,1741,1861,1675,27,93,66
0x638f7a,99.3599%,116,18007,18123,16571,47,69,1436
0x7b3354,90.1554%,114,1044,1158,36,105,9,1008
0x7b1af5,99.6864%,111,35281,35392,12425,56,55,22856
0x7b1490,99.025%,103,10461,10564,10394,37,66,67
0x406b4d,99.7022%,101,33809,33910,22643,56,45,11166
0x406b91,99.1348%,97,11114,11211,628,56,41,10486
0x7b2fa5,99.7515%,83,33324,33407,10464,38,45,22860
0x64ced9,97.2982%,83,2989,3072,2593,45,38,396
0x7b1469,99.2522%,79,10485,10564,7620,37,42,2865
0x678c38,99.9696%,73,240249,240322,54264,36,37,185985
0x7d2236,98.8526%,72,6203,6275,5798,58,14,405
0x64ccea,99.6351%,71,19388,19459,6742,31,40,12646
0x7b363a,64.7959%,69,127,196,34,40,29,93
0x64a777,99.8701%,69,53067,53136,73,30,39,52994
0x7b329d,98.5369%,66,4445,4511,479,20,46,3966
0x64cf6f,85.023%,65,369,434,357,16,49,12
0x7b37f9,99.2328%,61,7890,7951,5708,28,33,2182
0x64cbce,99.6507%,61,17404,17465,10660,32,29,6744
0x7b3020,99.7247%,58,21012,21070,5838,30,28,15174
0x4996c7,99.8711%,48,37194,37242,19638,25,23,17556
0x7b1cdc,99.5212%,42,8730,8772,1,37,5,8729
0x7b3446,99.5123%,40,8162,8202,5840,20,20,2322
0x4ab7f9,92.2929%,40,479,519,195,23,17,284
0x5a1401,99.9508%,40,81246,81286,29014,9,31,52232
0x7b151b,99.9318%,40,58640,58680,52801,11,29,5839
0x678c13,99.9858%,39,273647,273686,35346,11,28,238301
0x66db99,98.6805%,37,2767,2804,1771,19,18,996
0x538db4,87.8788%,36,261,297,226,19,17,35
0x4dbff5,90.6736%,36,350,386,225,13,23,125
0x649a4c,99.7965%,36,17658,17694,1272,22,14,16386
0x678c20,99.9853%,35,238294,238329,52293,14,21,186001
0x64cebb,99.8327%,34,20286,20320,12237,15,19,8049
0x64a0b9,93.0041%,34,452,486,289,16,18,163
0x64cd2f,99.8253%,34,19425,19459,13646,18,16,5779
0x4ab8e0,99.7474%,33,13033,13066,13033,4,29,0
0x7b34af,95.5285%,33,705,738,620,14,19,85
0x7b31e7,99.8462%,33,21422,21455,17705,19,14,3717
0x7b14c3,75.9398%,32,101,133,19,21,11,82
0x45f909,96.9136%,30,942,972,940,8,22,2
0x7b31fd,99.8581%,29,20409,20438,0,19,10,20409
0x5d0c0a,99.8047%,29,14819,14848,14819,0,29,0
0x64cc51,99.8561%,28,19431,19459,100,25,3,19331
0x7b14cc,69.8925%,28,65,93,43,16,12,22
0x64cc9d,99.7875%,28,13147,13175,3414,17,11,9733
0x54afc8,87.1429%,27,183,210,65,14,13,118
0x4069f0,99.539%,27,5830,5857,467,13,14,5363
0x498459,99.949%,26,50946,50972,23452,15,11,27494
0x64ccb7,99.7332%,26,9718,9744,2885,15,11,6833
0x45bdbf,82.4324%,26,122,148,81,15,11,41
0x45f97f,95.3959%,25,518,543,363,9,16,155
0x7b17e1,57.6271%,25,34,59,6,13,12,28
0x4a76ad,99.8138%,24,12867,12891,16,20,4,12851
0x7b31ec,99.3567%,24,3707,3731,3274,12,12,433
0x45b74f,78.7037%,23,85,108,20,10,13,65
0x64cca3,99.764%,23,9721,9744,3426,16,7,6295
0x649a90,99.872%,21,16379,16400,10706,15,6,5673
0x7b1c4a,99.8317%,21,12460,12481,12458,5,16,2
0x66dbd4,98.0276%,20,994,1014,506,8,12,488
0x66dbe3,96.2%,19,481,500,335,8,11,146
0x7b3645,85.2459%,18,104,122,47,7,11,57
0x617d49,96.5251%,18,500,518,345,8,10,155
0x4a7249,96.2555%,17,437,454,280,9,8,157
0x64a7a7,99.997%,17,569001,569018,569001,17,0,0
0x66dbb9,99.4834%,17,3274,3291,2270,7,10,1004
0x7b3347,99.4827%,17,3269,3286,2121,7,10,1148
0x4a6fd9,89.697%,17,148,165,106,6,11,42
0x7b3788,99.7896%,17,8063,8080,7943,8,9,120
0x49852d,99.8848%,16,13870,13886,7056,6,10,6814
0x4ab766,98.4909%,15,979,994,979,15,0,0
0x499719,99.9153%,15,17703,17718,18,12,3,17685
0x7b364e,77.9412%,15,53,68,36,7,8,17
0x674e57,99.6228%,14,3698,3712,3680,3,11,18
0x406d73,97.0833%,14,466,480,2,13,1,464
0x406b22,99.9617%,13,33897,33910,0,0,13,33897
0x64d0fb,99.9974%,13,506097,506110,506097,13,0,0
0x4602f1,97.6364%,13,537,550,193,9,4,344
0x4ad6cc,96.1194%,13,322,335,115,9,4,207
0x649a20,99.949%,12,23539,23551,17688,6,6,5851
0x48c463,76%,12,38,50,22,8,4,16
0x498413,99.9877%,12,97943,97955,46977,6,6,50966
0x6ee3e3,99.9689%,11,35380,35391,0,0,11,35380
0x64cc64,99.9998%,11,5555659,5555670,0,0,11,5555659
0x5f7b79,95.6863%,11,244,255,242,5,6,2
0x7b2f7a,99.9671%,11,33396,33407,0,0,11,33396
0x5dfb81,99.9816%,10,54278,54288,0,0,10,54278
0x406c5a,99.9692%,10,32471,32481,32471,10,0,0
0x5ea649,94.2857%,10,165,175,157,2,8,8
0x7b14de,99.9053%,10,10554,10564,13,6,4,10541
0x4a80b9,95.6897%,10,222,232,214,2,8,8
0x638a02,99.9426%,10,17403,17413,0,0,10,17403
0x64cc6f,99.9998%,10,5555660,5555670,0,4,6,5555660
0x4069c3,99.9749%,10,39757,39767,0,0,10,39757
0x638a3f,99.9426%,10,17403,17413,0,0,10,17403
0x644827,99.9612%,9,23193,23202,23193,9,0,0
0x64cea7,99.9557%,9,20311,20320,0,0,9,20311
0x406cbf,99.9723%,9,32472,32481,0,0,9,32472
0x406e27,99.9723%,9,32539,32548,0,0,9,32539
0x492791,74.2857%,9,26,35,24,6,3,2
0x48c6d1,88.6076%,9,70,79,66,6,3,4
0x4b5a08,99.9224%,9,11586,11595,0,9,0,11586
0x4a7508,83.3333%,9,45,54,33,5,4,12
0x4157a8,96.1207%,9,223,232,214,2,7,9
0x406b5a,99.9197%,9,11202,11211,0,0,9,11202
0x638c24,99.9541%,8,17405,17413,0,0,8,17405
0x638a10,99.9541%,8,17405,17413,17405,8,0,0
0x64a764,99.9924%,8,105447,105455,52317,2,6,53130
0x4069e7,99.9799%,8,39759,39767,33903,7,1,5856
0x7b369b,93.4426%,8,114,122,4,5,3,110
0x64d0c3,99.9985%,8,518354,518362,0,0,8,518354
0x4a75c5,95.2941%,8,162,170,0,5,3,162
0x649ecd,99.9569%,8,18567,18575,11813,7,1,6754
0x4a85b0,95.8333%,8,184,192,183,1,7,1
0x7bd972,96.5517%,8,224,232,196,7,1,28
0x5a12f2,99.9862%,8,58150,58158,46489,7,1,11661
0x45c8cf,85.1852%,8,46,54,1,3,5,45
0x4a73b7,95.1807%,8,158,166,47,7,1,111
0x7b5753,99.9802%,7,35385,35392,0,0,7,35385
0x5ea774,95.5975%,7,152,159,23,5,2,129
0x406acf,99.9794%,7,33903,33910,33903,7,0,0
0x5d8f9c,70.8333%,7,17,24,4,2,5,13
0x7b373b,99.9134%,7,8073,8080,0,0,7,8073
0x547d3a,96.9828%,7,225,232,215,1,6,10
0x549939,61.1111%,7,11,18,10,4,3,1
0x644b28,99.9698%,7,23195,23202,0,0,7,23195
0x4b59b0,99.9396%,7,11588,11595,5795,2,5,5793
0x46167b,75%,7,21,28,7,2,5,14
0x7b50eb,99.982%,6,33401,33407,33401,6,0,0
0x5a15af,99.9125%,6,6850,6856,0,0,6,6850
0x45b761,92.3077%,6,72,78,54,0,6,18
0x7b5113,99.982%,6,33401,33407,0,0,6,33401
0x490d4c,60%,6,9,15,9,1,5,0
0x5a142f,99.9885%,6,52257,52263,23205,3,3,29052
0x550b32,99.9484%,6,11616,11622,5821,6,0,5795
0x7b1ba9,99.9738%,6,22905,22911,0,0,6,22905
0x5ea014,89.0909%,6,49,55,0,3,3,49
0x45c899,88.4615%,6,46,52,0,0,6,46
0x638cd1,99.9655%,6,17407,17413,17407,6,0,0
0x7b50c3,99.982%,6,33401,33407,0,0,6,33401
0x638c08,99.9655%,6,17407,17413,0,0,6,17407
0x490a36,60%,6,9,15,7,3,3,2
0x7b50fc,99.982%,6,33401,33407,0,0,6,33401
0x490953,60%,6,9,15,5,5,1,4
0x48942a,99.8967%,6,5801,5807,7,5,1,5794
0x64466b,99.9785%,5,23197,23202,0,0,5,23197
0x644873,99.9785%,5,23197,23202,0,0,5,23197
0x4068b4,99.9695%,5,16395,16400,16395,5,0,0
0x4e844a,37.5%,5,3,8,1,3,2,2
0x460287,99.5108%,5,1017,1022,294,1,4,723
0x486136,99.9569%,5,11589,11594,0,0,5,11589
0x48ea16,96.9697%,5,160,165,156,1,4,4
0x5a15a3,99.9271%,5,6851,6856,0,0,5,6851
0x45c71f,90.3846%,5,47,52,24,1,4,23
0x7b1ae5,99.9859%,5,35387,35392,0,0,5,35387
0x7b1b07,99.9782%,5,22906,22911,0,0,5,22906
0x550458,99.9137%,5,5790,5795,0,0,5,5790
0x7b31a8,99.9755%,5,20414,20419,0,0,5,20414
0x5e995e,90.9091%,5,50,55,50,2,3,0
0x490aab,66.6667%,5,10,15,3,2,3,7
0x4a7069,96.9697%,5,160,165,148,1,4,12
0x60c35a,58.3333%,5,7,12,0,3,2,7
0x48611e,99.9569%,5,11589,11594,0,0,5,11589
0x5ec0af,97.3404%,5,183,188,167,1,4,16
0x7b1b2a,99.9782%,5,22906,22911,0,0,5,22906
0x644a72,99.9785%,5,23197,23202,0,0,5,23197
0x415788,94.7917%,5,91,96,79,1,4,12
0x7b375f,99.9381%,5,8075,8080,0,0,5,8075
0x66db68,99.5108%,5,1017,1022,6,2,3,1011
0x638bd7,99.9713%,5,17408,17413,17408,5,0,0
0x4a97b3,58.3333%,5,7,12,1,2,3,6
0x64df8b,99.9532%,5,10687,10692,0,0,5,10687
0x7b5743,99.9859%,5,35387,35392,0,0,5,35387
0x7b37dc,99.9371%,5,7946,7951,0,0,5,7946
0x64a754,99.9953%,5,105450,105455,52316,3,2,53134
0x63906e,99.9742%,5,19401,19406,0,0,5,19401
0x64d1e7,99.9674%,4,12248,12252,0,0,4,12248
0x7b1ad3,99.9887%,4,35388,35392,0,0,4,35388
0x7b573a,99.9887%,4,35388,35392,0,0,4,35388
0x49c6e6,99.9656%,4,11618,11622,11618,4,0,0
0x5e99f6,92.7273%,4,51,55,0,0,4,51
0x5a09ea,99.9656%,4,11618,11622,0,0,4,11618
0x494945,60%,4,6,10,0,3,1,6
0x638e18,99.9794%,4,19402,19406,0,0,4,19402
0x7b1b57,99.9825%,4,22907,22911,0,0,4,22907
0x5e4c41,50%,4,4,8,4,4,0,0
0x5a101a,99.9924%,4,52315,52319,0,0,4,52315
0x487b9b,88.2353%,4,30,34,6,3,1,24
0x498340,99.9886%,4,35182,35186,35182,4,0,0
0x4aa06f,55.5556%,4,5,9,5,4,0,0
0x644b07,99.9828%,4,23198,23202,0,0,4,23198
0x7b304e,99.9662%,4,11828,11832,0,0,4,11828
0x5dc81a,99.9926%,4,54284,54288,0,0,4,54284
0x7b14b1,96.9925%,4,129,133,0,0,4,129
0x415c5a,97.8378%,4,181,185,169,0,4,12
0x618c47,97.861%,4,183,187,183,4,0,0
0x7b511c,99.988%,4,33403,33407,33403,4,0,0
0x460341,50%,4,4,8,2,1,3,2
0x4927bb,50%,4,4,8,1,2,2,3
0x4927ee,88.5714%,4,31,35,29,1,3,2
0x5a0973,99.9805%,4,20504,20508,0,0,4,20504
0x4a71fe,94.8718%,4,74,78,53,1,3,21
0x48fc26,50%,4,4,8,0,0,4,4
0x48cdbf,0%,4,0,4,0,3,1,0
0x6499f7,99.983%,4,23547,23551,23547,4,0,0
0x48fc43,50%,4,4,8,3,2,2,1
0x7b3586,99.9955%,4,88533,88537,0,0,4,88533
0x49972f,99.9774%,4,17684,17688,0,0,4,17684
0x7b1bd2,99.968%,4,12477,12481,0,0,4,12477
0x5e2b85,99.9943%,4,69691,69695,0,0,4,69691
0x550af9,99.9828%,4,23240,23244,11621,1,3,11619
0x48c7ea,94.9367%,4,75,79,71,0,4,4
0x490c54,20%,4,1,5,1,4,0,0
0x7b2fd7,99.9676%,4,12333,12337,12333,4,0,0
0x5d8eff,91.4894%,4,43,47,24,1,3,19
0x7b35dd,99.9676%,4,12333,12337,12333,4,0,0
0x49095e,73.3333%,4,11,15,10,0,4,1
0x550434,99.9771%,4,17445,17449,11650,4,0,5795
0x7b1cf3,99.968%,4,12477,12481,0,0,4,12477
0x644b1b,99.9828%,4,23198,23202,0,0,4,23198
0x64e147,99.9626%,4,10688,10692,10688,4,0,0
0x66f364,99.3939%,3,492,495,492,3,0,0
0x5a15e5,99.9562%,3,6853,6856,29,3,0,6824
0x649e85,99.9838%,3,18572,18575,0,0,3,18572
0x460aab,0%,3,0,3,0,3,0,0
0x7b1b39,99.9869%,3,22908,22911,22908,3,0,0
0x4b5adc,99.9741%,3,11583,11586,0,0,3,11583
0x676e00,92.5%,3,37,40,31,1,2,6
0x6390bc,99.9845%,3,19403,19406,18120,3,0,1283
0x644662,99.9871%,3,23199,23202,0,0,3,23199
0x45c72d,88.8889%,3,24,27,23,3,0,1
0x5a0991,99.9854%,3,20505,20508,13614,1,2,6891
0x45fa28,87.5%,3,21,24,21,3,0,0
0x4a73d8,97.6%,3,122,125,111,1,2,11
0x5ec091,98.6957%,3,227,230,0,0,3,227
0x4867a6,99.9896%,3,28981,28984,0,0,3,28981
0x64a76f,99.9972%,3,105452,105455,52316,3,0,53136
0x5a12c8,99.9943%,3,52336,52339,29052,3,0,23284
0x4ab8a3,99.1098%,3,334,337,34,3,0,300
0x490a86,70%,3,7,10,7,3,0,0
0x644858,99.9871%,3,23199,23202,0,0,3,23199
0x489103,99.9742%,3,11619,11622,5792,3,0,5827
0x4908e7,80%,3,12,15,8,2,1,4
0x45bc8e,94.3396%,3,50,53,0,1,2,50
0x7b512b,99.991%,3,33404,33407,0,0,3,33404
0x4946cd,57.1429%,3,4,7,4,3,0,0
0x64d063,99.9764%,3,12683,12686,0,0,3,12683
0x649f1e,80%,3,12,15,12,3,0,0
0x67447a,89.6552%,3,26,29,26,3,0,0
0x4e84b7,25%,3,1,4,0,2,1,1
0x487b79,95.7143%,3,67,70,36,0,3,31
0x4b5a8f,99.9741%,3,11583,11586,0,0,3,11583
0x7b30b4,98.1132%,3,156,159,0,0,3,156
0x4e8fc9,25%,3,1,4,1,3,0,0
0x4e9130,50%,3,3,6,1,2,1,2
0x5486b1,99.9742%,3,11619,11622,5795,0,3,5824
0x7b3755,99.9629%,3,8077,8080,0,0,3,8077
0x64cc6a,99.9999%,3,5555667,5555670,0,0,3,5555667
0x7b1c81,83.3333%,3,15,18,0,2,1,15
0x49470e,57.1429%,3,4,7,0,0,3,4
0x644bbc,99.9871%,3,23199,23202,23199,3,0,0
0x4996a8,99.9919%,3,37239,37242,0,0,3,37239
0x7b31c9,99.986%,3,21452,21455,0,0,3,21452
0x549929,83.3333%,3,15,18,13,1,2,2
0x617e90,98.1818%,3,162,165,0,0,3,162
0x486142,99.9741%,3,11591,11594,0,0,3,11591
0x7b30a3,99.9489%,3,5865,5868,5708,1,2,157
0x4862dc,62.5%,3,5,8,5,3,0,0
0x638c9f,99.9828%,3,17410,17413,17410,3,0,0
0x7b4231,99.957%,3,6977,6980,0,0,3,6977
0x7b1add,99.9915%,3,35389,35392,0,0,3,35389
0x644c9c,99.9871%,3,23199,23202,23199,3,0,0
0x406ab1,99.9442%,3,5374,5377,0,0,3,5374
0x7b2027,99.976%,3,12478,12481,12478,3,0,0
0x64e194,99.9719%,3,10689,10692,0,0,3,10689
0x638e27,99.9845%,3,19403,19406,0,0,3,19403
0x4a7270,99.3392%,3,451,454,287,2,1,164
0x48612d,99.9741%,3,11591,11594,0,0,3,11591
0x6390d3,99.7662%,3,1280,1283,0,0,3,1280
0x5a1353,99.9935%,3,46493,46496,23209,3,0,23284
0x7b307d,99.9907%,3,32387,32390,0,0,3,32387
0x5a13c7,99.9914%,3,34871,34874,34871,3,0,0
0x5a09b4,99.9742%,3,11619,11622,0,0,3,11619
0x68d5e5,66.6667%,3,6,9,6,3,0,0
0x7b1b9f,99.9869%,3,22908,22911,22908,3,0,0
0x5dc984,99.9741%,3,11591,11594,0,0,3,11591
0x7b1b18,99.9869%,3,22908,22911,0,0,3,22908
0x46029b,99.5696%,3,694,697,0,0,3,694
0x644b38,99.9871%,3,23199,23202,0,0,3,23199
0x490ab4,80%,3,12,15,7,3,0,5
0x4867ed,99.9896%,3,28981,28984,28981,3,0,0
0x644670,99.9871%,3,23199,23202,23199,3,0,0
0x494864,70%,3,7,10,7,3,0,0
0x64e178,99.9719%,3,10689,10692,0,0,3,10689
0x7ac01b,89.6552%,3,26,29,0,0,3,26
0x5ea6c8,81.25%,3,13,16,4,1,2,9
0x5a1462,99.9897%,3,29020,29023,0,0,3,29020
0x494813,85.7143%,3,18,21,13,1,2,5
0x486814,99.9931%,2,28982,28984,0,0,2,28982
0x7b1ac9,99.9943%,2,35390,35392,0,0,2,35390
0x60c223,83.3333%,2,10,12,10,2,0,0
0x54dff7,99.9917%,2,24236,24238,0,0,2,24236
0x49c4af,99.9828%,2,11620,11622,11620,2,0,0
0x4e8bf5,66.6667%,2,4,6,0,1,1,4
0x4e8c0f,66.6667%,2,4,6,4,0,2,0
0x4b5b21,99.9827%,2,11584,11586,0,0,2,11584
0x4e846f,0%,2,0,2,0,1,1,0
0x7b3489,99.9716%,2,7046,7048,0,0,2,7046
0x406947,99.9878%,2,16398,16400,0,0,2,16398
0x4e8e9b,33.3333%,2,1,3,1,1,1,0
0x4e9084,50%,2,2,4,2,1,1,0
0x490a74,60%,2,3,5,3,2,0,0
0x5ec0c3,90%,2,18,20,18,2,0,0
0x486804,99.9931%,2,28982,28984,28982,2,0,0
0x4a7f89,75%,2,6,8,6,2,0,0
0x4a77f5,94.4444%,2,34,36,16,1,1,18
0x4867d1,99.9931%,2,28982,28984,28982,2,0,0
0x4e8464,50%,2,2,4,0,1,1,2
0x64e20f,99.9813%,2,10690,10692,10690,2,0,0
0x60c11c,83.3333%,2,10,12,2,1,1,8
0x4e90e7,75%,2,6,8,5,2,0,1
0x7b25f3,99.984%,2,12479,12481,12479,2,0,0
0x5ec234,75%,2,6,8,6,2,0,0
0x64990d,90.4762%,2,19,21,19,2,0,0
0x4a75dd,98.8235%,2,168,170,0,0,2,168
0x674d84,96.5517%,2,56,58,27,2,0,29
0x5ea4f2,75%,2,6,8,6,2,0,0
0x538df6,96.6667%,2,58,60,51,1,1,7
0x5a146b,99.9962%,2,52229,52231,52229,2,0,0
0x66f3e1,99.596%,2,493,495,163,2,0,330
0x7b200e,99.984%,2,12479,12481,0,0,2,12479
0x5a1ff9,99.9914%,2,23375,23377,0,0,2,23375
0x49274b,60%,2,3,5,3,2,0,0
0x4e8bb0,50%,2,2,4,0,1,1,2
0x4e846a,33.3333%,2,1,3,0,1,1,1
0x4b5a47,99.9827%,2,11584,11586,0,0,2,11584
0x4a7577,98.8235%,2,168,170,168,2,0,0
0x490941,90%,2,18,20,3,2,0,15
0x45f985,98.8304%,2,169,171,146,1,1,23
0x5ea6cf,81.8182%,2,9,11,9,2,0,0
0x45fa18,95%,2,38,40,22,2,0,16
0x7b1bb3,99.9797%,2,9850,9852,9850,2,0,0
0x48c94f,33.3333%,2,1,3,1,2,0,0
0x4e8314,33.3333%,2,1,3,1,1,1,0
0x6180c1,87.5%,2,14,16,14,2,0,0
0x49c479,99.9828%,2,11620,11622,0,0,2,11620
0x5ea1b3,99.8925%,2,1859,1861,1672,1,1,187
0x4ea408,0%,2,0,2,0,2,0,0
0x4a8079,97.9167%,2,94,96,79,1,1,15
0x54ce50,83.3333%,2,10,12,0,0,2,10
0x638e22,99.9897%,2,19404,19406,0,0,2,19404
0x64469f,99.9914%,2,23200,23202,0,0,2,23200
0x7b22b4,94.7368%,2,36,38,0,0,2,36
0x490b08,60%,2,3,5,0,0,2,3
0x406a10,99.9628%,2,5375,5377,0,0,2,5375
0x7b1d39,99.984%,2,12479,12481,12479,2,0,0
0x5a15be,99.9708%,2,6854,6856,0,0,2,6854
0x64c59c,77.7778%,2,7,9,0,0,2,7
0x5a1560,99.9828%,2,11620,11622,0,0,2,11620
0x498432,99.9961%,2,50970,50972,0,0,2,50970
0x49094a,86.6667%,2,13,15,4,1,1,9
0x4a71f3,98.2143%,2,110,112,33,1,1,77
0x5a12b9,99.9962%,2,52337,52339,0,0,2,52337
0x4e8bce,33.3333%,2,1,3,1,0,2,0
0x7b2fe5,99.9838%,2,12335,12337,0,0,2,12335
0x4a6f1e,98.7879%,2,163,165,163,2,0,0
0x5a1459,99.9931%,2,29053,29055,0,0,2,29053
0x54bf93,83.3333%,2,10,12,10,2,0,0
0x4e9118,75%,2,6,8,1,1,1,5
0x4991d9,98.1982%,2,109,111,50,2,0,59
0x68435e,83.3333%,2,10,12,10,2,0,0
0x4b5aba,99.9827%,2,11584,11586,0,0,2,11584
0x644a68,99.9914%,2,23200,23202,0,0,2,23200
0x45c85c,96.2963%,2,52,54,50,2,0,2
0x5ea1a0,99.8925%,2,1859,1861,1859,2,0,0
0x5ec163,98.9362%,2,186,188,179,1,1,7
0x5a0ff5,99.9962%,2,52337,52339,52319,0,2,18
0x644b48,99.9914%,2,23200,23202,23200,2,0,0
0x460363,50%,2,2,4,1,2,0,1
0x7b5137,99.994%,2,33405,33407,0,0,2,33405
0x7b5140,99.994%,2,33405,33407,0,0,2,33405
0x64d1aa,99.9837%,2,12250,12252,0,0,2,12250
0x48c4e8,80%,2,8,10,4,1,1,4
0x638efc,99.989%,2,18122,18124,18122,2,0,0
0x4eab5a,0%,2,0,2,0,1,1,0
0x48c6f4,71.4286%,2,5,7,5,1,1,0
0x7b3043,99.9831%,2,11830,11832,0,0,2,11830
0x48c40f,80%,2,8,10,3,2,0,5
0x4ed04e,33.3333%,2,1,3,1,1,1,0
0x7b575c,99.9943%,2,35390,35392,35390,2,0,0
0x64d11c,99.9837%,2,12250,12252,12250,2,0,0
0x7b50d7,99.994%,2,33405,33407,0,0,2,33405
0x638eb7,99.9999%,2,2879811,2879813,0,0,2,2879811
0x644953,99.9914%,2,23200,23202,23200,2,0,0
0x60cbd3,83.3333%,2,10,12,10,2,0,0
0x7b32db,99.9845%,2,12873,12875,0,0,2,12873
0x64d13f,99.9837%,2,12250,12252,0,0,2,12250
0x48cd27,33.3333%,2,1,3,1,1,1,0
0x5f8797,99.6078%,1,254,255,0,0,1,254
0x4a73d4,99.3976%,1,165,166,40,1,0,125
0x48fc01,87.5%,1,7,8,0,0,1,7
0x4e8d9c,0%,1,0,1,0,0,1,0
0x54934b,91.6667%,1,11,12,11,1,0,0
0x60cd9b,91.6667%,1,11,12,0,0,1,11
0x490a3e,80%,1,4,5,4,1,0,0
0x4e82e6,0%,1,0,1,0,0,1,0
0x4e8e57,66.6667%,1,2,3,2,0,1,0
0x490a6b,90%,1,9,10,4,1,0,5
0x64e241,99.9906%,1,10691,10692,10691,1,0,0
0x5ec1c4,99.4444%,1,179,180,179,1,0,0
0x48641a,87.5%,1,7,8,7,1,0,0
0x5d9185,98.6486%,1,73,74,51,1,0,22
0x460308,75%,1,3,4,0,0,1,3
0x60c90f,91.6667%,1,11,12,0,0,1,11
0x4861e2,87.5%,1,7,8,0,0,1,7
0x5a0da9,96.875%,1,31,32,31,1,0,0
0x4ac69d,97.2222%,1,35,36,35,1,0,0
0x6386a5,99.9948%,1,19406,19407,0,0,1,19406
0x486822,99.9965%,1,28983,28984,0,0,1,28983
0x7b4240,99.9857%,1,6979,6980,0,0,1,6979
0x5e0a67,99.9914%,1,11601,11602,0,0,1,11601
0x5e2d65,99.9957%,1,23201,23202,0,0,1,23201
0x7b14d6,99.9905%,1,10563,10564,0,0,1,10563
0x66dd14,93.75%,1,15,16,7,1,0,8
0x4918f6,80%,1,4,5,0,0,1,4
0x7b201a,99.992%,1,12480,12481,0,0,1,12480
0x7a6428,96.5517%,1,28,29,28,1,0,0
0x460a82,66.6667%,1,2,3,2,1,0,0
0x60ce4a,91.6667%,1,11,12,11,1,0,0
0x64ce08,99.9921%,1,12685,12686,0,0,1,12685
0x4ea6c8,50%,1,1,2,0,1,0,1
0x4a97dd,88.8889%,1,8,9,0,0,1,8
0x618c01,99.4652%,1,186,187,186,1,0,0
0x7b3323,99.9328%,1,1488,1489,0,0,1,1488
0x7b1f55,99.992%,1,12480,12481,0,0,1,12480
0x499e34,99.5935%,1,245,246,110,0,1,135
0x5ec254,99.4444%,1,179,180,11,1,0,168
0x46037b,66.6667%,1,2,3,0,0,1,2
0x54a365,99.9966%,1,29054,29055,0,0,1,29054
0x4b5a56,99.9914%,1,11585,11586,11585,1,0,0
0x5a1320,99.9914%,1,11661,11662,19,1,0,11642
0x4ea6f7,0%,1,0,1,0,1,0,0
0x64d0b2,99.9921%,1,12685,12686,434,0,1,12251
0x7b143d,99.9905%,1,10563,10564,10470,1,0,93
0x6842fc,91.6667%,1,11,12,11,1,0,0
0x7b3248,99.9338%,1,1509,1510,0,0,1,1509
0x487b4d,98.5507%,1,68,69,7,1,0,61
0x7b141a,94.7368%,1,18,19,18,1,0,0
0x638f59,99.9945%,1,18122,18123,18122,1,0,0
0x4ea81a,50%,1,1,2,1,1,0,0
0x460fb1,87.5%,1,7,8,0,0,1,7
0x64cfa7,98.3607%,1,60,61,0,0,1,60
0x64d187,99.9918%,1,12251,12252,12251,1,0,0
0x4893e3,99.9828%,1,5806,5807,5806,1,0,0
0x48cb63,66.6667%,1,2,3,2,1,0,0
0x644a77,99.9957%,1,23201,23202,0,0,1,23201
0x4a7026,99.3939%,1,164,165,164,1,0,0
0x5dca65,99.9828%,1,5806,5807,0,0,1,5806
0x5dcaca,99.9828%,1,5806,5807,0,0,1,5806
0x5a0893,99.983%,1,5895,5896,0,0,1,5895
0x649edc,99.9852%,1,6754,6755,0,0,1,6754
0x5498ba,75%,1,3,4,3,1,0,0
0x60ccf7,91.6667%,1,11,12,0,0,1,11
0x4ea6b9,50%,1,1,2,0,0,1,1
0x7d2238,99.7613%,1,418,419,0,0,1,418
0x5e2d99,99.9827%,1,5794,5795,5794,1,0,0
0x7d2251,99.9841%,1,6274,6275,0,0,1,6274
0x460349,80%,1,4,5,0,1,0,4
0x4b59cf,99.9828%,1,5797,5798,0,0,1,5797
0x4e9a2a,0%,1,0,1,0,1,0,0
0x4a7d8b,95.8333%,1,23,24,16,0,1,7
0x494762,85.7143%,1,6,7,6,1,0,0
0x4b5a80,99.9914%,1,11585,11586,0,0,1,11585
0x4b5a9c,99.9914%,1,11585,11586,0,0,1,11585
0x5a0d2c,99.9828%,1,5826,5827,5826,1,0,0
0x49c405,99.9914%,1,11621,11622,0,0,1,11621
0x5dca60,99.9828%,1,5806,5807,0,0,1,5806
0x63905a,99.9945%,1,18122,18123,18122,1,0,0
0x7b3666,99.1803%,1,121,122,0,0,1,121
0x60cb6f,91.6667%,1,11,12,11,1,0,0
0x490cd1,80%,1,4,5,0,0,1,4
0x548671,99.9828%,1,5826,5827,0,0,1,5826
0x548680,99.9828%,1,5826,5827,0,0,1,5826
0x487aed,98.5507%,1,68,69,68,1,0,0
0x4ed005,0%,1,0,1,0,1,0,0
0x4b5b47,99.9914%,1,11585,11586,0,0,1,11585
0x4b5db5,93.75%,1,15,16,15,1,0,0
0x45bc9c,98.0769%,1,51,52,51,1,0,0
0x4eab85,0%,1,0,1,0,1,0,0
0x4867b8,99.9965%,1,28983,28984,28983,1,0,0
0x4157c8,98.9583%,1,95,96,80,0,1,15
0x4ecf6c,0%,1,0,1,0,1,0,0
0x5ec7ad,99.9436%,1,1771,1772,914,1,0,857
0x617dd2,99.3939%,1,164,165,0,0,1,164
0x5ec7d8,99.8833%,1,856,857,697,1,0,159
0x5e4445,99.983%,1,5874,5875,0,0,1,5874
0x7b1bde,99.992%,1,12480,12481,12480,1,0,0
0x490923,90%,1,9,10,9,1,0,0
0x4908ec,80%,1,4,5,4,1,0,0
0x4e8c46,0%,1,0,1,0,1,0,0
0x49090a,90%,1,9,10,5,0,1,4
0x490913,80%,1,4,5,4,1,0,0
0x494704,85.7143%,1,6,7,0,0,1,6
0x48cca7,66.6667%,1,2,3,2,1,0,0
0x4909e2,93.3333%,1,14,15,14,1,0,0
0x490aa2,95%,1,19,20,4,1,0,15
0x4ea900,0%,1,0,1,0,1,0,0
0x490ad3,93.3333%,1,14,15,9,1,0,5
0x490a62,90%,1,9,10,0,0,1,9
0x491817,80%,1,4,5,4,1,0,0
0x649a13,99.9958%,1,23550,23551,0,0,1,23550
0x491850,80%,1,4,5,4,1,0,0
0x684f97,66.6667%,1,2,3,2,1,0,0
0x4918ff,80%,1,4,5,4,1,0,0
0x4926dd,80%,1,4,5,4,1,0,0
0x48c859,0%,1,0,1,0,1,0,0
0x66efbf,99.798%,1,494,495,494,1,0,0
0x4e8b49,50%,1,1,2,1,0,1,0
0x460af7,66.6667%,1,2,3,2,1,0,0
0x5505fe,99.9827%,1,5794,5795,5794,1,0,0
0x550731,99.9827%,1,5794,5795,5794,1,0,0
0x4e8a1e,0%,1,0,1,0,0,1,0
0x638797,99.9914%,1,11604,11605,0,0,1,11604
0x638d0c,99.9221%,1,1282,1283,0,0,1,1282
0x48852e,87.5%,1,7,8,0,0,1,7
0x66f058,99.8788%,1,824,825,164,1,0,660
0x4e8dbb,0%,1,0,1,0,1,0,0
0x617d68,99.3939%,1,164,165,164,1,0,0
0x639f1f,88.8889%,1,8,9,0,0,1,8
0x4e8290,0%,1,0,1,0,1,0,0
0x7b1cbd,99.9906%,1,10625,10626,0,0,1,10625
0x4e9191,50%,1,1,2,1,1,0,0
0x4b5bb0,99.9914%,1,11585,11586,11585,1,0,0
0x5ec450,93.75%,1,15,16,0,0,1,15
0x60cba1,91.6667%,1,11,12,11,1,0,0
0x5ec463,93.75%,1,15,16,0,0,1,15
0x49087d,80%,1,4,5,4,1,0,0
0x676ee2,95.8333%,1,23,24,16,0,1,7
0x4a7420,97.561%,1,40,41,29,1,0,11
0x7b5145,99.997%,1,33406,33407,0,0,1,33406
0x4eaa38,0%,1,0,1,0,1,0,0
0x48668a,87.5%,1,7,8,7,1,0,0
0x535ca8,98.0769%,1,51,52,51,1,0,0
0x460ad1,66.6667%,1,2,3,2,1,0,0
0x617d55,99.3939%,1,164,165,0,0,1,164
0x4a7512,93.75%,1,15,16,10,1,0,5
0x4ad741,98.5915%,1,70,71,0,0,1,70
0x67449b,96.5517%,1,28,29,0,0,1,28
0x48c4d2,90%,1,9,10,0,0,1,9
0x490992,80%,1,4,5,4,1,0,0
0x4868d9,93.75%,1,15,16,8,0,1,7
0x674e7d,96.5517%,1,28,29,0,0,1,28
0x7bd8e5,96.5517%,1,28,29,28,1,0,0
0x683f4f,91.6667%,1,11,12,11,1,0,0
0x48cb50,66.6667%,1,2,3,0,0,1,2
0x54f93e,99.9828%,1,5826,5827,0,0,1,5826
0x5dfef9,99.9914%,1,11601,11602,0,0,1,11601
0x67e975,88.8889%,1,8,9,8,1,0,0
0x4e8475,0%,1,0,1,0,1,0,0
0x5e47c9,87.5%,1,7,8,7,1,0,0
0x5e4675,87.5%,1,7,8,7,1,0,0
0x63918f,99.9221%,1,1282,1283,1282,1,0,0
0x4ab7a0,99.6678%,1,300,301,0,0,1,300
0x5e9bb1,98.1818%,1,54,55,54,1,0,0
0x4a727f,99.3939%,1,164,165,164,1,0,0
0x5359e3,99.0991%,1,110,111,110,1,0,0
0x4aad28,87.5%,1,7,8,7,1,0,0
0x5dfc64,99.9914%,1,11601,11602,0,0,1,11601
0x406b70,99.9546%,1,2200,2201,0,0,1,2200
0x4a72a5,99.3939%,1,164,165,164,1,0,0
0x649e8a,99.9946%,1,18574,18575,18574,1,0,0
0x4e89da,0%,1,0,1,0,1,0,0
0x64c570,88.8889%,1,8,9,8,1,0,0
0x4a74c5,99.3976%,1,165,166,40,1,0,125
0x638d8b,99.9221%,1,1282,1283,1282,1,0,0
0x4602e9,99.8888%,1,898,899,349,0,1,549
0x4a726b,99.7797%,1,453,454,0,0,1,453
0x676e3c,87.5%,1,7,8,0,0,1,7
0x60c131,88.8889%,1,8,9,0,0,1,8
0x64cce0,99.9949%,1,19458,19459,0,0,1,19458
0x48fc0c,87.5%,1,7,8,0,0,1,7
0x46034e,75%,1,3,4,3,1,0,0
0x4862cf,87.5%,1,7,8,7,1,0,0
0x5553b7,98.7342%,1,78,79,0,0,1,78
0x5d0b9a,99.9933%,1,14847,14848,0,0,1,14847
0x66f065,99.8485%,1,659,660,329,1,0,330
0x4890f3,99.9946%,1,18445,18446,6823,1,0,11622
0x4e160b,99.3939%,1,164,165,0,0,1,164
0x486226,87.5%,1,7,8,0,0,1,7
0x4a8c77,99.3939%,1,164,165,0,0,1,164
0x5e456f,87.5%,1,7,8,7,1,0,0
0x485fed,87.5%,1,7,8,7,1,0,0
0x644b9b,99.9957%,1,23201,23202,23201,1,0,0
0x54aeb9,98.8372%,1,85,86,85,1,0,0
0x5ea61b,99.4286%,1,174,175,0,0,1,174
0x638a0b,99.9943%,1,17412,17413,0,0,1,17412
0x60c38b,66.6667%,1,2,3,2,1,0,0
0x7b1920,94.7368%,1,18,19,0,0,1,18
0x61a6fe,98.3051%,1,58,59,0,0,1,58
0x5f7c01,93.75%,1,15,16,7,1,0,8
0x54f8fe,99.9828%,1,5826,5827,0,0,1,5826
0x550509,99.9914%,1,11653,11654,5827,0,1,5826
0x499c0c,99.3939%,1,164,165,164,1,0,0
0x5e99a2,66.6667%,1,2,3,2,1,0,0
0x5e46c3,87.5%,1,7,8,7,1,0,0
0x5e487a,87.5%,1,7,8,7,1,0,0
0x54f8e9,99.9828%,1,5826,5827,5826,1,0,0
0x45f94b,95.8333%,1,23,24,0,0,1,23
0x4e157f,99.3939%,1,164,165,164,1,0,0
0x4e8f36,75%,1,3,4,3,1,0,0
0x66efb1,99.798%,1,494,495,0,0,1,494
0x48851b,87.5%,1,7,8,0,0,1,7
0x486238,87.5%,1,7,8,7,1,0,0
0x5ea102,100%,0,175,175,0,0,0,175
0x64c6a8,100%,0,9,9,0,0,0,9
0x4e84c3,100%,0,2,2,2,0,0,0
0x487902,100%,0,52,52,0,0,0,52
0x68e8ab,100%,0,29,29,0,0,0,29
0x7a63d1,100%,0,29,29,29,0,0,0
0x64c562,100%,0,9,9,0,0,0,9
0x60c8db,100%,0,12,12,0,0,0,12
0x6840d2,100%,0,12,12,0,0,0,12
0x4a70d4,100%,0,165,165,165,0,0,0
0x7a641a,100%,0,29,29,0,0,0,29
0x7bd983,100%,0,29,29,0,0,0,29
0x460fbd,100%,0,8,8,8,0,0,0
0x45c756,100%,0,26,26,0,0,0,26
0x7b17c8,100%,0,59,59,0,0,0,59
0x488580,100%,0,40,40,32,0,0,8
0x63a0e8,100%,0,9,9,0,0,0,9
0x7ac00a,100%,0,29,29,0,0,0,29
0x5d0b12,100%,0,14848,14848,14848,0,0,0
0x645bff,100%,0,32,32,32,0,0,0
0x490b64,100%,0,5,5,0,0,0,5
0x63a17f,100%,0,9,9,9,0,0,0
0x68d908,100%,0,9,9,0,0,0,9
0x7a63c3,100%,0,29,29,0,0,0,29
0x60cdbc,100%,0,12,12,0,0,0,12
0x550cb7,100%,0,5896,5896,0,0,0,5896
0x5d78e7,100%,0,37,37,37,0,0,0
0x499d5c,100%,0,166,166,166,0,0,0
0x7a63ad,100%,0,29,29,0,0,0,29
0x4607be,100%,0,8,8,0,0,0,8
0x415e1a,100%,0,16,16,16,0,0,0
0x6744ad,100%,0,29,29,0,0,0,29
0x415e9b,100%,0,16,16,16,0,0,0
0x6f7777,100%,0,29,29,29,0,0,0
0x683ed3,100%,0,12,12,0,0,0,12
0x6f7794,100%,0,29,29,0,0,0,29
0x48e8f8,100%,0,165,165,0,0,0,165
0x4a6f79,100%,0,165,165,165,0,0,0
0x5f7daf,100%,0,271,271,0,0,0,271
0x5e9589,100%,0,52,52,0,0,0,52
0x4a70ab,100%,0,16,16,0,0,0,16
0x6ec690,100%,0,33406,33406,33406,0,0,0
0x4e849a,100%,0,4,4,0,0,0,4
0x7bd91e,100%,0,29,29,0,0,0,29
0x48857b,100%,0,40,40,0,0,0,40
0x7b3fcb,100%,0,9,9,0,0,0,9
0x5eae6d,100%,0,16,16,8,0,0,8
0x4a6f71,100%,0,165,165,0,0,0,165
0x5ea620,100%,0,175,175,175,0,0,0
0x7bd948,100%,0,232,232,0,0,0,232
0x7bd917,100%,0,29,29,0,0,0,29
0x7ac029,100%,0,29,29,0,0,0,29
0x48fc32,100%,0,8,8,0,0,0,8
0x7b1c61,100%,0,18,18,0,0,0,18
0x7a640e,100%,0,29,29,29,0,0,0
0x48c5e4,100%,0,79,79,79,0,0,0
0x618bb8,100%,0,187,187,187,0,0,0
0x5eadcb,100%,0,8,8,0,0,0,8
0x7b13a8,100%,0,5868,5868,5868,0,0,0
0x618a47,100%,0,166,166,166,0,0,0
0x5ec40e,100%,0,16,16,0,0,0,16
0x48eadd,100%,0,8,8,0,0,0,8
0x4862f7,100%,0,8,8,0,0,0,8
0x4a75ae,100%,0,170,170,170,0,0,0
0x618987,100%,0,166,166,166,0,0,0
0x4eab1d,100%,0,1,1,0,0,0,1
0x4a71dd,100%,0,112,112,0,0,0,112
0x7b3687,100%,0,122,122,0,0,0,122
0x4b5f43,100%,0,8,8,0,0,0,8
0x461066,100%,0,8,8,0,0,0,8
0x45f936,100%,0,24,24,24,0,0,0
0x639105,100%,0,1283,1283,1283,0,0,0
0x4a704a,100%,0,165,165,165,0,0,0
0x4a8094,100%,0,16,16,16,0,0,0
0x4a8361,100%,0,192,192,192,0,0,0
0x48eabb,100%,0,8,8,0,0,0,8
0x4a80c7,100%,0,16,16,16,0,0,0
0x4a8133,100%,0,16,16,16,0,0,0
0x64e2fb,100%,0,334,334,334,0,0,0
0x48e93f,100%,0,165,165,165,0,0,0
0x4a817d,100%,0,16,16,16,0,0,0
0x5e997b,100%,0,3,3,0,0,0,3
0x4a81a1,100%,0,16,16,8,0,0,8
0x4a7d3f,100%,0,24,24,0,0,0,24
0x617ded,100%,0,165,165,165,0,0,0
0x4f0e43,100%,0,20,20,20,0,0,0
0x415d36,100%,0,16,16,16,0,0,0
0x415e6d,100%,0,16,16,0,0,0,16
0x674211,100%,0,29,29,29,0,0,0
0x49b248,100%,0,20,20,0,0,0,20
0x66f449,100%,0,165,165,165,0,0,0
0x4ea7d8,100%,0,1,1,0,0,0,1
0x4e161a,100%,0,165,165,165,0,0,0
0x5e92b0,100%,0,43,43,0,0,0,43
0x490d35,100%,0,15,15,0,0,0,15
0x48ea37,100%,0,8,8,0,0,0,8
0x4a76ed,100%,0,36,36,0,0,0,36
0x48ea59,100%,0,8,8,0,0,0,8
0x64599f,100%,0,32,32,0,0,0,32
0x61809e,100%,0,16,16,0,0,0,16
0x4a9722,100%,0,12,12,12,0,0,0
0x6180b1,100%,0,16,16,0,0,0,16
0x45fa14,100%,0,40,40,0,0,0,40
0x5ea509,100%,0,8,8,0,0,0,8
0x5d0b51,100%,0,14848,14848,14848,0,0,0
0x618265,100%,0,16,16,0,0,0,16
0x416a4b,100%,0,16,16,0,0,0,16
0x7b1c40,100%,0,12481,12481,0,0,0,12481
0x5eade0,100%,0,8,8,0,0,0,8
0x416a55,100%,0,16,16,0,0,0,16
0x488a28,100%,0,8,8,0,0,0,8
0x41573c,100%,0,16,16,0,0,0,16
0x7b34bb,100%,0,104,104,0,0,0,104
0x41575f,100%,0,16,16,0,0,0,16
0x41576e,100%,0,16,16,0,0,0,16
0x49857b,100%,0,8,8,0,0,0,8
0x489340,100%,0,5807,5807,0,0,0,5807
0x535a7f,100%,0,111,111,0,0,0,111
0x7b22a6,100%,0,38,38,0,0,0,38
0x4ad6be,100%,0,335,335,0,0,0,335
0x487836,100%,0,69,69,0,0,0,69
0x548de7,100%,0,12,12,12,0,0,0
0x674200,100%,0,29,29,0,0,0,29
0x49b3d7,100%,0,12,12,0,0,0,12
0x5e6928,100%,0,79,79,0,0,0,79
0x48c60e,100%,0,79,79,79,0,0,0
0x5a08ad,100%,0,5896,5896,5896,0,0,0
0x535be0,100%,0,52,52,52,0,0,0
0x499170,100%,0,111,111,0,0,0,111
0x547b7c,100%,0,111,111,0,0,0,111
0x4a9aff,100%,0,9,9,0,0,0,9
0x45bd9e,100%,0,100,100,0,0,0,100
0x535b30,100%,0,52,52,52,0,0,0
0x538d67,100%,0,52,52,0,0,0,52
0x63a2f8,100%,0,9,9,0,0,0,9
0x538d8e,100%,0,52,52,0,0,0,52
0x535b69,100%,0,52,52,0,0,0,52
0x535b9e,100%,0,111,111,0,0,0,111
0x535c0f,100%,0,52,52,52,0,0,0
0x4b5d28,100%,0,16,16,0,0,0,16
0x535c33,100%,0,52,52,52,0,0,0
0x5e94a5,100%,0,52,52,0,0,0,52
0x5e9b6a,100%,0,55,55,0,0,0,55
0x461002,100%,0,8,8,0,0,0,8
0x5e9ef0,100%,0,55,55,0,0,0,55
0x5e1007,100%,0,37,37,0,0,0,37
0x4e8272,100%,0,1,1,1,0,0,0
0x7ac054,100%,0,29,29,0,0,0,29
0x490b70,100%,0,5,5,0,0,0,5
0x5ec15d,100%,0,188,188,0,0,0,188
0x5ec167,100%,0,8,8,8,0,0,0
0x4aa0ab,100%,0,9,9,0,0,0,9
0x685b78,100%,0,16,16,0,0,0,16
0x5ec42d,100%,0,16,16,0,0,0,16
0x649f15,100%,0,15,15,0,0,0,15
0x5ec440,100%,0,16,16,0,0,0,16
0x4a83a3,100%,0,192,192,0,0,0,192
0x5e5b69,100%,0,11701,11701,0,0,0,11701
0x54beba,100%,0,5827,5827,5827,0,0,0
0x48caad,100%,0,3,3,0,0,0,3
0x5ea7a9,100%,0,131,131,131,0,0,0
0x5ea7cd,100%,0,175,175,0,0,0,175
0x490836,100%,0,5,5,0,0,0,5
0x499e9a,100%,0,165,165,165,0,0,0
0x5ea748,100%,0,16,16,0,0,0,16
0x45ba72,100%,0,8,8,0,0,0,8
0x4ad6e3,100%,0,124,124,124,0,0,0
0x638783,100%,0,11605,11605,0,0,0,11605
0x416a5b,100%,0,16,16,16,0,0,0
0x66efb6,100%,0,495,495,0,0,0,495
0x45bd4c,100%,0,148,148,100,0,0,48
0x5f7ba8,100%,0,255,255,255,0,0,0
0x45bd76,100%,0,100,100,0,0,0,100
0x490d1a,100%,0,5,5,0,0,0,5
0x7b3691,100%,0,122,122,97,0,0,25
0x60cf3e,100%,0,12,12,0,0,0,12
0x7b1b84,100%,0,9852,9852,9852,0,0,0
0x6743d1,100%,0,29,29,0,0,0,29
0x54958d,100%,0,12,12,12,0,0,0
0x6840d7,100%,0,12,12,0,0,0,12
0x684167,100%,0,12,12,0,0,0,12
0x63a1b1,100%,0,9,9,9,0,0,0
0x7a63e4,100%,0,29,29,0,0,0,29
0x684198,100%,0,12,12,0,0,0,12
0x4878b6,100%,0,69,69,0,0,0,69
0x48c642,100%,0,79,79,79,0,0,0
0x68421c,100%,0,12,12,12,0,0,0
0x60cf2a,100%,0,12,12,12,0,0,0
0x674260,100%,0,29,29,29,0,0,0
0x684310,100%,0,12,12,0,0,0,12
0x645e17,100%,0,32,32,0,0,0,32
0x49b0c8,100%,0,20,20,0,0,0,20
0x5ea640,100%,0,175,175,0,0,0,175
0x6390e3,100%,0,1283,1283,1283,0,0,0
0x415f02,100%,0,16,16,0,0,0,16
0x7b1f40,100%,0,12481,12481,12481,0,0,0
0x6f7b15,100%,0,29,29,0,0,0,29
0x499e3f,100%,0,136,136,136,0,0,0
0x45f8c6,100%,0,24,24,0,0,0,24
0x6841fb,100%,0,12,12,12,0,0,0
0x4a8159,100%,0,16,16,16,0,0,0
0x54ce37,100%,0,12,12,0,0,0,12
0x538d7c,100%,0,52,52,0,0,0,52
0x4a7590,100%,0,170,170,170,0,0,0
0x4a745d,100%,0,136,136,136,0,0,0
0x4b598a,100%,0,11595,11595,0,0,0,11595
0x7a64af,100%,0,29,29,29,0,0,0
0x7a6433,100%,0,29,29,29,0,0,0
0x48630e,100%,0,8,8,0,0,0,8
0x7b35c4,100%,0,19,19,0,0,0,19
0x4a86b7,100%,0,800,800,0,0,0,800
0x5eae5a,100%,0,16,16,8,0,0,8
0x54cd75,100%,0,12,12,0,0,0,12
0x54cd88,100%,0,12,12,0,0,0,12
0x54ab39,100%,0,16,16,16,0,0,0
0x4aa0c8,100%,0,9,9,9,0,0,0
0x54ce47,100%,0,12,12,0,0,0,12
0x549414,100%,0,12,12,12,0,0,0
0x54ce66,100%,0,12,12,0,0,0,12
0x45f8dd,100%,0,24,24,0,0,0,24
0x549907,100%,0,4,4,0,0,0,4
0x4868e4,100%,0,8,8,0,0,0,8
0x549332,100%,0,12,12,0,0,0,12
0x4a80c3,100%,0,16,16,0,0,0,16
0x46030f,100%,0,4,4,0,0,0,4
0x60cd87,100%,0,12,12,0,0,0,12
0x60cda8,100%,0,12,12,0,0,0,12
0x60cdcc,100%,0,12,12,12,0,0,0
0x48eaac,100%,0,8,8,0,0,0,8
0x4a7cf8,100%,0,8,8,0,0,0,8
0x61824e,100%,0,16,16,0,0,0,16
0x5e34c3,100%,0,5795,5795,0,0,0,5795
0x676e97,100%,0,8,8,0,0,0,8
0x45c8ae,100%,0,52,52,0,0,0,52
0x4ad764,100%,0,71,71,71,0,0,0
0x499247,100%,0,52,52,52,0,0,0
0x48e926,100%,0,165,165,0,0,0,165
0x5e4cb3,100%,0,8,8,0,0,0,8
0x4a7500,100%,0,54,54,0,0,0,54
0x618022,100%,0,16,16,16,0,0,0
0x68d7fc,100%,0,9,9,0,0,0,9
0x7abff6,100%,0,29,29,0,0,0,29
0x4984f1,100%,0,11891,11891,6064,0,0,5827
0x48c452,100%,0,50,50,0,0,0,50
0x66f6d3,100%,0,165,165,165,0,0,0
0x649e7c,100%,0,18575,18575,0,0,0,18575
0x60c147,100%,0,9,9,0,0,0,9
0x5a147e,100%,0,40717,40717,40697,0,0,20
0x60c63b,100%,0,12,12,0,0,0,12
0x4a72d7,100%,0,165,165,165,0,0,0
0x63a533,100%,0,9,9,9,0,0,0
0x6f7b35,100%,0,29,29,29,0,0,0
0x4e1573,100%,0,165,165,0,0,0,165
0x683fb3,100%,0,12,12,12,0,0,0
0x66f346,100%,0,825,825,330,0,0,495
0x535ba7,100%,0,111,111,59,0,0,52
0x66f35b,100%,0,495,495,0,0,0,495
0x460eec,100%,0,8,8,0,0,0,8
0x4adb1a,100%,0,166,166,0,0,0,166
0x5ea758,100%,0,16,16,11,0,0,5
0x538dce,100%,0,52,52,0,0,0,52
0x4862f9,100%,0,8,8,0,0,0,8
0x5e9f09,100%,0,55,55,0,0,0,55
0x4eaac1,100%,0,1,1,0,0,0,1
0x406dbc,100%,0,480,480,0,0,0,480
0x68d7c2,100%,0,9,9,0,0,0,9
0x676e48,100%,0,8,8,8,0,0,0
0x4a73f0,100%,0,125,125,125,0,0,0
0x426fb7,100%,0,358,358,0,0,0,358
0x5ec259,100%,0,168,168,0,0,0,168
0x4a7439,100%,0,136,136,136,0,0,0
0x60ce29,100%,0,12,12,12,0,0,0
0x5d9194,100%,0,22,22,0,0,0,22
0x4a7481,100%,0,136,136,136,0,0,0
0x4b5aec,100%,0,11586,11586,0,0,0,11586
0x4ab7cd,100%,0,519,519,519,0,0,0
0x49853e,100%,0,7062,7062,0,0,0,7062
0x554c67,100%,0,79,79,0,0,0,79
0x5e4f85,100%,0,5,5,0,0,0,5
0x7d2242,100%,0,419,419,419,0,0,0
0x487956,100%,0,41,41,16,0,0,25
0x4a74b9,100%,0,166,166,166,0,0,0
0x48620e,100%,0,8,8,0,0,0,8
0x490b3b,100%,0,5,5,0,0,0,5
0x4a74d1,100%,0,125,125,0,0,0,125
0x5dcad4,100%,0,5807,5807,5807,0,0,0
0x49568f,100%,0,11622,11622,11622,0,0,0
0x5a13b1,100%,0,11622,11622,11622,0,0,0
0x5a138c,100%,0,23212,23212,11590,0,0,11622
0x5a1357,100%,0,23284,23284,23264,0,0,20
0x683e87,100%,0,12,12,12,0,0,0
0x5a0d13,100%,0,5827,5827,0,0,0,5827
0x66dd49,100%,0,32,32,24,0,0,8
0x4b59da,100%,0,5798,5798,0,0,0,5798
0x5a0b83,100%,0,11622,11622,5795,0,0,5827
0x4e8302,100%,0,3,3,0,0,0,3
0x5a0a04,100%,0,11622,11622,11622,0,0,0
0x5a0b54,100%,0,5827,5827,0,0,0,5827
0x550be0,100%,0,11622,11622,5827,0,0,5795
0x4b5efa,100%,0,8,8,8,0,0,0
0x7b3069,100%,0,11832,11832,11832,0,0,0
0x499b26,100%,0,28,28,0,0,0,28
0x5e32d6,100%,0,37,37,37,0,0,0
0x5d78c1,100%,0,37,37,37,0,0,0
0x4e8267,100%,0,1,1,0,0,0,1
0x5e002f,100%,0,37,37,0,0,0,37
0x5a1349,100%,0,11642,11642,0,0,0,11642
0x54f8e2,100%,0,5827,5827,0,0,0,5827
0x54f86c,100%,0,5827,5827,5827,0,0,0
0x48914c,100%,0,5827,5827,0,0,0,5827
0x538e0b,100%,0,8,8,8,0,0,0
0x61a6bf,100%,0,59,59,59,0,0,0
0x61a50a,100%,0,59,59,0,0,0,59
0x61a4af,100%,0,59,59,59,0,0,0
0x49921f,100%,0,59,59,0,0,0,59
0x4991e4,100%,0,59,59,0,0,0,59
0x4f0dd9,100%,0,20,20,0,0,0,20
0x45c886,100%,0,52,52,0,0,0,52
0x45c7a8,100%,0,50,50,0,0,0,50
0x5d8f59,100%,0,24,24,24,0,0,0
0x5e3945,100%,0,5807,5807,0,0,0,5807
0x4dbf47,100%,0,1,1,0,0,0,1
0x489368,100%,0,11602,11602,5795,0,0,5807
0x49b0fb,100%,0,20,20,20,0,0,0
0x48854a,100%,0,8,8,0,0,0,8
0x5ec72f,100%,0,24,24,0,0,0,24
0x5ec71d,100%,0,60,60,36,0,0,24
0x5a1486,100%,0,20,20,20,0,0,0
0x4aa167,100%,0,12,12,0,0,0,12
0x4a96ea,100%,0,12,12,12,0,0,0
0x4a968d,100%,0,12,12,12,0,0,0
0x4a967e,100%,0,12,12,12,0,0,0
0x48faf9,100%,0,8,8,0,0,0,8
0x4f0d71,100%,0,20,20,20,0,0,0
0x4f0d69,100%,0,20,20,0,0,0,20
0x683f81,100%,0,12,12,12,0,0,0
0x683eb8,100%,0,12,12,0,0,0,12
0x683cff,100%,0,12,12,0,0,0,12
0x683cd0,100%,0,12,12,12,0,0,0
0x4e8a43,100%,0,1,1,0,0,0,1
0x683ccb,100%,0,12,12,0,0,0,12
0x683cc2,100%,0,12,12,0,0,0,12
0x49b1bf,100%,0,12,12,0,0,0,12
0x4ea7af,100%,0,1,1,0,0,0,1
0x548e2e,100%,0,12,12,12,0,0,0
0x49b04d,100%,0,32,32,12,0,0,20
0x5dca54,100%,0,5807,5807,0,0,0,5807
0x460799,100%,0,8,8,0,0,0,8
0x645c31,100%,0,32,32,32,0,0,0
0x460f97,100%,0,8,8,0,0,0,8
0x460f60,100%,0,8,8,0,0,0,8
0x460f35,100%,0,8,8,8,0,0,0
0x460f26,100%,0,8,8,0,0,0,8
0x460efb,100%,0,8,8,8,0,0,0
0x460801,100%,0,8,8,0,0,0,8
0x4607ec,100%,0,8,8,0,0,0,8
0x4607ad,100%,0,8,8,0,0,0,8
0x486192,100%,0,5803,5803,0,0,0,5803
0x486767,100%,0,8,8,0,0,0,8
0x4866f1,100%,0,8,8,0,0,0,8
0x4866c7,100%,0,8,8,0,0,0,8
0x4866bb,100%,0,8,8,0,0,0,8
0x486678,100%,0,8,8,0,0,0,8
0x460fa6,100%,0,8,8,0,0,0,8
0x639c5c,100%,0,9,9,9,0,0,0
0x4868ea,100%,0,8,8,0,0,0,8
0x48650f,100%,0,8,8,0,0,0,8
0x486506,100%,0,8,8,0,0,0,8
0x4864fd,100%,0,8,8,0,0,0,8
0x4864f5,100%,0,8,8,0,0,0,8
0x4b5aab,100%,0,11586,11586,0,0,0,11586
0x486481,100%,0,8,8,0,0,0,8
0x7b3797,100%,0,129,129,0,0,0,129
0x486454,100%,0,8,8,0,0,0,8
0x4863dd,100%,0,8,8,0,0,0,8
0x45b79e,100%,0,54,54,0,0,0,54
0x45b786,100%,0,54,54,0,0,0,54
0x48616e,100%,0,5803,5803,0,0,0,5803
0x48629e,100%,0,8,8,0,0,0,8
0x48fae3,100%,0,8,8,0,0,0,8
0x460ac2,100%,0,3,3,0,0,0,3
0x488087,100%,0,8,8,0,0,0,8
0x460a9c,100%,0,3,3,0,0,0,3
0x485ff9,100%,0,8,8,0,0,0,8
0x485fde,100%,0,8,8,0,0,0,8
0x48fbf2,100%,0,8,8,0,0,0,8
0x495678,100%,0,11642,11642,20,0,0,11622
0x486186,100%,0,5803,5803,0,0,0,5803
0x4927c7,100%,0,35,35,35,0,0,0
0x48617d,100%,0,5803,5803,0,0,0,5803
0x5e4b26,100%,0,8,8,0,0,0,8
0x48630c,100%,0,8,8,0,0,0,8
0x462151,100%,0,8,8,0,0,0,8
0x4862b0,100%,0,8,8,0,0,0,8
0x5dad2c,100%,0,11602,11602,11602,0,0,0
0x4861d6,100%,0,8,8,0,0,0,8
0x5e4bc2,100%,0,8,8,0,0,0,8
0x486245,100%,0,8,8,8,0,0,0
0x48621d,100%,0,8,8,0,0,0,8
0x5e4d25,100%,0,8,8,0,0,0,8
0x63a302,100%,0,9,9,0,0,0,9
0x4e84a0,100%,0,4,4,4,0,0,0
0x495745,100%,0,11642,11642,11642,0,0,0
0x4b59c0,100%,0,5798,5798,0,0,0,5798
0x5e99d1,100%,0,3,3,0,0,0,3
0x5e9993,100%,0,3,3,0,0,0,3
0x5e9983,100%,0,3,3,0,0,0,3
0x461187,100%,0,8,8,0,0,0,8
0x461004,100%,0,8,8,0,0,0,8
0x5e3316,100%,0,32,32,0,0,0,32
0x7b405f,100%,0,97,97,0,0,0,97
0x4b5d71,100%,0,16,16,0,0,0,16
0x4b5cf0,100%,0,16,16,16,0,0,0
0x45f9b1,100%,0,396,396,372,0,0,24
0x45f9a8,100%,0,396,396,0,0,0,396
0x45f942,100%,0,24,24,0,0,0,24
0x45f929,100%,0,192,192,168,0,0,24
0x45f8ee,100%,0,24,24,0,0,0,24
0x4b5ce0,100%,0,16,16,0,0,0,16
0x4b5cce,100%,0,16,16,0,0,0,16
0x487fd0,100%,0,8,8,0,0,0,8
0x645c63,100%,0,32,32,32,0,0,0
0x645b84,100%,0,32,32,0,0,0,32
0x645b68,100%,0,32,32,0,0,0,32
0x64596b,100%,0,32,32,0,0,0,32
0x645d87,100%,0,32,32,0,0,0,32
0x4e9092,100%,0,1,1,1,0,0,0
0x4eab14,100%,0,1,1,0,0,0,1
0x4eaaec,100%,0,1,1,0,0,0,1
0x4ea7f6,100%,0,1,1,0,0,0,1
0x4eab6d,100%,0,1,1,0,0,0,1
0x46031f,100%,0,4,4,0,0,0,4
0x5498f7,100%,0,4,4,0,0,0,4
0x4e9141,100%,0,3,3,0,0,0,3
0x4e91c8,100%,0,2,2,0,0,0,2
0x4e967a,100%,0,1,1,1,0,0,0
0x4ecffe,100%,0,1,1,0,0,0,1
0x4b5ee9,100%,0,8,8,0,0,0,8
0x4e8b1e,100%,0,1,1,0,0,0,1
0x4e8a5e,100%,0,1,1,0,0,0,1
0x40683f,100%,0,8,8,0,0,0,8
0x7b13f9,100%,0,19,19,0,0,0,19
0x7b36ae,100%,0,113,113,0,0,0,113
0x7b4079,100%,0,97,97,0,0,0,97
0x7b3670,100%,0,122,122,0,0,0,122
0x7b3fe4,100%,0,9,9,9,0,0,0
0x7b22bb,100%,0,38,38,0,0,0,38
0x4a83af,100%,0,192,192,192,0,0,0
0x49865b,100%,0,8,8,0,0,0,8
0x6441fe,100%,0,8,8,0,0,0,8
0x4888e0,100%,0,8,8,8,0,0,0
0x54ad3f,100%,0,8,8,8,0,0,0
0x488856,100%,0,8,8,8,0,0,0
0x48858c,100%,0,8,8,8,0,0,0
0x48855b,100%,0,8,8,0,0,0,8
0x488047,100%,0,8,8,8,0,0,0
0x4ed01a,100%,0,1,1,0,0,0,1
0x40682d,100%,0,8,8,8,0,0,0
0x4067d0,100%,0,8,8,8,0,0,0
0x487fb6,100%,0,8,8,0,0,0,8
0x676ebf,100%,0,24,24,24,0,0,0
0x676e0a,100%,0,8,8,0,0,0,8
0x676dfb,100%,0,40,40,0,0,0,40
0x676dca,100%,0,8,8,0,0,0,8
0x54abaa,100%,0,16,16,0,0,0,16
0x4b5f82,100%,0,8,8,8,0,0,0
0x4b5ed9,100%,0,8,8,0,0,0,8
0x645fb3,100%,0,32,32,32,0,0,0
0x645ed3,100%,0,32,32,32,0,0,0
0x645eb2,100%,0,32,32,32,0,0,0
0x645e49,100%,0,32,32,0,0,0,32
0x4b59e6,100%,0,5798,5798,0,0,0,5798
0x64e27c,100%,0,334,334,0,0,0,334
0x639261,100%,0,1283,1283,1283,0,0,0
0x639eeb,100%,0,9,9,0,0,0,9
0x550c10,100%,0,5795,5795,0,0,0,5795
0x550be5,100%,0,5795,5795,0,0,0,5795
0x550a5a,100%,0,5795,5795,0,0,0,5795
0x550a17,100%,0,5795,5795,0,0,0,5795
0x5505c3,100%,0,5795,5795,0,0,0,5795
0x4b128e,100%,0,5803,5803,5803,0,0,0
0x5d901e,100%,0,9,9,9,0,0,0
0x5d8fef,100%,0,9,9,9,0,0,0
0x4b5ae6,100%,0,11586,11586,11586,0,0,0
0x4b5a19,100%,0,11586,11586,0,0,0,11586
0x645d78,100%,0,32,32,0,0,0,32
0x490cdd,100%,0,5,5,0,0,0,5
0x7b34c8,100%,0,104,104,104,0,0,0
0x490cc6,100%,0,5,5,0,0,0,5
0x406db2,100%,0,480,480,0,0,0,480
0x45c76e,100%,0,26,26,0,0,0,26
0x5d8f0f,100%,0,22,22,0,0,0,22
0x48943f,100%,0,5795,5795,5795,0,0,0
0x644cfe,100%,0,23202,23202,23202,0,0,0
0x644cb0,100%,0,23202,23202,0,0,0,23202
0x485f8d,100%,0,5807,5807,5807,0,0,0
0x485f7e,100%,0,5807,5807,0,0,0,5807
0x5dcacf,100%,0,5807,5807,0,0,0,5807
0x4909ae,100%,0,5,5,0,0,0,5
0x5dcaa9,100%,0,5807,5807,5807,0,0,0
0x5dca69,100%,0,5807,5807,5807,0,0,0
0x645fc7,100%,0,32,32,0,0,0,32
0x49082d,100%,0,5,5,0,0,0,5
0x48da77,100%,0,3,3,0,0,0,3
0x48cbe2,100%,0,3,3,3,0,0,0
0x48cbb8,100%,0,3,3,0,0,0,3
0x48cb35,100%,0,3,3,0,0,0,3
0x48caf0,100%,0,3,3,0,0,0,3
0x48cabc,100%,0,3,3,0,0,0,3
0x48c99c,100%,0,3,3,0,0,0,3
0x45bafe,100%,0,3,3,3,0,0,0
0x66dd29,100%,0,40,40,32,0,0,8
0x649f4f,100%,0,15,15,0,0,0,15
0x7b406e,100%,0,97,97,0,0,0,97
0x490a2d,100%,0,15,15,0,0,0,15
0x4947ca,100%,0,7,7,0,0,0,7
0x4908de,100%,0,15,15,0,0,0,15
0x45b715,100%,0,30,30,0,0,0,30
0x4a740d,100%,0,41,41,41,0,0,0
0x45fc47,100%,0,15,15,0,0,0,15
0x63a595,100%,0,9,9,9,0,0,0
0x4e8bdd,100%,0,2,2,0,0,0,2
0x63a453,100%,0,9,9,9,0,0,0
0x63a432,100%,0,9,9,9,0,0,0
0x63a397,100%,0,9,9,0,0,0,9
0x63a307,100%,0,9,9,0,0,0,9
0x4a9aef,100%,0,9,9,9,0,0,0
0x63a1e3,100%,0,9,9,9,0,0,0
0x406865,100%,0,8,8,8,0,0,0
0x63a0b7,100%,0,9,9,9,0,0,0
0x639ef0,100%,0,9,9,9,0,0,0
0x639ee2,100%,0,9,9,0,0,0,9
0x60cf8c,100%,0,12,12,12,0,0,0
0x48cae3,100%,0,3,3,0,0,0,3
0x4a74a0,100%,0,136,136,136,0,0,0
0x499186,100%,0,111,111,111,0,0,0
0x48c9a5,100%,0,3,3,0,0,0,3
0x64cf0b,100%,0,434,434,0,0,0,434
0x48c9fe,100%,0,3,3,0,0,0,3
0x4866d9,100%,0,8,8,0,0,0,8
0x6841a8,100%,0,12,12,12,0,0,0
0x4a97c2,100%,0,9,9,0,0,0,9
0x45bd89,100%,0,100,100,0,0,0,100
0x54da57,100%,0,271,271,0,0,0,271
0x7b33c8,100%,0,1017,1017,1017,0,0,0
0x7a64bc,100%,0,29,29,0,0,0,29
0x61800b,100%,0,16,16,0,0,0,16
0x485f99,100%,0,5807,5807,0,0,0,5807
0x60c62b,100%,0,12,12,0,0,0,12
0x5eadf3,100%,0,8,8,0,0,0,8
0x45c7b6,100%,0,50,50,50,0,0,0
0x7b1c24,100%,0,12481,12481,0,0,0,12481
0x7b1bfb,100%,0,12481,12481,0,0,0,12481
0x461682,100%,0,19,19,19,0,0,0
0x7b34a2,100%,0,738,738,0,0,0,738
0x64ce12,100%,0,12686,12686,0,0,0,12686
0x64ce17,100%,0,12686,12686,0,0,0,12686
0x6ee670,100%,0,1,1,1,0,0,0
0x7a6409,100%,0,29,29,0,0,0,29
0x4a732b,100%,0,166,166,166,0,0,0
0x676e0f,100%,0,8,8,8,0,0,0
0x5eae44,100%,0,16,16,16,0,0,0
0x64cf4e,100%,0,434,434,434,0,0,0
0x4a81d4,100%,0,16,16,16,0,0,0
0x60cad8,100%,0,12,12,0,0,0,12
0x54ab9b,100%,0,16,16,0,0,0,16
0x638db2,100%,0,1283,1283,0,0,0,1283
0x5d788b,100%,0,37,37,0,0,0,37
0x64e322,100%,0,334,334,0,0,0,334
0x499287,100%,0,59,59,0,0,0,59
0x638fb2,100%,0,1505,1505,0,0,0,1505
0x460f6f,100%,0,8,8,8,0,0,0
0x7b1c13,100%,0,12481,12481,0,0,0,12481
0x6840c8,100%,0,12,12,0,0,0,12
0x4a97ec,100%,0,9,9,0,0,0,9
0x66f764,100%,0,166,166,166,0,0,0
0x54a4c8,100%,0,59,59,59,0,0,0
0x460a73,100%,0,3,3,0,0,0,3
0x48809c,100%,0,8,8,8,0,0,0
0x64ccc0,100%,0,10275,10275,0,0,0,10275
0x64ccae,100%,0,6302,6302,0,0,0,6302
0x535cd1,100%,0,59,59,59,0,0,0
0x4996e0,100%,0,17579,17579,0,0,0,17579
0x68842d,100%,0,9,9,0,0,0,9
0x4861be,100%,0,8,8,0,0,0,8
0x41597f,100%,0,16,16,16,0,0,0
0x45b9ff,100%,0,61,61,0,0,0,61
0x48853e,100%,0,8,8,0,0,0,8
0x492778,100%,0,5,5,0,0,0,5
0x5d0b89,100%,0,14848,14848,0,0,0,14848
0x7bd864,100%,0,29,29,29,0,0,0
0x535a09,100%,0,111,111,111,0,0,0
0x7b1c32,100%,0,12481,12481,0,0,0,12481
0x60caf4,100%,0,12,12,0,0,0,12
0x499703,100%,0,17718,17718,0,0,0,17718
0x674e0b,100%,0,29,29,0,0,0,29
0x60c53f,100%,0,12,12,12,0,0,0
0x48fc1b,100%,0,8,8,0,0,0,8
0x617aa0,100%,0,518,518,518,0,0,0
0x64999d,100%,0,9,9,0,0,0,9
0x4a97a9,100%,0,12,12,0,0,0,12
0x490d0b,100%,0,5,5,0,0,0,5
0x674251,100%,0,29,29,0,0,0,29
0x45f8cc,100%,0,24,24,0,0,0,24
0x5e9f0e,100%,0,55,55,55,0,0,0
0x415880,100%,0,16,16,16,0,0,0
0x64df90,100%,0,10692,10692,10692,0,0,0
0x64c321,100%,0,9,9,9,0,0,0
0x48cba9,100%,0,3,3,0,0,0,3
0x499d9d,100%,0,246,246,246,0,0,0
0x7b1c6b,100%,0,18,18,0,0,0,18
0x7b4247,100%,0,6980,6980,0,0,0,6980
0x406d07,100%,0,480,480,480,0,0,0
0x4607d6,100%,0,8,8,0,0,0,8
0x64cee9,100%,0,434,434,434,0,0,0
0x4a780b,100%,0,170,170,170,0,0,0
0x54f2c7,100%,0,69,69,0,0,0,69
0x498589,100%,0,8,8,8,0,0,0
0x64d04f,100%,0,434,434,434,0,0,0
0x7b1c8a,100%,0,16,16,0,0,0,16
0x416517,100%,0,16,16,0,0,0,16
0x5ea4b1,100%,0,8,8,0,0,0,8
0x4e8e76,100%,0,1,1,0,0,0,1
0x547aca,100%,0,59,59,59,0,0,0
0x486449,100%,0,8,8,0,0,0,8
0x4ebee7,100%,0,3,3,0,0,0,3
0x538de7,100%,0,60,60,0,0,0,60
0x45ba5e,100%,0,8,8,0,0,0,8
0x7b30c2,100%,0,5868,5868,0,0,0,5868
0x7b1399,100%,0,5868,5868,0,0,0,5868
0x4a766a,100%,0,170,170,0,0,0,170
0x68417b,100%,0,12,12,0,0,0,12
0x7b1403,100%,0,19,19,0,0,0,19
0x45f98c,100%,0,396,396,24,0,0,372
0x48e9e1,100%,0,166,166,0,0,0,166
0x645e38,100%,0,32,32,0,0,0,32
0x5ea661,100%,0,16,16,0,0,0,16
0x674e26,100%,0,29,29,0,0,0,29
0x7a639a,100%,0,29,29,0,0,0,29
0x4862bd,100%,0,8,8,0,0,0,8
0x63a3d9,100%,0,9,9,9,0,0,0
0x64c67a,100%,0,9,9,9,0,0,0
0x645b37,100%,0,32,32,32,0,0,0
0x4168e1,100%,0,16,16,16,0,0,0
0x4863fe,100%,0,8,8,0,0,0,8
0x5ea00e,100%,0,55,55,0,0,0,55
0x5dfcc2,100%,0,37,37,0,0,0,37
0x547d1c,100%,0,16,16,0,0,0,16
0x486462,100%,0,8,8,0,0,0,8
0x7b14a7,100%,0,133,133,0,0,0,133
0x4926d4,100%,0,5,5,0,0,0,5
0x460290,100%,0,727,727,30,0,0,697
0x63a547,100%,0,9,9,0,0,0,9
0x5ec7bf,100%,0,857,857,857,0,0,0
0x4f0d45,100%,0,20,20,0,0,0,20
0x48c3c3,100%,0,10,10,0,0,0,10
0x617d05,100%,0,518,518,518,0,0,0
0x4a71eb,100%,0,112,112,0,0,0,112
0x45fc3b,100%,0,15,15,0,0,0,15
0x4a7d4a,100%,0,24,24,24,0,0,0
0x48ca15,100%,0,3,3,3,0,0,0
0x5d0ac2,100%,0,29,29,0,0,0,29
0x644921,100%,0,23202,23202,23202,0,0,0
0x490ba6,100%,0,5,5,0,0,0,5
0x684188,100%,0,12,12,0,0,0,12
0x4863f6,100%,0,8,8,0,0,0,8
0x5a0e57,100%,0,32,32,32,0,0,0
0x5a0e3d,100%,0,32,32,0,0,0,32
0x4a71ce,100%,0,112,112,0,0,0,112
0x5504c3,100%,0,5795,5795,5795,0,0,0
0x5a0da4,100%,0,32,32,0,0,0,32
0x66dd61,100%,0,8,8,8,0,0,0
0x645e59,100%,0,32,32,32,0,0,0
0x415d17,100%,0,185,185,169,0,0,16
0x60caa7,100%,0,12,12,12,0,0,0
0x490be6,100%,0,5,5,0,0,0,5
0x60c8e0,100%,0,12,12,12,0,0,0
0x4a756e,100%,0,170,170,0,0,0,170
0x60c8d2,100%,0,12,12,0,0,0,12
0x645d82,100%,0,32,32,0,0,0,32
0x4e8ea3,100%,0,1,1,0,0,0,1
0x49c014,100%,0,5807,5807,0,0,0,5807
0x48797c,100%,0,25,25,16,0,0,9
0x68841a,100%,0,9,9,0,0,0,9
0x68d8da,100%,0,9,9,9,0,0,0
0x4e89b0,100%,0,1,1,0,0,0,1
0x4861cd,100%,0,8,8,0,0,0,8
0x461013,100%,0,8,8,0,0,0,8
0x499235,100%,0,111,111,59,0,0,52
0x4e8e19,100%,0,1,1,0,0,0,1
0x486773,100%,0,8,8,0,0,0,8
0x645e2b,100%,0,32,32,0,0,0,32
0x5e94d5,100%,0,52,52,0,0,0,52
0x5ea01c,100%,0,52,52,52,0,0,0
0x63912f,100%,0,1283,1283,1283,0,0,0
0x674da3,100%,0,29,29,29,0,0,0
0x5361b8,100%,0,52,52,52,0,0,0
0x674d99,100%,0,29,29,0,0,0,29
0x66ef6f,100%,0,495,495,495,0,0,0
0x415750,100%,0,16,16,0,0,0,16
0x5ec137,100%,0,188,188,0,0,0,188
0x5d0ae6,100%,0,29,29,0,0,0,29
0x54cd7f,100%,0,12,12,0,0,0,12
0x487921,100%,0,52,52,27,0,0,25
0x48c9e5,100%,0,3,3,0,0,0,3
0x645970,100%,0,32,32,32,0,0,0
0x63877c,100%,0,11605,11605,0,0,0,11605
0x54ed27,100%,0,5889,5889,0,0,0,5889
0x48c927,100%,0,1,1,0,0,0,1
0x5ea155,100%,0,159,159,0,0,0,159
0x4a769f,100%,0,12891,12891,0,0,0,12891
0x5a0d84,100%,0,32,32,0,0,0,32
0x675197,100%,0,29,29,0,0,0,29
0x4a75eb,100%,0,170,170,170,0,0,0
0x64c56b,100%,0,9,9,0,0,0,9
0x674207,100%,0,29,29,0,0,0,29
0x415f21,100%,0,16,16,0,0,0,16
0x6391af,100%,0,1283,1283,1283,0,0,0
0x5ec475,100%,0,16,16,16,0,0,0
0x4dc088,100%,0,207,207,0,0,0,207
0x4a821a,100%,0,8,8,0,0,0,8
0x617e9f,100%,0,165,165,0,0,0,165
0x7b17d6,100%,0,59,59,0,0,0,59
0x460ae8,100%,0,3,3,0,0,0,3
0x6f7b5f,100%,0,29,29,29,0,0,0
0x64d25f,100%,0,12252,12252,12252,0,0,0
0x49a40d,100%,0,99,99,0,0,0,99
0x461666,100%,0,9,9,0,0,0,9
0x674e5c,100%,0,29,29,0,0,0,29
0x7b203a,100%,0,12481,12481,0,0,0,12481
0x63a3b8,100%,0,9,9,0,0,0,9
0x5e7a65,100%,0,17422,17422,0,0,0,17422
0x68d7cb,100%,0,9,9,0,0,0,9
0x645962,100%,0,32,32,0,0,0,32
0x49b3c6,100%,0,12,12,0,0,0,12
0x7b1c95,100%,0,12481,12481,0,0,0,12481
0x4a76d5,100%,0,36,36,36,0,0,0
0x64cca9,100%,0,6302,6302,0,0,0,6302
0x4aad21,100%,0,8,8,0,0,0,8
0x7b1c07,100%,0,12481,12481,12481,0,0,0
0x646015,100%,0,32,32,32,0,0,0
0x49a4dd,100%,0,99,99,99,0,0,0
0x48c482,100%,0,20,20,5,0,0,15
0x4a722e,100%,0,165,165,0,0,0,165
0x676e33,100%,0,8,8,0,0,0,8
0x5d0acb,100%,0,29,29,0,0,0,29
0x67e918,100%,0,9,9,9,0,0,0
0x4e1639,100%,0,165,165,0,0,0,165
0x6448ef,100%,0,23202,23202,23202,0,0,0
0x4067c2,100%,0,8,8,0,0,0,8
0x60cce8,100%,0,12,12,0,0,0,12
0x4a71b3,100%,0,165,165,165,0,0,0
0x490901,100%,0,10,10,0,0,0,10
0x64dfbf,100%,0,10692,10692,0,0,0,10692
0x5ec48f,100%,0,16,16,0,0,0,16
0x490c3c,100%,0,5,5,0,0,0,5
0x60c361,100%,0,9,9,0,0,0,9
0x48fb81,100%,0,8,8,0,0,0,8
0x45ba52,100%,0,8,8,0,0,0,8
0x60ccf2,100%,0,12,12,0,0,0,12
0x4ad774,100%,0,71,71,71,0,0,0
0x4a8474,100%,0,192,192,192,0,0,0
0x5e948b,100%,0,52,52,0,0,0,52
0x5ec357,100%,0,92,92,59,0,0,33
0x4a9667,100%,0,12,12,12,0,0,0
0x63a104,100%,0,9,9,0,0,0,9
0x66ef8e,100%,0,495,495,495,0,0,0
0x64df82,100%,0,10692,10692,0,0,0,10692
0x7b1cb3,100%,0,10626,10626,0,0,0,10626
0x487f7b,100%,0,8,8,0,0,0,8
0x7b32bf,100%,0,700,700,700,0,0,0
0x63a3c9,100%,0,9,9,0,0,0,9
0x63a3ab,100%,0,9,9,0,0,0,9
0x7b31d6,100%,0,21455,21455,0,0,0,21455
0x7b1bae,100%,0,22911,22911,13059,0,0,9852
0x60c375,100%,0,9,9,0,0,0,9
0x66f3ea,100%,0,330,330,0,0,0,330
0x68d7d0,100%,0,9,9,9,0,0,0
