Branch PC,Accuracy,Mispredictions,Correct Predictions,Total,dir_t_pred_t,dir_t_pred_nt,dir_nt_pred_t,dir_nt_pred_nt
aggregate,99.8288%,79594,46406392,46485986,12994566,29454,50140,33411826
0x638ed8,99.7174%,12626,4454611,4467237,4127172,4380,8246,327439
0x64cc86,99.7464%,10916,4294173,4305089,4293508,242,10674,665
0x7b358e,93.4457%,8845,126105,134950,121394,1156,7689,4711
0x64d0d3,98.0957%,6454,332468,338922,163008,3381,3073,169460
0x64cc75,99.8723%,5503,4305327,4310830,342,5399,104,4304985
0x406ce1,92.8178%,4594,59370,63964,29388,1403,3191,29982
0x64cec8,83.4672%,4589,23168,27757,16479,1583,3006,6689
0x406c31,90.9187%,3608,36122,39730,28188,1498,2110,7934
0x638eec,99.5826%,1401,334284,335685,319615,189,1212,14669
0x638ecb,99.9704%,1324,4467218,4468542,0,1305,19,4467218
0x638d03,93.2259%,1202,16542,17744,16402,37,1165,140
0x7b3597,90.3065%,1202,11198,12400,7411,501,701,3787
0x64d0f2,99.2854%,1189,165200,166389,9447,617,572,155753
0x406b67,89.9478%,1155,10335,11490,9895,331,824,440
0x406c06,99.0351%,952,97714,98666,87422,419,533,10292
0x7b347d,92.4435%,937,11463,12400,4625,608,329,6838
0x406c39,92.8808%,818,10672,11490,804,662,156,9868
0x7b320a,95.9436%,760,17976,18736,10829,488,272,7147
0x7b1cd3,92.048%,735,8508,9243,45,618,117,8463
0x7b303a,96.2683%,573,14782,15355,4534,220,353,10248
0x7b1ca1,94.5483%,560,9712,10272,637,392,168,9075
0x7b321b,92.654%,545,6874,7419,6761,62,483,113
0x7b327b,92.6132%,504,6319,6823,5008,91,413,1311
0x406c0b,96.1532%,442,11048,11490,1189,257,185,9859
0x406d92,96.6352%,424,12177,12601,12168,15,409,9
0x7b3236,93.4855%,371,5324,5695,4773,81,290,551
0x7b3496,95.4932%,323,6844,7167,5462,181,142,1382
0x64e273,97.7782%,244,10738,10982,10630,9,235,108
0x7b2fc5,98.9851%,237,23114,23351,9923,119,118,13191
0x7b31b5,99.1833%,237,28781,29018,7794,159,78,20987
0x7b3774,97.2068%,221,7691,7912,379,152,69,7312
0x7b1d08,97.8777%,218,10054,10272,1162,96,122,8892
0x7b3806,97.2945%,206,7408,7614,419,155,51,6989
0x7b1b7f,99.2592%,173,23179,23352,12367,77,96,10812
0x7b13d8,99.6889%,172,55108,55280,7119,101,71,47989
0x64a793,99.9732%,169,631586,631755,53794,102,67,577792
0x7b337d,92.9741%,163,2157,2320,7,147,16,2150
0x4ab909,98.9809%,139,13501,13640,13288,36,103,213
0x7b32e4,95.1694%,134,2640,2774,2621,27,107,19
0x64a748,99.9122%,127,144496,144623,37314,51,76,107182
0x4a76b9,99.1038%,120,13270,13390,13221,22,98,49
0x678c33,99.9567%,120,277208,277328,35308,45,75,241900
0x7b3323,97.6858%,118,4981,5099,64,91,27,4917
0x7b3354,95.4583%,110,2312,2422,4,98,12,2308
0x5ea1d4,93.2466%,109,1505,1614,1449,29,80,56
0x7b3610,98.0818%,106,5420,5526,4957,40,66,463
0x638f7a,99.3703%,100,15781,15881,14609,29,71,1172
0x7b2fa5,99.7075%,100,34092,34192,10794,47,53,23298
0x406b4d,99.7373%,91,34548,34639,23102,47,44,11446
0x7b1af5,99.7353%,89,33535,33624,10226,46,43,23309
0x7b3251,90.106%,84,765,849,76,50,34,689
0x64ccea,99.5532%,77,17157,17234,6767,43,34,10390
0x7b34af,95.1444%,74,1450,1524,1258,34,40,192
0x406b91,99.3734%,72,11418,11490,624,41,31,10794
0x7b3020,99.6552%,72,20811,20883,5489,39,33,15322
0x64ced9,99.2677%,71,9624,9695,9291,44,27,333
0x64cbce,99.6515%,62,17731,17793,10949,33,29,6782
0x7b1469,99.3828%,62,9984,10046,7195,25,37,2789
0x45f97f,94.4911%,59,1012,1071,706,23,36,306
0x7b1490,99.4326%,57,9989,10046,9977,18,39,12
0x64a777,99.8982%,55,53969,54024,104,24,31,53865
0x7b361a,89.7921%,54,475,529,470,18,36,5
0x45f909,97.2536%,51,1806,1857,1792,17,34,14
0x678c38,99.9793%,50,241925,241975,52677,19,31,189248
0x4996c7,99.8698%,46,35283,35329,17370,27,19,17913
0x64cf6f,87.7778%,44,316,360,303,10,34,13
0x7b151b,99.9222%,43,55237,55280,49736,16,27,5501
0x64cc51,99.7563%,42,17192,17234,118,30,12,17074
0x7b37f9,99.4615%,41,7573,7614,5468,15,26,2105
0x4ab8e0,99.6994%,41,13599,13640,13599,13,28,0
0x64cebb,99.8969%,39,37782,37821,10046,18,21,27736
0x4ab7f9,92.915%,35,459,494,160,22,13,299
0x7b32e6,73.0159%,34,92,126,2,18,16,90
0x5a1401,99.9589%,34,82693,82727,29528,10,24,53165
0x66db99,98.7956%,33,2707,2740,1686,17,16,1021
0x5d0c0a,99.7917%,32,15328,15360,15328,2,30,0
0x4dbff5,90.4321%,31,293,324,173,14,17,120
0x678c13,99.9892%,30,278358,278388,35840,13,17,242518
0x538db4,85.9903%,29,178,207,164,8,21,14
0x64cd2f,99.8375%,28,17206,17234,11327,13,15,5879
0x54afc8,80.1418%,28,113,141,48,9,19,65
0x66dbb9,99.1781%,27,3258,3285,2232,16,11,1026
0x7b31ec,99.4916%,26,5088,5114,4697,15,11,391
0x649a4c,99.8612%,25,17992,18017,1134,18,7,16858
0x4157a8,93.8119%,25,379,404,372,9,16,7
0x7b3788,99.684%,25,7887,7912,7604,10,15,283
0x649a90,99.8518%,25,16840,16865,10979,15,10,5861
0x7b377e,99.6748%,24,7357,7381,7357,5,19,0
0x66dbe3,94.9686%,24,453,477,296,13,11,157
0x678c20,99.9901%,24,242511,242535,53242,12,12,189269
0x617d49,95.6685%,23,508,531,352,7,16,156
0x7b363a,63.4921%,23,40,63,9,13,10,31
0x45bdbf,75.7895%,23,72,95,29,15,8,43
0x7b31e7,99.8956%,22,21043,21065,15939,12,10,5104
0x7b1c4a,99.7858%,22,10250,10272,10248,4,18,2
0x64a0b9,95.2688%,22,443,465,277,9,13,166
0x45b74f,77.1739%,21,71,92,25,10,11,46
0x7b3347,99.5543%,21,4691,4712,2281,9,12,2410
0x4a80b9,95.0495%,20,384,404,375,6,14,9
0x4a76ad,99.851%,20,13402,13422,15,17,3,13387
0x66dbd4,98.0714%,20,1017,1037,550,10,10,467
0x4602f1,96.3532%,19,502,521,200,13,6,302
0x4a7249,96.0089%,18,433,451,271,8,10,162
0x64ccb7,99.7918%,18,8629,8647,2940,8,10,5689
0x64cc9d,99.8433%,18,11469,11487,2826,14,4,8643
0x547d3a,95.7921%,17,387,404,380,1,16,7
0x64a7a7,99.9971%,17,577842,577859,577842,17,0,0
0x498459,99.9636%,17,46634,46651,23864,9,8,22770
0x7b31fd,99.9146%,16,18729,18745,0,9,7,18729
0x4ad6cc,95.2239%,16,319,335,120,11,5,199
0x7d2236,99.7468%,16,6304,6320,5894,15,1,410
0x4a85b0,95.5556%,16,344,360,342,2,14,2
0x4a6fd9,91.2791%,15,157,172,122,5,10,35
0x7b14c3,70.5882%,15,36,51,1,8,7,35
0x7b14de,99.8606%,14,10032,10046,2,7,7,10030
0x4a73b7,91.8605%,14,158,172,45,9,5,113
0x498413,99.9852%,14,94403,94417,47758,8,6,46645
0x48c6d1,77.193%,13,44,57,44,6,7,0
0x5dfb81,99.9753%,13,52675,52688,0,0,13,52675
0x64cc6f,99.9997%,13,4310823,4310836,0,6,7,4310823
0x64a754,99.9888%,12,107246,107258,53229,5,7,54017
0x674e57,99.6875%,12,3828,3840,3804,6,6,24
0x638c08,99.9324%,12,17732,17744,0,0,12,17732
0x6ee3e3,99.9643%,12,33611,33623,0,0,12,33611
0x5a12f2,99.9797%,12,59152,59164,47286,10,2,11866
0x7b14cc,71.4286%,12,30,42,28,3,9,2
0x49852d,99.9045%,11,11507,11518,5861,9,2,5646
0x7b329d,99.3619%,11,1713,1724,2,6,5,1711
0x7b1cdc,99.8718%,11,8569,8580,0,8,3,8569
0x638a3f,99.938%,11,17733,17744,0,0,11,17733
0x64cca3,99.8728%,11,8636,8647,2870,4,7,5766
0x406e27,99.9646%,11,31033,31044,0,0,11,31033
0x7b3446,99.8743%,10,7943,7953,5519,7,3,2424
0x499719,99.9445%,10,17992,18002,22,10,0,17970
0x638c24,99.9436%,10,17734,17744,0,0,10,17734
0x4b5a08,99.9152%,10,11784,11794,0,8,2,11784
0x4069e7,99.9754%,10,40558,40568,34629,10,0,5929
0x4a7508,83.3333%,9,45,54,34,5,4,11
0x4069f0,99.8482%,9,5920,5929,425,1,8,5495
0x64cea7,99.9762%,9,37812,37821,0,0,9,37812
0x48ea16,94.7674%,9,163,172,163,2,7,0
0x406b22,99.974%,9,34630,34639,0,0,9,34630
0x5ea774,93.3824%,9,127,136,13,3,6,114
0x406d73,97.8873%,9,417,426,0,8,1,417
0x5ea649,94%,9,141,150,135,1,8,6
0x64466b,99.9661%,8,23588,23596,0,0,8,23588
0x7b1b18,99.9657%,8,23344,23352,0,0,8,23344
0x7b1ba9,99.9657%,8,23344,23352,0,0,8,23344
0x7b369b,80.4878%,8,33,41,0,6,2,33
0x5dc81a,99.9848%,8,52680,52688,0,0,8,52680
0x64a76f,99.9925%,8,107250,107258,53227,7,1,54023
0x64d0c3,99.9976%,8,338914,338922,0,0,8,338914
0x64df8b,99.9272%,8,10974,10982,0,0,8,10974
0x5a0991,99.9528%,8,16954,16962,11259,5,3,5695
0x638a10,99.9606%,7,17737,17744,17737,7,0,0
0x4ab766,99.4243%,7,1209,1216,1209,5,2,0
0x45b761,87.7193%,7,50,57,44,2,5,6
0x498432,99.985%,7,46644,46651,0,0,7,46644
0x7b1ae5,99.9792%,7,33617,33624,0,0,7,33617
0x5a12c8,99.9869%,7,53251,53258,29566,4,3,23685
0x5e2b85,99.9901%,7,70944,70951,0,0,7,70944
0x64cc64,99.9998%,7,4310829,4310836,0,0,7,4310829
0x638bd7,99.9606%,7,17737,17744,17737,7,0,0
0x7b1cbd,99.9243%,7,9236,9243,0,0,7,9236
0x48612d,99.9491%,6,11780,11786,0,0,6,11780
0x45c71f,80%,6,24,30,12,1,5,12
0x7b1c81,70%,6,14,20,0,4,2,14
0x7b511c,99.9825%,6,34186,34192,34186,6,0,0
0x4a7f89,14.2857%,6,1,7,1,6,0,0
0x415788,95.3488%,6,123,129,103,3,3,20
0x7b1b39,99.9743%,6,23346,23352,23346,6,0,0
0x406c5a,99.9819%,6,33167,33173,33167,6,0,0
0x6390bc,99.9651%,6,17180,17186,15879,2,4,1301
0x5a142f,99.9887%,6,53183,53189,23615,4,2,29568
0x4b59b0,99.9491%,6,11788,11794,5893,4,2,5895
0x649ecd,99.9682%,6,18839,18845,12056,4,2,6783
0x7b512b,99.9825%,6,34186,34192,0,0,6,34186
0x64d0fb,99.9982%,6,328852,328858,328852,6,0,0
0x7b573a,99.9851%,5,33619,33624,0,0,5,33619
0x7b2f7a,99.9854%,5,34187,34192,0,0,5,34187
0x64d063,99.952%,5,10419,10424,0,0,5,10419
0x63906e,99.9709%,5,17181,17186,0,0,5,17181
0x406cbf,99.9849%,5,33168,33173,0,0,5,33168
0x4a73d8,96.1832%,5,126,131,116,2,3,10
0x5ec0af,96.8153%,5,152,157,142,0,5,10
0x4996e0,99.9721%,5,17927,17932,0,0,5,17927
0x638c9f,99.9718%,5,17739,17744,17739,5,0,0
0x638e18,99.9709%,5,17181,17186,0,0,5,17181
0x7b31c9,99.9763%,5,21060,21065,0,0,5,21060
0x48942a,99.9153%,5,5898,5903,4,4,1,5894
0x7b1add,99.9851%,5,33619,33624,0,0,5,33619
0x549939,37.5%,5,3,8,3,3,2,0
0x4a7069,97.093%,5,167,172,147,2,3,20
0x486822,99.983%,5,29472,29477,0,0,5,29472
0x638a02,99.9718%,5,17739,17744,0,0,5,17739
0x494945,0%,5,0,5,0,3,2,0
0x638eb7,99.9999%,5,4468537,4468542,0,0,5,4468537
0x7b5753,99.9851%,5,33619,33624,0,0,5,33619
0x406acf,99.9856%,5,34634,34639,34634,5,0,0
0x7b1b2a,99.9786%,5,23347,23352,0,0,5,23347
0x7b3586,99.9959%,5,122545,122550,0,0,5,122545
0x5e7a65,99.9775%,4,17749,17753,0,0,4,17749
0x5d8eff,94.1176%,4,64,68,39,1,3,25
0x644a68,99.983%,4,23592,23596,0,0,4,23592
0x7b31d6,99.981%,4,21061,21065,0,0,4,21061
0x7b3755,99.9494%,4,7908,7912,0,0,4,7908
0x7b1bae,99.9829%,4,23348,23352,12440,4,0,10908
0x7b5113,99.9883%,4,34188,34192,0,0,4,34188
0x64d1e7,99.9603%,4,10060,10064,0,0,4,10060
0x4a8079,96.8992%,4,125,129,103,3,1,22
0x48cdbf,0%,4,0,4,0,3,1,0
0x644b48,99.983%,4,23592,23596,23592,4,0,0
0x7b1c07,99.9611%,4,10268,10272,10268,4,0,0
0x4b5b47,99.9661%,4,11782,11786,0,0,4,11782
0x46167b,84%,4,21,25,6,2,2,15
0x67e975,50%,4,4,8,4,4,0,0
0x5a1462,99.9865%,4,29534,29538,0,0,4,29534
0x7b30a3,99.9276%,4,5524,5528,5273,2,2,251
0x644873,99.983%,4,23592,23596,0,0,4,23592
0x7b1ac9,99.9881%,4,33620,33624,0,0,4,33620
0x7b5145,99.9883%,4,34188,34192,0,0,4,34188
0x66db68,99.6158%,4,1037,1041,4,0,4,1033
0x7b143d,99.9602%,4,10042,10046,10000,2,2,42
0x7b50d7,99.9883%,4,34188,34192,0,0,4,34188
0x4a71f3,96.8504%,4,123,127,39,0,4,84
0x460287,99.6201%,4,1049,1053,330,2,2,719
0x7b1bd2,99.9611%,4,10268,10272,0,0,4,10268
0x7b141a,55.5556%,4,5,9,4,3,1,1
0x48641a,42.8571%,4,3,7,3,4,0,0
0x7b5743,99.9881%,4,33620,33624,0,0,4,33620
0x66dd14,82.6087%,4,19,23,3,4,0,16
0x498340,99.9888%,4,35763,35767,35763,4,0,0
0x649e8a,99.9788%,4,18841,18845,18841,4,0,0
0x4a71fe,95.4545%,4,84,88,47,2,2,37
0x7bd972,98.3333%,4,236,240,206,4,0,30
0x7b3645,90.2439%,4,37,41,25,2,2,12
0x7b373b,99.9494%,4,7908,7912,0,0,4,7908
0x486136,99.9661%,4,11782,11786,0,0,4,11782
0x4069c3,99.9901%,4,40564,40568,0,0,4,40564
0x494813,0%,4,0,4,0,2,2,0
0x4a81a1,82.6087%,4,19,23,3,4,0,16
0x5a1459,99.9865%,4,29566,29570,0,0,4,29566
0x4867d1,99.9864%,4,29473,29477,29473,4,0,0
0x7b31a8,99.9787%,4,18732,18736,0,0,4,18732
0x4ad6be,99.1045%,3,332,335,0,0,3,332
0x644b07,99.9873%,3,23593,23596,0,0,3,23593
0x7b50eb,99.9912%,3,34189,34192,34189,3,0,0
0x4a7512,80%,3,12,15,8,1,2,4
0x5ec0c3,80%,3,12,15,12,3,0,0
0x4996a8,99.9915%,3,35326,35329,0,0,3,35326
0x7b35dd,99.9775%,3,13306,13309,13306,3,0,0
0x49c6e6,99.9746%,3,11818,11821,11818,3,0,0
0x7b1b9f,99.9872%,3,23349,23352,23349,3,0,0
0x4a7439,97.8571%,3,137,140,137,3,0,0
0x4b5aba,99.9745%,3,11783,11786,0,0,3,11783
0x406ab1,99.9455%,3,5499,5502,0,0,3,5499
0x4e8c0f,25%,3,1,4,1,1,2,0
0x549929,62.5%,3,5,8,5,1,2,0
0x5a146b,99.9944%,3,53154,53157,53154,3,0,0
0x64e147,99.9727%,3,10979,10982,10979,3,0,0
0x64cc6a,99.9999%,3,4310833,4310836,0,0,3,4310833
0x644cfe,99.9873%,3,23593,23596,23593,3,0,0
0x7b1b84,99.9725%,3,10905,10908,10905,3,0,0
0x5ec475,78.5714%,3,11,14,11,3,0,0
0x617ded,98.2558%,3,169,172,169,3,0,0
0x4e9118,25%,3,1,4,0,2,1,1
0x5a12b9,99.9944%,3,53255,53258,0,0,3,53255
0x45c8cf,91.1765%,3,31,34,5,3,0,26
0x644b28,99.9873%,3,23593,23596,0,0,3,23593
0x6499f7,99.9875%,3,23943,23946,23943,3,0,0
0x45fa18,94.3396%,3,50,53,28,2,1,22
0x7b30b4,98.8142%,3,250,253,0,0,3,250
0x54a365,99.9899%,3,29567,29570,0,0,3,29567
0x48c7ea,94.7368%,3,54,57,50,0,3,4
0x7b5137,99.9912%,3,34189,34192,0,0,3,34189
0x644827,99.9873%,3,23593,23596,23593,3,0,0
0x5dfc64,99.9746%,3,11795,11798,0,0,3,11795
0x4068b4,99.9822%,3,16862,16865,16862,3,0,0
0x644670,99.9873%,3,23593,23596,23593,3,0,0
0x7b5140,99.9912%,3,34189,34192,0,0,3,34189
0x5a1353,99.9937%,3,47293,47296,23606,2,1,23687
0x4867a6,99.9898%,3,29474,29477,0,0,3,29474
0x649a20,99.9875%,3,23943,23946,18015,2,1,5928
0x7b3691,92.6829%,3,38,41,38,1,2,0
0x4b5a80,99.9745%,3,11783,11786,0,0,3,11783
0x4a7d8b,85.7143%,3,18,21,13,1,2,5
0x54dff7,99.9878%,3,24600,24603,0,0,3,24600
0x45c899,90%,3,27,30,0,0,3,27
0x48c6f4,57.1429%,3,4,7,4,2,1,0
0x64d25f,99.9801%,2,10062,10064,10062,2,0,0
0x644858,99.9915%,2,23594,23596,0,0,2,23594
0x5a15a3,99.9648%,2,5678,5680,0,0,2,5678
0x499186,97.1014%,2,67,69,67,2,0,0
0x4157c8,98.5507%,2,136,138,115,0,2,21
0x644b38,99.9915%,2,23594,23596,0,0,2,23594
0x64990d,50%,2,2,4,2,2,0,0
0x5ea4f2,71.4286%,2,5,7,5,2,0,0
0x49c405,99.9831%,2,11820,11822,0,0,2,11820
0x5eae6d,85.7143%,2,12,14,6,1,1,6
0x60cdcc,75%,2,6,8,6,2,0,0
0x5dca60,99.9661%,2,5901,5903,0,0,2,5901
0x7b2027,99.9805%,2,10270,10272,10270,2,0,0
0x499e34,99.3355%,2,299,301,160,1,1,139
0x7b50fc,99.9942%,2,34190,34192,0,0,2,34190
0x5ea758,85.7143%,2,12,14,6,1,1,6
0x4e90e7,50%,2,2,4,1,2,0,1
0x4ed04e,33.3333%,2,1,3,1,1,1,0
0x5359e3,97.1014%,2,67,69,67,2,0,0
0x4868d9,85.7143%,2,12,14,6,1,1,6
0x4890f3,99.9886%,2,17467,17469,5646,2,0,11821
0x64e20f,99.9818%,2,10980,10982,10980,2,0,0
0x4b128e,99.9662%,2,5908,5910,5908,2,0,0
0x60cbd3,75%,2,6,8,6,2,0,0
0x4e8f36,0%,2,0,2,0,2,0,0
0x45bc8e,96.1538%,2,50,52,0,1,1,50
0x45c72d,88.2353%,2,15,17,14,1,1,1
0x4ea6c8,0%,2,0,2,0,2,0,0
0x4e8e9b,0%,2,0,2,0,1,1,0
0x644a72,99.9915%,2,23594,23596,0,0,2,23594
0x7b304e,99.9811%,2,10599,10601,0,0,2,10599
0x7b1bfb,99.9805%,2,10270,10272,0,0,2,10270
0x5a1357,99.9916%,2,23686,23688,23662,2,0,24
0x4b5a9c,99.983%,2,11784,11786,0,0,2,11784
0x549414,75%,2,6,8,6,2,0,0
0x7b1b57,99.9914%,2,23350,23352,0,0,2,23350
0x64a764,99.9981%,2,107256,107258,53234,0,2,54022
0x494864,60%,2,3,5,3,2,0,0
0x7b1424,0%,2,0,2,0,2,0,0
0x7d2251,99.9684%,2,6318,6320,0,0,2,6318
0x4ac69d,93.75%,2,30,32,30,2,0,0
0x5a15e5,99.9648%,2,5678,5680,30,2,0,5648
0x7b1c13,99.9805%,2,10270,10272,0,0,2,10270
0x4946cd,0%,2,0,2,0,2,0,0
0x66dd49,96.875%,2,62,64,46,2,0,16
0x5a0ff5,99.9962%,2,53256,53258,53232,2,0,24
0x68d5e5,75%,2,6,8,6,2,0,0
0x5ea6c8,85.7143%,2,12,14,6,1,1,6
0x7b307d,99.9937%,2,31870,31872,0,0,2,31870
0x638d8b,99.8467%,2,1303,1305,1303,2,0,0
0x4b5bb0,99.983%,2,11784,11786,11784,2,0,0
0x550a17,99.9661%,2,5892,5894,0,0,2,5892
0x48cbe2,33.3333%,2,1,3,1,2,0,0
0x415e9b,91.3043%,2,21,23,21,2,0,0
0x64d13f,99.9801%,2,10062,10064,0,0,2,10062
0x4e8bce,33.3333%,2,1,3,1,0,2,0
0x4a769f,99.9851%,2,13420,13422,0,0,2,13420
0x5d0b12,99.987%,2,15358,15360,15358,2,0,0
0x617aa0,99.6234%,2,529,531,529,2,0,0
0x64d0b2,99.9808%,2,10422,10424,359,1,1,10063
0x48c94f,33.3333%,2,1,3,1,2,0,0
0x60c223,75%,2,6,8,6,2,0,0
0x7b32db,99.9245%,2,2646,2648,0,0,2,2646
0x7b50c3,99.9942%,2,34190,34192,0,0,2,34190
0x64e241,99.9818%,2,10980,10982,10980,2,0,0
0x7b25f3,99.9805%,2,10270,10272,10270,2,0,0
0x60ccf7,75%,2,6,8,0,0,2,6
0x64ce12,99.9808%,2,10422,10424,0,0,2,10422
0x638fb2,99.8391%,2,1241,1243,0,0,2,1241
0x644a77,99.9915%,2,23594,23596,0,0,2,23594
0x64e178,99.9818%,2,10980,10982,0,0,2,10980
0x4ea6b9,0%,2,0,2,0,0,2,0
0x550be0,99.9831%,2,11819,11821,5925,2,0,5894
0x638cd1,99.9887%,2,17742,17744,17742,2,0,0
0x638efc,99.9874%,2,15879,15881,15879,2,0,0
0x644662,99.9915%,2,23594,23596,0,0,2,23594
0x54aeb9,96.875%,2,62,64,62,2,0,0
0x64d187,99.9801%,2,10062,10064,10062,2,0,0
0x48cd27,33.3333%,2,1,3,1,1,1,0
0x5f8797,99.0385%,2,206,208,0,0,2,206
0x550509,99.9831%,2,11852,11854,5926,1,1,5926
0x4a74c5,98.8372%,2,170,172,39,2,0,131
0x4867b8,99.9932%,2,29475,29477,29475,2,0,0
0x7b1ad3,99.9941%,2,33622,33624,0,0,2,33622
0x4b5aec,99.983%,2,11784,11786,0,0,2,11784
0x550434,99.9887%,2,17746,17748,11852,2,0,5894
0x7b1c8a,87.5%,2,14,16,1,2,0,13
0x61800b,91.3043%,2,21,23,0,0,2,21
0x7b22b4,75%,2,6,8,0,0,2,6
0x7b37dc,99.9737%,2,7612,7614,0,0,2,7612
0x5ec234,71.4286%,2,5,7,5,2,0,0
0x48c4d2,71.4286%,2,5,7,0,0,2,5
0x4a7270,99.5565%,2,449,451,279,0,2,170
0x644c9c,99.9958%,1,23595,23596,23595,1,0,0
0x48c4e8,85.7143%,1,6,7,0,1,0,6
0x649a13,99.9958%,1,23945,23946,0,0,1,23945
0x5dfef9,99.9915%,1,11796,11797,0,0,1,11796
0x48cb63,66.6667%,1,2,3,2,1,0,0
0x7b2fd7,99.9925%,1,13308,13309,13308,1,0,0
0x460349,75%,1,3,4,0,1,0,3
0x4b5a8f,99.9915%,1,11785,11786,0,0,1,11785
0x5e5b69,99.9916%,1,11910,11911,0,0,1,11910
0x7b1c24,99.9903%,1,10271,10272,0,0,1,10271
0x6ec690,99.9971%,1,34190,34191,34190,1,0,0
0x4e9191,50%,1,1,2,1,1,0,0
0x7ac01b,96.6667%,1,29,30,0,0,1,29
0x5ea6cf,85.7143%,1,6,7,6,1,0,0
0x638783,99.9915%,1,11828,11829,0,0,1,11828
0x66f364,99.8062%,1,515,516,515,1,0,0
0x7b2fe5,99.9925%,1,13308,13309,0,0,1,13308
0x4a7481,99.2857%,1,139,140,139,1,0,0
0x460eec,85.7143%,1,6,7,0,0,1,6
0x644bbc,99.9958%,1,23595,23596,23595,1,0,0
0x5553b7,98.2456%,1,56,57,0,0,1,56
0x66f764,99.4186%,1,171,172,171,1,0,0
0x7b30c2,99.9819%,1,5527,5528,0,0,1,5527
0x5a15af,99.9824%,1,5679,5680,0,0,1,5679
0x64ccae,99.9827%,1,5772,5773,0,0,1,5772
0x644cb0,99.9958%,1,23595,23596,0,0,1,23595
0x45c85c,97.0588%,1,33,34,29,1,0,4
0x4a75ae,99.3865%,1,162,163,162,1,0,0
0x7b33c8,99.9569%,1,2319,2320,2319,1,0,0
0x638e22,99.9942%,1,17185,17186,0,0,1,17185
0x618bb8,99.4652%,1,186,187,186,1,0,0
0x7b1cb3,99.9892%,1,9242,9243,0,0,1,9242
0x7b3489,99.986%,1,7166,7167,0,0,1,7166
0x5a101a,99.9981%,1,53233,53234,0,0,1,53233
0x5a0973,99.9941%,1,16961,16962,0,0,1,16961
0x63905a,99.9937%,1,15880,15881,15880,1,0,0
0x6ee670,0%,1,0,1,0,1,0,0
0x486804,99.9966%,1,29476,29477,29476,1,0,0
0x486142,99.9915%,1,11785,11786,0,0,1,11785
0x66ef8e,99.8062%,1,515,516,515,1,0,0
0x406b5a,99.9913%,1,11489,11490,0,0,1,11489
0x7b3248,99.8822%,1,848,849,0,0,1,848
0x5a13c7,99.9972%,1,35475,35476,35475,1,0,0
0x4ecf6c,0%,1,0,1,0,1,0,0
0x64e194,99.9909%,1,10981,10982,0,0,1,10981
0x7b17e1,96.7742%,1,30,31,0,0,1,30
0x5ec450,92.8571%,1,13,14,0,0,1,13
0x4b5a56,99.9915%,1,11785,11786,11785,1,0,0
0x7b364e,92.8571%,1,13,14,12,0,1,1
0x4ab8a3,99.7126%,1,347,348,31,1,0,316
0x5ec254,99.3333%,1,149,150,7,1,0,142
0x64469f,99.9958%,1,23595,23596,0,0,1,23595
0x644953,99.9958%,1,23595,23596,23595,1,0,0
0x64dfbf,99.9909%,1,10981,10982,0,0,1,10981
0x406b70,99.9209%,1,1263,1264,0,0,1,1263
0x461002,85.7143%,1,6,7,0,0,1,6
0x7b4240,99.9864%,1,7361,7362,0,0,1,7361
0x7b1b07,99.9957%,1,23351,23352,0,0,1,23351
0x649e85,99.9947%,1,18844,18845,0,0,1,18844
0x7b203a,99.9903%,1,10271,10272,0,0,1,10271
0x7b4247,99.9864%,1,7361,7362,0,0,1,7361
0x4ea81a,50%,1,1,2,1,1,0,0
0x644b1b,99.9958%,1,23595,23596,0,0,1,23595
0x5dcad4,99.9831%,1,5902,5903,5902,1,0,0
0x49c479,99.9915%,1,11820,11821,0,0,1,11820
0x5d0b89,99.9935%,1,15359,15360,0,0,1,15359
0x7a6433,96.6667%,1,29,30,29,1,0,0
0x7b3069,99.9906%,1,10600,10601,10600,1,0,0
0x494762,50%,1,1,2,1,1,0,0
0x644b9b,99.9958%,1,23595,23596,23595,1,0,0
0x49853e,99.983%,1,5869,5870,0,0,1,5869
0x67e918,87.5%,1,7,8,7,1,0,0
0x5a0b83,99.9915%,1,11819,11820,5893,1,0,5926
0x7bd948,99.5833%,1,239,240,0,0,1,239
0x406a10,99.9818%,1,5502,5503,0,0,1,5502
0x45f985,99.7076%,1,341,342,293,1,0,48
0x60c35a,87.5%,1,7,8,0,0,1,7
0x4e8314,50%,1,1,2,0,1,0,1
0x5e4445,99.983%,1,5894,5895,0,0,1,5894
0x4b5b21,99.9915%,1,11785,11786,0,0,1,11785
0x638a0b,99.9944%,1,17743,17744,0,0,1,17743
0x486814,99.9966%,1,29476,29477,0,0,1,29476
0x5eae5a,92.8571%,1,13,14,6,1,0,7
0x7b22bb,87.5%,1,7,8,0,1,0,7
0x4a71b3,99.4186%,1,171,172,171,1,0,0
0x5ec7d8,99.8628%,1,728,729,594,0,1,134
0x48cb50,66.6667%,1,2,3,0,0,1,2
0x48e9e1,99.4186%,1,171,172,0,0,1,171
0x460efb,85.7143%,1,6,7,6,1,0,0
0x676ee2,97.9167%,1,47,48,32,0,1,15
0x460f35,85.7143%,1,6,7,6,1,0,0
0x4a780b,99.3865%,1,162,163,162,1,0,0
0x48c40f,85.7143%,1,6,7,0,1,0,6
0x460290,99.8613%,1,720,721,32,0,1,688
0x64df90,99.9909%,1,10981,10982,10981,1,0,0
0x4a6f1e,99.4186%,1,171,172,171,1,0,0
0x48c859,0%,1,0,1,0,1,0,0
0x5ec357,98.1481%,1,53,54,34,0,1,19
0x48851b,93.75%,1,15,16,0,0,1,15
0x45fa28,96.6667%,1,29,30,29,1,0,0
0x4a73d4,99.4186%,1,171,172,40,1,0,131
0x617d55,99.4186%,1,171,172,0,0,1,171
0x48cca7,66.6667%,1,2,3,2,1,0,0
0x4e9084,50%,1,1,2,0,1,0,1
0x4e160b,99.4186%,1,171,172,0,0,1,171
0x54da57,99.5885%,1,242,243,0,0,1,242
0x4ea9a2,0%,1,0,1,0,1,0,0
0x66f3e1,99.8062%,1,515,516,172,0,1,343
0x4e8290,0%,1,0,1,0,1,0,0
0x4e8dbb,0%,1,0,1,0,1,0,0
0x7b1c95,99.9903%,1,10271,10272,0,0,1,10271
0x487b4d,98%,1,49,50,6,1,0,43
0x460799,85.7143%,1,6,7,0,0,1,6
0x4a70d4,99.4186%,1,171,172,171,1,0,0
0x45f9a8,99.8713%,1,776,777,0,0,1,776
0x683f4f,87.5%,1,7,8,7,1,0,0
0x4984f1,99.9917%,1,12074,12075,6149,0,1,5925
0x7a6409,96.6667%,1,29,30,0,0,1,29
0x7b14a7,98.0392%,1,50,51,0,0,1,50
0x4e8bb0,75%,1,3,4,0,1,0,3
0x4e89da,0%,1,0,1,0,1,0,0
0x4b598a,99.9915%,1,11793,11794,0,0,1,11793
0x64df82,99.9909%,1,10981,10982,0,0,1,10981
0x6842fc,87.5%,1,7,8,7,1,0,0
0x4168e1,95.6522%,1,22,23,22,1,0,0
0x5d0b51,99.9935%,1,15359,15360,15359,1,0,0
0x4a75c5,99.3865%,1,162,163,0,0,1,162
0x54ab39,96.875%,1,31,32,31,1,0,0
0x4a77f5,96.875%,1,31,32,15,1,0,16
0x49c014,99.9831%,1,5901,5902,0,0,1,5901
0x5f7ba8,99.5192%,1,207,208,207,1,0,0
0x5ec167,85.7143%,1,6,7,6,1,0,0
0x5ec163,99.3631%,1,156,157,150,0,1,6
0x5eae44,92.8571%,1,13,14,13,1,0,0
0x48668a,85.7143%,1,6,7,6,1,0,0
0x4e8e57,50%,1,1,2,1,0,1,0
0x4e8272,0%,1,0,1,0,1,0,0
0x4e8fc9,50%,1,1,2,1,1,0,0
0x4a7026,99.4186%,1,171,172,171,1,0,0
0x499e3f,99.2857%,1,139,140,139,1,0,0
0x5a147e,99.9976%,1,41437,41438,41413,1,0,24
0x7b1819,50%,1,1,2,0,0,1,1
0x5498ba,50%,1,1,2,1,1,0,0
0x41597f,95.6522%,1,22,23,22,1,0,0
0x618022,95.6522%,1,22,23,22,1,0,0
0x538e0b,66.6667%,1,2,3,2,1,0,0
0x499c0c,99.4186%,1,171,172,171,1,0,0
0x460341,80%,1,4,5,0,1,0,4
0x46034e,66.6667%,1,2,3,2,1,0,0
0x4ed005,0%,1,0,1,0,1,0,0
0x638e27,99.9942%,1,17185,17186,0,0,1,17185
0x7b4231,99.9864%,1,7361,7362,0,0,1,7361
0x5ea620,99.3333%,1,149,150,149,1,0,0
0x48c482,93.3333%,1,14,15,5,1,0,9
0x460363,50%,1,1,2,0,1,0,1
0x674d84,98.3333%,1,59,60,29,1,0,30
0x4e8c46,0%,1,0,1,0,1,0,0
0x4a7420,97.561%,1,40,41,32,0,1,8
0x7b375f,99.9874%,1,7911,7912,0,0,1,7911
0x550b32,99.9915%,1,11820,11821,5926,1,0,5894
0x4e8bf5,75%,1,3,4,0,0,1,3
0x538d67,97.1429%,1,34,35,0,0,1,34
0x4e8b49,0%,1,0,1,0,0,1,0
0x4e9a2a,0%,1,0,1,0,1,0,0
0x489103,99.9915%,1,11820,11821,5894,1,0,5926
0x64ce08,99.9904%,1,10423,10424,0,0,1,10423
0x415e6d,95.6522%,1,22,23,0,0,1,22
0x460fbd,85.7143%,1,6,7,6,1,0,0
0x4e8a1e,0%,1,0,1,0,0,1,0
0x638db2,99.9234%,1,1304,1305,0,0,1,1304
0x64d11c,99.9901%,1,10063,10064,10063,1,0,0
0x638d0c,99.9234%,1,1304,1305,0,0,1,1304
0x5a09ea,99.9915%,1,11819,11820,0,0,1,11819
0x4a75dd,99.3865%,1,162,163,0,0,1,162
0x63a0e8,100%,0,8,8,0,0,0,8
0x495678,100%,0,11844,11844,24,0,0,11820
0x7a63ad,100%,0,30,30,0,0,0,30
0x415e1a,100%,0,23,23,23,0,0,0
0x674207,100%,0,30,30,0,0,0,30
0x48e8f8,100%,0,172,172,0,0,0,172
0x68d7fc,100%,0,8,8,0,0,0,8
0x5a138c,100%,0,23608,23608,11788,0,0,11820
0x48ca15,100%,0,3,3,3,0,0,0
0x49568f,100%,0,11820,11820,11820,0,0,0
0x60cdbc,100%,0,8,8,0,0,0,8
0x7a63c3,100%,0,30,30,0,0,0,30
0x645bff,100%,0,64,64,64,0,0,0
0x7a640e,100%,0,30,30,30,0,0,0
0x5a13b1,100%,0,11820,11820,11820,0,0,0
0x4a81d4,100%,0,23,23,23,0,0,0
0x486186,100%,0,5895,5895,0,0,0,5895
0x638f59,100%,0,15881,15881,15881,0,0,0
0x674211,100%,0,30,30,30,0,0,0
0x48c5e4,100%,0,57,57,57,0,0,0
0x617e90,100%,0,172,172,0,0,0,172
0x5e3945,100%,0,5902,5902,0,0,0,5902
0x495745,100%,0,11844,11844,11844,0,0,0
0x7b575c,100%,0,33624,33624,33624,0,0,0
0x674e7d,100%,0,30,30,0,0,0,30
0x48eabb,100%,0,7,7,0,0,0,7
0x5d0ac2,100%,0,30,30,0,0,0,30
0x7b14b1,100%,0,51,51,0,0,0,51
0x489340,100%,0,5902,5902,0,0,0,5902
0x5a1349,100%,0,11844,11844,0,0,0,11844
0x5d0ae6,100%,0,30,30,0,0,0,30
0x4a7cf8,100%,0,7,7,0,0,0,7
0x618265,100%,0,23,23,0,0,0,23
0x675197,100%,0,30,30,0,0,0,30
0x618a47,100%,0,172,172,172,0,0,0
0x45fa14,100%,0,53,53,0,0,0,53
0x5d0b9a,100%,0,15360,15360,0,0,0,15360
0x7b3043,100%,0,10601,10601,0,0,0,10601
0x7a639a,100%,0,30,30,0,0,0,30
0x674e26,100%,0,30,30,0,0,0,30
0x54f8e9,100%,0,5927,5927,5927,0,0,0
0x63a17f,100%,0,8,8,8,0,0,0
0x68d908,100%,0,8,8,0,0,0,8
0x6841fb,100%,0,8,8,8,0,0,0
0x45f8c6,100%,0,48,48,0,0,0,48
0x7bd8e5,100%,0,30,30,30,0,0,0
0x4607be,100%,0,7,7,0,0,0,7
0x4a8159,100%,0,23,23,23,0,0,0
0x48809c,100%,0,16,16,16,0,0,0
0x5d78e7,100%,0,36,36,36,0,0,0
0x6744ad,100%,0,30,30,0,0,0,30
0x683ed3,100%,0,8,8,0,0,0,8
0x6f7794,100%,0,30,30,0,0,0,30
0x4e8d9c,100%,0,1,1,0,0,0,1
0x7d2242,100%,0,411,411,411,0,0,0
0x5e4f85,100%,0,4,4,0,0,0,4
0x68841a,100%,0,8,8,0,0,0,8
0x4ab7cd,100%,0,494,494,494,0,0,0
0x4ab7a0,100%,0,312,312,0,0,0,312
0x6840d2,100%,0,8,8,0,0,0,8
0x45c756,100%,0,15,15,0,0,0,15
0x48857b,100%,0,80,80,0,0,0,80
0x406947,100%,0,16865,16865,0,0,0,16865
0x487956,100%,0,19,19,6,0,0,13
0x5a1560,100%,0,11820,11820,0,0,0,11820
0x68d7c2,100%,0,8,8,0,0,0,8
0x406dbc,100%,0,426,426,0,0,0,426
0x68435e,100%,0,8,8,8,0,0,0
0x4dbf47,100%,0,1,1,0,0,0,1
0x489368,100%,0,11797,11797,5895,0,0,5902
0x66f058,100%,0,860,860,172,0,0,688
0x5ea640,100%,0,150,150,0,0,0,150
0x4b5a47,100%,0,11786,11786,0,0,0,11786
0x66f35b,100%,0,516,516,0,0,0,516
0x7b22e9,100%,0,1,1,0,0,0,1
0x66f346,100%,0,860,860,344,0,0,516
0x7b33f3,100%,0,155,155,0,0,0,155
0x683fb3,100%,0,8,8,8,0,0,0
0x66efb1,100%,0,516,516,0,0,0,516
0x4b5a19,100%,0,11786,11786,0,0,0,11786
0x4e157f,100%,0,172,172,172,0,0,0
0x645e17,100%,0,64,64,0,0,0,64
0x45f94b,100%,0,48,48,0,0,0,48
0x48611e,100%,0,11786,11786,0,0,0,11786
0x60c147,100%,0,8,8,0,0,0,8
0x48c9a5,100%,0,3,3,0,0,0,3
0x64cf0b,100%,0,360,360,0,0,0,360
0x66f6d3,100%,0,172,172,172,0,0,0
0x4a74b9,100%,0,172,172,172,0,0,0
0x460f6f,100%,0,7,7,7,0,0,0
0x7a641a,100%,0,30,30,0,0,0,30
0x66dd61,100%,0,16,16,16,0,0,0
0x617d05,100%,0,531,531,531,0,0,0
0x4a72d7,100%,0,172,172,172,0,0,0
0x54ce66,100%,0,8,8,0,0,0,8
0x54ce47,100%,0,8,8,0,0,0,8
0x54ce37,100%,0,8,8,0,0,0,8
0x7a64af,100%,0,30,30,30,0,0,0
0x60c63b,100%,0,8,8,0,0,0,8
0x60ce29,100%,0,8,8,8,0,0,0
0x549907,100%,0,2,2,0,0,0,2
0x7bd983,100%,0,30,30,0,0,0,30
0x60c90f,100%,0,8,8,0,0,0,8
0x7bd91e,100%,0,30,30,0,0,0,30
0x4a6f71,100%,0,172,172,0,0,0,172
0x63a397,100%,0,8,8,0,0,0,8
0x460fb1,100%,0,7,7,0,0,0,7
0x7ac029,100%,0,30,30,0,0,0,30
0x4aa06f,100%,0,8,8,8,0,0,0
0x4991d9,100%,0,69,69,35,0,0,34
0x49b0c8,100%,0,24,24,0,0,0,24
0x684310,100%,0,8,8,0,0,0,8
0x68421c,100%,0,8,8,8,0,0,0
0x66efb6,100%,0,516,516,0,0,0,516
0x416a5b,100%,0,23,23,23,0,0,0
0x684198,100%,0,8,8,0,0,0,8
0x63a1b1,100%,0,8,8,8,0,0,0
0x7a63e4,100%,0,30,30,0,0,0,30
0x7abff6,100%,0,30,30,0,0,0,30
0x60cf3e,100%,0,8,8,0,0,0,8
0x60cda8,100%,0,8,8,0,0,0,8
0x60cd87,100%,0,8,8,0,0,0,8
0x46030f,100%,0,2,2,0,0,0,2
0x549332,100%,0,8,8,0,0,0,8
0x45f8dd,100%,0,48,48,0,0,0,48
0x461187,100%,0,7,7,0,0,0,7
0x4868e4,100%,0,7,7,0,0,0,7
0x7b35c4,100%,0,9,9,0,0,0,9
0x7b1403,100%,0,9,9,0,0,0,9
0x535a7f,100%,0,69,69,0,0,0,69
0x7b1c6b,100%,0,20,20,0,0,0,20
0x4f0d45,100%,0,24,24,0,0,0,24
0x7b1c61,100%,0,20,20,0,0,0,20
0x64cfa7,100%,0,47,47,0,0,0,47
0x4a9aff,100%,0,8,8,0,0,0,8
0x64cee9,100%,0,360,360,360,0,0,0
0x618c47,100%,0,187,187,187,0,0,0
0x4607d6,100%,0,7,7,0,0,0,7
0x45f98c,100%,0,777,777,48,0,0,729
0x4a86b7,100%,0,851,851,0,0,0,851
0x7b3fe4,100%,0,6,6,6,0,0,0
0x5d9185,100%,0,72,72,44,0,0,28
0x49a4dd,100%,0,114,114,114,0,0,0
0x7b22a6,100%,0,8,8,0,0,0,8
0x487836,100%,0,50,50,0,0,0,50
0x61824e,100%,0,23,23,0,0,0,23
0x554c67,100%,0,57,57,0,0,0,57
0x7b200e,100%,0,10272,10272,0,0,0,10272
0x7b180e,100%,0,2,2,0,0,0,2
0x48c9e5,100%,0,3,3,0,0,0,3
0x60c131,100%,0,8,8,0,0,0,8
0x4a97c2,100%,0,8,8,0,0,0,8
0x64d1aa,100%,0,10064,10064,0,0,0,10064
0x45bd89,100%,0,73,73,0,0,0,73
0x49a40d,100%,0,114,114,0,0,0,114
0x4a97b3,100%,0,8,8,0,0,0,8
0x64999d,100%,0,8,8,0,0,0,8
0x4a97a9,100%,0,8,8,0,0,0,8
0x618c01,100%,0,187,187,187,0,0,0
0x68417b,100%,0,8,8,0,0,0,8
0x485f99,100%,0,5903,5903,0,0,0,5903
0x5dfcc2,100%,0,36,36,0,0,0,36
0x674251,100%,0,30,30,0,0,0,30
0x5ea00e,100%,0,35,35,0,0,0,35
0x4863fe,100%,0,7,7,0,0,0,7
0x4e89b0,100%,0,1,1,0,0,0,1
0x54cd7f,100%,0,8,8,0,0,0,8
0x4067c2,100%,0,16,16,0,0,0,16
0x60cce8,100%,0,8,8,0,0,0,8
0x64cf4e,100%,0,360,360,360,0,0,0
0x63a302,100%,0,8,8,0,0,0,8
0x54beba,100%,0,5927,5927,5927,0,0,0
0x63a307,100%,0,8,8,0,0,0,8
0x5e1007,100%,0,36,36,0,0,0,36
0x5ea7a9,100%,0,120,120,120,0,0,0
0x63a3b8,100%,0,8,8,0,0,0,8
0x6743d1,100%,0,30,30,0,0,0,30
0x54958d,100%,0,8,8,8,0,0,0
0x63a432,100%,0,8,8,8,0,0,0
0x49c4af,100%,0,11821,11821,11821,0,0,0
0x7b1bde,100%,0,10272,10272,10272,0,0,0
0x68d7cb,100%,0,8,8,0,0,0,8
0x63a533,100%,0,8,8,8,0,0,0
0x498589,100%,0,16,16,16,0,0,0
0x64d04f,100%,0,360,360,360,0,0,0
0x60cad8,100%,0,8,8,0,0,0,8
0x63a3d9,100%,0,8,8,8,0,0,0
0x4ea94c,100%,0,1,1,0,0,0,1
0x684167,100%,0,8,8,0,0,0,8
0x63a595,100%,0,8,8,8,0,0,0
0x5e2d65,100%,0,23596,23596,0,0,0,23596
0x54ce50,100%,0,8,8,0,0,0,8
0x60caf4,100%,0,8,8,0,0,0,8
0x7b1d39,100%,0,10272,10272,10272,0,0,0
0x49b3d7,100%,0,8,8,0,0,0,8
0x5e6928,100%,0,57,57,0,0,0,57
0x7b1c40,100%,0,10272,10272,0,0,0,10272
0x5eade0,100%,0,7,7,0,0,0,7
0x7b1c32,100%,0,10272,10272,0,0,0,10272
0x6840c8,100%,0,8,8,0,0,0,8
0x63a1e3,100%,0,8,8,8,0,0,0
0x5e0a67,100%,0,11798,11798,0,0,0,11798
0x4aad21,100%,0,16,16,0,0,0,16
0x461682,100%,0,17,17,17,0,0,0
0x7b1f55,100%,0,10272,10272,0,0,0,10272
0x538de7,100%,0,38,38,0,0,0,38
0x7b1f40,100%,0,10272,10272,10272,0,0,0
0x64ccc0,100%,0,8539,8539,0,0,0,8539
0x6f7b15,100%,0,30,30,0,0,0,30
0x7a64bc,100%,0,30,30,0,0,0,30
0x45f8cc,100%,0,48,48,0,0,0,48
0x46037b,100%,0,1,1,0,0,0,1
0x415d36,100%,0,23,23,23,0,0,0
0x7b233e,100%,0,3,3,0,0,0,3
0x49470e,100%,0,2,2,0,0,0,2
0x415d17,100%,0,196,196,173,0,0,23
0x6f7b5f,100%,0,30,30,30,0,0,0
0x60cba1,100%,0,8,8,8,0,0,0
0x60cb6f,100%,0,8,8,8,0,0,0
0x54f2c7,100%,0,50,50,0,0,0,50
0x66efbf,100%,0,516,516,516,0,0,0
0x4f0e43,100%,0,24,24,24,0,0,0
0x5e9f0e,100%,0,35,35,35,0,0,0
0x60caa7,100%,0,8,8,8,0,0,0
0x60c8e0,100%,0,8,8,8,0,0,0
0x60c8db,100%,0,8,8,0,0,0,8
0x4a7577,100%,0,163,163,163,0,0,0
0x64e27c,100%,0,343,343,0,0,0,343
0x4a97ec,100%,0,8,8,0,0,0,8
0x4a97dd,100%,0,8,8,0,0,0,8
0x4a817d,100%,0,23,23,23,0,0,0
0x60ccf2,100%,0,8,8,0,0,0,8
0x7b34a2,100%,0,1524,1524,0,0,0,1524
0x48c927,100%,0,1,1,0,0,0,1
0x4a76ed,100%,0,32,32,0,0,0,32
0x5ea61b,100%,0,150,150,0,0,0,150
0x4e161a,100%,0,172,172,172,0,0,0
0x48ea59,100%,0,7,7,0,0,0,7
0x4a76d5,100%,0,32,32,32,0,0,0
0x4863f6,100%,0,7,7,0,0,0,7
0x4a766a,100%,0,163,163,0,0,0,163
0x64cca9,100%,0,5773,5773,0,0,0,5773
0x48e93f,100%,0,172,172,172,0,0,0
0x54a4c8,100%,0,34,34,34,0,0,0
0x4a756e,100%,0,163,163,0,0,0,163
0x60c8d2,100%,0,8,8,0,0,0,8
0x7b17d6,100%,0,31,31,0,0,0,31
0x60c375,100%,0,8,8,0,0,0,8
0x5a0e57,100%,0,32,32,32,0,0,0
0x5a0da4,100%,0,32,32,0,0,0,32
0x5504c3,100%,0,5894,5894,5894,0,0,0
0x5a0d84,100%,0,32,32,0,0,0,32
0x674260,100%,0,30,30,30,0,0,0
0x406865,100%,0,16,16,16,0,0,0
0x64c59c,100%,0,8,8,0,0,0,8
0x4a732b,100%,0,172,172,172,0,0,0
0x63a0b7,100%,0,8,8,8,0,0,0
0x64c570,100%,0,8,8,8,0,0,0
0x4ebee7,100%,0,2,2,0,0,0,2
0x4a75eb,100%,0,163,163,163,0,0,0
0x64c67a,100%,0,8,8,8,0,0,0
0x64c56b,100%,0,8,8,0,0,0,8
0x4ad6e3,100%,0,131,131,131,0,0,0
0x639f1f,100%,0,8,8,0,0,0,8
0x63a104,100%,0,8,8,0,0,0,8
0x64c562,100%,0,8,8,0,0,0,8
0x7a63d1,100%,0,30,30,30,0,0,0
0x617d68,100%,0,172,172,172,0,0,0
0x488580,100%,0,80,80,64,0,0,16
0x63a3c9,100%,0,8,8,0,0,0,8
0x4aa0ab,100%,0,8,8,0,0,0,8
0x685b78,100%,0,14,14,0,0,0,14
0x60cd9b,100%,0,8,8,0,0,0,8
0x7b32bf,100%,0,126,126,126,0,0,0
0x64e2fb,100%,0,343,343,343,0,0,0
0x7ac00a,100%,0,30,30,0,0,0,30
0x48797c,100%,0,13,13,6,0,0,7
0x4e8ea3,100%,0,1,1,0,0,0,1
0x4aa0c8,100%,0,8,8,8,0,0,0
0x4adb1a,100%,0,172,172,0,0,0,172
0x5a1320,100%,0,11868,11868,24,0,0,11844
0x499287,100%,0,34,34,0,0,0,34
0x5e9bb1,100%,0,35,35,35,0,0,0
0x63a547,100%,0,8,8,0,0,0,8
0x68842d,100%,0,8,8,0,0,0,8
0x486462,100%,0,7,7,0,0,0,7
0x64e322,100%,0,343,343,0,0,0,343
0x486454,100%,0,7,7,0,0,0,7
0x7b3797,100%,0,298,298,0,0,0,298
0x60cf2a,100%,0,8,8,8,0,0,0
0x5e9b6a,100%,0,35,35,0,0,0,35
0x64c6a8,100%,0,8,8,0,0,0,8
0x63918f,100%,0,1305,1305,1305,0,0,0
0x676e0a,100%,0,16,16,0,0,0,16
0x4f0d71,100%,0,24,24,24,0,0,0
0x4f0d69,100%,0,24,24,0,0,0,24
0x54ad3f,100%,0,16,16,16,0,0,0
0x488856,100%,0,16,16,16,0,0,0
0x48858c,100%,0,16,16,16,0,0,0
0x48855b,100%,0,16,16,0,0,0,16
0x5ec72f,100%,0,32,32,0,0,0,32
0x48854a,100%,0,16,16,0,0,0,16
0x488047,100%,0,16,16,16,0,0,0
0x40683f,100%,0,16,16,0,0,0,16
0x40682d,100%,0,16,16,16,0,0,0
0x4067d0,100%,0,16,16,16,0,0,0
0x487fb6,100%,0,16,16,0,0,0,16
0x676ebf,100%,0,48,48,48,0,0,0
0x4f0dd9,100%,0,24,24,0,0,0,24
0x676dfb,100%,0,80,80,0,0,0,80
0x676dca,100%,0,16,16,0,0,0,16
0x54abaa,100%,0,32,32,0,0,0,32
0x4b5f82,100%,0,16,16,16,0,0,0
0x4b5ee9,100%,0,16,16,0,0,0,16
0x4b5ed9,100%,0,16,16,0,0,0,16
0x6180c1,100%,0,23,23,23,0,0,0
0x49b248,100%,0,24,24,0,0,0,24
0x49b0fb,100%,0,24,24,24,0,0,0
0x645fb3,100%,0,64,64,64,0,0,0
0x645ed3,100%,0,64,64,64,0,0,0
0x645eb2,100%,0,64,64,64,0,0,0
0x645e49,100%,0,64,64,0,0,0,64
0x5ea661,100%,0,14,14,0,0,0,14
0x415750,100%,0,23,23,0,0,0,23
0x4a740d,100%,0,41,41,41,0,0,0
0x4a7500,100%,0,54,54,0,0,0,54
0x415f21,100%,0,23,23,0,0,0,23
0x4a70ab,100%,0,23,23,0,0,0,23
0x4a83af,100%,0,360,360,360,0,0,0
0x5ec40e,100%,0,14,14,0,0,0,14
0x4a8361,100%,0,360,360,360,0,0,0
0x66dd29,100%,0,80,80,64,0,0,16
0x4a8133,100%,0,23,23,23,0,0,0
0x4a80c7,100%,0,23,23,23,0,0,0
0x4a8094,100%,0,23,23,23,0,0,0
0x41576e,100%,0,23,23,0,0,0,23
0x7b34bb,100%,0,232,232,0,0,0,232
0x41575f,100%,0,23,23,0,0,0,23
0x645e38,100%,0,64,64,0,0,0,64
0x415880,100%,0,23,23,23,0,0,0
0x416a55,100%,0,23,23,0,0,0,23
0x416a4b,100%,0,23,23,0,0,0,23
0x6180b1,100%,0,23,23,0,0,0,23
0x547d1c,100%,0,23,23,0,0,0,23
0x49865b,100%,0,16,16,0,0,0,16
0x41573c,100%,0,23,23,0,0,0,23
0x488a28,100%,0,16,16,0,0,0,16
0x462151,100%,0,16,16,0,0,0,16
0x4aad28,100%,0,16,16,16,0,0,0
0x406db2,100%,0,426,426,0,0,0,426
0x6441fe,100%,0,16,16,0,0,0,16
0x4888e0,100%,0,16,16,16,0,0,0
0x5ec15d,100%,0,157,157,0,0,0,157
0x49b04d,100%,0,32,32,8,0,0,24
0x5a1486,100%,0,24,24,24,0,0,0
0x5e32d6,100%,0,36,36,36,0,0,0
0x5d78c1,100%,0,36,36,36,0,0,0
0x4e8267,100%,0,1,1,0,0,0,1
0x5e002f,100%,0,36,36,0,0,0,36
0x5ea7cd,100%,0,150,150,0,0,0,150
0x45bd76,100%,0,73,73,0,0,0,73
0x5f7b79,100%,0,208,208,208,0,0,0
0x4dc088,100%,0,163,163,0,0,0,163
0x5ec7bf,100%,0,729,729,729,0,0,0
0x5ea1b3,100%,0,1614,1614,1467,0,0,147
0x5ec259,100%,0,142,142,0,0,0,142
0x5ec1c4,100%,0,150,150,150,0,0,0
0x548e2e,100%,0,8,8,8,0,0,0
0x5ec137,100%,0,157,157,0,0,0,157
0x5ec091,100%,0,185,185,0,0,0,185
0x5ea155,100%,0,136,136,0,0,0,136
0x5ea102,100%,0,150,150,0,0,0,150
0x5f7daf,100%,0,243,243,0,0,0,243
0x4a821a,100%,0,16,16,0,0,0,16
0x617e9f,100%,0,172,172,0,0,0,172
0x4ad774,100%,0,91,91,91,0,0,0
0x7b2329,100%,0,3,3,0,0,0,3
0x4ad741,100%,0,91,91,0,0,0,91
0x4a71dd,100%,0,127,127,0,0,0,127
0x4a71ce,100%,0,127,127,0,0,0,127
0x4a6f79,100%,0,172,172,172,0,0,0
0x4b5ce0,100%,0,32,32,0,0,0,32
0x5e94d5,100%,0,35,35,0,0,0,35
0x645e2b,100%,0,64,64,0,0,0,64
0x645d87,100%,0,64,64,0,0,0,64
0x4b5db5,100%,0,32,32,32,0,0,0
0x7b405f,100%,0,39,39,0,0,0,39
0x4b5d71,100%,0,32,32,0,0,0,32
0x535c33,100%,0,35,35,35,0,0,0
0x4b5d28,100%,0,32,32,0,0,0,32
0x676e00,100%,0,80,80,64,0,0,16
0x4b5cf0,100%,0,32,32,32,0,0,0
0x45f9b1,100%,0,777,777,729,0,0,48
0x45f942,100%,0,48,48,0,0,0,48
0x45f929,100%,0,384,384,336,0,0,48
0x45f8ee,100%,0,48,48,0,0,0,48
0x5e92b0,100%,0,43,43,0,0,0,43
0x4b5cce,100%,0,32,32,0,0,0,32
0x45b79e,100%,0,46,46,0,0,0,46
0x45b786,100%,0,46,46,0,0,0,46
0x5d8f0f,100%,0,28,28,0,0,0,28
0x487fd0,100%,0,16,16,0,0,0,16
0x645c63,100%,0,64,64,64,0,0,0
0x460f97,100%,0,7,7,0,0,0,7
0x645c31,100%,0,64,64,64,0,0,0
0x645b84,100%,0,64,64,0,0,0,64
0x645b68,100%,0,64,64,0,0,0,64
0x645b37,100%,0,64,64,64,0,0,0
0x64596b,100%,0,64,64,0,0,0,64
0x5e3316,100%,0,64,64,0,0,0,64
0x45ba5e,100%,0,7,7,0,0,0,7
0x461004,100%,0,7,7,0,0,0,7
0x460fa6,100%,0,7,7,0,0,0,7
0x460f60,100%,0,7,7,0,0,0,7
0x460f26,100%,0,7,7,0,0,0,7
0x460801,100%,0,7,7,0,0,0,7
0x4607ec,100%,0,7,7,0,0,0,7
0x4866f1,100%,0,7,7,0,0,0,7
0x4866c7,100%,0,7,7,0,0,0,7
0x4866bb,100%,0,7,7,0,0,0,7
0x486678,100%,0,7,7,0,0,0,7
0x486506,100%,0,7,7,0,0,0,7
0x4864fd,100%,0,7,7,0,0,0,7
0x4864f5,100%,0,7,7,0,0,0,7
0x4863dd,100%,0,7,7,0,0,0,7
0x48c99c,100%,0,3,3,0,0,0,3
0x45ba52,100%,0,7,7,0,0,0,7
0x5ea748,100%,0,14,14,0,0,0,14
0x7b3fcb,100%,0,6,6,0,0,0,6
0x5ec440,100%,0,14,14,0,0,0,14
0x5eadf3,100%,0,7,7,0,0,0,7
0x5eadcb,100%,0,7,7,0,0,0,7
0x5ea509,100%,0,7,7,0,0,0,7
0x4a7d4a,100%,0,21,21,21,0,0,0
0x4a7d3f,100%,0,21,21,0,0,0,21
0x48eadd,100%,0,7,7,0,0,0,7
0x48eaac,100%,0,7,7,0,0,0,7
0x48ea37,100%,0,7,7,0,0,0,7
0x7b34c8,100%,0,232,232,232,0,0,0
0x4ea9f8,100%,0,1,1,0,0,0,1
0x494704,100%,0,2,2,0,0,0,2
0x7b36ae,100%,0,35,35,0,0,0,35
0x7b4079,100%,0,39,39,0,0,0,39
0x7b406e,100%,0,39,39,0,0,0,39
0x7b3670,100%,0,41,41,0,0,0,41
0x7b17ff,100%,0,2,2,0,0,0,2
0x7b13f9,100%,0,9,9,0,0,0,9
0x4ea9e4,100%,0,1,1,1,0,0,0
0x4e9092,100%,0,1,1,1,0,0,0
0x46031f,100%,0,2,2,0,0,0,2
0x5498f7,100%,0,2,2,0,0,0,2
0x4e9141,100%,0,2,2,0,0,0,2
0x4e9130,100%,0,2,2,0,0,0,2
0x4e91c8,100%,0,2,2,0,0,0,2
0x4947ca,100%,0,2,2,0,0,0,2
0x5d901e,100%,0,8,8,8,0,0,0
0x4e967a,100%,0,1,1,1,0,0,0
0x4ecffe,100%,0,1,1,0,0,0,1
0x4ea981,100%,0,1,1,0,0,0,1
0x4ea97d,100%,0,1,1,0,0,0,1
0x4ea900,100%,0,1,1,0,0,0,1
0x4e8b1e,100%,0,1,1,0,0,0,1
0x4e8a5e,100%,0,1,1,0,0,0,1
0x4ed01a,100%,0,1,1,0,0,0,1
0x48da77,100%,0,3,3,0,0,0,3
0x48cbb8,100%,0,3,3,0,0,0,3
0x48cb35,100%,0,3,3,0,0,0,3
0x48caf0,100%,0,3,3,0,0,0,3
0x48cabc,100%,0,3,3,0,0,0,3
0x5e9589,100%,0,35,35,0,0,0,35
0x486449,100%,0,7,7,0,0,0,7
0x461013,100%,0,7,7,0,0,0,7
0x499235,100%,0,69,69,34,0,0,35
0x4e8e19,100%,0,1,1,0,0,0,1
0x486773,100%,0,7,7,0,0,0,7
0x535ca8,100%,0,35,35,35,0,0,0
0x5ea01c,100%,0,35,35,35,0,0,0
0x5ea014,100%,0,35,35,0,0,0,35
0x5e99f6,100%,0,35,35,0,0,0,35
0x7b3666,100%,0,41,41,0,0,0,41
0x5e995e,100%,0,35,35,35,0,0,0
0x5e94a5,100%,0,35,35,0,0,0,35
0x487b79,100%,0,50,50,29,0,0,21
0x5e948b,100%,0,35,35,0,0,0,35
0x4991e4,100%,0,34,34,0,0,0,34
0x535c0f,100%,0,35,35,35,0,0,0
0x535ba7,100%,0,69,69,34,0,0,35
0x535b9e,100%,0,69,69,0,0,0,69
0x538df6,100%,0,38,38,35,0,0,3
0x538d7c,100%,0,35,35,0,0,0,35
0x535a09,100%,0,69,69,69,0,0,0
0x547b7c,100%,0,69,69,0,0,0,69
0x499170,100%,0,69,69,0,0,0,69
0x48c60e,100%,0,57,57,57,0,0,0
0x4a9722,100%,0,8,8,8,0,0,0
0x45bd9e,100%,0,73,73,0,0,0,73
0x45bd4c,100%,0,95,95,73,0,0,22
0x45bc9c,100%,0,51,51,51,0,0,0
0x683eb8,100%,0,8,8,0,0,0,8
0x5d8fef,100%,0,8,8,8,0,0,0
0x4ea9ec,100%,0,1,1,0,0,0,1
0x45c76e,100%,0,15,15,0,0,0,15
0x7b2337,100%,0,3,3,0,0,0,3
0x45c886,100%,0,30,30,0,0,0,30
0x45c7a8,100%,0,26,26,0,0,0,26
0x5d8f9c,100%,0,16,16,0,0,0,16
0x5d8f59,100%,0,16,16,16,0,0,0
0x4aa167,100%,0,8,8,0,0,0,8
0x4a96ea,100%,0,8,8,8,0,0,0
0x4a968d,100%,0,8,8,8,0,0,0
0x4a967e,100%,0,8,8,8,0,0,0
0x54bf93,100%,0,8,8,8,0,0,0
0x683f81,100%,0,8,8,8,0,0,0
0x4a8c77,100%,0,172,172,0,0,0,172
0x683cff,100%,0,8,8,0,0,0,8
0x683cd0,100%,0,8,8,8,0,0,0
0x4e8a43,100%,0,1,1,0,0,0,1
0x683ccb,100%,0,8,8,0,0,0,8
0x683cc2,100%,0,8,8,0,0,0,8
0x49b1bf,100%,0,8,8,0,0,0,8
0x487921,100%,0,35,35,22,0,0,13
0x4878b6,100%,0,50,50,0,0,0,50
0x61a6fe,100%,0,34,34,0,0,0,34
0x61a6bf,100%,0,34,34,34,0,0,0
0x61a50a,100%,0,34,34,0,0,0,34
0x61a4af,100%,0,34,34,34,0,0,0
0x49921f,100%,0,34,34,0,0,0,34
0x674e0b,100%,0,30,30,0,0,0,30
0x4b5aab,100%,0,11786,11786,0,0,0,11786
0x550458,100%,0,5894,5894,0,0,0,5894
0x487f7b,100%,0,16,16,0,0,0,16
0x618987,100%,0,172,172,172,0,0,0
0x649e7c,100%,0,18845,18845,0,0,0,18845
0x5ec48f,100%,0,14,14,0,0,0,14
0x54f8fe,100%,0,5927,5927,0,0,0,5927
0x639ef0,100%,0,8,8,8,0,0,0
0x548671,100%,0,5926,5926,0,0,0,5926
0x485f7e,100%,0,5903,5903,0,0,0,5903
0x5a0893,100%,0,5976,5976,0,0,0,5976
0x7b1bb3,100%,0,10908,10908,10908,0,0,0
0x4a9667,100%,0,8,8,8,0,0,0
0x6448ef,100%,0,23596,23596,23596,0,0,0
0x486481,100%,0,7,7,0,0,0,7
0x64ce17,100%,0,10424,10424,0,0,0,10424
0x5dca65,100%,0,5903,5903,0,0,0,5903
0x60cf8c,100%,0,8,8,8,0,0,0
0x550af9,100%,0,23642,23642,11821,0,0,11821
0x45c7b6,100%,0,26,26,26,0,0,0
0x54934b,100%,0,8,8,8,0,0,0
0x48914c,100%,0,5927,5927,0,0,0,5927
0x488087,100%,0,16,16,0,0,0,16
0x4b5efa,100%,0,16,16,16,0,0,0
0x45b715,100%,0,35,35,0,0,0,35
0x48616e,100%,0,5895,5895,0,0,0,5895
0x4a72a5,100%,0,172,172,172,0,0,0
0x674e5c,100%,0,30,30,0,0,0,30
0x4a74d1,100%,0,131,131,0,0,0,131
0x7ac054,100%,0,30,30,0,0,0,30
0x63a453,100%,0,8,8,8,0,0,0
0x5ec7ad,100%,0,1530,1530,801,0,0,729
0x535cd1,100%,0,34,34,34,0,0,0
0x49972f,100%,0,17970,17970,0,0,0,17970
0x4b5adc,100%,0,11786,11786,0,0,0,11786
0x6386a5,100%,0,17186,17186,0,0,0,17186
0x49b3c6,100%,0,8,8,0,0,0,8
0x5dcacf,100%,0,5903,5903,0,0,0,5903
0x6f7b35,100%,0,30,30,30,0,0,0
0x4e1573,100%,0,172,172,0,0,0,172
0x485f8d,100%,0,5903,5903,5903,0,0,0
0x4b59c0,100%,0,5897,5897,0,0,0,5897
0x4e1639,100%,0,172,172,0,0,0,172
0x4a83a3,100%,0,360,360,0,0,0,360
0x5ea4b1,100%,0,7,7,0,0,0,7
0x499703,100%,0,18002,18002,0,0,0,18002
0x5a0e3d,100%,0,32,32,0,0,0,32
0x7b17c8,100%,0,31,31,0,0,0,31
0x487902,100%,0,35,35,0,0,0,35
0x461666,100%,0,8,8,0,0,0,8
0x645970,100%,0,64,64,64,0,0,0
0x4a726b,100%,0,451,451,0,0,0,451
0x54ed27,100%,0,5968,5968,0,0,0,5968
0x63877c,100%,0,11829,11829,0,0,0,11829
0x499b26,100%,0,40,40,0,0,0,40
0x5dca54,100%,0,5903,5903,0,0,0,5903
0x4e8e76,100%,0,1,1,0,0,0,1
0x547aca,100%,0,34,34,34,0,0,0
0x535be0,100%,0,35,35,35,0,0,0
0x4ea909,100%,0,1,1,0,0,0,1
0x4a9aef,100%,0,8,8,8,0,0,0
0x5361b8,100%,0,35,35,35,0,0,0
0x63912f,100%,0,1305,1305,1305,0,0,0
0x674da3,100%,0,30,30,30,0,0,0
0x4607ad,100%,0,7,7,0,0,0,7
0x4868ea,100%,0,7,7,0,0,0,7
0x639c5c,100%,0,8,8,8,0,0,0
0x5e34c3,100%,0,5895,5895,0,0,0,5895
0x48c9fe,100%,0,3,3,0,0,0,3
0x4866d9,100%,0,7,7,0,0,0,7
0x7b1cf3,100%,0,10272,10272,0,0,0,10272
0x6841a8,100%,0,8,8,8,0,0,0
0x54cd88,100%,0,8,8,0,0,0,8
0x5505fe,100%,0,5894,5894,5894,0,0,0
0x60c11c,100%,0,8,8,0,0,0,8
0x7a6428,100%,0,30,30,30,0,0,0
0x4a7590,100%,0,163,163,163,0,0,0
0x674d99,100%,0,30,30,0,0,0,30
0x66ef6f,100%,0,516,516,516,0,0,0
0x415f02,100%,0,23,23,0,0,0,23
0x6390e3,100%,0,1305,1305,1305,0,0,0
0x4b59da,100%,0,5897,5897,0,0,0,5897
0x7b201a,100%,0,10272,10272,0,0,0,10272
0x48c642,100%,0,57,57,57,0,0,0
0x645d78,100%,0,64,64,0,0,0,64
0x4b59e6,100%,0,5897,5897,0,0,0,5897
0x548680,100%,0,5926,5926,0,0,0,5926
0x67449b,100%,0,30,30,0,0,0,30
0x48943f,100%,0,5895,5895,5895,0,0,0
0x48852e,100%,0,16,16,0,0,0,16
0x5dc984,100%,0,11802,11802,0,0,0,11802
0x676e33,100%,0,16,16,0,0,0,16
0x5d0acb,100%,0,30,30,0,0,0,30
0x5e9ef0,100%,0,35,35,0,0,0,35
0x646015,100%,0,64,64,64,0,0,0
0x487b9b,100%,0,21,21,7,0,0,14
0x48617d,100%,0,5895,5895,0,0,0,5895
0x61809e,100%,0,23,23,0,0,0,23
0x64599f,100%,0,64,64,0,0,0,64
0x68d8da,100%,0,8,8,8,0,0,0
0x550cb7,100%,0,5977,5977,0,0,0,5977
0x535b69,100%,0,35,35,0,0,0,35
0x4e8bdd,100%,0,2,2,0,0,0,2
0x5ec463,100%,0,14,14,0,0,0,14
0x644921,100%,0,23596,23596,23596,0,0,0
0x684188,100%,0,8,8,0,0,0,8
0x5ea1a0,100%,0,1614,1614,1614,0,0,0
0x6391af,100%,0,1305,1305,1305,0,0,0
0x639eeb,100%,0,8,8,0,0,0,8
0x638797,100%,0,11829,11829,0,0,0,11829
0x416517,100%,0,23,23,0,0,0,23
0x5d9194,100%,0,28,28,0,0,0,28
0x5a0da9,100%,0,32,32,32,0,0,0
0x64cce0,100%,0,17234,17234,0,0,0,17234
0x486767,100%,0,7,7,0,0,0,7
0x486192,100%,0,5895,5895,0,0,0,5895
0x4a8474,100%,0,360,360,360,0,0,0
0x60c361,100%,0,8,8,0,0,0,8
0x645d82,100%,0,64,64,0,0,0,64
0x45f936,100%,0,48,48,48,0,0,0
0x4a704a,100%,0,172,172,172,0,0,0
0x639105,100%,0,1305,1305,1305,0,0,0
0x6390d3,100%,0,1305,1305,0,0,0,1305
0x5e2d99,100%,0,5895,5895,5895,0,0,0
0x550be5,100%,0,5894,5894,0,0,0,5894
0x7bd864,100%,0,30,30,30,0,0,0
0x4eaa2e,100%,0,1,1,0,0,0,1
0x550c10,100%,0,5894,5894,0,0,0,5894
0x7b3687,100%,0,41,41,0,0,0,41
0x461066,100%,0,7,7,0,0,0,7
0x4b5f43,100%,0,16,16,0,0,0,16
0x48853e,100%,0,16,16,0,0,0,16
0x67447a,100%,0,30,30,30,0,0,0
0x639ee2,100%,0,8,8,0,0,0,8
0x538dce,100%,0,35,35,0,0,0,35
0x54ab9b,100%,0,32,32,0,0,0,32
0x4867ed,100%,0,29477,29477,29477,0,0,0
0x7b14d6,100%,0,10046,10046,0,0,0,10046
0x5486b1,100%,0,11820,11820,5894,0,0,5926
0x7b13a8,100%,0,5528,5528,5528,0,0,0
0x499d5c,100%,0,172,172,172,0,0,0
0x550a5a,100%,0,5894,5894,0,0,0,5894
0x550731,100%,0,5894,5894,5894,0,0,0
0x5d788b,100%,0,36,36,0,0,0,36
0x4a80c3,100%,0,23,23,0,0,0,23
0x683e87,100%,0,8,8,8,0,0,0
0x4602e9,100%,0,902,902,381,0,0,521
0x46029b,100%,0,689,689,0,0,0,689
0x535b30,100%,0,35,35,35,0,0,0
0x4a727f,100%,0,172,172,172,0,0,0
0x4ea91b,100%,0,1,1,0,0,0,1
0x4a722e,100%,0,172,172,0,0,0,172
0x617dd2,100%,0,172,172,0,0,0,172
0x499e9a,100%,0,172,172,172,0,0,0
0x66f065,100%,0,688,688,344,0,0,344
0x66f3ea,100%,0,344,344,0,0,0,344
0x499247,100%,0,35,35,35,0,0,0
0x48e926,100%,0,172,172,0,0,0,172
0x48caad,100%,0,3,3,0,0,0,3
0x66f449,100%,0,172,172,172,0,0,0
0x4e82e6,100%,0,1,1,0,0,0,1
0x5a0d2c,100%,0,5926,5926,5926,0,0,0
0x5a0d13,100%,0,5926,5926,0,0,0,5926
0x7bd917,100%,0,30,30,0,0,0,30
0x4e8302,100%,0,2,2,0,0,0,2
0x5a0a04,100%,0,11820,11820,11820,0,0,0
0x49857b,100%,0,16,16,0,0,0,16
0x5a09b4,100%,0,11820,11820,0,0,0,11820
0x645fc7,100%,0,64,64,0,0,0,64
0x5a0b54,100%,0,5926,5926,0,0,0,5926
0x48c463,100%,0,15,15,0,0,0,15
0x5a1ff9,100%,0,23754,23754,0,0,0,23754
0x5505c3,100%,0,5894,5894,0,0,0,5894
0x639261,100%,0,1305,1305,1305,0,0,0
0x645962,100%,0,64,64,0,0,0,64
0x54cd75,100%,0,8,8,0,0,0,8
0x5dcaca,100%,0,5903,5903,0,0,0,5903
0x64c321,100%,0,8,8,8,0,0,0
0x48cba9,100%,0,3,3,0,0,0,3
0x499d9d,100%,0,301,301,301,0,0,0
0x54f93e,100%,0,5927,5927,0,0,0,5927
0x5dca69,100%,0,5903,5903,5903,0,0,0
0x45b9ff,100%,0,59,59,0,0,0,59
0x54f8e2,100%,0,5927,5927,0,0,0,5927
0x6f7777,100%,0,30,30,30,0,0,0
0x7d2238,100%,0,411,411,0,0,0,411
0x4ea408,100%,0,2,2,2,0,0,0
0x5dad2c,100%,0,11797,11797,11797,0,0,0
0x676e0f,100%,0,16,16,16,0,0,0
0x4893e3,100%,0,5903,5903,5903,0,0,0
0x63a3ab,100%,0,8,8,0,0,0,8
0x68d7d0,100%,0,8,8,8,0,0,0
0x4b59cf,100%,0,5897,5897,0,0,0,5897
0x676e48,100%,0,16,16,16,0,0,0
0x4a73f0,100%,0,131,131,131,0,0,0
0x426fb7,100%,0,261,261,0,0,0,261
0x4b5ae6,100%,0,11786,11786,11786,0,0,0
0x6840d7,100%,0,8,8,0,0,0,8
0x60c62b,100%,0,8,8,0,0,0,8
0x48cae3,100%,0,3,3,0,0,0,3
0x4a74a0,100%,0,140,140,140,0,0,0
0x5a15be,100%,0,5680,5680,0,0,0,5680
0x5ec71d,100%,0,72,72,40,0,0,32
0x5dcaa9,100%,0,5903,5903,5903,0,0,0
0x4a71eb,100%,0,127,127,0,0,0,127
0x5a08ad,100%,0,5976,5976,5976,0,0,0
0x54f86c,100%,0,5927,5927,5927,0,0,0
0x68e8ab,100%,0,30,30,0,0,0,30
0x60ce4a,100%,0,8,8,8,0,0,0
0x45ba72,100%,0,7,7,0,0,0,7
0x649edc,100%,0,6785,6785,0,0,0,6785
0x60c53f,100%,0,8,8,8,0,0,0
0x538d8e,100%,0,35,35,0,0,0,35
0x63a2f8,100%,0,8,8,0,0,0,8
0x4a745d,100%,0,140,140,140,0,0,0
0x45c8ae,100%,0,30,30,0,0,0,30
0x676e97,100%,0,16,16,0,0,0,16
0x4ad764,100%,0,91,91,91,0,0,0
0x7b1399,100%,0,5528,5528,0,0,0,5528
0x548de7,100%,0,8,8,8,0,0,0
0x487aed,100%,0,50,50,50,0,0,0
0x674200,100%,0,30,30,0,0,0,30
0x48650f,100%,0,7,7,0,0,0,7
0x645e59,100%,0,64,64,64,0,0,0
0x48c3c3,100%,0,7,7,0,0,0,7
0x415c5a,100%,0,196,196,173,0,0,23
0x5e9f09,100%,0,35,35,0,0,0,35
0x5ec42d,100%,0,14,14,0,0,0,14
0x406d07,100%,0,426,426,426,0,0,0
0x676e3c,100%,0,16,16,0,0,0,16
0x48c452,100%,0,15,15,0,0,0,15
0x460308,100%,0,2,2,0,0,0,2
