Branch PC,Accuracy,Mispredictions,Correct Predictions,Total,dir_t_pred_t,dir_t_pred_nt,dir_nt_pred_t,dir_nt_pred_nt
aggregate,99.1775%,234387,28264221,28498608,23886353,53671,180716,4377868
0x8e36ee,99.02%,5322,537746,543068,493373,923,4399,44373
0x8e376d,96.0162%,1943,46829,48772,46829,573,1370,0
0x87a868,94.2477%,1491,24429,25920,18587,827,664,5842
0x78afb8,97.2203%,1441,50399,51840,49029,508,933,1370
0x77d947,97.2955%,1402,50438,51840,50351,529,873,87
0x86de8c,98.6722%,1325,98467,99792,97623,321,1004,844
0x8739c4,95.0309%,1288,24632,25920,22356,613,675,2276
0x87dd1c,94.9404%,1282,24056,25338,6228,536,746,17828
0x873ae4,95.1042%,1269,24651,25920,22375,594,675,2276
0x873a36,95.1427%,1259,24661,25920,22362,607,652,2299
0x873b44,95.1505%,1257,24663,25920,2262,689,568,22401
0x86dab6,98.7514%,1246,98546,99792,97523,421,825,1023
0x873bc4,95.2199%,1239,24681,25920,2308,643,596,22373
0x873b84,95.2623%,1228,24692,25920,2261,690,538,22431
0x873961,95.4051%,1191,24729,25920,21482,567,624,3247
0x77da9b,97.8549%,1112,50728,51840,50728,152,960,0
0x78b037,97.8781%,1100,50740,51840,50727,153,947,13
0x77cd78,97.9363%,1052,49924,50976,49924,108,944,0
0x77ded0,97.9919%,1041,50799,51840,50799,81,960,0
0x77aeab,98.0228%,1025,50815,51840,50789,91,934,26
0x86de67,98.9779%,1020,98772,99792,74761,566,454,24011
0x77db4b,98.0401%,1016,50824,51840,50821,59,957,3
0x77e0bf,98.0536%,1009,50831,51840,50831,49,960,0
0x8e3f1f,99.7227%,1005,361399,362404,361399,287,718,0
0x64aa77,98.2874%,989,56761,57750,56354,241,748,407
0x77af9f,98.098%,986,50854,51840,50670,210,776,184
0x77d9eb,98.0999%,985,50855,51840,50855,25,960,0
0x77c93f,98.0697%,984,49992,50976,49992,40,944,0
0x77dc80,98.1134%,978,50862,51840,50862,18,960,0
0x77cbca,98.0815%,978,49998,50976,49998,34,944,0
0x77c9c6,98.0854%,976,50000,50976,50000,32,944,0
0x7da568,98.1173%,976,50864,51840,50864,16,960,0
0x77dfc0,98.1173%,976,50864,51840,50864,16,960,0
0x830802,98.1192%,975,50865,51840,50865,15,960,0
0x874166,98.1348%,975,51297,52272,51142,162,813,155
0x77c8d2,98.0913%,973,50003,50976,50003,29,944,0
0x7da74e,98.1289%,970,50870,51840,50870,10,960,0
0x7da3d7,98.1308%,969,50871,51840,50871,9,960,0
0x7da451,98.1308%,969,50871,51840,50870,10,959,1
0x7da4ce,98.1308%,969,50871,51840,50871,9,960,0
0x7da611,98.1327%,968,50872,51840,50872,8,960,0
0x7da7f2,98.1346%,967,50873,51840,50873,7,960,0
0x7da6b1,98.1366%,966,50874,51840,50873,7,959,1
0x77c2f9,98.107%,965,50011,50976,50011,21,944,0
0x77b0ce,98.1385%,965,50875,51840,50875,5,960,0
0x77affe,98.1404%,964,50876,51840,50876,4,960,0
0x77af30,98.1443%,962,50878,51840,50878,2,960,0
0x77dddf,98.1443%,962,50878,51840,50878,2,960,0
0x77c846,98.1148%,961,50015,50976,50015,17,944,0
0x77bf5f,98.1168%,960,50016,50976,50016,16,944,0
0x77dbfb,98.1481%,960,50880,51840,50879,1,959,1
0x77b06c,98.1481%,960,50880,51840,50880,0,960,0
0x77c19b,98.1226%,957,50019,50976,50019,13,944,0
0x77cb5f,98.1246%,956,50020,50976,50020,12,944,0
0x77c796,98.1246%,956,50020,50976,50020,12,944,0
0x77c50a,98.1285%,954,50022,50976,50022,10,944,0
0x77cb02,98.1305%,953,50023,50976,50023,9,944,0
0x77ceda,98.1325%,952,50024,50976,50024,8,944,0
0x77c60f,98.1344%,951,50025,50976,50025,7,944,0
0x77c3aa,98.1364%,950,50026,50976,50026,6,944,0
0x77f6df,98.1383%,949,50027,50976,50027,5,944,0
0x77c0ea,98.1383%,949,50027,50976,50027,5,944,0
0x77c471,98.1383%,949,50027,50976,50027,5,944,0
0x77ca76,98.1383%,949,50027,50976,50027,5,944,0
0x77f800,98.1383%,949,50027,50976,50027,5,944,0
0x77c260,98.1383%,949,50027,50976,50027,5,944,0
0x77ce39,98.1403%,948,50028,50976,50028,4,944,0
0x77c59a,98.1423%,947,50029,50976,50029,3,944,0
0x77cf6a,98.1442%,946,50030,50976,50030,2,944,0
0x77f761,98.1442%,946,50030,50976,50030,2,944,0
0x77f850,98.1462%,945,50031,50976,50031,1,944,0
0x77dcf3,98.2677%,898,50942,51840,50745,135,763,197
0x873c1c,96.5664%,890,25030,25920,24688,249,641,342
0x86da87,99.1132%,885,98907,99792,75452,508,377,23455
0x64a181,98.1708%,862,46262,47124,45974,226,636,288
0x8e3686,98.2428%,857,47915,48772,16577,411,446,31338
0x8482b6,97.4297%,855,32409,33264,32274,374,481,135
0x5e9603,99.7451%,826,323174,324000,323174,76,750,0
0x7803bc,89.2118%,824,6814,7638,6196,322,502,618
0x8728bd,97.8552%,803,36637,37440,36636,84,719,1
0x77f7b1,98.4404%,795,50181,50976,49982,50,745,199
0x848205,97.8415%,718,32546,33264,32424,224,494,122
0x77e124,98.6056%,715,50560,51275,14819,216,499,35741
0x77b113,98.6134%,711,50564,51275,35739,501,210,14825
0x780705,97.2497%,701,24787,25488,17634,459,242,7153
0x77e3c3,98.6671%,691,51149,51840,36371,434,257,14778
0x64a0fa,98.5506%,683,46441,47124,7013,301,382,39428
0x77e313,98.6921%,678,51162,51840,36365,440,238,14797
0x77e263,98.696%,676,51164,51840,36370,435,241,14794
0x8e3508,76.3139%,649,2091,2740,1049,321,328,1042
0x77e1b3,98.7539%,646,51194,51840,36381,424,222,14813
0x77e33a,98.7712%,637,51203,51840,50771,109,528,432
0x873825,97.554%,634,25286,25920,24350,281,353,936
0x873905,97.5617%,632,25288,25920,24362,269,363,926
0x8736e4,97.5656%,631,25289,25920,24351,280,351,938
0x780378,97.5282%,630,24858,25488,17442,408,222,7416
0x873883,97.581%,627,25293,25920,926,363,264,24367
0x87a963,97.5176%,622,24434,25056,24433,159,463,1
0x77e9a5,97.6273%,615,25305,25920,25222,218,397,83
0x873664,97.6312%,614,25306,25920,24366,265,349,940
0x873783,97.635%,613,25307,25920,929,360,253,24378
0x7d4f73,98.1812%,605,32659,33264,32537,111,494,122
0x96b86e,99.7471%,601,237089,237690,224958,135,466,12131
0x64a9f8,98.9662%,597,57153,57750,19544,334,263,37609
0x77e3ea,98.8542%,594,51246,51840,50794,86,508,452
0x786423,98.2212%,584,32248,32832,32109,115,469,139
0x794fac,98.2243%,583,32249,32832,32098,126,457,151
0x7951c4,98.2395%,578,32254,32832,32093,131,447,161
0x77b127,98.8908%,575,51265,51840,50702,178,397,563
0x77e136,98.8927%,574,51266,51840,50755,125,449,511
0x795199,98.2669%,569,32263,32832,24392,334,235,7871
0x873c45,97.8048%,569,25351,25920,25334,106,463,17
0x65f893,98.2924%,568,32696,33264,32535,113,455,161
0x77e1da,98.912%,564,51276,51840,50838,42,522,438
0x7950b3,98.2822%,564,32268,32832,32084,140,424,184
0x7d8f82,97.8356%,561,25359,25920,25285,155,406,74
0x77e28a,98.9217%,559,51281,51840,50857,23,536,424
0x7d4f49,98.3225%,558,32706,33264,24800,309,249,7906
0x831b5a,98.3315%,555,32709,33264,32509,139,416,200
0x78c1c9,97.8627%,554,25366,25920,25365,75,479,1
0x794f2c,98.3309%,548,32284,32832,32116,108,440,168
0x65f914,98.3706%,542,32722,33264,32537,111,431,185
0x7863fa,98.3614%,538,32294,32832,24408,318,220,7886
0x65f8f7,98.3856%,537,32727,33264,24778,331,206,7949
0x87391b,97.9514%,531,25389,25920,25343,97,434,46
0x65f876,98.4067%,530,32734,33264,24819,290,240,7915
0x65f993,98.4067%,530,32734,33264,32550,98,432,184
0x77f07b,97.9402%,525,24963,25488,24963,53,472,0
0x8736b9,97.9861%,522,25398,25920,25398,42,480,0
0x780794,97.952%,522,24966,25488,17747,346,176,7219
0x8789f2,97.9598%,520,24968,25488,24921,95,425,47
0x87383b,97.9938%,520,25400,25920,25349,91,429,51
0x873993,97.9977%,519,25401,25920,25397,43,476,4
0x8739fb,98.0015%,518,25402,25920,25375,65,453,27
0x873168,98.0697%,517,26267,26784,8376,207,310,17891
0x7d4eb3,98.4488%,516,32748,33264,32528,120,396,220
0x78c139,98.017%,514,25406,25920,25406,34,480,0
0x873732,98.0208%,513,25407,25920,25407,33,480,0
0x7d905e,98.0478%,506,25414,25920,25414,26,480,0
0x7d8bdc,98.0478%,506,25414,25920,25414,26,480,0
0x873a98,98.0633%,502,25418,25920,25402,38,464,16
0x8749ea,98.071%,500,25420,25920,25420,20,480,0
0x7a8a67,98.4999%,499,32765,33264,7935,220,279,24830
0x77f181,98.0461%,498,24990,25488,24990,26,472,0
0x873ffd,98.1444%,497,26287,26784,26234,54,443,53
0x873b16,98.0826%,497,25423,25920,25404,36,461,19
0x87dea3,98.054%,496,24992,25488,24992,24,472,0
0x64b3e3,98.5119%,495,32769,33264,32573,75,420,196
0x794f89,98.4954%,494,32338,32832,24633,300,194,7705
0x64ebec,98.4753%,494,31906,32400,31701,99,395,205
0x77e7d1,98.098%,493,25427,25920,25427,13,480,0
0x7d8e6e,98.1019%,492,25428,25920,25428,12,480,0
0x7d91db,98.1019%,492,25428,25920,25428,12,480,0
0x831b34,98.5209%,492,32772,33264,25035,285,207,7737
0x7a89a7,98.5239%,491,32773,33264,7942,213,278,24831
0x87ddb0,98.0775%,490,24998,25488,24989,27,463,9
0x87da65,98.0815%,489,24999,25488,17538,312,177,7461
0x786364,98.5136%,488,32344,32832,32122,102,386,222
0x77e961,98.1211%,487,25433,25920,25433,7,480,0
0x7d8c6f,98.125%,486,25434,25920,25434,6,480,0
0x77ea41,98.125%,486,25434,25920,25434,6,480,0
0x876122,98.125%,486,25434,25920,25434,6,480,0
0x875b48,98.0932%,486,25002,25488,25002,14,472,0
0x7d8e13,98.125%,486,25434,25920,25434,6,480,0
0x77e831,98.1289%,485,25435,25920,25435,5,480,0
0x77e735,98.1289%,485,25435,25920,25435,5,480,0
0x77eaa1,98.1289%,485,25435,25920,25435,5,480,0
0x77e8e8,98.1327%,484,25436,25920,25436,4,480,0
0x77e6f0,98.1327%,484,25436,25920,25436,4,480,0
0x77e778,98.1327%,484,25436,25920,25436,4,480,0
0x7d9003,98.1327%,484,25436,25920,25436,4,480,0
0x77eb04,98.1366%,483,25437,25920,25437,3,480,0
0x77e894,98.1366%,483,25437,25920,25437,3,480,0
0x780921,98.105%,483,25005,25488,25005,11,472,0
0x77f99a,98.1404%,482,25438,25920,25438,2,480,0
0x77f9e6,98.1404%,482,25438,25920,25438,2,480,0
0x87601f,98.1128%,481,25007,25488,25007,9,472,0
0x77e9e8,98.1443%,481,25439,25920,25439,1,480,0
0x7d9d29,98.1168%,480,25008,25488,25008,8,472,0
0x78054b,98.1168%,480,25008,25488,25008,8,472,0
0x77f8b6,98.1246%,478,25010,25488,25010,6,472,0
0x77f4a4,98.1246%,478,25010,25488,25010,6,472,0
0x64b3a7,98.563%,478,32786,33264,25255,272,206,7531
0x65f976,98.563%,478,32786,33264,24826,283,195,7960
0x78059e,98.1246%,478,25010,25488,25010,6,472,0
0x87dcc3,98.1285%,477,25011,25488,25011,5,472,0
0x780689,98.1105%,477,24768,25245,17539,311,166,7229
0x87de5f,98.1285%,477,25011,25488,25011,5,472,0
0x77efd1,98.1325%,476,25012,25488,25012,4,472,0
0x7805e5,98.1325%,476,25012,25488,25012,4,472,0
0x7d9ca9,98.1325%,476,25012,25488,25012,4,472,0
0x7d9d92,98.1325%,476,25012,25488,25012,4,472,0
0x8767fa,98.1674%,475,25445,25920,25403,37,438,42
0x77f1e4,98.1364%,475,25013,25488,25013,3,472,0
0x77f564,98.1364%,475,25013,25488,25013,3,472,0
0x77f62b,98.1403%,474,25014,25488,25014,2,472,0
0x7eee57,98.3407%,474,28093,28567,27926,102,372,167
0x77f0c8,98.1403%,474,25014,25488,25014,2,472,0
0x7d9c1b,98.1403%,474,25014,25488,25014,2,472,0
0x77f121,98.1481%,472,25016,25488,25016,0,472,0
0x831aa3,98.5931%,468,32796,33264,7722,222,246,25074
0x831b93,98.5991%,466,32798,33264,7736,208,258,25062
0x7803ec,98.1795%,464,25024,25488,24948,68,396,76
0x77f02d,98.1874%,462,25026,25488,24946,70,392,80
0x780749,98.1874%,462,25026,25488,24951,65,397,75
0x7d9172,98.2215%,461,25459,25920,25387,53,408,72
0x87dd41,98.1913%,461,25027,25488,24999,17,444,28
0x78072c,93.7796%,460,6935,7395,5766,204,256,1169
0x831c24,98.6201%,459,32805,33264,7743,201,258,25062
0x780a17,98.1897%,457,24788,25245,17542,308,149,7246
0x780874,98.2109%,456,25032,25488,7230,165,291,17802
0x7eed97,98.4038%,456,28111,28567,20661,267,189,7450
0x7a1c86,98.2188%,454,25034,25488,17570,280,174,7464
0x64ebc7,98.6265%,445,31955,32400,24201,255,190,7754
0x87a886,98.2832%,445,25475,25920,25360,80,365,115
0x87397c,87.3227%,438,3017,3455,2817,134,304,200
0x87beec,98.2855%,437,25051,25488,7467,171,266,17584
0x77ef4f,98.2855%,437,25051,25488,25009,7,430,42
0x7db02b,98.3179%,436,25484,25920,18004,278,158,7480
0x786342,94.6706%,432,7674,8106,262,322,110,7412
0x7807cd,98.3129%,430,25058,25488,24957,59,371,101
0x780814,98.3169%,429,25059,25488,17825,268,161,7234
0x87dab3,98.3208%,428,25060,25488,24945,71,357,115
0x7db0eb,98.3488%,428,25492,25920,17842,278,150,7650
0x795091,94.7693%,424,7682,8106,250,334,90,7432
0x7a3cf5,98.3443%,422,25066,25488,17598,252,170,7468
0x7d4e91,94.8498%,420,7735,8155,263,327,93,7472
0x64a9c3,99.2797%,416,57334,57750,12738,174,242,44596
0x7a1cb7,98.3718%,415,25073,25488,24937,79,336,136
0x7db11a,98.4491%,402,25518,25920,25373,67,335,145
0x794f11,95.0247%,393,7506,7899,257,311,82,7249
0x7db051,98.4877%,392,25528,25920,25360,80,312,168
0x87daf4,98.4659%,391,25097,25488,17595,255,136,7502
0x7a3de4,98.4699%,390,25098,25488,17599,251,139,7499
0x87db73,98.4699%,390,25098,25488,17600,250,140,7498
0x879bd6,98.5417%,378,25542,25920,7653,147,231,17889
0x780a34,98.5326%,374,25114,25488,24935,81,293,179
0x7dafd5,95.1951%,367,7271,7638,244,288,79,7027
0x7a3d19,98.5954%,358,25130,25488,24936,80,278,194
0x87b673,98.6265%,356,25564,25920,7503,135,221,18061
0x7a3b44,98.6072%,355,25133,25488,17617,233,122,7516
0x7db0ba,98.6304%,355,25565,25920,25396,44,311,169
0x878033,98.6072%,355,25133,25488,24952,64,291,181
0x7a1c0e,95.3915%,352,7286,7638,7011,95,257,275
0x7806b7,98.6347%,348,25140,25488,24974,42,306,166
0x878016,98.6347%,348,25140,25488,17617,233,115,7523
0x825cda,99.7852%,348,161652,162000,155880,120,228,5772
0x7daff1,98.6613%,347,25573,25920,25399,41,306,174
0x7db095,95.5513%,347,7453,7800,269,274,73,7184
0x87bfc7,98.6386%,347,25141,25488,18090,216,131,7051
0x87bfe0,98.666%,340,25148,25488,24952,64,276,196
0x78082e,98.67%,339,25149,25488,24965,51,288,184
0x7a3a65,98.6778%,337,25151,25488,17645,205,132,7506
0x87db1e,98.6817%,336,25152,25488,24966,50,286,186
0x7a3a89,98.6935%,333,25155,25488,24942,74,259,213
0x87db91,98.717%,327,25161,25488,24956,60,267,205
0x87317c,98.7829%,326,26458,26784,26192,96,230,266
0x873b59,98.7423%,326,25594,25920,25402,38,288,192
0x7a3e06,98.7288%,324,25164,25488,24951,65,259,213
0x8e35c6,76.3504%,324,1046,1370,272,276,48,774
0x873b99,98.7577%,322,25598,25920,25411,29,293,187
0x7a3b66,98.7445%,320,25168,25488,24937,79,241,231
0x831c4c,99.0711%,309,32955,33264,32581,67,242,374
0x7a1c37,98.7955%,307,25181,25488,24969,47,260,212
0x873bd9,98.8194%,306,25614,25920,25413,27,279,201
0x831bea,99.0801%,306,32958,33264,32574,74,232,384
0x87bf24,98.8112%,303,25185,25488,24926,90,213,259
0x8736a0,78.1226%,282,1007,1289,866,114,168,141
0x831afa,99.1552%,281,32983,33264,32579,69,212,404
0x64a9da,99.5307%,271,57479,57750,5013,105,166,52466
0x7db33f,97.7583%,269,11731,12000,2624,136,133,9107
0x7a89d7,99.2124%,262,33002,33264,32605,43,219,397
0x873974,93.2317%,262,3609,3871,219,197,65,3390
0x77ee48,98.9799%,260,25228,25488,20285,131,129,4943
0x7db313,97.85%,258,11742,12000,1036,164,94,10706
0x795089,99.2355%,251,32581,32832,24637,89,162,7944
0x7a8a9b,99.2635%,245,33019,33264,32615,33,212,404
0x7a22d3,83.404%,235,1181,1416,1132,107,128,49
0x780884,99.078%,235,25253,25488,24990,26,209,263
0x7db329,98.1167%,226,11774,12000,1538,142,84,10236
0x825cf1,96.2667%,224,5776,6000,5193,57,167,583
0x8485fd,99.0249%,223,22647,22870,7444,154,69,15203
0x78633a,99.333%,219,32613,32832,24669,57,162,7944
0x650352,99.2987%,216,30584,30800,25384,124,92,5200
0x82770c,71.2951%,215,534,749,415,106,109,119
0x7d4e89,99.3657%,211,33053,33264,25051,58,153,8002
0x879c03,99.1975%,208,25712,25920,25402,38,170,310
0x8767e4,99.1975%,208,25712,25920,25443,45,163,269
0x8737cc,99.1975%,208,25712,25920,25418,22,186,294
0x872894,99.4471%,207,37233,37440,37227,21,186,6
0x65037b,99.3377%,204,30596,30800,30146,38,166,450
0x87b69c,99.2207%,202,25718,25920,25409,31,171,309
0x8738c8,99.2245%,201,25719,25920,25425,15,186,294
0x848682,99.9676%,200,617310,617510,594541,98,102,22769
0x87a918,99.2297%,193,24863,25056,19,143,50,24844
0x77eeb4,99.2506%,191,25297,25488,25003,13,178,294
0x847ff6,94.8356%,190,3489,3679,733,88,102,2756
0x794f09,99.4304%,187,32645,32832,24881,52,135,7764
0x78c123,99.3056%,180,25740,25920,25725,33,147,15
0x87a920,99.281%,179,24715,24894,24698,34,145,17
0x87c900,87.5%,177,1239,1416,1239,0,177,0
0x7db348,98.5417%,175,11825,12000,9355,108,67,2470
0x7973b6,98.8701%,174,15226,15400,15052,40,134,174
0x77c5e7,99.6645%,171,50805,50976,50577,75,96,228
0x78c1b3,99.348%,169,25751,25920,25731,27,142,20
0x780908,99.3409%,168,25320,25488,25311,15,153,9
0x77bf29,99.6724%,167,50809,50976,50576,76,91,233
0x8740ad,99.6882%,163,52109,52272,51614,25,138,495
0x650f72,98.9416%,163,15237,15400,15060,32,131,177
0x7db08b,99.375%,162,25758,25920,18069,51,111,7689
0x87da95,97.8921%,161,7477,7638,6953,85,76,524
0x830703,85.2022%,161,927,1088,927,25,136,0
0x650f37,98.9675%,159,15241,15400,2580,66,93,12661
0x797ae7,98.9675%,159,15241,15400,12673,81,78,2568
0x795588,98.9934%,153,15047,15200,12535,92,61,2512
0x78f3b1,99.6774%,153,47271,47424,45533,67,86,1738
0x797387,99.013%,152,15248,15400,12659,95,57,2589
0x77da08,84.1667%,152,808,960,804,36,116,4
0x77cea3,99.7057%,150,50826,50976,50762,48,102,64
0x77ee52,97.0426%,150,4922,5072,4830,67,83,92
0x77c563,99.7057%,150,50826,50976,50760,58,92,66
0x77cf33,99.7097%,148,50828,50976,50755,55,93,73
0x7da414,99.7164%,147,51693,51840,51292,70,77,401
0x77c4d3,99.7136%,146,50830,50976,50763,55,91,67
0x797b16,99.0584%,145,15255,15400,15074,18,127,181
0x77c873,84.7458%,144,800,944,796,30,114,4
0x77d9a5,99.7222%,144,51696,51840,51302,57,87,394
0x77d92d,99.7222%,144,51696,51840,51288,71,73,408
0x77dfe2,85.1042%,143,817,960,817,23,120,0
0x7da654,99.7261%,142,51698,51840,51293,69,73,405
0x77c8b4,99.7214%,142,50834,50976,50762,48,94,72
0x7955da,99.0724%,141,15059,15200,14869,27,114,190
0x7da6f4,99.728%,141,51699,51840,51296,66,75,403
0x78b59e,85.3125%,141,819,960,819,21,120,0
0x77ca44,99.7234%,141,50835,50976,50761,49,92,74
0x7da5b5,99.728%,141,51699,51840,51289,73,68,410
0x7da3b9,99.7299%,140,51700,51840,51297,65,75,403
0x830811,85.5208%,139,821,960,820,20,119,1
0x7da484,99.7319%,139,51701,51840,51302,60,79,399
0x77f438,99.4546%,139,25349,25488,25280,61,78,69
0x77de01,85.625%,138,822,960,822,18,120,0
0x7d81ce,40.2597%,138,93,231,93,61,77,0
0x7da514,99.7338%,138,51702,51840,51294,68,70,408
0x7da794,99.7357%,137,51703,51840,51292,70,67,411
0x7dafcb,99.4715%,137,25783,25920,18250,32,105,7533
0x77c814,99.7312%,137,50839,50976,50753,57,80,86
0x77c325,85.4873%,137,807,944,807,19,118,0
0x794881,39.9123%,137,91,228,91,61,76,0
0x77c924,99.7312%,137,50839,50976,50771,39,98,68
0x77cdf6,99.7332%,136,50840,50976,50766,44,92,74
0x77dbb5,99.7377%,136,51704,51840,51294,65,71,410
0x7db3b8,98.8667%,136,11864,12000,11740,20,116,124
0x77e119,99.7396%,135,51705,51840,510,55,80,51195
0x77ae8d,99.7396%,135,51705,51840,51292,67,68,413
0x873ec2,86.157%,134,834,968,834,13,121,0
0x77c9a4,99.7371%,134,50842,50976,50770,40,94,72
0x77b109,99.7434%,133,51707,51840,513,52,81,51194
0x77c774,99.7391%,133,50843,50976,50758,52,81,85
0x848698,99.4185%,133,22738,22871,19996,16,117,2742
0x872c12,43.29%,131,100,231,100,54,77,0
0x77db05,99.7473%,131,51709,51840,51297,62,69,412
0x7dc317,98.9083%,131,11869,12000,9315,95,36,2554
0x78dd97,11.4865%,131,17,148,10,64,67,7
0x77cae4,99.745%,130,50846,50976,50771,39,91,75
0x77aee9,99.7512%,129,51711,51840,432,49,80,51279
0x65ec14,44.1558%,129,102,231,102,52,77,0
0x7dbbe7,98.925%,129,11871,12000,9326,84,45,2545
0x86e0d4,44.5887%,128,103,231,103,51,77,0
0x77da55,99.755%,127,51713,51840,51298,61,66,415
0x77cd35,99.7509%,127,50849,50976,50773,37,90,76
0x872a4a,99.3216%,127,18593,18720,18349,11,116,244
0x77cba3,99.7509%,127,50849,50976,50764,46,81,85
0x64ff62,45.4545%,126,105,231,1,76,50,104
0x77dc49,99.7589%,125,51715,51840,430,51,74,51285
0x7dbc17,98.975%,123,11877,12000,11743,17,106,134
0x78b60e,87.1875%,123,837,960,836,4,119,1
0x77c0c4,99.7607%,122,50854,50976,50759,59,63,95
0x77b0de,87.2917%,122,838,960,838,2,120,0
0x77cb44,99.7607%,122,50854,50976,50760,50,72,94
0x7868a3,87.3958%,121,839,960,839,1,120,0
0x77c8e5,87.2881%,120,824,944,824,2,118,0
0x7dc347,99%,120,11880,12000,11746,14,106,134
0x77db68,87.5%,120,840,960,839,1,119,1
0x77c49f,87.2881%,120,824,944,824,2,118,0
0x77dd09,87.5%,120,840,960,840,0,120,0
0x87dd6d,99.5292%,120,25368,25488,25283,43,77,85
0x87292b,83.3333%,120,600,720,597,3,117,3
0x77b00e,87.5%,120,840,960,840,0,120,0
0x77c1ce,87.2881%,120,824,944,823,3,117,1
0x77d963,87.5%,120,840,960,840,0,120,0
0x7da578,87.6042%,119,841,960,839,1,118,2
0x77afae,87.6042%,119,841,960,840,0,119,1
0x77dab8,87.6042%,119,841,960,838,2,117,3
0x77aec4,87.6042%,119,841,960,839,1,118,2
0x7a1c06,99.5331%,119,25369,25488,17818,32,87,7551
0x77def2,87.6042%,119,841,960,839,1,118,2
0x879e98,99.5409%,119,25801,25920,25426,14,105,375
0x87de24,99.5331%,119,25369,25488,25275,51,68,94
0x77f704,87.5%,118,826,944,826,0,118,0
0x77c7c2,87.5%,118,826,944,826,0,118,0
0x77b07b,87.7083%,118,842,960,840,0,118,2
0x77f814,87.5%,118,826,944,826,0,118,0
0x77e0df,87.7083%,118,842,960,840,0,118,2
0x77f775,87.5%,118,826,944,826,0,118,0
0x77cbe0,87.5%,118,826,944,826,0,118,0
0x64a264,87.2294%,118,806,924,655,38,80,151
0x77f864,87.5%,118,826,944,826,0,118,0
0x7da621,87.7083%,118,842,960,840,0,118,2
0x87de8e,99.537%,118,25370,25488,25282,44,74,88
0x77cf88,87.5%,118,826,944,825,1,117,1
0x77cb75,87.5%,118,826,944,826,0,118,0
0x77f7c4,87.5%,118,826,944,826,0,118,0
0x7da3e4,87.7083%,118,842,960,837,3,115,5
0x77c5bd,87.5%,118,826,944,824,2,116,2
0x77c52d,87.5%,118,826,944,826,0,118,0
0x77c436,99.7685%,118,50858,50976,50769,49,69,89
0x77c957,87.5%,118,826,944,825,1,117,1
0x77af47,87.7083%,118,842,960,840,0,118,2
0x77cb14,87.6059%,117,827,944,826,0,117,1
0x96b845,99.0712%,117,12480,12597,0,0,117,12480
0x7da802,87.8125%,117,843,960,840,0,117,3
0x7da75e,87.8125%,117,843,960,840,0,117,3
0x77c116,87.6059%,117,827,944,826,0,117,1
0x77c9f2,87.6059%,117,827,944,826,0,117,1
0x77bf78,87.7119%,116,828,944,824,2,114,4
0x77cda9,87.7119%,116,828,944,826,0,116,2
0x77c3dd,87.7119%,116,828,944,826,0,116,2
0x7a24f7,34.4633%,116,61,177,61,57,59,0
0x77c290,87.7119%,116,828,944,826,0,116,2
0x77cefd,87.7119%,116,828,944,826,0,116,2
0x77dc9a,88.0208%,115,845,960,839,1,114,6
0x77c627,87.8178%,115,829,944,824,2,113,5
0x77dc17,88.0208%,115,845,960,840,0,115,5
0x7da465,88.0208%,115,845,960,840,0,115,5
0x7da6c1,88.0208%,115,845,960,840,0,115,5
0x7da4db,88.0208%,115,845,960,839,1,114,6
0x77ce67,87.8178%,115,829,944,826,0,115,3
0x77caa3,87.9237%,114,830,944,826,0,114,4
0x64add3,51.5152%,112,119,231,119,35,77,0
0x77c165,99.7823%,111,50865,50976,50783,35,76,82
0x64c42e,51.9481%,111,120,231,120,34,77,0
0x7d8bb3,99.5718%,111,25809,25920,25557,51,60,252
0x77e885,99.5795%,109,25811,25920,25711,47,62,100
0x77c226,99.7862%,109,50867,50976,50782,36,73,85
0x872a04,99.4231%,108,18612,18720,12896,64,44,5716
0x879e4f,99.5833%,108,25812,25920,16127,73,35,9685
0x77c2d4,99.7881%,108,50868,50976,50777,41,67,91
0x7805d4,99.5802%,107,25381,25488,25277,49,58,104
0x877c72,77.5424%,106,366,472,366,47,59,0
0x65f3ba,54.9784%,104,127,231,127,27,77,0
0x7d8c43,99.5988%,104,25816,25920,25557,51,53,259
0x77c374,99.796%,104,50872,50976,50782,36,68,90
0x77f976,99.6026%,103,25817,25920,25717,41,62,100
0x77e7b4,99.6026%,103,25817,25920,25714,44,59,103
0x77de55,99.8032%,102,51738,51840,51733,23,79,5
0x65e734,55.8442%,102,129,231,129,25,77,0
0x77f9c2,99.6065%,102,25818,25920,25715,43,59,103
0x7d5a22,56.71%,100,131,231,131,23,77,0
0x77e8d4,99.6219%,98,25822,25920,25713,45,53,109
0x8482c9,84.0909%,98,518,616,518,21,77,0
0x650e8d,67.6667%,97,203,300,202,23,74,1
0x77e724,99.6258%,97,25823,25920,25721,37,60,102
0x848218,84.4156%,96,520,616,520,19,77,0
0x86dae3,94.8052%,96,1752,1848,1592,25,71,160
0x77dcc4,99.8148%,96,51744,51840,51737,19,77,7
0x77af64,99.8148%,96,51744,51840,51742,14,82,2
0x87a94a,70.3704%,96,228,324,30,55,41,198
0x77f731,99.8156%,94,50882,50976,42,43,51,50840
0x77f6b8,99.8156%,94,50882,50976,41,44,50,50841
0x7d9144,99.6373%,94,25826,25920,25559,49,45,267
0x780584,99.6312%,94,25394,25488,25285,41,53,109
0x78b587,99.8187%,94,51746,51840,50867,13,81,879
0x7d9034,99.6412%,93,25827,25920,25568,40,53,259
0x77df45,99.8206%,93,51747,51840,51732,24,69,15
0x7807b2,98.7424%,93,7302,7395,13,65,28,7289
0x78e668,59.2105%,93,135,228,135,17,76,0
0x77b034,99.8225%,92,51748,51840,51746,10,82,2
0x7d8fc4,99.6451%,92,25828,25920,25568,40,52,260
0x7d8dd4,99.6451%,92,25828,25920,25562,46,46,266
0x7d8e44,99.6489%,91,25829,25920,25566,42,49,263
0x77e764,99.6489%,91,25829,25920,25718,40,51,111
0x77e825,99.6528%,90,25830,25920,25717,41,49,113
0x7d90c3,99.6528%,90,25830,25920,272,40,50,25558
0x65dce4,61.039%,90,141,231,141,13,77,0
0x7d9bf2,99.6508%,89,25399,25488,25211,33,56,188
0x77bf3f,72.5309%,89,235,324,112,46,43,123
0x77dd65,99.8283%,89,51751,51840,51740,16,73,11
0x77b0b4,99.8283%,89,51751,51840,51747,9,80,4
0x7d56fb,61.9048%,88,143,231,143,11,77,0
0x87dc98,99.6547%,88,25400,25488,25133,43,45,267
0x7d9d6f,99.6547%,88,25400,25488,25201,43,45,199
0x7d8ed3,99.6605%,88,25832,25920,275,37,51,25557
0x92a67d,98.5259%,87,5815,5902,17,64,23,5798
0x7d91b3,99.6644%,87,25833,25920,25563,45,42,270
0x87da13,97.3007%,86,3100,3186,3100,27,59,0
0x87dd0e,99.6626%,86,25402,25488,115,35,51,25287
0x77c5fe,73.7654%,85,239,324,123,43,42,116
0x78fdef,63.1579%,84,144,228,144,8,76,0
0x78050c,99.6704%,84,25404,25488,25038,45,39,366
0x7a8939,63.6364%,84,147,231,147,7,77,0
0x77e045,99.8399%,83,51757,51840,51744,12,71,13
0x77afe4,99.8399%,83,51757,51840,51749,7,76,8
0x78b568,99.8399%,83,51757,51840,61,43,40,51696
0x7d5064,86.526%,83,533,616,522,17,66,11
0x7d8f54,99.6798%,83,25837,25920,25562,46,37,275
0x77e6d4,99.6836%,82,25838,25920,25554,45,37,284
0x650e47,99.4533%,82,14918,15000,14913,22,60,5
0x873f2f,99.6938%,82,26702,26784,26321,7,75,381
0x77aef8,99.8403%,82,51277,51359,51252,23,59,25
0x77dc58,99.8403%,82,51277,51359,51250,25,57,27
0x8e4018,96.2203%,81,2062,2143,716,50,31,1346
0x7d9c78,99.6861%,80,25408,25488,25206,38,42,202
0x78b5d8,99.8457%,80,51760,51840,63,41,39,51697
0x7d4f51,99.0313%,79,8076,8155,2778,44,35,5298
0x77efa1,99.6901%,79,25409,25488,39,40,39,25370
0x7d8f21,99.6991%,78,25842,25920,25427,13,65,415
0x650e70,99.48%,78,14922,15000,14683,17,61,239
0x64b76d,95.544%,77,1651,1728,1491,21,56,160
0x780a13,99.6979%,77,25411,25488,213,30,47,25198
0x78067d,99.6979%,77,25411,25488,205,38,39,25206
0x87da33,97.646%,75,3111,3186,3111,16,59,0
0x77ef28,99.7097%,74,25414,25488,40,39,35,25374
0x87dd26,98.906%,74,6690,6764,132,30,44,6558
0x7d8bbd,76.2821%,74,238,312,129,33,41,109
0x78f49f,95.943%,74,1750,1824,1583,13,61,167
0x64f876,88.1494%,73,543,616,519,20,53,24
0x8e40ab,99.8706%,73,56354,56427,707,59,14,55647
0x7a8922,96.0498%,73,1775,1848,1606,11,62,169
0x77e9d4,99.7222%,72,25848,25920,25811,30,42,37
0x77c585,54.4304%,72,86,158,43,26,46,43
0x7d9cf8,99.7175%,72,25416,25488,25215,29,43,201
0x78dc8d,94.0034%,71,1113,1184,1005,31,40,108
0x87b49d,84.9576%,71,401,472,401,12,59,0
0x77e93a,99.7254%,70,25418,25488,25319,34,36,99
0x77e994,99.7299%,70,25850,25920,25813,28,42,37
0x77b14a,41.6667%,70,50,120,49,11,59,1
0x77eaf5,99.7338%,69,25851,25920,25810,31,38,41
0x87b419,85.625%,69,411,480,411,9,60,0
0x786402,99.1611%,68,8038,8106,2753,48,20,5285
0x831912,98.3646%,68,4090,4158,4066,15,53,24
0x7d9111,99.7377%,68,25852,25920,25433,7,61,419
0x7d91bd,78.2051%,68,244,312,121,29,39,123
0x64ab5a,94.1126%,68,1087,1155,920,4,64,167
0x64a0dc,99.8578%,67,47057,47124,9113,25,42,37944
0x65ec04,96.3745%,67,1781,1848,1595,22,45,186
0x78c15a,86.0417%,67,413,480,413,7,60,0
0x77e42f,44.1667%,67,53,120,50,10,57,3
0x7951a1,99.1858%,66,8040,8106,2763,38,28,5277
0x794f91,99.1645%,66,7833,7899,2683,43,23,5150
0x878a10,86.2288%,65,407,472,407,6,59,0
0x78b051,93.2292%,65,895,960,833,7,58,62
0x7d9d79,73.7705%,64,180,244,53,29,35,127
0x77f5e3,99.7489%,64,25424,25488,25397,27,37,27
0x7db0f5,99.1795%,64,7736,7800,2602,38,26,5134
0x77f08c,86.4407%,64,408,472,408,5,59,0
0x7db035,99.1621%,64,7574,7638,2553,33,31,5021
0x87373f,86.6667%,64,416,480,411,9,55,5
0x7d9c82,74.1803%,63,181,244,50,32,31,131
0x77e975,86.875%,63,417,480,417,3,60,0
0x77ea24,99.7569%,63,25857,25920,25821,20,43,36
0x78b5f7,99.8785%,63,51777,51840,50872,8,55,905
0x876806,86.875%,63,417,480,416,4,59,1
0x7da81f,47.5%,63,57,120,57,3,60,0
0x87a979,87.0833%,62,418,480,413,7,55,5
0x8e40b6,99.8904%,62,56519,56581,56423,4,58,96
0x77e78c,87.0833%,62,418,480,417,3,59,1
0x77e845,87.0833%,62,418,480,418,2,60,0
0x8738d4,87.0833%,62,418,480,414,6,56,4
0x651091,89.9351%,62,554,616,514,25,37,40
0x7d8f8c,87.0833%,62,418,480,418,2,60,0
0x7f994e,96.645%,62,1786,1848,1368,18,44,418
0x7d8e78,87.0833%,62,418,480,417,3,59,1
0x87ddc3,87.0763%,61,411,472,411,2,59,0
0x77e6fd,87.2917%,61,419,480,419,1,60,0
0x77f8a0,99.7607%,61,25427,25488,25405,19,42,22
0x7d8c8f,87.2917%,61,419,480,419,1,60,0
0x87363f,87.2917%,61,419,480,419,1,60,0
0x77ea95,99.7647%,61,25859,25920,25821,20,41,38
0x780938,87.0763%,61,411,472,410,3,58,1
0x78c1e0,87.2917%,61,419,480,417,3,58,2
0x8737d8,87.2917%,61,419,480,418,2,59,1
0x77f9aa,87.2917%,61,419,480,419,1,60,0
0x873933,87.2917%,61,419,480,417,3,58,2
0x7d9068,87.2917%,61,419,480,419,1,60,0
0x7d8d85,98.1173%,61,3179,3240,3179,1,60,0
0x77f9f6,87.5%,60,420,480,420,0,60,0
0x7d9181,87.5%,60,420,480,419,1,59,1
0x848168,98.8756%,60,5276,5336,4658,11,49,618
0x7d9d4f,87.2881%,60,412,472,412,1,59,0
0x78f1ad,89.8649%,60,532,592,492,26,34,40
0x77e8f5,87.5%,60,420,480,420,0,60,0
0x77eb18,87.5%,60,420,480,420,0,60,0
0x7d8f2d,87.5%,60,420,480,419,1,59,1
0x7805b5,87.2881%,60,412,472,412,1,59,0
0x77f4cd,87.2881%,60,412,472,412,1,59,0
0x8749fe,87.5%,60,420,480,420,0,60,0
0x875b6b,87.2881%,60,412,472,412,1,59,0
0x87384c,87.5%,60,420,480,413,7,53,7
0x65039e,90.2597%,60,556,616,458,4,56,98
0x77e74a,87.5%,60,420,480,420,0,60,0
0x77eab5,87.5%,60,420,480,420,0,60,0
0x77ea54,87.5%,60,420,480,420,0,60,0
0x77e9fc,87.5%,60,420,480,420,0,60,0
0x77e7e4,87.5%,60,420,480,420,0,60,0
0x876135,87.5%,60,420,480,420,0,60,0
0x7d8da5,98.1481%,60,3180,3240,3180,0,60,0
0x77e9b9,87.5%,60,420,480,420,0,60,0
0x77e8af,87.5%,60,420,480,420,0,60,0
0x786903,50%,60,60,120,60,0,60,0
0x7d8bff,87.5%,60,420,480,420,0,60,0
0x7d91f2,87.5%,60,420,480,419,1,59,1
0x78bf71,50%,60,60,120,60,0,60,0
0x7d8e22,87.5%,60,420,480,419,1,59,1
0x7d9017,87.5%,60,420,480,419,1,59,1
0x77f135,87.5%,59,413,472,413,0,59,0
0x77f8cd,87.5%,59,413,472,413,0,59,0
0x77f668,87.5%,59,413,472,413,0,59,0
0x77f871,50%,59,59,118,59,0,59,0
0x77f508,99.7685%,59,25429,25488,25407,17,42,22
0x77f039,87.5%,59,413,472,413,0,59,0
0x77d04b,50%,59,59,118,59,0,59,0
0x77f1f8,87.5%,59,413,472,413,0,59,0
0x77f0d5,87.5%,59,413,472,413,0,59,0
0x7805f2,87.5%,59,413,472,411,2,57,2
0x87604f,87.5%,59,413,472,413,0,59,0
0x77efe0,87.5%,59,413,472,413,0,59,0
0x77f403,50%,59,59,118,56,3,56,3
0x77ef73,87.5%,59,413,472,413,0,59,0
0x87de7b,87.5%,59,413,472,413,0,59,0
0x77f195,87.5%,59,413,472,413,0,59,0
0x7d9da8,87.7119%,58,414,472,413,0,58,1
0x7d9c38,87.7119%,58,414,472,413,0,58,1
0x87deb0,87.7119%,58,414,472,413,0,58,1
0x7d9ccc,87.7119%,58,414,472,413,0,58,1
0x780562,87.7119%,58,414,472,411,2,56,3
0x7d911d,87.9167%,58,422,480,420,0,58,2
0x87dcd7,87.9237%,57,415,472,413,0,57,2
0x780514,85.9259%,57,348,405,216,27,30,132
0x8736cd,88.125%,57,423,480,418,2,55,5
0x77f58f,88.1356%,56,416,472,412,1,55,4
0x794f4a,90.7895%,56,552,608,517,15,41,35
0x663722,90.9091%,56,560,616,526,13,43,34
0x86deb0,96.9697%,56,1792,1848,1614,3,53,178
0x78e597,96.9846%,55,1769,1824,1587,9,46,182
0x65dcd4,97.0238%,55,1793,1848,1616,1,54,177
0x7d8c4d,82.3718%,55,257,312,132,18,37,125
0x77f9cb,66.6667%,54,108,162,54,25,29,54
0x7d9bfc,77.8689%,54,190,244,142,20,34,48
0x795265,99.6771%,53,16363,16416,15790,18,35,573
0x82777e,97.1491%,52,1772,1824,1591,5,47,181
0x86d9a7,95.9877%,52,1244,1296,779,31,21,465
0x7a1c8e,99.3323%,51,7587,7638,5041,11,40,2546
0x78ee80,91.6118%,51,557,608,527,5,46,30
0x77c4f5,67.7215%,51,107,158,40,25,26,67
0x873c9c,99.6142%,50,12910,12960,12469,11,39,441
0x873c61,89.5833%,50,430,480,419,1,49,11
0x7f9372,97.428%,50,1894,1944,1894,14,36,0
0x650f9b,84.0909%,49,259,308,219,12,37,40
0x78d1c0,99.7015%,49,16367,16416,15794,14,35,573
0x78020c,99.6234%,48,12696,12744,12254,18,30,442
0x77f97f,70.3704%,48,114,162,65,18,30,49
0x77e6dd,85.0467%,48,273,321,137,25,23,136
0x8278b4,96.6667%,48,1392,1440,1258,2,46,134
0x78d1d6,92.2697%,47,561,608,522,10,37,39
0x65f3a3,97.5108%,46,1802,1848,1605,12,34,197
0x78dd64,96.1149%,46,1138,1184,1026,10,36,112
0x873bad,90.4167%,46,434,480,417,3,43,17
0x7f939f,99.2341%,46,5960,6006,4140,18,28,1820
0x78da1b,92.2297%,46,546,592,508,10,36,38
0x64b14e,92.5325%,46,570,616,537,2,44,33
0x795283,92.4342%,46,562,608,526,6,40,36
0x77e2b3,95.3125%,45,915,960,837,3,42,78
0x831b04,92.6948%,45,571,616,535,4,41,36
0x64b1c6,92.8571%,44,572,616,535,4,40,37
0x830a38,92.8571%,44,572,616,527,12,32,45
0x872fa0,99.6767%,44,13564,13608,13090,14,30,474
0x64fa02,92.8571%,44,572,616,536,3,41,36
0x7973c8,85.7143%,44,264,308,221,10,34,43
0x77e413,95.4167%,44,916,960,839,1,43,77
0x77cec5,73.494%,44,122,166,110,15,29,12
0x64b748,99.9078%,43,46613,46656,44918,10,33,1695
0x8747a8,99.8341%,43,25877,25920,25465,23,20,412
0x87bc48,99.6626%,43,12701,12744,12257,15,28,444
0x848152,99.9702%,43,144029,144072,138725,11,32,5304
0x77e363,95.5208%,43,917,960,836,4,39,81
0x873b6d,91.0417%,43,437,480,417,3,40,20
0x663a22,93.0195%,43,573,616,535,4,39,38
0x77b137,95.5208%,43,917,960,837,3,40,80
0x875b27,99.8352%,42,25446,25488,25304,22,20,142
0x872bff,97.7273%,42,1806,1848,1601,16,26,205
0x795621,86.5132%,41,263,304,224,4,37,39
0x664c09,93.3442%,41,575,616,532,7,34,43
0x873b2a,91.4583%,41,439,480,413,7,34,26
0x7db36a,98.3839%,41,2496,2537,2458,25,16,38
0x831bf4,93.3442%,41,575,616,533,6,35,42
0x735be2,99.6182%,41,10697,10738,10310,15,26,387
0x7a1d49,99.6659%,41,12231,12272,11786,14,27,445
0x873cb8,91.6667%,40,440,480,420,0,40,20
0x77e943,70.3704%,40,95,135,61,18,22,34
0x873565,91.5254%,40,432,472,412,1,39,20
0x7a3f15,99.6914%,40,12920,12960,12471,9,31,449
0x7d504e,99.7595%,40,16592,16632,16008,8,32,584
0x7a3f30,91.6667%,40,440,480,411,9,31,29
0x827be2,97.2222%,40,1400,1440,1257,3,37,143
0x77e203,95.8333%,40,920,960,839,1,39,81
0x873a11,91.6667%,40,440,480,417,3,37,23
0x878128,91.7373%,39,433,472,400,13,26,33
0x65e724,97.8896%,39,1809,1848,1606,11,28,203
0x797b28,87.3377%,39,269,308,226,5,34,43
0x64b401,93.6688%,39,577,616,532,7,32,45
0x873aac,91.875%,39,441,480,414,6,33,27
0x64bfb6,97.8618%,39,1785,1824,1584,12,27,201
0x873beb,92.0833%,38,442,480,419,1,37,23
0x8276a1,99.3658%,38,5954,5992,5231,12,26,723
0x872fb7,92.4603%,38,466,504,431,10,28,35
0x831c56,93.9935%,37,579,616,535,4,33,44
0x7a1d8e,92.161%,37,435,472,409,4,33,26
0x87bea3,99.8548%,37,25451,25488,153,12,25,25298
0x77e14a,96.1458%,37,923,960,840,0,37,83
0x831b64,93.9935%,37,579,616,535,4,33,44
0x827543,99.383%,37,5960,5997,5237,11,26,723
0x9773c7,99.9935%,36,551465,551501,7494,19,17,543971
0x77f455,75.5102%,36,111,147,48,15,21,63
0x8307bd,99.9306%,36,51804,51840,50942,16,20,862
0x8760d2,99.8611%,36,25884,25920,25733,22,14,151
0x8739a7,92.5%,36,444,480,416,4,32,28
0x7803ff,92.3729%,36,436,472,406,7,29,30
0x786876,99.9306%,36,51804,51840,50878,2,34,926
0x87bc64,92.3729%,36,436,472,408,5,31,28
0x64ec11,94%,36,564,600,516,9,27,48
0x8e4008,96.087%,36,884,920,748,18,18,136
0x827b21,97.5694%,35,1405,1440,1260,0,35,145
0x65f8b1,94.3182%,35,581,616,530,9,26,51
0x87362b,99.865%,35,25885,25920,25430,10,25,455
0x78637e,94.2434%,35,573,608,526,6,29,47
0x65f9b1,94.4805%,34,582,616,534,5,29,48
0x873d26,92.9167%,34,446,480,419,1,33,27
0x87d934,98.9642%,33,3153,3186,3118,9,24,35
0x664629,94.6429%,33,583,616,537,2,31,46
0x827c81,97.7083%,33,1407,1440,1259,1,32,148
0x8fa5ea,92.3611%,33,399,432,262,20,13,137
0x8279b6,97.7083%,33,1407,1440,1259,1,32,148
0x7d4ecd,94.6429%,33,583,616,534,5,28,49
0x873ea4,99.9369%,33,52239,52272,51299,5,28,940
0x7a8aa8,94.6429%,33,583,616,535,4,29,48
0x794fca,94.5724%,33,575,608,528,4,29,47
0x7a89e4,94.6429%,33,583,616,539,0,33,44
0x87a758,99.7454%,33,12927,12960,12465,15,18,462
0x780223,93.0085%,33,439,472,409,4,29,30
0x65106f,99.8016%,33,16599,16632,16002,14,19,597
0x7d9663,92.5926%,32,400,432,151,11,21,249
0x77ee68,81.7143%,32,143,175,81,15,17,62
0x7db18b,99.7531%,32,12928,12960,12475,5,27,453
0x78fd81,99.9257%,32,43060,43092,41488,8,24,1572
0x87966d,99.7489%,32,12712,12744,12259,13,19,453
0x827a58,97.7778%,32,1408,1440,1258,2,30,150
0x977487,99.5741%,32,7481,7513,498,7,25,6983
0x7a5ea2,93.2203%,32,440,472,403,10,22,37
0x87b3fb,99.8765%,32,25888,25920,25431,9,23,457
0x64ba38,97.5309%,32,1264,1296,1239,9,23,25
0x65f38c,99.9379%,31,49865,49896,48032,16,15,1833
0x7f974b,97.309%,31,1121,1152,995,13,18,126
0x87aa7e,99.7608%,31,12929,12960,12468,12,19,461
0x87886c,99.8784%,31,25457,25488,25307,16,15,150
0x791a26,97.4167%,31,1169,1200,1167,9,22,2
0x831a32,99.2544%,31,4127,4158,4073,8,23,54
0x875ede,99.8784%,31,25457,25488,25306,20,11,151
0x77ccc5,99.5135%,31,6341,6372,6254,0,31,87
0x7d8993,93.0556%,30,402,432,155,7,23,247
0x7d4f8d,95.1299%,30,586,616,532,7,23,54
0x7978c2,95.1299%,30,586,616,535,4,26,51
0x7d56bf,98.3766%,30,1818,1848,1615,2,28,203
0x7950d4,95.0658%,30,578,608,527,5,25,51
0x8734ad,93.6441%,30,442,472,408,5,25,34
0x7f95e6,99.4589%,30,5514,5544,5382,18,12,132
0x64b22f,95.1299%,30,586,616,536,3,27,50
0x77cf55,81.9277%,30,136,166,134,8,22,2
0x7d9594,93.0556%,30,402,432,260,10,20,142
0x7a184d,99.7724%,29,12715,12744,12257,15,14,458
0x873376,93.8559%,29,443,472,411,2,27,32
0x87663c,99.7762%,29,12931,12960,12477,3,26,454
0x78e631,98.4101%,29,1795,1824,1589,7,22,206
0x7a3718,93.8559%,29,443,472,409,4,25,34
0x77d217,93.287%,29,403,432,257,13,16,146
0x6500a2,97.6461%,29,1203,1232,1073,5,24,130
0x7da006,93.287%,29,403,432,262,8,21,141
0x664be0,99.8256%,29,16603,16632,16007,9,20,596
0x7eee6b,94.6197%,29,510,539,461,1,28,49
0x7807e0,93.8559%,29,443,472,406,7,22,37
0x78c062,99.1358%,28,3212,3240,3172,8,20,40
0x7db127,94.1667%,28,452,480,418,2,26,34
0x797162,95.4545%,28,588,616,533,6,22,55
0x827bc4,99.928%,28,38852,38880,37425,15,13,1427
0x96b7cc,99.9589%,28,68117,68145,12588,9,19,55529
0x78643d,95.3947%,28,580,608,529,3,25,51
0x64adb8,97.5758%,28,1127,1155,912,12,16,215
0x86d9c0,97.8395%,28,1268,1296,1268,4,24,0
0x780897,94.0678%,28,444,472,410,3,25,34
0x87be3b,94.0678%,28,444,472,410,3,25,34
0x7951e5,95.3947%,28,580,608,528,4,24,52
0x77cced,99.5606%,28,6344,6372,6253,1,27,91
0x87b487,99.8901%,28,25460,25488,25005,11,17,455
0x7db05e,94.1667%,28,452,480,417,3,25,35
0x7db35a,98.8963%,28,2509,2537,131,10,18,2378
0x878104,99.7803%,28,12716,12744,12263,9,19,453
0x78afbe,98.7842%,28,2275,2303,2275,4,24,0
0x7a5f09,94.0678%,28,444,472,410,3,25,34
0x7da061,93.75%,27,405,432,258,12,15,147
0x65f932,95.6169%,27,589,616,538,1,26,51
0x87d9e5,99.1525%,27,3159,3186,3114,13,14,45
0x8306f7,99.954%,27,58725,58752,57659,5,22,1066
0x7d9faa,93.75%,27,405,432,259,11,16,146
0x77cca7,99.5763%,27,6345,6372,6250,4,23,95
0x780762,94.2797%,27,445,472,413,0,27,32
0x7d9a5c,93.75%,27,405,432,259,11,16,146
0x7a1236,94.2797%,27,445,472,409,4,23,36
0x7d8d67,99.1667%,27,3213,3240,3179,1,26,34
0x77c645,99.5763%,27,6345,6372,6252,2,25,93
0x877c5b,99.8941%,27,25461,25488,25009,7,20,452
0x77ee84,65.8228%,27,52,79,13,12,15,39
0x7f9542,98.6111%,27,1917,1944,1905,3,24,12
0x7dc359,88.75%,27,213,240,172,8,19,41
0x77c6a7,99.5763%,27,6345,6372,6250,4,23,95
0x7f975e,99.513%,27,5517,5544,3688,8,19,1829
0x8307cd,97.0522%,26,856,882,438,12,14,418
0x77cc27,99.592%,26,6346,6372,6252,2,24,94
0x735c50,93.7046%,26,387,413,345,9,17,42
0x64b2b7,95.7792%,26,590,616,534,5,21,56
0x7d8cd7,99.1975%,26,3214,3240,3178,2,24,36
0x77d167,93.9815%,26,406,432,259,11,15,147
0x7a3161,94.4915%,26,446,472,404,9,17,42
0x64a0c4,99.9448%,26,47098,47124,7930,8,18,39168
0x7d98f1,93.9815%,26,406,432,261,9,17,145
0x8777c5,94.4915%,26,446,472,408,5,21,38
0x87a89c,94.5833%,26,454,480,418,2,24,36
0x650d0b,95.7237%,26,582,608,527,5,21,55
0x7dc102,94.5833%,26,454,480,411,9,17,43
0x7f9230,99.5671%,26,5980,6006,5919,9,17,61
0x77c705,99.592%,26,6346,6372,6251,3,23,95
0x7d6a4a,97.8333%,26,1174,1200,1173,3,23,1
0x827707,99.5828%,25,5967,5992,5236,7,18,731
0x6636b8,99.8497%,25,16607,16632,15998,18,7,609
0x77c6e7,99.6077%,25,6347,6372,6249,5,20,98
0x64bf30,98.6294%,25,1799,1824,1592,4,21,207
0x7dbe22,94.7917%,25,455,480,414,6,19,41
0x87318f,94.9597%,25,471,496,430,4,21,41
0x7a3b79,94.7034%,25,447,472,409,4,21,38
0x64bae0,98.071%,25,1271,1296,1242,6,19,29
0x8726e7,86.9792%,25,167,192,132,4,21,35
0x827a2d,99.9357%,25,38855,38880,37431,9,16,1424
0x7f938c,95.9936%,25,599,624,543,3,22,56
0x87b6b9,94.7917%,25,455,480,417,3,22,38
0x7a1b6c,99.8038%,25,12719,12744,12260,12,13,459
0x7db827,99.8071%,25,12935,12960,12471,9,16,464
0x827b04,99.9357%,25,38855,38880,37431,9,16,1424
0x825d76,99.5833%,25,5975,6000,5247,3,22,728
0x873360,99.8038%,25,12719,12744,12264,8,17,455
0x7a3599,99.8038%,25,12719,12744,12259,13,12,460
0x795313,95.8882%,25,583,608,526,6,19,57
0x64b95d,98.5532%,25,1703,1728,1505,7,18,198
0x7f9730,98.7654%,24,1920,1944,1901,7,17,19
0x876f7c,94.9153%,24,448,472,413,0,24,35
0x7f956f,99.5671%,24,5520,5544,3690,6,18,1830
0x7d99ee,94.4444%,24,408,432,260,10,14,148
0x87664c,95%,24,456,480,420,0,24,36
0x7a5dbe,94.9153%,24,448,472,410,3,21,38
0x77faa7,94.4444%,24,408,432,155,7,17,253
0x7a5cf0,99.8117%,24,12720,12744,12263,9,15,457
0x77c07c,99.6234%,24,6348,6372,6253,1,23,95
0x7d8d17,99.2593%,24,3216,3240,3177,3,21,39
0x78e11f,96.0526%,24,584,608,526,6,18,58
0x87dd5c,94.9153%,24,448,472,412,1,23,36
0x8319d2,99.4228%,24,4134,4158,4078,3,21,56
0x87967d,94.9153%,24,448,472,408,5,19,40
0x77cc85,99.6234%,24,6348,6372,6253,1,23,95
0x87dac6,94.9153%,24,448,472,410,3,21,38
0x87b5e5,99.2467%,24,3162,3186,3122,5,19,40
0x7d7918,99.9467%,24,44976,45000,44088,12,12,888
0x64ffe2,98.0519%,24,1208,1232,1075,3,21,133
0x77c6c5,99.6234%,24,6348,6372,6252,2,22,96
0x7975d2,96.1039%,24,592,616,538,1,23,54
0x77c72c,99.6234%,24,6348,6372,6254,0,24,94
0x7dc41a,99.8225%,23,12937,12960,12467,13,10,470
0x7a3a9c,95.1271%,23,449,472,408,5,18,41
0x77c015,99.639%,23,6349,6372,6252,2,21,97
0x7db0c7,95.2083%,23,457,480,419,1,22,38
0x82798d,99.9408%,23,38857,38880,37429,11,12,1428
0x87aa93,95.2083%,23,457,480,416,4,19,41
0x7d9534,94.6759%,23,409,432,253,17,6,156
0x7a3e19,95.1271%,23,449,472,410,3,20,39
0x7f946a,96.0069%,23,553,576,530,10,13,23
0x64bb88,98.2253%,23,1273,1296,1241,7,16,32
0x7daffe,95.2083%,23,457,480,420,0,23,37
0x872a22,99.6007%,23,5737,5760,5555,12,11,182
0x7d8cb5,99.2901%,23,3217,3240,3174,6,17,43
0x797a04,99.8677%,22,16610,16632,16008,8,14,602
0x875213,95.4167%,22,458,480,419,1,21,39
0x780a55,95.339%,22,450,472,413,0,22,37
0x77fa61,94.9074%,22,410,432,410,14,8,0
0x872796,96.4744%,22,602,624,602,10,12,0
0x77fa3d,94.9074%,22,410,432,260,10,12,150
0x87740c,94.6731%,22,391,413,345,9,13,46
0x7d93e4,94.9074%,22,410,432,262,8,14,148
0x7a3d2c,95.339%,22,450,472,413,0,22,37
0x7dbc29,90.8333%,22,218,240,174,6,16,44
0x87db28,95.339%,22,450,472,410,3,19,40
0x876f6c,99.8274%,22,12722,12744,12266,6,16,456
0x78b024,99.9575%,22,51794,51816,49528,9,13,2266
0x87c8ce,99.9425%,22,38210,38232,36811,5,17,1399
0x7aa47c,96.3816%,22,586,608,529,3,19,57
0x87d955,99.3095%,22,3164,3186,3119,8,14,45
0x77bfb7,99.6547%,22,6350,6372,6254,0,22,96
0x64e9df,96.3333%,22,578,600,521,4,18,57
0x78add4,97.7083%,22,938,960,840,0,22,98
0x87bffe,95.5508%,21,451,472,411,2,19,40
0x87986c,99.838%,21,12939,12960,12473,7,14,466
0x878050,95.5508%,21,451,472,412,1,20,39
0x873489,99.8352%,21,12723,12744,12264,8,13,459
0x78e0b8,99.8672%,21,15787,15808,15194,6,15,593
0x7a1ba6,95.5508%,21,451,472,410,3,18,41
0x7a1c53,95.5508%,21,451,472,410,3,18,41
0x873e21,99.9197%,21,26115,26136,25161,7,14,954
0x87b5b5,99.3409%,21,3165,3186,3125,2,19,40
0x787b43,99.8317%,21,12459,12480,11511,9,12,948
0x77ebd4,95.1389%,21,411,432,259,11,10,152
0x64bc58,96.7593%,21,627,648,617,7,14,10
0x8751fc,99.838%,21,12939,12960,12473,7,14,466
0x87988a,95.625%,21,459,480,419,1,20,40
0x7a890c,99.9579%,21,49875,49896,48046,2,19,1829
0x77e934,99.919%,21,25899,25920,432,0,21,25467
0x77cc45,99.6704%,21,6351,6372,6254,0,21,97
0x7806cb,95.5508%,21,451,472,412,1,20,39
0x87bf4a,95.5508%,21,451,472,411,2,19,40
0x780846,95.5508%,21,451,472,413,0,21,38
0x77bff7,99.6861%,20,6352,6372,6254,0,20,98
0x8756c0,99.8457%,20,12940,12960,12475,5,15,465
0x7a1e0c,99.8206%,20,11131,11151,10729,9,11,402
0x77bf95,99.6861%,20,6352,6372,6250,4,16,102
0x87b4c5,99.3723%,20,3166,3186,3120,7,13,46
0x7d96e4,95.3704%,20,412,432,261,9,11,151
0x8754b1,95.8333%,20,460,480,420,0,20,40
0x877f68,99.8431%,20,12724,12744,12264,8,12,460
0x7a1576,95.7627%,20,452,472,410,3,17,42
0x78be6a,97.9167%,20,940,960,840,0,20,100
0x78f4f3,91.2281%,20,208,228,147,5,15,61
0x87b89d,95.8333%,20,460,480,411,9,11,49
0x8726c0,89.5833%,20,172,192,172,4,16,0
0x876eed,99.8431%,20,12724,12744,12264,8,12,460
0x77cc67,99.6861%,20,6352,6372,6253,1,19,99
0x797724,96.7532%,20,596,616,539,0,20,57
0x7a3f98,95.3704%,20,412,432,153,9,11,259
0x8777b8,99.8431%,20,12724,12744,12266,6,14,458
0x873e46,97.9339%,20,948,968,847,0,20,101
0x788786,99.8397%,20,12460,12480,11512,8,12,948
0x77c685,99.6861%,20,6352,6372,6254,0,20,98
0x797a11,96.7532%,20,596,616,535,4,16,61
0x872bec,99.9599%,20,49876,49896,48046,2,18,1830
0x879c21,95.8333%,20,460,480,418,2,18,42
0x87d995,99.3723%,20,3166,3186,3121,6,14,45
0x7d94b3,95.3704%,20,412,432,152,10,10,260
0x64f9a8,99.8797%,20,16612,16632,16007,9,11,605
0x77cc05,99.6861%,20,6352,6372,6251,3,17,101
0x87dba5,95.7627%,20,452,472,410,3,17,42
0x87b585,99.3723%,20,3166,3186,3125,2,18,41
0x64bf9c,99.9594%,20,49228,49248,47418,6,14,1810
0x77c667,99.6861%,20,6352,6372,6252,2,18,100
0x7db1eb,99.8534%,19,12941,12960,12476,4,15,465
0x7a28f5,95.9746%,19,453,472,411,2,17,42
0x78b971,99.8478%,19,12461,12480,11513,7,12,948
0x7d9b01,95.6019%,19,413,432,156,6,13,257
0x7a2c1b,99.8509%,19,12725,12744,12268,4,15,457
0x8756cc,96.0417%,19,461,480,418,2,17,43
0x7dc790,99.8534%,19,12941,12960,12475,5,14,466
0x795fe9,96.875%,19,589,608,530,2,17,59
0x7dc5dd,96.0417%,19,461,480,420,0,19,41
0x7a471c,96.649%,19,548,567,539,7,12,9
0x793ce7,99.9572%,19,44381,44400,43511,1,18,870
0x7a2473,98.4665%,19,1220,1239,1057,5,14,163
0x787c0f,98.0208%,19,941,960,839,1,18,102
0x7a1886,95.9746%,19,453,472,411,2,17,42
0x7db6e5,99.8534%,19,12941,12960,12477,3,16,464
0x876efe,95.9746%,19,453,472,412,1,18,41
0x7a5b03,95.9746%,19,453,472,413,0,19,40
0x64ad0a,99.9342%,19,28856,28875,27709,11,8,1147
0x872ddf,95.6019%,19,413,432,413,3,16,0
0x7f965a,98.3507%,19,1133,1152,1110,6,13,23
0x7a1cce,95.9746%,19,453,472,411,2,17,42
0x77bfd5,99.7018%,19,6353,6372,6253,1,18,100
0x7a36a1,99.8509%,19,12725,12744,12268,4,15,457
0x7da5f1,96.0251%,19,459,478,440,8,11,19
0x7db9c5,99.8534%,19,12941,12960,12474,6,13,467
0x7d9604,95.6019%,19,413,432,260,10,9,153
0x64f7d8,99.8858%,19,16613,16632,16007,9,10,606
0x7dc0f5,99.8534%,19,12941,12960,12474,6,13,467
0x7a58cc,99.8509%,19,12725,12744,12270,2,17,455
0x7d9454,95.6019%,19,413,432,260,10,9,153
0x7dbb21,96.0417%,19,461,480,417,3,16,44
0x78c0d2,99.4136%,19,3221,3240,3176,4,15,45
0x877b63,95.9746%,19,453,472,412,1,18,41
0x65f0e0,97.0679%,19,629,648,617,7,12,12
0x873d08,99.8534%,19,12941,12960,12472,8,11,469
0x7a3873,99.4036%,19,3167,3186,3124,3,16,43
0x796fc4,97.0779%,18,598,616,536,3,15,62
0x877b54,99.8588%,18,12726,12744,12267,5,13,459
0x7a38b2,99.435%,18,3168,3186,3123,4,14,45
0x87abb6,99.8588%,18,12726,12744,12266,6,12,460
0x8754a4,99.8611%,18,12942,12960,12473,7,11,469
0x877391,99.8324%,18,10720,10738,10321,4,14,399
0x87b525,99.435%,18,3168,3186,3123,4,14,45
0x825e86,99.7%,18,5982,6000,5247,3,15,735
0x64b892,98.9583%,18,1710,1728,1508,4,14,202
0x77f74c,78.8235%,18,67,85,0,2,16,67
0x64ea71,97%,18,582,600,525,0,18,57
0x7db198,96.25%,18,462,480,417,3,15,45
0x87b555,99.435%,18,3168,3186,3122,5,13,46
0x87c4eb,97.2222%,18,630,648,619,5,13,11
0x78be48,99.9306%,18,25902,25920,24953,7,11,949
0x825e01,99.7%,18,5982,6000,5249,1,17,733
0x87b4f5,99.435%,18,3168,3186,3123,4,14,45
0x8277d0,99.9793%,18,86814,86832,83612,4,14,3202
0x78c084,99.4444%,18,3222,3240,3179,1,17,43
0x7f93f2,99.6753%,18,5526,5544,5466,6,12,60
0x877773,96.1864%,18,454,472,412,1,17,42
0x7dbe15,99.8611%,18,12942,12960,12474,6,12,468
0x78fab9,99.8816%,17,14347,14364,13830,2,15,517
0x827c55,99.9563%,17,38863,38880,37435,5,12,1428
0x64bea0,97.3765%,17,631,648,617,7,10,14
0x78bfd4,99.4753%,17,3223,3240,3173,7,10,50
0x7d8cf5,99.4753%,17,3223,3240,3180,0,17,43
0x87b373,99.8688%,17,12943,12960,12473,7,10,470
0x7db1f8,96.4583%,17,463,480,417,3,14,46
0x87abcc,96.3983%,17,455,472,409,4,13,46
0x7dc5d0,99.8688%,17,12943,12960,12476,4,13,467
0x7da691,96.4435%,17,461,478,435,13,4,26
0x7a3fb8,89.5062%,17,145,162,145,6,11,0
0x7a58e3,96.3983%,17,455,472,404,9,8,51
0x7a346b,99.8475%,17,11134,11151,10732,6,11,402
0x7a5e8d,99.8666%,17,12727,12744,12266,6,11,461
0x77fd0e,96.4583%,17,463,480,419,1,16,44
0x7a28aa,99.8666%,17,12727,12744,12268,4,13,459
0x78dc25,99.9468%,17,31951,31968,30781,3,14,1170
0x7a244c,99.9492%,17,33436,33453,32210,4,13,1226
0x827896,99.9588%,16,38864,38880,37438,2,14,1426
0x797f9d,97.4026%,16,600,616,536,3,13,64
0x7a5d23,96.6102%,16,456,472,407,6,10,49
0x7a2c5d,96.6102%,16,456,472,407,6,10,49
0x7d6645,99.9289%,16,22484,22500,21594,6,10,890
0x87cf32,96.2963%,16,416,432,416,8,8,0
0x78bcf8,99.9383%,16,25904,25920,24955,5,11,949
0x7a38d2,99.4978%,16,3170,3186,3123,4,12,47
0x77c055,99.7489%,16,6356,6372,6253,1,15,103
0x7a35c1,96.6102%,16,456,472,413,0,16,43
0x7daded,99.8535%,16,10904,10920,10495,5,11,409
0x78c003,99.5062%,16,3224,3240,3177,3,13,47
0x877668,99.8745%,16,12728,12744,12267,5,11,461
0x7d59ff,99.0105%,16,1601,1617,1380,6,10,221
0x7a5da0,99.8745%,16,12728,12744,12268,4,12,460
0x7dc79d,96.6667%,16,464,480,416,4,12,48
0x7db6f2,96.6667%,16,464,480,420,0,16,44
0x7a378a,99.8745%,16,12728,12744,12268,4,12,460
0x7a34ac,96.1259%,16,397,413,351,3,13,46
0x7952f5,99.9025%,16,16400,16416,15802,6,10,598
0x78ad74,99.9383%,16,25904,25920,24957,3,13,947
0x78e2ec,96.9925%,16,516,532,455,1,15,61
0x7a223e,99.9565%,16,36800,36816,35394,6,10,1406
0x78c034,99.5062%,16,3224,3240,3178,2,14,46
0x7d8d45,99.5062%,16,3224,3240,3180,0,16,44
0x797f90,99.9038%,16,16616,16632,16004,12,4,612
0x7dbf64,96.875%,15,465,480,418,2,13,47
0x877691,96.822%,15,457,472,405,8,7,52
0x7aa46c,99.9086%,15,16401,16416,15802,6,9,599
0x64bf18,99.9695%,15,49233,49248,47420,4,11,1813
0x735e2d,96.368%,15,398,413,351,3,12,47
0x77c037,99.7646%,15,6357,6372,6254,0,15,103
0x6639b8,99.9098%,15,16617,16632,16013,3,12,604
0x7f929a,97.5962%,15,609,624,583,5,10,26
0x87a020,96.875%,15,465,480,412,8,7,53
0x7a2f2a,99.8778%,15,12257,12272,11797,3,12,460
0x7db9d2,96.875%,15,465,480,419,1,14,46
0x87d973,99.5292%,15,3171,3186,3123,4,11,48
0x796a09,97.5649%,15,601,616,536,3,12,65
0x64b211,99.9098%,15,16617,16632,16006,10,5,611
0x7a153d,99.8823%,15,12729,12744,12269,3,12,460
0x7a11fd,99.8823%,15,12729,12744,12268,4,11,461
0x64e571,99.8751%,15,11997,12012,11544,6,9,453
0x78880b,98.4375%,15,945,960,840,0,15,105
0x8481f0,99.9549%,15,33249,33264,32827,5,10,422
0x64b629,93.5065%,15,216,231,6,9,6,210
0x7a5efa,99.8823%,15,12729,12744,12271,1,14,458
0x87b389,96.875%,15,465,480,416,4,11,49
0x7daf89,96.4286%,15,405,420,353,7,8,52
0x8480cd,99.7376%,14,5322,5336,29,3,11,5293
0x64a457,99.8737%,14,11074,11088,10158,6,8,916
0x665038,93.5185%,14,202,216,200,8,6,2
0x7a3814,99.5606%,14,3172,3186,3120,7,7,52
0x879ccc,93.5185%,14,202,216,200,8,6,2
0x879302,93.5185%,14,202,216,202,6,8,0
0x77e368,88.3333%,14,106,120,0,0,14,106
0x7dbf57,99.892%,14,12946,12960,12475,5,9,471
0x77f845,99.9725%,14,50962,50976,50962,12,2,0
0x7d879a,99.2708%,14,1906,1920,1673,7,7,233
0x77b39e,99.2708%,14,1906,1920,1675,5,9,231
0x64a52c,98.4848%,14,910,924,687,6,8,223
0x7d9b14,96.7593%,14,418,432,418,6,8,0
0x7a37f3,99.5606%,14,3172,3186,3121,6,8,51
0x78f181,99.9124%,14,15970,15984,15387,5,9,583
0x7a3832,99.5606%,14,3172,3186,3124,3,11,48
0x831a62,99.6633%,14,4144,4158,4077,4,10,67
0x7d9715,96.7593%,14,418,432,418,6,8,0
0x664600,99.9158%,14,16618,16632,16014,2,12,604
0x64bd19,97.8395%,14,634,648,622,2,12,12
0x77e580,86.5385%,14,90,104,90,6,8,0
0x78e610,99.9716%,14,49234,49248,47423,1,13,1811
0x877766,99.8901%,14,12730,12744,12269,3,11,461
0x794eb3,97.3684%,14,518,532,453,3,11,65
0x87d9c3,99.5606%,14,3172,3186,3126,1,13,46
0x7a44fe,97.7564%,14,610,624,593,7,7,17
0x78adc4,99.9498%,13,25907,25920,24960,0,13,947
0x78fdcc,99.1855%,13,1583,1596,1363,5,8,220
0x7d95d9,96.9907%,13,419,432,419,5,8,0
0x78019c,93.9815%,13,203,216,203,5,8,0
0x77f912,96.9907%,13,419,432,0,0,13,419
0x873242,93.9815%,13,203,216,203,5,8,0
0x7d947d,96.9907%,13,419,432,419,5,8,0
0x797bea,99.9218%,13,16619,16632,16015,1,12,604
0x796e65,99.9218%,13,16619,16632,16015,1,12,604
0x87b615,99.592%,13,3173,3186,3125,2,11,48
0x7a5267,93.75%,13,195,208,195,5,8,0
0x7d962d,96.9907%,13,419,432,419,5,8,0
0x7a416c,93.1217%,13,176,189,176,6,7,0
0x87464b,96.9907%,13,419,432,419,5,8,0
0x7d59e4,99.9702%,13,43646,43659,42040,2,11,1606
0x77f449,91.1565%,13,134,147,0,0,13,134
0x83073b,87.5%,13,91,104,90,6,7,1
0x8741a1,98.657%,13,955,968,844,3,10,111
0x7d96b3,96.9907%,13,419,432,419,5,8,0
0x872a33,93.2642%,13,180,193,95,2,11,85
0x7d9fdf,96.9907%,13,419,432,419,5,8,0
0x830966,93.9815%,13,203,216,203,5,8,0
0x794d0d,99.906%,13,13819,13832,13298,2,11,521
0x78a9b4,98.6458%,13,947,960,840,0,13,107
0x78c0a2,99.5988%,13,3227,3240,3179,1,12,48
0x78ad89,98.6458%,13,947,960,838,2,11,109
0x7d7965,98.5556%,13,887,900,671,4,9,216
0x77f472,84.5238%,13,71,84,18,0,13,53
0x78dd0c,99.9625%,12,31956,31968,30782,2,10,1174
0x65e717,99.9759%,12,49884,49896,48045,3,9,1839
0x831e93,94.4444%,12,204,216,204,4,8,0
0x77b3ed,90%,12,108,120,58,2,10,50
0x7d9ac2,88.4615%,12,92,104,91,5,7,1
0x831972,99.7114%,12,4146,4158,4080,1,11,66
0x874511,97.2222%,12,420,432,420,4,8,0
0x7a40b9,94.2308%,12,196,208,196,4,8,0
0x875984,97.2222%,12,420,432,420,4,8,0
0x786297,98.0263%,12,596,608,531,1,11,65
0x66574e,98.0519%,12,604,616,532,7,5,72
0x7dbb14,99.9074%,12,12948,12960,12480,0,12,468
0x7a1e29,97.0944%,12,401,413,350,4,8,51
0x735dc3,99.8882%,12,10726,10738,10321,4,8,405
0x797dbd,98.0519%,12,604,616,539,0,12,65
0x87b890,99.9074%,12,12948,12960,12474,6,6,474
0x791594,99.9459%,12,22188,22200,21311,1,11,877
0x873540,99.9058%,12,12732,12744,12269,3,9,463
0x78a9a4,99.9537%,12,25908,25920,24957,3,9,951
0x7db834,97.5%,12,468,480,417,3,9,51
0x831a02,99.7114%,12,4146,4158,4076,5,7,70
0x785ece,88.4615%,12,92,104,90,6,6,2
0x7a5ad1,99.9058%,12,12732,12744,12266,6,6,466
0x7a3895,99.6234%,12,3174,3186,3125,2,10,49
0x7d883c,94.4444%,12,204,216,204,4,8,0
0x8794c4,94.9074%,11,205,216,204,4,7,1
0x7d9247,97.4537%,11,421,432,0,0,11,421
0x9774b8,99.9776%,11,49045,49056,6999,9,2,42046
0x7dc435,97.7083%,11,469,480,418,2,9,51
0x7d8924,89.4231%,11,93,104,93,3,8,0
0x77b61e,99.4271%,11,1909,1920,1677,3,8,232
0x842368,99.5279%,11,2319,2330,2319,11,0,0
0x785ac1,89.4231%,11,93,104,88,8,3,5
0x77d19a,97.4537%,11,421,432,421,3,8,0
0x78d996,99.9312%,11,15973,15984,15389,3,8,584
0x795571,96.3816%,11,293,304,0,0,11,293
0x77ef38,86.0759%,11,68,79,0,0,11,68
0x7d9503,97.4537%,11,421,432,420,4,7,1
0x825dea,99.9932%,11,161989,162000,155998,2,9,5991
0x77fafe,97.4537%,11,421,432,421,3,8,0
0x7930d7,99.9505%,11,22189,22200,21312,0,11,877
0x7f955c,98.0903%,11,565,576,500,4,7,65
0x77d247,97.4537%,11,421,432,421,3,8,0
0x791990,54.1667%,11,13,24,0,0,11,13
0x876505,89.4231%,11,93,104,92,4,7,1
0x7d89a6,97.4537%,11,421,432,421,3,8,0
0x9773dc,99.998%,11,550985,550996,550687,2,9,298
0x7a3799,97.6695%,11,461,472,411,2,9,50
0x7dc244,99.9228%,10,12950,12960,12479,1,9,471
0x87620f,97.6852%,10,422,432,422,2,8,0
0x78ec6d,99.9367%,10,15798,15808,15199,1,9,599
0x7d9a35,97.6852%,10,422,432,422,2,8,0
0x796fb7,99.9399%,10,16622,16632,16014,2,8,608
0x7d87d6,91.6667%,10,110,120,60,0,10,50
0x7d8518,99.4792%,10,1910,1920,0,0,10,1910
0x77f6c8,88.2353%,10,75,85,0,2,8,75
0x64f7f5,98.3766%,10,606,616,536,3,7,70
0x77fcd9,99.8397%,10,6230,6240,5758,2,8,472
0x7a401d,97.6852%,10,422,432,422,2,8,0
0x843062,99.8789%,10,8250,8260,0,0,10,8250
0x797c05,98.3766%,10,606,616,536,3,7,70
0x7a4b69,95.3704%,10,206,216,204,4,6,2
0x7d88e5,95.3704%,10,206,216,205,3,7,1
0x77facb,97.6852%,10,422,432,422,2,8,0
0x87267c,98.3974%,10,614,624,187,5,5,427
0x64bbad,79.1667%,10,38,48,38,4,6,0
0x64e74c,97.8355%,10,452,462,382,3,7,70
0x65ebf7,99.98%,10,49886,49896,48047,1,9,1839
0x879475,95.3704%,10,206,216,206,2,8,0
0x91f7fa,97.8678%,10,459,469,0,0,10,459
0x77bf31,96.9136%,10,314,324,0,0,10,314
0x7d9a88,97.6852%,10,422,432,422,2,8,0
0x78bfa2,99.6914%,10,3230,3240,3175,5,5,55
0x79695e,99.8751%,10,7998,8008,7386,6,4,612
0x7f9599,99.4589%,10,1838,1848,0,0,10,1838
0x797155,99.9399%,10,16622,16632,16013,3,7,609
0x64a113,99.9788%,10,47114,47124,47114,10,0,0
0x7a57ca,94.709%,10,179,189,179,3,7,0
0x7d560c,99.9792%,10,48038,48048,46197,3,7,1841
0x97a6e8,99.7395%,10,3829,3839,1740,5,5,2089
0x665738,99.9399%,10,16622,16632,16014,2,8,608
0x7d9254,97.6852%,10,422,432,422,2,8,0
0x65008e,99.9699%,10,33254,33264,32031,1,9,1223
0x7da032,97.6852%,10,422,432,422,2,8,0
0x87513d,98.4568%,10,638,648,621,3,7,17
0x64b85a,99.9786%,10,46646,46656,44926,2,8,1720
0x874234,95.3704%,10,206,216,206,2,8,0
0x8fa059,99.8475%,9,5893,5902,5890,5,4,3
0x77af01,89.2857%,9,75,84,0,0,9,75
0x7d8778,99.5312%,9,1911,1920,0,0,9,1911
0x77ae97,98.1289%,9,472,481,0,0,9,472
0x8277ee,99.7201%,9,3207,3216,2814,0,9,393
0x77efbc,88.6076%,9,70,79,0,0,9,70
0x8273e8,99.85%,9,5991,6000,5248,2,7,743
0x796e72,98.539%,9,607,616,537,2,7,70
0x77ebd8,94.4444%,9,153,162,0,0,9,153
0x7d689d,99%,9,891,900,671,4,5,220
0x876432,97.9167%,9,423,432,423,1,8,0
0x7972b1,98.539%,9,607,616,539,0,9,68
0x65dcc7,99.982%,9,49887,49896,48048,0,9,1839
0x864f59,98.0435%,9,451,460,0,0,9,451
0x7d942a,97.9167%,9,423,432,423,1,8,0
0x831942,99.7835%,9,4149,4158,4079,2,7,70
0x7975c5,99.9459%,9,16623,16632,16013,3,6,610
0x785bf2,91.3462%,9,95,104,93,3,6,2
0x7978b5,99.9459%,9,16623,16632,16014,2,7,609
0x7d8b41,85%,9,51,60,0,1,8,51
0x8482a1,99.9729%,9,33255,33264,32830,2,7,425
0x879250,95.8333%,9,207,216,206,2,7,1
0x8730fd,99.9664%,9,26775,26784,26775,9,0,0
0x5416b1,98.0435%,9,451,460,0,0,9,451
0x87a902,98.125%,9,471,480,14,2,7,457
0x7d853a,99.5312%,9,1911,1920,1678,2,7,233
0x875824,95.8333%,9,207,216,205,3,6,2
0x64a3c1,99.026%,9,915,924,0,0,9,915
0x77f91f,97.9167%,9,423,432,423,1,8,0
0x7a3854,99.7175%,9,3177,3186,3125,2,7,52
0x77fe3c,95.8333%,9,207,216,207,1,8,0
0x7928a8,99.9595%,9,22191,22200,21311,1,8,880
0x7f92d3,99.537%,9,1935,1944,1929,3,6,6
0x876303,95.8333%,9,207,216,207,1,8,0
0x8757a3,95.8333%,9,207,216,205,3,6,2
0x78e2d8,99.9373%,9,14355,14364,13832,0,9,523
0x77e208,92.5%,9,111,120,0,0,9,111
0x7da0c8,97.9167%,9,423,432,423,1,8,0
0x791a7e,62.5%,9,15,24,15,3,6,0
0x7d9976,97.9167%,9,423,432,423,1,8,0
0x8276f0,99.9944%,9,161775,161784,155786,6,3,5989
0x77e3a3,99.0625%,9,951,960,0,0,9,951
0x8745a0,97.9167%,9,423,432,423,1,8,0
0x64b938,99.9807%,9,46647,46656,44923,5,4,1724
0x78051e,94.4444%,9,153,162,0,0,9,153
0x9773cc,99.9984%,9,550987,550996,550685,4,5,302
0x7972a4,99.9519%,8,16624,16632,16012,4,4,612
0x64bdd8,98.7654%,8,640,648,624,0,8,16
0x793d18,99.0991%,8,880,888,664,2,6,216
0x785993,0%,8,0,8,0,0,8,0
0x827525,99.9951%,8,161911,161919,155921,1,7,5990
0x7d9df2,98.1481%,8,424,432,424,0,8,0
0x87a76e,98.3333%,8,472,480,417,3,5,55
0x7d9565,98.1481%,8,424,432,424,0,8,0
0x97741a,99.9985%,8,550988,550996,543375,0,8,7613
0x79184e,99.0991%,8,880,888,663,3,5,217
0x78e571,99.9838%,8,49240,49248,47422,2,6,1818
0x77fdb0,92.3077%,8,96,104,96,0,8,0
0x7a116a,98.3051%,8,464,472,0,0,8,464
0x78620e,99.8988%,8,7896,7904,7296,0,8,600
0x77b5fd,96.6667%,8,232,240,0,0,8,232
0x77e14f,93.3333%,8,112,120,0,0,8,112
0x7858e3,0%,8,0,8,0,0,8,0
0x7d981f,85.1852%,8,46,54,46,7,1,0
0x7d91c3,95.0617%,8,154,162,0,0,8,154
0x64aa17,99.9861%,8,57742,57750,57742,8,0,0
0x77ec13,98.1481%,8,424,432,424,0,8,0
0x8fa048,99.8645%,8,5894,5902,0,0,8,5894
0x7886b3,99.1667%,8,952,960,0,0,8,952
0x64f858,99.9519%,8,16624,16632,16014,2,6,610
0x7a4f1a,96.2963%,8,208,216,208,0,8,0
0x64b1a8,99.9519%,8,16624,16632,16012,4,4,612
0x77eb50,98.1481%,8,424,432,424,0,8,0
0x961595,99.1304%,8,912,920,70,7,1,842
0x77ee63,95.4286%,8,167,175,0,0,8,167
0x84802b,99.773%,8,3517,3525,2852,6,2,665
0x8e3503,99.708%,8,2732,2740,1370,0,8,1362
0x64b97c,46.6667%,8,7,15,5,4,4,2
0x78b9bc,99.1667%,8,952,960,840,0,8,112
0x877f8c,98.3051%,8,464,472,411,2,6,53
0x827760,99.9838%,8,49240,49248,47423,1,7,1817
0x64bb03,85.4167%,7,41,48,41,1,6,0
0x77b37d,97.0833%,7,233,240,0,0,7,233
0x78fb16,98.6842%,7,525,532,455,1,6,70
0x649f9f,99.2424%,7,917,924,0,0,7,917
0x7da871,88.3333%,7,53,60,53,6,1,0
0x87888f,95.7576%,7,158,165,0,3,4,158
0x91fdf1,98.4649%,7,449,456,183,3,4,266
0x790f67,96.9298%,7,221,228,2,4,3,219
0x7dc251,98.5417%,7,473,480,420,0,7,53
0x87893d,95.679%,7,155,162,0,0,7,155
0x7d5cb2,96.9697%,7,224,231,1,5,2,223
0x830e44,96.7593%,7,209,216,208,0,7,1
0x797717,99.9579%,7,16625,16632,16014,2,5,611
0x87db53,98.5169%,7,465,472,0,0,7,465
0x878059,88.1356%,7,52,59,0,0,7,52
0x8e3edf,99.0251%,7,711,718,0,0,7,711
0x7d9de5,98.3796%,7,425,432,0,0,7,425
0x8fa5e6,98.3796%,7,425,432,0,0,7,425
0x64e9a5,99.9568%,7,16193,16200,15599,1,6,594
0x650cf4,99.9574%,7,16409,16416,15808,0,7,601
0x64b299,99.9579%,7,16625,16632,16015,1,6,610
0x8740bc,98.8942%,7,626,633,616,4,3,10
0x7879f3,99.2708%,7,953,960,0,0,7,953
0x64ea54,99.9568%,7,16193,16200,15598,2,5,595
0x78bd34,99.2708%,7,953,960,840,0,7,113
0x64ba4f,85.4167%,7,41,48,41,1,6,0
0x830a21,99.9579%,7,16625,16632,16015,1,6,610
0x7d6a60,70.8333%,7,17,24,17,1,6,0
0x7d9d7f,95.679%,7,155,162,0,0,7,155
0x872880,99.0278%,7,713,720,0,0,7,713
0x91fa6f,98.5075%,7,462,469,0,0,7,462
0x77d22a,96.2963%,6,156,162,0,0,6,156
0x7887da,99.6875%,6,1914,1920,958,2,4,956
0x77c5f0,98.1481%,6,318,324,0,0,6,318
0x864e46,98.6957%,6,454,460,0,0,6,454
0x874735,90%,6,54,60,0,0,6,54
0x77e5a7,62.5%,6,10,16,5,3,3,5
0x77e23e,95%,6,114,120,0,0,6,114
0x91f7c2,98.7207%,6,463,469,452,4,2,11
0x827783,99.1989%,6,743,749,343,4,2,400
0x7db3da,97.5%,6,234,240,180,0,6,54
0x879d89,88.8889%,6,48,54,48,5,1,0
0x961785,98.8806%,6,530,536,230,0,6,300
0x812a38,64.7059%,6,11,17,1,0,6,10
0x827679,99.9963%,6,161778,161784,155787,5,1,5991
0x91f8bd,98.7207%,6,463,469,4,2,4,459
0x793b22,99.3243%,6,882,888,665,1,5,217
0x876530,62.5%,6,10,16,3,5,1,7
0x8e36a3,99.9877%,6,48766,48772,0,0,6,48766
0x77b3c7,97.5%,6,234,240,120,0,6,114
0x7a3fd9,96.2963%,6,156,162,106,2,4,50
0x7d850b,97.5%,6,234,240,0,0,6,234
0x787af8,99.375%,6,954,960,0,0,6,954
0x64bd43,75%,6,18,24,18,3,3,0
0x785e23,25%,6,2,8,0,0,6,2
0x77fca3,98.75%,6,474,480,0,0,6,474
0x87dd1e,99.9677%,6,18568,18574,18568,6,0,0
0x6456f3,99.2916%,6,841,847,0,0,6,841
0x8e3ff6,99.3478%,6,914,920,914,6,0,0
0x7968bd,99.026%,6,610,616,0,0,6,610
0x797db0,99.9639%,6,16626,16632,16015,1,5,611
0x7d932c,88.8889%,6,48,54,48,5,1,0
0x786266,99.5066%,6,1210,1216,607,1,5,603
0x64ffce,99.982%,6,33258,33264,32032,0,6,1226
0x77b66d,95%,6,114,120,60,0,6,54
0x7d8c53,96.2963%,6,156,162,0,0,6,156
0x5416a7,98.6957%,6,454,460,0,0,6,454
0x77e2f3,99.375%,6,954,960,0,0,6,954
0x847f6e,99.8369%,6,3673,3679,3673,6,0,0
0x879ebc,98.75%,6,474,480,416,4,2,58
0x77faf1,98.6111%,6,426,432,0,0,6,426
0x87514d,75%,6,18,24,18,3,3,0
0x879d09,88.8889%,6,48,54,48,5,1,0
0x77eeda,98.7288%,6,466,472,413,0,6,53
0x78b946,99.375%,6,954,960,0,0,6,954
0x8e3efe,99.1643%,6,712,718,0,0,6,712
0x92a7e0,99.8983%,6,5896,5902,0,0,6,5896
0x8319a2,99.8557%,6,4152,4158,4080,1,5,72
0x77fdc8,62.5%,6,10,16,1,2,4,9
0x8e3b9f,99.562%,6,1364,1370,0,0,6,1364
0x87895e,96.2963%,6,156,162,0,0,6,156
0x7d9ad3,62.5%,6,10,16,7,1,5,3
0x86d6b7,92.2078%,6,71,77,0,2,4,71
0x879d49,88.8889%,6,48,54,48,5,1,0
0x665848,92.2078%,6,71,77,71,6,0,0
0x87a008,98.75%,6,474,480,0,0,6,474
0x87be25,99.9529%,6,12738,12744,12270,2,4,468
0x87c7f6,99.5763%,6,1410,1416,0,0,6,1410
0x664ec6,92.2078%,6,71,77,71,5,1,0
0x7886d2,99.4792%,5,955,960,0,0,5,955
0x8e5eea,99.1896%,5,612,617,0,0,5,612
0x8306a1,96.3504%,5,132,137,0,1,4,132
0x77fe4c,37.5%,5,3,8,3,4,1,0
0x7d4dd8,79.1667%,5,19,24,19,2,3,0
0x7a2810,98.9407%,5,467,472,0,0,5,467
0x78f11f,99.1554%,5,587,592,0,0,5,587
0x7d894d,37.5%,5,3,8,3,4,1,0
0x95faeb,99.3421%,5,755,760,683,1,4,72
0x792b07,99.4369%,5,883,888,666,0,5,217
0x7d84e6,95.8333%,5,115,120,0,0,5,115
0x80c6c4,93.4211%,5,71,76,66,1,4,5
0x785850,37.5%,5,3,8,3,4,1,0
0x7a21f9,99.6469%,5,1411,1416,0,0,5,1411
0x977534,99.0099%,5,500,505,0,0,5,500
0x78bdce,99.4792%,5,955,960,0,0,5,955
0x91f7df,98.9339%,5,464,469,0,0,5,464
0x7d9e95,90.7407%,5,49,54,49,4,1,0
0x7d893e,68.75%,5,11,16,8,0,5,3
0x86d97f,97.8355%,5,226,231,225,3,2,1
0x7d87b0,97.9167%,5,235,240,118,2,3,117
0x7938de,99.9775%,5,22195,22200,21312,0,5,883
0x6456c6,99.4097%,5,842,847,0,0,5,842
0x7a23c6,99.5964%,5,1234,1239,0,0,5,1234
0x7a23d0,99.5964%,5,1234,1239,0,0,5,1234
0x650f1b,98.3766%,5,303,308,0,0,5,303
0x864e4b,98.913%,5,455,460,0,0,5,455
0x8728af,97.3958%,5,187,192,187,5,0,0
0x78c396,37.5%,5,3,8,0,0,5,3
0x825e76,99.9969%,5,161995,162000,155996,4,1,5999
0x91f919,98.9339%,5,464,469,453,3,2,11
0x86d9fa,97.8355%,5,226,231,0,0,5,226
0x7a17b8,98.9407%,5,467,472,0,0,5,467
0x9773f3,99.9991%,5,550991,550996,550229,1,4,762
0x649be2,97.8355%,5,226,231,0,0,5,226
0x77f519,92.1875%,5,59,64,0,0,5,59
0x7964f9,99.1883%,5,611,616,537,2,3,74
0x796b92,93.5065%,5,72,77,0,0,5,72
0x92a7fe,93.8272%,5,76,81,73,1,4,3
0x793c5d,99.4369%,5,883,888,0,0,5,883
0x91d7ea,98.9339%,5,464,469,0,0,5,464
0x7d728b,99.4444%,5,895,900,0,0,5,895
0x64b130,99.9699%,5,16627,16632,16015,1,4,612
0x872c1b,93.5065%,5,72,77,0,0,5,72
0x831dd1,37.5%,5,3,8,0,0,5,3
0x77fab6,98.1481%,5,265,270,0,0,5,265
0x64a46a,99.4589%,5,919,924,0,0,5,919
0x7d7987,97.8355%,5,226,231,0,0,5,226
0x84801b,99.8641%,5,3674,3679,0,0,5,3674
0x7db41a,91.6667%,5,55,60,0,0,5,55
0x64be31,97.8355%,5,226,231,226,2,3,0
0x979848,99.9083%,4,4357,4361,0,0,4,4357
0x795412,94.7368%,4,72,76,0,0,4,72
0x961575,99.6522%,4,1146,1150,229,1,3,917
0x7d92b8,92.5926%,4,50,54,50,3,1,0
0x92a7cb,99.9313%,4,5817,5821,0,0,4,5817
0x7d97e1,92.5926%,4,50,54,50,3,1,0
0x795f6b,99.3421%,4,604,608,0,0,4,604
0x7a4acb,50%,4,4,8,0,0,4,4
0x77b647,98.3333%,4,236,240,119,1,3,117
0x92a64f,99.9322%,4,5898,5902,0,0,4,5898
0x7a536e,50%,4,4,8,0,0,4,4
0x649a95,98.2684%,4,227,231,0,0,4,227
0x8e7b12,99.3517%,4,613,617,0,0,4,613
0x796c05,94.8052%,4,73,77,0,0,4,73
0x7db209,93.3333%,4,56,60,0,0,4,56
0x5416d7,99.1304%,4,456,460,0,0,4,456
0x79644e,99.95%,4,8004,8008,7390,2,2,614
0x7a459c,83.3333%,4,20,24,20,1,3,0
0x872ad4,98.8889%,4,356,360,300,0,4,56
0x77e185,96.6667%,4,116,120,0,0,4,116
0x831dc1,50%,4,4,8,0,0,4,4
0x7a5838,93.3333%,4,56,60,0,1,3,56
0x8fa083,42.8571%,4,3,7,0,0,4,3
0x77e2e0,96.6667%,4,116,120,0,0,4,116
0x7f93bc,99.7835%,4,1844,1848,0,0,4,1844
0x785a96,50%,4,4,8,0,0,4,4
0x875ac8,93.2203%,4,55,59,0,0,4,55
0x87c456,83.3333%,4,20,24,0,0,4,20
0x92a996,42.8571%,4,3,7,0,0,4,3
0x780434,93.2203%,4,55,59,55,3,1,0
0x874039,99.1935%,4,492,496,433,1,3,59
0x825d66,99.9975%,4,161996,162000,156000,0,4,5996
0x78052a,97.5309%,4,158,162,158,4,0,0
0x97752a,99.2079%,4,501,505,0,0,4,501
0x64ac7a,99.6537%,4,1151,1155,0,0,4,1151
0x7a30f3,99.1525%,4,468,472,0,0,4,468
0x7a281b,99.1525%,4,468,472,0,0,4,468
0x5e95e6,99.4667%,4,746,750,0,0,4,746
0x7d9ed3,92.5926%,4,50,54,50,3,1,0
0x8fa052,99.9322%,4,5898,5902,5898,4,0,0
0x7a5423,50%,4,4,8,0,0,4,4
0x8fa2d6,99.1471%,4,465,469,0,0,4,465
0x650eae,94.8052%,4,73,77,0,0,4,73
0x7a571e,42.8571%,4,3,7,0,0,4,3
0x8795d3,93.3333%,4,56,60,0,1,3,56
0x86505b,99.1304%,4,456,460,0,0,4,456
0x91fae2,99.1471%,4,465,469,0,0,4,465
0x8e5f2a,99.3517%,4,613,617,0,0,4,613
0x7d939b,92.5926%,4,50,54,50,3,1,0
0x7a4562,83.3333%,4,20,24,0,0,4,20
0x787bce,99.7917%,4,1916,1920,960,0,4,956
0x9617cd,98.6928%,4,302,306,0,0,4,302
0x78c561,83.3333%,4,20,24,0,0,4,20
0x8cff6b,99.5652%,4,916,920,0,0,4,916
0x78b99e,99.7917%,4,1916,1920,959,1,3,957
0x977519,99.2079%,4,501,505,0,0,4,501
0x8731ae,93.5484%,4,58,62,58,3,1,0
0x785c1e,75%,4,12,16,7,1,3,5
0x78c103,99.1667%,4,476,480,0,0,4,476
0x7a5ca4,99.1525%,4,468,472,468,4,0,0
0x7d9ef2,92.5926%,4,50,54,50,3,1,0
0x78ef9b,98.2456%,4,224,228,149,3,1,75
0x77b35b,98.3333%,4,236,240,0,0,4,236
0x87cf03,99.0741%,4,428,432,428,4,0,0
0x963d0a,99.6525%,4,1147,1151,0,0,4,1147
0x785e98,50%,4,4,8,0,0,4,4
0x78c193,99.1667%,4,476,480,0,0,4,476
0x95f9a8,99.4737%,4,756,760,76,0,4,680
0x77d938,99.1684%,4,477,481,477,4,0,0
0x787a2a,99.5833%,4,956,960,0,0,4,956
0x7a44c7,83.3333%,4,20,24,0,0,4,20
0x9600ad,99.6525%,4,1147,1151,0,0,4,1147
0x8e5f24,99.3517%,4,613,617,0,0,4,613
0x7a44af,83.3333%,4,20,24,0,0,4,20
0x7a4ac0,50%,4,4,8,0,0,4,4
0x879ff0,93.3333%,4,56,60,0,0,4,56
0x87c7ec,99.7175%,4,1412,1416,0,0,4,1412
0x91daf8,99.1471%,4,465,469,0,0,4,465
0x7a14b3,99.1525%,4,468,472,0,0,4,468
0x8fa2e0,99.1471%,4,465,469,465,4,0,0
0x786155,99.3421%,4,604,608,0,0,4,604
0x64ab79,98.2684%,4,227,231,227,4,0,0
0x64575a,99.8819%,4,3384,3388,2539,2,2,845
0x8729dd,98.8889%,4,356,360,0,0,4,356
0x8e3e07,99.708%,4,1366,1370,0,0,4,1366
0x645684,99.5277%,4,843,847,0,0,4,843
0x87c7fb,99.7175%,4,1412,1416,0,0,4,1412
0x78c57e,83.3333%,4,20,24,20,1,3,0
0x865027,99.1304%,4,456,460,0,0,4,456
0x77b319,93.3333%,4,56,60,0,0,4,56
0x7d8551,98.3333%,4,236,240,119,1,3,117
0x7a1aee,99.1525%,4,468,472,0,0,4,468
0x961778,98.6928%,4,302,306,0,0,4,302
0x788600,96.6667%,4,116,120,0,0,4,116
0x77b599,93.3333%,4,56,60,0,0,4,56
0x7d9875,94.4444%,3,51,54,51,2,1,0
0x77b5cb,97.5%,3,117,120,0,0,3,117
0x785bb3,62.5%,3,5,8,0,0,3,5
0x87bbe7,94.9153%,3,56,59,0,0,3,56
0x879dab,94.4444%,3,51,54,51,2,1,0
0x795f3e,99.962%,3,7901,7904,7294,2,1,607
0x7d7850,99.6667%,3,897,900,0,0,3,897
0x7969e3,99.7565%,3,1229,1232,616,0,3,613
0x8e408e,99.6739%,3,917,920,0,0,3,917
0x7f9694,99.8457%,3,1941,1944,1941,3,0,0
0x87b6cf,95%,3,57,60,0,0,3,57
0x77fcb6,99.375%,3,477,480,0,0,3,477
0x7d988d,94.4444%,3,51,54,51,2,1,0
0x64bc6f,87.5%,3,21,24,21,0,3,0
0x795e94,99.5066%,3,605,608,0,0,3,605
0x77ebda,98.1481%,3,159,162,159,3,0,0
0x8727a3,75%,3,9,12,9,1,2,0
0x7a469b,85.7143%,3,18,21,0,0,3,18
0x77fc92,95%,3,57,60,0,0,3,57
0x8e4077,99.6739%,3,917,920,0,0,3,917
0x7d876b,98.75%,3,237,240,0,0,3,237
0x78c189,95%,3,57,60,0,0,3,57
0x7d9a92,62.5%,3,5,8,5,2,1,0
0x87b72b,95%,3,57,60,0,0,3,57
0x77b5db,98.75%,3,237,240,0,0,3,237
0x77f7f5,99.9941%,3,50973,50976,50973,1,2,0
0x77fce3,99.375%,3,477,480,0,0,3,477
0x780a6d,94.9153%,3,56,59,56,2,1,0
0x8cff4c,99.6739%,3,917,920,0,0,3,917
0x7dbbdb,98.75%,3,237,240,0,0,3,237
0x795b5f,96.0526%,3,73,76,0,0,3,73
0x78adec,97.5%,3,117,120,0,0,3,117
0x787938,97.5%,3,117,120,0,0,3,117
0x865065,99.3478%,3,457,460,0,0,3,457
0x663527,96.1039%,3,74,77,0,0,3,74
0x87dec7,94.9153%,3,56,59,56,2,1,0
0x9600fa,99.6739%,3,917,920,0,0,3,917
0x7a4743,85.7143%,3,18,21,18,0,3,0
0x879d6b,94.4444%,3,51,54,51,2,1,0
0x793365,99.6622%,3,885,888,666,0,3,219
0x5416e1,99.3478%,3,457,460,0,0,3,457
0x64bbbc,66.6667%,3,6,9,5,1,2,1
0x64beb7,87.5%,3,21,24,21,0,3,0
0x7d9c88,98.1481%,3,159,162,0,0,3,159
0x7a1ade,99.3644%,3,469,472,0,0,3,469
0x7808b4,94.9153%,3,56,59,56,2,1,0
0x795de9,99.5066%,3,605,608,0,0,3,605
0x77f8a4,95.3125%,3,61,64,61,2,1,0
0x7de787,99.2208%,3,382,385,0,0,3,382
0x86e3b7,96.1039%,3,74,77,74,1,2,0
0x7a4ab5,62.5%,3,5,8,0,0,3,5
0x785f26,81.25%,3,13,16,8,0,3,5
0x785a83,62.5%,3,5,8,0,0,3,5
0x77fdf9,62.5%,3,5,8,5,2,1,0
0x795e0c,99.5066%,3,605,608,0,0,3,605
0x8e3edb,99.9312%,3,4358,4361,3643,0,3,715
0x77f5ec,95.3125%,3,61,64,61,3,0,0
0x77f794,99.9941%,3,50973,50976,50973,1,2,0
0x795fc3,99.7533%,3,1213,1216,608,0,3,605
0x91fb1b,99.3421%,3,453,456,0,0,3,453
0x7963ad,99.513%,3,613,616,0,0,3,613
0x64f884,96.1039%,3,74,77,0,0,3,74
0x878957,98.1481%,3,159,162,0,0,3,159
0x7d9353,94.4444%,3,51,54,51,2,1,0
0x91fb15,99.3421%,3,453,456,0,0,3,453
0x8d0348,98.9051%,3,271,274,136,1,2,135
0x87db42,94.9153%,3,56,59,0,0,3,56
0x872dec,81.25%,3,13,16,13,1,2,0
0x87b6fd,95%,3,57,60,0,0,3,57
0x87c45b,87.5%,3,21,24,21,3,0,0
0x87746e,94.9153%,3,56,59,56,3,0,0
0x8e3e3b,99.8905%,3,2737,2740,1370,0,3,1367
0x7d4dbd,0%,3,0,3,0,0,3,0
0x7962f9,99.513%,3,613,616,0,0,3,613
0x97748e,99.9572%,3,7005,7008,0,0,3,7005
0x86ed3e,95%,3,57,60,57,2,1,0
0x80dea0,96.1039%,3,74,77,1,0,3,73
0x97ace6,82.3529%,3,14,17,14,2,1,0
0x785f75,96.0526%,3,73,76,0,0,3,73
0x64bdfd,87.5%,3,21,24,21,0,3,0
0x7d4da0,0%,3,0,3,0,0,3,0
0x961799,99.0196%,3,303,306,0,0,3,303
0x7968b4,99.513%,3,613,616,0,0,3,613
0x96186d,98.6957%,3,227,230,0,0,3,227
0x7d9f11,94.4444%,3,51,54,51,2,1,0
0x7a44b4,87.5%,3,21,24,0,0,3,21
0x7a8963,96.1039%,3,74,77,0,0,3,74
0x7d7439,99.9867%,3,22497,22500,21600,0,3,897
0x7a1175,99.3644%,3,469,472,0,0,3,469
0x786163,99.5066%,3,605,608,0,0,3,605
0x65f0f6,87.5%,3,21,24,21,0,3,0
0x7d8746,97.5%,3,117,120,0,0,3,117
0x650555,96.1039%,3,74,77,0,0,3,74
0x8277f3,99.5995%,3,746,749,569,0,3,177
0x8fa609,98%,3,147,150,147,3,0,0
0x7d985d,94.4444%,3,51,54,51,2,1,0
0x87c518,87.5%,3,21,24,21,0,3,0
0x8750d2,95%,3,57,60,57,2,1,0
0x87293c,97.5%,3,117,120,117,1,2,0
0x961692,98.6957%,3,227,230,154,0,3,73
0x960525,98.7013%,3,228,231,0,0,3,228
0x87c451,87.5%,3,21,24,0,0,3,21
0x7963a4,99.513%,3,613,616,0,0,3,613
0x64fa3b,96.1039%,3,74,77,74,3,0,0
0x87c949,98.3051%,3,174,177,174,0,3,0
0x83074e,81.25%,3,13,16,8,0,3,5
0x7aa434,96.1039%,3,74,77,1,0,3,73
0x792eaa,99.6622%,3,885,888,0,0,3,885
0x91fead,98.8889%,3,267,270,0,0,3,267
0x97a6f6,99.8567%,3,2091,2094,1743,2,1,348
0x960265,98.7013%,3,228,231,0,0,3,228
0x64ff7b,98.0519%,3,151,154,0,0,3,151
0x91f837,99.3603%,3,466,469,0,0,3,466
0x91f814,99.3603%,3,466,469,0,0,3,466
0x7d8577,97.5%,3,117,120,60,0,3,57
0x64ec1a,96%,3,72,75,72,3,0,0
0x77b34b,97.5%,3,117,120,0,0,3,117
0x7a4e74,62.5%,3,5,8,0,0,3,5
0x7a4e5e,62.5%,3,5,8,0,0,3,5
0x7a17c3,99.3644%,3,469,472,0,0,3,469
0x786442,96.0526%,3,73,76,73,2,1,0
0x7a1b0a,99.3644%,3,469,472,469,3,0,0
0x7a2b6e,99.3644%,3,469,472,0,0,3,469
0x7a2805,99.3644%,3,469,472,0,0,3,469
0x97984e,99.9312%,3,4358,4361,0,0,3,4358
0x785bfa,62.5%,3,5,8,0,0,3,5
0x7f9777,99.8377%,3,1845,1848,1845,3,0,0
0x785e50,62.5%,3,5,8,0,0,3,5
0x7f9323,75%,3,9,12,0,0,3,9
0x92a998,57.1429%,3,4,7,0,0,3,4
0x872b36,96.1039%,3,74,77,0,0,3,74
0x785ef1,62.5%,3,5,8,0,0,3,5
0x6510ba,96.1039%,3,74,77,0,0,3,74
0x977439,99.9606%,3,7618,7621,0,0,3,7618
0x96164d,99.7391%,3,1147,1150,0,0,3,1147
0x7a4f5d,62.5%,3,5,8,5,2,1,0
0x7a3054,99.3644%,3,469,472,0,0,3,469
0x8723c0,0%,2,0,2,0,1,1,0
0x785afe,75%,2,6,8,6,1,1,0
0x7930f3,99.7748%,2,886,888,886,2,0,0
0x6502de,98.7013%,2,152,154,0,0,2,152
0x64e9ec,97.3333%,2,73,75,0,0,2,73
0x7db4b9,96.6667%,2,58,60,0,0,2,58
0x8757b0,75%,2,6,8,6,1,1,0
0x83081a,98.3333%,2,118,120,118,1,1,0
0x8d0316,99.2701%,2,272,274,0,0,2,272
0x6500d4,99.1342%,2,229,231,77,0,2,152
0x78b519,98.3333%,2,118,120,0,0,2,118
0x78e30f,97.3684%,2,74,76,0,2,0,74
0x65056c,97.4026%,2,75,77,0,0,2,75
0x7a5383,75%,2,6,8,0,0,2,6
0x961d0b,99.1304%,2,228,230,0,0,2,228
0x795b4d,97.3684%,2,74,76,0,0,2,74
0x780696,99.973%,2,7393,7395,7393,2,0,0
0x7805f8,96.6102%,2,57,59,57,1,1,0
0x78b979,99.7917%,2,958,960,0,0,2,958
0x77f175,99.9922%,2,25486,25488,25486,2,0,0
0x650d19,97.3684%,2,74,76,74,0,2,0
0x77f21b,96.6102%,2,57,59,57,1,1,0
0x7964d3,99.8377%,2,1230,1232,616,0,2,614
0x91fc44,99.5614%,2,454,456,454,2,0,0
0x665f8c,97.4026%,2,75,77,75,0,2,0
0x87a8a5,96.6667%,2,58,60,0,0,2,58
0x665fb3,0%,2,0,2,0,0,2,0
0x7a87da,97.3684%,2,74,76,74,1,1,0
0x95faa6,97.3684%,2,74,76,0,0,2,74
0x865095,99.5652%,2,458,460,458,2,0,0
0x7db466,96.6667%,2,58,60,0,0,2,58
0x7d9b2b,75%,2,6,8,6,1,1,0
0x830e05,97.4026%,2,75,77,75,1,1,0
0x78d1e2,97.3684%,2,74,76,0,2,0,74
0x864fe8,99.5652%,2,458,460,0,0,2,458
0x64be3c,33.3333%,2,1,3,0,0,2,1
0x812a47,87.5%,2,14,16,14,2,0,0
0x7a5c8b,99.5763%,2,470,472,0,0,2,470
0x77f004,99.9922%,2,25486,25488,25486,2,0,0
0x796c4f,97.4026%,2,75,77,0,0,2,75
0x780948,96.6102%,2,57,59,57,1,1,0
0x831c60,97.4026%,2,75,77,75,1,1,0
0x7d956f,75%,2,6,8,6,1,1,0
0x825bfe,99.7333%,2,748,750,748,2,0,0
0x9617a6,99.3464%,2,304,306,0,0,2,304
0x848176,97.4026%,2,75,77,0,0,2,75
0x7dc621,96.6667%,2,58,60,0,0,2,58
0x78881f,98.3333%,2,118,120,118,0,2,0
0x873f39,99.5614%,2,454,456,454,2,0,0
0x7a4e69,75%,2,6,8,0,0,2,6
0x874535,75%,2,6,8,6,1,1,0
0x8e33f6,99.854%,2,1368,1370,0,0,2,1368
0x7d4dfc,33.3333%,2,1,3,1,1,1,0
0x797c1c,97.4026%,2,75,77,0,0,2,75
0x77fddb,87.5%,2,14,16,8,0,2,6
0x65e13e,97.4026%,2,75,77,75,1,1,0
0x66500a,75%,2,6,8,0,0,2,6
0x6660c7,0%,2,0,2,0,2,0,0
0x66df51,0%,2,0,2,0,0,2,0
0x7a33bf,99.5157%,2,411,413,0,0,2,411
0x831de1,75%,2,6,8,6,2,0,0
0x787ca3,98.3333%,2,118,120,118,0,2,0
0x7a3f3a,96.6667%,2,58,60,58,1,1,0
0x66497c,97.4026%,2,75,77,0,0,2,75
0x64e904,97.4026%,2,75,77,0,2,0,75
0x86506f,99.5652%,2,458,460,0,0,2,458
0x86e44c,0%,2,0,2,0,0,2,0
0x66df59,0%,2,0,2,0,2,0,0
0x787b78,99.7917%,2,958,960,0,0,2,958
0x77fd32,96.6667%,2,58,60,58,1,1,0
0x64bec5,99.1228%,2,226,228,0,0,2,226
0x91fb45,99.5614%,2,454,456,454,2,0,0
0x7d68f2,66.6667%,2,4,6,0,0,2,4
0x64a8a2,99.8268%,2,1153,1155,0,0,2,1153
0x77af16,97.619%,2,82,84,82,2,0,0
0x879dc9,96.2963%,2,52,54,52,1,1,0
0x91faea,99.5736%,2,467,469,0,0,2,467
0x7da3c1,99.5816%,2,476,478,476,2,0,0
0x7d7c2a,99.1342%,2,229,231,229,2,0,0
0x7db4fe,96.6667%,2,58,60,0,0,2,58
0x78efb0,97.3684%,2,74,76,0,2,0,74
0x879d2b,96.2963%,2,52,54,52,1,1,0
0x64f986,99.6753%,2,614,616,614,2,0,0
0x7d645e,99.7778%,2,898,900,0,0,2,898
0x64aca1,99.8268%,2,1153,1155,0,0,2,1153
0x7a14a8,99.5763%,2,470,472,0,0,2,470
0x87c554,33.3333%,2,1,3,0,0,2,1
0x960179,99.7826%,2,918,920,0,0,2,918
0x879dee,96.2963%,2,52,54,52,1,1,0
0x9617da,99.3464%,2,304,306,76,0,2,228
0x65f05e,97.4026%,2,75,77,75,1,1,0
0x8732f9,96.6667%,2,58,60,0,1,1,58
0x9601cb,99.1342%,2,229,231,0,0,2,229
0x7d9987,75%,2,6,8,6,1,1,0
0x79562e,97.3684%,2,74,76,0,0,2,74
0x7db4ab,96.6667%,2,58,60,0,0,2,58
0x77fae2,75%,2,6,8,5,2,0,1
0x873ed1,98.3471%,2,119,121,59,0,2,60
0x665f99,0%,2,0,2,0,0,2,0
0x7a4189,71.4286%,2,5,7,5,1,1,0
0x79698b,99.6753%,2,614,616,0,0,2,614
0x64ab67,99.1342%,2,229,231,229,2,0,0
0x7d84b3,96.6667%,2,58,60,0,0,2,58
0x87c800,99.8588%,2,1414,1416,0,0,2,1414
0x7a2b79,99.5763%,2,470,472,0,0,2,470
0x8e3ee3,99.7214%,2,716,718,580,1,1,136
0x78c3b3,75%,2,6,8,6,1,1,0
0x961684,99.1304%,2,228,230,0,0,2,228
0x7d93bb,96.2963%,2,52,54,52,1,1,0
0x7a5729,71.4286%,2,5,7,0,0,2,5
0x7859b0,75%,2,6,8,5,2,0,1
0x7a220c,99.8588%,2,1414,1416,0,0,2,1414
0x87a0f7,96.6667%,2,58,60,58,2,0,0
0x8d02e0,98.5401%,2,135,137,0,0,2,135
0x879686,96.6102%,2,57,59,57,2,0,0
0x77b69d,96.6667%,2,58,60,58,1,1,0
0x7f91fa,99.8918%,2,1846,1848,0,0,2,1846
0x87aaa3,96.6667%,2,58,60,0,1,1,58
0x65f7fd,97.4026%,2,75,77,75,1,1,0
0x7a33d9,99.5157%,2,411,413,0,0,2,411
0x77f51d,96.875%,2,62,64,62,1,1,0
0x77eb43,99.537%,2,430,432,0,0,2,430
0x977404,99.9996%,2,550994,550996,7621,0,2,543373
0x7d884c,75%,2,6,8,6,1,1,0
0x78c2fc,96.6667%,2,58,60,58,1,1,0
0x797363,99.3506%,2,306,308,0,0,2,306
0x963693,99.8261%,2,1148,1150,0,0,2,1148
0x797a3d,97.4026%,2,75,77,0,0,2,75
0x879ce5,75%,2,6,8,6,1,1,0
0x96161e,97.4026%,2,75,77,0,0,2,75
0x91d945,99.5736%,2,467,469,467,2,0,0
0x796bbb,97.4026%,2,75,77,0,0,2,75
0x7a2292,99.8588%,2,1414,1416,0,0,2,1414
0x8773cb,99.5157%,2,411,413,0,0,2,411
0x785bc6,75%,2,6,8,0,0,2,6
0x7d89bd,75%,2,6,8,6,1,1,0
0x796642,97.4026%,2,75,77,0,0,2,75
0x80c527,97.4026%,2,75,77,0,0,2,75
0x87680e,96.6667%,2,58,60,58,1,1,0
0x8765e8,96.6667%,2,58,60,0,0,2,58
0x6656bf,97.4026%,2,75,77,0,0,2,75
0x87653d,75%,2,6,8,6,1,1,0
0x78c449,75%,2,6,8,0,0,2,6
0x9615f0,99.3485%,2,305,307,228,2,0,77
0x961b5e,99.1304%,2,228,230,0,0,2,228
0x877f9a,96.6102%,2,57,59,0,0,2,57
0x7d92d7,96.2963%,2,52,54,52,1,1,0
0x7dc45e,96.6667%,2,58,60,0,0,2,58
0x87b8dd,96.6667%,2,58,60,58,1,1,0
0x78871b,99.7917%,2,958,960,958,2,0,0
0x797df9,97.4026%,2,75,77,0,0,2,75
0x785f57,75%,2,6,8,6,1,1,0
0x911306,71.4286%,2,5,7,0,0,2,5
0x791898,66.6667%,2,4,6,0,0,2,4
0x77dc63,97.619%,2,82,84,82,2,0,0
0x77efa3,99.9921%,2,25407,25409,25407,2,0,0
0x7d9637,75%,2,6,8,6,1,1,0
0x78a3d6,96.6667%,2,58,60,58,1,1,0
0x77d268,75%,2,6,8,6,1,1,0
0x97ae52,99.9451%,2,3641,3643,1896,2,0,1745
0x83097a,75%,2,6,8,6,1,1,0
0x7d9fec,75%,2,6,8,6,1,1,0
0x87dbe2,96.6102%,2,57,59,57,1,1,0
0x79631c,99.6753%,2,614,616,0,0,2,614
0x664f11,97.4026%,2,75,77,0,0,2,75
0x7db474,96.6667%,2,58,60,0,0,2,58
0x80dec2,97.3684%,2,74,76,65,2,0,9
0x7dc44c,96.6667%,2,58,60,0,0,2,58
0x785833,75%,2,6,8,0,0,2,6
0x78bde6,99.7917%,2,958,960,958,2,0,0
0x97744a,99.9734%,2,7511,7513,7511,2,0,0
0x7dbc66,96.6667%,2,58,60,0,0,2,58
0x78da44,97.2973%,2,72,74,0,0,2,72
0x847fff,99.93%,2,2856,2858,2856,2,0,0
0x87930f,75%,2,6,8,6,1,1,0
0x64e2ca,99.5671%,2,460,462,0,0,2,460
0x7d9487,75%,2,6,8,6,1,1,0
0x8309b4,97.4026%,2,75,77,0,0,2,75
0x96184b,99.1304%,2,228,230,0,0,2,228
0x79370d,99.7748%,2,886,888,0,0,2,886
0x79826b,99.1342%,2,229,231,229,2,0,0
0x78dbfa,99.8311%,2,1182,1184,1182,2,0,0
0x8e7b75,99.8379%,2,1232,1234,616,1,1,616
0x77b16b,96.6667%,2,58,60,58,1,1,0
0x64a281,99.1342%,2,229,231,0,0,2,229
0x8797c4,96.6667%,2,58,60,0,0,2,58
0x64a39a,99.7835%,2,922,924,0,0,2,922
0x796688,97.4026%,2,75,77,0,0,2,75
0x872aeb,98.3333%,1,59,60,59,0,1,0
0x65f11a,0%,1,0,1,0,1,0,0
0x7d8862,0%,1,0,1,0,0,1,0
0x87681e,0%,1,0,1,0,1,0,0
0x7a17df,99.7881%,1,471,472,471,1,0,0
0x64ef5e,98.6842%,1,75,76,0,0,1,75
0x65f10d,66.6667%,1,2,3,2,0,1,0
0x87639d,99.7685%,1,431,432,431,1,0,0
0x77d113,98.3051%,1,58,59,58,0,1,0
0x78644f,0%,1,0,1,0,0,1,0
0x97ad08,0%,1,0,1,0,0,1,0
0x787af0,99.8958%,1,959,960,0,0,1,959
0x97ae37,93.75%,1,15,16,15,1,0,0
0x7f92e3,83.3333%,1,5,6,5,1,0,0
0x9128c4,85.7143%,1,6,7,6,1,0,0
0x796aac,0%,1,0,1,0,0,1,0
0x796b4a,0%,1,0,1,0,0,1,0
0x87ba71,0%,1,0,1,0,0,1,0
0x8745cd,87.5%,1,7,8,7,0,1,0
0x796b58,0%,1,0,1,0,0,1,0
0x796a9e,0%,1,0,1,0,0,1,0
0x7db4f0,98.3333%,1,59,60,0,0,1,59
0x80c6d6,90%,1,9,10,9,1,0,0
0x7da08d,99.3827%,1,161,162,161,1,0,0
0x87acaa,98.3333%,1,59,60,59,1,0,0
0x7a5a6a,99.7881%,1,471,472,0,0,1,471
0x77ec38,87.5%,1,7,8,7,0,1,0
0x876310,87.5%,1,7,8,7,0,1,0
0x8cff47,99.8913%,1,919,920,0,0,1,919
0x97acf7,0%,1,0,1,0,0,1,0
0x7a5a84,99.7881%,1,471,472,471,1,0,0
0x65f06b,0%,1,0,1,0,0,1,0
0x876445,87.5%,1,7,8,7,0,1,0
0x7d8710,98.3333%,1,59,60,0,0,1,59
0x786992,0%,1,0,1,0,0,1,0
0x7d8800,98.3333%,1,59,60,59,0,1,0
0x7a46b3,95.2381%,1,20,21,20,1,0,0
0x7d950d,87.5%,1,7,8,7,0,1,0
0x7d98b8,98.1481%,1,53,54,53,0,1,0
0x879295,0%,1,0,1,0,0,1,0
0x86d9dd,95.8333%,1,23,24,21,0,1,2
0x87515d,66.6667%,1,2,3,2,0,1,0
0x83075e,87.5%,1,7,8,7,0,1,0
0x7d9ae3,87.5%,1,7,8,7,0,1,0
0x872717,99.4792%,1,191,192,191,1,0,0
0x86ec95,98.3333%,1,59,60,59,0,1,0
0x7d95e3,87.5%,1,7,8,7,0,1,0
0x9615b5,99.8814%,1,842,843,0,0,1,842
0x91fb29,99.7807%,1,455,456,455,1,0,0
0x7d9dbf,98.3051%,1,58,59,58,0,1,0
0x7d9e03,87.5%,1,7,8,7,0,1,0
0x879f05,0%,1,0,1,0,0,1,0
0x7d9434,87.5%,1,7,8,7,0,1,0
0x879ecf,98.3333%,1,59,60,59,0,1,0
0x786963,98.3333%,1,59,60,59,0,1,0
0x87ce40,66.6667%,1,2,3,2,0,1,0
0x874244,87.5%,1,7,8,7,0,1,0
0x8794db,87.5%,1,7,8,7,0,1,0
0x91fb37,99.7807%,1,455,456,455,1,0,0
0x78bc83,99.8958%,1,959,960,0,0,1,959
0x87948b,87.5%,1,7,8,7,0,1,0
0x80c628,98.7013%,1,76,77,76,0,1,0
0x7d971f,87.5%,1,7,8,7,0,1,0
0x664f1f,98.7013%,1,76,77,76,0,1,0
0x91f886,99.7868%,1,468,469,468,1,0,0
0x78b8b8,99.1667%,1,119,120,119,1,0,0
0x7a3672,99.7881%,1,471,472,471,1,0,0
0x91fd88,99.7807%,1,455,456,455,1,0,0
0x77b41d,98.3333%,1,59,60,59,0,1,0
0x87a046,98.3333%,1,59,60,59,0,1,0
0x7d983e,98.1481%,1,53,54,53,0,1,0
0x78b05f,99.1667%,1,119,120,119,1,0,0
0x7dc81c,98.3333%,1,59,60,59,0,1,0
0x8e38d6,99.9979%,1,48771,48772,0,0,1,48771
0x78a6b5,99.1667%,1,119,120,119,1,0,0
0x79653a,98.7013%,1,76,77,76,1,0,0
0x7a5489,87.5%,1,7,8,7,0,1,0
0x78c557,66.6667%,1,2,3,0,0,1,2
0x831eb5,87.5%,1,7,8,7,0,1,0
0x650014,99.5671%,1,230,231,77,0,1,153
0x78c59c,66.6667%,1,2,3,2,0,1,0
0x876144,98.3333%,1,59,60,59,0,1,0
0x87ba34,0%,1,0,1,0,0,1,0
0x7dc278,98.3333%,1,59,60,0,0,1,59
0x87324f,87.5%,1,7,8,7,0,1,0
0x8e35e6,99.927%,1,1369,1370,0,0,1,1369
0x86eb31,0%,1,0,1,0,0,1,0
0x8773e1,99.7579%,1,412,413,0,0,1,412
0x780163,98.3051%,1,58,59,57,1,0,1
0x787cdb,50%,1,1,2,1,0,1,0
0x7da0d5,87.5%,1,7,8,7,0,1,0
0x7d9e57,98.1481%,1,53,54,53,0,1,0
0x7f91c5,99.7835%,1,461,462,0,0,1,461
0x7d9eb4,98.1481%,1,53,54,53,0,1,0
0x87b78d,98.3333%,1,59,60,0,0,1,59
0x7d9f30,98.1481%,1,53,54,53,0,1,0
0x78c322,0%,1,0,1,0,0,1,0
0x7da03c,87.5%,1,7,8,7,0,1,0
0x8480e2,99.9811%,1,5303,5304,5303,1,0,0
0x785922,0%,1,0,1,0,0,1,0
0x7a14cf,99.7881%,1,471,472,471,1,0,0
0x864fde,99.7826%,1,459,460,0,0,1,459
0x7d92fd,98.1481%,1,53,54,53,0,1,0
0x792b2a,99.5495%,1,221,222,0,0,1,221
0x878ab3,98.3051%,1,58,59,58,0,1,0
0x879c32,98.3333%,1,59,60,59,0,1,0
0x7d9265,87.5%,1,7,8,7,0,1,0
0x92a806,85.7143%,1,6,7,6,1,0,0
0x7a283a,99.7881%,1,471,472,471,1,0,0
0x64f8df,98.7013%,1,76,77,0,0,1,76
0x872477,0%,1,0,1,0,0,1,0
0x77f9fe,98.3333%,1,59,60,59,0,1,0
0x7801b3,87.5%,1,7,8,7,0,1,0
0x879274,87.5%,1,7,8,7,0,1,0
0x786cf3,0%,1,0,1,0,0,1,0
0x7a3061,99.7881%,1,471,472,471,1,0,0
0x64f8c4,98.7013%,1,76,77,0,0,1,76
0x64a55e,99.5671%,1,230,231,0,0,1,230
0x8d02cb,99.2701%,1,136,137,0,0,1,136
0x960210,99.5671%,1,230,231,0,0,1,230
0x7a33ce,99.7579%,1,412,413,0,0,1,412
0x963707,99.913%,1,1149,1150,0,0,1,1149
0x7a36c1,99.7881%,1,471,472,471,1,0,0
0x7d9221,98.3333%,1,59,60,59,0,1,0
0x960202,99.5671%,1,230,231,0,0,1,230
0x87294f,50%,1,1,2,0,1,0,1
0x96154a,99.913%,1,1149,1150,0,0,1,1149
0x8e7b7a,99.8379%,1,616,617,616,1,0,0
0x797ac3,99.6753%,1,307,308,0,0,1,307
0x8273d8,99.9994%,1,161999,162000,156000,0,1,5999
0x7972dd,98.7013%,1,76,77,0,0,1,76
0x7a3059,99.7881%,1,471,472,0,0,1,471
0x64f239,98.7013%,1,76,77,76,1,0,0
0x796bad,98.7013%,1,76,77,0,0,1,76
0x9605ea,99.5671%,1,230,231,0,0,1,230
0x7d4ce3,0%,1,0,1,0,0,1,0
0x8e40eb,99.8913%,1,919,920,919,1,0,0
0x77d1b1,87.5%,1,7,8,7,0,1,0
0x7869ea,0%,1,0,1,0,0,1,0
0x65ec25,98.7013%,1,76,77,76,1,0,0
0x961613,98.7013%,1,76,77,0,0,1,76
0x95faae,98.6842%,1,75,76,0,0,1,75
0x961dac,99.5652%,1,229,230,0,0,1,229
0x9774e2,99.9976%,1,42047,42048,42047,1,0,0
0x961bad,99.8814%,1,842,843,842,1,0,0
0x7a4bb5,87.5%,1,7,8,7,0,1,0
0x96b87a,99.9982%,1,55547,55548,55547,1,0,0
0x8e3ef6,99.8607%,1,717,718,0,0,1,717
0x9617b7,99.6732%,1,305,306,305,1,0,0
0x7a2ba3,99.7881%,1,471,472,471,1,0,0
0x77eb21,98.3333%,1,59,60,59,0,1,0
0x7869ef,0%,1,0,1,0,0,1,0
0x785c36,0%,1,0,1,0,0,1,0
0x7db535,98.3333%,1,59,60,0,0,1,59
0x92a9a2,85.7143%,1,6,7,6,1,0,0
0x785c55,0%,1,0,1,0,0,1,0
0x65f807,0%,1,0,1,0,0,1,0
0x92a7d1,99.9828%,1,5820,5821,0,0,1,5820
0x785aef,93.75%,1,15,16,8,0,1,7
0x830e54,87.5%,1,7,8,7,0,1,0
0x960109,99.8913%,1,919,920,919,1,0,0
0x77b1c6,0%,1,0,1,0,0,1,0
0x9600e8,99.8913%,1,919,920,0,0,1,919
0x796cb7,98.7013%,1,76,77,0,0,1,76
0x7d937b,98.1481%,1,53,54,53,0,1,0
0x96160a,98.7013%,1,76,77,0,0,1,76
0x786998,0%,1,0,1,0,0,1,0
0x785900,87.5%,1,7,8,7,0,1,0
0x7a4691,95.2381%,1,20,21,0,0,1,20
0x7a5f61,98.3333%,1,59,60,58,1,0,1
0x796a83,98.7013%,1,76,77,76,0,1,0
0x95f969,98.6842%,1,75,76,0,0,1,75
0x8e4041,99.8913%,1,919,920,919,1,0,0
0x9601d7,99.5671%,1,230,231,230,1,0,0
0x785f9b,98.6842%,1,75,76,0,0,1,75
0x8e340d,99.927%,1,1369,1370,0,0,1,1369
0x86ebd5,98.3333%,1,59,60,59,0,1,0
0x87b41f,98.3333%,1,59,60,0,1,0,59
0x7a8956,98.7013%,1,76,77,0,0,1,76
0x7d9a42,87.5%,1,7,8,7,0,1,0
0x788869,50%,1,1,2,1,0,1,0
0x8e4020,99.9533%,1,2142,2143,2142,1,0,0
0x7db2c2,99.5833%,1,239,240,0,0,1,239
0x80dc6d,98.7013%,1,76,77,0,0,1,76
0x8d034a,99.2701%,1,136,137,136,1,0,0
0x86eb24,0%,1,0,1,0,0,1,0
0x9600c5,99.9131%,1,1150,1151,231,0,1,919
0x796bf7,98.7013%,1,76,77,0,0,1,76
0x795c1f,98.6842%,1,75,76,0,0,1,75
0x864eb1,99.7826%,1,459,460,459,1,0,0
0x97a68d,99.2701%,1,136,137,0,0,1,136
0x97a439,99.3506%,1,153,154,0,0,1,153
0x874658,87.5%,1,7,8,7,0,1,0
0x873d73,98.3333%,1,59,60,59,0,1,0
0x7a4aea,87.5%,1,7,8,7,1,0,0
0x7a4030,87.5%,1,7,8,7,0,1,0
0x65e16a,98.7013%,1,76,77,76,1,0,0
0x963d2c,99.9131%,1,1150,1151,1150,1,0,0
0x872223,0%,1,0,1,0,0,1,0
0x64a4c4,99.9459%,1,1847,1848,924,0,1,923
0x78b933,99.8958%,1,959,960,0,0,1,959
0x87cf4a,87.5%,1,7,8,7,0,1,0
0x96b7d2,99.9982%,1,55547,55548,55547,1,0,0
0x960099,99.9131%,1,1150,1151,0,0,1,1150
0x792ed8,99.8874%,1,887,888,0,0,1,887
0x7a8886,98.7013%,1,76,77,76,0,1,0
0x7a40fd,87.5%,1,7,8,7,0,1,0
0x65f7f3,98.7013%,1,76,77,0,0,1,76
0x65002d,99.3506%,1,153,154,0,0,1,153
0x787cf0,0%,1,0,1,0,1,0,0
0x6504c9,98.7013%,1,76,77,76,0,1,0
0x79682c,99.8377%,1,615,616,0,0,1,615
0x960bc3,99.5671%,1,230,231,230,1,0,0
0x97ae5c,99.9726%,1,3642,3643,3642,0,1,0
0x796c41,98.7013%,1,76,77,0,0,1,76
0x7d4cbf,98.7013%,1,76,77,76,0,1,0
0x66368a,99.8377%,1,615,616,0,0,1,615
0x663899,98.7013%,1,76,77,0,0,1,76
0x96060a,99.5671%,1,230,231,0,0,1,230
0x664ebc,98.7013%,1,76,77,0,0,1,76
0x6650a2,87.5%,1,7,8,7,0,1,0
0x66398a,99.8377%,1,615,616,0,0,1,615
0x86ecb0,0%,1,0,1,0,0,1,0
0x7d7667,99.8889%,1,899,900,675,0,1,224
0x9601e3,99.5671%,1,230,231,0,0,1,230
0x84306a,99.9879%,1,8259,8260,8259,1,0,0
0x961d25,99.5652%,1,229,230,0,0,1,229
0x97ae45,93.75%,1,15,16,15,1,0,0
0x7a580c,85.7143%,1,6,7,6,0,1,0
0x796060,98.7013%,1,76,77,0,0,1,76
0x64d7ce,98.7013%,1,76,77,0,0,1,76
0x796044,98.7013%,1,76,77,0,0,1,76
0x786190,99.8355%,1,607,608,0,0,1,607
0x96028d,99.5671%,1,230,231,0,0,1,230
0x8e5f11,99.8379%,1,616,617,0,0,1,616
0x961dc9,99.5652%,1,229,230,229,1,0,0
0x79132a,99.8874%,1,887,888,0,0,1,887
0x9636cc,99.913%,1,1149,1150,0,0,1,1149
0x97a69b,99.2701%,1,136,137,0,0,1,136
0x786231,99.8355%,1,607,608,0,0,1,607
0x77f930,87.5%,1,7,8,7,0,1,0
0x786cee,0%,1,0,1,0,0,1,0
0x7d88fd,87.5%,1,7,8,7,0,1,0
0x87609d,98.3051%,1,58,59,58,0,1,0
0x78ddaf,98.6842%,1,75,76,0,0,1,75
0x78ddad,98.6842%,1,75,76,0,0,1,75
0x77f8f7,98.3051%,1,58,59,58,0,1,0
0x8129e0,99.9745%,1,3915,3916,426,0,1,3489
0x7a33f8,99.7579%,1,412,413,412,1,0,0
0x87c035,98.3051%,1,58,59,58,0,1,0
0x78c3d5,0%,1,0,1,0,0,1,0
0x7d85a1,98.3333%,1,59,60,59,0,1,0
0x786cf9,0%,1,0,1,0,0,1,0
0x7db432,98.3333%,1,59,60,59,0,1,0
0x785764,98.6842%,1,75,76,75,0,1,0
0x77fba2,0%,1,0,1,0,0,1,0
0x77fcfd,99.8958%,1,959,960,480,0,1,479
0x8fa329,99.7868%,1,468,469,468,1,0,0
0x7d690e,83.3333%,1,5,6,0,0,1,5
0x786e03,0%,1,0,1,0,1,0,0
0x788793,99.8958%,1,959,960,0,0,1,959
0x77b43c,0%,1,0,1,0,0,1,0
0x912898,85.7143%,1,6,7,6,1,0,0
0x665acc,98.7013%,1,76,77,76,1,0,0
0x8e7ae3,99.8379%,1,616,617,0,0,1,616
0x790f9c,99.5495%,1,221,222,0,0,1,221
0x80c510,98.7013%,1,76,77,0,0,1,76
0x77fb0e,87.5%,1,7,8,7,0,1,0
0x64e291,99.7835%,1,461,462,0,0,1,461
0x831f0b,98.7013%,1,76,77,76,1,0,0
0x7869a3,0%,1,0,1,0,0,1,0
0x7869a8,0%,1,0,1,0,0,1,0
0x7926c3,99.8874%,1,887,888,0,0,1,887
0x7869f8,0%,1,0,1,0,0,1,0
0x7dc60f,98.3333%,1,59,60,0,0,1,59
0x786a4f,0%,1,0,1,0,0,1,0
0x64ef54,98.7013%,1,76,77,1,0,1,75
0x790fae,99.5495%,1,221,222,0,0,1,221
0x872308,50%,1,1,2,1,0,1,0
0x64ad15,99.9134%,1,1154,1155,1154,1,0,0
0x77fa78,87.5%,1,7,8,7,0,1,0
0x86daf1,99.5671%,1,230,231,230,1,0,0
0x7a47c7,66.6667%,1,2,3,2,0,1,0
0x7da72e,99.7908%,1,477,478,477,1,0,0
0x78e67d,98.6842%,1,75,76,75,1,0,0
0x796b02,0%,1,0,1,0,0,1,0
0x77fa4c,99.3827%,1,161,162,161,1,0,0
0x785c2d,87.5%,1,7,8,7,0,1,0
0x786a61,0%,1,0,1,0,0,1,0
0x7938fa,99.8874%,1,887,888,887,1,0,0
0x786a01,0%,1,0,1,0,0,1,0
0x91f820,99.7868%,1,468,469,0,0,1,468
0x797e0b,98.7013%,1,76,77,0,0,1,76
0x6650fc,98.7013%,1,76,77,0,0,1,76
0x962810,99.5652%,1,229,230,0,0,1,229
0x77ffbb,0%,1,0,1,0,0,1,0
0x786d2b,0%,1,0,1,0,0,1,0
0x78c466,87.5%,1,7,8,7,0,1,0
0x649b38,99.5671%,1,230,231,0,0,1,230
0x7da0af,99.3827%,1,161,162,161,1,0,0
0x961d44,99.5652%,1,229,230,0,0,1,229
0x786d31,0%,1,0,1,0,0,1,0
0x7d9e76,98.1481%,1,53,54,53,0,1,0
0x876226,87.5%,1,7,8,7,0,1,0
0x875997,87.5%,1,7,8,7,0,1,0
0x795b32,98.6842%,1,75,76,0,0,1,75
0x77ef2a,99.9961%,1,25408,25409,25408,1,0,0
0x875831,87.5%,1,7,8,7,0,1,0
0x77eb61,87.5%,1,7,8,7,0,1,0
0x64f89b,98.7013%,1,76,77,0,0,1,76
0x7d85c8,0%,1,0,1,0,0,1,0
0x77e5c4,87.5%,1,7,8,7,0,1,0
0x77f53a,0%,1,0,1,0,0,1,0
0x8756f4,98.3333%,1,59,60,59,0,1,0
0x77f1d5,99.9961%,1,25487,25488,25487,1,0,0
0x78645f,0%,1,0,1,0,0,1,0
0x788312,0%,1,0,1,0,0,1,0
0x87214d,0%,1,0,1,0,0,1,0
0x97a5f8,99.2701%,1,136,137,136,1,0,0
0x77e44c,98.3333%,1,59,60,59,0,1,0
0x7d9800,98.1481%,1,53,54,53,0,1,0
0x78c5a5,0%,1,0,1,0,0,1,0
0x650c22,98.7013%,1,76,77,76,0,1,0
0x77fe55,0%,1,0,1,0,0,1,0
0x77f0b4,99.9961%,1,25487,25488,25487,1,0,0
0x796809,99.8377%,1,615,616,0,0,1,615
0x77f054,99.9961%,1,25487,25488,25487,1,0,0
0x7d96bd,100%,0,8,8,7,0,0,1
0x7f92fd,100%,0,12,12,12,0,0,0
0x664b39,100%,0,616,616,616,0,0,0
0x8e5f08,100%,0,617,617,0,0,0,617
0x79236d,100%,0,222,222,0,0,0,222
0x960283,100%,0,231,231,0,0,0,231
0x7d5cd2,100%,0,225,225,0,0,0,225
0x96014f,100%,0,920,920,920,0,0,0
0x785ac9,100%,0,8,8,0,0,0,8
0x650da4,100%,0,75,75,75,0,0,0
0x8742aa,100%,0,1,1,1,0,0,0
0x65131d,100%,0,77,77,77,0,0,0
0x7a5f21,100%,0,59,59,59,0,0,0
0x8e38e1,100%,0,1370,1370,548,0,0,822
0x66564c,100%,0,77,77,0,0,0,77
0x651135,100%,0,77,77,77,0,0,0
0x7a5748,100%,0,7,7,7,0,0,0
0x64e5b5,100%,0,462,462,462,0,0,0
0x6502af,100%,0,154,154,0,0,0,154
0x796af4,100%,0,1,1,0,0,0,1
0x80dcc3,100%,0,77,77,77,0,0,0
0x64d834,100%,0,77,77,77,0,0,0
0x8e5f17,100%,0,617,617,0,0,0,617
0x8cff5d,100%,0,920,920,0,0,0,920
0x65059d,100%,0,77,77,77,0,0,0
0x95f978,100%,0,76,76,76,0,0,0
0x91fef8,100%,0,456,456,456,0,0,0
0x827a69,100%,0,749,749,569,0,0,180
0x650a92,100%,0,77,77,77,0,0,0
0x64ea9d,100%,0,75,75,75,0,0,0
0x872231,100%,0,1,1,1,0,0,0
0x6994fb,100%,0,77,77,77,0,0,0
0x796a4a,100%,0,77,77,77,0,0,0
0x7d9730,100%,0,1,1,1,0,0,0
0x91fb59,100%,0,456,456,456,0,0,0
0x878f08,100%,0,1,1,1,0,0,0
0x9602d8,100%,0,231,231,0,0,0,231
0x80c6a2,100%,0,77,77,1,0,0,76
0x878ee7,100%,0,1,1,0,0,0,1
0x650b62,100%,0,77,77,77,0,0,0
0x6516bf,100%,0,77,77,77,0,0,0
0x9600a3,100%,0,1151,1151,0,0,0,1151
0x65f7ea,100%,0,77,77,0,0,0,77
0x66383e,100%,0,77,77,0,0,0,77
0x65032b,100%,0,616,616,0,0,0,616
0x663a7c,100%,0,77,77,77,0,0,0
0x6650d8,100%,0,1,1,1,0,0,0
0x963d23,100%,0,1151,1151,0,0,0,1151
0x64f59f,100%,0,77,77,77,0,0,0
0x7869ae,100%,0,1,1,1,0,0,0
0x7db547,100%,0,60,60,0,0,0,60
0x8e3404,100%,0,1370,1370,0,0,0,1370
0x8e5f37,100%,0,617,617,617,0,0,0
0x64f586,100%,0,77,77,77,0,0,0
0x796582,100%,0,77,77,0,0,0,77
0x64b5bd,100%,0,231,231,0,0,0,231
0x77cbba,100%,0,166,166,166,0,0,0
0x961dd6,100%,0,230,230,230,0,0,0
0x80db69,100%,0,77,77,77,0,0,0
0x7a886f,100%,0,77,77,77,0,0,0
0x8e3843,100%,0,48772,48772,0,0,0,48772
0x65f811,100%,0,1,1,0,0,0,1
0x80ded4,100%,0,10,10,10,0,0,0
0x7a8a0f,100%,0,77,77,0,0,0,77
0x831ef0,100%,0,1,1,1,0,0,0
0x7d7465,100%,0,900,900,900,0,0,0
0x872310,100%,0,1,1,1,0,0,0
0x796554,100%,0,77,77,0,0,0,77
0x663ff7,100%,0,77,77,77,0,0,0
0x830a55,100%,0,77,77,77,0,0,0
0x6640ad,100%,0,77,77,77,0,0,0
0x797404,100%,0,77,77,0,0,0,77
0x86e157,100%,0,77,77,77,0,0,0
0x78c488,100%,0,1,1,0,0,0,1
0x8129f1,100%,0,3490,3490,3490,0,0,0
0x64a271,100%,0,231,231,231,0,0,0
0x872155,100%,0,1,1,1,0,0,0
0x6f4655,100%,0,77,77,77,0,0,0
0x7db428,100%,0,60,60,0,0,0,60
0x848612,100%,0,15272,15272,15272,0,0,0
0x7dc306,100%,0,240,240,0,0,0,240
0x7dbc78,100%,0,60,60,0,0,0,60
0x9774f8,100%,0,7008,7008,7008,0,0,0
0x65074f,100%,0,77,77,77,0,0,0
0x8e35cf,100%,0,1370,1370,1370,0,0,0
0x64fb35,100%,0,231,231,231,0,0,0
0x796a64,100%,0,77,77,0,0,0,77
0x963710,100%,0,1150,1150,0,0,0,1150
0x6651b8,100%,0,77,77,77,0,0,0
0x848222,100%,0,77,77,0,0,0,77
0x650407,100%,0,231,231,154,0,0,77
0x79647b,100%,0,616,616,0,0,0,616
0x8e3459,100%,0,1370,1370,0,0,0,1370
0x9600b5,100%,0,1151,1151,0,0,0,1151
0x664559,100%,0,616,616,616,0,0,0
0x6510f0,100%,0,77,77,0,0,0,77
0x961639,100%,0,77,77,77,0,0,0
0x95fa60,100%,0,76,76,76,0,0,0
0x797416,100%,0,77,77,0,0,0,77
0x9636fb,100%,0,1150,1150,0,0,0,1150
0x95fa0d,100%,0,76,76,76,0,0,0
0x796132,100%,0,77,77,0,0,0,77
0x97a411,100%,0,77,77,0,0,0,77
0x7dc38d,100%,0,60,60,60,0,0,0
0x96021a,100%,0,231,231,231,0,0,0
0x7da7d2,100%,0,478,478,478,0,0,0
0x663b3e,100%,0,77,77,77,0,0,0
0x864f86,100%,0,460,460,460,0,0,0
0x77f104,100%,0,25488,25488,25488,0,0,0
0x91fb53,100%,0,456,456,0,0,0,456
0x831c72,100%,0,1,1,0,0,0,1
0x651107,100%,0,77,77,0,0,0,77
0x960510,100%,0,231,231,231,0,0,0
0x650296,100%,0,231,231,77,0,0,154
0x77f733,100%,0,50891,50891,50891,0,0,0
0x8e7b61,100%,0,617,617,0,0,0,617
0x8e35a8,100%,0,1370,1370,1370,0,0,0
0x87c805,100%,0,1416,1416,1416,0,0,0
0x796072,100%,0,77,77,0,0,0,77
0x6500ed,100%,0,154,154,0,0,0,154
0x6508ff,100%,0,77,77,77,0,0,0
0x78807e,100%,0,1,1,1,0,0,0
0x64f9ca,100%,0,616,616,616,0,0,0
0x9601f4,100%,0,231,231,0,0,0,231
0x78dce3,100%,0,1184,1184,1184,0,0,0
0x664c74,100%,0,77,77,77,0,0,0
0x6456ad,100%,0,847,847,0,0,0,847
0x663303,100%,0,77,77,77,0,0,0
0x65dcf5,100%,0,77,77,77,0,0,0
0x664cd5,100%,0,77,77,77,0,0,0
0x961a16,100%,0,230,230,230,0,0,0
0x7d79a9,100%,0,231,231,231,0,0,0
0x7d8357,100%,0,1,1,0,0,0,1
0x64f4e7,100%,0,77,77,77,0,0,0
0x64d7f9,100%,0,77,77,77,0,0,0
0x7d50dd,100%,0,231,231,231,0,0,0
0x650429,100%,0,77,77,77,0,0,0
0x7d5d02,100%,0,225,225,0,0,0,225
0x7d6669,100%,0,900,900,900,0,0,0
0x961d4e,100%,0,230,230,230,0,0,0
0x7d7edd,100%,0,231,231,231,0,0,0
0x877419,100%,0,59,59,59,0,0,0
0x80c636,100%,0,1,1,1,0,0,0
0x66539c,100%,0,77,77,77,0,0,0
0x80c578,100%,0,77,77,77,0,0,0
0x7de78f,100%,0,385,385,385,0,0,0
0x665a62,100%,0,77,77,77,0,0,0
0x9636a7,100%,0,1150,1150,0,0,0,1150
0x665b36,100%,0,77,77,77,0,0,0
0x665ba0,100%,0,77,77,77,0,0,0
0x665157,100%,0,77,77,77,0,0,0
0x7a4e93,100%,0,8,8,8,0,0,0
0x6637dd,100%,0,77,77,77,0,0,0
0x86ed59,100%,0,76,76,76,0,0,0
0x6509c0,100%,0,77,77,77,0,0,0
0x7a37b3,100%,0,59,59,59,0,0,0
0x7a570f,100%,0,7,7,0,0,0,7
0x962801,100%,0,230,230,0,0,0,230
0x7f92dd,100%,0,12,12,6,0,0,6
0x7857c7,100%,0,1,1,0,0,0,1
0x7928cc,100%,0,888,888,888,0,0,0
0x795c65,100%,0,76,76,0,0,0,76
0x785872,100%,0,1,1,0,0,0,1
0x5416ef,100%,0,460,460,460,0,0,0
0x7d6aa7,100%,0,225,225,225,0,0,0
0x7859d5,100%,0,1,1,1,0,0,0
0x5416bf,100%,0,460,460,460,0,0,0
0x7a87b1,100%,0,76,76,76,0,0,0
0x96016f,100%,0,920,920,920,0,0,0
0x785b1b,100%,0,1,1,0,0,0,1
0x7a8853,100%,0,77,77,0,0,0,77
0x6656b2,100%,0,77,77,0,0,0,77
0x9636e3,100%,0,1150,1150,0,0,0,1150
0x7d76b3,100%,0,225,225,225,0,0,0
0x872c9b,100%,0,77,77,77,0,0,0
0x9601a2,100%,0,231,231,0,0,0,231
0x78c0f6,100%,0,60,60,0,0,0,60
0x651a1f,100%,0,77,77,77,0,0,0
0x874056,100%,0,121,121,0,0,0,121
0x8262a7,100%,0,750,750,0,0,0,750
0x665d87,100%,0,77,77,77,0,0,0
0x793390,100%,0,222,222,222,0,0,0
0x786a66,100%,0,1,1,1,0,0,0
0x786cfe,100%,0,1,1,1,0,0,0
0x793b4f,100%,0,222,222,0,0,0,222
0x78708e,100%,0,1,1,1,0,0,0
0x786d26,100%,0,1,1,0,0,0,1
0x786d56,100%,0,1,1,1,0,0,0
0x79489d,100%,0,76,76,0,0,0,76
0x87b9d6,100%,0,2,2,2,0,0,0
0x86e3e3,100%,0,2,2,2,0,0,0
0x80c4fe,100%,0,77,77,0,0,0,77
0x796570,100%,0,77,77,0,0,0,77
0x786da9,100%,0,1,1,1,0,0,0
0x7f94a3,100%,0,1944,1944,1944,0,0,0
0x786da4,100%,0,1,1,0,0,0,1
0x961d2f,100%,0,230,230,0,0,0,230
0x665fc1,100%,0,2,2,2,0,0,0
0x7800ac,100%,0,1,1,1,0,0,0
0x79591b,100%,0,76,76,76,0,0,0
0x796a72,100%,0,77,77,0,0,0,77
0x86ebf8,100%,0,1,1,0,0,0,1
0x795e9d,100%,0,608,608,0,0,0,608
0x649c56,100%,0,231,231,0,0,0,231
0x872957,100%,0,1,1,0,0,0,1
0x78b618,100%,0,120,120,120,0,0,0
0x785741,100%,0,76,76,76,0,0,0
0x77f6ba,100%,0,50891,50891,50891,0,0,0
0x645813,100%,0,847,847,0,0,0,847
0x78dc4e,100%,0,1184,1184,1184,0,0,0
0x879f24,100%,0,1,1,0,0,0,1
0x78dd2c,100%,0,1184,1184,1184,0,0,0
0x665fa6,100%,0,2,2,0,0,0,2
0x9636ec,100%,0,1150,1150,1150,0,0,0
0x78a9be,100%,0,120,120,120,0,0,0
0x876f07,100%,0,59,59,0,0,0,59
0x9602a3,100%,0,231,231,231,0,0,0
0x78f138,100%,0,592,592,592,0,0,0
0x791363,100%,0,888,888,0,0,0,888
0x879c47,100%,0,1,1,0,0,0,1
0x7861d8,100%,0,608,608,608,0,0,0
0x77fab8,100%,0,270,270,270,0,0,0
0x9605f7,100%,0,231,231,231,0,0,0
0x7915b0,100%,0,888,888,888,0,0,0
0x9605de,100%,0,231,231,0,0,0,231
0x79267a,100%,0,888,888,0,0,0,888
0x78699d,100%,0,1,1,0,0,0,1
0x86eca3,100%,0,1,1,0,0,0,1
0x961a4d,100%,0,230,230,230,0,0,0
0x961d58,100%,0,230,230,230,0,0,0
0x8777db,100%,0,59,59,59,0,0,0
0x8723c9,100%,0,1,1,1,0,0,0
0x872141,100%,0,2,2,1,0,0,1
0x80dc7f,100%,0,77,77,77,0,0,0
0x878c17,100%,0,1,1,1,0,0,0
0x664c47,100%,0,77,77,77,0,0,0
0x7a8a1c,100%,0,77,77,0,0,0,77
0x961b67,100%,0,230,230,230,0,0,0
0x878ac0,100%,0,1,1,1,0,0,0
0x872c2d,100%,0,77,77,77,0,0,0
0x8309c7,100%,0,77,77,0,0,0,77
0x663756,100%,0,77,77,77,0,0,0
0x87cf53,100%,0,1,1,1,0,0,0
0x960127,100%,0,920,920,0,0,0,920
0x963715,100%,0,1150,1150,0,0,0,1150
0x8e3717,100%,0,48772,48772,48772,0,0,0
0x785776,100%,0,1,1,0,0,0,1
0x7db3ff,100%,0,60,60,0,0,0,60
0x960271,100%,0,231,231,0,0,0,231
0x961673,100%,0,230,230,0,0,0,230
0x664667,100%,0,77,77,77,0,0,0
0x65f3c3,100%,0,77,77,77,0,0,0
0x9602c3,100%,0,231,231,0,0,0,231
0x7a5388,100%,0,8,8,8,0,0,0
0x7a519c,100%,0,8,8,8,0,0,0
0x79602a,100%,0,77,77,77,0,0,0
0x6ef395,100%,0,77,77,77,0,0,0
0x663d7c,100%,0,77,77,77,0,0,0
0x962817,100%,0,230,230,0,0,0,230
0x64e12e,100%,0,77,77,0,0,0,77
0x8e378f,100%,0,1370,1370,1370,0,0,0
0x960309,100%,0,231,231,231,0,0,0
0x6510a3,100%,0,77,77,0,0,0,77
0x9615a7,100%,0,843,843,843,0,0,0
0x650e2b,100%,0,300,300,0,0,0,300
0x8d02f7,100%,0,137,137,0,0,0,137
0x8e5f02,100%,0,617,617,0,0,0,617
0x963d13,100%,0,1151,1151,0,0,0,1151
0x65150d,100%,0,77,77,77,0,0,0
0x65186f,100%,0,77,77,77,0,0,0
0x9617eb,100%,0,230,230,230,0,0,0
0x872d09,100%,0,77,77,77,0,0,0
0x877ba9,100%,0,59,59,0,0,0,59
0x786d36,100%,0,1,1,1,0,0,0
0x87b7ef,100%,0,60,60,0,0,0,60
0x80dc46,100%,0,77,77,0,0,0,77
0x796178,100%,0,77,77,0,0,0,77
0x8fa07a,100%,0,7,7,0,0,0,7
0x961be0,100%,0,230,230,230,0,0,0
0x7a23e8,100%,0,1239,1239,1239,0,0,0
0x879ee9,100%,0,1,1,0,0,0,1
0x663f9c,100%,0,77,77,0,0,0,77
0x78bc96,100%,0,960,960,960,0,0,0
0x796ca5,100%,0,77,77,0,0,0,77
0x663add,100%,0,77,77,77,0,0,0
0x7a2b84,100%,0,472,472,0,0,0,472
0x7987b1,100%,0,231,231,154,0,0,77
0x7a3037,100%,0,472,472,0,0,0,472
0x66468c,100%,0,77,77,77,0,0,0
0x64f419,100%,0,77,77,0,0,0,77
0x875177,100%,0,60,60,0,0,0,60
0x797b5b,100%,0,77,77,77,0,0,0
0x65e742,100%,0,77,77,77,0,0,0
0x8e3f16,100%,0,361686,361686,0,0,0,361686
0x797c2e,100%,0,77,77,0,0,0,77
0x64ae4c,100%,0,77,77,77,0,0,0
0x865100,100%,0,460,460,460,0,0,0
0x9601ae,100%,0,231,231,231,0,0,0
0x795327,100%,0,76,76,76,0,0,0
0x797ff7,100%,0,231,231,231,0,0,0
0x7984ea,100%,0,231,231,231,0,0,0
0x7d6add,100%,0,225,225,0,0,0,225
0x96017e,100%,0,920,920,920,0,0,0
0x8e3593,100%,0,1370,1370,1370,0,0,0
0x9636bb,100%,0,1150,1150,1150,0,0,0
0x66439c,100%,0,77,77,0,0,0,77
0x8773f7,100%,0,413,413,0,0,0,413
0x663539,100%,0,77,77,0,0,0,77
0x663594,100%,0,77,77,0,0,0,77
0x664052,100%,0,77,77,77,0,0,0
0x9600d7,100%,0,920,920,0,0,0,920
0x64e75e,100%,0,77,77,77,0,0,0
0x7dbb48,100%,0,60,60,0,0,0,60
0x8e3874,100%,0,48772,48772,48772,0,0,0
0x86ebeb,100%,0,1,1,0,0,0,1
0x664545,100%,0,616,616,616,0,0,0
0x830e90,100%,0,77,77,77,0,0,0
0x8e3541,100%,0,47402,47402,47402,0,0,0
0x7a1191,100%,0,472,472,472,0,0,0
0x664b25,100%,0,616,616,616,0,0,0
0x66377c,100%,0,77,77,77,0,0,0
0x7a21de,100%,0,1416,1416,1416,0,0,0
0x7936da,100%,0,888,888,0,0,0,888
0x95fa39,100%,0,76,76,76,0,0,0
0x663a56,100%,0,77,77,77,0,0,0
0x8761c6,100%,0,1,1,0,0,0,1
