Branch PC,Accuracy,Mispredictions,Correct Predictions,Total,dir_t_pred_t,dir_t_pred_nt,dir_nt_pred_t,dir_nt_pred_nt
aggregate,96.5632%,1089969,30624991,31714960,15069528,536655,553314,15555463
0x40d4a5,90.7679%,10621,104423,115044,33240,5846,4775,71183
0x40d59c,94.7704%,9835,178228,188063,154124,4412,5423,24104
0xb3009e,82.5156%,9337,44065,53402,40693,2616,6721,3372
0x40f719,92.5591%,5618,69884,75502,64325,2124,3494,5559
0x40d1a7,88.8756%,5592,44676,50268,35843,2681,2911,8833
0x8e8980,98.3168%,4700,274525,279225,268665,1178,3522,5860
0x40d412,96.1269%,4636,115060,119696,109775,1930,2706,5285
0x40d406,96.7771%,4593,137917,142510,20225,2589,2004,117692
0x8fe29e,84.5735%,4364,23925,28289,5400,2342,2022,18525
0xb300a7,61.0918%,3927,6166,10093,4682,1759,2168,1484
0x8d0bc0,98.4027%,3833,236141,239974,230193,683,3150,5948
0x6435e8,84.6926%,3448,19077,22525,9490,1444,2004,9587
0x5343d5,78.2991%,3187,11499,14686,4769,971,2216,6730
0x40ce06,89.885%,3114,27672,30786,9606,1747,1367,18066
0xb2fcc5,89.8284%,3076,27165,30241,5703,2019,1057,21462
0x610da8,70.8342%,2923,7099,10022,4079,1319,1604,3020
0x8fe2bf,90.2115%,2892,26653,29545,8832,1509,1383,17821
0x40d59e,90.341%,2852,26675,29527,7579,1486,1366,19096
0x40d589,98.7969%,2622,215322,217944,28488,1393,1229,186834
0xb2e605,91.292%,2547,26702,29249,6671,1324,1223,20031
0x534473,82.6836%,2532,12090,14622,4590,1065,1467,7500
0xb3aaae,97.7852%,2520,111262,113782,103397,984,1536,7865
0x812510,95.3051%,2507,50891,53398,46534,719,1788,4357
0x406cfd,95.0945%,2425,47009,49434,172,1919,506,46837
0x8eacb0,98.6193%,2370,169280,171650,164959,843,1527,4321
0x40d5a9,93.5689%,2337,34002,36339,14508,1402,935,19494
0xb2fab5,91.8329%,2326,26154,28480,6433,1216,1110,19721
0x8b9b8a,83.4605%,2320,11707,14027,3100,1534,786,8607
0x40d97b,80.6435%,2286,9524,11810,4157,1214,1072,5367
0x40dcab,73.1274%,2271,6180,8451,1084,1509,762,5096
0xb2fd1a,87.2304%,2226,15206,17432,13398,1021,1205,1808
0x405162,82.5627%,2225,10535,12760,2981,1497,728,7554
0xb2e7b1,72.2166%,2216,5760,7976,2938,1021,1195,2822
0x8ed200,98.7568%,2134,169516,171650,164987,815,1319,4529
0xb2ff8d,80.5192%,2116,8746,10862,7212,901,1215,1534
0xa334c0,98.2175%,2101,115765,117866,111225,488,1613,4540
0x404d6c,88.9753%,2027,16359,18386,4589,1381,646,11770
0x596c97,63.6887%,2020,3543,5563,2362,959,1061,1181
0x5114ed,83.0838%,2011,9877,11888,2265,1133,878,7612
0x48a255,67.4865%,1983,4116,6099,812,1272,711,3304
0x53da78,70.7342%,1981,4788,6769,2421,1019,962,2367
0x643691,80.8138%,1971,8302,10273,1349,1151,820,6953
0x404d98,81.972%,1960,8912,10872,6117,771,1189,2795
0x8141a1,95.2353%,1945,38876,40821,35727,642,1303,3149
0x81a6d4,85.1894%,1931,11107,13038,5525,994,937,5582
0x81a650,95.3459%,1922,39375,41297,35376,707,1215,3999
0x40dbf3,77.269%,1921,6530,8451,993,1185,736,5537
0x814246,85.8012%,1914,11566,13480,5786,1123,791,5780
0x8e88fb,88.9899%,1902,15373,17275,6398,904,998,8975
0x53da2f,80.5033%,1898,7837,9735,1778,1188,710,6059
0x8ff799,92.7775%,1884,24201,26085,16027,808,1076,8174
0x406cf4,97.2725%,1872,66762,68634,18099,1101,771,48663
0xb2e68f,91.4745%,1812,19442,21254,5535,1001,811,13907
0xb2fad5,91.4214%,1787,19044,20831,11564,882,905,7480
0x8fe538,67.7291%,1782,3740,5522,1766,827,955,1974
0xb3aaba,95.7333%,1762,39535,41297,33241,597,1165,6294
0x40f894,95.5833%,1739,37634,39373,7866,641,1098,29768
0xb2dfee,86.72%,1709,11160,12869,1928,791,918,9232
0x49b303,79.7963%,1706,6738,8444,2532,876,830,4206
0x90057f,91.4736%,1704,18281,19985,13194,715,989,5087
0x8ff789,94.5966%,1695,29674,31369,4416,868,827,25258
0x64b6d8,93.4445%,1694,24147,25841,16075,835,859,8072
0x596c66,76.7731%,1680,5553,7233,523,1147,533,5030
0x48a07b,83.6054%,1667,8501,10168,5190,982,685,3311
0x6434d1,79.2777%,1664,6366,8030,5885,262,1402,481
0x489cf2,83.7651%,1642,8472,10114,5028,1071,571,3444
0x820983,71.3336%,1638,4076,5714,2823,721,917,1253
0x488dc7,71.4511%,1631,4082,5713,944,1057,574,3138
0x40f7b7,95.8931%,1617,37756,39373,7556,872,745,30200
0x40d365,97.7452%,1616,70052,71668,68566,585,1031,1486
0xb0b57d,83.971%,1613,8450,10063,3209,874,739,5241
0xb2fe64,72.4001%,1595,4184,5779,766,989,606,3418
0x8fe459,84.4464%,1593,8649,10242,7561,624,969,1088
0x51b5ae,79.1699%,1591,6047,7638,1354,1009,582,4693
0xb2fcfc,88.5107%,1590,12249,13839,7746,749,841,4503
0x41016a,85.2859%,1580,9158,10738,3788,630,950,5370
0x40d5af,92.2708%,1579,18850,20429,15147,730,849,3703
0x402919,95.4511%,1569,32923,34492,24191,745,824,8732
0x49b223,81.4188%,1569,6875,8444,2553,855,714,4322
0xb2dee8,80.6592%,1555,6485,8040,957,932,623,5528
0x8227d8,85.4261%,1546,9062,10608,3796,884,662,5266
0x643219,97.6773%,1530,64342,65872,63919,401,1129,423
0x489d50,75.3402%,1522,4650,6172,1361,815,707,3289
0x812650,95.9643%,1512,35954,37466,32922,432,1080,3032
0xb2dfa0,88.2975%,1506,11363,12869,10765,565,941,598
0xa333d0,96.3695%,1496,39710,41206,38041,394,1102,1669
0x51c7cb,79.6752%,1477,5790,7267,1383,869,608,4407
0x40d95e,87.5275%,1473,10337,11810,3525,772,701,6812
0x5114f8,82.9329%,1449,7041,8490,3429,707,742,3612
0xa0377e,86.9122%,1439,9556,10995,4439,672,767,5117
0x596ec6,62.0653%,1429,2338,3767,1477,662,767,861
0x40d185,92.5075%,1419,17520,18939,7147,665,754,10373
0xb2fb4a,92.2512%,1414,16834,18248,10245,717,697,6589
0x5345e3,80.1632%,1410,5698,7108,2105,679,731,3593
0x40d03f,88.8414%,1410,11226,12636,3494,752,658,7732
0x8124f9,89.839%,1401,12387,13788,7176,467,934,5211
0xb0ba8f,84.0969%,1399,7398,8797,3099,750,649,4299
0xb3aa85,88.0083%,1392,10216,11608,1579,628,764,8637
0x5523df,60.6086%,1385,2131,3516,1090,778,607,1041
0x40d350,98.0675%,1385,70283,71668,42343,714,671,27940
0x909b04,90.614%,1385,13371,14756,8107,790,595,5264
0x50fe0e,94.1341%,1384,22210,23594,20922,569,815,1288
0x404d91,88.785%,1379,10917,12296,243,1181,198,10674
0x53e43b,83.1315%,1379,6796,8175,947,955,424,5849
0xb30284,78.699%,1372,5069,6441,3788,632,740,1281
0x53e303,83.315%,1364,6811,8175,3872,585,779,2939
0x8189f1,96.7068%,1360,39937,41297,35553,530,830,4384
0x8157d8,88.6116%,1346,10473,11819,8260,420,926,2213
0x40d414,83.2812%,1336,6655,7991,1875,735,601,4780
0xb3aa0c,97.919%,1336,62863,64199,10882,726,610,51981
0x53de0b,87.9891%,1317,9648,10965,5710,692,625,3938
0xb2df79,89.8671%,1304,11565,12869,1041,848,456,10524
0x8fdeb8,96.4897%,1303,35816,37119,1859,798,505,33957
0xa02270,70.5052%,1296,3098,4394,2430,437,859,668
0x821626,93.8586%,1293,19761,21054,2397,742,551,17364
0x8e89a2,90.7563%,1287,12636,13923,9993,398,889,2643
0xa33220,94.4808%,1283,21963,23246,20825,353,930,1138
0xa027f0,70.8694%,1280,3114,4394,2429,438,842,685
0x488db4,86.5746%,1273,8209,9482,3062,707,566,5147
0x596ec0,77.3324%,1261,4302,5563,974,822,439,3328
0x8124d1,91.3813%,1261,13370,14631,12073,359,902,1297
0x8ff3a6,79.3402%,1240,4762,6002,2247,572,668,2515
0xb2e818,84.5286%,1234,6742,7976,4321,531,703,2421
0x534534,83.1315%,1226,6042,7268,2159,737,489,3883
0x552173,76.4989%,1219,3968,5187,1552,545,674,2416
0x814184,89.1655%,1210,9958,11168,6239,477,733,3719
0x80caf3,84.6394%,1182,6513,7695,5662,398,784,851
0x40f52d,97.8367%,1175,53139,54314,12078,632,543,41061
0x640254,88.6689%,1162,9093,10255,4025,659,503,5068
0x596c48,85.9704%,1158,7096,8254,4117,671,487,2979
0x48a6f5,64.8046%,1153,2123,3276,400,754,399,1723
0x40db8b,86.24%,1148,7195,8343,432,864,284,6763
0x8eba00,98.4717%,1145,73773,74918,71716,361,784,2057
0x40d19f,98.1342%,1142,60064,61206,10436,502,640,49628
0x4885c5,63.8156%,1138,2007,3145,1348,427,711,659
0xb2e75a,85.7911%,1136,6859,7995,6280,476,660,579
0xb2fe57,86.7216%,1128,7367,8495,2043,673,455,5324
0x8ed3d9,71.2596%,1118,2772,3890,2289,376,742,483
0x81a634,89.9937%,1116,10037,11153,5468,471,645,4569
0x49e754,77.4088%,1102,3776,4878,1535,421,681,2241
0xb2fb30,94.5409%,1097,18998,20095,1271,576,521,17727
0xb3aa12,97.916%,1096,51495,52591,40740,557,539,10755
0x8d0b76,89.5045%,1095,9338,10433,4850,582,513,4488
0x8eada0,96.8976%,1086,33919,35005,33895,69,1017,24
0x48d6dc,76.0349%,1071,3398,4469,1274,633,438,2124
0x8ed2d0,96.949%,1068,33937,35005,33903,61,1007,34
0x5387d3,85.0353%,1061,6029,7090,2213,516,545,3816
0x405288,82.9304%,1045,5077,6122,758,814,231,4319
0x8b95f8,97.5494%,1032,41080,42112,34269,439,593,6811
0x40dbbb,89.5327%,1026,8776,9802,7973,478,548,803
0x814367,85.1643%,1025,5884,6909,2235,527,498,3649
0x8fe4d3,90.0449%,1019,9217,10236,7594,433,586,1623
0x54fed8,64.5139%,1011,1838,2849,891,512,499,947
0x81a5fc,91.4977%,1002,10783,11785,9956,204,798,827
0x404dd6,83.2496%,1000,4970,5970,1584,566,434,3386
0x538615,83.8663%,999,5193,6192,886,654,345,4307
0xab28ac,88.7979%,985,7808,8793,835,608,377,6973
0x54fe93,67.3653%,981,2025,3006,1031,526,455,994
0x537b45,79.2425%,981,3745,4726,719,676,305,3026
0x53db17,79.6017%,973,3797,4770,1974,436,537,1823
0x502c71,73.6267%,965,2694,3659,620,543,422,2074
0x900631,95.9982%,960,23029,23989,11855,414,546,11174
0x40d2b3,98.6871%,952,71558,72510,70081,464,488,1477
0x8eac42,90.8425%,950,9424,10374,4334,502,448,5090
0x55053b,91.2699%,948,9911,10859,6744,546,402,3167
0x51c7f1,81.0967%,948,4067,5015,1214,498,450,2853
0x40d5b8,89.5863%,944,8121,9065,6789,419,525,1332
0x40d5ef,89.0178%,937,7595,8532,2425,451,486,5170
0x8e895b,93.3028%,936,13040,13976,6925,430,506,6115
0x8d9cd0,96.823%,932,28404,29336,27985,218,714,419
0x6387ec,75.107%,931,2809,3740,1354,515,416,1455
0x40d601,96.8503%,930,28597,29527,12722,515,415,15875
0x50380e,78.6535%,929,3423,4352,2677,314,615,746
0x40f7a0,97.2019%,927,32203,33130,1730,534,393,30473
0xb466f8,94.1813%,919,14875,15794,4266,461,458,10609
0x51b40a,79.8199%,919,3635,4554,800,626,293,2835
0x537f8e,72.5008%,916,2415,3331,500,614,302,1915
0x48d830,79.6101%,910,3553,4463,2193,409,501,1360
0x40d429,88.0974%,909,6728,7637,4793,384,525,1935
0x8157a3,95.3084%,909,18466,19375,7966,387,522,10500
0x8189d3,91.8856%,905,10248,11153,5586,353,552,4662
0xa037a6,91.8236%,899,10096,10995,4928,400,499,5168
0x596edf,83.8756%,897,4666,5563,1434,577,320,3232
0xb2fd2b,70.2622%,896,2117,3013,935,423,473,1182
0x5114ad,96.2149%,870,22115,22985,3830,501,369,18285
0x8d0baa,91.6466%,867,9512,10379,5848,417,450,3664
0x8fc419,91.9685%,867,9928,10795,6284,419,448,3644
0x596d23,73.9235%,866,2455,3321,1347,399,467,1108
0x8dedd9,74.256%,865,2495,3360,829,485,380,1666
0x8bc76b,96.4741%,863,23613,24476,21777,435,428,1836
0x8e893c,90.1316%,855,7809,8664,4889,423,432,2920
0x8ed1a5,91.8643%,844,9530,10374,4442,394,450,5088
0x5114b2,95.4969%,840,17814,18654,11376,512,328,6438
0x48a5cc,77.0873%,837,2816,3653,1638,564,273,1178
0x8fe556,80.1485%,829,3347,4176,949,430,399,2398
0xb2fe8d,79.498%,825,3199,4024,2188,452,373,1011
0x900540,96.6135%,818,23337,24155,2928,481,337,20409
0xa35580,96.8633%,813,25106,25919,24825,191,622,281
0x40dcba,90.3917%,812,7639,8451,6405,354,458,1234
0x643590,96.4129%,808,21717,22525,8772,272,536,12945
0x402acb,88.9362%,806,6479,7285,2559,419,387,3920
0x8bcdd6,96.2724%,803,20739,21542,11856,401,402,8883
0x8f58a9,92.21%,797,9434,10231,3332,413,384,6102
0x5389e7,75.3936%,797,2442,3239,1354,409,388,1088
0x81c6f0,94.1085%,793,12667,13460,6163,376,417,6504
0x54f5c5,74.4125%,784,2280,3064,2062,225,559,218
0x81454d,75.6242%,781,2423,3204,1363,396,385,1060
0x942728,92.2263%,779,9242,10021,1257,433,346,7985
0x8d9b10,98.3208%,777,45496,46273,43137,242,535,2359
0x53e4e9,92.0403%,774,8950,9724,7735,383,391,1215
0x596f18,84.203%,772,4115,4887,3662,304,468,453
0xa3343b,94.033%,771,12150,12921,6295,373,398,5855
0x54f6c4,84.9049%,770,4331,5101,2538,509,261,1793
0xb2fd0d,95.8421%,769,17726,18495,596,467,302,17130
0xa334e4,90.8374%,767,7604,8371,3388,433,334,4216
0xb2e7e3,80.931%,766,3251,4017,2528,337,429,723
0x6436bd,94.3129%,764,12670,13434,4802,284,480,7868
0xb3aac4,86.9476%,762,5076,5838,4138,340,422,938
0x808d27,92.0261%,758,8748,9506,598,630,128,8150
0x81de08,89.1845%,756,6234,6990,3878,332,424,2356
0x8fc3f2,94.8819%,756,14015,14771,2852,440,316,11163
0x596ca0,66.4585%,752,1490,2242,470,430,322,1020
0x8ba34c,93.1506%,752,10227,10979,802,540,212,9425
0xa3335b,85.9229%,752,4590,5342,3558,288,464,1032
0x81899c,93.619%,752,11033,11785,9983,177,575,1050
0xb2e02b,90.7338%,745,7295,8040,7016,220,525,279
0x40e016,95.0195%,741,14137,14878,9518,494,247,4619
0x81414b,93.5844%,741,10809,11550,9934,236,505,875
0xb0d512,75.5725%,736,2277,3013,1252,212,524,1025
0x48dca1,93.6135%,731,10715,11446,4119,344,387,6596
0xa30a81,94.3722%,731,12258,12989,11537,241,490,721
0x81e360,97.3189%,730,26498,27228,25842,224,506,656
0x5fd969,87.306%,728,5007,5735,3673,323,405,1334
0x604755,96.7544%,724,21583,22307,21540,338,386,43
0x53fe50,85.4234%,723,4237,4960,2097,404,319,2140
0x8ff3c3,83.5308%,723,3667,4390,1137,397,326,2530
0x596f49,87.0214%,722,4841,5563,329,502,220,4512
0xa02371,90.4115%,720,6789,7509,4574,307,413,2215
0x537be6,82.0205%,719,3280,3999,481,449,270,2799
0x8e0e15,98.6544%,718,52640,53358,25087,387,331,27553
0x40294a,97.6567%,717,29881,30598,20666,327,390,9215
0x643615,93.6911%,716,10633,11349,3621,379,337,7012
0x643547,69.3701%,710,1608,2318,1320,234,476,288
0xb3aabf,90.5215%,707,6752,7459,1235,386,321,5517
0x812618,93.3459%,707,9918,10625,8828,189,518,1090
0x814257,89.271%,705,5866,6571,4702,302,403,1164
0x8b9616,98.3354%,701,41411,42112,21395,283,418,20016
0x58fd95,92.0807%,695,8081,8776,1040,375,320,7041
0x8fe8b5,88.3709%,691,5251,5942,1666,356,335,3585
0x40dd25,91.7895%,685,7658,8343,4463,385,300,3195
0xaade48,95.8369%,678,15608,16286,13761,257,421,1847
0x8fe55f,87.4397%,677,4713,5390,172,475,202,4541
0x812638,93.2508%,676,9340,10016,5655,249,427,3685
0xb0d478,71.0264%,669,1640,2309,702,417,252,938
0x8e9ef3,68.2857%,666,1434,2100,1120,274,392,314
0xb30309,86.6733%,665,4325,4990,717,359,306,3608
0x51b764,87.4123%,664,4611,5275,797,324,340,3814
0x502ef9,91.1667%,664,6853,7517,1366,401,263,5487
0x8bc889,97.0022%,662,21421,22083,16737,307,355,4684
0x58fde5,90.8978%,661,6601,7262,4300,252,409,2301
0x596ee4,81.5597%,655,2897,3552,498,464,191,2399
0x8e9b8c,85.425%,655,3839,4494,441,482,173,3398
0x596f4e,86.1792%,654,4078,4732,777,456,198,3301
0x8a531e,80.9343%,653,2772,3425,1900,319,334,872
0x8b9ab2,91.4335%,652,6959,7611,4955,278,374,2004
0x90ef31,64.8896%,652,1205,1857,346,385,267,859
0x609f38,90.2487%,651,6025,6676,402,395,256,5623
0x8ff85a,97.7609%,651,28423,29074,14204,338,313,14219
0xaab148,74.7967%,651,1932,2583,378,316,335,1554
0x604227,97.0628%,650,21480,22130,21375,291,359,105
0xb30316,87.014%,648,4342,4990,3410,358,290,932
0x820966,86.5227%,643,4128,4771,804,423,220,3324
0x596f78,88.1055%,636,4711,5347,4410,218,418,301
0x51c2b4,79.1598%,635,2412,3047,934,267,368,1478
0xb2fcf7,97.2068%,629,21890,22519,8357,323,306,13533
0x53db4a,74.0664%,625,1785,2410,927,334,291,858
0xb32253,97.8862%,625,28942,29567,483,456,169,28459
0x8209ce,88.1839%,622,4642,5264,1297,423,199,3345
0x604269,95.2483%,620,12428,13048,12417,167,453,11
0x90b9c1,87.3876%,617,4275,4892,3827,210,407,448
0x812664,93.8798%,613,9403,10016,3757,406,207,5646
0x552a66,78.0129%,613,2175,2788,1074,304,309,1101
0x50f9b1,71.3142%,609,1514,2123,1229,214,395,285
0x41023b,91.4627%,607,6503,7110,662,295,312,5841
0x8ed1da,93.1595%,606,8253,8859,4289,257,349,3964
0x54f6fc,70.5453%,605,1449,2054,1123,219,386,326
0xa0378a,94.5066%,604,10391,10995,8086,344,260,2305
0x537b6c,81.8973%,603,2728,3331,804,310,293,1924
0x8e1210,85%,603,3417,4020,2608,262,341,809
0x49e198,69.5586%,600,1371,1971,429,359,241,942
0x54f798,70.7887%,600,1454,2054,536,242,358,918
0xb0c01e,87.4661%,600,4187,4787,948,286,314,3239
0x9098cc,67.7437%,599,1258,1857,535,357,242,723
0x40f53d,98.557%,599,40911,41510,1495,227,372,39416
0xb46644,98.7199%,599,46195,46794,24429,276,323,21766
0xa4c449,90.4762%,598,5681,6279,539,395,203,5142
0x8da710,98.5577%,597,40796,41393,38590,189,408,2206
0x5100fa,77.2064%,594,2012,2606,522,350,244,1490
0x8124f3,87.0841%,594,4005,4599,3001,242,352,1004
0x40f59e,95.9177%,593,13933,14526,10659,262,331,3274
0x8f53d3,87.0722%,593,3994,4587,3469,212,381,525
0x40f7c3,98.1107%,591,30691,31282,30417,218,373,274
0x90ed54,68.2283%,590,1267,1857,298,352,238,969
0xa39340,72.5874%,588,1557,2145,1353,184,404,204
0x49e184,82.3139%,587,2732,3319,1073,275,312,1659
0x502be2,83.9847%,586,3073,3659,764,399,187,2309
0x8eadf5,65.4438%,584,1106,1690,175,403,181,931
0x8e9eec,79.2439%,582,2222,2804,387,317,265,1835
0xa3a355,73.321%,576,1583,2159,649,293,283,934
0x8eac8b,93.5094%,575,8284,8859,4312,234,341,3972
0x58f7d4,91.6387%,574,6291,6865,809,320,254,5482
0x4a1c54,78.1178%,572,2042,2614,793,280,292,1249
0x40d2a7,99.3019%,572,81360,81932,9186,236,336,72174
0xa331bb,82.7408%,568,2723,3291,1909,251,317,814
0x8e8934,97.4912%,568,22072,22640,13710,266,302,8362
0xb0b3fe,88.9412%,564,4536,5100,1144,282,282,3392
0x51b6fc,92.6183%,563,7064,7627,6151,215,348,913
0x8e2350,90.7899%,562,5540,6102,2253,269,293,3287
0x81c64c,92.0325%,559,6457,7016,4884,226,333,1573
0x537f7e,88.193%,558,4168,4726,1047,348,210,3121
0xa022e7,85.2372%,557,3216,3773,810,335,222,2406
0x40d90e,95.2837%,557,11253,11810,9098,322,235,2155
0xa39798,75.0564%,553,1664,2217,1190,258,295,474
0x81c6d3,97.0333%,553,18087,18640,4831,279,274,13256
0x5fd9d6,95.2381%,552,11040,11592,7529,268,284,3511
0x51c7bb,93.5099%,549,7910,8459,849,343,206,7061
0x8eb7bb,80.8003%,547,2302,2849,1560,252,295,742
0x40cf54,96.6814%,547,15936,16483,6138,244,303,9798
0x53503d,88.5983%,545,4235,4780,3060,322,223,1175
0x5523f4,66.9903%,544,1104,1648,314,321,223,790
0x8216f8,96.9683%,543,17368,17911,8540,279,264,8828
0x805960,98.2995%,538,31099,31637,30231,184,354,868
0x405733,96.3965%,537,14365,14902,7514,316,221,6851
0x40d12a,95.579%,536,11588,12124,759,238,298,10829
0x51c80e,96.4019%,535,14334,14869,2829,227,308,11505
0x40d4f0,98.0558%,534,26932,27466,22594,220,314,4338
0x58f7e4,90.7078%,533,5203,5736,3357,198,335,1846
0x596f03,73.4958%,533,1478,2011,1080,255,278,398
0x8196a3,93.4606%,531,7589,8120,616,395,136,6973
0x488635,73.3132%,530,1456,1986,1175,243,287,281
0x4a1bc4,79.8393%,527,2087,2614,788,285,242,1299
0x8a946d,99.282%,527,72869,73396,48203,255,272,24666
0x8bc970,95.7886%,526,11964,12490,3660,282,244,8304
0x54f7db,74.3914%,526,1528,2054,276,314,212,1252
0x604b67,86.817%,526,3464,3990,1734,261,265,1730
0x48cf5b,73.5678%,526,1464,1990,836,285,241,628
0x9001a6,93.301%,525,7312,7837,1873,330,195,5439
0x8e0fd9,78.3058%,525,1895,2420,1394,220,305,501
0x51b37a,80.6487%,525,2188,2713,473,353,172,1715
0xa565e0,92.7643%,523,6705,7228,6571,130,393,134
0x80fcad,92.4596%,523,6413,6936,3205,251,272,3208
0xb0d4c8,63.3169%,522,901,1423,145,382,140,756
0x5097c3,90.4535%,522,4946,5468,1067,291,231,3879
0x54f85f,74.6835%,520,1534,2054,269,321,199,1265
0x596e40,70.2749%,519,1227,1746,140,317,202,1087
0x9a9a8f,70.8754%,519,1263,1782,196,345,174,1067
0x5bd9e5,85.8932%,518,3154,3672,2259,221,297,895
0x807803,87.8816%,516,3742,4258,1946,263,253,1796
0x8ebb00,96.6669%,516,14965,15481,14918,128,388,47
0x8bd21b,98.4145%,516,32028,32544,6098,250,266,25930
0xb2fbd2,72.1169%,515,1332,1847,789,273,242,543
0x488959,80.1621%,514,2077,2591,1204,343,171,873
0x64ad24,97.6207%,511,20966,21477,152,290,221,20814
0x5576c5,89.2178%,510,4220,4730,4012,202,308,208
0x552413,70.4519%,510,1216,1726,424,289,221,792
0x96c120,82.5609%,508,2405,2913,474,306,202,1931
0x8eb6bc,98.0357%,507,25304,25811,22628,334,173,2676
0x49b227,89.9325%,507,4529,5036,3918,205,302,611
0x970f27,88.6695%,505,3952,4457,1520,263,242,2432
0x8f3119,85.2156%,504,2905,3409,2325,195,309,580
0x8eae17,70.1775%,504,1186,1690,955,222,282,231
0x596fa4,90.9581%,503,5060,5563,3586,181,322,1474
0x8fe446,95.1084%,501,9741,10242,8332,215,286,1409
0xb2ff56,93.512%,501,7221,7722,1395,334,167,5826
0x6070d8,94.0675%,501,7944,8445,1698,289,212,6246
0x80728c,96.992%,498,16058,16556,1607,257,241,14451
0x6436a3,93.5921%,497,7259,7756,5761,253,244,1498
0x405720,97.0634%,495,16361,16856,1664,290,205,14697
0x50ffc7,81.9606%,495,2249,2744,982,282,213,1267
0x488a79,68.595%,494,1079,1573,254,272,222,825
0x909910,73.5595%,491,1366,1857,371,279,212,995
0x541321,93.7643%,490,7368,7858,548,260,230,6820
0x502eb6,79.2724%,490,1874,2364,1357,219,271,517
0x627f3f,66.3462%,490,966,1456,122,308,182,844
0x901472,90.7034%,489,4771,5260,1293,230,259,3478
0x4101a9,94.487%,489,8381,8870,1468,263,226,6913
0x8f29a0,92.6228%,488,6127,6615,5934,128,360,193
0x8e4bf5,86.0418%,487,3002,3489,1494,240,247,1508
0x8196b8,93.2882%,486,6755,7241,5843,147,339,912
0x40d480,93.9182%,486,7505,7991,4468,184,302,3037
0x8bd5da,87.0676%,486,3272,3758,1346,268,218,1926
0x49e930,90.0779%,484,4394,4878,1739,217,267,2655
0xb327a4,92.5023%,483,5959,6442,3191,238,245,2768
0x8bd4b0,99.2557%,483,64408,64891,21010,292,191,43398
0x552196,68.2237%,483,1037,1520,242,280,203,795
0x8fe2b6,98.4363%,483,30405,30888,1038,305,178,29367
0x8ea966,71.4793%,482,1208,1690,1092,111,371,116
0x820949,90.8625%,481,4783,5264,4625,146,335,158
0x8e277d,95.7162%,480,10725,11205,5577,246,234,5148
0x537fec,89.8793%,478,4245,4723,3801,194,284,444
0x5385ab,96.8676%,478,14782,15260,11681,276,202,3101
0xb30120,72.4118%,477,1252,1729,599,268,209,653
0x8feaaa,80.4196%,476,1955,2431,950,223,253,1005
0x53fe5f,72.6594%,476,1265,1741,306,286,190,959
0x8d9c1f,77.7465%,474,1656,2130,320,339,135,1336
0x510033,97.991%,474,23120,23594,10219,218,256,12901
0x8d9c75,83.0895%,474,2329,2803,465,287,187,1864
0x53fe59,80.7645%,473,1986,2459,414,304,169,1572
0x537ba8,95.11%,471,9161,9632,7137,278,193,2024
0x8e263e,91.09%,470,4805,5275,2304,233,237,2501
0x6279d9,67.7885%,469,987,1456,129,301,168,858
0x596b84,79.8015%,468,1849,2317,85,301,167,1764
0x819621,95.5642%,467,10061,10528,10000,82,385,61
0x51b7df,88.7467%,466,3675,4141,109,362,104,3566
0x90998d,75.0673%,463,1394,1857,495,236,227,899
0xa30830,94.6904%,463,8257,8720,7855,121,342,402
0x503cd3,78.6772%,461,1701,2162,1513,151,310,188
0x8dda33,71.232%,460,1139,1599,615,243,217,524
0x6387f5,75.4677%,459,1412,1871,1066,199,260,346
0xb46722,95.8706%,457,10610,11067,8065,243,214,2545
0x8eb978,90.1533%,456,4175,4631,2019,231,225,2156
0x5521b5,70.203%,455,1072,1527,916,123,332,156
0x8ea9a9,73.0769%,455,1235,1690,199,266,189,1036
0xaae224,88.017%,452,3320,3772,1773,218,234,1547
0x8e895f,96.7679%,450,13473,13923,4321,220,230,9152
0x50742e,71.9375%,449,1151,1600,966,163,286,185
0x54f7f8,78.1889%,448,1606,2054,534,239,209,1072
0x5df23e,71.1985%,447,1105,1552,605,252,195,500
0x908808,94.7529%,447,8072,8519,3889,266,181,4183
0x48aaac,94.7151%,447,8011,8458,2818,221,226,5193
0xaa4570,93.6558%,446,6584,7030,919,227,219,5665
0xad8590,96.2044%,445,11279,11724,5490,178,267,5789
0x4a1e07,69.5055%,444,1012,1456,169,261,183,843
0x81e2eb,76.5079%,444,1446,1890,787,182,262,659
0x90cf21,84.7841%,444,2474,2918,2328,141,303,146
0x5bdb7a,92.8352%,443,5740,6183,3062,252,191,2678
0x49b307,91.2232%,442,4594,5036,3952,171,271,642
0x8a540b,71.2891%,441,1095,1536,1069,77,364,26
0x77ff6e,72.7104%,441,1175,1616,168,321,120,1007
0xa333b8,90.3297%,440,4110,4550,1571,208,232,2539
0x5e37a4,71.173%,435,1074,1509,627,228,207,447
0xb0cc63,95.3243%,434,8848,9282,1623,261,173,7225
0x50231b,78.4722%,434,1582,2016,1402,170,264,180
0x8f5a6b,90.5685%,433,4158,4591,820,286,147,3338
0x908f19,87.9521%,433,3161,3594,1624,181,252,1537
0x8a93c2,85.974%,432,2648,3080,1399,211,221,1249
0x8bd6a8,86.1815%,431,2688,3119,722,240,191,1966
0x404fee,97.4948%,430,16734,17164,16698,158,272,36
0x8f56ff,96.0568%,428,10426,10854,4287,187,241,6139
0x8212e8,96.0738%,428,10473,10901,6672,145,283,3801
0x49fd14,78.7213%,426,1576,2002,572,238,188,1004
0x48d6ef,83.4114%,425,2137,2562,494,263,162,1643
0x8fe9c6,91.9553%,425,4858,5283,1698,231,194,3160
0x8d9d0b,71.1761%,424,1047,1471,317,233,191,730
0xb2fbb3,77.0439%,424,1423,1847,732,230,194,691
0xa3a03d,72.4789%,423,1114,1537,800,199,224,314
0x808c77,80.5607%,423,1753,2176,729,219,204,1024
0x81c644,94.6232%,421,7409,7830,585,229,192,6824
0x40f420,93.485%,418,5998,6416,1830,154,264,4168
0x50bf13,72.5542%,418,1105,1523,972,148,270,133
0x8a949d,99.2132%,416,52454,52870,49725,147,269,2729
0x596cad,69.076%,415,927,1342,240,249,166,687
0x40d0be,96.577%,415,11709,12124,4880,195,220,6829
0xa5fa91,72.5399%,413,1091,1504,879,148,265,212
0x8e1326,90.1455%,413,3778,4191,2002,212,201,1776
0x908e17,90.3603%,412,3862,4274,3242,139,273,620
0x54872f,82.4904%,412,1941,2353,635,255,157,1306
0x596fce,75.4491%,410,1260,1670,405,286,124,855
0x405197,95.0857%,407,7875,8282,986,144,263,6889
0x537b2b,92.5376%,407,5047,5454,544,184,223,4503
0x48aa84,97.0743%,406,13471,13877,5253,166,240,8218
0x41034d,95.3762%,405,8354,8759,2978,199,206,5376
0x8e9689,71.3173%,405,1007,1412,157,295,110,850
0xb4665a,99.1345%,405,46389,46794,23904,185,220,22485
0x53e2a2,94.0464%,403,6366,6769,216,280,123,6150
0x5f528d,89.5258%,402,3436,3838,478,308,94,2958
0xb2ffa6,84.6301%,401,2208,2609,1311,206,195,897
0x402342,92.2106%,401,4747,5148,4339,222,179,408
0xa30480,94.0045%,399,6256,6655,6007,94,305,249
0x80f63f,94.6081%,399,7001,7400,4173,189,210,2828
0x48af74,72.3301%,399,1043,1442,202,228,171,841
0x6437e8,72.3034%,398,1039,1437,71,271,127,968
0x51b462,91.2651%,397,4148,4545,3587,190,207,561
0xa335e9,80.9798%,396,1686,2082,477,177,219,1209
0x5385ee,92.1756%,392,4618,5010,67,291,101,4551
0x51034a,93.4151%,392,5561,5953,498,216,176,5063
0x8e01c7,86.9724%,392,2617,3009,1289,211,181,1328
0x81a7a9,93.4283%,392,5573,5965,5451,67,325,122
0x402921,95.9083%,391,9165,9556,7972,204,187,1193
0x8dcda0,83.0361%,390,1909,2299,1525,151,239,384
0xb2df4d,96.9772%,389,12480,12869,12007,165,224,473
0x9008b6,85.7718%,389,2345,2734,965,214,175,1380
0x8ba0c6,97.0457%,383,12581,12964,3092,200,183,9489
0x51034f,92.6894%,383,4856,5239,4344,122,261,512
0x48a677,77.8935%,382,1346,1728,787,247,135,559
0x66d3c2,85.5193%,382,2256,2638,494,234,148,1762
0x510fb1,84.389%,382,2065,2447,541,182,200,1524
0xaab176,94.0338%,381,6005,6386,3187,175,206,2818
0x5bbb84,90.1793%,378,3471,3849,3341,73,305,130
0x8ed275,83.6151%,378,1929,2307,308,192,186,1621
0xb46607,99.2078%,377,47211,47588,7400,253,124,39811
0x5097d3,90.8273%,377,3733,4110,2140,179,198,1593
0x8350a1,93.7334%,377,5639,6016,1157,214,163,4482
0x5118a2,93.6022%,376,5501,5877,310,221,155,5191
0xa35852,84.3529%,376,2027,2403,1055,178,198,972
0x9441d6,98.5488%,375,25466,25841,24723,168,207,743
0x8bcf16,90.4653%,375,3558,3933,65,267,108,3493
0x8ba0bb,98.6132%,375,26666,27041,13922,155,220,12744
0x502e83,97.5779%,374,15067,15441,7352,220,154,7715
0x8d9aa9,91.9466%,374,4270,4644,3112,151,223,1158
0x9f27e6,73.6209%,373,1041,1414,644,176,197,397
0x502360,81.5476%,372,1644,2016,1577,105,267,67
0x819698,96.3461%,372,9809,10181,1885,176,196,7924
0x62797b,69.1923%,370,831,1201,88,221,149,743
0x8157e4,96.6843%,369,10760,11129,8518,150,219,2242
0x537fd4,96.169%,369,9263,9632,7217,198,171,2046
0x8a8e6a,86.8459%,367,2423,2790,678,238,129,1745
0x8d11d4,95.4359%,367,7674,8041,2110,191,176,5564
0x512ce9,96.4047%,366,9814,10180,5288,223,143,4526
0x8ed1cb,92.8005%,363,4679,5042,3661,156,207,1018
0xa2fbb0,94.9349%,362,6785,7147,6477,86,276,308
0x819707,96.5805%,360,10168,10528,10140,59,301,28
0x402942,98.9229%,360,33064,33424,2595,231,129,30469
0x547fa4,95.5654%,360,7758,8118,6708,170,190,1050
0x812633,89.8649%,360,3192,3552,2418,135,225,774
0x51030d,67.5676%,360,750,1110,510,154,206,240
0x9ab7a7,71.1183%,359,884,1243,666,126,233,218
0x8fd397,90.9229%,359,3596,3955,354,210,149,3242
0x40d469,85.2796%,358,2074,2432,305,204,154,1769
0x49ee2f,89.4285%,357,3020,3377,2716,127,230,304
0x596e51,79.6678%,355,1391,1746,87,234,121,1304
0xa41acc,88.499%,354,2724,3078,1326,152,202,1398
0x8eb9db,90.9091%,353,3530,3883,1810,179,174,1720
0x6278fb,85.055%,353,2009,2362,193,220,133,1816
0x8e0f32,99.3384%,353,53005,53358,51038,106,247,1967
0x90dc31,99.3089%,352,50581,50933,49931,41,311,650
0x9ab07e,71.8423%,350,893,1243,314,187,163,579
0x511927,96.9028%,348,10888,11236,646,202,146,10242
0x596cbe,74.1431%,347,995,1342,175,229,118,820
0x53db1c,85.2966%,347,2013,2360,218,197,150,1795
0x8fe00b,91.4335%,346,3693,4039,904,196,150,2789
0x4b5a82,89.2086%,345,2852,3197,1795,147,198,1057
0x81b390,97.1122%,344,11568,11912,11314,96,248,254
0x604207,98.4579%,344,21963,22307,1,176,168,21962
0x54f7a6,83.3009%,343,1711,2054,1004,163,180,707
0x8e9f58,85.6665%,343,2050,2393,515,182,161,1535
0xb0d49b,71.1765%,343,847,1190,564,150,193,283
0x643afa,97.5806%,342,13794,14136,13600,80,262,194
0x40d5e9,96.6085%,342,9742,10084,1356,196,146,8386
0x9ab3a3,76.6964%,340,1119,1459,574,170,170,545
0x8fdec6,98.9345%,340,31570,31910,718,244,96,30852
0xb2dfd3,77.9727%,339,1200,1539,1138,112,227,62
0x8e2aa6,97.0013%,336,10869,11205,5649,174,162,5220
0x8fdec1,99.025%,336,34126,34462,2341,211,125,31785
0x54f725,67.3209%,333,686,1019,247,192,141,439
0x8dedb4,91.1648%,333,3436,3769,209,200,133,3227
0x8f58b3,94.8813%,332,6154,6486,2431,181,151,3723
0x9abb1e,69.7632%,332,766,1098,251,156,176,515
0x90f260,81.9913%,331,1507,1838,1424,106,225,83
0x8bd4a6,99.5121%,330,67309,67639,2510,238,92,64799
0x5346cf,97.1347%,330,11187,11517,11132,70,260,55
0x5103dc,94.1932%,330,5353,5683,3590,186,144,1763
0x596d34,79.0476%,330,1245,1575,948,141,189,297
0x8f3f63,85.6269%,329,1960,2289,415,185,144,1545
0x542477,85.6269%,329,1960,2289,1251,134,195,709
0x8e3794,85.6894%,329,1970,2299,1350,171,158,620
0x8f4501,79.1083%,328,1242,1570,847,142,186,395
0x8350c7,92.9602%,327,4318,4645,4031,124,203,287
0x5017da,92.0205%,327,3771,4098,1115,152,175,2656
0x5bbcad,90.4511%,326,3088,3414,858,234,92,2230
0x402adb,92.4309%,326,3981,4307,3253,150,176,728
0x596d45,79.3016%,326,1249,1575,617,206,120,632
0x820a19,81.0465%,326,1394,1720,1102,125,201,292
0x53c760,97.5895%,326,13198,13524,12943,56,270,255
0x8ead32,85.9124%,325,1982,2307,306,194,131,1676
0xa3963c,84.7561%,325,1807,2132,392,211,114,1415
0x60dd2b,68.0747%,325,693,1018,135,185,140,558
0x5c6b31,90.9421%,324,3253,3577,1814,177,147,1439
0x90be26,99.3639%,324,50609,50933,49936,36,288,673
0x8fd3bf,90.0735%,324,2940,3264,552,205,119,2388
0x8e1b15,98.9226%,324,29749,30073,2128,152,172,27621
0x8e37aa,85.9069%,324,1975,2299,442,181,143,1533
0xb3aa28,97.1401%,323,10971,11294,6235,160,163,4736
0x5bd46b,97.0192%,321,10448,10769,7718,155,166,2730
0x9f199d,63.4286%,320,555,875,402,141,179,153
0x50c6d6,91.7928%,320,3579,3899,1290,189,131,2289
0x604c02,83.9599%,320,1675,1995,1574,166,154,101
0x5116d1,71.1971%,320,791,1111,519,150,170,272
0x8d9d1a,75.3668%,319,976,1295,367,180,139,609
0x58fd86,96.84%,319,9776,10095,1150,169,150,8626
0x90f282,89.4212%,318,2688,3006,2222,180,138,466
0xb4661c,99.3226%,317,46477,46794,35442,200,117,11035
0x8350fb,76.0393%,317,1006,1323,693,140,177,313
0x8e0bf5,99.2642%,317,42767,43084,20509,197,120,22258
0xb2fd46,83.9919%,316,1658,1974,1556,113,203,102
0xa33474,96.6372%,316,9081,9397,4562,186,130,4519
0x808db5,85.5239%,315,1861,2176,1065,163,152,796
0x7cc117,83.5079%,315,1595,1910,419,208,107,1176
0x40d436,87.931%,315,2295,2610,1951,140,175,344
0x5097eb,86.4166%,315,2004,2319,521,174,141,1483
0x90b936,84.8776%,315,1768,2083,946,176,139,822
0x596dbb,65%,315,585,900,201,177,138,384
0x534390,97.2736%,314,11203,11517,5640,99,215,5563
0x545681,70.1521%,314,738,1052,397,164,150,341
0x40d4fe,93.2717%,313,4339,4652,3559,164,149,780
0x8da5dc,81.3509%,312,1361,1673,694,165,147,667
0x541847,82.0998%,312,1431,1743,370,200,112,1061
0x8da6a5,92.5829%,311,3882,4193,2805,112,199,1077
0xa39c7d,79.7658%,311,1226,1537,278,171,140,948
0x8ec947,93.7538%,311,4668,4979,590,138,173,4078
0x8eac8f,96.6007%,311,8838,9149,3152,149,162,5686
0x555597,79.604%,309,1206,1515,49,248,61,1157
0xb2fd8b,77.2459%,309,1049,1358,158,161,148,891
0x8ed246,74.7755%,309,916,1225,163,192,117,753
0x81bdd6,77.3626%,309,1056,1365,185,220,89,871
0x8bc92d,97.5639%,309,12375,12684,7034,168,141,5341
0x9a9a1b,88.9447%,308,2478,2786,2092,148,160,386
0xb30298,95.2337%,307,6134,6441,4845,145,162,1289
0x8224ad,85.2404%,307,1773,2080,1192,130,177,581
0x510460,94.8429%,307,5646,5953,1165,160,147,4481
0x8e2ab3,94.333%,305,5077,5382,1548,131,174,3529
0x555e72,70.1273%,305,716,1021,474,135,170,242
0x8124e5,94.3954%,305,5137,5442,698,145,160,4439
0x8d9d39,76.4479%,305,990,1295,216,158,147,774
0x8bd1eb,97.0494%,303,9966,10269,3755,159,144,6211
0x510471,93.4529%,303,4325,4628,3307,132,171,1018
0x8fe262,99.0054%,303,30162,30465,153,184,119,30009
0xb14966,92.884%,303,3955,4258,3620,125,178,335
0x81ef30,75.1027%,303,914,1217,792,50,253,122
0x8be3aa,77.7696%,301,1053,1354,204,209,92,849
0x49eb47,79.2557%,301,1150,1451,1136,154,147,14
0xa3a447,75.1656%,300,908,1208,230,169,131,678
0x90ba07,82.3009%,300,1395,1695,1003,119,181,392
0x81f118,84.4398%,300,1628,1928,933,134,166,695
0x8fe3aa,98.0804%,299,15277,15576,8282,166,133,6995
0x81effe,89.1852%,296,2441,2737,1745,101,195,696
0x4a78c1,82.3459%,295,1376,1671,474,192,103,902
0x554e08,80.4247%,295,1212,1507,74,215,80,1138
0x8da615,82.4268%,294,1379,1673,111,213,81,1268
0x8eac7c,94.1888%,293,4749,5042,3687,130,163,1062
0x40e645,87.2387%,293,2003,2296,1673,124,169,330
0x90f23f,90.2528%,293,2713,3006,2573,125,168,140
0x8fedc6,90.068%,292,2648,2940,2162,138,154,486
0x90b99f,73.975%,292,830,1122,77,190,102,753
0x54573a,78.5767%,292,1071,1363,138,201,91,933
0x811718,93.3394%,292,4092,4384,401,217,75,3691
0x5389cb,95.0392%,291,5575,5866,4610,112,179,965
0x8f6905,71.7201%,291,738,1029,569,96,195,169
0x5be1b4,82.4455%,290,1362,1652,712,125,165,650
0x8059ef,78.7546%,290,1075,1365,82,197,93,993
0x8f5a98,73.7794%,290,816,1106,206,184,106,610
0x9694f6,87.8559%,290,2098,2388,164,159,131,1934
0xb4660c,99.3824%,289,46505,46794,45195,164,125,1310
0x5413f3,98.2897%,289,16609,16898,1795,190,99,14814
0x40f703,99.7448%,289,112964,113253,37561,190,99,75403
0xa309fc,84.6522%,289,1594,1883,1273,121,168,321
0x8a5dd0,65.1807%,289,541,830,398,118,171,143
0x643228,99.5628%,288,65584,65872,65516,90,198,68
0x501710,92.498%,288,3551,3839,3462,82,206,89
0x4885f3,89.644%,288,2493,2781,1848,138,150,645
0x951878,95.6324%,288,6306,6594,6155,98,190,151
0x8b9a03,98.0212%,287,14217,14504,13230,152,135,987
0x8f3f92,59.233%,287,417,704,177,141,146,240
0x8bd6b4,86.6945%,287,1870,2157,1792,90,197,78
0x8a5333,78.5928%,286,1050,1336,932,136,150,118
0x8d0bd6,97.0145%,285,9261,9546,4212,139,146,5049
0x509aaf,74.912%,285,851,1136,472,144,141,379
0x96c129,87.339%,285,1966,2251,1795,91,194,171
0x5075ed,89.283%,284,2366,2650,200,150,134,2166
0x59698a,70.1681%,284,668,952,482,117,167,186
0x8d23bc,94.0932%,284,4524,4808,451,164,120,4073
0x507703,76.5534%,283,924,1207,789,107,176,135
0x90f293,90.5855%,283,2723,3006,896,151,132,1827
0x8e0f78,90.1394%,283,2587,2870,296,154,129,2291
0x598f9c,95.4258%,282,5883,6165,123,167,115,5760
0xb09e0a,91.4829%,282,3029,3311,270,118,164,2759
0x53dba6,95.8339%,282,6487,6769,6309,93,189,178
0x977a78,68.1406%,281,601,882,406,160,121,195
0x8ead01,77.1429%,280,945,1225,180,175,105,765
0xa0288f,56.7442%,279,366,645,197,112,167,169
0x8bc7bd,98.8601%,279,24197,24476,22731,118,161,1466
0xaa4569,96.7372%,279,8272,8551,1368,153,126,6904
0x501621,91.9068%,278,3157,3435,1146,131,147,2011
0x49fef4,98.0138%,277,13669,13946,5047,153,124,8622
0x8b97c6,99.5144%,277,56768,57045,40634,92,185,16134
0xa17fc7,71.5897%,277,698,975,212,163,114,486
0x537fb4,97.0434%,277,9092,9369,7122,122,155,1970
0x511a8e,92.9717%,276,3651,3927,2330,120,156,1321
0x5bcacf,69.7036%,276,635,911,485,121,155,150
0x639bdd,65.5%,276,524,800,65,179,97,459
0x5d7f22,77.992%,274,971,1245,431,170,104,540
0x5bbadb,93.4855%,274,3932,4206,3785,64,210,147
0x502e9d,96.4988%,274,7552,7826,279,134,140,7273
0x81ef10,80.4861%,273,1126,1399,903,121,152,223
0x50d2b0,93.9881%,273,4268,4541,2632,118,155,1636
0x534e2a,96.4788%,273,7480,7753,4698,71,202,2782
0x5fd904,71.6961%,272,689,961,217,165,107,472
0x8e23ca,97.5725%,272,10933,11205,5305,149,123,5628
0x5469e0,85.4701%,272,1600,1872,84,150,122,1516
0x8b94ae,98.6745%,271,20174,20445,463,150,121,19711
0x54833b,98.0849%,271,13880,14151,1105,132,139,12775
0x5427cf,96.9475%,271,8607,8878,8241,58,213,366
0x8dda9b,67.3123%,270,556,826,289,125,145,267
0xb46633,99.423%,270,46524,46794,44481,129,141,2043
0x8a3497,45.122%,270,222,492,86,165,105,136
0x40d5ca,92.6261%,269,3379,3648,515,170,99,2864
0x403abe,92.9306%,268,3523,3791,2155,133,135,1368
0x8e50eb,93.6053%,268,3923,4191,2105,109,159,1818
0x817c26,85.7295%,268,1610,1878,1454,86,182,156
0xa023a7,85.5441%,267,1580,1847,1050,95,172,530
0x55606d,73.8492%,267,754,1021,720,61,206,34
0x8f4997,94.8085%,267,4876,5143,2457,181,86,2419
0x8fd3cf,89.3498%,267,2240,2507,1468,148,119,772
0x537bc6,92.0144%,266,3065,3331,62,200,66,3003
0x611734,78.6174%,266,978,1244,379,134,132,599
0x821479,92.3739%,266,3222,3488,1375,127,139,1847
0x6432b9,81.8741%,265,1197,1462,1154,95,170,43
0x901613,94.3521%,265,4427,4692,3701,124,141,726
0x5906ae,89.8155%,265,2337,2602,1305,138,127,1032
0x53e322,92.8725%,265,3453,3718,397,159,106,3056
0x8058db,87.7144%,265,1892,2157,984,126,139,908
0x63c766,72.4246%,265,696,961,292,134,131,404
0x817ed9,85.9425%,264,1614,1878,1012,76,188,602
0x81a695,98.0392%,263,13150,13413,191,184,79,12959
0x8d283b,91.0239%,263,2667,2930,1654,105,158,1013
0x81c659,86.2015%,263,1643,1906,606,133,130,1037
0x9aad68,80.3878%,263,1078,1341,439,109,154,639
0x81a61e,91.9572%,263,3007,3270,491,141,122,2516
0x98b33f,65.1656%,263,492,755,388,98,165,104
0x40deb6,97.6478%,263,10918,11181,404,119,144,10514
0x5102c5,76.7318%,262,864,1126,729,105,157,135
0x596eaf,91.5479%,261,2827,3088,800,146,115,2027
0xb0b160,59.7222%,261,387,648,204,139,122,183
0xa393a4,83.0849%,261,1282,1543,468,168,93,814
0xa17ffc,56.6667%,260,340,600,133,128,132,207
0x8e9f3c,89.5414%,260,2226,2486,2098,101,159,128
0x81d1de,97.3372%,260,9504,9764,9249,73,187,255
0x510029,90.5612%,259,2485,2744,508,135,124,1977
0xb2fdad,75.0722%,259,780,1039,312,109,150,468
0x8daabf,81.2908%,258,1121,1379,259,159,99,862
0x558f8b,79.7329%,258,1015,1273,393,116,142,622
0x558fe5,66.4062%,258,510,768,256,133,125,254
0x808bba,83.5045%,257,1301,1558,1154,74,183,147
0x5116b0,93.1155%,257,3476,3733,2172,79,178,1304
0x50d6be,78.8477%,257,958,1215,479,153,104,479
0x8227e2,95.6646%,257,5671,5928,5382,112,145,289
0x58f73a,81.844%,256,1154,1410,322,148,108,832
0xa45c73,78.843%,256,954,1210,175,169,87,779
0x58f6a9,81.844%,256,1154,1410,328,142,114,826
0x40d2b5,86.972%,256,1709,1965,1128,138,118,581
0xb2df2a,90.5848%,256,2463,2719,2261,109,147,202
0x8e88aa,92.3926%,255,3097,3352,2074,111,144,1023
0xb313b3,60.6481%,255,393,648,260,128,127,133
0x8f42f4,85.0851%,254,1449,1703,83,168,86,1366
0x548cf1,96.1192%,254,6291,6545,5943,75,179,348
0xb3aacb,95.6492%,254,5584,5838,2118,127,127,3466
0x627969,82.6236%,253,1203,1456,129,126,127,1074
0x909131,86.3759%,253,1604,1857,552,98,155,1052
0x8b9558,98.7622%,253,20187,20440,19489,99,154,698
0x8fc427,93.8416%,252,3840,4092,649,133,119,3191
0x97841e,67.6923%,252,528,780,375,103,149,153
0x901fda,94.6505%,251,4441,4692,3477,132,119,964
0x4bc4d5,85.4577%,251,1475,1726,372,150,101,1103
0x40ffc6,95.5441%,251,5382,5633,4330,128,123,1052
0x50c0a4,87.1873%,251,1708,1959,1234,109,142,474
0x8e2164,88.2765%,251,1890,2141,810,122,129,1080
0x81f33a,86.9813%,251,1677,1928,435,126,125,1242
0xad7dfa,92.7389%,250,3193,3443,2738,125,125,455
0x81e446,79.1493%,250,949,1199,252,139,111,697
0x8e267e,95.2607%,250,5025,5275,2547,134,116,2478
0x8d0bae,97.3811%,250,9296,9546,281,167,83,9015
0x8a554c,97.7289%,250,10758,11008,10754,28,222,4
0x596dcc,72.3333%,249,651,900,127,160,89,524
0x40f54b,99.3699%,249,39267,39516,1622,143,106,37645
0xa39eaa,82.863%,249,1204,1453,143,126,123,1061
0x8f57d3,97.2419%,249,8779,9028,3954,142,107,4825
0xb0bfe7,94.9677%,249,4699,4948,4698,16,233,1
0x811827,85.4203%,248,1453,1701,1052,88,160,401
0x554642,79.6388%,248,970,1218,77,181,67,893
0x8db656,79.107%,248,939,1187,863,72,176,76
0x8a935b,91.9481%,248,2832,3080,2628,89,159,204
0xb0adb9,54.512%,247,296,543,221,93,154,75
0x8076bc,93.5877%,247,3605,3852,3514,45,202,91
0x40f5e3,97.7383%,247,10674,10921,6745,126,121,3929
0x402020,79.3277%,246,944,1190,193,135,111,751
0x541870,85.8864%,246,1497,1743,446,124,122,1051
0x8da35c,83.2767%,246,1225,1471,333,140,106,892
0xb3014a,71.8391%,245,625,870,226,132,113,399
0x5412c2,96.8949%,244,7614,7858,5102,96,148,2512
0x40e02a,97.8173%,244,10935,11179,10867,98,146,68
0x609f7b,93.0512%,243,3254,3497,383,154,89,2871
0x8e4d71,85.9862%,243,1491,1734,1266,76,167,225
0x595daa,81.4275%,242,1061,1303,206,140,102,855
0x63eb67,76.5107%,241,785,1026,734,92,149,51
0x8f4952,95.0289%,241,4607,4848,2995,134,107,1612
0x8ed85d,74.4161%,241,701,942,391,97,144,310
0x8143b4,94.1886%,241,3906,4147,3661,78,163,245
0x8ed1e0,97.3658%,241,8908,9149,3210,91,150,5698
0x50ffed,83.7162%,241,1239,1480,412,102,139,827
0x81a716,96.3185%,240,6279,6519,392,162,78,5887
0x8ec95b,94.3543%,240,4011,4251,1260,148,92,2751
0x596f63,71.1191%,240,591,831,511,104,136,80
0x503168,96.9333%,240,7586,7826,3804,136,104,3782
0x552378,69.8992%,239,555,794,190,157,82,365
0x8d9c93,93.425%,239,3396,3635,1836,97,142,1560
0x538775,80.0168%,238,953,1191,172,144,94,781
0x512de6,94.3908%,238,4005,4243,3852,84,154,153
0x8d266e,97.1459%,238,8101,8339,1750,138,100,6351
0x49ff22,97.2788%,238,8508,8746,4077,96,142,4431
0x548cc9,88.715%,238,1871,2109,913,129,109,958
0xa5ec70,65.9026%,238,460,698,266,110,128,194
0x50d6ad,80.4115%,238,977,1215,937,100,138,40
0x81490c,80.6688%,237,989,1226,829,67,170,160
0x596c13,89.7713%,237,2080,2317,892,95,142,1188
0x40d033,98.3154%,237,13832,14069,1346,87,150,12486
0x805ec8,78.2768%,237,854,1091,505,105,132,349
0x60a726,86.2551%,236,1481,1717,321,118,118,1160
0xa307ab,80.4959%,236,974,1210,745,87,149,229
0x502c93,89.9617%,236,2115,2351,55,135,101,2060
0x8e9ba0,93.3912%,236,3335,3571,3301,36,200,34
0x47f272,77.9851%,236,836,1072,206,93,143,630
0x555eb7,78.2609%,235,846,1081,785,55,180,61
0x8f5d51,76.8928%,235,782,1017,146,123,112,636
0x53dc3b,98.6376%,235,17014,17249,169,198,37,16845
0xb2e7ec,79.6875%,234,918,1152,136,103,131,782
0x9ab7ff,70.8593%,234,569,803,487,86,148,82
0x8eac74,98.3167%,234,13667,13901,8759,100,134,4908
0xa25d04,91.4995%,233,2508,2741,900,113,120,1608
0x8e134f,88.1666%,233,1736,1969,198,147,86,1538
0x951d42,98.8431%,232,19821,20053,19291,125,107,530
0x8ff3ba,95.0816%,232,4485,4717,182,145,87,4303
0x40d379,90.7827%,232,2285,2517,1903,133,99,382
0x40d371,90.7827%,232,2285,2517,1350,113,119,935
0x8ffaf9,66.3755%,231,456,687,229,108,123,227
0x8100f5,96.7382%,231,6851,7082,3508,124,107,3343
0x503829,86.7129%,230,1501,1731,1426,99,131,75
0x543abd,82.9756%,230,1121,1351,1096,37,193,25
0x90cea1,84.1083%,229,1212,1441,537,62,167,675
0xb2fd61,68.4573%,229,497,726,430,95,134,67
0x816840,96.7751%,229,6872,7101,6849,26,203,23
0x5389f3,82.6778%,229,1093,1322,379,118,111,714
0x53450f,96.0367%,229,5549,5778,2741,141,88,2808
0x8a6f35,85.1876%,229,1317,1546,1064,76,153,253
0x8094b6,81.3518%,229,999,1228,819,79,150,180
0x5cb05a,92.8928%,228,2980,3208,2199,117,111,781
0x54f748,60.6897%,228,352,580,93,136,92,259
0x80fb2f,98.1827%,228,12318,12546,6329,109,119,5989
0x5118c7,95.7538%,227,5119,5346,2059,101,126,3060
0x404ee6,79.9115%,227,903,1130,296,136,91,607
0x8fe043,96.1473%,227,5665,5892,2815,52,175,2850
0x502213,83.5983%,227,1157,1384,96,127,100,1061
0x50c6e8,90.6612%,226,2194,2420,1269,130,96,925
0x813110,84.2509%,226,1209,1435,492,97,129,717
0x814146,98.3873%,226,13788,14014,2327,137,89,11461
0x51b3db,91.6697%,226,2487,2713,2189,100,126,298
0x543f7c,85.8218%,226,1368,1594,38,180,46,1330
0x91108b,69.7051%,226,520,746,400,98,128,120
0x81417f,92.1301%,225,2634,2859,1752,109,116,882
0x542de3,90.4377%,225,2128,2353,321,153,72,1807
0xa358a3,94.9889%,225,4265,4490,1065,150,75,3200
0x8a2975,60.2473%,225,341,566,288,134,91,53
0x54ff47,52.2293%,225,246,471,92,136,89,154
0x98cd52,94.0599%,224,3547,3771,1717,145,79,1830
0x639ba3,78.2651%,223,803,1026,736,90,133,67
0x9f03d7,82.2734%,223,1035,1258,246,137,86,789
0x4b5af1,93.1141%,222,3002,3224,1627,99,123,1375
0x8e0d96,99.487%,221,42863,43084,41140,85,136,1723
0x65a35e,94.8146%,221,4041,4262,2201,136,85,1840
0x814871,81.9739%,221,1005,1226,855,41,180,150
0x627f23,81.287%,221,960,1181,17,138,83,943
0xa3320e,91.6288%,221,2419,2640,453,119,102,1966
0x510e78,95.8561%,220,5089,5309,4776,112,108,313
0x540c9e,87.4715%,220,1536,1756,400,134,86,1136
0x91977b,81.0508%,220,941,1161,41,159,61,900
0x610d2c,72.896%,219,589,808,446,88,131,143
0x9007e3,94.1413%,219,3519,3738,472,107,112,3047
0x90dbb3,99.572%,218,50715,50933,49955,17,201,760
0x503984,87.4061%,218,1513,1731,243,127,91,1270
0xa3349f,97.3958%,218,8153,8371,2097,121,97,6056
0xb7dbd5,92.3723%,218,2640,2858,1744,109,109,896
0x596e2a,91.1919%,218,2257,2475,1364,103,115,893
0xad7e4c,62.4138%,218,362,580,167,125,93,195
0x8edda7,64.3678%,217,392,609,329,91,126,63
0x51020e,83.4098%,217,1091,1308,247,137,80,844
0xa45ca6,74.9423%,217,649,866,601,61,156,48
0x53870a,77.5362%,217,749,966,204,122,95,545
0x8a5b13,86.1519%,217,1350,1567,49,169,48,1301
0x8e91bb,84.6317%,217,1195,1412,313,139,78,882
0x80a517,87.2428%,217,1484,1701,1081,59,158,403
0x5026fa,72.7617%,216,577,793,344,98,118,233
0x5345c0,96.2363%,216,5523,5739,2836,119,97,2687
0x51c82f,98.1715%,216,11597,11813,11534,32,184,63
0x511632,95.0719%,216,4167,4383,203,132,84,3964
0x53f5b3,74.6776%,216,637,853,369,121,95,268
0x8ec3a3,74.0024%,215,612,827,420,83,132,192
0x50c3f6,65.0974%,215,401,616,252,103,112,149
0x63f47a,84.409%,215,1164,1379,1152,27,188,12
0x809f67,87.3604%,215,1486,1701,1077,63,152,409
0x8d9caa,88.8774%,215,1718,1933,1276,77,138,442
0x510514,90.2847%,215,1998,2213,862,103,112,1136
0xb46738,97.1413%,214,7272,7486,6741,112,102,531
0x8fbf05,89.9389%,214,1913,2127,201,123,91,1712
0x4894d5,90.9743%,214,2157,2371,643,135,79,1514
0x8fc463,93.5347%,214,3096,3310,479,74,140,2617
0x50980b,81.162%,214,922,1136,77,118,96,845
0x53c610,86.975%,214,1429,1643,542,114,100,887
0x596fdb,78.141%,214,765,979,262,112,102,503
0x64b465,94.7433%,214,3857,4071,3649,119,95,208
0x405299,96.1676%,214,5370,5584,4589,119,95,781
0x8fd3dc,86.7574%,214,1402,1616,867,109,105,535
0x5122f7,93.5503%,214,3104,3318,1108,135,79,1996
0x8ec2d9,86.3607%,214,1355,1569,332,138,76,1023
0x5481cf,98.0144%,213,10514,10727,3754,104,109,6760
0x8125ae,74.7331%,213,630,843,168,114,99,462
0x908284,93.4361%,213,3032,3245,977,120,93,2055
0x9a7c63,76.4901%,213,693,906,222,133,80,471
0xa3a3c7,80.6922%,212,886,1098,245,135,77,641
0xb2e791,82.9701%,211,1028,1239,863,95,116,165
0xa3a462,73.9184%,211,598,809,333,111,100,265
0x49f978,83.567%,211,1073,1284,1001,73,138,72
0x40ff93,96.0204%,211,5091,5302,1732,71,140,3359
0x402bdf,88.6437%,211,1647,1858,937,62,149,710
0x5101ec,83.8213%,210,1088,1298,587,141,69,501
0xa51332,72.332%,210,549,759,241,103,107,308
0xa2719c,93.8889%,209,3211,3420,274,104,105,2937
0x90144d,96.0266%,209,5051,5260,265,113,96,4786
0x609fb6,92.9392%,209,2751,2960,428,118,91,2323
0x640731,81.9983%,209,952,1161,923,38,171,29
0x8ed060,90.1047%,208,1894,2102,1887,43,165,7
0xa024e4,92.8473%,208,2700,2908,987,158,50,1713
0x40e289,88.3146%,208,1572,1780,554,136,72,1018
0xb3028e,89.7081%,208,1813,2021,1771,101,107,42
0x49caf1,65.7895%,208,400,608,300,92,116,100
0x8ec3c7,77.8723%,208,732,940,372,98,110,360
0x48aef4,69.4118%,208,472,680,386,79,129,86
0x807865,83.9286%,207,1081,1288,953,83,124,128
0x63f39a,84.9891%,207,1172,1379,1157,22,185,15
0x8d2648,94.1509%,207,3332,3539,1691,100,107,1641
0x54f7fe,83.8407%,207,1074,1281,1029,70,137,45
0x643b54,74.4444%,207,603,810,533,84,123,70
0x58fdf5,94.983%,207,3919,4126,3525,94,113,394
0x40df9a,98.6033%,207,14614,14821,14595,91,116,19
0x55617f,76.0743%,206,655,861,572,49,157,83
0x821680,98.8281%,206,17373,17579,2204,120,86,15169
0x8a968c,93.3117%,206,2874,3080,1466,144,62,1408
0x8e4bfe,88.2621%,206,1549,1755,1071,79,127,478
0xaade6c,98.7132%,206,15803,16009,8841,103,103,6962
0xa303fb,74.0227%,206,587,793,402,95,111,185
0x53ab80,81.3575%,206,899,1105,832,79,127,67
0x8dae36,83.2516%,205,1019,1224,192,144,61,827
0x8bd700,93.385%,205,2894,3099,2556,52,153,338
0x8c9405,64.4097%,205,371,576,107,110,95,264
0x814345,86.9177%,205,1362,1567,162,136,69,1200
0x51193e,98.1844%,204,11032,11236,10983,41,163,49
0x64b0f8,99.5196%,204,42264,42468,21322,132,72,20942
0x80b28e,82.1053%,204,936,1140,851,55,149,85
0xb3012a,76.3341%,204,658,862,258,92,112,400
0x5c6b8e,94.2422%,204,3339,3543,2041,107,97,1298
0x81f1f6,89.4191%,204,1724,1928,557,104,100,1167
0x722850,84.4206%,203,1100,1303,235,110,93,865
0xa45a30,71.0826%,203,499,702,383,83,120,116
0x818a71,98.1799%,203,10950,11153,140,155,48,10810
0x9abe30,95.7173%,203,4537,4740,4513,47,156,24
0x640621,82.5151%,203,958,1161,914,47,156,44
0x8da527,87.8661%,203,1470,1673,431,100,103,1039
0x8ead64,92.8446%,203,2634,2837,1369,114,89,1265
0x8a87ef,75.601%,203,629,832,189,142,61,440
0x4bc3f6,89.2763%,203,1690,1893,826,113,90,864
0x8da63d,90.5075%,202,1926,2128,1667,93,109,259
0xb2fdf4,73.6292%,202,564,766,159,82,120,405
0x48af20,73.245%,202,553,755,95,120,82,458
0x805f8e,81.4849%,202,889,1091,92,128,74,797
0x8e4a58,95.1801%,202,3989,4191,237,109,93,3752
0xa2fb30,77.7288%,202,705,907,449,92,110,256
0x510497,93.057%,201,2694,2895,889,126,75,1805
0x819d43,85.1111%,201,1149,1350,452,91,110,697
0x4ca10f,85.1551%,201,1153,1354,1086,56,145,67
0x8fe295,85.6017%,201,1195,1396,388,91,110,807
0x40f8ca,99.3963%,200,32930,33130,459,101,99,32471
0x8bccdd,97.5725%,200,8039,8239,5737,97,103,2302
0x50181f,93.8405%,200,3047,3247,2176,76,124,871
0x8dedff,90.22%,200,1845,2045,1690,67,133,155
0x81d19a,82.9331%,199,967,1166,495,113,86,472
0x8080fe,82.5439%,199,941,1140,846,60,139,95
0x507cc6,77.2831%,199,677,876,633,71,128,44
0x8e2ac2,94.626%,199,3504,3703,2235,105,94,1269
0x811c36,72.8142%,199,533,732,369,103,96,164
0x40f386,96.914%,198,6218,6416,3011,99,99,3207
0x8a938a,89.3261%,198,1657,1855,847,112,86,810
0x48e9e1,76.1158%,198,631,829,377,88,110,254
0x4c4a6b,96.1131%,198,4896,5094,1708,131,67,3188
0x81f703,87.7716%,197,1414,1611,531,102,95,883
0x4c4334,91.3899%,197,2091,2288,85,126,71,2006
0x90ef19,93.0092%,197,2621,2818,831,130,67,1790
0x8da5b1,82.7496%,197,945,1142,80,132,65,865
0xa32ed8,85.0076%,197,1117,1314,995,109,88,122
0x537faf,97.9547%,197,9435,9632,133,130,67,9302
0x539da0,82.1719%,197,908,1105,839,72,125,69
0xaab161,97.2858%,197,7061,7258,780,92,105,6281
0x542cd4,95.4388%,197,4122,4319,3008,71,126,1114
0x53a1f0,82.2624%,196,909,1105,843,68,128,66
0x8a719d,87.9459%,196,1430,1626,135,145,51,1295
0x81e8cf,79.6258%,196,766,962,113,117,79,653
0x596ff2,71.6353%,196,495,691,124,98,98,371
0x643819,82.1005%,196,899,1095,887,49,147,12
0xb0cc23,96.9994%,196,6336,6532,2883,121,75,3453
0x511d6f,93.1193%,195,2639,2834,675,75,120,1964
0xa3a233,70.6767%,195,470,665,345,104,91,125
0x50d2b9,89.1681%,194,1597,1791,1223,108,86,374
0x59063b,94.6645%,194,3442,3636,272,136,58,3170
0x9f0b15,79.8337%,194,768,962,53,131,63,715
0x53af10,82.4434%,194,911,1105,852,59,135,59
0x53efa0,95.1158%,194,3778,3972,3753,41,153,25
0xada7a3,97.2134%,194,6768,6962,5888,105,89,880
0x4899e3,80.1839%,194,785,979,339,71,123,446
0x406c4e,90.1872%,194,1783,1977,1590,65,129,193
0x668103,91.5061%,194,2090,2284,1679,65,129,411
0x81a67a,92.1385%,193,2262,2455,50,145,48,2212
0xa454b8,71.9884%,193,496,689,171,86,107,325
0x8ba35c,97.9973%,193,9444,9637,170,136,57,9274
0x48ea91,67.0085%,193,392,585,265,73,120,127
0xa397ac,74.9025%,193,576,769,172,121,72,404
0x40d152,98.9809%,193,18746,18939,11034,93,100,7712
0x805a4e,80%,192,768,960,160,110,82,608
0x60b13f,97.5255%,192,7567,7759,347,132,60,7220
0x60424f,71.8887%,192,491,683,128,91,101,363
0xb0d4e9,78.5714%,192,704,896,577,57,135,127
0x8f5786,97.8733%,192,8836,9028,7909,58,134,927
0xb2fdf6,63.619%,191,334,525,236,135,56,98
0x60a8db,80.9191%,191,810,1001,86,125,66,724
0x8eb9bd,91.3043%,190,1995,2185,1591,107,83,404
0x8fbf19,89.462%,190,1613,1803,287,128,62,1326
0x81a892,75.0329%,190,571,761,101,137,53,470
0x643049,88.9535%,190,1530,1720,1338,38,152,192
0x545786,92.8598%,190,2471,2661,1977,89,101,494
0x410174,96.9937%,190,6130,6320,571,113,77,5559
0x9f4953,68.1818%,189,405,594,140,107,82,265
0x944224,78.0233%,189,671,860,391,85,104,280
0x8ebded,84.7087%,189,1047,1236,118,142,47,929
0x49c75f,73.9669%,189,537,726,354,87,102,183
0xa911e7,73.0769%,189,513,702,151,106,83,362
0x55239b,57.9418%,188,259,447,106,105,83,153
0x610db2,95.9343%,188,4436,4624,29,127,61,4407
0x446512,95.697%,188,4181,4369,2266,106,82,1915
0x90a06a,79.4984%,188,729,917,701,67,121,28
0x81ed4e,88.2427%,188,1411,1599,1339,55,133,72
0x4051da,97.4204%,188,7100,7288,7086,70,118,14
0x9f78c5,76.8187%,188,623,811,18,153,35,605
0x8eb9df,95.4875%,187,3957,4144,1211,92,95,2746
0x48cf64,78.481%,187,682,869,60,141,46,622
0x8da201,96.8348%,187,5721,5908,5457,56,131,264
0x4894e6,88.2611%,187,1406,1593,614,105,82,792
0xa919dc,73.3618%,187,515,702,136,121,66,379
0x545570,85.0242%,186,1056,1242,920,41,145,136
0x9ed654,80.2966%,186,758,944,104,115,71,654
0x90d43b,79.3563%,186,715,901,496,103,83,219
0x4894ab,91.3125%,186,1955,2141,1395,102,84,560
0x60e330,78.3217%,186,672,858,240,92,94,432
0x40d197,99.6967%,186,61134,61320,85,29,157,61049
0xa33040,94.0613%,186,2946,3132,2860,30,156,86
0xa8ee1a,88.589%,186,1444,1630,1098,87,99,346
0x8de15a,92.3205%,185,2224,2409,1083,83,102,1141
0x8da6f1,95.1609%,185,3638,3823,1113,96,89,2525
0x8c8ff8,79.5806%,185,721,906,319,99,86,402
0x5545ac,90.9046%,185,1849,2034,160,127,58,1689
0x8145d6,94.226%,185,3019,3204,2595,75,110,424
0x4fdc27,65.1601%,185,346,531,54,110,75,292
0xa5658b,80.8489%,185,781,966,613,82,103,168
0x5f8524,78.2249%,184,661,845,392,90,94,269
0x8b9760,99.0998%,184,20256,20440,4010,111,73,16246
0x8a71a2,86.3299%,184,1162,1346,146,127,57,1016
0x810100,94.6667%,184,3266,3450,2617,77,107,649
0x81c682,84.2331%,184,983,1167,862,79,105,121
0x4872e4,83.9161%,184,960,1144,371,87,97,589
0xa26458,93.1548%,184,2504,2688,941,72,112,1563
0x81ee6d,90.0325%,184,1662,1846,885,70,114,777
0x40d2c9,87.3444%,183,1263,1446,441,93,90,822
0x64b597,99.1583%,183,21560,21743,4834,87,96,16726
0x81efb7,87.058%,183,1231,1414,790,101,82,441
0x40ddc6,97.8065%,183,8160,8343,3503,120,63,4657
0x8d9aef,95.7183%,183,4091,4274,1298,82,101,2793
0x512acf,83.7209%,182,936,1118,664,70,112,272
0x60a916,76.962%,182,608,790,119,93,89,489
0x8e48cc,82.8786%,182,881,1063,741,62,120,140
0x8e2d3b,95.0851%,182,3521,3703,3324,68,114,197
0x63c85b,81.0614%,182,779,961,495,83,99,284
0xa34b30,95.5364%,181,3874,4055,3853,51,130,21
0x65b99d,96.0446%,181,4395,4576,4083,71,110,312
0x8eebd8,70.4433%,180,429,609,129,101,79,300
0x8e9a4d,85.4369%,180,1056,1236,917,52,128,139
0x53de24,96.0552%,180,4383,4563,3964,73,107,419
0x8feea4,71.6535%,180,455,635,130,97,83,325
0x81dda7,94.5669%,180,3133,3313,2675,105,75,458
0x54f5d8,75.7412%,180,562,742,508,69,111,54
0x4c4af3,96.4664%,180,4914,5094,2502,104,76,2412
0x8fd445,92.7565%,180,2305,2485,1187,105,75,1118
0x63c7a4,76.4398%,180,584,764,142,87,93,442
0xa5f747,85.1082%,179,1023,1202,231,121,58,792
0x8ffc4a,93.9609%,179,2785,2964,1399,73,106,1386
0x8f5676,96.4243%,179,4827,5006,2255,111,68,2572
0x63d72b,81.3736%,179,782,961,741,79,100,41
0x4c9f39,79.9102%,179,712,891,668,31,148,44
0x81ee27,87.3409%,179,1235,1414,782,109,70,453
0xa3a12f,79.7957%,178,703,881,59,98,80,644
0x54ff98,60.793%,178,276,454,121,90,88,155
0x4c436f,93.0847%,178,2396,2574,1533,91,87,863
0x509b6e,90.5117%,178,1698,1876,398,90,88,1300
0x5341be,96.8003%,178,5385,5563,5366,62,116,19
0x8ed6d9,83.6096%,178,908,1086,31,113,65,877
0x98ccb0,90.4941%,177,1685,1862,158,74,103,1527
0xa54c54,89.3245%,177,1481,1658,487,103,74,994
0x53c73f,88.3553%,177,1343,1520,911,84,93,432
0x58b718,91.5352%,177,1914,2091,665,85,92,1249
0x8a5b1e,86.8792%,177,1172,1349,286,128,49,886
0x8f297f,75%,177,531,708,71,84,93,460
0x9ef0fd,82.0669%,177,810,987,121,121,56,689
0x8a8e7a,90.6083%,176,1698,1874,15,125,51,1683
0x9ab2ec,80.786%,176,740,916,430,66,110,310
0x8d2898,94.0278%,176,2771,2947,1498,73,103,1273
0xa2fd8d,80.9111%,176,746,922,626,72,104,120
0xa3a3e2,75.4875%,176,542,718,205,109,67,337
0xa553f1,94.5946%,176,3080,3256,3072,41,135,8
0x8a87cc,87.3835%,176,1219,1395,343,115,61,876
0x815007,79.3632%,175,673,848,243,87,88,430
0x627afa,84.8877%,175,983,1158,978,61,114,5
0x48b400,96.5395%,175,4882,5057,4801,43,132,81
0x8e8d7e,85.8414%,175,1061,1236,928,41,134,133
0xaaaf75,84.1486%,175,929,1104,173,105,70,756
0x59704c,87.2912%,175,1202,1377,348,120,55,854
0x49e97c,93.9236%,175,2705,2880,2607,112,63,98
0x803b08,93.4359%,175,2491,2666,182,101,74,2309
0x511612,92.8601%,175,2276,2451,545,76,99,1731
0x53515b,97.6679%,175,7329,7504,66,122,53,7263
0x82131c,95.5797%,175,3784,3959,278,97,78,3506
0x808e87,94.7795%,174,3159,3333,902,76,98,2257
0x4a1d73,85.2667%,174,1007,1181,978,48,126,29
0x809357,79.4811%,174,674,848,248,82,92,426
0x48dd8e,97.561%,174,6960,7134,6870,66,108,90
0xa30a5f,89.6919%,174,1514,1688,397,80,94,1117
0x63ab75,78.8063%,174,647,821,376,67,107,271
0x5f850b,63.6743%,174,305,479,248,85,89,57
0x8e487d,92.4315%,174,2125,2299,550,73,101,1575
0xb2fbc4,80.339%,174,711,885,87,82,92,624
0x512e4c,95.9059%,174,4076,4250,713,103,71,3363
0x9ab380,85.0644%,174,991,1165,441,102,72,550
0x90ec45,83.1384%,173,853,1026,758,68,105,95
0x9ab3b8,76.6846%,173,569,742,369,98,75,200
0x5fe2e5,83.1055%,173,851,1024,279,97,76,572
0x809142,79.4781%,173,670,843,427,86,87,243
0x81c562,66.1448%,173,338,511,232,76,97,106
0x639be6,89.8534%,173,1532,1705,56,92,81,1476
0x81e33b,87.9804%,172,1259,1431,652,73,99,607
0x9f1d23,55.0914%,172,211,383,137,84,88,74
0xb327c4,94.2914%,172,2841,3013,1278,77,95,1563
0x9f09d8,82.8685%,172,832,1004,801,63,109,31
0xa5654f,66.6667%,172,344,516,175,80,92,169
0x54f8a8,91.6261%,172,1882,2054,1861,77,95,21
0x54ecea,95.1081%,172,3344,3516,3331,43,129,13
0x9e26e0,73.7405%,172,483,655,281,80,92,202
0x8130d7,87.5272%,172,1207,1379,243,116,56,964
0xa35f0b,80.5017%,171,706,877,269,78,93,437
0x5fda33,98.2047%,171,9354,9525,6028,57,114,3326
0x53c777,88.75%,171,1349,1520,604,79,92,745
0x8d0b9b,95.4654%,171,3600,3771,2802,82,89,798
0x91126d,89.6426%,171,1480,1651,1148,60,111,332
0xa0278c,88.9961%,171,1383,1554,20,110,61,1363
0x9faf7f,70.4152%,171,407,578,90,97,74,317
0x638d1d,85.7973%,171,1033,1204,948,77,94,85
0xa54e11,94.7949%,170,3096,3266,3091,32,138,5
0x403e87,96.8524%,170,5231,5401,2190,91,79,3041
0x60a7ea,89.881%,170,1510,1680,1171,87,83,339
0x8ed293,94.0078%,170,2667,2837,1383,100,70,1284
0x81e4ae,78.9604%,170,638,808,197,90,80,441
0x8b997e,99.3713%,170,26871,27041,26301,87,83,570
0x808ea0,94.8995%,170,3163,3333,3110,27,143,53
0xa39cdc,83.2842%,170,847,1017,104,78,92,743
0x7d0ee9,81.6504%,169,752,921,423,93,76,329
0x4a1c82,88.8522%,169,1347,1516,11,109,60,1336
0x8fe577,96.8646%,169,5221,5390,4897,76,93,324
0x8fe9dc,94.9612%,169,3185,3354,1887,74,95,1298
0x81343f,90.0709%,168,1524,1692,439,111,57,1085
0x510f65,94.0928%,168,2676,2844,288,94,74,2388
0x813667,80.1887%,168,680,848,241,89,79,439
0x81a62e,93.6315%,168,2470,2638,1548,97,71,922
0x5f8560,92.1459%,168,1971,2139,1848,55,113,123
0x640318,94.0383%,168,2650,2818,2292,93,75,358
0x40d46e,91.3157%,167,1756,1923,253,88,79,1503
0xa331e3,91.0647%,167,1702,1869,927,102,65,775
0x41015f,98.5438%,167,11301,11468,615,115,52,10686
0x805047,80.3066%,167,681,848,245,85,82,436
0x609edf,97.9661%,167,8044,8211,2449,60,107,5595
0xb313a0,82.7657%,167,802,969,235,86,81,567
0xb0cc86,97.7426%,167,7231,7398,7178,48,119,53
0x90e24b,78.1127%,167,596,763,526,77,90,70
0x4021ab,96.9214%,166,5226,5392,3318,98,68,1908
0xa5839c,61.0329%,166,260,426,107,93,73,153
0x5104af,83.2323%,166,824,990,691,85,81,133
0x4c9e3c,87.74%,166,1188,1354,300,113,53,888
0x80b9c7,80.4245%,166,682,848,229,101,65,453
0xa4bbeb,72.7422%,166,443,609,74,102,64,369
0x50221e,85.702%,166,995,1161,269,99,67,726
0x8d2342,83.4%,166,834,1000,198,114,52,636
0x58f7c1,96.9082%,166,5203,5369,649,62,104,4554
0x8fe26b,99.4523%,165,29963,30128,28198,91,74,1765
0xa35ca8,83.871%,165,858,1023,75,112,53,783
0x8eb7ee,94.2085%,165,2684,2849,346,141,24,2338
0x8fe286,90.2712%,165,1531,1696,978,82,83,553
0x4bb335,96.0298%,165,3991,4156,3664,61,104,327
0x51b8bb,97.0195%,165,5371,5536,180,86,79,5191
0x8da6eb,90.7658%,164,1612,1776,779,91,73,833
0x8a54be,86.7421%,164,1073,1237,1055,68,96,18
0x619190,90.2512%,163,1509,1672,434,90,73,1075
0xb0c053,95.4123%,163,3390,3553,3315,46,117,75
0x40d1fe,98.5098%,163,10775,10938,10775,63,100,0
0x54270e,98.4065%,163,10066,10229,10010,26,137,56
0xa33383,92.962%,163,2153,2316,1187,93,70,966
0xa515d9,68.0392%,163,347,510,272,76,87,75
0x8d9c9b,90.423%,163,1539,1702,119,112,51,1420
0x833f56,80.3851%,163,668,831,250,86,77,418
0xa0260b,89.0751%,163,1329,1492,1247,68,95,82
0x9ab7d9,87.9349%,163,1188,1351,432,116,47,756
0x805157,80.7783%,163,685,848,254,76,87,431
0x40e0c4,98.5511%,162,11019,11181,861,83,79,10158
0x5469bb,91.6667%,162,1782,1944,84,84,78,1698
0x5104a7,91.383%,162,1718,1880,817,73,89,901
0x8ddcf8,80.3874%,162,664,826,22,63,99,642
0xa26042,84.0079%,162,851,1013,402,74,88,449
0x911029,62.844%,162,274,436,119,69,93,155
0x8f4880,90.5759%,162,1557,1719,229,107,55,1328
0xa17f37,84.1332%,162,859,1021,459,87,75,400
0x8a970b,97.6426%,162,6710,6872,5400,40,122,1310
0x80aa58,67.8%,161,339,500,224,84,77,115
0x554e17,86.7816%,161,1057,1218,1004,72,89,53
0x8e0a85,93.8172%,161,2443,2604,732,78,83,1711
0x5c6af3,95.8463%,160,3692,3852,208,56,104,3484
0x64857a,94.6092%,160,2808,2968,2003,69,91,805
0x8b9700,99.217%,160,20274,20434,17672,34,126,2602
0x808b9b,81.0202%,160,683,843,448,65,95,235
0x9e0162,85.1024%,160,914,1074,812,82,78,102
0x48b2d5,72.8353%,160,429,589,131,94,66,298
0x8a5d63,88.1394%,160,1189,1349,314,100,60,875
0x9f3267,68.254%,160,344,504,63,92,68,281
0x8eb9b4,97.3797%,159,5909,6068,3822,61,98,2087
0x8eedd1,82.1549%,159,732,891,711,49,110,21
0x41027a,97.4087%,159,5977,6136,5914,57,102,63
0x8a7607,81.9318%,159,721,880,691,43,116,30
0x9f0ae3,81.4901%,159,700,859,84,118,41,616
0x5097f5,90.2094%,159,1465,1624,411,77,82,1054
0x90cf04,73.6227%,158,441,599,26,124,34,415
0x8157df,94.9665%,158,2981,3139,608,82,76,2373
0x812625,96.2028%,158,4003,4161,525,84,74,3478
0xa3535a,91.693%,158,1744,1902,913,70,88,831
0xa395bf,86.2728%,158,993,1151,327,100,58,666
0x80780a,92.2889%,158,1891,2049,113,96,62,1778
0xa39646,89.7319%,157,1372,1529,1179,57,100,193
0x590487,80.375%,157,643,800,293,77,80,350
0x5fd603,91.3878%,157,1666,1823,186,102,55,1480
0x8189be,95.1988%,157,3113,3270,557,75,82,2556
0x8189cf,94.0485%,157,2481,2638,1550,95,62,931
0xa56100,92.765%,157,2013,2170,1988,41,116,25
0x58f826,97.619%,157,6437,6594,5695,71,86,742
0x81e33f,90.6269%,157,1518,1675,435,78,79,1083
0x49c750,86.7234%,156,1019,1175,364,85,71,655
0x64b4cc,99.283%,156,21602,21758,19345,60,96,2257
0x4b580e,70%,156,364,520,149,78,78,215
0x8a5dab,88.4359%,156,1193,1349,316,98,58,877
0x816c8e,87.3684%,156,1079,1235,129,94,62,950
0x5df214,89.9485%,156,1396,1552,1383,58,98,13
0xb2dea9,80.597%,156,648,804,0,0,156,648
0x53f5c8,92.8011%,156,2011,2167,148,73,83,1863
0x81c197,89.7973%,156,1373,1529,292,71,85,1081
0x8bcf38,96.0336%,156,3777,3933,214,103,53,3563
0x8dadad,83.7669%,156,805,961,239,86,70,566
0x81f755,83.3866%,156,783,939,112,102,54,671
0x60456c,55.9322%,156,198,354,73,104,52,125
0x5103d7,97.3795%,156,5797,5953,155,115,41,5642
0x5122c1,92.4601%,156,1913,2069,29,88,68,1884
0x81315d,90.8392%,155,1537,1692,766,80,75,771
0x503991,96.4384%,155,4197,4352,4159,57,98,38
0x8fd641,93.1748%,155,2116,2271,1091,63,92,1025
0x558080,83.871%,155,806,961,243,60,95,563
0x804f87,81.7217%,155,693,848,252,78,77,441
0x780218,98.9064%,155,14019,14174,13954,64,91,65
0x402ae9,96.033%,154,3728,3882,3677,72,82,51
0x596cf1,88.5246%,154,1188,1342,297,107,47,891
0xa52870,92.8135%,153,1976,2129,1839,51,102,137
0x8141ca,93.7906%,153,2311,2464,53,99,54,2258
0x8e489b,93.3449%,153,2146,2299,1064,87,66,1082
0x40e4a5,91.4045%,153,1627,1780,242,73,80,1385
0x8e2042,89.697%,153,1332,1485,1129,66,87,203
0x5fd644,96.2016%,153,3875,4028,437,95,58,3438
0x917923,77.5%,153,527,680,501,37,116,26
0xa903c3,75.3247%,152,464,616,317,50,102,147
0x40d5d0,94.8701%,152,2811,2963,1721,70,82,1090
0x8e2607,92.0627%,152,1763,1915,819,98,54,944
0x641092,88.9775%,152,1227,1379,905,56,96,322
0x59bb9c,92.9499%,152,2004,2156,2004,152,0,0
0xa4503d,74.876%,152,453,605,86,86,66,367
0x51173e,89.7436%,152,1330,1482,346,71,81,984
0x8f5626,96.9636%,152,4854,5006,4380,49,103,474
0x8ead7b,89.7505%,152,1331,1483,823,78,74,508
0x638ee5,72.2121%,152,395,547,131,78,74,264
0x6041c5,99.3186%,152,22155,22307,6,55,97,22149
0xa01874,80.3385%,151,617,768,144,108,43,473
0x8e424a,93.4319%,151,2148,2299,541,82,69,1607
0x8a8b27,87.4376%,151,1051,1202,873,64,87,178
0x816bcf,96.8036%,151,4573,4724,3428,61,90,1145
0x8d9aea,92.0359%,151,1745,1896,793,92,59,952
0x5fe634,76.6975%,151,497,648,102,94,57,395
0x489a12,73.4622%,151,418,569,73,100,51,345
0x81e637,81.3119%,151,657,808,193,94,57,464
0x510f8d,94.6906%,151,2693,2844,291,91,60,2402
0x8a6209,83.3883%,151,758,909,331,98,53,427
0x410245,97.5459%,151,6002,6153,181,69,82,5821
0x511b50,94.6718%,151,2683,2834,2373,77,74,310
0x811652,71.374%,150,374,524,229,65,85,145
0x48a02b,97.6221%,150,6158,6308,24,44,106,6134
0x60a7d3,91.4384%,150,1602,1752,1492,75,75,110
0xa56605,78.7234%,150,555,705,266,89,61,289
0x8bd5b5,95.8299%,150,3447,3597,1756,91,59,1691
0x8e2b2b,93.8675%,150,2296,2446,1204,102,48,1092
0x4041b9,80.0532%,150,602,752,157,78,72,445
0x627849,93.6494%,150,2212,2362,177,78,72,2035
0x546a8d,80.8483%,149,629,778,591,45,104,38
0x50b754,86.8491%,149,984,1133,477,99,50,507
0x50138b,90.7568%,149,1463,1612,1153,50,99,310
0x81d5f0,98.1946%,149,8104,8253,7879,56,93,225
0x4bc0ae,88.4853%,149,1145,1294,942,68,81,203
0x9ea400,88.0513%,149,1098,1247,1016,50,99,82
0x54276b,98.3574%,149,8922,9071,8848,30,119,74
0xa44d84,75.6979%,148,461,609,76,100,48,385
0x509964,96.5922%,148,4195,4343,2199,91,57,1996
0x5411a5,98.7587%,148,11775,11923,9763,87,61,2012
0x64aefe,99.3526%,148,22712,22860,1017,63,85,21695
0x8e26d6,92.6841%,148,1875,2023,522,71,77,1353
0xa4bbff,65.8199%,148,285,433,182,69,79,103
0xa9214b,87.6678%,147,1045,1192,582,81,66,463
0x501948,79%,147,553,700,199,75,72,354
0x4a2604,81.1054%,147,631,778,223,83,64,408
0x64af3c,99.424%,147,25372,25519,19748,63,84,5624
0x60dd66,78.9398%,147,551,698,92,80,67,459
0x535195,98.041%,147,7357,7504,7347,57,90,10
0x4bc0a5,90.1408%,147,1344,1491,134,63,84,1210
0x809e11,73.7968%,147,414,561,361,49,98,53
0x80cb01,91.0703%,146,1489,1635,8,133,13,1481
0x835056,84.5992%,146,802,948,189,102,44,613
0xad7e47,95.7595%,146,3297,3443,2799,64,82,498
0xa465dc,68.9362%,146,324,470,270,58,88,54
0x8171dd,66.6667%,145,290,435,222,53,92,68
0x604765,66.2005%,145,284,429,99,89,56,185
0x8ead6c,89.291%,145,1209,1354,33,96,49,1176
0xa333aa,88.6719%,145,1135,1280,520,56,89,615
0x9f16e3,83.2176%,145,719,864,697,72,73,22
0x40f542,99.6356%,145,39643,39788,220,52,93,39423
0x81017e,91.2756%,145,1517,1662,733,69,76,784
0x781eb5,99.2384%,145,18893,19038,2753,41,104,16140
0xa39e17,85.5721%,145,860,1005,175,89,56,685
0x5023a6,92.8075%,145,1871,2016,1861,29,116,10
0xa2d9df,76.0331%,145,460,605,78,94,51,382
0x40e140,91.3122%,145,1524,1669,127,77,68,1397
0xa39adb,76.6129%,145,475,620,278,69,76,197
0xb1815f,77.997%,145,514,659,392,65,80,122
0x66f533,61.8037%,144,233,377,88,83,61,145
0x818bdf,93.6283%,144,2116,2260,2020,46,98,96
0x50d6eb,75.3002%,144,439,583,258,50,94,181
0xa3320a,86.0058%,144,885,1029,479,70,74,406
0x81416e,95.5569%,144,3097,3241,298,84,60,2799
0x8e2b07,93.9547%,144,2238,2382,151,88,56,2087
0x40f5a3,96.0055%,144,3461,3605,194,79,65,3267
0x558a63,76.8233%,143,474,617,197,51,92,277
0x5fe23a,87.1403%,143,969,1112,134,86,57,835
0x5fe23f,83.9686%,143,749,892,76,80,63,673
0x8087ca,83.2749%,143,712,855,551,73,70,161
0xa45bbd,76.3636%,143,462,605,75,97,46,387
0x40debf,98.6583%,143,10515,10658,239,55,88,10276
0x8fe54d,96.6806%,143,4165,4308,33,99,44,4132
0x535101,98.0454%,143,7173,7316,7159,57,86,14
0x489d18,96.4384%,143,3872,4015,4,83,60,3868
0x8ed29b,89.4387%,143,1211,1354,26,103,40,1185
0x63accc,77.12%,143,482,625,168,73,70,314
0x811b93,87.5%,143,1001,1144,292,83,60,709
0xaa45e0,98.8507%,142,12213,12355,12153,103,39,60
0x5fd72b,86.6541%,142,922,1064,877,51,91,45
0x8eddcd,76.6831%,142,467,609,87,71,71,380
0x4bbcb8,92.382%,142,1722,1864,60,69,73,1662
0x502555,87.6736%,142,1010,1152,285,74,68,725
0xa63c40,73.7037%,142,398,540,348,55,87,50
0xa023bd,79.7721%,142,560,702,149,83,59,411
0x53a1cf,80.8883%,142,601,743,509,40,102,92
0x8e3308,96.6118%,142,4049,4191,3785,60,82,264
0x50c948,89.7678%,141,1237,1378,792,59,82,445
0x8fd434,95.511%,141,3000,3141,570,86,55,2430
0x546323,82.2194%,141,652,793,278,72,69,374
0xb2eb1e,98.2364%,141,7854,7995,247,67,74,7607
0x8a6241,59.2486%,141,205,346,63,80,61,142
0x403d67,89.1288%,141,1156,1297,64,78,63,1092
0x81bea9,87.6748%,141,1003,1144,288,87,54,715
0x8bc89d,97.0656%,141,4664,4805,1564,73,68,3100
0xa529f0,93.3772%,141,1988,2129,1855,35,106,133
0x813d9e,85.0318%,141,801,942,769,53,88,32
0xa5edb7,74.9556%,141,422,563,82,76,65,340
0x666f7a,89.8997%,141,1255,1396,1248,29,112,7
0xa397fa,70.5882%,140,336,476,107,72,68,229
0x808cca,88.5993%,140,1088,1228,204,94,46,884
0x50498c,77.6%,140,485,625,396,74,66,89
0x64b6cc,99.4582%,140,25701,25841,24818,73,67,883
0x8e212d,87.931%,140,1020,1160,676,59,81,344
0xa2cbc3,84.3049%,140,752,892,420,75,65,332
0x7d09b6,84.7991%,140,781,921,116,98,42,665
0xa35948,86.1139%,139,862,1001,757,59,80,105
0x722d4b,66.8258%,139,280,419,33,76,63,247
0x53dc4c,99.1766%,139,16743,16882,16721,34,105,22
0x507448,74.7731%,139,412,551,367,56,83,45
0x5936d8,89.0723%,139,1133,1272,184,77,62,949
0x942664,90.2113%,139,1281,1420,858,79,60,423
0x547f65,81.9948%,139,633,772,594,36,103,39
0x8d9cb0,89.5646%,139,1193,1332,111,88,51,1082
0x8c736f,85.3066%,139,807,946,30,96,43,777
0x40e722,92.0069%,139,1600,1739,1467,67,72,133
0x83506a,78.179%,139,498,637,255,91,48,243
0x6433fb,96.8919%,138,4302,4440,3864,63,75,438
0x489cd1,98.6453%,138,10049,10187,5,68,70,10044
0x64b4aa,99.1911%,138,16922,17060,15705,66,72,1217
0x8a9669,99.7738%,138,60865,61003,59832,20,118,1033
0x8e135c,91.5025%,138,1486,1624,161,80,58,1325
0xa159e3,83.7838%,138,713,851,271,50,88,442
0x90d2db,80.9129%,138,585,723,529,70,68,56
0xa027c1,89.3189%,138,1154,1292,1136,47,91,18
0x911094,68.3486%,138,298,436,220,49,89,78
0x64b460,99.3517%,137,20994,21131,16991,69,68,4003
0x600288,90.4729%,137,1301,1438,686,63,74,615
0x8e43e6,96.7311%,137,4054,4191,2125,89,48,1929
0x90feb5,96.407%,137,3676,3813,301,64,73,3375
0xa91ac9,72.0408%,137,353,490,26,101,36,327
0x53c6db,91.3181%,137,1441,1578,1159,73,64,282
0x9a7bcb,83.8253%,137,710,847,207,81,56,503
0xa39987,84.4495%,137,744,881,549,59,78,195
0x5928fd,88.5738%,137,1062,1199,633,61,76,429
0x807726,96.1506%,137,3422,3559,3174,44,93,248
0x552a26,90.2837%,137,1273,1410,625,69,68,648
0x8e0208,85.3606%,136,793,929,442,82,54,351
0xb30096,99.686%,136,43173,43309,0,0,136,43173
0x540d0c,92.2463%,136,1618,1754,1412,51,85,206
0x80b402,75.7143%,136,424,560,279,48,88,145
0x8ffbd7,95.7327%,136,3051,3187,29,79,57,3022
0x81178a,78.1553%,135,483,618,321,67,68,162
0x40ded5,99.0992%,135,14851,14986,14840,38,97,11
0x90f1e0,95.7891%,135,3071,3206,2971,35,100,100
0xb0ccb1,97.3928%,135,5043,5178,5004,27,108,39
0x90156b,96.7423%,135,4009,4144,2075,49,86,1934
0x50252d,90.1675%,135,1238,1373,150,71,64,1088
0x8a33f4,76.1484%,135,431,566,12,62,73,419
0x8fc406,98.7687%,135,10829,10964,133,36,99,10696
0x40d42e,94.5528%,134,2326,2460,2186,70,64,140
0x58eb87,97.4359%,134,5092,5226,308,64,70,4784
0x81959a,84.4367%,134,727,861,260,103,31,467
0x8eba78,85.6531%,134,800,934,111,79,55,689
0x596bc1,94.2167%,134,2183,2317,1176,72,62,1007
0xb0afd0,79.321%,134,514,648,441,30,104,73
0x9a7c7f,76.0286%,134,425,559,58,92,42,367
0x90c1c1,95.4668%,134,2822,2956,2043,71,63,779
0x5e599e,91.1199%,134,1375,1509,647,54,80,728
0x5c6c57,93.8024%,133,2013,2146,1595,73,60,418
0xa4d2df,70.1794%,133,313,446,222,61,72,91
0x5bb61a,90.5136%,133,1269,1402,1267,16,117,2
0x627b40,94.3692%,133,2229,2362,2043,64,69,186
0x805f2e,83.1218%,133,655,788,503,59,74,152
0xa03885,98.7904%,133,10862,10995,3574,61,72,7288
0x8eebaa,78.1609%,133,476,609,131,69,64,345
0x91110b,59.3272%,133,194,327,123,37,96,71
0x9e1899,85.9556%,133,814,947,744,66,67,70
0x404261,72%,133,342,475,135,63,70,207
0x63ac65,74.2747%,133,384,517,74,65,68,310
0x8f48ef,97.2772%,132,4716,4848,4459,59,73,257
0x8d2357,80.814%,132,556,688,318,66,66,238
0x81a309,84.0387%,132,695,827,42,112,20,653
0x8dd05d,81.7175%,132,590,722,54,45,87,536
0x5904f7,90.852%,131,1301,1432,11,72,59,1290
0xa555ac,81.7039%,131,585,716,493,42,89,92
0x511760,91.1606%,131,1351,1482,91,64,67,1260
0x545b0e,97.6392%,131,5418,5549,2470,83,48,2948
0x805982,93.223%,131,1802,1933,432,110,21,1370
0x7cc2df,89.5949%,131,1128,1259,83,61,70,1045
0xa35857,88.8034%,131,1039,1170,339,77,54,700
0x5bba08,90.6562%,131,1271,1402,1248,35,96,23
0x554e57,88.9077%,131,1050,1181,1024,52,79,26
0x8e25de,97.4637%,131,5034,5165,3203,47,84,1831
0x9eeea7,78.4539%,131,477,608,347,49,82,130
0xb0b9e1,97.8261%,130,5850,5980,5850,8,122,0
0x81b30b,83.5443%,130,660,790,342,57,73,318
0xa39675,91.281%,130,1361,1491,526,77,53,835
0x819d68,90.3704%,130,1220,1350,956,67,63,264
0x4894a3,93.9281%,130,2011,2141,295,78,52,1716
0x51029e,64.6739%,130,238,368,187,45,85,51
0x5427f0,90.3775%,130,1221,1351,682,90,40,539
0x40f579,92.4506%,130,1592,1722,29,98,32,1563
0x512a16,92.2986%,130,1558,1688,1047,71,59,511
0xa31102,68.2927%,130,280,410,232,51,79,48
0xa0189b,68.6893%,129,283,412,67,85,44,216
0x53ab5f,82.638%,129,614,743,484,65,64,130
0x8e0a8e,92.8094%,129,1665,1794,159,85,44,1506
0x5030de,98.3106%,129,7507,7636,1197,69,60,6310
0x405747,98.1759%,129,6943,7072,2620,60,69,4323
0xaae25d,96.5022%,129,3559,3688,1845,62,67,1714
0x534e0b,98.3361%,129,7624,7753,1694,91,38,5930
0x8a27a5,54.0925%,129,152,281,152,129,0,0
0x40d50a,86.1141%,129,800,929,604,73,56,196
0xa43d3f,84.7698%,129,718,847,257,36,93,461
0xa90ffd,81.6761%,129,575,704,110,85,44,465
0x5f7642,78.7479%,129,478,607,447,35,94,31
0x5346dc,59.0476%,129,186,315,180,34,95,6
0x816c78,89.5547%,129,1106,1235,516,78,51,590
0x8125b3,77.1836%,128,433,561,161,73,55,272
0x596e02,85.7778%,128,772,900,197,90,38,575
0x8e4487,93.3541%,128,1798,1926,542,73,55,1256
0x53f64a,94.0932%,128,2039,2167,1749,55,73,290
0x404430,91.1357%,128,1316,1444,20,80,48,1296
0x8fde2c,90.0389%,128,1157,1285,684,60,68,473
0xa938a0,63.8418%,128,226,354,161,43,85,65
0xa3b22c,63.6364%,128,224,352,46,78,50,178
0x80fcb8,96.3218%,128,3352,3480,484,60,68,2868
0x8e96e2,88.2136%,128,958,1086,16,110,18,942
0xa32aea,93.6973%,127,1888,2015,28,65,62,1860
0x8f44c5,92.5426%,127,1576,1703,1515,55,72,61
0x5f830b,79.9368%,127,506,633,21,85,42,485
0x90c224,93.9924%,127,1987,2114,1855,37,90,132
0x54ecfb,96.3879%,127,3389,3516,3387,60,67,2
0x8bc892,97.4797%,127,4912,5039,170,64,63,4742
0x40e3a4,88.0527%,127,936,1063,578,40,87,358
0x8dee22,93.7897%,127,1918,2045,1101,50,77,817
0x606fe9,98.5516%,126,8573,8699,8373,72,54,200
0x4a6f02,85.4503%,126,740,866,274,81,45,466
0x5e436a,91.6501%,126,1383,1509,1323,65,61,60
0x813e17,86.6242%,126,816,942,647,43,83,169
0x53a2c4,95.0237%,126,2406,2532,2403,71,55,3
0x596aab,94.2387%,126,2061,2187,5,89,37,2056
0x5fd71d,91.7915%,126,1409,1535,382,89,37,1027
0xb3aaf9,95.5287%,126,2692,2818,1976,68,58,716
0x40dd31,96.3948%,126,3369,3495,2769,71,55,600
0x8a93a9,93.2075%,126,1729,1855,854,57,69,875
0x8044b9,69.4915%,126,287,413,75,74,52,212
0x8da514,91.4344%,126,1345,1471,35,87,39,1310
0xa565ce,82.1277%,126,579,705,99,79,47,480
0x511f37,64.2857%,125,225,350,149,63,62,76
0x8b9a56,73.5169%,125,347,472,107,67,58,240
0x9bc70f,68.0307%,125,266,391,51,76,49,215
0x9ed664,82.7586%,125,600,725,30,90,35,570
0xa280d3,62.6866%,125,210,335,58,68,57,152
0xa4ba8f,79.3046%,125,479,604,344,66,59,135
0x80dca8,93.1469%,125,1699,1824,475,95,30,1224
0x8fe211,97.8471%,125,5681,5806,2868,85,40,2813
0x9f0aea,81.1263%,124,533,657,77,67,57,456
0xb2fb8d,99.4929%,124,24327,24451,0,0,124,24327
0x9ee58e,69.2308%,124,279,403,176,75,49,103
0x4101b4,98.2713%,124,7049,7173,7045,65,59,4
0x8fc3fd,98.9198%,124,11355,11479,490,25,99,10865
0x5bda0a,96.8295%,124,3787,3911,1915,79,45,1872
0x9aa6f6,74.9495%,124,371,495,86,78,46,285
0x64b11c,95.4412%,124,2596,2720,1619,74,50,977
0x783dde,93.1718%,124,1692,1816,717,66,58,975
0xa3cbf1,64.7727%,124,228,352,169,53,71,59
0xa51051,75.2988%,124,378,502,72,54,70,306
0x80d87a,73.2759%,124,340,464,309,41,83,31
0x5411ed,96.7428%,124,3683,3807,107,80,44,3576
0xa3080f,88.1731%,123,917,1040,225,71,52,692
0x951019,41.7062%,123,88,211,47,59,64,41
0x8e0a9c,92.0645%,123,1427,1550,893,71,52,534
0x8da40a,88.2634%,123,925,1048,308,65,58,617
0x53872b,95.4377%,123,2573,2696,1994,62,61,579
0x489f8c,96.9875%,123,3960,4083,3942,54,69,18
0x53fe87,92.9351%,123,1618,1741,1595,34,89,23
0x80df30,96.5057%,123,3397,3520,1014,86,37,2383
0x5fac66,85.2695%,123,712,835,81,81,42,631
0x81f1ff,90.292%,123,1144,1267,1097,32,91,47
0x8d23a7,97.5939%,123,4989,5112,244,60,63,4745
0x40dbb6,98.7539%,123,9748,9871,2,67,56,9746
0x8117c4,89.2294%,123,1019,1142,562,56,67,457
0xa39cb9,88.6949%,123,965,1088,69,68,55,896
0xa3a389,89.8932%,123,1094,1217,334,75,48,760
0x8e376f,93.7785%,123,1854,1977,244,57,66,1610
0x53fe73,92.9925%,122,1619,1741,71,84,38,1548
0x90150b,97.056%,122,4022,4144,633,66,56,3389
0x4bb1dd,87.4097%,122,847,969,214,67,55,633
0xa0222a,92.1493%,122,1432,1554,43,54,68,1389
0x8c7354,91.0228%,122,1237,1359,337,76,46,900
0x48af89,87.9447%,122,890,1012,847,55,67,43
0x8a775a,72.8285%,122,327,449,271,44,78,56
0x8bc791,99.4779%,122,23244,23366,23012,36,86,232
0xa310f1,79.8013%,122,482,604,121,73,49,361
0x8bd3a7,96.6083%,122,3475,3597,1788,59,63,1687
0xa52640,95.8923%,122,2848,2970,2829,19,103,19
0x5502e0,91.2192%,121,1257,1378,1224,35,86,33
0x608c96,78.1588%,121,433,554,304,50,71,129
0xa02485,77.551%,121,418,539,131,66,55,287
0x9a70d1,83.3333%,121,605,726,572,50,71,33
0x8e206d,91.8519%,121,1364,1485,899,57,64,465
0x50ff60,89.3486%,121,1015,1136,57,63,58,958
0x596a38,65.7224%,121,232,353,88,54,67,144
0x4b9de7,90.6977%,120,1170,1290,316,54,66,854
0x547ee2,81.0427%,120,513,633,8,98,22,505
0x5411e6,99.152%,120,14031,14151,10282,62,58,3749
0x5971cd,78.836%,120,447,567,280,53,67,167
0x7ce459,56.3636%,120,155,275,44,60,60,111
0x8a64f5,88.5387%,120,927,1047,860,52,68,67
0x53aeef,83.8493%,120,623,743,497,52,68,126
0x78401c,86.5017%,120,769,889,225,43,77,544
0x80f0b0,84.7716%,120,668,788,199,61,59,469
0x8103cb,96.5217%,120,3330,3450,2999,41,79,331
0x8e1784,98.938%,119,11086,11205,10985,48,71,101
0xa54d43,60.2007%,119,180,299,137,46,73,43
0x511d3a,96.9697%,119,3808,3927,2371,79,40,1437
0x900536,99.5108%,119,24208,24327,115,57,62,24093
0x8fd489,93.8974%,119,1831,1950,1400,43,76,431
0xa95de0,79.2683%,119,455,574,391,49,70,64
0x9a7050,83.4031%,119,598,717,581,44,75,17
0xb31c50,99.4495%,119,21496,21615,0,0,119,21496
0x80739d,93.6159%,119,1745,1864,1739,13,106,6
0x8dadf7,95.5959%,119,2583,2702,1996,70,49,587
0xa4506c,72.5173%,119,314,433,188,69,50,126
0x48ae7c,97.804%,119,5300,5419,4480,48,71,820
0xa26341,88.5797%,119,923,1042,363,60,59,560
0x40d44a,86.689%,119,775,894,157,60,59,618
0x9fc7d1,79.4118%,119,459,578,321,51,68,138
0x590052,98.3694%,119,7179,7298,3615,64,55,3564
0x64adf3,99.5131%,119,24320,24439,21642,74,45,2678
0xa45bee,72.5173%,119,314,433,292,39,80,22
0x9f43b3,59.2466%,119,173,292,146,45,74,27
0x8f291b,92.7879%,119,1531,1650,573,81,38,958
0x64b419,99.4606%,119,21942,22061,869,61,58,21073
0x5114b7,98.2412%,119,6647,6766,5967,73,46,680
0x64b5ed,99.2926%,119,16703,16822,739,45,74,15964
0x8e4d7e,92.2827%,119,1423,1542,982,51,68,441
0xa30d2e,92.0324%,118,1363,1481,1290,34,84,73
0x48d860,93.6593%,118,1743,1861,11,68,50,1732
0x54823a,98.2721%,118,6711,6829,6011,26,92,700
0x8e4a1d,94.8673%,118,2181,2299,557,66,52,1624
0x5faccb,89.1444%,118,969,1087,832,46,72,137
0xa022fd,95.5099%,118,2510,2628,59,63,55,2451
0x81041f,72.0379%,118,304,422,37,79,39,267
0x48adf6,97.8225%,118,5301,5419,4474,54,64,827
0x8d2424,82.1918%,117,540,657,486,47,70,54
0xa275eb,94.3149%,117,1941,2058,1912,54,63,29
0x8bd4c0,99.7316%,117,43472,43589,8987,53,64,34485
0x8e0bd2,97.1274%,117,3956,4073,2170,44,73,1786
0x90d01b,84.6457%,117,645,762,572,27,90,73
0x9a70c4,85.8866%,117,712,829,20,83,34,692
0x558fc5,99.3903%,117,19074,19191,665,103,14,18409
0xa028c2,65.1786%,117,219,336,126,60,57,93
0x4bac96,87.8378%,117,845,962,314,59,58,531
0x54808b,97.5569%,117,4672,4789,905,80,37,3767
0x507020,75%,117,351,468,104,62,55,247
0x5fa061,91.4097%,117,1245,1362,138,77,40,1107
0x597047,93.0539%,116,1554,1670,207,86,30,1347
0x4ca479,87.6727%,116,825,941,811,17,99,14
0x5bc220,91.5267%,116,1253,1369,48,71,45,1205
0x8142ba,92.5973%,116,1451,1567,1183,56,60,268
0x81d305,78.3985%,116,421,537,111,54,62,310
0x504666,84.3243%,116,624,740,454,80,36,170
0x49c085,76.66%,116,381,497,370,32,84,11
0x8ee0c3,80.9524%,116,493,609,365,44,72,128
0x4b781e,80.5042%,116,479,595,88,60,56,391
0xa39380,87.2387%,116,793,909,204,69,47,589
0x5af082,92.2924%,116,1389,1505,626,70,46,763
0x504872,84.3243%,116,624,740,492,96,20,132
0x81bdcb,92.6998%,116,1473,1589,163,61,55,1310
0x81c19c,90.0515%,116,1050,1166,1001,35,81,49
0x811c13,84.9155%,116,653,769,621,43,73,32
0x40bb23,74.3304%,115,333,448,84,66,49,249
0x541810,93.4022%,115,1628,1743,1173,51,64,455
0x8e3f98,84.072%,115,607,722,188,62,53,419
0x9a9a60,86.0097%,115,707,822,220,56,59,487
0x8d2443,73.0679%,115,312,427,84,70,45,228
0x48ee0f,65.2568%,115,216,331,124,52,63,92
0x90dc15,99.7742%,115,50818,50933,102,74,41,50716
0x908277,96.7468%,115,3420,3535,223,67,48,3197
0x8eb8b7,99.5545%,115,25696,25811,25299,25,90,397
0x49ffb7,97.7885%,115,5085,5200,4294,50,65,791
0x5095b7,77.4951%,115,396,511,285,66,49,111
0x805a80,84.1598%,115,611,726,460,39,76,151
0x50fd65,99.1335%,114,13043,13157,12618,65,49,425
0x8e460c,95.0413%,114,2185,2299,592,76,38,1593
0x5f7572,82.7011%,114,545,659,489,41,73,56
0x81ea88,90.4921%,114,1085,1199,920,64,50,165
0x5545bd,93.4745%,114,1633,1747,451,78,36,1182
0x539b2b,82.622%,114,542,656,344,51,63,198
0xa5560f,78.6916%,114,421,535,66,62,52,355
0x547f97,98.662%,114,8406,8520,353,49,65,8053
0x555d1e,89.4542%,114,967,1081,962,16,98,5
0x8eeb7d,81.2808%,114,495,609,98,60,54,397
0x404e26,99.0729%,114,12182,12296,10849,23,91,1333
0x539d7f,84.6568%,114,629,743,512,37,77,117
0x80593b,92.7757%,114,1464,1578,706,49,65,758
0xb314fa,72.9216%,114,307,421,138,58,56,169
0x60022b,91.9435%,114,1301,1415,905,41,73,396
0x8a2512,67.4286%,114,236,350,28,41,73,208
0x8a24f6,67.7143%,113,237,350,25,55,58,212
0x8ff7fb,99.61%,113,28861,28974,3721,76,37,25140
0x4ba29b,91.9744%,113,1295,1408,862,41,72,433
0x8aa919,96.6969%,113,3308,3421,0,0,113,3308
0x8e2fa6,94.2843%,113,1864,1977,1608,58,55,256
0x8a2573,59.7865%,113,168,281,24,52,61,144
0x80fec3,97.175%,113,3887,4000,3007,51,62,880
0x813144,95.5477%,113,2425,2538,781,65,48,1644
0x596d7b,92.8254%,113,1462,1575,744,79,34,718
0xa01a30,71.1735%,113,279,392,256,39,74,23
0x99d9a7,71.3555%,112,279,391,51,61,51,228
0x8a87dd,88.047%,112,825,937,22,83,29,803
0x53db73,73.012%,112,303,415,35,51,61,268
0x5f862a,94.8316%,112,2055,2167,1752,52,60,303
0x8da3a9,88.1104%,112,830,942,411,48,64,419
0x5fa306,87.3589%,112,774,886,101,70,42,673
0x5422c2,79.6733%,112,439,551,167,52,60,272
0x54252c,91.1742%,112,1157,1269,305,60,52,852
0x911127,78.125%,112,400,512,364,72,40,36
0x8a76f7,78.3366%,112,405,517,181,49,63,224
0x81f6bb,96.6517%,112,3233,3345,1674,57,55,1559
0x5389ef,92.4119%,112,1364,1476,89,65,47,1275
0x8f359b,88.3697%,112,851,963,85,63,49,766
0x40d2ce,87.8289%,111,801,912,691,56,55,110
0x6435a1,99.1766%,111,13370,13481,13370,72,39,0
0xa30b4b,93.4242%,111,1577,1688,1455,26,85,122
0x9a74c0,84.5188%,111,606,717,590,35,76,16
0x807af3,75.7642%,111,347,458,174,49,62,173
0x48ee29,66.4653%,111,220,331,90,55,56,130
0x6435f2,99.0424%,111,11480,11591,11291,58,53,189
0x5016a5,95.2726%,111,2237,2348,3,52,59,2234
0x5390b7,81.3445%,111,484,595,126,77,34,358
0x403d2a,98.196%,111,6042,6153,4903,61,50,1139
0x48a0a0,97.2222%,111,3885,3996,11,57,54,3874
0x53505f,97.6778%,111,4669,4780,4663,53,58,6
0x8be8e7,91.8021%,111,1243,1354,1099,43,68,144
0x558a29,70.4787%,111,265,376,55,73,38,210
0x9c429b,69.1667%,111,249,360,45,55,56,204
0x502414,80.2842%,111,452,563,146,77,34,306
0x58ffd7,98.4927%,110,7188,7298,16,83,27,7172
0x5b166a,78.4314%,110,400,510,238,57,53,162
0x48b1c0,92.7104%,110,1399,1509,1384,26,84,15
0x81a87a,84.7856%,110,613,723,603,30,80,10
0x8da6d4,96.139%,110,2739,2849,1737,39,71,1002
0x8da6dc,89.7484%,110,963,1073,647,56,54,316
0x406c37,81.3559%,110,480,590,216,52,58,264
0x53c4cc,84.7434%,110,611,721,54,72,38,557
0x805850,99.0988%,110,12096,12206,11285,36,74,811
0x5b9d67,97.6818%,110,4635,4745,4592,32,78,43
0x818d3b,97.7832%,110,4852,4962,140,45,65,4712
0x8f2e34,80.3922%,110,451,561,158,66,44,293
0x534ece,98.5941%,109,7644,7753,4719,50,59,2925
0x9f9717,68.4058%,109,236,345,173,44,65,63
0xa34960,99.2453%,109,14334,14443,13012,30,79,1322
0xa17ee4,88.165%,109,812,921,303,72,37,509
0x8bd239,99.6651%,109,32435,32544,25936,56,53,6499
0x511137,93.4886%,109,1565,1674,915,59,50,650
0xb0b171,64.2623%,109,196,305,13,74,35,183
0x7d0cfd,86.6748%,109,709,818,190,73,36,519
0x5069fd,76.7094%,109,359,468,328,50,59,31
0x503792,82.1895%,109,503,612,251,59,50,252
0x4c432c,95.7653%,109,2465,2574,232,54,55,2233
0x6670e6,88.728%,109,858,967,808,40,69,50
0x4becdc,88.2796%,109,821,930,674,53,56,147
0x8eca79,97.4716%,109,4202,4311,2120,59,50,2082
0x593865,91.2168%,109,1132,1241,557,51,58,575
0xa353e0,88.2863%,108,814,922,588,52,56,226
0x48ebb7,79.3893%,108,416,524,144,62,46,272
0x639bf2,93.0636%,108,1449,1557,858,47,61,591
0x81a8a1,79.3499%,108,415,523,381,37,71,34
0x59172d,97.6699%,108,4527,4635,4454,43,65,73
0xb301a1,78.9062%,108,404,512,294,40,68,110
0x8d9adb,90.4678%,108,1025,1133,721,42,66,304
0x9e0031,89.9441%,108,966,1074,256,61,47,710
0x5babdc,85.7708%,108,651,759,198,69,39,453
0x9aaf4e,63.6364%,108,189,297,31,61,47,158
0xa2f7e1,52.6316%,108,120,228,25,58,50,95
0x8e4809,95.3023%,108,2191,2299,604,64,44,1587
0xb31bd3,99.5003%,108,21507,21615,0,0,108,21507
0x98cfd5,94.1998%,108,1754,1862,1612,42,66,142
0x4bc5b1,92.3295%,108,1300,1408,640,58,50,660
0xa39e20,85.4251%,108,633,741,52,61,47,581
0x40437b,96.0282%,107,2587,2694,2319,67,40,268
0x40dcc3,93.8186%,107,1624,1731,1564,41,66,60
0xa41b35,89.5508%,107,917,1024,212,55,52,705
0x8bcb9b,98.3112%,107,6229,6336,962,62,45,5267
0x9d6991,71.5426%,107,269,376,233,31,76,36
0x9f2570,94.8779%,107,1982,2089,1979,15,92,3
0xa45fc0,54.8523%,107,130,237,24,68,39,106
0x4b52b2,71.159%,107,264,371,54,70,37,210
0x54800b,98.4436%,107,6768,6875,183,72,35,6585
0x556a75,91.4673%,107,1147,1254,936,59,48,211
0x81bb14,79.4626%,107,414,521,150,54,53,264
0xb0b19c,68.8047%,107,236,343,88,72,35,148
0x5342d9,98.0593%,106,5356,5462,5333,28,78,23
0x8d9ad3,96.5005%,106,2923,3029,1861,35,71,1062
0x8a5dbb,88.6631%,106,829,935,24,81,25,805
0x542e40,95.3035%,106,2151,2257,2065,39,67,86
0x59137d,80.5861%,106,440,546,266,57,49,174
0x8e91c8,88.9583%,106,854,960,812,43,63,42
0x49e145,92.9941%,106,1407,1513,99,66,40,1308
0xa028ee,53.7118%,106,123,229,40,56,50,83
0x8e5291,96.7344%,106,3140,3246,1663,60,46,1477
0x8e47d9,95.3893%,106,2193,2299,556,67,39,1637
0xb2deb8,86.8159%,106,698,804,698,106,0,0
0x8c941a,70.4735%,106,253,359,195,45,61,58
0x9f0af2,79.3372%,106,407,513,23,58,48,384
0x9aad3b,84.6599%,106,585,691,91,52,54,494
0x510316,76.2332%,106,340,446,53,69,37,287
0x81c044,66.4557%,106,210,316,190,41,65,20
0xb2ffbf,90.2841%,106,985,1091,277,73,33,708
0x53417f,98.4678%,106,6812,6918,6792,25,81,20
0x81b3f5,85.0282%,106,602,708,484,36,70,118
0x534966,97.3969%,106,3966,4072,3966,40,66,0
0x54fe6d,96.4737%,106,2900,3006,2900,106,0,0
0x406cd7,99.8456%,106,68528,68634,68528,106,0,0
0x5555b0,91.3793%,105,1113,1218,1100,15,90,13
0x512b4b,99.3878%,105,17046,17151,1,27,78,17045
0xb0c519,85.0427%,105,597,702,523,32,73,74
0xb301ab,79.4922%,105,407,512,39,29,76,368
0x50233a,79.4922%,105,407,512,17,51,54,390
0x40e01b,97.8422%,105,4761,4866,4460,56,49,301
0x9778e0,78.7449%,105,389,494,339,48,57,50
0x537f48,97.7782%,105,4621,4726,4589,45,60,32
0xb3224a,99.6449%,105,29462,29567,0,0,105,29462
0x54562f,87.4552%,105,732,837,172,70,35,560
0x8f35a5,87.1166%,105,710,815,112,48,57,598
0xa91e65,78.5714%,105,385,490,270,48,57,115
0x81a80c,76.5101%,105,342,447,48,56,49,294
0x595e36,85.5172%,105,620,725,98,72,33,522
0x8ddabd,74.5146%,105,307,412,102,62,43,205
0x8eecb8,83.8213%,105,544,649,51,80,25,493
0xb0b3a7,98.185%,105,5680,5785,5680,23,82,0
0x816090,85.3315%,104,605,709,552,25,79,53
0x4a1364,77.7302%,104,363,467,310,39,65,53
0xa9048c,72.043%,104,268,372,173,53,51,95
0x511516,98.2781%,104,5936,6040,895,51,53,5041
0x91170b,73.1959%,104,284,388,224,40,64,60
0x81b0c6,80.0384%,104,417,521,161,43,61,256
0x8fdd9d,95.3695%,104,2142,2246,669,83,21,1473
0x8e2645,96.2016%,104,2634,2738,2574,40,64,60
0x5341e3,58.8933%,104,149,253,74,61,43,75
0x8be3e5,88.9479%,104,837,941,273,46,58,564
0x81877c,87.921%,104,757,861,753,22,82,4
0x8ea1e2,95.7963%,104,2370,2474,2281,49,55,89
0x48db30,97.6697%,104,4359,4463,2570,40,64,1789
0x81889c,87.4244%,104,723,827,606,49,55,117
0x53db2f,94.653%,104,1841,1945,38,56,48,1803
0x90ec2d,89.8635%,104,922,1026,17,48,56,905
0x8da1df,82.8619%,103,498,601,167,39,64,331
0x541bbf,87.5604%,103,725,828,40,46,57,685
0x81a46a,74.878%,103,307,410,157,54,49,150
0x5913f2,80.9259%,103,437,540,213,61,42,224
0x9731a8,83.1148%,103,507,610,484,48,55,23
0x4bb27f,77.6573%,103,358,461,279,68,35,79
0x558cee,88.0372%,103,758,861,739,25,78,19
0x610d9d,98.9789%,103,9984,10087,4,61,42,9980
0x60a673,90.9965%,103,1041,1144,11,39,64,1030
0x8a9ebe,84.0804%,103,544,647,118,63,40,426
0x9f03a0,82.9752%,103,502,605,160,62,41,342
0x908e88,74.7549%,103,305,408,41,60,43,264
0x8e59b2,83.9314%,103,538,641,382,51,52,156
0x5fd66c,97.0538%,103,3393,3496,1248,68,35,2145
0x4ba214,91.0668%,103,1050,1153,649,50,53,401
0x8ef0bd,91.5435%,103,1115,1218,255,61,42,860
0x48eae2,90.7525%,102,1001,1103,281,57,45,720
0xa395e9,85.9116%,102,622,724,52,69,33,570
0xa5532f,61.5094%,102,163,265,112,39,63,51
0x53c62a,89.6657%,102,885,987,259,58,44,626
0xa3a4d4,88.8889%,102,816,918,274,46,56,542
0x5425a7,68.323%,102,220,322,130,63,39,90
0x40f532,99.7548%,102,41502,41604,40,54,48,41462
0x9f0a45,65.7718%,102,196,298,125,33,69,71
0x8fe34b,99.3445%,102,15459,15561,1532,55,47,13927
0x5075f7,95.5652%,102,2198,2300,1202,42,60,996
0x8ed1c3,99.2662%,102,13799,13901,8811,48,54,4988
0x8e1e09,74.0458%,102,291,393,95,61,41,196
0x547fd2,87.5%,102,714,816,502,50,52,212
0x503ceb,79.5181%,102,396,498,231,57,45,165
0x53e3ba,96.7598%,102,3046,3148,697,57,45,2349
0x6104a7,81.2155%,102,441,543,214,49,53,227
0x8a534e,62.3134%,101,167,268,80,50,51,87
0x81849b,88.4835%,101,776,877,774,17,84,2
0x804708,79.2608%,101,386,487,214,50,51,172
0x504904,86.3514%,101,639,740,520,56,45,119
0x9c3dec,70.8092%,101,245,346,45,55,46,200
0x80bd30,97.4307%,101,3830,3931,3622,27,74,208
0x8ef42f,83.4154%,101,508,609,139,31,70,369
0x80c13b,88.2284%,101,757,858,297,50,51,460
0x542262,98.3678%,101,6087,6188,140,79,22,5947
0x8a3449,79.4715%,101,391,492,375,57,44,16
0x8194c4,72.7763%,101,270,371,231,33,68,39
0x595db4,89.4462%,101,856,957,724,59,42,132
0x596e85,94.2153%,101,1645,1746,254,67,34,1391
0xa18097,88.2421%,101,758,859,112,58,43,646
0x80a527,81.9964%,101,460,561,403,32,69,57
0x50c0b2,83.6039%,101,515,616,445,51,50,70
0xa911ec,77.3034%,101,344,445,323,35,66,21
0x8feeba,81.6029%,101,448,549,111,51,50,337
0x5fe180,93.1664%,101,1377,1478,1371,14,87,6
0xb2e7a5,98.7367%,101,7894,7995,11,8,93,7883
0x8f29c0,83.9428%,101,528,629,284,52,49,244
0x80e81e,80.2372%,100,406,506,170,48,52,236
0x99c843,92.5761%,100,1247,1347,447,48,52,800
0x5574e5,58.8477%,100,143,243,89,40,60,54
0x51190e,95.3704%,100,2060,2160,1262,19,81,798
0x8bc97c,98.8301%,100,8448,8548,1158,54,46,7290
0x5fd70c,94.5145%,100,1723,1823,219,69,31,1504
0x502cc8,92.674%,100,1265,1365,401,51,49,864
0x5f825c,89.1068%,100,818,918,70,72,28,748
0x91177b,54.1284%,100,118,218,70,50,50,48
0x9aaeb8,66.33%,100,197,297,114,59,41,83
0x8e37c3,87.1465%,100,678,778,526,49,51,152
0x4894ca,95.7824%,100,2271,2371,221,39,61,2050
0x552acf,92.9078%,100,1310,1410,1307,71,29,3
0x8ddd01,95.6503%,100,2199,2299,1445,76,24,754
0x51b845,93.0119%,100,1331,1431,429,42,58,902
0x542b44,95.1691%,100,1970,2070,772,58,42,1198
0x6434f4,94.6893%,100,1783,1883,258,56,44,1525
0x81184f,88.1376%,100,743,843,229,53,47,514
0xa50cc3,55.2036%,99,122,221,91,40,59,31
0x40cf7e,98.4488%,99,6283,6382,6283,56,43,0
0x8fe995,97.0492%,99,3256,3355,133,37,62,3123
0x94422c,74.2188%,99,285,384,136,50,49,149
0xa3347c,97.8705%,99,4550,4649,43,56,43,4507
0x8f181d,75.063%,99,298,397,158,32,67,140
0x80942f,88.3255%,99,749,848,710,31,68,39
0x8f2fa2,98.6409%,99,7185,7284,6910,55,44,275
0xa36124,67.1096%,99,202,301,19,53,46,183
0x8a265c,64.7687%,99,182,281,14,62,37,168
0xb30155,80.6641%,99,413,512,239,49,50,174
0x627aea,95.8086%,99,2263,2362,1112,69,30,1151
0x40e61c,94.9179%,99,1849,1948,27,43,56,1822
0x90bc0b,99.8056%,99,50834,50933,50715,42,57,119
0x5ff5d0,79.4606%,99,383,482,368,39,60,15
0x40d323,94.9618%,99,1866,1965,787,55,44,1079
0xa91b41,72.7273%,99,264,363,170,56,43,94
0x5502bf,74.8092%,99,294,393,234,40,59,60
0x8feaaf,92.1304%,99,1159,1258,613,44,55,546
0x8da4e8,97.9533%,99,4738,4837,3810,29,70,928
0x5bb3d6,92.9387%,99,1303,1402,43,76,23,1260
0xa029c2,70.8333%,98,238,336,67,70,28,171
0xa027a2,92.9446%,98,1291,1389,55,42,56,1236
0x8e269f,98.1422%,98,5177,5275,3209,43,55,1968
0x8dce2a,81.9521%,98,445,543,187,41,57,258
0x8ed2aa,93.3918%,98,1385,1483,842,59,39,543
0x501654,92.8675%,98,1276,1374,321,46,52,955
0x40d539,97.3677%,98,3625,3723,3485,66,32,140
0x5bc229,92.16%,98,1152,1250,927,40,58,225
0x40f5bd,99.1473%,98,11395,11493,10875,46,52,520
0x53baf3,91.4261%,98,1045,1143,107,48,50,938
0x63b4a7,95.3686%,98,2018,2116,1263,43,55,755
0x5bcee4,89.834%,98,866,964,607,35,63,259
0x53afc4,96.0468%,98,2381,2479,2376,46,52,5
0xa936dc,73.7265%,98,275,373,66,51,47,209
0x805d4e,89.7917%,98,862,960,12,77,21,850
0x4b58d1,79.0598%,98,370,468,148,50,48,222
0x8fef17,72.6761%,97,258,355,98,43,54,160
0x8e20b8,97.1327%,97,3286,3383,3128,64,33,158
0x80593f,94.9819%,97,1836,1933,660,51,46,1176
0x814097,89.7028%,97,845,942,145,55,42,700
0x808828,82.7094%,97,464,561,291,36,61,173
0x9aafce,82.1363%,97,446,543,36,56,41,410
0x8fdea9,99.7387%,97,37022,37119,37022,97,0,0
0xa3a184,86.6022%,97,627,724,18,41,56,609
0x55707a,60.7287%,97,150,247,83,50,47,67
0x50ca1d,92.2462%,97,1154,1251,389,43,54,765
0x9f0b22,88.7731%,97,767,864,136,66,31,631
0x8f1873,84.0722%,97,512,609,366,51,46,146
0xa2dfca,76.3415%,97,313,410,38,55,42,275
0x8a5dec,73.2782%,97,266,363,139,46,51,127
0x906b41,72.905%,97,261,358,176,43,54,85
0x402bed,88.7078%,97,762,859,122,36,61,640
0x8a7723,82.3204%,96,447,543,85,74,22,362
0x8191fd,69.1318%,96,215,311,192,28,68,23
0x8f17f5,84.2365%,96,513,609,131,39,57,382
0xa9095d,60.8163%,96,149,245,45,51,45,104
0xa36244,77.8802%,96,338,434,88,49,47,250
0x404fff,68.8312%,96,212,308,52,58,38,160
0x812521,88.6121%,96,747,843,603,43,53,144
0x9f0e20,83.8926%,96,500,596,268,40,56,232
0x8a60d0,82.3853%,96,449,545,177,39,57,272
0x819e5b,69.1318%,96,215,311,187,33,63,28
0x548545,96.4444%,96,2604,2700,82,57,39,2522
0xa921c7,81.7143%,96,429,525,199,58,38,230
0x8e9fff,96.1601%,95,2379,2474,2054,21,74,325
0x8b9af3,97.5833%,95,3836,3931,908,37,58,2928
0x534210,98.2607%,95,5367,5462,5287,18,77,80
0x814aee,78.9357%,95,356,451,143,51,44,213
0xaab3da,95.8803%,95,2211,2306,716,32,63,1495
0x8e442f,95.8678%,95,2204,2299,1878,48,47,326
0x58f868,98.3524%,95,5671,5766,2427,55,40,3244
0x8efa24,84.4007%,95,514,609,361,56,39,153
0x9777c5,89.0679%,95,774,869,772,40,55,2
0x591212,67.128%,95,194,289,134,57,38,60
0x8fc115,93.5724%,95,1383,1478,698,41,54,685
0x8bcb0e,70.2194%,95,224,319,44,44,51,180
0x5fa1f6,89.2777%,95,791,886,566,44,51,225
0x9f0d8b,50%,95,95,190,53,42,53,42
0x8bad20,98.5269%,95,6354,6449,5953,50,45,401
0x8b9792,99.4179%,95,16224,16319,4875,67,28,11349
0x8f138d,84.4007%,95,514,609,113,45,50,401
0x40f7c5,85.3168%,95,552,647,239,49,46,313
0x63eb09,90.7407%,95,931,1026,11,54,41,920
0xb2e6be,99.553%,95,21159,21254,6494,42,53,14665
0xa02a51,69.2557%,95,214,309,55,55,40,159
0xa45a6e,79.6137%,95,371,466,334,46,49,37
0xa585d2,72.4638%,95,250,345,70,49,46,180
0x9a60b0,80.4124%,95,390,485,377,32,63,13
0x5faa2f,77.619%,94,326,420,267,38,56,59
0x8e24d6,98.218%,94,5181,5275,5137,28,66,44
0x95296b,80.8943%,94,398,492,11,25,69,387
0x8103fe,91.8826%,94,1064,1158,629,41,53,435
0x5483c4,99.2721%,94,12820,12914,961,30,64,11859
0x4b500b,65.3137%,94,177,271,91,49,45,86
0x810928,62.8458%,94,159,253,64,45,49,95
0x8a284f,66.548%,94,187,281,0,0,94,187
0x501807,97.2698%,94,3349,3443,55,67,27,3294
0x40ffb4,98.7784%,94,7601,7695,1998,64,30,5603
0xaa0720,95.4302%,94,1963,2057,1924,36,58,39
0xa2d63f,80.1268%,94,379,473,223,56,38,156
0x489499,95.6095%,94,2047,2141,200,60,34,1847
0x8a2982,83.3922%,94,472,566,23,34,60,449
0x610c5b,72.5948%,94,249,343,88,57,37,161
0x9112da,90.9179%,94,941,1035,324,46,48,617
0xa49f98,85.2665%,94,544,638,464,29,65,80
0x8ec38b,91.4468%,94,1005,1099,138,63,31,867
0x53ba4c,86.9626%,94,627,721,66,60,34,561
0x8223f9,95.8517%,94,2172,2266,364,57,37,1808
0x80fd0c,99.5116%,93,18947,19040,9907,45,48,9040
0x511986,97.7122%,93,3972,4065,259,66,27,3713
0xa3b211,81.25%,93,403,496,82,62,31,321
0xb0ba10,98.3924%,93,5692,5785,216,60,33,5476
0x50771b,70.0965%,93,218,311,99,58,35,119
0x48d9e6,80.3797%,93,381,474,22,75,18,359
0x5fa98a,91.4913%,93,1000,1093,272,67,26,728
0x510096,90.9533%,93,935,1028,534,66,27,401
0x5fd99d,98.3784%,93,5642,5735,184,44,49,5458
0x40f5ac,97.2089%,93,3239,3332,249,50,43,2990
0xb0b428,97.4687%,93,3581,3674,3579,23,70,2
0x8ff7ad,98.9946%,93,9157,9250,5464,31,62,3693
0x8f570c,98.5423%,93,6287,6380,5580,33,60,707
0xa26209,90.8193%,93,920,1013,566,43,50,354
0x4bac5a,89.4677%,93,790,883,258,46,47,532
0x58f9e9,80.2966%,93,379,472,116,47,46,263
0x58ebb2,98.1885%,93,5041,5134,3499,72,21,1542
0x557dea,62.2951%,92,152,244,93,34,58,59
0x8bc78b,99.6241%,92,24384,24476,1051,59,33,23333
0x9fb592,70.607%,92,221,313,39,52,40,182
0x48e78f,97.4732%,92,3549,3641,3496,42,50,53
0x977c1c,94.4377%,92,1562,1654,1435,76,16,127
0x81a7f9,79.4183%,92,355,447,80,49,43,275
0x63b654,92.9556%,92,1214,1306,257,50,42,957
0x81e86c,98.2229%,92,5085,5177,4542,30,62,543
0x4a76aa,77.1712%,92,311,403,298,27,65,13
0x5ee1a1,96.9516%,92,2926,3018,1971,44,48,955
0x9016f3,92.3333%,92,1108,1200,966,47,45,142
0x9ed3c7,84.4595%,92,500,592,350,29,63,150
0x90028f,77.3956%,92,315,407,27,60,32,288
0x64ada6,99.5622%,92,20922,21014,18291,64,28,2631
0x5bba75,93.4379%,92,1310,1402,939,28,64,371
0xa25b4b,90.9181%,92,921,1013,89,52,40,832
0x8fe28c,85.6918%,91,545,636,257,43,48,288
0x82167c,99.4919%,91,17820,17911,270,62,29,17550
0xb0d281,86.3363%,91,575,666,545,36,55,30
0x8f5d64,87.8342%,91,657,748,59,60,31,598
0x9e082a,90.5307%,91,870,961,618,55,36,252
0x534450,98.4043%,91,5612,5703,1,47,44,5611
0x90b167,51.8519%,91,98,189,50,69,22,48
0x8f4527,92.4606%,91,1116,1207,554,60,31,562
0x81b231,82.5336%,91,430,521,155,49,42,275
0xa5662c,82.3643%,91,425,516,405,30,61,20
0x8046ca,76.9036%,91,303,394,78,52,39,225
0x94527a,82.7977%,91,438,529,204,35,56,234
0x405a61,88.378%,91,692,783,279,49,42,413
0x58b78d,90.8818%,91,907,998,755,50,41,152
0xa4d540,67.8445%,91,192,283,75,46,45,117
0x557c22,69.2568%,91,205,296,134,45,46,71
0x8c83ad,90.3805%,91,855,946,698,39,52,157
0x8dd2ee,96.0853%,90,2209,2299,617,51,39,1592
0x8159e6,84.0142%,90,473,563,409,25,65,64
0x5413ff,99.3965%,90,14823,14913,14758,44,46,65
0x8167cb,63.5628%,90,157,247,13,54,36,144
0x8187f1,95.368%,90,1853,1943,1841,17,73,12
0x835d87,44.0994%,90,71,161,37,33,57,34
0x8dd101,83.4254%,90,453,543,177,51,39,276
0x512ca5,99.19%,90,11021,11111,891,68,22,10130
0x8059d7,94.3361%,90,1499,1589,164,60,30,1335
0x40d382,96.4243%,90,2427,2517,1000,54,36,1427
0x80f645,97.0375%,90,2948,3038,333,57,33,2615
0x501813,97.29%,90,3231,3321,3191,56,34,40
0x8c7f1b,95.3247%,90,1835,1925,929,53,37,906
0xb2e849,98.8743%,90,7905,7995,7871,54,36,34
0x81e805,99.1501%,90,10500,10590,10377,36,54,123
0x8a8e82,94.8674%,89,1645,1734,8,62,27,1637
0x5459b2,99.258%,89,11906,11995,153,48,41,11753
0x4886e1,91.6745%,89,980,1069,350,46,43,630
0xa3672d,69.7279%,89,205,294,194,30,59,11
0x944d7f,83.1758%,89,440,529,139,43,46,301
0x5fa3e0,59.7285%,89,132,221,53,51,38,79
0x815809,78.8095%,89,331,420,25,63,26,306
0x8f48d8,98.1642%,89,4759,4848,149,41,48,4610
0xa451d3,76.5789%,89,291,380,278,38,51,13
0x9783ec,94.8762%,89,1648,1737,919,38,51,729
0x53b1d7,96.4098%,89,2390,2479,2390,32,57,0
0xb327da,94.6321%,89,1569,1658,634,38,51,935
0x47f253,92.1239%,89,1041,1130,14,44,45,1027
0x53d9dc,98.1773%,89,4794,4883,3212,29,60,1582
0x51b067,86.6366%,89,577,666,258,45,44,319
0x8d245f,67.3993%,89,184,273,40,54,35,144
0xaa3388,88.2586%,89,669,758,282,53,36,387
0x81a549,89.2382%,89,738,827,140,55,34,598
0x817c57,73.7463%,89,250,339,97,44,45,153
0x9f27f4,85.0168%,89,505,594,65,55,34,440
0x53ef1d,73.5905%,89,248,337,147,36,53,101
0x5fe105,75.07%,89,268,357,83,43,46,185
0xa41e11,95.2785%,89,1796,1885,1225,35,54,571
0x538756,90.7867%,89,877,966,23,68,21,854
0x534230,93.3232%,88,1230,1318,1134,27,61,96
0x40dc22,95.9596%,88,2090,2178,1901,57,31,189
0xa91d2a,64.6586%,88,161,249,52,49,39,109
0x8b969a,99.5693%,88,20346,20434,695,49,39,19651
0x8a5f12,70.1695%,88,207,295,109,55,33,98
0x5c6ad8,97.8266%,88,3961,4049,3813,38,50,148
0x40e662,95.1029%,88,1709,1797,1699,40,48,10
0x538a01,91.0112%,88,891,979,207,49,39,684
0x81a5f7,99.382%,88,14152,14240,2404,51,37,11748
0x80a957,89.5611%,88,755,843,643,7,81,112
0x805d26,91.8969%,88,998,1086,62,64,24,936
0x667857,97.2108%,88,3067,3155,563,56,32,2504
0x81a7d1,80.3132%,88,359,447,16,60,28,343
0x638d50,91.4146%,88,937,1025,895,50,38,42
0x509d96,91.002%,88,890,978,459,28,60,431
0x55052f,99.2308%,88,11352,11440,559,22,66,10793
0x50ce01,72.5857%,88,233,321,147,49,39,86
0x90b29b,63.1799%,88,151,239,83,49,39,68
0x53ecec,90.4139%,88,830,918,94,48,40,736
0xa30434,82.0408%,88,402,490,239,31,57,163
0x81b101,72.0635%,88,227,315,214,19,69,13
0x488a3b,94.2295%,88,1437,1525,298,60,28,1139
0x5faa11,89.4611%,88,747,835,387,28,60,360
0x80fcc5,97.0027%,88,2848,2936,1713,33,55,1135
0xa5603e,78.9976%,88,331,419,294,45,43,37
0x8dd2b0,87.8116%,88,634,722,50,49,39,584
0x511da9,94.0621%,88,1394,1482,1251,40,48,143
0x592921,92.6606%,88,1111,1199,146,49,39,965
0xb31bfb,99.5929%,88,21527,21615,21527,88,0,0
0x8dd333,96.2157%,87,2212,2299,1479,42,45,733
0x8feed1,77.5194%,87,300,387,28,42,45,272
0xb0afbb,87.6068%,87,615,702,7,47,40,608
0x50da17,90.9751%,87,877,964,336,41,46,541
0x81b36b,86.2342%,87,545,632,277,46,41,268
0x81bcd6,83.3013%,87,434,521,147,57,30,287
0x5f0c3f,85.9903%,87,534,621,239,44,43,295
0x48f000,67.0455%,87,177,264,94,41,46,83
0x5906d9,88.8462%,87,693,780,442,54,33,251
0x8a5d9c,94.448%,87,1480,1567,152,66,21,1328
0x597069,94.3063%,87,1441,1528,1377,43,44,64
0x9a30a0,84.71%,87,482,569,220,51,36,262
0x6436c2,98.9578%,87,8261,8348,8118,53,34,143
0x811e18,97.208%,87,3029,3116,2031,35,52,998
0x803ea9,67.0455%,87,177,264,84,42,45,93
0x8ebab4,91.6346%,87,953,1040,484,47,40,469
0x50f8f4,91.9444%,87,993,1080,325,45,42,668
0x40d312,89.029%,87,706,793,140,30,57,566
0x48a246,98.5904%,87,6085,6172,15,58,29,6070
0x488bf1,82.8063%,87,419,506,135,61,26,284
0x9f0b5a,83.0409%,87,426,513,381,37,50,45
0x54173f,95.0086%,87,1656,1743,558,54,33,1098
0x9f0237,58.5714%,87,123,210,75,41,46,48
0x508d57,47.2727%,87,78,165,45,65,22,33
0xa3a35d,92.8513%,87,1130,1217,842,28,59,288
0x809f85,80.7947%,87,366,453,74,52,35,292
0x5118aa,98.3726%,87,5259,5346,5117,17,70,142
0x80a947,89.6797%,87,756,843,711,20,67,45
0xa2713b,97.2607%,87,3089,3176,321,50,37,2768
0x8fe272,95.2692%,87,1752,1839,578,44,43,1174
0x5fb1dc,60%,86,129,215,103,35,51,26
0x8a5d58,94.5118%,86,1481,1567,152,66,20,1329
0x81236e,92.4825%,86,1058,1144,907,33,53,151
0x4bb9d3,72.6984%,86,229,315,164,40,46,65
0x8e2e5f,94.8779%,86,1593,1679,1429,29,57,164
0x63bba1,93.3998%,86,1217,1303,928,30,56,289
0xb0cc48,97.5624%,86,3442,3528,3373,37,49,69
0x81beed,92.4825%,86,1058,1144,906,34,52,152
0x639afd,91.6179%,86,940,1026,923,38,48,17
0xb2e6ee,98.9243%,86,7909,7995,7651,30,56,258
0x53f5ff,95.9794%,86,2053,2139,370,39,47,1683
0x8e4667,82.0833%,86,394,480,127,48,38,267
0x4a126c,92.1533%,86,1010,1096,742,47,39,268
0x511650,98.9454%,86,8069,8155,770,32,54,7299
0xa01a0f,63.0901%,86,147,233,107,29,57,40
0x8e2ad3,93.6904%,86,1277,1363,176,47,39,1101
0xa30a34,88.7139%,86,676,762,399,44,42,277
0x40f658,98.5823%,86,5980,6066,5968,40,46,12
0x61178d,88.3941%,86,655,741,629,36,50,26
0x94d9cc,84.4203%,86,466,552,381,30,56,85
0x5469d7,95.5761%,86,1858,1944,0,72,14,1858
0x8f63d4,74.4048%,86,250,336,115,39,47,135
0x78099e,92.1173%,86,1005,1091,950,43,43,55
0xb314c7,79.669%,86,337,423,0,0,86,337
0x58f882,96.5351%,86,2396,2482,2164,43,43,232
0xa50eb6,73.2919%,86,236,322,31,50,36,205
0xa28508,66.0079%,86,167,253,56,37,49,111
0x488ed4,77.8351%,86,302,388,101,55,31,201
0x819b80,95.5913%,85,1843,1928,1843,15,70,0
0xa50ebe,64.7303%,85,156,241,133,32,53,23
0x604c1d,62.5551%,85,142,227,27,55,30,115
0x81c27b,84.5455%,85,465,550,455,15,70,10
0x8db893,66.2698%,85,167,252,138,48,37,29
0x53bad6,78.3163%,85,307,392,227,30,55,80
0x81e908,89.4802%,85,723,808,243,43,42,480
0x54103b,99.3997%,85,14074,14159,14056,74,11,18
0xa50b0c,64.7303%,85,156,241,132,33,52,24
0x9f450d,75.6447%,85,264,349,232,37,48,32
0x8eebe5,77.5726%,85,294,379,198,41,44,96
0x809f78,84.8485%,85,476,561,39,69,16,437
0x8eba4b,82.5462%,85,402,487,43,45,40,359
0x5fe1ca,90.5869%,85,818,903,89,44,41,729
0xa4ff83,73.6025%,85,237,322,39,42,43,198
0x901fdf,92.1514%,85,998,1083,577,45,40,421
0x507584,84.5735%,85,466,551,30,50,35,436
0x596a45,75.9207%,85,268,353,110,35,50,158
0xa54d8c,68.75%,85,187,272,104,26,59,83
0x722da8,74.6269%,85,250,335,43,39,46,207
0x8e3f6e,96.3027%,85,2214,2299,1611,65,20,603
0x9f32f5,77.9793%,85,301,386,114,41,44,187
0x4bbcdd,95.1009%,85,1650,1735,868,42,43,782
0x48d652,98.1204%,84,4385,4469,4374,26,58,11
0x8dc209,94.8498%,84,1547,1631,710,36,48,837
0x49af29,73.1629%,84,229,313,121,43,41,108
0xa27676,95.8641%,84,1947,2031,714,46,38,1233
0x9edfe0,71.8121%,84,214,298,93,30,54,121
0xa900d0,79.5122%,84,326,410,96,40,44,230
0x489f87,97.9764%,84,4067,4151,15,53,31,4052
0x8a3475,82.9268%,84,408,492,407,81,3,1
0x50222a,89.4073%,84,709,793,689,42,42,20
0x8fd533,68.8889%,84,186,270,123,41,43,63
0x5b16aa,83.8462%,84,436,520,373,33,51,63
0x81e32c,89.7934%,84,739,823,564,44,40,175
0x8daaab,94.6802%,84,1495,1579,151,49,35,1344
0x8223e7,96.4467%,84,2280,2364,50,48,36,2230
0x8fea64,97.476%,84,3244,3328,2092,31,53,1152
0x538586,98.325%,84,4931,5015,1671,41,43,3260
0x9a6fc0,88.9328%,84,675,759,670,29,55,5
0x64b56e,99.6137%,84,21659,21743,19423,30,54,2236
0x5580c7,88.6486%,84,656,740,322,48,36,334
0x503a5b,86.2745%,84,528,612,504,47,37,24
0x4101a4,99.0587%,84,8840,8924,9,45,39,8831
0x722dc6,67.1937%,83,170,253,46,34,49,124
0x4a6e6f,76.6197%,83,272,355,227,34,49,45
0x5f1139,82.4153%,83,389,472,115,48,35,274
0x4b5954,95.8788%,83,1931,2014,224,42,41,1707
0x8ef1d9,86.3711%,83,526,609,93,65,18,433
0xa90b71,77.5676%,83,287,370,271,31,52,16
0x53c562,82.0346%,83,379,462,18,61,22,361
0x818510,95.695%,83,1845,1928,1845,13,70,0
0x5ee155,97.2498%,83,2935,3018,2731,45,38,204
0x61919b,92.77%,83,1065,1148,743,47,36,322
0x48dcef,98.8114%,83,6900,6983,33,50,33,6867
0x9a7c2d,90.8389%,83,823,906,67,45,38,756
0xa2d6a0,70.6714%,83,200,283,31,54,29,169
0xa33849,86.1204%,83,515,598,311,49,34,204
0x4ba20f,93.9327%,83,1285,1368,167,48,35,1118
0x4fd93f,95.1348%,83,1623,1706,1615,34,49,8
0x547fad,93.3065%,83,1157,1240,379,45,38,778
0x8fee70,86.9291%,83,552,635,163,68,15,389
0x9e2a37,55.8511%,83,105,188,79,27,56,26
0xa43cc7,89.3179%,83,694,777,174,49,34,520
0x511990,97.7807%,83,3657,3740,100,52,31,3557
0x81891c,89.9637%,83,744,827,161,34,49,583
0x80e95d,92.2719%,83,991,1074,809,29,54,182
0x489e30,98.6739%,83,6176,6259,6151,40,43,25
0x4ba3a2,93.9079%,82,1264,1346,459,61,21,805
0x49e0bc,84.0156%,82,431,513,116,55,27,315
0x8e1f4e,79.1349%,82,311,393,158,56,26,153
0x5091ce,87.4618%,82,572,654,427,21,61,145
0x41036b,88.7671%,82,648,730,493,28,54,155
0x8d3b03,77.8976%,82,289,371,80,44,38,209
0xaa1528,67.0683%,82,167,249,54,47,35,113
0x503098,96.3344%,82,2155,2237,21,41,41,2134
0x8e40bd,88.6427%,82,640,722,43,56,26,597
0x8ffbf2,97.3351%,82,2995,3077,2834,29,53,161
0x627926,96.2264%,82,2091,2173,1113,34,48,978
0xb3152f,56.1497%,82,105,187,63,42,40,42
0x49ec30,74.5342%,82,240,322,122,39,43,118
0x9014d5,97.7669%,82,3590,3672,1519,60,22,2071
0x40df72,99.4489%,82,14796,14878,14769,52,30,27
0x8ef571,72.0137%,82,211,293,106,52,30,105
0x404fa7,99.554%,82,18304,18386,18304,40,42,0
0x9e245c,89.9878%,82,737,819,565,37,45,172
0x9a8f11,85.3832%,82,479,561,472,28,54,7
0x51c13e,97.9689%,81,3907,3988,945,39,42,2962
0x405036,99.5281%,81,17083,17164,17083,39,42,0
0x8da56c,92.9072%,81,1061,1142,123,48,33,938
0x8aebd4,76.5896%,81,265,346,109,30,51,156
0x9099d0,95.6381%,81,1776,1857,694,37,44,1082
0x64aef9,99.6826%,81,25438,25519,2617,42,39,22821
0xa4ff88,66.39%,81,160,241,131,34,47,29
0x511e10,95.2353%,81,1619,1700,1102,38,43,517
0x807f75,83.2645%,81,403,484,19,46,35,384
0x54f771,81.549%,81,358,439,27,51,30,331
0x546550,97.5031%,81,3163,3244,2657,29,52,506
0x9b8fc7,74.7664%,81,240,321,26,57,24,214
0x404513,91.7933%,81,906,987,96,48,33,810
0x5076c6,96.9434%,81,2569,2650,2569,31,50,0
0x80bc2c,79.4416%,81,313,394,81,49,32,232
0x4c4b0a,96.8531%,81,2493,2574,2131,41,40,362
0x8bc941,99.3515%,81,12409,12490,12366,72,9,43
0x8bcab8,96.215%,81,2059,2140,1892,47,34,167
0x807813,95.5978%,81,1759,1840,1747,19,62,12
0xaa28b5,92.5069%,81,1000,1081,370,53,28,630
0x5f82cc,86.8932%,81,537,618,43,40,41,494
0x81f3bb,95.1613%,81,1593,1674,446,42,39,1147
0x40ebe0,94.4022%,81,1366,1447,927,34,47,439
0x60b2e1,91.0891%,81,828,909,800,47,34,28
0x8ed2b0,92.5139%,81,1001,1082,11,30,51,990
0x5fe347,63.1818%,81,139,220,75,37,44,64
0x8a78c6,78.2609%,80,288,368,68,43,37,220
0x54ff67,82.3789%,80,374,454,371,26,54,3
0x90c241,95.4494%,80,1678,1758,1494,42,38,184
0x40f643,99.1208%,80,9019,9099,2978,55,25,6041
0x807fca,48.0519%,80,74,154,40,39,41,34
0x81512f,75.7576%,80,250,330,227,24,56,23
0x40498c,66.9421%,80,162,242,59,54,26,103
0x48d640,98.2266%,80,4431,4511,5,37,43,4426
0x8ead7f,92.6063%,80,1002,1082,10,31,49,992
0x8a6229,81.1321%,80,344,424,19,59,21,325
0x403d7a,93.8319%,80,1217,1297,144,48,32,1073
0x8e2697,99.286%,80,11125,11205,5901,29,51,5224
0x8d0b93,99.4346%,80,14070,14150,10315,64,16,3755
0x51b47a,78.4367%,80,291,371,60,51,29,231
0x4101e7,97.1306%,80,2708,2788,860,67,13,1848
0x406d9b,99.7248%,80,28985,29065,28985,80,0,0
0x5592d6,84.1584%,80,425,505,24,60,20,401
0x65a1c3,94.2071%,80,1301,1381,1096,31,49,205
0x556068,92.5994%,80,1001,1081,4,56,24,997
0x965fe7,75.0779%,80,241,321,35,48,32,206
0x54817d,98.3295%,80,4709,4789,3775,29,51,934
0x5bd4ac,98.9839%,80,7793,7873,5906,35,45,1887
0xa39e56,94.563%,79,1374,1453,1366,29,50,8
0x96c111,97.3936%,79,2952,3031,64,54,25,2888
0x8adc5f,77.6204%,79,274,353,35,54,25,239
0x54f9ba,96.4574%,79,2151,2230,2146,41,38,5
0x590640,97.5527%,79,3149,3228,406,23,56,2743
0xa5f807,83.8115%,79,409,488,324,28,51,85
0x4fdaf8,87.902%,79,574,653,304,34,45,270
0x805abc,84.1683%,79,420,499,390,25,54,30
0x5343a1,98.6327%,79,5699,5778,8,30,49,5691
0x81eab4,85.6364%,79,471,550,178,37,42,293
0xa583a9,65.6522%,79,151,230,68,39,40,83
0x8ef207,87.0279%,79,530,609,381,28,51,149
0x9a8ff9,64.7321%,79,145,224,81,31,48,64
0x9e24b9,84.981%,79,447,526,96,37,42,351
0x8e26e6,94.4755%,79,1351,1430,52,37,42,1299
0x9e25d0,86.5417%,79,508,587,223,30,49,285
0x8ef40d,87.0279%,79,530,609,115,43,36,415
0x485b05,78.7062%,79,292,371,126,20,59,166
0x488641,85.5839%,79,469,548,392,50,29,77
0x48ebbc,75.1572%,79,239,318,108,41,38,131
0x40ee59,96.4462%,79,2144,2223,1195,45,34,949
0x81b894,84.8369%,79,442,521,159,45,34,283
0x9aa664,92.8636%,79,1028,1107,885,31,48,143
0x8fee3a,87.5591%,79,556,635,435,45,34,121
0x48e9f1,78.2967%,79,285,364,249,26,53,36
0x489d55,98.023%,79,3917,3996,1,67,12,3916
0x8f4878,98.3705%,79,4769,4848,3086,43,36,1683
0x48a600,94.5555%,79,1372,1451,1372,34,45,0
0x48a1b3,98.0651%,79,4004,4083,4004,11,68,0
0x95241a,79.8982%,79,314,393,283,36,43,31
0x8efa8c,87.0279%,79,530,609,133,37,42,397
0xa30238,59.4872%,79,116,195,43,42,37,73
0x8187de,90.5683%,78,749,827,711,31,47,38
0xa44a00,87.4396%,78,543,621,43,50,28,500
0x8a5179,88.9205%,78,626,704,360,22,56,266
0xa90090,78.7466%,78,289,367,31,54,24,258
0x8d2469,56.4246%,78,101,179,62,33,45,39
0x40ddaa,99.0651%,78,8265,8343,8265,78,0,0
0xa32fbb,78.453%,78,284,362,192,32,46,92
0x40f791,99.7646%,78,33052,33130,0,0,78,33052
0x48d7d2,89.4166%,78,659,737,608,22,56,51
0x6094e4,90.2133%,78,719,797,61,38,40,658
0x48eba3,89.2562%,78,648,726,148,54,24,500
0xa39bb0,87.1711%,78,530,608,32,38,40,498
0x9f98a0,95.5782%,78,1686,1764,1683,22,56,3
0x543914,72.043%,78,201,279,104,37,41,97
0x8ec397,91.314%,78,820,898,10,61,17,810
0x609ef1,99.0501%,78,8133,8211,117,22,56,8016
0xa9b81b,74.1722%,78,224,302,32,41,37,192
0x807740,97.8084%,78,3481,3559,131,38,40,3350
0x4fdb91,75.5486%,78,241,319,210,43,35,31
0x978070,75%,78,234,312,117,22,56,117
0x404e57,98.9507%,77,7261,7338,6154,54,23,1107
0x544872,77.2189%,77,261,338,132,28,49,129
0x81d1b3,90.0901%,77,700,777,473,25,52,227
0x8fc430,97.6737%,77,3233,3310,3195,49,28,38
0x50f917,89.1549%,77,633,710,629,38,39,4
0x610487,85.8195%,77,466,543,128,26,51,338
0x54f878,96.2512%,77,1977,2054,1977,34,43,0
0x49cae4,88.8567%,77,614,691,32,51,26,582
0x40e5a2,95.3865%,77,1592,1669,239,38,39,1353
0x5390ab,89.3204%,77,644,721,92,34,43,552
0xa941e4,62.8019%,77,130,207,35,43,34,95
0x48bd27,90.2655%,77,714,791,628,20,57,86
0x819afb,91.2201%,77,800,877,771,20,57,29
0x8dce3a,75.3994%,77,236,313,206,46,31,30
0x677516,74.5875%,77,226,303,70,45,32,156
0x64384d,62.2549%,77,127,204,111,48,29,16
0xa2f2ac,81.2195%,77,333,410,221,48,29,112
0x534b9e,58.8235%,77,110,187,100,21,56,10
0x811df5,97.6532%,77,3204,3281,95,60,17,3109
0x49ee45,85.5805%,77,457,534,17,61,16,440
0x59bc07,94.031%,77,1213,1290,140,42,35,1073
0x9e29a7,69.8039%,77,178,255,37,35,42,141
0xa35f19,85.4717%,77,453,530,70,40,37,383
0xa5536c,71.4815%,77,193,270,100,30,47,93
0x501a73,95.3077%,77,1564,1641,805,18,59,759
0x541cbf,94.4763%,77,1317,1394,49,23,54,1268
0x510e95,98.4247%,77,4811,4888,2812,32,45,1999
0x81d15b,89.3793%,77,648,725,642,23,54,6
0x807f87,84.0909%,77,407,484,389,26,51,18
0x9e2808,85.7143%,77,462,539,271,36,41,191
0x7d185d,91.6395%,77,844,921,344,39,38,500
0x5104e7,97.2915%,76,2730,2806,1174,52,24,1556
0x804095,69.9605%,76,177,253,62,47,29,115
0x402d06,86.2069%,76,475,551,209,37,39,266
0x5107a3,92.8302%,76,984,1060,298,29,47,686
0x8da44f,88.7407%,76,599,675,93,44,32,506
0x485acd,79.5148%,76,295,371,233,37,39,62
0x48bbb4,92.1244%,76,889,965,796,26,50,93
0x8ebf93,93.8511%,76,1160,1236,1156,12,64,4
0x5437f4,72.7599%,76,203,279,100,41,35,103
0x9e4054,82.5688%,76,360,436,261,28,48,99
0x60974a,53.0864%,76,86,162,42,37,39,44
0xb31c3b,99.6484%,76,21539,21615,0,0,76,21539
0x541bd9,90.8873%,76,758,834,727,53,23,31
0xa8a7b5,70.5426%,76,182,258,40,43,33,142
0x49e968,97.399%,76,2846,2922,7,35,41,2839
0x64adc1,99.6383%,76,20938,21014,0,0,76,20938
0x488e03,97.9836%,76,3693,3769,3687,25,51,6
0x8d41bf,67.7966%,76,160,236,55,39,37,105
0x488a4e,78.7709%,76,282,358,239,36,40,43
0x9f2020,65.1376%,76,142,218,24,43,33,118
0xa94a6d,63.4615%,76,132,208,94,38,38,38
0x5547af,93.4142%,76,1078,1154,0,0,76,1078
0x596baf,96.7199%,76,2241,2317,340,46,30,1901
0x60dc14,78.4091%,76,276,352,29,49,27,247
0x805914,96.9342%,76,2403,2479,1545,33,43,858
0x40d2d9,93.9968%,76,1190,1266,1163,41,35,27
0xa36a49,85.8998%,76,463,539,460,25,51,3
0x409aa4,84.9802%,76,430,506,154,42,34,276
0x8ec3df,85.3282%,76,442,518,56,43,33,386
0x5f85ee,96.4937%,75,2064,2139,370,39,36,1694
0x80dcd2,93.3746%,75,1057,1132,297,43,32,760
0x5c4f7b,91.7673%,75,836,911,713,32,43,123
0xa505f0,90.4092%,75,707,782,701,15,60,6
0xa34d88,92.5447%,75,931,1006,702,39,36,229
0x8f2954,96.142%,75,1869,1944,960,22,53,909
0x8e0f48,98.2105%,75,4116,4191,2207,7,68,1909
0x4bad5d,92.2037%,75,887,962,350,33,42,537
0x4bb0f9,85.7955%,75,453,528,147,41,34,306
0xa527fb,87.5415%,75,527,602,382,28,47,145
0x40ffa0,97.7376%,75,3240,3315,62,16,59,3178
0x50d337,93.8272%,75,1140,1215,689,27,48,451
0x8171d0,86.631%,75,486,561,86,40,35,400
0x609ccb,88.7387%,75,591,666,16,37,38,575
0x81beba,90.2471%,75,694,769,612,18,57,82
0xa32a38,94.1269%,75,1202,1277,1195,23,52,7
0x48a726,97.7106%,75,3201,3276,1119,35,40,2082
0x90018b,99.1023%,75,8280,8355,217,51,24,8063
0x9f4abb,78.51%,75,274,349,68,54,21,206
0x539b76,93.5177%,75,1082,1157,119,36,39,963
0x8bb1a5,97.814%,75,3356,3431,3004,34,41,352
0x5069dc,89.8649%,75,665,740,220,52,23,445
0x60b144,98.9698%,75,7205,7280,500,46,29,6705
0x9f3306,67.5325%,75,156,231,24,47,28,132
0x488d0b,98.0361%,75,3744,3819,3739,23,52,5
0x53b23f,96.9647%,74,2364,2438,2340,35,39,24
0x80a463,83.6645%,74,379,453,301,26,48,78
0x80591c,91.7869%,74,827,901,646,31,43,181
0x6041ee,47.1429%,74,66,140,29,50,24,37
0x8da180,89.1813%,74,610,684,486,22,52,124
0x9e62cc,69.1667%,74,166,240,23,49,25,143
0x8e3859,79.7814%,74,292,366,143,16,58,149
0x81c4f0,81.6832%,74,330,404,321,21,53,9
0x638d3c,58.6592%,74,105,179,62,37,37,43
0xa55302,72.0755%,74,191,265,31,36,38,160
0x81b28e,76.5079%,74,241,315,214,19,55,27
0x48e7c6,98.2977%,74,4273,4347,4266,25,49,7
0x8fdc2d,93.4859%,74,1062,1136,342,38,36,720
0xa50b03,77.0186%,74,248,322,42,39,35,206
0x900187,99.1291%,74,8423,8497,112,30,44,8311
0x911714,63.1841%,74,127,201,69,34,40,58
0x5d8b86,68.6441%,74,162,236,44,55,19,118
0x9007cf,98.0203%,74,3664,3738,3652,68,6,12
0x40d397,97.06%,74,2443,2517,1286,58,16,1157
0x610c49,78.4257%,74,269,343,143,46,28,126
0x5b9c3c,60%,74,111,185,28,45,29,83
0x503e58,76.2058%,74,237,311,218,39,35,19
0x4b5658,74.216%,74,213,287,57,39,35,156
0x5521ea,96.5188%,73,2024,2097,8,52,21,2016
0x81e324,96.7613%,73,2181,2254,1404,27,46,777
0x5fe1eb,91.9158%,73,830,903,754,23,50,76
0x90a465,96.8696%,73,2259,2332,260,48,25,1999
0x4ba553,80.429%,73,300,373,180,29,44,120
0x5fd612,95.2443%,73,1462,1535,419,52,21,1043
0x6041fb,99.6727%,73,22234,22307,0,0,73,22234
0x8ff258,74.6528%,73,215,288,79,39,34,136
0x547e7a,90.5928%,73,703,776,185,46,27,518
0x8dae16,92.4037%,73,888,961,13,60,13,875
0x488aa5,95.3592%,73,1500,1573,999,48,25,501
0x8e34ba,98.2582%,73,4118,4191,2202,12,61,1916
0x8bc76f,96.7756%,73,2191,2264,1075,35,38,1116
0xb31c0c,99.6623%,73,21542,21615,0,0,73,21542
0x40f3b4,98.0895%,73,3748,3821,3073,37,36,675
0x8de165,94.1271%,73,1170,1243,21,27,46,1149
0x8f5806,88.9394%,73,587,660,533,32,41,54
0x9f5895,81.4721%,73,321,394,112,47,26,209
0x403f46,96.7996%,73,2208,2281,1602,34,39,606
0x49e1b1,93.8292%,73,1110,1183,1109,32,41,1
0x8e09e0,97.5068%,73,2855,2928,2581,23,50,274
0x49ee49,83.9912%,73,383,456,267,35,38,116
0x81eda0,70.5645%,73,175,248,132,37,36,43
0x817bec,93.1648%,73,995,1068,239,39,34,756
0xa2647a,95.6418%,73,1602,1675,1009,49,24,593
0x53df37,98.4002%,73,4490,4563,464,46,27,4026
0xa3080b,79.6089%,73,285,358,117,33,40,168
0x81f214,96.2137%,73,1855,1928,137,39,34,1718
0x5448b7,93.0937%,73,984,1057,853,26,47,131
0x4fd923,96.0109%,73,1757,1830,1749,31,42,8
0xa39cee,91.3772%,72,763,835,44,39,33,719
0x50cb8f,83.3333%,72,360,432,335,32,40,25
0x9be5ab,81.1518%,72,310,382,72,52,20,238
0x81b36f,89.8305%,72,636,708,170,36,36,466
0xa94466,67.8571%,72,152,224,109,29,43,43
0xa5f889,77.5%,72,248,320,143,41,31,105
0x9441ef,92.4211%,72,878,950,54,36,36,824
0x509d1e,92.638%,72,906,978,519,32,40,387
0x5f8ecd,72.6236%,72,191,263,50,34,38,141
0x80c184,91.7714%,72,803,875,287,44,28,516
0x58ffdc,98.9999%,72,7127,7199,627,36,36,6500
0xb2fcd9,99.6803%,72,22447,22519,0,0,72,22447
0x5df28d,95.3608%,72,1480,1552,1453,36,36,27
0x9ea37a,80.8511%,72,304,376,288,16,56,16
0x815150,67.5676%,72,150,222,124,19,53,26
0x807f67,87.0504%,72,484,556,470,24,48,14
0x8f4bc3,97.1257%,72,2433,2505,2300,29,43,133
0x8fdfc9,95.9844%,72,1721,1793,541,33,39,1180
0xa8ab97,72.093%,72,186,258,40,43,29,146
0x4b4912,80.593%,72,299,371,58,53,19,241
0x534a9c,47.4453%,72,65,137,38,43,29,27
0x8ae9c4,80.1653%,72,291,363,116,30,42,175
0x54f586,97.637%,72,2975,3047,3,46,26,2972
0x51b97f,98.6338%,72,5198,5270,5129,34,38,69
0x552a4c,94.775%,72,1306,1378,621,41,31,685
0x40f514,99.8674%,72,54242,54314,54242,72,0,0
0x4b497b,93.1927%,71,972,1043,863,42,29,109
0x81c300,96.0708%,71,1736,1807,1734,4,67,2
0x80e99a,93.3892%,71,1003,1074,515,33,38,488
0x50d7cb,75.0877%,71,214,285,17,15,56,197
0x8e5ae1,88.9236%,71,570,641,151,39,32,419
0x5104ff,83.3333%,71,355,426,324,38,33,31
0x8eb81a,96.9941%,71,2291,2362,2056,29,42,235
0x8dfea4,87.9252%,71,517,588,190,28,43,327
0x4b4fd4,81.4136%,71,311,382,68,43,28,243
0x533bae,94.7368%,71,1278,1349,670,65,6,608
0xa396c4,88.2255%,71,532,603,289,24,47,243
0x643769,63.5897%,71,124,195,122,34,37,2
0x80a578,78.2875%,71,256,327,58,45,26,198
0x816803,77.4603%,71,244,315,175,36,35,69
0x40e1b9,88.6943%,71,557,628,515,39,32,42
0x5bae82,64.5%,71,129,200,17,44,27,112
0x81426e,95.469%,71,1496,1567,1456,30,41,40
0x48ce16,98.0759%,71,3619,3690,0,55,16,3619
0x511f18,98.2534%,71,3994,4065,3826,27,44,168
0x80c000,93.8422%,71,1082,1153,1026,13,58,56
0x8e1157,98.3059%,71,4120,4191,80,38,33,4040
0x534447,98.7629%,71,5668,5739,6,30,41,5662
0x53ecf9,90.8505%,71,705,776,183,48,23,522
0xb32263,99.752%,71,28557,28628,0,0,71,28557
0xad7e12,97.5201%,71,2792,2863,0,0,71,2792
0x8b985c,99.3237%,71,10428,10499,767,33,38,9661
0x4a7203,81.7949%,71,319,390,192,34,37,127
0x53a30f,97.1486%,71,2419,2490,2396,31,40,23
0x5481c3,99.3478%,71,10815,10886,108,51,20,10707
0x8e2b01,97.0973%,71,2375,2446,25,39,32,2350
0x807f55,87.4101%,70,486,556,8,44,26,478
0x66810e,87.037%,70,470,540,262,38,32,208
0x49ec03,85.5072%,70,413,483,111,50,20,302
0x8a9901,97.7273%,70,3010,3080,1570,40,30,1440
0x537b0c,96.572%,70,1972,2042,1272,39,31,700
0x8ed995,88.5057%,70,539,609,109,49,21,430
0x8ecfdb,65%,70,130,200,124,22,48,6
0x5395ca,79.6512%,70,274,344,194,41,29,80
0xa45299,93.6364%,70,1030,1100,689,13,57,341
0x5f7954,89.3778%,70,589,659,273,34,36,316
0x60a6eb,96.0452%,70,1700,1770,21,32,38,1679
0x5f05d6,91.0941%,70,716,786,290,35,35,426
0xa5d097,84.0183%,70,368,438,234,39,31,134
0x541198,99.5056%,70,14089,14159,1200,45,25,12889
0x539d1b,91.0828%,70,715,785,708,23,47,7
0xb2fce6,99.6892%,70,22449,22519,0,0,70,22449
0x8ea2a7,94.2857%,70,1155,1225,1155,24,46,0
0x9e2606,92.6471%,70,882,952,311,37,33,571
0x9e74c6,94.8378%,70,1286,1356,352,48,22,934
0x8ef167,88.5057%,70,539,609,194,45,25,345
0xa2a8f5,59.7701%,70,104,174,23,38,32,81
0x9ed669,88.4298%,70,535,605,529,17,53,6
0x9f0b2f,89.426%,70,592,662,110,39,31,482
0x5436f3,74.9104%,70,209,279,121,20,50,88
0xa8fb04,72.549%,70,185,255,47,38,32,138
0x502cbb,96.7487%,70,2083,2153,744,44,26,1339
0x9a91ff,71.7742%,70,178,248,159,24,46,19
0x4bbf38,96.3022%,70,1823,1893,1467,25,45,356
0x8eee29,88.5057%,70,539,609,126,32,38,413
0x8e311d,98.3298%,70,4121,4191,2156,58,12,1965
0x48bff6,89.5678%,70,601,671,505,22,48,96
0xa9009b,75.1773%,70,212,282,36,40,30,176
0x409952,73.1801%,70,191,261,48,36,34,143
0xb2e694,99.5244%,70,14648,14718,14629,43,27,19
0xa90733,81.6273%,70,311,381,111,42,28,200
0xa2fb64,89.2473%,70,581,651,319,39,31,262
0xa3349b,98.5257%,70,4678,4748,3004,41,29,1674
0x8dfd02,93.2171%,70,962,1032,287,51,19,675
0x533d72,66.9856%,69,140,209,140,9,60,0
0xa91b04,80.9917%,69,294,363,17,41,28,277
0x8bc7fc,99.698%,69,22780,22849,728,36,33,22052
0x49b2d7,92.8423%,69,895,964,4,47,22,891
0x8fe133,97.7084%,69,2942,3011,2883,56,13,59
0x9ebb02,81.9372%,69,313,382,72,52,17,241
0x5111b5,92.9158%,69,905,974,213,27,42,692
0x9f5977,64.433%,69,125,194,23,36,33,102
0x40d080,99.1776%,69,8321,8390,0,0,69,8321
0x49c7d9,75.0903%,69,208,277,190,31,38,18
0x8f6167,80.1724%,69,279,348,135,42,27,144
0x8feefc,78.2334%,69,248,317,151,43,26,97
0x5579a1,86.6279%,69,447,516,103,54,15,344
0x9f0c70,63.6842%,69,121,190,46,34,35,75
0x906d86,64.7959%,69,127,196,16,41,28,111
0x835d7a,57.1429%,69,92,161,23,30,39,69
0x66f582,66.5049%,69,137,206,40,33,36,97
0x54f7bb,92.7215%,69,879,948,8,53,16,871
0x5cf3eb,96.3703%,69,1832,1901,1534,32,37,298
0x80bcab,86.4173%,69,439,508,296,36,33,143
0x80a552,75.5319%,69,213,282,131,25,44,82
0xb3226c,99.759%,69,28559,28628,28559,69,0,0
0x48eaf6,90.9804%,69,696,765,317,25,44,379
0x512a22,87.8947%,69,501,570,387,33,36,114
0xa5942b,76.4505%,69,224,293,44,37,32,180
0x5343f7,99.2287%,69,8877,8946,16,25,44,8861
0x9e3cad,94.6841%,69,1229,1298,976,19,50,253
0x8ea26d,97.211%,69,2405,2474,1193,32,37,1212
0x917751,80.2857%,69,281,350,123,39,30,158
0x502f79,97.2565%,69,2446,2515,2322,23,46,124
0x4b68d5,55.4839%,69,86,155,80,26,43,6
0xb2e5d9,99.7641%,69,29180,29249,0,0,69,29180
0x80eb4e,93.5754%,69,1005,1074,611,31,38,394
0x40d640,92.5%,69,851,920,71,29,40,780
0x9eef80,59.4118%,69,101,170,66,29,40,35
0x4b5925,85.4701%,68,400,468,135,40,28,265
0x65a3c0,97.0903%,68,2269,2337,1603,28,40,666
0x902716,94.188%,68,1102,1170,69,34,34,1033
0x591479,86.9981%,68,455,523,143,37,31,312
0x9a7f20,91.9811%,68,780,848,733,15,53,47
0x50d64c,94.143%,68,1093,1161,1046,36,32,47
0x80e7cc,91.3486%,68,718,786,615,23,45,103
0xb31be7,99.6854%,68,21547,21615,0,0,68,21547
0x8e01d8,95.4937%,68,1441,1509,8,2,66,1433
0x53ba5c,88.5714%,68,527,595,169,34,34,358
0x80765e,87.6364%,68,482,550,474,17,51,8
0x559153,92.4779%,68,836,904,457,31,37,379
0x50454f,90.8108%,68,672,740,578,26,42,94
0x90a057,93.3723%,68,958,1026,64,45,23,894
0xa3a4ad,90.2857%,68,632,700,335,45,23,297
0x508a61,87.242%,68,465,533,403,36,32,62
0x5522b7,96.6618%,68,1969,2037,5,44,24,1964
0xaa05e0,94.2857%,68,1122,1190,1103,20,48,19
0x8fd430,97.8583%,68,3107,3175,9,25,43,3098
0x54248c,94.6414%,68,1201,1269,1099,36,32,102
0x508cbe,88.1533%,68,506,574,405,33,35,101
0xa330e3,76.0563%,68,216,284,89,33,35,127
0x8e40cc,97.0422%,68,2231,2299,584,39,29,1647
0xa2dfd9,78.5489%,68,249,317,199,32,36,50
0x640102,96.3382%,68,1789,1857,1193,14,54,596
0x9a8080,92.5845%,68,849,917,830,22,46,19
0x805a7b,97.5583%,68,2717,2785,2030,29,39,687
0x80f698,54.7297%,67,81,148,49,31,36,32
0x49ff38,98.5349%,67,4506,4573,403,35,32,4103
0x49eabb,96.6466%,67,1931,1998,1931,25,42,0
0x98b32d,79.8193%,67,265,332,26,37,30,239
0xa510a6,73.5178%,67,186,253,161,26,41,25
0x8e2077,87.3346%,67,462,529,275,34,33,187
0x9f9381,74.717%,67,198,265,149,30,37,49
0x402bcd,96.2211%,67,1706,1773,25,48,19,1681
0x94507b,87.3346%,67,462,529,37,21,46,425
0x50c994,87.2865%,67,460,527,53,34,33,407
0x404477,97.192%,67,2319,2386,332,35,32,1987
0x9f285b,91.8293%,67,753,820,170,43,24,583
0xad7ee4,96.3626%,67,1775,1842,1623,46,21,152
0x403b48,96.1472%,67,1672,1739,1125,19,48,547
0x80ffc7,97.6833%,67,2825,2892,2193,27,40,632
0x545768,97.4821%,67,2594,2661,132,36,31,2462
0x53aea2,91.4541%,67,717,784,709,22,45,8
0x8ef0cd,92.5721%,67,835,902,435,16,51,400
0x63ec0d,93.0281%,67,894,961,199,31,36,695
0x8fe240,99.7801%,67,30398,30465,30398,67,0,0
0x810445,94.2142%,67,1091,1158,563,41,26,528
0xaa8076,87.3346%,67,462,529,228,38,29,234
0x8149d7,79.697%,67,263,330,252,15,52,11
0x48e88b,97.819%,67,3005,3072,3003,28,39,2
0x5f859c,96.4792%,67,1836,1903,1629,31,36,207
0x8a8946,85.3712%,67,391,458,312,23,44,79
0x403afb,97.0717%,67,2221,2288,1712,27,40,509
0x48c5c7,90.1639%,66,605,671,510,17,49,95
0x5411a0,99.4889%,66,12848,12914,955,36,30,11893
0x807fa0,61.6279%,66,106,172,63,34,32,43
0xa9075f,70.4036%,66,157,223,36,40,26,121
0x9a9220,80.758%,66,277,343,254,24,42,23
0x80546e,94.6602%,66,1170,1236,1115,32,34,55
0x49ec46,59.0062%,66,95,161,12,31,35,83
0xa39e10,94.9113%,66,1231,1297,261,31,35,970
0x80f64e,99.0585%,66,6944,7010,2476,24,42,4468
0xb3151a,70.6667%,66,159,225,9,29,37,150
0x8e186a,99.7273%,66,24133,24199,0,0,66,24133
0x8e2f88,96.6616%,66,1911,1977,1739,29,37,172
0x66806a,97.1103%,66,2218,2284,2197,27,39,21
0x9e25f7,94.741%,66,1189,1255,277,26,40,912
0x8fe4db,97.0122%,66,2143,2209,1335,31,35,808
0x9f3f17,79.6296%,66,258,324,90,28,38,168
0xa90944,83.8631%,66,343,409,127,37,29,216
0x9a7660,87.9562%,66,482,548,478,21,45,4
0x409894,86.9565%,66,440,506,165,31,35,275
0x9ea6f7,65.2632%,66,124,190,68,25,41,56
0xa3ba98,81.25%,66,286,352,93,31,35,193
0x512a7d,94.0966%,66,1052,1118,109,37,29,943
0x48a27c,98.9307%,66,6106,6172,2045,44,22,4061
0x8ff3d0,79.8165%,66,261,327,169,31,35,92
0x8a6219,86.25%,66,414,480,6,50,16,408
0x81e89d,91.8418%,66,743,809,34,43,23,709
0x9f52d1,81.0888%,66,283,349,197,25,41,86
0x8ee1fd,72.6141%,66,175,241,31,27,39,144
0x485dc3,85.5895%,66,392,458,229,36,30,163
0x5020dd,55.4054%,66,82,148,59,19,47,23
0x81bf7b,81.6156%,66,293,359,287,20,46,6
0x8e4a6a,98.3095%,65,3780,3845,3637,30,35,143
0x9f4741,89.0572%,65,529,594,148,29,36,381
0xaa149b,81.8942%,65,294,359,127,37,28,167
0x813687,80.303%,65,265,330,240,29,36,25
0x643467,91.2043%,65,674,739,52,38,27,622
0x7d409f,92.8018%,65,838,903,329,40,25,509
0xb2ae27,97.9611%,65,3123,3188,2119,31,34,1004
0xa02407,86.1702%,65,405,470,111,17,48,294
0x8eefd1,94.6634%,65,1153,1218,1113,21,44,40
0x8c806b,97.2127%,65,2267,2332,275,33,32,1992
0x8d3cfc,93.2782%,65,902,967,322,31,34,580
0x5059de,62.8571%,65,110,175,54,28,37,56
0xa52d74,82.0937%,65,298,363,248,29,36,50
0x8a517e,79.8137%,65,257,322,175,17,48,82
0x554871,94.3674%,65,1089,1154,208,39,26,881
0x8d3916,82.3848%,65,304,369,282,18,47,22
0xa2fe83,76.5343%,65,212,277,87,30,35,125
0x80fd88,99.6586%,65,18975,19040,17827,23,42,1148
0x60df84,93.7198%,65,970,1035,684,33,32,286
0xa92d3f,71.6814%,64,162,226,121,27,37,41
0x9fb032,65.7754%,64,123,187,84,40,24,39
0x404785,89.5765%,64,550,614,166,51,13,384
0x9e299b,91.0987%,64,655,719,432,32,32,223
0xb31412,88.3212%,64,484,548,333,15,49,151
0x4098da,79.2208%,64,244,308,216,29,35,28
0x8130ad,95.5401%,64,1371,1435,11,45,19,1360
0x780d9a,93.2844%,64,889,953,116,36,28,773
0x80a56b,85.2874%,64,371,435,68,40,24,303
0x4102ff,98.9282%,64,5907,5971,138,52,12,5769
0x9523e9,83.7563%,64,330,394,90,40,24,240
0x49e4b7,60.2484%,64,97,161,7,36,28,90
0x54f657,96.8841%,64,1990,2054,1002,37,27,988
0x8e47bd,92.4971%,64,789,853,459,21,43,330
0x54832f,99.5477%,64,14087,14151,14067,51,13,20
0x555d68,94.0796%,64,1017,1081,7,49,15,1010
0xb2fa8a,99.7753%,64,28416,28480,0,0,64,28416
0xa511d6,62.3529%,64,106,170,82,32,32,24
0x6775eb,78.8779%,64,239,303,22,30,34,217
0xa26317,93.858%,64,978,1042,230,40,24,748
0x6431f1,83.2021%,64,317,381,76,39,25,241
0xa45caf,68.6275%,64,140,204,43,33,31,97
0x810007,97.1171%,64,2156,2220,1681,35,29,475
0x5f796c,81.8182%,64,288,352,22,35,29,266
0x8a5f46,73.444%,64,177,241,112,44,20,65
0x4b7830,85.6823%,64,383,447,1,1,63,382
0x815195,80.6061%,64,266,330,244,23,41,22
0x8f4af6,98.7556%,64,5079,5143,2619,19,45,2460
0x80471a,71.3004%,64,159,223,75,32,32,84
0x596851,97.1416%,64,2175,2239,2161,51,13,14
0x8dd380,97.2162%,64,2235,2299,636,32,32,1599
0x5521a7,95.8656%,64,1484,1548,0,21,43,1484
0x507591,96%,64,1536,1600,1534,16,48,2
0x5928dd,96.1837%,64,1613,1677,646,27,37,967
0xb3ab09,97.7644%,63,2755,2818,476,32,31,2279
0x80c194,85.1765%,63,362,425,121,39,24,241
0xa8a712,64%,63,112,175,82,26,37,30
0x8d9d45,95.7172%,63,1408,1471,1373,15,48,35
0x40439a,97.3596%,63,2323,2386,60,32,31,2263
0x9118e4,93.913%,63,972,1035,337,33,30,635
0x8ef909,89.6552%,63,546,609,118,40,23,428
0x8d2567,85.2459%,63,364,427,161,26,37,203
0xa2fb8b,82.4022%,63,295,358,184,36,27,111
0x48e77f,98.5884%,63,4400,4463,4389,30,33,11
0xa35c9f,94.8148%,63,1152,1215,160,32,31,992
0x64b3fc,99.7147%,63,22019,22082,17,4,59,22002
0xa4957f,87.5494%,63,443,506,75,27,36,368
0xa5607b,76.1364%,63,201,264,148,24,39,53
0x810623,88.4191%,63,481,544,353,27,36,128
0x910f38,97.2124%,63,2197,2260,1134,34,29,1063
0x50ca0b,95.4282%,63,1315,1378,1240,11,52,75
0x65a1a6,96.8101%,63,1912,1975,553,41,22,1359
0x4bb2b4,85.7788%,63,380,443,339,32,31,41
0x4b4960,75.7692%,63,197,260,61,34,29,136
0xb2e5e3,99.7846%,63,29186,29249,0,0,63,29186
0x9e55b7,62.7219%,63,106,169,56,32,31,50
0xb347bf,84.7458%,63,350,413,258,27,36,92
0x4bba39,80.0633%,63,253,316,180,24,39,73
0x9f19eb,83.5509%,63,320,383,9,42,21,311
0x508cd9,53.6765%,63,73,136,53,25,38,20
0x50a0b1,70.283%,63,149,212,102,34,29,47
0x48a004,98.4823%,63,4088,4151,4061,22,41,27
0x512bce,98.9059%,63,5695,5758,808,53,10,4887
0x502251,72.3684%,63,165,228,69,28,35,96
0xa41f7e,83.2447%,63,313,376,61,26,37,252
0xa238d7,63.3721%,63,109,172,21,41,22,88
0x890e1e,82.5485%,63,298,361,157,34,29,141
0x8e0e90,84.7458%,63,350,413,70,22,41,280
0x40e398,85.7466%,63,379,442,352,36,27,27
0x834243,76.8382%,63,209,272,82,28,35,127
0x5971f7,75.9542%,63,199,262,21,30,33,178
0x558054,94.4785%,63,1078,1141,62,35,28,1016
0x50d971,88.6894%,63,494,557,118,43,20,376
0x40e625,96.6454%,63,1815,1878,270,18,45,1545
0x8044ea,75.4941%,62,191,253,165,33,29,26
0xa5297b,89.701%,62,540,602,390,20,42,150
0x833f6d,87.4747%,62,433,495,386,29,33,47
0x94c59b,88.9286%,62,498,560,415,41,21,83
0x8dd0f3,91.3649%,62,656,718,128,47,15,528
0x8119d6,92.6453%,62,781,843,618,28,34,163
0x51b09b,79.538%,62,241,303,5,47,15,236
0x80f611,99.1245%,62,7020,7082,35,37,25,6985
0x8c92fa,93.2609%,62,858,920,310,34,28,548
0x5080a3,84.1837%,62,330,392,98,38,24,232
0x49a6a1,91.8848%,62,702,764,209,56,6,493
0x8c7db9,95.8804%,62,1443,1505,769,28,34,674
0x81d312,83.3333%,62,310,372,156,26,36,154
0x9a9ade,70.6161%,62,149,211,55,35,27,94
0x4ace74,74.2739%,62,179,241,20,40,22,159
0xa30935,63.5294%,62,108,170,48,37,25,60
0x591add,98.4004%,62,3814,3876,3676,29,33,138
0x60a99b,89.2734%,62,516,578,33,45,17,483
0x81cf7d,74.3802%,62,180,242,26,34,28,154
0x81d5cb,86.036%,62,382,444,197,31,31,185
0x51b41b,98.0179%,62,3066,3128,653,28,34,2413
0x406b12,90.4321%,62,586,648,586,62,0,0
0x8c954f,89.2361%,62,514,576,447,31,31,67
0x64ace1,99.7572%,62,25478,25540,105,17,45,25373
0xb0ccc3,98.033%,62,3090,3152,1579,24,38,1511
0x5389a4,96.4833%,62,1701,1763,582,37,25,1119
0x8d2436,90.5632%,62,595,657,186,44,18,409
0x5119e3,93.667%,62,917,979,310,15,47,607
0xa66127,64.5714%,62,113,175,27,35,27,86
0xa56ecb,83.7696%,62,320,382,71,53,9,249
0x512307,97.012%,62,2013,2075,1332,34,28,681
0x8c726f,70.7547%,62,150,212,56,37,25,94
0x81caaf,65.9341%,62,120,182,107,15,47,13
0x91169d,69.1542%,62,139,201,41,36,26,98
0x4c1bb0,87.9377%,62,452,514,283,31,31,169
0x50bf9d,43.6364%,62,48,110,9,35,27,39
0xa42949,96.8938%,62,1934,1996,859,32,30,1075
0x821034,78.4722%,62,226,288,150,52,10,76
0x9bb67f,63.9535%,62,110,172,81,29,33,29
0xa30a5b,86.0045%,62,381,443,120,29,33,261
0xb2dfdc,78.8927%,61,228,289,9,39,22,219
0x40219a,98.8687%,61,5331,5392,0,0,61,5331
0xb30265,99.0529%,61,6380,6441,0,0,61,6380
0x8a7460,68.8776%,61,135,196,16,36,25,119
0x7ce465,64.3275%,61,110,171,22,31,30,88
0x807889,95.264%,61,1227,1288,1083,28,33,144
0x5104cc,98.2262%,61,3378,3439,2175,38,23,1203
0x77ff68,97.3786%,61,2266,2327,675,36,25,1591
0xa42a6c,97.8871%,61,2826,2887,1883,23,38,943
0x503e27,96.3341%,61,1603,1664,1594,18,43,9
0x533b0a,97.0659%,61,2018,2079,1422,43,18,596
0x8a2aa3,82.5714%,61,289,350,30,39,22,259
0x53c685,94.8826%,61,1131,1192,406,45,16,725
0x48ebcb,63.9053%,61,108,169,44,35,26,64
0x80887d,81.3456%,61,266,327,69,27,34,197
0x410749,68.3938%,61,132,193,121,18,43,11
0x818b4e,97.3009%,61,2199,2260,48,32,29,2151
0x502797,94.7049%,61,1091,1152,1091,59,2,0
0x55926e,92.0573%,61,707,768,7,36,25,700
0xb2fe33,80.8777%,61,258,319,15,36,25,243
0x542d30,97.0531%,61,2009,2070,150,41,20,1859
0x48e4dc,99.1264%,61,6922,6983,6811,22,39,111
0x50d6cb,89.5369%,61,522,583,43,41,20,479
0x8bca75,93.3983%,61,863,924,738,28,33,125
0x60b2dc,96.8262%,61,1861,1922,994,19,42,867
0xa027e3,98.6202%,61,4360,4421,0,27,34,4360
0x5914b7,88.3365%,61,462,523,354,29,32,108
0x5fa269,87.6518%,61,433,494,141,24,37,292
0x9ee317,74.3697%,61,177,238,139,36,25,38
0x8da5b5,93.5484%,60,870,930,40,34,26,830
0x8ec3eb,85.6802%,60,359,419,168,35,25,191
0x599186,98.7983%,60,4933,4993,4610,29,31,323
0x8050a2,81.8182%,60,270,330,28,35,25,242
0xa01e11,74.7899%,60,178,238,171,26,34,7
0xb327f0,93.9148%,60,926,986,369,30,30,557
0x502e88,99.2375%,60,7809,7869,11,32,28,7798
0x8a34a3,75.1037%,60,181,241,181,60,0,0
0x9e744a,86.5772%,60,387,447,35,30,30,352
0xa3045f,90.3692%,60,563,623,35,34,26,528
0x8a3402,87.8049%,60,432,492,426,34,26,6
0x60de79,76.9231%,60,200,260,50,37,23,150
0x5f7987,79.661%,60,235,295,28,35,25,207
0x53a1b4,41.1765%,60,42,102,25,29,31,17
0x50986c,98.6185%,60,4283,4343,600,18,42,3683
0xa2e1fc,85.3659%,60,350,410,269,14,46,81
0x534a88,67.9144%,60,127,187,22,28,32,105
0xa2d24e,91.7582%,60,668,728,667,28,32,1
0x8ef4c3,80.1325%,60,242,302,111,33,27,131
0x9f2867,90.1153%,60,547,607,0,35,25,547
0x8ea272,96.2001%,60,1519,1579,1519,56,4,0
0x8f4d29,98.8145%,60,5001,5061,2555,42,18,2446
0x8fe8a0,98.4424%,60,3792,3852,0,0,60,3792
0xb326a7,99.0686%,60,6382,6442,6382,60,0,0
0xa2e24a,78.7986%,60,223,283,28,36,24,195
0x540255,97.8014%,60,2669,2729,2668,57,3,1
0x4b6291,61.2903%,60,95,155,79,27,33,16
0x48d154,98.0334%,60,2991,3051,2989,21,39,2
0x64387e,95.8246%,60,1377,1437,1377,21,39,0
0x60e10f,61.2903%,60,95,155,45,31,29,50
0x5088fd,88.743%,60,473,533,58,31,29,415
0x63c5fb,93.8606%,59,902,961,0,0,59,902
0x5fb6fa,74.7863%,59,175,234,150,29,30,25
0x8dee7f,97.0922%,59,1970,2029,1868,30,29,102
0x5baf2e,79.7945%,59,233,292,71,31,28,162
0xa56f87,64.881%,59,109,168,23,37,22,86
0x41022b,99.3367%,59,8836,8895,1743,42,17,7093
0x51111f,98.4367%,59,3715,3774,2068,32,27,1647
0x9f9371,82.8986%,59,286,345,53,27,32,233
0x9441fc,93.1395%,59,801,860,2,32,27,799
0x50a90e,41.5842%,59,42,101,34,16,43,8
0x48ef58,82.1752%,59,272,331,237,27,32,35
0x8aed78,84.0108%,59,310,369,103,43,16,207
0xa6611c,77.1318%,59,199,258,48,35,24,151
0xa50488,76.6798%,59,194,253,12,39,20,182
0x50d735,82.1212%,59,271,330,255,17,42,16
0x4b58e8,78.1481%,59,211,270,125,31,28,86
0x8a64b0,76.7717%,59,195,254,72,30,29,123
0x8a96e4,99.1414%,59,6813,6872,3214,40,19,3599
0x54fa9e,75.6198%,59,183,242,183,59,0,0
0x5430d2,93.6898%,59,876,935,558,21,38,318
0xa23717,65.6977%,59,113,172,89,21,38,24
0x53a17b,92.4841%,59,726,785,719,12,47,7
0x53b214,44.3396%,59,47,106,14,43,16,33
0x5fa8fd,90.9509%,59,593,652,129,36,23,464
0x66785c,97.6735%,59,2477,2536,2033,18,41,444
0xa51c30,93.822%,59,896,955,889,10,49,7
0x4051c6,99.2815%,59,8153,8212,891,33,26,7262
0x9a80d4,81.8462%,59,266,325,52,38,21,214
0xa2630b,94.1757%,59,954,1013,366,28,31,588
0xad857c,99.0258%,59,5997,6056,0,0,59,5997
0x53aff4,44.3396%,59,47,106,30,27,32,17
0x53aafb,92.4745%,59,725,784,717,14,45,8
0x821304,98.5553%,59,4025,4084,99,26,33,3926
0x648583,98.0121%,59,2909,2968,2889,23,36,20
0x9eaa60,96.0953%,59,1452,1511,1452,5,54,0
0x9f43d7,76.4%,59,191,250,129,30,29,62
0xa030dc,63.125%,59,101,160,67,25,34,34
0xa584f5,80.3333%,59,241,300,96,23,36,145
0x8e9233,93.6078%,59,864,923,227,42,17,637
0x40f673,99.1413%,59,6812,6871,6812,59,0,0
0x4ba436,82.0122%,59,269,328,55,30,29,214
0x508919,86.7117%,59,385,444,332,18,41,53
0xa94342,56.9343%,59,78,137,51,27,32,27
0x8209ee,98.3352%,59,3485,3544,2925,31,28,560
0x501ee8,69.6335%,58,133,191,70,19,39,63
0x4bb346,86.5429%,58,373,431,114,28,30,259
0x54eb94,97.2897%,58,2082,2140,2082,15,43,0
0x81d4a8,68.1319%,58,124,182,114,8,50,10
0x40e6a7,96.6647%,58,1681,1739,1628,28,30,53
0x4bed20,93.7634%,58,872,930,506,36,22,366
0xa35ce4,95.2263%,58,1157,1215,86,20,38,1071
0x488b36,96.3128%,58,1515,1573,1513,38,20,2
0x4bc0bd,79.5775%,58,226,284,138,25,33,88
0x816b4b,97.5445%,58,2304,2362,819,23,35,1485
0xa52200,90.6752%,58,564,622,519,10,48,45
0x4a7979,91.2121%,58,602,660,598,25,33,4
0x82241d,86.2233%,58,363,421,158,28,30,205
0x5f826c,92.5258%,58,718,776,199,32,26,519
0x4bbe4b,93.5412%,58,840,898,673,27,31,167
0x8f1854,58.2734%,58,81,139,30,22,36,51
0x815a07,58.2734%,58,81,139,25,30,28,56
0x5b02ae,88.6275%,58,452,510,333,21,37,119
0x49ae82,81.4696%,58,255,313,249,25,33,6
0x8aed9b,70.7071%,58,140,198,119,20,38,21
0x9e506c,75.6303%,58,180,238,43,26,32,137
0x48da0c,84.6154%,58,319,377,311,20,38,8
0x977a8d,81.6456%,58,258,316,255,22,36,3
0x804fc1,82.4242%,58,272,330,242,25,33,30
0x59c98d,64.1975%,58,104,162,51,31,27,53
0x503838,71.8447%,58,148,206,34,39,19,114
0x4fd96e,93.4016%,58,821,879,749,23,35,72
0x49063e,78.7546%,58,215,273,108,30,28,107
0x9e0188,94.5996%,58,1016,1074,941,46,12,75
0xa35395,95.1947%,58,1149,1207,894,28,30,255
0x8a2743,79.3594%,58,223,281,9,17,41,214
0x64b4af,95.5004%,58,1231,1289,1192,35,23,39
0x5f530c,98.4697%,58,3732,3790,748,38,20,2984
0x8b97b0,99.6446%,58,16261,16319,0,0,58,16261
0x8f1847,70.8543%,58,141,199,31,29,29,110
0x403e79,99.0574%,58,6095,6153,703,49,9,5392
0x8a668d,61.8421%,58,94,152,25,29,29,69
0x54f33c,94.2857%,58,957,1015,957,41,17,0
0xb301be,86.9369%,58,386,444,0,0,58,386
0x8ec3af,82.0988%,58,266,324,108,31,27,158
0xa04f97,61.0738%,58,91,149,15,42,16,76
0x8f35ee,90.5997%,58,559,617,208,31,27,351
0x819c8c,95.8032%,58,1324,1382,1310,18,40,14
0x81e96a,97.8637%,58,2657,2715,2175,18,40,482
0x9e24ad,90.3654%,58,544,602,48,28,30,496
0xb2faf5,99.3083%,58,8327,8385,0,0,58,8327
0x8dc29e,92.6735%,57,721,778,657,11,46,64
0x507cde,66.8605%,57,115,172,37,26,31,78
0x8fd4fe,79.1209%,57,216,273,154,34,23,62
0x787d20,93.0233%,57,760,817,535,22,35,225
0x811c5a,87.9237%,57,415,472,22,33,24,393
0x59298c,91.5305%,57,616,673,597,41,16,19
0x49e74e,98.8315%,57,4821,4878,0,0,57,4821
0x9ea6a3,80.3448%,57,233,290,141,26,31,92
0x78ab4b,93.9168%,57,880,937,773,31,26,107
0x904104,93.9937%,57,892,949,892,57,0,0
0x8ebbbd,96.6272%,57,1633,1690,443,22,35,1190
0xa2fb8f,91.6053%,57,622,679,66,29,28,556
0x51b06f,84.2975%,57,306,363,24,33,24,282
0x818e12,92.6546%,57,719,776,2,32,25,717
0x81d56b,88.2716%,57,429,486,180,30,27,249
0x900559,99.7252%,57,20689,20746,162,40,17,20527
0xa45f00,52.5%,57,63,120,30,30,27,33
0xa41db1,96.9761%,57,1828,1885,170,35,22,1658
0xa5548f,78.4906%,57,208,265,104,31,26,104
0x7d09c4,91.9378%,57,650,707,32,47,10,618
0x950143,97.3721%,57,2112,2169,24,27,30,2088
0x9095c0,96.9272%,57,1798,1855,1710,28,29,88
0x8d32ea,75.8475%,57,179,236,161,24,33,18
0xacfad0,75.2174%,57,173,230,62,33,24,111
0x4bc373,96.1796%,57,1435,1492,1132,31,26,303
0x96928c,67.4286%,57,118,175,56,33,24,62
0x8091fa,71.3568%,57,142,199,45,31,26,97
0x60dcbf,94.7993%,57,1039,1096,900,22,35,139
0x8f140d,93.9103%,57,879,936,457,28,29,422
0xa35f29,82.7795%,57,274,331,245,36,21,29
0xa9ea20,74.7788%,57,169,226,33,25,32,136
0x9742df,89.7112%,57,497,554,276,32,25,221
0xb4668a,99.2552%,57,7596,7653,7596,57,0,0
0x4044b4,97.1768%,57,1962,2019,684,15,42,1278
0xa4bd5d,77.4704%,57,196,253,190,23,34,6
0x8ee2be,68.8525%,57,126,183,21,32,25,105
0x9faff9,85.422%,57,334,391,46,32,25,288
0xa58548,65.6627%,57,109,166,70,37,20,39
0xa948dc,87.2768%,57,391,448,196,28,29,195
0xb28b06,98.6522%,57,4172,4229,1379,32,25,2793
0xa36828,87.0748%,57,384,441,18,35,22,366
0x6105a7,80.0699%,57,229,286,69,24,33,160
0xa02792,95.9972%,57,1367,1424,3,32,25,1364
0x978558,87.5817%,57,402,459,149,23,34,253
0x8e2fd0,97.1168%,57,1920,1977,1721,19,38,199
0x9a1f20,71.9212%,57,146,203,37,32,25,109
0xa46cdb,82.5153%,57,269,326,77,19,38,192
0xa3bad3,75%,57,171,228,14,40,17,157
0xb3015e,75%,56,168,224,13,33,23,155
0x9a9304,94.7368%,56,1008,1064,815,15,41,193
0x5fd9db,98.5244%,56,3739,3795,2052,15,41,1687
0x7c1607,97.4511%,56,2141,2197,1893,17,39,248
0x40e324,88.2845%,56,422,478,210,22,34,212
0x80f46d,77.6%,56,194,250,47,27,29,147
0x9ea3df,81.5789%,56,248,304,101,22,34,147
0x506a5d,88.0342%,56,412,468,374,41,15,38
0x409ab4,81.9355%,56,254,310,130,27,29,124
0x49e502,78.4615%,56,204,260,75,43,13,129
0x559022,85.6041%,56,333,389,6,38,18,327
0x900561,99.7274%,56,20488,20544,168,29,27,20320
0x8bca93,93.9394%,56,868,924,750,26,30,118
0xad7e85,98.3735%,56,3387,3443,553,27,29,2834
0x5906a9,97.8892%,56,2597,2653,17,34,22,2580
0x8c7b8c,93.7778%,56,844,900,695,29,27,149
0x53b010,97.703%,56,2382,2438,2360,15,41,22
0x8a5ddf,89.1473%,56,460,516,118,35,21,342
0xa36089,92.3706%,56,678,734,287,29,27,391
0x80a4da,90.9385%,56,562,618,26,31,25,536
0x8d25db,98.3922%,56,3427,3483,335,36,20,3092
0x5348d6,15.1515%,56,10,66,10,56,0,0
0x53d823,96.6981%,56,1640,1696,1638,19,37,2
0x53a2f4,48.1481%,56,52,108,26,32,24,26
0xa307e4,90.9968%,56,566,622,331,27,29,235
0x543a1f,58.5185%,56,79,135,62,46,10,17
0x539d54,45.098%,56,46,102,34,20,36,12
0x543a96,95.8549%,56,1295,1351,1284,22,34,11
0xa2df7f,86.3415%,56,354,410,353,19,37,1
0x8fe4b1,99.4529%,56,10180,10236,10177,42,14,3
0x835e7f,96.9349%,56,1771,1827,1771,18,38,0
0x8fd3a6,98.3486%,56,3335,3391,3234,30,26,101
0x595d60,91.3846%,56,594,650,436,28,28,158
0x53bb33,95.1006%,56,1087,1143,871,25,31,216
0x8c7e27,86.7612%,56,367,423,94,30,26,273
0x803e9b,85.7868%,56,338,394,90,40,16,248
0x8da37b,98.8423%,56,4781,4837,990,29,27,3791
0x54f21c,54.8387%,56,68,124,58,23,33,10
0x8e4128,97.5642%,56,2243,2299,1909,17,39,334
0x90fe07,98.2598%,56,3162,3218,397,38,18,2765
0x554cff,80.212%,56,227,283,134,22,34,93
0x58f878,98.6381%,56,4056,4112,3257,27,29,799
0x811ac7,93.3571%,56,787,843,736,24,32,51
0x94266d,88.4058%,56,427,483,427,56,0,0
0x90e0e1,91.1532%,56,577,633,570,33,23,7
0x643697,99.2924%,55,7718,7773,2,15,40,7716
0x410394,90.3509%,55,515,570,142,48,7,373
0x40f56f,99.6189%,55,14377,14432,12680,30,25,1697
0x494924,73.6842%,55,154,209,50,36,19,104
0x64b5f5,99.6571%,55,15983,16038,15931,50,5,52
0x48a74e,95.234%,55,1099,1154,1099,55,0,0
0x98fa9a,78.5992%,55,202,257,202,55,0,0
0x8da256,90.8486%,55,546,601,214,29,26,332
0x661619,98.5318%,55,3691,3746,2441,40,15,1250
0xaa4881,63.0872%,55,94,149,64,22,33,30
0x404517,93.4757%,55,788,843,7,28,27,781
0x48a7ff,98.3528%,55,3284,3339,3283,16,39,1
0x511913,93.7429%,55,824,879,635,32,23,189
0x90c877,97.4909%,55,2137,2192,2085,29,26,52
0x80c1a8,79.2453%,55,210,265,191,26,29,19
0xa35e8d,91.3793%,55,583,638,227,13,42,356
0x488dae,99.42%,55,9427,9482,0,8,47,9427
0xa94905,87.7232%,55,393,448,369,27,28,24
0x98fac9,78.5992%,55,202,257,202,55,0,0
0x90094d,90.4679%,55,522,577,225,33,22,297
0x4b5330,85.1752%,55,316,371,90,34,21,226
0x819ba5,93.4757%,55,788,843,537,24,31,251
0x8108ec,86.0406%,55,339,394,103,27,28,236
0x8e4d06,69.1011%,55,123,178,88,24,31,35
0x404e39,99.5527%,55,12241,12296,462,38,17,11779
0x8f6469,85.1752%,55,316,371,0,0,55,316
0xa529de,86.715%,55,359,414,155,20,35,204
0x8e69a1,82.8125%,55,265,320,132,28,27,133
0x488924,97.8984%,55,2562,2617,0,26,29,2562
0x8a61fc,94.826%,55,1008,1063,115,39,16,893
0x8a282e,80.427%,55,226,281,226,55,0,0
0xa3338b,94.6911%,55,981,1036,216,28,27,765
0xa358b8,98.3206%,55,3220,3275,933,36,19,2287
0x40f56a,99.6214%,55,14471,14526,80,14,41,14391
0x9f9747,75.3363%,55,168,223,114,28,27,54
0x5b9c88,70.2703%,55,130,185,105,37,18,25
0x80ed56,94.879%,55,1019,1074,523,25,30,496
0x808e57,93.4757%,55,788,843,620,26,29,168
0xaa135c,68.4211%,54,117,171,33,31,23,84
0x8edbb1,91.015%,54,547,601,140,12,42,407
0xb2dfe6,99.5804%,54,12815,12869,0,0,54,12815
0x5fd61b,94.9248%,54,1010,1064,972,16,38,38
0x81eed2,96.1511%,54,1349,1403,1349,10,44,0
0xa25ef4,71.2766%,54,134,188,18,29,25,116
0x8a556f,99.5094%,54,10954,11008,10954,14,40,0
0x952aa9,88.1579%,54,402,456,402,54,0,0
0x8e4633,96.4497%,54,1467,1521,1135,13,41,332
0xa469f3,76.5217%,54,176,230,106,28,26,70
0x4043b3,97.7368%,54,2332,2386,341,4,50,1991
0x833933,75.3425%,54,165,219,63,23,31,102
0x8e3832,85.2459%,54,312,366,174,33,21,138
0x545776,97.8339%,54,2439,2493,1020,32,22,1419
0x8196bf,95.5%,54,1146,1200,89,32,22,1057
0xa5133d,86.988%,54,361,415,214,35,19,147
0x9aa211,96.2552%,54,1388,1442,1386,19,35,2
0x55025b,87.5%,54,378,432,362,23,31,16
0x81c187,90.8319%,54,535,589,60,36,18,475
0x406d7d,99.8142%,54,29011,29065,29011,54,0,0
0x50d2c3,88.2609%,54,406,460,260,38,16,146
0xa5f799,91.4149%,54,575,629,61,32,22,514
0x48a700,97.4552%,54,2068,2122,0,40,14,2068
0x40bc7a,93.0412%,54,722,776,214,27,27,508
0x53ab34,46%,54,46,100,36,17,37,10
0x809db2,91.2621%,54,564,618,26,31,23,538
0xb31c55,99.7502%,54,21561,21615,0,0,54,21561
0x510235,96.3855%,54,1440,1494,1214,44,10,226
0x50d9db,93.2246%,54,743,797,678,12,42,65
0x4994a3,73.6585%,54,151,205,150,50,4,1
0x5352ed,97.7406%,54,2336,2390,2336,22,32,0
0x4bb471,74.1627%,54,155,209,137,20,34,18
0x533d18,74.1627%,54,155,209,154,26,28,1
0xa56159,70.6522%,54,130,184,23,35,19,107
0xa26570,96.7761%,54,1621,1675,321,28,26,1300
0x77ffae,97.6744%,54,2268,2322,1763,22,32,505
0xa18022,86.4662%,54,345,399,20,40,14,325
0xa45909,92.1626%,54,635,689,267,32,22,368
0xa9da73,75.7848%,54,169,223,82,21,33,87
0x5fa9d7,92.8382%,54,700,754,46,35,19,654
0x4a78cf,94.6269%,54,951,1005,950,18,36,1
0x5fd680,98.6594%,54,3974,4028,3940,12,42,34
0xaadcb7,83.3846%,54,271,325,251,20,34,20
0x9f24eb,70.1657%,54,127,181,68,24,30,59
0x4bc65f,76.6234%,54,177,231,111,24,30,66
0xa2f4c4,79.3103%,54,207,261,96,15,39,111
0x503cf4,74.2857%,54,156,210,140,18,36,16
0x604607,69.4915%,54,123,177,123,54,0,0
0x90e312,91.0448%,54,549,603,501,35,19,48
0x50400b,93.1904%,54,739,793,717,26,28,22
0x8a7434,82.2368%,54,250,304,2,45,9,248
0x8a9710,96.3946%,53,1417,1470,1363,15,38,54
0x8d3cc9,88.7949%,53,420,473,313,23,30,107
0x40d4c6,89.5874%,53,456,509,456,53,0,0
0x5012c0,98.6643%,53,3915,3968,1879,39,14,2036
0x48c722,63.1944%,53,91,144,54,32,21,37
0x80e50b,93.7129%,53,790,843,734,26,27,56
0x64bee3,96.5427%,53,1480,1533,529,18,35,951
0x507c1f,87.8995%,53,385,438,269,33,20,116
0x534b68,61.3139%,53,84,137,15,29,24,69
0x8ef673,81.2057%,53,229,282,114,21,32,115
0x9a1da2,77.6371%,53,184,237,88,23,30,96
0x4046fa,91.4791%,53,569,622,569,53,0,0
0x80bc1b,88.6994%,53,416,469,47,28,25,369
0x5e5e09,96.4877%,53,1456,1509,495,11,42,961
0x54f0e8,57.2581%,53,71,124,61,20,33,10
0x504bb7,74.6411%,53,156,209,36,19,34,120
0x54eafd,58.2677%,53,74,127,42,16,37,32
0x809e5a,74.8815%,53,158,211,70,32,21,88
0x8e48fe,93.3998%,53,750,803,132,31,22,618
0xa8fc36,76.3393%,53,171,224,18,36,17,153
0x6277db,90.7343%,53,519,572,503,23,30,16
0x8196c6,95.088%,53,1026,1079,109,18,35,917
0x510c55,84.3195%,53,285,338,56,31,22,229
0x787c55,93.9567%,53,824,877,824,53,0,0
0xa3045b,80.3704%,53,217,270,112,32,21,105
0x81949f,85.3994%,53,310,363,231,25,28,79
0x9f9835,68.6391%,53,116,169,37,21,32,79
0x7c71fa,72.1053%,53,137,190,34,27,26,103
0x546a66,93.2225%,53,729,782,724,20,33,5
0x98f98b,79.3774%,53,204,257,204,53,0,0
0x5ffe30,73.6318%,53,148,201,49,23,30,99
0x8dce1c,92.6184%,53,665,718,139,36,17,526
0x48c132,63.1944%,53,91,144,13,33,20,78
0x66812a,77.9167%,53,187,240,160,20,33,27
0xa968b2,76.5487%,53,173,226,19,39,14,154
0x8ef4d0,66.4557%,53,105,158,80,36,17,25
0x643405,89.6686%,53,460,513,456,51,2,4
0xb0ad23,90.4505%,53,502,555,2,33,20,500
0x49f991,74.7619%,53,157,210,6,39,14,151
0xa980e4,64.4295%,53,96,149,42,25,28,54
0xa3b263,76.7544%,53,175,228,24,30,23,151
0x4bb200,81.1388%,53,228,281,168,24,29,60
0xa45e40,55.0847%,53,65,118,45,25,28,20
0x9745e6,80.1498%,53,214,267,79,36,17,135
0x8a9468,99.9319%,53,77723,77776,4353,27,26,73370
0x9c38cb,85.0282%,53,301,354,249,19,34,52
0xa39a26,91.4516%,53,567,620,9,34,19,558
0x8040a3,63.1944%,53,91,144,19,37,16,72
0xb466c7,99.3075%,53,7600,7653,148,19,34,7452
0xa437fa,87.5%,53,371,424,35,25,28,336
0x80e82e,81.5972%,53,235,288,157,29,24,78
0x49c8cb,67.6829%,53,111,164,87,26,27,24
0x8c7d81,97.2468%,53,1872,1925,392,28,25,1480
0xa2df62,72.6804%,53,141,194,30,23,30,111
0xaad99e,91.7829%,53,592,645,425,15,38,167
0x952462,80.3704%,53,217,270,191,24,29,26
0x8a46aa,91.811%,52,583,635,583,52,0,0
0x80f6b1,64.8649%,52,96,148,40,28,24,56
0x8ee0df,88.1549%,52,387,439,227,24,28,160
0x4a1cac,96.4286%,52,1404,1456,99,33,19,1305
0xa43c00,86.5633%,52,335,387,49,29,23,286
0x5ffb7c,70.1149%,52,122,174,103,25,27,19
0x909b17,99.4155%,52,8845,8897,3295,34,18,5550
0x90b2b7,79.2%,52,198,250,107,12,40,91
0x81f34d,96.196%,52,1315,1367,27,33,19,1288
0x487244,77.2926%,52,177,229,66,25,27,111
0x6670bf,73.057%,52,141,193,15,29,23,126
0xa9ce0a,75.1196%,52,157,209,124,20,32,33
0x4b5c80,68.8623%,52,115,167,87,27,25,28
0x4b5664,72.7749%,52,139,191,55,34,18,84
0x48a652,97.0201%,52,1693,1745,0,17,35,1693
0xb3258b,94.6336%,52,917,969,917,52,0,0
0x627c19,97.7985%,52,2310,2362,2308,8,44,2
0xb2e79a,81.4947%,52,229,281,12,41,11,217
0x9ed9c3,58.7302%,52,74,126,50,35,17,24
0x8bc7c1,96.8039%,52,1575,1627,1488,13,39,87
0x8a7730,86.4583%,52,332,384,54,28,24,278
0x8bd5d2,98.7482%,52,4102,4154,380,16,36,3722
0xa26374,94.8667%,52,961,1013,591,18,34,370
0x81e6e3,72.043%,52,134,186,16,31,21,118
0x8184ef,93.8316%,52,791,843,762,11,41,29
0x805177,84.2424%,52,278,330,33,30,22,245
0x402228,97.0868%,52,1733,1785,46,29,23,1687
0x543f84,96.2209%,52,1324,1376,1316,15,37,8
0xaa4739,78.7755%,52,193,245,40,23,29,153
0x485dbf,88.6463%,52,406,458,0,0,52,406
0x8dd126,83.4921%,52,263,315,228,24,28,35
0x49e724,97.3974%,52,1946,1998,0,42,10,1946
0x9091b3,97.1998%,52,1805,1857,703,28,24,1102
0x543cef,72.1925%,52,135,187,47,28,24,88
0x541cd9,96.0666%,52,1270,1322,159,16,36,1111
0x59705d,82.2526%,52,241,293,120,31,21,121
0x4906b8,80.9524%,52,221,273,172,22,30,49
0x8fdce2,93.1937%,52,712,764,354,30,22,358
0x54f0cc,40.9091%,52,36,88,21,30,22,15
0x5fbe04,72.1925%,52,135,187,53,22,30,82
0x510df0,99.2915%,52,7287,7339,0,20,32,7287
0x8a611e,84.1945%,52,277,329,28,31,21,249
0x99f24e,75.5869%,52,161,213,113,18,34,48
0xb1485e,98.7788%,52,4206,4258,3403,31,21,803
0x40ce13,99.7324%,52,19381,19433,19381,52,0,0
0x67760f,85.9079%,52,317,369,278,22,30,39
0x8efb30,88.1549%,52,387,439,371,26,26,16
0x8fef1c,88.2086%,52,389,441,342,34,18,47
0x5bd574,98.9207%,52,4766,4818,4099,35,17,667
0x8187b3,64.3836%,52,94,146,68,18,34,26
0x5418fb,98.0712%,52,2644,2696,2644,49,3,0
0x9f79de,83%,51,249,300,121,27,24,128
0x94d9c3,91.7609%,51,568,619,46,21,30,522
0x8f2aae,95.3039%,51,1035,1086,36,9,42,999
0x502ee7,99.3306%,51,7568,7619,68,34,17,7500
0xa45795,82.3529%,51,238,289,5,27,24,233
0x54ebfc,97.568%,51,2046,2097,0,43,8,2046
0x8deaf4,74.5%,51,149,200,41,31,20,108
0x5116ba,96.5587%,51,1431,1482,350,21,30,1081
0x5351ab,51.8868%,51,55,106,55,19,32,0
0x805a26,95.3039%,51,1035,1086,95,31,20,940
0x4bc5a7,75%,51,153,204,92,16,35,61
0x80fb95,69.6429%,51,117,168,73,25,26,44
0x944298,89.2857%,51,425,476,3,21,30,422
0xa34acb,80.8271%,51,215,266,68,27,24,147
0x591bfc,68.9024%,51,113,164,97,16,35,16
0x5042f8,93.5687%,51,742,793,34,28,23,708
0x558033,95.5302%,51,1090,1141,297,38,13,793
0x8ef6d1,81.9149%,51,231,282,129,18,33,102
0x8a6c4a,94.3894%,51,858,909,268,30,21,590
0x90b336,94.693%,51,910,961,762,6,45,148
0xa358c6,97.7884%,51,2255,2306,1286,19,32,969
0x910dc0,98.6963%,51,3861,3912,107,16,35,3754
0xb2fed8,98.7326%,51,3973,4024,3973,51,0,0
0x8d421c,86.1789%,51,318,369,273,27,24,45
0x8a4640,91.9685%,51,584,635,584,51,0,0
0x404de0,98.6649%,51,3769,3820,3764,14,37,5
0x40dfab,62.2222%,51,84,135,79,47,4,5
0x907590,91.3413%,51,538,589,538,28,23,0
0x8a348d,89.6341%,51,441,492,431,34,17,10
0xaa11dc,79.5181%,51,198,249,168,27,24,30
0x494874,76.9231%,51,170,221,52,32,19,118
0x81e4b8,90.2111%,51,470,521,452,23,28,18
0xa25ed7,94.9654%,51,962,1013,796,29,22,166
0x49dfc4,78.3898%,51,185,236,16,24,27,169
0x5c44a3,93.1544%,51,694,745,694,51,0,0
0x501a8e,93.5768%,51,743,794,661,22,29,82
0x8dc250,97.7816%,51,2248,2299,1490,31,20,758
0x9ead69,71.8232%,51,130,181,56,16,35,74
0x8e37ae,96.957%,51,1625,1676,875,23,28,750
0xb2fcb8,99.7074%,51,17381,17432,0,0,51,17381
0x9f0ded,87.799%,51,367,418,30,35,16,337
0x48ee15,67.0968%,51,104,155,83,18,33,21
0x8dd093,92.9363%,51,671,722,595,26,25,76
0x9abdcb,85.6742%,51,305,356,58,28,23,247
0xb3267f,99.2083%,51,6391,6442,0,0,51,6391
0xa97530,64.3357%,51,92,143,37,28,23,55
0xa93dab,66%,51,99,150,49,27,24,50
0x81985b,94.0767%,51,810,861,0,34,17,810
0x80df92,97.6734%,51,2141,2192,313,27,24,1828
0xa3115b,83.0565%,51,250,301,22,30,21,228
0xa328ee,61.9403%,51,83,134,44,18,33,39
0x403edf,97.8849%,50,2314,2364,455,27,23,1859
0x805eff,87.6238%,50,354,404,340,17,33,14
0x9aba23,78.355%,50,181,231,89,28,22,92
0xa30e23,73.9583%,50,142,192,55,25,25,87
0x504258,92.8367%,50,648,698,121,15,35,527
0xb3ab2d,98.2257%,50,2768,2818,2703,26,24,65
0xa41a5e,98.2681%,50,2837,2887,870,21,29,1967
0x54f1f0,43.1818%,50,38,88,20,31,19,18
0x8da495,92.5926%,50,625,675,190,27,23,435
0x7d2bef,94.4629%,50,853,903,190,17,33,663
0xb2e6af,99.7648%,50,21204,21254,21204,50,0,0
0x8ff24f,85.8357%,50,303,353,35,30,20,268
0x4b525a,86.911%,50,332,382,295,16,34,37
0x5d7cea,93.8575%,50,764,814,706,22,28,58
0x5128ee,87.7451%,50,358,408,40,19,31,318
0x5bbafc,85.9944%,50,307,357,261,27,23,46
0x512e5f,98.544%,50,3384,3434,645,20,30,2739
0x49e0e8,85.119%,50,286,336,159,12,38,127
0x64af03,99.7704%,50,21730,21780,21673,43,7,57
0x541dc9,95.314%,50,1017,1067,343,21,29,674
0x8bcd07,97.921%,50,2355,2405,33,27,23,2322
0x543840,92.7641%,50,641,691,635,20,30,6
0xa948ca,88.8393%,50,398,448,74,34,16,324
0xad7ef8,97.0042%,50,1619,1669,130,13,37,1489
0x541b72,94.0048%,50,784,834,367,22,28,417
0x50238a,86.4499%,50,319,369,3,32,18,316
0x540350,98.1678%,50,2679,2729,2673,24,26,6
0xa8f94c,65.7534%,50,96,146,36,25,25,60
0xb31c47,99.7687%,50,21565,21615,0,0,50,21565
0x94478e,77.4775%,50,172,222,84,20,30,88
0x501fff,45.0549%,50,41,91,36,23,27,5
0x9e26e9,82.9932%,50,244,294,58,26,24,186
0x9e275b,90.2534%,50,463,513,278,43,7,185
0x48eb41,79.7571%,50,197,247,73,25,25,124
0x53c4df,91.5966%,50,545,595,174,29,21,371
0x4b7835,88.764%,50,395,445,19,23,27,376
0x50d07a,73.4043%,50,138,188,77,27,23,61
0x9a1d11,75.6098%,50,155,205,114,20,30,41
0x40d9e1,99.5766%,50,11760,11810,11760,50,0,0
0x8f1f82,88.0096%,50,367,417,231,34,16,136
0x5373b7,60.9375%,50,78,128,78,50,0,0
0x5cf42e,97.3698%,50,1851,1901,1824,32,18,27
0x5bd909,99.5357%,50,10719,10769,9795,16,34,924
0xa54fa0,93.6548%,50,738,788,735,15,35,3
0xad7b34,93.5815%,50,729,779,718,38,12,11
0xab3660,99.6158%,50,12965,13015,12962,35,15,3
0x50ff68,95.0787%,50,966,1016,21,29,21,945
0x54f8b9,97.5657%,50,2004,2054,2004,7,43,0
0x509cf6,96.8847%,50,1555,1605,460,31,19,1095
0x50b879,87.7751%,50,359,409,348,21,29,11
0x502a05,48.4536%,50,47,97,37,26,24,10
0x806001,89.7751%,50,439,489,12,29,21,427
0xa36100,98.4658%,50,3209,3259,2934,8,42,275
0x53452e,99.3121%,50,7218,7268,0,34,16,7218
0x4b4a78,83.4983%,50,253,303,19,33,17,234
0x95297f,89.0351%,50,406,456,406,50,0,0
0x8196bd,96.0032%,50,1201,1251,19,32,18,1182
0x490374,67.3203%,50,103,153,44,30,20,59
0x5fd6d0,77.3756%,50,171,221,158,23,27,13
0x5417ab,96.8886%,50,1557,1607,1551,48,2,6
0x4bbd21,94.7589%,50,904,954,879,19,31,25
0x53aed4,50%,50,50,100,26,27,23,24
0x511599,98.4177%,50,3110,3160,675,34,16,2435
0x8d41d0,64.7887%,50,92,142,70,18,32,22
0x5cf576,97.3398%,49,1793,1842,158,26,23,1635
0x65b98c,98.9385%,49,4567,4616,13,27,22,4554
0x638fd0,85.503%,49,289,338,25,36,13,264
0x9f9864,73.9362%,49,139,188,74,23,26,65
0x404e49,99.5846%,49,11747,11796,4428,30,19,7319
0xb31c2c,99.7733%,49,21566,21615,21566,49,0,0
0x4873f4,78.6026%,49,180,229,61,30,19,119
0xa31eb1,81.7164%,49,219,268,171,23,26,48
0x55482c,75.9804%,49,155,204,78,26,23,77
0x5356bd,74.0741%,49,140,189,97,31,18,43
0x54f5d2,93.6937%,49,728,777,10,25,24,718
0x8e2b34,95.7018%,49,1091,1140,1068,20,29,23
0x507016,93.3784%,49,691,740,250,22,27,441
0x4a6d24,89.8129%,49,432,481,343,39,10,89
0x65a29b,98.6884%,49,3687,3736,3530,16,33,157
0x5baca5,81.6479%,49,218,267,91,23,26,127
0x8f26cd,91.954%,49,560,609,128,30,19,432
0xa34045,83.6667%,49,251,300,85,26,23,166
0x8160b7,74.7423%,49,145,194,61,29,20,84
0x67753c,73.9362%,49,139,188,64,27,22,75
0x502993,49.4845%,49,48,97,14,20,29,34
0x8f17fe,88.8383%,49,390,439,14,28,21,376
0x8dcdc5,93.2133%,49,673,722,597,24,25,76
0xa4ff15,86.3128%,49,309,358,301,21,28,8
0x9f79a2,81.0078%,49,209,258,73,33,16,136
0x539c2a,95.8155%,49,1122,1171,893,17,32,229
0x81c2df,90.5039%,49,467,516,428,19,30,39
0x8ea05d,87.7193%,49,350,399,266,20,29,84
0x60deef,95.2657%,49,986,1035,317,29,20,669
0x8ee2da,62.3077%,49,81,130,66,19,30,15
0xb313c1,81.1538%,49,211,260,6,29,20,205
0xb0b00d,72.3164%,49,128,177,55,17,32,73
0x81f77c,92.2591%,49,584,633,513,26,23,71
0x5464d5,96.1049%,49,1209,1258,895,13,36,314
0x8f68f6,95.2473%,49,982,1031,981,48,1,1
0x609563,86.119%,49,304,353,72,29,20,232
0x50b867,93.5948%,49,716,765,331,25,24,385
0x8d281f,96.6644%,49,1420,1469,57,36,13,1363
0xb2ff99,98.2175%,49,2700,2749,126,14,35,2574
0x507867,94.5312%,49,847,896,844,24,25,3
0x591192,80.1619%,49,198,247,165,28,21,33
0x4c4357,65%,49,91,140,58,26,23,33
0x53fe6d,98.0073%,49,2410,2459,685,33,16,1725
0x8a464f,92.2835%,49,586,635,0,0,49,586
0x90a7ef,67.9739%,49,104,153,81,15,34,23
0x8dcb9a,97.8686%,49,2250,2299,641,27,22,1609
0x9ed423,81.2261%,49,212,261,88,23,26,124
0x8fe19c,70.4819%,49,117,166,59,27,22,58
0x8da39a,95.3244%,49,999,1048,74,32,17,925
0xa95d32,92.3323%,48,578,626,22,30,18,556
0x5bd6a8,97.5155%,48,1884,1932,1587,14,34,297
0x9e049d,57.8947%,48,66,114,24,32,16,42
0x638da8,91.2249%,48,499,547,499,48,0,0
0x81f748,95.092%,48,930,978,13,26,22,917
0xa2568a,95.0464%,48,921,969,0,0,48,921
0x593829,95.4067%,48,997,1045,43,14,34,954
0x8dfe06,92.5926%,48,600,648,254,32,16,346
0x80e7e5,90.8745%,48,478,526,30,24,24,448
0xb0cef1,98.4069%,48,2965,3013,1554,41,7,1411
0x503abe,92.1569%,48,564,612,271,39,9,293
0x901fc1,98.977%,48,4644,4692,4572,36,12,72
0x485ddc,89.5197%,48,410,458,130,17,31,280
0xa039d9,75.3846%,48,147,195,45,31,17,102
0xaab66a,96.8952%,48,1498,1546,774,24,24,724
0x8d4192,87.062%,48,323,371,96,28,20,227
0x64305b,86.0465%,48,296,344,0,0,48,296
0x50d728,88.1481%,48,357,405,230,23,25,127
0x4931d5,71.2575%,48,119,167,105,23,25,14
0x638715,95.0052%,48,913,961,912,20,28,1
0xa5c557,74.0541%,48,137,185,35,39,9,102
0x952eef,64.1791%,48,86,134,66,26,22,20
0x8f2a67,95.112%,48,934,982,918,24,24,16
0x6432c2,96.7168%,48,1414,1462,1411,17,31,3
0x97842a,93.8462%,48,732,780,269,34,14,463
0x8dc1e9,97.9121%,48,2251,2299,1511,10,38,740
0x602d3e,94.4764%,48,821,869,814,18,30,7
0x90efcf,95.0259%,48,917,965,732,33,15,185
0x5547f0,95.8406%,48,1106,1154,1036,18,30,70
0x8e461a,97.057%,48,1583,1631,93,17,31,1490
0x5cf3a7,97.475%,48,1853,1901,0,0,48,1853
0x9f62e0,95%,48,912,960,405,21,27,507
0x835d90,47.2527%,48,43,91,14,24,24,29
0xa52428,70.3704%,48,114,162,36,25,23,78
0x8bb3bf,98.6002%,48,3381,3429,3020,18,30,361
0x40228c,98.5882%,48,3352,3400,1760,25,23,1592
0x4b6d49,67.5676%,48,100,148,16,31,17,84
0x900811,98.7097%,48,3672,3720,93,18,30,3579
0x81b344,95.1466%,48,941,989,608,24,24,333
0x81318c,94.3262%,48,798,846,15,25,23,783
0x40e212,89.1156%,48,393,441,370,24,24,23
0xa5ee5b,90.8745%,48,478,526,460,38,10,18
0x8d30a9,87.062%,48,323,371,93,31,17,230
0x63eb2a,95.0052%,48,913,961,913,48,0,0
0x8f578a,95.476%,48,1013,1061,857,13,35,156
0x5c6acf,98.8145%,48,4001,4049,0,0,48,4001
0x8077e5,98.1804%,48,2590,2638,120,26,22,2470
0x5057f7,93.5135%,48,692,740,619,28,20,73
0x821c46,83.2168%,48,238,286,178,37,11,60
0x820db3,92.0266%,48,554,602,554,48,0,0
0x81c93d,73.6264%,48,134,182,105,17,31,29
0xa9427f,70.3704%,48,114,162,100,24,24,14
0xa91c2c,64.9635%,48,89,137,9,27,21,80
0x53420a,64.4444%,48,87,135,64,37,11,23
0x4bc44b,95.2716%,47,947,994,661,14,33,286
0x8ed03f,75.7732%,47,147,194,3,19,28,144
0x4bc406,95.0734%,47,907,954,907,47,0,0
0xa523f2,64.9254%,47,87,134,78,14,33,9
0x8bb405,89.6476%,47,407,454,352,39,8,55
0x50c037,95.8036%,47,1073,1120,1070,15,32,3
0x8dad40,93.5616%,47,683,730,623,14,33,60
0x8a216c,83.3922%,47,236,283,8,18,29,228
0x4102a4,97.488%,47,1824,1871,904,23,24,920
0x974603,69.0789%,47,105,152,40,30,17,65
0x9c4162,86.9444%,47,313,360,16,18,29,297
0x8a2922,91.6961%,47,519,566,519,47,0,0
0x9ea4c7,80.4167%,47,193,240,37,35,12,156
0x804994,88.0711%,47,347,394,304,15,32,43
0x534fbb,55.6604%,47,59,106,7,35,12,52
0x60b546,87.8238%,47,339,386,187,18,29,152
0x8e7ec7,85.8006%,47,284,331,284,47,0,0
0x555700,81.0484%,47,201,248,10,35,12,191
0x53b260,89.6018%,47,405,452,376,13,34,29
0x542f27,97.9176%,47,2210,2257,157,30,17,2053
0xb2eb37,99.3881%,47,7634,7681,7634,47,0,0
0x8daac8,95.1093%,47,914,961,909,8,39,5
0x90acf7,77.1845%,47,159,206,90,16,31,69
0x8184d4,67.8082%,47,99,146,76,10,37,23
0x40cfa4,99.2636%,47,6335,6382,6335,47,0,0
0xa504e8,81.4229%,47,206,253,5,34,13,201
0x8fef9b,89.3424%,47,394,441,70,18,29,324
0xb0b0fe,73.4463%,47,130,177,99,22,25,31
0x8bc806,99.7872%,47,22038,22085,22013,38,9,25
0x4a1c33,95.7117%,47,1049,1096,5,18,29,1044
0x488992,95.4981%,47,997,1044,0,19,28,997
0x63ebf8,98.3322%,47,2771,2818,1841,16,31,930
0x8b9de5,99.9315%,47,68562,68609,113,7,40,68449
0xa94207,71.3415%,47,117,164,114,22,25,3
0x485d3f,84.6405%,47,259,306,74,30,17,185
0x40ed4f,96.2097%,47,1193,1240,57,30,17,1136
0x4a1c94,60.8333%,47,73,120,32,28,19,41
0x4b536d,87.3315%,47,324,371,280,20,27,44
0x40d77c,95.8808%,47,1094,1141,295,26,21,799
0x5f05e4,89.8048%,47,414,461,64,26,21,350
0x8a96c5,96.8027%,47,1423,1470,1,37,10,1422
0x821422,95.6075%,47,1023,1070,852,25,22,171
0x511d8e,97.2353%,47,1653,1700,202,16,31,1451
0xad7c10,45.977%,47,40,87,2,9,38,38
0x8d487a,87.2629%,47,322,369,274,26,21,48
0x807aff,80%,47,188,235,68,23,24,120
0x4036b6,94.0582%,47,744,791,47,24,23,697
0x8f56b4,98.719%,47,3622,3669,3483,22,25,139
0x9018e1,91.0476%,47,478,525,85,29,18,393
0x80dea6,85.9281%,47,287,334,78,36,11,209
0x8193fa,94.1975%,47,763,810,1,33,14,762
0x50d65f,95.6562%,47,1035,1082,485,19,28,550
0x9fe25a,73.1429%,47,128,175,63,22,25,65
0xa4de56,61.9835%,46,75,121,21,19,27,54
0x90147c,98.7691%,46,3691,3737,3648,24,22,43
0x64af85,99.8197%,46,25473,25519,25473,46,0,0
0x552940,96.7376%,46,1364,1410,5,14,32,1359
0x8a9856,99.4225%,46,7920,7966,3283,29,17,4637
0x4fdb22,93.1548%,46,626,672,372,17,29,254
0x9a7680,75.7895%,46,144,190,123,18,28,21
0x4859ed,97.2372%,46,1619,1665,1619,4,42,0
0x805ece,90.4366%,46,435,481,356,28,18,79
0x4baa6b,84.3537%,46,248,294,51,23,23,197
0x5fed51,91.1197%,46,472,518,373,12,34,99
0x8a94ed,97.0033%,46,1489,1535,351,33,13,1138
0xa3a0fb,94.9561%,46,866,912,1,27,19,865
0xa335d0,98.2836%,46,2634,2680,572,26,20,2062
0x8c7b2f,97.6104%,46,1879,1925,958,24,22,921
0x5970eb,90%,46,414,460,24,24,22,390
0x60e08d,70.3226%,46,109,155,104,27,19,5
0x9f09a5,77%,46,154,200,140,21,25,14
0x8dcb5a,97.9991%,46,2253,2299,1516,5,41,737
0xa02635,96.9169%,46,1446,1492,1446,19,27,0
0x8fc565,95.6149%,46,1003,1049,248,24,22,755
0x5119f6,92.9664%,46,608,654,297,18,28,311
0x8e1337,97.6732%,46,1931,1977,1,7,39,1930
0x48db4d,97.5175%,46,1807,1853,56,27,19,1751
0x610be6,77.3399%,46,157,203,34,11,35,123
0x81d372,87.1508%,46,312,358,152,30,16,160
0x5f86a4,72.4551%,46,121,167,65,26,20,56
0x98cca8,97.5295%,46,1816,1862,0,0,46,1816
0xa339fe,95.9256%,46,1083,1129,552,16,30,531
0x8e48bb,95.922%,46,1082,1128,41,24,22,1041
0xb3274c,99.2859%,46,6396,6442,6396,46,0,0
0x510455,97.887%,46,2131,2177,215,27,19,1916
0x504bf0,93.4473%,46,656,702,30,29,17,626
0xa0257c,96.5019%,46,1269,1315,0,19,27,1269
0x8a8fd9,97.2289%,46,1614,1660,742,36,10,872
0x627d4d,96.105%,46,1135,1181,1135,23,23,0
0x90f2b7,98.4697%,46,2960,3006,2216,18,28,744
0x5e3596,96.9516%,46,1463,1509,1463,46,0,0
0x8e32ee,98.9024%,46,4145,4191,2198,16,30,1947
0x5436cb,72.7811%,46,123,169,17,10,36,106
0x64b5a4,99.7265%,46,16776,16822,16776,46,0,0
0x60dc0d,86.9318%,46,306,352,48,30,16,258
0x40f395,98.5915%,46,3220,3266,649,22,24,2571
0x8fd392,98.8378%,46,3912,3958,1,2,44,3911
0x9a7c4c,94.9227%,46,860,906,586,26,20,274
0x48f043,64.3411%,46,83,129,63,25,21,20
0x49157a,70.8861%,46,112,158,53,23,23,59
0x8fdae4,96.4561%,46,1252,1298,1245,35,11,7
0x81933d,94.0722%,46,730,776,729,13,33,1
0x5579d8,91.0853%,46,470,516,208,12,34,262
0x9eb70b,80.8333%,46,194,240,42,30,16,152
0xa39cca,96.7143%,46,1354,1400,371,12,34,983
0xa328a6,62.9032%,46,78,124,46,23,23,32
0x812232,91.5441%,46,498,544,132,34,12,366
0xa3482e,96.4561%,46,1252,1298,225,20,26,1027
0x8dd902,97.94%,46,2187,2233,2181,8,38,6
0x8a982e,99.6476%,46,13006,13052,6428,20,26,6578
0xa346ac,92.7215%,46,586,632,232,6,40,354
0x816cb9,96.2753%,46,1189,1235,974,21,25,215
0xa2e022,93.0197%,46,613,659,385,25,21,228
0xa34841,95.6315%,46,1007,1053,502,24,22,505
0x548037,99.3202%,45,6575,6620,6432,19,26,143
0x4a0234,82.2835%,45,209,254,94,22,23,115
0x9eb735,73.2143%,45,123,168,22,21,24,101
0x5bd8e5,96.9636%,45,1437,1482,22,32,13,1415
0x94537d,91.4934%,45,484,529,38,20,25,446
0x8fdeda,99.8657%,45,33455,33500,33455,45,0,0
0x64ce7e,91.6357%,45,493,538,480,14,31,13
0x8f1600,66.4179%,45,89,134,80,16,29,9
0x8f297b,95.4175%,45,937,982,919,9,36,18
0xa58607,86.9565%,45,300,345,104,31,14,196
0x557a4e,79.5455%,45,175,220,161,22,23,14
0x810481,91.573%,45,489,534,159,23,22,330
0x506fd9,93.9189%,45,695,740,587,17,28,108
0x541a8a,95.4222%,45,938,983,132,17,28,806
0xa9b480,88.0319%,45,331,376,237,19,26,94
0x546423,94.3253%,45,748,793,327,23,22,421
0x5590c3,91.7582%,45,501,546,409,19,26,92
0x8a28ef,92.0495%,45,521,566,521,45,0,0
0x643297,96.0317%,45,1089,1134,1055,45,0,34
0x49fcf3,94.5455%,45,780,825,0,15,30,780
0x670472,66.1654%,45,88,133,44,26,19,44
0x51b4d7,87.8049%,45,324,369,280,20,25,44
0x8e12c6,98.9263%,45,4146,4191,1766,21,24,2380
0x8ff7c5,99.1811%,45,5450,5495,5450,45,0,0
0x597130,90.6832%,45,438,483,10,19,26,428
0x805183,83.1461%,45,222,267,208,17,28,14
0xa34032,85%,45,255,300,147,23,22,108
0x504da2,93.3921%,45,636,681,566,22,23,70
0x403cac,99.2686%,45,6108,6153,6028,20,25,80
0x8e43eb,97.7238%,45,1932,1977,271,30,15,1661
0x9a3254,78.972%,45,169,214,122,17,28,47
0x8dea11,77.5%,45,155,200,56,14,31,99
0x4b64d0,70.9677%,45,110,155,84,22,23,26
0x8076ea,84.6416%,45,248,293,59,28,17,189
0xa25c9b,95.5577%,45,968,1013,51,27,18,917
0x5b2339,81.25%,45,195,240,179,20,25,16
0x9e3f7a,85.1485%,45,258,303,25,27,18,233
0xa55e14,65.1163%,45,84,129,18,22,23,66
0x534495,99.4982%,45,8922,8967,28,13,32,8894
0x5fe278,93.8859%,45,691,736,80,36,9,611
0x5386ab,98.736%,45,3515,3560,2127,19,26,1388
0x41057c,99.2016%,45,5591,5636,5591,45,0,0
0x50280d,79.8206%,45,178,223,94,32,13,84
0x814d52,83.9858%,45,236,281,13,28,17,223
0x542ad9,98.2831%,45,2576,2621,341,23,22,2235
0x502c81,98.1971%,45,2451,2496,105,40,5,2346
0x493051,81.0127%,45,192,237,40,30,15,152
0x99d9b5,83.871%,45,234,279,228,14,31,6
0x8ff7f7,99.8452%,45,29029,29074,81,19,26,28948
0x548769,96.9241%,45,1418,1463,1392,34,11,26
0x8e51a9,95.2381%,45,900,945,456,35,10,444
0x40d309,96.7249%,45,1329,1374,558,23,22,771
0xa5c597,58.7156%,45,64,109,16,25,20,48
0x59915e,99.0987%,45,4948,4993,474,32,13,4474
0x8a616a,79.1667%,45,171,216,36,26,19,135
0xa90f6b,83.9286%,45,235,280,176,19,26,59
0x559133,91.7582%,45,501,546,393,9,36,108
0x552188,97.0817%,45,1497,1542,0,22,23,1497
0xa55e67,72.2222%,45,117,162,30,25,20,87
0x808832,92.1569%,44,517,561,104,22,22,413
0x499c94,68.3453%,44,95,139,29,24,20,66
0x67c234,98.4156%,44,2733,2777,2723,22,22,10
0x5f102c,92.9147%,44,577,621,285,30,14,292
0x8d2928,99.7701%,44,19096,19140,18989,19,25,107
0x8fe05d,98.5455%,44,2981,3025,2914,25,19,67
0x59290b,96.3303%,44,1155,1199,483,22,22,672
0x9a6f88,74.8571%,44,131,175,127,23,21,4
0x80446c,88.8325%,44,350,394,299,20,24,51
0x405200,66.6667%,44,88,132,0,0,44,88
0x5546f2,96.3875%,44,1174,1218,1127,27,17,47
0x64b0c4,99.7913%,44,21034,21078,20991,23,21,43
0x8feed6,86.1199%,44,273,317,151,31,13,122
0xa3a3a5,93.7143%,44,656,700,300,20,24,356
0x8f4e15,98.2435%,44,2461,2505,2461,44,0,0
0xad7efe,97.4102%,44,1655,1699,1655,44,0,0
0x51028a,97.0549%,44,1450,1494,1107,19,25,343
0x4bc2fd,97.0509%,44,1448,1492,1436,22,22,12
0x8191b4,94.3299%,44,732,776,268,12,32,464
0x9778f0,58.8785%,44,63,107,31,40,4,32
0xa2739f,95.1057%,44,855,899,589,26,18,266
0xa331ec,94.7619%,44,796,840,166,23,21,630
0xa97596,70.4698%,44,105,149,92,22,22,13
0x80c2d3,83.8235%,44,228,272,8,27,17,220
0x40e137,97.3637%,44,1625,1669,0,0,44,1625
0x40451c,94.5545%,44,764,808,49,30,14,715
0x44653a,98.145%,44,2328,2372,1761,24,20,567
0x944f94,91.6824%,44,485,529,321,26,18,164
0xaa57a5,99.3162%,44,6391,6435,85,5,39,6306
0x9427c1,97.3964%,44,1646,1690,0,0,44,1646
0x4106d3,88.1081%,44,326,370,147,12,32,179
0x40bb57,85.1351%,44,252,296,236,18,26,16
0x8a97b7,99.4477%,44,7922,7966,1345,17,27,6577
0x49f660,67.1642%,44,90,134,68,16,28,22
0x8ee167,92.6789%,44,557,601,148,22,22,409
0x54f3c7,95.5912%,44,954,998,953,23,21,1
0x8d3cf3,96.1268%,44,1092,1136,148,21,23,944
0x5bac38,90.8333%,44,436,480,70,32,12,366
0x80a443,94.7805%,44,799,843,213,21,23,586
0x9ed24a,83.0116%,44,215,259,17,29,15,198
0x485a2b,81.1966%,44,190,234,184,8,36,6
0x8dcb6d,98.0861%,44,2255,2299,1767,23,21,488
0x545c11,89.2944%,44,367,411,182,28,16,185
0x595ded,94.2783%,44,725,769,530,29,15,195
0x510a33,89.9772%,44,395,439,24,24,20,371
0x9f59f0,72.327%,44,115,159,65,19,25,50
0x5335ae,46.3415%,44,38,82,15,30,14,23
0x65a392,97.7143%,44,1881,1925,1166,14,30,715
0x9f5d65,75.6906%,44,137,181,23,25,19,114
0xb3729b,98.2833%,44,2519,2563,21,22,22,2498
0x545459,94.2408%,44,720,764,184,23,21,536
0x9784f0,95.339%,44,900,944,433,26,18,467
0x7ac758,80.0905%,44,177,221,21,24,20,156
0x8fe3e7,86.7069%,44,287,331,191,22,22,96
0x9067b2,64.5161%,44,80,124,13,32,12,67
0xad7b17,94.3517%,44,735,779,735,44,0,0
0x53d9ef,97.3605%,44,1623,1667,33,17,27,1590
0x8dce73,93.8719%,44,674,718,531,12,32,143
0x48d702,97.5623%,44,1761,1805,1757,27,17,4
0x507ee7,92.3345%,44,530,574,405,33,11,125
0x541750,96.1096%,44,1087,1131,105,31,13,982
0x545ae9,99.236%,44,5715,5759,177,24,20,5538
0x53a330,90.4867%,43,409,452,379,10,33,30
0x8dd515,87.8531%,43,311,354,302,22,21,9
0x49fba0,89.25%,43,357,400,204,18,25,153
0x488d39,62.2807%,43,71,114,24,33,10,47
0xb30217,74.5562%,43,126,169,116,29,14,10
0x405e3f,93.239%,43,593,636,569,23,20,24
0xa5491a,90.0693%,43,390,433,380,18,25,10
0xa366f9,71.7105%,43,109,152,13,23,20,96
0xa921e4,83.9552%,43,225,268,199,19,24,26
0x8fea9e,98.2312%,43,2388,2431,2388,43,0,0
0x49de63,56.1224%,43,55,98,31,11,32,24
0x4a1c70,97.2096%,43,1498,1541,0,25,18,1498
0x59720f,86.3924%,43,273,316,156,18,25,117
0x8a2854,84.6975%,43,238,281,148,2,41,90
0x50ff8a,95.5487%,43,923,966,655,21,22,268
0x81e856,99.594%,43,10547,10590,5394,19,24,5153
0x53d99b,97.4205%,43,1624,1667,7,18,25,1617
0x8fc582,87.7841%,43,309,352,199,17,26,110
0xa2a8e7,82.0833%,43,197,240,39,27,16,158
0x63adde,83.5249%,43,218,261,3,17,26,215
0x4a71e2,93.0195%,43,573,616,198,28,15,375
0xa553a4,81.1404%,43,185,228,87,27,16,98
0x900709,79.5238%,43,167,210,111,24,19,56
0x8ad594,81.3853%,43,188,231,79,14,29,109
0x40f38c,98.6993%,43,3263,3306,20,20,23,3243
0x78d855,93.5629%,43,625,668,8,20,23,617
0x8a2801,84.6975%,43,238,281,238,43,0,0
0xa50bf8,70.9459%,43,105,148,38,20,23,67
0x8d2727,89.0863%,43,351,394,102,28,15,249
0xa9e139,81.8565%,43,194,237,19,15,28,175
0x543660,68.1481%,43,92,135,92,43,0,0
0x8ff75a,78.0612%,43,153,196,74,24,19,79
0x4fd937,97.5843%,43,1737,1780,45,29,14,1692
0x944c50,94.0526%,43,680,723,512,32,11,168
0x40dbc4,96.8172%,43,1308,1351,1203,16,27,105
0x55030c,89.0585%,43,350,393,22,17,26,328
0xb31c23,99.8011%,43,21572,21615,0,0,43,21572
0x499530,78.5%,43,157,200,157,42,1,0
0x8dd823,98.1296%,43,2256,2299,642,26,17,1614
0x8c7bb0,75.5682%,43,133,176,99,23,20,34
0x8a24d0,87.7143%,43,307,350,307,43,0,0
0x90a47c,98.1561%,43,2289,2332,2270,18,25,19
0x90ab02,95.5255%,43,918,961,762,4,39,156
0x819b34,70.5479%,43,103,146,72,14,29,31
0x5ba9ff,98.1687%,43,2305,2348,1904,13,30,401
0x9a12e4,71.7105%,43,109,152,34,21,22,75
0x8ffc33,79.5238%,43,167,210,81,30,13,86
0x8121fd,83.6502%,43,220,263,114,23,20,106
0x8f42ea,98.2268%,43,2382,2425,702,20,23,1680
0x6482fd,95.6122%,43,937,980,14,26,17,923
0x50d922,92.6244%,43,540,583,529,16,27,11
0x51047a,96.3835%,43,1146,1189,77,37,6,1069
0xa02263,99.0274%,43,4378,4421,0,27,16,4378
0x506f01,94.1892%,43,697,740,624,19,24,73
0x5102f8,97.6111%,43,1757,1800,669,21,22,1088
0x90c9a7,98.0622%,43,2176,2219,2088,26,17,88
0x410ba7,93.1638%,43,586,629,23,31,12,563
0x501137,99.5559%,43,9640,9683,130,10,33,9510
0x5faa67,74.2515%,43,124,167,84,20,23,40
0x65a3a7,97.7639%,43,1880,1923,1093,11,32,787
0xa5f91c,91.134%,43,442,485,5,27,16,437
0x81f3b3,98.7149%,43,3303,3346,1644,28,15,1659
0x4ba425,89.3939%,42,354,396,48,20,22,306
0x803814,89.3401%,42,352,394,295,24,18,57
0x9e879f,46.8354%,42,37,79,19,19,23,18
0x640267,99.1033%,42,4642,4684,2310,32,10,2332
0x4b5087,77.4194%,42,144,186,112,16,26,32
0x50216d,69.5652%,42,96,138,54,17,25,42
0x502134,46.1538%,42,36,78,15,17,25,21
0x4ba093,90.8497%,42,417,459,22,9,33,395
0x50c618,62.1622%,42,69,111,44,21,21,25
0x534ab3,25%,42,14,56,14,42,0,0
0x8dc1d8,97.4249%,42,1589,1631,1589,42,0,0
0x814b35,83.2669%,42,209,251,28,26,16,181
0x5904ec,97.067%,42,1390,1432,0,0,42,1390
0x8d30bb,82.996%,42,205,247,201,16,26,4
0x81d365,91.9694%,42,481,523,141,24,18,340
0x5fc0c0,65%,42,78,120,70,16,26,8
0x81e675,98.03%,42,2090,2132,2075,10,32,15
0xa935e8,75.1479%,42,127,169,63,25,17,64
0x9ee59a,72.3684%,42,110,152,61,24,18,49
0xb2e6e2,99.4747%,42,7953,7995,0,0,42,7953
0x50cf8d,81.9742%,42,191,233,103,28,14,88
0x54652f,95.3744%,42,866,908,332,18,24,534
0x5be23e,98.7752%,42,3387,3429,3331,20,22,56
0x9ee188,73.913%,42,119,161,80,19,23,39
0x8f3fb8,82.5%,42,198,240,156,23,19,42
0x489d76,99.3195%,42,6130,6172,2148,28,14,3982
0x591471,92.0605%,42,487,529,4,2,40,483
0x7ce366,97.801%,42,1868,1910,329,23,19,1539
0x4be3fb,51.1628%,42,44,86,36,18,24,8
0x8dcb46,98.1731%,42,2257,2299,660,8,34,1597
0x8a2666,79.5122%,42,163,205,163,42,0,0
0x596bf2,98.1873%,42,2275,2317,2275,42,0,0
0x5122cd,97.8484%,42,1910,1952,1800,24,18,110
0x805cec,98.4919%,42,2743,2785,2081,14,28,662
0x552180,98.6408%,42,3048,3090,1536,12,30,1512
0x48a5a2,98.8575%,42,3634,3676,0,23,19,3634
0xa43c3f,89.1473%,42,345,387,83,23,19,262
0x8fdfd1,96.5546%,42,1177,1219,191,17,25,986
0x410124,99.6338%,42,11426,11468,11426,42,0,0
0x545f21,98.5138%,42,2784,2826,2784,42,0,0
0x6616a0,96.6798%,42,1223,1265,899,8,34,324
0x402215,98.7647%,42,3358,3400,1583,32,10,1775
0xaa2c7a,94.2228%,42,685,727,584,25,17,101
0x5fe2d3,96.0377%,42,1018,1060,10,26,16,1008
0x8b9b2d,90.2326%,42,388,430,350,22,20,38
0x4bcc3b,76.6667%,42,138,180,63,13,29,75
0xa348db,97.5133%,42,1647,1689,1118,15,27,529
0x507724,72.7273%,42,112,154,93,17,25,19
0x8a9e6a,87.8261%,42,303,345,127,26,16,176
0x816073,78.3505%,42,152,194,42,20,22,110
0x543d0a,73.75%,42,118,160,77,21,21,41
0x908f40,97.7964%,42,1864,1906,34,17,25,1830
0x81954d,73.75%,42,118,160,69,11,31,49
0x9dffee,96.0894%,42,1032,1074,337,4,38,695
0xa570ab,77.8947%,42,148,190,117,32,10,31
0x40ce4b,99.7839%,42,19391,19433,59,16,26,19332
0x489525,94.4223%,42,711,753,370,9,33,341
0x5412fc,99.4655%,42,7816,7858,7816,42,0,0
0x53d97b,78.0105%,42,149,191,149,17,25,0
0xa565b3,91.954%,42,480,522,223,38,4,257
0x8fc4a7,96.2832%,42,1088,1130,0,0,42,1088
0xa5285e,89.8551%,42,372,414,151,24,18,221
0x51012c,97.5779%,42,1692,1734,1281,27,15,411
0xa50c11,53.3333%,42,48,90,9,27,15,39
0xb0b096,76.2712%,42,135,177,124,10,32,11
0x58ffe1,99.3574%,42,6494,6536,3510,10,32,2984
0x509f94,96.2298%,42,1072,1114,1072,42,0,0
0x41089b,76.2712%,42,135,177,80,17,25,55
0x8e4c11,83.7209%,42,216,258,216,42,0,0
0x8fe2ea,99.795%,42,20448,20490,5,10,32,20443
0xb32785,99.3636%,41,6401,6442,3,6,35,6398
0xaa44d4,99.5205%,41,8510,8551,8510,41,0,0
0x8fcc1e,92.8819%,41,535,576,47,23,18,488
0x80c2d9,82.7004%,41,196,237,0,33,8,196
0x403be0,93.1092%,41,554,595,276,21,20,278
0x5fba15,89.3782%,41,345,386,295,18,23,50
0x6774dc,88.9488%,41,330,371,81,30,11,249
0x5103c8,97.2428%,41,1446,1487,396,25,16,1050
0x402d27,76.1628%,41,131,172,86,27,14,45
0x557f66,96.4067%,41,1100,1141,742,29,12,358
0xa42b3d,95.2326%,41,819,860,193,12,29,626
0x50ffa1,85.8621%,41,249,290,100,15,26,149
0x81d518,77.4725%,41,141,182,102,20,21,39
0x9116c1,89.433%,41,347,388,194,23,18,153
0x4a9728,71.1268%,41,101,142,61,21,20,40
0x40e3bb,90.7029%,41,400,441,28,15,26,372
0x4b6a1f,73.5484%,41,114,155,16,19,22,98
0x5f848b,92.9795%,41,543,584,424,14,27,119
0x900193,99.493%,41,8046,8087,239,11,30,7807
0x53d954,97.5405%,41,1626,1667,1616,26,15,10
0xa50f59,83.7945%,41,212,253,196,19,22,16
0x61050e,92.4494%,41,502,543,62,1,40,440
0x8c7dc9,94.209%,41,667,708,476,24,17,191
0x507ef8,92.8571%,41,533,574,20,21,20,513
0x4b6531,73.5484%,41,114,155,88,18,23,26
0x40382a,94.8167%,41,750,791,128,10,31,622
0x4a5cb3,78.6458%,41,151,192,59,25,16,92
0xa594fd,79.703%,41,161,202,8,13,28,153
0xa50a5b,88.5475%,41,317,358,309,13,28,8
0x9e7515,93.2119%,41,563,604,287,24,17,276
0x901633,95.271%,41,826,867,769,26,15,57
0x900612,88.1503%,41,305,346,158,18,23,147
0x901264,77.2222%,41,139,180,125,15,26,14
0x8e87b0,96.2247%,41,1045,1086,1045,7,34,0
0x8e4a88,88.1503%,41,305,346,9,35,6,296
0x90abbe,95.7336%,41,920,961,80,20,21,840
0x81c2b4,70.073%,41,96,137,62,18,23,34
0x904006,79.0816%,41,155,196,127,26,15,28
0x9ab2cd,97.1899%,41,1418,1459,1127,38,3,291
0x9a7b90,68.7023%,41,90,131,7,29,12,83
0x7c72fe,73.3766%,41,113,154,65,23,18,48
0x9a7d36,89.9756%,41,368,409,310,22,19,58
0x8e4193,89.008%,41,332,373,101,26,15,231
0x5335c4,50%,41,41,82,18,20,21,23
0x5908ab,98.0939%,41,2110,2151,2039,22,19,71
0x4bc21f,96.7944%,41,1238,1279,193,10,31,1045
0x81bcec,87.0662%,41,276,317,276,12,29,0
0x643ae4,99.71%,41,14095,14136,14095,41,0,0
0x81e294,99.6402%,41,11354,11395,11174,6,35,180
0x97397a,68.7023%,41,90,131,71,24,17,19
0x5fb6e2,84.7015%,41,227,268,11,23,18,216
0x8bcda8,99.8101%,41,21545,21586,620,4,37,20925
0x8eae6d,91.5811%,41,446,487,421,0,41,25
0xb3241d,95.7688%,41,928,969,0,0,41,928
0x81bb9f,87.0662%,41,276,317,83,21,20,193
0x51c247,96.6802%,41,1194,1235,1187,14,27,7
0xa9010e,85.0365%,41,233,274,94,29,12,139
0x50811f,92.2348%,41,487,528,376,16,25,111
0x833a46,81.1927%,41,177,218,63,23,18,114
0x627af3,96.5284%,41,1140,1181,9,14,27,1131
0x976dd6,97.2109%,41,1429,1470,1428,8,33,1
0x942914,82.0961%,41,188,229,132,22,19,56
0xa46a81,82.1739%,41,189,230,117,17,24,72
0x642e1d,76.5714%,41,134,175,134,6,35,0
0x64dfaf,92.4494%,41,502,543,468,20,21,34
0xa3497f,97.5725%,41,1648,1689,1143,19,22,505
0x81c325,92.0543%,41,475,516,264,18,23,211
0x5b02b8,73.7179%,41,115,156,51,15,26,64
0x44651a,97.9469%,41,1956,1997,15,11,30,1941
0x9ab0e8,94.4744%,41,701,742,6,21,20,695
0x54253b,98.2088%,41,2248,2289,2078,18,23,170
0x488a7f,96.084%,41,1006,1047,0,22,19,1006
0x9e6bd5,97.4423%,41,1562,1603,1532,18,23,30
0x835022,98.3414%,41,2431,2472,982,28,13,1449
0x50e495,57.732%,41,56,97,40,21,20,16
0x65a138,97.2659%,40,1423,1463,1404,12,28,19
0x511f47,71.0145%,40,98,138,98,40,0,0
0x492aa6,75.7576%,40,125,165,100,15,25,25
0xa555da,77.9006%,40,141,181,128,15,25,13
0x40f42d,99.0975%,40,4392,4432,4392,40,0,0
0xa54e4f,74.359%,40,116,156,71,24,16,45
0x94dd92,93.1857%,40,547,587,134,25,15,413
0x9e750b,95.8159%,40,916,956,330,22,18,586
0x8ef16e,89.1892%,40,330,370,161,17,23,169
0x944f9d,78.022%,40,142,182,0,0,40,142
0x64341a,92.1105%,40,467,507,376,22,18,91
0x48b14b,78.022%,40,142,182,121,14,26,21
0x8f44d1,69.9248%,40,93,133,11,22,18,82
0x534b3d,50.6173%,40,41,81,11,0,40,30
0xa45127,89.9497%,40,358,398,358,40,0,0
0xa2d276,94.5055%,40,688,728,378,16,24,310
0x54105a,99.7175%,40,14119,14159,0,0,40,14119
0x50e539,58.7629%,40,57,97,39,16,24,18
0xa301bf,86.711%,40,261,301,85,21,19,176
0xa42958,96.3801%,40,1065,1105,1059,18,22,6
0x404109,98.1061%,40,2072,2112,1615,22,18,457
0x40249e,85.4015%,40,234,274,150,14,26,84
0xa45076,77.2727%,40,136,176,11,24,16,125
0x507c82,90.8676%,40,398,438,396,20,20,2
0x5f05ec,89.2183%,40,331,371,231,13,27,100
0x8dd464,98.2601%,40,2259,2299,641,27,13,1618
0x7ce372,97.4326%,40,1518,1558,1122,25,15,396
0x9c4236,87.9518%,40,292,332,116,23,17,176
0x5fbd31,66.6667%,40,80,120,68,18,22,12
0x94d7c5,92.9078%,40,524,564,14,16,24,510
0x51067e,97.4795%,40,1547,1587,1204,3,37,343
0x9e0ba7,84.4358%,40,217,257,7,21,19,210
0x4a2618,91.5254%,40,432,472,128,25,15,304
0x60a869,90.5213%,40,382,422,7,20,20,375
0x647375,93.7107%,40,596,636,15,21,19,581
0x9a6fab,75.9036%,40,126,166,83,23,17,43
0xa90dd5,70.8029%,40,97,137,42,17,23,55
0x4a775f,97.1347%,40,1356,1396,1,32,8,1355
0x8deec4,98.0286%,40,1989,2029,988,21,19,1001
0x78d5be,95.4023%,40,830,870,8,10,30,822
0xb34635,82.2222%,40,185,225,65,17,23,120
0x81cedd,78.022%,40,142,182,99,23,17,43
0x5fc4c4,66.6667%,40,80,120,65,21,19,15
0x5aef2b,94.2529%,40,656,696,10,12,28,646
0x5968a6,98.2135%,40,2199,2239,2185,27,13,14
0x8fdefb,99.8806%,40,33460,33500,0,0,40,33460
0x5fa19f,94.9749%,40,756,796,748,21,19,8
0x974335,91.7695%,40,446,486,178,22,18,268
0xa2fcd7,95.6616%,40,882,922,860,19,21,22
0x8a669e,59.1837%,40,58,98,46,18,22,12
0x559184,95.4955%,40,848,888,315,17,23,533
0x8da4b8,96.1832%,40,1008,1048,99,5,35,909
0x64af41,99.2992%,40,5668,5708,0,0,40,5668
0x811ea5,98.3389%,40,2368,2408,1654,25,15,714
0x8108dd,91.453%,40,428,468,47,27,13,381
0xad7fa4,95.6897%,40,888,928,0,0,40,888
0xa34317,69.4656%,40,91,131,56,22,18,35
0x80c3b0,83.0508%,40,196,236,190,14,26,6
0x984068,74.6835%,40,118,158,24,23,17,94
0x4b4a8e,89.1599%,40,329,369,279,21,19,50
0xa3a237,81.4815%,40,176,216,157,23,17,19
0x80df7f,98.3471%,40,2380,2420,2176,16,24,204
0x9f97db,71.831%,40,102,142,41,16,24,61
0xaa2353,93.1973%,40,548,588,523,20,20,25
0x5bc217,97.1469%,40,1362,1402,5,28,12,1357
0xb2e723,99.4997%,40,7955,7995,0,0,40,7955
0x5fa1ce,94.9749%,40,756,796,52,29,11,704
0x5504d4,99.6503%,40,11400,11440,11400,40,0,0
0xa39eb9,96.6216%,40,1144,1184,45,10,30,1099
0x81682a,81.0427%,40,171,211,27,25,15,144
0x8db6bd,95.7219%,40,895,935,287,28,12,608
0x8fdef3,99.8806%,40,33460,33500,0,0,40,33460
0x811d33,92.6471%,40,504,544,142,24,16,362
0x8bd41f,99.8349%,40,24195,24235,161,24,16,24034
0x8e9f21,98.6091%,39,2765,2804,289,29,10,2476
0x54ef3c,55.6818%,39,49,88,34,17,22,15
0xa54dc4,83.1897%,39,193,232,106,10,29,87
0x8e34d1,98.0273%,39,1938,1977,1938,39,0,0
0x8e4a9a,87.0861%,39,263,302,241,17,22,22
0x58ba38,83.75%,39,201,240,75,20,19,126
0x511d42,97.3595%,39,1438,1477,642,23,16,796
0x65ba7f,99.1477%,39,4537,4576,4493,15,24,44
0x6104a2,92.0892%,39,454,493,85,19,20,369
0x8b968a,99.8092%,39,20401,20440,1,5,34,20400
0x80f671,73.6486%,39,109,148,102,16,23,7
0x819b5f,95.3737%,39,804,843,754,19,20,50
0xa33a6e,93.0481%,39,522,561,395,14,25,127
0x816e29,99.1744%,39,4685,4724,3479,10,29,1206
0x94e8c5,78.3333%,39,141,180,99,21,18,42
0x9fb25e,68.5484%,39,85,124,58,25,14,27
0xa4ba37,84.8837%,39,219,258,180,14,25,39
0xb2e649,99.8165%,39,21215,21254,21215,39,0,0
0xb313a7,93.9815%,39,609,648,0,0,39,609
0x8dc69c,94.9871%,39,739,778,739,39,0,0
0x8d2560,94.0639%,39,618,657,201,29,10,417
0x900231,94.1704%,39,630,669,23,24,15,607
0x7b2995,72.3404%,39,102,141,55,33,6,47
0x944d89,88.7608%,39,308,347,308,39,0,0
0x4a01fe,73.6486%,39,109,148,35,12,27,74
0x40ff98,98.8854%,39,3460,3499,166,18,21,3294
0x90056d,99.8083%,39,20308,20347,352,10,29,19956
0xaaafc8,80.597%,39,162,201,99,16,23,63
0xa5863d,81.4286%,39,171,210,131,27,12,40
0x48b1e6,90.4177%,39,368,407,11,32,7,357
0x5bb3de,96.9602%,39,1244,1283,3,30,9,1241
0x8e48ab,96.6028%,39,1109,1148,0,20,19,1109
0x8fdde9,97.393%,39,1457,1496,179,32,7,1278
0x8aa985,98.86%,39,3382,3421,0,0,39,3382
0x8ebadb,92.6554%,39,492,531,254,20,19,238
0xa35f7e,93.3105%,39,544,583,450,27,12,94
0xa0306f,75.625%,39,121,160,71,26,13,50
0xa35561,95.7563%,39,880,919,3,13,26,877
0x48eac5,93.2292%,39,537,576,59,24,15,478
0xb32357,95.9752%,39,930,969,930,39,0,0
0x4a5c9b,79.6875%,39,153,192,31,25,14,122
0x9eb69d,41.791%,39,28,67,10,25,14,18
0x9f6c51,91.9087%,39,443,482,212,39,0,231
0x903ed2,92.6554%,39,492,531,456,23,16,36
0x8ef213,80.5%,39,161,200,85,28,11,76
0x8e7304,88.2175%,39,292,331,232,8,31,60
0xa46c4e,83.0435%,39,191,230,112,22,17,79
0xa57997,76.7857%,39,129,168,82,21,18,47
0x91770c,80.5%,39,161,200,14,23,16,147
0x4bb9d8,64.8649%,39,72,111,22,27,12,50
0xa3ba0b,86.2676%,39,245,284,128,12,27,117
0x48a69d,94.3804%,39,655,694,654,22,17,1
0x5078cc,95.082%,39,754,793,152,34,5,602
0x552975,97.234%,39,1371,1410,1233,35,4,138
0x803f57,80.9756%,39,166,205,41,26,13,125
0x8ed770,95.8599%,39,903,942,881,17,22,22
0x50d105,77.4566%,39,134,173,58,33,6,76
0xa022a3,96.6724%,39,1133,1172,3,24,15,1130
0x9abdf3,89.0141%,39,316,355,165,13,26,151
0x511643,99.5235%,39,8145,8184,18,11,28,8127
0x8e7388,90.3941%,39,367,406,61,22,17,306
0x9f25b8,60.6061%,39,60,99,42,18,21,18
0xa56750,84.8249%,39,218,257,210,5,34,8
0x402065,95.1911%,39,772,811,567,18,21,205
0x5feea7,49.3506%,39,38,77,28,20,19,10
0xb323dc,95.9752%,39,930,969,930,39,0,0
0x50166f,96.1271%,39,968,1007,885,16,23,83
0x63d1b5,80.5%,39,161,200,157,20,19,4
0x4b5127,84.6774%,38,210,248,83,37,1,127
0x50197f,97.7122%,38,1623,1661,550,19,19,1073
0x81faf5,94.081%,38,604,642,302,17,21,302
0xada6ae,99.7568%,38,15584,15622,0,0,38,15584
0x9a7590,90.8213%,38,376,414,375,21,17,1
0xa41a48,99.0176%,38,3830,3868,960,21,17,2870
0x8dd388,97.6701%,38,1593,1631,880,9,29,713
0x942825,97.7515%,38,1652,1690,1652,38,0,0
0x5ee226,78.5311%,38,139,177,116,31,7,23
0x4101f1,97.9581%,38,1823,1861,30,24,14,1793
0x8d3ca8,90.0262%,38,343,381,229,15,23,114
0x8bb3e1,91.63%,38,416,454,395,29,9,21
0x810908,85.6061%,38,226,264,222,14,24,4
0x8a258e,86.4769%,38,243,281,5,11,27,238
0xa32ff4,84.9206%,38,214,252,133,9,29,81
0x8a543e,90.8213%,38,376,414,4,20,18,372
0x8d3c2b,92.607%,38,476,514,252,18,20,224
0xa52f03,91.9831%,38,436,474,251,31,7,185
0xa4d2e7,76.6871%,38,125,163,16,22,16,109
0x5058b3,78.2857%,38,137,175,54,22,16,83
0x8fd078,74.1497%,38,109,147,63,13,25,46
0x9e395c,87.6623%,38,270,308,35,15,23,235
0x5469ee,97.6801%,38,1600,1638,1599,27,11,1
0x8bd5a1,99.8432%,38,24197,24235,21368,20,18,2829
0xa9d1b5,67.2414%,38,78,116,12,22,16,66
0x9ef296,78.1609%,38,136,174,123,18,20,13
0xb32711,99.4101%,38,6404,6442,6404,38,0,0
0xb46679,99.8326%,38,22668,22706,0,1,37,22668
0x8bd7e8,98.2383%,38,2119,2157,2104,33,5,15
0xb2e5ed,99.8701%,38,29211,29249,0,0,38,29211
0xa1806d,97.422%,38,1436,1474,3,26,12,1433
0xa5563a,90.6634%,38,369,407,318,12,26,51
0x54391d,72.4638%,38,100,138,2,1,37,98
0x9f5d77,71.4286%,38,95,133,89,22,16,6
0x40f3f2,98.7781%,38,3072,3110,0,0,38,3072
0x8ef43c,91.344%,38,401,439,13,17,21,388
0x7cf31c,95.6472%,38,835,873,137,18,20,698
0x8f29bc,94.6328%,38,670,708,55,24,14,615
0x80bd0f,91.224%,38,395,433,131,20,18,264
0x66f58a,71.4286%,38,95,133,85,19,19,10
0x8bc939,99.3068%,38,5444,5482,177,17,21,5267
0xa50139,74.3243%,38,110,148,29,28,10,81
0xb3024b,99.41%,38,6403,6441,0,0,38,6403
0x820dc6,93.6877%,38,564,602,214,30,8,350
0x81c000,96.5074%,38,1050,1088,1050,6,32,0
0x50adfd,72.0588%,38,98,136,50,14,24,48
0x8ed014,57.7778%,38,52,90,41,17,21,11
0x9a8ef4,66.0714%,38,74,112,28,23,15,46
0x4ba304,95.7918%,38,865,903,559,16,22,306
0x8a9f3c,90.404%,38,358,396,346,12,26,12
0xa55ee9,66.9565%,38,77,115,24,27,11,53
0x9a904e,83.0357%,38,186,224,177,16,22,9
0x5971c6,93.8808%,38,583,621,29,25,13,554
0x7cf2fd,97.9979%,38,1860,1898,997,28,10,863
0x5ff2fa,71.2121%,38,94,132,73,21,17,21
0x590dcb,88.6228%,38,296,334,169,18,20,127
0x4bf07e,95.914%,38,892,930,141,30,8,751
0x9c3e4c,55.814%,38,48,86,13,19,19,35
0x499023,88.3077%,38,287,325,185,32,6,102
0x40e383,94.2685%,38,625,663,193,28,10,432
0x403d82,96.5611%,38,1067,1105,51,24,14,1016
0xa560df,79.3478%,38,146,184,24,19,19,122
0xb3277c,99.4101%,38,6404,6442,0,0,38,6404
0x8a2aba,89.1429%,38,312,350,309,25,13,3
0x8dc267,89.2655%,38,316,354,8,22,16,308
0x50c096,98.2033%,38,2077,2115,115,21,17,1962
0x49fab3,97.2838%,38,1361,1399,120,13,25,1241
0x556e62,90.9524%,38,382,420,298,17,21,84
0x902164,88.1988%,38,284,322,104,15,23,180
0x49de4b,61.2245%,38,60,98,17,11,27,43
0x4b4b69,89.7574%,38,333,371,85,26,12,248
0x5fb6d2,90.2062%,38,350,388,92,28,10,258
0x404985,85.3282%,38,221,259,9,8,30,212
0x5030da,99.5272%,37,7789,7826,173,17,20,7616
0x90e82d,97.673%,37,1553,1590,1553,7,30,0
0x94b386,93.4397%,37,527,564,138,20,17,389
0x9c4069,92.0601%,37,429,466,5,18,19,424
0xa35cf8,96.6637%,37,1072,1109,465,12,25,607
0x80fb8b,85.6589%,37,221,258,72,18,19,149
0xb3ab1c,98.687%,37,2781,2818,2460,12,25,321
0xa525bb,83.7004%,37,190,227,75,26,11,115
0x8a8b97,66.6667%,37,74,111,57,13,24,17
0xa01dfe,45.5882%,37,31,68,7,20,17,24
0x49ee3a,93.0712%,37,497,534,1,17,20,496
0xa313d7,56.4706%,37,48,85,41,17,20,7
0x9f44d8,76.129%,37,118,155,10,18,19,108
0x402d12,87.8689%,37,268,305,115,18,19,153
0xa2cc0e,95.852%,37,855,892,419,10,27,436
0x8f0ce3,93.9245%,37,572,609,401,16,21,171
0xa2fb6c,87.372%,37,256,293,41,24,13,215
0x835d63,77.0186%,37,124,161,20,18,19,104
0x48d7a5,99.1721%,37,4432,4469,2722,35,2,1710
0x8b9a37,99.7419%,37,14299,14336,18,21,16,14281
0x5ff6b3,63.3663%,37,64,101,9,17,20,55
0xad7f8e,96.0129%,37,891,928,891,37,0,0
0x9e0877,96.1498%,37,924,961,585,0,37,339
0xa5c2d4,66.055%,37,72,109,64,13,24,8
0x510a0b,93.9935%,37,579,616,286,18,19,293
0x910fa0,96.8048%,37,1121,1158,157,21,16,964
0x8116a7,94.0129%,37,581,618,38,20,17,543
0x545cb1,98.2989%,37,2138,2175,2138,37,0,0
0x403ef5,98.034%,37,1845,1882,607,19,18,1238
0x538d40,90.9535%,37,372,409,371,12,25,1
0x5971ec,87.1528%,37,251,288,13,13,24,238
0xb2e6c3,99.7486%,37,14681,14718,14652,20,17,29
0x4994e4,85.7692%,37,223,260,164,36,1,59
0x80c392,86.2963%,37,233,270,19,15,22,214
0xa32e2a,96.5485%,37,1035,1072,0,0,37,1035
0x90e144,93.864%,37,566,603,560,11,26,6
0x556e4b,91.1905%,37,383,420,88,20,17,295
0x50c642,72.7941%,37,99,136,74,21,16,25
0xb2e70b,99.5372%,37,7958,7995,0,0,37,7958
0x548ce6,99.4775%,37,7045,7082,508,29,8,6537
0x9e7475,90.75%,37,363,400,210,12,25,153
0x5fd6a8,97.5896%,37,1498,1535,1498,29,8,0
0x945283,87.2414%,37,253,290,58,6,31,195
0x597146,91.8502%,37,417,454,390,21,16,27
0x9f4be1,83.7004%,37,190,227,31,21,16,159
0x81cadf,79.6703%,37,145,182,102,20,17,43
0x96c170,85.0202%,37,210,247,24,14,23,186
0xa50599,67.2566%,37,76,113,59,13,24,17
0x81eb14,93.2727%,37,513,550,196,19,18,317
0x5a944d,89.5184%,37,316,353,259,27,10,57
0x8d419e,85.0202%,37,210,247,205,12,25,5
0x9e6fe9,60.2151%,37,56,93,33,13,24,23
0xa942fe,65.0943%,37,69,106,68,17,20,1
0x49fb8e,91.253%,37,386,423,368,32,5,18
0x504991,76.129%,37,118,155,15,24,13,103
0xa58ed7,89.2754%,37,308,345,220,6,31,88
0x54fa2a,98.7538%,37,2932,2969,2932,37,0,0
0x4b6b73,69.1667%,37,83,120,19,25,12,64
0x9f64d7,79.3296%,37,142,179,36,25,12,106
0x80d8ea,83.1818%,37,183,220,61,25,12,122
0x502bd7,98.9924%,37,3635,3672,0,13,24,3635
0x59709b,92.8571%,37,481,518,16,19,18,465
0xa55e87,77.1605%,37,125,162,93,17,20,32
0xa52dcb,89.548%,37,317,354,316,15,22,1
0x911810,81.592%,37,164,201,0,0,37,164
0x9a7eff,76.7296%,37,122,159,44,15,22,78
0x80c036,74.6575%,37,109,146,77,16,21,32
0x6045cf,79.096%,37,140,177,140,37,0,0
0x5061f9,95%,37,703,740,76,17,20,627
0x5c44fb,95.0336%,37,708,745,678,30,7,30
0xa90185,80.4233%,37,152,189,112,14,23,40
0xa5c668,78.2353%,37,133,170,49,19,18,84
0x8baded,91.6479%,37,406,443,0,0,37,406
0x40a8d5,75.1678%,37,112,149,38,20,17,74
0xa57223,80.5263%,37,153,190,16,21,16,137
0xa51bb0,69.1667%,37,83,120,59,20,17,24
0x4b4c2c,89.9729%,37,332,369,290,10,27,42
0x4a6f88,89.5775%,37,318,355,208,18,19,110
0x98cb72,88.8889%,37,296,333,108,15,22,188
0x53456e,99.1447%,37,4289,4326,0,0,37,4289
0x8e4c5c,86.0465%,36,222,258,154,5,31,68
0x810356,97.8339%,36,1626,1662,884,22,14,742
0x5068f0,95.1351%,36,704,740,638,16,20,66
0x90875e,99.5774%,36,8483,8519,5609,27,9,2874
0x5fe85e,89.6254%,36,311,347,268,21,15,43
0x8fe9c2,99.3218%,36,5272,5308,14,11,25,5258
0x501f66,84.8739%,36,202,238,71,36,0,131
0x94dac8,93.8671%,36,551,587,551,36,0,0
0x90e627,94.0299%,36,567,603,76,19,17,491
0xa42b50,94.5038%,36,619,655,511,32,4,108
0x65a38e,98.5832%,36,2505,2541,597,19,17,1908
0x541ba9,95.6835%,36,798,834,74,18,18,724
0x53ef54,88.3117%,36,272,308,141,13,23,131
0x8b9926,99.8669%,36,27005,27041,27001,29,7,4
0x9fb648,88.2353%,36,270,306,44,16,20,226
0x9ed26e,93.9189%,36,556,592,115,23,13,441
0x5437bb,81.6327%,36,160,196,35,15,21,125
0x5cf584,97.8287%,36,1622,1658,247,21,15,1375
0x5b1530,75.5102%,36,111,147,68,24,12,43
0x50d705,91.9463%,36,411,447,51,33,3,360
0x94e1ea,93.8671%,36,551,587,146,30,6,405
0x5fdaba,96.0352%,36,872,908,790,12,24,82
0x60a768,97.9033%,36,1681,1717,423,16,20,1258
0x90f214,91%,36,364,400,164,36,0,200
0x8db797,88.5714%,36,279,315,63,28,8,216
0x8e1b29,67.8571%,36,76,112,30,15,21,46
0x8f576d,99.3586%,36,5577,5613,663,18,18,4914
0x40e2c3,94.9367%,36,675,711,238,19,17,437
0x47f4f1,96.8531%,36,1108,1144,28,22,14,1080
0x53b030,92.0354%,36,416,452,382,7,29,34
0x667044,89.9441%,36,322,358,319,16,20,3
0x54747f,76.3158%,36,116,152,82,9,27,34
0xa589e8,73.913%,36,102,138,79,19,17,23
0x4bbb2e,82.3529%,36,168,204,84,17,19,84
0x94e130,93.8671%,36,551,587,149,27,9,402
0x55732b,77.5%,36,124,160,64,22,14,60
0x40ecaf,97.0968%,36,1204,1240,948,16,20,256
0xa59418,89.4428%,36,305,341,37,11,25,268
0x820d52,97.4322%,36,1366,1402,1365,4,32,1
0xa5ede5,91.1111%,36,369,405,0,0,36,369
0x627e06,87.4126%,36,250,286,249,14,22,1
0x901796,85.3061%,36,209,245,191,26,10,18
0x591c2a,76.1589%,36,115,151,79,14,22,36
0x9a7030,65.0485%,36,67,103,3,8,28,64
0x40ee03,97.0968%,36,1204,1240,794,9,27,410
0xa4e6c6,52.6316%,36,40,76,20,18,18,20
0x558da7,88%,36,264,300,211,14,22,53
0xa08ecf,67.2727%,36,74,110,24,21,15,50
0x8ebabd,92.9273%,36,473,509,2,20,16,471
0x54ef58,70.9677%,36,88,124,76,5,31,12
0x4bed36,90.7216%,36,352,388,202,22,14,150
0xa54970,92.0354%,36,416,452,88,24,12,328
0x8ef45a,91.198%,36,373,409,236,29,7,137
0x80fadb,88.4615%,36,276,312,211,15,21,65
0x90053b,99.851%,36,24119,24155,0,0,36,24119
0x66f62f,38.9831%,36,23,59,10,23,13,13
0x5fa2a7,92.7126%,36,458,494,225,16,20,233
0x8212f4,99.1185%,36,4048,4084,4048,28,8,0
0xb0b0bb,73.1343%,36,98,134,92,20,16,6
0xa3043c,83.6364%,36,184,220,30,20,16,154
0x9f987b,62.8866%,36,61,97,57,14,22,4
0x5349be,92.5926%,36,450,486,416,13,23,34
0x4bae76,88.4244%,36,275,311,275,36,0,0
0x54eb40,47.8261%,36,33,69,17,9,27,16
0x9e08c8,92.1909%,36,425,461,82,27,9,343
0x5483cf,99.6981%,36,11887,11923,11887,36,0,0
0x543720,93.7282%,36,538,574,535,13,23,3
0x48de68,99.4845%,36,6947,6983,6842,29,7,105
0x66646f,93.1034%,36,486,522,472,20,16,14
0x643b6a,95.5168%,36,767,803,762,13,23,5
0x9aacfd,94.7902%,36,655,691,655,24,12,0
0x40e50b,97.843%,36,1633,1669,1629,24,12,4
0x910d98,99.0798%,36,3876,3912,3233,14,22,643
0x40cec3,58.1395%,36,50,86,50,34,2,0
0x90e161,64.7059%,36,66,102,51,19,17,15
0x4bc71a,84.4156%,36,195,231,179,9,27,16
0x403f58,94.4186%,36,609,645,395,12,24,214
0x40f330,99.1877%,36,4396,4432,4396,36,0,0
0x48bbd6,74.8252%,36,107,143,44,14,22,63
0x4fdbad,85.7708%,36,217,253,175,18,18,42
0x9519b9,88%,36,264,300,128,24,12,136
0x9eb744,71.2%,36,89,125,67,15,21,22
0x8d25d7,98.9828%,36,3503,3539,31,25,11,3472
0xa91010,92.9273%,36,473,509,65,28,8,408
0x5ff94e,85.3659%,36,210,246,60,15,21,150
0xaadf1d,99.0456%,36,3736,3772,1965,26,10,1771
0x4051bd,99.5653%,36,8246,8282,65,5,31,8181
0x8a7027,63.6364%,36,63,99,32,24,12,31
0x7f0430,78.5714%,36,132,168,89,14,22,43
0x970f21,99.1923%,36,4421,4457,0,0,36,4421
0xa359f8,98.8947%,36,3221,3257,3210,15,21,11
0x511d1a,99.1144%,36,4029,4065,130,22,14,3899
0x9ed5af,66.0377%,36,70,106,11,18,18,59
0x5b2f57,83.0986%,36,177,213,163,18,18,14
0xb2fd58,95.0413%,36,690,726,0,0,36,690
0xb2e803,99.5486%,36,7940,7976,0,0,36,7940
0xad7e39,98.9544%,36,3407,3443,3407,36,0,0
0xa516f0,73.8806%,35,99,134,80,14,21,19
0x808bc3,89.3939%,35,295,330,46,25,10,249
0x60df96,79.8851%,35,139,174,54,22,13,85
0x40e2b0,96.7801%,35,1052,1087,1051,18,17,1
0xa35d50,94.6646%,35,621,656,188,20,15,433
0x5068ab,95.2703%,35,705,740,584,20,15,121
0x5c6b67,99.0215%,35,3542,3577,24,10,25,3518
0x53e351,98.8882%,35,3113,3148,3113,35,0,0
0x8f0bbc,81.7708%,35,157,192,123,21,14,34
0xa35dd2,92.1875%,35,413,448,403,15,20,10
0x539390,91.4425%,35,374,409,373,10,25,1
0x970ed7,98.037%,35,1748,1783,278,19,16,1470
0x4bf0ab,96.2366%,35,895,930,674,20,15,221
0x546a01,51.3889%,35,37,72,37,31,4,0
0x50bf2d,91.3151%,35,368,403,289,4,31,79
0x8d3e8e,93.295%,35,487,522,266,10,25,221
0x58bdf3,76.5101%,35,114,149,62,11,24,52
0x504033,54.5455%,35,42,77,29,21,14,13
0x8aedc1,74.8201%,35,104,139,67,14,21,37
0x50b98d,74.0741%,35,100,135,88,16,19,12
0x610d7e,99.653%,35,10052,10087,10052,35,0,0
0xb2eb2a,99.5443%,35,7646,7681,0,0,35,7646
0x5391ff,93.083%,35,471,506,462,11,24,9
0x609bef,86.1111%,35,217,252,65,14,21,152
0xa942f1,73.8806%,35,99,134,19,25,10,80
0x9783f6,95.5128%,35,745,780,745,35,0,0
0xa4f958,92.1525%,35,411,446,234,22,13,177
0xa90677,58.8235%,35,50,85,5,19,16,45
0x98cc21,95.0495%,35,672,707,669,20,15,3
0x81c572,82.7586%,35,168,203,157,12,23,11
0xaa580f,96.4859%,35,961,996,0,0,35,961
0x4048c6,94.2997%,35,579,614,90,0,35,489
0x49fab8,97.2354%,35,1231,1266,1115,14,21,116
0x8dcc3d,98.4776%,35,2264,2299,2264,35,0,0
0x8aa989,98.9769%,35,3386,3421,3386,35,0,0
0x9f4019,65.3465%,35,66,101,51,17,18,15
0xaa1441,90.2507%,35,324,359,177,18,17,147
0x98fa12,86.3813%,35,222,257,222,35,0,0
0x49e4fb,78.2609%,35,126,161,33,10,25,93
0x8e0265,96.4322%,35,946,981,946,35,0,0
0x9dfffc,95.2251%,35,698,733,0,0,35,698
0x40dfbd,74.0741%,35,100,135,6,0,35,94
0x548920,68.75%,35,77,112,77,19,16,0
0x80c22a,86.7925%,35,230,265,152,25,10,78
0x8b98c7,99.73%,35,12929,12964,0,0,35,12929
0x8a252f,87.5445%,35,246,281,246,35,0,0
0x51c879,99.5184%,35,7232,7267,7232,26,9,0
0x4050bb,99.0614%,35,3694,3729,3694,14,21,0
0x508bb0,93.9024%,35,539,574,28,13,22,511
0x94e140,91.4842%,35,376,411,376,35,0,0
0x8e021f,93.3712%,35,493,528,493,35,0,0
0x974614,57.3171%,35,47,82,12,24,11,35
0x901295,80.5556%,35,145,180,141,12,23,4
0xa9371a,86.3281%,35,221,256,11,18,17,210
0x4037ef,95.5752%,35,756,791,244,16,19,512
0x4ba0cf,89.7059%,35,305,340,65,14,21,240
0xa5cece,89.7059%,35,305,340,167,32,3,138
0x405aa5,91.8981%,35,397,432,96,26,9,301
0x9abcf3,96.9486%,35,1112,1147,1105,27,8,7
0x8ddad2,85.8871%,35,213,248,120,16,19,93
0x4a7ad8,93.2039%,35,480,515,335,17,18,145
0xad7bc4,59.7701%,35,52,87,43,33,2,9
0xa2f236,78.6585%,35,129,164,74,11,24,55
0x5fda56,96.1454%,35,873,908,787,28,7,86
0x40e838,88.959%,35,282,317,96,20,15,186
0x8fdf8b,98.7003%,35,2658,2693,10,26,9,2648
0x54f4f8,98.8513%,35,3012,3047,3012,35,0,0
0x81b8a8,88.959%,35,282,317,277,11,24,5
0x8c755c,98.1818%,35,1890,1925,965,17,18,925
0x4464ca,98.6344%,35,2528,2563,1952,24,11,576
0xa25d4f,96.5449%,35,978,1013,915,20,15,63
0x404e6f,96.9027%,35,1095,1130,1050,6,29,45
0x9ab2ad,97.6011%,35,1424,1459,96,16,19,1328
0x6432cb,96.9136%,35,1099,1134,1099,35,0,0
0xa319cd,83.5681%,35,178,213,13,18,17,165
0x8e1ffc,85.6557%,35,209,244,8,22,13,201
0xb2e750,99.5622%,35,7960,7995,0,0,35,7960
0x8350ae,99.2465%,35,4610,4645,4610,35,0,0
0xae4156,89.9713%,35,314,349,219,8,27,95
0x508659,95.5864%,35,758,793,24,29,6,734
0x8f6080,93.346%,35,491,526,316,16,19,175
0x48c0f0,75.6944%,35,109,144,41,17,18,68
0xa94af1,84.375%,35,189,224,180,16,19,9
0xa02d64,80.663%,35,146,181,49,23,12,97
0x80bfdf,79.2899%,35,134,169,32,23,12,102
0x9c39b0,45.3125%,35,29,64,28,28,7,1
0x809e44,86.2205%,35,219,254,24,19,16,195
0x4bb76a,83.0097%,35,171,206,101,19,16,70
0x5419de,96.7412%,35,1039,1074,999,24,11,40
0x667016,89.9135%,35,312,347,305,15,20,7
0xaada0a,87.8472%,35,253,288,13,20,15,240
0x977f14,97.6989%,35,1486,1521,884,27,8,602
0x817cbb,89.6755%,35,304,339,48,21,14,256
0x908f39,98.0436%,35,1754,1789,954,24,11,800
0xa31685,91.4005%,35,372,407,354,15,20,18
0x48a563,99.3544%,35,5386,5421,1719,26,9,3667
0x58eb9f,99.3303%,35,5191,5226,5191,35,0,0
0xa55420,77.5641%,35,121,156,82,23,12,39
0x9d1cc3,50.7042%,35,36,71,16,17,18,20
0x9eef62,79.4118%,35,135,170,4,18,17,131
0x4be48a,59.3023%,35,51,86,11,23,12,40
0x81f9e7,95.7659%,34,769,803,729,17,17,40
0xa36a9e,94.3987%,34,573,607,285,16,18,288
0x494f2d,94.6457%,34,601,635,93,17,17,508
0x51b856,96.4583%,34,926,960,0,0,34,926
0x4942f3,80.5714%,34,141,175,43,27,7,98
0x55796a,93.4109%,34,482,516,220,0,34,262
0x48f060,73.6434%,34,95,129,91,16,18,4
0x403db0,99.4474%,34,6119,6153,6104,33,1,15
0x544d2a,84.8214%,34,190,224,79,13,21,111
0x787d04,96.1231%,34,843,877,47,13,21,796
0x54f6bd,99.3335%,34,5067,5101,0,0,34,5067
0xa90cd7,75.1825%,34,103,137,39,24,10,64
0x507461,73.4375%,34,94,128,88,19,15,6
0xa31107,73.2283%,34,93,127,72,17,17,21
0x9ef2c5,75.8865%,34,107,141,64,17,17,43
0x534574,99.2223%,34,4338,4372,4338,34,0,0
0x8f3f9b,91.1917%,34,352,386,122,24,10,230
0x9a7ea0,81.5217%,34,150,184,142,17,17,8
0xa2d9e5,92.1478%,34,399,433,395,18,16,4
0x8d3c75,93.4866%,34,488,522,349,20,14,139
0xa60aa5,90.9574%,34,342,376,277,27,7,65
0x8f0c52,83%,34,166,200,99,14,20,67
0x9ea4db,79.7619%,34,134,168,39,21,13,95
0xb3026f,99.4721%,34,6407,6441,0,0,34,6407
0x8fbf94,95.3992%,34,705,739,705,34,0,0
0x40e036,84.1121%,34,180,214,28,29,5,152
0x8da381,99.1095%,34,3784,3818,3776,13,21,8
0xa54ed3,88.6288%,34,265,299,258,17,17,7
0x8ff80f,99.865%,34,25143,25177,25143,34,0,0
0x485b39,90.8356%,34,337,371,0,0,34,337
0x5fb20c,87.9433%,34,248,282,101,14,20,147
0x81d1c3,94.4079%,34,574,608,145,21,13,429
0x90ad36,56.4103%,34,44,78,19,25,9,25
0x50582b,80.5714%,34,141,175,71,23,11,70
0x609f30,99.5774%,34,8011,8045,1362,7,27,6649
0x942cc8,93.5238%,34,491,525,437,13,21,54
0x53b05a,98.6054%,34,2404,2438,0,0,34,2404
0xa3931d,94.6541%,34,602,636,5,23,11,597
0xa33856,85.7143%,34,204,238,110,12,22,94
0xa9c56d,86.7188%,34,222,256,39,18,16,183
0x507e07,95.1705%,34,670,704,669,13,21,1
0x4a1378,71.1864%,34,84,118,7,20,14,77
0x6663cc,89.172%,34,280,314,279,33,1,1
0xa58865,76.7123%,34,112,146,28,14,20,84
0x403c0a,94.2857%,34,561,595,238,14,20,323
0x511fd3,99.1636%,34,4031,4065,4031,34,0,0
0x485e49,92.3251%,34,409,443,338,23,11,71
0x9846c9,76.7123%,34,112,146,65,18,16,47
0x8fe923,78.2051%,34,122,156,107,21,13,15
0x8a9449,98.8961%,34,3046,3080,66,16,18,2980
0x40ed79,97.2581%,34,1206,1240,1192,22,12,14
0x50d01a,81.9149%,34,154,188,68,0,34,86
0x8ee17d,92.1114%,34,397,431,173,17,17,224
0x4b5a78,98.9454%,34,3190,3224,3,24,10,3187
0x4bbb9a,83.3333%,34,170,204,26,23,11,144
0x8184eb,60.4651%,34,52,86,22,12,22,30
0x4bb8c6,83.3333%,34,170,204,124,24,10,46
0x5456a2,96.7681%,34,1018,1052,19,19,15,999
0xa511c8,86.5613%,34,219,253,59,24,10,160
0x502cd3,96.276%,34,879,913,873,21,13,6
0x53532b,63.4409%,34,59,93,52,9,25,7
0x80c0c5,97.6855%,34,1435,1469,39,19,15,1396
0xb1b6f2,96.6169%,34,971,1005,4,15,19,967
0xb31357,96.4912%,34,935,969,0,0,34,935
0x4a57ad,69.0909%,34,76,110,34,21,13,42
0x784068,94.525%,34,587,621,9,12,22,578
0x557533,86.6397%,33,214,247,214,33,0,0
0xaae473,99.7939%,33,15976,16009,15967,29,4,9
0x9f5d2d,64.8936%,33,61,94,58,8,25,3
0x50aa66,75.7353%,33,103,136,43,26,7,60
0x40f8ad,99.9004%,33,33097,33130,33097,33,0,0
0xa2e849,90.5444%,33,316,349,101,8,25,215
0x60b6a9,86.6935%,33,215,248,7,14,19,208
0x9a608f,68.8679%,33,73,106,12,18,15,61
0x8eec81,96.7992%,33,998,1031,353,25,8,645
0x8f6eb0,93.945%,33,512,545,248,28,5,264
0x8fdf52,98.758%,33,2624,2657,0,0,33,2624
0x534b76,75.9124%,33,104,137,104,33,0,0
0x50be55,93.7618%,33,496,529,480,14,19,16
0x977d04,88.6986%,33,259,292,128,15,18,131
0x814e07,88.2562%,33,248,281,209,16,17,39
0x40dbd7,52.1739%,33,36,69,21,18,15,15
0x8a54b9,97.5483%,33,1313,1346,92,17,16,1221
0x8bd3c2,99.0826%,33,3564,3597,732,18,15,2832
0xa3947c,95.5285%,33,705,738,705,19,14,0
0x8a2675,88.2562%,33,248,281,0,0,33,248
0x5f083c,89.2157%,33,273,306,257,15,18,16
0x9e03a6,96.8451%,33,1013,1046,134,18,15,879
0x58f8ef,58.75%,33,47,80,22,17,16,25
0x402315,99.359%,33,5115,5148,0,0,33,5115
0x49de6c,41.0714%,33,23,56,8,20,13,15
0x8da1bc,78.2895%,33,119,152,50,19,14,69
0x48a04b,99.6755%,33,10135,10168,0,0,33,10135
0x5f8293,93.945%,33,512,545,0,18,15,512
0x8e0bc9,99.2126%,33,4158,4191,101,17,16,4057
0x507870,95.8386%,33,760,793,28,25,8,732
0x5ffd01,67%,33,67,100,33,19,14,34
0x40e1dc,55.4054%,33,41,74,0,0,33,41
0x94d941,95.6291%,33,722,755,124,12,21,598
0x9776ca,98.0048%,33,1621,1654,261,17,16,1360
0x8b94ef,99.8335%,33,19788,19821,19788,33,0,0
0x677b56,92.4138%,33,402,435,52,26,7,350
0x409a6b,78.9809%,33,124,157,61,9,24,63
0x405a6c,92.7473%,33,422,455,3,20,13,419
0x8dff6f,43.1034%,33,25,58,14,30,3,11
0x9a7d17,91.9315%,33,376,409,17,22,11,359
0x9d0601,77.551%,33,114,147,70,15,18,44
0x4bcca8,81.6667%,33,147,180,57,16,17,90
0xa3a392,95.9158%,33,775,808,78,30,3,697
0xa5c2c4,81.768%,33,148,181,50,22,11,98
0x8bcee4,97.0667%,33,1092,1125,955,22,11,137
0x5de315,97.3409%,33,1208,1241,1208,33,0,0
0x9bd123,54.1667%,33,39,72,25,13,20,14
0x8dc692,98.5646%,33,2266,2299,1495,26,7,771
0x50e0fc,65.9794%,33,64,97,41,14,19,23
0x55489b,98.111%,33,1714,1747,508,21,12,1206
0x504a83,95.498%,33,700,733,64,22,11,636
0xb31544,59.7561%,33,49,82,3,2,31,46
0x8184dc,45%,33,27,60,8,18,15,19
0x557c74,86.4754%,33,211,244,120,21,12,91
0x64debe,93.9227%,33,510,543,510,29,4,0
0x509167,99.2696%,33,4485,4518,4365,17,16,120
0x944dc4,93.7618%,33,496,529,10,12,21,486
0x505a23,94.8995%,33,614,647,0,0,33,614
0x4a75da,78.8462%,33,123,156,77,7,26,46
0x9d0e98,95.7474%,33,743,776,743,18,15,0
0x5e4524,97.8131%,33,1476,1509,1373,15,18,103
0x51b722,97.4057%,33,1239,1272,1236,17,16,3
0x8bcce9,98.6279%,33,2372,2405,398,12,21,1974
0x8e4685,89.1803%,33,272,305,272,17,16,0
0x505ee3,95.5405%,33,707,740,628,19,14,79
0x8a77ac,54.1667%,33,39,72,12,16,17,27
0x8fe462,98.3957%,33,2024,2057,2018,33,0,6
0x8e4831,98.5646%,33,2266,2299,487,22,11,1779
0x4b67d0,77.0833%,33,111,144,87,8,25,24
0x9eb7c6,83.2487%,33,164,197,13,19,14,151
0x48951a,95.6175%,33,720,753,247,23,10,473
0x8fe95d,98.4211%,33,2057,2090,2057,33,0,0
0x5529f6,97.6596%,33,1377,1410,0,0,33,1377
0x40ec07,96.1761%,33,830,863,591,12,21,239
0x405acf,92.2717%,33,394,427,307,16,17,87
0x541a70,96.8269%,33,1007,1040,38,19,14,969
0x8a9463,99.9576%,33,77775,77808,14,18,15,77761
0x64ad2d,99.8431%,33,21002,21035,0,0,33,21002
0x507cee,69.7248%,33,76,109,56,17,16,20
0x60b2c2,98.3384%,33,1953,1986,48,16,17,1905
0x4be763,40%,33,22,55,17,16,17,5
0x53c714,94.72%,33,592,625,389,15,18,203
0x49e17e,99.0057%,33,3286,3319,0,0,33,3286
0x8213e6,89.3204%,33,276,309,86,14,19,190
0xa60b57,81.25%,33,143,176,46,14,19,97
0x904292,91.9512%,33,377,410,377,13,20,0
0x9e6192,86.8%,33,217,250,173,19,14,44
0x4022df,98.1513%,33,1752,1785,1711,19,14,41
0x40cfd6,99.4829%,33,6349,6382,6349,33,0,0
0x5c4558,96.2329%,33,843,876,843,33,0,0
0x41037e,82.6316%,33,157,190,0,0,33,157
0x544d50,75%,33,99,132,25,15,18,74
0xa4578b,91.7085%,33,365,398,88,21,12,277
0x9a6056,72.5%,33,87,120,87,18,15,0
0x541de2,95.3058%,33,670,703,463,21,12,207
0x48ee7e,90.0302%,33,298,331,259,18,15,39
0x55806a,96.872%,33,1022,1055,76,17,16,946
0xaa57ad,99.4799%,33,6312,6345,9,12,21,6303
0xa46488,82.9016%,33,160,193,5,24,9,155
0x9019fc,61.6279%,33,53,86,16,13,20,37
0xa35f69,88.2562%,33,248,281,43,17,16,205
0x5457c3,99.5974%,33,8163,8196,0,0,33,8163
0x58ccaf,82.2581%,33,153,186,93,18,15,60
0x959078,95.2312%,33,659,692,609,6,27,50
0x48cda0,40%,33,22,55,22,33,0,0
0x8fce6c,84.6512%,33,182,215,15,20,13,167
0x402c00,99.6423%,33,9193,9226,0,0,33,9193
0x8209b7,99.3731%,33,5231,5264,5231,22,11,0
0x78181d,78.5714%,33,121,154,27,14,19,94
0x501f8a,74.8092%,33,98,131,52,24,9,46
0xa52a19,92.029%,33,381,414,302,17,16,79
0x5f8e29,74.2188%,33,95,128,80,19,14,15
0x618905,89.557%,33,283,316,221,20,13,62
0x60a958,95.8228%,33,757,790,188,24,9,569
0xa26226,91.8317%,33,371,404,86,22,11,285
0x9c3fce,92.9185%,33,433,466,433,33,0,0
0x51152f,99.3522%,33,5061,5094,495,26,7,4566
0x510003,96.5839%,33,933,966,605,10,23,328
0x7ce91e,96.8897%,33,1028,1061,693,17,16,335
0x95194b,86.0759%,33,204,237,65,15,18,139
0xa50e9e,90.7821%,33,325,358,313,9,24,12
0x809236,83.4171%,33,166,199,90,14,19,76
0x409b06,69.1589%,33,74,107,65,13,20,9
0x5f8e83,87.9562%,33,241,274,237,17,16,4
0x837593,79.5031%,33,128,161,8,25,8,120
0x8a6fa4,97.9301%,32,1514,1546,1476,14,18,38
0x99ab41,89.644%,32,277,309,39,14,18,238
0x65a16e,98.7002%,32,2430,2462,575,19,13,1855
0x4b4a33,96.9319%,32,1011,1043,865,13,19,146
0x64af4a,99.4394%,32,5676,5708,0,0,32,5676
0x8b9e2c,97.2789%,32,1144,1176,3,12,20,1141
0xb323b3,96.6976%,32,937,969,0,0,32,937
0xa25b0d,96.8411%,32,981,1013,981,32,0,0
0x502076,52.2388%,32,35,67,18,18,14,17
0x9aadae,94.1606%,32,516,548,332,11,21,184
0x5c6c00,98.5102%,32,2116,2148,0,0,32,2116
0xad8021,99.4716%,32,6024,6056,0,0,32,6024
0x9f4e4e,90.8309%,32,317,349,94,28,4,223
0x48f07e,75.1938%,32,97,129,84,12,20,13
0x9f3b5f,95.2802%,32,646,678,624,16,16,22
0x81a2ad,96.1306%,32,795,827,306,23,9,489
0x959069,95.7672%,32,724,756,46,18,14,678
0x9ed2ff,94.5946%,32,560,592,119,19,13,441
0x502f48,98.7276%,32,2483,2515,2352,18,14,131
0x5f832a,94.1284%,32,513,545,508,18,14,5
0x8a54ed,97.6226%,32,1314,1346,97,15,17,1217
0x504698,95.6757%,32,708,740,707,15,17,1
0x8bb1cb,92.9825%,32,424,456,39,8,24,385
0x607000,92.1569%,32,376,408,98,17,15,278
0x9a69f2,57.8947%,32,44,76,41,30,2,3
0x53ab5b,39.6226%,32,21,53,14,27,5,7
0x5cf500,98.2814%,32,1830,1862,397,23,9,1433
0x9f62f5,91.601%,32,349,381,57,23,9,292
0xa326fe,68.3168%,32,69,101,61,11,21,8
0x543cae,82.8877%,32,155,187,127,8,24,28
0x5059af,81.7143%,32,143,175,122,9,23,21
0x5fb881,86.3248%,32,202,234,167,12,20,35
0x8dad1f,79.3548%,32,123,155,43,19,13,80
0xa59522,82.8877%,32,155,187,21,15,17,134
0xb313f2,85.7778%,32,193,225,125,14,18,68
0x49c7af,92.8731%,32,417,449,155,9,23,262
0x677c9b,89.1156%,32,262,294,146,22,10,116
0x485de3,89.7106%,32,279,311,278,26,6,1
0x80d8fb,76.1194%,32,102,134,12,16,16,90
0x9f5927,77.7778%,32,112,144,100,19,13,12
0x9dfedb,93.4694%,32,458,490,55,3,29,403
0x534556,99.2681%,32,4340,4372,35,11,21,4305
0xa45bf7,68.6275%,32,70,102,20,15,17,50
0x8b9f67,96.6138%,32,913,945,906,24,8,7
0x90854c,99.5542%,32,7146,7178,5003,10,22,2143
0x810460,94.2238%,32,522,554,458,14,18,64
0x505a36,95.0541%,32,615,647,70,20,12,545
0x5591ae,96.4602%,32,872,904,661,8,24,211
0x8fdf66,98.7956%,32,2625,2657,0,0,32,2625
0x4b6600,79.3548%,32,123,155,96,24,8,27
0x505220,95.6757%,32,708,740,701,12,20,7
0x534de1,98.9474%,32,3008,3040,52,4,28,2956
0x90202f,99.2437%,32,4199,4231,31,13,19,4168
0x8e3881,91.2568%,32,334,366,199,8,24,135
0x787ba4,94.8136%,32,585,617,581,31,1,4
0x8dd9d5,98.6081%,32,2267,2299,643,25,7,1624
0x50fd9d,99.7568%,32,13125,13157,470,4,28,12655
0x64f45c,73.7705%,32,90,122,78,20,12,12
0xa360c4,94.6844%,32,570,602,292,9,23,278
0xa5172e,65.9574%,32,62,94,4,13,19,58
0x9a96d1,87.0968%,32,216,248,214,15,17,2
0x4bf6d2,81.0651%,32,137,169,137,32,0,0
0x4ba7c1,89.1156%,32,262,294,262,32,0,0
0x402d50,81.3953%,32,140,172,117,21,11,23
0x40203b,96.0688%,32,782,814,578,14,18,204
0x540423,98.1982%,32,1744,1776,1730,14,18,14
0x534b4e,60.4938%,32,49,81,28,12,20,21
0x627ab3,87.451%,32,223,255,199,25,7,24
0x50b84f,93.9509%,32,497,529,116,17,15,381
0x952bab,92.9825%,32,424,456,0,0,32,424
0xa5003e,60.4938%,32,49,81,25,18,14,24
0xa52238,79.2208%,32,122,154,37,17,15,85
0x973dd5,74.6032%,32,94,126,79,17,15,15
0x5344f5,15.7895%,32,6,38,5,29,3,1
0x8bd6c4,98.5165%,32,2125,2157,89,17,15,2036
0x4057c6,98.749%,32,2526,2558,1991,4,28,535
0x5b14a9,93.8462%,32,488,520,349,5,27,139
0x98cbb7,86.4407%,32,204,236,185,12,20,19
0x511a93,97.8334%,32,1445,1477,646,19,13,799
0x81c6e5,99.7635%,32,13498,13530,54,16,16,13444
0xa51668,80.2469%,32,130,162,104,16,16,26
0x4c1b14,94.6309%,32,564,596,521,16,16,43
0x404599,94.5854%,32,559,591,353,14,18,206
0x8188c0,93.2059%,32,439,471,271,15,17,168
0x50499e,72.4138%,32,84,116,27,10,22,57
0x805ed6,94.7541%,32,578,610,383,21,11,195
0x810407,93.4426%,32,456,488,52,14,18,404
0x8e4653,96.2485%,32,821,853,348,25,7,473
0x8f148d,96.5812%,32,904,936,465,20,12,439
0x53c3f0,92.176%,32,377,409,373,10,22,4
0x81e4e5,98.4877%,32,2084,2116,2062,8,24,22
0x4c51b9,90.5605%,32,307,339,272,12,20,35
0x406c73,64.4444%,32,58,90,16,16,16,42
0x9f3f43,83.6735%,32,164,196,20,21,11,144
0xa23c61,81.3953%,32,140,172,94,16,16,46
0x8bcbdf,73.9837%,32,91,123,38,15,17,53
0x9776e8,97.6744%,32,1344,1376,470,24,8,874
0xb3ab46,98.8644%,32,2786,2818,2766,17,15,20
0xa33cd9,97.6119%,32,1308,1340,1079,26,6,229
0x81e924,98.8214%,32,2683,2715,2628,11,21,55
0x40d3ad,98.7286%,32,2485,2517,0,0,32,2485
0x5fa071,97.2101%,32,1115,1147,326,25,7,789
0x908548,99.574%,32,7479,7511,316,17,15,7163
0xaa059f,75.3846%,32,98,130,35,21,11,63
0x627f4d,97.2904%,32,1149,1181,1149,9,23,0
0x550507,99.7203%,32,11408,11440,11408,32,0,0
0x405bb3,90.5045%,32,305,337,292,13,19,13
0x8a9f33,92.4706%,32,393,425,9,20,12,384
0x950fe5,92.6437%,32,403,435,5,1,31,398
0x50c349,76.4706%,32,104,136,9,16,16,95
0xa56f0b,87.9845%,31,227,258,40,13,18,187
0x5fe33e,91.7553%,31,345,376,143,13,18,202
0x9ec0cc,88.3895%,31,236,267,236,4,27,0
0x90272a,97.3504%,31,1139,1170,16,4,27,1123
0x81d5a4,95.546%,31,665,696,434,10,21,231
0x820b9b,99.4111%,31,5233,5264,5233,20,11,0
0xa25fbe,96.445%,31,841,872,174,14,17,667
0x9f591d,82.8729%,31,150,181,19,18,13,131
0x590689,98.1903%,31,1682,1713,476,27,4,1206
0x50ce0a,75.2%,31,94,125,15,16,15,79
0x976dfb,88.9286%,31,249,280,7,27,4,242
0x53496f,53.0303%,31,35,66,26,31,0,9
0x9ea733,68.0412%,31,66,97,62,11,20,4
0x502a51,86.0987%,31,192,223,85,12,19,107
0x8bb363,93.1718%,31,423,454,44,19,12,379
0x541b8f,94.7099%,31,555,586,126,15,16,429
0xb2dfc1,97.9857%,31,1508,1539,0,0,31,1508
0x80bf7b,83.2432%,31,154,185,125,12,19,29
0x5a94ab,91.2181%,31,322,353,305,15,16,17
0x810188,96.3953%,31,829,860,46,16,15,783
0x50e1c2,68.0412%,31,66,97,35,17,14,31
0x8f495a,98.1966%,31,1688,1719,310,26,5,1378
0x900252,94.918%,31,579,610,575,23,8,4
0x976e30,87.3984%,31,215,246,7,17,14,208
0x8ea167,98.747%,31,2443,2474,2443,31,0,0
0x604467,81.2121%,31,134,165,101,19,12,33
0xa54f1b,58.1081%,31,43,74,17,14,17,26
0xaa5822,96.8876%,31,965,996,965,31,0,0
0x405c1b,97.2615%,31,1101,1132,4,18,13,1097
0x4bbc4b,98.3225%,31,1817,1848,1555,9,22,262
0x5104f7,98.038%,31,1549,1580,1135,19,12,414
0x9783e3,98.2153%,31,1706,1737,0,0,31,1706
0x9ab86f,78.4722%,31,113,144,5,15,16,108
0x8c82b9,94.4444%,31,527,558,512,14,17,15
0x821049,63.9535%,31,55,86,14,17,14,41
0x541284,99.6853%,31,9819,9850,8802,15,16,1017
0x533851,89.3471%,31,260,291,260,13,18,0
0x53d887,98.1404%,31,1636,1667,1616,24,7,20
0x4b9f1e,90.9884%,31,313,344,92,16,15,221
0x9e40eb,86.1607%,31,193,224,43,27,4,150
0x4b49ca,76.3359%,31,100,131,62,13,18,38
0xa262f3,94.9097%,31,578,609,131,10,21,447
0x8b9ecd,91.6216%,31,339,370,68,23,8,271
0x50164b,97.8261%,31,1395,1426,37,15,16,1358
0xa346a1,96.8367%,31,949,980,451,19,12,498
0x610aec,93.1718%,31,423,454,76,16,15,347
0x40ec43,96.6667%,31,899,930,437,16,15,462
0x540455,24.3902%,31,10,41,10,31,0,0
0x537c16,95.7938%,31,706,737,703,28,3,3
0x609cd5,94.9429%,31,582,613,253,7,24,329
0x8ffb06,91.2429%,31,323,354,61,13,18,262
0x51a77d,99.0497%,31,3231,3262,3231,31,0,0
0x9a1323,79.6053%,31,121,152,105,17,14,16
0x552209,98.4782%,31,2006,2037,2006,31,0,0
0x55805a,97.0307%,31,1013,1044,0,0,31,1013
0x8bb8fa,78.6207%,31,114,145,60,13,18,54
0x58cd35,81.2121%,31,134,165,89,25,6,45
0x8dd481,98.6516%,31,2268,2299,1499,22,9,769
0x539dd0,95.8277%,31,712,743,97,18,13,615
0x556a42,97.5358%,31,1227,1258,88,6,25,1139
0x5e6146,97.9457%,31,1478,1509,1470,29,2,8
0x9e8918,89.1608%,31,255,286,122,18,13,133
0x808769,69.9029%,31,72,103,36,9,22,36
0xa1ad87,75.5906%,31,96,127,32,21,10,64
0x48cfc3,98.4359%,31,1951,1982,1951,19,12,0
0x9019f6,90.8284%,31,307,338,238,14,17,69
0x8c7e1f,96.0307%,31,750,781,342,16,15,408
0x8d271c,93.3761%,31,437,468,55,19,12,382
0x48a6ed,99.0537%,31,3245,3276,0,0,31,3245
0x5fa896,77.5362%,31,107,138,69,0,31,38
0x54eccc,55.0725%,31,38,69,0,0,31,38
0x8044c9,88.2576%,31,233,264,227,9,22,6
0x8f60af,84.0206%,31,163,194,0,0,31,163
0x8fcd85,91.3165%,31,326,357,49,19,12,277
0xa52898,92.5121%,31,383,414,6,12,19,377
0xb376d8,99.4406%,31,5511,5542,5511,31,0,0
0x8f4c0b,82.3864%,31,145,176,120,16,15,25
0x405b9b,92.74%,31,396,427,81,9,22,315
0xa4a9b9,70.1923%,31,73,104,49,13,18,24
0x9fe2cd,82.2857%,31,144,175,13,18,13,131
0xa3a068,94.9013%,31,577,608,572,22,9,5
0x9f1570,96.4571%,31,844,875,842,22,9,2
0x9a72a0,91.0663%,31,316,347,313,10,21,3
0x50c09f,98.4336%,31,1948,1979,7,13,18,1941
0x9f4ad4,74.5902%,31,91,122,70,14,17,21
0x49371c,65.9341%,31,60,91,21,20,11,39
0x51b7d5,99.2537%,31,4123,4154,0,13,18,4123
0x984073,72.0721%,31,80,111,11,14,17,69
0xb2f103,99.6123%,31,7964,7995,7964,31,0,0
0x9a474d,95.4942%,31,657,688,565,20,11,92
0x5109e7,95.0872%,31,600,631,5,10,21,595
0xa2dc67,87.9845%,31,227,258,178,16,15,49
0x639b5e,49.1803%,31,30,61,7,16,15,23
0x559282,95.7241%,31,694,725,226,15,16,468
0xa2e834,93.3902%,31,438,469,100,20,11,338
0xa57bf1,98.4796%,31,2008,2039,1983,6,25,25
0x59c120,85.514%,31,183,214,103,17,14,80
0x8ff40c,87.7953%,31,223,254,100,27,4,123
0x41024d,99.4748%,31,5872,5903,3,14,17,5869
0x506fea,77.2059%,31,105,136,105,31,0,0
0x4bba41,72.3214%,31,81,112,47,9,22,34
0x55909d,91.8206%,31,348,379,209,26,5,139
0x80dcd0,97.5279%,31,1223,1254,102,20,11,1121
0x8ec3d7,95.4678%,31,653,684,148,18,13,505
0x7814cf,96.7334%,31,918,949,258,14,17,660
0x54571d,97.0532%,31,1021,1052,6,22,9,1015
0x48b19f,77.6978%,31,108,139,22,18,13,86
0x9a7ab3,74.5902%,31,91,122,13,22,9,78
0xa4e817,80.8642%,31,131,162,5,19,12,126
0x9a9241,87.5%,31,217,248,217,13,18,0
0x405ecc,82.5843%,31,147,178,98,14,17,49
0xb3443d,75.7812%,31,97,128,26,16,15,71
0x8fd01e,78.9116%,31,116,147,93,10,21,23
0x40a235,79.1946%,31,118,149,36,22,9,82
0x63b49d,98.5425%,31,2096,2127,0,11,20,2096
0x8e3dc5,80.5031%,31,128,159,100,18,13,28
0x5ee413,82.4859%,31,146,177,146,31,0,0
0x4a6fb4,88%,30,220,250,123,6,24,97
0xace2fb,87.1245%,30,203,233,134,14,16,69
0x58fd9b,99.5924%,30,7331,7361,87,12,18,7244
0xa4e637,60.5263%,30,46,76,23,19,11,23
0xab3336,77.2727%,30,102,132,75,15,15,27
0xa50522,88.1423%,30,223,253,205,10,20,18
0x9018ed,92.7007%,30,381,411,21,13,17,360
0x5038c1,34.7826%,30,16,46,15,21,9,1
0x604af7,59.4595%,30,44,74,30,7,23,14
0x541a1e,97.1154%,30,1010,1040,1010,30,0,0
0x53896e,98.2984%,30,1733,1763,1733,30,0,0
0x51063c,98.1096%,30,1557,1587,589,25,5,968
0x813047,98.227%,30,1662,1692,821,25,5,841
0x8a936f,99.026%,30,3050,3080,2132,4,26,918
0x81b18b,87.2881%,30,206,236,193,9,21,13
0x64ad61,99.8574%,30,21005,21035,21005,30,0,0
0x51165c,99.592%,30,7323,7353,7323,30,0,0
0xa45ab3,88.3268%,30,227,257,15,17,13,212
0xa66166,73.4513%,30,83,113,12,15,15,71
0xa5856a,83.4254%,30,151,181,39,24,6,112
0x8eae24,94.152%,30,483,513,1,25,5,482
0x8e1280,98.9547%,30,2840,2870,2840,30,0,0
0xa4516d,92.3858%,30,364,394,364,15,15,0
0x4bfd78,65.1163%,30,56,86,15,20,10,41
0xaaa044,88.7218%,30,236,266,223,16,14,13
0x951989,90%,30,270,300,180,8,22,90
0x8f4a6c,98.8024%,30,2475,2505,2475,30,0,0
0x4bc567,97.8693%,30,1378,1408,77,19,11,1301
0x821c25,89.547%,30,257,287,57,15,15,200
0x5ee150,99.006%,30,2988,3018,0,0,30,2988
0x8e1160,99.2634%,30,4043,4073,4019,17,13,24
0x48fb47,76.7442%,30,99,129,46,19,11,53
0x4b4f82,57.7465%,30,41,71,3,22,8,38
0x9178b6,85%,30,170,200,26,20,10,144
0x80ffa1,99.019%,30,3028,3058,2504,16,14,524
0x81fc06,90.7121%,30,293,323,100,12,18,193
0x53d84b,58.9041%,30,43,73,5,29,1,38
0x951001,93.007%,30,399,429,206,11,19,193
0x8ff39b,99.5035%,30,6012,6042,25,15,15,5987
0x607013,89.7611%,30,263,293,139,20,10,124
0x808122,68.75%,30,66,96,57,19,11,9
0x547ea5,94.4954%,30,515,545,515,12,18,0
0x4b6995,73.913%,30,85,115,85,30,0,0
0x8bb85a,79.3103%,30,115,145,66,17,13,49
0x40e64d,93.988%,30,469,499,462,20,10,7
0x8a51cf,86.1751%,30,187,217,187,17,13,0
0x8f42d5,98.8081%,30,2487,2517,75,17,13,2412
0x509dfc,97.307%,30,1084,1114,666,21,9,418
0x4bc68b,85.2941%,30,174,204,151,9,21,23
0x4936e3,76%,30,95,125,70,12,18,25
0xa5724e,82.1429%,30,138,168,24,19,11,114
0x8a2a83,91.4286%,30,320,350,320,30,0,0
0x4bc56b,97.7134%,30,1282,1312,161,26,4,1121
0x8f6ea4,94.6524%,30,531,561,4,12,18,527
0x8e7836,89.011%,30,243,273,89,2,28,154
0x8e3818,91.8033%,30,336,366,336,30,0,0
0xad7b6d,96.1489%,30,749,779,5,18,12,744
0x8fd573,98.7058%,30,2288,2318,2283,17,13,5
0x8d3c9e,94.2529%,30,492,522,128,13,17,364
0x40509e,99.1955%,30,3699,3729,0,0,30,3699
0x40e11a,98.2025%,30,1639,1669,1639,30,0,0
0x6387ae,99.2015%,30,3727,3757,3725,21,9,2
0x98cc66,95.7567%,30,677,707,586,19,11,91
0x50b7eb,94.614%,30,527,557,513,16,14,14
0xa938e0,82.2485%,30,139,169,118,15,15,21
0x7d1acf,96.7427%,30,891,921,199,15,15,692
0x9a7485,74.359%,30,87,117,83,11,19,4
0xa5bb0b,53.8462%,30,35,65,11,15,15,24
0x8adc6e,88.6364%,30,234,264,6,16,14,228
0x8ff699,87.395%,30,208,238,60,11,19,148
0x8e2427,99.4499%,30,5424,5454,5256,19,11,168
0x9aba92,88.2353%,30,225,255,11,14,16,214
0x8157fe,95.6522%,30,660,690,244,12,18,416
0x404d81,99.6827%,30,9426,9456,104,16,14,9322
0x50cee7,75.8065%,30,94,124,94,30,0,0
0xa3939e,98.0557%,30,1513,1543,2,12,18,1511
0xaa1304,52.381%,30,33,63,10,15,15,23
0x821264,97.5923%,30,1216,1246,0,0,30,1216
0x64b1f1,96.7427%,30,891,921,891,30,0,0
0x409ce0,91.7355%,30,333,363,120,16,14,213
0x541a0e,97.2067%,30,1044,1074,29,5,25,1015
0x49eda9,97.9325%,30,1421,1451,1421,7,23,0
0x501639,97.948%,30,1432,1462,23,13,17,1409
0xa451ce,92.4623%,30,368,398,5,13,17,363
0x48863c,94.7826%,30,545,575,10,17,13,535
0x944977,86.4865%,30,192,222,137,15,15,55
0x638df0,94.5155%,30,517,547,0,0,30,517
0x9ab78c,89.6194%,30,259,289,253,22,8,6
0x5c6cbe,98.2014%,30,1638,1668,1067,18,12,571
0x507eba,95.9459%,30,710,740,0,0,30,710
0x8e2fb3,90.3537%,30,281,311,74,15,15,207
0x5f14a0,81.0127%,30,128,158,126,11,19,2
0x489d48,99.5139%,30,6142,6172,0,0,30,6142
0x8e0aa5,94.8805%,30,556,586,120,21,9,436
0x90a95d,63.8554%,30,53,83,36,6,24,17
0x4041c5,94.1973%,30,487,517,110,24,6,377
0x835df2,75.6098%,30,93,123,0,20,10,93
0x8fdf00,99.9104%,30,33470,33500,33470,30,0,0
0x49fb7c,92.9078%,30,393,423,9,5,25,384
0x81603b,85.2217%,30,173,203,173,7,23,0
0x8a50a3,85.9155%,30,183,213,174,14,16,9
0x8ec2e2,97.2702%,30,1069,1099,1048,6,24,21
0x50e3c4,69.0722%,30,67,97,20,26,4,47
0x58f92e,68.0851%,30,64,94,7,14,16,57
0x48d881,98.3165%,30,1752,1782,1750,19,11,2
0xaaae8e,88.189%,30,224,254,102,14,16,122
0x96c1d5,79.3103%,30,115,145,11,12,18,104
0x81ba37,85.2941%,30,174,204,36,22,8,138
0x81d1bb,89.2473%,30,249,279,207,12,18,42
0x942967,86.8996%,30,199,229,199,30,0,0
0xa35f22,92.8571%,30,390,420,74,15,15,316
0x9113bf,97.1014%,30,1005,1035,123,22,8,882
0x942942,86.8996%,30,199,229,199,30,0,0
0x808d0c,99.7205%,30,10704,10734,1212,16,14,9492
0x4fdafd,90.5956%,30,289,319,21,15,15,268
0x4a6c13,93.763%,30,451,481,423,16,14,28
0x6113fc,71.9626%,30,77,107,19,15,15,58
0x5b9db5,75.2066%,30,91,121,43,30,0,48
0x5dd565,97.5826%,30,1211,1241,1211,30,0,0
0x80f59c,94.5848%,30,524,554,132,12,18,392
0x4ba9ea,90.1361%,29,265,294,229,13,16,36
0x556577,92.7681%,29,372,401,334,12,17,38
0x509667,64.6341%,29,53,82,40,1,28,13
0x545c2c,99.0954%,29,3177,3206,2996,0,29,181
0x40d0cb,99.5886%,29,7020,7049,7020,29,0,0
0x49fb88,93.1442%,29,394,423,31,22,7,363
0x900594,99.5227%,29,6047,6076,5916,21,8,131
0x64df69,94.6593%,29,514,543,8,11,18,506
0x542f03,84.492%,29,158,187,25,9,20,133
0x590680,98.3071%,29,1684,1713,0,0,29,1684
0x90a8ca,60.8108%,29,45,74,20,13,16,25
0x505a04,96.0811%,29,711,740,65,28,1,646
0x404ef3,95.8453%,29,669,698,663,11,18,6
0xa43852,92.033%,29,335,364,191,12,17,144
0x5488ff,48.2143%,29,27,56,26,14,15,1
0x8e1e98,81.4103%,29,127,156,115,19,10,12
0x40e3aa,93.4831%,29,416,445,0,4,25,416
0x596b0b,98.7484%,29,2288,2317,2288,29,0,0
0x53df4d,99.3645%,29,4534,4563,0,0,29,4534
0x5fe808,72.381%,29,76,105,62,15,14,14
0x4bc46c,97.0825%,29,965,994,945,9,20,20
0x492a85,82.4242%,29,136,165,136,9,20,0
0xa5f762,96.5882%,29,821,850,64,15,14,757
0x488a24,98.1254%,29,1518,1547,0,22,7,1518
0x9f1d84,86.9369%,29,193,222,123,21,8,70
0x8fe35f,99.7925%,29,13945,13974,13945,29,0,0
0x8a9233,39.5833%,29,19,48,10,11,18,9
0x5a9401,91.7847%,29,324,353,287,11,18,37
0x51c864,99.4217%,29,4986,5015,3,2,27,4983
0xaa7fdf,94.518%,29,500,529,310,15,14,190
0xa2638b,92.8218%,29,375,404,274,22,7,101
0xa465e4,79.5775%,29,113,142,16,14,15,97
0x81f3d5,98.2656%,29,1643,1672,1170,14,15,473
0x404450,97.7997%,29,1289,1318,1263,15,14,26
0x7d207b,83.1395%,29,143,172,141,13,16,2
0xa2e73f,86.758%,29,190,219,70,15,14,120
0x5dec58,97.6632%,29,1212,1241,1212,29,0,0
0x51064b,97.0195%,29,944,973,17,19,10,927
0x8a539a,97.8455%,29,1317,1346,1317,23,6,0
0xaa1261,53.9683%,29,34,63,8,18,11,26
0xa27544,91.1043%,29,297,326,101,9,20,196
0x8dd9e6,98.2219%,29,1602,1631,6,26,3,1596
0x902d72,96.6743%,29,843,872,832,18,11,11
0x53e39e,99.0788%,29,3119,3148,3119,29,0,0
0x410813,46.2963%,29,25,54,23,10,19,2
0x403d8a,97.6268%,29,1193,1222,132,10,19,1061
0xa5853f,83.9779%,29,152,181,5,10,19,147
0xaa4561,99.6609%,29,8522,8551,0,0,29,8522
0x410155,99.7471%,29,11439,11468,0,0,29,11439
0x542da9,98.4566%,29,1850,1879,0,0,29,1850
0x812349,94.6691%,29,515,544,259,22,7,256
0x590e29,91.3433%,29,306,335,158,8,21,148
0xb30d41,98.4509%,29,1843,1872,0,0,29,1843
0xa52c04,86.3208%,29,183,212,183,10,19,0
0x8f6a23,96.049%,29,705,734,359,12,17,346
0xa336a1,98.6071%,29,2053,2082,856,8,21,1197
0x8f4ec6,98.8423%,29,2476,2505,155,21,8,2321
0x5343ce,99.8025%,29,14657,14686,0,0,29,14657
0x598fa5,99.5064%,29,5846,5875,5846,29,0,0
0x9e73ef,92.6209%,29,364,393,151,25,4,213
0xa52180,87.4459%,29,202,231,146,7,22,56
0x541d12,97.4717%,29,1118,1147,72,8,21,1046
0x5c3367,87.3362%,29,200,229,95,14,15,105
0x5356fa,77.3438%,29,99,128,57,10,19,42
0x8b96fc,99.8527%,29,19663,19692,1,1,28,19662
0x5fe160,76.9841%,29,97,126,18,15,14,79
0x911a9a,98.4299%,29,1818,1847,580,19,10,1238
0x814273,64.1975%,29,52,81,40,18,11,12
0x403ebe,98.8292%,29,2448,2477,104,9,20,2344
0xaad9a4,85.8537%,29,176,205,104,16,13,72
0x819d11,95.36%,29,596,625,596,9,20,0
0x48d991,96.7195%,29,855,884,389,21,8,466
0x9eef8a,75.8333%,29,91,120,14,17,12,77
0x508ba8,96.0811%,29,711,740,155,11,18,556
0x5912ef,88.2114%,29,217,246,209,22,7,8
0x504dfd,95.7416%,29,652,681,620,23,6,32
0x8ded4d,88.4%,29,221,250,41,14,15,180
0x7cde5c,97.6966%,29,1230,1259,393,9,20,837
0x49198c,82.7381%,29,139,168,92,11,18,47
0x49977e,60.8108%,29,45,74,29,19,10,16
0x910fbd,93.3486%,29,407,436,407,29,0,0
0x51131a,99.3786%,29,4638,4667,4638,29,0,0
0x9eedfe,95.2303%,29,579,608,571,11,18,8
0x5bb149,65.0602%,29,54,83,14,16,13,40
0x4a6ca4,93.9709%,29,452,481,366,16,13,86
0x5c334f,87.3362%,29,200,229,29,11,18,171
0xb38ea7,99.4767%,29,5513,5542,2748,23,6,2765
0x502746,96.343%,29,764,793,23,27,2,741
0x48dcca,99.5847%,29,6954,6983,0,0,29,6954
0x507227,96.0811%,29,711,740,556,18,11,155
0x53aa73,29.2683%,29,12,41,10,29,0,2
0xa34af3,86.9369%,29,193,222,127,13,16,66
0x819c37,56.0606%,29,37,66,15,19,10,22
0x552945,97.9152%,29,1362,1391,1362,29,0,0
0x8f2832,96.9214%,29,913,942,885,13,16,28
0x8bcdc2,99.8614%,29,20889,20918,20889,29,0,0
0x9e24ef,90.9091%,29,290,319,226,19,10,64
0xa3301f,89.7887%,29,255,284,23,19,10,232
0x8dfeda,88.0165%,29,213,242,135,11,18,78
0x4a74ad,59.7222%,29,43,72,43,29,0,0
0x643555,96.2042%,29,735,764,730,19,10,5
0xa4d862,86.1905%,29,181,210,61,28,1,120
0x40f555,99.9232%,29,37722,37751,0,0,29,37722
0x813fe3,99.2995%,29,4111,4140,3431,19,10,680
0xa5f57a,87.3913%,29,201,230,38,18,11,163
0x4bcc37,83.8889%,29,151,180,0,0,29,151
0x8da1b3,92.2252%,29,344,373,214,7,22,130
0x53bb57,97.4628%,29,1114,1143,875,11,18,239
0xa3116b,88.3534%,29,220,249,12,14,15,208
0x63b50a,98.6366%,29,2098,2127,10,1,28,2088
0x49dfd9,85.2041%,29,167,196,16,24,5,151
0x552124,51.6667%,29,31,60,0,0,29,31
0x5ea99f,87.5%,29,203,232,53,15,14,150
0x5cb108,96.5269%,29,806,835,12,18,11,794
0x64381f,81.761%,29,130,159,0,0,29,130
0x60dc1d,89.4161%,29,245,274,200,14,15,45
0xaa338f,93.1442%,29,394,423,8,11,18,386
0xa56ff8,64.6341%,29,53,82,36,16,13,17
0x80e8dd,94.4867%,29,497,526,0,0,29,497
0xa3cc2b,89.7887%,29,255,284,135,5,24,120
0x9c398f,77.5194%,29,100,129,44,14,15,56
0x591142,88.2591%,29,218,247,85,11,18,133
0x807c2a,86.9955%,29,194,223,113,12,17,81
0x5c4c03,98.4691%,28,1801,1829,1801,28,0,0
0x813da3,76.6667%,28,92,120,8,14,14,84
0x90a042,97.271%,28,998,1026,0,0,28,998
0x60a820,94.332%,28,466,494,0,0,28,466
0xa55ef7,68.5393%,28,61,89,26,19,9,35
0x40e2c8,93.8326%,28,426,454,224,9,19,202
0x4bf08e,96.3109%,28,731,759,556,15,13,175
0x50d3ac,94.3888%,28,471,499,330,8,20,141
0x9453ad,94.0552%,28,443,471,443,28,0,0
0x94c7b8,95.0355%,28,536,564,72,13,15,464
0xa9daf9,73.3333%,28,77,105,34,14,14,43
0x5436fc,79.7101%,28,110,138,0,3,25,110
0x8bb434,93.8326%,28,426,454,46,17,11,380
0x6616e6,90.6667%,28,272,300,195,5,23,77
0x94d954,95.4766%,28,591,619,591,28,0,0
0x821e75,86.9767%,28,187,215,126,17,11,61
0xa58d81,80.8219%,28,118,146,27,15,13,91
0x8dc1ff,98.7821%,28,2271,2299,652,16,12,1619
0x9e62da,83.3333%,28,140,168,139,10,18,1
0x544403,90.0356%,28,253,281,35,22,6,218
0x821645,99.6924%,28,9074,9102,3,7,21,9071
0xa911f6,67.8161%,28,59,87,51,14,14,8
0x9a9c47,89.5911%,28,241,269,241,28,0,0
0x82279d,94.4%,28,472,500,437,11,17,35
0x944dca,94.4773%,28,479,507,479,20,8,0
0x8a54e6,77.7778%,28,98,126,3,12,16,95
0x8ed8fe,95.4023%,28,581,609,405,15,13,176
0x64b62e,96.4286%,28,756,784,0,0,28,756
0xaa144a,82.9268%,28,136,164,107,12,16,29
0x40503a,33.3333%,28,14,42,0,21,7,14
0xb326d1,99.5654%,28,6414,6442,6414,28,0,0
0xb0b3c8,99.509%,28,5675,5703,1473,25,3,4202
0xaa1355,85.641%,28,167,195,7,17,11,160
0xb0ad45,94.955%,28,527,555,1,11,17,526
0x819555,65%,28,52,80,45,11,17,7
0x816b5e,98.183%,28,1513,1541,181,19,9,1332
0x6f5545,90.9385%,28,281,309,0,0,28,281
0xb18106,98.0529%,28,1410,1438,1049,12,16,361
0x4b5e65,75.4386%,28,86,114,34,10,18,52
0x4a975b,80.2817%,28,114,142,72,10,18,42
0x48e6ed,99.5902%,28,6805,6833,6805,28,0,0
0x9a9e95,84.2697%,28,150,178,79,18,10,71
0x901437,99.4677%,28,5232,5260,0,0,28,5232
0x5410d7,99.3206%,28,4093,4121,4093,28,0,0
0xa5672f,57.5758%,28,38,66,11,13,15,27
0x9e1a27,76.6667%,28,92,120,92,28,0,0
0x406c1a,95.2542%,28,562,590,562,28,0,0
0x8e213e,93.4118%,28,397,425,397,28,0,0
0x5040f2,77.4194%,28,96,124,53,9,19,43
0xa327ae,64.1026%,28,50,78,9,14,14,41
0xa560b4,82.5%,28,132,160,66,14,14,66
0x942731,99.6639%,28,8303,8331,8303,28,0,0
0xaade78,99.6037%,28,7037,7065,7037,28,0,0
0x901924,92.5729%,28,349,377,3,17,11,346
0x60dccc,83.908%,28,146,174,5,18,10,141
0x48a0c4,99.2872%,28,3900,3928,3900,28,0,0
0x8bca6c,98.6916%,28,2112,2140,1205,11,17,907
0x771992,99.863%,28,20412,20440,0,0,28,20412
0xb0b03a,61.1111%,28,44,72,10,19,9,34
0x8f4f00,85.1064%,28,160,188,102,14,14,58
0xb1497b,99.3424%,28,4230,4258,0,0,28,4230
0x965ff4,88.2353%,28,210,238,209,10,18,1
0x54f535,99.0811%,28,3019,3047,3019,28,0,0
0x8a96f3,99.5925%,28,6844,6872,1132,14,14,5712
0x53a3ac,63.6364%,28,49,77,23,10,18,26
0x610b52,91.8367%,28,315,343,50,14,14,265
0x5cae61,97.7438%,28,1213,1241,0,0,28,1213
0x604c0b,89.0196%,28,227,255,0,6,22,227
0xa25eae,97.2359%,28,985,1013,985,28,0,0
0xa5f320,95.9302%,28,660,688,658,26,2,2
0xa46685,76.4706%,28,91,119,10,13,15,81
0xa39818,90.5724%,28,269,297,13,11,17,256
0xa32e1d,97.8691%,28,1286,1314,224,18,10,1062
0x5bbc9b,93.5632%,28,407,435,352,16,12,55
0x486f4f,96.3777%,28,745,773,745,12,16,0
0x99c59e,92.0228%,28,323,351,135,16,12,188
0x5a917d,92.068%,28,325,353,308,16,12,17
0xb30af4,58.8235%,28,40,68,36,20,8,4
0x591c50,81.5789%,28,124,152,124,28,0,0
0xa02986,88.9328%,28,225,253,7,17,11,218
0xaa33bc,91.6418%,28,307,335,307,19,9,0
0x591bb8,81.457%,28,123,151,87,13,15,36
0x9fc4c6,90.8497%,28,278,306,276,16,12,2
0x5bae93,79.8561%,28,111,139,91,11,17,20
0x53e30d,99.2469%,28,3690,3718,0,0,28,3690
0x8f428f,98.888%,28,2490,2518,2207,21,7,283
0xaa34d4,96.9697%,28,896,924,896,28,0,0
0x59083c,98.715%,28,2151,2179,20,8,20,2131
0xa261d1,93.9914%,28,438,466,63,13,15,375
0x5ffa90,98.1457%,28,1482,1510,1329,7,21,153
0xa51be4,65%,28,52,80,18,22,6,34
0xb32730,99.5654%,28,6414,6442,6414,28,0,0
0x8daddf,98.9637%,28,2674,2702,2002,11,17,672
0x9ab5af,86%,28,172,200,47,14,14,125
0xa3301b,80.2817%,28,114,142,70,12,16,44
0x9bb416,83.7209%,28,144,172,143,10,18,1
0x9be461,76.6667%,28,92,120,62,10,18,30
0x9725a0,87.3303%,28,193,221,193,18,10,0
0x40ebd0,98.22%,28,1545,1573,107,19,9,1438
0x402d73,83.7209%,28,144,172,51,12,16,93
0x5b9dcf,99.4099%,28,4717,4745,4660,12,16,57
0x5bb638,76.4706%,28,91,119,89,7,21,2
0x409ca3,85.7143%,28,168,196,20,19,9,148
0x8b9bb3,99.7019%,28,9365,9393,47,9,19,9318
0x40296b,99.7085%,28,9577,9605,9577,28,0,0
0x8187bb,53.3333%,28,32,60,8,18,10,24
0x403697,96.5432%,28,782,810,773,18,10,9
0x9f58c6,88.0851%,28,207,235,97,3,25,110
0x9e83fb,93.3174%,28,391,419,20,21,7,371
0x539000,93.154%,28,381,409,379,4,24,2
0x4043bf,98.6281%,28,2013,2041,0,0,28,2013
0x49e1e0,97.6331%,28,1155,1183,0,0,28,1155
0x9aafa4,94.8905%,28,520,548,0,0,28,520
0x9511a7,93.5185%,28,404,432,0,0,28,404
0x508675,95.122%,28,546,574,115,21,7,431
0x7227d7,98.9814%,28,2721,2749,1424,22,6,1297
0x8ef178,85.4167%,28,164,192,156,22,6,8
0x8ba357,99.7095%,28,9609,9637,0,0,28,9609
0x9e263a,91.954%,28,320,348,44,16,12,276
0x507bd6,96.4691%,28,765,793,26,27,1,739
0x5fea67,63.6364%,28,49,77,41,12,16,8
0x8b9ebb,99.8692%,28,21376,21404,21376,28,0,0
0x4b592d,94.6154%,28,492,520,471,11,17,21
0x498640,72.549%,28,74,102,70,5,23,4
0x556087,88.3333%,28,212,240,194,8,20,18
0x499b18,95.4911%,28,593,621,593,28,0,0
0x503c9b,90.9677%,28,282,310,232,26,2,50
0x544230,93.3985%,27,382,409,377,6,21,5
0x58c53b,63.5135%,27,47,74,21,19,8,26
0x5fae59,43.75%,27,21,48,0,15,12,21
0x81a874,96.452%,27,734,761,21,17,10,713
0x5413dc,99.8402%,27,16871,16898,0,0,27,16871
0x64af5c,99.527%,27,5681,5708,9,12,15,5672
0x40f61d,98.6745%,27,2010,2037,255,17,10,1755
0x97b994,76.3158%,27,87,114,15,16,11,72
0xa46c1a,88.2609%,27,203,230,87,9,18,116
0x97846d,94.3396%,27,450,477,0,18,9,450
0xa4d2ef,78.4%,27,98,125,68,21,6,30
0x403f13,97.8503%,27,1229,1256,145,13,14,1084
0x507a5c,96.5952%,27,766,793,738,5,22,28
0x4a1ddc,98.1456%,27,1429,1456,1429,27,0,0
0x80f0bd,94.8864%,27,501,528,8,12,15,493
0x595dcc,96.5517%,27,756,783,0,10,17,756
0x5913e3,95.0549%,27,519,546,0,6,21,519
0x609dfb,86.0825%,27,167,194,67,12,15,100
0xa428d7,88%,27,198,225,118,13,14,80
0x6279d0,98.1456%,27,1429,1456,0,0,27,1429
0x5345cb,99.0302%,27,2757,2784,2757,27,0,0
0x54ed17,60.8696%,27,42,69,42,27,0,0
0x5c6bf2,98.743%,27,2121,2148,0,0,27,2121
0x90acc2,86.8932%,27,179,206,72,16,11,107
0x8a9e65,97.2782%,27,965,992,632,15,12,333
0x50ee42,69.3182%,27,61,88,31,13,14,30
0x803f79,89.7727%,27,237,264,9,19,8,228
0x409cb9,82.8025%,27,130,157,5,14,13,125
0xa2e857,88.75%,27,213,240,112,15,12,101
0x9eb421,57.1429%,27,36,63,11,17,10,25
0x8e9223,98.0878%,27,1385,1412,478,11,16,907
0x9e0fa9,75.2294%,27,82,109,12,17,10,70
0x9d2040,73.2673%,27,74,101,9,19,8,65
0x8e177a,99.759%,27,11178,11205,0,0,27,11178
0x5ea981,94.1935%,27,438,465,12,9,18,426
0x5cf70c,98.5294%,27,1809,1836,1809,27,0,0
0x5f8875,80%,27,108,135,81,15,12,27
0x94ed0f,70%,27,63,90,17,13,14,46
0x40d048,99.6782%,27,8363,8390,8363,27,0,0
0x49f986,87.1429%,27,183,210,7,12,15,176
0x90a995,63.5135%,27,47,74,9,19,8,38
0x8dd3ac,96.9629%,27,862,889,857,14,13,5
0x4c1e82,81.3793%,27,118,145,67,9,18,51
0x4b70bc,81.7568%,27,121,148,56,5,22,65
0x784077,95.5%,27,573,600,570,13,14,3
0x94ddc9,93.6916%,27,401,428,58,6,21,343
0xa63b2d,80.8511%,27,114,141,4,12,15,110
0x5420ed,96.1593%,27,676,703,676,27,0,0
0x9c4271,91.8675%,27,305,332,305,27,0,0
0x51103a,99.3964%,27,4446,4473,676,23,4,3770
0x7ce546,90.1818%,27,248,275,32,12,15,216
0x8b9849,99.743%,27,10480,10507,2,6,21,10478
0x4be2d8,60.8696%,27,42,69,40,14,13,2
0x4bad71,91.1184%,27,277,304,256,10,17,21
0x533d9d,55%,27,33,60,32,26,1,1
0x8dca8d,98.8256%,27,2272,2299,649,19,8,1623
0x4bac9f,95.416%,27,562,589,202,20,7,360
0x4bc6a3,86.7647%,27,177,204,90,18,9,87
0xb30d57,98.5577%,27,1845,1872,0,0,27,1845
0x8224b6,96.438%,27,731,758,209,16,11,522
0xa22deb,84.3023%,27,145,172,145,8,19,0
0xa39a40,95.3206%,27,550,577,542,16,11,8
0x54f676,97.3399%,27,988,1015,7,10,17,981
0x53e337,99.1461%,27,3135,3162,0,14,13,3135
0xb2df34,92.2636%,27,322,349,12,5,22,310
0x8e385f,86.9565%,27,180,207,154,5,22,26
0x8f618b,84.2105%,27,144,171,87,13,14,57
0x40980b,86.2245%,27,169,196,163,11,16,6
0x99a84e,90.0369%,27,244,271,154,15,12,90
0x48cf6f,95.9581%,27,641,668,637,11,16,4
0x81cb25,85.1648%,27,155,182,109,13,14,46
0x9a23f6,52.6316%,27,30,57,5,12,15,25
0x901241,85.1648%,27,155,182,152,13,14,3
0x7c708d,74.7664%,27,80,107,74,17,10,6
0x51158d,99.47%,27,5067,5094,1911,23,4,3156
0x8122f3,79.8507%,27,107,134,87,12,15,20
0x97836d,79.6992%,27,106,133,21,15,12,85
0x9f2117,92.9504%,27,356,383,356,17,10,0
0x8b997a,99.9002%,27,27014,27041,0,0,27,27014
0x908ca8,99.3683%,27,4247,4274,3700,20,7,547
0x507638,98.8261%,27,2273,2300,2273,9,18,0
0x9a9684,56.4516%,27,35,62,20,11,16,15
0x402326,99.4755%,27,5121,5148,5121,27,0,0
0x48e85c,50.9091%,27,28,55,8,6,21,20
0x40e1d3,63.5135%,27,47,74,45,27,0,2
0x81eef3,56.4516%,27,35,62,31,9,18,4
0x8f2a01,96.1429%,27,673,700,317,19,8,356
0x51b500,97.8774%,27,1245,1272,1245,8,19,0
0x9bc71d,89.7727%,27,237,264,230,12,15,7
0x666fa5,77.3109%,27,92,119,79,17,10,13
0x80582f,97.5698%,27,1084,1111,213,13,14,871
0x4045ed,87.5576%,27,190,217,64,14,13,126
0x508698,93.8356%,27,411,438,366,8,19,45
0x40d44f,96.0118%,27,650,677,358,17,10,292
0x9e2ffa,89.7338%,27,236,263,19,7,20,217
0x8bcdae,99.8712%,27,20935,20962,19965,23,4,970
0x505fdb,70.9677%,27,66,93,49,14,13,17
0xa4bb47,89.3281%,27,226,253,225,14,13,1
0x5ffe1d,69.6629%,27,62,89,28,15,12,34
0x508cad,96.3514%,27,713,740,152,14,13,561
0x65c22e,99.4474%,27,4859,4886,4758,16,11,101
0x504300,96.3064%,27,704,731,704,27,0,0
0xa23912,75.4545%,27,83,110,9,18,9,74
0xa49491,94.664%,27,479,506,410,5,22,69
0x9a9a9a,97.8243%,27,1214,1241,1214,27,0,0
0x969277,86.4322%,27,172,199,5,19,8,167
0x8d2837,99.0838%,27,2920,2947,2,15,12,2918
0x8aa922,99.2108%,27,3394,3421,0,0,27,3394
0x8fcc32,94.664%,27,479,506,187,26,1,292
0x8eecf7,92.8571%,27,351,378,26,12,15,325
0x59bc36,97.5632%,27,1081,1108,207,18,9,874
0x557bfb,58.4615%,27,38,65,15,13,14,23
0x9e0450,97.4187%,27,1019,1046,823,12,15,196
0x49e944,99.076%,27,2895,2922,2895,27,0,0
0xb2fb79,99.6294%,27,7259,7286,7259,27,0,0
0x6104b8,90.3571%,27,253,280,48,6,21,205
0x546980,62.5%,27,45,72,43,25,2,2
0x8ffbc0,98.4293%,27,1692,1719,0,4,23,1692
0x499c54,74.5283%,27,79,106,29,24,3,50
0x49b30b,99.3751%,27,4294,4321,892,21,6,3402
0x58f8b7,72.7273%,27,72,99,30,11,16,42
0x8a6ffb,98.1456%,27,1429,1456,146,22,5,1283
0x50ced1,89.5349%,27,231,258,116,18,9,115
0x545b01,99.5142%,27,5531,5558,6,3,24,5525
0x9a71d2,95.2206%,26,518,544,518,16,10,0
0x8f1f8d,82.8947%,26,126,152,25,14,12,101
0x8f0cf7,86.4583%,26,166,192,139,5,21,27
0x9ab0f7,96.3636%,26,689,715,689,26,0,0
0x81b121,60.6061%,26,40,66,21,13,13,19
0x9e76a1,91.3333%,26,274,300,251,22,4,23
0x609cbf,96.0961%,26,640,666,0,0,26,640
0x9a760e,95.3737%,26,536,562,536,8,18,0
0xa465b5,94.6721%,26,462,488,456,14,12,6
0x9f445c,73.7374%,26,73,99,61,16,10,12
0x5b9b3a,70.1149%,26,61,87,41,11,15,20
0xa521e4,83.1169%,26,128,154,53,8,18,75
0x51c998,97.8947%,26,1209,1235,1209,9,17,0
0x49864f,3.7037%,26,1,27,1,26,0,0
0x80ea4f,95.2555%,26,522,548,36,16,10,486
0x9e88c4,82.1918%,26,120,146,102,14,12,18
0x94529a,88.4956%,26,200,226,0,0,26,200
0x4b5041,80.1527%,26,105,131,6,3,23,99
0x53da94,99.444%,26,4650,4676,4650,26,0,0
0x8a5f1a,80.1527%,26,105,131,29,16,10,76
0xa4808c,90.8451%,26,258,284,49,11,15,209
0x8f5155,99.8057%,26,13356,13382,0,8,18,13356
0x58dfbc,87.5598%,26,183,209,143,2,24,40
0x50800d,95.4704%,26,548,574,30,16,10,518
0x90fdfa,99.3181%,26,3787,3813,577,18,8,3210
0x8bb148,93.5961%,26,380,406,103,19,7,277
0x49b093,91.875%,26,294,320,28,15,11,266
0x8046d3,90.1515%,26,238,264,199,11,15,39
0x5af1f1,96.2644%,26,670,696,4,2,24,666
0x9c395e,79.845%,26,103,129,42,17,9,61
0x53b23b,54.386%,26,31,57,16,25,1,15
0x4fdcab,68.2927%,26,56,82,0,0,26,56
0x98ce77,98.6037%,26,1836,1862,1829,21,5,7
0x494c2f,51.8519%,26,28,54,22,4,22,6
0x49c12c,94.7896%,26,473,499,399,5,21,74
0x81e50f,95.2984%,26,527,553,58,20,6,469
0x9abb09,97.6321%,26,1072,1098,0,0,26,1072
0xaa069e,84.5238%,26,142,168,9,17,9,133
0x8a733f,94.971%,26,491,517,88,21,5,403
0x97bbdc,85.2273%,26,150,176,104,10,16,46
0x404697,88.3929%,26,198,224,59,7,19,139
0x556faf,89.4737%,26,221,247,128,14,12,93
0x9ab422,95.3901%,26,538,564,259,16,10,279
0x402028,96.9448%,26,825,851,23,14,12,802
0x5373fb,99.101%,26,2866,2892,2866,22,4,0
0x50ad46,76.5766%,26,85,111,0,0,26,85
0x403876,96.0184%,26,627,653,240,23,3,387
0xaa4863,90.1141%,26,237,263,108,6,20,129
0x8f35bb,96.0305%,26,629,655,3,9,17,626
0x5fc05f,66.6667%,26,52,78,6,13,13,46
0xa54118,96.3225%,26,681,707,677,17,9,4
0xa91d12,91.2752%,26,272,298,32,17,9,240
0x9aade5,67.0886%,26,53,79,31,11,15,22
0x503308,63.3803%,26,45,71,12,20,6,33
0x48d089,7.14286%,26,2,28,0,26,0,2
0x5cb0cd,97.0655%,26,860,886,62,7,19,798
0x7d0ce5,97.177%,26,895,921,87,16,10,808
0xa4a762,87.907%,26,189,215,183,9,17,6
0x5074ad,79.6875%,26,102,128,101,25,1,1
0x50a94c,80.8824%,26,110,136,19,6,20,91
0x9ee55b,94.3478%,26,434,460,396,7,19,38
0x9c4097,94.4206%,26,440,466,440,26,0,0
0x501830,97.3869%,26,969,995,7,11,15,962
0x508db5,76.3636%,26,84,110,72,4,22,12
0x8121bd,92.1687%,26,306,332,153,13,13,153
0x90fd82,90.7143%,26,254,280,7,9,17,247
0x8187da,69.7674%,26,60,86,21,13,13,39
0x50c966,95.0664%,26,501,527,0,0,26,501
0x63c876,97.2945%,26,935,961,568,10,16,367
0x9c41c5,92.1687%,26,306,332,306,26,0,0
0x94e039,93.8242%,26,395,421,0,0,26,395
0x8dcae1,98.8691%,26,2273,2299,1500,21,5,773
0x8a2aac,90.7473%,26,255,281,254,13,13,1
0x5c32d4,88.6463%,26,203,229,179,12,14,24
0x9015ef,99.4459%,26,4666,4692,4666,26,0,0
0xb0b107,53.5714%,26,30,56,3,18,8,27
0xa56775,60.6061%,26,40,66,31,17,9,9
0x8ef67c,82.3129%,26,121,147,103,13,13,18
0x5bd97e,98.6472%,26,1896,1922,4,1,25,1892
0x404448,98.0655%,26,1318,1344,11,15,11,1307
0x9f0623,93.2115%,26,357,383,357,16,10,0
0x9eb7d2,84.5238%,26,142,168,39,21,5,103
0x591758,83.75%,26,134,160,22,6,20,112
0x8c8722,94.7368%,26,468,494,442,12,14,26
0x4b5147,79.6875%,26,102,128,96,12,14,6
0x98cb68,92.1922%,26,307,333,175,16,10,132
0x5411be,98.7458%,26,2047,2073,2034,16,10,13
0x8c784f,98.6494%,26,1899,1925,966,16,10,933
0x8ff689,90.1887%,26,239,265,9,18,8,230
0x40e1e4,64.8649%,26,48,74,2,0,26,46
0x8f4be2,80.7407%,26,109,135,76,11,15,33
0xa5892c,72.043%,26,67,93,24,15,11,43
0x8fe56b,99.4518%,26,4717,4743,0,0,26,4717
0xb326fc,99.5964%,26,6416,6442,0,0,26,6416
0x64f478,78.6885%,26,96,122,11,12,14,85
0x48d0fa,36.5854%,26,15,41,9,26,0,6
0x48eb0d,86.7347%,26,170,196,4,16,10,166
0x8e5f76,90.3346%,26,243,269,243,26,0,0
0x81bac4,87.2549%,26,178,204,42,16,10,136
0x53b930,93.643%,26,383,409,379,4,22,4
0x5910be,89.4737%,26,221,247,54,8,18,167
0x8138d6,77.3913%,26,89,115,81,12,14,8
0x9eef0a,88.6957%,26,204,230,136,5,21,68
0xa8f8e2,84.1463%,26,138,164,122,16,10,16
0x8f3f28,98.5393%,26,1754,1780,70,21,5,1684
0x49ff53,98.2155%,26,1431,1457,843,13,13,588
0x8a989c,99.6736%,26,7940,7966,6600,4,22,1340
0x8379aa,75%,26,78,104,16,16,10,62
0x8a972f,98.2313%,26,1444,1470,105,3,23,1339
0x5fe63f,94.2478%,26,426,452,326,21,5,100
0x807c48,88.3408%,26,197,223,104,10,16,93
0x409ef4,79.6875%,26,102,128,35,12,14,67
0x8ff3fb,89.7638%,26,228,254,120,7,19,108
0x50f9cb,97.5926%,26,1054,1080,1054,26,0,0
0x54f9fd,99.1243%,26,2943,2969,2943,26,0,0
0x508072,95.0758%,26,502,528,122,14,12,380
0x9e0960,76.1468%,26,83,109,60,9,17,23
0x4a1ba3,97.6277%,26,1070,1096,0,23,3,1070
0x40494d,88.9831%,26,210,236,203,16,10,7
0x53e4d7,99.7329%,26,9709,9735,0,11,15,9709
0x643475,95.9938%,26,623,649,606,18,8,17
0x90ecb9,97.3057%,26,939,965,0,4,22,939
0x97269f,90.4762%,26,247,273,8,12,14,239
0x542c01,92.8571%,26,338,364,5,1,25,333
0x9e86be,67.0886%,26,53,79,37,10,16,16
0x8dd4d9,98.8691%,26,2273,2299,1496,25,1,777
0xaaae28,88.6957%,26,204,230,27,17,9,177
0x544a81,93.643%,26,383,409,380,3,23,3
0x8e0af9,98.9525%,26,2456,2482,486,19,7,1970
0x64b57f,98.8646%,26,2264,2290,0,0,26,2264
0x942c13,95.6667%,26,574,600,60,15,11,514
0x8f5aa8,96.3687%,26,690,716,670,13,13,20
0x8b95c6,99.8728%,26,20414,20440,1,5,21,20413
0x539bb4,96.75%,26,774,800,533,12,14,241
0x54830c,99.8163%,26,14125,14151,14125,26,0,0
0x48bf23,97.3057%,26,939,965,939,16,10,0
0x54ec61,62.3188%,26,43,69,43,26,0,0
0xa33b7f,98.0597%,26,1314,1340,1251,17,9,63
0x8157ef,98.9842%,25,2436,2461,108,10,15,2328
0x8121e0,95.4044%,25,519,544,264,17,8,255
0xae40c8,97.7935%,25,1108,1133,0,0,25,1108
0x952bbd,94.5175%,25,431,456,431,25,0,0
0x48a8e3,37.5%,25,15,40,15,25,0,0
0x533b93,95.9283%,25,589,614,0,0,25,589
0x90a984,66.2162%,25,49,74,0,0,25,49
0x4a8573,44.4444%,25,20,45,7,16,9,13
0x8db754,92.0635%,25,290,315,290,25,0,0
0x53d9b4,99.488%,25,4858,4883,0,0,25,4858
0x40a5a8,56.8966%,25,33,58,23,11,14,10
0x9eb76b,80.4688%,25,103,128,10,18,7,93
0xa94498,81.8841%,25,113,138,41,11,14,72
0x98b40f,66.2162%,25,49,74,25,15,10,24
0xa42170,97.5418%,25,992,1017,633,8,17,359
0x9ee008,85.7143%,25,150,175,3,7,18,147
0xa968fa,88.9381%,25,201,226,2,14,11,199
0x80eb5c,94.213%,25,407,432,49,15,10,358
0x66d3f8,98.6828%,25,1873,1898,71,14,11,1802
0x901bb5,85.2071%,25,144,169,144,20,5,0
0xa3416e,88.8889%,25,200,225,118,13,12,82
0x5e379c,98.3433%,25,1484,1509,0,0,25,1484
0x8041e3,58.3333%,25,35,60,24,14,11,11
0x504406,96.6216%,25,715,740,419,18,7,296
0x834258,84.5679%,25,137,162,97,10,15,40
0x82141a,97.698%,25,1061,1086,9,7,18,1052
0x49f4b5,64.2857%,25,45,70,45,25,0,0
0x811cd7,96.594%,25,709,734,457,14,11,252
0x5064fa,96.6216%,25,715,740,563,13,12,152
0x9a7006,77.6786%,25,87,112,85,9,16,2
0x4b9bec,96%,25,600,625,54,17,8,546
0x9a7016,28.5714%,25,10,35,1,8,17,9
0xa91020,93.9904%,25,391,416,177,25,0,214
0x4bc147,87.3096%,25,172,197,6,7,18,166
0x8e3d87,84.2767%,25,134,159,0,0,25,134
0x547f05,95.4128%,25,520,545,5,14,11,515
0xad8583,99.7868%,25,11699,11724,0,0,25,11699
0x534daa,99.8368%,25,15291,15316,1015,4,21,14276
0x9e084f,97.3985%,25,936,961,52,22,3,884
0x4fdc32,93.188%,25,342,367,322,12,13,20
0x58ec32,98.4894%,25,1630,1655,1605,20,5,25
0xb2ad10,98.5549%,25,1705,1730,671,21,4,1034
0x54803c,94.1038%,25,399,424,242,13,12,157
0x53c642,97.4671%,25,962,987,234,12,13,728
0x8bad38,94.3946%,25,421,446,2,1,24,419
0x819652,99.7625%,25,10503,10528,7,11,14,10496
0x55012a,70.9302%,25,61,86,27,11,14,34
0x8fdfe1,97.5272%,25,986,1011,984,25,0,2
0xa905d7,62.1212%,25,41,66,10,15,10,31
0x9e2615,95.8609%,25,579,604,61,24,1,518
0x54370a,82.2695%,25,116,141,115,19,6,1
0x9a73b0,93.9614%,25,389,414,389,7,18,0
0xa43c44,91.1032%,25,256,281,158,17,8,98
0x991374,76.8519%,25,83,108,13,17,8,70
0x98d006,98.4885%,25,1629,1654,1623,19,6,6
0x5ee1c1,97.5075%,25,978,1003,805,21,4,173
0x4022ad,98.4267%,25,1564,1589,26,17,8,1538
0x8dd828,98.4672%,25,1606,1631,1606,5,20,0
0xa4585b,90.2724%,25,232,257,34,7,18,198
0x9110b8,92.3547%,25,302,327,263,11,14,39
0xa3978e,98.8724%,25,2192,2217,0,0,25,2192
0x99ad4c,90.1961%,25,230,255,196,12,13,34
0x81c216,85.0299%,25,142,167,113,11,14,29
0x48bfda,82.2695%,25,116,141,32,9,16,84
0x9ff579,60.3175%,25,38,63,13,10,15,25
0x608d7a,87.5%,25,175,200,168,11,14,7
0x9aafb6,95.438%,25,523,548,5,0,25,518
0x53a357,98.996%,25,2465,2490,0,0,25,2465
0x499170,86.7021%,25,163,188,121,17,8,42
0x5fba54,68.3544%,25,54,79,5,11,14,49
0x905c67,96.6398%,25,719,744,433,13,12,286
0x49ee1e,99.2597%,25,3352,3377,0,0,25,3352
0x8bd5ee,98.834%,25,2119,2144,2,8,17,2117
0x5b9a5c,65.7534%,25,48,73,37,14,11,11
0x90b974,98.6993%,25,1897,1922,938,23,2,959
0x5d10d2,97.992%,25,1220,1245,1220,25,0,0
0xa02a56,92.5595%,25,311,336,308,16,9,3
0x559066,92.4925%,25,308,333,177,20,5,131
0x9e613e,91.9355%,25,285,310,220,18,7,65
0x8dfe13,93.0939%,25,337,362,0,16,9,337
0x8de853,88.7387%,25,197,222,67,11,14,130
0x4885af,99.2051%,25,3120,3145,0,0,25,3120
0x902972,95.1172%,25,487,512,424,12,13,63
0x48bf5f,97.1132%,25,841,866,841,15,10,0
0x917898,83.3333%,25,125,150,12,9,16,113
0x9a7d66,91.4676%,25,268,293,126,12,13,142
0x5571aa,87.7451%,25,179,204,148,12,13,31
0x5ad33c,95.3959%,25,518,543,518,25,0,0
0xaa06d4,87.2449%,25,171,196,106,2,23,65
0x81bd10,73.1183%,25,68,93,57,7,18,11
0x405e1a,89.4958%,25,213,238,159,7,18,54
0x534621,99.4218%,25,4299,4324,4299,25,0,0
0x542ff7,93.1319%,25,339,364,339,21,4,0
0x502d29,93.3862%,25,353,378,166,22,3,187
0x833f2b,93.1694%,25,341,366,14,16,9,327
0x508997,94.3694%,25,419,444,31,10,15,388
0x542e14,98.8923%,25,2232,2257,2232,25,0,0
0x5ff814,91.4384%,25,267,292,237,9,16,30
0x9ee06c,84.472%,25,136,161,102,12,13,34
0x9026de,97.9167%,25,1175,1200,1161,9,16,14
0xa33e63,73.4043%,25,69,94,39,3,22,30
0x9e3cbe,91.7492%,25,278,303,236,12,13,42
0x96b1ef,97.2437%,25,882,907,853,16,9,29
0xa522ca,83.1081%,25,123,148,83,14,11,40
0x8160e3,75.9615%,25,79,104,44,15,10,35
0x534417,99.7205%,25,8921,8946,8921,25,0,0
0x50b96e,94.8875%,25,464,489,348,6,19,116
0x4bbcc3,80.6202%,25,104,129,104,25,0,0
0x5fd6b5,91.5541%,25,271,296,70,5,20,201
0x4b4b23,64.7887%,25,46,71,8,17,8,38
0xa302de,87.1795%,25,170,195,69,16,9,101
0x8def34,80.916%,25,106,131,82,11,14,24
0x63870e,99.3712%,25,3951,3976,2997,18,7,954
0x511c0b,99.3634%,25,3902,3927,4,10,15,3898
0x9eedde,89.1304%,25,205,230,4,14,11,201
0x63a689,87.5%,25,175,200,156,7,18,19
0xa4ffa0,67.1053%,25,51,76,42,15,10,9
0x5520fb,58.3333%,25,35,60,8,13,12,27
0x5af543,59.6774%,25,37,62,0,0,25,37
0xaa63c0,95.069%,25,482,507,96,20,5,386
0x58d154,84.7561%,25,139,164,50,12,13,89
0x977629,98.4885%,25,1629,1654,266,12,13,1363
0x8bcb12,89.1775%,25,206,231,126,14,11,80
0x54ffc4,94.6921%,25,446,471,442,12,13,4
0x48d1a8,55.3571%,25,31,56,31,25,0,0
0x9a9293,90.5303%,25,239,264,2,12,13,237
0x4b5cb4,84.7561%,25,139,164,106,17,8,33
0x404db0,99.3725%,25,3959,3984,3894,20,5,65
0x4886bb,96.5084%,25,691,716,314,6,19,377
0x9e249e,95.8472%,25,577,602,0,0,25,577
0x64b0bd,99.8665%,25,18706,18731,18706,25,0,0
0x4a5c87,86.9792%,25,167,192,36,16,9,131
0x58d847,82.0144%,25,114,139,55,14,11,59
0xa2f2dd,87.1134%,25,169,194,81,20,5,88
0x7811ff,98.818%,25,2090,2115,1175,1,24,915
0xb1481d,99.4129%,25,4233,4258,4233,25,0,0
0x90bb47,97.8147%,25,1119,1144,1110,12,13,9
0x48df62,39.0244%,25,16,41,4,15,10,12
0xa45b3f,90.2724%,25,232,257,18,14,11,214
0x944328,96.0815%,25,613,638,437,15,10,176
0x556fd6,82.3944%,25,117,142,45,12,13,72
0x50958e,95.1076%,25,486,511,482,11,14,4
0x49f995,84.8485%,25,140,165,85,12,13,55
0x53461b,99.4438%,24,4291,4315,0,0,24,4291
0x5b9d30,62.5%,24,40,64,7,14,10,33
0x9a7d8d,91.6667%,24,264,288,119,14,10,145
0x9a18bd,88.1773%,24,179,203,169,13,11,10
0x5cf59e,98.2734%,24,1366,1390,1366,24,0,0
0x53b00b,57.8947%,24,33,57,24,17,7,9
0x8f3782,92.5%,24,296,320,0,0,24,296
0x8dfe1c,93.0636%,24,322,346,183,3,21,139
0xb31422,88%,24,176,200,176,24,0,0
0x9f0a34,91.9463%,24,274,298,16,8,16,258
0xad7af9,96.9191%,24,755,779,750,6,18,5
0x4c3cb4,85.7143%,24,144,168,33,16,8,111
0x9e2900,95.7968%,24,547,571,15,10,14,532
0x402d7f,77.9817%,24,85,109,41,5,19,44
0x409d25,70.7317%,24,58,82,48,13,11,10
0x9a7d03,95.7066%,24,535,559,137,13,11,398
0x9e00be,97.7654%,24,1050,1074,0,0,24,1050
0x7ac06b,81.9549%,24,109,133,16,0,24,93
0x9aba29,78.9474%,24,90,114,71,14,10,19
0xa41aeb,98.5%,24,1576,1600,1319,14,10,257
0x9bd154,71.0843%,24,59,83,19,9,15,40
0x5c6b41,98.4868%,24,1562,1586,0,0,24,1562
0x50736b,96.7258%,24,709,733,708,14,10,1
0xa549dc,94.6903%,24,428,452,405,10,14,23
0x945c4a,84.106%,24,127,151,73,13,11,54
0x81b6fb,88.2353%,24,180,204,176,9,15,4
0x9e18e2,80%,24,96,120,34,20,4,62
0x5419f8,97.7654%,24,1050,1074,0,0,24,1050
0x59916a,99.4651%,24,4463,4487,4463,24,0,0
0x9e000f,97.7654%,24,1050,1074,0,0,24,1050
0x58eb95,99.5408%,24,5202,5226,85,7,17,5117
0xae6f7b,65.7143%,24,46,70,2,10,14,44
0x81c2bc,57.8947%,24,33,57,14,9,15,19
0xa02d29,64.1791%,24,43,67,28,7,17,15
0x40d1c8,73.3333%,24,66,90,61,16,8,5
0x5fc014,59.322%,24,35,59,31,9,15,4
0x4101bc,61.9048%,24,39,63,29,5,19,10
0x404438,98.2143%,24,1320,1344,5,15,9,1315
0xad7e66,99.3029%,24,3419,3443,0,0,24,3419
0x53a47a,42.8571%,24,18,42,10,19,5,8
0x81f3c8,97.9764%,24,1162,1186,785,15,9,377
0x8a9f2b,94.8498%,24,442,466,23,18,6,419
0x64b0e6,99.0974%,24,2635,2659,0,0,24,2635
0x90b34a,97.5026%,24,937,961,175,18,6,762
0x5017df,99.1522%,24,2807,2831,2159,17,7,648
0x606abd,89.3333%,24,201,225,37,12,12,164
0x94da4c,95.9114%,24,563,587,563,24,0,0
0xa4fe2b,90.5138%,24,229,253,15,5,19,214
0x819cc4,64.1791%,24,43,67,30,4,20,13
0x4ba778,93.5657%,24,349,373,61,18,6,288
0x403c21,93.0029%,24,319,343,319,24,0,0
0xa34914,98.4615%,24,1536,1560,1099,7,17,437
0xa466c7,83.6735%,24,123,147,115,16,8,8
0x48db62,98.6441%,24,1746,1770,1431,10,14,315
0x49e765,99.1786%,24,2898,2922,0,0,24,2898
0x5970df,95.0311%,24,459,483,8,15,9,451
0x80f8a4,97.973%,24,1160,1184,1102,8,16,58
0x50cef3,80.9524%,24,102,126,60,4,20,42
0xa3bb10,89.4737%,24,204,228,196,14,10,8
0x64f4ff,78.1818%,24,86,110,66,20,4,20
0x908754,99.7768%,24,10728,10752,2224,9,15,8504
0x6042d5,85.4545%,24,141,165,141,24,0,0
0x8e2176,98.0083%,24,1181,1205,206,17,7,975
0x511c4c,99.4096%,24,4041,4065,4037,14,10,4
0xaadeae,99.6603%,24,7041,7065,0,0,24,7041
0x5106d9,99.6094%,24,6121,6145,6121,24,0,0
0x48b306,93.4066%,24,340,364,31,12,12,309
0x4a1e19,97.9678%,24,1157,1181,1156,2,22,1
0x822648,87.0968%,24,162,186,151,12,12,11
0x5edca5,97.6238%,24,986,1010,984,19,5,2
0x9a1622,88.1773%,24,179,203,169,13,11,10
0x48ea83,96.072%,24,587,611,9,17,7,578
0x40e765,98.5093%,24,1586,1610,1586,24,0,0
0xb0d452,71.7647%,24,61,85,29,8,16,32
0x64b6e8,99.7313%,24,8907,8931,8907,24,0,0
0x5040af,80.6452%,24,100,124,53,9,15,47
0x9f8f67,80%,24,96,120,41,8,16,55
0x49f92f,98.5841%,24,1671,1695,291,5,19,1380
0xb14983,99.4364%,24,4234,4258,0,0,24,4234
0x8e6a5f,97.3885%,24,895,919,72,19,5,823
0xad7ddd,99.3029%,24,3419,3443,3419,24,0,0
0x54fabb,90.0826%,24,218,242,79,12,12,139
0x9428de,89.5197%,24,205,229,205,24,0,0
0x4041ab,96.8085%,24,728,752,0,0,24,728
0x512ad8,93.75%,24,360,384,0,0,24,360
0x51c212,98.0567%,24,1211,1235,1211,7,17,0
0x8dce90,86.2857%,24,151,175,151,24,0,0
0x9f2524,85.3659%,24,140,164,72,10,14,68
0x40d104,99.6595%,24,7025,7049,0,0,24,7025
0x81680c,76.9231%,24,80,104,77,6,18,3
0x53deb8,95.4373%,24,502,526,103,16,8,399
0x604c12,90.3614%,24,225,249,5,17,7,220
0x40e2e6,95.102%,24,466,490,463,15,9,3
0x6964fb,97.7273%,24,1032,1056,395,2,22,637
0x4b5fd5,78.1818%,24,86,110,66,23,1,20
0xb37288,99.0687%,24,2553,2577,12,2,22,2541
0x8fe483,99.7655%,24,10212,10236,10212,24,0,0
0x9e7602,94%,24,376,400,223,18,6,153
0x814b76,94.1463%,24,386,410,386,8,16,0
0x8e7e7c,92.7492%,24,307,331,216,24,0,91
0x51c136,99.4553%,24,4382,4406,401,17,7,3981
0x7cc2bd,98.0937%,24,1235,1259,0,0,24,1235
0x9c3aea,93.0636%,24,322,346,320,17,7,2
0x821310,99.3938%,24,3935,3959,0,0,24,3935
0x5fab0a,80.1653%,24,97,121,92,13,11,5
0x8ba2c9,99.271%,24,3268,3292,3252,13,11,16
0x4b9daa,98.2196%,24,1324,1348,44,14,10,1280
0x4103a6,93.6842%,24,356,380,356,24,0,0
0xa35258,98.7402%,24,1881,1905,1880,22,2,1
0xa25bc5,97.6308%,24,989,1013,989,24,0,0
0xa4a9eb,89.2857%,24,200,224,95,16,8,105
0xa3493f,98.579%,24,1665,1689,281,7,17,1384
0x5485d1,88.5714%,24,186,210,4,5,19,182
0x410309,99.5848%,24,5757,5781,154,7,17,5603
0x51065c,97.4386%,24,913,937,913,24,0,0
0xaa581c,97.5904%,24,972,996,0,0,24,972
0x409b69,69.2308%,24,54,78,47,9,15,7
0x60e6bf,36.8421%,24,14,38,7,12,12,7
0x51b58b,98.1132%,24,1248,1272,0,0,24,1248
0x48e735,99.6539%,24,6911,6935,6911,24,0,0
0x544412,89.2857%,24,200,224,81,11,13,119
0x7cde7d,97.1995%,24,833,857,55,10,14,778
0x9694e1,98.9967%,24,2368,2392,1,3,21,2367
0x510c4a,94.4828%,24,411,435,82,15,9,329
0x5fa233,97.282%,24,859,883,621,9,15,238
0x4bf698,85.7988%,24,145,169,80,6,18,65
0x819b5b,72.093%,24,62,86,18,16,8,44
0x550294,69.2308%,24,54,78,28,11,13,26
0x8e1203,99.4054%,24,4012,4036,1,15,9,4011
0x808776,58.6207%,24,34,58,21,10,14,13
0x98b31d,93.1034%,24,324,348,7,9,15,317
0x90a768,67.5676%,24,50,74,0,0,24,50
0x8f2a11,93.5484%,24,348,372,56,9,15,292
0x8ec3b7,87.027%,24,161,185,146,13,11,15
0x94a263,84.5161%,24,131,155,131,24,0,0
0x4b6d0d,84.9057%,24,135,159,125,23,1,10
0xb2df09,99.1173%,24,2695,2719,0,0,24,2695
0x4bb1e2,96.5116%,24,664,688,663,16,8,1
0x49e76d,99.1786%,24,2898,2922,2898,24,0,0
0x402b15,99.3818%,24,3858,3882,2942,12,12,916
0x502e03,99.3441%,24,3635,3659,3635,11,13,0
0x4b50d7,81.25%,24,104,128,99,21,3,5
0x40e294,97.7982%,24,1066,1090,1066,21,3,0
0x4101fd,98.6718%,24,1783,1807,873,17,7,910
0xa4d4db,64.1791%,24,43,67,26,13,11,17
0x8f35cc,96.2675%,24,619,643,605,12,12,14
0xa327d6,69.2308%,24,54,78,44,5,19,10
0x485c55,67.1233%,24,49,73,49,24,0,0
0x5011eb,99.3952%,24,3944,3968,0,0,24,3944
0x8bb20d,94.132%,24,385,409,321,10,14,64
0xa50b1e,68.4211%,24,52,76,50,7,17,2
0x8a2812,91.4591%,24,257,281,257,24,0,0
0xa91ab4,87.6923%,24,171,195,10,13,11,161
0x499a92,82.8571%,24,116,140,116,24,0,0
0x9f2a50,88.6792%,24,188,212,92,16,8,96
0x81b11d,79.3103%,24,92,116,40,10,14,52
0x4950b1,55.5556%,24,30,54,16,10,14,14
0x403fa3,98.533%,24,1612,1636,1610,16,8,2
0x40d626,98.4536%,24,1528,1552,1528,24,0,0
0xa5953b,88.1188%,24,178,202,169,12,12,9
0x811778,99.4526%,24,4360,4384,3755,11,13,605
0x48b3e2,89.3333%,24,201,225,5,7,17,196
0x539c05,97%,24,776,800,537,15,9,239
0x80c3f9,82.8571%,24,116,140,115,7,17,1
0x8b93f2,92.8571%,24,312,336,312,24,0,0
0x819b3c,60%,24,36,60,16,10,14,20
0xa5726a,80.8%,24,101,125,72,10,14,29
0x9b8fd9,89.916%,24,214,238,214,5,19,0
0x835ca2,36.8421%,24,14,38,11,9,15,3
0x8bcd0c,98.9765%,24,2321,2345,2309,20,4,12
0x8b94d1,98.7921%,24,1963,1987,1963,24,0,0
0x5912fe,91.6955%,24,265,289,132,15,9,133
0x410b88,96.6667%,24,696,720,135,10,14,561
0x4ba0b9,94.3925%,24,404,428,78,10,14,326
0xb2df13,99.1173%,24,2695,2719,0,0,24,2695
0x404172,96.1661%,24,602,626,84,10,14,518
0x99b79b,88.2927%,24,181,205,181,9,15,0
0x5fa411,79.4872%,24,93,117,8,13,11,85
0x534a2d,95.0617%,24,462,486,420,9,15,42
0x610b9d,91.3978%,24,255,279,105,16,8,150
0x54f55d,99.2123%,24,3023,3047,3023,24,0,0
0x8b972f,99.8826%,24,20416,20440,20416,24,0,0
0x4b9e32,93.5829%,24,350,374,141,14,10,209
0x5911e5,91.6955%,24,265,289,265,24,0,0
0xa8ee4b,94.6067%,24,421,445,420,11,13,1
0x5590fb,95.572%,24,518,542,53,11,13,465
0xb3240e,97.5232%,24,945,969,945,24,0,0
0x545f14,99.1549%,24,2816,2840,4,10,14,2812
0x835d02,36.8421%,24,14,38,14,24,0,0
0x9439d0,83.5616%,24,122,146,38,10,14,84
0x8f59f8,99.1194%,23,2589,2612,0,0,23,2589
0x404f72,96.7049%,23,675,698,668,18,5,7
0x9e2f4d,91.2548%,23,240,263,240,23,0,0
0x59be0f,96.5774%,23,649,672,0,0,23,649
0x4bb3d0,94.6636%,23,408,431,10,10,13,398
0xa2d6c7,91.8728%,23,260,283,76,9,14,184
0x64f4da,81.1475%,23,99,122,94,16,7,5
0xb2ff03,54.902%,23,28,51,4,9,14,24
0x9a9c75,91.4498%,23,246,269,3,7,16,243
0xb2ea65,99.7006%,23,7658,7681,0,0,23,7658
0x8040c6,73.8636%,23,65,88,15,13,10,50
0x4b5dc5,85.9756%,23,141,164,141,23,0,0
0x8a8fb6,91.7857%,23,257,280,126,10,13,131
0x51078c,97.8565%,23,1050,1073,3,10,13,1047
0x50a756,74.4444%,23,67,90,27,12,11,40
0xa9b7c7,79.8246%,23,91,114,16,10,13,75
0x53abb0,96.9044%,23,720,743,96,19,4,624
0x50aed9,78.8991%,23,86,109,82,23,0,4
0x8fe944,85.2564%,23,133,156,16,11,12,117
0x60a652,97.9895%,23,1121,1144,1121,23,0,0
0x90ab0f,88.2051%,23,172,195,161,7,16,11
0x99f05d,76.0417%,23,73,96,70,12,11,3
0x910eeb,98.9823%,23,2237,2260,2,4,19,2235
0x9842db,85.443%,23,135,158,128,18,5,7
0x5c4c66,98.7272%,23,1784,1807,16,9,14,1768
0x5c56b4,89.6861%,23,200,223,85,15,8,115
0x491561,85.443%,23,135,158,126,11,12,9
0x58ebac,99.5599%,23,5203,5226,87,5,18,5116
0x50ac85,64.6154%,23,42,65,34,10,13,8
0x8a90c6,97.9428%,23,1095,1118,14,8,15,1081
0x978084,86.7052%,23,150,173,150,23,0,0
0x489e6f,66.1765%,23,45,68,45,23,0,0
0x9a740c,95.7721%,23,521,544,521,13,10,0
0x8fd41f,98.6721%,23,1709,1732,0,0,23,1709
0x50cd8e,93.6813%,23,341,364,29,14,9,312
0x810938,84.0278%,23,121,144,112,8,15,9
0x8e37d1,88.67%,23,180,203,28,16,7,152
0xaa6375,95.4635%,23,484,507,303,4,19,181
0xa314f7,55.7692%,23,29,52,15,8,15,14
0x41011a,99.7994%,23,11445,11468,0,0,23,11445
0xb0b122,80.9917%,23,98,121,90,15,8,8
0xa91953,61.0169%,23,36,59,1,16,7,35
0xa45f55,84.5638%,23,126,149,3,15,8,123
0xb300ed,99.7257%,23,8362,8385,8362,23,0,0
0x4bbb37,77.6699%,23,80,103,49,11,12,31
0x4a6f8d,82.1705%,23,106,129,98,11,12,8
0xa5cebe,94.3627%,23,385,408,66,2,21,319
0x944235,88.3838%,23,175,198,175,23,0,0
0x537b19,96.8792%,23,714,737,710,21,2,4
0x40e844,88.5572%,23,178,201,175,16,7,3
0x48a67f,96.6859%,23,671,694,671,23,0,0
0x47f4f8,97.8976%,23,1071,1094,0,0,23,1071
0x627e30,37.8378%,23,14,37,14,8,15,0
0xb3463c,89.7778%,23,202,225,202,23,0,0
0xb323c0,97.6264%,23,946,969,946,23,0,0
0x5f52f4,99.4007%,23,3815,3838,39,9,14,3776
0x8eb00d,68.0556%,23,49,72,25,6,17,24
0x5076d7,54%,23,27,50,13,9,14,14
0xa93605,71.6049%,23,58,81,8,14,9,50
0xb14801,99.4598%,23,4235,4258,0,0,23,4235
0x5d8a2c,90.873%,23,229,252,228,18,5,1
0x49e012,56.6038%,23,30,53,9,11,12,21
0x816b59,97.2684%,23,819,842,622,13,10,197
0xa90441,94.3902%,23,387,410,283,13,10,104
0xa9c616,87.766%,23,165,188,127,15,8,38
0x8eca1b,99.4577%,23,4218,4241,351,11,12,3867
0xa94a58,89.7321%,23,201,224,5,11,12,196
0x64ad54,99.8907%,23,21012,21035,0,0,23,21012
0x9f6c04,95.6929%,23,511,534,238,3,20,273
0xaa57c2,99.6362%,23,6299,6322,6299,23,0,0
0xa262e9,97.7295%,23,990,1013,388,16,7,602
0x50487c,84.8684%,23,129,152,20,6,17,109
0x4a0293,88.835%,23,183,206,108,8,15,75
0x5058cf,76.5306%,23,75,98,2,3,20,73
0x543642,82.963%,23,112,135,17,10,13,95
0x5bba2a,80.6723%,23,96,119,83,13,10,13
0x8f26f8,94.9002%,23,428,451,428,23,0,0
0x54f4d4,46.5116%,23,20,43,0,0,23,20
0x9f0ee7,61.0169%,23,36,59,27,8,15,9
0x81c2db,71.25%,23,57,80,19,15,8,38
0x50e607,45.2381%,23,19,42,6,18,5,13
0xa45455,93.314%,23,321,344,3,15,8,318
0x5cae70,98.1467%,23,1218,1241,1218,23,0,0
0x807846,95.2083%,23,457,480,457,5,18,0
0x4b5e75,67.1429%,23,47,70,11,10,13,36
0x58e008,88.9952%,23,186,209,133,2,21,53
0x49e92a,99.5285%,23,4855,4878,0,0,23,4855
0x609f1f,99.7143%,23,8027,8050,1,4,19,8026
0xb0ceff,98.378%,23,1395,1418,776,13,10,619
0x6f5535,95.2282%,23,459,482,150,23,0,309
0x5df0fd,98.518%,23,1529,1552,1529,23,0,0
0x917905,96.6176%,23,657,680,0,0,23,657
0x8ef134,94.9002%,23,428,451,100,12,11,328
0x4bb7b5,88.835%,23,183,206,172,14,9,11
0x9c4189,93.6111%,23,337,360,16,12,11,321
0x8dd8fa,98.9996%,23,2276,2299,56,10,13,2220
0x54ef68,46.5116%,23,20,43,0,0,23,20
0x404649,89.7321%,23,201,224,100,17,6,101
0x9d1cab,67.6056%,23,48,71,16,6,17,32
0x51b8d7,91.0853%,23,235,258,235,11,12,0
0xb30197,95.5078%,23,489,512,0,0,23,489
0xa52833,93.883%,23,353,376,182,6,17,171
0x5f82ba,96.3665%,23,610,633,1,14,9,609
0x8ff849,88.7255%,23,181,204,94,10,13,87
0x405703,99.8636%,23,16833,16856,0,0,23,16833
0x8ddef7,57.4074%,23,31,54,0,0,23,31
0x5ff37b,77.451%,23,79,102,58,10,13,21
0x4b64b7,85.1613%,23,132,155,0,0,23,132
0x4899dd,97.6507%,23,956,979,0,8,15,956
0xaa33d6,96.9169%,23,723,746,723,23,0,0
0x51b8c4,99.5636%,23,5247,5270,4987,23,0,260
0x40a263,74.1573%,23,66,89,37,18,5,29
0x4bc77b,88.5%,23,177,200,29,13,10,148
0x5e37c1,96.467%,23,628,651,0,0,23,628
0x5b15ae,95.4902%,23,487,510,468,14,9,19
0x8db6e5,95.1883%,23,455,478,7,17,6,448
0x67fb1b,99.7202%,23,8196,8219,8196,23,0,0
0x9e0477,89.0995%,23,188,211,76,21,2,112
0x606ab1,89.7778%,23,202,225,0,0,23,202
0x811e53,85.1613%,23,132,155,57,10,13,75
0x8efdd0,78.7037%,23,85,108,71,23,0,14
0x504bbd,85.0649%,23,131,154,101,15,8,30
0x53df9e,99.6602%,23,6746,6769,6746,23,0,0
0x67061e,82.7068%,23,110,133,81,11,12,29
0xa5eb7d,92.9664%,23,304,327,4,15,8,300
0x5c6c2a,98.9292%,23,2125,2148,2125,23,0,0
0x8a257d,88.7805%,23,182,205,182,23,0,0
0x8e1609,99.7947%,23,11182,11205,11160,13,10,22
0x78d5f0,64.0625%,23,41,64,41,23,0,0
0x409adb,84.7682%,23,128,151,32,12,11,96
0x99d974,82.1705%,23,106,129,0,2,21,106
0x8dfecd,93.8172%,23,349,372,122,8,15,227
0x4c8024,74.7253%,23,68,91,14,8,15,54
0x546504,96.7143%,23,677,700,339,11,12,338
0x50d2d1,98.5881%,23,1606,1629,1314,17,6,292
0x504c2d,96.423%,23,620,643,619,13,10,1
0xa57508,86.3095%,23,145,168,118,9,14,27
0xa9ea94,93.4844%,23,330,353,251,17,6,79
0xa4ee69,85.8025%,23,139,162,12,12,11,127
0x6000b6,96.8407%,23,705,728,691,10,13,14
0x977908,36.1111%,23,13,36,13,23,0,0
0x512ea3,99.4588%,23,4227,4250,4221,21,2,6
0x49f971,98.2294%,23,1276,1299,0,15,8,1276
0x78d81c,97.0626%,23,760,783,93,13,10,667
0x9a34e8,84.2466%,23,123,146,13,15,8,110
0x8d9bc9,98.4459%,23,1457,1480,1097,13,10,360
0xa2623f,94.3069%,23,381,404,279,17,6,102
0x537f03,96.9044%,23,720,743,0,0,23,720
0x9082b5,98.9292%,23,2125,2148,1449,15,8,676
0xa45aba,89.7778%,23,202,225,202,4,19,0
0xa02764,14.8148%,23,4,27,4,23,0,0
0xa50beb,86.0606%,23,142,165,5,12,11,137
0xaa057c,78.3019%,23,83,106,73,8,15,10
0x60a898,98.631%,23,1657,1680,1558,9,14,99
0x4b6e8e,84.4595%,23,125,148,92,9,14,33
0xa43d0f,97.2845%,23,824,847,824,23,0,0
0xa36877,94.7248%,23,413,436,1,16,7,412
0xa4593c,94.1026%,23,367,390,321,18,5,46
0x9f55a8,71.25%,23,57,80,2,12,11,55
0xa9e9df,93.4844%,23,330,353,112,15,8,218
0x901b94,90.8%,23,227,250,71,10,13,156
0x9bdd17,58.1818%,23,32,55,28,11,12,4
0x4be2be,72.619%,23,61,84,2,9,14,59
0x837973,86.9318%,23,153,176,58,14,9,95
0x40f7d4,93.5933%,23,336,359,328,9,14,8
0x539b97,98.0121%,23,1134,1157,342,15,8,792
0x489ddd,98.943%,23,2153,2176,2153,23,0,0
0x5b0df1,99.1392%,23,2649,2672,0,0,23,2649
0x8a90f5,97.7906%,23,1018,1041,1005,9,14,13
0x4b66b0,85.1613%,23,132,155,30,19,4,102
0x50ee98,84.0278%,23,121,144,53,6,17,68
0x815a6e,83.4532%,23,116,139,90,8,15,26
0x8f0c37,96.2233%,23,586,609,397,12,11,189
0x537bf0,99.5133%,23,4703,4726,4703,20,3,0
0x64b516,99.0213%,23,2327,2350,1788,16,7,539
0x94bc27,58.9286%,23,33,56,28,12,11,5
0x9e29db,71.9512%,23,59,82,58,19,4,1
0x489dad,98.943%,23,2153,2176,2153,23,0,0
0x60b388,92.8349%,23,298,321,174,7,16,124
0x9e82ff,81.3008%,23,100,123,90,8,15,10
0x976d9b,32.3529%,23,11,34,0,0,23,11
0xa58294,79.646%,23,90,113,79,11,12,11
0x5486b4,99.0225%,23,2330,2353,2330,23,0,0
0x5c6aad,99.432%,23,4026,4049,0,0,23,4026
0x409a59,88.2653%,23,173,196,22,17,6,151
0x981330,85.1613%,23,132,155,64,16,7,68
0x9ebede,81.3008%,23,100,123,50,12,11,50
0x4106f4,89.1089%,22,180,202,179,14,8,1
0xb2e63a,99.8965%,22,21232,21254,0,0,22,21232
0xb2e6b9,99.8965%,22,21232,21254,0,0,22,21232
0xa9d1ac,85.1351%,22,126,148,22,10,12,104
0x8a3463,95.5285%,22,470,492,470,18,4,0
0x8c8267,99.0566%,22,2310,2332,2285,3,19,25
0x8f5402,97.5717%,22,884,906,883,11,11,1
0x592f4a,98.2272%,22,1219,1241,0,0,22,1219
0x54eb4b,48.8372%,22,21,43,21,22,0,0
0x80fa89,83.8235%,22,114,136,32,12,10,82
0xa89577,75.8242%,22,69,91,7,14,8,62
0xa307ed,91.6667%,22,242,264,82,12,10,160
0x5b9d4d,88.1081%,22,163,185,106,6,16,57
0xa04b7b,65.625%,22,42,64,10,12,10,32
0x4a5cbc,79.6296%,22,86,108,31,21,1,55
0x80f65f,99.5122%,22,4488,4510,4358,4,18,130
0x4bcb98,85.4305%,22,129,151,14,17,5,115
0x4baa31,94.1019%,22,351,373,61,18,4,290
0x814d6d,92.1708%,22,259,281,26,15,7,233
0x59bbb5,98.9796%,22,2134,2156,2134,22,0,0
0x6662c2,98.5761%,22,1523,1545,1523,22,0,0
0xaa06dd,75%,22,66,88,8,12,10,58
0x4043e6,99.078%,22,2364,2386,85,7,15,2279
0x819de8,93.2722%,22,305,327,304,7,15,1
0x49e4c6,86.3354%,22,139,161,139,22,0,0
0xa25b5f,97.8282%,22,991,1013,0,0,22,991
0x609f24,99.7265%,22,8023,8045,0,0,22,8023
0x81bfdf,93.2722%,22,305,327,280,15,7,25
0x49631c,59.2593%,22,32,54,5,3,19,27
0x503e7a,61.4035%,22,35,57,16,18,4,19
0xa339ec,98.6198%,22,1572,1594,448,17,5,1124
0x40d1bc,80.7018%,22,92,114,9,15,7,83
0x40a91d,75.2809%,22,67,89,34,13,9,33
0x5f03fd,79.0476%,22,83,105,83,22,0,0
0xa9b2fe,90.2655%,22,204,226,184,8,14,20
0x5de124,98.2272%,22,1219,1241,1219,22,0,0
0x81c1e9,90%,22,198,220,39,16,6,159
0x8c7543,98.8127%,22,1831,1853,1768,12,10,63
0x909587,99.4073%,22,3690,3712,1838,19,3,1852
0x805586,75.2809%,22,67,89,8,11,11,59
0x8dba0f,93.0159%,22,293,315,0,0,22,293
0x9484c7,98.4743%,22,1420,1442,1420,22,0,0
0x9f5906,88.6598%,22,172,194,0,13,9,172
0x543d3c,86.25%,22,138,160,31,17,5,107
0x40f4b0,99.5036%,22,4410,4432,4410,22,0,0
0x6616d6,94.7867%,22,400,422,109,13,9,291
0xa5f774,96.7115%,22,647,669,26,14,8,621
0x8e0a79,99.2486%,22,2906,2928,303,21,1,2603
0x9f62ec,95.8801%,22,512,534,138,15,7,374
0x8b9f49,99.5796%,22,5211,5233,0,0,22,5211
0x81ed1b,98.6241%,22,1577,1599,259,15,7,1318
0x63aec7,97.3203%,22,799,821,799,22,0,0
0x9ab8dd,91.3725%,22,233,255,13,7,15,220
0xa4966a,60%,22,33,55,30,12,10,3
0x983abf,65.625%,22,42,64,7,10,12,35
0x537fdd,99.5345%,22,4704,4726,0,3,19,4704
0x8e1da0,94.402%,22,371,393,359,11,11,12
0x8e2d48,92.926%,22,289,311,283,7,15,6
0x508d69,55.102%,22,27,49,9,19,3,18
0x64ad07,99.8976%,22,21455,21477,0,0,22,21455
0x9780b3,87.2832%,22,151,173,151,22,0,0
0x9a8000,81.8182%,22,99,121,84,6,16,15
0xa54def,85.8974%,22,134,156,2,11,11,132
0x63906e,93.2308%,22,303,325,1,11,11,302
0xada734,99.6585%,22,6420,6442,0,0,22,6420
0x49c67f,95.186%,22,435,457,435,6,16,0
0x54f26a,48.8372%,22,21,43,0,22,0,21
0x5488b0,65.625%,22,42,64,42,14,8,0
0x49f9b5,85.9873%,22,135,157,2,13,9,133
0xa30c75,98.5145%,22,1459,1481,1447,15,7,12
0x51b6ec,99.712%,22,7616,7638,0,11,11,7616
0x403d42,98.1497%,22,1167,1189,23,11,11,1144
0x8db6cb,96.4516%,22,598,620,87,5,17,511
0x4ba577,94.1019%,22,351,373,17,14,8,334
0x48c578,96.7213%,22,649,671,649,12,10,0
0x8dd9c9,26.6667%,22,8,30,8,22,0,0
0x977f2c,96.3934%,22,588,610,556,14,8,32
0x9731bd,71.7949%,22,56,78,19,17,5,37
0x4a028d,89.3204%,22,184,206,18,8,14,166
0x60dd84,95.8175%,22,504,526,504,22,0,0
0x77ff2b,89.372%,22,185,207,35,9,13,150
0x8ed08a,88.6598%,22,172,194,170,15,7,2
0x40cf15,74.4186%,22,64,86,64,22,0,0
0xa28577,85.5263%,22,130,152,21,7,15,109
0x78ef14,84.6154%,22,121,143,50,6,16,71
0x60dce0,97.6139%,22,900,922,888,10,12,12
0x40e17e,96.463%,22,600,622,597,21,1,3
0x5913ff,91.7293%,22,244,266,244,22,0,0
0x5d904e,85.034%,22,125,147,0,0,22,125
0x5cb92d,63.3333%,22,38,60,19,14,8,19
0x509d90,98.0251%,22,1092,1114,125,11,11,967
0x90d30b,82.2581%,22,102,124,0,0,22,102
0x50e2bb,77.3196%,22,75,97,3,19,3,72
0x98ccdb,84.507%,22,120,142,120,22,0,0
0x9f683f,94.1019%,22,351,373,73,7,15,278
0xa525ea,89.1089%,22,180,202,94,7,15,86
0xa51355,97.1014%,22,737,759,734,13,9,3
0x666964,96.2329%,22,562,584,562,22,0,0
0x81c4f8,64.5161%,22,40,62,31,9,13,9
0xa1808a,97.7934%,22,975,997,132,6,16,843
0x542322,89.9543%,22,197,219,197,22,0,0
0x9f938a,74.4186%,22,64,86,43,9,13,21
0x5ff286,90.5983%,22,212,234,98,19,3,114
0x58d25e,76.087%,22,70,92,43,14,8,27
0x9f5f5d,63.3333%,22,38,60,38,22,0,0
0x51b44a,99.5169%,22,4532,4554,0,9,13,4532
0x9511b8,94.9074%,22,410,432,407,18,4,3
0x4bbc41,98.8095%,22,1826,1848,0,0,22,1826
0x405b3b,94.8478%,22,405,427,320,17,5,85
0x94ed27,63.3333%,22,38,60,20,10,12,18
0xb2e7c3,99.4523%,22,3995,4017,0,0,22,3995
0x8bc8b7,99.8709%,22,17022,17044,16690,20,2,332
0x8fe423,90.5983%,22,212,234,104,14,8,108
0x48aabd,99.594%,22,5397,5419,879,12,10,4518
0x5b9bab,60.7143%,22,34,56,10,11,11,24
0x55705d,91.0931%,22,225,247,60,15,7,165
0x405008,88.8889%,22,176,198,36,8,14,140
0x59e5fd,80.3571%,22,90,112,15,13,9,75
0x99bd77,89.1626%,22,181,203,12,11,11,169
0x9014e6,98.9805%,22,2136,2158,129,9,13,2007
0x504960,96.9655%,22,703,725,148,14,8,555
0x6680ad,99.0368%,22,2262,2284,102,4,18,2160
0x90abd0,97.4448%,22,839,861,30,10,12,809
0xa34be7,69.863%,22,51,73,0,15,7,51
0x9c3789,74.4186%,22,64,86,30,10,12,34
0x5c4c3b,98.7972%,22,1807,1829,1807,22,0,0
0x8fd9c8,93.1889%,22,301,323,51,14,8,250
0x557d71,69.863%,22,51,73,36,11,11,15
0xa33dfd,92.3875%,22,267,289,47,14,8,220
0x8fee76,94.5545%,22,382,404,0,0,22,382
0x499a5d,85.6209%,22,131,153,131,22,0,0
0x8a6fe3,98.545%,22,1490,1512,213,11,11,1277
0x53c4a2,95.7611%,22,497,519,384,5,17,113
0x818d25,99.62%,22,5767,5789,813,14,8,4954
0x648bfc,15.3846%,22,4,26,4,9,13,0
0x65b973,99.5236%,22,4596,4618,0,2,20,4596
0x677c57,93.8375%,22,335,357,52,11,11,283
0x98ccd3,90.5172%,22,210,232,73,17,5,137
0x9425ea,91.2698%,22,230,252,178,19,3,52
0x8a64ec,97.9323%,22,1042,1064,0,17,5,1042
0x8e7938,90.8333%,22,218,240,2,14,8,216
0x9fc80d,90%,22,198,220,4,10,12,194
0x5ff958,87.1345%,22,149,171,111,7,15,38
0xa2e200,82.6772%,22,105,127,24,14,8,81
0x48b241,93.956%,22,342,364,33,10,12,309
0x4be276,47.619%,22,20,42,6,9,13,14
0x40573d,99.6889%,22,7050,7072,0,0,22,7050
0x8ee7c8,87.0588%,22,148,170,121,10,12,27
0x8fe328,99.6914%,22,7106,7128,0,0,22,7106
0x6277ff,70.2703%,22,52,74,35,9,13,17
0x8f4aff,99.1218%,22,2483,2505,2480,19,3,3
0x970f3b,99.1773%,22,2652,2674,2652,22,0,0
0x9e036b,97.771%,22,965,987,965,22,0,0
0x501a2d,97.9742%,22,1064,1086,1054,12,10,10
0x50740a,97.2257%,22,771,793,737,6,16,34
0x835cc4,42.1053%,22,16,38,6,16,6,10
0x543011,93.956%,22,342,364,4,4,18,338
0x543a10,83.7037%,22,113,135,113,22,0,0
0x48d7b2,98.715%,22,1690,1712,708,4,18,982
0x8ed99f,95.122%,22,429,451,315,3,19,114
0xb0cee3,99.2698%,22,2991,3013,0,0,22,2991
0x5463c4,93.7143%,22,328,350,328,22,0,0
0xa2aae8,80.531%,22,91,113,18,13,9,73
0x504060,97.2257%,22,771,793,13,17,5,758
0x609da7,93.7677%,22,331,353,150,9,13,181
0x8bad72,95.0339%,22,421,443,0,0,22,421
0xa9f18a,90.2655%,22,204,226,193,14,8,11
0x8d24c0,73.1707%,22,60,82,30,10,12,30
0x5cb0f7,97.5169%,22,864,886,41,7,15,823
0x81b7ec,89.2157%,22,182,204,182,10,12,0
0x54ee07,48.8372%,22,21,43,7,21,1,14
0x5f8e13,94.0379%,22,347,369,267,9,13,80
0xa946cb,52.1739%,22,24,46,8,9,13,16
0x90e6e0,97.5851%,22,889,911,394,9,13,495
0x9e26cf,97.4419%,22,838,860,192,13,9,646
0x48bb95,97.7178%,22,942,964,942,12,10,0
0x8e0f90,99.0909%,22,2398,2420,2398,6,16,0
0x9e3ec3,94.9541%,22,414,436,79,17,5,335
0xb2dfb7,98.5705%,22,1517,1539,0,0,22,1517
0x819631,95.0673%,22,424,446,423,5,17,1
0x50ee16,83.9416%,22,115,137,34,15,7,81
0x63ccb0,97.3203%,22,799,821,610,11,11,189
0x9427e1,98.6982%,22,1668,1690,1668,22,0,0
0x8188e0,97.4607%,21,806,827,806,21,0,0
0x40e802,97.0914%,21,701,722,393,12,9,308
0x4103d1,97.1233%,21,709,730,690,16,5,19
0x63904f,92.4188%,21,256,277,8,5,16,248
0x48e0e6,74.3902%,21,61,82,57,10,11,4
0x5969f6,93.7685%,21,316,337,316,21,0,0
0x82132f,99.4141%,21,3563,3584,0,0,21,3563
0x944ad9,90.5405%,21,201,222,201,21,0,0
0x5991a0,94.0678%,21,333,354,0,0,21,333
0x5088ee,96.06%,21,512,533,6,12,9,506
0xa2f720,93.0233%,21,280,301,62,11,10,218
0x537f18,97.1736%,21,722,743,4,8,13,718
0x4bb21d,76.4045%,21,68,89,45,10,11,23
0x40ce73,75.5814%,21,65,86,65,19,2,0
0x81bfb4,70%,21,49,70,27,9,12,22
0x8fbf34,94.9398%,21,394,415,0,0,21,394
0x49de37,78.5714%,21,77,98,13,15,6,64
0x8dad6d,86.4516%,21,134,155,92,13,8,42
0x9a9648,58.8235%,21,30,51,13,7,14,17
0x489e5f,69.1176%,21,47,68,0,0,21,47
0x540d61,94%,21,329,350,0,0,21,329
0x5bd706,93.3333%,21,294,315,158,12,9,136
0xa5f767,97.2763%,21,750,771,165,16,5,585
0x90269d,98.25%,21,1179,1200,1179,21,0,0
0x8ecb50,98.3023%,21,1216,1237,255,14,7,961
0x4a6d10,95.6341%,21,460,481,460,21,0,0
0x808921,96.2567%,21,540,561,321,6,15,219
0x5412f5,99.7328%,21,7837,7858,0,0,21,7837
0x9a69bb,75.2941%,21,64,85,64,21,0,0
0xad802a,99.6532%,21,6035,6056,6035,21,0,0
0xa974aa,46.1538%,21,18,39,12,9,12,6
0x8f6de3,80%,21,84,105,71,12,9,13
0x9a805f,76.6667%,21,69,90,12,13,8,57
0xa494c2,95.8498%,21,485,506,482,21,0,3
0x8ddbb7,81.25%,21,91,112,91,21,0,0
0x402a0a,99.9087%,21,22989,23010,0,0,21,22989
0x9f5c54,73.75%,21,59,80,35,17,4,24
0x9a9a6f,96.1538%,21,525,546,2,3,18,523
0xa92b82,93.4783%,21,301,322,1,7,14,300
0xa393e7,96.6981%,21,615,636,613,9,12,2
0x4041ce,96.6019%,21,597,618,370,13,8,227
0x60dcd2,86.0927%,21,130,151,91,10,11,39
0x9812d0,86.4516%,21,134,155,68,12,9,66
0x9a7364,34.375%,21,11,32,4,14,7,7
0xaa2d69,93.0921%,21,283,304,283,21,0,0
0x5c5002,84.5588%,21,115,136,23,10,11,92
0x4c52a2,93.3962%,21,297,318,280,14,7,17
0x8e786b,92.3077%,21,252,273,72,19,2,180
0x8ab0bf,97.5467%,21,835,856,835,21,0,0
0x94d992,96.6074%,21,598,619,0,0,21,598
0x511aed,99.259%,21,2813,2834,2813,21,0,0
0x834fd5,99.8241%,21,11915,11936,11915,21,0,0
0x98cb34,90.708%,21,205,226,26,11,10,179
0x81b09a,91.1017%,21,215,236,18,14,7,197
0x53fe95,99.146%,21,2438,2459,707,11,10,1731
0x548a60,78.7879%,21,78,99,77,10,11,1
0x534249,99.6155%,21,5441,5462,5441,21,0,0
0x5fb23e,70%,21,49,70,1,8,13,48
0x94da41,96.4225%,21,566,587,0,0,21,566
0x55719f,91.358%,21,222,243,27,12,9,195
0xa9b632,82.5%,21,99,120,97,17,4,2
0x9a69db,75.2941%,21,64,85,0,9,12,64
0x8def29,98.9609%,21,2000,2021,1885,5,16,115
0x811f41,96.1183%,21,520,541,35,7,14,485
0x9a31c1,92.2222%,21,249,270,45,11,10,204
0xa9491a,56.25%,21,27,48,15,9,12,12
0xaa05b5,62.5%,21,35,56,25,13,8,10
0x8f56cb,99.4276%,21,3648,3669,3495,10,11,153
0x50b587,47.5%,21,19,40,19,21,0,0
0xa25cbf,97.5917%,21,851,872,851,21,0,0
0x8e1f44,94.6565%,21,372,393,0,0,21,372
0xa9b7eb,76.1364%,21,67,88,33,15,6,34
0xb3243b,97.8328%,21,948,969,0,0,21,948
0xb2e855,70%,21,49,70,7,12,9,42
0x807b3a,91.0638%,21,214,235,101,11,10,113
0x507744,52.2727%,21,23,44,13,5,16,10
0x638ff2,92.4188%,21,256,277,245,14,7,11
0xb32392,97.8328%,21,948,969,0,0,21,948
0x48aee3,96.9741%,21,673,694,0,14,7,673
0x8dca24,97.3008%,21,757,778,661,7,14,96
0xa54f7f,58%,21,29,50,5,7,14,24
0x8bc7d6,98.7093%,21,1606,1627,1606,21,0,0
0x8e7e86,76.9231%,21,70,91,1,11,10,69
0x49a681,97.4668%,21,808,829,262,5,16,546
0x53e4a2,99.6898%,21,6748,6769,6748,21,0,0
0xa019d0,91.1392%,21,216,237,216,9,12,0
0x901fd5,99.5524%,21,4671,4692,0,0,21,4671
0x7dfa59,74.6988%,21,62,83,61,20,1,1
0x40bc9c,97.2903%,21,754,775,662,11,10,92
0xaa57b9,99.6679%,21,6303,6324,0,2,19,6303
0x540b72,94%,21,329,350,0,0,21,329
0x49e9d6,99.2813%,21,2901,2922,2901,21,0,0
0xa5889a,92.8082%,21,271,292,126,20,1,145
0x40218a,99.6105%,21,5371,5392,0,0,21,5371
0x8ef17f,89.0625%,21,171,192,152,8,13,19
0x47f31a,97.2833%,21,752,773,727,11,10,25
0x4bbba3,86.4516%,21,134,155,64,10,11,70
0xb2ea50,99.7266%,21,7660,7681,7660,21,0,0
0xa566cb,71.6216%,21,53,74,51,13,8,2
0x837eba,83.4646%,21,106,127,14,9,12,92
0x541fbd,97.5236%,21,827,848,0,0,21,827
0x9a9e4a,88.2022%,21,157,178,125,12,9,32
0x54fa49,99.2927%,21,2948,2969,1,10,11,2947
0x94e790,88.3333%,21,159,180,13,10,11,146
0xa587fe,81.8966%,21,95,116,80,16,5,15
0x8a900f,99.2473%,21,2769,2790,2769,17,4,0
0xaa88ce,83.0645%,21,103,124,0,0,21,103
0xa5f92a,95.3642%,21,432,453,0,14,7,432
0x8ff7ba,99.4407%,21,3734,3755,3734,21,0,0
0x7d43e2,97.6744%,21,882,903,831,5,16,51
0xa589a2,81.8966%,21,95,116,4,8,13,91
0xa4667b,91.358%,21,222,243,4,8,13,218
0x94a028,90.583%,21,202,223,202,21,0,0
0x547426,86.1842%,21,131,152,87,4,17,44
0x9e0119,98.0447%,21,1053,1074,0,0,21,1053
0xa30c3c,89.2308%,21,174,195,26,12,9,148
0x81e654,99.015%,21,2111,2132,2110,9,12,1
0x5c6add,89.3939%,21,177,198,176,21,0,1
0x8e9f77,98.7618%,21,1675,1696,4,8,13,1671
0xa554ef,91.954%,21,240,261,163,9,12,77
0x9ec33f,47.5%,21,19,40,3,11,10,16
0x5af1cf,97.4042%,21,788,809,788,21,0,0
0x544e1e,90.625%,21,203,224,156,11,10,47
0x4bc7a3,89.5%,21,179,200,96,10,11,83
0x66794b,34.375%,21,11,32,8,8,13,3
0x5bb133,79.4118%,21,81,102,4,15,6,77
0x4bc5be,92.953%,21,277,298,260,19,2,17
0x8380d5,88.0682%,21,155,176,124,7,14,31
0xad7fc2,97.7371%,21,907,928,0,0,21,907
0x821f3e,85.4167%,21,123,144,55,17,4,68
0x8fe51c,99.6197%,21,5501,5522,0,0,21,5501
0x4c005e,89.3939%,21,177,198,176,20,1,1
0x6431fe,92.1053%,21,245,266,0,0,21,245
0xa50ee1,87.2727%,21,144,165,136,12,9,8
0x81f908,98.9875%,21,2053,2074,40,9,12,2013
0x973113,76.6667%,21,69,90,60,5,16,9
0x8ff0bf,88.0682%,21,155,176,0,0,21,155
0xaa8081,96.0302%,21,508,529,264,2,19,244
0x9e0076,98.0447%,21,1053,1074,914,12,9,139
0xb14934,99.4393%,21,3724,3745,3724,21,0,0
0x48e7b1,97.4453%,21,801,822,4,9,12,797
0x834fb1,99.8241%,21,11915,11936,0,0,21,11915
0x8fbfdf,97.1583%,21,718,739,718,21,0,0
0x972f76,92.5%,21,259,280,121,19,2,138
0x404273,95.5789%,21,454,475,184,14,7,270
0x66700b,94.1341%,21,337,358,2,9,12,335
0x6070e0,99.6748%,21,6437,6458,6437,21,0,0
0x90b1f1,82.3529%,21,98,119,1,11,10,97
0x8dd983,52.2727%,21,23,44,7,7,14,16
0x4943ec,70%,21,49,70,6,13,8,43
0x9c4205,93.6747%,21,311,332,311,21,0,0
0x406ae4,96.7593%,21,627,648,627,21,0,0
0x8ba390,99.8032%,21,10652,10673,10652,21,0,0
0x807700,92.8328%,21,272,293,168,8,13,104
0x65a283,99.6253%,21,5583,5604,1860,8,13,3723
0x8c9357,96.3222%,21,550,571,547,13,8,3
0x81bc86,89.7059%,21,183,204,183,9,12,0
0x90029c,93.4375%,21,299,320,299,11,10,0
0x8b9a61,92.953%,21,277,298,21,7,14,256
0x7ce552,90.9091%,21,210,231,210,9,12,0
0x5049a3,73.4177%,21,58,79,33,19,2,25
0x48599f,71.6216%,21,53,74,31,11,10,22
0x94a3f8,92.2509%,21,250,271,1,0,21,249
0x8eecc1,95.9459%,21,497,518,497,10,11,0
0x501ff6,76.9231%,21,70,91,28,7,14,42
0x49faef,92.2222%,21,249,270,111,8,13,138
0x4c2418,87.5%,21,147,168,142,17,4,5
0x5352c6,34.375%,21,11,32,0,0,21,11
0xa51374,96.0227%,21,507,528,1,11,10,506
0xa274f2,93.5583%,21,305,326,305,21,0,0
0x7d25d1,94.517%,21,362,383,361,6,15,1
0x40f5e8,99.4815%,21,4029,4050,4029,21,0,0
0x50bfea,68.1818%,21,45,66,42,12,9,3
0x5074a4,83.5938%,21,107,128,101,8,13,6
0x9f0eb7,64.4068%,21,38,59,9,12,9,29
0x8195ba,94.2149%,21,342,363,23,11,10,319
0x98cb86,90%,21,189,210,13,8,13,176
0x81f86d,55.3191%,21,26,47,12,13,8,14
0x82276f,95.8333%,21,483,504,68,10,11,415
0x40eb4f,93.4579%,21,300,321,0,9,12,300
0x8db903,93.3333%,21,294,315,61,14,7,233
0x9f0e35,92.7083%,21,267,288,240,12,9,27
0xa429d8,99.2726%,21,2866,2887,2852,7,14,14
0xa06190,66.129%,21,41,62,36,5,16,5
0x9ed644,97.7895%,21,929,950,0,6,15,929
0x49b22b,99.514%,21,4300,4321,900,13,8,3400
0x50168b,99.3692%,21,3308,3329,970,11,10,2338
0xaa2f5c,96.6129%,21,599,620,500,18,3,99
0x53e344,99.3329%,21,3127,3148,0,0,21,3127
0x9ee3cb,80.9091%,21,89,110,77,11,10,12
0x990a1d,91.7647%,21,234,255,234,21,0,0
0x8ff1e9,87.6471%,21,149,170,4,12,9,145
0x5fa510,61.1111%,21,33,54,27,12,9,6
0xa39950,96.5461%,21,587,608,0,0,21,587
0x4903b5,73.4177%,21,58,79,49,12,9,9
0x4ba3cb,95.3744%,21,433,454,384,12,9,49
0x81b34d,94.1176%,21,336,357,268,7,14,68
0x5ebce3,90.708%,21,205,226,202,9,12,3
0x53440d,99.7642%,21,8884,8905,0,0,21,8884
0x40bbbc,86%,21,129,150,102,6,15,27
0x5fe2fe,96.7593%,21,627,648,611,9,12,16
0x9428ad,90.8297%,21,208,229,208,21,0,0
0x541fd3,97.5236%,21,827,848,0,0,21,827
0x5341ec,83.0508%,20,98,118,4,13,7,94
0x8f684a,85.7143%,20,120,140,21,10,10,99
0x835ccf,47.3684%,20,18,38,11,17,3,7
0x5f0c54,93.994%,20,313,333,204,11,9,109
0x4bacb3,94.5504%,20,347,367,144,5,15,203
0x53d862,41.1765%,20,14,34,10,19,1,4
0x9a91a9,92.3664%,20,242,262,241,6,14,1
0x54eef7,51.2195%,20,21,41,11,2,18,10
0x542cf8,99.1139%,20,2237,2257,174,13,7,2063
0x4b6977,87.0968%,20,135,155,27,13,7,108
0xa1ad9a,72.973%,20,54,74,22,8,12,32
0x4b61a1,81.8182%,20,90,110,80,9,11,10
0x8a7403,96%,20,480,500,189,7,13,291
0x983a8b,68.75%,20,44,64,23,12,8,21
0x835c6b,47.3684%,20,18,38,8,2,18,10
0x40419e,97.3404%,20,732,752,0,0,20,732
0x8ad90a,77.7778%,20,70,90,24,9,11,46
0x9f8fc6,85.5072%,20,118,138,2,8,12,116
0x5c4c57,98.9065%,20,1809,1829,6,10,10,1803
0x50cba4,74.026%,20,57,77,0,11,9,57
0x49c8f4,70.1493%,20,47,67,38,11,9,9
0x49e4e9,87.5776%,20,141,161,0,0,20,141
0x53a52d,92.0319%,20,231,251,42,12,8,189
0x9be3c4,70.1493%,20,47,67,27,8,12,20
0x8bc7c9,84.127%,20,106,126,0,0,20,106
0x8f5834,78.9474%,20,75,95,0,4,16,75
0x8e3368,94.2197%,20,326,346,325,5,15,1
0x409cf0,91.1894%,20,207,227,130,6,14,77
0x8fdca3,97.3822%,20,744,764,744,20,0,0
0xb2e5f5,99.9316%,20,29229,29249,0,0,20,29229
0x48d97b,99.5508%,20,4432,4452,3554,14,6,878
0x8379b4,72.2222%,20,52,72,37,7,13,15
0x90a779,72.973%,20,54,74,3,14,6,51
0x5c6c09,99.0689%,20,2128,2148,2128,20,0,0
0x80582b,96.1315%,20,497,517,301,12,8,196
0x53a206,97.3082%,20,723,743,719,18,2,4
0x5454aa,85.0746%,20,114,134,72,11,9,42
0x609f01,99.7522%,20,8052,8072,8033,17,3,19
0x51c37e,98.3347%,20,1181,1201,1181,20,0,0
0x911797,91.3793%,20,212,232,197,4,16,15
0x9e03ee,97.7629%,20,874,894,49,10,10,825
0x8bcae0,90.0498%,20,181,201,181,20,0,0
0x5b9b62,64.2857%,20,36,56,2,11,9,34
0x8bb1dc,95.11%,20,389,409,389,20,0,0
0xa497c7,93.3775%,20,282,302,54,10,10,228
0x538594,99.8689%,20,15240,15260,0,0,20,15240
0x81e7b8,97.5278%,20,789,809,194,10,10,595
0x542572,92.126%,20,234,254,182,11,9,52
0x8f0baf,96.7159%,20,589,609,398,19,1,191
0x5c6ac1,99.5061%,20,4029,4049,0,0,20,4029
0xaa7ef9,96.2193%,20,509,529,0,0,20,509
0x8057e6,98.2159%,20,1101,1121,897,10,10,204
0x8a5e54,93.6306%,20,294,314,131,7,13,163
0x8e45e5,98.9884%,20,1957,1977,283,18,2,1674
0x4aab29,61.5385%,20,32,52,26,15,5,6
0x485c15,92.8315%,20,259,279,258,16,4,1
0x441497,96.5636%,20,562,582,516,9,11,46
0x9f551c,84.252%,20,107,127,32,15,5,75
0x50ace4,85.2941%,20,116,136,14,11,9,102
0x606b04,91.1111%,20,205,225,205,20,0,0
0x4a6573,86.2069%,20,125,145,48,11,9,77
0xa33d76,98.5075%,20,1320,1340,1035,5,15,285
0x501b4f,97.4811%,20,774,794,0,3,17,774
0x50cd31,94.2857%,20,330,350,227,6,14,103
0xa95cca,97.5699%,20,803,823,734,4,16,69
0x90a3f2,93.5065%,20,288,308,118,14,6,170
0x4c51a6,93.7107%,20,298,318,114,13,7,184
0x4c5273,93.7107%,20,298,318,280,11,9,18
0x58d40f,78.2609%,20,72,92,0,0,20,72
0xa510dd,92.0949%,20,233,253,231,8,12,2
0x9a1e86,75.3086%,20,61,81,3,9,11,58
0xa5eb89,93.5065%,20,288,308,7,11,9,281
0x50d39e,98.3539%,20,1195,1215,715,1,19,480
0xa33c63,98.5075%,20,1320,1340,802,8,12,518
0x511d66,99.2943%,20,2814,2834,380,4,16,2434
0x94878d,98.613%,20,1422,1442,1392,11,9,30
0x9c4030,95.7082%,20,446,466,446,20,0,0
0xa03097,68.254%,20,43,63,25,9,11,18
0x507174,97.2973%,20,720,740,593,11,9,127
0x8ea020,94.9875%,20,379,399,378,9,11,1
0x547cd4,96.6555%,20,578,598,443,5,15,135
0x538906,95.5257%,20,427,447,426,13,7,1
0x813c03,54.5455%,20,24,44,16,6,14,8
0x806427,62.2642%,20,33,53,15,14,6,18
0x5f6cef,62.963%,20,34,54,18,8,12,16
0x548cd6,99.7177%,20,7065,7085,0,3,17,7065
0xa944b5,56.5217%,20,26,46,6,11,9,20
0x5bd470,99.3094%,20,2876,2896,1438,10,10,1438
0x50f98b,97.1831%,20,690,710,22,8,12,668
0x951a91,86.8421%,20,132,152,104,12,8,28
0x722a7d,75.3086%,20,61,81,1,14,6,60
0xa5c8d5,72.973%,20,54,74,46,10,10,8
0x8deafb,84.375%,20,108,128,49,1,19,59
0x542b06,99.1139%,20,2237,2257,169,18,2,2068
0x97432c,95.992%,20,479,499,11,2,18,468
0x50d8aa,71.4286%,20,50,70,9,4,16,41
0x674fbb,71.831%,20,51,71,17,15,5,34
0x80d519,83.3333%,20,100,120,79,9,11,21
0x9777a8,97.7324%,20,862,882,2,5,15,860
0xaa06fb,81.4815%,20,88,108,18,16,4,70
0x50e236,55.5556%,20,25,45,25,20,0,0
0x670642,51.2195%,20,21,41,11,10,10,10
0x610c22,94.1691%,20,323,343,78,10,10,245
0x60b15e,99.7227%,20,7193,7213,7193,20,0,0
0x40527f,99.7205%,20,7136,7156,1029,5,15,6107
0x81d5ac,92.0635%,20,232,252,178,14,6,54
0xa93d8e,86.1111%,20,124,144,10,9,11,114
0x5410b6,97.9818%,20,971,991,971,20,0,0
0x81c1f2,90.9091%,20,200,220,43,10,10,157
0x5e437c,83.4711%,20,101,121,0,0,20,101
0x48e4d3,99.7136%,20,6963,6983,0,0,20,6963
0xa55e73,81.3084%,20,87,107,64,13,7,23
0x5f103f,93.4641%,20,286,306,258,12,8,28
0x81606f,39.3939%,20,13,33,11,8,12,2
0x9e19f6,83.3333%,20,100,120,64,10,10,36
0x9a906c,91.0714%,20,204,224,201,9,11,3
0x80bce4,93.0556%,20,268,288,152,15,5,116
0xa5c3b7,86.5772%,20,129,149,45,5,15,84
0x495dd0,47.3684%,20,18,38,8,11,9,10
0x64c56c,96.3437%,20,527,547,513,9,11,14
0x8fe40b,91.5254%,20,216,236,103,13,7,113
0x4bc1cc,82.1429%,20,92,112,40,16,4,52
0x9f987f,76.1905%,20,64,84,15,10,10,49
0xa9d197,87.8788%,20,145,165,4,13,7,141
0x53e479,99.7045%,20,6749,6769,6744,12,8,5
0x9a705c,80.5825%,20,83,103,83,20,0,0
0x9f3e4b,87.4214%,20,139,159,139,20,0,0
0x40522b,71.4286%,20,50,70,32,10,10,18
0x9f9c58,85.0746%,20,114,134,100,10,10,14
0x5de2a1,98.3884%,20,1221,1241,419,12,8,802
0x80fa37,86.4865%,20,128,148,0,18,2,128
0xa3407f,91.1111%,20,205,225,120,11,9,85
0x509868,99.5395%,20,4323,4343,0,0,20,4323
0x6435b3,48.7179%,20,19,39,0,0,20,19
0x5010fa,99.675%,20,6133,6153,0,0,20,6133
0x8db786,93.6508%,20,295,315,0,0,20,295
0x66d438,98.8969%,20,1793,1813,46,10,10,1747
0x604442,88.0952%,20,148,168,148,8,12,0
0x807c0d,91.0314%,20,203,223,89,12,8,114
0x9e0896,94.7917%,20,364,384,0,0,20,364
0xa2ec9a,68.75%,20,44,64,32,10,10,12
0xa5706a,88.024%,20,147,167,25,14,6,122
0xa42a21,99.3072%,20,2867,2887,2850,9,11,17
0x4b6ea3,57.4468%,20,27,47,16,15,5,11
0x80ffd1,97.0238%,20,652,672,425,7,13,227
0x533615,52.381%,20,22,42,20,15,5,2
0x818537,97.6275%,20,823,843,823,4,16,0
0x8a3424,37.5%,20,12,32,11,17,3,1
0x8d3e97,91.8699%,20,226,246,217,14,6,9
0x542be1,94.5055%,20,344,364,343,19,1,1
0x9d06e8,69.2308%,20,45,65,24,10,10,21
0x8f57b8,94.7644%,20,362,382,187,4,16,175
0x952b85,95.614%,20,436,456,436,20,0,0
0x9e2701,90.4762%,20,190,210,138,14,6,52
0xa5ee34,94.5652%,20,348,368,348,20,0,0
0x543ccf,72.6027%,20,53,73,12,9,11,41
0x54faec,86.014%,20,123,143,121,17,3,2
0x48af9e,96.2963%,20,520,540,520,20,0,0
0xa8fb28,88.2353%,20,150,170,0,0,20,150
0x977fa3,92.6471%,20,252,272,122,11,9,130
0xa260d1,95.7082%,20,446,466,400,11,9,46
0x5af23f,97.1014%,20,670,690,0,0,20,670
0x5fa270,93.921%,20,309,329,148,8,12,161
0xa5010f,87.8788%,20,145,165,7,10,10,138
0xa54deb,82.7586%,20,96,116,85,5,15,11
0xaa2619,9.09091%,20,2,22,1,10,10,1
0x5016f3,93.2203%,20,275,295,0,0,20,275
0x7233ed,75.3086%,20,61,81,20,13,7,41
0x9c37ab,69.697%,20,46,66,33,13,7,13
0x8f6c3b,91.0714%,20,204,224,101,14,6,103
0x99dabc,44.4444%,20,16,36,4,11,9,12
0x9f990c,85.0746%,20,114,134,100,9,11,14
0x5e5ebe,98.6746%,20,1489,1509,495,11,9,994
0x8d2946,99.8955%,20,19120,19140,18913,7,13,207
0xa25d29,98.8426%,20,1708,1728,1708,20,0,0
0x8db62c,98.3151%,20,1167,1187,28,9,11,1139
0x5fba77,77.2727%,20,68,88,8,10,10,60
0x8b9914,99.926%,20,27021,27041,27021,20,0,0
0x6f5524,95.8506%,20,462,482,0,0,20,462
0x5fbd9a,58.3333%,20,28,48,3,11,9,25
0x9e1a3c,83.3333%,20,100,120,94,10,10,6
0x40f3be,97.1871%,20,691,711,30,10,10,661
0x8044fb,63.6364%,20,35,55,17,11,9,18
0x40507c,99.4637%,20,3709,3729,0,6,14,3709
0x9bdcfc,75.9036%,20,63,83,19,9,11,44
0x402b3c,99.323%,20,2934,2954,2934,20,0,0
0x9018b3,96.0474%,20,486,506,0,0,20,486
0xb0b011,80.9524%,20,85,105,5,7,13,80
0x5faeeb,52.381%,20,22,42,16,8,12,6
0x817e79,91.7355%,20,222,242,183,4,16,39
0x485b0c,91.1111%,20,205,225,205,18,2,0
0xa49f8d,97.619%,20,820,840,191,11,9,629
0xa548ac,95.8932%,20,467,487,432,1,19,35
0x5c33a7,75%,20,60,80,58,14,6,2
0x481d7a,47.3684%,20,18,38,6,13,7,12
0x9d1c97,71.831%,20,51,71,1,15,5,50
0xa58737,87.9518%,20,146,166,40,10,10,106
0x9a236b,75.3086%,20,61,81,58,3,17,3
0x4a5794,87.8788%,20,145,165,37,18,2,108
0x81049e,92.5926%,20,250,270,99,11,9,151
0x4038d9,94.6809%,20,356,376,6,11,9,350
0xaaaf8d,92.8058%,20,258,278,191,8,12,67
0x60a80e,95.9514%,20,474,494,63,9,11,411
0x911aa4,98.3974%,20,1228,1248,82,8,12,1146
0x4102ae,97.8814%,20,924,944,39,15,5,885
0x81462a,97.8769%,20,922,942,504,9,11,418
0xb32693,99.6895%,20,6422,6442,0,0,20,6422
0xa4683c,93.9024%,20,308,328,228,14,6,80
0xa262fc,95.7265%,20,448,468,423,12,8,25
0x973089,53.4884%,20,23,43,5,10,10,18
0x901f62,99.5737%,20,4672,4692,0,0,20,4672
0x541792,85.2941%,20,116,136,0,0,20,116
0xa41c51,96.8%,20,605,625,605,20,0,0
0x540a07,97.3046%,20,722,742,722,20,0,0
0x991525,99.7072%,20,6811,6831,6811,20,0,0
0x5b9a1d,72.6027%,20,53,73,4,10,10,49
0xa56fc6,81.4815%,20,88,108,75,7,13,13
0x8e41d9,94.6381%,20,353,373,241,5,15,112
0xa553cf,87.1795%,20,136,156,6,7,13,130
0x9a8e97,84.127%,20,106,126,105,7,13,1
0x40db69,99.7603%,20,8323,8343,8323,20,0,0
0xb14838,99.5303%,20,4238,4258,0,0,20,4238
0x9f474f,95.2038%,20,397,417,394,15,5,3
0x9a1dbd,84.127%,20,106,126,101,10,10,5
0xa560db,75%,20,60,80,56,12,8,4
0xa33e53,82.1429%,20,92,112,33,10,10,59
0x610bb6,90.1478%,20,183,203,4,5,15,179
0x5a91a5,94.3343%,20,333,353,308,12,8,25
0xaa641a,77.7778%,20,70,90,62,20,0,8
0x99e9d4,80.9524%,20,85,105,85,5,15,0
0xa25fb2,98.0257%,20,993,1013,130,11,9,863
0xa528a1,94.9495%,20,376,396,67,10,10,309
0xa944a6,76.7442%,20,66,86,25,15,5,41
0x53de6f,96.1977%,20,506,526,0,0,20,506
0xad7f75,97.8448%,20,908,928,908,20,0,0
0x54566e,98.0989%,20,1032,1052,994,8,12,38
0x4831e0,83.6207%,19,97,116,84,3,16,13
0x8196ae,99.0781%,19,2042,2061,1856,13,6,186
0x481071,50%,19,19,38,12,7,12,7
0x54f30b,55.814%,19,24,43,8,13,6,16
0x9a74ab,81.5534%,19,84,103,2,9,10,82
0x8c952b,97.9348%,19,901,920,341,3,16,560
0xa5887f,83.6207%,19,97,116,4,8,11,93
0xa25c9f,97.9679%,19,916,935,129,12,7,787
0xa49809,93.2143%,19,261,280,223,15,4,38
0x7d2ed0,97.625%,19,781,800,531,11,8,250
0xb2ffb2,98.2601%,19,1073,1092,0,1,18,1073
0x98170a,70.3125%,19,45,64,33,14,5,12
0x5cba2b,85.4962%,19,112,131,0,0,19,112
0xaae4a0,99.8813%,19,15990,16009,15990,19,0,0
0x8ee6f7,95.1157%,19,370,389,8,10,9,362
0x7ce511,98.3435%,19,1128,1147,856,16,3,272
0x48f715,70.7692%,19,46,65,7,3,16,39
0xa5d04e,93.0403%,19,254,273,14,0,19,240
0x49e326,94.4444%,19,323,342,0,0,19,323
0x48e890,53.6585%,19,22,41,9,18,1,13
0x8bb0ce,95.3545%,19,390,409,388,18,1,2
0x9a455a,98.7773%,19,1535,1554,523,12,7,1012
0x50bfaa,71.2121%,19,47,66,43,10,9,4
0x991464,85.6061%,19,113,132,2,10,9,111
0xa27689,98.5051%,19,1252,1271,1252,19,0,0
0x781fb3,99.1707%,19,2272,2291,0,0,19,2272
0x8dc323,99.1736%,19,2280,2299,656,12,7,1624
0xa26061,96.0581%,19,463,482,463,19,0,0
0x485cc5,93.8511%,19,290,309,290,16,3,0
0x984031,87.9747%,19,139,158,137,9,10,2
0x543a39,85.9259%,19,116,135,115,18,1,1
0x9d0672,77.6471%,19,66,85,41,10,9,25
0x9005d3,94.5402%,19,329,348,0,0,19,329
0x40d8e9,99.8391%,19,11791,11810,11791,19,0,0
0x50fda1,99.8502%,19,12664,12683,12664,19,0,0
0x9f270b,95.6019%,19,413,432,413,19,0,0
0x54eb72,55.814%,19,24,43,0,0,19,24
0xaa347f,97.9679%,19,916,935,912,12,7,4
0x558fd4,99.8969%,19,18404,18423,17644,11,8,760
0x557f17,97.5357%,19,752,771,752,19,0,0
0x9bd335,69.8413%,19,44,63,40,11,8,4
0x5e37b0,97.0948%,19,635,654,0,3,16,635
0x493565,51.2821%,19,20,39,13,11,8,7
0x8f0b38,54.7619%,19,23,42,16,10,9,7
0xa9da7c,84.1667%,19,101,120,98,7,12,3
0x7b7180,86.5248%,19,122,141,45,12,7,77
0x4057d9,96.6252%,19,544,563,77,4,15,467
0x8f5895,99.8143%,19,10212,10231,0,0,19,10212
0x552a84,98.6525%,19,1391,1410,1255,13,6,136
0x8df633,29.6296%,19,8,27,5,13,6,3
0x8ef0eb,95.7871%,19,432,451,311,7,12,121
0x5b9d70,84.2975%,19,102,121,71,2,17,31
0x404bcc,9.52381%,19,2,21,2,19,0,0
0x54ffa4,95.966%,19,452,471,452,19,0,0
0xa97ee5,83.3333%,19,95,114,91,9,10,4
0x8f63f6,89.5604%,19,163,182,160,10,9,3
0xa34b0f,90.0524%,19,172,191,27,13,6,145
0x949f94,91.4798%,19,204,223,0,0,19,204
0x555e32,95.4762%,19,401,420,304,11,8,97
0x40f3c7,97.1684%,19,652,671,614,5,14,38
0x667152,90.1554%,19,174,193,12,9,10,162
0x50892a,79.7872%,19,75,94,43,10,9,32
0x9e712d,64.8148%,19,35,54,28,10,9,7
0xb345f0,91.5556%,19,206,225,206,19,0,0
0x40a0d8,59.5745%,19,28,47,22,9,10,6
0x7a3d08,85.7143%,19,114,133,50,6,13,64
0xa92184,96.4083%,19,510,529,510,19,0,0
0x81728c,79.3478%,19,73,92,69,7,12,4
0x4885e2,98.6131%,19,1351,1370,2,5,14,1349
0x5484d6,99.8529%,19,12895,12914,12895,19,0,0
0x49ebfd,96.0663%,19,464,483,0,0,19,464
0x5ea98a,95.7207%,19,425,444,0,0,19,425
0x554cfa,93.4256%,19,270,289,0,6,13,270
0x9a7a2e,93.5154%,19,274,293,187,11,8,87
0x50415a,84.6774%,19,105,124,54,8,11,51
0x51105c,99.4966%,19,3755,3774,0,0,19,3755
0xa54976,94.4118%,19,321,340,321,19,0,0
0x610c9e,93.0657%,19,255,274,227,17,2,28
0x5ff0b7,64.1509%,19,34,53,4,10,9,30
0xb2eb4a,99.7526%,19,7662,7681,0,0,19,7662
0x8bad47,95.7111%,19,424,443,411,14,5,13
0x543960,94.6176%,19,334,353,334,6,13,0
0x4ba4f8,81.7308%,19,85,104,46,6,13,39
0xb0b404,99.4829%,19,3655,3674,3655,19,0,0
0xa530fa,90.1042%,19,173,192,160,12,7,13
0x5fc0dc,60.4167%,19,29,48,1,11,8,28
0x8f29d9,93.5154%,19,274,293,0,8,11,274
0x942cf7,74.6667%,19,56,75,56,19,0,0
0x557e2d,97.5357%,19,752,771,70,10,9,682
0x81bc4b,90.6863%,19,185,204,179,6,13,6
0x53a30b,67.2414%,19,39,58,27,15,4,12
0x951991,89.8936%,19,169,188,167,5,14,2
0x9429b4,74.6667%,19,56,75,56,19,0,0
0x643aa0,97.5033%,19,742,761,97,15,4,645
0x488abd,96.3878%,19,507,526,507,19,0,0
0x40e66a,67.2414%,19,39,58,8,11,8,31
0xb14854,99.5538%,19,4239,4258,0,0,19,4239
0x8ebdfd,98.0533%,19,957,976,950,8,11,7
0xa34b4d,90.0524%,19,172,191,123,7,12,49
0x90dc8a,98.0229%,19,942,961,925,6,13,17
0xa553cb,83.3333%,19,95,114,75,13,6,20
0x639c22,97.625%,19,781,800,136,12,7,645
0x9e3d50,93.4256%,19,270,289,97,18,1,173
0x539b4b,98.3775%,19,1152,1171,10,4,15,1142
0x90c1f4,98.8717%,19,1665,1684,838,4,15,827
0x9f6271,96.9106%,19,596,615,204,12,7,392
0xa25b89,98.1244%,19,994,1013,994,19,0,0
0x944333,89.7849%,19,167,186,62,14,5,105
0x809448,97.7594%,19,829,848,803,11,8,26
0x403b1b,96.5392%,19,530,549,530,19,0,0
0x54efa6,55.814%,19,24,43,13,15,4,11
0x494885,86.1314%,19,118,137,6,10,9,112
0x54fead,99.3331%,19,2830,2849,2830,19,0,0
0x9a7cab,96.6725%,19,552,571,544,15,4,8
0x509d18,98.2944%,19,1095,1114,126,10,9,969
0x4b6d4e,81.1881%,19,82,101,19,11,8,63
0x805a89,91.63%,19,208,227,170,11,8,38
0x8eb844,98.1905%,19,1031,1050,275,11,8,756
0x90aa1d,66.6667%,19,38,57,6,5,14,32
0xa30a3c,94.0439%,19,300,319,111,13,6,189
0x821055,65.4545%,19,36,55,21,9,10,15
0xa32ffc,82.7273%,19,91,110,25,7,12,66
0x78cd7e,97.8161%,19,851,870,0,0,19,851
0xa51c14,76.25%,19,61,80,13,11,8,48
0x5d8737,36.6667%,19,11,30,11,19,0,0
0x9ed73c,67.7966%,19,40,59,13,8,11,27
0x5ee1cd,89.2655%,19,158,177,0,0,19,158
0xb3138e,98.0392%,19,950,969,0,0,19,950
0xaadef7,99.7876%,19,8925,8944,0,0,19,8925
0x40e39f,98.2226%,19,1050,1069,1,5,14,1049
0xa96a28,68.8525%,19,42,61,14,7,12,28
0x821858,85.3846%,19,111,130,31,10,9,80
0x5357ae,85.1562%,19,109,128,53,14,5,56
0x590854,99.1167%,19,2132,2151,1863,11,8,269
0xa2cb33,97.87%,19,873,892,873,19,0,0
0xa439d4,90.5473%,19,182,201,9,6,13,173
0x510690,98.469%,19,1222,1241,642,6,13,580
0x811bd7,97.5293%,19,750,769,264,7,12,486
0x65a024,99.0251%,19,1930,1949,1784,13,6,146
0xb2e734,99.7624%,19,7976,7995,0,0,19,7976
0x402cee,97.8579%,19,868,887,7,4,15,861
0x552b61,40.625%,19,13,32,11,17,2,2
0x55232a,99.0673%,19,2018,2037,2018,19,0,0
0x8e27a8,99.8304%,19,11186,11205,11186,19,0,0
0x9f7b2a,89.2655%,19,158,177,84,8,11,74
0x78d83e,97.1935%,19,658,677,5,4,15,653
0x53aeeb,64.1509%,19,34,53,28,13,6,6
0x49eeb2,72.8571%,19,51,70,0,14,5,51
0x60de75,95.3086%,19,386,405,137,8,11,249
0x5d7af5,98.4739%,19,1226,1245,1224,17,2,2
0x58da71,90.9091%,19,190,209,17,9,10,173
0x8e9f4c,99.2357%,19,2467,2486,80,13,6,2387
0x8db6d8,96.4015%,19,509,528,47,3,16,462
0xa916f3,90.2564%,19,176,195,146,13,6,30
0xa0263e,29.6296%,19,8,27,8,19,0,0
0x8e39a2,52.5%,19,21,40,1,7,12,20
0x5cb099,97.8555%,19,867,886,0,0,19,867
0x510fd8,99.2239%,19,2429,2448,0,1,18,2429
0xa39d67,98.5573%,19,1298,1317,537,8,11,761
0xb2e717,99.7624%,19,7976,7995,7976,19,0,0
0x6042c4,89.2655%,19,158,177,0,12,7,158
0x4b6a27,84.1667%,19,101,120,85,9,10,16
0x833f7e,76.25%,19,61,80,1,9,10,60
0x8f562a,96.7071%,19,558,577,374,12,7,184
0xa9e145,90.6404%,19,184,203,153,10,9,31
0x9eb776,81%,19,81,100,4,10,9,77
0x609878,95.2261%,19,379,398,288,9,10,91
0x5344b0,99.7871%,19,8907,8926,0,0,19,8907
0x5bceed,94.0994%,19,303,322,43,8,11,260
0xa345ef,91.5556%,19,206,225,120,14,5,86
0x9f7b6e,80.6122%,19,79,98,76,9,10,3
0x48b173,77.907%,19,67,86,30,13,6,37
0x60a700,98.8934%,19,1698,1717,0,0,19,1698
0x98cceb,86.6197%,19,123,142,123,19,0,0
0x9f4433,88.6905%,19,149,168,74,17,2,75
0x94d80a,96.4419%,19,515,534,515,19,0,0
0xa5ee25,95.3086%,19,386,405,24,13,6,362
0x811e87,99.2388%,19,2477,2496,69,14,5,2408
0x5b9cba,70.3125%,19,45,64,30,8,11,15
0xaa63ac,96.2525%,19,488,507,488,19,0,0
0x533cdc,68.3333%,19,41,60,0,0,19,41
0x556bbe,92.549%,19,236,255,8,0,19,228
0xb14941,99.5538%,19,4239,4258,0,0,19,4239
0x944cfb,97.3721%,19,704,723,655,10,9,49
0xa5728d,63.4615%,19,33,52,4,7,12,29
0x5fe134,95.8874%,19,443,462,224,7,12,219
0x51b4e3,98.5063%,19,1253,1272,766,11,8,487
0xa575a3,72.0588%,19,49,68,31,10,9,18
0x5387e0,99.5643%,19,4342,4361,0,0,19,4342
0x6670db,98.0943%,19,978,997,21,9,10,957
0x507c15,96.6899%,19,555,574,120,16,3,435
0x9ed934,86.2319%,19,119,138,3,9,10,116
0x507886,97.4324%,19,721,740,156,10,9,565
0xa4194c,50%,19,19,38,16,8,11,3
0x981490,75%,19,57,76,18,9,10,39
0x94b3d5,96.6192%,19,543,562,543,19,0,0
0x49ff3c,99.5405%,19,4116,4135,1009,10,9,3107
0xaa29b0,84.6774%,19,105,124,105,19,0,0
0x8bb64f,80%,19,76,95,49,9,10,27
0x54ec1e,99.075%,19,2035,2054,0,0,19,2035
0x98cfdb,90.8654%,19,189,208,101,17,2,88
0x404117,96%,19,456,475,0,0,19,456
0x5f555d,66.0714%,19,37,56,1,15,4,36
0x58fe67,98.1262%,19,995,1014,748,12,7,247
0xa42828,91.5556%,19,206,225,37,13,6,169
0x9ed38d,96.7905%,19,573,592,131,7,12,442
0x90979f,98.9757%,19,1836,1855,1730,8,11,106
0x8c7304,99.3298%,19,2816,2835,2722,8,11,94
0x50cbd5,67.2414%,19,39,58,2,10,9,37
0xa3409c,91.5556%,19,206,225,191,9,10,15
0xad7b0e,97.4868%,19,737,756,0,0,19,737
0x97a420,63.4615%,19,33,52,24,10,9,9
0x4102b6,97.8652%,19,871,890,813,2,17,58
0x902243,98.8791%,19,1676,1695,5,5,14,1671
0x4fdb8c,94.0439%,19,300,319,0,0,19,300
0x591468,96.5201%,19,527,546,8,9,10,519
0x542d05,99.0821%,19,2051,2070,2051,19,0,0
0x90e55b,96.8491%,19,584,603,584,19,0,0
0x5429e3,99.1699%,19,2270,2289,2270,19,0,0
0x4045fb,81.1881%,19,82,101,79,13,6,3
0x53493b,72.7273%,18,48,66,0,0,18,48
0x547415,88.1579%,18,134,152,134,18,0,0
0x804b97,92.2414%,18,214,232,206,9,9,8
0x5cd3b4,85.9375%,18,110,128,72,3,15,38
0x94d8f9,97.6159%,18,737,755,688,9,9,49
0x58cdb3,89.0909%,18,147,165,35,8,10,112
0x8e4d93,98.8327%,18,1524,1542,1032,1,17,492
0xaa5374,99.3088%,18,2586,2604,6,15,3,2580
0x8e0452,98.4211%,18,1122,1140,559,11,7,563
0x835dc2,52.6316%,18,20,38,17,1,17,3
0x63f9ec,99.3612%,18,2800,2818,2800,18,0,0
0x8122ce,91.6279%,18,197,215,126,8,10,71
0x9a9318,92.3077%,18,216,234,164,13,5,52
0x53c38b,88.3117%,18,136,154,123,9,9,13
0x8b9e87,98.4694%,18,1158,1176,55,0,18,1103
0xa60a1d,94.0789%,18,286,304,0,0,18,286
0x8fe347,99.8844%,18,15558,15576,11,4,14,15547
0xa51204,60.8696%,18,28,46,27,7,11,1
0xb2fae7,99.7853%,18,8367,8385,8367,18,0,0
0x80767b,94.0789%,18,286,304,10,8,10,276
0x64addb,99.9263%,18,24421,24439,24421,18,0,0
0x597219,87.3239%,18,124,142,0,0,18,124
0x8ff208,85%,18,102,120,78,10,8,24
0x5906e2,93.662%,18,266,284,263,14,4,3
0x510eaa,99.2698%,18,2447,2465,2331,3,15,116
0x6117d7,74.6479%,18,53,71,21,12,6,32
0x54f337,98.2266%,18,997,1015,0,0,18,997
0x541219,99.826%,18,10326,10344,0,0,18,10326
0x8e4bed,99.4859%,18,3483,3501,1,11,7,3482
0x8ee0c8,91%,18,182,200,17,13,5,165
0x8dee34,97.9866%,18,876,894,873,7,11,3
0xb34603,92%,18,207,225,0,0,18,207
0x643788,53.8462%,18,21,39,21,18,0,0
0x5017eb,99.4772%,18,3425,3443,0,0,18,3425
0x50b348,55%,18,22,40,20,11,7,2
0xa26565,98.9254%,18,1657,1675,0,0,18,1657
0xa589de,87.6712%,18,128,146,3,5,13,125
0x648beb,30.7692%,18,8,26,8,5,13,0
0x54d7e4,53.8462%,18,21,39,7,9,9,14
0x8fe054,99.405%,18,3007,3025,0,0,18,3007
0x4c6eea,78.3133%,18,65,83,45,5,13,20
0x4a6f59,96.4775%,18,493,511,0,0,18,493
0xa40fa3,96.5909%,18,510,528,503,14,4,7
0x59299a,97.3254%,18,655,673,19,16,2,636
0x60de10,83.4862%,18,91,109,18,10,8,73
0x4021ec,98.9916%,18,1767,1785,1767,18,0,0
0x48cfed,98.3972%,18,1105,1123,1104,7,11,1
0x4c052b,79.0698%,18,68,86,28,14,4,40
0xb18269,98.209%,18,987,1005,794,9,9,193
0x8a34e5,96.3415%,18,474,492,472,18,0,2
0x404d75,99.855%,18,12398,12416,2946,14,4,9452
0xa05279,57.1429%,18,24,42,5,8,10,19
0x5407b9,97.1698%,18,618,636,587,13,5,31
0x5fe9db,75.6757%,18,56,74,16,15,3,40
0x8224c6,96.6229%,18,515,533,32,14,4,483
0x81b400,90.4255%,18,170,188,169,8,10,1
0x94d601,96.8085%,18,546,564,546,18,0,0
0x9f3898,95.3488%,18,369,387,2,9,9,367
0x8c8292,98.0973%,18,928,946,37,9,9,891
0xa5d7df,94.7522%,18,325,343,325,18,0,0
0x5f7a54,91.3043%,18,189,207,166,10,8,23
0x51b51d,5.26316%,18,1,19,1,18,0,0
0x410292,89.0909%,18,147,165,106,5,13,41
0x5f79ab,92.2414%,18,214,232,4,12,6,210
0x402321,99.6503%,18,5130,5148,0,0,18,5130
0x5f8682,89.2216%,18,149,167,129,6,12,20
0x9e0b55,92.9961%,18,239,257,0,0,18,239
0x9e3cc7,67.2727%,18,37,55,28,13,5,9
0x8fe9fa,98.7078%,18,1375,1393,1371,9,9,4
0x4b5a55,98.8608%,18,1562,1580,69,13,5,1493
0xa9e217,92.4051%,18,219,237,23,11,7,196
0x80e9bc,96.7153%,18,530,548,510,10,8,20
0x5f7eed,86.6667%,18,117,135,110,17,1,7
0x976e15,92.6829%,18,228,246,0,0,18,228
0x402024,97.9118%,18,844,862,2,9,9,842
0x90ebbd,91%,18,182,200,182,18,0,0
0x8dba3a,92.5%,18,222,240,222,2,16,0
0x835c31,52.6316%,18,20,38,20,18,0,0
0xa58ad9,86.9565%,18,120,138,17,12,6,103
0x9f7a77,83.9286%,18,94,112,9,11,7,85
0x5411fd,99.5028%,18,3602,3620,3602,18,0,0
0xa3585f,97.6127%,18,736,754,0,0,18,736
0x5cd2f6,86.2595%,18,113,131,56,11,7,57
0xb14a33,99.5194%,18,3727,3745,3727,18,0,0
0x53d8a1,91.4286%,18,192,210,174,9,9,18
0x58be4b,76.3158%,18,58,76,58,18,0,0
0x534db3,99.8741%,18,14279,14297,0,0,18,14279
0x40aa26,66.6667%,18,36,54,11,15,3,25
0x5c3313,90.5759%,18,173,191,57,7,11,116
0x40254f,96.4981%,18,496,514,496,18,0,0
0xa522f9,81.4433%,18,79,97,64,9,9,15
0x4b5791,82.3529%,18,84,102,8,10,8,76
0x511d88,99.1363%,18,2066,2084,373,11,7,1693
0xa2f2f7,90.5263%,18,172,190,86,11,7,86
0x9be3d6,62.5%,18,30,48,4,10,8,26
0x50c38b,97.0779%,18,598,616,0,0,18,598
0x509633,78.0488%,18,64,82,64,18,0,0
0x976dc7,98.7755%,18,1452,1470,26,12,6,1426
0x7b6366,87.234%,18,123,141,84,12,6,39
0x977532,92.9688%,18,238,256,52,10,8,186
0x81fc0f,91.4692%,18,193,211,189,8,10,4
0x53b21c,63.2653%,18,31,49,2,6,12,29
0x9742e5,92.6829%,18,228,246,0,0,18,228
0x60a8b3,98.9286%,18,1662,1680,407,15,3,1255
0xa33832,52.6316%,18,20,38,5,8,10,15
0x5481dd,99.738%,18,6851,6869,0,0,18,6851
0x4b9efa,95.1872%,18,356,374,17,13,5,339
0x8fe47b,99.8242%,18,10218,10236,0,0,18,10218
0x818ddc,97.8235%,18,809,827,40,11,7,769
0x5f6d6b,55%,18,22,40,5,6,12,17
0x404c48,14.2857%,18,3,21,3,18,0,0
0x541220,99.826%,18,10326,10344,10326,18,0,0
0xa2dfec,79.0698%,18,68,86,58,10,8,10
0x8df562,66.6667%,18,36,54,3,9,9,33
0x8d32fa,64.7059%,18,33,51,18,9,9,15
0x8dd889,97.0443%,18,591,609,405,4,14,186
0x5b9dbf,62.5%,18,30,48,17,6,12,13
0x4bbef1,98.1132%,18,936,954,223,15,3,713
0x820f3b,92.5311%,18,223,241,0,0,18,223
0x5d1bee,83.6364%,18,92,110,92,18,0,0
0xa28173,94.6269%,18,317,335,109,17,1,208
0x4ba398,98.0066%,18,885,903,52,10,8,833
0x5d1a4b,83.6364%,18,92,110,43,5,13,49
0x9496bd,77.2152%,18,61,79,61,18,0,0
0x58f263,97.8129%,18,805,823,754,17,1,51
0xb0a061,96.7568%,18,537,555,342,3,15,195
0x50ca26,97.8022%,18,801,819,791,8,10,10
0x81e641,96.5451%,18,503,521,463,12,6,40
0x9a1e56,83.7838%,18,93,111,23,7,11,70
0x908ca3,99.7748%,18,7976,7994,3707,13,5,4269
0x77fdd8,97.1519%,18,614,632,153,5,13,461
0x48d878,98.9899%,18,1764,1782,0,0,18,1764
0xa35519,93.8567%,18,275,293,4,10,8,271
0x5fc218,62.5%,18,30,48,3,11,7,27
0x4a1d1b,98.7637%,18,1438,1456,0,0,18,1438
0x5f8cfd,79.7753%,18,71,89,42,11,7,29
0xa31348,87.3239%,18,124,142,43,14,4,81
0x781828,84.0708%,18,95,113,91,16,2,4
0x59e611,78.5714%,18,66,84,46,10,8,20
0xb32432,98.1424%,18,951,969,0,0,18,951
0x50bb07,41.9355%,18,13,31,13,18,0,0
0x4825aa,52.6316%,18,20,38,13,6,12,7
0x7c66c5,89.0244%,18,146,164,139,17,1,7
0xa01b9e,73.5294%,18,50,68,43,9,9,7
0x858e6c,97.3723%,18,667,685,667,10,8,0
0x537390,85.9375%,18,110,128,110,18,0,0
0x502249,98.4496%,18,1143,1161,1143,13,5,0
0x5edc44,98.2178%,18,992,1010,992,18,0,0
0x834225,85.9375%,18,110,128,3,15,3,107
0x8eec9a,97.2435%,18,635,653,3,1,17,632
0xa074d9,60.8696%,18,28,46,13,9,9,15
0xa9ed87,77.7778%,18,63,81,59,8,10,4
0x9eb2cd,73.5294%,18,50,68,49,7,11,1
0x5fefc9,66.0377%,18,35,53,4,9,9,31
0xa46bea,92.1739%,18,212,230,5,8,10,207
0xab2d18,79.3103%,18,69,87,1,7,11,68
0x64845b,95.9732%,18,429,447,159,11,7,270
0x6434df,99.0441%,18,1865,1883,1865,18,0,0
0x40238e,96.9336%,18,569,587,569,18,0,0
0x48a85f,99.1354%,18,2064,2082,2064,18,0,0
0x489cad,99.8233%,18,10169,10187,0,0,18,10169
0x9a7554,55%,18,22,40,18,4,14,4
0x5ff80a,94.5619%,18,313,331,27,12,6,286
0x9f3f38,91.2621%,18,188,206,184,12,6,4
0x80f53f,99.3608%,18,2798,2816,2629,11,7,169
0x8fddf5,98.5992%,18,1267,1285,1267,18,0,0
0x58baf7,83.6364%,18,92,110,68,14,4,24
0x81067a,89.0244%,18,146,164,125,5,13,21
0x5ebb8d,97.8923%,18,836,854,836,18,0,0
0x8ad925,79.5455%,18,70,88,66,5,13,4
0x90430e,96.9543%,18,573,591,573,4,14,0
0x511aad,99.3649%,18,2816,2834,2816,18,0,0
0x4b6b4c,70.4918%,18,43,61,26,6,12,17
0xa33eac,65.3846%,18,34,52,34,18,0,0
0x8dee5e,97.9545%,18,862,880,862,5,13,0
0x5fe847,96.9748%,18,577,595,183,13,5,394
0x4bcb9d,85%,18,102,120,70,8,10,32
0xa41f79,95.2128%,18,358,376,0,0,18,358
0x40488b,95.466%,18,379,397,131,16,2,248
0x80fa3e,86.1538%,18,112,130,58,16,2,54
0x405755,99.3284%,18,2662,2680,2554,4,14,108
0x50cbcc,72.7273%,18,48,66,8,11,7,40
0x8e7ea9,94.5619%,18,313,331,313,2,16,0
0x9fc843,91.8182%,18,202,220,201,13,5,1
0x8dc1d4,99.2171%,18,2281,2299,652,16,2,1629
0xb2ffcb,97.5709%,18,723,741,0,0,18,723
0x8f75fa,88.535%,18,139,157,139,18,0,0
0x8ecf1b,94.3396%,18,300,318,285,11,7,15
0x8ea039,95.4887%,18,381,399,0,0,18,381
0x509d33,96.7332%,18,533,551,131,5,13,402
0x60a743,98.5915%,18,1260,1278,1260,18,0,0
0x8ef4e1,57.1429%,18,24,42,22,11,7,2
0x972fd4,75.3425%,18,55,73,14,13,5,41
0x54f1cc,58.1395%,18,25,43,3,3,15,22
0x489531,95.1872%,18,356,374,256,9,9,100
0xaae1b4,99.5228%,18,3754,3772,3754,18,0,0
0xb0c020,99.4934%,18,3535,3553,0,0,18,3535
0xa4dea7,85.124%,18,103,121,75,10,8,28
0x4b513b,85.9375%,18,110,128,0,0,18,110
0x5481eb,99.738%,18,6851,6869,36,4,14,6815
0x49dd65,35.7143%,18,10,28,0,0,18,10
0x5051fd,97.5676%,18,722,740,0,0,18,722
0x50d6f4,93.4545%,18,257,275,119,17,1,138
0x4bec93,89.7143%,18,157,175,92,13,5,65
0x90a942,78.3133%,18,65,83,65,18,0,0
0x9ed27a,96.0352%,18,436,454,385,12,6,51
0x510e7c,95.7245%,18,403,421,403,18,0,0
0x81bc70,69.4915%,18,41,59,32,8,10,9
0x8e03b5,98.4211%,18,1122,1140,273,12,6,849
0x58df38,91.3876%,18,191,209,55,15,3,136
0xa54f54,64.7059%,18,33,51,22,4,14,11
0x9a1f25,86.5672%,18,116,134,116,18,0,0
0x9e751e,93.8567%,18,275,293,132,9,9,143
0x64b51b,96.7033%,18,528,546,528,6,12,0
0xb314dd,95.7447%,18,405,423,0,2,16,405
0x97b7dd,86.6667%,18,117,135,105,9,9,12
0x40e6ca,78.3133%,18,65,83,4,11,7,61
0xa45b46,92%,18,207,225,197,9,9,10
0x8dc275,94.4444%,18,306,324,0,0,18,306
0xa917f0,43.75%,18,14,32,8,9,9,6
0x5bbb47,99.5323%,18,3831,3849,3767,7,11,64
0x8de97f,91%,18,182,200,182,18,0,0
0x402938,98.6957%,18,1362,1380,1057,11,7,305
0x681085,96.6972%,18,527,545,0,0,18,527
0x808843,95.8621%,18,417,435,96,12,6,321
0x675036,43.75%,18,14,32,9,7,11,5
0xa39413,35.7143%,18,10,28,10,4,14,0
0x6492da,83.0189%,18,88,106,21,9,9,67
0x9a7633,35.7143%,18,10,28,0,14,4,10
0x906bed,90.8163%,18,178,196,0,0,18,178
0x8bc8e9,99.8944%,18,17026,17044,17009,12,6,17
0x9a7261,40%,18,12,30,8,13,5,4
0x50d62e,98.5185%,18,1197,1215,128,5,13,1069
0x49f9c0,88.535%,18,139,157,49,11,7,90
0x558064,98.4224%,18,1123,1141,77,9,9,1046
0x59c56d,93.3086%,18,251,269,171,7,11,80
0x8dba20,94.2857%,18,297,315,65,10,8,232
0x90a9c7,68.4211%,18,39,57,39,18,0,0
0x816936,69.4915%,18,41,59,32,6,12,9
0x54f0d4,58.1395%,18,25,43,0,0,18,25
0x627699,60.8696%,18,28,46,28,18,0,0
0x548a3f,33.3333%,18,9,27,9,6,12,0
0x66643f,96.5649%,18,506,524,0,0,18,506
0xa57071,85.9375%,18,110,128,15,13,5,95
0xa05251,60%,18,27,45,5,9,9,22
0x48c878,97.3174%,18,653,671,652,9,9,1
0x5c361e,97.493%,18,700,718,700,18,0,0
0x814040,97.619%,18,738,756,495,9,9,243
0x4b665b,88.3871%,18,137,155,114,12,6,23
0x78149f,82.8571%,18,87,105,8,9,9,79
0x50137d,98.8834%,18,1594,1612,0,0,18,1594
0x551d3d,90.0552%,18,163,181,163,18,0,0
0x5fa2d1,92.8854%,18,235,253,85,11,7,150
0x4a137e,80.2198%,18,73,91,45,12,6,28
0x4049f8,93.0502%,18,241,259,158,4,14,83
0xa90ae6,78.0488%,18,64,82,64,9,9,0
0x7c66b3,90.7692%,18,177,195,27,4,14,150
0xb347b0,95.6416%,18,395,413,0,0,18,395
0xa312a6,67.3077%,17,35,52,21,8,9,14
0x6083e8,86.5079%,17,109,126,109,17,0,0
0x8dc22f,98.0482%,17,854,871,854,17,0,0
0x47f260,98.4142%,17,1055,1072,1055,17,0,0
0x5cf3e5,99.1057%,17,1884,1901,0,0,17,1884
0x7d1610,98.1542%,17,904,921,847,7,10,57
0xa55ed4,63.8298%,17,30,47,9,13,4,21
0x90e3cb,74.6269%,17,50,67,0,0,17,50
0x94c7c6,96.4509%,17,462,479,462,17,0,0
0x8a6275,91.6256%,17,186,203,52,15,2,134
0x5e59b3,97.8882%,17,788,805,788,17,0,0
0x59203f,82.2917%,17,79,96,75,17,0,4
0x543b55,91.866%,17,192,209,0,0,17,192
0x98fcf3,93.3852%,17,240,257,240,17,0,0
0x50aabe,73.8462%,17,48,65,39,16,1,9
0x512812,95.7179%,17,380,397,25,4,13,355
0x9ec2a9,66%,17,33,50,25,8,9,8
0x40d2ef,86.0656%,17,105,122,59,9,8,46
0x48ce24,99.5323%,17,3618,3635,3618,16,1,0
0x5f1147,94.4984%,17,292,309,0,10,7,292
0x556f1e,69.0909%,17,38,55,20,7,10,18
0x8e4d88,96.6601%,17,492,509,0,0,17,492
0x48ee2f,90.8602%,17,169,186,167,11,6,2
0x8df13c,99.4904%,17,3319,3336,3317,12,5,2
0x9a680e,98.8629%,17,1478,1495,1334,14,3,144
0x40303f,78.75%,17,63,80,6,5,12,57
0x8f3605,97.2447%,17,600,617,235,4,13,365
0x643231,95.5381%,17,364,381,0,0,17,364
0x9ee5d4,88.8158%,17,135,152,86,9,8,49
0xa055da,73.4375%,17,47,64,29,4,13,18
0x942c1c,96.7619%,17,508,525,508,17,0,0
0x53e2ab,99.729%,17,6256,6273,6256,17,0,0
0x981454,80%,17,68,85,3,5,12,65
0x788c9e,65.3061%,17,32,49,12,14,3,20
0x8ecba7,75%,17,51,68,11,5,12,40
0xa33d21,98.0571%,17,858,875,517,11,6,341
0x4a9ee5,91.3265%,17,179,196,176,6,11,3
0x50e346,82.4742%,17,80,97,76,3,14,4
0x502080,69.0909%,17,38,55,8,16,1,30
0xa021eb,37.037%,17,10,27,0,0,17,10
0x9a76a0,96.8978%,17,531,548,531,17,0,0
0xa35fa5,97.084%,17,566,583,560,8,9,6
0x9eef23,85.8333%,17,103,120,30,15,2,73
0x4c7050,79.5181%,17,66,83,37,6,11,29
0x4897f3,54.0541%,17,20,37,1,11,6,19
0x9a4673,98.2635%,17,962,979,286,5,12,676
0x5c336c,85.8333%,17,103,120,103,17,0,0
0x9a6073,39.2857%,17,11,28,1,13,4,10
0x9aa674,91.0995%,17,174,191,118,9,8,56
0xaad9f8,94.0972%,17,271,288,0,0,17,271
0x504c78,84.2593%,17,91,108,22,16,1,69
0x9f95cc,84.4037%,17,92,109,26,8,9,66
0xa42add,98.0233%,17,843,860,0,0,17,843
0x4040cb,99.1951%,17,2095,2112,2095,17,0,0
0x502116,78.2051%,17,61,78,26,8,9,35
0x8f3667,85.3448%,17,99,116,3,12,5,96
0x60e354,96.1798%,17,428,445,424,7,10,4
0xa25af6,98.3218%,17,996,1013,0,0,17,996
0x81a6a2,99.8696%,17,13021,13038,13021,17,0,0
0x533b1b,97.2313%,17,597,614,0,0,17,597
0x48a6fa,99.1989%,17,2105,2122,0,0,17,2105
0xa41a6f,99.4112%,17,2870,2887,2851,8,9,19
0x8ebadf,96.1969%,17,430,447,0,12,5,430
0x8e313f,99.1401%,17,1960,1977,1960,12,5,0
0xb3266f,99.7361%,17,6425,6442,0,0,17,6425
0x40f65f,99.7526%,17,6854,6871,0,0,17,6854
0x4045f4,87.7698%,17,122,139,30,8,9,92
0x552ad3,46.875%,17,15,32,0,0,17,15
0x8c7b70,98.203%,17,929,946,35,11,6,894
0x48ec25,95.3297%,17,347,364,347,10,7,0
0x9428c5,92.5764%,17,212,229,212,17,0,0
0x4022bf,98.9186%,17,1555,1572,1555,17,0,0
0xa5f8a3,95.1705%,17,335,352,335,9,8,0
0x409f24,79.0123%,17,64,81,19,11,6,45
0x8bcac3,91.5423%,17,184,201,177,15,2,7
0x53edc7,89.2405%,17,141,158,141,13,4,0
0x8f2b26,88.4354%,17,130,147,34,11,6,96
0x8de807,88.3562%,17,129,146,59,9,8,70
0xb0d439,90%,17,153,170,74,11,6,79
0x4b5dd3,89.6341%,17,147,164,42,8,9,105
0x5bacd8,88.8889%,17,136,153,15,9,8,121
0x50adc5,84.4037%,17,92,109,92,17,0,0
0x49af4e,88.5906%,17,132,149,131,13,4,1
0x9e269f,96.846%,17,522,539,522,17,0,0
0xa030b7,82.4742%,17,80,97,39,11,6,41
0x49f9d1,89.172%,17,140,157,0,15,2,140
0x4c8e3e,87.218%,17,116,133,14,6,11,102
0x58f8d0,70.6897%,17,41,58,2,9,8,39
0x8a8fa3,95.9524%,17,403,420,130,10,7,273
0xa54270,95.2113%,17,338,355,92,10,7,246
0x94479e,85.5932%,17,101,118,0,0,17,101
0x555e3e,98.4274%,17,1064,1081,1018,3,14,46
0x5fa9be,97.7454%,17,737,754,733,3,14,4
0x50503e,82.4742%,17,80,97,11,16,1,69
0x98f949,93.3852%,17,240,257,0,0,17,240
0x53b31d,93.2271%,17,234,251,42,12,5,192
0x7235b4,98.8243%,17,1429,1446,0,0,17,1429
0xa529b3,95.4787%,17,359,376,175,13,4,184
0x8db91d,92.9167%,17,223,240,223,1,16,0
0xaa4740,90.6593%,17,165,182,153,13,4,12
0x8aa849,97.6871%,17,718,735,0,0,17,718
0x7c7212,86.8217%,17,112,129,109,8,9,3
0x8f5f4e,85.7143%,17,102,119,30,10,7,72
0xb2e667,99.92%,17,21237,21254,0,0,17,21237
0x508ce3,70.6897%,17,41,58,36,8,9,5
0x9ef392,71.6667%,17,43,60,30,8,9,13
0xaa4731,93.0612%,17,228,245,0,0,17,228
0x6094ce,97.867%,17,780,797,363,8,9,417
0x402e46,90.1163%,17,155,172,155,17,0,0
0x908ef9,99.4972%,17,3364,3381,760,5,12,2604
0x48cfd4,98.4835%,17,1104,1121,0,10,7,1104
0x5f0699,78.75%,17,63,80,3,9,8,60
0x555d28,83.4951%,17,86,103,56,9,8,30
0x537357,97.5575%,17,679,696,679,17,0,0
0xa505c3,77.6316%,17,59,76,35,3,14,24
0x816748,81.5217%,17,75,92,13,11,6,62
0xaa03c8,85.2174%,17,98,115,68,9,8,30
0x542f34,99.1787%,17,2053,2070,2053,17,0,0
0x4995a2,86.6142%,17,110,127,110,17,0,0
0x48a2e4,99.1862%,17,2072,2089,2072,17,0,0
0x606b22,92.4444%,17,208,225,208,17,0,0
0xa3121a,91.2371%,17,177,194,100,9,8,77
0xb32426,98.2456%,17,952,969,0,0,17,952
0x5b9a14,80.4598%,17,70,87,8,6,11,62
0xa02423,96.846%,17,522,539,0,0,17,522
0x591b85,88.8158%,17,135,152,30,12,5,105
0x5bd9df,99.565%,17,3891,3908,230,6,11,3661
0x9e0817,98.3748%,17,1029,1046,79,6,11,950
0xa26048,96.8343%,17,520,537,47,8,9,473
0x7ce0d8,99.1099%,17,1893,1910,1893,17,0,0
0x8fd402,99.019%,17,1716,1733,1716,16,1,0
0x80d4b0,84.5455%,17,93,110,80,10,7,13
0xb31397,98.2456%,17,952,969,0,0,17,952
0x9f4b25,86.0656%,17,105,122,31,11,6,74
0xa3a138,97.6519%,17,707,724,707,17,0,0
0x9a7496,67.9245%,17,36,53,1,13,4,35
0xaa3af9,70.1754%,17,40,57,33,5,12,7
0x51b34f,98.6635%,17,1255,1272,764,13,4,491
0x481a17,55.2632%,17,21,38,14,5,12,7
0x9091b9,98.4902%,17,1109,1126,1109,17,0,0
0x8e74b2,95.8128%,17,389,406,319,4,13,70
0xb2ad2b,98.3622%,17,1021,1038,0,0,17,1021
0x8c728a,85.7143%,17,102,119,1,11,6,101
0x403e9b,99.4551%,17,3103,3120,627,16,1,2476
0x58eb6a,99.6747%,17,5209,5226,5209,17,0,0
0x902910,83.4951%,17,86,103,82,10,7,4
0x48c75a,70.6897%,17,41,58,11,8,9,30
0x539220,77.9221%,17,60,77,39,5,12,21
0x94b78b,78.481%,17,62,79,62,17,0,0
0xb0a11b,91.9048%,17,193,210,0,0,17,193
0x94975f,78.481%,17,62,79,62,17,0,0
0x9ea44f,94.4079%,17,287,304,11,11,6,276
0x90190e,95.4907%,17,360,377,0,0,17,360
0x9e7543,95.75%,17,383,400,169,9,8,214
0x66d3fd,99.0623%,17,1796,1813,1510,2,15,286
0x8104aa,89.375%,17,143,160,107,5,12,36
0x60a7e3,90.8108%,17,168,185,63,9,8,105
0x9d2671,83%,17,83,100,55,7,10,28
0xb0ba26,99.6914%,17,5492,5509,1414,12,5,4078
0x50e81f,60.4651%,17,26,43,23,6,11,3
0x54195e,99.3694%,17,2679,2696,0,0,17,2679
0xa9cf71,77.9221%,17,60,77,60,15,2,0
0x50be34,97.069%,17,563,580,35,16,1,528
0xad7bf6,80.4598%,17,70,87,0,0,17,70
0x99e90b,83.8095%,17,88,105,43,7,10,45
0x40e582,98.9814%,17,1652,1669,1652,17,0,0
0x58d491,81.5217%,17,75,92,66,16,1,9
0x5469c8,99.0428%,17,1759,1776,1757,11,6,2
0xa58d39,82.2917%,17,79,96,0,0,17,79
0xa2f9fa,78.2051%,17,61,78,60,14,3,1
0x4bc0dd,98.6862%,17,1277,1294,1269,10,7,8
0x81be64,92.7966%,17,219,236,19,13,4,200
0x97823a,87.218%,17,116,133,106,8,9,10
0x976e5c,50%,17,17,34,17,17,0,0
0x5fc74d,64.5833%,17,31,48,4,10,7,27
0x9ff5d3,57.5%,17,23,40,6,10,7,17
0x610b8c,93.9068%,17,262,279,10,8,9,252
0x405053,19.0476%,17,4,21,0,0,17,4
0x977fce,87.7698%,17,122,139,0,0,17,122
0xa393bf,98.1257%,17,890,907,890,17,0,0
0xa57c76,58.5366%,17,24,41,7,7,10,17
0x807648,96.9091%,17,533,550,49,10,7,484
0x5de6c8,98.6301%,17,1224,1241,426,5,12,798
0x8a9278,99.0545%,17,1781,1798,318,10,7,1463
0x8aed85,92.3767%,17,206,223,7,7,10,199
0x9c3ee0,80.2326%,17,69,86,47,7,10,22
0x405e27,76.3889%,17,55,72,35,7,10,20
0x5387cd,99.7602%,17,7073,7090,0,0,17,7073
0xb326b8,99.7361%,17,6425,6442,0,0,17,6425
0xb30224,29.1667%,17,7,24,0,2,15,7
0x901f8c,99.6377%,17,4675,4692,0,0,17,4675
0x485fae,97.1667%,17,583,600,583,9,8,0
0x402c26,98.9025%,17,1532,1549,1532,17,0,0
0x8e7ea4,78.481%,17,62,79,0,0,17,62
0x8a253d,93.9502%,17,264,281,0,0,17,264
0xa60a27,94.4079%,17,287,304,0,0,17,287
0x60834b,94.3333%,17,283,300,196,13,4,87
0xa5919a,85.7143%,17,102,119,102,17,0,0
0x9a12a4,91.6256%,17,186,203,43,8,9,143
0x60dda9,97.5645%,17,681,698,155,17,0,526
0x5b152b,96.6068%,17,484,501,350,4,13,134
0x8a6433,86.0656%,17,105,122,7,10,7,98
0xa022ae,98.5153%,17,1128,1145,0,0,17,1128
0x63902e,93.8628%,17,260,277,250,2,15,10
0x4bf240,80.2326%,17,69,86,28,3,14,41
0x50bccf,57.5%,17,23,40,7,9,8,16
0xa9748b,88.5906%,17,132,149,99,11,6,33
0x4898e1,95.5497%,17,365,382,0,8,9,365
0x410057,65.3061%,17,32,49,13,5,12,19
0xb31375,98.2456%,17,952,969,0,0,17,952
0x5c56ab,92.3767%,17,206,223,0,0,17,206
0x9fb60e,94.4444%,17,289,306,82,9,8,207
0xa90364,88.7417%,17,134,151,9,11,6,125
0x5de2e4,98.6301%,17,1224,1241,1224,17,0,0
0x9ab741,80.8989%,17,72,89,72,9,8,0
0x49ec3b,89.441%,17,144,161,0,0,17,144
0x4104f6,99.6984%,17,5619,5636,5619,17,0,0
0x8dc25d,97.8149%,17,761,778,414,10,7,347
0xa3ba77,88.1944%,17,127,144,3,11,6,124
0x63ea39,98.6983%,17,1289,1306,1289,17,0,0
0x4897ed,54.0541%,17,20,37,0,0,17,20
0x9f447c,81.3187%,17,74,91,57,12,5,17
0x5cf5e6,98.777%,17,1373,1390,1373,17,0,0
0x5f649d,77.9221%,17,60,77,57,4,13,3
0x4be9c1,91.9048%,17,193,210,55,15,2,138
0x551da2,90.6077%,17,164,181,162,10,7,2
0x481eff,55.2632%,17,21,38,14,5,12,7
0x807716,99.5223%,17,3542,3559,270,12,5,3272
0x5edc4e,98.3168%,17,993,1010,993,17,0,0
0x5d0e1e,98.6345%,17,1228,1245,1228,17,0,0
0x4c2020,94.586%,17,297,314,145,10,7,152
0x90ad82,98.231%,17,944,961,809,3,14,135
0x5d7cdc,98.6345%,17,1228,1245,424,7,10,804
0x402260,99.0058%,17,1693,1710,1693,17,0,0
0x94d9eb,80.6818%,17,71,88,44,8,9,27
0x8e2396,99.8692%,17,12977,12994,12977,17,0,0
0x5dea63,98.6301%,17,1224,1241,1224,17,0,0
0x54381b,87.9433%,17,124,141,122,8,9,2
0x9f05e5,97.7922%,17,753,770,638,7,10,115
0xa521b4,88.961%,17,137,154,69,8,9,68
0x8ff0a8,90.3409%,17,159,176,77,11,6,82
0x54f999,75%,17,51,68,16,9,8,35
0xa5ce23,89.697%,17,148,165,119,7,10,29
0x40f60b,99.5802%,17,4033,4050,4033,17,0,0
0x405178,99.7947%,17,8265,8282,0,0,17,8265
0x5be809,60.4651%,17,26,43,13,9,8,13
0x49a280,85.3448%,17,99,116,99,17,0,0
0x90be4b,98.231%,17,944,961,825,17,0,119
0x53c572,95.6633%,17,375,392,373,8,9,2
0x50e56b,69.0909%,17,38,55,6,10,7,32
0x9494f8,98.7883%,17,1386,1403,0,0,17,1386
0x406cae,85.9504%,17,104,121,59,4,13,45
0x858f18,90.6077%,17,164,181,164,11,6,0
0x5d1e5b,84.5455%,17,93,110,93,17,0,0
0x5f768b,86.4%,17,108,125,85,10,7,23
0xb2fdcf,96.7619%,17,508,525,508,17,0,0
0x48a5dc,98.8284%,17,1434,1451,1434,17,0,0
0x540a1a,97.7089%,17,725,742,725,3,14,0
0xa2751e,94.7853%,17,309,326,309,17,0,0
0x9842fa,88.3562%,17,129,146,58,14,3,71
0xa511ec,69.6429%,17,39,56,38,5,12,1
0x9f5009,89.9408%,17,152,169,22,9,8,130
0x40e21d,96.1451%,17,424,441,1,3,14,423
0x8050ab,94.0075%,16,251,267,246,6,10,5
0x8eda06,88.8889%,16,128,144,5,13,3,123
0x833ee1,95.6284%,16,350,366,0,8,8,350
0x98b357,95.4023%,16,332,348,332,8,8,0
0x79313f,87.9699%,16,117,133,50,6,10,67
0x8fe140,77.7778%,16,56,72,56,16,0,0
0x4bb796,92.233%,16,190,206,190,8,8,0
0x677504,93.8462%,16,244,260,0,9,7,244
0x4a8508,69.8113%,16,37,53,31,12,4,6
0xa39d73,97.9275%,16,756,772,752,10,6,4
0x49db88,57.8947%,16,22,38,22,16,0,0
0x65a201,93.7008%,16,238,254,1,5,11,237
0x4997d3,72.8814%,16,43,59,9,7,9,34
0x9021db,92.1182%,16,187,203,76,10,6,111
0x9d1ccc,57.8947%,16,22,38,1,15,1,21
0x4045a9,92.8571%,16,208,224,0,0,16,208
0x534ce1,20%,16,4,20,4,16,0,0
0xa34011,97.1119%,16,538,554,252,2,14,286
0x5c6b1d,99.5541%,16,3572,3588,2,9,7,3570
0x502ad3,85.0467%,16,91,107,91,11,5,0
0x4a6feb,92.9204%,16,210,226,160,4,12,50
0x98141d,76.8116%,16,53,69,7,6,10,46
0x489b23,96.0976%,16,394,410,389,7,9,5
0x978568,94.4251%,16,271,287,271,16,0,0
0x90a14a,98.4405%,16,1010,1026,949,12,4,61
0x58c219,94.9686%,16,302,318,302,16,0,0
0x609768,80.7229%,16,67,83,0,0,16,67
0x4bb228,52.9412%,16,18,34,2,5,11,16
0xa54909,96.7146%,16,471,487,39,15,1,432
0x66f692,66.6667%,16,32,48,25,6,10,7
0x50779d,11.1111%,16,2,18,2,16,0,0
0x48de09,91.9192%,16,182,198,44,3,13,138
0x5fa7bc,88.4058%,16,122,138,69,0,16,53
0x82110e,97.9328%,16,758,774,0,0,16,758
0x980612,85.1852%,16,92,108,42,11,5,50
0x9fb774,94.7712%,16,290,306,78,13,3,212
0x40ec52,98.3351%,16,945,961,663,11,5,282
0x534aca,71.4286%,16,40,56,0,0,16,40
0x50e595,62.7907%,16,27,43,19,4,12,8
0x5388a6,98.6678%,16,1185,1201,1185,16,0,0
0x63d762,88.6525%,16,125,141,125,13,3,0
0x54393b,88.6525%,16,125,141,121,14,2,4
0xa487f4,92.7273%,16,204,220,169,9,7,35
0x50a0c9,78.9474%,16,60,76,6,8,8,54
0xa25f0d,91.4894%,16,172,188,135,6,10,37
0x50a112,71.4286%,16,40,56,36,11,5,4
0x80baab,86.5546%,16,103,119,69,6,10,34
0x48a777,98.6135%,16,1138,1154,1138,16,0,0
0x9e3866,95.4023%,16,332,348,0,0,16,332
0x835d35,57.8947%,16,22,38,0,0,16,22
0xb2e628,99.9247%,16,21238,21254,0,0,16,21238
0x53919b,96.9052%,16,501,517,500,6,10,1
0x780dac,98.0025%,16,785,801,785,8,8,0
0x534902,75.7576%,16,50,66,50,16,0,0
0x5ea993,96.3964%,16,428,444,199,13,3,229
0x5f8774,81.8182%,16,72,88,22,9,7,50
0x9017cb,70.3704%,16,38,54,24,3,13,14
0xa464a4,44.8276%,16,13,29,10,9,7,3
0xa43ca7,95.8656%,16,371,387,95,11,5,276
0x8a8c5c,97.265%,16,569,585,32,13,3,537
0x4885a6,99.4913%,16,3129,3145,0,0,16,3129
0xa51d66,80%,16,64,80,14,8,8,50
0x7c7081,89.9371%,16,143,159,45,7,9,98
0xb323ed,98.3488%,16,953,969,0,0,16,953
0x508ea7,85.4545%,16,94,110,21,13,3,73
0x90adab,89.2617%,16,133,149,0,0,16,133
0x49fd32,98.6577%,16,1176,1192,0,0,16,1176
0xa3a166,97.7901%,16,708,724,708,16,0,0
0x404655,72.8814%,16,43,59,41,16,0,2
0x50d8d5,71.9298%,16,41,57,8,12,4,33
0x5c6a99,99.5818%,16,3810,3826,0,0,16,3810
0x90a3fc,90.9091%,16,160,176,127,5,11,33
0x542fd3,71.4286%,16,40,56,40,8,8,0
0xa46644,93.4156%,16,227,243,3,8,8,224
0xa52a56,83.1579%,16,79,95,25,5,11,54
0x4b57bf,84.3137%,16,86,102,74,4,12,12
0x8f0c82,74.1935%,16,46,62,32,10,6,14
0x5d7dc8,98.7149%,16,1229,1245,1227,14,2,2
0xaa63ce,86.2069%,16,100,116,22,4,12,78
0x5c5181,51.5152%,16,17,33,0,0,16,17
0x404650,85.0467%,16,91,107,38,10,6,53
0xa9b837,94.702%,16,286,302,61,12,4,225
0x8ded44,96.3636%,16,424,440,181,9,7,243
0x4b4f8b,65.2174%,16,30,46,25,6,10,5
0x5fd733,88.2353%,16,120,136,30,14,2,90
0x67adc5,99.4197%,16,2741,2757,0,0,16,2741
0x489e3c,76.4706%,16,52,68,0,0,16,52
0xaab844,85.0467%,16,91,107,87,12,4,4
0xa0526e,75%,16,48,64,10,12,4,38
0x4a7aee,90.184%,16,147,163,147,16,0,0
0xa30533,97.4318%,16,607,623,161,8,8,446
0xa4b727,93.2489%,16,221,237,221,16,0,0
0x48c52c,88.7324%,16,126,142,78,10,6,48
0xa44304,67.3469%,16,33,49,17,10,6,16
0x9a6443,90.9091%,16,160,176,154,12,4,6
0x8bae0e,96.3883%,16,427,443,415,10,6,12
0x9e097b,60%,16,24,40,2,3,13,22
0x60a85c,96.7611%,16,478,494,414,8,8,64
0xaa060f,76.4706%,16,52,68,9,9,7,43
0x591f2a,99.574%,16,3740,3756,3703,1,15,37
0x8ed488,99.6555%,16,4628,4644,4628,5,11,0
0xa07a3f,75%,16,48,64,27,6,10,21
0x7d0ef7,96.0494%,16,389,405,357,12,4,32
0x495ed6,60.9756%,16,25,41,5,7,9,20
0x66685b,96.748%,16,476,492,476,16,0,0
0xa661ac,85.8407%,16,97,113,81,5,11,16
0x972501,92.7602%,16,205,221,205,16,0,0
0xb302a7,98.8973%,16,1435,1451,0,0,16,1435
0x5b0e7a,71.4286%,16,40,56,0,1,15,40
0x405ea1,61.9048%,16,26,42,22,8,8,4
0x972750,94.1392%,16,257,273,0,0,16,257
0x51b15a,5.88235%,16,1,17,1,16,0,0
0x60475e,96.2704%,16,413,429,0,0,16,413
0x910d94,99.591%,16,3896,3912,0,0,16,3896
0x5de1cb,98.7107%,16,1225,1241,1222,11,5,3
0x8f0b13,97.1781%,16,551,567,412,5,11,139
0xa5842b,87.5969%,16,113,129,109,10,6,4
0x5576d5,96.8992%,16,500,516,62,10,6,438
0x9a7a76,87.7863%,16,115,131,82,14,2,33
0x64a878,84.9057%,16,90,106,67,7,9,23
0xa27620,99.1862%,16,1950,1966,1950,16,0,0
0x9e3007,93.2489%,16,221,237,0,0,16,221
0x9059e9,94.6309%,16,282,298,282,16,0,0
0x4c4c6c,68%,16,34,50,22,13,3,12
0x807fe1,90.6977%,16,156,172,85,11,5,71
0x943ad1,88.6525%,16,125,141,120,12,4,5
0x40f35e,99.639%,16,4416,4432,0,0,16,4416
0x8e4dbf,96.0396%,16,388,404,87,14,2,301
0x81477a,98.3015%,16,926,942,419,10,6,507
0xa2e1c1,93.5743%,16,233,249,233,16,0,0
0x97851c,96.701%,16,469,485,469,16,0,0
0x4894b0,97.5155%,16,628,644,628,16,0,0
0x611713,96.9407%,16,507,523,0,10,6,507
0xb2e2f1,66.6667%,16,32,48,0,2,14,32
0x49dfd0,91.8367%,16,180,196,0,0,16,180
0x8a9862,99.6562%,16,4638,4654,2,10,6,4636
0x8bb0fa,96.0591%,16,390,406,390,16,0,0
0x9776a0,99.0326%,16,1638,1654,0,0,16,1638
0xb4676a,90.4192%,16,151,167,1,0,16,150
0x488de5,99.7199%,16,5697,5713,5697,16,0,0
0x60a67c,98.5375%,16,1078,1094,1078,16,0,0
0x980fb2,87.9699%,16,117,133,54,12,4,63
0xa591fc,86.5546%,16,103,119,103,16,0,0
0x94d9e2,69.8113%,16,37,53,37,16,0,0
0xaa3508,98.2684%,16,908,924,908,16,0,0
0xa52fb3,91.6667%,16,176,192,0,2,14,176
0x51c727,98.6678%,16,1185,1201,1185,16,0,0
0x511c2a,99.6064%,16,4049,4065,4049,16,0,0
0xb2e742,99.7999%,16,7979,7995,0,0,16,7979
0x94db4b,97.2743%,16,571,587,571,16,0,0
0x949754,79.7468%,16,63,79,0,0,16,63
0x8e7eb6,0%,16,0,16,0,16,0,0
0x4a815d,82.6087%,16,76,92,76,16,0,0
0x8142fc,99.187%,16,1952,1968,1631,9,7,321
0x533d02,73.3333%,16,44,60,0,0,16,44
0x8e5faa,94.052%,16,253,269,0,0,16,253
0x6069de,92.8889%,16,209,225,209,16,0,0
0x8def1c,96.2085%,16,406,422,0,0,16,406
0xaa5c3c,93.4426%,16,228,244,90,5,11,138
0x49bafe,96.7146%,16,471,487,471,10,6,0
0x4098e3,74.6032%,16,47,63,34,10,6,13
0x97a3fe,86.2069%,16,100,116,3,10,6,97
0xb0b09a,62.7907%,16,27,43,18,6,10,9
0x816896,92.9204%,16,210,226,176,3,13,34
0x53431e,84.1584%,16,85,101,0,0,16,85
0xa90b58,79.4872%,16,62,78,0,10,6,62
0xaa63d7,82.2222%,16,74,90,74,16,0,0
0x40dc27,92.7273%,16,204,220,204,16,0,0
0x97a634,88.3212%,16,121,137,93,8,8,28
0x643715,58.9744%,16,23,39,23,16,0,0
0x40e6b8,80.7229%,16,67,83,48,13,3,19
0x94dc44,97.2743%,16,571,587,571,16,0,0
0xa58d1e,89.0411%,16,130,146,45,5,11,85
0x80dd4d,99.1228%,16,1808,1824,1705,5,11,103
0x480102,57.8947%,16,22,38,7,12,4,15
0x901f6d,99.659%,16,4676,4692,4676,16,0,0
0x40aae6,76.8116%,16,53,69,13,12,4,40
0x60470f,90.9605%,16,161,177,0,0,16,161
0x541ef0,95.6044%,16,348,364,348,16,0,0
0x9426d6,98.8732%,16,1404,1420,1392,11,5,12
0xaa05ab,78.3784%,16,58,74,22,9,7,36
0xb32723,99.7516%,16,6426,6442,0,0,16,6426
0x9e24d3,95.9288%,16,377,393,144,6,10,233
0x643462,97.8638%,16,733,749,2,8,8,731
0x8fdb91,98.7587%,16,1273,1289,161,8,8,1112
0xa33575,99.4524%,16,2906,2922,234,8,8,2672
0x4816a5,57.8947%,16,22,38,12,7,9,10
0x973c67,84.466%,16,87,103,87,16,0,0
0x5ea979,96.5591%,16,449,465,224,9,7,225
0x542427,99.301%,16,2273,2289,0,0,16,2273
0x8f4c4b,84%,16,84,100,84,16,0,0
0x498631,84.3137%,16,86,102,0,0,16,86
0x5c6c46,99.2551%,16,2132,2148,1,1,15,2131
0x54381f,73.7705%,16,45,61,19,6,10,26
0xb17e8f,98.492%,16,1045,1061,1045,16,0,0
0x5cbda9,87.7863%,16,115,131,0,0,16,115
0x5cba45,89.6774%,16,139,155,16,8,8,123
0x5cba1b,89.6774%,16,139,155,16,8,8,123
0x5592e8,96.1071%,16,395,411,194,9,7,201
0xa02a3b,94.822%,16,293,309,286,11,5,7
0xb2ee4e,69.8113%,16,37,53,2,4,12,35
0x5407ca,97.4843%,16,620,636,620,4,12,0
0x9c3eca,81.3953%,16,70,86,0,0,16,70
0x50b71b,63.6364%,16,28,44,0,2,14,28
0x5026e9,98.6111%,16,1136,1152,349,10,6,787
0x405118,23.8095%,16,5,21,5,16,0,0
0x494c0b,62.7907%,16,27,43,8,7,9,19
0x984478,75.7576%,16,50,66,42,5,11,8
0x9aa1c4,76.8116%,16,53,69,25,10,6,28
0xa45b70,88.6525%,16,125,141,104,5,11,21
0x8e39c5,50%,16,16,32,16,16,0,0
0x9a4880,92.7273%,16,204,220,203,6,10,1
0x5c4b9a,99.1252%,16,1813,1829,0,0,16,1813
0x819cef,98.8148%,16,1334,1350,1326,4,12,8
0x944cd1,97.787%,16,707,723,707,16,0,0
0x402a41,99.7804%,16,7269,7285,7269,16,0,0
0x40292d,98.8406%,16,1364,1380,304,8,8,1060
0x649adb,84.9057%,16,90,106,65,9,7,25
0x9a756b,27.2727%,16,6,22,2,12,4,4
0x67e225,99.7404%,16,6148,6164,0,0,16,6148
0x807eec,90.6977%,16,156,172,68,8,8,88
0x4a5d29,70.9091%,16,39,55,0,0,16,39
0x405a55,97.9925%,16,781,797,6,8,8,775
0x543fc0,78.0822%,16,57,73,51,14,2,6
0x99c84c,98.1221%,16,836,852,747,7,9,89
0xa576b0,97.8836%,16,740,756,732,4,12,8
0x499013,96.3387%,16,421,437,101,11,5,320
0x9f6883,95.7105%,16,357,373,28,8,8,329
0x5118da,99.4978%,16,3170,3186,3170,16,0,0
0x50a6e3,88.2353%,16,120,136,42,4,12,78
0x9e03e9,98.2103%,16,878,894,50,9,7,828
0xab289b,99.818%,16,8777,8793,8777,16,0,0
0x40dc7d,99.1828%,16,1942,1958,1942,16,0,0
0x8f6479,95.6873%,16,355,371,344,11,5,11
0x490be5,60.9756%,16,25,41,16,10,6,9
0x50cd4a,86.3248%,16,101,117,0,0,16,101
0x551d13,83.8384%,16,83,99,73,12,4,10
0x403e17,99.74%,16,6137,6153,6127,14,2,10
0x9f580e,80%,16,64,80,40,10,6,24
0x8bcc43,77.1429%,16,54,70,54,16,0,0
0x5d7f30,97.5155%,16,628,644,209,12,4,419
0x59be34,97.619%,16,656,672,656,16,0,0
0xa53422,91.6667%,16,176,192,14,6,10,162
0x5071a3,97.8378%,16,724,740,593,11,5,131
0xa33aaa,98.806%,16,1324,1340,1259,9,7,65
0xa0294f,94.1392%,16,257,273,9,11,5,248
0x783d1d,89.7436%,16,140,156,0,0,16,140
0x64a4da,84.9057%,16,90,106,67,7,9,23
0x9f2a65,84.6154%,16,88,104,88,11,5,0
0x7c160c,94.4251%,16,271,287,80,6,10,191
0x7b2a8c,63.6364%,16,28,44,0,0,16,28
0x908d4e,99.7998%,16,7978,7994,3713,7,9,4265
0x609ce8,95.4674%,16,337,353,0,0,16,337
0x9f5a8e,85.1852%,16,92,108,21,7,9,71
0x50be62,54.2857%,16,19,35,0,0,16,19
0x48b205,95.6044%,16,348,364,348,16,0,0
0x64b0ae,99.9623%,16,42473,42489,1,1,15,42472
0x4ba139,85.3211%,16,93,109,21,12,4,72
0x94d7b4,97.1631%,16,548,564,0,0,16,548
0x80c01f,90.5325%,16,153,169,11,12,4,142
0x4c2031,89.9371%,16,143,159,39,16,0,104
0x8e25d5,99.6967%,16,5259,5275,97,13,3,5162
0x8f786e,89.8089%,16,141,157,0,0,16,141
0x49b1e7,98.3402%,16,948,964,46,5,11,902
0x5547e0,98.5891%,16,1118,1134,1118,16,0,0
0x49a14e,66.6667%,16,32,48,8,8,8,24
0x9429a0,93.0131%,16,213,229,141,13,3,72
0x506ab8,69.8113%,16,37,53,11,5,11,26
0x49c729,96.4989%,16,441,457,0,8,8,441
0x539324,88.8112%,16,127,143,127,5,11,0
0xa39cf7,97.8723%,16,736,752,736,16,0,0
0x402e64,90.6977%,16,156,172,57,6,10,99
0x8fd3e5,97.5%,16,624,640,30,5,11,594
0x8ea3e8,98.6939%,16,1209,1225,1209,16,0,0
0x7ce8f7,98.7529%,16,1267,1283,77,9,7,1190
0x9a92b8,93.6%,16,234,250,6,10,6,228
0x94d9d5,88.6525%,16,125,141,84,4,12,41
0x9eb78b,90.303%,16,149,165,81,5,11,68
0x53ab3c,65.9574%,16,31,47,3,3,13,28
0x970ebd,99.1026%,16,1767,1783,0,0,16,1767
0x904187,97.6879%,16,676,692,676,16,0,0
0x534604,99.63%,16,4308,4324,2,7,9,4306
0x40e740,99.1786%,16,1932,1948,1932,16,0,0
0x8aa7f9,98.6254%,16,1148,1164,0,0,16,1148
0xa40ea3,99.8479%,16,10505,10521,10505,16,0,0
0xa946bc,91.2791%,15,157,172,114,12,3,43
0x6485e0,73.2143%,15,41,56,41,15,0,0
0x48b9e4,99.2537%,15,1995,2010,1995,15,0,0
0x590649,99.4641%,15,2784,2799,354,11,4,2430
0xa588db,89.726%,15,131,146,35,7,8,96
0xa50001,81.4815%,15,66,81,2,12,3,64
0x8a6971,85.2941%,15,87,102,85,5,10,2
0x485ee5,62.5%,15,25,40,19,4,11,6
0x8dc213,98.3051%,15,870,885,5,9,6,865
0x48c7c3,82.5581%,15,71,86,0,2,13,71
0x40ebf9,93.2127%,15,206,221,86,12,3,120
0xa44264,69.3878%,15,34,49,34,15,0,0
0xa5950e,92.5743%,15,187,202,12,3,12,175
0x81232a,93.0233%,15,200,215,112,4,11,88
0x99e07c,46.4286%,15,13,28,5,8,7,8
0x53ed28,98.067%,15,761,776,761,11,4,0
0x9497c9,81.0127%,15,64,79,0,0,15,64
0x8dbbc4,95.2381%,15,300,315,300,15,0,0
0x51b5d9,99.7156%,15,5260,5275,5258,12,3,2
0xaa9f47,44.4444%,15,12,27,12,15,0,0
0xa54216,93.1507%,15,204,219,98,9,6,106
0x40a11a,77.6119%,15,52,67,49,5,10,3
0xa5303b,92.1875%,15,177,192,175,7,8,2
0x49eac0,64.2857%,15,27,42,5,14,1,22
0x65a08b,94.0711%,15,238,253,126,5,10,112
0xa42af7,98.2558%,15,845,860,845,15,0,0
0x5f7b45,91.018%,15,152,167,22,10,5,130
0x973b36,37.5%,15,9,24,6,9,6,3
0x639b86,76.9231%,15,50,65,50,15,0,0
0x4a2634,95.2978%,15,304,319,235,11,4,69
0xa48327,93.8017%,15,227,242,227,15,0,0
0xa46cb5,84.375%,15,81,96,81,7,8,0
0xaaae2d,91.9355%,15,171,186,0,0,15,171
0x97b7d5,91.4773%,15,161,176,34,7,8,127
0x8fed89,99.4898%,15,2925,2940,2925,15,0,0
0x9f1a10,96.0836%,15,368,383,367,6,9,1
0x9a9eaf,91.573%,15,163,178,35,6,9,128
0xa5864a,91.9786%,15,172,187,164,7,8,8
0x8118e7,63.4146%,15,26,41,6,11,4,20
0x591293,94.5255%,15,259,274,104,10,5,155
0x8bb400,96.696%,15,439,454,0,0,15,439
0x55228f,99.2636%,15,2022,2037,2022,15,0,0
0x81c040,95.4128%,15,312,327,0,11,4,312
0x8f5692,99.5925%,15,3666,3681,3658,11,4,8
0x51b797,99.6389%,15,4139,4154,4139,15,0,0
0x48e050,84.6939%,15,83,98,65,8,7,18
0x80600c,95.6897%,15,333,348,120,6,9,213
0x9fb84a,95.098%,15,291,306,80,11,4,211
0xa41d8c,99.2042%,15,1870,1885,0,0,15,1870
0x9117f4,51.6129%,15,16,31,16,15,0,0
0x602d4e,59.4595%,15,22,37,6,4,11,16
0xa2df25,61.5385%,15,24,39,14,8,7,10
0x5fa93a,96.9199%,15,472,487,101,10,5,371
0x8e9cbd,99.6662%,15,4479,4494,4479,10,5,0
0x8e278e,99.7213%,15,5367,5382,0,0,15,5367
0xa42944,99.4804%,15,2872,2887,882,9,6,1990
0x8d9ba4,98.9865%,15,1465,1480,0,0,15,1465
0x9f5ae8,81.25%,15,65,80,54,14,1,11
0x9e2521,90%,15,135,150,10,5,10,125
0x53516b,99.795%,15,7301,7316,7301,15,0,0
0xa302e8,86.3636%,15,95,110,0,9,6,95
0xaa7c60,76.5625%,15,49,64,41,13,2,8
0x8ff543,98.5089%,15,991,1006,991,15,0,0
0x558cfa,84.5361%,15,82,97,16,6,9,66
0xb147eb,99.6477%,15,4243,4258,0,0,15,4243
0x98ce3a,99.1944%,15,1847,1862,0,0,15,1847
0x604566,95.7627%,15,339,354,0,0,15,339
0x501ee1,92.3469%,15,181,196,0,5,10,181
0x643853,66.6667%,15,30,45,30,15,0,0
0xb3273f,99.7672%,15,6427,6442,0,0,15,6427
0x49e061,91.2281%,15,156,171,0,0,15,156
0x9ee172,90.6832%,15,146,161,142,13,2,4
0x54f693,99.7059%,15,5086,5101,5086,15,0,0
0x80c115,97.6452%,15,622,637,84,9,6,538
0x8f44a6,99.3814%,15,2410,2425,713,9,6,1697
0x4043ee,99.3713%,15,2371,2386,0,0,15,2371
0x94c646,97.331%,15,547,562,547,15,0,0
0x441461,97.4227%,15,567,582,0,0,15,567
0xa46a28,84.375%,15,81,96,81,7,8,0
0x80bfb4,81.25%,15,65,80,43,5,10,22
0x4bc7bd,64.2857%,15,27,42,2,1,14,25
0x402edf,86.2385%,15,94,109,93,10,5,1
0x782a03,93.75%,15,225,240,70,14,1,155
0x5cfc42,98.8067%,15,1242,1257,1231,14,1,11
0x51b973,99.7154%,15,5255,5270,0,0,15,5255
0x8bca8b,99.2991%,15,2125,2140,1211,5,10,914
0xb302ec,99.6994%,15,4975,4990,0,0,15,4975
0xb0d2b3,82.3529%,15,70,85,70,15,0,0
0x4b5167,88.2812%,15,113,128,109,12,3,4
0xa46d0a,93.4783%,15,215,230,215,15,0,0
0xa32dcb,93.6709%,15,222,237,7,5,10,215
0x9a9e10,72.2222%,15,39,54,18,11,4,21
0xa33dbc,95.4268%,15,313,328,29,10,5,284
0x8a73df,98.1796%,15,809,824,456,6,9,353
0x94b72c,81.0127%,15,64,79,64,15,0,0
0x4a6ce0,84.8485%,15,84,99,84,15,0,0
0x542445,99.3447%,15,2274,2289,0,0,15,2274
0x805866,98.6499%,15,1096,1111,891,6,9,205
0x8bcd23,75%,15,45,60,45,15,0,0
0x80fa6c,99.9071%,15,16129,16144,0,0,15,16129
0x9f3b6f,60.5263%,15,23,38,12,9,6,11
0x548c43,99.2888%,15,2094,2109,0,0,15,2094
0x9fb0d7,87.9032%,15,109,124,0,0,15,109
0x498fe9,96.5675%,15,422,437,422,15,0,0
0x5411dd,99.8941%,15,14144,14159,6,2,13,14138
0x835da7,60.5263%,15,23,38,0,0,15,23
0x9026c5,98.75%,15,1185,1200,0,0,15,1185
0x8d2665,99.8201%,15,8324,8339,0,0,15,8324
0x780608,95.3988%,15,311,326,0,2,13,311
0xa92557,96.8421%,15,460,475,208,10,5,252
0x5575ed,72.7273%,15,40,55,19,9,6,21
0x814203,99.8887%,15,13465,13480,13465,15,0,0
0x4a8417,83.6957%,15,77,92,74,12,3,3
0x40a9a3,74.1379%,15,43,58,15,11,4,28
0x40ab32,64.2857%,15,27,42,17,8,7,10
0xa45ce1,88.2812%,15,113,128,53,11,4,60
0x9c3fea,96.7811%,15,451,466,451,15,0,0
0x81c7f2,91.5254%,15,162,177,0,0,15,162
0xa336cc,98.2639%,15,849,864,550,4,11,299
0x48e4fe,90%,15,135,150,135,15,0,0
0x9d0354,95.9239%,15,353,368,1,4,11,352
0x8f56a0,99.5925%,15,3666,3681,3657,12,3,9
0xa9e223,92.6108%,15,188,203,158,5,10,30
0x8f565b,96.0733%,15,367,382,188,3,12,179
0xa030e0,77.9412%,15,53,68,40,1,14,13
0x542820,99.831%,15,8863,8878,56,5,10,8807
0xa565ca,94.2529%,15,246,261,243,8,7,3
0x82149e,99.2447%,15,1971,1986,0,0,15,1971
0x48d09c,46.4286%,15,13,28,0,0,15,13
0x8a91bd,60.5263%,15,23,38,22,9,6,1
0x60b51c,96.114%,15,371,386,371,15,0,0
0xa45485,97.8632%,15,687,702,5,8,7,682
0x972689,94.5055%,15,258,273,0,0,15,258
0x83515a,99.7457%,15,5884,5899,5884,15,0,0
0x55663e,70.5882%,15,36,51,36,6,9,0
0xa5ce8e,90.9091%,15,150,165,26,13,2,124
0x512c30,99.8653%,15,11124,11139,0,0,15,11124
0xa93db9,79.7297%,15,59,74,55,7,8,4
0x550199,88.9706%,15,121,136,121,15,0,0
0x49949e,92.6829%,15,190,205,0,0,15,190
0x54ff60,96.696%,15,439,454,0,0,15,439
0x51229a,99.275%,15,2054,2069,2054,15,0,0
0x9ed57e,85.8491%,15,91,106,60,2,13,31
0x53ef7f,91.8033%,15,168,183,0,5,10,168
0x51b2c8,21.0526%,15,4,19,4,15,0,0
0x4bb2bc,79.1667%,15,57,72,13,12,3,44
0x54eefc,65.1163%,15,28,43,1,5,10,27
0x5feb46,71.6981%,15,38,53,34,7,8,4
0x534119,85.1485%,15,86,101,86,15,0,0
0x54fa71,93.8017%,15,227,242,227,15,0,0
0x60a933,97.4048%,15,563,578,563,15,0,0
0x50242d,95.5882%,15,325,340,325,15,0,0
0x59c51f,94.5652%,15,261,276,2,5,10,259
0x482cb8,60.5263%,15,23,38,11,8,7,12
0x8e38f8,68.75%,15,33,48,0,0,15,33
0x409c43,80.7692%,15,63,78,63,15,0,0
0x666915,97.4315%,15,569,584,569,15,0,0
0x8bb66f,81.7073%,15,67,82,48,11,4,19
0xa578b6,63.4146%,15,26,41,5,10,5,21
0x8bb268,96.3325%,15,394,409,392,14,1,2
0x54f13c,65.1163%,15,28,43,0,0,15,28
0x9510e2,92.823%,15,194,209,94,11,4,100
0x9ab44f,94.8097%,15,274,289,51,0,15,223
0x9d1151,93.8525%,15,229,244,11,9,6,218
0x9be5b5,94.186%,15,243,258,243,5,10,0
0x81f7b5,84.0426%,15,79,94,40,7,8,39
0xa27645,99.2711%,15,2043,2058,84,8,7,1959
0x5c4bcc,99.1799%,15,1814,1829,0,0,15,1814
0x8ed328,99.677%,15,4629,4644,4629,6,9,0
0xa90a2f,91.7582%,15,167,182,162,7,8,5
0x5d2589,98.7952%,15,1230,1245,1230,15,0,0
0x5d2323,98.7952%,15,1230,1245,1230,15,0,0
0x8a739a,98.3906%,15,917,932,809,15,0,108
0x409d13,83.5165%,15,76,91,3,6,9,73
0x48d802,85.9813%,15,92,107,90,11,4,2
0x99f0e5,92.268%,15,179,194,177,5,10,2
0x901fa1,99.6803%,15,4677,4692,0,0,15,4677
0xb2fb53,99.7941%,15,7271,7286,0,0,15,7271
0x48a274,99.757%,15,6157,6172,0,0,15,6157
0x90dc1e,99.9704%,15,50742,50757,50742,15,0,0
0xa15c54,96.063%,15,366,381,366,9,6,0
0x58c524,93.75%,15,225,240,142,12,3,83
0xb2b52a,95.6647%,15,331,346,331,15,0,0
0x5bc373,87.395%,15,104,119,87,9,6,17
0xa6091f,96.9697%,15,480,495,294,11,4,186
0xa02874,95.5357%,15,321,336,321,15,0,0
0xa33d0e,98.8806%,15,1325,1340,456,9,6,869
0x404eb2,79.1667%,15,57,72,57,15,0,0
0x6070bb,94.0945%,15,239,254,0,10,5,239
0x5d8714,50%,15,15,30,0,0,15,15
0x556a89,94.2085%,15,244,259,244,11,4,0
0x40d224,99.8629%,15,10923,10938,10923,15,0,0
0x5f6d11,82.1429%,15,69,84,12,14,1,57
0xa272b2,97.0874%,15,500,515,366,12,3,134
0x53affc,69.3878%,15,34,49,3,5,10,31
0x90d99b,99.9705%,15,50918,50933,50918,15,0,0
0x8fe01b,99.4896%,15,2924,2939,0,0,15,2924
0x54f1c7,63.4146%,15,26,41,7,6,9,19
0x6387e4,99.5996%,15,3731,3746,2,4,11,3729
0x48c8af,98.4615%,15,960,975,960,5,10,0
0x49f9c6,90.4459%,15,142,157,142,15,0,0
0x94959c,93.5897%,15,219,234,0,0,15,219
0x58b914,86.3636%,15,95,110,2,8,7,93
0x5cd300,76.5625%,15,49,64,47,14,1,2
0x8a21a3,94.1634%,15,242,257,242,15,0,0
0x90d34e,87.9032%,15,109,124,0,0,15,109
0x5043b3,88.9706%,15,121,136,0,0,15,121
0x9e3eaa,90.2597%,15,139,154,0,7,8,139
0x5c4c72,99.1582%,15,1767,1782,16,5,10,1751
0x64af79,99.7362%,15,5672,5687,5672,15,0,0
0x90967f,99.1922%,15,1842,1857,1842,15,0,0
0x606a94,93.3333%,15,210,225,210,15,0,0
0x8f2fe9,82.1429%,15,69,84,35,9,6,34
0x403ade,99.002%,15,1488,1503,1488,15,0,0
0x5f5284,99.8414%,15,9441,9456,5613,5,10,3828
0xaa5807,98.494%,15,981,996,0,0,15,981
0x54f95b,77.9412%,15,53,68,53,15,0,0
0x9a1215,81.4815%,15,66,81,1,9,6,65
0x547366,75.4098%,15,46,61,0,0,15,46
0x538f8f,89.5105%,15,128,143,126,6,9,2
0x4a5dae,40%,15,10,25,0,12,3,10
0x90d312,87.9032%,15,109,124,109,15,0,0
0x609b80,94.0476%,15,237,252,0,7,8,237
0x5cd461,88.2812%,15,113,128,61,0,15,52
0xa5b544,51.6129%,15,16,31,4,8,7,12
0x9a1c32,91.3295%,15,158,173,119,7,8,39
0x41011f,99.8692%,15,11453,11468,0,0,15,11453
0x8bcaa9,89.8649%,15,133,148,0,0,15,133
0x7c1e5e,92.3858%,15,182,197,5,5,10,177
0x5e59ab,98.1436%,15,793,808,0,3,12,793
0xa26025,98.5192%,15,998,1013,131,10,5,867
0xa029b3,65.9091%,15,29,44,14,13,2,15
0x503a13,97.549%,15,597,612,3,6,9,594
0x5c4beb,99.1799%,15,1814,1829,0,0,15,1814
0xa26452,99.442%,15,2673,2688,0,0,15,2673
0x507c03,97.973%,15,725,740,153,13,2,572
0x81d007,91.5254%,15,162,177,3,7,8,159
0xa5105c,96.0106%,15,361,376,72,11,4,289
0x6402d8,99.4677%,15,2803,2818,0,0,15,2803
0x8fde60,86.7257%,15,98,113,1,0,15,97
0x5e0128,94.8276%,15,275,290,135,10,5,140
0x609f7f,99.4932%,15,2945,2960,0,0,15,2945
0x544431,88.6364%,15,117,132,33,7,8,84
0x58d81e,92.823%,15,194,209,128,11,4,66
0x98b56d,91.573%,15,163,178,0,0,15,163
0x5c6b98,98.9247%,15,1380,1395,1380,15,0,0
0x610513,96.875%,15,465,480,0,0,15,465
0x5cb9f6,90.3226%,15,140,155,140,15,0,0
0x99df8f,46.4286%,15,13,28,4,9,6,9
0x91127d,97.7444%,15,650,665,650,15,0,0
0xa2d9cf,97.5369%,15,594,609,0,4,11,594
0xa06706,66.6667%,15,30,45,24,7,8,6
0x60020a,97.9396%,15,713,728,31,8,7,682
0x48b19a,65.1163%,15,28,43,26,13,2,2
0x5c4fbd,90.9639%,15,151,166,15,7,8,136
0x9a6f96,57.1429%,15,20,35,0,9,6,20
0x81a390,98.1862%,15,812,827,494,4,11,318
0x48dea6,85.7143%,15,90,105,21,9,6,69
0x5c32ec,92.1466%,15,176,191,61,3,12,115
0x9a2362,86.4865%,15,96,111,19,11,4,77
0x507e21,31.8182%,15,7,22,0,0,15,7
0x547b2b,98.4818%,15,973,988,973,4,11,0
0x606ad3,93.3333%,15,210,225,210,15,0,0
0x9c3f3f,82.5581%,15,71,86,12,3,12,59
0x90d0c7,97.4958%,15,584,599,0,0,15,584
0x6667f9,96.9512%,15,477,492,477,15,0,0
0x596b91,99.3526%,15,2302,2317,0,0,15,2302
0xa58922,87.069%,15,101,116,17,6,9,84
0x944d55,97.7444%,15,650,665,130,6,9,520
0x8e3991,68.75%,15,33,48,1,7,8,32
0x66d3d2,99.2147%,15,1895,1910,0,6,9,1895
0x983a61,80%,15,60,75,23,5,10,37
0x40ebe7,98.4391%,15,946,961,857,6,9,89
0x48c32c,89.5833%,15,129,144,127,10,5,2
0x40eb82,95.3271%,15,306,321,0,4,11,306
0x781fd7,99.6114%,15,3845,3860,2870,10,5,975
0xa2e199,93.9759%,15,234,249,0,3,12,234
0x9c405d,96.7811%,15,451,466,0,0,15,451
0xa7222e,44.4444%,15,12,27,11,9,6,1
0x9a932c,79.4521%,15,58,73,44,9,6,14
0x5104bb,92.9907%,15,199,214,149,5,10,50
0x5489e1,54.5455%,15,18,33,18,9,6,0
0x9c4004,96.7811%,15,451,466,451,15,0,0
0xa90084,95.9677%,15,357,372,3,2,13,354
0x9f1750,83.3333%,15,75,90,75,15,0,0
0x659fc1,99.2397%,15,1958,1973,1938,11,4,20
0x911732,93.1193%,15,203,218,160,2,13,43
0x55223d,99.2636%,15,2022,2037,2022,15,0,0
0x9429d3,90.2597%,15,139,154,2,6,9,137
0xa5c4a1,70%,15,35,50,24,8,7,11
0x4a0311,65.9091%,15,29,44,8,8,7,21
0xb2e617,99.9294%,15,21239,21254,0,0,15,21239
0x64f4aa,83.1461%,15,74,89,74,15,0,0
0x542bd0,95.8791%,15,349,364,0,0,15,349
0x50ce31,87.5%,15,105,120,57,11,4,48
0x8dcc03,98.072%,15,763,778,763,15,0,0
0x403ba2,97.479%,15,580,595,580,15,0,0
0x494efe,46.4286%,15,13,28,4,7,8,9
0x8bd617,99.2971%,15,2119,2134,2119,15,0,0
0x9a276b,86.4865%,15,96,111,92,4,11,4
0x404a08,84.5361%,15,82,97,17,5,10,65
0x5962d7,64.2857%,15,27,42,15,8,7,12
0xa0383c,99.7185%,15,5313,5328,0,0,15,5313
0x555d97,98.7352%,15,1171,1186,1076,5,10,95
0x8ffc24,93.1507%,15,204,219,1,8,7,203
0x40e9e0,95.2681%,15,302,317,302,15,0,0
0x81bddc,98.4375%,15,945,960,945,5,10,0
0x5f820a,97.4315%,15,569,584,432,6,9,137
0x48ed10,73.6842%,15,42,57,27,5,10,15
0x5ff65f,85.1485%,15,86,101,1,10,5,85
0x9a1d9c,93.6709%,15,222,237,2,13,2,220
0x7d27bd,86.4865%,15,96,111,4,8,7,92
0x90267e,98.75%,15,1185,1200,1185,15,0,0
0x405b7d,95.549%,15,322,337,321,14,1,1
0x8ed03b,74.1379%,15,43,58,0,10,5,43
0x81d5cf,96.4789%,15,411,426,101,7,8,310
0x64af23,76.5625%,15,49,64,49,15,0,0
0x94eaeb,75%,15,45,60,23,7,8,22
0x8fe52f,99.7284%,15,5507,5522,0,0,15,5507
0x8dd4ec,98.072%,15,763,778,347,7,8,416
0x5f8552,99.3078%,15,2152,2167,22,6,9,2130
0x8a8f1f,94.5652%,15,261,276,132,4,11,129
0x9e8403,96.0317%,15,363,378,274,12,3,89
0x53c547,96.1735%,15,377,392,0,9,6,377
0x48f877,68.0851%,15,32,47,22,9,6,10
0xad7bde,82.7586%,15,72,87,72,15,0,0
0x94e1f8,96.3504%,15,396,411,0,0,15,396
0x82255e,97.8723%,15,690,705,481,3,12,209
0x556b2f,98.4925%,15,980,995,75,15,0,905
0xaaaf7e,98.184%,15,811,826,811,15,0,0
0x49433a,77.6119%,15,52,67,45,9,6,7
0x944faa,91.7582%,15,167,182,163,10,5,4
0xa9c583,92.4623%,15,184,199,180,8,7,4
0x494ecd,50%,15,15,30,4,9,6,11
0x9fe3a8,88.806%,15,119,134,26,14,1,93
0x48e08b,86.9565%,15,100,115,12,8,7,88
0x51196a,99.631%,15,4050,4065,4050,15,0,0
0x63e14c,99.1922%,15,1842,1857,1842,15,0,0
0x539d7b,72.2222%,15,39,54,30,12,3,9
0x402965,99.8438%,15,9590,9605,0,0,15,9590
0x512e57,99.5632%,15,3419,3434,0,0,15,3419
0x5bd931,98.4342%,15,943,958,943,15,0,0
0x94b3c1,97.3404%,15,549,564,1,1,14,548
0x48e0d9,84.6939%,15,83,98,9,7,8,74
0x9d0c0d,86.2745%,14,88,102,47,4,10,41
0x597101,96.7816%,14,421,435,0,0,14,421
0x65c25c,99.7067%,14,4760,4774,0,0,14,4760
0x485cbc,95.4248%,14,292,306,0,0,14,292
0x8a50b3,58.8235%,14,20,34,10,9,5,10
0x48d7bc,98.6%,14,986,1000,255,8,6,731
0xa9b843,93.8865%,14,215,229,7,8,6,208
0x50d8ca,80%,14,56,70,50,7,7,6
0x485cae,95.4248%,14,292,306,0,0,14,292
0x404765,97.6744%,14,588,602,0,0,14,588
0x5c3436,97.971%,14,676,690,676,14,0,0
0x5ffa70,94.7368%,14,252,266,84,8,6,168
0x9f57ca,82.5%,14,66,80,42,2,12,24
0x8ea1ff,90.2778%,14,130,144,0,0,14,130
0xa9c5cc,75.4386%,14,43,57,7,8,6,36
0x5b9e29,73.5849%,14,39,53,35,10,4,4
0x59254b,99.6968%,14,4604,4618,4487,10,4,117
0x8bd221,99.9466%,14,26182,26196,26182,14,0,0
0x541853,97.5439%,14,556,570,556,14,0,0
0x9c3d4f,68.8889%,14,31,45,29,7,7,2
0x9a6a5d,0%,14,0,14,0,14,0,0
0x8a340b,56.25%,14,18,32,7,7,7,11
0xa1b577,44%,14,11,25,8,4,10,3
0x811e0f,99.5521%,14,3112,3126,3,7,7,3109
0x4bba90,87.5%,14,98,112,50,6,8,48
0x9ed315,97.6351%,14,578,592,560,5,9,18
0x40f817,95.1389%,14,274,288,64,12,2,210
0x54f46d,67.4419%,14,29,43,0,0,14,29
0x488ae4,97.3384%,14,512,526,512,14,0,0
0x49f95e,98.9474%,14,1316,1330,27,4,10,1289
0x54f179,67.4419%,14,29,43,1,14,0,28
0x49e02a,92.8571%,14,182,196,182,14,0,0
0x627e0d,39.1304%,14,9,23,3,5,9,6
0xaa3347,98.5844%,14,975,989,975,14,0,0
0x4c0df3,66.6667%,14,28,42,4,6,8,24
0x817ea2,74.5455%,14,41,55,35,6,8,6
0x58f858,90.5405%,14,134,148,66,8,6,68
0xa2eaa8,95.9885%,14,335,349,335,10,4,0
0x4c20b9,91.195%,14,145,159,145,14,0,0
0x55915c,96.6346%,14,402,416,9,7,7,393
0xa39e04,98.9288%,14,1293,1307,1,9,5,1292
0x9a8034,77.4194%,14,48,62,25,6,8,23
0x9e293f,44%,14,11,25,2,8,6,9
0x5462b7,96%,14,336,350,336,14,0,0
0xa45c63,98.8506%,14,1204,1218,0,8,6,1204
0x5f0766,68.1818%,14,30,44,1,9,5,29
0x8e4b32,99.6182%,14,3653,3667,3484,5,9,169
0x49f630,88.8889%,14,112,126,35,12,2,77
0x54370e,58.8235%,14,20,34,1,7,7,19
0x502c9b,99.3522%,14,2147,2161,0,8,6,2147
0x9ab59f,93%,14,186,200,0,0,14,186
0x480780,63.1579%,14,24,38,11,8,6,13
0x80c966,95.0355%,14,268,282,268,4,10,0
0x5cf516,99.0291%,14,1428,1442,1414,8,6,14
0x8fedde,94.5946%,14,245,259,243,12,2,2
0x8e1daa,39.1304%,14,9,23,9,8,6,0
0x5cf596,98.9928%,14,1376,1390,0,0,14,1376
0x53a099,66.6667%,14,28,42,3,10,4,25
0x4a7294,96.401%,14,375,389,375,14,0,0
0xa941ed,89.1473%,14,115,129,80,9,5,35
0x499435,93%,14,186,200,186,14,0,0
0x40487e,97.7199%,14,600,614,213,4,10,387
0x4834f1,48.1481%,14,13,27,13,14,0,0
0xb3237e,98.5552%,14,955,969,0,0,14,955
0xa95d08,98.1723%,14,752,766,21,11,3,731
0xa9e10f,94.0928%,14,223,237,223,14,0,0
0x9e6143,80.5556%,14,58,72,49,11,3,9
0x5b39ff,93.4272%,14,199,213,2,10,4,197
0x9c39a9,80.8219%,14,59,73,1,8,6,58
0x5cb100,98.3294%,14,824,838,0,3,11,824
0x48dd0a,99.7971%,14,6886,6900,0,0,14,6886
0x9c411d,96.1111%,14,346,360,346,14,0,0
0x97433b,95.1049%,14,272,286,18,8,6,254
0xa58750,87.931%,14,102,116,102,14,0,0
0xa4deb0,61.1111%,14,22,36,11,5,9,11
0x80b2a9,97.5045%,14,547,561,224,10,4,323
0x5df29c,77.7778%,14,49,63,24,6,8,25
0x4bcda4,82.716%,14,67,81,1,8,6,66
0x9d036b,96.1433%,14,349,363,20,9,5,329
0x648be6,73.0769%,14,38,52,13,13,1,25
0x51161a,99.235%,14,1816,1830,1816,14,0,0
0x81a8f8,94.1176%,14,224,238,140,0,14,84
0x511f07,99.6435%,14,3913,3927,6,8,6,3907
0x81305b,98.3452%,14,832,846,0,0,14,832
0x609fd3,99.42%,14,2400,2414,2400,14,0,0
0x5417f6,99.1968%,14,1729,1743,1729,14,0,0
0xa30d6e,92.8205%,14,181,195,66,14,0,115
0xa9b820,93.8865%,14,215,229,33,8,6,182
0x53fe81,99.4307%,14,2445,2459,710,8,6,1735
0x9c434d,90%,14,126,140,124,14,0,2
0x552aa3,89.8551%,14,124,138,124,12,2,0
0xb48b58,98.6692%,14,1038,1052,0,0,14,1038
0x65bd21,96.2766%,14,362,376,192,7,7,170
0x96140d,99.9363%,14,21948,21962,21948,14,0,0
0x8fe178,83.7209%,14,72,86,0,0,14,72
0x542b13,99.3237%,14,2056,2070,2056,14,0,0
0x50ff38,98.5507%,14,952,966,0,0,14,952
0x499860,57.5758%,14,19,33,19,14,0,0
0x548c4f,99.3362%,14,2095,2109,2095,14,0,0
0x5b2faa,93.4272%,14,199,213,198,5,9,1
0x9d04b6,95.302%,14,284,298,281,12,2,3
0x6514d1,82.9268%,14,68,82,68,14,0,0
0x8fbf3a,96.6265%,14,401,415,401,14,0,0
0x40a255,84.6154%,14,77,91,1,1,13,76
0x4b4a59,94.6154%,14,246,260,1,8,6,245
0x822573,93.6652%,14,207,221,152,13,1,55
0x510fc3,99.1884%,14,1711,1725,0,0,14,1711
0x9ea787,86.5385%,14,90,104,63,9,5,27
0x595d77,97.8462%,14,636,650,2,5,9,634
0x489d13,99.6513%,14,4001,4015,0,0,14,4001
0x8bcf1e,99.6112%,14,3587,3601,3587,14,0,0
0x961343,86.1386%,14,87,101,87,14,0,0
0xa59637,87.156%,14,95,109,27,10,4,68
0xa9d219,78.7879%,14,52,66,31,11,3,21
0x8f1919,92.7083%,14,178,192,134,10,4,44
0x9f5bfa,65%,14,26,40,26,2,12,0
0x50a0c0,81.5789%,14,62,76,10,4,10,52
0xa4ff22,61.1111%,14,22,36,17,5,9,5
0x64b427,99.9337%,14,21117,21131,21117,14,0,0
0x8a8c06,98.5059%,14,923,937,888,4,10,35
0x80e6a1,97.1888%,14,484,498,241,8,6,243
0x98cd02,99.1411%,14,1616,1630,0,0,14,1616
0xa58fdb,88.2353%,14,105,119,70,8,6,35
0x4b5cbd,65.8537%,14,27,41,4,9,5,23
0x5bda11,99.2716%,14,1908,1922,1908,10,4,0
0x54f087,65.8537%,14,27,41,8,5,9,19
0x98b3d5,60%,14,21,35,6,5,9,15
0x9c4394,90%,14,126,140,126,14,0,0
0xa07444,76.6667%,14,46,60,3,8,6,43
0x90aa02,75.4386%,14,43,57,43,14,0,0
0x984c16,83.1325%,14,69,83,11,1,13,58
0x90a7d4,90.8497%,14,139,153,139,14,0,0
0xa39575,98.0663%,14,710,724,710,14,0,0
0xa6c656,83.1325%,14,69,83,4,8,6,65
0xa0744a,71.4286%,14,35,49,28,7,7,7
0x54ecc4,79.7101%,14,55,69,0,0,14,55
0x66f7fb,89.4737%,14,119,133,119,14,0,0
0x4c4095,93.1373%,14,190,204,107,5,9,83
0xa5c5af,79.4118%,14,54,68,45,5,9,9
0x90fcec,95%,14,266,280,51,2,12,215
0x9f0a56,56.25%,14,18,32,8,0,14,10
0x667088,98.8646%,14,1219,1233,1077,7,7,142
0x53c3b3,68.1818%,14,30,44,19,3,11,11
0x9e014e,98.6965%,14,1060,1074,0,0,14,1060
0x507faf,98.1081%,14,726,740,154,12,2,572
0x5d24a5,98.8755%,14,1231,1245,1231,14,0,0
0x5ff41e,70.8333%,14,34,48,34,7,7,0
0x4a5dd2,78.4615%,14,51,65,0,13,1,51
0x972669,94.8718%,14,259,273,0,0,14,259
0x5c33c7,93.8865%,14,215,229,3,5,9,212
0x94d878,97.3783%,14,520,534,520,14,0,0
0x5cba12,90.9677%,14,141,155,0,0,14,141
0x7ce449,96.0227%,14,338,352,72,5,9,266
0x48ef62,79.1045%,14,53,67,5,7,7,48
0xa9ecd7,95.9885%,14,335,349,121,2,12,214
0x9f5a0b,81.3333%,14,61,75,15,13,1,46
0xab28ba,99.8095%,14,7336,7350,7336,14,0,0
0x404e15,99.8861%,14,12282,12296,0,0,14,12282
0x608cfe,93%,14,186,200,29,9,5,157
0x8df2b7,41.6667%,14,10,24,0,0,14,10
0xada7bd,99.7989%,14,6948,6962,0,0,14,6948
0x81c95b,92.3077%,14,168,182,0,10,4,168
0x8e47e6,99.1647%,14,1662,1676,0,0,14,1662
0x8e50fe,99.2919%,14,1963,1977,0,0,14,1963
0xa328ae,74.5455%,14,41,55,2,9,5,39
0x512b72,99.7569%,14,5744,5758,5744,14,0,0
0xa58a9a,89.8551%,14,124,138,37,5,9,87
0x58ebb7,99.1541%,14,1641,1655,118,4,10,1523
0xaa14c1,74.0741%,14,40,54,25,3,11,15
0x4901fa,79.1045%,14,53,67,3,10,4,50
0x81bcb0,53.3333%,14,16,30,11,7,7,5
0xa5707a,86%,14,86,100,8,6,8,78
0x8ed444,99.6401%,14,3876,3890,3876,8,6,0
0x643bea,99.0189%,14,1413,1427,1413,14,0,0
0x402ed5,87.8261%,14,101,115,0,6,8,101
0x40dfcd,89.1473%,14,115,129,110,10,4,5
0x991973,99.7063%,14,4753,4767,4753,14,0,0
0x5101ba,96.7136%,14,412,426,0,0,14,412
0x8ebb3c,97.1253%,14,473,487,473,14,0,0
0xaa074b,86%,14,86,100,44,8,6,42
0xaa2e4b,97.7419%,14,606,620,606,14,0,0
0x4c6d4c,84.6154%,14,77,91,9,6,8,68
0x5ee239,92.0904%,14,163,177,163,14,0,0
0x58d9a9,93.3014%,14,195,209,54,10,4,141
0x7d40fa,68.8889%,14,31,45,22,7,7,9
0x8a6459,86.6667%,14,91,105,1,2,12,90
0x821c33,93.4884%,14,201,215,0,0,14,201
0x403f78,97.8227%,14,629,643,478,8,6,151
0x48980b,44%,14,11,25,4,9,5,7
0x488b0c,97.3384%,14,512,526,512,14,0,0
0x8c8bb5,82.5%,14,66,80,7,6,8,59
0x9742d6,97.5089%,14,548,562,5,3,11,543
0x679b8f,97.5133%,14,549,563,463,6,8,86
0xa5758d,65.8537%,14,27,41,6,9,5,21
0x8ba2f6,99.8553%,14,9658,9672,9658,14,0,0
0xa28553,91.25%,14,146,160,1,7,7,145
0xa573b6,65.8537%,14,27,41,8,7,7,19
0x64b4dd,99.405%,14,2339,2353,2336,14,0,3
0x5f129e,78.125%,14,50,64,23,7,7,27
0x8f3029,81.0811%,14,60,74,51,6,8,9
0x9a22e8,87.3874%,14,97,111,84,12,2,13
0x481787,63.1579%,14,24,38,24,14,0,0
0x541bc5,98.1132%,14,728,742,0,0,14,728
0xa1af88,68.1818%,14,30,44,9,7,7,21
0x942bd9,81.3333%,14,61,75,0,0,14,61
0x8f4c27,92.0455%,14,162,176,97,3,11,65
0xb2e7cd,99.6515%,14,4003,4017,0,0,14,4003
0x8a66b1,90.7895%,14,138,152,133,6,8,5
0x66f621,79.1045%,14,53,67,0,8,6,53
0x54650d,96%,14,336,350,0,0,14,336
0x4bba7d,87.5%,14,98,112,0,0,14,98
0x7c7069,92.8205%,14,181,195,28,8,6,153
0x8f0aa3,97.7011%,14,595,609,558,9,5,37
0xaa2e12,97.7419%,14,606,620,606,14,0,0
0x609ea7,97.7162%,14,599,613,246,14,0,353
0x403883,96.4103%,14,376,390,376,14,0,0
0x8107b9,98.1132%,14,728,742,482,8,6,246
0x507fc2,97.561%,14,560,574,560,14,0,0
0x9a7ed4,72%,14,36,50,14,11,3,22
0xa2602e,98.3945%,14,858,872,676,8,6,182
0x4a9c49,39.1304%,14,9,23,1,6,8,8
0x58c8d9,95.2862%,14,283,297,148,13,1,135
0x9aad62,98.956%,14,1327,1341,0,5,9,1327
0x5108b6,95.7187%,14,313,327,0,0,14,313
0x53aba1,98.1157%,14,729,743,0,0,14,729
0x98b3a7,73.5849%,14,39,53,28,1,13,11
0x4a7279,96.401%,14,375,389,375,14,0,0
0x8ae9e8,93.3962%,14,198,212,7,7,7,191
0x4b66bb,86.7925%,14,92,106,67,9,5,25
0x787d2d,94.6154%,14,246,260,4,2,12,242
0x4997cd,76.2712%,14,45,59,0,0,14,45
0xa43857,91.3043%,14,147,161,32,9,5,115
0x40e0a7,99.8748%,14,11167,11181,11167,14,0,0
0x8fcc7a,95.053%,14,269,283,262,5,9,7
0x606bc7,87.6106%,14,99,113,89,12,2,10
0x545aac,99.4946%,14,2756,2770,2,5,9,2754
0x54eb0a,79.7101%,14,55,69,55,14,0,0
0x9e08b6,96.9631%,14,447,461,0,0,14,447
0x8145ec,97.3783%,14,520,534,507,6,8,13
0x503cff,73.0769%,14,38,52,0,0,14,38
0xa429b2,98.4287%,14,877,891,877,14,0,0
0xa52bb0,93.3962%,14,198,212,168,4,10,30
0x541b95,96.8539%,14,431,445,0,0,14,431
0x4a0183,87.931%,14,102,116,7,8,6,95
0x90ecce,98.5432%,14,947,961,0,0,14,947
0x60e6fa,82.2785%,14,65,79,65,14,0,0
0x8e3faf,97.0339%,14,458,472,458,6,8,0
0x4bdbba,48.1481%,14,13,27,1,6,8,12
0x50746a,89.0625%,14,114,128,0,8,6,114
0x535677,92.3497%,14,169,183,20,8,6,149
0x6672f0,54.8387%,14,17,31,17,14,0,0
0x54ef7b,67.4419%,14,29,43,0,0,14,29
0x40520c,89.3939%,14,118,132,0,0,14,118
0xa46984,93.913%,14,216,230,7,6,8,209
0x8fcc87,96.1326%,14,348,362,7,7,7,341
0x8a465d,97.7953%,14,621,635,0,0,14,621
0x402c09,99.8483%,14,9212,9226,0,0,14,9212
0x49e096,97.271%,14,499,513,499,14,0,0
0xa159b3,96.3255%,14,367,381,0,6,8,367
0x502255,89.313%,14,117,131,0,5,9,117
0xa0248e,97.0213%,14,456,470,0,0,14,456
0x58ded1,90.7285%,14,137,151,128,7,7,9
0x9e1974,98.2716%,14,796,810,796,14,0,0
0x54eb1a,79.7101%,14,55,69,55,14,0,0
0xa96905,93.3333%,14,196,210,55,6,8,141
0x53800e,98.1157%,14,729,743,727,10,4,2
0xb30d50,99.2521%,14,1858,1872,0,0,14,1858
0x40e078,93.4579%,14,200,214,0,0,14,200
0x5028f2,93.722%,14,209,223,119,7,7,90
0x7b2a7b,84.0909%,14,74,88,37,7,7,37
0x5ff601,70.8333%,14,34,48,8,4,10,26
0xa5c7dc,79.4118%,14,54,68,41,9,5,13
0xa5cfc7,87.8261%,14,101,115,6,1,13,95
0xa52d51,96.1433%,14,349,363,0,4,10,349
0x5b028d,97.2549%,14,496,510,0,0,14,496
0x59717d,97.8159%,14,627,641,14,6,8,613
0xa5ce01,91.5152%,14,151,165,149,14,0,2
0x5fa955,97.8528%,14,638,652,621,4,10,17
0x53b0b3,99.8245%,14,7961,7975,2,4,10,7959
0x8c813c,99.3083%,14,2010,2024,128,6,8,1882
0x53feb1,99.7177%,14,4946,4960,4946,10,4,0
0xab28b2,99.8095%,14,7336,7350,0,0,14,7336
0x541ad2,98.3213%,14,820,834,820,14,0,0
0xa55f08,68.1818%,14,30,44,16,11,3,14
0xa91065,83.7209%,14,72,86,56,12,2,16
0xa49ff2,90.3448%,14,131,145,131,8,6,0
0x8bcdba,98.5626%,14,960,974,35,9,5,925
0x5af294,97.9885%,14,682,696,682,14,0,0
0xa3a2f3,98.0663%,14,710,724,710,14,0,0
0x9f8f52,90.1408%,14,128,142,14,8,6,114
0x8d98b1,98.8105%,14,1163,1177,1163,6,8,0
0x537adb,98.1004%,14,723,737,1,5,9,722
0xa3960d,97.6783%,14,589,603,0,0,14,589
0x8b9bd2,99.8501%,14,9323,9337,9323,14,0,0
0x9e73f6,93.5484%,14,203,217,70,11,3,133
0x8f122c,65%,14,26,40,24,8,6,2
0x838076,86.5385%,14,90,104,77,11,3,13
0x9fbaa4,95.4248%,14,292,306,81,10,4,211
0x8fe0a7,83.7209%,14,72,86,14,0,14,58
0x610b7b,95.9184%,14,329,343,53,11,3,276
0x538cbb,90.2098%,14,129,143,129,3,11,0
0x4bb4e5,86.5385%,14,90,104,52,0,14,38
0x80581c,92.0455%,14,162,176,160,6,8,2
0x9f6c5e,93.9394%,14,217,231,208,10,4,9
0x58e013,81.0811%,14,60,74,2,2,12,58
0x942918,81.3333%,14,61,75,61,14,0,0
0x4be80f,48.1481%,14,13,27,10,5,9,3
0x4889b3,98.6341%,14,1011,1025,1011,14,0,0
0x5ff783,97.0954%,14,468,482,468,6,8,0
0x58c063,80%,14,56,70,0,0,14,56
0x9ef471,72.549%,14,37,51,24,5,9,13
0x808a5f,64.1026%,14,25,39,23,7,7,2
0x5cf3b5,99.2635%,14,1887,1901,1887,14,0,0
0x4a5b22,74.5455%,14,41,55,0,11,3,41
0x65a002,99.2817%,14,1935,1949,71,10,4,1864
0x4a623d,90.3448%,14,131,145,54,5,9,77
0x50e61d,22.2222%,14,4,18,4,14,0,0
0x58babf,87.2727%,14,96,110,96,14,0,0
0xa4a70b,62.1622%,14,23,37,18,9,5,5
0x9d0142,96%,14,336,350,328,12,2,8
0x9d033c,96.6825%,14,408,422,47,7,7,361
0xa3fc97,80.5556%,14,58,72,10,6,8,48
0xb1493c,99.6712%,14,4244,4258,0,0,14,4244
0x5350bf,99.8086%,14,7302,7316,7302,14,0,0
0x7c7b1f,90.9091%,14,140,154,28,13,1,112
0x5421a7,98.0085%,14,689,703,689,14,0,0
0x8f318f,99.4567%,14,2563,2577,2555,9,5,8
0x506f0e,85.567%,14,83,97,76,1,13,7
0x8e44ec,99.1647%,14,1662,1676,1662,6,8,0
0x50735d,98.1081%,14,726,740,0,7,7,726
0x9fe591,89.5522%,14,120,134,37,3,11,83
0x9485e8,99.0291%,14,1428,1442,1428,14,0,0
0x9fb17b,88.7097%,14,110,124,12,13,1,98
0x9e762a,92.5134%,14,173,187,44,9,5,129
0x8141d6,99.8961%,14,13466,13480,1969,3,11,11497
0xb3465d,93.7778%,14,211,225,41,7,7,170
0x835e0c,86.4078%,14,89,103,0,0,14,89
0x4bc0cb,88.4298%,14,107,121,107,14,0,0
0x9c380d,83.7209%,14,72,86,52,14,0,20
0x8dda07,99.1245%,14,1585,1599,1511,10,4,74
0x9a60d5,86.7925%,14,92,106,0,0,14,92
0x4c2bc8,83.3333%,14,70,84,17,10,4,53
0x53de50,97.3384%,14,512,526,512,14,0,0
0x7d1bdb,98.3607%,14,840,854,29,7,7,811
0x8a952b,99.9771%,14,60989,61003,60989,11,3,0
0xa3670e,87.931%,14,102,116,102,4,10,0
0x5b9bb4,83.908%,14,73,87,7,7,7,66
0x48ef92,74.5455%,14,41,55,10,5,9,31
0x50aa02,89.7059%,14,122,136,12,13,1,110
0x807c30,85.7143%,14,84,98,2,6,8,82
0x9ab35f,98.7983%,14,1151,1165,0,0,14,1151
0x7d26dc,98.2885%,14,804,818,484,12,2,320
0x4bccec,64.1026%,14,25,39,16,10,4,9
0xa061a3,72%,14,36,50,18,3,11,18
0x815805,96.7742%,14,420,434,7,7,7,413
0x94326f,81.3333%,14,61,75,61,14,0,0
0x9e2168,88.1356%,14,104,118,103,8,6,1
0x48c717,90.2778%,14,130,144,0,0,14,130
0x9abe7a,92.2222%,14,166,180,166,6,8,0
0x9f0969,98.6056%,14,990,1004,793,11,3,197
0x495a38,80.597%,13,54,67,54,13,0,0
0x504d0b,77.9661%,13,46,59,45,4,9,1
0x7814e6,98.0798%,13,664,677,664,13,0,0
0xa3493b,98.8246%,13,1093,1106,540,10,3,553
0x534eb3,99.5643%,13,2971,2984,0,0,13,2971
0x55594a,91.6129%,13,142,155,94,5,8,48
0x5038b8,71.7391%,13,33,46,31,7,6,2
0x9f05c2,98.3117%,13,757,770,757,13,0,0
0x4103c3,93.1579%,13,177,190,177,10,3,0
0xa2e28c,95.4064%,13,270,283,213,6,7,57
0x4bbf41,96.7581%,13,388,401,341,4,9,47
0xa33a8e,97.6827%,13,548,561,243,11,2,305
0xa262d9,98.7167%,13,1000,1013,0,0,13,1000
0x9e29ab,92.8962%,13,170,183,0,10,3,170
0x5f6c73,53.5714%,13,15,28,12,6,7,3
0x8df4f9,79.3651%,13,50,63,49,5,8,1
0x9e88dd,88.7931%,13,103,116,103,13,0,0
0xa522bf,91.5584%,13,141,154,1,5,8,140
0x541410,88.2883%,13,98,111,66,5,8,32
0x402cfd,98.5344%,13,874,887,327,9,4,547
0x9fe5cf,90.2985%,13,121,134,36,8,5,85
0x9d0378,96.1078%,13,321,334,177,6,7,144
0x99c5fe,91.3907%,13,138,151,138,13,0,0
0x95970e,89.8438%,13,115,128,115,13,0,0
0x4a9734,78.3333%,13,47,60,0,0,13,47
0x54123c,93.0481%,13,174,187,0,0,13,174
0x80bcec,89.2562%,13,108,121,36,10,3,72
0x609519,97.8793%,13,600,613,254,6,7,346
0x94439a,82.8947%,13,63,76,63,13,0,0
0x6672b4,58.0645%,13,18,31,18,13,0,0
0x9f9786,59.375%,13,19,32,14,8,5,5
0x5572c5,94.6502%,13,230,243,230,13,0,0
0x545d9b,92.6966%,13,165,178,158,11,2,7
0x95b04c,71.7391%,13,33,46,15,8,5,18
0x48eecb,96.0725%,13,318,331,318,5,8,0
0x806eaa,96.6837%,13,379,392,275,7,6,104
0x60a8f0,98.3544%,13,777,790,0,0,13,777
0xa5f722,96.3068%,13,339,352,0,0,13,339
0x9082a1,99.3948%,13,2135,2148,0,0,13,2135
0x9005ea,96.2644%,13,335,348,0,0,13,335
0x4c1c68,95.8599%,13,301,314,15,9,4,286
0x5013ae,99.6317%,13,3517,3530,3517,13,0,0
0x8ef221,85.0575%,13,74,87,38,1,12,36
0x8a6ff5,99.1402%,13,1499,1512,51,5,8,1448
0x8fe44d,99.233%,13,1682,1695,0,0,13,1682
0x534c51,35%,13,7,20,7,13,0,0
0x90b2ce,90.0763%,13,118,131,118,13,0,0
0x4bd71c,66.6667%,13,26,39,0,6,7,26
0x8dfd16,96.5054%,13,359,372,123,7,6,236
0x821102,98.329%,13,765,778,1,3,10,764
0xa2f2fc,93.299%,13,181,194,181,9,4,0
0x98bc17,96.9412%,13,412,425,0,0,13,412
0x4ba3fd,97.1366%,13,441,454,53,5,8,388
0x499462,93.5%,13,187,200,163,9,4,24
0x5344b9,99.855%,13,8954,8967,8954,13,0,0
0x9a9d22,96.6057%,13,370,383,205,0,13,165
0x5d3f1a,90.2256%,13,120,133,120,13,0,0
0xa39df7,99.0054%,13,1294,1307,0,0,13,1294
0x48e768,99.7087%,13,4450,4463,4450,13,0,0
0x8f6aca,96.131%,13,323,336,157,11,2,166
0x8e4b6e,92.6966%,13,165,178,0,0,13,165
0x984104,82.4324%,13,61,74,6,4,9,55
0x900c45,96.1078%,13,321,334,321,13,0,0
0x639c0b,98.375%,13,787,800,787,13,0,0
0x9e21a4,89.1667%,13,107,120,92,12,1,15
0x49ca34,65.7895%,13,25,38,16,5,8,9
0x9a74a6,66.6667%,13,26,39,18,12,1,8
0x8e8b87,99.8749%,13,10378,10391,10378,13,0,0
0x4a591c,76.3636%,13,42,55,8,8,5,34
0x50cc12,65.7895%,13,25,38,7,12,1,18
0x60835b,85.7143%,13,78,91,78,13,0,0
0x81bcfb,86.0215%,13,80,93,1,4,9,79
0x639c39,98.0422%,13,651,664,7,5,8,644
0x973172,97.8689%,13,597,610,0,0,13,597
0x5c360c,98.1894%,13,705,718,705,13,0,0
0x68376d,72.3404%,13,34,47,34,13,0,0
0x50ee87,91.6667%,13,143,156,6,6,7,137
0x78ab55,90.2256%,13,120,133,54,7,6,66
0x58db4e,91.3907%,13,138,151,133,11,2,5
0x5fa539,75.9259%,13,41,54,5,9,4,36
0xa274e9,96.2536%,13,334,347,15,6,7,319
0x48c536,75.9259%,13,41,54,41,13,0,0
0x9e292b,56.6667%,13,17,30,0,10,3,17
0xb2fdeb,94.6058%,13,228,241,0,0,13,228
0x5f062e,89.3443%,13,109,122,11,6,7,98
0x4c0eec,69.0476%,13,29,42,5,5,8,24
0x499515,93.5%,13,187,200,52,8,5,135
0x593151,56.6667%,13,17,30,0,0,13,17
0x5fd74b,92.9348%,13,171,184,82,10,3,89
0x8f4ad0,99.481%,13,2492,2505,0,0,13,2492
0xa5eb95,95.5172%,13,277,290,2,8,5,275
0x5345dd,99.8171%,13,7095,7108,0,3,10,7095
0x9a608a,7.14286%,13,1,14,0,13,0,1
0x50183d,98.6935%,13,982,995,12,3,10,970
0x54546d,97.6661%,13,544,557,414,9,4,130
0x60ddb2,97.5285%,13,513,526,432,13,0,81
0x510a28,97.1302%,13,440,453,5,9,4,435
0x9e0104,98.7896%,13,1061,1074,0,0,13,1061
0x9e3d92,92.5287%,13,161,174,154,9,4,7
0xa505de,82.6667%,13,62,75,1,8,5,61
0x9a755c,27.7778%,13,5,18,3,1,12,2
0x409d33,38.0952%,13,8,21,2,6,7,6
0x822524,98.156%,13,692,705,279,4,9,413
0x4a82ba,85.8696%,13,79,92,64,5,8,15
0x94ebd1,85.5556%,13,77,90,0,0,13,77
0x7c639f,91.3333%,13,137,150,137,13,0,0
0x544451,87%,13,87,100,0,8,5,87
0xb1b6ca,98.7065%,13,992,1005,992,13,0,0
0xb17b7f,98.7747%,13,1048,1061,0,0,13,1048
0xa4374a,96.934%,13,411,424,280,10,3,131
0x4be2cf,82.1918%,13,60,73,2,2,11,58
0xa32dbe,94.7154%,13,233,246,2,7,6,231
0x9429dc,91.0959%,13,133,146,133,13,0,0
0x593772,97.9528%,13,622,635,1,1,12,621
0x58d2e5,85.8696%,13,79,92,79,13,0,0
0x512cf3,99.7216%,13,4656,4669,4656,13,0,0
0x5449f5,80.303%,13,53,66,53,4,9,0
0x81e234,99.8859%,13,11382,11395,11382,12,1,0
0x648bf7,66.6667%,13,26,39,13,0,13,13
0xa526c4,69.7674%,13,30,43,5,6,7,25
0x63e48a,99.2999%,13,1844,1857,1413,11,2,431
0x8e1e13,94.5148%,13,224,237,224,13,0,0
0x8fe97c,84.7059%,13,72,85,0,3,10,72
0x9f0904,98.7179%,13,1001,1014,1,9,4,1000
0xa4c41f,99.793%,13,6266,6279,6266,13,0,0
0x81e70d,90.6475%,13,126,139,19,6,7,107
0x984171,82.4324%,13,61,74,0,0,13,61
0x50d92f,65.7895%,13,25,38,7,5,8,18
0x81f903,99.3815%,13,2089,2102,20,8,5,2069
0xa4979d,95.6954%,13,289,302,0,0,13,289
0x5c5036,60.6061%,13,20,33,20,13,0,0
0x833dfe,95.6081%,13,283,296,283,5,8,0
0x8c7527,99.3247%,13,1912,1925,1848,5,8,64
0xa55e8c,75%,13,39,52,25,5,8,14
0x972ca3,90.7143%,13,127,140,0,0,13,127
0xb14842,99.6947%,13,4245,4258,0,0,13,4245
0x48a2db,99.3777%,13,2076,2089,0,0,13,2076
0x8e91eb,99.0793%,13,1399,1412,441,11,2,958
0x94da1f,83.5443%,13,66,79,37,10,3,29
0x504206,89.5161%,13,111,124,59,3,10,52
0xa5ab9d,53.5714%,13,15,28,2,5,8,13
0x5d22be,98.9558%,13,1232,1245,280,4,9,952
0x5991ba,99.7198%,13,4626,4639,0,3,10,4626
0x78cd75,98.5092%,13,859,872,1,1,12,858
0x8da1da,94.1176%,13,208,221,125,3,10,83
0x50604b,98.2432%,13,727,740,727,13,0,0
0x9e019f,85.0575%,13,74,87,0,0,13,74
0xa0301e,80.8824%,13,55,68,4,3,10,51
0x63fa15,99.5387%,13,2805,2818,1849,8,5,956
0x534a42,97.3251%,13,473,486,473,4,9,0
0xa28097,96.2319%,13,332,345,2,8,5,330
0x492a10,92.1212%,13,152,165,149,9,4,3
0xa361ac,90.8451%,13,129,142,128,9,4,1
0x4a7ffa,85.8696%,13,79,92,0,0,13,79
0x5af013,98.0712%,13,661,674,0,0,13,661
0x5cf867,99.2919%,13,1823,1836,1823,13,0,0
0x403805,97.5518%,13,518,531,414,7,6,104
0x4bb672,87.5%,13,91,104,44,8,5,47
0xa571b7,68.2927%,13,28,41,21,6,7,7
0x53b0fd,99.748%,13,5146,5159,0,0,13,5146
0xa43c50,87.7358%,13,93,106,56,2,11,37
0x5427a4,96.6321%,13,373,386,188,5,8,185
0x77ff3d,92.0245%,13,150,163,3,6,7,147
0x9f4009,88.5965%,13,101,114,4,9,4,97
0x49af85,91.2752%,13,136,149,0,0,13,136
0xa2fc73,98.0854%,13,666,679,34,6,7,632
0x8379c1,87.5%,13,91,104,25,3,10,66
0x9a8d58,58.0645%,13,18,31,10,7,6,8
0x5cb916,84.8837%,13,73,86,53,7,6,20
0x545505,84.3373%,13,70,83,70,13,0,0
0x80b35c,94.5607%,13,226,239,226,7,6,0
0x984296,48%,13,12,25,6,7,6,6
0x4b8a6a,18.75%,13,3,16,3,13,0,0
0x8b9a2e,98.8414%,13,1109,1122,163,5,8,946
0xa55ea8,75%,13,39,52,31,5,8,8
0x4bb447,93.7799%,13,196,209,160,0,13,36
0x8f49ac,99.481%,13,2492,2505,2491,8,5,1
0x544d90,87%,13,87,100,0,8,5,87
0x5f0c84,88.9831%,13,105,118,79,5,8,26
0x63e4c9,99.0871%,13,1411,1424,1095,7,6,316
0x7df893,84.3373%,13,70,83,1,1,12,69
0x7840c9,64.8649%,13,24,37,23,6,7,1
0x9c3c95,63.8889%,13,23,36,23,4,9,0
0x9ab3c8,95.2727%,13,262,275,0,0,13,262
0x49e2fb,99.0356%,13,1335,1348,1335,13,0,0
0x5c4c60,99.283%,13,1800,1813,1,5,8,1799
0x60ec50,82.4324%,13,61,74,24,12,1,37
0x5fd765,92.9348%,13,171,184,92,0,13,79
0x9a91e4,53.5714%,13,15,28,12,2,11,3
0x499ac6,90.7143%,13,127,140,61,9,4,66
0x4bb28c,97.18%,13,448,461,10,8,5,438
0x499ae1,90.7143%,13,127,140,127,13,0,0
0x537a82,98.2361%,13,724,737,721,10,3,3
0x78eed4,90.9091%,13,130,143,130,13,0,0
0x9f267b,96.9907%,13,419,432,419,13,0,0
0xa57949,89.9225%,13,116,129,79,7,6,37
0x81ec86,93.9535%,13,202,215,2,8,5,200
0xa396a9,98.536%,13,875,888,875,13,0,0
0x4043fc,99.4552%,13,2373,2386,226,3,10,2147
0x53936f,90.1515%,13,119,132,99,7,6,20
0x5080b9,94.9219%,13,243,256,0,0,13,243
0x973d47,87.3786%,13,90,103,7,0,13,83
0x807efa,92.4419%,13,159,172,34,7,6,125
0x8d2530,84.1463%,13,69,82,66,6,7,3
0x489e07,99.4026%,13,2163,2176,0,0,13,2163
0xaa2376,71.1111%,13,32,45,6,5,8,26
0x5f55d6,79.6875%,13,51,64,50,6,7,1
0x80775b,95.4545%,13,273,286,159,10,3,114
0x9807df,66.6667%,13,26,39,18,10,3,8
0x4c22ed,92.2619%,13,155,168,149,3,10,6
0x54ec9c,81.1594%,13,56,69,56,13,0,0
0x65c2d6,74%,13,37,50,22,12,1,15
0x50d9d2,96.7172%,13,383,396,382,10,3,1
0x50a95e,88.2883%,13,98,111,68,7,6,30
0x908544,99.8357%,13,7897,7910,396,3,10,7501
0x502784,98.3607%,13,780,793,780,13,0,0
0xa575ec,68.2927%,13,28,41,19,8,5,9
0x5ffca1,98.9715%,13,1251,1264,1166,6,7,85
0x508665,98.2432%,13,727,740,156,10,3,571
0x903f15,84.5238%,13,71,84,45,5,8,26
0xa50a6c,63.8889%,13,23,36,15,7,6,8
0x81605e,69.0476%,13,29,42,5,4,9,24
0x507edd,98.2432%,13,727,740,153,13,0,574
0x481e65,65.7895%,13,25,38,17,12,1,8
0x501354,99.3659%,13,2037,2050,2037,13,0,0
0xa49805,95.6954%,13,289,302,12,10,3,277
0x80c137,98.5143%,13,862,875,5,12,1,857
0x4b64f7,91.6129%,13,142,155,31,9,4,111
0x8a75e0,94.9612%,13,245,258,106,5,8,139
0xa36d8c,69.0476%,13,29,42,2,8,5,27
0xb2edcb,94.5607%,13,226,239,2,2,11,224
0x4b6614,62.8571%,13,22,35,21,7,6,1
0x5c568c,94.1704%,13,210,223,0,0,13,210
0x9ed5ca,94.9807%,13,246,259,246,7,6,0
0x53868a,99.0806%,13,1401,1414,0,0,13,1401
0x911903,98.744%,13,1022,1035,86,10,3,936
0x4c4a34,99.4949%,13,2561,2574,83,3,10,2478
0x8f319d,99.4955%,13,2564,2577,2554,10,3,10
0x4046a8,91.7722%,13,145,158,83,12,1,62
0x48bd03,98.3544%,13,777,790,0,0,13,777
0x4045d1,94.1964%,13,211,224,0,0,13,211
0x4c4a6f,99.6006%,13,3242,3255,3242,13,0,0
0x8210f6,98.3523%,13,776,789,6,5,8,770
0xa5edf7,96.7901%,13,392,405,392,13,0,0
0x50e589,75.4717%,13,40,53,1,9,4,39
0x541c29,61.7647%,13,21,34,0,0,13,21
0x822534,96.9194%,13,409,422,4,2,11,405
0x9ab621,93.5%,13,187,200,152,1,12,35
0x48bf3e,88.0734%,13,96,109,93,6,7,3
0x81e0c8,94.8%,13,237,250,25,10,3,212
0xaa7f03,97.5425%,13,516,529,510,7,6,6
0x59130b,90.8451%,13,129,142,129,13,0,0
0x8aa932,99.62%,13,3408,3421,3408,13,0,0
0x49c096,86.8687%,13,86,99,84,11,2,2
0x911d12,97.9592%,13,624,637,199,2,11,425
0x972cd9,90.7143%,13,127,140,125,12,1,2
0x40f4d7,99.7067%,13,4419,4432,0,0,13,4419
0x504421,95.7096%,13,290,303,280,5,8,10
0xa4ba48,79.6875%,13,51,64,22,6,7,29
0xa58a51,91.0959%,13,133,146,129,9,4,4
0x5fd78f,99.1531%,13,1522,1535,1522,5,8,0
0x8fccbe,97.2281%,13,456,469,456,13,0,0
0x591283,95.5017%,13,276,289,239,7,6,37
0x5eb8c0,98.4778%,13,841,854,0,0,13,841
0xaa7f62,97.5425%,13,516,529,516,10,3,0
0x59c529,95.1673%,13,256,269,179,1,12,77
0x9eca1a,91.4474%,13,139,152,0,0,13,139
0x51b39b,99.3111%,13,1874,1887,382,12,1,1492
0x4a1258,98.833%,13,1101,1114,18,0,13,1083
0x8f648f,18.75%,13,3,16,3,13,0,0
0x4b61b1,38.0952%,13,8,21,0,0,13,8
0xa05910,74%,13,37,50,29,7,6,8
0x8efd72,88.8889%,13,104,117,96,10,3,8
0x94b84d,97.695%,13,551,564,0,0,13,551
0xaa2dba,95.7237%,13,291,304,291,13,0,0
0xa90744,94.2982%,13,215,228,2,3,10,213
0x4b8ae2,18.75%,13,3,16,0,0,13,3
0x8fcbc7,99.0349%,13,1334,1347,0,2,11,1334
0x835e26,65.7895%,13,25,38,18,10,3,7
0x8c87b3,97.1366%,13,441,454,5,7,6,436
0xa9d1be,84.1463%,13,69,82,8,8,5,61
0x9e291e,67.5%,13,27,40,2,8,5,25
0xb147f8,99.6947%,13,4245,4258,0,0,13,4245
0x4a0162,88.7931%,13,103,116,103,13,0,0
0x4bc060,99.1287%,13,1479,1492,1469,7,6,10
0x8ebb21,97.3306%,13,474,487,0,0,13,474
0x546295,96.2857%,13,337,350,0,0,13,337
0x7816fd,92.973%,13,172,185,140,12,1,32
0x8df018,90.0763%,13,118,131,109,6,7,9
0x60a775,98.9828%,13,1265,1278,0,0,13,1265
0x7acef2,84.3373%,13,70,83,54,2,11,16
0x65c1cd,97.1239%,13,439,452,439,13,0,0
0x80bd51,96.9977%,13,420,433,417,7,6,3
0xa909e6,92.0732%,13,151,164,151,9,4,0
0x410599,99.7693%,13,5623,5636,0,0,13,5623
0x499e02,59.375%,13,19,32,10,6,7,9
0x5d22cc,98.6472%,13,948,961,948,13,0,0
0x9e730d,95.7377%,13,292,305,284,7,6,8
0x4bc8c7,94.3723%,13,218,231,213,6,7,5
0x8dfe02,98.329%,13,765,778,120,10,3,645
0x58d1c5,85.8696%,13,79,92,62,10,3,17
0xa360db,95.6811%,13,288,301,175,9,4,113
0x94dc25,97.7853%,13,574,587,574,13,0,0
0x48e029,86.7347%,13,85,98,10,6,7,75
0x94dd23,97.7853%,13,574,587,0,0,13,574
0x5e37c9,98.0031%,13,638,651,638,13,0,0
0x643ddc,99.089%,13,1414,1427,0,0,13,1414
0x94de06,96.4286%,13,351,364,2,5,8,349
0x977d64,90.9091%,13,130,143,11,3,10,119
0x50505f,81.4286%,13,57,70,57,13,0,0
0xa9cd4a,71.7391%,13,33,46,27,7,6,6
0x90adbb,91.2752%,13,136,149,112,7,6,24
0x67f309,95%,13,247,260,117,9,4,130
0x8e12d1,99.4592%,13,2391,2404,1587,11,2,804
0x5b0e4b,99.5135%,13,2659,2672,0,0,13,2659
0x7e2068,65.7895%,13,25,38,12,13,0,13
0x5f929a,83.75%,13,67,80,0,0,13,67
0x9d0971,87.2549%,13,89,102,45,6,7,44
0xa46680,94.3723%,13,218,231,105,7,6,113
0x611753,98.2216%,13,718,731,718,13,0,0
0x4c4344,99.3574%,13,2010,2023,1931,6,7,79
0xa94297,92.5287%,13,161,174,3,5,8,158
0x508a6a,86.1702%,13,81,94,70,13,0,11
0x807c13,89.3443%,13,109,122,26,5,8,83
0x6096fd,91.9753%,13,149,162,149,13,0,0
0x40dea7,99.8837%,13,11168,11181,0,0,13,11168
0x907569,62.8571%,13,22,35,19,9,4,3
0x8def04,98.7154%,13,999,1012,584,6,7,415
0x8ab0ce,98.4813%,13,843,856,0,0,13,843
0x9fdcac,48%,13,12,25,12,6,7,0
0x9aa6b0,97.3737%,13,482,495,477,13,0,5
0xa48043,95.6954%,13,289,302,266,3,10,23
0xa5f948,97.0387%,13,426,439,0,4,9,426
0x907558,71.1111%,13,32,45,1,9,4,31
0x507d43,63.8889%,13,23,36,22,9,4,1
0x9e1af6,88.9831%,13,105,118,0,0,13,105
0x80fc27,61.7647%,13,21,34,13,3,10,8
0x48b9cf,99.5191%,13,2690,2703,0,0,13,2690
0x48f7c0,76.3636%,13,42,55,29,8,5,13
0xa308e3,98.75%,13,1027,1040,295,9,4,732
0xa52fa8,93.299%,13,181,194,0,2,11,181
0x4ba0ec,95.0192%,13,248,261,221,10,3,27
0x49f9e2,91.7197%,13,144,157,144,13,0,0
0x55216c,99.7494%,13,5174,5187,0,0,13,5174
0xaa34ce,98.6096%,13,922,935,4,7,6,918
0x900fd1,64.8649%,13,24,37,0,0,13,24
0x4b4bbf,95%,13,247,260,52,6,7,195
0xab57a5,95.1493%,13,255,268,255,13,0,0
0x94d85c,97.5655%,13,521,534,0,0,13,521
0x50d71f,84.5238%,13,71,84,33,9,4,38
0x5118be,93.8679%,13,199,212,0,0,13,199
0x4bfdcd,65.7895%,13,25,38,6,7,6,19
0x556d38,94.7368%,13,234,247,137,5,8,97
0x488b01,97.5285%,13,513,526,0,0,13,513
0x9a82a7,7.14286%,13,1,14,1,13,0,0
0x819f04,85.7143%,13,78,91,68,6,7,10
0xaaae63,95.6954%,13,289,302,27,9,4,262
0x50b2d7,70.4545%,13,31,44,28,12,1,3
0x5b4129,58.0645%,13,18,31,6,5,8,12
0x5fa423,86.4583%,13,83,96,13,8,5,70
0x8efc8e,88.8889%,13,104,117,104,13,0,0
0x48e82c,76.7857%,13,43,56,41,8,5,2
0x48d83d,99.3015%,13,1848,1861,0,0,13,1848
0x5b34ce,71.1111%,13,32,45,31,9,4,1
0xa369a5,96.9907%,13,419,432,403,13,0,16
0xa41ada,99.1875%,13,1587,1600,0,0,13,1587
0x9f0bec,86.3158%,13,82,95,0,0,13,82
0x5cf4d2,66.6667%,13,26,39,0,0,13,26
0x8fdd4b,86.0215%,13,80,93,74,11,2,6
0x64c080,89.7638%,13,114,127,112,6,7,2
0x80bd0b,92.2156%,13,154,167,63,3,10,91
0x8fe580,96.8825%,13,404,417,0,0,13,404
0x99bde1,93.5961%,13,190,203,186,4,9,4
0x77ffb4,97.5791%,13,524,537,489,11,2,35
0x4096cd,80%,13,52,65,2,5,8,50
0x591aea,92.3977%,13,158,171,14,5,8,144
0x50a0da,79.0323%,13,49,62,1,5,8,48
0x4b66db,53.5714%,13,15,28,0,8,5,15
0xb0c524,91.1565%,13,134,147,0,0,13,134
0x80e9a0,97.5285%,13,513,526,23,7,6,490
0x8d205f,99.1492%,13,1515,1528,26,0,13,1489
0x9d052f,95.6376%,13,285,298,285,13,0,0
0x9eefa4,94.3478%,13,217,230,217,7,6,0
0xa59009,89.0756%,13,106,119,66,11,2,40
0xb14870,99.6947%,13,4245,4258,4245,13,0,0
0x81e4c4,99.3856%,13,2103,2116,2102,1,12,1
0x5b1513,97.5%,13,507,520,12,7,6,495
0x679c73,99.2442%,13,1707,1720,1707,13,0,0
0x8ff1c3,92.6136%,13,163,176,2,4,9,161
0x4a022e,95.2756%,12,242,254,0,2,10,242
0x8e7e43,96.3746%,12,319,331,104,3,9,215
0xa50193,91.8919%,12,136,148,47,10,2,89
0x556cdf,95.1417%,12,235,247,235,12,0,0
0x595dd8,98.4476%,12,761,773,2,2,10,759
0xa92f6e,86.3636%,12,76,88,73,8,4,3
0xa3735c,71.4286%,12,30,42,1,9,3,29
0x40490d,97.7099%,12,512,524,262,3,9,250
0x5fa240,95.2569%,12,241,253,0,0,12,241
0x9777b8,98.6286%,12,863,875,0,6,6,863
0xa48160,96.0265%,12,290,302,57,7,5,233
0x81b93e,58.6207%,12,17,29,3,7,5,14
0x542436,99.4758%,12,2277,2289,0,0,12,2277
0x950fc4,97.2222%,12,420,432,420,12,0,0
0x53dc61,90.5512%,12,115,127,110,7,5,5
0x4a72bc,94.6903%,12,214,226,214,11,1,0
0xb0c080,99.7639%,12,5071,5083,1225,9,3,3846
0x4894ee,98.627%,12,862,874,862,12,0,0
0x5c6be3,99.6613%,12,3531,3543,1385,10,2,2146
0x8a8e95,99.2788%,12,1652,1664,1652,8,4,0
0x4ba042,97.4576%,12,460,472,446,2,10,14
0x4a02f1,72.7273%,12,32,44,32,12,0,0
0x918cd3,94%,12,188,200,188,12,0,0
0x542e8a,92.1569%,12,141,153,141,12,0,0
0x54eac9,90.5512%,12,115,127,115,12,0,0
0x9e0130,98.8827%,12,1062,1074,0,0,12,1062
0x5bbd17,99.7147%,12,4194,4206,4194,6,6,0
0x49bfe4,97.6238%,12,493,505,0,6,6,493
0xa41a7f,99.5843%,12,2875,2887,2854,5,7,21
0x4043cd,99.4971%,12,2374,2386,0,0,12,2374
0x80dfcf,99.6591%,12,3508,3520,3292,8,4,216
0x627b7c,95.2941%,12,243,255,243,12,0,0
0x805ee1,94.1748%,12,194,206,160,3,9,34
0x781d5d,99.9484%,12,23259,23271,0,0,12,23259
0x51c2ae,99.6062%,12,3035,3047,0,0,12,3035
0x9c3e5c,77.7778%,12,42,54,42,12,0,0
0xb34676,93.2203%,12,165,177,0,0,12,165
0x67062c,70.7317%,12,29,41,0,0,12,29
0x782656,99.4267%,12,2081,2093,0,0,12,2081
0xad7f16,99.2937%,12,1687,1699,0,0,12,1687
0x58e42b,88.9908%,12,97,109,58,6,6,39
0x508ff2,68.4211%,12,26,38,12,6,6,14
0x547431,80.3279%,12,49,61,49,12,0,0
0x835cb9,68.4211%,12,26,38,10,6,6,16
0x7c21ae,91.3669%,12,127,139,5,8,4,122
0x40d256,99.8903%,12,10926,10938,10926,12,0,0
0x511280,99.7429%,12,4655,4667,4655,12,0,0
0x9e08fe,96.5909%,12,340,352,253,10,2,87
0x494330,88.5714%,12,93,105,29,9,3,64
0xa4d472,91.0448%,12,122,134,61,6,6,61
0xa4109c,72.093%,12,31,43,5,3,9,26
0x58b745,98.4%,12,738,750,737,9,3,1
0x4c1b9d,97.7695%,12,526,538,20,4,8,506
0x40f860,84.2105%,12,64,76,0,0,12,64
0x485ad4,88.1188%,12,89,101,89,12,0,0
0x8dfeec,82.3529%,12,56,68,50,8,4,6
0x489d35,99.6945%,12,3916,3928,3916,12,0,0
0x8f0bc4,75%,12,36,48,36,12,0,0
0x96c1cb,91.7241%,12,133,145,0,0,12,133
0x54fac0,92.053%,12,139,151,93,6,6,46
0x4a96eb,82.3529%,12,56,68,45,12,0,11
0x8aa993,99.6492%,12,3409,3421,0,0,12,3409
0xa5fa83,99.2063%,12,1500,1512,0,8,4,1500
0x8216ee,96.5318%,12,334,346,10,4,8,324
0x5baadc,99.373%,12,1902,1914,1902,12,0,0
0x8b974a,99.9413%,12,20428,20440,0,0,12,20428
0x54f31c,45.4545%,12,10,22,0,0,12,10
0x4a5c00,78.1818%,12,43,55,0,3,9,43
0x4a9c84,61.2903%,12,19,31,7,8,4,12
0x9746c7,82.3529%,12,56,68,41,8,4,15
0x814d99,95.7295%,12,269,281,37,4,8,232
0x541cb0,99.1603%,12,1417,1429,32,3,9,1385
0x9e0be4,94.7598%,12,217,229,202,4,8,15
0x7809ae,87.7551%,12,86,98,14,7,5,72
0x53b0e0,99.7674%,12,5147,5159,0,0,12,5147
0x5419c7,98.9238%,12,1103,1115,37,4,8,1066
0x4a1cd1,90.9091%,12,120,132,28,8,4,92
0x512e86,98.5294%,12,804,816,0,0,12,804
0x90831d,99.4413%,12,2136,2148,0,0,12,2136
0xa4286c,94.6667%,12,213,225,43,7,5,170
0xa08f44,81.25%,12,52,64,52,5,7,0
0x5484f1,99.9071%,12,12902,12914,0,0,12,12902
0x54ed48,99.2248%,12,1536,1548,1536,12,0,0
0x90ad16,98.7513%,12,949,961,915,2,10,34
0x49c063,97.5952%,12,487,499,0,6,6,487
0x81390a,72.7273%,12,32,44,4,9,3,28
0x63d217,47.8261%,12,11,23,2,9,3,9
0x499a0c,92.1569%,12,141,153,141,12,0,0
0x4acbf2,20%,12,3,15,3,12,0,0
0x58d2c1,86.9565%,12,80,92,26,4,8,54
0x65afdf,7.69231%,12,1,13,1,12,0,0
0x504e76,87.6289%,12,85,97,55,4,8,30
0x6095e7,85.5422%,12,71,83,35,5,7,36
0x784ab9,95.5224%,12,256,268,249,11,1,7
0x48db7f,96.3526%,12,317,329,0,0,12,317
0xa58ab3,87.5%,12,84,96,84,12,0,0
0x5bb444,89.916%,12,107,119,90,6,6,17
0x94e9e8,80%,12,48,60,28,2,10,20
0x53e458,99.8227%,12,6757,6769,6757,12,0,0
0x8f488d,99.1323%,12,1371,1383,1371,12,0,0
0x8ef183,62.5%,12,20,32,0,0,12,20
0x40e1f3,83.3333%,12,60,72,60,12,0,0
0xa449f3,98.08%,12,613,625,0,4,8,613
0x63d22e,68.4211%,12,26,38,24,2,10,2
0x6104df,95.4373%,12,251,263,251,12,0,0
0x94e8cd,80%,12,48,60,27,3,9,21
0x4038d5,96.8912%,12,374,386,4,6,6,370
0x48d636,99.734%,12,4499,4511,0,0,12,4499
0x5049bf,81.25%,12,52,64,20,3,9,32
0x53e3d4,99.499%,12,2383,2395,2383,10,2,0
0x5437fd,91.3043%,12,126,138,0,3,9,126
0xa95c24,90.7692%,12,118,130,115,9,3,3
0x5115e6,99.5104%,12,2439,2451,2439,12,0,0
0x5cb07e,98.6456%,12,874,886,0,0,12,874
0x4036ea,98.4829%,12,779,791,0,0,12,779
0x49fa41,92.3567%,12,145,157,3,12,0,142
0x9ab648,74.4681%,12,35,47,35,8,4,0
0x6191a0,96.648%,12,346,358,0,0,12,346
0x558a5d,98.0551%,12,605,617,0,3,9,605
0xa4a74f,58.6207%,12,17,29,0,6,6,17
0x53a1cb,77.7778%,12,42,54,31,11,1,11
0xa550a4,95.9866%,12,287,299,280,7,5,7
0x48a7ab,98.9601%,12,1142,1154,1142,12,0,0
0xa4a232,78.5714%,12,44,56,33,5,7,11
0x5095e6,70.7317%,12,29,41,0,0,12,29
0x48a088,99.6997%,12,3984,3996,3984,12,0,0
0x40f32b,99.7292%,12,4420,4432,0,0,12,4420
0xa6098b,96.0656%,12,293,305,0,6,6,293
0x9443f6,84.2105%,12,64,76,48,10,2,16
0x8bb254,97.066%,12,397,409,397,12,0,0
0x5cf5de,99.1367%,12,1378,1390,0,0,12,1378
0x94ef4a,80%,12,48,60,24,6,6,24
0x8f3fac,95%,12,228,240,0,0,12,228
0x507d0f,66.6667%,12,24,36,6,12,0,18
0x534f9a,62.5%,12,20,32,0,0,12,20
0x8b9ca3,99.5881%,12,2901,2913,0,0,12,2901
0x8f45d5,78.9474%,12,45,57,40,5,7,5
0x4038cc,96.9231%,12,378,390,4,0,12,374
0x54ef44,72.093%,12,31,43,0,0,12,31
0x543617,91.1111%,12,123,135,0,0,12,123
0xa2d61e,97.4843%,12,465,477,0,4,8,465
0x5ff1ec,97.4249%,12,454,466,0,0,12,454
0x54834f,99.9071%,12,12902,12914,12900,10,2,2
0x4a6c1a,71.4286%,12,30,42,0,0,12,30
0x5580a9,98.1651%,12,642,654,642,12,0,0
0x82201b,62.5%,12,20,32,20,12,0,0
0x4464da,97.9557%,12,575,587,575,12,0,0
0x8fdcf1,96.8504%,12,369,381,325,8,4,44
0x8f6a9c,89.916%,12,107,119,102,7,5,5
0x4b6a42,80.3279%,12,49,61,40,12,0,9
0x5aef23,98.2759%,12,684,696,0,0,12,684
0x40d2ea,90.7692%,12,118,130,4,4,8,114
0x8da62b,99.4366%,12,2118,2130,0,2,10,2118
0xad7ecb,99.3485%,12,1830,1842,1830,12,0,0
0x7cf530,36.8421%,12,7,19,2,9,3,5
0x40517e,99.8551%,12,8270,8282,8270,12,0,0
0x54f3d4,45.4545%,12,10,22,10,12,0,0
0x90023a,98.0707%,12,610,622,2,5,7,608
0x48a308,99.4256%,12,2077,2089,2077,12,0,0
0x6084ac,86.6667%,12,78,90,64,12,0,14
0x81e6a5,97.83%,12,541,553,73,5,7,468
0x819169,82.3529%,12,56,68,22,12,0,34
0x4c221d,92.8571%,12,156,168,10,7,5,146
0x8194c9,88.785%,12,95,107,21,6,6,74
0x9ee02e,92.7273%,12,153,165,0,4,8,153
0x53b2a0,99.5078%,12,2426,2438,0,0,12,2426
0x8be448,98.6971%,12,909,921,895,8,4,14
0x48d160,70.7317%,12,29,41,0,0,12,29
0x8198ee,98.549%,12,815,827,315,1,11,500
0x8f295c,98.7526%,12,950,962,14,6,6,936
0x40e75d,99.384%,12,1936,1948,331,7,5,1605
0x59148a,97.7055%,12,511,523,493,4,8,18
0x40e727,94.1463%,12,193,205,178,7,5,15
0x48a76f,98.9601%,12,1142,1154,0,0,12,1142
0xa2d794,95.7597%,12,271,283,271,8,4,0
0x78d8ad,98.0614%,12,607,619,607,12,0,0
0x4a0252,91.3043%,12,126,138,0,0,12,126
0x548235,99.8243%,12,6817,6829,0,0,12,6817
0x5f6d45,70%,12,28,40,3,8,4,25
0x51b81a,99.673%,12,3658,3670,0,0,12,3658
0x5d283d,91.7241%,12,133,145,0,0,12,133
0x58bd04,85.3659%,12,70,82,70,12,0,0
0x5d1186,91.7241%,12,133,145,0,0,12,133
0xb3279a,99.8137%,12,6430,6442,0,0,12,6430
0xa34b0a,91.4286%,12,128,140,37,7,5,91
0x971431,85.8824%,12,73,85,73,5,7,0
0xa46858,86.0465%,12,74,86,74,12,0,0
0x9ee268,80.6452%,12,50,62,33,11,1,17
0x54d6ec,40%,12,8,20,8,12,0,0
0x4bb9e3,80.6452%,12,50,62,33,8,4,17
0x9a0c5f,57.1429%,12,16,28,14,7,5,2
0x9f986c,86.8132%,12,79,91,0,6,6,79
0x9e711f,73.913%,12,34,46,29,10,2,5
0x96aec1,73.913%,12,34,46,2,6,6,32
0x4044fe,99.0909%,12,1308,1320,4,3,9,1304
0xa90503,78.9474%,12,45,57,15,1,11,30
0xa30f28,93.8462%,12,183,195,0,0,12,183
0xa48e2b,93.2584%,12,166,178,24,9,3,142
0x5fd9d2,99.8965%,12,11580,11592,0,0,12,11580
0xa15a0d,97.7099%,12,512,524,43,11,1,469
0x5b0f3a,79.3103%,12,46,58,0,0,12,46
0x99c97f,98.4085%,12,742,754,742,12,0,0
0x4ca064,98.7193%,12,925,937,922,7,5,3
0x8f0c6a,86.2069%,12,75,87,8,9,3,67
0xa43a6b,96.6667%,12,348,360,21,7,5,327
0xa35b38,99.6316%,12,3245,3257,3220,5,7,25
0xaab454,98.3957%,12,736,748,736,12,0,0
0x5af0de,98.2759%,12,684,696,0,0,12,684
0x55013d,75%,12,36,48,34,11,1,2
0x5de793,99.033%,12,1229,1241,1229,12,0,0
0xa159fd,97.7358%,12,518,530,0,6,6,518
0x5eb8e6,98.5948%,12,842,854,842,12,0,0
0x4bc512,94.6188%,12,211,223,204,4,8,7
0x4ca662,73.913%,12,34,46,6,5,7,28
0x499c29,77.3585%,12,41,53,41,12,0,0
0x5d21cd,99.0361%,12,1233,1245,1233,12,0,0
0x9ed4f2,95.3668%,12,247,259,171,3,9,76
0x9aa18c,82.8571%,12,58,70,3,7,5,55
0x5bce6e,98.7552%,12,952,964,952,12,0,0
0x483577,55.5556%,12,15,27,15,12,0,0
0x5f7ac1,92.8144%,12,155,167,150,10,2,5
0xa548b2,77.7778%,12,42,54,42,12,0,0
0x5d1b25,89.0909%,12,98,110,0,0,12,98
0x5f8c8f,86.5169%,12,77,89,40,4,8,37
0x9e743c,97.3154%,12,435,447,7,6,6,428
0xa4688a,83.0986%,12,59,71,37,8,4,22
0x72286d,99.079%,12,1291,1303,1291,12,0,0
0x822541,97.1564%,12,410,422,3,3,9,407
0x99af52,74.4681%,12,35,47,33,7,5,2
0x9e2c45,66.6667%,12,24,36,3,10,2,21
0xa481e9,96.0265%,12,290,302,240,2,10,50
0x8151e1,79.661%,12,47,59,46,5,7,1
0x546949,95.9596%,12,285,297,283,6,6,2
0x4b50b7,90.625%,12,116,128,1,7,5,115
0x4ba67a,96.7828%,12,361,373,22,9,3,339
0x63a6b9,94%,12,188,200,188,12,0,0
0xaa4f72,91.8367%,12,135,147,135,12,0,0
0x8fd9dd,95.3488%,12,246,258,246,7,5,0
0x9fc06f,96.0784%,12,294,306,82,9,3,212
0xa9287f,75.5102%,12,37,49,35,8,4,2
0x98469f,87.3684%,12,83,95,13,7,5,70
0x609579,96.6006%,12,341,353,92,9,3,249
0x9a702a,53.8462%,12,14,26,11,6,6,3
0x40d91c,99.4979%,12,2378,2390,2378,12,0,0
0xa50261,85.1852%,12,69,81,69,8,4,0
0x50da21,97.9557%,12,575,587,569,3,9,6
0x6f54eb,97.7011%,12,510,522,476,6,6,34
0x8ec3fe,95.4717%,12,253,265,8,3,9,245
0xa95cd7,85.8824%,12,73,85,18,10,2,55
0x64388b,69.2308%,12,27,39,0,0,12,27
0xa399f5,98.0645%,12,608,620,608,12,0,0
0xa26b55,53.8462%,12,14,26,0,0,12,14
0xa16105,98.8626%,12,1043,1055,1043,6,6,0
0x9a2337,90.4762%,12,114,126,3,12,0,111
0x48ab59,99.8581%,12,8446,8458,8446,12,0,0
0x60a6c3,76%,12,38,50,0,0,12,38
0x5fea06,71.4286%,12,30,42,6,6,6,24
0x505aec,98.3784%,12,728,740,726,3,9,2
0x8fcf67,94.7826%,12,218,230,218,12,0,0
0x4b9f69,88.9908%,12,97,109,37,9,3,60
0xa90560,81.8182%,12,54,66,4,5,7,50
0x9d1b52,60%,12,18,30,0,6,6,18
0xa904be,92.6829%,12,152,164,99,4,8,53
0xa9056b,78.9474%,12,45,57,45,12,0,0
0xaaae42,93.5484%,12,174,186,0,0,12,174
0x485cb3,96.0784%,12,294,306,0,0,12,294
0x8c9349,97.9167%,12,564,576,1,4,8,563
0x901700,93.5829%,12,175,187,0,0,12,175
0x5351b9,62.5%,12,20,32,20,12,0,0
0x4b9f2a,96.4706%,12,328,340,103,5,7,225
0x9f29f0,93.0636%,12,161,173,64,5,7,97
0xa48aae,93.2584%,12,166,178,7,4,8,159
0x4024e0,88.8889%,12,96,108,7,5,7,89
0x50734b,98.3784%,12,728,740,0,0,12,728
0x4b5aad,55.5556%,12,15,27,0,0,12,15
0x489d6e,99.8056%,12,6160,6172,0,0,12,6160
0x4a1d21,99.2213%,12,1529,1541,1529,12,0,0
0x81cb78,93.4066%,12,170,182,3,7,5,167
0x8188ca,93.5135%,12,173,185,166,6,6,7
0x552b4b,53.8462%,12,14,26,14,8,4,0
0x50773c,72.7273%,12,32,44,0,0,12,32
0x507763,33.3333%,12,6,18,6,12,0,0
0x501363,99.2556%,12,1600,1612,0,0,12,1600
0xa4819b,94.958%,12,226,238,184,9,3,42
0x81ffeb,96.2848%,12,311,323,117,9,3,194
0x9f9602,86.9565%,12,80,92,64,4,8,16
0x60a8ec,98.481%,12,778,790,0,0,12,778
0x944877,89.8305%,12,106,118,106,12,0,0
0x501642,99.1585%,12,1414,1426,0,0,12,1414
0x809200,90.2439%,12,111,123,110,3,9,1
0x409bb7,79.3103%,12,46,58,9,8,4,37
0xa024f5,99.3193%,12,1751,1763,1751,12,0,0
0x405ee4,81.8182%,12,54,66,45,9,3,9
0x49634b,64.7059%,12,22,34,0,0,12,22
0x40a624,75%,12,36,48,14,8,4,22
0x54eddc,72.093%,12,31,43,0,0,12,31
0x9a5edf,14.2857%,12,2,14,2,12,0,0
0x4b789a,61.2903%,12,19,31,1,2,10,18
0x535870,61.2903%,12,19,31,1,6,6,18
0x4c3cc1,89.916%,12,107,119,104,8,4,3
0x552984,90.4762%,12,114,126,0,6,6,114
0x65168d,78.5714%,12,44,56,0,0,12,44
0x50b303,70%,12,28,40,28,10,2,0
0x50b102,72.7273%,12,32,44,1,3,9,31
0x60b2fd,80.6452%,12,50,62,50,12,0,0
0x4bedb5,92.8144%,12,155,167,101,8,4,54
0x503d5d,76.9231%,12,40,52,37,9,3,3
0x5ee1d6,93.2203%,12,165,177,0,0,12,165
0x503a7b,80.3279%,12,49,61,48,12,0,1
0x50d954,53.8462%,12,14,26,0,0,12,14
0x5086a6,81.25%,12,52,64,21,5,7,31
0x820dd8,95.082%,12,232,244,0,0,12,232
0x608c31,97.8339%,12,542,554,542,12,0,0
0xb32360,98.7616%,12,957,969,0,0,12,957
0x6705c4,90.9774%,12,121,133,0,0,12,121
0x65bc91,97.6238%,12,493,505,0,0,12,493
0x94e16d,97.0803%,12,399,411,399,12,0,0
0x50d3df,92.5466%,12,149,161,149,12,0,0
0x51c292,99.0008%,12,1189,1201,1189,12,0,0
0x50d2db,95.9732%,12,286,298,0,0,12,286
0xa9746e,71.4286%,12,30,42,18,4,8,12
0x96b1a7,98.677%,12,895,907,0,0,12,895
0x48aefb,94.4186%,12,203,215,203,12,0,0
0x9a7bef,97.8533%,12,547,559,3,5,7,544
0x489cfa,99.7011%,12,4003,4015,4003,12,0,0
0x58ca15,96.319%,12,314,326,314,12,0,0
0x8ff6f7,93.8776%,12,184,196,1,6,6,183
0x647a1b,73.3333%,12,33,45,24,9,3,9
0xa4a0e1,89.3805%,12,101,113,61,6,6,40
0xa46da3,96.0265%,12,290,302,233,9,3,57
0x90223a,99.2929%,12,1685,1697,0,2,10,1685
0x49c3d0,25%,12,4,16,0,0,12,4
0x7d2c17,98.0551%,12,605,617,254,12,0,351
0x9a9d32,93.2584%,12,166,178,115,9,3,51
0x96b189,98.677%,12,895,907,0,0,12,895
0x4a8ce4,69.2308%,12,27,39,15,4,8,12
0x49cac3,97.5052%,12,469,481,0,6,6,469
0x7d2ec0,98.5646%,12,824,836,29,7,5,795
0xa46ab2,87.5%,12,84,96,31,9,3,53
0xa31b60,94.3662%,12,201,213,180,2,10,21
0xa4534a,76%,12,38,50,38,4,8,0
0x53f5da,99.3834%,12,1934,1946,0,0,12,1934
0x807f10,90.8397%,12,119,131,63,6,6,56
0x8e694e,87.7551%,12,86,98,86,12,0,0
0x815d46,91.3669%,12,127,139,5,5,7,122
0x991acc,93.7173%,12,179,191,0,0,12,179
0x835d96,77.3585%,12,41,53,0,0,12,41
0x948743,99.1678%,12,1430,1442,1430,12,0,0
0x8deda6,99.6816%,12,3757,3769,0,0,12,3757
0x40455d,98.3539%,12,717,729,717,12,0,0
0xa916e3,93.9698%,12,187,199,0,4,8,187
0x9aaedf,90.3226%,12,112,124,67,12,0,45
0x9ab97b,94.8052%,12,219,231,219,12,0,0
0x94a073,94.6188%,12,211,223,211,12,0,0
0x9aaf85,97.8102%,12,536,548,536,12,0,0
0x8e5119,99.393%,12,1965,1977,1514,9,3,451
0xaa8032,97.7316%,12,517,529,517,12,0,0
0x60dc2a,80%,12,48,60,31,7,5,17
0x942602,93.9086%,12,185,197,72,4,8,113
0x5f1111,96.0784%,12,294,306,280,7,5,14
0x8e44ac,96.7828%,12,361,373,0,8,4,361
0x8f31b1,99.532%,12,2552,2564,2552,12,0,0
0xa3a2ac,98.3425%,12,712,724,712,12,0,0
0x4a5b52,78.1818%,12,43,55,43,12,0,0
0x4a5b45,72.7273%,12,32,44,0,0,12,32
0x9f6d5b,94.4954%,12,206,218,206,7,5,0
0x60b367,96.2617%,12,309,321,309,12,0,0
0xa487ae,95.0413%,12,230,242,61,3,9,169
0xa452ea,96.9849%,12,386,398,44,6,6,342
0x80fb55,98.3871%,12,732,744,496,4,8,236
0x49196b,83.3333%,12,60,72,0,7,5,60
0xa25bea,98.8154%,12,1001,1013,1001,12,0,0
0xa51c5f,85%,12,68,80,34,8,4,34
0xb18227,98.806%,12,993,1005,18,1,11,975
0xa9c5e4,78.9474%,12,45,57,5,10,2,40
0x8f0d3f,70%,12,28,40,28,12,0,0
0x96b1b3,98.677%,12,895,907,0,0,12,895
0x4039b1,64.7059%,12,22,34,13,3,9,9
0xa91a76,93.8462%,12,183,195,0,0,12,183
0x49e0d1,96.4912%,12,330,342,0,6,6,330
0x58bf1d,84.8101%,12,67,79,67,12,0,0
0x900792,84.2105%,12,64,76,53,6,6,11
0xa55f57,86.0465%,12,74,86,74,4,8,0
0x8a9648,87.0968%,12,81,93,4,8,4,77
0x5b02eb,86.6667%,12,78,90,0,0,12,78
0x4993a2,71.4286%,12,30,42,30,12,0,0
0x5337cc,52%,12,13,25,13,5,7,0
0x9eb764,92.8144%,12,155,167,27,12,0,128
0x4ba593,95.9184%,12,282,294,282,8,4,0
0xa9ed0b,90.2439%,12,111,123,35,7,5,76
0x4bacfe,94.4954%,12,206,218,204,6,6,2
0x5f27af,61.2903%,12,19,31,19,12,0,0
0x5423d0,94.5205%,12,207,219,0,0,12,207
0x4a6cad,87.8788%,12,87,99,0,0,12,87
0xa45028,98.0296%,12,597,609,0,4,8,597
0xa54fe1,76%,12,38,50,5,7,5,33
0xa39314,98.1132%,12,624,636,0,0,12,624
0xab32c3,93.75%,12,180,192,14,6,6,166
0x5c6c80,99.2806%,12,1656,1668,1656,12,0,0
0xaa5710,87.0968%,12,81,93,0,0,12,81
0x4ace7f,93.3702%,12,169,181,169,10,2,0
0xa596e2,53.8462%,12,14,26,10,6,6,4
0xb2175d,96.5318%,12,334,346,334,12,0,0
0x5fd590,99.1124%,12,1340,1352,1340,4,8,0
0x9a6fa6,53.8462%,12,14,26,2,8,4,12
0xb3234e,98.7616%,12,957,969,0,0,12,957
0x5127fa,97.1223%,12,405,417,11,9,3,394
0xa976e5,40%,12,8,20,6,4,8,2
0xa9d29d,64.7059%,12,22,34,16,8,4,6
0xa52a91,93.617%,12,176,188,19,5,7,157
0x4fdab0,96.2382%,12,307,319,3,1,11,304
0xa05b60,99.2476%,12,1583,1595,1563,3,9,20
0x53c649,98.3806%,12,729,741,0,0,12,729
0xa41ea8,98.1873%,12,650,662,410,9,3,240
0x9d08fb,88.2353%,12,90,102,90,12,0,0
0x837d5e,90.5512%,12,115,127,7,7,5,108
0xb1c3d6,96.5318%,12,334,346,263,1,11,71
0xa57942,92.8571%,12,156,168,27,12,0,129
0xa4bab3,93.8144%,12,182,194,182,8,4,0
0xa50093,85.1852%,12,69,81,7,9,3,62
0xb17985,98.869%,12,1049,1061,1049,12,0,0
0xa32d24,87.3684%,12,83,95,83,10,2,0
0x4a5af6,42.8571%,12,9,21,1,9,3,8
0x8062ea,94.2857%,12,198,210,105,4,8,93
0x97430f,97.5952%,12,487,499,487,12,0,0
0x4b598c,99.4042%,12,2002,2014,1971,5,7,31
0x50110a,99.8761%,12,9671,9683,9671,12,0,0
0x9ea69a,90.625%,12,116,128,23,5,7,93
0x4bbe72,93.9394%,12,186,198,7,9,3,179
0x833a9c,89.0909%,12,98,110,94,5,7,4
0xa01b61,82.3529%,12,56,68,7,6,6,49
0x59bbc3,99.4434%,12,2144,2156,0,0,12,2144
0x7efd39,83.3333%,12,60,72,0,7,5,60
0x9f5caf,57.1429%,12,16,28,3,6,6,13
0x9ec030,93.5484%,12,174,186,173,3,9,1
0xa2ee8b,93.4783%,12,172,184,144,5,7,28
0x47f282,98.4476%,12,761,773,0,0,12,761
0x58c8a3,96.319%,12,314,326,17,12,0,297
0xa15ee1,94.5455%,12,208,220,204,5,7,4
0xa59270,89.916%,12,107,119,5,5,7,102
0xa503a5,96.6851%,12,350,362,350,8,4,0
0x4ba33f,96.319%,12,314,326,285,9,3,29
0xa9104c,94.0594%,12,190,202,0,0,12,190
0x5d7f3d,97.1631%,12,411,423,408,11,1,3
0x5bcebd,98.7552%,12,952,964,917,3,9,35
0x610a5b,7.69231%,12,1,13,0,0,12,1
0x8065fe,55.5556%,12,15,27,8,7,5,7
0x5d86f4,95.2381%,12,240,252,213,9,3,27
0x489b4e,97.1154%,12,404,416,404,6,6,0
0x978003,91.3669%,12,127,139,0,0,12,127
0x810015,97.619%,12,492,504,428,6,6,64
0x639006,33.3333%,12,6,18,0,0,12,6
0x8a552a,70%,12,28,40,0,0,12,28
0x7d1add,98.3027%,12,695,707,67,12,0,628
0xa02c78,88.4615%,12,92,104,68,4,8,24
0x5bac04,97.561%,12,480,492,6,6,6,474
0x8ffb13,95.7143%,12,268,280,268,12,0,0
0x51b00c,95.3846%,12,248,260,4,5,7,244
0x5349d2,97.5309%,12,474,486,474,3,9,0
0x977c69,91.6084%,12,131,143,16,7,5,115
0x9a2345,89.1892%,12,99,111,99,12,0,0
0x541bef,82.5397%,11,52,63,1,8,3,51
0x7d2eb4,98.7818%,11,892,903,56,11,0,836
0x66d442,99.3739%,11,1746,1757,291,2,9,1455
0x591f7c,84.2857%,11,59,70,15,3,8,44
0x8ffaeb,98.4081%,11,680,691,4,0,11,676
0x9f5149,96.8481%,11,338,349,2,2,9,336
0x9a7327,60.7143%,11,17,28,4,6,5,13
0x4a8dd0,94.8357%,11,202,213,202,6,5,0
0x8efc1a,90.2655%,11,102,113,102,6,5,0
0xa2d6a6,94.4444%,11,187,198,0,4,7,187
0x8dcbfa,99.5215%,11,2288,2299,1514,7,4,774
0x65c224,99.7766%,11,4914,4925,38,1,10,4876
0x610dbc,99.7538%,11,4457,4468,0,0,11,4457
0x49f69d,89.8148%,11,97,108,29,7,4,68
0xb30007,98.5696%,11,758,769,758,6,5,0
0x98ce58,99.4092%,11,1851,1862,0,0,11,1851
0x82133e,99.6931%,11,3573,3584,3573,11,0,0
0xa48106,95.4545%,11,231,242,231,11,0,0
0xb148a3,99.7417%,11,4247,4258,0,0,11,4247
0x4c6282,75%,11,33,44,19,5,6,14
0xb3479e,97.3621%,11,406,417,406,7,4,0
0x977f0b,99.2768%,11,1510,1521,0,0,11,1510
0x8f3217,86.9048%,11,73,84,69,3,8,4
0x9013d9,88.5417%,11,85,96,40,6,5,45
0x5afe36,56%,11,14,25,2,2,9,12
0x5cfab6,95.6349%,11,241,252,241,11,0,0
0x4936eb,74.4186%,11,32,43,29,5,6,3
0x40d3dd,98.1067%,11,570,581,570,11,0,0
0x8dce87,93.7143%,11,164,175,0,0,11,164
0xa3117b,95.0673%,11,212,223,77,5,6,135
0x969506,99.4673%,11,2054,2065,2054,11,0,0
0xa353db,98.8069%,11,911,922,0,0,11,911
0x48d041,60.7143%,11,17,28,16,11,0,1
0x9bc7f7,96.3211%,11,288,299,118,9,2,170
0x5350a9,89%,11,89,100,0,0,11,89
0x9a4809,45%,11,9,20,3,5,6,6
0x4b5c77,94.4724%,11,188,199,23,9,2,165
0x901b0b,95.6%,11,239,250,221,7,4,18
0xa2d2e4,97.1795%,11,379,390,0,5,6,379
0x402e70,89.9083%,11,98,109,68,7,4,30
0x821408,98.9871%,11,1075,1086,0,0,11,1075
0x9a8b7c,96.6767%,11,320,331,260,9,2,60
0x643074,96.8023%,11,333,344,0,0,11,333
0xaa336a,98.8878%,11,978,989,0,0,11,978
0x5053ea,45%,11,9,20,2,6,5,7
0x47f287,98.577%,11,762,773,762,11,0,0
0x976e9b,67.6471%,11,23,34,12,4,7,11
0x978415,98.5897%,11,769,780,0,0,11,769
0xa57bcf,81.9672%,11,50,61,6,5,6,44
0x67f10b,99.7423%,11,4258,4269,2242,6,5,2016
0x9a82f0,21.4286%,11,3,14,3,11,0,0
0xa2ed3f,87.2093%,11,75,86,10,8,3,65
0x943cc9,92.0863%,11,128,139,122,7,4,6
0x5f7d25,91.8519%,11,124,135,113,6,5,11
0x593807,72.5%,11,29,40,12,9,2,17
0xa2b412,64.5161%,11,20,31,14,3,8,6
0x59006b,99.7334%,11,4115,4126,4115,11,0,0
0xa2a7d6,95.9108%,11,258,269,258,3,8,0
0x97b7aa,84.058%,11,58,69,1,6,5,57
0x40e400,98.2428%,11,615,626,614,8,3,1
0x50cdb0,96.5732%,11,310,321,0,0,11,310
0x50d0e9,93.6416%,11,162,173,162,11,0,0
0x62792b,98.9279%,11,1015,1026,1015,11,0,0
0xa5c162,65.625%,11,21,32,12,3,8,9
0x8bb6aa,86.5854%,11,71,82,62,7,4,9
0x4c68ad,45%,11,9,20,5,7,4,4
0x90c8e1,85.8974%,11,67,78,67,11,0,0
0x8ff1cc,93.5294%,11,159,170,72,6,5,87
0xa4e902,93.125%,11,149,160,0,0,11,149
0x9117ac,64.5161%,11,20,31,20,11,0,0
0x405e4f,75%,11,33,44,17,3,8,16
0x99e0ea,26.6667%,11,4,15,4,11,0,0
0x9a9b9e,90.9091%,11,110,121,110,11,0,0
0x4a01e4,89.1089%,11,90,101,0,0,11,90
0x8ffac6,98.4081%,11,680,691,680,11,0,0
0xb17a01,98.9632%,11,1050,1061,338,8,3,712
0xb14a58,99.6797%,11,3423,3434,3423,11,0,0
0x5e032c,92.4138%,11,134,145,134,11,0,0
0x94cc74,65.625%,11,21,32,0,0,11,21
0x9032d8,79.6296%,11,43,54,31,11,0,12
0x5b9bfa,87.3563%,11,76,87,8,6,5,68
0x4a1ce8,91.6667%,11,121,132,121,11,0,0
0x66715c,92.9936%,11,146,157,143,8,3,3
0xb1b6ff,98.8844%,11,975,986,975,11,0,0
0x6d0503,62.069%,11,18,29,0,0,11,18
0x8ea60b,31.25%,11,5,16,5,7,4,0
0x546616,57.6923%,11,15,26,15,7,4,0
0x822167,96.4052%,11,295,306,22,11,0,273
0x5928d1,99.3476%,11,1675,1686,3,6,5,1672
0xa5d05e,95.7529%,11,248,259,75,11,0,173
0x8aebe9,94.686%,11,196,207,1,8,3,195
0x50d8bd,84.2857%,11,59,70,49,4,7,10
0x50d8b1,80.7018%,11,46,57,0,0,11,46
0x53e37a,99.6506%,11,3137,3148,0,0,11,3137
0x813a13,75%,11,33,44,20,2,9,13
0x58cbb7,96.6154%,11,314,325,160,4,7,154
0xa2e1d6,97.3171%,11,399,410,399,11,0,0
0x54f270,47.619%,11,10,21,0,0,11,10
0xa42e7c,81.0345%,11,47,58,0,0,11,47
0x8dfe39,93.125%,11,149,160,148,10,1,1
0x81696d,88.0435%,11,81,92,80,4,7,1
0x54ef89,74.4186%,11,32,43,0,0,11,32
0x51218c,71.7949%,11,28,39,28,11,0,0
0xa9c79a,92.2535%,11,131,142,0,4,7,131
0x9a8eeb,21.4286%,11,3,14,3,11,0,0
0xa50fa5,71.0526%,11,27,38,25,7,4,2
0xa9d12b,85.3333%,11,64,75,64,11,0,0
0x819688,99.8953%,11,10499,10510,324,5,6,10175
0xa264a0,98.9603%,11,1047,1058,1047,9,2,0
0x5f7f22,94.4724%,11,188,199,186,6,5,2
0x5f7aaa,94.6602%,11,195,206,34,5,6,161
0x8ff895,99.7461%,11,4321,4332,0,4,7,4321
0x96b1e4,98.7872%,11,896,907,0,0,11,896
0x96993c,83.0769%,11,54,65,0,8,3,54
0x58f82b,98.6715%,11,817,828,752,2,9,65
0x49fc6d,26.6667%,11,4,15,4,11,0,0
0x5473d0,81.9672%,11,50,61,50,11,0,0
0x901ba7,93.4911%,11,158,169,0,0,11,158
0x9eb3aa,84.7222%,11,61,72,34,10,1,27
0x811dca,96.6667%,11,319,330,162,3,8,157
0x80e694,98.5274%,11,736,747,239,10,1,497
0xa25b1f,98.9141%,11,1002,1013,0,0,11,1002
0x8e4138,97.0509%,11,362,373,0,0,11,362
0x639b09,83.0769%,11,54,65,0,0,11,54
0x48dfba,73.1707%,11,30,41,9,5,6,21
0x8150cb,96.6867%,11,321,332,321,1,10,0
0x8f5612,99.5833%,11,2629,2640,0,0,11,2629
0x9442b4,97.5664%,11,441,452,441,11,0,0
0x9fbf8f,96.4052%,11,295,306,0,0,11,295
0x4ab1fb,31.25%,11,5,16,4,7,4,1
0x499cac,87.2093%,11,75,86,75,11,0,0
0x5c4c22,99.3986%,11,1818,1829,1818,11,0,0
0x820997,99.4931%,11,2159,2170,2159,11,0,0
0x8e3f4b,99.3437%,11,1665,1676,0,0,11,1665
0xaab22e,99.6728%,11,3351,3362,6,6,5,3345
0x9e06c8,98.7696%,11,883,894,883,11,0,0
0x813b68,89.2157%,11,91,102,79,6,5,12
0xb1c919,98.6301%,11,792,803,792,11,0,0
0x53892b,81.6667%,11,49,60,49,3,8,0
0x66710f,98.8967%,11,986,997,845,3,8,141
0x59003d,94.4444%,11,187,198,94,5,6,93
0x410034,92.1986%,11,130,141,40,7,4,90
0xa336d5,96.4516%,11,299,310,0,0,11,299
0xa3550a,96.4286%,11,297,308,5,10,1,292
0x8e4629,99.2768%,11,1510,1521,0,0,11,1510
0x667157,93.6047%,11,161,172,10,5,6,151
0x8e5766,77.0833%,11,37,48,5,11,0,32
0x506def,98.5135%,11,729,740,729,10,1,0
0x54641d,98.6129%,11,782,793,48,9,2,734
0x5b1cf5,76.5957%,11,36,47,36,11,0,0
0xa02926,95.9707%,11,262,273,262,11,0,0
0xa5828e,90.2655%,11,102,113,0,0,11,102
0x8bd277,99.6192%,11,2878,2889,959,5,6,1919
0x5049ec,98.5135%,11,729,740,726,7,4,3
0x494dbf,63.3333%,11,19,30,3,7,4,16
0x7cf524,66.6667%,11,22,33,8,6,5,14
0x504563,98.5135%,11,729,740,0,0,11,729
0x5043bf,98.4241%,11,687,698,672,6,5,15
0xb0b1c8,98.433%,11,691,702,291,5,6,400
0x66f672,56%,11,14,25,12,6,5,2
0xaa8e38,86.5854%,11,71,82,71,11,0,0
0xa3532d,99.4226%,11,1894,1905,0,3,8,1894
0x9810b5,85.1351%,11,63,74,11,0,11,52
0x59352b,92.6174%,11,138,149,138,9,2,0
0x944309,97.6891%,11,465,476,19,5,6,446
0x8209f6,98.1293%,11,577,588,4,4,7,573
0x4a6f17,97.8474%,11,500,511,500,11,0,0
0xaa5c52,92.6174%,11,138,149,111,4,7,27
0x4a74dc,84.7222%,11,61,72,42,5,6,19
0x557c80,89.3204%,11,92,103,25,5,6,67
0x58c6b7,90.678%,11,107,118,9,5,6,98
0x4935bf,71.7949%,11,28,39,15,7,4,13
0x58be5e,85.5263%,11,65,76,0,0,11,65
0x55031b,96.8927%,11,343,354,343,11,0,0
0x80bae7,90.7563%,11,108,119,108,4,7,0
0x8f7684,92.9936%,11,146,157,142,11,0,4
0xa942d9,93.038%,11,147,158,16,8,3,131
0xa526fc,97.8682%,11,505,516,505,11,0,0
0x7a11fb,62.069%,11,18,29,0,0,11,18
0x9ef230,93.6782%,11,163,174,163,11,0,0
0xa2731d,96.5625%,11,309,320,309,11,0,0
0x48ecf1,86.5854%,11,71,82,21,4,7,50
0x50c689,73.1707%,11,30,41,27,4,7,3
0x9f4d27,96.4169%,11,296,307,292,6,5,4
0x4c6dff,86.747%,11,72,83,0,0,11,72
0x542c99,99.1129%,11,1229,1240,0,0,11,1229
0x535710,81.9672%,11,50,61,0,0,11,50
0xa5d066,93.6416%,11,162,173,162,11,0,0
0x9a2305,26.6667%,11,4,15,0,0,11,4
0x9f891b,63.3333%,11,19,30,11,8,3,8
0x944ff4,96.83%,11,336,347,0,0,11,336
0x6d04f4,78%,11,39,50,18,3,8,21
0xa904de,87.0588%,11,74,85,20,8,3,54
0x49bd58,68.5714%,11,24,35,23,6,5,1
0xa27670,99.4655%,11,2047,2058,22,5,6,2025
0xaabde6,0%,11,0,11,0,11,0,0
0x48a885,72.5%,11,29,40,29,11,0,0
0x8dacd0,94.4724%,11,188,199,152,3,8,36
0x541dfd,94.9772%,11,208,219,208,11,0,0
0x403a12,56%,11,14,25,9,6,5,5
0x9e2d45,62.069%,11,18,29,3,10,1,15
0x8ff7e0,99.9243%,11,14523,14534,0,2,9,14523
0x90a0c4,89.9083%,11,98,109,56,9,2,42
0x8f2151,71.7949%,11,28,39,20,5,6,8
0xa43c8b,96.0854%,11,270,281,0,0,11,270
0x60dbcf,95.339%,11,225,236,33,5,6,192
0x5426a7,99.8925%,11,10218,10229,10218,11,0,0
0x606a2f,95.1111%,11,214,225,214,11,0,0
0xa360df,97.4596%,11,422,433,109,7,4,313
0x9a8ed4,60.7143%,11,17,28,13,1,10,4
0x8042d9,71.7949%,11,28,39,14,4,7,14
0x99bb1e,94.2105%,11,179,190,0,0,11,179
0x5b2909,76.5957%,11,36,47,35,4,7,1
0x9c3e27,87.2093%,11,75,86,75,11,0,0
0xaa2ea1,98.2258%,11,609,620,609,11,0,0
0x78186e,97.8%,11,489,500,489,11,0,0
0x541cfe,99.041%,11,1136,1147,0,1,10,1136
0x99c96d,98.5411%,11,743,754,743,11,0,0
0x40a34d,83.0769%,11,54,65,54,4,7,0
0x9846c0,93.038%,11,147,158,5,7,4,142
0x9a4577,98.9205%,11,1008,1019,1008,11,0,0
0x9816cd,85.3333%,11,64,75,21,7,4,43
0x4051b4,99.8462%,11,7141,7152,0,0,11,7141
0x402041,95.045%,11,211,222,1,2,9,210
0x98127e,88.0435%,11,81,92,62,10,1,19
0x9484ae,99.2372%,11,1431,1442,1431,11,0,0
0x490345,79.6296%,11,43,54,12,9,2,31
0x9abe1a,93.8202%,11,167,178,80,4,7,87
0x7229e8,96.7742%,11,330,341,0,2,9,330
0x4a6f5f,97.8474%,11,500,511,500,11,0,0
0x9a9eb7,91.9708%,11,126,137,105,6,5,21
0x4043dd,99.539%,11,2375,2386,343,2,9,2032
0x550dee,54.1667%,11,13,24,13,11,0,0
0x983b46,88.0435%,11,81,92,12,4,7,69
0x550ee4,77.551%,11,38,49,12,11,0,26
0x611428,84.9315%,11,62,73,58,6,5,4
0x5b262e,76.5957%,11,36,47,0,2,9,36
0x495051,60.7143%,11,17,28,13,5,6,4
0x9a6659,93.75%,11,165,176,165,11,0,0
0x548157,99.7108%,11,3793,3804,3793,11,0,0
0x99c8c0,97.7778%,11,484,495,484,11,0,0
0x60843e,87.7778%,11,79,90,7,7,4,72
0x8fdaa2,82.5397%,11,52,63,0,7,4,52
0x63e8a0,99.1577%,11,1295,1306,1295,11,0,0
0x5ae263,83.3333%,11,55,66,19,6,5,36
0x495fbe,80%,11,44,55,1,4,7,43
0x40e460,95.2586%,11,221,232,221,11,0,0
0x502f9d,88.6598%,11,86,97,86,11,0,0
0x8c901f,97.381%,11,409,420,409,8,3,0
0x492f33,84.7222%,11,61,72,33,1,10,28
0x505cea,98.5135%,11,729,740,729,11,0,0
0x81a2eb,96.6565%,11,318,329,1,7,4,317
0x404947,95.7529%,11,248,259,19,4,7,229
0xa57b6c,89%,11,89,100,36,6,5,53
0x5905ec,69.4444%,11,25,36,1,5,6,24
0x98b4a7,93.8202%,11,167,178,0,0,11,167
0x4ab1ca,70.2703%,11,26,37,23,8,3,3
0x973ca4,86.9048%,11,73,84,0,0,11,73
0x8196a7,99.8453%,11,7098,7109,7094,3,8,4
0x984109,82.8125%,11,53,64,4,5,6,49
0x511549,97.8887%,11,510,521,510,11,0,0
0x499759,85.1351%,11,63,74,0,0,11,63
0x50ccdf,96.978%,11,353,364,353,11,0,0
0xa608fd,97.7778%,11,484,495,484,11,0,0
0x5441af,83.3333%,11,55,66,51,6,5,4
0x40ac87,57.6923%,11,15,26,12,7,4,3
0x8aa909,99.6785%,11,3410,3421,0,0,11,3410
0xa59452,94.8113%,11,201,212,201,11,0,0
0x51129e,99.7643%,11,4656,4667,4656,11,0,0
0x81c5ab,95.0226%,11,210,221,161,8,3,49
0x55095b,84.7222%,11,61,72,10,11,0,51
0x9ed225,95.7529%,11,248,259,0,0,11,248
0x78d880,98.2229%,11,608,619,0,0,11,608
0x9f771b,83.3333%,11,55,66,55,11,0,0
0x98ce46,99.4092%,11,1851,1862,0,0,11,1851
0x557a8a,83.0769%,11,54,65,54,11,0,0
0x96a667,84.7222%,11,61,72,0,7,4,61
0x5e5e69,99.271%,11,1498,1509,1498,11,0,0
0x48de4d,92.7152%,11,140,151,0,0,11,140
0x5e46a3,99.271%,11,1498,1509,1498,11,0,0
0x977c2a,92.3077%,11,132,143,0,0,11,132
0xa587c2,93.3735%,11,155,166,43,7,4,112
0x908d7a,99.7426%,11,4263,4274,3709,11,0,554
0x4beb2a,93.7143%,11,164,175,164,11,0,0
0x4a7b00,96.875%,11,341,352,16,5,6,325
0x909163,99.4076%,11,1846,1857,1846,11,0,0
0x977d8e,95.6%,11,239,250,0,0,11,239
0x5068be,91.9118%,11,125,136,125,11,0,0
0x810492,96.875%,11,341,352,73,9,2,268
0x8e74bb,86.747%,11,72,83,11,1,10,61
0x48a24d,99.8196%,11,6088,6099,0,0,11,6088
0x48b9fc,99.4527%,11,1999,2010,0,0,11,1999
0xa31b6e,64.5161%,11,20,31,3,3,8,17
0x9005cf,96.8391%,11,337,348,0,0,11,337
0xacfbca,85.8974%,11,67,78,24,4,7,43
0x5ee22b,63.3333%,11,19,30,19,11,0,0
0x5f9d2c,89.7196%,11,96,107,69,11,0,27
0x5e45fe,99.271%,11,1498,1509,1498,11,0,0
0x94d65e,98.0496%,11,553,564,551,9,2,2
0x8e5776,65.625%,11,21,32,6,10,1,15
0x8a931a,99.2517%,11,1459,1470,0,0,11,1459
0x82180b,98.1164%,11,573,584,55,4,7,518
0x9a69ff,21.4286%,11,3,14,3,11,0,0
0x5103fb,99.4947%,11,2166,2177,2166,11,0,0
0x8f76bb,75.5556%,11,34,45,34,11,0,0
0x40e3cb,98.2484%,11,617,628,613,9,2,4
0x40dfa3,91.8519%,11,124,135,121,8,3,3
0xaa80c2,97.9206%,11,518,529,0,0,11,518
0x4036fa,98.6094%,11,780,791,8,4,7,772
0x482d17,71.0526%,11,27,38,18,1,10,9
0x9f8873,63.3333%,11,19,30,5,6,5,14
0x9e01a8,87.3563%,11,76,87,52,7,4,24
0x48f68c,76.5957%,11,36,47,7,3,8,29
0x7d29bf,54.1667%,11,13,24,11,7,4,2
0x5cb9ed,92.9032%,11,144,155,0,0,11,144
0xa9759f,68.5714%,11,24,35,12,8,3,12
0x9a4641,98.9205%,11,1008,1019,1008,11,0,0
0x50d8e5,70.2703%,11,26,37,5,7,4,21
0x8ba0d7,99.884%,11,9470,9481,9470,11,0,0
0x4a6d38,88.8889%,11,88,99,88,11,0,0
0x977d73,91.4729%,11,118,129,0,0,11,118
0x942812,99.3491%,11,1679,1690,1679,11,0,0
0x540d4b,96.8571%,11,339,350,0,0,11,339
0xa59fe0,86.25%,11,69,80,69,4,7,0
0x54132a,99.86%,11,7847,7858,7842,8,3,5
0x8ff1f2,92.8571%,11,143,154,52,4,7,91
0x80f737,84.7222%,11,61,72,59,11,0,2
0x58be6e,92.6174%,11,138,149,56,8,3,82
0x8a8b7a,98.826%,11,926,937,812,8,3,114
0x548487,99.9148%,11,12903,12914,0,0,11,12903
0x490f38,73.1707%,11,30,41,0,0,11,30
0x81458d,75.5556%,11,34,45,26,6,5,8
0x80f6b8,86.25%,11,69,80,66,8,3,3
0x9f1d2f,93.2099%,11,151,162,1,6,5,150
0x94297f,95.1965%,11,218,229,218,11,0,0
0x490f21,73.1707%,11,30,41,1,2,9,29
0x555973,90%,11,99,110,53,2,9,46
0x8bc8d0,99.9355%,11,17033,17044,0,0,11,17033
0xaa640c,87.7778%,11,79,90,0,0,11,79
0x8ea4fc,31.25%,11,5,16,2,6,5,3
0x9f9516,91.791%,11,123,134,101,8,3,22
0x50694b,98.5135%,11,729,740,0,0,11,729
0xa58e1c,90.5172%,11,105,116,6,6,5,99
0x822586,80.3571%,11,45,56,9,7,4,36
0xa93893,95.7031%,11,245,256,10,9,2,235
0x8fc022,98.5115%,11,728,739,0,0,11,728
0x9ff62e,50%,11,11,22,5,4,7,6
0x8ee66e,73.8095%,11,31,42,29,9,2,2
0x40e115,99.3409%,11,1658,1669,0,0,11,1658
0x5c44d2,98.5235%,11,734,745,734,11,0,0
0x5d0bf2,92.4138%,11,134,145,134,11,0,0
0x4bfdc4,78.4314%,11,40,51,8,5,6,32
0x4a75c6,92.9487%,11,145,156,0,2,9,145
0x5cf476,71.7949%,11,28,39,22,11,0,6
0x5fa03f,95.0226%,11,210,221,210,11,0,0
0x548062,93.4911%,11,158,169,0,0,11,158
0x4bd657,82.2581%,11,51,62,7,8,3,44
0x510c6c,96.8391%,11,337,348,337,11,0,0
0x7826a2,95.0226%,11,210,221,0,0,11,210
0x917987,94.5%,11,189,200,189,11,0,0
0x811f5d,97.7778%,11,484,495,11,6,5,473
0x977d94,95.6%,11,239,250,111,8,3,128
0x5f8ffc,85.3333%,11,64,75,13,7,4,51
0x8106d6,97.9779%,11,533,544,503,7,4,30
0x837983,89.4231%,11,93,104,90,6,5,3
0xa9105c,94.5545%,11,191,202,109,7,4,82
0x8bb918,86.5854%,11,71,82,41,4,7,30
0xaa074f,77.0833%,11,37,48,0,0,11,37
0xb0c671,99.7876%,11,5167,5178,3112,10,1,2055
0xa5f28f,99.234%,11,1425,1436,1422,10,1,3
0x8bb721,86.5854%,11,71,82,64,8,3,7
0xa52326,88.6598%,11,86,97,0,2,9,86
0x983a53,82.8125%,11,53,64,14,3,8,39
0x949f6a,95.0673%,11,212,223,0,0,11,212
0x4bc738,94.1489%,11,177,188,0,0,11,177
0x404112,97.6842%,11,464,475,0,0,11,464
0x9e7039,76.087%,11,35,46,6,4,7,29
0x8bcf44,99.6958%,11,3605,3616,0,0,11,3605
0x538694,99.691%,11,3549,3560,0,0,11,3549
0x547c9b,92.8571%,11,143,154,139,11,0,4
0xa3676d,84.7222%,11,61,72,13,5,6,48
0xa33506,99.7582%,11,4539,4550,4539,11,0,0
0x502cab,99.4891%,11,2142,2153,0,0,11,2142
0x817519,98.6951%,11,832,843,832,9,2,0
0x8be8c7,73.1707%,11,30,41,12,6,5,18
0x94a0c6,94.686%,11,196,207,196,11,0,0
0xa43f77,82.8125%,11,53,64,0,0,11,53
0x94b074,94.686%,11,196,207,196,11,0,0
0xa448c2,84.2857%,11,59,70,10,8,3,49
0x8ed01d,65.625%,11,21,32,19,7,4,2
0x5febcf,82.2581%,11,51,62,51,11,0,0
0x811b54,95.3782%,11,227,238,25,9,2,202
0x80d54d,90.8333%,11,109,120,96,4,7,13
0x5f96d8,38.8889%,11,7,18,4,6,5,3
0xa3637e,8.33333%,11,1,12,0,7,4,1
0x78d6f7,98.5951%,11,772,783,772,11,0,0
0x5fb6a6,85.3333%,11,64,75,64,11,0,0
0xa91123,94.359%,11,184,195,184,7,4,0
0x4c1ccd,94.5%,11,189,200,8,2,9,181
0x488659,97.5113%,11,431,442,431,11,0,0
0x494392,64.5161%,11,20,31,11,3,8,9
0x60e302,97.9087%,11,515,526,515,11,0,0
0x8a9ec3,97.6395%,11,455,466,455,11,0,0
0x8f4869,99.7861%,11,5132,5143,291,4,7,4841
0xa60c70,95.3586%,11,226,237,226,11,0,0
0x8be42f,98.831%,11,930,941,11,9,2,919
0x8e35cb,99.4436%,11,1966,1977,1516,7,4,450
0xa33b54,84.7222%,11,61,72,0,0,11,61
0x53ec3f,92.8571%,11,143,154,142,7,4,1
0x60a979,98.0969%,11,567,578,567,11,0,0
0x5fb247,94.8357%,11,202,213,202,5,6,0
0x4ba9d1,97.0509%,11,362,373,68,11,0,294
0x5119fe,96.6154%,11,314,325,7,7,4,307
0x535668,93.9891%,11,172,183,0,0,11,172
0xa5ced6,92.1986%,11,130,141,34,5,6,96
0x555cca,98.9824%,11,1070,1081,1070,11,0,0
0x837604,87.2093%,11,75,86,28,5,6,47
0x8deb1e,83.3333%,11,55,66,55,11,0,0
0xa50c6d,96.9274%,11,347,358,347,11,0,0
0x600227,99.235%,11,1427,1438,16,7,4,1411
0x610af6,96.9613%,11,351,362,0,0,11,351
0x8a90b1,99.3916%,11,1797,1808,687,3,8,1110
0x8091d5,95.0673%,11,212,223,21,3,8,191
0x53a2fc,78%,11,39,50,8,0,11,31
0x55607d,81.6667%,11,49,60,49,10,1,0
0x835ddd,45%,11,9,20,0,0,11,9
0xa2de67,68.5714%,11,24,35,2,3,8,22
0xa28584,91.129%,11,113,124,110,8,3,3
0x510e30,99.5758%,11,2582,2593,0,0,11,2582
0x55b3a3,98.9514%,11,1038,1049,0,0,11,1038
0x9faf96,97.1867%,11,380,391,380,11,0,0
0xa54182,98.415%,11,683,694,681,9,2,2
0x78cd87,98.7356%,11,859,870,859,11,0,0
0x90e114,81.6667%,11,49,60,23,7,4,26
0x4b9df3,99.1373%,11,1264,1275,366,4,7,898
0x49f939,99.2137%,11,1388,1399,61,8,3,1327
0x8da758,97.027%,11,359,370,359,5,6,0
0x5ff2ff,71.0526%,11,27,38,3,6,5,24
0x49fd0e,99.4505%,11,1991,2002,0,0,11,1991
0x90b97c,98.8554%,11,950,961,0,0,11,950
0xa463eb,90.8333%,11,109,120,19,5,6,90
0x4021b8,99.4433%,11,1965,1976,0,0,11,1965
0x48eb1a,93.75%,11,165,176,165,5,6,0
0x502d31,94.2105%,11,179,190,0,0,11,179
0x53895c,99.3761%,11,1752,1763,0,0,11,1752
0x7942db,62.069%,11,18,29,10,3,8,8
0x7d2bfd,98.4195%,11,685,696,76,3,8,609
0x48a62e,99.3696%,11,1734,1745,0,0,11,1734
0x5017f4,99.6805%,11,3432,3443,0,0,11,3432
0xb2ee47,79.2453%,11,42,53,0,0,11,42
0x9ef0db,98.8855%,11,976,987,976,11,0,0
0x901507,99.7346%,11,4133,4144,0,0,11,4133
0x90fcfa,95.1542%,11,216,227,51,5,6,165
0x64830b,98.8298%,11,929,940,0,0,11,929
0x618893,86.4198%,11,70,81,0,0,11,70
0x80e716,93.2927%,11,153,164,8,6,5,145
0x5fea81,54.1667%,11,13,24,8,7,4,5
0x53c73b,97.2772%,11,393,404,111,5,6,282
0x557784,97.8682%,11,505,516,505,11,0,0
0x9ab369,99.0558%,11,1154,1165,0,0,11,1154
0x540d77,96.8571%,11,339,350,0,0,11,339
0x6808c5,98.7952%,11,902,913,0,0,11,902
0x6964b1,99.0108%,11,1101,1112,1054,2,9,47
0x5971d2,96.1806%,11,277,288,13,4,7,264
0xa48e34,92.4138%,11,134,145,134,11,0,0
0x5591c2,99.9403%,11,18412,18423,18412,11,0,0
0x501930,98.8945%,11,984,995,287,8,3,697
0xaa549a,54.1667%,11,13,24,8,3,8,5
0x50388d,76.087%,11,35,46,8,2,9,27
0xa2fca5,95.1754%,11,217,228,2,2,9,215
0x48319e,62.069%,11,18,29,8,9,2,10
0x5480d6,99.7108%,11,3793,3804,3793,11,0,0
0x4c4339,99.4704%,11,2066,2077,47,7,4,2019
0x670783,97.0899%,11,367,378,367,4,7,0
0x8e3382,31.25%,11,5,16,0,0,11,5
0xa1b560,56%,11,14,25,2,6,5,12
0x51c8f1,99.0841%,11,1190,1201,1190,11,0,0
0x5041aa,82.2581%,11,51,62,0,0,11,51
0x972740,95.9707%,11,262,273,0,0,11,262
0xa55fc0,97.3747%,11,408,419,408,11,0,0
0x502029,65.625%,11,21,32,2,6,5,19
0x4b6ee1,64.5161%,11,20,31,3,0,11,17
0x4b49eb,91.6031%,11,120,131,116,7,4,4
0x90e847,63.3333%,11,19,30,19,11,0,0
0x4aaced,72.5%,11,29,40,29,11,0,0
0x8e395f,77.0833%,11,37,48,37,11,0,0
0x534fde,82.8125%,11,53,64,53,11,0,0
0xa33a72,92.7632%,11,141,152,21,7,4,120
0x4a7b3a,96.6767%,11,320,331,0,0,11,320
0x7a1119,68.5714%,11,24,35,20,9,2,4
0xa4a104,91.7293%,11,122,133,41,5,6,81
0x4ca66e,68.5714%,11,24,35,22,8,3,2
0x8be3eb,98.2315%,11,611,622,0,0,11,611
0x488c4c,94.3878%,11,185,196,73,6,5,112
0x81bfdb,69.4444%,11,25,36,11,5,6,14
0x60e4ce,97.5281%,11,434,445,434,11,0,0
0x539e2e,90.4348%,11,104,115,104,11,0,0
0x58d414,88.0435%,11,81,92,28,7,4,53
0x403cfc,90.2655%,11,102,113,0,0,11,102
0x9e7fb5,92.1986%,11,130,141,6,5,6,124
0xa45324,97.2362%,11,387,398,387,11,0,0
0x8efaa9,97.4943%,11,428,439,273,6,5,155
0x5f8df4,91.5385%,11,119,130,26,7,4,93
0x49fe4f,15.3846%,11,2,13,0,0,11,2
0x604688,93.7853%,11,166,177,0,0,11,166
0x7b7fc8,90.5172%,11,105,116,83,6,5,22
0x678916,99.6142%,11,2840,2851,0,0,11,2840
0xaab0f9,86.5854%,11,71,82,60,10,1,11
0x539c58,73.8095%,11,31,42,31,9,2,0
0xa452b5,97.2362%,11,387,398,387,11,0,0
0x790fa5,75.5556%,11,34,45,0,0,11,34
0x5396b0,99.4064%,11,1842,1853,1742,2,9,100
0x5c502a,66.6667%,11,22,33,0,0,11,22
0x58be0f,85.5263%,11,65,76,65,11,0,0
0x8dfcdf,98.4286%,11,689,700,689,11,0,0
0x48f129,91.4729%,11,118,129,95,4,7,23
0x6439a6,67.6471%,11,23,34,9,5,6,14
0x4c9f49,94.2708%,11,181,192,176,8,3,5
0x5f8d28,64.5161%,11,20,31,4,6,5,16
0x48bd43,92.3077%,11,132,143,38,5,6,94
0x8bcc01,84.2857%,11,59,70,40,4,7,19
0x94d732,98.0496%,11,553,564,553,11,0,0
0x806099,99.1803%,11,1331,1342,1331,7,4,0
0xa45bb0,98.1938%,11,598,609,0,4,7,598
0x7b7f4a,92.1986%,11,130,141,130,11,0,0
0x9d1178,95.0893%,11,213,224,113,7,4,100
0x51b49a,95.7692%,11,249,260,56,3,8,193
0x5407f7,89.6226%,11,95,106,91,7,4,4
0x9a6a9a,21.4286%,11,3,14,1,0,11,2
0x40e60d,99.4353%,11,1937,1948,0,0,11,1937
0x507d3a,69.4444%,11,25,36,25,8,3,0
0x8ef23c,77.0833%,11,37,48,36,4,7,1
0x60e6ca,88.7755%,11,87,98,19,0,11,68
0x4ab4d7,64.5161%,11,20,31,20,11,0,0
0xa51c9a,71.0526%,11,27,38,23,7,4,4
0x403a54,70.2703%,11,26,37,9,6,5,17
0x48eb01,97.3995%,11,412,423,220,7,4,192
0x4c0368,78.4314%,11,40,51,40,11,0,0
0x4be9cd,92.1429%,11,129,140,99,6,5,30
0xa33737,96.4516%,11,299,310,281,4,7,18
0xa4cf1e,21.4286%,11,3,14,0,6,5,3
0x539660,94.9541%,11,207,218,102,7,4,105
0x9f94d2,90.8333%,11,109,120,7,3,8,102
0x53f124,93.038%,11,147,158,147,7,4,0
0x8c83cc,94.8113%,11,201,212,201,9,2,0
0x610ae4,97.5771%,11,443,454,0,0,11,443
0x95aeaa,56.5217%,10,13,23,0,0,10,13
0x9e4e8e,83.3333%,10,50,60,50,10,0,0
0xa30aa9,99.4076%,10,1678,1688,0,0,10,1678
0xa60b63,91.3793%,10,106,116,106,10,0,0
0x5b0566,84.6154%,10,55,65,54,9,1,1
0x533d24,65.5172%,10,19,29,19,10,0,0
0x808516,50%,10,10,20,6,7,3,4
0x50f986,76.7442%,10,33,43,0,0,10,33
0xa395f5,98.3416%,10,593,603,593,10,0,0
0x811f6a,94.6809%,10,178,188,161,5,5,17
0x81bf07,68.75%,10,22,32,22,10,0,0
0x4ba580,97.076%,10,332,342,38,10,0,294
0x900526,99.9171%,10,12048,12058,0,0,10,12048
0x9726b7,96.0474%,10,243,253,243,10,0,0
0x8ab5a7,98.767%,10,801,811,271,2,8,530
0x943d43,92.8058%,10,129,139,119,10,0,10
0x4b5a00,99.3671%,10,1570,1580,1570,10,0,0
0x8227d0,99.9057%,10,10598,10608,0,0,10,10598
0xa94210,64.2857%,10,18,28,1,1,9,17
0x4c9e57,98.9373%,10,931,941,38,8,2,893
0xa2d347,97.4619%,10,384,394,384,10,0,0
0x8a7806,97.8495%,10,455,465,436,3,7,19
0x96b12d,88.8889%,10,80,90,80,10,0,0
0x9c386f,97.1751%,10,344,354,344,10,0,0
0xa39565,98.6188%,10,714,724,0,0,10,714
0x978541,97.8214%,10,449,459,0,0,10,449
0xa4e962,93.75%,10,150,160,20,2,8,130
0x8a6ee1,98.2301%,10,555,565,291,5,5,264
0x9d0b06,90.1961%,10,92,102,42,9,1,50
0x541f7c,98.8208%,10,838,848,838,10,0,0
0x8ff2a6,87.013%,10,67,77,3,7,3,64
0x9e04b7,82.7586%,10,48,58,0,0,10,48
0x48e455,93.3775%,10,141,151,141,10,0,0
0xa56f5f,86.1111%,10,62,72,0,7,3,62
0x9e3ee9,97.0588%,10,330,340,302,1,9,28
0x88e9ec,74.359%,10,29,39,0,0,10,29
0x496886,72.973%,10,27,37,27,10,0,0
0x50ca61,50%,10,10,20,0,0,10,10
0x78d5d7,85.5072%,10,59,69,5,0,10,54
0xa36db7,68.75%,10,22,32,14,8,2,8
0x41068f,94.5355%,10,173,183,0,6,4,173
0xa26b70,33.3333%,10,5,15,3,6,4,2
0xa34492,92%,10,115,125,115,10,0,0
0x405ab4,96.7742%,10,300,310,2,3,7,298
0x8eac1b,99.1837%,10,1215,1225,1215,10,0,0
0xa41c12,98.679%,10,747,757,747,10,0,0
0x5019ff,98.2425%,10,559,569,559,10,0,0
0x9ee2f8,83.871%,10,52,62,11,5,5,41
0xad7faa,98.9224%,10,918,928,918,10,0,0
0x8f0dcb,75%,10,30,40,30,2,8,0
0x80e523,87.9518%,10,73,83,3,7,3,70
0x5f92ac,87.5%,10,70,80,13,6,4,57
0x8ea20e,93.0556%,10,134,144,0,0,10,134
0x547402,83.6066%,10,51,61,0,0,10,51
0x8a7588,96.124%,10,248,258,109,2,8,139
0xb346a2,87.8049%,10,72,82,72,10,0,0
0x8ba37f,99.2548%,10,1332,1342,0,0,10,1332
0xa47284,94.012%,10,157,167,0,0,10,157
0xa4d350,72.2222%,10,26,36,1,7,3,25
0x64af53,99.8248%,10,5698,5708,0,0,10,5698
0x8fcd47,98.6072%,10,708,718,0,0,10,708
0x639acd,95%,10,190,200,153,10,0,37
0x4a57e0,90.9091%,10,100,110,100,10,0,0
0x512823,97.4227%,10,378,388,364,4,6,14
0xa51d6e,82.7586%,10,48,58,46,4,6,2
0x65a044,99.4869%,10,1939,1949,75,6,4,1864
0x5fa35d,95.4751%,10,211,221,211,4,6,0
0x51b88d,99.8194%,10,5526,5536,5526,10,0,0
0x48c581,0%,10,0,10,0,10,0,0
0x8bb445,97.4425%,10,381,391,0,0,10,381
0x5d02fc,92.4812%,10,123,133,123,10,0,0
0x7c72df,94.7368%,10,180,190,27,9,1,153
0x8e12ee,99.584%,10,2394,2404,1591,7,3,803
0x8c8650,94.8718%,10,185,195,109,6,4,76
0x404643,95.5357%,10,214,224,0,0,10,214
0x8087f2,95.671%,10,221,231,7,2,8,214
0x5345a4,88.0952%,10,74,84,0,0,10,74
0xa42e8c,82.7586%,10,48,58,46,8,2,2
0xa3a4eb,98.3278%,10,588,598,0,0,10,588
0x4b6003,90.9091%,10,100,110,100,9,1,0
0x4ac75b,50%,10,10,20,5,4,6,5
0x4bf066,98.0431%,10,501,511,469,2,8,32
0xa5cfaf,91.3043%,10,105,115,0,0,10,105
0x5b0e51,99.6257%,10,2662,2672,2662,10,0,0
0x63ac8e,98.782%,10,811,821,577,3,7,234
0xaa806c,98.1096%,10,519,529,0,0,10,519
0x54547d,92.5373%,10,124,134,124,10,0,0
0x4ac600,66.6667%,10,20,30,11,4,6,9
0xb30b6f,97.006%,10,324,334,0,0,10,324
0x58d22f,89.1304%,10,82,92,23,7,3,59
0x9edbd8,92.0635%,10,116,126,116,10,0,0
0x494f39,98.0952%,10,515,525,512,7,3,3
0x82159c,99.7316%,10,3716,3726,3566,3,7,150
0x99dbd8,33.3333%,10,5,15,5,10,0,0
0xa027a7,99.226%,10,1282,1292,0,0,10,1282
0x4acb4c,16.6667%,10,2,12,0,0,10,2
0x97277a,96.337%,10,263,273,3,6,4,260
0x4be77f,54.5455%,10,12,22,12,1,9,0
0x4b9c09,85.9155%,10,61,71,36,6,4,25
0x8de7ae,93.1507%,10,136,146,136,10,0,0
0x8a5d78,99.2587%,10,1339,1349,1339,10,0,0
0x5f10c7,96.732%,10,296,306,263,7,3,33
0xa3a42b,97.555%,10,399,409,4,6,4,395
0x9ab92c,95.671%,10,221,231,137,7,3,84
0xa271af,96.4789%,10,274,284,274,10,0,0
0x8ff617,76.1905%,10,32,42,32,10,0,0
0x8f35da,98.4448%,10,633,643,613,4,6,20
0x808866,96.9419%,10,317,327,317,6,4,0
0x50fde2,99.924%,10,13147,13157,0,0,10,13147
0x8ebfae,99.1909%,10,1226,1236,1167,1,9,59
0x48e918,64.2857%,10,18,28,18,10,0,0
0x8a77ec,98.0806%,10,511,521,49,7,3,462
0x5fb8e2,81.8182%,10,45,55,21,8,2,24
0x537f26,98.632%,10,721,731,0,0,10,721
0x48980f,16.6667%,10,2,12,2,10,0,0
0x984176,86.4865%,10,64,74,56,9,1,8
0x9e4efd,83.3333%,10,50,60,35,5,5,15
0x5c3649,98.6072%,10,708,718,708,10,0,0
0xa5922a,91.5966%,10,109,119,109,10,0,0
0x55060a,91.0714%,10,102,112,102,10,0,0
0x490234,81.4815%,10,44,54,44,4,6,0
0x81c209,94.012%,10,157,167,47,8,2,110
0xa56704,37.5%,10,6,16,2,6,4,4
0x9018d3,98.0952%,10,515,525,0,0,10,515
0x49c717,97.8402%,10,453,463,0,6,4,453
0x402dcf,84.127%,10,53,63,1,3,7,52
0x609c87,98.4985%,10,656,666,656,10,0,0
0xaa45ea,89.899%,10,89,99,0,0,10,89
0x90d08e,93.865%,10,153,163,0,0,10,153
0x64af74,99.8242%,10,5677,5687,0,0,10,5677
0x99c968,98.8081%,10,829,839,77,8,2,752
0x65c26c,99.7905%,10,4764,4774,4764,10,0,0
0x7228a2,99.6362%,10,2739,2749,0,0,10,2739
0x9e0c0a,41.1765%,10,7,17,5,8,2,2
0x9e0bed,56.5217%,10,13,23,5,1,9,8
0xa8a98d,80.3922%,10,41,51,41,10,0,0
0x4a953b,92.4812%,10,123,133,0,0,10,123
0x64043e,98.9594%,10,951,961,523,5,5,428
0x537c48,77.2727%,10,34,44,34,4,6,0
0x5fb293,95.3488%,10,205,215,205,4,6,0
0xa52d9d,97.1751%,10,344,354,270,7,3,74
0x5b2f70,95.3052%,10,203,213,4,3,7,199
0x5ae442,75.6098%,10,31,41,28,4,6,3
0x9cfc26,90.991%,10,101,111,31,5,5,70
0x9019c1,97.0414%,10,328,338,0,0,10,328
0x556e0c,90%,10,90,100,87,5,5,3
0x9fb7ae,96.732%,10,296,306,296,7,3,0
0xa480fa,96.6887%,10,292,302,52,8,2,240
0x9ef1b5,94.2529%,10,164,174,164,10,0,0
0x5baa43,99.4775%,10,1904,1914,1904,10,0,0
0x808a8a,74.359%,10,29,39,29,1,9,0
0x64308a,97.093%,10,334,344,0,0,10,334
0xaa2983,91.9355%,10,114,124,114,10,0,0
0x64b633,98.7245%,10,774,784,0,0,10,774
0x9e2f45,96.1977%,10,253,263,0,0,10,253
0x63d73d,92.9078%,10,131,141,131,10,0,0
0x803fa2,96.0474%,10,243,253,229,7,3,14
0x7ac07b,89.5833%,10,86,96,55,6,4,31
0x63ae5e,95.8506%,10,231,241,231,10,0,0
0x6d45db,93.1034%,10,135,145,135,10,0,0
0x63ce93,95%,10,190,200,190,10,0,0
0x51af8b,97.2678%,10,356,366,69,6,4,287
0xa5d1c9,69.697%,10,23,33,4,5,5,19
0x60dd40,98.5673%,10,688,698,0,0,10,688
0x8fea50,77.2727%,10,34,44,19,6,4,15
0x5531f9,98.5507%,10,680,690,0,0,10,680
0x835c7a,0%,10,0,10,0,10,0,0
0x48c453,89.5833%,10,86,96,86,10,0,0
0x4bb80f,44.4444%,10,8,18,0,0,10,8
0xa45341,97.4874%,10,388,398,345,3,7,43
0x409f6e,66.6667%,10,20,30,11,5,5,9
0x90d2fa,91.9355%,10,114,124,0,0,10,114
0x9e50b3,95.7983%,10,228,238,0,0,10,228
0x542e07,99.5569%,10,2247,2257,0,0,10,2247
0xa95d23,98.452%,10,636,646,18,2,8,618
0xa4536f,97.4874%,10,388,398,44,6,4,344
0xa8a814,94.2857%,10,165,175,0,4,6,165
0x59c2e6,95.3271%,10,204,214,203,4,6,1
0x9bd563,85.0746%,10,57,67,7,5,5,50
0x972c85,92.8571%,10,130,140,105,7,3,25
0x64b50e,99.5745%,10,2340,2350,0,0,10,2340
0x9fde8a,68.75%,10,22,32,2,5,5,20
0x670480,84.127%,10,53,63,48,6,4,5
0xa25eff,92.9078%,10,131,141,102,1,9,29
0x5b0df9,99.6257%,10,2662,2672,2662,10,0,0
0x78f823,65.5172%,10,19,29,0,0,10,19
0x481e40,47.3684%,10,9,19,0,0,10,9
0x609c0d,94.2197%,10,163,173,163,10,0,0
0x9f6a43,50%,10,10,20,6,6,4,4
0x805ae9,97.996%,10,489,499,408,7,3,81
0x7dfce6,50%,10,10,20,10,10,0,0
0x8df5eb,75%,10,30,40,6,7,3,24
0xa89581,85.7143%,10,60,70,2,6,4,58
0xa058fa,52.381%,10,11,21,2,5,5,9
0xa5d1a9,69.697%,10,23,33,0,0,10,23
0xa49924,77.7778%,10,35,45,4,6,4,31
0x63ace3,97.3958%,10,374,384,374,10,0,0
0x9f176d,88.8889%,10,80,90,43,7,3,37
0xa54278,96.0474%,10,243,253,4,6,4,239
0x98b314,97.1264%,10,338,348,0,0,10,338
0x9a8f75,28.5714%,10,4,14,4,10,0,0
0x9a3243,82.1429%,10,46,56,15,0,10,31
0x8fd736,66.6667%,10,20,30,13,7,3,7
0x496330,78.2609%,10,36,46,31,3,7,5
0x493e0e,74.359%,10,29,39,10,5,5,19
0x4c0264,85.2941%,10,58,68,58,10,0,0
0x5547cc,99.1334%,10,1144,1154,17,3,7,1127
0x4a7913,98.4985%,10,656,666,656,4,6,0
0xaa4579,99.83%,10,5874,5884,0,0,10,5874
0x8eedea,96.31%,10,261,271,121,10,0,140
0xa57635,73.6842%,10,28,38,10,5,5,18
0x9484bd,99.3065%,10,1432,1442,0,0,10,1432
0x9fb5cc,96.8051%,10,303,313,2,5,5,301
0x4bb174,94.6809%,10,178,188,75,3,7,103
0x4872c3,97.8723%,10,460,470,5,7,3,455
0x8217e3,98.2877%,10,574,584,0,0,10,574
0xa410ed,71.4286%,10,25,35,2,6,4,23
0x77fde3,97.8903%,10,464,474,464,10,0,0
0x9fb660,95.935%,10,236,246,0,0,10,236
0xa4e662,85.2941%,10,58,68,31,3,7,27
0x9a22cb,95.0739%,10,193,203,128,6,4,65
0xaa56f9,89.2473%,10,83,93,0,0,10,83
0xa594f4,95.0495%,10,192,202,0,0,10,192
0xa9069d,93.9024%,10,154,164,148,5,5,6
0x8edd96,97.7827%,10,441,451,0,0,10,441
0x8e2d53,52.381%,10,11,21,0,8,2,11
0xa429aa,98.9119%,10,909,919,22,6,4,887
0x68695f,96.4413%,10,271,281,0,0,10,271
0x8e4b95,94.382%,10,168,178,168,10,0,0
0x972fe9,78.2609%,10,36,46,0,0,10,36
0x5faa8b,94.0476%,10,158,168,158,9,1,0
0x78183d,91.1504%,10,103,113,103,10,0,0
0x542454,99.5631%,10,2279,2289,0,0,10,2279
0x5ff6a2,90.099%,10,91,101,3,8,2,88
0x9730ea,60%,10,15,25,0,0,10,15
0x99bb2e,94.7368%,10,180,190,163,6,4,17
0x943794,75%,10,30,40,0,0,10,30
0x8d278c,99.3193%,10,1459,1469,1459,7,3,0
0x90bd77,94.3182%,10,166,176,166,10,0,0
0x8fd953,95.4955%,10,212,222,58,6,4,154
0x809e5e,93.4211%,10,142,152,101,8,2,41
0x60bd9e,67.7419%,10,21,31,17,4,6,4
0x8e257b,99.8104%,10,5265,5275,5265,10,0,0
0x49fc52,41.1765%,10,7,17,1,1,9,6
0x8e9275,88.764%,10,79,89,0,4,6,79
0x9f2826,98.7805%,10,810,820,810,10,0,0
0x7b7fc0,92.4242%,10,122,132,16,0,10,106
0xa2c1a8,67.7419%,10,21,31,1,5,5,20
0x5c7801,87.5%,10,70,80,70,10,0,0
0xb1ae9d,97.6905%,10,423,433,423,10,0,0
0x510faa,99.5913%,10,2437,2447,0,0,10,2437
0x4bb723,95.2153%,10,199,209,198,6,4,1
0x4c9741,58.3333%,10,14,24,7,7,3,7
0x4c4a0a,82.7586%,10,48,58,10,6,4,38
0xa2e978,97.1347%,10,339,349,338,7,3,1
0x5b2734,78.2609%,10,36,46,36,10,0,0
0x9a654a,94.3182%,10,166,176,165,7,3,1
0x9fc48c,96.732%,10,296,306,84,7,3,212
0x40221d,99.4398%,10,1775,1785,0,0,10,1775
0x402dd8,83.0508%,10,49,59,0,0,10,49
0xa50e85,97.2376%,10,352,362,0,4,6,352
0x4a9d98,56.5217%,10,13,23,2,5,5,11
0x8e03e6,98.8304%,10,845,855,845,10,0,0
0xa91ea0,94.8718%,10,185,195,185,6,4,0
0xa91cef,96.6443%,10,288,298,288,10,0,0
0xa90f7a,88.2353%,10,75,85,50,7,3,25
0x5ff99b,94.5652%,10,174,184,85,7,3,89
0x6097be,87.9518%,10,73,83,33,7,3,40
0x49ae6e,98.8584%,10,866,876,557,6,4,309
0x99dc68,33.3333%,10,5,15,0,0,10,5
0x818d67,94.186%,10,162,172,162,10,0,0
0xa58e5f,93.1507%,10,136,146,0,0,10,136
0xa5774e,64.2857%,10,18,28,9,5,5,9
0x609754,87.9518%,10,73,83,33,7,3,40
0x5ec30c,67.7419%,10,21,31,0,0,10,21
0x504da7,89.2473%,10,83,93,51,4,6,32
0x9a1fa5,95.0739%,10,193,203,193,10,0,0
0x648c21,61.5385%,10,16,26,5,8,2,11
0x9f0b92,89.4737%,10,85,95,2,3,7,83
0x972556,95.4751%,10,211,221,211,10,0,0
0x8a51f6,61.5385%,10,16,26,7,6,4,9
0x94e200,97.5669%,10,401,411,401,10,0,0
0x900a94,97.7169%,10,428,438,285,7,3,143
0x7c66a7,94.9239%,10,187,197,2,0,10,185
0x65c32e,84.127%,10,53,63,53,10,0,0
0x4898d3,97.4227%,10,378,388,0,6,4,378
0x499634,92.126%,10,117,127,117,10,0,0
0x8ede77,76.1905%,10,32,42,0,0,10,32
0x8dd848,98.358%,10,599,609,161,9,1,438
0xa34320,81.1321%,10,43,53,30,5,5,13
0xaa2838,80.7692%,10,42,52,37,6,4,5
0x9a9416,83.3333%,10,50,60,11,9,1,39
0xa50b15,86.8421%,10,66,76,0,0,10,66
0x558106,97.2376%,10,352,362,352,10,0,0
0x40bc2e,90.2913%,10,93,103,0,0,10,93
0x53c71c,95.4751%,10,211,221,160,3,7,51
0x4b6d5f,91.5254%,10,108,118,85,2,8,23
0x98407c,88.3721%,10,76,86,4,8,2,72
0x5a9414,81.8182%,10,45,55,0,0,10,45
0x9fbb94,96.732%,10,296,306,83,8,2,213
0x5bb16e,81.1321%,10,43,53,42,4,6,1
0x59c4f3,56.5217%,10,13,23,9,3,7,4
0x8efd7d,9.09091%,10,1,11,0,0,10,1
0x9a7e19,76.7442%,10,33,43,15,3,7,18
0x502003,68.75%,10,22,32,8,8,2,14
0x4b6c04,75%,10,30,40,30,1,9,0
0x503b13,96.7742%,10,300,310,300,10,0,0
0x4c276c,88.0952%,10,74,84,70,8,2,4
0xa9070c,93.4641%,10,143,153,143,10,0,0
0x49ec4a,91.5254%,10,108,118,108,10,0,0
0xa3a4f1,98.3278%,10,588,598,588,10,0,0
0x8a91a3,79.1667%,10,38,48,37,1,9,1
0x814ab0,83.0508%,10,49,59,1,3,7,48
0x8bb40a,84.127%,10,53,63,43,5,5,10
0x545dc7,69.697%,10,23,33,23,10,0,0
0xa4ed7a,93.8272%,10,152,162,152,8,2,0
0x557232,93.75%,10,150,160,138,4,6,12
0x8ee6ec,97.6798%,10,421,431,35,7,3,386
0x900ba9,97.0238%,10,326,336,0,0,10,326
0x8fcf21,84.375%,10,54,64,54,10,0,0
0x8e48e7,98.7547%,10,793,803,0,0,10,793
0x49ba85,98.5185%,10,665,675,665,2,8,0
0xb28b1a,99.6451%,10,2808,2818,0,0,10,2808
0x58f777,99.2908%,10,1400,1410,1400,8,2,0
0x9a6311,28.5714%,10,4,14,4,10,0,0
0x94a98c,87.5%,10,70,80,70,10,0,0
0xa50810,96.0474%,10,243,253,243,6,4,0
0x591139,95.9514%,10,237,247,0,0,10,237
0xb1489a,99.7651%,10,4248,4258,0,0,10,4248
0x99e8fe,90.4762%,10,95,105,47,3,7,48
0x4b7b94,9.09091%,10,1,11,1,10,0,0
0x9f4ba7,96.7427%,10,297,307,294,9,1,3
0x539249,98.0237%,10,496,506,496,8,2,0
0x9a897c,96.9789%,10,321,331,263,6,4,58
0x58d9ea,93.1034%,10,135,145,70,5,5,65
0x4bd721,69.697%,10,23,33,0,0,10,23
0x539bba,96.0784%,10,245,255,205,6,4,40
0x58ebbe,99.72%,10,3561,3571,3561,10,0,0
0xa9d387,76.1905%,10,32,42,10,6,4,22
0x696525,98.4825%,10,649,659,649,10,0,0
0x8ffa96,99.336%,10,1496,1506,1496,10,0,0
0x49c801,82.1429%,10,46,56,34,4,6,12
0x60de84,96.8553%,10,308,318,0,0,10,308
0x9a3dc2,64.2857%,10,18,28,18,10,0,0
0x7b3004,72.2222%,10,26,36,8,6,4,18
0x542c12,97.2067%,10,348,358,345,5,5,3
0xab2d25,87.3418%,10,69,79,65,3,7,4
0x9f5a3e,86.6667%,10,65,75,64,7,3,1
0xa56129,94.5652%,10,174,184,0,0,10,174
0x403bfa,96.633%,10,287,297,0,0,10,287
0x512c0e,99.8223%,10,5618,5628,0,0,10,5618
0x9f654d,94.4134%,10,169,179,56,5,5,113
0x908e63,98.8802%,10,883,893,617,8,2,266
0x7c218d,93.865%,10,153,163,23,1,9,130
0x9f62c6,50%,10,10,20,6,6,4,4
0x4bb44c,79.5918%,10,39,49,39,4,6,0
0x9ee327,91.8699%,10,113,123,8,5,5,105
0x94b186,95.1691%,10,197,207,92,8,2,105
0x9f688c,97.0326%,10,327,337,35,9,1,292
0x642e59,71.4286%,10,25,35,0,0,10,25
0x4b87cf,64.2857%,10,18,28,17,0,10,1
0x9785ad,94.186%,10,162,172,108,9,1,54
0x50ac9e,52.381%,10,11,21,5,4,6,6
0x4b5e32,80%,10,40,50,40,10,0,0
0x4a9894,70.5882%,10,24,34,11,4,6,13
0x6706cd,41.1765%,10,7,17,0,4,6,7
0x81440b,98.1273%,10,524,534,0,0,10,524
0x98c980,90.8257%,10,99,109,0,0,10,99
0x9eddb4,92.7536%,10,128,138,128,10,0,0
0x8f686a,92.8571%,10,130,140,100,6,4,30
0x8eca17,99.768%,10,4301,4311,65,5,5,4236
0x506217,98.4544%,10,637,647,632,4,6,5
0x4c8034,85.5072%,10,59,69,0,0,10,59
0xa5ec18,96.5517%,10,280,290,3,7,3,277
0x814f63,83.0508%,10,49,59,40,1,9,9
0x4ca489,98.9373%,10,931,941,892,3,7,39
0x505a3b,98.2047%,10,547,557,545,8,2,2
0x48d847,99.4627%,10,1851,1861,0,0,10,1851
0x609653,87.9518%,10,73,83,0,0,10,73
0xa4f96e,97.7578%,10,436,446,185,5,5,251
0x8f3909,98.7547%,10,793,803,793,10,0,0
0x9f3f58,93.9394%,10,155,165,155,10,0,0
0x9ef162,94.2529%,10,164,174,164,10,0,0
0x8e9f85,99.4062%,10,1674,1684,1674,10,0,0
0x9ea3b4,93.0556%,10,134,144,64,8,2,70
0x788bbd,83.3333%,10,50,60,44,9,1,6
0x53b16f,75.6098%,10,31,41,0,0,10,31
0x4414d7,82.4561%,10,47,57,37,9,1,10
0x9c3da9,97.1098%,10,336,346,336,10,0,0
0x49ee97,64.2857%,10,18,28,7,7,3,11
0x4943e0,85.7143%,10,60,70,51,3,7,9
0x8f6ce8,77.7778%,10,35,45,23,7,3,12
0x94b0b5,95.1691%,10,197,207,197,10,0,0
0xb3aaf4,99.6451%,10,2808,2818,0,1,9,2808
0x48bc03,98.7358%,10,781,791,781,9,1,0
0x54230d,96.988%,10,322,332,322,10,0,0
0x6437ab,74.359%,10,29,39,0,0,10,29
0xa26231,96.6216%,10,286,296,210,5,5,76
0x837d69,91.1504%,10,103,113,14,6,4,89
0x4c6ee0,87.9518%,10,73,83,0,0,10,73
0x64888e,82.1429%,10,46,56,46,10,0,0
0x7cf349,98.5097%,10,661,671,50,1,9,611
0x8df28b,58.3333%,10,14,24,7,9,1,7
0x507eff,98.1238%,10,523,533,523,5,5,0
0x8bcc2e,85.7143%,10,60,70,60,10,0,0
0x4c7007,69.697%,10,23,33,23,10,0,0
0x94a25e,88.3721%,10,76,86,9,6,4,67
0xa15d20,79.5918%,10,39,49,37,4,6,2
0x552a73,99.2908%,10,1400,1410,124,2,8,1276
0xa50ca4,95.5556%,10,215,225,0,4,6,215
0x5d9fc1,92.4812%,10,123,133,123,10,0,0
0xa319b1,95.3704%,10,206,216,3,0,10,203
0x8c92ba,99.004%,10,994,1004,80,4,6,914
0x4a71dc,98.3766%,10,606,616,0,0,10,606
0x534e51,99.6649%,10,2974,2984,2974,10,0,0
0x9ef469,83.3333%,10,50,60,4,5,5,46
0x4be404,68.75%,10,22,32,22,6,4,0
0x9ab81b,95.6522%,10,220,230,0,0,10,220
0x65a22f,96.063%,10,244,254,244,7,3,0
0x4c270d,92.4812%,10,123,133,46,3,7,77
0x48ece4,87.8049%,10,72,82,0,0,10,72
0xa8f9ef,88.2353%,10,75,85,75,10,0,0
0x821814,98.0952%,10,515,525,515,10,0,0
0x48dec0,86.6667%,10,65,75,29,5,5,36
0xa46614,95.8848%,10,233,243,233,10,0,0
0x5c78be,87.5%,10,70,80,0,0,10,70
0x48ba4d,88.3721%,10,76,86,75,9,1,1
0xa8ee75,28.5714%,10,4,14,3,3,7,1
0x9e3965,96.124%,10,248,258,248,10,0,0
0x9ab963,95.671%,10,221,231,0,0,10,221
0xa0294a,96.337%,10,263,273,0,0,10,263
0x4b9deb,98.913%,10,910,920,10,5,5,900
0x5453c0,87.5%,10,70,80,54,4,6,16
0xa3fe73,64.2857%,10,18,28,2,8,2,16
0x8ff6b3,85.9155%,10,61,71,61,10,0,0
0x8f4537,98.3137%,10,583,593,568,4,6,15
0x5af358,83.871%,10,52,62,52,10,0,0
0x5f134e,84.375%,10,54,64,20,4,6,34
0xa3feca,64.2857%,10,18,28,5,5,5,13
0x9e21ae,37.5%,10,6,16,4,10,0,2
0xa58965,81.4815%,10,44,54,0,0,10,44
0xa935f9,94.0828%,10,159,169,85,3,7,74
0x8bc7a2,96.8553%,10,308,318,0,0,10,308
0x9a332b,93.1507%,10,136,146,49,6,4,87
0x543bf8,94.6524%,10,177,187,177,10,0,0
0x9a5de7,0%,10,0,10,0,10,0,0
0x8ff509,83.0508%,10,49,59,49,10,0,0
0x4b7c3b,9.09091%,10,1,11,1,10,0,0
0xa46954,95.6522%,10,220,230,220,10,0,0
0x7b7fb8,92.9078%,10,131,141,4,5,5,127
0xa59054,91.5966%,10,109,119,101,9,1,8
0x53f5e6,99.5385%,10,2157,2167,25,3,7,2132
0x94ae3f,98.227%,10,554,564,554,10,0,0
0xa5285a,94.6809%,10,178,188,176,8,2,2
0x8aed94,95.2153%,10,199,209,8,3,7,191
0x8f36b5,90.099%,10,91,101,91,10,0,0
0x9e1ac8,91.6667%,10,110,120,110,10,0,0
0xa32de9,95.5556%,10,215,225,14,1,9,201
0xa496b6,76.1905%,10,32,42,32,10,0,0
0x60ae22,80%,10,40,50,40,10,0,0
0xa5428d,91.0714%,10,102,112,101,7,3,1
0x4885bc,99.682%,10,3135,3145,0,0,10,3135
0x8dcd36,99.565%,10,2289,2299,1785,5,5,504
0x40a928,76.1905%,10,32,42,1,6,4,31
0x80e846,90.1961%,10,92,102,71,7,3,21
0x5ee173,95.8678%,10,232,242,0,0,10,232
0x81ea6b,88.3721%,10,76,86,3,7,3,73
0x48b28f,96.8847%,10,311,321,0,0,10,311
0x9f9757,87.6543%,10,71,81,40,9,1,31
0x8c7bea,91.8033%,10,112,122,102,6,4,10
0xa03aa3,91.453%,10,107,117,49,6,4,58
0x9d1ec7,90.099%,10,91,101,65,8,2,26
0x9530b8,0%,10,0,10,0,10,0,0
0x533787,73.6842%,10,28,38,26,5,5,2
0x8efe8b,61.5385%,10,16,26,5,7,3,11
0x7a0fa5,71.4286%,10,25,35,25,10,0,0
0x90195a,97.1989%,10,347,357,0,0,10,347
0xa50467,96.1089%,10,247,257,0,4,6,247
0x9452b0,95.5752%,10,216,226,203,10,0,13
0xa26038,94.6809%,10,178,188,32,6,4,146
0x40424e,97.8947%,10,465,475,0,0,10,465
0x9a11a0,87.6543%,10,71,81,0,0,10,71
0x53e81b,93.6709%,10,148,158,148,6,4,0
0x50c118,50%,10,10,20,5,8,2,5
0x51282f,50%,10,10,20,10,10,0,0
0x5c3324,95.6332%,10,219,229,0,0,10,219
0x8a2865,92.3664%,10,121,131,121,10,0,0
0x970f31,99.626%,10,2664,2674,0,0,10,2664
0x970eed,99.3271%,10,1476,1486,1476,10,0,0
0x960c84,83.0508%,10,49,59,45,7,3,4
0x5c56f9,87.9518%,10,73,83,35,3,7,38
0x98b3f4,81.1321%,10,43,53,11,8,2,32
0x537af4,99.5103%,10,2032,2042,0,0,10,2032
0xa94b02,64.2857%,10,18,28,18,6,4,0
0xa39c96,99.0809%,10,1078,1088,1078,10,0,0
0xa3a1a0,98.4962%,10,655,665,655,10,0,0
0x9aba4a,95.671%,10,221,231,221,10,0,0
0xa2f8af,93.9759%,10,156,166,0,5,5,156
0x9e3edc,97.0588%,10,330,340,330,10,0,0
0x8ed2f7,99.1837%,10,1215,1225,1215,6,4,0
0x7b6f16,92.9078%,10,131,141,131,10,0,0
0x511d7f,99.5202%,10,2074,2084,0,0,10,2074
0x94c697,98.227%,10,554,564,554,10,0,0
0x5128f8,97.1347%,10,339,349,316,8,2,23
0x9fe2dd,93.0556%,10,134,144,128,6,4,6
0x53a1bc,79.1667%,10,38,48,0,6,4,38
0x95195f,93.4211%,10,142,152,5,7,3,137
0x5481af,99.9081%,10,10876,10886,0,0,10,10876
0x9e3f1c,72.973%,10,27,37,9,7,3,18
0x5d1044,99.1968%,10,1235,1245,1235,10,0,0
0x5d87dd,66.6667%,10,20,30,0,0,10,20
0x4c012f,94.9495%,10,188,198,81,5,5,107
0x50cbb1,84.8485%,10,56,66,56,10,0,0
0xb17ca7,99.3046%,10,1428,1438,0,0,10,1428
0x9ab470,96.5398%,10,279,289,195,5,5,84
0x488d7c,82.4561%,10,47,57,0,0,10,47
0x9e194b,91.6667%,10,110,120,110,10,0,0
0x8a671a,92.8058%,10,129,139,42,7,3,87
0x9f7b2f,88.2353%,10,75,85,1,5,5,74
0x9d3113,82.7586%,10,48,58,0,0,10,48
0x4c6714,64.2857%,10,18,28,18,8,2,0
0xa4668a,89.5833%,10,86,96,0,0,10,86
0xaa8013,98.1096%,10,519,529,0,0,10,519
0xa15e3a,50%,10,10,20,3,5,5,7
0x550a4f,70.5882%,10,24,34,12,9,1,12
0xaa8003,98.1096%,10,519,529,0,0,10,519
0x64f4fa,90.9091%,10,100,110,0,0,10,100
0x9a7f4c,93.7107%,10,149,159,1,7,3,148
0x5b2a37,78.7234%,10,37,47,0,0,10,37
0x8f1da6,79.1667%,10,38,48,37,3,7,1
0x511948,95.283%,10,202,212,0,0,10,202
0x503e7f,56.5217%,10,13,23,1,8,2,12
0xa97527,93.2886%,10,139,149,2,4,6,137
0x550105,82.1429%,10,46,56,3,5,5,43
0x7ce8da,99.3532%,10,1536,1546,255,8,2,1281
0xa510f6,96.0474%,10,243,253,243,6,4,0
0x80f9fd,86.4865%,10,64,74,43,5,5,21
0x81447f,98.1273%,10,524,534,524,10,0,0
0x503d54,80.7692%,10,42,52,42,6,4,0
0xb0a736,98.1982%,10,545,555,545,10,0,0
0xa2dc9b,72.2222%,10,26,36,26,10,0,0
0xa58fc4,91.5966%,10,109,119,9,3,7,100
0xb17ac7,99.0575%,10,1051,1061,339,7,3,712
0xa3966f,99.3293%,10,1481,1491,0,0,10,1481
0xa60941,94.7368%,10,180,190,180,10,0,0
0x5c6b39,99.3695%,10,1576,1586,0,0,10,1576
0x6476c0,77.7778%,10,35,45,0,0,10,35
0x9e0543,82.7586%,10,48,58,0,0,10,48
0x554555,96.633%,10,287,297,3,5,5,284
0x81457e,99.4315%,10,1749,1759,1706,8,2,43
0x554d1c,92.126%,10,117,127,117,6,4,0
0x58ffa9,99.0138%,10,1004,1014,500,7,3,504
0x63fbd8,98.9594%,10,951,961,951,10,0,0
0xb18186,99.005%,10,995,1005,995,10,0,0
0xb1496e,99.7651%,10,4248,4258,0,0,10,4248
0x53d858,74.359%,10,29,39,20,9,1,9
0xa42971,98.9119%,10,909,919,909,10,0,0
0xa3412f,96.063%,10,244,254,20,4,6,224
0x502a63,92.0635%,10,116,126,116,10,0,0
0x9eb6c2,68.75%,10,22,32,3,1,9,19
0xaa34ee,98.9177%,10,914,924,914,10,0,0
0x5343aa,99.8258%,10,5730,5740,0,0,10,5730
0x590179,33.3333%,10,5,15,5,10,0,0
0x977708,98.8662%,10,872,882,0,0,10,872
0x6083ad,92.0635%,10,116,126,116,10,0,0
0x7d2ae4,98.77%,10,803,813,426,2,8,377
0x50bc75,75%,10,30,40,30,10,0,0
0x9f1a25,0%,10,0,10,0,10,0,0
0x596933,94.4751%,10,171,181,0,0,10,171
0x4036c2,98.6111%,10,710,720,0,0,10,710
0x60ec62,73.6842%,10,28,38,17,5,5,11
0x8a6f9a,97.6019%,10,407,417,7,4,6,400
0x9784a9,97.8214%,10,449,459,0,0,10,449
0x8fc04b,99.3234%,10,1468,1478,0,0,10,1468
0x9e0b1d,96.1977%,10,253,263,0,0,10,253
0x50410b,83.871%,10,52,62,52,10,0,0
0x9be475,79.1667%,10,38,48,9,7,3,29
0x5e355e,99.3417%,10,1509,1519,1501,8,2,8
0x9d0216,96.988%,10,322,332,172,9,1,150
0xb2e30f,41.1765%,10,7,17,0,0,10,7
0x50439b,91.9355%,10,114,124,57,5,5,57
0x50435f,91.9355%,10,114,124,54,8,2,60
0x972c3b,92.8571%,10,130,140,130,10,0,0
0x8c85c7,99.1667%,10,1190,1200,34,6,4,1156
0x49c7bf,96.4912%,10,275,285,2,6,4,273
0x81f6e2,99.3793%,10,1601,1611,1601,10,0,0
0xa46c24,92.5373%,10,124,134,123,8,2,1
0x40e9a8,96.8454%,10,307,317,307,10,0,0
0x53aedc,78.7234%,10,37,47,0,6,4,37
0x5bd475,99.3094%,10,1438,1448,676,8,2,762
0x53a393,87.013%,10,67,77,0,0,10,67
0x48e55b,93.3333%,10,140,150,93,9,1,47
0x5feae7,81.1321%,10,43,53,43,10,0,0
0xa310a5,94.8454%,10,184,194,0,0,10,184
0x4beebc,82.7586%,10,48,58,22,3,7,26
0x4a1b0d,79.5918%,10,39,49,0,6,4,39
0x4a1304,97.8678%,10,459,469,1,1,9,458
0xa55068,96.6555%,10,289,299,6,2,8,283
0x60959c,96.0317%,10,242,252,0,0,10,242
0x627797,78.2609%,10,36,46,0,0,10,36
0x97b748,90.3846%,10,94,104,65,4,6,29
0x8fe0cf,87.5%,10,70,80,0,8,2,70
0x5bd6f2,96.9789%,10,321,331,11,5,5,310
0xa4b6d8,96.2025%,9,228,237,0,0,9,228
0xacfa9c,96.1864%,9,227,236,227,9,0,0
0xa26100,97.8102%,9,402,411,402,8,1,0
0xb4a1a6,98.7569%,9,715,724,0,0,9,715
0x49507d,40%,9,6,15,1,4,5,5
0x8aa971,99.7369%,9,3412,3421,3412,9,0,0
0x64deb6,98.3425%,9,534,543,0,0,9,534
0x4ba4d3,84.4828%,9,49,58,31,5,4,18
0x5c4c82,99.4889%,9,1752,1761,166,7,2,1586
0x541084,99.9005%,9,9038,9047,9038,9,0,0
0x9f9764,71.875%,9,23,32,0,0,9,23
0x8341d2,92.9688%,9,119,128,1,3,6,118
0x5eb917,98.9461%,9,845,854,0,0,9,845
0xa08650,78.5714%,9,33,42,31,3,6,2
0xa97e31,75.6757%,9,28,37,18,4,5,10
0xb2edb6,96.2343%,9,230,239,0,0,9,230
0x58fe4d,99.7819%,9,4117,4126,3613,6,3,504
0xa44069,85.9375%,9,55,64,55,9,0,0
0x8e4288,99.5448%,9,1968,1977,1968,9,0,0
0x9f4e9c,94.8571%,9,166,175,46,8,1,120
0x9ed9f7,78.0488%,9,32,41,30,4,5,2
0x404409,99.5828%,9,2148,2157,727,4,5,1421
0x959672,92.7419%,9,115,124,115,9,0,0
0xa981c5,40%,9,6,15,5,7,2,1
0x51058d,99.5253%,9,1887,1896,0,0,9,1887
0x508bd6,95.6522%,9,198,207,0,4,5,198
0x8aa8c9,98.7755%,9,726,735,726,9,0,0
0xa529da,95.2128%,9,179,188,177,7,2,2
0x9e73c9,97.75%,9,391,400,391,9,0,0
0x8a9860,99.8066%,9,4645,4654,0,0,9,4645
0x59114b,94.0397%,9,142,151,54,4,5,88
0x499d08,83.0189%,9,44,53,4,9,0,40
0x64c282,94.7368%,9,162,171,46,7,2,116
0x60de6d,98.1707%,9,483,492,86,1,8,397
0x538d1f,93.1818%,9,123,132,100,6,3,23
0x63ee81,99.5153%,9,1848,1857,1121,5,4,727
0x5575cc,83.6364%,9,46,55,46,9,0,0
0x64ba2c,99.3558%,9,1388,1397,1386,4,5,2
0x821fbd,71.875%,9,23,32,0,0,9,23
0x8fcbb4,99.3318%,9,1338,1347,0,0,9,1338
0x8d2908,99.755%,9,3665,3674,3449,5,4,216
0x805814,98.7013%,9,684,693,509,8,1,175
0xa9db7b,81.25%,9,39,48,39,9,0,0
0x50ef00,85%,9,51,60,36,5,4,15
0x810429,97.0588%,9,297,306,297,6,3,0
0x817db1,75%,9,27,36,26,4,5,1
0xa4fe9e,98.2213%,9,497,506,497,5,4,0
0xa41b76,98.8111%,9,748,757,748,9,0,0
0x90187b,96.4844%,9,247,256,229,5,4,18
0x9e00e4,99.162%,9,1065,1074,0,0,9,1065
0x67f0de,99.7892%,9,4260,4269,4260,9,0,0
0x64adfe,99.6695%,9,2714,2723,2714,9,0,0
0xa51cd0,76.3158%,9,29,38,23,3,6,6
0x974630,91.5094%,9,97,106,60,6,3,37
0x9ea562,91.6667%,9,99,108,77,5,4,22
0x5f0580,66.6667%,9,18,27,17,4,5,1
0xa25693,99.0712%,9,960,969,0,0,9,960
0x48e7f8,78.5714%,9,33,42,33,9,0,0
0x9c3ed5,89.5349%,9,77,86,0,0,9,77
0x4b4b2c,80.4348%,9,37,46,28,3,6,9
0xa54c19,55%,9,11,20,9,5,4,2
0x495efb,83.6364%,9,46,55,46,9,0,0
0xb300d4,99.1533%,9,1054,1063,0,0,9,1054
0x5f12e6,85.2459%,9,52,61,45,7,2,7
0x647d69,82.3529%,9,42,51,0,2,7,42
0x8efe1e,75%,9,27,36,22,0,9,5
0x816b51,99.4079%,9,1511,1520,177,9,0,1334
0xad7b39,60.8696%,9,14,23,3,4,5,11
0x94eb01,70%,9,21,30,0,0,9,21
0x6188f3,97.205%,9,313,322,0,0,9,313
0xaa8059,98.2987%,9,520,529,0,0,9,520
0xa32881,93.2836%,9,125,134,4,6,3,121
0x8f3620,97.7723%,9,395,404,8,4,5,387
0x9f4e8c,96.0352%,9,218,227,43,9,0,175
0xb1b05e,97.9215%,9,424,433,0,0,9,424
0x81c5f0,86.3636%,9,57,66,12,2,7,45
0x8a467b,98.5827%,9,626,635,626,9,0,0
0x49af8c,93.9597%,9,140,149,140,4,5,0
0xa35f31,82%,9,41,50,12,7,2,29
0x80c17a,73.5294%,9,25,34,12,5,4,13
0xa40f9d,98.2955%,9,519,528,0,0,9,519
0x609f41,99.8469%,9,5870,5879,0,0,9,5870
0x8f45ec,84.2105%,9,48,57,44,1,8,4
0xb46774,94.5783%,9,157,166,2,3,6,155
0x94dd28,98.4668%,9,578,587,578,9,0,0
0x48ba6b,89.2857%,9,75,84,75,9,0,0
0x9e1960,98.8889%,9,801,810,0,0,9,801
0x5d06af,91.8182%,9,101,110,101,9,0,0
0xb466ce,99.8798%,9,7477,7486,0,0,9,7477
0x901231,95.1351%,9,176,185,0,3,6,176
0xa52623,92.8571%,9,117,126,0,4,5,117
0xa4e652,73.5294%,9,25,34,0,0,9,25
0x9e2fe3,96.5779%,9,254,263,0,0,9,254
0x80be82,18.1818%,9,2,11,2,4,5,0
0xb1b6bd,99.1045%,9,996,1005,996,9,0,0
0x81e3da,95.814%,9,206,215,51,3,6,155
0xa578cc,65.3846%,9,17,26,12,3,6,5
0xa57163,85.2459%,9,52,61,39,2,7,13
0x9bdf73,87.5%,9,63,72,33,5,4,30
0x7b71be,71.875%,9,23,32,0,0,9,23
0x63ee9d,99.0635%,9,952,961,0,0,9,952
0xa507f1,96.4981%,9,248,257,0,0,9,248
0x6ceb8e,30.7692%,9,4,13,4,9,0,0
0x50b8ca,77.5%,9,31,40,31,9,0,0
0x50e4ce,35.7143%,9,5,14,2,2,7,3
0x592e2f,83.3333%,9,45,54,2,2,7,43
0x9f0bb1,90%,9,81,90,81,9,0,0
0x977dab,93.1298%,9,122,131,115,6,3,7
0x590023,95.4545%,9,189,198,92,7,2,97
0x821ebb,93.75%,9,135,144,0,0,9,135
0xa58f3a,92.437%,9,110,119,110,9,0,0
0xa456b7,25%,9,3,12,3,5,4,0
0x943b23,93.5252%,9,130,139,130,9,0,0
0xa98817,40%,9,6,15,6,9,0,0
0x9a69e4,88.1579%,9,67,76,0,0,9,67
0x40dd78,99.7425%,9,3486,3495,0,0,9,3486
0x58be83,85.9375%,9,55,64,0,0,9,55
0xa8ee09,99.4479%,9,1621,1630,0,0,9,1621
0xa2d7ea,95.6311%,9,197,206,197,5,4,0
0x55297e,93.662%,9,133,142,15,1,8,118
0xa525f7,91.0891%,9,92,101,92,9,0,0
0x97313e,78.0488%,9,32,41,32,7,2,0
0xa44160,89.5349%,9,77,86,17,5,4,60
0x5b3090,80%,9,36,45,35,6,3,1
0x8f67ee,93.0769%,9,121,130,0,2,7,121
0x48b35b,79.0698%,9,34,43,0,0,9,34
0x406bb7,62.5%,9,15,24,3,3,6,12
0x9fe263,90%,9,81,90,81,9,0,0
0x9a738b,50%,9,9,18,5,5,4,4
0x48af1a,98.8079%,9,746,755,0,0,9,746
0x8bcca2,83.0189%,9,44,53,16,7,2,28
0x9dfa3b,95.7944%,9,205,214,0,0,9,205
0xa4e979,93.4783%,9,129,138,0,0,9,129
0x5fd958,99.8431%,9,5726,5735,0,0,9,5726
0x54631d,98.8651%,9,784,793,50,7,2,734
0x9d1bf7,47.0588%,9,8,17,0,0,9,8
0x48a2be,99.5692%,9,2080,2089,2080,9,0,0
0x58f91e,92.1053%,9,105,114,17,3,6,88
0xacfac0,96.1864%,9,227,236,2,4,5,225
0x4c203e,91.3462%,9,95,104,0,0,9,95
0x4950bc,67.8571%,9,19,28,19,8,1,0
0x907542,72.7273%,9,24,33,8,8,1,16
0x4ab917,70.9677%,9,22,31,5,7,2,17
0x540a90,35.7143%,9,5,14,2,0,9,3
0x53ebef,94.3038%,9,149,158,149,5,4,0
0x94879d,76.9231%,9,30,39,0,0,9,30
0x8ee78e,94.7059%,9,161,170,161,9,0,0
0x58ba46,93.7931%,9,136,145,15,8,1,121
0x48eb5c,89.1566%,9,74,83,20,6,3,54
0x64f2ae,59.0909%,9,13,22,12,8,1,1
0xaab122,43.75%,9,7,16,2,6,3,5
0x7ce37b,97.8102%,9,402,411,402,9,0,0
0x543980,30.7692%,9,4,13,0,0,9,4
0x4a0015,88.6076%,9,70,79,38,4,5,32
0x9712e0,91.8919%,9,102,111,101,5,4,1
0x53f16f,94.1558%,9,145,154,145,4,5,0
0x53f28f,97.9021%,9,420,429,420,9,0,0
0x9f05d9,98.8312%,9,761,770,0,0,9,761
0x503ee8,0%,9,0,9,0,0,9,0
0x441a72,18.1818%,9,2,11,2,9,0,0
0x64f496,89.8876%,9,80,89,80,9,0,0
0x503edf,0%,9,0,9,0,9,0,0
0x978514,98.1443%,9,476,485,0,0,9,476
0x610292,76.3158%,9,29,38,0,5,4,29
0xaa120c,83.3333%,9,45,54,0,0,9,45
0x58cd13,95.1613%,9,177,186,14,7,2,163
0x5aeb77,64%,9,16,25,14,7,2,2
0x8aabc9,94.1558%,9,145,154,0,0,9,145
0x8f368f,91.0891%,9,92,101,92,9,0,0
0x49dff6,95.4082%,9,187,196,156,7,2,31
0xa2d2db,97.7157%,9,385,394,2,2,7,383
0x4b5034,93.5714%,9,131,140,0,9,0,131
0x99f0cd,95.7746%,9,204,213,12,7,2,192
0x4c658e,67.8571%,9,19,28,11,5,4,8
0x969529,73.5294%,9,25,34,25,9,0,0
0x8dfa93,55%,9,11,20,11,9,0,0
0x944eb4,70%,9,21,30,13,9,0,8
0x9a94ad,77.5%,9,31,40,31,9,0,0
0x9799c5,75%,9,27,36,27,9,0,0
0x50769b,99.6087%,9,2291,2300,0,0,9,2291
0x502024,71.875%,9,23,32,0,0,9,23
0xa4107f,80%,9,36,45,0,2,7,36
0x48aa7e,99.9351%,9,13868,13877,0,0,9,13868
0x65bc8c,98.2178%,9,496,505,0,0,9,496
0x50aa85,86.9565%,9,60,69,0,4,5,60
0x4a1bdf,99.416%,9,1532,1541,1532,9,0,0
0x507537,92.9688%,9,119,128,119,9,0,0
0x9f03ef,98.9714%,9,866,875,866,9,0,0
0x81e1af,97.907%,9,421,430,211,4,5,210
0x8220b7,97.0588%,9,297,306,297,9,0,0
0x507ffb,98.4321%,9,565,574,0,0,9,565
0x40206b,96.0177%,9,217,226,7,6,3,210
0x81ea3f,89.5349%,9,77,86,77,5,4,0
0x806648,55%,9,11,20,9,4,5,2
0xa47c26,78.5714%,9,33,42,0,3,6,33
0xa3463f,97%,9,291,300,219,6,3,72
0x9e281f,98.3302%,9,530,539,530,9,0,0
0x9447b0,92.3729%,9,109,118,0,0,9,109
0x60e46d,97.9118%,9,422,431,422,9,0,0
0x50e835,35.7143%,9,5,14,0,0,9,5
0x5cba52,93.1298%,9,122,131,0,0,9,122
0x781692,83.9286%,9,47,56,38,9,0,9
0xa42bdf,84.4828%,9,49,58,2,2,7,47
0x9f4aaa,97.4212%,9,340,349,340,9,0,0
0xa4538e,97.4138%,9,339,348,338,6,3,1
0xa47e87,78.5714%,9,33,42,27,3,6,6
0xa2e261,95.8904%,9,210,219,210,9,0,0
0x8e1543,99.8328%,9,5373,5382,0,0,9,5373
0x9447bf,92.3729%,9,109,118,109,9,0,0
0xad7e20,99.7386%,9,3434,3443,3434,9,0,0
0x6f455f,67.8571%,9,19,28,1,9,0,18
0x40bb67,96.4844%,9,247,256,247,6,3,0
0x501f94,83.6364%,9,46,55,0,0,9,46
0xa92d7b,96.0177%,9,217,226,217,9,0,0
0xa31ece,87.8378%,9,65,74,23,5,4,42
0x814644,97.9021%,9,420,429,420,9,0,0
0x50ce60,82.6923%,9,43,52,23,3,6,20
0x53b0a9,99.8871%,9,7966,7975,0,0,9,7966
0x40e167,98.5531%,9,613,622,1,3,6,612
0x95010b,99.5851%,9,2160,2169,2160,9,0,0
0x94d26d,95.6522%,9,198,207,198,9,0,0
0x9aaccd,98.6975%,9,682,691,682,9,0,0
0x9ef0cc,99.0937%,9,984,993,0,6,3,984
0x9f5a19,80.8511%,9,38,47,38,9,0,0
0x509734,71.875%,9,23,32,20,2,7,3
0x9a7455,35.7143%,9,5,14,0,0,9,5
0x5096a5,18.1818%,9,2,11,2,9,0,0
0x4a6c77,98.1289%,9,472,481,472,9,0,0
0xa3559e,99.0239%,9,913,922,2,2,7,911
0x8e45dd,71.875%,9,23,32,22,2,7,1
0x5fd5ca,97.0395%,9,295,304,0,8,1,295
0xaaae4c,95.1613%,9,177,186,135,5,4,42
0x5505dd,91.9643%,9,103,112,103,9,0,0
0x4c1838,95.4545%,9,189,198,169,9,0,20
0x90149b,86.1538%,9,56,65,56,9,0,0
0x9a7fa5,79.0698%,9,34,43,9,3,6,25
0x8f4c30,88.1579%,9,67,76,67,9,0,0
0x608c62,98.3755%,9,545,554,545,9,0,0
0x7dfb3d,89.1566%,9,74,83,11,2,7,63
0x9f61e5,99.0625%,9,951,960,0,0,9,951
0x50a3b4,93.3824%,9,127,136,0,0,9,127
0x48af3a,98.3333%,9,531,540,0,0,9,531
0x94e8f1,70%,9,21,30,21,9,0,0
0x607039,92.1739%,9,106,115,91,4,5,15
0xa023c3,98.0851%,9,461,470,0,0,9,461
0x5b15c2,67.8571%,9,19,28,14,3,6,5
0x8f18d0,95.3125%,9,183,192,4,5,4,179
0x8f0c74,87.1429%,9,61,70,1,7,2,60
0x58c5c4,73.5294%,9,25,34,17,6,3,8
0x9a607b,35.7143%,9,5,14,0,0,9,5
0x8d258f,96.25%,9,231,240,231,9,0,0
0x4b7a49,18.1818%,9,2,11,0,0,9,2
0x99a93f,91.1765%,9,93,102,93,9,0,0
0x9ab2fc,97.8571%,9,411,420,109,3,6,302
0xa90b23,35.7143%,9,5,14,5,3,6,0
0x55803f,98.8834%,9,797,806,48,2,7,749
0x5ff45f,78.5714%,9,33,42,27,4,5,6
0x8bb667,90.5263%,9,86,95,8,5,4,78
0x99b035,77.5%,9,31,40,26,4,5,5
0x5c4bd6,99.5079%,9,1820,1829,0,0,9,1820
0x51c2cd,99.5125%,9,1837,1846,1837,9,0,0
0x5af345,85.4839%,9,53,62,23,3,6,30
0x9a1c8a,93.8776%,9,138,147,7,6,3,131
0x495fd1,82%,9,41,50,24,4,5,17
0x499712,92.9134%,9,118,127,49,4,5,69
0x9e0204,67.8571%,9,19,28,19,9,0,0
0xa58e9c,94.5783%,9,157,166,138,7,2,19
0x8c8325,70%,9,21,30,12,7,2,9
0xa497df,96.2185%,9,229,238,229,9,0,0
0x60a841,98.1781%,9,485,494,0,0,9,485
0xa25fa6,99.1115%,9,1004,1013,0,0,9,1004
0xa4675a,97.3988%,9,337,346,337,9,0,0
0x609d02,97.4504%,9,344,353,344,9,0,0
0x81a41e,97.8102%,9,402,411,0,0,9,402
0x48e8fe,67.8571%,9,19,28,19,7,2,0
0x9a162d,57.1429%,9,12,21,0,0,9,12
0x5facba,99.1766%,9,1084,1093,0,6,3,1084
0x908b9b,98.3986%,9,553,562,553,9,0,0
0xb148d3,99.7597%,9,3736,3745,3736,9,0,0
0x5fff7d,98.9234%,9,827,836,827,9,0,0
0x609782,89.1566%,9,74,83,74,9,0,0
0x4a02b0,90%,9,81,90,0,0,9,81
0x54141e,77.5%,9,31,40,0,0,9,31
0xa456b3,94.4444%,9,153,162,149,1,8,4
0x63ae14,96.2656%,9,232,241,232,9,0,0
0xa941c4,95.6522%,9,198,207,128,3,6,70
0x48277b,52.6316%,9,10,19,5,7,2,5
0x50c5e7,98.539%,9,607,616,0,0,9,607
0x546434,97.9684%,9,434,443,434,9,0,0
0xa528f5,97.8261%,9,405,414,405,9,0,0
0xa42bd6,84.4828%,9,49,58,0,0,9,49
0xa921bc,98.2987%,9,520,529,0,4,5,520
0x99a86f,96.679%,9,262,271,97,5,4,165
0xa46470,95.3368%,9,184,193,0,0,9,184
0x42acc6,96.875%,9,279,288,279,7,2,0
0xa459a2,82.3529%,9,42,51,13,5,4,29
0x40db94,99.8723%,9,7038,7047,0,0,9,7038
0x5a9460,86.5672%,9,58,67,0,0,9,58
0x5488e4,43.75%,9,7,16,5,3,6,2
0x48c4cc,90.625%,9,87,96,87,9,0,0
0x59121e,90.8163%,9,89,98,89,9,0,0
0xa258b4,52.6316%,9,10,19,9,5,4,1
0x480053,52.6316%,9,10,19,0,0,9,10
0x405063,57.1429%,9,12,21,0,0,9,12
0x81efc1,98.2792%,9,514,523,514,7,2,0
0x58dc18,94.0397%,9,142,151,0,0,9,142
0x58db25,94.0397%,9,142,151,78,5,4,64
0x638838,99.7597%,9,3737,3746,3737,9,0,0
0x58dad4,95.6938%,9,200,209,145,6,3,55
0xa50118,93.9189%,9,139,148,0,0,9,139
0x58ba54,92.3729%,9,109,118,3,1,8,106
0x908d76,99.7894%,9,4265,4274,0,0,9,4265
0x50ea56,50%,9,9,18,2,4,5,7
0x609c49,98.5318%,9,604,613,0,0,9,604
0x40570e,99.9466%,9,16847,16856,0,0,9,16847
0x5ffd94,93.4783%,9,129,138,129,9,0,0
0x8fda97,88.1579%,9,67,76,7,6,3,60
0x534e38,99.6984%,9,2975,2984,0,0,9,2975
0x9a468c,98.6919%,9,679,688,679,9,0,0
0xaa4629,90.9091%,9,90,99,90,9,0,0
0xa97459,93.9597%,9,140,149,34,8,1,106
0x9eca34,94.0789%,9,143,152,140,8,1,3
0x9e8980,93.7931%,9,136,145,136,9,0,0
0x99b8c8,95.2632%,9,181,190,164,0,9,17
0x5fc02f,68.9655%,9,20,29,4,6,3,16
0x5ff22c,91.1765%,9,93,102,13,5,4,80
0xa54bb7,67.8571%,9,19,28,19,1,8,0
0x99e7fc,30.7692%,9,4,13,4,9,0,0
0x943945,88%,9,66,75,0,0,9,66
0x65c29b,99.8115%,9,4765,4774,4765,9,0,0
0x9110d8,83.0189%,9,44,53,0,0,9,44
0x9ee479,59.0909%,9,13,22,3,4,5,10
0x65c2c8,99.8115%,9,4765,4774,0,0,9,4765
0xa5f934,97.9499%,9,430,439,0,0,9,430
0x4bbace,95.5882%,9,195,204,194,9,0,1
0x5ea9bd,95.9091%,9,211,220,0,0,9,211
0x9a6e0b,0%,9,0,9,0,9,0,0
0x4a5d32,83.6364%,9,46,55,17,8,1,29
0x9a7119,0%,9,0,9,0,9,0,0
0x51293b,97.2644%,9,320,329,320,9,0,0
0x8e16b4,71.875%,9,23,32,0,0,9,23
0x9e5b36,89.7727%,9,79,88,74,7,2,5
0x90f156,95.5%,9,191,200,0,0,9,191
0x9bd12d,73.5294%,9,25,34,1,5,4,24
0x4bc83c,90.4255%,9,85,94,55,6,3,30
0xa60a68,97.0395%,9,295,304,295,9,0,0
0x53f38d,95.5446%,9,193,202,40,8,1,153
0xa261e5,98.3051%,9,522,531,522,9,0,0
0x50e55a,78.5714%,9,33,42,33,9,0,0
0x4a83e3,90.2174%,9,83,92,83,9,0,0
0x9e774d,83.0189%,9,44,53,39,7,2,5
0x5d3b08,99.2771%,9,1236,1245,1236,9,0,0
0xa53e18,94.5122%,9,155,164,0,0,9,155
0x547f57,98.8402%,9,767,776,0,4,5,767
0x547ec2,98.5782%,9,624,633,624,9,0,0
0x9ed4fa,89.4118%,9,76,85,71,6,3,5
0x5e473e,99.4036%,9,1500,1509,1500,9,0,0
0x784025,98.5507%,9,612,621,611,7,2,1
0x67aca9,99.6736%,9,2748,2757,2748,9,0,0
0xa4824f,85%,9,51,60,39,9,0,12
0x902549,95.5224%,9,192,201,72,7,2,120
0x51b509,52.6316%,9,10,19,9,4,5,1
0xa4387f,85%,9,51,60,12,0,9,39
0x9edde2,93.4783%,9,129,138,129,9,0,0
0x5f86de,88.3117%,9,68,77,1,4,5,67
0x5ec2db,70.9677%,9,22,31,22,9,0,0
0x833eb2,97.5936%,9,365,374,0,8,1,365
0x540984,35.7143%,9,5,14,0,8,1,5
0xa3a3f6,97.7723%,9,395,404,0,0,9,395
0x5d86ea,96.4286%,9,243,252,0,0,9,243
0x8a8807,98.2036%,9,492,501,484,3,6,8
0x5f27e2,70.9677%,9,22,31,22,4,5,0
0x5021d3,93.1298%,9,122,131,0,0,9,122
0x902666,99.25%,9,1191,1200,0,0,9,1191
0x901f97,99.8082%,9,4683,4692,0,0,9,4683
0x94db22,98.4668%,9,578,587,0,0,9,578
0xa9d412,55%,9,11,20,11,9,0,0
0x606a60,96%,9,216,225,216,9,0,0
0x94d8cd,98.8079%,9,746,755,746,9,0,0
0x8a8ba3,78.0488%,9,32,41,11,6,3,21
0xa274bf,97.619%,9,369,378,369,9,0,0
0xa945b0,68.9655%,9,20,29,20,7,2,0
0x65a09e,99.4693%,9,1687,1696,148,4,5,1539
0x94b0f6,95.6522%,9,198,207,198,9,0,0
0x81c7db,95.0549%,9,173,182,0,5,4,173
0x4942d2,87.1429%,9,61,70,0,0,9,61
0x9498aa,88.6076%,9,70,79,70,9,0,0
0x97762e,99.3459%,9,1367,1376,1367,9,0,0
0x609f88,99.6959%,9,2951,2960,0,0,9,2951
0xb32708,99.8603%,9,6433,6442,0,0,9,6433
0x8eb668,87.5%,9,63,72,0,6,3,63
0x53de2e,98.289%,9,517,526,0,0,9,517
0x402549,98.249%,9,505,514,0,0,9,505
0x5fa514,40%,9,6,15,6,3,6,0
0x943e28,93.5252%,9,130,139,123,6,3,7
0x9c3eaa,89.5349%,9,77,86,77,9,0,0
0x9c388f,97.4576%,9,345,354,345,9,0,0
0x5f83ab,66.6667%,9,18,27,5,3,6,13
0x48a0dc,86.7647%,9,59,68,0,0,9,59
0x8e7e4d,95.9821%,9,215,224,0,0,9,215
0x99dde4,40%,9,6,15,6,9,0,0
0x8f1c56,81.25%,9,39,48,39,1,8,0
0x8350da,99.3197%,9,1314,1323,1314,9,0,0
0x542b76,99.2742%,9,1231,1240,1231,9,0,0
0x4b8175,18.1818%,9,2,11,2,9,0,0
0x4a1bbe,99.6557%,9,2605,2614,0,0,9,2605
0x8a8f3c,93.5714%,9,131,140,26,2,7,105
0x49c6aa,71.875%,9,23,32,16,0,9,7
0x8f314d,98.9876%,9,880,889,880,9,0,0
0x51c8b6,99.2506%,9,1192,1201,1192,9,0,0
0x9e2f69,96.5779%,9,254,263,254,9,0,0
0xb2e862,87.1429%,9,61,70,61,9,0,0
0x5c5d04,68.9655%,9,20,29,12,2,7,8
0x5fadaa,81.25%,9,39,48,11,4,5,28
0x648756,83.9286%,9,47,56,47,9,0,0
0x948695,99.3759%,9,1433,1442,1433,9,0,0
0x405717,99.9466%,9,16847,16856,0,0,9,16847
0x94c8d2,85.9375%,9,55,64,16,8,1,39
0xaa1223,83.3333%,9,45,54,15,1,8,30
0x543ecb,95.1872%,9,178,187,0,0,9,178
0x969837,87.5%,9,63,72,1,6,3,62
0x8a6bf3,91.1765%,9,93,102,0,1,8,93
0x4995c2,92.9134%,9,118,127,47,6,3,71
0x6796c5,91.9643%,9,103,112,103,9,0,0
0x8103e1,98.3755%,9,545,554,0,0,9,545
0x5508fb,57.1429%,9,12,21,12,9,0,0
0x64f487,90.9091%,9,90,99,4,6,3,86
0xa5f7c3,90.3226%,9,84,93,84,5,4,0
0x781673,83.9286%,9,47,56,47,9,0,0
0x78ad23,79.5455%,9,35,44,15,6,3,20
0x9fe548,93.2836%,9,125,134,125,9,0,0
0x81ca8c,94.7059%,9,161,170,161,3,6,0
0x5cb113,98.9486%,9,847,856,847,6,3,0
0x48ebff,88.4615%,9,69,78,66,8,1,3
0x5c56d1,92.6829%,9,114,123,36,4,5,78
0x9e0b36,96.5779%,9,254,263,4,2,7,250
0x9f78a9,98.8903%,9,802,811,0,0,9,802
0x984238,64%,9,16,25,0,0,9,16
0x4a7b17,97.281%,9,322,331,15,0,9,307
0x806006,97.9911%,9,439,448,93,7,2,346
0xa2e7d8,89.4118%,9,76,85,31,2,7,45
0x49e524,93.662%,9,133,142,133,9,0,0
0xa6c6e5,79.0698%,9,34,43,14,2,7,20
0x8ae9e2,95.8525%,9,208,217,3,2,7,205
0x49faa2,93.75%,9,135,144,0,0,9,135
0x64c6a9,78.5714%,9,33,42,33,5,4,0
0x4c222c,94.0397%,9,142,151,142,9,0,0
0x9f404b,72.7273%,9,24,33,6,4,5,18
0x8e2013,99.3939%,9,1476,1485,0,0,9,1476
0x8a653d,47.0588%,9,8,17,4,6,3,4
0xa36459,93.0769%,9,121,130,0,0,9,121
0xaa80cd,98.2987%,9,520,529,520,9,0,0
0x8a5456,99.4141%,9,1527,1536,1527,3,6,0
0x48dc47,99.7983%,9,4454,4463,0,0,9,4454
0x9e29f6,95.2128%,9,179,188,179,9,0,0
0x403b0a,98.3607%,9,540,549,0,0,9,540
0xaab643,98.7968%,9,739,748,0,0,9,739
0x817201,94.375%,9,151,160,1,2,7,150
0x9118f4,98.6466%,9,656,665,656,9,0,0
0x944366,88.1579%,9,67,76,0,0,9,67
0x50d2d6,96.9799%,9,289,298,0,0,9,289
0xb17ade,97.3988%,9,337,346,0,0,9,337
0x67f13d,99.7892%,9,4260,4269,2014,7,2,2246
0xa568d2,70%,9,21,30,19,5,4,2
0x8a77a3,88.3117%,9,68,77,3,2,7,65
0xa2f8b4,94.4099%,9,152,161,80,3,6,72
0xad7bab,89.6552%,9,78,87,78,9,0,0
0x821867,89.8876%,9,80,89,80,9,0,0
0x533604,79.5455%,9,35,44,0,2,7,35
0x8c900f,98.1557%,9,479,488,479,7,2,0
0xa39efb,78.0488%,9,32,41,5,6,3,27
0x4c9308,43.75%,9,7,16,7,5,4,0
0x49a454,65.3846%,9,17,26,3,7,2,14
0x555a2a,85.7143%,9,54,63,6,2,7,48
0x5559a0,86.5672%,9,58,67,58,5,4,0
0x502d41,95.2632%,9,181,190,0,0,9,181
0x6dcc06,78.5714%,9,33,42,0,0,9,33
0x63eaf5,95.5%,9,191,200,0,0,9,191
0x90a427,99.6141%,9,2323,2332,2323,9,0,0
0x552a9c,93.662%,9,133,142,2,2,7,131
0x816c96,99.1107%,9,1003,1012,0,0,9,1003
0x538fb3,59.0909%,9,13,22,5,6,3,8
0x983a47,67.8571%,9,19,28,7,4,5,12
0x5fb214,94.6108%,9,158,167,7,8,1,151
0x670407,93.2331%,9,124,133,0,0,9,124
0x48f08c,72.7273%,9,24,33,24,9,0,0
0x590139,25%,9,3,12,3,9,0,0
0x9e72d7,97.0492%,9,296,305,289,2,7,7
0x943420,88%,9,66,75,66,9,0,0
0x8fdc4d,97.6316%,9,371,380,0,0,9,371
0xa285d3,70%,9,21,30,14,7,2,7
0xa39b02,96.7033%,9,264,273,264,9,0,0
0x49e738,99.5399%,9,1947,1956,1947,9,0,0
0x591f0a,99.7617%,9,3768,3777,0,0,9,3768
0xa44884,87.1429%,9,61,70,61,9,0,0
0x8e2ade,99.2105%,9,1131,1140,0,0,9,1131
0x541a97,98.9209%,9,825,834,0,0,9,825
0x60a6f3,99.4758%,9,1708,1717,0,0,9,1708
0x8f591b,99.6554%,9,2603,2612,2603,9,0,0
0x550f72,66.6667%,9,18,27,0,6,3,18
0xa48d6f,85.9375%,9,55,64,49,3,6,6
0x9f091d,99.1036%,9,995,1004,995,9,0,0
0x53a490,30.7692%,9,4,13,3,9,0,1
0x95b5a8,60.8696%,9,14,23,2,2,7,12
0x555ab0,67.8571%,9,19,28,19,7,2,0
0x819ceb,73.5294%,9,25,34,6,6,3,19
0x94eb34,85%,9,51,60,0,0,9,51
0xa4a72f,43.75%,9,7,16,7,1,8,0
0x9e04aa,84.4828%,9,49,58,0,0,9,49
0x8e2571,99.8294%,9,5266,5275,0,0,9,5266
0xa39daa,86.1538%,9,56,65,18,6,3,38
0x4c4051,95.5882%,9,195,204,195,9,0,0
0x537ab8,79.5455%,9,35,44,35,3,6,0
0x4a6253,93.7931%,9,136,145,136,6,3,0
0x8efb73,97.733%,9,388,397,276,3,6,112
0x94c5c6,91.3462%,9,95,104,0,0,9,95
0x8ffb99,99.4024%,9,1497,1506,1497,9,0,0
0xa30103,97.01%,9,292,301,292,4,5,0
0x541a9f,98.9209%,9,825,834,825,9,0,0
0x81c58c,95%,9,171,180,122,5,4,49
0x8c82a9,99%,9,891,900,334,8,1,557
0x88a042,47.0588%,9,8,17,0,0,9,8
0x8dcaf4,98.8432%,9,769,778,769,9,0,0
0x961373,99.4448%,9,1612,1621,1612,9,0,0
0x5422d2,97.2892%,9,323,332,0,0,9,323
0xb2c8d6,97.3988%,9,337,346,337,9,0,0
0x8dce25,98.3425%,9,534,543,0,0,9,534
0xa980fa,89.0244%,9,73,82,9,8,1,64
0xa2fdbd,96.0526%,9,219,228,114,3,6,105
0x5529ba,93.662%,9,133,142,2,2,7,131
0x49f67b,81.25%,9,39,48,17,7,2,22
0x949639,98.4043%,9,555,564,555,9,0,0
0x8089ab,57.1429%,9,12,21,9,3,6,3
0xb2fb5e,99.8765%,9,7277,7286,0,0,9,7277
0x9e4e59,97.0968%,9,301,310,0,0,9,301
0x5971b1,98.5507%,9,612,621,28,6,3,584
0x640288,99.6157%,9,2333,2342,0,0,9,2333
0x441d12,18.1818%,9,2,11,2,9,0,0
0x49ebdd,94.4099%,9,152,161,0,0,9,152
0x48e8a9,35.7143%,9,5,14,5,2,7,0
0x9461b5,52.6316%,9,10,19,0,0,9,10
0xa33766,76.3158%,9,29,38,1,8,1,28
0x8a8b34,96.6038%,9,256,265,256,9,0,0
0xb245f3,99.9244%,9,11890,11899,0,0,9,11890
0xa51e03,83.9286%,9,47,56,44,5,4,3
0x814542,99.8187%,9,4954,4963,1750,9,0,3204
0x98cd13,99.4479%,9,1621,1630,0,0,9,1621
0xa9362b,94.6746%,9,160,169,160,9,0,0
0x551007,57.1429%,9,12,21,1,5,4,11
0x5d90df,93.8776%,9,138,147,138,9,0,0
0x534703,91.0891%,9,92,101,92,9,0,0
0x59310c,70%,9,21,30,18,6,3,3
0x9f123a,99.1036%,9,995,1004,995,9,0,0
0x49e552,94.4099%,9,152,161,0,0,9,152
0x8c8633,97%,9,291,300,98,7,2,193
0x6703d6,93.2331%,9,124,133,0,0,9,124
0x97811f,93.2331%,9,124,133,0,0,9,124
0x7d3728,98.875%,9,791,800,689,5,4,102
0x9c3848,97.4576%,9,345,354,345,9,0,0
0x58b8f6,91.8182%,9,101,110,0,0,9,101
0x402faf,86.9565%,9,60,69,0,0,9,60
0x9f0c31,95.2632%,9,181,190,0,0,9,181
0x504918,94.5122%,9,155,164,142,7,2,13
0x4b950b,30.7692%,9,4,13,1,0,9,3
0x4c4034,95.5882%,9,195,204,0,0,9,195
0x94ea42,70%,9,21,30,1,1,8,20
0xaab7e8,90.9091%,9,90,99,90,9,0,0
0x822866,99.3996%,9,1490,1499,1490,9,0,0
0x488ddf,99.7575%,9,3703,3712,0,0,9,3703
0x5f12b2,85.9375%,9,55,64,0,2,7,55
0x7d186b,98.3271%,9,529,538,64,7,2,465
0xa327b6,83.6364%,9,46,55,0,5,4,46
0x502d5a,95.2632%,9,181,190,0,0,9,181
0xa589f0,77.5%,9,31,40,0,0,9,31
0xa25ba7,99.1115%,9,1004,1013,1004,9,0,0
0x54f15a,79.0698%,9,34,43,0,0,9,34
0x7c7427,43.75%,9,7,16,0,0,9,7
0x9f5eb1,97.8873%,9,417,426,417,5,4,0
0x40bc1c,91.2621%,9,94,103,0,0,9,94
0x77ffa8,99.6596%,9,2635,2644,316,6,3,2319
0x610b6d,97.3761%,9,334,343,0,0,9,334
0x975328,70%,9,21,30,10,2,7,11
0xa3722b,10%,9,1,10,0,2,7,1
0x5548b3,99.4848%,9,1738,1747,1738,7,2,0
0x5b1535,83.6364%,9,46,55,40,7,2,6
0x8a958e,75%,9,27,36,19,5,4,8
0x6188f9,97.205%,9,313,322,0,6,3,313
0xa4379b,97.8774%,9,415,424,1,3,6,414
0x50191f,98.882%,9,796,805,788,6,3,8
0x404716,98.5531%,9,613,622,610,4,5,3
0x8e3f3d,75.6757%,9,28,37,0,0,9,28
0xa46dde,85%,9,51,60,38,7,2,13
0x5fb22f,87.6712%,9,64,73,0,3,6,64
0x54c697,89.8876%,9,80,89,0,0,9,80
0xaa08d4,89.1566%,9,74,83,72,5,4,2
0x8e4c90,79.5455%,9,35,44,0,0,9,35
0x906d1a,95.4082%,9,187,196,187,9,0,0
0x8f1041,77.5%,9,31,40,0,0,9,31
0x8122fd,74.2857%,9,26,35,11,7,2,15
0x51b5be,99.8294%,9,5266,5275,0,0,9,5266
0x8f2827,99.0446%,9,933,942,0,0,9,933
0x63a7c1,95.5%,9,191,200,191,9,0,0
0x814b1a,96.4981%,9,248,257,3,3,6,245
0x5a95c8,64%,9,16,25,16,9,0,0
0x53dd93,99.8594%,9,6393,6402,6393,9,0,0
0xa50c38,90%,9,81,90,18,6,3,63
0xa93311,89.7727%,9,79,88,79,9,0,0
0x643b61,95.3368%,9,184,193,4,3,6,180
0xa2ee4d,89.5349%,9,77,86,16,6,3,61
0x8daa8b,97.75%,9,391,400,193,7,2,198
0x8ee7d1,76.9231%,9,30,39,0,0,9,30
0x53dbaf,97.5477%,9,358,367,358,9,0,0
0xa9f14c,96.0177%,9,217,226,52,6,3,165
0x9f0119,10%,9,1,10,1,7,2,0
0x816e03,99.2713%,9,1226,1235,0,0,9,1226
0x9f88d4,70%,9,21,30,8,3,6,13
0xa2b396,89.1566%,9,74,83,55,3,6,19
0x906aae,97.486%,9,349,358,0,0,9,349
0x8e2034,99.3939%,9,1476,1485,0,0,9,1476
0x94cff4,80.8511%,9,38,47,38,9,0,0
0x9e2f24,96.5779%,9,254,263,0,0,9,254
0x8f108e,77.5%,9,31,40,31,9,0,0
0x610a54,30.7692%,9,4,13,0,0,9,4
0x80570b,91.5094%,9,97,106,97,3,6,0
0x8dc36e,99.4482%,9,1622,1631,1622,5,4,0
0xa95e43,25%,9,3,12,3,9,0,0
0x541ccc,99.3192%,9,1313,1322,0,0,9,1313
0x8fce86,95%,9,171,180,4,9,0,167
0x592535,99.8051%,9,4609,4618,0,0,9,4609
0x8f2099,75.6757%,9,28,37,14,6,3,14
0x9f95e3,88%,9,66,75,15,7,2,51
0x8ffc60,87.8378%,9,65,74,0,6,3,65
0x780615,97.2222%,9,315,324,0,0,9,315
0x8f5392,95.1351%,9,176,185,176,9,0,0
0x9e4100,94.1558%,9,145,154,145,5,4,0
0x90e35e,86.5672%,9,58,67,58,9,0,0
0x9005fb,97.4138%,9,339,348,1,1,8,338
0x512316,98.7306%,9,700,709,60,7,2,640
0x5fa4f5,88%,9,66,75,19,2,7,47
0x9f9991,78.0488%,9,32,41,13,6,3,19
0x8a54e1,93.0233%,9,120,129,1,2,7,119
0x533c39,81.25%,9,39,48,34,5,4,5
0x5cfc22,99.284%,9,1248,1257,0,0,9,1248
0x84443c,98.0603%,9,455,464,455,5,4,0
0x945c7d,86.1538%,9,56,65,0,0,9,56
0x971491,59.0909%,9,13,22,4,3,6,9
0x551dc8,96.5385%,9,251,260,251,9,0,0
0x58ba5d,92.1053%,9,105,114,104,6,3,1
0x81a4a4,98.9117%,9,818,827,0,0,9,818
0x499dc9,71.875%,9,23,32,23,9,0,0
0x59109d,96.3563%,9,238,247,238,9,0,0
0xab332a,93.1818%,9,123,132,0,0,9,123
0x5911dd,96.8858%,9,280,289,0,0,9,280
0x4995f5,92.9134%,9,118,127,0,0,9,118
0x4a8503,83.0189%,9,44,53,0,0,9,44
0x80947a,98.9387%,9,839,848,839,9,0,0
0x8dd98c,70%,9,21,30,14,0,9,7
0xaaaea1,93.4783%,9,129,138,4,4,5,125
0x554f9e,83.6364%,9,46,55,46,6,3,0
0x543060,97.4719%,9,347,356,347,9,0,0
0x80b5eb,99.2105%,9,1131,1140,1131,7,2,0
0x9f2993,94.7977%,9,164,173,164,9,0,0
0x8ba049,99.8313%,9,5326,5335,5326,9,0,0
0x4c0409,89.5349%,9,77,86,0,0,9,77
0x538d70,93.1818%,9,123,132,123,6,3,0
0x8149f6,99.2659%,9,1217,1226,1217,7,2,0
0x8e0c79,92.7419%,9,115,124,3,9,0,112
0x7899bd,67.8571%,9,19,28,16,6,3,3
0x5c6b55,99.4325%,9,1577,1586,0,0,9,1577
0xa074e0,62.5%,9,15,24,9,4,5,6
0xa3fef8,50%,9,9,18,1,5,4,8
0x945c56,86.1538%,9,56,65,0,0,9,56
0x9a7f61,94.0397%,9,142,151,126,1,8,16
0x679c33,99.255%,9,1199,1208,34,2,7,1165
0x8e1ea9,59.0909%,9,13,22,0,0,9,13
0xa4501f,98.5222%,9,600,609,0,0,9,600
0x8e2b54,99.1728%,9,1079,1088,0,0,9,1079
0x55471d,85.9375%,9,55,64,55,9,0,0
0x503d30,82.6923%,9,43,52,0,0,9,43
0x9a7ba8,97.2696%,8,285,293,1,4,4,284
0x5f83e3,98.9691%,8,768,776,768,4,4,0
0x5ffdc5,93.2203%,8,110,118,66,6,2,44
0x49e630,80.9524%,8,34,42,34,8,0,0
0x5f85a8,96.7078%,8,235,243,0,0,8,235
0x4bf693,95.9596%,8,190,198,26,3,5,164
0x50a711,88.5714%,8,62,70,0,0,8,62
0x5f7a16,96.1353%,8,199,207,170,5,3,29
0x96c0c9,96.0591%,8,195,203,179,3,5,16
0x679c1f,99.5556%,8,1792,1800,585,7,1,1207
0x8a7780,90.8046%,8,79,87,8,2,6,71
0x54da74,79.4872%,8,31,39,31,8,0,0
0x9a6aa3,38.4615%,8,5,13,1,8,0,4
0xb34781,93.9394%,8,124,132,124,8,0,0
0x8ed358,99.8277%,8,4636,4644,4636,2,6,0
0x8fce93,81.8182%,8,36,44,36,8,0,0
0x9aa1eb,77.1429%,8,27,35,4,4,4,23
0xa9182f,52.9412%,8,9,17,1,2,6,8
0xa480ce,96.4286%,8,216,224,216,8,0,0
0x8ba0ce,99.9173%,8,9664,9672,189,2,6,9475
0xa464bc,72.4138%,8,21,29,3,7,1,18
0x901ab3,96.8254%,8,244,252,1,1,7,243
0x50e2c5,89.3333%,8,67,75,0,0,8,67
0x5f84d5,94.6667%,8,142,150,0,4,4,142
0xaa8f97,65.2174%,8,15,23,15,8,0,0
0x5f836a,70.3704%,8,19,27,0,6,2,19
0x50f79e,99.2593%,8,1072,1080,1072,8,0,0
0x96adc9,61.9048%,8,13,21,12,7,1,1
0x9e73fe,94.1176%,8,128,136,8,3,5,120
0x9aaf40,93.5484%,8,116,124,116,8,0,0
0x53506a,92.4528%,8,98,106,2,4,4,96
0x8ff2b6,88.5714%,8,62,70,5,1,7,57
0xb1ae61,98.1524%,8,425,433,425,8,0,0
0x555632,86.4407%,8,51,59,0,4,4,51
0x4bea51,92.381%,8,97,105,28,7,1,69
0x48f610,80%,8,32,40,29,5,3,3
0x4897c8,33.3333%,8,4,12,4,8,0,0
0x666925,98.6301%,8,576,584,576,8,0,0
0x5fe9c9,97.5385%,8,317,325,269,4,4,48
0x50e4b3,71.4286%,8,20,28,4,6,2,16
0x540a66,42.8571%,8,6,14,0,8,0,6
0x5af781,84.9057%,8,45,53,45,6,2,0
0x4ba9cc,74.1935%,8,23,31,0,0,8,23
0x6096c5,90.3614%,8,75,83,0,0,8,75
0x590ead,65.2174%,8,15,23,1,4,4,14
0x65ba53,99.8252%,8,4568,4576,4568,8,0,0
0x509824,99.6103%,8,2045,2053,0,0,8,2045
0x48b294,97.5078%,8,313,321,0,0,8,313
0xa3623e,98.1567%,8,426,434,0,0,8,426
0x9c38f2,82.6087%,8,38,46,38,2,6,0
0x66688f,98.374%,8,484,492,0,0,8,484
0x5b34fc,82.2222%,8,37,45,37,8,0,0
0x661b1c,99.3884%,8,1300,1308,1300,8,0,0
0x8e534b,75%,8,24,32,16,0,8,8
0x48b453,98.0344%,8,399,407,399,8,0,0
0xa25e4e,89.7436%,8,70,78,0,0,8,70
0x9a18ca,61.9048%,8,13,21,0,0,8,13
0x5b9d79,83.3333%,8,40,48,38,5,3,2
0x4bb2a8,98.1941%,8,435,443,435,8,0,0
0xa50cec,90.9091%,8,80,88,77,7,1,3
0xa5bb2e,79.4872%,8,31,39,3,4,4,28
0xa8fc74,95.2941%,8,162,170,162,8,0,0
0x5f8249,94.6667%,8,142,150,142,4,4,0
0x50bfbb,87.8788%,8,58,66,58,5,3,0
0x58db3f,90.2439%,8,74,82,11,3,5,63
0x49ded9,71.4286%,8,20,28,0,0,8,20
0xa56481,98.0907%,8,411,419,411,8,0,0
0x80e6f8,99.051%,8,835,843,835,6,2,0
0x5bd0d8,85.4545%,8,47,55,39,5,3,8
0x8ef19f,95.5056%,8,170,178,0,4,4,170
0x552228,99.6073%,8,2029,2037,0,0,8,2029
0x58d418,85.9649%,8,49,57,43,2,6,6
0x544a65,85.9649%,8,49,57,29,2,6,20
0x53fd08,97.377%,8,297,305,0,4,4,297
0x9f7b7c,91.3043%,8,84,92,8,5,3,76
0x94d185,82.9787%,8,39,47,39,8,0,0
0x58d9f8,88.5714%,8,62,70,62,8,0,0
0x4419b3,27.2727%,8,3,11,0,0,8,3
0x9a337d,94.5205%,8,138,146,20,6,2,118
0x903edb,84.6154%,8,44,52,16,2,6,28
0x40461d,11.1111%,8,1,9,1,8,0,0
0x9f063c,20%,8,2,10,0,0,8,2
0x5f1151,97.3244%,8,291,299,291,5,3,0
0x5f85af,96.7078%,8,235,243,235,8,0,0
0x9f0a4d,94.2857%,8,132,140,104,4,4,28
0x9fb686,96.748%,8,238,246,31,0,8,207
0x80a5c7,99.0566%,8,840,848,838,5,3,2
0x5ec590,80%,8,32,40,26,6,2,6
0x5ec2b7,85.1852%,8,46,54,27,4,4,19
0x9591b8,50%,8,8,16,7,6,2,1
0x51c823,99.9323%,8,11805,11813,0,0,8,11805
0x8ba377,99.4039%,8,1334,1342,0,0,8,1334
0x9a9af5,93.3884%,8,113,121,0,0,8,113
0x58d8ca,96.1722%,8,201,209,0,0,8,201
0x9019d6,97.6331%,8,330,338,0,0,8,330
0x901fab,99.8295%,8,4684,4692,0,0,8,4684
0x98cc26,55.5556%,8,10,18,0,0,8,10
0x489fbd,94.8387%,8,147,155,147,8,0,0
0x9fb036,87.3016%,8,55,63,55,8,0,0
0x441d75,27.2727%,8,3,11,3,8,0,0
0xa34a5c,95.4802%,8,169,177,132,4,4,37
0x48b367,81.3953%,8,35,43,0,0,8,35
0x5f917c,82.6087%,8,38,46,32,5,3,6
0x8a8df5,99.4265%,8,1387,1395,1387,6,2,0
0x94389c,82.2222%,8,37,45,7,3,5,30
0x9f0da5,98.0861%,8,410,418,0,0,8,410
0x8fd50e,90.5882%,8,77,85,0,3,5,77
0x48dcaf,99.8854%,8,6975,6983,0,0,8,6975
0x4bf1d0,99.1398%,8,922,930,52,4,4,870
0xa552ab,96.9811%,8,257,265,257,8,0,0
0x4049d4,96.9112%,8,251,259,251,8,0,0
0x9f496a,97.7077%,8,341,349,338,7,1,3
0x901ae0,96.8%,8,242,250,242,8,0,0
0xaa5c5c,76.4706%,8,26,34,26,8,0,0
0x5f88e5,92.3077%,8,96,104,90,2,6,6
0xa51de7,85.7143%,8,48,56,0,0,8,48
0x4b87f2,27.2727%,8,3,11,3,0,8,0
0x9016cf,99.3333%,8,1192,1200,1192,8,0,0
0x9f7af5,95.4802%,8,169,177,169,8,0,0
0x9f941e,84.6154%,8,44,52,41,7,1,3
0xad7f30,99.5291%,8,1691,1699,169,4,4,1522
0xa33f94,84.6154%,8,44,52,41,8,0,3
0x50b326,80%,8,32,40,32,6,2,0
0x8bb47a,99.7642%,8,3384,3392,0,0,8,3384
0x4b3883,60%,8,12,20,12,4,4,0
0x9a1b82,61.9048%,8,13,21,13,8,0,0
0xa5836a,0%,8,0,8,0,0,8,0
0xa5138e,98.4496%,8,508,516,1,5,3,507
0x40e2d1,96.3801%,8,213,221,0,0,8,213
0x9f4696,97.7077%,8,341,349,341,8,0,0
0x54cd9b,57.8947%,8,11,19,0,0,8,11
0x60dc83,97.0803%,8,266,274,266,8,0,0
0x9d0ef1,97.026%,8,261,269,0,0,8,261
0x97847b,98.2571%,8,451,459,451,8,0,0
0x8a990b,99.4558%,8,1462,1470,1462,4,4,0
0x54d9f2,79.4872%,8,31,39,0,3,5,31
0x4b87ff,0%,8,0,8,0,8,0,0
0x4bbc5a,97.1831%,8,276,284,161,2,6,115
0x51afa7,98.6254%,8,574,582,283,8,0,291
0x4c1c71,97.2414%,8,282,290,282,8,0,0
0x50e851,42.8571%,8,6,14,6,8,0,0
0x543024,97.7528%,8,348,356,0,0,8,348
0x9732e9,80.9524%,8,34,42,0,4,4,34
0x53a3f1,99.9019%,8,8150,8158,0,0,8,8150
0x9ed80f,96.0396%,8,194,202,133,5,3,61
0x50be27,98.6207%,8,572,580,572,6,2,0
0x8fc53c,42.8571%,8,6,14,6,8,0,0
0x49da6d,99.1021%,8,883,891,883,8,0,0
0xa58319,0%,8,0,8,0,8,0,0
0x5b20da,55.5556%,8,10,18,10,8,0,0
0x504d14,33.3333%,8,4,12,4,6,2,0
0x9733a8,80%,8,32,40,32,8,0,0
0x509701,75%,8,24,32,0,0,8,24
0x509684,75%,8,24,32,0,3,5,24
0xa016ad,0%,8,0,8,0,6,2,0
0x8a8b8e,93.1624%,8,109,117,3,3,5,106
0x49f54c,55.5556%,8,10,18,10,8,0,0
0x53580a,50%,8,8,16,1,4,4,7
0x67045c,93.985%,8,125,133,0,0,8,125
0x48db27,99.8207%,8,4455,4463,0,0,8,4455
0xa312fb,84.6154%,8,44,52,0,0,8,44
0x8e98db,99.2634%,8,1078,1086,1078,6,2,0
0x548266,98.9899%,8,784,792,0,0,8,784
0x8076cf,97.2696%,8,285,293,285,8,0,0
0xa31ee1,82.6087%,8,38,46,5,5,3,33
0x5fd976,99.54%,8,1731,1739,0,0,8,1731
0x949fe0,96.4126%,8,215,223,215,8,0,0
0xa316bf,78.9474%,8,30,38,30,6,2,0
0x5df21c,92.7928%,8,103,111,0,0,8,103
0x8f2ffb,80%,8,32,40,32,8,0,0
0x50386b,96.1165%,8,198,206,155,5,3,43
0x4859f4,80.9524%,8,34,42,34,8,0,0
0x5f6d19,86.2069%,8,50,58,25,4,4,25
0x8f5ab0,75.7576%,8,25,33,21,3,5,4
0x5bcd2a,99.1701%,8,956,964,956,8,0,0
0x8f61a8,88.7324%,8,63,71,56,1,7,7
0x543d5a,95.7219%,8,179,187,179,8,0,0
0x9097af,93.1624%,8,109,117,109,8,0,0
0x485e0e,98.2533%,8,450,458,0,0,8,450
0x8f76ae,94.7712%,8,145,153,104,4,4,41
0xa2f245,92.8571%,8,104,112,70,4,4,34
0x542272,99.866%,8,5961,5969,0,0,8,5961
0x8df648,63.6364%,8,14,22,12,8,0,2
0xa63b52,93.6%,8,117,125,117,8,0,0
0x504e0f,91.7526%,8,89,97,89,8,0,0
0x8dba57,50%,8,8,16,0,8,0,8
0x54f3b4,99.1984%,8,990,998,0,0,8,990
0x8fc12f,99.7981%,8,3954,3962,3954,8,0,0
0xa48875,95.5056%,8,170,178,0,0,8,170
0x48224b,57.8947%,8,11,19,0,0,8,11
0x48aac8,99.8233%,8,4520,4528,4520,8,0,0
0x8f1a34,83.3333%,8,40,48,38,2,6,2
0x48ddc6,95.9596%,8,190,198,0,0,8,190
0x7c71c1,80.9524%,8,34,42,31,6,2,3
0xa44a2f,98.4848%,8,520,528,520,8,0,0
0xa4981f,97.1429%,8,272,280,0,0,8,272
0x4a5925,79.4872%,8,31,39,31,8,0,0
0x5eb8e1,99.0632%,8,846,854,0,0,8,846
0x65c314,87.6923%,8,57,65,0,0,8,57
0x507179,94.1176%,8,128,136,128,8,0,0
0x593872,98.7402%,8,627,635,0,0,8,627
0xa500b9,90.1235%,8,73,81,2,4,4,71
0x910ed2,99.3416%,8,1207,1215,115,8,0,1092
0xa549e3,78.3784%,8,29,37,29,8,0,0
0x90294d,98.4375%,8,504,512,504,8,0,0
0x4c63e1,81.8182%,8,36,44,11,4,4,25
0x9e0bb3,96.5066%,8,221,229,221,8,0,0
0xa9c821,82.6087%,8,38,46,38,8,0,0
0x506448,91.3978%,8,85,93,85,8,0,0
0x8e483b,99.5531%,8,1782,1790,0,0,8,1782
0x8e1538,99.8514%,8,5374,5382,0,0,8,5374
0x9694eb,99.665%,8,2380,2388,0,0,8,2380
0x9a805b,74.1935%,8,23,31,23,8,0,0
0xa45166,97.9899%,8,390,398,0,4,4,390
0x7cf335,98.8113%,8,665,673,1,1,7,664
0x9e840b,91.3043%,8,84,92,0,4,4,84
0x490c7f,65.2174%,8,15,23,1,5,3,14
0x8eb016,80.4878%,8,33,41,33,2,6,0
0x40fff0,86.6667%,8,52,60,7,4,4,45
0x4a7b96,85.9649%,8,49,57,49,8,0,0
0x889eda,63.6364%,8,14,22,4,2,6,10
0x5387af,99.7069%,8,2721,2729,2721,8,0,0
0xa50aa5,42.8571%,8,6,14,1,3,5,5
0x5e17b8,93.985%,8,125,133,0,0,8,125
0x65ba9a,88.2353%,8,60,68,46,4,4,14
0x96b19a,99.118%,8,899,907,0,0,8,899
0x944dd3,73.3333%,8,22,30,22,8,0,0
0x858ecb,95.5801%,8,173,181,0,0,8,173
0x983a92,72.4138%,8,21,29,21,6,2,0
0x51b149,52.9412%,8,9,17,6,7,1,3
0x485f0e,52.9412%,8,9,17,0,0,8,9
0x50da7f,92.5234%,8,99,107,99,4,4,0
0x51050b,87.5%,8,56,64,56,8,0,0
0xb2e2e6,83.3333%,8,40,48,0,0,8,40
0x5a9484,97.7337%,8,345,353,345,8,0,0
0x49d7e3,91.3978%,8,85,93,81,4,4,4
0x677d7f,98.4962%,8,524,532,0,0,8,524
0xa31129,78.9474%,8,30,38,30,8,0,0
0xa46771,97.6879%,8,338,346,338,8,0,0
0x6400a1,99.5692%,8,1849,1857,1849,8,0,0
0x8ed171,99.3469%,8,1217,1225,1217,8,0,0
0x88a243,79.4872%,8,31,39,22,0,8,9
0x81c0ae,91.6667%,8,88,96,0,0,8,88
0x5bcac7,99.1238%,8,905,913,0,2,6,905
0x507d06,77.7778%,8,28,36,28,4,4,0
0xa9838e,84.6154%,8,44,52,43,6,2,1
0x4b5adb,85.1852%,8,46,54,24,3,5,22
0x9ef216,95.4023%,8,166,174,166,8,0,0
0x8e3acd,0%,8,0,8,0,8,0,0
0x722a3f,91.5789%,8,87,95,7,7,1,80
0x40394d,78.3784%,8,29,37,29,8,0,0
0x8fefa4,97.7337%,8,345,353,0,0,8,345
0x9c4137,97.7778%,8,352,360,352,8,0,0
0x53f3f2,96.0396%,8,194,202,194,4,4,0
0x9c3e7e,85.1852%,8,46,54,0,0,8,46
0x48a57e,99.7824%,8,3668,3676,0,0,8,3668
0x499c8e,94.2446%,8,131,139,0,0,8,131
0x8e5350,50%,8,8,16,0,0,8,8
0x54f1f8,81.3953%,8,35,43,0,0,8,35
0x81951a,95%,8,152,160,73,7,1,79
0xa325e8,96.1165%,8,198,206,198,4,4,0
0x8fcfc0,88.7324%,8,63,71,63,8,0,0
0x9f443f,89.6104%,8,69,77,2,6,2,67
0x8dfe93,96.8992%,8,250,258,125,5,3,125
0x908299,99.6276%,8,2140,2148,0,0,8,2140
0x9ed396,98.2379%,8,446,454,53,4,4,393
0x8f0d0a,83.3333%,8,40,48,2,6,2,38
0x8e9fbe,99.6766%,8,2466,2474,0,0,8,2466
0x4b94c5,38.4615%,8,5,13,5,8,0,0
0x5c49b1,89.6104%,8,69,77,69,8,0,0
0x4aca60,46.6667%,8,7,15,6,0,8,1
0x9c4250,97.5904%,8,324,332,324,8,0,0
0x5c6c52,99.6272%,8,2138,2146,0,0,8,2138
0x8a25a1,96.9811%,8,257,265,0,0,8,257
0xaa4871,94.6309%,8,141,149,141,8,0,0
0xa44124,90.6977%,8,78,86,0,0,8,78
0x7858dd,38.4615%,8,5,13,2,4,4,3
0xa45fb3,96.6805%,8,233,241,0,4,4,233
0x557026,94.3662%,8,134,142,134,8,0,0
0x9a9cfb,97.9112%,8,375,383,375,8,0,0
0x48c28d,91.8367%,8,90,98,90,8,0,0
0x94a0b4,96.4126%,8,215,223,12,4,4,203
0xa2e81e,93.3333%,8,112,120,0,0,8,112
0x900ccb,97.6048%,8,326,334,326,8,0,0
0x8c8a67,99.2032%,8,996,1004,912,8,0,84
0x53ee88,94.8052%,8,146,154,146,3,5,0
0x94b5c0,89.8734%,8,71,79,71,8,0,0
0x4b9e7f,96.2441%,8,205,213,45,1,7,160
0xaa7dab,85.1852%,8,46,54,44,3,5,2
0x8bae19,55.5556%,8,10,18,0,0,8,10
0x6097b5,90.3614%,8,75,83,0,0,8,75
0x48f8ec,50%,8,8,16,3,3,5,5
0x942bf6,89.3333%,8,67,75,0,0,8,67
0x96af16,61.9048%,8,13,21,2,5,3,11
0x60dd3c,98.8539%,8,690,698,0,0,8,690
0x8ddf11,82.6087%,8,38,46,38,8,0,0
0x410370,96.1722%,8,201,209,19,3,5,182
0x4023c0,84.9057%,8,45,53,0,0,8,45
0x904227,60%,8,12,20,0,0,8,12
0x959341,93.75%,8,120,128,117,7,1,3
0xa58b02,91.6667%,8,88,96,88,8,0,0
0x5b478e,60%,8,12,20,12,8,0,0
0x90087d,85.9649%,8,49,57,0,0,8,49
0x64ce9e,81.8182%,8,36,44,1,3,5,35
0x974fdc,73.3333%,8,22,30,18,6,2,4
0x4a6efc,99.0762%,8,858,866,0,0,8,858
0x547ce0,94.8052%,8,146,154,5,3,5,141
0x5121cd,79.4872%,8,31,39,0,2,6,31
0x98f952,96.8872%,8,249,257,249,8,0,0
0xa44170,87.5%,8,56,64,0,0,8,56
0x9e407c,94.8052%,8,146,154,146,4,4,0
0x9a6b27,20%,8,2,10,0,0,8,2
0x8e3de8,80.4878%,8,33,41,32,5,3,1
0x49bc1e,93.0435%,8,107,115,0,0,8,107
0x506343,91.3978%,8,85,93,85,8,0,0
0x49fe0f,38.4615%,8,5,13,5,8,0,0
0x96ad9c,61.9048%,8,13,21,13,8,0,0
0x9497d8,89.8734%,8,71,79,71,8,0,0
0x501bae,98.9717%,8,770,778,1,2,6,769
0x9a6a31,42.8571%,8,6,14,6,8,0,0
0x4bc5c8,57.8947%,8,11,19,4,3,5,7
0x8c8d01,99.8634%,8,5848,5856,5843,5,3,5
0xa4858b,85.7143%,8,48,56,13,2,6,35
0x8fd4e9,92.9204%,8,105,113,3,1,7,102
0x9fcbad,68%,8,17,25,3,4,4,14
0x58fe24,99.8061%,8,4118,4126,0,0,8,4118
0xa90618,85.9649%,8,49,57,0,4,4,49
0x818d4d,99.0326%,8,819,827,652,3,5,167
0x8e2b36,84.6154%,8,44,52,0,0,8,44
0x7d3103,97.8378%,8,362,370,15,4,4,347
0x8bd6fb,99.6291%,8,2149,2157,15,5,3,2134
0x90aebb,93.2773%,8,111,119,111,8,0,0
0x487ed8,42.8571%,8,6,14,0,0,8,6
0x488965,99.2337%,8,1036,1044,1036,8,0,0
0x78d870,98.7076%,8,611,619,0,0,8,611
0x9f68c4,97.2696%,8,285,293,285,8,0,0
0xa46cd0,91.6667%,8,88,96,0,0,8,88
0x97bb1c,94.8387%,8,147,155,77,3,5,70
0x908eac,97.3941%,8,299,307,140,0,8,159
0x8f3617,97.8836%,8,370,378,0,0,8,370
0x4a1235,99.0087%,8,799,807,799,8,0,0
0xa300cb,96.4912%,8,220,228,0,0,8,220
0x9edaa7,80.4878%,8,33,41,32,2,6,1
0x9e2602,99.1597%,8,944,952,0,0,8,944
0x507415,84%,8,42,50,0,0,8,42
0x609591,92.0792%,8,93,101,93,8,0,0
0x4a7b86,97.1429%,8,272,280,267,7,1,5
0x5af6c7,87.0968%,8,54,62,47,6,2,7
0x9eeecc,96.5217%,8,222,230,222,2,6,0
0x551d65,95.5801%,8,173,181,173,8,0,0
0x9cfe32,38.4615%,8,5,13,5,8,0,0
0x4b788b,74.1935%,8,23,31,0,0,8,23
0x67a98b,99.7098%,8,2749,2757,2749,8,0,0
0x7cea46,99.5785%,8,1890,1898,0,0,8,1890
0xa90206,87.3016%,8,55,63,17,8,0,38
0x9a6dfb,42.8571%,8,6,14,0,5,3,6
0x550e85,76.4706%,8,26,34,11,6,2,15
0x9ed3b3,97.9849%,8,389,397,389,8,0,0
0x8dd0b8,98.892%,8,714,722,714,4,4,0
0xa33d29,97.6945%,8,339,347,339,8,0,0
0x95b5be,65.2174%,8,15,23,11,4,4,4
0x8e71ce,97.5831%,8,323,331,323,8,0,0
0x8ff6e0,91.8367%,8,90,98,0,0,8,90
0x9e60dd,96.6387%,8,230,238,226,5,3,4
0x488f23,94.8718%,8,148,156,148,4,4,0
0x4c1cdc,95.7895%,8,182,190,125,4,4,57
0x8e3d56,97.3154%,8,290,298,290,8,0,0
0x977d19,94.6309%,8,141,149,141,8,0,0
0xa18b38,81.3953%,8,35,43,17,6,2,18
0x9e889f,94.5205%,8,138,146,61,4,4,77
0xa2e208,91.0112%,8,81,89,81,4,4,0
0xa2d2cd,97.9695%,8,386,394,0,0,8,386
0x4a7b4a,97.5831%,8,323,331,323,8,0,0
0x40e354,96.748%,8,238,246,238,8,0,0
0x8ebba4,98.3573%,8,479,487,0,0,8,479
0x7d1bf0,99.022%,8,810,818,258,3,5,552
0x40475a,98.6971%,8,606,614,9,3,5,597
0x5f6cd7,46.6667%,8,7,15,3,2,6,4
0x50d025,93.3333%,8,112,120,8,3,5,104
0x8e3326,97.6879%,8,338,346,338,4,4,0
0x8fcd92,97.2318%,8,281,289,281,8,0,0
0x973875,80%,8,32,40,0,4,4,32
0xa2853c,95%,8,152,160,0,0,8,152
0xa55b80,90.3614%,8,75,83,75,8,0,0
0x4c40b0,91.3043%,8,84,92,84,8,0,0
0x9777cf,85.9649%,8,49,57,49,8,0,0
0x48e815,95.122%,8,156,164,156,8,0,0
0x4b6ca2,55.5556%,8,10,18,4,5,3,6
0x481437,57.8947%,8,11,19,11,8,0,0
0x9e4ecf,86.6667%,8,52,60,52,8,0,0
0x9d111f,96.8627%,8,247,255,1,3,5,246
0x9d0ac8,92.1569%,8,94,102,94,8,0,0
0x5c566c,96.5368%,8,223,231,0,0,8,223
0x983da0,94.2029%,8,130,138,0,0,8,130
0xa02537,70.3704%,8,19,27,0,0,8,19
0x9f5996,96.5957%,8,227,235,227,8,0,0
0x4fdc37,75.7576%,8,25,33,1,3,5,24
0x9ea625,93.6%,8,117,125,77,5,3,40
0xa4d41d,94.0299%,8,126,134,59,8,0,67
0x4bf0b9,96.6102%,8,228,236,41,7,1,187
0x58c037,89.4737%,8,68,76,0,0,8,68
0xaa25c2,63.6364%,8,14,22,0,0,8,14
0xa4d3e0,88.0597%,8,59,67,27,1,7,32
0x94c5f8,98.5816%,8,556,564,2,0,8,554
0x49d794,90.9091%,8,80,88,5,6,2,75
0x4889ed,57.8947%,8,11,19,11,8,0,0
0xa54923,77.1429%,8,27,35,27,8,0,0
0x5073b0,27.2727%,8,3,11,0,0,8,3
0x49f6c6,94.0299%,8,126,134,52,3,5,74
0xa42b1b,99.0698%,8,852,860,0,0,8,852
0x548622,99.66%,8,2345,2353,2345,8,0,0
0x58ccfa,95.6989%,8,178,186,178,8,0,0
0x558e9c,99.3716%,8,1265,1273,1265,8,0,0
0x78268d,96.3801%,8,213,221,0,0,8,213
0x4bbcbe,99.5389%,8,1727,1735,1727,8,0,0
0x809d67,98.5866%,8,558,566,555,6,2,3
0x5590cc,93.2203%,8,110,118,2,2,6,108
0x48f91c,82.9787%,8,39,47,33,4,4,6
0x511712,99.4602%,8,1474,1482,1474,8,0,0
0xa97a91,46.6667%,8,7,15,3,7,1,4
0x9ec255,85.7143%,8,48,56,47,3,5,1
0x82285a,99.4663%,8,1491,1499,1491,8,0,0
0x441d42,27.2727%,8,3,11,3,8,0,0
0xa542a7,92.8571%,8,104,112,102,6,2,2
0x50eecc,90.3614%,8,75,83,71,3,5,4
0x5d1c75,60%,8,12,20,12,8,0,0
0x9f4b30,97.3941%,8,299,307,299,8,0,0
0xa4568e,95.0617%,8,154,162,150,0,8,4
0xa294e3,50%,8,8,16,8,8,0,0
0x8ec96a,99.4318%,8,1400,1408,1400,4,4,0
0xa5f7a1,98.5075%,8,528,536,528,8,0,0
0x510533,99.359%,8,1240,1248,0,0,8,1240
0xa15955,20%,8,2,10,0,0,8,2
0x681f9f,99.6313%,8,2162,2170,2162,8,0,0
0x50eeef,89.7436%,8,70,78,13,5,3,57
0x9f93cd,76.4706%,8,26,34,0,2,6,26
0x5c6ce9,98.6278%,8,575,583,0,0,8,575
0x51b78b,99.8074%,8,4146,4154,0,0,8,4146
0x98b581,95.5056%,8,170,178,153,8,0,17
0x666785,86.4407%,8,51,59,24,6,2,27
0xad7b50,98.973%,8,771,779,0,0,8,771
0x7c7bd2,90.3614%,8,75,83,75,7,1,0
0x5098a5,99.7852%,8,3717,3725,3717,8,0,0
0x555fac,96.7347%,8,237,245,237,5,3,0
0x81e8ba,99.1684%,8,954,962,954,4,4,0
0x5c571a,78.3784%,8,29,37,10,4,4,19
0xaaaa9d,63.6364%,8,14,22,14,5,3,0
0xa96e9c,61.9048%,8,13,21,13,4,4,0
0x8deeee,99.0971%,8,878,886,4,4,4,874
0x495064,46.6667%,8,7,15,6,7,1,1
0x40dfeb,94.0741%,8,127,135,0,0,8,127
0xa02d84,92.6606%,8,101,109,0,2,6,101
0xa5902f,80.9524%,8,34,42,23,8,0,11
0x7cea4e,99.5785%,8,1890,1898,1890,8,0,0
0x8106e7,90.4762%,8,76,84,39,3,5,37
0x6680f1,99.6497%,8,2276,2284,2276,8,0,0
0x489f99,94.8387%,8,147,155,0,0,8,147
0x502957,91.7526%,8,89,97,30,5,3,59
0x5d801b,99.3554%,8,1233,1241,1233,8,0,0
0x8efca4,93.1624%,8,109,117,0,4,4,109
0xa98110,87.6923%,8,57,65,3,5,3,54
0xa942a0,95.1807%,8,158,166,152,6,2,6
0x489b37,98.1132%,8,416,424,0,8,0,416
0xa47f0f,33.3333%,8,4,12,4,8,0,0
0x60ad21,99.3243%,8,1176,1184,0,0,8,1176
0x60ad2a,99.3243%,8,1176,1184,1176,8,0,0
0xa2851c,95%,8,152,160,0,0,8,152
0x833a80,93.9394%,8,124,132,10,8,0,114
0xa4dfb5,96.1905%,8,202,210,202,4,4,0
0x81aea7,99.0566%,8,840,848,837,6,2,3
0x6a3b47,69.2308%,8,18,26,0,0,8,18
0x53446d,99.9453%,8,14614,14622,0,0,8,14614
0x9ec08a,20%,8,2,10,0,5,3,2
0x9e1a4b,50%,8,8,16,1,1,7,7
0x803a43,98.2301%,8,444,452,0,4,4,444
0xa5edaf,98.579%,8,555,563,0,0,8,555
0x812360,99.3007%,8,1136,1144,0,0,8,1136
0x77ff45,94.8052%,8,146,154,143,6,2,3
0x820de3,96.7213%,8,236,244,236,8,0,0
0x48e8db,38.4615%,8,5,13,5,6,2,0
0x9e0590,86.2069%,8,50,58,50,8,0,0
0x90e7ef,73.3333%,8,22,30,0,0,8,22
0x55572c,96.7742%,8,240,248,0,3,5,240
0x8b9a41,99.944%,8,14289,14297,13819,6,2,470
0xa34afb,90.2439%,8,74,82,2,5,3,72
0x8e26e1,99.4406%,8,1422,1430,0,0,8,1422
0x7c7b59,92.381%,8,97,105,5,3,5,92
0xaa9f67,70.3704%,8,19,27,19,8,0,0
0x9a621f,72.4138%,8,21,29,18,6,2,3
0x80fde5,99.3277%,8,1182,1190,592,3,5,590
0x9a97a3,73.3333%,8,22,30,4,6,2,18
0x404e80,89.1892%,8,66,74,31,5,3,35
0x8a98a8,99.4558%,8,1462,1470,0,0,8,1462
0x488737,97.9798%,8,388,396,388,8,0,0
0x8141f2,99.9305%,8,11500,11508,0,0,8,11500
0xa25b64,99.2103%,8,1005,1013,1005,8,0,0
0xa07493,82.6087%,8,38,46,35,5,3,3
0x4a1da5,99.4505%,8,1448,1456,1448,8,0,0
0x66f63f,69.2308%,8,18,26,18,5,3,0
0x66f6a8,52.9412%,8,9,17,6,1,7,3
0x90ab6a,70.3704%,8,19,27,0,0,8,19
0x90be08,95.4545%,8,168,176,0,0,8,168
0xa019f3,60%,8,12,20,12,0,8,0
0x65a0a3,99.4819%,8,1536,1544,1459,4,4,77
0x9012a1,70.3704%,8,19,27,18,6,2,1
0x8e46aa,50%,8,8,16,0,0,8,8
0x88e67f,79.4872%,8,31,39,31,8,0,0
0xaa9fec,70.3704%,8,19,27,19,8,0,0
0x4b7276,27.2727%,8,3,11,1,2,6,2
0x542e76,94.7712%,8,145,153,0,0,8,145
0x8e4db1,99.5891%,8,1939,1947,1538,5,3,401
0x8e02cd,98.5965%,8,562,570,280,5,3,282
0xb347c4,93.75%,8,120,128,0,0,8,120
0x4a6fae,96.8%,8,242,250,0,0,8,242
0x94efbd,97.048%,8,263,271,263,8,0,0
0x9a751c,75%,8,24,32,8,2,6,16
0x49e9d0,99.7262%,8,2914,2922,0,0,8,2914
0x972fef,82.6087%,8,38,46,38,8,0,0
0x647d79,83.6735%,8,41,49,34,5,3,7
0xa96078,69.2308%,8,18,26,18,8,0,0
0x8dcdeb,98.892%,8,714,722,714,4,4,0
0x55472d,87.5%,8,56,64,39,5,3,17
0x5fec91,84.9057%,8,45,53,6,7,1,39
0x9f5ce6,57.8947%,8,11,19,9,3,5,2
0x627c6b,65.2174%,8,15,23,15,8,0,0
0xaa8061,98.4877%,8,521,529,521,8,0,0
0x610d27,99.0099%,8,800,808,0,0,8,800
0x48de88,92.8571%,8,104,112,3,4,4,101
0x557fa5,99.2989%,8,1133,1141,1133,8,0,0
0xa50b54,57.8947%,8,11,19,1,4,4,10
0xa589d8,94.5205%,8,138,146,0,0,8,138
0x66d3e2,99.5798%,8,1896,1904,1896,2,6,0
0x58b7ba,99.0062%,8,797,805,797,8,0,0
0xb1ae38,98.1524%,8,425,433,0,0,8,425
0x8febe2,99.7771%,8,3581,3589,0,0,8,3581
0x80a1fa,97.5535%,8,319,327,318,5,3,1
0x5ebb88,99.0632%,8,846,854,0,0,8,846
0x8bade3,98.1941%,8,435,443,0,0,8,435
0x511aa0,99.0148%,8,804,812,421,7,1,383
0x99efce,92.1569%,8,94,102,94,8,0,0
0x8b9e49,99.3109%,8,1153,1161,1153,8,0,0
0x441af4,27.2727%,8,3,11,3,8,0,0
0x50cd27,97.8022%,8,356,364,10,4,4,346
0x48a71e,99.7558%,8,3268,3276,0,0,8,3268
0x49a4b1,42.8571%,8,6,14,4,6,2,2
0x5bd9b1,99.7954%,8,3903,3911,3902,6,2,1
0x4a82b6,91.3043%,8,84,92,0,0,8,84
0x50136b,99.5037%,8,1604,1612,0,0,8,1604
0x550ef5,69.2308%,8,18,26,18,8,0,0
0x5d265b,93.985%,8,125,133,125,8,0,0
0x58bfac,89.4737%,8,68,76,68,8,0,0
0x787f38,86.6667%,8,52,60,10,0,8,42
0xa9dac0,46.6667%,8,7,15,1,5,3,6
0xaa6437,91.1111%,8,82,90,82,8,0,0
0x506f65,60%,8,12,20,10,8,0,2
0xb1b034,98.1524%,8,425,433,0,0,8,425
0x8fd47b,87.8788%,8,58,66,28,6,2,30
0x90e268,95%,8,152,160,0,0,8,152
0x90a65e,81.8182%,8,36,44,0,0,8,36
0xa51276,96.8379%,8,245,253,245,4,4,0
0x9f3c29,52.9412%,8,9,17,0,0,8,9
0xaa5da3,96.2441%,8,205,213,2,5,3,203
0xa9ed4c,90.1235%,8,73,81,0,0,8,73
0x9f16fa,91.5789%,8,87,95,87,8,0,0
0x820d43,99.4302%,8,1396,1404,0,2,6,1396
0x9f6c15,97.2696%,8,285,293,20,6,2,265
0x53b915,93.9394%,8,124,132,100,6,2,24
0x8128ba,75.7576%,8,25,33,16,4,4,9
0x4a9573,93.9394%,8,124,132,111,1,7,13
0x8f3f49,99.6505%,8,2281,2289,2281,8,0,0
0x902d3d,99.0826%,8,864,872,864,8,0,0
0x8e924b,98.7768%,8,646,654,563,2,6,83
0x80d76d,87.5%,8,56,64,56,4,4,0
0xa35d80,98.2143%,8,440,448,0,0,8,440
0x6514a1,90.2439%,8,74,82,74,8,0,0
0x4043a6,99.6513%,8,2286,2294,0,0,8,2286
0x591f4d,88.5714%,8,62,70,0,0,8,62
0x9f0ab4,71.4286%,8,20,28,20,4,4,0
0x8f31c8,99.688%,8,2556,2564,2556,8,0,0
0x5c4b91,99.5626%,8,1821,1829,0,0,8,1821
0xaa1104,90%,8,72,80,41,3,5,31
0xa01de3,20%,8,2,10,1,5,3,1
0x98c9f0,92.6606%,8,101,109,0,0,8,101
0xa42a2c,71.4286%,8,20,28,20,8,0,0
0xa0667a,87.3016%,8,55,63,13,5,3,42
0x63af52,99.0256%,8,813,821,813,8,0,0
0xa9e16d,80%,8,32,40,4,6,2,28
0x4994f6,86.6667%,8,52,60,52,8,0,0
0x4a0258,94.2029%,8,130,138,130,8,0,0
0x9f3f11,97.5309%,8,316,324,3,1,7,313
0x80dbaf,96.3636%,8,212,220,0,0,8,212
0x4c1b3d,98.513%,8,530,538,528,5,3,2
0x50ce24,93.3333%,8,112,120,0,0,8,112
0xa018db,98.9583%,8,760,768,760,4,4,0
0x9e5205,55.5556%,8,10,18,2,4,4,8
0x55773e,98.4496%,8,508,516,0,0,8,508
0x533ad3,11.1111%,8,1,9,0,0,8,1
0x50620a,98.7635%,8,639,647,0,0,8,639
0x94c5fd,98.5765%,8,554,562,554,8,0,0
0x901304,95.6989%,8,178,186,131,5,3,47
0x4a800f,91.3043%,8,84,92,64,5,3,20
0xa41b02,97.0037%,8,259,267,0,0,8,259
0x5e4759,99.4698%,8,1501,1509,1501,8,0,0
0xa08e59,87.3016%,8,55,63,14,4,4,41
0x64cc40,98.579%,8,555,563,22,3,5,533
0x8e39bd,75%,8,24,32,0,0,8,24
0xa54cab,97.3244%,8,291,299,291,8,0,0
0x55598e,92%,8,92,100,92,4,4,0
0x5c70bd,97.7778%,8,352,360,28,0,8,324
0x8dc331,99.5095%,8,1623,1631,1623,4,4,0
0x404241,98.3158%,8,467,475,0,0,8,467
0x9e0b26,96.9582%,8,255,263,0,0,8,255
0xa2da1c,42.8571%,8,6,14,0,4,4,6
0x9f4403,95.2381%,8,160,168,160,8,0,0
0x50cdb5,97.5078%,8,313,321,313,8,0,0
0x50cdf8,97.5078%,8,313,321,0,0,8,313
0x8ff636,80.9524%,8,34,42,34,8,0,0
0x5d3f86,93.985%,8,125,133,125,8,0,0
0x8fd8b2,98.3368%,8,473,481,0,0,8,473
0xa46fdc,96.8872%,8,249,257,58,6,2,191
0x493609,52.9412%,8,9,17,9,8,0,0
0x5f55b1,85.7143%,8,48,56,48,4,4,0
0xa556b5,90.3614%,8,75,83,75,8,0,0
0x539354,63.6364%,8,14,22,6,5,3,8
0x8d3edb,77.1429%,8,27,35,16,1,7,11
0x8dcb8d,99.652%,8,2291,2299,2291,8,0,0
0x7e11a2,70.3704%,8,19,27,5,5,3,14
0xaa483e,96.9582%,8,255,263,255,8,0,0
0x9e718b,85.4545%,8,47,55,8,6,2,39
0x58f9b3,90.2439%,8,74,82,39,2,6,35
0x9eb793,89.8734%,8,71,79,71,3,5,0
0x5969cd,97.7337%,8,345,353,10,6,2,335
0x65a10c,99.5046%,8,1607,1615,144,8,0,1463
0x6788fc,99.7194%,8,2843,2851,2843,8,0,0
0x94eda1,73.3333%,8,22,30,0,0,8,22
0x818c04,99.0326%,8,819,827,0,0,8,819
0x544997,98.0247%,8,397,405,395,1,7,2
0x9177cf,95.0617%,8,154,162,154,0,8,0
0x4aabe7,80.4878%,8,33,41,9,2,6,24
0xa45c5a,99.3432%,8,1210,1218,0,0,8,1210
0xa52d79,90.6977%,8,78,86,72,5,3,6
0x503788,98.6928%,8,604,612,0,0,8,604
0x537a63,98.9145%,8,729,737,0,0,8,729
0xa9daf0,92.381%,8,97,105,0,0,8,97
0x980fe3,89.1892%,8,66,74,58,8,0,8
0x80630a,92.0792%,8,93,101,89,6,2,4
0x7d2d7b,98.7034%,8,609,617,258,6,2,351
0xa51e78,79.4872%,8,31,39,5,2,6,26
0x80896f,74.1935%,8,23,31,18,2,6,5
0x980ba8,88.7324%,8,63,71,34,5,3,29
0x4bdbe7,70.3704%,8,19,27,0,7,1,19
0xa92c66,96.4602%,8,218,226,218,8,0,0
0x806457,73.3333%,8,22,30,22,8,0,0
0x54798c,46.6667%,8,7,15,0,4,4,7
0x909a00,99.5692%,8,1849,1857,1849,8,0,0
0x5509cd,84.3137%,8,43,51,39,7,1,4
0x5488fb,0%,8,0,8,0,8,0,0
0x5020e2,88.5714%,8,62,70,0,6,2,62
0xa3a476,97.8082%,8,357,365,0,0,8,357
0x951035,92.4528%,8,98,106,97,7,1,1
0x8d977c,0%,8,0,8,0,8,0,0
0x547aab,97.6331%,8,330,338,330,4,4,0
0xa363d4,97.3064%,8,289,297,289,8,0,0
0x8aabd5,94.8052%,8,146,154,0,0,8,146
0x4a6fc5,93.3884%,8,113,121,0,0,8,113
0x9fb12d,93.5484%,8,116,124,0,0,8,116
0x4b80d8,27.2727%,8,3,11,1,8,0,2
0x9a3367,94.5205%,8,138,146,0,0,8,138
0x58c0d1,89.4737%,8,68,76,62,4,4,6
0x50c9a1,98.1818%,8,432,440,0,0,8,432
0x5d106b,99.3574%,8,1237,1245,1237,8,0,0
0x8044d9,96.9697%,8,256,264,4,7,1,252
0x4c985d,20%,8,2,10,2,8,0,0
0xa487ec,96.6942%,8,234,242,17,5,3,217
0x4ba231,96.2791%,8,207,215,24,2,6,183
0xa45ef3,93.5484%,8,116,124,0,4,4,116
0x9fe45a,93.8931%,8,123,131,123,8,0,0
0x8ee10f,0%,8,0,8,0,8,0,0
0x981445,90%,8,72,80,4,2,6,68
0x9f32cf,94.8387%,8,147,155,147,8,0,0
0x554f4f,97.3064%,8,289,297,289,4,4,0
0x5d0ae7,60%,8,12,20,12,8,0,0
0x50fd6f,98.3122%,8,466,474,466,8,0,0
0xa95d59,98.6063%,8,566,574,552,4,4,14
0x81fd40,97.4922%,8,311,319,268,3,5,43
0x80892d,96.5812%,8,226,234,226,6,2,0
0x64dff6,98.5267%,8,535,543,535,8,0,0
0x8f3642,97.9592%,8,384,392,384,8,0,0
0x978274,57.8947%,8,11,19,8,5,3,3
0x55460b,99.3432%,8,1210,1218,1210,8,0,0
0x60019c,70.3704%,8,19,27,6,6,2,13
0x8151b4,86.4407%,8,51,59,0,4,4,51
0x49e34f,95.3216%,8,163,171,0,6,2,163
0xa2dc7f,87.5%,8,56,64,20,8,0,36
0x7d2b02,97.9221%,8,377,385,369,3,5,8
0x543b69,96.1722%,8,201,209,22,0,8,179
0x788bde,84.9057%,8,45,53,45,8,0,0
0x9ab848,94.4444%,8,136,144,0,0,8,136
0xa586fc,0%,8,0,8,0,4,4,0
0x49dee2,71.4286%,8,20,28,13,1,7,7
0x5af0f8,98.9987%,8,791,799,0,0,8,791
0xa9a2ae,46.6667%,8,7,15,3,7,1,4
0x5572a0,96.7078%,8,235,243,235,8,0,0
0x8dd33c,98.9717%,8,770,778,0,0,8,770
0xa46dfd,96.8872%,8,249,257,0,0,8,249
0x81d0bd,95.7447%,8,180,188,3,3,5,177
0x99e650,38.4615%,8,5,13,0,0,8,5
0x591389,96.4126%,8,215,223,215,8,0,0
0x5fb11d,80.9524%,8,34,42,5,4,4,29
0x4b6dde,71.4286%,8,20,28,20,8,0,0
0x511090,99.788%,8,3766,3774,3766,8,0,0
0x833a95,92.9825%,8,106,114,0,4,4,106
0x609589,96.8254%,8,244,252,244,8,0,0
0x8f3516,33.3333%,8,4,12,4,8,0,0
0x9fb651,96.748%,8,238,246,0,0,8,238
0x54f3a2,52.9412%,8,9,17,9,8,0,0
0x4a78e8,99.204%,8,997,1005,997,8,0,0
0x5b1c97,82.9787%,8,39,47,31,5,3,8
0xa41e99,98.7915%,8,654,662,0,0,8,654
0x8ed789,81.8182%,8,36,44,36,8,0,0
0x8bccf3,99.599%,8,1987,1995,0,0,8,1987
0x81ea51,90.6977%,8,78,86,75,8,0,3
0x540a44,55.5556%,8,10,18,4,4,4,6
0x5b0e8b,85.4545%,8,47,55,0,0,8,47
0x4ab4aa,94.4056%,8,135,143,108,4,4,27
0x9a1bfa,96.0591%,8,195,203,0,0,8,195
0x90e13b,73.3333%,8,22,30,22,8,0,0
0x4a5c38,38.4615%,8,5,13,1,6,2,4
0x8a5202,96.3134%,8,209,217,0,0,8,209
0x40dc62,99.5914%,8,1950,1958,0,0,8,1950
0x8a29b3,98.5866%,8,558,566,0,0,8,558
0xa33e38,96.9349%,8,253,261,211,5,3,42
0x5b26f9,82.9787%,8,39,47,39,8,0,0
0x8efab7,95%,8,152,160,152,4,4,0
0xa48492,85.7143%,8,48,56,48,8,0,0
0x99b0c3,80%,8,32,40,18,3,5,14
0x511a7c,99.7963%,8,3919,3927,3919,8,0,0
0x94ed3d,73.3333%,8,22,30,0,0,8,22
0x9f514d,97.6812%,8,337,345,332,6,2,5
0x9a648e,95.4545%,8,168,176,168,8,0,0
0x78e060,81.3953%,8,35,43,30,5,3,5
0xa280bb,97.5904%,8,324,332,0,0,8,324
0x9a6423,95.4545%,8,168,176,168,8,0,0
0xa9b8da,52.9412%,8,9,17,7,4,4,2
0x9a12b5,94.7368%,8,144,152,0,0,8,144
0x50716f,98.9189%,8,732,740,0,0,8,732
0x50b30c,80%,8,32,40,32,8,0,0
0x9f0c49,95.7895%,8,182,190,182,8,0,0
0x4999d8,89.1892%,8,66,74,43,5,3,23
0x9f5533,90%,8,72,80,72,8,0,0
0xa30583,95.2941%,8,162,170,162,4,4,0
0x9e8787,89.8734%,8,71,79,0,0,8,71
0x5500e8,85.7143%,8,48,56,48,8,0,0
0x610508,98.5267%,8,535,543,0,0,8,535
0xb2ff34,38.4615%,8,5,13,0,0,8,5
0x4b90c2,50%,8,8,16,7,0,8,1
0x5b15a1,98.4615%,8,512,520,4,6,2,508
0x501630,99.6293%,8,2150,2158,693,3,5,1457
0x99be52,96.0591%,8,195,203,24,6,2,171
0x538036,81.8182%,8,36,44,36,2,6,0
0xa97e01,78.3784%,8,29,37,24,4,4,5
0x7e0868,77.1429%,8,27,35,27,6,2,0
0xa27603,99.5931%,8,1958,1966,0,0,8,1958
0x4a7013,96.4602%,8,218,226,158,8,0,60
0x8c8344,73.3333%,8,22,30,15,3,5,7
0xa3baeb,95.4023%,8,166,174,166,8,0,0
0xa36837,97.9381%,8,380,388,0,5,3,380
0x98fa08,96.8872%,8,249,257,0,0,8,249
0x8a24b0,97.7143%,8,342,350,342,8,0,0
0x50b664,80%,8,32,40,32,8,0,0
0x8ea148,99.6766%,8,2466,2474,2466,8,0,0
0xb2464c,99.9328%,8,11891,11899,11891,8,0,0
0x906b05,97.7654%,8,350,358,350,8,0,0
0x8a50fa,96.3134%,8,209,217,209,6,2,0
0x8deab0,93.75%,8,120,128,0,0,8,120
0x8171a7,99.0566%,8,840,848,837,6,2,3
0x9a7284,46.6667%,8,7,15,6,5,3,1
0x7ac090,77.1429%,8,27,35,24,5,3,3
0x8dca35,92.7273%,8,102,110,102,8,0,0
0x9ed974,93.6508%,8,118,126,0,0,8,118
0x9e08dc,97.7273%,8,344,352,0,0,8,344
0x48ebd6,91.1111%,8,82,90,62,4,4,20
0x49c07c,98.3968%,8,491,499,0,2,6,491
0xa919cc,98.8669%,8,698,706,0,4,4,698
0x9feab6,80%,8,32,40,27,6,2,5
0x8fed0d,97.026%,8,261,269,1,3,5,260
0x5ff383,76.4706%,8,26,34,13,4,4,13
0x58c6c2,92.3077%,8,96,104,6,5,3,90
0x977dd3,93.3884%,8,113,121,113,8,0,0
0x64774d,82.2222%,8,37,45,6,3,5,31
0xa25e2d,89.7436%,8,70,78,70,8,0,0
0x9f8fad,94.3662%,8,134,142,2,2,6,132
0x494dba,94.9367%,8,150,158,127,1,7,23
0x5c4f9c,95.1807%,8,158,166,0,0,8,158
0xa27682,99.3706%,8,1263,1271,0,0,8,1263
0x9498e8,84.9057%,8,45,53,0,0,8,45
0x97812d,93.985%,8,125,133,0,0,8,125
0xa4a37c,80.4878%,8,33,41,7,3,5,26
0xaab78b,91.9192%,8,91,99,0,0,8,91
0x403cc4,92.381%,8,97,105,2,4,4,95
0x489535,92.6606%,8,101,109,101,8,0,0
0x48864d,92.4528%,8,98,106,98,8,0,0
0x4a7bfa,92.1569%,8,94,102,46,5,3,48
0x50a6f1,91.1111%,8,82,90,16,4,4,66
0x4b7d94,27.2727%,8,3,11,3,8,0,0
0x5904d5,99.407%,8,1341,1349,0,0,8,1341
0x58e36a,92.9204%,8,105,113,41,4,4,64
0xaac977,61.9048%,8,13,21,13,8,0,0
0xaab0de,89.7436%,8,70,78,70,8,0,0
0x8dd83f,99.652%,8,2291,2299,1687,3,5,604
0x537b39,99.8307%,8,4718,4726,0,0,8,4718
0x640337,99.6646%,8,2377,2385,1855,2,6,522
0x40ea43,97.4763%,8,309,317,309,8,0,0
0x53565f,95.7672%,8,181,189,3,3,5,178
0x8bd417,99.967%,8,24227,24235,0,0,8,24227
0x9edda6,94.2029%,8,130,138,0,0,8,130
0x40dfb4,94.0741%,8,127,135,2,4,4,125
0xa17f45,98.3158%,8,467,475,467,8,0,0
0x6475e7,61.9048%,8,13,21,0,0,8,13
0xad7ae0,98.973%,8,771,779,771,8,0,0
0x8e15bb,99.9286%,8,11197,11205,11197,8,0,0
0x889f72,63.6364%,8,14,22,2,3,5,12
0x8da542,99.2995%,8,1134,1142,1134,8,0,0
0xb1b080,98.1524%,8,425,433,425,8,0,0
0x5b9fd1,84.9057%,8,45,53,2,3,5,43
0xaab817,92.5234%,8,99,107,99,8,0,0
0x5fab17,52.9412%,8,9,17,0,6,2,9
0xa45922,97.9487%,8,382,390,382,8,0,0
0x8be89f,65.2174%,8,15,23,0,5,3,15
0x9a3f74,71.4286%,8,20,28,20,8,0,0
0x8bcf30,97.5904%,8,324,332,0,0,8,324
0x48e11d,73.3333%,8,22,30,11,4,4,11
0xaa3073,92.1569%,8,94,102,94,8,0,0
0x9027f5,78.9474%,8,30,38,0,0,8,30
0x9f5fd4,86.6667%,8,52,60,0,0,8,52
0x9fc7e5,96.3636%,8,212,220,0,0,8,212
0xa97508,94.6309%,8,141,149,0,0,8,141
0x81226e,95.1807%,8,158,166,61,6,2,97
0x4b78d6,71.4286%,8,20,28,0,0,8,20
0x9e2540,97.0149%,8,260,268,116,2,6,144
0x4b49c4,94.2029%,8,130,138,1,6,2,129
0x489f94,94.8387%,8,147,155,0,0,8,147
0x6a3a5b,87.5%,8,56,64,30,8,0,26
0x537fab,99.9169%,8,9624,9632,0,0,8,9624
0x550171,94.1176%,8,128,136,128,8,0,0
0x9ab483,91.0112%,8,81,89,34,4,4,47
0x627976,99.3339%,8,1193,1201,0,0,8,1193
0x539d5c,83.3333%,8,40,48,0,6,2,40
0xaa2f08,98.7097%,8,612,620,513,5,3,99
0x5fecb7,84.9057%,8,45,53,8,6,2,37
0x814e0d,85.7143%,8,48,56,39,2,6,9
0x9f3272,97.7077%,8,341,349,341,8,0,0
0x5b029b,98.4314%,8,502,510,0,0,8,502
0x4050c0,61.9048%,8,13,21,9,1,7,4
0x5d1175,94.4828%,8,137,145,137,8,0,0
0x481db9,57.8947%,8,11,19,11,8,0,0
0x8e0f51,99.5953%,8,1969,1977,0,0,8,1969
0x9e0b49,96.9582%,8,255,263,5,1,7,250
0x99a8f3,92.1569%,8,94,102,59,2,6,35
0x5c7944,90%,8,72,80,0,0,8,72
0x981cb6,71.4286%,8,20,28,5,3,5,15
0x4a037d,81.8182%,8,36,44,11,5,3,25
0x550f46,65.2174%,8,15,23,10,7,1,5
0x8b94c5,99.5974%,8,1979,1987,0,0,8,1979
0xa284ff,97.026%,8,261,269,15,1,7,246
0xa27610,99.5931%,8,1958,1966,0,0,8,1958
0x9f0646,30%,7,3,10,0,0,7,3
0x943894,84.4444%,7,38,45,0,0,7,38
0x50e1d0,84.4444%,7,38,45,38,7,0,0
0x40a66a,73.0769%,7,19,26,16,6,1,3
0x508de3,79.4118%,7,27,34,24,1,6,3
0x8060af,99.4784%,7,1335,1342,1335,5,2,0
0x9428f7,96.9432%,7,222,229,222,7,0,0
0xa98132,87.2727%,7,48,55,0,0,7,48
0x5bda95,99.6358%,7,1915,1922,1914,5,2,1
0x50d2e4,97.651%,7,291,298,266,6,1,25
0x40a2ae,79.4118%,7,27,34,1,2,5,26
0x4bc11d,96.4467%,7,190,197,190,7,0,0
0x50a14e,87.5%,7,49,56,49,7,0,0
0x50acd6,41.6667%,7,5,12,0,0,7,5
0x8e4b8d,96.0674%,7,171,178,0,0,7,171
0x81f2e6,88.1356%,7,52,59,17,2,5,35
0xa52f9e,96.3918%,7,187,194,0,0,7,187
0x81ecba,99.5622%,7,1592,1599,1592,7,0,0
0x6f5326,98.659%,7,515,522,515,7,0,0
0x9f3dd8,58.8235%,7,10,17,3,1,6,7
0xa2e101,97.1888%,7,242,249,153,3,4,89
0x4a7b0d,97.8852%,7,324,331,0,0,7,324
0x99d980,94.4882%,7,120,127,0,0,7,120
0x53ecaf,95.4545%,7,147,154,0,0,7,147
0x8dca99,99.5708%,7,1624,1631,1624,3,4,0
0x557205,95.625%,7,153,160,153,7,0,0
0x50a0e8,87.5%,7,49,56,0,0,7,49
0xa477cb,68.1818%,7,15,22,15,3,4,0
0x821254,99.4382%,7,1239,1246,1239,7,0,0
0xa509fb,98.0447%,7,351,358,351,7,0,0
0x8bd864,63.1579%,7,12,19,11,5,2,1
0x505efa,92.4731%,7,86,93,86,7,0,0
0xa35ffa,97.7124%,7,299,306,1,4,3,298
0xa25e24,91.0256%,7,71,78,0,0,7,71
0x6277e0,84.7826%,7,39,46,11,5,2,28
0x499a42,95.4248%,7,146,153,120,4,3,26
0x951952,95.5414%,7,150,157,1,4,3,149
0x50b0b2,83.3333%,7,35,42,35,7,0,0
0x49fd38,99.4128%,7,1185,1192,1185,7,0,0
0x95962d,94.3548%,7,117,124,117,7,0,0
0x8ff09a,96.0227%,7,169,176,169,7,0,0
0xa54225,93.75%,7,105,112,4,4,3,101
0xb2ade5,99.3256%,7,1031,1038,1031,7,0,0
0x5fbd4b,85.4167%,7,41,48,1,6,1,40
0x4aadfe,82.5%,7,33,40,0,0,7,33
0x7d2ed8,97.2868%,7,251,258,251,7,0,0
0x48c166,92.8571%,7,91,98,91,7,0,0
0xa4b720,97.0464%,7,230,237,0,0,7,230
0x9a2397,69.5652%,7,16,23,6,0,7,10
0x508d5d,87.2727%,7,48,55,1,5,2,47
0x4b6e1d,75%,7,21,28,14,6,1,7
0x4a7b29,97.7848%,7,309,316,0,0,7,309
0x409dff,63.1579%,7,12,19,1,2,5,11
0x50aa0c,93.6937%,7,104,111,0,0,7,104
0xa281d5,96.6507%,7,202,209,202,7,0,0
0x7c65ea,95.7055%,7,156,163,135,4,3,21
0xa47af5,63.1579%,7,12,19,10,4,3,2
0x9d0939,93.1373%,7,95,102,49,2,5,46
0x9e12de,74.0741%,7,20,27,17,5,2,3
0x5040f7,88.7097%,7,55,62,0,0,7,55
0x8a8c70,98.8034%,7,578,585,41,4,3,537
0x8e21a6,99.673%,7,2134,2141,2133,4,3,1
0x4022e9,87.2727%,7,48,55,0,0,7,48
0x50a81f,86.2745%,7,44,51,0,0,7,44
0x8eecdc,95%,7,133,140,133,7,0,0
0x505052,90%,7,63,70,0,0,7,63
0x51b86c,99.2708%,7,953,960,953,7,0,0
0x8e26eb,99.478%,7,1334,1341,0,0,7,1334
0x81eaae,98.7273%,7,543,550,0,0,7,543
0x8f0c9a,65%,7,13,20,10,4,3,3
0x7b63de,84.4444%,7,38,45,6,2,5,32
0x81e96e,98.659%,7,515,522,443,3,4,72
0x8a8c2b,98.8889%,7,623,630,42,3,4,581
0x402feb,89.8551%,7,62,69,4,0,7,58
0xa47e68,80%,7,28,35,0,0,7,28
0x501ae3,99.1184%,7,787,794,0,0,7,787
0xa51978,58.8235%,7,10,17,5,4,3,5
0x5f887d,82.0513%,7,32,39,29,2,5,3
0x60e4ab,98.427%,7,438,445,438,7,0,0
0x90435e,98.5944%,7,491,498,0,0,7,491
0x534bff,65%,7,13,20,13,7,0,0
0x9f5d87,68.1818%,7,15,22,15,7,0,0
0x508d88,75%,7,21,28,19,4,3,2
0x943228,90.6667%,7,68,75,0,0,7,68
0x50bce7,70.8333%,7,17,24,14,6,1,3
0x40ed84,73.0769%,7,19,26,14,4,3,5
0x808dc4,99.2616%,7,941,948,941,5,2,0
0x901327,86%,7,43,50,42,6,1,1
0x51b7ca,99.8315%,7,4147,4154,0,0,7,4147
0x9e0d91,75%,7,21,28,1,4,3,20
0x50ada6,93.6937%,7,104,111,0,2,5,104
0x5cb0d7,99.1432%,7,810,817,810,7,0,0
0xa4bd78,97.2332%,7,246,253,246,3,4,0
0x8042fc,56.25%,7,9,16,3,7,0,6
0x9f9a34,82.9268%,7,34,41,15,1,6,19
0x51c15e,96.5174%,7,194,201,49,6,1,145
0x991adc,96.3351%,7,184,191,184,7,0,0
0xa180c6,56.25%,7,9,16,6,2,5,3
0xa4a63b,78.7879%,7,26,33,22,4,3,4
0x80a44a,98.8506%,7,602,609,151,5,2,451
0xa32c4e,99.2449%,7,920,927,0,0,7,920
0xa52d3f,98.0716%,7,356,363,0,0,7,356
0x48f797,89.2308%,7,58,65,3,7,0,55
0x485b70,96.5%,7,193,200,193,7,0,0
0x9d0500,97.651%,7,291,298,288,6,1,3
0x791161,75.8621%,7,22,29,17,5,2,5
0xa52f5d,65%,7,13,20,12,6,1,1
0x667917,78.125%,7,25,32,25,7,0,0
0x8ffc7e,89.7059%,7,61,68,61,7,0,0
0x5ff3ae,70.8333%,7,17,24,6,2,5,11
0x7ce47b,94.0678%,7,111,118,111,7,0,0
0x8bd37b,99.6%,7,1743,1750,0,0,7,1743
0x8eadff,99.3705%,7,1105,1112,1105,7,0,0
0x4b54f7,61.1111%,7,11,18,0,4,3,11
0x48ef34,97.8852%,7,324,331,0,0,7,324
0x9e0914,91.358%,7,74,81,0,2,5,74
0x610cfd,97.1311%,7,237,244,0,0,7,237
0x5fc235,94.1667%,7,113,120,113,5,2,0
0xaa126a,81.0811%,7,30,37,28,5,2,2
0x805572,92.1348%,7,82,89,82,4,3,0
0x50dbc4,99.4239%,7,1208,1215,1208,7,0,0
0x558a7f,98.103%,7,362,369,0,0,7,362
0x542382,96.8037%,7,212,219,212,7,0,0
0xa4e6a1,79.4118%,7,27,34,27,7,0,0
0x82267a,98.5417%,7,473,480,473,7,0,0
0x64b458,99.9669%,7,21124,21131,0,0,7,21124
0x5fc761,94.1667%,7,113,120,113,5,2,0
0xaa1200,87.037%,7,47,54,0,0,7,47
0x907537,78.7879%,7,26,33,0,0,7,26
0xa4d6b8,81.5789%,7,31,38,0,2,5,31
0x9f4f9b,96.9163%,7,220,227,0,0,7,220
0x511eb7,99.5882%,7,1693,1700,0,0,7,1693
0xa4d6cd,80.5556%,7,29,36,0,0,7,29
0x554c6c,89.0625%,7,57,64,0,0,7,57
0x8226f5,99.2457%,7,921,928,0,0,7,921
0x5f94c4,72%,7,18,25,7,2,5,11
0x4fdd8c,91.4634%,7,75,82,75,7,0,0
0xa45e33,94.2623%,7,115,122,0,4,3,115
0x833618,93.8596%,7,107,114,0,4,3,107
0x8f54d6,99.7113%,7,2418,2425,715,7,0,1703
0x679c5d,98.2278%,7,388,395,41,3,4,347
0x814aa2,88.8889%,7,56,63,0,4,3,56
0x49fb68,98.3452%,7,416,423,0,0,7,416
0x4995fa,94.4882%,7,120,127,0,0,7,120
0x9fe420,94.6565%,7,124,131,34,3,4,90
0x9fe3e2,94.7761%,7,127,134,0,3,4,127
0x8bb95a,81.0811%,7,30,37,23,3,4,7
0x814b5a,96.5517%,7,196,203,160,2,5,36
0x8ed3b7,99.8201%,7,3883,3890,3883,7,0,0
0xa4887e,96.0674%,7,171,178,0,0,7,171
0x944582,96.8468%,7,215,222,215,7,0,0
0x9fb0f5,94.3548%,7,117,124,117,7,0,0
0x548a14,41.6667%,7,5,12,4,2,5,1
0xa47f9b,41.6667%,7,5,12,5,7,0,0
0x81f264,85.1064%,7,40,47,2,1,6,38
0x558026,99.3865%,7,1134,1141,1134,7,0,0
0x8b9cac,99.7656%,7,2979,2986,2907,6,1,72
0x9fb81f,97.7124%,7,299,306,0,0,7,299
0x9fb815,97.7124%,7,299,306,0,0,7,299
0x403d33,99.4113%,7,1182,1189,0,0,7,1182
0x8d98dc,12.5%,7,1,8,1,7,0,0
0x90eef8,99.2716%,7,954,961,0,0,7,954
0x78152b,95.2703%,7,141,148,133,6,1,8
0x815ca4,82.9268%,7,34,41,0,0,7,34
0xaa461c,92.9293%,7,92,99,0,0,7,92
0x48f643,85.1064%,7,40,47,40,4,3,0
0xaa4607,92.9293%,7,92,99,0,0,7,92
0x9ab826,96.9565%,7,223,230,0,0,7,223
0x4badb0,97.6974%,7,297,304,297,7,0,0
0x8fd33e,12.5%,7,1,8,0,4,3,1
0x5fba07,98.1959%,7,381,388,0,2,5,381
0x48ee8c,87.037%,7,47,54,47,7,0,0
0xa4e6ee,81.5789%,7,31,38,31,7,0,0
0x49dfae,82.5%,7,33,40,0,0,7,33
0xa51ed4,87.931%,7,51,58,51,7,0,0
0x5fb183,78.7879%,7,26,33,0,0,7,26
0xa29702,0%,7,0,7,0,3,4,0
0x9fb26f,82.9268%,7,34,41,0,0,7,34
0x9fb6c9,88.3333%,7,53,60,53,7,0,0
0x4aad47,82.5%,7,33,40,10,0,7,23
0x9fb8bc,94.3548%,7,117,124,117,7,0,0
0x9fb191,92.9293%,7,92,99,56,6,1,36
0x53b8ad,95.1049%,7,136,143,130,2,5,6
0xa4114f,72%,7,18,25,0,0,7,18
0x9aa105,87.037%,7,47,54,16,5,2,31
0x5f8d06,80.5556%,7,29,36,23,2,5,6
0x557a13,96.8182%,7,213,220,213,7,0,0
0xaa3394,98.2673%,7,397,404,0,0,7,397
0x53bb60,98.8235%,7,588,595,588,5,2,0
0xa50a24,98.0447%,7,351,358,0,0,7,351
0x50a12a,22.2222%,7,2,9,0,0,7,2
0x807f15,88.7097%,7,55,62,55,7,0,0
0x81eefb,68.1818%,7,15,22,15,3,4,0
0x487702,53.3333%,7,8,15,0,1,6,8
0x5393fd,98.6139%,7,498,505,0,0,7,498
0x543cd5,86.5385%,7,45,52,0,0,7,45
0xa556d5,91.5663%,7,76,83,76,7,0,0
0xa04ba4,83.3333%,7,35,42,1,3,4,34
0x60a882,98.3412%,7,415,422,415,7,0,0
0x95adb6,53.3333%,7,8,15,4,7,0,4
0xa45d33,12.5%,7,1,8,0,4,3,1
0x538fdf,94.697%,7,125,132,104,2,5,21
0xa508e5,98.0663%,7,355,362,0,4,3,355
0xa505da,81.5789%,7,31,38,31,4,3,0
0x50f26f,30%,7,3,10,1,3,4,2
0x5481a4,99.9357%,7,10879,10886,0,0,7,10879
0x9e7a8c,95.0355%,7,134,141,134,7,0,0
0x53c592,63.1579%,7,12,19,3,5,2,9
0x9ab9dc,96.9697%,7,224,231,0,0,7,224
0x403ce9,93.8053%,7,106,113,9,5,2,97
0x65a0b6,99.5666%,7,1608,1615,108,3,4,1500
0x5456b7,99.3346%,7,1045,1052,1045,7,0,0
0x49fbac,98.3452%,7,416,423,416,7,0,0
0x5b0e9a,87.2727%,7,48,55,48,7,0,0
0x4a1e93,88.3333%,7,53,60,6,6,1,47
0x4c2406,95.8333%,7,161,168,0,0,7,161
0x40e32d,97.1545%,7,239,246,239,7,0,0
0x4a5caa,96.3542%,7,185,192,0,0,7,185
0x838887,91.25%,7,73,80,72,3,4,1
0x8f76e4,84.4444%,7,38,45,38,2,5,0
0x4c8e2e,94.7368%,7,126,133,126,7,0,0
0x8df2c5,70.8333%,7,17,24,11,5,2,6
0x8a94b7,99.9719%,7,24931,24938,24931,7,0,0
0xa50ed7,95.7576%,7,158,165,0,0,7,158
0x488f47,41.6667%,7,5,12,1,7,0,4
0xa51e39,87.5%,7,49,56,12,5,2,37
0x94e5c2,97.6974%,7,297,304,297,7,0,0
0x485f45,69.5652%,7,16,23,16,7,0,0
0x555a64,93.6364%,7,103,110,50,5,2,53
0x4888eb,99.7325%,7,2610,2617,0,0,7,2610
0x670012,94.7368%,7,126,133,126,7,0,0
0x64b4b9,88.7097%,7,55,62,55,7,0,0
0x556dee,93.5185%,7,101,108,94,6,1,7
0xa476e5,83.3333%,7,35,42,35,7,0,0
0xa4eeba,95.679%,7,155,162,135,5,2,20
0x7847c1,80%,7,28,35,9,2,5,19
0xa51ce6,41.6667%,7,5,12,0,0,7,5
0xa04f9f,92.3913%,7,85,92,85,2,5,0
0x722e69,68.1818%,7,15,22,0,4,3,15
0xa4bb34,97.2763%,7,250,257,0,4,3,250
0x673d8f,63.1579%,7,12,19,8,4,3,4
0x9bddb3,90.2778%,7,65,72,65,5,2,0
0xa50171,95.2703%,7,141,148,0,0,7,141
0x6709dc,63.1579%,7,12,19,12,7,0,0
0x8063ef,82.0513%,7,32,39,32,6,1,0
0x556637,87.2727%,7,48,55,0,4,3,48
0x404925,97.2973%,7,252,259,0,0,7,252
0xa50461,97.2763%,7,250,257,0,0,7,250
0xa9376c,75.8621%,7,22,29,0,0,7,22
0x64e01f,98.7109%,7,536,543,188,4,3,348
0x538cf4,68.1818%,7,15,22,9,2,5,6
0xa504c7,97.2763%,7,250,257,0,4,3,250
0x81f158,99.6369%,7,1921,1928,1061,6,1,860
0x8e9215,99.5042%,7,1405,1412,445,7,0,960
0x554f84,88.1356%,7,52,59,0,4,3,52
0x4821a9,63.1579%,7,12,19,0,0,7,12
0x837807,84.4444%,7,38,45,37,3,4,1
0xa551ee,97.5945%,7,284,291,284,7,0,0
0x4a98af,63.1579%,7,12,19,12,7,0,0
0xa3634c,97.6431%,7,290,297,279,6,1,11
0xa54bfc,41.6667%,7,5,12,1,5,2,4
0xa501b9,95.2703%,7,141,148,14,3,4,127
0x4bec58,96%,7,168,175,32,3,4,136
0x813b72,84.0909%,7,37,44,16,6,1,21
0x555fa3,97.1774%,7,241,248,3,0,7,238
0x485eed,58.8235%,7,10,17,10,7,0,0
0xa4fcf9,98.6166%,7,499,506,499,3,4,0
0x53b287,99.7129%,7,2431,2438,0,0,7,2431
0x8f61de,41.6667%,7,5,12,5,7,0,0
0x495883,91.954%,7,80,87,1,5,2,79
0x7844ad,75.8621%,7,22,29,22,7,0,0
0x541fa7,99.1745%,7,841,848,0,0,7,841
0x7c73d4,56.25%,7,9,16,0,0,7,9
0xa39f9a,89.2308%,7,58,65,0,0,7,58
0x4b6702,36.3636%,7,4,11,0,0,7,4
0xa189e0,84.4444%,7,38,45,2,0,7,36
0x49ffe3,91.1392%,7,72,79,34,3,4,38
0x8a911c,74.0741%,7,20,27,12,3,4,8
0x7b0a6d,78.125%,7,25,32,3,1,6,22
0x503f21,22.2222%,7,2,9,1,6,1,1
0x8f1825,96.6184%,7,200,207,1,5,2,199
0x944389,90.7895%,7,69,76,0,0,7,69
0x7b301c,68.1818%,7,15,22,15,7,0,0
0xa5baeb,90.2778%,7,65,72,2,5,2,63
0x404f24,41.6667%,7,5,12,5,7,0,0
0xa3b1bb,95.1389%,7,137,144,3,1,6,134
0x4a5e0d,89.2308%,7,58,65,35,5,2,23
0x506255,36.3636%,7,4,11,4,7,0,0
0x48d1d2,87.5%,7,49,56,0,0,7,49
0x9ab8f5,97.0213%,7,228,235,0,4,3,228
0x7d1bcf,99.24%,7,914,921,60,7,0,854
0x90bed3,99.2716%,7,954,961,116,3,4,838
0x5386e4,99.2754%,7,959,966,0,0,7,959
0x60c4e8,94.7761%,7,127,134,0,0,7,127
0xa42ad1,99.186%,7,853,860,586,7,0,267
0x8db6f9,98.4581%,7,447,454,447,7,0,0
0x8ff6c8,90.1408%,7,64,71,64,7,0,0
0x48d827,99.8432%,7,4456,4463,0,0,7,4456
0x9d0446,96.1749%,7,176,183,141,6,1,35
0xa469bb,96.9565%,7,223,230,4,0,7,219
0x8ae957,95.2055%,7,139,146,135,6,1,4
0x59379b,99.4359%,7,1234,1241,0,0,7,1234
0x781a05,95.5128%,7,149,156,149,7,0,0
0x49d798,90.9091%,7,70,77,68,5,2,2
0x4a796c,98.9489%,7,659,666,0,6,1,659
0x80e4d7,99.1745%,7,841,848,838,5,2,3
0x8fc0e9,99.4043%,7,1168,1175,0,0,7,1168
0x4bc7df,96.2766%,7,181,188,59,2,5,122
0x8f6ded,68.1818%,7,15,22,0,0,7,15
0x5e0342,95.1724%,7,138,145,134,7,0,4
0x4b7839,98.263%,7,396,403,0,0,7,396
0x7d2191,98.7387%,7,548,555,548,3,4,0
0x48d67f,89.8551%,7,62,69,0,0,7,62
0x40e44a,96.9828%,7,225,232,0,0,7,225
0x88a03e,58.8235%,7,10,17,0,0,7,10
0x441b96,36.3636%,7,4,11,4,7,0,0
0x53c4ae,94.697%,7,125,132,124,4,3,1
0x8feeca,98.1912%,7,380,387,0,0,7,380
0x49e32d,97.9532%,7,335,342,335,7,0,0
0x820ba9,36.3636%,7,4,11,4,6,1,0
0xa49563,98.6166%,7,499,506,499,7,0,0
0x5d90a8,95.2381%,7,140,147,8,2,5,132
0x8de862,95.1389%,7,137,144,137,7,0,0
0x9ef454,88.3333%,7,53,60,0,0,7,53
0x944952,94.0678%,7,111,118,111,7,0,0
0x504bf5,98.9114%,7,636,643,636,7,0,0
0x58c0cc,90%,7,63,70,0,0,7,63
0x5bee3a,99.5007%,7,1395,1402,1395,5,2,0
0x94edc6,76.6667%,7,23,30,0,0,7,23
0xa5f9d6,98.3908%,7,428,435,0,0,7,428
0x8e9b0c,65%,7,13,20,13,2,5,0
0xa41011,84.4444%,7,38,45,38,7,0,0
0x9f8515,50%,7,7,14,0,5,2,7
0x5f837d,66.6667%,7,14,21,0,4,3,14
0x8f424f,99.722%,7,2511,2518,2511,6,1,0
0x944579,97.1545%,7,239,246,19,5,2,220
0x512ae0,98.1771%,7,377,384,377,7,0,0
0x50cbe5,63.1579%,7,12,19,0,0,7,12
0x4022f2,87.2727%,7,48,55,1,0,7,47
0x49edea,83.3333%,7,35,42,0,0,7,35
0x50cc50,65%,7,13,20,0,0,7,13
0x9e2503,97.5265%,7,276,283,127,6,1,149
0x404d08,83.3333%,7,35,42,0,0,7,35
0x5c4c6c,99.6072%,7,1775,1782,0,0,7,1775
0x9fbade,97.7124%,7,299,306,299,7,0,0
0xa46930,92.7083%,7,89,96,1,3,4,88
0xa474c2,83.3333%,7,35,42,0,0,7,35
0x98bc27,98.3529%,7,418,425,418,7,0,0
0x5f5299,99.7706%,7,3045,3052,3045,7,0,0
0x59e9f1,12.5%,7,1,8,1,3,4,0
0x60e11c,90.7895%,7,69,76,4,6,1,65
0x550a8f,86.2745%,7,44,51,44,7,0,0
0x551059,66.6667%,7,14,21,0,0,7,14
0x9e8698,91.1392%,7,72,79,72,7,0,0
0x4a01a2,93.0693%,7,94,101,94,7,0,0
0x5fa5c3,96.8326%,7,214,221,214,1,6,0
0x627da4,69.5652%,7,16,23,0,0,7,16
0x591096,97.166%,7,240,247,0,0,7,240
0x4b9518,41.6667%,7,5,12,3,7,0,2
0x5d2919,95.1724%,7,138,145,138,7,0,0
0xa359e5,96%,7,168,175,4,4,3,164
0x5ff1d7,98.1675%,7,375,382,0,0,7,375
0x44652c,99.6449%,7,1964,1971,191,0,7,1773
0x58e4a5,93.8053%,7,106,113,105,7,0,1
0x9017dd,87.037%,7,47,54,25,2,5,22
0x592b41,92.2222%,7,83,90,47,2,5,36
0xaa342d,87.037%,7,47,54,42,1,6,5
0x9e413f,98.8581%,7,606,613,0,4,3,606
0xa41a93,99.7575%,7,2880,2887,2880,7,0,0
0x81e743,94.964%,7,132,139,132,7,0,0
0x545585,97.491%,7,272,279,0,0,7,272
0x4bb7be,65%,7,13,20,3,7,0,10
0xa34f6f,95.2703%,7,141,148,112,4,3,29
0x81b750,63.1579%,7,12,19,1,3,4,11
0x9e7052,84.7826%,7,39,46,37,2,5,2
0x9e6f45,87.2727%,7,48,55,47,5,2,1
0x5facf3,96.7442%,7,208,215,208,1,6,0
0x94b449,86.7925%,7,46,53,0,0,7,46
0xa59650,84.4444%,7,38,45,11,5,2,27
0x4a6e3e,98.0282%,7,348,355,348,7,0,0
0xa02322,99.9068%,7,7502,7509,0,0,7,7502
0x904562,98.5944%,7,491,498,491,7,0,0
0x50899c,98.263%,7,396,403,396,3,4,0
0x8fd96e,95.5696%,7,151,158,140,3,4,11
0xa96be4,95.302%,7,142,149,102,5,2,40
0x833e2e,56.25%,7,9,16,0,0,7,9
0x9f2007,96.8468%,7,215,222,0,4,3,215
0x8f54e7,99.589%,7,1696,1703,1696,7,0,0
0x4c1613,96.4646%,7,191,198,186,0,7,5
0x511dc3,98.1771%,7,377,384,0,0,7,377
0xa337c6,75.8621%,7,22,29,0,4,3,22
0x537330,98.9943%,7,689,696,689,7,0,0
0x65a049,99.6253%,7,1861,1868,152,0,7,1709
0x5ff98e,96.1957%,7,177,184,0,0,7,177
0x4bae07,97.6974%,7,297,304,0,0,7,297
0x5ff5d9,90.6667%,7,68,75,0,0,7,68
0x8d9bf5,98.1081%,7,363,370,0,0,7,363
0x9e8680,91.1392%,7,72,79,0,0,7,72
0x54538d,95.4545%,7,147,154,147,3,4,0
0x6660a7,12.5%,7,1,8,0,0,7,1
0x900898,87.7193%,7,50,57,34,5,2,16
0x5f79df,96.7593%,7,209,216,8,1,6,201
0x4bc451,97.8056%,7,312,319,59,5,2,253
0x901a27,97.2222%,7,245,252,0,0,7,245
0x485ed5,69.5652%,7,16,23,0,0,7,16
0xa394c1,99.0331%,7,717,724,717,7,0,0
0x8217b2,98.8014%,7,577,584,577,7,0,0
0x4c173c,96.4646%,7,191,198,174,4,3,17
0x547e87,98.7156%,7,538,545,0,0,7,538
0x40998e,96.0452%,7,170,177,169,6,1,1
0x78f6b4,84.4444%,7,38,45,4,2,5,34
0x722a06,97.9351%,7,332,339,0,0,7,332
0x4b66ec,65%,7,13,20,3,6,1,10
0x4ca493,84.7826%,7,39,46,31,4,3,8
0x508d6e,66.6667%,7,14,21,14,7,0,0
0xa48541,87.5%,7,49,56,0,0,7,49
0x492d5f,90.2778%,7,65,72,1,6,1,64
0x5580fb,98.1081%,7,363,370,7,1,6,356
0xa466a2,92.7083%,7,89,96,2,3,4,87
0x4a8031,69.5652%,7,16,23,16,7,0,0
0x94ac80,91.25%,7,73,80,0,0,7,73
0x5438db,95.2703%,7,141,148,5,2,5,136
0x4bb863,96.5686%,7,197,204,0,0,7,197
0xa3a4ce,99.2375%,7,911,918,0,0,7,911
0xa3a3fd,98.2673%,7,397,404,397,7,0,0
0xa34c6d,90.6667%,7,68,75,68,7,0,0
0x8f2b34,93.1373%,7,95,102,67,1,6,28
0x9e731d,97.5945%,7,284,291,284,7,0,0
0x4ca091,99.2481%,7,924,931,924,5,2,0
0x9e3950,97.7273%,7,301,308,0,0,7,301
0x6709fc,81.5789%,7,31,38,13,6,1,18
0x508e34,79.4118%,7,27,34,27,7,0,0
0x9e754c,96.8468%,7,215,222,215,7,0,0
0x49980d,83.7209%,7,36,43,19,6,1,17
0x4bed5c,98.7085%,7,535,542,527,2,5,8
0x7dfb5c,90%,7,63,70,3,7,0,60
0x816557,86.5385%,7,45,52,0,0,7,45
0x4bdddd,74.0741%,7,20,27,13,0,7,7
0xa05474,65%,7,13,20,12,5,2,1
0x540b7d,98%,7,343,350,288,5,2,55
0x546277,98%,7,343,350,0,0,7,343
0x9a653a,96.0227%,7,169,176,0,0,7,169
0x5411c7,69.5652%,7,16,23,16,7,0,0
0xa271d7,97.5352%,7,277,284,5,4,3,272
0x50fbaa,30%,7,3,10,0,0,7,3
0xa49fa0,95.1724%,7,138,145,138,7,0,0
0xa90a5f,96.1538%,7,175,182,175,3,4,0
0x50fb17,30%,7,3,10,0,0,7,3
0x5b305e,84.4444%,7,38,45,38,7,0,0
0x9e2d8d,56.25%,7,9,16,9,7,0,0
0x99c861,92.8571%,7,91,98,0,0,7,91
0x9e74ea,99.2678%,7,949,956,949,7,0,0
0x8d24d8,91.4634%,7,75,82,75,7,0,0
0x9e2cea,46.1538%,7,6,13,0,0,7,6
0x60bbce,61.1111%,7,11,18,5,4,3,6
0xa35b46,78.125%,7,25,32,25,7,0,0
0x4052a2,99.2009%,7,869,876,0,0,7,869
0x49ee24,99.7927%,7,3370,3377,0,0,7,3370
0x58e286,90.6667%,7,68,75,68,7,0,0
0x7cf94a,96.3918%,7,187,194,156,5,2,31
0x58de58,95.1724%,7,138,145,70,5,2,68
0xaae1aa,99.8145%,7,3767,3774,0,2,5,3767
0x5b1813,90.6667%,7,68,75,0,1,6,68
0x5456ff,99.3346%,7,1045,1052,1045,7,0,0
0x4047a8,98.8599%,7,607,614,9,3,4,598
0x942aea,12.5%,7,1,8,1,3,4,0
0x9e29c1,95.9538%,7,166,173,0,0,7,166
0xa2f883,97.1888%,7,242,249,79,4,3,163
0x675014,78.125%,7,25,32,3,4,3,22
0x53ff05,98.3568%,7,419,426,418,4,3,1
0x5465b4,12.5%,7,1,8,0,0,7,1
0xa554c0,97.3585%,7,258,265,0,4,3,258
0x4c712f,61.1111%,7,11,18,11,6,1,0
0x49bb08,12.5%,7,1,8,1,5,2,0
0x8ef5a4,94.8148%,7,128,135,0,0,7,128
0x5efc4c,90%,7,63,70,63,4,3,0
0x9f5f0e,98.3412%,7,415,422,415,3,4,0
0x51b3c3,99.742%,7,2706,2713,0,0,7,2706
0xa946dc,75.8621%,7,22,29,0,0,7,22
0x640348,99.2716%,7,954,961,954,7,0,0
0x5af7c8,86.7925%,7,46,53,8,1,6,38
0x809068,96.861%,7,216,223,216,5,2,0
0x548ad3,12.5%,7,1,8,1,3,4,0
0xa26093,98.6817%,7,524,531,137,4,3,387
0x499371,83.3333%,7,35,42,24,2,5,11
0x5f8d35,66.6667%,7,14,21,11,5,2,3
0x48aeef,98.9706%,7,673,680,0,0,7,673
0x817ccd,97.4074%,7,263,270,17,3,4,246
0x555ffb,84.4444%,7,38,45,38,4,3,0
0x606a5a,96.8889%,7,218,225,0,0,7,218
0x60966a,91.5663%,7,76,83,0,0,7,76
0x60b05a,86%,7,43,50,0,0,7,43
0x8f489a,99.4939%,7,1376,1383,1376,7,0,0
0xa338a9,93.9655%,7,109,116,2,5,2,107
0x8191da,97.7492%,7,304,311,0,0,7,304
0x53c337,68.1818%,7,15,22,9,2,5,6
0x50d6db,98.5972%,7,492,499,0,0,7,492
0x40479f,98.8599%,7,607,614,10,2,5,597
0xb49c96,99.2716%,7,954,961,954,4,3,0
0x50d37f,98.5972%,7,492,499,492,7,0,0
0x8d11d9,99.878%,7,5733,5740,0,0,7,5733
0x4992e8,83.3333%,7,35,42,35,7,0,0
0x550936,90.2778%,7,65,72,65,7,0,0
0x97770d,99.2063%,7,875,882,875,7,0,0
0x60dbc0,97.4453%,7,267,274,0,0,7,267
0x608bf4,98.7365%,7,547,554,547,7,0,0
0x9a1d41,91.358%,7,74,81,66,0,7,8
0x5fe868,87.931%,7,51,58,34,2,5,17
0x441b14,36.3636%,7,4,11,4,7,0,0
0x80fd4f,99.9297%,7,9945,9952,9945,7,0,0
0x6662a2,99.8094%,7,3665,3672,0,0,7,3665
0x78a5f4,36.3636%,7,4,11,3,6,1,1
0x5a9629,72%,7,18,25,14,3,4,4
0x9abdfc,96.0452%,7,170,177,0,1,6,170
0x9aae52,91.1392%,7,72,79,29,4,3,43
0xa9ea39,95.8333%,7,161,168,161,7,0,0
0x9a9410,88.3333%,7,53,60,0,0,7,53
0xaa5d68,96.7136%,7,206,213,0,0,7,206
0x50ad79,93.6937%,7,104,111,0,0,7,104
0x98cd69,85.1064%,7,40,47,7,5,2,33
0xa05c47,75.8621%,7,22,29,3,5,2,19
0x4b5a7d,99.781%,7,3190,3197,0,0,7,3190
0x495a5c,89.5522%,7,60,67,21,5,2,39
0x97465c,81.5789%,7,31,38,31,5,2,0
0xa90b4a,12.5%,7,1,8,1,2,5,0
0xa3a511,98.2885%,7,402,409,399,0,7,3
0x8a91f2,58.8235%,7,10,17,0,5,2,10
0x49fea5,99.2161%,7,886,893,32,5,2,854
0x540c2c,98%,7,343,350,53,4,3,290
0x969253,96.5517%,7,196,203,0,4,3,196
0xa25fc7,98.9766%,7,677,684,677,7,0,0
0x7ce601,93.2692%,7,97,104,97,7,0,0
0x8e2b0e,99.6734%,7,2136,2143,0,0,7,2136
0x5a94b7,78.7879%,7,26,33,22,6,1,4
0xa037b1,99.8765%,7,5660,5667,5660,7,0,0
0x61155c,89.2308%,7,58,65,28,4,3,30
0x5b16b4,93.8596%,7,107,114,107,7,0,0
0x7e1166,83.3333%,7,35,42,1,1,6,34
0x58e434,84.4444%,7,38,45,0,0,7,38
0x8f419c,97.8462%,7,318,325,318,7,0,0
0x8bc959,86.5385%,7,45,52,45,7,0,0
0x4ac64b,53.3333%,7,8,15,2,0,7,6
0xa30f91,97.6744%,7,294,301,294,2,5,0
0x8ea4e5,56.25%,7,9,16,9,3,4,0
0x5df377,78.7879%,7,26,33,26,7,0,0
0x80bbf0,91.4634%,7,75,82,4,3,4,71
0xa59c4a,12.5%,7,1,8,0,5,2,1
0x67f158,99.6886%,7,2241,2248,2138,2,5,103
0x9ed3e7,97.2973%,7,252,259,145,3,4,107
0x49fe81,99.2161%,7,886,893,886,7,0,0
0x4bde28,50%,7,7,14,0,7,0,7
0x53b8e4,68.1818%,7,15,22,5,6,1,10
0x88e616,82.0513%,7,32,39,10,4,3,22
0x4b9adb,46.1538%,7,6,13,6,0,7,0
0x6108a6,63.1579%,7,12,19,1,5,2,11
0x5910ed,88.7097%,7,55,62,55,7,0,0
0x9c3d11,84.4444%,7,38,45,38,7,0,0
0x5b187a,50%,7,7,14,7,7,0,0
0xa501ff,90.5405%,7,67,74,67,7,0,0
0x404829,98.8599%,7,607,614,607,7,0,0
0x9f2304,30%,7,3,10,0,0,7,3
0xa27a78,30%,7,3,10,0,4,3,3
0x48770b,50%,7,7,14,1,1,6,6
0x55597c,87.2727%,7,48,55,0,0,7,48
0x608bd8,98.7365%,7,547,554,0,0,7,547
0x5cd170,94.6565%,7,124,131,124,7,0,0
0x8fea4a,86%,7,43,50,0,6,1,43
0xa28113,96.6507%,7,202,209,202,4,3,0
0x40e0cc,99.9316%,7,10230,10237,0,0,7,10230
0xa90fd2,96.4103%,7,188,195,0,0,7,188
0x9e60ac,97.0588%,7,231,238,0,0,7,231
0x9e00c7,99.3482%,7,1067,1074,0,0,7,1067
0x4c2fc3,46.1538%,7,6,13,3,3,4,3
0xb0d3d9,91.7647%,7,78,85,78,7,0,0
0x40450a,99.4697%,7,1313,1320,327,6,1,986
0xa46998,96.7742%,7,210,217,210,7,0,0
0x814887,99.429%,7,1219,1226,1219,5,2,0
0x63ece3,99.0424%,7,724,731,0,0,7,724
0x970ec6,99.6074%,7,1776,1783,0,0,7,1776
0x9fe350,94.7761%,7,127,134,127,7,0,0
0x80a016,97.8593%,7,320,327,320,3,4,0
0x4c39ad,46.1538%,7,6,13,2,4,3,4
0x67e20b,99.8864%,7,6157,6164,6157,7,0,0
0xa46bba,96.9565%,7,223,230,223,7,0,0
0x4c979e,58.8235%,7,10,17,1,4,3,9
0xa90469,93.8596%,7,107,114,107,7,0,0
0x495d7a,81.5789%,7,31,38,0,0,7,31
0x4acb44,53.3333%,7,8,15,2,1,6,6
0x53e92a,95.4545%,7,147,154,147,7,0,0
0x4b9487,46.1538%,7,6,13,6,7,0,0
0xa47316,83.3333%,7,35,42,0,0,7,35
0x441d85,36.3636%,7,4,11,4,7,0,0
0x63eaba,96.5%,7,193,200,162,1,6,31
0x441cdf,36.3636%,7,4,11,4,7,0,0
0x441c7c,36.3636%,7,4,11,4,7,0,0
0x60dbc8,97.4453%,7,267,274,33,5,2,234
0x5425bf,94.5736%,7,122,129,0,0,7,122
0x908e06,99.8362%,7,4267,4274,4267,7,0,0
0x441bb6,36.3636%,7,4,11,4,7,0,0
0x537362,98.9943%,7,689,696,0,0,7,689
0x4be89f,22.2222%,7,2,9,2,6,1,0
0x815204,56.25%,7,9,16,5,2,5,4
0x5d3269,95.1724%,7,138,145,0,0,7,138
0x8da813,41.6667%,7,5,12,4,2,5,1
0x60dbf7,97.4453%,7,267,274,267,7,0,0
0x509fc9,98.5743%,7,484,491,484,7,0,0
0x8da425,98.963%,7,668,675,668,7,0,0
0x54d813,56.25%,7,9,16,9,7,0,0
0x918f15,96.5%,7,193,200,0,0,7,193
0x9a6294,94.8905%,7,130,137,129,4,3,1
0xa05221,88.7097%,7,55,62,13,4,3,42
0x97bad8,96.0227%,7,169,176,15,6,1,154
0x496364,79.4118%,7,27,34,2,3,4,25
0xa30071,96.9298%,7,221,228,0,0,7,221
0x53fe9b,99.5979%,7,1734,1741,1734,7,0,0
0x49fc5d,53.3333%,7,8,15,0,0,7,8
0x8c804a,99.26%,7,939,946,900,2,5,39
0x494388,90%,7,63,70,32,7,0,31
0x8bc81d,79.4118%,7,27,34,26,6,1,1
0x4a84aa,92.3913%,7,85,92,85,7,0,0
0x557d7f,73.0769%,7,19,26,17,3,4,2
0x648468,97.4729%,7,270,277,82,3,4,188
0x9c382b,91.8605%,7,79,86,0,0,7,79
0x4ab506,79.4118%,7,27,34,25,3,4,2
0x8ee70d,98.1132%,7,364,371,0,0,7,364
0x8f2aba,99.3276%,7,1034,1041,912,3,4,122
0x889fb7,68.1818%,7,15,22,15,7,0,0
0x9a0f7a,66.6667%,7,14,21,11,4,3,3
0x670a6a,63.1579%,7,12,19,12,5,2,0
0x5c4bfb,99.6173%,7,1822,1829,0,0,7,1822
0x95ae0a,69.5652%,7,16,23,16,7,0,0
0x5e7864,90.411%,7,66,73,0,0,7,66
0x591492,73.0769%,7,19,26,19,7,0,0
0x49c775,99.0358%,7,719,726,719,7,0,0
0x5cfaa1,97.3282%,7,255,262,8,2,5,247
0x50d66a,98.7889%,7,571,578,0,3,4,571
0x911aad,99.3955%,7,1151,1158,0,0,7,1151
0x8193d6,89.7059%,7,61,68,27,7,0,34
0x9a1ede,96.5517%,7,196,203,0,0,7,196
0x9ea615,95.8333%,7,161,168,40,3,4,121
0x446563,98.8075%,7,580,587,1,0,7,579
0xa019fb,12.5%,7,1,8,0,4,3,1
0xa01da8,90%,7,63,70,63,1,6,0
0x5bd567,99.8547%,7,4811,4818,0,0,7,4811
0x808fdb,96.861%,7,216,223,19,3,4,197
0x9e2fed,97.3384%,7,256,263,0,0,7,256
0x9e79f3,95.0355%,7,134,141,134,7,0,0
0x906acd,98.0447%,7,351,358,351,7,0,0
0x507383,36.3636%,7,4,11,0,0,7,4
0xb2ad43,99.3256%,7,1031,1038,0,0,7,1031
0xa302d5,96.4103%,7,188,195,0,0,7,188
0x684190,12.5%,7,1,8,1,7,0,0
0x99a858,93.1373%,7,95,102,95,7,0,0
0xa5abbb,66.6667%,7,14,21,1,5,2,13
0x40f84d,90.7895%,7,69,76,69,7,0,0
0x4a6e86,92.5532%,7,87,94,87,7,0,0
0x9eb84e,93.5185%,7,101,108,79,3,4,22
0x8ef069,91.6667%,7,77,84,0,6,1,77
0x4041dc,97.0213%,7,228,235,0,0,7,228
0x8b9bec,99.7041%,7,2359,2366,33,2,5,2326
0x4aade9,82.5%,7,33,40,0,1,6,33
0xa9b499,94.1667%,7,113,120,113,7,0,0
0x80941e,99.1745%,7,841,848,3,2,5,838
0x488ef4,96.9828%,7,225,232,225,7,0,0
0x49975e,90.5405%,7,67,74,67,7,0,0
0x9f4591,91.25%,7,73,80,73,7,0,0
0x98b4cd,96.0674%,7,171,178,171,7,0,0
0x80451f,74.0741%,7,20,27,7,3,4,13
0x9f3233,95.5975%,7,152,159,0,4,3,152
0x9f948b,93.2039%,7,96,103,0,0,7,96
0xa02cc4,89.5522%,7,60,67,1,3,4,59
0x973736,41.6667%,7,5,12,1,4,3,4
0xa39e87,87.931%,7,51,58,6,1,6,45
0xa591cb,94.1176%,7,112,119,112,7,0,0
0x608c29,98.7365%,7,547,554,0,0,7,547
0xa5eb54,77.4194%,7,24,31,2,3,4,22
0x4fdc65,96.9565%,7,223,230,145,3,4,78
0x821492,99.6475%,7,1979,1986,0,0,7,1979
0x5c338e,94.1667%,7,113,120,73,7,0,40
0x509012,63.1579%,7,12,19,8,5,2,4
0x541c6d,79.4118%,7,27,34,27,7,0,0
0x441ae4,36.3636%,7,4,11,4,7,0,0
0x9fe375,94.7761%,7,127,134,0,0,7,127
0x58d15f,93.1373%,7,95,102,27,3,4,68
0x49fafc,95.0704%,7,135,142,133,4,3,2
0x48c14b,92.8571%,7,91,98,0,0,7,91
0x9e3d40,82.0513%,7,32,39,0,0,7,32
0x80e0c4,98.4914%,7,457,464,457,3,4,0
0x5ec2b2,87.037%,7,47,54,0,0,7,47
0xb17abb,99.3402%,7,1054,1061,1054,7,0,0
0x4fda98,97.8056%,7,312,319,0,0,7,312
0x40e049,95.5414%,7,150,157,150,7,0,0
0x9f598c,97.0213%,7,228,235,0,0,7,228
0x60deb0,99.3237%,7,1028,1035,0,0,7,1028
0x4ba29f,98.6139%,7,498,505,498,7,0,0
0xb1b654,99.1283%,7,796,803,796,7,0,0
0xa55043,81.5789%,7,31,38,27,3,4,4
0x404334,99.7402%,7,2687,2694,2687,7,0,0
0x404355,99.7402%,7,2687,2694,2687,7,0,0
0x499314,83.3333%,7,35,42,0,0,7,35
0x9a0c05,75%,7,21,28,0,0,7,21
0xa9ed60,91.358%,7,74,81,74,7,0,0
0x63e527,99.2716%,7,954,961,0,3,4,954
0xaad9b7,94.1667%,7,113,120,0,0,7,113
0x9f7b25,96.0452%,7,170,177,0,0,7,170
0x7b836f,74.0741%,7,20,27,18,7,0,2
0x49eb14,69.5652%,7,16,23,0,0,7,16
0xa4a62a,82.9268%,7,34,41,4,4,3,30
0xa9ed23,91.358%,7,74,81,74,7,0,0
0x677d05,99.2739%,7,957,964,815,4,3,142
0xa4cf18,50%,7,7,14,0,0,7,7
0x820cf1,36.3636%,7,4,11,4,7,0,0
0x40441b,99.5091%,7,1419,1426,0,2,5,1419
0xa544e4,93.75%,7,105,112,99,3,4,6
0xb1ae52,98.3834%,7,426,433,0,0,7,426
0x5d1a5f,88.7097%,7,55,62,0,0,7,55
0x9ec470,92.5532%,7,87,94,87,2,5,0
0xa1a056,74.0741%,7,20,27,0,2,5,20
0x969917,90.2778%,7,65,72,2,5,2,63
0xa9d366,83.3333%,7,35,42,35,5,2,0
0x48ced6,87.2727%,7,48,55,47,7,0,1
0x5ffeb0,99.1627%,7,829,836,829,7,0,0
0x4bc483,82.5%,7,33,40,33,7,0,0
0x810854,91.4634%,7,75,82,4,3,4,71
0x99e69b,46.1538%,7,6,13,0,0,7,6
0x50fe1c,99.6671%,7,2096,2103,0,2,5,2096
0x60aea1,86%,7,43,50,43,7,0,0
0x511e17,98.75%,7,553,560,553,7,0,0
0x8ed8a0,98.4581%,7,447,454,1,2,5,446
0x9a8b95,88.7097%,7,55,62,55,7,0,0
0x63ea14,99.464%,7,1299,1306,1299,7,0,0
0x512dbd,97.7199%,7,300,307,0,0,7,300
0x50ff7f,99.2754%,7,959,966,0,0,7,959
0x556f41,87.2727%,7,48,55,0,0,7,48
0x9f254f,92.9293%,7,92,99,0,4,3,92
0x811da7,97.8916%,7,325,332,0,2,5,325
0x9f254b,91.4634%,7,75,82,72,3,4,3
0x512e8b,99.1422%,7,809,816,0,0,7,809
0xb4a1a8,99.0331%,7,717,724,0,0,7,717
0x499343,83.3333%,7,35,42,21,5,2,14
0xb17b03,99.3402%,7,1054,1061,1054,7,0,0
0x5f1e75,78.7879%,7,26,33,26,7,0,0
0x4850b7,84.4444%,7,38,45,0,0,7,38
0x813de8,99.2569%,7,935,942,0,0,7,935
0x543f53,96.8182%,7,213,220,0,2,5,213
0x8dffc3,61.1111%,7,11,18,3,3,4,8
0x591a38,85.7143%,7,42,49,0,0,7,42
0x647c1a,83.7209%,7,36,43,36,7,0,0
0x64729e,66.6667%,7,14,21,1,0,7,13
0xa5a0a8,46.1538%,7,6,13,3,4,3,3
0x51104b,99.8145%,7,3767,3774,0,0,7,3767
0x5912dc,97.1545%,7,239,246,0,0,7,239
0x48f761,89.2308%,7,58,65,55,0,7,3
0x590c47,83.3333%,7,35,42,17,3,4,18
0x5f0673,91.6667%,7,77,84,1,3,4,76
0xa25ea5,99.309%,7,1006,1013,0,0,7,1006
0x809bd3,90.6667%,7,68,75,68,5,2,0
0xa478e6,68.1818%,7,15,22,4,4,3,11
0x5b03b3,87.2727%,7,48,55,1,1,6,47
0x980d78,85.1064%,7,40,47,32,4,3,8
0xa5b35d,53.3333%,7,8,15,1,3,4,7
0xa96b11,56.25%,7,9,16,2,5,2,7
0xa520ac,58.8235%,7,10,17,3,3,4,7
0x9e00d6,99.3482%,7,1067,1074,0,0,7,1067
0x6471e4,66.6667%,7,14,21,0,0,7,14
0x5c4bdf,99.6173%,7,1822,1829,0,0,7,1822
0x81e6ab,99.1347%,7,802,809,761,1,6,41
0x9e0b82,97.2763%,7,250,257,0,0,7,250
0x593156,76.6667%,7,23,30,22,7,0,1
0x4a578e,95.7576%,7,158,165,0,0,7,158
0x81d003,96.1538%,7,175,182,1,4,3,174
0x804c90,96.9828%,7,225,232,225,5,2,0
0x8a6688,95.3947%,7,145,152,0,0,7,145
0x4bb34f,97.5779%,7,282,289,282,7,0,0
0x9abd1f,53.3333%,7,8,15,8,7,0,0
0x9a600c,50%,7,7,14,0,0,7,7
0x78435e,97.3881%,7,261,268,261,7,0,0
0xa96115,73.0769%,7,19,26,19,7,0,0
0x9abd04,53.3333%,7,8,15,4,1,6,4
0x4bf249,87.2727%,7,48,55,12,1,6,36
0xa4d68f,81.5789%,7,31,38,31,7,0,0
0x8f458a,92.0455%,7,81,88,25,6,1,56
0xa52ec6,63.1579%,7,12,19,5,2,5,7
0x97815e,94.7368%,7,126,133,126,7,0,0
0x98b294,96.8182%,7,213,220,213,7,0,0
0x534a6b,89.3939%,7,59,66,0,0,7,59
0xa96bf0,83.3333%,7,35,42,35,2,5,0
0xaa2933,94.3548%,7,117,124,117,7,0,0
0x8fe099,91.8605%,7,79,86,0,0,7,79
0xb1813e,98.9378%,7,652,659,98,4,3,554
0xa58ddd,93.9655%,7,109,116,0,0,7,109
0x534829,89.3939%,7,59,66,0,0,7,59
0xaa5d02,70.8333%,7,17,24,16,7,0,1
0xaa4897,91.8605%,7,79,86,79,7,0,0
0x44150e,36.3636%,7,4,11,0,0,7,4
0xa55746,91.5663%,7,76,83,76,3,4,0
0xa59344,80%,7,28,35,2,5,2,26
0x810127,99.0741%,7,749,756,0,0,7,749
0x811e07,99.7761%,7,3119,3126,0,0,7,3119
0x9e3a96,86%,7,43,50,43,7,0,0
0x618a08,90%,7,63,70,63,7,0,0
0x972548,96.8326%,7,214,221,0,0,7,214
0x8fe06a,91.8605%,7,79,86,79,7,0,0
0x9ec2b2,58.8235%,7,10,17,0,4,3,10
0x9f5938,72%,7,18,25,17,6,1,1
0x482eb7,63.1579%,7,12,19,0,0,7,12
0x511746,99.3427%,7,1058,1065,1058,7,0,0
0xa59331,83.7209%,7,36,43,7,1,6,29
0x8101d6,99.1228%,7,791,798,0,0,7,791
0x5fb1ec,90.9091%,7,70,77,0,0,7,70
0x4a5dff,89.2308%,7,58,65,0,0,7,58
0x9ea62d,83.7209%,7,36,43,28,6,1,8
0x550f12,73.0769%,7,19,26,11,6,1,8
0x9e0887,98.4816%,7,454,461,73,4,3,381
0xa276c0,99.0789%,7,753,760,753,7,0,0
0x973c25,41.6667%,7,5,12,1,1,6,4
0x64b638,99.1071%,7,777,784,777,7,0,0
0x81d0cd,96.1538%,7,175,182,175,1,6,0
0x487744,80.5556%,7,29,36,7,5,2,22
0x5e0155,95.1724%,7,138,145,138,7,0,0
0x4c67d1,75%,7,21,28,12,4,3,9
0x51068a,97.2868%,7,251,258,251,7,0,0
0x909189,99.623%,7,1850,1857,1850,7,0,0
0x5c33d7,12.5%,7,1,8,0,0,7,1
0x533c61,80.5556%,7,29,36,29,7,0,0
0x4c8e1e,94.7368%,7,126,133,0,0,7,126
0xa57664,75%,7,21,28,8,6,1,13
0x9e36a3,79.4118%,7,27,34,0,0,7,27
0x9846e5,41.6667%,7,5,12,2,6,1,3
0xa91bd4,94.8905%,7,130,137,130,7,0,0
0xa573f4,82.9268%,7,34,41,32,6,1,2
0x60e7ae,91.1392%,7,72,79,72,7,0,0
0x81c4df,98.2843%,7,401,408,0,4,3,401
0x8142e9,99.6443%,7,1961,1968,0,0,7,1961
0xa57473,94.7761%,7,127,134,122,3,4,5
0x51b90b,99.8672%,7,5263,5270,5263,7,0,0
0xa92ed8,92.0455%,7,81,88,81,7,0,0
0x818a34,99.9372%,7,11146,11153,11146,7,0,0
0x5529c1,94.9275%,7,131,138,131,5,2,0
0x48d64d,99.8434%,7,4462,4469,0,0,7,4462
0x65bb22,99.6059%,7,1769,1776,1769,7,0,0
0x8e2fda,97.0464%,7,230,237,230,3,4,0
0xa72264,0%,7,0,7,0,3,4,0
0x78e04b,85.7143%,7,42,49,3,3,4,39
0x5100b7,99.5315%,7,1487,1494,0,0,7,1487
0x5127da,98.0501%,7,352,359,0,1,6,352
0xb0a079,96.6667%,7,203,210,203,7,0,0
0x8a50c6,53.3333%,7,8,15,4,5,2,4
0x5d8b3d,97.1545%,7,239,246,233,3,4,6
0x5c56de,91.5663%,7,76,83,0,0,7,76
0x80474c,93.4579%,7,100,107,100,5,2,0
0xa32c1c,99.2449%,7,920,927,920,7,0,0
0x8f2bf9,93.1373%,7,95,102,95,7,0,0
0x8fe314,99.5561%,7,1570,1577,0,0,7,1570
0x48d7cb,99.0502%,7,730,737,0,0,7,730
0x5e5e18,99.3021%,7,996,1003,996,7,0,0
0x539ff7,85.1064%,7,40,47,0,0,7,40
0x9ab90d,96.9697%,7,224,231,0,0,7,224
0x4c567c,70.8333%,7,17,24,0,2,5,17
0x4993e8,84.0909%,7,37,44,37,7,0,0
0x64f2ed,68.1818%,7,15,22,13,5,2,2
0x973c9b,93.2039%,7,96,103,13,6,1,83
0x78f6d6,82.0513%,7,32,39,5,5,2,27
0x9ab9a2,96.9697%,7,224,231,17,3,4,207
0x49a136,85.4167%,7,41,48,0,0,7,41
0x5ff687,93.0693%,7,94,101,94,7,0,0
0x60aedb,86%,7,43,50,43,7,0,0
0xa02aab,74.0741%,7,20,27,7,5,2,13
0x4038c0,98.2051%,7,383,390,1,2,5,382
0x5e4536,94.2149%,7,114,121,0,0,7,114
0x441a05,36.3636%,7,4,11,4,7,0,0
0x902133,85.4167%,7,41,48,11,5,2,30
0xa32cec,92.6316%,7,88,95,68,2,5,20
0x5cb0ad,99.2099%,7,879,886,0,0,7,879
0x53aa18,82.9268%,7,34,41,34,5,2,0
0x597208,97.8979%,7,326,333,11,6,1,315
0x8eb940,98.5626%,7,480,487,480,7,0,0
0x58c6d2,50%,7,7,14,0,0,7,7
0x48dc9a,99.9388%,7,11439,11446,0,0,7,11439
0x65a3af,99.1453%,7,812,819,67,7,0,745
0x8f56d9,95.7317%,7,157,164,0,0,7,157
0x4a5bb5,87.2727%,7,48,55,0,0,7,48
0x4a03b4,88.3333%,7,53,60,38,6,1,15
0x592cd5,80.5556%,7,29,36,0,0,7,29
0x48dbf1,97.8723%,7,322,329,273,0,7,49
0x64a4ad,90.5405%,7,67,74,65,3,4,2
0xaa7ee0,98.6767%,7,522,529,522,7,0,0
0x48e788,99.8432%,7,4456,4463,819,3,4,3637
0x7d2dba,65%,7,13,20,2,4,3,11
0x482d30,63.1579%,7,12,19,1,1,6,11
0x820da0,98.8372%,7,595,602,0,0,7,595
0x8c8aa5,91.6667%,7,77,84,1,3,4,76
0x48bfff,95.1389%,7,137,144,137,7,0,0
0x9f5f07,98.3412%,7,415,422,0,0,7,415
0xa05898,73.0769%,7,19,26,19,2,5,0
0x9ebbcf,96.6019%,7,199,206,193,5,2,6
0x8d4308,41.6667%,7,5,12,2,3,4,3
0x49ec27,97.8261%,7,315,322,0,0,7,315
0x5ef9c3,91.5663%,7,76,83,62,4,3,14
0x64b64d,99.1677%,7,834,841,50,7,0,784
0x58c532,91.8605%,7,79,86,9,3,4,70
0x592af1,93%,7,93,100,59,0,7,34
0x5ef97e,91.5663%,7,76,83,62,4,3,14
0x94e7ea,88.3333%,7,53,60,53,7,0,0
0xa25b29,99.309%,7,1006,1013,1006,7,0,0
0x9912ea,93.5185%,7,101,108,0,0,7,101
0x48e90a,75%,7,21,28,17,5,2,4
0x9a81f2,50%,7,7,14,7,7,0,0
0x8ab061,99.1822%,7,849,856,849,7,0,0
0x8d25b3,99.5995%,7,1741,1748,0,0,7,1741
0x81ee31,98.6616%,7,516,523,516,5,2,0
0x40d53e,95.9302%,7,165,172,0,0,7,165
0x5912a4,97.4453%,7,267,274,267,7,0,0
0x58fa22,98.5169%,7,465,472,465,5,2,0
0x49c608,98.4683%,7,450,457,450,7,0,0
0x8bd782,98.5801%,7,486,493,486,1,6,0
0x9a913a,50%,7,7,14,7,7,0,0
0xa310be,96.3918%,7,187,194,0,0,7,187
0x48f070,94.5736%,7,122,129,18,4,3,104
0xa92b31,97.8261%,7,315,322,315,7,0,0
0x9f4fb5,96.9163%,7,220,227,52,6,1,168
0x7810b2,96.1111%,7,173,180,28,4,3,145
0x5912e5,97.1545%,7,239,246,0,0,7,239
0x58cd25,95.7576%,7,158,165,0,0,7,158
0x94962b,98.7589%,7,557,564,0,0,7,557
0x5f0cc4,79.4118%,7,27,34,27,7,0,0
0x80b947,96.861%,7,216,223,196,3,4,20
0x5502bb,82.0513%,7,32,39,27,4,3,5
0x8ea4c7,56.25%,7,9,16,7,1,6,2
0x9784ea,99.2585%,7,937,944,0,0,7,937
0x9aa0d4,96.0674%,7,171,178,121,3,4,50
0x8149d1,99.429%,7,1219,1226,892,4,3,327
0x4b81e3,36.3636%,7,4,11,4,7,0,0
0x97843c,98.5325%,7,470,477,470,7,0,0
0x4aab69,76.6667%,7,23,30,23,7,0,0
0x5cf79d,99.6187%,7,1829,1836,1829,7,0,0
0x5f05f9,94.4882%,7,120,127,0,5,2,120
0x9a7429,30%,7,3,10,3,2,5,0
0xa3a218,98.9474%,7,658,665,0,0,7,658
0x8ecb63,99.2769%,7,961,968,893,3,4,68
0x9f5306,95.4839%,7,148,155,25,3,4,123
0x9f531b,94.4882%,7,120,127,120,7,0,0
0x540a94,41.6667%,7,5,12,5,7,0,0
0xa26cbc,30%,7,3,10,0,4,3,3
0xa8a885,91.5663%,7,76,83,50,1,6,26
0x557d8b,41.6667%,7,5,12,5,7,0,0
0x5a96f4,12.5%,7,1,8,0,0,7,1
0x94b602,91.1392%,7,72,79,72,7,0,0
0x48fb58,89.0625%,7,57,64,55,5,2,2
0x8aa81e,65%,7,13,20,0,0,7,13
0x8f36ce,93.0693%,7,94,101,94,7,0,0
0x63f320,96.5%,7,193,200,193,5,2,0
0x81f234,99.6456%,7,1968,1975,1925,3,4,43
0x973360,83.3333%,7,35,42,0,0,7,35
0x5ec32a,77.4194%,7,24,31,24,7,0,0
0x9e05d1,87.931%,7,51,58,0,0,7,51
0x638ed3,98.7203%,7,540,547,0,0,7,540
0x8165ad,86.2745%,7,44,51,6,6,1,38
0x4ab130,36.3636%,7,4,11,1,4,3,3
0x551cb5,92.9293%,7,92,99,92,7,0,0
0x9776da,99.4913%,7,1369,1376,0,0,7,1369
0x4c5ed4,83.7209%,7,36,43,36,5,2,0
0x9441e3,99.2632%,7,943,950,0,0,7,943
0x552a50,99.5035%,7,1403,1410,0,0,7,1403
0x97774b,99.2063%,7,875,882,875,7,0,0
0x504435,61.1111%,7,11,18,11,7,0,0
0x8f1833,96.5174%,7,194,201,0,2,5,194
0x977727,99.2063%,7,875,882,0,0,7,875
0x4ac19a,95.9302%,7,165,172,165,7,0,0
0x80e75e,95.3333%,7,143,150,0,4,3,143
0x9aacf6,98.987%,7,684,691,0,0,7,684
0xa4bbf7,98.3834%,7,426,433,0,0,7,426
0x9f575a,91.25%,7,73,80,51,1,6,22
0xa589ab,95.2055%,7,139,146,0,0,7,139
0x96aeda,84.7826%,7,39,46,24,3,4,15
0xa2d214,99.0385%,7,721,728,721,7,0,0
0x488d61,87.7193%,7,50,57,50,7,0,0
0xa27554,96.7593%,7,209,216,209,7,0,0
0x8214da,99.8121%,7,3719,3726,3719,7,0,0
0x8e9ff2,99.7171%,7,2467,2474,0,0,7,2467
0x9f73e5,50%,7,7,14,7,7,0,0
0x5ea9a8,95.7317%,7,157,164,134,3,4,23
0x909053,99.623%,7,1850,1857,1850,7,0,0
0x5d1e4a,93.6364%,7,103,110,0,0,7,103
0x665a07,94.6154%,7,123,130,0,0,7,123
0x9e5d5c,91.358%,7,74,81,74,6,1,0
0xa03868,99.8686%,7,5321,5328,5321,7,0,0
0x5efb43,46.1538%,7,6,13,3,5,2,3
0x4b9109,22.2222%,7,2,9,2,7,0,0
0x8fedac,99.7619%,7,2933,2940,2933,7,0,0
0x4bd65f,85.1064%,7,40,47,40,1,6,0
0x554e90,95.0704%,7,135,142,135,7,0,0
0x8e9612,99.429%,7,1219,1226,1219,5,2,0
0x8063e5,86.5385%,7,45,52,9,4,3,36
0x9f442e,95.8333%,7,161,168,0,0,7,161
0x5020ff,91.0256%,7,71,78,0,0,7,71
0x9ed7be,96.5347%,7,195,202,195,7,0,0
0x508f68,99.0541%,7,733,740,0,0,7,733
0x9f4bce,97.7199%,7,300,307,76,4,3,224
0x9f6496,96.0894%,7,172,179,0,0,7,172
0x902d2b,85.4167%,7,41,48,27,3,4,14
0x973b09,30%,7,3,10,0,1,6,3
0x4832e8,75.8621%,7,22,29,22,7,0,0
0xb18385,99.3035%,7,998,1005,0,0,7,998
0x4834e6,75.8621%,7,22,29,1,1,6,21
0x5908bf,99.6746%,7,2144,2151,2126,5,2,18
0xa284d2,12.5%,7,1,8,0,0,7,1
0x833d27,93.9655%,7,109,116,0,4,3,109
0x4a72b3,96.9027%,7,219,226,0,0,7,219
0x48f068,94.5736%,7,122,129,34,7,0,88
0x441caf,36.3636%,7,4,11,4,7,0,0
0x40bc36,93.2039%,7,96,103,95,4,3,1
0x80bdbb,30%,7,3,10,2,3,4,1
0x5ba9e5,99.7019%,7,2341,2348,2341,7,0,0
0xb180b1,99.5132%,7,1431,1438,0,0,7,1431
0x8a63fe,94.8529%,7,129,136,8,6,1,121
0x64b3be,93.3962%,7,99,106,7,4,3,92
0x4bb5e1,86.5385%,7,45,52,45,7,0,0
0x4c185e,65%,7,13,20,1,3,4,12
0x910ee7,99.6903%,7,2253,2260,0,0,7,2253
0x9aa686,99.2358%,7,909,916,543,5,2,366
0x9f7b20,96.0452%,7,170,177,0,0,7,170
0x9ed63b,99.2632%,7,943,950,0,0,7,943
0x4c6e0c,91.5663%,7,76,83,76,7,0,0
0x9f52ed,95.5975%,7,152,159,1,3,4,151
0x9f0e3f,80.5556%,7,29,36,0,0,7,29
0x503a8e,88.5246%,7,54,61,54,5,2,0
0x8fe951,94.5736%,7,122,129,0,0,7,122
0x5548d3,88.8889%,7,56,63,56,7,0,0
0x8104fa,86%,7,43,50,11,5,2,32
0x4a7a44,84.4444%,7,38,45,17,4,3,21
0x946178,63.1579%,7,12,19,0,0,7,12
0x5e4657,99.5361%,7,1502,1509,0,0,7,1502
0xa28730,66.6667%,7,14,21,2,3,4,12
0x590868,97.4729%,7,270,277,0,0,7,270
0x8ddf52,84.7826%,7,39,46,7,7,0,32
0x9a8bd1,97.3978%,7,262,269,0,0,7,262
0x9f1d40,95.4839%,7,148,155,0,0,7,148
0xa60cf2,97.0464%,7,230,237,0,0,7,230
0xa48317,97.1074%,7,235,242,0,0,7,235
0x7d40ad,98.6891%,7,527,534,479,2,5,48
0x48c423,95.1389%,7,137,144,137,3,4,0
0x814d4c,99.3525%,7,1074,1081,796,4,3,278
0x48c4ed,92.7083%,7,89,96,89,7,0,0
0x4a1c4e,99.7322%,7,2607,2614,0,0,7,2607
0x8fee56,98.8976%,7,628,635,0,0,7,628
0x94edd2,76.6667%,7,23,30,0,0,7,23
0x659e02,63.1579%,7,12,19,12,7,0,0
0x5cd3c3,86.7925%,7,46,53,46,7,0,0
0x8fc440,89.3939%,7,59,66,0,0,7,59
0x51b2e9,63.1579%,7,12,19,7,6,1,5
0x502126,91.0256%,7,71,78,0,0,7,71
0x488eee,96.9828%,7,225,232,0,0,7,225
0x4a7ac8,98.6408%,7,508,515,0,0,7,508
0x4a74d7,90.2778%,7,65,72,0,0,7,65
0x4bd6a7,63.1579%,7,12,19,4,7,0,8
0x54f08c,83.7209%,7,36,43,1,5,2,35
0x5020d2,95.2703%,7,141,148,0,0,7,141
0x550fc2,66.6667%,7,14,21,9,5,2,5
0x9d32e6,87.2727%,7,48,55,48,7,0,0
0x50d968,98.7433%,7,550,557,0,0,7,550
0x405e59,70.8333%,7,17,24,0,0,7,17
0x8ea34d,99.4286%,7,1218,1225,1218,7,0,0
0x556a4a,99.3986%,7,1157,1164,1,3,4,1156
0x8ecc1b,86.5385%,7,45,52,34,5,2,11
0x482cf4,63.1579%,7,12,19,0,0,7,12
0x4b9103,22.2222%,7,2,9,0,0,7,2
0xa39d0c,91.5663%,7,76,83,0,0,7,76
0x9a356a,75%,7,21,28,4,4,3,17
0x902172,96.5517%,7,196,203,0,0,7,196
0x404ea4,90.2778%,7,65,72,0,0,7,65
0x5bdbab,99.7888%,7,3307,3314,3307,7,0,0
0x97379d,82.5%,7,33,40,0,0,7,33
0x908d46,99.9124%,7,7987,7994,7987,7,0,0
0x50cbf4,81.5789%,7,31,38,31,7,0,0
0x4bd69b,66.6667%,7,14,21,1,1,6,13
0x499c4f,93.3962%,7,99,106,0,0,7,99
0x9a99f4,99.7487%,7,2779,2786,2779,7,0,0
0x9f78b3,99.1369%,7,804,811,0,0,7,804
0x48d7db,93.4579%,7,100,107,0,0,7,100
0x5097b9,99.872%,7,5461,5468,0,0,7,5461
0x5960a5,63.1579%,7,12,19,4,2,5,8
0x807f07,94.6565%,7,124,131,0,0,7,124
0xa0279a,99.496%,7,1382,1389,0,0,7,1382
0x8f5713,99.0874%,7,760,767,0,0,7,760
0x502160,95.0704%,7,135,142,0,4,3,135
0xa5555a,95.9302%,7,165,172,165,7,0,0
0x5e6e56,99.5361%,7,1502,1509,1502,7,0,0
0x9f4b0a,81.5789%,7,31,38,17,3,4,14
0xa4978c,97.8125%,7,313,320,15,3,4,298
0x50209d,94.6565%,7,124,131,44,6,1,80
0xa9018d,88.8889%,7,56,63,0,0,7,56
0x4bb47d,86.5385%,7,45,52,0,0,7,45
0x8fdab8,87.5%,7,49,56,49,3,4,0
0x8dacf3,92.0455%,7,81,88,41,3,4,40
0x9178a6,94.5736%,7,122,129,0,0,7,122
0x5e613e,99.5361%,7,1502,1509,0,0,7,1502
0x7ac00f,94.7368%,7,126,133,126,7,0,0
0x4c1098,70.8333%,7,17,24,17,7,0,0
0x50723d,95.7831%,7,159,166,135,1,6,24
0x943786,90.6667%,7,68,75,31,4,3,37
0x6616c3,98.75%,6,474,480,53,5,1,421
0x608caf,97%,6,194,200,194,6,0,0
0x677463,91.7808%,6,67,73,0,2,4,67
0xa44daa,98.6143%,6,427,433,427,6,0,0
0x403703,99.2415%,6,785,791,70,1,5,715
0x78d828,99.1137%,6,671,677,0,0,6,671
0x503f97,33.3333%,6,3,9,3,6,0,0
0xa283e9,25%,6,2,8,0,6,0,2
0xa91b96,95.6204%,6,131,137,131,6,0,0
0x4ab8e1,76%,6,19,25,19,6,0,0
0x80d8c4,98.2036%,6,328,334,112,2,4,216
0x58e5dc,0%,6,0,6,0,3,3,0
0x9e61a4,89.6552%,6,52,58,52,6,0,0
0x7c15ff,99.7269%,6,2191,2197,0,0,6,2191
0x60b9ef,90.7692%,6,59,65,44,3,3,15
0x5f76b8,99.0115%,6,601,607,601,4,2,0
0xb14920,99.8398%,6,3739,3745,0,0,6,3739
0xaa1348,96.9231%,6,189,195,0,0,6,189
0xa17f73,98.9011%,6,540,546,540,6,0,0
0x9f4ec6,95.0413%,6,115,121,115,6,0,0
0x81bc9b,80%,6,24,30,0,1,5,24
0x8f45c1,89.4737%,6,51,57,51,6,0,0
0x5f9e23,0%,6,0,6,0,0,6,0
0xa58e35,95.8904%,6,140,146,0,0,6,140
0x9f9a41,94.4954%,6,103,109,103,6,0,0
0xa938eb,83.3333%,6,30,36,22,3,3,8
0x9aa13f,81.8182%,6,27,33,0,0,6,27
0xa8eeab,25%,6,2,8,2,6,0,0
0x81856a,82.3529%,6,28,34,28,6,0,0
0xa58d28,93.75%,6,90,96,0,0,6,90
0xa4469c,88.4615%,6,46,52,46,6,0,0
0xa33a2f,98.9305%,6,555,561,507,1,5,48
0x80fcdf,99.4958%,6,1184,1190,0,0,6,1184
0xa467a5,75%,6,18,24,9,3,3,9
0x5fb39b,0%,6,0,6,0,6,0,0
0x8a6c83,97.2222%,6,210,216,210,4,2,0
0x4ba79b,98.3914%,6,367,373,26,5,1,341
0xa58b24,93.75%,6,90,96,90,6,0,0
0x4b7185,45.4545%,6,5,11,3,6,0,2
0x4a7757,99.5708%,6,1392,1398,0,2,4,1392
0x819838,91.1765%,6,62,68,29,5,1,33
0x5c4fdc,80.6452%,6,25,31,0,0,6,25
0x5592df,98.5748%,6,415,421,6,4,2,409
0x4c3862,53.8462%,6,7,13,0,0,6,7
0x95c500,50%,6,6,12,0,0,6,6
0x909941,99.6769%,6,1851,1857,1851,6,0,0
0x54225c,97.2603%,6,213,219,0,0,6,213
0x4b801b,45.4545%,6,5,11,3,6,0,2
0xa9d3a3,76.9231%,6,20,26,16,2,4,4
0xa9deb8,85.3659%,6,35,41,0,0,6,35
0x9a9439,85%,6,34,40,17,3,3,17
0xa9257a,97.1014%,6,201,207,16,2,4,185
0xa46317,93.1034%,6,81,87,81,6,0,0
0x4bce2c,0%,6,0,6,0,6,0,0
0x48ba39,93.0233%,6,80,86,0,0,6,80
0x9ff6cd,75%,6,18,24,0,2,4,18
0x9f3242,96.129%,6,149,155,0,0,6,149
0xa58397,98.6047%,6,424,430,0,4,2,424
0xa4d568,96.2963%,6,156,162,156,6,0,0
0x9f1291,40%,6,4,10,4,6,0,0
0x9d1e44,70%,6,14,20,0,0,6,14
0x90986c,99.6769%,6,1851,1857,1851,6,0,0
0x96b218,81.25%,6,26,32,0,0,6,26
0x557bdd,25%,6,2,8,2,6,0,0
0xa9b7d8,93.1818%,6,82,88,0,0,6,82
0x54663f,76.9231%,6,20,26,20,2,4,0
0x83e1eb,95.122%,6,117,123,117,6,0,0
0x4b9fc1,88%,6,44,50,1,2,4,43
0xa97895,40%,6,4,10,4,6,0,0
0xa9012f,96.0265%,6,145,151,0,0,6,145
0x4b61dc,71.4286%,6,15,21,15,6,0,0
0xa516d4,95.5224%,6,128,134,128,6,0,0
0x9f5c64,78.5714%,6,22,28,0,0,6,22
0xa974b7,66.6667%,6,12,18,11,4,2,1
0x4bb4f1,88.4615%,6,46,52,46,6,0,0
0x5561e0,97.5806%,6,242,248,242,3,3,0
0x8e50a1,99.6109%,6,1536,1542,0,0,6,1536
0x8b9ad1,99.7464%,6,2360,2366,2360,6,0,0
0x7b1128,64.7059%,6,11,17,11,1,5,0
0x534926,90.9091%,6,60,66,60,6,0,0
0x510548,99.5192%,6,1242,1248,1242,6,0,0
0x9f5065,89.4737%,6,51,57,5,0,6,46
0x81c5fc,97.2851%,6,215,221,49,4,2,166
0x902791,88.2353%,6,45,51,9,3,3,36
0xa51737,92.2078%,6,71,77,0,0,6,71
0x908735,99.6276%,6,1605,1611,0,0,6,1605
0x819977,98.1013%,6,310,316,0,0,6,310
0x9e0e6e,92.4051%,6,73,79,8,5,1,65
0xaa5cf2,75%,6,18,24,0,0,6,18
0xa35343,99.6845%,6,1896,1902,0,0,6,1896
0x9e3fac,93.1034%,6,81,87,0,0,6,81
0xa4d52b,97.8799%,6,277,283,0,0,6,277
0x6117a5,92.1053%,6,70,76,27,6,0,43
0x4be5ac,45.4545%,6,5,11,5,6,0,0
0x8d248f,92.8571%,6,78,84,0,0,6,78
0xa96f3d,68.4211%,6,13,19,1,5,1,12
0x8e35f9,98.6784%,6,448,454,448,4,2,0
0xa96d9c,71.4286%,6,15,21,15,6,0,0
0x97a403,94.1748%,6,97,103,48,3,3,49
0x5c6c75,98.7448%,6,472,478,472,6,0,0
0xa523cd,91.5493%,6,65,71,65,4,2,0
0x80a817,99.2925%,6,842,848,4,1,5,838
0x50f117,87.7551%,6,43,49,43,4,2,0
0x550e76,82.3529%,6,28,34,28,6,0,0
0xa5ec63,99.1465%,6,697,703,0,5,1,697
0x8a675d,33.3333%,6,3,9,0,4,2,3
0xa18079,99.5848%,6,1439,1445,444,4,2,995
0x405aea,94.1176%,6,96,102,96,6,0,0
0x49f6cf,92.4051%,6,73,79,32,4,2,41
0x9c3af7,33.3333%,6,3,9,3,6,0,0
0xa592da,94.4954%,6,103,109,100,4,2,3
0x9d0997,88.2353%,6,45,51,42,5,1,3
0x88a0de,72.7273%,6,16,22,16,6,0,0
0xa59535,97.0297%,6,196,202,0,0,6,196
0x40ebff,95.122%,6,117,123,117,6,0,0
0x58f6fc,25%,6,2,8,0,2,4,2
0x80bda3,60%,6,9,15,1,4,2,8
0x9e1a7b,62.5%,6,10,16,6,0,6,4
0x9f6b88,86.3636%,6,38,44,38,6,0,0
0xa52660,95.2381%,6,120,126,0,0,6,120
0xa9190c,64.7059%,6,11,17,11,6,0,0
0x545771,99.7593%,6,2487,2493,0,0,6,2487
0x81b88e,98.8484%,6,515,521,0,0,6,515
0xa45235,98.1013%,6,310,316,0,0,6,310
0x5fe852,98.4962%,6,393,399,46,6,0,347
0x9f5ecf,98.5782%,6,416,422,416,6,0,0
0xa9c954,86.9565%,6,40,46,0,2,4,40
0xa35300,94.7368%,6,108,114,103,2,4,5
0xa345d9,95.4198%,6,125,131,0,0,6,125
0xa5238f,92.2078%,6,71,77,0,6,0,71
0x4a7acf,98.835%,6,509,515,0,0,6,509
0x80dafc,97.2727%,6,214,220,0,0,6,214
0x552955,68.4211%,6,13,19,13,6,0,0
0x5c46ad,68.4211%,6,13,19,0,0,6,13
0x8ebb78,98.768%,6,481,487,481,6,0,0
0x4be49d,60%,6,9,15,5,3,3,4
0xa59013,85.7143%,6,36,42,3,3,3,33
0x814eb4,71.4286%,6,15,21,2,2,4,13
0xa05a5b,89.6552%,6,52,58,26,3,3,26
0xa59644,91.6667%,6,66,72,23,4,2,43
0xb471dd,99.7599%,6,2493,2499,0,0,6,2493
0x81c808,96.6102%,6,171,177,171,6,0,0
0x441b35,45.4545%,6,5,11,5,6,0,0
0x4b4f07,40%,6,4,10,4,4,2,0
0xa30b33,99.6445%,6,1682,1688,0,0,6,1682
0x4bb240,77.7778%,6,21,27,21,6,0,0
0x4a044d,90%,6,54,60,0,0,6,54
0x8e300a,99.6965%,6,1971,1977,1971,6,0,0
0xa437ff,98.3516%,6,358,364,0,0,6,358
0x4b5e85,87.7551%,6,43,49,36,2,4,7
0x78f0cc,62.5%,6,10,16,3,3,3,7
0xa8fc5f,96.4706%,6,164,170,164,6,0,0
0x8dede3,99.7067%,6,2040,2046,2029,4,2,11
0x806432,75%,6,18,24,5,3,3,13
0x4a03ae,90%,6,54,60,0,0,6,54
0x550e3a,82.3529%,6,28,34,28,6,0,0
0x64b573,99.738%,6,2284,2290,0,0,6,2284
0x61172e,99.5177%,6,1238,1244,0,0,6,1238
0x40dee5,94.4444%,6,102,108,1,2,4,101
0x48d02e,78.5714%,6,22,28,22,6,0,0
0x4a6fc9,95.0413%,6,115,121,115,6,0,0
0x7cf3ad,96.129%,6,149,155,149,6,0,0
0x4c49c3,90%,6,54,60,34,2,4,20
0x481c15,84.2105%,6,32,38,25,4,2,7
0x9e289f,98.4334%,6,377,383,376,2,4,1
0x48eed9,25%,6,2,8,2,6,0,0
0xa48e78,81.8182%,6,27,33,27,6,0,0
0x9e28b6,98.4334%,6,377,383,377,6,0,0
0x4821ad,68.4211%,6,13,19,13,6,0,0
0x9ee578,98.5112%,6,397,403,397,6,0,0
0x441c4c,45.4545%,6,5,11,5,6,0,0
0xa2ef4a,92.8571%,6,78,84,0,0,6,78
0x502d4d,96.8421%,6,184,190,0,0,6,184
0x4befd9,99.3548%,6,924,930,0,0,6,924
0xa52fda,96.875%,6,186,192,0,0,6,186
0xa90bb2,95.6204%,6,131,137,0,0,6,131
0xa31cbd,80.6452%,6,25,31,0,0,6,25
0x9d2688,84.2105%,6,32,38,8,2,4,24
0x5062c8,99.0726%,6,641,647,0,0,6,641
0x48b330,98.1308%,6,315,321,0,0,6,315
0x4991ad,80.6452%,6,25,31,25,6,0,0
0x787be9,99.0276%,6,611,617,603,3,3,8
0xb0b583,99.8997%,6,5974,5980,0,0,6,5974
0xa94911,88.4615%,6,46,52,0,4,2,46
0x609f8c,99.7973%,6,2954,2960,0,0,6,2954
0x4ba0d6,97.7011%,6,255,261,0,0,6,255
0x9024bd,88.8889%,6,48,54,48,6,0,0
0x9f28ea,98.951%,6,566,572,452,5,1,114
0x59e8d8,25%,6,2,8,0,4,2,2
0x80c3e1,95.7447%,6,135,141,0,1,5,135
0x9f0c80,94.5455%,6,104,110,104,6,0,0
0x441777,45.4545%,6,5,11,0,0,6,5
0x65a2aa,96.8421%,6,184,190,184,6,0,0
0x816f37,99.2925%,6,842,848,840,3,3,2
0xa94706,79.3103%,6,23,29,0,2,4,23
0x4a0453,90%,6,54,60,42,2,4,12
0x49984c,66.6667%,6,12,18,7,3,3,5
0x9a8a88,98.1873%,6,325,331,325,6,0,0
0x4c80b9,72.7273%,6,16,22,4,1,5,12
0x4b9f22,97.4576%,6,230,236,1,3,3,229
0x973da1,95.2381%,6,120,126,120,6,0,0
0x83761d,88.6792%,6,47,53,41,1,5,6
0x96a5da,91.6667%,6,66,72,66,4,2,0
0x9d04a5,97.2851%,6,215,221,70,0,6,145
0xa467ed,98.2659%,6,340,346,16,2,4,324
0xb46759,96.4072%,6,161,167,0,0,6,161
0x8080a5,99.2883%,6,837,843,278,4,2,559
0xa28845,62.5%,6,10,16,10,6,0,0
0x53abea,94.7826%,6,109,115,109,6,0,0
0x4a748a,91.6667%,6,66,72,66,6,0,0
0x9ee37f,94.5455%,6,104,110,104,6,0,0
0x5420e5,99.1465%,6,697,703,0,0,6,697
0x945ec7,68.4211%,6,13,19,13,6,0,0
0x9745fe,96.0526%,6,146,152,0,0,6,146
0x4c988e,57.1429%,6,8,14,1,6,0,7
0x945fdf,68.4211%,6,13,19,13,6,0,0
0x9e2e70,53.8462%,6,7,13,0,0,6,7
0x9c4194,98.1928%,6,326,332,326,6,0,0
0x8f1b84,95.7447%,6,135,141,1,6,0,134
0x81f9fb,99.2528%,6,797,803,783,4,2,14
0x96ae75,68.4211%,6,13,19,0,0,6,13
0xa48c72,96.4072%,6,161,167,0,0,6,161
0x976eaa,62.5%,6,10,16,10,4,2,0
0x4b83e4,62.5%,6,10,16,0,0,6,10
0x4bc783,96.2025%,6,152,158,147,2,4,5
0x8bc7c5,95.2381%,6,120,126,0,0,6,120
0x783cd1,96.1538%,6,150,156,150,6,0,0
0xa60ccd,97.5%,6,234,240,233,4,2,1
0xb314f1,98.5748%,6,415,421,0,0,6,415
0x804e4a,93.75%,6,90,96,90,4,2,0
0xa60c9e,97.4684%,6,231,237,0,0,6,231
0x9f0ad2,99.3056%,6,858,864,0,0,6,858
0x9e3f73,98.0198%,6,297,303,0,0,6,297
0xa28190,97.1292%,6,203,209,203,6,0,0
0x81b69d,97.0588%,6,198,204,198,4,2,0
0x5bba93,99.572%,6,1396,1402,1396,4,2,0
0x53a581,97.6096%,6,245,251,245,4,2,0
0x90400d,86.0465%,6,37,43,32,0,6,5
0xa34538,94.6903%,6,107,113,0,0,6,107
0x4b5c90,88.6792%,6,47,53,1,2,4,46
0x4bc2b2,96.9543%,6,191,197,191,5,1,0
0x505289,50%,6,6,12,0,0,6,6
0x95ad8c,73.913%,6,17,23,14,5,1,3
0x4bed95,75%,6,18,24,15,4,2,3
0x503884,86.9565%,6,40,46,40,6,0,0
0x6672d1,80.6452%,6,25,31,0,0,6,25
0x8bd969,95.8621%,6,139,145,139,6,0,0
0x811c62,98.5612%,6,411,417,411,6,0,0
0xa8f93e,96.3415%,6,158,164,13,5,1,145
0x9ed59b,86.3636%,6,38,44,38,6,0,0
0x821c2a,97.2093%,6,209,215,0,0,6,209
0x4b5ccd,78.5714%,6,22,28,22,6,0,0
0x4ab54a,80.6452%,6,25,31,25,6,0,0
0x81a0e5,93.4066%,6,85,91,84,3,3,1
0x81f0f7,99.6888%,6,1922,1928,1922,6,0,0
0x8a51f1,76.9231%,6,20,26,0,0,6,20
0xa2923f,62.5%,6,10,16,10,6,0,0
0x973759,85%,6,34,40,0,0,6,34
0x8217fb,98.9726%,6,578,584,0,0,6,578
0x805161,98.8417%,6,512,518,512,4,2,0
0x402349,98.9779%,6,581,587,581,6,0,0
0x44656f,98.9761%,6,580,586,0,0,6,580
0xaa23ef,82.3529%,6,28,34,0,0,6,28
0x606cb2,25%,6,2,8,2,6,0,0
0x51b4c3,98.3827%,6,365,371,0,2,4,365
0x5970e4,98.6957%,6,454,460,0,0,6,454
0xa2923a,62.5%,6,10,16,0,0,6,10
0xa3681f,98.6395%,6,435,441,0,0,6,435
0xa921d9,97.7941%,6,266,272,2,2,4,264
0xa55227,25%,6,2,8,1,3,3,1
0xa464c2,68.4211%,6,13,19,2,3,3,11
0x97bae4,96.129%,6,149,155,41,0,6,108
0xa4112e,82.8571%,6,29,35,6,2,4,23
0x8fff78,40%,6,4,10,0,4,2,4
0x97149a,60%,6,9,15,3,4,2,6
0x97ba82,94.7368%,6,108,114,98,4,2,10
0x8ffeeb,40%,6,4,10,1,3,3,3
0xa59cbc,66.6667%,6,12,18,11,4,2,1
0xa92f03,93.1818%,6,82,88,0,0,6,82
0x8ffdf0,25%,6,2,8,0,2,4,2
0xa15cc8,50%,6,6,12,0,6,0,6
0x8ecf81,98.1132%,6,312,318,312,0,6,0
0x5ad319,98.895%,6,537,543,537,6,0,0
0x80969c,92.4051%,6,73,79,73,4,2,0
0x7ace1c,78.5714%,6,22,28,22,4,2,0
0xa9103b,97.0297%,6,196,202,0,0,6,196
0x96b192,99.3385%,6,901,907,0,0,6,901
0x5f75bb,95.3488%,6,123,129,95,4,2,28
0x8173a1,76%,6,19,25,6,3,3,13
0x8049ac,92%,6,69,75,69,4,2,0
0x959173,62.5%,6,10,16,10,6,0,0
0xa545e5,25%,6,2,8,0,2,4,2
0x4c5ee3,86.0465%,6,37,43,0,2,4,37
0xa2aa17,94.6903%,6,107,113,107,3,3,0
0x4c446e,92.5%,6,74,80,57,3,3,17
0x804647,98.5472%,6,407,413,407,4,2,0
0x4a7224,97.3451%,6,220,226,0,2,4,220
0x4a7a35,86.9565%,6,40,46,0,1,5,40
0xa33e01,97.3684%,6,222,228,199,1,5,23
0xa453af,98.2759%,6,342,348,342,6,0,0
0xa51690,91.3043%,6,63,69,63,6,0,0
0x984308,91.8919%,6,68,74,61,5,1,7
0x4bfd46,93.0233%,6,80,86,0,0,6,80
0xa43be1,97.8648%,6,275,281,0,0,6,275
0x959a44,50%,6,6,12,6,2,4,0
0x7d2111,83.3333%,6,30,36,23,5,1,7
0xa44138,93.0233%,6,80,86,80,6,0,0
0x502e0f,53.8462%,6,7,13,6,4,2,1
0x81e5b4,50%,6,6,12,3,1,5,3
0xa27515,98.1595%,6,320,326,0,0,6,320
0x7d30e0,98.893%,6,536,542,166,6,0,370
0xaa03a8,95.0413%,6,115,121,112,3,3,3
0x5de6e9,99.2593%,6,804,810,804,6,0,0
0x9f959d,94.4954%,6,103,109,103,6,0,0
0xa26050,98.7552%,6,476,482,0,0,6,476
0x4c448f,70%,6,14,20,2,0,6,12
0x816b68,99.5526%,6,1335,1341,1,5,1,1334
0xa97e39,60%,6,9,15,0,0,6,9
0xa2e042,97.5904%,6,243,249,240,4,2,3
0xa95b9a,95.3846%,6,124,130,124,6,0,0
0x809767,40%,6,4,10,2,3,3,2
0x5ebee5,57.1429%,6,8,14,0,0,6,8
0x809753,60%,6,9,15,1,4,2,8
0x82251a,99.1513%,6,701,707,0,2,4,701
0xa63bd7,95.122%,6,117,123,0,0,6,117
0x8dfa57,14.2857%,6,1,7,1,6,0,0
0xa427c7,97.3333%,6,219,225,0,0,6,219
0xa41133,77.7778%,6,21,27,0,0,6,21
0x8e2089,97.2727%,6,214,220,0,0,6,214
0x97b7e5,71.4286%,6,15,21,0,2,4,15
0x5462a4,98.2857%,6,344,350,0,0,6,344
0x94c9bb,90.625%,6,58,64,58,6,0,0
0xa31882,97.2222%,6,210,216,0,0,6,210
0x58dae5,96.0265%,6,145,151,145,6,0,0
0x40ed9e,25%,6,2,8,0,0,6,2
0xa4bbdf,99.0212%,6,607,613,0,4,2,607
0xa35c7f,99.8158%,6,3251,3257,3251,6,0,0
0x8d266a,99.928%,6,8333,8339,0,0,6,8333
0x4bffd4,75%,6,18,24,18,6,0,0
0x60845a,78.5714%,6,22,28,22,6,0,0
0x543b1b,97.1292%,6,203,209,0,0,6,203
0xa41bb2,99.2074%,6,751,757,751,6,0,0
0xa4378f,98.5849%,6,418,424,0,0,6,418
0xa4772a,85.7143%,6,36,42,0,0,6,36
0x49bff5,98.7976%,6,493,499,493,6,0,0
0xa9def1,87.5%,6,42,48,22,5,1,20
0x4ba31b,98.1707%,6,322,328,0,2,4,322
0x40deff,94.4444%,6,102,108,101,4,2,1
0x4a124d,99.4614%,6,1108,1114,16,2,4,1092
0x555f87,97.5806%,6,242,248,242,6,0,0
0x4a6df2,78.5714%,6,22,28,19,5,1,3
0x5f8e97,70%,6,14,20,4,5,1,10
0x9a660f,96.5909%,6,170,176,170,6,0,0
0x8131f5,99.6454%,6,1686,1692,1686,6,0,0
0xa32183,96.9072%,6,188,194,188,2,4,0
0x94a0bd,97.1014%,6,201,207,0,0,6,201
0x9f03b4,98.4334%,6,377,383,0,0,6,377
0x4b9db8,99.5349%,6,1284,1290,1284,6,0,0
0x5462b3,98.2857%,6,344,350,0,0,6,344
0x9f040e,99.3143%,6,869,875,0,0,6,869
0x49b10e,91.5493%,6,65,71,65,4,2,0
0x973d72,93.75%,6,90,96,0,0,6,90
0x9a4570,99.4112%,6,1013,1019,0,0,6,1013
0x9a4685,99.1279%,6,682,688,0,0,6,682
0x959045,90%,6,54,60,0,0,6,54
0x8bcbe3,91.4286%,6,64,70,38,6,0,26
0x8102b2,99.6241%,6,1590,1596,796,2,4,794
0x80680a,85%,6,34,40,7,5,1,27
0x550243,84.6154%,6,33,39,33,6,0,0
0xa51e4f,84.6154%,6,33,39,0,0,6,33
0x58b9f6,40%,6,4,10,4,4,2,0
0x97825b,68.4211%,6,13,19,0,0,6,13
0x80472c,94.8276%,6,110,116,8,1,5,102
0x8ddb34,94.6429%,6,106,112,0,0,6,106
0x975061,25%,6,2,8,0,3,3,2
0xb30180,98.8281%,6,506,512,0,0,6,506
0x8ef59c,95.8333%,6,138,144,4,5,1,134
0x821ece,95.8333%,6,138,144,0,0,6,138
0x80a847,99.2908%,6,840,846,837,4,2,3
0xa33a34,88.6792%,6,47,53,37,2,4,10
0x978549,98.6928%,6,453,459,0,0,6,453
0x499969,40%,6,4,10,4,6,0,0
0x4098ee,97.7273%,6,258,264,0,0,6,258
0x610311,81.8182%,6,27,33,0,0,6,27
0x81bc5b,89.8305%,6,53,59,2,2,4,51
0x61025e,81.8182%,6,27,33,0,0,6,27
0x9aa3b5,83.7838%,6,31,37,0,2,4,31
0xb148c5,99.8591%,6,4252,4258,4252,6,0,0
0x9edcfb,90.625%,6,58,64,0,0,6,58
0x5f4b78,57.1429%,6,8,14,2,5,1,6
0x81e9fa,96.0526%,6,146,152,75,1,5,71
0x4b4eb0,85.3659%,6,35,41,35,4,2,0
0x53ff19,98.5915%,6,420,426,1,3,3,419
0x546a7f,99.2327%,6,776,782,0,4,2,776
0x5bc409,99.3795%,6,961,967,0,3,3,961
0x8deac8,95.3125%,6,122,128,122,6,0,0
0x53415f,94.0594%,6,95,101,0,0,6,95
0x58c257,97.2973%,6,216,222,216,6,0,0
0x53e371,99.8094%,6,3142,3148,0,0,6,3142
0x4b8771,45.4545%,6,5,11,4,0,6,1
0x492ace,96.3636%,6,159,165,159,4,2,0
0x8f19ac,87.5%,6,42,48,0,0,6,42
0xa334fb,99.8681%,6,4544,4550,0,0,6,4544
0x696545,98.4887%,6,391,397,0,0,6,391
0x410009,87.7551%,6,43,49,42,5,1,1
0x8e0297,98.8636%,6,522,528,519,5,1,3
0x58fda1,99.9174%,6,7256,7262,7256,6,0,0
0x5f5231,73.913%,6,17,23,6,5,1,11
0x8fc44d,90.9091%,6,60,66,0,0,6,60
0x537a94,86.3636%,6,38,44,0,0,6,38
0x4bbb73,97.0588%,6,198,204,198,5,1,0
0x591b9d,94.4954%,6,103,109,0,0,6,103
0xa1b580,53.8462%,6,7,13,1,4,2,6
0xa326c1,70%,6,14,20,14,4,2,0
0x49c3e7,40%,6,4,10,1,1,5,3
0x4bbf01,99.3711%,6,948,954,0,0,6,948
0x58d238,90.3226%,6,56,62,56,6,0,0
0xa01dfa,0%,6,0,6,0,2,4,0
0x55619c,97.551%,6,239,245,239,2,4,0
0x8fe5a9,98.5612%,6,411,417,0,0,6,411
0x40edb6,25%,6,2,8,2,4,2,0
0xae7041,91.4286%,6,64,70,64,6,0,0
0x4044c1,99.5455%,6,1314,1320,1314,6,0,0
0x9ab7d3,99.5559%,6,1345,1351,0,0,6,1345
0x8fecc3,97.7358%,6,259,265,0,0,6,259
0x4aaff2,45.4545%,6,5,11,5,6,0,0
0x9a1dc3,60%,6,9,15,0,0,6,9
0xa39432,57.1429%,6,8,14,8,6,0,0
0xa54287,94.1176%,6,96,102,0,0,6,96
0x8f1a9a,95.8333%,6,138,144,0,0,6,138
0x98cb14,97.3451%,6,220,226,6,1,5,214
0x98cbc1,97.4576%,6,230,236,7,3,3,223
0x944c75,99.1701%,6,717,723,717,6,0,0
0x4a9553,95.4887%,6,127,133,127,5,1,0
0x5b04d1,90.4762%,6,57,63,57,6,0,0
0x5409b1,57.1429%,6,8,14,8,6,0,0
0x8fd01a,95.9184%,6,141,147,0,0,6,141
0x4a9535,95.4887%,6,127,133,0,0,6,127
0x88e94f,84.6154%,6,33,39,0,0,6,33
0x8f2139,84.6154%,6,33,39,0,0,6,33
0x6804f6,99.8689%,6,4569,4575,0,0,6,4569
0x54db36,92.3077%,6,72,78,35,4,2,37
0x65bbf6,98.8119%,6,499,505,0,0,6,499
0x404004,40%,6,4,10,0,0,6,4
0x8fecdc,97.7358%,6,259,265,0,0,6,259
0xaa1453,86.6667%,6,39,45,39,6,0,0
0x4b6ef1,78.5714%,6,22,28,0,0,6,22
0x5e353e,99.605%,6,1513,1519,0,0,6,1513
0x94db3c,98.9779%,6,581,587,0,0,6,581
0x4bcba8,85.7143%,6,36,42,36,3,3,0
0x9a3267,92%,6,69,75,7,0,6,62
0x80a68e,97.1429%,6,204,210,204,4,2,0
0x54cda7,68.4211%,6,13,19,13,6,0,0
0x9a1c3a,87.234%,6,41,47,22,4,2,19
0x9a1b97,71.4286%,6,15,21,15,6,0,0
0x678d9d,73.913%,6,17,23,17,6,0,0
0x534adb,89.2857%,6,50,56,0,0,6,50
0x40db64,99.9281%,6,8337,8343,0,0,6,8337
0x99c963,99.2958%,6,846,852,11,2,4,835
0x9a3be7,53.8462%,6,7,13,7,1,5,0
0x8ed0fa,0%,6,0,6,0,0,6,0
0x8080d3,99.2883%,6,837,843,837,4,2,0
0xa5a08a,14.2857%,6,1,7,0,4,2,1
0x8e1dae,0%,6,0,6,0,6,0,0
0x4b6b66,90.1639%,6,55,61,32,3,3,23
0x627877,99.7152%,6,2101,2107,2101,6,0,0
0x9f19c1,98.4334%,6,377,383,0,0,6,377
0x403049,91.3043%,6,63,69,63,6,0,0
0x50ccf9,98.3516%,6,358,364,358,6,0,0
0x9a0f5d,71.4286%,6,15,21,15,6,0,0
0x58dc1d,96.0265%,6,145,151,140,5,1,5
0x6707c2,14.2857%,6,1,7,1,0,6,0
0x609600,92.7711%,6,77,83,0,0,6,77
0x659efc,68.4211%,6,13,19,13,6,0,0
0x639c3e,99.0798%,6,646,652,646,6,0,0
0xa58873,94.8276%,6,110,116,0,0,6,110
0x59c66f,66.6667%,6,12,18,12,6,0,0
0x812675,99.8975%,6,5847,5853,0,0,6,5847
0x9f6ca0,53.8462%,6,7,13,7,6,0,0
0xa3fc87,93.0233%,6,80,86,11,3,3,69
0x64adb1,99.7744%,6,2653,2659,0,0,6,2653
0x901a06,89.4737%,6,51,57,51,6,0,0
0x4036cf,99.2415%,6,785,791,10,2,4,775
0x550e57,82.3529%,6,28,34,0,0,6,28
0x9f58d7,96.9072%,6,188,194,188,6,0,0
0x4a9d2a,73.913%,6,17,23,11,5,1,6
0x534b2c,92.5926%,6,75,81,0,0,6,75
0x8a66f3,53.8462%,6,7,13,5,4,2,2
0x99f64b,94.1176%,6,96,102,0,0,6,96
0x813c76,99.3631%,6,936,942,936,6,0,0
0x72363b,99.5851%,6,1440,1446,0,0,6,1440
0x598f08,68.4211%,6,13,19,13,5,1,0
0x908550,99.7229%,6,2159,2165,2103,2,4,56
0x8a5f5b,92.9412%,6,79,85,1,2,4,78
0xa29d71,62.5%,6,10,16,10,6,0,0
0x609ea2,99.0212%,6,607,613,0,0,6,607
0x4038de,98.3287%,6,353,359,2,4,2,351
0x9a1339,80%,6,24,30,0,0,6,24
0x4022d6,99.6639%,6,1779,1785,0,0,6,1779
0x492d52,91.6667%,6,66,72,0,0,6,66
0x49367e,95.3125%,6,122,128,122,6,0,0
0x4936d4,95.3125%,6,122,128,0,3,3,122
0x9d0c1d,88.2353%,6,45,51,45,6,0,0
0x8e5a42,97.1154%,6,202,208,202,6,0,0
0x9a1467,97.0443%,6,197,203,67,2,4,130
0x65a2fc,99.776%,6,2673,2679,2628,3,3,45
0x4c63e6,79.3103%,6,23,29,3,2,4,20
0x9f4093,81.8182%,6,27,33,26,4,2,1
0x5af54d,90.3226%,6,56,62,56,6,0,0
0x8a8fe6,99.3197%,6,876,882,875,5,1,1
0xb179af,99.4345%,6,1055,1061,0,0,6,1055
0x505e1d,99.1892%,6,734,740,734,6,0,0
0x559058,98.2609%,6,339,345,9,3,3,330
0xa32862,95.5224%,6,128,134,128,6,0,0
0xa50e8f,98.324%,6,352,358,0,0,6,352
0x973369,85.7143%,6,36,42,29,4,2,7
0x40e8ee,95.2381%,6,120,126,114,2,4,6
0x5eb8c9,99.2974%,6,848,854,0,0,6,848
0xb499ab,45.4545%,6,5,11,0,0,6,5
0x8127ce,86.9565%,6,40,46,32,5,1,8
0x90be59,94.958%,6,113,119,0,0,6,113
0x80e949,99.4413%,6,1068,1074,1068,0,6,0
0xad4505,0%,6,0,6,0,0,6,0
0x6841d6,25%,6,2,8,0,0,6,2
0x592bf1,84.2105%,6,32,38,19,0,6,13
0x9bd2f4,91.0448%,6,61,67,1,3,3,60
0x50ce54,88.4615%,6,46,52,46,6,0,0
0x5de389,99.5165%,6,1235,1241,0,0,6,1235
0x483c99,68.4211%,6,13,19,13,6,0,0
0xa02bc2,92.1053%,6,70,76,70,4,2,0
0x4826cb,68.4211%,6,13,19,13,6,0,0
0xa1af4b,86.3636%,6,38,44,37,3,3,1
0x5cb075,99.3228%,6,880,886,0,0,6,880
0x8a7751,98.0132%,6,296,302,6,6,0,290
0x482d06,84.2105%,6,32,38,32,6,0,0
0x977dcd,95.0413%,6,115,121,0,0,6,115
0x911012,98.6239%,6,430,436,0,0,6,430
0x60844a,92.1053%,6,70,76,46,2,4,24
0x534ba7,90.9091%,6,60,66,7,2,4,53
0x5423a5,97.2603%,6,213,219,0,0,6,213
0x5ef99f,92.7711%,6,77,83,63,3,3,14
0x48108f,68.4211%,6,13,19,13,6,0,0
0x63f3f7,97%,6,194,200,194,6,0,0
0x4aae11,85%,6,34,40,0,1,5,34
0x8f4961,99.5662%,6,1377,1383,1362,5,1,15
0x5ebcfa,60%,6,9,15,0,0,6,9
0x58e427,94.6903%,6,107,113,2,2,4,105
0x7b2aa6,86.3636%,6,38,44,0,0,6,38
0x5c51a0,90.4762%,6,57,63,12,0,6,45
0x5bb760,99.572%,6,1396,1402,1396,4,2,0
0x8ff741,57.1429%,6,8,14,0,0,6,8
0x488a72,99.6186%,6,1567,1573,0,0,6,1567
0x539683,97.2477%,6,212,218,109,0,6,103
0x9713b1,57.1429%,6,8,14,2,5,1,6
0x483983,79.3103%,6,23,29,0,0,6,23
0x47f1b6,68.4211%,6,13,19,13,6,0,0
0x4aac44,85.3659%,6,35,41,35,6,0,0
0x4c4f59,64.7059%,6,11,17,0,0,6,11
0x48dd9b,96.9697%,6,192,198,0,0,6,192
0x5c33cc,97.2851%,6,215,221,215,6,0,0
0x977784,99.3197%,6,876,882,876,6,0,0
0x403b55,98.9916%,6,589,595,589,6,0,0
0xa3ba4d,95.8333%,6,138,144,1,3,3,137
0x8a97e6,99.954%,6,13046,13052,0,0,6,13046
0x627a50,97.6471%,6,249,255,249,6,0,0
0x8e2f71,99.6965%,6,1971,1977,0,0,6,1971
0x406c78,89.6552%,6,52,58,52,6,0,0
0x9c3c66,83.3333%,6,30,36,0,2,4,30
0x83a9b3,60%,6,9,15,8,4,2,1
0x5a9668,25%,6,2,8,1,4,2,1
0x48d988,99.3213%,6,878,884,0,0,6,878
0x9f4ef3,95.0413%,6,115,121,8,1,5,107
0x977af9,99.3197%,6,876,882,874,1,5,2
0x780eea,99.3617%,6,934,940,934,6,0,0
0x8bb683,73.913%,6,17,23,9,1,5,8
0x8fe9d3,99.8211%,6,3348,3354,0,0,6,3348
0x80b974,96.9849%,6,193,199,193,4,2,0
0xa2815f,98.1928%,6,326,332,0,0,6,326
0x4ac768,70%,6,14,20,14,6,0,0
0xaab136,99.7677%,6,2577,2583,0,0,6,2577
0x8c91e7,99.3274%,6,886,892,886,4,2,0
0x501b16,99.2443%,6,788,794,0,0,6,788
0x58c597,50%,6,6,12,2,2,4,4
0x64f1f7,72.7273%,6,16,22,2,3,3,14
0x5d7cf9,93.0233%,6,80,86,80,6,0,0
0x495bd0,68.4211%,6,13,19,13,6,0,0
0x590d17,85.7143%,6,36,42,14,6,0,22
0x7bac3b,68.4211%,6,13,19,2,3,3,11
0x7c7519,62.5%,6,10,16,0,0,6,10
0x9d24fa,53.8462%,6,7,13,1,0,6,6
0xa4bc40,96.6667%,6,174,180,0,0,6,174
0x557b9c,90.7692%,6,59,65,51,6,0,8
0x60722e,70%,6,14,20,14,6,0,0
0x99b8ee,76.9231%,6,20,26,20,6,0,0
0x546286,98.2857%,6,344,350,0,0,6,344
0x4ac7ef,70%,6,14,20,5,2,4,9
0x4aca6d,60%,6,9,15,9,6,0,0
0x8fe5b2,98.5612%,6,411,417,411,6,0,0
0x5fea20,90.3226%,6,56,62,0,0,6,56
0x4a1354,98.7152%,6,461,467,0,0,6,461
0xa35f62,88%,6,44,50,31,4,2,13
0x4a6f0c,98.8258%,6,505,511,0,0,6,505
0xa583af,95.122%,6,117,123,0,0,6,117
0xaae78e,87.234%,6,41,47,41,6,0,0
0x8f4d2d,99.7565%,6,2458,2464,2455,3,3,3
0x6127fa,92.6829%,6,76,82,6,6,0,70
0x5b2133,66.6667%,6,12,18,12,6,0,0
0x8a518a,98.8281%,6,506,512,506,4,2,0
0x47fa1f,68.4211%,6,13,19,13,6,0,0
0x47fe0f,68.4211%,6,13,19,13,6,0,0
0x490cad,70%,6,14,20,2,1,5,12
0x6672db,80.6452%,6,25,31,0,0,6,25
0x6087cb,97%,6,194,200,0,0,6,194
0xa26d19,0%,6,0,6,0,6,0,0
0x8a651f,57.1429%,6,8,14,1,3,3,7
0x9b9253,92.7711%,6,77,83,77,4,2,0
0x6809c2,98.778%,6,485,491,0,0,6,485
0x490c79,76.9231%,6,20,26,2,1,5,18
0x8daddb,99.7779%,6,2696,2702,0,0,6,2696
0x8ab512,98.0392%,6,300,306,300,6,0,0
0x404772,99.0228%,6,608,614,11,1,5,597
0x5b18b8,57.1429%,6,8,14,8,6,0,0
0x8b9867,99.9381%,6,9693,9699,0,0,6,9693
0x65db26,98.324%,6,352,358,0,0,6,352
0x991396,94.4444%,6,102,108,102,6,0,0
0x94cfa8,87.234%,6,41,47,41,6,0,0
0x4a7c74,50%,6,6,12,5,1,5,1
0x5904b4,91.4286%,6,64,70,63,5,1,1
0x5f287a,80.6452%,6,25,31,22,4,2,3
0x50165d,99.4042%,6,1001,1007,0,0,6,1001
0x5cf3ac,99.6844%,6,1895,1901,0,0,6,1895
0x8e6e58,98.1873%,6,325,331,325,6,0,0
0x4813bd,68.4211%,6,13,19,10,6,0,3
0x7cdf21,99.2424%,6,786,792,0,0,6,786
0x49bf87,0%,6,0,6,0,0,6,0
0xa449ea,99.04%,6,619,625,0,0,6,619
0x9e89ba,95.8621%,6,139,145,139,6,0,0
0x67adab,99.7824%,6,2751,2757,2751,6,0,0
0xa969e6,62.5%,6,10,16,8,3,3,2
0x543f9d,99.564%,6,1370,1376,1370,6,0,0
0xaa4f2e,95.9184%,6,141,147,141,6,0,0
0x609dc7,96.9072%,6,188,194,0,0,6,188
0x5e0316,95.8621%,6,139,145,139,6,0,0
0x499659,95.2756%,6,121,127,121,6,0,0
0x5d2847,95.8621%,6,139,145,139,6,0,0
0x9e89ac,95.8621%,6,139,145,0,0,6,139
0x5cb907,93.0233%,6,80,86,80,6,0,0
0xaadf05,99.9329%,6,8938,8944,8938,6,0,0
0x5ea9c5,97.2727%,6,214,220,207,5,1,7
0x9e8952,95.8621%,6,139,145,0,0,6,139
0x9e892a,95.8904%,6,140,146,0,1,5,140
0x480967,68.4211%,6,13,19,0,0,6,13
0xa92632,96.8254%,6,183,189,0,0,6,183
0x9fb78d,97.2093%,6,209,215,209,6,0,0
0x9045bd,98.7952%,6,492,498,0,0,6,492
0x8ebe58,99.5146%,6,1230,1236,1230,4,2,0
0x50240e,98.9343%,6,557,563,0,0,6,557
0x480566,84.2105%,6,32,38,32,6,0,0
0xa512a9,62.5%,6,10,16,0,4,2,10
0xa43b7c,95.4198%,6,125,131,125,6,0,0
0x48ebdf,75%,6,18,24,11,1,5,7
0x4bc0e7,60%,6,9,15,9,6,0,0
0x4ba7a4,98.2456%,6,336,342,45,3,3,291
0x7c7188,86.3636%,6,38,44,0,0,6,38
0xa4541f,98.2759%,6,342,348,0,4,2,342
0x8337ed,50%,6,6,12,6,4,2,0
0x81936d,91.1765%,6,62,68,29,5,1,33
0x8ad93a,64.7059%,6,11,17,11,6,0,0
0x4c51e3,98.2301%,6,333,339,15,6,0,318
0x4c9896,14.2857%,6,1,7,1,5,1,0
0x9f3a70,95.122%,6,117,123,117,1,5,0
0xaada0f,97.6471%,6,249,255,0,0,6,249
0x8b9c32,99.7426%,6,2325,2331,2325,6,0,0
0x5925ac,95%,6,114,120,0,2,4,114
0x8ed508,99.8708%,6,4638,4644,4638,0,6,0
0x488e69,96.1538%,6,150,156,150,2,4,0
0x8f0a72,94.8718%,6,111,117,111,6,0,0
0x67cf01,57.1429%,6,8,14,8,6,0,0
0xa34b66,92%,6,69,75,69,6,0,0
0x81f910,99.7037%,6,2019,2025,2019,6,0,0
0x54089f,50%,6,6,12,0,6,0,6
0xa338c0,94.8276%,6,110,116,108,1,5,2
0x8ed543,66.6667%,6,12,18,0,6,0,12
0x63fd73,99.7871%,6,2812,2818,1855,2,4,957
0xa41eb8,97.5309%,6,237,243,212,0,6,25
0x63fbcb,99.3757%,6,955,961,0,0,6,955
0x81cd6d,96.7033%,6,176,182,0,5,1,176
0x7c6396,96%,6,144,150,0,0,6,144
0x4051ac,99.9161%,6,7146,7152,0,0,6,7146
0x4045e7,97.3214%,6,218,224,4,3,3,214
0x50b199,86.3636%,6,38,44,38,2,4,0
0x90d35a,95.1613%,6,118,124,118,6,0,0
0x50ffa9,96.5714%,6,169,175,169,6,0,0
0x8b9f71,60%,6,9,15,0,4,2,9
0x5fad0b,0%,6,0,6,0,0,6,0
0x6484a8,97.6471%,6,249,255,166,4,2,83
0x5bb3f8,90.9091%,6,60,66,0,2,4,60
0x8a9e9d,99.0726%,6,641,647,0,0,6,641
0x4057f1,99.7578%,6,2471,2477,2471,6,0,0
0x9e3c96,99.5402%,6,1299,1305,5,2,4,1294
0x9aa0e4,88.8889%,6,48,54,0,0,6,48
0x64b626,99.2347%,6,778,784,0,0,6,778
0xa936e7,97.6562%,6,250,256,250,6,0,0
0x507d1d,66.6667%,6,12,18,12,2,4,0
0x9a230f,60%,6,9,15,0,0,6,9
0x8051c0,98.1818%,6,324,330,324,6,0,0
0x8119a7,99.2925%,6,842,848,838,5,1,4
0xad452d,0%,6,0,6,0,1,5,0
0x80a8d6,99.2941%,6,844,850,0,2,4,844
0x8f56ab,50%,6,6,12,6,6,0,0
0x48f0b2,95.3488%,6,123,129,123,3,3,0
0xa02212,77.7778%,6,21,27,0,0,6,21
0xa9db1a,89.0909%,6,49,55,39,2,4,10
0x9eb1bd,89.6552%,6,52,58,0,0,6,52
0x7d2c38,98.2906%,6,345,351,329,3,3,16
0x6670f8,94.958%,6,113,119,0,0,6,113
0x541818,98.8439%,6,513,519,513,6,0,0
0x9497ae,92.4051%,6,73,79,0,0,6,73
0x8fcdc3,86.3636%,6,38,44,0,0,6,38
0xa901cd,90.4762%,6,57,63,34,4,2,23
0x404b70,95%,6,114,120,108,3,3,6
0x81de0d,99.7842%,6,2774,2780,2773,0,6,1
0x8fef8d,98.6395%,6,435,441,435,6,0,0
0x4b9a92,53.8462%,6,7,13,3,6,0,4
0x5560d0,97.0443%,6,197,203,197,6,0,0
0x808333,77.7778%,6,21,27,21,2,4,0
0x557ba8,25%,6,2,8,2,6,0,0
0x69656f,98.4887%,6,391,397,391,6,0,0
0x9099b1,99.6769%,6,1851,1857,1851,6,0,0
0x53a0df,79.3103%,6,23,29,23,6,0,0
0xa37231,25%,6,2,8,2,2,4,0
0xa4fece,97.6285%,6,247,253,247,2,4,0
0x50e10c,85.7143%,6,36,42,36,6,0,0
0x63dfe1,99.3757%,6,955,961,955,6,0,0
0x5fa789,99.2042%,6,748,754,0,0,6,748
0x7c7b99,93.8144%,6,91,97,0,0,6,91
0x8fc48d,99.3435%,6,908,914,0,0,6,908
0x980b5f,91.8919%,6,68,74,68,3,3,0
0x984113,89.0909%,6,49,55,0,0,6,49
0x81a319,99.2745%,6,821,827,0,0,6,821
0x9840d9,91.8919%,6,68,74,68,6,0,0
0x63906a,98.1538%,6,319,325,0,0,6,319
0x5bd4c5,99.6894%,6,1926,1932,1926,6,0,0
0x5c4d0c,96.4497%,6,163,169,0,0,6,163
0x983ef8,95.6522%,6,132,138,70,4,2,62
0x492d8c,90.7692%,6,59,65,59,4,2,0
0x981383,92%,6,69,75,0,0,6,69
0x9021e4,94.8718%,6,111,117,0,0,6,111
0xa40fad,45.4545%,6,5,11,0,0,6,5
0xa08f1e,90.625%,6,58,64,58,1,5,0
0x63e504,98.6143%,6,427,433,19,5,1,408
0x53d917,99.6401%,6,1661,1667,0,0,6,1661
0x5971e0,97.9167%,6,282,288,0,0,6,282
0x48313a,79.3103%,6,23,29,23,6,0,0
0x983f8b,95.6522%,6,132,138,69,5,1,63
0x4acbda,60%,6,9,15,7,5,1,2
0x9c4feb,25%,6,2,8,1,3,3,1
0xa025be,99.5979%,6,1486,1492,0,0,6,1486
0x9099d6,99.4671%,6,1120,1126,1120,6,0,0
0xa9c75b,95.7746%,6,136,142,136,6,0,0
0xa46525,98.7705%,6,482,488,482,6,0,0
0x63fbab,99.6769%,6,1851,1857,1851,6,0,0
0x81fa25,99.2376%,6,781,787,17,3,3,764
0x6f45df,0%,6,0,6,0,6,0,0
0xa368c8,98.6207%,6,429,435,0,3,3,429
0x90e2c7,96.25%,6,154,160,154,6,0,0
0xa6632d,77.7778%,6,21,27,15,3,3,6
0x98cd77,82.8571%,6,29,35,0,0,6,29
0x8fce1b,86.3636%,6,38,44,0,0,6,38
0xb48b5e,99.4297%,6,1046,1052,4,0,6,1042
0x9e2a60,91.8919%,6,68,74,0,0,6,68
0xa5782a,85.7143%,6,36,42,24,4,2,12
0x90a5bc,86.3636%,6,38,44,38,6,0,0
0x90a646,86.3636%,6,38,44,27,6,0,11
0x9e14b7,79.3103%,6,23,29,23,6,0,0
0x95929f,95.3125%,6,122,128,0,0,6,122
0x90e665,99.3414%,6,905,911,0,0,6,905
0x40ea3a,98.1308%,6,315,321,2,2,4,313
0x59321d,78.5714%,6,22,28,11,3,3,11
0x4b6ed4,80.6452%,6,25,31,0,0,6,25
0x9e01f4,78.5714%,6,22,28,0,0,6,22
0x6a3ad8,84.2105%,6,32,38,23,3,3,9
0x49c5f7,98.7041%,6,457,463,0,6,0,457
0x901a30,97.619%,6,246,252,246,6,0,0
0x910e23,99.456%,6,1097,1103,41,3,3,1056
0xaaa3a4,91.4286%,6,64,70,64,6,0,0
0x9eed58,0%,6,0,6,0,6,0,0
0x8dc2a8,94.5455%,6,104,110,104,6,0,0
0x643d16,99.5795%,6,1421,1427,1421,6,0,0
0x8ff6fb,96.8254%,6,183,189,0,1,5,183
0x6a3a6b,76.9231%,6,20,26,0,0,6,20
0x67f2d1,97.6923%,6,254,260,254,6,0,0
0x68374c,92.5926%,6,75,81,31,3,3,44
0x980fba,91.0448%,6,61,67,60,5,1,1
0x5f10dc,83.3333%,6,30,36,30,6,0,0
0x9ff641,53.8462%,6,7,13,4,4,2,3
0x4414b7,89.4737%,6,51,57,0,0,6,51
0x8e3289,99.6965%,6,1971,1977,0,0,6,1971
0x6071d4,70%,6,14,20,14,6,0,0
0x8ffbdb,99.8051%,6,3073,3079,1,1,5,3072
0xaa3951,53.8462%,6,7,13,7,1,5,0
0xa511f2,53.8462%,6,7,13,7,3,3,0
0x959032,95.7447%,6,135,141,75,6,0,60
0x50d093,92.8571%,6,78,84,0,0,6,78
0x6416a6,99.6276%,6,1605,1611,1605,6,0,0
0x811c26,99.2198%,6,763,769,32,5,1,731
0x9730ca,76%,6,19,25,19,6,0,0
0x8ea94f,99.5102%,6,1219,1225,0,0,6,1219
0x5bce3b,99.3776%,6,958,964,958,6,0,0
0xa578ab,85.3659%,6,35,41,0,0,6,35
0xa447fd,88.4615%,6,46,52,46,4,2,0
0xa46c68,93.75%,6,90,96,90,6,0,0
0x816ce1,99.5142%,6,1229,1235,1229,5,1,0
0x512b03,99.1826%,6,728,734,728,6,0,0
0x9ea692,96.4072%,6,161,167,36,3,3,125
0x77ccd2,62.5%,6,10,16,1,3,3,9
0x604358,50%,6,6,12,0,0,6,6
0x971268,40%,6,4,10,2,3,3,2
0x905aad,97.9866%,6,292,298,292,6,0,0
0x4b839f,45.4545%,6,5,11,5,6,0,0
0x406c95,89.6552%,6,52,58,0,0,6,52
0xa01c06,91.1765%,6,62,68,62,4,2,0
0x60a5ba,14.2857%,6,1,7,0,0,6,1
0x8a2382,50%,6,6,12,0,2,4,6
0x63b3bb,99.7179%,6,2121,2127,2121,6,0,0
0x7810c0,95.9459%,6,142,148,96,1,5,46
0x917886,96.2963%,6,156,162,9,3,3,147
0xa9b9e6,70%,6,14,20,14,6,0,0
0x67f731,94.3396%,6,100,106,0,0,6,100
0xa392d0,57.1429%,6,8,14,8,6,0,0
0x501895,98.9267%,6,553,559,553,6,0,0
0x64758a,71.4286%,6,15,21,15,6,0,0
0x545c48,99.765%,6,2547,2553,2547,6,0,0
0x949f42,97.3094%,6,217,223,217,6,0,0
0xa265ba,99.4077%,6,1007,1013,1007,6,0,0
0x670678,70%,6,14,20,12,5,1,2
0x81b841,50%,6,6,12,4,2,4,2
0x50187c,98.9286%,6,554,560,0,1,5,554
0x943db5,95.6835%,6,133,139,133,6,0,0
0x49c0d6,93.6842%,6,89,95,89,6,0,0
0x6774b9,91.5493%,6,65,71,0,0,6,65
0x5591dd,99.2188%,6,762,768,0,4,2,762
0x5f2007,81.8182%,6,27,33,0,0,6,27
0x90a17b,99.4152%,6,1020,1026,0,0,6,1020
0x8dbb4c,98.0952%,6,309,315,309,6,0,0
0x8a71e0,99.4408%,6,1067,1073,0,0,6,1067
0x909182,99.6769%,6,1851,1857,0,0,6,1851
0x8f19ca,87.5%,6,42,48,42,6,0,0
0x5521be,99.4302%,6,1047,1053,1047,6,0,0
0x9f2877,98.951%,6,566,572,566,6,0,0
0x8ea466,62.5%,6,10,16,10,2,4,0
0x60c4d0,99.6562%,6,1739,1745,0,0,6,1739
0x5062d0,99.0726%,6,641,647,0,0,6,641
0x491a02,92.4051%,6,73,79,73,4,2,0
0x81313e,99.7636%,6,2532,2538,0,0,6,2532
0x90d386,98.9983%,6,593,599,0,0,6,593
0x48ab53,99.9291%,6,8452,8458,0,0,6,8452
0xa25b00,99.4077%,6,1007,1013,0,0,6,1007
0x6472ce,70%,6,14,20,2,3,3,12
0xaa1148,83.3333%,6,30,36,0,0,6,30
0x911a82,99.6751%,6,1841,1847,0,0,6,1841
0xa94755,79.3103%,6,23,29,0,0,6,23
0x8fddbd,99.2021%,6,746,752,0,0,6,746
0x9f3a1b,25%,6,2,8,1,3,3,1
0xa458f0,99.1292%,6,683,689,683,6,0,0
0x8f0ab3,85.7143%,6,36,42,36,6,0,0
0x97a476,66.6667%,6,12,18,1,3,3,11
0x647e6a,88.2353%,6,45,51,45,6,0,0
0x5f13e8,85%,6,34,40,0,0,6,34
0x53375b,84.2105%,6,32,38,26,2,4,6
0x5f1380,83.3333%,6,30,36,14,6,0,16
0x8fe3db,98.1873%,6,325,331,0,0,6,325
0x503123,96.8421%,6,184,190,0,0,6,184
0x550f28,64.7059%,6,11,17,0,0,6,11
0xa39e51,99.5871%,6,1447,1453,0,0,6,1447
0x4b9c87,91.5493%,6,65,71,34,6,0,31
0x49b231,99.8239%,6,3402,3408,3402,6,0,0
0x9eb387,91.8919%,6,68,74,0,2,4,68
0xb18082,99.5828%,6,1432,1438,0,0,6,1432
0x837a01,87.5%,6,42,48,24,4,2,18
0x4b6730,45.4545%,6,5,11,0,0,6,5
0x7efe7d,96.4286%,6,162,168,13,6,0,149
0xa27653,99.7085%,6,2052,2058,2052,6,0,0
0x679c49,99.6599%,6,1758,1764,1368,1,5,390
0x47c6d1,57.1429%,6,8,14,8,4,2,0
0x8e5258,99.606%,6,1517,1523,0,0,6,1517
0x901977,98.3193%,6,351,357,338,0,6,13
0x901b6d,97.6562%,6,250,256,0,6,0,250
0xb17eaa,99.4345%,6,1055,1061,1055,6,0,0
0x5561b1,97.5806%,6,242,248,242,6,0,0
0x48584c,50%,6,6,12,6,3,3,0
0x8eedef,95.7143%,6,134,140,130,1,5,4
0x5454b5,88.2353%,6,45,51,0,2,4,45
0x67064d,70%,6,14,20,0,0,6,14
0x5fb223,94.7826%,6,109,115,37,5,1,72
0x49622b,50%,6,6,12,1,5,1,5
0x9e6dcb,98.2659%,6,340,346,0,4,2,340
0x81bc33,97.0874%,6,200,206,0,2,4,200
0x540cfe,99.6583%,6,1750,1756,0,2,4,1750
0xa02fca,91.1765%,6,62,68,62,6,0,0
0x9e2461,97.235%,6,211,217,211,6,0,0
0xa03163,91.8919%,6,68,74,68,4,2,0
0xb2b549,98.2659%,6,340,346,340,6,0,0
0x67044b,95.4887%,6,127,133,0,0,6,127
0xa02f45,92.1053%,6,70,76,70,4,2,0
0x534dee,99.7989%,6,2978,2984,0,0,6,2978
0x9f8fd5,95.3125%,6,122,128,0,0,6,122
0x4bcdfc,60%,6,9,15,8,2,4,1
0x805720,94.3396%,6,100,106,100,4,2,0
0x67f66f,94.3396%,6,100,106,0,0,6,100
0x4b5103,40%,6,4,10,2,0,6,2
0x8a762e,97.6654%,6,251,257,251,5,1,0
0xa8a7e0,96.5714%,6,169,175,169,6,0,0
0x9f455e,92.5%,6,74,80,74,6,0,0
0x63a7da,97%,6,194,200,194,6,0,0
0xa358ee,99.4006%,6,995,1001,0,0,6,995
0x503f18,33.3333%,6,3,9,2,6,0,1
0xa0187d,98.8372%,6,510,516,100,4,2,410
0x8e23c6,99.9465%,6,11199,11205,0,0,6,11199
0x5bd280,99.3776%,6,958,964,0,0,6,958
0x511e81,99.6471%,6,1694,1700,1694,6,0,0
0x78d85f,99.0625%,6,634,640,17,4,2,617
0x40a939,82.8571%,6,29,35,29,3,3,0
0x63f410,97%,6,194,200,194,4,2,0
0x9eb671,91.0448%,6,61,67,1,3,3,60
0x487d89,57.1429%,6,8,14,8,6,0,0
0x6cec65,53.8462%,6,7,13,7,6,0,0
0x901b88,97.6%,6,244,250,0,0,6,244
0xa907cf,97.3684%,6,222,228,222,6,0,0
0x4a5cc2,89.2857%,6,50,56,50,6,0,0
0x5095a7,66.6667%,6,12,18,12,6,0,0
0x4bb26f,98.6985%,6,455,461,0,0,6,455
0xa02606,99.5979%,6,1486,1492,0,0,6,1486
0x9eef34,96.4706%,6,164,170,164,6,0,0
0x5ff3bb,62.5%,6,10,16,5,5,1,5
0x8336a4,94.8276%,6,110,116,110,4,2,0
0xa2a7f1,25%,6,2,8,0,6,0,2
0x53d909,99.6401%,6,1661,1667,1661,6,0,0
0x8ad6be,93.2584%,6,83,89,80,4,2,3
0x50e3e4,88.6792%,6,47,53,1,3,3,46
0x50e5ac,70%,6,14,20,14,6,0,0
0x50c628,86.9565%,6,40,46,0,0,6,40
0x4bed76,97.5104%,6,235,241,212,3,3,23
0x7810d8,88.2353%,6,45,51,45,6,0,0
0x818a2b,99.9462%,6,11147,11153,0,0,6,11147
0x599159,99.8798%,6,4987,4993,0,0,6,4987
0x911447,99.1292%,6,683,689,683,6,0,0
0x51b358,98.7879%,6,489,495,68,3,3,421
0x9d0b4d,88.2353%,6,45,51,0,0,6,45
0x9fec8c,80%,6,24,30,24,6,0,0
0x58c551,82.3529%,6,28,34,17,5,1,11
0x643a25,75%,6,18,24,8,2,4,10
0xa92d29,97.3451%,6,220,226,0,0,6,220
0xa5f851,98.125%,6,314,320,314,6,0,0
0x48bfa9,40%,6,4,10,0,0,6,4
0x51c41d,99.5004%,6,1195,1201,1195,6,0,0
0x9805a9,93.8144%,6,91,97,46,1,5,45
0x9d01e3,98.2857%,6,344,350,1,3,3,343
0xa91cbb,97.9866%,6,292,298,0,0,6,292
0x814cfd,99.2925%,6,842,848,842,4,2,0
0x8da22f,99.0017%,6,595,601,595,6,0,0
0x4a75af,91.6667%,6,66,72,0,0,6,66
0x5fe81b,92.2078%,6,71,77,17,4,2,54
0x51036e,99.5965%,6,1481,1487,1481,6,0,0
0x8aacf6,72.7273%,6,16,22,16,6,0,0
0x53dc8d,40%,6,4,10,4,6,0,0
0x5f8189,96%,6,144,150,0,4,2,144
0x482054,45.4545%,6,5,11,5,6,0,0
0x814b27,97.6096%,6,245,251,0,0,6,245
0x50acc1,45.4545%,6,5,11,2,0,6,3
0x508124,95.5882%,6,130,136,130,6,0,0
0x807074,98.4694%,6,386,392,0,0,6,386
0x592d3a,66.6667%,6,12,18,0,0,6,12
0x508871,45.4545%,6,5,11,5,6,0,0
0x8eeb88,98.6696%,6,445,451,0,0,6,445
0x649921,50%,6,6,12,0,0,6,6
0x4a5e27,90.7692%,6,59,65,59,6,0,0
0x64377b,84.6154%,6,33,39,0,0,6,33
0x811867,99.4737%,6,1134,1140,1134,4,2,0
0xa9198c,85.7143%,6,36,42,36,6,0,0
0x49a3a4,40%,6,4,10,2,2,4,2
0xb0a048,98.9189%,6,549,555,0,0,6,549
0x50d7ad,97.6285%,6,247,253,0,0,6,247
0x7ac073,94.8718%,6,111,117,16,5,1,95
0x547485,90.1639%,6,55,61,0,0,6,55
0x64a4e3,94.3396%,6,100,106,100,4,2,0
0x63ccbd,97%,6,194,200,194,6,0,0
0x4ad87b,71.4286%,6,15,21,7,1,5,8
0xab3234,96.875%,6,186,192,186,6,0,0
0x5c33e1,25%,6,2,8,0,0,6,2
0xaa630d,98.8166%,6,501,507,501,6,0,0
0x8e442a,99.739%,6,2293,2299,0,0,6,2293
0x5509ff,88.2353%,6,45,51,12,5,1,33
0x4c13fe,75%,6,18,24,12,5,1,6
0x503e88,87.5%,6,42,48,0,3,3,42
0x5560e6,97.5207%,6,236,242,1,1,5,235
0x8def4f,84.2105%,6,32,38,16,6,0,16
0x8df508,33.3333%,6,3,9,1,0,6,2
0x946172,68.4211%,6,13,19,0,0,6,13
0x80fd17,99.934%,6,9082,9088,9082,6,0,0
0x6492d4,94.3396%,6,100,106,0,0,6,100
0xa52f4b,96.875%,6,186,192,170,2,4,16
0x50d8c5,64.7059%,6,11,17,0,0,6,11
0x90ecfc,99.3757%,6,955,961,305,6,0,650
0x8aede7,95.8904%,6,140,146,136,3,3,4
0x904c41,98.0066%,6,295,301,295,6,0,0
0x9e2f2f,97.7186%,6,257,263,257,6,0,0
0x51b571,68.4211%,6,13,19,0,0,6,13
0x648680,89.2857%,6,50,56,48,6,0,2
0x50b132,86.3636%,6,38,44,38,2,4,0
0x8ee15a,25%,6,2,8,1,6,0,1
0x6708a7,0%,6,0,6,0,6,0,0
0x8f19fb,87.5%,6,42,48,35,5,1,7
0x64b53a,50%,6,6,12,0,0,6,6
0x817440,93.1034%,6,81,87,1,1,5,80
0x4a7be9,88.2353%,6,45,51,0,0,6,45
0x5fc4d5,87.5%,6,42,48,42,6,0,0
0x51b952,99.8861%,6,5264,5270,5264,6,0,0
0x7235ea,99.5851%,6,1440,1446,0,0,6,1440
0x8f4bce,96.5909%,6,170,176,40,1,5,130
0x5b9cc7,76.9231%,6,20,26,14,5,1,6
0x5ffc82,95.3125%,6,122,128,31,5,1,91
0x8f1315,85%,6,34,40,28,4,2,6
0x5ffe05,93.2584%,6,83,89,83,6,0,0
0x504c88,91.4286%,6,64,70,5,6,0,59
0x8aed26,95.8904%,6,140,146,136,5,1,4
0x8e5fb0,97.7695%,6,263,269,263,6,0,0
0xa9cefb,92.2078%,6,71,77,53,5,1,18
0x60e502,98.8593%,6,520,526,78,3,3,442
0x90ca2d,99.7162%,6,2108,2114,0,0,6,2108
0x50bcb3,85%,6,34,40,0,0,6,34
0xa4a0fe,95.4887%,6,127,133,0,0,6,127
0x90ca11,94.2857%,6,99,105,99,6,0,0
0x9ed43e,96%,6,144,150,136,3,3,8
0x8ee103,96.7914%,6,181,187,175,4,2,6
0x4c806b,72.7273%,6,16,22,0,0,6,16
0x51c2c5,99.675%,6,1840,1846,0,0,6,1840
0x48c367,95.6204%,6,131,137,131,6,0,0
0xa46752,80%,6,24,30,9,3,3,15
0x9fbbce,98.0392%,6,300,306,300,6,0,0
0x5faca3,99.2042%,6,748,754,748,6,0,0
0x5fa1ec,99.3228%,6,880,886,0,0,6,880
0x5fa332,99.4769%,6,1141,1147,1141,0,6,0
0x9e7dcc,75%,6,18,24,0,0,6,18
0x5f9e87,0%,6,0,6,0,0,6,0
0x9e7d44,75%,6,18,24,0,0,6,18
0x5fab1c,94.7826%,6,109,115,109,5,1,0
0x543740,82.3529%,6,28,34,0,0,6,28
0xa9173c,83.3333%,6,30,36,1,1,5,29
0xa29cfb,62.5%,6,10,16,10,6,0,0
0x5fa838,91.3043%,6,63,69,0,0,6,63
0x9abaa6,99.2528%,6,797,803,0,0,6,797
0x5b3038,40%,6,4,10,1,5,1,3
0x5fa20e,97.8022%,6,267,273,0,0,6,267
0x9e736a,97.9381%,6,285,291,285,6,0,0
0x511ec1,99.6471%,6,1694,1700,1,3,3,1693
0x58f6c4,99.5745%,6,1404,1410,1404,4,2,0
0x810918,97.7273%,6,258,264,7,4,2,251
0x942beb,92%,6,69,75,0,0,6,69
0x547c15,96.1039%,6,148,154,148,6,0,0
0x8bbafc,83.7838%,6,31,37,31,6,0,0
0x494305,94.2857%,6,99,105,99,6,0,0
0x5357f0,71.4286%,6,15,21,1,4,2,14
0x49c3d6,62.5%,6,10,16,0,6,0,10
0x5f86ed,92%,6,69,75,68,3,3,1
0x5f86b5,92.1053%,6,70,76,1,2,4,69
0x4ab271,45.4545%,6,5,11,4,4,2,1
0x81e51c,99.2574%,6,802,808,728,2,4,74
0x648574,99.7978%,6,2962,2968,0,0,6,2962
0x900bf0,98.2036%,6,328,334,0,0,6,328
0x9e85b4,96.4072%,6,161,167,0,0,6,161
0x5fa657,0%,6,0,6,0,6,0,0
0x49a13c,87.5%,6,42,48,42,6,0,0
0x696534,98.4887%,6,391,397,0,0,6,391
0x610bea,97.8495%,6,273,279,14,4,2,259
0xa4e5d8,92.1053%,6,70,76,0,0,6,70
0x8deaeb,97%,6,194,200,0,0,6,194
0x640463,99.3757%,6,955,961,955,6,0,0
0x58ba4f,95.082%,6,116,122,0,4,2,116
0xa39fcc,99.5444%,6,1311,1317,1311,6,0,0
0x81a6e4,99.908%,6,6513,6519,0,0,6,6513
0xa55437,96.1538%,6,150,156,0,2,4,150
0x80cae5,99.922%,6,7689,7695,0,0,6,7689
0x8ea2d5,99.5102%,6,1219,1225,1219,6,0,0
0x9731f3,85.7143%,6,36,42,0,2,4,36
0x5fa51a,84.6154%,6,33,39,20,4,2,13
0x8d24d0,85.7143%,6,36,42,0,0,6,36
0x80923c,93.6842%,6,89,95,88,1,5,1
0x5fa452,92%,6,69,75,69,6,0,0
0x9fb749,98.0392%,6,300,306,0,0,6,300
0x815104,53.8462%,6,7,13,7,1,5,0
0xa285b1,80%,6,24,30,0,0,6,24
0x5fa2d6,96.1783%,6,151,157,151,6,0,0
0x9bb40a,90.7692%,6,59,65,1,2,4,58
0x53e87f,96.1039%,6,148,154,148,1,5,0
0x4a9c73,81.25%,6,26,32,0,1,5,26
0x510a61,98.6207%,6,429,435,429,6,0,0
0xa2c1be,92.7711%,6,77,83,77,4,2,0
0x5fb360,0%,6,0,6,0,6,0,0
0x9fe77e,85%,6,34,40,0,3,3,34
0xa1b592,25%,6,2,8,2,6,0,0
0x8d9b9a,98.3784%,6,364,370,0,0,6,364
0x543b95,96.7914%,6,181,187,0,0,6,181
0x410861,88.8889%,6,48,54,0,0,6,48
0x8b9f7e,99.3624%,6,935,941,935,6,0,0
0x8f3061,64.7059%,6,11,17,11,6,0,0
0x48fda3,70%,6,14,20,6,4,2,8
0x6f4630,0%,6,0,6,0,6,0,0
0xa34a61,85.3659%,6,35,41,0,0,6,35
0x9ee5b1,91.0448%,6,61,67,61,6,0,0
0xa39f38,85.3659%,6,35,41,10,1,5,25
0x9cfbff,94.7826%,6,109,115,3,1,5,106
0x44154e,45.4545%,6,5,11,0,0,6,5
0x444958,53.8462%,6,7,13,7,6,0,0
0x539099,95.4545%,6,126,132,125,3,3,1
0x97a646,83.3333%,6,30,36,30,6,0,0
0x606dcc,25%,6,2,8,2,6,0,0
0x9f5aff,50%,6,6,12,6,6,0,0
0x9d1130,97.6096%,6,245,251,4,3,3,241
0x54420f,89.4737%,6,51,57,29,2,4,22
0xab3695,66.6667%,6,12,18,0,0,6,12
0x4c1620,50%,6,6,12,6,6,0,0
0x4059c9,95.082%,6,116,122,84,4,2,32
0x5f7b58,95.5556%,6,129,135,129,6,0,0
0x5f87bb,90%,6,54,60,53,6,0,1
0x80ddd2,94.7368%,6,108,114,55,2,4,53
0x9e7424,98.6577%,6,441,447,0,0,6,441
0x8bc85d,81.25%,6,26,32,26,6,0,0
0xaa5483,78.5714%,6,22,28,14,1,5,8
0xa31ce1,80.6452%,6,25,31,25,6,0,0
0x5f8739,93.4066%,6,85,91,0,3,3,85
0x911a26,99.6751%,6,1841,1847,1841,6,0,0
0x6680b1,99.7245%,6,2172,2178,2172,6,0,0
0x4419e3,45.4545%,6,5,11,0,0,6,5
0x51b424,99.7548%,6,2441,2447,0,0,6,2441
0x5f79bd,97.2222%,6,210,216,0,3,3,210
0x58e453,85%,6,34,40,34,6,0,0
0x5f757a,95.3488%,6,123,129,123,6,0,0
0x64af68,99.8945%,6,5681,5687,0,0,6,5681
0x9ed84c,90.625%,6,58,64,0,0,6,58
0xb313fb,93.0233%,6,80,86,58,1,5,22
0x5f80f2,96%,6,144,150,0,0,6,144
0x547f42,77.7778%,6,21,27,4,4,2,17
0x547f22,77.7778%,6,21,27,21,6,0,0
0x8dd1a2,98.0831%,6,307,313,307,6,0,0
0xa39293,57.1429%,6,8,14,8,6,0,0
0x591157,93.5484%,6,87,93,0,1,5,87
0x8a5eb8,95.6835%,6,133,139,133,6,0,0
0x8e3a31,25%,6,2,8,2,6,0,0
0xa54fef,84.2105%,6,32,38,0,2,4,32
0x8e9ee2,99.786%,6,2798,2804,0,0,6,2798
0x63c7cf,99.3757%,6,955,961,3,0,6,952
0x8e40d8,99.642%,6,1670,1676,0,0,6,1670
0xa33583,99.7761%,6,2674,2680,0,0,6,2674
0x59117a,93.4783%,6,86,92,86,6,0,0
0x8f507f,50%,6,6,12,6,6,0,0
0x533c1e,87.5%,6,42,48,42,6,0,0
0x7d27d2,93.8776%,6,92,98,92,2,4,0
0x9aba78,97.6096%,6,245,251,245,6,0,0
0x837693,86.6667%,6,39,45,37,3,3,2
0x977c2f,95.8042%,6,137,143,137,6,0,0
0x554daa,97.9239%,6,283,289,283,6,0,0
0x402e84,82.3529%,6,28,34,28,6,0,0
0x5a916d,98.3003%,6,347,353,0,0,6,347
0x8ae923,57.1429%,6,8,14,2,5,1,6
0x552265,99.7054%,6,2031,2037,2031,6,0,0
0xa54f7b,76.9231%,6,20,26,2,5,1,18
0x7d3d95,88.2353%,6,45,51,44,4,2,1
0x65b2e8,96.4286%,6,162,168,162,6,0,0
0x674ff8,81.25%,6,26,32,26,6,0,0
0x58fdd0,93.9394%,6,93,99,0,1,5,93
0x8ec28d,99.5146%,6,1230,1236,1230,4,2,0
0x54499b,33.3333%,6,3,9,0,0,6,3
0x9a765a,57.1429%,6,8,14,8,2,4,0
0x5338f4,84.2105%,6,32,38,31,0,6,1
0xa52408,96.2963%,6,156,162,0,0,6,156
0x9f52f9,96.129%,6,149,155,0,0,6,149
0x58e282,92%,6,69,75,0,0,6,69
0x405b78,98.5948%,6,421,427,84,6,0,337
0x53c5a7,98.9916%,6,589,595,589,4,2,0
0x8df9e8,53.8462%,6,7,13,2,4,2,5
0x94d856,80%,6,24,30,24,6,0,0
0x8d2337,99.403%,6,999,1005,0,5,1,999
0x904251,98.5366%,6,404,410,404,6,0,0
0x7d3118,98.2906%,6,345,351,345,6,0,0
0x642e46,82.8571%,6,29,35,0,0,6,29
0xa501da,64.7059%,6,11,17,11,6,0,0
0xa03804,99.8874%,6,5322,5328,5322,6,0,0
0x53c422,95.4545%,6,126,132,126,6,0,0
0x9732f2,84.2105%,6,32,38,32,6,0,0
0x7d2d99,98.3003%,6,347,353,332,1,5,15
0x8d2587,97.5%,6,234,240,0,0,6,234
0x7816ed,96.9072%,6,188,194,7,2,4,181
0x506ac7,83.7838%,6,31,37,31,4,2,0
0xa2ab26,94.6903%,6,107,113,96,5,1,11
0x94d7ca,98.8764%,6,528,534,528,6,0,0
0x949520,92.8571%,6,78,84,78,6,0,0
0x8da539,99.4746%,6,1136,1142,0,0,6,1136
0xa50a13,98.3425%,6,356,362,0,4,2,356
0x9499bc,88.6792%,6,47,53,47,6,0,0
0x53b9c9,95.4545%,6,126,132,126,4,2,0
0xa465f2,94.6429%,6,106,112,0,0,6,106
0x8e87e8,99.4475%,6,1080,1086,1080,6,0,0
0x8224d6,98.768%,6,481,487,480,2,4,1
0x9a7c06,98.9267%,6,553,559,548,3,3,5
0x9edf3d,95.122%,6,117,123,117,6,0,0
0xa5861a,97.1429%,6,204,210,204,6,0,0
0x942669,98.7578%,6,477,483,0,0,6,477
0x5580be,93.5484%,6,87,93,87,6,0,0
0xa5b4e5,50%,6,6,12,1,2,4,5
0x49e1e6,99.6956%,6,1965,1971,1965,6,0,0
0x40ecb4,97.8261%,6,270,276,270,6,0,0
0xa50aca,57.1429%,6,8,14,0,0,6,8
0x9a7dda,86.0465%,6,37,43,0,0,6,37
0x4817ed,84.2105%,6,32,38,27,2,4,5
0xa26d0b,40%,6,4,10,4,2,4,0
0x8223fe,99.6748%,6,1839,1845,1839,6,0,0
0x5d60de,95.4887%,6,127,133,127,6,0,0
0x900840,98.9637%,6,573,579,0,0,6,573
0xa43e0c,94.8276%,6,110,116,65,2,4,45
0x816c5c,99.5142%,6,1229,1235,0,0,6,1229
0xa507f7,97.6654%,6,251,257,0,4,2,251
0x8ec44f,99.6176%,6,1563,1569,1563,4,2,0
0x977d11,95.9732%,6,143,149,0,0,6,143
0xaab79b,93.9394%,6,93,99,93,6,0,0
0x94eb84,93.3333%,6,84,90,0,0,6,84
0x9a46c8,97.9381%,6,285,291,0,0,6,285
0x8e0feb,99.2556%,6,800,806,0,0,6,800
0x59000e,93.9394%,6,93,99,0,0,6,93
0x642e30,82.8571%,6,29,35,0,0,6,29
0x9a96ab,80.6452%,6,25,31,25,6,0,0
0x9f157e,45.4545%,6,5,11,0,0,6,5
0xa025c6,99.5979%,6,1486,1492,0,0,6,1486
0x539103,98.9916%,6,589,595,589,4,2,0
0x976ea0,66.6667%,6,12,18,9,6,0,3
0x8d999b,0%,6,0,6,0,6,0,0
0x81b670,97.0588%,6,198,204,198,4,2,0
0x7c638a,96.319%,6,157,163,9,4,2,148
0x441537,45.4545%,6,5,11,0,0,6,5
0x9a94a7,85%,6,34,40,0,0,6,34
0x8f4bfa,96.5909%,6,170,176,0,0,6,170
0xa15ca6,57.1429%,6,8,14,5,2,4,3
0xa90d13,90.4762%,6,57,63,57,6,0,0
0xa9d222,75%,6,18,24,16,4,2,2
0x8ed6c3,99.4485%,6,1082,1088,0,2,4,1082
0x50a86d,94%,6,94,100,94,6,0,0
0x673d4b,84.2105%,6,32,38,15,4,2,17
0x50a7a9,88.2353%,6,45,51,45,6,0,0
0x4a261e,98.1191%,6,313,319,0,0,6,313
0x64860f,89.2857%,6,50,56,50,6,0,0
0x7cc20a,50%,6,6,12,6,6,0,0
0x50ccbf,97.4249%,6,227,233,0,0,6,227
0x50a086,95.5882%,6,130,136,0,0,6,130
0x9495a8,97.4359%,6,228,234,228,6,0,0
0xa46d43,93.75%,6,90,96,90,6,0,0
0x4c9df8,97.1963%,6,208,214,0,2,4,208
0xa294ab,62.5%,6,10,16,0,0,6,10
0x5ff58e,25%,6,2,8,0,6,0,2
0xa4ecd9,95.6522%,6,132,138,132,6,0,0
0x8104dc,92.8571%,6,78,84,30,4,2,48
0x9178bb,96.1039%,6,148,154,7,5,1,141
0x9495d7,98.9362%,6,558,564,558,6,0,0
0x4a25af,0%,6,0,6,0,0,6,0
0x90969d,99.6769%,6,1851,1857,1851,6,0,0
0x50c3e9,99.026%,6,610,616,0,0,6,610
0x909b38,99.8922%,6,5562,5568,0,0,6,5562
0x557344,91.8919%,6,68,74,68,6,0,0
0x978564,97.9094%,6,281,287,0,0,6,281
0x9ab091,99.1914%,6,736,742,736,6,0,0
0x610606,93.5484%,6,87,93,1,3,3,86
0x5fc48a,94.8276%,6,110,116,110,4,2,0
0x49faae,95.8333%,6,138,144,0,2,4,138
0x647bae,86.0465%,6,37,43,0,0,6,37
0x9ecefc,81.8182%,6,27,33,0,0,6,27
0x4903c6,66.6667%,6,12,18,11,4,2,1
0x8e26f5,99.5526%,6,1335,1341,1335,6,0,0
0x5fc069,89.8305%,6,53,59,53,4,2,0
0x592e3d,88.8889%,6,48,54,45,5,1,3
0x5fa57a,85%,6,34,40,34,6,0,0
0x7d1fe3,98.9189%,6,549,555,549,6,0,0
0xa541da,99.1304%,6,684,690,0,0,6,684
0x9e8aca,95.8621%,6,139,145,0,0,6,139
0xa4f72d,84.2105%,6,32,38,32,6,0,0
0x50aa77,91.3043%,6,63,69,0,0,6,63
0xa4f74c,84.2105%,6,32,38,16,4,2,16
0x973193,99.0164%,6,604,610,0,0,6,604
0x65c241,99.8743%,6,4768,4774,4768,6,0,0
0x66f52a,98.4085%,6,371,377,0,0,6,371
0x96c22e,76.9231%,6,20,26,20,6,0,0
0x6705e6,95.4887%,6,127,133,0,0,6,127
0x8ae971,94.1748%,6,97,103,97,1,5,0
0x4baf97,98.0707%,6,305,311,96,3,3,209
0x5efb2d,92.7711%,6,77,83,66,4,2,11
0x8adca2,72.7273%,6,16,22,16,6,0,0
0x58be8c,90.625%,6,58,64,50,2,4,8
0x506286,99.0726%,6,641,647,641,6,0,0
0xa45c00,91.0448%,6,61,67,59,5,1,2
0x8be39e,99.5569%,6,1348,1354,0,0,6,1348
0x94b396,98.5222%,6,400,406,400,6,0,0
0xa1a0e7,77.7778%,6,21,27,13,1,5,8
0x8eebb4,98.533%,6,403,409,403,6,0,0
0x9a736d,57.1429%,6,8,14,0,4,2,8
0x94b859,98.9362%,6,558,564,2,2,4,556
0xa63bad,95.122%,6,117,123,117,6,0,0
0x8a5f93,97.2477%,6,212,218,212,4,2,0
0x4bea3b,94.2857%,6,99,105,67,3,3,32
0xa02587,99.537%,6,1290,1296,1290,6,0,0
0x8ae8f0,96.0784%,6,147,153,144,2,4,3
0x50aac7,40%,6,4,10,0,0,6,4
0xa486cf,97.5207%,6,236,242,0,0,6,236
0x50c087,99.7163%,6,2109,2115,0,0,6,2109
0xa35334,99.6845%,6,1896,1902,0,0,6,1896
0x7df89f,92.5926%,6,75,81,75,6,0,0
0x50b74c,99.4723%,6,1131,1137,1,3,3,1130
0xa28216,97.1292%,6,203,209,201,5,1,2
0x8b9e5a,99.4832%,6,1155,1161,1155,6,0,0
0x9fe05d,76%,6,19,25,5,2,4,14
0x58e439,86.6667%,6,39,45,1,4,2,38
0xb2ffd8,99.1903%,6,735,741,112,1,5,623
0x5fe9bd,72.7273%,6,16,22,16,6,0,0
0x58bddf,95.9732%,6,143,149,0,0,6,143
0xa570de,85.3659%,6,35,41,4,6,0,31
0x4a856e,86.6667%,6,39,45,0,0,6,39
0x6668ac,98.9726%,6,578,584,578,6,0,0
0x8a6b77,73.913%,6,17,23,17,2,4,0
0x95adae,78.2609%,5,18,23,5,3,2,13
0xa05dbf,92.0635%,5,58,63,58,4,1,0
0x7e07ba,75%,5,15,20,2,0,5,13
0x81a098,98.8739%,5,439,444,370,0,5,69
0xa4434f,89.7959%,5,44,49,44,5,0,0
0x5fa79d,92.7536%,5,64,69,0,0,5,64
0x9e220a,94.898%,5,93,98,93,5,0,0
0xa3fd1c,91.0714%,5,51,56,23,1,4,28
0x9aa43a,77.2727%,5,17,22,0,0,5,17
0x9e88a5,93.8272%,5,76,81,72,4,1,4
0x63ab91,99.0329%,5,512,517,512,5,0,0
0xa08ef2,92.3077%,5,60,65,0,1,4,60
0xa529bc,97.3404%,5,183,188,0,0,5,183
0x55114e,82.1429%,5,23,28,20,2,3,3
0xa99b8a,66.6667%,5,10,15,10,5,0,0
0xa567a0,72.2222%,5,13,18,9,3,2,4
0xa4a1d5,92.0635%,5,58,63,0,3,2,58
0xb2edc4,97.9079%,5,234,239,0,0,5,234
0x8bcc1c,80.7692%,5,21,26,0,0,5,21
0x9d1250,95.8333%,5,115,120,100,4,1,15
0x5021d9,96.1832%,5,126,131,0,0,5,126
0xa08632,82.7586%,5,24,29,18,3,2,6
0x8ee0e8,97.3404%,5,183,188,0,1,4,183
0x4c65be,82.1429%,5,23,28,23,3,2,0
0xa31057,0%,5,0,5,0,3,2,0
0x55116d,76.1905%,5,16,21,2,1,4,14
0x9020ee,90.7407%,5,49,54,0,0,5,49
0x8119e5,99.4069%,5,838,843,838,3,2,0
0x9f283f,99.3902%,5,815,820,815,5,0,0
0x67af65,99.8186%,5,2752,2757,0,0,5,2752
0x511148,99.2857%,5,695,700,0,0,5,695
0x48bd7b,96.5035%,5,138,143,138,4,1,0
0x8f09da,95.5752%,5,108,113,1,4,1,107
0x9f0b3c,99.0253%,5,508,513,508,5,0,0
0x8ee79e,97.0588%,5,165,170,0,0,5,165
0x9d1e51,75%,5,15,20,15,5,0,0
0xa0538a,82.7586%,5,24,29,18,3,2,6
0xa52da4,93.5065%,5,72,77,72,5,0,0
0x8a63b3,96.3235%,5,131,136,0,0,5,131
0x53ec13,37.5%,5,3,8,1,3,2,2
0x63b264,99.391%,5,816,821,0,0,5,816
0x667080,99.6085%,5,1272,1277,40,4,1,1232
0x94eee4,83.3333%,5,25,30,25,5,0,0
0x63b518,99.7637%,5,2111,2116,810,0,5,1301
0x8147ba,99.0253%,5,508,513,0,0,5,508
0x8da41c,99.2593%,5,670,675,0,0,5,670
0xa055fc,91.9355%,5,57,62,57,4,1,0
0x8e9292,94.1176%,5,80,85,79,3,2,1
0x9ee55f,91.2281%,5,52,57,52,5,0,0
0x9e8aa6,96.5517%,5,140,145,140,5,0,0
0xa4693e,94.7917%,5,91,96,0,0,5,91
0x8e02c4,99.1228%,5,565,570,0,0,5,565
0x7ce5a2,58.3333%,5,7,12,7,5,0,0
0x94eec6,83.3333%,5,25,30,25,5,0,0
0x8ef5b3,96.2963%,5,130,135,130,5,0,0
0x8fea2f,90%,5,45,50,0,0,5,45
0xa1b54c,80%,5,20,25,0,5,0,20
0x9edd66,92.1875%,5,59,64,1,1,4,58
0xa96481,79.1667%,5,19,24,19,5,0,0
0x9f0655,50%,5,5,10,0,2,3,5
0xa561c2,96.0317%,5,121,126,121,5,0,0
0x40dd43,99.2366%,5,650,655,650,5,0,0
0xa02ab7,66.6667%,5,10,15,10,5,0,0
0x666094,64.2857%,5,9,14,0,4,1,9
0x8f1811,98.7406%,5,392,397,392,4,1,0
0x63c02d,99.4797%,5,956,961,956,5,0,0
0x9ed547,58.3333%,5,7,12,1,3,2,6
0x557700,99.031%,5,511,516,0,0,5,511
0x9aa0f1,90.7407%,5,49,54,0,0,5,49
0xa5b029,66.6667%,5,10,15,10,3,2,0
0x9a4833,68.75%,5,11,16,7,1,4,4
0x4c63eb,79.1667%,5,19,24,15,1,4,4
0x507036,98.3444%,5,297,302,0,0,5,297
0x723653,99.6542%,5,1441,1446,0,0,5,1441
0xb4a16c,99.4781%,5,953,958,953,5,0,0
0x48a0a9,99.8727%,5,3923,3928,0,0,5,3923
0x8e4931,99.2188%,5,635,640,0,0,5,635
0x82209e,98.366%,5,301,306,301,5,0,0
0x96a103,93.0556%,5,67,72,67,3,2,0
0x6112ab,93.4211%,5,71,76,0,0,5,71
0x40364f,99.3827%,5,805,810,805,5,0,0
0x90bb69,77.2727%,5,17,22,0,0,5,17
0x627782,89.1304%,5,41,46,0,0,5,41
0x49e307,98.538%,5,337,342,337,5,0,0
0x811bae,99.3498%,5,764,769,764,5,0,0
0xa96aeb,68.75%,5,11,16,5,4,1,6
0x8bd80a,75%,5,15,20,10,2,3,5
0x9734aa,58.3333%,5,7,12,2,3,2,5
0x63b548,99.6172%,5,1301,1306,0,0,5,1301
0x8ff74d,64.2857%,5,9,14,4,3,2,5
0x5511bb,76.1905%,5,16,21,16,5,0,0
0x6823c2,85.2941%,5,29,34,0,0,5,29
0x969352,94.186%,5,81,86,79,4,1,2
0x638e21,99.0859%,5,542,547,542,5,0,0
0x540a37,95.283%,5,101,106,85,3,2,16
0x7c7bb5,94.8454%,5,92,97,14,0,5,78
0x9a1644,76.1905%,5,16,21,16,5,0,0
0xa9c5a8,54.5455%,5,6,11,6,5,0,0
0x593877,99.2126%,5,630,635,630,3,2,0
0x8fcf55,97.8261%,5,225,230,0,0,5,225
0x48ab07,99.8896%,5,4523,4528,4523,5,0,0
0x9e8921,96.5753%,5,141,146,0,0,5,141
0x48f44d,16.6667%,5,1,6,0,0,5,1
0x813671,99.0347%,5,513,518,513,3,2,0
0x90ab2e,81.4815%,5,22,27,0,0,5,22
0x4a7cf4,91.3793%,5,53,58,53,4,1,0
0x4c5682,77.2727%,5,17,22,11,3,2,6
0x814463,99.0637%,5,529,534,0,0,5,529
0xa2fe26,95.7265%,5,112,117,112,5,0,0
0x47fb99,73.6842%,5,14,19,14,5,0,0
0x805bdc,99.8205%,5,2780,2785,0,0,5,2780
0x590b4c,75%,5,15,20,12,2,3,3
0x5baa07,98.8399%,5,426,431,394,3,2,32
0x8e16bf,84.375%,5,27,32,27,5,0,0
0x5f202e,84.8485%,5,28,33,28,5,0,0
0x4b9fb6,93.4211%,5,71,76,25,1,4,46
0xaa6432,94.4444%,5,85,90,0,0,5,85
0x4996cc,96.063%,5,122,127,52,1,4,70
0x5cbdb1,96.1832%,5,126,131,126,5,0,0
0x8e91f2,99.4792%,5,955,960,955,5,0,0
0x97768f,99.6977%,5,1649,1654,0,0,5,1649
0x542d69,99.7339%,5,1874,1879,1874,5,0,0
0x9746ee,70.5882%,5,12,17,10,3,2,2
0xa9e24b,87.5%,5,35,40,6,4,1,29
0xa31039,95.7265%,5,112,117,112,3,2,0
0x5cfb4b,79.1667%,5,19,24,19,5,0,0
0x53d964,97.3822%,5,186,191,0,0,5,186
0x901cc1,97.8632%,5,229,234,229,5,0,0
0x5fb255,66.6667%,5,10,15,10,5,0,0
0x90b356,99.349%,5,763,768,763,5,0,0
0x4a134f,98.9293%,5,462,467,0,0,5,462
0xa336ad,99.5895%,5,1213,1218,1213,5,0,0
0x4ba15c,93.4211%,5,71,76,1,2,3,70
0xa3424c,97.0588%,5,165,170,64,4,1,101
0x5905fa,83.3333%,5,25,30,15,3,2,10
0x8edb88,98.8914%,5,446,451,0,2,3,446
0x8e39af,84.375%,5,27,32,0,0,5,27
0x8e38a6,89.5833%,5,43,48,0,0,5,43
0x4c63d7,88.6364%,5,39,44,0,0,5,39
0x8e7e6b,97.7679%,5,219,224,219,5,0,0
0xa373c5,84.375%,5,27,32,27,5,0,0
0x667861,98.9691%,5,480,485,480,5,0,0
0x80b2bb,98.4709%,5,322,327,322,5,0,0
0x6113f7,95.3271%,5,102,107,0,0,5,102
0x402fde,92.7536%,5,64,69,0,0,5,64
0xa48d21,97.006%,5,162,167,162,5,0,0
0x8139a9,88.6364%,5,39,44,10,3,2,29
0x81a506,99.3954%,5,822,827,822,5,0,0
0x8ff841,97.549%,5,199,204,0,0,5,199
0x81b126,93.9024%,5,77,82,48,2,3,29
0x4bc7ad,94.6809%,5,89,94,47,5,0,42
0x502f13,89.3617%,5,42,47,42,5,0,0
0x9f6bd0,99.0637%,5,529,534,529,5,0,0
0xa4217e,98.6702%,5,371,376,0,0,5,371
0x40e6b0,93.9759%,5,78,83,40,5,0,38
0x9aa1cc,85.2941%,5,29,34,0,1,4,29
0x8e89dc,99.8584%,5,3527,3532,3527,5,0,0
0xad7bd8,93.4211%,5,71,76,0,0,5,71
0x7d187c,98.9293%,5,462,467,128,5,0,334
0x9714a5,37.5%,5,3,8,3,5,0,0
0x509180,96.3235%,5,131,136,131,5,0,0
0x9bb44e,73.6842%,5,14,19,0,1,4,14
0x8a5f3d,94.186%,5,81,86,6,3,2,75
0x8f685e,95.4128%,5,104,109,0,0,5,104
0x8e59c5,97.5962%,5,203,208,203,5,0,0
0x90f23b,97.5%,5,195,200,195,5,0,0
0x9f7a80,94.5652%,5,87,92,87,5,0,0
0x9a11eb,93.8272%,5,76,81,0,0,5,76
0x9f893d,64.2857%,5,9,14,9,0,5,0
0x49e987,96.8944%,5,156,161,156,5,0,0
0x403fd9,50%,5,5,10,0,0,5,5
0x4a02b6,94.4444%,5,85,90,85,5,0,0
0x808b77,99.4104%,5,843,848,841,2,3,2
0x8dd890,97.5%,5,195,200,0,0,5,195
0x9f93fd,90.7407%,5,49,54,0,2,3,49
0x9f946b,95.8333%,5,115,120,103,0,5,12
0x4a720f,96.9512%,5,159,164,159,5,0,0
0xa55456,96.7532%,5,149,154,0,0,5,149
0x8d9763,37.5%,5,3,8,3,5,0,0
0xa3ac28,64.2857%,5,9,14,9,1,4,0
0x5baf27,98.2877%,5,287,292,0,0,5,287
0x9e1010,93.75%,5,75,80,26,5,0,49
0x5121db,86.4865%,5,32,37,31,5,0,1
0xa9c94b,89.1304%,5,41,46,0,0,5,41
0x8e2028,99.6633%,5,1480,1485,0,0,5,1480
0x8ebdba,37.5%,5,3,8,3,3,2,0
0x6804ec,99.8907%,5,4570,4575,0,0,5,4570
0xa471d4,97.006%,5,162,167,0,0,5,162
0x499df4,84.375%,5,27,32,0,0,5,27
0x94d117,89.3617%,5,42,47,0,0,5,42
0x8ad751,94.6237%,5,88,93,88,3,2,0
0xa561ec,98.8067%,5,414,419,0,0,5,414
0xa49590,98.7624%,5,399,404,399,5,0,0
0xa4e5f3,93.4211%,5,71,76,71,5,0,0
0x4a25e3,98.3871%,5,305,310,0,4,1,305
0x9f5b38,58.3333%,5,7,12,7,5,0,0
0x99acb5,98.0392%,5,250,255,250,5,0,0
0x8a8be2,79.1667%,5,19,24,1,3,2,18
0x9fb006,98.4026%,5,308,313,0,0,5,308
0x9f3dba,70.5882%,5,12,17,6,1,4,6
0x490f06,87.8049%,5,36,41,0,0,5,36
0x58be2d,93.4211%,5,71,76,71,5,0,0
0x9c3c3f,86.1111%,5,31,36,31,5,0,0
0x793e4a,76.1905%,5,16,21,11,4,1,5
0x63c77e,99.3455%,5,759,764,759,1,4,0
0x63d809,96.4539%,5,136,141,136,5,0,0
0x47fc8b,73.6842%,5,14,19,0,1,4,14
0xa4bc38,97.2527%,5,177,182,0,2,3,177
0x9a7e58,80%,5,20,25,0,0,5,20
0x809361,99.0347%,5,513,518,513,3,2,0
0x65b9d1,99.8907%,5,4571,4576,4571,5,0,0
0x837765,37.5%,5,3,8,2,3,2,1
0x4aab50,87.8049%,5,36,41,6,5,0,30
0x7cdf2a,99.3687%,5,787,792,787,5,0,0
0x7c5fd1,64.2857%,5,9,14,7,5,0,2
0xa36405,28.5714%,5,2,7,0,0,5,2
0x809278,97.7578%,5,218,223,218,3,2,0
0x5342eb,95.0495%,5,96,101,0,3,2,96
0x4b849a,54.5455%,5,6,11,5,4,1,1
0x4ca4e5,50%,5,5,10,0,0,5,5
0xa35553,58.3333%,5,7,12,0,0,5,7
0x48bfcd,96.4789%,5,137,142,0,1,4,137
0xa28569,96.7105%,5,147,152,0,0,5,147
0xa285a5,83.3333%,5,25,30,0,0,5,25
0x5406d0,98.3165%,5,292,297,292,1,4,0
0x981533,82.7586%,5,24,29,24,5,0,0
0x96c267,80.7692%,5,21,26,4,5,0,17
0x7d26e8,98.4472%,5,317,322,317,5,0,0
0x901254,97.2527%,5,177,182,1,1,4,176
0x61f35b,50%,5,5,10,0,0,5,5
0x9a8104,97.8723%,5,230,235,230,5,0,0
0xa287dd,68.75%,5,11,16,11,5,0,0
0x4ab5c1,83.871%,5,26,31,26,5,0,0
0x49f677,90%,5,45,50,0,2,3,45
0xa022c7,99.5633%,5,1140,1145,0,0,5,1140
0x53d8e0,99.7001%,5,1662,1667,1662,5,0,0
0x9d6891,95.614%,5,109,114,109,3,2,0
0xad456f,0%,5,0,5,0,5,0,0
0xa3051a,99.1974%,5,618,623,0,0,5,618
0x9e85a7,97.7169%,5,214,219,50,2,3,164
0x918b19,98.75%,5,395,400,197,3,2,198
0x5fbde5,93.3333%,5,70,75,70,5,0,0
0x9746be,92.6471%,5,63,68,0,0,5,63
0x819d73,98.4709%,5,322,327,0,0,5,322
0x9f171e,94.7368%,5,90,95,0,5,0,90
0xa595c0,97.5248%,5,197,202,197,5,0,0
0xa93815,98.0469%,5,251,256,251,5,0,0
0x8ed66c,37.5%,5,3,8,3,3,2,0
0x8ebe16,72.2222%,5,13,18,0,0,5,13
0x78122d,99.4675%,5,934,939,40,4,1,894
0x63dc0c,96.4539%,5,136,141,136,5,0,0
0x7c74f8,68.75%,5,11,16,0,0,5,11
0x8bd485,99.9926%,5,67634,67639,67634,5,0,0
0x9e0927,93.6709%,5,74,79,71,2,3,3
0x81ddb1,99.0619%,5,528,533,528,3,2,0
0xa372ea,37.5%,5,3,8,3,4,1,0
0x81ea7b,99.583%,5,1194,1199,0,0,5,1194
0x808505,81.4815%,5,22,27,5,2,3,17
0x4b8640,54.5455%,5,6,11,0,0,5,6
0x96ad7f,28.5714%,5,2,7,0,0,5,2
0x809182,99.4069%,5,838,843,838,3,2,0
0xa378a5,50%,5,5,10,3,3,2,2
0x9f9682,92.6471%,5,63,68,63,5,0,0
0xa470ec,77.2727%,5,17,22,0,3,2,17
0x81588a,72.2222%,5,13,18,6,3,2,7
0x5b3a07,97.5124%,5,196,201,196,5,0,0
0xb0d355,94.1176%,5,80,85,80,5,0,0
0x7f0ab2,80.7692%,5,21,26,21,4,1,0
0x81f287,88.6364%,5,39,44,0,4,1,39
0x541bf5,90.7407%,5,49,54,0,0,5,49
0x4bbb51,97.549%,5,199,204,199,5,0,0
0xad7fdb,99.4612%,5,923,928,0,0,5,923
0x8f4086,91.8033%,5,56,61,56,5,0,0
0xa4b70a,97.8903%,5,232,237,0,0,5,232
0x485bc9,97.5%,5,195,200,0,2,3,195
0x8df314,37.5%,5,3,8,3,5,0,0
0x8e33a2,68.75%,5,11,16,11,5,0,0
0x8dcbd3,99.7825%,5,2294,2299,2294,5,0,0
0x5f8ea8,54.5455%,5,6,11,6,5,0,0
0x6805a6,73.6842%,5,14,19,14,5,0,0
0xa2871a,76.1905%,5,16,21,0,0,5,16
0x80a96e,97.4093%,5,188,193,188,2,3,0
0xa33729,98.3871%,5,305,310,0,0,5,305
0x4bb186,95.4545%,5,105,110,0,0,5,105
0xa57ba4,93.5897%,5,73,78,36,3,2,37
0x94ae27,99.1135%,5,559,564,0,0,5,559
0x49ce46,61.5385%,5,8,13,2,3,2,6
0x821fe2,84.375%,5,27,32,27,5,0,0
0x8ab5b3,99.0706%,5,533,538,263,2,3,270
0x8a9f64,81.4815%,5,22,27,0,4,1,22
0x446556,99.1482%,5,582,587,0,0,5,582
0x441a93,54.5455%,5,6,11,6,5,0,0
0x9f12fb,50%,5,5,10,0,0,5,5
0x8e4521,84.375%,5,27,32,27,5,0,0
0xa413ea,37.5%,5,3,8,3,5,0,0
0x40e249,93.2432%,5,69,74,0,0,5,69
0x61281c,92.8571%,5,65,70,0,0,5,65
0x8dea85,96.1538%,5,125,130,1,1,4,124
0x50708b,99.3243%,5,735,740,735,5,0,0
0x53aa45,87.8049%,5,36,41,35,4,1,1
0xa35e6e,64.2857%,5,9,14,0,2,3,9
0x4a97a4,66.6667%,5,10,15,7,4,1,3
0xa53d38,96.9512%,5,159,164,159,5,0,0
0x9e8129,79.1667%,5,19,24,19,3,2,0
0x8f4ea3,99.8004%,5,2500,2505,0,0,5,2500
0x8e965b,99.5922%,5,1221,1226,1221,3,2,0
0xa6097f,98.3607%,5,300,305,0,0,5,300
0xa9471e,81.4815%,5,22,27,22,5,0,0
0x555db3,95.2381%,5,100,105,0,0,5,100
0x5cf6f8,99.7286%,5,1837,1842,3,3,2,1834
0xa9e9fa,97.7876%,5,221,226,0,0,5,221
0x81a850,99.343%,5,756,761,0,0,5,756
0x65b21b,61.5385%,5,8,13,0,0,5,8
0x511ec9,99.7052%,5,1691,1696,1691,5,0,0
0x619a7e,75%,5,15,20,2,3,2,13
0x5ef0b0,72.2222%,5,13,18,13,3,2,0
0x545e0d,99.5987%,5,1241,1246,1241,5,0,0
0x973ed3,79.1667%,5,19,24,7,5,0,12
0x595de0,99.3498%,5,764,769,0,0,5,764
0x58d11a,96.9512%,5,159,164,0,0,5,159
0x666453,99.0458%,5,519,524,0,0,5,519
0xa410a9,85.7143%,5,30,35,0,0,5,30
0x9497bb,93.6709%,5,74,79,0,0,5,74
0x4c234a,68.75%,5,11,16,6,2,3,5
0x54cf55,70.5882%,5,12,17,12,5,0,0
0x8f54a0,58.3333%,5,7,12,0,0,5,7
0x48c507,94.7917%,5,91,96,0,0,5,91
0x49cdb0,61.5385%,5,8,13,5,3,2,3
0xa5edc3,98.7654%,5,400,405,0,0,5,400
0xa45bd1,98.8453%,5,428,433,428,5,0,0
0x9fe8ac,87.5%,5,35,40,35,5,0,0
0xa94536,82.7586%,5,24,29,0,0,5,24
0xa96f79,66.6667%,5,10,15,0,0,5,10
0xa5fa9b,37.5%,5,3,8,3,5,0,0
0x9ab3d6,98.1818%,5,270,275,0,0,5,270
0x54861d,99.7875%,5,2348,2353,0,0,5,2348
0x4c073e,94.186%,5,81,86,81,5,0,0
0x804ff2,98.4848%,5,325,330,325,5,0,0
0x9f0adb,99.4213%,5,859,864,0,5,0,859
0xa37cb0,0%,5,0,5,0,0,5,0
0xa02511,99.7164%,5,1758,1763,1758,5,0,0
0xa29d25,68.75%,5,11,16,11,5,0,0
0x8df35b,37.5%,5,3,8,0,0,5,3
0xa02575,99.6198%,5,1310,1315,0,0,5,1310
0xa2d324,98.731%,5,389,394,0,0,5,389
0xa02616,97.1751%,5,172,177,0,0,5,172
0xa39ba3,99.1776%,5,603,608,0,0,5,603
0xb182b0,99.4929%,5,981,986,981,5,0,0
0xa0280e,81.4815%,5,22,27,22,5,0,0
0xa363fc,96.3504%,5,132,137,130,0,5,2
0xa2cb58,99.4395%,5,887,892,887,5,0,0
0x5bb1cf,73.6842%,5,14,19,14,2,3,0
0x9a6358,64.2857%,5,9,14,0,0,5,9
0xa2cad5,99.4395%,5,887,892,0,0,5,887
0x48b310,98.4424%,5,316,321,0,0,5,316
0x8a5e08,98.9837%,5,487,492,175,3,2,312
0x9a8fc4,64.2857%,5,9,14,0,0,5,9
0x9ab4b1,90.1961%,5,46,51,46,5,0,0
0xb2add5,99.5183%,5,1033,1038,0,0,5,1033
0x8da7aa,16.6667%,5,1,6,1,5,0,0
0x722ea9,72.2222%,5,13,18,0,4,1,13
0xa2d764,94.1176%,5,80,85,0,0,5,80
0x55465b,99.4792%,5,955,960,955,5,0,0
0x814b0d,98.0545%,5,252,257,0,0,5,252
0x8df47e,79.1667%,5,19,24,12,4,1,7
0xa45cc7,96.0938%,5,123,128,123,5,0,0
0x9f7c11,61.5385%,5,8,13,0,0,5,8
0x9abab0,99.3773%,5,798,803,798,5,0,0
0x915697,97.5%,5,195,200,195,5,0,0
0x8eedf8,96.4286%,5,135,140,0,0,5,135
0x596108,61.5385%,5,8,13,0,2,3,8
0x5cbbca,96.1832%,5,126,131,126,5,0,0
0x8ad58e,97.8355%,5,226,231,0,2,3,226
0xa28fe2,68.75%,5,11,16,11,5,0,0
0xa42bf6,90.7407%,5,49,54,49,5,0,0
0x821248,99.5987%,5,1241,1246,0,0,5,1241
0x80a890,99.4104%,5,843,848,843,3,2,0
0x805ff7,98.9817%,5,486,491,0,2,3,486
0x81f1aa,99.7407%,5,1923,1928,0,0,5,1923
0xa5301c,97.3958%,5,187,192,187,5,0,0
0xb2e77b,99.5964%,5,1234,1239,0,0,5,1234
0x8f2f8f,99.9314%,5,7279,7284,0,0,5,7279
0xa46737,83.3333%,5,25,30,25,5,0,0
0x50310b,97.3684%,5,185,190,0,0,5,185
0xa48ad2,97.006%,5,162,167,0,0,5,162
0xa446bf,90.3846%,5,47,52,47,5,0,0
0x486fff,94.7368%,5,90,95,90,3,2,0
0x4b85de,54.5455%,5,6,11,6,3,2,0
0x8adc30,94.382%,5,84,89,0,0,5,84
0x53dcac,50%,5,5,10,0,0,5,5
0xb2e6c7,89.1304%,5,41,46,0,0,5,41
0x49ddb0,82.1429%,5,23,28,0,0,5,23
0x81edc8,97.9839%,5,243,248,243,5,0,0
0x49de5a,94.898%,5,93,98,0,0,5,93
0xa90b94,93.5897%,5,73,78,0,0,5,73
0xa27854,37.5%,5,3,8,3,1,4,0
0x4bce17,16.6667%,5,1,6,1,5,0,0
0xa47911,64.2857%,5,9,14,9,5,0,0
0xa44a14,99.053%,5,523,528,523,5,0,0
0x9a71ea,50%,5,5,10,2,3,2,3
0x4414f7,54.5455%,5,6,11,0,0,5,6
0x58c29a,98.4277%,5,313,318,313,4,1,0
0xa36c03,28.5714%,5,2,7,0,4,1,2
0x627d75,78.2609%,5,18,23,18,5,0,0
0x627d8d,78.2609%,5,18,23,0,0,5,18
0xa41145,80%,5,20,25,0,0,5,20
0x8fd21a,16.6667%,5,1,6,0,2,3,1
0x5b8db3,37.5%,5,3,8,3,5,0,0
0x49cdf3,85.7143%,5,30,35,9,4,1,21
0x969318,94.186%,5,81,86,81,5,0,0
0x5f88ef,58.3333%,5,7,12,2,2,3,5
0x5f8889,95.1923%,5,99,104,5,3,2,94
0x952ef7,88.0952%,5,37,42,37,5,0,0
0x9913da,95.3704%,5,103,108,91,0,5,12
0x49f51a,99.9077%,5,5414,5419,0,0,5,5414
0xb28b64,99.8226%,5,2813,2818,0,0,5,2813
0x80e80e,90.7407%,5,49,54,18,2,3,31
0x489dd3,99.7702%,5,2171,2176,0,0,5,2171
0x4859c7,88.0952%,5,37,42,0,0,5,37
0x8a7388,99.4635%,5,927,932,0,0,5,927
0x63881f,99.6047%,5,1260,1265,1260,5,0,0
0x61143f,92.3077%,5,60,65,60,5,0,0
0x81a71f,99.9162%,5,5960,5965,0,0,5,5960
0x5be2f4,94.1176%,5,80,85,0,0,5,80
0x49ff45,99.8395%,5,3111,3116,3111,5,0,0
0xaa47b4,98.0989%,5,258,263,258,5,0,0
0x9eceef,88.3721%,5,38,43,10,0,5,28
0x90a07b,96.6443%,5,144,149,144,5,0,0
0x48af98,99.0741%,5,535,540,0,0,5,535
0x537b84,99.9481%,5,9627,9632,0,0,5,9627
0x9ee5eb,91.2281%,5,52,57,52,5,0,0
0x9edcd5,92.1875%,5,59,64,0,0,5,59
0x5ebd6f,66.6667%,5,10,15,6,2,3,4
0xa8fb84,97.7679%,5,219,224,0,0,5,219
0x591206,98.2699%,5,284,289,0,0,5,284
0x5e4361,99.6687%,5,1504,1509,0,0,5,1504
0x5f14f5,86.8421%,5,33,38,0,0,5,33
0xa311e9,97.7578%,5,218,223,4,3,2,214
0xa41b63,99.3395%,5,752,757,0,0,5,752
0x4a7988,86.4865%,5,32,37,32,5,0,0
0x4829f8,73.6842%,5,14,19,6,4,1,8
0x8f5750,99.3481%,5,762,767,762,5,0,0
0x5f8344,81.4815%,5,22,27,0,0,5,22
0x9a756f,72.2222%,5,13,18,0,0,5,13
0x973842,87.5%,5,35,40,0,0,5,35
0x5d7f70,99.5971%,5,1236,1241,1236,5,0,0
0x4ab53e,80%,5,20,25,0,0,5,20
0x7d09dc,99.2038%,5,623,628,623,5,0,0
0x5cb090,99.4357%,5,881,886,0,0,5,881
0xa353a1,98.2456%,5,280,285,280,5,0,0
0xa2e866,95.5752%,5,108,113,55,5,0,53
0x647514,75%,5,15,20,12,3,2,3
0x919f87,99.4797%,5,956,961,0,0,5,956
0x9737ab,87.5%,5,35,40,0,0,5,35
0x8f179b,96.2687%,5,129,134,0,0,5,129
0xa32c04,99.4606%,5,922,927,922,5,0,0
0x820cd7,54.5455%,5,6,11,6,5,0,0
0xa39302,64.2857%,5,9,14,0,0,5,9
0x6105b1,97.4093%,5,188,193,182,5,0,6
0xa32e9a,99.2537%,5,665,670,3,4,1,662
0x81a2c0,98.996%,5,493,498,493,5,0,0
0xa2ebcf,98.5673%,5,344,349,344,5,0,0
0x499816,72.2222%,5,13,18,0,0,5,13
0x9a6351,64.2857%,5,9,14,0,0,5,9
0x9a7147,64.2857%,5,9,14,5,4,1,4
0x8a9870,99.8923%,5,4637,4642,4637,5,0,0
0x9a9b25,95.8678%,5,116,121,0,0,5,116
0x9725db,50%,5,5,10,0,0,5,5
0x82254b,98.8152%,5,417,422,0,0,5,417
0x48b094,64.2857%,5,9,14,9,5,0,0
0xa43953,97.5124%,5,196,201,0,0,5,196
0xa313c1,94.1176%,5,80,85,0,0,5,80
0xa338f2,28.5714%,5,2,7,1,1,4,1
0xa3138a,94.1176%,5,80,85,0,0,5,80
0x81f3fd,99.6115%,5,1282,1287,1280,3,2,2
0xa31b31,97.2527%,5,177,182,0,0,5,177
0x976d56,85.2941%,5,29,34,2,3,2,27
0xa318cf,97.6852%,5,211,216,82,0,5,129
0x504927,66.6667%,5,10,15,0,0,5,10
0x9fb5e3,98.366%,5,301,306,0,0,5,301
0x81ee77,99.4388%,5,886,891,886,3,2,0
0x5c4585,99.4292%,5,871,876,0,0,5,871
0x5f0c4b,98.5207%,5,333,338,1,4,1,332
0x502a25,92.0635%,5,58,63,0,0,5,58
0x9784d2,98.9107%,5,454,459,454,5,0,0
0x97850a,98.9691%,5,480,485,0,0,5,480
0xa58a6f,96.3768%,5,133,138,0,0,5,133
0x5555ab,99.5895%,5,1213,1218,0,0,5,1213
0x8deb03,93.5897%,5,73,78,7,5,0,66
0x8bd425,99.9792%,5,24045,24050,24045,5,0,0
0xa495f9,98.7624%,5,399,404,399,5,0,0
0x40ed8d,37.5%,5,3,8,3,5,0,0
0x9fb316,85.7143%,5,30,35,30,2,3,0
0x540871,58.3333%,5,7,12,2,4,1,5
0xaad22f,28.5714%,5,2,7,2,5,0,0
0xaa4616,94.9495%,5,94,99,0,0,5,94
0x5b2b3a,88.8889%,5,40,45,0,0,5,40
0x8a6c5b,99.4499%,5,904,909,904,5,0,0
0xa9d1ec,92.4242%,5,61,66,0,0,5,61
0x9fdbbe,80%,5,20,25,4,3,2,16
0x9fe2ae,94.4444%,5,85,90,85,5,0,0
0x9eccec,95.8333%,5,115,120,9,1,4,106
0xa04acd,86.1111%,5,31,36,31,5,0,0
0x9f2a73,0%,5,0,5,0,5,0,0
0xa287d5,68.75%,5,11,16,0,0,5,11
0x4a8133,94.5652%,5,87,92,87,5,0,0
0xa52d17,98.6226%,5,358,363,358,5,0,0
0xa52d55,98.6072%,5,354,359,354,5,0,0
0xa0379a,99.8051%,5,2560,2565,2560,5,0,0
0x8d420e,98.6523%,5,366,371,0,2,3,366
0x8aac26,50%,5,5,10,0,0,5,5
0x9fb141,95.9677%,5,119,124,119,5,0,0
0xaa115c,86.1111%,5,31,36,31,5,0,0
0x9fb5d9,98.366%,5,301,306,0,0,5,301
0x67b30b,99.8186%,5,2752,2757,2752,5,0,0
0x8f7c0f,96.8153%,5,152,157,151,4,1,1
0x9e7790,90.566%,5,48,53,41,5,0,7
0x9fb8a4,98.366%,5,301,306,0,0,5,301
0xa55d02,93.9759%,5,78,83,78,5,0,0
0x951be8,86.4865%,5,32,37,25,3,2,7
0x781211,99.4675%,5,934,939,934,5,0,0
0x4106dc,97.6303%,5,206,211,10,4,1,196
0x9485ce,99.6533%,5,1437,1442,0,0,5,1437
0x9fe567,96.2687%,5,129,134,0,0,5,129
0x81cb13,97.2527%,5,177,182,59,1,4,118
0x9fb23b,95.9677%,5,119,124,119,5,0,0
0x66f51d,98.6807%,5,374,379,0,2,3,374
0xaa3401,73.6842%,5,14,19,4,4,1,10
0xa41b18,98.1273%,5,262,267,0,0,5,262
0x9e08d1,98.5795%,5,347,352,0,0,5,347
0x9fe651,88.6364%,5,39,44,36,4,1,3
0x55809c,99.2401%,5,653,658,4,0,5,649
0x54280c,99.9437%,5,8873,8878,0,0,5,8873
0xa555b0,97.2376%,5,176,181,176,5,0,0
0xa5245a,95.0495%,5,96,101,0,0,5,96
0xa58857,96.5753%,5,141,146,0,0,5,141
0x816b55,99.7702%,5,2171,2176,1330,4,1,841
0x7c744c,37.5%,5,3,8,0,2,3,3
0x554f98,90.9091%,5,50,55,0,0,5,50
0x4bc1d9,91.0714%,5,51,56,51,5,0,0
0xa5d1e5,79.1667%,5,19,24,0,0,5,19
0x5f5558,91.0714%,5,51,56,0,0,5,51
0x60de4d,93.8272%,5,76,81,54,1,4,22
0x4a82a5,94.5652%,5,87,92,0,0,5,87
0x9f5c6b,82.1429%,5,23,28,23,5,0,0
0xa55eb4,68.75%,5,11,16,4,4,1,7
0xa55f1e,70.5882%,5,12,17,4,2,3,8
0x94dd1b,99.1482%,5,582,587,0,0,5,582
0xa51097,98.0545%,5,252,257,0,4,1,252
0x682e6b,58.3333%,5,7,12,7,5,0,0
0x40ebc0,99.6821%,5,1568,1573,0,0,5,1568
0x5eef87,72.2222%,5,13,18,0,0,5,13
0xa52bba,87.5%,5,35,40,6,4,1,29
0xa9366a,97.0414%,5,164,169,0,0,5,164
0xa441b7,92.1875%,5,59,64,8,4,1,51
0x5561c9,97.9839%,5,243,248,243,5,0,0
0x9b900e,73.6842%,5,14,19,6,4,1,8
0x6d44b9,54.5455%,5,6,11,0,0,5,6
0xa4ed6a,96.9136%,5,157,162,0,0,5,157
0x8f53f5,99.4481%,5,901,906,0,0,5,901
0xa53ee7,95.3271%,5,102,107,0,0,5,102
0x5ee17c,97.9339%,5,237,242,237,5,0,0
0xa57900,80.7692%,5,21,26,1,4,1,20
0xa5d0db,96.9697%,5,160,165,160,5,0,0
0x970fc4,58.3333%,5,7,12,3,2,3,4
0xa50084,93.8272%,5,76,81,0,0,5,76
0x5b2055,73.6842%,5,14,19,14,5,0,0
0x8f5f9b,87.5%,5,35,40,35,5,0,0
0x541e75,93.75%,5,75,80,75,5,0,0
0xa52685,96.0317%,5,121,126,79,4,1,42
0x4c8e43,95.5752%,5,108,113,85,3,2,23
0xaaaa4f,93.9024%,5,77,82,1,0,5,76
0x647e13,89.7959%,5,44,49,44,5,0,0
0xa47332,54.5455%,5,6,11,0,0,5,6
0x90fe14,99.8203%,5,2778,2783,2778,5,0,0
0x4a1316,98.9293%,5,462,467,462,5,0,0
0x99e6bf,61.5385%,5,8,13,0,0,5,8
0x9d1bc5,73.6842%,5,14,19,2,0,5,12
0xa5572e,93.9759%,5,78,83,78,5,0,0
0x9005ae,97.093%,5,167,172,0,0,5,167
0xa520e8,54.5455%,5,6,11,0,0,5,6
0x590d92,97.0414%,5,164,169,164,5,0,0
0x858f29,61.5385%,5,8,13,5,2,3,3
0x81a464,98.7835%,5,406,411,0,1,4,406
0xa18a34,88.3721%,5,38,43,38,5,0,0
0x4a1216,99.3804%,5,802,807,802,5,0,0
0x67c24f,99.8199%,5,2772,2777,0,0,5,2772
0x9d030a,98.8152%,5,417,422,0,0,5,417
0x9d200c,95.0495%,5,96,101,96,5,0,0
0x9d1139,97.9508%,5,239,244,0,0,5,239
0x9d1ee4,82.1429%,5,23,28,23,5,0,0
0x816a84,61.5385%,5,8,13,8,5,0,0
0x66693f,99.1438%,5,579,584,579,5,0,0
0x49a322,64.2857%,5,9,14,6,3,2,3
0x8f4e01,58.3333%,5,7,12,6,0,5,1
0xa499d7,50%,5,5,10,5,5,0,0
0x4bc505,97.7778%,5,220,225,0,2,3,220
0xa5032d,98.6034%,5,353,358,353,5,0,0
0x9a6193,87.1795%,5,34,39,22,5,0,12
0x81c57b,98.5632%,5,343,348,168,0,5,175
0xa41054,88.8889%,5,40,45,40,5,0,0
0x60ba88,72.2222%,5,13,18,10,3,2,3
0xa63c33,99.0775%,5,537,542,0,2,3,537
0x5eb849,88.6364%,5,39,44,39,5,0,0
0x50118e,95%,5,95,100,95,5,0,0
0x99ba3c,97.3684%,5,185,190,185,5,0,0
0x81b251,98.4227%,5,312,317,0,2,3,312
0x590dae,97.0414%,5,164,169,0,0,5,164
0x8f4576,95%,5,95,100,7,5,0,88
0xa5f9eb,98.8506%,5,430,435,0,0,5,430
0x8e020d,98.7654%,5,400,405,397,4,1,3
0x9442aa,98.8938%,5,447,452,0,0,5,447
0xa396da,64.2857%,5,9,14,0,0,5,9
0x818e45,90.1961%,5,46,51,1,2,3,45
0x50ca48,75%,5,15,20,0,0,5,15
0x814973,99.5922%,5,1221,1226,1221,3,2,0
0x54daf0,87.1795%,5,34,39,0,0,5,34
0x4c403f,97.549%,5,199,204,199,5,0,0
0xa43969,97.5124%,5,196,201,196,5,0,0
0x9e822b,79.1667%,5,19,24,19,3,2,0
0x5d139e,75%,5,15,20,0,0,5,15
0x5d1c69,75%,5,15,20,0,0,5,15
0x9e3854,98.5632%,5,343,348,0,0,5,343
0xa39715,64.2857%,5,9,14,0,0,5,9
0x9d1ac8,58.3333%,5,7,12,7,5,0,0
0x905c40,98.3221%,5,293,298,0,0,5,293
0x815d66,99.1119%,5,558,563,38,3,2,520
0x4021dd,99.747%,5,1971,1976,189,2,3,1782
0x804340,44.4444%,5,4,9,1,1,4,3
0xa46d73,94.7917%,5,91,96,91,5,0,0
0x9e8620,87.8049%,5,36,41,36,5,0,0
0x9fafc1,98.7212%,5,386,391,0,0,5,386
0x80a596,99.5614%,5,1135,1140,1135,3,2,0
0x9d07d2,91.9355%,5,57,62,57,5,0,0
0xb2ada4,99.5183%,5,1033,1038,1033,5,0,0
0x8f09bf,95.7265%,5,112,117,1,3,2,111
0xb182a7,99.5025%,5,1000,1005,16,3,2,984
0xa5c4de,72.2222%,5,13,18,3,1,4,10
0xa48556,91.0714%,5,51,56,51,5,0,0
0x4c07ca,94.186%,5,81,86,81,5,0,0
0x5fe32b,68.75%,5,11,16,2,2,3,9
0x499724,93.2432%,5,69,74,69,5,0,0
0x5ec5ad,87.5%,5,35,40,27,5,0,8
0x9e73ea,98.75%,5,395,400,6,1,4,389
0x8fe8c9,96.7949%,5,151,156,0,0,5,151
0x80a533,98.227%,5,277,282,0,0,5,277
0x5b0f40,91.3793%,5,53,58,53,5,0,0
0x5e01ae,96.5517%,5,140,145,140,5,0,0
0xa48237,91.6667%,5,55,60,0,0,5,55
0x7d2c5a,73.6842%,5,14,19,12,3,2,2
0x5be45a,97.0588%,5,165,170,0,0,5,165
0xa4918c,83.3333%,5,25,30,25,5,0,0
0x5b4119,83.871%,5,26,31,0,0,5,26
0x8ea069,95.5752%,5,108,113,108,2,3,0
0x5bc170,99.6434%,5,1397,1402,0,0,5,1397
0x6804d6,99.8907%,5,4570,4575,0,0,5,4570
0x5bca52,97.5%,5,195,200,195,5,0,0
0xa379d1,50%,5,5,10,5,3,2,0
0xa58661,68.75%,5,11,16,11,5,0,0
0x6104d5,98.0989%,5,258,263,0,0,5,258
0x977f79,96.2406%,5,128,133,0,0,5,128
0x8e6986,98.4375%,5,315,320,0,0,5,315
0x5bd0c3,99.4813%,5,959,964,919,1,4,40
0xb245be,99.958%,5,11894,11899,0,0,5,11894
0x9e5945,83.3333%,5,25,30,22,5,0,3
0x540b51,98.6301%,5,360,365,12,3,2,348
0x5be18f,99.6973%,5,1647,1652,0,0,5,1647
0x64beec,99.4929%,5,981,986,166,5,0,815
0x8ef9d6,98.8914%,5,446,451,446,5,0,0
0xaa23c4,85.2941%,5,29,34,27,3,2,2
0x409ba2,77.2727%,5,17,22,2,0,5,15
0x61144a,88.0952%,5,37,42,0,0,5,37
0x4c72ea,72.2222%,5,13,18,0,0,5,13
0x64cd75,98.861%,5,434,439,434,5,0,0
0x557dc5,58.3333%,5,7,12,2,2,3,5
0xa911d7,99.2918%,5,701,706,0,4,1,701
0xad4523,16.6667%,5,1,6,1,5,0,0
0x8dea02,97.5%,5,195,200,0,0,5,195
0x9e0b63,98.0545%,5,252,257,0,0,5,252
0xb17ba4,99.5287%,5,1056,1061,0,0,5,1056
0xb18323,99.5025%,5,1000,1005,1000,5,0,0
0x54d191,70.5882%,5,12,17,2,5,0,10
0xa9cd53,58.3333%,5,7,12,1,3,2,6
0x64cd68,99.0706%,5,533,538,95,4,1,438
0xa30d73,95.6522%,5,110,115,110,5,0,0
0xb23001,96.7532%,5,149,154,149,5,0,0
0xa9c68c,96.4789%,5,137,142,0,0,5,137
0xace338,97.8541%,5,228,233,83,2,3,145
0x554d47,50%,5,5,10,5,5,0,0
0xa99f19,50%,5,5,10,0,4,1,5
0x5be567,97.0588%,5,165,170,165,5,0,0
0xb22bc1,99.7323%,5,1863,1868,0,0,5,1863
0x547cb3,99.1639%,5,593,598,593,5,0,0
0x61076a,70.5882%,5,12,17,3,1,4,9
0xa5eb9d,98.2143%,5,275,280,0,0,5,275
0x609e58,99.1843%,5,608,613,0,0,5,608
0x95ae85,78.2609%,5,18,23,0,0,5,18
0x8a239f,50%,5,5,10,5,3,2,0
0xa497a1,98.3444%,5,297,302,0,0,5,297
0x54098e,16.6667%,5,1,6,0,0,5,1
0x99d9ea,86.4865%,5,32,37,32,5,0,0
0xa900c8,98.7805%,5,405,410,0,0,5,405
0x6706a9,70.5882%,5,12,17,12,5,0,0
0x491519,96.8553%,5,154,159,0,1,4,154
0x4959a9,73.6842%,5,14,19,14,5,0,0
0x4a859e,70.5882%,5,12,17,0,0,5,12
0xa39d2a,99.6203%,5,1312,1317,1312,5,0,0
0x556ff2,94.1176%,5,80,85,6,3,2,74
0x60b2f1,91.9355%,5,57,62,0,0,5,57
0xaaaf4b,95.9677%,5,119,124,0,0,5,119
0x8f09e8,95.3704%,5,103,108,103,5,0,0
0x822041,84.375%,5,27,32,0,0,5,27
0xa25caa,99.4266%,5,867,872,0,0,5,867
0x8ff57c,78.2609%,5,18,23,18,4,1,0
0x9e859c,98.2517%,5,281,286,62,5,0,219
0xaa2848,88.3721%,5,38,43,0,0,5,38
0xa9bd1c,50%,5,5,10,0,0,5,5
0x5358bc,83.3333%,5,25,30,25,4,1,0
0x441477,99.1409%,5,577,582,0,0,5,577
0xb2abc5,98.5549%,5,341,346,341,5,0,0
0x441837,54.5455%,5,6,11,0,0,5,6
0xb2ad4d,99.5183%,5,1033,1038,1033,5,0,0
0xa280ae,98.5075%,5,330,335,0,3,2,330
0xa9eaad,94.1176%,5,80,85,80,5,0,0
0x5be0a7,93.5897%,5,73,78,0,0,5,73
0xa3386d,95.6897%,5,111,116,0,0,5,111
0xaca884,82.1429%,5,23,28,23,5,0,0
0xacabb9,82.1429%,5,23,28,23,5,0,0
0xa08cf5,75%,5,15,20,13,3,2,2
0x9d0c74,90.1961%,5,46,51,46,5,0,0
0xa31b90,83.871%,5,26,31,26,5,0,0
0xacfbd2,90%,5,45,50,2,1,4,43
0xa2d38c,98.731%,5,389,394,389,5,0,0
0x9f3ff3,95.7627%,5,113,118,0,4,1,113
0xa5b0c7,44.4444%,5,4,9,4,3,2,0
0x66f55d,97.5728%,5,201,206,0,0,5,201
0xa5abdc,66.6667%,5,10,15,10,5,0,0
0xa07525,88.6364%,5,39,44,35,3,2,4
0x9017e4,81.4815%,5,22,27,0,0,5,22
0xb23bb2,98.5549%,5,341,346,0,0,5,341
0x8a694c,96.7105%,5,147,152,147,5,0,0
0x818d46,99.8953%,5,4772,4777,4772,5,0,0
0xa91c6c,97.992%,5,244,249,244,5,0,0
0xa91754,85.2941%,5,29,34,29,5,0,0
0xa2dc1a,97.4227%,5,189,194,0,0,5,189
0x8dae3f,99.6374%,5,1374,1379,1374,5,0,0
0x7c7236,44.4444%,5,4,9,0,0,5,4
0x8fcea6,88.6364%,5,39,44,0,0,5,39
0x5e78ce,93.1507%,5,68,73,68,5,0,0
0x97bc03,92.7536%,5,64,69,64,3,2,0
0xa92f17,94.3182%,5,83,88,83,5,0,0
0x8f1d81,89.5833%,5,43,48,0,0,5,43
0x9ee33b,95.4545%,5,105,110,0,0,5,105
0x5905bc,68.75%,5,11,16,0,0,5,11
0x97834b,96.2406%,5,128,133,0,0,5,128
0xb17b96,99.5287%,5,1056,1061,0,0,5,1056
0x63bc22,98.5507%,5,340,345,340,5,0,0
0x70c2b5,16.6667%,5,1,6,0,0,5,1
0x550e0a,79.1667%,5,19,24,6,1,4,13
0x9d0644,91.9355%,5,57,62,0,0,5,57
0x9713e4,64.2857%,5,9,14,7,0,5,2
0x63ae69,97.9253%,5,236,241,236,5,0,0
0x820c57,90.3846%,5,47,52,47,3,2,0
0x970fa2,28.5714%,5,2,7,2,5,0,0
0x40ab39,70.5882%,5,12,17,9,2,3,3
0x8e1055,68.75%,5,11,16,11,1,4,0
0x83aa17,58.3333%,5,7,12,5,3,2,2
0x4049be,98.0695%,5,254,259,254,5,0,0
0x404992,96.124%,5,124,129,124,1,4,0
0x9e79db,97.0414%,5,164,169,27,1,4,137
0x674fec,84.375%,5,27,32,0,0,5,27
0x63d825,96.4539%,5,136,141,136,5,0,0
0xa41e38,99.6032%,5,1255,1260,1255,5,0,0
0x9e6d88,98.5549%,5,341,346,341,5,0,0
0xa35951,97.2973%,5,180,185,7,3,2,173
0x99f742,61.5385%,5,8,13,8,5,0,0
0x818880,99.3954%,5,822,827,0,0,5,822
0xa49fd0,96.5517%,5,140,145,0,0,5,140
0x48d729,76.1905%,5,16,21,1,0,5,15
0xaaa5d4,70.5882%,5,12,17,9,1,4,3
0x40b136,97.4359%,5,190,195,0,2,3,190
0x8f289f,88.6364%,5,39,44,39,5,0,0
0x811a47,99.4069%,5,838,843,838,5,0,0
0xa9dafe,91.2281%,5,52,57,0,2,3,52
0x63f826,99.8549%,5,3442,3447,0,2,3,3442
0x508df9,44.4444%,5,4,9,0,0,5,4
0x813a53,77.2727%,5,17,22,15,2,3,2
0x8dcb83,99.0177%,5,504,509,0,0,5,504
0x402d3b,91.5254%,5,54,59,0,0,5,54
0x65a115,99.6582%,5,1458,1463,0,0,5,1458
0x648433,98.6188%,5,357,362,82,3,2,275
0x4a7aa7,99.0291%,5,510,515,0,0,5,510
0x9cfbd1,95.935%,5,118,123,118,5,0,0
0x976e81,85.2941%,5,29,34,29,5,0,0
0x81450e,99.8439%,5,3199,3204,3199,5,0,0
0x53d9fc,99.6908%,5,1612,1617,0,0,5,1612
0x81fc20,98.452%,5,318,323,304,5,0,14
0xaa2955,96.3768%,5,133,138,133,4,1,0
0x8b98ba,99.9614%,5,12959,12964,0,0,5,12959
0x808087,99.4104%,5,843,848,840,3,2,3
0x8b97a7,99.9561%,5,11372,11377,0,0,5,11372
0x70e8ae,16.6667%,5,1,6,1,5,0,0
0x59719b,99.1948%,5,616,621,0,0,5,616
0x5c570d,88.8889%,5,40,45,7,1,4,33
0xaa136c,97.4359%,5,190,195,0,0,5,190
0xaa46a4,97.9592%,5,240,245,240,5,0,0
0x8ea142,99.7979%,5,2469,2474,0,0,5,2469
0x88dfaf,16.6667%,5,1,6,0,0,5,1
0x9a24a9,87.5%,5,35,40,35,1,4,0
0xb0c08a,99.8701%,5,3844,3849,3844,5,0,0
0x48a9f2,99.4388%,5,886,891,886,5,0,0
0x4b499a,96.3768%,5,133,138,133,5,0,0
0x8eb55e,86.4865%,5,32,37,32,5,0,0
0x606d9b,37.5%,5,3,8,3,5,0,0
0xa4a346,86.8421%,5,33,38,15,3,2,18
0x59252a,99.8917%,5,4613,4618,0,0,5,4613
0x63ad81,98.0843%,5,256,261,256,5,0,0
0xa90429,98.7805%,5,405,410,0,0,5,405
0x60c6f4,28.5714%,5,2,7,2,5,0,0
0x55057d,98.5549%,5,341,346,341,5,0,0
0x53e492,70.5882%,5,12,17,2,2,3,10
0xa8f8f1,80.7692%,5,21,26,0,0,5,21
0xa8f863,87.5%,5,35,40,35,1,4,0
0xaa7f5c,99.0548%,5,524,529,0,0,5,524
0x8efdfb,86.1111%,5,31,36,31,5,0,0
0x5bd777,99.6877%,5,1596,1601,1479,3,2,117
0xa1809d,99.2743%,5,684,689,0,0,5,684
0x5ff9fc,94.5652%,5,87,92,87,5,0,0
0xa41226,80%,5,20,25,0,0,5,20
0xa17f96,98.6667%,5,370,375,0,0,5,370
0xa17ede,99.4571%,5,916,921,0,0,5,916
0x9e3f9a,98.0237%,5,248,253,248,5,0,0
0x610782,61.5385%,5,8,13,0,0,5,8
0x5d0574,72.2222%,5,13,18,13,5,0,0
0x5501b2,96.3235%,5,131,136,0,0,5,131
0x50ee29,94.3182%,5,83,88,0,0,5,83
0x4b5f65,37.5%,5,3,8,3,1,4,0
0x8ee80c,98.7805%,5,405,410,404,3,2,1
0x9a7275,75%,5,15,20,1,4,1,14
0xa1afc5,93.2432%,5,69,74,51,2,3,18
0x4ad3d8,75%,5,15,20,15,5,0,0
0x8f455d,95%,5,95,100,95,5,0,0
0xa4cf67,68.75%,5,11,16,3,5,0,8
0x673d7e,73.6842%,5,14,19,0,0,5,14
0xa944bd,82.7586%,5,24,29,0,0,5,24
0x610876,73.6842%,5,14,19,8,1,4,6
0xa94a36,97.7679%,5,219,224,0,0,5,219
0x5ffea6,99.4019%,5,831,836,0,0,5,831
0xa8fb9b,97.7679%,5,219,224,219,5,0,0
0x9a1944,75%,5,15,20,15,5,0,0
0xa90386,75%,5,15,20,15,5,0,0
0xaa33aa,97.4093%,5,188,193,8,4,1,180
0x959625,96.0938%,5,123,128,2,2,3,121
0x9a249f,87.5%,5,35,40,0,0,5,35
0xa95e1f,85.2941%,5,29,34,19,3,2,10
0x9e090e,94.382%,5,84,89,5,3,2,79
0x60b4e3,97.2376%,5,176,181,0,0,5,176
0x81ca76,97.093%,5,167,172,0,2,3,167
0x50c366,95.4955%,5,106,111,0,0,5,106
0x8eb660,86.4865%,5,32,37,0,0,5,32
0x9e8bad,96.5517%,5,140,145,140,5,0,0
0x944987,92.8571%,5,65,70,0,0,5,65
0x8bad4b,72.2222%,5,13,18,13,5,0,0
0x65203c,87.1795%,5,34,39,34,5,0,0
0x5cf85d,99.7277%,5,1831,1836,0,0,5,1831
0xa39bcf,93.9759%,5,78,83,78,5,0,0
0x5cf908,99.7286%,5,1837,1842,0,0,5,1837
0x489e0d,99.7702%,5,2171,2176,2171,5,0,0
0x4bbac1,97.561%,5,200,205,0,1,4,200
0x5d27c3,96.2406%,5,128,133,128,5,0,0
0x9ee48f,95.935%,5,118,123,118,5,0,0
0x5dce35,96.2406%,5,128,133,128,5,0,0
0x5dd939,96.2406%,5,128,133,128,5,0,0
0xa39682,99.4369%,5,883,888,883,5,0,0
0x9523bc,93.5065%,5,72,77,0,2,3,72
0xa2d293,98.503%,5,329,334,329,5,0,0
0x8a62f3,96.3235%,5,131,136,131,5,0,0
0x9c3bb4,86.1111%,5,31,36,31,5,0,0
0x667028,81.4815%,5,22,27,0,0,5,22
0x4c6791,80.7692%,5,21,26,8,4,1,13
0x49fa96,96.5278%,5,139,144,0,0,5,139
0xa366ec,96.7105%,5,147,152,0,0,5,147
0x97275f,98.1685%,5,268,273,0,0,5,268
0x94d9f4,86.1111%,5,31,36,5,5,0,26
0xa39f13,83.3333%,5,25,30,25,5,0,0
0xaa7ddb,89.3617%,5,42,47,0,0,5,42
0xa27590,95.4545%,5,105,110,105,5,0,0
0x550f17,44.4444%,5,4,9,4,5,0,0
0x558d43,98.3333%,5,295,300,277,3,2,18
0x8c7476,99.4715%,5,941,946,0,3,2,941
0x606ce3,37.5%,5,3,8,3,5,0,0
0xa60a37,98.3553%,5,299,304,299,5,0,0
0x9e5dc2,85.7143%,5,30,35,16,2,3,14
0x70e8a9,16.6667%,5,1,6,0,0,5,1
0x9e54bf,97.0414%,5,164,169,164,5,0,0
0xa92d9c,94.3182%,5,83,88,83,5,0,0
0x9f405f,84.8485%,5,28,33,25,5,0,3
0xa96a1c,91.8033%,5,56,61,0,0,5,56
0x7858f5,28.5714%,5,2,7,2,5,0,0
0x959645,96.0938%,5,123,128,0,4,1,123
0x99e081,66.6667%,5,10,15,0,0,5,10
0x790fd8,85.7143%,5,30,35,30,5,0,0
0xa41f9e,94.2529%,5,82,87,82,5,0,0
0x8aebce,98.5549%,5,341,346,0,0,5,341
0xaa2f28,95.098%,5,97,102,0,0,5,97
0xa5edcb,98.7654%,5,400,405,0,0,5,400
0x9e60c0,97.8992%,5,233,238,233,5,0,0
0x49ceaa,0%,5,0,5,0,0,5,0
0xa60c6a,97.8903%,5,232,237,0,0,5,232
0x49dd74,82.1429%,5,23,28,0,0,5,23
0x99ab90,98.0469%,5,251,256,251,4,1,0
0x99ad9b,97.5962%,5,203,208,0,0,5,203
0x51b0ab,98.0237%,5,248,253,248,5,0,0
0x99adb1,97.5962%,5,203,208,25,5,0,178
0xa39fb9,92.3077%,5,60,65,0,0,5,60
0xb4a1b2,99.3094%,5,719,724,719,5,0,0
0xa5c3e3,94.6809%,5,89,94,18,4,1,71
0xa27361,95.283%,5,101,106,70,5,0,31
0x4a7918,16.6667%,5,1,6,0,0,5,1
0x60700b,98.2935%,5,288,293,0,0,5,288
0x6070af,98.0315%,5,249,254,0,0,5,249
0x9e0da3,78.2609%,5,18,23,18,5,0,0
0x8f1248,87.5%,5,35,40,35,5,0,0
0xa95f9b,58.3333%,5,7,12,0,4,1,7
0xa25f57,97.3404%,5,183,188,183,5,0,0
0x817415,94.5652%,5,87,92,0,5,0,87
0xa98825,66.6667%,5,10,15,0,0,5,10
0xa970fd,86.4865%,5,32,37,0,0,5,32
0x9f23c7,93.8272%,5,76,81,76,3,2,0
0xa95bec,96.1538%,5,125,130,125,5,0,0
0x9e2650,98.2639%,5,283,288,147,2,3,136
0x9aae79,89.1304%,5,41,46,41,4,1,0
0x81f6a3,89.1304%,5,41,46,41,1,4,0
0xa970af,86.4865%,5,32,37,32,5,0,0
0x973c2e,50%,5,5,10,0,2,3,5
0x8ff307,50%,5,5,10,1,2,3,4
0x9a12b9,96.7105%,5,147,152,0,0,5,147
0xa4d58b,96.9136%,5,157,162,0,2,3,157
0x611402,93.1507%,5,68,73,68,5,0,0
0x9a14ab,92.7536%,5,64,69,0,0,5,64
0x8da2ab,99.6601%,5,1466,1471,1466,5,0,0
0x99c8bb,98.9899%,5,490,495,0,0,5,490
0x610522,92.0635%,5,58,63,0,0,5,58
0x9a32f9,96.5753%,5,141,146,0,0,5,141
0x99b164,87.5%,5,35,40,35,5,0,0
0xa3009f,97.807%,5,223,228,0,0,5,223
0xaa7c6f,50%,5,5,10,5,5,0,0
0x811ea0,99.7928%,5,2408,2413,3,2,3,2405
0x8f105e,87.5%,5,35,40,27,5,0,8
0x81d3a2,97.2527%,5,177,182,0,0,5,177
0x90f004,97.5%,5,195,200,195,5,0,0
0x4c4b1b,98.7562%,5,397,402,397,5,0,0
0x9a345c,80.7692%,5,21,26,21,5,0,0
0x48a79d,99.5667%,5,1149,1154,0,0,5,1149
0x9fecc4,83.3333%,5,25,30,25,5,0,0
0x490261,90.7407%,5,49,54,49,5,0,0
0x5eaebd,37.5%,5,3,8,3,1,4,0
0x99af0d,97.5962%,5,203,208,203,5,0,0
0xa01c50,28.5714%,5,2,7,0,4,1,2
0x9e3cfa,87.8049%,5,36,41,36,3,2,0
0xa45415,98.5632%,5,343,348,0,0,5,343
0x8e5a2d,97.5962%,5,203,208,203,5,0,0
0x99c877,99.3369%,5,749,754,749,5,0,0
0xa3015a,0%,5,0,5,0,5,0,0
0x8e02b6,99.4924%,5,980,985,413,2,3,567
0x63abc5,99.0329%,5,512,517,512,5,0,0
0x49978b,80.7692%,5,21,26,0,0,5,21
0x6095bf,98.0159%,5,247,252,247,5,0,0
0x609c6f,99.2492%,5,661,666,0,0,5,661
0xa522e7,94.8454%,5,92,97,0,0,5,92
0x7e1183,87.5%,5,35,40,13,0,5,22
0x611463,88.0952%,5,37,42,28,3,2,9
0x9f950c,96.2687%,5,129,134,0,0,5,129
0x60a873,98.7342%,5,390,395,0,0,5,390
0x609d37,98.5836%,5,348,353,348,5,0,0
0xa29cef,68.75%,5,11,16,0,0,5,11
0x901713,97.3262%,5,182,187,182,5,0,0
0x54179c,96.3235%,5,131,136,131,5,0,0
0x50adf0,96.3235%,5,131,136,0,0,5,131
0x48d9ac,98.9451%,5,469,474,0,0,5,469
0x502b68,0%,5,0,5,0,0,5,0
0x502b72,0%,5,0,5,0,0,5,0
0x821631,98.9247%,5,460,465,460,5,0,0
0x5422ac,99.9162%,5,5964,5969,5964,5,0,0
0x51b774,99.8796%,5,4149,4154,0,0,5,4149
0xa4d6e9,86.1111%,5,31,36,31,5,0,0
0x98cdac,85.7143%,5,30,35,0,0,5,30
0x9f1261,50%,5,5,10,5,5,0,0
0x534ffa,92.1875%,5,59,64,59,5,0,0
0x50d0a1,94.0476%,5,79,84,0,2,3,79
0x488707,99.2571%,5,668,673,668,5,0,0
0x7c70b1,61.5385%,5,8,13,0,0,5,8
0x8df63d,44.4444%,5,4,9,1,4,1,3
0x4c167c,97.4747%,5,193,198,183,3,2,10
0xa2ddfc,86.1111%,5,31,36,16,3,2,15
0x904297,75%,5,15,20,9,2,3,6
0x501856,99.846%,5,3242,3247,0,0,5,3242
0xa56891,96.124%,5,124,129,121,2,3,3
0xa352ab,76.1905%,5,16,21,16,2,3,0
0xa56844,58.3333%,5,7,12,1,5,0,6
0x8a76b5,98.0545%,5,252,257,107,4,1,145
0x593100,83.3333%,5,25,30,0,0,5,25
0x50fff6,99.4824%,5,961,966,0,0,5,961
0x50427c,84.8485%,5,28,33,1,2,3,27
0x88dfda,58.3333%,5,7,12,6,0,5,1
0x9093bc,99.8653%,5,3707,3712,3707,5,0,0
0x543fcb,37.5%,5,3,8,0,0,5,3
0x4aaf9b,54.5455%,5,6,11,3,3,2,3
0x90ae61,95.7983%,5,114,119,0,0,5,114
0xa5103e,99.0119%,5,501,506,0,4,1,501
0x53ba19,64.2857%,5,9,14,8,4,1,1
0x505fee,83.3333%,5,25,30,25,5,0,0
0x4ab1db,0%,5,0,5,0,0,5,0
0x482091,54.5455%,5,6,11,3,4,1,3
0x94cf9d,89.3617%,5,42,47,0,0,5,42
0xaac45a,68.75%,5,11,16,7,1,4,4
0x49c82b,72.2222%,5,13,18,12,5,0,1
0x9e18ee,92.4242%,5,61,66,61,5,0,0
0x491a9d,96.9697%,5,160,165,4,3,2,156
0x402af9,96.2406%,5,128,133,0,0,5,128
0x8a670c,96.4029%,5,134,139,0,0,5,134
0x495b8d,73.6842%,5,14,19,0,0,5,14
0x4a7bc3,90.1961%,5,46,51,46,5,0,0
0x959793,90.3846%,5,47,52,1,3,2,46
0xa7a1d9,97.1429%,5,170,175,0,0,5,170
0x8fdb04,72.2222%,5,13,18,0,0,5,13
0x8fd463,92.6471%,5,63,68,1,1,4,62
0xa473a0,90.7407%,5,49,54,14,4,1,35
0x404f07,79.1667%,5,19,24,7,5,0,12
0x808f06,97.4874%,5,194,199,178,4,1,16
0x548203,99.9268%,5,6824,6829,6824,5,0,0
0x5ff7ba,97.4093%,5,188,193,0,0,5,188
0x59c362,83.871%,5,26,31,19,4,1,7
0xa548c7,98.8453%,5,428,433,0,0,5,428
0x8dee91,96.1832%,5,126,131,121,2,3,5
0x7942a9,85.7143%,5,30,35,4,2,3,26
0x68a8ef,93.4211%,5,71,76,71,5,0,0
0x814e01,99.5375%,5,1076,1081,796,4,1,280
0x49c6ea,50%,5,5,10,1,3,2,4
0x58c548,85.2941%,5,29,34,0,0,5,29
0x493737,94.2529%,5,82,87,82,5,0,0
0x4ac669,66.6667%,5,10,15,10,5,0,0
0x8ecaad,54.5455%,5,6,11,6,3,2,0
0x50ffd4,99.6622%,5,1475,1480,0,0,5,1475
0x7c7446,37.5%,5,3,8,0,0,5,3
0x4bf498,92.6471%,5,63,68,0,0,5,63
0x5531f4,99.2754%,5,685,690,0,0,5,685
0x53dd74,99.9704%,5,16877,16882,0,0,5,16877
0x8f4344,99.6556%,5,1447,1452,1447,5,0,0
0x50da2c,66.6667%,5,10,15,0,0,5,10
0x555ae2,90.9091%,5,50,55,50,1,4,0
0x48872b,98.7374%,5,391,396,0,0,5,391
0x901867,98.0469%,5,251,256,0,0,5,251
0xa44fd2,64.2857%,5,9,14,9,5,0,0
0x808d71,99.9396%,5,8273,8278,8273,5,0,0
0x808e37,99.4104%,5,843,848,840,3,2,3
0xa43cf0,99.0975%,5,549,554,0,0,5,549
0x8a274f,98.0392%,5,250,255,250,5,0,0
0x7d2172,99.0991%,5,550,555,0,0,5,550
0x7ce7bb,86.1111%,5,31,36,21,3,2,10
0x80f502,99.8224%,5,2811,2816,2811,5,0,0
0x4c8184,77.2727%,5,17,22,17,5,0,0
0xaa5718,94.6237%,5,88,93,0,0,5,88
0x53969a,95.4128%,5,104,109,104,5,0,0
0x90191c,98.6737%,5,372,377,0,0,5,372
0x5f8ca6,88.8889%,5,40,45,0,0,5,40
0x94987d,93.6709%,5,74,79,0,0,5,74
0x5b2dcf,93.3333%,5,70,75,70,5,0,0
0x8d24fa,93.9024%,5,77,82,0,0,5,77
0x8d2483,94.0476%,5,79,84,0,0,5,79
0x835da2,90.566%,5,48,53,48,5,0,0
0x8bccae,83.3333%,5,25,30,9,5,0,16
0x9698c3,93.0556%,5,67,72,67,3,2,0
0x7d20fa,97.093%,5,167,172,132,4,1,35
0x4c52d1,79.1667%,5,19,24,3,3,2,16
0x533b34,99.1857%,5,609,614,609,5,0,0
0x5fb7da,90.9091%,5,50,55,2,3,2,48
0xa4466a,90.3846%,5,47,52,47,5,0,0
0x50b3f8,37.5%,5,3,8,3,1,4,0
0x80fda5,99.5798%,5,1185,1190,567,1,4,618
0xa8e763,94.1176%,5,80,85,0,2,3,80
0x51091b,99.2076%,5,626,631,0,0,5,626
0x50776c,72.2222%,5,13,18,5,3,2,8
0x67a2e8,78.2609%,5,18,23,18,5,0,0
0x9f2afa,0%,5,0,5,0,0,5,0
0xa5705e,97.0238%,5,163,168,0,1,4,163
0xa319b7,97.6526%,5,208,213,208,5,0,0
0x4bf2bf,89.5833%,5,43,48,12,1,4,31
0x4bb69a,90.3846%,5,47,52,47,5,0,0
0x51153a,99.8907%,5,4568,4573,4568,5,0,0
0x70c2d8,16.6667%,5,1,6,1,5,0,0
0x5bb283,97.5%,5,195,200,195,3,2,0
0x542038,99.2888%,5,698,703,698,5,0,0
0x80fe29,99.1597%,5,590,595,590,5,0,0
0x8bb804,93.0556%,5,67,72,0,0,5,67
0x51b107,61.5385%,5,8,13,0,0,5,8
0x8be4a4,72.2222%,5,13,18,0,0,5,13
0x638ef2,98.5207%,5,333,338,0,0,5,333
0x540c77,99.7153%,5,1751,1756,1751,5,0,0
0x81b0e5,98.4227%,5,312,317,0,2,3,312
0x94989e,93.6709%,5,74,79,0,0,5,74
0x4aaef0,54.5455%,5,6,11,0,0,5,6
0x64f206,70.5882%,5,12,17,0,0,5,12
0x9012c2,97.2222%,5,175,180,175,5,0,0
0x5396f7,95.4128%,5,104,109,59,3,2,45
0x9be4b4,93.0556%,5,67,72,67,3,2,0
0x4b8095,54.5455%,5,6,11,1,4,1,5
0x54d139,66.6667%,5,10,15,10,5,0,0
0x9e18ad,95.8333%,5,115,120,0,0,5,115
0xa51ea9,82.1429%,5,23,28,23,5,0,0
0x4c0539,88.6364%,5,39,44,11,2,3,28
0xa95fbd,37.5%,5,3,8,0,0,5,3
0xa5680c,58.3333%,5,7,12,6,0,5,1
0x4ab2b8,54.5455%,5,6,11,6,5,0,0
0x4098fe,98.1061%,5,259,264,259,2,3,0
0x533aee,87.5%,5,35,40,29,2,3,6
0x80c6ba,0%,5,0,5,0,5,0,0
0x90ae9c,95.7983%,5,114,119,0,0,5,114
0x4b530c,93.1507%,5,68,73,0,2,3,68
0x786986,58.3333%,5,7,12,2,4,1,5
0x538d61,96.2121%,5,127,132,0,0,5,127
0x8374ee,88.8889%,5,40,45,31,2,3,9
0xa564fb,99.031%,5,511,516,511,5,0,0
0x980dcd,89.3617%,5,42,47,42,5,0,0
0x49612f,58.3333%,5,7,12,6,3,2,1
0x555b6a,97.9339%,5,237,242,0,1,4,237
0x7efe75,97.0238%,5,163,168,0,0,5,163
0x495f70,58.3333%,5,7,12,0,0,5,7
0x5f5303,99.9469%,5,9403,9408,5617,1,4,3786
0x50e57b,90.9091%,5,50,55,0,2,3,50
0x9e08a7,98.9154%,5,456,461,0,0,5,456
0x9e2c78,78.2609%,5,18,23,0,0,5,18
0x50454a,99.3243%,5,735,740,0,0,5,735
0x53589f,92.0635%,5,58,63,43,2,3,15
0x659e7a,73.6842%,5,14,19,7,3,2,7
0x8f2857,88.6364%,5,39,44,39,5,0,0
0x78ad03,88.6364%,5,39,44,0,0,5,39
0x8f38fb,99.3773%,5,798,803,798,5,0,0
0x8a64d6,96.7105%,5,147,152,0,0,5,147
0x8f287a,88.6364%,5,39,44,0,0,5,39
0x4bc2e2,99.6649%,5,1487,1492,1487,5,0,0
0x4ba173,95.283%,5,101,106,90,3,2,11
0x4a136d,95.7627%,5,113,118,0,1,4,113
0xaa2391,85.2941%,5,29,34,0,0,5,29
0x48eb30,98.0237%,5,248,253,5,1,4,243
0xa02e53,93.0556%,5,67,72,67,3,2,0
0x8b9570,99.4131%,5,847,852,847,5,0,0
0xaa2368,88.8889%,5,40,45,0,0,5,40
0x53f154,37.5%,5,3,8,1,3,2,2
0x65bc1a,99.0099%,5,500,505,0,0,5,500
0x5095cd,96.875%,5,155,160,155,5,0,0
0xa4fe37,97.8541%,5,228,233,228,5,0,0
0x8f7634,96.8153%,5,152,157,152,5,0,0
0x98447f,73.6842%,5,14,19,14,4,1,0
0x4900b8,50%,5,5,10,5,3,2,0
0x591c43,96.7105%,5,147,152,0,0,5,147
0x5454d2,89.7959%,5,44,49,44,5,0,0
0x441b65,54.5455%,5,6,11,6,5,0,0
0x4024b7,95.4545%,5,105,110,105,3,2,0
0x441c19,54.5455%,5,6,11,6,5,0,0
0x4b4a81,98.6523%,5,366,371,0,2,3,366
0x8d2600,91.0714%,5,51,56,0,0,5,51
0x809117,99.4104%,5,843,848,840,3,2,3
0x544302,91.2281%,5,52,57,0,0,5,52
0x53c489,96.2121%,5,127,132,0,2,3,127
0x81f2ef,88.6364%,5,39,44,18,3,2,21
0xa0019f,92.4242%,5,61,66,60,4,1,1
0x5af096,50%,5,5,10,0,0,5,5
0xa42838,97.1429%,5,170,175,170,5,0,0
0x550ed2,89.7959%,5,44,49,0,0,5,44
0x659e94,73.6842%,5,14,19,14,5,0,0
0x944b36,97.7477%,5,217,222,217,5,0,0
0xae7059,92.8571%,5,65,70,64,5,0,1
0x441cbf,54.5455%,5,6,11,6,5,0,0
0x48dfc8,81.4815%,5,22,27,12,2,3,10
0x8042e8,76.1905%,5,16,21,3,2,3,13
0x8d3ef3,72.2222%,5,13,18,2,3,2,11
0x4b7977,81.4815%,5,22,27,22,5,0,0
0x4c2113,96.8553%,5,154,159,154,5,0,0
0x4b833c,44.4444%,5,4,9,0,4,1,4
0x9f4162,84.8485%,5,28,33,0,0,5,28
0x48266d,73.6842%,5,14,19,14,5,0,0
0xa51a5f,58.3333%,5,7,12,2,3,2,5
0x40b46e,97.4093%,5,188,193,188,3,2,0
0x98c9c6,95.4128%,5,104,109,104,5,0,0
0x4b4906,98.6523%,5,366,371,0,0,5,366
0x90ced4,99.7031%,5,1679,1684,837,5,0,842
0x4948c3,94.0476%,5,79,84,79,3,2,0
0x81f975,70.5882%,5,12,17,6,2,3,6
0x94c7b0,99.1135%,5,559,564,0,0,5,559
0x95b43d,54.5455%,5,6,11,6,5,0,0
0x4a812b,94.5652%,5,87,92,0,0,5,87
0x5fb95c,80.7692%,5,21,26,7,5,0,14
0xa96f11,76.1905%,5,16,21,0,0,5,16
0x9f6b74,88.6364%,5,39,44,0,0,5,39
0x80dcf8,99.6013%,5,1249,1254,625,2,3,624
0x4048a0,98%,5,245,250,220,1,4,25
0x680501,99.8907%,5,4570,4575,0,0,5,4570
0xa2827b,96.0317%,5,121,126,121,5,0,0
0x94ae36,99.1135%,5,559,564,0,0,5,559
0x5ffe94,99.4019%,5,831,836,0,0,5,831
0x9eb728,97.0238%,5,163,168,0,0,5,163
0x5b2f33,97.5%,5,195,200,195,5,0,0
0x8f2f13,97.7679%,5,219,224,219,3,2,0
0x441dd8,54.5455%,5,6,11,6,5,0,0
0x9f7b3b,93.6709%,5,74,79,71,4,1,3
0x441d22,54.5455%,5,6,11,6,5,0,0
0x48da49,89.1304%,5,41,46,0,0,5,41
0x4c9e6f,99.4413%,5,890,895,890,1,4,0
0xa3e443,68.75%,5,11,16,4,4,1,7
0x6f4517,72.2222%,5,13,18,0,0,5,13
0xb30b7e,98.503%,5,329,334,0,0,5,329
0x910da8,99.2481%,5,660,665,660,5,0,0
0x6105cd,94.6237%,5,88,93,88,5,0,0
0x50aae0,50%,5,5,10,0,0,5,5
0x483c63,73.6842%,5,14,19,14,5,0,0
0x4098cf,98.3871%,5,305,310,0,2,3,305
0x5473bd,91.8033%,5,56,61,0,0,5,56
0x9a0c3d,82.1429%,5,23,28,23,5,0,0
0x9ea678,97.0238%,5,163,168,0,0,5,163
0xaab0c7,93.9024%,5,77,82,75,3,2,2
0x6043f4,58.3333%,5,7,12,0,0,5,7
0x548589,97.5124%,5,196,201,0,0,5,196
0x649b49,95.283%,5,101,106,101,3,2,0
0x534e2f,99.8324%,5,2979,2984,0,0,5,2979
0x679fd7,99.7213%,5,1789,1794,0,0,5,1789
0x639c85,99.1667%,5,595,600,595,5,0,0
0x483999,82.7586%,5,24,29,0,0,5,24
0x94e97c,83.3333%,5,25,30,0,0,5,25
0x944ac7,97.7477%,5,217,222,0,0,5,217
0xa18b6e,75%,5,15,20,15,5,0,0
0x96bfb9,99.3506%,5,765,770,765,5,0,0
0x8f404c,91.8033%,5,56,61,56,5,0,0
0x4b78ba,82.1429%,5,23,28,0,0,5,23
0x5ffe67,96.124%,5,124,129,124,5,0,0
0x4ac8d8,66.6667%,5,10,15,6,3,2,4
0x5fc206,87.5%,5,35,40,1,3,2,34
0x4be836,66.6667%,5,10,15,0,0,5,10
0x88e06f,16.6667%,5,1,6,1,5,0,0
0x791152,87.1795%,5,34,39,9,1,4,25
0x482cdc,73.6842%,5,14,19,14,5,0,0
0x40a22f,96.6443%,5,144,149,0,0,5,144
0x55654f,98.7531%,5,396,401,0,0,5,396
0x4bb0e6,99.0842%,5,541,546,541,5,0,0
0x44152e,54.5455%,5,6,11,0,0,5,6
0x94e54e,98.3974%,5,307,312,6,2,3,301
0xa8a6e7,93.9759%,5,78,83,13,3,2,65
0x8fe984,93.9024%,5,77,82,0,0,5,77
0x8a7384,99.4635%,5,927,932,0,0,5,927
0x64b58e,99.7817%,5,2285,2290,0,0,5,2285
0x63f485,97.5%,5,195,200,195,3,2,0
0x537f53,94.5652%,5,87,92,87,5,0,0
0x4bb8f0,95.5357%,5,107,112,55,1,4,52
0x501f19,97.8992%,5,233,238,233,5,0,0
0x53ed42,96.7532%,5,149,154,0,0,5,149
0xaada61,98.0392%,5,250,255,250,5,0,0
0x9ea9cd,70.5882%,5,12,17,12,5,0,0
0x542f5b,99.7585%,5,2065,2070,2065,5,0,0
0xaab851,37.5%,5,3,8,3,5,0,0
0x4b6be3,89.7959%,5,44,49,4,5,0,40
0x48de73,95.5357%,5,107,112,0,0,5,107
0x4a96d1,91.6667%,5,55,60,1,2,3,54
0x9e2cf6,61.5385%,5,8,13,8,5,0,0
0x99e68e,61.5385%,5,8,13,0,0,5,8
0x791e58,88.8889%,5,40,45,36,3,2,4
0x5910ca,97.2973%,5,180,185,180,4,1,0
0x4b78c6,82.1429%,5,23,28,0,0,5,23
0x787e57,92.4242%,5,61,66,61,5,0,0
0x5f137a,87.5%,5,35,40,1,3,2,34
0x820915,54.5455%,5,6,11,6,5,0,0
0x4c2313,68.75%,5,11,16,6,2,3,5
0x54f14f,88.3721%,5,38,43,0,0,5,38
0x833fb5,98.9899%,5,490,495,490,5,0,0
0x789961,86.4865%,5,32,37,26,2,3,6
0x50c9e2,98.8636%,5,435,440,435,5,0,0
0x5111f8,99.3188%,5,729,734,729,5,0,0
0x5931fb,82.1429%,5,23,28,10,4,1,13
0x4bb8d2,91.0714%,5,51,56,0,0,5,51
0x48898d,99.5211%,5,1039,1044,0,0,5,1039
0x789cbf,58.3333%,5,7,12,3,3,2,4
0x482801,73.6842%,5,14,19,0,0,5,14
0x5feec0,82.7586%,5,24,29,22,2,3,2
0x482296,86.8421%,5,33,38,26,3,2,7
0xaa588b,90.566%,5,48,53,46,3,2,2
0x8f6afb,98.5119%,5,331,336,165,3,2,166
0x9fea86,87.5%,5,35,40,35,5,0,0
0x8a5df9,98.9837%,5,487,492,0,0,5,487
0x9bd16d,90.9091%,5,50,55,50,5,0,0
0x5ff5f8,95.0495%,5,96,101,48,5,0,48
0x833e34,68.75%,5,11,16,3,5,0,8
0x441597,54.5455%,5,6,11,0,0,5,6
0x50bf4e,95.4545%,5,105,110,105,5,0,0
0x80e884,79.1667%,5,19,24,10,2,3,9
0x9f7445,92.4242%,5,61,66,61,5,0,0
0x4be83b,72.2222%,5,13,18,13,5,0,0
0x5b04c7,92.5373%,5,62,67,2,2,3,60
0x8d2494,94.0476%,5,79,84,78,4,1,1
0x8d26ff,93.3333%,5,70,75,70,5,0,0
0x80a427,99.4104%,5,843,848,840,3,2,3
0x482147,73.6842%,5,14,19,0,1,4,14
0x48e16f,94.898%,5,93,98,70,3,2,23
0xa583db,95.935%,5,118,123,0,0,5,118
0x5f18d9,28.5714%,5,2,7,2,3,2,0
0x8ed765,99.4692%,5,937,942,0,0,5,937
0x8221a6,98.1685%,5,268,273,0,0,5,268
0x68054a,73.6842%,5,14,19,14,5,0,0
0x9f2940,99.1259%,5,567,572,0,0,5,567
0x8f457f,94.3182%,5,83,88,0,0,5,83
0x79112e,88.8889%,5,40,45,2,4,1,38
0x9693f7,94.186%,5,81,86,81,5,0,0
0x501b57,99.3679%,5,786,791,10,3,2,776
0x54d7f4,78.2609%,5,18,23,18,5,0,0
0x9d6983,98.6772%,5,373,378,0,2,3,373
0x48f620,91.5254%,5,54,59,10,5,0,44
0x90fe3d,99.8689%,5,3808,3813,3808,5,0,0
0x9f5fe0,91.6667%,5,55,60,55,5,0,0
0x590e57,72.2222%,5,13,18,0,0,5,13
0x81c97c,97.093%,5,167,172,0,0,5,167
0x67a2da,78.2609%,5,18,23,0,0,5,18
0x944668,79.1667%,5,19,24,19,5,0,0
0xb22ba7,99.7323%,5,1863,1868,0,0,5,1863
0x8f2e53,98.5163%,5,332,337,332,5,0,0
0x944729,97.7477%,5,217,222,217,5,0,0
0x4bf4b8,92.6471%,5,63,68,44,4,1,19
0x90fe9c,99.8689%,5,3808,3813,3808,5,0,0
0x8df54e,37.5%,5,3,8,3,5,0,0
0x8341a2,96.1538%,5,125,130,0,2,3,125
0x67967a,95.5357%,5,107,112,0,0,5,107
0x7d25b2,99.0991%,5,550,555,168,4,1,382
0x4098a6,98.3871%,5,305,310,305,5,0,0
0x58be69,93.4211%,5,71,76,0,0,5,71
0x543e46,77.2727%,5,17,22,4,2,3,13
0x8be847,78.2609%,5,18,23,0,1,4,18
0x59c9a1,93.75%,5,75,80,65,4,1,10
0x6775fd,98.6523%,5,366,371,0,2,3,366
0x66f72f,73.6842%,5,14,19,14,5,0,0
0x63ce64,97.5%,5,195,200,195,5,0,0
0x5f0663,94.4444%,5,85,90,5,1,4,80
0x50d2f2,80.7692%,5,21,26,21,5,0,0
0x9f9655,92.6471%,5,63,68,0,0,5,63
0x977f3f,87.5%,5,35,40,35,5,0,0
0x942a9f,93.3333%,5,70,75,70,5,0,0
0x94d7a5,99.1135%,5,559,564,0,0,5,559
0xa51dc9,91.3793%,5,53,58,0,2,3,53
0x64f27a,77.2727%,5,17,22,13,5,0,4
0x58d3ff,94.5652%,5,87,92,0,0,5,87
0x4a73f1,87.1795%,5,34,39,34,5,0,0
0x405bdb,84.375%,5,27,32,26,4,1,1
0x81bfbd,85.2941%,5,29,34,0,2,3,29
0x9a2786,66.6667%,5,10,15,10,5,0,0
0x5f82de,99.0654%,5,530,535,0,0,5,530
0x809149,98.4848%,5,325,330,325,5,0,0
0x4c1b58,0%,5,0,5,0,5,0,0
0x404412,99.6494%,5,1421,1426,0,0,5,1421
0x9a6b0d,61.5385%,5,8,13,3,1,4,5
0xa01a0a,58.3333%,5,7,12,0,4,1,7
0x53f092,96.8354%,5,153,158,153,1,4,0
0x67f5cf,99.1961%,5,617,622,251,5,0,366
0x47f249,99.5575%,5,1125,1130,0,0,5,1125
0x50d8d1,61.5385%,5,8,13,8,5,0,0
0x8ee6e1,98.8399%,5,426,431,0,0,5,426
0xa99c45,66.6667%,5,10,15,9,2,3,1
0xa508c4,99.0119%,5,501,506,501,1,4,0
0x8ae813,54.5455%,5,6,11,3,3,2,3
0xa439e9,97.3118%,5,181,186,181,5,0,0
0xa3d6ad,37.5%,5,3,8,3,5,0,0
0x945087,98.9384%,5,466,471,466,5,0,0
0x481b23,72.2222%,5,13,18,13,5,0,0
0x9f2b37,0%,5,0,5,0,0,5,0
0x40aa88,80%,5,20,25,14,5,0,6
0x5078c2,99.3243%,5,735,740,0,0,5,735
0x58cd42,96.9697%,5,160,165,0,0,5,160
0x63f2b5,97.5%,5,195,200,195,3,2,0
0xa9eada,94.1176%,5,80,85,0,0,5,80
0x9fb010,98.4026%,5,308,313,0,0,5,308
0x65a04e,99.7086%,5,1711,1716,1462,1,4,249
0x555de3,98.8095%,5,415,420,397,3,2,18
0x8a69c2,58.3333%,5,7,12,3,4,1,4
0x4b9e19,99.4475%,5,900,905,898,3,2,2
0xa4e111,97.619%,5,205,210,205,5,0,0
0x49aee6,87.1795%,5,34,39,34,5,0,0
0xa018a4,98.0769%,5,255,260,255,5,0,0
0x4b7b36,54.5455%,5,6,11,6,5,0,0
0x9f2b1c,0%,5,0,5,0,5,0,0
0x81f81b,89.3617%,5,42,47,0,2,3,42
0x63fb6f,99.8226%,5,2813,2818,1854,3,2,959
0x4bed3b,96.9512%,5,159,164,156,0,5,3
0x9e62ed,73.6842%,5,14,19,14,5,0,0
0x60dd33,99.2837%,5,693,698,0,0,5,693
0x5f9e9d,16.6667%,5,1,6,1,5,0,0
0x808ebd,99.4069%,5,838,843,838,3,2,0
0x5f7948,99.2413%,5,654,659,0,0,5,654
0x78191a,96.7949%,5,151,156,0,0,5,151
0x53581f,91.2281%,5,52,57,45,2,3,7
0x981335,93.3333%,5,70,75,58,4,1,12
0x977b77,64.2857%,5,9,14,6,1,4,3
0x6515db,93.2432%,5,69,74,0,0,5,69
0xa2ee31,82.7586%,5,24,29,18,3,2,6
0xa577e0,64.2857%,5,9,14,0,0,5,9
0x5fad7b,66.6667%,5,10,15,10,5,0,0
0x6096dc,96.9136%,5,157,162,0,0,5,157
0xa41fdb,98.2699%,5,284,289,284,5,0,0
0x40391f,98.5836%,5,348,353,348,5,0,0
0x48196b,82.7586%,5,24,29,24,5,0,0
0x9a1c80,97.1751%,5,172,177,25,5,0,147
0x5b1b17,88.8889%,5,40,45,40,5,0,0
0x5fa1ba,81.4815%,5,22,27,0,0,5,22
0x502051,79.1667%,5,19,24,19,5,0,0
0x806825,87.5%,5,35,40,26,2,3,9
0x5f0719,77.2727%,5,17,22,0,0,5,17
0x50595d,93.9024%,5,77,82,77,5,0,0
0x9e2954,66.6667%,5,10,15,9,1,4,1
0xa99e01,66.6667%,5,10,15,10,5,0,0
0x99c890,98.9899%,5,490,495,490,5,0,0
0x64762e,76.1905%,5,16,21,0,1,4,16
0x49a0e5,84.375%,5,27,32,12,4,1,15
0x5030ba,99.8713%,5,3881,3886,0,0,5,3881
0x5b0196,76.1905%,5,16,21,1,2,3,15
0x783cc3,96.7949%,5,151,156,0,0,5,151
0x9e631b,72.2222%,5,13,18,0,0,5,13
0x97529b,79.1667%,5,19,24,1,4,1,18
0x9aa35f,86.4865%,5,32,37,13,2,3,19
0x48ddd4,97.4747%,5,193,198,193,5,0,0
0x80eaac,99.0494%,5,521,526,0,0,5,521
0x4aa9b3,44.4444%,5,4,9,4,5,0,0
0x5f1e71,86.1111%,5,31,36,2,1,4,29
0x490ce0,44.4444%,5,4,9,0,0,5,4
0xa5c193,93.0556%,5,67,72,67,3,2,0
0x48aa62,99.9077%,5,5414,5419,0,0,5,5414
0xace313,94.1176%,5,80,85,80,5,0,0
0x942a81,93.3333%,5,70,75,0,0,5,70
0xa5c505,91.0714%,5,51,56,51,2,3,0
0x507f5d,99.3243%,5,735,740,0,0,5,735
0x58bc86,93.9024%,5,77,82,13,5,0,64
0xa501e8,70.5882%,5,12,17,0,0,5,12
0x80e638,98.8584%,5,433,438,363,2,3,70
0x535793,91.8033%,5,56,61,0,0,5,56
0x5f9e19,16.6667%,5,1,6,0,0,5,1
0x88e4a3,87.1795%,5,34,39,0,3,2,34
0x48de3c,96.6887%,5,146,151,0,0,5,146
0x5af002,99.2582%,5,669,674,0,0,5,669
0xa397bf,98.9496%,5,471,476,471,5,0,0
0x4ac8e5,16.6667%,5,1,6,0,3,2,1
0x40a651,80.7692%,5,21,26,0,0,5,21
0x4051f3,96.2121%,5,127,132,0,0,5,127
0x944a5c,92.8571%,5,65,70,65,5,0,0
0x9e39bc,37.5%,5,3,8,0,0,5,3
0xa5672b,37.5%,5,3,8,2,4,1,1
0x5faf0b,79.1667%,5,19,24,7,5,0,12
0x805f59,99.5417%,5,1086,1091,1086,1,4,0
0x58c49c,58.3333%,5,7,12,7,5,0,0
0x9ebaf1,98.6979%,5,379,384,0,2,3,379
0x8de111,99.7924%,5,2404,2409,2404,5,0,0
0x7b7bf9,81.4815%,5,22,27,2,0,5,20
0x490621,93.6709%,5,74,79,0,0,5,74
0x7d1e4c,92.3077%,5,60,65,0,0,5,60
0x4b9c51,92.9577%,5,66,71,65,4,1,1
0xa4647e,97.4093%,5,188,193,0,0,5,188
0x4c2f73,61.5385%,5,8,13,0,0,5,8
0x58deff,68.75%,5,11,16,0,0,5,11
0x49c10f,94.7368%,5,90,95,0,4,1,90
0x543a82,97.7064%,5,213,218,0,0,5,213
0x8df1a3,97.3684%,5,185,190,0,0,5,185
0x509883,99.8658%,5,3720,3725,0,0,5,3720
0x6096ba,93.9759%,5,78,83,0,0,5,78
0xa311cc,97.7578%,5,218,223,218,5,0,0
0xaa05cb,92.6471%,5,63,68,0,1,4,63
0x48321f,82.7586%,5,24,29,24,5,0,0
0x4b5c63,97.6077%,5,204,209,7,3,2,197
0xa02772,81.4815%,5,22,27,0,0,5,22
0x509d06,99.5512%,5,1109,1114,0,0,5,1109
0x666fe4,95.7983%,5,114,119,95,1,4,19
0x8efb7b,95.7627%,5,113,118,0,1,4,113
0x50d7e1,91.3793%,5,53,58,53,5,0,0
0x8d9862,37.5%,5,3,8,0,0,5,3
0x5ff636,87.5%,5,35,40,35,5,0,0
0x48c78c,91.3793%,5,53,58,37,2,3,16
0x80f0cc,99.0157%,5,503,508,503,3,2,0
0x94ca90,92.1875%,5,59,64,0,0,5,59
0x499e54,68.75%,5,11,16,11,5,0,0
0x5de395,99.5971%,5,1236,1241,1236,5,0,0
0x9d0d58,77.2727%,5,17,22,17,5,0,0
0x50f263,85.2941%,5,29,34,23,1,4,6
0x502763,90%,5,45,50,0,0,5,45
0xa570f2,83.871%,5,26,31,17,2,3,9
0x64a92a,95.283%,5,101,106,101,3,2,0
0x40aa47,82.1429%,5,23,28,2,0,5,21
0x9a6a15,64.2857%,5,9,14,7,2,3,2
0x9d0706,83.871%,5,26,31,26,5,0,0
0x4415d7,54.5455%,5,6,11,0,0,5,6
0x4bb7d3,50%,5,5,10,0,1,4,5
0x5fe22c,99.5504%,5,1107,1112,1107,5,0,0
0xa8fafe,98.0392%,5,250,255,0,0,5,250
0x58fdca,94.9495%,5,94,99,0,0,5,94
0x90298b,89.5833%,5,43,48,43,5,0,0
0x94ac8e,93.75%,5,75,80,21,3,2,54
0xa53273,16.6667%,5,1,6,1,5,0,0
0x88a190,77.2727%,5,17,22,14,2,3,3
0x511a1d,99.8718%,5,3894,3899,3894,5,0,0
0x8e4eaa,98.062%,5,253,258,0,0,5,253
0x4b4a64,98.3498%,5,298,303,14,5,0,284
0x501666,99.5035%,5,1002,1007,0,0,5,1002
0x78105f,91.6667%,5,55,60,49,4,1,6
0x94d9a1,99.1922%,5,614,619,614,5,0,0
0x507794,72.2222%,5,13,18,12,4,1,1
0x7efdb7,97.0238%,5,163,168,163,5,0,0
0x50777a,37.5%,5,3,8,3,5,0,0
0x4b56ee,94.9495%,5,94,99,94,3,2,0
0x8e1f94,97.6636%,5,209,214,209,5,0,0
0x90f2a5,99.8337%,5,3001,3006,3001,5,0,0
0x48ea3f,98.6264%,5,359,364,0,0,5,359
0x49bf2d,58.3333%,5,7,12,1,5,0,6
0x9e7216,98%,5,245,250,216,1,4,29
0x8dc1ed,99.3573%,5,773,778,773,5,0,0
0x8efdac,95.7265%,5,112,117,0,4,1,112
0x9a91ec,64.2857%,5,9,14,0,0,5,9
0x5afeb2,76.1905%,5,16,21,0,0,5,16
0x60e557,93.8272%,5,76,81,22,4,1,54
0x6476a4,88.8889%,5,40,45,40,5,0,0
0x80374b,93.3333%,5,70,75,0,0,5,70
0x48f407,58.3333%,5,7,12,4,5,0,3
0x4bdc96,50%,5,5,10,1,3,2,4
0x8a5e73,97.191%,5,173,178,36,3,2,137
0x50f25b,86.8421%,5,33,38,1,3,2,32
0x5c6b29,99.8602%,5,3572,3577,0,0,5,3572
0x4099f6,72.2222%,5,13,18,13,5,0,0
0x48ea02,94.382%,5,84,89,0,4,1,84
0x985120,58.3333%,5,7,12,4,4,1,3
0x8bcc6a,90.566%,5,48,53,33,5,0,15
0x5ff651,87.5%,5,35,40,0,4,1,35
0x490257,16.6667%,5,1,6,0,0,5,1
0x67fb35,99.9392%,5,8214,8219,0,0,5,8214
0x6705d5,96.2406%,5,128,133,0,0,5,128
0x49cb13,98.7245%,5,387,392,0,0,5,387
0x8ef278,89.5833%,5,43,48,0,0,5,43
0x4c7359,72.2222%,5,13,18,0,0,5,13
0x9d1e22,80%,5,20,25,0,5,0,20
0xa2d67b,97.4227%,5,189,194,189,5,0,0
0x4807b8,73.6842%,5,14,19,14,5,0,0
0x4c9348,68.75%,5,11,16,9,3,2,2
0x787d60,92.4242%,5,61,66,58,2,3,3
0x7ce52e,98.1818%,5,270,275,0,0,5,270
0xa56fce,80.7692%,5,21,26,21,5,0,0
0x4b8061,54.5455%,5,6,11,0,0,5,6
0x6d0427,90%,5,45,50,45,5,0,0
0x909018,99.7307%,5,1852,1857,1852,5,0,0
0xa57c23,91.8033%,5,56,61,1,1,4,55
0x94a1c2,93.75%,5,75,80,75,5,0,0
0x50276c,90%,5,45,50,0,0,5,45
0x58d8e2,97.6077%,5,204,209,56,2,3,148
0x9fe6f7,87.5%,5,35,40,35,5,0,0
0x780204,99.9647%,5,14169,14174,0,0,5,14169
0x5fdac1,95.283%,5,101,106,101,5,0,0
0x8fcd6b,98.5994%,5,352,357,0,0,5,352
0x5f81a4,99.1438%,5,579,584,579,5,0,0
0x4bed51,37.5%,5,3,8,1,3,2,2
0x508cf9,64.2857%,5,9,14,0,0,5,9
0x4a85e0,78.2609%,5,18,23,18,5,0,0
0x53c7cb,99.4026%,5,832,837,0,0,5,832
0x67af4b,99.8186%,5,2752,2757,2752,5,0,0
0x7d1e65,92.3077%,5,60,65,13,1,4,47
0x5f8357,81.4815%,5,22,27,0,0,5,22
0x7dfc25,68.75%,5,11,16,6,2,3,5
0x8ecc29,61.5385%,5,8,13,8,4,1,0
0x480c56,44.4444%,5,4,9,4,5,0,0
0x50acca,44.4444%,5,4,9,0,0,5,4
0x8ff883,99.8846%,5,4327,4332,0,0,5,4327
0x94d867,99.0637%,5,529,534,529,5,0,0
0x50d67c,99.1304%,5,570,575,570,5,0,0
0x4b6288,96.875%,5,155,160,0,5,0,155
0x405b27,98.829%,5,422,427,0,0,5,422
0x661645,99.6838%,4,1261,1265,1261,4,0,0
0x4038f1,98.8669%,4,349,353,349,4,0,0
0x60704b,80%,4,16,20,0,0,4,16
0x9e7a23,97.2414%,4,141,145,3,1,3,138
0x5f8895,95.8333%,4,92,96,92,4,0,0
0xaa034d,96.6942%,4,117,121,0,0,4,117
0xa8fa1c,95.2941%,4,81,85,81,4,0,0
0x4c6ef4,87.8788%,4,29,33,29,4,0,0
0x8ee625,90.4762%,4,38,42,38,4,0,0
0x9e0fd7,95%,4,76,80,0,0,4,76
0x9734ca,66.6667%,4,8,12,8,4,0,0
0x4c5328,98.6395%,4,290,294,0,0,4,290
0xae4148,98.8981%,4,359,363,11,3,1,348
0x9a7be4,99.2844%,4,555,559,0,0,4,555
0x8a750d,98.4496%,4,254,258,254,4,0,0
0x90ae94,98.3193%,4,234,238,118,1,3,116
0x5cd4d8,94.0299%,4,63,67,63,4,0,0
0xa4fc27,0%,4,0,4,0,0,4,0
0x64b9a3,99.7137%,4,1393,1397,1393,4,0,0
0x9e8578,98.6014%,4,282,286,282,4,0,0
0xa94418,98.2143%,4,220,224,0,0,4,220
0xa458c3,99.4194%,4,685,689,685,4,0,0
0x686832,97.4843%,4,155,159,0,0,4,155
0x949a95,92.4528%,4,49,53,49,4,0,0
0x5a9700,50%,4,4,8,2,3,1,2
0xaadbbb,98.7692%,4,321,325,321,4,0,0
0x8e958c,50%,4,4,8,4,2,2,0
0x81fad4,99.3769%,4,638,642,638,4,0,0
0x67f519,98.01%,4,197,201,35,2,2,162
0x815011,99.2278%,4,514,518,514,2,2,0
0x6cfbef,0%,4,0,4,0,4,0,0
0x8f365d,96.5517%,4,112,116,0,0,4,112
0x40bd58,0%,4,0,4,0,4,0,0
0x58f801,99.8792%,4,3306,3310,0,0,4,3306
0x9e7a3e,97.1631%,4,137,141,0,0,4,137
0xa519fc,78.9474%,4,15,19,11,1,3,4
0x8addba,95.5056%,4,85,89,85,2,2,0
0x51014f,99.061%,4,422,426,422,4,0,0
0x409a2e,77.7778%,4,14,18,3,2,2,11
0x6672e0,87.0968%,4,27,31,0,0,4,27
0x545579,98.5765%,4,277,281,0,2,2,277
0x403a65,81.8182%,4,18,22,8,4,0,10
0x4bd732,33.3333%,4,2,6,0,0,4,2
0xaa33b4,98.806%,4,331,335,0,0,4,331
0x403acd,99.7339%,4,1499,1503,0,0,4,1499
0x485ec7,82.6087%,4,19,23,0,0,4,19
0x533989,63.6364%,4,7,11,7,4,0,0
0x9d0b63,92.1569%,4,47,51,0,0,4,47
0x81b46f,63.6364%,4,7,11,2,3,1,5
0xa39617,99.3367%,4,599,603,0,0,4,599
0x48066c,89.4737%,4,34,38,27,2,2,7
0xa54342,78.9474%,4,15,19,15,4,0,0
0x5576f5,94.4444%,4,68,72,0,0,4,68
0x4be81f,66.6667%,4,8,12,8,1,3,0
0x9f665b,99.2509%,4,530,534,0,0,4,530
0x48a986,99.5511%,4,887,891,887,4,0,0
0x4c803a,94.2029%,4,65,69,0,0,4,65
0x554f78,0%,4,0,4,0,0,4,0
0x40aa1f,92.5926%,4,50,54,0,0,4,50
0x5bd486,99.4764%,4,760,764,0,0,4,760
0x410005,92.1569%,4,47,51,0,2,2,47
0xa36d85,90.4762%,4,38,42,0,0,4,38
0x48073e,89.4737%,4,34,38,34,4,0,0
0x80f918,94.5946%,4,70,74,35,2,2,35
0x5f115e,99.1525%,4,468,472,468,2,2,0
0x480f69,89.4737%,4,34,38,34,4,0,0
0x8f2185,89.1892%,4,33,37,0,0,4,33
0x807ba2,98.2063%,4,219,223,0,0,4,219
0x5cf8b9,99.7821%,4,1832,1836,1832,4,0,0
0x8a60a6,98.1481%,4,212,216,0,0,4,212
0x546605,84.6154%,4,22,26,22,4,0,0
0x8ec591,96.2264%,4,102,106,102,2,2,0
0x53583c,80%,4,16,20,16,4,0,0
0x686829,97.4843%,4,155,159,0,0,4,155
0xa47a48,55.5556%,4,5,9,5,4,0,0
0xa2da0d,77.7778%,4,14,18,0,4,0,14
0xa5f72e,98.8636%,4,348,352,0,0,4,348
0x499fff,75%,4,12,16,12,4,0,0
0x9d1d42,76.4706%,4,13,17,1,4,0,12
0x643b29,88.5714%,4,31,35,31,2,2,0
0x9e110f,86.2069%,4,25,29,24,3,1,1
0xa548cd,99.0762%,4,429,433,429,4,0,0
0x9e2937,86.6667%,4,26,30,1,4,0,25
0x4a9f0b,97.8378%,4,181,185,2,1,3,179
0x499de6,91.6667%,4,44,48,12,4,0,32
0x480f2d,78.9474%,4,15,19,15,4,0,0
0x81369c,93.4426%,4,57,61,0,0,4,57
0x78e8e0,92.8571%,4,52,56,52,4,0,0
0x40a0f2,75%,4,12,16,12,1,3,0
0x4a7c9a,93.1034%,4,54,58,54,4,0,0
0x7d3780,94.0299%,4,63,67,25,2,2,38
0xace31e,95.2941%,4,81,85,81,4,0,0
0x9776af,99.7582%,4,1650,1654,0,0,4,1650
0x816580,92.3077%,4,48,52,6,2,2,42
0x9495cc,99.2908%,4,560,564,0,0,4,560
0x8a9811,99.9694%,4,13048,13052,0,0,4,13048
0x8e35db,99.1189%,4,450,454,0,0,4,450
0x9f6c24,98.5019%,4,263,267,23,3,1,240
0x481084,78.9474%,4,15,19,11,1,3,4
0x8109b4,80%,4,16,20,0,0,4,16
0x817f4d,88.2353%,4,30,34,0,0,4,30
0x5592fa,95.2381%,4,80,84,44,1,3,36
0x40e6c1,95.1807%,4,79,83,38,0,4,41
0xa91ef5,0%,4,0,4,0,4,0,0
0x6d1efc,87.8788%,4,29,33,0,0,4,29
0xa8fbe3,98.2143%,4,220,224,220,4,0,0
0x9aa68b,98.913%,4,364,368,0,0,4,364
0x8d3e9f,73.3333%,4,11,15,0,0,4,11
0xa31400,95.2941%,4,81,85,81,4,0,0
0x98c738,88.8889%,4,32,36,32,4,0,0
0x977d6e,96.8992%,4,125,129,0,0,4,125
0x9e11af,86.2069%,4,25,29,0,3,1,25
0x99f1cc,97.9381%,4,190,194,173,1,3,17
0x5ef8dd,76.4706%,4,13,17,0,0,4,13
0x96ae4a,80.9524%,4,17,21,0,2,2,17
0x539e0a,96.5217%,4,111,115,111,4,0,0
0xa9f290,78.9474%,4,15,19,13,3,1,2
0x4a035c,85.7143%,4,24,28,0,0,4,24
0xa63b02,0%,4,0,4,0,0,4,0
0x5f8d0f,93.75%,4,60,64,31,2,2,29
0x8d97ac,50%,4,4,8,4,4,0,0
0x6976b0,85.7143%,4,24,28,24,4,0,0
0x50b496,0%,4,0,4,0,4,0,0
0x40a27e,88.2353%,4,30,34,0,0,4,30
0x8127ad,92.3077%,4,48,52,43,3,1,5
0x8d4110,63.6364%,4,7,11,0,0,4,7
0xa9478a,86.2069%,4,25,29,0,2,2,25
0x490c5e,84.6154%,4,22,26,0,0,4,22
0x81b6e3,98.0583%,4,202,206,0,2,2,202
0x9e3db4,63.6364%,4,7,11,7,4,0,0
0x8dc5f5,0%,4,0,4,0,4,0,0
0x651709,89.7436%,4,35,39,0,0,4,35
0x7b30d8,88.8889%,4,32,36,32,4,0,0
0x8070f8,99.5255%,4,839,843,839,4,0,0
0x9f502f,97.1014%,4,134,138,134,4,0,0
0xa22df6,78.9474%,4,15,19,0,0,4,15
0x9f01bf,96.4912%,4,110,114,0,0,4,110
0x4b6d6c,87.0968%,4,27,31,1,2,2,26
0x4a868d,20%,4,1,5,1,4,0,0
0xa35ddb,86.6667%,4,26,30,15,1,3,11
0x8bdcb9,42.8571%,4,3,7,0,0,4,3
0x4b751a,63.6364%,4,7,11,7,4,0,0
0xa4fd05,0%,4,0,4,0,4,0,0
0x9a80ce,98.7692%,4,321,325,0,0,4,321
0x7c75cc,66.6667%,4,8,12,4,4,0,4
0x94b179,98.0676%,4,203,207,0,0,4,203
0x9ed867,93.75%,4,60,64,60,4,0,0
0x9e6ec1,50%,4,4,8,4,4,0,0
0x5b9df9,92.4528%,4,49,53,0,0,4,49
0x4c8b1e,96.9925%,4,129,133,129,4,0,0
0x973d23,96.1165%,4,99,103,99,4,0,0
0x9f556f,95%,4,76,80,76,4,0,0
0xa50c9e,98.2222%,4,221,225,0,0,4,221
0xa947c3,86.2069%,4,25,29,25,4,0,0
0x978697,60%,4,6,10,6,4,0,0
0x66d409,98.6711%,4,297,301,297,4,0,0
0x8decc1,33.3333%,4,2,6,2,4,0,0
0x8c8082,99.8024%,4,2020,2024,0,1,3,2020
0x6514b1,95.122%,4,78,82,78,4,0,0
0x5b4131,80%,4,16,20,16,4,0,0
0x5b526b,80%,4,16,20,1,1,3,15
0x9f66a5,97.3856%,4,149,153,149,4,0,0
0xa947a2,85.1852%,4,23,27,23,4,0,0
0x81e425,98.1395%,4,211,215,0,0,4,211
0x8fefbf,98.8669%,4,349,353,349,4,0,0
0x9d1de1,33.3333%,4,2,6,0,0,4,2
0x944c09,93.1034%,4,54,58,7,2,2,47
0x88e2b1,95.9184%,4,94,98,0,0,4,94
0x8f5f6e,99.435%,4,704,708,0,0,4,704
0x60b63c,98.3871%,4,244,248,244,4,0,0
0x60b5ec,98.3673%,4,241,245,14,4,0,227
0xa44178,93.75%,4,60,64,60,4,0,0
0x5b5297,77.7778%,4,14,18,10,3,1,4
0xa91b57,97.0803%,4,133,137,0,0,4,133
0x67986d,33.3333%,4,2,6,2,4,0,0
0x901a42,98.4127%,4,248,252,0,0,4,248
0x5f94c9,75%,4,12,16,10,3,1,2
0x9021ed,96.5812%,4,113,117,0,0,4,113
0x9f4708,98.8539%,4,345,349,0,2,2,345
0x40478f,98.9924%,4,393,397,0,0,4,393
0x816f5e,99.5255%,4,839,843,839,2,2,0
0x81eb25,98.806%,4,331,335,0,0,4,331
0x4c5255,98.8201%,4,335,339,19,2,2,316
0xa946e0,86.2069%,4,25,29,0,0,4,25
0x610860,69.2308%,4,9,13,0,0,4,9
0x9f018a,96.5517%,4,112,116,112,4,0,0
0x9bc6e3,96.8504%,4,123,127,0,0,4,123
0xa05ffe,75%,4,12,16,2,3,1,10
0x8bd6d0,99.805%,4,2047,2051,2047,4,0,0
0x556f0c,98.3806%,4,243,247,188,4,0,55
0xaab62f,99.4652%,4,744,748,744,4,0,0
0x8d402a,69.2308%,4,9,13,0,0,4,9
0x5bae9f,95.9184%,4,94,98,94,4,0,0
0x441be9,63.6364%,4,7,11,7,4,0,0
0x5f53c6,85.1852%,4,23,27,8,4,0,15
0x9746ad,94.1176%,4,64,68,0,0,4,64
0x8e0306,99.2982%,4,566,570,0,0,4,566
0x48ae2c,99.9262%,4,5415,5419,5415,4,0,0
0x8de1c4,99.834%,4,2405,2409,2405,4,0,0
0x58c4aa,66.6667%,4,8,12,0,0,4,8
0x8df168,97.8947%,4,186,190,186,4,0,0
0x555088,92.7273%,4,51,55,51,4,0,0
0x5c4cd6,84%,4,21,25,18,2,2,3
0x917759,97.8723%,4,184,188,0,0,4,184
0xa9bb5b,0%,4,0,4,0,0,4,0
0xa31145,89.4737%,4,34,38,17,3,1,17
0x53588a,83.3333%,4,20,24,3,2,2,17
0x5f0d17,98.5866%,4,279,283,0,0,4,279
0x4942ed,97.7143%,4,171,175,0,0,4,171
0xa4c61c,0%,4,0,4,0,4,0,0
0x81b15c,98.7382%,4,313,317,313,4,0,0
0x8c8331,86.6667%,4,26,30,10,1,3,16
0x9e7d35,83.3333%,4,20,24,0,0,4,20
0x8222a2,98.5348%,4,269,273,269,4,0,0
0x99ea96,73.3333%,4,11,15,0,0,4,11
0x4bec61,97.1429%,4,136,140,0,0,4,136
0x7d0d12,99.2793%,4,551,555,168,4,0,383
0x9f2630,89.7436%,4,35,39,0,0,4,35
0x504212,93.5484%,4,58,62,58,4,0,0
0x9e80e9,83.3333%,4,20,24,20,4,0,0
0x4b78aa,85.7143%,4,24,28,0,0,4,24
0x8b93a8,98.8095%,4,332,336,332,4,0,0
0x81a176,95.6044%,4,87,91,0,1,3,87
0x4b70a3,97.2973%,4,144,148,0,0,4,144
0x590dc7,98.806%,4,331,335,0,1,3,331
0x7be088,0%,4,0,4,0,0,4,0
0x9f0dca,99.0431%,4,414,418,414,4,0,0
0xa4d40f,94.0299%,4,63,67,0,0,4,63
0x9e7d12,83.3333%,4,20,24,20,4,0,0
0x58e394,91.1111%,4,41,45,40,0,4,1
0xaaa718,42.8571%,4,3,7,3,4,0,0
0x81caa2,97.6744%,4,168,172,0,0,4,168
0x48059a,89.4737%,4,34,38,0,1,3,34
0x90c9c9,96.1905%,4,101,105,0,0,4,101
0x915c5c,98%,4,196,200,196,2,2,0
0x815abb,60%,4,6,10,6,4,0,0
0x4c98ac,50%,4,4,8,4,2,2,0
0xb183d6,99.602%,4,1001,1005,1001,4,0,0
0x945290,98.2301%,4,222,226,0,0,4,222
0x68106b,99.2661%,4,541,545,541,4,0,0
0xa33c75,99.2453%,4,526,530,0,0,4,526
0x8d41f3,92.5926%,4,50,54,50,3,1,0
0xa47e63,89.7436%,4,35,39,2,2,2,33
0x485e4e,95.122%,4,78,82,78,4,0,0
0xa941ab,98.0676%,4,203,207,203,4,0,0
0xa278dd,33.3333%,4,2,6,0,0,4,2
0x5ebcd1,98.2301%,4,222,226,0,0,4,222
0xa472bd,97.6048%,4,163,167,163,4,0,0
0xa48d00,97.6048%,4,163,167,163,4,0,0
0x5c78a5,95%,4,76,80,76,4,0,0
0x4b6667,86.2069%,4,25,29,19,3,1,6
0x5c82dc,95%,4,76,80,0,0,4,76
0x8e251f,96.3636%,4,106,110,0,2,2,106
0x4c188c,80%,4,16,20,16,4,0,0
0x8dd929,90.9091%,4,40,44,40,4,0,0
0x491500,97.4843%,4,155,159,0,0,4,155
0x8efa46,97.9167%,4,188,192,0,0,4,188
0x556d84,96.1905%,4,101,105,0,0,4,101
0x7aca99,87.5%,4,28,32,0,0,4,28
0x590c07,63.6364%,4,7,11,4,1,3,3
0x99bd88,97.7778%,4,176,180,176,4,0,0
0x499790,84.6154%,4,22,26,22,4,0,0
0xa277b1,50%,4,4,8,3,0,4,1
0x973ebd,88.8889%,4,32,36,0,0,4,32
0xa1a1c4,63.6364%,4,7,11,0,2,2,7
0xa9c780,97.1831%,4,138,142,0,0,4,138
0xa39e78,93.1034%,4,54,58,0,0,4,54
0x9519d7,97.0588%,4,132,136,132,4,0,0
0xaaaf11,66.6667%,4,8,12,5,3,1,3
0x49a02a,75%,4,12,16,0,0,4,12
0xaaaec7,66.6667%,4,8,12,5,3,1,3
0x53efd5,97.8142%,4,179,183,0,0,4,179
0x5f08a0,98.6486%,4,292,296,292,4,0,0
0x94eeb5,86.6667%,4,26,30,26,4,0,0
0x5afe69,80.9524%,4,17,21,0,0,4,17
0x97328f,90%,4,36,40,36,4,0,0
0x5fbd56,90.2439%,4,37,41,37,4,0,0
0x97a65a,88.8889%,4,32,36,25,3,1,7
0x64df73,99.2366%,4,520,524,520,4,0,0
0xa41213,84%,4,21,25,0,0,4,21
0x9e27fb,93.1034%,4,54,58,0,0,4,54
0x8f6a6d,73.3333%,4,11,15,11,4,0,0
0x8efdba,96.4602%,4,109,113,2,3,1,107
0x9812d5,94.6667%,4,71,75,62,0,4,9
0x544a34,77.7778%,4,14,18,8,1,3,6
0x64831a,99.5745%,4,936,940,936,4,0,0
0x679b65,99.8549%,4,2753,2757,0,0,4,2753
0xa911ff,81.8182%,4,18,22,7,2,2,11
0x49f96b,99.6921%,4,1295,1299,0,0,4,1295
0x99f029,95.8333%,4,92,96,0,0,4,92
0x723555,99.7234%,4,1442,1446,0,0,4,1442
0x8ff9f0,96.5217%,4,111,115,0,0,4,111
0x8df3bf,83.3333%,4,20,24,4,4,0,16
0x95b836,66.6667%,4,8,12,5,3,1,3
0x51231e,99.3769%,4,638,642,638,4,0,0
0x606fa6,60%,4,6,10,6,4,0,0
0x4acb53,66.6667%,4,8,12,8,3,1,0
0x8fddd2,99.7326%,4,1492,1496,0,0,4,1492
0x4a7c10,92.1569%,4,47,51,0,0,4,47
0xa50bb5,95.0617%,4,77,81,77,4,0,0
0x7b6416,89.1892%,4,33,37,30,2,2,3
0xa50d9b,0%,4,0,4,0,0,4,0
0x5f9587,83.3333%,4,20,24,16,0,4,4
0x4bd710,89.7436%,4,35,39,0,0,4,35
0x4a854d,50%,4,4,8,0,0,4,4
0x90caf3,98.3193%,4,234,238,119,0,4,115
0xa36146,94.4444%,4,68,72,0,2,2,68
0x6673a0,90%,4,36,40,36,4,0,0
0xa94511,85.1852%,4,23,27,23,4,0,0
0x99b914,84.6154%,4,22,26,0,0,4,22
0x501fac,95.6044%,4,87,91,0,0,4,87
0xa55c65,95.1807%,4,79,83,73,4,0,6
0x979fba,60%,4,6,10,6,4,0,0
0x53ee7a,0%,4,0,4,0,4,0,0
0x809461,99.5283%,4,844,848,844,4,0,0
0x9e7fd2,96.748%,4,119,123,0,0,4,119
0x4800c5,78.9474%,4,15,19,0,0,4,15
0x5f88fb,50%,4,4,8,4,4,0,0
0x5cbb89,97.4194%,4,151,155,0,0,4,151
0x8df8b4,0%,4,0,4,0,0,4,0
0x9fb306,90.2439%,4,37,41,2,4,0,35
0x5cd274,96.9466%,4,127,131,127,4,0,0
0x610cce,86.6667%,4,26,30,0,0,4,26
0xa35d90,99.1071%,4,444,448,0,0,4,444
0x807827,99.5283%,4,844,848,826,4,0,18
0x8dd9f4,99.7498%,4,1595,1599,0,0,4,1595
0x81f002,99.5511%,4,887,891,887,2,2,0
0x8a6668,76.4706%,4,13,17,0,4,0,13
0x99cd5e,55.5556%,4,5,9,5,4,0,0
0x8eed12,98.8235%,4,336,340,1,1,3,335
0x6e445d,75%,4,12,16,0,0,4,12
0x9f5d10,85.7143%,4,24,28,0,0,4,24
0xa51a34,71.4286%,4,10,14,4,3,1,6
0xa63a97,0%,4,0,4,0,4,0,0
0xa41154,84%,4,21,25,0,0,4,21
0xa8e4c7,33.3333%,4,2,6,1,2,2,1
0x9e0dbb,20%,4,1,5,0,0,4,1
0x8a734c,99.0196%,4,404,408,404,4,0,0
0x5c6c6f,99.1632%,4,474,478,0,0,4,474
0x47fe2f,78.9474%,4,15,19,0,0,4,15
0x495d95,89.4737%,4,34,38,34,4,0,0
0x8e3ee8,0%,4,0,4,0,0,4,0
0x6cfc35,0%,4,0,4,0,0,4,0
0x5f8aaa,50%,4,4,8,3,1,3,1
0x5bb898,99.5863%,4,963,967,0,3,1,963
0x4b527f,94.3662%,4,67,71,66,3,1,1
0x90be72,96.6387%,4,115,119,115,4,0,0
0x4096d8,93.1034%,4,54,58,54,4,0,0
0x5f8912,50%,4,4,8,4,4,0,0
0x550fce,42.8571%,4,3,7,2,3,1,1
0xa2a92b,96.4602%,4,109,113,109,3,1,0
0xa448cd,92.3077%,4,48,52,0,0,4,48
0x8ebc88,0%,4,0,4,0,0,4,0
0x8d3fd9,69.2308%,4,9,13,0,0,4,9
0xa55621,99.0172%,4,403,407,403,4,0,0
0x9ec41b,50%,4,4,8,4,1,3,0
0x50293f,95.8763%,4,93,97,0,0,4,93
0x5f55dc,50%,4,4,8,4,0,4,0
0x816c80,99.376%,4,637,641,0,0,4,637
0x5e4728,99.7349%,4,1505,1509,0,0,4,1505
0x5c77e9,95%,4,76,80,0,0,4,76
0x8bdc9a,42.8571%,4,3,7,1,2,2,2
0x5f96b5,75%,4,12,16,5,3,1,7
0x97ba43,96.4912%,4,110,114,110,4,0,0
0xa467c7,66.6667%,4,8,12,8,4,0,0
0x8d486d,98.9218%,4,367,371,0,2,2,367
0x8c789c,99.7922%,4,1921,1925,1921,4,0,0
0x9fc6b4,71.4286%,4,10,14,0,2,2,10
0x97b823,78.9474%,4,15,19,8,2,2,7
0x4a7232,98.2143%,4,220,224,0,1,3,220
0x54d6c3,80%,4,16,20,16,4,0,0
0x9e78e6,96.7213%,4,118,122,118,4,0,0
0x9f41b2,87.8788%,4,29,33,29,4,0,0
0x9e747c,97.7528%,4,174,178,174,2,2,0
0x591714,99.9137%,4,4631,4635,4631,4,0,0
0x507c77,99.0868%,4,434,438,0,0,4,434
0x4c044c,95.3488%,4,82,86,0,0,4,82
0x48b416,98.2222%,4,221,225,0,0,4,221
0x91776c,97.8723%,4,184,188,0,0,4,184
0x7b7284,85.1852%,4,23,27,22,3,1,1
0x555a8f,50%,4,4,8,2,4,0,2
0x9002b6,60%,4,6,10,6,4,0,0
0x97a037,92.1569%,4,47,51,47,4,0,0
0x8db8f2,98.7302%,4,311,315,0,0,4,311
0x7f3e84,73.3333%,4,11,15,0,0,4,11
0xa47ccc,89.7436%,4,35,39,0,0,4,35
0xa02957,98.419%,4,249,253,0,0,4,249
0xa946aa,91.3043%,4,42,46,0,0,4,42
0xa965cb,50%,4,4,8,4,4,0,0
0x4c07c1,95.3488%,4,82,86,0,0,4,82
0x4c0dde,95.3488%,4,82,86,44,0,4,38
0x606f12,80%,4,16,20,6,4,0,10
0x5c7df8,95%,4,76,80,76,4,0,0
0x58f835,94.5946%,4,70,74,0,0,4,70
0x4aae2a,90%,4,36,40,36,4,0,0
0x49981b,77.7778%,4,14,18,14,4,0,0
0xa024de,99.8624%,4,2904,2908,0,0,4,2904
0x5f5456,66.6667%,4,8,12,0,2,2,8
0x99bdb8,98.0296%,4,199,203,0,0,4,199
0x8be8ff,98.1132%,4,208,212,208,2,2,0
0x4a9828,73.3333%,4,11,15,11,4,0,0
0x4a1270,98.6971%,4,303,307,303,4,0,0
0x72389d,98.8406%,4,341,345,0,0,4,341
0x8f391a,99.5019%,4,799,803,799,4,0,0
0x9a1253,98.0488%,4,201,205,201,2,2,0
0x94d12b,91.4894%,4,43,47,0,0,4,43
0x4c056a,87.0968%,4,27,31,27,4,0,0
0xb1b6e4,99.602%,4,1001,1005,0,0,4,1001
0xa46818,98.7805%,4,324,328,324,4,0,0
0x9013ca,95.8333%,4,92,96,92,4,0,0
0x4994b5,20%,4,1,5,1,4,0,0
0x4aad8d,86.6667%,4,26,30,0,0,4,26
0x973ba3,60%,4,6,10,0,2,2,6
0x488060,60%,4,6,10,6,4,0,0
0x9f6565,96.6102%,4,114,118,114,4,0,0
0x4ac717,73.3333%,4,11,15,2,0,4,9
0x48e6fb,96.0784%,4,98,102,98,4,0,0
0x4857ce,85.1852%,4,23,27,0,0,4,23
0x7c742d,75%,4,12,16,0,0,4,12
0x945c5b,93.8462%,4,61,65,0,0,4,61
0x53405e,33.3333%,4,2,6,2,2,2,0
0x4959de,78.9474%,4,15,19,15,4,0,0
0x819d8a,98.7768%,4,323,327,0,0,4,323
0x8deab8,96.875%,4,124,128,0,0,4,124
0x9e73e1,99%,4,396,400,0,0,4,396
0x8eecce,63.6364%,4,7,11,1,1,3,6
0x789eec,60%,4,6,10,0,2,2,6
0xa2dc92,88.8889%,4,32,36,0,0,4,32
0x65a0bb,99.734%,4,1500,1504,0,0,4,1500
0x9e6185,98.4%,4,246,250,0,0,4,246
0x51b389,99.788%,4,1883,1887,0,0,4,1883
0x96938e,95.3488%,4,82,86,82,4,0,0
0x5b9e9b,50%,4,4,8,0,3,1,4
0x9a1db5,96.8254%,4,122,126,0,0,4,122
0x4c4856,93.3333%,4,56,60,56,4,0,0
0x679ec0,96.0396%,4,97,101,97,4,0,0
0x6043dc,66.6667%,4,8,12,0,0,4,8
0xaaae8a,98.4962%,4,262,266,11,1,3,251
0x7ce93c,99.623%,4,1057,1061,1057,4,0,0
0xa9bce5,60%,4,6,10,6,4,0,0
0xa15b16,33.3333%,4,2,6,0,4,0,2
0xb6a103,20%,4,1,5,0,0,4,1
0x908d7e,99.278%,4,550,554,0,0,4,550
0x5ee163,98.3471%,4,238,242,0,0,4,238
0xa3218c,0%,4,0,4,0,4,0,0
0xa55856,33.3333%,4,2,6,1,1,3,1
0x5d9056,97.2789%,4,143,147,143,4,0,0
0x63bb69,99.6937%,4,1302,1306,1302,1,3,0
0x5556d7,98.4064%,4,247,251,0,3,1,247
0x5386d8,99.5859%,4,962,966,0,0,4,962
0xa17fda,99.3333%,4,596,600,0,0,4,596
0xa314da,92.3077%,4,48,52,0,0,4,48
0xa9180c,76.4706%,4,13,17,13,4,0,0
0xa51c7e,89.4737%,4,34,38,0,0,4,34
0x946f47,78.9474%,4,15,19,0,0,4,15
0x533636,42.8571%,4,3,7,0,0,4,3
0x402539,99.2218%,4,510,514,0,0,4,510
0xa2d84f,0%,4,0,4,0,0,4,0
0x9a7aad,96.7213%,4,118,122,0,0,4,118
0x911cf9,99.3721%,4,633,637,633,4,0,0
0x4bc302,88.2353%,4,30,34,0,0,4,30
0x9ff570,93.9394%,4,62,66,0,3,1,62
0x8c86f5,99.1903%,4,490,494,490,4,0,0
0x969301,95.3488%,4,82,86,0,0,4,82
0x8f5fb0,90%,4,36,40,0,0,4,36
0xa41675,84%,4,21,25,21,4,0,0
0x9d204a,96.0396%,4,97,101,97,4,0,0
0x8c75b5,99.7922%,4,1921,1925,1921,4,0,0
0x4be23c,0%,4,0,4,0,0,4,0
0x4ab570,87.0968%,4,27,31,0,0,4,27
0x9c53a1,50%,4,4,8,4,4,0,0
0x47f23c,99.646%,4,1126,1130,0,0,4,1126
0x722cb5,60%,4,6,10,0,2,2,6
0xa980db,97.3154%,4,145,149,0,0,4,145
0x81223a,98.9418%,4,374,378,374,4,0,0
0x49ba5f,50%,4,4,8,0,0,4,4
0x99f454,69.2308%,4,9,13,0,0,4,9
0x9022c1,98.01%,4,197,201,197,4,0,0
0x7bdb3e,50%,4,4,8,0,0,4,4
0x9ed94f,96.8254%,4,122,126,122,4,0,0
0x8e2e8c,99.7618%,4,1675,1679,0,0,4,1675
0x610589,95.6989%,4,89,93,0,0,4,89
0xa0a551,66.6667%,4,8,12,4,0,4,4
0x4aaeb8,63.6364%,4,7,11,7,4,0,0
0x487794,83.3333%,4,20,24,20,4,0,0
0x4a13c9,92.8571%,4,52,56,0,0,4,52
0x507f35,20%,4,1,5,0,0,4,1
0x8eb7bf,99.6143%,4,1033,1037,1033,4,0,0
0x5bccfe,99.5851%,4,960,964,960,4,0,0
0x943be2,97.1223%,4,135,139,135,4,0,0
0x901ac7,98.4%,4,246,250,0,0,4,246
0x81d108,97.8022%,4,178,182,178,4,0,0
0x820a75,50%,4,4,8,0,0,4,4
0x4c750e,77.7778%,4,14,18,14,2,2,0
0x99b7b9,73.3333%,4,11,15,11,4,0,0
0x9e73ba,99%,4,396,400,0,0,4,396
0x977b68,80.9524%,4,17,21,4,3,1,13
0x9850e4,66.6667%,4,8,12,5,3,1,3
0x592baf,93.2203%,4,55,59,0,0,4,55
0x99e2d2,69.2308%,4,9,13,9,4,0,0
0x977c6e,96.6667%,4,116,120,116,4,0,0
0x6dcb4a,90.4762%,4,38,42,38,4,0,0
0x9ed1a4,33.3333%,4,2,6,0,0,4,2
0x722d69,98.7097%,4,306,310,0,0,4,306
0x8ee765,97.6471%,4,166,170,0,0,4,166
0x5f5606,93.3333%,4,56,60,0,0,4,56
0x49bcdc,88.5714%,4,31,35,0,0,4,31
0x8f5024,55.5556%,4,5,9,0,0,4,5
0x6808ce,99.5619%,4,909,913,909,4,0,0
0x5ef876,93.3333%,4,56,60,39,4,0,17
0x8f2a7b,90%,4,36,40,36,4,0,0
0xa51ceb,66.6667%,4,8,12,0,0,4,8
0x903f5a,55.5556%,4,5,9,5,4,0,0
0x8f3039,76.4706%,4,13,17,0,0,4,13
0xa5b41d,69.2308%,4,9,13,7,2,2,2
0xa4d309,88.8889%,4,32,36,32,4,0,0
0x50167f,96.2264%,4,102,106,102,4,0,0
0xa3118d,97.1631%,4,137,141,0,0,4,137
0x8e36a3,50%,4,4,8,0,4,0,4
0x8db915,98.3333%,4,236,240,0,0,4,236
0x9aa267,89.1892%,4,33,37,33,4,0,0
0x9ab88c,98.4314%,4,251,255,251,4,0,0
0x640589,98%,4,196,200,196,4,0,0
0x4c6730,84.6154%,4,22,26,4,0,4,18
0x8c7290,96.2617%,4,103,107,103,4,0,0
0xa984c3,0%,4,0,4,0,4,0,0
0x49f9a0,94.1176%,4,64,68,64,4,0,0
0x5b9c44,96.4286%,4,108,112,108,4,0,0
0x815a0d,95.2381%,4,80,84,80,4,0,0
0x542563,97.9275%,4,189,193,0,0,4,189
0xa2e7b4,95.2941%,4,81,85,0,0,4,81
0x63af1c,99.5128%,4,817,821,817,4,0,0
0x7c7527,75%,4,12,16,7,1,3,5
0x91a179,99.5838%,4,957,961,957,4,0,0
0x4c0247,94.1176%,4,64,68,0,0,4,64
0x7f36a6,73.3333%,4,11,15,11,4,0,0
0x8f40c2,98.7692%,4,321,325,321,4,0,0
0x822456,97.8495%,4,182,186,182,4,0,0
0xb30adb,94.1176%,4,64,68,0,0,4,64
0xb316a9,93.2203%,4,55,59,0,0,4,55
0x58be40,94.7368%,4,72,76,0,0,4,72
0x9f4c01,97.7143%,4,171,175,171,4,0,0
0x80437d,55.5556%,4,5,9,5,4,0,0
0x8dfc9c,90.4762%,4,38,42,38,2,2,0
0x969282,97.7143%,4,171,175,0,0,4,171
0x40207c,98.1221%,4,209,213,3,4,0,206
0xa917b4,87.5%,4,28,32,0,0,4,28
0x98149e,91.8367%,4,45,49,1,1,3,44
0x67f2c8,98.4615%,4,256,260,0,0,4,256
0x8bd835,80%,4,16,20,16,3,1,0
0x551176,83.3333%,4,20,24,0,0,4,20
0x8f53e5,99.5585%,4,902,906,0,0,4,902
0x60e3af,0%,4,0,4,0,4,0,0
0x649a1b,0%,4,0,4,0,4,0,0
0x53ee53,50%,4,4,8,0,4,0,4
0x9e3dd7,63.6364%,4,7,11,7,4,0,0
0x5ffd21,95%,4,76,80,76,4,0,0
0x5570e3,98.3539%,4,239,243,239,4,0,0
0x6dcdee,0%,4,0,4,0,4,0,0
0x90512d,97.0803%,4,133,137,133,4,0,0
0x4c4d7b,63.6364%,4,7,11,0,0,4,7
0x4c8092,81.8182%,4,18,22,0,0,4,18
0x48fea1,60%,4,6,10,6,4,0,0
0x550f9b,80.9524%,4,17,21,17,4,0,0
0x538a32,99.4467%,4,719,723,0,0,4,719
0x50764a,77.7778%,4,14,18,14,4,0,0
0x4a974b,97.1831%,4,138,142,138,4,0,0
0x50b5f5,0%,4,0,4,0,0,4,0
0x9d01ed,98.8439%,4,342,346,13,1,3,329
0xa30b67,98.0676%,4,203,207,0,0,4,203
0x944380,94.7368%,4,72,76,0,0,4,72
0x917543,98%,4,196,200,0,0,4,196
0x9a9f28,85.7143%,4,24,28,0,0,4,24
0x8f0b29,90.4762%,4,38,42,0,0,4,38
0xa64cb2,33.3333%,4,2,6,2,4,0,0
0xa5f9fe,99.0805%,4,431,435,431,4,0,0
0x6229aa,60%,4,6,10,6,4,0,0
0xa4a38a,87.0968%,4,27,31,14,4,0,13
0x63a79a,98%,4,196,200,196,4,0,0
0xa31bb0,87.0968%,4,27,31,27,4,0,0
0x9ecedb,90.6977%,4,39,43,0,0,4,39
0x495f5d,66.6667%,4,8,12,0,0,4,8
0xa478c8,81.8182%,4,18,22,18,4,0,0
0x65a207,98.3871%,4,244,248,244,4,0,0
0x972c96,85.7143%,4,24,28,24,4,0,0
0x8e1cbb,60%,4,6,10,2,4,0,4
0x6f1742,66.6667%,4,8,12,8,4,0,0
0x4bd17e,33.3333%,4,2,6,1,1,3,1
0x50902e,80%,4,16,20,12,2,2,4
0x65163e,20%,4,1,5,1,4,0,0
0x4c3826,69.2308%,4,9,13,0,0,4,9
0x64bae7,99.7137%,4,1393,1397,0,0,4,1393
0xa1b50f,20%,4,1,5,0,0,4,1
0x97b785,94.2029%,4,65,69,0,0,4,65
0x9731e0,90.4762%,4,38,42,0,0,4,38
0xa39db2,90.2439%,4,37,41,0,0,4,37
0x49d789,95.4545%,4,84,88,0,0,4,84
0x81fdf4,91.6667%,4,44,48,44,4,0,0
0x9ab271,99.4406%,4,711,715,0,0,4,711
0xa944f9,86.2069%,4,25,29,0,2,2,25
0x68b129,0%,4,0,4,0,0,4,0
0x9eb75c,97.619%,4,164,168,0,1,3,164
0x9f3eb1,97.4843%,4,155,159,155,4,0,0
0x48b253,98.7539%,4,317,321,317,4,0,0
0x4bc587,95.8333%,4,92,96,0,0,4,92
0x915704,98%,4,196,200,0,0,4,196
0x643a8e,99.4744%,4,757,761,0,0,4,757
0x9be987,75%,4,12,16,0,2,2,12
0x555b85,89.4737%,4,34,38,0,0,4,34
0x99dcfe,73.3333%,4,11,15,0,0,4,11
0x8e1065,0%,4,0,4,0,4,0,0
0x80660e,66.6667%,4,8,12,3,2,2,5
0x4099c8,97.7143%,4,171,175,17,3,1,154
0x538d1b,63.6364%,4,7,11,7,4,0,0
0xa59f5b,60%,4,6,10,6,1,3,0
0x983dad,97.1014%,4,134,138,119,3,1,15
0x70c193,33.3333%,4,2,6,0,0,4,2
0x4bd687,80.9524%,4,17,21,0,0,4,17
0xa41094,90.6977%,4,39,43,0,0,4,39
0x4bc5d2,60%,4,6,10,0,0,4,6
0x50cc5c,80%,4,16,20,16,4,0,0
0x9694d6,99.8328%,4,2388,2392,0,0,4,2388
0x4b9675,69.2308%,4,9,13,8,3,1,1
0x973215,90%,4,36,40,0,0,4,36
0x5905ca,75%,4,12,16,2,1,3,10
0xa52f47,97.9167%,4,188,192,0,0,4,188
0x9ef2d5,93.3333%,4,56,60,56,4,0,0
0x949f88,98.2063%,4,219,223,0,0,4,219
0x541e3d,95%,4,76,80,76,4,0,0
0x5afead,80.9524%,4,17,21,0,0,4,17
0xa58817,80%,4,16,20,16,4,0,0
0x50b5e5,90.9091%,4,40,44,40,0,4,0
0x981c90,84.6154%,4,22,26,22,4,0,0
0x8ff2cf,93.75%,4,60,64,1,3,1,59
0x60b9db,95.2941%,4,81,85,20,0,4,61
0x9f44c0,97.4843%,4,155,159,0,4,0,155
0x815eba,55.5556%,4,5,9,5,4,0,0
0x53c69c,99.4602%,4,737,741,737,4,0,0
0xa05bef,86.2069%,4,25,29,24,1,3,1
0xa9ecef,98.2301%,4,222,226,0,0,4,222
0x4c4cbb,73.3333%,4,11,15,0,0,4,11
0x8e0c85,96.4286%,4,108,112,0,0,4,108
0x63b4b1,99.5062%,4,806,810,0,0,4,806
0x9f5953,84%,4,21,25,0,0,4,21
0xa588e4,96.1538%,4,100,104,0,0,4,100
0x5423e6,98.1735%,4,215,219,0,0,4,215
0x94b03f,98.0676%,4,203,207,203,4,0,0
0x489f71,94.1176%,4,64,68,0,0,4,64
0x4bbbb8,95.0617%,4,77,81,77,4,0,0
0x97ba0a,96.4912%,4,110,114,28,3,1,82
0x9d3322,92.7273%,4,51,55,51,4,0,0
0x70c02b,33.3333%,4,2,6,2,4,0,0
0x40458b,99.3232%,4,587,591,587,4,0,0
0x4ab740,87.0968%,4,27,31,27,4,0,0
0x9ef29b,87.8788%,4,29,33,29,4,0,0
0x9a3557,85.7143%,4,24,28,24,4,0,0
0x983ede,97.1014%,4,134,138,118,4,0,16
0xa1ab57,63.6364%,4,7,11,4,2,2,3
0x981358,95%,4,76,80,0,0,4,76
0xa42760,98.2222%,4,221,225,0,0,4,221
0xa91b1d,98.6885%,4,301,305,301,4,0,0
0xa2386b,93.8462%,4,61,65,0,0,4,61
0x63ec3a,99.4528%,4,727,731,727,4,0,0
0x96b1d5,99.559%,4,903,907,0,0,4,903
0x9ef396,81.8182%,4,18,22,13,0,4,5
0x548279,99.4949%,4,788,792,0,0,4,788
0x8efea0,63.6364%,4,7,11,0,2,2,7
0xa50e71,0%,4,0,4,0,0,4,0
0xa3ac9e,0%,4,0,4,0,0,4,0
0x678df7,82.6087%,4,19,23,0,0,4,19
0x4ac126,97.6744%,4,168,172,168,4,0,0
0x9edb40,90.2439%,4,37,41,37,4,0,0
0x821c89,94.4444%,4,68,72,0,0,4,68
0x8a7661,98.4436%,4,253,257,253,4,0,0
0x65b9c3,99.0521%,4,418,422,0,0,4,418
0x405de2,50%,4,4,8,4,4,0,0
0x597efe,73.3333%,4,11,15,11,4,0,0
0x9d015c,98.8571%,4,346,350,346,4,0,0
0x8f12cd,90%,4,36,40,36,4,0,0
0x90edcb,99.7846%,4,1853,1857,1203,4,0,650
0x90ed93,99.7846%,4,1853,1857,1853,4,0,0
0xa4f7b0,77.7778%,4,14,18,0,2,2,14
0x4b4c1e,98.9218%,4,367,371,0,2,2,367
0x53b371,98.4064%,4,247,251,247,2,2,0
0x50626a,63.6364%,4,7,11,0,0,4,7
0x4ab94a,87.0968%,4,27,31,27,4,0,0
0x8e24f6,96.3636%,4,106,110,106,4,0,0
0x4c43be,89.1892%,4,33,37,33,4,0,0
0xa4a18e,96.1538%,4,100,104,0,0,4,100
0x9ede19,97.1014%,4,134,138,134,4,0,0
0xab32c9,97.6744%,4,168,172,0,0,4,168
0x8e92f1,95.5056%,4,85,89,5,2,2,80
0x48f88b,75%,4,12,16,0,0,4,12
0x5f00e5,97.8022%,4,178,182,178,4,0,0
0x5cb06c,99.5516%,4,888,892,4,2,2,884
0x49baca,98.0392%,4,200,204,200,2,2,0
0xb4a147,99.5825%,4,954,958,954,4,0,0
0x9f113c,88.8889%,4,32,36,28,3,1,4
0x9485d9,99.7226%,4,1438,1442,1438,4,0,0
0x90a652,90.9091%,4,40,44,0,0,4,40
0x9e52de,66.6667%,4,8,12,8,4,0,0
0x9edd12,93.75%,4,60,64,60,4,0,0
0xa50cd0,95.5556%,4,86,90,0,2,2,86
0x8f0b4e,75%,4,12,16,0,0,4,12
0xa02336,99.9467%,4,7505,7509,7505,4,0,0
0x97343c,90%,4,36,40,30,3,1,6
0x55501a,92.7273%,4,51,55,51,4,0,0
0x40aadf,94.2029%,4,65,69,0,0,4,65
0x980af2,94.5946%,4,70,74,70,4,0,0
0xa4792f,71.4286%,4,10,14,9,4,0,1
0x547b30,63.6364%,4,7,11,7,4,0,0
0xaa111d,88.8889%,4,32,36,32,4,0,0
0x63de8f,99.5838%,4,957,961,957,4,0,0
0xa4b697,80%,4,16,20,16,4,0,0
0x8bc951,92.3077%,4,48,52,0,0,4,48
0xa4116d,50%,4,4,8,0,0,4,4
0x9c3cc6,91.1111%,4,41,45,41,4,0,0
0x4b8462,75%,4,12,16,12,4,0,0
0x63ae22,98.3402%,4,237,241,237,4,0,0
0x908e0e,99.9064%,4,4270,4274,0,0,4,4270
0x591f15,99.8941%,4,3773,3777,17,4,0,3756
0x4b8b1a,75%,4,12,16,12,0,4,0
0x487673,73.3333%,4,11,15,11,4,0,0
0xa5304d,60%,4,6,10,0,2,2,6
0x973285,90%,4,36,40,0,0,4,36
0x9e791b,96.7213%,4,118,122,113,3,1,5
0xaaa667,42.8571%,4,3,7,0,0,4,3
0x80a3f7,99.6491%,4,1136,1140,1136,2,2,0
0x4b834c,55.5556%,4,5,9,0,0,4,5
0x9ee373,96.3636%,4,106,110,0,0,4,106
0x8bc9e0,92.3077%,4,48,52,48,4,0,0
0xa4430e,81.8182%,4,18,22,18,4,0,0
0x58baa3,96.3636%,4,106,110,106,4,0,0
0x40a5b0,83.3333%,4,20,24,20,4,0,0
0xa994d8,63.6364%,4,7,11,7,4,0,0
0xa2fea3,97.5%,4,156,160,156,4,0,0
0x8df5d9,90%,4,36,40,0,0,4,36
0x8e2718,99.7017%,4,1337,1341,0,0,4,1337
0x4c1749,80%,4,16,20,16,4,0,0
0xa59194,96.6387%,4,115,119,0,0,4,115
0x4bf387,89.1892%,4,33,37,0,0,4,33
0x9d2f32,93.4426%,4,57,61,57,4,0,0
0xa5b554,78.9474%,4,15,19,15,1,3,0
0x9ee3e2,81.8182%,4,18,22,0,0,4,18
0x40bca4,96.1165%,4,99,103,2,2,2,97
0x638858,99.8932%,4,3742,3746,0,0,4,3742
0xa58d5c,97.2603%,4,142,146,0,0,4,142
0xa45f24,42.8571%,4,3,7,0,4,0,3
0x981480,95.2941%,4,81,85,5,4,0,76
0x68b13b,0%,4,0,4,0,4,0,0
0xa2d4b5,0%,4,0,4,0,4,0,0
0x5df0ec,99.7423%,4,1548,1552,0,0,4,1548
0x9e3e92,97.4026%,4,150,154,0,0,4,150
0x53fc77,0%,4,0,4,0,0,4,0
0x80c409,77.7778%,4,14,18,0,0,4,14
0x90e67c,99.5609%,4,907,911,907,4,0,0
0x49fc04,95.3488%,4,82,86,0,0,4,82
0x40a55e,93.3333%,4,56,60,56,2,2,0
0x8a7033,90.6977%,4,39,43,39,4,0,0
0x9e02da,83.3333%,4,20,24,0,0,4,20
0x5b8fc9,0%,4,0,4,0,4,0,0
0x66f60c,96.9925%,4,129,133,64,2,2,65
0x8ea11f,99.8383%,4,2470,2474,2470,4,0,0
0x58cdc3,96.7213%,4,118,122,0,0,4,118
0x4b8104,63.6364%,4,7,11,5,0,4,2
0x943953,94.6667%,4,71,75,71,4,0,0
0x7f1304,42.8571%,4,3,7,0,0,4,3
0xa45de9,92.3077%,4,48,52,48,4,0,0
0x80e7b0,97.3333%,4,146,150,0,0,4,146
0x606d95,50%,4,4,8,0,0,4,4
0xa9220e,92.5926%,4,50,54,49,1,3,1
0x9e5c70,88.5714%,4,31,35,31,4,0,0
0x48c523,97.1429%,4,136,140,0,0,4,136
0x811f3b,99.2606%,4,537,541,0,0,4,537
0x5d1a2c,96.3636%,4,106,110,106,4,0,0
0x5d455a,71.4286%,4,10,14,10,4,0,0
0x5b8dd8,50%,4,4,8,0,4,0,4
0xa01914,0%,4,0,4,0,4,0,0
0xa45e64,0%,4,0,4,0,4,0,0
0x4b53ce,84%,4,21,25,21,2,2,0
0x4c52f1,77.7778%,4,14,18,14,4,0,0
0x973203,90%,4,36,40,0,0,4,36
0x8f42a2,99.8411%,4,2514,2518,0,1,3,2514
0xa2859b,88.2353%,4,30,34,2,2,2,28
0x8f0a03,55.5556%,4,5,9,1,4,0,4
0xa660c3,95.2941%,4,81,85,0,2,2,81
0x54edea,90.6977%,4,39,43,0,0,4,39
0xa660e7,95.1807%,4,79,83,0,0,4,79
0xa2d73d,95.2941%,4,81,85,81,4,0,0
0xa02204,85.1852%,4,23,27,23,4,0,0
0x90a636,90.9091%,4,40,44,40,4,0,0
0x4bc06b,75%,4,12,16,0,0,4,12
0x5e5eca,99.6012%,4,999,1003,0,0,4,999
0x8a731c,99.794%,4,1938,1942,0,0,4,1938
0xa2d9c9,99.3432%,4,605,609,0,0,4,605
0x60e00e,95.9184%,4,94,98,0,0,4,94
0x47f190,78.9474%,4,15,19,15,3,1,0
0x4be78b,55.5556%,4,5,9,1,3,1,4
0x53f16b,0%,4,0,4,0,4,0,0
0x8f77c1,97.4522%,4,153,157,153,4,0,0
0x4899bc,99.0244%,4,406,410,406,4,0,0
0x4ca46d,99.5749%,4,937,941,0,0,4,937
0xa469c4,98.2301%,4,222,226,222,3,1,0
0xaa258e,84.6154%,4,22,26,2,2,2,20
0x5d23e7,99.6787%,4,1241,1245,1241,4,0,0
0x5efc09,66.6667%,4,8,12,8,4,0,0
0x5d130d,0%,4,0,4,0,4,0,0
0x64dfc5,92.7273%,4,51,55,4,0,4,47
0x5df2a5,87.8788%,4,29,33,0,0,4,29
0x4c06a7,95.3488%,4,82,86,0,0,4,82
0x80b8e6,98.0769%,4,204,208,204,4,0,0
0x8bcc73,73.3333%,4,11,15,11,4,0,0
0xa546a7,96.0784%,4,98,102,0,0,4,98
0x5f9599,50%,4,4,8,4,4,0,0
0x8ff29b,95.2381%,4,80,84,4,3,1,76
0x5ffcf3,97.7778%,4,176,180,78,2,2,98
0x96afb4,42.8571%,4,3,7,3,4,0,0
0x5b8cfc,60%,4,6,10,6,2,2,0
0x900c01,98.8024%,4,330,334,330,4,0,0
0x49e1a8,99.6619%,4,1179,1183,0,0,4,1179
0x58c04c,94.7368%,4,72,76,5,1,3,67
0x5eaf65,0%,4,0,4,0,4,0,0
0x4106ff,55.5556%,4,5,9,3,2,2,2
0x808fe6,98.01%,4,197,201,197,2,2,0
0x60e024,95.9184%,4,94,98,16,3,1,78
0x911139,94.7368%,4,72,76,72,4,0,0
0xa2d734,95.2941%,4,81,85,0,0,4,81
0xa2950a,75%,4,12,16,12,4,0,0
0xa2dfc1,99.0244%,4,406,410,0,0,4,406
0xa29762,0%,4,0,4,0,0,4,0
0x58bbd9,95.122%,4,78,82,0,0,4,78
0x40a5d4,83.3333%,4,20,24,2,0,4,18
0x9fbb6e,98.6928%,4,302,306,0,0,4,302
0x63fa31,99.5838%,4,957,961,957,4,0,0
0x58bc8b,93.75%,4,60,64,0,0,4,60
0x53dc6b,60%,4,6,10,0,0,4,6
0x40426e,98.556%,4,273,277,0,0,4,273
0xa29520,75%,4,12,16,12,4,0,0
0x488adb,99.2395%,4,522,526,0,0,4,522
0x5f844a,99.3151%,4,580,584,0,0,4,580
0x4aaac9,92.3077%,4,48,52,0,0,4,48
0x4c5231,98.8201%,4,335,339,335,4,0,0
0x58b8c1,96.3636%,4,106,110,0,0,4,106
0x9ecf0e,87.8788%,4,29,33,29,4,0,0
0x5f7763,0%,4,0,4,0,4,0,0
0x6dcea7,0%,4,0,4,0,0,4,0
0x58bca2,93.75%,4,60,64,0,3,1,60
0x68a993,94.7368%,4,72,76,0,0,4,72
0x487e3f,71.4286%,4,10,14,0,0,4,10
0x50ba9b,90%,4,36,40,0,0,4,36
0x4039b8,77.7778%,4,14,18,4,2,2,10
0x8d3e44,73.3333%,4,11,15,0,0,4,11
0x8eefee,99.6473%,4,1130,1134,1130,4,0,0
0x64f417,81.8182%,4,18,22,17,3,1,1
0x5f759a,96.8992%,4,125,129,125,4,0,0
0x5fedcf,98.961%,4,381,385,0,0,4,381
0x5b0ee9,93.2203%,4,55,59,0,0,4,55
0x403973,89.1892%,4,33,37,0,0,4,33
0x40deed,96.2963%,4,104,108,0,2,2,104
0xa01e40,94.1176%,4,64,68,64,4,0,0
0x5dced7,96.9925%,4,129,133,129,4,0,0
0x4991ca,87.0968%,4,27,31,10,4,0,17
0x50bd03,80%,4,16,20,15,3,1,1
0x508fb0,89.4737%,4,34,38,0,0,4,34
0x5357cc,20%,4,1,5,0,0,4,1
0x8f3777,98.75%,4,316,320,0,0,4,316
0x63ee13,99.7846%,4,1853,1857,1853,4,0,0
0x40dc4b,98.1818%,4,216,220,216,4,0,0
0x54799c,63.6364%,4,7,11,7,4,0,0
0x83392d,98.1735%,4,215,219,0,0,4,215
0x4c5a03,83.3333%,4,20,24,2,1,3,18
0x4bd796,85.1852%,4,23,27,0,0,4,23
0x5ec50c,90%,4,36,40,29,3,1,7
0xa00217,75%,4,12,16,4,3,1,8
0x8ebb5a,99.1786%,4,483,487,483,4,0,0
0x73d7ef,33.3333%,4,2,6,1,1,3,1
0xa92ba7,98.2301%,4,222,226,222,4,0,0
0x8a8e50,0%,4,0,4,0,0,4,0
0x8d2f3d,94.5205%,4,69,73,0,2,2,69
0x5bbb8d,99.0805%,4,431,435,431,4,0,0
0xa5c81a,96.3964%,4,107,111,0,0,4,107
0x7d1e3b,94.0299%,4,63,67,2,0,4,61
0x9746a7,94.1176%,4,64,68,0,0,4,64
0x5b22f1,33.3333%,4,2,6,2,4,0,0
0x5af7cc,90.9091%,4,40,44,40,4,0,0
0x556da3,96.1905%,4,101,105,0,0,4,101
0x5b355d,33.3333%,4,2,6,0,0,4,2
0x48a1bb,94.1176%,4,64,68,64,4,0,0
0x4b7bbd,63.6364%,4,7,11,7,3,1,0
0x4ad964,20%,4,1,5,0,0,4,1
0xa29210,75%,4,12,16,0,0,4,12
0xa393b9,99.559%,4,903,907,0,0,4,903
0x9e0539,93.1034%,4,54,58,0,0,4,54
0x5e0134,98.6207%,4,286,290,286,4,0,0
0x60e33f,99.2395%,4,522,526,77,4,0,445
0xa2879a,75%,4,12,16,12,4,0,0
0xa4583b,98.4436%,4,253,257,253,4,0,0
0x908fe9,99.7846%,4,1853,1857,0,0,4,1853
0x9f221c,60%,4,6,10,6,2,2,0
0x48311e,86.2069%,4,25,29,0,0,4,25
0x4b52a7,98.9276%,4,369,373,0,2,2,369
0x9e05d6,93.1034%,4,54,58,0,0,4,54
0xa4d4f8,98.5866%,4,279,283,279,4,0,0
0x65a077,98.419%,4,249,253,0,0,4,249
0x88871e,81.8182%,4,18,22,18,4,0,0
0xa286dc,80.9524%,4,17,21,17,4,0,0
0x483178,86.2069%,4,25,29,0,0,4,25
0x6f45a2,60%,4,6,10,4,2,2,2
0x8e8dc1,98.5019%,4,263,267,0,0,4,263
0x488c7c,96.5812%,4,113,117,0,0,4,113
0x48e9d8,99.5175%,4,825,829,0,0,4,825
0x815c59,98.374%,4,242,246,205,0,4,37
0x6402dd,99.8581%,4,2814,2818,0,0,4,2814
0x901b80,98.4%,4,246,250,0,0,4,246
0x981286,80%,4,16,20,16,2,2,0
0x8e02f5,98.5965%,4,281,285,0,0,4,281
0x70e87e,33.3333%,4,2,6,0,0,4,2
0x482c47,89.4737%,4,34,38,34,4,0,0
0x8ec378,99.636%,4,1095,1099,1095,4,0,0
0x48288a,78.9474%,4,15,19,15,4,0,0
0x9f3ad2,0%,4,0,4,0,4,0,0
0x8aaab9,78.9474%,4,15,19,0,0,4,15
0x8e030e,99.2982%,4,566,570,0,0,4,566
0x6386c2,99.8994%,4,3972,3976,3972,4,0,0
0x4bc1fc,96.4286%,4,108,112,53,3,1,55
0x9f05a7,99.2958%,4,564,568,564,4,0,0
0x8ec2fd,99.636%,4,1095,1099,1095,3,1,0
0x4886db,99.6258%,4,1065,1069,0,0,4,1065
0xa90bf6,97.0803%,4,133,137,133,4,0,0
0x490f4b,90.2439%,4,37,41,0,3,1,37
0x5b4153,87.0968%,4,27,31,11,3,1,16
0x81ee47,99.5511%,4,887,891,0,0,4,887
0x8f6c2f,98.2143%,4,220,224,0,0,4,220
0x546645,0%,4,0,4,0,0,4,0
0x5de73a,99.5062%,4,806,810,806,4,0,0
0x558e27,95.4545%,4,84,88,0,0,4,84
0x44176e,63.6364%,4,7,11,0,0,4,7
0x5411f6,99.8895%,4,3616,3620,0,0,4,3616
0x53ee2e,97.4684%,4,154,158,154,0,4,0
0x4ba4e5,81.8182%,4,18,22,0,0,4,18
0x8ef11b,97.037%,4,131,135,131,4,0,0
0xa48ad7,97.6048%,4,163,167,0,0,4,163
0x9f2947,99.3007%,4,568,572,568,4,0,0
0x50b981,97.037%,4,131,135,0,0,4,131
0x4bbd35,92.8571%,4,52,56,0,0,4,52
0x67f566,89.1892%,4,33,37,0,0,4,33
0x9f7fa6,71.4286%,4,10,14,10,4,0,0
0x4b8b28,0%,4,0,4,0,4,0,0
0x4415f7,63.6364%,4,7,11,0,0,4,7
0x99f58a,69.2308%,4,9,13,9,4,0,0
0x592ce3,88.8889%,4,32,36,32,4,0,0
0xa325a4,0%,4,0,4,0,0,4,0
0x5f1d8c,42.8571%,4,3,7,3,4,0,0
0x8a9660,95.6989%,4,89,93,89,1,3,0
0x51b598,99.6855%,4,1268,1272,0,0,4,1268
0x53e87b,0%,4,0,4,0,4,0,0
0x9e0c29,69.2308%,4,9,13,9,4,0,0
0x8ee67b,0%,4,0,4,0,4,0,0
0x4bf4da,94.1176%,4,64,68,30,0,4,34
0xa98121,92.9825%,4,53,57,0,2,2,53
0xa41138,85.1852%,4,23,27,1,1,3,22
0xa9160b,0%,4,0,4,0,4,0,0
0x53e94e,97.4026%,4,150,154,150,4,0,0
0x8f0d2e,90%,4,36,40,36,4,0,0
0x4ad301,80%,4,16,20,16,4,0,0
0x900bf6,98.8024%,4,330,334,0,0,4,330
0x9aae05,89.1892%,4,33,37,0,0,4,33
0x499cc3,95.3488%,4,82,86,0,0,4,82
0x8195c7,98.7842%,4,325,329,0,0,4,325
0x543b0e,98.1651%,4,214,218,5,4,0,209
0x8db639,99.6522%,4,1146,1150,0,0,4,1146
0x65c2e0,75%,4,12,16,12,4,0,0
0xa662d8,85.1852%,4,23,27,23,3,1,0
0x482d2a,78.9474%,4,15,19,0,0,4,15
0x403d04,96.4602%,4,109,113,56,3,1,53
0x5cb0c5,99.5485%,4,882,886,0,0,4,882
0xa91ade,98.8981%,4,359,363,0,0,4,359
0x48dda0,97.9798%,4,194,198,194,4,0,0
0x90a9c2,92.9825%,4,53,57,0,0,4,53
0x4c061a,90.4762%,4,38,42,38,4,0,0
0xa9b90b,33.3333%,4,2,6,2,4,0,0
0x81a829,99.4744%,4,757,761,0,0,4,757
0x53ecdb,97.4026%,4,150,154,142,4,0,8
0xa4a19b,96.1538%,4,100,104,38,3,1,62
0x908764,99.8613%,4,2879,2883,1920,2,2,959
0x40a310,95.6044%,4,87,91,87,4,0,0
0x9f235a,60%,4,6,10,5,3,1,1
0x4c8e0d,96.9925%,4,129,133,0,0,4,129
0x833ce9,94.6667%,4,71,75,71,2,2,0
0xa903de,99.0244%,4,406,410,406,4,0,0
0x670a52,78.9474%,4,15,19,15,4,0,0
0x4b868d,63.6364%,4,7,11,7,4,0,0
0x5f6159,66.6667%,4,8,12,8,2,2,0
0x9f4043,87.8788%,4,29,33,0,0,4,29
0xa63b72,96.8%,4,121,125,121,2,2,0
0x4b5eb5,60%,4,6,10,3,3,1,3
0x94dab0,99.3186%,4,583,587,0,0,4,583
0x40473c,99.3485%,4,610,614,610,4,0,0
0x4b5e8f,63.6364%,4,7,11,0,0,4,7
0x97340c,90%,4,36,40,0,0,4,36
0x9d1038,71.4286%,4,10,14,4,2,2,6
0x40e859,20%,4,1,5,1,4,0,0
0x49fb63,99.0544%,4,419,423,0,0,4,419
0x95b47c,63.6364%,4,7,11,7,4,0,0
0x9ef3f9,93.3333%,4,56,60,56,4,0,0
0x9f115f,98.5866%,4,279,283,0,0,4,279
0x5fef2b,91.6667%,4,44,48,44,4,0,0
0x4bae71,98.7138%,4,307,311,0,0,4,307
0x8f3e31,98.6441%,4,291,295,0,0,4,291
0x90a49b,90.9091%,4,40,44,40,4,0,0
0x8f56de,97.7273%,4,172,176,172,4,0,0
0x4b835e,55.5556%,4,5,9,5,4,0,0
0x48a97a,99.5511%,4,887,891,0,0,4,887
0xaabe0a,63.6364%,4,7,11,7,4,0,0
0x9f32c3,97.4843%,4,155,159,0,4,0,155
0x8e39fa,87.5%,4,28,32,28,4,0,0
0x4a6dd1,85.7143%,4,24,28,0,0,4,24
0x780872,77.7778%,4,14,18,0,0,4,14
0x822422,98.2979%,4,231,235,231,4,0,0
0x9f0dfd,98.8669%,4,349,353,63,2,2,286
0x4c9f5b,50%,4,4,8,0,0,4,4
0x4096b6,93.8462%,4,61,65,61,4,0,0
0x5f1fce,87.8788%,4,29,33,29,4,0,0
0x63f847,99.8839%,4,3441,3445,3441,4,0,0
0x814ea6,81.8182%,4,18,22,0,1,3,18
0x4b856a,63.6364%,4,7,11,7,4,0,0
0x5b9e41,50%,4,4,8,0,2,2,4
0x901ca5,98.2906%,4,230,234,0,0,4,230
0x8115f1,99.5255%,4,839,843,839,2,2,0
0x44186e,63.6364%,4,7,11,0,0,4,7
0x64750e,80.9524%,4,17,21,0,1,3,17
0x9809c4,63.6364%,4,7,11,7,4,0,0
0x981411,94.5205%,4,69,73,4,2,2,65
0x8a8c3b,99.3651%,4,626,630,42,3,1,584
0x9d11ba,96.6667%,4,116,120,0,0,4,116
0xa2e123,98.3936%,4,245,249,0,0,4,245
0xa50f87,89.4737%,4,34,38,0,0,4,34
0x5eb904,99.5316%,4,850,854,0,0,4,850
0x9fc6b9,66.6667%,4,8,12,0,2,2,8
0x901a4e,86.2069%,4,25,29,0,0,4,25
0xa9d051,80%,4,16,20,16,2,2,0
0x9111c0,94.7368%,4,72,76,0,0,4,72
0x9d07f6,93.5484%,4,58,62,57,4,0,1
0x591169,95.6989%,4,89,93,1,0,4,88
0x6107c8,69.2308%,4,9,13,9,4,0,0
0x4417b7,63.6364%,4,7,11,0,0,4,7
0xa90025,97.561%,4,160,164,0,0,4,160
0x8e4425,99.826%,4,2295,2299,0,0,4,2295
0x404012,60%,4,6,10,0,0,4,6
0x959270,96.875%,4,124,128,3,1,3,121
0x8a885f,66.6667%,4,8,12,6,1,3,2
0x5f5318,99.8668%,4,3000,3004,3000,4,0,0
0x40ab07,90.9091%,4,40,44,0,2,2,40
0x8f3e5c,98.6441%,4,291,295,0,0,4,291
0x67a237,82.6087%,4,19,23,19,4,0,0
0x58f951,90.2439%,4,37,41,0,0,4,37
0x673edd,78.9474%,4,15,19,15,4,0,0
0x58d1a7,95.6522%,4,88,92,0,0,4,88
0x810470,99.278%,4,550,554,17,3,1,533
0x403a05,89.1892%,4,33,37,3,1,3,30
0x483d12,78.9474%,4,15,19,15,4,0,0
0x8ed137,33.3333%,4,2,6,0,2,2,2
0x63903d,84%,4,21,25,2,1,3,19
0x5423ba,98.1735%,4,215,219,0,0,4,215
0x53f2c1,99.0676%,4,425,429,0,0,4,425
0xa2dbc8,0%,4,0,4,0,0,4,0
0x441b45,63.6364%,4,7,11,7,4,0,0
0xa2df3d,97.9381%,4,190,194,0,0,4,190
0x9786d3,60%,4,6,10,6,4,0,0
0x40ac3f,84%,4,21,25,0,0,4,21
0x837dec,95.6989%,4,89,93,89,4,0,0
0x8b9afc,99.866%,4,2982,2986,73,0,4,2909
0xa54652,50%,4,4,8,4,2,2,0
0x509b03,99.2308%,4,516,520,0,0,4,516
0x5bcb2d,99.5851%,4,960,964,960,4,0,0
0x483c7d,78.9474%,4,15,19,14,3,1,1
0x918f6d,98%,4,196,200,196,2,2,0
0x5356db,96.875%,4,124,128,3,3,1,121
0x90b319,96.9466%,4,127,131,127,4,0,0
0x911b8e,95.5556%,4,86,90,0,0,4,86
0xa98830,73.3333%,4,11,15,0,0,4,11
0x7814a5,95.4545%,4,84,88,84,4,0,0
0x405eaf,97.7528%,4,174,178,0,0,4,174
0x40bb97,98.6577%,4,294,298,294,4,0,0
0x554e33,97.1831%,4,138,142,138,4,0,0
0x488d33,96.4912%,4,110,114,0,0,4,110
0xa55f2a,63.6364%,4,7,11,6,2,2,1
0x533c55,91.1111%,4,41,45,6,3,1,35
0x597f27,73.3333%,4,11,15,11,4,0,0
0xb498ad,60%,4,6,10,0,0,4,6
0xa5951a,97.861%,4,183,187,0,0,4,183
0x904147,99.422%,4,688,692,688,4,0,0
0xa920b7,0%,4,0,4,0,4,0,0
0x9f4fe2,97.6331%,4,165,169,165,4,0,0
0x9bd14e,95.1807%,4,79,83,0,0,4,79
0x5500b4,92.8571%,4,52,56,52,4,0,0
0xaa813f,20%,4,1,5,1,4,0,0
0x8eca90,63.6364%,4,7,11,0,0,4,7
0x5fbf28,94.6667%,4,71,75,71,2,2,0
0x4a7b77,98.7915%,4,327,331,47,4,0,280
0x78f6e5,86.2069%,4,25,29,25,4,0,0
0x909137,99.6686%,4,1203,1207,1203,4,0,0
0x9a4915,75%,4,12,16,11,1,3,1
0x64f50e,83.3333%,4,20,24,20,4,0,0
0x9e6e7b,50%,4,4,8,0,0,4,4
0x8379dc,91.6667%,4,44,48,3,1,3,41
0x837d1a,96.1538%,4,100,104,0,0,4,100
0x8f4bbe,66.6667%,4,8,12,2,4,0,6
0x5fbdfe,97.861%,4,183,187,0,0,4,183
0xa4b617,98.8201%,4,335,339,335,4,0,0
0xa34850,99.241%,4,523,527,0,0,4,523
0x558fa8,99.4792%,4,764,768,0,0,4,764
0x4bca68,75%,4,12,16,7,3,1,5
0x978538,99.1285%,4,455,459,0,0,4,455
0x90fcbd,98.5714%,4,276,280,276,4,0,0
0x4bbc3a,99.7854%,4,1860,1864,13,3,1,1847
0xb4998c,50%,4,4,8,0,0,4,4
0x60880c,98%,4,196,200,196,4,0,0
0x50b351,90%,4,36,40,36,4,0,0
0xa91d45,97.2973%,4,144,148,144,4,0,0
0x5ebdb8,42.8571%,4,3,7,3,4,0,0
0x838fd8,80%,4,16,20,10,0,4,6
0xb34473,96.875%,4,124,128,0,0,4,124
0x65af3b,69.2308%,4,9,13,9,4,0,0
0x49c9ea,50%,4,4,8,4,4,0,0
0x8fe8d5,97.4359%,4,152,156,152,3,1,0
0x819bc3,98.5816%,4,278,282,0,0,4,278
0xa372a1,60%,4,6,10,6,4,0,0
0x8efe90,71.4286%,4,10,14,0,3,1,10
0x813a88,76.4706%,4,13,17,13,4,0,0
0x6191b1,99.4937%,4,786,790,786,4,0,0
0x985192,50%,4,4,8,2,2,2,2
0x99df3b,85.7143%,4,24,28,24,4,0,0
0x4ca416,98.1132%,4,208,212,206,4,0,2
0x8f1052,90%,4,36,40,0,0,4,36
0x9a318b,98.5185%,4,266,270,266,4,0,0
0x815b7a,90.2439%,4,37,41,37,4,0,0
0x481488,78.9474%,4,15,19,1,1,3,14
0x9be59f,98.9583%,4,380,384,0,2,2,380
0x951a3f,97.3684%,4,148,152,148,4,0,0
0x8efc10,96.5812%,4,113,117,0,4,0,113
0x5ba095,60%,4,6,10,0,0,4,6
0xa02308,99.8478%,4,2624,2628,0,0,4,2624
0xa91ad1,98.8981%,4,359,363,0,0,4,359
0xa50f47,98.4436%,4,253,257,0,4,0,253
0x48ef9c,90%,4,36,40,36,4,0,0
0x60ded1,99.6135%,4,1031,1035,1031,4,0,0
0x5f7a73,98.0676%,4,203,207,203,3,1,0
0x9eed7a,33.3333%,4,2,6,0,0,4,2
0x8e877a,99.6317%,4,1082,1086,1082,4,0,0
0x9fcb47,84%,4,21,25,21,4,0,0
0xa3a47d,98.9041%,4,361,365,361,4,0,0
0x9f9ae8,96.3303%,4,105,109,105,4,0,0
0x8ff991,96.5217%,4,111,115,111,4,0,0
0xa5081c,0%,4,0,4,0,4,0,0
0x80ec6a,98.913%,4,364,368,364,4,0,0
0x9a65c1,97.7273%,4,172,176,172,4,0,0
0x8b9fe6,90%,4,36,40,36,4,0,0
0x5f18ae,20%,4,1,5,1,4,0,0
0x50a2ca,97.0588%,4,132,136,0,0,4,132
0x787f15,93.9394%,4,62,66,4,2,2,58
0x70e72a,33.3333%,4,2,6,2,4,0,0
0x80ffba,99.2565%,4,534,538,162,4,0,372
0xa91080,97.0149%,4,130,134,130,4,0,0
0x9feac5,42.8571%,4,3,7,3,4,0,0
0x677b5b,98.8796%,4,353,357,0,0,4,353
0xa258c1,20%,4,1,5,1,4,0,0
0x8104c3,91.6667%,4,44,48,3,3,1,41
0x813954,90.9091%,4,40,44,0,0,4,40
0x9a39a2,80.9524%,4,17,21,0,0,4,17
0xa22d87,93.8462%,4,61,65,1,2,2,60
0x9ec0d2,85.1852%,4,23,27,23,1,3,0
0xa326a9,80%,4,16,20,13,0,4,3
0x9fe5e8,90.9091%,4,40,44,0,0,4,40
0x9d0baf,92.1569%,4,47,51,0,0,4,47
0x7bb90b,0%,4,0,4,0,0,4,0
0x502569,99.4956%,4,789,793,789,4,0,0
0x8ecdc4,99.598%,4,991,995,991,4,0,0
0x9fd22e,42.8571%,4,3,7,3,4,0,0
0x8dc900,99.4859%,4,774,778,774,4,0,0
0xa50510,98.4436%,4,253,257,0,4,0,253
0x6471d1,80.9524%,4,17,21,0,0,4,17
0x8bdcbf,42.8571%,4,3,7,2,4,0,1
0x90ba71,99.3019%,4,569,573,569,4,0,0
0x9eb0a3,94.4444%,4,68,72,68,2,2,0
0x63e541,99.5825%,4,954,958,0,0,4,954
0x7bc18c,50%,4,4,8,4,4,0,0
0x4886fd,99.4056%,4,669,673,669,4,0,0
0xa505cc,89.4737%,4,34,38,0,0,4,34
0x58dca4,97.2414%,4,141,145,0,2,2,141
0x7c21bd,96.8254%,4,122,126,10,0,4,112
0x9e18a1,97.0803%,4,133,137,15,2,2,118
0x820a3f,50%,4,4,8,4,4,0,0
0x81b8fe,86.2069%,4,25,29,2,3,1,23
0x7a11cc,88.5714%,4,31,35,4,2,2,27
0x5cf8af,99.7821%,4,1832,1836,0,0,4,1832
0x90acca,96.6102%,4,114,118,0,0,4,114
0x65c1f2,99.115%,4,448,452,448,4,0,0
0xa50b41,78.9474%,4,15,19,0,0,4,15
0x53baff,99.5951%,4,984,988,0,0,4,984
0x80774b,99.882%,4,3386,3390,3386,4,0,0
0x94eb77,95.5556%,4,86,90,0,0,4,86
0x7d2062,99.2793%,4,551,555,382,1,3,169
0xa9411d,78.9474%,4,15,19,11,2,2,4
0x54dc32,89.7436%,4,35,39,35,4,0,0
0x68a9a4,94.7368%,4,72,76,71,4,0,1
0x492a1e,42.8571%,4,3,7,0,0,4,3
0xa05eac,33.3333%,4,2,6,2,4,0,0
0xa43b13,96.9466%,4,127,131,127,4,0,0
0x8ea18f,99.8383%,4,2470,2474,0,0,4,2470
0xa50ae4,71.4286%,4,10,14,10,4,0,0
0xa50bf2,97.2973%,4,144,148,0,0,4,144
0xb2ec04,94.2857%,4,66,70,66,4,0,0
0x7911ef,81.8182%,4,18,22,18,4,0,0
0x5ec0f3,71.4286%,4,10,14,10,4,0,0
0x9bd116,94.4444%,4,68,72,0,0,4,68
0xa557ce,95.1807%,4,79,83,79,2,2,0
0x7942e4,75%,4,12,16,0,0,4,12
0x944a86,94.2857%,4,66,70,66,4,0,0
0xa9743c,97.3154%,4,145,149,145,4,0,0
0xa5ebdc,98.6207%,4,286,290,7,3,1,279
0xa96977,97.3154%,4,145,149,145,4,0,0
0x8df9f0,42.8571%,4,3,7,0,2,2,3
0x58cd4d,97.5758%,4,161,165,161,4,0,0
0x99c86f,99.4695%,4,750,754,0,0,4,750
0x661624,99.6838%,4,1261,1265,1261,4,0,0
0x5d3032,0%,4,0,4,0,4,0,0
0xa55d4b,95.1807%,4,79,83,79,0,4,0
0x53ba34,96.9697%,4,128,132,126,2,2,2
0x90b866,99.5838%,4,957,961,957,4,0,0
0x94acb0,92.8571%,4,52,56,0,0,4,52
0x542ece,97.3856%,4,149,153,0,0,4,149
0x53ded4,99.0172%,4,403,407,403,4,0,0
0x405a93,99.0741%,4,428,432,0,0,4,428
0x8ff9fb,96.5217%,4,111,115,111,4,0,0
0x53c680,99.6644%,4,1188,1192,0,0,4,1188
0x909108,99.7846%,4,1853,1857,0,0,4,1853
0x5efc46,94.2857%,4,66,70,0,2,2,66
0x8da4cf,99.6183%,4,1044,1048,0,0,4,1044
0xa030fb,94.1176%,4,64,68,64,2,2,0
0x492ec2,94.4444%,4,68,72,4,4,0,64
0x78f0eb,60%,4,6,10,6,4,0,0
0x8bd2a6,99.7719%,4,1750,1754,0,4,0,1750
0xa3a19a,99.3985%,4,661,665,0,0,4,661
0x99c5f2,97.351%,4,147,151,0,0,4,147
0x48e5e7,91.6667%,4,44,48,44,4,0,0
0x8edd08,99.1131%,4,447,451,0,0,4,447
0xa44d25,97.9381%,4,190,194,190,0,4,0
0x99a8b4,96.0784%,4,98,102,0,0,4,98
0x5b16dd,99.2308%,4,516,520,0,0,4,516
0x5c46a0,78.9474%,4,15,19,0,0,4,15
0x50a91e,92.1569%,4,47,51,47,4,0,0
0x94cadb,90%,4,36,40,36,4,0,0
0x5bd37e,99.5851%,4,960,964,3,3,1,957
0x9fe52c,97.0149%,4,130,134,130,4,0,0
0x50296b,95.8763%,4,93,97,93,4,0,0
0x788d9b,60%,4,6,10,1,0,4,5
0x78f62e,73.3333%,4,11,15,0,1,3,11
0x5576e9,99.0991%,4,440,444,440,4,0,0
0x98f974,98.4436%,4,253,257,0,0,4,253
0x90910e,99.7846%,4,1853,1857,1853,4,0,0
0x58ebe7,96.7213%,4,118,122,107,3,1,11
0x4bcc52,96.1538%,4,100,104,100,4,0,0
0x812304,76.4706%,4,13,17,1,1,3,12
0xa6cc50,82.6087%,4,19,23,19,4,0,0
0xa038f7,94.7368%,4,72,76,72,4,0,0
0x9c3926,94.5205%,4,69,73,2,0,4,67
0xaad30f,42.8571%,4,3,7,3,4,0,0
0x8fd516,95.122%,4,78,82,78,4,0,0
0x90a061,99.5638%,4,913,917,0,0,4,913
0x812066,60%,4,6,10,5,3,1,1
0x6ccbbf,99.5825%,4,954,958,954,4,0,0
0x9f3335,98.2684%,4,227,231,227,4,0,0
0x8ff8ab,96.5217%,4,111,115,111,4,0,0
0x65aed8,69.2308%,4,9,13,9,4,0,0
0xa030a7,86.2069%,4,25,29,25,4,0,0
0xa30334,98.4314%,4,251,255,82,3,1,169
0x99c5ba,97.351%,4,147,151,147,4,0,0
0x6964ea,99.6212%,4,1052,1056,0,0,4,1052
0x8137ff,93.4426%,4,57,61,57,2,2,0
0x492cf3,94.5946%,4,70,74,0,2,2,70
0x9a1452,98.0296%,4,199,203,199,4,0,0
0x5936c4,99.6855%,4,1268,1272,0,0,4,1268
0x7d43f0,94.0299%,4,63,67,61,4,0,2
0xa23c97,93.8462%,4,61,65,61,2,2,0
0x80622f,98.2609%,4,226,230,226,2,2,0
0x4999b2,96.8504%,4,123,127,50,3,1,73
0x9d0bc6,92.1569%,4,47,51,47,4,0,0
0xa52a2a,95.7895%,4,91,95,0,0,4,91
0xa4e8f5,97.5%,4,156,160,0,0,4,156
0x49325c,96.875%,4,124,128,124,4,0,0
0x4c9738,84.6154%,4,22,26,0,2,2,22
0x4a7d1d,98.5401%,4,270,274,0,0,4,270
0xa01c9a,42.8571%,4,3,7,1,3,1,2
0xa9bd26,60%,4,6,10,6,4,0,0
0xa2ecc5,81.8182%,4,18,22,18,4,0,0
0xb376aa,99.9278%,4,5538,5542,0,0,4,5538
0x9a1499,94.2029%,4,65,69,0,0,4,65
0xa01b69,92.7273%,4,51,55,0,0,4,51
0x409b14,86.2069%,4,25,29,25,4,0,0
0x510bff,98.7179%,4,308,312,308,4,0,0
0x5481fa,99.9414%,4,6825,6829,0,0,4,6825
0x54823c,99.4949%,4,788,792,788,4,0,0
0x9a82d7,71.4286%,4,10,14,0,0,4,10
0xa02fb7,94.1176%,4,64,68,0,0,4,64
0x5391d4,81.8182%,4,18,22,10,1,3,8
0x9f9bf1,84%,4,21,25,6,0,4,15
0x9f02ba,95.7447%,4,90,94,0,0,4,90
0x9a0c0e,85.7143%,4,24,28,0,0,4,24
0x94cab9,93.75%,4,60,64,24,0,4,36
0xa343ad,91.8367%,4,45,49,0,0,4,45
0x5bd793,96.6387%,4,115,119,0,0,4,115
0x5d0908,77.7778%,4,14,18,14,4,0,0
0x4a768a,94.8718%,4,74,78,0,0,4,74
0x820e70,98.3607%,4,240,244,0,0,4,240
0xa9bcb6,60%,4,6,10,6,4,0,0
0x552b1d,87.5%,4,28,32,0,4,0,28
0x9fe8f1,90%,4,36,40,0,3,1,36
0xa52767,0%,4,0,4,0,4,0,0
0x6660c1,50%,4,4,8,4,4,0,0
0xa5f780,99.3641%,4,625,629,625,4,0,0
0xa368c2,99.0805%,4,431,435,0,0,4,431
0x50ef24,78.9474%,4,15,19,0,0,4,15
0x9eb1c6,93.1034%,4,54,58,0,2,2,54
0x81eb29,98.806%,4,331,335,331,4,0,0
0x53de9c,99.2395%,4,522,526,522,4,0,0
0xa36465,96.9231%,4,126,130,126,4,0,0
0xa45ea9,93.75%,4,60,64,60,4,0,0
0xa565bc,98.4674%,4,257,261,0,0,4,257
0x981458,94.8052%,4,73,77,72,3,1,1
0x5058e3,95.122%,4,78,82,78,4,0,0
0x48edf4,98.7915%,4,327,331,327,4,0,0
0xb1c353,96.0784%,4,98,102,98,4,0,0
0xa363ce,98.6532%,4,293,297,0,0,4,293
0x50a656,71.4286%,4,10,14,0,0,4,10
0x9ea2d9,94.4444%,4,68,72,68,4,0,0
0x67b1f7,99.777%,4,1790,1794,1790,4,0,0
0xa513ab,99.2157%,4,506,510,506,4,0,0
0x8e4dba,99.0099%,4,400,404,0,0,4,400
0xb22bd2,99.7859%,4,1864,1868,1864,4,0,0
0xa2e2ac,93.75%,4,60,64,0,0,4,60
0x404eff,83.3333%,4,20,24,0,0,4,20
0x4a6564,97.2973%,4,144,148,0,3,1,144
0xa96f56,73.3333%,4,11,15,0,0,4,11
0x48c390,42.8571%,4,3,7,3,4,0,0
0xa2ed4e,94.1176%,4,64,68,37,2,2,27
0xa337ef,84%,4,21,25,0,0,4,21
0x80a825,99.5244%,4,837,841,0,0,4,837
0x5e4517,99.7349%,4,1505,1509,0,0,4,1505
0x97b79e,94.2029%,4,65,69,0,0,4,65
0x80f81c,99.6622%,4,1180,1184,0,0,4,1180
0xa3fec1,85.7143%,4,24,28,0,0,4,24
0x8a6af2,33.3333%,4,2,6,2,3,1,0
0xa96f6d,73.3333%,4,11,15,0,0,4,11
0xa91964,90.4762%,4,38,42,0,0,4,38
0x5f0da3,20%,4,1,5,0,0,4,1
0x90024a,99.3496%,4,611,615,2,3,1,609
0x8ea942,99.6745%,4,1225,1229,0,4,0,1225
0xa15af8,33.3333%,4,2,6,0,0,4,2
0x975241,83.3333%,4,20,24,17,2,2,3
0xa94ca5,0%,4,0,4,0,0,4,0
0x813072,99.5272%,4,842,846,0,0,4,842
0x5579dd,98.6486%,4,292,296,292,4,0,0
0x7cc133,66.6667%,4,8,12,0,0,4,8
0x843896,66.6667%,4,8,12,5,3,1,3
0xa90196,93.6508%,4,59,63,0,0,4,59
0x441717,63.6364%,4,7,11,0,0,4,7
0x8f5f52,99.435%,4,704,708,0,0,4,704
0x99c579,98.8604%,4,347,351,347,4,0,0
0x5bb3fe,93.75%,4,60,64,29,2,2,31
0x81b07c,88.5714%,4,31,35,0,1,3,31
0x7c73f1,75%,4,12,16,0,0,4,12
0xa3ba5c,97.1429%,4,136,140,0,0,4,136
0x4bf710,87.8788%,4,29,33,2,3,1,27
0x600117,85.1852%,4,23,27,0,0,4,23
0xa03a65,96.5812%,4,113,117,113,4,0,0
0x9c3bdd,88.8889%,4,32,36,32,4,0,0
0x5032f3,94.5205%,4,69,73,0,2,2,69
0x81cb46,93.3333%,4,56,60,0,0,4,56
0xa372e3,60%,4,6,10,0,2,2,6
0x598eb5,20%,4,1,5,1,4,0,0
0xa90f29,0%,4,0,4,0,0,4,0
0xa02c34,94.4444%,4,68,72,68,2,2,0
0xa90fde,97.9487%,4,191,195,0,0,4,191
0x4a1ebb,66.6667%,4,8,12,7,1,3,1
0x8efba1,96.5812%,4,113,117,113,4,0,0
0xa942b7,97.4684%,4,154,158,154,4,0,0
0xa2f497,96.4602%,4,109,113,0,2,2,109
0x4a71f0,98.9744%,4,386,390,0,0,4,386
0x90d227,99.3322%,4,595,599,0,0,4,595
0x609baf,98.4127%,4,248,252,0,0,4,248
0xa43094,0%,4,0,4,0,0,4,0
0x5f9279,80%,4,16,20,4,3,1,12
0xa96005,84.6154%,4,22,26,22,4,0,0
0x490386,94.9367%,4,75,79,0,0,4,75
0x9e3fd6,95.4023%,4,83,87,68,0,4,15
0x81d643,99.061%,4,422,426,0,0,4,422
0x8f67d9,97.1429%,4,136,140,10,0,4,126
0x534b15,95.0617%,4,77,81,77,4,0,0
0x8da8bb,33.3333%,4,2,6,2,4,0,0
0x95b63c,50%,4,4,8,3,1,3,1
0x8380f3,91.1111%,4,41,45,39,1,3,2
0x65ac9c,71.4286%,4,10,14,0,0,4,10
0x49143d,97.5155%,4,157,161,0,3,1,157
0x9e0821,99.5838%,4,957,961,0,0,4,957
0x49140f,97.5155%,4,157,161,155,3,1,2
0x670a4d,78.9474%,4,15,19,0,0,4,15
0xa9ce23,93.8462%,4,61,65,0,0,4,61
0x643a97,99.4744%,4,757,761,0,0,4,757
0x9cfbbc,96.748%,4,119,123,119,4,0,0
0x8bdc67,73.3333%,4,11,15,0,0,4,11
0x5cf463,91.1111%,4,41,45,35,4,0,6
0xa99d1b,63.6364%,4,7,11,0,0,4,7
0x608bad,98%,4,196,200,0,0,4,196
0x8d382a,60%,4,6,10,4,2,2,2
0xa4ecb8,97.1014%,4,134,138,134,4,0,0
0x49195b,94.4444%,4,68,72,0,0,4,68
0x659dd6,78.9474%,4,15,19,15,4,0,0
0x8e204c,98.6207%,4,286,290,286,4,0,0
0x673d99,42.8571%,4,3,7,0,2,2,3
0xa53d2e,97.561%,4,160,164,0,0,4,160
0x49b077,98.7461%,4,315,319,0,0,4,315
0x507105,99.3031%,4,570,574,570,4,0,0
0x58f96c,80.9524%,4,17,21,17,4,0,0
0xa4e70a,89.4737%,4,34,38,34,4,0,0
0x9a3304,97.2603%,4,142,146,142,3,1,0
0x5389b4,99.9318%,4,5862,5866,0,0,4,5862
0x59c950,97.5309%,4,158,162,158,4,0,0
0xa9c671,91.3043%,4,42,46,8,2,2,34
0xa4cded,0%,4,0,4,0,4,0,0
0x65a12b,99.7266%,4,1459,1463,0,0,4,1459
0x53fede,99.0698%,4,426,430,0,4,0,426
0x4c68a8,85.7143%,4,24,28,6,2,2,18
0x917bec,98%,4,196,200,196,4,0,0
0x5eaf3b,0%,4,0,4,0,4,0,0
0x4c7571,77.7778%,4,14,18,2,1,3,12
0xa4643b,97.9275%,4,189,193,189,4,0,0
0x81bbda,98.7382%,4,313,317,313,4,0,0
0x81fdf0,91.6667%,4,44,48,0,0,4,44
0xa4d5d8,97.5%,4,156,160,0,0,4,156
0x9592a8,96.875%,4,124,128,124,4,0,0
0x548ae8,0%,4,0,4,0,4,0,0
0x8ef6e5,97.037%,4,131,135,131,4,0,0
0x838f3e,93.9394%,4,62,66,7,1,3,55
0xa571e8,90.2439%,4,37,41,36,3,1,1
0x9edd06,93.75%,4,60,64,0,0,4,60
0x50219d,94.0299%,4,63,67,63,4,0,0
0x557638,85.1852%,4,23,27,0,0,4,23
0x65b25d,69.2308%,4,9,13,9,4,0,0
0xa4d33b,88.8889%,4,32,36,0,0,4,32
0x8e94e4,50%,4,4,8,0,4,0,4
0xa9d298,92%,4,46,50,12,4,0,34
0x54872a,99.83%,4,2349,2353,0,0,4,2349
0x4a6cb5,95.9596%,4,95,99,0,0,4,95
0x7f3729,73.3333%,4,11,15,0,0,4,11
0xa546b6,96.0784%,4,98,102,98,4,0,0
0x7bba05,50%,4,4,8,4,4,0,0
0xa57bcb,89.7436%,4,35,39,19,1,3,16
0x64c05f,97.6608%,4,167,171,42,2,2,125
0x8a9f4c,89.4737%,4,34,38,9,2,2,25
0xa46f03,77.7778%,4,14,18,14,4,0,0
0x5fbe1d,96.4286%,4,108,112,108,4,0,0
0x818de6,99.4845%,4,772,776,0,0,4,772
0xa42041,98.7616%,4,319,323,0,0,4,319
0xa5717d,80%,4,16,20,16,4,0,0
0x8b9ac0,99.8318%,4,2374,2378,11,1,3,2363
0x5f62e6,0%,4,0,4,0,4,0,0
0x5070f8,99.3031%,4,570,574,0,0,4,570
0x8d3fc6,69.2308%,4,9,13,0,0,4,9
0xa53e7b,97.561%,4,160,164,0,0,4,160
0x409d2e,80.9524%,4,17,21,0,0,4,17
0x9a3ebb,85.7143%,4,24,28,0,0,4,24
0x9a89d1,98.513%,4,265,269,0,0,4,265
0x9f5a85,96.4286%,4,108,112,0,4,0,108
0x4c2aec,95.2381%,4,80,84,80,4,0,0
0x4b498e,97.1014%,4,134,138,0,0,4,134
0x65ba12,99.9126%,4,4572,4576,4572,4,0,0
0xa57739,85.7143%,4,24,28,0,0,4,24
0x9f3ef1,97.4843%,4,155,159,155,4,0,0
0x4ad929,0%,4,0,4,0,4,0,0
0x9ed68c,93.2203%,4,55,59,55,4,0,0
0x49921d,87.0968%,4,27,31,10,4,0,17
0x55598a,92.7273%,4,51,55,50,4,0,1
0x49d7c3,95.6989%,4,89,93,0,0,4,89
0x4095c7,50%,4,4,8,4,3,1,0
0xa53f03,98.1308%,4,210,214,106,1,3,104
0x55813e,99.0025%,4,397,401,397,4,0,0
0x591370,99.2674%,4,542,546,0,0,4,542
0x99c694,97.351%,4,147,151,147,4,0,0
0x8338ae,94.6667%,4,71,75,71,2,2,0
0x48f773,75%,4,12,16,8,2,2,4
0x99dd23,73.3333%,4,11,15,0,0,4,11
0x8f469c,99.8403%,4,2501,2505,0,0,4,2501
0xaa2c56,99.8005%,4,2001,2005,0,0,4,2001
0x5c4fe4,87.0968%,4,27,31,0,0,4,27
0x6474ed,80.9524%,4,17,21,17,4,0,0
0x619c2b,80%,4,16,20,0,0,4,16
0x908678,99.7517%,4,1607,1611,0,0,4,1607
0xa4d187,71.4286%,4,10,14,10,0,4,0
0x48f977,60%,4,6,10,6,4,0,0
0x5bda8e,50%,4,4,8,2,2,2,2
0xa5418a,0%,4,0,4,0,4,0,0
0xa474d8,90.4762%,4,38,42,0,0,4,38
0xa2fbe5,99.4109%,4,675,679,0,0,4,675
0x9778fe,88.8889%,4,32,36,0,0,4,32
0xa64bd8,50%,4,4,8,0,2,2,4
0x814f6f,77.7778%,4,14,18,0,0,4,14
0xa2dd68,88.8889%,4,32,36,0,0,4,32
0x49de72,85.7143%,4,24,28,24,4,0,0
0x5c4bae,99.7813%,4,1825,1829,0,0,4,1825
0xa4decd,80%,4,16,20,16,4,0,0
0xa4df30,80%,4,16,20,16,4,0,0
0x905069,97.0803%,4,133,137,133,4,0,0
0x50d2cc,99.7545%,4,1625,1629,0,0,4,1625
0xa4d895,89.4737%,4,34,38,34,4,0,0
0xb2e2d8,91.6667%,4,44,48,0,0,4,44
0x909096,99.7846%,4,1853,1857,1853,4,0,0
0x8bcc5f,92.4528%,4,49,53,19,3,1,30
0xa5d0a9,97.5758%,4,161,165,161,4,0,0
0x4ca4b3,60%,4,6,10,0,0,4,6
0x51106e,99.894%,4,3770,3774,0,0,4,3770
0x6472c8,80%,4,16,20,0,0,4,16
0xa15e63,75%,4,12,16,8,0,4,4
0xa08ba2,55.5556%,4,5,9,2,2,2,3
0x7dfb1f,95.1807%,4,79,83,0,0,4,79
0xa2628d,99.0099%,4,400,404,400,4,0,0
0xa44fab,71.4286%,4,10,14,0,0,4,10
0x4b877e,42.8571%,4,3,7,3,4,0,0
0x9abb0f,99.6357%,4,1094,1098,0,0,4,1094
0x502d87,97.8723%,4,184,188,184,4,0,0
0x817234,97.4522%,4,153,157,64,1,3,89
0x80bc24,98.9848%,4,390,394,0,0,4,390
0x4ba077,80%,4,16,20,3,4,0,13
0x4850b1,91.1111%,4,41,45,0,0,4,41
0x4a8cb5,91.8367%,4,45,49,6,1,3,39
0x58c1fd,98.7421%,4,314,318,314,4,0,0
0x404fb9,90.4762%,4,38,42,38,4,0,0
0x94a9a8,95%,4,76,80,76,4,0,0
0x66f61c,94.0299%,4,63,67,0,0,4,63
0xa6cb5c,66.6667%,4,8,12,8,4,0,0
0x8c9518,98.8858%,4,355,359,0,0,4,355
0x66f63a,84.6154%,4,22,26,0,0,4,22
0x81fdda,91.6667%,4,44,48,43,3,1,1
0x4a1b55,82.6087%,4,19,23,0,0,4,19
0x833612,96.5517%,4,112,116,0,2,2,112
0x546621,0%,4,0,4,0,0,4,0
0x9ea61d,96.8%,4,121,125,0,0,4,121
0x80a8e8,99.5283%,4,844,848,3,2,2,841
0x81bb6c,98.7382%,4,313,317,313,4,0,0
0xa0852b,88.2353%,4,30,34,29,0,4,1
0x48fdbe,60%,4,6,10,6,4,0,0
0x48bd09,99.4937%,4,786,790,786,4,0,0
0x490bba,90.2439%,4,37,41,0,0,4,37
0xa2db82,71.4286%,4,10,14,0,0,4,10
0xa08682,86.2069%,4,25,29,24,1,3,1
0x8f6bc3,96.3303%,4,105,109,105,4,0,0
0x8216ab,98.7952%,4,328,332,0,0,4,328
0x50eb14,90.4762%,4,38,42,0,2,2,38
0x5fc84f,91.4894%,4,43,47,43,2,2,0
0x973b54,60%,4,6,10,0,0,4,6
0x58de24,94.6667%,4,71,75,0,0,4,71
0x821336,99.8884%,4,3580,3584,0,0,4,3580
0x904c3c,98.6711%,4,297,301,0,0,4,297
0xa25e5e,94.8718%,4,74,78,74,4,0,0
0xa90b2b,33.3333%,4,2,6,2,0,4,0
0x48f169,66.6667%,4,8,12,8,4,0,0
0x4a86cd,92.4528%,4,49,53,48,3,1,1
0x63dc50,99.5838%,4,957,961,957,4,0,0
0x904ab0,98.6711%,4,297,301,297,4,0,0
0x543a6c,98.1818%,4,216,220,0,2,2,216
0x5f31a4,42.8571%,4,3,7,0,1,3,3
0x555567,98.6711%,4,297,301,0,4,0,297
0xa022f4,99.8478%,4,2624,2628,0,0,4,2624
0x838aa8,33.3333%,4,2,6,1,2,2,1
0x53fb4e,0%,4,0,4,0,2,2,0
0x8e216c,99.6691%,4,1205,1209,1,3,1,1204
0x80382d,94.6667%,4,71,75,71,2,2,0
0x9f82cd,63.6364%,4,7,11,7,4,0,0
0xa56ebf,98.9583%,4,380,384,0,2,2,380
0x9eb2e7,94.1176%,4,64,68,64,2,2,0
0xa2ab66,66.6667%,4,8,12,8,4,0,0
0x499d41,92.4528%,4,49,53,49,4,0,0
0x50cb23,99.0741%,4,428,432,428,4,0,0
0xa58906,96.5517%,4,112,116,0,0,4,112
0x639b12,93.8462%,4,61,65,61,0,4,0
0x90a138,99.6101%,4,1022,1026,1022,4,0,0
0x5407e0,66.6667%,4,8,12,7,3,1,1
0x9f3ac5,33.3333%,4,2,6,1,1,3,1
0x54ceeb,0%,4,0,4,0,4,0,0
0x9082c9,99.4152%,4,680,684,0,0,4,680
0xaaa06a,85.1852%,4,23,27,23,4,0,0
0xa4fe80,98.419%,4,249,253,249,0,4,0
0x8eadd2,99.6735%,4,1221,1225,0,0,4,1221
0x50cf09,98.2833%,4,229,233,0,0,4,229
0x546334,99.0971%,4,439,443,0,0,4,439
0x9e0c12,0%,4,0,4,0,4,0,0
0x9f2739,99.0741%,4,428,432,347,0,4,81
0xa5007b,95.0617%,4,77,81,0,0,4,77
0x9737c4,90%,4,36,40,1,1,3,35
0xa2d98e,98.0583%,4,202,206,202,0,4,0
0x638efe,98.8166%,4,334,338,334,4,0,0
0x837741,50%,4,4,8,1,2,2,3
0x8050d2,86.6667%,4,26,30,13,2,2,13
0x50a77a,92.1569%,4,47,51,47,4,0,0
0xa9473f,86.2069%,4,25,29,0,0,4,25
0x4c0451,95.3488%,4,82,86,82,4,0,0
0xb37683,99.9278%,4,5538,5542,0,0,4,5538
0x5f4227,42.8571%,4,3,7,0,0,4,3
0xa4ffc6,78.9474%,4,15,19,0,0,4,15
0x810760,99.4609%,4,738,742,738,4,0,0
0x5555d5,96.1165%,4,99,103,99,4,0,0
0x5baf88,97.8947%,4,186,190,0,0,4,186
0x554847,99.6534%,4,1150,1154,1150,4,0,0
0x99afa6,42.8571%,4,3,7,3,4,0,0
0x9f0e55,88.8889%,4,32,36,0,0,4,32
0x64dfdb,92.7273%,4,51,55,48,1,3,3
0xa9b83c,98.2533%,4,225,229,0,0,4,225
0x4ab4e3,87.0968%,4,27,31,22,3,1,5
0x8bbbaf,88.5714%,4,31,35,31,4,0,0
0x556df8,50%,4,4,8,0,0,4,4
0x9fe7fa,89.1892%,4,33,37,33,4,0,0
0x9ec2bd,69.2308%,4,9,13,1,2,2,8
0x4b5eca,0%,4,0,4,0,0,4,0
0x5f4379,42.8571%,4,3,7,3,2,2,0
0xa03ab0,93.5484%,4,58,62,57,1,3,1
0xa42927,99.5923%,4,977,981,0,0,4,977
0x9d363e,92.7273%,4,51,55,51,4,0,0
0x78bfd7,55.5556%,4,5,9,3,4,0,2
0x556099,89.7436%,4,35,39,35,4,0,0
0x48d24a,33.3333%,4,2,6,0,0,4,2
0xa8ef73,71.4286%,4,10,14,10,4,0,0
0xa554fd,95.5056%,4,85,89,85,4,0,0
0x58f507,92.3077%,4,48,52,48,4,0,0
0x504542,99.4595%,4,736,740,0,0,4,736
0x558e52,95.4545%,4,84,88,66,0,4,18
0x53f2b6,99.0676%,4,425,429,425,4,0,0
0x9b8ff3,78.9474%,4,15,19,15,4,0,0
0x94e765,93.3333%,4,56,60,0,0,4,56
0x9a168a,80%,4,16,20,16,4,0,0
0x51b2f2,33.3333%,4,2,6,2,4,0,0
0x945386,99.1507%,4,467,471,467,4,0,0
0x51b33b,99.6855%,4,1268,1272,0,0,4,1268
0x8c8090,99.8023%,4,2019,2023,2019,4,0,0
0x50983f,99.8052%,4,2049,2053,0,0,4,2049
0xaadb62,97.037%,4,131,135,0,0,4,131
0x9ed3ec,96.3964%,4,107,111,107,4,0,0
0x502729,98.8604%,4,347,351,347,4,0,0
0xa42c1c,92.5926%,4,50,54,0,0,4,50
0x9d34b7,92.7273%,4,51,55,51,4,0,0
0x640d62,98%,4,196,200,196,4,0,0
0xa554a5,96.9231%,4,126,130,0,0,4,126
0x8f4315,99.7245%,4,1448,1452,1448,4,0,0
0x8ea7a9,0%,4,0,4,0,0,4,0
0x813067,99.5272%,4,842,846,0,0,4,842
0x8ea8f2,98.1132%,4,208,212,208,0,4,0
0x8096ff,42.8571%,4,3,7,0,2,2,3
0xa2d49c,0%,4,0,4,0,0,4,0
0x9a0bbd,85.7143%,4,24,28,0,0,4,24
0xa31c5c,87.0968%,4,27,31,5,1,3,22
0xa91142,0%,4,0,4,0,4,0,0
0xa328f7,96.0396%,4,97,101,97,4,0,0
0x54082a,66.6667%,4,8,12,8,4,0,0
0x822675,99.1736%,4,480,484,1,3,1,479
0x6975d2,85.7143%,4,24,28,24,4,0,0
0x81cbae,97.6744%,4,168,172,168,4,0,0
0x9f4bec,97.7143%,4,171,175,0,0,4,171
0x6106e1,84%,4,21,25,21,4,0,0
0x51b7e5,99.891%,4,3666,3670,3666,4,0,0
0x4bc378,98.7842%,4,325,329,325,4,0,0
0xa44c20,0%,4,0,4,0,0,4,0
0x5ffdd7,95.5056%,4,85,89,85,2,2,0
0x4bb29c,99.0971%,4,439,443,438,3,1,1
0x98c995,96.3303%,4,105,109,0,0,4,105
0x50627a,99.3818%,4,643,647,0,0,4,643
0x5d05e3,80%,4,16,20,16,4,0,0
0x8171c5,99.5255%,4,839,843,278,4,0,561
0x8aa7fe,99.6564%,4,1160,1164,0,0,4,1160
0x667335,87.0968%,4,27,31,27,4,0,0
0x59f9c9,0%,4,0,4,0,4,0,0
0x48c2f9,95.9184%,4,94,98,94,2,2,0
0x4c72c9,77.7778%,4,14,18,0,0,4,14
0x67de7d,89.4737%,4,34,38,34,4,0,0
0xa466ee,75%,4,12,16,12,4,0,0
0xa5756d,90.2439%,4,37,41,0,0,4,37
0x966022,78.9474%,4,15,19,7,2,2,8
0x9742b9,99.2883%,4,558,562,558,4,0,0
0x58dbb3,97.351%,4,147,151,142,2,2,5
0x4ad85a,80.9524%,4,17,21,11,2,2,6
0x7dfcc9,80%,4,16,20,0,0,4,16
0x9e5634,86.6667%,4,26,30,26,4,0,0
0x803fe6,88.2353%,4,30,34,15,2,2,15
0x723695,99.7234%,4,1442,1446,0,0,4,1442
0x548a7f,33.3333%,4,2,6,2,0,4,0
0xa4c615,0%,4,0,4,0,0,4,0
0x5af744,93.5484%,4,58,62,51,2,2,7
0x544b9e,92.9825%,4,53,57,0,0,4,53
0x9a717a,71.4286%,4,10,14,0,4,0,10
0x978437,99.1614%,4,473,477,0,0,4,473
0x99f144,63.6364%,4,7,11,7,4,0,0
0x80f5c7,99.8841%,4,3446,3450,0,0,4,3446
0x548ae4,0%,4,0,4,0,0,4,0
0xa574c6,95.6044%,4,87,91,0,0,4,87
0x480b38,78.9474%,4,15,19,15,2,2,0
0x9013a4,92%,4,46,50,0,0,4,46
0xa5b1bc,73.3333%,4,11,15,0,3,1,11
0x80e6d6,99.1968%,4,494,498,415,0,4,79
0x627d2d,82.6087%,4,19,23,0,0,4,19
0x8bb7e7,80%,4,16,20,9,1,3,7
0x8f4142,98.7421%,4,314,318,314,4,0,0
0x50d5a1,97.5155%,4,157,161,0,0,4,157
0x9737d6,89.4737%,4,34,38,34,4,0,0
0x9f1ce4,98.9556%,4,379,383,379,4,0,0
0x9fe62b,0%,4,0,4,0,4,0,0
0xa9da6a,98.2063%,4,219,223,0,0,4,219
0x9a33c6,73.3333%,4,11,15,11,4,0,0
0x965fd0,95.1807%,4,79,83,0,0,4,79
0xa06530,88.5714%,4,31,35,2,2,2,29
0x8aace6,81.8182%,4,18,22,0,0,4,18
0x7c71a1,90.9091%,4,40,44,0,0,4,40
0x59096a,80%,4,16,20,16,2,2,0
0x505413,99.4595%,4,736,740,736,4,0,0
0x9fc6d9,60%,4,6,10,0,0,4,6
0x9a39ea,80.9524%,4,17,21,13,3,1,4
0x5cf539,80%,4,16,20,5,1,3,11
0x8a91b1,60%,4,6,10,6,4,0,0
0x8f30b9,99.9426%,4,6961,6965,0,0,4,6961
0x90ef53,99.7846%,4,1853,1857,1853,4,0,0
0x99e03f,85.7143%,4,24,28,24,4,0,0
0xa99c7e,0%,4,0,4,0,0,4,0
0x9bd197,92.7273%,4,51,55,51,4,0,0
0x911b48,99.3322%,4,595,599,0,0,4,595
0x9ee037,97.5155%,4,157,161,0,0,4,157
0x4bb102,98.8235%,4,336,340,44,4,0,292
0xa060d2,55.5556%,4,5,9,3,1,3,2
0x8f2080,89.7436%,4,35,39,35,4,0,0
0xa34be1,94.6667%,4,71,75,0,2,2,71
0x7f0327,78.9474%,4,15,19,15,4,0,0
0x4ab211,20%,4,1,5,1,4,0,0
0x809537,0%,4,0,4,0,2,2,0
0xb1bae6,99.602%,4,1001,1005,1001,4,0,0
0x88a113,81.8182%,4,18,22,0,0,4,18
0x9a0ad5,85.7143%,4,24,28,0,0,4,24
0x7f0025,78.9474%,4,15,19,1,0,4,14
0x8ae94a,42.8571%,4,3,7,3,4,0,0
0x5970bc,99.1718%,4,479,483,0,0,4,479
0x8a90d6,99.635%,4,1092,1096,53,2,2,1039
0x555d81,92.8571%,4,52,56,0,0,4,52
0x99f6c6,69.2308%,4,9,13,9,4,0,0
0x610316,87.8788%,4,29,33,0,0,4,29
0x49635c,88.2353%,4,30,34,0,0,4,30
0x60e630,89.4737%,4,34,38,34,4,0,0
0xb3136d,99.5872%,4,965,969,0,0,4,965
0xb17bb2,99.623%,4,1057,1061,0,0,4,1057
0x81f8fd,99.8097%,4,2098,2102,0,0,4,2098
0x9fa1cb,33.3333%,4,2,6,0,0,4,2
0x9edce6,93.75%,4,60,64,0,0,4,60
0x9e86cf,87.5%,4,28,32,0,0,4,28
0xa9f164,97.619%,4,164,168,164,4,0,0
0x8e233d,99.9344%,4,6098,6102,0,0,4,6098
0x8f3e65,98.6441%,4,291,295,291,4,0,0
0xb17ea5,99.623%,4,1057,1061,0,0,4,1057
0x4b57c3,83.3333%,4,20,24,20,3,1,0
0x4a25fe,99.4859%,4,774,778,0,0,4,774
0xa486bc,98.3471%,4,238,242,0,0,4,238
0x4ad228,80%,4,16,20,16,4,0,0
0xa3acd5,97.1429%,4,136,140,136,0,4,0
0x48ee3d,98.7915%,4,327,331,0,0,4,327
0x60de18,95.0617%,4,77,81,0,0,4,77
0x50eba2,90%,4,36,40,0,2,2,36
0x9f7fc2,71.4286%,4,10,14,10,4,0,0
0x4ab224,20%,4,1,5,1,4,0,0
0x4b4be9,98.4615%,4,256,260,256,4,0,0
0x81d653,99.061%,4,422,426,422,4,0,0
0x609835,98.995%,4,394,398,394,4,0,0
0x58b8d0,96.3636%,4,106,110,0,0,4,106
0x490cd6,55.5556%,4,5,9,0,0,4,5
0x591b91,96.3636%,4,106,110,1,0,4,105
0xa3fe46,85.7143%,4,24,28,24,4,0,0
0x4b583f,98.5185%,4,266,270,266,4,0,0
0x5f11d1,42.8571%,4,3,7,3,2,2,0
0x9e85b9,97.6048%,4,163,167,163,4,0,0
0x64b48e,98.6799%,4,299,303,0,0,4,299
0x5db29b,0%,4,0,4,0,4,0,0
0xa5a094,69.2308%,4,9,13,0,3,1,9
0x54d157,73.3333%,4,11,15,11,4,0,0
0x49a2dc,71.4286%,4,10,14,6,4,0,4
0x977c0a,99.7582%,4,1650,1654,0,0,4,1650
0x8e3e39,0%,4,0,4,0,0,4,0
0xa2f029,95.2381%,4,80,84,0,0,4,80
0x4a5a32,75%,4,12,16,12,4,0,0
0x48ba90,42.8571%,4,3,7,3,4,0,0
0x610259,87.8788%,4,29,33,0,0,4,29
0x5f11a7,42.8571%,4,3,7,3,4,0,0
0x805444,33.3333%,4,2,6,2,2,2,0
0x5fa673,33.3333%,4,2,6,0,0,4,2
0x4b9ab9,50%,4,4,8,0,4,0,4
0x97b912,96.4912%,4,110,114,110,4,0,0
0xb30541,20%,4,1,5,1,4,0,0
0x4a04b2,75%,4,12,16,12,4,0,0
0xa35eec,99.3139%,4,579,583,0,0,4,579
0x686968,98.5765%,4,277,281,0,0,4,277
0x5011ac,99.7914%,4,1914,1918,0,0,4,1914
0xa48c8a,97.6048%,4,163,167,163,4,0,0
0x9432fe,94.6667%,4,71,75,0,0,4,71
0x911960,99.7834%,4,1843,1847,1843,4,0,0
0x5f004d,97.8022%,4,178,182,178,4,0,0
0x901732,97.861%,4,183,187,183,4,0,0
0x5f6c9a,73.3333%,4,11,15,1,1,3,10
0x48e7e4,90.4762%,4,38,42,4,0,4,34
0x7f044c,94.4444%,4,68,72,68,2,2,0
0x4996d4,94.5946%,4,70,74,0,0,4,70
0x5385cd,99.9202%,4,5006,5010,0,0,4,5006
0x59c2f7,42.8571%,4,3,7,0,0,4,3
0x5969da,98.8131%,4,333,337,0,0,4,333
0xb30176,99.2188%,4,508,512,0,0,4,508
0x4024ac,96.3636%,4,106,110,0,0,4,106
0x969840,93.8462%,4,61,65,61,4,0,0
0xaa260b,81.8182%,4,18,22,0,0,4,18
0x43b1a6,92.5926%,4,50,54,50,4,0,0
0xb24617,99.9664%,4,11895,11899,0,0,4,11895
0x5f1428,90%,4,36,40,0,0,4,36
0x8e8dd2,99.6764%,4,1232,1236,1232,2,2,0
0x805643,99.6764%,4,1232,1236,1232,2,2,0
0x8efe83,84.6154%,4,22,26,0,0,4,22
0xa2387e,93.8462%,4,61,65,0,0,4,61
0xa90e2a,0%,4,0,4,0,4,0,0
0x9e7142,92.7273%,4,51,55,51,4,0,0
0xa2f87d,98.3936%,4,245,249,0,0,4,245
0x7cc155,66.6667%,4,8,12,0,0,4,8
0x5be66f,97.6471%,4,166,170,83,2,2,83
0x670a22,78.9474%,4,15,19,0,0,4,15
0xa45643,66.6667%,4,8,12,0,0,4,8
0x65c229,99.9181%,4,4882,4886,0,0,4,4882
0x4bea7e,97.7143%,4,171,175,171,4,0,0
0x81f67a,91.3043%,4,42,46,0,4,0,42
0x481afd,78.9474%,4,15,19,0,1,3,15
0x66f7db,78.9474%,4,15,19,15,4,0,0
0x4ba956,87.0968%,4,27,31,27,4,0,0
0x782699,98.19%,4,217,221,0,0,4,217
0x5465c4,50%,4,4,8,4,0,4,0
0xa073c0,55.5556%,4,5,9,3,2,2,2
0x48ec61,95.8763%,4,93,97,82,0,4,11
0xaa7d1e,60%,4,6,10,0,0,4,6
0x503d27,92.3077%,4,48,52,48,4,0,0
0x974720,97.3684%,4,148,152,148,4,0,0
0x809490,99.5283%,4,844,848,514,4,0,330
0x8e32b3,99.9046%,4,4187,4191,4187,4,0,0
0xa4ec9f,97.1014%,4,134,138,0,0,4,134
0x974683,90%,4,36,40,36,2,2,0
0x8eee3d,99.1131%,4,447,451,0,0,4,447
0x8043f0,55.5556%,4,5,9,1,2,2,4
0x4b4928,98.4615%,4,256,260,256,4,0,0
0x6432a3,88.2353%,4,30,34,0,0,4,30
0x8bd790,33.3333%,4,2,6,0,4,0,2
0x5c7256,85.7143%,4,24,28,24,4,0,0
0x4b66cb,86.6667%,4,26,30,0,2,2,26
0x8e133d,99.7969%,4,1965,1969,0,0,4,1965
0x5906bb,99.6549%,4,1155,1159,1155,4,0,0
0x907570,82.6087%,4,19,23,0,0,4,19
0xb23058,97.4026%,4,150,154,150,4,0,0
0x483cdf,78.9474%,4,15,19,14,4,0,1
0xa4701f,98.4436%,4,253,257,13,2,2,240
0xa63a17,0%,4,0,4,0,0,4,0
0xa3e2e2,75%,4,12,16,4,4,0,8
0x48ded5,90.2439%,4,37,41,0,0,4,37
0x5baf8f,97.8947%,4,186,190,186,4,0,0
0xa5f8f3,50%,4,4,8,0,0,4,4
0x8e5371,75%,4,12,16,12,4,0,0
0x6114f6,87.0968%,4,27,31,27,4,0,0
0xb22bf3,99.7859%,4,1864,1868,1864,4,0,0
0x9fe3eb,96.9466%,4,127,131,0,0,4,127
0x4997e7,90.6977%,4,39,43,0,0,4,39
0x94b862,99.2857%,4,556,560,556,4,0,0
0x4bac8e,99.5842%,4,958,962,0,0,4,958
0x538648,99.7171%,4,1410,1414,1410,4,0,0
0x48a101,99.902%,4,4079,4083,4079,4,0,0
0x5424c2,99.6476%,4,1131,1135,1131,4,0,0
0x8042c7,90.4762%,4,38,42,1,2,2,37
0x9bb6b3,93.8462%,4,61,65,61,2,2,0
0x81f38c,99.7526%,4,1613,1617,0,2,2,1613
0x99b0db,80.9524%,4,17,21,17,4,0,0
0x6673e3,90%,4,36,40,36,4,0,0
0x5086f5,63.6364%,4,7,11,7,4,0,0
0x9fb627,98.1395%,4,211,215,211,4,0,0
0x9fb019,98.722%,4,309,313,0,0,4,309
0x4c4dbf,63.6364%,4,7,11,7,4,0,0
0x58f705,33.3333%,4,2,6,2,4,0,0
0x674fc3,89.7436%,4,35,39,35,4,0,0
0x5b1772,60%,4,6,10,0,0,4,6
0x5d7f4f,0%,4,0,4,0,0,4,0
0x4fdbbb,93.3333%,4,56,60,0,0,4,56
0x5e786d,94.5205%,4,69,73,69,4,0,0
0xa4969e,90.4762%,4,38,42,0,0,4,38
0x6116b9,60%,4,6,10,0,0,4,6
0x9f11d3,20%,4,1,5,0,0,4,1
0x44192e,63.6364%,4,7,11,0,0,4,7
0x804ebb,95.8333%,4,92,96,92,4,0,0
0x60b373,98.7539%,4,317,321,317,4,0,0
0x88e3ed,89.7436%,4,35,39,35,4,0,0
0x9d314a,93.1034%,4,54,58,54,1,3,0
0xa93dd4,66.6667%,4,8,12,0,0,4,8
0x90fc53,99.6101%,4,1022,1026,1022,4,0,0
0x9f5cfa,42.8571%,4,3,7,1,0,4,2
0x8226db,99.1667%,4,476,480,0,0,4,476
0x4b6b94,88.5714%,4,31,35,29,1,3,2
0x9f4d37,55.5556%,4,5,9,5,4,0,0
0x5dadc2,0%,4,0,4,0,4,0,0
0x8bdc5a,92.4528%,4,49,53,35,3,1,14
0xa43891,91.6667%,4,44,48,32,4,0,12
0x918b50,98%,4,196,200,196,4,0,0
0x679bfc,97.5309%,4,158,162,99,2,2,59
0x60b398,97.1429%,4,136,140,136,4,0,0
0x9e7057,42.8571%,4,3,7,3,4,0,0
0x88e63a,84%,4,21,25,21,4,0,0
0x94ed6b,86.6667%,4,26,30,0,0,4,26
0x66d45b,99.7268%,4,1460,1464,1460,4,0,0
0xb1c233,99.374%,4,635,639,0,0,4,635
0x9f0355,60%,4,6,10,0,0,4,6
0x70c1a6,33.3333%,4,2,6,2,4,0,0
0x4c518f,98.8201%,4,335,339,18,3,1,317
0xa96d7a,80.9524%,4,17,21,0,0,4,17
0x8e3e1e,0%,4,0,4,0,0,4,0
0x7c6369,97.546%,4,159,163,0,0,4,159
0x4be3c6,92.5926%,4,50,54,0,2,2,50
0x7d2fe2,93.8462%,4,61,65,0,0,4,61
0xa28753,75%,4,12,16,12,4,0,0
0x9a64fe,97.7273%,4,172,176,0,0,4,172
0x81b137,87.5%,4,28,32,0,0,4,28
0xa93e0b,66.6667%,4,8,12,8,4,0,0
0x610984,69.2308%,4,9,13,0,0,4,9
0x50e4b8,77.7778%,4,14,18,14,0,4,0
0x5baba4,99.473%,4,755,759,0,0,4,755
0xa2df8b,89.4737%,4,34,38,0,4,0,34
0x446574,99.3174%,4,582,586,3,1,3,579
0x9a9702,80%,4,16,20,0,0,4,16
0xa51a81,82.6087%,4,19,23,16,0,4,3
0x9c3ea2,92.5926%,4,50,54,0,0,4,50
0x8c82d1,87.5%,4,28,32,0,0,4,28
0x8fe185,95.3488%,4,82,86,82,4,0,0
0x8c82da,87.5%,4,28,32,26,4,0,2
0xa9bc3e,42.8571%,4,3,7,3,4,0,0
0x9f5b7c,66.6667%,4,8,12,1,3,1,7
0x9a247e,90%,4,36,40,36,4,0,0
0xa0a574,66.6667%,4,8,12,8,2,2,0
0x5b2aa4,91.1111%,4,41,45,41,4,0,0
0x8e69b4,97.2973%,4,144,148,144,4,0,0
0x60a8a8,96.4602%,4,109,113,0,0,4,109
0x486d61,95.6989%,4,89,93,89,4,0,0
0x4c8044,94.2029%,4,65,69,65,4,0,0
0xa36cbf,0%,4,0,4,0,3,1,0
0x7bb9cf,50%,4,4,8,0,0,4,4
0x8140d0,99.4609%,4,738,742,738,4,0,0
0x4a9cf3,73.3333%,4,11,15,0,0,4,11
0xa9496a,83.3333%,4,20,24,20,4,0,0
0x80d530,95.4545%,4,84,88,84,4,0,0
0xaa294b,97.1014%,4,134,138,0,0,4,134
0x918f46,98%,4,196,200,196,4,0,0
0x9e2aba,94.5946%,4,70,74,70,4,0,0
0x91756a,98%,4,196,200,196,4,0,0
0x9f332e,97.5%,4,156,160,0,0,4,156
0xa3ff17,66.6667%,4,8,12,8,4,0,0
0x6f557f,97.6879%,4,169,173,0,0,4,169
0x782106,98.9276%,4,369,373,0,0,4,369
0xa3404d,97.8836%,4,185,189,71,4,0,114
0x7b7c1b,84%,4,21,25,0,0,4,21
0x50f057,93.75%,4,60,64,51,0,4,9
0xa2de47,89.7436%,4,35,39,1,3,1,34
0x9f78d1,99.375%,4,636,640,636,4,0,0
0x9e8ad2,97.2414%,4,141,145,0,0,4,141
0x9a93f4,80%,4,16,20,0,0,4,16
0x9e72ea,71.4286%,4,10,14,9,4,0,1
0x9d1b2b,66.6667%,4,8,12,4,2,2,4
0x558a85,98.916%,4,365,369,365,4,0,0
0x9f5be3,66.6667%,4,8,12,0,0,4,8
0x50e4e1,77.7778%,4,14,18,8,4,0,6
0x9f861c,71.4286%,4,10,14,0,3,1,10
0x90ec8b,98%,4,196,200,0,0,4,196
0x952403,98.4848%,4,260,264,0,0,4,260
0x8114c8,99.5255%,4,839,843,0,0,4,839
0x50a6fb,94.2857%,4,66,70,0,0,4,66
0x8e423c,99.826%,4,2295,2299,2295,4,0,0
0x9f4eff,96.4286%,4,108,112,108,4,0,0
0x80a84f,20%,4,1,5,1,4,0,0
0x511079,99.894%,4,3770,3774,3770,4,0,0
0x4a7896,33.3333%,4,2,6,0,0,4,2
0x9f0b9b,95.5556%,4,86,90,0,0,4,86
0x48c73f,93.1034%,4,54,58,0,0,4,54
0x810896,94.6667%,4,71,75,0,2,2,71
0x9f3421,0%,4,0,4,0,4,0,0
0x8aebf3,97.9798%,4,194,198,0,0,4,194
0x5d45e1,77.7778%,4,14,18,14,4,0,0
0xa46b14,77.7778%,4,14,18,14,4,0,0
0x593232,85.7143%,4,24,28,12,2,2,12
0x5fe311,85.7143%,4,24,28,9,3,1,15
0x7e0521,63.6364%,4,7,11,0,2,2,7
0x5d3e42,96.9925%,4,129,133,129,4,0,0
0x81afc7,99.5283%,4,844,848,841,2,2,3
0xa93956,63.6364%,4,7,11,7,4,0,0
0x7f0cb9,94.6667%,4,71,75,49,1,3,22
0x5fe355,96.2963%,4,104,108,104,4,0,0
0x8aebaa,97.2603%,4,142,146,6,1,3,136
0x50b36b,90%,4,36,40,36,4,0,0
0x5d0948,77.7778%,4,14,18,14,4,0,0
0x8ebc9f,0%,4,0,4,0,4,0,0
0xaadc39,98.7692%,4,321,325,321,4,0,0
0x4c6d1a,95.6044%,4,87,91,0,0,4,87
0x65bd44,97.7401%,4,173,177,0,0,4,173
0x533bd9,55.5556%,4,5,9,5,4,0,0
0x80f0d9,99.4924%,4,784,788,784,2,2,0
0x8f2164,89.7436%,4,35,39,0,2,2,35
0x7d3763,96.2264%,4,102,106,36,3,1,66
0x4bb9b7,98.0392%,4,200,204,200,4,0,0
0x606acd,98.2222%,4,221,225,0,0,4,221
0x9a28a5,73.3333%,4,11,15,11,4,0,0
0x7efd21,94.4444%,4,68,72,0,0,4,68
0x5b4196,87.0968%,4,27,31,27,4,0,0
0x4bf11a,97.8723%,4,184,188,170,3,1,14
0x50b65f,90.9091%,4,40,44,0,4,0,40
0x48f8e4,81.8182%,4,18,22,2,4,0,16
0x80a81c,99.5255%,4,839,843,0,2,2,839
0x9a968c,87.0968%,4,27,31,0,0,4,27
0x50e4a8,88.8889%,4,32,36,4,4,0,28
0x4b93ea,75%,4,12,16,0,3,1,12
0x679fbe,99.777%,4,1790,1794,0,0,4,1790
0x4c0af6,96.1538%,4,100,104,0,0,4,100
0x816321,91.1111%,4,41,45,41,2,2,0
0x670826,33.3333%,4,2,6,2,4,0,0
0xa58ea6,80.9524%,4,17,21,17,4,0,0
0xa97e21,55.5556%,4,5,9,0,0,4,5
0xa97aae,20%,4,1,5,1,4,0,0
0x49ec74,98.7578%,4,318,322,318,4,0,0
0xa2e2cf,89.4737%,4,34,38,34,4,0,0
0x4c0b1b,96.1538%,4,100,104,100,4,0,0
0x8e2fc6,99.7977%,4,1973,1977,0,0,4,1973
0x803fd1,88.2353%,4,30,34,15,2,2,15
0x50c6ec,99.6082%,4,1017,1021,1017,4,0,0
0xa28829,75%,4,12,16,12,4,0,0
0xaa7f1d,66.6667%,4,8,12,8,4,0,0
0x5bc538,96.6387%,4,115,119,115,4,0,0
0x4bcce7,90.4762%,4,38,42,1,2,2,37
0x50bca9,90%,4,36,40,0,0,4,36
0x9f7ac9,95.6522%,4,88,92,0,0,4,88
0xa41afb,98.5019%,4,263,267,0,0,4,263
0x4bb85e,98.0392%,4,200,204,0,0,4,200
0x4bb870,98.0392%,4,200,204,200,4,0,0
0x9e841c,95.4545%,4,84,88,82,3,1,2
0xa398c4,71.4286%,4,10,14,10,4,0,0
0x8a314d,60%,4,6,10,6,4,0,0
0xa4c6ec,0%,4,0,4,0,4,0,0
0x5ff5ab,50%,4,4,8,0,0,4,4
0x8f3a8c,97.7011%,4,170,174,170,4,0,0
0x81fcbb,95.9184%,4,94,98,82,2,2,12
0x8bc9a7,92.3077%,4,48,52,48,4,0,0
0x4a74e6,84%,4,21,25,20,3,1,1
0x8aedd5,93.1034%,4,54,58,54,4,0,0
0x8e1519,99.799%,4,1986,1990,0,0,4,1986
0x4bf4a5,94.1176%,4,64,68,0,0,4,64
0xa54c04,50%,4,4,8,1,1,3,3
0x48f89f,77.7778%,4,14,18,2,4,0,12
0x99ee96,69.2308%,4,9,13,9,4,0,0
0x90d4ba,98.6755%,4,298,302,298,4,0,0
0x5f77df,0%,4,0,4,0,4,0,0
0x9ab63c,91.4894%,4,43,47,0,0,4,43
0xa9a3ed,73.3333%,4,11,15,10,0,4,1
0x5c4bbc,99.7813%,4,1825,1829,0,0,4,1825
0x40e6da,94.1176%,4,64,68,41,4,0,23
0x58dcb1,97.2028%,4,139,143,71,4,0,68
0xa25e04,94.8718%,4,74,78,74,4,0,0
0xa44f97,77.7778%,4,14,18,0,4,0,14
0x8ee4ea,90.4762%,4,38,42,38,4,0,0
0x509048,33.3333%,4,2,6,1,0,4,1
0x54ff23,76.4706%,4,13,17,0,0,4,13
0x809e68,90.6977%,4,39,43,0,1,3,39
0x55029c,89.7436%,4,35,39,0,0,4,35
0x5c6cda,99.3139%,4,579,583,0,0,4,579
0xa32734,94.8718%,4,74,78,74,4,0,0
0x9e7a1b,97.6331%,4,165,169,21,3,1,144
0x9a1c23,98.0296%,4,199,203,27,3,1,172
0x9ea870,94.4444%,4,68,72,68,2,2,0
0x8d4168,94.5205%,4,69,73,0,2,2,69
0x81e72f,97.1223%,4,135,139,0,0,4,135
0x8dc482,0%,4,0,4,0,4,0,0
0x95c626,98.9011%,4,360,364,360,4,0,0
0xa53979,71.4286%,4,10,14,10,4,0,0
0x9eb42d,88.5714%,4,31,35,0,0,4,31
0x7aed77,63.6364%,4,7,11,0,0,4,7
0xa3425f,97.6471%,4,166,170,125,0,4,41
0x4c9843,73.3333%,4,11,15,2,3,1,9
0xa556aa,95.1807%,4,79,83,0,0,4,79
0x5f550c,33.3333%,4,2,6,1,1,3,1
0x8bdcf2,63.6364%,4,7,11,3,2,2,4
0x8f1ac3,97.2222%,4,140,144,0,1,3,140
0x95c4b8,77.7778%,4,14,18,11,1,3,3
0x7d2b86,69.2308%,4,9,13,9,4,0,0
0x8ea198,99.8383%,4,2470,2474,2470,4,0,0
0x543f8c,91.1111%,4,41,45,0,0,4,41
0xa3169c,89.4737%,4,34,38,34,4,0,0
0x7c7258,55.5556%,4,5,9,5,4,0,0
0x5ae3e4,90.2439%,4,37,41,37,4,0,0
0x97a488,71.4286%,4,10,14,9,3,1,1
0x9e620e,91.4894%,4,43,47,43,4,0,0
0xaa7e97,99.8592%,4,2836,2840,0,0,4,2836
0x9a5e0f,60%,4,6,10,0,0,4,6
0x8c7562,99.5772%,4,942,946,942,4,0,0
0x67da6f,94.2857%,4,66,70,66,4,0,0
0x5bcab2,99.5851%,4,960,964,49,2,2,911
0x8c80f6,99.8024%,4,2020,2024,2020,4,0,0
0x55724c,77.7778%,4,14,18,4,2,2,10
0x9a32f3,97.2603%,4,142,146,0,0,4,142
0x7f0a7f,92.7273%,4,51,55,48,2,2,3
0x90e675,99.5609%,4,907,911,0,0,4,907
0x8aac97,60%,4,6,10,0,0,4,6
0xa33249,99.8485%,4,2636,2640,0,0,4,2636
0x8bb6ea,69.2308%,4,9,13,0,0,4,9
0x6102a4,87.8788%,4,29,33,29,4,0,0
0x6070a6,95.7895%,4,91,95,0,0,4,91
0x5ae4c3,90.2439%,4,37,41,37,4,0,0
0xa35545,80%,4,16,20,11,1,3,5
0xa2f8fb,95.1807%,4,79,83,0,0,4,79
0xa17fd3,99.3333%,4,596,600,0,0,4,596
0xa2fc5a,99.4109%,4,675,679,0,0,4,675
0x908d72,99.9064%,4,4270,4274,0,0,4,4270
0x58c657,66.6667%,4,8,12,8,4,0,0
0xa26c27,60%,4,6,10,0,0,4,6
0x5fb219,97.3684%,4,148,152,148,4,0,0
0xa42093,99.6067%,4,1013,1017,0,0,4,1013
0x9fdd3c,84%,4,21,25,21,4,0,0
0x64b9cc,99.7137%,4,1393,1397,1393,4,0,0
0xa44c39,0%,4,0,4,0,4,0,0
0x9fe3f5,96.9466%,4,127,131,0,0,4,127
0x787f44,92%,4,46,50,46,4,0,0
0xa960b3,84.6154%,4,22,26,0,0,4,22
0x8f12c4,90%,4,36,40,36,4,0,0
0x5fb203,98.5915%,4,280,284,0,2,2,280
0xb1c3db,95.122%,4,78,82,0,0,4,78
0x58f48e,92.3077%,4,48,52,48,4,0,0
0x487223,95.6989%,4,89,93,0,2,2,89
0x5af53a,93.5484%,4,58,62,0,0,4,58
0x5fad39,33.3333%,4,2,6,0,0,4,2
0x8ff404,96.8504%,4,123,127,0,0,4,123
0x546a3c,97.3333%,4,146,150,0,4,0,146
0xa4b648,33.3333%,4,2,6,0,0,4,2
0x9fe613,90.9091%,4,40,44,38,2,2,2
0x619de9,20%,4,1,5,1,4,0,0
0x508f9e,89.4737%,4,34,38,0,0,4,34
0xa502ed,75%,4,12,16,12,0,4,0
0xa45e8b,93.75%,4,60,64,0,0,4,60
0xa55071,98.6254%,4,287,291,0,0,4,287
0x9aa5f0,81.8182%,4,18,22,18,4,0,0
0xa33879,96.5517%,4,112,116,112,4,0,0
0x80458c,50%,4,4,8,0,0,4,4
0x40370b,99.4943%,4,787,791,0,0,4,787
0x9eb442,93.6508%,4,59,63,59,4,0,0
0x7b1244,76.4706%,4,13,17,8,4,0,5
0x592b2b,95.5556%,4,86,90,86,4,0,0
0x8aaa3c,93.6508%,4,59,63,59,4,0,0
0x490be9,73.3333%,4,11,15,6,3,1,5
0xa336b9,99.537%,4,860,864,0,0,4,860
0x5f1433,90%,4,36,40,0,0,4,36
0x5d0fc8,80%,4,16,20,16,4,0,0
0xa52aea,83.3333%,4,20,24,20,4,0,0
0x9e2db2,75%,4,12,16,12,4,0,0
0x838a94,33.3333%,4,2,6,0,1,3,2
0x9ef4d4,55.5556%,4,5,9,5,4,0,0
0x780713,92.5926%,4,50,54,50,4,0,0
0x8ee708,98.9218%,4,367,371,0,0,4,367
0xaa5db6,98.0583%,4,202,206,0,0,4,202
0xa44d73,99.3475%,4,609,613,0,4,0,609
0x5bd4bb,99.793%,4,1928,1932,0,0,4,1928
0xa63af4,0%,4,0,4,0,4,0,0
0xa2f9a9,95.1807%,4,79,83,2,3,1,77
0x7cd9bd,50%,4,4,8,4,4,0,0
0x9a3a65,69.2308%,4,9,13,8,3,1,1
0x8e73a4,98.7616%,4,319,323,319,4,0,0
0x8f4c6c,99.8403%,4,2501,2505,39,2,2,2462
0x94a19d,95%,4,76,80,0,0,4,76
0x80dbb4,98.1818%,4,216,220,216,4,0,0
0x9fe6be,90%,4,36,40,0,0,4,36
0x9a9d7f,96.7742%,4,120,124,0,0,4,120
0x951cd6,99.3721%,4,633,637,633,4,0,0
0x99af69,42.8571%,4,3,7,0,0,4,3
0x813859,93.4426%,4,57,61,57,2,2,0
0x9e0338,81.8182%,4,18,22,18,4,0,0
0x80506a,98.7879%,4,326,330,326,4,0,0
0x643542,99.8274%,4,2314,2318,0,0,4,2314
0x48b420,98.2222%,4,221,225,221,4,0,0
0x4c5c27,90.6977%,4,39,43,10,1,3,29
0xa3baa9,98.2456%,4,224,228,0,0,4,224
0xa494ad,99.0361%,4,411,415,0,0,4,411
0x7c7246,55.5556%,4,5,9,0,0,4,5
0x90f21d,98%,4,196,200,0,0,4,196
0x40ec39,99.6212%,4,1052,1056,123,3,1,929
0x9aae37,94.9367%,4,75,79,0,0,4,75
0xa9ec0f,95.2941%,4,81,85,79,2,2,2
0x40ec20,99.2308%,4,516,520,259,1,3,257
0x69ddca,66.6667%,4,8,12,8,4,0,0
0x9a1e24,96.8254%,4,122,126,122,4,0,0
0x8dce32,98.7302%,4,311,315,0,2,2,311
0x9e2c73,82.6087%,4,19,23,0,0,4,19
0x99eac5,73.3333%,4,11,15,11,4,0,0
0x4add8a,91.3043%,4,42,46,42,4,0,0
0x554760,93.75%,4,60,64,0,1,3,60
0xa2de5e,88.5714%,4,31,35,0,0,4,31
0x40ec1a,99.2308%,4,516,520,0,0,4,516
0x670a04,78.9474%,4,15,19,15,4,0,0
0x80cadd,99.948%,4,7691,7695,0,0,4,7691
0x51afd4,98.4733%,4,258,262,0,2,2,258
0x970ece,99.7757%,4,1779,1783,0,0,4,1779
0x80dcba,99.681%,4,1250,1254,0,0,4,1250
0x815a85,90.2439%,4,37,41,6,4,0,31
0xa9e254,86.6667%,4,26,30,26,4,0,0
0x40bc8e,99.4845%,4,772,776,0,1,3,772
0x9a9236,98.3871%,4,244,248,0,0,4,244
0x60c4f8,97.0149%,4,130,134,130,4,0,0
0xa34c04,93.3333%,4,56,60,0,0,4,56
0x48dd1f,99.9427%,4,6979,6983,0,0,4,6979
0x670799,42.8571%,4,3,7,3,4,0,0
0xb30701,20%,4,1,5,0,0,4,1
0x49370d,95.6044%,4,87,91,0,0,4,87
0x504d50,66.6667%,4,8,12,0,2,2,8
0x5d90c8,97.2789%,4,143,147,0,0,4,143
0x9fb824,98.6928%,4,302,306,0,0,4,302
0x40ec5a,98.6063%,4,283,287,258,2,2,25
0x94ac61,95%,4,76,80,0,0,4,76
0x63d8d9,97.1631%,4,137,141,137,4,0,0
0x8efa02,99.1131%,4,447,451,0,0,4,447
0xa4586d,98.1481%,4,212,216,212,4,0,0
0x51af57,94.8052%,4,73,77,0,2,2,73
0x5b14c1,99.2308%,4,516,520,516,4,0,0
0xa42126,98.7616%,4,319,323,319,4,0,0
0x5f5a69,71.4286%,4,10,14,0,2,2,10
0x4ad86d,80.9524%,4,17,21,0,3,1,17
0x7d2fb4,94.0299%,4,63,67,0,2,2,63
0xa238df,96.3636%,4,106,110,0,0,4,106
0xa2e876,92.4528%,4,49,53,0,0,4,49
0x9d1c48,33.3333%,4,2,6,1,2,2,1
0xa29495,75%,4,12,16,12,4,0,0
0x9bdfa1,87.5%,4,28,32,0,0,4,28
0xa4bcea,0%,4,0,4,0,4,0,0
0xa9286d,91.8367%,4,45,49,0,0,4,45
0x8e4a72,97.7528%,4,174,178,0,0,4,174
0x61058d,95.6989%,4,89,93,0,0,4,89
0x5fb18e,87.8788%,4,29,33,29,4,0,0
0x40a8f5,95.6044%,4,87,91,0,2,2,87
0x99b03f,60%,4,6,10,0,0,4,6
0xa2f4a2,96.3964%,4,107,111,107,4,0,0
0x8a5afb,98.1651%,4,214,218,0,0,4,214
0x50e3d7,92.4528%,4,49,53,0,0,4,49
0xa35896,99.6756%,4,1229,1233,0,0,4,1229
0x5bc1cb,99.7147%,4,1398,1402,1398,2,2,0
0xa42867,98.2222%,4,221,225,0,0,4,221
0x49b311,99.8826%,4,3404,3408,3404,4,0,0
0x502ba7,69.2308%,4,9,13,9,4,0,0
0x80442a,33.3333%,4,2,6,0,4,0,2
0x40e8fc,60%,4,6,10,2,3,1,4
0xa44d6a,99.3475%,4,609,613,0,0,4,609
0xa42918,99.5923%,4,977,981,0,0,4,977
0x9e6de5,95.4545%,4,84,88,81,4,0,3
0x918e2a,98.5%,3,197,200,0,0,3,197
0xa97111,91.8919%,3,34,37,34,3,0,0
0x51b489,98.8462%,3,257,260,0,0,3,257
0x5570cd,98.7654%,3,240,243,0,0,3,240
0x9ef250,98.2759%,3,171,174,171,3,0,0
0x501fb5,96.7033%,3,88,91,0,0,3,88
0x50cec4,98.8462%,3,257,260,1,1,2,256
0xa47be6,92.8571%,3,39,42,39,3,0,0
0x5de78b,99.7583%,3,1238,1241,0,0,3,1238
0x4b533c,98.7854%,3,244,247,244,3,0,0
0xa9096d,97.9866%,3,146,149,0,0,3,146
0x5962f3,84.2105%,3,16,19,0,0,3,16
0x8f12b5,92.5%,3,37,40,37,3,0,0
0x8dfa31,62.5%,3,5,8,0,2,1,5
0x678cb5,99.8328%,3,1791,1794,0,0,3,1791
0x5509a4,94.1176%,3,48,51,48,3,0,0
0x9c3cf5,93.3333%,3,42,45,42,3,0,0
0x815c85,92.6829%,3,38,41,38,3,0,0
0x8d4123,72.7273%,3,8,11,6,3,0,2
0x65bd54,98.3051%,3,174,177,174,3,0,0
0xa96296,62.5%,3,5,8,0,0,3,5
0x8ea453,81.25%,3,13,16,0,0,3,13
0x403a0b,90.9091%,3,30,33,5,3,0,25
0x49ff83,99.7941%,3,1454,1457,0,0,3,1454
0x9175af,98.5%,3,197,200,197,3,0,0
0x8d41b3,98.7854%,3,244,247,9,2,1,235
0xb32440,99.6904%,3,966,969,0,0,3,966
0x502918,96.9072%,3,94,97,0,0,3,94
0x441c5c,72.7273%,3,8,11,8,3,0,0
0x40bd16,25%,3,1,4,1,3,0,0
0xa5c5a2,95.5882%,3,65,68,0,0,3,65
0x50d5b4,99.7531%,3,1212,1215,0,0,3,1212
0x9e1239,88.8889%,3,24,27,24,3,0,0
0xa50fde,25%,3,1,4,1,3,0,0
0xa2f9ed,96.1538%,3,75,78,0,0,3,75
0x803f96,89.2857%,3,25,28,10,1,2,15
0xa2df9b,91.1765%,3,31,34,0,0,3,31
0x9c3936,97.6744%,3,126,129,126,3,0,0
0x554e5d,97.1429%,3,102,105,102,3,0,0
0x9452a3,98.6726%,3,223,226,0,0,3,223
0x9739e4,92.5%,3,37,40,0,0,3,37
0x489a3f,99.2424%,3,393,396,0,0,3,393
0x638f65,99.1124%,3,335,338,335,3,0,0
0x8bb75c,85%,3,17,20,8,2,1,9
0x53fd2a,99.0033%,3,298,301,0,0,3,298
0x5427ad,98.4456%,3,190,193,0,0,3,190
0xa99f25,50%,3,3,6,3,3,0,0
0x80bfdb,93.75%,3,45,48,13,3,0,32
0x8f0c1d,93.75%,3,45,48,45,3,0,0
0xa90efc,25%,3,1,4,0,0,3,1
0x7a1143,50%,3,3,6,0,0,3,3
0x8f2fb9,99.0596%,3,316,319,0,0,3,316
0x809b50,96%,3,72,75,72,3,0,0
0x78e028,94.8276%,3,55,58,6,3,0,49
0x8bb416,80%,3,12,15,0,0,3,12
0x5f3ee2,25%,3,1,4,1,3,0,0
0x64b0cc,95.3125%,3,61,64,61,3,0,0
0x5088ae,99.4371%,3,530,533,530,3,0,0
0x8d4273,72.7273%,3,8,11,8,3,0,0
0x4b96ba,76.9231%,3,10,13,0,0,3,10
0x810bd7,99.2386%,3,391,394,391,2,1,0
0x4b96c8,76.9231%,3,10,13,0,3,0,10
0x4b6e2f,62.5%,3,5,8,0,0,3,5
0x9ef181,98.2759%,3,171,174,171,3,0,0
0xa94d57,25%,3,1,4,1,3,0,0
0x9f1cc4,70%,3,7,10,0,0,3,7
0x48ea63,99.1758%,3,361,364,361,3,0,0
0x8df61a,88.8889%,3,24,27,1,3,0,23
0xa45385,99.1379%,3,345,348,0,0,3,345
0x50e39c,96.9072%,3,94,97,0,0,3,94
0x80bc88,96%,3,72,75,72,3,0,0
0x90c21b,99.6437%,3,839,842,839,3,0,0
0x538c40,72.7273%,3,8,11,6,1,2,2
0x8a677a,40%,3,2,5,2,1,2,0
0x8f4660,75%,3,9,12,7,2,1,2
0x90c9d0,97.1429%,3,102,105,102,3,0,0
0x8082d6,88.8889%,3,24,27,0,0,3,24
0xa4d5b7,98.125%,3,157,160,157,3,0,0
0x917b56,98.5%,3,197,200,0,0,3,197
0x81cb3a,95%,3,57,60,0,0,3,57
0x819402,99.6134%,3,773,776,0,0,3,773
0xa2fdd8,97.2973%,3,108,111,108,3,0,0
0x53fd1d,99.0033%,3,298,301,0,0,3,298
0x811d3b,99.2063%,3,375,378,375,3,0,0
0x80df5f,99.876%,3,2417,2420,0,0,3,2417
0x81a460,99.2701%,3,408,411,0,0,3,408
0x48a6a9,83.3333%,3,15,18,0,0,3,15
0x50b81a,89.2857%,3,25,28,25,3,0,0
0x9ab854,97.9167%,3,141,144,0,0,3,141
0x8d2f4e,95.7746%,3,68,71,0,0,3,68
0x811911,87.5%,3,21,24,21,3,0,0
0x806024,98.6486%,3,219,222,219,3,0,0
0x7d27c6,96.9697%,3,96,99,0,1,2,96
0x99b00e,92.5%,3,37,40,37,3,0,0
0x6809f8,99.389%,3,488,491,0,0,3,488
0x9e70ba,93.4783%,3,43,46,43,3,0,0
0x8f573d,99.6089%,3,764,767,764,3,0,0
0xa49794,99.0066%,3,299,302,0,0,3,299
0x550334,99.1525%,3,351,354,0,0,3,351
0x9a8995,95.1613%,3,59,62,59,3,0,0
0x8337c9,76.9231%,3,10,13,10,1,2,0
0x9c3bfb,91.6667%,3,33,36,33,3,0,0
0x5f0a5b,98.9865%,3,293,296,293,0,3,0
0x53feff,99.2958%,3,423,426,0,0,3,423
0x8d20cb,25%,3,1,4,0,2,1,1
0x9aa3d3,91.8919%,3,34,37,22,0,3,12
0x60e37b,70%,3,7,10,7,3,0,0
0x502549,99.7396%,3,1149,1152,0,0,3,1149
0x80ae7b,91.4286%,3,32,35,2,0,3,30
0x7c9e2a,25%,3,1,4,1,3,0,0
0x8aec5c,98.5507%,3,204,207,204,3,0,0
0x8a8f49,97.3214%,3,109,112,109,3,0,0
0x9093a8,99.9192%,3,3709,3712,0,0,3,3709
0x512292,99.855%,3,2066,2069,0,0,3,2066
0x969986,92.3077%,3,36,39,0,0,3,36
0x5ebefa,78.5714%,3,11,14,11,3,0,0
0x6492ef,95.9459%,3,71,74,68,0,3,3
0x811495,99.645%,3,842,845,0,2,1,842
0x8c8782,99.3392%,3,451,454,451,3,0,0
0x512afb,99.5913%,3,731,734,0,0,3,731
0x591416,50%,3,3,6,3,3,0,0
0x8b993a,72.7273%,3,8,11,8,3,0,0
0x80dcfc,99.5215%,3,624,627,0,0,3,624
0xa8f81b,25%,3,1,4,0,0,3,1
0x90b177,95.7143%,3,67,70,0,0,3,67
0x808fff,87.5%,3,21,24,21,3,0,0
0x4a6ff7,95.1613%,3,59,62,0,2,1,59
0xa429e3,89.2857%,3,25,28,25,3,0,0
0x65acab,78.5714%,3,11,14,11,2,1,0
0x97739a,83.3333%,3,15,18,5,1,2,10
0x5c6496,98.6607%,3,221,224,221,3,0,0
0x8a93cf,99.7959%,3,1467,1470,0,0,3,1467
0x911ace,99.7409%,3,1155,1158,0,0,3,1155
0x5f8d8a,40%,3,2,5,2,2,1,0
0x8ad652,96.7742%,3,90,93,90,1,2,0
0x49faf4,98.0132%,3,148,151,7,2,1,141
0x49a491,81.25%,3,13,16,13,3,0,0
0x48ef4d,99.0937%,3,328,331,0,0,3,328
0x50a635,78.5714%,3,11,14,0,0,3,11
0x555ada,94.5455%,3,52,55,0,0,3,52
0x943e56,70%,3,7,10,6,2,1,1
0x983b71,95.9459%,3,71,74,63,3,0,8
0xa4c9bf,25%,3,1,4,0,0,3,1
0xa51f63,25%,3,1,4,1,1,2,0
0x4c03e5,96.5116%,3,83,86,0,0,3,83
0x9e7d9c,87.5%,3,21,24,20,1,2,1
0xa5f715,99.1477%,3,349,352,0,0,3,349
0x80400e,98.8142%,3,250,253,248,2,1,2
0xb306c2,40%,3,2,5,2,3,0,0
0x90b187,95.7143%,3,67,70,0,0,3,67
0x789478,66.6667%,3,6,9,0,1,2,6
0x8063a3,87.5%,3,21,24,0,0,3,21
0xb0c663,99.9421%,3,5175,5178,0,0,3,5175
0x8aa7ba,98.7952%,3,246,249,246,3,0,0
0x9093b7,99.9192%,3,3709,3712,0,0,3,3709
0x5fd5da,98.9865%,3,293,296,293,3,0,0
0x8d46ae,88%,3,22,25,20,0,3,2
0x951d5c,99.529%,3,634,637,634,3,0,0
0x550a0a,91.1765%,3,31,34,31,3,0,0
0xa380f6,40%,3,2,5,2,3,0,0
0x550a54,76.9231%,3,10,13,0,0,3,10
0x8fe1a7,96.25%,3,77,80,77,3,0,0
0xa9035e,98.0132%,3,148,151,0,0,3,148
0x918c5e,98.5%,3,197,200,0,0,3,197
0x8ee441,92.8571%,3,39,42,39,3,0,0
0x9f66e9,98.0392%,3,150,153,150,3,0,0
0x8c87e3,99.3392%,3,451,454,448,2,1,3
0xa15cd4,50%,3,3,6,3,2,1,0
0x60e716,96.2025%,3,76,79,76,3,0,0
0x5e3ac7,0%,3,0,3,0,3,0,0
0xa07ab1,94%,3,47,50,10,0,3,37
0x8dedcd,99.9107%,3,3357,3360,0,0,3,3357
0x508dd9,91.1765%,3,31,34,0,0,3,31
0x804485,96%,3,72,75,72,1,2,0
0xa05c2f,89.6552%,3,26,29,0,0,3,26
0x8f55b0,99.8238%,3,1700,1703,1700,3,0,0
0xa944c6,89.6552%,3,26,29,0,0,3,26
0x8ae9be,99.1736%,3,360,363,0,2,1,360
0x8040fa,95%,3,57,60,0,0,3,57
0x8ea9dd,99.7551%,3,1222,1225,1222,3,0,0
0x68697a,98.9324%,3,278,281,278,3,0,0
0x49d076,0%,3,0,3,0,1,2,0
0x5ff992,98.3696%,3,181,184,0,0,3,181
0x8f34ce,75%,3,9,12,0,0,3,9
0xa472e5,92.8571%,3,39,42,39,3,0,0
0x49ad3c,50%,3,3,6,0,3,0,3
0xa8ee5d,78.5714%,3,11,14,0,0,3,11
0x4858cc,0%,3,0,3,0,0,3,0
0x81cda0,98.3051%,3,174,177,174,3,0,0
0x815ddc,50%,3,3,6,2,3,0,1
0x991307,97.2222%,3,105,108,89,2,1,16
0x409acd,98.0392%,3,150,153,0,2,1,150
0x8ded3a,99.3182%,3,437,440,0,0,3,437
0x503d6d,93.4783%,3,43,46,43,3,0,0
0x804106,95%,3,57,60,0,0,3,57
0x4bb2c5,93.617%,3,44,47,15,2,1,29
0xa96abb,72.7273%,3,8,11,0,2,1,8
0x8dad1a,93.1818%,3,41,44,41,3,0,0
0x48773e,91.6667%,3,33,36,0,0,3,33
0x4aaec4,72.7273%,3,8,11,0,0,3,8
0x50d98b,99.2424%,3,393,396,0,0,3,393
0xa97f04,78.5714%,3,11,14,0,2,1,11
0x5081de,99.4318%,3,525,528,525,3,0,0
0x971161,70%,3,7,10,4,1,2,3
0xa33069,98.9437%,3,281,284,0,0,3,281
0x4a9c88,81.25%,3,13,16,13,3,0,0
0xaa014a,0%,3,0,3,0,3,0,0
0x4a9c2d,86.9565%,3,20,23,20,3,0,0
0x5fef89,93.75%,3,45,48,34,0,3,11
0x4bf48f,96.4286%,3,81,84,15,1,2,66
0x5f845d,99.4863%,3,581,584,0,0,3,581
0x90415f,99.5665%,3,689,692,0,0,3,689
0x8c8d46,62.5%,3,5,8,0,0,3,5
0x489a22,99.2424%,3,393,396,393,3,0,0
0x507a74,94%,3,47,50,47,3,0,0
0x50d74c,94.8276%,3,55,58,55,3,0,0
0x50d6fc,97.8417%,3,136,139,0,0,3,136
0x90bba2,86.3636%,3,19,22,0,0,3,19
0x6402ff,99.8935%,3,2815,2818,2815,3,0,0
0x8a8f06,97.8571%,3,137,140,0,0,3,137
0x504c97,94.9153%,3,56,59,56,3,0,0
0x53566e,98.3607%,3,180,183,0,0,3,180
0x9f2af3,40%,3,2,5,0,0,3,2
0x50ba68,92.5%,3,37,40,37,3,0,0
0x50aab1,25%,3,1,4,0,2,1,1
0x40bb41,98.9933%,3,295,298,2,0,3,293
0x50b885,92.5%,3,37,40,0,0,3,37
0x80a82d,99.6433%,3,838,841,0,0,3,838
0x80457b,76.9231%,3,10,13,4,1,2,6
0x81172d,99.9203%,3,3763,3766,0,0,3,3763
0x4bf7f0,96.5116%,3,83,86,0,0,3,83
0x4039ab,91.8919%,3,34,37,2,1,2,32
0x80a934,99.4275%,3,521,524,521,1,2,0
0x5c33c2,98.69%,3,226,229,0,0,3,226
0x8d98b6,62.5%,3,5,8,3,3,0,2
0x673dc0,40%,3,2,5,2,3,0,0
0xa32eaf,99.5475%,3,660,663,0,0,3,660
0x5f1f96,91.6667%,3,33,36,33,3,0,0
0x9523d2,96%,3,72,75,0,0,3,72
0xa9019a,95.2381%,3,60,63,0,0,3,60
0x49ce01,86.3636%,3,19,22,19,3,0,0
0x9028fa,97.0874%,3,100,103,0,0,3,100
0x50a08f,97.7941%,3,133,136,133,3,0,0
0x8122d6,96.2963%,3,78,81,78,3,0,0
0x94a96f,96.25%,3,77,80,77,3,0,0
0x88e056,50%,3,3,6,0,0,3,3
0x49ad33,50%,3,3,6,0,0,3,3
0x5ef8b5,82.3529%,3,14,17,14,3,0,0
0x9fc5ac,78.5714%,3,11,14,0,0,3,11
0x4a78bb,99.8205%,3,1668,1671,0,0,3,1668
0x59173a,97.8261%,3,135,138,4,2,1,131
0x9e760c,98.1132%,3,156,159,0,0,3,156
0x5c567e,98.7013%,3,228,231,7,1,2,221
0x8e2fe7,25%,3,1,4,1,3,0,0
0xa4c862,25%,3,1,4,0,0,3,1
0x4b63a4,40%,3,2,5,2,3,0,0
0xa91054,98.5149%,3,199,202,0,0,3,199
0x8e4279,99.8483%,3,1974,1977,0,0,3,1974
0x8d9b4c,99.1892%,3,367,370,367,3,0,0
0x670693,0%,3,0,3,0,3,0,0
0x5f27a8,90.3226%,3,28,31,0,0,3,28
0x80a90b,99.6433%,3,838,841,838,3,0,0
0x50eb30,92.5%,3,37,40,37,3,0,0
0x48723e,98.69%,3,226,229,0,0,3,226
0x807021,99.2347%,3,389,392,0,0,3,389
0x8d4038,76.9231%,3,10,13,10,3,0,0
0xa96a38,91.8919%,3,34,37,0,0,3,34
0xa4a1e5,95%,3,57,60,0,0,3,57
0x8434ba,50%,3,3,6,0,0,3,3
0x9066e8,97.5806%,3,121,124,121,3,0,0
0x8f417c,99.0769%,3,322,325,322,3,0,0
0x4be86e,0%,3,0,3,0,3,0,0
0x8151a6,95.2381%,3,60,63,1,3,0,59
0x811f46,99.3988%,3,496,499,3,1,2,493
0x8d3985,95.7746%,3,68,71,0,0,3,68
0x5ae66c,25%,3,1,4,0,2,1,1
0x8e9544,62.5%,3,5,8,5,1,2,0
0x5027a7,98.6547%,3,220,223,220,3,0,0
0x5077ad,83.3333%,3,15,18,15,3,0,0
0xa8f9ab,96.4706%,3,82,85,82,3,0,0
0x441da5,72.7273%,3,8,11,8,3,0,0
0x812490,99.6441%,3,840,843,0,0,3,840
0x83bea3,40%,3,2,5,2,2,1,0
0x4c27ae,40%,3,2,5,2,3,0,0
0x9e41e8,98.1595%,3,160,163,160,3,0,0
0x90d472,99.0066%,3,299,302,299,3,0,0
0x80644a,81.25%,3,13,16,5,2,1,8
0x9fe3c1,96.8085%,3,91,94,91,3,0,0
0x8f1b92,97.7612%,3,131,134,0,0,3,131
0x9bd583,94.5455%,3,52,55,41,2,1,11
0xa96f2e,85.7143%,3,18,21,1,1,2,17
0x61f3e6,85%,3,17,20,17,3,0,0
0x9a92aa,98.8%,3,247,250,0,0,3,247
0x4aafb0,72.7273%,3,8,11,8,2,1,0
0x54489c,99.7162%,3,1054,1057,1054,3,0,0
0x95192a,96.7033%,3,88,91,0,0,3,88
0x8bb6b6,76.9231%,3,10,13,10,3,0,0
0x8aab1c,84.2105%,3,16,19,16,3,0,0
0xa31efd,91.6667%,3,33,36,0,0,3,33
0x4c6508,89.2857%,3,25,28,0,0,3,25
0x96b201,92.1053%,3,35,38,5,1,2,30
0xa91b6b,97.8102%,3,134,137,134,3,0,0
0x4c8aa0,97.7444%,3,130,133,0,0,3,130
0x4ac65c,80%,3,12,15,11,2,1,1
0xa40eec,99.4318%,3,525,528,525,2,1,0
0x5f6138,75%,3,9,12,9,3,0,0
0x64c02f,98.2456%,3,168,171,168,3,0,0
0xa5316e,62.5%,3,5,8,5,3,0,0
0x9a392e,85.7143%,3,18,21,18,3,0,0
0x4c168d,75%,3,9,12,8,1,2,1
0x786957,75%,3,9,12,0,0,3,9
0x502c09,76.9231%,3,10,13,0,0,3,10
0x9fe439,96.8085%,3,91,94,91,3,0,0
0x8a8fbd,97.8571%,3,137,140,137,3,0,0
0x8eaed6,95.8333%,3,69,72,0,0,3,69
0x502cf9,98.4211%,3,187,190,0,0,3,187
0x49bc2b,97.3913%,3,112,115,112,3,0,0
0x4a7baa,94.7368%,3,54,57,3,3,0,51
0x4b5509,78.5714%,3,11,14,6,2,1,5
0x8bcc06,88.4615%,3,23,26,0,0,3,23
0x4b4737,25%,3,1,4,0,2,1,1
0x8bdd17,93.75%,3,45,48,45,3,0,0
0x4b4727,25%,3,1,4,0,0,3,1
0x5fa91b,98.1818%,3,162,165,0,0,3,162
0x8ee49b,92.8571%,3,39,42,39,3,0,0
0x943b10,66.6667%,3,6,9,0,2,1,6
0xa45a78,96.5116%,3,83,86,83,3,0,0
0x54db4e,92.3077%,3,36,39,0,0,3,36
0x677550,96.9072%,3,94,97,94,3,0,0
0x5f9bcb,99.4329%,3,526,529,526,3,0,0
0x51c156,98.6607%,3,221,224,21,2,1,200
0xa09546,75%,3,9,12,7,1,2,2
0x66f58f,89.6552%,3,26,29,26,3,0,0
0x51b8d0,98.8462%,3,257,260,1,1,2,256
0x9fb863,98.6047%,3,212,215,212,3,0,0
0xa47070,86.3636%,3,19,22,0,0,3,19
0x9fb89b,99.0196%,3,303,306,0,0,3,303
0x48f8a7,75%,3,9,12,0,2,1,9
0xa4654f,99.3852%,3,485,488,485,3,0,0
0x9fbabd,98.6047%,3,212,215,212,3,0,0
0xa3720e,70%,3,7,10,7,3,0,0
0x7b642f,40%,3,2,5,2,2,1,0
0x4a6f13,99.4129%,3,508,511,0,0,3,508
0xa31c66,88%,3,22,25,0,0,3,22
0xa349f1,98.3051%,3,174,177,0,0,3,174
0x9e53b8,90%,3,27,30,0,0,3,27
0x8f1220,92.5%,3,37,40,0,0,3,37
0xa34393,93.8776%,3,46,49,0,0,3,46
0x8fdb17,83.3333%,3,15,18,6,3,0,9
0x409a9e,99.4071%,3,503,506,0,0,3,503
0x8a6c18,97.0297%,3,98,101,0,0,3,98
0x510d18,99.0385%,3,309,312,309,3,0,0
0xa9453e,89.6552%,3,26,29,0,0,3,26
0x9f3a43,57.1429%,3,4,7,4,0,3,0
0x9e5c00,91.4286%,3,32,35,0,0,3,32
0x50ef3f,84.2105%,3,16,19,9,2,1,7
0x9f0a04,98.9933%,3,295,298,295,3,0,0
0x8da3d5,97.1698%,3,103,106,0,0,3,103
0x50eedf,96.3855%,3,80,83,2,3,0,78
0x50eebb,96.3855%,3,80,83,0,0,3,80
0x8d9ee1,96.3855%,3,80,83,80,3,0,0
0xa517fa,92.5%,3,37,40,37,3,0,0
0x5fb744,94.5455%,3,52,55,0,0,3,52
0x5d0193,62.5%,3,5,8,5,3,0,0
0xaad2ae,0%,3,0,3,0,0,3,0
0xa8f963,96.4706%,3,82,85,82,3,0,0
0x780a16,97.7778%,3,132,135,11,3,0,121
0x833f4f,99.639%,3,828,831,0,0,3,828
0x503373,92.3077%,3,36,39,1,1,2,35
0x618b67,95.7143%,3,67,70,67,3,0,0
0xaadb17,95.3125%,3,61,64,61,3,0,0
0xa054ae,85.7143%,3,18,21,18,3,0,0
0x9782ab,84.2105%,3,16,19,0,0,3,16
0xa39f5d,90%,3,27,30,27,3,0,0
0x5e5c9f,0%,3,0,3,0,3,0,0
0x973de2,90%,3,27,30,27,3,0,0
0x833dd9,62.5%,3,5,8,0,0,3,5
0x977b9a,57.1429%,3,4,7,4,3,0,0
0x8e96a8,99.7875%,3,1409,1412,0,2,1,1409
0xa481b3,93.3333%,3,42,45,42,3,0,0
0x502e3c,76.9231%,3,10,13,10,3,0,0
0x90b99b,99.6878%,3,958,961,958,3,0,0
0x90ec52,98.5%,3,197,200,0,0,3,197
0x50ff16,25%,3,1,4,0,2,1,1
0x7d2ff7,95.2381%,3,60,63,10,2,1,50
0x8f5568,99.8238%,3,1700,1703,1700,3,0,0
0x556f2f,89.2857%,3,25,28,0,0,3,25
0x647bb3,93.0233%,3,40,43,0,0,3,40
0x9fe5de,93.1818%,3,41,44,0,0,3,41
0x7d29a4,96.8085%,3,91,94,69,1,2,22
0x4bb737,40%,3,2,5,0,3,0,2
0x5c501a,97.0874%,3,100,103,100,3,0,0
0x9fb73f,99.0196%,3,303,306,0,0,3,303
0x8ff986,97.3913%,3,112,115,0,0,3,112
0x9005a8,98.2558%,3,169,172,0,0,3,169
0x9f4ac7,98.6784%,3,224,227,224,3,0,0
0x94ee3d,90%,3,27,30,0,0,3,27
0x9fe745,92.5%,3,37,40,37,3,0,0
0x63e175,99.8384%,3,1854,1857,1854,3,0,0
0xa45e72,25%,3,1,4,0,0,3,1
0xa06383,50%,3,3,6,2,1,2,1
0x7d2b98,99.1935%,3,369,372,369,3,0,0
0x5108fd,99.0826%,3,324,327,0,0,3,324
0x5ea9b1,88.8889%,3,24,27,17,2,1,7
0xa567c7,62.5%,3,5,8,0,2,1,5
0xab367b,83.3333%,3,15,18,0,0,3,15
0x9f4e69,98.6784%,3,224,227,224,3,0,0
0x9027a2,92.3077%,3,36,39,0,0,3,36
0x5feb8f,95.1613%,3,59,62,53,0,3,6
0x8f4305,99.7934%,3,1449,1452,1449,3,0,0
0x789cdf,50%,3,3,6,0,0,3,3
0x4b6d7c,89.2857%,3,25,28,0,0,3,25
0x78a5d8,88.8889%,3,24,27,16,0,3,8
0x5fec02,95.1613%,3,59,62,59,3,0,0
0xa32a59,99.7628%,3,1262,1265,0,0,3,1262
0x4b9e67,98.6301%,3,216,219,216,3,0,0
0x9017d5,88.8889%,3,24,27,0,0,3,24
0x9017ac,88.8889%,3,24,27,0,0,3,24
0x66f575,98.5437%,3,203,206,0,0,3,203
0x8ddaac,99.2718%,3,409,412,0,0,3,409
0x6487c9,94.6429%,3,53,56,53,3,0,0
0x9027b0,92.3077%,3,36,39,26,1,2,10
0x9017a0,89.2857%,3,25,28,0,1,2,25
0x4021c1,99.8482%,3,1973,1976,0,0,3,1973
0x66f448,50%,3,3,6,3,3,0,0
0x973378,66.6667%,3,6,9,4,3,0,2
0xa9171a,91.6667%,3,33,36,33,3,0,0
0x58c099,95.7143%,3,67,70,0,0,3,67
0x65bda9,75%,3,9,12,9,3,0,0
0xa42997,99.6736%,3,916,919,916,3,0,0
0xa51153,25%,3,1,4,1,3,0,0
0x791e77,50%,3,3,6,3,3,0,0
0x5ffbb2,93.4783%,3,43,46,0,0,3,43
0xa41db8,99.8214%,3,1677,1680,1677,3,0,0
0x8bd9f2,76.9231%,3,10,13,10,3,0,0
0x80740d,99.9796%,3,14689,14692,14689,3,0,0
0x548cf9,99.8088%,3,1566,1569,1566,3,0,0
0x5d13a6,85%,3,17,20,17,3,0,0
0x90e874,90%,3,27,30,0,0,3,27
0x8a78cc,98.8327%,3,254,257,254,0,3,0
0x8ee560,92.8571%,3,39,42,0,0,3,39
0x6f4507,89.2857%,3,25,28,10,0,3,15
0xa3948d,78.5714%,3,11,14,0,0,3,11
0x4beced,98.5222%,3,200,203,200,3,0,0
0x4bbe62,98.4848%,3,195,198,0,0,3,195
0x5eef91,76.9231%,3,10,13,10,3,0,0
0x81f7c2,93.617%,3,44,47,0,0,3,44
0x9e414d,99.5074%,3,606,609,606,3,0,0
0x4bb9f0,85.7143%,3,18,21,18,3,0,0
0xa3992c,78.5714%,3,11,14,0,0,3,11
0x5fe15b,98.7013%,3,228,231,228,3,0,0
0x50809a,99.2347%,3,389,392,0,0,3,389
0x4bcbc5,0%,3,0,3,0,3,0,0
0x4bcc07,90.3226%,3,28,31,1,1,2,27
0x4bafa3,98.5849%,3,209,212,209,3,0,0
0x4b5ffb,97.2727%,3,107,110,0,0,3,107
0x51b3f3,99.6139%,3,774,777,0,0,3,774
0xaad296,70%,3,7,10,1,2,1,6
0x4b4fb3,95.7746%,3,68,71,0,0,3,68
0x7817ce,95.2381%,3,60,63,0,0,3,60
0xa41a9c,99.6942%,3,978,981,0,0,3,978
0x811f81,86.3636%,3,19,22,19,3,0,0
0x5d2f52,25%,3,1,4,1,3,0,0
0x9746d8,84.2105%,3,16,19,0,0,3,16
0x8f1f76,98.4375%,3,189,192,189,3,0,0
0x9fafd5,99.2327%,3,388,391,388,3,0,0
0xa4841b,98.7603%,3,239,242,239,3,0,0
0x8077ea,99.8796%,3,2489,2492,0,0,3,2489
0x7c20df,75%,3,9,12,0,0,3,9
0x60c439,40%,3,2,5,2,3,0,0
0x814acf,94.9153%,3,56,59,2,0,3,54
0x81bed8,99.7378%,3,1141,1144,0,0,3,1141
0xa909b9,98.7755%,3,242,245,242,3,0,0
0x804fcb,95.2381%,3,60,63,0,2,1,60
0x78ad41,86.9565%,3,20,23,20,3,0,0
0x833ade,97.7273%,3,129,132,0,0,3,129
0x8e419d,98.7805%,3,243,246,243,3,0,0
0xa467f5,99.0854%,3,325,328,0,0,3,325
0x8c8e60,62.5%,3,5,8,0,2,1,5
0x9eca92,40%,3,2,5,0,0,3,2
0xa487c6,98.3146%,3,175,178,175,3,0,0
0x5b0ef1,94.9153%,3,56,59,56,2,1,0
0x4b4b74,98.8462%,3,257,260,0,0,3,257
0x4b4b41,95.7746%,3,68,71,0,0,3,68
0xa47c42,92.3077%,3,36,39,0,0,3,36
0x599362,99.9278%,3,4151,4154,0,0,3,4151
0x5fa71f,50%,3,3,6,0,0,3,3
0x8e0ff5,99.6278%,3,803,806,803,3,0,0
0x4b4994,97.8261%,3,135,138,0,0,3,135
0x4bfd65,96.5116%,3,83,86,0,0,3,83
0x4b7ef9,72.7273%,3,8,11,8,1,2,0
0x908ad0,99.6878%,3,958,961,958,3,0,0
0x8e3da3,98.1132%,3,156,159,0,0,3,156
0x647e09,94.1176%,3,48,51,0,2,1,48
0x4b48ed,95.7746%,3,68,71,0,0,3,68
0xa48b26,98.2036%,3,164,167,0,0,3,164
0x5ff54a,62.5%,3,5,8,0,0,3,5
0x4c27f4,50%,3,3,6,3,2,1,0
0x4b5823,98.8889%,3,267,270,0,0,3,267
0x9e84da,92.6829%,3,38,41,20,0,3,18
0x9c538a,81.25%,3,13,16,8,0,3,5
0xa4376c,99.2925%,3,421,424,421,3,0,0
0x9a8f3c,78.5714%,3,11,14,11,3,0,0
0x5cbee5,82.3529%,3,14,17,14,3,0,0
0x9fc77a,78.5714%,3,11,14,11,3,0,0
0x7c6a50,62.5%,3,5,8,5,3,0,0
0x4943a7,82.3529%,3,14,17,14,3,0,0
0x815d1f,92.6829%,3,38,41,38,3,0,0
0x64cd08,88%,3,22,25,22,3,0,0
0x816306,93.3333%,3,42,45,42,1,2,0
0x843542,25%,3,1,4,0,1,2,1
0xa3999a,98.9011%,3,270,273,270,3,0,0
0x507d2b,25%,3,1,4,0,0,3,1
0x4ba486,99.0854%,3,325,328,0,0,3,325
0x540661,25%,3,1,4,0,0,3,1
0x40b143,98.4456%,3,190,193,0,2,1,190
0x7c7480,50%,3,3,6,3,3,0,0
0x58bc94,95.3125%,3,61,64,0,0,3,61
0x4bacd8,98.6239%,3,215,218,215,3,0,0
0x9d0b5a,94.1176%,3,48,51,0,0,3,48
0x81445d,99.4382%,3,531,534,0,0,3,531
0x7cc16a,75%,3,9,12,9,3,0,0
0xa42ee3,25%,3,1,4,1,3,0,0
0x5ff573,62.5%,3,5,8,0,0,3,5
0xb22b3f,99.8394%,3,1865,1868,0,0,3,1865
0xa2cc4f,99.6637%,3,889,892,0,0,3,889
0x8dcd7b,99.8695%,3,2296,2299,2296,3,0,0
0x5ffc37,93.4783%,3,43,46,43,3,0,0
0x64b552,99.8337%,3,1801,1804,1751,1,2,50
0x9a4a25,87.5%,3,21,24,14,2,1,7
0x8a3479,25%,3,1,4,0,0,3,1
0x48ea4f,99.1758%,3,361,364,0,0,3,361
0x49bf9a,50%,3,3,6,0,0,3,3
0x48fe60,70%,3,7,10,7,3,0,0
0x5f26ed,84.2105%,3,16,19,16,1,2,0
0x81eac1,99.1045%,3,332,335,0,0,3,332
0x99ab53,98.8281%,3,253,256,253,3,0,0
0xa01bb2,81.25%,3,13,16,0,0,3,13
0xa4c7aa,25%,3,1,4,1,3,0,0
0xa22d53,95.5224%,3,64,67,0,2,1,64
0x9bda3d,94.9153%,3,56,59,53,2,1,3
0xa4d385,95.5224%,3,64,67,64,3,0,0
0x48ee66,99.0937%,3,328,331,0,0,3,328
0x80a4a7,99.6462%,3,845,848,842,1,2,3
0xa47cd1,92.3077%,3,36,39,36,3,0,0
0x610bf2,98.8506%,3,258,261,0,0,3,258
0x904863,98.3784%,3,182,185,182,3,0,0
0x82275a,25%,3,1,4,0,2,1,1
0x91767a,98.5%,3,197,200,197,3,0,0
0x9049f3,98.3784%,3,182,185,0,0,3,182
0x48f132,90%,3,27,30,27,3,0,0
0xa5422d,97.1154%,3,101,104,0,0,3,101
0x4c64bd,89.2857%,3,25,28,0,0,3,25
0xa4ca1d,25%,3,1,4,1,3,0,0
0xa93fbc,75%,3,9,12,9,3,0,0
0xaa7f67,0%,3,0,3,0,0,3,0
0xa54ab5,62.5%,3,5,8,0,0,3,5
0xa54aa6,62.5%,3,5,8,0,0,3,5
0x4aaeeb,72.7273%,3,8,11,0,0,3,8
0x9e063f,94.8276%,3,55,58,55,3,0,0
0x8116e7,99.5146%,3,615,618,0,0,3,615
0x65adf2,76.9231%,3,10,13,10,3,0,0
0x991353,96.7033%,3,88,91,88,3,0,0
0xa37f3d,40%,3,2,5,2,3,0,0
0x5e3abe,0%,3,0,3,0,0,3,0
0xa02232,99.7941%,3,1454,1457,0,0,3,1454
0x48fad8,0%,3,0,3,0,3,0,0
0x5ffaf2,93.4783%,3,43,46,0,0,3,43
0xa27371,90.3226%,3,28,31,19,2,1,9
0x9e77a9,57.1429%,3,4,7,0,0,3,4
0x542376,98.6301%,3,216,219,0,0,3,216
0x48fa9e,0%,3,0,3,0,3,0,0
0x5ef0d2,83.3333%,3,15,18,0,0,3,15
0x48f5f1,0%,3,0,3,0,0,3,0
0x64b659,99.6173%,3,781,784,781,3,0,0
0x812849,80%,3,12,15,0,0,3,12
0x8e4104,99.8695%,3,2296,2299,2296,3,0,0
0x7d3d77,95.2381%,3,60,63,11,1,2,49
0x4bd4aa,25%,3,1,4,1,2,1,0
0x9fe114,88%,3,22,25,22,3,0,0
0x49b1a3,81.25%,3,13,16,13,1,2,0
0x811e9b,99.8757%,3,2410,2413,0,0,3,2410
0x48f428,0%,3,0,3,0,0,3,0
0x65b165,76.9231%,3,10,13,10,3,0,0
0xa53106,85%,3,17,20,17,1,2,0
0x4a6276,0%,3,0,3,0,3,0,0
0xa4cde6,25%,3,1,4,0,0,3,1
0x8340f4,25%,3,1,4,1,3,0,0
0x66f7aa,84.2105%,3,16,19,0,0,3,16
0x66f6e9,84.2105%,3,16,19,15,3,0,1
0x48f8dc,86.3636%,3,19,22,0,0,3,19
0x94ef15,90%,3,27,30,0,0,3,27
0x48eebd,94.4444%,3,51,54,0,0,3,51
0x5d892b,90%,3,27,30,27,3,0,0
0x59611c,76.9231%,3,10,13,0,0,3,10
0x911244,99.3119%,3,433,436,0,0,3,433
0x48eb78,94.7368%,3,54,57,0,0,3,54
0x8f0a44,97.4359%,3,114,117,114,3,0,0
0x81b010,99.6441%,3,840,843,840,1,2,0
0xa4d59f,98.125%,3,157,160,0,0,3,157
0x40f81c,98.5849%,3,209,212,209,3,0,0
0x607061,85%,3,17,20,17,3,0,0
0xa4d1a2,25%,3,1,4,0,0,3,1
0x58e5c0,75%,3,9,12,3,3,0,6
0x5fc2f5,97.4138%,3,113,116,113,3,0,0
0x5fc2dc,97.4138%,3,113,116,0,0,3,113
0x80a8f6,99.6433%,3,838,841,838,3,0,0
0x5f1c9e,57.1429%,3,4,7,4,3,0,0
0x4905ef,0%,3,0,3,0,0,3,0
0x788c6c,94.9153%,3,56,59,0,0,3,56
0xa4d535,98.9399%,3,280,283,0,0,3,280
0xa4d87b,97.5207%,3,118,121,0,0,3,118
0x908770,99.6878%,3,958,961,958,3,0,0
0x9edca0,95.3125%,3,61,64,61,3,0,0
0xa43927,98.3871%,3,183,186,183,3,0,0
0xa3fce7,94.6429%,3,53,56,53,3,0,0
0x5c82eb,96.25%,3,77,80,77,3,0,0
0x8fd230,25%,3,1,4,1,1,2,0
0x9ebff3,85%,3,17,20,8,2,1,9
0xa4cbe4,25%,3,1,4,1,3,0,0
0x66fcd0,84.2105%,3,16,19,0,0,3,16
0x9736cf,66.6667%,3,6,9,3,2,1,3
0x815241,57.1429%,3,4,7,4,2,1,0
0xa90032,98.1707%,3,161,164,0,0,3,161
0x65acbd,78.5714%,3,11,14,11,3,0,0
0xa92d55,97.973%,3,145,148,0,0,3,145
0x97518d,40%,3,2,5,0,0,3,2
0x8f61cd,78.5714%,3,11,14,0,2,1,11
0x7c7226,75%,3,9,12,1,2,1,8
0x555ed5,98.7603%,3,239,242,239,0,3,0
0x722c97,70%,3,7,10,0,0,3,7
0xa4e928,98.125%,3,157,160,19,3,0,138
0x48bf77,70%,3,7,10,7,3,0,0
0xa54e88,95.082%,3,58,61,58,3,0,0
0x65a1d3,98.8189%,3,251,254,251,3,0,0
0x8ecc01,94.2308%,3,49,52,0,0,3,49
0x8aac8d,70%,3,7,10,7,3,0,0
0x808cd3,99.6774%,3,927,930,927,3,0,0
0x8ecb75,95.8333%,3,69,72,3,1,2,66
0x49aea1,92.3077%,3,36,39,36,3,0,0
0x64ac67,62.5%,3,5,8,0,0,3,5
0x5454cd,93.8776%,3,46,49,0,0,3,46
0x554ca0,95.3125%,3,61,64,0,0,3,61
0x9fcbf7,88%,3,22,25,22,3,0,0
0x5fe65b,97.1429%,3,102,105,102,3,0,0
0x810508,91.1765%,3,31,34,0,0,3,31
0x838b23,50%,3,3,6,2,1,2,1
0x481707,84.2105%,3,16,19,0,0,3,16
0x63b52c,99.7703%,3,1303,1306,0,0,3,1303
0x9ea41f,99.0132%,3,301,304,301,3,0,0
0x55760d,88.8889%,3,24,27,24,1,2,0
0x64b5fe,94.7368%,3,54,57,54,3,0,0
0x503357,92.6829%,3,38,41,0,0,3,38
0x533804,78.5714%,3,11,14,6,1,2,5
0xa561ff,99.284%,3,416,419,416,3,0,0
0xa50f41,98.8327%,3,254,257,0,0,3,254
0x53c4f1,99.2347%,3,389,392,389,3,0,0
0x557d05,97.8723%,3,138,141,3,3,0,135
0x591fd3,96.875%,3,93,96,93,3,0,0
0x7a1200,89.6552%,3,26,29,26,3,0,0
0x49a373,78.5714%,3,11,14,7,3,0,4
0xa18a52,93.0233%,3,40,43,0,0,3,40
0x554ee8,97.8873%,3,139,142,139,3,0,0
0x8386e2,40%,3,2,5,2,3,0,0
0x7f3708,80%,3,12,15,0,0,3,12
0x403d5f,99.7687%,3,1294,1297,0,0,3,1294
0x812886,91.8919%,3,34,37,31,2,1,3
0x837ecf,97.1154%,3,101,104,101,1,2,0
0x5f7595,97.6744%,3,126,129,0,0,3,126
0x512904,88%,3,22,25,22,3,0,0
0xa50d6a,25%,3,1,4,1,3,0,0
0x9fb5e8,99.0196%,3,303,306,0,0,3,303
0x9fccc9,57.1429%,3,4,7,0,0,3,4
0xa5c6e2,97.0588%,3,99,102,96,0,3,3
0x8fcd78,99.1597%,3,354,357,0,0,3,354
0xa5936c,89.2857%,3,25,28,25,3,0,0
0x8436f7,75%,3,9,12,3,1,2,6
0xaa460d,96.9697%,3,96,99,0,0,3,96
0x648c08,88.4615%,3,23,26,23,3,0,0
0x5fb8ef,88.4615%,3,23,26,23,3,0,0
0x60c610,57.1429%,3,4,7,2,2,1,2
0x9fb1be,91.8919%,3,34,37,34,3,0,0
0x648877,94.6429%,3,53,56,53,3,0,0
0xa51796,96.1039%,3,74,77,74,3,0,0
0x7d0cf5,99.6333%,3,815,818,0,0,3,815
0x60c618,0%,3,0,3,0,3,0,0
0x984425,95.4545%,3,63,66,63,3,0,0
0x60c642,57.1429%,3,4,7,2,1,2,2
0x974719,98.0263%,3,149,152,0,0,3,149
0x8435f4,25%,3,1,4,0,0,3,1
0x60c729,57.1429%,3,4,7,4,3,0,0
0x9fb3ad,0%,3,0,3,0,3,0,0
0x5d0cbe,62.5%,3,5,8,5,3,0,0
0x8f21b3,91.8919%,3,34,37,1,0,3,33
0x4c4f66,82.3529%,3,14,17,0,0,3,14
0x8434c1,50%,3,3,6,1,1,2,2
0x9197bd,98.5%,3,197,200,197,3,0,0
0x5f9dc0,88.8889%,3,24,27,1,3,0,23
0x9fe963,91.8919%,3,34,37,34,3,0,0
0xa51209,75%,3,9,12,0,0,3,9
0xa3ac31,25%,3,1,4,1,3,0,0
0x9f20ae,25%,3,1,4,0,0,3,1
0x558d16,96%,3,72,75,0,0,3,72
0x4b6503,97.3913%,3,112,115,112,3,0,0
0xa15a21,99.3697%,3,473,476,473,3,0,0
0x5449c4,83.3333%,3,15,18,6,3,0,9
0xa311f2,98.6111%,3,213,216,213,3,0,0
0x8ece47,99.6985%,3,992,995,992,3,0,0
0x8aaad2,84.2105%,3,16,19,16,3,0,0
0xb1ae45,99.3072%,3,430,433,0,0,3,430
0x5441e4,83.3333%,3,15,18,6,3,0,9
0x7a11ef,89.6552%,3,26,29,0,0,3,26
0x9fcfc0,83.3333%,3,15,18,15,3,0,0
0x68375b,93.617%,3,44,47,0,0,3,44
0x8151c5,94.5455%,3,52,55,0,0,3,52
0x4c4c2a,76.9231%,3,10,13,0,0,3,10
0x9fe941,91.8919%,3,34,37,0,0,3,34
0x8e925d,96.6292%,3,86,89,0,0,3,86
0x51c79b,99.7502%,3,1198,1201,1198,3,0,0
0x558d7b,99%,3,297,300,0,0,3,297
0xa55a45,25%,3,1,4,0,2,1,1
0x8e9f69,99.8231%,3,1693,1696,0,0,3,1693
0x5590e7,99.2991%,3,425,428,0,0,3,425
0x538b9e,72.7273%,3,8,11,6,1,2,2
0x9fe2f6,70%,3,7,10,7,3,0,0
0x554779,95.2381%,3,60,63,0,0,3,60
0xa04bbf,92.1053%,3,35,38,35,3,0,0
0x837777,40%,3,2,5,0,0,3,2
0xa98d4c,40%,3,2,5,2,3,0,0
0x556226,40%,3,2,5,0,3,0,2
0x77b9bb,89.2857%,3,25,28,25,3,0,0
0xaa819b,40%,3,2,5,0,0,3,2
0x904998,98.3784%,3,182,185,182,3,0,0
0x659e42,84.2105%,3,16,19,16,3,0,0
0x8378a6,40%,3,2,5,1,2,1,1
0x808994,86.3636%,3,19,22,0,1,2,19
0x80a1ee,62.5%,3,5,8,3,1,2,2
0x90c286,99.8581%,3,2111,2114,0,0,3,2111
0x5bab6b,97.479%,3,116,119,0,0,3,116
0x51c216,82.3529%,3,14,17,0,0,3,14
0xa18aac,93.0233%,3,40,43,0,0,3,40
0x53ba97,99.2347%,3,389,392,259,1,2,130
0x494fd4,50%,3,3,6,1,3,0,2
0xa5579f,96.3855%,3,80,83,80,3,0,0
0x58c5ec,75%,3,9,12,9,2,1,0
0x8df3c5,81.25%,3,13,16,0,0,3,13
0x53935c,72.7273%,3,8,11,0,0,3,8
0x670856,50%,3,3,6,3,3,0,0
0x4addfa,85%,3,17,20,17,3,0,0
0x8e9a01,25%,3,1,4,1,1,2,0
0x9fcf19,88%,3,22,25,0,0,3,22
0xa64fca,25%,3,1,4,1,3,0,0
0x5393b7,97.7273%,3,129,132,0,0,3,129
0x535865,91.1765%,3,31,34,1,2,1,30
0x9d3786,94.5455%,3,52,55,50,1,2,2
0xa07aeb,94%,3,47,50,39,3,0,8
0x8d3e6d,80%,3,12,15,1,2,1,11
0x9c3793,93.4783%,3,43,46,0,0,3,43
0x5e5cc5,0%,3,0,3,0,0,3,0
0x556197,98.7903%,3,245,248,0,3,0,245
0x9fd1e1,57.1429%,3,4,7,0,0,3,4
0x4c56a2,94.5455%,3,52,55,0,0,3,52
0xa41be0,99.6037%,3,754,757,754,3,0,0
0xa2e986,25%,3,1,4,1,3,0,0
0x60c5cd,70%,3,7,10,0,0,3,7
0x8a91f4,75%,3,9,12,0,3,0,9
0x9aaf71,99.4526%,3,545,548,0,0,3,545
0xa4bc65,25%,3,1,4,1,3,0,0
0xa48cab,98.2036%,3,164,167,0,0,3,164
0x787c36,99.6579%,3,874,877,0,0,3,874
0xa32c52,99.6764%,3,924,927,0,0,3,924
0x4c8ac0,97.7444%,3,130,133,0,0,3,130
0x8ee99b,0%,3,0,3,0,0,3,0
0x4a98a9,84.2105%,3,16,19,0,0,3,16
0x59e5ca,97.3214%,3,109,112,0,0,3,109
0xa50871,25%,3,1,4,1,3,0,0
0x543996,76.9231%,3,10,13,0,0,3,10
0x666875,99.3902%,3,489,492,489,3,0,0
0xa2ec71,95.3125%,3,61,64,61,3,0,0
0xa4a1c7,95.2381%,3,60,63,0,0,3,60
0x5cba5a,97.7099%,3,128,131,128,3,0,0
0x81904b,91.1765%,3,31,34,0,0,3,31
0x8ea0fa,99.8787%,3,2471,2474,0,0,3,2471
0x50e83d,78.5714%,3,11,14,0,0,3,11
0x4a8404,96.7391%,3,89,92,0,0,3,89
0x49c8e0,94.1176%,3,48,51,0,2,1,48
0x9d077a,95.1613%,3,59,62,0,1,2,59
0x4bc175,97.3214%,3,109,112,0,0,3,109
0xa48ab7,98.2036%,3,164,167,0,0,3,164
0x53ec1b,25%,3,1,4,0,0,3,1
0x4bbf60,94.6429%,3,53,56,53,3,0,0
0x40a9af,90.625%,3,29,32,29,3,0,0
0x40e518,81.25%,3,13,16,2,3,0,11
0x9d00bb,99.1429%,3,347,350,347,3,0,0
0xa31266,96.4706%,3,82,85,30,3,0,52
0x8d2739,99.2386%,3,391,394,391,2,1,0
0xa31230,96.4706%,3,82,85,0,0,3,82
0x556fa3,98.7854%,3,244,247,0,0,3,244
0x50b41e,25%,3,1,4,1,3,0,0
0x9fd216,57.1429%,3,4,7,0,0,3,4
0x4bc745,98.4043%,3,185,188,92,2,1,93
0x951022,97.1429%,3,102,105,0,1,2,102
0x60b0ba,94%,3,47,50,47,3,0,0
0x48f815,83.3333%,3,15,18,15,3,0,0
0xa31c4d,90.3226%,3,28,31,0,0,3,28
0x8a9eca,98.3425%,3,178,181,0,0,3,178
0x7d2084,83.3333%,3,15,18,9,2,1,6
0x8edddf,99.3348%,3,448,451,0,0,3,448
0x917781,98.4043%,3,185,188,185,3,0,0
0x4c6684,89.2857%,3,25,28,11,1,2,14
0x4c667b,89.2857%,3,25,28,0,0,3,25
0x6808f0,99.6714%,3,910,913,0,0,3,910
0xa311a1,97.8723%,3,138,141,138,3,0,0
0x8435cc,25%,3,1,4,1,3,0,0
0x4c6187,93.1818%,3,41,44,35,2,1,6
0x49daad,99.6633%,3,888,891,0,0,3,888
0x780378,99.7743%,3,1326,1329,1326,3,0,0
0x64b46f,99.0099%,3,300,303,0,0,3,300
0x543876,95.082%,3,58,61,0,0,3,58
0x979996,93.1818%,3,41,44,41,3,0,0
0x5547c4,99.74%,3,1151,1154,0,0,3,1151
0x496140,0%,3,0,3,0,0,3,0
0xb22fca,98.0519%,3,151,154,0,0,3,151
0xa1b597,40%,3,2,5,0,0,3,2
0x53f15c,25%,3,1,4,0,0,3,1
0x53f202,99.2941%,3,422,425,0,0,3,422
0xa2d9f8,83.3333%,3,15,18,15,3,0,0
0x8a5dd5,99.0446%,3,311,314,311,3,0,0
0x4be85b,83.3333%,3,15,18,14,1,2,1
0xa36c36,0%,3,0,3,0,1,2,0
0x40e430,25%,3,1,4,1,3,0,0
0x9a3a13,76.9231%,3,10,13,0,0,3,10
0x8a73ea,99.4%,3,497,500,497,3,0,0
0xa1bb12,80%,3,12,15,0,3,0,12
0x9ec337,92.5%,3,37,40,0,0,3,37
0x9d687d,97.3684%,3,111,114,0,0,3,111
0x4ba9a6,90.3226%,3,28,31,0,0,3,28
0x9782b7,84.2105%,3,16,19,0,0,3,16
0xb245d4,99.9748%,3,11896,11899,0,0,3,11896
0x4b8155,72.7273%,3,8,11,8,1,2,0
0xa3a108,99.6606%,3,881,884,0,3,0,881
0xa2d660,98.4536%,3,191,194,0,0,3,191
0x8ea04d,99.2481%,3,396,399,396,3,0,0
0x501847,99.6985%,3,992,995,0,0,3,992
0x8a6549,57.1429%,3,4,7,4,3,0,0
0x8e0a54,99.8975%,3,2925,2928,2925,3,0,0
0x8a6eeb,98.8848%,3,266,269,266,3,0,0
0x80a5f0,99.6441%,3,840,843,840,1,2,0
0x547ab0,25%,3,1,4,1,3,0,0
0x4bdfb7,72.7273%,3,8,11,8,3,0,0
0xa2e88d,94.3396%,3,50,53,0,0,3,50
0x9439dd,96.9388%,3,95,98,92,1,2,3
0x4bb941,97.3214%,3,109,112,53,3,0,56
0x7d29c8,50%,3,3,6,0,1,2,3
0x8fd58f,99.8696%,3,2297,2300,0,0,3,2297
0x8fdc1a,99.7359%,3,1133,1136,0,0,3,1133
0xa2e811,97.7612%,3,131,134,13,1,2,118
0x7e07d1,83.3333%,3,15,18,0,0,3,15
0x819f98,95.9459%,3,71,74,71,3,0,0
0xa2e763,97.7612%,3,131,134,131,3,0,0
0x8de78f,96.1538%,3,75,78,0,0,3,75
0x4c1bed,98.5%,3,197,200,197,3,0,0
0x8fdd42,96.4706%,3,82,85,0,0,3,82
0xa5c896,83.3333%,3,15,18,14,2,1,1
0x8fd207,62.5%,3,5,8,0,2,1,5
0x90198b,84.2105%,3,16,19,16,3,0,0
0x49145b,98.1013%,3,155,158,0,0,3,155
0x9e3f00,91.8919%,3,34,37,34,3,0,0
0x901a60,89.6552%,3,26,29,26,3,0,0
0x9d0385,98.0132%,3,148,151,148,3,0,0
0xaa7f88,0%,3,0,3,0,0,3,0
0x64872d,94.6429%,3,53,56,53,3,0,0
0x8f3e11,99.2228%,3,383,386,0,0,3,383
0x8a886b,40%,3,2,5,1,2,1,1
0x4b86e3,72.7273%,3,8,11,8,3,0,0
0x819bd9,98.9362%,3,279,282,279,3,0,0
0x6706f4,82.3529%,3,14,17,14,1,2,0
0xa1afe6,72.7273%,3,8,11,8,3,0,0
0x9732d3,92.8571%,3,39,42,0,0,3,39
0xa0a632,62.5%,3,5,8,0,2,1,5
0xb18230,99.6957%,3,983,986,983,3,0,0
0xa9c646,93.4783%,3,43,46,43,3,0,0
0xa35c96,99.7531%,3,1212,1215,0,0,3,1212
0x67f320,97.7612%,3,131,134,131,3,0,0
0x40452f,99.5885%,3,726,729,726,3,0,0
0x9a6160,89.6552%,3,26,29,1,1,2,25
0xaaae32,98.3871%,3,183,186,0,0,3,183
0x555fc9,0%,3,0,3,0,0,3,0
0x9ed754,91.6667%,3,33,36,28,3,0,5
0x4a590e,94.5455%,3,52,55,0,0,3,52
0x7d2098,57.1429%,3,4,7,4,3,0,0
0x504773,83.3333%,3,15,18,11,0,3,4
0xa953aa,25%,3,1,4,1,3,0,0
0x511c5c,78.5714%,3,11,14,11,3,0,0
0x4b6c3b,66.6667%,3,6,9,6,3,0,0
0x4bd5ef,62.5%,3,5,8,1,0,3,4
0x65c342,95.3846%,3,62,65,0,0,3,62
0x8db8af,95.4545%,3,63,66,63,3,0,0
0x4c4c5c,94%,3,47,50,0,0,3,47
0x506229,72.7273%,3,8,11,1,3,0,7
0x4c4d20,76.9231%,3,10,13,10,3,0,0
0x4c976a,70%,3,7,10,0,0,3,7
0x817ec6,99.115%,3,336,339,0,1,2,336
0x9ee093,93.617%,3,44,47,44,3,0,0
0xb2462e,99.9748%,3,11896,11899,0,0,3,11896
0xa335ee,99.7899%,3,1425,1428,1425,3,0,0
0x94703c,84.2105%,3,16,19,16,3,0,0
0x506232,57.1429%,3,4,7,0,0,3,4
0x959245,97.6562%,3,125,128,0,0,3,125
0x4b836f,66.6667%,3,6,9,0,1,2,6
0x5074c8,97.619%,3,123,126,123,3,0,0
0xaabdfb,72.7273%,3,8,11,0,0,3,8
0x4c97af,75%,3,9,12,2,3,0,7
0x8092c1,91.4286%,3,32,35,32,2,1,0
0x8a9813,99.977%,3,13049,13052,0,0,3,13049
0x4c5fdf,81.25%,3,13,16,13,3,0,0
0x9ef481,86.3636%,3,19,22,19,3,0,0
0x94a009,98.6547%,3,220,223,220,3,0,0
0x65bf7c,75%,3,9,12,0,0,3,9
0x9ef332,96.2963%,3,78,81,78,3,0,0
0x4a946c,95.2381%,3,60,63,0,0,3,60
0x94d289,98.5507%,3,204,207,204,3,0,0
0x94f0a5,98.893%,3,268,271,268,2,1,0
0x640443,99.3072%,3,430,433,0,0,3,430
0x8c8732,92.5%,3,37,40,0,0,3,37
0x973bfc,70%,3,7,10,0,0,3,7
0xa016bb,62.5%,3,5,8,5,1,2,0
0xa39dc3,92.6829%,3,38,41,0,0,3,38
0x4bb81b,83.3333%,3,15,18,0,0,3,15
0x78ace7,94.3396%,3,50,53,0,0,3,50
0x50974b,70%,3,7,10,7,3,0,0
0x5412c8,99.8872%,3,2657,2660,2657,3,0,0
0x8ddf08,94.4444%,3,51,54,6,2,1,45
0x4c1de7,95.082%,3,58,61,42,3,0,16
0x49c925,83.3333%,3,15,18,15,3,0,0
0x8aab3e,84.2105%,3,16,19,0,0,3,16
0xa9e176,90%,3,27,30,27,3,0,0
0x5b8d3e,25%,3,1,4,1,3,0,0
0x4c69d5,89.2857%,3,25,28,0,0,3,25
0x5c6ca6,99.8201%,3,1665,1668,0,0,3,1665
0x4943fe,94.1176%,3,48,51,48,3,0,0
0xa60aad,95.8333%,3,69,72,69,3,0,0
0x606cdd,62.5%,3,5,8,0,0,3,5
0x590ccc,86.3636%,3,19,22,0,2,1,19
0x8f5a75,99.9139%,3,3482,3485,3482,3,0,0
0xaa25f3,86.3636%,3,19,22,0,0,3,19
0x978102,97.7444%,3,130,133,0,0,3,130
0xa519db,66.6667%,3,6,9,1,1,2,5
0x542316,98.6301%,3,216,219,0,0,3,216
0xa32532,25%,3,1,4,0,2,1,1
0xa44b1f,62.5%,3,5,8,5,3,0,0
0x4c44ed,78.5714%,3,11,14,0,0,3,11
0xa985d8,25%,3,1,4,0,2,1,1
0x9ff70b,86.3636%,3,19,22,19,1,2,0
0xa494a2,96.7033%,3,88,91,88,3,0,0
0xa6c73d,88.8889%,3,24,27,24,3,0,0
0x5467b5,57.1429%,3,4,7,4,3,0,0
0x90e960,99.6878%,3,958,961,958,3,0,0
0x80a6b4,0%,3,0,3,0,2,1,0
0x4c4906,95%,3,57,60,55,3,0,2
0x493708,96.7033%,3,88,91,0,0,3,88
0x6472e7,40%,3,2,5,0,0,3,2
0x50b271,25%,3,1,4,1,3,0,0
0x4c4720,95.1613%,3,59,62,57,0,3,2
0x4ba04e,87.5%,3,21,24,0,0,3,21
0x5f89a5,62.5%,3,5,8,0,0,3,5
0x679826,50%,3,3,6,3,3,0,0
0x4c81a0,86.3636%,3,19,22,0,0,3,19
0xa2a908,97.3451%,3,110,113,110,3,0,0
0x4bc99f,75%,3,9,12,0,0,3,9
0x9ee113,98.1366%,3,158,161,158,3,0,0
0x4b9d00,85.7143%,3,18,21,18,3,0,0
0x4b9c96,90.3226%,3,28,31,20,1,2,8
0x96c1b6,97.931%,3,142,145,0,0,3,142
0x908718,99.8138%,3,1608,1611,1608,3,0,0
0xa55ec0,62.5%,3,5,8,4,1,2,1
0x94caca,92.5%,3,37,40,0,0,3,37
0x622994,70%,3,7,10,0,0,3,7
0x8dbd9d,98.3871%,3,183,186,183,3,0,0
0x502f8a,98.2353%,3,167,170,167,3,0,0
0x4bca4e,81.25%,3,13,16,0,0,3,13
0xa4c831,25%,3,1,4,0,0,3,1
0x9edc70,95.3125%,3,61,64,61,3,0,0
0x9fc518,78.5714%,3,11,14,0,0,3,11
0x5451e1,25%,3,1,4,0,0,3,1
0x5f1398,81.25%,3,13,16,0,0,3,13
0x9005dc,99.1379%,3,345,348,0,0,3,345
0x5555cc,97.0874%,3,100,103,0,0,3,100
0x9edc35,95.3125%,3,61,64,0,0,3,61
0x780620,99.0741%,3,321,324,314,2,1,7
0xa3da0a,62.5%,3,5,8,5,3,0,0
0x507f1a,40%,3,2,5,0,0,3,2
0x618a3c,95.7143%,3,67,70,0,0,3,67
0x509170,97.7941%,3,133,136,0,0,3,133
0x8191c5,99.3952%,3,493,496,184,1,2,309
0x409d7d,57.1429%,3,4,7,0,2,1,4
0x95240c,99.2386%,3,391,394,0,1,2,391
0x4bfec1,90.9091%,3,30,33,30,0,3,0
0xa41040,93.3333%,3,42,45,0,0,3,42
0x9112ea,99.5489%,3,662,665,662,3,0,0
0x40a61e,93.75%,3,45,48,0,0,3,45
0x7ce7a2,91.6667%,3,33,36,0,0,3,33
0xa53730,62.5%,3,5,8,0,0,3,5
0x410048,96.8085%,3,91,94,91,3,0,0
0xa50f05,25%,3,1,4,1,3,0,0
0x4c1b21,94.9153%,3,56,59,56,2,1,0
0x8fef22,95.3846%,3,62,65,62,3,0,0
0x4b509e,94.8276%,3,55,58,55,1,2,0
0x647577,85.7143%,3,18,21,0,0,3,18
0x5f91ab,66.6667%,3,6,9,0,1,2,6
0x4c2592,98.2143%,3,165,168,165,3,0,0
0xa63ba6,97.561%,3,120,123,0,0,3,120
0x8edb2d,99.3348%,3,448,451,448,1,2,0
0x67517f,0%,3,0,3,0,3,0,0
0x7cd990,75%,3,9,12,1,3,0,8
0x4802a5,92.1053%,3,35,38,35,3,0,0
0x59c61a,66.6667%,3,6,9,3,0,3,3
0x8ece0a,99.6985%,3,992,995,992,3,0,0
0x9e6e36,50%,3,3,6,1,3,0,2
0x9e6e88,62.5%,3,5,8,0,0,3,5
0x9f6e31,78.5714%,3,11,14,11,3,0,0
0x58ccd8,97.2973%,3,108,111,108,3,0,0
0x63e5cb,99.6296%,3,807,810,807,3,0,0
0x50193a,99.5714%,3,697,700,0,0,3,697
0x48fdf3,70%,3,7,10,0,0,3,7
0x606df0,62.5%,3,5,8,0,0,3,5
0x4bf6e2,89.6552%,3,26,29,0,0,3,26
0x8c836b,83.3333%,3,15,18,15,3,0,0
0x81b155,99.0536%,3,314,317,0,0,3,314
0x4b6e3b,89.2857%,3,25,28,25,3,0,0
0x4b6d8c,89.2857%,3,25,28,0,0,3,25
0xa28549,98.125%,3,157,160,0,0,3,157
0x488c15,99.0323%,3,307,310,0,0,3,307
0x540f43,62.5%,3,5,8,0,0,3,5
0x8377bc,62.5%,3,5,8,2,3,0,3
0x4a7c33,94.1176%,3,48,51,48,3,0,0
0x49ad4f,50%,3,3,6,3,3,0,0
0x7cd1ae,75%,3,9,12,1,3,0,8
0x49e0f4,98.1818%,3,162,165,162,3,0,0
0x54652b,99.1429%,3,347,350,347,3,0,0
0xa662a0,88.8889%,3,24,27,24,3,0,0
0x4c05ca,90.3226%,3,28,31,28,3,0,0
0x81fc1c,99.0712%,3,320,323,0,0,3,320
0x9f3eaa,98.1132%,3,156,159,0,0,3,156
0x5eb870,93.1818%,3,41,44,41,3,0,0
0xb28b39,99.8935%,3,2815,2818,0,0,3,2815
0x80bbc7,40%,3,2,5,2,1,2,0
0xa48400,98.7603%,3,239,242,239,3,0,0
0xaa2ce4,99.5074%,3,606,609,0,0,3,606
0x815df9,40%,3,2,5,2,2,1,0
0x4bec69,97.8571%,3,137,140,137,3,0,0
0x8ab0a5,99.6495%,3,853,856,853,3,0,0
0x9021c1,98.5222%,3,200,203,200,3,0,0
0x49c213,50%,3,3,6,1,1,2,2
0xa44717,94.2308%,3,49,52,49,3,0,0
0x4a62f1,70%,3,7,10,7,3,0,0
0x58e1cb,96%,3,72,75,0,0,3,72
0x4bf60d,96.5116%,3,83,86,0,0,3,83
0x9e7237,90.9091%,3,30,33,30,3,0,0
0x9a3edf,89.2857%,3,25,28,0,0,3,25
0x5fa201,98.913%,3,273,276,0,3,0,273
0x7bb927,25%,3,1,4,1,3,0,0
0x9e3881,90.625%,3,29,32,0,0,3,29
0x67083f,50%,3,3,6,3,3,0,0
0x8e334a,99.1329%,3,343,346,343,3,0,0
0x783c5b,98.0769%,3,153,156,0,0,3,153
0x8e32f3,99.8483%,3,1974,1977,0,0,3,1974
0x9f2640,92.3077%,3,36,39,0,0,3,36
0x4ad914,85.7143%,3,18,21,18,1,2,0
0xa4e631,96.0526%,3,73,76,0,0,3,73
0x7e2129,88.8889%,3,24,27,23,2,1,1
0x951908,96.7742%,3,90,93,0,2,1,90
0x8c917b,0%,3,0,3,0,2,1,0
0x977dbe,70%,3,7,10,7,3,0,0
0xa90a84,25%,3,1,4,1,3,0,0
0x811b87,99.7378%,3,1141,1144,0,0,3,1141
0x4bc548,99.5775%,3,707,710,0,0,3,707
0xa9c9b5,91.1765%,3,31,34,0,0,3,31
0x8ee312,93.3333%,3,42,45,42,3,0,0
0x8c8d93,62.5%,3,5,8,0,0,3,5
0x8c757d,99.6829%,3,943,946,0,3,0,943
0x4c15d3,98.4848%,3,195,198,195,3,0,0
0xa99c72,25%,3,1,4,0,0,3,1
0xa90629,94.3396%,3,50,53,50,3,0,0
0x5fda62,96.7742%,3,90,93,90,3,0,0
0x78b6fa,75%,3,9,12,9,3,0,0
0x7d2dd2,78.5714%,3,11,14,11,3,0,0
0x548bf5,57.1429%,3,4,7,0,0,3,4
0x4be9de,91.4286%,3,32,35,32,3,0,0
0x5c4d5e,94.5455%,3,52,55,8,2,1,44
0x9e6fa8,96.7742%,3,90,93,90,3,0,0
0x9f5171,72.7273%,3,8,11,8,3,0,0
0x4b6547,93.8776%,3,46,49,0,3,0,46
0x5f871e,62.5%,3,5,8,2,2,1,3
0x5ebd7f,57.1429%,3,4,7,4,3,0,0
0x969927,95.3846%,3,62,65,0,0,3,62
0x804f91,99.4208%,3,515,518,515,1,2,0
0xa49450,89.2857%,3,25,28,25,3,0,0
0x540d35,99.1429%,3,347,350,0,0,3,347
0x9e7004,93.4783%,3,43,46,43,3,0,0
0x65ae8c,76.9231%,3,10,13,10,3,0,0
0x9e7766,57.1429%,3,4,7,4,3,0,0
0xa4198c,92.1053%,3,35,38,29,3,0,6
0x446549,99.4889%,3,584,587,0,0,3,584
0x49c957,83.3333%,3,15,18,15,3,0,0
0x8dbdef,98.3871%,3,183,186,0,0,3,183
0x8c71ad,97.1963%,3,104,107,104,3,0,0
0x65afd2,76.9231%,3,10,13,0,0,3,10
0x5908fa,86.3636%,3,19,22,0,2,1,19
0x59091a,86.3636%,3,19,22,0,0,3,19
0x8c85ea,99.3927%,3,491,494,491,3,0,0
0x9e7d7b,87.5%,3,21,24,0,0,3,21
0x951ca7,99.529%,3,634,637,634,3,0,0
0x590953,86.3636%,3,19,22,1,1,2,18
0x8c8af7,96.25%,3,77,80,0,0,3,77
0x4b515a,97.6562%,3,125,128,0,0,3,125
0x9a48d3,90.625%,3,29,32,14,2,1,15
0xa50d12,96.5909%,3,85,88,0,0,3,85
0xa47f06,75%,3,9,12,0,0,3,9
0xa394eb,99.5856%,3,721,724,0,0,3,721
0x5c481a,62.5%,3,5,8,4,0,3,1
0x40bc6a,97.0874%,3,100,103,0,0,3,100
0xa440a1,95.3125%,3,61,64,61,1,2,0
0x4c6fb5,94%,3,47,50,47,3,0,0
0x8be771,83.3333%,3,15,18,15,3,0,0
0x9733c8,92.5%,3,37,40,0,0,3,37
0xa3961f,99.5025%,3,600,603,0,0,3,600
0x81d418,98.3516%,3,179,182,179,3,0,0
0x80a3ce,62.5%,3,5,8,4,0,3,1
0x7f0b71,40%,3,2,5,0,0,3,2
0x5f8cf7,96.6292%,3,86,89,0,0,3,86
0x98ce01,75%,3,9,12,9,3,0,0
0x40396c,91.8919%,3,34,37,0,0,3,34
0x818af6,98.4615%,3,192,195,1,0,3,191
0x5f8dc2,90.9091%,3,30,33,0,0,3,30
0x4414ce,94.7368%,3,54,57,0,0,3,54
0x80f6e9,95.9459%,3,71,74,2,2,1,69
0x5f8dd9,97.7273%,3,129,132,0,2,1,129
0x4039bf,75%,3,9,12,9,1,2,0
0x4022a1,88.4615%,3,23,26,23,3,0,0
0xa4cbdd,25%,3,1,4,0,0,3,1
0x510a3c,99.2327%,3,388,391,2,2,1,386
0x4036a9,84.2105%,3,16,19,16,3,0,0
0x7f3750,80%,3,12,15,0,0,3,12
0x409a66,98.0892%,3,154,157,0,0,3,154
0x4c802b,95.6522%,3,66,69,0,0,3,66
0xa22e29,84.2105%,3,16,19,8,2,1,8
0x48bbc8,97.9021%,3,140,143,0,0,3,140
0x7b0158,50%,3,3,6,0,0,3,3
0xa45d54,50%,3,3,6,1,3,0,2
0x9f5aa4,96.25%,3,77,80,0,0,3,77
0x959f4d,25%,3,1,4,0,0,3,1
0x5de1dd,62.5%,3,5,8,5,3,0,0
0x9e2625,99.422%,3,516,519,0,0,3,516
0x9bb3f0,95.3846%,3,62,65,0,0,3,62
0x8bd1f1,99.9528%,3,6352,6355,6352,3,0,0
0x54522b,25%,3,1,4,1,3,0,0
0x540a57,97.1698%,3,103,106,103,1,2,0
0x40366e,99.6296%,3,807,810,807,3,0,0
0x976ed1,0%,3,0,3,0,0,3,0
0x9e0613,94.8276%,3,55,58,55,3,0,0
0x4be300,80%,3,12,15,12,3,0,0
0x7ce7da,75%,3,9,12,0,0,3,9
0x67acc3,99.8912%,3,2754,2757,0,0,3,2754
0x69de10,75%,3,9,12,0,0,3,9
0x8e787f,98.75%,3,237,240,237,3,0,0
0x64bd95,97.479%,3,116,119,116,3,0,0
0x40378c,99.6207%,3,788,791,788,3,0,0
0x5f77c5,25%,3,1,4,0,0,3,1
0x9a6f52,66.6667%,3,6,9,0,0,3,6
0x7f12f8,57.1429%,3,4,7,0,0,3,4
0x8e690d,99.3827%,3,483,486,0,0,3,483
0x7d37c1,92.5%,3,37,40,0,0,3,37
0x5510c9,50%,3,3,6,1,3,0,2
0x8f6429,98.3516%,3,179,182,0,0,3,179
0x4c668c,81.25%,3,13,16,10,2,1,3
0x8a69f9,40%,3,2,5,0,0,3,2
0x8102be,99.6241%,3,795,798,795,3,0,0
0x90ad42,91.1765%,3,31,34,0,0,3,31
0xa47adc,84.2105%,3,16,19,16,3,0,0
0x53ac0e,97.3913%,3,112,115,112,3,0,0
0xa97708,70%,3,7,10,6,0,3,1
0x487882,80%,3,12,15,12,3,0,0
0x789af5,89.2857%,3,25,28,0,0,3,25
0x4a9d2e,57.1429%,3,4,7,4,3,0,0
0x8a656d,82.3529%,3,14,17,14,3,0,0
0x8a65dd,82.3529%,3,14,17,14,3,0,0
0x9e7a52,97.8723%,3,138,141,138,3,0,0
0x4096fa,95.2381%,3,60,63,56,0,3,4
0x8f2773,99.3348%,3,448,451,448,3,0,0
0xa50c44,95.4545%,3,63,66,0,0,3,63
0x55b399,99.714%,3,1046,1049,0,0,3,1046
0x4b98a3,88.8889%,3,24,27,0,2,1,24
0xaa151b,94.4444%,3,51,54,0,0,3,51
0x8a6a11,62.5%,3,5,8,3,2,1,2
0x6923cb,75%,3,9,12,9,3,0,0
0x49a2f0,78.5714%,3,11,14,11,3,0,0
0x409d1b,96.3415%,3,79,82,0,0,3,79
0x4bd70b,92.3077%,3,36,39,0,0,3,36
0x4bd703,92.3077%,3,36,39,0,0,3,36
0x48c59a,70%,3,7,10,0,0,3,7
0x5b2a76,93.617%,3,44,47,0,2,1,44
0x5f8ac4,25%,3,1,4,1,3,0,0
0xb47682,81.25%,3,13,16,13,3,0,0
0x844440,25%,3,1,4,1,3,0,0
0x9f2a01,97.1154%,3,101,104,0,0,3,101
0x643a3f,91.1765%,3,31,34,0,0,3,31
0x98409f,95.9459%,3,71,74,71,3,0,0
0xa5c2a3,95.9459%,3,71,74,0,2,1,71
0x80bba5,57.1429%,3,4,7,2,3,0,2
0x8a60ca,99.4495%,3,542,545,0,0,3,542
0x675043,94.5455%,3,52,55,52,0,3,0
0xa49a39,70%,3,7,10,5,1,2,2
0x9a9b80,97.5207%,3,118,121,13,2,1,105
0xa596c7,89.6552%,3,26,29,2,1,2,24
0x8a6134,99.0881%,3,326,329,326,3,0,0
0x490493,0%,3,0,3,0,3,0,0
0x82238c,98.9011%,3,270,273,0,0,3,270
0x8aa872,99.5918%,3,732,735,732,3,0,0
0xa412a2,62.5%,3,5,8,5,3,0,0
0x9e74d3,99.6862%,3,953,956,0,0,3,953
0xa5b23e,75%,3,9,12,9,3,0,0
0xa41163,62.5%,3,5,8,0,0,3,5
0xaa8feb,86.9565%,3,20,23,20,3,0,0
0x8a7466,97.9167%,3,141,144,0,0,3,141
0xa5102d,99.4071%,3,503,506,0,0,3,503
0x5d9729,62.5%,3,5,8,5,3,0,0
0x8e3757,99.8483%,3,1974,1977,0,0,3,1974
0x9e761b,98.7552%,3,238,241,52,2,1,186
0x97375e,92.5%,3,37,40,37,3,0,0
0xa49878,86.3636%,3,19,22,19,3,0,0
0x4a9f13,98.3516%,3,179,182,179,3,0,0
0xa91189,25%,3,1,4,0,0,3,1
0x8a68c0,97.8417%,3,136,139,136,3,0,0
0x6796b4,97.3214%,3,109,112,0,0,3,109
0x8dbd7a,98.3871%,3,183,186,0,0,3,183
0x441b86,72.7273%,3,8,11,8,3,0,0
0xa43ce5,99.4585%,3,551,554,0,0,3,551
0xa2dace,78.5714%,3,11,14,4,3,0,7
0x9f2a58,97.1154%,3,101,104,0,0,3,101
0x9f2a15,97.1154%,3,101,104,101,3,0,0
0x483d76,84.2105%,3,16,19,16,3,0,0
0x9a1374,90%,3,27,30,27,3,0,0
0x81e52c,96.1538%,3,75,78,74,2,1,1
0x64cbe5,99.4671%,3,560,563,560,3,0,0
0x483d85,84.2105%,3,16,19,16,3,0,0
0x98099a,62.5%,3,5,8,5,3,0,0
0x94c8f7,92.5%,3,37,40,37,3,0,0
0x50a3bf,97.7941%,3,133,136,133,3,0,0
0x991a49,98.8636%,3,261,264,0,0,3,261
0xa56f3c,95.9459%,3,71,74,0,2,1,71
0x9e1616,88.8889%,3,24,27,24,3,0,0
0x8bb163,98.9437%,3,281,284,0,0,3,281
0x980832,72.7273%,3,8,11,0,0,3,8
0x4826ef,84.2105%,3,16,19,16,3,0,0
0xa961ff,87.5%,3,21,24,0,0,3,21
0x94c8e6,92.5%,3,37,40,0,0,3,37
0x5ebb80,99.6487%,3,851,854,0,0,3,851
0xb376a5,99.9459%,3,5539,5542,0,0,3,5539
0x8dff4c,90.625%,3,29,32,0,0,3,29
0xab57e8,98.6726%,3,223,226,223,3,0,0
0x48e594,93.617%,3,44,47,44,3,0,0
0x9e09a1,95.9459%,3,71,74,71,3,0,0
0x49c19b,96.8421%,3,92,95,0,0,3,92
0x659e32,84.2105%,3,16,19,16,3,0,0
0x780862,85.7143%,3,18,21,1,2,1,17
0x58db5b,57.1429%,3,4,7,2,2,1,2
0xa8a96c,89.2857%,3,25,28,25,3,0,0
0x550972,94.1176%,3,48,51,48,3,0,0
0x8df2df,62.5%,3,5,8,5,3,0,0
0x61072b,88%,3,22,25,9,3,0,13
0x81ed66,98.8%,3,247,250,0,2,1,247
0x95aeb2,86.9565%,3,20,23,20,3,0,0
0x977bd0,57.1429%,3,4,7,4,3,0,0
0x673d3c,92.1053%,3,35,38,0,0,3,35
0x58c3ab,25%,3,1,4,1,3,0,0
0x8d236a,40%,3,2,5,2,3,0,0
0x4417ae,72.7273%,3,8,11,0,0,3,8
0xaa5cd4,91.1765%,3,31,34,7,3,0,24
0xa355e0,99.0066%,3,299,302,299,3,0,0
0xa446e2,94.2308%,3,49,52,0,0,3,49
0x4bd507,0%,3,0,3,0,3,0,0
0x95b577,72.7273%,3,8,11,8,3,0,0
0x49c235,25%,3,1,4,0,0,3,1
0x944359,96.0526%,3,73,76,0,0,3,73
0xa47305,92.8571%,3,39,42,0,0,3,39
0x63b5fb,99.7703%,3,1303,1306,1303,3,0,0
0x5904a3,95.7746%,3,68,71,0,0,3,68
0x9e71c8,98.8%,3,247,250,247,1,2,0
0x95b3fd,72.7273%,3,8,11,0,0,3,8
0x7d277f,99.3952%,3,493,496,384,1,2,109
0x9f2416,70%,3,7,10,0,0,3,7
0x822254,98.9011%,3,270,273,0,0,3,270
0xa90077,99.1935%,3,369,372,0,0,3,369
0x9a972c,70%,3,7,10,7,3,0,0
0x687d7d,91.1765%,3,31,34,31,3,0,0
0x811577,99.6462%,3,845,848,842,1,2,3
0x7cfa25,90.9091%,3,30,33,20,3,0,10
0x5cb91e,88.4615%,3,23,26,0,0,3,23
0xa8e77e,96.3855%,3,80,83,80,3,0,0
0x81b2e7,96.3415%,3,79,82,79,3,0,0
0x9fe486,0%,3,0,3,0,3,0,0
0x483b3d,84.2105%,3,16,19,16,2,1,0
0xa8abf2,96.3855%,3,80,83,0,0,3,80
0xa0393a,96.0526%,3,73,76,73,3,0,0
0xa30364,98.2353%,3,167,170,167,3,0,0
0x9e2c80,86.9565%,3,20,23,20,3,0,0
0xa97d5c,70%,3,7,10,5,1,2,2
0x590c35,85%,3,17,20,17,3,0,0
0xa0395e,96.0526%,3,73,76,73,3,0,0
0xa02a48,75%,3,9,12,9,3,0,0
0x972f42,50%,3,3,6,2,1,2,1
0x609e72,99.5106%,3,610,613,610,3,0,0
0xa02ae7,75%,3,9,12,1,2,1,8
0x8df3d0,81.25%,3,13,16,0,0,3,13
0x7ac162,85.7143%,3,18,21,12,3,0,6
0x4bf751,87.5%,3,21,24,0,0,3,21
0xa7a1ac,98.2857%,3,172,175,0,0,3,172
0xa02a63,75%,3,9,12,0,0,3,9
0xa9ca5f,70%,3,7,10,0,0,3,7
0x8d396b,95.8904%,3,70,73,0,2,1,70
0x58e41e,92.5%,3,37,40,0,0,3,37
0xa3022a,98.4615%,3,192,195,0,0,3,192
0x81b44f,82.3529%,3,14,17,5,1,2,9
0x4c5156,99.1176%,3,337,340,337,2,1,0
0x90ba30,99.4764%,3,570,573,570,3,0,0
0x5b9b08,95.3846%,3,62,65,0,0,3,62
0x482807,84.2105%,3,16,19,15,2,1,1
0x539c94,92.8571%,3,39,42,37,3,0,2
0x5547b8,99.74%,3,1151,1154,0,0,3,1151
0x9e025a,89.2857%,3,25,28,7,3,0,18
0xa64f97,62.5%,3,5,8,1,3,0,4
0x97515c,80%,3,12,15,1,2,1,11
0x984191,66.6667%,3,6,9,6,3,0,0
0x8f13c2,99.3348%,3,448,451,0,0,3,448
0x5cb0b5,99.6614%,3,883,886,0,0,3,883
0x53a0be,89.6552%,3,26,29,0,0,3,26
0x4414ee,72.7273%,3,8,11,0,0,3,8
0x81ed38,99.8124%,3,1596,1599,0,0,3,1596
0x9ef42c,95%,3,57,60,0,0,3,57
0x9fc0b2,99.0196%,3,303,306,303,3,0,0
0xa5a0d9,25%,3,1,4,1,3,0,0
0x9fb356,0%,3,0,3,0,0,3,0
0x8ad6e8,96.6292%,3,86,89,86,1,2,0
0x8e9407,99.7875%,3,1409,1412,1409,1,2,0
0x9e247e,99.5017%,3,599,602,599,3,0,0
0x5ae277,92.6829%,3,38,41,38,3,0,0
0x5f8692,98.2036%,3,164,167,0,0,3,164
0x8152aa,81.25%,3,13,16,5,3,0,8
0xa5611f,98.3696%,3,181,184,0,0,3,181
0x81d017,98.2036%,3,164,167,164,3,0,0
0x5f084f,91.1765%,3,31,34,7,3,0,24
0x4bd154,57.1429%,3,4,7,0,0,3,4
0x508a77,72.7273%,3,8,11,8,3,0,0
0xa4278e,98.6667%,3,222,225,222,3,0,0
0x4831d4,97.4138%,3,113,116,0,0,3,113
0x647933,95.3125%,3,61,64,61,3,0,0
0xa018c7,98.0263%,3,149,152,1,1,2,148
0x9091e3,99.8384%,3,1854,1857,1854,3,0,0
0x908a79,99.6878%,3,958,961,958,3,0,0
0x402f18,50%,3,3,6,0,0,3,3
0x483285,89.6552%,3,26,29,26,3,0,0
0x77d889,50%,3,3,6,0,0,3,3
0x5dfa6f,78.5714%,3,11,14,11,3,0,0
0x9f26a6,99.3056%,3,429,432,429,3,0,0
0x40ae02,25%,3,1,4,0,0,3,1
0xa0193d,25%,3,1,4,0,0,3,1
0x552b45,88.4615%,3,23,26,0,0,3,23
0x5ebdab,57.1429%,3,4,7,0,0,3,4
0x5d19bc,97.2727%,3,107,110,107,3,0,0
0x5b8de0,25%,3,1,4,0,0,3,1
0x5ae23b,95.4545%,3,63,66,0,0,3,63
0x8a51ca,98.6175%,3,214,217,0,0,3,214
0x8fee14,99.5276%,3,632,635,632,3,0,0
0x944774,98.6486%,3,219,222,219,3,0,0
0x5dd99b,97.7444%,3,130,133,130,2,1,0
0x59c0e0,98.5981%,3,211,214,0,0,3,211
0x9ebb1a,98.5437%,3,203,206,203,3,0,0
0x551c8d,96.9697%,3,96,99,96,3,0,0
0x81e0d8,98.6047%,3,212,215,0,0,3,212
0x9e2aed,95.9459%,3,71,74,0,0,3,71
0x5e0339,97.931%,3,142,145,0,0,3,142
0x5128e1,85%,3,17,20,6,3,0,11
0x7847b2,91.4286%,3,32,35,0,0,3,32
0x61a6bc,40%,3,2,5,0,0,3,2
0x77ad6f,99.4253%,3,519,522,519,3,0,0
0xa0b97a,0%,3,0,3,0,2,1,0
0x8f432b,99.7934%,3,1449,1452,1449,3,0,0
0xa95d8d,83.3333%,3,15,18,0,2,1,15
0x4aaec9,72.7273%,3,8,11,0,0,3,8
0x80a7d5,40%,3,2,5,2,2,1,0
0x5e04e0,97.931%,3,142,145,142,3,0,0
0xa35e9b,99.2462%,3,395,398,395,3,0,0
0xa5519a,62.5%,3,5,8,5,3,0,0
0xa46299,92.6829%,3,38,41,38,3,0,0
0x5b5db9,25%,3,1,4,1,3,0,0
0xa28726,85.7143%,3,18,21,0,0,3,18
0x4093c8,97.8102%,3,134,137,134,1,2,0
0x5cfd5b,87.5%,3,21,24,0,0,3,21
0x81e94c,96.0526%,3,73,76,73,3,0,0
0xa2870d,85.7143%,3,18,21,0,0,3,18
0x48200f,84.2105%,3,16,19,13,2,1,3
0x5ec5d6,62.5%,3,5,8,5,3,0,0
0xa26bb8,50%,3,3,6,1,1,2,2
0x78a6bd,70%,3,7,10,7,3,0,0
0x9e1a91,70%,3,7,10,2,0,3,5
0x5ec5c8,62.5%,3,5,8,0,0,3,5
0x90a677,93.1818%,3,41,44,0,0,3,41
0x48f453,50%,3,3,6,0,3,0,3
0xacfbee,92.5%,3,37,40,37,3,0,0
0x90ad70,93.1818%,3,41,44,41,3,0,0
0x90b20b,98.7448%,3,236,239,236,3,0,0
0x972ede,50%,3,3,6,3,3,0,0
0xa34a65,92.6829%,3,38,41,0,0,3,38
0xa02ef5,96.0526%,3,73,76,73,1,2,0
0xa37715,70%,3,7,10,7,3,0,0
0x97516c,84.2105%,3,16,19,0,0,3,16
0xa3bca1,83.3333%,3,15,18,0,2,1,15
0x5d0c95,62.5%,3,5,8,5,3,0,0
0x809302,91.1765%,3,31,34,31,3,0,0
0x788c8f,94.9153%,3,56,59,8,2,1,48
0x97351e,75%,3,9,12,3,2,1,6
0x483b57,84.2105%,3,16,19,16,3,0,0
0x492c8e,25%,3,1,4,0,0,3,1
0xaa23e0,91.1765%,3,31,34,28,2,1,3
0x976efb,0%,3,0,3,0,0,3,0
0xa29843,25%,3,1,4,1,3,0,0
0x483bac,84.2105%,3,16,19,7,3,0,9
0x787c01,50%,3,3,6,3,3,0,0
0x4047c7,99.5114%,3,611,614,611,3,0,0
0x5d454f,78.5714%,3,11,14,0,0,3,11
0xaadc31,99.0769%,3,322,325,0,0,3,322
0x8aa862,99.5918%,3,732,735,0,0,3,732
0x5c4ca6,86.3636%,3,19,22,14,0,3,5
0xa2852a,98.125%,3,157,160,0,0,3,157
0x9725c1,70%,3,7,10,0,0,3,7
0x5bce17,99.6888%,3,961,964,961,3,0,0
0xa26606,99.7038%,3,1010,1013,0,0,3,1010
0x64c599,99.4516%,3,544,547,544,3,0,0
0x5df0f4,99.8067%,3,1549,1552,0,0,3,1549
0x5993f8,96.4286%,3,81,84,81,3,0,0
0xa548ba,99.3072%,3,430,433,0,0,3,430
0x5b8e5d,25%,3,1,4,1,3,0,0
0x5ff4b9,70%,3,7,10,5,1,2,2
0x58ebfa,75%,3,9,12,9,3,0,0
0xa04b8e,92.8571%,3,39,42,0,0,3,39
0x4b5228,98.8462%,3,257,260,0,0,3,257
0x80aec2,91.1765%,3,31,34,29,3,0,2
0x5e37b8,99.5392%,3,648,651,0,0,3,648
0xa34c0c,95%,3,57,60,0,0,3,57
0xa51a5b,57.1429%,3,4,7,4,3,0,0
0x83408d,96%,3,72,75,72,1,2,0
0xa35a06,90.625%,3,29,32,29,3,0,0
0xb30451,40%,3,2,5,2,3,0,0
0x63aeff,99.6346%,3,818,821,0,0,3,818
0x5f92dc,91.8919%,3,34,37,34,3,0,0
0x4c75be,25%,3,1,4,1,3,0,0
0x6cd01f,50%,3,3,6,3,3,0,0
0x9ea704,96.9072%,3,94,97,94,3,0,0
0x81e947,96.0526%,3,73,76,0,0,3,73
0x81192f,87.5%,3,21,24,0,0,3,21
0xa5aa5e,70%,3,7,10,7,3,0,0
0x6cd00d,50%,3,3,6,0,0,3,3
0xa25ee9,98.4043%,3,185,188,0,0,3,185
0x6ccfdd,50%,3,3,6,0,0,3,3
0x65bbb0,99.4059%,3,502,505,0,0,3,502
0x99b802,98.4211%,3,187,190,187,3,0,0
0x48f94c,66.6667%,3,6,9,6,3,0,0
0xa59f94,50%,3,3,6,0,3,0,3
0x64c82d,25%,3,1,4,1,3,0,0
0x40bbf0,97.1429%,3,102,105,0,1,2,102
0x49439f,82.3529%,3,14,17,0,0,3,14
0x816222,93.3333%,3,42,45,41,2,1,1
0x555d59,99.7225%,3,1078,1081,0,0,3,1078
0xa5d177,87.5%,3,21,24,0,0,3,21
0x9fe7bf,91.8919%,3,34,37,34,3,0,0
0x9bdc69,94.5455%,3,52,55,0,0,3,52
0xa2975a,25%,3,1,4,0,0,3,1
0x81b797,84.2105%,3,16,19,0,0,3,16
0x49404b,80%,3,12,15,12,3,0,0
0xa5362b,62.5%,3,5,8,0,2,1,5
0x991a56,98.8636%,3,261,264,261,3,0,0
0x5a0161,40%,3,2,5,2,3,0,0
0x5a01b3,40%,3,2,5,0,0,3,2
0xa4e941,97.8261%,3,135,138,135,3,0,0
0xa4a38f,76.9231%,3,10,13,3,2,1,7
0x8df88f,25%,3,1,4,0,2,1,1
0x5eb90a,99.6487%,3,851,854,0,0,3,851
0x807760,97.4359%,3,114,117,3,1,2,111
0x404954,82.3529%,3,14,17,7,1,2,7
0x9d1210,97.5%,3,117,120,0,0,3,117
0x8ef3e6,93.75%,3,45,48,45,3,0,0
0x59c445,86.9565%,3,20,23,20,3,0,0
0xa352ee,83.3333%,3,15,18,6,3,0,9
0x973ac6,70%,3,7,10,7,3,0,0
0x5bc20b,99.786%,3,1399,1402,0,0,3,1399
0x821068,66.6667%,3,6,9,6,3,0,0
0x88a129,86.3636%,3,19,22,19,3,0,0
0xa2feff,98.125%,3,157,160,157,3,0,0
0x69650b,99.5448%,3,656,659,0,0,3,656
0xa533c0,25%,3,1,4,1,3,0,0
0xa5c859,83.3333%,3,15,18,1,3,0,14
0xa53333,50%,3,3,6,0,0,3,3
0x5c78cb,96.25%,3,77,80,77,3,0,0
0x9ea6ec,98.4211%,3,187,190,0,0,3,187
0x64f224,82.3529%,3,14,17,14,3,0,0
0x63fd7a,99.6878%,3,958,961,0,0,3,958
0xacfada,97.7778%,3,132,135,112,2,1,20
0x9ea53d,97.2222%,3,105,108,105,3,0,0
0x9ebea4,97.561%,3,120,123,120,3,0,0
0xb49710,75%,3,9,12,0,0,3,9
0x8f6377,78.5714%,3,11,14,0,2,1,11
0x983f0b,95.3125%,3,61,64,53,3,0,8
0x9fc972,83.3333%,3,15,18,15,3,0,0
0x8ffdfe,50%,3,3,6,0,0,3,3
0x63edf5,99.8384%,3,1854,1857,0,0,3,1854
0xa5aecc,57.1429%,3,4,7,3,2,1,1
0x9ebfd4,85%,3,17,20,9,1,2,8
0x811d69,98.1928%,3,163,166,0,0,3,163
0xa5aced,85.7143%,3,18,21,18,3,0,0
0x8ef50a,66.6667%,3,6,9,0,0,3,6
0x6754d0,86.3636%,3,19,22,19,2,1,0
0x900bbb,99.1071%,3,333,336,332,2,1,1
0xa538f1,57.1429%,3,4,7,0,0,3,4
0x5b230b,98.75%,3,237,240,0,0,3,237
0x80c278,91.4286%,3,32,35,0,1,2,32
0x5fa7f3,95.6522%,3,66,69,0,0,3,66
0x97753b,98.4536%,3,191,194,191,3,0,0
0xa5abca,80%,3,12,15,0,0,3,12
0x970ee4,99.7981%,3,1483,1486,0,0,3,1483
0xa515f2,98.1481%,3,159,162,159,3,0,0
0x63ad5f,99.2188%,3,381,384,381,3,0,0
0x98b586,82.3529%,3,14,17,14,3,0,0
0x9a80e9,98.7234%,3,232,235,0,0,3,232
0x4a8548,62.5%,3,5,8,0,0,3,5
0x9bd236,95.5224%,3,64,67,64,3,0,0
0x9f12bc,70%,3,7,10,0,0,3,7
0x99dd11,80%,3,12,15,0,0,3,12
0x63acf1,99.2188%,3,381,384,381,3,0,0
0x983b5b,96.0526%,3,73,76,1,1,2,72
0x81fb71,99.0712%,3,320,323,320,3,0,0
0x81e7e6,99.9717%,3,10587,10590,10587,3,0,0
0x606962,98.6667%,3,222,225,222,3,0,0
0x619aa8,80%,3,12,15,7,3,0,5
0x5a9632,62.5%,3,5,8,0,0,3,5
0x5a963e,62.5%,3,5,8,0,0,3,5
0x619d20,85%,3,17,20,0,0,3,17
0xa47c2d,92.3077%,3,36,39,0,0,3,36
0x485d00,0%,3,0,3,0,3,0,0
0x489b7d,50%,3,3,6,3,3,0,0
0x5a9646,62.5%,3,5,8,3,2,1,2
0x970f37,99.8878%,3,2671,2674,0,0,3,2671
0x4b9c11,89.6552%,3,26,29,1,1,2,25
0xa5b369,72.7273%,3,8,11,0,0,3,8
0xacfbe0,93.617%,3,44,47,6,1,2,38
0x61f366,70%,3,7,10,7,3,0,0
0xa5b1c5,75%,3,9,12,9,3,0,0
0x8217f0,99.4863%,3,581,584,0,0,3,581
0x670429,97.7444%,3,130,133,0,0,3,130
0x5571b4,96.3855%,3,80,83,57,3,0,23
0x40def6,97.2222%,3,105,108,104,1,2,1
0x49f684,87.5%,3,21,24,0,0,3,21
0xa411e5,88%,3,22,25,22,3,0,0
0x918dce,98.5%,3,197,200,197,3,0,0
0x8ff2d5,95%,3,57,60,16,2,1,41
0x983f9b,95.3125%,3,61,64,53,3,0,8
0xa5b0be,72.7273%,3,8,11,0,2,1,8
0x9a3183,98.8889%,3,267,270,0,0,3,267
0x8ee2aa,98.3607%,3,180,183,0,0,3,180
0x9e4f2d,85%,3,17,20,0,0,3,17
0x789f3b,62.5%,3,5,8,3,1,2,2
0xa51d38,62.5%,3,5,8,5,3,0,0
0x606f66,85%,3,17,20,17,3,0,0
0x8ea0a1,0%,3,0,3,0,0,3,0
0x60719a,85%,3,17,20,0,0,3,17
0x81aed5,99.6441%,3,840,843,840,1,2,0
0x5cb087,99.6614%,3,883,886,0,0,3,883
0xa6c665,95.7746%,3,68,71,25,3,0,43
0x9be98f,78.5714%,3,11,14,0,0,3,11
0x981516,89.6552%,3,26,29,0,0,3,26
0x8fd4f6,98.9011%,3,270,273,0,0,3,270
0xa56fb3,97.2222%,3,105,108,0,0,3,105
0x48334c,89.6552%,3,26,29,26,3,0,0
0x6071f7,85%,3,17,20,0,0,3,17
0x53e400,99.8746%,3,2390,2393,2390,2,1,0
0x6a3a96,88.4615%,3,23,26,0,0,3,23
0x679a99,95.082%,3,58,61,58,3,0,0
0x9f88e2,84.2105%,3,16,19,16,3,0,0
0xa5bb56,90.625%,3,29,32,29,3,0,0
0x9be975,81.25%,3,13,16,0,0,3,13
0xa51ea1,90.625%,3,29,32,2,2,1,27
0x9f1dcc,96.1538%,3,75,78,75,3,0,0
0x40ee7f,97.619%,3,123,126,123,3,0,0
0x58e444,92.5%,3,37,40,0,0,3,37
0x9a67ba,66.6667%,3,6,9,6,1,2,0
0x8a6250,98.5222%,3,200,203,0,0,3,200
0x9fe29c,96.4706%,3,82,85,0,0,3,82
0x491bdb,96.2025%,3,76,79,75,3,0,1
0x58c6e4,78.5714%,3,11,14,11,3,0,0
0x8220ee,99.0196%,3,303,306,303,3,0,0
0x44168e,72.7273%,3,8,11,0,0,3,8
0xa8ab82,96.3855%,3,80,83,0,0,3,80
0xa46e14,83.3333%,3,15,18,0,0,3,15
0x9a977e,70%,3,7,10,0,0,3,7
0x5ff3f1,75%,3,9,12,6,1,2,3
0x95ad65,86.9565%,3,20,23,18,1,2,2
0xa3595f,98.2857%,3,172,175,0,0,3,172
0xa6cb39,88.8889%,3,24,27,21,2,1,3
0xa03b08,97.479%,3,116,119,116,3,0,0
0xa285e4,66.6667%,3,6,9,0,3,0,6
0x5ef819,95%,3,57,60,57,3,0,0
0xa54124,76.9231%,3,10,13,10,3,0,0
0x49a2a5,97.4138%,3,113,116,0,0,3,113
0x82244c,98.3871%,3,183,186,0,0,3,183
0x94dd16,99.4889%,3,584,587,0,0,3,584
0x9f4d6a,66.6667%,3,6,9,6,3,0,0
0x9a6b5e,70%,3,7,10,7,3,0,0
0xa6c706,88.8889%,3,24,27,0,0,3,24
0xa0785d,57.1429%,3,4,7,4,2,1,0
0x908962,99.6878%,3,958,961,958,3,0,0
0x8225e4,98.3871%,3,183,186,183,3,0,0
0x50a117,66.6667%,3,6,9,0,0,3,6
0x97132c,57.1429%,3,4,7,3,2,1,1
0xa551de,62.5%,3,5,8,5,3,0,0
0x608d34,98.1481%,3,159,162,0,0,3,159
0xaaa09a,88.8889%,3,24,27,0,0,3,24
0x5bd12e,93.1818%,3,41,44,0,0,3,41
0x608d0e,98.1481%,3,159,162,159,3,0,0
0x8f6954,98.2143%,3,165,168,165,3,0,0
0x8f6ab2,98.2143%,3,165,168,0,0,3,165
0xa3e2b6,87.5%,3,21,24,5,3,0,16
0x6f55a9,98.2659%,3,170,173,170,3,0,0
0x9ea60b,98.2143%,3,165,168,0,0,3,165
0xa55108,62.5%,3,5,8,5,1,2,0
0xa550bc,75%,3,9,12,3,1,2,6
0x48a4b8,92.5%,3,37,40,37,3,0,0
0x81f135,99.8444%,3,1925,1928,1925,3,0,0
0x4ac146,98.2558%,3,169,172,169,3,0,0
0x8ab0ba,99.6495%,3,853,856,0,0,3,853
0x8bdc79,80%,3,12,15,6,2,1,6
0x9f7c50,76.9231%,3,10,13,0,0,3,10
0x5e4393,97.5207%,3,118,121,118,3,0,0
0x971199,40%,3,2,5,2,3,0,0
0xa55b31,50%,3,3,6,3,1,2,0
0xa60b86,97.4138%,3,113,116,113,3,0,0
0xa1a1df,72.7273%,3,8,11,5,1,2,3
0x4c02c0,94.1176%,3,48,51,11,2,1,37
0x5571dd,86.9565%,3,20,23,20,0,3,0
0x5b8e47,25%,3,1,4,0,0,3,1
0x8114a7,99.6462%,3,845,848,842,1,2,3
0x496199,75%,3,9,12,0,0,3,9
0x9a1f86,98.5222%,3,200,203,200,3,0,0
0x8bc77f,99.74%,3,1151,1154,0,0,3,1151
0xa5944b,98.5849%,3,209,212,0,0,3,209
0x5f8e07,99.1957%,3,370,373,2,2,1,368
0xa366e2,98.0263%,3,149,152,0,0,3,149
0x8dd390,99.5957%,3,739,742,739,3,0,0
0x495f67,75%,3,9,12,0,0,3,9
0x5511d8,85.7143%,3,18,21,15,2,1,3
0xa43c14,99.0291%,3,306,309,306,3,0,0
0xa583d1,97.561%,3,120,123,0,0,3,120
0x683697,96.2963%,3,78,81,78,3,0,0
0x5b0463,93.8776%,3,46,49,0,0,3,46
0x8aad49,86.3636%,3,19,22,0,0,3,19
0x80ae6f,91.4286%,3,32,35,0,0,3,32
0x8ee41e,93.3333%,3,42,45,0,3,0,42
0x9733d8,92.5%,3,37,40,37,3,0,0
0x59711e,93.75%,3,45,48,0,0,3,45
0x7b0a85,89.2857%,3,25,28,3,3,0,22
0xaae7a5,93.617%,3,44,47,2,1,2,42
0x9ece03,85.7143%,3,18,21,0,0,3,18
0x81f849,93.617%,3,44,47,0,0,3,44
0x8ee5af,92.8571%,3,39,42,0,0,3,39
0xa43058,25%,3,1,4,0,0,3,1
0xa8a800,98.2857%,3,172,175,0,0,3,172
0x906b37,99.162%,3,355,358,0,0,3,355
0x638fc4,99.1124%,3,335,338,0,0,3,335
0x53c3de,97.7273%,3,129,132,104,2,1,25
0x9f3e18,99.5312%,3,637,640,637,3,0,0
0x80a6a7,0%,3,0,3,0,0,3,0
0x608d44,98.1481%,3,159,162,159,3,0,0
0x494355,97.1429%,3,102,105,0,0,3,102
0x5f135c,92.5%,3,37,40,1,2,1,36
0x54d472,50%,3,3,6,3,3,0,0
0x8d3d3b,90.3226%,3,28,31,0,0,3,28
0x96b6b7,94%,3,47,50,0,0,3,47
0x9f15e9,72.7273%,3,8,11,8,3,0,0
0x609739,98.1481%,3,159,162,0,0,3,159
0xaa5b13,93.617%,3,44,47,0,0,3,44
0x9f2494,96.3415%,3,79,82,0,0,3,79
0x9f2470,96.3415%,3,79,82,79,3,0,0
0xa89543,96.3855%,3,80,83,0,0,3,80
0x81c0d7,96.875%,3,93,96,93,3,0,0
0x5bab3b,97.479%,3,116,119,0,0,3,116
0x8fd6e6,90%,3,27,30,0,0,3,27
0x69238c,86.3636%,3,19,22,19,3,0,0
0x5be275,96.4706%,3,82,85,82,3,0,0
0x9e727e,98.8%,3,247,250,0,0,3,247
0x4a57c8,94.5455%,3,52,55,0,0,3,52
0x66709e,97.9866%,3,146,149,146,3,0,0
0x58e023,95.7143%,3,67,70,0,0,3,67
0x8efaae,98.125%,3,157,160,0,0,3,157
0x609684,96.3855%,3,80,83,80,3,0,0
0x492a78,98.1818%,3,162,165,0,0,3,162
0x66d44e,99.7951%,3,1461,1464,0,0,3,1461
0xb3041c,40%,3,2,5,0,0,3,2
0x9a23ef,94.7368%,3,54,57,0,0,3,54
0xa2639b,97.2222%,3,105,108,0,0,3,105
0x9e3692,91.1765%,3,31,34,0,0,3,31
0xa3e341,62.5%,3,5,8,5,3,0,0
0x4bcdc2,70%,3,7,10,7,3,0,0
0x9fc105,99.0196%,3,303,306,0,0,3,303
0xaef6da,62.5%,3,5,8,5,3,0,0
0x9a24fe,92.5%,3,37,40,37,3,0,0
0x8bc813,91.1765%,3,31,34,0,0,3,31
0x8ecb87,95.5882%,3,65,68,65,3,0,0
0x5bb4fe,99.786%,3,1399,1402,1399,1,2,0
0xa5bade,95.8333%,3,69,72,0,0,3,69
0x54187d,99.8279%,3,1740,1743,0,0,3,1740
0x80e4f6,99.6441%,3,840,843,0,0,3,840
0x54db46,92.3077%,3,36,39,0,0,3,36
0x5f12ba,95.1613%,3,59,62,59,2,1,0
0xaef6fd,62.5%,3,5,8,2,2,1,3
0x9e630e,84.2105%,3,16,19,1,0,3,15
0x48d7ad,99.8248%,3,1709,1712,0,0,3,1709
0x66d3e8,50%,3,3,6,3,3,0,0
0x54db76,92.3077%,3,36,39,36,3,0,0
0x54dc25,92.3077%,3,36,39,36,3,0,0
0x94accc,94.6429%,3,53,56,53,3,0,0
0x9e6b8a,95.8333%,3,69,72,69,1,2,0
0x66d422,96.4706%,3,82,85,82,3,0,0
0x9e707a,40%,3,2,5,0,0,3,2
0xa4862e,25%,3,1,4,1,3,0,0
0x9f481a,62.5%,3,5,8,0,0,3,5
0x666d49,25%,3,1,4,0,0,3,1
0xa72427,25%,3,1,4,1,3,0,0
0x5b349f,93.3333%,3,42,45,42,3,0,0
0x99eb15,76.9231%,3,10,13,0,0,3,10
0x974653,92.5%,3,37,40,0,2,1,37
0x81a92a,99.6372%,3,824,827,0,0,3,824
0xa2f286,92.1053%,3,35,38,0,0,3,35
0xb2463b,99.9748%,3,11896,11899,0,0,3,11896
0x535618,95.8904%,3,70,73,11,1,2,59
0x40ae21,25%,3,1,4,1,1,2,0
0x65b224,76.9231%,3,10,13,10,3,0,0
0xa55e95,86.3636%,3,19,22,0,0,3,19
0x9d071a,94.1176%,3,48,51,48,3,0,0
0x7ce77f,93.1818%,3,41,44,7,1,2,34
0x402e7c,91.1765%,3,31,34,0,0,3,31
0xa97661,97.3684%,3,111,114,111,3,0,0
0x9f501b,97.8261%,3,135,138,0,0,3,135
0x969eb4,92.3077%,3,36,39,36,3,0,0
0x59ec61,62.5%,3,5,8,4,0,3,1
0x9009c4,97.9452%,3,143,146,0,0,3,143
0x4102c5,99.6764%,3,924,927,0,0,3,924
0x5f5224,86.9565%,3,20,23,0,0,3,20
0x5bb151,94.3396%,3,50,53,0,0,3,50
0xa3fde7,89.2857%,3,25,28,25,3,0,0
0x61085c,76.9231%,3,10,13,0,0,3,10
0x9f01b9,97.4138%,3,113,116,0,2,1,113
0xa516f5,92.5%,3,37,40,37,3,0,0
0x8f6d25,99.2126%,3,378,381,0,0,3,378
0x67c5a0,99.8062%,3,1545,1548,0,0,3,1545
0x81e2c2,98.6047%,3,212,215,212,3,0,0
0x8aaaa9,84.2105%,3,16,19,0,0,3,16
0x9f778e,98.125%,3,157,160,0,0,3,157
0x5be5ac,98.2353%,3,167,170,0,0,3,167
0xa26bd1,50%,3,3,6,1,1,2,2
0xa4ff4c,78.5714%,3,11,14,0,0,3,11
0x5c7f90,96.25%,3,77,80,0,0,3,77
0xa22d6f,95.3846%,3,62,65,0,0,3,62
0xa9884c,62.5%,3,5,8,3,1,2,2
0xa355d3,99.0066%,3,299,302,0,0,3,299
0xae6fa8,95.8333%,3,69,72,68,2,1,1
0x8a76ff,98.9547%,3,284,287,58,1,2,226
0xa4a9a8,97.1154%,3,101,104,0,0,3,101
0x81a870,99.6058%,3,758,761,0,0,3,758
0x667062,99.7651%,3,1274,1277,1274,3,0,0
0xa2ed5e,89.6552%,3,26,29,0,0,3,26
0x9f078e,57.1429%,3,4,7,0,2,1,4
0xa278fb,50%,3,3,6,0,0,3,3
0xa27908,50%,3,3,6,3,3,0,0
0x80f956,91.8919%,3,34,37,34,1,2,0
0x88e981,92.3077%,3,36,39,0,0,3,36
0xa08472,81.25%,3,13,16,2,3,0,11
0x5b40ea,90.3226%,3,28,31,28,3,0,0
0x49985a,90.9091%,3,30,33,0,0,3,30
0x591c13,98.0132%,3,148,151,0,0,3,148
0xa9c7a3,97.8261%,3,135,138,0,0,3,135
0x9f9aca,97.2477%,3,106,109,0,0,3,106
0x7efdf9,98.2143%,3,165,168,16,3,0,149
0x610ca2,90%,3,27,30,27,3,0,0
0x482a3c,66.6667%,3,6,9,6,3,0,0
0x81dd85,66.6667%,3,6,9,0,0,3,6
0x9e0feb,96.25%,3,77,80,77,3,0,0
0xa9dec9,92.6829%,3,38,41,38,2,1,0
0x8eef9d,99.3348%,3,448,451,0,0,3,448
0x96c1e6,97.541%,3,119,122,119,3,0,0
0x7f0417,98.2143%,3,165,168,13,0,3,152
0x540dc5,62.5%,3,5,8,5,3,0,0
0x6097dc,97.0297%,3,98,101,0,0,3,98
0x9f9620,87.5%,3,21,24,21,3,0,0
0x48f733,75%,3,9,12,9,1,2,0
0x8a3177,70%,3,7,10,7,1,2,0
0x9f7a0e,97.3214%,3,109,112,0,0,3,109
0xa06e1d,92.1053%,3,35,38,0,0,3,35
0x9a1a23,85%,3,17,20,17,3,0,0
0xaccb10,0%,3,0,3,0,3,0,0
0x8c7c10,78.5714%,3,11,14,11,3,0,0
0x507d53,90.3226%,3,28,31,28,3,0,0
0x9aa321,91.8919%,3,34,37,34,3,0,0
0xa5c2f2,97.2477%,3,106,109,106,3,0,0
0x838f8e,85%,3,17,20,1,1,2,16
0x5ae49f,66.6667%,3,6,9,0,0,3,6
0xa3b23d,98.6842%,3,225,228,0,0,3,225
0x49a2a0,97.4138%,3,113,116,0,0,3,113
0xa55751,25%,3,1,4,0,2,1,1
0x9a3299,95.5882%,3,65,68,65,3,0,0
0x54d834,81.25%,3,13,16,13,3,0,0
0x8e4881,99.821%,3,1673,1676,0,0,3,1673
0xa55aac,25%,3,1,4,0,0,3,1
0x60ddde,96.2963%,3,78,81,78,3,0,0
0x944c5a,98.324%,3,176,179,176,3,0,0
0x7f0d0f,94%,3,47,50,47,3,0,0
0x54d1dd,80%,3,12,15,5,1,2,7
0x611776,99.5951%,3,738,741,738,3,0,0
0xaccf95,0%,3,0,3,0,3,0,0
0xa92d0a,62.5%,3,5,8,0,0,3,5
0x558ff4,99.2084%,3,376,379,376,3,0,0
0x94dd6d,99.4889%,3,584,587,0,0,3,584
0x98cae5,98.6726%,3,223,226,0,0,3,223
0x9013ab,94%,3,47,50,0,0,3,47
0x67300b,84.2105%,3,16,19,16,3,0,0
0xb47201,99.88%,3,2496,2499,0,0,3,2496
0xa32842,95.8333%,3,69,72,69,3,0,0
0x7efd14,95.8333%,3,69,72,0,0,3,69
0x817d35,98.8%,3,247,250,241,1,2,6
0xa97726,25%,3,1,4,1,3,0,0
0x9ab606,98.5%,3,197,200,0,0,3,197
0x9f9562,88%,3,22,25,14,3,0,8
0x805f08,93.617%,3,44,47,0,0,3,44
0x9f7d70,66.6667%,3,6,9,0,0,3,6
0xb17a64,99.5804%,3,712,715,712,3,0,0
0x9f5c08,75%,3,9,12,9,3,0,0
0x9f3dc9,70%,3,7,10,0,0,3,7
0x9fcb2f,88%,3,22,25,0,0,3,22
0x5f1c4a,57.1429%,3,4,7,4,3,0,0
0x9f3de5,76.9231%,3,10,13,1,2,1,9
0x973d79,96.875%,3,93,96,0,0,3,93
0x8e3d06,98.9933%,3,295,298,295,3,0,0
0x5bbcb9,99.8708%,3,2319,2322,2319,3,0,0
0x88e5d6,92.3077%,3,36,39,36,3,0,0
0xa8e4d0,0%,3,0,3,0,1,2,0
0x9f2704,99.3056%,3,429,432,0,0,3,429
0x491448,98.1013%,3,155,158,0,0,3,155
0x80c9a9,98.9362%,3,279,282,270,2,1,9
0x5f00d6,98.3516%,3,179,182,179,3,0,0
0x5dae26,25%,3,1,4,0,0,3,1
0x8e9281,96.4706%,3,82,85,0,0,3,82
0x88ea4e,92.3077%,3,36,39,36,3,0,0
0x816765,95.5882%,3,65,68,0,0,3,65
0xa3d81e,62.5%,3,5,8,0,0,3,5
0xa263f9,97.2222%,3,105,108,105,3,0,0
0x5bb7bb,99.6898%,3,964,967,964,3,0,0
0xa263cc,97.2222%,3,105,108,105,3,0,0
0x556c67,62.5%,3,5,8,5,3,0,0
0x551cd1,96.9697%,3,96,99,96,3,0,0
0x7ad44b,84.2105%,3,16,19,16,3,0,0
0xa3dca6,62.5%,3,5,8,5,3,0,0
0x9c3e45,96.5116%,3,83,86,0,0,3,83
0xaa48b4,96.5116%,3,83,86,83,3,0,0
0xa58e27,92.8571%,3,39,42,0,0,3,39
0x4b70c4,96.5517%,3,84,87,84,3,0,0
0x482913,66.6667%,3,6,9,6,3,0,0
0xa3ba3d,97.9167%,3,141,144,0,0,3,141
0x7f0042,84.2105%,3,16,19,16,3,0,0
0x4ab1e7,81.25%,3,13,16,0,0,3,13
0x81e56b,70%,3,7,10,0,2,1,7
0xa07ac1,92.5%,3,37,40,37,2,1,0
0xa3d059,62.5%,3,5,8,0,0,3,5
0x99db21,85.7143%,3,18,21,18,3,0,0
0x9d1b81,87.5%,3,21,24,21,3,0,0
0xa4a176,93.4783%,3,43,46,3,1,2,40
0xa58bbe,76.9231%,3,10,13,10,3,0,0
0x40bd38,25%,3,1,4,1,3,0,0
0x96a4e6,95.8333%,3,69,72,69,3,0,0
0x5f12eb,66.6667%,3,6,9,0,0,3,6
0xa5c3d8,96.9697%,3,96,99,93,1,2,3
0x9e0548,94.8276%,3,55,58,0,0,3,55
0x7f041f,98.0645%,3,152,155,0,0,3,152
0x9f527d,72.7273%,3,8,11,8,3,0,0
0x9f5155,72.7273%,3,8,11,0,2,1,8
0x94548b,99.4329%,3,526,529,526,3,0,0
0x9e36a9,91.1765%,3,31,34,31,3,0,0
0x8088aa,98.7013%,3,228,231,0,0,3,228
0xa5c58a,97.2973%,3,108,111,0,2,1,108
0x9f58aa,98.7234%,3,232,235,0,0,3,232
0x810684,91.1765%,3,31,34,31,3,0,0
0x8aa9d9,95.2381%,3,60,63,0,0,3,60
0xb0a135,99.1304%,3,342,345,0,0,3,342
0x480edc,84.2105%,3,16,19,16,3,0,0
0x9eb643,95.5224%,3,64,67,64,3,0,0
0x807ba9,98.6547%,3,220,223,220,3,0,0
0xab1bde,25%,3,1,4,1,3,0,0
0x81be58,98.7395%,3,235,238,0,2,1,235
0xa411cc,88%,3,22,25,0,0,3,22
0xa54308,84.2105%,3,16,19,0,0,3,16
0x81fa39,85%,3,17,20,6,2,1,11
0xa2d648,98.4536%,3,191,194,191,3,0,0
0xa4580f,98.8327%,3,254,257,254,3,0,0
0x973ec3,91.6667%,3,33,36,9,3,0,24
0x9f3ae9,25%,3,1,4,1,3,0,0
0xa5ac7e,80%,3,12,15,10,1,2,2
0x488092,70%,3,7,10,7,3,0,0
0x817cac,99.115%,3,336,339,0,0,3,336
0x81ea1d,96.0526%,3,73,76,0,0,3,73
0x49a154,90.625%,3,29,32,0,0,3,29
0x4810c8,84.2105%,3,16,19,16,3,0,0
0x9e53cb,90%,3,27,30,0,0,3,27
0x8deb39,75%,3,9,12,4,2,1,5
0xacfc5e,96.4706%,3,82,85,82,3,0,0
0x9e588d,90%,3,27,30,27,3,0,0
0x811938,87.5%,3,21,24,19,2,1,2
0x9f226d,96.2963%,3,78,81,78,1,2,0
0x8dfaaa,90%,3,27,30,27,3,0,0
0x60a78f,99.7653%,3,1275,1278,1275,3,0,0
0x9d1cba,95.7746%,3,68,71,0,0,3,68
0x5f14fd,92.1053%,3,35,38,0,0,3,35
0x784541,89.6552%,3,26,29,0,1,2,26
0xaa56c7,91.6667%,3,33,36,33,3,0,0
0x820fd9,95.8333%,3,69,72,0,0,3,69
0x80a8ed,99.6441%,3,840,843,2,0,3,838
0x591fb3,96.875%,3,93,96,93,3,0,0
0x5e3ce2,0%,3,0,3,0,3,0,0
0x5021ff,98.6842%,3,225,228,0,0,3,225
0x96c206,88.4615%,3,23,26,0,0,3,23
0x6661dc,93.75%,3,45,48,45,3,0,0
0x943cf3,70%,3,7,10,0,2,1,7
0x9eb7ea,97.2222%,3,105,108,105,3,0,0
0x4946c3,25%,3,1,4,1,1,2,0
0x8e3dbc,98.1132%,3,156,159,0,0,3,156
0x9ebc5c,95.2381%,3,60,63,60,3,0,0
0x6f4591,70%,3,7,10,0,0,3,7
0x9530ac,70%,3,7,10,0,0,3,7
0x60dc21,95%,3,57,60,0,0,3,57
0xa52602,97.0297%,3,98,101,98,3,0,0
0x99ce2a,66.6667%,3,6,9,6,3,0,0
0xa9a2ce,40%,3,2,5,2,3,0,0
0x5bcef6,98.893%,3,268,271,0,0,3,268
0x40acb2,57.1429%,3,4,7,1,1,2,3
0x7afc24,89.2857%,3,25,28,25,1,2,0
0xa32dd5,98.6667%,3,222,225,0,0,3,222
0x7afd26,89.2857%,3,25,28,0,0,3,25
0x817f5d,91.1765%,3,31,34,31,3,0,0
0x7d161e,95.5224%,3,64,67,0,2,1,64
0x4b902f,25%,3,1,4,1,3,0,0
0xaae215,99.9205%,3,3769,3772,0,0,3,3769
0x505a58,25%,3,1,4,0,0,3,1
0x9eb85d,88.4615%,3,23,26,23,3,0,0
0xa5aab3,0%,3,0,3,0,0,3,0
0x537c24,93.1818%,3,41,44,41,3,0,0
0x40a80c,86.3636%,3,19,22,19,3,0,0
0x803f6d,98.8636%,3,261,264,0,0,3,261
0x5425b7,97.6744%,3,126,129,0,0,3,126
0x81c99b,98.2558%,3,169,172,169,3,0,0
0x8f1ff3,92.3077%,3,36,39,36,3,0,0
0xaabb85,62.5%,3,5,8,4,0,3,1
0xa2f99f,96.3855%,3,80,83,0,0,3,80
0xa63cc4,25%,3,1,4,0,2,1,1
0x9ea285,81.25%,3,13,16,13,1,2,0
0x60b6c2,83.3333%,3,15,18,15,3,0,0
0x59692c,98.3425%,3,178,181,0,0,3,178
0xa63ac1,25%,3,1,4,0,0,3,1
0x6841e7,62.5%,3,5,8,5,3,0,0
0x501a3d,50%,3,3,6,3,3,0,0
0x5b2f05,98.4925%,3,196,199,196,3,0,0
0xa29eea,81.25%,3,13,16,13,3,0,0
0xa91244,25%,3,1,4,1,3,0,0
0x5038d1,91.6667%,3,33,36,33,3,0,0
0x6923c2,86.3636%,3,19,22,10,0,3,9
0x50ae23,95.8333%,3,69,72,69,3,0,0
0x4c25ba,98.2143%,3,165,168,127,2,1,38
0xa2dc8e,91.6667%,3,33,36,0,0,3,33
0xa358f6,99.7003%,3,998,1001,0,0,3,998
0x972be9,75%,3,9,12,9,3,0,0
0x7acd4b,85.7143%,3,18,21,17,2,1,1
0x9e5912,90%,3,27,30,27,3,0,0
0x639c4e,75%,3,9,12,9,3,0,0
0x4813fa,84.2105%,3,16,19,0,1,2,16
0x552b22,89.2857%,3,25,28,0,0,3,25
0x7b0088,70%,3,7,10,0,2,1,7
0x951e33,72.7273%,3,8,11,4,1,2,4
0x4aad74,90%,3,27,30,27,3,0,0
0x481592,84.2105%,3,16,19,16,3,0,0
0x9ebd01,95.2381%,3,60,63,0,0,3,60
0x96b1b8,99.6692%,3,904,907,904,3,0,0
0x977b72,78.5714%,3,11,14,0,0,3,11
0x98408b,95.9459%,3,71,74,0,0,3,71
0x53feea,99.2958%,3,423,426,0,0,3,423
0x4816e7,84.2105%,3,16,19,16,3,0,0
0x405cac,96.7391%,3,89,92,0,0,3,89
0x98b426,94.3396%,3,50,53,47,1,2,3
0x64b9ff,99.7853%,3,1394,1397,0,0,3,1394
0x8a9e7d,98.4375%,3,189,192,189,3,0,0
0x9052e7,97.8102%,3,134,137,0,0,3,134
0x9a1c4f,98.3051%,3,174,177,174,3,0,0
0x481728,92.1053%,3,35,38,35,3,0,0
0xa2f938,96.3855%,3,80,83,80,3,0,0
0x65c69b,25%,3,1,4,1,3,0,0
0x5f568a,25%,3,1,4,1,3,0,0
0x809f03,25%,3,1,4,0,2,1,1
0x8d9c13,99.8592%,3,2127,2130,0,0,3,2127
0x5f5664,25%,3,1,4,1,3,0,0
0x7f3690,80%,3,12,15,0,0,3,12
0x5f55be,25%,3,1,4,0,0,3,1
0xa58583,97.479%,3,116,119,0,0,3,116
0x817c5d,98.4848%,3,195,198,195,3,0,0
0x55b38b,99.714%,3,1046,1049,0,0,3,1046
0x9813b1,96%,3,72,75,72,3,0,0
0x9f5765,89.2857%,3,25,28,0,0,3,25
0x8ebd94,62.5%,3,5,8,4,0,3,1
0x79306b,70%,3,7,10,0,0,3,7
0xa2e953,94.3396%,3,50,53,8,3,0,42
0x675139,0%,3,0,3,0,2,1,0
0x8bb6d2,76.9231%,3,10,13,0,0,3,10
0x4ac63a,80%,3,12,15,1,1,2,11
0x59168b,0%,3,0,3,0,0,3,0
0x94d145,93.617%,3,44,47,44,3,0,0
0x4ac804,80%,3,12,15,12,3,0,0
0x9751b8,40%,3,2,5,2,3,0,0
0x9736e3,25%,3,1,4,1,3,0,0
0x81b78b,84.2105%,3,16,19,16,3,0,0
0x97362f,66.6667%,3,6,9,0,0,3,6
0x59162f,0%,3,0,3,0,3,0,0
0xa53d25,98.1707%,3,161,164,0,0,3,161
0xa3572e,98.9899%,3,294,297,294,3,0,0
0xaccf16,0%,3,0,3,0,3,0,0
0x94b5b8,96.2025%,3,76,79,0,0,3,76
0x9f64ef,97.4576%,3,115,118,115,3,0,0
0x5c4f8f,98.1928%,3,163,166,0,0,3,163
0x5b3020,70%,3,7,10,6,2,1,1
0x9e3f5a,85.7143%,3,18,21,1,1,2,17
0xa36ca0,25%,3,1,4,1,3,0,0
0x5bae1f,98.5%,3,197,200,197,1,2,0
0xa51f2c,25%,3,1,4,1,1,2,0
0x4a8595,86.3636%,3,19,22,4,1,2,15
0x49b1ab,81.25%,3,13,16,0,2,1,13
0x53e854,62.5%,3,5,8,3,1,2,2
0x99ebb2,76.9231%,3,10,13,0,0,3,10
0x9f951b,88%,3,22,25,0,0,3,22
0x96a67e,95.3846%,3,62,65,62,3,0,0
0x99ebbb,76.9231%,3,10,13,0,0,3,10
0x9f44b2,98.1132%,3,156,159,0,0,3,156
0x4b506b,97.6923%,3,127,130,0,0,3,127
0x5be0b4,96.1538%,3,75,78,0,0,3,75
0xa55809,50%,3,3,6,2,2,1,1
0x811c86,94.5455%,3,52,55,52,3,0,0
0x8131ef,99.8227%,3,1689,1692,0,0,3,1689
0xaa63ea,88.4615%,3,23,26,0,0,3,23
0x5fe82c,94.6429%,3,53,56,51,2,1,2
0x405ac3,99.2974%,3,424,427,0,0,3,424
0x63ec1c,99.5896%,3,728,731,0,0,3,728
0x5b2b0d,93.3333%,3,42,45,0,0,3,42
0x7aeaee,85.7143%,3,18,21,0,0,3,18
0x4ac964,0%,3,0,3,0,3,0,0
0x9be488,90.625%,3,29,32,29,3,0,0
0xa2f7d8,98.6842%,3,225,228,0,0,3,225
0xa94474,96.5116%,3,83,86,0,0,3,83
0x9e725a,90.9091%,3,30,33,4,3,0,26
0x58feb3,99.6053%,3,757,760,506,1,2,251
0xa50741,25%,3,1,4,1,3,0,0
0x4a8764,94.1176%,3,48,51,48,3,0,0
0x8ebfc0,95.5882%,3,65,68,65,1,2,0
0x4c0422,96.5116%,3,83,86,0,0,3,83
0x5111f0,99.5913%,3,731,734,0,0,3,731
0x9f72b4,78.5714%,3,11,14,11,3,0,0
0xaa5dbe,98.5437%,3,203,206,203,3,0,0
0x5bc418,99.6888%,3,961,964,961,3,0,0
0x813127,99.6454%,3,843,846,843,3,0,0
0x9e5433,92.3077%,3,36,39,0,0,3,36
0x83806a,50%,3,3,6,2,2,1,1
0x49ced0,76.9231%,3,10,13,8,0,3,2
0x9e2f9f,98.8593%,3,260,263,260,3,0,0
0x81e9c4,96.0526%,3,73,76,0,0,3,73
0x819e7c,96.7033%,3,88,91,88,3,0,0
0x60bc53,83.3333%,3,15,18,4,2,1,11
0x49cdb5,40%,3,2,5,0,0,3,2
0x5cbb58,97.7099%,3,128,131,128,3,0,0
0x811aec,99.6441%,3,840,843,840,1,2,0
0x81e9a7,98.0263%,3,149,152,73,3,0,76
0x4801c3,84.2105%,3,16,19,16,3,0,0
0x9bdf96,93.75%,3,45,48,13,3,0,32
0x5f2888,40%,3,2,5,1,1,2,1
0x7bdb5c,62.5%,3,5,8,3,1,2,2
0x8e6966,98.125%,3,157,160,0,0,3,157
0x900262,75%,3,9,12,9,3,0,0
0xa4a746,62.5%,3,5,8,4,2,1,1
0x5f544e,75%,3,9,12,0,0,3,9
0x8b9b16,99.897%,3,2910,2913,0,0,3,2910
0xa027c6,97.2477%,3,106,109,0,0,3,106
0x94aa8f,99.4681%,3,561,564,561,3,0,0
0x402f69,50%,3,3,6,0,0,3,3
0x70d72f,0%,3,0,3,0,0,3,0
0xa038d8,96.0526%,3,73,76,73,3,0,0
0x495e95,84.2105%,3,16,19,8,2,1,8
0x804c08,70%,3,7,10,0,1,2,7
0x494f60,70%,3,7,10,3,1,2,4
0x9a3417,94.6429%,3,53,56,53,3,0,0
0x5b26bf,93.617%,3,44,47,44,2,1,0
0x4ade1f,85%,3,17,20,2,0,3,15
0x67e4b8,86.3636%,3,19,22,0,0,3,19
0xaae695,93.617%,3,44,47,0,0,3,44
0xa3188f,98.6111%,3,213,216,0,0,3,213
0xaae6a2,93.617%,3,44,47,44,3,0,0
0x4879ce,25%,3,1,4,1,3,0,0
0x48bb5a,70%,3,7,10,0,0,3,7
0x9e1a19,93.4783%,3,43,46,0,0,3,43
0x68b04d,25%,3,1,4,1,3,0,0
0x9a7970,78.5714%,3,11,14,11,3,0,0
0x9c3b39,62.5%,3,5,8,0,0,3,5
0x59c992,96.25%,3,77,80,77,3,0,0
0x8f5d7f,99.5231%,3,626,629,626,3,0,0
0x5f1fb2,91.6667%,3,33,36,30,3,0,3
0x65a3b6,99.8442%,3,1922,1925,1922,3,0,0
0x973a94,92.1053%,3,35,38,0,0,3,35
0xaa2f62,97.0588%,3,99,102,99,3,0,0
0xa99406,0%,3,0,3,0,0,3,0
0x666d39,25%,3,1,4,0,0,3,1
0xa92864,93.8776%,3,46,49,0,0,3,46
0xa92ad3,93.0233%,3,40,43,0,0,3,40
0x9f6a69,91.6667%,3,33,36,33,3,0,0
0x5f209d,90.9091%,3,30,33,30,3,0,0
0x942c25,96%,3,72,75,0,0,3,72
0x8f1ad1,97.9021%,3,140,143,140,1,2,0
0x67f6a6,97.1698%,3,103,106,103,3,0,0
0xa2136f,75%,3,9,12,6,2,1,3
0xb18292,98.5149%,3,199,202,0,0,3,199
0x9e1525,89.6552%,3,26,29,26,1,2,0
0xaa0873,96.3855%,3,80,83,80,3,0,0
0x5991c3,99.9353%,3,4633,4636,4633,3,0,0
0x5de2a7,99.6296%,3,807,810,807,3,0,0
0x679ef8,83.3333%,3,15,18,15,3,0,0
0x59f916,25%,3,1,4,0,2,1,1
0xa960a2,88.4615%,3,23,26,0,0,3,23
0x99d9d3,91.8919%,3,34,37,0,0,3,34
0x49baa3,62.5%,3,5,8,5,1,2,0
0x8d23ea,94.6429%,3,53,56,53,3,0,0
0x9f8035,78.5714%,3,11,14,10,1,2,1
0xa52125,96.1039%,3,74,77,74,3,0,0
0x494d7b,98.1013%,3,155,158,0,0,3,155
0x4a63f2,70%,3,7,10,0,2,1,7
0x9a9f76,97.2973%,3,108,111,0,0,3,108
0x81fda7,93.75%,3,45,48,0,0,3,45
0x5f4106,57.1429%,3,4,7,4,3,0,0
0xa95cec,94.7368%,3,54,57,0,0,3,54
0x8deed6,99.7059%,3,1017,1020,131,3,0,886
0x4a7c7e,94.8276%,3,55,58,0,0,3,55
0x975111,87.5%,3,21,24,2,3,0,19
0xa3b162,25%,3,1,4,1,3,0,0
0x81f727,99.6933%,3,975,978,975,3,0,0
0xa07977,50%,3,3,6,3,2,1,0
0x48589f,0%,3,0,3,0,3,0,0
0x9d086c,94.1176%,3,48,51,48,3,0,0
0x485874,50%,3,3,6,0,3,0,3
0x48b396,99.1758%,3,361,364,361,3,0,0
0x491952,95.8333%,3,69,72,0,0,3,69
0xaadb96,99.0769%,3,322,325,0,0,3,322
0xa05e12,57.1429%,3,4,7,0,1,2,4
0x81c1e0,98.9091%,3,272,275,52,3,0,220
0x48b2fd,99.1758%,3,361,364,0,0,3,361
0x409e52,81.25%,3,13,16,0,0,3,13
0x65a02c,98.0263%,3,149,152,149,3,0,0
0x58f967,96.3415%,3,79,82,61,0,3,18
0x5f4042,57.1429%,3,4,7,3,0,3,1
0x7d37d6,92.5%,3,37,40,37,3,0,0
0xa9c78d,97.8873%,3,139,142,0,0,3,139
0x58f8c7,94.8276%,3,55,58,0,0,3,55
0x8e3940,93.75%,3,45,48,0,0,3,45
0xa43f80,95.3125%,3,61,64,0,0,3,61
0x96b6c4,94%,3,47,50,8,3,0,39
0x49f587,83.3333%,3,15,18,15,3,0,0
0xa56ff2,96.3415%,3,79,82,0,0,3,79
0x8216c1,99.0964%,3,329,332,0,0,3,329
0x4b9748,70%,3,7,10,7,3,0,0
0x5e06a7,25%,3,1,4,0,0,3,1
0x6703e4,97.7444%,3,130,133,130,3,0,0
0x8118fc,87.5%,3,21,24,20,2,1,1
0xa500d2,96.2963%,3,78,81,78,3,0,0
0x99dac7,85.7143%,3,18,21,0,0,3,18
0xa0636b,50%,3,3,6,0,2,1,3
0xa21021,50%,3,3,6,0,2,1,3
0x7ad53a,88.4615%,3,23,26,0,0,3,23
0x48d6d1,95.6522%,3,66,69,0,0,3,66
0xa4e855,98.1481%,3,159,162,159,1,2,0
0x59254f,97.5207%,3,118,121,2,1,2,116
0x49465f,25%,3,1,4,0,0,3,1
0xaa292d,97.5806%,3,121,124,0,0,3,121
0x9846ec,25%,3,1,4,1,3,0,0
0x817338,87.5%,3,21,24,21,2,1,0
0x8f75bb,98.0892%,3,154,157,154,3,0,0
0xa983df,25%,3,1,4,1,1,2,0
0x499cc9,96.5116%,3,83,86,83,3,0,0
0x5c46a5,84.2105%,3,16,19,0,0,3,16
0x9a5fdf,78.5714%,3,11,14,1,3,0,10
0x48bf96,70%,3,7,10,5,0,3,2
0xa56fa6,97.2222%,3,105,108,0,0,3,105
0x8a8c48,99.4872%,3,582,585,43,2,1,539
0x5f4064,25%,3,1,4,1,3,0,0
0x8daa5b,98.5%,3,197,200,0,0,3,197
0x8f3140,99.6625%,3,886,889,0,0,3,886
0x494889,97.5207%,3,118,121,118,3,0,0
0x4b847c,72.7273%,3,8,11,0,0,3,8
0x481c64,66.6667%,3,6,9,6,2,1,0
0x51022a,99.7992%,3,1491,1494,0,0,3,1491
0x606ea1,70%,3,7,10,0,0,3,7
0x8fcc1a,99.4792%,3,573,576,0,0,3,573
0x640332,99.8742%,3,2382,2385,0,0,3,2382
0x6f454f,89.2857%,3,25,28,0,0,3,25
0x66746a,93.3333%,3,42,45,42,3,0,0
0x63ff94,99.6878%,3,958,961,647,3,0,311
0x80f1f8,98.2353%,3,167,170,167,3,0,0
0x5020ae,96.2963%,3,78,81,0,0,3,78
0x60dfa8,84.2105%,3,16,19,7,2,1,9
0xa01767,92.5%,3,37,40,0,0,3,37
0x6671d7,99.7851%,3,1393,1396,1393,1,2,0
0x7f376d,80%,3,12,15,0,0,3,12
0x8e241d,99.945%,3,5451,5454,0,0,3,5451
0xa9d2b0,81.25%,3,13,16,4,0,3,9
0x80f207,98.2353%,3,167,170,0,0,3,167
0x4bdbc3,85%,3,17,20,17,3,0,0
0x48255c,66.6667%,3,6,9,6,3,0,0
0x8ea85e,98.5849%,3,209,212,209,3,0,0
0x980982,72.7273%,3,8,11,1,2,1,7
0x5547fb,97%,3,97,100,0,0,3,97
0x5fefd6,92.5%,3,37,40,36,0,3,1
0xa938bb,98.2249%,3,166,169,0,0,3,166
0x8f2b60,95.5882%,3,65,68,65,3,0,0
0x8ed54f,75%,3,9,12,0,2,1,9
0xa669fd,98.2857%,3,172,175,172,3,0,0
0x50226e,97.619%,3,123,126,123,3,0,0
0x63ad38,99.2188%,3,381,384,381,3,0,0
0x9e6e52,62.5%,3,5,8,5,3,0,0
0xa2e7c1,96.4706%,3,82,85,0,0,3,82
0x44156e,72.7273%,3,8,11,0,0,3,8
0x502168,97.8261%,3,135,138,0,0,3,135
0x63ae45,98.7552%,3,238,241,238,3,0,0
0x4850a3,93.3333%,3,42,45,0,0,3,42
0x494120,86.3636%,3,19,22,19,3,0,0
0x502138,93.4783%,3,43,46,15,3,0,28
0x640340,99.6878%,3,958,961,0,0,3,958
0x810537,91.1765%,3,31,34,31,3,0,0
0x50bde2,83.3333%,3,15,18,15,3,0,0
0x5ff42b,57.1429%,3,4,7,2,1,2,2
0xaa33c4,81.25%,3,13,16,0,0,3,13
0x4a5c57,57.1429%,3,4,7,0,3,0,4
0xaadbfa,99.0769%,3,322,325,322,3,0,0
0x9e2acf,95.9459%,3,71,74,71,3,0,0
0x9f55c7,95.4545%,3,63,66,63,3,0,0
0xa21044,50%,3,3,6,3,2,1,0
0x54d11f,82.3529%,3,14,17,14,3,0,0
0x9c40f7,98.8462%,3,257,260,0,0,3,257
0x4bae28,99.0132%,3,301,304,0,0,3,301
0x4a5c24,76.9231%,3,10,13,0,3,0,10
0xa96f65,80%,3,12,15,0,0,3,12
0x50a057,99.389%,3,488,491,0,0,3,488
0x4103c8,0%,3,0,3,0,3,0,0
0x814bbe,83.3333%,3,15,18,0,0,3,15
0x8d253d,70%,3,7,10,7,3,0,0
0xa93934,72.7273%,3,8,11,8,3,0,0
0x5d093e,83.3333%,3,15,18,0,0,3,15
0x80a4e4,99.6441%,3,840,843,840,1,2,0
0xa2f0f9,92.1053%,3,35,38,22,3,0,13
0xa2738b,97.1698%,3,103,106,82,3,0,21
0xa96f81,80%,3,12,15,12,3,0,0
0x7d1ea7,94.1176%,3,48,51,1,2,1,47
0xa079f3,57.1429%,3,4,7,0,1,2,4
0x981c8b,89.2857%,3,25,28,0,2,1,25
0x80f20d,98.2353%,3,167,170,165,1,2,2
0x9fb69f,98.6047%,3,212,215,212,3,0,0
0x5ff0c4,92.3077%,3,36,39,36,1,2,0
0xa9003e,98.1707%,3,161,164,0,0,3,161
0x972841,85%,3,17,20,17,3,0,0
0xa33f49,97.2477%,3,106,109,106,3,0,0
0x9ec3b7,92.5%,3,37,40,37,3,0,0
0x53add7,93.617%,3,44,47,0,0,3,44
0xaadc61,99.0769%,3,322,325,322,3,0,0
0x5f64b4,96.1039%,3,74,77,74,1,2,0
0x63fd39,99.8935%,3,2815,2818,2815,3,0,0
0xa43acd,97.7099%,3,128,131,128,3,0,0
0xa3058d,25%,3,1,4,1,3,0,0
0x5f4085,57.1429%,3,4,7,3,0,3,1
0x491b1c,98.1818%,3,162,165,162,1,2,0
0x4ab908,90.3226%,3,28,31,0,0,3,28
0x48d215,50%,3,3,6,3,3,0,0
0xb0ba95,99.9394%,3,4945,4948,0,0,3,4945
0x8f6912,99.5489%,3,662,665,0,0,3,662
0xa18a5b,93.0233%,3,40,43,0,0,3,40
0x49e134,98.1818%,3,162,165,162,3,0,0
0x900fe4,40%,3,2,5,2,3,0,0
0xa5712f,90%,3,27,30,27,3,0,0
0x8bd81d,85%,3,17,20,0,0,3,17
0x5d45c7,83.3333%,3,15,18,15,3,0,0
0x5d453a,83.3333%,3,15,18,12,2,1,3
0x48ed69,94%,3,47,50,24,1,2,23
0xa37023,90.625%,3,29,32,29,3,0,0
0x8eda9a,97.619%,3,123,126,123,3,0,0
0x70c1cf,50%,3,3,6,0,0,3,3
0x80db10,98.6364%,3,217,220,0,0,3,217
0x9d1c2a,0%,3,0,3,0,2,1,0
0x9d1c34,50%,3,3,6,0,1,2,3
0x48d86f,99.8316%,3,1779,1782,0,0,3,1779
0x9ed749,92.1053%,3,35,38,1,1,2,34
0xa4bd27,25%,3,1,4,0,0,3,1
0x8d28d1,99.9183%,3,3671,3674,3671,3,0,0
0x819881,99.6372%,3,824,827,824,3,0,0
0x90867d,99.8138%,3,1608,1611,1608,3,0,0
0x97864c,70%,3,7,10,7,3,0,0
0x5f3c65,57.1429%,3,4,7,2,2,1,2
0x40a606,86.3636%,3,19,22,19,3,0,0
0x783e13,72.7273%,3,8,11,8,3,0,0
0xa04b71,95.3125%,3,61,64,0,0,3,61
0x5f0591,50%,3,3,6,0,1,2,3
0xa57522,92.6829%,3,38,41,38,3,0,0
0x49194c,95.9459%,3,71,74,0,2,1,71
0x9fcc6b,57.1429%,3,4,7,0,0,3,4
0x5df24e,99.5683%,3,692,695,0,0,3,692
0xa4a353,85%,3,17,20,17,3,0,0
0x49cd3e,40%,3,2,5,2,3,0,0
0x8dfdd2,99.4643%,3,557,560,0,0,3,557
0x61047e,99.4475%,3,540,543,0,0,3,540
0xa96aa4,72.7273%,3,8,11,1,1,2,7
0xa90fc5,98.4615%,3,192,195,0,0,3,192
0xa04100,50%,3,3,6,0,2,1,3
0x58dbb8,57.1429%,3,4,7,4,2,1,0
0x9be5f5,70%,3,7,10,0,3,0,7
0x9a46c0,98.9691%,3,288,291,0,0,3,288
0x8eb6ef,99.8947%,3,2846,2849,2846,3,0,0
0x9ff5ca,92.5%,3,37,40,0,0,3,37
0x5da2bd,25%,3,1,4,1,3,0,0
0x94bc65,81.25%,3,13,16,0,0,3,13
0x58d9db,95.3125%,3,61,64,61,3,0,0
0x8a74da,98.8372%,3,255,258,255,3,0,0
0xa8f87e,25%,3,1,4,1,0,3,0
0x5f3c2e,25%,3,1,4,1,1,2,0
0xa9c84f,93.4783%,3,43,46,7,3,0,36
0x9fec31,90%,3,27,30,0,0,3,27
0x9aafc2,99.4475%,3,540,543,0,0,3,540
0x50e501,50%,3,3,6,3,3,0,0
0xa5768f,87.5%,3,21,24,1,3,0,20
0x5bd3b5,99.6868%,3,955,958,838,1,2,117
0x501cb7,40%,3,2,5,2,3,0,0
0x7b0551,25%,3,1,4,1,0,3,0
0xa92929,50%,3,3,6,0,0,3,3
0xa07a8a,94.2308%,3,49,52,0,2,1,49
0x8ef416,99.3348%,3,448,451,0,0,3,448
0xa9816b,0%,3,0,3,0,1,2,0
0x9a0b0b,89.2857%,3,25,28,0,0,3,25
0xa1b01f,72.7273%,3,8,11,5,1,2,3
0x8e1262,81.25%,3,13,16,0,0,3,13
0xa473c2,91.6667%,3,33,36,33,3,0,0
0x5f3d56,25%,3,1,4,1,3,0,0
0x67a6db,99.8912%,3,2754,2757,2754,3,0,0
0x95922e,97.6562%,3,125,128,0,0,3,125
0x837f19,50%,3,3,6,0,2,1,3
0xa96bfe,40%,3,2,5,0,0,3,2
0xa1ad06,72.7273%,3,8,11,6,0,3,2
0x47f2ac,99.6119%,3,770,773,0,0,3,770
0xa35526,80%,3,12,15,3,0,3,9
0x5d3043,25%,3,1,4,1,3,0,0
0x58d90c,98.5646%,3,206,209,201,2,1,5
0xa2fe7d,98.917%,3,274,277,0,0,3,274
0x8bb926,91.8919%,3,34,37,8,2,1,26
0xaa801b,99.4329%,3,526,529,526,3,0,0
0x8d46b7,40%,3,2,5,2,3,0,0
0x9e6ef8,94.5455%,3,52,55,52,3,0,0
0x9be5bf,70%,3,7,10,7,3,0,0
0x5d3144,25%,3,1,4,1,3,0,0
0x81b7a6,84.2105%,3,16,19,0,0,3,16
0x5f3cc5,25%,3,1,4,1,3,0,0
0xa969a6,81.25%,3,13,16,0,0,3,13
0x58c0d6,70%,3,7,10,0,0,3,7
0x48d9ff,99.2042%,3,374,377,0,0,3,374
0x540ebd,62.5%,3,5,8,5,3,0,0
0x8d42cd,75%,3,9,12,0,0,3,9
0xa97758,70%,3,7,10,7,3,0,0
0xa06ee3,92.1053%,3,35,38,28,1,2,7
0x5cfcb8,87.5%,3,21,24,21,3,0,0
0x535685,98.0645%,3,152,155,152,3,0,0
0x6774d0,99.1914%,3,368,371,0,0,3,368
0x90ba19,99.4764%,3,570,573,0,0,3,570
0x81fba0,99.0712%,3,320,323,0,0,3,320
0x5db52b,25%,3,1,4,1,3,0,0
0xaa07f1,95.5882%,3,65,68,65,3,0,0
0x609f52,99.9551%,3,6673,6676,6673,3,0,0
0x78e0ac,25%,3,1,4,1,1,2,0
0xa9c95d,93.1818%,3,41,44,0,0,3,41
0x5ae5bc,88%,3,22,25,0,0,3,22
0x9a9281,91.1765%,3,31,34,0,0,3,31
0x66689a,99.3902%,3,489,492,489,3,0,0
0x5f3212,57.1429%,3,4,7,4,3,0,0
0x4b9e8b,98.2036%,3,164,167,12,0,3,152
0xa35d2e,99.2788%,3,413,416,0,0,3,413
0xa63ad8,25%,3,1,4,0,0,3,1
0xa1ab15,72.7273%,3,8,11,0,2,1,8
0x5c64ac,98.6607%,3,221,224,0,0,3,221
0xa96209,87.5%,3,21,24,0,0,3,21
0x8dffec,75%,3,9,12,0,0,3,9
0xa31c7e,90.3226%,3,28,31,28,3,0,0
0x8dffcb,75%,3,9,12,5,1,2,4
0x502fd4,96.9072%,3,94,97,94,3,0,0
0x9f9adb,97.2477%,3,106,109,0,0,3,106
0x811a27,99.6462%,3,845,848,842,1,2,3
0x99dfac,80%,3,12,15,12,3,0,0
0x54f892,93.0233%,3,40,43,0,0,3,40
0x9d26d1,89.2857%,3,25,28,25,0,3,0
0xa93e56,75%,3,9,12,9,3,0,0
0x8c7d57,99.6829%,3,943,946,0,3,0,943
0xaaa618,57.1429%,3,4,7,4,3,0,0
0x5505aa,99.1329%,3,343,346,343,3,0,0
0xa46ff4,98.4456%,3,190,193,190,3,0,0
0xa9a0f2,40%,3,2,5,2,3,0,0
0xa9a124,40%,3,2,5,0,0,3,2
0xa5748c,96.7033%,3,88,91,88,3,0,0
0x58d9d2,95.3125%,3,61,64,61,1,2,0
0x7c20ae,78.5714%,3,11,14,1,1,2,10
0xb313dd,98.6667%,3,222,225,0,0,3,222
0xa05fe6,85%,3,17,20,3,1,2,14
0x80fb9e,95.7143%,3,67,70,67,3,0,0
0x51b64b,70%,3,7,10,2,3,0,5
0x9a3a07,76.9231%,3,10,13,0,0,3,10
0x8d99b8,50%,3,3,6,3,3,0,0
0xa5ed4a,40%,3,2,5,2,1,2,0
0x80a210,25%,3,1,4,0,0,3,1
0x5f0897,98.9865%,3,293,296,0,0,3,293
0x4b897d,72.7273%,3,8,11,8,3,0,0
0x8220d4,99.0196%,3,303,306,0,0,3,303
0xa09773,50%,3,3,6,2,1,2,1
0x5408be,50%,3,3,6,3,3,0,0
0x9fe2a1,96.4706%,3,82,85,82,3,0,0
0x7cf7d5,62.5%,3,5,8,0,0,3,5
0x9f7c06,76.9231%,3,10,13,0,0,3,10
0x9091fd,99.8384%,3,1854,1857,1854,3,0,0
0xa99d2d,72.7273%,3,8,11,0,0,3,8
0xaadbf2,99.0769%,3,322,325,0,0,3,322
0x844434,99.3534%,3,461,464,0,0,3,461
0x48ddcf,98.4848%,3,195,198,0,0,3,195
0x49040a,0%,3,0,3,0,0,3,0
0x80b89b,98.5577%,3,205,208,205,3,0,0
0x8a61ad,98.0519%,3,151,154,0,0,3,151
0x844401,25%,3,1,4,0,0,3,1
0x60e6dc,96.2025%,3,76,79,0,0,3,76
0x643986,91.1765%,3,31,34,0,0,3,31
0x4b9f59,97.2477%,3,106,109,0,0,3,106
0x8e5992,99.3348%,3,448,451,0,0,3,448
0x58dc00,98.0132%,3,148,151,141,2,1,7
0xa062ea,0%,3,0,3,0,2,1,0
0x49e0b5,99.4152%,3,510,513,0,0,3,510
0x9f6586,98.324%,3,176,179,176,3,0,0
0xa9bc26,57.1429%,3,4,7,4,3,0,0
0xa96578,25%,3,1,4,1,3,0,0
0x548bdb,57.1429%,3,4,7,4,3,0,0
0x5bd0af,99.6888%,3,961,964,961,3,0,0
0x48fa88,50%,3,3,6,0,3,0,3
0x8e0033,83.3333%,3,15,18,4,2,1,11
0x9592d5,97.6562%,3,125,128,125,3,0,0
0xa99aae,80%,3,12,15,0,0,3,12
0x818c2a,99.6372%,3,824,827,0,0,3,824
0x60a6bb,94%,3,47,50,0,0,3,47
0xa9626f,25%,3,1,4,0,0,3,1
0xa59cb6,83.3333%,3,15,18,0,0,3,15
0x5f3f4e,25%,3,1,4,1,3,0,0
0xa2772c,70%,3,7,10,5,1,2,2
0x973065,88.8889%,3,24,27,9,3,0,15
0x816752,95.5882%,3,65,68,0,0,3,65
0x49139d,98.1366%,3,158,161,2,1,2,156
0x8f46d8,99.8802%,3,2502,2505,2502,3,0,0
0x8ef10b,97.7778%,3,132,135,132,3,0,0
0xa8a892,90.625%,3,29,32,26,2,1,3
0xa0b984,50%,3,3,6,0,1,2,3
0xa9ba4a,72.7273%,3,8,11,0,0,3,8
0xa08b67,40%,3,2,5,0,0,3,2
0x8f1660,97.7612%,3,131,134,0,0,3,131
0x5d0363,50%,3,3,6,3,3,0,0
0x7cf36e,99.5161%,3,617,620,617,3,0,0
0xa180b3,99.5646%,3,686,689,15,1,2,671
0x9733fc,92.5%,3,37,40,0,0,3,37
0xa4b96a,40%,3,2,5,0,3,0,2
0x4bccb1,92.8571%,3,39,42,0,0,3,39
0x4a5c1a,57.1429%,3,4,7,3,1,2,1
0x81b1e3,98.5437%,3,203,206,0,2,1,203
0x6472bb,85%,3,17,20,0,0,3,17
0xa596a3,89.6552%,3,26,29,26,3,0,0
0x97341b,92.5%,3,37,40,0,0,3,37
0x5ae64a,88%,3,22,25,19,2,1,3
0x538dde,97.6744%,3,126,129,126,3,0,0
0x67f171,97.2222%,3,105,108,105,3,0,0
0x98411d,94.5455%,3,52,55,0,0,3,52
0x8c8792,99.3392%,3,451,454,451,3,0,0
0x6616fb,98.1013%,3,155,158,155,3,0,0
0xa0881b,62.5%,3,5,8,4,0,3,1
0xa95d6c,83.3333%,3,15,18,15,3,0,0
0x63deac,99.6878%,3,958,961,958,3,0,0
0x49dd97,89.2857%,3,25,28,0,0,3,25
0x63c7ef,99.6878%,3,958,961,958,3,0,0
0xb183b9,99.7015%,3,1002,1005,0,0,3,1002
0x973343,92.8571%,3,39,42,39,3,0,0
0xa5429a,98.7854%,3,244,247,243,0,3,1
0x9e5fb6,83.3333%,3,15,18,15,3,0,0
0x48d813,50%,3,3,6,3,3,0,0
0xa32710,89.6552%,3,26,29,25,3,0,1
0x77d894,50%,3,3,6,2,2,1,1
0x6117e1,92.1053%,3,35,38,35,3,0,0
0x5f099f,98.9865%,3,293,296,0,0,3,293
0xa585f9,99.1304%,3,342,345,0,0,3,342
0x507c51,99.3151%,3,435,438,0,0,3,435
0x8a9970,62.5%,3,5,8,4,0,3,1
0x8dd3d4,83.3333%,3,15,18,15,3,0,0
0x511d4f,99.6305%,3,809,812,426,2,1,383
0x99dea8,80%,3,12,15,0,0,3,12
0x5bda37,62.5%,3,5,8,1,3,0,4
0x6083c8,97.619%,3,123,126,123,3,0,0
0x6964c1,94.6429%,3,53,56,0,0,3,53
0x54695c,62.5%,3,5,8,0,0,3,5
0x96c211,88.4615%,3,23,26,0,0,3,23
0x69dbed,75%,3,9,12,9,3,0,0
0x722c77,70%,3,7,10,0,0,3,7
0xa9857c,25%,3,1,4,1,3,0,0
0x50cb30,99.3056%,3,429,432,429,3,0,0
0x546774,70%,3,7,10,5,3,0,2
0xa98152,94.5455%,3,52,55,51,1,2,1
0x8bd857,85%,3,17,20,1,0,3,16
0xa9b2ef,93.3333%,3,42,45,42,3,0,0
0xaa14ca,88.4615%,3,23,26,23,3,0,0
0x804dd7,25%,3,1,4,0,2,1,1
0x4c63f8,89.2857%,3,25,28,24,2,1,1
0x98c952,97.2477%,3,106,109,0,0,3,106
0x80bf57,81.25%,3,13,16,13,3,0,0
0xa32939,85%,3,17,20,0,1,2,17
0x8127ee,80%,3,12,15,0,0,3,12
0xb4a1c1,99.5856%,3,721,724,0,0,3,721
0x5960ed,76.9231%,3,10,13,0,0,3,10
0xa180a7,99.5646%,3,686,689,0,0,3,686
0x980bce,90.625%,3,29,32,6,2,1,23
0x48bf6e,70%,3,7,10,0,0,3,7
0x5bb213,81.25%,3,13,16,13,3,0,0
0x9fc935,57.1429%,3,4,7,0,0,3,4
0x981cbd,85%,3,17,20,17,1,2,0
0x58e517,75%,3,9,12,0,0,3,9
0xa58f18,97.479%,3,116,119,0,0,3,116
0x917af1,98.5%,3,197,200,0,0,3,197
0x48f64f,0%,3,0,3,0,3,0,0
0xa07a79,94.9153%,3,56,59,6,1,2,50
0xa5eb5d,88.4615%,3,23,26,23,3,0,0
0x9eaa53,99.8017%,3,1510,1513,0,2,1,1510
0x69de57,75%,3,9,12,9,3,0,0
0x64751d,85.7143%,3,18,21,0,0,3,18
0x506fcb,99.5946%,3,737,740,0,0,3,737
0x5b0161,85.7143%,3,18,21,18,3,0,0
0x820924,72.7273%,3,8,11,0,0,3,8
0x63d50b,99.6144%,3,775,778,775,3,0,0
0xa9edab,78.5714%,3,11,14,0,2,1,11
0x5f61e3,25%,3,1,4,0,2,1,1
0x97317b,99.5082%,3,607,610,0,0,3,607
0x9e5f65,83.3333%,3,15,18,15,3,0,0
0x959ede,25%,3,1,4,1,3,0,0
0x80d6c6,25%,3,1,4,1,3,0,0
0x81c701,95.7143%,3,67,70,0,0,3,67
0x906a9c,99.162%,3,355,358,0,0,3,355
0x61cda2,40%,3,2,5,2,3,0,0
0xa91f35,25%,3,1,4,1,3,0,0
0x99bb67,85.7143%,3,18,21,0,1,2,18
0xab3303,92.8571%,3,39,42,0,0,3,39
0x8ff2f9,95%,3,57,60,57,3,0,0
0x5d0037,25%,3,1,4,1,3,0,0
0x4a79d6,91.8919%,3,34,37,34,3,0,0
0xa44768,94.2308%,3,49,52,0,0,3,49
0x67f70a,97.1698%,3,103,106,103,3,0,0
0x8ed72a,99.6815%,3,939,942,939,2,1,0
0x5ebd04,80%,3,12,15,4,3,0,8
0xa39f49,90%,3,27,30,0,0,3,27
0x99e21e,80%,3,12,15,0,0,3,12
0x5e78a0,95.8904%,3,70,73,0,0,3,70
0x99e237,80%,3,12,15,1,1,2,11
0xaa2ff1,97.0588%,3,99,102,99,3,0,0
0x8f35e5,88.4615%,3,23,26,23,3,0,0
0x90bf34,98.7395%,3,235,238,119,0,3,116
0x481b95,84.2105%,3,16,19,7,3,0,9
0xa4f7a5,83.3333%,3,15,18,0,0,3,15
0x838a8a,0%,3,0,3,0,2,1,0
0x973222,92.5%,3,37,40,0,0,3,37
0x973230,92.5%,3,37,40,37,3,0,0
0xa608b3,40%,3,2,5,0,0,3,2
0x8f1f92,97.3451%,3,110,113,0,0,3,110
0x4036db,99.6149%,3,776,779,0,0,3,776
0x555fe4,93.75%,3,45,48,0,3,0,45
0xa5b005,80%,3,12,15,9,3,0,3
0x5fa908,99.384%,3,484,487,0,0,3,484
0xa905b7,95.4545%,3,63,66,63,3,0,0
0xa5930b,80%,3,12,15,0,0,3,12
0xa17faf,99.2%,3,372,375,0,0,3,372
0x81aff5,99.6441%,3,840,843,840,3,0,0
0x8084ee,62.5%,3,5,8,3,1,2,2
0x48e5b7,93.75%,3,45,48,0,0,3,45
0x647299,85.7143%,3,18,21,0,0,3,18
0x8ee993,0%,3,0,3,0,0,3,0
0x5f2625,85.7143%,3,18,21,13,2,1,5
0x8c7e0f,99.6236%,3,794,797,15,1,2,779
0x973e9a,87.5%,3,21,24,12,0,3,9
0xa59364,89.2857%,3,25,28,0,0,3,25
0xa51fa1,62.5%,3,5,8,5,1,2,0
0x805b19,99.8923%,3,2782,2785,0,0,3,2782
0x63bbee,99.6878%,3,958,961,0,0,3,958
0x9fc701,70%,3,7,10,7,3,0,0
0x61a2ba,70%,3,7,10,2,3,0,5
0x49e158,99.7774%,3,1345,1348,0,0,3,1345
0xa46bfe,98.6175%,3,214,217,214,3,0,0
0x9812a5,96.7033%,3,88,91,8,3,0,80
0x8222d0,98.9011%,3,270,273,233,1,2,37
0x8df9ca,0%,3,0,3,0,0,3,0
0x5fa2b1,98.8142%,3,250,253,250,3,0,0
0x88dff6,50%,3,3,6,1,1,2,2
0x9ec9f8,98.0263%,3,149,152,0,0,3,149
0x72359e,99.7925%,3,1443,1446,0,0,3,1443
0x7f0271,84.2105%,3,16,19,0,1,2,16
0x88a1ab,50%,3,3,6,0,0,3,3
0x499bf9,94.3396%,3,50,53,50,3,0,0
0x509542,99.5231%,3,626,629,0,0,3,626
0x9e3015,98.7342%,3,234,237,234,3,0,0
0x8f1648,97.7612%,3,131,134,131,3,0,0
0x4bacc2,98.6239%,3,215,218,0,0,3,215
0x5f1ce0,57.1429%,3,4,7,0,0,3,4
0x55112e,82.3529%,3,14,17,14,3,0,0
0x554ce7,98.9619%,3,286,289,0,0,3,286
0x545a8f,62.5%,3,5,8,0,0,3,5
0x4ac9cd,0%,3,0,3,0,3,0,0
0x9d0bdd,94.1176%,3,48,51,0,0,3,48
0x9bd1d5,94.5455%,3,52,55,0,0,3,52
0x8eaee2,95.8333%,3,69,72,0,0,3,69
0x9c4e11,57.1429%,3,4,7,2,0,3,2
0x9116e1,98.2456%,3,168,171,0,0,3,168
0x606e9c,85%,3,17,20,9,1,2,8
0x9e5ff1,83.3333%,3,15,18,15,3,0,0
0x9d362a,94.5455%,3,52,55,0,0,3,52
0x4c896e,98.2759%,3,171,174,0,0,3,171
0xa2587f,40%,3,2,5,0,0,3,2
0xa30233,98.4615%,3,192,195,0,0,3,192
0x49ff2d,99.9344%,3,4570,4573,0,0,3,4570
0x4c6753,25%,3,1,4,0,0,3,1
0x5c4754,62.5%,3,5,8,0,0,3,5
0x88e01d,50%,3,3,6,3,3,0,0
0x99e0a4,80%,3,12,15,0,0,3,12
0x40438d,99.026%,3,305,308,305,3,0,0
0x8df308,87.5%,3,21,24,16,0,3,5
0x80a4c7,99.6441%,3,840,843,280,2,1,560
0x63af09,99.6346%,3,818,821,0,0,3,818
0x5f2831,40%,3,2,5,2,3,0,0
0x4ba129,90%,3,27,30,0,0,3,27
0x80683f,75%,3,9,12,9,2,1,0
0x8d26f3,96.1039%,3,74,77,0,2,1,74
0x5ecdcf,62.5%,3,5,8,0,0,3,5
0x63aacd,99.6346%,3,818,821,818,3,0,0
0x7c74d9,81.25%,3,13,16,0,0,3,13
0x808c9a,99.7557%,3,1225,1228,0,0,3,1225
0x977d3a,97.9021%,3,140,143,140,3,0,0
0xaadab8,95.3125%,3,61,64,0,0,3,61
0x78a3a2,0%,3,0,3,0,2,1,0
0x4a7c48,75%,3,9,12,9,3,0,0
0x606d71,62.5%,3,5,8,5,3,0,0
0x99f653,97.0588%,3,99,102,0,0,3,99
0x94ebd9,96.6667%,3,87,90,87,3,0,0
0x818821,99.6372%,3,824,827,0,0,3,824
0xa4a790,62.5%,3,5,8,5,1,2,0
0x8f7721,40%,3,2,5,2,3,0,0
0x606df6,62.5%,3,5,8,5,3,0,0
0x977cfe,98.9726%,3,289,292,0,0,3,289
0x5ffa30,99.0385%,3,309,312,265,1,2,44
0x67c172,87.5%,3,21,24,0,0,3,21
0x80ecab,99.1848%,3,365,368,365,3,0,0
0x5ae5ed,88%,3,22,25,22,3,0,0
0xa66217,88.8889%,3,24,27,24,3,0,0
0x49ff19,99.9657%,3,8743,8746,0,0,3,8743
0x915724,98.5%,3,197,200,0,0,3,197
0x5bc37e,86.9565%,3,20,23,0,0,3,20
0x945c65,95.3846%,3,62,65,0,0,3,62
0xa96421,87.5%,3,21,24,21,3,0,0
0x8e494f,99.5312%,3,637,640,637,3,0,0
0x49c286,50%,3,3,6,0,0,3,3
0x5d254e,99.759%,3,1242,1245,1242,3,0,0
0xa50ed0,96.0526%,3,73,76,73,3,0,0
0xa074e8,72.7273%,3,8,11,2,3,0,6
0x5427cb,98.4456%,3,190,193,190,3,0,0
0x402bc1,99.8308%,3,1770,1773,0,0,3,1770
0x61060b,96.6292%,3,86,89,0,0,3,86
0x6ccbd9,99.6868%,3,955,958,0,0,3,955
0x9ec2e1,92.5%,3,37,40,0,0,3,37
0x9f07a5,57.1429%,3,4,7,0,2,1,4
0xab2d30,72.7273%,3,8,11,4,0,3,4
0x619d7c,70%,3,7,10,5,0,3,2
0xa25f50,98.4043%,3,185,188,0,0,3,185
0x58bdf9,96.0526%,3,73,76,73,3,0,0
0x983f71,96.3415%,3,79,82,64,2,1,15
0x8ef68e,90.3226%,3,28,31,28,3,0,0
0x9ead83,97.2477%,3,106,109,106,3,0,0
0x8e9d0f,25%,3,1,4,1,3,0,0
0x40aa98,50%,3,3,6,3,3,0,0
0x98ce1d,99.8389%,3,1859,1862,0,0,3,1859
0x817e5f,98.8%,3,247,250,8,0,3,239
0x81c679,99.7429%,3,1164,1167,0,0,3,1164
0x900b57,99.1071%,3,333,336,333,3,0,0
0x96c226,88.4615%,3,23,26,0,0,3,23
0x5fe87c,86.3636%,3,19,22,19,3,0,0
0x5f78e1,25%,3,1,4,0,0,3,1
0x647380,99.5%,3,597,600,597,3,0,0
0x8f1c60,62.5%,3,5,8,5,3,0,0
0x5f18a3,57.1429%,3,4,7,0,2,1,4
0x5addb0,88.8889%,3,24,27,24,3,0,0
0x9f6237,93.1818%,3,41,44,0,0,3,41
0x80eb8e,99.1848%,3,365,368,0,0,3,365
0x9c4e34,57.1429%,3,4,7,3,2,1,1
0xa48a6e,98.3146%,3,175,178,0,0,3,175
0x9e48c5,83.3333%,3,15,18,0,0,3,15
0xa985bb,25%,3,1,4,1,3,0,0
0x9d09be,94.1176%,3,48,51,48,3,0,0
0x5f8b2b,62.5%,3,5,8,0,0,3,5
0x8107be,98.8095%,3,249,252,244,2,1,5
0x80ec62,99.1848%,3,365,368,0,0,3,365
0xa4f816,81.25%,3,13,16,12,2,1,1
0x81c05a,96.4706%,3,82,85,0,0,3,82
0x9772b3,62.5%,3,5,8,0,2,1,5
0x58bcb1,95.082%,3,58,61,58,3,0,0
0x4c3997,84.6154%,2,11,13,11,2,0,0
0xa3fd48,91.6667%,2,22,24,16,2,0,6
0x8be84d,90.9091%,2,20,22,17,0,2,3
0x647ba8,95.3488%,2,41,43,0,0,2,41
0x5bbf5a,0%,2,0,2,0,0,2,0
0x4b83ea,87.5%,2,14,16,14,2,0,0
0x66f569,99.0291%,2,204,206,0,0,2,204
0x6198a4,97.3333%,2,73,75,73,2,0,0
0x9e6292,97.2222%,2,70,72,0,0,2,70
0x64bf9b,98.8304%,2,169,171,169,2,0,0
0xab330e,95.2381%,2,40,42,0,0,2,40
0x88e2cf,97.9592%,2,96,98,96,2,0,0
0xa36e7c,80%,2,8,10,0,0,2,8
0x5ff562,75%,2,6,8,0,2,0,6
0x81b066,94.5946%,2,35,37,0,2,0,35
0xaabd21,50%,2,2,4,0,0,2,2
0x5f90f7,0%,2,0,2,0,0,2,0
0x4b88de,87.5%,2,14,16,14,2,0,0
0x491a49,98.7879%,2,163,165,0,0,2,163
0x99b04f,80%,2,8,10,8,2,0,0
0xace035,0%,2,0,2,0,2,0,0
0x5f1ced,71.4286%,2,5,7,0,0,2,5
0x908558,96.6667%,2,58,60,58,2,0,0
0x5fe614,87.5%,2,14,16,14,2,0,0
0xa4704d,90.9091%,2,20,22,20,2,0,0
0x5bc147,99.8573%,2,1400,1402,1400,0,2,0
0x80395a,0%,2,0,2,0,0,2,0
0x5f18f7,0%,2,0,2,0,2,0,0
0x9a3eda,92.8571%,2,26,28,0,0,2,26
0x9e5262,81.8182%,2,9,11,0,0,2,9
0x65bae0,99.8874%,2,1774,1776,1774,2,0,0
0x5474e1,0%,2,0,2,0,0,2,0
0x5db5b2,50%,2,2,4,2,2,0,0
0x983a67,95.7447%,2,45,47,0,0,2,45
0x974cd8,0%,2,0,2,0,2,0,0
0x9f8523,77.7778%,2,7,9,0,0,2,7
0x8340aa,0%,2,0,2,0,2,0,0
0xa25ae9,99.8026%,2,1011,1013,0,0,2,1011
0x7f0d28,96%,2,48,50,46,2,0,2
0x49b2a1,85.7143%,2,12,14,12,2,0,0
0x9be610,0%,2,0,2,0,2,0,0
0x5b2797,95.7447%,2,45,47,44,1,1,1
0x4a95a2,80%,2,8,10,0,0,2,8
0x501626,99.9073%,2,2156,2158,0,0,2,2156
0x6475ff,90.4762%,2,19,21,19,2,0,0
0x5b272f,95.7447%,2,45,47,0,1,1,45
0x42acce,0%,2,0,2,0,0,2,0
0xa8a77e,97.5904%,2,81,83,0,0,2,81
0x9bdf4b,97.2973%,2,72,74,0,2,0,72
0x9fbb5f,99.3464%,2,304,306,0,0,2,304
0x5f30b1,0%,2,0,2,0,0,2,0
0x5f3c1f,71.4286%,2,5,7,2,1,1,3
0xa25b84,99.8026%,2,1011,1013,0,0,2,1011
0xaadd8e,0%,2,0,2,0,0,2,0
0x53388a,88.8889%,2,16,18,0,0,2,16
0x63ef93,0%,2,0,2,0,2,0,0
0xa4cc0e,50%,2,2,4,0,0,2,2
0x8deca1,0%,2,0,2,0,2,0,0
0x54d82c,87.5%,2,14,16,0,0,2,14
0x49ae9a,94.8718%,2,37,39,0,0,2,37
0x48ebec,83.3333%,2,10,12,10,2,0,0
0x5bbfda,0%,2,0,2,0,2,0,0
0x5b2ade,95.5556%,2,43,45,0,0,2,43
0xa65536,50%,2,2,4,0,0,2,2
0x96a64f,97.2222%,2,70,72,0,0,2,70
0x81cfc4,98.9011%,2,180,182,0,0,2,180
0x5efac1,33.3333%,2,1,3,0,2,0,1
0x96a657,97.2222%,2,70,72,0,0,2,70
0x5b28fb,95.7447%,2,45,47,0,0,2,45
0xa4ce1e,50%,2,2,4,0,0,2,2
0x4935ab,86.6667%,2,13,15,0,0,2,13
0xb18147,99.6409%,2,555,557,0,0,2,555
0xa46916,87.5%,2,14,16,0,0,2,14
0x906776,98.3871%,2,122,124,122,2,0,0
0x9a0a80,92.8571%,2,26,28,26,2,0,0
0x99debc,86.6667%,2,13,15,13,2,0,0
0x5f78fd,50%,2,2,4,0,0,2,2
0x48eed4,75%,2,6,8,0,0,2,6
0x838893,60%,2,3,5,0,0,2,3
0x5f13ce,95%,2,38,40,0,0,2,38
0x491b68,97.4684%,2,77,79,0,2,0,77
0x9e1ae9,98.3333%,2,118,120,0,2,0,118
0x4418ce,81.8182%,2,9,11,0,0,2,9
0x44184e,81.8182%,2,9,11,0,0,2,9
0x5f1fa6,94.4444%,2,34,36,34,2,0,0
0x5f1efc,94.4444%,2,34,36,0,0,2,34
0x805e38,75%,2,6,8,3,1,1,3
0x510249,99.1525%,2,234,236,0,0,2,234
0x40bafd,98.6667%,2,148,150,0,0,2,148
0xa06010,81.8182%,2,9,11,9,2,0,0
0x647437,90.4762%,2,19,21,0,1,1,19
0x784045,99.6779%,2,619,621,0,0,2,619
0xa48cb3,98.8024%,2,165,167,0,0,2,165
0x7f03c8,89.4737%,2,17,19,0,0,2,17
0x7f03dc,89.4737%,2,17,19,17,2,0,0
0x5f1417,95%,2,38,40,0,0,2,38
0x7b88e7,87.5%,2,14,16,12,2,0,2
0xa64c41,0%,2,0,2,0,2,0,0
0xa97fb5,80%,2,8,10,8,2,0,0
0x95191c,97.8022%,2,89,91,89,2,0,0
0x5f2e20,0%,2,0,2,0,2,0,0
0x9a12fd,97.9381%,2,95,97,95,2,0,0
0x90ac80,98%,2,98,100,0,0,2,98
0x817d6f,75%,2,6,8,1,1,1,5
0xa3010c,60%,2,3,5,3,0,2,0
0x833751,0%,2,0,2,0,0,2,0
0x9712bb,60%,2,3,5,3,2,0,0
0xae6f32,97.1429%,2,68,70,68,2,0,0
0xa088f3,80%,2,8,10,5,0,2,3
0x8e5a87,99.5381%,2,431,433,431,2,0,0
0x975137,89.4737%,2,17,19,0,0,2,17
0x5ff970,97.8261%,2,90,92,0,0,2,90
0x7efa39,0%,2,0,2,0,2,0,0
0xa06294,0%,2,0,2,0,0,2,0
0x904a3f,99.3355%,2,299,301,299,2,0,0
0x59bfda,96.2264%,2,51,53,51,2,0,0
0x9a0a6b,92.8571%,2,26,28,0,0,2,26
0xa26244,98.1481%,2,106,108,106,2,0,0
0xad46a1,0%,2,0,2,0,2,0,0
0xaa822e,60%,2,3,5,3,2,0,0
0x7efc1a,0%,2,0,2,0,2,0,0
0x9e2cab,84.6154%,2,11,13,0,0,2,11
0x9fe90b,94.5946%,2,35,37,0,0,2,35
0x5f3ace,71.4286%,2,5,7,3,0,2,2
0x9ff5be,95%,2,38,40,0,0,2,38
0xa52bfd,99.0566%,2,210,212,0,0,2,210
0x5af805,96.2264%,2,51,53,51,2,0,0
0x48fe2d,80%,2,8,10,8,2,0,0
0xace0fb,0%,2,0,2,0,2,0,0
0x9a18db,90.4762%,2,19,21,0,0,2,19
0xa0975b,66.6667%,2,4,6,2,0,2,2
0x9a1672,90%,2,18,20,0,0,2,18
0x9a1665,90.4762%,2,19,21,0,1,1,19
0x491b3a,0%,2,0,2,0,0,2,0
0xa58727,50%,2,2,4,0,0,2,2
0xb17b5c,99.7203%,2,713,715,713,2,0,0
0x671302,0%,2,0,2,0,2,0,0
0x9064b1,98.1818%,2,108,110,0,0,2,108
0x7f036c,89.4737%,2,17,19,17,2,0,0
0xa3421d,98.8235%,2,168,170,0,0,2,168
0xacd83f,0%,2,0,2,0,2,0,0
0x647952,96.875%,2,62,64,0,0,2,62
0x54135f,75%,2,6,8,6,2,0,0
0xa55ed0,84.6154%,2,11,13,3,2,0,8
0x833e5c,75%,2,6,8,0,0,2,6
0x66f648,33.3333%,2,1,3,0,0,2,1
0x5b073f,96.9231%,2,63,65,61,2,0,2
0x9e8659,95.122%,2,39,41,0,0,2,39
0xa280ec,99.0431%,2,207,209,207,2,0,0
0x49636d,93.1034%,2,27,29,27,2,0,0
0x496354,94.1176%,2,32,34,0,0,2,32
0x8e8b71,99.9434%,2,3530,3532,0,0,2,3530
0x670469,98.4962%,2,131,133,0,0,2,131
0x491418,33.3333%,2,1,3,1,2,0,0
0x8340c3,66.6667%,2,4,6,0,2,0,4
0x4c1275,91.6667%,2,22,24,22,2,0,0
0xa394a2,85.7143%,2,12,14,12,2,0,0
0xa58add,98.1651%,2,107,109,11,2,0,96
0x99c858,97.9592%,2,96,98,0,0,2,96
0x40f6d9,99.2537%,2,266,268,266,2,0,0
0x60e657,94.7368%,2,36,38,36,2,0,0
0x8f4e6b,99.9202%,2,2503,2505,2503,2,0,0
0x5109ca,99.683%,2,629,631,0,0,2,629
0xa8e6cc,0%,2,0,2,0,2,0,0
0x9f02ea,98.2759%,2,114,116,114,0,2,0
0x96a10f,0%,2,0,2,0,0,2,0
0x90427f,99.5122%,2,408,410,408,2,0,0
0x96a63c,97.2973%,2,72,74,0,2,0,72
0xa00257,77.7778%,2,7,9,7,2,0,0
0x99b928,92.3077%,2,24,26,24,2,0,0
0x9e2aac,97.2973%,2,72,74,72,2,0,0
0x9f3a4c,33.3333%,2,1,3,0,1,1,1
0x5bdf69,99.6132%,2,515,517,0,0,2,515
0x5fa82d,97.1014%,2,67,69,0,0,2,67
0x6752d5,33.3333%,2,1,3,0,0,2,1
0x7d442b,0%,2,0,2,0,0,2,0
0x96a646,97.2222%,2,70,72,0,0,2,70
0xaab0f2,97.4359%,2,76,78,0,0,2,76
0x833850,0%,2,0,2,0,0,2,0
0x4913c4,98.7578%,2,159,161,2,0,2,157
0x80f227,50%,2,2,4,2,2,0,0
0x4b2992,0%,2,0,2,0,2,0,0
0x7f0c52,60%,2,3,5,3,2,0,0
0x48ec79,86.6667%,2,13,15,0,0,2,13
0xa4cd19,50%,2,2,4,2,2,0,0
0x49ff89,99.9771%,2,8744,8746,8744,2,0,0
0x98cbd4,71.4286%,2,5,7,0,0,2,5
0x99dfca,86.6667%,2,13,15,13,2,0,0
0x6cec54,84.6154%,2,11,13,0,0,2,11
0x7f02c5,88.8889%,2,16,18,16,2,0,0
0x5f1460,98.7421%,2,157,159,0,0,2,157
0x492aeb,0%,2,0,2,0,2,0,0
0x49b270,0%,2,0,2,0,0,2,0
0xa99caf,50%,2,2,4,2,2,0,0
0x4ac860,86.6667%,2,13,15,13,2,0,0
0x80d558,98.1818%,2,108,110,108,0,2,0
0xaa6364,99.6055%,2,505,507,0,0,2,505
0x60bdc3,90.4762%,2,19,21,19,2,0,0
0xaab489,99.7326%,2,746,748,746,2,0,0
0xa94ced,50%,2,2,4,2,2,0,0
0x4ad3ef,90%,2,18,20,18,2,0,0
0xaa7d8c,96.2963%,2,52,54,0,0,2,52
0x47fa47,89.4737%,2,17,19,17,2,0,0
0x5fe1b4,98.4127%,2,124,126,0,0,2,124
0x7f0337,89.4737%,2,17,19,17,2,0,0
0x4ad40a,90%,2,18,20,0,0,2,18
0xa9ec3b,50%,2,2,4,2,2,0,0
0xaa7d06,80%,2,8,10,0,0,2,8
0x8c8b65,97.5%,2,78,80,78,2,0,0
0xa278ea,66.6667%,2,4,6,0,0,2,4
0xa58f0e,98.3193%,2,117,119,0,0,2,117
0x5f1466,98.7421%,2,157,159,0,1,1,157
0x4914be,98.7578%,2,159,161,1,1,1,158
0x4ad410,90%,2,18,20,0,0,2,18
0x5b2b84,95.5556%,2,43,45,43,2,0,0
0xa06e0c,96.6667%,2,58,60,20,2,0,38
0xa4b9ba,50%,2,2,4,2,0,2,0
0x49b29b,87.5%,2,14,16,0,2,0,14
0xa4ba76,98.9691%,2,192,194,0,0,2,192
0xa15ec7,83.3333%,2,10,12,0,1,1,10
0x833824,50%,2,2,4,0,2,0,2
0x671c5b,0%,2,0,2,0,0,2,0
0x59c55d,99.2565%,2,267,269,0,0,2,267
0x49b293,87.5%,2,14,16,14,0,2,0
0x9eb070,98.1651%,2,107,109,107,2,0,0
0x609b9d,99.2063%,2,250,252,250,2,0,0
0xa02c93,97.0149%,2,65,67,65,2,0,0
0x4c4c7b,86.6667%,2,13,15,0,0,2,13
0x8df03d,87.5%,2,14,16,14,2,0,0
0x7c7544,75%,2,6,8,0,2,0,6
0xa4e8fe,98.75%,2,158,160,0,0,2,158
0x509e05,99.5316%,2,425,427,425,2,0,0
0xa02c07,0%,2,0,2,0,0,2,0
0x5eed94,0%,2,0,2,0,2,0,0
0x8d3f2f,84.6154%,2,11,13,0,0,2,11
0xa039d3,98.9744%,2,193,195,0,0,2,193
0x9bca24,0%,2,0,2,0,2,0,0
0x550954,97.2222%,2,70,72,0,0,2,70
0x9fd023,71.4286%,2,5,7,5,2,0,0
0x64c583,92%,2,23,25,23,2,0,0
0xa314ab,96.1538%,2,50,52,50,2,0,0
0x50b5ff,50%,2,2,4,0,0,2,2
0xa0316f,0%,2,0,2,0,1,1,0
0x4fdc2d,99.455%,2,365,367,0,0,2,365
0xad4744,98.3193%,2,117,119,0,0,2,117
0x5fb8af,96.3636%,2,53,55,53,2,0,0
0x5cfd0e,91.6667%,2,22,24,22,2,0,0
0xaa7faf,33.3333%,2,1,3,1,2,0,0
0x5fb8a2,96.3636%,2,53,55,0,0,2,53
0x5bc551,98.3193%,2,117,119,117,2,0,0
0x9fd1eb,71.4286%,2,5,7,0,0,2,5
0x4b1627,0%,2,0,2,0,2,0,0
0x4b7a3f,81.8182%,2,9,11,0,0,2,9
0x98d091,71.4286%,2,5,7,5,2,0,0
0x5bd0ea,81.8182%,2,9,11,9,2,0,0
0x4049a3,50%,2,2,4,2,2,0,0
0x9a3aec,84.6154%,2,11,13,11,2,0,0
0x4c81d3,90.9091%,2,20,22,2,2,0,18
0xa189fe,95.3488%,2,41,43,0,0,2,41
0x9fcf21,92%,2,23,25,6,1,1,17
0x609537,99.4334%,2,351,353,351,2,0,0
0x9ea2fe,97.2222%,2,70,72,70,2,0,0
0x5bc3ca,91.3043%,2,21,23,0,0,2,21
0x9a3adb,84.6154%,2,11,13,0,0,2,11
0x98d079,71.4286%,2,5,7,0,0,2,5
0x8ad8fb,89.4737%,2,17,19,0,0,2,17
0xa5b05a,86.6667%,2,13,15,13,2,0,0
0x9e3894,93.75%,2,30,32,5,2,0,25
0x77b9e0,92.8571%,2,26,28,2,2,0,24
0x7942ed,87.5%,2,14,16,14,2,0,0
0x8ecfb5,66.6667%,2,4,6,1,1,1,3
0x6095af,99.2063%,2,250,252,0,0,2,250
0x60c718,71.4286%,2,5,7,0,0,2,5
0x5be254,97.4359%,2,76,78,0,0,2,76
0x7a0f86,94.2857%,2,33,35,0,0,2,33
0x6471fd,90.4762%,2,19,21,19,2,0,0
0x666ff1,91.3043%,2,21,23,0,0,2,21
0x9ea2b5,97.2222%,2,70,72,70,2,0,0
0x64a4d4,98.1132%,2,104,106,0,0,2,104
0x4415ce,81.8182%,2,9,11,0,0,2,9
0xae3f77,0%,2,0,2,0,0,2,0
0x64c6ca,96.2963%,2,52,54,52,2,0,0
0x600100,92.5926%,2,25,27,0,0,2,25
0x9bc96e,0%,2,0,2,0,2,0,0
0x4ca72b,0%,2,0,2,0,2,0,0
0x5f2b26,0%,2,0,2,0,0,2,0
0x99ac32,99.2157%,2,253,255,0,0,2,253
0xaad2c4,33.3333%,2,1,3,1,2,0,0
0x5f2b6e,0%,2,0,2,0,2,0,0
0x5fb841,96.3636%,2,53,55,0,0,2,53
0x97381c,94.7368%,2,36,38,36,2,0,0
0x51b361,99.5283%,2,422,424,0,0,2,422
0x9bdbae,50%,2,2,4,2,2,0,0
0x5f28c2,60%,2,3,5,3,2,0,0
0x64c682,98.3193%,2,117,119,117,2,0,0
0xa9ff17,33.3333%,2,1,3,1,2,0,0
0x5f2b9d,0%,2,0,2,0,2,0,0
0xa53cb4,0%,2,0,2,0,0,2,0
0xa361b8,60%,2,3,5,3,2,0,0
0x99b003,95%,2,38,40,0,0,2,38
0x4aaa77,96.1538%,2,50,52,0,0,2,50
0x7f374b,86.6667%,2,13,15,0,0,2,13
0x972fce,97.2603%,2,71,73,0,0,2,71
0x5f2c79,0%,2,0,2,0,2,0,0
0xa0174f,95%,2,38,40,38,2,0,0
0x58b8df,98.1818%,2,108,110,0,0,2,108
0x4bca80,66.6667%,2,4,6,0,2,0,4
0x482602,89.4737%,2,17,19,17,2,0,0
0x5f4659,0%,2,0,2,0,2,0,0
0xaccde8,33.3333%,2,1,3,1,1,1,0
0x7d2ca8,50%,2,2,4,2,2,0,0
0x9bdca5,92.8571%,2,26,28,26,2,0,0
0x99a9da,98.0392%,2,100,102,100,2,0,0
0x5fb892,96.3636%,2,53,55,0,0,2,53
0x60a850,99.5951%,2,492,494,0,0,2,492
0x402fc1,97.1014%,2,67,69,67,2,0,0
0x9a1e61,97.5309%,2,79,81,0,0,2,79
0xa4cb86,50%,2,2,4,0,0,2,2
0x8171ec,98.75%,2,158,160,0,0,2,158
0x4024ff,97.9592%,2,96,98,96,2,0,0
0x9bd6b7,91.6667%,2,22,24,11,1,1,11
0x5f59a2,0%,2,0,2,0,0,2,0
0x64a6bd,0%,2,0,2,0,2,0,0
0x6660a0,80%,2,8,10,1,1,1,7
0x4ad982,60%,2,3,5,0,2,0,3
0xa039f7,98.3193%,2,117,119,0,2,0,117
0x5ff4f5,50%,2,2,4,2,2,0,0
0x59095d,90%,2,18,20,0,0,2,18
0xb2c904,99.422%,2,344,346,0,0,2,344
0x4ad9bb,60%,2,3,5,1,1,1,2
0x5e59c9,33.3333%,2,1,3,1,2,0,0
0x9ec147,96.4286%,2,54,56,0,0,2,54
0xa4a15b,95.6522%,2,44,46,0,0,2,44
0x9bd32c,96.8254%,2,61,63,0,0,2,61
0xa94b10,50%,2,2,4,0,0,2,2
0x9d1bd4,88.2353%,2,15,17,0,0,2,15
0x99e6cf,84.6154%,2,11,13,0,0,2,11
0x9ea7e9,93.75%,2,30,32,30,2,0,0
0x78a617,87.5%,2,14,16,14,2,0,0
0x9bd0f5,97.2222%,2,70,72,70,2,0,0
0x5b4314,90%,2,18,20,18,2,0,0
0x9fcc48,92%,2,23,25,16,2,0,7
0x5bec16,0%,2,0,2,0,2,0,0
0x8ad5cf,98.5507%,2,136,138,136,2,0,0
0x53400b,0%,2,0,2,0,2,0,0
0x492ab9,96%,2,48,50,48,2,0,0
0xa07052,77.7778%,2,7,9,1,1,1,6
0x5beb72,0%,2,0,2,0,2,0,0
0xa96322,0%,2,0,2,0,2,0,0
0x99e695,84.6154%,2,11,13,0,0,2,11
0xa02b94,0%,2,0,2,0,0,2,0
0x58f3b5,96.1538%,2,50,52,50,2,0,0
0x792f79,98.6014%,2,141,143,141,2,0,0
0x5bc9aa,50%,2,2,4,2,2,0,0
0x67741f,0%,2,0,2,0,2,0,0
0x9bdc73,96.3636%,2,53,55,53,2,0,0
0xaa537d,99.9226%,2,2581,2583,2581,2,0,0
0x95964d,98.3871%,2,122,124,0,0,2,122
0x905ef2,98.4375%,2,126,128,126,2,0,0
0x492a30,71.4286%,2,5,7,0,0,2,5
0x8e37e1,98.7421%,2,157,159,157,2,0,0
0x8fe5a1,99.5204%,2,415,417,0,0,2,415
0x9e3804,92%,2,23,25,0,0,2,23
0x809c29,0%,2,0,2,0,0,2,0
0x5bc03b,0%,2,0,2,0,2,0,0
0x8f48aa,99.8554%,2,1381,1383,1381,2,0,0
0x9bd1e4,96.3636%,2,53,55,0,0,2,53
0xa3d47e,75%,2,6,8,6,2,0,0
0x487f0f,85.7143%,2,12,14,0,1,1,12
0x402d8d,96.8254%,2,61,63,0,0,2,61
0x8d222b,0%,2,0,2,0,0,2,0
0x5fac73,99.7028%,2,671,673,671,1,1,0
0x981ce5,92.8571%,2,26,28,22,2,0,4
0x9edb90,95.122%,2,39,41,39,2,0,0
0x494712,0%,2,0,2,0,2,0,0
0x5b746f,0%,2,0,2,0,2,0,0
0x4022fa,96.2963%,2,52,54,51,2,0,1
0x482b7a,89.4737%,2,17,19,17,2,0,0
0x9bd273,97.0149%,2,65,67,0,0,2,65
0xaaaf29,83.3333%,2,10,12,2,2,0,8
0x5bc0e0,0%,2,0,2,0,2,0,0
0x5beb5d,0%,2,0,2,0,2,0,0
0xa4a14c,95.6522%,2,44,46,0,0,2,44
0x63b270,99.7564%,2,819,821,819,2,0,0
0x9ea8af,87.5%,2,14,16,14,0,2,0
0x670418,98.4962%,2,131,133,0,0,2,131
0xa90435,99.5122%,2,408,410,0,0,2,408
0x544277,96.4912%,2,55,57,55,2,0,0
0xa51c0b,95%,2,38,40,38,1,1,0
0xa45c87,99.7691%,2,864,866,864,2,0,0
0x9fde2f,93.75%,2,30,32,23,2,0,7
0x5ff364,98.0392%,2,100,102,0,0,2,100
0x9f6d54,99.0826%,2,216,218,0,0,2,216
0x5fe827,96.4286%,2,54,56,0,0,2,54
0x8f4a53,99.9202%,2,2503,2505,0,0,2,2503
0x8e95f8,0%,2,0,2,0,0,2,0
0x9fcd41,71.4286%,2,5,7,5,2,0,0
0x9be6f3,91.6667%,2,22,24,22,2,0,0
0x5f4937,0%,2,0,2,0,2,0,0
0xa5ec87,60%,2,3,5,0,0,2,3
0x4b0d42,0%,2,0,2,0,2,0,0
0x8f38c5,98.2759%,2,114,116,114,2,0,0
0x4c4c4c,96%,2,48,50,0,0,2,48
0x9bd627,94.4444%,2,34,36,0,0,2,34
0x8137b1,96.7213%,2,59,61,59,0,2,0
0x8038d0,0%,2,0,2,0,2,0,0
0x5f489b,0%,2,0,2,0,2,0,0
0x9a3ab3,0%,2,0,2,0,0,2,0
0x9eaacd,0%,2,0,2,0,2,0,0
0x9ea49b,97.2222%,2,70,72,0,0,2,70
0x9fe177,92%,2,23,25,0,0,2,23
0x9fddf4,92%,2,23,25,0,0,2,23
0x40aba1,95.4545%,2,42,44,42,2,0,0
0x9fc89f,71.4286%,2,5,7,0,0,2,5
0x5fbc23,0%,2,0,2,0,2,0,0
0x807684,99.3007%,2,284,286,0,0,2,284
0x9ea9c4,89.4737%,2,17,19,0,2,0,17
0x99e245,84.6154%,2,11,13,11,2,0,0
0x9ebf2f,96.7213%,2,59,61,9,1,1,50
0xa49a4d,50%,2,2,4,2,2,0,0
0x502d65,98.9474%,2,188,190,188,2,0,0
0x9fcb09,92%,2,23,25,0,0,2,23
0x808e72,98.9848%,2,195,197,0,1,1,195
0x771479,90.4762%,2,19,21,0,0,2,19
0x9fcad8,92%,2,23,25,23,2,0,0
0xa44ddc,99.5381%,2,431,433,431,2,0,0
0xa4a674,93.9394%,2,31,33,0,0,2,31
0xa5775f,85.7143%,2,12,14,0,0,2,12
0xa57027,96.1538%,2,50,52,50,2,0,0
0x5f9dc7,91.3043%,2,21,23,0,2,0,21
0x5f9d3a,92.5926%,2,25,27,0,0,2,25
0x5f04ea,0%,2,0,2,0,0,2,0
0x49d118,0%,2,0,2,0,2,0,0
0x9fcd20,71.4286%,2,5,7,5,2,0,0
0x9ea6c1,98.9474%,2,188,190,188,2,0,0
0x4ca6ec,0%,2,0,2,0,0,2,0
0x9eaa7f,0%,2,0,2,0,0,2,0
0x5ff104,94.8718%,2,37,39,37,2,0,0
0x9c5115,75%,2,6,8,6,2,0,0
0x90f7f2,0%,2,0,2,0,2,0,0
0xb498db,83.3333%,2,10,12,0,0,2,10
0x5b1c66,95.7447%,2,45,47,45,2,0,0
0x9f7c96,77.7778%,2,7,9,7,2,0,0
0x9e2236,0%,2,0,2,0,2,0,0
0x9a0c75,92.8571%,2,26,28,0,0,2,26
0x5af3a1,96.7742%,2,60,62,60,2,0,0
0xa572ff,95.122%,2,39,41,0,0,2,39
0x9a0c19,92.8571%,2,26,28,0,0,2,26
0x48f3da,83.3333%,2,10,12,0,0,2,10
0x8f4c99,99.9188%,2,2462,2464,2462,2,0,0
0x610710,92%,2,23,25,0,0,2,23
0x4b29ca,0%,2,0,2,0,2,0,0
0x7bdb20,75%,2,6,8,0,0,2,6
0xa91c47,98.0198%,2,99,101,0,0,2,99
0x9ebcaf,96.8254%,2,61,63,0,0,2,61
0x7d3f20,33.3333%,2,1,3,1,2,0,0
0x8c8a76,97.619%,2,82,84,82,2,0,0
0x5bb3a5,0%,2,0,2,0,0,2,0
0x59e8ef,50%,2,2,4,2,2,0,0
0xa5730e,95.122%,2,39,41,39,2,0,0
0x64bede,99.8695%,2,1531,1533,0,0,2,1531
0xa9956e,81.8182%,2,9,11,9,2,0,0
0xa57381,95.122%,2,39,41,0,0,2,39
0xa4a5a6,75%,2,6,8,6,2,0,0
0x8aaa54,96.8254%,2,61,63,61,2,0,0
0x5bd7dd,99.865%,2,1480,1482,1480,2,0,0
0xb14866,99.7573%,2,822,824,0,0,2,822
0xaa2f81,99.6139%,2,516,518,516,2,0,0
0x9ebb0e,99.2248%,2,256,258,50,2,0,206
0x9f416e,93.9394%,2,31,33,31,2,0,0
0x8f5526,99.8826%,2,1701,1703,1701,2,0,0
0x9ebbdd,75%,2,6,8,0,1,1,6
0x48f503,33.3333%,2,1,3,1,2,0,0
0x9fb2bd,95.122%,2,39,41,0,0,2,39
0x965f8a,0%,2,0,2,0,0,2,0
0xa572a5,95.122%,2,39,41,0,0,2,39
0x9a1bd8,99.0148%,2,201,203,0,0,2,201
0x814d18,0%,2,0,2,0,1,1,0
0xaa5d74,99.061%,2,211,213,211,2,0,0
0xa572b7,95.122%,2,39,41,0,0,2,39
0x4b5718,0%,2,0,2,0,2,0,0
0xa572bc,95.122%,2,39,41,0,0,2,39
0x5bd545,99.8619%,2,1446,1448,0,0,2,1446
0x8f569a,83.3333%,2,10,12,0,0,2,10
0x64bb80,99.8568%,2,1395,1397,1395,2,0,0
0x8bb2b0,0%,2,0,2,0,2,0,0
0x64bb57,99.8563%,2,1390,1392,0,0,2,1390
0x837f0e,66.6667%,2,4,6,0,0,2,4
0xaa037b,98.3471%,2,119,121,0,0,2,119
0x966564,97.5904%,2,81,83,80,1,1,1
0xa08481,81.8182%,2,9,11,9,2,0,0
0x5fae8a,93.9394%,2,31,33,0,0,2,31
0x5fae78,93.9394%,2,31,33,0,0,2,31
0x4a7c03,96.0784%,2,49,51,0,0,2,49
0x5b2f79,99.0291%,2,204,206,204,2,0,0
0x8bb84c,98.6207%,2,143,145,0,0,2,143
0x65aecb,84.6154%,2,11,13,0,0,2,11
0x9bd168,96.3636%,2,53,55,0,0,2,53
0x48f78a,66.6667%,2,4,6,4,2,0,0
0x904898,98.9189%,2,183,185,183,2,0,0
0xa57bac,94.8718%,2,37,39,0,0,2,37
0x67a9a5,99.9275%,2,2755,2757,0,0,2,2755
0x9a31c6,99.0654%,2,212,214,212,2,0,0
0xa96ac6,77.7778%,2,7,9,0,1,1,7
0x4a9b2a,0%,2,0,2,0,0,2,0
0x7d2b52,84.6154%,2,11,13,11,2,0,0
0x5bcabb,99.7809%,2,911,913,0,0,2,911
0xa575dd,95.2381%,2,40,42,1,0,2,39
0x9e9ffc,0%,2,0,2,0,0,2,0
0x9e5e2f,88.2353%,2,15,17,15,2,0,0
0x540813,98.1132%,2,104,106,104,0,2,0
0x9be4c4,0%,2,0,2,0,2,0,0
0x48f087,93.9394%,2,31,33,0,0,2,31
0x60b028,96%,2,48,50,48,2,0,0
0x5b265c,95.5556%,2,43,45,43,1,1,0
0xa34ec7,98.2906%,2,115,117,0,0,2,115
0x5bc84c,0%,2,0,2,0,2,0,0
0xa3fce0,96.4286%,2,54,56,0,0,2,54
0x590ea4,91.3043%,2,21,23,0,0,2,21
0x9a1ca1,99.0148%,2,201,203,0,0,2,201
0x4c56b2,96.3636%,2,53,55,31,0,2,22
0xa5797f,95.3488%,2,41,43,0,0,2,41
0xaae24a,99.9458%,2,3686,3688,0,0,2,3686
0x5bd507,99.8619%,2,1446,1448,1446,2,0,0
0x5f55f3,96.4286%,2,54,56,54,2,0,0
0x814378,99.9518%,2,4145,4147,0,0,2,4145
0x402509,98.7805%,2,162,164,0,0,2,162
0x5b1853,97.3333%,2,73,75,0,0,2,73
0x7d419b,83.3333%,2,10,12,6,1,1,4
0xa64cec,50%,2,2,4,2,2,0,0
0x9aa560,86.6667%,2,13,15,13,2,0,0
0x494d42,98.75%,2,158,160,0,2,0,158
0x59c140,99.0654%,2,212,214,212,2,0,0
0x9812e0,84.6154%,2,11,13,11,2,0,0
0x98b5d8,98.7578%,2,159,161,159,2,0,0
0x81094e,87.5%,2,14,16,3,1,1,11
0x9988d7,66.6667%,2,4,6,3,0,2,1
0x58d9ba,98.6207%,2,143,145,143,2,0,0
0xa4c838,50%,2,2,4,2,2,0,0
0x9eb780,86.6667%,2,13,15,1,2,0,12
0x803e20,88.8889%,2,16,18,0,0,2,16
0xa4a21e,96.4286%,2,54,56,54,2,0,0
0x99dc3f,86.6667%,2,13,15,0,0,2,13
0x9f858b,77.7778%,2,7,9,0,0,2,7
0x58de2d,97.3333%,2,73,75,73,2,0,0
0x9eb815,98.1481%,2,106,108,0,0,2,106
0x98b540,98.8764%,2,176,178,176,2,0,0
0x97117d,60%,2,3,5,0,0,2,3
0x8bba44,84.6154%,2,11,13,0,0,2,11
0x9a9277,85.7143%,2,12,14,0,0,2,12
0x803b99,0%,2,0,2,0,2,0,0
0x59c636,66.6667%,2,4,6,0,0,2,4
0x8ece99,99.799%,2,993,995,993,2,0,0
0x99d9c4,94.5946%,2,35,37,0,0,2,35
0xa56ed6,99.2248%,2,256,258,256,2,0,0
0x5bd3bf,98.3193%,2,117,119,117,2,0,0
0x99adc2,95.7447%,2,45,47,45,2,0,0
0x7dfc60,75%,2,6,8,0,0,2,6
0x7d310f,99.4302%,2,349,351,0,0,2,349
0x9fe886,95%,2,38,40,0,0,2,38
0x5fba8f,97.1429%,2,68,70,23,2,0,45
0x63aa9c,99.7564%,2,819,821,819,2,0,0
0x8338ba,0%,2,0,2,0,0,2,0
0x81bd2b,99.3691%,2,315,317,315,2,0,0
0x8e9ce2,60%,2,3,5,0,0,2,3
0xa01cd9,0%,2,0,2,0,0,2,0
0x81e660,84.6154%,2,11,13,11,2,0,0
0x493066,98.8024%,2,165,167,165,2,0,0
0x5fb68c,97.4026%,2,75,77,0,2,0,75
0x9f50b3,96.1538%,2,50,52,24,2,0,26
0x64cc4d,99.6283%,2,536,538,536,2,0,0
0x59c8f0,71.4286%,2,5,7,4,0,2,1
0xaa7f6c,33.3333%,2,1,3,0,0,2,1
0x5f30e0,66.6667%,2,4,6,4,2,0,0
0x5f4234,71.4286%,2,5,7,5,2,0,0
0xaa7f90,33.3333%,2,1,3,0,0,2,1
0xa963c9,0%,2,0,2,0,2,0,0
0xa0177e,95%,2,38,40,0,0,2,38
0x4927b7,0%,2,0,2,0,2,0,0
0x58f3f9,96.1538%,2,50,52,0,0,2,50
0x5a94d7,60%,2,3,5,3,2,0,0
0x9a134d,93.3333%,2,28,30,28,2,0,0
0xa4a111,97.7011%,2,85,87,0,0,2,85
0xa99853,60%,2,3,5,3,2,0,0
0x8a23dd,0%,2,0,2,0,0,2,0
0x58f3d2,96.1538%,2,50,52,50,2,0,0
0x9fc541,85.7143%,2,12,14,12,2,0,0
0x4b2ccb,0%,2,0,2,0,2,0,0
0x51b1d7,0%,2,0,2,0,0,2,0
0x977209,0%,2,0,2,0,2,0,0
0xa56f4f,97.2222%,2,70,72,0,0,2,70
0x5ff0d2,0%,2,0,2,0,0,2,0
0x8a718f,99.877%,2,1624,1626,1624,2,0,0
0x9bde11,0%,2,0,2,0,0,2,0
0x99d84d,0%,2,0,2,0,0,2,0
0x8a9ecf,98.895%,2,179,181,179,2,0,0
0x8ecda6,99.799%,2,993,995,993,2,0,0
0x5a91c8,93.9394%,2,31,33,31,2,0,0
0x5bd6cf,99.3958%,2,329,331,0,0,2,329
0x9fb7ba,33.3333%,2,1,3,1,2,0,0
0xaada54,99.3056%,2,286,288,31,2,0,255
0xa53666,75%,2,6,8,0,2,0,6
0x54d925,87.5%,2,14,16,14,2,0,0
0xa01831,50%,2,2,4,1,1,1,1
0x546764,80%,2,8,10,0,0,2,8
0xa56fdd,97.561%,2,80,82,0,0,2,80
0x8f4284,99.9206%,2,2516,2518,0,0,2,2516
0x77d861,66.6667%,2,4,6,0,0,2,4
0xaab837,98.1308%,2,105,107,0,0,2,105
0x59f0f0,75%,2,6,8,2,2,0,4
0x48fabd,33.3333%,2,1,3,0,0,2,1
0x990abf,98.0392%,2,100,102,100,2,0,0
0x9bd5d2,91.6667%,2,22,24,11,1,1,11
0xa3139e,97.6471%,2,83,85,83,2,0,0
0x9a3a5d,84.6154%,2,11,13,10,1,1,1
0x99d38b,77.7778%,2,7,9,0,0,2,7
0x48d732,90%,2,18,20,0,0,2,18
0x8117d3,99.6183%,2,522,524,522,0,2,0
0xaad9c1,98.3333%,2,118,120,118,2,0,0
0x8bbb9d,94.5946%,2,35,37,0,0,2,35
0x7d1f44,96.0784%,2,49,51,49,2,0,0
0x65b2ca,85.7143%,2,12,14,0,0,2,12
0x9ec3dc,95%,2,38,40,36,1,1,2
0x9d024e,99.4286%,2,348,350,348,2,0,0
0x9c51ca,87.5%,2,14,16,6,2,0,8
0x9c5469,75%,2,6,8,2,2,0,4
0x5dadff,50%,2,2,4,0,0,2,2
0x49b174,0%,2,0,2,0,0,2,0
0xa574bc,97.8022%,2,89,91,0,0,2,89
0x6750c0,33.3333%,2,1,3,0,0,2,1
0x4c5d2d,90.4762%,2,19,21,19,2,0,0
0xa01cd1,71.4286%,2,5,7,5,0,2,0
0x5fbae9,97.4684%,2,77,79,77,0,2,0
0x8e9d02,60%,2,3,5,0,1,1,3
0x66684b,99.5935%,2,490,492,490,2,0,0
0x5e3802,33.3333%,2,1,3,1,2,0,0
0x9fe6eb,95%,2,38,40,0,0,2,38
0x4b7a03,81.8182%,2,9,11,9,2,0,0
0x973a05,95%,2,38,40,38,2,0,0
0x643a11,91.6667%,2,22,24,0,0,2,22
0x9113e6,98.6207%,2,143,145,143,2,0,0
0x4a95a8,80%,2,8,10,0,0,2,8
0x643a17,91.6667%,2,22,24,0,0,2,22
0x670496,77.7778%,2,7,9,0,0,2,7
0x9bdffc,97.0149%,2,65,67,65,2,0,0
0xa9004a,98.7805%,2,162,164,16,2,0,146
0xa34c98,97.3333%,2,73,75,0,0,2,73
0x5f408f,50%,2,2,4,0,0,2,2
0x4b56b4,98.0392%,2,100,102,0,0,2,100
0x9a14e5,99.0148%,2,201,203,201,2,0,0
0xa01b51,97.0588%,2,66,68,0,0,2,66
0x5e39e4,33.3333%,2,1,3,1,2,0,0
0x48fb23,33.3333%,2,1,3,1,2,0,0
0x5fb4b9,0%,2,0,2,0,2,0,0
0xa01a9b,0%,2,0,2,0,2,0,0
0xa01e7c,0%,2,0,2,0,0,2,0
0x8f3125,99.775%,2,887,889,0,0,2,887
0x4aaf21,81.8182%,2,9,11,9,1,1,0
0x8a6a33,33.3333%,2,1,3,0,2,0,1
0x9e3e85,98.7013%,2,152,154,0,0,2,152
0x5cbbb6,98.4733%,2,129,131,0,0,2,129
0x48f492,33.3333%,2,1,3,0,0,2,1
0x973897,98.4733%,2,129,131,129,2,0,0
0x9c3d7e,99.422%,2,344,346,344,2,0,0
0x58be96,83.3333%,2,10,12,10,2,0,0
0xa4e89d,0%,2,0,2,0,0,2,0
0xa5f953,99.5402%,2,433,435,433,2,0,0
0x507675,88.8889%,2,16,18,16,2,0,0
0x9c4e52,0%,2,0,2,0,1,1,0
0x8e7e94,97.4684%,2,77,79,0,0,2,77
0x4aaef6,81.8182%,2,9,11,9,2,0,0
0xa543db,89.4737%,2,17,19,0,0,2,17
0x9739ef,95%,2,38,40,0,0,2,38
0x5d1373,50%,2,2,4,2,2,0,0
0x818b14,99.9115%,2,2258,2260,0,0,2,2258
0x984694,97.8947%,2,93,95,0,0,2,93
0x9eca88,77.7778%,2,7,9,2,2,0,5
0xa66243,92.5926%,2,25,27,0,0,2,25
0xa66386,92.5926%,2,25,27,25,2,0,0
0x63ab35,99.7564%,2,819,821,819,2,0,0
0x40ea79,50%,2,2,4,0,0,2,2
0xa6633a,77.7778%,2,7,9,0,0,2,7
0x8212b0,0%,2,0,2,0,0,2,0
0x409ffa,87.5%,2,14,16,14,1,1,0
0x9c4e0a,71.4286%,2,5,7,0,0,2,5
0x58e044,0%,2,0,2,0,0,2,0
0x649d1d,0%,2,0,2,0,2,0,0
0x509c29,96%,2,48,50,47,0,2,1
0x507486,75%,2,6,8,0,0,2,6
0x9e39da,75%,2,6,8,6,2,0,0
0x60e398,80%,2,8,10,3,2,0,5
0x63b644,99.8469%,2,1304,1306,1304,2,0,0
0x88dfbd,66.6667%,2,4,6,0,0,2,4
0x976eaf,60%,2,3,5,0,2,0,3
0x98055a,98.0952%,2,103,105,8,0,2,95
0x487414,98.5507%,2,136,138,136,2,0,0
0x540f09,75%,2,6,8,6,2,0,0
0xa05a64,93.1034%,2,27,29,27,2,0,0
0x5af889,96.2264%,2,51,53,51,2,0,0
0x8fe36e,86.6667%,2,13,15,0,0,2,13
0x66676b,96.6102%,2,57,59,57,2,0,0
0x980ff2,75%,2,6,8,0,0,2,6
0x94acff,96.4286%,2,54,56,54,2,0,0
0x980edd,97.2973%,2,72,74,65,1,1,7
0x5f2e3e,0%,2,0,2,0,2,0,0
0x4ad328,90%,2,18,20,18,2,0,0
0x5b4a7b,0%,2,0,2,0,2,0,0
0x5b49c7,0%,2,0,2,0,0,2,0
0x95b05e,91.3043%,2,21,23,0,0,2,21
0x9eee72,92.3077%,2,24,26,24,2,0,0
0x640053,99.6923%,2,648,650,0,0,2,648
0x9810d8,97.2973%,2,72,74,72,2,0,0
0x9a9808,80%,2,8,10,8,2,0,0
0x858e1d,75%,2,6,8,0,0,2,6
0x9840c5,97.2973%,2,72,74,0,0,2,72
0x99d992,98.4252%,2,125,127,0,0,2,125
0x504bce,94.7368%,2,36,38,36,2,0,0
0x858e29,75%,2,6,8,0,0,2,6
0x973475,95%,2,38,40,32,1,1,6
0x858e70,75%,2,6,8,0,1,1,6
0x7b2fe4,94.7368%,2,36,38,1,1,1,35
0x9c504b,75%,2,6,8,4,0,2,2
0x8e2b43,96.1538%,2,50,52,50,2,0,0
0x9f6330,33.3333%,2,1,3,1,2,0,0
0x977f3a,95%,2,38,40,0,0,2,38
0x58ee48,0%,2,0,2,0,2,0,0
0x55723f,88.8889%,2,16,18,0,0,2,16
0xa60cd2,33.3333%,2,1,3,0,0,2,1
0x49ae37,0%,2,0,2,0,0,2,0
0x9732ca,95.2381%,2,40,42,0,0,2,40
0x8c90be,0%,2,0,2,0,0,2,0
0x9e4904,88.8889%,2,16,18,16,2,0,0
0x8f39e8,98.8506%,2,172,174,0,0,2,172
0x5b2b69,95.5556%,2,43,45,0,0,2,43
0x97bb3f,94.1176%,2,32,34,0,0,2,32
0x8dfd73,99.1736%,2,240,242,0,0,2,240
0xa5670d,75%,2,6,8,0,0,2,6
0x60e34b,99.5506%,2,443,445,0,0,2,443
0xa8e2ed,99.4398%,2,355,357,0,0,2,355
0x99d6b5,77.7778%,2,7,9,7,2,0,0
0x8aae23,60%,2,3,5,0,0,2,3
0xb499dc,33.3333%,2,1,3,0,0,2,1
0x9a9a77,99.6303%,2,539,541,0,0,2,539
0x481d2f,0%,2,0,2,0,2,0,0
0x9a7b9b,99.3174%,2,291,293,0,0,2,291
0x889fa5,90.9091%,2,20,22,0,0,2,20
0x9f4f0f,77.7778%,2,7,9,7,2,0,0
0x63fe68,99.7919%,2,959,961,959,2,0,0
0x4bd298,71.4286%,2,5,7,4,2,0,1
0x5058c0,97.9798%,2,97,99,0,1,1,97
0x8aad92,60%,2,3,5,0,0,2,3
0x81e7d2,99.9614%,2,5175,5177,0,0,2,5175
0x9a9b1c,98.3471%,2,119,121,0,0,2,119
0xab5b3e,0%,2,0,2,0,2,0,0
0xa5f6fd,75%,2,6,8,0,0,2,6
0xa528b9,0%,2,0,2,0,2,0,0
0x494427,0%,2,0,2,0,2,0,0
0xa316e9,0%,2,0,2,0,2,0,0
0x40a2ba,93.5484%,2,29,31,29,2,0,0
0x5fa7cd,97.1014%,2,67,69,0,0,2,67
0x67b325,99.9275%,2,2755,2757,0,0,2,2755
0xa8f9d8,97.6471%,2,83,85,0,0,2,83
0x5f4d5d,0%,2,0,2,0,2,0,0
0x7c86c1,50%,2,2,4,2,2,0,0
0x9f0426,99.0099%,2,200,202,0,0,2,200
0x481d27,77.7778%,2,7,9,6,1,1,1
0x9a2540,95%,2,38,40,0,0,2,38
0x8f0e11,95%,2,38,40,38,2,0,0
0x8d3fae,84.6154%,2,11,13,0,0,2,11
0x900c64,99.4012%,2,332,334,0,0,2,332
0xa37425,93.75%,2,30,32,30,2,0,0
0x60e060,98.7097%,2,153,155,153,2,0,0
0x900c31,99.4012%,2,332,334,0,0,2,332
0x94e0ea,71.4286%,2,5,7,0,0,2,5
0x5bc339,93.9394%,2,31,33,31,2,0,0
0x900ba4,99.4048%,2,334,336,0,0,2,334
0x5068f5,97.6744%,2,84,86,84,2,0,0
0x80b0b2,0%,2,0,2,0,2,0,0
0x66f347,0%,2,0,2,0,0,2,0
0x5f4728,0%,2,0,2,0,2,0,0
0x9f6853,99.3174%,2,291,293,291,2,0,0
0x44160e,81.8182%,2,9,11,0,0,2,9
0x50aa22,98.1982%,2,109,111,0,0,2,109
0x5fc801,0%,2,0,2,0,0,2,0
0xa328c4,95.4545%,2,42,44,42,1,1,0
0x481ca2,77.7778%,2,7,9,7,2,0,0
0x5f9520,77.7778%,2,7,9,0,0,2,7
0x63ff4b,99.7919%,2,959,961,959,2,0,0
0xa8e675,60%,2,3,5,3,1,1,0
0xb497cd,60%,2,3,5,0,0,2,3
0x60df9f,97.9592%,2,96,98,79,0,2,17
0x482313,77.7778%,2,7,9,7,2,0,0
0x4822b6,77.7778%,2,7,9,7,2,0,0
0xa660db,97.5904%,2,81,83,0,0,2,81
0x984372,75%,2,6,8,0,0,2,6
0x8dec9a,66.6667%,2,4,6,4,0,2,0
0x5a96db,60%,2,3,5,3,2,0,0
0x9fbb69,99.3464%,2,304,306,0,0,2,304
0x48781b,0%,2,0,2,0,0,2,0
0x49ca40,88.2353%,2,15,17,15,2,0,0
0x481c2b,77.7778%,2,7,9,0,0,2,7
0xa8a6df,97.5904%,2,81,83,0,0,2,81
0xa6617f,97.6744%,2,84,86,84,2,0,0
0x8db66e,99.2063%,2,250,252,250,2,0,0
0x67f530,98.7805%,2,162,164,162,2,0,0
0x682380,94.1176%,2,32,34,0,0,2,32
0x441ac3,81.8182%,2,9,11,9,2,0,0
0x639ad9,94.5946%,2,35,37,0,0,2,35
0x6cce8d,66.6667%,2,4,6,4,2,0,0
0x50d658,97.4684%,2,77,79,77,2,0,0
0x5b5e48,60%,2,3,5,0,0,2,3
0x901620,99.7693%,2,865,867,0,0,2,865
0x901652,99.7693%,2,865,867,865,2,0,0
0x54d101,88.2353%,2,15,17,15,2,0,0
0x9c5307,83.3333%,2,10,12,8,0,2,2
0x4419c6,81.8182%,2,9,11,0,0,2,9
0xa96281,50%,2,2,4,0,0,2,2
0x9c51fa,87.5%,2,14,16,6,2,0,8
0x8dfd83,99.1736%,2,240,242,240,2,0,0
0x50e4d7,88.8889%,2,16,18,0,0,2,16
0xa2fcae,99.1071%,2,222,224,0,0,2,222
0x9bc5c8,0%,2,0,2,0,0,2,0
0x9e218d,71.4286%,2,5,7,5,2,0,0
0x40a934,94.2857%,2,33,35,0,0,2,33
0x4a65d6,33.3333%,2,1,3,0,0,2,1
0x8e03b0,99.8246%,2,1138,1140,0,0,2,1138
0x40a868,91.6667%,2,22,24,0,2,0,22
0x80bd9d,86.6667%,2,13,15,0,0,2,13
0x6805c5,91.3043%,2,21,23,21,2,0,0
0x40a36d,75%,2,6,8,6,0,2,0
0xa97efb,85.7143%,2,12,14,0,0,2,12
0xa16076,91.6667%,2,22,24,10,2,0,12
0x53c79b,99.7611%,2,835,837,835,2,0,0
0x50900a,90%,2,18,20,0,1,1,18
0x822643,98.9247%,2,184,186,0,0,2,184
0x9d1c10,88.2353%,2,15,17,0,1,1,15
0xa58c60,93.1034%,2,27,29,0,0,2,27
0x8aac36,80%,2,8,10,8,2,0,0
0x54d171,88.2353%,2,15,17,15,2,0,0
0x508887,81.8182%,2,9,11,0,0,2,9
0x8e3868,95.8333%,2,46,48,0,0,2,46
0x5d8705,93.3333%,2,28,30,0,0,2,28
0x90aca2,99.0291%,2,204,206,204,2,0,0
0x9ee018,98.7879%,2,163,165,0,0,2,163
0x984f8e,83.3333%,2,10,12,3,1,1,7
0x8e8c31,0%,2,0,2,0,2,0,0
0xa0a5c4,75%,2,6,8,0,0,2,6
0x88a0bb,90.9091%,2,20,22,20,2,0,0
0x5ee1e3,98.8701%,2,175,177,175,2,0,0
0x7ad43c,89.4737%,2,17,19,0,0,2,17
0x50c696,80%,2,8,10,0,0,2,8
0x88a016,90.9091%,2,20,22,5,0,2,15
0x4bbd45,96.4286%,2,54,56,54,2,0,0
0x50b1b8,50%,2,2,4,0,0,2,2
0x555747,50%,2,2,4,2,2,0,0
0x696555,99.4962%,2,395,397,0,0,2,395
0x9fbbad,99.0698%,2,213,215,213,2,0,0
0x9c4eaf,33.3333%,2,1,3,0,0,2,1
0x99ef66,0%,2,0,2,0,0,2,0
0x7e81c9,0%,2,0,2,0,2,0,0
0x9c520c,75%,2,6,8,0,0,2,6
0x9c3b31,77.7778%,2,7,9,0,1,1,7
0x5b5e2c,60%,2,3,5,3,2,0,0
0x99ef6f,0%,2,0,2,0,0,2,0
0x9c3b4b,75%,2,6,8,0,0,2,6
0x7b0ab4,90.9091%,2,20,22,0,0,2,20
0x9c5337,50%,2,2,4,2,2,0,0
0x9089cb,99.7919%,2,959,961,959,2,0,0
0x99f2f6,98.4496%,2,127,129,0,2,0,127
0x5d8816,93.3333%,2,28,30,28,2,0,0
0xa0a592,0%,2,0,2,0,0,2,0
0xacda59,0%,2,0,2,0,0,2,0
0xa042f2,0%,2,0,2,0,2,0,0
0xa0a5b0,0%,2,0,2,0,0,2,0
0x81befb,93.75%,2,30,32,0,0,2,30
0x5feb9d,77.7778%,2,7,9,0,0,2,7
0x70c1e0,66.6667%,2,4,6,4,2,0,0
0x5afdd9,92%,2,23,25,23,2,0,0
0x9813f2,97.3333%,2,73,75,73,0,2,0
0x8dc38e,50%,2,2,4,0,0,2,2
0xad6c65,0%,2,0,2,0,0,2,0
0x5357e5,92%,2,23,25,2,2,0,21
0x40ad55,50%,2,2,4,2,2,0,0
0x70c19c,66.6667%,2,4,6,0,0,2,4
0x5ae602,92%,2,23,25,20,1,1,3
0x544a3c,77.7778%,2,7,9,0,0,2,7
0x50ca7a,90%,2,18,20,0,0,2,18
0x70c21c,66.6667%,2,4,6,0,0,2,4
0x70c22d,66.6667%,2,4,6,4,2,0,0
0x649316,66.6667%,2,4,6,4,2,0,0
0xb2e771,99.8386%,2,1237,1239,0,0,2,1237
0x4b9472,0%,2,0,2,0,0,2,0
0x8a7e32,0%,2,0,2,0,2,0,0
0x499977,87.5%,2,14,16,14,2,0,0
0x49be63,50%,2,2,4,1,1,1,1
0x63d539,99.7429%,2,776,778,776,2,0,0
0x63e532,99.7912%,2,956,958,0,0,2,956
0x9784a0,99.5643%,2,457,459,0,0,2,457
0x59f1c5,50%,2,2,4,0,2,0,2
0x490dbd,66.6667%,2,4,6,4,2,0,0
0x5f75e4,99.6965%,2,657,659,657,0,2,0
0x5bbf7f,0%,2,0,2,0,0,2,0
0x9ef382,96.6667%,2,58,60,0,0,2,58
0x61f3f5,90%,2,18,20,18,2,0,0
0x9033f8,96.7213%,2,59,61,59,2,0,0
0x487119,0%,2,0,2,0,2,0,0
0x5be5bc,98.8235%,2,168,170,0,0,2,168
0x4b575a,98.0392%,2,100,102,100,2,0,0
0x5920ba,50%,2,2,4,0,0,2,2
0xa4ba6e,98.9691%,2,192,194,0,0,2,192
0x7d1886,99.4012%,2,332,334,332,2,0,0
0x49bd32,66.6667%,2,4,6,0,0,2,4
0x63ccea,99%,2,198,200,198,2,0,0
0x9f791e,99.6875%,2,638,640,638,2,0,0
0x65c320,96.9231%,2,63,65,0,2,0,63
0x544e07,99.1071%,2,222,224,0,0,2,222
0x9fccf4,71.4286%,2,5,7,5,2,0,0
0x60bb86,88.8889%,2,16,18,13,0,2,3
0x8a240a,0%,2,0,2,0,2,0,0
0x54d500,71.4286%,2,5,7,0,0,2,5
0x9c42c0,96.7742%,2,60,62,0,0,2,60
0x9fccb0,71.4286%,2,5,7,0,0,2,5
0x9d1291,87.5%,2,14,16,14,2,0,0
0x505b31,81.8182%,2,9,11,9,2,0,0
0x9bc88b,0%,2,0,2,0,2,0,0
0x63d177,99%,2,198,200,198,2,0,0
0x54d29d,71.4286%,2,5,7,5,2,0,0
0x48fa12,80%,2,8,10,0,0,2,8
0x5b5eba,50%,2,2,4,2,2,0,0
0xa9ca3a,80%,2,8,10,0,0,2,8
0x4ab178,66.6667%,2,4,6,4,2,0,0
0x54d0a4,33.3333%,2,1,3,0,0,2,1
0x5b2912,75%,2,6,8,1,1,1,5
0x6f1710,83.3333%,2,10,12,0,0,2,10
0x9027d0,83.3333%,2,10,12,0,0,2,10
0x8aab30,89.4737%,2,17,19,0,0,2,17
0x7b011c,80%,2,8,10,4,0,2,4
0xa36856,99.5413%,2,434,436,0,0,2,434
0x833d47,98.2759%,2,114,116,114,0,2,0
0xa90606,96.4912%,2,55,57,0,0,2,55
0x4a5d5a,93.3333%,2,28,30,28,2,0,0
0x63ad14,99.4792%,2,382,384,382,2,0,0
0x9fdbd9,88.8889%,2,16,18,16,2,0,0
0x63ad2d,99.4792%,2,382,384,382,2,0,0
0x4a575d,96.3636%,2,53,55,0,0,2,53
0xa0735e,77.7778%,2,7,9,0,0,2,7
0x5046a7,88.8889%,2,16,18,16,2,0,0
0x983f00,96.875%,2,62,64,0,0,2,62
0x50319b,0%,2,0,2,0,2,0,0
0xa9cd58,75%,2,6,8,0,0,2,6
0x9d25cf,0%,2,0,2,0,0,2,0
0x78bfef,0%,2,0,2,0,0,2,0
0x5bef55,0%,2,0,2,0,0,2,0
0x59047c,99.75%,2,798,800,0,0,2,798
0x9ebaea,99.4792%,2,382,384,0,0,2,382
0x8d23d0,99.5536%,2,446,448,0,0,2,446
0x6497a0,0%,2,0,2,0,0,2,0
0x7d4043,33.3333%,2,1,3,0,0,2,1
0x8e514a,99.7884%,2,943,945,943,2,0,0
0x546a48,98.6301%,2,144,146,0,0,2,144
0xa04f76,96.7742%,2,60,62,0,0,2,60
0x486e17,0%,2,0,2,0,2,0,0
0x5936ee,84.6154%,2,11,13,1,1,1,10
0x486e9a,0%,2,0,2,0,0,2,0
0x486d1e,97.8495%,2,91,93,0,0,2,91
0xa48694,50%,2,2,4,2,2,0,0
0x9d318a,33.3333%,2,1,3,0,0,2,1
0xa90452,98.2456%,2,112,114,0,0,2,112
0x8f3a71,98.8506%,2,172,174,0,0,2,172
0x9751ab,60%,2,3,5,0,0,2,3
0x4b940e,83.3333%,2,10,12,10,0,2,0
0x4aaee6,81.8182%,2,9,11,0,0,2,9
0x973c8b,98.0583%,2,101,103,0,0,2,101
0x6831f5,94.5946%,2,35,37,0,0,2,35
0xa21110,50%,2,2,4,2,2,0,0
0xa022bb,99.8253%,2,1143,1145,0,0,2,1143
0x9d3198,33.3333%,2,1,3,0,0,2,1
0xa28a05,87.5%,2,14,16,14,2,0,0
0xa094fb,83.3333%,2,10,12,0,0,2,10
0xa09504,83.3333%,2,10,12,0,0,2,10
0x4bd224,0%,2,0,2,0,0,2,0
0x8e4bb1,99.9427%,2,3487,3489,0,0,2,3487
0xa09534,87.5%,2,14,16,7,1,1,7
0xa58934,96.2963%,2,52,54,0,0,2,52
0xa21242,83.3333%,2,10,12,4,0,2,6
0x7c9e1a,50%,2,2,4,0,0,2,2
0x6068fd,98.2609%,2,113,115,100,1,1,13
0x97ab2a,88.8889%,2,16,18,2,2,0,14
0x48ed7a,92%,2,23,25,23,2,0,0
0x951868,99.4135%,2,339,341,0,0,2,339
0x9d1c81,0%,2,0,2,0,2,0,0
0xa29219,87.5%,2,14,16,0,0,2,14
0x9782cf,89.4737%,2,17,19,17,2,0,0
0x540748,0%,2,0,2,0,2,0,0
0x50e519,97.8022%,2,89,91,0,0,2,89
0xa02a77,83.3333%,2,10,12,0,0,2,10
0x40a674,50%,2,2,4,2,2,0,0
0x59f920,0%,2,0,2,0,0,2,0
0x48e080,98.5714%,2,138,140,23,2,0,115
0x90fac5,0%,2,0,2,0,2,0,0
0x50fe47,0%,2,0,2,0,0,2,0
0x90fed4,99.4521%,2,363,365,363,2,0,0
0x48733d,0%,2,0,2,0,2,0,0
0x9a3a80,0%,2,0,2,0,0,2,0
0x8da3af,99.5859%,2,481,483,0,0,2,481
0x9e0937,85.7143%,2,12,14,4,2,0,8
0x486d91,97.8495%,2,91,93,91,2,0,0
0x9cfcc7,94.4444%,2,34,36,34,2,0,0
0x9cfd5b,94.4444%,2,34,36,0,0,2,34
0x9d03df,96.2963%,2,52,54,36,0,2,16
0x555bfa,94.7368%,2,36,38,36,2,0,0
0x9aaf06,95.5556%,2,43,45,43,2,0,0
0x808858,99.3884%,2,325,327,0,0,2,325
0x8df5a6,95.2381%,2,40,42,40,2,0,0
0x8eefb3,99.7783%,2,900,902,0,0,2,900
0x48f7f9,88.8889%,2,16,18,16,2,0,0
0x8a72fa,99.8696%,2,1532,1534,0,0,2,1532
0x50e3e9,95.9184%,2,47,49,47,2,0,0
0x487061,98.5507%,2,136,138,136,2,0,0
0x48ecab,86.6667%,2,13,15,13,2,0,0
0x9093e1,99.9461%,2,3710,3712,3710,2,0,0
0x506fc3,99.7297%,2,738,740,0,0,2,738
0x508019,99.6212%,2,526,528,0,0,2,526
0x8bdc06,60%,2,3,5,3,2,0,0
0x50801e,99.6212%,2,526,528,526,2,0,0
0x5f0ca4,94.1176%,2,32,34,0,0,2,32
0x8fd9e5,60%,2,3,5,0,0,2,3
0x481b6c,89.4737%,2,17,19,17,2,0,0
0xa25d68,97.4359%,2,76,78,76,2,0,0
0xa54094,90.9091%,2,20,22,20,2,0,0
0x9fde9a,92%,2,23,25,23,2,0,0
0x9a322d,96.4286%,2,54,56,0,0,2,54
0x643a81,99.7372%,2,759,761,0,0,2,759
0x506202,99.6909%,2,645,647,0,0,2,645
0x83783f,60%,2,3,5,3,2,0,0
0x8164b5,96.2963%,2,52,54,51,1,1,1
0x9fe664,95%,2,38,40,38,2,0,0
0x838b1a,66.6667%,2,4,6,0,0,2,4
0x6664a4,93.3333%,2,28,30,0,0,2,28
0x815efd,77.7778%,2,7,9,7,0,2,0
0x502750,99.7308%,2,741,743,741,2,0,0
0x908673,99.8759%,2,1609,1611,0,0,2,1609
0x9c3a6f,99.187%,2,244,246,0,0,2,244
0x90271b,99.8126%,2,1065,1067,0,0,2,1065
0x49eee0,97.1429%,2,68,70,68,2,0,0
0x9feaeb,71.4286%,2,5,7,5,2,0,0
0x981366,96.7742%,2,60,62,0,0,2,60
0x9fc7ee,99.0909%,2,218,220,0,0,2,218
0x66fc88,89.4737%,2,17,19,0,0,2,17
0x98c94a,98.1651%,2,107,109,0,0,2,107
0x5f0dd5,60%,2,3,5,3,2,0,0
0x63ecee,99.7264%,2,729,731,729,2,0,0
0x507ec5,99.7297%,2,738,740,0,0,2,738
0x507e9e,99.5434%,2,436,438,0,0,2,436
0x5ef8ea,88.2353%,2,15,17,0,0,2,15
0x803d40,0%,2,0,2,0,0,2,0
0x508beb,99.7297%,2,738,740,0,0,2,738
0x8080dc,0%,2,0,2,0,0,2,0
0x8ebd4f,0%,2,0,2,0,2,0,0
0x50d0a6,97.561%,2,80,82,80,2,0,0
0x90ba29,99.651%,2,571,573,0,0,2,571
0x8dedee,84.6154%,2,11,13,0,1,1,11
0xa6486c,0%,2,0,2,0,2,0,0
0x944999,97.1429%,2,68,70,0,0,2,68
0xa5405c,90.9091%,2,20,22,20,2,0,0
0x64bf93,98.8304%,2,169,171,0,0,2,169
0x4a9767,96.6667%,2,58,60,58,2,0,0
0xa1a290,77.7778%,2,7,9,0,0,2,7
0x405ec3,98.8764%,2,176,178,0,0,2,176
0x99ce94,77.7778%,2,7,9,7,2,0,0
0x8c7f24,99.7879%,2,941,943,940,1,1,1
0x58c86c,99.3865%,2,324,326,324,2,0,0
0x9e6063,88.8889%,2,16,18,16,2,0,0
0x90cafb,98.3193%,2,117,119,0,0,2,117
0x403e2e,83.3333%,2,10,12,0,0,2,10
0x40a4c9,0%,2,0,2,0,2,0,0
0x8da9c7,99.0099%,2,200,202,0,2,0,200
0x7dff59,75%,2,6,8,0,0,2,6
0x50cda3,99.3769%,2,319,321,0,0,2,319
0x781070,71.4286%,2,5,7,5,2,0,0
0x8161a1,77.7778%,2,7,9,6,1,1,1
0x8161b5,0%,2,0,2,0,0,2,0
0xa02743,92.5926%,2,25,27,0,0,2,25
0x62780b,95.6522%,2,44,46,0,0,2,44
0x50cf11,99.1416%,2,231,233,0,0,2,231
0x9a272b,91.3043%,2,21,23,3,0,2,18
0x5ffcc4,98.4375%,2,126,128,0,0,2,126
0x50a7a4,96.0784%,2,49,51,0,0,2,49
0x50a844,98.0198%,2,99,101,0,1,1,99
0x58fe6c,99.2126%,2,252,254,252,2,0,0
0x50aa8a,96.9231%,2,63,65,63,2,0,0
0x677be3,93.3333%,2,28,30,28,2,0,0
0x50ad09,98.1982%,2,109,111,0,0,2,109
0x9e155a,0%,2,0,2,0,2,0,0
0x50a56e,85.7143%,2,12,14,12,2,0,0
0x495995,89.4737%,2,17,19,0,0,2,17
0x8ad796,0%,2,0,2,0,0,2,0
0x8e0ac6,99.5506%,2,443,445,443,2,0,0
0x8ad7a0,0%,2,0,2,0,0,2,0
0xa1d47a,77.7778%,2,7,9,0,0,2,7
0x9a8fd4,85.7143%,2,12,14,0,0,2,12
0x9a8edc,85.7143%,2,12,14,0,0,2,12
0x63f25f,0%,2,0,2,0,2,0,0
0x494af8,0%,2,0,2,0,2,0,0
0x8ad769,0%,2,0,2,0,0,2,0
0x9ff5f5,91.6667%,2,22,24,0,2,0,22
0x6498c0,0%,2,0,2,0,2,0,0
0x8bb690,84.6154%,2,11,13,11,2,0,0
0x667590,0%,2,0,2,0,2,0,0
0x8d27e5,33.3333%,2,1,3,0,1,1,1
0x667587,0%,2,0,2,0,0,2,0
0x9988cb,66.6667%,2,4,6,2,0,2,2
0x5a5ebd,50%,2,2,4,0,0,2,2
0x50e9e9,85.7143%,2,12,14,0,0,2,12
0x918a7e,0%,2,0,2,0,0,2,0
0x64a6ae,0%,2,0,2,0,0,2,0
0x9e2fd6,99.2395%,2,261,263,0,0,2,261
0x5f0d2f,99.2933%,2,281,283,0,0,2,281
0xa925a7,80%,2,8,10,0,0,2,8
0x492eba,97.2222%,2,70,72,0,0,2,70
0xa1aac1,60%,2,3,5,3,2,0,0
0x951dfa,81.8182%,2,9,11,9,2,0,0
0x4949fc,0%,2,0,2,0,2,0,0
0x64af1d,96.875%,2,62,64,0,0,2,62
0x486f9c,0%,2,0,2,0,0,2,0
0xa0794b,60%,2,3,5,3,2,0,0
0x90f803,0%,2,0,2,0,2,0,0
0x5f4c0e,0%,2,0,2,0,1,1,0
0x9e54f6,98.8166%,2,167,169,167,2,0,0
0x63f38c,99.855%,2,1377,1379,0,0,2,1377
0x8ad95e,0%,2,0,2,0,2,0,0
0x48f80b,88.8889%,2,16,18,0,0,2,16
0x494834,0%,2,0,2,0,0,2,0
0x8e72fb,99.3958%,2,329,331,0,0,2,329
0xa8e4bd,66.6667%,2,4,6,2,0,2,2
0x5f510e,0%,2,0,2,0,1,1,0
0x8f18e9,98.9583%,2,190,192,0,0,2,190
0xa9f37a,33.3333%,2,1,3,1,2,0,0
0x48283a,0%,2,0,2,0,2,0,0
0xa8e4d6,0%,2,0,2,0,0,2,0
0x4bb7f8,89.4737%,2,17,19,0,2,0,17
0xa080d6,50%,2,2,4,2,2,0,0
0xa3444a,95.9184%,2,47,49,0,0,2,47
0xa21b4e,0%,2,0,2,0,0,2,0
0x9e7434,99.5526%,2,445,447,0,0,2,445
0x5f5013,0%,2,0,2,0,2,0,0
0x90bcd7,98.8636%,2,174,176,174,2,0,0
0x48aea2,85.7143%,2,12,14,12,2,0,0
0x838f61,92.8571%,2,26,28,26,2,0,0
0x50aeff,66.6667%,2,4,6,3,1,1,1
0x8dc568,50%,2,2,4,0,0,2,2
0x9988f2,0%,2,0,2,0,2,0,0
0x63f0e2,0%,2,0,2,0,2,0,0
0x8fefb6,99.4334%,2,351,353,0,0,2,351
0x999f49,60%,2,3,5,2,2,0,1
0x6674f8,0%,2,0,2,0,2,0,0
0x4949d9,0%,2,0,2,0,2,0,0
0x99a01e,50%,2,2,4,2,2,0,0
0x8e3f30,50%,2,2,4,2,2,0,0
0x558de5,90.9091%,2,20,22,0,0,2,20
0x8f09b7,98.2906%,2,115,117,0,0,2,115
0x494983,97.6744%,2,84,86,84,0,2,0
0x608cd6,99%,2,198,200,198,2,0,0
0x7cd9b1,75%,2,6,8,0,0,2,6
0x59f196,50%,2,2,4,0,0,2,2
0x48b17b,95.3488%,2,41,43,0,0,2,41
0x8adbf4,0%,2,0,2,0,0,2,0
0xa1b15f,96.2264%,2,51,53,48,0,2,3
0x499472,92.8571%,2,26,28,26,2,0,0
0x9a22f8,86.6667%,2,13,15,0,0,2,13
0x7c7a2a,91.6667%,2,22,24,22,2,0,0
0x8aeb4b,71.4286%,2,5,7,0,0,2,5
0x5f6cad,86.6667%,2,13,15,13,2,0,0
0x63f44c,99%,2,198,200,0,0,2,198
0x7e8154,0%,2,0,2,0,0,2,0
0xa9815b,33.3333%,2,1,3,0,0,2,1
0x4ab21e,60%,2,3,5,0,0,2,3
0x8050fa,99.3939%,2,328,330,328,2,0,0
0x9c4d50,66.6667%,2,4,6,0,1,1,4
0x5f0596,60%,2,3,5,3,0,2,0
0x4aca2b,71.4286%,2,5,7,5,0,2,0
0x5f0578,92.5926%,2,25,27,0,0,2,25
0x5f1171,0%,2,0,2,0,0,2,0
0x9f831b,81.8182%,2,9,11,0,0,2,9
0x9a8220,85.7143%,2,12,14,12,2,0,0
0xa4c5bc,50%,2,2,4,0,0,2,2
0x5415ef,60%,2,3,5,0,0,2,3
0x503dd7,96.1538%,2,50,52,50,2,0,0
0x648f8b,0%,2,0,2,0,2,0,0
0xa95428,50%,2,2,4,0,0,2,2
0x908335,99.9069%,2,2146,2148,2146,2,0,0
0x48df03,95.122%,2,39,41,0,0,2,39
0x9fe6d6,95%,2,38,40,38,2,0,0
0x511ba8,99.4792%,2,382,384,382,2,0,0
0x7dff1e,77.7778%,2,7,9,0,1,1,7
0x50aef6,66.6667%,2,4,6,0,0,2,4
0x8aea29,99.0783%,2,215,217,0,0,2,215
0x81d383,98.8636%,2,174,176,174,2,0,0
0x48e982,0%,2,0,2,0,2,0,0
0x5f1cc1,71.4286%,2,5,7,5,2,0,0
0x4c70e1,88.8889%,2,16,18,0,0,2,16
0xa1afcf,90.4762%,2,19,21,9,1,1,10
0x50eba7,94.7368%,2,36,38,36,2,0,0
0x9519c8,98.6842%,2,150,152,14,2,0,136
0xa21cae,0%,2,0,2,0,2,0,0
0x7aedd4,81.8182%,2,9,11,0,0,2,9
0x9a9723,90%,2,18,20,10,0,2,8
0x9f5ab2,97.5%,2,78,80,0,0,2,78
0x82214e,99.3464%,2,304,306,304,2,0,0
0xa5561c,99.5086%,2,405,407,0,0,2,405
0xa04c44,94.7368%,2,36,38,36,2,0,0
0xa09747,66.6667%,2,4,6,1,0,2,3
0x78ad5f,90.4762%,2,19,21,0,0,2,19
0x917608,99%,2,198,200,0,0,2,198
0x4a0463,87.5%,2,14,16,14,2,0,0
0xa09782,0%,2,0,2,0,2,0,0
0xa9687d,99.115%,2,224,226,0,0,2,224
0x5f0cb6,94.1176%,2,32,34,0,0,2,32
0xa27548,99.0741%,2,214,216,0,0,2,214
0x9519f5,98.5294%,2,134,136,134,2,0,0
0x7dfc2f,75%,2,6,8,0,0,2,6
0xa1b51e,60%,2,3,5,0,0,2,3
0x65150a,81.8182%,2,9,11,9,2,0,0
0x8dee72,84.6154%,2,11,13,0,2,0,11
0x9a763b,85.7143%,2,12,14,0,0,2,12
0x5905d5,88.8889%,2,16,18,0,0,2,16
0x8ee1a9,98.9474%,2,188,190,188,2,0,0
0x8dee12,99.9022%,2,2043,2045,0,0,2,2043
0x9eb259,0%,2,0,2,0,2,0,0
0x7e0553,77.7778%,2,7,9,0,0,2,7
0x5b9ede,75%,2,6,8,5,1,1,1
0xa91ada,99.449%,2,361,363,0,0,2,361
0x90abcb,99.7677%,2,859,861,0,0,2,859
0x5f0ac4,33.3333%,2,1,3,1,1,1,0
0xa550eb,75%,2,6,8,6,2,0,0
0x8f6a17,99.7275%,2,732,734,0,0,2,732
0x7acd8a,0%,2,0,2,0,2,0,0
0xa1b4be,60%,2,3,5,3,2,0,0
0x50e40c,50%,2,2,4,2,0,2,0
0x48737d,0%,2,0,2,0,0,2,0
0x8bf18c,0%,2,0,2,0,0,2,0
0x9e3e9e,98.7013%,2,152,154,0,0,2,152
0x5badac,0%,2,0,2,0,0,2,0
0x7cf679,75%,2,6,8,0,0,2,6
0x5bae00,0%,2,0,2,0,0,2,0
0x5bae3f,0%,2,0,2,0,2,0,0
0x8de1b6,99.917%,2,2407,2409,0,0,2,2407
0x8e7e2e,99.3958%,2,329,331,0,0,2,329
0x5f7fd5,71.4286%,2,5,7,0,0,2,5
0x5f7afe,71.4286%,2,5,7,0,0,2,5
0x8ff5ad,91.3043%,2,21,23,12,2,0,9
0x5f9691,75%,2,6,8,4,2,0,2
0x789167,80%,2,8,10,0,0,2,8
0x5b1941,85.7143%,2,12,14,12,1,1,0
0x63f00f,0%,2,0,2,0,2,0,0
0x51b5fc,60%,2,3,5,3,2,0,0
0x810450,99.639%,2,552,554,0,0,2,552
0xa05b9e,93.1034%,2,27,29,23,1,1,4
0x63f04f,0%,2,0,2,0,2,0,0
0x94ce82,95.7447%,2,45,47,45,2,0,0
0x49b053,0%,2,0,2,0,0,2,0
0x94b568,97.4684%,2,77,79,77,2,0,0
0x970fed,0%,2,0,2,0,2,0,0
0x94377a,97.3333%,2,73,75,0,0,2,73
0x80beb7,71.4286%,2,5,7,0,2,0,5
0x90fb0b,0%,2,0,2,0,2,0,0
0x7d3417,75%,2,6,8,6,2,0,0
0x5bb1e2,33.3333%,2,1,3,1,2,0,0
0x99ed56,84.6154%,2,11,13,11,2,0,0
0x40f6b1,99.2647%,2,270,272,3,1,1,267
0x8f1884,98.9583%,2,190,192,0,0,2,190
0x63f80f,0%,2,0,2,0,0,2,0
0x9e5b98,94.8718%,2,37,39,34,1,1,3
0x5509da,60%,2,3,5,3,1,1,0
0x63f86e,99.9419%,2,3443,3445,3443,2,0,0
0x63f8f5,0%,2,0,2,0,2,0,0
0x5d88d7,93.3333%,2,28,30,28,2,0,0
0xaaa705,71.4286%,2,5,7,5,2,0,0
0x806769,80%,2,8,10,4,1,1,4
0xa34d8d,99.2453%,2,263,265,0,0,2,263
0x9f0295,97.8723%,2,92,94,92,2,0,0
0x99eb04,86.6667%,2,13,15,0,2,0,13
0x666f21,50%,2,2,4,0,0,2,2
0xa96a0b,60%,2,3,5,0,0,2,3
0x5f9218,77.7778%,2,7,9,1,1,1,6
0x5f1cf9,71.4286%,2,5,7,0,0,2,5
0x9f07c0,50%,2,2,4,0,2,0,2
0xa48178,99.1597%,2,236,238,236,2,0,0
0x9f07d2,0%,2,0,2,0,2,0,0
0x9f07d7,0%,2,0,2,0,0,2,0
0x80541e,81.8182%,2,9,11,9,0,2,0
0x9b9068,77.7778%,2,7,9,7,2,0,0
0x9fca56,92%,2,23,25,23,2,0,0
0x5b40ac,93.5484%,2,29,31,29,2,0,0
0x9ee17f,66.6667%,2,4,6,0,0,2,4
0x9f4726,99.6633%,2,592,594,0,0,2,592
0x40b427,0%,2,0,2,0,0,2,0
0x5f91b7,77.7778%,2,7,9,3,2,0,4
0x4c4bcc,98.0583%,2,101,103,38,2,0,63
0x40b08e,0%,2,0,2,0,2,0,0
0x9f01d4,98.2456%,2,112,114,112,2,0,0
0x8dd2db,99.913%,2,2297,2299,0,0,2,2297
0xa21e44,0%,2,0,2,0,0,2,0
0x4a8717,0%,2,0,2,0,0,2,0
0x9e6e1b,66.6667%,2,4,6,4,2,0,0
0xa55d63,50%,2,2,4,0,0,2,2
0x99e7af,84.6154%,2,11,13,0,0,2,11
0x5fee6d,96.2264%,2,51,53,0,0,2,51
0x99eb73,84.6154%,2,11,13,11,2,0,0
0x4c72f9,88.8889%,2,16,18,16,2,0,0
0x5f55e9,50%,2,2,4,2,2,0,0
0x666d19,66.6667%,2,4,6,0,2,0,4
0x6cdce9,66.6667%,2,4,6,4,2,0,0
0xa955b8,50%,2,2,4,0,0,2,2
0xa2f8d8,98.7952%,2,164,166,164,2,0,0
0x543aaf,99.852%,2,1349,1351,0,0,2,1349
0xa04216,0%,2,0,2,0,0,2,0
0x9e7a2b,98.5816%,2,139,141,0,0,2,139
0xa95926,50%,2,2,4,2,2,0,0
0x49df0a,85.7143%,2,12,14,12,2,0,0
0x5cd473,97.0149%,2,65,67,65,2,0,0
0xa95b45,0%,2,0,2,0,2,0,0
0x63baca,99.8469%,2,1304,1306,1304,2,0,0
0x4801aa,89.4737%,2,17,19,0,0,2,17
0x9e7fbe,98.4615%,2,128,130,7,0,2,121
0x40955a,75%,2,6,8,0,0,2,6
0x480089,89.4737%,2,17,19,17,2,0,0
0xaa3ae5,89.4737%,2,17,19,0,0,2,17
0x8c8ea3,66.6667%,2,4,6,4,2,0,0
0x7b823d,85.7143%,2,12,14,12,2,0,0
0xa4967e,84.6154%,2,11,13,11,2,0,0
0x480ed7,89.4737%,2,17,19,0,0,2,17
0x53584d,60%,2,3,5,0,0,2,3
0x5f3944,71.4286%,2,5,7,0,0,2,5
0xa0295c,99.2095%,2,251,253,0,0,2,251
0x8bd71a,90%,2,18,20,0,0,2,18
0x5c332d,99.1266%,2,227,229,227,2,0,0
0xa3bd48,87.5%,2,14,16,6,2,0,8
0xa94600,0%,2,0,2,0,0,2,0
0x9e7882,99.3174%,2,291,293,0,0,2,291
0x47fcef,89.4737%,2,17,19,17,2,0,0
0x8e373c,99.8988%,2,1975,1977,1975,2,0,0
0x97b8df,95.122%,2,39,41,39,2,0,0
0x8dca29,98.1818%,2,108,110,0,0,2,108
0x48099d,89.4737%,2,17,19,0,0,2,17
0xa95436,50%,2,2,4,0,0,2,2
0xa954a0,50%,2,2,4,2,2,0,0
0x99eb5f,84.6154%,2,11,13,0,0,2,11
0x9e5b2d,97.7273%,2,86,88,0,0,2,86
0xa9ca31,80%,2,8,10,0,0,2,8
0x494383,97.1429%,2,68,70,0,0,2,68
0x540f3a,75%,2,6,8,0,0,2,6
0x619bf9,90%,2,18,20,5,1,1,13
0x5c37ee,50%,2,2,4,2,2,0,0
0xa5b4bb,83.3333%,2,10,12,0,0,2,10
0x9f6c6f,84.6154%,2,11,13,1,2,0,10
0x5f9659,75%,2,6,8,0,0,2,6
0xa91604,50%,2,2,4,0,0,2,2
0x4acb93,86.6667%,2,13,15,13,2,0,0
0x5d1818,91.6667%,2,22,24,0,0,2,22
0x9e84bd,95.122%,2,39,41,39,2,0,0
0x599968,0%,2,0,2,0,2,0,0
0x4ac609,86.6667%,2,13,15,0,0,2,13
0x7f37c7,86.6667%,2,13,15,13,2,0,0
0x5916bf,33.3333%,2,1,3,0,0,2,1
0xa47093,90.9091%,2,20,22,20,2,0,0
0x95a9d6,50%,2,2,4,0,0,2,2
0x5c36a6,50%,2,2,4,2,2,0,0
0x4bc758,97.8723%,2,92,94,0,0,2,92
0x99f282,97.9167%,2,94,96,94,0,2,0
0x47f82a,89.4737%,2,17,19,17,2,0,0
0x99f01f,97.9167%,2,94,96,0,0,2,94
0x61855e,0%,2,0,2,0,2,0,0
0x47f821,89.4737%,2,17,19,0,0,2,17
0x8093be,0%,2,0,2,0,0,2,0
0x5e1ae7,0%,2,0,2,0,2,0,0
0xa2f314,50%,2,2,4,2,2,0,0
0x5d2fa8,50%,2,2,4,2,2,0,0
0x5414c4,75%,2,6,8,6,2,0,0
0x695f7a,91.6667%,2,22,24,0,0,2,22
0xa27573,98.1818%,2,108,110,0,0,2,108
0x67e4e0,90.9091%,2,20,22,0,0,2,20
0x8f2b3d,94.1176%,2,32,34,32,2,0,0
0x99cdc9,77.7778%,2,7,9,0,0,2,7
0xa3b29d,99.1228%,2,226,228,226,2,0,0
0x942ccd,97.3333%,2,73,75,73,2,0,0
0x5fa5d3,66.6667%,2,4,6,4,2,0,0
0x4a7cbd,96.5517%,2,56,58,56,2,0,0
0x59945c,0%,2,0,2,0,2,0,0
0x821009,93.75%,2,30,32,0,0,2,30
0x5f4387,0%,2,0,2,0,2,0,0
0x8a3147,80%,2,8,10,0,0,2,8
0x8fcf01,99.6055%,2,505,507,0,0,2,505
0x94e042,99.5249%,2,419,421,419,2,0,0
0xaccb67,33.3333%,2,1,3,1,2,0,0
0x5eef8b,88.8889%,2,16,18,3,2,0,13
0xa01c58,33.3333%,2,1,3,0,0,2,1
0xa8a6aa,97.5904%,2,81,83,81,2,0,0
0x9e5ddc,88.2353%,2,15,17,15,2,0,0
0x9a1ead,99.0148%,2,201,203,0,0,2,201
0x8a9818,99.9847%,2,13050,13052,13050,2,0,0
0x5fd55f,75%,2,6,8,0,0,2,6
0x9a1e6e,97.5309%,2,79,81,0,0,2,79
0x94dfab,99.5327%,2,426,428,0,0,2,426
0x66755f,0%,2,0,2,0,2,0,0
0x677b9b,97.4359%,2,76,78,0,0,2,76
0xa5c6a9,98.0392%,2,100,102,2,2,0,98
0x8fcf4c,99.1304%,2,228,230,0,0,2,228
0x667133,98.9637%,2,191,193,191,2,0,0
0x677bc5,97.4359%,2,76,78,46,2,0,30
0x677c09,93.3333%,2,28,30,28,2,0,0
0x8bc8c1,99.4012%,2,332,334,0,0,2,332
0x5fa36f,66.6667%,2,4,6,4,2,0,0
0x50ce44,96.1538%,2,50,52,0,0,2,50
0xa69f41,50%,2,2,4,0,0,2,2
0xa5c860,85.7143%,2,12,14,12,2,0,0
0xaaa5f3,71.4286%,2,5,7,0,0,2,5
0xaaa658,71.4286%,2,5,7,0,0,2,5
0x8e2184,99.7963%,2,980,982,0,0,2,980
0xa5c2be,98.895%,2,179,181,0,0,2,179
0xa63ca9,0%,2,0,2,0,2,0,0
0x9bd1c6,96.3636%,2,53,55,0,0,2,53
0xacdccd,0%,2,0,2,0,0,2,0
0x4ab1ad,66.6667%,2,4,6,0,0,2,4
0xad43c9,33.3333%,2,1,3,0,0,2,1
0x9844a6,96.9697%,2,64,66,0,0,2,64
0xa062d0,0%,2,0,2,0,1,1,0
0x64f467,91.6667%,2,22,24,0,0,2,22
0x60ddc4,97.5309%,2,79,81,0,0,2,79
0x99b7d6,86.6667%,2,13,15,0,2,0,13
0x495a03,89.4737%,2,17,19,0,1,1,17
0x5f5569,95%,2,38,40,38,2,0,0
0xacdcd7,0%,2,0,2,0,2,0,0
0xa46a67,99.1304%,2,228,230,228,2,0,0
0x5467c6,71.4286%,2,5,7,5,0,2,0
0x49039d,97.4684%,2,77,79,0,0,2,77
0xacc308,0%,2,0,2,0,2,0,0
0x67043a,98.4962%,2,131,133,0,0,2,131
0x5bb291,0%,2,0,2,0,2,0,0
0x48ec69,86.6667%,2,13,15,0,0,2,13
0x8d269e,0%,2,0,2,0,2,0,0
0xacced6,33.3333%,2,1,3,0,0,2,1
0x4947d1,0%,2,0,2,0,2,0,0
0x790fc7,95.5556%,2,43,45,8,2,0,35
0x8a676c,60%,2,3,5,0,0,2,3
0xaccf49,33.3333%,2,1,3,0,2,0,1
0x4ae56d,0%,2,0,2,0,0,2,0
0x4ae57d,0%,2,0,2,0,1,1,0
0x58c909,99.3865%,2,324,326,324,2,0,0
0x98cb43,99.0476%,2,208,210,208,2,0,0
0xaccf75,33.3333%,2,1,3,1,2,0,0
0x5fe294,99.0909%,2,218,220,218,2,0,0
0xad4341,33.3333%,2,1,3,0,0,2,1
0xa46b00,88.8889%,2,16,18,0,0,2,16
0xa2ecac,90.9091%,2,20,22,0,0,2,20
0x5bce8f,99.7925%,2,962,964,962,2,0,0
0xad4562,60%,2,3,5,0,0,2,3
0x9ebf70,96.7213%,2,59,61,51,0,2,8
0x54db3b,94.8718%,2,37,39,37,2,0,0
0x90a9f5,96.4912%,2,55,57,0,0,2,55
0x9a3989,90.4762%,2,19,21,19,2,0,0
0x5bb45a,98.3193%,2,117,119,0,0,2,117
0xa5baf7,96.9231%,2,63,65,0,0,2,63
0x9a7221,60%,2,3,5,0,0,2,3
0x5bb40b,94.2857%,2,33,35,33,0,2,0
0xa96a2d,95%,2,38,40,2,1,1,36
0x70c2c9,66.6667%,2,4,6,0,0,2,4
0x9e7dc3,91.6667%,2,22,24,0,0,2,22
0x81f121,99.7677%,2,859,861,0,0,2,859
0x49946c,92.8571%,2,26,28,0,0,2,26
0x94dabd,99.6593%,2,585,587,0,0,2,585
0x40ea7e,50%,2,2,4,2,2,0,0
0x54db26,97.4359%,2,76,78,0,0,2,76
0x5bb730,91.3043%,2,21,23,0,0,2,21
0x94b198,98.1308%,2,105,107,105,2,0,0
0xa04053,0%,2,0,2,0,0,2,0
0x8e9cca,60%,2,3,5,3,2,0,0
0x502e1b,33.3333%,2,1,3,1,2,0,0
0x5f80b4,50%,2,2,4,2,2,0,0
0x9a6851,98.6395%,2,145,147,0,0,2,145
0x490ec6,77.7778%,2,7,9,0,0,2,7
0x8dc283,99.3827%,2,322,324,322,2,0,0
0x40e527,81.8182%,2,9,11,9,2,0,0
0x805f12,95.7447%,2,45,47,0,0,2,45
0x9f28f9,98.2609%,2,113,115,113,2,0,0
0x806732,80%,2,8,10,8,2,0,0
0x5fb4a3,0%,2,0,2,0,0,2,0
0xa2f256,94.7368%,2,36,38,0,0,2,36
0x8e36ab,50%,2,2,4,0,2,0,2
0x5f9e33,66.6667%,2,4,6,0,0,2,4
0x9bc981,0%,2,0,2,0,2,0,0
0x48ea95,99.1903%,2,245,247,245,2,0,0
0x5ffb9e,95.6522%,2,44,46,0,0,2,44
0x962ef3,0%,2,0,2,0,2,0,0
0x814f80,88.8889%,2,16,18,16,2,0,0
0x88e491,94.8718%,2,37,39,37,2,0,0
0xa5c56d,98.1982%,2,109,111,109,2,0,0
0x9a6fd9,77.7778%,2,7,9,0,0,2,7
0xa017c2,0%,2,0,2,0,0,2,0
0x9a1fb3,99.0148%,2,201,203,201,2,0,0
0x99f5d9,98.0392%,2,100,102,100,2,0,0
0x78079d,75%,2,6,8,0,0,2,6
0x8c721b,99.0566%,2,210,212,210,2,0,0
0x677b3c,99.5402%,2,433,435,433,2,0,0
0xa5c3f8,97.4026%,2,75,77,75,2,0,0
0xa33793,93.1034%,2,27,29,1,2,0,26
0x677c75,99.3197%,2,292,294,292,2,0,0
0x8c7117,0%,2,0,2,0,2,0,0
0xaca816,92.8571%,2,26,28,0,0,2,26
0x7cc2eb,99.8206%,2,1113,1115,0,0,2,1113
0x8dcb77,99.6071%,2,507,509,0,0,2,507
0x47fb41,89.4737%,2,17,19,0,1,1,17
0xa5befc,93.75%,2,30,32,0,0,2,30
0x4ba4dd,90.9091%,2,20,22,0,0,2,20
0x99ce5b,77.7778%,2,7,9,0,0,2,7
0x651705,94.8718%,2,37,39,0,0,2,37
0x73d8ef,93.9394%,2,31,33,30,0,2,1
0x5bb7a6,99.7932%,2,965,967,0,0,2,965
0x80b9ed,99.3939%,2,328,330,328,2,0,0
0x88e50a,94.8718%,2,37,39,37,2,0,0
0xa1b17b,60%,2,3,5,3,2,0,0
0x9e7528,99.5%,2,398,400,398,2,0,0
0x5fa313,99.7487%,2,794,796,0,0,2,794
0x5f8d49,60%,2,3,5,3,1,1,0
0x8dfff1,83.3333%,2,10,12,0,0,2,10
0xb1ae20,99.5381%,2,431,433,0,0,2,431
0xa5bf0c,93.75%,2,30,32,30,2,0,0
0x98c98d,98.1651%,2,107,109,0,0,2,107
0x88e666,94.8718%,2,37,39,37,2,0,0
0x8ae848,60%,2,3,5,0,0,2,3
0xaa5bc0,91.3043%,2,21,23,18,2,0,3
0x90a7c5,98.6928%,2,151,153,0,0,2,151
0x7c5d50,85.7143%,2,12,14,0,0,2,12
0x944d00,96.5517%,2,56,58,0,0,2,56
0xa8ac08,97.5904%,2,81,83,0,0,2,81
0x4c2094,98.7421%,2,157,159,0,0,2,157
0xa55925,0%,2,0,2,0,2,0,0
0x53f5f9,99.9065%,2,2137,2139,0,0,2,2137
0xa344ea,98.8235%,2,168,170,168,2,0,0
0x49294b,0%,2,0,2,0,2,0,0
0x5ff2c9,98.2906%,2,115,117,115,2,0,0
0x9d0620,96.7742%,2,60,62,60,2,0,0
0x7aee0b,80%,2,8,10,2,2,0,6
0x809de7,99.6466%,2,564,566,560,1,1,4
0xa96a60,90.4762%,2,19,21,0,0,2,19
0x9f0881,80%,2,8,10,6,2,0,2
0x409f2b,97.5309%,2,79,81,79,2,0,0
0xa05684,60%,2,3,5,0,1,1,3
0x9e01ca,92.8571%,2,26,28,26,2,0,0
0x90e7b5,99.6683%,2,601,603,0,0,2,601
0x9913b2,98.1481%,2,106,108,106,2,0,0
0x9ead45,98.895%,2,179,181,179,2,0,0
0x9799d9,94.4444%,2,34,36,27,1,1,7
0x63aae6,99.7564%,2,819,821,819,2,0,0
0x4bf672,98.9899%,2,196,198,196,2,0,0
0xa8ab6d,97.5904%,2,81,83,0,0,2,81
0x8ef44a,99.511%,2,407,409,0,0,2,407
0x49c7ee,96.4286%,2,54,56,0,0,2,54
0x4828b6,89.4737%,2,17,19,9,1,1,8
0x991322,88.2353%,2,15,17,0,0,2,15
0x6406f3,99%,2,198,200,0,0,2,198
0x90e11c,93.3333%,2,28,30,0,0,2,28
0xaa8049,99.6219%,2,527,529,0,0,2,527
0xaa803d,99.6219%,2,527,529,0,0,2,527
0x90a74a,97.2973%,2,72,74,0,0,2,72
0x90a797,98.6928%,2,151,153,151,2,0,0
0xa2aa70,33.3333%,2,1,3,0,2,0,1
0x483c58,89.4737%,2,17,19,17,2,0,0
0xa08415,75%,2,6,8,0,1,1,6
0x8f53a2,98.9189%,2,183,185,183,2,0,0
0x97ab38,85.7143%,2,12,14,12,2,0,0
0x8f5385,98.9189%,2,183,185,183,2,0,0
0xa5515e,75%,2,6,8,5,1,1,1
0x5de4fc,99.8388%,2,1239,1241,1239,2,0,0
0x90fd08,98.8304%,2,169,171,169,2,0,0
0x90a0f8,95.4545%,2,42,44,42,2,0,0
0x4bd1fe,0%,2,0,2,0,0,2,0
0xa481d2,95.5556%,2,43,45,0,0,2,43
0x409d42,84.6154%,2,11,13,0,0,2,11
0x409bc2,95.122%,2,39,41,39,2,0,0
0x53f036,98.9071%,2,181,183,0,0,2,181
0x7c716d,96.1538%,2,50,52,6,2,0,44
0x90a3f7,98.8636%,2,174,176,0,0,2,174
0x977442,88.8889%,2,16,18,4,2,0,12
0x8dc221,99.7704%,2,869,871,0,0,2,869
0xa59fbf,71.4286%,2,5,7,0,0,2,5
0xa30559,98.8235%,2,168,170,168,2,0,0
0x482863,0%,2,0,2,0,0,2,0
0x40397d,94.5946%,2,35,37,0,0,2,35
0xa47380,88.8889%,2,16,18,0,0,2,16
0x98420a,92%,2,23,25,23,2,0,0
0x98423d,92%,2,23,25,23,2,0,0
0x5dec50,99.8388%,2,1239,1241,0,0,2,1239
0x9e0dcf,84.6154%,2,11,13,11,2,0,0
0x5ef805,96.6667%,2,58,60,0,0,2,58
0x80a610,0%,2,0,2,0,0,2,0
0x9ed88a,96.875%,2,62,64,0,0,2,62
0x9aa030,92.3077%,2,24,26,24,2,0,0
0x8063c7,96.2264%,2,51,53,0,1,1,51
0x81c148,97.9167%,2,94,96,94,2,0,0
0x6f4571,88.8889%,2,16,18,16,2,0,0
0xaa2e46,99.6774%,2,618,620,0,0,2,618
0x409d4c,84.6154%,2,11,13,5,1,1,6
0x4960ff,83.3333%,2,10,12,0,0,2,10
0x8dd18c,99.3651%,2,313,315,0,2,0,313
0xaaaedd,75%,2,6,8,2,2,0,4
0x59f0d1,50%,2,2,4,2,2,0,0
0x88dfe5,66.6667%,2,4,6,0,0,2,4
0x4a5e08,96.9231%,2,63,65,0,0,2,63
0x4ae783,0%,2,0,2,0,0,2,0
0x5f8139,98.6667%,2,148,150,0,0,2,148
0x496165,33.3333%,2,1,3,1,2,0,0
0x5ffab0,99.2481%,2,264,266,264,2,0,0
0x5cd897,50%,2,2,4,2,2,0,0
0xa34464,96.1538%,2,50,52,49,0,2,1
0x67f2f3,99.2308%,2,258,260,0,0,2,258
0x50b47f,50%,2,2,4,2,2,0,0
0x50b488,50%,2,2,4,2,2,0,0
0x9814ab,95.7447%,2,45,47,28,1,1,17
0x5faa77,96.8254%,2,61,63,0,0,2,61
0x81484c,0%,2,0,2,0,0,2,0
0x486f21,97.8947%,2,93,95,93,0,2,0
0x4a1b13,95.3488%,2,41,43,41,2,0,0
0x5f1364,94.5946%,2,35,37,35,2,0,0
0x9ecd7d,80%,2,8,10,0,0,2,8
0x40b038,0%,2,0,2,0,0,2,0
0xa89549,97.5904%,2,81,83,0,0,2,81
0x9692cb,97.6744%,2,84,86,84,2,0,0
0x96926e,98.995%,2,197,199,0,0,2,197
0x677d14,98.6207%,2,143,145,143,2,0,0
0x50b2b6,50%,2,2,4,2,2,0,0
0x50adb6,98.1651%,2,107,109,0,0,2,107
0x5f26af,0%,2,0,2,0,0,2,0
0x99e876,98.0952%,2,103,105,103,2,0,0
0x8115fe,0%,2,0,2,0,0,2,0
0xa92c79,75%,2,6,8,0,0,2,6
0xa91892,88.2353%,2,15,17,15,2,0,0
0x638f7c,99.4083%,2,336,338,0,0,2,336
0x8ec82d,0%,2,0,2,0,2,0,0
0x8e0e73,99.5157%,2,411,413,411,2,0,0
0x540f4d,75%,2,6,8,0,0,2,6
0x90dca1,93.3333%,2,28,30,0,0,2,28
0x8dc453,50%,2,2,4,2,2,0,0
0x8f1606,94.7368%,2,36,38,36,2,0,0
0xa49ffa,66.6667%,2,4,6,0,0,2,4
0xa4804c,93.9394%,2,31,33,13,2,0,18
0x90dcaf,93.3333%,2,28,30,28,2,0,0
0x97a639,94.4444%,2,34,36,0,0,2,34
0x504277,33.3333%,2,1,3,0,0,2,1
0x9f76be,96.9697%,2,64,66,64,2,0,0
0xa3898f,84.6154%,2,11,13,1,2,0,10
0x90e357,97.0149%,2,65,67,0,0,2,65
0xa0878c,75%,2,6,8,0,0,2,6
0x99143e,88.2353%,2,15,17,0,0,2,15
0xa5a0c7,71.4286%,2,5,7,1,2,0,4
0x9d0e17,90.9091%,2,20,22,20,2,0,0
0x9a89c9,99.2565%,2,267,269,0,0,2,267
0x7d211b,75%,2,6,8,6,2,0,0
0x9d0317,99.5261%,2,420,422,420,2,0,0
0x697981,96.4286%,2,54,56,0,0,2,54
0xaa5894,50%,2,2,4,2,2,0,0
0x50b4b8,50%,2,2,4,2,2,0,0
0x974583,0%,2,0,2,0,2,0,0
0x50b4c1,50%,2,2,4,2,2,0,0
0x50b4d1,50%,2,2,4,2,2,0,0
0xa9ca6b,80%,2,8,10,8,2,0,0
0x6071fd,90%,2,18,20,18,2,0,0
0x592c69,89.4737%,2,17,19,17,2,0,0
0x679689,98.2143%,2,110,112,0,0,2,110
0x490da9,66.6667%,2,4,6,0,0,2,4
0x9814e8,93.1034%,2,27,29,27,2,0,0
0x50b615,50%,2,2,4,0,0,2,2
0x984126,96.9231%,2,63,65,63,2,0,0
0xa64d11,50%,2,2,4,2,2,0,0
0x503f31,71.4286%,2,5,7,5,2,0,0
0x5af78f,0%,2,0,2,0,0,2,0
0x5f4e40,0%,2,0,2,0,1,1,0
0x94323e,97.3333%,2,73,75,73,2,0,0
0x5f7a29,99.0338%,2,205,207,0,0,2,205
0xa64c84,75%,2,6,8,0,2,0,6
0x83a9f9,50%,2,2,4,0,0,2,2
0xa0bb0d,60%,2,3,5,3,2,0,0
0xaa25b4,90.9091%,2,20,22,0,0,2,20
0x5f7a88,99.0338%,2,205,207,205,1,1,0
0x50be4e,99.6219%,2,527,529,0,0,2,527
0xa2d332,99.4924%,2,392,394,0,0,2,392
0x5d0a63,98.4962%,2,131,133,131,2,0,0
0x5f7b1a,98.75%,2,158,160,0,0,2,158
0x481855,93.1034%,2,27,29,27,2,0,0
0x5fc9bd,0%,2,0,2,0,2,0,0
0x70e8cf,66.6667%,2,4,6,0,0,2,4
0x5ffb34,95.6522%,2,44,46,0,0,2,44
0x70e8df,66.6667%,2,4,6,0,2,0,4
0x7b637f,95.5556%,2,43,45,43,2,0,0
0x7d1648,96.9231%,2,63,65,63,2,0,0
0xa324f4,50%,2,2,4,0,2,0,2
0xa3942b,85.7143%,2,12,14,0,0,2,12
0x972f71,99.2857%,2,278,280,0,0,2,278
0x58bc90,96.875%,2,62,64,0,0,2,62
0x5baa24,99.8957%,2,1915,1917,1,2,0,1914
0x67e486,97.4359%,2,76,78,20,2,0,56
0xa0b99b,66.6667%,2,4,6,1,2,0,3
0x509b5c,99.8934%,2,1874,1876,0,0,2,1874
0x951e65,66.6667%,2,4,6,4,2,0,0
0xa58450,80%,2,8,10,0,0,2,8
0x692449,80%,2,8,10,8,2,0,0
0xa0b9bd,0%,2,0,2,0,0,2,0
0x4818fc,93.1034%,2,27,29,27,2,0,0
0x5f79f6,99.0338%,2,205,207,0,0,2,205
0x5da90a,98.4962%,2,131,133,131,2,0,0
0x5d344d,98.4962%,2,131,133,131,2,0,0
0xa0ba0d,60%,2,3,5,3,2,0,0
0x40bc05,98.0769%,2,102,104,0,1,1,102
0x6675b9,0%,2,0,2,0,2,0,0
0x9e58b8,93.3333%,2,28,30,0,0,2,28
0xa0f30c,66.6667%,2,4,6,0,0,2,4
0x5356c2,96.7213%,2,59,61,0,0,2,59
0x5f7eb9,98.5185%,2,133,135,133,1,1,0
0x4099dc,90%,2,18,20,18,1,1,0
0xa0f336,66.6667%,2,4,6,0,0,2,4
0x5c5727,91.3043%,2,21,23,13,2,0,8
0xa07551,66.6667%,2,4,6,1,0,2,3
0x409a26,89.4737%,2,17,19,0,1,1,17
0x811a67,99.7628%,2,841,843,841,2,0,0
0x9e53c2,93.3333%,2,28,30,0,0,2,28
0x9e5d92,97.7011%,2,85,87,85,2,0,0
0x8ea37d,99.8367%,2,1223,1225,0,0,2,1223
0x4b4fc8,99.4764%,2,380,382,0,0,2,380
0x9e5b50,71.4286%,2,5,7,5,2,0,0
0xa0ba42,60%,2,3,5,0,1,1,3
0xa5c381,97.2973%,2,72,74,1,1,1,71
0x65b0e3,84.6154%,2,11,13,11,2,0,0
0x48f93e,80%,2,8,10,0,1,1,8
0x9f7de8,60%,2,3,5,3,2,0,0
0xa0bb3e,60%,2,3,5,3,2,0,0
0xa4507f,98.5816%,2,139,141,139,2,0,0
0x9f1729,97.7778%,2,88,90,0,0,2,88
0x9f414c,93.9394%,2,31,33,31,2,0,0
0x6197de,97.3333%,2,73,75,73,2,0,0
0x8df5e1,95%,2,38,40,0,0,2,38
0x9c3b54,75%,2,6,8,0,0,2,6
0x5f8784,96.4912%,2,55,57,0,0,2,55
0x5b8f6b,50%,2,2,4,2,0,2,0
0xa0bdc7,71.4286%,2,5,7,2,0,2,3
0xa0f18c,66.6667%,2,4,6,0,0,2,4
0x9e7b8d,0%,2,0,2,0,2,0,0
0x4810ed,89.4737%,2,17,19,17,2,0,0
0xa0f1c4,83.3333%,2,10,12,6,0,2,4
0xa0f1db,66.6667%,2,4,6,4,2,0,0
0x686dbf,97.5904%,2,81,83,0,0,2,81
0xa1bb4f,86.6667%,2,13,15,13,2,0,0
0xaa5bc9,33.3333%,2,1,3,1,2,0,0
0xa5bb05,96.9231%,2,63,65,0,0,2,63
0x5d981d,75%,2,6,8,0,0,2,6
0x64dfd3,96.0784%,2,49,51,0,0,2,49
0x5addd2,92.5926%,2,25,27,25,2,0,0
0x4b727b,75%,2,6,8,6,2,0,0
0xa06551,93.5484%,2,29,31,0,0,2,29
0x99f424,0%,2,0,2,0,2,0,0
0x944373,97.3684%,2,74,76,0,0,2,74
0x483337,93.1034%,2,27,29,27,2,0,0
0x4832f7,93.1034%,2,27,29,27,2,0,0
0x5b35ce,66.6667%,2,4,6,4,2,0,0
0x480118,89.4737%,2,17,19,0,0,2,17
0xa414f2,92%,2,23,25,23,2,0,0
0xa5c25e,0%,2,0,2,0,0,2,0
0x65be8b,83.3333%,2,10,12,10,2,0,0
0x99d32b,77.7778%,2,7,9,0,0,2,7
0x4c70c5,88.8889%,2,16,18,0,0,2,16
0x780879,88.8889%,2,16,18,0,0,2,16
0xa1a070,92%,2,23,25,23,2,0,0
0x9069de,97.4684%,2,77,79,0,0,2,77
0x5bef25,0%,2,0,2,0,0,2,0
0x8f572d,99.7392%,2,765,767,765,2,0,0
0x678c8c,99.8885%,2,1792,1794,0,0,2,1792
0x8fce08,95.4545%,2,42,44,0,0,2,42
0x68b075,50%,2,2,4,2,2,0,0
0xa1b5a2,60%,2,3,5,1,0,2,2
0x4a8cc9,95.2381%,2,40,42,1,2,0,39
0xad06b0,50%,2,2,4,2,0,2,0
0x5c7861,97.5%,2,78,80,78,2,0,0
0xa587db,98.2759%,2,114,116,114,2,0,0
0xad0647,0%,2,0,2,0,0,2,0
0x5b8f7b,0%,2,0,2,0,2,0,0
0xa1b5c9,50%,2,2,4,2,2,0,0
0x481e14,89.4737%,2,17,19,0,0,2,17
0x96c151,99.1903%,2,245,247,245,2,0,0
0xa3bd5f,75%,2,6,8,0,0,2,6
0x5dfaab,85.7143%,2,12,14,12,2,0,0
0x4831c1,93.1034%,2,27,29,0,0,2,27
0x9ed2ef,99.6622%,2,590,592,0,0,2,590
0x7817bd,96.8254%,2,61,63,0,0,2,61
0x5af26f,66.6667%,2,4,6,0,0,2,4
0xa32d03,92%,2,23,25,23,2,0,0
0xa654ff,50%,2,2,4,0,0,2,2
0x5d11f1,98.6207%,2,143,145,143,2,0,0
0x481b8c,89.4737%,2,17,19,0,0,2,17
0x5f7fe6,71.4286%,2,5,7,5,2,0,0
0x5b22e0,66.6667%,2,4,6,0,0,2,4
0x509564,71.4286%,2,5,7,5,2,0,0
0x59c90e,0%,2,0,2,0,2,0,0
0xa9754f,98.6577%,2,147,149,147,2,0,0
0x5f8140,98.6667%,2,148,150,148,2,0,0
0xa3eee7,75%,2,6,8,0,0,2,6
0x96a135,0%,2,0,2,0,2,0,0
0x5ef025,88.8889%,2,16,18,16,2,0,0
0x67ec0d,98.3607%,2,120,122,0,0,2,120
0x81086f,97.3333%,2,73,75,73,2,0,0
0x67ec55,98.3607%,2,120,122,0,0,2,120
0x547a93,99.4083%,2,336,338,0,0,2,336
0x4bf212,97.6744%,2,84,86,84,2,0,0
0x67d015,93.75%,2,30,32,30,2,0,0
0x835f31,0%,2,0,2,0,2,0,0
0x5d1b32,98.1818%,2,108,110,108,2,0,0
0x67f35e,0%,2,0,2,0,2,0,0
0x5d457f,85.7143%,2,12,14,12,2,0,0
0x618bac,97.1429%,2,68,70,0,0,2,68
0x8ad409,0%,2,0,2,0,2,0,0
0xa2e035,99.1968%,2,247,249,0,0,2,247
0x5cf487,66.6667%,2,4,6,4,2,0,0
0x48327b,93.1034%,2,27,29,27,2,0,0
0x8a8bc5,91.6667%,2,22,24,0,0,2,22
0x67ac4a,66.6667%,2,4,6,0,0,2,4
0x5f54ba,0%,2,0,2,0,0,2,0
0x54087b,66.6667%,2,4,6,0,0,2,4
0x8dae59,0%,2,0,2,0,2,0,0
0xa91707,94.4444%,2,34,36,0,0,2,34
0x487e08,85.7143%,2,12,14,0,0,2,12
0x60b69d,99.1935%,2,246,248,0,0,2,246
0x9a100e,86.6667%,2,13,15,13,2,0,0
0x814fa6,90.9091%,2,20,22,20,0,2,0
0x6495ff,0%,2,0,2,0,2,0,0
0xa9ceff,89.4737%,2,17,19,0,0,2,17
0x6477d4,98.5294%,2,134,136,134,2,0,0
0x8374f8,83.3333%,2,10,12,8,0,2,2
0x81f347,99.8537%,2,1365,1367,0,0,2,1365
0x4b510c,75%,2,6,8,6,2,0,0
0xaa5365,90.4762%,2,19,21,0,0,2,19
0x481bfc,89.4737%,2,17,19,0,0,2,17
0x9d08e1,96.0784%,2,49,51,0,0,2,49
0x817e21,83.3333%,2,10,12,10,0,2,0
0x96995b,94.8718%,2,37,39,37,2,0,0
0x50ba3d,95%,2,38,40,38,2,0,0
0x53382f,88.8889%,2,16,18,0,0,2,16
0x99eb2d,84.6154%,2,11,13,11,2,0,0
0xa99562,81.8182%,2,9,11,0,0,2,9
0x81502a,99.3939%,2,328,330,328,2,0,0
0x511161,99.7143%,2,698,700,698,2,0,0
0xa98638,0%,2,0,2,0,2,0,0
0x8f2c75,98.0392%,2,100,102,32,2,0,68
0xa99955,0%,2,0,2,0,1,1,0
0xa99fb3,0%,2,0,2,0,2,0,0
0x9745df,99.2509%,2,265,267,0,2,0,265
0x5affdd,50%,2,2,4,2,2,0,0
0x542ffd,50%,2,2,4,2,2,0,0
0x678d8c,91.3043%,2,21,23,0,0,2,21
0x51b986,98.1308%,2,105,107,105,2,0,0
0xaa57ce,0%,2,0,2,0,0,2,0
0x90a695,95.4545%,2,42,44,37,0,2,5
0xa4b67c,90%,2,18,20,0,0,2,18
0xad04e9,0%,2,0,2,0,2,0,0
0x5c9b88,66.6667%,2,4,6,0,0,2,4
0xa63c87,50%,2,2,4,0,1,1,2
0xa53581,75%,2,6,8,0,0,2,6
0x8a6b90,50%,2,2,4,0,1,1,2
0x80d5eb,0%,2,0,2,0,0,2,0
0x80d600,0%,2,0,2,0,0,2,0
0x49d106,0%,2,0,2,0,1,1,0
0x80d68a,0%,2,0,2,0,0,2,0
0xa9390c,81.8182%,2,9,11,9,2,0,0
0x59fdc0,50%,2,2,4,2,0,2,0
0x98cdec,83.3333%,2,10,12,0,0,2,10
0x8a313a,80%,2,8,10,0,0,2,8
0xa3ef0b,75%,2,6,8,6,2,0,0
0xa96b04,87.5%,2,14,16,0,0,2,14
0xa3eebf,75%,2,6,8,6,2,0,0
0x9f4184,93.9394%,2,31,33,0,0,2,31
0xa3bdf6,75%,2,6,8,6,2,0,0
0x94ce77,95.7447%,2,45,47,0,0,2,45
0xa3e5ec,87.5%,2,14,16,14,2,0,0
0x5b4aac,0%,2,0,2,0,2,0,0
0x4b7a55,81.8182%,2,9,11,8,1,1,1
0xa3e306,75%,2,6,8,0,0,2,6
0x54facd,98.6014%,2,141,143,0,0,2,141
0xa05b42,93.1034%,2,27,29,0,0,2,27
0x4a6c21,95.2381%,2,40,42,0,0,2,40
0xa99f77,80%,2,8,10,0,0,2,8
0xa9b9ce,90%,2,18,20,18,2,0,0
0x817cee,99.2%,2,248,250,248,2,0,0
0xa96f1f,90.4762%,2,19,21,0,0,2,19
0x4a9b4c,33.3333%,2,1,3,1,0,2,0
0x815e4b,77.7778%,2,7,9,7,2,0,0
0x7be056,50%,2,2,4,0,0,2,2
0x5d1a7e,98.1818%,2,108,110,108,2,0,0
0xa3d946,75%,2,6,8,6,2,0,0
0xa53061,75%,2,6,8,0,0,2,6
0x648807,96.4286%,2,54,56,54,2,0,0
0x9d0947,96.0784%,2,49,51,49,2,0,0
0x9698e5,97.2222%,2,70,72,0,0,2,70
0x4bdbf3,90%,2,18,20,18,1,1,0
0xa25f12,95.7447%,2,45,47,45,2,0,0
0x9d0a29,96.0784%,2,49,51,0,0,2,49
0x9bb3d6,96.9231%,2,63,65,0,0,2,63
0x80ebb7,99.4565%,2,366,368,366,2,0,0
0x5b177a,80%,2,8,10,0,0,2,8
0x5ae45e,77.7778%,2,7,9,0,0,2,7
0xa55a27,50%,2,2,4,0,2,0,2
0x60c629,50%,2,2,4,0,0,2,2
0x6108b2,84.6154%,2,11,13,0,0,2,11
0x648d51,0%,2,0,2,0,2,0,0
0x9d3419,96.3636%,2,53,55,53,2,0,0
0x555bb3,94.7368%,2,36,38,36,2,0,0
0x9fcbb2,88.8889%,2,16,18,0,0,2,16
0x8055dc,97.7528%,2,87,89,87,2,0,0
0x9d0ba6,96.0784%,2,49,51,0,0,2,49
0xa3ef38,75%,2,6,8,6,2,0,0
0xa47039,90.9091%,2,20,22,0,0,2,20
0x4904d6,33.3333%,2,1,3,1,2,0,0
0x48f10d,98.4496%,2,127,129,0,0,2,127
0x819851,99.7677%,2,859,861,0,0,2,859
0x803776,99.4924%,2,392,394,392,2,0,0
0x8fcc99,99.4253%,2,346,348,346,2,0,0
0x6185a0,0%,2,0,2,0,2,0,0
0x65a065,99.2095%,2,251,253,0,0,2,251
0x812149,50%,2,2,4,2,2,0,0
0x8c7eb7,0%,2,0,2,0,2,0,0
0x8038ac,0%,2,0,2,0,2,0,0
0x803963,0%,2,0,2,0,2,0,0
0x901310,96%,2,48,50,0,0,2,48
0x9f50eb,96.1538%,2,50,52,0,0,2,50
0x803987,0%,2,0,2,0,2,0,0
0x9fc4a5,99.0698%,2,213,215,213,2,0,0
0x59f048,50%,2,2,4,0,0,2,2
0x8039a6,0%,2,0,2,0,2,0,0
0x80eb9f,99.4565%,2,366,368,0,0,2,366
0x80ba05,0%,2,0,2,0,0,2,0
0x67546b,0%,2,0,2,0,0,2,0
0x49a08c,87.5%,2,14,16,0,0,2,14
0x8096aa,0%,2,0,2,0,0,2,0
0x49a07e,87.5%,2,14,16,0,0,2,14
0x809a05,77.7778%,2,7,9,6,1,1,1
0x8e3664,75%,2,6,8,6,0,2,0
0x9a1ee4,99.0148%,2,201,203,0,0,2,201
0xa9662b,75%,2,6,8,6,2,0,0
0xaca81b,92.8571%,2,26,28,26,2,0,0
0x550339,99.435%,2,352,354,0,0,2,352
0x542c4e,75%,2,6,8,6,2,0,0
0x804bc3,88.2353%,2,15,17,7,0,2,8
0xa098a7,84.6154%,2,11,13,0,0,2,11
0x8144b4,99.6255%,2,532,534,0,0,2,532
0x5f09b6,99.3243%,2,294,296,0,0,2,294
0xa9688c,99.115%,2,224,226,0,0,2,224
0xa2f9cb,97.4359%,2,76,78,76,2,0,0
0x59eb93,75%,2,6,8,6,2,0,0
0x8ecaa8,81.8182%,2,9,11,0,0,2,9
0x8ecb12,99.8383%,2,1235,1237,0,0,2,1235
0x53382b,71.4286%,2,5,7,5,2,0,0
0x9e765b,98.1308%,2,105,107,0,0,2,105
0x5ba907,0%,2,0,2,0,2,0,0
0x8c9371,81.8182%,2,9,11,0,0,2,9
0x80dec4,99.0909%,2,218,220,0,0,2,218
0x8036a4,0%,2,0,2,0,2,0,0
0x40a8cf,98.6577%,2,147,149,0,0,2,147
0x8194f5,97.5%,2,78,80,78,2,0,0
0x80372b,0%,2,0,2,0,0,2,0
0x9799b2,95.4545%,2,42,44,8,0,2,34
0x5406f9,0%,2,0,2,0,0,2,0
0xb2159d,99.7203%,2,713,715,713,2,0,0
0x542590,96.7213%,2,59,61,59,2,0,0
0x8c8e7b,66.6667%,2,4,6,0,0,2,4
0x80bd86,60%,2,3,5,3,2,0,0
0xa9d2f8,90.9091%,2,20,22,14,2,0,6
0x68161c,66.6667%,2,4,6,0,0,2,4
0xa92582,98.9418%,2,187,189,187,2,0,0
0xa9d314,66.6667%,2,4,6,4,2,0,0
0x8f58d3,99.9234%,2,2610,2612,2610,2,0,0
0x80bfbd,93.75%,2,30,32,16,0,2,14
0x80bd73,71.4286%,2,5,7,0,2,0,5
0x59f9e6,50%,2,2,4,2,0,2,0
0x4fdbe3,96.6667%,2,58,60,58,2,0,0
0xa975a8,86.6667%,2,13,15,13,1,1,0
0xa086a3,50%,2,2,4,0,0,2,2
0x8ecb06,99.8383%,2,1235,1237,0,0,2,1235
0xa96954,98.6577%,2,147,149,147,2,0,0
0x695f91,91.6667%,2,22,24,22,2,0,0
0x5bc583,98.3193%,2,117,119,0,0,2,117
0x80b72b,33.3333%,2,1,3,0,0,2,1
0x7a113b,66.6667%,2,4,6,0,0,2,4
0x48eb55,97.5904%,2,81,83,0,0,2,81
0xa95e2c,83.3333%,2,10,12,0,0,2,10
0x94ac52,97.5%,2,78,80,0,0,2,78
0x647b7a,95.3488%,2,41,43,0,0,2,41
0x974773,50%,2,2,4,0,0,2,2
0x80974d,86.6667%,2,13,15,0,0,2,13
0x9746e5,89.4737%,2,17,19,0,2,0,17
0x80c4c8,60%,2,3,5,1,1,1,2
0x809879,81.8182%,2,9,11,9,2,0,0
0x59e9fa,50%,2,2,4,1,1,1,1
0x59e9c4,75%,2,6,8,2,2,0,4
0x8098b6,81.8182%,2,9,11,6,0,2,3
0x974797,98.2609%,2,113,115,113,0,2,0
0xa4a00a,98.5612%,2,137,139,0,0,2,137
0x54050e,50%,2,2,4,0,2,0,2
0xa962a0,75%,2,6,8,0,0,2,6
0xa8fb41,98.8235%,2,168,170,168,2,0,0
0x904343,99.5984%,2,496,498,496,2,0,0
0x80aa38,33.3333%,2,1,3,0,1,1,1
0x9c5210,75%,2,6,8,6,2,0,0
0x9e4018,97.0588%,2,66,68,0,0,2,66
0x481268,89.4737%,2,17,19,0,1,1,17
0x9f4bf3,98.8571%,2,173,175,0,0,2,173
0x80bb04,71.4286%,2,5,7,0,2,0,5
0x5dfd49,50%,2,2,4,0,0,2,2
0xa32628,50%,2,2,4,0,2,0,2
0x80fe17,99.6639%,2,593,595,0,0,2,593
0x9fe1eb,92%,2,23,25,0,0,2,23
0xa2f8cf,97.4359%,2,76,78,0,0,2,76
0xa3b1ca,98.5714%,2,138,140,0,0,2,138
0x65c0d4,99.5575%,2,450,452,0,0,2,450
0xa92567,99.2218%,2,255,257,48,2,0,207
0x5af178,80%,2,8,10,8,2,0,0
0x5db575,50%,2,2,4,0,0,2,2
0x5cd722,50%,2,2,4,0,0,2,2
0x5dfd27,50%,2,2,4,0,0,2,2
0x5d148b,50%,2,2,4,2,2,0,0
0x5a8877,0%,2,0,2,0,0,2,0
0x80b9a6,0%,2,0,2,0,0,2,0
0x5db5da,50%,2,2,4,2,2,0,0
0x5f4858,0%,2,0,2,0,1,1,0
0x81d23f,98.9011%,2,180,182,180,2,0,0
0x48ff19,80%,2,8,10,8,2,0,0
0x5d2e79,88.8889%,2,16,18,16,2,0,0
0x5c525d,75%,2,6,8,6,2,0,0
0x9ee34f,98.1818%,2,108,110,0,0,2,108
0x5b8f34,50%,2,2,4,2,2,0,0
0x5a8808,0%,2,0,2,0,2,0,0
0xa07af9,75%,2,6,8,3,1,1,3
0xa3bcb0,87.5%,2,14,16,0,0,2,14
0x90ab79,92.5926%,2,25,27,25,2,0,0
0x64b47c,99.3399%,2,301,303,0,0,2,301
0x8a7238,99.2857%,2,278,280,278,2,0,0
0x67c9b7,99.8419%,2,1263,1265,0,0,2,1263
0xa3bb1c,88.8889%,2,16,18,0,0,2,16
0x4885ff,99.7484%,2,793,795,793,2,0,0
0xa96c22,33.3333%,2,1,3,1,2,0,0
0x834268,96.3636%,2,53,55,0,2,0,53
0xa928a1,66.6667%,2,4,6,4,2,0,0
0xa46604,98.2143%,2,110,112,0,0,2,110
0x5c4fcc,98.6111%,2,142,144,0,0,2,142
0x64c770,71.4286%,2,5,7,0,0,2,5
0x80da46,98.1132%,2,104,106,104,2,0,0
0x759489,60%,2,3,5,0,0,2,3
0xa929fd,66.6667%,2,4,6,0,0,2,4
0x9593a2,98.3871%,2,122,124,0,0,2,122
0xa92a3a,66.6667%,2,4,6,4,2,0,0
0x7c79fc,91.6667%,2,22,24,0,0,2,22
0x50fae8,80%,2,8,10,8,2,0,0
0xaab7fd,97.9798%,2,97,99,0,0,2,97
0x80e3c0,50%,2,2,4,2,0,2,0
0xaa7dca,71.4286%,2,5,7,5,2,0,0
0xa9c6e0,98.5915%,2,140,142,0,0,2,140
0xa9ba2f,81.8182%,2,9,11,0,0,2,9
0xa4fea3,50%,2,2,4,0,0,2,2
0x48716c,0%,2,0,2,0,2,0,0
0x4bc07b,87.5%,2,14,16,13,2,0,1
0x9a34f0,98.3051%,2,116,118,116,2,0,0
0x4a7273,99.4859%,2,387,389,0,0,2,387
0x8119b1,60%,2,3,5,3,2,0,0
0x80b7ef,94.2857%,2,33,35,33,1,1,0
0xa530db,98.9583%,2,190,192,0,0,2,190
0x5d16ba,75%,2,6,8,6,2,0,0
0x4b90a7,50%,2,2,4,2,2,0,0
0x810b69,90%,2,18,20,2,2,0,16
0x8e7e5b,99.1071%,2,222,224,0,0,2,222
0xa2b311,0%,2,0,2,0,2,0,0
0x59f2ed,0%,2,0,2,0,2,0,0
0x59f1ca,0%,2,0,2,0,1,1,0
0xa1ac28,60%,2,3,5,0,0,2,3
0xa96824,92.3077%,2,24,26,24,2,0,0
0x8dec3c,66.6667%,2,4,6,4,2,0,0
0x496238,66.6667%,2,4,6,4,2,0,0
0x815184,99.3939%,2,328,330,0,0,2,328
0x8f5b03,77.7778%,2,7,9,7,2,0,0
0x780da3,99.7503%,2,799,801,0,0,2,799
0x80b90b,99.0385%,2,206,208,206,0,2,0
0x81cd84,98.8701%,2,175,177,0,0,2,175
0x70d726,33.3333%,2,1,3,0,0,2,1
0x58ba66,50%,2,2,4,2,2,0,0
0x787bb3,60%,2,3,5,3,2,0,0
0x8221cd,99.2674%,2,271,273,0,0,2,271
0x783d2b,98.7179%,2,154,156,154,2,0,0
0x4b831b,81.8182%,2,9,11,1,2,0,8
0x555d42,94.7368%,2,36,38,36,2,0,0
0x80b9d1,99.6139%,2,516,518,516,0,2,0
0x789b27,92.8571%,2,26,28,0,1,1,26
0x9f9630,97.0588%,2,66,68,0,0,2,66
0x7e2098,84.6154%,2,11,13,0,0,2,11
0xa5c4fe,96.4286%,2,54,56,0,0,2,54
0x81099c,90%,2,18,20,0,0,2,18
0x8dabbf,95.4545%,2,42,44,42,2,0,0
0xa994cc,81.8182%,2,9,11,0,0,2,9
0xa02d09,96.8254%,2,61,63,0,0,2,61
0x80aa7b,0%,2,0,2,0,2,0,0
0x488ea1,50%,2,2,4,0,0,2,2
0x810a38,90%,2,18,20,18,2,0,0
0x5a6512,0%,2,0,2,0,1,1,0
0x80b8cd,99.0385%,2,206,208,206,2,0,0
0x67ac00,66.6667%,2,4,6,0,0,2,4
0x78d265,0%,2,0,2,0,0,2,0
0x806f6a,99.4898%,2,390,392,0,0,2,390
0xa2394a,98.1818%,2,108,110,108,2,0,0
0x80a478,99.7628%,2,841,843,841,0,2,0
0x811fbd,95.4545%,2,42,44,30,0,2,12
0x48e588,95.8333%,2,46,48,0,1,1,46
0x944319,99.6865%,2,636,638,0,0,2,636
0x48c42c,50%,2,2,4,1,1,1,1
0x5dae4d,50%,2,2,4,2,2,0,0
0xa97f1b,83.3333%,2,10,12,10,2,0,0
0x820beb,96%,2,48,50,48,2,0,0
0x48d677,97.1014%,2,67,69,0,0,2,67
0x804757,0%,2,0,2,0,0,2,0
0x4a7d2c,99.2701%,2,272,274,272,1,1,0
0xa9bd08,80%,2,8,10,8,2,0,0
0x8058b7,99.1071%,2,222,224,222,2,0,0
0x5bcec6,95.4545%,2,42,44,42,2,0,0
0x9f5168,81.8182%,2,9,11,0,0,2,9
0x9eb6cd,97.2222%,2,70,72,0,0,2,70
0xa3fe84,88.8889%,2,16,18,0,0,2,16
0xa2d9ef,90%,2,18,20,0,2,0,18
0xa3fd93,66.6667%,2,4,6,4,2,0,0
0x671000,0%,2,0,2,0,2,0,0
0x9ee103,98.7578%,2,159,161,0,0,2,159
0x6750f2,33.3333%,2,1,3,0,0,2,1
0x9ff68e,60%,2,3,5,0,0,2,3
0xa96c19,60%,2,3,5,2,0,2,1
0xa35da7,99.5536%,2,446,448,0,0,2,446
0x80ae55,94.5946%,2,35,37,0,2,0,35
0x67f0cf,99.9532%,2,4267,4269,0,0,2,4267
0x591f52,97.1429%,2,68,70,0,0,2,68
0x80ca84,99.2908%,2,280,282,280,2,0,0
0xa98d84,60%,2,3,5,1,2,0,2
0x81fcac,97.9592%,2,96,98,0,0,2,96
0x81198c,0%,2,0,2,0,0,2,0
0xa992df,33.3333%,2,1,3,1,2,0,0
0x804dff,0%,2,0,2,0,0,2,0
0x4bcd06,84.6154%,2,11,13,0,0,2,11
0x8ec9f6,99.9062%,2,2130,2132,0,0,2,2130
0x49c107,97.8947%,2,93,95,0,0,2,93
0xa37355,95.2381%,2,40,42,0,0,2,40
0x4a6c34,95.2381%,2,40,42,40,2,0,0
0x48277f,71.4286%,2,5,7,0,0,2,5
0x80f427,50%,2,2,4,0,0,2,2
0xa3d9f0,75%,2,6,8,0,0,2,6
0x80f446,75%,2,6,8,0,0,2,6
0xa06357,66.6667%,2,4,6,1,0,2,3
0xa3fd25,93.75%,2,30,32,30,2,0,0
0x9712bf,60%,2,3,5,0,0,2,3
0x80d8d9,99.0909%,2,218,220,0,0,2,218
0xa93782,93.1034%,2,27,29,27,2,0,0
0x649cef,0%,2,0,2,0,2,0,0
0x4b850f,33.3333%,2,1,3,1,2,0,0
0xa9c572,98.995%,2,197,199,0,0,2,197
0x8062b1,0%,2,0,2,0,2,0,0
0xa3d10d,75%,2,6,8,6,2,0,0
0x4a8519,80%,2,8,10,0,2,0,8
0x90224c,99.8813%,2,1683,1685,1683,2,0,0
0x80dbe7,99.0909%,2,218,220,218,2,0,0
0xa9e153,95%,2,38,40,0,0,2,38
0x9e3fe6,89.4737%,2,17,19,0,0,2,17
0xa50c4c,96.9697%,2,64,66,0,0,2,64
0xa92f79,71.4286%,2,5,7,5,2,0,0
0x96b20c,93.75%,2,30,32,0,0,2,30
0xa3d095,75%,2,6,8,0,0,2,6
0x9d064d,96.7742%,2,60,62,0,0,2,60
0x8ec547,0%,2,0,2,0,0,2,0
0x639bf7,99.6933%,2,650,652,650,2,0,0
0x80dda7,98.2456%,2,112,114,112,2,0,0
0xb22bb4,99.8929%,2,1866,1868,0,0,2,1866
0x64baf7,99.8563%,2,1390,1392,1390,2,0,0
0x80ded1,99.0909%,2,218,220,0,0,2,218
0x8ee721,99.4609%,2,369,371,0,0,2,369
0x48bd5b,98%,2,98,100,98,2,0,0
0x7d2b31,84.6154%,2,11,13,11,2,0,0
0x48db91,99.3921%,2,327,329,0,0,2,327
0x48db8c,99.3921%,2,327,329,0,0,2,327
0xa3fe06,92.8571%,2,26,28,26,2,0,0
0x48d7e0,98.1308%,2,105,107,105,2,0,0
0x58e748,66.6667%,2,4,6,4,2,0,0
0xa04559,60%,2,3,5,3,2,0,0
0x80d830,50%,2,2,4,1,1,1,1
0x8a70d9,96.4286%,2,54,56,54,2,0,0
0x80a1c9,50%,2,2,4,0,0,2,2
0xa4a7ab,0%,2,0,2,0,0,2,0
0x48f5e3,33.3333%,2,1,3,0,0,2,1
0x811c3e,99.2308%,2,258,260,258,2,0,0
0x803851,0%,2,0,2,0,2,0,0
0xa3fdab,88.8889%,2,16,18,0,0,2,16
0x8049bc,0%,2,0,2,0,2,0,0
0x9591c6,33.3333%,2,1,3,1,2,0,0
0x59f52b,50%,2,2,4,0,2,0,2
0xa99e27,86.6667%,2,13,15,0,0,2,13
0x48da88,95.6522%,2,44,46,44,2,0,0
0x40bc42,50%,2,2,4,0,0,2,2
0xa4165c,92%,2,23,25,0,0,2,23
0x40aa63,92.3077%,2,24,26,24,1,1,0
0x9a32ea,98.6301%,2,144,146,0,0,2,144
0x4bc065,87.5%,2,14,16,0,0,2,14
0xa558f7,50%,2,2,4,0,2,0,2
0xa4dfe7,50%,2,2,4,0,2,0,2
0xa5c61c,80%,2,8,10,8,2,0,0
0x50901a,66.6667%,2,4,6,4,2,0,0
0x4bc071,87.5%,2,14,16,0,0,2,14
0x787d7f,66.6667%,2,4,6,4,2,0,0
0xa32805,97.2222%,2,70,72,0,0,2,70
0x9e01ba,92.8571%,2,26,28,0,0,2,26
0xa9093e,99.511%,2,407,409,0,0,2,407
0x835ee9,0%,2,0,2,0,2,0,0
0x96ae8b,95.6522%,2,44,46,0,0,2,44
0x67f6d8,98.1132%,2,104,106,0,0,2,104
0x905bf9,99.3289%,2,296,298,296,2,0,0
0x8d2e99,0%,2,0,2,0,2,0,0
0xb32388,99.7936%,2,967,969,0,0,2,967
0x8f6b9c,86.6667%,2,13,15,13,2,0,0
0x70e883,66.6667%,2,4,6,4,2,0,0
0x8ffb3e,98.2609%,2,113,115,0,0,2,113
0x8d3907,99.4609%,2,369,371,0,2,0,369
0x8d30ce,99.1903%,2,245,247,9,2,0,236
0x555bda,94.7368%,2,36,38,0,0,2,36
0x403d0c,96.2963%,2,52,54,13,1,1,39
0x81c934,98.8701%,2,175,177,0,0,2,175
0xa97f09,83.3333%,2,10,12,0,0,2,10
0x4c279d,66.6667%,2,4,6,0,1,1,4
0x80707b,99.4898%,2,390,392,390,2,0,0
0x821294,0%,2,0,2,0,0,2,0
0x90ba62,99.651%,2,571,573,0,0,2,571
0x404458,96.9697%,2,64,66,18,2,0,46
0x9a0bf8,92.8571%,2,26,28,0,0,2,26
0x8a5e2c,99.3631%,2,312,314,0,0,2,312
0xa46288,95.122%,2,39,41,0,0,2,39
0x8d3310,91.6667%,2,22,24,21,0,2,1
0x504787,71.4286%,2,5,7,0,0,2,5
0x8df0d9,91.6667%,2,22,24,0,0,2,22
0x5b9a56,97.7011%,2,85,87,12,2,0,73
0x780884,88.8889%,2,16,18,16,2,0,0
0x81bdf7,99.8535%,2,1363,1365,1363,2,0,0
0x943a61,50%,2,2,4,0,0,2,2
0xa90245,94.7368%,2,36,38,0,0,2,36
0x8fd812,66.6667%,2,4,6,0,0,2,4
0x9439a5,50%,2,2,4,0,2,0,2
0x8fd844,66.6667%,2,4,6,2,1,1,2
0x8a8f66,98.5294%,2,134,136,134,2,0,0
0x80418f,96.6667%,2,58,60,55,0,2,3
0x9f5d5b,98.895%,2,179,181,0,0,2,179
0x8b9cc5,97.2603%,2,71,73,0,0,2,71
0xa33990,99.639%,2,552,554,0,0,2,552
0xa95aaf,0%,2,0,2,0,0,2,0
0x492b3b,0%,2,0,2,0,2,0,0
0x8b9932,81.8182%,2,9,11,0,0,2,9
0x409cda,99.449%,2,361,363,0,0,2,361
0xa948f4,99.5536%,2,446,448,446,2,0,0
0xa99d24,81.8182%,2,9,11,0,0,2,9
0x98cc2e,88.8889%,2,16,18,0,0,2,16
0x505a49,50%,2,2,4,0,0,2,2
0x81227b,97.9798%,2,97,99,97,2,0,0
0x81b0bf,99.6161%,2,519,521,0,0,2,519
0x9f454a,97.5%,2,78,80,0,0,2,78
0x902808,94.7368%,2,36,38,33,2,0,3
0x8a9e31,99.7984%,2,990,992,990,2,0,0
0xa4200a,99.4681%,2,374,376,0,0,2,374
0xa39d9b,96.9231%,2,63,65,63,2,0,0
0x8f20a5,88.2353%,2,15,17,0,0,2,15
0xa9454d,93.1034%,2,27,29,0,0,2,27
0xa94573,93.1034%,2,27,29,1,1,1,26
0xa9458b,92.5926%,2,25,27,25,2,0,0
0x8d3f66,84.6154%,2,11,13,1,2,0,10
0x7c5d7d,85.7143%,2,12,14,0,0,2,12
0x8d38ca,66.6667%,2,4,6,4,2,0,0
0x4bf74b,91.6667%,2,22,24,0,0,2,22
0x8ed304,66.6667%,2,4,6,0,0,2,4
0x8d3834,50%,2,2,4,2,2,0,0
0x670e12,0%,2,0,2,0,0,2,0
0x8d38e2,87.5%,2,14,16,0,2,0,14
0x80a583,99.3884%,2,325,327,325,2,0,0
0x8d3932,0%,2,0,2,0,2,0,0
0x404934,99.2278%,2,257,259,0,0,2,257
0xa901e5,92%,2,23,25,23,2,0,0
0xb1799c,99.8115%,2,1059,1061,0,0,2,1059
0x8dd133,96.8254%,2,61,63,61,2,0,0
0x60a9b8,99.6%,2,498,500,498,2,0,0
0x4a9beb,80%,2,8,10,7,1,1,1
0x8d3b51,99.187%,2,244,246,244,0,2,0
0x556147,99.7677%,2,859,861,0,0,2,859
0x696311,99.8201%,2,1110,1112,1110,2,0,0
0x555ded,90%,2,18,20,0,0,2,18
0x50b9e3,50%,2,2,4,2,0,2,0
0x90fffa,99.7059%,2,678,680,678,2,0,0
0xa4c7da,50%,2,2,4,0,0,2,2
0x50b7ae,50%,2,2,4,0,0,2,2
0x7b862b,77.7778%,2,7,9,5,2,0,2
0x50bd1b,0%,2,0,2,0,2,0,0
0xa4c645,50%,2,2,4,2,2,0,0
0x94445b,0%,2,0,2,0,0,2,0
0x65a389,99.9213%,2,2539,2541,0,0,2,2539
0x63fb92,99.8923%,2,1855,1857,0,0,2,1855
0xa98835,86.6667%,2,13,15,5,2,0,8
0xa9c730,98.5915%,2,140,142,0,0,2,140
0xa35db2,99.5536%,2,446,448,0,0,2,446
0x9cfbb0,98.374%,2,121,123,0,0,2,121
0x492fc0,94.1176%,2,32,34,32,2,0,0
0x692387,90.9091%,2,20,22,0,0,2,20
0x51b72a,89.4737%,2,17,19,17,2,0,0
0x4b539a,0%,2,0,2,0,0,2,0
0x5f840b,98.6667%,2,148,150,3,1,1,145
0x4c34a0,91.3043%,2,21,23,4,0,2,17
0x8ffc07,98.1481%,2,106,108,0,0,2,106
0x4b8ebe,50%,2,2,4,2,2,0,0
0x5bb5ef,0%,2,0,2,0,0,2,0
0x4b9027,50%,2,2,4,0,0,2,2
0x97b7fd,89.4737%,2,17,19,17,2,0,0
0x94c956,96.875%,2,62,64,62,2,0,0
0x81b94f,99.3691%,2,315,317,0,0,2,315
0x8dbb2f,99.3651%,2,313,315,0,0,2,313
0x9fcf70,88.8889%,2,16,18,16,2,0,0
0x943d50,80%,2,8,10,0,0,2,8
0x59e726,75%,2,6,8,4,0,2,2
0x5f0c02,99.3464%,2,304,306,0,0,2,304
0x4be4d0,71.4286%,2,5,7,0,0,2,5
0x5e4348,33.3333%,2,1,3,0,0,2,1
0xa60c61,99.1561%,2,235,237,0,0,2,235
0xace165,0%,2,0,2,0,2,0,0
0x5387e4,99.9541%,2,4359,4361,4359,2,0,0
0x59bfb7,96.2264%,2,51,53,51,2,0,0
0x6484d3,0%,2,0,2,0,2,0,0
0x9771c3,97.5904%,2,81,83,81,0,2,0
0x65bf44,83.3333%,2,10,12,10,2,0,0
0x78e079,75%,2,6,8,3,1,1,3
0x8e0e9f,99.3769%,2,319,321,319,2,0,0
0x9771f2,50%,2,2,4,0,2,0,2
0x65be82,83.3333%,2,10,12,0,0,2,10
0x7e81a8,0%,2,0,2,0,2,0,0
0x9c5159,75%,2,6,8,3,1,1,3
0x8a9117,92.5926%,2,25,27,0,0,2,25
0x97265d,99.2674%,2,271,273,0,0,2,271
0x9d07be,96.7742%,2,60,62,0,0,2,60
0x8ef253,75%,2,6,8,0,0,2,6
0x943cd6,80%,2,8,10,0,0,2,8
0x4bd7c7,71.4286%,2,5,7,5,2,0,0
0x48fb1c,33.3333%,2,1,3,0,0,2,1
0x5121c3,94.8718%,2,37,39,0,0,2,37
0x4b8520,33.3333%,2,1,3,1,0,2,0
0x5f3814,33.3333%,2,1,3,1,2,0,0
0xa34de3,99.7301%,2,739,741,739,2,0,0
0x4b85eb,0%,2,0,2,0,0,2,0
0x7cfa3c,80%,2,8,10,8,2,0,0
0x78b6b6,83.3333%,2,10,12,0,0,2,10
0x81216d,50%,2,2,4,2,2,0,0
0x4b85f6,0%,2,0,2,0,2,0,0
0x5406f0,50%,2,2,4,0,2,0,2
0x99b7e2,84.6154%,2,11,13,0,0,2,11
0x8101c8,99.7494%,2,796,798,0,0,2,796
0x4873d3,97.8495%,2,91,93,0,2,0,91
0x4900e4,80%,2,8,10,0,0,2,8
0x8c7bc7,96.2963%,2,52,54,52,2,0,0
0x812014,50%,2,2,4,1,1,1,1
0x48aa59,99.9631%,2,5417,5419,0,0,2,5417
0x8212a4,0%,2,0,2,0,0,2,0
0x5969ef,87.5%,2,14,16,14,2,0,0
0x51b85c,99.7917%,2,958,960,0,0,2,958
0x8ed45b,66.6667%,2,4,6,0,0,2,4
0x649cb2,0%,2,0,2,0,0,2,0
0xa5b4ab,83.3333%,2,10,12,0,0,2,10
0xa28015,80%,2,8,10,8,2,0,0
0x9a0c8d,92.8571%,2,26,28,0,0,2,26
0xa7b0f4,60%,2,3,5,3,2,0,0
0xa55c49,97.5904%,2,81,83,0,0,2,81
0x900c71,99.4012%,2,332,334,332,2,0,0
0x80e000,99.0909%,2,218,220,218,2,0,0
0x78e0f2,0%,2,0,2,0,0,2,0
0x55b390,99.8093%,2,1047,1049,0,0,2,1047
0x7afd64,92.8571%,2,26,28,0,0,2,26
0x8eb027,66.6667%,2,4,6,0,0,2,4
0x504d26,0%,2,0,2,0,2,0,0
0x9f0447,99.0099%,2,200,202,37,2,0,163
0x8d3f8a,84.6154%,2,11,13,0,0,2,11
0x4be42d,50%,2,2,4,0,0,2,2
0x8e4916,99.6875%,2,638,640,0,0,2,638
0x50ff98,99.3103%,2,288,290,0,0,2,288
0x972cbd,98.5714%,2,138,140,0,0,2,138
0x9be9b6,0%,2,0,2,0,0,2,0
0x64a27e,0%,2,0,2,0,0,2,0
0xa345cc,98.4733%,2,129,131,0,0,2,129
0x8a5c0c,0%,2,0,2,0,2,0,0
0xa15a1b,99.5745%,2,468,470,0,0,2,468
0x4b84ab,0%,2,0,2,0,0,2,0
0x5023fa,99.1031%,2,221,223,221,2,0,0
0xa02b82,97.3684%,2,74,76,74,0,2,0
0xa37c37,60%,2,3,5,0,0,2,3
0x95103f,33.3333%,2,1,3,1,0,2,0
0x5a5e59,50%,2,2,4,2,2,0,0
0x8f6c78,86.6667%,2,13,15,13,2,0,0
0x97abe0,85.7143%,2,12,14,12,2,0,0
0x65c0b4,99.5575%,2,450,452,0,0,2,450
0xa1a163,60%,2,3,5,3,2,0,0
0x80e4a3,0%,2,0,2,0,0,2,0
0xa8aba4,98.8571%,2,173,175,0,0,2,173
0x670dea,0%,2,0,2,0,0,2,0
0x8043c7,77.7778%,2,7,9,0,0,2,7
0x9e125a,92.5926%,2,25,27,0,0,2,25
0xa3d29f,75%,2,6,8,6,2,0,0
0xa54a96,75%,2,6,8,0,0,2,6
0x649333,0%,2,0,2,0,2,0,0
0x487918,0%,2,0,2,0,0,2,0
0x90c28c,99.9054%,2,2112,2114,2112,2,0,0
0x5f9dde,0%,2,0,2,0,2,0,0
0x80643e,87.5%,2,14,16,0,0,2,14
0x8041b3,60%,2,3,5,0,0,2,3
0x7f0ccb,92%,2,23,25,23,2,0,0
0x80427f,60%,2,3,5,3,1,1,0
0x5f6025,0%,2,0,2,0,2,0,0
0xa533aa,66.6667%,2,4,6,0,2,0,4
0x5044dc,99.7297%,2,738,740,738,2,0,0
0x5f8a91,75%,2,6,8,0,0,2,6
0x5be7fd,95.5556%,2,43,45,0,2,0,43
0x7aeafd,90.4762%,2,19,21,0,0,2,19
0x804dcf,50%,2,2,4,0,0,2,2
0x817e19,83.3333%,2,10,12,0,0,2,10
0xa468b0,92.3077%,2,24,26,24,2,0,0
0xa5f33a,50%,2,2,4,2,2,0,0
0x8aad35,90.9091%,2,20,22,20,2,0,0
0x673cfc,89.4737%,2,17,19,17,2,0,0
0x555b0e,33.3333%,2,1,3,1,2,0,0
0x9730b8,92.5926%,2,25,27,0,2,0,25
0x8ecab6,0%,2,0,2,0,2,0,0
0x59f8dc,50%,2,2,4,2,2,0,0
0x812045,83.3333%,2,10,12,0,2,0,10
0x493e4e,0%,2,0,2,0,2,0,0
0x81160a,0%,2,0,2,0,2,0,0
0x405043,90.4762%,2,19,21,19,2,0,0
0x9e86d9,93.75%,2,30,32,30,2,0,0
0x8144a6,99.6255%,2,532,534,0,0,2,532
0x80417a,96.6667%,2,58,60,0,0,2,58
0x5d8e21,80%,2,8,10,8,2,0,0
0x59f000,50%,2,2,4,1,1,1,1
0x59ec84,50%,2,2,4,2,2,0,0
0xa5d221,96.7213%,2,59,61,59,2,0,0
0xa7a2db,33.3333%,2,1,3,1,2,0,0
0x5f9dd2,90.4762%,2,19,21,19,2,0,0
0xa5f582,98.8506%,2,172,174,0,0,2,172
0x539123,98.4848%,2,130,132,0,0,2,130
0x50c10c,90%,2,18,20,0,0,2,18
0xa9fec0,33.3333%,2,1,3,1,2,0,0
0x48c102,97.6744%,2,84,86,84,2,0,0
0x8a5e17,99.3631%,2,312,314,0,0,2,312
0x8ad8af,0%,2,0,2,0,2,0,0
0x9fb65b,99.187%,2,244,246,0,0,2,244
0x5f49d7,0%,2,0,2,0,2,0,0
0x9f63c2,33.3333%,2,1,3,0,0,2,1
0xb313d3,99.1111%,2,223,225,0,0,2,223
0xa95dd9,99.6516%,2,572,574,0,0,2,572
0x8bc0ac,0%,2,0,2,0,0,2,0
0x8ee8f0,33.3333%,2,1,3,1,2,0,0
0xa5be8d,93.75%,2,30,32,0,0,2,30
0x4a73d8,96.6667%,2,58,60,0,0,2,58
0x8a24cb,99.4286%,2,348,350,0,0,2,348
0x65af91,84.6154%,2,11,13,0,0,2,11
0xa537ab,66.6667%,2,4,6,4,2,0,0
0x50329c,0%,2,0,2,0,0,2,0
0x8a6758,77.7778%,2,7,9,0,0,2,7
0x806882,97.3333%,2,73,75,0,0,2,73
0x9ab5de,98.5612%,2,137,139,0,0,2,137
0x5f7b32,98.8024%,2,165,167,0,0,2,165
0x63ebc9,99.929%,2,2816,2818,2816,2,0,0
0x40e550,87.5%,2,14,16,0,0,2,14
0x944204,99.7579%,2,824,826,0,0,2,824
0x8deeb7,75%,2,6,8,0,0,2,6
0xa21b53,0%,2,0,2,0,1,1,0
0xaaa608,71.4286%,2,5,7,5,2,0,0
0x8068d4,91.6667%,2,22,24,22,2,0,0
0x5be7ca,0%,2,0,2,0,0,2,0
0x4b53b6,0%,2,0,2,0,0,2,0
0x815a60,98.5612%,2,137,139,0,0,2,137
0x904381,99.5984%,2,496,498,0,0,2,496
0x81ca16,98.8372%,2,170,172,0,2,0,170
0x80466f,0%,2,0,2,0,0,2,0
0x8046e7,96.2963%,2,52,54,0,0,2,52
0xa2ed7e,93.1034%,2,27,29,0,0,2,27
0x959364,50%,2,2,4,0,0,2,2
0x808c28,99.7628%,2,841,843,841,0,2,0
0xa53e73,98.7805%,2,162,164,0,0,2,162
0x6486ea,96.4286%,2,54,56,0,0,2,54
0x9d37cf,96.0784%,2,49,51,49,2,0,0
0xa60c20,60%,2,3,5,0,0,2,3
0xa329f8,0%,2,0,2,0,0,2,0
0x807774,98.8166%,2,167,169,0,0,2,167
0xa94241,0%,2,0,2,0,0,2,0
0x8d3a33,80%,2,8,10,0,0,2,8
0xa347b8,99.8459%,2,1296,1298,0,0,2,1296
0x816863,99.115%,2,224,226,0,0,2,224
0x81cefe,96.6667%,2,58,60,58,2,0,0
0xa942ae,75%,2,6,8,6,2,0,0
0x8d3d53,93.5484%,2,29,31,0,0,2,29
0x8222f1,94.8718%,2,37,39,37,2,0,0
0x901276,95%,2,38,40,38,2,0,0
0xa33f40,98.1651%,2,107,109,0,0,2,107
0x5bcf51,50%,2,2,4,0,2,0,2
0xa36e6f,80%,2,8,10,0,0,2,8
0x908cb2,99.639%,2,552,554,552,2,0,0
0x7b061a,33.3333%,2,1,3,0,0,2,1
0x8a94d7,99.9351%,2,3078,3080,1543,2,0,1535
0xa94b33,50%,2,2,4,0,0,2,2
0xa94b37,50%,2,2,4,0,0,2,2
0x9112d1,99.8068%,2,1033,1035,0,0,2,1033
0x7b05fe,33.3333%,2,1,3,0,0,2,1
0x78e091,50%,2,2,4,0,0,2,2
0xa4cf6d,75%,2,6,8,0,0,2,6
0x599367,99.9519%,2,4152,4154,0,0,2,4152
0x8fd786,86.6667%,2,13,15,0,0,2,13
0xa96536,50%,2,2,4,2,2,0,0
0xa95aa6,50%,2,2,4,2,0,2,0
0xa35935,99.8002%,2,999,1001,0,0,2,999
0x540a23,85.7143%,2,12,14,12,0,2,0
0x5d463a,88.8889%,2,16,18,2,2,0,14
0xa0758a,71.4286%,2,5,7,3,1,1,2
0x9a3f4b,92.8571%,2,26,28,0,0,2,26
0x942c50,97.3333%,2,73,75,0,0,2,73
0x8a9408,99.9351%,2,3078,3080,0,0,2,3078
0xa97547,98.6577%,2,147,149,0,0,2,147
0x9d2774,96.7742%,2,60,62,60,1,1,0
0x591c0a,0%,2,0,2,0,1,1,0
0x809294,0%,2,0,2,0,0,2,0
0x63e517,99.7919%,2,959,961,0,0,2,959
0xa9036d,98.4733%,2,129,131,129,2,0,0
0x506006,97.8495%,2,91,93,91,2,0,0
0xa4ffb3,89.4737%,2,17,19,0,0,2,17
0x8d42e7,83.3333%,2,10,12,0,0,2,10
0x503580,0%,2,0,2,0,0,2,0
0x815f29,0%,2,0,2,0,2,0,0
0x670b55,0%,2,0,2,0,2,0,0
0x590a1d,0%,2,0,2,0,2,0,0
0xa5d16b,92%,2,23,25,0,1,1,23
0x64e041,99.4302%,2,349,351,349,2,0,0
0x81341c,99.8818%,2,1690,1692,1690,2,0,0
0xa3032e,99.2157%,2,253,255,0,0,2,253
0x9e0fb4,97.5%,2,78,80,0,0,2,78
0x9e864d,95.122%,2,39,41,0,0,2,39
0x488bd3,98.9899%,2,196,198,0,2,0,196
0x813f33,99.7101%,2,688,690,688,2,0,0
0x6084b6,85.7143%,2,12,14,0,0,2,12
0x9ed206,66.6667%,2,4,6,0,0,2,4
0x80fd44,99.978%,2,9086,9088,9086,2,0,0
0xa2ffda,99.1228%,2,226,228,226,2,0,0
0x8c825a,99.8942%,2,1888,1890,0,0,2,1888
0xa5779b,85.7143%,2,12,14,0,0,2,12
0x8ebe47,88.8889%,2,16,18,0,0,2,16
0x410492,90.9091%,2,20,22,20,2,0,0
0x4b0d64,0%,2,0,2,0,2,0,0
0x647dbd,96.0784%,2,49,51,49,2,0,0
0x863252,0%,2,0,2,0,2,0,0
0x919037,0%,2,0,2,0,2,0,0
0x47c0cf,0%,2,0,2,0,2,0,0
0x803b5b,0%,2,0,2,0,0,2,0
0x8dc4f1,50%,2,2,4,2,2,0,0
0x67b57a,99.8885%,2,1792,1794,1792,2,0,0
0xaa7f08,83.3333%,2,10,12,0,0,2,10
0xa32df7,99.0476%,2,208,210,0,0,2,208
0x8d3de7,93.5484%,2,29,31,29,2,0,0
0xa47c80,94.8718%,2,37,39,37,2,0,0
0x7afd44,92.8571%,2,26,28,0,0,2,26
0xa64c25,66.6667%,2,4,6,4,0,2,0
0x792174,90.4762%,2,19,21,14,1,1,5
0x7f3e8c,86.6667%,2,13,15,0,0,2,13
0x78c004,0%,2,0,2,0,0,2,0
0x8195d9,99.3921%,2,327,329,0,0,2,327
0x9f0ebf,94.7368%,2,36,38,36,2,0,0
0x811581,60%,2,3,5,3,2,0,0
0x7ad549,92.3077%,2,24,26,0,0,2,24
0x65a0ed,98.1982%,2,109,111,0,0,2,109
0x5ff272,99.1453%,2,232,234,0,0,2,232
0x980d70,95.7447%,2,45,47,0,0,2,45
0x78c018,0%,2,0,2,0,0,2,0
0x5ff23a,97.619%,2,82,84,82,2,0,0
0x4bc50d,99.1031%,2,221,223,0,0,2,221
0x7921e3,90.4762%,2,19,21,0,0,2,19
0x494670,0%,2,0,2,0,2,0,0
0x556f54,96.3636%,2,53,55,0,0,2,53
0x959efd,50%,2,2,4,2,2,0,0
0x90fd63,99.2857%,2,278,280,278,2,0,0
0xa51104,50%,2,2,4,0,0,2,2
0x58c246,99.3711%,2,316,318,94,2,0,222
0x8ee224,98.9071%,2,181,183,0,0,2,181
0x9e11bc,92.3077%,2,24,26,0,0,2,24
0xa2f03c,97.619%,2,82,84,0,0,2,82
0x9f03c0,99.4778%,2,381,383,0,0,2,381
0x5f5e50,0%,2,0,2,0,2,0,0
0x64abe4,75%,2,6,8,6,0,2,0
0x9e57aa,94.8718%,2,37,39,37,2,0,0
0x4c9300,87.5%,2,14,16,0,0,2,14
0x7826c1,66.6667%,2,4,6,0,0,2,4
0x6492df,97.3684%,2,74,76,0,2,0,74
0x679692,98.2143%,2,110,112,110,2,0,0
0x441557,81.8182%,2,9,11,0,0,2,9
0x5463ff,99.4286%,2,348,350,0,0,2,348
0x81732c,92%,2,23,25,0,1,1,23
0xa0a5f7,50%,2,2,4,2,2,0,0
0x4b49fd,80%,2,8,10,0,2,0,8
0x5459d2,75%,2,6,8,6,2,0,0
0x4415ee,81.8182%,2,9,11,0,0,2,9
0x8ad577,97.8947%,2,93,95,0,2,0,93
0x5fc11d,95%,2,38,40,38,2,0,0
0x906a06,97.4684%,2,77,79,0,0,2,77
0x5ffa53,97.8261%,2,90,92,44,2,0,46
0x9593b4,98.3871%,2,122,124,122,2,0,0
0x8da95d,0%,2,0,2,0,2,0,0
0x97b9ac,97.5904%,2,81,83,81,2,0,0
0x9a7edc,92%,2,23,25,0,0,2,23
0xa46e56,88.8889%,2,16,18,16,2,0,0
0xaa9f36,92.5926%,2,25,27,0,0,2,25
0x9fdbfb,88.8889%,2,16,18,0,0,2,16
0xa098bb,84.6154%,2,11,13,6,2,0,5
0x66f4cf,71.4286%,2,5,7,5,1,1,0
0x9f27aa,99.8586%,2,1412,1414,1412,2,0,0
0xa31283,96.1538%,2,50,52,50,2,0,0
0x8a243e,0%,2,0,2,0,2,0,0
0xa46ef7,88.8889%,2,16,18,0,0,2,16
0x8e905b,0%,2,0,2,0,0,2,0
0x81934b,94.1176%,2,32,34,0,0,2,32
0x8c8645,98.9744%,2,193,195,0,0,2,193
0x97b94f,98.2456%,2,112,114,0,0,2,112
0x8e4f04,99.6071%,2,507,509,0,0,2,507
0x5bd916,99.7912%,2,956,958,956,2,0,0
0xa02afa,77.7778%,2,7,9,7,2,0,0
0xad4352,33.3333%,2,1,3,0,0,2,1
0x541243,98.9305%,2,185,187,185,2,0,0
0x9e10cb,93.1034%,2,27,29,27,2,0,0
0x817e81,96.3636%,2,53,55,0,0,2,53
0x7894a7,75%,2,6,8,2,2,0,4
0xa30f99,60%,2,3,5,2,1,1,1
0x95b024,95.6522%,2,44,46,44,2,0,0
0x95b406,81.8182%,2,9,11,9,2,0,0
0x9d3619,96.3636%,2,53,55,0,0,2,53
0x9f0e28,99.3056%,2,286,288,0,0,2,286
0x9e5e6b,88.2353%,2,15,17,15,2,0,0
0x80b734,33.3333%,2,1,3,0,2,0,1
0x47ffb6,89.4737%,2,17,19,0,0,2,17
0xa5366d,66.6667%,2,4,6,4,2,0,0
0x55601c,33.3333%,2,1,3,1,2,0,0
0x666c41,0%,2,0,2,0,0,2,0
0x793096,80%,2,8,10,1,1,1,7
0x7930c4,0%,2,0,2,0,0,2,0
0x8f201d,94.8718%,2,37,39,37,2,0,0
0x7ac234,87.5%,2,14,16,9,1,1,5
0x81f7e4,95.7447%,2,45,47,0,0,2,45
0x80929c,94.4444%,2,34,36,0,2,0,34
0x9f1738,97.7778%,2,88,90,0,0,2,88
0x95aed1,91.3043%,2,21,23,21,2,0,0
0x80939b,99.3939%,2,328,330,0,0,2,328
0x4417ce,81.8182%,2,9,11,0,0,2,9
0x48ef0a,75%,2,6,8,0,0,2,6
0x77112d,83.3333%,2,10,12,0,0,2,10
0x5fd73c,97.8261%,2,90,92,0,0,2,90
0x4c5c01,95.3488%,2,41,43,0,0,2,41
0xaaae3a,98.9247%,2,184,186,0,0,2,184
0x600258,91.3043%,2,21,23,0,0,2,21
0x9f09f6,98.5714%,2,138,140,0,0,2,138
0xa596f9,80%,2,8,10,0,0,2,8
0x9e3f63,89.4737%,2,17,19,0,0,2,17
0x8d20f7,0%,2,0,2,0,2,0,0
0x8ebd83,0%,2,0,2,0,0,2,0
0x4bba4e,96.4286%,2,54,56,0,0,2,54
0xa5306f,75%,2,6,8,6,2,0,0
0x556ac9,50%,2,2,4,2,2,0,0
0xa238e8,98.1818%,2,108,110,0,0,2,108
0x44190e,81.8182%,2,9,11,0,0,2,9
0x441a42,81.8182%,2,9,11,9,2,0,0
0x96c272,88.2353%,2,15,17,0,0,2,15
0x8d429a,81.8182%,2,9,11,9,2,0,0
0x5a5e07,50%,2,2,4,0,2,0,2
0x547af9,99.7976%,2,986,988,986,2,0,0
0x8df4a1,91.6667%,2,22,24,0,1,1,22
0x8b94dd,99.6737%,2,611,613,0,0,2,611
0x50fef5,0%,2,0,2,0,2,0,0
0x98b267,99.0909%,2,218,220,218,2,0,0
0xa04046,0%,2,0,2,0,0,2,0
0xa04117,66.6667%,2,4,6,3,0,2,1
0x8f6abe,99.4048%,2,334,336,0,0,2,334
0x96ae0a,0%,2,0,2,0,2,0,0
0xa55115,0%,2,0,2,0,2,0,0
0x9e6264,0%,2,0,2,0,0,2,0
0x97140b,71.4286%,2,5,7,5,2,0,0
0x550dab,91.6667%,2,22,24,0,0,2,22
0x53ec9e,98.7013%,2,152,154,0,0,2,152
0x95a790,50%,2,2,4,0,0,2,2
0x9f3239,98.7097%,2,153,155,0,0,2,153
0xa21b87,0%,2,0,2,0,0,2,0
0x8ed07c,98.9691%,2,192,194,0,0,2,192
0xa557ec,50%,2,2,4,2,0,2,0
0xa44015,96.875%,2,62,64,62,2,0,0
0x81b482,66.6667%,2,4,6,4,2,0,0
0x95a76a,50%,2,2,4,2,2,0,0
0x6402e6,99.929%,2,2816,2818,2816,2,0,0
0x8bf17e,0%,2,0,2,0,0,2,0
0x491534,98.7342%,2,156,158,0,0,2,156
0xa558d8,50%,2,2,4,0,2,0,2
0x507817,88.8889%,2,16,18,16,2,0,0
0x7c79ca,93.75%,2,30,32,6,2,0,24
0x8e9f08,99.7159%,2,702,704,0,0,2,702
0x4b8647,81.8182%,2,9,11,9,2,0,0
0x4ca6fd,0%,2,0,2,0,2,0,0
0x81905d,94.1176%,2,32,34,0,0,2,32
0x819822,97.0588%,2,66,68,66,2,0,0
0x81a4ab,99.7582%,2,825,827,825,2,0,0
0xa29819,50%,2,2,4,2,2,0,0
0xa430ab,50%,2,2,4,2,2,0,0
0x5f6188,83.3333%,2,10,12,10,0,2,0
0x81e45f,99.7525%,2,806,808,806,2,0,0
0x970fbe,83.3333%,2,10,12,0,0,2,10
0x5031d3,0%,2,0,2,0,2,0,0
0x970fd4,71.4286%,2,5,7,3,2,0,2
0x99e01d,86.6667%,2,13,15,0,0,2,13
0x66f3f9,0%,2,0,2,0,0,2,0
0x688e9f,91.6667%,2,22,24,0,0,2,22
0xa4687b,97.6744%,2,84,86,13,2,0,71
0x99dade,90.4762%,2,19,21,19,2,0,0
0x8e74c4,97.1831%,2,69,71,69,2,0,0
0x80ba81,50%,2,2,4,2,0,2,0
0x9712a4,80%,2,8,10,5,0,2,3
0xa4f82a,0%,2,0,2,0,0,2,0
0xa4f84b,0%,2,0,2,0,2,0,0
0x9112f9,99.8068%,2,1033,1035,1033,2,0,0
0x80c3cd,98.5915%,2,140,142,140,1,1,0
0x9a9f2f,92.8571%,2,26,28,26,2,0,0
0xa91778,94.1176%,2,32,34,0,2,0,32
0xa37202,80%,2,8,10,8,2,0,0
0x9aa132,93.9394%,2,31,33,0,0,2,31
0x809ec2,50%,2,2,4,2,0,2,0
0x9aa1ef,94.5946%,2,35,37,0,0,2,35
0x4a7446,94.8718%,2,37,39,37,2,0,0
0x6625cb,87.5%,2,14,16,14,2,0,0
0xa53152,80%,2,8,10,0,2,0,8
0x4ab86d,93.5484%,2,29,31,0,0,2,29
0x4a9c58,87.5%,2,14,16,14,2,0,0
0x816271,95.5556%,2,43,45,43,0,2,0
0x8bcc65,93.5484%,2,29,31,0,0,2,29
0x4c97c7,71.4286%,2,5,7,5,2,0,0
0x7c9d3c,50%,2,2,4,2,2,0,0
0x973ee2,83.3333%,2,10,12,0,0,2,10
0x9a7e26,92%,2,23,25,0,0,2,23
0x7c7afa,91.6667%,2,22,24,0,0,2,22
0x8e4145,99.4638%,2,371,373,371,2,0,0
0x4ab88e,93.5484%,2,29,31,24,1,1,5
0x5f03f7,98.0952%,2,103,105,0,0,2,103
0x9b9030,77.7778%,2,7,9,7,2,0,0
0xa49833,99.2857%,2,278,280,278,2,0,0
0x4c9ea5,50%,2,2,4,2,2,0,0
0x48145d,89.4737%,2,17,19,17,2,0,0
0x9e830e,92%,2,23,25,0,0,2,23
0x64bb47,99.8563%,2,1390,1392,0,0,2,1390
0xa3bb3f,88.8889%,2,16,18,16,2,0,0
0x4a7aba,99.6117%,2,513,515,0,0,2,513
0x9a11b3,97.5309%,2,79,81,0,0,2,79
0xa55905,0%,2,0,2,0,0,2,0
0x4a5904,96.3636%,2,53,55,0,0,2,53
0xa97e5e,90.9091%,2,20,22,20,0,2,0
0xa559ed,50%,2,2,4,0,0,2,2
0xa51b4a,95%,2,38,40,38,2,0,0
0x803ebb,99.0244%,2,203,205,203,2,0,0
0x7d402a,33.3333%,2,1,3,0,0,2,1
0x9d9255,0%,2,0,2,0,2,0,0
0x5511dd,50%,2,2,4,2,2,0,0
0x8e9663,0%,2,0,2,0,0,2,0
0xa1bb7c,86.6667%,2,13,15,13,2,0,0
0xa4fe86,50%,2,2,4,0,0,2,2
0xa55a90,0%,2,0,2,0,2,0,0
0x977bb8,71.4286%,2,5,7,5,2,0,0
0xa55ad3,50%,2,2,4,2,2,0,0
0x504095,96.7742%,2,60,62,0,0,2,60
0x806677,50%,2,2,4,0,0,2,2
0x99cfa1,77.7778%,2,7,9,0,0,2,7
0x512879,90%,2,18,20,18,2,0,0
0x95b8d6,50%,2,2,4,2,2,0,0
0x900be5,99.4012%,2,332,334,0,0,2,332
0x9f6904,75%,2,6,8,6,2,0,0
0x80d565,0%,2,0,2,0,0,2,0
0x9f6984,75%,2,6,8,0,0,2,6
0x54d91a,87.5%,2,14,16,0,0,2,14
0x7d1ed8,50%,2,2,4,0,0,2,2
0x9f6998,75%,2,6,8,6,2,0,0
0x403a17,80%,2,8,10,7,2,0,1
0x98cb90,99.115%,2,224,226,224,2,0,0
0xa64f3c,50%,2,2,4,0,0,2,2
0x9f6a17,90%,2,18,20,18,2,0,0
0x96e398,0%,2,0,2,0,1,1,0
0x4a7003,96.6667%,2,58,60,0,0,2,58
0xa6501b,50%,2,2,4,0,0,2,2
0x6805f8,91.3043%,2,21,23,0,0,2,21
0x8f18a4,98.9583%,2,190,192,0,0,2,190
0x95b613,50%,2,2,4,2,2,0,0
0x679b4b,99.9275%,2,2755,2757,2755,2,0,0
0xa35382,99.7831%,2,920,922,0,0,2,920
0x809156,99.6101%,2,511,513,0,0,2,511
0x49ec5a,98.7578%,2,159,161,0,0,2,159
0x8f0c45,99%,2,198,200,0,0,2,198
0x9e297b,86.6667%,2,13,15,0,0,2,13
0x8f1f1c,95%,2,38,40,0,0,2,38
0xa28a5b,87.5%,2,14,16,14,2,0,0
0x9e8131,0%,2,0,2,0,2,0,0
0xa29046,87.5%,2,14,16,14,2,0,0
0x9f2b4d,60%,2,3,5,3,2,0,0
0x6661fe,95.8333%,2,46,48,46,2,0,0
0x9f179e,95%,2,38,40,38,2,0,0
0xa294d2,87.5%,2,14,16,0,0,2,14
0x80c414,88.8889%,2,16,18,0,0,2,16
0x803e3b,88.8889%,2,16,18,0,1,1,16
0xa296f4,87.5%,2,14,16,9,0,2,5
0x80f196,99.5475%,2,440,442,0,0,2,440
0xa29721,50%,2,2,4,2,2,0,0
0x804efc,97.9167%,2,94,96,94,0,2,0
0x9d1280,87.5%,2,14,16,0,0,2,14
0xa53fcd,98.1308%,2,105,107,105,2,0,0
0xa63b96,0%,2,0,2,0,2,0,0
0x8c8da1,75%,2,6,8,6,2,0,0
0x8bd7f8,90%,2,18,20,0,0,2,18
0x819186,99.7423%,2,774,776,0,0,2,774
0x4ca41b,0%,2,0,2,0,2,0,0
0x9fcbc7,88.8889%,2,16,18,16,2,0,0
0x9e118e,93.1034%,2,27,29,27,2,0,0
0x9e709c,60%,2,3,5,1,1,1,2
0x80c051,96.2264%,2,51,53,51,2,0,0
0x9e153b,0%,2,0,2,0,0,2,0
0x8ffc75,97.0588%,2,66,68,0,0,2,66
0xa983c2,50%,2,2,4,2,2,0,0
0x9f407d,33.3333%,2,1,3,1,2,0,0
0x5904ac,97.1831%,2,69,71,0,1,1,69
0x5f0047,98.9011%,2,180,182,0,0,2,180
0x8aac89,80%,2,8,10,0,0,2,8
0x99aa2a,98.0392%,2,100,102,0,0,2,100
0x58e840,66.6667%,2,4,6,4,2,0,0
0xa04126,0%,2,0,2,0,0,2,0
0xa30e43,98.2143%,2,110,112,110,2,0,0
0x49a110,87.5%,2,14,16,14,2,0,0
0x8a9286,99.8639%,2,1468,1470,0,0,2,1468
0xa53828,71.4286%,2,5,7,5,2,0,0
0x619ddd,60%,2,3,5,0,0,2,3
0x8bf19a,0%,2,0,2,0,0,2,0
0xa2101a,66.6667%,2,4,6,0,0,2,4
0x4a59cf,87.5%,2,14,16,12,0,2,2
0x409c7f,99.3548%,2,308,310,308,2,0,0
0x499e82,87.5%,2,14,16,14,2,0,0
0x557e4d,99.7406%,2,769,771,769,2,0,0
0xaab3ac,50%,2,2,4,2,2,0,0
0xa64ae1,0%,2,0,2,0,2,0,0
0x9d699d,0%,2,0,2,0,2,0,0
0x499d88,87.5%,2,14,16,14,2,0,0
0x643a48,94.1176%,2,32,34,32,2,0,0
0x9bd441,83.3333%,2,10,12,0,0,2,10
0xa3d0b9,75%,2,6,8,6,2,0,0
0x4b589f,99.2593%,2,268,270,0,0,2,268
0x81aeb1,60%,2,3,5,3,2,0,0
0x4992ac,88.2353%,2,15,17,0,0,2,15
0x984866,50%,2,2,4,2,2,0,0
0x811b72,99.0196%,2,202,204,0,0,2,202
0x9e1115,0%,2,0,2,0,0,2,0
0x550e5d,94.1176%,2,32,34,0,0,2,32
0x9e111c,0%,2,0,2,0,2,0,0
0x8ff70f,98.9362%,2,186,188,186,2,0,0
0x7d40bb,96.2264%,2,51,53,0,0,2,51
0x48bbfd,99.7472%,2,789,791,0,0,2,789
0x9a1046,86.6667%,2,13,15,13,2,0,0
0x58ec3b,93.3333%,2,28,30,0,0,2,28
0x4bf7f9,97.6744%,2,84,86,84,2,0,0
0x4879a4,66.6667%,2,4,6,0,2,0,4
0x7b7ffb,92%,2,23,25,23,2,0,0
0x8ef12f,98.5185%,2,133,135,0,2,0,133
0x547e67,98.6301%,2,144,146,0,0,2,144
0xaa262c,81.8182%,2,9,11,0,0,2,9
0x7d441f,0%,2,0,2,0,0,2,0
0x819262,97.8022%,2,89,91,89,2,0,0
0x65b054,84.6154%,2,11,13,0,0,2,11
0x96aea1,95.6522%,2,44,46,44,2,0,0
0x811677,99.6764%,2,616,618,616,2,0,0
0x96aec9,94.7368%,2,36,38,36,2,0,0
0x4bfffa,91.6667%,2,22,24,0,0,2,22
0x900ffa,94.5946%,2,35,37,0,0,2,35
0x814cca,96.8254%,2,61,63,61,0,2,0
0x5bedbd,0%,2,0,2,0,2,0,0
0x540926,83.3333%,2,10,12,10,2,0,0
0x808ca7,99.8371%,2,1226,1228,1226,2,0,0
0x58e8b2,71.4286%,2,5,7,4,2,0,1
0x8ff81e,98%,2,98,100,0,0,2,98
0x9e217d,71.4286%,2,5,7,0,0,2,5
0x54160e,86.6667%,2,13,15,10,0,2,3
0x90fc47,99.8051%,2,1024,1026,0,0,2,1024
0x8bb439,99.4885%,2,389,391,0,0,2,389
0x5f617b,83.3333%,2,10,12,0,0,2,10
0xaa25ff,90.9091%,2,20,22,0,0,2,20
0x9fe56b,98.5075%,2,132,134,0,0,2,132
0x96e4fe,0%,2,0,2,0,2,0,0
0x96eba2,0%,2,0,2,0,2,0,0
0x9f1d11,99.4778%,2,381,383,0,0,2,381
0x6411cf,99.855%,2,1377,1379,0,0,2,1377
0xa99769,0%,2,0,2,0,2,0,0
0x4a8539,75%,2,6,8,0,0,2,6
0x9a738f,88.8889%,2,16,18,0,0,2,16
0x64113c,0%,2,0,2,0,2,0,0
0x81bdac,99.115%,2,224,226,0,2,0,224
0xaa25d0,90.9091%,2,20,22,0,0,2,20
0x9e1a64,0%,2,0,2,0,2,0,0
0x96eb9b,0%,2,0,2,0,0,2,0
0x558a31,99.1935%,2,246,248,246,2,0,0
0x96e36e,0%,2,0,2,0,2,0,0
0x81197e,95.122%,2,39,41,39,0,2,0
0x96eb83,33.3333%,2,1,3,0,1,1,1
0x96eb7c,33.3333%,2,1,3,0,0,2,1
0x809254,98.995%,2,197,199,197,2,0,0
0x5f5afe,0%,2,0,2,0,2,0,0
0x49fc9e,86.6667%,2,13,15,0,0,2,13
0xacc2a5,0%,2,0,2,0,2,0,0
0x538914,96.6667%,2,58,60,58,2,0,0
0x494947,98.374%,2,121,123,0,0,2,121
0x949909,96.2264%,2,51,53,51,2,0,0
0xa47ff5,83.3333%,2,10,12,7,2,0,3
0x95b39f,50%,2,2,4,2,2,0,0
0x7c1696,50%,2,2,4,0,0,2,2
0x48fe1b,80%,2,8,10,0,0,2,8
0x808091,60%,2,3,5,3,2,0,0
0x504173,96.7742%,2,60,62,60,2,0,0
0xa4d5eb,98.75%,2,158,160,158,2,0,0
0xaa4c14,33.3333%,2,1,3,1,2,0,0
0x9ea1af,0%,2,0,2,0,2,0,0
0x49c6da,66.6667%,2,4,6,0,2,0,4
0x4a9da8,87.5%,2,14,16,14,2,0,0
0xa5867d,87.5%,2,14,16,8,0,2,6
0x9597f8,98.6111%,2,142,144,95,1,1,47
0x9ff663,60%,2,3,5,0,0,2,3
0xaa1337,98.9744%,2,193,195,0,0,2,193
0x666254,95.8333%,2,46,48,46,2,0,0
0xa4a000,66.6667%,2,4,6,0,0,2,4
0x40df58,98.1481%,2,106,108,106,0,2,0
0x816515,96.1538%,2,50,52,50,2,0,0
0x99d33d,77.7778%,2,7,9,7,2,0,0
0x804267,95.2381%,2,40,42,37,0,2,3
0x99f123,83.3333%,2,10,12,0,1,1,10
0x9fc668,85.7143%,2,12,14,12,2,0,0
0x4996d9,97.2973%,2,72,74,72,2,0,0
0x9e21c5,0%,2,0,2,0,2,0,0
0x49d091,0%,2,0,2,0,2,0,0
0x808987,91.3043%,2,21,23,0,1,1,21
0x554cf4,99.308%,2,287,289,0,0,2,287
0xa3531d,88.8889%,2,16,18,16,2,0,0
0x78169c,77.7778%,2,7,9,7,2,0,0
0xa4ff3b,85.7143%,2,12,14,0,0,2,12
0xa31a46,33.3333%,2,1,3,1,2,0,0
0x80392c,0%,2,0,2,0,0,2,0
0x9ed388,92.5926%,2,25,27,0,0,2,25
0x977b61,90.4762%,2,19,21,0,0,2,19
0x40f583,97.8723%,2,92,94,92,2,0,0
0x63f3a5,99%,2,198,200,198,0,2,0
0xa97f6d,90%,2,18,20,18,2,0,0
0x949a5a,96.2264%,2,51,53,0,0,2,51
0x48da1e,95.6522%,2,44,46,44,2,0,0
0x808899,99.1342%,2,229,231,229,2,0,0
0x40b06f,0%,2,0,2,0,0,2,0
0xa2a808,0%,2,0,2,0,2,0,0
0x9ff228,0%,2,0,2,0,0,2,0
0x95b759,50%,2,2,4,2,2,0,0
0x80a489,0%,2,0,2,0,0,2,0
0xa42c40,96.2963%,2,52,54,52,2,0,0
0x5af864,96.2264%,2,51,53,51,2,0,0
0x9ecb87,50%,2,2,4,0,0,2,2
0x5440ad,81.8182%,2,9,11,2,0,2,7
0x649e40,0%,2,0,2,0,0,2,0
0xa9cfcf,50%,2,2,4,0,2,0,2
0x9e1020,95.9184%,2,47,49,20,2,0,27
0xa9ece6,99.115%,2,224,226,0,0,2,224
0x555e7e,99.5146%,2,410,412,410,2,0,0
0x542754,98.9637%,2,191,193,0,0,2,191
0xa9d004,50%,2,2,4,2,0,2,0
0xa430d9,50%,2,2,4,0,0,2,2
0xa9d13b,0%,2,0,2,0,2,0,0
0x9ed8b2,96.875%,2,62,64,62,2,0,0
0x7aedca,81.8182%,2,9,11,0,0,2,9
0xa3bc51,88.8889%,2,16,18,0,0,2,16
0x95a273,50%,2,2,4,2,2,0,0
0x94da33,93.75%,2,30,32,30,2,0,0
0xa27a11,50%,2,2,4,0,1,1,2
0xa58ff5,95.122%,2,39,41,0,0,2,39
0x8e9956,50%,2,2,4,2,2,0,0
0xa5bac5,97.2222%,2,70,72,0,0,2,70
0xaae484,84.6154%,2,11,13,0,0,2,11
0x8059e3,99.8535%,2,1363,1365,0,0,2,1363
0xa9d40d,90%,2,18,20,0,0,2,18
0x68160e,66.6667%,2,4,6,0,0,2,4
0xa58b79,93.1034%,2,27,29,27,2,0,0
0x9f993c,92%,2,23,25,0,0,2,23
0xa9d733,90%,2,18,20,18,2,0,0
0xa92300,96.2963%,2,52,54,50,0,2,2
0x4bb5c4,96.1538%,2,50,52,50,2,0,0
0xa58cd3,84.6154%,2,11,13,11,2,0,0
0x97b9d5,98.2456%,2,112,114,0,0,2,112
0xa238a7,96.9231%,2,63,65,1,2,0,62
0x481ea5,94.7368%,2,36,38,36,2,0,0
0x677621,0%,2,0,2,0,2,0,0
0x9d02b4,99.4286%,2,348,350,348,2,0,0
0xa9d02b,0%,2,0,2,0,2,0,0
0xa557e7,66.6667%,2,4,6,0,2,0,4
0x51023f,99.1525%,2,234,236,0,0,2,234
0x9f3cb4,71.4286%,2,5,7,5,2,0,0
0xa9f3cf,87.5%,2,14,16,14,2,0,0
0x97524a,60%,2,3,5,3,2,0,0
0x63e0e6,99.7919%,2,959,961,228,2,0,731
0x80e6de,97.5904%,2,81,83,0,0,2,81
0x813413,99.8818%,2,1690,1692,0,0,2,1690
0xa9db93,0%,2,0,2,0,2,0,0
0x4aaed3,81.8182%,2,9,11,9,2,0,0
0xb2edf9,50%,2,2,4,0,2,0,2
0x99ad51,95.7447%,2,45,47,45,2,0,0
0x5b2a94,95.5556%,2,43,45,0,0,2,43
0x9e48bd,88.8889%,2,16,18,0,0,2,16
0xb49c27,60%,2,3,5,0,0,2,3
0x680607,91.3043%,2,21,23,21,2,0,0
0xa57b23,95.122%,2,39,41,1,1,1,38
0x409466,50%,2,2,4,2,0,2,0
0x81fee4,95.8333%,2,46,48,0,0,2,46
0xa3ff3f,91.6667%,2,22,24,22,2,0,0
0x4913cf,98.7421%,2,157,159,0,0,2,157
0xa917cc,93.75%,2,30,32,30,2,0,0
0x638dda,99.6344%,2,545,547,0,0,2,545
0x806085,0%,2,0,2,0,0,2,0
0x8ecacc,0%,2,0,2,0,2,0,0
0x9e0974,95%,2,38,40,0,0,2,38
0x81bbd4,99.3691%,2,315,317,0,0,2,315
0x8de913,99%,2,198,200,198,2,0,0
0x402fff,96.9231%,2,63,65,63,2,0,0
0x67f700,98.1132%,2,104,106,0,0,2,104
0x8f1fa6,98.2301%,2,111,113,111,2,0,0
0x8efb3b,95.2381%,2,40,42,38,0,2,2
0x81205d,80%,2,8,10,0,0,2,8
0x9012ad,33.3333%,2,1,3,0,2,0,1
0x4ca089,75%,2,6,8,6,0,2,0
0xa66139,98.2301%,2,111,113,0,0,2,111
0x973ee8,91.6667%,2,22,24,22,2,0,0
0x88a236,94.8718%,2,37,39,0,0,2,37
0x7d2c77,50%,2,2,4,0,0,2,2
0x8ec2a3,0%,2,0,2,0,0,2,0
0x4ac91f,33.3333%,2,1,3,0,1,1,1
0x59c5df,50%,2,2,4,2,2,0,0
0x49b264,0%,2,0,2,0,0,2,0
0x8ebee6,75%,2,6,8,6,0,2,0
0xa46e29,88.8889%,2,16,18,16,2,0,0
0x9f574a,97.5%,2,78,80,0,0,2,78
0x5046de,88.8889%,2,16,18,16,2,0,0
0x9f3b9c,88.2353%,2,15,17,15,2,0,0
0x918f3d,99%,2,198,200,0,0,2,198
0x980b6b,33.3333%,2,1,3,1,2,0,0
0xa368d9,99.537%,2,430,432,430,2,0,0
0x47f32c,93.9394%,2,31,33,31,2,0,0
0xb17b4e,99.7203%,2,713,715,0,0,2,713
0xa264ab,0%,2,0,2,0,2,0,0
0x4b5f39,75%,2,6,8,2,2,0,4
0x819571,91.6667%,2,22,24,0,0,2,22
0x9082e2,99.7076%,2,682,684,682,2,0,0
0xa9121b,50%,2,2,4,2,2,0,0
0xa95c3b,66.6667%,2,4,6,4,2,0,0
0x807060,99.4898%,2,390,392,0,0,2,390
0x808a49,94.8718%,2,37,39,7,2,0,30
0x9f8551,77.7778%,2,7,9,7,2,0,0
0x9f831f,81.8182%,2,9,11,0,0,2,9
0xa302cb,98.9744%,2,193,195,0,0,2,193
0x9f7f9e,85.7143%,2,12,14,0,0,2,12
0xa21d4e,0%,2,0,2,0,0,2,0
0x78b6ab,83.3333%,2,10,12,0,0,2,10
0x503585,0%,2,0,2,0,2,0,0
0xa36777,96.2963%,2,52,54,0,0,2,52
0x9f877a,33.3333%,2,1,3,1,2,0,0
0x81fc8b,97.9592%,2,96,98,0,0,2,96
0x8f4c80,99.9188%,2,2462,2464,0,0,2,2462
0xaa03c0,98.2609%,2,113,115,0,0,2,113
0x9f866a,81.8182%,2,9,11,0,0,2,9
0x40a943,33.3333%,2,1,3,1,0,2,0
0x9bd34e,83.3333%,2,10,12,10,2,0,0
0xa50c51,96.9697%,2,64,66,0,0,2,64
0xa9ed02,98.374%,2,121,123,0,0,2,121
0x622ea1,60%,2,3,5,1,0,2,2
0xa9a2be,60%,2,3,5,0,0,2,3
0xa327f5,97.2222%,2,70,72,0,0,2,70
0x5b0622,96.9231%,2,63,65,63,2,0,0
0x81e826,98.8701%,2,175,177,175,2,0,0
0x59fca9,50%,2,2,4,0,2,0,2
0xa9b644,66.6667%,2,4,6,0,0,2,4
0xa5b436,50%,2,2,4,2,2,0,0
0x8e4b3c,98.8764%,2,176,178,0,0,2,176
0x8e961b,0%,2,0,2,0,0,2,0
0x48b340,99.3769%,2,319,321,0,0,2,319
0x9f3a5e,66.6667%,2,4,6,0,1,1,4
0x556efd,99.1903%,2,245,247,0,0,2,245
0x99ef20,0%,2,0,2,0,2,0,0
0x50eeaa,97.6471%,2,83,85,0,2,0,83
0x9f738c,85.7143%,2,12,14,12,2,0,0
0x59fa41,50%,2,2,4,2,1,1,0
0x8bdd5f,60%,2,3,5,0,0,2,3
0x492c94,50%,2,2,4,1,1,1,1
0xa9c6bb,98.5915%,2,140,142,140,2,0,0
0x64a28c,0%,2,0,2,0,2,0,0
0x58f724,0%,2,0,2,0,0,2,0
0x5baa0c,94.1176%,2,32,34,32,2,0,0
0x4039df,0%,2,0,2,0,2,0,0
0x9f8174,33.3333%,2,1,3,1,2,0,0
0x541446,95%,2,38,40,0,0,2,38
0x9fe9fb,33.3333%,2,1,3,1,2,0,0
0x8c7d89,99.8671%,2,1503,1505,1503,2,0,0
0x9f35e7,50%,2,2,4,2,2,0,0
0x9f3408,50%,2,2,4,0,2,0,2
0x4acf5e,50%,2,2,4,2,2,0,0
0xa9f19e,89.4737%,2,17,19,17,2,0,0
0x482a83,77.7778%,2,7,9,0,0,2,7
0xaa4954,33.3333%,2,1,3,1,2,0,0
0x9439f2,60%,2,3,5,0,0,2,3
0x4828c4,77.7778%,2,7,9,7,2,0,0
0xa853fa,60%,2,3,5,0,0,2,3
0x41081b,90.4762%,2,19,21,0,0,2,19
0x53373b,71.4286%,2,5,7,0,0,2,5
0x9f36ca,50%,2,2,4,0,0,2,2
0x7ef9f3,0%,2,0,2,0,2,0,0
0x58d318,97.8261%,2,90,92,0,0,2,90
0xa96cf6,90.4762%,2,19,21,19,2,0,0
0xaa00bc,33.3333%,2,1,3,0,0,2,1
0xa72398,50%,2,2,4,0,0,2,2
0xa3e454,87.5%,2,14,16,14,2,0,0
0x8045c9,91.6667%,2,22,24,5,2,0,17
0xa5029c,87.5%,2,14,16,14,2,0,0
0xa9d3ef,90%,2,18,20,0,0,2,18
0x6f4520,88.8889%,2,16,18,16,2,0,0
0x8f1af6,0%,2,0,2,0,2,0,0
0x9f7ada,97.8261%,2,90,92,0,0,2,90
0x901999,94.1176%,2,32,34,32,2,0,0
0x4a8561,95.5556%,2,43,45,0,0,2,43
0x4857aa,33.3333%,2,1,3,0,0,2,1
0x9f7aaa,90%,2,18,20,0,0,2,18
0x8ec57c,98.1132%,2,104,106,104,2,0,0
0x5bca25,99%,2,198,200,198,2,0,0
0x482a4f,77.7778%,2,7,9,0,0,2,7
0x809c75,0%,2,0,2,0,2,0,0
0x9a9c88,99.2278%,2,257,259,257,2,0,0
0x9e58fe,93.3333%,2,28,30,0,0,2,28
0x80776f,98.8166%,2,167,169,0,0,2,167
0x9bc87e,98.4252%,2,125,127,125,0,2,0
0x4a9473,96.8254%,2,61,63,61,2,0,0
0x8ec45c,0%,2,0,2,0,2,0,0
0xa9d35d,95.2381%,2,40,42,0,0,2,40
0x9c3b96,77.7778%,2,7,9,0,0,2,7
0x4ac596,75%,2,6,8,0,0,2,6
0x4b38b0,50%,2,2,4,2,2,0,0
0x8173ca,97.8261%,2,90,92,0,0,2,90
0x8e1fdc,99.0654%,2,212,214,0,0,2,212
0x9aa3f8,86.6667%,2,13,15,13,2,0,0
0x99d420,77.7778%,2,7,9,7,2,0,0
0x8f63fd,83.3333%,2,10,12,10,2,0,0
0x4a9a07,0%,2,0,2,0,2,0,0
0x8df513,75%,2,6,8,6,2,0,0
0x9fdb83,92%,2,23,25,0,0,2,23
0xa8a89b,50%,2,2,4,0,0,2,2
0xa04bda,94.7368%,2,36,38,0,0,2,36
0x53de78,99.6198%,2,524,526,0,0,2,524
0x9f55b7,96.9697%,2,64,66,0,0,2,64
0x485ccd,33.3333%,2,1,3,1,2,0,0
0xa3614f,97.1429%,2,68,70,0,0,2,68
0x50433c,96.7742%,2,60,62,0,0,2,60
0x48de13,98.6755%,2,149,151,149,2,0,0
0xab36b0,88.8889%,2,16,18,16,2,0,0
0x805b2b,99.9282%,2,2783,2785,2783,2,0,0
0x80c1d4,99.2453%,2,263,265,0,0,2,263
0x63efff,0%,2,0,2,0,0,2,0
0x81c665,99.8286%,2,1165,1167,0,0,2,1165
0x8c8d17,75%,2,6,8,6,2,0,0
0x65b2c0,85.7143%,2,12,14,0,0,2,12
0xa53511,0%,2,0,2,0,0,2,0
0x9f3f52,98.7879%,2,163,165,0,0,2,163
0xa5b460,50%,2,2,4,2,2,0,0
0x494665,50%,2,2,4,0,2,0,2
0xa72371,50%,2,2,4,0,0,2,2
0x48775c,91.6667%,2,22,24,0,0,2,22
0xa5381f,85.7143%,2,12,14,5,2,0,7
0xa5389a,71.4286%,2,5,7,5,2,0,0
0xa5ab65,71.4286%,2,5,7,0,0,2,5
0x64c808,71.4286%,2,5,7,5,2,0,0
0x6196e0,97.3333%,2,73,75,73,2,0,0
0xa538c4,71.4286%,2,5,7,0,0,2,5
0x593537,0%,2,0,2,0,0,2,0
0x4876b6,86.6667%,2,13,15,12,0,2,1
0x50956e,71.4286%,2,5,7,0,0,2,5
0x8ef511,77.7778%,2,7,9,7,2,0,0
0xa499c3,80%,2,8,10,0,0,2,8
0x488e41,50%,2,2,4,0,0,2,2
0x809e88,99.6435%,2,559,561,559,0,2,0
0x8a63ec,98.5294%,2,134,136,0,0,2,134
0xa53912,85.7143%,2,12,14,0,0,2,12
0x77ff80,99.591%,2,487,489,487,2,0,0
0x9bcaf2,0%,2,0,2,0,2,0,0
0x59119e,96.2963%,2,52,54,52,2,0,0
0x8bf128,0%,2,0,2,0,2,0,0
0x8ef4eb,77.7778%,2,7,9,7,2,0,0
0x991c64,80%,2,8,10,8,2,0,0
0x40ce8b,0%,2,0,2,0,2,0,0
0x63f3d2,0%,2,0,2,0,0,2,0
0x90b369,99.7919%,2,959,961,959,2,0,0
0xa53160,75%,2,6,8,0,0,2,6
0x4bda83,95.2381%,2,40,42,0,0,2,40
0x977fb0,98.5612%,2,137,139,0,0,2,137
0xa53199,80%,2,8,10,0,2,0,8
0x9f5055,98.5507%,2,136,138,112,0,2,24
0x7236b0,99.8617%,2,1444,1446,0,0,2,1444
0x808ab2,77.7778%,2,7,9,7,2,0,0
0x9780e3,98.4962%,2,131,133,0,0,2,131
0xb17b3f,99.7203%,2,713,715,713,2,0,0
0x4a835c,91.3043%,2,21,23,21,2,0,0
0x59c649,66.6667%,2,4,6,0,0,2,4
0xa5312c,0%,2,0,2,0,2,0,0
0x81fd5b,95.8333%,2,46,48,0,0,2,46
0x821270,99.8395%,2,1244,1246,1244,2,0,0
0x77b9f7,91.6667%,2,22,24,21,1,1,1
0x95ad2a,50%,2,2,4,0,0,2,2
0xa2e039,99.1968%,2,247,249,0,0,2,247
0x95aaa5,50%,2,2,4,2,2,0,0
0xa545dd,75%,2,6,8,0,0,2,6
0x96add3,0%,2,0,2,0,2,0,0
0x973024,92.5926%,2,25,27,0,0,2,25
0x9eef2a,97.3333%,2,73,75,0,0,2,73
0x81f161,99.7677%,2,859,861,859,2,0,0
0x9807f6,81.8182%,2,9,11,9,2,0,0
0x6410a8,99.5215%,2,416,418,0,0,2,416
0x4901a6,80%,2,8,10,8,2,0,0
0x499972,87.5%,2,14,16,0,0,2,14
0xa97f44,0%,2,0,2,0,0,2,0
0x8f2a6f,95%,2,38,40,0,0,2,38
0x49c3fb,80%,2,8,10,8,2,0,0
0x492df1,0%,2,0,2,0,2,0,0
0xa39325,99.6711%,2,606,608,0,0,2,606
0x4bc5cd,83.3333%,2,10,12,0,2,0,10
0x8eed5c,98.5714%,2,138,140,0,0,2,138
0x814a0d,0%,2,0,2,0,0,2,0
0x9f780a,98.75%,2,158,160,0,0,2,158
0x9f4524,97.5%,2,78,80,78,2,0,0
0xa53786,75%,2,6,8,6,0,2,0
0xa5a113,0%,2,0,2,0,0,2,0
0x5be1ba,99.7546%,2,813,815,813,2,0,0
0x8f19a0,95.8333%,2,46,48,0,0,2,46
0xa5a133,80%,2,8,10,0,2,0,8
0x8eecad,99.6918%,2,647,649,0,0,2,647
0x9a683f,98.6395%,2,145,147,0,0,2,145
0xa5a151,75%,2,6,8,0,0,2,6
0x99ed46,86.6667%,2,13,15,1,1,1,12
0x8df8b9,50%,2,2,4,0,0,2,2
0x48a300,99.9043%,2,2087,2089,0,0,2,2087
0x8084c9,50%,2,2,4,0,0,2,2
0x4900ea,80%,2,8,10,0,0,2,8
0x494b28,0%,2,0,2,0,2,0,0
0xa58534,98.895%,2,179,181,0,0,2,179
0x649263,0%,2,0,2,0,2,0,0
0x804b72,0%,2,0,2,0,0,2,0
0x4919e0,0%,2,0,2,0,0,2,0
0xb3768d,99.9639%,2,5540,5542,0,0,2,5540
0x8a9ef5,98.895%,2,179,181,0,0,2,179
0x7b5dde,50%,2,2,4,2,2,0,0
0x9f6ad9,94.4444%,2,34,36,0,0,2,34
0x9730a6,83.3333%,2,10,12,10,2,0,0
0xa582bf,91.3043%,2,21,23,21,2,0,0
0x5556ae,96.3636%,2,53,55,53,2,0,0
0xa30858,99.8077%,2,1038,1040,0,0,2,1038
0xa586c8,98.7952%,2,164,166,158,0,2,6
0x9f41a6,93.9394%,2,31,33,0,0,2,31
0x8090ac,99.3939%,2,328,330,328,2,0,0
0xa5884c,98.6301%,2,144,146,0,0,2,144
0x59c540,97.7528%,2,87,89,87,2,0,0
0x9e3f6c,89.4737%,2,17,19,0,0,2,17
0x64bb17,50%,2,2,4,0,0,2,2
0x692404,80%,2,8,10,0,0,2,8
0x781928,98.7179%,2,154,156,154,2,0,0
0x81ef57,50%,2,2,4,0,0,2,2
0x8f6c9e,86.6667%,2,13,15,0,0,2,13
0xa9d23a,50%,2,2,4,2,2,0,0
0x5f073c,90.9091%,2,20,22,0,0,2,20
0x649db0,0%,2,0,2,0,2,0,0
0x8f6bf9,86.6667%,2,13,15,13,2,0,0
0xa2edbe,93.1034%,2,27,29,0,0,2,27
0x9849d0,50%,2,2,4,2,2,0,0
0x81e083,0%,2,0,2,0,0,2,0
0x8d2172,0%,2,0,2,0,0,2,0
0x4c81fe,88.8889%,2,16,18,16,2,0,0
0xa5968b,93.1034%,2,27,29,0,0,2,27
0x9e610c,71.4286%,2,5,7,5,2,0,0
0x9f8096,33.3333%,2,1,3,1,2,0,0
0x5d0733,66.6667%,2,4,6,2,1,1,2
0x8c82f1,93.3333%,2,28,30,0,0,2,28
0x8055b2,89.4737%,2,17,19,17,2,0,0
0x8efe5a,85.7143%,2,12,14,0,0,2,12
0x837a26,90%,2,18,20,0,0,2,18
0xa53f21,98.1308%,2,105,107,0,0,2,105
0x4b6c16,77.7778%,2,7,9,0,0,2,7
0x482a08,77.7778%,2,7,9,7,2,0,0
0x5d1724,91.6667%,2,22,24,22,2,0,0
0x8fde6b,98.2143%,2,110,112,0,0,2,110
0x487cc9,85.7143%,2,12,14,12,2,0,0
0x5f5a4d,0%,2,0,2,0,0,2,0
0xa017ab,0%,2,0,2,0,2,0,0
0x809d04,0%,2,0,2,0,0,2,0
0x972cf7,66.6667%,2,4,6,4,2,0,0
0xa36b8f,80%,2,8,10,8,2,0,0
0x5d8b4e,80%,2,8,10,0,0,2,8
0x8e8d63,0%,2,0,2,0,0,2,0
0x972d83,66.6667%,2,4,6,0,0,2,4
0x5d8c65,80%,2,8,10,8,2,0,0
0xa6a31b,50%,2,2,4,0,0,2,2
0x5d8d91,80%,2,8,10,0,0,2,8
0x8bdb1c,60%,2,3,5,3,2,0,0
0x8f1a60,75%,2,6,8,6,2,0,0
0x8f1a3d,75%,2,6,8,0,0,2,6
0x5d8da1,80%,2,8,10,8,2,0,0
0x4c72d3,88.8889%,2,16,18,16,2,0,0
0x5da0aa,50%,2,2,4,2,2,0,0
0x981372,96.7742%,2,60,62,0,0,2,60
0xa64fa4,50%,2,2,4,2,2,0,0
0x7d29f3,60%,2,3,5,3,2,0,0
0x7c7a0c,91.6667%,2,22,24,0,0,2,22
0x5f3e9f,50%,2,2,4,2,2,0,0
0xa27a6b,50%,2,2,4,0,0,2,2
0x9e7b7e,0%,2,0,2,0,2,0,0
0x63fb7f,99.7919%,2,959,961,0,0,2,959
0x7c71ab,95.4545%,2,42,44,0,2,0,42
0x8ec413,99.7872%,2,938,940,938,2,0,0
0x9f7919,99.6875%,2,638,640,0,0,2,638
0x544b16,96.4912%,2,55,57,55,2,0,0
0x8f221b,87.5%,2,14,16,14,2,0,0
0xa8a8d1,50%,2,2,4,2,2,0,0
0xa6c1c2,50%,2,2,4,2,2,0,0
0xa6b93c,50%,2,2,4,2,2,0,0
0x833b1c,97.6744%,2,84,86,83,1,1,1
0xa58d6d,98.6301%,2,144,146,0,0,2,144
0x9f59e7,98.7421%,2,157,159,0,0,2,157
0x54144f,95%,2,38,40,0,0,2,38
0x8e9a96,99.8382%,2,1234,1236,1234,0,2,0
0xa6b784,50%,2,2,4,0,0,2,2
0x49cb23,99.4898%,2,390,392,390,2,0,0
0x9173b8,0%,2,0,2,0,0,2,0
0x819994,99.3671%,2,314,316,314,2,0,0
0xa074c0,95.6522%,2,44,46,0,0,2,44
0xa91c50,98.0198%,2,99,101,0,0,2,99
0xaae6e0,95.7447%,2,45,47,45,2,0,0
0x667556,0%,2,0,2,0,0,2,0
0x9e05fc,96.5517%,2,56,58,0,0,2,56
0x99ce6f,77.7778%,2,7,9,7,2,0,0
0x4bb840,99.0196%,2,202,204,202,2,0,0
0x5fbdb0,98.3333%,2,118,120,118,0,2,0
0x5feab4,96.2264%,2,51,53,51,2,0,0
0x9067a8,98.3871%,2,122,124,0,0,2,122
0x60bb4f,88.8889%,2,16,18,0,0,2,16
0x8bcef0,98.6486%,2,146,148,0,0,2,146
0x4b64cb,98.7097%,2,153,155,0,0,2,153
0x558e34,97.7273%,2,86,88,0,0,2,86
0x610795,84.6154%,2,11,13,11,2,0,0
0x977df7,98.4962%,2,131,133,0,0,2,131
0x90dd33,93.3333%,2,28,30,28,2,0,0
0x8a5eab,98.5612%,2,137,139,0,0,2,137
0x7c753a,75%,2,6,8,0,0,2,6
0x4094c1,0%,2,0,2,0,0,2,0
0x83779b,75%,2,6,8,2,1,1,4
0x558e5c,90.9091%,2,20,22,0,0,2,20
0x8e0c8a,98.2143%,2,110,112,110,2,0,0
0xa0800f,50%,2,2,4,0,2,0,2
0xa017cb,0%,2,0,2,0,0,2,0
0x9737e6,94.7368%,2,36,38,36,2,0,0
0x4c677e,50%,2,2,4,0,0,2,2
0x538bce,81.8182%,2,9,11,3,1,1,6
0x5f53ae,0%,2,0,2,0,0,2,0
0x813bbe,90.4762%,2,19,21,0,0,2,19
0x808d3b,99.9758%,2,8276,8278,0,0,2,8276
0xaabcd0,50%,2,2,4,2,2,0,0
0x7c7b3c,98.2301%,2,111,113,7,1,1,104
0x5f05a1,0%,2,0,2,0,2,0,0
0x49a3d6,66.6667%,2,4,6,4,2,0,0
0x9ed988,98.4127%,2,124,126,124,2,0,0
0x533bcb,81.8182%,2,9,11,0,2,0,9
0x53402f,0%,2,0,2,0,0,2,0
0x8038a3,0%,2,0,2,0,0,2,0
0x4c66a0,50%,2,2,4,2,2,0,0
0x4b5fea,98.1818%,2,108,110,0,0,2,108
0xa43838,99.4505%,2,362,364,362,2,0,0
0x5f26fd,0%,2,0,2,0,2,0,0
0x98d0c3,71.4286%,2,5,7,0,0,2,5
0xa54ad2,75%,2,6,8,6,2,0,0
0x555b49,33.3333%,2,1,3,0,0,2,1
0x502faf,98.9362%,2,186,188,186,2,0,0
0x9a8d28,93.5484%,2,29,31,29,2,0,0
0xa5eb38,60%,2,3,5,0,0,2,3
0xa48271,83.3333%,2,10,12,10,2,0,0
0x838a70,0%,2,0,2,0,1,1,0
0x4092c5,0%,2,0,2,0,2,0,0
0xa482aa,83.3333%,2,10,12,10,2,0,0
0x90cab5,98.3193%,2,117,119,0,0,2,117
0x4bf831,98.0769%,2,102,104,102,2,0,0
0xa48625,50%,2,2,4,0,0,2,2
0x8bd8ca,88.8889%,2,16,18,0,0,2,16
0x8e11a9,94.5946%,2,35,37,0,0,2,35
0x8172bb,92%,2,23,25,0,0,2,23
0x5bad48,0%,2,0,2,0,0,2,0
0x6dcc17,95.2381%,2,40,42,39,2,0,1
0x78b694,83.3333%,2,10,12,0,0,2,10
0x78ab81,97.2222%,2,70,72,0,0,2,70
0x555c21,94.7368%,2,36,38,36,2,0,0
0x4bf0ca,98.9362%,2,186,188,0,0,2,186
0x7f37b8,86.6667%,2,13,15,0,0,2,13
0x7dfc8b,75%,2,6,8,0,0,2,6
0x5d88a6,93.3333%,2,28,30,28,2,0,0
0x837715,60%,2,3,5,0,0,2,3
0x41045c,91.6667%,2,22,24,2,0,2,20
0xa08031,77.7778%,2,7,9,7,0,2,0
0x7d2c67,50%,2,2,4,0,0,2,2
0x590b55,66.6667%,2,4,6,0,0,2,4
0x534c8f,90%,2,18,20,18,2,0,0
0x9e5238,83.3333%,2,10,12,10,2,0,0
0x83759d,98.4375%,2,126,128,126,2,0,0
0xa438b7,83.3333%,2,10,12,10,2,0,0
0x5fd8f6,99.7919%,2,959,961,0,0,2,959
0xa08070,50%,2,2,4,0,0,2,2
0x8bdd06,66.6667%,2,4,6,4,1,1,0
0x7c719b,95.4545%,2,42,44,0,0,2,42
0xa54bbc,75%,2,6,8,0,2,0,6
0x6ccffe,66.6667%,2,4,6,0,0,2,4
0xa1d6da,94.1176%,2,32,34,31,1,1,1
0xb1c956,99.2424%,2,262,264,0,0,2,262
0x4871f5,0%,2,0,2,0,0,2,0
0x9f6c88,80%,2,8,10,1,1,1,7
0xa48b5f,98.8024%,2,165,167,0,0,2,165
0x815892,77.7778%,2,7,9,0,0,2,7
0xa4155f,75%,2,6,8,0,0,2,6
0x493e17,91.6667%,2,22,24,22,0,2,0
0x48391c,93.1034%,2,27,29,27,2,0,0
0x8bdb02,60%,2,3,5,3,2,0,0
0x9c37b4,90%,2,18,20,18,2,0,0
0x9f26f8,99.537%,2,430,432,0,0,2,430
0x804f15,0%,2,0,2,0,2,0,0
0x7c7a9b,93.75%,2,30,32,6,2,0,24
0x8ae867,96.2264%,2,51,53,48,0,2,3
0x9fe8e9,95%,2,38,40,0,0,2,38
0x8a65cb,88.2353%,2,15,17,0,0,2,15
0x9ef2ad,98.5816%,2,139,141,0,0,2,139
0x81492d,99.3939%,2,328,330,0,0,2,328
0x4b4c5a,97.1831%,2,69,71,69,0,2,0
0x9a61a8,83.3333%,2,10,12,10,2,0,0
0x4ad248,90%,2,18,20,0,0,2,18
0x8ec514,0%,2,0,2,0,0,2,0
0xa4836f,99.1736%,2,240,242,240,2,0,0
0x814001,99.2063%,2,250,252,0,0,2,250
0x598fbf,99.3103%,2,288,290,0,0,2,288
0x544b81,96.4912%,2,55,57,0,0,2,55
0x83a980,33.3333%,2,1,3,0,0,2,1
0x821596,99.9463%,2,3724,3726,0,0,2,3724
0xa4886b,98.8764%,2,176,178,0,0,2,176
0x78d88c,99.6769%,2,617,619,0,0,2,617
0x4ba473,99.177%,2,241,243,241,2,0,0
0x59f5d6,50%,2,2,4,0,2,0,2
0x5f4a00,0%,2,0,2,0,2,0,0
0x7c9b21,50%,2,2,4,0,0,2,2
0x50ee0f,98.5401%,2,135,137,0,0,2,135
0x544ab5,96.4912%,2,55,57,0,0,2,55
0x808b44,0%,2,0,2,0,0,2,0
0x7c70a1,87.5%,2,14,16,1,2,0,13
0x7efba6,0%,2,0,2,0,2,0,0
0x5573c0,66.6667%,2,4,6,0,0,2,4
0x59f783,50%,2,2,4,2,2,0,0
0x8dce5d,0%,2,0,2,0,2,0,0
0x7c6608,91.6667%,2,22,24,22,2,0,0
0x63872d,93.1034%,2,27,29,1,2,0,26
0x9a48ac,87.5%,2,14,16,0,0,2,14
0x4ca717,81.8182%,2,9,11,9,0,2,0
0x8aab89,99.7653%,2,850,852,0,0,2,850
0x491c79,0%,2,0,2,0,1,1,0
0x8ea00f,99.4987%,2,397,399,0,0,2,397
0x4b84ed,33.3333%,2,1,3,0,2,0,1
0x784790,94.2857%,2,33,35,0,0,2,33
0x675127,33.3333%,2,1,3,0,2,0,1
0x4b531d,97.1831%,2,69,71,0,0,2,69
0x9f86a6,81.8182%,2,9,11,9,2,0,0
0x974702,0%,2,0,2,0,2,0,0
0xa5b4ca,83.3333%,2,10,12,0,0,2,10
0x9ecdcc,90.4762%,2,19,21,0,0,2,19
0x9a4860,83.3333%,2,10,12,0,1,1,10
0x4bad11,75%,2,6,8,0,0,2,6
0x7bae9b,0%,2,0,2,0,2,0,0
0x7c7c22,97.561%,2,80,82,80,2,0,0
0x9f4e04,77.7778%,2,7,9,7,2,0,0
0x5f2b1a,0%,2,0,2,0,0,2,0
0xa15f44,83.3333%,2,10,12,0,0,2,10
0x4b7217,81.8182%,2,9,11,9,2,0,0
0x4b9ad4,75%,2,6,8,3,1,1,3
0x4886af,99.7214%,2,716,718,0,2,0,716
0x4b7f26,0%,2,0,2,0,2,0,0
0x784550,92.8571%,2,26,28,26,2,0,0
0x544260,96.4912%,2,55,57,0,0,2,55
0x50331b,94.8718%,2,37,39,37,2,0,0
0x838a34,0%,2,0,2,0,0,2,0
0x4ba926,95.8333%,2,46,48,0,0,2,46
0x492b0b,0%,2,0,2,0,2,0,0
0x78070b,96.2963%,2,52,54,0,0,2,52
0xa1ad96,97.2973%,2,72,74,0,0,2,72
0x4bb10c,99.3151%,2,290,292,290,2,0,0
0xa42c29,96.2963%,2,52,54,0,0,2,52
0x487821,0%,2,0,2,0,1,1,0
0x8a9073,0%,2,0,2,0,2,0,0
0xaccdf6,33.3333%,2,1,3,0,2,0,1
0x4c0faa,91.6667%,2,22,24,22,2,0,0
0x817181,0%,2,0,2,0,0,2,0
0xa900b7,99.3243%,2,294,296,0,0,2,294
0xaa04c5,94.7368%,2,36,38,36,2,0,0
0x611473,81.8182%,2,9,11,0,0,2,9
0x7ce7c3,83.3333%,2,10,12,10,2,0,0
0xa47c0c,95.2381%,2,40,42,40,2,0,0
0x612845,97.1429%,2,68,70,0,0,2,68
0x4bffea,91.6667%,2,22,24,0,0,2,22
0x4c0015,91.6667%,2,22,24,0,0,2,22
0x4940c0,86.6667%,2,13,15,13,2,0,0
0xa47bf4,95.2381%,2,40,42,0,0,2,40
0x97319f,99.6721%,2,608,610,0,0,2,608
0x5336fa,77.7778%,2,7,9,1,1,1,6
0x81cef7,96.6667%,2,58,60,0,0,2,58
0x4ab52a,94.1176%,2,32,34,27,1,1,5
0x5eb9be,0%,2,0,2,0,2,0,0
0xacdb9c,0%,2,0,2,0,2,0,0
0xa52fc9,98.9583%,2,190,192,0,0,2,190
0x54d092,33.3333%,2,1,3,0,0,2,1
0x7cfce5,99.8946%,2,1896,1898,1896,2,0,0
0x80bb30,60%,2,3,5,3,2,0,0
0x611492,81.8182%,2,9,11,0,0,2,9
0x559209,71.4286%,2,5,7,2,1,1,3
0x81e4fa,99.6383%,2,551,553,551,2,0,0
0x80f929,94.5946%,2,35,37,0,0,2,35
0x4b9476,0%,2,0,2,0,0,2,0
0xa961ea,0%,2,0,2,0,0,2,0
0x44180e,81.8182%,2,9,11,0,0,2,9
0x9f95dc,97.3333%,2,73,75,0,0,2,73
0x81e08f,0%,2,0,2,0,2,0,0
0x8ee26a,98.9071%,2,181,183,181,2,0,0
0xa4771e,95.2381%,2,40,42,0,0,2,40
0xa54549,0%,2,0,2,0,2,0,0
0x60bacb,88.8889%,2,16,18,16,1,1,0
0xaa25e1,92.3077%,2,24,26,2,2,0,22
0xa50b37,89.4737%,2,17,19,0,0,2,17
0x8e9949,75%,2,6,8,0,2,0,6
0x4bf72e,92.8571%,2,26,28,2,2,0,24
0xa00226,77.7778%,2,7,9,7,2,0,0
0x5b3009,80%,2,8,10,0,0,2,8
0xa53ab0,0%,2,0,2,0,0,2,0
0xa441c9,96.1538%,2,50,52,50,2,0,0
0x60c5d7,80%,2,8,10,3,2,0,5
0x55604a,99.1736%,2,240,242,0,1,1,240
0xa06e07,96.875%,2,62,64,3,1,1,59
0x5b9ef9,0%,2,0,2,0,2,0,0
0x808ed3,0%,2,0,2,0,0,2,0
0x4c031d,96.0784%,2,49,51,49,2,0,0
0xa446f1,96.1538%,2,50,52,0,0,2,50
0x911adb,99.8273%,2,1156,1158,0,0,2,1156
0xa34c9c,97.3333%,2,73,75,4,2,0,69
0x8a935f,99.449%,2,361,363,0,0,2,361
0x5f394c,71.4286%,2,5,7,2,1,1,3
0x6707f9,66.6667%,2,4,6,4,2,0,0
0x4c0511,97.6744%,2,84,86,84,2,0,0
0xa3bc1b,88.8889%,2,16,18,16,2,0,0
0x67246e,0%,2,0,2,0,1,1,0
0x60c583,80%,2,8,10,5,0,2,3
0x6722ed,0%,2,0,2,0,2,0,0
0x4c4741,60%,2,3,5,2,1,1,1
0x944d20,96.5517%,2,56,58,0,0,2,56
0x60c5c8,60%,2,3,5,0,0,2,3
0x94caa4,96.875%,2,62,64,62,2,0,0
0x40b4e7,0%,2,0,2,0,2,0,0
0x402231,99.883%,2,1708,1710,0,0,2,1708
0x60857c,80%,2,8,10,8,2,0,0
0x590d46,90%,2,18,20,0,0,2,18
0x6d4b85,87.5%,2,14,16,0,0,2,14
0x838af7,66.6667%,2,4,6,1,0,2,3
0x9d0a3e,96.0784%,2,49,51,49,2,0,0
0x5f50e6,0%,2,0,2,0,2,0,0
0x533764,80%,2,8,10,8,2,0,0
0x5f64a3,87.5%,2,14,16,14,2,0,0
0x7ce926,99.4302%,2,349,351,0,0,2,349
0xa01deb,50%,2,2,4,0,2,0,2
0x8ea774,50%,2,2,4,2,2,0,0
0x7ce90b,99.8329%,2,1195,1197,134,2,0,1061
0xb2ee39,96.2264%,2,51,53,0,0,2,51
0x9e8503,90.4762%,2,19,21,19,2,0,0
0x9e7d58,91.6667%,2,22,24,22,2,0,0
0x8eda76,98.4127%,2,124,126,124,2,0,0
0x6750c9,33.3333%,2,1,3,0,1,1,1
0x99bb8e,90%,2,18,20,18,2,0,0
0x7be071,50%,2,2,4,0,0,2,2
0x8ff96d,97.9167%,2,94,96,94,2,0,0
0x590d2c,90.9091%,2,20,22,0,0,2,20
0x7b7c27,92%,2,23,25,23,2,0,0
0xa64c01,66.6667%,2,4,6,0,0,2,4
0x965fc4,97.5904%,2,81,83,0,0,2,81
0x61284e,97.1429%,2,68,70,68,2,0,0
0xa258ea,60%,2,3,5,3,2,0,0
0xa3ff02,83.3333%,2,10,12,0,0,2,10
0x9e2ce1,84.6154%,2,11,13,0,0,2,11
0x7819fb,98.7179%,2,154,156,0,0,2,154
0xa3288a,98.3871%,2,122,124,122,2,0,0
0x8f3de3,99.9303%,2,2868,2870,0,0,2,2868
0x781a8a,98.7179%,2,154,156,0,0,2,154
0x8d20bc,66.6667%,2,4,6,0,2,0,4
0x902594,99.8821%,2,1695,1697,1695,2,0,0
0xa326e5,98.0583%,2,101,103,0,2,0,101
0x90be35,99.7919%,2,959,961,0,0,2,959
0xa571a6,95.122%,2,39,41,0,0,2,39
0xa3fedb,66.6667%,2,4,6,0,0,2,4
0x8a874b,0%,2,0,2,0,0,2,0
0xa08099,50%,2,2,4,2,2,0,0
0x5047bb,71.4286%,2,5,7,5,2,0,0
0x9f27ff,99.5781%,2,472,474,472,2,0,0
0x9a5e06,80%,2,8,10,0,0,2,8
0x406bce,88.8889%,2,16,18,0,0,2,16
0xa9f104,50%,2,2,4,2,2,0,0
0xa99d51,81.8182%,2,9,11,0,0,2,9
0x9d124a,98.3333%,2,118,120,0,0,2,118
0x4bc5db,80%,2,8,10,8,2,0,0
0x4bc66b,97.9167%,2,94,96,0,0,2,94
0x9735a5,60%,2,3,5,0,0,2,3
0xa4a1d0,96.8254%,2,61,63,0,0,2,61
0x8bd8ab,90%,2,18,20,0,2,0,18
0xa39d18,97.5904%,2,81,83,81,2,0,0
0x5eef82,88.8889%,2,16,18,0,0,2,16
0x9fcb05,92%,2,23,25,0,0,2,23
0x4bb707,99.0431%,2,207,209,0,0,2,207
0xa32692,0%,2,0,2,0,0,2,0
0x5dae10,50%,2,2,4,2,2,0,0
0x9432e5,97.3333%,2,73,75,73,2,0,0
0xaa241f,94.1176%,2,32,34,0,0,2,32
0x7af535,93.75%,2,30,32,30,2,0,0
0x815f0b,0%,2,0,2,0,0,2,0
0x80832e,96.2963%,2,52,54,27,0,2,25
0x8f31a8,84.6154%,2,11,13,11,2,0,0
0xa48300,75%,2,6,8,6,2,0,0
0x9fc6c9,80%,2,8,10,0,0,2,8
0x9edacd,71.4286%,2,5,7,5,2,0,0
0x53dcd9,80%,2,8,10,8,2,0,0
0x551018,86.6667%,2,13,15,13,2,0,0
0x9fcc57,71.4286%,2,5,7,0,0,2,5
0xa297f6,50%,2,2,4,0,0,2,2
0x7b719c,93.75%,2,30,32,0,0,2,30
0x58ccbc,97.3333%,2,73,75,0,0,2,73
0x83a997,86.6667%,2,13,15,13,2,0,0
0x6114ad,81.8182%,2,9,11,9,1,1,0
0x7b71ca,93.75%,2,30,32,30,2,0,0
0xa43cd4,99.639%,2,552,554,0,0,2,552
0x81a55a,99.6835%,2,630,632,630,2,0,0
0x835f77,0%,2,0,2,0,0,2,0
0x59da57,96%,2,48,50,48,2,0,0
0xa34020,99.3333%,2,298,300,0,0,2,298
0x4c209b,98.7421%,2,157,159,0,0,2,157
0x681595,98.6111%,2,142,144,142,2,0,0
0x58bde7,98.6577%,2,147,149,0,0,2,147
0xa02dbf,98.1308%,2,105,107,105,2,0,0
0x806072,99.1071%,2,222,224,221,1,1,1
0x5cd6a7,60%,2,3,5,3,2,0,0
0x4c628d,90%,2,18,20,11,1,1,7
0xa557d8,0%,2,0,2,0,0,2,0
0x5a658d,0%,2,0,2,0,2,0,0
0x94352b,97.3333%,2,73,75,0,0,2,73
0x4bbb48,95.3488%,2,41,43,0,0,2,41
0x5f39b7,71.4286%,2,5,7,5,2,0,0
0x4b6769,81.8182%,2,9,11,0,0,2,9
0x59f572,50%,2,2,4,1,1,1,1
0x9e0d97,91.3043%,2,21,23,0,0,2,21
0x5034b2,0%,2,0,2,0,0,2,0
0xa5ce56,98.7879%,2,163,165,163,2,0,0
0xa0748a,95.6522%,2,44,46,0,0,2,44
0xa08ca2,75%,2,6,8,4,0,2,2
0x5405e5,50%,2,2,4,0,0,2,2
0x64c661,98.3193%,2,117,119,117,2,0,0
0x805999,99.8562%,2,1389,1391,0,0,2,1389
0x5c4ff8,93.5484%,2,29,31,0,0,2,29
0x8c8702,99.5951%,2,492,494,492,2,0,0
0x503491,0%,2,0,2,0,2,0,0
0x556fe5,97.6471%,2,83,85,0,0,2,83
0xa06080,50%,2,2,4,2,2,0,0
0x8c9082,0%,2,0,2,0,2,0,0
0x48f02d,98.4496%,2,127,129,0,0,2,127
0x9ea96a,0%,2,0,2,0,2,0,0
0x649a95,50%,2,2,4,1,1,1,1
0xa4bbd9,99.6737%,2,611,613,0,0,2,611
0x555e08,99.5%,2,398,400,0,0,2,398
0x81218a,50%,2,2,4,1,1,1,1
0x80558e,97.1429%,2,68,70,68,2,0,0
0x9dfe16,98.8889%,2,178,180,91,0,2,87
0x556b99,99.2157%,2,253,255,253,2,0,0
0x40ee1f,75%,2,6,8,0,0,2,6
0x80c1dd,99.2453%,2,263,265,263,2,0,0
0x672323,0%,2,0,2,0,0,2,0
0x5108e1,99.3884%,2,325,327,0,0,2,325
0x8a60e4,99.3921%,2,327,329,327,2,0,0
0x4a9c6d,93.75%,2,30,32,0,0,2,30
0x837f38,50%,2,2,4,2,2,0,0
0x50bb54,99.591%,2,487,489,487,2,0,0
0xa5283c,98.9362%,2,186,188,0,0,2,186
0x951aaf,94.4444%,2,34,36,0,0,2,34
0x4b795d,92.5926%,2,25,27,0,0,2,25
0xa510ad,96.9697%,2,64,66,0,0,2,64
0xa92c38,75%,2,6,8,6,2,0,0
0x649e13,0%,2,0,2,0,0,2,0
0x9692b4,97.6744%,2,84,86,0,0,2,84
0x980bb3,93.75%,2,30,32,0,0,2,30
0x81b22b,99.6161%,2,519,521,0,0,2,519
0x67b59e,99.8885%,2,1792,1794,1792,2,0,0
0xa5290b,98.9362%,2,186,188,186,2,0,0
0x5f631c,0%,2,0,2,0,0,2,0
0x4ac631,86.6667%,2,13,15,0,0,2,13
0xa55f40,33.3333%,2,1,3,1,2,0,0
0x4ca656,95.6522%,2,44,46,0,0,2,44
0x815cf7,95.122%,2,39,41,0,0,2,39
0x4ba5c6,50%,2,2,4,0,2,0,2
0x833cf0,0%,2,0,2,0,0,2,0
0xa499f7,80%,2,8,10,0,0,2,8
0x50fec8,0%,2,0,2,0,0,2,0
0x991bba,99.0148%,2,201,203,201,2,0,0
0x60b9f3,88.8889%,2,16,18,16,2,0,0
0xa8fa91,97.6471%,2,83,85,83,2,0,0
0x490419,33.3333%,2,1,3,1,2,0,0
0xa06f09,77.7778%,2,7,9,0,0,2,7
0x962ee9,0%,2,0,2,0,0,2,0
0xa04fb3,60%,2,3,5,3,2,0,0
0x679798,66.6667%,2,4,6,4,2,0,0
0x5f630b,50%,2,2,4,2,0,2,0
0x50fee6,0%,2,0,2,0,0,2,0
0x5f764a,98.4%,2,123,125,123,2,0,0
0xa4bde9,50%,2,2,4,0,0,2,2
0x557c6c,99.1803%,2,242,244,0,0,2,242
0x65170d,94.8718%,2,37,39,37,2,0,0
0xa55781,50%,2,2,4,0,0,2,2
0xa95e80,83.3333%,2,10,12,0,0,2,10
0xa58a20,95%,2,38,40,0,0,2,38
0x48f4a0,33.3333%,2,1,3,1,2,0,0
0xaa7f9f,33.3333%,2,1,3,0,0,2,1
0xa9f326,33.3333%,2,1,3,1,2,0,0
0x786c77,0%,2,0,2,0,0,2,0
0xa510c8,50%,2,2,4,0,0,2,2
0xa5598b,50%,2,2,4,2,2,0,0
0x492f5b,94.1176%,2,32,34,32,2,0,0
0x556f63,96.3636%,2,53,55,53,2,0,0
0xa4bcaa,50%,2,2,4,2,2,0,0
0x9b8f71,0%,2,0,2,0,0,2,0
0x8f687a,94.1176%,2,32,34,0,0,2,32
0x55765a,92.5926%,2,25,27,0,0,2,25
0x50fe37,50%,2,2,4,2,0,2,0
0x805279,0%,2,0,2,0,2,0,0
0xa521db,97.4026%,2,75,77,75,1,1,0
0x8b9b97,99.9787%,2,9391,9393,0,0,2,9391
0xa5233d,97.8947%,2,93,95,0,0,2,93
0xa528b4,97.4684%,2,77,79,77,0,2,0
0xa0648e,94.2857%,2,33,35,0,0,2,33
0x805429,0%,2,0,2,0,0,2,0
0x8f4e36,99.9202%,2,2503,2505,2503,2,0,0
0x558073,99.7921%,2,960,962,0,1,1,960
0x97bb6d,98.2456%,2,112,114,112,2,0,0
0x80681d,92.8571%,2,26,28,0,0,2,26
0x675493,0%,2,0,2,0,1,1,0
0xa0638c,33.3333%,2,1,3,0,1,1,1
0x83be87,60%,2,3,5,3,2,0,0
0x402de9,96.6102%,2,57,59,0,0,2,57
0x640519,99%,2,198,200,198,2,0,0
0xa911ce,99.7167%,2,704,706,0,0,2,704
0xa0631a,33.3333%,2,1,3,0,0,2,1
0x5f1bf4,71.4286%,2,5,7,0,0,2,5
0x809190,0%,2,0,2,0,0,2,0
0x49c09c,50%,2,2,4,2,2,0,0
0x4a59f0,87.5%,2,14,16,14,2,0,0
0x65b1da,84.6154%,2,11,13,0,0,2,11
0x512802,99.4962%,2,395,397,0,0,2,395
0xa4499e,50%,2,2,4,0,0,2,2
0x60e6a3,94.7368%,2,36,38,36,2,0,0
0xa447c5,96.1538%,2,50,52,50,2,0,0
0x815f91,0%,2,0,2,0,0,2,0
0x5cd6d6,60%,2,3,5,0,0,2,3
0x4a2177,83.3333%,2,10,12,4,0,2,6
0xb316a2,96.6102%,2,57,59,0,0,2,57
0x49ca6a,94.7368%,2,36,38,0,0,2,36
0xa56625,99.6124%,2,514,516,0,0,2,514
0xa5223c,98%,2,98,100,98,2,0,0
0x965fb6,97.5904%,2,81,83,0,0,2,81
0x8e03d7,99.7661%,2,853,855,0,0,2,853
0x8a63c2,98.5294%,2,134,136,0,0,2,134
0x789c44,33.3333%,2,1,3,1,2,0,0
0x8be98c,0%,2,0,2,0,2,0,0
0xa45f2d,33.3333%,2,1,3,1,2,0,0
0x53e8c1,98.7013%,2,152,154,0,0,2,152
0xa1ac59,60%,2,3,5,0,0,2,3
0xa0546d,90.4762%,2,19,21,1,0,2,18
0xa06e14,94.7368%,2,36,38,0,0,2,36
0xa51ce0,83.3333%,2,10,12,0,0,2,10
0x4bca0e,83.3333%,2,10,12,0,0,2,10
0xa5c615,88.8889%,2,16,18,8,0,2,8
0x40bb1d,99.5536%,2,446,448,0,0,2,446
0x50f0f0,97.7273%,2,86,88,86,2,0,0
0x61142e,77.7778%,2,7,9,7,1,1,0
0x404b95,71.4286%,2,5,7,5,2,0,0
0xa0559e,93.1034%,2,27,29,20,1,1,7
0x482c06,89.4737%,2,17,19,0,0,2,17
0x8e91a4,0%,2,0,2,0,0,2,0
0x838b32,0%,2,0,2,0,2,0,0
0xa052c7,93.1034%,2,27,29,21,0,2,6
0x9f999a,90.9091%,2,20,22,20,2,0,0
0x9d1ed6,92.8571%,2,26,28,0,0,2,26
0x50ef87,0%,2,0,2,0,0,2,0
0x55470e,96.875%,2,62,64,0,0,2,62
0xa05292,93.1034%,2,27,29,0,0,2,27
0x40952f,75%,2,6,8,6,2,0,0
0xa517d3,95%,2,38,40,38,2,0,0
0xa055a5,75%,2,6,8,6,1,1,0
0x54cdcb,89.4737%,2,17,19,17,2,0,0
0x8c73fb,99.5157%,2,411,413,409,1,1,2
0xa51f8a,0%,2,0,2,0,2,0,0
0x9ea26c,0%,2,0,2,0,0,2,0
0x814e27,99.815%,2,1079,1081,1079,1,1,0
0x490c40,92.3077%,2,24,26,24,2,0,0
0xa51a3c,71.4286%,2,5,7,0,0,2,5
0xaab7f4,97.9798%,2,97,99,0,0,2,97
0xa49172,93.9394%,2,31,33,2,1,1,29
0xa2a8bb,97.0588%,2,66,68,2,0,2,64
0xa5182e,95%,2,38,40,38,2,0,0
0xa58719,50%,2,2,4,0,0,2,2
0x5581ac,75%,2,6,8,6,2,0,0
0x80568e,0%,2,0,2,0,2,0,0
0x81ba0c,99.0196%,2,202,204,202,2,0,0
0x78e102,0%,2,0,2,0,0,2,0
0xa04c78,94.7368%,2,36,38,0,0,2,36
0x809121,60%,2,3,5,3,2,0,0
0xa919c3,99.7167%,2,704,706,0,0,2,704
0x94ea67,92.8571%,2,26,28,0,0,2,26
0x4b48dc,97.2603%,2,71,73,0,2,0,71
0x4b48f6,97.1831%,2,69,71,0,0,2,69
0xaadabd,96.875%,2,62,64,0,0,2,62
0x7c20e8,83.3333%,2,10,12,0,0,2,10
0x65b020,84.6154%,2,11,13,11,2,0,0
0x9bcabd,0%,2,0,2,0,2,0,0
0x8ea428,50%,2,2,4,0,0,2,2
0x813910,93.5484%,2,29,31,29,2,0,0
0x494f6d,66.6667%,2,4,6,1,1,1,3
0x54d686,90%,2,18,20,0,0,2,18
0x4c7536,0%,2,0,2,0,0,2,0
0x53bb0a,99.825%,2,1141,1143,0,0,2,1141
0xa45669,98.7654%,2,160,162,160,2,0,0
0x94ec54,97.7778%,2,88,90,88,2,0,0
0x813762,96.7213%,2,59,61,59,0,2,0
0x80536f,0%,2,0,2,0,0,2,0
0x80de70,98.2456%,2,112,114,0,0,2,112
0xa4670a,87.5%,2,14,16,14,2,0,0
0x780893,33.3333%,2,1,3,0,1,1,1
0x9b908e,77.7778%,2,7,9,0,1,1,7
0x7be092,50%,2,2,4,0,0,2,2
0x661683,99.8419%,2,1263,1265,0,0,2,1263
0x51b01a,99.3399%,2,301,303,301,2,0,0
0x4acb15,86.6667%,2,13,15,13,2,0,0
0x649aeb,93.75%,2,30,32,30,2,0,0
0x9a9b56,98.3471%,2,119,121,119,2,0,0
0x813ba6,90.9091%,2,20,22,20,1,1,0
0x4c664e,0%,2,0,2,0,2,0,0
0x9fde38,71.4286%,2,5,7,5,2,0,0
0xa34871,99.6205%,2,525,527,0,0,2,525
0xa45a0a,96.0784%,2,49,51,49,2,0,0
0x4a62c2,80%,2,8,10,0,2,0,8
0x806991,91.6667%,2,22,24,10,2,0,12
0x53df00,99.5086%,2,405,407,405,2,0,0
0x837946,95.5556%,2,43,45,0,0,2,43
0x94c5b2,98.0769%,2,102,104,0,0,2,102
0x53b90b,81.8182%,2,9,11,9,2,0,0
0xa50a63,94.4444%,2,34,36,0,0,2,34
0x6497ac,0%,2,0,2,0,0,2,0
0x4bb0f4,99.6337%,2,544,546,16,2,0,528
0x9ebf46,96.7213%,2,59,61,59,2,0,0
0xa471e8,98.8024%,2,165,167,165,2,0,0
0xa4720e,98.8024%,2,165,167,0,0,2,165
0x96ae3f,90.4762%,2,19,21,0,0,2,19
0xa4722a,98.8024%,2,165,167,165,2,0,0
0xa47263,98.8024%,2,165,167,165,2,0,0
0x803807,99.4924%,2,392,394,0,0,2,392
0x809dbc,99.6435%,2,559,561,559,0,2,0
0xa4729c,98.8024%,2,165,167,165,2,0,0
0xa64fdc,50%,2,2,4,2,2,0,0
0x4ba66a,99.4638%,2,371,373,0,0,2,371
0x4ba6bd,99.4152%,2,340,342,0,0,2,340
0xa480a1,99.1071%,2,222,224,222,2,0,0
0x4ba78c,99.4638%,2,371,373,0,0,2,371
0x808957,93.9394%,2,31,33,0,2,0,31
0xa60c07,60%,2,3,5,3,2,0,0
0x4c9e85,50%,2,2,4,0,0,2,2
0x5f19b1,0%,2,0,2,0,2,0,0
0x99da8c,94.4444%,2,34,36,34,2,0,0
0x80af6e,0%,2,0,2,0,2,0,0
0xa538bc,71.4286%,2,5,7,0,0,2,5
0xa468eb,87.5%,2,14,16,14,2,0,0
0x4a61e1,33.3333%,2,1,3,0,0,2,1
0x40ae63,0%,2,0,2,0,2,0,0
0x545ba2,99.005%,2,199,201,0,0,2,199
0x9d2ec7,97.5%,2,78,80,13,2,0,65
0x554fc4,33.3333%,2,1,3,1,2,0,0
0x53936b,81.8182%,2,9,11,9,2,0,0
0xa482c7,83.3333%,2,10,12,4,0,2,6
0x5f5980,0%,2,0,2,0,2,0,0
0x5107bd,81.8182%,2,9,11,9,2,0,0
0x4b56de,98.0392%,2,100,102,1,2,0,99
0x5037ec,98.5294%,2,134,136,0,0,2,134
0x65a0c3,99.867%,2,1502,1504,0,0,2,1502
0xa39abf,88.8889%,2,16,18,16,2,0,0
0x81b1ac,94.1176%,2,32,34,32,2,0,0
0x900fda,94.5946%,2,35,37,32,0,2,3
0x8e9b71,60%,2,3,5,0,0,2,3
0x64bd73,98.3193%,2,117,119,0,0,2,117
0x64a7de,0%,2,0,2,0,2,0,0
0xa9646d,91.6667%,2,22,24,0,0,2,22
0x4aa9ac,77.7778%,2,7,9,0,0,2,7
0x5f9246,71.4286%,2,5,7,0,0,2,5
0x8ff3dc,98.4252%,2,125,127,0,0,2,125
0x65a133,99.8633%,2,1461,1463,0,0,2,1461
0x9ed90d,96.875%,2,62,64,0,0,2,62
0x5f4d45,0%,2,0,2,0,2,0,0
0x63fd9a,99.7919%,2,959,961,959,2,0,0
0xa05d12,0%,2,0,2,0,1,1,0
0xa41076,95.5556%,2,43,45,0,0,2,43
0x4bd231,0%,2,0,2,0,0,2,0
0x4bf02a,84.6154%,2,11,13,0,0,2,11
0x838086,87.5%,2,14,16,14,2,0,0
0x5446df,0%,2,0,2,0,0,2,0
0x5446eb,0%,2,0,2,0,0,2,0
0x48efd0,99.2424%,2,262,264,0,0,2,262
0xa3d06d,75%,2,6,8,6,2,0,0
0x5db021,50%,2,2,4,2,2,0,0
0x64a864,98.1132%,2,104,106,0,0,2,104
0x973812,94.7368%,2,36,38,0,0,2,36
0xa55e2d,97.7528%,2,87,89,0,0,2,87
0x5f61f4,0%,2,0,2,0,2,0,0
0x805af3,97.619%,2,82,84,0,0,2,82
0xa44be8,50%,2,2,4,0,0,2,2
0x48e89c,85.7143%,2,12,14,0,0,2,12
0x8381b3,60%,2,3,5,0,0,2,3
0x9ecadb,50%,2,2,4,2,2,0,0
0xa08f2f,60%,2,3,5,0,0,2,3
0x5f5b23,0%,2,0,2,0,0,2,0
0x40aece,0%,2,0,2,0,2,0,0
0x5448bf,99.4083%,2,336,338,336,2,0,0
0x8e03be,99.7661%,2,853,855,0,0,2,853
0x837a2a,90%,2,18,20,3,1,1,15
0x99b18b,95%,2,38,40,38,2,0,0
0xa095f2,60%,2,3,5,0,1,1,3
0xacdcc4,0%,2,0,2,0,0,2,0
0xa44cf9,50%,2,2,4,0,0,2,2
0x8d990b,75%,2,6,8,6,2,0,0
0x4a86e0,0%,2,0,2,0,2,0,0
0x9aa126,93.9394%,2,31,33,0,0,2,31
0x5fc9a4,0%,2,0,2,0,0,2,0
0xa9325a,99.115%,2,224,226,0,1,1,224
0x9f1d95,97.4359%,2,76,78,0,0,2,76
0x808b07,99.8246%,2,1138,1140,1138,0,2,0
0x8380c7,98.8636%,2,174,176,0,0,2,174
0xa06341,0%,2,0,2,0,2,0,0
0x99da6d,94.4444%,2,34,36,0,0,2,34
0x5f5b34,0%,2,0,2,0,2,0,0
0x64a88a,93.75%,2,30,32,30,2,0,0
0x5ef9d3,88.2353%,2,15,17,15,1,1,0
0xa9a0ad,60%,2,3,5,0,0,2,3
0x805051,99.6139%,2,516,518,516,0,2,0
0x915c76,0%,2,0,2,0,2,0,0
0x94433d,98.1818%,2,108,110,108,2,0,0
0x808308,92.5926%,2,25,27,0,0,2,25
0xa26bfc,80%,2,8,10,8,2,0,0
0xa494f4,99.6047%,2,504,506,504,2,0,0
0xa4959c,98.0392%,2,100,102,100,2,0,0
0x58f90f,98.2456%,2,112,114,0,0,2,112
0x904a90,99.3355%,2,299,301,0,0,2,299
0xa06fb6,77.7778%,2,7,9,0,0,2,7
0x556315,33.3333%,2,1,3,1,2,0,0
0x40e84a,80%,2,8,10,3,2,0,5
0xa98655,0%,2,0,2,0,2,0,0
0x803758,97.3333%,2,73,75,0,0,2,73
0x40e8b1,80%,2,8,10,8,2,0,0
0x837d88,97.8495%,2,91,93,91,2,0,0
0x9d04cd,99.3289%,2,296,298,0,0,2,296
0x4a64a2,80%,2,8,10,0,2,0,8
0xa06faa,77.7778%,2,7,9,0,0,2,7
0xa0799e,71.4286%,2,5,7,5,2,0,0
0x5f5ff9,0%,2,0,2,0,2,0,0
0x5f5e49,0%,2,0,2,0,0,2,0
0x9498fa,96.2264%,2,51,53,0,0,2,51
0xa50d2d,97.7273%,2,86,88,0,0,2,86
0x7b8649,0%,2,0,2,0,2,0,0
0x805f5f,50%,2,2,4,2,2,0,0
0x5f5d46,50%,2,2,4,1,1,1,1
0x53b9d7,85.7143%,2,12,14,12,2,0,0
0xa39835,50%,2,2,4,0,0,2,2
0xa31b3b,98.9011%,2,180,182,0,0,2,180
0x8aed72,99.458%,2,367,369,0,2,0,367
0x48f6c1,80%,2,8,10,5,1,1,3
0x81caed,96.6667%,2,58,60,0,0,2,58
0x7ce69b,95.4545%,2,42,44,42,2,0,0
0x49bdeb,50%,2,2,4,2,2,0,0
0xa35377,99.7831%,2,920,922,0,0,2,920
0x5c562a,60%,2,3,5,0,0,2,3
0x4857ff,86.6667%,2,13,15,13,2,0,0
0x9178f6,99.7059%,2,678,680,0,0,2,678
0x7cc2f4,99.8206%,2,1113,1115,1113,2,0,0
0x5ffa6a,95.6522%,2,44,46,44,2,0,0
0x9f4396,98.0198%,2,99,101,0,0,2,99
0x4bc52b,95.4545%,2,42,44,42,2,0,0
0x48f759,96.9231%,2,63,65,0,0,2,63
0x48e036,97.561%,2,80,82,0,0,2,80
0x80c209,99.2453%,2,263,265,0,0,2,263
0xb149d2,99.953%,2,4256,4258,0,0,2,4256
0x9a483b,75%,2,6,8,0,0,2,6
0xa087f2,50%,2,2,4,2,2,0,0
0x8f3678,98.0198%,2,99,101,0,0,2,99
0x9d6855,0%,2,0,2,0,0,2,0
0xa3685f,99.5413%,2,434,436,0,0,2,434
0x5f5bd8,0%,2,0,2,0,2,0,0
0x9449a8,97.1429%,2,68,70,68,2,0,0
0x541f0d,99.5868%,2,482,484,482,2,0,0
0x90baa7,99.8217%,2,1120,1122,1120,2,0,0
0xa310b2,98.9691%,2,192,194,0,0,2,192
0x673d6e,89.4737%,2,17,19,17,2,0,0
0x81510c,60%,2,3,5,3,0,2,0
0xa4e7f1,98.7654%,2,160,162,0,0,2,160
0x9a8b8e,96.7742%,2,60,62,0,0,2,60
0xa46460,98.9637%,2,191,193,0,0,2,191
0xa65002,50%,2,2,4,0,0,2,2
0x4c61e8,94.5946%,2,35,37,35,2,0,0
0x4ba94c,95.8333%,2,46,48,0,0,2,46
0x48fcef,50%,2,2,4,2,2,0,0
0x670a0c,89.4737%,2,17,19,17,2,0,0
0xaa8fe2,91.3043%,2,21,23,0,0,2,21
0xa53435,98.8372%,2,170,172,170,2,0,0
0x5bbd21,66.6667%,2,4,6,0,2,0,4
0x9e0ba2,99.2218%,2,255,257,0,0,2,255
0xa9bac0,71.4286%,2,5,7,5,2,0,0
0x81a582,99.6835%,2,630,632,630,2,0,0
0x96af66,71.4286%,2,5,7,5,2,0,0
0x78d212,0%,2,0,2,0,0,2,0
0x809ee3,0%,2,0,2,0,0,2,0
0x5f5a75,85.7143%,2,12,14,12,0,2,0
0xa43037,50%,2,2,4,2,2,0,0
0x609f08,98.7578%,2,159,161,159,2,0,0
0x64bb40,99.8563%,2,1390,1392,0,0,2,1390
0x40466a,0%,2,0,2,0,2,0,0
0xb2e31e,88.2353%,2,15,17,0,0,2,15
0xa3151c,75%,2,6,8,6,2,0,0
0x5352f4,93.75%,2,30,32,30,2,0,0
0xa64f5c,50%,2,2,4,2,2,0,0
0x4bf177,86.6667%,2,13,15,0,0,2,13
0x80a915,0%,2,0,2,0,0,2,0
0x65ae1e,84.6154%,2,11,13,11,2,0,0
0x4bf1a5,86.6667%,2,13,15,13,2,0,0
0xa42fba,50%,2,2,4,2,2,0,0
0x63d0ce,99%,2,198,200,198,2,0,0
0x4c02c5,94.7368%,2,36,38,12,1,1,24
0x67093d,90%,2,18,20,18,2,0,0
0x80b609,0%,2,0,2,0,1,1,0
0x9487ab,94.8718%,2,37,39,0,0,2,37
0x670904,90%,2,18,20,18,2,0,0
0x49ff13,99.9771%,2,8744,8746,0,0,2,8744
0x9488ed,90.9091%,2,20,22,0,0,2,20
0xa0854d,60%,2,3,5,0,0,2,3
0x490325,96.2963%,2,52,54,0,0,2,52
0x81512b,75%,2,6,8,0,0,2,6
0x8eda48,98.4127%,2,124,126,124,2,0,0
0x5f324e,71.4286%,2,5,7,0,2,0,5
0xa4cebf,50%,2,2,4,0,0,2,2
0xa085b7,60%,2,3,5,0,0,2,3
0x5d8fda,80%,2,8,10,8,2,0,0
0xa0891a,60%,2,3,5,3,2,0,0
0x8adcc3,90.9091%,2,20,22,0,1,1,20
0xa4e6d6,94.7368%,2,36,38,0,0,2,36
0xaa7dbe,71.4286%,2,5,7,0,0,2,5
0xa2e29b,96.875%,2,62,64,0,0,2,62
0x4c067a,95.2381%,2,40,42,40,2,0,0
0x5d80f1,99.8388%,2,1239,1241,1239,2,0,0
0x81c033,99.3884%,2,325,327,0,0,2,325
0xb22b4d,99.8929%,2,1866,1868,1866,2,0,0
0x7f0696,0%,2,0,2,0,2,0,0
0x4bc17d,98.2143%,2,110,112,110,2,0,0
0x8a98bf,99.9351%,2,3078,3080,3078,2,0,0
0xa2eeb6,94.2857%,2,33,35,0,0,2,33
0x9739c5,95%,2,38,40,0,0,2,38
0x8fdc8e,99.7382%,2,762,764,0,0,2,762
0x5fa878,97.1014%,2,67,69,67,2,0,0
0x670abf,0%,2,0,2,0,0,2,0
0x811c9c,96.3636%,2,53,55,18,2,0,35
0x4c561f,96.3636%,2,53,55,29,2,0,24
0xa96a42,94.5946%,2,35,37,0,0,2,35
0x4c5629,91.6667%,2,22,24,0,0,2,22
0x843744,75%,2,6,8,6,2,0,0
0x80d427,98.1818%,2,108,110,108,2,0,0
0x550e0f,88.2353%,2,15,17,0,0,2,15
0x9ebd0a,96.8254%,2,61,63,0,0,2,61
0xa2da29,80%,2,8,10,8,2,0,0
0x50fe90,0%,2,0,2,0,0,2,0
0x60bdff,90%,2,18,20,8,2,0,10
0x670dc6,0%,2,0,2,0,2,0,0
0x8ad913,96.4912%,2,55,57,0,2,0,55
0x7d3ebb,33.3333%,2,1,3,0,0,2,1
0xa2e08c,99.1968%,2,247,249,0,0,2,247
0xa2e1a8,99.187%,2,244,246,48,2,0,196
0xa4ee82,98.5507%,2,136,138,136,2,0,0
0xa36e73,80%,2,8,10,0,0,2,8
0x8a9ed8,99.5708%,2,464,466,0,0,2,464
0x805eb0,99.8167%,2,1089,1091,0,0,2,1089
0xa2e1f1,99.5122%,2,408,410,0,0,2,408
0x8f5634,98.9529%,2,189,191,0,0,2,189
0x4beec1,93.9394%,2,31,33,0,0,2,31
0x9be996,85.7143%,2,12,14,12,2,0,0
0x491c2b,97.4359%,2,76,78,76,0,2,0
0xa5723c,98.8095%,2,166,168,0,0,2,166
0x5555c7,98.0583%,2,101,103,0,0,2,101
0x901639,97.2222%,2,70,72,0,0,2,70
0x5daa42,50%,2,2,4,2,2,0,0
0x9cfbf0,98.374%,2,121,123,7,1,1,114
0x591662,33.3333%,2,1,3,1,2,0,0
0x534c83,90%,2,18,20,0,0,2,18
0xa53df6,98.7805%,2,162,164,0,0,2,162
0x556391,33.3333%,2,1,3,1,2,0,0
0xa3bb27,88.8889%,2,16,18,0,0,2,16
0x619927,97.3333%,2,73,75,73,2,0,0
0x96e4c7,0%,2,0,2,0,2,0,0
0x5444a7,99.1071%,2,222,224,222,2,0,0
0x4c5c38,93.75%,2,30,32,0,0,2,30
0xa2e215,50%,2,2,4,0,2,0,2
0xa960b7,92.3077%,2,24,26,0,0,2,24
0x7d336c,96.8254%,2,61,63,49,2,0,12
0xa2e22f,0%,2,0,2,0,2,0,0
0x820ec9,99.5876%,2,483,485,0,0,2,483
0x8072b0,99.9864%,2,14690,14692,14690,2,0,0
0x48fc05,50%,2,2,4,2,2,0,0
0xa2f3be,50%,2,2,4,0,2,0,2
0xa042cf,33.3333%,2,1,3,0,1,1,1
0xa2ed0f,96.875%,2,62,64,0,0,2,62
0x4c59bb,96.3636%,2,53,55,0,0,2,53
0x8a993b,75%,2,6,8,6,2,0,0
0x9780f3,98.4962%,2,131,133,0,0,2,131
0xa08c92,83.3333%,2,10,12,2,2,0,8
0x4aca36,86.6667%,2,13,15,4,2,0,9
0xa4677c,83.3333%,2,10,12,0,0,2,10
0x4c59cb,96.3636%,2,53,55,29,2,0,24
0x8f613f,98.9691%,2,192,194,0,0,2,192
0x81afa9,0%,2,0,2,0,0,2,0
0x48f0fe,98.4496%,2,127,129,0,0,2,127
0x590675,99.8832%,2,1711,1713,0,0,2,1711
0x804401,66.6667%,2,4,6,4,2,0,0
0x8e31bb,60%,2,3,5,3,2,0,0
0x8a956f,94.4444%,2,34,36,0,0,2,34
0x4bf4e7,94.7368%,2,36,38,0,0,2,36
0x48f120,98.4496%,2,127,129,0,0,2,127
0x5467ef,71.4286%,2,5,7,5,0,2,0
0xa15b23,0%,2,0,2,0,2,0,0
0xa94272,0%,2,0,2,0,2,0,0
0x5f5d58,0%,2,0,2,0,2,0,0
0x814582,97.4026%,2,75,77,30,2,0,45
0x78a67c,87.5%,2,14,16,5,1,1,9
0x94eea9,93.3333%,2,28,30,0,0,2,28
0x8df5b5,95.2381%,2,40,42,0,2,0,40
0x4b6c83,77.7778%,2,7,9,0,0,2,7
0x7b0631,33.3333%,2,1,3,0,0,2,1
0x5b3565,66.6667%,2,4,6,0,0,2,4
0x9ed6b4,96.6102%,2,57,59,57,2,0,0
0x4045b9,99.1071%,2,222,224,0,0,2,222
0x4b90cb,77.7778%,2,7,9,0,0,2,7
0x65a0ad,97.5309%,2,79,81,79,2,0,0
0x49c251,50%,2,2,4,2,2,0,0
0xa8fce0,98.6301%,2,144,146,144,2,0,0
0x9eca09,98.6842%,2,150,152,0,0,2,150
0xa5f823,99.375%,2,318,320,318,2,0,0
0x9042ba,77.7778%,2,7,9,7,2,0,0
0xa9ba5d,81.8182%,2,9,11,7,0,2,2
0x900c7c,99.4012%,2,332,334,332,2,0,0
0x789b18,92.8571%,2,26,28,0,0,2,26
0x4ca06d,75%,2,6,8,0,0,2,6
0x9023cf,90.9091%,2,20,22,0,0,2,20
0x98c71d,94.4444%,2,34,36,0,0,2,34
0x80da3e,98.1132%,2,104,106,0,0,2,104
0xaa0700,98%,2,98,100,1,2,0,97
0x80fa90,97.8261%,2,90,92,90,2,0,0
0xa30b21,99.8815%,2,1686,1688,0,0,2,1686
0x80598b,99.8562%,2,1389,1391,0,0,2,1389
0x8e0b74,99.8988%,2,1975,1977,0,0,2,1975
0xaa6385,99%,2,198,200,0,0,2,198
0xa0679e,0%,2,0,2,0,0,2,0
0x647d97,96.0784%,2,49,51,49,2,0,0
0x7f370d,86.6667%,2,13,15,9,2,0,4
0x618adc,97.1429%,2,68,70,68,2,0,0
0x4c4d13,92.8571%,2,26,28,13,2,0,13
0x4c3974,84.6154%,2,11,13,0,0,2,11
0xa30eda,98.9744%,2,193,195,193,2,0,0
0x591f5b,97.1429%,2,68,70,68,2,0,0
0x4b7921,92.8571%,2,26,28,0,0,2,26
0x4fdc56,93.1034%,2,27,29,0,0,2,27
0x5fbfd6,0%,2,0,2,0,0,2,0
0x4c0ef5,93.75%,2,30,32,30,2,0,0
0x9ed533,83.3333%,2,10,12,10,2,0,0
0x833baf,50%,2,2,4,0,0,2,2
0x58e813,71.4286%,2,5,7,0,0,2,5
0x81596a,99.6169%,2,520,522,0,0,2,520
0x816f18,0%,2,0,2,0,0,2,0
0xa4de1f,94.7368%,2,36,38,36,2,0,0
0xa6c6a6,95.3488%,2,41,43,0,0,2,41
0x490535,33.3333%,2,1,3,0,0,2,1
0x5f120b,0%,2,0,2,0,2,0,0
0x833b73,66.6667%,2,4,6,0,2,0,4
0xa39dbb,95.122%,2,39,41,0,0,2,39
0x80e72f,98.6667%,2,148,150,0,0,2,148
0x78bfb7,77.7778%,2,7,9,0,0,2,7
0x833b53,0%,2,0,2,0,2,0,0
0x90a18d,99.8051%,2,1024,1026,1024,2,0,0
0x78c02c,0%,2,0,2,0,0,2,0
0x9ec443,66.6667%,2,4,6,3,0,2,1
0x809a0d,0%,2,0,2,0,0,2,0
0x4947e0,0%,2,0,2,0,2,0,0
0x59c9b5,98.7654%,2,160,162,156,2,0,4
0x5fbfec,0%,2,0,2,0,0,2,0
0x4bd673,66.6667%,2,4,6,0,0,2,4
0x4bd167,71.4286%,2,5,7,0,0,2,5
0x63f427,0%,2,0,2,0,0,2,0
0xa4e5a2,94.7368%,2,36,38,0,0,2,36
0x4ab0bc,81.8182%,2,9,11,9,2,0,0
0x8a6260,99.0148%,2,201,203,0,0,2,201
0x78f61f,86.6667%,2,13,15,0,0,2,13
0x8e0aeb,99.9195%,2,2481,2483,0,1,1,2481
0x4bd19a,50%,2,2,4,0,2,0,2
0x7840d5,75%,2,6,8,0,0,2,6
0xa57101,83.3333%,2,10,12,0,1,1,10
0x4c2fb7,84.6154%,2,11,13,0,0,2,11
0xa55c69,66.6667%,2,4,6,4,2,0,0
0x9e001d,99.8138%,2,1072,1074,0,0,2,1072
0xaa2d5c,99.3421%,2,302,304,0,0,2,302
0x81b508,66.6667%,2,4,6,0,0,2,4
0x40bae6,98.6667%,2,148,150,0,0,2,148
0x4bb2f8,86.6667%,2,13,15,13,2,0,0
0x8d3d6b,93.5484%,2,29,31,0,0,2,29
0x40e3d1,66.6667%,2,4,6,0,2,0,4
0x4c74a5,88.8889%,2,16,18,0,0,2,16
0x4a61ea,33.3333%,2,1,3,0,0,2,1
0xa54506,80%,2,8,10,8,0,2,0
0x8f1434,99.5565%,2,449,451,0,0,2,449
0x81a440,99.5134%,2,409,411,0,0,2,409
0x5ff4e7,50%,2,2,4,0,0,2,2
0xa55eca,33.3333%,2,1,3,1,2,0,0
0x4bc30a,94.1176%,2,32,34,32,2,0,0
0xa08057,50%,2,2,4,0,0,2,2
0x4bed7f,92.3077%,2,24,26,2,0,2,22
0x97723d,0%,2,0,2,0,0,2,0
0x4ba068,91.6667%,2,22,24,2,2,0,20
0x5eb844,95.4545%,2,42,44,0,0,2,42
0x902512,99.005%,2,199,201,0,0,2,199
0xa2dbec,50%,2,2,4,0,0,2,2
0x556152,99.7677%,2,859,861,0,0,2,859
0x49af47,98.6577%,2,147,149,0,0,2,147
0x4ac702,86.6667%,2,13,15,0,0,2,13
0xa920b2,50%,2,2,4,0,0,2,2
0x973b44,80%,2,8,10,0,0,2,8
0x95cbda,0%,2,0,2,0,0,2,0
0x55589f,96.3636%,2,53,55,0,0,2,53
0x8a95a4,83.3333%,2,10,12,0,0,2,10
0x5fc99a,0%,2,0,2,0,0,2,0
0xa35de9,85.7143%,2,12,14,0,0,2,12
0x48f698,94.5946%,2,35,37,35,2,0,0
0x8ec336,99.818%,2,1097,1099,1097,2,0,0
0x782814,0%,2,0,2,0,2,0,0
0x8c8fb5,75%,2,6,8,4,2,0,2
0xa08ea1,95.5556%,2,43,45,0,0,2,43
0x803cfb,0%,2,0,2,0,2,0,0
0xa325ff,50%,2,2,4,2,2,0,0
0x7869b5,83.3333%,2,10,12,6,0,2,4
0x81e9d6,97.3684%,2,74,76,74,2,0,0
0x814a8e,96.8254%,2,61,63,0,0,2,61
0x95109a,0%,2,0,2,0,1,1,0
0x8df916,50%,2,2,4,0,1,1,2
0x9e0179,98.8889%,2,178,180,0,0,2,178
0x792205,90.4762%,2,19,21,0,0,2,19
0x4b9c2f,97.1831%,2,69,71,69,2,0,0
0x804d62,0%,2,0,2,0,2,0,0
0x918b86,99%,2,198,200,198,2,0,0
0x78f649,85.7143%,2,12,14,12,2,0,0
0x64ac4d,75%,2,6,8,6,2,0,0
0x78f640,85.7143%,2,12,14,0,0,2,12
0xa06392,0%,2,0,2,0,2,0,0
0x9799bb,94.4444%,2,34,36,0,0,2,34
0x9fdb9a,92%,2,23,25,23,2,0,0
0x54687c,0%,2,0,2,0,0,2,0
0xa30384,97.6471%,2,83,85,0,0,2,83
0x82259a,99.0244%,2,203,205,203,2,0,0
0x9027fb,94.7368%,2,36,38,0,0,2,36
0x8d27a6,33.3333%,2,1,3,0,0,2,1
0x6499db,50%,2,2,4,2,0,2,0
0x5fc49d,0%,2,0,2,0,0,2,0
0x908980,99.7919%,2,959,961,959,2,0,0
0x4a9a33,0%,2,0,2,0,2,0,0
0x4c4666,94.5946%,2,35,37,0,0,2,35
0x9ed89e,96.875%,2,62,64,0,0,2,62
0x4bbcf4,99.7904%,2,952,954,952,2,0,0
0x9edc4c,96.875%,2,62,64,62,2,0,0
0x9a1e7a,97.5309%,2,79,81,0,0,2,79
0x7d1ec0,95.8333%,2,46,48,42,2,0,4
0xa37622,80%,2,8,10,0,0,2,8
0x5bbf9c,0%,2,0,2,0,2,0,0
0x512a2c,98.6667%,2,148,150,148,2,0,0
0xaa7f15,83.3333%,2,10,12,0,0,2,10
0x5ff513,66.6667%,2,4,6,0,1,1,4
0x64862f,96.4286%,2,54,56,54,2,0,0
0x8a5ae4,0%,2,0,2,0,0,2,0
0x81b558,99.3691%,2,315,317,315,2,0,0
0x951ad9,94.4444%,2,34,36,34,2,0,0
0x5fc76c,0%,2,0,2,0,2,0,0
0x60b5e4,99.1837%,2,243,245,0,0,2,243
0x54464f,0%,2,0,2,0,2,0,0
0x4bca89,50%,2,2,4,2,2,0,0
0x544933,99.4083%,2,336,338,336,0,2,0
0xa4800c,33.3333%,2,1,3,1,2,0,0
0xa4784c,50%,2,2,4,2,2,0,0
0x8a3116,0%,2,0,2,0,0,2,0
0x4bbc8b,98.3471%,2,119,121,119,2,0,0
0x8dd911,95.4545%,2,42,44,0,0,2,42
0x590e8b,91.3043%,2,21,23,0,0,2,21
0x488d5b,96.4912%,2,55,57,0,0,2,55
0x81f030,50%,2,2,4,0,0,2,2
0x5cf33b,71.4286%,2,5,7,1,2,0,4
0xa4e8c0,0%,2,0,2,0,2,0,0
0x81b9a3,99.0291%,2,204,206,0,2,0,204
0x9eb283,0%,2,0,2,0,0,2,0
0xa9dd34,0%,2,0,2,0,0,2,0
0x4037fc,99.6234%,2,529,531,0,0,2,529
0x4b7aea,81.8182%,2,9,11,9,0,2,0
0x80c2ec,99.0196%,2,202,204,202,2,0,0
0x5af391,96.7742%,2,60,62,0,0,2,60
0xa4e8ac,0%,2,0,2,0,0,2,0
0x5cf330,87.5%,2,14,16,9,0,2,5
0x8fd2d8,75%,2,6,8,6,0,2,0
0x4b730a,81.8182%,2,9,11,9,0,2,0
0xa29d47,87.5%,2,14,16,0,0,2,14
0xa47ec5,83.3333%,2,10,12,10,2,0,0
0x619a58,90%,2,18,20,18,2,0,0
0x53a505,0%,2,0,2,0,0,2,0
0x77caa1,66.6667%,2,4,6,4,2,0,0
0x61dc58,90%,2,18,20,18,2,0,0
0x403995,94.5946%,2,35,37,0,0,2,35
0x8a6984,83.3333%,2,10,12,9,2,0,1
0x7b80fe,77.7778%,2,7,9,0,2,0,7
0x51010a,99.8847%,2,1732,1734,0,0,2,1732
0xa47e9b,83.3333%,2,10,12,0,0,2,10
0xa41206,92%,2,23,25,0,0,2,23
0x8a77e7,99.6161%,2,519,521,0,0,2,519
0xa980d1,98.6577%,2,147,149,0,0,2,147
0x4bdf04,84.6154%,2,11,13,11,2,0,0
0xa3da34,75%,2,6,8,0,0,2,6
0x5960f2,84.6154%,2,11,13,0,0,2,11
0x4bdfad,84.6154%,2,11,13,0,2,0,11
0x8a75fb,99.773%,2,879,881,0,1,1,879
0x813e0e,99.7877%,2,940,942,0,0,2,940
0xa99fab,0%,2,0,2,0,0,2,0
0x9a8ad0,99.3958%,2,329,331,329,2,0,0
0xa02cea,96.8254%,2,61,63,0,0,2,61
0x4b55b9,0%,2,0,2,0,0,2,0
0x80469f,97.3333%,2,73,75,0,0,2,73
0x9e1a44,87.5%,2,14,16,0,0,2,14
0x58f410,96.1538%,2,50,52,0,0,2,50
0x534aec,96.4286%,2,54,56,0,0,2,54
0x9e6333,88.8889%,2,16,18,16,2,0,0
0x49a41b,66.6667%,2,4,6,4,2,0,0
0x67329e,89.4737%,2,17,19,17,2,0,0
0x5570db,99.177%,2,241,243,0,0,2,241
0x4b93c4,87.5%,2,14,16,0,0,2,14
0x803908,0%,2,0,2,0,2,0,0
0x4be367,81.8182%,2,9,11,0,0,2,9
0x818a8f,99.322%,2,293,295,293,2,0,0
0x62284a,80%,2,8,10,0,0,2,8
0xa41513,92%,2,23,25,0,0,2,23
0x8e9952,66.6667%,2,4,6,4,0,2,0
0x63ebac,99.929%,2,2816,2818,0,0,2,2816
0xa041c3,60%,2,3,5,2,2,0,1
0x40372b,99.7472%,2,789,791,789,2,0,0
0xa02d5e,98.895%,2,179,181,0,0,2,179
0xa4152a,92%,2,23,25,0,0,2,23
0xa379ca,80%,2,8,10,0,0,2,8
0xa0181b,50%,2,2,4,2,0,2,0
0xa5686f,66.6667%,2,4,6,0,0,2,4
0xa47972,77.7778%,2,7,9,7,2,0,0
0x8f41bf,99.3846%,2,323,325,323,2,0,0
0xa479bc,77.7778%,2,7,9,7,2,0,0
0x821288,81.8182%,2,9,11,9,0,2,0
0xa8f990,97.6471%,2,83,85,0,0,2,83
0x6410ff,0%,2,0,2,0,0,2,0
0x49a532,50%,2,2,4,2,2,0,0
0x556218,33.3333%,2,1,3,0,0,2,1
0x5f61c5,0%,2,0,2,0,2,0,0
0xa47a10,77.7778%,2,7,9,7,2,0,0
0x4c6fe9,93.9394%,2,31,33,0,0,2,31
0x4b9ea2,98.7097%,2,153,155,153,2,0,0
0xa4e87a,0%,2,0,2,0,2,0,0
0xa43c63,95.8333%,2,46,48,46,2,0,0
0x8e1ce6,99.9066%,2,2139,2141,0,0,2,2139
0xa49a0f,80%,2,8,10,8,2,0,0
0xa4989e,90.9091%,2,20,22,0,0,2,20
0xa37a8e,80%,2,8,10,1,2,0,7
0xa15963,80%,2,8,10,6,0,2,2
0x81d323,98.9474%,2,188,190,188,2,0,0
0x809d3c,50%,2,2,4,2,0,2,0
0x556ca1,99.1903%,2,245,247,245,2,0,0
0x4ca68a,60%,2,3,5,3,0,2,0
0xa97e50,86.6667%,2,13,15,13,2,0,0
0xa41299,75%,2,6,8,0,0,2,6
0x4bb49a,96.1538%,2,50,52,0,0,2,50
0xa46804,99.3902%,2,326,328,0,0,2,326
0xa41255,75%,2,6,8,6,2,0,0
0xa477fe,50%,2,2,4,0,0,2,2
0x8a61e4,98.7013%,2,152,154,152,2,0,0
0xa9eca7,50%,2,2,4,2,2,0,0
0x9027bf,91.6667%,2,22,24,11,1,1,11
0x4c45a8,80%,2,8,10,8,2,0,0
0x8df5fe,92.5926%,2,25,27,0,1,1,25
0x7ac76b,83.3333%,2,10,12,0,0,2,10
0xa47aa2,89.4737%,2,17,19,17,2,0,0
0x81b8cc,93.1034%,2,27,29,27,2,0,0
0x9a7efb,92%,2,23,25,23,2,0,0
0x4a7c83,96.5517%,2,56,58,56,2,0,0
0x510565,99.8397%,2,1246,1248,0,0,2,1246
0x48ea77,99.6727%,2,609,611,0,0,2,609
0x66731e,93.5484%,2,29,31,0,0,2,29
0x537c56,99.7286%,2,735,737,0,0,2,735
0xaa58b1,95.9184%,2,47,49,47,2,0,0
0xa2c1c7,0%,2,0,2,0,2,0,0
0x4bb2dc,93.3333%,2,28,30,0,0,2,28
0x40b47c,0%,2,0,2,0,2,0,0
0x9abe1e,98.8889%,2,178,180,0,0,2,178
0x8a6735,97.7778%,2,88,90,28,1,1,60
0x8e26b8,99.9011%,2,2021,2023,0,0,2,2021
0x591f2e,96.1538%,2,50,52,0,0,2,50
0xa42b6f,98.2143%,2,110,112,110,2,0,0
0x8c8716,99.5951%,2,492,494,0,0,2,492
0x98cdd7,83.3333%,2,10,12,0,0,2,10
0x4c4561,88.2353%,2,15,17,15,2,0,0
0x4c6597,83.3333%,2,10,12,0,0,2,10
0x8ffecd,66.6667%,2,4,6,0,0,2,4
0x67187b,0%,2,0,2,0,2,0,0
0x4c455d,88.2353%,2,15,17,0,0,2,15
0x5eafc3,50%,2,2,4,2,2,0,0
0x4bf2dd,94.2857%,2,33,35,3,2,0,30
0xa07f50,96.3636%,2,53,55,53,1,1,0
0x900cbe,99.4012%,2,332,334,0,0,2,332
0x903e10,96.1538%,2,50,52,50,2,0,0
0xa4fb9b,50%,2,2,4,2,2,0,0
0x49c5bc,66.6667%,2,4,6,0,0,2,4
0x7b63c8,95.5556%,2,43,45,0,0,2,43
0x59edb5,75%,2,6,8,0,0,2,6
0x8a5b47,99.0826%,2,216,218,216,0,2,0
0x5ebef2,85.7143%,2,12,14,0,0,2,12
0x4c5284,92.5926%,2,25,27,0,0,2,25
0x5dae37,50%,2,2,4,2,2,0,0
0x60b060,96%,2,48,50,48,2,0,0
0xa374af,80%,2,8,10,1,2,0,7
0x5931db,85.7143%,2,12,14,0,0,2,12
0xa08c5e,90%,2,18,20,16,0,2,2
0xa37336,95.2381%,2,40,42,40,2,0,0
0x4b8391,81.8182%,2,9,11,0,0,2,9
0xa28a30,87.5%,2,14,16,14,2,0,0
0x8fd6c8,80%,2,8,10,0,0,2,8
0x5339f1,81.8182%,2,9,11,9,0,2,0
0x8a6d75,0%,2,0,2,0,2,0,0
0x8a6f4c,99.5204%,2,415,417,415,2,0,0
0x78189f,50%,2,2,4,2,2,0,0
0x65b254,84.6154%,2,11,13,0,0,2,11
0x8f09a9,98.2906%,2,115,117,0,0,2,115
0x8196b3,98.9583%,2,190,192,47,1,1,143
0x4be7fc,92.5926%,2,25,27,0,0,2,25
0x7b6401,94.5946%,2,35,37,0,0,2,35
0x9a45b3,99.6262%,2,533,535,0,0,2,533
0x8a71f4,99.2857%,2,278,280,278,2,0,0
0x59c2cd,99.0654%,2,212,214,212,2,0,0
0x4b9526,0%,2,0,2,0,2,0,0
0x4ad822,50%,2,2,4,0,2,0,2
0x4be8d6,77.7778%,2,7,9,7,1,1,0
0x5a884a,0%,2,0,2,0,2,0,0
0x5ae477,77.7778%,2,7,9,7,2,0,0
0x88e009,66.6667%,2,4,6,0,0,2,4
0xa3cbd2,75%,2,6,8,0,0,2,6
0x557ac8,60%,2,3,5,0,2,0,3
0xa073d8,0%,2,0,2,0,0,2,0
0x8df0c5,91.6667%,2,22,24,22,2,0,0
0x9f95e8,96.2264%,2,51,53,51,2,0,0
0x59f932,0%,2,0,2,0,2,0,0
0x670e79,0%,2,0,2,0,2,0,0
0x90673e,98.3871%,2,122,124,122,2,0,0
0x48c438,0%,2,0,2,0,2,0,0
0x837ee6,66.6667%,2,4,6,4,2,0,0
0x8a8827,85.7143%,2,12,14,0,2,0,12
0x5036f0,99.7326%,2,746,748,0,0,2,746
0xa43912,99.005%,2,199,201,13,2,0,186
0x48ea14,97.6471%,2,83,85,0,0,2,83
0x51b6d9,60%,2,3,5,0,0,2,3
0x666f27,50%,2,2,4,2,2,0,0
0x9e18c5,98.3333%,2,118,120,118,2,0,0
0x918a9c,99%,2,198,200,0,0,2,198
0xa9c96b,95.4545%,2,42,44,8,0,2,34
0xa087d5,75%,2,6,8,4,0,2,2
0x9110c8,96.2264%,2,51,53,0,0,2,51
0x80b7ce,94.4444%,2,34,36,0,2,0,34
0x9fe879,95%,2,38,40,0,0,2,38
0xa36d17,50%,2,2,4,2,0,2,0
0xa446ec,96.1538%,2,50,52,0,0,2,50
0x838bca,0%,2,0,2,0,2,0,0
0x69dd7d,83.3333%,2,10,12,10,2,0,0
0x821802,99.6575%,2,582,584,0,0,2,582
0x5dfb9c,85.7143%,2,12,14,12,2,0,0
0xa56e34,0%,2,0,2,0,0,2,0
0xa36c40,0%,2,0,2,0,0,2,0
0x9a618d,94.8718%,2,37,39,15,0,2,22
0x4bfeb0,94.1176%,2,32,34,1,0,2,31
0x677ce9,99.7925%,2,962,964,962,2,0,0
0x4a852d,75%,2,6,8,6,0,2,0
0x5f0dc8,60%,2,3,5,0,0,2,3
0x50d0c5,0%,2,0,2,0,0,2,0
0x9e21f7,98.0769%,2,102,104,6,0,2,96
0x8ec9bf,50%,2,2,4,0,0,2,2
0x81b648,0%,2,0,2,0,0,2,0
0xa5a0f3,33.3333%,2,1,3,1,0,2,0
0xa42f9f,96.5517%,2,56,58,54,0,2,2
0x8aad57,90.9091%,2,20,22,0,0,2,20
0x649862,0%,2,0,2,0,2,0,0
0x81e935,97.3684%,2,74,76,74,2,0,0
0xa4d3bd,97.0149%,2,65,67,65,2,0,0
0x4b55a3,66.6667%,2,4,6,4,0,2,0
0xa4ba65,98.9691%,2,192,194,0,0,2,192
0x51b6b2,71.4286%,2,5,7,5,2,0,0
0x8a710c,96.4286%,2,54,56,54,2,0,0
0xa02b58,0%,2,0,2,0,0,2,0
0x5f59eb,85.7143%,2,12,14,0,2,0,12
0x9f07b7,71.4286%,2,5,7,3,0,2,2
0xae7095,97.1014%,2,67,69,0,0,2,67
0x5eedc0,0%,2,0,2,0,2,0,0
0x9f473b,99.6633%,2,592,594,0,0,2,592
0x4a9739,96.6667%,2,58,60,0,0,2,58
0x441aa3,81.8182%,2,9,11,9,2,0,0
0x8d3ff7,84.6154%,2,11,13,11,2,0,0
0x49491e,99.0431%,2,207,209,0,0,2,207
0xa5460b,0%,2,0,2,0,2,0,0
0x7f0647,0%,2,0,2,0,2,0,0
0x6737f5,0%,2,0,2,0,2,0,0
0x5a9716,33.3333%,2,1,3,1,2,0,0
0x9176f6,99%,2,198,200,0,0,2,198
0x8fea0b,92%,2,23,25,0,0,2,23
0xaa1311,99.4872%,1,194,195,0,0,1,194
0xa073cc,75%,1,3,4,2,0,1,1
0x6114c0,0%,1,0,1,0,1,0,0
0x487ea3,50%,1,1,2,0,0,1,1
0x98b284,99.5455%,1,219,220,0,0,1,219
0x6108aa,92.3077%,1,12,13,0,0,1,12
0x61153e,98.4615%,1,64,65,0,0,1,64
0x7c76ab,91.6667%,1,11,12,7,1,0,4
0x5f3dc1,75%,1,3,4,2,0,1,1
0xb2e329,94.1176%,1,16,17,0,0,1,16
0x7c7608,75%,1,3,4,0,0,1,3
0xa04282,0%,1,0,1,0,1,0,0
0xa04bb4,97.3684%,1,37,38,0,0,1,37
0x61084b,92.3077%,1,12,13,0,0,1,12
0xa075c8,85.7143%,1,6,7,0,1,0,6
0xa075b8,87.5%,1,7,8,0,1,0,7
0x535729,98.3607%,1,60,61,60,1,0,0
0xa08378,85.7143%,1,6,7,0,0,1,6
0xa0689c,50%,1,1,2,1,1,0,0
0x40e409,75%,1,3,4,3,1,0,0
0xa064cc,97.1429%,1,34,35,34,1,0,0
0xa067c5,50%,1,1,2,1,1,0,0
0x95ab88,75%,1,3,4,3,1,0,0
0xa722eb,75%,1,3,4,3,1,0,0
0xab1e27,75%,1,3,4,0,0,1,3
0xa040e7,83.3333%,1,5,6,0,1,0,5
0xa543b0,94.7368%,1,18,19,0,0,1,18
0x54d760,95%,1,19,20,19,1,0,0
0x5b304d,75%,1,3,4,0,0,1,3
0xa08309,0%,1,0,1,0,0,1,0
0xaa56b7,97.2222%,1,35,36,0,0,1,35
0x49b297,50%,1,1,2,0,0,1,1
0x95a926,75%,1,3,4,0,0,1,3
0x8a6e05,50%,1,1,2,1,1,0,0
0xa3eeab,87.5%,1,7,8,0,0,1,7
0x95a93b,75%,1,3,4,0,0,1,3
0x7d3e11,66.6667%,1,2,3,0,0,1,2
0x905279,99.2701%,1,136,137,136,1,0,0
0xa04223,50%,1,1,2,0,0,1,1
0x95a995,75%,1,3,4,0,0,1,3
0xaae7b2,97.7273%,1,43,44,43,1,0,0
0x80985b,80%,1,4,5,0,0,1,4
0xa042b0,0%,1,0,1,0,0,1,0
0x60b9b5,98.8235%,1,84,85,84,1,0,0
0x94c88e,93.75%,1,15,16,15,1,0,0
0xa078a1,83.3333%,1,5,6,5,1,0,0
0x9f6d1c,99.5413%,1,217,218,217,1,0,0
0x95b322,75%,1,3,4,3,1,0,0
0x5b208f,94.4444%,1,17,18,17,1,0,0
0x95a9fa,75%,1,3,4,0,0,1,3
0x4c187a,93.75%,1,15,16,15,1,0,0
0xa066cd,97.7778%,1,44,45,0,0,1,44
0x9848a3,75%,1,3,4,3,1,0,0
0xa08f59,83.3333%,1,5,6,5,1,0,0
0x9f4faa,99.5595%,1,226,227,0,0,1,226
0x95976e,98.0769%,1,51,52,51,1,0,0
0x6107f4,92.3077%,1,12,13,12,1,0,0
0x5b1645,90%,1,9,10,9,1,0,0
0x480f53,94.7368%,1,18,19,0,0,1,18
0xa077af,50%,1,1,2,0,0,1,1
0x9a0b37,96.4286%,1,27,28,27,1,0,0
0x9eda1d,85.7143%,1,6,7,6,1,0,0
0x96e49f,0%,1,0,1,0,0,1,0
0xa042b9,0%,1,0,1,0,0,1,0
0x667463,97.7778%,1,44,45,0,0,1,44
0x991498,50%,1,1,2,1,1,0,0
0x96ea3a,0%,1,0,1,0,1,0,0
0x9f64b1,99.4413%,1,178,179,0,0,1,178
0x4c92d9,93.75%,1,15,16,0,0,1,15
0x8109d9,91.6667%,1,11,12,11,1,0,0
0x5f2187,97.2222%,1,35,36,35,1,0,0
0x949890,98.7342%,1,78,79,0,0,1,78
0xaac3f8,75%,1,3,4,3,1,0,0
0x90a5f8,97.7273%,1,43,44,0,0,1,43
0x609bbc,99.6032%,1,251,252,0,0,1,251
0xa02a90,91.6667%,1,11,12,0,0,1,11
0xa08746,75%,1,3,4,0,0,1,3
0x959cc1,75%,1,3,4,0,0,1,3
0x975104,87.5%,1,7,8,1,1,0,6
0x97bae9,99.1228%,1,113,114,113,1,0,0
0x97bb33,97.0588%,1,33,34,0,0,1,33
0x9752c1,83.3333%,1,5,6,3,0,1,2
0xa359d2,99.4286%,1,174,175,0,0,1,174
0x7f3795,93.3333%,1,14,15,0,0,1,14
0x96e779,0%,1,0,1,0,0,1,0
0x806944,95.8333%,1,23,24,23,1,0,0
0x9e543c,97.4359%,1,38,39,38,1,0,0
0x94b663,98.7342%,1,78,79,78,1,0,0
0x95b72c,75%,1,3,4,0,0,1,3
0xa08be1,75%,1,3,4,3,1,0,0
0x7f367d,93.3333%,1,14,15,0,0,1,14
0x4805e4,97.3684%,1,37,38,28,1,0,9
0x9799f7,87.5%,1,7,8,0,0,1,7
0x9e5bea,97.1429%,1,34,35,34,1,0,0
0x47fc95,94.4444%,1,17,18,0,0,1,17
0xa04aa5,98.6486%,1,73,74,0,0,1,73
0x95b796,75%,1,3,4,3,1,0,0
0x5f1505,97.3684%,1,37,38,37,1,0,0
0x959d45,75%,1,3,4,3,1,0,0
0x666236,97.9167%,1,47,48,47,1,0,0
0x6d9f37,0%,1,0,1,0,0,1,0
0x804c46,0%,1,0,1,0,1,0,0
0x54fe1a,0%,1,0,1,0,0,1,0
0xa041d6,75%,1,3,4,3,1,0,0
0x97500c,83.3333%,1,5,6,0,0,1,5
0xa39841,75%,1,3,4,0,0,1,3
0xa08c85,75%,1,3,4,0,0,1,3
0x959cc8,75%,1,3,4,3,1,0,0
0x60bba5,80%,1,4,5,4,1,0,0
0x49b037,50%,1,1,2,0,0,1,1
0x9595d1,75%,1,3,4,3,1,0,0
0x444967,92.3077%,1,12,13,0,0,1,12
0x7bae7d,50%,1,1,2,0,0,1,1
0xa06e56,75%,1,3,4,0,0,1,3
0xaac426,75%,1,3,4,3,1,0,0
0x4802c9,97.3684%,1,37,38,37,1,0,0
0x647c7b,97.6744%,1,42,43,42,1,0,0
0x959369,75%,1,3,4,3,1,0,0
0x4877b6,0%,1,0,1,0,1,0,0
0x480240,94.7368%,1,18,19,0,0,1,18
0x94d13c,97.8723%,1,46,47,0,0,1,46
0xa07b69,80%,1,4,5,3,1,0,1
0x5fb43d,50%,1,1,2,0,0,1,1
0x9e0bf6,94.1176%,1,16,17,0,0,1,16
0xa08cd3,87.5%,1,7,8,7,1,0,0
0x80d4d0,95%,1,19,20,0,0,1,19
0xaa3935,95.2381%,1,20,21,16,0,1,4
0x4c9351,75%,1,3,4,3,1,0,0
0x9a1209,98.7654%,1,80,81,0,0,1,80
0x959259,99.2188%,1,127,128,0,0,1,127
0xa07ee6,0%,1,0,1,0,1,0,0
0x65c6ae,75%,1,3,4,0,0,1,3
0x647c48,97.6744%,1,42,43,0,0,1,42
0x7bafb3,50%,1,1,2,1,1,0,0
0x59f1b3,50%,1,1,2,0,0,1,1
0xaac302,75%,1,3,4,3,1,0,0
0xa0436c,0%,1,0,1,0,0,1,0
0x480614,97.3684%,1,37,38,28,1,0,9
0xa9989c,80%,1,4,5,4,1,0,0
0x4ba60f,50%,1,1,2,1,1,0,0
0x5f21a7,97.2222%,1,35,36,0,0,1,35
0x9736f3,80%,1,4,5,0,0,1,4
0xa08c6b,75%,1,3,4,0,0,1,3
0xa07e56,0%,1,0,1,0,1,0,0
0x5f8d76,0%,1,0,1,0,0,1,0
0x97bc10,50%,1,1,2,1,1,0,0
0x8e939e,75%,1,3,4,0,0,1,3
0x9a0acc,96.4286%,1,27,28,0,0,1,27
0x4ada20,80%,1,4,5,4,1,0,0
0x4808e9,94.7368%,1,18,19,18,1,0,0
0x96ebc6,0%,1,0,1,0,0,1,0
0x495df4,94.7368%,1,18,19,0,1,0,18
0x49d0f7,50%,1,1,2,0,0,1,1
0xa45779,75%,1,3,4,0,0,1,3
0xa06934,50%,1,1,2,1,1,0,0
0x9f52df,99.3711%,1,158,159,0,0,1,158
0x502713,99.7151%,1,350,351,350,1,0,0
0xaac3f3,75%,1,3,4,0,0,1,3
0xa35906,99.9001%,1,1000,1001,0,0,1,1000
0x4914ce,99.3711%,1,158,159,158,0,1,0
0xa9c5d1,97.619%,1,41,42,0,0,1,41
0x959c9e,75%,1,3,4,0,0,1,3
0xa06f94,88.8889%,1,8,9,0,0,1,8
0x7c76e7,75%,1,3,4,0,0,1,3
0x5f398d,85.7143%,1,6,7,0,0,1,6
0x95b12b,75%,1,3,4,3,1,0,0
0x6108ec,92.3077%,1,12,13,0,0,1,12
0x793e69,83.3333%,1,5,6,5,1,0,0
0x5ecdae,87.5%,1,7,8,0,0,1,7
0x4b5fa7,75%,1,3,4,3,1,0,0
0x5f1d05,85.7143%,1,6,7,6,1,0,0
0x5c473d,87.5%,1,7,8,0,0,1,7
0x95b50a,75%,1,3,4,0,0,1,3
0xa0800b,0%,1,0,1,0,1,0,0
0x8d3809,75%,1,3,4,0,0,1,3
0x95b122,87.5%,1,7,8,4,0,1,3
0xa07643,83.3333%,1,5,6,0,1,0,5
0x7b7fdd,96.2963%,1,26,27,1,1,0,25
0xa042da,50%,1,1,2,0,0,1,1
0x7acd6a,50%,1,1,2,0,0,1,1
0x95a77c,75%,1,3,4,0,0,1,3
0xab370c,94.4444%,1,17,18,17,1,0,0
0xa05562,96.5517%,1,28,29,7,1,0,21
0x7c762f,75%,1,3,4,3,1,0,0
0x96e91f,0%,1,0,1,0,0,1,0
0x7899eb,83.3333%,1,5,6,0,0,1,5
0x47fb5b,94.7368%,1,18,19,18,1,0,0
0x9d1c67,66.6667%,1,2,3,0,1,0,2
0x49cf8e,0%,1,0,1,0,0,1,0
0xa9baa8,75%,1,3,4,3,1,0,0
0x80a51e,99.8217%,1,560,561,0,0,1,560
0x88e5af,97.4359%,1,38,39,0,0,1,38
0xa0705c,85.7143%,1,6,7,6,1,0,0
0xa06a64,50%,1,1,2,0,0,1,1
0x95a269,75%,1,3,4,0,0,1,3
0x8063fd,0%,1,0,1,0,1,0,0
0x48064e,97.3684%,1,37,38,37,1,0,0
0x79482f,83.3333%,1,5,6,5,1,0,0
0x7b016f,83.3333%,1,5,6,0,0,1,5
0x99d365,88.8889%,1,8,9,0,0,1,8
0x48064a,97.3684%,1,37,38,0,0,1,37
0x4ade2a,94.4444%,1,17,18,0,0,1,17
0x99d3a3,88.8889%,1,8,9,8,1,0,0
0x9a8d89,92.8571%,1,13,14,0,0,1,13
0x95b7aa,75%,1,3,4,3,1,0,0
0x4045da,99.5536%,1,223,224,0,0,1,223
0x8e92b1,66.6667%,1,2,3,0,0,1,2
0x9e5087,99.4083%,1,168,169,168,1,0,0
0xa06308,83.3333%,1,5,6,2,1,0,3
0x61095f,92.3077%,1,12,13,0,0,1,12
0xa4f947,97.3684%,1,37,38,0,0,1,37
0x49cfc6,0%,1,0,1,0,1,0,0
0x9a0ae4,96.4286%,1,27,28,0,0,1,27
0x95a6c2,75%,1,3,4,0,0,1,3
0xa06a2f,50%,1,1,2,0,0,1,1
0x61099a,92.3077%,1,12,13,12,1,0,0
0x47f8cd,94.4444%,1,17,18,0,0,1,17
0x64795d,98.4375%,1,63,64,63,1,0,0
0x7899f4,83.3333%,1,5,6,5,1,0,0
0xa8e4a4,83.3333%,1,5,6,0,1,0,5
0xaab0ce,75%,1,3,4,3,1,0,0
0x6228d5,90%,1,9,10,0,0,1,9
0x8fd2dd,50%,1,1,2,1,1,0,0
0x620f68,80%,1,4,5,0,0,1,4
0x99a075,80%,1,4,5,4,1,0,0
0x59ed41,87.5%,1,7,8,7,1,0,0
0x59ed8b,87.5%,1,7,8,0,0,1,7
0x9f3c81,0%,1,0,1,0,0,1,0
0x619a44,95%,1,19,20,0,0,1,19
0x6228ec,90%,1,9,10,9,1,0,0
0xa50677,0%,1,0,1,0,1,0,0
0x6228cc,90%,1,9,10,0,0,1,9
0x59ed9b,87.5%,1,7,8,0,0,1,7
0x96c1c1,99.3103%,1,144,145,0,0,1,144
0x59edfc,87.5%,1,7,8,7,1,0,0
0x9bd375,91.6667%,1,11,12,11,1,0,0
0xa96d88,95.2381%,1,20,21,0,0,1,20
0x5dee9b,0%,1,0,1,0,0,1,0
0x59c588,98.9011%,1,90,91,0,0,1,90
0x9027ba,95.8333%,1,23,24,0,0,1,23
0x4a2271,75%,1,3,4,0,0,1,3
0x59e6e8,87.5%,1,7,8,3,1,0,4
0x4952a0,0%,1,0,1,0,1,0,0
0x59e8a9,87.5%,1,7,8,3,1,0,4
0x99e8af,99.0476%,1,104,105,0,0,1,104
0x81628f,50%,1,1,2,0,0,1,1
0x991913,95.8333%,1,23,24,23,1,0,0
0x94d91c,98.2759%,1,57,58,57,1,0,0
0x9bd2c2,98.5075%,1,66,67,66,1,0,0
0x64f282,75%,1,3,4,3,1,0,0
0x8ffe06,83.3333%,1,5,6,5,1,0,0
0x9bd31b,98.4127%,1,62,63,0,0,1,62
0x9a106f,93.3333%,1,14,15,14,1,0,0
0x666c55,50%,1,1,2,1,1,0,0
0x8ffdc7,87.5%,1,7,8,0,0,1,7
0x9be654,95.8333%,1,23,24,23,1,0,0
0xa9f3b8,66.6667%,1,2,3,0,0,1,2
0x5a5e0f,50%,1,1,2,0,0,1,1
0xa2f279,97.3684%,1,37,38,0,0,1,37
0xa2f0e6,97.3684%,1,37,38,0,0,1,37
0xa2f156,0%,1,0,1,0,0,1,0
0x6191ac,99.8734%,1,789,790,0,0,1,789
0x40e868,80%,1,4,5,4,1,0,0
0x557ad4,66.6667%,1,2,3,0,0,1,2
0xa36a19,66.6667%,1,2,3,0,0,1,2
0x5f0474,99.0476%,1,104,105,104,1,0,0
0x5a5e3f,75%,1,3,4,0,0,1,3
0xa36be3,90%,1,9,10,2,1,0,7
0x9be6d9,91.6667%,1,11,12,0,0,1,11
0xa4288f,99.4286%,1,174,175,0,0,1,174
0x9a7de8,97.6744%,1,42,43,0,0,1,42
0x5b2c3a,50%,1,1,2,0,0,1,1
0x99e8a6,99.0476%,1,104,105,0,0,1,104
0x40e899,80%,1,4,5,4,1,0,0
0xa2a9f3,99.115%,1,112,113,112,1,0,0
0xa2ee22,96.5517%,1,28,29,0,0,1,28
0x9a8bc9,99.6283%,1,268,269,0,0,1,268
0xa36368,91.6667%,1,11,12,0,0,1,11
0x9bd3d5,91.6667%,1,11,12,11,1,0,0
0x59ec70,75%,1,3,4,0,0,1,3
0x4b55b0,50%,1,1,2,0,0,1,1
0x59e736,75%,1,3,4,3,1,0,0
0x8109d4,95%,1,19,20,7,1,0,12
0x59e702,75%,1,3,4,3,1,0,0
0x59f015,50%,1,1,2,0,0,1,1
0x9bd3c5,91.6667%,1,11,12,0,0,1,11
0x5b2b1e,97.7778%,1,44,45,0,0,1,44
0x5def9f,0%,1,0,1,0,0,1,0
0x59fb84,0%,1,0,1,0,0,1,0
0x99e1a2,92.3077%,1,12,13,12,1,0,0
0x4b8128,90.9091%,1,10,11,10,1,0,0
0x99e201,93.3333%,1,14,15,1,1,0,13
0x60c5dd,80%,1,4,5,4,1,0,0
0x48e8ce,0%,1,0,1,0,1,0,0
0xa36cd6,0%,1,0,1,0,1,0,0
0x60c598,80%,1,4,5,0,0,1,4
0x5efcc3,98.5714%,1,69,70,69,1,0,0
0xa3fe98,94.4444%,1,17,18,17,1,0,0
0x4929b9,50%,1,1,2,0,0,1,1
0x74b96e,0%,1,0,1,0,1,0,0
0x4b9cb7,90%,1,9,10,0,0,1,9
0xa263a4,99.0741%,1,107,108,107,1,0,0
0x785075,96.4286%,1,27,28,27,1,0,0
0x5b05cc,98.5075%,1,66,67,65,0,1,1
0xa3e2f1,87.5%,1,7,8,0,0,1,7
0xa3276a,98.7179%,1,77,78,77,1,0,0
0x7b821f,93.75%,1,15,16,1,1,0,14
0xa329ef,0%,1,0,1,0,1,0,0
0x4c83d8,66.6667%,1,2,3,0,0,1,2
0xa3bcbf,93.75%,1,15,16,15,1,0,0
0x88dee9,50%,1,1,2,1,1,0,0
0x4c4d87,90.9091%,1,10,11,0,0,1,10
0xa3bd76,87.5%,1,7,8,7,1,0,0
0x5f4860,0%,1,0,1,0,0,1,0
0x4c16c4,66.6667%,1,2,3,2,1,0,0
0xa3d0a5,87.5%,1,7,8,0,0,1,7
0x81b8c3,96.5517%,1,28,29,0,0,1,28
0xa32697,50%,1,1,2,0,0,1,1
0x493dd2,97.4359%,1,38,39,0,0,1,38
0xa3d1b2,87.5%,1,7,8,0,0,1,7
0x493589,93.3333%,1,14,15,14,1,0,0
0x5dd9b6,0%,1,0,1,0,0,1,0
0xaa81af,80%,1,4,5,0,0,1,4
0x5af773,98.1132%,1,52,53,0,0,1,52
0x7808e8,50%,1,1,2,1,1,0,0
0x619db7,80%,1,4,5,0,0,1,4
0x999f55,0%,1,0,1,0,1,0,0
0x59edc6,87.5%,1,7,8,3,1,0,4
0xaa81e5,80%,1,4,5,0,0,1,4
0xa22d90,98.3871%,1,61,62,0,0,1,61
0x60961a,98.7952%,1,82,83,82,1,0,0
0x4b9c21,96.2963%,1,26,27,26,1,0,0
0x5af6e9,88.8889%,1,8,9,8,1,0,0
0xa42e97,75%,1,3,4,0,0,1,3
0x608d8a,95.2381%,1,20,21,0,0,1,20
0x4b86a0,90.9091%,1,10,11,10,1,0,0
0x5b69e1,75%,1,3,4,3,1,0,0
0x4024d6,99.0741%,1,107,108,0,0,1,107
0x5afefd,75%,1,3,4,3,1,0,0
0x9e15f9,96.2963%,1,26,27,0,0,1,26
0x7808c3,50%,1,1,2,1,1,0,0
0x60c631,75%,1,3,4,3,1,0,0
0x619b14,80%,1,4,5,4,1,0,0
0x99e6b0,92.3077%,1,12,13,0,0,1,12
0x5d7b07,75%,1,3,4,0,0,1,3
0x8bc845,96.875%,1,31,32,31,1,0,0
0x59bf85,98.1132%,1,52,53,0,0,1,52
0xa3bcfd,50%,1,1,2,1,1,0,0
0x50c401,99.6169%,1,260,261,260,1,0,0
0xacdcba,50%,1,1,2,0,0,1,1
0x492a4c,99.3939%,1,164,165,164,1,0,0
0xa994a3,90.9091%,1,10,11,0,0,1,10
0x99e309,92.3077%,1,12,13,12,1,0,0
0x503e4b,99.6785%,1,310,311,0,0,1,310
0x5b04f5,98.5075%,1,66,67,65,0,1,1
0xa3038e,98.8235%,1,84,85,0,0,1,84
0x5ff4c5,75%,1,3,4,0,0,1,3
0xa30e9f,99.1071%,1,111,112,111,1,0,0
0x9e2f3d,99.6198%,1,262,263,0,0,1,262
0x5ff454,75%,1,3,4,3,0,1,0
0x609dcb,99.4845%,1,193,194,0,0,1,193
0xa41907,88.8889%,1,8,9,0,0,1,8
0x4c5309,99.6599%,1,293,294,0,0,1,293
0x5049f6,85.7143%,1,6,7,0,0,1,6
0x6710e3,50%,1,1,2,1,1,0,0
0x9bdb86,75%,1,3,4,3,1,0,0
0x9ff67c,80%,1,4,5,0,0,1,4
0x495fb6,98.1818%,1,54,55,0,0,1,54
0xa275fb,98.913%,1,91,92,91,1,0,0
0x9a18ae,99.5074%,1,202,203,0,0,1,202
0x506e15,0%,1,0,1,0,0,1,0
0x506eb7,0%,1,0,1,0,0,1,0
0x9be8e4,91.6667%,1,11,12,0,0,1,11
0x5089b9,75%,1,3,4,0,0,1,3
0x789d0e,83.3333%,1,5,6,3,1,0,2
0xa42f04,75%,1,3,4,3,1,0,0
0x8d983a,87.5%,1,7,8,0,0,1,7
0x7ac79c,91.6667%,1,11,12,0,0,1,11
0x7869d5,83.3333%,1,5,6,0,0,1,5
0x9510c4,0%,1,0,1,0,0,1,0
0xb17a53,99.8601%,1,714,715,0,0,1,714
0x506ec9,0%,1,0,1,0,1,0,0
0x4c4732,80%,1,4,5,0,0,1,4
0x5f0bcf,50%,1,1,2,0,0,1,1
0x9bd6c2,91.6667%,1,11,12,0,0,1,11
0x5ff3e6,83.3333%,1,5,6,1,1,0,4
0x9bdcf5,98.7952%,1,82,83,0,0,1,82
0x9bdd1d,93.75%,1,15,16,15,1,0,0
0x9bd4f4,75%,1,3,4,0,0,1,3
0x78f5fc,95.2381%,1,20,21,5,1,0,15
0x492d1f,98.6111%,1,71,72,0,0,1,71
0x4ace68,98.3871%,1,61,62,0,0,1,61
0xa420bb,90.9091%,1,10,11,10,1,0,0
0x492ca9,50%,1,1,2,0,0,1,1
0x63af80,99.8782%,1,820,821,820,1,0,0
0x943cff,87.5%,1,7,8,0,0,1,7
0xa3507e,99.1453%,1,116,117,116,1,0,0
0xa33e1b,96.4286%,1,27,28,0,0,1,27
0x9bdc48,75%,1,3,4,0,0,1,3
0x5415ea,80%,1,4,5,0,0,1,4
0x943d6b,90%,1,9,10,2,0,1,7
0x943d83,87.5%,1,7,8,7,1,0,0
0x492b36,50%,1,1,2,0,0,1,1
0x81ea4b,98.8372%,1,85,86,0,0,1,85
0x5cd32c,66.6667%,1,2,3,2,1,0,0
0x9bde5f,50%,1,1,2,0,0,1,1
0xa32d3b,50%,1,1,2,1,1,0,0
0xa35dbf,99.7768%,1,447,448,0,0,1,447
0x98d022,91.6667%,1,11,12,0,0,1,11
0x506ad5,50%,1,1,2,0,0,1,1
0xa35d78,99.7768%,1,447,448,0,0,1,447
0xa3018e,80%,1,4,5,0,0,1,4
0x4c7627,75%,1,3,4,0,0,1,3
0x9197a5,99.8959%,1,960,961,0,0,1,960
0x5fa960,96.2963%,1,26,27,0,0,1,26
0x618aad,98.5714%,1,69,70,0,0,1,69
0x6a78a8,0%,1,0,1,0,0,1,0
0x5b027f,99.8039%,1,509,510,0,0,1,509
0x4c00b8,50%,1,1,2,0,0,1,1
0x5aefeb,95.4545%,1,21,22,21,1,0,0
0x620fc9,80%,1,4,5,4,1,0,0
0x78a6ab,90%,1,9,10,0,0,1,9
0x8e7817,99.4505%,1,181,182,0,0,1,181
0x78997d,88.8889%,1,8,9,7,0,1,1
0x675672,0%,1,0,1,0,0,1,0
0x675632,0%,1,0,1,0,0,1,0
0x821bcd,0%,1,0,1,0,1,0,0
0x6755c9,0%,1,0,1,0,0,1,0
0x9bd9ee,91.6667%,1,11,12,0,0,1,11
0x555841,75%,1,3,4,3,1,0,0
0x67559a,0%,1,0,1,0,1,0,0
0x7898b2,97.2973%,1,36,37,36,1,0,0
0x492c19,50%,1,1,2,0,0,1,1
0x5f37cb,80%,1,4,5,1,1,0,3
0x5ef9e2,0%,1,0,1,0,0,1,0
0x99c8b0,99.798%,1,494,495,0,0,1,494
0xa34821,99.923%,1,1297,1298,0,0,1,1297
0x5f0b33,50%,1,1,2,0,0,1,1
0xa15ebc,87.5%,1,7,8,3,1,0,4
0x9bd631,97.2222%,1,35,36,11,1,0,24
0x4a78e2,97.2973%,1,36,37,0,0,1,36
0xa4cd43,75%,1,3,4,0,0,1,3
0x59e62e,75%,1,3,4,0,0,1,3
0x5ae696,50%,1,1,2,1,1,0,0
0x49ec21,99.6894%,1,321,322,0,0,1,321
0x492e6f,0%,1,0,1,0,0,1,0
0x9bd5da,91.6667%,1,11,12,0,0,1,11
0x9a3358,99.3151%,1,145,146,0,0,1,145
0x5f0bac,50%,1,1,2,0,0,1,1
0x4c44f8,92.8571%,1,13,14,0,0,1,13
0x66f4db,0%,1,0,1,0,1,0,0
0x5d46f1,75%,1,3,4,3,1,0,0
0x9bd674,95.8333%,1,23,24,0,0,1,23
0x67075d,0%,1,0,1,0,1,0,0
0x78451e,96.5517%,1,28,29,0,0,1,28
0x78506c,96.4286%,1,27,28,0,0,1,27
0xa2f90c,98.7952%,1,82,83,82,1,0,0
0x5af48b,98.3871%,1,61,62,61,1,0,0
0x7b013c,83.3333%,1,5,6,0,0,1,5
0x7d400e,66.6667%,1,2,3,0,0,1,2
0x6753b5,75%,1,3,4,0,1,0,3
0x4b871e,90.9091%,1,10,11,10,1,0,0
0x9be83c,91.6667%,1,11,12,11,1,0,0
0x9be886,91.6667%,1,11,12,11,1,0,0
0xa41fc1,99.654%,1,288,289,0,0,1,288
0xa35ef5,99.8285%,1,582,583,0,0,1,582
0x67538e,0%,1,0,1,0,1,0,0
0x675350,0%,1,0,1,0,0,1,0
0x404f7f,91.6667%,1,11,12,0,0,1,11
0x66f6f7,0%,1,0,1,0,1,0,0
0x9a1c2b,99.422%,1,172,173,0,0,1,172
0xa2fa9b,98.7179%,1,77,78,0,0,1,77
0x609bc0,99.6032%,1,251,252,0,0,1,251
0x88de9a,50%,1,1,2,1,1,0,0
0x5f2e76,50%,1,1,2,1,1,0,0
0x6753bd,66.6667%,1,2,3,0,0,1,2
0x78a600,50%,1,1,2,1,1,0,0
0x6753c5,66.6667%,1,2,3,2,0,1,0
0x7aee68,83.3333%,1,5,6,0,0,1,5
0x7aee47,83.3333%,1,5,6,0,0,1,5
0x8e4bbf,99.9713%,1,3488,3489,0,0,1,3488
0x7930e3,50%,1,1,2,1,1,0,0
0x675561,50%,1,1,2,1,0,1,0
0xa22e8d,87.5%,1,7,8,7,1,0,0
0x6f0a1e,93.75%,1,15,16,15,1,0,0
0x5f0bc2,50%,1,1,2,0,0,1,1
0xa3625b,99.6633%,1,296,297,296,1,0,0
0x53854b,0%,1,0,1,0,0,1,0
0x675572,0%,1,0,1,0,0,1,0
0x4a1eb3,97.9167%,1,47,48,47,1,0,0
0x49f651,99.2537%,1,133,134,0,0,1,133
0x4914e5,0%,1,0,1,0,0,1,0
0x9e7db9,95.8333%,1,23,24,0,0,1,23
0xa3ad25,75%,1,3,4,3,1,0,0
0x49522e,0%,1,0,1,0,1,0,0
0xa043b6,0%,1,0,1,0,0,1,0
0x495277,0%,1,0,1,0,1,0,0
0x4b970d,90%,1,9,10,9,1,0,0
0x4ba745,96.7742%,1,30,31,0,0,1,30
0xa9c61b,97.8261%,1,45,46,0,0,1,45
0x80a6c0,50%,1,1,2,1,0,1,0
0xa04f63,98.4127%,1,62,63,0,1,0,62
0x815247,0%,1,0,1,0,1,0,0
0x551060,95.2381%,1,20,21,20,1,0,0
0x9efcdc,75%,1,3,4,2,1,0,1
0xa052d6,96.5517%,1,28,29,25,0,1,3
0x980848,66.6667%,1,2,3,2,1,0,0
0x4c547d,0%,1,0,1,0,0,1,0
0x786c91,50%,1,1,2,1,1,0,0
0xa04f7e,98.3871%,1,61,62,0,0,1,61
0xa4eeeb,95.4545%,1,21,22,0,0,1,21
0x9f4034,96.9697%,1,32,33,0,0,1,32
0x991286,92.3077%,1,12,13,0,0,1,12
0x98066b,66.6667%,1,2,3,2,1,0,0
0x9f40b6,66.6667%,1,2,3,0,0,1,2
0x9d1dfe,83.3333%,1,5,6,0,1,0,5
0x9c3faa,99.7854%,1,465,466,465,1,0,0
0x9f43f8,98.9011%,1,90,91,0,0,1,90
0x9a3a26,92.3077%,1,12,13,0,0,1,12
0x5def47,0%,1,0,1,0,1,0,0
0x98085f,66.6667%,1,2,3,2,1,0,0
0x980879,66.6667%,1,2,3,0,0,1,2
0x59c9ab,90.9091%,1,10,11,10,1,0,0
0x8fe8de,0%,1,0,1,0,0,1,0
0x59c8e6,85.7143%,1,6,7,0,0,1,6
0x8fe8ef,0%,1,0,1,0,0,1,0
0x88e9b6,97.4359%,1,38,39,38,1,0,0
0x88e9a0,97.4359%,1,38,39,0,0,1,38
0x9f3c34,94.1176%,1,16,17,0,0,1,16
0x49287f,0%,1,0,1,0,0,1,0
0x4a6474,66.6667%,1,2,3,0,1,0,2
0x5f3c71,66.6667%,1,2,3,0,0,1,2
0x4a64f2,90%,1,9,10,9,1,0,0
0x5f3e42,0%,1,0,1,0,0,1,0
0xaa2fea,99.0196%,1,101,102,0,0,1,101
0x8f20c2,94.1176%,1,16,17,16,1,0,0
0x88e5b4,97.4359%,1,38,39,38,1,0,0
0x9ecb41,75%,1,3,4,3,1,0,0
0x95cbe4,50%,1,1,2,1,1,0,0
0x9f4d5a,88.8889%,1,8,9,0,0,1,8
0x785847,50%,1,1,2,1,1,0,0
0x494e95,0%,1,0,1,0,1,0,0
0x5f30d2,85.7143%,1,6,7,0,1,0,6
0x48c614,66.6667%,1,2,3,0,1,0,2
0x9ed29e,98.2456%,1,56,57,56,1,0,0
0xa51091,99.6109%,1,256,257,0,0,1,256
0x4a65b6,66.6667%,1,2,3,0,0,1,2
0x494e2c,0%,1,0,1,0,1,0,0
0x9d1dce,83.3333%,1,5,6,0,1,0,5
0x5f409f,75%,1,3,4,0,1,0,3
0x9f5bdd,91.6667%,1,11,12,0,0,1,11
0xaab94b,98.9474%,1,94,95,0,0,1,94
0xa08f4d,85.7143%,1,6,7,0,1,0,6
0x54db05,97.4359%,1,38,39,0,0,1,38
0x9a241f,97.5%,1,39,40,39,1,0,0
0x9f59fe,98.6667%,1,74,75,0,0,1,74
0xa26ca4,90%,1,9,10,0,0,1,9
0x4c6022,93.75%,1,15,16,0,0,1,15
0x40e91a,80%,1,4,5,4,1,0,0
0x492d2d,98.6111%,1,71,72,0,0,1,71
0xa6b270,75%,1,3,4,3,1,0,0
0x58dc31,83.3333%,1,5,6,0,0,1,5
0x58e5cd,83.3333%,1,5,6,0,0,1,5
0xa369d0,93.75%,1,15,16,15,1,0,0
0xa6b2e4,75%,1,3,4,3,1,0,0
0xa26ce8,75%,1,3,4,0,0,1,3
0xa6b372,75%,1,3,4,3,1,0,0
0xa26c68,90%,1,9,10,0,0,1,9
0x670d2d,50%,1,1,2,1,1,0,0
0xa05321,75%,1,3,4,0,0,1,3
0xa052fd,75%,1,3,4,0,0,1,3
0xa065dc,75%,1,3,4,3,1,0,0
0xb23063,99.3506%,1,153,154,153,1,0,0
0xa7240d,75%,1,3,4,0,0,1,3
0x7dfcab,87.5%,1,7,8,0,0,1,7
0x9714f2,85.7143%,1,6,7,0,0,1,6
0xa057d9,0%,1,0,1,0,0,1,0
0x60baa2,80%,1,4,5,4,1,0,0
0xa7234a,75%,1,3,4,0,0,1,3
0x40e1c6,98.6486%,1,73,74,73,1,0,0
0x4bd1bd,50%,1,1,2,1,1,0,0
0xa05705,75%,1,3,4,0,0,1,3
0x5f3e0f,75%,1,3,4,0,0,1,3
0x405ad6,99.0385%,1,103,104,1,1,0,102
0x9f555b,98.75%,1,79,80,0,0,1,79
0xa0566c,80%,1,4,5,0,0,1,4
0xa06327,66.6667%,1,2,3,0,1,0,2
0x4bfca4,93.75%,1,15,16,0,0,1,15
0x54142c,97.5%,1,39,40,0,0,1,39
0x4c606e,93.75%,1,15,16,15,1,0,0
0x951b52,88.8889%,1,8,9,8,1,0,0
0x4ac895,93.3333%,1,14,15,0,0,1,14
0xa6b750,75%,1,3,4,3,1,0,0
0xa2775c,75%,1,3,4,0,0,1,3
0xa06009,90.9091%,1,10,11,0,0,1,10
0x490e4f,88.8889%,1,8,9,8,1,0,0
0xa26b62,96.1538%,1,25,26,11,0,1,14
0x5fc7c4,50%,1,1,2,0,0,1,1
0x9f6518,99.4413%,1,178,179,0,0,1,178
0x8a759e,99.3197%,1,146,147,0,0,1,146
0xa05fdf,95%,1,19,20,0,0,1,19
0xa6b7d8,75%,1,3,4,3,1,0,0
0xa6b8ea,75%,1,3,4,3,1,0,0
0x490bbe,97.561%,1,40,41,0,0,1,40
0x64c06c,99.2126%,1,126,127,0,0,1,126
0x54d2b8,83.3333%,1,5,6,5,1,0,0
0x9fdc0a,94.4444%,1,17,18,17,1,0,0
0x99a8d2,99.0196%,1,101,102,0,0,1,101
0xa69f6b,75%,1,3,4,0,0,1,3
0xa05080,0%,1,0,1,0,0,1,0
0xa01abf,50%,1,1,2,1,1,0,0
0xa050e0,0%,1,0,1,0,0,1,0
0xa69ebc,75%,1,3,4,3,1,0,0
0x7e2147,50%,1,1,2,1,1,0,0
0x7b838d,50%,1,1,2,1,1,0,0
0x490f2e,97.561%,1,40,41,0,0,1,40
0x5d87e7,96.6667%,1,29,30,29,1,0,0
0x4bb750,50%,1,1,2,1,1,0,0
0xa69de0,75%,1,3,4,3,1,0,0
0x4bdc10,0%,1,0,1,0,1,0,0
0xa6b683,75%,1,3,4,3,1,0,0
0x5b2efa,99.4975%,1,198,199,0,0,1,198
0xaaaefa,91.6667%,1,11,12,11,1,0,0
0x80834c,75%,1,3,4,0,0,1,3
0x59fcbb,50%,1,1,2,0,1,0,1
0x4c006e,50%,1,1,2,0,0,1,1
0x54c716,94.7368%,1,18,19,18,1,0,0
0x95c493,91.6667%,1,11,12,0,0,1,11
0x95c4ef,91.6667%,1,11,12,0,0,1,11
0xa272a4,99.8058%,1,514,515,0,0,1,514
0xa4a8cb,50%,1,1,2,1,1,0,0
0x9f9953,96%,1,24,25,0,0,1,24
0xa15d71,87.5%,1,7,8,0,0,1,7
0x59c8f5,66.6667%,1,2,3,2,1,0,0
0x54d1bd,93.3333%,1,14,15,14,1,0,0
0x59c904,66.6667%,1,2,3,0,1,0,2
0xa4a83b,50%,1,1,2,0,0,1,1
0x5a6444,50%,1,1,2,1,1,0,0
0x609814,99.7487%,1,397,398,0,0,1,397
0x9f9c4b,96%,1,24,25,0,0,1,24
0x7b00a8,87.5%,1,7,8,0,0,1,7
0x9f63d6,66.6667%,1,2,3,0,0,1,2
0x6d11ef,75%,1,3,4,3,1,0,0
0x5f3921,66.6667%,1,2,3,0,0,1,2
0x9f80d6,66.6667%,1,2,3,1,1,0,1
0x54d9a7,97.4359%,1,38,39,38,1,0,0
0xa2720f,88.8889%,1,8,9,0,0,1,8
0x59f5e0,50%,1,1,2,1,1,0,0
0x9f81bc,66.6667%,1,2,3,1,1,0,1
0x5a6477,50%,1,1,2,0,0,1,1
0x9f833b,66.6667%,1,2,3,0,1,0,2
0x59f993,75%,1,3,4,0,0,1,3
0x9f8352,50%,1,1,2,0,0,1,1
0x9f114d,80%,1,4,5,4,1,0,0
0x4c008a,50%,1,1,2,0,0,1,1
0xa45f4b,99.3289%,1,148,149,0,0,1,148
0xaadd89,50%,1,1,2,0,0,1,1
0xa4a22b,98.2143%,1,55,56,0,0,1,55
0x9edfb9,99.6644%,1,297,298,297,1,0,0
0xa3aba0,75%,1,3,4,0,0,1,3
0x9a1a1d,95%,1,19,20,0,0,1,19
0x7b00e5,87.5%,1,7,8,0,0,1,7
0xa4a316,94.4444%,1,17,18,0,0,1,17
0x5a8881,50%,1,1,2,1,1,0,0
0x4b3848,95%,1,19,20,19,1,0,0
0x5d8b5e,90%,1,9,10,9,1,0,0
0xa4a322,94.4444%,1,17,18,17,1,0,0
0x4bd360,0%,1,0,1,0,1,0,0
0x9a3ad2,92.3077%,1,12,13,0,0,1,12
0x4bd2ef,0%,1,0,1,0,1,0,0
0xa3b230,99.5614%,1,227,228,0,0,1,227
0x4afb84,95%,1,19,20,0,0,1,19
0x4ae846,95%,1,19,20,0,0,1,19
0x4bd2e8,0%,1,0,1,0,0,1,0
0x54d9d2,97.4359%,1,38,39,38,1,0,0
0xa32f47,98.7179%,1,77,78,0,0,1,77
0x54ce83,97.4359%,1,38,39,0,0,1,38
0x4bd629,0%,1,0,1,0,1,0,0
0x5a87db,50%,1,1,2,1,1,0,0
0xa4a57d,87.5%,1,7,8,0,0,1,7
0x9f93d4,96.875%,1,31,32,31,1,0,0
0xa4a636,96.9697%,1,32,33,0,0,1,32
0x5a8775,50%,1,1,2,1,1,0,0
0x9bda75,75%,1,3,4,3,1,0,0
0x5b5b10,50%,1,1,2,0,0,1,1
0xa4a3ad,90%,1,9,10,9,1,0,0
0x5f460d,50%,1,1,2,0,1,0,1
0x5b574e,50%,1,1,2,1,1,0,0
0x9e103f,96.2963%,1,26,27,0,0,1,26
0xaadb02,98.4375%,1,63,64,0,0,1,63
0x481bba,88.8889%,1,8,9,8,1,0,0
0x67382f,50%,1,1,2,1,1,0,0
0x9f8864,90.9091%,1,10,11,0,0,1,10
0x9f3c6b,0%,1,0,1,0,0,1,0
0x5ae466,88.8889%,1,8,9,0,0,1,8
0x5f5d3f,75%,1,3,4,0,0,1,3
0x812915,93.3333%,1,14,15,14,1,0,0
0x9f324a,99.3548%,1,154,155,0,0,1,154
0x8f0d19,97.5%,1,39,40,0,0,1,39
0xa32942,94.7368%,1,18,19,18,0,1,0
0xb499f8,87.5%,1,7,8,0,0,1,7
0xaadc2c,99.6923%,1,324,325,0,0,1,324
0x9eee22,96.1538%,1,25,26,25,1,0,0
0xa64c1d,83.3333%,1,5,6,0,0,1,5
0x9a6568,75%,1,3,4,0,0,1,3
0x9a6594,75%,1,3,4,0,0,1,3
0x480d8a,88.8889%,1,8,9,8,1,0,0
0x5f89b3,87.5%,1,7,8,5,0,1,2
0x49c14d,98.9474%,1,94,95,94,1,0,0
0x54da8c,97.4359%,1,38,39,0,0,1,38
0x5f37d7,66.6667%,1,2,3,0,0,1,2
0x9f47e5,87.5%,1,7,8,4,0,1,3
0x8dc385,75%,1,3,4,0,0,1,3
0xa58ba6,92.3077%,1,12,13,0,0,1,12
0x5020c2,98.7654%,1,80,81,0,0,1,80
0x4a62a0,66.6667%,1,2,3,0,1,0,2
0x9a1eb4,99.5074%,1,202,203,0,0,1,202
0x5f12f8,88.8889%,1,8,9,0,1,0,8
0x96c08d,99.5074%,1,202,203,202,1,0,0
0x4bbb10,0%,1,0,1,0,1,0,0
0x944cc5,99.8617%,1,722,723,0,0,1,722
0xa6bdee,75%,1,3,4,3,1,0,0
0xa58b61,96.5517%,1,28,29,0,0,1,28
0x4bbad3,0%,1,0,1,0,1,0,0
0x59f4d2,75%,1,3,4,0,0,1,3
0x59f19b,75%,1,3,4,1,1,0,2
0x5fb1d7,99.5349%,1,214,215,0,0,1,214
0x99be04,92.3077%,1,12,13,12,1,0,0
0x5f390b,66.6667%,1,2,3,2,1,0,0
0xa160a3,91.6667%,1,11,12,11,1,0,0
0xa2ef37,99.4565%,1,183,184,99,1,0,84
0x59f20f,75%,1,3,4,1,1,0,2
0x94dd85,99.8296%,1,586,587,0,0,1,586
0xa073ec,50%,1,1,2,1,1,0,0
0x9f800a,92.8571%,1,13,14,13,1,0,0
0xa16033,91.6667%,1,11,12,0,0,1,11
0x495adf,0%,1,0,1,0,1,0,0
0x58e5c5,83.3333%,1,5,6,0,0,1,5
0xb245e2,99.9916%,1,11898,11899,11898,1,0,0
0x9eca4a,75%,1,3,4,3,1,0,0
0xaac3d8,75%,1,3,4,0,0,1,3
0x666959,99.8288%,1,583,584,0,0,1,583
0x5b0472,97.9592%,1,48,49,1,1,0,47
0x9f7c72,92.3077%,1,12,13,0,0,1,12
0x4a6222,66.6667%,1,2,3,0,0,1,2
0x5b26c9,0%,1,0,1,0,1,0,0
0x5af74b,88.8889%,1,8,9,8,1,0,0
0x60bc2f,94.4444%,1,17,18,0,0,1,17
0x9f7b42,75%,1,3,4,0,0,1,3
0x9ed44a,99.3333%,1,149,150,0,0,1,149
0x675729,0%,1,0,1,0,0,1,0
0x480e22,88.8889%,1,8,9,8,1,0,0
0x4c00e6,50%,1,1,2,1,1,0,0
0x9ede75,50%,1,1,2,0,0,1,1
0x480e14,88.8889%,1,8,9,0,0,1,8
0x983f26,87.5%,1,7,8,0,0,1,7
0x5fabec,0%,1,0,1,0,0,1,0
0x8e9e1d,75%,1,3,4,0,0,1,3
0x499c66,98.1132%,1,52,53,52,1,0,0
0xa08389,85.7143%,1,6,7,6,1,0,0
0x8ecc2d,0%,1,0,1,0,0,1,0
0xa21c3c,50%,1,1,2,0,1,0,1
0xa32c9a,98.9474%,1,94,95,94,1,0,0
0xa43db4,99.1379%,1,115,116,0,0,1,115
0xa43e44,98.5075%,1,66,67,0,0,1,66
0x97826a,94.7368%,1,18,19,0,0,1,18
0xa2dde8,97.2222%,1,35,36,0,0,1,35
0x60bc01,88.8889%,1,8,9,8,1,0,0
0x917ac9,99.5%,1,199,200,0,0,1,199
0x944ab1,99.5495%,1,221,222,0,0,1,221
0xa2f126,50%,1,1,2,1,0,1,0
0x503214,50%,1,1,2,0,0,1,1
0x80f85b,99.9155%,1,1183,1184,1183,1,0,0
0x4c5eba,97.6744%,1,42,43,0,0,1,42
0x810866,98.6667%,1,74,75,0,0,1,74
0x4c62ab,97.7273%,1,43,44,43,1,0,0
0x4c649f,96.4286%,1,27,28,0,0,1,27
0x9f7608,98.4848%,1,65,66,65,1,0,0
0x9d0f32,99.6283%,1,268,269,0,0,1,268
0xad439f,0%,1,0,1,0,1,0,0
0x9d0f07,99.6283%,1,268,269,0,0,1,268
0x41069b,99.435%,1,176,177,0,0,1,176
0x4be7ba,88.8889%,1,8,9,0,0,1,8
0x971193,80%,1,4,5,0,0,1,4
0xa1b586,87.5%,1,7,8,0,0,1,7
0x53f31b,99.7669%,1,428,429,0,0,1,428
0xa0a64d,83.3333%,1,5,6,0,0,1,5
0x4b8593,90.9091%,1,10,11,10,1,0,0
0x6ed718,0%,1,0,1,0,1,0,0
0x9f80f4,0%,1,0,1,0,1,0,0
0xa2cc44,99.7669%,1,428,429,0,0,1,428
0x673d1e,94.7368%,1,18,19,18,1,0,0
0x4106f6,88.8889%,1,8,9,0,0,1,8
0x441dfd,90.9091%,1,10,11,0,0,1,10
0xa2db0b,92.8571%,1,13,14,0,0,1,13
0x9f3ffc,99.1228%,1,113,114,0,0,1,113
0x943d77,87.5%,1,7,8,0,0,1,7
0x815250,83.3333%,1,5,6,0,0,1,5
0x4ba494,96.1538%,1,25,26,13,0,1,12
0x40ffe8,97.619%,1,41,42,0,0,1,41
0xa21220,75%,1,3,4,0,0,1,3
0x9d2ed3,98.4615%,1,64,65,61,0,1,3
0x53eff7,99.4536%,1,182,183,182,1,0,0
0x8e9be2,99.5726%,1,233,234,0,0,1,233
0xa2e74b,99.2537%,1,133,134,0,0,1,133
0x8dfa20,80%,1,4,5,4,1,0,0
0x9f3c95,0%,1,0,1,0,0,1,0
0x50b20b,75%,1,3,4,0,0,1,3
0xa09889,92.3077%,1,12,13,12,1,0,0
0xa324d7,75%,1,3,4,0,0,1,3
0x8ebc93,75%,1,3,4,0,0,1,3
0x4c4b54,97.2222%,1,35,36,35,1,0,0
0x9cfc50,87.5%,1,7,8,0,0,1,7
0x4a13b0,98.2143%,1,55,56,0,0,1,55
0x4c70b8,96%,1,24,25,6,1,0,18
0x9cfdf1,92.3077%,1,12,13,0,0,1,12
0x4c7138,0%,1,0,1,0,1,0,0
0x49ffdc,97.2973%,1,36,37,0,0,1,36
0xa07fe4,50%,1,1,2,1,0,1,0
0x4c736a,94.4444%,1,17,18,0,0,1,17
0x8aad4d,95.4545%,1,21,22,21,1,0,0
0x94f0b9,0%,1,0,1,0,1,0,0
0x94f1ae,0%,1,0,1,0,0,1,0
0x4c491b,50%,1,1,2,1,1,0,0
0x9f388b,99.7416%,1,386,387,0,0,1,386
0xa9dd3e,50%,1,1,2,1,1,0,0
0xa0a532,50%,1,1,2,0,0,1,1
0x7bdd31,75%,1,3,4,0,0,1,3
0x95ad2f,75%,1,3,4,0,0,1,3
0x50b419,75%,1,3,4,0,0,1,3
0x8ec7df,50%,1,1,2,0,1,0,1
0x50b537,75%,1,3,4,3,1,0,0
0xa3135f,98.8235%,1,84,85,84,1,0,0
0x4c6f93,98%,1,49,50,0,0,1,49
0x9488dd,95.4545%,1,21,22,0,0,1,21
0x4bd5a2,0%,1,0,1,0,1,0,0
0x948909,95.4545%,1,21,22,21,1,0,0
0x95648a,0%,1,0,1,0,1,0,0
0x8fe4b9,94.1176%,1,16,17,16,1,0,0
0x8e4517,96.875%,1,31,32,0,0,1,31
0x4c7f1a,75%,1,3,4,0,0,1,3
0x4b8258,90.9091%,1,10,11,10,1,0,0
0xa31ebe,98.6486%,1,73,74,0,0,1,73
0xa18a6d,97.6744%,1,42,43,0,0,1,42
0x9e7ded,75%,1,3,4,0,0,1,3
0xa18a0b,97.6744%,1,42,43,0,0,1,42
0x4c1cec,98.3607%,1,60,61,60,1,0,0
0x4bf137,93.3333%,1,14,15,14,1,0,0
0x6116be,90%,1,9,10,9,1,0,0
0x9f9930,96%,1,24,25,0,0,1,24
0x50b252,75%,1,3,4,0,0,1,3
0xa06afd,50%,1,1,2,1,1,0,0
0x4c09e3,99.0385%,1,103,104,103,1,0,0
0x6516a2,98.2143%,1,55,56,55,1,0,0
0x9c5530,75%,1,3,4,0,0,1,3
0x9e1b12,99.1525%,1,117,118,117,1,0,0
0x80df51,99.9587%,1,2419,2420,0,0,1,2419
0x4b6dd2,96.4286%,1,27,28,0,0,1,27
0x8d2ef3,50%,1,1,2,0,0,1,1
0x8bcb21,98.9011%,1,90,91,0,0,1,90
0x4b78f2,96.4286%,1,27,28,0,0,1,27
0xa9b8ce,95%,1,19,20,2,1,0,17
0xa21b45,50%,1,1,2,0,0,1,1
0xa41696,96%,1,24,25,24,1,0,0
0xa4b676,95%,1,19,20,0,0,1,19
0x9ab32c,99.7619%,1,419,420,0,0,1,419
0xa47102,94.7368%,1,18,19,0,0,1,18
0xa4776a,94.7368%,1,18,19,18,1,0,0
0xa959c2,75%,1,3,4,0,0,1,3
0x556aa9,75%,1,3,4,3,1,0,0
0x4c2320,93.75%,1,15,16,0,0,1,15
0x4c2325,93.75%,1,15,16,15,1,0,0
0xa49864,95.4545%,1,21,22,0,0,1,21
0x4b9fda,97.8723%,1,46,47,0,0,1,46
0xa498a7,95.4545%,1,21,22,0,0,1,21
0x4b61c4,95.2381%,1,20,21,0,0,1,20
0x8ff58f,50%,1,1,2,0,1,0,1
0x9f3e78,99.3711%,1,158,159,158,0,1,0
0xa47734,97.619%,1,41,42,0,0,1,41
0x487845,0%,1,0,1,0,1,0,0
0x485cf4,66.6667%,1,2,3,0,0,1,2
0x4c13c4,95.8333%,1,23,24,0,0,1,23
0x97136f,80%,1,4,5,0,0,1,4
0xa41106,96.2963%,1,26,27,26,1,0,0
0x5f919b,88.8889%,1,8,9,0,0,1,8
0x4b7071,96.7742%,1,30,31,30,1,0,0
0x8d39ac,90%,1,9,10,9,1,0,0
0x5f914e,88.8889%,1,8,9,2,1,0,6
0xa413b2,87.5%,1,7,8,7,1,0,0
0x4bef09,96%,1,24,25,0,0,1,24
0x4beff0,98.8372%,1,85,86,0,0,1,85
0x80c157,94.1176%,1,16,17,0,0,1,16
0x4bfdf0,96%,1,24,25,24,1,0,0
0xa44642,98.0769%,1,51,52,51,1,0,0
0x4c0489,98.8372%,1,85,86,0,0,1,85
0xa4486d,98.5714%,1,69,70,0,0,1,69
0xa44917,98.0769%,1,51,52,51,1,0,0
0x5f968a,87.5%,1,7,8,0,0,1,7
0xa065b9,96.7742%,1,30,31,30,1,0,0
0x5f9661,87.5%,1,7,8,7,1,0,0
0xa45d5d,50%,1,1,2,1,1,0,0
0xa49a6d,75%,1,3,4,0,0,1,3
0xa440ba,50%,1,1,2,1,1,0,0
0x4b7327,90.9091%,1,10,11,10,1,0,0
0xa3940c,96.4286%,1,27,28,0,0,1,27
0x9e05bc,98.2759%,1,57,58,0,0,1,57
0x5bbd2b,75%,1,3,4,3,1,0,0
0x8d4182,98.5915%,1,70,71,0,0,1,70
0x5451ea,75%,1,3,4,0,0,1,3
0x9e3f86,99.6047%,1,252,253,0,0,1,252
0x84370c,87.5%,1,7,8,0,0,1,7
0xa45cfc,98.4375%,1,63,64,63,1,0,0
0x5f82a6,99.842%,1,632,633,0,0,1,632
0x7cf701,92.8571%,1,13,14,0,0,1,13
0x547a79,99.7041%,1,337,338,0,0,1,337
0xa45f69,99.2366%,1,130,131,130,1,0,0
0x9e3e6d,75%,1,3,4,0,0,1,3
0x8e0219,75%,1,3,4,0,0,1,3
0x9e3e34,75%,1,3,4,0,0,1,3
0xa06ea6,97.3684%,1,37,38,12,1,0,25
0xa06ebe,96%,1,24,25,24,1,0,0
0x5a96bc,80%,1,4,5,4,1,0,0
0xa06f1d,88.8889%,1,8,9,8,1,0,0
0x492e3e,0%,1,0,1,0,1,0,0
0xa441ef,91.6667%,1,11,12,11,1,0,0
0xa415bb,87.5%,1,7,8,7,1,0,0
0x9ecb59,80%,1,4,5,4,1,0,0
0x5f87f0,0%,1,0,1,0,0,1,0
0x9e3ce7,92.8571%,1,13,14,0,0,1,13
0xa50d22,98.8636%,1,87,88,0,0,1,87
0x4c45a3,94.1176%,1,16,17,6,1,0,10
0x98cea7,91.6667%,1,11,12,11,1,0,0
0x98ced5,91.6667%,1,11,12,0,0,1,11
0x7ac7a5,91.6667%,1,11,12,11,1,0,0
0x780b86,75%,1,3,4,0,0,1,3
0x901aa4,99.6032%,1,251,252,0,0,1,251
0x9ed916,98.4375%,1,63,64,0,0,1,63
0xa47b0f,80%,1,4,5,4,1,0,0
0x985160,75%,1,3,4,0,0,1,3
0xa95dab,93.75%,1,15,16,15,1,0,0
0x5f7560,99.8483%,1,658,659,0,0,1,658
0x7ba328,75%,1,3,4,3,1,0,0
0x9ee28c,94.4444%,1,17,18,17,1,0,0
0x918eba,99.5%,1,199,200,0,0,1,199
0x5f8573,99.5763%,1,235,236,235,1,0,0
0x9913e7,94.1176%,1,16,17,0,0,1,16
0xa93de0,91.6667%,1,11,12,0,0,1,11
0x50a627,92.8571%,1,13,14,0,0,1,13
0x533dce,50%,1,1,2,0,0,1,1
0x4c049a,98.8372%,1,85,86,85,1,0,0
0x8adc72,99.5868%,1,241,242,241,1,0,0
0x50a667,92.8571%,1,13,14,13,1,0,0
0x8fd2c0,75%,1,3,4,0,0,1,3
0x973b7e,90%,1,9,10,0,0,1,9
0x8adc24,98.8764%,1,88,89,0,0,1,88
0xb372e8,97.6744%,1,42,43,0,0,1,42
0x50a643,92.8571%,1,13,14,0,0,1,13
0x9bc4ae,50%,1,1,2,1,1,0,0
0x8d3f9e,92.3077%,1,12,13,0,0,1,12
0x504892,99.2063%,1,125,126,0,0,1,125
0xa72214,96.2963%,1,26,27,0,0,1,26
0xa946d3,96.5517%,1,28,29,0,0,1,28
0x8d409e,92.3077%,1,12,13,2,0,1,10
0x9bc497,50%,1,1,2,0,0,1,1
0x7c5d86,92.8571%,1,13,14,13,1,0,0
0x8a2422,50%,1,1,2,1,1,0,0
0x666c36,50%,1,1,2,0,0,1,1
0x8ad7bd,50%,1,1,2,1,1,0,0
0x8d4243,90.9091%,1,10,11,10,1,0,0
0x8ad78c,50%,1,1,2,0,0,1,1
0x8d4389,50%,1,1,2,1,0,1,0
0x501fcf,98.9011%,1,90,91,0,0,1,90
0xa15cdf,83.3333%,1,5,6,5,1,0,0
0x9a12ac,99.3421%,1,151,152,0,0,1,151
0x4bb311,93.3333%,1,14,15,0,0,1,14
0x8fd7e4,66.6667%,1,2,3,0,0,1,2
0x9e7496,50%,1,1,2,1,1,0,0
0x8fd7f6,66.6667%,1,2,3,0,0,1,2
0xa9006b,99.7312%,1,371,372,0,0,1,371
0xa90261,97.3684%,1,37,38,37,1,0,0
0x60e03f,99.3548%,1,154,155,0,0,1,154
0x60c5b7,80%,1,4,5,4,1,0,0
0x501fe3,98.9011%,1,90,91,0,0,1,90
0x50a3cf,92.8571%,1,13,14,13,1,0,0
0x8d37db,95.2381%,1,20,21,4,1,0,16
0x50bd2c,94.4444%,1,17,18,0,0,1,17
0x50b893,97.5%,1,39,40,0,0,1,39
0x8b9a4a,99.7881%,1,471,472,0,0,1,471
0x8d3b2b,99.5951%,1,246,247,0,1,0,246
0x499e48,93.75%,1,15,16,15,1,0,0
0x8d3d08,99.8371%,1,613,614,0,0,1,613
0xa8fb35,99.4118%,1,169,170,0,0,1,169
0x8adcdc,95.2381%,1,20,21,20,1,0,0
0x8b9d5e,98.6301%,1,72,73,0,0,1,72
0x8adccc,95.2381%,1,20,21,0,0,1,20
0x7c6937,50%,1,1,2,0,0,1,1
0x99de18,93.3333%,1,14,15,14,1,0,0
0x80f777,98.6486%,1,73,74,73,1,0,0
0x505357,95%,1,19,20,19,1,0,0
0x7c682c,50%,1,1,2,0,0,1,1
0x9a6486,99.4318%,1,175,176,0,0,1,175
0x7c6838,50%,1,1,2,0,0,1,1
0x83aa6e,75%,1,3,4,2,1,0,1
0x7c68a2,50%,1,1,2,0,0,1,1
0x7c68bb,50%,1,1,2,0,0,1,1
0x608432,98.8889%,1,89,90,0,0,1,89
0x4a64db,90%,1,9,10,0,0,1,9
0x8d3dab,96.7742%,1,30,31,0,0,1,30
0x50aca3,91.6667%,1,11,12,10,0,1,1
0x590a05,50%,1,1,2,0,0,1,1
0x9523c8,98.6667%,1,74,75,0,0,1,74
0x50a9f1,97.2222%,1,35,36,0,0,1,35
0xa264d2,50%,1,1,2,0,0,1,1
0x81ed70,99.5968%,1,247,248,0,0,1,247
0x908a22,99.8959%,1,960,961,960,1,0,0
0x8631a3,50%,1,1,2,1,1,0,0
0x61141f,98.6301%,1,72,73,0,0,1,72
0x95b368,75%,1,3,4,0,0,1,3
0x610216,96.9697%,1,32,33,0,0,1,32
0x951e4f,83.3333%,1,5,6,0,0,1,5
0x8ada98,50%,1,1,2,1,1,0,0
0xb230ec,99.3506%,1,153,154,0,0,1,153
0xa308ca,99.9038%,1,1039,1040,0,0,1,1039
0xa69ea8,75%,1,3,4,0,0,1,3
0x4873ee,99.5633%,1,228,229,0,0,1,228
0x8bb769,90%,1,9,10,9,1,0,0
0x504167,98.3871%,1,61,62,0,0,1,61
0x8bb96f,90.9091%,1,10,11,10,1,0,0
0x8bc050,91.6667%,1,11,12,1,1,0,10
0x95190d,98.9011%,1,90,91,90,1,0,0
0x951e79,83.3333%,1,5,6,5,1,0,0
0x7b8bdd,0%,1,0,1,0,1,0,0
0x951de0,90.9091%,1,10,11,10,1,0,0
0x50e84c,92.8571%,1,13,14,0,0,1,13
0x8d3d83,96.7742%,1,30,31,0,0,1,30
0xa94995,95.8333%,1,23,24,23,1,0,0
0xa949b1,95.8333%,1,23,24,0,0,1,23
0x951b1f,88.8889%,1,8,9,8,1,0,0
0xa9492c,95.8333%,1,23,24,0,0,1,23
0xa9494e,95.8333%,1,23,24,23,1,0,0
0x50e4ee,83.3333%,1,5,6,0,0,1,5
0xa455c7,91.6667%,1,11,12,11,1,0,0
0x4c2f9f,92.3077%,1,12,13,0,0,1,12
0x951888,99.7067%,1,340,341,340,1,0,0
0x505b2c,90.9091%,1,10,11,0,0,1,10
0x60b67b,99.5968%,1,247,248,247,1,0,0
0x505b13,90.9091%,1,10,11,0,0,1,10
0xaa25a8,95.4545%,1,21,22,0,0,1,21
0x65c325,98.4127%,1,62,63,0,0,1,62
0xa94227,50%,1,1,2,1,1,0,0
0x9ed724,98.3051%,1,58,59,0,0,1,58
0xa4eefd,95.4545%,1,21,22,0,0,1,21
0x60b53e,99.7409%,1,385,386,0,0,1,385
0xa2f082,97.3684%,1,37,38,0,0,1,37
0xa2e7f4,99.2537%,1,133,134,0,0,1,133
0xa60a4f,99.6711%,1,303,304,0,0,1,303
0x4c3881,92.3077%,1,12,13,0,0,1,12
0xa39a59,94.7368%,1,18,19,0,0,1,18
0xa0a580,50%,1,1,2,0,0,1,1
0xa39a7a,94.7368%,1,18,19,18,1,0,0
0x4bf186,93.3333%,1,14,15,0,0,1,14
0x9d3402,98.1818%,1,54,55,0,0,1,54
0x4c3986,92.3077%,1,12,13,0,0,1,12
0x96e969,0%,1,0,1,0,0,1,0
0xa15dd5,87.5%,1,7,8,7,1,0,0
0x505252,96.2963%,1,26,27,15,0,1,11
0x508857,90.9091%,1,10,11,0,0,1,10
0x9d1d6a,91.6667%,1,11,12,11,1,0,0
0x95c509,91.6667%,1,11,12,11,1,0,0
0xa2de5a,97.1429%,1,34,35,0,0,1,34
0xa96a72,95.2381%,1,20,21,0,0,1,20
0x4bc9d8,91.6667%,1,11,12,0,0,1,11
0x4c9762,95.8333%,1,23,24,14,0,1,9
0x8fda1f,0%,1,0,1,0,1,0,0
0x50885d,90.9091%,1,10,11,0,0,1,10
0x8aac1d,90%,1,9,10,0,0,1,9
0x9edf96,99.187%,1,122,123,0,0,1,122
0x67ac84,83.3333%,1,5,6,5,1,0,0
0x505239,96.2963%,1,26,27,0,0,1,26
0x4c68c0,95%,1,19,20,11,1,0,8
0x96b118,98.8889%,1,89,90,89,1,0,0
0xa21e49,50%,1,1,2,1,0,1,0
0x50876c,90.9091%,1,10,11,0,0,1,10
0xa06ab1,50%,1,1,2,0,0,1,1
0x7c7c0d,0%,1,0,1,0,1,0,0
0x9461bf,94.7368%,1,18,19,18,1,0,0
0x4c4c0a,92.3077%,1,12,13,0,0,1,12
0x4c4cc7,96.4286%,1,27,28,27,1,0,0
0x4c4d9a,90.9091%,1,10,11,0,0,1,10
0x5970f8,99.7701%,1,434,435,0,0,1,434
0x50cedb,99.1935%,1,123,124,0,0,1,123
0x4b8f27,75%,1,3,4,0,1,0,3
0x4b93fa,92.3077%,1,12,13,0,1,0,12
0x610f7e,50%,1,1,2,0,0,1,1
0x60a8e3,99.8734%,1,789,790,0,0,1,789
0x9773e9,91.6667%,1,11,12,11,1,0,0
0xa69f80,75%,1,3,4,3,1,0,0
0x9eed9d,83.3333%,1,5,6,0,0,1,5
0x9774b1,50%,1,1,2,0,0,1,1
0x78e12a,50%,1,1,2,0,0,1,1
0x4b7a5f,50%,1,1,2,0,0,1,1
0x50b7f0,96.4286%,1,27,28,27,1,0,0
0x4be19f,50%,1,1,2,1,1,0,0
0x4bda9a,66.6667%,1,2,3,2,1,0,0
0x4be8b4,0%,1,0,1,0,0,1,0
0xa5f8e5,87.5%,1,7,8,7,1,0,0
0xa5f8cc,87.5%,1,7,8,0,0,1,7
0xa17fa3,99.7333%,1,374,375,0,0,1,374
0xa90a74,75%,1,3,4,0,0,1,3
0x60e578,80%,1,4,5,0,1,0,4
0xa18002,99.7494%,1,398,399,0,0,1,398
0x649e32,50%,1,1,2,1,1,0,0
0x7b8bc9,0%,1,0,1,0,0,1,0
0x4c4f93,94.1176%,1,16,17,0,0,1,16
0x9ef0c6,99.8993%,1,992,993,0,0,1,992
0x80b4d3,0%,1,0,1,0,1,0,0
0x94b157,99.5169%,1,206,207,0,0,1,206
0x976faf,98.7952%,1,82,83,81,0,1,1
0x977012,50%,1,1,2,0,0,1,1
0x977082,50%,1,1,2,1,1,0,0
0xa0606e,0%,1,0,1,0,0,1,0
0x97724d,50%,1,1,2,0,0,1,1
0x972696,99.6337%,1,272,273,0,0,1,272
0x4c97bf,85.7143%,1,6,7,0,0,1,6
0x509023,92.3077%,1,12,13,0,0,1,12
0xa474e1,97.619%,1,41,42,0,0,1,41
0x972786,99.6212%,1,263,264,0,0,1,263
0xa5d0f4,99.3939%,1,164,165,0,0,1,164
0xa36868,99.7706%,1,435,436,0,0,1,435
0x97a45f,94.4444%,1,17,18,0,0,1,17
0x4bb2ef,94.1176%,1,16,17,1,1,0,15
0x4c4fca,94.1176%,1,16,17,16,1,0,0
0x4c39c1,85.7143%,1,6,7,0,0,1,6
0x7941da,80%,1,4,5,0,0,1,4
0x7941fd,80%,1,4,5,0,0,1,4
0x794209,80%,1,4,5,4,1,0,0
0xa50d5d,75%,1,3,4,0,0,1,3
0xa5570c,98.7952%,1,82,83,82,1,0,0
0x793054,99.3007%,1,142,143,133,0,1,9
0x5a5ed3,75%,1,3,4,0,0,1,3
0x837954,97.7778%,1,44,45,0,0,1,44
0x837967,99.4318%,1,175,176,0,0,1,175
0xa9d1a3,99.3243%,1,147,148,0,0,1,147
0x5f3ca9,66.6667%,1,2,3,2,1,0,0
0x675008,96.875%,1,31,32,0,0,1,31
0x8379ce,98.6842%,1,75,76,27,1,0,48
0x4a21bd,87.5%,1,7,8,0,0,1,7
0x5f3d27,75%,1,3,4,3,1,0,0
0x539bad,99.875%,1,799,800,0,0,1,799
0xa50e57,75%,1,3,4,3,1,0,0
0x789147,92.3077%,1,12,13,3,0,1,9
0x804142,98.3333%,1,59,60,59,1,0,0
0x9e37cb,96%,1,24,25,24,1,0,0
0x96e972,0%,1,0,1,0,0,1,0
0x4c535e,66.6667%,1,2,3,0,0,1,2
0x837412,80%,1,4,5,0,1,0,4
0xa55f14,94.1176%,1,16,17,0,0,1,16
0x533c67,88.8889%,1,8,9,6,0,1,2
0x78697e,91.6667%,1,11,12,0,0,1,11
0xa50f65,97.3684%,1,37,38,0,0,1,37
0x5442a6,98.2456%,1,56,57,56,1,0,0
0x9fc52d,92.8571%,1,13,14,0,0,1,13
0x9fc4dd,92.8571%,1,13,14,0,0,1,13
0x5339f6,50%,1,1,2,1,1,0,0
0x5e6153,90%,1,9,10,9,1,0,0
0x9a772a,92.8571%,1,13,14,13,1,0,0
0x547b13,99.8988%,1,987,988,987,1,0,0
0x5fefe4,75%,1,3,4,0,0,1,3
0x9fe91f,97.2973%,1,36,37,36,1,0,0
0x9fe8f9,97.2973%,1,36,37,0,0,1,36
0x9fb707,85.7143%,1,6,7,6,1,0,0
0x78089e,50%,1,1,2,1,1,0,0
0xa50f8c,97.3684%,1,37,38,37,1,0,0
0x482f92,94.7368%,1,18,19,18,1,0,0
0x5f2f10,50%,1,1,2,0,1,0,1
0x44170e,90.9091%,1,10,11,0,0,1,10
0x54463e,88.8889%,1,8,9,8,1,0,0
0x494a9d,50%,1,1,2,1,1,0,0
0xa5065f,97.3684%,1,37,38,37,0,1,0
0x78d290,50%,1,1,2,1,1,0,0
0x9f0507,98.9474%,1,94,95,94,1,0,0
0xa50892,75%,1,3,4,0,0,1,3
0xa508a9,99.8024%,1,505,506,505,1,0,0
0xa50930,99.7207%,1,357,358,0,0,1,357
0x4bb6e1,99.5215%,1,208,209,208,1,0,0
0x9fe10f,96%,1,24,25,0,0,1,24
0xa098ec,92.3077%,1,12,13,12,1,0,0
0xa4a801,50%,1,1,2,0,0,1,1
0x533e6e,75%,1,3,4,1,1,0,2
0x835fbc,50%,1,1,2,1,0,1,0
0x8434e4,83.3333%,1,5,6,5,0,1,0
0x5ffd53,98.75%,1,79,80,79,1,0,0
0xa91840,92.8571%,1,13,14,0,0,1,13
0x4a1e62,75%,1,3,4,0,0,1,3
0x4a2159,75%,1,3,4,3,1,0,0
0x4a21c3,87.5%,1,7,8,7,1,0,0
0x533de7,50%,1,1,2,1,1,0,0
0x83aa54,75%,1,3,4,3,1,0,0
0x5fb8cb,98.1818%,1,54,55,0,0,1,54
0xa52332,98.9474%,1,94,95,0,0,1,94
0x7f0b75,80%,1,4,5,4,1,0,0
0xa053ee,95.2381%,1,20,21,1,0,1,19
0x83a938,66.6667%,1,2,3,2,1,0,0
0x83be26,0%,1,0,1,0,1,0,0
0x83be6e,0%,1,0,1,0,0,1,0
0x8bc99d,98.0769%,1,51,52,0,0,1,51
0x503364,97.561%,1,40,41,1,1,0,39
0x834294,99.3827%,1,161,162,161,1,0,0
0x8ff573,95.6522%,1,22,23,0,0,1,22
0x9f64ac,99.4413%,1,178,179,0,0,1,178
0x808ba6,99.697%,1,329,330,0,0,1,329
0x4a650a,90%,1,9,10,9,1,0,0
0x5f9123,90%,1,9,10,0,1,0,9
0x837506,75%,1,3,4,3,1,0,0
0x837534,75%,1,3,4,3,1,0,0
0x9fcafc,96%,1,24,25,0,0,1,24
0x83776e,66.6667%,1,2,3,2,1,0,0
0x9fcac4,96%,1,24,25,0,0,1,24
0x838f9b,94.4444%,1,17,18,17,1,0,0
0x5f9d4a,96.2963%,1,26,27,26,1,0,0
0xaef70c,75%,1,3,4,0,0,1,3
0x60e019,98.9796%,1,97,98,0,0,1,97
0x838b0b,83.3333%,1,5,6,2,0,1,3
0x9d126c,93.75%,1,15,16,0,0,1,15
0xa5119c,75%,1,3,4,0,0,1,3
0x838b2c,66.6667%,1,2,3,0,1,0,2
0x9fe1a7,96%,1,24,25,0,0,1,24
0x815a8a,96.7742%,1,30,31,30,1,0,0
0x838965,75%,1,3,4,0,0,1,3
0x80f8b8,98.6486%,1,73,74,73,1,0,0
0xa51218,95.4545%,1,21,22,21,1,0,0
0x670aa5,50%,1,1,2,1,1,0,0
0x9f5a9b,98.75%,1,79,80,0,0,1,79
0x9ed28a,98.2456%,1,56,57,0,0,1,56
0x8045d2,94.1176%,1,16,17,0,0,1,16
0x9ff6f2,95.4545%,1,21,22,0,0,1,21
0xa4e7e4,99.3827%,1,161,162,0,0,1,161
0xa4e7ed,99.3827%,1,161,162,0,0,1,161
0x66fcbd,94.7368%,1,18,19,0,0,1,18
0xa53069,87.5%,1,7,8,0,0,1,7
0x834067,50%,1,1,2,0,0,1,1
0x9ed450,99.3333%,1,149,150,149,1,0,0
0x610f8a,50%,1,1,2,1,1,0,0
0x670682,66.6667%,1,2,3,0,0,1,2
0x670b50,50%,1,1,2,0,0,1,1
0x670d16,50%,1,1,2,1,1,0,0
0xa4eda8,99.3827%,1,161,162,0,0,1,161
0x670e69,50%,1,1,2,0,0,1,1
0x6710b0,50%,1,1,2,1,1,0,0
0x811b64,99.5098%,1,203,204,0,0,1,203
0x90487c,99.4595%,1,184,185,0,0,1,184
0x6711b6,50%,1,1,2,1,1,0,0
0xa92f4d,98.8636%,1,87,88,0,0,1,87
0x6712f0,50%,1,1,2,0,0,1,1
0x673a78,50%,1,1,2,1,1,0,0
0xa544db,99.1071%,1,111,112,0,0,1,111
0xa9f06e,50%,1,1,2,0,0,1,1
0x833911,98.8372%,1,85,86,85,1,0,0
0x5fc287,50%,1,1,2,0,0,1,1
0xa99975,0%,1,0,1,0,0,1,0
0x49cf1f,0%,1,0,1,0,0,1,0
0xa062f4,83.3333%,1,5,6,0,1,0,5
0x5c83b1,83.3333%,1,5,6,5,1,0,0
0x4c8bc9,99.2481%,1,132,133,132,1,0,0
0x973ae5,90%,1,9,10,0,0,1,9
0xa4cfbb,87.5%,1,7,8,7,1,0,0
0x5fc7b3,50%,1,1,2,0,0,1,1
0xa4c7a3,75%,1,3,4,0,0,1,3
0x90664f,99.0909%,1,109,110,109,1,0,0
0x5fc8e5,50%,1,1,2,1,1,0,0
0x5fc925,50%,1,1,2,1,1,0,0
0x4b49f4,90%,1,9,10,0,0,1,9
0x820cb3,98%,1,49,50,49,0,1,0
0x9f4a4c,66.6667%,1,2,3,2,1,0,0
0x50367b,0%,1,0,1,0,1,0,0
0xa52b69,99.5283%,1,211,212,0,0,1,211
0xa958f1,75%,1,3,4,0,0,1,3
0x66f65f,66.6667%,1,2,3,0,1,0,2
0x90699a,98.7342%,1,78,79,78,1,0,0
0x4ab339,0%,1,0,1,0,1,0,0
0xa4fe0d,75%,1,3,4,0,0,1,3
0x4a97c6,75%,1,3,4,0,0,1,3
0x4a97f9,75%,1,3,4,0,0,1,3
0x4a9801,75%,1,3,4,3,1,0,0
0x5edd23,85.7143%,1,6,7,6,1,0,0
0x4a59d9,75%,1,3,4,0,0,1,3
0x5e3ad7,66.6667%,1,2,3,0,0,1,2
0x4ab2f8,0%,1,0,1,0,0,1,0
0x9e81f3,95.8333%,1,23,24,23,1,0,0
0x402cb4,99.866%,1,745,746,0,0,1,745
0x5e3923,66.6667%,1,2,3,2,1,0,0
0x835ead,50%,1,1,2,1,1,0,0
0x835f6e,50%,1,1,2,0,0,1,1
0x5d68b7,66.6667%,1,2,3,0,0,1,2
0x836568,0%,1,0,1,0,1,0,0
0xaa7f74,66.6667%,1,2,3,0,0,1,2
0x838a57,50%,1,1,2,0,0,1,1
0xaa81db,80%,1,4,5,4,1,0,0
0x6497b6,50%,1,1,2,0,0,1,1
0x8375b6,99.2188%,1,127,128,127,1,0,0
0x40ab78,83.3333%,1,5,6,5,0,1,0
0x8377e7,80%,1,4,5,0,0,1,4
0xa963b5,50%,1,1,2,0,0,1,1
0x966575,50%,1,1,2,1,1,0,0
0xa4d443,98.5075%,1,66,67,66,1,0,0
0x9be5ea,90%,1,9,10,0,0,1,9
0xa4d3e5,97.4359%,1,38,39,38,1,0,0
0x64a50f,50%,1,1,2,1,1,0,0
0xa4b9a1,75%,1,3,4,3,1,0,0
0x977456,91.6667%,1,11,12,5,1,0,6
0x402df7,75%,1,3,4,3,1,0,0
0xa54137,92.3077%,1,12,13,10,1,0,2
0xa4e866,50%,1,1,2,0,0,1,1
0x973189,99.8361%,1,609,610,0,0,1,609
0x67184a,50%,1,1,2,1,1,0,0
0x50337f,97.2973%,1,36,37,36,1,0,0
0xa53a22,50%,1,1,2,0,0,1,1
0xa956dd,75%,1,3,4,0,0,1,3
0x671b6f,50%,1,1,2,1,1,0,0
0xa582a5,95.6522%,1,22,23,0,0,1,22
0x5ffbe1,97.8261%,1,45,46,0,0,1,45
0xaa57d5,50%,1,1,2,0,0,1,1
0x6724db,50%,1,1,2,1,1,0,0
0x492150,0%,1,0,1,0,1,0,0
0xa4e02b,50%,1,1,2,0,0,1,1
0x835e97,50%,1,1,2,0,0,1,1
0x7d340d,91.6667%,1,11,12,3,1,0,8
0x402246,99.9415%,1,1709,1710,0,0,1,1709
0x611564,96.9697%,1,32,33,32,1,0,0
0xa39de6,99.9235%,1,1306,1307,0,0,1,1306
0x49a0de,96.875%,1,31,32,0,0,1,31
0x4baa15,98.0769%,1,51,52,51,1,0,0
0x4b9acb,75%,1,3,4,0,0,1,3
0x4b4c85,50%,1,1,2,0,0,1,1
0x7180b8,0%,1,0,1,0,0,1,0
0x78d21b,50%,1,1,2,0,0,1,1
0x492822,0%,1,0,1,0,1,0,0
0x9f32ee,99.7409%,1,385,386,0,0,1,385
0x4b9f50,99.569%,1,231,232,231,0,1,0
0xa39b97,99.8355%,1,607,608,0,0,1,607
0xa39b8a,99.8355%,1,607,608,0,0,1,607
0xa41b48,99.8679%,1,756,757,0,0,1,756
0x61083a,92.3077%,1,12,13,0,0,1,12
0x4c297c,0%,1,0,1,0,0,1,0
0x5a898e,50%,1,1,2,0,0,1,1
0xa48210,98.3333%,1,59,60,59,1,0,0
0x4c4067,99.5098%,1,203,204,0,0,1,203
0x5fa402,99.1453%,1,116,117,0,0,1,116
0xa39499,92.8571%,1,13,14,0,0,1,13
0x99e12d,93.3333%,1,14,15,14,1,0,0
0xa48abc,99.4012%,1,166,167,0,0,1,166
0x4b56d5,99.0196%,1,101,102,0,0,1,101
0x4b58ca,99.7863%,1,467,468,0,0,1,467
0x5ff656,99.0099%,1,100,101,0,0,1,100
0x5bc3be,95.6522%,1,22,23,0,0,1,22
0xa4f81f,50%,1,1,2,0,0,1,1
0x99f67e,99.0196%,1,101,102,0,0,1,101
0x78abd3,85.7143%,1,6,7,3,1,0,3
0x4ba263,99.8874%,1,887,888,0,0,1,887
0x50f0e9,98.8636%,1,87,88,0,0,1,87
0x4ba3f2,99.7797%,1,453,454,0,0,1,453
0x4ba32d,99.6933%,1,325,326,0,0,1,325
0x4c407b,99.5098%,1,203,204,0,0,1,203
0xa48b7e,99.4012%,1,166,167,0,0,1,166
0xa48ce8,99.4012%,1,166,167,0,0,1,166
0xa43758,99.7642%,1,423,424,0,0,1,423
0x903df2,98.0769%,1,51,52,0,0,1,51
0x902288,50%,1,1,2,1,1,0,0
0x4ba47e,98.8235%,1,84,85,0,0,1,84
0x4b9e22,99.7326%,1,373,374,0,0,1,373
0x4b9f08,99.7093%,1,343,344,0,0,1,343
0x4ba8d7,97.9167%,1,47,48,47,1,0,0
0x8fe419,99.1667%,1,119,120,1,1,0,118
0x5ff26e,99.5726%,1,233,234,0,0,1,233
0x8fd411,0%,1,0,1,0,1,0,0
0xa46ad5,98.2143%,1,55,56,55,1,0,0
0x5abdf0,88.8889%,1,8,9,0,0,1,8
0x9f0852,80%,1,4,5,0,1,0,4
0x781a94,99.359%,1,155,156,155,1,0,0
0x4bc6d8,99.5671%,1,230,231,230,1,0,0
0x5c8443,83.3333%,1,5,6,5,1,0,0
0x4b5054,99.1803%,1,121,122,0,0,1,121
0x4b50ca,99.1667%,1,119,120,0,0,1,119
0x4b5174,85.7143%,1,6,7,0,0,1,6
0xa94bb6,75%,1,3,4,3,1,0,0
0xb468d7,96.2963%,1,26,27,0,1,0,26
0x6ed6d0,0%,1,0,1,0,0,1,0
0x9fc5a4,92.8571%,1,13,14,0,0,1,13
0xa07539,83.3333%,1,5,6,2,0,1,3
0x7b2fc8,97.7273%,1,43,44,1,1,0,42
0x9e2727,99.3421%,1,151,152,0,0,1,151
0x8c9443,99.1597%,1,118,119,118,1,0,0
0x5f7a8d,0%,1,0,1,0,0,1,0
0x49bf16,83.3333%,1,5,6,0,0,1,5
0xa47346,90.9091%,1,10,11,10,1,0,0
0x5f870e,87.5%,1,7,8,0,0,1,7
0xa472d1,97.619%,1,41,42,0,0,1,41
0x4416ee,90.9091%,1,10,11,0,0,1,10
0xa4736c,90.9091%,1,10,11,0,0,1,10
0xa96b27,66.6667%,1,2,3,2,1,0,0
0xa55220,87.5%,1,7,8,0,0,1,7
0xa28148,66.6667%,1,2,3,2,1,0,0
0xa48294,91.6667%,1,11,12,0,0,1,11
0x66d419,98.8235%,1,84,85,0,0,1,84
0x5fa285,99.422%,1,172,173,172,1,0,0
0x44148e,99.8282%,1,581,582,0,0,1,581
0xa4a205,98.3333%,1,59,60,4,0,1,55
0x9e8247,50%,1,1,2,1,1,0,0
0x9e706f,85.7143%,1,6,7,2,0,1,4
0x5f2f8e,0%,1,0,1,0,0,1,0
0xa49748,97.619%,1,41,42,41,1,0,0
0xa5beb0,87.5%,1,7,8,0,0,1,7
0x7e20c4,96%,1,24,25,24,1,0,0
0x7b6210,99.2908%,1,140,141,140,1,0,0
0x6105c7,98.9247%,1,92,93,0,0,1,92
0x9eca28,99.3421%,1,151,152,0,0,1,151
0x9e7223,96.9697%,1,32,33,0,0,1,32
0xa466b7,98.9011%,1,90,91,0,0,1,90
0x4bee2b,98.2759%,1,57,58,0,0,1,57
0x4beea5,98.2759%,1,57,58,0,0,1,57
0x9e389f,96%,1,24,25,24,1,0,0
0x5034eb,50%,1,1,2,0,0,1,1
0x4b6eac,93.75%,1,15,16,15,1,0,0
0x5fb6c6,99.7423%,1,387,388,0,0,1,387
0xa32923,66.6667%,1,2,3,0,1,0,2
0x9f8075,66.6667%,1,2,3,0,0,1,2
0x5fb631,50%,1,1,2,0,0,1,1
0x9fe710,97.5%,1,39,40,0,0,1,39
0x50f27b,83.3333%,1,5,6,0,0,1,5
0x803df8,94.4444%,1,17,18,0,0,1,17
0x5034c9,50%,1,1,2,0,0,1,1
0x9e54ea,99.4083%,1,168,169,0,0,1,168
0x9fe5ed,97.7273%,1,43,44,0,0,1,43
0x503449,50%,1,1,2,0,0,1,1
0x503557,50%,1,1,2,0,0,1,1
0x781703,96.9697%,1,32,33,32,1,0,0
0x9fb2d1,97.561%,1,40,41,40,1,0,0
0xa4bd43,75%,1,3,4,0,0,1,3
0x98506a,91.6667%,1,11,12,4,0,1,7
0x809a96,0%,1,0,1,0,0,1,0
0x9fb283,97.561%,1,40,41,40,1,0,0
0xa2b2e0,50%,1,1,2,0,0,1,1
0x48d221,83.3333%,1,5,6,0,0,1,5
0x5fadb9,96.9697%,1,32,33,0,0,1,32
0xa07e4d,50%,1,1,2,0,1,0,1
0xab369d,94.4444%,1,17,18,0,0,1,17
0x8fdd21,97.9167%,1,47,48,0,0,1,47
0xaad2cf,66.6667%,1,2,3,2,1,0,0
0x5033d1,97.2973%,1,36,37,0,0,1,36
0x9595ec,75%,1,3,4,0,0,1,3
0x50ee39,98.8636%,1,87,88,0,0,1,87
0x5cb11d,66.6667%,1,2,3,2,1,0,0
0xa46658,99.569%,1,231,232,231,1,0,0
0x9f19cb,99.7389%,1,382,383,0,0,1,382
0x5033fb,97.2973%,1,36,37,35,0,1,1
0xab36a3,94.4444%,1,17,18,0,0,1,17
0xa51bec,97.5%,1,39,40,0,0,1,39
0xa2d410,75%,1,3,4,1,1,0,2
0x8fd7ae,93.3333%,1,14,15,0,0,1,14
0x50ef4f,87.5%,1,7,8,0,0,1,7
0x5fb728,98.1818%,1,54,55,54,1,0,0
0x489c0c,98.5294%,1,67,68,0,0,1,67
0xa51fc6,50%,1,1,2,0,0,1,1
0x9fe9e7,66.6667%,1,2,3,0,0,1,2
0xa5271e,91.6667%,1,11,12,0,0,1,11
0x50efb0,50%,1,1,2,0,0,1,1
0x50efbd,50%,1,1,2,0,0,1,1
0x5fb70b,98.1818%,1,54,55,0,0,1,54
0xa4589f,97.561%,1,40,41,0,0,1,40
0x5fdc2b,0%,1,0,1,0,1,0,0
0x80f336,75%,1,3,4,3,1,0,0
0xa31fde,97.2222%,1,35,36,35,1,0,0
0x5faa96,0%,1,0,1,0,1,0,0
0x9fb891,99.6732%,1,305,306,0,0,1,305
0x51afaf,99.6564%,1,290,291,290,0,1,0
0x5fa92c,96.6667%,1,29,30,0,0,1,29
0x5fa916,99.3939%,1,164,165,0,0,1,164
0xa45982,98.0392%,1,50,51,50,1,0,0
0x4a7b5c,99.6979%,1,330,331,0,0,1,330
0x4b47bb,50%,1,1,2,1,1,0,0
0x803db5,50%,1,1,2,0,0,1,1
0x8fd9ea,80%,1,4,5,3,1,0,1
0x8a6ab1,66.6667%,1,2,3,2,1,0,0
0x61dc4f,95%,1,19,20,0,0,1,19
0x7c20d0,91.6667%,1,11,12,0,0,1,11
0xa58773,99.1379%,1,115,116,115,1,0,0
0x78c039,50%,1,1,2,0,0,1,1
0x81e4d0,92.3077%,1,12,13,12,1,0,0
0x4b56c8,99.0196%,1,101,102,0,0,1,101
0xa496e3,97.619%,1,41,42,41,1,0,0
0xa4971b,97.619%,1,41,42,41,1,0,0
0x5b068d,50%,1,1,2,0,0,1,1
0x5f9250,85.7143%,1,6,7,4,0,1,2
0x5f766a,99.2%,1,124,125,124,1,0,0
0x7cf816,87.5%,1,7,8,7,1,0,0
0xa41a24,99.8981%,1,980,981,0,0,1,980
0x991345,98.9011%,1,90,91,0,0,1,90
0x5fac1d,0%,1,0,1,0,1,0,0
0x5f7691,96.6667%,1,29,30,0,0,1,29
0xa31928,99.537%,1,215,216,0,0,1,215
0x5fdd9c,0%,1,0,1,0,1,0,0
0x618999,90.9091%,1,10,11,0,0,1,10
0xa41175,87.5%,1,7,8,0,0,1,7
0x5cf4d8,97.4359%,1,38,39,38,1,0,0
0x5b067f,50%,1,1,2,0,0,1,1
0x677528,99.4681%,1,187,188,0,0,1,187
0x98b308,87.5%,1,7,8,0,0,1,7
0x9fe254,99.4286%,1,174,175,0,0,1,174
0xa58447,90%,1,9,10,0,0,1,9
0xa451a6,99.7487%,1,397,398,397,1,0,0
0x40e96a,80%,1,4,5,4,1,0,0
0xa4549e,99.8549%,1,688,689,688,1,0,0
0x53968c,99.0826%,1,108,109,0,0,1,108
0xa9222e,75%,1,3,4,0,0,1,3
0x8bb621,98.9474%,1,94,95,0,0,1,94
0xa53751,87.5%,1,7,8,0,0,1,7
0xa5b302,66.6667%,1,2,3,2,1,0,0
0x5a01bd,80%,1,4,5,4,1,0,0
0xa535c2,87.5%,1,7,8,0,0,1,7
0xa5364a,87.5%,1,7,8,0,0,1,7
0x9c37c2,97.8261%,1,45,46,45,1,0,0
0xa536ac,87.5%,1,7,8,1,1,0,6
0x4935e7,94.1176%,1,16,17,16,1,0,0
0x9bc6ef,99.2126%,1,126,127,0,0,1,126
0xa5d1ed,95.8333%,1,23,24,0,0,1,23
0x5062db,99.8454%,1,646,647,0,0,1,646
0x64006b,99.8462%,1,649,650,0,0,1,649
0x5a02ab,80%,1,4,5,4,1,0,0
0xa59f9c,66.6667%,1,2,3,0,0,1,2
0xa72400,75%,1,3,4,0,0,1,3
0x9bc5d1,50%,1,1,2,0,0,1,1
0xa53110,50%,1,1,2,0,0,1,1
0xa53119,50%,1,1,2,0,0,1,1
0x9a6837,99.3197%,1,146,147,0,0,1,146
0x984f81,91.6667%,1,11,12,0,0,1,11
0xa531e6,50%,1,1,2,1,1,0,0
0x88a17d,95.4545%,1,21,22,0,0,1,21
0x64f2d6,95.4545%,1,21,22,21,1,0,0
0xa5332d,83.3333%,1,5,6,0,0,1,5
0xa5b4f3,88.8889%,1,8,9,0,0,1,8
0x977502,99.6094%,1,255,256,0,0,1,255
0x487860,93.3333%,1,14,15,14,1,0,0
0xacfb3e,95.2381%,1,20,21,20,1,0,0
0x9bc89c,50%,1,1,2,1,1,0,0
0x5fdcb7,0%,1,0,1,0,1,0,0
0x8e4818,99.9387%,1,1630,1631,1630,1,0,0
0x54d441,85.7143%,1,6,7,6,1,0,0
0xa07937,83.3333%,1,5,6,0,1,0,5
0x54d433,85.7143%,1,6,7,0,0,1,6
0xa5af20,50%,1,1,2,0,0,1,1
0x7e11d6,0%,1,0,1,0,0,1,0
0x88a152,95.4545%,1,21,22,21,1,0,0
0x8eca48,98.5714%,1,69,70,0,0,1,69
0x9bc751,95.4545%,1,21,22,0,1,0,21
0x9bc83a,99.4186%,1,171,172,171,1,0,0
0xa4eedb,95.4545%,1,21,22,0,0,1,21
0xa91876,92.8571%,1,13,14,0,0,1,13
0xa5d15a,96%,1,24,25,0,0,1,24
0x7d1c8b,0%,1,0,1,0,1,0,0
0xa5b558,66.6667%,1,2,3,2,1,0,0
0x5a964f,66.6667%,1,2,3,2,1,0,0
0xa4ef07,95.4545%,1,21,22,21,1,0,0
0xa534db,50%,1,1,2,0,0,1,1
0x5b60cf,0%,1,0,1,0,1,0,0
0x887743,0%,1,0,1,0,1,0,0
0xa52e13,88.8889%,1,8,9,0,0,1,8
0xa52e6d,88.8889%,1,8,9,7,1,0,1
0x96925d,99.4975%,1,198,199,0,0,1,198
0xa94c8e,75%,1,3,4,0,0,1,3
0x8875e3,80%,1,4,5,1,0,1,3
0xa97ad6,80%,1,4,5,4,1,0,0
0x5f268b,50%,1,1,2,0,0,1,1
0x7c5fef,50%,1,1,2,1,1,0,0
0x5b6142,0%,1,0,1,0,1,0,0
0x5cfd9e,95.8333%,1,23,24,0,0,1,23
0x97140f,85.7143%,1,6,7,0,0,1,6
0xa28802,93.75%,1,15,16,0,0,1,15
0x5b6093,0%,1,0,1,0,1,0,0
0x550e9b,95.8333%,1,23,24,0,0,1,23
0x5b4b37,0%,1,0,1,0,1,0,0
0x5b4ae5,0%,1,0,1,0,1,0,0
0xaa4ea4,99.3197%,1,146,147,146,1,0,0
0x606e27,87.5%,1,7,8,7,1,0,0
0xa558fc,50%,1,1,2,0,0,1,1
0x4c2353,87.5%,1,7,8,7,1,0,0
0x503268,50%,1,1,2,1,1,0,0
0x49614e,66.6667%,1,2,3,0,0,1,2
0x88a0b7,95.4545%,1,21,22,0,0,1,21
0x7d2feb,98.4615%,1,64,65,1,1,0,63
0xa5452b,50%,1,1,2,0,0,1,1
0xa20fd7,0%,1,0,1,0,0,1,0
0xa545d7,87.5%,1,7,8,0,0,1,7
0x9439b8,50%,1,1,2,0,0,1,1
0x9d1c71,50%,1,1,2,0,0,1,1
0x977b11,85.7143%,1,6,7,0,0,1,6
0x88a11d,95.4545%,1,21,22,0,0,1,21
0x88a109,95.4545%,1,21,22,0,0,1,21
0x970f7d,85.7143%,1,6,7,0,0,1,6
0xa54604,50%,1,1,2,0,0,1,1
0xa5ab04,85.7143%,1,6,7,0,0,1,6
0xa54667,50%,1,1,2,1,1,0,0
0xa547af,50%,1,1,2,1,1,0,0
0x5e4542,99.1736%,1,120,121,120,1,0,0
0x97111e,80%,1,4,5,0,0,1,4
0xa4ed81,50%,1,1,2,0,0,1,1
0x9711d6,80%,1,4,5,0,0,1,4
0x8886e9,95.4545%,1,21,22,0,0,1,21
0x9711f7,80%,1,4,5,0,0,1,4
0x550e15,94.1176%,1,16,17,0,0,1,16
0x8878b9,0%,1,0,1,0,0,1,0
0x973208,97.5%,1,39,40,0,0,1,39
0x9732db,97.619%,1,41,42,0,0,1,41
0x5d2084,66.6667%,1,2,3,2,1,0,0
0xa59301,93.3333%,1,14,15,0,0,1,14
0x9f36e6,75%,1,3,4,0,0,1,3
0x5d20aa,66.6667%,1,2,3,0,0,1,2
0x5d69d6,66.6667%,1,2,3,0,0,1,2
0x5d69e4,66.6667%,1,2,3,0,0,1,2
0xa5940e,99.7067%,1,340,341,0,0,1,340
0x9f2b05,80%,1,4,5,0,0,1,4
0x5e2084,66.6667%,1,2,3,2,1,0,0
0x5e20ce,66.6667%,1,2,3,2,1,0,0
0x9e1176,50%,1,1,2,0,0,1,1
0x9e5ba0,75%,1,3,4,0,0,1,3
0xa592b5,90%,1,9,10,9,1,0,0
0xa069c1,50%,1,1,2,1,1,0,0
0x5ef9ab,94.1176%,1,16,17,16,1,0,0
0x9a7cb0,91.6667%,1,11,12,0,0,1,11
0x5b2851,50%,1,1,2,0,0,1,1
0x9a7cc4,91.6667%,1,11,12,11,1,0,0
0x97b871,88.8889%,1,8,9,8,1,0,0
0xa58c4d,96.5517%,1,28,29,0,0,1,28
0xa58552,98.3051%,1,58,59,0,0,1,58
0x5b4a31,50%,1,1,2,0,0,1,1
0x9f3c77,0%,1,0,1,0,0,1,0
0x9e48ce,94.4444%,1,17,18,17,1,0,0
0xa58590,99.1597%,1,118,119,0,0,1,118
0x5fe7bb,99.0476%,1,104,105,0,0,1,104
0x97b8c7,97.561%,1,40,41,0,0,1,40
0x973a30,97.5%,1,39,40,0,0,1,39
0xa585a8,99.1597%,1,118,119,0,0,1,118
0x9e50e2,91.6667%,1,11,12,11,1,0,0
0x5a96ab,80%,1,4,5,0,0,1,4
0x9e5149,94.4444%,1,17,18,17,1,0,0
0x5a9684,80%,1,4,5,0,0,1,4
0xa58eee,99.1597%,1,118,119,0,0,1,118
0x9e3f39,95.2381%,1,20,21,20,1,0,0
0xae7000,50%,1,1,2,0,0,1,1
0xae6fb5,50%,1,1,2,1,1,0,0
0x49494b,99.187%,1,122,123,122,1,0,0
0xa2d710,98.8235%,1,84,85,84,1,0,0
0x58e058,50%,1,1,2,1,1,0,0
0xa58f7f,99.1597%,1,118,119,118,1,0,0
0x58dd91,50%,1,1,2,0,0,1,1
0x9e5259,91.6667%,1,11,12,0,1,0,11
0x9e6178,91.6667%,1,11,12,0,0,1,11
0x58ee97,50%,1,1,2,1,1,0,0
0x5d1139,66.6667%,1,2,3,2,1,0,0
0x5afd23,96%,1,24,25,24,1,0,0
0x5afe6f,95.2381%,1,20,21,0,0,1,20
0xa50b7b,94.7368%,1,18,19,2,1,0,16
0xaa2ad2,66.6667%,1,2,3,0,0,1,2
0xa91a90,99.4872%,1,194,195,0,0,1,194
0xa02d9b,99.0654%,1,106,107,106,1,0,0
0x5f0d61,99.6466%,1,282,283,282,1,0,0
0xa05022,50%,1,1,2,1,0,1,0
0xa91bc0,99.2701%,1,136,137,0,0,1,136
0x9e84e9,95.2381%,1,20,21,0,0,1,20
0xa95d50,99.8258%,1,573,574,0,0,1,573
0x9e84fa,95.2381%,1,20,21,0,0,1,20
0x7d447a,50%,1,1,2,0,0,1,1
0xa04b9d,97.619%,1,41,42,0,0,1,41
0x9e8843,66.6667%,1,2,3,2,1,0,0
0x972d7a,83.3333%,1,5,6,0,0,1,5
0x5d8c2f,90%,1,9,10,0,0,1,9
0x5ae2dc,96%,1,24,25,24,1,0,0
0x9fe196,96%,1,24,25,0,0,1,24
0xaa4c9e,66.6667%,1,2,3,2,1,0,0
0xa60cdc,66.6667%,1,2,3,0,0,1,2
0x555c9b,97.3684%,1,37,38,37,1,0,0
0x493f70,50%,1,1,2,1,1,0,0
0xa4f79b,94.4444%,1,17,18,0,0,1,17
0x9e0328,95.4545%,1,21,22,0,0,1,21
0xa7a299,66.6667%,1,2,3,2,1,0,0
0xa5f29e,75%,1,3,4,0,0,1,3
0x5b33cd,50%,1,1,2,0,0,1,1
0x9e71f6,50%,1,1,2,1,1,0,0
0xa588c2,99.3151%,1,145,146,0,0,1,145
0x9e7b4a,50%,1,1,2,1,1,0,0
0x5b1be3,50%,1,1,2,1,1,0,0
0x5b1bd5,50%,1,1,2,0,0,1,1
0x9784ae,99.7821%,1,458,459,458,1,0,0
0x490ded,83.3333%,1,5,6,0,0,1,5
0x4a9f2a,66.6667%,1,2,3,2,1,0,0
0x5e356b,90%,1,9,10,0,0,1,9
0x9e3d15,50%,1,1,2,1,1,0,0
0x978476,99.7821%,1,458,459,0,0,1,458
0x5d039b,66.6667%,1,2,3,2,1,0,0
0x5c7550,66.6667%,1,2,3,0,0,1,2
0x9e7e01,75%,1,3,4,3,1,0,0
0x490c0e,83.3333%,1,5,6,0,0,1,5
0x490c06,83.3333%,1,5,6,0,0,1,5
0x490bf1,83.3333%,1,5,6,0,0,1,5
0x9e7e3c,75%,1,3,4,3,1,0,0
0x9e7e80,75%,1,3,4,3,1,0,0
0xaa8fb4,95.6522%,1,22,23,0,0,1,22
0x5b8d28,87.5%,1,7,8,0,0,1,7
0xa058c3,90%,1,9,10,4,1,0,5
0xa972f9,66.6667%,1,2,3,2,1,0,0
0x5ebd47,85.7143%,1,6,7,6,1,0,0
0x9be6be,95.8333%,1,23,24,12,0,1,11
0x9ff624,95.4545%,1,21,22,0,0,1,21
0x5bc630,99.1597%,1,118,119,118,1,0,0
0xaa1316,99.4872%,1,194,195,194,1,0,0
0x9ff6c4,95.8333%,1,23,24,0,0,1,23
0x9ff705,95.4545%,1,21,22,0,0,1,21
0x48326f,96.5517%,1,28,29,0,0,1,28
0x40b029,50%,1,1,2,1,1,0,0
0x5ec56f,97.5%,1,39,40,0,0,1,39
0x9ff65c,80%,1,4,5,0,0,1,4
0x9ff742,50%,1,1,2,0,0,1,1
0x9ff793,50%,1,1,2,1,1,0,0
0x483165,96.5517%,1,28,29,0,0,1,28
0x5d17a3,95.8333%,1,23,24,23,1,0,0
0x5d1711,95.8333%,1,23,24,0,0,1,23
0x98c95a,99.0826%,1,108,109,0,0,1,108
0x5cfdb0,95.8333%,1,23,24,23,1,0,0
0x9f2ab6,80%,1,4,5,0,0,1,4
0x9f4a24,0%,1,0,1,0,1,0,0
0xaccdf0,0%,1,0,1,0,0,1,0
0x5b907f,75%,1,3,4,3,1,0,0
0xa494d1,66.6667%,1,2,3,2,1,0,0
0x9e0daf,80%,1,4,5,0,0,1,4
0xa45f97,94.4444%,1,17,18,0,0,1,17
0x5b8e42,75%,1,3,4,0,0,1,3
0x666eb3,66.6667%,1,2,3,2,1,0,0
0x666125,0%,1,0,1,0,0,1,0
0x58dbc0,0%,1,0,1,0,1,0,0
0xacce85,0%,1,0,1,0,1,0,0
0xa352d3,83.3333%,1,5,6,2,1,0,3
0xaccdfe,0%,1,0,1,0,1,0,0
0x556bcc,99.5951%,1,246,247,246,1,0,0
0x64032b,99.7691%,1,432,433,432,1,0,0
0x8325e0,0%,1,0,1,0,0,1,0
0x65a318,97.9167%,1,47,48,47,1,0,0
0xa285c7,96.6667%,1,29,30,0,0,1,29
0x832596,0%,1,0,1,0,0,1,0
0x5b8d34,75%,1,3,4,0,0,1,3
0xa28610,50%,1,1,2,0,1,0,1
0xa2862f,0%,1,0,1,0,1,0,0
0xa96e4a,66.6667%,1,2,3,2,1,0,0
0xa2866e,0%,1,0,1,0,1,0,0
0xa972e5,66.6667%,1,2,3,0,0,1,2
0xa5be9d,96.875%,1,31,32,24,0,1,7
0x5fb41a,50%,1,1,2,0,0,1,1
0x9f811c,0%,1,0,1,0,1,0,0
0x499ddf,97.9167%,1,47,48,0,0,1,47
0xa21bfc,50%,1,1,2,0,0,1,1
0x481677,94.7368%,1,18,19,0,0,1,18
0x9e1097,96.5517%,1,28,29,0,0,1,28
0xa318f5,99.2537%,1,133,134,133,1,0,0
0x49a0aa,93.75%,1,15,16,0,0,1,15
0x5b2346,97.561%,1,40,41,0,0,1,40
0x99127e,94.4444%,1,17,18,4,1,0,13
0x49487e,99.2701%,1,136,137,0,0,1,136
0xaef72d,75%,1,3,4,3,1,0,0
0x610629,75%,1,3,4,3,1,0,0
0x9e1547,50%,1,1,2,0,0,1,1
0x4a03c4,93.75%,1,15,16,15,1,0,0
0x9f9008,90%,1,9,10,9,1,0,0
0xa22e66,88.8889%,1,8,9,0,1,0,8
0xa18b0c,97.6744%,1,42,43,0,0,1,42
0x804293,0%,1,0,1,0,0,1,0
0x50ef69,87.5%,1,7,8,5,1,0,2
0x63eaca,97.2973%,1,36,37,0,0,1,36
0x973ea1,91.6667%,1,11,12,11,1,0,0
0x5d6a00,66.6667%,1,2,3,2,1,0,0
0x48dfde,96.2963%,1,26,27,1,1,0,25
0x78abb3,85.7143%,1,6,7,0,0,1,6
0x4876a0,93.3333%,1,14,15,0,0,1,14
0xa294bc,93.75%,1,15,16,15,1,0,0
0xa29751,75%,1,3,4,0,0,1,3
0xa2aa79,0%,1,0,1,0,0,1,0
0xa29d4f,93.75%,1,15,16,15,1,0,0
0x97b838,88.8889%,1,8,9,0,0,1,8
0x481929,96.5517%,1,28,29,0,0,1,28
0x5dced1,99.2481%,1,132,133,0,0,1,132
0xa29f47,93.75%,1,15,16,15,1,0,0
0xa63a92,75%,1,3,4,0,0,1,3
0xa2aac2,99.115%,1,112,113,0,0,1,112
0xa63b37,99.2%,1,124,125,0,0,1,124
0x5a5db2,75%,1,3,4,3,1,0,0
0xa64be7,83.3333%,1,5,6,0,0,1,5
0xa64c57,50%,1,1,2,0,0,1,1
0x9f6a00,95%,1,19,20,0,0,1,19
0xa2ab00,98.7805%,1,81,82,81,1,0,0
0x4817e5,97.3684%,1,37,38,0,0,1,37
0x9f62aa,87.5%,1,7,8,0,0,1,7
0xa65045,75%,1,3,4,0,0,1,3
0x59f2dd,75%,1,3,4,1,1,0,2
0x5fab2c,0%,1,0,1,0,1,0,0
0x60be18,90%,1,9,10,0,0,1,9
0x9b9019,88.8889%,1,8,9,0,0,1,8
0xa41ed5,96.7742%,1,30,31,0,0,1,30
0xa41ee4,96.7742%,1,30,31,0,0,1,30
0xa46b3c,94.4444%,1,17,18,17,1,0,0
0xa02a6f,91.6667%,1,11,12,0,0,1,11
0x959cec,75%,1,3,4,3,1,0,0
0x675791,0%,1,0,1,0,1,0,0
0x81e941,98.6842%,1,75,76,0,0,1,75
0x9e2c60,95.6522%,1,22,23,0,0,1,22
0x843728,87.5%,1,7,8,0,0,1,7
0x50ea5b,91.6667%,1,11,12,11,1,0,0
0x49178c,0%,1,0,1,0,1,0,0
0x9e2ca1,95.6522%,1,22,23,22,1,0,0
0x492f76,97.0588%,1,33,34,0,0,1,33
0x649146,50%,1,1,2,0,0,1,1
0x9f0595,99.8239%,1,567,568,0,0,1,567
0x9e2d15,92.3077%,1,12,13,0,0,1,12
0x9e2d60,93.75%,1,15,16,0,0,1,15
0x4415b7,90.9091%,1,10,11,0,0,1,10
0x5cb0a2,99.8871%,1,885,886,0,0,1,885
0x64b4e2,66.6667%,1,2,3,2,1,0,0
0x441657,90.9091%,1,10,11,0,0,1,10
0x54445b,99.2424%,1,131,132,131,1,0,0
0x496107,91.6667%,1,11,12,0,0,1,11
0x550a31,97.0588%,1,33,34,33,1,0,0
0x550a88,98.0392%,1,50,51,0,0,1,50
0xa55a74,50%,1,1,2,1,1,0,0
0x5f7f32,85.7143%,1,6,7,0,0,1,6
0x97827e,83.3333%,1,5,6,5,1,0,0
0x9a9d4b,98.1481%,1,53,54,53,1,0,0
0x9aa0b0,96.4286%,1,27,28,27,1,0,0
0x6071a0,95%,1,19,20,19,1,0,0
0xa5686b,83.3333%,1,5,6,5,1,0,0
0xa5684d,83.3333%,1,5,6,0,0,1,5
0x5f07c8,50%,1,1,2,0,0,1,1
0x595df9,99.5238%,1,209,210,0,0,1,209
0x606f91,95%,1,19,20,9,1,0,10
0xa51d76,87.5%,1,7,8,7,1,0,0
0x595df4,99.5238%,1,209,210,0,0,1,209
0xa4b672,95%,1,19,20,0,0,1,19
0x9a8cc0,98.3871%,1,61,62,61,1,0,0
0x606e8b,95%,1,19,20,10,0,1,9
0xa4bbae,92.8571%,1,13,14,13,1,0,0
0x9e4f1d,95%,1,19,20,0,0,1,19
0x60be25,90%,1,9,10,0,0,1,9
0xa69e67,75%,1,3,4,3,1,0,0
0xaabe03,90.9091%,1,10,11,0,0,1,10
0x5efb92,91.6667%,1,11,12,11,1,0,0
0x8ee151,87.5%,1,7,8,0,0,1,7
0x838942,80%,1,4,5,0,1,0,4
0xa47bad,97.619%,1,41,42,41,1,0,0
0xaa25ea,95.4545%,1,21,22,0,0,1,21
0x4c00cb,50%,1,1,2,1,1,0,0
0x975148,94.7368%,1,18,19,0,0,1,18
0x4ae5a6,0%,1,0,1,0,1,0,0
0x5e5f0f,99.9003%,1,1002,1003,1002,1,0,0
0x8f34fe,91.6667%,1,11,12,0,0,1,11
0x5b6e94,87.5%,1,7,8,0,0,1,7
0x4836b9,96.2963%,1,26,27,0,0,1,26
0x96ae62,94.7368%,1,18,19,0,0,1,18
0x9e2e78,92.3077%,1,12,13,12,1,0,0
0x8bd66f,83.3333%,1,5,6,0,0,1,5
0x5addfa,96.2963%,1,26,27,0,0,1,26
0x9e1aa3,87.5%,1,7,8,7,1,0,0
0x8f2e47,99.7033%,1,336,337,0,0,1,336
0xa2a9df,99.115%,1,112,113,0,0,1,112
0xa2aab5,99.115%,1,112,113,0,0,1,112
0x5b05e0,50%,1,1,2,1,1,0,0
0x9cfc0b,99.1304%,1,114,115,3,1,0,111
0x95ad9f,95.6522%,1,22,23,0,0,1,22
0x44172e,90.9091%,1,10,11,0,0,1,10
0x96ec1b,0%,1,0,1,0,0,1,0
0xae6fee,50%,1,1,2,0,0,1,1
0x44178e,90.9091%,1,10,11,0,0,1,10
0x9f0b71,98.9474%,1,94,95,94,1,0,0
0x441817,90.9091%,1,10,11,0,0,1,10
0x44182e,90.9091%,1,10,11,0,0,1,10
0x97b84c,88.8889%,1,8,9,8,1,0,0
0x9f0c0b,98.9474%,1,94,95,0,0,1,94
0x5040bd,98.3871%,1,61,62,0,0,1,61
0x5914e5,94.7368%,1,18,19,18,1,0,0
0x64f2fc,75%,1,3,4,0,0,1,3
0x48c5ea,0%,1,0,1,0,1,0,0
0x5d8007,99.9194%,1,1240,1241,0,0,1,1240
0x592c77,94.7368%,1,18,19,0,0,1,18
0x95adfa,93.3333%,1,14,15,0,0,1,14
0x95ae4f,95.6522%,1,22,23,0,0,1,22
0x7d27f9,75%,1,3,4,3,1,0,0
0x5ec317,96.7742%,1,30,31,0,0,1,30
0x95ae90,95.6522%,1,22,23,22,1,0,0
0x95aec8,95.6522%,1,22,23,0,0,1,22
0xa35efd,99.8285%,1,582,583,0,0,1,582
0x80f47a,99.4318%,1,175,176,0,0,1,175
0x50342b,50%,1,1,2,0,0,1,1
0x5373c2,99.2188%,1,127,128,0,0,1,127
0x502195,98.5075%,1,66,67,0,0,1,66
0xa48dba,99.4382%,1,177,178,177,1,0,0
0x5f8dbb,0%,1,0,1,0,0,1,0
0x81063e,99.3902%,1,163,164,0,0,1,163
0x4050ce,90.9091%,1,10,11,0,0,1,10
0x404e98,97.3684%,1,37,38,1,1,0,36
0xa55b55,50%,1,1,2,0,0,1,1
0xa96a6a,95.2381%,1,20,21,0,0,1,20
0x80e856,95.8333%,1,23,24,0,0,1,23
0x502425,99.7059%,1,339,340,0,0,1,339
0x60e5d0,0%,1,0,1,0,0,1,0
0x50a97c,97.2222%,1,35,36,0,0,1,35
0xa96f4e,93.3333%,1,14,15,0,0,1,14
0x8d2611,98.2143%,1,55,56,0,0,1,55
0x80f322,75%,1,3,4,3,1,0,0
0xa992c9,66.6667%,1,2,3,0,0,1,2
0x8d25f8,98.2143%,1,55,56,0,0,1,55
0xa993e7,66.6667%,1,2,3,0,0,1,2
0x6000e4,96.2963%,1,26,27,26,1,0,0
0x58c567,91.6667%,1,11,12,11,1,0,0
0xa993f1,66.6667%,1,2,3,0,0,1,2
0x810205,99.8747%,1,797,798,0,0,1,797
0x606d17,87.5%,1,7,8,7,1,0,0
0xa938c9,99.4083%,1,168,169,0,0,1,168
0x50d2a8,99.978%,1,4540,4541,0,0,1,4540
0x917b97,99.5%,1,199,200,199,1,0,0
0x80f0a8,99.8731%,1,787,788,0,0,1,787
0xa938d6,99.4083%,1,168,169,0,0,1,168
0x8bcc85,93.3333%,1,14,15,14,1,0,0
0xaa4a69,66.6667%,1,2,3,0,0,1,2
0x80e97b,99.8807%,1,837,838,837,1,0,0
0x98c944,99.0826%,1,108,109,0,0,1,108
0x501393,99.7555%,1,408,409,0,0,1,408
0x95a783,75%,1,3,4,3,1,0,0
0x810722,99.8652%,1,741,742,0,0,1,741
0x8107b1,99.8652%,1,741,742,0,0,1,741
0x9d3140,98.2759%,1,57,58,0,0,1,57
0x80ebdf,99.7283%,1,367,368,0,0,1,367
0x9e02ea,95.8333%,1,23,24,23,1,0,0
0xa025ce,99.933%,1,1491,1492,0,0,1,1491
0xb0b1d6,99.7537%,1,405,406,405,1,0,0
0x97a01b,98.0392%,1,50,51,0,0,1,50
0x7d3dab,66.6667%,1,2,3,0,0,1,2
0x94ed85,96.6667%,1,29,30,0,0,1,29
0x8ec102,99.9191%,1,1235,1236,1235,1,0,0
0x9f836a,50%,1,1,2,0,0,1,1
0x80d84f,75%,1,3,4,0,0,1,3
0xa93760,96.5517%,1,28,29,0,0,1,28
0x5a8705,50%,1,1,2,1,1,0,0
0x48e197,96%,1,24,25,24,1,0,0
0x4a653a,66.6667%,1,2,3,0,0,1,2
0xa9c98d,97.2222%,1,35,36,1,1,0,34
0x48e17d,96%,1,24,25,0,0,1,24
0x441957,90.9091%,1,10,11,0,0,1,10
0x814b5f,97.561%,1,40,41,0,0,1,40
0x905cd3,99.2188%,1,127,128,127,1,0,0
0x80dd8a,99.1228%,1,113,114,113,1,0,0
0x5d2044,66.6667%,1,2,3,2,1,0,0
0x8dc448,75%,1,3,4,0,0,1,3
0x9a45ab,99.8131%,1,534,535,0,0,1,534
0x80d912,99.0566%,1,105,106,0,0,1,105
0xa06184,98.7952%,1,82,83,20,1,0,62
0x9ab27e,99.8601%,1,714,715,0,0,1,714
0x9d384b,75%,1,3,4,0,0,1,3
0x48deb7,98.6667%,1,74,75,0,0,1,74
0xa92891,83.3333%,1,5,6,0,0,1,5
0xa9290f,83.3333%,1,5,6,0,0,1,5
0x95ad83,95.6522%,1,22,23,0,0,1,22
0x5efa94,66.6667%,1,2,3,2,1,0,0
0x84355c,66.6667%,1,2,3,0,0,1,2
0xa9941b,66.6667%,1,2,3,0,0,1,2
0x649413,50%,1,1,2,0,0,1,1
0x80f45f,87.5%,1,7,8,4,0,1,3
0xa99478,66.6667%,1,2,3,0,0,1,2
0x8d242a,99.1935%,1,123,124,0,0,1,123
0x7809f6,87.5%,1,7,8,0,0,1,7
0x4ad2d3,95%,1,19,20,0,0,1,19
0x78d14a,50%,1,1,2,0,0,1,1
0x819e2e,93.75%,1,15,16,15,1,0,0
0x8d24ff,98.7805%,1,81,82,81,1,0,0
0x78d209,50%,1,1,2,0,0,1,1
0x50650d,99.3902%,1,163,164,163,1,0,0
0xa9988b,80%,1,4,5,4,1,0,0
0x80f675,96.6667%,1,29,30,0,0,1,29
0x9bd527,75%,1,3,4,0,0,1,3
0xa9a208,93.3333%,1,14,15,14,1,0,0
0xa99a9f,93.3333%,1,14,15,0,0,1,14
0xa99b7b,93.3333%,1,14,15,0,0,1,14
0x540732,50%,1,1,2,0,0,1,1
0x5468d8,50%,1,1,2,1,1,0,0
0x533f8d,50%,1,1,2,1,1,0,0
0x58d624,66.6667%,1,2,3,0,0,1,2
0xa95d42,99.8258%,1,573,574,0,0,1,573
0xa92b97,99.6815%,1,313,314,0,0,1,313
0x9d081f,0%,1,0,1,0,1,0,0
0x8045f5,94.1176%,1,16,17,0,0,1,16
0x804618,85.7143%,1,6,7,0,0,1,6
0x80b44d,99.5708%,1,232,233,232,1,0,0
0x804798,50%,1,1,2,0,0,1,1
0x65b0a2,92.3077%,1,12,13,12,1,0,0
0x502908,98.9691%,1,96,97,0,0,1,96
0x502828,98.9691%,1,96,97,96,1,0,0
0x8e9317,85.7143%,1,6,7,4,0,1,2
0x8047ae,50%,1,1,2,0,0,1,1
0x80689b,94.1176%,1,16,17,0,0,1,16
0x48c332,85.7143%,1,6,7,6,1,0,0
0x95b86c,75%,1,3,4,3,1,0,0
0x9fd1f0,85.7143%,1,6,7,0,0,1,6
0x8bb0e3,66.6667%,1,2,3,2,1,0,0
0x8bb27a,66.6667%,1,2,3,1,1,0,1
0x8bc063,50%,1,1,2,0,0,1,1
0xa909b3,99.3289%,1,148,149,0,0,1,148
0x5071b3,99.2647%,1,135,136,135,1,0,0
0x4ae587,0%,1,0,1,0,0,1,0
0xa910f0,99.2537%,1,133,134,133,1,0,0
0x944aee,99.5495%,1,221,222,221,1,0,0
0x8ad60d,50%,1,1,2,0,1,0,1
0x805dae,75%,1,3,4,3,1,0,0
0x5be82f,97.6744%,1,42,43,42,1,0,0
0x50e54b,97.619%,1,41,42,0,0,1,41
0x50af25,83.3333%,1,5,6,5,1,0,0
0x4928c7,50%,1,1,2,0,1,0,1
0x8040d6,98.3333%,1,59,60,0,0,1,59
0x8040e2,98.3333%,1,59,60,0,0,1,59
0xa0755f,80%,1,4,5,3,1,0,1
0x8040ee,98.3333%,1,59,60,0,0,1,59
0x80412a,98.3333%,1,59,60,0,0,1,59
0x8041e8,95.4545%,1,21,22,18,0,1,3
0x59058c,50%,1,1,2,0,0,1,1
0x8ad608,50%,1,1,2,0,0,1,1
0xa073e6,50%,1,1,2,0,0,1,1
0x8063b8,98.1481%,1,53,54,0,1,0,53
0x80441c,83.3333%,1,5,6,0,0,1,5
0xa5b01f,66.6667%,1,2,3,0,0,1,2
0x5d20be,66.6667%,1,2,3,0,0,1,2
0x803fae,94.1176%,1,16,17,0,0,1,16
0x804200,75%,1,3,4,0,0,1,3
0x804219,75%,1,3,4,3,1,0,0
0x5c8cdd,83.3333%,1,5,6,5,1,0,0
0x8045b2,87.5%,1,7,8,0,1,0,7
0x9e6f58,66.6667%,1,2,3,0,0,1,2
0x9a11c5,98.7654%,1,80,81,0,0,1,80
0x809a83,66.6667%,1,2,3,2,0,1,0
0xa95fac,87.5%,1,7,8,0,0,1,7
0x80bc40,99.7462%,1,393,394,393,1,0,0
0x49eed9,98.2143%,1,55,56,0,0,1,55
0x9799a9,97.7273%,1,43,44,0,0,1,43
0xa7223f,85.7143%,1,6,7,0,0,1,6
0xa97ac9,80%,1,4,5,0,0,1,4
0x8fd807,83.3333%,1,5,6,0,0,1,5
0x838142,80%,1,4,5,4,1,0,0
0xa998e0,50%,1,1,2,0,1,0,1
0x809a24,50%,1,1,2,1,0,1,0
0x9ed5f3,83.3333%,1,5,6,0,0,1,5
0x4418ee,90.9091%,1,10,11,0,0,1,10
0x5078e8,99.8353%,1,606,607,606,1,0,0
0x8d2885,94.1176%,1,16,17,0,0,1,16
0x8dec67,83.3333%,1,5,6,0,0,1,5
0x507897,99.8258%,1,573,574,0,0,1,573
0xa722a5,75%,1,3,4,3,1,0,0
0x494dfb,0%,1,0,1,0,1,0,0
0x80d6a0,50%,1,1,2,0,0,1,1
0x80d73f,75%,1,3,4,0,0,1,3
0x8e4dcc,99.67%,1,302,303,302,1,0,0
0x501b5f,99.8715%,1,777,778,0,0,1,777
0x80480a,50%,1,1,2,1,1,0,0
0x5b6e99,87.5%,1,7,8,7,1,0,0
0x951d23,99.843%,1,636,637,0,0,1,636
0x8eca9c,90.9091%,1,10,11,0,0,1,10
0x675740,0%,1,0,1,0,1,0,0
0x5f94f1,66.6667%,1,2,3,0,0,1,2
0xa02aa3,96.2963%,1,26,27,0,0,1,26
0xa99437,66.6667%,1,2,3,2,1,0,0
0x9e2b00,98.6486%,1,73,74,73,1,0,0
0xa92ec2,98.8636%,1,87,88,0,0,1,87
0x501bb3,99.871%,1,774,775,0,0,1,774
0x4aaf2b,0%,1,0,1,0,0,1,0
0x9e0943,87.5%,1,7,8,7,1,0,0
0xa9cdf3,99.5215%,1,208,209,0,0,1,208
0xa0bac5,0%,1,0,1,0,0,1,0
0xa21d97,50%,1,1,2,0,0,1,1
0x509d9c,99.7963%,1,490,491,0,0,1,490
0x4a1ce2,99.2424%,1,131,132,0,0,1,131
0x80972f,80%,1,4,5,0,0,1,4
0x8097a2,90%,1,9,10,9,1,0,0
0x59161b,66.6667%,1,2,3,2,1,0,0
0xa97dea,97.2973%,1,36,37,0,0,1,36
0xa9e9e9,99.5575%,1,225,226,0,0,1,225
0xa35cce,99.9177%,1,1214,1215,0,0,1,1214
0xa05316,75%,1,3,4,0,0,1,3
0xa9f2e9,66.6667%,1,2,3,2,1,0,0
0xa9f34b,66.6667%,1,2,3,0,0,1,2
0xaa4a33,66.6667%,1,2,3,2,1,0,0
0x495ac3,0%,1,0,1,0,0,1,0
0x9a7bb4,99.6528%,1,287,288,0,0,1,287
0xa9ff98,66.6667%,1,2,3,2,1,0,0
0x481d5b,50%,1,1,2,1,1,0,0
0x80a057,75%,1,3,4,0,0,1,3
0xa2610c,0%,1,0,1,0,1,0,0
0x956369,0%,1,0,1,0,0,1,0
0x4bd60f,85.7143%,1,6,7,5,1,0,1
0xaa00c3,66.6667%,1,2,3,2,1,0,0
0x5efcfe,0%,1,0,1,0,1,0,0
0x5efb73,0%,1,0,1,0,1,0,0
0x49cf73,0%,1,0,1,0,1,0,0
0xaa00f2,66.6667%,1,2,3,2,1,0,0
0xa2612e,0%,1,0,1,0,1,0,0
0x482d44,94.1176%,1,16,17,16,1,0,0
0xa3d0da,87.5%,1,7,8,0,0,1,7
0x8f0a1c,75%,1,3,4,3,1,0,0
0x9a6aac,75%,1,3,4,3,1,0,0
0x9bdeb4,50%,1,1,2,0,0,1,1
0x59074b,66.6667%,1,2,3,2,1,0,0
0x5f2641,83.3333%,1,5,6,0,0,1,5
0x5f4ed6,0%,1,0,1,0,1,0,0
0x9a9f84,92.3077%,1,12,13,0,0,1,12
0xa9ecdc,99.5575%,1,225,226,0,0,1,225
0x5f4eb8,0%,1,0,1,0,1,0,0
0x5f4e72,0%,1,0,1,0,1,0,0
0x5f4dcc,50%,1,1,2,0,0,1,1
0xa335c4,99.9627%,1,2679,2680,0,0,1,2679
0x9a310f,0%,1,0,1,0,1,0,0
0xa8e58c,75%,1,3,4,0,0,1,3
0xa9d72f,95%,1,19,20,0,0,1,19
0x9a3311,0%,1,0,1,0,0,1,0
0x50bb93,99.7955%,1,488,489,0,0,1,488
0x99abdf,0%,1,0,1,0,1,0,0
0x404b81,88.8889%,1,8,9,1,1,0,7
0x9ea831,96.875%,1,31,32,0,0,1,31
0x9564a7,0%,1,0,1,0,1,0,0
0x4b399e,75%,1,3,4,3,1,0,0
0x816f41,80%,1,4,5,4,1,0,0
0xaa0613,98%,1,49,50,0,0,1,49
0xa54f5c,96%,1,24,25,0,1,0,24
0x5ef72c,0%,1,0,1,0,1,0,0
0x4997b7,96.1538%,1,25,26,25,1,0,0
0x73d8f9,66.6667%,1,2,3,2,1,0,0
0xa9d082,50%,1,1,2,1,1,0,0
0x7df9ee,50%,1,1,2,1,1,0,0
0x99ebfe,50%,1,1,2,1,1,0,0
0x978676,90%,1,9,10,9,1,0,0
0x593118,83.3333%,1,5,6,5,1,0,0
0x97861c,90%,1,9,10,0,0,1,9
0x88e0b0,83.3333%,1,5,6,5,1,0,0
0x49ce60,80%,1,4,5,0,0,1,4
0x970d80,50%,1,1,2,1,1,0,0
0x4ac8f3,66.6667%,1,2,3,2,1,0,0
0x9f6510,99.4413%,1,178,179,0,0,1,178
0x5dda22,0%,1,0,1,0,0,1,0
0x4acb66,0%,1,0,1,0,1,0,0
0x48f8ae,83.3333%,1,5,6,0,0,1,5
0x977c55,99.3007%,1,142,143,0,0,1,142
0x9e5ee3,94.4444%,1,17,18,17,1,0,0
0xa583c0,99.187%,1,122,123,0,0,1,122
0x9e5f0b,94.4444%,1,17,18,17,1,0,0
0xa91790,96.875%,1,31,32,31,1,0,0
0xa4793f,88.8889%,1,8,9,0,0,1,8
0x6d45bb,99.3103%,1,144,145,0,0,1,144
0x88df84,83.3333%,1,5,6,5,1,0,0
0xaa33d1,93.75%,1,15,16,0,0,1,15
0xa923f3,98.1481%,1,53,54,53,1,0,0
0x482328,88.8889%,1,8,9,8,1,0,0
0xa9ef22,75%,1,3,4,2,0,1,1
0x9a1a40,0%,1,0,1,0,0,1,0
0x8d231b,80%,1,4,5,4,1,0,0
0xa9f0a3,50%,1,1,2,1,1,0,0
0x5cf4b8,96.9697%,1,32,33,0,0,1,32
0x9a1a57,0%,1,0,1,0,1,0,0
0x5df36e,96.9697%,1,32,33,0,0,1,32
0x606ead,90%,1,9,10,7,0,1,2
0x4b394c,75%,1,3,4,3,1,0,0
0x5f3def,75%,1,3,4,0,0,1,3
0x5efb8c,91.6667%,1,11,12,0,0,1,11
0x9e052e,98.2759%,1,57,58,0,0,1,57
0x5efb62,92.3077%,1,12,13,12,0,1,0
0x9a1a78,0%,1,0,1,0,1,0,0
0x481c1e,88.8889%,1,8,9,0,0,1,8
0x99da26,0%,1,0,1,0,1,0,0
0x9d0b15,98.0392%,1,50,51,0,0,1,50
0x48061c,88.8889%,1,8,9,8,1,0,0
0xa9d3bf,87.5%,1,7,8,7,1,0,0
0x647a2a,91.6667%,1,11,12,11,1,0,0
0x8debaf,83.3333%,1,5,6,5,1,0,0
0x9c3eea,96.875%,1,31,32,0,0,1,31
0x810a05,87.5%,1,7,8,7,1,0,0
0x7aee2b,83.3333%,1,5,6,0,0,1,5
0x9a96af,95%,1,19,20,0,1,0,19
0x5f10f9,99.6732%,1,305,306,0,0,1,305
0x9a944a,95%,1,19,20,18,0,1,1
0x809a87,50%,1,1,2,0,1,0,1
0x5f0f75,97.0588%,1,33,34,0,0,1,33
0x8debe5,83.3333%,1,5,6,5,1,0,0
0x8dec29,83.3333%,1,5,6,5,1,0,0
0x4b5190,85.7143%,1,6,7,6,0,1,0
0xa99f67,90%,1,9,10,0,0,1,9
0x8e0050,91.6667%,1,11,12,11,1,0,0
0x8dec0a,83.3333%,1,5,6,5,1,0,0
0x9a91fb,92.8571%,1,13,14,13,0,1,0
0xa960dd,96.1538%,1,25,26,25,1,0,0
0x809d46,50%,1,1,2,0,0,1,1
0xa34f52,99.3243%,1,147,148,147,1,0,0
0x5f0883,99.6622%,1,295,296,0,0,1,295
0x5f087a,99.6622%,1,295,296,0,0,1,295
0x5f0863,99.6622%,1,295,296,0,0,1,295
0x58f9ce,50%,1,1,2,0,0,1,1
0x95b0ee,75%,1,3,4,3,1,0,0
0x482c30,94.7368%,1,18,19,0,0,1,18
0xa92a31,83.3333%,1,5,6,0,0,1,5
0xa9c5ed,97.619%,1,41,42,0,0,1,41
0x4c660a,50%,1,1,2,1,1,0,0
0x5db285,75%,1,3,4,3,1,0,0
0x5db515,75%,1,3,4,3,1,0,0
0x540f7e,80%,1,4,5,0,0,1,4
0x5dfe34,75%,1,3,4,3,1,0,0
0xa53a9a,50%,1,1,2,0,0,1,1
0x7dff7a,87.5%,1,7,8,0,0,1,7
0xa2eab6,75%,1,3,4,3,1,0,0
0x7dff70,87.5%,1,7,8,0,0,1,7
0xa99c5c,75%,1,3,4,0,0,1,3
0x7dff3e,87.5%,1,7,8,0,0,1,7
0x5d2ed6,94.4444%,1,17,18,17,1,0,0
0x7e055d,88.8889%,1,8,9,0,0,1,8
0x7e0496,90.9091%,1,10,11,10,1,0,0
0x7e0476,91.6667%,1,11,12,0,1,0,11
0xa97d97,75%,1,3,4,0,0,1,3
0x65b095,92.3077%,1,12,13,0,0,1,12
0x810949,95.8333%,1,23,24,8,0,1,15
0xa4794c,88.8889%,1,8,9,0,0,1,8
0x810968,91.6667%,1,11,12,3,1,0,8
0x5a8726,50%,1,1,2,1,1,0,0
0x9c4e92,75%,1,3,4,0,1,0,3
0xa925c0,90%,1,9,10,9,1,0,0
0xa9cd85,75%,1,3,4,0,0,1,3
0x4947c2,50%,1,1,2,1,1,0,0
0x4946bd,75%,1,3,4,0,0,1,3
0x9a61a4,91.6667%,1,11,12,0,0,1,11
0xa998ea,0%,1,0,1,0,0,1,0
0xa99ca6,75%,1,3,4,0,0,1,3
0xa99970,0%,1,0,1,0,0,1,0
0x538cfd,90.9091%,1,10,11,0,0,1,10
0x69242e,90%,1,9,10,0,0,1,9
0x59371c,50%,1,1,2,1,1,0,0
0x807b05,99.3056%,1,143,144,143,1,0,0
0x49beab,50%,1,1,2,0,0,1,1
0x49bec7,50%,1,1,2,1,1,0,0
0x9edc0d,99.2063%,1,125,126,125,1,0,0
0x5f50fd,50%,1,1,2,1,1,0,0
0x666d8b,66.6667%,1,2,3,2,1,0,0
0x666d95,66.6667%,1,2,3,2,1,0,0
0x590710,66.6667%,1,2,3,0,0,1,2
0x5f4c98,0%,1,0,1,0,0,1,0
0x64c26d,99.1525%,1,117,118,0,0,1,117
0x78949f,87.5%,1,7,8,0,0,1,7
0x8ab630,50%,1,1,2,1,1,0,0
0xa9b65c,83.3333%,1,5,6,5,1,0,0
0x494adf,50%,1,1,2,1,1,0,0
0x8e21af,75%,1,3,4,0,0,1,3
0x9a803c,96.7742%,1,30,31,0,0,1,30
0x8f4474,0%,1,0,1,0,1,0,0
0x8dfa4c,0%,1,0,1,0,1,0,0
0x8ec309,0%,1,0,1,0,0,1,0
0x66750e,50%,1,1,2,0,0,1,1
0x806018,99.5495%,1,221,222,0,0,1,221
0x95a179,75%,1,3,4,3,1,0,0
0x48c65f,50%,1,1,2,1,1,0,0
0x4a5a4b,93.75%,1,15,16,15,1,0,0
0x4094e6,50%,1,1,2,0,0,1,1
0x950152,99.9528%,1,2117,2118,2117,1,0,0
0x4b9cd9,95.2381%,1,20,21,20,1,0,0
0x65b1a6,92.3077%,1,12,13,12,1,0,0
0xb30b89,99.7006%,1,333,334,0,0,1,333
0x48bcb7,0%,1,0,1,0,0,1,0
0xa9c91e,90%,1,9,10,0,0,1,9
0xa60ce8,99.5781%,1,236,237,0,0,1,236
0x592db3,50%,1,1,2,0,0,1,1
0x5eb9b5,50%,1,1,2,0,0,1,1
0x54053a,50%,1,1,2,0,0,1,1
0x789f0c,87.5%,1,7,8,0,0,1,7
0xa18a81,97.6744%,1,42,43,42,1,0,0
0x504db8,97.3684%,1,37,38,37,1,0,0
0x48f73f,50%,1,1,2,0,0,1,1
0xa8fbcf,99.5536%,1,223,224,0,0,1,223
0xa160c9,87.5%,1,7,8,0,0,1,7
0x8e8c61,50%,1,1,2,0,0,1,1
0x807f6e,98.5507%,1,68,69,0,0,1,68
0x48bc2b,0%,1,0,1,0,0,1,0
0xa021c5,96.2963%,1,26,27,0,0,1,26
0xa6b495,75%,1,3,4,3,1,0,0
0x61a2d6,80%,1,4,5,4,1,0,0
0x83be07,0%,1,0,1,0,0,1,0
0x40bcb0,98.9899%,1,98,99,98,1,0,0
0x8f6389,91.6667%,1,11,12,0,0,1,11
0xa1bb36,91.6667%,1,11,12,0,0,1,11
0xa2f3d6,50%,1,1,2,0,0,1,1
0xb347a6,75%,1,3,4,3,1,0,0
0x65a11e,99.9316%,1,1462,1463,0,0,1,1462
0xa97aee,87.5%,1,7,8,6,0,1,1
0x4ac9e7,66.6667%,1,2,3,1,0,1,1
0x7d1e85,98.0392%,1,50,51,0,0,1,50
0xa31313,98.0769%,1,51,52,51,1,0,0
0x9052c0,99.2701%,1,136,137,0,0,1,136
0x5fb4f8,50%,1,1,2,1,1,0,0
0x4b58df,99.6296%,1,269,270,0,0,1,269
0x5fa448,98.6667%,1,74,75,0,0,1,74
0x8c834e,91.6667%,1,11,12,11,1,0,0
0x40a0e1,93.75%,1,15,16,0,0,1,15
0x48c5cf,99.3056%,1,143,144,143,0,1,0
0x8fdd09,97.9167%,1,47,48,0,0,1,47
0xa30576,99.4118%,1,169,170,0,0,1,169
0x67a0a3,83.3333%,1,5,6,5,1,0,0
0x7e11be,0%,1,0,1,0,0,1,0
0x8ee7b3,99.4118%,1,169,170,0,0,1,169
0x8886db,95.4545%,1,21,22,0,0,1,21
0x63f33c,50%,1,1,2,0,0,1,1
0x97ba22,98.7952%,1,82,83,82,1,0,0
0x4a0329,96.4286%,1,27,28,27,1,0,0
0x976d3e,97.0588%,1,33,34,33,1,0,0
0x81fbb8,99.6904%,1,322,323,0,0,1,322
0x40a138,92.3077%,1,12,13,1,1,0,11
0x9fdb1b,96%,1,24,25,24,1,0,0
0x7d4160,91.6667%,1,11,12,0,0,1,11
0xa9ff84,66.6667%,1,2,3,0,0,1,2
0x4ca4a1,90.9091%,1,10,11,0,1,0,10
0x54ff5c,99.7797%,1,453,454,0,0,1,453
0x8a629e,99.2647%,1,135,136,0,0,1,135
0x8f6173,99.4152%,1,170,171,0,0,1,170
0x8e0e9b,99.6885%,1,320,321,0,0,1,320
0x8125f5,99.8358%,1,608,609,0,0,1,608
0x8f5794,99.4764%,1,190,191,0,0,1,190
0x8e920d,99.9292%,1,1411,1412,0,0,1,1411
0x808f22,94.1176%,1,16,17,0,0,1,16
0x6673de,97.5%,1,39,40,0,0,1,39
0x8f3dfb,99.7409%,1,385,386,0,0,1,385
0x8e48d5,99.6154%,1,259,260,259,1,0,0
0x8f0d89,97.5%,1,39,40,0,0,1,39
0x5542c3,50%,1,1,2,0,0,1,1
0xa99f45,90%,1,9,10,0,0,1,9
0x8e3d70,99.3711%,1,158,159,0,0,1,158
0x4099ec,94.7368%,1,18,19,0,1,0,18
0x8ef054,98.8095%,1,83,84,0,0,1,83
0x555d09,99.9075%,1,1080,1081,0,0,1,1080
0x972c90,96.4286%,1,27,28,0,0,1,27
0x5bdaca,66.6667%,1,2,3,2,1,0,0
0x4b793f,96.4286%,1,27,28,0,1,0,27
0x7d2b6c,92.3077%,1,12,13,0,0,1,12
0x9e73ab,99.75%,1,399,400,0,0,1,399
0x94c620,50%,1,1,2,0,0,1,1
0x80b925,50%,1,1,2,0,0,1,1
0x902830,66.6667%,1,2,3,0,0,1,2
0x7d21d4,75%,1,3,4,3,1,0,0
0x60c528,90%,1,9,10,9,1,0,0
0x4096f6,98.4615%,1,64,65,1,1,0,63
0x918d44,99.5%,1,199,200,199,1,0,0
0x7d444e,50%,1,1,2,0,0,1,1
0x4a702b,98.3333%,1,59,60,0,0,1,59
0x649424,50%,1,1,2,1,1,0,0
0x9d1b74,95.8333%,1,23,24,0,0,1,23
0x80f57b,99.8195%,1,553,554,0,0,1,553
0x5c466e,98.7013%,1,76,77,0,0,1,76
0x7aca7e,96.875%,1,31,32,0,0,1,31
0x67f679,99.0566%,1,105,106,105,1,0,0
0x7f0ad1,0%,1,0,1,0,1,0,0
0x969287,99.4286%,1,174,175,0,0,1,174
0x5faf14,91.6667%,1,11,12,5,1,0,6
0x4bb7a9,87.5%,1,7,8,0,0,1,7
0x9f642b,66.6667%,1,2,3,0,0,1,2
0x8ee3c3,97.7778%,1,44,45,44,1,0,0
0x8f58bd,99.9742%,1,3873,3874,3873,1,0,0
0x40999e,99.4286%,1,174,175,174,1,0,0
0x7d4224,0%,1,0,1,0,0,1,0
0x8bd248,99.9847%,1,6551,6552,0,0,1,6551
0x9e827d,75%,1,3,4,3,1,0,0
0x40df0f,66.6667%,1,2,3,2,0,1,0
0x8f3ffa,98.3607%,1,60,61,60,1,0,0
0x5db4e0,75%,1,3,4,3,1,0,0
0xa08754,75%,1,3,4,0,0,1,3
0x817163,50%,1,1,2,1,1,0,0
0x81c75e,98.5714%,1,69,70,0,0,1,69
0x8dfa39,83.3333%,1,5,6,5,0,1,0
0xa1595e,90%,1,9,10,0,0,1,9
0x677d64,99.812%,1,531,532,531,1,0,0
0x8ee646,97.619%,1,41,42,0,0,1,41
0x51053f,99.9199%,1,1247,1248,0,0,1,1247
0x9bb45b,94.4444%,1,17,18,0,0,1,17
0x81f886,98.9362%,1,93,94,0,0,1,93
0x5f4c8a,50%,1,1,2,0,1,0,1
0x9cfe96,92.3077%,1,12,13,12,1,0,0
0x590c9d,95.4545%,1,21,22,1,1,0,20
0x4b3a1e,75%,1,3,4,3,1,0,0
0x5e1acb,50%,1,1,2,0,0,1,1
0xa50f70,97.3684%,1,37,38,0,0,1,37
0x8e72f3,99.6979%,1,330,331,0,0,1,330
0x5de5b5,99.9194%,1,1240,1241,1240,1,0,0
0x67f3ab,50%,1,1,2,0,0,1,1
0x746548,80%,1,4,5,4,1,0,0
0x590008,98.9899%,1,98,99,0,0,1,98
0x40abdb,80%,1,4,5,4,1,0,0
0x80c284,97.0588%,1,33,34,33,1,0,0
0x8bd769,95%,1,19,20,18,0,1,1
0x4ac59f,87.5%,1,7,8,0,0,1,7
0x9a0beb,96.4286%,1,27,28,0,0,1,27
0xa33817,75%,1,3,4,0,0,1,3
0x88ea88,97.4359%,1,38,39,0,0,1,38
0x40aa5a,96.1538%,1,25,26,0,0,1,25
0x8f5d4c,99.9017%,1,1016,1017,0,0,1,1016
0x494d9c,99.3671%,1,157,158,0,0,1,157
0xa37b0b,90%,1,9,10,9,1,0,0
0x6752fd,66.6667%,1,2,3,0,1,0,2
0x8e463b,99.7319%,1,372,373,0,0,1,372
0x972f00,83.3333%,1,5,6,0,0,1,5
0x4ac576,87.5%,1,7,8,0,0,1,7
0x99f677,99.0196%,1,101,102,0,0,1,101
0xa96564,75%,1,3,4,0,0,1,3
0x8dcba2,99.9387%,1,1630,1631,1630,1,0,0
0x69dd30,91.6667%,1,11,12,0,0,1,11
0xa338fd,80%,1,4,5,4,1,0,0
0xa4b717,99.5781%,1,236,237,0,0,1,236
0x8ddb7c,99.1071%,1,111,112,111,1,0,0
0x5bbf84,50%,1,1,2,1,1,0,0
0x4913bd,99.3789%,1,160,161,0,0,1,160
0x4b8330,88.8889%,1,8,9,0,0,1,8
0x4a9b24,50%,1,1,2,0,0,1,1
0x9f19d3,99.7389%,1,382,383,0,0,1,382
0x8092c7,0%,1,0,1,0,1,0,0
0x8e96b8,50%,1,1,2,0,0,1,1
0x8dfe89,99.6154%,1,259,260,1,1,0,258
0x8dea48,99.2308%,1,129,130,0,0,1,129
0x975000,83.3333%,1,5,6,0,0,1,5
0x80b0f0,50%,1,1,2,0,0,1,1
0x480124,94.7368%,1,18,19,18,1,0,0
0x9714e8,85.7143%,1,6,7,2,0,1,4
0x81ba9d,99.5098%,1,203,204,203,1,0,0
0x5f32e9,50%,1,1,2,1,1,0,0
0x8f45a2,98.2456%,1,56,57,56,1,0,0
0x5ff4d1,75%,1,3,4,0,0,1,3
0x49bd38,83.3333%,1,5,6,3,1,0,2
0x4bf6fc,96.5517%,1,28,29,0,0,1,28
0xa352ea,66.6667%,1,2,3,2,1,0,0
0x8fee9b,99.8425%,1,634,635,0,0,1,634
0x9fcf09,96%,1,24,25,0,0,1,24
0xa237e9,50%,1,1,2,1,1,0,0
0x51b683,92.3077%,1,12,13,4,1,0,8
0x65af9e,92.3077%,1,12,13,12,1,0,0
0x535625,98.3607%,1,60,61,0,0,1,60
0x8ebcce,50%,1,1,2,1,1,0,0
0x40ad45,85.7143%,1,6,7,3,0,1,3
0x40a642,96.1538%,1,25,26,0,0,1,25
0x9e71db,50%,1,1,2,1,1,0,0
0x81fb4a,99.6904%,1,322,323,0,0,1,322
0x80e4e1,80%,1,4,5,4,1,0,0
0x5bb70c,95.6522%,1,22,23,0,0,1,22
0x80a6d9,0%,1,0,1,0,1,0,0
0x8a64a5,99.6063%,1,253,254,0,0,1,253
0x973805,97.3684%,1,37,38,0,0,1,37
0x8f5911,99.9617%,1,2611,2612,0,0,1,2611
0x80f7e9,98.6486%,1,73,74,0,0,1,73
0x4415ae,90.9091%,1,10,11,0,0,1,10
0x9064d5,99.0909%,1,109,110,109,1,0,0
0x50c0dc,95%,1,19,20,0,0,1,19
0x97bb55,99.1228%,1,113,114,0,0,1,113
0x9bdaef,75%,1,3,4,3,0,1,0
0x4c3441,95.6522%,1,22,23,22,1,0,0
0x441617,90.9091%,1,10,11,0,0,1,10
0x60dbe1,99.4949%,1,197,198,0,0,1,197
0x5fedca,99.7403%,1,384,385,0,0,1,384
0x53de43,99.8099%,1,525,526,0,0,1,525
0x44164e,90.9091%,1,10,11,0,0,1,10
0x4a634b,90%,1,9,10,9,1,0,0
0x7180c6,0%,1,0,1,0,1,0,0
0x973455,85.7143%,1,6,7,0,0,1,6
0xa8540b,80%,1,4,5,0,0,1,4
0x81b79d,94.7368%,1,18,19,0,0,1,18
0x9f0258,98.9362%,1,93,94,0,0,1,93
0x4a9b3c,66.6667%,1,2,3,2,1,0,0
0x8da82a,83.3333%,1,5,6,5,1,0,0
0x48c5a4,90%,1,9,10,0,0,1,9
0x9c539c,87.5%,1,7,8,0,0,1,7
0x495121,0%,1,0,1,0,1,0,0
0x4950d2,0%,1,0,1,0,0,1,0
0x901337,50%,1,1,2,1,1,0,0
0x6798b9,83.3333%,1,5,6,0,0,1,5
0x9c4cfa,83.3333%,1,5,6,5,1,0,0
0x6815d0,83.3333%,1,5,6,5,1,0,0
0x58d278,97.1429%,1,34,35,0,0,1,34
0x9e8a02,99.3103%,1,144,145,144,1,0,0
0x67ac2b,83.3333%,1,5,6,0,0,1,5
0x680591,94.7368%,1,18,19,0,0,1,18
0x7b811c,85.7143%,1,6,7,6,1,0,0
0x8f28c7,97.7273%,1,43,44,0,0,1,43
0x48ee24,99.6979%,1,330,331,0,0,1,330
0x680584,94.7368%,1,18,19,0,0,1,18
0x817072,50%,1,1,2,1,1,0,0
0x833856,50%,1,1,2,1,1,0,0
0x810108,99.8677%,1,755,756,0,0,1,755
0x9fcb89,96%,1,24,25,24,1,0,0
0x5f30a6,50%,1,1,2,0,0,1,1
0x65af2e,92.3077%,1,12,13,0,0,1,12
0x67912b,98.3607%,1,60,61,60,1,0,0
0x60c647,75%,1,3,4,3,1,0,0
0x8a6057,50%,1,1,2,0,0,1,1
0x679804,83.3333%,1,5,6,5,1,0,0
0xa510c0,75%,1,3,4,0,0,1,3
0x8d4338,50%,1,1,2,1,1,0,0
0x8df112,95.8333%,1,23,24,23,1,0,0
0x8dae9b,50%,1,1,2,1,1,0,0
0x8fd240,50%,1,1,2,1,1,0,0
0x78ac2a,75%,1,3,4,3,1,0,0
0x67a005,83.3333%,1,5,6,5,1,0,0
0x959664,99.2188%,1,127,128,3,1,0,124
0x492d9e,50%,1,1,2,1,1,0,0
0x8bd3ac,99.9429%,1,1749,1750,0,0,1,1749
0xa03983,98.6842%,1,75,76,75,1,0,0
0x7d3e1b,66.6667%,1,2,3,2,1,0,0
0x820d5f,96.9697%,1,32,33,0,0,1,32
0x9e6f4f,66.6667%,1,2,3,0,0,1,2
0x99e76a,92.3077%,1,12,13,12,1,0,0
0xb1c897,99.9005%,1,1004,1005,1004,1,0,0
0x809fa1,99.6942%,1,326,327,0,0,1,326
0x4b67c7,99.3056%,1,143,144,0,0,1,143
0x8bbd49,50%,1,1,2,1,1,0,0
0x666ec8,66.6667%,1,2,3,0,0,1,2
0x677bd4,96.6667%,1,29,30,0,0,1,29
0x4c60ce,93.75%,1,15,16,15,1,0,0
0x81460f,94.4444%,1,17,18,17,1,0,0
0x63cbb1,99.8959%,1,960,961,960,1,0,0
0x8126db,98.0769%,1,51,52,51,1,0,0
0x7d279d,99.0991%,1,110,111,0,0,1,110
0xa0f3d2,83.3333%,1,5,6,5,1,0,0
0x4ab4ec,83.3333%,1,5,6,0,0,1,5
0x9e0985,97.1429%,1,34,35,34,1,0,0
0x5bd729,99.3103%,1,144,145,144,1,0,0
0x610d08,99.5902%,1,243,244,0,0,1,243
0xa9ff3a,66.6667%,1,2,3,0,0,1,2
0x50d0d3,98.7805%,1,81,82,0,0,1,81
0x9c4fc0,75%,1,3,4,0,0,1,3
0xa47865,75%,1,3,4,3,0,1,0
0x83373a,50%,1,1,2,0,0,1,1
0x492f2e,98.6111%,1,71,72,0,0,1,71
0x983a5c,98.6667%,1,74,75,0,0,1,74
0x50520b,99.8649%,1,739,740,0,0,1,739
0x5f0d54,99.6466%,1,282,283,0,0,1,282
0x506ae0,50%,1,1,2,1,1,0,0
0x8ee98b,66.6667%,1,2,3,0,0,1,2
0x9f25e7,97.4359%,1,38,39,38,1,0,0
0x8be63a,94.4444%,1,17,18,0,0,1,17
0x9988e0,66.6667%,1,2,3,0,1,0,2
0x7d2a12,75%,1,3,4,3,1,0,0
0x96c0d5,95.2381%,1,20,21,0,0,1,20
0x8ff08a,98.8636%,1,87,88,0,0,1,87
0x7d27ed,75%,1,3,4,0,0,1,3
0x8aacdd,95.4545%,1,21,22,0,0,1,21
0xa0299d,95.8333%,1,23,24,0,0,1,23
0x803e85,94.1176%,1,16,17,0,0,1,16
0x555e4a,98.3333%,1,59,60,59,1,0,0
0x77ae76,0%,1,0,1,0,1,0,0
0x8045da,94.1176%,1,16,17,0,0,1,16
0x8bcbe7,96.1538%,1,25,26,0,0,1,25
0x59375b,99.8425%,1,634,635,634,1,0,0
0x502d92,87.5%,1,7,8,7,1,0,0
0x8bb21a,98.7179%,1,77,78,77,1,0,0
0x8ff71e,85.7143%,1,6,7,0,0,1,6
0x95a936,75%,1,3,4,0,0,1,3
0x49435b,99.0476%,1,104,105,104,1,0,0
0x80af11,50%,1,1,2,0,1,0,1
0x495a78,97.561%,1,40,41,0,0,1,40
0xa08556,80%,1,4,5,4,1,0,0
0x788055,98%,1,49,50,49,1,0,0
0x4ca0c7,50%,1,1,2,0,0,1,1
0x64869e,50%,1,1,2,0,0,1,1
0x911d1f,99.7706%,1,435,436,0,0,1,435
0x490554,66.6667%,1,2,3,2,1,0,0
0x648648,98.2143%,1,55,56,55,1,0,0
0x4ca6aa,50%,1,1,2,1,1,0,0
0x8f445e,0%,1,0,1,0,0,1,0
0x610ba1,99.3671%,1,157,158,0,0,1,157
0x4ca4f4,90%,1,9,10,9,1,0,0
0x502dda,94.7368%,1,18,19,0,0,1,18
0xa063f9,50%,1,1,2,0,0,1,1
0x668076,98.3333%,1,59,60,59,1,0,0
0x60a6fc,99.9418%,1,1716,1717,0,0,1,1716
0x4877d9,0%,1,0,1,0,0,1,0
0xa5ee74,96.4286%,1,27,28,27,1,0,0
0x49c74a,99.9149%,1,1174,1175,0,0,1,1174
0x649e4a,50%,1,1,2,1,1,0,0
0x97ace1,87.5%,1,7,8,0,0,1,7
0x4c9e7b,75%,1,3,4,0,0,1,3
0xa530ed,99.4792%,1,191,192,0,0,1,191
0x494fc4,83.3333%,1,5,6,5,1,0,0
0x538dba,99.2248%,1,128,129,128,1,0,0
0x49c23e,75%,1,3,4,3,1,0,0
0x8a5e3c,99.6815%,1,313,314,0,0,1,313
0x7dfc95,87.5%,1,7,8,0,0,1,7
0x5c569f,99.5516%,1,222,223,0,0,1,222
0x9f203a,75%,1,3,4,3,1,0,0
0x6717e4,50%,1,1,2,1,1,0,0
0x5f2b2f,50%,1,1,2,0,0,1,1
0x53e85c,75%,1,3,4,0,0,1,3
0x7d0d31,99.7389%,1,382,383,382,1,0,0
0x5f6463,50%,1,1,2,1,1,0,0
0xa4a30c,94.4444%,1,17,18,0,0,1,17
0x9ecf2d,97.6744%,1,42,43,40,0,1,2
0x40ed95,87.5%,1,7,8,6,0,1,1
0x8f6852,99.0826%,1,108,109,0,0,1,108
0x666114,0%,1,0,1,0,1,0,0
0x556000,66.6667%,1,2,3,0,0,1,2
0x666c25,50%,1,1,2,1,1,0,0
0x8ebe94,50%,1,1,2,1,1,0,0
0x491730,0%,1,0,1,0,1,0,0
0x81ea56,66.6667%,1,2,3,2,1,0,0
0xa3d6a6,87.5%,1,7,8,0,0,1,7
0x511a51,92.8571%,1,13,14,0,0,1,13
0x8e9b47,80%,1,4,5,4,1,0,0
0x984342,87.5%,1,7,8,7,1,0,0
0x558d67,99.6429%,1,279,280,0,0,1,279
0x8f3789,99.6875%,1,319,320,319,1,0,0
0x680df8,98.9474%,1,94,95,94,1,0,0
0x48e430,99.3377%,1,150,151,0,0,1,150
0x402ec7,99.1304%,1,114,115,0,0,1,114
0x9a3a89,50%,1,1,2,0,0,1,1
0x5f86ce,98.7179%,1,77,78,0,1,0,77
0x6487b7,98.2143%,1,55,56,55,1,0,0
0x8ebe0a,94.4444%,1,17,18,0,0,1,17
0x951013,99.5283%,1,211,212,0,1,0,211
0x4bf78a,97.0588%,1,33,34,0,0,1,33
0x8efb4a,75%,1,3,4,0,0,1,3
0xa31ef0,97.2222%,1,35,36,0,0,1,35
0x680631,95.6522%,1,22,23,0,0,1,22
0xa48cc2,99.4012%,1,166,167,0,0,1,166
0x9f08c5,90%,1,9,10,9,1,0,0
0xa52279,99.3506%,1,153,154,153,1,0,0
0x8c9430,99.1597%,1,118,119,0,0,1,118
0x5fe510,75%,1,3,4,0,0,1,3
0x7be0b9,75%,1,3,4,0,0,1,3
0x67f435,50%,1,1,2,0,0,1,1
0xa97158,97.2973%,1,36,37,36,1,0,0
0x7be036,75%,1,3,4,0,0,1,3
0x8e358e,99.9494%,1,1976,1977,0,0,1,1976
0xacce4e,66.6667%,1,2,3,2,0,1,0
0x49a48b,93.75%,1,15,16,0,0,1,15
0xa541ed,99.7691%,1,432,433,0,0,1,432
0x8c82fe,96.6667%,1,29,30,0,0,1,29
0x8c82e4,50%,1,1,2,1,1,0,0
0x5916b2,66.6667%,1,2,3,2,1,0,0
0x4a97e9,75%,1,3,4,0,0,1,3
0x7d3474,91.6667%,1,11,12,11,1,0,0
0x511dda,99.7396%,1,383,384,383,1,0,0
0x8e2ff3,99.9494%,1,1976,1977,0,0,1,1976
0xa265f4,99.9013%,1,1012,1013,0,0,1,1012
0x9f0138,50%,1,1,2,1,1,0,0
0xa6b322,75%,1,3,4,3,1,0,0
0x5e5cd5,66.6667%,1,2,3,0,0,1,2
0xa0582e,75%,1,3,4,0,0,1,3
0x67070d,50%,1,1,2,0,1,0,1
0xa99606,90.9091%,1,10,11,10,1,0,0
0xa1d7e9,50%,1,1,2,1,1,0,0
0x8f123c,97.5%,1,39,40,0,0,1,39
0x67541f,0%,1,0,1,0,0,1,0
0x8171b2,80%,1,4,5,4,1,0,0
0x90139b,98%,1,49,50,0,0,1,49
0x5f9379,97.2973%,1,36,37,28,0,1,8
0x833b6d,83.3333%,1,5,6,0,0,1,5
0x58e3b9,97.5%,1,39,40,0,0,1,39
0x49c1e4,98.9474%,1,94,95,94,1,0,0
0xa9c70b,99.2958%,1,141,142,141,1,0,0
0x49c1bc,98.9474%,1,94,95,0,0,1,94
0x951b90,88.8889%,1,8,9,8,1,0,0
0x9ea7db,96.875%,1,31,32,0,0,1,31
0xa21c37,50%,1,1,2,0,0,1,1
0x80fdba,99.8392%,1,621,622,621,1,0,0
0x67c99b,99.9209%,1,1264,1265,1264,1,0,0
0x8388a2,80%,1,4,5,4,1,0,0
0x7dfc3f,87.5%,1,7,8,0,0,1,7
0x9a9ecd,96.1538%,1,25,26,0,0,1,25
0x404f12,91.6667%,1,11,12,0,0,1,11
0x99cd87,88.8889%,1,8,9,0,0,1,8
0x8c8835,75%,1,3,4,3,1,0,0
0x7c7ac9,95.8333%,1,23,24,0,0,1,23
0x8f0b6b,93.75%,1,15,16,15,1,0,0
0x8f6dfb,95.4545%,1,21,22,0,0,1,21
0xa1d49a,80%,1,4,5,0,0,1,4
0xa9d0e5,50%,1,1,2,1,1,0,0
0x501e7c,80%,1,4,5,0,0,1,4
0x81e383,99.9403%,1,1674,1675,0,0,1,1674
0x8f6a2c,99.7245%,1,362,363,362,1,0,0
0x555c11,97.3684%,1,37,38,0,0,1,37
0x9ef3a6,88.8889%,1,8,9,8,1,0,0
0x9ff5e8,95.8333%,1,23,24,0,0,1,23
0x5f404c,75%,1,3,4,0,0,1,3
0x8f1ae1,66.6667%,1,2,3,0,1,0,2
0x8ee8b8,66.6667%,1,2,3,0,0,1,2
0x54d524,83.3333%,1,5,6,0,0,1,5
0x405cbd,98.913%,1,91,92,0,0,1,91
0xa5ec20,99.6429%,1,279,280,0,0,1,279
0x7bb8f2,87.5%,1,7,8,3,1,0,4
0x5b61b8,0%,1,0,1,0,1,0,0
0x96b210,96.875%,1,31,32,0,0,1,31
0x908ff4,99.9461%,1,1856,1857,1856,1,0,0
0x49feee,99.9928%,1,13945,13946,0,0,1,13945
0x8ee826,66.6667%,1,2,3,0,0,1,2
0x5d90b2,99.2701%,1,136,137,0,0,1,136
0x666f03,75%,1,3,4,3,1,0,0
0x66f403,50%,1,1,2,0,0,1,1
0x8bba4d,92.3077%,1,12,13,0,0,1,12
0x96e77f,0%,1,0,1,0,1,0,0
0x8bdcd2,0%,1,0,1,0,1,0,0
0x9f2a8a,80%,1,4,5,4,1,0,0
0x8e535d,93.75%,1,15,16,0,0,1,15
0x8bdca6,75%,1,3,4,0,0,1,3
0x4c285e,98.8095%,1,83,84,83,0,1,0
0x8f639e,91.6667%,1,11,12,11,1,0,0
0x80e541,98.6301%,1,72,73,0,0,1,72
0x8f1b59,99.2908%,1,140,141,0,0,1,140
0x48329e,96.5517%,1,28,29,28,1,0,0
0x5fdc1d,0%,1,0,1,0,0,1,0
0xa30b19,99.9408%,1,1687,1688,0,0,1,1687
0xa06ac5,50%,1,1,2,1,1,0,0
0xa99f55,90%,1,9,10,0,0,1,9
0xa01ceb,50%,1,1,2,1,1,0,0
0x4bc7ef,99.2126%,1,126,127,126,1,0,0
0xa97742,75%,1,3,4,0,0,1,3
0xa8a771,98.7952%,1,82,83,0,0,1,82
0x8dea5e,99.2308%,1,129,130,0,0,1,129
0x675119,66.6667%,1,2,3,0,0,1,2
0x5c70a2,99.7222%,1,359,360,0,0,1,359
0x670507,50%,1,1,2,1,0,1,0
0x4ac9f0,50%,1,1,2,1,1,0,0
0x4bd113,90%,1,9,10,9,1,0,0
0x9fdb5d,96%,1,24,25,0,0,1,24
0x94f191,0%,1,0,1,0,0,1,0
0x548189,99.8985%,1,984,985,0,0,1,984
0x809dc0,50%,1,1,2,0,0,1,1
0x99aff4,97.5%,1,39,40,0,0,1,39
0xa31f3c,97.2222%,1,35,36,0,0,1,35
0x49f657,99.2537%,1,133,134,0,0,1,133
0xa1a283,88.8889%,1,8,9,0,0,1,8
0x8e3e85,75%,1,3,4,0,0,1,3
0x8aa859,99.8639%,1,734,735,0,0,1,734
0xaaaace,0%,1,0,1,0,0,1,0
0x5d8c3f,90%,1,9,10,9,1,0,0
0x9190c8,50%,1,1,2,1,1,0,0
0xa1d798,50%,1,1,2,1,1,0,0
0xa09684,0%,1,0,1,0,0,1,0
0xa21d5c,50%,1,1,2,0,1,0,1
0xa21d57,50%,1,1,2,0,0,1,1
0xa1b4b4,75%,1,3,4,0,0,1,3
0xa1b492,80%,1,4,5,0,1,0,4
0x7d23c7,0%,1,0,1,0,1,0,0
0xace0d3,50%,1,1,2,0,0,1,1
0xa3295a,0%,1,0,1,0,1,0,0
0x8d37fc,93.75%,1,15,16,11,1,0,4
0x591ac4,99.9742%,1,3875,3876,3875,1,0,0
0xa04ac1,50%,1,1,2,1,1,0,0
0x4aaf09,90.9091%,1,10,11,0,0,1,10
0x9be6b5,97.9167%,1,47,48,24,0,1,23
0x58d1bc,98.913%,1,91,92,0,0,1,91
0x81fb09,99.6904%,1,322,323,0,0,1,322
0x5c4c88,99.937%,1,1587,1588,0,0,1,1587
0x81882c,99.8791%,1,826,827,0,0,1,826
0xa2661f,99.9013%,1,1012,1013,1012,1,0,0
0x4ab87d,96.7742%,1,30,31,0,0,1,30
0x9ecd88,90%,1,9,10,9,1,0,0
0xa1d757,50%,1,1,2,1,1,0,0
0xa1d742,50%,1,1,2,1,1,0,0
0xa4d216,75%,1,3,4,3,1,0,0
0x67200a,50%,1,1,2,1,1,0,0
0x4103da,95.8333%,1,23,24,22,0,1,1
0x40eaa6,75%,1,3,4,3,1,0,0
0xa96617,87.5%,1,7,8,0,0,1,7
0xa1d72b,75%,1,3,4,2,0,1,1
0x942c7f,98.6667%,1,74,75,0,0,1,74
0xaa5d1e,0%,1,0,1,0,1,0,0
0x4a8782,98.1132%,1,52,53,0,0,1,52
0x9988e6,50%,1,1,2,0,0,1,1
0x96bfd8,99.8701%,1,769,770,769,1,0,0
0xa09615,75%,1,3,4,0,0,1,3
0x4a8583,95.4545%,1,21,22,0,0,1,21
0xa1a3a1,88.8889%,1,8,9,8,1,0,0
0xa95fc5,87.5%,1,7,8,0,0,1,7
0x590c50,95.4545%,1,21,22,1,1,0,20
0x80a37b,75%,1,3,4,0,0,1,3
0xa1d48d,88.8889%,1,8,9,3,1,0,5
0x5b4b2f,0%,1,0,1,0,0,1,0
0xa1a351,88.8889%,1,8,9,8,1,0,0
0x8f3f6f,98.9011%,1,90,91,0,0,1,90
0xa1d71f,83.3333%,1,5,6,1,1,0,4
0x406b9a,95.8333%,1,23,24,23,1,0,0
0x8ef6d6,99.2593%,1,134,135,0,0,1,134
0x50894a,97.561%,1,40,41,0,0,1,40
0x67f3ea,50%,1,1,2,1,1,0,0
0x8f106e,97.5%,1,39,40,0,0,1,39
0x8a6b8b,92.3077%,1,12,13,12,1,0,0
0x838ac7,66.6667%,1,2,3,0,1,0,2
0x8d217e,50%,1,1,2,1,1,0,0
0xa04278,50%,1,1,2,0,1,0,1
0xa0977c,66.6667%,1,2,3,0,1,0,2
0x59f1e8,0%,1,0,1,0,0,1,0
0x63e96d,99.9234%,1,1305,1306,1305,1,0,0
0xa096c0,0%,1,0,1,0,0,1,0
0xa210a2,75%,1,3,4,0,1,0,3
0x8ef0d6,99.7783%,1,450,451,0,0,1,450
0x9d125c,93.75%,1,15,16,0,0,1,15
0x8061c4,50%,1,1,2,1,1,0,0
0x9d31c9,66.6667%,1,2,3,2,1,0,0
0xa51e49,97.4359%,1,38,39,0,0,1,38
0x9d269a,96.4286%,1,27,28,0,0,1,27
0x593229,92.8571%,1,13,14,0,0,1,13
0x548a3b,83.3333%,1,5,6,5,1,0,0
0x8f3054,94.1176%,1,16,17,0,0,1,16
0x943a47,75%,1,3,4,0,0,1,3
0x81b086,97.0588%,1,33,34,0,0,1,33
0x809ed1,50%,1,1,2,0,0,1,1
0x9d25dc,50%,1,1,2,0,0,1,1
0xa07fac,80%,1,4,5,4,0,1,0
0x822286,99.6337%,1,272,273,0,0,1,272
0xaca83b,96.4286%,1,27,28,27,1,0,0
0xa21282,91.6667%,1,11,12,8,0,1,3
0xa2125b,87.5%,1,7,8,0,0,1,7
0x8093b2,99.697%,1,329,330,329,1,0,0
0xa211b1,75%,1,3,4,3,1,0,0
0x8fc4c0,0%,1,0,1,0,0,1,0
0x94cece,97.8723%,1,46,47,46,1,0,0
0x670fd8,50%,1,1,2,0,0,1,1
0x60df2f,99.8549%,1,688,689,688,1,0,0
0x647976,98.4375%,1,63,64,0,0,1,63
0xa21050,0%,1,0,1,0,0,1,0
0xa20fc8,0%,1,0,1,0,0,1,0
0x591672,66.6667%,1,2,3,0,0,1,2
0x5cd631,66.6667%,1,2,3,0,0,1,2
0xa1d705,50%,1,1,2,0,0,1,1
0xb4a007,0%,1,0,1,0,0,1,0
0xa1d6fa,50%,1,1,2,0,0,1,1
0xa1b095,0%,1,0,1,0,1,0,0
0xa5bf82,96.875%,1,31,32,0,0,1,31
0xa1b06d,0%,1,0,1,0,1,0,0
0x9737fd,97.3684%,1,37,38,0,0,1,37
0x813e28,99.6032%,1,251,252,251,1,0,0
0x8f34f4,91.6667%,1,11,12,0,0,1,11
0xa1ad66,98.1132%,1,52,53,0,0,1,52
0xa1ad59,98.1132%,1,52,53,0,0,1,52
0x9e6099,94.4444%,1,17,18,0,0,1,17
0xa1ad25,80%,1,4,5,0,0,1,4
0xa21d9c,50%,1,1,2,0,1,0,1
0x9988f7,0%,1,0,1,0,0,1,0
0xa21d8e,50%,1,1,2,0,0,1,1
0x97454c,99.5798%,1,237,238,237,1,0,0
0x9d2902,80%,1,4,5,0,1,0,4
0x976fc1,50%,1,1,2,1,1,0,0
0x9ebbea,85.7143%,1,6,7,6,1,0,0
0xa33fb1,66.6667%,1,2,3,0,0,1,2
0x90685e,98.7342%,1,78,79,0,0,1,78
0x48bc33,0%,1,0,1,0,1,0,0
0x678de3,95.6522%,1,22,23,0,0,1,22
0x9d03f0,94.4444%,1,17,18,0,0,1,17
0x97a480,92.8571%,1,13,14,0,0,1,13
0x48d1f1,83.3333%,1,5,6,5,1,0,0
0x8ef141,99.705%,1,338,339,338,1,0,0
0x63aaaa,99.8782%,1,820,821,820,1,0,0
0x63b55a,99.9234%,1,1305,1306,0,0,1,1305
0x9c4df1,50%,1,1,2,0,0,1,1
0x5a656a,50%,1,1,2,1,0,1,0
0x8d38eb,92.8571%,1,13,14,0,0,1,13
0x9bd59d,91.6667%,1,11,12,0,0,1,11
0xa369c5,93.75%,1,15,16,0,0,1,15
0x63aaf5,99.8782%,1,820,821,820,1,0,0
0x4c2048,99.3711%,1,158,159,158,1,0,0
0x410684,99.4536%,1,182,183,0,0,1,182
0x723670,99.9308%,1,1445,1446,0,0,1,1445
0x72358b,99.9308%,1,1445,1446,0,0,1,1445
0xa64fd7,75%,1,3,4,0,0,1,3
0x8f4a13,83.3333%,1,5,6,0,0,1,5
0xa66203,96.2963%,1,26,27,0,0,1,26
0x5e0bdd,75%,1,3,4,3,1,0,0
0xa088b5,80%,1,4,5,0,0,1,4
0x9750c8,87.5%,1,7,8,7,1,0,0
0x8188d2,99.6656%,1,298,299,298,1,0,0
0x539420,99.802%,1,504,505,0,0,1,504
0x5efe75,0%,1,0,1,0,1,0,0
0x9a1ed5,99.5074%,1,202,203,0,0,1,202
0xb22b29,99.9465%,1,1867,1868,0,0,1,1867
0x697992,98.2143%,1,55,56,55,1,0,0
0xa1b470,0%,1,0,1,0,0,1,0
0x90876a,99.8959%,1,960,961,0,0,1,960
0xa8e634,0%,1,0,1,0,0,1,0
0x81fb1d,99.6904%,1,322,323,322,1,0,0
0xa8e60d,0%,1,0,1,0,1,0,0
0x6097e7,99.0099%,1,100,101,0,0,1,100
0x6f558f,99.422%,1,172,173,0,0,1,172
0x980eee,87.5%,1,7,8,7,1,0,0
0x9098f1,99.9461%,1,1856,1857,1856,1,0,0
0xa2a8ae,98.5294%,1,67,68,0,0,1,67
0xa56fe5,98.7805%,1,81,82,0,0,1,81
0x980bda,95.8333%,1,23,24,23,1,0,0
0x8147ed,99.7669%,1,428,429,0,0,1,428
0x7ce585,91.6667%,1,11,12,0,0,1,11
0x78f8a5,0%,1,0,1,0,1,0,0
0xb4a162,99.8956%,1,957,958,0,0,1,957
0xb4a155,99.8956%,1,957,958,957,1,0,0
0x543b27,99.5215%,1,208,209,0,0,1,208
0x5f7665,99.2%,1,124,125,0,0,1,124
0xa050ae,0%,1,0,1,0,0,1,0
0x8dce06,75%,1,3,4,3,1,0,0
0x809d71,80%,1,4,5,4,1,0,0
0x9198c2,99.8959%,1,960,961,960,1,0,0
0xa374b8,85.7143%,1,6,7,6,1,0,0
0xa9b8e8,83.3333%,1,5,6,0,0,1,5
0xa9a3c4,80%,1,4,5,4,1,0,0
0x976fbc,50%,1,1,2,0,0,1,1
0x9c4edf,75%,1,3,4,3,1,0,0
0x6d9a9d,87.5%,1,7,8,7,1,0,0
0x409e6a,93.75%,1,15,16,0,0,1,15
0x8e389c,97.9167%,1,47,48,0,0,1,47
0xaa7de5,97.8723%,1,46,47,0,0,1,46
0x63bb19,99.9234%,1,1305,1306,1305,1,0,0
0x63ba94,99.9234%,1,1305,1306,1305,1,0,0
0xa8e467,0%,1,0,1,0,0,1,0
0x5b6e8c,87.5%,1,7,8,0,0,1,7
0x8e57ba,93.75%,1,15,16,15,1,0,0
0x65c352,0%,1,0,1,0,1,0,0
0x8aada9,80%,1,4,5,0,0,1,4
0x9e54a8,99.4083%,1,168,169,0,0,1,168
0x8f1bd5,99.2537%,1,133,134,133,1,0,0
0xa8e521,0%,1,0,1,0,0,1,0
0xa4c71d,75%,1,3,4,0,0,1,3
0x8f1ba9,99.2537%,1,133,134,0,0,1,133
0x481ce4,88.8889%,1,8,9,8,1,0,0
0xa9262b,99.4709%,1,188,189,0,0,1,188
0xa1d7d2,50%,1,1,2,0,0,1,1
0x9713ed,85.7143%,1,6,7,0,0,1,6
0x8f0b20,99.3333%,1,149,150,149,1,0,0
0x81fd16,99.6904%,1,322,323,322,1,0,0
0x8f2111,94.1176%,1,16,17,16,0,1,0
0x48236e,88.8889%,1,8,9,8,1,0,0
0x7d3e0b,66.6667%,1,2,3,0,0,1,2
0xa8e3df,0%,1,0,1,0,0,1,0
0x67a6f5,99.9637%,1,2756,2757,0,0,1,2756
0x8ef5db,99.2593%,1,134,135,134,1,0,0
0x670551,0%,1,0,1,0,1,0,0
0xa2f15f,0%,1,0,1,0,0,1,0
0x9e7e61,75%,1,3,4,0,0,1,3
0x999f7b,75%,1,3,4,3,1,0,0
0x9d270c,96.4286%,1,27,28,27,1,0,0
0xa2cb53,99.8879%,1,891,892,0,0,1,891
0x998953,80%,1,4,5,0,1,0,4
0x485ecc,95.6522%,1,22,23,0,0,1,22
0x543d4e,99.4652%,1,186,187,0,0,1,186
0xa7b48a,75%,1,3,4,3,1,0,0
0x9199bc,99.8959%,1,960,961,960,1,0,0
0xa7b442,75%,1,3,4,3,1,0,0
0x9f4bb1,75%,1,3,4,0,0,1,3
0xa8e572,80%,1,4,5,0,1,0,4
0xa8e54f,80%,1,4,5,4,1,0,0
0x4a7d76,0%,1,0,1,0,1,0,0
0xa7bf3c,80%,1,4,5,4,1,0,0
0xa7b424,0%,1,0,1,0,1,0,0
0x5f621c,50%,1,1,2,1,1,0,0
0x494195,95.4545%,1,21,22,21,1,0,0
0xa7b401,80%,1,4,5,3,1,0,1
0xa7bef3,80%,1,4,5,0,0,1,4
0xa05ed2,85.7143%,1,6,7,0,1,0,6
0x8ee1a1,99.4737%,1,189,190,0,0,1,189
0xa85403,80%,1,4,5,0,0,1,4
0x49521b,0%,1,0,1,0,0,1,0
0x971002,80%,1,4,5,4,1,0,0
0x809e1a,99.3377%,1,150,151,0,0,1,150
0x8dc3be,75%,1,3,4,0,0,1,3
0x9d0057,80%,1,4,5,4,1,0,0
0xa9edbb,91.6667%,1,11,12,11,1,0,0
0xa31507,98.0769%,1,51,52,44,0,1,7
0x9d003a,80%,1,4,5,4,1,0,0
0x538e77,94.4444%,1,17,18,0,0,1,17
0x8ec904,50%,1,1,2,0,0,1,1
0x4bfd19,98.8372%,1,85,86,85,1,0,0
0x8f21a3,97.3684%,1,37,38,0,1,0,37
0x4a7c22,98.0392%,1,50,51,50,1,0,0
0x40ceda,50%,1,1,2,1,1,0,0
0x496103,91.6667%,1,11,12,0,0,1,11
0x53eea0,80%,1,4,5,0,0,1,4
0x63854a,99.7608%,1,417,418,417,1,0,0
0x8a6a60,66.6667%,1,2,3,2,1,0,0
0x647642,95%,1,19,20,19,1,0,0
0x9c51a3,91.6667%,1,11,12,3,1,0,8
0x8a8e9b,75%,1,3,4,0,0,1,3
0x49292f,0%,1,0,1,0,0,1,0
0x8dd53c,96.6667%,1,29,30,29,1,0,0
0x9d122a,99.1667%,1,119,120,0,0,1,119
0x5f1371,66.6667%,1,2,3,0,0,1,2
0x63f204,50%,1,1,2,1,1,0,0
0x812099,50%,1,1,2,1,1,0,0
0x49a068,93.75%,1,15,16,0,0,1,15
0x5e3890,66.6667%,1,2,3,2,1,0,0
0xa21b8c,50%,1,1,2,1,0,1,0
0xa46483,99.4819%,1,192,193,0,0,1,192
0x63f085,50%,1,1,2,1,1,0,0
0x63f041,50%,1,1,2,1,1,0,0
0xa3abd2,92.8571%,1,13,14,13,1,0,0
0x4a8cf1,97.4359%,1,38,39,38,1,0,0
0x808191,96.2963%,1,26,27,0,0,1,26
0x8198fb,99.8043%,1,510,511,0,0,1,510
0x91896f,50%,1,1,2,0,0,1,1
0x8dd996,93.75%,1,15,16,0,0,1,15
0x65b013,92.3077%,1,12,13,0,0,1,12
0x65a06e,99.6047%,1,252,253,0,0,1,252
0x8f4022,98.3607%,1,60,61,0,0,1,60
0x9a1be5,99.5074%,1,202,203,0,0,1,202
0x7d404d,66.6667%,1,2,3,2,1,0,0
0x91165d,99.5025%,1,200,201,0,0,1,200
0x9115fd,99.5025%,1,200,201,200,1,0,0
0x49ec6c,99.3789%,1,160,161,0,0,1,160
0x81e9b8,98.6842%,1,75,76,75,1,0,0
0x66f6f2,0%,1,0,1,0,0,1,0
0x60c708,85.7143%,1,6,7,0,0,1,6
0x5f60ab,50%,1,1,2,0,0,1,1
0x541335,87.5%,1,7,8,7,1,0,0
0xa8fb15,99.4118%,1,169,170,0,0,1,169
0x90aaa7,99.8959%,1,960,961,960,1,0,0
0x8ade6a,50%,1,1,2,0,0,1,1
0x4a772f,50%,1,1,2,0,0,1,1
0x6750b0,66.6667%,1,2,3,0,0,1,2
0x8eb8d1,99.7947%,1,486,487,486,1,0,0
0xaa2cb4,99.5575%,1,225,226,0,0,1,225
0x49f94b,99.9248%,1,1329,1330,0,0,1,1329
0x7d1dba,0%,1,0,1,0,1,0,0
0x918b1d,99.5%,1,199,200,0,0,1,199
0xa21378,75%,1,3,4,3,1,0,0
0x487f73,0%,1,0,1,0,0,1,0
0x404897,99.6%,1,249,250,0,0,1,249
0x63f46c,99.9275%,1,1378,1379,0,0,1,1378
0x8fe0a2,98.8372%,1,85,86,0,0,1,85
0x9e78d2,99.1803%,1,121,122,0,0,1,121
0x641108,50%,1,1,2,1,1,0,0
0x402527,99.8054%,1,513,514,0,0,1,513
0x8e53d6,93.75%,1,15,16,15,1,0,0
0x4905c3,66.6667%,1,2,3,0,0,1,2
0x6715f0,50%,1,1,2,1,1,0,0
0x8e46a2,93.75%,1,15,16,0,0,1,15
0x80453b,94.1176%,1,16,17,3,1,0,13
0x99ccef,94.4444%,1,17,18,0,0,1,17
0x8e4691,93.75%,1,15,16,0,0,1,15
0x8e7948,99.5536%,1,223,224,223,1,0,0
0x9fb35b,66.6667%,1,2,3,2,1,0,0
0xa07ad4,0%,1,0,1,0,0,1,0
0x8e7752,98.7952%,1,82,83,82,1,0,0
0x81f839,97.8723%,1,46,47,0,0,1,46
0x901054,97.2973%,1,36,37,36,1,0,0
0x6dcc26,0%,1,0,1,0,0,1,0
0x69769e,96.4286%,1,27,28,0,0,1,27
0x64b546,91.6667%,1,11,12,0,0,1,11
0x951859,99.7067%,1,340,341,0,0,1,340
0xb0a149,99.7101%,1,344,345,0,0,1,344
0xb2e430,50%,1,1,2,1,1,0,0
0x49b954,87.5%,1,7,8,7,1,0,0
0x808363,75%,1,3,4,3,1,0,0
0x4a7649,98.6842%,1,75,76,75,1,0,0
0x40af17,50%,1,1,2,1,1,0,0
0x63a857,99.5%,1,199,200,199,1,0,0
0xa32af5,99.948%,1,1921,1922,0,0,1,1921
0x40aeef,50%,1,1,2,1,1,0,0
0x66f378,50%,1,1,2,0,0,1,1
0x8dea8a,99.2188%,1,127,128,0,0,1,127
0xa3cabe,87.5%,1,7,8,7,1,0,0
0x6704a6,88.8889%,1,8,9,6,1,0,2
0x441deb,90.9091%,1,10,11,0,0,1,10
0x99d300,88.8889%,1,8,9,8,1,0,0
0x8e3371,93.75%,1,15,16,0,0,1,15
0x814ede,94.4444%,1,17,18,17,1,0,0
0x7c86b8,75%,1,3,4,0,0,1,3
0x6705b3,99.2481%,1,132,133,0,0,1,132
0x4c3bc2,99.4048%,1,167,168,167,1,0,0
0x402d64,97.0588%,1,33,34,0,0,1,33
0x7c8368,75%,1,3,4,0,0,1,3
0x9a7c71,99.8211%,1,558,559,0,0,1,558
0x54fdcc,0%,1,0,1,0,1,0,0
0xa085e7,80%,1,4,5,4,1,0,0
0x483171,96.5517%,1,28,29,0,0,1,28
0x8e76f6,91.6667%,1,11,12,11,1,0,0
0x48cf78,95%,1,19,20,19,1,0,0
0x901045,97.2973%,1,36,37,0,0,1,36
0x50fe54,50%,1,1,2,0,0,1,1
0x49caf5,99.537%,1,215,216,215,1,0,0
0x49c88f,0%,1,0,1,0,0,1,0
0x5f75c1,96.6667%,1,29,30,0,0,1,29
0x5a5fc6,75%,1,3,4,3,1,0,0
0x816879,99.5575%,1,225,226,0,0,1,225
0x7b72b1,50%,1,1,2,1,1,0,0
0x49c8aa,99.3902%,1,163,164,163,1,0,0
0x90adb3,99.3289%,1,148,149,0,0,1,148
0x8e54c1,93.75%,1,15,16,15,1,0,0
0xa05245,97.7778%,1,44,45,0,0,1,44
0x681fb9,99.9539%,1,2169,2170,0,0,1,2169
0x8e9e83,75%,1,3,4,0,0,1,3
0x805b0b,99.9641%,1,2784,2785,0,0,1,2784
0x8bd875,66.6667%,1,2,3,0,0,1,2
0x4be260,92.3077%,1,12,13,12,1,0,0
0xa4276e,99.5556%,1,224,225,0,0,1,224
0x80aeca,50%,1,1,2,1,0,1,0
0xb6a0f3,80%,1,4,5,0,0,1,4
0x8eb11b,83.3333%,1,5,6,5,1,0,0
0x8eb09b,83.3333%,1,5,6,0,0,1,5
0x9f4768,87.5%,1,7,8,7,1,0,0
0xa95b91,99.2308%,1,129,130,0,0,1,129
0x8dc4b1,75%,1,3,4,0,0,1,3
0x53c634,99.8507%,1,669,670,0,0,1,669
0x8c838d,96.6667%,1,29,30,0,0,1,29
0x9f11f2,99.8051%,1,512,513,512,1,0,0
0x9773b4,91.6667%,1,11,12,11,1,0,0
0xa2cc24,99.784%,1,462,463,0,0,1,462
0x5fe9f2,97.6744%,1,42,43,1,0,1,41
0x7c68fe,50%,1,1,2,0,0,1,1
0x60a699,98%,1,49,50,49,1,0,0
0x97514d,94.7368%,1,18,19,0,0,1,18
0x405215,99.2424%,1,131,132,0,0,1,131
0x8ed4bf,90.9091%,1,10,11,10,1,0,0
0x814e69,50%,1,1,2,0,0,1,1
0x816b77,99.9251%,1,1334,1335,1334,0,1,0
0x6ebfb0,0%,1,0,1,0,0,1,0
0x5bc237,99.6466%,1,282,283,0,0,1,282
0x9ebef3,98.3607%,1,60,61,60,1,0,0
0x5b1826,98.6486%,1,73,74,73,1,0,0
0x8d9be3,99.7297%,1,369,370,0,0,1,369
0x980f22,93.75%,1,15,16,7,1,0,8
0x49d0fc,50%,1,1,2,0,0,1,1
0x81697e,87.5%,1,7,8,0,1,0,7
0x4417ee,90.9091%,1,10,11,0,0,1,10
0xa061bb,96.5517%,1,28,29,28,1,0,0
0x8168d7,98.3051%,1,58,59,35,1,0,23
0x980eba,98.6486%,1,73,74,0,0,1,73
0x8168b8,95.2381%,1,20,21,0,0,1,20
0x8ee732,99.7305%,1,370,371,370,1,0,0
0xa418d1,88.8889%,1,8,9,0,0,1,8
0x81682e,99.5575%,1,225,226,0,0,1,225
0x7d1af4,99.8408%,1,627,628,627,1,0,0
0x9772cc,83.3333%,1,5,6,5,1,0,0
0x9ef50b,98.3333%,1,59,60,59,1,0,0
0x48a5fb,99.9311%,1,1450,1451,0,0,1,1450
0x81c35b,99.5726%,1,233,234,233,1,0,0
0x58c37e,0%,1,0,1,0,1,0,0
0x815ff2,88.8889%,1,8,9,0,0,1,8
0xa6612f,99.115%,1,112,113,0,0,1,112
0x81912c,97.0588%,1,33,34,0,0,1,33
0xa05e92,85.7143%,1,6,7,0,1,0,6
0x610ce4,96.6667%,1,29,30,0,0,1,29
0xa5d1d5,95.8333%,1,23,24,0,0,1,23
0x78151c,99.8523%,1,676,677,0,0,1,676
0x5beca2,50%,1,1,2,1,1,0,0
0x67f6f3,99.0566%,1,105,106,0,0,1,105
0xa4a811,50%,1,1,2,1,1,0,0
0xa4787a,0%,1,0,1,0,1,0,0
0x65b117,92.3077%,1,12,13,0,0,1,12
0x5936f4,90.9091%,1,10,11,0,0,1,10
0x821b94,0%,1,0,1,0,1,0,0
0xb28b2b,99.9645%,1,2817,2818,0,0,1,2817
0x8eb79d,99.9649%,1,2848,2849,0,0,1,2848
0x4c5cde,95.2381%,1,20,21,20,1,0,0
0xa3baa0,99.5614%,1,227,228,0,0,1,227
0x8158df,88.8889%,1,8,9,8,1,0,0
0x4be8fc,0%,1,0,1,0,1,0,0
0x7f0c8e,98.6667%,1,74,75,0,0,1,74
0x81b143,96.875%,1,31,32,0,0,1,31
0x4a71b2,99.5575%,1,225,226,0,0,1,225
0xa9545f,75%,1,3,4,3,1,0,0
0x60bc27,94.4444%,1,17,18,0,0,1,17
0x4c076c,98.8372%,1,85,86,0,0,1,85
0x5c751f,66.6667%,1,2,3,2,1,0,0
0xa355c3,99.6689%,1,301,302,0,0,1,301
0x9d0806,0%,1,0,1,0,0,1,0
0x59c378,95.6522%,1,22,23,0,0,1,22
0x409929,99.6774%,1,309,310,0,0,1,309
0xa3d3c1,87.5%,1,7,8,7,1,0,0
0x41018e,99.9823%,1,5635,5636,0,0,1,5635
0xa9d2a6,90%,1,9,10,9,1,0,0
0x9e58ef,96.6667%,1,29,30,0,0,1,29
0x44166e,90.9091%,1,10,11,0,0,1,10
0x5fa42d,98.6667%,1,74,75,0,0,1,74
0x80b980,50%,1,1,2,0,0,1,1
0x81e9ca,98.6842%,1,75,76,0,0,1,75
0xa976f2,90%,1,9,10,9,1,0,0
0xa4a7c3,50%,1,1,2,1,1,0,0
0x48f4e1,66.6667%,1,2,3,0,0,1,2
0x7ac790,91.6667%,1,11,12,0,0,1,11
0x5b2b94,50%,1,1,2,1,1,0,0
0x9e7ea1,75%,1,3,4,3,1,0,0
0x8f4969,93.75%,1,15,16,15,1,0,0
0x68b11a,75%,1,3,4,0,0,1,3
0x90b1c0,98.5714%,1,69,70,0,0,1,69
0x5f4f2d,0%,1,0,1,0,1,0,0
0x9a0ae9,96.4286%,1,27,28,0,0,1,27
0x8f1809,99.7481%,1,396,397,0,0,1,396
0x5962e7,94.7368%,1,18,19,0,0,1,18
0x90a0a5,99.3289%,1,148,149,148,1,0,0
0x50d673,99.8261%,1,574,575,0,0,1,574
0xa8a721,98.7952%,1,82,83,82,1,0,0
0x95b415,90.9091%,1,10,11,0,0,1,10
0x8bb2e0,50%,1,1,2,0,0,1,1
0x8a6946,99.3421%,1,151,152,0,0,1,151
0x509060,80%,1,4,5,0,0,1,4
0x9095d9,99.9461%,1,1854,1855,1854,1,0,0
0x592580,99.1667%,1,119,120,0,0,1,119
0x90bbb1,95.4545%,1,21,22,21,1,0,0
0x49c7f7,98.2143%,1,55,56,0,0,1,55
0x4994df,99.6154%,1,259,260,0,0,1,259
0x40945f,75%,1,3,4,0,0,1,3
0x41087d,99.435%,1,176,177,176,1,0,0
0xa504c1,99.6109%,1,256,257,0,0,1,256
0x53dd30,87.5%,1,7,8,7,1,0,0
0x7bdd3a,75%,1,3,4,3,1,0,0
0x49d290,0%,1,0,1,0,0,1,0
0x906c06,99.4898%,1,195,196,195,1,0,0
0x404fd1,97.619%,1,41,42,0,0,1,41
0x822395,99.6337%,1,272,273,0,0,1,272
0x80b744,0%,1,0,1,0,0,1,0
0x7c9b2d,75%,1,3,4,0,0,1,3
0xa99906,0%,1,0,1,0,1,0,0
0x8aac09,90%,1,9,10,0,0,1,9
0x8e170b,96.875%,1,31,32,0,0,1,31
0x943592,98.6667%,1,74,75,0,0,1,74
0x4b7bc6,0%,1,0,1,0,1,0,0
0x8aa8c5,99.8639%,1,734,735,0,0,1,734
0x5faeaa,96.9697%,1,32,33,0,0,1,32
0x590c7a,95%,1,19,20,0,0,1,19
0x5d1b1c,99.0909%,1,109,110,0,0,1,109
0x53dd04,87.5%,1,7,8,7,1,0,0
0x5b2b5d,97.7778%,1,44,45,0,0,1,44
0x53dcf5,90%,1,9,10,1,1,0,8
0x808f3a,94.1176%,1,16,17,0,0,1,16
0x48f70d,98.4615%,1,64,65,0,0,1,64
0x83a91d,75%,1,3,4,1,0,1,2
0x819f82,98.6486%,1,73,74,0,0,1,73
0x942c59,98.6667%,1,74,75,74,1,0,0
0x6750a7,66.6667%,1,2,3,0,0,1,2
0x50f09e,91.6667%,1,11,12,11,1,0,0
0x90e3a5,98.5075%,1,66,67,66,1,0,0
0xa96211,95.8333%,1,23,24,0,0,1,23
0x555e16,99.7619%,1,419,420,0,0,1,419
0xa4a246,94.4444%,1,17,18,17,1,0,0
0x78ab97,94.7368%,1,18,19,0,0,1,18
0xae6fe6,50%,1,1,2,0,0,1,1
0x812581,99.8452%,1,645,646,0,0,1,645
0xa0522c,97.7778%,1,44,45,0,0,1,44
0x8ec617,50%,1,1,2,0,0,1,1
0x40b417,50%,1,1,2,0,0,1,1
0x9f825b,0%,1,0,1,0,0,1,0
0xa6b6b7,75%,1,3,4,0,0,1,3
0x8a9716,98.913%,1,91,92,0,0,1,91
0x7cf699,87.5%,1,7,8,0,0,1,7
0x8a9790,99.9874%,1,7965,7966,0,0,1,7965
0x5f9172,97.8261%,1,45,46,0,0,1,45
0x7d2fc5,98.4615%,1,64,65,0,0,1,64
0x58d1d3,95%,1,19,20,19,1,0,0
0x8bd887,94.7368%,1,18,19,18,1,0,0
0x81f87c,97.8723%,1,46,47,0,0,1,46
0x64860b,98.2143%,1,55,56,0,0,1,55
0x8c726a,99.5283%,1,211,212,0,0,1,211
0x5f27ff,80%,1,4,5,4,1,0,0
0x8e41e3,99.2126%,1,126,127,126,1,0,0
0x609dbe,99.4845%,1,193,194,0,0,1,193
0x819ccd,96.9697%,1,32,33,0,1,0,32
0x8dc420,75%,1,3,4,3,1,0,0
0x9f7c86,92.3077%,1,12,13,3,1,0,9
0x53dcb5,90%,1,9,10,0,0,1,9
0x9eaa66,50%,1,1,2,1,1,0,0
0x491753,0%,1,0,1,0,1,0,0
0x8a6dbd,50%,1,1,2,1,1,0,0
0xa53567,87.5%,1,7,8,0,0,1,7
0x8ea098,66.6667%,1,2,3,0,0,1,2
0x90ed8c,99.9461%,1,1856,1857,0,0,1,1856
0x7ce160,99.9476%,1,1909,1910,1909,1,0,0
0x804faa,99.697%,1,329,330,329,1,0,0
0x59fbd2,0%,1,0,1,0,1,0,0
0x8a8eb5,99.2857%,1,139,140,139,1,0,0
0x49bf7e,83.3333%,1,5,6,5,1,0,0
0x5fc073,50%,1,1,2,0,0,1,1
0x5f960e,87.5%,1,7,8,7,1,0,0
0x8d30e5,99.5763%,1,235,236,235,1,0,0
0x5ef0a2,94.4444%,1,17,18,17,1,0,0
0x5909e8,75%,1,3,4,1,1,0,2
0x40df2d,99.0741%,1,107,108,0,0,1,107
0x90a87b,98.6486%,1,73,74,0,0,1,73
0x5f561a,98.3333%,1,59,60,59,1,0,0
0x65b199,92.3077%,1,12,13,0,0,1,12
0x67549b,0%,1,0,1,0,0,1,0
0x4c0426,98.8372%,1,85,86,85,1,0,0
0xa1a01c,92.3077%,1,12,13,0,0,1,12
0x809162,99.8051%,1,512,513,512,1,0,0
0xa55918,50%,1,1,2,0,0,1,1
0x5a0774,50%,1,1,2,1,1,0,0
0x4aad9a,96.6667%,1,29,30,29,1,0,0
0x7c7a02,95.8333%,1,23,24,0,0,1,23
0x504d47,50%,1,1,2,0,0,1,1
0x69de4d,91.6667%,1,11,12,0,0,1,11
0x5fe7cb,99.0476%,1,104,105,104,1,0,0
0x81eac5,99.7015%,1,334,335,334,1,0,0
0x5052a8,95%,1,19,20,0,0,1,19
0x9032e6,91.6667%,1,11,12,11,1,0,0
0x4b8e99,75%,1,3,4,0,0,1,3
0x9b896a,50%,1,1,2,1,1,0,0
0x8e3e97,75%,1,3,4,3,1,0,0
0x4834d2,96.5517%,1,28,29,28,1,0,0
0x96ec53,0%,1,0,1,0,1,0,0
0x5b1bfa,50%,1,1,2,0,0,1,1
0x7d4415,50%,1,1,2,0,0,1,1
0x9cfd6c,97.2222%,1,35,36,0,0,1,35
0x6514f9,98.7805%,1,81,82,0,0,1,81
0x557abe,98.4615%,1,64,65,60,0,1,4
0x781240,97.7273%,1,43,44,43,1,0,0
0xa35f4e,96.7742%,1,30,31,0,0,1,30
0x815cfe,97.561%,1,40,41,0,0,1,40
0x781868,99.8%,1,499,500,0,0,1,499
0xa9f0d7,75%,1,3,4,3,1,0,0
0x908fe1,99.9461%,1,1856,1857,0,0,1,1856
0x8deb46,83.3333%,1,5,6,5,1,0,0
0x8163b1,98.1481%,1,53,54,0,0,1,53
0x99e153,93.3333%,1,14,15,1,1,0,13
0x4a2653,99.7881%,1,471,472,471,1,0,0
0x786111,50%,1,1,2,1,1,0,0
0xa3fdb8,94.4444%,1,17,18,0,0,1,17
0x81283b,93.3333%,1,14,15,0,0,1,14
0x723572,99.9308%,1,1445,1446,0,0,1,1445
0x4bd4d1,0%,1,0,1,0,1,0,0
0x7c68e3,50%,1,1,2,0,0,1,1
0x51b5ec,80%,1,4,5,0,0,1,4
0x8c815b,99.9471%,1,1889,1890,1889,0,1,0
0xa01704,97.5%,1,39,40,39,1,0,0
0x803a6c,99.7768%,1,447,448,0,0,1,447
0x94b456,98.1132%,1,52,53,52,1,0,0
0xa94b22,75%,1,3,4,0,0,1,3
0x8da81b,83.3333%,1,5,6,0,0,1,5
0x8ea404,75%,1,3,4,3,1,0,0
0x5916d6,66.6667%,1,2,3,0,0,1,2
0x94385c,97.5%,1,39,40,0,0,1,39
0x7c7bec,0%,1,0,1,0,0,1,0
0x491c47,0%,1,0,1,0,1,0,0
0x5485a4,99.5025%,1,200,201,0,0,1,200
0x9d0b7e,98.0392%,1,50,51,0,0,1,50
0x94e9df,98.3333%,1,59,60,0,0,1,59
0x8fda42,98.7342%,1,78,79,78,1,0,0
0x8ec9a8,75%,1,3,4,0,0,1,3
0x9e2a68,98.6486%,1,73,74,0,0,1,73
0xad3206,50%,1,1,2,0,0,1,1
0x973e2e,91.6667%,1,11,12,0,0,1,11
0x99e8d2,99.0476%,1,104,105,0,0,1,104
0xb304f8,80%,1,4,5,0,0,1,4
0x5f5b1d,50%,1,1,2,0,0,1,1
0x5f3b58,85.7143%,1,6,7,4,0,1,2
0x9f4a84,0%,1,0,1,0,0,1,0
0x8eb6cf,99.9649%,1,2848,2849,0,0,1,2848
0x9a1cde,99.5074%,1,202,203,0,0,1,202
0x7f0c83,98.6667%,1,74,75,0,0,1,74
0xaa12c8,98.4127%,1,62,63,62,1,0,0
0x81e3ab,99.5349%,1,214,215,0,0,1,214
0x8139ae,96.7742%,1,30,31,30,1,0,0
0x490113,90%,1,9,10,0,0,1,9
0x609b8a,99.5918%,1,244,245,0,0,1,244
0xa2f137,0%,1,0,1,0,0,1,0
0x649ad5,99.0566%,1,105,106,0,0,1,105
0xa30f56,99.4872%,1,194,195,0,0,1,194
0x649169,50%,1,1,2,0,0,1,1
0x8f0d97,97.5%,1,39,40,39,1,0,0
0x40a44a,50%,1,1,2,0,0,1,1
0x94c57a,75%,1,3,4,0,0,1,3
0xa49650,98.1818%,1,54,55,54,1,0,0
0x6a7885,0%,1,0,1,0,0,1,0
0xa55827,50%,1,1,2,0,0,1,1
0x8137cf,50%,1,1,2,0,0,1,1
0xa061d5,95.2381%,1,20,21,20,1,0,0
0x598ea8,80%,1,4,5,0,0,1,4
0x64c79c,80%,1,4,5,4,1,0,0
0x64cbb2,99.8224%,1,562,563,562,1,0,0
0x5f7bdd,99.2593%,1,134,135,134,1,0,0
0x9e792d,99.1803%,1,121,122,121,1,0,0
0x80a9bc,66.6667%,1,2,3,2,1,0,0
0x590dea,0%,1,0,1,0,0,1,0
0x8f3da2,99.4253%,1,173,174,0,0,1,173
0x818871,99.8791%,1,826,827,0,0,1,826
0x40a167,90.9091%,1,10,11,10,1,0,0
0x593214,92.8571%,1,13,14,0,0,1,13
0x9ecd53,90%,1,9,10,0,0,1,9
0xa07f32,0%,1,0,1,0,0,1,0
0x490063,90%,1,9,10,9,1,0,0
0x50d0bc,50%,1,1,2,0,0,1,1
0x9e04ff,98.2759%,1,57,58,57,1,0,0
0x679892,83.3333%,1,5,6,0,0,1,5
0x5110bf,99.9735%,1,3773,3774,3773,1,0,0
0xacda63,50%,1,1,2,1,1,0,0
0x81e820,99.435%,1,176,177,0,0,1,176
0x9bd57a,98.1818%,1,54,55,0,0,1,54
0x78182e,83.3333%,1,5,6,0,0,1,5
0xa04229,50%,1,1,2,1,1,0,0
0x5e17c7,99.2481%,1,132,133,132,1,0,0
0x811a31,80%,1,4,5,4,1,0,0
0x59208d,75%,1,3,4,0,0,1,3
0x405b52,98.8889%,1,89,90,0,0,1,89
0x8170b0,50%,1,1,2,1,1,0,0
0x492ae2,50%,1,1,2,0,0,1,1
0x8a9298,99.932%,1,1469,1470,1469,1,0,0
0x819ebd,98.9011%,1,90,91,0,0,1,90
0xa06fc0,88.8889%,1,8,9,0,0,1,8
0x64abd3,87.5%,1,7,8,0,0,1,7
0x6674a0,98.0392%,1,50,51,50,1,0,0
0x8ebcc1,75%,1,3,4,1,1,0,2
0x8dcaa5,75%,1,3,4,0,0,1,3
0x8a94e5,99.9349%,1,1534,1535,0,0,1,1534
0x7c7150,98.0769%,1,51,52,0,0,1,51
0x5cfc58,91.6667%,1,11,12,0,0,1,11
0xa50ada,92.8571%,1,13,14,0,0,1,13
0x494f99,83.3333%,1,5,6,5,1,0,0
0x9eb401,98.4127%,1,62,63,0,0,1,62
0x78072f,98.1481%,1,53,54,53,1,0,0
0x811634,50%,1,1,2,0,0,1,1
0x8128a2,96.9697%,1,32,33,0,0,1,32
0x48f8f3,83.3333%,1,5,6,0,0,1,5
0x78f82c,96.5517%,1,28,29,28,1,0,0
0x5d184e,95.8333%,1,23,24,23,1,0,0
0x590b6a,90.9091%,1,10,11,10,1,0,0
0x49cade,99.8553%,1,690,691,0,0,1,690
0xa4ed26,99.375%,1,159,160,159,1,0,0
0x48d9dd,99.789%,1,473,474,0,0,1,473
0x4b968b,50%,1,1,2,0,0,1,1
0x9a3a7a,50%,1,1,2,0,0,1,1
0x8116b0,99.8214%,1,559,560,559,1,0,0
0x48f8d0,93.75%,1,15,16,0,0,1,15
0x7cf6e4,92.8571%,1,13,14,0,0,1,13
0x8a6e4d,50%,1,1,2,1,1,0,0
0x81747a,50%,1,1,2,1,1,0,0
0x81c5bd,98.4848%,1,65,66,65,1,0,0
0x814a59,50%,1,1,2,0,0,1,1
0xa5757a,97.561%,1,40,41,0,0,1,40
0x98b2ba,99.5455%,1,219,220,0,0,1,219
0xa31712,50%,1,1,2,1,1,0,0
0x40e673,97.4359%,1,38,39,38,1,0,0
0x97baa2,91.6667%,1,11,12,11,1,0,0
0x81d546,98.3333%,1,59,60,59,1,0,0
0xa93dc4,91.6667%,1,11,12,0,0,1,11
0x9f40dd,66.6667%,1,2,3,0,0,1,2
0x5afec6,95.2381%,1,20,21,0,0,1,20
0x599374,99.9759%,1,4153,4154,4153,1,0,0
0x901840,99.6094%,1,255,256,255,1,0,0
0x40576c,99.1803%,1,121,122,121,1,0,0
0x9f63b7,66.6667%,1,2,3,0,0,1,2
0xa2f209,0%,1,0,1,0,0,1,0
0xb22b60,99.9465%,1,1867,1868,0,0,1,1867
0x4be4ac,85.7143%,1,6,7,0,0,1,6
0xa479b3,88.8889%,1,8,9,0,0,1,8
0x5b49dc,50%,1,1,2,0,0,1,1
0x48e72a,99.0196%,1,101,102,0,0,1,101
0x4b569d,99.0196%,1,101,102,0,0,1,101
0xa42724,99.5556%,1,224,225,0,0,1,224
0x78061a,99.6914%,1,323,324,0,0,1,323
0x781898,75%,1,3,4,0,0,1,3
0xa056e2,80%,1,4,5,0,1,0,4
0x9a18f0,95.2381%,1,20,21,0,1,0,20
0xa0783e,80%,1,4,5,0,0,1,4
0x8f54c0,91.6667%,1,11,12,11,1,0,0
0x804f66,50%,1,1,2,0,0,1,1
0x7d41e7,0%,1,0,1,0,0,1,0
0x40460b,88.8889%,1,8,9,0,0,1,8
0xa2cc40,99.7669%,1,428,429,0,0,1,428
0x81857a,97.0588%,1,33,34,33,1,0,0
0x814320,99.9362%,1,1566,1567,0,0,1,1566
0x666463,99.8092%,1,523,524,1,1,0,522
0x80b4ba,0%,1,0,1,0,0,1,0
0x8d431f,91.6667%,1,11,12,9,1,0,2
0x4a9a5b,50%,1,1,2,0,1,0,1
0xa4fe05,75%,1,3,4,0,0,1,3
0x818944,99.8418%,1,631,632,0,0,1,631
0xa59c2c,87.5%,1,7,8,7,1,0,0
0xa59550,95.2381%,1,20,21,0,0,1,20
0x495867,98.8506%,1,86,87,86,1,0,0
0x540f69,87.5%,1,7,8,3,0,1,4
0x59fdac,50%,1,1,2,0,0,1,1
0xa9a151,93.3333%,1,14,15,14,1,0,0
0x8f4dd8,83.3333%,1,5,6,0,0,1,5
0x94eb96,98.8889%,1,89,90,0,0,1,89
0x7b0571,66.6667%,1,2,3,2,1,0,0
0x7d40e2,98.1132%,1,52,53,7,1,0,45
0x405b8c,99.7658%,1,426,427,0,0,1,426
0x8a5cb0,50%,1,1,2,0,0,1,1
0xa22d5e,98.4615%,1,64,65,0,0,1,64
0x5121d2,97.2973%,1,36,37,0,0,1,36
0x5501b7,99.2647%,1,135,136,0,0,1,135
0x81be8b,99.5098%,1,203,204,0,0,1,203
0x782674,99.5833%,1,239,240,0,0,1,239
0xa1a316,88.8889%,1,8,9,8,1,0,0
0x40aa6c,0%,1,0,1,0,1,0,0
0x81d40c,99.4505%,1,181,182,0,0,1,181
0x5fe601,75%,1,3,4,3,1,0,0
0x8a5439,99.7585%,1,413,414,0,0,1,413
0xa960aa,96.1538%,1,25,26,0,0,1,25
0x77ad96,99.8084%,1,521,522,521,1,0,0
0x5fabf0,0%,1,0,1,0,0,1,0
0x8075fd,98.3051%,1,58,59,0,0,1,58
0xa95d94,93.75%,1,15,16,0,0,1,15
0xa2f7ce,99.5614%,1,227,228,0,0,1,227
0x9786b0,90%,1,9,10,9,1,0,0
0x6754af,0%,1,0,1,0,0,1,0
0x8388e4,80%,1,4,5,4,1,0,0
0x820a32,87.5%,1,7,8,0,0,1,7
0x976f6b,50%,1,1,2,0,0,1,1
0x7807c9,87.5%,1,7,8,0,0,1,7
0x8118c7,97.561%,1,40,41,40,1,0,0
0x8eec3c,99.631%,1,270,271,0,0,1,270
0x491572,99.3671%,1,157,158,0,0,1,157
0x5916ee,66.6667%,1,2,3,0,0,1,2
0x73d7f9,75%,1,3,4,3,1,0,0
0x651617,83.3333%,1,5,6,5,1,0,0
0x9810c4,98.4127%,1,62,63,0,0,1,62
0x94d180,97.8723%,1,46,47,0,0,1,46
0xa27750,75%,1,3,4,0,0,1,3
0x5b8d0c,50%,1,1,2,0,0,1,1
0xa993cd,66.6667%,1,2,3,0,0,1,2
0x65b0d6,92.3077%,1,12,13,0,0,1,12
0x8efca8,99.115%,1,112,113,112,1,0,0
0x9027c4,91.6667%,1,11,12,0,0,1,11
0x688e53,95.8333%,1,23,24,23,1,0,0
0x402052,99.5434%,1,218,219,0,0,1,218
0x405763,99.1803%,1,121,122,0,0,1,121
0xa4ed19,99.2754%,1,137,138,0,0,1,137
0xa02456,99.8145%,1,538,539,538,1,0,0
0x95b786,75%,1,3,4,0,0,1,3
0x9e0bd5,99.5633%,1,228,229,0,0,1,228
0x919099,50%,1,1,2,0,0,1,1
0x8e036a,99.8246%,1,569,570,0,0,1,569
0x5f5117,0%,1,0,1,0,1,0,0
0x80a451,99.7792%,1,452,453,0,0,1,452
0xace098,50%,1,1,2,0,0,1,1
0x4059f6,98.8636%,1,87,88,87,1,0,0
0x49c5da,83.3333%,1,5,6,0,0,1,5
0x9e2a6f,98.6486%,1,73,74,0,0,1,73
0xb467ba,0%,1,0,1,0,1,0,0
0x8bb2a3,0%,1,0,1,0,1,0,0
0x65a123,99.9316%,1,1462,1463,0,0,1,1462
0x6476d3,97.7778%,1,44,45,0,0,1,44
0x53f372,75%,1,3,4,0,0,1,3
0x9f4758,87.5%,1,7,8,0,0,1,7
0x627d6f,95.6522%,1,22,23,0,0,1,22
0xa3d220,87.5%,1,7,8,7,1,0,0
0x40af58,50%,1,1,2,1,1,0,0
0x598f0c,0%,1,0,1,0,1,0,0
0x6191a5,99.7207%,1,357,358,0,0,1,357
0x666d77,66.6667%,1,2,3,0,0,1,2
0x9ecb29,80%,1,4,5,4,1,0,0
0x5f9526,88.8889%,1,8,9,2,1,0,6
0x59169e,66.6667%,1,2,3,2,1,0,0
0x910038,99.8529%,1,679,680,0,0,1,679
0x4ac58c,87.5%,1,7,8,0,0,1,7
0xaccb5f,66.6667%,1,2,3,0,0,1,2
0x4b955d,50%,1,1,2,0,1,0,1
0x5f4210,85.7143%,1,6,7,0,0,1,6
0x489801,96%,1,24,25,0,0,1,24
0x495f20,98.1818%,1,54,55,0,0,1,54
0x8db726,99.3976%,1,165,166,165,1,0,0
0x4ac84f,93.3333%,1,14,15,0,0,1,14
0x817131,50%,1,1,2,0,0,1,1
0x58d1ca,95%,1,19,20,0,0,1,19
0x811fc5,92.8571%,1,13,14,13,1,0,0
0xa4543b,99.7093%,1,343,344,343,1,0,0
0x8a62c8,99.2647%,1,135,136,0,0,1,135
0x838f70,90%,1,9,10,0,0,1,9
0xa50701,97.2973%,1,36,37,36,1,0,0
0xa46e86,94.4444%,1,17,18,17,1,0,0
0x8101ed,99.8747%,1,797,798,0,0,1,797
0x64b557,98.0769%,1,51,52,51,1,0,0
0x911742,98.2143%,1,55,56,0,0,1,55
0x48a698,99.8559%,1,693,694,0,0,1,693
0x8a619e,99.3506%,1,153,154,0,0,1,153
0x8aa8d3,99.8639%,1,734,735,0,0,1,734
0x544121,88.8889%,1,8,9,0,0,1,8
0xa5412f,99.8559%,1,693,694,693,1,0,0
0x49b01b,50%,1,1,2,0,0,1,1
0x96af2e,92.8571%,1,13,14,13,1,0,0
0x5bdb01,66.6667%,1,2,3,2,1,0,0
0x8a60af,99.537%,1,215,216,0,0,1,215
0x5bd137,97.7273%,1,43,44,0,0,1,43
0x4b38a0,75%,1,3,4,0,0,1,3
0x9a1ccc,99.5074%,1,202,203,0,0,1,202
0x81afd1,80%,1,4,5,4,1,0,0
0x97300c,96.2963%,1,26,27,12,0,1,14
0x90b18e,98.5714%,1,69,70,69,1,0,0
0x8e421b,99.7319%,1,372,373,372,1,0,0
0x5f12c5,0%,1,0,1,0,1,0,0
0x409845,99.4898%,1,195,196,195,1,0,0
0x8eb8c8,99.7947%,1,486,487,0,0,1,486
0x5fab50,0%,1,0,1,0,1,0,0
0x5908ed,95.4545%,1,21,22,0,0,1,21
0x977050,83.3333%,1,5,6,0,0,1,5
0x9ec2c2,90%,1,9,10,9,1,0,0
0x606901,92.8571%,1,13,14,13,1,0,0
0xb4997b,0%,1,0,1,0,0,1,0
0x9a80fe,99.5745%,1,234,235,0,0,1,234
0xa06803,50%,1,1,2,1,1,0,0
0x8e0313,99.8246%,1,569,570,569,1,0,0
0x8a6b81,92.8571%,1,13,14,0,1,0,13
0x5f07ba,50%,1,1,2,0,0,1,1
0x812004,75%,1,3,4,0,0,1,3
0x724c87,50%,1,1,2,0,0,1,1
0x50f149,50%,1,1,2,0,0,1,1
0x975116,94.7368%,1,18,19,18,1,0,0
0x80fab9,50%,1,1,2,1,1,0,0
0xb1b9cb,99.9005%,1,1004,1005,1004,1,0,0
0x50ca9b,95%,1,19,20,0,0,1,19
0x49002b,90%,1,9,10,0,1,0,9
0x8ad70d,50%,1,1,2,0,0,1,1
0xa28222,66.6667%,1,2,3,0,0,1,2
0x6ec01e,0%,1,0,1,0,1,0,0
0x4ca42a,99.5283%,1,211,212,211,1,0,0
0x8114f6,99.8814%,1,842,843,842,1,0,0
0x9f826f,0%,1,0,1,0,1,0,0
0x67073d,0%,1,0,1,0,1,0,0
0xa04120,66.6667%,1,2,3,0,1,0,2
0x55449f,75%,1,3,4,0,0,1,3
0x943e72,50%,1,1,2,1,1,0,0
0x7817f8,75%,1,3,4,3,1,0,0
0x8a5cfd,99.5413%,1,217,218,0,0,1,217
0x980fd9,98.4848%,1,65,66,0,0,1,65
0x8bb6bf,92.3077%,1,12,13,0,0,1,12
0x409c79,99.6774%,1,309,310,0,0,1,309
0x63ee91,99.8632%,1,730,731,0,0,1,730
0x590705,66.6667%,1,2,3,0,0,1,2
0x808496,75%,1,3,4,0,0,1,3
0x5f9205,88.8889%,1,8,9,0,0,1,8
0x58c367,80%,1,4,5,1,0,1,3
0xa5066b,0%,1,0,1,0,0,1,0
0x9d0469,97.2222%,1,35,36,0,0,1,35
0x51292f,96%,1,24,25,21,0,1,3
0x501959,99.8807%,1,837,838,0,0,1,837
0x4aaf35,0%,1,0,1,0,0,1,0
0x8c87c3,99.7738%,1,441,442,441,1,0,0
0xa04260,50%,1,1,2,0,0,1,1
0xa5375c,87.5%,1,7,8,0,0,1,7
0x787bf9,90.9091%,1,10,11,4,1,0,6
0x819875,99.8791%,1,826,827,0,0,1,826
0xb4764f,93.75%,1,15,16,0,0,1,15
0x8a74af,99.6124%,1,257,258,0,0,1,257
0x40399e,97.2973%,1,36,37,0,0,1,36
0x78d234,50%,1,1,2,0,0,1,1
0x7d23a8,0%,1,0,1,0,0,1,0
0x4878e4,50%,1,1,2,0,0,1,1
0x5fe9b4,95.4545%,1,21,22,0,0,1,21
0x8a7367,99.7872%,1,469,470,0,0,1,469
0xa5bad2,98.6111%,1,71,72,0,0,1,71
0x59fa79,0%,1,0,1,0,0,1,0
0x9e5c09,97.1429%,1,34,35,34,1,0,0
0x4a9bbd,50%,1,1,2,0,0,1,1
0x5415d5,87.5%,1,7,8,2,1,0,5
0x402b37,99.8922%,1,927,928,927,1,0,0
0x8f5ad1,88.8889%,1,8,9,0,0,1,8
0x794810,93.75%,1,15,16,10,0,1,5
0x8126f4,98.0769%,1,51,52,51,1,0,0
0xa92590,94.4444%,1,17,18,7,1,0,10
0x8f4d46,83.3333%,1,5,6,5,1,0,0
0x9eb2b2,50%,1,1,2,0,0,1,1
0x81281b,93.3333%,1,14,15,0,0,1,14
0xaa89eb,99.9454%,1,1829,1830,1829,1,0,0
0x5dfc4f,92.8571%,1,13,14,13,1,0,0
0x789c24,80%,1,4,5,1,1,0,3
0x973bb9,90%,1,9,10,0,0,1,9
0xa9c981,97.2222%,1,35,36,0,0,1,35
0x8e1f69,99.5327%,1,213,214,0,0,1,213
0x999fb4,75%,1,3,4,3,1,0,0
0x8a8bd6,95.8333%,1,23,24,0,0,1,23
0x4b5ea5,90.9091%,1,10,11,0,1,0,10
0x510251,99.5763%,1,235,236,235,1,0,0
0xa27353,99.0566%,1,105,106,0,0,1,105
0x4bd105,66.6667%,1,2,3,0,1,0,2
0x511dba,99.7396%,1,383,384,0,0,1,383
0x808787,96.2963%,1,26,27,26,1,0,0
0x4bc278,92.3077%,1,12,13,12,1,0,0
0x4b6f03,96.4286%,1,27,28,27,1,0,0
0xa2107c,0%,1,0,1,0,0,1,0
0x911b75,98.8889%,1,89,90,0,0,1,89
0x4a7b6e,99.6979%,1,330,331,0,0,1,330
0x815189,99.697%,1,329,330,0,0,1,329
0x48eb9c,99.8623%,1,725,726,0,0,1,725
0x9e1606,96.2963%,1,26,27,0,0,1,26
0x980c14,97.8723%,1,46,47,46,1,0,0
0x5937db,94.7368%,1,18,19,0,0,1,18
0x6704bc,50%,1,1,2,1,1,0,0
0x95b517,75%,1,3,4,3,1,0,0
0x8bd2c9,99.9429%,1,1749,1750,1749,1,0,0
0x838aba,66.6667%,1,2,3,0,0,1,2
0x96e3c9,0%,1,0,1,0,1,0,0
0x9735e5,88.8889%,1,8,9,8,1,0,0
0x483c4d,94.7368%,1,18,19,18,1,0,0
0x80b951,95.8333%,1,23,24,23,1,0,0
0x592bbd,98.3051%,1,58,59,58,1,0,0
0x9ea220,50%,1,1,2,1,1,0,0
0x4bb6b1,99.3631%,1,156,157,0,0,1,156
0xa5027f,75%,1,3,4,0,0,1,3
0x956440,0%,1,0,1,0,1,0,0
0x69222b,95.4545%,1,21,22,21,1,0,0
0x538534,0%,1,0,1,0,0,1,0
0x48eadc,99.9093%,1,1102,1103,0,0,1,1102
0x5bc151,50%,1,1,2,0,0,1,1
0x8c873d,97.7273%,1,43,44,0,0,1,43
0x8f4cfc,99.9594%,1,2463,2464,0,0,1,2463
0x48ea35,99.7253%,1,363,364,0,0,1,363
0x90ab98,99.8959%,1,960,961,960,1,0,0
0x49c652,99.7812%,1,456,457,0,0,1,456
0x6673ce,97.5%,1,39,40,0,0,1,39
0x811f4e,99.798%,1,494,495,494,1,0,0
0x8a8971,85.7143%,1,6,7,6,1,0,0
0x4a1d52,95.6522%,1,22,23,0,0,1,22
0x8fd032,97.7273%,1,43,44,43,1,0,0
0x4c74aa,94.4444%,1,17,18,0,0,1,17
0xa355d7,99.6689%,1,301,302,0,0,1,301
0x48ef8d,98.1818%,1,54,55,0,0,1,54
0xa6553b,75%,1,3,4,3,1,0,0
0x80e738,99.3333%,1,149,150,149,1,0,0
0x40abc9,80%,1,4,5,4,1,0,0
0xb0c67f,99.9514%,1,2055,2056,2055,1,0,0
0x8ecc75,92.3077%,1,12,13,0,0,1,12
0xa58469,90%,1,9,10,9,1,0,0
0x593203,92.8571%,1,13,14,13,1,0,0
0x492e1a,50%,1,1,2,1,0,1,0
0x40988e,99.8024%,1,505,506,0,0,1,505
0x80b856,97.0588%,1,33,34,33,1,0,0
0x8aa014,98.0769%,1,51,52,51,1,0,0
0x816231,50%,1,1,2,0,0,1,1
0x99f81a,92.3077%,1,12,13,12,1,0,0
0x901038,97.2973%,1,36,37,0,0,1,36
0x535813,98.2759%,1,57,58,0,1,0,57
0x4bf1f8,98.8372%,1,85,86,0,0,1,85
0x4bb784,98.8372%,1,85,86,0,0,1,85
0x5b52ed,50%,1,1,2,0,0,1,1
0xa285ba,96.6667%,1,29,30,0,0,1,29
0x9d0016,80%,1,4,5,4,1,0,0
0x65c67d,75%,1,3,4,0,0,1,3
0xa51e54,97.4359%,1,38,39,0,0,1,38
0x63c614,99.8959%,1,960,961,960,1,0,0
0x9fc0fd,99.6732%,1,305,306,0,0,1,305
0x40f734,75%,1,3,4,3,1,0,0
0x80b37f,83.3333%,1,5,6,5,0,1,0
0x4ca4db,90%,1,9,10,0,0,1,9
0x5f1fc0,66.6667%,1,2,3,2,1,0,0
0x5561f4,66.6667%,1,2,3,0,0,1,2
0xa05339,75%,1,3,4,0,0,1,3
0x5f0f9a,97.0588%,1,33,34,33,1,0,0
0x8a726b,99.6429%,1,279,280,279,1,0,0
0x504a18,85.7143%,1,6,7,6,1,0,0
0x48da53,97.8261%,1,45,46,0,0,1,45
0x48da6c,97.8261%,1,45,46,0,0,1,45
0x40a972,98.9011%,1,90,91,90,1,0,0
0x5d8bb3,99.2701%,1,136,137,136,1,0,0
0x50b13c,75%,1,3,4,0,0,1,3
0x4c54c3,0%,1,0,1,0,1,0,0
0x78bf97,88.8889%,1,8,9,0,0,1,8
0xa66360,88.8889%,1,8,9,8,1,0,0
0x5542b9,50%,1,1,2,0,0,1,1
0xaaaaa7,66.6667%,1,2,3,2,0,1,0
0xa4bc7b,75%,1,3,4,3,1,0,0
0x9ee1ba,98.3871%,1,61,62,61,1,0,0
0x90cefb,99.8812%,1,841,842,841,1,0,0
0x8043d5,88.8889%,1,8,9,0,0,1,8
0x94edff,96.6667%,1,29,30,29,1,0,0
0x9b8fa2,98.7952%,1,82,83,0,0,1,82
0x8bb1c2,99.7807%,1,455,456,0,0,1,455
0x9e526b,90.9091%,1,10,11,10,1,0,0
0x81f795,98.9362%,1,93,94,0,0,1,93
0x977b7c,85.7143%,1,6,7,0,0,1,6
0x8d3351,66.6667%,1,2,3,2,1,0,0
0x608d6a,99.5%,1,199,200,0,0,1,199
0xa4c6e5,75%,1,3,4,0,0,1,3
0x7afc42,50%,1,1,2,1,1,0,0
0xa09593,0%,1,0,1,0,0,1,0
0x8e92ca,75%,1,3,4,3,1,0,0
0xa94b2a,75%,1,3,4,0,0,1,3
0x4c2ae7,98.8095%,1,83,84,0,0,1,83
0x811552,50%,1,1,2,0,0,1,1
0x4b7f9f,90.9091%,1,10,11,10,1,0,0
0x5906c4,99.9307%,1,1442,1443,1442,1,0,0
0x81cd56,99.4186%,1,171,172,0,0,1,171
0x96eab6,0%,1,0,1,0,0,1,0
0x4c92c6,93.75%,1,15,16,0,0,1,15
0x809722,80%,1,4,5,0,0,1,4
0x8eca65,98.5714%,1,69,70,0,0,1,69
0x8eca3a,98.5714%,1,69,70,0,0,1,69
0x555716,99.5968%,1,247,248,0,0,1,247
0x547469,98.3607%,1,60,61,0,0,1,60
0x554441,75%,1,3,4,3,1,0,0
0x99d2e8,88.8889%,1,8,9,0,0,1,8
0xa041ea,0%,1,0,1,0,0,1,0
0x4bcdf6,93.75%,1,15,16,0,1,0,15
0x90d09a,99.3865%,1,162,163,162,1,0,0
0x48bf37,99.0826%,1,108,109,0,0,1,108
0x4bb745,50%,1,1,2,0,0,1,1
0x596346,96.875%,1,31,32,31,1,0,0
0x48d8e1,50%,1,1,2,1,1,0,0
0x48d88c,92.3077%,1,12,13,1,1,0,11
0x817d4d,87.5%,1,7,8,0,0,1,7
0xa04338,0%,1,0,1,0,1,0,0
0x81cfb6,99.4505%,1,181,182,0,0,1,181
0x4a7d38,0%,1,0,1,0,1,0,0
0x48e83c,85.7143%,1,6,7,0,1,0,6
0x99e52f,92.3077%,1,12,13,12,1,0,0
0x9e72f5,0%,1,0,1,0,1,0,0
0xa943c5,99.5536%,1,223,224,0,0,1,223
0x65b1e7,92.3077%,1,12,13,12,1,0,0
0x90d17b,99.8331%,1,598,599,598,1,0,0
0x9fcf30,94.4444%,1,17,18,0,0,1,17
0x6b460e,0%,1,0,1,0,0,1,0
0x490246,83.3333%,1,5,6,0,0,1,5
0x58c37a,80%,1,4,5,3,1,0,1
0x81c13c,98.9583%,1,95,96,0,0,1,95
0x981528,96.5517%,1,28,29,0,0,1,28
0x80aa30,66.6667%,1,2,3,0,0,1,2
0x5f4202,85.7143%,1,6,7,0,0,1,6
0x48e8b3,85.7143%,1,6,7,6,0,1,0
0x627efd,95.6522%,1,22,23,0,0,1,22
0x9f47cd,87.5%,1,7,8,0,0,1,7
0x48d753,95.2381%,1,20,21,20,1,0,0
0x812256,99.3976%,1,165,166,165,1,0,0
0x673854,50%,1,1,2,1,1,0,0
0x9e8a39,0%,1,0,1,0,1,0,0
0x81288b,75%,1,3,4,3,1,0,0
0x678dc8,95.6522%,1,22,23,0,0,1,22
0x8a6b6d,95.8333%,1,23,24,0,1,0,23
0x8aab34,94.7368%,1,18,19,18,1,0,0
0x8e96f7,99.8958%,1,959,960,959,1,0,0
0x718112,0%,1,0,1,0,0,1,0
0x804db1,50%,1,1,2,0,0,1,1
0x63ac9c,99.5851%,1,240,241,0,0,1,240
0x7e2092,92.3077%,1,12,13,0,0,1,12
0x81287e,97.2973%,1,36,37,0,0,1,36
0x64b9e9,99.9284%,1,1396,1397,0,0,1,1396
0x7d3404,91.6667%,1,11,12,0,0,1,11
0x48d226,83.3333%,1,5,6,5,1,0,0
0x8ec921,50%,1,1,2,0,0,1,1
0xa5176f,98.7013%,1,76,77,76,1,0,0
0xa721fe,96.2963%,1,26,27,0,0,1,26
0x50738f,90.9091%,1,10,11,0,0,1,10
0xa09675,0%,1,0,1,0,0,1,0
0x8a53d2,83.3333%,1,5,6,0,0,1,5
0x80bc08,98.6667%,1,74,75,74,1,0,0
0x4bd48c,50%,1,1,2,0,0,1,1
0x5f86a9,98.6842%,1,75,76,0,0,1,75
0xa8ee86,87.5%,1,7,8,0,0,1,7
0x4bd492,50%,1,1,2,1,1,0,0
0x96e547,50%,1,1,2,0,1,0,1
0x981290,50%,1,1,2,1,0,1,0
0x54fbed,0%,1,0,1,0,1,0,0
0x4a9b18,66.6667%,1,2,3,0,1,0,2
0x816a13,92.3077%,1,12,13,12,0,1,0
0x8e1cc4,75%,1,3,4,3,1,0,0
0xa07800,50%,1,1,2,1,1,0,0
0x9fc584,92.8571%,1,13,14,0,0,1,13
0x80f4db,99.4318%,1,175,176,0,0,1,175
0x48fa26,90%,1,9,10,9,1,0,0
0x538714,99.9629%,1,2695,2696,0,0,1,2695
0x48fc69,75%,1,3,4,0,0,1,3
0x4a6ec2,99.7183%,1,354,355,0,0,1,354
0x4099e7,94.7368%,1,18,19,0,0,1,18
0x7c6f21,75%,1,3,4,3,1,0,0
0x6753e7,0%,1,0,1,0,0,1,0
0x814dc3,99.9075%,1,1080,1081,1080,0,1,0
0x5b2664,0%,1,0,1,0,1,0,0
0xa3679d,99.8145%,1,538,539,0,0,1,538
0xa961d8,50%,1,1,2,0,0,1,1
0x8ed55c,90%,1,9,10,6,0,1,3
0x8e2d8f,92.3077%,1,12,13,12,1,0,0
0x811c7a,98.1818%,1,54,55,0,0,1,54
0x70c269,83.3333%,1,5,6,0,0,1,5
0xa53f1c,99.0654%,1,106,107,0,0,1,106
0xa39aac,94.7368%,1,18,19,1,0,1,17
0x81d101,99.4505%,1,181,182,0,0,1,181
0x814bff,97.561%,1,40,41,40,1,0,0
0x8fe39d,96.6667%,1,29,30,14,1,0,15
0x6dceb6,75%,1,3,4,0,0,1,3
0x5904ba,50%,1,1,2,0,0,1,1
0x600275,95.6522%,1,22,23,0,0,1,22
0x80a5d1,80%,1,4,5,4,1,0,0
0x58e744,83.3333%,1,5,6,0,0,1,5
0x7c761f,75%,1,3,4,0,0,1,3
0x81ba03,99.5098%,1,203,204,0,0,1,203
0x8161af,50%,1,1,2,0,0,1,1
0x80a074,75%,1,3,4,3,1,0,0
0x65ad7e,0%,1,0,1,0,1,0,0
0x4a9700,90.9091%,1,10,11,10,1,0,0
0x619ad0,80%,1,4,5,0,0,1,4
0x5f2f89,0%,1,0,1,0,0,1,0
0x5b2074,94.7368%,1,18,19,0,1,0,18
0x8ec4ed,50%,1,1,2,0,0,1,1
0x65ad35,92.8571%,1,13,14,0,0,1,13
0x49010e,90%,1,9,10,0,0,1,9
0x81ff76,97.9167%,1,47,48,0,0,1,47
0x5b52a5,80%,1,4,5,4,1,0,0
0xa05e52,85.7143%,1,6,7,0,1,0,6
0x547983,93.3333%,1,14,15,0,0,1,14
0x5d7b20,75%,1,3,4,3,1,0,0
0x81e3b4,99.5349%,1,214,215,214,1,0,0
0x8ec809,50%,1,1,2,0,1,0,1
0x64a618,50%,1,1,2,1,1,0,0
0x5d147f,75%,1,3,4,0,0,1,3
0x405eb7,99.4382%,1,177,178,0,0,1,177
0x8f2e2e,99.8217%,1,560,561,0,0,1,560
0x81e180,99.5349%,1,214,215,0,0,1,214
0x490608,66.6667%,1,2,3,0,0,1,2
0x58e633,91.6667%,1,11,12,11,1,0,0
0x8f2f54,50%,1,1,2,1,1,0,0
0xa9f0cf,75%,1,3,4,0,0,1,3
0x6497ef,50%,1,1,2,1,1,0,0
0x4a7467,97.4359%,1,38,39,0,0,1,38
0x510bf3,99.6795%,1,311,312,0,0,1,311
0x409d20,98.7805%,1,81,82,0,0,1,81
0xa097e9,0%,1,0,1,0,0,1,0
0x805453,50%,1,1,2,0,0,1,1
0x81ed81,99.5968%,1,247,248,0,0,1,247
0x5f3e20,75%,1,3,4,3,0,1,0
0x64f215,94.1176%,1,16,17,0,0,1,16
0x8ad7ee,50%,1,1,2,1,1,0,0
0x804b08,50%,1,1,2,0,0,1,1
0x94d66f,75%,1,3,4,3,1,0,0
0xaa4a6e,66.6667%,1,2,3,2,1,0,0
0x65c0e5,99.7788%,1,451,452,451,1,0,0
0xa52ba0,99.5283%,1,211,212,0,0,1,211
0x47f8a0,94.7368%,1,18,19,0,1,0,18
0x5b0e94,98.1818%,1,54,55,0,0,1,54
0x80ad3b,50%,1,1,2,1,1,0,0
0x5910d6,0%,1,0,1,0,1,0,0
0xad456a,80%,1,4,5,0,0,1,4
0xa4ed05,95.4545%,1,21,22,21,1,0,0
0x50829c,99.8106%,1,527,528,527,1,0,0
0x4a0414,93.75%,1,15,16,15,1,0,0
0x5c4d05,99.422%,1,172,173,3,1,0,169
0x542be7,50%,1,1,2,1,1,0,0
0x9e6f7f,98.1818%,1,54,55,0,0,1,54
0xaa2d64,99.6711%,1,303,304,0,0,1,303
0x540517,50%,1,1,2,0,0,1,1
0x550915,95.2381%,1,20,21,0,0,1,20
0x9d1d39,94.1176%,1,16,17,0,0,1,16
0x538a15,99.8617%,1,722,723,0,0,1,722
0x40e6f9,98.7952%,1,82,83,0,0,1,82
0x53f190,80%,1,4,5,0,0,1,4
0x5488ec,87.5%,1,7,8,0,0,1,7
0x6491eb,50%,1,1,2,1,1,0,0
0xa40f1f,99.8106%,1,527,528,527,1,0,0
0x542f99,87.5%,1,7,8,0,0,1,7
0x81ef0a,97.5%,1,39,40,0,0,1,39
0x7f0c38,0%,1,0,1,0,1,0,0
0x4935d3,94.1176%,1,16,17,0,0,1,16
0x9e728c,99.6%,1,249,250,0,0,1,249
0x675602,0%,1,0,1,0,1,0,0
0x81ba94,99.5098%,1,203,204,0,0,1,203
0xa97b01,50%,1,1,2,0,0,1,1
0x55118e,95.2381%,1,20,21,0,0,1,20
0x5b41cf,96.7742%,1,30,31,0,0,1,30
0x8a934a,99.9675%,1,3079,3080,0,0,1,3079
0x9fe4c3,66.6667%,1,2,3,2,1,0,0
0x78b6cd,91.6667%,1,11,12,0,0,1,11
0x9f484f,87.5%,1,7,8,3,1,0,4
0x4c9e95,75%,1,3,4,0,0,1,3
0x9f8045,66.6667%,1,2,3,2,1,0,0
0x819175,97.0588%,1,33,34,0,0,1,33
0x49bf27,91.6667%,1,11,12,0,0,1,11
0x9fe12c,96%,1,24,25,24,1,0,0
0x50fb37,90%,1,9,10,0,0,1,9
0x9a97ce,95%,1,19,20,0,0,1,19
0x80a67d,99.5238%,1,209,210,0,0,1,209
0x9be551,50%,1,1,2,1,1,0,0
0xa4ca47,75%,1,3,4,0,0,1,3
0x4a639f,66.6667%,1,2,3,0,1,0,2
0x402f5f,83.3333%,1,5,6,0,0,1,5
0x7d2559,75%,1,3,4,3,1,0,0
0x649e17,50%,1,1,2,1,1,0,0
0xa58d94,99.1379%,1,115,116,0,0,1,115
0x678dcc,95.6522%,1,22,23,0,0,1,22
0x5d002f,75%,1,3,4,0,0,1,3
0x4903d4,66.6667%,1,2,3,0,0,1,2
0x49cf98,0%,1,0,1,0,0,1,0
0x501d1e,80%,1,4,5,4,1,0,0
0x5f6013,50%,1,1,2,0,0,1,1
0x9fe78e,97.2973%,1,36,37,0,0,1,36
0x70e933,50%,1,1,2,1,1,0,0
0x98b2c2,99.5455%,1,219,220,0,0,1,219
0x6499e7,50%,1,1,2,1,1,0,0
0x8eb0b4,83.3333%,1,5,6,0,0,1,5
0x6484c9,50%,1,1,2,0,0,1,1
0xa5d016,99.5575%,1,225,226,225,1,0,0
0x9ea1db,50%,1,1,2,1,1,0,0
0x48069f,96.5517%,1,28,29,0,0,1,28
0x7d420d,0%,1,0,1,0,0,1,0
0xa05a3b,98.2759%,1,57,58,0,0,1,57
0x58d91b,83.3333%,1,5,6,0,0,1,5
0x699426,0%,1,0,1,0,0,1,0
0xa44a52,75%,1,3,4,3,1,0,0
0x9a7a90,97.1429%,1,34,35,0,0,1,34
0x8139df,92.3077%,1,12,13,12,1,0,0
0xa961e2,50%,1,1,2,0,0,1,1
0x8ea7b5,75%,1,3,4,0,0,1,3
0xa9c683,99.2958%,1,141,142,0,0,1,141
0x9aae12,97.2973%,1,36,37,0,0,1,36
0x8e414d,99.9481%,1,1925,1926,1925,1,0,0
0x492caf,50%,1,1,2,1,1,0,0
0x4c8396,66.6667%,1,2,3,0,0,1,2
0x5cfd74,95.8333%,1,23,24,23,1,0,0
0x805e06,75%,1,3,4,0,0,1,3
0x80d402,50%,1,1,2,0,0,1,1
0x540c3c,99.6587%,1,292,293,0,0,1,292
0x81bd50,50%,1,1,2,0,0,1,1
0x5576b5,99.9789%,1,4729,4730,0,0,1,4729
0x540c4a,99.6587%,1,292,293,0,0,1,292
0x60c678,66.6667%,1,2,3,0,0,1,2
0x9f8fb9,99.2754%,1,137,138,0,0,1,137
0x557729,99.8062%,1,515,516,0,0,1,515
0x5cfda7,95.8333%,1,23,24,0,0,1,23
0x546430,99.7743%,1,442,443,0,0,1,442
0x495f9d,98.1818%,1,54,55,54,1,0,0
0x81f993,88.8889%,1,8,9,0,0,1,8
0x80858f,99.0291%,1,102,103,102,1,0,0
0xa2ee75,99.4565%,1,183,184,0,0,1,183
0xa09514,91.6667%,1,11,12,3,1,0,8
0x64a4fc,50%,1,1,2,1,1,0,0
0x6ec00d,0%,1,0,1,0,0,1,0
0x9f9543,96%,1,24,25,0,0,1,24
0x9a616f,96.2963%,1,26,27,26,1,0,0
0x9f6473,99.4413%,1,178,179,178,1,0,0
0x8381bc,80%,1,4,5,4,1,0,0
0xa56e09,50%,1,1,2,0,0,1,1
0x9a0c2c,96.4286%,1,27,28,0,0,1,27
0x94e8eb,96.6667%,1,29,30,0,0,1,29
0x7d41b8,80%,1,4,5,4,0,1,0
0x5e7889,98.6301%,1,72,73,0,0,1,72
0x9a30c0,99.631%,1,270,271,270,0,1,0
0x49a1c3,0%,1,0,1,0,1,0,0
0x805de7,75%,1,3,4,0,0,1,3
0x77b905,96.4286%,1,27,28,0,0,1,27
0x805fcb,99.9267%,1,1364,1365,1364,1,0,0
0x90cf63,99.8331%,1,598,599,0,0,1,598
0x784135,97.1429%,1,34,35,34,1,0,0
0x402e0d,75%,1,3,4,0,0,1,3
0x8aba6a,50%,1,1,2,1,1,0,0
0x67ec23,99.1803%,1,121,122,121,1,0,0
0x90d46b,99.6689%,1,301,302,0,0,1,301
0x8dce41,98.3607%,1,60,61,0,0,1,60
0x9988b7,83.3333%,1,5,6,0,1,0,5
0x403cb5,99.0476%,1,104,105,0,0,1,104
0x557b76,98.4615%,1,64,65,0,0,1,64
0xa087c7,87.5%,1,7,8,3,1,0,4
0x7cde8c,99.8737%,1,791,792,791,1,0,0
0x67a075,83.3333%,1,5,6,5,1,0,0
0x40a945,50%,1,1,2,1,1,0,0
0x80601d,99.5495%,1,221,222,0,0,1,221
0x81f5d0,75%,1,3,4,3,1,0,0
0x5f3eff,75%,1,3,4,3,1,0,0
0x8e11b8,97.2973%,1,36,37,36,1,0,0
0x5efc5e,66.6667%,1,2,3,1,1,0,1
0x5af6f8,88.8889%,1,8,9,8,1,0,0
0x679a88,98.3607%,1,60,61,0,0,1,60
0xa5d193,95.8333%,1,23,24,0,0,1,23
0x556045,99.5868%,1,241,242,0,0,1,241
0x679650,99.1071%,1,111,112,0,0,1,111
0x58e697,83.3333%,1,5,6,0,0,1,5
0x972cb1,99.2857%,1,139,140,0,0,1,139
0x80a408,50%,1,1,2,0,0,1,1
0x9f7a12,99.1071%,1,111,112,0,0,1,111
0x555a8b,98.1818%,1,54,55,54,1,0,0
0xa06864,50%,1,1,2,1,1,0,0
0x8aa8b1,99.8639%,1,734,735,734,1,0,0
0x81c0cb,98.9583%,1,95,96,0,0,1,95
0x59fd04,50%,1,1,2,0,0,1,1
0x5f060d,99.1803%,1,121,122,0,0,1,121
0x485d3b,99.6732%,1,305,306,0,0,1,305
0x59f5b8,75%,1,3,4,3,1,0,0
0x63af4c,99.8782%,1,820,821,0,0,1,820
0x554d2a,75%,1,3,4,0,0,1,3
0xa077e5,50%,1,1,2,0,0,1,1
0x94ee55,96.6667%,1,29,30,0,0,1,29
0x8e5edf,96.875%,1,31,32,0,0,1,31
0x49d269,0%,1,0,1,0,0,1,0
0x7807b1,87.5%,1,7,8,7,1,0,0
0x911d4d,99.843%,1,636,637,636,1,0,0
0x94ea6b,96.4286%,1,27,28,0,0,1,27
0x6774af,98.5915%,1,70,71,0,0,1,70
0x6472f9,80%,1,4,5,4,1,0,0
0x900735,99.2593%,1,134,135,0,0,1,134
0xa535ce,87.5%,1,7,8,7,1,0,0
0xa98423,50%,1,1,2,0,0,1,1
0x80561c,98.8764%,1,88,89,0,0,1,88
0xa07bb2,0%,1,0,1,0,1,0,0
0x811de3,99.9177%,1,1214,1215,0,0,1,1214
0x9698f2,98.6111%,1,71,72,0,0,1,71
0x64739a,99.8333%,1,599,600,0,0,1,599
0x6672a4,96.7742%,1,30,31,0,0,1,30
0x6964db,98.2143%,1,55,56,55,1,0,0
0x8f5720,99.8696%,1,766,767,766,1,0,0
0x8ef92b,99.7783%,1,450,451,0,0,1,450
0x8c87ed,75%,1,3,4,0,0,1,3
0x805316,50%,1,1,2,0,0,1,1
0x5f0a9d,66.6667%,1,2,3,0,0,1,2
0xa9db4a,92.8571%,1,13,14,13,1,0,0
0x5f40b8,83.3333%,1,5,6,5,1,0,0
0x805303,50%,1,1,2,0,0,1,1
0x5439b3,99.2593%,1,134,135,134,1,0,0
0x96af3e,85.7143%,1,6,7,0,0,1,6
0x8da7f1,83.3333%,1,5,6,0,0,1,5
0x9bde79,50%,1,1,2,0,0,1,1
0xad4540,80%,1,4,5,4,1,0,0
0x4a6f94,95%,1,19,20,0,0,1,19
0x9e046d,99.5261%,1,210,211,0,0,1,210
0x81edb6,99.5968%,1,247,248,247,1,0,0
0x8d4391,0%,1,0,1,0,1,0,0
0x63a695,97.2973%,1,36,37,36,1,0,0
0x5465dc,75%,1,3,4,0,0,1,3
0x491b85,50%,1,1,2,1,0,1,0
0x80a3a5,75%,1,3,4,0,0,1,3
0x9850da,91.6667%,1,11,12,0,0,1,11
0x9a95ca,95%,1,19,20,19,1,0,0
0x5f325e,80%,1,4,5,0,0,1,4
0x667377,97.5%,1,39,40,0,0,1,39
0x959611,75%,1,3,4,3,1,0,0
0x5474f9,50%,1,1,2,1,1,0,0
0xa28a1b,93.75%,1,15,16,0,0,1,15
0x556094,97.4359%,1,38,39,0,0,1,38
0x55623a,50%,1,1,2,1,1,0,0
0xa56196,99.2063%,1,125,126,125,1,0,0
0x4aaf0f,90.9091%,1,10,11,0,0,1,10
0xa41ec5,96.7742%,1,30,31,0,0,1,30
0x8f54b0,91.6667%,1,11,12,0,0,1,11
0x5f1c2d,85.7143%,1,6,7,0,0,1,6
0x5d1806,95.8333%,1,23,24,0,0,1,23
0x5f0ae0,0%,1,0,1,0,0,1,0
0x63f3bb,50%,1,1,2,1,1,0,0
0x5d0743,66.6667%,1,2,3,2,1,0,0
0x492e74,0%,1,0,1,0,1,0,0
0x8059c3,99.5536%,1,223,224,0,0,1,223
0x9a659e,75%,1,3,4,0,0,1,3
0xa49a85,75%,1,3,4,3,1,0,0
0x492e5a,0%,1,0,1,0,0,1,0
0x590739,66.6667%,1,2,3,0,0,1,2
0x40992f,99.6774%,1,309,310,309,1,0,0
0x67f43a,50%,1,1,2,1,1,0,0
0xa3b239,99.5614%,1,227,228,0,0,1,227
0x7d412d,93.75%,1,15,16,4,0,1,11
0x8ea07e,66.6667%,1,2,3,0,0,1,2
0xa4def2,95%,1,19,20,0,0,1,19
0x9813f7,50%,1,1,2,1,1,0,0
0x98133c,92.3077%,1,12,13,12,1,0,0
0x5d4659,92.8571%,1,13,14,13,1,0,0
0x6ed70b,0%,1,0,1,0,0,1,0
0xa03b02,99.1597%,1,118,119,0,0,1,118
0x58d422,91.6667%,1,11,12,0,0,1,11
0x5cf3a2,99.9474%,1,1900,1901,0,0,1,1900
0x6ed76b,0%,1,0,1,0,0,1,0
0x6ed290,0%,1,0,1,0,1,0,0
0x5dfbc4,92.8571%,1,13,14,0,0,1,13
0x81fd8d,97.9167%,1,47,48,0,0,1,47
0x6994d1,0%,1,0,1,0,0,1,0
0xa6b990,75%,1,3,4,3,1,0,0
0x915bd2,50%,1,1,2,0,0,1,1
0x5bc358,99.1597%,1,118,119,0,0,1,118
0x8aec94,99.2806%,1,138,139,130,0,1,8
0xa2aa2b,66.6667%,1,2,3,0,0,1,2
0xa902df,97.3684%,1,37,38,37,1,0,0
0xa0b9b7,66.6667%,1,2,3,0,1,0,2
0xa0b9aa,66.6667%,1,2,3,0,0,1,2
0x805e48,75%,1,3,4,3,1,0,0
0x7d1f04,75%,1,3,4,3,1,0,0
0xa03053,98.5294%,1,67,68,0,0,1,67
0x67501f,96%,1,24,25,0,0,1,24
0xa0b945,0%,1,0,1,0,0,1,0
0xa0b938,0%,1,0,1,0,0,1,0
0xa586db,87.5%,1,7,8,7,1,0,0
0x54822b,99.9854%,1,6828,6829,0,0,1,6828
0x6923ad,95.4545%,1,21,22,0,0,1,21
0xa21f3c,50%,1,1,2,0,1,0,1
0x5bd71b,99.3103%,1,144,145,144,1,0,0
0x6dce46,75%,1,3,4,3,1,0,0
0xa0b9ce,0%,1,0,1,0,0,1,0
0x4b5210,0%,1,0,1,0,0,1,0
0x6f09ef,93.75%,1,15,16,0,0,1,15
0x94617d,94.7368%,1,18,19,18,1,0,0
0xa03a40,99.1453%,1,116,117,116,1,0,0
0x683206,97.2973%,1,36,37,36,1,0,0
0x9ec377,97.5%,1,39,40,39,1,0,0
0x9ff6b3,80%,1,4,5,0,0,1,4
0x77b90a,96.4286%,1,27,28,27,1,0,0
0x4a780e,98.1132%,1,52,53,52,1,0,0
0x5dda63,0%,1,0,1,0,1,0,0
0x9ea3bd,98.6111%,1,71,72,0,0,1,71
0x959803,97.9167%,1,47,48,47,1,0,0
0x9ea489,98.6111%,1,71,72,0,0,1,71
0x810b87,93.75%,1,15,16,0,0,1,15
0x9ea2a2,50%,1,1,2,0,0,1,1
0x402ee8,83.3333%,1,5,6,0,0,1,5
0x9ea4a7,98.6111%,1,71,72,0,0,1,71
0x80c457,80%,1,4,5,4,1,0,0
0x9f8392,50%,1,1,2,1,1,0,0
0x5b52fe,50%,1,1,2,1,1,0,0
0x4ac191,99.4186%,1,171,172,0,0,1,171
0x8e7709,91.6667%,1,11,12,11,1,0,0
0x821c6b,98.5915%,1,70,71,70,1,0,0
0x5ec518,87.5%,1,7,8,7,1,0,0
0xa02c40,50%,1,1,2,0,0,1,1
0xb18277,99.505%,1,201,202,0,0,1,201
0x8bcbf9,96.1538%,1,25,26,0,0,1,25
0xa031c8,75%,1,3,4,3,0,1,0
0x990ab1,99.0196%,1,101,102,0,0,1,101
0xa5a00f,85.7143%,1,6,7,0,0,1,6
0xa974c7,66.6667%,1,2,3,1,0,1,1
0x5f91c2,75%,1,3,4,3,1,0,0
0x671530,50%,1,1,2,1,1,0,0
0x80c3d6,0%,1,0,1,0,0,1,0
0xa3485f,99.8102%,1,526,527,0,0,1,526
0x590a6b,75%,1,3,4,1,1,0,2
0xa02e1d,99.0826%,1,108,109,108,1,0,0
0x699436,0%,1,0,1,0,0,1,0
0x77b9ed,95.8333%,1,23,24,0,0,1,23
0xa5970d,90%,1,9,10,9,1,0,0
0xa02c86,96.875%,1,31,32,0,0,1,31
0xacabd1,96.4286%,1,27,28,27,1,0,0
0x67f390,50%,1,1,2,0,0,1,1
0x81caf6,98.3333%,1,59,60,0,0,1,59
0x58cb8b,99.0291%,1,102,103,0,0,1,102
0xa0f38c,83.3333%,1,5,6,5,1,0,0
0x590df8,0%,1,0,1,0,0,1,0
0xa47e72,97.1429%,1,34,35,34,1,0,0
0x510812,90.9091%,1,10,11,10,1,0,0
0xa0f366,83.3333%,1,5,6,0,0,1,5
0xa94b67,75%,1,3,4,3,1,0,0
0x5cfca9,95.8333%,1,23,24,0,0,1,23
0x9e790e,99.1803%,1,121,122,0,0,1,121
0xaaaf46,99.1935%,1,123,124,0,0,1,123
0x81f03c,75%,1,3,4,3,1,0,0
0xa59327,97.6744%,1,42,43,0,0,1,42
0xa0f27c,83.3333%,1,5,6,0,0,1,5
0xa584b0,90%,1,9,10,9,1,0,0
0x5d8a3d,83.3333%,1,5,6,5,1,0,0
0x7e11e2,0%,1,0,1,0,1,0,0
0x99aba4,0%,1,0,1,0,1,0,0
0x8efc02,99.1453%,1,116,117,0,0,1,116
0x64bd87,99.1597%,1,118,119,0,0,1,118
0xa95388,83.3333%,1,5,6,1,1,0,4
0x5f3c7f,66.6667%,1,2,3,2,1,0,0
0xa04193,80%,1,4,5,0,1,0,4
0x535893,98.4375%,1,63,64,0,1,0,63
0xa9558a,75%,1,3,4,0,0,1,3
0xa95416,75%,1,3,4,0,0,1,3
0x81cb8f,99.4186%,1,171,172,0,0,1,171
0x9f49ff,75%,1,3,4,2,1,0,1
0x94edc2,96.6667%,1,29,30,0,0,1,29
0x94b16b,99.5169%,1,206,207,0,0,1,206
0xa02f8a,98.5294%,1,67,68,0,0,1,67
0xa8f808,75%,1,3,4,0,0,1,3
0xa945d6,50%,1,1,2,1,1,0,0
0xa54540,50%,1,1,2,0,0,1,1
0xa0badd,0%,1,0,1,0,0,1,0
0xa01ca2,66.6667%,1,2,3,0,0,1,2
0x4c7f8b,75%,1,3,4,3,1,0,0
0x97ac7c,92.8571%,1,13,14,13,1,0,0
0x4a8712,50%,1,1,2,0,0,1,1
0xa0b9fd,0%,1,0,1,0,0,1,0
0x5fdc89,0%,1,0,1,0,1,0,0
0x9f7c7f,92.3077%,1,12,13,0,1,0,12
0x81734a,0%,1,0,1,0,1,0,0
0x8e0da8,99.5633%,1,228,229,228,1,0,0
0x66648f,96.6667%,1,29,30,0,0,1,29
0x9e8485,66.6667%,1,2,3,2,1,0,0
0x9a7ce3,91.6667%,1,11,12,0,0,1,11
0x64e032,99.7151%,1,350,351,0,0,1,350
0x7c6872,50%,1,1,2,0,0,1,1
0xa46cef,99.5652%,1,229,230,229,1,0,0
0xa0b9e2,0%,1,0,1,0,0,1,0
0x8fd7bc,93.3333%,1,14,15,12,0,1,2
0x7ad519,96.1538%,1,25,26,0,0,1,25
0x9f5cd6,94.7368%,1,18,19,0,0,1,18
0xa04137,0%,1,0,1,0,0,1,0
0x804768,50%,1,1,2,1,1,0,0
0xa536b3,83.3333%,1,5,6,5,1,0,0
0x9f5bb3,87.5%,1,7,8,3,1,0,4
0xa50121,99.3243%,1,147,148,0,0,1,147
0x809f3b,50%,1,1,2,0,0,1,1
0xa0bc82,83.3333%,1,5,6,5,1,0,0
0x5c4fa9,99.3976%,1,165,166,0,0,1,165
0x5b0efe,0%,1,0,1,0,0,1,0
0x8f033e,99.1453%,1,116,117,116,1,0,0
0x5d0386,83.3333%,1,5,6,2,1,0,3
0xa06058,75%,1,3,4,2,1,0,1
0x8e4aae,97.7273%,1,43,44,43,1,0,0
0xa0bc63,85.7143%,1,6,7,0,1,0,6
0xa28817,93.75%,1,15,16,0,0,1,15
0x8a6083,50%,1,1,2,0,0,1,1
0x99a87a,99.4083%,1,168,169,0,0,1,168
0x5f0570,96.2963%,1,26,27,0,0,1,26
0xa44815,50%,1,1,2,1,1,0,0
0x99f6b6,92.3077%,1,12,13,12,1,0,0
0x944ec6,96.6667%,1,29,30,29,1,0,0
0x8c832d,90.9091%,1,10,11,0,0,1,10
0x70e909,50%,1,1,2,1,1,0,0
0x58c028,98.6842%,1,75,76,0,0,1,75
0x9a728a,96%,1,24,25,0,1,0,24
0x5eb99a,50%,1,1,2,0,0,1,1
0x67f122,99.9505%,1,2020,2021,0,0,1,2020
0x8f66e8,99.7183%,1,354,355,0,0,1,354
0x9ea886,50%,1,1,2,0,0,1,1
0x8a67b2,88.8889%,1,8,9,8,1,0,0
0x807b40,99.187%,1,122,123,122,1,0,0
0x9bd1b5,98.1818%,1,54,55,0,0,1,54
0x81f4ed,75%,1,3,4,0,0,1,3
0x8e6ede,99.7537%,1,405,406,405,1,0,0
0x8f6e96,99.8217%,1,560,561,0,0,1,560
0xa721e0,96.2963%,1,26,27,26,1,0,0
0x9ea8e8,50%,1,1,2,1,1,0,0
0x809e95,50%,1,1,2,0,0,1,1
0x489a45,99.8243%,1,568,569,568,1,0,0
0x53b3a1,50%,1,1,2,0,0,1,1
0xa39a63,94.7368%,1,18,19,0,1,0,18
0x8088ba,99.5671%,1,230,231,230,1,0,0
0x90e2fd,99.8342%,1,602,603,0,0,1,602
0xa3bd69,87.5%,1,7,8,0,0,1,7
0x90a8b9,98.6486%,1,73,74,0,0,1,73
0x98078c,90.9091%,1,10,11,0,0,1,10
0x7ce82c,96.875%,1,31,32,31,1,0,0
0x7ac253,83.3333%,1,5,6,5,1,0,0
0x8dc554,75%,1,3,4,0,0,1,3
0x9d25e5,50%,1,1,2,1,0,1,0
0x5aefc7,95.4545%,1,21,22,21,1,0,0
0x59bf6f,98.1132%,1,52,53,52,1,0,0
0x59a3e7,50%,1,1,2,1,1,0,0
0x5d6891,66.6667%,1,2,3,2,1,0,0
0xa6c6ba,97.6744%,1,42,43,42,1,0,0
0x9ec054,90%,1,9,10,0,0,1,9
0xaadbed,99.6923%,1,324,325,0,0,1,324
0x510524,99.9199%,1,1247,1248,0,0,1,1247
0xa7a1e2,99.4286%,1,174,175,0,0,1,174
0x9f3a5a,75%,1,3,4,1,1,0,2
0x8212bc,50%,1,1,2,1,1,0,0
0xa64c7e,87.5%,1,7,8,0,0,1,7
0x78ac0c,75%,1,3,4,0,0,1,3
0x984442,98.4848%,1,65,66,65,1,0,0
0xa41520,96%,1,24,25,0,0,1,24
0x67f64e,99.5968%,1,247,248,0,0,1,247
0x5b4a0a,50%,1,1,2,0,0,1,1
0x9ead24,50%,1,1,2,0,0,1,1
0x66621d,97.9167%,1,47,48,47,1,0,0
0x672338,50%,1,1,2,1,1,0,0
0x63f02d,50%,1,1,2,0,0,1,1
0x490e01,83.3333%,1,5,6,5,1,0,0
0xa5b14e,87.5%,1,7,8,0,1,0,7
0xa25807,80%,1,4,5,4,1,0,0
0x68373b,98.7654%,1,80,81,0,0,1,80
0x4b0d8c,50%,1,1,2,1,1,0,0
0x9d1e1b,80%,1,4,5,0,0,1,4
0x4a25b8,83.3333%,1,5,6,2,0,1,3
0x980d68,97.8723%,1,46,47,0,0,1,46
0x9eb0b4,50%,1,1,2,0,0,1,1
0x9eb235,98.2143%,1,55,56,55,1,0,0
0x63d776,66.6667%,1,2,3,2,1,0,0
0x819984,99.6835%,1,315,316,0,0,1,315
0x49beb4,50%,1,1,2,1,1,0,0
0x9ea9d4,50%,1,1,2,0,0,1,1
0x6d45c4,99.3103%,1,144,145,0,0,1,144
0x8dd066,99.8395%,1,622,623,0,0,1,622
0x4831f8,96.5517%,1,28,29,0,0,1,28
0x97a46f,94.4444%,1,17,18,0,0,1,17
0x9a1486,98.5507%,1,68,69,0,0,1,68
0x4a7727,75%,1,3,4,2,0,1,1
0x8ecbeb,98.0769%,1,51,52,0,0,1,51
0xa9ed97,92.8571%,1,13,14,0,0,1,13
0xace5b9,50%,1,1,2,0,0,1,1
0x81398d,97.7273%,1,43,44,0,0,1,43
0x619cbc,95%,1,19,20,0,0,1,19
0x58da4e,99.5215%,1,208,209,0,0,1,208
0x54d9c6,97.4359%,1,38,39,0,0,1,38
0x61026e,96.9697%,1,32,33,0,0,1,32
0x977043,87.5%,1,7,8,1,1,0,6
0x50591e,98.7805%,1,81,82,81,1,0,0
0x837f01,83.3333%,1,5,6,0,0,1,5
0x5d2a81,87.5%,1,7,8,7,1,0,0
0x681648,0%,1,0,1,0,1,0,0
0xa2124e,87.5%,1,7,8,0,0,1,7
0x4b5552,83.3333%,1,5,6,5,1,0,0
0x688eb6,95.8333%,1,23,24,23,1,0,0
0x53c46d,99.2424%,1,131,132,0,0,1,131
0x9ea4fb,99.0741%,1,107,108,107,1,0,0
0x5d3bce,87.5%,1,7,8,0,0,1,7
0xa03a1c,99.1453%,1,116,117,116,1,0,0
0xa47817,75%,1,3,4,3,1,0,0
0x8f4bff,99.4318%,1,175,176,0,0,1,175
0x9e831b,96%,1,24,25,24,1,0,0
0x70c282,83.3333%,1,5,6,0,0,1,5
0x551093,83.3333%,1,5,6,5,1,0,0
0xa37251,83.3333%,1,5,6,0,0,1,5
0xa50b8b,93.75%,1,15,16,0,0,1,15
0x7d448a,50%,1,1,2,0,0,1,1
0x4a784d,98.1132%,1,52,53,52,1,0,0
0x900fb4,97.2973%,1,36,37,0,0,1,36
0x7b72a5,50%,1,1,2,0,0,1,1
0x90bb70,95.4545%,1,21,22,21,1,0,0
0x9fc4f1,92.8571%,1,13,14,13,1,0,0
0x805023,50%,1,1,2,0,0,1,1
0xa4f83b,50%,1,1,2,0,0,1,1
0x5f3b92,66.6667%,1,2,3,2,1,0,0
0x4bac6d,99.8273%,1,578,579,0,0,1,578
0xa85427,80%,1,4,5,0,0,1,4
0xa052e7,75%,1,3,4,0,0,1,3
0x9117e5,96.7742%,1,30,31,0,0,1,30
0x8ee090,97.619%,1,41,42,0,0,1,41
0x8ddae3,99.1071%,1,111,112,0,0,1,111
0x8dcd40,99.8035%,1,508,509,0,0,1,508
0xa3bded,87.5%,1,7,8,0,0,1,7
0x77aeb5,0%,1,0,1,0,1,0,0
0x821485,99.9496%,1,1985,1986,1985,1,0,0
0x4936cb,99.2188%,1,127,128,0,0,1,127
0x49d20c,0%,1,0,1,0,0,1,0
0x9ea686,99.4048%,1,167,168,0,1,0,167
0x90c889,98.7179%,1,77,78,0,0,1,77
0x9fcf11,96%,1,24,25,0,0,1,24
0x672c89,50%,1,1,2,0,0,1,1
0x9ea7d0,96.875%,1,31,32,0,0,1,31
0x901b5a,99.6094%,1,255,256,0,0,1,255
0x64c08d,88.8889%,1,8,9,8,1,0,0
0x4bd144,87.5%,1,7,8,0,1,0,7
0x660f8a,50%,1,1,2,1,1,0,0
0x49fec4,99.8832%,1,855,856,0,0,1,855
0x9ea7e3,96.875%,1,31,32,0,0,1,31
0x5bc0d1,50%,1,1,2,1,1,0,0
0xa07515,97.7778%,1,44,45,0,1,0,44
0x5a96cd,80%,1,4,5,0,0,1,4
0xa3254e,75%,1,3,4,3,1,0,0
0x6a3b54,96.1538%,1,25,26,0,0,1,25
0x80b436,0%,1,0,1,0,0,1,0
0x7d33cb,91.6667%,1,11,12,0,0,1,11
0x4a7feb,98.913%,1,91,92,0,0,1,91
0x9f068d,50%,1,1,2,1,1,0,0
0x9813e6,98.6667%,1,74,75,0,0,1,74
0x8f6ad0,99.4048%,1,167,168,0,0,1,167
0x9e048f,99.1228%,1,113,114,0,0,1,113
0xa3d822,87.5%,1,7,8,7,1,0,0
0x8fcddc,97.7273%,1,43,44,0,0,1,43
0x94ee6f,96.6667%,1,29,30,29,1,0,0
0x64a4f0,50%,1,1,2,0,0,1,1
0x81e765,99.2806%,1,138,139,138,1,0,0
0x4be5c1,90.9091%,1,10,11,10,1,0,0
0x4c5d27,95.2381%,1,20,21,0,0,1,20
0x9cfc3c,87.5%,1,7,8,7,1,0,0
0x838707,80%,1,4,5,4,1,0,0
0x8e8de2,50%,1,1,2,1,1,0,0
0x545d15,99.954%,1,2174,2175,0,0,1,2174
0x97a67c,87.5%,1,7,8,0,0,1,7
0x9009d8,99.3151%,1,145,146,0,0,1,145
0x97acd8,87.5%,1,7,8,0,0,1,7
0x97ac8d,92.8571%,1,13,14,13,1,0,0
0x97abd1,92.8571%,1,13,14,0,0,1,13
0x81b955,99.6845%,1,316,317,316,1,0,0
0x816d04,0%,1,0,1,0,1,0,0
0x8e9341,66.6667%,1,2,3,2,1,0,0
0x65a0fd,99.0991%,1,110,111,0,0,1,110
0x9e0460,99.5261%,1,210,211,0,0,1,210
0x60e5a0,0%,1,0,1,0,0,1,0
0x618ab6,98.5714%,1,69,70,69,1,0,0
0xaa4a0e,66.6667%,1,2,3,0,0,1,2
0x60e5da,0%,1,0,1,0,1,0,0
0xb17ad4,99.8601%,1,714,715,714,1,0,0
0xa0a5d1,87.5%,1,7,8,3,1,0,4
0x7f0673,50%,1,1,2,0,0,1,1
0x5908dd,95.4545%,1,21,22,0,0,1,21
0x7efa35,50%,1,1,2,0,0,1,1
0x96c21b,96.1538%,1,25,26,0,0,1,25
0x9a8a50,98.3871%,1,61,62,61,1,0,0
0x9f252d,98.7805%,1,81,82,0,0,1,81
0x9f25c4,97.4359%,1,38,39,38,1,0,0
0xace383,50%,1,1,2,0,0,1,1
0x8a5e86,99.2806%,1,138,139,0,0,1,138
0x7efb99,50%,1,1,2,0,0,1,1
0xb23014,99.3506%,1,153,154,0,0,1,153
0x5a8829,50%,1,1,2,0,0,1,1
0x5ee16b,99.5868%,1,241,242,0,0,1,241
0x81e0ed,99.5349%,1,214,215,214,1,0,0
0xa5bda9,96.875%,1,31,32,0,0,1,31
0x546338,99.7743%,1,442,443,442,1,0,0
0x49ce4a,87.5%,1,7,8,7,1,0,0
0xb18260,99.9005%,1,1004,1005,1004,1,0,0
0xa90ed3,75%,1,3,4,0,0,1,3
0xa448d5,98.0769%,1,51,52,51,1,0,0
0x7826e1,83.3333%,1,5,6,0,0,1,5
0x9f0819,80%,1,4,5,0,0,1,4
0x820d6d,96.9697%,1,32,33,32,1,0,0
0xb180e0,99.9305%,1,1437,1438,0,0,1,1437
0x51b69e,87.5%,1,7,8,1,0,1,6
0xa9db67,97.9167%,1,47,48,0,0,1,47
0x9e629e,98.6111%,1,71,72,0,0,1,71
0xa05802,80%,1,4,5,0,1,0,4
0xa9c9be,97.0588%,1,33,34,33,1,0,0
0xa58343,87.5%,1,7,8,0,0,1,7
0xb180f4,99.9305%,1,1437,1438,0,0,1,1437
0x9e8458,66.6667%,1,2,3,2,1,0,0
0x666d59,75%,1,3,4,0,1,0,3
0x5f5a2e,50%,1,1,2,1,1,0,0
0x9f0760,50%,1,1,2,0,0,1,1
0x6477ec,99.2647%,1,135,136,135,1,0,0
0x81b518,83.3333%,1,5,6,5,1,0,0
0x63b56a,99.9234%,1,1305,1306,0,0,1,1305
0xa5768b,92.8571%,1,13,14,4,1,0,9
0x666cd3,50%,1,1,2,0,0,1,1
0x88ea28,97.4359%,1,38,39,38,1,0,0
0x9ef280,99.4253%,1,173,174,173,1,0,0
0x50389b,90%,1,9,10,9,1,0,0
0x5f13ac,97.5%,1,39,40,0,0,1,39
0x482579,88.8889%,1,8,9,8,1,0,0
0x4c0dfc,96.875%,1,31,32,31,1,0,0
0x9735ff,88.8889%,1,8,9,0,0,1,8
0xa910cc,99.2537%,1,133,134,0,0,1,133
0x4c7f99,85.7143%,1,6,7,6,1,0,0
0x9f01e7,50%,1,1,2,0,0,1,1
0x5466db,75%,1,3,4,0,0,1,3
0x80a62c,50%,1,1,2,0,0,1,1
0x838a25,50%,1,1,2,0,0,1,1
0xb23039,99.3506%,1,153,154,0,0,1,153
0xb2304a,99.3506%,1,153,154,0,0,1,153
0xaa7d0e,90%,1,9,10,0,0,1,9
0xa1a1a4,80%,1,4,5,0,0,1,4
0xb230df,99.3506%,1,153,154,153,1,0,0
0x99bdf0,92.3077%,1,12,13,0,0,1,12
0x9f080d,0%,1,0,1,0,0,1,0
0x9e5761,97.4359%,1,38,39,38,1,0,0
0xa96d58,95.2381%,1,20,21,20,1,0,0
0x9f07c6,50%,1,1,2,0,0,1,1
0x5f1328,98.4375%,1,63,64,63,1,0,0
0x5f87c4,0%,1,0,1,0,0,1,0
0x9f0751,50%,1,1,2,0,0,1,1
0xa2f4e7,99.3333%,1,149,150,149,1,0,0
0x99cf24,88.8889%,1,8,9,8,1,0,0
0xa6b808,75%,1,3,4,3,1,0,0
0x81b40e,90.9091%,1,10,11,0,0,1,10
0x94a1aa,98.75%,1,79,80,0,0,1,79
0xa05e4a,0%,1,0,1,0,0,1,0
0x5bad18,99.2248%,1,128,129,0,0,1,128
0x80b385,0%,1,0,1,0,0,1,0
0xa5c34b,91.6667%,1,11,12,0,0,1,11
0x9fe325,99.2537%,1,133,134,0,0,1,133
0x7f0c99,98.6667%,1,74,75,0,0,1,74
0xace0a4,50%,1,1,2,0,0,1,1
0x677baa,98.7179%,1,77,78,77,1,0,0
0xace0b8,50%,1,1,2,0,0,1,1
0x8f4028,98.3607%,1,60,61,60,1,0,0
0x804eaf,98.9583%,1,95,96,0,0,1,95
0xa5c5f5,94.4444%,1,17,18,7,1,0,10
0x402d30,98.3051%,1,58,59,0,0,1,58
0xa3d14d,87.5%,1,7,8,0,0,1,7
0x5bac51,99.7354%,1,377,378,377,1,0,0
0xa43faa,98.4375%,1,63,64,63,1,0,0
0xa30bd9,99.5169%,1,206,207,0,0,1,206
0x51c9a5,94.1176%,1,16,17,16,1,0,0
0x820bc5,0%,1,0,1,0,0,1,0
0xaa2adb,66.6667%,1,2,3,2,0,1,0
0x5422b5,99.5434%,1,218,219,0,0,1,218
0xa1baf0,75%,1,3,4,0,1,0,3
0x666109,66.6667%,1,2,3,1,1,0,1
0x4857d4,96.2963%,1,26,27,11,1,0,15
0x81396f,97.7273%,1,43,44,0,0,1,43
0x7efca4,50%,1,1,2,1,1,0,0
0x809f2b,50%,1,1,2,0,0,1,1
0x8f2f20,50%,1,1,2,1,1,0,0
0xacd94f,50%,1,1,2,1,1,0,0
0xa5c38f,98.6111%,1,71,72,71,1,0,0
0x9e04e8,98.2759%,1,57,58,0,0,1,57
0x5ffb03,97.8261%,1,45,46,45,1,0,0
0x81f824,97.7778%,1,44,45,44,1,0,0
0x8e3edc,75%,1,3,4,0,0,1,3
0x65ad6f,0%,1,0,1,0,0,1,0
0x9a48f1,93.75%,1,15,16,0,0,1,15
0xaccb08,66.6667%,1,2,3,0,0,1,2
0x7eeb87,50%,1,1,2,0,0,1,1
0x8f45b3,98.2456%,1,56,57,56,1,0,0
0xa06aec,50%,1,1,2,0,0,1,1
0x4ba35d,99.6933%,1,325,326,325,1,0,0
0x5934ce,99.3289%,1,148,149,0,0,1,148
0xa5bed6,96.875%,1,31,32,0,0,1,31
0x60851a,90%,1,9,10,9,1,0,0
0x8e9389,75%,1,3,4,0,0,1,3
0xa5bec0,96.875%,1,31,32,31,1,0,0
0xa375d7,90%,1,9,10,9,1,0,0
0x60e60f,97.3684%,1,37,38,0,0,1,37
0x5f0cf7,97.0588%,1,33,34,0,0,1,33
0xa5bdfa,96.875%,1,31,32,31,1,0,0
0xb17bc0,99.9057%,1,1060,1061,0,0,1,1060
0xa4a860,50%,1,1,2,0,0,1,1
0x48d331,50%,1,1,2,1,1,0,0
0x5bb735,95.6522%,1,22,23,22,1,0,0
0xa040b9,0%,1,0,1,0,0,1,0
0x90be3d,99.8959%,1,960,961,0,0,1,960
0x96e7a8,0%,1,0,1,0,1,0,0
0x8d22ca,99.5984%,1,248,249,248,1,0,0
0xa5c550,99.4595%,1,184,185,0,0,1,184
0xa5c821,99.0991%,1,110,111,110,1,0,0
0x67f3dd,50%,1,1,2,0,0,1,1
0x494a3d,50%,1,1,2,0,0,1,1
0x677b66,99.7199%,1,356,357,356,1,0,0
0x80c331,97.1429%,1,34,35,34,0,1,0
0x9a623b,96.5517%,1,28,29,28,1,0,0
0x819d9e,99.6942%,1,326,327,0,0,1,326
0x679b19,83.3333%,1,5,6,5,1,0,0
0x7d28d7,91.6667%,1,11,12,0,0,1,11
0x5bb08d,99.0196%,1,101,102,101,1,0,0
0x99b09e,97.5%,1,39,40,0,0,1,39
0xa32c91,98.9474%,1,94,95,0,0,1,94
0x49050f,66.6667%,1,2,3,0,0,1,2
0x7dfa92,50%,1,1,2,1,1,0,0
0x4a97b0,75%,1,3,4,0,0,1,3
0x60e124,98.4848%,1,65,66,65,1,0,0
0x58d8c1,98.5507%,1,68,69,0,0,1,68
0x7826d3,83.3333%,1,5,6,0,0,1,5
0x64bcb5,99.9435%,1,1770,1771,0,0,1,1770
0x4c6820,91.6667%,1,11,12,0,0,1,11
0x5a91b2,96.9697%,1,32,33,0,0,1,32
0xa3e2f9,87.5%,1,7,8,0,0,1,7
0x538526,50%,1,1,2,0,1,0,1
0x5b0574,50%,1,1,2,1,1,0,0
0x8f6cd6,97.7778%,1,44,45,0,0,1,44
0x6ebfec,0%,1,0,1,0,0,1,0
0x5bd47e,99.8691%,1,763,764,0,0,1,763
0xa9421e,96.1538%,1,25,26,25,1,0,0
0x5bd3de,99.8808%,1,838,839,0,0,1,838
0x4c27a2,80%,1,4,5,0,0,1,4
0xa98d9c,50%,1,1,2,0,0,1,1
0x6b702f,0%,1,0,1,0,1,0,0
0x8084c5,75%,1,3,4,0,0,1,3
0xa34552,99.115%,1,112,113,0,0,1,112
0x9eb5aa,98.4127%,1,62,63,62,1,0,0
0x9ebcb7,98.4127%,1,62,63,6,1,0,56
0x9ebccc,98.2143%,1,55,56,55,1,0,0
0x6b461c,0%,1,0,1,0,1,0,0
0x816414,98.1481%,1,53,54,52,0,1,1
0x6d11de,75%,1,3,4,0,0,1,3
0x7bccbf,50%,1,1,2,0,0,1,1
0x9499f1,98.1132%,1,52,53,52,1,0,0
0xa07359,88.8889%,1,8,9,0,0,1,8
0x5c37e5,75%,1,3,4,0,0,1,3
0x975155,94.7368%,1,18,19,4,0,1,14
0x8ec644,50%,1,1,2,1,1,0,0
0x80f963,50%,1,1,2,1,1,0,0
0xa067e7,50%,1,1,2,0,0,1,1
0x7d403d,66.6667%,1,2,3,0,0,1,2
0x6e4454,93.75%,1,15,16,0,0,1,15
0x5bd041,99.8963%,1,963,964,963,1,0,0
0x7180eb,0%,1,0,1,0,0,1,0
0x838ae1,50%,1,1,2,1,1,0,0
0x677b81,98.7179%,1,77,78,0,0,1,77
0x7180a4,0%,1,0,1,0,0,1,0
0x90ffc4,99.8529%,1,679,680,0,0,1,679
0x6ec04d,0%,1,0,1,0,1,0,0
0xa959b9,75%,1,3,4,0,0,1,3
0x49f66c,98%,1,49,50,0,0,1,49
0x5bd262,99.8963%,1,963,964,963,1,0,0
0x77adad,99.8084%,1,521,522,521,1,0,0
0x9ea063,50%,1,1,2,1,1,0,0
0xa95a6c,75%,1,3,4,3,1,0,0
0x6977c2,98.2143%,1,55,56,55,1,0,0
0xa95a2d,75%,1,3,4,3,1,0,0
0x5dea2e,0%,1,0,1,0,1,0,0
0x812132,75%,1,3,4,0,0,1,3
0x492815,50%,1,1,2,1,0,1,0
0xa01b18,98.5294%,1,67,68,0,0,1,67
0xb49ff6,0%,1,0,1,0,0,1,0
0x8eb7dc,99.9649%,1,2848,2849,0,0,1,2848
0x6f45b4,75%,1,3,4,3,1,0,0
0xa56f97,99.0741%,1,107,108,0,0,1,107
0xa95960,75%,1,3,4,3,1,0,0
0xa051e3,85.7143%,1,6,7,6,0,1,0
0x80c27d,97.0588%,1,33,34,0,0,1,33
0x77ca50,91.6667%,1,11,12,11,1,0,0
0x7d21aa,75%,1,3,4,0,0,1,3
0x555aef,75%,1,3,4,1,0,1,2
0x9eb6ad,96.875%,1,31,32,0,1,0,31
0x64ba0a,99.9284%,1,1396,1397,0,0,1,1396
0x901b3a,99.6094%,1,255,256,255,1,0,0
0xa97b29,50%,1,1,2,0,0,1,1
0x6a78e8,0%,1,0,1,0,1,0,0
0x558d4c,95%,1,19,20,0,0,1,19
0x9ecd23,99.0909%,1,109,110,0,0,1,109
0xad4580,80%,1,4,5,4,1,0,0
0xa05f6f,80%,1,4,5,0,0,1,4
0xa32788,98.7179%,1,77,78,0,0,1,77
0x5bd152,99.8963%,1,963,964,963,1,0,0
0x6a7896,0%,1,0,1,0,0,1,0
0x88e23c,98.9796%,1,97,98,97,1,0,0
0xa312cc,95.6522%,1,22,23,22,1,0,0
0xa95ae4,50%,1,1,2,1,1,0,0
0xa95abe,50%,1,1,2,0,0,1,1
0x5be37e,98.8235%,1,84,85,0,0,1,84
0x5f6112,50%,1,1,2,0,0,1,1
0xa46dbb,98.3333%,1,59,60,59,1,0,0
0xa06565,96.7742%,1,30,31,30,1,0,0
0x5510ff,50%,1,1,2,0,0,1,1
0x90fae5,50%,1,1,2,0,0,1,1
0x9173c6,50%,1,1,2,1,1,0,0
0x5f5657,75%,1,3,4,3,1,0,0
0xa3789f,90%,1,9,10,0,0,1,9
0xace175,50%,1,1,2,1,1,0,0
0xa95ab9,50%,1,1,2,0,0,1,1
0x96981e,98.6111%,1,71,72,0,0,1,71
0x9699b8,97.4359%,1,38,39,38,1,0,0
0xa44771,98.0769%,1,51,52,51,1,0,0
0xaa4cc8,66.6667%,1,2,3,2,1,0,0
0x5f5527,75%,1,3,4,0,0,1,3
0xaa4a8c,66.6667%,1,2,3,2,1,0,0
0x5f5505,83.3333%,1,5,6,0,0,1,5
0x96a4bb,50%,1,1,2,0,0,1,1
0xa9d36b,50%,1,1,2,0,0,1,1
0x5ec586,97.5%,1,39,40,0,0,1,39
0xaada17,99.6078%,1,254,255,254,1,0,0
0x5937b0,94.7368%,1,18,19,0,0,1,18
0xa28602,83.3333%,1,5,6,4,0,1,1
0x58d865,98.5507%,1,68,69,0,0,1,68
0xa56eb9,99.7396%,1,383,384,0,0,1,383
0x9f5a14,97.8723%,1,46,47,0,0,1,46
0x8e0ce0,99.1071%,1,111,112,111,1,0,0
0x5bad98,50%,1,1,2,0,0,1,1
0x9f47ef,75%,1,3,4,3,1,0,0
0x8bf170,50%,1,1,2,0,0,1,1
0xa5bee6,96.875%,1,31,32,31,1,0,0
0x8bf162,50%,1,1,2,0,0,1,1
0x8f2211,94.1176%,1,16,17,0,1,0,16
0x9a9f16,97.561%,1,40,41,12,1,0,28
0x9ecaa6,80%,1,4,5,4,1,0,0
0x6b4668,0%,1,0,1,0,0,1,0
0x5f13f5,97.5%,1,39,40,39,1,0,0
0x4c2309,93.75%,1,15,16,0,0,1,15
0x63f795,50%,1,1,2,0,0,1,1
0x5f53fb,91.6667%,1,11,12,11,1,0,0
0x591645,66.6667%,1,2,3,0,0,1,2
0xa9ca48,90%,1,9,10,0,0,1,9
0xa99963,0%,1,0,1,0,0,1,0
0x5bc87b,50%,1,1,2,0,0,1,1
0x5f549e,50%,1,1,2,1,1,0,0
0x90227b,91.6667%,1,11,12,9,1,0,2
0x9aa24e,97.2973%,1,36,37,0,0,1,36
0x81f92e,99.9506%,1,2024,2025,0,0,1,2024
0x49177e,0%,1,0,1,0,1,0,0
0x5f0996,99.6622%,1,295,296,0,0,1,295
0x80e56b,98.6301%,1,72,73,72,1,0,0
0xa63cf9,50%,1,1,2,0,0,1,1
0xaa57ee,50%,1,1,2,0,0,1,1
0x49b1fa,99.8905%,1,912,913,0,0,1,912
0xa41031,97.7778%,1,44,45,0,0,1,44
0x5f5395,50%,1,1,2,0,0,1,1
0x9eb6de,98.6111%,1,71,72,0,0,1,71
0x5d68cd,66.6667%,1,2,3,2,1,0,0
0x48de0e,99.3377%,1,150,151,0,0,1,150
0x9f394d,75%,1,3,4,0,0,1,3
0x591694,66.6667%,1,2,3,0,0,1,2
0x49b187,50%,1,1,2,0,0,1,1
0x973664,88.8889%,1,8,9,0,0,1,8
0x590a19,50%,1,1,2,0,0,1,1
0x9d09a4,75%,1,3,4,0,0,1,3
0x80af06,50%,1,1,2,0,0,1,1
0xa64bf8,83.3333%,1,5,6,0,0,1,5
0x59167b,66.6667%,1,2,3,0,0,1,2
0x547377,98.3607%,1,60,61,0,0,1,60
0x8df9d6,66.6667%,1,2,3,1,1,0,1
0x9e16e0,50%,1,1,2,1,1,0,0
0x550f6b,96.2963%,1,26,27,0,0,1,26
0xa39f7e,96.6667%,1,29,30,29,1,0,0
0x838829,98.75%,1,79,80,79,1,0,0
0x5bc128,50%,1,1,2,0,0,1,1
0x96a674,98.4615%,1,64,65,0,0,1,64
0x80b5f8,50%,1,1,2,0,1,0,1
0x811959,66.6667%,1,2,3,0,0,1,2
0x5f54e6,83.3333%,1,5,6,5,1,0,0
0x998887,50%,1,1,2,0,1,0,1
0x606d3a,87.5%,1,7,8,0,0,1,7
0xa573d0,96.1538%,1,25,26,25,1,0,0
0x814f1b,98.3051%,1,58,59,58,1,0,0
0x60e2e8,99.8099%,1,525,526,0,0,1,525
0x9d68a1,50%,1,1,2,1,1,0,0
0x5f0818,99.6732%,1,305,306,305,1,0,0
0x814c7c,97.561%,1,40,41,0,0,1,40
0x808b36,50%,1,1,2,0,0,1,1
0x4900dc,90%,1,9,10,0,0,1,9
0x8e9a33,50%,1,1,2,0,0,1,1
0x9c51fe,87.5%,1,7,8,0,0,1,7
0x8f2fce,98.8095%,1,83,84,0,0,1,83
0x9c5187,75%,1,3,4,0,0,1,3
0x494ff1,50%,1,1,2,1,1,0,0
0x99f042,98.9583%,1,95,96,0,0,1,95
0x9c538e,87.5%,1,7,8,0,0,1,7
0x81d4e1,99.4505%,1,181,182,0,0,1,181
0x790fd3,97.1429%,1,34,35,0,0,1,34
0x494da8,99.3671%,1,157,158,0,0,1,157
0x5f2bdd,50%,1,1,2,0,0,1,1
0xa34781,99.7462%,1,393,394,393,1,0,0
0x811cf2,99.6198%,1,262,263,0,0,1,262
0x5021c8,98.5075%,1,66,67,66,1,0,0
0x6474e1,95.2381%,1,20,21,20,1,0,0
0x672484,0%,1,0,1,0,1,0,0
0x441bf9,90.9091%,1,10,11,10,1,0,0
0x5f60dd,50%,1,1,2,0,0,1,1
0xa574ef,98.9011%,1,90,91,0,0,1,90
0x9c4f52,75%,1,3,4,3,1,0,0
0x809d86,99.8217%,1,560,561,0,0,1,560
0x494d84,99.3671%,1,157,158,0,0,1,157
0xa5b53e,96.7742%,1,30,31,1,1,0,29
0x8103dd,99.8195%,1,553,554,0,0,1,553
0xa06489,97.1429%,1,34,35,0,0,1,34
0x81f466,75%,1,3,4,0,0,1,3
0xaa134d,99.4872%,1,194,195,0,0,1,194
0x8d468a,0%,1,0,1,0,1,0,0
0xa9731b,66.6667%,1,2,3,0,0,1,2
0x4b0d0c,50%,1,1,2,1,1,0,0
0x816423,50%,1,1,2,1,1,0,0
0x5f2b40,50%,1,1,2,0,0,1,1
0x818b77,98.75%,1,79,80,79,1,0,0
0x918df3,99.5%,1,199,200,199,1,0,0
0x9a485a,87.5%,1,7,8,4,0,1,3
0x404965,88.8889%,1,8,9,0,0,1,8
0x5d98a4,87.5%,1,7,8,7,1,0,0
0xa0676f,50%,1,1,2,1,1,0,0
0xa016e6,97.5%,1,39,40,39,1,0,0
0xa5751b,97.561%,1,40,41,0,0,1,40
0xa91a84,99.4872%,1,194,195,0,0,1,194
0xa02e17,99.0654%,1,106,107,0,0,1,106
0x491ad0,85.7143%,1,6,7,6,1,0,0
0xa57433,66.6667%,1,2,3,0,0,1,2
0xa1b03a,80%,1,4,5,3,1,0,1
0x808062,50%,1,1,2,0,0,1,1
0x9abe6e,99.4444%,1,179,180,0,0,1,179
0x481e9c,97.3684%,1,37,38,0,0,1,37
0x6f556e,99.422%,1,172,173,0,0,1,172
0x80ba52,50%,1,1,2,0,0,1,1
0x8bbba6,97.2973%,1,36,37,1,1,0,35
0x9ec44c,66.6667%,1,2,3,0,0,1,2
0x9c555c,87.5%,1,7,8,3,1,0,4
0x81e5bd,87.5%,1,7,8,4,0,1,3
0xa21dce,50%,1,1,2,0,0,1,1
0x804bd7,90%,1,9,10,9,0,1,0
0x9c4fbb,75%,1,3,4,0,0,1,3
0x4928e2,0%,1,0,1,0,0,1,0
0x81bdb9,99.5536%,1,223,224,0,0,1,223
0x9c501c,75%,1,3,4,0,0,1,3
0x819326,99.8711%,1,775,776,0,0,1,775
0x4918e5,50%,1,1,2,0,0,1,1
0x9a7adf,98.8506%,1,86,87,86,1,0,0
0x9c50be,87.5%,1,7,8,7,1,0,0
0x638e45,99.8172%,1,546,547,546,1,0,0
0xa04357,0%,1,0,1,0,1,0,0
0x8a23e8,50%,1,1,2,1,1,0,0
0x49322b,97.4359%,1,38,39,38,1,0,0
0xa25e6f,98.7179%,1,77,78,77,1,0,0
0x491498,99.3789%,1,160,161,160,1,0,0
0x492a9f,99.3939%,1,164,165,0,0,1,164
0x972599,99.5475%,1,220,221,0,0,1,220
0x8170a4,50%,1,1,2,0,0,1,1
0x9c7522,75%,1,3,4,3,1,0,0
0x606eee,66.6667%,1,2,3,2,1,0,0
0x9843a1,87.5%,1,7,8,0,0,1,7
0x7ad41a,94.7368%,1,18,19,0,0,1,18
0x494dc4,95%,1,19,20,19,1,0,0
0x9ec25c,83.3333%,1,5,6,5,1,0,0
0x98517e,87.5%,1,7,8,0,0,1,7
0x7b8905,50%,1,1,2,1,1,0,0
0x90b1d4,98.5714%,1,69,70,69,1,0,0
0x78918e,90%,1,9,10,0,0,1,9
0x985054,91.6667%,1,11,12,4,0,1,7
0x9002ae,90%,1,9,10,0,0,1,9
0xa21ddc,50%,1,1,2,1,0,1,0
0x5f2f48,0%,1,0,1,0,1,0,0
0xa69ef4,75%,1,3,4,3,1,0,0
0x533c92,66.6667%,1,2,3,0,0,1,2
0xa54e5d,98.3607%,1,60,61,0,0,1,60
0x99da0b,97.2973%,1,36,37,0,1,0,36
0x8e5346,96.875%,1,31,32,0,0,1,31
0x5f2f1c,0%,1,0,1,0,1,0,0
0x58cbec,96.2963%,1,26,27,26,1,0,0
0x9eb28f,50%,1,1,2,1,1,0,0
0x97aceb,87.5%,1,7,8,7,1,0,0
0x68a9c5,0%,1,0,1,0,1,0,0
0x9c5583,75%,1,3,4,3,1,0,0
0x491478,99.3671%,1,157,158,157,1,0,0
0x984913,91.6667%,1,11,12,7,1,0,4
0xa21dd7,50%,1,1,2,0,0,1,1
0x5f8cdc,97.7273%,1,43,44,0,0,1,43
0x9c51ce,87.5%,1,7,8,0,0,1,7
0x981d05,75%,1,3,4,3,1,0,0
0x90ed05,99.8462%,1,649,650,0,0,1,649
0x9c4f77,75%,1,3,4,0,0,1,3
0x99dc99,93.3333%,1,14,15,1,1,0,13
0x508084,99.7449%,1,391,392,0,0,1,391
0xa57324,97.561%,1,40,41,40,1,0,0
0xa53741,87.5%,1,7,8,0,0,1,7
0xa1aadc,80%,1,4,5,0,0,1,4
0x491963,98.6111%,1,71,72,0,0,1,71
0x4bc9b2,91.6667%,1,11,12,0,0,1,11
0x792211,95.2381%,1,20,21,20,1,0,0
0x984f98,87.5%,1,7,8,7,1,0,0
0x4b5529,83.3333%,1,5,6,5,1,0,0
0x911042,99.866%,1,745,746,745,1,0,0
0x97748b,83.3333%,1,5,6,5,1,0,0
0x6f54fb,97.5%,1,39,40,0,0,1,39
0x63ce47,99.5%,1,199,200,199,1,0,0
0xa0534e,96.5517%,1,28,29,0,0,1,28
0xa571c4,92.8571%,1,13,14,0,0,1,13
0x491522,99.3671%,1,157,158,0,0,1,157
0x647637,95%,1,19,20,0,0,1,19
0xa58fab,99.1597%,1,118,119,0,0,1,118
0x4aaf78,90.9091%,1,10,11,10,1,0,0
0x8a97eb,99.9923%,1,13051,13052,13051,1,0,0
0x8ddb71,99.1071%,1,111,112,0,0,1,111
0xa52cef,99.7245%,1,362,363,362,1,0,0
0x63ce8a,99.5%,1,199,200,0,0,1,199
0x81c721,98.5714%,1,69,70,0,0,1,69
0x61cd83,93.3333%,1,14,15,10,0,1,4
0x6475ec,95.2381%,1,20,21,0,0,1,20
0xa3f099,87.5%,1,7,8,0,0,1,7
0x649e64,50%,1,1,2,1,1,0,0
0x65b9ae,99.763%,1,421,422,0,0,1,421
0xa9732d,66.6667%,1,2,3,0,0,1,2
0xa92f3f,98.8636%,1,87,88,0,0,1,87
0x5430a1,99.7191%,1,355,356,0,0,1,355
0x5fe504,75%,1,3,4,0,0,1,3
0x409eee,99.2188%,1,127,128,0,0,1,127
0x49c865,0%,1,0,1,0,1,0,0
0x8ec007,98.4848%,1,65,66,0,0,1,65
0x5cfc7e,91.6667%,1,11,12,11,1,0,0
0x81a0ab,98.9011%,1,90,91,0,0,1,90
0x543ef1,99.4652%,1,186,187,0,0,1,186
0xa4a84e,50%,1,1,2,0,0,1,1
0x980563,98.9691%,1,96,97,0,0,1,96
0x9ed2c7,98.2456%,1,56,57,56,1,0,0
0x5f14aa,95.2381%,1,20,21,20,1,0,0
0x8195e9,99.696%,1,328,329,0,0,1,328
0x943d0b,87.5%,1,7,8,7,1,0,0
0x7c7579,83.3333%,1,5,6,5,1,0,0
0x98135d,98.75%,1,79,80,17,1,0,62
0x80a692,50%,1,1,2,1,0,1,0
0x817d99,97.2222%,1,35,36,0,0,1,35
0x670608,99.2481%,1,132,133,0,0,1,132
0xa56f79,99.4048%,1,167,168,0,0,1,167
0x7e8194,88.8889%,1,8,9,1,1,0,7
0x8eb0d9,83.3333%,1,5,6,0,0,1,5
0x6823b3,97.0588%,1,33,34,0,0,1,33
0x409289,50%,1,1,2,1,1,0,0
0x9c5352,75%,1,3,4,0,0,1,3
0x4419ae,90.9091%,1,10,11,0,0,1,10
0x9f11b3,80%,1,4,5,0,0,1,4
0x94d805,99.8127%,1,533,534,0,0,1,533
0xa58fed,97.561%,1,40,41,0,0,1,40
0x9843e9,98.4848%,1,65,66,0,0,1,65
0x78582a,75%,1,3,4,1,1,0,2
0x81e7a7,99.2806%,1,138,139,138,1,0,0
0x8eb0aa,83.3333%,1,5,6,0,0,1,5
0xa96ac0,88.8889%,1,8,9,0,0,1,8
0x541f91,99.8821%,1,847,848,0,0,1,847
0x94cc68,98.7342%,1,78,79,46,1,0,32
0x5c51e0,87.5%,1,7,8,0,0,1,7
0x554e1f,99.2958%,1,141,142,0,0,1,141
0x619bb1,95%,1,19,20,19,1,0,0
0x5af6ce,88.8889%,1,8,9,0,0,1,8
0x972672,99.6337%,1,272,273,0,0,1,272
0x540f7a,80%,1,4,5,0,0,1,4
0x8c8183,0%,1,0,1,0,1,0,0
0x6f1646,91.6667%,1,11,12,11,1,0,0
0x9d2b68,80%,1,4,5,4,1,0,0
0x4048a7,96.5517%,1,28,29,0,0,1,28
0x4c5203,99.705%,1,338,339,0,0,1,338
0x64b49a,99.67%,1,302,303,0,0,1,302
0x981438,98.75%,1,79,80,17,1,0,62
0xa99901,0%,1,0,1,0,0,1,0
0xa07acc,0%,1,0,1,0,0,1,0
0x9843d3,87.5%,1,7,8,0,0,1,7
0xa57001,96.6667%,1,29,30,29,1,0,0
0xb17a75,99.8601%,1,714,715,0,0,1,714
0x81e5dd,75%,1,3,4,3,1,0,0
0x58e467,80%,1,4,5,0,0,1,4
0xa8a6fe,99.4286%,1,174,175,0,0,1,174
0x5bd001,99.8442%,1,641,642,641,1,0,0
0x4ace36,98.3871%,1,61,62,61,1,0,0
0x4915e2,0%,1,0,1,0,1,0,0
0x9fe71f,97.5%,1,39,40,0,0,1,39
0x6754aa,0%,1,0,1,0,0,1,0
0x9843a8,87.5%,1,7,8,7,1,0,0
0x7e8177,50%,1,1,2,0,0,1,1
0x5f7a47,99.5169%,1,206,207,0,0,1,206
0x9178ee,99.8529%,1,679,680,0,0,1,679
0x72361c,99.9308%,1,1445,1446,0,0,1,1445
0x99dc2d,93.3333%,1,14,15,0,0,1,14
0x491beb,0%,1,0,1,0,0,1,0
0x9f40f1,66.6667%,1,2,3,2,1,0,0
0x9813a9,98.6667%,1,74,75,0,0,1,74
0xa3d156,87.5%,1,7,8,0,0,1,7
0x670519,0%,1,0,1,0,1,0,0
0x9c50ee,87.5%,1,7,8,7,1,0,0
0xaabd28,75%,1,3,4,3,1,0,0
0x558e03,98.8636%,1,87,88,87,1,0,0
0x919e01,99.7041%,1,337,338,337,1,0,0
0x5f146f,99.3671%,1,157,158,0,0,1,157
0x9ec19c,98.2143%,1,55,56,0,0,1,55
0x80c2e5,99.5098%,1,203,204,0,0,1,203
0x8ec62b,50%,1,1,2,0,0,1,1
0x8fc455,98.4848%,1,65,66,0,0,1,65
0x5f524e,91.6667%,1,11,12,11,1,0,0
0x81159b,99.8814%,1,842,843,842,1,0,0
0x5f2896,80%,1,4,5,4,1,0,0
0x606ede,66.6667%,1,2,3,0,0,1,2
0x5d1b03,99.0909%,1,109,110,109,1,0,0
0x9595e7,75%,1,3,4,0,0,1,3
0x4913ae,99.3789%,1,160,161,0,0,1,160
0x818b21,99.9558%,1,2259,2260,2259,1,0,0
0x909916,99.9171%,1,1206,1207,1206,1,0,0
0x806689,100%,0,4,4,0,0,0,4
0x973b8b,100%,0,10,10,0,0,0,10
0x48f0c0,100%,0,3,3,3,0,0,0
0xa96e01,100%,0,21,21,0,0,0,21
0x9f4859,100%,0,4,4,0,0,0,4
0x619e55,100%,0,5,5,0,0,0,5
0xa9b63b,100%,0,6,6,0,0,0,6
0x8dc40c,100%,0,4,4,0,0,0,4
0xa96de1,100%,0,21,21,0,0,0,21
0x491fa7,100%,0,1,1,1,0,0,0
0xa96df0,100%,0,21,21,0,0,0,21
0xa0678a,100%,0,2,2,0,0,0,2
0xa92cb7,100%,0,8,8,8,0,0,0
0x80d933,100%,0,106,106,0,0,0,106
0x619ac6,100%,0,5,5,0,0,0,5
0xa37cb4,100%,0,5,5,0,0,0,5
0x5ba035,100%,0,22,22,0,0,0,22
0x809e07,100%,0,561,561,0,0,0,561
0x5da977,100%,0,133,133,133,0,0,0
0x608d97,100%,0,21,21,21,0,0,0
0x6084a1,100%,0,48,48,0,0,0,48
0xaa81fa,100%,0,5,5,5,0,0,0
0xa08c7c,100%,0,4,4,0,0,0,4
0x619c00,100%,0,14,14,14,0,0,0
0x486e6a,100%,0,2,2,2,0,0,0
0x80547a,100%,0,89,89,89,0,0,0
0x8df694,100%,0,2,2,2,0,0,0
0x90a902,100%,0,83,83,0,0,0,83
0x5fa018,100%,0,6,6,0,0,0,6
0x5f32c8,100%,0,2,2,0,0,0,2
0x619d3d,100%,0,5,5,0,0,0,5
0x806914,100%,0,12,12,0,0,0,12
0x4c67ea,100%,0,12,12,0,0,0,12
0x977a84,100%,0,316,316,0,0,0,316
0xa7befc,100%,0,5,5,5,0,0,0
0xaa8125,100%,0,5,5,5,0,0,0
0x94d902,100%,0,58,58,0,0,0,58
0xa9984d,100%,0,5,5,0,0,0,5
0x9f47ae,100%,0,8,8,8,0,0,0
0xa319c5,100%,0,213,213,0,0,0,213
0x666fcd,100%,0,119,119,119,0,0,0
0xa08c72,100%,0,4,4,0,0,0,4
0xaa8165,100%,0,5,5,5,0,0,0
0x63f362,100%,0,200,200,0,0,0,200
0x548aae,100%,0,4,4,4,0,0,0
0xaa818b,100%,0,5,5,0,0,0,5
0xa9946f,100%,0,3,3,0,0,0,3
0x49ca19,100%,0,38,38,38,0,0,0
0x7f12ec,100%,0,7,7,0,0,0,7
0x619e07,100%,0,5,5,0,0,0,5
0x60e3d3,100%,0,66,66,66,0,0,0
0x9f03a7,100%,0,383,383,0,0,0,383
0xa067b1,100%,0,2,2,0,0,0,2
0x8a6cab,100%,0,2,2,2,0,0,0
0x80f771,100%,0,74,74,0,0,0,74
0x80a434,100%,0,5,5,5,0,0,0
0x40a566,100%,0,2,2,2,0,0,0
0xa3026c,100%,0,110,110,0,0,0,110
0x8ea61e,100%,0,4,4,4,0,0,0
0x80e9d1,100%,0,28,28,0,0,0,28
0xa503b5,100%,0,4,4,4,0,0,0
0x90241b,100%,0,49,49,0,0,0,49
0x9e0281,100%,0,18,18,18,0,0,0
0x5da0c6,100%,0,4,4,4,0,0,0
0x80e64c,100%,0,83,83,0,0,0,83
0x65a00a,100%,0,1868,1868,1868,0,0,0
0xa31b78,100%,0,25,25,25,0,0,0
0x80f356,100%,0,4,4,0,0,0,4
0x788dbb,100%,0,9,9,9,0,0,0
0x9591bc,100%,0,3,3,0,0,0,3
0x817e09,100%,0,12,12,0,0,0,12
0x945cf3,100%,0,19,19,19,0,0,0
0x8ed0e5,100%,0,9,9,0,0,0,9
0x99124c,100%,0,18,18,18,0,0,0
0x80f217,100%,0,4,4,4,0,0,0
0x405bc5,100%,0,32,32,0,0,0,32
0x80f827,100%,0,1184,1184,1184,0,0,0
0x805741,100%,0,2,2,0,0,0,2
0x5d1555,100%,0,3,3,3,0,0,0
0x4c52b4,100%,0,24,24,0,0,0,24
0x945fd6,100%,0,19,19,0,0,0,19
0x40380c,100%,0,110,110,0,0,0,110
0x4b957a,100%,0,4,4,0,0,0,4
0x608571,100%,0,10,10,0,0,0,10
0x4bddfd,100%,0,14,14,0,0,0,14
0x550db0,100%,0,24,24,0,0,0,24
0x90a6a7,100%,0,7,7,7,0,0,0
0x667325,100%,0,31,31,0,0,0,31
0x9eccf4,100%,0,110,110,0,0,0,110
0xa3266c,100%,0,2,2,0,0,0,2
0x4a13c3,100%,0,56,56,0,0,0,56
0x5bb6ba,100%,0,23,23,23,0,0,0
0x5f5baa,100%,0,2,2,0,0,0,2
0xa06a42,100%,0,2,2,0,0,0,2
0x59f99c,100%,0,4,4,0,0,0,4
0x4bd5fc,100%,0,7,7,0,0,0,7
0xa95a42,100%,0,4,4,0,0,0,4
0x814a78,100%,0,63,63,0,0,0,63
0x9e1131,100%,0,2,2,2,0,0,0
0x7c9b3f,100%,0,4,4,4,0,0,0
0x8bc835,100%,0,2,2,2,0,0,0
0x80d7a5,100%,0,4,4,0,0,0,4
0xa08e82,100%,0,45,45,0,0,0,45
0x50e34f,100%,0,18,18,0,0,0,18
0x4c83ab,100%,0,3,3,0,0,0,3
0x540800,100%,0,8,8,0,0,0,8
0xa06a78,100%,0,2,2,2,0,0,0
0x80c41a,100%,0,18,18,0,0,0,18
0x804e12,100%,0,2,2,0,0,0,2
0x6a3a74,100%,0,26,26,26,0,0,0
0x9e7075,100%,0,5,5,0,0,0,5
0x8e386e,100%,0,48,48,48,0,0,0
0xaccde2,100%,0,3,3,0,0,0,3
0x9f99eb,100%,0,41,41,0,0,0,41
0x544a5b,100%,0,9,9,9,0,0,0
0x8a5d80,100%,0,218,218,218,0,0,0
0x540854,100%,0,12,12,12,0,0,0
0xa53325,100%,0,6,6,0,0,0,6
0xa51021,100%,0,506,506,0,0,0,506
0x80ab08,100%,0,2,2,0,0,0,2
0x611479,100%,0,11,11,0,0,0,11
0x80a5a9,100%,0,2,2,0,0,0,2
0x7d2fd9,100%,0,65,65,0,0,0,65
0x4898dc,100%,0,382,382,0,0,0,382
0x66f502,100%,0,7,7,0,0,0,7
0x80e7e0,100%,0,526,526,0,0,0,526
0x6498d6,100%,0,2,2,2,0,0,0
0x8fc4dd,100%,0,1,1,1,0,0,0
0x8b9e8c,100%,0,1121,1121,1121,0,0,0
0xa06991,100%,0,2,2,0,0,0,2
0x58ee3e,100%,0,2,2,0,0,0,2
0x4c2f89,100%,0,13,13,13,0,0,0
0x8e39a7,100%,0,32,32,0,0,0,32
0x4ac74a,100%,0,20,20,0,0,0,20
0x983a18,100%,0,4,4,4,0,0,0
0x81980b,100%,0,34,34,0,0,0,34
0x4c26ad,100%,0,13,13,0,0,0,13
0x5c9b7f,100%,0,6,6,0,0,0,6
0xa06973,100%,0,2,2,2,0,0,0
0x6515a9,100%,0,74,74,74,0,0,0
0xa329ba,100%,0,1,1,0,0,0,1
0x486f6b,100%,0,2,2,2,0,0,0
0x9a6ab7,100%,0,1,1,0,0,0,1
0x491509,100%,0,159,159,0,0,0,159
0x63c8aa,100%,0,383,383,383,0,0,0
0xb3159a,100%,0,2,2,0,0,0,2
0x606c74,100%,0,8,8,8,0,0,0
0x9ed358,100%,0,27,27,27,0,0,0
0x608502,100%,0,10,10,0,0,0,10
0x4bcf8f,100%,0,6,6,6,0,0,0
0x8dc412,100%,0,4,4,4,0,0,0
0x805f41,100%,0,226,226,0,0,0,226
0x4c83b3,100%,0,3,3,0,0,0,3
0xa0699a,100%,0,2,2,0,0,0,2
0xa63c5a,100%,0,1,1,0,0,0,1
0xa27773,100%,0,4,4,0,0,0,4
0x8b9b32,100%,0,58,58,58,0,0,0
0x80d610,100%,0,2,2,2,0,0,0
0x951d71,100%,0,637,637,637,0,0,0
0xa328bb,100%,0,44,44,0,0,0,44
0xa60c90,100%,0,237,237,0,0,0,237
0xa464aa,100%,0,10,10,0,0,0,10
0xa3290c,100%,0,2,2,0,0,0,2
0x5c9bb1,100%,0,6,6,0,0,0,6
0x80411e,100%,0,60,60,0,0,0,60
0x7f0aba,100%,0,1,1,0,0,0,1
0x9a0f48,100%,0,21,21,0,0,0,21
0x4bd18a,100%,0,4,4,0,0,0,4
0xa5a018,100%,0,7,7,0,0,0,7
0x806719,100%,0,10,10,0,0,0,10
0x7d416a,100%,0,12,12,0,0,0,12
0x60c40c,100%,0,5,5,0,0,0,5
0x8066d9,100%,0,18,18,0,0,0,18
0x90240d,100%,0,49,49,0,0,0,49
0x4a2171,100%,0,12,12,0,0,0,12
0x81c070,100%,0,85,85,0,0,0,85
0x9f7b50,100%,0,4,4,0,0,0,4
0x4bde39,100%,0,7,7,7,0,0,0
0x8066f9,100%,0,5,5,0,0,0,5
0xa086bc,100%,0,4,4,0,0,0,4
0x681e6d,100%,0,6,6,6,0,0,0
0xa02ade,100%,0,12,12,0,0,0,12
0x8a6988,100%,0,1,1,0,0,0,1
0x5c6c64,100%,0,478,478,0,0,0,478
0x811b17,100%,0,2,2,2,0,0,0
0x8434a1,100%,0,1,1,0,0,0,1
0x40af6c,100%,0,2,2,2,0,0,0
0xa99ab3,100%,0,15,15,15,0,0,0
0x97a464,100%,0,18,18,0,0,0,18
0x80a4f0,100%,0,2,2,0,0,0,2
0x60c510,100%,0,10,10,10,0,0,0
0x80f1e5,100%,0,170,170,170,0,0,0
0x9f3909,100%,0,4,4,4,0,0,0
0x619ada,100%,0,5,5,0,0,0,5
0x619b38,100%,0,5,5,5,0,0,0
0x81f458,100%,0,4,4,0,0,0,4
0x8dd0a8,100%,0,101,101,0,0,0,101
0x4c4d6b,100%,0,13,13,2,0,0,11
0xa95dce,100%,0,16,16,0,0,0,16
0xa086df,100%,0,4,4,4,0,0,0
0xa5f325,100%,0,4,4,0,0,0,4
0x58db12,100%,0,151,151,151,0,0,0
0x69e68e,100%,0,1,1,1,0,0,0
0x60c575,100%,0,10,10,0,0,0,10
0x8dc33d,100%,0,4,4,0,0,0,4
0x77d85c,100%,0,6,6,0,0,0,6
0xb49721,100%,0,14,14,0,0,0,14
0x4c619f,100%,0,7,7,0,0,0,7
0x4c169a,100%,0,3,3,0,0,0,3
0x8a91fe,100%,0,9,9,9,0,0,0
0x8ebe62,100%,0,2,2,2,0,0,0
0x61a39d,100%,0,5,5,0,0,0,5
0x4bd68e,100%,0,41,41,41,0,0,0
0xa9ce5a,100%,0,144,144,0,0,0,144
0x8ef3c9,100%,0,48,48,0,0,0,48
0x48e947,100%,0,2,2,2,0,0,0
0x9d312c,100%,0,58,58,0,0,0,58
0x59259b,100%,0,3,3,0,0,0,3
0xa0671a,100%,0,1,1,0,0,0,1
0x622e7e,100%,0,5,5,5,0,0,0
0x403032,100%,0,80,80,0,0,0,80
0x80eab5,100%,0,526,526,0,0,0,526
0x9d32cf,100%,0,55,55,0,0,0,55
0x8fc4c8,100%,0,1,1,0,0,0,1
0x4c76cb,100%,0,4,4,0,0,0,4
0xa39e5d,100%,0,58,58,58,0,0,0
0x4bfecd,100%,0,3,3,0,0,0,3
0x8da491,100%,0,675,675,0,0,0,675
0x9d0ab2,100%,0,51,51,0,0,0,51
0x817066,100%,0,2,2,0,0,0,2
0x4b9cae,100%,0,10,10,0,0,0,10
0x67ac0e,100%,0,6,6,6,0,0,0
0xa56f01,100%,0,258,258,0,0,0,258
0x61a31a,100%,0,5,5,5,0,0,0
0x9d0b9d,100%,0,51,51,0,0,0,51
0x60c5b1,100%,0,5,5,0,0,0,5
0x58e430,100%,0,45,45,0,0,0,45
0x4904cc,100%,0,3,3,0,0,0,3
0x482038,100%,0,4,4,0,0,0,4
0x69dd43,100%,0,12,12,12,0,0,0
0x499d26,100%,0,53,53,13,0,0,40
0x5909a9,100%,0,2,2,2,0,0,0
0x4b8b05,100%,0,16,16,0,0,0,16
0x9bea04,100%,0,12,12,0,0,0,12
0x48d24f,100%,0,6,6,6,0,0,0
0x60b5f4,100%,0,227,227,0,0,0,227
0xa59668,100%,0,29,29,29,0,0,0
0x4c81bd,100%,0,22,22,0,0,0,22
0x9d3319,100%,0,55,55,0,0,0,55
0x4b9195,100%,0,16,16,16,0,0,0
0x61a38a,100%,0,5,5,0,0,0,5
0xa084bf,100%,0,5,5,5,0,0,0
0x48cf0e,100%,0,12,12,0,0,0,12
0x8dd0e2,100%,0,4,4,0,0,0,4
0xa97e0f,100%,0,9,9,0,0,0,9
0x9fe19b,100%,0,25,25,0,0,0,25
0x810971,100%,0,8,8,0,0,0,8
0x5f4f8c,100%,0,1,1,1,0,0,0
0xa96aa9,100%,0,9,9,0,0,0,9
0x7f045c,100%,0,2,2,2,0,0,0
0xa08eea,100%,0,65,65,0,0,0,65
0x610f72,100%,0,2,2,0,0,0,2
0x482155,100%,0,19,19,19,0,0,0
0x4c44dd,100%,0,14,14,0,0,0,14
0x8108f8,100%,0,264,264,0,0,0,264
0x81b3c9,100%,0,708,708,0,0,0,708
0xa36dbc,100%,0,10,10,10,0,0,0
0x911b6b,100%,0,599,599,0,0,0,599
0x9f5b31,100%,0,12,12,0,0,0,12
0xa44aa9,100%,0,4,4,0,0,0,4
0x943837,100%,0,40,40,0,0,0,40
0x81a4da,100%,0,827,827,0,0,0,827
0xaa7f0d,100%,0,12,12,0,0,0,12
0x81670f,100%,0,8,8,0,0,0,8
0x5db631,100%,0,4,4,0,0,0,4
0x5e0354,100%,0,4,4,0,0,0,4
0x4c47bf,100%,0,60,60,60,0,0,0
0x9a10d1,100%,0,15,15,0,0,0,15
0x8d293d,100%,0,132,132,0,0,0,132
0x80b7f5,100%,0,1,1,1,0,0,0
0x5b6067,100%,0,1,1,0,0,0,1
0x8deb71,100%,0,6,6,0,0,0,6
0x805200,100%,0,2,2,2,0,0,0
0x81e28b,100%,0,1,1,0,0,0,1
0xa9ba3d,100%,0,11,11,0,0,0,11
0x80b8b4,100%,0,208,208,208,0,0,0
0x674fe0,100%,0,32,32,0,0,0,32
0xa32516,100%,0,4,4,0,0,0,4
0x670ff1,100%,0,2,2,0,0,0,2
0x48d93c,100%,0,2,2,2,0,0,0
0x70e926,100%,0,2,2,0,0,0,2
0x8dc583,100%,0,4,4,4,0,0,0
0x81fb92,100%,0,323,323,0,0,0,323
0xa994b5,100%,0,11,11,0,0,0,11
0xa9948e,100%,0,7,7,0,0,0,7
0x80b8fc,100%,0,208,208,208,0,0,0
0x5b15e2,100%,0,10,10,0,0,0,10
0x80f742,100%,0,2,2,2,0,0,0
0x911752,100%,0,56,56,0,0,0,56
0xa2a984,100%,0,1,1,1,0,0,0
0x67a755,100%,0,78,78,78,0,0,0
0x4997ec,100%,0,43,43,43,0,0,0
0x80f945,100%,0,37,37,0,0,0,37
0xa94749,100%,0,29,29,0,0,0,29
0x49037d,100%,0,79,79,0,0,0,79
0x4c7204,100%,0,18,18,18,0,0,0
0x97a12b,100%,0,2,2,2,0,0,0
0x4c7278,100%,0,18,18,18,0,0,0
0x8118a6,100%,0,2,2,0,0,0,2
0xa08e92,100%,0,45,45,0,0,0,45
0x8f362c,100%,0,392,392,0,0,0,392
0x839024,100%,0,16,16,0,0,0,16
0x5dfd2f,100%,0,4,4,0,0,0,4
0x480ee4,100%,0,19,19,19,0,0,0
0x8e9cec,100%,0,5,5,0,0,0,5
0x4c7486,100%,0,18,18,0,0,0,18
0x817157,100%,0,2,2,0,0,0,2
0x5d68bc,100%,0,3,3,0,0,0,3
0x5db4fe,100%,0,4,4,0,0,0,4
0x58d618,100%,0,3,3,0,0,0,3
0x6a3b15,100%,0,26,26,26,0,0,0
0x80d47e,100%,0,110,110,0,0,0,110
0x8108c4,100%,0,75,75,75,0,0,0
0x5da2cb,100%,0,4,4,4,0,0,0
0x4bf0db,100%,0,188,188,0,0,0,188
0x8fd236,100%,0,2,2,0,0,0,2
0xa0bc1c,100%,0,5,5,0,0,0,5
0x8dff02,100%,0,10,10,10,0,0,0
0xa972d3,100%,0,3,3,0,0,0,3
0x40ac95,100%,0,7,7,0,0,0,7
0x61082c,100%,0,13,13,0,0,0,13
0x5d4543,100%,0,4,4,4,0,0,0
0x80b270,100%,0,2,2,0,0,0,2
0x4bb923,100%,0,56,56,56,0,0,0
0x9ed232,100%,0,259,259,0,0,0,259
0x60e520,100%,0,81,81,0,0,0,81
0x5d4487,100%,0,18,18,18,0,0,0
0x70e8ed,100%,0,4,4,4,0,0,0
0xa64bcf,100%,0,8,8,0,0,0,8
0xa0a54a,100%,0,12,12,0,0,0,12
0x6dce1a,100%,0,4,4,4,0,0,0
0x80de0a,100%,0,57,57,57,0,0,0
0x9ed23e,100%,0,259,259,0,0,0,259
0x9190a3,100%,0,2,2,0,0,0,2
0xa97888,100%,0,10,10,0,0,0,10
0x8ed738,100%,0,1,1,1,0,0,0
0x4915d9,100%,0,1,1,1,0,0,0
0x7d4496,100%,0,2,2,2,0,0,0
0x81990b,100%,0,511,511,511,0,0,0
0x4c5c78,100%,0,8,8,0,0,0,8
0xa9b7d3,100%,0,88,88,0,0,0,88
0xa93e79,100%,0,12,12,12,0,0,0
0x9c4d5c,100%,0,5,5,0,0,0,5
0xa50b97,100%,0,16,16,0,0,0,16
0x49214a,100%,0,1,1,0,0,0,1
0x5f5945,100%,0,2,2,0,0,0,2
0xa53a67,100%,0,2,2,2,0,0,0
0xa36bf5,100%,0,7,7,0,0,0,7
0xa935fe,100%,0,81,81,0,0,0,81
0x95a9a2,100%,0,4,4,0,0,0,4
0x4c5d8d,100%,0,8,8,0,0,0,8
0x8ec87f,100%,0,2,2,2,0,0,0
0x8dec7f,100%,0,6,6,0,0,0,6
0x5dda06,100%,0,1,1,0,0,0,1
0x9eb41c,100%,0,63,63,0,0,0,63
0x8df2fb,100%,0,24,24,0,0,0,24
0xa5b2fd,100%,0,3,3,0,0,0,3
0x8e9bd1,100%,0,234,234,0,0,0,234
0x5f1c40,100%,0,7,7,0,0,0,7
0x505bf9,100%,0,740,740,740,0,0,0
0x409369,100%,0,2,2,0,0,0,2
0xa36aeb,100%,0,10,10,0,0,0,10
0x4039ce,100%,0,2,2,0,0,0,2
0x8ec321,100%,0,1,1,0,0,0,1
0x61a291,100%,0,5,5,5,0,0,0
0x4c5c52,100%,0,8,8,0,0,0,8
0x8ec992,100%,0,4,4,0,0,0,4
0x4c5d9e,100%,0,8,8,0,0,0,8
0x9a1fc6,100%,0,203,203,203,0,0,0
0x9f5cce,100%,0,19,19,0,0,0,19
0x8efd9c,100%,0,117,117,0,0,0,117
0x679feb,100%,0,1794,1794,0,0,0,1794
0xa05dd7,100%,0,1,1,0,0,0,1
0x4c5c5f,100%,0,8,8,0,0,0,8
0x7d3e66,100%,0,3,3,0,0,0,3
0x5fb434,100%,0,2,2,0,0,0,2
0x8ee47d,100%,0,42,42,0,0,0,42
0x5fae67,100%,0,33,33,0,0,0,33
0xa495d4,100%,0,404,404,404,0,0,0
0x96e3e7,100%,0,1,1,1,0,0,0
0xa95fed,100%,0,26,26,0,0,0,26
0x5eaecb,100%,0,4,4,0,0,0,4
0xa956ca,100%,0,4,4,0,0,0,4
0x5fb71b,100%,0,55,55,0,0,0,55
0x8e3dac,100%,0,159,159,0,0,0,159
0x9c4d29,100%,0,6,6,0,0,0,6
0x80619e,100%,0,2,2,0,0,0,2
0x7807c0,100%,0,8,8,0,0,0,8
0xa37530,100%,0,10,10,10,0,0,0
0xa95ff1,100%,0,26,26,0,0,0,26
0x8061b8,100%,0,2,2,0,0,0,2
0xaa88de,100%,0,124,124,0,0,0,124
0x4b62b4,100%,0,49,49,0,0,0,49
0x40e8c5,100%,0,5,5,5,0,0,0
0xa964d1,100%,0,4,4,4,0,0,0
0x9ed734,100%,0,59,59,0,0,0,59
0xa35530,100%,0,12,12,0,0,0,12
0x595e6b,100%,0,23,23,0,0,0,23
0x903315,100%,0,12,12,0,0,0,12
0x5f31b6,100%,0,7,7,0,0,0,7
0x8dffd0,100%,0,6,6,0,0,0,6
0x4c5e7e,100%,0,8,8,0,0,0,8
0x554749,100%,0,64,64,0,0,0,64
0x4c5e84,100%,0,8,8,8,0,0,0
0x60dc25,100%,0,60,60,0,0,0,60
0x5560f2,100%,0,240,240,240,0,0,0
0xa9b902,100%,0,6,6,0,0,0,6
0x972f14,100%,0,6,6,0,0,0,6
0x4b9f9e,100%,0,63,63,63,0,0,0
0x8ebed3,100%,0,8,8,0,0,0,8
0x512849,100%,0,20,20,20,0,0,0
0xa08e63,100%,0,45,45,0,0,0,45
0x58e73f,100%,0,6,6,0,0,0,6
0xa3727f,100%,0,6,6,0,0,0,6
0x81a7b6,100%,0,447,447,0,0,0,447
0x40a904,100%,0,89,89,0,0,0,89
0x8ded80,100%,0,440,440,0,0,0,440
0x8dfff9,100%,0,12,12,12,0,0,0
0x5fe795,100%,0,105,105,0,0,0,105
0x9c4d49,100%,0,6,6,0,0,0,6
0xa96045,100%,0,26,26,0,0,0,26
0xa477e4,100%,0,4,4,4,0,0,0
0xa37ad9,100%,0,10,10,0,0,0,10
0x4bc8d4,100%,0,12,12,12,0,0,0
0x40bc29,100%,0,103,103,0,0,0,103
0xa9377a,100%,0,29,29,0,0,0,29
0x8f2423,100%,0,1,1,0,0,0,1
0x80d868,100%,0,464,464,0,0,0,464
0xa54dcd,100%,0,116,116,0,0,0,116
0x590aa6,100%,0,20,20,20,0,0,0
0xa087bc,100%,0,8,8,0,0,0,8
0x5508cf,100%,0,21,21,21,0,0,0
0x9e2a7d,100%,0,74,74,0,0,0,74
0xa969ba,100%,0,16,16,16,0,0,0
0xaabd18,100%,0,4,4,0,0,0,4
0xa99e31,100%,0,15,15,0,0,0,15
0x80a19b,100%,0,4,4,0,0,0,4
0x480df5,100%,0,9,9,9,0,0,0
0x647552,100%,0,21,21,21,0,0,0
0x90a67f,100%,0,44,44,0,0,0,44
0xa069e5,100%,0,2,2,2,0,0,0
0x806289,100%,0,2,2,0,0,0,2
0x66f6dc,100%,0,19,19,0,0,0,19
0x8e9a79,100%,0,267,267,267,0,0,0
0xa36e3f,100%,0,10,10,10,0,0,0
0xa50a8f,100%,0,14,14,0,0,0,14
0xa3bcc8,100%,0,2,2,2,0,0,0
0xa9050b,100%,0,41,41,0,0,0,41
0x8ffee7,100%,0,10,10,0,0,0,10
0x5baa30,100%,0,1914,1914,0,0,0,1914
0xa550e3,100%,0,8,8,0,0,0,8
0x5a5edd,100%,0,4,4,0,0,0,4
0x80db1e,100%,0,220,220,0,0,0,220
0x659fe2,100%,0,1949,1949,1949,0,0,0
0x9f6b40,100%,0,44,44,44,0,0,0
0x59fb7a,100%,0,1,1,0,0,0,1
0xa42ecc,100%,0,4,4,0,0,0,4
0x9ed8ee,100%,0,64,64,64,0,0,0
0x666cb2,100%,0,2,2,0,0,0,2
0x6798ab,100%,0,6,6,0,0,0,6
0xa3799d,100%,0,10,10,0,0,0,10
0xb304e2,100%,0,5,5,5,0,0,0
0x80dac7,100%,0,220,220,0,0,0,220
0x8efc25,100%,0,5,5,5,0,0,0
0x81a2d1,100%,0,329,329,0,0,0,329
0xa9c57a,100%,0,199,199,0,0,0,199
0x8bdc8d,100%,0,7,7,0,0,0,7
0xaa07af,100%,0,100,100,100,0,0,0
0x402b23,100%,0,928,928,0,0,0,928
0x60dfc8,100%,0,9,9,0,0,0,9
0x5a89d0,100%,0,2,2,2,0,0,0
0x8deea3,100%,0,8,8,0,0,0,8
0xa50da1,100%,0,4,4,0,0,0,4
0x6f1730,100%,0,12,12,0,0,0,12
0x4c3cd5,100%,0,7,7,7,0,0,0
0x4419cb,100%,0,11,11,0,0,0,11
0x8eddd4,100%,0,451,451,0,0,0,451
0x78d27d,100%,0,2,2,0,0,0,2
0x611546,100%,0,65,65,0,0,0,65
0xa9ef42,100%,0,2,2,2,0,0,0
0x5c46bf,100%,0,19,19,0,0,0,19
0x4bfeda,100%,0,3,3,3,0,0,0
0xa36b4d,100%,0,10,10,0,0,0,10
0x5c46b7,100%,0,19,19,0,0,0,19
0x78d24c,100%,0,2,2,0,0,0,2
0x8e392a,100%,0,48,48,0,0,0,48
0x5a93d7,100%,0,33,33,33,0,0,0
0xa5b053,100%,0,15,15,0,0,0,15
0x78d186,100%,0,2,2,0,0,0,2
0x4c7748,100%,0,8,8,0,0,0,8
0x554f25,100%,0,142,142,0,0,0,142
0x8e2f95,100%,0,209,209,209,0,0,0
0x4bb166,100%,0,18,18,0,0,0,18
0xa50d8f,100%,0,4,4,0,0,0,4
0x610f08,100%,0,2,2,0,0,0,2
0x4a9a78,100%,0,2,2,0,0,0,2
0xa34884,100%,0,527,527,0,0,0,527
0x409359,100%,0,2,2,0,0,0,2
0xb6a0fd,100%,0,5,5,0,0,0,5
0x90226b,100%,0,12,12,0,0,0,12
0x53fef7,100%,0,426,426,0,0,0,426
0x80dc5d,100%,0,114,114,0,0,0,114
0x803d4a,100%,0,2,2,2,0,0,0
0x506a6e,100%,0,53,53,0,0,0,53
0x69dd6c,100%,0,12,12,0,0,0,12
0x977a93,100%,0,39,39,39,0,0,0
0x8ab5af,100%,0,538,538,0,0,0,538
0xa37f16,100%,0,5,5,0,0,0,5
0x4bcaf3,100%,0,12,12,12,0,0,0
0x4a8750,100%,0,2,2,2,0,0,0
0x804be1,100%,0,1,1,1,0,0,0
0x95b382,100%,0,4,4,0,0,0,4
0x8193a1,100%,0,68,68,68,0,0,0
0xa96887,100%,0,226,226,0,0,0,226
0x476e8c,100%,0,20,20,20,0,0,0
0x67a03b,100%,0,6,6,6,0,0,0
0xa4d367,100%,0,28,28,0,0,0,28
0xa63c8d,100%,0,3,3,3,0,0,0
0x4bfe44,100%,0,34,34,34,0,0,0
0xa9c5f7,100%,0,42,42,0,0,0,42
0x80da79,100%,0,106,106,106,0,0,0
0x53b96d,100%,0,132,132,0,0,0,132
0xb30426,100%,0,5,5,0,0,0,5
0x8da226,100%,0,601,601,0,0,0,601
0x96ea7d,100%,0,1,1,0,0,0,1
0x80b3ba,100%,0,5,5,0,0,0,5
0x49c1c5,100%,0,95,95,0,0,0,95
0x59fc10,100%,0,1,1,0,0,0,1
0x8d279c,100%,0,3,3,0,0,0,3
0x8d207f,100%,0,902,902,0,0,0,902
0xa9294c,100%,0,6,6,6,0,0,0
0xa9c99b,100%,0,34,34,0,0,0,34
0x620f6f,100%,0,5,5,5,0,0,0
0xa9291b,100%,0,6,6,0,0,0,6
0xa58c1d,100%,0,29,29,29,0,0,0
0x65bde6,100%,0,12,12,12,0,0,0
0x9d06ac,100%,0,65,65,65,0,0,0
0xa25d15,100%,0,1728,1728,0,0,0,1728
0x535138,100%,0,100,100,0,0,0,100
0x49b2e3,100%,0,913,913,0,0,0,913
0x5dadd8,100%,0,4,4,0,0,0,4
0x543a9e,100%,0,45,45,0,0,0,45
0x619a9a,100%,0,15,15,0,0,0,15
0xa956bd,100%,0,4,4,0,0,0,4
0x5d3b75,100%,0,4,4,0,0,0,4
0x4b5f7f,100%,0,4,4,0,0,0,4
0x98ce81,100%,0,12,12,0,0,0,12
0x8114b1,100%,0,5,5,5,0,0,0
0x619be7,100%,0,20,20,0,0,0,20
0x837d51,100%,0,127,127,0,0,0,127
0xa06e33,100%,0,4,4,4,0,0,0
0xa2865a,100%,0,1,1,0,0,0,1
0x5d2f9b,100%,0,4,4,0,0,0,4
0x5d2f46,100%,0,4,4,0,0,0,4
0x4c6842,100%,0,12,12,0,0,0,12
0x942be2,100%,0,75,75,0,0,0,75
0x4ac81d,100%,0,15,15,0,0,0,15
0x44198e,100%,0,11,11,0,0,0,11
0x622a20,100%,0,10,10,10,0,0,0
0x8f6ccc,100%,0,45,45,0,0,0,45
0x48bc13,100%,0,1,1,0,0,0,1
0x90e6b8,100%,0,911,911,0,0,0,911
0xa3774b,100%,0,10,10,10,0,0,0
0x619b26,100%,0,10,10,10,0,0,0
0x9e16c5,100%,0,2,2,0,0,0,2
0x5badbc,100%,0,2,2,2,0,0,0
0xa378c5,100%,0,4,4,0,0,0,4
0xa378f3,100%,0,4,4,0,0,0,4
0x965f37,100%,0,2,2,0,0,0,2
0x99d358,100%,0,9,9,0,0,0,9
0xa9e231,100%,0,40,40,0,0,0,40
0x49c920,100%,0,18,18,0,0,0,18
0x543a78,100%,0,218,218,0,0,0,218
0xa37953,100%,0,10,10,10,0,0,0
0x8f67a3,100%,0,16,16,0,0,0,16
0x5f797b,100%,0,295,295,0,0,0,295
0x5f0ae9,100%,0,1,1,1,0,0,0
0xa6b8e1,100%,0,4,4,0,0,0,4
0x5d35bd,100%,0,20,20,20,0,0,0
0x62299a,100%,0,10,10,0,0,0,10
0x8ddc41,100%,0,112,112,112,0,0,0
0x80ba21,100%,0,2,2,0,0,0,2
0x80d9b8,100%,0,106,106,0,0,0,106
0xa2b343,100%,0,2,2,0,0,0,2
0x80d981,100%,0,106,106,0,0,0,106
0xa088fb,100%,0,5,5,0,0,0,5
0x90077c,100%,0,1,1,1,0,0,0
0x80d971,100%,0,106,106,0,0,0,106
0x4c1e10,100%,0,24,24,24,0,0,0
0x8ffde7,100%,0,8,8,0,0,0,8
0x78d16c,100%,0,2,2,0,0,0,2
0xa69e53,100%,0,4,4,0,0,0,4
0x9a3336,100%,0,91,91,91,0,0,0
0x80d95f,100%,0,106,106,0,0,0,106
0x555d3c,100%,0,38,38,0,0,0,38
0x63f32e,100%,0,2,2,0,0,0,2
0x6229cb,100%,0,10,10,0,0,0,10
0xa63b43,100%,0,125,125,0,0,0,125
0x7227eb,100%,0,1303,1303,0,0,0,1303
0x96b243,100%,0,32,32,32,0,0,0
0x6229d4,100%,0,10,10,10,0,0,0
0xa050ee,100%,0,1,1,0,0,0,1
0x49c3f3,100%,0,2,2,0,0,0,2
0x81f331,100%,0,1928,1928,0,0,0,1928
0x8d48a2,100%,0,2,2,0,0,0,2
0x81b67c,100%,0,2,2,0,0,0,2
0x8d3dd3,100%,0,31,31,0,0,0,31
0x4c5aa8,100%,0,21,21,0,0,0,21
0x8d3dbf,100%,0,31,31,0,0,0,31
0xa90a13,100%,0,4,4,0,0,0,4
0x811c02,100%,0,769,769,0,0,0,769
0x58ba82,100%,0,4,4,4,0,0,0
0x6f09d1,100%,0,16,16,0,0,0,16
0x643b3a,100%,0,2,2,2,0,0,0
0x5fe812,100%,0,28,28,28,0,0,0
0x8ee546,100%,0,42,42,0,0,0,42
0x9ea19f,100%,0,2,2,0,0,0,2
0xa0510e,100%,0,1,1,0,0,0,1
0xaadb7e,100%,0,54,54,0,0,0,54
0x8ef294,100%,0,48,48,0,0,0,48
0xa051db,100%,0,7,7,0,0,0,7
0x7f0c2c,100%,0,1,1,0,0,0,1
0x9f945e,100%,0,120,120,0,0,0,120
0xa07b08,100%,0,7,7,7,0,0,0
0x5efa1c,100%,0,3,3,3,0,0,0
0xa0699e,100%,0,2,2,0,0,0,2
0x8089fa,100%,0,9,9,0,0,0,9
0x7c688d,100%,0,2,2,0,0,0,2
0x4c7ef4,100%,0,4,4,0,0,0,4
0x7d2298,100%,0,1,1,1,0,0,0
0x59c0b9,100%,0,214,214,214,0,0,0
0x9eca3e,100%,0,4,4,0,0,0,4
0xa060a9,100%,0,5,5,0,0,0,5
0x81ecfb,100%,0,1599,1599,0,0,0,1599
0x4bdf7b,100%,0,4,4,0,0,0,4
0x812033,100%,0,4,4,0,0,0,4
0x5fa7c4,100%,0,69,69,0,0,0,69
0xa63c51,100%,0,2,2,1,0,0,1
0x64f4eb,100%,0,12,12,12,0,0,0
0x8d39d9,100%,0,10,10,10,0,0,0
0x8f4469,100%,0,1,1,0,0,0,1
0x490bb1,100%,0,41,41,0,0,0,41
0x610f12,100%,0,2,2,0,0,0,2
0xa0508e,100%,0,1,1,0,0,0,1
0x540e49,100%,0,8,8,0,0,0,8
0x9a6409,100%,0,176,176,176,0,0,0
0x8d3c04,100%,0,2,2,0,0,0,2
0xa06f56,100%,0,9,9,0,0,0,9
0x4b854e,100%,0,2,2,0,0,0,2
0x8da87f,100%,0,6,6,6,0,0,0
0x820008,100%,0,323,323,0,0,0,323
0xa0653f,100%,0,31,31,0,0,0,31
0xa94a8b,100%,0,76,76,76,0,0,0
0xa94a82,100%,0,76,76,0,0,0,76
0x9aa3db,100%,0,15,15,0,0,0,15
0x49db41,100%,0,891,891,891,0,0,0
0x8f1fb2,100%,0,39,39,39,0,0,0
0x8aacc9,100%,0,22,22,0,0,0,22
0x7d4149,100%,0,12,12,0,0,0,12
0x9f2aa2,100%,0,5,5,0,0,0,5
0x8dab00,100%,0,44,44,44,0,0,0
0xa1aaf0,100%,0,5,5,0,0,0,5
0x4b6961,100%,0,155,155,0,0,0,155
0x557f82,100%,0,370,370,0,0,0,370
0x9a9b93,100%,0,106,106,0,0,0,106
0x8e9a0e,100%,0,2,2,0,0,0,2
0x4b4acf,100%,0,2,2,0,0,0,2
0xa7a19e,100%,0,175,175,0,0,0,175
0x8044a3,100%,0,2,2,0,0,0,2
0xa2f143,100%,0,1,1,0,0,0,1
0x4be8c1,100%,0,1,1,0,0,0,1
0xa0647f,100%,0,35,35,0,0,0,35
0xa9491f,100%,0,24,24,0,0,0,24
0xa543f1,100%,0,107,107,0,0,0,107
0x838b99,100%,0,2,2,0,0,0,2
0x8d3d97,100%,0,31,31,0,0,0,31
0x4b84cc,100%,0,2,2,0,0,0,2
0x8a96a6,100%,0,1470,1470,0,0,0,1470
0xa0650b,100%,0,35,35,35,0,0,0
0x59f221,100%,0,2,2,2,0,0,0
0x7c6899,100%,0,2,2,0,0,0,2
0xa94977,100%,0,24,24,0,0,0,24
0xa345fc,100%,0,91,91,0,0,0,91
0x50e169,100%,0,42,42,42,0,0,0
0x40a6c2,100%,0,26,26,26,0,0,0
0x8d3d23,100%,0,31,31,0,0,0,31
0x610968,100%,0,13,13,0,0,0,13
0x911679,100%,0,201,201,201,0,0,0
0xa92d5d,100%,0,148,148,0,0,0,148
0xa94257,100%,0,2,2,0,0,0,2
0xa94246,100%,0,2,2,0,0,0,2
0x5068b0,100%,0,136,136,0,0,0,136
0xa05f4e,100%,0,5,5,0,0,0,5
0xa39848,100%,0,4,4,0,0,0,4
0x5be7e6,100%,0,2,2,0,0,0,2
0x8ea4a9,100%,0,16,16,16,0,0,0
0x8ad47c,100%,0,2,2,2,0,0,0
0x4be7d7,100%,0,27,27,0,0,0,27
0x8f2880,100%,0,44,44,44,0,0,0
0x803d27,100%,0,2,2,2,0,0,0
0x78e136,100%,0,2,2,2,0,0,0
0x69de1a,100%,0,12,12,12,0,0,0
0x8f0ca3,100%,0,6,6,6,0,0,0
0xa31afd,100%,0,3,3,0,0,0,3
0x4418d7,100%,0,11,11,0,0,0,11
0x9f2231,100%,0,2,2,0,0,0,2
0x803b38,100%,0,2,2,2,0,0,0
0x6117be,100%,0,33,33,0,0,0,33
0xa72271,100%,0,4,4,0,0,0,4
0xa39839,100%,0,4,4,0,0,0,4
0x4b7a69,100%,0,2,2,2,0,0,0
0x4b7a91,100%,0,2,2,0,0,0,2
0x4be411,100%,0,4,4,0,0,0,4
0x4c6639,100%,0,2,2,0,0,0,2
0x8d20eb,100%,0,2,2,0,0,0,2
0x60bbd8,100%,0,9,9,0,0,0,9
0xa04f6d,100%,0,62,62,0,0,0,62
0xa55445,100%,0,154,154,0,0,0,154
0x673a60,100%,0,2,2,0,0,0,2
0x972795,100%,0,264,264,0,0,0,264
0x5f600d,100%,0,2,2,0,0,0,2
0x804085,100%,0,253,253,0,0,0,253
0x815e7b,100%,0,9,9,0,0,0,9
0x803ddf,100%,0,75,75,0,0,0,75
0x4b9549,100%,0,2,2,0,0,0,2
0x5f674e,100%,0,2,2,2,0,0,0
0x78e11d,100%,0,2,2,0,0,0,2
0x4b96d5,100%,0,10,10,0,0,0,10
0x53c3bb,100%,0,22,22,0,0,0,22
0xa39862,100%,0,4,4,0,0,0,4
0xa39858,100%,0,4,4,0,0,0,4
0x8dba4a,100%,0,16,16,0,0,0,16
0x402557,100%,0,514,514,0,0,0,514
0xa07559,100%,0,5,5,0,0,0,5
0x58d62d,100%,0,3,3,3,0,0,0
0x90bef6,100%,0,119,119,0,0,0,119
0x49f5c0,100%,0,18,18,18,0,0,0
0x4c5494,100%,0,1,1,0,0,0,1
0x952396,100%,0,2,2,0,0,0,2
0x49cff4,100%,0,1,1,0,0,0,1
0x5ffbd0,100%,0,46,46,0,0,0,46
0x9e7dad,100%,0,3,3,0,0,0,3
0x590a45,100%,0,2,2,2,0,0,0
0x8a6c09,100%,0,101,101,0,0,0,101
0x5faf5b,100%,0,12,12,12,0,0,0
0xa3fe2f,100%,0,28,28,0,0,0,28
0x4c54af,100%,0,1,1,0,0,0,1
0x942ae1,100%,0,8,8,0,0,0,8
0x8ee93a,100%,0,3,3,0,0,0,3
0x99eb49,100%,0,13,13,0,0,0,13
0x9bc833,100%,0,172,172,0,0,0,172
0x7c692d,100%,0,2,2,0,0,0,2
0x7c6916,100%,0,2,2,0,0,0,2
0x7c68d3,100%,0,2,2,0,0,0,2
0x5090da,100%,0,5,5,5,0,0,0
0x6f45d2,100%,0,6,6,0,0,0,6
0xa01bb9,100%,0,16,16,16,0,0,0
0x64abb4,100%,0,8,8,8,0,0,0
0x4be453,100%,0,4,4,0,0,0,4
0x4c2421,100%,0,9,9,9,0,0,0
0xa57443,100%,0,41,41,0,0,0,41
0xa21027,100%,0,4,4,0,0,0,4
0x4c545f,100%,0,1,1,0,0,0,1
0x6730db,100%,0,19,19,0,0,0,19
0xa998d8,100%,0,2,2,0,0,0,2
0x5f1c3a,100%,0,7,7,0,0,0,7
0x86321f,100%,0,2,2,2,0,0,0
0x8631e1,100%,0,2,2,2,0,0,0
0xa06686,100%,0,45,45,0,0,0,45
0x816a78,100%,0,13,13,0,0,0,13
0x670a19,100%,0,19,19,0,0,0,19
0x6809cf,100%,0,491,491,0,0,0,491
0x812118,100%,0,2,2,2,0,0,0
0x952433,100%,0,2,2,0,0,0,2
0x4a2628,100%,0,319,319,0,0,0,319
0x8dcd4c,100%,0,509,509,509,0,0,0
0x95245a,100%,0,270,270,0,0,0,270
0xa4bb15,100%,0,4,4,0,0,0,4
0x592585,100%,0,120,120,0,0,0,120
0x4a9ef7,100%,0,185,185,0,0,0,185
0x5f8424,100%,0,584,584,0,0,0,584
0xa3d1ae,100%,0,8,8,0,0,0,8
0x5f3ae0,100%,0,4,4,4,0,0,0
0x4c5373,100%,0,20,20,20,0,0,0
0xa058cb,100%,0,5,5,0,0,0,5
0xa48b6b,100%,0,167,167,0,0,0,167
0x4b5f25,100%,0,4,4,0,0,0,4
0x4b5eea,100%,0,4,4,0,0,0,4
0x7b8bae,100%,0,1,1,0,0,0,1
0x50ce84,100%,0,31,31,0,0,0,31
0x4ad383,100%,0,20,20,20,0,0,0
0x8e0cdb,100%,0,112,112,0,0,0,112
0x4c186a,100%,0,16,16,0,0,0,16
0x5f5a91,100%,0,2,2,2,0,0,0
0x8a8f27,100%,0,140,140,0,0,0,140
0x6757c5,100%,0,1,1,1,0,0,0
0x9edcbf,100%,0,64,64,0,0,0,64
0x8d397c,100%,0,71,71,0,0,0,71
0xa3fdd3,100%,0,28,28,0,0,0,28
0x81e277,100%,0,1,1,0,0,0,1
0x5bbfae,100%,0,2,2,2,0,0,0
0x781dec,100%,0,2771,2771,0,0,0,2771
0x820a55,100%,0,8,8,8,0,0,0
0x8d3343,100%,0,3,3,0,0,0,3
0x819dda,100%,0,327,327,0,0,0,327
0xa99c3c,100%,0,15,15,0,0,0,15
0x8fd7ed,100%,0,3,3,0,0,0,3
0x649e2a,100%,0,2,2,0,0,0,2
0x7e07db,100%,0,18,18,0,0,0,18
0xa059bc,100%,0,29,29,29,0,0,0
0x9746b6,100%,0,68,68,0,0,0,68
0x81a127,100%,0,87,87,0,0,0,87
0xa4a86e,100%,0,2,2,0,0,0,2
0x8ad5c7,100%,0,138,138,0,0,0,138
0x94bcc4,100%,0,16,16,0,0,0,16
0x8d332f,100%,0,3,3,0,0,0,3
0xa2aa80,100%,0,1,1,1,0,0,0
0xa075e9,100%,0,6,6,0,0,0,6
0x686db6,100%,0,83,83,0,0,0,83
0x8ba2dd,100%,0,27,27,0,0,0,27
0xa430e1,100%,0,4,4,4,0,0,0
0xa05af7,100%,0,29,29,29,0,0,0
0xa05c24,100%,0,29,29,0,0,0,29
0x94afcc,100%,0,16,16,0,0,0,16
0xa4c8eb,100%,0,4,4,0,0,0,4
0x4b5f91,100%,0,4,4,0,0,0,4
0x7a1148,100%,0,6,6,6,0,0,0
0x5be24b,100%,0,78,78,0,0,0,78
0xa0306a,100%,0,160,160,0,0,0,160
0x9439ad,100%,0,2,2,0,0,0,2
0xa69f57,100%,0,4,4,4,0,0,0
0x843462,100%,0,1,1,0,0,0,1
0xa3d65a,100%,0,8,8,8,0,0,0
0xa575fc,100%,0,14,14,0,0,0,14
0x5fb9cc,100%,0,26,26,0,0,0,26
0x65ae07,100%,0,13,13,0,0,0,13
0x490c66,100%,0,26,26,0,0,0,26
0x4b5ede,100%,0,4,4,0,0,0,4
0xa900da,100%,0,274,274,0,0,0,274
0xa066ec,100%,0,45,45,0,0,0,45
0xa9072d,100%,0,381,381,0,0,0,381
0x8eb04f,100%,0,6,6,0,0,0,6
0x8ede5e,100%,0,42,42,0,0,0,42
0x8df0ee,100%,0,24,24,0,0,0,24
0x9bdb6e,100%,0,4,4,4,0,0,0
0x808ff3,100%,0,24,24,0,0,0,24
0x4bc101,100%,0,15,15,0,0,0,15
0x7cd1cc,100%,0,8,8,8,0,0,0
0xaa826d,100%,0,5,5,0,0,0,5
0x966039,100%,0,10,10,10,0,0,0
0xa0437c,100%,0,1,1,1,0,0,0
0x4b6013,100%,0,1,1,1,0,0,0
0xa066a6,100%,0,45,45,45,0,0,0
0x511155,100%,0,700,700,0,0,0,700
0x9e2d78,100%,0,16,16,0,0,0,16
0xb47654,100%,0,16,16,0,0,0,16
0x49a109,100%,0,16,16,0,0,0,16
0x8e935b,100%,0,3,3,3,0,0,0
0x9f5668,100%,0,80,80,80,0,0,0
0x4c2803,100%,0,1,1,0,0,0,1
0x99dc71,100%,0,15,15,0,0,0,15
0x8dce49,100%,0,61,61,0,0,0,61
0x4c92eb,100%,0,16,16,0,0,0,16
0x4c280d,100%,0,1,1,0,0,0,1
0x9bdd73,100%,0,55,55,55,0,0,0
0x8d2f03,100%,0,2,2,2,0,0,0
0x40407e,100%,0,1626,1626,1626,0,0,0
0x672477,100%,0,1,1,0,0,0,1
0x66f3b9,100%,0,2,2,0,0,0,2
0x4b5460,100%,0,2,2,2,0,0,0
0xa64cac,100%,0,6,6,0,0,0,6
0x7bb9f0,100%,0,8,8,0,0,0,8
0x40a4b3,100%,0,2,2,0,0,0,2
0x51aec3,100%,0,2,2,0,0,0,2
0x533a49,100%,0,9,9,0,0,0,9
0xa92897,100%,0,6,6,0,0,0,6
0x7b8b74,100%,0,1,1,0,0,0,1
0x60bbe7,100%,0,9,9,0,0,0,9
0x60bb59,100%,0,18,18,0,0,0,18
0xa91e1e,100%,0,101,101,0,0,0,101
0x53e75b,100%,0,4,4,0,0,0,4
0x8c92cc,100%,0,920,920,920,0,0,0
0xa410a0,100%,0,35,35,0,0,0,35
0x4bffc3,100%,0,24,24,0,0,0,24
0x5ef9f1,100%,0,1,1,0,0,0,1
0x808b20,100%,0,2,2,2,0,0,0
0x8d3f7a,100%,0,10,10,0,0,0,10
0x8c8bca,100%,0,67,67,67,0,0,0
0x60bb0d,100%,0,17,17,0,0,0,17
0x80c344,100%,0,1,1,1,0,0,0
0x5d7ddd,100%,0,4,4,4,0,0,0
0xa062b7,100%,0,2,2,0,0,0,2
0x80aede,100%,0,1,1,0,0,0,1
0xa064f7,100%,0,35,35,0,0,0,35
0x5c7249,100%,0,28,28,0,0,0,28
0xa05345,100%,0,29,29,0,0,0,29
0x63b4ba,100%,0,810,810,810,0,0,0
0x4c5fd4,100%,0,16,16,0,0,0,16
0xa31fb8,100%,0,36,36,36,0,0,0
0x4c5f03,100%,0,41,41,0,0,0,41
0x9e286c,100%,0,383,383,383,0,0,0
0x5557af,100%,0,4,4,0,0,0,4
0x48f782,100%,0,6,6,0,0,0,6
0x7b6447,100%,0,1,1,0,0,0,1
0x5a8959,100%,0,2,2,0,0,0,2
0xa160df,100%,0,6,6,0,0,0,6
0x49c859,100%,0,1,1,0,0,0,1
0x5fbdcc,100%,0,2,2,0,0,0,2
0xaa81d3,100%,0,5,5,0,0,0,5
0x811d6e,100%,0,166,166,0,0,0,166
0x8d40b5,100%,0,11,11,11,0,0,0
0x7b646e,100%,0,1,1,1,0,0,0
0x4c5ff6,100%,0,16,16,16,0,0,0
0xaad22b,100%,0,7,7,0,0,0,7
0x8ed09e,100%,0,9,9,9,0,0,0
0x8dc3fa,100%,0,4,4,0,0,0,4
0x5bb66c,100%,0,23,23,0,0,0,23
0xa32765,100%,0,78,78,0,0,0,78
0x4094ed,100%,0,2,2,2,0,0,0
0xa0562c,100%,0,1,1,0,0,0,1
0x4c6e8a,100%,0,83,83,0,0,0,83
0x4b67a5,100%,0,11,11,0,0,0,11
0x4b3938,100%,0,4,4,0,0,0,4
0x8d3e4e,100%,0,15,15,0,0,0,15
0xa544ec,100%,0,10,10,0,0,0,10
0x60bdd8,100%,0,21,21,21,0,0,0
0x8a5fa3,100%,0,2,2,2,0,0,0
0xa0642a,100%,0,2,2,2,0,0,0
0x8d3c09,100%,0,2,2,2,0,0,0
0x64866c,100%,0,56,56,0,0,0,56
0x9eb67b,100%,0,63,63,63,0,0,0
0xa0762e,100%,0,6,6,0,0,0,6
0x63f88c,100%,0,2,2,2,0,0,0
0xa4773d,100%,0,42,42,0,0,0,42
0x8d3b65,100%,0,2,2,0,0,0,2
0xae701a,100%,0,2,2,0,0,0,2
0x534999,100%,0,9,9,0,0,0,9
0xa05940,100%,0,21,21,0,0,0,21
0xa8f74e,100%,0,4,4,0,0,0,4
0x94af8b,100%,0,16,16,0,0,0,16
0xa4dc3e,100%,0,38,38,38,0,0,0
0x8435a6,100%,0,4,4,4,0,0,0
0x8a77df,100%,0,521,521,0,0,0,521
0x4aad56,100%,0,30,30,0,0,0,30
0x40bbfc,100%,0,104,104,0,0,0,104
0x4bc2b9,100%,0,1,1,1,0,0,0
0xa94548,100%,0,29,29,0,0,0,29
0x9fc743,100%,0,14,14,14,0,0,0
0x80ae3f,100%,0,2,2,0,0,0,2
0xa58e6a,100%,0,146,146,0,0,0,146
0x8142c3,100%,0,328,328,0,0,0,328
0x99d843,100%,0,2,2,0,0,0,2
0x8d3f55,100%,0,13,13,0,0,0,13
0x94af9c,100%,0,16,16,0,0,0,16
0x9eb720,100%,0,168,168,0,0,0,168
0x8d3f3d,100%,0,13,13,0,0,0,13
0x8d3f19,100%,0,13,13,0,0,0,13
0x83896e,100%,0,5,5,0,0,0,5
0x8d4178,100%,0,71,71,0,0,0,71
0x679104,100%,0,61,61,0,0,0,61
0x548a94,100%,0,4,4,0,0,0,4
0x9c50ba,100%,0,8,8,0,0,0,8
0x4b7c24,100%,0,11,11,11,0,0,0
0x6663fe,100%,0,2,2,0,0,0,2
0xa97144,100%,0,37,37,0,0,0,37
0xa4a876,100%,0,2,2,0,0,0,2
0x809862,100%,0,5,5,0,0,0,5
0x80976d,100%,0,5,5,5,0,0,0
0x4bc085,100%,0,1,1,0,0,0,1
0x548a1d,100%,0,6,6,0,0,0,6
0x7ac181,100%,0,6,6,6,0,0,0
0x90fe90,100%,0,3813,3813,0,0,0,3813
0x4a130d,100%,0,467,467,0,0,0,467
0xa560bc,100%,0,80,80,0,0,0,80
0x5086c2,100%,0,38,38,0,0,0,38
0x610f00,100%,0,2,2,0,0,0,2
0xa97f3b,100%,0,2,2,0,0,0,2
0x4be4e1,100%,0,7,7,0,0,0,7
0x8096d2,100%,0,2,2,0,0,0,2
0x610f45,100%,0,2,2,0,0,0,2
0x80966e,100%,0,2,2,0,0,0,2
0x649409,100%,0,2,2,0,0,0,2
0x804d56,100%,0,2,2,0,0,0,2
0x82204a,100%,0,32,32,0,0,0,32
0xa08380,100%,0,7,7,0,0,0,7
0x48d932,100%,0,2,2,0,0,0,2
0x9f5cb9,100%,0,19,19,0,0,0,19
0x9fcc3f,100%,0,25,25,0,0,0,25
0x8d9a11,100%,0,6,6,0,0,0,6
0x611539,100%,0,65,65,0,0,0,65
0x809a65,100%,0,3,3,0,0,0,3
0x809a48,100%,0,3,3,0,0,0,3
0xa97e48,100%,0,15,15,0,0,0,15
0x5fa527,100%,0,54,54,0,0,0,54
0x5d45b0,100%,0,14,14,0,0,0,14
0x81c1cb,100%,0,96,96,0,0,0,96
0xa4a3a2,100%,0,10,10,0,0,0,10
0x619d9d,100%,0,10,10,0,0,0,10
0x80a83c,100%,0,841,841,0,0,0,841
0x822739,100%,0,2,2,0,0,0,2
0x8e02a9,100%,0,4,4,0,0,0,4
0x606eb7,100%,0,3,3,3,0,0,0
0x51194f,100%,0,212,212,0,0,0,212
0xa973ee,100%,0,37,37,0,0,0,37
0x9fe785,100%,0,37,37,0,0,0,37
0xa07384,100%,0,9,9,9,0,0,0
0x803875,100%,0,2,2,0,0,0,2
0x9c50ea,100%,0,8,8,0,0,0,8
0x62291e,100%,0,10,10,0,0,0,10
0x8efcc8,100%,0,117,117,0,0,0,117
0xa518ea,100%,0,17,17,17,0,0,0
0xa3e44e,100%,0,8,8,0,0,0,8
0xa64bf0,100%,0,6,6,0,0,0,6
0x8131b6,100%,0,806,806,0,0,0,806
0xa082d4,100%,0,1,1,1,0,0,0
0xa980c8,100%,0,149,149,0,0,0,149
0x81fde3,100%,0,2,2,2,0,0,0
0x60bdae,100%,0,10,10,10,0,0,0
0x977204,100%,0,2,2,0,0,0,2
0x4be4fd,100%,0,7,7,7,0,0,0
0x973b97,100%,0,10,10,0,0,0,10
0xa8ee6d,100%,0,14,14,0,0,0,14
0x48f413,100%,0,3,3,0,0,0,3
0x97a028,100%,0,51,51,0,0,0,51
0x977253,100%,0,2,2,2,0,0,0
0x8a652d,100%,0,10,10,10,0,0,0
0xa4e004,100%,0,2,2,2,0,0,0
0x4b9d2f,100%,0,21,21,0,0,0,21
0x8119fd,100%,0,2,2,0,0,0,2
0xa92d4d,100%,0,78,78,78,0,0,0
0xa92d46,100%,0,78,78,0,0,0,78
0x4c296e,100%,0,1,1,0,0,0,1
0xa9ce55,100%,0,144,144,0,0,0,144
0x8039cc,100%,0,2,2,0,0,0,2
0x63ac41,100%,0,517,517,517,0,0,0
0x9f5944,100%,0,2,2,0,0,0,2
0xa9df89,100%,0,2,2,0,0,0,2
0x4b9c5f,100%,0,2,2,2,0,0,0
0x4c13e5,100%,0,24,24,24,0,0,0
0xa9a0c7,100%,0,5,5,5,0,0,0
0x80a98a,100%,0,3,3,0,0,0,3
0x8a6996,100%,0,12,12,12,0,0,0
0xa15d07,100%,0,8,8,0,0,0,8
0x813771,100%,0,2,2,0,0,0,2
0x7d0f05,100%,0,36,36,36,0,0,0
0x8038fe,100%,0,2,2,2,0,0,0
0x5feef8,100%,0,48,48,48,0,0,0
0x9bd408,100%,0,12,12,0,0,0,12
0x9ee40d,100%,0,22,22,22,0,0,0
0x99e165,100%,0,13,13,0,0,0,13
0x80c046,100%,0,53,53,0,0,0,53
0xa9749e,100%,0,39,39,0,0,0,39
0xa3d931,100%,0,8,8,0,0,0,8
0xa07791,100%,0,2,2,0,0,0,2
0x5f4866,100%,0,1,1,1,0,0,0
0x90ca02,100%,0,105,105,0,0,0,105
0xa0561e,100%,0,1,1,0,0,0,1
0x8ef18c,100%,0,32,32,32,0,0,0
0x8df2a9,100%,0,8,8,0,0,0,8
0x80be67,100%,0,5,5,0,0,0,5
0x80bdca,100%,0,5,5,0,0,0,5
0xa4a119,100%,0,87,87,87,0,0,0
0x677c66,100%,0,294,294,0,0,0,294
0xa4a13c,100%,0,46,46,0,0,0,46
0x4c3833,100%,0,13,13,0,0,0,13
0x5f0680,100%,0,80,80,0,0,0,80
0xa53504,100%,0,2,2,0,0,0,2
0x4ca0e2,100%,0,2,2,0,0,0,2
0x82103c,100%,0,86,86,0,0,0,86
0x80bdd0,100%,0,10,10,10,0,0,0
0x8390a5,100%,0,16,16,16,0,0,0
0x4c5d21,100%,0,21,21,0,0,0,21
0x9cfe08,100%,0,13,13,13,0,0,0
0x9a4904,100%,0,16,16,0,0,0,16
0xa98599,100%,0,4,4,0,0,0,4
0xa9ec17,100%,0,4,4,4,0,0,0
0x619cc2,100%,0,20,20,0,0,0,20
0x7c7625,100%,0,4,4,0,0,0,4
0x69767e,100%,0,28,28,0,0,0,28
0xa06826,100%,0,2,2,0,0,0,2
0x9a6ac0,100%,0,1,1,0,0,0,1
0x5b5f9d,100%,0,1,1,1,0,0,0
0xa984e4,100%,0,4,4,4,0,0,0
0xa984a1,100%,0,4,4,0,0,0,4
0x5c6566,100%,0,117,117,0,0,0,117
0xa98406,100%,0,2,2,2,0,0,0
0x8d2868,100%,0,17,17,0,0,0,17
0xb1c39f,100%,0,102,102,0,0,0,102
0x94afd9,100%,0,16,16,0,0,0,16
0x51b1f3,100%,0,2,2,0,0,0,2
0xa64c38,100%,0,2,2,0,0,0,2
0xa08796,100%,0,8,8,0,0,0,8
0x8d285a,100%,0,17,17,0,0,0,17
0x81bb63,100%,0,317,317,0,0,0,317
0x81aeda,100%,0,2,2,0,0,0,2
0x4aad84,100%,0,30,30,0,0,0,30
0xa3638a,100%,0,5,5,0,0,0,5
0xa4a385,100%,0,31,31,0,0,0,31
0xa9ce28,100%,0,65,65,0,0,0,65
0x984044,100%,0,146,146,146,0,0,0
0x70e950,100%,0,2,2,0,0,0,2
0x7d1efa,100%,0,4,4,0,0,0,4
0x7c75e9,100%,0,4,4,0,0,0,4
0x8ffdd5,100%,0,8,8,0,0,0,8
0x5f46fc,100%,0,2,2,0,0,0,2
0x4b9ae5,100%,0,7,7,0,0,0,7
0x7c79e9,100%,0,24,24,0,0,0,24
0xa2f271,100%,0,38,38,0,0,0,38
0x555f66,100%,0,3,3,0,0,0,3
0x4c475a,100%,0,2,2,0,0,0,2
0xb306b6,100%,0,5,5,0,0,0,5
0xa96678,100%,0,8,8,8,0,0,0
0x534082,100%,0,2,2,0,0,0,2
0xa4a737,100%,0,8,8,0,0,0,8
0x809ac0,100%,0,2,2,0,0,0,2
0x678dff,100%,0,23,23,23,0,0,0
0xa962a8,100%,0,8,8,0,0,0,8
0xa981d4,100%,0,3,3,3,0,0,0
0xa4d1a8,100%,0,4,4,4,0,0,0
0xa9d2cc,100%,0,22,22,22,0,0,0
0xa46a4b,100%,0,96,96,0,0,0,96
0xa4a2e1,100%,0,18,18,0,0,0,18
0x68056f,100%,0,19,19,0,0,0,19
0x806ecb,100%,0,110,110,0,0,0,110
0x813491,100%,0,2,2,0,0,0,2
0x8b9c05,100%,0,2331,2331,0,0,0,2331
0x8174ba,100%,0,92,92,92,0,0,0
0x80bb16,100%,0,5,5,0,0,0,5
0x804c9a,100%,0,2,2,2,0,0,0
0x80babd,100%,0,44,44,0,0,0,44
0xa4a2ee,100%,0,18,18,0,0,0,18
0x80bab1,100%,0,44,44,0,0,0,44
0x8148de,100%,0,2,2,0,0,0,2
0x8efac8,100%,0,160,160,0,0,0,160
0x81a325,100%,0,827,827,827,0,0,0
0x4c3892,100%,0,13,13,13,0,0,0
0x809b28,100%,0,75,75,0,0,0,75
0x6923da,100%,0,10,10,0,0,0,10
0xa4a35d,100%,0,18,18,0,0,0,18
0x80666e,100%,0,4,4,0,0,0,4
0x814c9e,100%,0,41,41,0,0,0,41
0xa2f77a,100%,0,228,228,0,0,0,228
0x90163f,100%,0,72,72,0,0,0,72
0x97734a,100%,0,6,6,6,0,0,0
0x959138,100%,0,2,2,0,0,0,2
0x903320,100%,0,12,12,0,0,0,12
0x8e3df8,100%,0,4,4,0,0,0,4
0x77d86a,100%,0,6,6,0,0,0,6
0x804492,100%,0,2,2,0,0,0,2
0xa37a13,100%,0,10,10,0,0,0,10
0x4a62ea,100%,0,8,8,0,0,0,8
0x9c3a0a,100%,0,246,246,0,0,0,246
0xb6a117,100%,0,5,5,0,0,0,5
0x8210b9,100%,0,2,2,2,0,0,0
0x6667d6,100%,0,2,2,0,0,0,2
0x78e0b8,100%,0,2,2,0,0,0,2
0x9ef359,100%,0,60,60,60,0,0,0
0x5fa759,100%,0,215,215,0,0,0,215
0xa06f45,100%,0,9,9,0,0,0,9
0x78e0c1,100%,0,2,2,0,0,0,2
0xa15dc2,100%,0,8,8,0,0,0,8
0x814cd7,100%,0,2,2,0,0,0,2
0x4c642d,100%,0,2,2,0,0,0,2
0x4a5c4a,100%,0,6,6,0,0,0,6
0x90c9b9,100%,0,105,105,0,0,0,105
0x9aae6d,100%,0,46,46,0,0,0,46
0xa26c5d,100%,0,10,10,0,0,0,10
0xa31112,100%,0,38,38,0,0,0,38
0xa07c66,100%,0,1,1,0,0,0,1
0x8e9334,100%,0,3,3,0,0,0,3
0x8045ea,100%,0,17,17,0,0,0,17
0x970edf,100%,0,1486,1486,0,0,0,1486
0x8068b2,100%,0,17,17,17,0,0,0
0x8fe909,100%,0,1,1,0,0,0,1
0x551182,100%,0,24,24,3,0,0,21
0x9c5013,100%,0,4,4,0,0,0,4
0xa9801b,100%,0,15,15,15,0,0,0
0x97a425,100%,0,18,18,0,0,0,18
0x9e10ab,100%,0,29,29,29,0,0,0
0x606f16,100%,0,10,10,0,0,0,10
0x9f5bbe,100%,0,4,4,0,0,0,4
0xa07bff,100%,0,1,1,1,0,0,0
0xa07b7e,100%,0,1,1,0,0,0,1
0xa51671,100%,0,42,42,0,0,0,42
0x8ef48b,100%,0,144,144,0,0,0,144
0xa69e61,100%,0,4,4,0,0,0,4
0x8f1aaf,100%,0,144,144,0,0,0,144
0xa591f6,100%,0,119,119,0,0,0,119
0x4c4628,100%,0,17,17,0,0,0,17
0x8ea6af,100%,0,4,4,4,0,0,0
0x7bad32,100%,0,2,2,2,0,0,0
0x80639a,100%,0,24,24,0,0,0,24
0xa06958,100%,0,2,2,0,0,0,2
0x78e0da,100%,0,2,2,0,0,0,2
0x81ece1,100%,0,1599,1599,0,0,0,1599
0x806321,100%,0,6,6,0,0,0,6
0x4a64e6,100%,0,10,10,0,0,0,10
0x863162,100%,0,2,2,2,0,0,0
0xa08f11,100%,0,64,64,0,0,0,64
0xa2ddd9,100%,0,36,36,0,0,0,36
0x4b9416,100%,0,2,2,0,0,0,2
0x804375,100%,0,9,9,0,0,0,9
0x90f7fa,100%,0,2,2,0,0,0,2
0x8eb7a7,100%,0,2849,2849,0,0,0,2849
0x8dfe4b,100%,0,130,130,0,0,0,130
0x67d6ec,100%,0,2,2,2,0,0,0
0x8fd9f8,100%,0,1,1,0,0,0,1
0x555d6d,100%,0,1025,1025,0,0,0,1025
0xaa08dc,100%,0,6,6,6,0,0,0
0x8ed399,100%,0,6,6,0,0,0,6
0xa3baad,100%,0,228,228,0,0,0,228
0x4a657d,100%,0,145,145,145,0,0,0
0xa05c68,100%,0,5,5,5,0,0,0
0xa58705,100%,0,4,4,0,0,0,4
0xa0a66b,100%,0,2,2,2,0,0,0
0x675684,100%,0,1,1,1,0,0,0
0x6107b0,100%,0,13,13,0,0,0,13
0x54fc7c,100%,0,1,1,0,0,0,1
0xa1d737,100%,0,2,2,0,0,0,2
0x9f7c39,100%,0,13,13,0,0,0,13
0x8f5f8b,100%,0,40,40,0,0,0,40
0xa3bddb,100%,0,8,8,0,0,0,8
0x80431d,100%,0,6,6,0,0,0,6
0x4bd207,100%,0,2,2,0,0,0,2
0x682392,100%,0,34,34,0,0,0,34
0x8a5e9b,100%,0,139,139,0,0,0,139
0x9aad78,100%,0,793,793,0,0,0,793
0xa2df4a,100%,0,194,194,0,0,0,194
0x81e251,100%,0,1,1,0,0,0,1
0x7cf665,100%,0,8,8,0,0,0,8
0x8052cd,100%,0,2,2,0,0,0,2
0x5f3e4f,100%,0,1,1,0,0,0,1
0x9ed41d,100%,0,261,261,0,0,0,261
0x8def97,100%,0,16,16,16,0,0,0
0x8f6e6c,100%,0,285,285,0,0,0,285
0x4c39c9,100%,0,7,7,7,0,0,0
0x80c374,100%,0,34,34,0,0,0,34
0xa92c5b,100%,0,226,226,0,0,0,226
0x596114,100%,0,11,11,0,0,0,11
0xb90273,100%,0,5,5,0,0,0,5
0xa95cf9,100%,0,57,57,57,0,0,0
0x811ba5,100%,0,769,769,0,0,0,769
0x70e95d,100%,0,2,2,0,0,0,2
0x969266,100%,0,199,199,0,0,0,199
0x48fae9,100%,0,3,3,3,0,0,0
0x4c00c1,100%,0,2,2,0,0,0,2
0x7bccef,100%,0,2,2,2,0,0,0
0x543dec,100%,0,22,22,22,0,0,0
0xa06feb,100%,0,9,9,9,0,0,0
0x99f672,100%,0,102,102,0,0,0,102
0x9f63db,100%,0,3,3,0,0,0,3
0x65a2c6,100%,0,190,190,0,0,0,190
0x7ace35,100%,0,2,2,2,0,0,0
0xa4e62b,100%,0,76,76,0,0,0,76
0x9a48cd,100%,0,32,32,0,0,0,32
0x804c67,100%,0,17,17,0,0,0,17
0x9a493e,100%,0,16,16,16,0,0,0
0xa992bb,100%,0,3,3,0,0,0,3
0x4c00ab,100%,0,2,2,0,0,0,2
0x67ad4a,100%,0,18,18,18,0,0,0
0x49a415,100%,0,6,6,0,0,0,6
0x8ed56c,100%,0,4,4,4,0,0,0
0xa974d8,100%,0,149,149,149,0,0,0
0xad438d,100%,0,3,3,2,0,0,1
0x4bdc88,100%,0,10,10,0,0,0,10
0xa97461,100%,0,107,107,107,0,0,0
0x811af9,100%,0,2,2,0,0,0,2
0xa06aa1,100%,0,2,2,0,0,0,2
0xa1606f,100%,0,24,24,0,0,0,24
0xa1609c,100%,0,12,12,0,0,0,12
0xa95a46,100%,0,4,4,0,0,0,4
0xa15e76,100%,0,8,8,8,0,0,0
0x8a9378,100%,0,944,944,0,0,0,944
0x7d37b8,100%,0,40,40,0,0,0,40
0x973333,100%,0,42,42,42,0,0,0
0x63f838,100%,0,3445,3445,3445,0,0,0
0x88e05e,100%,0,6,6,0,0,0,6
0xa04413,100%,0,1,1,0,0,0,1
0x8050dd,100%,0,15,15,15,0,0,0
0x9785b7,100%,0,55,55,0,0,0,55
0x9d1221,100%,0,120,120,0,0,0,120
0x50314f,100%,0,190,190,0,0,0,190
0x9f2696,100%,0,432,432,0,0,0,432
0x78402d,100%,0,3,3,0,0,0,3
0x53b2f5,100%,0,2,2,0,0,0,2
0x819aac,100%,0,34,34,0,0,0,34
0xa3d170,100%,0,8,8,0,0,0,8
0x48f420,100%,0,3,3,0,0,0,3
0x7c7ad9,100%,0,24,24,0,0,0,24
0x9698d3,100%,0,2,2,0,0,0,2
0x55de0d,100%,0,2,2,0,0,0,2
0x7d1ef1,100%,0,4,4,0,0,0,4
0x4c7527,100%,0,2,2,0,0,0,2
0x8ebdc5,100%,0,2,2,0,0,0,2
0xa6b4c4,100%,0,4,4,0,0,0,4
0xa07e22,100%,0,2,2,0,0,0,2
0x495b56,100%,0,19,19,19,0,0,0
0x590575,100%,0,2,2,0,0,0,2
0x9f83ef,100%,0,2,2,2,0,0,0
0xa60be4,100%,0,5,5,5,0,0,0
0x9f6354,100%,0,3,3,3,0,0,0
0x4c0282,100%,0,68,68,68,0,0,0
0x8bc099,100%,0,2,2,0,0,0,2
0x8f3130,100%,0,889,889,0,0,0,889
0x4b8ea1,100%,0,4,4,0,0,0,4
0x49c192,100%,0,95,95,0,0,0,95
0x7c7ba7,100%,0,97,97,0,0,0,97
0x4c26c8,100%,0,13,13,13,0,0,0
0x511dcf,100%,0,384,384,0,0,0,384
0x4945ec,100%,0,2,2,0,0,0,2
0x58d43b,100%,0,12,12,12,0,0,0
0x8dc3a3,100%,0,4,4,0,0,0,4
0xa06f6a,100%,0,9,9,9,0,0,0
0x58e7b2,100%,0,6,6,6,0,0,0
0x7e2c89,100%,0,2,2,2,0,0,0
0x7d3eb5,100%,0,3,3,0,0,0,3
0x80a4b1,100%,0,5,5,5,0,0,0
0x80a02c,100%,0,4,4,4,0,0,0
0xa47948,100%,0,9,9,0,0,0,9
0x49a099,100%,0,16,16,0,0,0,16
0x59f9b6,100%,0,4,4,0,0,0,4
0xa3d901,100%,0,8,8,0,0,0,8
0xaa2593,100%,0,22,22,0,0,0,22
0x591f74,100%,0,70,70,0,0,0,70
0x551207,100%,0,17,17,17,0,0,0
0x5511ea,100%,0,17,17,0,0,0,17
0xa06831,100%,0,2,2,0,0,0,2
0x8f1496,100%,0,451,451,0,0,0,451
0x66f54c,100%,0,206,206,0,0,0,206
0x81e684,100%,0,553,553,0,0,0,553
0x499226,100%,0,17,17,17,0,0,0
0x9ecedf,100%,0,43,43,0,0,0,43
0x610a65,100%,0,13,13,0,0,0,13
0xa3e2c8,100%,0,16,16,16,0,0,0
0x54469a,100%,0,2,2,0,0,0,2
0x95a9b4,100%,0,4,4,0,0,0,4
0x9f8298,100%,0,1,1,1,0,0,0
0xb497bc,100%,0,5,5,0,0,0,5
0x499ff8,100%,0,16,16,0,0,0,16
0x9f824b,100%,0,1,1,0,0,0,1
0x9f8203,100%,0,1,1,0,0,0,1
0x649e00,100%,0,2,2,2,0,0,0
0x8c7428,100%,0,946,946,946,0,0,0
0x9f81da,100%,0,1,1,1,0,0,0
0xa3e393,100%,0,8,8,8,0,0,0
0x64cd4d,100%,0,25,25,25,0,0,0
0xa22e73,100%,0,8,8,0,0,0,8
0x8ec8e3,100%,0,2,2,0,0,0,2
0xa22e45,100%,0,9,9,9,0,0,0
0x8a5125,100%,0,2,2,0,0,0,2
0xa5bf8e,100%,0,32,32,32,0,0,0
0x99d361,100%,0,9,9,0,0,0,9
0xa3abbb,100%,0,14,14,0,0,0,14
0x9f40c8,100%,0,3,3,0,0,0,3
0x9e11d6,100%,0,26,26,26,0,0,0
0x7e207f,100%,0,13,13,0,0,0,13
0xa15f6f,100%,0,12,12,12,0,0,0
0x4ab161,100%,0,6,6,6,0,0,0
0x641021,100%,0,2,2,2,0,0,0
0x499387,100%,0,16,16,16,0,0,0
0x8222c4,100%,0,273,273,0,0,0,273
0x9e1160,100%,0,2,2,0,0,0,2
0x8065e1,100%,0,14,14,0,0,0,14
0xa3641d,100%,0,7,7,0,0,0,7
0x59fb2c,100%,0,1,1,1,0,0,0
0x966007,100%,0,19,19,19,0,0,0
0x8ea729,100%,0,4,4,4,0,0,0
0x59fb55,100%,0,1,1,0,0,0,1
0x4a0318,100%,0,28,28,0,0,0,28
0xa3bdb0,100%,0,8,8,0,0,0,8
0x48fbb5,100%,0,4,4,4,0,0,0
0xa3d8f8,100%,0,8,8,0,0,0,8
0x81d17c,100%,0,60,60,60,0,0,0
0xa63ce2,100%,0,2,2,0,0,0,2
0xa5400a,100%,0,22,22,22,0,0,0
0x8fda2b,100%,0,4,4,0,0,0,4
0xa63cbe,100%,0,4,4,0,0,0,4
0x9f694c,100%,0,8,8,8,0,0,0
0x9f691f,100%,0,8,8,8,0,0,0
0x5e1f02,100%,0,6,6,6,0,0,0
0x48e15d,100%,0,98,98,0,0,0,98
0x50cdec,100%,0,321,321,0,0,0,321
0xa63be8,100%,0,123,123,123,0,0,0
0xa3f072,100%,0,8,8,0,0,0,8
0xa23929,100%,0,83,83,83,0,0,0
0x81c081,100%,0,85,85,0,0,0,85
0x8da940,100%,0,2,2,2,0,0,0
0x9f4b16,100%,0,18,18,0,0,0,18
0x64cc24,100%,0,563,563,563,0,0,0
0xa238b3,100%,0,62,62,0,0,0,62
0x81e453,100%,0,808,808,0,0,0,808
0x48398e,100%,0,29,29,0,0,0,29
0x9bd6a5,100%,0,24,24,0,0,0,24
0x67b8b5,100%,0,158,158,0,0,0,158
0x545a7a,100%,0,8,8,0,0,0,8
0xa06e25,100%,0,38,38,0,0,0,38
0x6410f7,100%,0,2,2,2,0,0,0
0x48f7da,100%,0,18,18,0,0,0,18
0x47f95a,100%,0,1,1,1,0,0,0
0xa64f57,100%,0,4,4,0,0,0,4
0x7d3dc0,100%,0,3,3,0,0,0,3
0x9f63ee,100%,0,1,1,0,0,0,1
0x900761,100%,0,1,1,0,0,0,1
0x808e18,100%,0,2,2,0,0,0,2
0x80ae23,100%,0,2,2,0,0,0,2
0x48fa7c,100%,0,6,6,0,0,0,6
0x9f01ec,100%,0,2,2,2,0,0,0
0xa65027,100%,0,4,4,0,0,0,4
0xaef71b,100%,0,4,4,0,0,0,4
0x49486e,100%,0,221,221,0,0,0,221
0x8dba32,100%,0,240,240,0,0,0,240
0x8f63aa,100%,0,2,2,2,0,0,0
0x4c1083,100%,0,24,24,0,0,0,24
0x809f98,100%,0,327,327,0,0,0,327
0xa3cab2,100%,0,8,8,0,0,0,8
0x44158e,100%,0,11,11,0,0,0,11
0x59c5f2,100%,0,4,4,0,0,0,4
0xa64d68,100%,0,4,4,0,0,0,4
0x808c93,100%,0,1228,1228,0,0,0,1228
0xa64c61,100%,0,2,2,0,0,0,2
0x81eb0e,100%,0,550,550,0,0,0,550
0x8df5be,100%,0,40,40,0,0,0,40
0xace146,100%,0,2,2,0,0,0,2
0x9bd0e1,100%,0,2,2,0,0,0,2
0xa64c31,100%,0,2,2,0,0,0,2
0xa8abdf,100%,0,175,175,0,0,0,175
0xa498c9,100%,0,22,22,22,0,0,0
0xaab116,100%,0,16,16,0,0,0,16
0x4916fc,100%,0,1,1,1,0,0,0
0x543754,100%,0,34,34,0,0,0,34
0x5adaf5,100%,0,27,27,27,0,0,0
0x61174d,100%,0,731,731,0,0,0,731
0x82213d,100%,0,306,306,0,0,0,306
0x4a5c71,100%,0,4,4,4,0,0,0
0x49cdec,100%,0,35,35,0,0,0,35
0x7d4257,100%,0,1,1,1,0,0,0
0xa63cff,100%,0,2,2,2,0,0,0
0x8eed56,100%,0,140,140,0,0,0,140
0x543860,100%,0,61,61,0,0,0,61
0x4a040e,100%,0,16,16,0,0,0,16
0x49cd89,100%,0,5,5,0,0,0,5
0x88e118,100%,0,2,2,0,0,0,2
0x81fcc7,100%,0,14,14,0,0,0,14
0x48fe0e,100%,0,10,10,0,0,0,10
0x61077b,100%,0,13,13,0,0,0,13
0x8f1623,100%,0,134,134,0,0,0,134
0x5d309e,100%,0,4,4,4,0,0,0
0x8ad8e6,100%,0,2,2,0,0,0,2
0x90fa8d,100%,0,2,2,2,0,0,0
0xa3d0e7,100%,0,8,8,0,0,0,8
0x4a853f,100%,0,8,8,0,0,0,8
0x5b2868,100%,0,2,2,0,0,0,2
0x54fcf9,100%,0,1,1,0,0,0,1
0x49d06f,100%,0,3,3,0,0,0,3
0x494fe1,100%,0,2,2,0,0,0,2
0x49d040,100%,0,1,1,0,0,0,1
0x49cfeb,100%,0,1,1,0,0,0,1
0x811e73,100%,0,817,817,0,0,0,817
0x5dd9d4,100%,0,1,1,0,0,0,1
0x88deb9,100%,0,2,2,2,0,0,0
0x81fcda,100%,0,14,14,0,0,0,14
0x96e8c8,100%,0,1,1,1,0,0,0
0x482a97,100%,0,9,9,9,0,0,0
0x54fe41,100%,0,1,1,0,0,0,1
0x8a672c,100%,0,90,90,0,0,0,90
0x54fdc3,100%,0,1,1,0,0,0,1
0x817523,100%,0,2,2,0,0,0,2
0xa969e1,100%,0,16,16,0,0,0,16
0x54fca0,100%,0,1,1,0,0,0,1
0x54fbd8,100%,0,1,1,0,0,0,1
0x7d28f0,100%,0,12,12,12,0,0,0
0x96e7b5,100%,0,1,1,0,0,0,1
0x96e85c,100%,0,1,1,0,0,0,1
0x4b696f,100%,0,155,155,0,0,0,155
0x96e840,100%,0,1,1,1,0,0,0
0xa3bc6b,100%,0,18,18,18,0,0,0
0x96e792,100%,0,1,1,0,0,0,1
0xa531bd,100%,0,2,2,0,0,0,2
0xa723e6,100%,0,4,4,0,0,0,4
0x97a684,100%,0,8,8,0,0,0,8
0xa3fca5,100%,0,56,56,56,0,0,0
0x8c875d,100%,0,494,494,0,0,0,494
0x7d09d4,100%,0,628,628,0,0,0,628
0x956028,100%,0,1,1,0,0,0,1
0xa3fcda,100%,0,56,56,0,0,0,56
0x4bf4c7,100%,0,20,20,0,0,0,20
0xab1bd9,100%,0,4,4,0,0,0,4
0x59fa5e,100%,0,1,1,0,0,0,1
0x8f1925,100%,0,48,48,48,0,0,0
0x5d0fb5,100%,0,20,20,0,0,0,20
0xab1bd4,100%,0,4,4,0,0,0,4
0xa7224e,100%,0,7,7,0,0,0,7
0x7f372e,100%,0,15,15,11,0,0,4
0x6712e8,100%,0,2,2,0,0,0,2
0xa34475,100%,0,3,3,0,0,0,3
0x8f2418,100%,0,16,16,0,0,0,16
0xa3ffb8,100%,0,24,24,24,0,0,0
0x973e33,100%,0,12,12,0,0,0,12
0x58bf68,100%,0,1,1,1,0,0,0
0xa33fc4,100%,0,3,3,3,0,0,0
0x9c3ca6,100%,0,9,9,0,0,0,9
0x4a7922,100%,0,6,6,6,0,0,0
0xb4695e,100%,0,1,1,1,0,0,0
0x4417f7,100%,0,11,11,0,0,0,11
0x7d3ea2,100%,0,3,3,0,0,0,3
0x4822d3,100%,0,9,9,9,0,0,0
0xa3d1a5,100%,0,8,8,0,0,0,8
0x99cf6d,100%,0,9,9,0,0,0,9
0x5ef750,100%,0,1,1,0,0,0,1
0x99cf58,100%,0,9,9,0,0,0,9
0x99cf0b,100%,0,9,9,0,0,0,9
0xa3d182,100%,0,8,8,0,0,0,8
0xa0675c,100%,0,2,2,0,0,0,2
0x8df628,100%,0,23,23,0,0,0,23
0xa3d192,100%,0,8,8,0,0,0,8
0xa4f8f6,100%,0,14,14,0,0,0,14
0x591172,100%,0,92,92,0,0,0,92
0xa042e2,100%,0,2,2,0,0,0,2
0x534841,100%,0,66,66,0,0,0,66
0xa29cd2,100%,0,16,16,16,0,0,0
0xa51f8e,100%,0,2,2,0,0,0,2
0x81edc3,100%,0,248,248,0,0,0,248
0x506ec4,100%,0,1,1,0,0,0,1
0x8a643d,100%,0,105,105,0,0,0,105
0x8099e2,100%,0,7,7,7,0,0,0
0x900b23,100%,0,336,336,336,0,0,0
0x97742a,100%,0,12,12,0,0,0,12
0xa3d476,100%,0,8,8,0,0,0,8
0x649c7e,100%,0,2,2,2,0,0,0
0x7899df,100%,0,6,6,0,0,0,6
0x8199ba,100%,0,34,34,34,0,0,0
0xa04132,100%,0,2,2,2,0,0,0
0x81456c,100%,0,1759,1759,0,0,0,1759
0x5089e3,100%,0,4,4,4,0,0,0
0x65bbd4,100%,0,505,505,0,0,0,505
0x5b33e6,100%,0,2,2,0,0,0,2
0x7f130f,100%,0,7,7,0,0,0,7
0x5fc09f,100%,0,2,2,0,0,0,2
0xa470d2,100%,0,22,22,22,0,0,0
0x495ee7,100%,0,55,55,0,0,0,55
0x8c8d69,100%,0,8,8,0,0,0,8
0xa2da62,100%,0,14,14,0,0,0,14
0x5dd9fd,100%,0,1,1,0,0,0,1
0x49a332,100%,0,5,5,5,0,0,0
0x81ffcc,100%,0,323,323,0,0,0,323
0xa2a8c7,100%,0,66,66,0,0,0,66
0x7c8389,100%,0,4,4,0,0,0,4
0xb179a5,100%,0,1061,1061,0,0,0,1061
0x9e1a98,100%,0,8,8,0,0,0,8
0x8b9fda,100%,0,40,40,0,0,0,40
0x8ab01f,100%,0,34,34,0,0,0,34
0x5def70,100%,0,1,1,1,0,0,0
0x8be8d0,100%,0,23,23,23,0,0,0
0x5def8c,100%,0,1,1,1,0,0,0
0x49c189,100%,0,95,95,0,0,0,95
0x8e9de8,100%,0,4,4,4,0,0,0
0x9e2e4f,100%,0,13,13,0,0,0,13
0x6664c1,100%,0,30,30,0,0,0,30
0x5b6b03,100%,0,5,5,5,0,0,0
0xa34da9,100%,0,265,265,0,0,0,265
0x974662,100%,0,2,2,0,0,0,2
0xa31a29,100%,0,3,3,3,0,0,0
0xa31a04,100%,0,3,3,0,0,0,3
0xa9f2ac,100%,0,3,3,3,0,0,0
0x9f66d5,100%,0,153,153,0,0,0,153
0x81f713,100%,0,978,978,0,0,0,978
0x974752,100%,0,4,4,4,0,0,0
0x95a7d1,100%,0,4,4,4,0,0,0
0xa2811d,100%,0,3,3,3,0,0,0
0xa312ee,100%,0,23,23,0,0,0,23
0x959129,100%,0,2,2,0,0,0,2
0xa28118,100%,0,3,3,0,0,0,3
0x97477f,100%,0,17,17,0,0,0,17
0x59f005,100%,0,2,2,0,0,0,2
0x8089b4,100%,0,9,9,0,0,0,9
0xa282c6,100%,0,332,332,332,0,0,0
0x65b061,100%,0,13,13,13,0,0,0
0xa08089,100%,0,4,4,0,0,0,4
0xa37474,100%,0,32,32,0,0,0,32
0x808af2,100%,0,2,2,0,0,0,2
0x80b487,100%,0,1,1,0,0,0,1
0x4beeea,100%,0,25,25,0,0,0,25
0x817e5a,100%,0,250,250,0,0,0,250
0xa2ab42,100%,0,12,12,12,0,0,0
0xa3d0e3,100%,0,8,8,0,0,0,8
0x8bcac7,100%,0,9,9,0,0,0,9
0xa2de18,100%,0,39,39,39,0,0,0
0x619a8c,100%,0,15,15,0,0,0,15
0x48a615,100%,0,45,45,0,0,0,45
0x4059e3,100%,0,34,34,34,0,0,0
0x675713,100%,0,1,1,0,0,0,1
0xa2ed71,100%,0,29,29,0,0,0,29
0x7c724d,100%,0,9,9,0,0,0,9
0x4b84e1,100%,0,3,3,0,0,0,3
0x99887c,100%,0,2,2,0,0,0,2
0x60e0a3,100%,0,131,131,0,0,0,131
0x816f67,100%,0,2,2,0,0,0,2
0xb22be1,100%,0,1868,1868,0,0,0,1868
0x81f65d,100%,0,4,4,0,0,0,4
0x5510e2,100%,0,2,2,2,0,0,0
0xa5f58b,100%,0,174,174,0,0,0,174
0x58d925,100%,0,6,6,6,0,0,0
0x8c735f,100%,0,946,946,0,0,0,946
0xacdceb,100%,0,2,2,2,0,0,0
0x60e338,100%,0,526,526,0,0,0,526
0xa96ecf,100%,0,17,17,0,0,0,17
0xaa5ced,100%,0,10,10,10,0,0,0
0x978139,100%,0,133,133,0,0,0,133
0x5b3768,100%,0,2,2,2,0,0,0
0xa48ac8,100%,0,167,167,0,0,0,167
0xa2dea7,100%,0,35,35,0,0,0,35
0x59edd4,100%,0,4,4,0,0,0,4
0x8aadb9,100%,0,5,5,5,0,0,0
0x96ad5c,100%,0,7,7,0,0,0,7
0x959f45,100%,0,4,4,0,0,0,4
0x9e2dc0,100%,0,13,13,0,0,0,13
0x480975,100%,0,19,19,0,0,0,19
0x59258e,100%,0,120,120,117,0,0,3
0xa2e896,100%,0,53,53,0,0,0,53
0x542e80,100%,0,153,153,0,0,0,153
0x809076,100%,0,2,2,0,0,0,2
0xa2e944,100%,0,53,53,0,0,0,53
0x5925a4,100%,0,120,120,0,0,0,120
0x40b2b5,100%,0,2,2,2,0,0,0
0x59f023,100%,0,4,4,0,0,0,4
0x5336d4,100%,0,9,9,9,0,0,0
0x7bb47f,100%,0,8,8,8,0,0,0
0x8ade04,100%,0,2,2,2,0,0,0
0x9a3a35,100%,0,13,13,0,0,0,13
0xaa2410,100%,0,34,34,0,0,0,34
0x97344b,100%,0,7,7,0,0,0,7
0x959382,100%,0,4,4,0,0,0,4
0x6000c7,100%,0,27,27,0,0,0,27
0xaa2402,100%,0,34,34,0,0,0,34
0x9e817d,100%,0,24,24,24,0,0,0
0x59ea10,100%,0,2,2,2,0,0,0
0x5905a5,100%,0,13,13,0,0,0,13
0x809375,100%,0,330,330,0,0,0,330
0x9f1da5,100%,0,78,78,78,0,0,0
0xa22d67,100%,0,65,65,0,0,0,65
0x8f3044,100%,0,17,17,0,0,0,17
0x9f1182,100%,0,5,5,5,0,0,0
0x813166,100%,0,846,846,0,0,0,846
0x96e80b,100%,0,1,1,0,0,0,1
0x8ec9e1,100%,0,4,4,0,0,0,4
0x5a05d0,100%,0,2,2,0,0,0,2
0x90e7e8,100%,0,30,30,0,0,0,30
0xa0683e,100%,0,2,2,0,0,0,2
0x81ffad,100%,0,323,323,0,0,0,323
0x9f2a6b,100%,0,5,5,0,0,0,5
0x81e9d1,100%,0,76,76,0,0,0,76
0x8f3232,100%,0,12,12,0,0,0,12
0x5e06c6,100%,0,4,4,0,0,0,4
0x7808d0,100%,0,2,2,0,0,0,2
0xa50a85,100%,0,14,14,0,0,0,14
0x9ff778,100%,0,2,2,0,0,0,2
0x9ff75a,100%,0,2,2,0,0,0,2
0x81f40a,100%,0,4,4,0,0,0,4
0x9ff74d,100%,0,2,2,0,0,0,2
0x63ead5,100%,0,37,37,37,0,0,0
0x5f4c17,100%,0,1,1,1,0,0,0
0x53ef5d,100%,0,154,154,0,0,0,154
0x5937c6,100%,0,19,19,0,0,0,19
0x9ff723,100%,0,2,2,2,0,0,0
0x9ff71a,100%,0,2,2,0,0,0,2
0x5ae653,100%,0,4,4,0,0,0,4
0x814603,100%,0,18,18,0,0,0,18
0x4bbb07,100%,0,1,1,0,0,0,1
0x5b0605,100%,0,2,2,2,0,0,0
0xa2a876,100%,0,1,1,1,0,0,0
0x804136,100%,0,60,60,0,0,0,60
0x808343,100%,0,4,4,0,0,0,4
0x8fcff7,100%,0,71,71,0,0,0,71
0x5f4e33,100%,0,2,2,0,0,0,2
0x8fe0ba,100%,0,80,80,80,0,0,0
0x9d1cd2,100%,0,22,22,22,0,0,0
0x64f2bd,100%,0,2,2,0,0,0,2
0x9ebc74,100%,0,63,63,0,0,0,63
0x64752b,100%,0,21,21,0,0,0,21
0x9f177f,100%,0,40,40,0,0,0,40
0x95b88f,100%,0,4,4,0,0,0,4
0x9bb3b4,100%,0,2,2,0,0,0,2
0x9e2965,100%,0,5,5,0,0,0,5
0x81006c,100%,0,432,432,432,0,0,0
0x814ed2,100%,0,18,18,0,0,0,18
0x5fa1ac,100%,0,27,27,0,0,0,27
0xa2922f,100%,0,16,16,0,0,0,16
0x590465,100%,0,430,430,0,0,0,430
0x8fd6d5,100%,0,10,10,0,0,0,10
0xa27a1a,100%,0,3,3,3,0,0,0
0xa8f867,100%,0,4,4,1,0,0,3
0xa28a46,100%,0,16,16,0,0,0,16
0x81b812,100%,0,12,12,0,0,0,12
0x95a909,100%,0,4,4,0,0,0,4
0x83904b,100%,0,16,16,16,0,0,0
0xa2869a,100%,0,1,1,1,0,0,0
0xa6b2ae,100%,0,4,4,0,0,0,4
0x5ef997,100%,0,17,17,0,0,0,17
0x97462b,100%,0,106,106,0,0,0,106
0x974636,100%,0,40,40,40,0,0,0
0x9f274d,100%,0,85,85,85,0,0,0
0x539dc1,100%,0,743,743,0,0,0,743
0xa285df,100%,0,9,9,0,0,0,9
0x81520a,100%,0,9,9,9,0,0,0
0xa97e91,100%,0,20,20,20,0,0,0
0xa9045b,100%,0,114,114,0,0,0,114
0xa4ed8f,100%,0,162,162,0,0,0,162
0x5ef962,100%,0,83,83,83,0,0,0
0x815b0f,100%,0,41,41,0,0,0,41
0x8081a8,100%,0,27,27,27,0,0,0
0x5eeec4,100%,0,2,2,0,0,0,2
0xa90313,100%,0,38,38,38,0,0,0
0x9f507b,100%,0,52,52,0,0,0,52
0xa90222,100%,0,38,38,38,0,0,0
0xad6e37,100%,0,2,2,2,0,0,0
0x808fb7,100%,0,223,223,223,0,0,0
0x97461a,100%,0,46,46,46,0,0,0
0x683147,100%,0,37,37,37,0,0,0
0x9ed33b,100%,0,27,27,0,0,0,27
0x9746a1,100%,0,68,68,0,0,0,68
0xa9cdb4,100%,0,4,4,0,0,0,4
0x9ff714,100%,0,2,2,0,0,0,2
0x9ff6ba,100%,0,5,5,0,0,0,5
0x648594,100%,0,56,56,56,0,0,0
0xa237a0,100%,0,2,2,0,0,0,2
0xa9d1d5,100%,0,66,66,0,0,0,66
0xa237bf,100%,0,2,2,0,0,0,2
0xa9db2e,100%,0,14,14,0,0,0,14
0xb30011,100%,0,5,5,5,0,0,0
0x9e5ec4,100%,0,17,17,17,0,0,0
0x8aae3f,100%,0,5,5,5,0,0,0
0x9ff6fc,100%,0,22,22,0,0,0,22
0x8d22bb,100%,0,249,249,0,0,0,249
0xa21bc7,100%,0,2,2,0,0,0,2
0xa5084e,100%,0,4,4,4,0,0,0
0xa97e7a,100%,0,2,2,2,0,0,0
0x4b5f7b,100%,0,4,4,0,0,0,4
0x9ff61a,100%,0,22,22,0,0,0,22
0xa97341,100%,0,3,3,3,0,0,0
0x8d209c,100%,0,96,96,0,0,0,96
0x9ff5b4,100%,0,40,40,0,0,0,40
0xa238ec,100%,0,110,110,0,0,0,110
0x9ff58f,100%,0,40,40,0,0,0,40
0x5b0039,100%,0,4,4,4,0,0,0
0x80b3a2,100%,0,5,5,0,0,0,5
0x60a830,100%,0,494,494,494,0,0,0
0x5b2932,100%,0,2,2,0,0,0,2
0x9bdfd4,100%,0,67,67,67,0,0,0
0x5c7898,100%,0,80,80,0,0,0,80
0x99cf99,100%,0,9,9,0,0,0,9
0x943a16,100%,0,5,5,0,0,0,5
0x675333,100%,0,1,1,0,0,0,1
0x9f40a3,100%,0,3,3,0,0,0,3
0x8a67e5,100%,0,9,9,9,0,0,0
0x81f223,100%,0,1928,1928,0,0,0,1928
0x814ac1,100%,0,55,55,0,0,0,55
0x5b27bc,100%,0,2,2,2,0,0,0
0x4045af,100%,0,224,224,0,0,0,224
0x4c76f4,100%,0,4,4,4,0,0,0
0x405dcb,100%,0,8,8,0,0,0,8
0x9eedcd,100%,0,230,230,0,0,0,230
0x8e9323,100%,0,3,3,0,0,0,3
0x81bd24,100%,0,317,317,0,0,0,317
0xa8aa0f,100%,0,4,4,4,0,0,0
0xa6bdd9,100%,0,4,4,0,0,0,4
0x58e5d2,100%,0,6,6,0,0,0,6
0x9f86d4,100%,0,3,3,0,0,0,3
0xaaaed0,100%,0,4,4,4,0,0,0
0x8f637e,100%,0,12,12,0,0,0,12
0xad0689,100%,0,2,2,0,0,0,2
0xa6b7d2,100%,0,4,4,0,0,0,4
0xa6b78d,100%,0,4,4,0,0,0,4
0x9f634f,100%,0,3,3,0,0,0,3
0x9f8694,100%,0,11,11,0,0,0,11
0x8aeca5,100%,0,9,9,9,0,0,0
0xa91c8f,100%,0,298,298,0,0,0,298
0x485f14,100%,0,17,17,0,0,0,17
0x9f6ae8,100%,0,36,36,0,0,0,36
0x627e5b,100%,0,23,23,0,0,0,23
0xa06285,100%,0,2,2,0,0,0,2
0x9f6ab1,100%,0,36,36,36,0,0,0
0x5fd91d,100%,0,6,6,0,0,0,6
0x9f6a9d,100%,0,36,36,0,0,0,36
0x491e41,100%,0,1,1,1,0,0,0
0x7807a9,100%,0,8,8,0,0,0,8
0x8daa74,100%,0,400,400,0,0,0,400
0x491e34,100%,0,1,1,0,0,0,1
0x58e5ea,100%,0,3,3,3,0,0,0
0x4951b8,100%,0,1,1,0,0,0,1
0x4915c1,100%,0,1,1,0,0,0,1
0x50864b,100%,0,740,740,0,0,0,740
0x9f887c,100%,0,19,19,19,0,0,0
0x491b9f,100%,0,1,1,0,0,0,1
0x9a3a47,100%,0,13,13,0,0,0,13
0x5f45fa,100%,0,2,2,2,0,0,0
0x60dff3,100%,0,9,9,0,0,0,9
0x59f59a,100%,0,4,4,0,0,0,4
0x980887,100%,0,3,3,0,0,0,3
0x50a2f3,100%,0,4,4,0,0,0,4
0x6815c2,100%,0,6,6,0,0,0,6
0x4a64c6,100%,0,8,8,0,0,0,8
0x98064d,100%,0,53,53,0,0,0,53
0x9be535,100%,0,2,2,0,0,0,2
0x78086d,100%,0,18,18,0,0,0,18
0x809df1,100%,0,5,5,5,0,0,0
0x7c6944,100%,0,2,2,2,0,0,0
0x50b95d,100%,0,40,40,40,0,0,0
0x9f6dd4,100%,0,160,160,0,0,0,160
0x99c658,100%,0,151,151,0,0,0,151
0x80b5c7,100%,0,1,1,0,0,0,1
0x8c8806,100%,0,4,4,4,0,0,0
0x9fca4c,100%,0,25,25,0,0,0,25
0xa6b34b,100%,0,4,4,4,0,0,0
0xa18028,100%,0,261,261,0,0,0,261
0x9f5917,100%,0,181,181,0,0,0,181
0x9fcf44,100%,0,18,18,0,0,0,18
0xa6b2de,100%,0,4,4,0,0,0,4
0x4aad63,100%,0,30,30,0,0,0,30
0xa6b2a4,100%,0,4,4,0,0,0,4
0x5c787f,100%,0,80,80,80,0,0,0
0x6cdcd8,100%,0,6,6,0,0,0,6
0x90aa3d,100%,0,74,74,0,0,0,74
0xa31886,100%,0,216,216,0,0,0,216
0x919192,100%,0,200,200,200,0,0,0
0x59fc94,100%,0,4,4,0,0,0,4
0x90f2e9,100%,0,200,200,0,0,0,200
0xa6cb45,100%,0,4,4,0,0,0,4
0x9eb7a9,100%,0,5,5,0,0,0,5
0xa8a8bf,100%,0,4,4,0,0,0,4
0x9f4aee,100%,0,38,38,38,0,0,0
0x98435f,100%,0,8,8,0,0,0,8
0x8ef2b0,100%,0,48,48,48,0,0,0
0x9f9583,100%,0,109,109,0,0,0,109
0xa69f1e,100%,0,4,4,4,0,0,0
0x818c4e,100%,0,827,827,0,0,0,827
0x9f622d,100%,0,44,44,0,0,0,44
0x48701e,100%,0,138,138,0,0,0,138
0x99b7a2,100%,0,15,15,0,0,0,15
0x9f63e7,100%,0,3,3,2,0,0,1
0xa8a8ad,100%,0,4,4,0,0,0,4
0x9f6e0f,100%,0,14,14,14,0,0,0
0x48ec92,100%,0,15,15,0,0,0,15
0x6411a7,100%,0,2,2,2,0,0,0
0xa6b4eb,100%,0,4,4,4,0,0,0
0xa6b468,100%,0,4,4,0,0,0,4
0x9f4390,100%,0,101,101,0,0,0,101
0xaaaf2d,100%,0,8,8,8,0,0,0
0x4ad31c,100%,0,20,20,0,0,0,20
0x506e36,100%,0,1,1,0,0,0,1
0x40974c,100%,0,7,7,7,0,0,0
0x81c796,100%,0,60,60,0,0,0,60
0xa989ad,100%,0,15,15,15,0,0,0
0x5b2889,100%,0,2,2,0,0,0,2
0x90fd56,100%,0,280,280,0,0,0,280
0xa36c52,100%,0,2,2,0,0,0,2
0x9f4848,100%,0,8,8,0,0,0,8
0x9f482c,100%,0,8,8,0,0,0,8
0x5fe51c,100%,0,4,4,4,0,0,0
0x90e89a,100%,0,961,961,961,0,0,0
0x8edac7,100%,0,126,126,0,0,0,126
0xa36192,100%,0,142,142,0,0,0,142
0x9f4df4,100%,0,9,9,0,0,0,9
0x9aa3f1,100%,0,15,15,0,0,0,15
0x99c8cf,100%,0,495,495,495,0,0,0
0x9edd7d,100%,0,138,138,138,0,0,0
0x9cfcb8,100%,0,36,36,0,0,0,36
0xa4a91b,100%,0,2,2,0,0,0,2
0x9f4875,100%,0,4,4,4,0,0,0
0x480c45,100%,0,9,9,0,0,0,9
0x8ff2c6,100%,0,64,64,0,0,0,64
0x80c2ad,100%,0,35,35,0,0,0,35
0xa03010,100%,0,68,68,0,0,0,68
0x486fab,100%,0,2,2,0,0,0,2
0xaa2e3e,100%,0,620,620,0,0,0,620
0x9f5ba3,100%,0,8,8,0,0,0,8
0xa94cae,100%,0,4,4,0,0,0,4
0x480d84,100%,0,9,9,0,0,0,9
0xace0c2,100%,0,2,2,0,0,0,2
0x8e5fe0,100%,0,269,269,269,0,0,0
0x9f5d16,100%,0,28,28,0,0,0,28
0xa042c1,100%,0,1,1,0,0,0,1
0x5efc78,100%,0,1,1,0,0,0,1
0x81f963,100%,0,79,79,0,0,0,79
0xa64d75,100%,0,4,4,0,0,0,4
0x49ce67,100%,0,5,5,5,0,0,0
0x51c1ef,100%,0,17,17,0,0,0,17
0x809f0c,100%,0,2,2,2,0,0,0
0x7c7551,100%,0,6,6,6,0,0,0
0x5ae451,100%,0,9,9,0,0,0,9
0xa58c09,100%,0,29,29,0,0,0,29
0x5f138c,100%,0,16,16,0,0,0,16
0x48279b,100%,0,7,7,0,0,0,7
0x80a657,100%,0,210,210,0,0,0,210
0x5a87ff,100%,0,2,2,0,0,0,2
0x81f57a,100%,0,4,4,0,0,0,4
0x5f13ba,100%,0,40,40,0,0,0,40
0x4858de,100%,0,3,3,0,0,0,3
0xa58cbf,100%,0,13,13,0,0,0,13
0x8a688d,100%,0,139,139,139,0,0,0
0x81ae88,100%,0,2,2,0,0,0,2
0x402b2f,100%,0,928,928,0,0,0,928
0x9f4a8c,100%,0,1,1,1,0,0,0
0x9f4a0c,100%,0,1,1,0,0,0,1
0x5ff85e,100%,0,46,46,46,0,0,0
0x9f4a43,100%,0,3,3,0,0,0,3
0x81fd00,100%,0,14,14,0,0,0,14
0x9f491a,100%,0,4,4,0,0,0,4
0x9e2e67,100%,0,13,13,0,0,0,13
0x482a27,100%,0,9,9,0,0,0,9
0x54461c,100%,0,9,9,0,0,0,9
0x5b9b59,100%,0,56,56,0,0,0,56
0x49531e,100%,0,1,1,1,0,0,0
0x4ca0b3,100%,0,2,2,2,0,0,0
0x50d03b,100%,0,109,109,0,0,0,109
0x900bda,100%,0,334,334,0,0,0,334
0x402e36,100%,0,172,172,0,0,0,172
0x94ce40,100%,0,47,47,47,0,0,0
0x8efad5,100%,0,439,439,0,0,0,439
0x40b3f5,100%,0,2,2,2,0,0,0
0xa39a49,100%,0,19,19,0,0,0,19
0x4093cd,100%,0,2,2,1,0,0,1
0x8a612c,100%,0,270,270,0,0,0,270
0x9f5b6c,100%,0,12,12,0,0,0,12
0x4952fa,100%,0,1,1,0,0,0,1
0x5fac8a,100%,0,1,1,0,0,0,1
0x5eef41,100%,0,1,1,1,0,0,0
0x610cc2,100%,0,30,30,0,0,0,30
0x610cd9,100%,0,30,30,0,0,0,30
0x5b0695,100%,0,2,2,2,0,0,0
0x9f7c62,100%,0,13,13,0,0,0,13
0x495297,100%,0,1,1,0,0,0,1
0x8ddb19,100%,0,112,112,0,0,0,112
0x81e690,100%,0,553,553,553,0,0,0
0x9f71ba,100%,0,14,14,14,0,0,0
0x4bc8b8,100%,0,94,94,94,0,0,0
0x9f5c9f,100%,0,28,28,0,0,0,28
0x94b757,100%,0,32,32,0,0,0,32
0x9f448f,100%,0,22,22,0,0,0,22
0x94b74a,100%,0,32,32,0,0,0,32
0x8f3e2c,100%,0,295,295,0,0,0,295
0x5b050b,100%,0,2,2,2,0,0,0
0x9f3db3,100%,0,17,17,0,0,0,17
0x9f3cf4,100%,0,10,10,10,0,0,0
0x557c8c,100%,0,73,73,0,0,0,73
0x593564,100%,0,2,2,0,0,0,2
0x59c43c,100%,0,23,23,0,0,0,23
0x9bd665,100%,0,24,24,0,0,0,24
0xa6c6fb,100%,0,27,27,0,0,0,27
0x8fcfb1,100%,0,71,71,0,0,0,71
0x8c8e3f,100%,0,8,8,0,0,0,8
0x492852,100%,0,1,1,0,0,0,1
0xa41b0f,100%,0,267,267,0,0,0,267
0x9f015b,100%,0,2,2,0,0,0,2
0x8bc091,100%,0,2,2,0,0,0,2
0x67f54b,100%,0,37,37,0,0,0,37
0x495366,100%,0,1,1,0,0,0,1
0x9f3b8b,100%,0,17,17,0,0,0,17
0x4b9e74,100%,0,213,213,0,0,0,213
0x8a5b3e,100%,0,1349,1349,1349,0,0,0
0x9f966e,100%,0,68,68,0,0,0,68
0x975023,100%,0,6,6,0,0,0,6
0x8e4b4a,100%,0,178,178,0,0,0,178
0x9735dc,100%,0,9,9,0,0,0,9
0x96aef1,100%,0,19,19,0,0,0,19
0x9735bc,100%,0,5,5,0,0,0,5
0x97531b,100%,0,6,6,0,0,0,6
0x821c80,100%,0,72,72,0,0,0,72
0x81f48a,100%,0,4,4,0,0,0,4
0xa3ac01,100%,0,14,14,14,0,0,0
0x9750bb,100%,0,8,8,0,0,0,8
0x813a72,100%,0,17,17,0,0,0,17
0x97506a,100%,0,5,5,5,0,0,0
0xa5c88f,100%,0,18,18,0,0,0,18
0x5a883d,100%,0,2,2,0,0,0,2
0x5ebedd,100%,0,14,14,0,0,0,14
0xa07750,100%,0,5,5,5,0,0,0
0x69dd24,100%,0,12,12,0,0,0,12
0x4ca4bf,100%,0,10,10,0,0,0,10
0x983f92,100%,0,64,64,0,0,0,64
0x64ba16,100%,0,1397,1397,0,0,0,1397
0x901315,100%,0,50,50,0,0,0,50
0xa041b1,100%,0,4,4,0,0,0,4
0xa04424,100%,0,1,1,1,0,0,0
0x8be45c,100%,0,18,18,0,0,0,18
0xa955a1,100%,0,4,4,0,0,0,4
0x80533e,100%,0,2,2,0,0,0,2
0x7be0a2,100%,0,4,4,0,0,0,4
0x96e7d9,100%,0,1,1,0,0,0,1
0x80a66a,100%,0,210,210,0,0,0,210
0x97b9cd,100%,0,114,114,0,0,0,114
0x89ecec,100%,0,2,2,2,0,0,0
0x9f939d,100%,0,34,34,34,0,0,0
0x58f3cd,100%,0,52,52,0,0,0,52
0x4bb910,100%,0,56,56,0,0,0,56
0x405ba2,100%,0,337,337,0,0,0,337
0x81b13c,100%,0,32,32,0,0,0,32
0x9ef36f,100%,0,60,60,0,0,0,60
0x88ea73,100%,0,39,39,0,0,0,39
0x959377,100%,0,4,4,0,0,0,4
0x40db82,100%,0,8343,8343,0,0,0,8343
0x959f78,100%,0,4,4,0,0,0,4
0x96ec41,100%,0,1,1,0,0,0,1
0x959f67,100%,0,4,4,0,0,0,4
0x97b792,100%,0,69,69,0,0,0,69
0xa3eef7,100%,0,8,8,0,0,0,8
0x8f41e3,100%,0,325,325,325,0,0,0
0x81d0f5,100%,0,6,6,0,0,0,6
0x97b6f7,100%,0,2,2,0,0,0,2
0x9752ca,100%,0,3,3,3,0,0,0
0xa5ed16,100%,0,5,5,5,0,0,0
0x81fc41,100%,0,14,14,0,0,0,14
0x96e88d,100%,0,1,1,1,0,0,0
0x40bc60,100%,0,103,103,0,0,0,103
0xa51d0f,100%,0,12,12,4,0,0,8
0x5a89a9,100%,0,2,2,0,0,0,2
0x96ea84,100%,0,1,1,1,0,0,0
0x95b814,100%,0,4,4,0,0,0,4
0x4b50f6,100%,0,10,10,0,0,0,10
0x96ea0b,100%,0,1,1,0,0,0,1
0x6704e0,100%,0,2,2,0,0,0,2
0xa586bd,100%,0,8,8,0,0,0,8
0x487a00,100%,0,2,2,0,0,0,2
0x5a899c,100%,0,2,2,2,0,0,0
0x4879c7,100%,0,4,4,0,0,0,4
0x50b9a6,100%,0,31,31,0,0,0,31
0xaa45f7,100%,0,99,99,0,0,0,99
0x6f07e0,100%,0,16,16,16,0,0,0
0x95b7f2,100%,0,4,4,0,0,0,4
0x96eac3,100%,0,1,1,0,0,0,1
0x48799d,100%,0,6,6,0,0,0,6
0x96e9a9,100%,0,1,1,1,0,0,0
0x49d224,100%,0,1,1,1,0,0,0
0x8ec607,100%,0,2,2,0,0,0,2
0x722e8b,100%,0,18,18,0,0,0,18
0x49d204,100%,0,1,1,0,0,0,1
0x81ca09,100%,0,172,172,0,0,0,172
0x81bb0e,100%,0,521,521,0,0,0,521
0x8f48bd,100%,0,1383,1383,1383,0,0,0
0x49d137,100%,0,2,2,0,0,0,2
0xa3bc40,100%,0,18,18,0,0,0,18
0xaa03ef,100%,0,38,38,0,0,0,38
0x9049fc,100%,0,185,185,0,0,0,185
0xaac3e4,100%,0,4,4,0,0,0,4
0x8f1034,100%,0,40,40,0,0,0,40
0xaac3b2,100%,0,4,4,0,0,0,4
0x815fd2,100%,0,9,9,0,0,0,9
0x9f64a2,100%,0,179,179,0,0,0,179
0x48efbb,100%,0,264,264,0,0,0,264
0x96e3a2,100%,0,1,1,0,0,0,1
0xaac399,100%,0,4,4,0,0,0,4
0x9ecb8f,100%,0,4,4,4,0,0,0
0xa318e1,100%,0,134,134,0,0,0,134
0x5a893d,100%,0,2,2,2,0,0,0
0xb2ffe0,100%,0,628,628,628,0,0,0
0xa360cc,100%,0,301,301,0,0,0,301
0xa3b27c,100%,0,174,174,174,0,0,0
0x511b65,100%,0,384,384,0,0,0,384
0x96e38b,100%,0,2,2,0,0,0,2
0x96e816,100%,0,1,1,0,0,0,1
0x4a7d67,100%,0,1,1,0,0,0,1
0x9f09ad,100%,0,39,39,39,0,0,0
0x4c4c8f,100%,0,15,15,0,0,0,15
0x96eb50,100%,0,1,1,0,0,0,1
0x5a8989,100%,0,2,2,0,0,0,2
0x95b827,100%,0,12,12,0,0,0,12
0x63f0bd,100%,0,2,2,2,0,0,0
0x96eadd,100%,0,1,1,1,0,0,0
0x4c5161,100%,0,1,1,1,0,0,0
0x410011,100%,0,2,2,2,0,0,0
0x9f4c38,100%,0,307,307,0,0,0,307
0x59fd3c,100%,0,2,2,0,0,0,2
0x95aa11,100%,0,4,4,0,0,0,4
0x83899c,100%,0,5,5,5,0,0,0
0x58d41d,100%,0,12,12,0,0,0,12
0x95a9c9,100%,0,4,4,0,0,0,4
0x9841d4,100%,0,12,12,0,0,0,12
0x5446a3,100%,0,2,2,0,0,0,2
0x9f68b0,100%,0,293,293,0,0,0,293
0x6405e9,100%,0,200,200,0,0,0,200
0xa064b4,100%,0,35,35,0,0,0,35
0x64abdf,100%,0,8,8,0,0,0,8
0x4952e7,100%,0,1,1,1,0,0,0
0x591533,100%,0,7,7,0,0,0,7
0x95a8fc,100%,0,4,4,0,0,0,4
0x7f031b,100%,0,19,19,0,0,0,19
0x95ac25,100%,0,4,4,4,0,0,0
0x95abee,100%,0,4,4,4,0,0,0
0x9ecc29,100%,0,5,5,5,0,0,0
0x48efea,100%,0,264,264,0,0,0,264
0xa959c6,100%,0,4,4,0,0,0,4
0x9f9bfa,100%,0,19,19,19,0,0,0
0x60b5ff,100%,0,227,227,0,0,0,227
0x49fb23,100%,0,5,5,0,0,0,5
0x5c4742,100%,0,8,8,0,0,0,8
0xa72323,100%,0,4,4,0,0,0,4
0x534bf3,100%,0,20,20,0,0,0,20
0x9f8f9b,100%,0,142,142,0,0,0,142
0x8e4da6,100%,0,509,509,509,0,0,0
0xa04248,100%,0,2,2,0,0,0,2
0x8f392e,100%,0,803,803,803,0,0,0
0x60986e,100%,0,398,398,0,0,0,398
0x59fccb,100%,0,1,1,0,0,0,1
0xa72364,100%,0,4,4,0,0,0,4
0x7f0b68,100%,0,5,5,0,0,0,5
0x9f6691,100%,0,153,153,0,0,0,153
0xa7233d,100%,0,4,4,0,0,0,4
0x81b54e,100%,0,317,317,0,0,0,317
0xa15f23,100%,0,12,12,0,0,0,12
0x60c59e,100%,0,5,5,5,0,0,0
0x9be96d,100%,0,16,16,0,0,0,16
0xab1e56,100%,0,4,4,4,0,0,0
0x59fce1,100%,0,2,2,0,0,0,2
0x8f5842,100%,0,91,91,0,0,0,91
0x8dcdda,100%,0,101,101,0,0,0,101
0x4c70f6,100%,0,18,18,0,0,0,18
0x95c4e6,100%,0,12,12,0,0,0,12
0x9e7b71,100%,0,2,2,0,0,0,2
0x8e3f1d,100%,0,4,4,0,0,0,4
0xa542b4,100%,0,4,4,4,0,0,0
0x9f4ee4,100%,0,121,121,0,0,0,121
0x95acda,100%,0,4,4,0,0,0,4
0x9e102c,100%,0,27,27,0,0,0,27
0x8df894,100%,0,2,2,0,0,0,2
0x60dbb5,100%,0,274,274,0,0,0,274
0x5a6497,100%,0,2,2,0,0,0,2
0x480329,100%,0,38,38,38,0,0,0
0x9e0fc4,100%,0,80,80,0,0,0,80
0x97b8a2,100%,0,41,41,41,0,0,0
0x8d9d99,100%,0,83,83,83,0,0,0
0x90bf3c,100%,0,119,119,0,0,0,119
0x5a64b1,100%,0,2,2,2,0,0,0
0x9f6afc,100%,0,36,36,36,0,0,0
0x81cfde,100%,0,182,182,0,0,0,182
0x95abde,100%,0,4,4,0,0,0,4
0x65c6b3,100%,0,4,4,0,0,0,4
0x496233,100%,0,6,6,0,0,0,6
0x9e1036,100%,0,27,27,0,0,0,27
0x59fdf8,100%,0,2,2,2,0,0,0
0x60c3db,100%,0,5,5,5,0,0,0
0x8e5ed7,100%,0,32,32,0,0,0,32
0x9e1221,100%,0,27,27,0,0,0,27
0x97b9e4,100%,0,114,114,0,0,0,114
0x5b2c83,100%,0,2,2,2,0,0,0
0x81d3ae,100%,0,182,182,182,0,0,0
0xa0637a,100%,0,6,6,0,0,0,6
0x97b9df,100%,0,114,114,0,0,0,114
0x81ced4,100%,0,177,177,0,0,0,177
0x5a8743,100%,0,2,2,2,0,0,0
0x9f3e71,100%,0,159,159,0,0,0,159
0x81d4ed,100%,0,182,182,182,0,0,0
0x9bde45,100%,0,2,2,0,0,0,2
0x8bdb96,100%,0,5,5,5,0,0,0
0x9f94ec,100%,0,110,110,0,0,0,110
0x9be545,100%,0,2,2,0,0,0,2
0x9f44cc,100%,0,155,155,0,0,0,155
0x95a6cf,100%,0,4,4,0,0,0,4
0x8df14f,100%,0,190,190,0,0,0,190
0xa543e8,100%,0,107,107,0,0,0,107
0x8149aa,100%,0,2,2,0,0,0,2
0x9f9531,100%,0,25,25,0,0,0,25
0xaada98,100%,0,288,288,0,0,0,288
0x9ee364,100%,0,110,110,0,0,0,110
0x95a40d,100%,0,4,4,4,0,0,0
0xa1adbe,100%,0,44,44,44,0,0,0
0x9fe792,100%,0,37,37,0,0,0,37
0x4c92e2,100%,0,16,16,0,0,0,16
0x67a066,100%,0,6,6,0,0,0,6
0x95a25c,100%,0,4,4,0,0,0,4
0x9d6845,100%,0,2,2,2,0,0,0
0x9f9abd,100%,0,109,109,0,0,0,109
0x9d6822,100%,0,2,2,0,0,0,2
0x78a39a,100%,0,3,3,0,0,0,3
0xa9861a,100%,0,2,2,0,0,0,2
0x95a12d,100%,0,4,4,4,0,0,0
0xa30214,100%,0,195,195,0,0,0,195
0x8df8e3,100%,0,4,4,0,0,0,4
0x7c3bf7,100%,0,51,51,51,0,0,0
0x79218f,100%,0,6,6,6,0,0,0
0x81b41f,100%,0,11,11,0,0,0,11
0x5d6c46,100%,0,3,3,0,0,0,3
0xa91986,100%,0,42,42,0,0,0,42
0x5d69ec,100%,0,3,3,0,0,0,3
0xa3012e,100%,0,2,2,0,0,0,2
0x61f3b2,100%,0,20,20,0,0,0,20
0xa9dec1,100%,0,41,41,0,0,0,41
0xa46dea,100%,0,257,257,0,0,0,257
0xa853f4,100%,0,5,5,0,0,0,5
0x49d7ca,100%,0,93,93,93,0,0,0
0x5cfc60,100%,0,12,12,0,0,0,12
0x48e68b,100%,0,48,48,0,0,0,48
0x8efdde,100%,0,14,14,0,0,0,14
0x5d202d,100%,0,3,3,0,0,0,3
0x54d464,100%,0,6,6,0,0,0,6
0x786937,100%,0,12,12,0,0,0,12
0x591bd3,100%,0,164,164,0,0,0,164
0x5d2026,100%,0,3,3,0,0,0,3
0x8e4b60,100%,0,178,178,0,0,0,178
0xa38977,100%,0,30,30,0,0,0,30
0x817da9,100%,0,36,36,0,0,0,36
0x4be9c7,100%,0,140,140,0,0,0,140
0x8121e9,100%,0,263,263,0,0,0,263
0x44196e,100%,0,11,11,0,0,0,11
0x9e400f,100%,0,19,19,0,0,0,19
0x5c834b,100%,0,6,6,6,0,0,0
0xa34e81,100%,0,148,148,0,0,0,148
0x8df6b4,100%,0,2,2,0,0,0,2
0x9c4d65,100%,0,5,5,5,0,0,0
0x8df87e,100%,0,4,4,4,0,0,0
0x820d67,100%,0,33,33,0,0,0,33
0x8f4079,100%,0,61,61,0,0,0,61
0x7effff,100%,0,19,19,19,0,0,0
0x943e3b,100%,0,10,10,0,0,0,10
0x9e5bbc,100%,0,4,4,0,0,0,4
0xa34e98,100%,0,148,148,0,0,0,148
0x81c4d3,100%,0,408,408,0,0,0,408
0x78a69f,100%,0,10,10,0,0,0,10
0x9ff63b,100%,0,13,13,0,0,0,13
0x8df8c9,100%,0,4,4,0,0,0,4
0xa350ae,100%,0,148,148,148,0,0,0
0x5c4500,100%,0,37,37,37,0,0,0
0x9e5bb0,100%,0,4,4,0,0,0,4
0xa5927f,100%,0,10,10,0,0,0,10
0x9e5ba5,100%,0,4,4,0,0,0,4
0xa34ede,100%,0,117,117,0,0,0,117
0x8136e8,100%,0,330,330,330,0,0,0
0x606ed1,100%,0,3,3,0,0,0,3
0xa389af,100%,0,3,3,3,0,0,0
0xa2fa04,100%,0,4,4,4,0,0,0
0x5089aa,100%,0,4,4,0,0,0,4
0x9e5120,100%,0,18,18,18,0,0,0
0x8f6cc2,100%,0,45,45,0,0,0,45
0x95012f,100%,0,2169,2169,0,0,0,2169
0x60bae5,100%,0,1,1,1,0,0,0
0x8f6ce0,100%,0,45,45,0,0,0,45
0x8dc44e,100%,0,4,4,0,0,0,4
0xa64af4,100%,0,2,2,2,0,0,0
0x8a8e02,100%,0,2,2,0,0,0,2
0xa98d3b,100%,0,15,15,0,0,0,15
0x9e2cca,100%,0,13,13,0,0,0,13
0xa91931,100%,0,17,17,0,0,0,17
0x818d5b,100%,0,172,172,0,0,0,172
0xa30341,100%,0,170,170,0,0,0,170
0x4915ce,100%,0,1,1,0,0,0,1
0xa918f4,100%,0,17,17,0,0,0,17
0x8def65,100%,0,16,16,16,0,0,0
0x9e604f,100%,0,18,18,0,0,0,18
0xa3035e,100%,0,170,170,0,0,0,170
0x8a9170,100%,0,27,27,0,0,0,27
0xa918b7,100%,0,17,17,0,0,0,17
0x63ef5b,100%,0,2,2,2,0,0,0
0x8df02b,100%,0,16,16,0,0,0,16
0xa482e8,100%,0,8,8,0,0,0,8
0x8f1dac,100%,0,8,8,0,0,0,8
0x94cc63,100%,0,79,79,0,0,0,79
0x9e5f5c,100%,0,18,18,0,0,0,18
0xa58fbc,100%,0,119,119,0,0,0,119
0x487304,100%,0,686,686,686,0,0,0
0x9e5960,100%,0,3,3,3,0,0,0
0xa4a946,100%,0,2,2,2,0,0,0
0x63f45e,100%,0,1379,1379,0,0,0,1379
0x40eda6,100%,0,8,8,0,0,0,8
0x78a6b4,100%,0,10,10,0,0,0,10
0x8fdc76,100%,0,764,764,0,0,0,764
0x8f2668,100%,0,1,1,0,0,0,1
0x9e52ca,100%,0,12,12,0,0,0,12
0x4b9fab,100%,0,76,76,0,0,0,76
0x8efeae,100%,0,9,9,9,0,0,0
0xab1cdd,100%,0,4,4,0,0,0,4
0xa442fa,100%,0,49,49,0,0,0,49
0xa3d911,100%,0,8,8,0,0,0,8
0x78a373,100%,0,3,3,0,0,0,3
0x9ef41f,100%,0,60,60,0,0,0,60
0xa58f00,100%,0,119,119,0,0,0,119
0xa17feb,100%,0,600,600,0,0,0,600
0x9e2a8d,100%,0,74,74,74,0,0,0
0x4903dc,100%,0,3,3,3,0,0,0
0xa58ee0,100%,0,119,119,0,0,0,119
0xb2ee7c,100%,0,6,6,2,0,0,4
0xa36816,100%,0,441,441,0,0,0,441
0x9e5216,100%,0,12,12,0,0,0,12
0x8f6cae,100%,0,45,45,0,0,0,45
0xa58f66,100%,0,119,119,0,0,0,119
0x806178,100%,0,2,2,2,0,0,0
0x90d04b,100%,0,163,163,0,0,0,163
0x5d8c55,100%,0,10,10,0,0,0,10
0xa5ab2c,100%,0,7,7,7,0,0,0
0x972f26,100%,0,6,6,0,0,0,6
0xa07a6b,100%,0,59,59,0,0,0,59
0x4aaca9,100%,0,9,9,9,0,0,0
0x493fe5,100%,0,2,2,2,0,0,0
0x5bd0e0,100%,0,11,11,0,0,0,11
0x7860fd,100%,0,2,2,0,0,0,2
0x8f1e60,100%,0,8,8,0,0,0,8
0xa27861,100%,0,6,6,6,0,0,0
0x619eba,100%,0,5,5,0,0,0,5
0x9f4eb2,100%,0,121,121,0,0,0,121
0x8f120f,100%,0,40,40,0,0,0,40
0x54d808,100%,0,16,16,0,0,0,16
0x9f4d01,100%,0,227,227,227,0,0,0
0xaa12bb,100%,0,63,63,0,0,0,63
0x99aa21,100%,0,102,102,0,0,0,102
0x9e8816,100%,0,3,3,3,0,0,0
0x9f8486,100%,0,2,2,2,0,0,0
0x9e880e,100%,0,3,3,0,0,0,3
0xa94252,100%,0,2,2,0,0,0,2
0x9e8450,100%,0,3,3,0,0,0,3
0x5bc0a3,100%,0,2,2,0,0,0,2
0x99aa6d,100%,0,102,102,0,0,0,102
0x4bc092,100%,0,1,1,1,0,0,0
0x612816,100%,0,70,70,0,0,0,70
0x5960c1,100%,0,13,13,0,0,0,13
0x4bedda,100%,0,58,58,0,0,0,58
0xa5ab96,100%,0,28,28,0,0,0,28
0xb30689,100%,0,5,5,0,0,0,5
0x5d7bce,100%,0,4,4,4,0,0,0
0x9bb46f,100%,0,18,18,18,0,0,0
0x50b77a,100%,0,557,557,0,0,0,557
0x559177,100%,0,488,488,0,0,0,488
0x507f27,100%,0,5,5,0,0,0,5
0x506eac,100%,0,1,1,0,0,0,1
0x4817f5,100%,0,9,9,9,0,0,0
0x88ea78,100%,0,39,39,0,0,0,39
0x63f420,100%,0,2,2,0,0,0,2
0xa9847c,100%,0,4,4,4,0,0,0
0xa4f7da,100%,0,16,16,16,0,0,0
0x5f1187,100%,0,7,7,7,0,0,0
0xa34ca5,100%,0,69,69,69,0,0,0
0x80c507,100%,0,5,5,5,0,0,0
0xa34ceb,100%,0,75,75,75,0,0,0
0xa4f7c6,100%,0,16,16,0,0,0,16
0x58d166,100%,0,72,72,70,0,0,2
0xa4f76c,100%,0,18,18,18,0,0,0
0x639b17,100%,0,4,4,0,0,0,4
0xa3419d,100%,0,94,94,94,0,0,0
0x972d89,100%,0,6,6,0,0,0,6
0x5f0ab1,100%,0,3,3,0,0,0,3
0xa58da6,100%,0,116,116,0,0,0,116
0x554c84,100%,0,64,64,0,0,0,64
0x9e7e28,100%,0,4,4,0,0,0,4
0xa99c4e,100%,0,4,4,0,0,0,4
0x510bd5,100%,0,312,312,0,0,0,312
0x5467a0,100%,0,2,2,0,0,0,2
0x80a7ae,100%,0,1,1,0,0,0,1
0x5bc58f,100%,0,119,119,119,0,0,0
0x81c553,100%,0,22,22,0,0,0,22
0x5e78b6,100%,0,73,73,0,0,0,73
0xaa5be2,100%,0,20,20,0,0,0,20
0x9e3d30,100%,0,2,2,2,0,0,0
0x81c510,100%,0,22,22,22,0,0,0
0x5e36ff,100%,0,10,10,0,0,0,10
0x5e3ae0,100%,0,3,3,3,0,0,0
0x81f41d,100%,0,4,4,0,0,0,4
0xa589c7,100%,0,146,146,0,0,0,146
0x9e3d02,100%,0,2,2,0,0,0,2
0x8a78da,100%,0,3,3,0,0,0,3
0x60bb2b,100%,0,17,17,17,0,0,0
0x8df32f,100%,0,8,8,0,0,0,8
0x9e7483,100%,0,2,2,0,0,0,2
0xa4689c,100%,0,26,26,0,0,0,26
0x8be81a,100%,0,23,23,0,0,0,23
0xa588b2,100%,0,146,146,0,0,0,146
0xa44298,100%,0,49,49,49,0,0,0
0xa9eaee,100%,0,85,85,85,0,0,0
0x9e8447,100%,0,3,3,0,0,0,3
0x7c7708,100%,0,4,4,0,0,0,4
0x950138,100%,0,2169,2169,0,0,0,2169
0x99bb11,100%,0,190,190,0,0,0,190
0xaa141d,100%,0,195,195,0,0,0,195
0x8ee959,100%,0,3,3,0,0,0,3
0x51b469,100%,0,71,71,0,0,0,71
0x5cf34b,100%,0,4,4,4,0,0,0
0x81f5a9,100%,0,4,4,0,0,0,4
0x5cf346,100%,0,4,4,0,0,0,4
0x9e7f27,100%,0,4,4,4,0,0,0
0x7cf7f2,100%,0,8,8,0,0,0,8
0x51060f,100%,0,16,16,0,0,0,16
0x493213,100%,0,39,39,0,0,0,39
0x943ade,100%,0,9,9,0,0,0,9
0x5ffdca,100%,0,46,46,0,0,0,46
0x555d78,100%,0,56,56,0,0,0,56
0x9e7f1e,100%,0,4,4,0,0,0,4
0x7d4460,100%,0,2,2,0,0,0,2
0x94446d,100%,0,2,2,2,0,0,0
0x9e7e99,100%,0,4,4,0,0,0,4
0x80624a,100%,0,2,2,0,0,0,2
0x9e7e6e,100%,0,4,4,0,0,0,4
0xa32723,100%,0,29,29,0,0,0,29
0xa58dd2,100%,0,116,116,0,0,0,116
0x9a30d4,100%,0,1,1,1,0,0,0
0xa0976a,100%,0,6,6,0,0,0,6
0x491468,100%,0,158,158,0,0,0,158
0xaa5d0a,100%,0,1,1,0,0,0,1
0x695f71,100%,0,24,24,0,0,0,24
0x8ec4dc,100%,0,2,2,0,0,0,2
0x8f6e0f,100%,0,22,22,22,0,0,0
0xaa5cda,100%,0,24,24,0,0,0,24
0x7c685a,100%,0,2,2,0,0,0,2
0x95a958,100%,0,4,4,4,0,0,0
0x9a312d,100%,0,1,1,1,0,0,0
0x67540f,100%,0,3,3,3,0,0,0
0x675406,100%,0,1,1,0,0,0,1
0x4ab1b6,100%,0,37,37,0,0,0,37
0xa4cfa9,100%,0,8,8,0,0,0,8
0xa3618d,100%,0,142,142,0,0,0,142
0x80b11c,100%,0,2,2,0,0,0,2
0x808b81,100%,0,5,5,5,0,0,0
0x4858ea,100%,0,3,3,3,0,0,0
0x9ed1db,100%,0,6,6,0,0,0,6
0xa3629b,100%,0,297,297,0,0,0,297
0x485899,100%,0,3,3,0,0,0,3
0x88e6d0,100%,0,39,39,39,0,0,0
0xa56168,100%,0,126,126,0,0,0,126
0x8f11e9,100%,0,40,40,0,0,0,40
0x48586e,100%,0,6,6,0,0,0,6
0xa9a142,100%,0,15,15,0,0,0,15
0x4ad03e,100%,0,4,4,4,0,0,0
0x402e27,100%,0,59,59,0,0,0,59
0xa6b458,100%,0,4,4,0,0,0,4
0x66f719,100%,0,1,1,0,0,0,1
0xa30cfa,100%,0,19,19,0,0,0,19
0x804e5b,100%,0,2,2,0,0,0,2
0xaa49de,100%,0,3,3,3,0,0,0
0xa36010,100%,0,301,301,0,0,0,301
0xa58a65,100%,0,138,138,0,0,0,138
0xa9f30e,100%,0,3,3,0,0,0,3
0xa35cb9,100%,0,836,836,0,0,0,836
0x9f86ee,100%,0,3,3,0,0,0,3
0x61cd94,100%,0,5,5,0,0,0,5
0x6823d4,100%,0,34,34,34,0,0,0
0x4857f9,100%,0,15,15,0,0,0,15
0x812775,100%,0,52,52,0,0,0,52
0xa3666d,100%,0,294,294,0,0,0,294
0x8062a3,100%,0,2,2,0,0,0,2
0x4ad029,100%,0,4,4,0,0,0,4
0x9bc730,100%,0,22,22,22,0,0,0
0x8ddc0f,100%,0,112,112,0,0,0,112
0x7c6841,100%,0,2,2,0,0,0,2
0x90f8be,100%,0,2,2,0,0,0,2
0x5f5683,100%,0,4,4,0,0,0,4
0x99e6b9,100%,0,13,13,0,0,0,13
0x65ad65,100%,0,1,1,0,0,0,1
0x4ac554,100%,0,8,8,8,0,0,0
0x59388d,100%,0,2,2,2,0,0,0
0x4bbce6,100%,0,825,825,0,0,0,825
0x809d8f,100%,0,561,561,0,0,0,561
0x4092ae,100%,0,2,2,0,0,0,2
0xa32ba0,100%,0,927,927,0,0,0,927
0x49be87,100%,0,2,2,0,0,0,2
0x681591,100%,0,144,144,0,0,0,144
0xa36912,100%,0,432,432,0,0,0,432
0x58f68f,100%,0,2,2,0,0,0,2
0x5f8af7,100%,0,8,8,8,0,0,0
0xa3692a,100%,0,432,432,0,0,0,432
0xa99987,100%,0,1,1,1,0,0,0
0x814912,100%,0,330,330,0,0,0,330
0x9484a3,100%,0,1442,1442,0,0,0,1442
0x65b158,100%,0,13,13,0,0,0,13
0x5089c8,100%,0,4,4,0,0,0,4
0x55761e,100%,0,2,2,2,0,0,0
0xa337ca,100%,0,25,25,0,0,0,25
0x640560,100%,0,200,200,200,0,0,0
0xa9c7ee,100%,0,10,10,0,0,0,10
0x58c4ae,100%,0,12,12,12,0,0,0
0x99f136,100%,0,11,11,0,0,0,11
0x592dc1,100%,0,2,2,2,0,0,0
0xa9daa8,100%,0,15,15,0,0,0,15
0x9f8360,100%,0,2,2,0,0,0,2
0xa96387,100%,0,2,2,2,0,0,0
0xa96373,100%,0,2,2,0,0,0,2
0x590719,100%,0,3,3,0,0,0,3
0xa46a43,100%,0,96,96,0,0,0,96
0xa9ea63,100%,0,226,226,226,0,0,0
0xa9e9f4,100%,0,226,226,0,0,0,226
0x4ad9e6,100%,0,3,3,3,0,0,0
0x4ad9c1,100%,0,3,3,3,0,0,0
0x4aca51,100%,0,6,6,6,0,0,0
0x8ec75f,100%,0,2,2,0,0,0,2
0x666eaa,100%,0,3,3,0,0,0,3
0x9e408c,100%,0,4,4,0,0,0,4
0x675581,100%,0,1,1,0,0,0,1
0x8e3e5b,100%,0,4,4,0,0,0,4
0x59073e,100%,0,3,3,0,0,0,3
0xa9f39c,100%,0,3,3,0,0,0,3
0x8f2e4f,100%,0,337,337,0,0,0,337
0x9ebf41,100%,0,61,61,0,0,0,61
0x4c6442,100%,0,28,28,28,0,0,0
0x639b82,100%,0,65,65,0,0,0,65
0xaa0364,100%,0,121,121,0,0,0,121
0xb49ca7,100%,0,3,3,0,0,0,3
0x63bbd6,100%,0,3,3,0,0,0,3
0x63bb7f,100%,0,3,3,3,0,0,0
0x6388aa,100%,0,11,11,11,0,0,0
0x6755ee,100%,0,1,1,0,0,0,1
0x5f5a05,100%,0,12,12,12,0,0,0
0x80b131,100%,0,2,2,2,0,0,0
0x6f1721,100%,0,12,12,0,0,0,12
0x84351d,100%,0,1,1,0,0,0,1
0x96605a,100%,0,10,10,0,0,0,10
0x659fcd,100%,0,24,24,24,0,0,0
0x8ff0c8,100%,0,176,176,176,0,0,0
0x8f38a1,100%,0,116,116,0,0,0,116
0x8df6a9,100%,0,2,2,0,0,0,2
0x976fe8,100%,0,2,2,2,0,0,0
0xa9d00d,100%,0,2,2,0,0,0,2
0x843642,100%,0,4,4,4,0,0,0
0x80a23b,100%,0,4,4,0,0,0,4
0x6659f7,100%,0,130,130,0,0,0,130
0x5ff137,100%,0,39,39,39,0,0,0
0xb30533,100%,0,5,5,0,0,0,5
0x5fbaf9,100%,0,2,2,2,0,0,0
0xa9d030,100%,0,2,2,0,0,0,2
0xb22fdd,100%,0,154,154,0,0,0,154
0x99ebe6,100%,0,2,2,0,0,0,2
0x8f25d7,100%,0,37,37,37,0,0,0
0x81ef94,100%,0,4,4,0,0,0,4
0x80692c,100%,0,24,24,0,0,0,24
0x95a9e8,100%,0,4,4,0,0,0,4
0xa9df90,100%,0,2,2,0,0,0,2
0x819541,100%,0,160,160,0,0,0,160
0x8f2bd2,100%,0,68,68,0,0,0,68
0xa9dd39,100%,0,2,2,0,0,0,2
0x60e670,100%,0,38,38,0,0,0,38
0x8ebeb1,100%,0,2,2,0,0,0,2
0x8df66d,100%,0,2,2,0,0,0,2
0x8f3e24,100%,0,295,295,0,0,0,295
0x8f6a0b,100%,0,363,363,0,0,0,363
0x9ff586,100%,0,40,40,0,0,0,40
0xa583c9,100%,0,123,123,0,0,0,123
0x78f637,100%,0,14,14,0,0,0,14
0x820a90,100%,0,8,8,8,0,0,0
0x8162da,100%,0,45,45,45,0,0,0
0x8e363a,100%,0,4,4,0,0,0,4
0xa29221,100%,0,16,16,0,0,0,16
0x4b51a5,100%,0,1,1,0,0,0,1
0x7cea3e,100%,0,1898,1898,0,0,0,1898
0xa583b8,100%,0,123,123,0,0,0,123
0xa9dd1c,100%,0,2,2,0,0,0,2
0x48f897,100%,0,18,18,0,0,0,18
0x983fc7,100%,0,8,8,0,0,0,8
0x5ff49a,100%,0,10,10,0,0,0,10
0x4ac934,100%,0,3,3,3,0,0,0
0x6b465a,100%,0,1,1,0,0,0,1
0x949a67,100%,0,53,53,0,0,0,53
0x606d40,100%,0,8,8,8,0,0,0
0xb303c9,100%,0,5,5,5,0,0,0
0x814bf3,100%,0,41,41,0,0,0,41
0xa30c4b,100%,0,157,157,0,0,0,157
0xa36754,100%,0,72,72,0,0,0,72
0xa379a8,100%,0,10,10,0,0,0,10
0xaa0117,100%,0,3,3,0,0,0,3
0x5f87de,100%,0,1,1,0,0,0,1
0x60df0c,100%,0,689,689,689,0,0,0
0xa42ea6,100%,0,4,4,0,0,0,4
0x8c714f,100%,0,2,2,0,0,0,2
0x4aabfb,100%,0,30,30,30,0,0,0
0xa9d408,100%,0,20,20,0,0,0,20
0x9a0c6f,100%,0,7,7,0,0,0,7
0x65a374,100%,0,1925,1925,0,0,0,1925
0x8127b2,100%,0,6,6,0,0,0,6
0x5b15d7,100%,0,11,11,11,0,0,0
0x9f50fa,100%,0,52,52,52,0,0,0
0xa9d26a,100%,0,4,4,0,0,0,4
0x4adc7d,100%,0,40,40,40,0,0,0
0xa43ab9,100%,0,131,131,0,0,0,131
0xa42fe0,100%,0,4,4,0,0,0,4
0x8db775,100%,0,315,315,0,0,0,315
0xa508d0,100%,0,4,4,0,0,0,4
0x9eb73d,100%,0,125,125,0,0,0,125
0xa42ffb,100%,0,4,4,4,0,0,0
0xa4301c,100%,0,4,4,0,0,0,4
0x48e5bc,100%,0,48,48,0,0,0,48
0x9444cb,100%,0,17,17,17,0,0,0
0xa6c178,100%,0,4,4,4,0,0,0
0xaa003d,100%,0,3,3,0,0,0,3
0xaa0038,100%,0,3,3,0,0,0,3
0x81fc6f,100%,0,98,98,0,0,0,98
0x4a264d,100%,0,472,472,0,0,0,472
0x8122af,100%,0,99,99,0,0,0,99
0xb46930,100%,0,26,26,26,0,0,0
0x491a2d,100%,0,2,2,0,0,0,2
0x81b040,100%,0,2,2,0,0,0,2
0x9510c0,100%,0,1,1,0,0,0,1
0x8dc46f,100%,0,4,4,0,0,0,4
0x49a523,100%,0,4,4,4,0,0,0
0xa08460,100%,0,5,5,0,0,0,5
0xa95e31,100%,0,12,12,0,0,0,12
0xa35e51,100%,0,14,14,0,0,0,14
0x504744,100%,0,18,18,0,0,0,18
0x815b01,100%,0,41,41,0,0,0,41
0x4419fd,100%,0,11,11,0,0,0,11
0xa9f076,100%,0,2,2,2,0,0,0
0xa9f056,100%,0,2,2,0,0,0,2
0x7d2219,100%,0,1,1,1,0,0,0
0x4a82d5,100%,0,23,23,23,0,0,0
0x8e46b6,100%,0,16,16,0,0,0,16
0x48eff7,100%,0,264,264,0,0,0,264
0x40ab16,100%,0,42,42,0,0,0,42
0x65be40,100%,0,12,12,12,0,0,0
0x4872fe,100%,0,686,686,0,0,0,686
0x7869fc,100%,0,6,6,0,0,0,6
0xa9f2d1,100%,0,3,3,0,0,0,3
0x7bb91d,100%,0,4,4,0,0,0,4
0x9a898e,100%,0,62,62,0,0,0,62
0x82243c,100%,0,186,186,0,0,0,186
0x8ae9fa,100%,0,14,14,14,0,0,0
0x8e51c0,100%,0,1523,1523,1523,0,0,0
0x822265,100%,0,273,273,273,0,0,0
0x819e03,100%,0,16,16,0,0,0,16
0x48710f,100%,0,2,2,0,0,0,2
0x9ed407,100%,0,111,111,111,0,0,0
0xa49fe2,100%,0,145,145,0,0,0,145
0xa23840,100%,0,2,2,0,0,0,2
0x54fcc1,100%,0,1,1,1,0,0,0
0x40b158,100%,0,193,193,193,0,0,0
0x8bd726,100%,0,20,20,20,0,0,0
0x80b45d,100%,0,1,1,0,0,0,1
0x96e3ad,100%,0,1,1,0,0,0,1
0xa4bb63,100%,0,14,14,0,0,0,14
0x9aa44c,100%,0,22,22,0,0,0,22
0xa4b682,100%,0,20,20,0,0,0,20
0x9eefb1,100%,0,6,6,6,0,0,0
0x5ef156,100%,0,18,18,18,0,0,0
0x8ee779,100%,0,170,170,0,0,0,170
0x8f768c,100%,0,4,4,4,0,0,0
0x96ebcf,100%,0,1,1,1,0,0,0
0x540a6a,100%,0,6,6,6,0,0,0
0x48fbf1,100%,0,4,4,0,0,0,4
0x94c936,100%,0,64,64,0,0,0,64
0x638e0e,100%,0,547,547,0,0,0,547
0x99f0fc,100%,0,12,12,12,0,0,0
0x7ce798,100%,0,36,36,0,0,0,36
0x8ff0ad,100%,0,88,88,0,0,0,88
0x7aedb3,100%,0,11,11,0,0,0,11
0x63e060,100%,0,961,961,961,0,0,0
0x81e995,100%,0,76,76,0,0,0,76
0x8df376,100%,0,24,24,24,0,0,0
0x7e1c7e,100%,0,2,2,0,0,0,2
0xa369fb,100%,0,3,3,0,0,0,3
0xa02a89,100%,0,12,12,0,0,0,12
0x7e1c99,100%,0,2,2,0,0,0,2
0x590e15,100%,0,1,1,0,0,0,1
0x9be3f0,100%,0,2,2,0,0,0,2
0x98515a,100%,0,4,4,0,0,0,4
0xa04fa8,100%,0,5,5,0,0,0,5
0x9b909e,100%,0,9,9,9,0,0,0
0x402de0,100%,0,59,59,0,0,0,59
0x9f41c8,100%,0,33,33,33,0,0,0
0x8df599,100%,0,42,42,0,0,0,42
0x718104,100%,0,1,1,0,0,0,1
0x8def89,100%,0,16,16,0,0,0,16
0x9a979d,100%,0,30,30,0,0,0,30
0xa33f19,100%,0,109,109,0,0,0,109
0x789893,100%,0,37,37,0,0,0,37
0x8df5c3,100%,0,40,40,0,0,0,40
0x9a62b0,100%,0,137,137,137,0,0,0
0x8be2af,100%,0,2,2,0,0,0,2
0x7aee5e,100%,0,6,6,0,0,0,6
0x5fba3b,100%,0,2,2,0,0,0,2
0x409f5d,100%,0,30,30,0,0,0,30
0x5ffa5b,100%,0,46,46,0,0,0,46
0x8eb047,100%,0,6,6,0,0,0,6
0x494f76,100%,0,4,4,4,0,0,0
0x5f0b3d,100%,0,2,2,2,0,0,0
0x9fc0f4,100%,0,306,306,0,0,0,306
0x96e95c,100%,0,1,1,0,0,0,1
0x949faa,100%,0,223,223,223,0,0,0
0x5f0bb9,100%,0,2,2,0,0,0,2
0xb306e4,100%,0,5,5,5,0,0,0
0xa55a67,100%,0,2,2,0,0,0,2
0xa55a52,100%,0,2,2,0,0,0,2
0xa069b3,100%,0,2,2,0,0,0,2
0x81f3e3,100%,0,488,488,0,0,0,488
0xa55a49,100%,0,2,2,0,0,0,2
0x5fc2a5,100%,0,116,116,0,0,0,116
0xa55969,100%,0,4,4,0,0,0,4
0xa55950,100%,0,2,2,2,0,0,0
0x4903cf,100%,0,3,3,0,0,0,3
0x8eed3a,100%,0,338,338,0,0,0,338
0x49bd3e,100%,0,2,2,0,0,0,2
0xa3591d,100%,0,1001,1001,0,0,0,1001
0x81c093,100%,0,85,85,0,0,0,85
0x63d1ba,100%,0,23,23,0,0,0,23
0xa35928,100%,0,1001,1001,0,0,0,1001
0x8f61f9,100%,0,14,14,0,0,0,14
0x8f6922,100%,0,119,119,119,0,0,0
0xaa1273,100%,0,4,4,0,0,0,4
0xa5432f,100%,0,19,19,0,0,0,19
0x8f6c48,100%,0,109,109,109,0,0,0
0x550fff,100%,0,21,21,0,0,0,21
0xa33f29,100%,0,109,109,0,0,0,109
0x8f6008,100%,0,526,526,0,0,0,526
0x90fbdf,100%,0,200,200,200,0,0,0
0x9a0a3b,100%,0,28,28,0,0,0,28
0x7b063b,100%,0,3,3,0,0,0,3
0xa56794,100%,0,18,18,0,0,0,18
0x49a44e,100%,0,26,26,0,0,0,26
0x7aed97,100%,0,11,11,0,0,0,11
0x48725e,100%,0,138,138,0,0,0,138
0x97824b,100%,0,19,19,0,0,0,19
0x81e5a4,100%,0,12,12,0,0,0,12
0x9a67c4,100%,0,2,2,2,0,0,0
0x8f6c23,100%,0,109,109,0,0,0,109
0xa28250,100%,0,3,3,3,0,0,0
0xa34f86,100%,0,32,32,0,0,0,32
0x80c33d,100%,0,1,1,0,0,0,1
0x97336f,100%,0,9,9,0,0,0,9
0x5efa12,100%,0,3,3,0,0,0,3
0xa58f22,100%,0,119,119,0,0,0,119
0x485f20,100%,0,17,17,17,0,0,0
0x4872de,100%,0,1144,1144,0,0,0,1144
0x8ece04,100%,0,995,995,0,0,0,995
0xa2f92f,100%,0,83,83,0,0,0,83
0x4418f7,100%,0,11,11,0,0,0,11
0x9e29eb,100%,0,82,82,0,0,0,82
0x5af8e6,100%,0,53,53,53,0,0,0
0x4418b7,100%,0,11,11,0,0,0,11
0xa2f4df,100%,0,150,150,0,0,0,150
0x9e29d3,100%,0,173,173,0,0,0,173
0xa2f67a,100%,0,5,5,5,0,0,0
0x4418ae,100%,0,11,11,0,0,0,11
0x7829d3,100%,0,19,19,0,0,0,19
0x441897,100%,0,11,11,0,0,0,11
0x441877,100%,0,11,11,0,0,0,11
0x441917,100%,0,11,11,0,0,0,11
0x9eb1e7,100%,0,56,56,56,0,0,0
0x7cf742,100%,0,14,14,14,0,0,0
0x4417d7,100%,0,11,11,0,0,0,11
0xa30da0,100%,0,80,80,80,0,0,0
0x5a608a,100%,0,4,4,0,0,0,4
0x9e4ebb,100%,0,60,60,0,0,0,60
0x815256,100%,0,6,6,6,0,0,0
0xa0683a,100%,0,2,2,0,0,0,2
0x490f0e,100%,0,41,41,0,0,0,41
0x441797,100%,0,11,11,0,0,0,11
0xb22ff3,100%,0,154,154,0,0,0,154
0x9f4980,100%,0,4,4,0,0,0,4
0x805566,100%,0,89,89,0,0,0,89
0x9d3154,100%,0,3,3,0,0,0,3
0xa39488,100%,0,14,14,0,0,0,14
0x4bd4bb,100%,0,1,1,0,0,0,1
0x5a5e24,100%,0,4,4,0,0,0,4
0x4c6768,100%,0,4,4,0,0,0,4
0x4b70e6,100%,0,11,11,11,0,0,0
0xa45fd4,100%,0,4,4,4,0,0,0
0x5b9e92,100%,0,8,8,0,0,0,8
0xad068d,100%,0,2,2,0,0,0,2
0x80b3f1,100%,0,5,5,5,0,0,0
0x610776,100%,0,13,13,0,0,0,13
0xa2f19f,100%,0,1,1,0,0,0,1
0x6109fa,100%,0,13,13,0,0,0,13
0x9f6c80,100%,0,10,10,0,0,0,10
0x81f508,100%,0,4,4,4,0,0,0
0x6964a5,100%,0,1112,1112,0,0,0,1112
0xa2f4be,100%,0,261,261,0,0,0,261
0x804562,100%,0,13,13,0,0,0,13
0xa459b0,100%,0,33,33,33,0,0,0
0xb90265,100%,0,5,5,0,0,0,5
0x90bbc8,100%,0,1122,1122,0,0,0,1122
0x5a5eb0,100%,0,4,4,0,0,0,4
0x5afd04,100%,0,25,25,0,0,0,25
0x4419de,100%,0,11,11,0,0,0,11
0xa90775,100%,0,147,147,0,0,0,147
0x5b27f5,100%,0,2,2,2,0,0,0
0x65ad44,100%,0,14,14,0,0,0,14
0x441577,100%,0,11,11,0,0,0,11
0x9be502,100%,0,2,2,2,0,0,0
0x492e2a,100%,0,1,1,0,0,0,1
0x8051f4,100%,0,2,2,0,0,0,2
0x5bc3ab,100%,0,23,23,0,0,0,23
0x9dfa44,100%,0,214,214,0,0,0,214
0x78abee,100%,0,3,3,3,0,0,0
0x441517,100%,0,11,11,0,0,0,11
0x7aeacc,100%,0,21,21,0,0,0,21
0x619e2f,100%,0,5,5,5,0,0,0
0xa2fda4,100%,0,228,228,0,0,0,228
0xa92a17,100%,0,6,6,0,0,0,6
0x53ff13,100%,0,426,426,0,0,0,426
0x5dcf1a,100%,0,133,133,133,0,0,0
0x81b721,100%,0,19,19,0,0,0,19
0x441a52,100%,0,11,11,0,0,0,11
0x5f6338,100%,0,2,2,2,0,0,0
0xb6a10d,100%,0,5,5,0,0,0,5
0x620fa7,100%,0,5,5,5,0,0,0
0xa723bf,100%,0,4,4,0,0,0,4
0x8162ce,100%,0,45,45,0,0,0,45
0x8ff586,100%,0,2,2,0,0,0,2
0x59f060,100%,0,4,4,0,0,0,4
0x7b29a1,100%,0,53,53,53,0,0,0
0x8dee48,100%,0,14,14,14,0,0,0
0x81f4bd,100%,0,4,4,0,0,0,4
0x49c849,100%,0,1,1,0,0,0,1
0x441757,100%,0,11,11,0,0,0,11
0x44174e,100%,0,11,11,0,0,0,11
0xa32da1,100%,0,246,246,246,0,0,0
0x441737,100%,0,11,11,0,0,0,11
0x649c6c,100%,0,2,2,0,0,0,2
0x5a610a,100%,0,4,4,0,0,0,4
0x48fbd6,100%,0,4,4,0,0,0,4
0xa2621b,100%,0,404,404,0,0,0,404
0xa52a9c,100%,0,164,164,0,0,0,164
0x5a61a7,100%,0,4,4,0,0,0,4
0x915c66,100%,0,2,2,0,0,0,2
0xaa2f20,100%,0,102,102,0,0,0,102
0x80ab18,100%,0,2,2,2,0,0,0
0x4416d7,100%,0,11,11,0,0,0,11
0x8e4c64,100%,0,99,99,0,0,0,99
0x4416b7,100%,0,11,11,0,0,0,11
0x4416ae,100%,0,11,11,0,0,0,11
0x4ad2ec,100%,0,20,20,0,0,0,20
0x441637,100%,0,11,11,0,0,0,11
0x44162e,100%,0,11,11,0,0,0,11
0x5ae676,100%,0,2,2,0,0,0,2
0xb3ac13,100%,0,1,1,1,0,0,0
0x9f08ee,100%,0,10,10,0,0,0,10
0x811462,100%,0,2,2,0,0,0,2
0x9841e2,100%,0,12,12,0,0,0,12
0x8dd0d9,100%,0,4,4,0,0,0,4
0x9d0793,100%,0,61,61,61,0,0,0
0xa918cf,100%,0,17,17,17,0,0,0
0xa1af24,100%,0,44,44,44,0,0,0
0x8f2103,100%,0,17,17,0,0,0,17
0x8f21c2,100%,0,17,17,0,0,0,17
0x8ebf05,100%,0,2,2,2,0,0,0
0xa2cb19,100%,0,2,2,2,0,0,0
0xa32b60,100%,0,7,7,0,0,0,7
0xa32e73,100%,0,7,7,7,0,0,0
0xa4121d,100%,0,25,25,0,0,0,25
0x9ea4d7,100%,0,168,168,0,0,0,168
0x50479c,100%,0,7,7,7,0,0,0
0xa5b2be,100%,0,3,3,0,0,0,3
0x97521d,100%,0,19,19,0,0,0,19
0xa534ef,100%,0,2,2,2,0,0,0
0xa5b2b9,100%,0,3,3,0,0,0,3
0xa42779,100%,0,225,225,0,0,0,225
0x8c9321,100%,0,576,576,0,0,0,576
0x5049f1,100%,0,7,7,0,0,0,7
0xa4eef3,100%,0,22,22,0,0,0,22
0x9eedc1,100%,0,230,230,0,0,0,230
0x8df8ac,100%,0,4,4,0,0,0,4
0x9e8428,100%,0,3,3,0,0,0,3
0x80671e,100%,0,10,10,0,0,0,10
0x619ab2,100%,0,5,5,0,0,0,5
0x8bb28f,100%,0,1,1,0,0,0,1
0xa02620,100%,0,177,177,0,0,0,177
0x4b55c0,100%,0,2,2,0,0,0,2
0x64f661,100%,0,42,42,42,0,0,0
0xa077f6,100%,0,2,2,0,0,0,2
0x91759c,100%,0,200,200,0,0,0,200
0xa5a170,100%,0,10,10,10,0,0,0
0xa5a15b,100%,0,10,10,0,0,0,10
0xa53636,100%,0,6,6,0,0,0,6
0x63f442,100%,0,200,200,0,0,0,200
0x8e09d5,100%,0,2928,2928,0,0,0,2928
0x943a2f,100%,0,2,2,0,0,0,2
0xa32a97,100%,0,11,11,0,0,0,11
0x8c8cc8,100%,0,67,67,0,0,0,67
0xa5a04d,100%,0,3,3,0,0,0,3
0x80af42,100%,0,35,35,35,0,0,0
0xa53764,100%,0,8,8,0,0,0,8
0x81be79,100%,0,204,204,0,0,0,204
0x8f1dbe,100%,0,40,40,0,0,0,40
0x4876c2,100%,0,3,3,3,0,0,0
0x670615,100%,0,133,133,0,0,0,133
0xa44982,100%,0,4,4,0,0,0,4
0xa53736,100%,0,8,8,0,0,0,8
0xa536fd,100%,0,8,8,0,0,0,8
0x5937bd,100%,0,19,19,0,0,0,19
0xa5390c,100%,0,14,14,0,0,0,14
0x8c93ea,100%,0,576,576,0,0,0,576
0x5f4ec8,100%,0,1,1,0,0,0,1
0x9a1d62,100%,0,15,15,0,0,0,15
0x8ba025,100%,0,102,102,0,0,0,102
0x8a5d42,100%,0,218,218,0,0,0,218
0xa5395f,100%,0,14,14,14,0,0,0
0xa5af16,100%,0,2,2,0,0,0,2
0x9059d1,100%,0,298,298,0,0,0,298
0x809c60,100%,0,2,2,0,0,0,2
0x48783f,100%,0,1,1,0,0,0,1
0x4877e2,100%,0,1,1,0,0,0,1
0x618a01,100%,0,70,70,0,0,0,70
0x668117,100%,0,240,240,240,0,0,0
0xa8fa85,100%,0,85,85,0,0,0,85
0x5fafe6,100%,0,18,18,18,0,0,0
0x90f011,100%,0,200,200,200,0,0,0
0x8e0f98,100%,0,16,16,0,0,0,16
0x8e2539,100%,0,2,2,0,0,0,2
0xa5ace5,100%,0,21,21,0,0,0,21
0x8a6699,100%,0,98,98,0,0,0,98
0x4ada0d,100%,0,5,5,5,0,0,0
0x48778e,100%,0,24,24,0,0,0,24
0x8e3e09,100%,0,4,4,0,0,0,4
0x5b2323,100%,0,240,240,0,0,0,240
0x9ea4e7,100%,0,108,108,0,0,0,108
0xa362b4,100%,0,297,297,0,0,0,297
0x6ebfbc,100%,0,1,1,1,0,0,0
0x8ef52c,100%,0,9,9,9,0,0,0
0x8df8f1,100%,0,4,4,0,0,0,4
0x494a19,100%,0,2,2,2,0,0,0
0x6d4b97,100%,0,16,16,0,0,0,16
0x8bb2ee,100%,0,1,1,0,0,0,1
0xa2e224,100%,0,2,2,0,0,0,2
0x809fdc,100%,0,327,327,327,0,0,0
0xa5b187,100%,0,11,11,0,0,0,11
0xa34214,100%,0,170,170,0,0,0,170
0xa4ece9,100%,0,22,22,22,0,0,0
0x8c8b05,100%,0,80,80,80,0,0,0
0xa5b54e,100%,0,19,19,0,0,0,19
0xa5b500,100%,0,9,9,0,0,0,9
0xa97473,100%,0,20,20,0,0,0,20
0xa54001,100%,0,22,22,0,0,0,22
0x5052be,100%,0,20,20,20,0,0,0
0x506e20,100%,0,1,1,0,0,0,1
0x8df538,100%,0,8,8,0,0,0,8
0x5f14ec,100%,0,38,38,0,0,0,38
0x4824fb,100%,0,9,9,9,0,0,0
0xa4f93d,100%,0,16,16,0,0,0,16
0xa90fa2,100%,0,28,28,28,0,0,0
0x50da93,100%,0,4,4,0,0,0,4
0x50dad0,100%,0,4,4,0,0,0,4
0x8ebfc5,100%,0,2,2,0,0,0,2
0xa4f8e2,100%,0,14,14,0,0,0,14
0x50dae8,100%,0,4,4,0,0,0,4
0x99e91b,100%,0,55,55,0,0,0,55
0xb30444,100%,0,5,5,0,0,0,5
0xa2f853,100%,0,83,83,0,0,0,83
0x58c62a,100%,0,1,1,1,0,0,0
0x80abee,100%,0,2,2,2,0,0,0
0x404236,100%,0,475,475,0,0,0,475
0x81b7ab,100%,0,19,19,0,0,0,19
0x48fc57,100%,0,4,4,0,0,0,4
0xaa5d5b,100%,0,1,1,0,0,0,1
0xa04c87,100%,0,38,38,0,0,0,38
0x8f6ae1,100%,0,336,336,0,0,0,336
0x402ff7,100%,0,65,65,0,0,0,65
0xa0028c,100%,0,9,9,9,0,0,0
0x8f6aef,100%,0,336,336,0,0,0,336
0x8eefe1,100%,0,84,84,84,0,0,0
0x9ef39f,100%,0,9,9,0,0,0,9
0x971347,100%,0,5,5,0,0,0,5
0x97133d,100%,0,5,5,0,0,0,5
0x97351a,100%,0,12,12,0,0,0,12
0x4c5eef,100%,0,41,41,0,0,0,41
0x9e1a52,100%,0,14,14,0,0,0,14
0x557c93,100%,0,73,73,73,0,0,0
0xa4ed87,100%,0,2,2,0,0,0,2
0x9712ac,100%,0,5,5,0,0,0,5
0x8d24a0,100%,0,2,2,0,0,0,2
0x63f335,100%,0,2,2,0,0,0,2
0x8ef063,100%,0,84,84,0,0,0,84
0xa64cd8,100%,0,4,4,0,0,0,4
0x69768f,100%,0,28,28,0,0,0,28
0xa96d44,100%,0,21,21,0,0,0,21
0x83423d,100%,0,272,272,0,0,0,272
0x94ac9f,100%,0,56,56,0,0,0,56
0x5510b9,100%,0,6,6,0,0,0,6
0xa4cf29,100%,0,8,8,8,0,0,0
0x4acfb9,100%,0,4,4,4,0,0,0
0x7b00c4,100%,0,8,8,0,0,0,8
0x597115,100%,0,48,48,0,0,0,48
0xa558e4,100%,0,2,2,0,0,0,2
0x8f4b18,100%,0,6,6,6,0,0,0
0x8ee4bd,100%,0,42,42,0,0,0,42
0xa55890,100%,0,4,4,0,0,0,4
0x7b00db,100%,0,8,8,0,0,0,8
0x900a07,100%,0,438,438,0,0,0,438
0xa55b27,100%,0,6,6,0,0,0,6
0x6196cb,100%,0,75,75,0,0,0,75
0x8ee56a,100%,0,42,42,42,0,0,0
0xa41fd2,100%,0,289,289,0,0,0,289
0x90e60d,100%,0,603,603,0,0,0,603
0x7c79aa,100%,0,32,32,0,0,0,32
0xa8abb2,100%,0,175,175,0,0,0,175
0x78998a,100%,0,2,2,0,0,0,2
0x808a6e,100%,0,9,9,0,0,0,9
0x49b09c,100%,0,277,277,0,0,0,277
0x58c5fa,100%,0,1,1,1,0,0,0
0xa55151,100%,0,8,8,0,0,0,8
0x622ec5,100%,0,5,5,5,0,0,0
0x50b791,100%,0,4,4,0,0,0,4
0xa54534,100%,0,2,2,0,0,0,2
0x833bb5,100%,0,4,4,4,0,0,0
0xa428ba,100%,0,175,175,175,0,0,0
0x49ff5a,100%,0,601,601,601,0,0,0
0x4a9d16,100%,0,23,23,0,0,0,23
0x547c79,100%,0,154,154,0,0,0,154
0xa4a1f5,100%,0,60,60,0,0,0,60
0x59efe7,100%,0,8,8,4,0,0,4
0xa53224,100%,0,2,2,0,0,0,2
0x8e7264,100%,0,331,331,331,0,0,0
0x9ec491,100%,0,5,5,0,0,0,5
0xa531ae,100%,0,8,8,8,0,0,0
0xa33978,100%,0,554,554,0,0,0,554
0x8f1295,100%,0,40,40,0,0,0,40
0x817213,100%,0,157,157,0,0,0,157
0x8dc39a,100%,0,4,4,0,0,0,4
0x8f1307,100%,0,40,40,0,0,0,40
0x906877,100%,0,79,79,79,0,0,0
0x503937,100%,0,46,46,46,0,0,0
0x8de8c3,100%,0,200,200,200,0,0,0
0x8f6e1b,100%,0,64,64,64,0,0,0
0xa91f1f,100%,0,4,4,0,0,0,4
0xa91edf,100%,0,4,4,0,0,0,4
0xa5aa9e,100%,0,3,3,0,0,0,3
0x670514,100%,0,1,1,0,0,0,1
0x970f97,100%,0,7,7,0,0,0,7
0x9e0273,100%,0,18,18,0,0,0,18
0x8198e0,100%,0,827,827,0,0,0,827
0x8d24b3,100%,0,2,2,2,0,0,0
0x4b5f0c,100%,0,4,4,0,0,0,4
0x903ff7,100%,0,164,164,0,0,0,164
0x900a0b,100%,0,438,438,438,0,0,0
0x5be815,100%,0,21,21,21,0,0,0
0x8ef273,100%,0,48,48,0,0,0,48
0xa3e302,100%,0,8,8,0,0,0,8
0x4a97cc,100%,0,4,4,4,0,0,0
0xa5465b,100%,0,2,2,0,0,0,2
0x9439c5,100%,0,2,2,2,0,0,0
0x98b3e4,100%,0,53,53,0,0,0,53
0xa545ea,100%,0,6,6,6,0,0,0
0x4be5f0,100%,0,7,7,7,0,0,0
0x8091b7,100%,0,223,223,223,0,0,0
0x8f0b03,100%,0,42,42,42,0,0,0
0x81ca53,100%,0,172,172,0,0,0,172
0x505a75,100%,0,4,4,0,0,0,4
0x63baea,100%,0,1306,1306,1306,0,0,0
0xa4707f,100%,0,22,22,0,0,0,22
0x7c7f2d,100%,0,4,4,0,0,0,4
0x8fdd5a,100%,0,8,8,8,0,0,0
0x7b0179,100%,0,6,6,0,0,0,6
0x505a81,100%,0,4,4,4,0,0,0
0x88df7d,100%,0,6,6,0,0,0,6
0x6d9a3a,100%,0,8,8,8,0,0,0
0x5d90d7,100%,0,147,147,0,0,0,147
0x9c4e17,100%,0,5,5,1,0,0,4
0x95a24d,100%,0,4,4,0,0,0,4
0x63bb8f,100%,0,1303,1303,0,0,0,1303
0x88df71,100%,0,6,6,0,0,0,6
0x7ce568,100%,0,12,12,0,0,0,12
0x409b74,100%,0,22,22,0,0,0,22
0x80e0cd,100%,0,4,4,4,0,0,0
0x9fc8ae,100%,0,7,7,7,0,0,0
0x63b574,100%,0,1306,1306,1306,0,0,0
0x9c4df7,100%,0,2,2,0,0,0,2
0x63b53e,100%,0,1306,1306,0,0,0,1306
0xa06049,100%,0,4,4,0,0,0,4
0x9c4dc5,100%,0,2,2,0,0,0,2
0x9c4db6,100%,0,2,2,0,0,0,2
0xa6634c,100%,0,9,9,0,0,0,9
0x9c4e40,100%,0,2,2,0,0,0,2
0x4b5f99,100%,0,4,4,0,0,0,4
0x8ee2ff,100%,0,45,45,0,0,0,45
0x6d9a86,100%,0,8,8,0,0,0,8
0x8c73a3,100%,0,413,413,413,0,0,0
0x9c4e70,100%,0,1,1,0,0,0,1
0x9c4ecf,100%,0,4,4,0,0,0,4
0x5a9693,100%,0,5,5,0,0,0,5
0x480f03,100%,0,19,19,19,0,0,0
0xa978fb,100%,0,10,10,10,0,0,0
0x9739b6,100%,0,40,40,0,0,0,40
0x4bbac9,100%,0,204,204,0,0,0,204
0x793081,100%,0,10,10,0,0,0,10
0x9739a5,100%,0,40,40,0,0,0,40
0x918aee,100%,0,200,200,0,0,0,200
0x63a987,100%,0,200,200,200,0,0,0
0x5faacc,100%,0,1,1,0,0,0,1
0x98d0bb,100%,0,7,7,0,0,0,7
0x48201f,100%,0,4,4,0,0,0,4
0x481e6b,100%,0,9,9,9,0,0,0
0x4b298e,100%,0,2,2,0,0,0,2
0x4ae54b,100%,0,2,2,2,0,0,0
0x49aedf,100%,0,39,39,0,0,0,39
0xa6613d,100%,0,113,113,0,0,0,113
0x5ae250,100%,0,66,66,0,0,0,66
0x619b9e,100%,0,20,20,20,0,0,0
0x5efb53,100%,0,5,5,0,0,0,5
0x48067e,100%,0,9,9,9,0,0,0
0x9bd40f,100%,0,12,12,12,0,0,0
0x480672,100%,0,9,9,0,0,0,9
0x555ef9,100%,0,2,2,0,0,0,2
0x984856,100%,0,4,4,0,0,0,4
0xa661bf,100%,0,27,27,0,0,0,27
0xa661d3,100%,0,27,27,27,0,0,0
0x6472f0,100%,0,5,5,0,0,0,5
0xa98d8e,100%,0,2,2,0,0,0,2
0x723521,100%,0,1446,1446,0,0,0,1446
0x53a50f,100%,0,2,2,0,0,0,2
0x72353b,100%,0,1446,1446,0,0,0,1446
0x54fc3a,100%,0,1,1,0,0,0,1
0x7235cf,100%,0,1446,1446,0,0,0,1446
0xa99949,100%,0,2,2,0,0,0,2
0x944eba,100%,0,8,8,0,0,0,8
0xa6624c,100%,0,27,27,27,0,0,0
0x9f636c,100%,0,3,3,3,0,0,0
0x9eee0e,100%,0,26,26,0,0,0,26
0x977d57,100%,0,143,143,0,0,0,143
0x9731c7,100%,0,42,42,0,0,0,42
0x5b27e1,100%,0,2,2,0,0,0,2
0x5b2827,100%,0,2,2,0,0,0,2
0xaa6424,100%,0,8,8,0,0,0,8
0x5b283b,100%,0,2,2,0,0,0,2
0x5b2878,100%,0,2,2,0,0,0,2
0x58ed44,100%,0,2,2,0,0,0,2
0x58ed88,100%,0,2,2,2,0,0,0
0x63f419,100%,0,2,2,0,0,0,2
0x5b5d46,100%,0,2,2,2,0,0,0
0x9731d4,100%,0,42,42,0,0,0,42
0x5ef883,100%,0,17,17,17,0,0,0
0x58edef,100%,0,2,2,0,0,0,2
0x980f8f,100%,0,8,8,0,0,0,8
0x8a34f8,100%,0,2,2,0,0,0,2
0x8efa2e,100%,0,192,192,0,0,0,192
0x491c93,100%,0,1,1,1,0,0,0
0x9a9ed4,100%,0,26,26,26,0,0,0
0x90c899,100%,0,78,78,0,0,0,78
0x979f34,100%,0,8,8,8,0,0,0
0x5b4a1a,100%,0,2,2,0,0,0,2
0x981060,100%,0,8,8,8,0,0,0
0xa2f152,100%,0,1,1,0,0,0,1
0x5b1bf0,100%,0,2,2,0,0,0,2
0x5b33fd,100%,0,2,2,2,0,0,0
0x63d4ed,100%,0,778,778,778,0,0,0
0x7c7716,100%,0,4,4,4,0,0,0
0x984388,100%,0,8,8,8,0,0,0
0xa1a1aa,100%,0,5,5,0,0,0,5
0x482e8b,100%,0,19,19,19,0,0,0
0x490cbe,100%,0,17,17,0,0,0,17
0x63c84d,100%,0,961,961,0,0,0,961
0x550edf,100%,0,49,49,0,0,0,49
0x5b292a,100%,0,2,2,0,0,0,2
0x97385b,100%,0,40,40,0,0,0,40
0x63bbfb,100%,0,961,961,0,0,0,961
0x98485f,100%,0,4,4,0,0,0,4
0x973781,100%,0,40,40,40,0,0,0
0x4b67ab,100%,0,11,11,0,0,0,11
0x984675,100%,0,95,95,0,0,0,95
0x58dd9f,100%,0,2,2,2,0,0,0
0x8325d9,100%,0,1,1,0,0,0,1
0x58dd34,100%,0,2,2,2,0,0,0
0x9c5032,100%,0,8,8,0,0,0,8
0x4024c5,100%,0,2,2,2,0,0,0
0xa21b7e,100%,0,2,2,0,0,0,2
0x984310,100%,0,8,8,0,0,0,8
0x969812,100%,0,72,72,0,0,0,72
0x58d17c,100%,0,2,2,0,0,0,2
0x404b2c,100%,0,120,120,0,0,0,120
0x9461f1,100%,0,19,19,19,0,0,0
0x980acc,100%,0,74,74,0,0,0,74
0xa2d2ef,100%,0,4,4,0,0,0,4
0x980ad9,100%,0,74,74,0,0,0,74
0x63dd6b,100%,0,961,961,961,0,0,0
0x6dcc38,100%,0,1,1,1,0,0,0
0x980b44,100%,0,74,74,74,0,0,0
0x8fe471,100%,0,6,6,6,0,0,0
0x58ee43,100%,0,2,2,0,0,0,2
0xa99d3b,100%,0,11,11,0,0,0,11
0x58ee2f,100%,0,2,2,2,0,0,0
0xa06a1d,100%,0,2,2,0,0,0,2
0x58ee06,100%,0,2,2,0,0,0,2
0x4929d9,100%,0,165,165,0,0,0,165
0x980f2a,100%,0,8,8,8,0,0,0
0x65a058,100%,0,253,253,0,0,0,253
0x5f4c92,100%,0,1,1,0,0,0,1
0x5f35a6,100%,0,7,7,7,0,0,0
0x5f50d8,100%,0,2,2,2,0,0,0
0x8f6e88,100%,0,561,561,0,0,0,561
0x593003,100%,0,1,1,0,0,0,1
0x5fa3d7,100%,0,221,221,0,0,0,221
0xa8e476,100%,0,1,1,0,0,0,1
0x4945f7,100%,0,2,2,0,0,0,2
0x6823a1,100%,0,34,34,0,0,0,34
0xa396f6,100%,0,14,14,0,0,0,14
0x8ea504,100%,0,8,8,8,0,0,0
0x5b2c2c,100%,0,2,2,0,0,0,2
0x8f7881,100%,0,157,157,157,0,0,0
0x90ab92,100%,0,27,27,0,0,0,27
0x8f77b3,100%,0,157,157,0,0,0,157
0xa8e3e4,100%,0,1,1,1,0,0,0
0x4948e2,100%,0,2,2,0,0,0,2
0xa9475f,100%,0,29,29,0,0,0,29
0x8f1baf,100%,0,134,134,134,0,0,0
0x5f4c81,100%,0,2,2,0,0,0,2
0xa8e4e2,100%,0,2,2,2,0,0,0
0x592e73,100%,0,2,2,0,0,0,2
0xa8e4ea,100%,0,1,1,0,0,0,1
0x4c59d8,100%,0,24,24,0,0,0,24
0x9fe837,100%,0,3,3,0,0,0,3
0x9a9f8c,100%,0,13,13,0,0,0,13
0xa9da86,100%,0,15,15,0,0,0,15
0x5f4f22,100%,0,1,1,0,0,0,1
0xa8e502,100%,0,1,1,0,0,0,1
0x60c65d,100%,0,4,4,0,0,0,4
0x5f4e99,100%,0,1,1,1,0,0,0
0x8aad9f,100%,0,5,5,0,0,0,5
0x8addfe,100%,0,2,2,0,0,0,2
0xa1d4f4,100%,0,5,5,5,0,0,0
0xa1ab2f,100%,0,9,9,9,0,0,0
0x809338,100%,0,2,2,0,0,0,2
0xa095d7,100%,0,5,5,0,0,0,5
0x494a5b,100%,0,2,2,2,0,0,0
0x494a4f,100%,0,2,2,0,0,0,2
0x80aeab,100%,0,33,33,0,0,0,33
0x7c20f1,100%,0,12,12,12,0,0,0
0x99a047,100%,0,5,5,5,0,0,0
0x4949ec,100%,0,2,2,0,0,0,2
0x998971,100%,0,4,4,0,0,0,4
0x9191aa,100%,0,200,200,200,0,0,0
0x48c60e,100%,0,3,3,0,0,0,3
0x48c7ed,100%,0,2,2,2,0,0,0
0x8ade70,100%,0,2,2,2,0,0,0
0x60c3a9,100%,0,5,5,5,0,0,0
0x48bd96,100%,0,1,1,1,0,0,0
0x63d7d6,100%,0,3,3,3,0,0,0
0x48bccd,100%,0,1,1,1,0,0,0
0x7b8b94,100%,0,1,1,0,0,0,1
0xa21c2e,100%,0,2,2,0,0,0,2
0xa5c493,100%,0,50,50,0,0,0,50
0x60c42e,100%,0,5,5,0,0,0,5
0x48bc60,100%,0,1,1,1,0,0,0
0xa8e3a8,100%,0,1,1,0,0,0,1
0x48ba5b,100%,0,2,2,2,0,0,0
0x815e87,100%,0,9,9,9,0,0,0
0xa2f21c,100%,0,1,1,0,0,0,1
0xa8e3c2,100%,0,1,1,0,0,0,1
0x49492e,100%,0,123,123,0,0,0,123
0x8fe8e9,100%,0,1,1,0,0,0,1
0x495aba,100%,0,1,1,0,0,0,1
0x5fa7ee,100%,0,69,69,0,0,0,69
0xa7c781,100%,0,5,5,5,0,0,0
0x5f391b,100%,0,3,3,0,0,0,3
0x481c6d,100%,0,1,1,1,0,0,0
0xa7b40f,100%,0,1,1,0,0,0,1
0x944fb4,100%,0,9,9,0,0,0,9
0x492d99,100%,0,2,2,0,0,0,2
0x495a9d,100%,0,1,1,1,0,0,0
0x481d41,100%,0,2,2,0,0,0,2
0x956009,100%,0,1,1,1,0,0,0
0xa042de,100%,0,2,2,0,0,0,2
0x95603a,100%,0,1,1,0,0,0,1
0x53406a,100%,0,2,2,0,0,0,2
0xa85431,100%,0,5,5,0,0,0,5
0x9eb06a,100%,0,109,109,0,0,0,109
0x956049,100%,0,1,1,0,0,0,1
0x95605d,100%,0,1,1,1,0,0,0
0x5efdfe,100%,0,1,1,1,0,0,0
0x5efdf8,100%,0,1,1,0,0,0,1
0x4c711e,100%,0,18,18,0,0,0,18
0x808188,100%,0,27,27,0,0,0,27
0xa8e5cf,100%,0,1,1,0,0,0,1
0xa8e604,100%,0,1,1,0,0,0,1
0xa4eec3,100%,0,22,22,0,0,0,22
0x5af7a4,100%,0,53,53,0,0,0,53
0x9a0fa4,100%,0,6,6,0,0,0,6
0x9a9a66,100%,0,546,546,0,0,0,546
0x5abdf6,100%,0,9,9,9,0,0,0
0x482393,100%,0,9,9,9,0,0,0
0x806927,100%,0,24,24,0,0,0,24
0x5e211a,100%,0,3,3,3,0,0,0
0xa660ce,100%,0,83,83,0,0,0,83
0x9a7a57,100%,0,131,131,0,0,0,131
0x9a7ad9,100%,0,87,87,0,0,0,87
0xa36c77,100%,0,2,2,0,0,0,2
0x5f4e55,100%,0,1,1,1,0,0,0
0xa48cbd,100%,0,167,167,0,0,0,167
0x8e5a24,100%,0,208,208,0,0,0,208
0x8aadfc,100%,0,5,5,5,0,0,0
0x5f45c8,100%,0,2,2,0,0,0,2
0x808e41,100%,0,5,5,5,0,0,0
0x8aae12,100%,0,5,5,0,0,0,5
0x9a9f6e,100%,0,111,111,0,0,0,111
0x9a9d87,100%,0,124,124,0,0,0,124
0x8aae19,100%,0,5,5,0,0,0,5
0x54c660,100%,0,3,3,3,0,0,0
0x8d467d,100%,0,10,10,10,0,0,0
0x6387c6,100%,0,11,11,11,0,0,0
0x98490a,100%,0,12,12,0,0,0,12
0x5ef756,100%,0,1,1,0,0,0,1
0xa8e530,100%,0,5,5,0,0,0,5
0xa853d7,100%,0,5,5,0,0,0,5
0x5ef716,100%,0,1,1,1,0,0,0
0xaaaadd,100%,0,1,1,1,0,0,0
0xaaaab7,100%,0,1,1,0,0,0,1
0xaaaae7,100%,0,21,21,21,0,0,0
0xaaaa66,100%,0,1,1,0,0,0,1
0x50340b,100%,0,2,2,2,0,0,0
0x488e5c,100%,0,156,156,0,0,0,156
0x556e6e,100%,0,105,105,105,0,0,0
0x95609f,100%,0,1,1,1,0,0,0
0xa55dd5,100%,0,8,8,0,0,0,8
0x95607e,100%,0,1,1,0,0,0,1
0xa853e4,100%,0,5,5,5,0,0,0
0x486ef2,100%,0,2,2,0,0,0,2
0x6a3a4f,100%,0,64,64,0,0,0,64
0x99f1fa,100%,0,20,20,0,0,0,20
0xa7bee1,100%,0,5,5,0,0,0,5
0x99f200,100%,0,20,20,20,0,0,0
0x4960a4,100%,0,12,12,12,0,0,0
0x511000,100%,0,142,142,142,0,0,0
0xa02de4,100%,0,107,107,107,0,0,0
0x496133,100%,0,3,3,0,0,0,3
0x99f1df,100%,0,20,20,0,0,0,20
0x58cd39,100%,0,51,51,0,0,0,51
0x8bf1a8,100%,0,2,2,2,0,0,0
0x9f4865,100%,0,4,4,0,0,0,4
0x4961b0,100%,0,12,12,12,0,0,0
0x908d82,100%,0,554,554,0,0,0,554
0xa54eaf,100%,0,61,61,61,0,0,0
0x80512e,100%,0,2,2,0,0,0,2
0xa6c5e0,100%,0,83,83,83,0,0,0
0x67f33b,100%,0,126,126,0,0,0,126
0x4a8723,100%,0,2,2,2,0,0,0
0x9814d6,100%,0,29,29,0,0,0,29
0x9814de,100%,0,29,29,0,0,0,29
0x8434c7,100%,0,4,4,0,0,0,4
0x6a3aa7,100%,0,26,26,26,0,0,0
0x6f44fb,100%,0,28,28,0,0,0,28
0xa6c66f,100%,0,43,43,0,0,0,43
0x6d04e3,100%,0,50,50,0,0,0,50
0xa6c683,100%,0,43,43,0,0,0,43
0x90dc99,100%,0,30,30,0,0,0,30
0xad6e47,100%,0,2,2,0,0,0,2
0x90e198,100%,0,603,603,0,0,0,603
0xa6c68e,100%,0,43,43,0,0,0,43
0xa6c6b4,100%,0,43,43,0,0,0,43
0xa2e2a4,100%,0,64,64,0,0,0,64
0x494595,100%,0,2,2,0,0,0,2
0x494e4d,100%,0,1,1,0,0,0,1
0x889ffb,100%,0,22,22,0,0,0,22
0x889ff1,100%,0,22,22,0,0,0,22
0x9850e9,100%,0,4,4,0,0,0,4
0x985125,100%,0,4,4,0,0,0,4
0x8c8acb,100%,0,80,80,0,0,0,80
0x889f80,100%,0,17,17,0,0,0,17
0x88a22c,100%,0,39,39,0,0,0,39
0x9c7543,100%,0,1,1,1,0,0,0
0x8878c4,100%,0,1,1,0,0,0,1
0xa89552,100%,0,83,83,0,0,0,83
0x9e60ee,100%,0,7,7,7,0,0,0
0xa8955a,100%,0,83,83,0,0,0,83
0xa8a6ce,100%,0,83,83,0,0,0,83
0xa52e66,100%,0,9,9,0,0,0,9
0xa8a6d7,100%,0,83,83,0,0,0,83
0xa94cb2,100%,0,4,4,0,0,0,4
0xa0734f,100%,0,9,9,0,0,0,9
0x80ca78,100%,0,282,282,0,0,0,282
0x8e9630,100%,0,2,2,0,0,0,2
0x5b61b3,100%,0,1,1,0,0,0,1
0x5b1017,100%,0,9,9,9,0,0,0
0xa8a78a,100%,0,83,83,0,0,0,83
0x5b613c,100%,0,1,1,0,0,0,1
0xa72613,100%,0,175,175,175,0,0,0
0x638f91,100%,0,338,338,338,0,0,0
0xa8a7db,100%,0,175,175,0,0,0,175
0x5b60ca,100%,0,1,1,0,0,0,1
0x5b60b9,100%,0,1,1,0,0,0,1
0x908cad,100%,0,554,554,0,0,0,554
0x679115,100%,0,61,61,0,0,0,61
0x980821,100%,0,11,11,0,0,0,11
0x6a3b66,100%,0,26,26,26,0,0,0
0x9814b4,100%,0,18,18,0,0,0,18
0x6a3b08,100%,0,26,26,0,0,0,26
0xa58c74,100%,0,29,29,29,0,0,0
0x44194e,100%,0,11,11,0,0,0,11
0x9e88cc,100%,0,30,30,30,0,0,0
0x9e0265,100%,0,18,18,0,0,0,18
0x482710,100%,0,19,19,19,0,0,0
0x482be7,100%,0,19,19,19,0,0,0
0x8886a6,100%,0,22,22,22,0,0,0
0x482c16,100%,0,19,19,19,0,0,0
0x9e01b1,100%,0,28,28,0,0,0,28
0x6a3ac7,100%,0,38,38,0,0,0,38
0x63bbb9,100%,0,3,3,0,0,0,3
0x9ec01a,100%,0,10,10,10,0,0,0
0x6d4b8e,100%,0,16,16,0,0,0,16
0x98082a,100%,0,11,11,0,0,0,11
0x4826ff,100%,0,19,19,0,0,0,19
0x6f4611,100%,0,6,6,0,0,0,6
0x6f461e,100%,0,6,6,0,0,0,6
0x6d0515,100%,0,29,29,29,0,0,0
0x90e278,100%,0,160,160,0,0,0,160
0x90e27f,100%,0,160,160,160,0,0,0
0x90e2bb,100%,0,160,160,0,0,0,160
0x9116d1,100%,0,171,171,0,0,0,171
0x88dede,100%,0,2,2,0,0,0,2
0x590616,100%,0,19,19,19,0,0,0
0xa1b04c,100%,0,1,1,0,0,0,1
0x591502,100%,0,19,19,19,0,0,0
0x9d1044,100%,0,8,8,0,0,0,8
0x9d1063,100%,0,8,8,8,0,0,0
0x59c2ef,100%,0,7,7,0,0,0,7
0xa45e95,100%,0,64,64,0,0,0,64
0x9eaaa9,100%,0,2,2,0,0,0,2
0xa6c6f0,100%,0,27,27,0,0,0,27
0x90e347,100%,0,67,67,0,0,0,67
0x686820,100%,0,159,159,0,0,0,159
0xa6c712,100%,0,27,27,0,0,0,27
0x90e4a4,100%,0,603,603,0,0,0,603
0x5f0f8b,100%,0,34,34,0,0,0,34
0x9f7d8a,100%,0,9,9,0,0,0,9
0xa6cb16,100%,0,27,27,0,0,0,27
0xa8ab5f,100%,0,83,83,0,0,0,83
0xa8abb9,100%,0,175,175,175,0,0,0
0xb49908,100%,0,2,2,0,0,0,2
0x60be0c,100%,0,10,10,0,0,0,10
0x99cf17,100%,0,9,9,0,0,0,9
0xad6c5a,100%,0,2,2,0,0,0,2
0x9e21ea,100%,0,104,104,0,0,0,104
0xa7a1b2,100%,0,175,175,175,0,0,0
0x90e83a,100%,0,30,30,0,0,0,30
0x5ff24e,100%,0,117,117,0,0,0,117
0x59c432,100%,0,23,23,0,0,0,23
0x90a792,100%,0,153,153,0,0,0,153
0xa3491d,100%,0,454,454,454,0,0,0
0x80bb0a,100%,0,5,5,0,0,0,5
0x59c3da,100%,0,23,23,23,0,0,0
0x5d8b9f,100%,0,137,137,0,0,0,137
0x4b5fc3,100%,0,110,110,0,0,0,110
0x951cd1,100%,0,637,637,0,0,0,637
0xa7a1f7,100%,0,175,175,0,0,0,175
0x592ca4,100%,0,36,36,0,0,0,36
0x482e7e,100%,0,19,19,19,0,0,0
0x5b1c0d,100%,0,2,2,2,0,0,0
0x493f54,100%,0,2,2,0,0,0,2
0x9c438d,100%,0,2,2,0,0,0,2
0x551031,100%,0,15,15,0,0,0,15
0x5f53ea,100%,0,12,12,0,0,0,12
0x722a5f,100%,0,81,81,0,0,0,81
0x88e53b,100%,0,39,39,39,0,0,0
0x58e2fa,100%,0,75,75,75,0,0,0
0x494017,100%,0,2,2,0,0,0,2
0x493ea4,100%,0,2,2,2,0,0,0
0x4b5f56,100%,0,8,8,0,0,0,8
0x5b34dc,100%,0,5,5,0,0,0,5
0x54cf1f,100%,0,3,3,3,0,0,0
0x4c73ab,100%,0,18,18,18,0,0,0
0x9776df,100%,0,1376,1376,0,0,0,1376
0x90f89f,100%,0,2,2,2,0,0,0
0x981dae,100%,0,4,4,4,0,0,0
0x70c279,100%,0,6,6,0,0,0,6
0x9fbf97,100%,0,306,306,0,0,0,306
0x983dc3,100%,0,16,16,16,0,0,0
0xa4724b,100%,0,167,167,0,0,0,167
0x592d48,100%,0,18,18,18,0,0,0
0x606f1a,100%,0,10,10,0,0,0,10
0x9452d6,100%,0,13,13,13,0,0,0
0x983f17,100%,0,8,8,0,0,0,8
0x8a23ff,100%,0,2,2,0,0,0,2
0x54d024,100%,0,4,4,0,0,0,4
0x63aea7,100%,0,241,241,241,0,0,0
0xa96921,100%,0,149,149,149,0,0,0
0x983f2e,100%,0,8,8,0,0,0,8
0x5f89d6,100%,0,8,8,0,0,0,8
0x9bc764,100%,0,21,21,21,0,0,0
0x983fa8,100%,0,8,8,0,0,0,8
0x6f54df,100%,0,522,522,0,0,0,522
0x78ab67,100%,0,72,72,0,0,0,72
0x490d7f,100%,0,6,6,6,0,0,0
0x490d32,100%,0,6,6,6,0,0,0
0x4a659b,100%,0,3,3,0,0,0,3
0x505a67,100%,0,4,4,0,0,0,4
0x9eee5e,100%,0,26,26,0,0,0,26
0x50d93b,100%,0,26,26,0,0,0,26
0x9aadc8,100%,0,79,79,0,0,0,79
0x490bfc,100%,0,6,6,0,0,0,6
0x984929,100%,0,4,4,0,0,0,4
0xa69e1d,100%,0,4,4,0,0,0,4
0x5b0190,100%,0,21,21,0,0,0,21
0x5b0187,100%,0,21,21,0,0,0,21
0xa5ce4c,100%,0,126,126,0,0,0,126
0x5afee4,100%,0,21,21,21,0,0,0
0x9bc758,100%,0,21,21,0,0,0,21
0x5afe97,100%,0,21,21,0,0,0,21
0x5afe86,100%,0,21,21,0,0,0,21
0x983b2a,100%,0,92,92,0,0,0,92
0x983b33,100%,0,92,92,0,0,0,92
0x9812fe,100%,0,80,80,0,0,0,80
0x6f5515,100%,0,40,40,40,0,0,0
0x5afe4c,100%,0,21,21,21,0,0,0
0x5f405d,100%,0,4,4,0,0,0,4
0x5afe40,100%,0,21,21,0,0,0,21
0x97703d,100%,0,8,8,0,0,0,8
0x97b75b,100%,0,35,35,35,0,0,0
0x5afd0d,100%,0,25,25,0,0,0,25
0x70c187,100%,0,6,6,0,0,0,6
0x78e057,100%,0,43,43,0,0,0,43
0x97772f,100%,0,882,882,0,0,0,882
0xa43f67,100%,0,64,64,64,0,0,0
0x6ccfbc,100%,0,6,6,0,0,0,6
0x9bc6d5,100%,0,127,127,0,0,0,127
0xa584a1,100%,0,10,10,0,0,0,10
0x9bc692,100%,0,2,2,0,0,0,2
0x6ccfcb,100%,0,6,6,0,0,0,6
0x441a66,100%,0,11,11,0,0,0,11
0x98c733,100%,0,36,36,0,0,0,36
0x9bc5f2,100%,0,2,2,2,0,0,0
0x6ccfec,100%,0,6,6,0,0,0,6
0x9c51dc,100%,0,8,8,0,0,0,8
0x4828ba,100%,0,9,9,0,0,0,9
0x722e4b,100%,0,22,22,0,0,0,22
0x9ec171,100%,0,56,56,56,0,0,0
0x8fce4b,100%,0,215,215,0,0,0,215
0x9c532d,100%,0,4,4,0,0,0,4
0x9a80b1,100%,0,90,90,0,0,0,90
0x4bbf55,100%,0,56,56,0,0,0,56
0x99f307,100%,0,127,127,127,0,0,0
0x5d8919,100%,0,30,30,0,0,0,30
0x5d88a0,100%,0,30,30,0,0,0,30
0x9c535b,100%,0,4,4,0,0,0,4
0x88a189,100%,0,22,22,0,0,0,22
0x64f3a6,100%,0,22,22,22,0,0,0
0x5d871e,100%,0,30,30,0,0,0,30
0x68a9b3,100%,0,1,1,0,0,0,1
0x481c92,100%,0,9,9,9,0,0,0
0x6f555f,100%,0,309,309,309,0,0,0
0x9c549e,100%,0,4,4,4,0,0,0
0x9850ae,100%,0,4,4,0,0,0,4
0x99aa39,100%,0,102,102,0,0,0,102
0x404976,100%,0,9,9,0,0,0,9
0x5a0349,100%,0,5,5,0,0,0,5
0x99ed34,100%,0,15,15,13,0,0,2
0x63d256,100%,0,23,23,23,0,0,0
0x90d03a,100%,0,163,163,0,0,0,163
0x4b6985,100%,0,115,115,0,0,0,115
0x8bf154,100%,0,2,2,0,0,0,2
0x80faca,100%,0,2,2,0,0,0,2
0x697967,100%,0,56,56,0,0,0,56
0x5a039a,100%,0,5,5,5,0,0,0
0x918e37,100%,0,200,200,200,0,0,0
0x983fcf,100%,0,8,8,0,0,0,8
0x533a5a,100%,0,9,9,0,0,0,9
0xa561f5,100%,0,419,419,0,0,0,419
0x908b27,100%,0,961,961,961,0,0,0
0x506f2a,100%,0,20,20,20,0,0,0
0x98403d,100%,0,12,12,0,0,0,12
0xa1d4c3,100%,0,5,5,5,0,0,0
0x90fd9f,100%,0,16,16,16,0,0,0
0x4850bc,100%,0,45,45,45,0,0,0
0x9f12f3,100%,0,10,10,0,0,0,10
0x9bd3af,100%,0,12,12,0,0,0,12
0x980794,100%,0,11,11,11,0,0,0
0x5b5daa,100%,0,4,4,0,0,0,4
0x496257,100%,0,6,6,0,0,0,6
0x4bf2eb,100%,0,30,30,30,0,0,0
0x682269,100%,0,34,34,34,0,0,0
0x682360,100%,0,34,34,0,0,0,34
0x682371,100%,0,34,34,0,0,0,34
0x9c5100,100%,0,8,8,0,0,0,8
0x9a274d,100%,0,15,15,0,0,0,15
0x9c517c,100%,0,4,4,0,0,0,4
0x6ccfab,100%,0,6,6,0,0,0,6
0x4ac8aa,100%,0,15,15,0,0,0,15
0x600127,100%,0,27,27,27,0,0,0
0x8dba9d,100%,0,8,8,8,0,0,0
0x4b5f41,100%,0,4,4,0,0,0,4
0x4b68fa,100%,0,49,49,0,0,0,49
0x8dba66,100%,0,8,8,8,0,0,0
0x7e1cb0,100%,0,2,2,0,0,0,2
0x8a5c3f,100%,0,2,2,2,0,0,0
0x8f4c1f,100%,0,40,40,0,0,0,40
0x8ad5ff,100%,0,2,2,0,0,0,2
0xa98174,100%,0,2,2,0,0,0,2
0x8aea2f,100%,0,217,217,217,0,0,0
0x8f4c13,100%,0,40,40,0,0,0,40
0x485831,100%,0,12,12,0,0,0,12
0x5576db,100%,0,444,444,0,0,0,444
0x5f890d,100%,0,8,8,0,0,0,8
0x88e620,100%,0,25,25,0,0,0,25
0x54fcbc,100%,0,1,1,0,0,0,1
0x8dec87,100%,0,6,6,0,0,0,6
0x4914de,100%,0,1,1,0,0,0,1
0x50e7cd,100%,0,43,43,0,0,0,43
0x610220,100%,0,33,33,33,0,0,0
0xa8a873,100%,0,83,83,0,0,0,83
0x4c4dd6,100%,0,2,2,2,0,0,0
0x7f37a2,100%,0,15,15,0,0,0,15
0x8f49bf,100%,0,6,6,0,0,0,6
0xa340ac,100%,0,25,25,25,0,0,0
0x50e52e,100%,0,97,97,0,0,0,97
0x9a1c18,100%,0,203,203,0,0,0,203
0x49146d,100%,0,158,158,0,0,0,158
0x80aeda,100%,0,1,1,0,0,0,1
0x8f4b8c,100%,0,6,6,0,0,0,6
0x48719c,100%,0,2,2,0,0,0,2
0xa963a8,100%,0,2,2,0,0,0,2
0x90eba9,100%,0,200,200,200,0,0,0
0x5d0813,100%,0,8,8,8,0,0,0
0x9fe5a9,100%,0,94,94,94,0,0,0
0x8bdb63,100%,0,5,5,5,0,0,0
0x8c87f6,100%,0,4,4,0,0,0,4
0x9a288c,100%,0,15,15,0,0,0,15
0x8e3c3c,100%,0,8,8,8,0,0,0
0x50e403,100%,0,4,4,0,0,0,4
0x8aec56,100%,0,207,207,0,0,0,207
0x5bd6fc,100%,0,315,315,0,0,0,315
0x8f4544,100%,0,21,21,21,0,0,0
0xa96522,100%,0,4,4,0,0,0,4
0x50a9c2,100%,0,36,36,0,0,0,36
0x50c65b,100%,0,41,41,0,0,0,41
0x8bdcb3,100%,0,7,7,0,0,0,7
0x9fcd8f,100%,0,7,7,0,0,0,7
0x91792d,100%,0,200,200,200,0,0,0
0x8aeda4,100%,0,223,223,223,0,0,0
0x4c3858,100%,0,13,13,0,0,0,13
0x4a7696,100%,0,403,403,0,0,0,403
0x9f3904,100%,0,4,4,0,0,0,4
0x48f914,100%,0,47,47,0,0,0,47
0x64b528,100%,0,12,12,0,0,0,12
0xa15f3e,100%,0,12,12,0,0,0,12
0x50b118,100%,0,40,40,0,0,0,40
0x50b0a9,100%,0,42,42,0,0,0,42
0x6663ed,100%,0,2,2,0,0,0,2
0x8f56c2,100%,0,164,164,0,0,0,164
0xa3611f,100%,0,301,301,0,0,0,301
0x8ed952,100%,0,609,609,609,0,0,0
0x8ae92b,100%,0,7,7,0,0,0,7
0x90b30a,100%,0,131,131,0,0,0,131
0x5dade9,100%,0,4,4,4,0,0,0
0xa304a8,100%,0,623,623,0,0,0,623
0x9f83db,100%,0,2,2,0,0,0,2
0x55587f,100%,0,4,4,0,0,0,4
0x4c4ffa,100%,0,17,17,17,0,0,0
0x90bf5b,100%,0,119,119,119,0,0,0
0x90b342,100%,0,193,193,0,0,0,193
0x501b84,100%,0,778,778,0,0,0,778
0x998913,100%,0,1,1,0,0,0,1
0x9fcaa2,100%,0,25,25,25,0,0,0
0x7d423a,100%,0,1,1,0,0,0,1
0x90b2c7,100%,0,131,131,0,0,0,131
0x50a775,100%,0,51,51,0,0,0,51
0x8173b9,100%,0,92,92,0,0,0,92
0x9012b5,100%,0,1,1,0,0,0,1
0xa380e5,100%,0,5,5,0,0,0,5
0x8e2636,100%,0,5275,5275,0,0,0,5275
0x80a258,100%,0,4,4,4,0,0,0
0x67564c,100%,0,1,1,0,0,0,1
0x4a1e7e,100%,0,12,12,0,0,0,12
0x90a6d1,100%,0,44,44,44,0,0,0
0x8138c0,100%,0,115,115,0,0,0,115
0xa95683,100%,0,4,4,4,0,0,0
0x90ffc9,100%,0,680,680,680,0,0,0
0x50d6d4,100%,0,499,499,0,0,0,499
0x91002c,100%,0,680,680,0,0,0,680
0x50d351,100%,0,499,499,0,0,0,499
0x95b8b4,100%,0,4,4,4,0,0,0
0x4c7109,100%,0,18,18,0,0,0,18
0x490489,100%,0,3,3,0,0,0,3
0x4a1bd9,100%,0,1541,1541,0,0,0,1541
0x67553d,100%,0,2,2,0,0,0,2
0x7e079f,100%,0,20,20,0,0,0,20
0x8f45e3,100%,0,12,12,0,0,0,12
0x486d2a,100%,0,93,93,93,0,0,0
0x9a23d4,100%,0,17,17,0,0,0,17
0x814044,100%,0,252,252,252,0,0,0
0x6815f5,100%,0,6,6,0,0,0,6
0x8a8baf,100%,0,24,24,0,0,0,24
0x906a78,100%,0,358,358,358,0,0,0
0x8f504e,100%,0,12,12,12,0,0,0
0x486e0d,100%,0,2,2,0,0,0,2
0x8ad525,100%,0,2,2,2,0,0,0
0x8ad520,100%,0,2,2,0,0,0,2
0x78b6dc,100%,0,12,12,0,0,0,12
0x5f95ee,100%,0,8,8,0,0,0,8
0x99ec1a,100%,0,2,2,2,0,0,0
0x49ce10,100%,0,22,22,22,0,0,0
0x951ac5,100%,0,36,36,36,0,0,0
0x50291d,100%,0,97,97,97,0,0,0
0x666d13,100%,0,6,6,0,0,0,6
0x8c7e97,100%,0,881,881,879,0,0,2
0x5908a1,100%,0,2151,2151,0,0,0,2151
0x494b4c,100%,0,2,2,2,0,0,0
0x4a6215,100%,0,3,3,0,0,0,3
0x618555,100%,0,2,2,0,0,0,2
0xa2757f,100%,0,110,110,110,0,0,0
0x80b5d3,100%,0,1,1,1,0,0,0
0x5072f4,100%,0,136,136,136,0,0,0
0x90d4dd,100%,0,599,599,0,0,0,599
0x9f042b,100%,0,202,202,202,0,0,0
0x9a4938,100%,0,16,16,0,0,0,16
0x9f5ac0,100%,0,80,80,0,0,0,80
0xa91ec1,100%,0,4,4,0,0,0,4
0x50bede,100%,0,35,35,0,0,0,35
0x8be493,100%,0,18,18,0,0,0,18
0x8e1639,100%,0,32,32,0,0,0,32
0x508eac,100%,0,76,76,76,0,0,0
0x67a22d,100%,0,23,23,0,0,0,23
0x5091c6,100%,0,654,654,0,0,0,654
0x8dfdba,100%,0,32,32,0,0,0,32
0x507eee,100%,0,136,136,0,0,0,136
0x8ec896,100%,0,2,2,2,0,0,0
0x65bd34,100%,0,177,177,0,0,0,177
0x49c724,100%,0,457,457,0,0,0,457
0x951da4,100%,0,11,11,11,0,0,0
0x49c3b2,100%,0,6,6,6,0,0,0
0xa5f814,100%,0,136,136,0,0,0,136
0x8e0fa2,100%,0,16,16,0,0,0,16
0x50d9f9,100%,0,107,107,0,0,0,107
0x9f2183,100%,0,10,10,10,0,0,0
0xa35e5b,100%,0,14,14,0,0,0,14
0x502a9a,100%,0,24,24,24,0,0,0
0x49cb36,100%,0,6,6,6,0,0,0
0x8eb060,100%,0,6,6,0,0,0,6
0x488beb,100%,0,506,506,0,0,0,506
0x501f70,100%,0,131,131,131,0,0,0
0x4c9310,100%,0,4,4,4,0,0,0
0x50bd35,100%,0,18,18,18,0,0,0
0xa52a3e,100%,0,95,95,0,0,0,95
0x4bde46,100%,0,7,7,7,0,0,0
0x97115b,100%,0,10,10,0,0,0,10
0x8e0fac,100%,0,16,16,16,0,0,0
0x4c1e92,100%,0,69,69,69,0,0,0
0x50b903,100%,0,40,40,0,0,0,40
0x7c8398,100%,0,4,4,4,0,0,0
0x9816d8,100%,0,47,47,0,0,0,47
0x8db92e,100%,0,16,16,16,0,0,0
0x50e706,100%,0,20,20,20,0,0,0
0x639ae6,100%,0,200,200,0,0,0,200
0x9e78a9,100%,0,122,122,122,0,0,0
0xa5c702,100%,0,6,6,6,0,0,0
0x9f3a9c,100%,0,6,6,0,0,0,6
0xa06331,100%,0,2,2,0,0,0,2
0x50ce91,100%,0,31,31,31,0,0,0
0x40bd9b,100%,0,4,4,0,0,0,4
0x8deaa8,100%,0,128,128,0,0,0,128
0x9eedb4,100%,0,230,230,0,0,0,230
0xa97b51,100%,0,2,2,2,0,0,0
0x90ebda,100%,0,200,200,200,0,0,0
0x9e614a,100%,0,12,12,0,0,0,12
0x4beb26,100%,0,175,175,0,0,0,175
0xa05d84,100%,0,1,1,0,0,0,1
0x50584c,100%,0,81,81,81,0,0,0
0x4c4e66,100%,0,17,17,17,0,0,0
0x8d3fe8,100%,0,13,13,0,0,0,13
0xa3f09f,100%,0,8,8,8,0,0,0
0x80a1c5,100%,0,4,4,0,0,0,4
0x48d89b,100%,0,11,11,0,0,0,11
0x8e451c,100%,0,32,32,0,0,0,32
0xa5f8bd,100%,0,8,8,0,0,0,8
0xa5f8af,100%,0,8,8,0,0,0,8
0x67c9db,100%,0,162,162,0,0,0,162
0x8e4696,100%,0,16,16,0,0,0,16
0x4ab159,100%,0,6,6,0,0,0,6
0x60e3a3,100%,0,5,5,1,0,0,4
0x4bc869,100%,0,94,94,94,0,0,0
0x8d3b83,100%,0,2,2,2,0,0,0
0x4ab170,100%,0,6,6,0,0,0,6
0x81e580,100%,0,8,8,0,0,0,8
0xa91854,100%,0,14,14,14,0,0,0
0x65ba89,100%,0,68,68,0,0,0,68
0x63f2e9,100%,0,2,2,0,0,0,2
0x50a4c2,100%,0,14,14,14,0,0,0
0x50a4b6,100%,0,14,14,0,0,0,14
0x99cd9b,100%,0,9,9,9,0,0,0
0x9e5301,100%,0,12,12,12,0,0,0
0x8a75ad,100%,0,147,147,0,0,0,147
0x491977,100%,0,168,168,0,0,0,168
0x8ada56,100%,0,2,2,2,0,0,0
0x7808ab,100%,0,2,2,0,0,0,2
0x8f369f,100%,0,101,101,101,0,0,0
0x65ad58,100%,0,1,1,0,0,0,1
0x90f897,100%,0,2,2,0,0,0,2
0x504162,100%,0,62,62,0,0,0,62
0x63f298,100%,0,2,2,0,0,0,2
0x54c657,100%,0,3,3,0,0,0,3
0x8ad62f,100%,0,2,2,0,0,0,2
0x4c5452,100%,0,1,1,0,0,0,1
0x915830,100%,0,2,2,2,0,0,0
0x8a905d,100%,0,2,2,0,0,0,2
0xaac3e9,100%,0,4,4,0,0,0,4
0x4bc964,100%,0,12,12,0,0,0,12
0x951bd9,100%,0,9,9,0,0,0,9
0x951b72,100%,0,9,9,9,0,0,0
0x951b61,100%,0,9,9,0,0,0,9
0x8e9cd9,100%,0,5,5,0,0,0,5
0x9782c1,100%,0,19,19,0,0,0,19
0xa968ca,100%,0,168,168,168,0,0,0
0xa3ef2c,100%,0,8,8,0,0,0,8
0x8e6935,100%,0,148,148,148,0,0,0
0x5f061a,100%,0,122,122,0,0,0,122
0x505842,100%,0,81,81,0,0,0,81
0x4946a7,100%,0,2,2,2,0,0,0
0x8e16a7,100%,0,32,32,0,0,0,32
0x7c9d1f,100%,0,4,4,0,0,0,4
0x505800,100%,0,93,93,0,0,0,93
0x7c76fe,100%,0,4,4,0,0,0,4
0xa4b68b,100%,0,20,20,0,0,0,20
0x7c9e22,100%,0,4,4,0,0,0,4
0x9e298e,100%,0,719,719,0,0,0,719
0x6389a6,100%,0,1204,1204,1204,0,0,0
0x83381e,100%,0,4,4,0,0,0,4
0x8df1e0,100%,0,55,55,55,0,0,0
0x504370,100%,0,62,62,0,0,0,62
0xb37344,100%,0,14,14,0,0,0,14
0xa29d1d,100%,0,16,16,0,0,0,16
0xa5859c,100%,0,119,119,0,0,0,119
0x8daa0d,100%,0,200,200,200,0,0,0
0x8adc16,100%,0,89,89,0,0,0,89
0x610f4e,100%,0,2,2,0,0,0,2
0xa3bc07,100%,0,18,18,0,0,0,18
0x4ad850,100%,0,21,21,0,0,0,21
0xa294f9,100%,0,16,16,0,0,0,16
0x9597e9,100%,0,144,144,0,0,0,144
0x4a7250,100%,0,1,1,1,0,0,0
0x5f8a9a,100%,0,8,8,0,0,0,8
0x95b375,100%,0,4,4,0,0,0,4
0x9bc4a6,100%,0,2,2,0,0,0,2
0x8dacfb,100%,0,44,44,0,0,0,44
0xae705e,100%,0,1,1,0,0,0,1
0x63f257,100%,0,2,2,0,0,0,2
0x8a246d,100%,0,2,2,0,0,0,2
0x5dcebc,100%,0,133,133,0,0,0,133
0xa1af10,100%,0,44,44,0,0,0,44
0xa1ada6,100%,0,44,44,0,0,0,44
0x99f772,100%,0,13,13,0,0,0,13
0x4b3941,100%,0,4,4,0,0,0,4
0x9fe6c7,100%,0,40,40,0,0,0,40
0xa1ad72,100%,0,53,53,0,0,0,53
0x9f802c,100%,0,14,14,0,0,0,14
0x984184,100%,0,9,9,0,0,0,9
0x4ba345,100%,0,32,32,0,0,0,32
0x8f1fcc,100%,0,265,265,265,0,0,0
0xa1ac8a,100%,0,11,11,11,0,0,0
0xa1ac4e,100%,0,5,5,0,0,0,5
0x50eff8,100%,0,2,2,0,0,0,2
0x9ab5f6,100%,0,139,139,0,0,0,139
0x9d2929,100%,0,4,4,0,0,0,4
0x48dff4,100%,0,25,25,0,0,0,25
0x48e01d,100%,0,25,25,0,0,0,25
0xa1b009,100%,0,11,11,0,0,0,11
0x673d57,100%,0,19,19,0,0,0,19
0x9aad7c,100%,0,793,793,793,0,0,0
0x4ab20b,100%,0,5,5,0,0,0,5
0x99e115,100%,0,15,15,0,0,0,15
0xa1b031,100%,0,5,5,0,0,0,5
0xa51936,100%,0,17,17,0,0,0,17
0x48d056,100%,0,1,1,0,0,0,1
0x5f6c91,100%,0,15,15,0,0,0,15
0x8ee659,100%,0,42,42,0,0,0,42
0xa53658,100%,0,8,8,0,0,0,8
0x80ae9b,100%,0,33,33,0,0,0,33
0x81f503,100%,0,4,4,0,0,0,4
0x5f0db0,100%,0,5,5,0,0,0,5
0x5f0d8b,100%,0,5,5,0,0,0,5
0xa2aabe,100%,0,113,113,0,0,0,113
0x9aaefa,100%,0,45,45,0,0,0,45
0x5f0b92,100%,0,2,2,0,0,0,2
0x533ef8,100%,0,2,2,0,0,0,2
0x533e99,100%,0,2,2,2,0,0,0
0x670ad0,100%,0,2,2,2,0,0,0
0x81f431,100%,0,4,4,0,0,0,4
0x844427,100%,0,464,464,0,0,0,464
0x8443e6,100%,0,4,4,2,0,0,2
0x40293d,100%,0,312,312,0,0,0,312
0x9ab8aa,100%,0,255,255,255,0,0,0
0x4a5ad7,100%,0,21,21,0,0,0,21
0x9f876a,100%,0,3,3,0,0,0,3
0x9d03e8,100%,0,18,18,0,0,0,18
0xa58a74,100%,0,138,138,0,0,0,138
0x97ab1d,100%,0,18,18,0,0,0,18
0x8ed906,100%,0,189,189,0,0,0,189
0x5a969c,100%,0,5,5,0,0,0,5
0x9d2782,100%,0,1,1,1,0,0,0
0x9d098e,100%,0,51,51,0,0,0,51
0x9d28dc,100%,0,1,1,0,0,0,1
0x8f0a95,100%,0,609,609,0,0,0,609
0x48ed25,100%,0,25,25,25,0,0,0
0x7d41da,100%,0,1,1,0,0,0,1
0x9d2939,100%,0,5,5,5,0,0,0
0x48ecfb,100%,0,57,57,0,0,0,57
0xa470b8,100%,0,22,22,0,0,0,22
0x4b4eb8,100%,0,2,2,0,0,0,2
0x9ab2e3,100%,0,916,916,0,0,0,916
0x59c83f,100%,0,1,1,1,0,0,0
0xa45ba7,100%,0,609,609,0,0,0,609
0x99e8c0,100%,0,105,105,0,0,0,105
0xa098c7,100%,0,5,5,5,0,0,0
0x5f09d2,100%,0,296,296,296,0,0,0
0x4a04ac,100%,0,16,16,0,0,0,16
0x8ef476,100%,0,144,144,0,0,0,144
0x5f0d3c,100%,0,283,283,0,0,0,283
0xa1aab7,100%,0,5,5,0,0,0,5
0x4a9bd7,100%,0,10,10,0,0,0,10
0x8168dd,100%,0,23,23,23,0,0,0
0x547ee7,100%,0,545,545,0,0,0,545
0x5f09bf,100%,0,296,296,0,0,0,296
0xa097f2,100%,0,1,1,0,0,0,1
0x8a8f77,100%,0,140,140,0,0,0,140
0xa37049,100%,0,32,32,32,0,0,0
0xa5bfa4,100%,0,32,32,32,0,0,0
0x786a04,100%,0,6,6,4,0,0,2
0x8f6603,100%,0,355,355,0,0,0,355
0x5f109a,100%,0,306,306,306,0,0,0
0xa7bee7,100%,0,5,5,0,0,0,5
0xa1a29e,100%,0,9,9,9,0,0,0
0xa1a2b4,100%,0,9,9,0,0,0,9
0xa1a2c5,100%,0,9,9,0,0,0,9
0x8dfe6f,100%,0,260,260,0,0,0,260
0xa1a2d9,100%,0,9,9,9,0,0,0
0x547ae6,100%,0,11,11,0,0,0,11
0xa7238b,100%,0,4,4,0,0,0,4
0x4419f1,100%,0,11,11,0,0,0,11
0x5f0795,100%,0,2,2,2,0,0,0
0x4bd23b,100%,0,2,2,0,0,0,2
0xa1a38a,100%,0,9,9,0,0,0,9
0xa92c86,100%,0,8,8,8,0,0,0
0x7e2c0f,100%,0,2,2,2,0,0,0
0xa1d4aa,100%,0,5,5,0,0,0,5
0x494b82,100%,0,2,2,2,0,0,0
0x5f0a79,100%,0,3,3,0,0,0,3
0x8ecc37,100%,0,1,1,0,0,0,1
0x8c8e06,100%,0,8,8,8,0,0,0
0xa1d776,100%,0,2,2,2,0,0,0
0x5467d2,100%,0,2,2,0,0,0,2
0x783df1,100%,0,11,11,0,0,0,11
0x61a37a,100%,0,5,5,0,0,0,5
0x9d2ee6,100%,0,15,15,0,0,0,15
0x7e053c,100%,0,9,9,0,0,0,9
0x4877e7,100%,0,1,1,1,0,0,0
0x6750ed,100%,0,3,3,0,0,0,3
0xa1d7db,100%,0,2,2,0,0,0,2
0x9e3d6c,100%,0,174,174,174,0,0,0
0xa02cdf,100%,0,63,63,0,0,0,63
0x5f0acd,100%,0,1,1,0,0,0,1
0xa1b1c1,100%,0,5,5,5,0,0,0
0x97a414,100%,0,52,52,0,0,0,52
0x5deebc,100%,0,1,1,1,0,0,0
0x5575fc,100%,0,27,27,0,0,0,27
0x5f0a68,100%,0,3,3,0,0,0,3
0xa9d18e,100%,0,165,165,0,0,0,165
0x4878ec,100%,0,2,2,0,0,0,2
0x782723,100%,0,10,10,0,0,0,10
0x5f0640,100%,0,105,105,105,0,0,0
0x95b7c5,100%,0,4,4,4,0,0,0
0x9a9841,100%,0,10,10,10,0,0,0
0xa48b75,100%,0,167,167,0,0,0,167
0x9d0696,100%,0,34,34,0,0,0,34
0x5fa534,100%,0,54,54,0,0,0,54
0xa096a7,100%,0,1,1,0,0,0,1
0x8f683a,100%,0,140,140,0,0,0,140
0x9a9467,100%,0,2,2,2,0,0,0
0xa3eab7,100%,0,8,8,0,0,0,8
0x4a6439,100%,0,8,8,8,0,0,0
0x67d6bb,100%,0,706,706,706,0,0,0
0x816009,100%,0,9,9,0,0,0,9
0x817115,100%,0,2,2,0,0,0,2
0x5089d7,100%,0,4,4,0,0,0,4
0x67f0b8,100%,0,4269,4269,0,0,0,4269
0x67cbe5,100%,0,52,52,0,0,0,52
0x8d3c71,100%,0,522,522,0,0,0,522
0x8094f1,100%,0,2,2,0,0,0,2
0x9711ca,100%,0,5,5,0,0,0,5
0x67b89b,100%,0,158,158,158,0,0,0
0x4a6416,100%,0,8,8,0,0,0,8
0xa42bb6,100%,0,58,58,0,0,0,58
0x9ff670,100%,0,5,5,0,0,0,5
0xa592ea,100%,0,15,15,0,0,0,15
0x4bbc67,100%,0,121,121,121,0,0,0
0x69de07,100%,0,12,12,0,0,0,12
0x606bd1,100%,0,12,12,12,0,0,0
0xa8ab7a,100%,0,83,83,0,0,0,83
0x9fc568,100%,0,14,14,0,0,0,14
0x4bb959,100%,0,204,204,0,0,0,204
0x4b396d,100%,0,4,4,0,0,0,4
0x918d94,100%,0,200,200,0,0,0,200
0x81b72a,100%,0,19,19,19,0,0,0
0xa06176,100%,0,21,21,0,0,0,21
0x787e38,100%,0,66,66,0,0,0,66
0x619ec3,100%,0,5,5,0,0,0,5
0xa35fe4,100%,0,306,306,0,0,0,306
0x4a203b,100%,0,4,4,0,0,0,4
0xa06198,100%,0,21,21,0,0,0,21
0x81691c,100%,0,59,59,0,0,0,59
0x502147,100%,0,142,142,0,0,0,142
0x816cc2,100%,0,240,240,0,0,0,240
0x50c336,100%,0,1343,1343,1343,0,0,0
0x4c8ac8,100%,0,133,133,133,0,0,0
0x4a1b49,100%,0,23,23,0,0,0,23
0x481b04,100%,0,18,18,18,0,0,0
0x508bc1,100%,0,533,533,533,0,0,0
0x639c7b,100%,0,600,600,0,0,0,600
0x908654,100%,0,1611,1611,0,0,0,1611
0x6109fe,100%,0,13,13,0,0,0,13
0x97112a,100%,0,5,5,0,0,0,5
0xa33f3c,100%,0,109,109,0,0,0,109
0x64ba24,100%,0,1397,1397,0,0,0,1397
0x507f55,100%,0,740,740,0,0,0,740
0xa3418b,100%,0,94,94,0,0,0,94
0x63ede1,100%,0,1857,1857,0,0,0,1857
0x490ddf,100%,0,6,6,0,0,0,6
0xa2e8d9,100%,0,53,53,0,0,0,53
0xa9578a,100%,0,4,4,4,0,0,0
0x8f5bbe,100%,0,9,9,0,0,0,9
0x808bcc,100%,0,259,259,0,0,0,259
0xa920ec,100%,0,4,4,0,0,0,4
0x63ede9,100%,0,1857,1857,0,0,0,1857
0x8a34fd,100%,0,2,2,0,0,0,2
0x5037b2,100%,0,302,302,0,0,0,302
0x63ee06,100%,0,1857,1857,0,0,0,1857
0x804c21,100%,0,1,1,0,0,0,1
0x718093,100%,0,1,1,0,0,0,1
0x8fe391,100%,0,30,30,0,0,0,30
0x81589e,100%,0,9,9,9,0,0,0
0x69dd39,100%,0,12,12,0,0,0,12
0xa595b4,100%,0,202,202,0,0,0,202
0x50657c,100%,0,740,740,740,0,0,0
0x8ee0d3,100%,0,409,409,0,0,0,409
0x8edb13,100%,0,451,451,0,0,0,451
0xa2128b,100%,0,4,4,4,0,0,0
0x837f9a,100%,0,4,4,4,0,0,0
0x4aac74,100%,0,52,52,52,0,0,0
0x8db7a4,100%,0,224,224,224,0,0,0
0x4ba225,100%,0,215,215,0,0,0,215
0x8065bf,100%,0,24,24,0,0,0,24
0x5970c9,100%,0,483,483,0,0,0,483
0x9d25fa,100%,0,1,1,0,0,0,1
0x59c537,100%,0,89,89,0,0,0,89
0x9d2694,100%,0,28,28,0,0,0,28
0x60dff9,100%,0,9,9,9,0,0,0
0xa953d3,100%,0,4,4,0,0,0,4
0x533bfd,100%,0,9,9,0,0,0,9
0x9d1b48,100%,0,6,6,0,0,0,6
0x4c8b10,100%,0,133,133,0,0,0,133
0xaa23a4,100%,0,34,34,0,0,0,34
0x4416ce,100%,0,11,11,0,0,0,11
0xa997bb,100%,0,2,2,2,0,0,0
0x9ab735,100%,0,89,89,0,0,0,89
0xaa23b8,100%,0,34,34,0,0,0,34
0x546a6e,100%,0,38,38,0,0,0,38
0x546a52,100%,0,146,146,0,0,0,146
0x8ee1e2,100%,0,241,241,0,0,0,241
0x8db8a5,100%,0,66,66,0,0,0,66
0x9d0685,100%,0,34,34,0,0,0,34
0x80a3a9,100%,0,4,4,0,0,0,4
0x5f4b81,100%,0,7,7,7,0,0,0
0x8fcec2,100%,0,44,44,0,0,0,44
0x4bf0d5,100%,0,188,188,0,0,0,188
0x97a40f,100%,0,52,52,0,0,0,52
0xa2100a,100%,0,1,1,0,0,0,1
0x973716,100%,0,5,5,5,0,0,0
0xa05dff,100%,0,1,1,0,0,0,1
0xa05e6c,100%,0,6,6,6,0,0,0
0x8fcc90,100%,0,348,348,0,0,0,348
0xa05e8a,100%,0,1,1,0,0,0,1
0x5f6ca7,100%,0,15,15,0,0,0,15
0xa05eca,100%,0,1,1,0,0,0,1
0xa41597,100%,0,8,8,0,0,0,8
0xa03844,100%,0,5328,5328,0,0,0,5328
0xa05eec,100%,0,6,6,6,0,0,0
0xa05f0a,100%,0,1,1,1,0,0,0
0x405c5c,100%,0,24,24,24,0,0,0
0xa21bbe,100%,0,2,2,0,0,0,2
0xa21bcc,100%,0,2,2,1,0,0,1
0xa21004,100%,0,1,1,0,0,0,1
0x5914dd,100%,0,19,19,0,0,0,19
0x5f7f52,100%,0,7,7,7,0,0,0
0x8d2639,100%,0,56,56,0,0,0,56
0x441697,100%,0,11,11,0,0,0,11
0xa1d4ec,100%,0,5,5,0,0,0,5
0xa21143,100%,0,4,4,4,0,0,0
0x9613fb,100%,0,8,8,8,0,0,0
0xa21174,100%,0,4,4,4,0,0,0
0xa094e1,100%,0,4,4,0,0,0,4
0x4bc9f7,100%,0,12,12,12,0,0,0
0x4c281c,100%,0,1,1,1,0,0,0
0xa0950c,100%,0,12,12,0,0,0,12
0x4c63fd,100%,0,2,2,2,0,0,0
0x95a7a2,100%,0,4,4,0,0,0,4
0x7aca5d,100%,0,32,32,0,0,0,32
0x58c559,100%,0,12,12,0,0,0,12
0x9e21b9,100%,0,2,2,0,0,0,2
0xa92a09,100%,0,6,6,0,0,0,6
0x5bd814,100%,0,331,331,0,0,0,331
0xa030bc,100%,0,76,76,0,0,0,76
0x9bdbc7,100%,0,4,4,0,0,0,4
0x64c691,100%,0,119,119,0,0,0,119
0x9bdbd7,100%,0,4,4,4,0,0,0
0xa90309,100%,0,38,38,0,0,0,38
0xa9ff03,100%,0,3,3,0,0,0,3
0x838108,100%,0,5,5,0,0,0,5
0xa03003,100%,0,68,68,0,0,0,68
0x55921b,100%,0,4,4,4,0,0,0
0x80e866,100%,0,24,24,0,0,0,24
0x405e61,100%,0,24,24,0,0,0,24
0x8eb54b,100%,0,37,37,0,0,0,37
0xa02ff6,100%,0,68,68,0,0,0,68
0x5a94c7,100%,0,5,5,0,0,0,5
0xa5b273,100%,0,3,3,3,0,0,0
0x5a6071,100%,0,4,4,0,0,0,4
0xa039b5,100%,0,195,195,195,0,0,0
0x9bdb41,100%,0,4,4,4,0,0,0
0xa03ae4,100%,0,119,119,119,0,0,0
0x8d43b2,100%,0,1,1,1,0,0,0
0x5ef8d0,100%,0,17,17,0,0,0,17
0xb1c41a,100%,0,264,264,264,0,0,0
0x9bdb0b,100%,0,4,4,0,0,0,4
0x9bdacf,100%,0,4,4,4,0,0,0
0x9bd52e,100%,0,4,4,4,0,0,0
0x837a7d,100%,0,16,16,16,0,0,0
0x9bd4fb,100%,0,4,4,4,0,0,0
0xb1c951,100%,0,264,264,0,0,0,264
0x675622,100%,0,1,1,0,0,0,1
0xa6b98a,100%,0,4,4,0,0,0,4
0x4acb5a,100%,0,1,1,0,0,0,1
0x495a67,100%,0,41,41,0,0,0,41
0x64bfdc,100%,0,547,547,547,0,0,0
0x4958a8,100%,0,87,87,0,0,0,87
0x9745b6,100%,0,2,2,0,0,0,2
0x8fd6ea,100%,0,30,30,30,0,0,0
0xa01c14,100%,0,2,2,0,0,0,2
0x4936dc,100%,0,125,125,0,0,0,125
0x492ecf,100%,0,64,64,0,0,0,64
0x492d70,100%,0,65,65,0,0,0,65
0x9a1bef,100%,0,203,203,0,0,0,203
0x492d03,100%,0,72,72,72,0,0,0
0xa02ec2,100%,0,2,2,0,0,0,2
0x64ce6c,100%,0,538,538,0,0,0,538
0xa02f73,100%,0,2,2,0,0,0,2
0x492ba9,100%,0,2,2,0,0,0,2
0x9bd4be,100%,0,4,4,4,0,0,0
0x5bd77f,100%,0,119,119,0,0,0,119
0xad0537,100%,0,2,2,0,0,0,2
0x9bde2b,100%,0,2,2,0,0,0,2
0x49535c,100%,0,1,1,0,0,0,1
0x9bddf7,100%,0,2,2,0,0,0,2
0x5bd6dd,100%,0,331,331,331,0,0,0
0x9bdddd,100%,0,2,2,0,0,0,2
0x4b6d9f,100%,0,28,28,0,0,0,28
0x4b9a9e,100%,0,4,4,0,0,0,4
0x607056,100%,0,20,20,0,0,0,20
0x9e2262,100%,0,2,2,0,0,0,2
0x5a9505,100%,0,5,5,5,0,0,0
0x5a94f1,100%,0,5,5,0,0,0,5
0xa3b1ab,100%,0,144,144,0,0,0,144
0x5442ed,100%,0,57,57,0,0,0,57
0xa97f30,100%,0,2,2,0,0,0,2
0x9bd483,100%,0,12,12,12,0,0,0
0x9bd5ac,100%,0,12,12,0,0,0,12
0x9bd5b5,100%,0,24,24,0,0,0,24
0x9be6af,100%,0,48,48,0,0,0,48
0x95b87d,100%,0,4,4,0,0,0,4
0x608ca3,100%,0,200,200,0,0,0,200
0x4adc9c,100%,0,40,40,40,0,0,0
0x5f7630,100%,0,607,607,0,0,0,607
0x809f19,100%,0,2,2,2,0,0,0
0x90671e,100%,0,124,124,0,0,0,124
0x9bd5f3,100%,0,12,12,12,0,0,0
0x7d162f,100%,0,65,65,0,0,0,65
0xa2f6af,100%,0,5,5,0,0,0,5
0x64c2a6,100%,0,53,53,53,0,0,0
0x5bd11e,100%,0,44,44,0,0,0,44
0x9bd66e,100%,0,24,24,0,0,0,24
0x99bb26,100%,0,190,190,0,0,0,190
0x9bd47c,100%,0,12,12,0,0,0,12
0x8e3798,100%,0,778,778,0,0,0,778
0x77cc67,100%,0,16,16,0,0,0,16
0x9bd446,100%,0,12,12,12,0,0,0
0x490147,100%,0,10,10,10,0,0,0
0x9ebecf,100%,0,123,123,0,0,0,123
0x58dbcf,100%,0,1,1,0,0,0,1
0x9ea6ff,100%,0,97,97,0,0,0,97
0x77b9fd,100%,0,2,2,0,0,0,2
0x9f09e9,100%,0,140,140,0,0,0,140
0xb4999d,100%,0,11,11,0,0,0,11
0x9bd3cd,100%,0,12,12,0,0,0,12
0x9f5b86,100%,0,8,8,0,0,0,8
0x9ebeee,100%,0,61,61,0,0,0,61
0xb3aba7,100%,0,1,1,0,0,0,1
0xa55a33,100%,0,2,2,0,0,0,2
0x9bd4b7,100%,0,4,4,0,0,0,4
0x4bcd12,100%,0,42,42,0,0,0,42
0x60a7fd,100%,0,494,494,0,0,0,494
0x7b6462,100%,0,1,1,0,0,0,1
0x9bdd0a,100%,0,55,55,0,0,0,55
0xa45955,100%,0,51,51,51,0,0,0
0xa03ab8,100%,0,4,4,4,0,0,0
0x5bc531,100%,0,119,119,0,0,0,119
0x9bea0d,100%,0,12,12,12,0,0,0
0x9fe83f,100%,0,3,3,3,0,0,0
0x9be8cc,100%,0,12,12,12,0,0,0
0x5be09e,100%,0,78,78,0,0,0,78
0x9a3f66,100%,0,28,28,0,0,0,28
0x547a3c,100%,0,4,4,0,0,0,4
0x54fc60,100%,0,1,1,0,0,0,1
0x60c416,100%,0,5,5,5,0,0,0
0x9be964,100%,0,16,16,0,0,0,16
0x9a3ee6,100%,0,28,28,0,0,0,28
0x81e439,100%,0,1199,1199,0,0,0,1199
0x609bb3,100%,0,252,252,0,0,0,252
0x9be8ab,100%,0,12,12,12,0,0,0
0xb4973b,100%,0,7,7,0,0,0,7
0x48e0c9,100%,0,25,25,0,0,0,25
0x77b9a1,100%,0,28,28,28,0,0,0
0x9bd9fa,100%,0,12,12,12,0,0,0
0x5bc38e,100%,0,23,23,0,0,0,23
0x9ea3db,100%,0,72,72,72,0,0,0
0x5bd0e5,100%,0,11,11,0,0,0,11
0x98b325,100%,0,332,332,0,0,0,332
0x5bd116,100%,0,44,44,0,0,0,44
0x9bd688,100%,0,24,24,24,0,0,0
0x58d9f0,100%,0,70,70,0,0,0,70
0x60bdb6,100%,0,21,21,0,0,0,21
0xaa7d2b,100%,0,10,10,10,0,0,0
0x9698fe,100%,0,72,72,0,0,0,72
0xb24657,100%,0,11899,11899,0,0,0,11899
0x59c58e,100%,0,91,91,91,0,0,0
0x9697f4,100%,0,2,2,0,0,0,2
0xaa7db4,100%,0,7,7,0,0,0,7
0x7e1cba,100%,0,2,2,0,0,0,2
0x95c4c5,100%,0,6,6,6,0,0,0
0xa2d5fb,100%,0,477,477,0,0,0,477
0xa271e5,100%,0,275,275,275,0,0,0
0xb3ab69,100%,0,35,35,0,0,0,35
0x781837,100%,0,6,6,0,0,0,6
0x647db8,100%,0,51,51,0,0,0,51
0xa37ca7,100%,0,5,5,0,0,0,5
0x99bb46,100%,0,21,21,21,0,0,0
0xb22b85,100%,0,1868,1868,1868,0,0,0
0x977417,100%,0,12,12,0,0,0,12
0x4fd949,100%,0,107,107,0,0,0,107
0x9d3449,100%,0,55,55,55,0,0,0
0x9ec310,100%,0,40,40,0,0,0,40
0x88a0ff,100%,0,22,22,0,0,0,22
0xa3794b,100%,0,10,10,0,0,0,10
0x99af9a,100%,0,7,7,0,0,0,7
0xa36d66,100%,0,42,42,42,0,0,0
0x48e0f8,100%,0,15,15,0,0,0,15
0x5b2b47,100%,0,45,45,0,0,0,45
0x99af7c,100%,0,7,7,0,0,0,7
0x55de08,100%,0,2,2,0,0,0,2
0x8f5415,100%,0,12,12,12,0,0,0
0x55de1b,100%,0,2,2,0,0,0,2
0x5b2afe,100%,0,45,45,0,0,0,45
0xaa58a1,100%,0,49,49,0,0,0,49
0x9a18d3,100%,0,21,21,0,0,0,21
0x535020,100%,0,64,64,0,0,0,64
0x8d2268,100%,0,2,2,0,0,0,2
0x7f0618,100%,0,2,2,0,0,0,2
0x8aa9e2,100%,0,63,63,0,0,0,63
0x5af975,100%,0,53,53,0,0,0,53
0x60850e,100%,0,10,10,0,0,0,10
0xace0ea,100%,0,2,2,0,0,0,2
0xb2303e,100%,0,154,154,154,0,0,0
0x5f6304,100%,0,4,4,0,0,0,4
0x99291d,100%,0,2,2,0,0,0,2
0xa05203,100%,0,1,1,1,0,0,0
0xa06a4b,100%,0,2,2,0,0,0,2
0x59bf8f,100%,0,53,53,53,0,0,0
0x49be7a,100%,0,2,2,0,0,0,2
0x5b2af6,100%,0,45,45,0,0,0,45
0x6673ca,100%,0,40,40,0,0,0,40
0x6673d3,100%,0,40,40,0,0,0,40
0x5ef75b,100%,0,1,1,1,0,0,0
0x491b8b,100%,0,1,1,0,0,0,1
0x9a357a,100%,0,20,20,20,0,0,0
0xa344b0,100%,0,170,170,170,0,0,0
0x5be463,100%,0,170,170,170,0,0,0
0x4913e3,100%,0,2,2,2,0,0,0
0x5a652b,100%,0,1,1,1,0,0,0
0xae709d,100%,0,69,69,0,0,0,69
0xae706f,100%,0,69,69,69,0,0,0
0x783dfb,100%,0,11,11,0,0,0,11
0x5f13c3,100%,0,40,40,0,0,0,40
0x90670c,100%,0,124,124,0,0,0,124
0x5be5fb,100%,0,170,170,0,0,0,170
0xa4dfcc,100%,0,4,4,4,0,0,0
0x4bedc8,100%,0,58,58,0,0,0,58
0xa2ed75,100%,0,29,29,0,0,0,29
0x48ee87,100%,0,54,54,0,0,0,54
0x9eb686,100%,0,4,4,4,0,0,0
0x64baab,100%,0,1397,1397,1397,0,0,0
0x9e5da2,100%,0,4,4,4,0,0,0
0x9ebd44,100%,0,7,7,0,0,0,7
0x8c80cd,100%,0,1,1,0,0,0,1
0x5bd289,100%,0,964,964,964,0,0,0
0x9bea28,100%,0,12,12,12,0,0,0
0x607022,100%,0,134,134,134,0,0,0
0x9eb56c,100%,0,63,63,0,0,0,63
0x5be197,100%,0,1652,1652,1652,0,0,0
0x8aaa5e,100%,0,63,63,0,0,0,63
0x8aaa50,100%,0,63,63,0,0,0,63
0xa6c5c0,100%,0,83,83,83,0,0,0
0x5bd4ef,100%,0,1448,1448,1448,0,0,0
0x9ea169,100%,0,2,2,2,0,0,0
0x8e9365,100%,0,4,4,4,0,0,0
0x5ae26b,100%,0,41,41,0,0,0,41
0xa01af5,100%,0,2,2,0,0,0,2
0x77d89a,100%,0,2,2,0,0,0,2
0xa346d3,100%,0,394,394,0,0,0,394
0x8f1abb,100%,0,144,144,0,0,0,144
0x90d052,100%,0,163,163,163,0,0,0
0x495f28,100%,0,55,55,0,0,0,55
0x495f24,100%,0,55,55,0,0,0,55
0x64c264,100%,0,118,118,0,0,0,118
0x63b4fb,100%,0,810,810,810,0,0,0
0x495a70,100%,0,41,41,0,0,0,41
0xa07ab9,100%,0,40,40,0,0,0,40
0x5bc8ad,100%,0,2,2,2,0,0,0
0x58df3f,100%,0,139,139,139,0,0,0
0x5b2a3f,100%,0,47,47,47,0,0,0
0x97130c,100%,0,7,7,0,0,0,7
0x99b0ad,100%,0,40,40,0,0,0,40
0x5bc4f4,100%,0,964,964,0,0,0,964
0x5b2634,100%,0,45,45,0,0,0,45
0x5bc504,100%,0,964,964,964,0,0,0
0x94c925,100%,0,64,64,0,0,0,64
0x9be47f,100%,0,32,32,0,0,0,32
0x5f4e4e,100%,0,1,1,0,0,0,1
0x9eb340,100%,0,2,2,0,0,0,2
0xa53593,100%,0,8,8,0,0,0,8
0x5bcbfa,100%,0,964,964,964,0,0,0
0xa5869a,100%,0,8,8,8,0,0,0
0x58e27d,100%,0,75,75,0,0,0,75
0x9eb7b6,100%,0,79,79,0,0,0,79
0xb3abae,100%,0,1,1,0,0,0,1
0x9eb7ca,100%,0,168,168,0,0,0,168
0x51aeed,100%,0,2,2,0,0,0,2
0x9eb829,100%,0,108,108,108,0,0,0
0x9a317b,100%,0,270,270,0,0,0,270
0xaae4bf,100%,0,2,2,2,0,0,0
0x9eb3b8,100%,0,32,32,0,0,0,32
0x50bf43,100%,0,110,110,0,0,0,110
0xa2de08,100%,0,17,17,0,0,0,17
0x5b2d65,100%,0,75,75,75,0,0,0
0x81fb3d,100%,0,323,323,0,0,0,323
0x6188dd,100%,0,81,81,0,0,0,81
0x5bd4a3,100%,0,7873,7873,0,0,0,7873
0x8aa9c9,100%,0,63,63,0,0,0,63
0x59c0ed,100%,0,214,214,214,0,0,0
0x8aa9f2,100%,0,63,63,63,0,0,0
0x58dc6e,100%,0,6,6,0,0,0,6
0x804509,100%,0,27,27,0,0,0,27
0xa5740e,100%,0,3,3,3,0,0,0
0x8c8337,100%,0,19,19,0,0,0,19
0xa57386,100%,0,41,41,0,0,0,41
0xa57377,100%,0,41,41,0,0,0,41
0xa05aba,100%,0,29,29,29,0,0,0
0x9a0bd7,100%,0,28,28,28,0,0,0
0x58dc46,100%,0,6,6,0,0,0,6
0x58db9b,100%,0,151,151,0,0,0,151
0x58df33,100%,0,209,209,0,0,0,209
0x97305c,100%,0,27,27,0,0,0,27
0x611486,100%,0,11,11,0,0,0,11
0x789f33,100%,0,8,8,0,0,0,8
0x97701c,100%,0,2,2,0,0,0,2
0x973043,100%,0,27,27,0,0,0,27
0x80c4e2,100%,0,5,5,5,0,0,0
0x95104b,100%,0,2,2,2,0,0,0
0x58da36,100%,0,209,209,0,0,0,209
0x9f46fb,100%,0,349,349,0,0,0,349
0xa570b6,100%,0,41,41,0,0,0,41
0xa570c8,100%,0,41,41,0,0,0,41
0x98b5b7,100%,0,161,161,0,0,0,161
0x99e93e,100%,0,55,55,0,0,0,55
0xa955c1,100%,0,4,4,0,0,0,4
0x58d9c3,100%,0,64,64,0,0,0,64
0xa570e6,100%,0,31,31,0,0,0,31
0x50c75a,100%,0,20,20,0,0,0,20
0xacfae1,100%,0,21,21,0,0,0,21
0xa571aa,100%,0,41,41,0,0,0,41
0x58d8f0,100%,0,209,209,0,0,0,209
0x98b49f,100%,0,178,178,0,0,0,178
0x50352f,100%,0,2,2,2,0,0,0
0x7c6f0b,100%,0,8,8,4,0,0,4
0xa043bb,100%,0,1,1,0,0,0,1
0xa02a05,100%,0,12,12,0,0,0,12
0x99da14,100%,0,36,36,36,0,0,0
0x606fa0,100%,0,10,10,0,0,0,10
0x99da49,100%,0,36,36,36,0,0,0
0xa56f46,100%,0,72,72,0,0,0,72
0x4ace89,100%,0,62,62,62,0,0,0
0x5f421b,100%,0,7,7,0,0,0,7
0x5f4124,100%,0,7,7,7,0,0,0
0xa56f57,100%,0,72,72,0,0,0,72
0xa97e6c,100%,0,2,2,0,0,0,2
0x80e7a2,100%,0,150,150,0,0,0,150
0x99efc6,100%,0,102,102,0,0,0,102
0xa56fbf,100%,0,108,108,0,0,0,108
0xaaa091,100%,0,27,27,0,0,0,27
0x4b9610,100%,0,13,13,13,0,0,0
0x4c240f,100%,0,168,168,0,0,0,168
0xa57051,100%,0,168,168,0,0,0,168
0x7d2b28,100%,0,13,13,0,0,0,13
0x98d082,100%,0,7,7,0,0,0,7
0x48157b,100%,0,19,19,19,0,0,0
0x90d45a,100%,0,302,302,0,0,0,302
0x5033a5,100%,0,37,37,37,0,0,0
0xa5725a,100%,0,125,125,0,0,0,125
0x4c269c,100%,0,13,13,0,0,0,13
0x58cbcb,100%,0,7,7,0,0,0,7
0x966063,100%,0,10,10,0,0,0,10
0x58cbc7,100%,0,7,7,0,0,0,7
0x8325a5,100%,0,1,1,1,0,0,0
0x9f7c26,100%,0,13,13,0,0,0,13
0x973034,100%,0,27,27,0,0,0,27
0x9e72d9,100%,0,14,14,0,0,0,14
0x4928ef,100%,0,1,1,1,0,0,0
0x4b3869,100%,0,20,20,0,0,0,20
0x8f4a18,100%,0,6,6,6,0,0,0
0x99df13,100%,0,28,28,0,0,0,28
0x88a26a,100%,0,17,17,17,0,0,0
0x99df25,100%,0,28,28,0,0,0,28
0x9a0a30,100%,0,28,28,0,0,0,28
0x5f3a27,100%,0,7,7,7,0,0,0
0x647c38,100%,0,43,43,0,0,0,43
0x609db6,100%,0,194,194,0,0,0,194
0xa2e889,100%,0,53,53,0,0,0,53
0x5f3a5a,100%,0,7,7,7,0,0,0
0x5f3aab,100%,0,7,7,0,0,0,7
0xa52ce2,100%,0,363,363,0,0,0,363
0xa25d60,100%,0,78,78,0,0,0,78
0x494db1,100%,0,158,158,0,0,0,158
0x5e7790,100%,0,4,4,0,0,0,4
0x647c31,100%,0,43,43,0,0,0,43
0x78c056,100%,0,2,2,2,0,0,0
0xa4c973,100%,0,4,4,0,0,0,4
0x63e02c,100%,0,961,961,961,0,0,0
0x6109f5,100%,0,13,13,0,0,0,13
0x647271,100%,0,21,21,21,0,0,0
0x9ff6a9,100%,0,5,5,5,0,0,0
0x6472ab,100%,0,20,20,0,0,0,20
0xa26286,100%,0,404,404,0,0,0,404
0x6472b1,100%,0,20,20,0,0,0,20
0xa4cd12,100%,0,4,4,0,0,0,4
0x95608f,100%,0,1,1,1,0,0,0
0x804555,100%,0,13,13,0,0,0,13
0x811b0b,100%,0,2,2,0,0,0,2
0xa26384,100%,0,404,404,0,0,0,404
0xaa0389,100%,0,121,121,0,0,0,121
0xa576d1,100%,0,24,24,0,0,0,24
0x9f40ea,100%,0,3,3,0,0,0,3
0xa5766c,100%,0,14,14,0,0,0,14
0xa5770d,100%,0,28,28,28,0,0,0
0x4bee19,100%,0,58,58,0,0,0,58
0x99dc79,100%,0,15,15,0,0,0,15
0x5df862,100%,0,14,14,14,0,0,0
0x9be599,100%,0,384,384,0,0,0,384
0x4918f3,100%,0,2,2,0,0,0,2
0xa041c8,100%,0,1,1,1,0,0,0
0x9a3eb3,100%,0,28,28,0,0,0,28
0xa25be6,100%,0,1013,1013,0,0,0,1013
0x4b4f2e,100%,0,2,2,0,0,0,2
0x494fb9,100%,0,6,6,0,0,0,6
0x491a7d,100%,0,165,165,165,0,0,0
0x9ea419,100%,0,304,304,0,0,0,304
0x4914f6,100%,0,159,159,0,0,0,159
0x7c680a,100%,0,2,2,0,0,0,2
0x4ba5de,100%,0,2,2,2,0,0,0
0x97b959,100%,0,114,114,0,0,0,114
0x5f2176,100%,0,36,36,0,0,0,36
0xa276b9,100%,0,760,760,0,0,0,760
0x5f1478,100%,0,158,158,158,0,0,0
0x5f2138,100%,0,36,36,0,0,0,36
0x59c948,100%,0,162,162,0,0,0,162
0x59c983,100%,0,162,162,0,0,0,162
0x4bfcb1,100%,0,16,16,16,0,0,0
0x494d64,100%,0,158,158,0,0,0,158
0x5f1f51,100%,0,36,36,36,0,0,0
0x58c8aa,100%,0,297,297,0,0,0,297
0x8fdb0d,100%,0,18,18,0,0,0,18
0x9ea570,100%,0,26,26,26,0,0,0
0xa7b3dd,100%,0,5,5,5,0,0,0
0x99e6fc,100%,0,13,13,0,0,0,13
0x4b1604,100%,0,2,2,2,0,0,0
0xaa5488,100%,0,13,13,0,0,0,13
0x670d05,100%,0,2,2,0,0,0,2
0x99e7d7,100%,0,13,13,13,0,0,0
0x9bd192,100%,0,55,55,0,0,0,55
0x8d2247,100%,0,2,2,0,0,0,2
0x5beb9f,100%,0,2,2,2,0,0,0
0x99e857,100%,0,15,15,0,0,0,15
0x9ebffc,100%,0,10,10,0,0,0,10
0x9bd20b,100%,0,55,55,0,0,0,55
0x9ec01e,100%,0,10,10,0,0,0,10
0x5c36d8,100%,0,4,4,4,0,0,0
0xace627,100%,0,2,2,2,0,0,0
0x99e8e4,100%,0,105,105,0,0,0,105
0x9bd266,100%,0,67,67,0,0,0,67
0x5bebca,100%,0,2,2,2,0,0,0
0x99e6c7,100%,0,13,13,0,0,0,13
0x53b2ff,100%,0,2,2,0,0,0,2
0x4bb713,100%,0,209,209,0,0,0,209
0x5a94e7,100%,0,5,5,0,0,0,5
0x99e65e,100%,0,13,13,0,0,0,13
0x99e505,100%,0,13,13,13,0,0,0
0x5bee3f,100%,0,2,2,2,0,0,0
0xa04bf5,100%,0,38,38,38,0,0,0
0x9ea991,100%,0,2,2,0,0,0,2
0x5beec7,100%,0,2,2,0,0,0,2
0x5beee3,100%,0,2,2,0,0,0,2
0x619dc0,100%,0,5,5,5,0,0,0
0x8f5481,100%,0,12,12,0,0,0,12
0x5bef09,100%,0,2,2,0,0,0,2
0x597f44,100%,0,15,15,15,0,0,0
0xb3abd8,100%,0,1,1,1,0,0,0
0x77d380,100%,0,6,6,0,0,0,6
0x4bf1e9,100%,0,86,86,0,0,0,86
0xa97b17,100%,0,2,2,0,0,0,2
0x9bd3a9,100%,0,12,12,0,0,0,12
0xacfaeb,100%,0,21,21,21,0,0,0
0x9bd347,100%,0,12,12,0,0,0,12
0x9ea7a3,100%,0,32,32,32,0,0,0
0x5920c5,100%,0,4,4,0,0,0,4
0x6f4542,100%,0,18,18,0,0,0,18
0x9a11fd,100%,0,81,81,0,0,0,81
0xb49c16,100%,0,5,5,0,0,0,5
0xa5b154,100%,0,7,7,0,0,0,7
0x50749b,100%,0,8,8,0,0,0,8
0x9a110d,100%,0,15,15,0,0,0,15
0x822338,100%,0,39,39,39,0,0,0
0xb4988c,100%,0,5,5,0,0,0,5
0x5bc06a,100%,0,2,2,0,0,0,2
0x597ef7,100%,0,15,15,0,0,0,15
0x9bd323,100%,0,63,63,0,0,0,63
0x5bc0cc,100%,0,2,2,0,0,0,2
0xaa4cc3,100%,0,3,3,0,0,0,3
0x540e57,100%,0,8,8,0,0,0,8
0x99e9ec,100%,0,15,15,15,0,0,0
0xa06033,100%,0,5,5,5,0,0,0
0x99e99b,100%,0,55,55,0,0,0,55
0x9ea817,100%,0,32,32,0,0,0,32
0x99e936,100%,0,55,55,0,0,0,55
0x99e928,100%,0,55,55,0,0,0,55
0xace505,100%,0,2,2,2,0,0,0
0x9bd289,100%,0,67,67,67,0,0,0
0x806365,100%,0,6,6,0,0,0,6
0x97460f,100%,0,82,82,0,0,0,82
0x4ada90,100%,0,5,5,0,0,0,5
0x9ec1a7,100%,0,56,56,56,0,0,0
0x7c7437,100%,0,16,16,8,0,0,8
0x9ec281,100%,0,50,50,50,0,0,0
0x99ac2a,100%,0,255,255,0,0,0,255
0xa01736,100%,0,40,40,40,0,0,0
0x508934,100%,0,41,41,0,0,0,41
0x8a235e,100%,0,2,2,0,0,0,2
0x99a908,100%,0,61,61,61,0,0,0
0x9737b7,100%,0,40,40,0,0,0,40
0x8a237b,100%,0,12,12,0,0,0,12
0x6664b2,100%,0,30,30,0,0,0,30
0x8a23ab,100%,0,2,2,0,0,0,2
0x9ec4b3,100%,0,3,3,0,0,0,3
0x5f5bcb,100%,0,2,2,0,0,0,2
0x5f38ff,100%,0,3,3,0,0,0,3
0x7e8164,100%,0,2,2,2,0,0,0
0x97384f,100%,0,40,40,0,0,0,40
0x5f37fd,100%,0,3,3,0,0,0,3
0x5f37e5,100%,0,3,3,0,0,0,3
0xaadbae,100%,0,325,325,0,0,0,325
0xaadb75,100%,0,54,54,0,0,0,54
0x7e8180,100%,0,2,2,0,0,0,2
0x9eb1f7,100%,0,2,2,2,0,0,0
0x99d98a,100%,0,127,127,0,0,0,127
0x99a8e1,100%,0,102,102,0,0,0,102
0x5a9473,100%,0,67,67,67,0,0,0
0xaa3065,100%,0,102,102,0,0,0,102
0xb30439,100%,0,5,5,0,0,0,5
0x50321d,100%,0,2,2,0,0,0,2
0x8ee5ed,100%,0,42,42,0,0,0,42
0x9eaa84,100%,0,2,2,2,0,0,0
0x99e0ca,100%,0,15,15,15,0,0,0
0xb1494a,100%,0,4258,4258,0,0,0,4258
0xa94a7c,100%,0,76,76,0,0,0,76
0x49b1a7,100%,0,2,2,0,0,0,2
0xa5ecb4,100%,0,5,5,0,0,0,5
0x5f484f,100%,0,2,2,0,0,0,2
0x5f4834,100%,0,2,2,0,0,0,2
0x9ead63,100%,0,181,181,0,0,0,181
0x647219,100%,0,21,21,21,0,0,0
0xa4c942,100%,0,4,4,0,0,0,4
0x8a555e,100%,0,226,226,0,0,0,226
0x9eb048,100%,0,109,109,109,0,0,0
0x9f46bb,100%,0,349,349,349,0,0,0
0x667395,100%,0,40,40,0,0,0,40
0x48c659,100%,0,2,2,0,0,0,2
0x99aa41,100%,0,102,102,0,0,0,102
0xa33ac0,100%,0,72,72,72,0,0,0
0x80db3c,100%,0,220,220,0,0,0,220
0x807028,100%,0,392,392,392,0,0,0
0x6471a9,100%,0,21,21,21,0,0,0
0x9ec11b,100%,0,56,56,56,0,0,0
0x99aa30,100%,0,102,102,0,0,0,102
0x5f4629,100%,0,1,1,1,0,0,0
0x5b6058,100%,0,1,1,0,0,0,1
0x5f27f1,100%,0,5,5,0,0,0,5
0x5f4618,100%,0,1,1,0,0,0,1
0x99aebc,100%,0,30,30,30,0,0,0
0xaadb0b,100%,0,64,64,0,0,0,64
0x5cb923,100%,0,26,26,26,0,0,0
0x5f45ee,100%,0,2,2,0,0,0,2
0xa0f3ca,100%,0,6,6,0,0,0,6
0x9c5546,100%,0,8,8,8,0,0,0
0x48deee,100%,0,41,41,0,0,0,41
0xa945c2,100%,0,2,2,0,0,0,2
0x5ef98a,100%,0,17,17,0,0,0,17
0xa48ddf,100%,0,178,178,0,0,0,178
0xa0baab,100%,0,1,1,0,0,0,1
0x9e8af2,100%,0,145,145,0,0,0,145
0xa0ba5c,100%,0,4,4,0,0,0,4
0x480f1d,100%,0,19,19,0,0,0,19
0x5f648a,100%,0,2,2,0,0,0,2
0x5d0f3c,100%,0,133,133,133,0,0,0
0xa0f386,100%,0,6,6,0,0,0,6
0x4810e3,100%,0,19,19,0,0,0,19
0x5c5d17,100%,0,123,123,0,0,0,123
0x9e55f1,100%,0,30,30,30,0,0,0
0x6196d3,100%,0,75,75,0,0,0,75
0x5b184b,100%,0,75,75,0,0,0,75
0xa94623,100%,0,2,2,2,0,0,0
0xa953a4,100%,0,4,4,0,0,0,4
0xa43073,100%,0,4,4,4,0,0,0
0x4809a6,100%,0,19,19,19,0,0,0
0x9fc7f6,100%,0,220,220,0,0,0,220
0xa955ae,100%,0,4,4,0,0,0,4
0x4807a7,100%,0,19,19,0,0,0,19
0x5f922d,100%,0,7,7,0,0,0,7
0xa956d4,100%,0,4,4,0,0,0,4
0x4806dc,100%,0,38,38,38,0,0,0
0x80d992,100%,0,106,106,0,0,0,106
0xa958fb,100%,0,4,4,0,0,0,4
0xa95900,100%,0,4,4,0,0,0,4
0x80d499,100%,0,110,110,0,0,0,110
0xa3fd57,100%,0,6,6,0,0,0,6
0x481693,100%,0,38,38,0,0,0,38
0x7942cc,100%,0,29,29,0,0,0,29
0x5d3eae,100%,0,133,133,133,0,0,0
0xaabb7d,100%,0,8,8,0,0,0,8
0x446590,100%,0,4,4,0,0,0,4
0xa28fd1,100%,0,16,16,0,0,0,16
0x446588,100%,0,4,4,0,0,0,4
0x70e8fc,100%,0,2,2,0,0,0,2
0x70e96b,100%,0,2,2,2,0,0,0
0x682cf7,100%,0,12,12,12,0,0,0
0x682e5a,100%,0,12,12,0,0,0,12
0x98b383,100%,0,5,5,0,0,0,5
0x6cdb4e,100%,0,6,6,6,0,0,0
0xa0bc4b,100%,0,7,7,0,0,0,7
0x4816cb,100%,0,19,19,0,0,0,19
0x90a907,100%,0,83,83,83,0,0,0
0x5c4cdc,100%,0,5,5,0,0,0,5
0x9aae2a,100%,0,37,37,0,0,0,37
0x8140b5,100%,0,742,742,742,0,0,0
0x95b5c5,100%,0,8,8,8,0,0,0
0x6d1ef3,100%,0,33,33,0,0,0,33
0x5b4306,100%,0,20,20,0,0,0,20
0x4813e0,100%,0,19,19,19,0,0,0
0x4813d3,100%,0,19,19,0,0,0,19
0x9f1593,100%,0,11,11,11,0,0,0
0x4812ba,100%,0,19,19,19,0,0,0
0x4812ac,100%,0,19,19,0,0,0,19
0x98cff4,100%,0,90,90,90,0,0,0
0xa0f1cc,100%,0,6,6,0,0,0,6
0x9e58cc,100%,0,30,30,30,0,0,0
0xa0f283,100%,0,6,6,6,0,0,0
0xa5493f,100%,0,452,452,452,0,0,0
0x6ec03d,100%,0,1,1,0,0,0,1
0x5c370d,100%,0,4,4,4,0,0,0
0x6d9e7b,100%,0,1,1,1,0,0,0
0x71c2aa,100%,0,1,1,1,0,0,0
0xa98e6a,100%,0,2,2,0,0,0,2
0x5eb2d6,100%,0,2,2,0,0,0,2
0x5e1add,100%,0,2,2,0,0,0,2
0x8e3606,100%,0,2,2,0,0,0,2
0x99f003,100%,0,2,2,0,0,0,2
0xaae780,100%,0,47,47,0,0,0,47
0x7808d9,100%,0,2,2,0,0,0,2
0x8e92bb,100%,0,3,3,0,0,0,3
0xa98da6,100%,0,2,2,0,0,0,2
0x6ebffe,100%,0,1,1,0,0,0,1
0x9ea529,100%,0,108,108,0,0,0,108
0x6ebdb8,100%,0,1,1,1,0,0,0
0x50c129,100%,0,7,7,7,0,0,0
0x5f8742,100%,0,88,88,0,0,0,88
0x609e19,100%,0,115,115,115,0,0,0
0x835fae,100%,0,2,2,0,0,0,2
0x99b946,100%,0,26,26,26,0,0,0
0x6e4474,100%,0,16,16,16,0,0,0
0x6deb4f,100%,0,4,4,4,0,0,0
0x671521,100%,0,2,2,0,0,0,2
0x99b8da,100%,0,26,26,0,0,0,26
0x67e4f2,100%,0,22,22,0,0,0,22
0x5b177f,100%,0,10,10,0,0,0,10
0x5b163c,100%,0,10,10,0,0,0,10
0x6d1118,100%,0,4,4,4,0,0,0
0x5b1633,100%,0,10,10,0,0,0,10
0x5b15ed,100%,0,10,10,10,0,0,0
0x70d740,100%,0,3,3,3,0,0,0
0x60b65e,100%,0,248,248,0,0,0,248
0x4801b7,100%,0,19,19,0,0,0,19
0xa4d873,100%,0,121,121,0,0,0,121
0xa2d76c,100%,0,85,85,85,0,0,0
0x8ef1de,100%,0,451,451,0,0,0,451
0x952473,100%,0,55,55,55,0,0,0
0x6a7858,100%,0,1,1,0,0,0,1
0x67eece,100%,0,10,10,10,0,0,0
0xa959ec,100%,0,4,4,4,0,0,0
0xa95a39,100%,0,4,4,0,0,0,4
0xa95b31,100%,0,2,2,0,0,0,2
0x67ef00,100%,0,10,10,0,0,0,10
0x5f14df,100%,0,38,38,0,0,0,38
0x4802e6,100%,0,38,38,38,0,0,0
0x67ef1b,100%,0,10,10,10,0,0,0
0x6a7864,100%,0,1,1,1,0,0,0
0xa8fa73,100%,0,85,85,0,0,0,85
0x99bb74,100%,0,20,20,0,0,0,20
0x9f3cc6,100%,0,10,10,0,0,0,10
0xa95b1e,100%,0,2,2,2,0,0,0
0x6a78b5,100%,0,1,1,0,0,0,1
0x6a78c6,100%,0,1,1,1,0,0,0
0x814315,100%,0,1567,1567,0,0,0,1567
0x8063f3,100%,0,1,1,0,0,0,1
0xa5ac77,100%,0,15,15,0,0,0,15
0x47ff7c,100%,0,19,19,0,0,0,19
0xa97b3b,100%,0,2,2,0,0,0,2
0x47fe39,100%,0,19,19,19,0,0,0
0x6b45e9,100%,0,1,1,0,0,0,1
0x6b45fa,100%,0,1,1,0,0,0,1
0x9e5404,100%,0,39,39,39,0,0,0
0x6b4641,100%,0,1,1,0,0,0,1
0x47fcba,100%,0,19,19,19,0,0,0
0x5ae0ae,100%,0,27,27,27,0,0,0
0x80aa10,100%,0,3,3,0,0,0,3
0x5adc66,100%,0,27,27,27,0,0,0
0x9117a7,100%,0,31,31,0,0,0,31
0x911226,100%,0,76,76,76,0,0,0
0x5a9427,100%,0,55,55,55,0,0,0
0x64decd,100%,0,4,4,4,0,0,0
0x911217,100%,0,76,76,0,0,0,76
0x9111bb,100%,0,76,76,0,0,0,76
0x686dc8,100%,0,83,83,0,0,0,83
0x5d980e,100%,0,8,8,0,0,0,8
0x90a66e,100%,0,44,44,0,0,0,44
0x48396d,100%,0,29,29,29,0,0,0
0x5d4b44,100%,0,8,8,8,0,0,0
0x48397c,100%,0,29,29,0,0,0,29
0x5d3d3a,100%,0,8,8,8,0,0,0
0x5d3be1,100%,0,8,8,8,0,0,0
0xaadde0,100%,0,2,2,2,0,0,0
0x5ecdc0,100%,0,8,8,0,0,0,8
0xa9369a,100%,0,373,373,373,0,0,0
0x6d44a7,100%,0,11,11,0,0,0,11
0x6d44b0,100%,0,11,11,0,0,0,11
0x5ec539,100%,0,8,8,8,0,0,0
0x5ec559,100%,0,8,8,0,0,0,8
0x5b8e14,100%,0,4,4,4,0,0,0
0x5ece06,100%,0,8,8,0,0,0,8
0x58dbd5,100%,0,1,1,1,0,0,0
0x409f76,100%,0,14,14,14,0,0,0
0x67e33f,100%,0,80,80,0,0,0,80
0x5d984e,100%,0,8,8,8,0,0,0
0xacce59,100%,0,1,1,1,0,0,0
0x68b109,100%,0,4,4,0,0,0,4
0x94cbd2,100%,0,64,64,64,0,0,0
0x5d09b3,100%,0,8,8,8,0,0,0
0x59060c,100%,0,19,19,0,0,0,19
0x90a405,100%,0,44,44,0,0,0,44
0x9cfc7d,100%,0,8,8,0,0,0,8
0x90a410,100%,0,44,44,0,0,0,44
0x9799ef,100%,0,8,8,0,0,0,8
0x9f413c,100%,0,33,33,0,0,0,33
0xa6cb84,100%,0,16,16,16,0,0,0
0x90a48a,100%,0,44,44,0,0,0,44
0x8fcdd1,100%,0,44,44,0,0,0,44
0x8fcde5,100%,0,44,44,44,0,0,0
0xa974a5,100%,0,39,39,0,0,0,39
0x98146b,100%,0,8,8,8,0,0,0
0x483ba7,100%,0,19,19,0,0,0,19
0x5af0b8,100%,0,10,10,0,0,0,10
0x5af0c2,100%,0,10,10,10,0,0,0
0x5d98d6,100%,0,8,8,8,0,0,0
0x5a9678,100%,0,3,3,3,0,0,0
0x8bd8bd,100%,0,18,18,0,0,0,18
0x99e826,100%,0,13,13,0,0,0,13
0x66f64d,100%,0,3,3,0,0,0,3
0xad04df,100%,0,2,2,0,0,0,2
0xad0196,100%,0,2,2,2,0,0,0
0xb49918,100%,0,2,2,0,0,0,2
0xa944ca,100%,0,29,29,0,0,0,29
0xa535b5,100%,0,8,8,0,0,0,8
0xad6e54,100%,0,2,2,0,0,0,2
0xad6dd9,100%,0,2,2,2,0,0,0
0x814959,100%,0,330,330,0,0,0,330
0x7ce158,100%,0,1910,1910,0,0,0,1910
0xad6c4f,100%,0,2,2,0,0,0,2
0xaa571f,100%,0,93,93,0,0,0,93
0x481deb,100%,0,19,19,0,0,0,19
0x6ed6dd,100%,0,1,1,1,0,0,0
0x9049d9,100%,0,185,185,0,0,0,185
0xa33b98,100%,0,72,72,72,0,0,0
0x90bc37,100%,0,176,176,176,0,0,0
0x6ed74e,100%,0,1,1,1,0,0,0
0x5d171f,100%,0,24,24,0,0,0,24
0x901fe4,100%,0,461,461,0,0,0,461
0xa21f2e,100%,0,2,2,0,0,0,2
0x6ed770,100%,0,1,1,1,0,0,0
0xa34c32,100%,0,60,60,0,0,0,60
0xa21f37,100%,0,2,2,0,0,0,2
0x6f09fc,100%,0,16,16,0,0,0,16
0x5d1d2c,100%,0,145,145,145,0,0,0
0x50201c,100%,0,32,32,0,0,0,32
0x6f0a0c,100%,0,16,16,0,0,0,16
0x483188,100%,0,29,29,0,0,0,29
0x6dce96,100%,0,4,4,0,0,0,4
0xa0b8a4,100%,0,1,1,0,0,0,1
0x6dcec8,100%,0,4,4,4,0,0,0
0x58bc99,100%,0,64,64,0,0,0,64
0x692361,100%,0,22,22,22,0,0,0
0x6ebfdb,100%,0,1,1,0,0,0,1
0x80c972,100%,0,10,10,0,0,0,10
0x973b63,100%,0,10,10,0,0,0,10
0x5a875f,100%,0,2,2,0,0,0,2
0x692411,100%,0,10,10,10,0,0,0
0x678ca3,100%,0,1794,1794,0,0,0,1794
0x69243b,100%,0,10,10,0,0,0,10
0xa0b9c9,100%,0,2,2,2,0,0,0
0xaabb9c,100%,0,4,4,4,0,0,0
0x910f68,100%,0,1158,1158,1158,0,0,0
0x699443,100%,0,1,1,1,0,0,0
0x83259e,100%,0,1,1,0,0,0,1
0x697973,100%,0,56,56,0,0,0,56
0x590cd9,100%,0,20,20,20,0,0,0
0x69904a,100%,0,1,1,1,0,0,0
0x554797,100%,0,63,63,63,0,0,0
0x5b8de8,100%,0,4,4,4,0,0,0
0xa478fd,100%,0,14,14,0,0,0,14
0x67f3b8,100%,0,2,2,2,0,0,0
0x67f40d,100%,0,2,2,0,0,0,2
0x67f418,100%,0,2,2,2,0,0,0
0x9e88b2,100%,0,5,5,0,0,0,5
0x5df7fd,100%,0,14,14,0,0,0,14
0x5ebd9c,100%,0,7,7,7,0,0,0
0x5df81d,100%,0,14,14,14,0,0,0
0x5f06a6,100%,0,68,68,68,0,0,0
0x495ddc,100%,0,19,19,0,0,0,19
0x699471,100%,0,1,1,0,0,0,1
0xaa40de,100%,0,14,14,0,0,0,14
0x904214,100%,0,20,20,0,0,0,20
0x69947e,100%,0,1,1,1,0,0,0
0xaa6407,100%,0,90,90,0,0,0,90
0x6994b4,100%,0,1,1,1,0,0,0
0x50250a,100%,0,223,223,223,0,0,0
0x8a6a3f,100%,0,1,1,1,0,0,0
0x4832bb,100%,0,29,29,0,0,0,29
0x5dfa8d,100%,0,14,14,14,0,0,0
0x6994d6,100%,0,1,1,1,0,0,0
0x67d78e,100%,0,2,2,2,0,0,0
0xa9b8a8,100%,0,20,20,20,0,0,0
0x5dfbd5,100%,0,14,14,0,0,0,14
0x4b49d7,100%,0,56,56,0,0,0,56
0x90126d,100%,0,40,40,0,0,0,40
0x4a5c61,100%,0,4,4,0,0,0,4
0x5beaa2,100%,0,2,2,0,0,0,2
0x98cb07,100%,0,226,226,0,0,0,226
0xaaae56,100%,0,46,46,46,0,0,0
0x917778,100%,0,188,188,0,0,0,188
0xa5c6b7,100%,0,98,98,0,0,0,98
0x50c0e9,100%,0,20,20,0,0,0,20
0x9a6573,100%,0,4,4,0,0,0,4
0xa5c2ec,100%,0,32,32,0,0,0,32
0x8fcf5e,100%,0,230,230,0,0,0,230
0xa99d5d,100%,0,11,11,11,0,0,0
0x8375fe,100%,0,86,86,0,0,0,86
0x5bac79,100%,0,378,378,0,0,0,378
0xa5c498,100%,0,50,50,0,0,0,50
0xa9033c,100%,0,38,38,38,0,0,0
0x944ffe,100%,0,347,347,347,0,0,0
0x9d1057,100%,0,8,8,0,0,0,8
0x661afc,100%,0,2,2,0,0,0,2
0x9ff7a8,100%,0,2,2,0,0,0,2
0xaccb36,100%,0,3,3,3,0,0,0
0xaccb9a,100%,0,3,3,0,0,0,3
0xaccba8,100%,0,3,3,3,0,0,0
0x53ee5b,100%,0,4,4,0,0,0,4
0x6a395b,100%,0,64,64,64,0,0,0
0xa30c81,100%,0,19,19,0,0,0,19
0x9a1e1e,100%,0,126,126,0,0,0,126
0xacce9e,100%,0,3,3,3,0,0,0
0x544d66,100%,0,100,100,0,0,0,100
0x7ef9bf,100%,0,2,2,2,0,0,0
0x48f5de,100%,0,3,3,0,0,0,3
0x4ae593,100%,0,1,1,0,0,0,1
0x8ae99d,100%,0,146,146,0,0,0,146
0x4825ed,100%,0,19,19,0,0,0,19
0x49cf60,100%,0,1,1,1,0,0,0
0x5bb64a,100%,0,23,23,0,0,0,23
0xa5bdbd,100%,0,32,32,32,0,0,0
0xa374ab,100%,0,10,10,0,0,0,10
0x5bb680,100%,0,23,23,0,0,0,23
0xa978ab,100%,0,10,10,10,0,0,0
0x5bb776,100%,0,2,2,0,0,0,2
0x5bba6c,100%,0,1402,1402,0,0,0,1402
0x65c6c1,100%,0,4,4,0,0,0,4
0x652028,100%,0,39,39,0,0,0,39
0xa378cd,100%,0,4,4,0,0,0,4
0x5bb801,100%,0,967,967,0,0,0,967
0x88ea98,100%,0,39,39,39,0,0,0
0x9a2373,100%,0,20,20,0,0,0,20
0x677d19,100%,0,819,819,819,0,0,0
0xa53f25,100%,0,107,107,0,0,0,107
0x5ef9fe,100%,0,1,1,0,0,0,1
0x88e712,100%,0,39,39,39,0,0,0
0x5bbaba,100%,0,6,6,0,0,0,6
0x81e418,100%,0,215,215,0,0,0,215
0xb499cb,100%,0,3,3,0,0,0,3
0x98d037,100%,0,12,12,0,0,0,12
0x487264,100%,0,138,138,138,0,0,0
0x677c2d,100%,0,357,357,0,0,0,357
0x4c680a,100%,0,12,12,0,0,0,12
0x677c3c,100%,0,357,357,357,0,0,0
0x54daa5,100%,0,39,39,0,0,0,39
0x5b2816,100%,0,2,2,0,0,0,2
0x5babb0,100%,0,759,759,0,0,0,759
0x54da94,100%,0,39,39,0,0,0,39
0xa5c3b1,100%,0,149,149,0,0,0,149
0x7f0c05,100%,0,5,5,1,0,0,4
0x95979f,100%,0,48,48,48,0,0,0
0x4ae883,100%,0,20,20,0,0,0,20
0x59aadb,100%,0,2,2,2,0,0,0
0x49bcf0,100%,0,23,23,0,0,0,23
0x7f0c20,100%,0,4,4,4,0,0,0
0x4be79b,100%,0,9,9,0,0,0,9
0x7f0c0a,100%,0,4,4,4,0,0,0
0x54cf74,100%,0,15,15,15,0,0,0
0x60e678,100%,0,38,38,0,0,0,38
0xa487f8,100%,0,42,42,42,0,0,0
0x7f0b4f,100%,0,5,5,0,0,0,5
0x7efe85,100%,0,149,149,149,0,0,0
0x7efe05,100%,0,149,149,149,0,0,0
0x58e5c9,100%,0,6,6,0,0,0,6
0xb17a3d,100%,0,715,715,0,0,0,715
0xb17a0f,100%,0,715,715,715,0,0,0
0x7f0cb0,100%,0,75,75,0,0,0,75
0x60e69d,100%,0,38,38,0,0,0,38
0x7f0281,100%,0,18,18,18,0,0,0
0x487fbe,100%,0,2,2,2,0,0,0
0x4ad3eb,100%,0,20,20,0,0,0,20
0x7f03cc,100%,0,19,19,0,0,0,19
0x49b1b1,100%,0,14,14,14,0,0,0
0x4ad36a,100%,0,20,20,0,0,0,20
0x7f0427,100%,0,155,155,0,0,0,155
0x493575,100%,0,15,15,0,0,0,15
0x9eeedc,100%,0,6,6,0,0,0,6
0x4ad29c,100%,0,20,20,0,0,0,20
0x4931eb,100%,0,39,39,39,0,0,0
0x496002,100%,0,87,87,87,0,0,0
0x60e5a8,100%,0,1,1,0,0,0,1
0x4ad222,100%,0,20,20,0,0,0,20
0xacdd40,100%,0,2,2,2,0,0,0
0x4ae59c,100%,0,1,1,0,0,0,1
0x7efcf1,100%,0,2,2,0,0,0,2
0x63aa66,100%,0,200,200,0,0,0,200
0xaa4a4f,100%,0,3,3,0,0,0,3
0x9f69e1,100%,0,8,8,0,0,0,8
0x50aaa8,100%,0,4,4,0,0,0,4
0x4bcad2,100%,0,10,10,0,0,0,10
0x7efda7,100%,0,168,168,0,0,0,168
0x495ad6,100%,0,1,1,0,0,0,1
0x5beaba,100%,0,2,2,2,0,0,0
0x5beada,100%,0,2,2,2,0,0,0
0x60e528,100%,0,81,81,0,0,0,81
0xaadbb3,100%,0,325,325,0,0,0,325
0x60e54d,100%,0,81,81,0,0,0,81
0xa17f69,100%,0,546,546,0,0,0,546
0x5fb424,100%,0,2,2,0,0,0,2
0xa5956a,100%,0,21,21,21,0,0,0
0x677b76,100%,0,78,78,0,0,0,78
0xacc2f8,100%,0,2,2,0,0,0,2
0x54d949,100%,0,16,16,16,0,0,0
0xacdf93,100%,0,2,2,2,0,0,0
0x803847,100%,0,2,2,2,0,0,0
0x60bc37,100%,0,18,18,18,0,0,0
0x7f0ca7,100%,0,75,75,0,0,0,75
0xaaddd8,100%,0,2,2,0,0,0,2
0xaaddd3,100%,0,2,2,0,0,0,2
0xaadd96,100%,0,2,2,2,0,0,0
0x9a0a43,100%,0,28,28,0,0,0,28
0xb4a018,100%,0,1,1,0,0,0,1
0xaa127b,100%,0,4,4,0,0,0,4
0x40a30a,100%,0,91,91,0,0,0,91
0x8bf146,100%,0,2,2,0,0,0,2
0x50ac93,100%,0,21,21,0,0,0,21
0x99dc1a,100%,0,15,15,0,0,0,15
0x6108f4,100%,0,13,13,0,0,0,13
0x5b39f1,100%,0,4,4,0,0,0,4
0x6108fe,100%,0,13,13,0,0,0,13
0x9f238f,100%,0,2,2,0,0,0,2
0xa59287,100%,0,10,10,0,0,0,10
0x5b5d32,100%,0,20,20,0,0,0,20
0x488ece,100%,0,388,388,0,0,0,388
0x9ecacf,100%,0,5,5,5,0,0,0
0x6667e1,100%,0,2,2,0,0,0,2
0x54d69e,100%,0,20,20,0,0,0,20
0x8fce25,100%,0,44,44,44,0,0,0
0xa341fd,100%,0,170,170,0,0,0,170
0x551104,100%,0,2,2,2,0,0,0
0x7f3e7a,100%,0,15,15,0,0,0,15
0x63f6ce,100%,0,2,2,2,0,0,0
0x8e02dd,100%,0,285,285,0,0,0,285
0x53903e,100%,0,132,132,0,0,0,132
0x5bae68,100%,0,2,2,0,0,0,2
0x5b3012,100%,0,10,10,0,0,0,10
0x49056c,100%,0,3,3,0,0,0,3
0xa90c24,100%,0,137,137,0,0,0,137
0x90ed76,100%,0,1857,1857,1857,0,0,0
0x441677,100%,0,11,11,0,0,0,11
0x8eee12,100%,0,140,140,0,0,0,140
0x5bb184,100%,0,7,7,7,0,0,0
0x9d1c5a,100%,0,3,3,0,0,0,3
0x40b042,100%,0,2,2,0,0,0,2
0xa53ae7,100%,0,2,2,2,0,0,0
0x490c88,100%,0,20,20,0,0,0,20
0x666cc6,100%,0,2,2,0,0,0,2
0x9f38ff,100%,0,4,4,0,0,0,4
0x5c37fe,100%,0,4,4,4,0,0,0
0x495bc7,100%,0,19,19,0,0,0,19
0xa9ca28,100%,0,10,10,0,0,0,10
0x495ba1,100%,0,19,19,19,0,0,0
0x5f5467,100%,0,25,25,25,0,0,0
0x5f53ef,100%,0,12,12,0,0,0,12
0x7efd2d,100%,0,72,72,0,0,0,72
0x5f547a,100%,0,2,2,2,0,0,0
0x5dab4e,100%,0,4,4,4,0,0,0
0x4acb0c,100%,0,15,15,0,0,0,15
0x9ea64c,100%,0,91,91,91,0,0,0
0x495a10,100%,0,18,18,0,0,0,18
0x59160a,100%,0,3,3,0,0,0,3
0x98d08a,100%,0,7,7,0,0,0,7
0xaa86f2,100%,0,19,19,19,0,0,0
0x63f0a2,100%,0,2,2,0,0,0,2
0xaa86d1,100%,0,19,19,19,0,0,0
0x495959,100%,0,19,19,19,0,0,0
0xa33c48,100%,0,72,72,0,0,0,72
0x8bb93f,100%,0,37,37,0,0,0,37
0x4ac741,100%,0,20,20,0,0,0,20
0x53bb83,100%,0,132,132,0,0,0,132
0xa08ca9,100%,0,4,4,4,0,0,0
0xa9ef3a,100%,0,2,2,0,0,0,2
0x60dfc0,100%,0,9,9,0,0,0,9
0x814e95,100%,0,22,22,0,0,0,22
0xa92327,100%,0,4,4,0,0,0,4
0x5ea9d6,100%,0,8,8,8,0,0,0
0x7f3772,100%,0,15,15,0,0,0,15
0x9fdcba,100%,0,7,7,0,0,0,7
0x7f36f5,100%,0,15,15,0,0,0,15
0x648443,100%,0,277,277,0,0,0,277
0xb498ec,100%,0,12,12,0,0,0,12
0x490ce8,100%,0,9,9,0,0,0,9
0x9f086d,100%,0,4,4,0,0,0,4
0x9f097d,100%,0,200,200,0,0,0,200
0x9f0a78,100%,0,28,28,28,0,0,0
0x9ed91e,100%,0,64,64,0,0,0,64
0x9f0e62,100%,0,24,24,0,0,0,24
0x9f0e8f,100%,0,59,59,0,0,0,59
0x9f0ac0,100%,0,4,4,4,0,0,0
0x9a254c,100%,0,40,40,40,0,0,0
0xa042a5,100%,0,1,1,0,0,0,1
0x90a61e,100%,0,44,44,44,0,0,0
0x666faa,100%,0,23,23,23,0,0,0
0x54c6a3,100%,0,89,89,89,0,0,0
0x8d2eca,100%,0,2,2,0,0,0,2
0x9be6ec,100%,0,24,24,0,0,0,24
0x648457,100%,0,447,447,0,0,0,447
0x9e6285,100%,0,72,72,0,0,0,72
0x8fd827,100%,0,6,6,0,0,0,6
0x667184,100%,0,6,6,6,0,0,0
0x9bb42d,100%,0,19,19,19,0,0,0
0x5bb315,100%,0,2,2,2,0,0,0
0x9c3f8d,100%,0,466,466,466,0,0,0
0x54db5e,100%,0,39,39,0,0,0,39
0xa5baa6,100%,0,2,2,0,0,0,2
0xa37259,100%,0,6,6,0,0,0,6
0xa5bb3e,100%,0,32,32,0,0,0,32
0xa95fb4,100%,0,8,8,0,0,0,8
0x5bb540,100%,0,2,2,0,0,0,2
0x9a24b2,100%,0,4,4,4,0,0,0
0x5bb550,100%,0,2,2,2,0,0,0
0x9f02f7,100%,0,2,2,2,0,0,0
0x4c65f5,100%,0,2,2,0,0,0,2
0x8d3cc0,100%,0,473,473,0,0,0,473
0x490c2c,100%,0,26,26,0,0,0,26
0x9f026a,100%,0,94,94,0,0,0,94
0xa95432,100%,0,4,4,0,0,0,4
0x9f026f,100%,0,94,94,0,0,0,94
0x651697,100%,0,56,56,0,0,0,56
0x666cf5,100%,0,6,6,6,0,0,0
0x8a97e4,100%,0,13052,13052,0,0,0,13052
0xa2f262,100%,0,38,38,0,0,0,38
0x9f406f,100%,0,3,3,0,0,0,3
0x5b410c,100%,0,31,31,0,0,0,31
0x666f4d,100%,0,2,2,0,0,0,2
0x666f5e,100%,0,2,2,0,0,0,2
0x9e5dd3,100%,0,17,17,0,0,0,17
0x4bfc92,100%,0,16,16,0,0,0,16
0x9f273e,100%,0,85,85,0,0,0,85
0xa316d5,100%,0,2,2,0,0,0,2
0x9e26b1,100%,0,539,539,0,0,0,539
0xa1a149,100%,0,5,5,0,0,0,5
0xa1a15a,100%,0,5,5,0,0,0,5
0x66d453,100%,0,1464,1464,0,0,0,1464
0xa2780b,100%,0,8,8,0,0,0,8
0x65a0cd,100%,0,1504,1504,0,0,0,1504
0x490eda,100%,0,9,9,9,0,0,0
0xa277ba,100%,0,5,5,5,0,0,0
0xa1a1d8,100%,0,9,9,0,0,0,9
0x667113,100%,0,193,193,193,0,0,0
0x490e9c,100%,0,9,9,9,0,0,0
0x50774c,100%,0,26,26,0,0,0,26
0x65a239,100%,0,3,3,0,0,0,3
0xa9ff49,100%,0,3,3,0,0,0,3
0xa0409f,100%,0,1,1,0,0,0,1
0x94e0ef,100%,0,7,7,7,0,0,0
0xa530e2,100%,0,192,192,0,0,0,192
0xa45374,100%,0,348,348,0,0,0,348
0x5f5d19,100%,0,2,2,0,0,0,2
0x942c40,100%,0,75,75,0,0,0,75
0xa46507,100%,0,488,488,488,0,0,0
0x7cf7b8,100%,0,8,8,0,0,0,8
0x951bcb,100%,0,9,9,0,0,0,9
0x9fb5ab,100%,0,222,222,222,0,0,0
0x51af08,100%,0,2,2,2,0,0,0
0x8ea6a6,100%,0,4,4,0,0,0,4
0x675702,100%,0,1,1,0,0,0,1
0x81382a,100%,0,61,61,61,0,0,0
0x62293b,100%,0,10,10,10,0,0,0
0x5f5a8c,100%,0,2,2,0,0,0,2
0x94ed55,100%,0,30,30,0,0,0,30
0x50e366,100%,0,18,18,0,0,0,18
0x53969e,100%,0,109,109,0,0,0,109
0x95b806,100%,0,4,4,0,0,0,4
0x48f4f5,100%,0,3,3,0,0,0,3
0x649cbc,100%,0,2,2,2,0,0,0
0x649d96,100%,0,2,2,2,0,0,0
0x610cf1,100%,0,244,244,0,0,0,244
0xa45052,100%,0,433,433,433,0,0,0
0x50b33b,100%,0,2,2,0,0,0,2
0x8ba05a,100%,0,1,1,0,0,0,1
0x956372,100%,0,1,1,1,0,0,0
0x811809,100%,0,2,2,0,0,0,2
0x5446f9,100%,0,2,2,2,0,0,0
0x7c5d71,100%,0,14,14,0,0,0,14
0x51aeb9,100%,0,2,2,0,0,0,2
0xa464d1,100%,0,14,14,14,0,0,0
0x4b4b1e,100%,0,71,71,0,0,0,71
0xa37042,100%,0,32,32,0,0,0,32
0x4b4984,100%,0,138,138,0,0,0,138
0x6923e7,100%,0,10,10,10,0,0,0
0x50a2fc,100%,0,4,4,0,0,0,4
0x96999a,100%,0,39,39,39,0,0,0
0x5408a8,100%,0,6,6,0,0,0,6
0x675170,100%,0,1,1,0,0,0,1
0x673daf,100%,0,5,5,0,0,0,5
0x548acd,100%,0,8,8,0,0,0,8
0x7cc161,100%,0,12,12,0,0,0,12
0x48c380,100%,0,7,7,0,0,0,7
0x816881,100%,0,226,226,0,0,0,226
0x648ce9,100%,0,2,2,2,0,0,0
0xa05e2c,100%,0,6,6,6,0,0,0
0x48e8e8,100%,0,2,2,0,0,0,2
0xa22e0d,100%,0,19,19,19,0,0,0
0xa2b30c,100%,0,2,2,0,0,0,2
0xa459d9,100%,0,18,18,18,0,0,0
0xa4588c,100%,0,41,41,0,0,0,41
0x813962,100%,0,44,44,0,0,0,44
0x9e147d,100%,0,26,26,26,0,0,0
0xa28227,100%,0,3,3,3,0,0,0
0x5fe7c3,100%,0,105,105,0,0,0,105
0x9fb1aa,100%,0,37,37,0,0,0,37
0x6498b9,100%,0,2,2,0,0,0,2
0x51afea,100%,0,260,260,0,0,0,260
0xa4523e,100%,0,316,316,0,0,0,316
0xa8e5d4,100%,0,1,1,1,0,0,0
0x94edf5,100%,0,30,30,0,0,0,30
0xa44a8d,100%,0,4,4,0,0,0,4
0x50fef0,100%,0,2,2,0,0,0,2
0x533a73,100%,0,9,9,9,0,0,0
0x54da15,100%,0,39,39,39,0,0,0
0x590e5c,100%,0,18,18,0,0,0,18
0x67514c,100%,0,1,1,0,0,0,1
0x50fedf,100%,0,2,2,0,0,0,2
0x8160c6,100%,0,104,104,0,0,0,104
0xa2a93f,100%,0,1,1,0,0,0,1
0xa6b934,100%,0,4,4,0,0,0,4
0x50fec0,100%,0,2,2,0,0,0,2
0x53ec60,100%,0,5,5,0,0,0,5
0xa48da6,100%,0,178,178,0,0,0,178
0x5f7614,100%,0,2,2,0,0,0,2
0xa2b351,100%,0,2,2,0,0,0,2
0xa2b40a,100%,0,31,31,0,0,0,31
0x5f6216,100%,0,2,2,0,0,0,2
0xa2b430,100%,0,14,14,14,0,0,0
0xa2d3ec,100%,0,4,4,0,0,0,4
0x81692e,100%,0,59,59,0,0,0,59
0x50fe3e,100%,0,2,2,0,0,0,2
0xa263f0,100%,0,108,108,0,0,0,108
0x9b8fe0,100%,0,19,19,0,0,0,19
0xaa0171,100%,0,3,3,0,0,0,3
0x9b8fae,100%,0,83,83,0,0,0,83
0x9f4190,100%,0,33,33,33,0,0,0
0x9b8f95,100%,0,83,83,0,0,0,83
0x54678c,100%,0,2,2,0,0,0,2
0x679f1d,100%,0,6,6,0,0,0,6
0x5467f5,100%,0,2,2,0,0,0,2
0x7cf69d,100%,0,8,8,8,0,0,0
0x543f5f,100%,0,218,218,218,0,0,0
0x6d1eea,100%,0,33,33,0,0,0,33
0x53e3e0,100%,0,2,2,1,0,0,1
0x60bb5d,100%,0,18,18,0,0,0,18
0x7c7455,100%,0,6,6,6,0,0,0
0x592b1d,100%,0,90,90,0,0,0,90
0xa4980d,100%,0,42,42,0,0,0,42
0x5f93f7,100%,0,3,3,3,0,0,0
0x5f93da,100%,0,3,3,0,0,0,3
0x951bf9,100%,0,9,9,9,0,0,0
0xa58507,100%,0,181,181,181,0,0,0
0x8dfdc0,100%,0,32,32,32,0,0,0
0x90cedc,100%,0,842,842,0,0,0,842
0x8f1366,100%,0,40,40,40,0,0,0
0xb49749,100%,0,16,16,0,0,0,16
0xa3443f,100%,0,49,49,0,0,0,49
0xa42876,100%,0,175,175,0,0,0,175
0x5f94d5,100%,0,3,3,0,0,0,3
0x5f94bf,100%,0,25,25,0,0,0,25
0x40d50f,100%,0,252,252,0,0,0,252
0x9d179a,100%,0,120,120,120,0,0,0
0x5f9225,100%,0,7,7,0,0,0,7
0x49d00f,100%,0,1,1,0,0,0,1
0x8a9ee4,100%,0,466,466,0,0,0,466
0x5f769b,100%,0,30,30,0,0,0,30
0x9e10fb,100%,0,29,29,0,0,0,29
0x9bb3e4,100%,0,65,65,0,0,0,65
0xa64d40,100%,0,4,4,4,0,0,0
0x80abde,100%,0,2,2,0,0,0,2
0x4a871c,100%,0,2,2,0,0,0,2
0xa44c10,100%,0,4,4,0,0,0,4
0x815b3d,100%,0,41,41,41,0,0,0
0x4a724a,100%,0,2,2,2,0,0,0
0xa92ace,100%,0,43,43,0,0,0,43
0x5f61dd,100%,0,4,4,0,0,0,4
0x4b4f7d,100%,0,71,71,0,0,0,71
0x4bad07,100%,0,8,8,0,0,0,8
0x8fda7e,100%,0,17,17,0,0,0,17
0x5e5cde,100%,0,3,3,0,0,0,3
0x4ba34b,100%,0,32,32,0,0,0,32
0xa95fa2,100%,0,8,8,0,0,0,8
0x4b4c8f,100%,0,2,2,0,0,0,2
0x4b4ca2,100%,0,2,2,0,0,0,2
0x9e6be5,100%,0,53,53,53,0,0,0
0x60b99b,100%,0,85,85,0,0,0,85
0x7c7b8f,100%,0,97,97,0,0,0,97
0x8f5044,100%,0,12,12,0,0,0,12
0x94d5f6,100%,0,564,564,0,0,0,564
0x7c7b78,100%,0,97,97,0,0,0,97
0x40a00f,100%,0,1,1,0,0,0,1
0xad4566,100%,0,5,5,0,0,0,5
0x75882c,100%,0,1,1,0,0,0,1
0xa08e71,100%,0,45,45,0,0,0,45
0x9be9bb,100%,0,2,2,2,0,0,0
0xa05396,100%,0,8,8,0,0,0,8
0x7810cd,100%,0,51,51,0,0,0,51
0x902796,100%,0,39,39,0,0,0,39
0xb30706,100%,0,5,5,0,0,0,5
0x90278c,100%,0,51,51,0,0,0,51
0xa5891b,100%,0,116,116,0,0,0,116
0x8aab95,100%,0,852,852,0,0,0,852
0xa57586,100%,0,41,41,0,0,0,41
0x81a731,100%,0,5965,5965,5965,0,0,0
0x7879af,100%,0,2,2,0,0,0,2
0xa31b55,100%,0,213,213,0,0,0,213
0x8b9fca,100%,0,40,40,0,0,0,40
0x98cc44,100%,0,18,18,18,0,0,0
0x5fc9b4,100%,0,2,2,0,0,0,2
0x6753a5,100%,0,1,1,1,0,0,0
0x7c66e2,100%,0,8,8,0,0,0,8
0xa077c3,100%,0,2,2,2,0,0,0
0x50154f,100%,0,272,272,272,0,0,0
0xa07fee,100%,0,1,1,0,0,0,1
0xa69eb6,100%,0,4,4,0,0,0,4
0xa481fc,100%,0,60,60,0,0,0,60
0x8c748a,100%,0,943,943,943,0,0,0
0xa37381,100%,0,32,32,0,0,0,32
0x64be5e,100%,0,119,119,0,0,0,119
0x9f5bc7,100%,0,4,4,0,0,0,4
0x441977,100%,0,11,11,0,0,0,11
0xa491a6,100%,0,30,30,30,0,0,0
0x7cf961,100%,0,33,33,33,0,0,0
0x48067a,100%,0,9,9,0,0,0,9
0x55908e,100%,0,379,379,0,0,0,379
0x780a36,100%,0,14,14,0,0,0,14
0x4bb967,100%,0,204,204,204,0,0,0
0x5eed78,100%,0,2,2,0,0,0,2
0xace075,100%,0,2,2,2,0,0,0
0x7d3ec4,100%,0,3,3,0,0,0,3
0xa3619b,100%,0,142,142,0,0,0,142
0x8f38be,100%,0,116,116,0,0,0,116
0x9e82b5,100%,0,4,4,4,0,0,0
0x4bcc17,100%,0,107,107,0,0,0,107
0x590597,100%,0,2,2,0,0,0,2
0xa43a2d,100%,0,201,201,201,0,0,0
0x99ac37,100%,0,255,255,0,0,0,255
0x8a5f77,100%,0,1349,1349,1349,0,0,0
0x4bb6ca,100%,0,209,209,0,0,0,209
0xa3d19d,100%,0,8,8,0,0,0,8
0x9f47dd,100%,0,8,8,0,0,0,8
0x9be949,100%,0,16,16,16,0,0,0
0x8c87d3,100%,0,454,454,0,0,0,454
0x65bc36,100%,0,505,505,0,0,0,505
0x8c9052,100%,0,2,2,2,0,0,0
0x4c80c5,100%,0,17,17,17,0,0,0
0x65a308,100%,0,48,48,48,0,0,0
0x7c7be2,100%,0,1,1,0,0,0,1
0x4bad8e,100%,0,304,304,0,0,0,304
0x81ef63,100%,0,4,4,4,0,0,0
0xa0981a,100%,0,1,1,1,0,0,0
0x8fd820,100%,0,6,6,0,0,0,6
0x63adbf,100%,0,261,261,261,0,0,0
0xa21276,100%,0,12,12,0,0,0,12
0x4ba802,100%,0,294,294,0,0,0,294
0x4ba256,100%,0,189,189,0,0,0,189
0x7cc1ec,100%,0,12,12,0,0,0,12
0x8a6282,100%,0,136,136,136,0,0,0
0x558db1,100%,0,75,75,0,0,0,75
0x9842e0,100%,0,12,12,12,0,0,0
0x96a11c,100%,0,2,2,0,0,0,2
0xa46df4,100%,0,257,257,0,0,0,257
0x99ebc1,100%,0,13,13,0,0,0,13
0x901ff4,100%,0,461,461,0,0,0,461
0x4bee93,100%,0,58,58,0,0,0,58
0x8136d4,100%,0,330,330,330,0,0,0
0x58cb97,100%,0,103,103,0,0,0,103
0x8a5a63,100%,0,2,2,0,0,0,2
0xa4963c,100%,0,55,55,0,0,0,55
0xa066dd,100%,0,45,45,0,0,0,45
0x8136fa,100%,0,2,2,0,0,0,2
0x4b4b52,100%,0,71,71,0,0,0,71
0x819427,100%,0,776,776,776,0,0,0
0xa415a7,100%,0,8,8,0,0,0,8
0xa159be,100%,0,375,375,375,0,0,0
0xa41e16,100%,0,625,625,625,0,0,0
0x4c4c1a,100%,0,13,13,0,0,0,13
0x555d18,100%,0,1081,1081,0,0,0,1081
0x8f35d4,100%,0,26,26,0,0,0,26
0x7cf71e,100%,0,14,14,0,0,0,14
0x4b58b9,100%,0,270,270,0,0,0,270
0x5ff492,100%,0,10,10,0,0,0,10
0x64b9c0,100%,0,1397,1397,0,0,0,1397
0x7c7acf,100%,0,24,24,0,0,0,24
0x8f35fc,100%,0,378,378,0,0,0,378
0x78b6d2,100%,0,12,12,0,0,0,12
0x7cf542,100%,0,8,8,8,0,0,0
0x78b674,100%,0,12,12,0,0,0,12
0xa07982,100%,0,1,1,1,0,0,0
0x7c6704,100%,0,8,8,0,0,0,8
0xa06696,100%,0,45,45,0,0,0,45
0xa48b3e,100%,0,167,167,167,0,0,0
0x9a9d44,100%,0,54,54,0,0,0,54
0x7c70bf,100%,0,13,13,13,0,0,0
0x64ce1b,100%,0,439,439,439,0,0,0
0x888607,100%,0,2,2,2,0,0,0
0x5bedb4,100%,0,2,2,0,0,0,2
0x7c7410,100%,0,16,16,0,0,0,16
0xa3899c,100%,0,10,10,10,0,0,0
0xa48a86,100%,0,178,178,178,0,0,0
0x8e02ea,100%,0,285,285,0,0,0,285
0x7c74bc,100%,0,16,16,0,0,0,16
0x9ed9b4,100%,0,126,126,0,0,0,126
0xa087a5,100%,0,8,8,0,0,0,8
0x96e75e,100%,0,1,1,0,0,0,1
0xa723b2,100%,0,4,4,0,0,0,4
0x805f37,100%,0,226,226,0,0,0,226
0x805dde,100%,0,4,4,0,0,0,4
0xa50cdf,100%,0,88,88,0,0,0,88
0x4946d3,100%,0,2,2,2,0,0,0
0x949a90,100%,0,53,53,0,0,0,53
0x837996,100%,0,104,104,0,0,0,104
0x60c37c,100%,0,5,5,5,0,0,0
0x4a0193,100%,0,101,101,0,0,0,101
0x8379e6,100%,0,44,44,44,0,0,0
0x99d3cf,100%,0,9,9,9,0,0,0
0x837d36,100%,0,127,127,127,0,0,0
0x492bb3,100%,0,2,2,2,0,0,0
0x5db599,100%,0,4,4,0,0,0,4
0x9a97d4,100%,0,20,20,20,0,0,0
0x403ce1,100%,0,113,113,0,0,0,113
0xa50ef9,100%,0,358,358,358,0,0,0
0x60de43,100%,0,81,81,0,0,0,81
0x837a11,100%,0,20,20,0,0,0,20
0xa42ea1,100%,0,4,4,0,0,0,4
0xa69e14,100%,0,4,4,0,0,0,4
0x9190da,100%,0,2,2,2,0,0,0
0x813804,100%,0,2,2,0,0,0,2
0x833ae5,100%,0,132,132,132,0,0,0
0x53b8ec,100%,0,11,11,0,0,0,11
0xa50b9f,100%,0,16,16,0,0,0,16
0x5ff49f,100%,0,10,10,0,0,0,10
0xa43e1e,100%,0,49,49,49,0,0,0
0x811898,100%,0,2,2,0,0,0,2
0x980e44,100%,0,74,74,74,0,0,0
0x99f222,100%,0,20,20,20,0,0,0
0x77cb31,100%,0,6,6,6,0,0,0
0x8434f0,100%,0,1,1,0,0,0,1
0x8df2bc,100%,0,24,24,0,0,0,24
0x8164b9,100%,0,2,2,2,0,0,0
0x5338a1,100%,0,18,18,0,0,0,18
0xa51034,100%,0,506,506,0,0,0,506
0xa26c33,100%,0,10,10,0,0,0,10
0xa50fb8,100%,0,6,6,0,0,0,6
0x53387d,100%,0,18,18,0,0,0,18
0x9a6817,100%,0,147,147,147,0,0,0
0x5b6070,100%,0,1,1,1,0,0,0
0x8ba05f,100%,0,1,1,1,0,0,0
0x53c530,100%,0,392,392,0,0,0,392
0x82273e,100%,0,4,4,0,0,0,4
0x59e972,100%,0,8,8,8,0,0,0
0x9a0af1,100%,0,28,28,0,0,0,28
0xa55f34,100%,0,3,3,0,0,0,3
0x4aafd5,100%,0,11,11,11,0,0,0
0x6d9f48,100%,0,1,1,1,0,0,0
0xa37a97,100%,0,7,7,7,0,0,0
0x533c3d,100%,0,9,9,0,0,0,9
0x837439,100%,0,4,4,0,0,0,4
0x8bd845,100%,0,20,20,0,0,0,20
0x805acf,100%,0,84,84,0,0,0,84
0x838815,100%,0,5,5,0,0,0,5
0x8387c3,100%,0,5,5,5,0,0,0
0x554eda,100%,0,142,142,0,0,0,142
0x554f00,100%,0,142,142,0,0,0,142
0x83812d,100%,0,5,5,0,0,0,5
0x83902f,100%,0,16,16,0,0,0,16
0x557aa2,100%,0,65,65,0,0,0,65
0x534a04,100%,0,9,9,0,0,0,9
0x839015,100%,0,16,16,0,0,0,16
0x837a63,100%,0,16,16,0,0,0,16
0xa477a8,100%,0,19,19,19,0,0,0
0x4949cf,100%,0,2,2,0,0,0,2
0xa3ff89,100%,0,24,24,24,0,0,0
0x506272,100%,0,647,647,0,0,0,647
0x9f508f,100%,0,52,52,52,0,0,0
0x54420b,100%,0,9,9,9,0,0,0
0xa553ad,100%,0,114,114,0,0,0,114
0xa5050a,100%,0,257,257,0,0,0,257
0x5441ec,100%,0,9,9,0,0,0,9
0x78d154,100%,0,2,2,0,0,0,2
0x99f777,100%,0,13,13,13,0,0,0
0x402256,100%,0,1710,1710,0,0,0,1710
0x8e928d,100%,0,85,85,0,0,0,85
0x8dec8e,100%,0,6,6,0,0,0,6
0x5f7d33,100%,0,119,119,0,0,0,119
0xa9f358,100%,0,3,3,0,0,0,3
0x544ad3,100%,0,57,57,57,0,0,0
0x94cbc8,100%,0,64,64,0,0,0,64
0x48702a,100%,0,138,138,138,0,0,0
0xa4825d,100%,0,12,12,0,0,0,12
0x544118,100%,0,9,9,0,0,0,9
0xa085ab,100%,0,5,5,0,0,0,5
0x48010b,100%,0,19,19,0,0,0,19
0x5453c7,100%,0,22,22,0,0,0,22
0x558d29,100%,0,75,75,0,0,0,75
0x99f737,100%,0,13,13,0,0,0,13
0x8ad6a0,100%,0,2,2,0,0,0,2
0x6663dd,100%,0,2,2,0,0,0,2
0x404c12,100%,0,21,21,0,0,0,21
0x6994a9,100%,0,1,1,0,0,0,1
0x533975,100%,0,2,2,0,0,0,2
0x5336cb,100%,0,9,9,0,0,0,9
0xa8e657,100%,0,5,5,0,0,0,5
0x88e64e,100%,0,39,39,39,0,0,0
0x4c4dd1,100%,0,2,2,0,0,0,2
0x7840ed,100%,0,8,8,8,0,0,0
0x53dc80,100%,0,10,10,0,0,0,10
0x4b9aeb,100%,0,7,7,7,0,0,0
0x8dc4fa,100%,0,4,4,4,0,0,0
0xa966b4,100%,0,8,8,8,0,0,0
0x5fedc2,100%,0,385,385,0,0,0,385
0x53c3da,100%,0,22,22,22,0,0,0
0x7808ba,100%,0,2,2,0,0,0,2
0xa5564d,100%,0,77,77,0,0,0,77
0x5391dd,100%,0,11,11,0,0,0,11
0x5391fb,100%,0,11,11,11,0,0,0
0xa555eb,100%,0,535,535,535,0,0,0
0xa08696,100%,0,4,4,0,0,0,4
0x538fbc,100%,0,11,11,0,0,0,11
0x538fda,100%,0,11,11,11,0,0,0
0xa494b6,100%,0,506,506,0,0,0,506
0x915a0d,100%,0,2,2,2,0,0,0
0xa50937,100%,0,358,358,0,0,0,358
0x804112,100%,0,60,60,0,0,0,60
0x555a6d,100%,0,55,55,0,0,0,55
0x495b0f,100%,0,1,1,0,0,0,1
0x53906e,100%,0,132,132,0,0,0,132
0x544d98,100%,0,132,132,132,0,0,0
0x557ae3,100%,0,3,3,3,0,0,0
0x9177c6,100%,0,162,162,0,0,0,162
0x544ba9,100%,0,57,57,57,0,0,0
0x544b95,100%,0,57,57,0,0,0,57
0x8eb038,100%,0,6,6,0,0,0,6
0x441997,100%,0,11,11,0,0,0,11
0x9f4adb,100%,0,38,38,0,0,0,38
0x488c43,100%,0,196,196,0,0,0,196
0x649ce8,100%,0,2,2,0,0,0,2
0xa51aa6,100%,0,12,12,0,0,0,12
0x590e7d,100%,0,23,23,0,0,0,23
0x4aabe2,100%,0,41,41,0,0,0,41
0x50ee4b,100%,0,44,44,0,0,0,44
0x969805,100%,0,72,72,0,0,0,72
0x60bb11,100%,0,17,17,0,0,0,17
0x485823,100%,0,12,12,0,0,0,12
0xa9f3a7,100%,0,3,3,0,0,0,3
0xa520f4,100%,0,11,11,11,0,0,0
0x622911,100%,0,10,10,0,0,0,10
0xa37cbd,100%,0,5,5,5,0,0,0
0x50ee60,100%,0,44,44,0,0,0,44
0x9f6de3,100%,0,160,160,0,0,0,160
0x5baeed,100%,0,102,102,0,0,0,102
0x50ef35,100%,0,19,19,0,0,0,19
0x8c93b5,100%,0,576,576,576,0,0,0
0x9f6522,100%,0,179,179,0,0,0,179
0x50efcc,100%,0,2,2,0,0,0,2
0xa51f6b,100%,0,2,2,0,0,0,2
0x8fdd18,100%,0,48,48,0,0,0,48
0x50339b,100%,0,37,37,0,0,0,37
0xa59cd0,100%,0,3,3,3,0,0,0
0x54fd0b,100%,0,1,1,0,0,0,1
0xa63bbd,100%,0,123,123,123,0,0,0
0x48fbe0,100%,0,4,4,0,0,0,4
0x5032bd,100%,0,2,2,0,0,0,2
0xa521bc,100%,0,77,77,0,0,0,77
0x984685,100%,0,95,95,0,0,0,95
0x9d3162,100%,0,3,3,0,0,0,3
0x8ed108,100%,0,6,6,0,0,0,6
0x671c6b,100%,0,2,2,2,0,0,0
0xa52341,100%,0,95,95,0,0,0,95
0x50f004,100%,0,2,2,2,0,0,0
0x8ecf44,100%,0,22,22,0,0,0,22
0x7d4185,100%,0,12,12,0,0,0,12
0x555f03,100%,0,2,2,0,0,0,2
0x9f870f,100%,0,3,3,3,0,0,0
0x69235c,100%,0,22,22,0,0,0,22
0x8d48c5,100%,0,2,2,2,0,0,0
0xa4bc10,100%,0,182,182,0,0,0,182
0x5034dc,100%,0,2,2,0,0,0,2
0x54d036,100%,0,4,4,0,0,0,4
0x9f8221,100%,0,1,1,1,0,0,0
0x9a6418,100%,0,176,176,0,0,0,176
0xaa81c3,100%,0,5,5,0,0,0,5
0x50f232,100%,0,2,2,0,0,0,2
0x50f123,100%,0,2,2,0,0,0,2
0xa3fee1,100%,0,6,6,0,0,0,6
0x7c948b,100%,0,4,4,4,0,0,0
0xa32791,100%,0,78,78,78,0,0,0
0x8e0c57,100%,0,124,124,124,0,0,0
0x78f89c,100%,0,1,1,0,0,0,1
0x8089a2,100%,0,21,21,0,0,0,21
0x80ea8a,100%,0,526,526,0,0,0,526
0x666c62,100%,0,2,2,2,0,0,0
0x666c4b,100%,0,2,2,2,0,0,0
0x7b30bb,100%,0,36,36,0,0,0,36
0x8fdb24,100%,0,9,9,9,0,0,0
0x8fdb79,100%,0,9,9,0,0,0,9
0x5f4e03,100%,0,2,2,2,0,0,0
0x8fd78f,100%,0,15,15,15,0,0,0
0x8fdaf0,100%,0,18,18,0,0,0,18
0x8107d1,100%,0,6,6,6,0,0,0
0x8f2cf1,100%,0,2,2,0,0,0,2
0xa05239,100%,0,45,45,0,0,0,45
0x835fb7,100%,0,2,2,0,0,0,2
0xa0f33c,100%,0,6,6,6,0,0,0
0xa63dc7,100%,0,2,2,2,0,0,0
0x8dc4e5,100%,0,4,4,0,0,0,4
0x8ed90e,100%,0,189,189,189,0,0,0
0x533e53,100%,0,2,2,0,0,0,2
0x65c044,100%,0,452,452,452,0,0,0
0x533dbd,100%,0,2,2,0,0,0,2
0x8055aa,100%,0,19,19,0,0,0,19
0x539743,100%,0,4,4,0,0,0,4
0x8389c1,100%,0,1,1,1,0,0,0
0x4c776a,100%,0,8,8,8,0,0,0
0x4bc8fe,100%,0,12,12,12,0,0,0
0x5960fb,100%,0,13,13,0,0,0,13
0x4b8942,100%,0,11,11,0,0,0,11
0xa92943,100%,0,6,6,0,0,0,6
0x6114f1,100%,0,31,31,0,0,0,31
0x5bb810,100%,0,967,967,967,0,0,0
0xa4a2ff,100%,0,18,18,0,0,0,18
0x554739,100%,0,64,64,0,0,0,64
0x8ef5d3,100%,0,135,135,0,0,0,135
0x58daab,100%,0,26,26,26,0,0,0
0x55476d,100%,0,63,63,0,0,0,63
0x8bb731,100%,0,10,10,0,0,0,10
0xa04153,100%,0,1,1,0,0,0,1
0x8377c3,100%,0,3,3,3,0,0,0
0x78ad7d,100%,0,21,21,21,0,0,0
0xa96279,100%,0,4,4,0,0,0,4
0x49d13e,100%,0,2,2,2,0,0,0
0x53380d,100%,0,7,7,0,0,0,7
0x952427,100%,0,2,2,0,0,0,2
0x5f0a8a,100%,0,3,3,0,0,0,3
0x502f98,100%,0,97,97,0,0,0,97
0x670e58,100%,0,2,2,0,0,0,2
0x4b8af8,100%,0,16,16,0,0,0,16
0x804f09,100%,0,2,2,0,0,0,2
0x843904,100%,0,4,4,4,0,0,0
0x67531f,100%,0,1,1,0,0,0,1
0x819072,100%,0,34,34,34,0,0,0
0x95a9e2,100%,0,4,4,0,0,0,4
0xa5236c,100%,0,154,154,154,0,0,0
0x8f0aab,100%,0,42,42,0,0,0,42
0x8436ee,100%,0,12,12,0,0,0,12
0x8f28d0,100%,0,44,44,44,0,0,0
0x95b647,100%,0,4,4,4,0,0,0
0x843680,100%,0,4,4,0,0,0,4
0x5f37a9,100%,0,7,7,2,0,0,5
0x8f12a9,100%,0,40,40,0,0,0,40
0xaa011e,100%,0,3,3,3,0,0,0
0xa51752,100%,0,77,77,0,0,0,77
0x4a2043,100%,0,4,4,4,0,0,0
0x9f0db6,100%,0,418,418,0,0,0,418
0xa51632,100%,0,162,162,0,0,0,162
0xa5135e,100%,0,12,12,0,0,0,12
0x843502,100%,0,1,1,0,0,0,1
0x805355,100%,0,2,2,0,0,0,2
0xaa5d16,100%,0,1,1,0,0,0,1
0xa583a4,100%,0,230,230,0,0,0,230
0x84349b,100%,0,1,1,0,0,0,1
0x9fb74e,100%,0,306,306,0,0,0,306
0x843471,100%,0,1,1,0,0,0,1
0x951a31,100%,0,152,152,0,0,0,152
0x5cd3ac,100%,0,128,128,0,0,0,128
0x4b82fa,100%,0,11,11,0,0,0,11
0x4be7f3,100%,0,27,27,0,0,0,27
0x9bc7f0,100%,0,299,299,0,0,0,299
0x4be887,100%,0,9,9,0,0,0,9
0xa2d247,100%,0,728,728,0,0,0,728
0x9f592c,100%,0,25,25,0,0,0,25
0x54549c,100%,0,134,134,0,0,0,134
0x5342aa,100%,0,101,101,0,0,0,101
0x8a5cee,100%,0,218,218,0,0,0,218
0x8dc3f2,100%,0,4,4,0,0,0,4
0x4ba832,100%,0,31,31,31,0,0,0
0x4a6dda,100%,0,28,28,0,0,0,28
0x8dcab2,100%,0,4,4,0,0,0,4
0x5ec185,100%,0,14,14,14,0,0,0
0x4047b5,100%,0,614,614,0,0,0,614
0x4b8637,100%,0,11,11,0,0,0,11
0x784ada,100%,0,8,8,0,0,0,8
0x4b8683,100%,0,11,11,0,0,0,11
0x4be7b2,100%,0,9,9,0,0,0,9
0xa37455,100%,0,32,32,32,0,0,0
0x7e1cc7,100%,0,2,2,2,0,0,0
0x943a82,100%,0,4,4,4,0,0,0
0x8dc356,100%,0,4,4,4,0,0,0
0xa2d6bf,100%,0,283,283,0,0,0,283
0x488c61,100%,0,117,117,0,0,0,117
0xa3747b,100%,0,32,32,32,0,0,0
0xa0672d,100%,0,2,2,2,0,0,0
0xa2d698,100%,0,283,283,0,0,0,283
0xa2d665,100%,0,194,194,0,0,0,194
0xa5a0cd,100%,0,4,4,0,0,0,4
0x99f036,100%,0,96,96,0,0,0,96
0x8a70ae,100%,0,56,56,0,0,0,56
0xa0822f,100%,0,4,4,4,0,0,0
0xa2dbe7,100%,0,4,4,0,0,0,4
0x64ba9d,100%,0,1397,1397,0,0,0,1397
0x8fdd3b,100%,0,85,85,0,0,0,85
0x8f1b19,100%,0,141,141,0,0,0,141
0x4c20f9,100%,0,159,159,0,0,0,159
0x48f7a4,100%,0,55,55,0,0,0,55
0x8145fa,100%,0,21,21,3,0,0,18
0x7c750f,100%,0,16,16,0,0,0,16
0x4c20ea,100%,0,159,159,0,0,0,159
0xa210bb,100%,0,3,3,0,0,0,3
0x50e317,100%,0,97,97,0,0,0,97
0x4c208b,100%,0,159,159,0,0,0,159
0xa2df56,100%,0,194,194,0,0,0,194
0x51b321,100%,0,19,19,0,0,0,19
0x7cf687,100%,0,8,8,0,0,0,8
0x8dc403,100%,0,4,4,0,0,0,4
0x4be36c,100%,0,11,11,11,0,0,0
0x8f45fe,100%,0,12,12,0,0,0,12
0x808304,100%,0,27,27,0,0,0,27
0xa2da20,100%,0,10,10,0,0,0,10
0x901c38,100%,0,1,1,0,0,0,1
0x60b988,100%,0,38,38,0,0,0,38
0x8087b6,100%,0,231,231,0,0,0,231
0xa2db6f,100%,0,14,14,0,0,0,14
0x49bda4,100%,0,4,4,0,0,0,4
0xa7bebd,100%,0,5,5,5,0,0,0
0x5be7d8,100%,0,2,2,0,0,0,2
0x98ca13,100%,0,109,109,0,0,0,109
0x6780c6,100%,0,246,246,0,0,0,246
0x4b86d7,100%,0,11,11,0,0,0,11
0x49d0ee,100%,0,2,2,0,0,0,2
0x40477d,100%,0,602,602,0,0,0,602
0x90cb1a,100%,0,119,119,119,0,0,0
0xa5bdea,100%,0,32,32,0,0,0,32
0x4b71e4,100%,0,11,11,11,0,0,0
0x40395c,100%,0,37,37,0,0,0,37
0xa0bdd7,100%,0,5,5,5,0,0,0
0x4926d0,100%,0,1,1,1,0,0,0
0xa47f63,100%,0,12,12,12,0,0,0
0xaa8278,100%,0,5,5,0,0,0,5
0x5cd319,100%,0,3,3,0,0,0,3
0x55de25,100%,0,2,2,2,0,0,0
0x487f40,100%,0,1,1,1,0,0,0
0x9f5b9b,100%,0,8,8,0,0,0,8
0x8ffb49,100%,0,115,115,115,0,0,0
0x9a3f5a,100%,0,28,28,0,0,0,28
0xa47837,100%,0,4,4,0,0,0,4
0x81d3ea,100%,0,182,182,0,0,0,182
0xa53a57,100%,0,2,2,0,0,0,2
0xa326c6,100%,0,2,2,0,0,0,2
0xa47e9f,100%,0,12,12,0,0,0,12
0x9e5cac,100%,0,35,35,35,0,0,0
0x5f875e,100%,0,88,88,0,0,0,88
0xa47e92,100%,0,12,12,0,0,0,12
0x903329,100%,0,12,12,0,0,0,12
0x7ba310,100%,0,4,4,0,0,0,4
0x403a26,100%,0,1,1,1,0,0,0
0x816456,100%,0,2,2,2,0,0,0
0x7b5dc9,100%,0,4,4,0,0,0,4
0x7b5db2,100%,0,4,4,0,0,0,4
0x785832,100%,0,2,2,0,0,0,2
0x98d00c,100%,0,12,12,0,0,0,12
0x7ac776,100%,0,12,12,0,0,0,12
0x7c7a7b,100%,0,32,32,0,0,0,32
0x98cee8,100%,0,12,12,0,0,0,12
0xaada59,100%,0,255,255,0,0,0,255
0xaa002c,100%,0,3,3,0,0,0,3
0xa07eab,100%,0,1,1,1,0,0,0
0x4ca696,100%,0,2,2,0,0,0,2
0xa45dd5,100%,0,52,52,0,0,0,52
0xa45dcb,100%,0,52,52,0,0,0,52
0xa45d62,100%,0,4,4,0,0,0,4
0x6797ce,100%,0,6,6,6,0,0,0
0x9a7e33,100%,0,25,25,0,0,0,25
0x6105bb,100%,0,6,6,0,0,0,6
0x5a6504,100%,0,2,2,0,0,0,2
0xa5a03e,100%,0,3,3,0,0,0,3
0x8ef3dc,100%,0,48,48,0,0,0,48
0x8e339a,100%,0,16,16,0,0,0,16
0x83891c,100%,0,1,1,0,0,0,1
0x9c5480,100%,0,4,4,0,0,0,4
0x5c475c,100%,0,8,8,0,0,0,8
0xa957c4,100%,0,4,4,0,0,0,4
0x9f99f8,100%,0,41,41,41,0,0,0
0x4be362,100%,0,11,11,0,0,0,11
0x49b0e9,100%,0,2,2,0,0,0,2
0x9e05c7,100%,0,58,58,0,0,0,58
0x4b7e28,100%,0,11,11,11,0,0,0
0x4b3876,100%,0,20,20,0,0,0,20
0x812728,100%,0,52,52,0,0,0,52
0x9e0579,100%,0,58,58,0,0,0,58
0x97308e,100%,0,28,28,28,0,0,0
0x9e04b3,100%,0,58,58,0,0,0,58
0x8a7773,100%,0,87,87,0,0,0,87
0x4b755d,100%,0,11,11,11,0,0,0
0x8ed32d,100%,0,9,9,9,0,0,0
0x805aa3,100%,0,2059,2059,0,0,0,2059
0x7955dd,100%,0,13,13,0,0,0,13
0x4a9f03,100%,0,185,185,0,0,0,185
0xa31b49,100%,0,182,182,0,0,0,182
0x4c68b6,100%,0,8,8,0,0,0,8
0x402d59,100%,0,34,34,0,0,0,34
0x4b654d,100%,0,46,46,0,0,0,46
0xaa4a2e,100%,0,3,3,0,0,0,3
0x5a61dd,100%,0,4,4,0,0,0,4
0x9ed8da,100%,0,64,64,0,0,0,64
0x4c6797,100%,0,14,14,0,0,0,14
0xa722d6,100%,0,4,4,0,0,0,4
0x7955e6,100%,0,13,13,13,0,0,0
0x4c7631,100%,0,4,4,4,0,0,0
0x6f09e1,100%,0,16,16,0,0,0,16
0x9487b9,100%,0,39,39,0,0,0,39
0x991328,100%,0,17,17,17,0,0,0
0x9ec45e,100%,0,5,5,0,0,0,5
0x8e929b,100%,0,3,3,3,0,0,0
0x4c673a,100%,0,22,22,0,0,0,22
0x944fbe,100%,0,9,9,9,0,0,0
0x4b9743,100%,0,10,10,0,0,0,10
0x9177e5,100%,0,8,8,8,0,0,0
0x6667cc,100%,0,2,2,0,0,0,2
0xa58ae5,100%,0,96,96,0,0,0,96
0x80be6c,100%,0,5,5,0,0,0,5
0x4ca0ae,100%,0,2,2,0,0,0,2
0x4c6566,100%,0,28,28,0,0,0,28
0x98cd90,100%,0,35,35,0,0,0,35
0x8bcacb,100%,0,9,9,9,0,0,0
0x59e5cf,100%,0,112,112,112,0,0,0
0x98b3ec,100%,0,53,53,0,0,0,53
0x818960,100%,0,632,632,0,0,0,632
0x7d25e5,100%,0,16,16,16,0,0,0
0xaaaeaa,100%,0,130,130,0,0,0,130
0xa31497,100%,0,52,52,0,0,0,52
0x4c8175,100%,0,22,22,0,0,0,22
0xa050b7,100%,0,1,1,0,0,0,1
0xa31ef4,100%,0,36,36,0,0,0,36
0x4c8151,100%,0,22,22,22,0,0,0
0xa01a4b,100%,0,4,4,4,0,0,0
0x675130,100%,0,1,1,0,0,0,1
0x8f1134,100%,0,40,40,0,0,0,40
0xa31244,100%,0,85,85,85,0,0,0
0x63fa5f,100%,0,1857,1857,1857,0,0,0
0x47f1a6,100%,0,1,1,1,0,0,0
0x4c8078,100%,0,22,22,0,0,0,22
0x4c805d,100%,0,22,22,0,0,0,22
0x8d3f0b,100%,0,13,13,0,0,0,13
0x5a0745,100%,0,2,2,2,0,0,0
0xa352db,100%,0,3,3,0,0,0,3
0x4c7f15,100%,0,4,4,0,0,0,4
0x4c76dd,100%,0,4,4,0,0,0,4
0xa5a0de,100%,0,3,3,0,0,0,3
0x8e1631,100%,0,32,32,0,0,0,32
0x8ee602,100%,0,42,42,42,0,0,0
0xa2fce4,100%,0,43,43,0,0,0,43
0x4c769b,100%,0,4,4,0,0,0,4
0xa5a0ba,100%,0,6,6,0,0,0,6
0x8a78f5,100%,0,3,3,3,0,0,0
0x60b096,100%,0,50,50,50,0,0,0
0xa06920,100%,0,2,2,0,0,0,2
0x4b6788,100%,0,11,11,0,0,0,11
0x6491d7,100%,0,2,2,0,0,0,2
0x9488bc,100%,0,39,39,0,0,0,39
0x9487cc,100%,0,39,39,0,0,0,39
0x9fe3fa,100%,0,131,131,0,0,0,131
0xa2f113,100%,0,2,2,2,0,0,0
0x40a12f,100%,0,13,13,0,0,0,13
0x67985f,100%,0,6,6,0,0,0,6
0x48de9d,100%,0,105,105,0,0,0,105
0x4c563e,100%,0,24,24,0,0,0,24
0xa01c26,100%,0,2,2,0,0,0,2
0xa4202e,100%,0,323,323,0,0,0,323
0xa2ec5d,100%,0,64,64,0,0,0,64
0xa41fb1,100%,0,87,87,87,0,0,0
0x8a9eec,100%,0,466,466,466,0,0,0
0xa2ec0d,100%,0,64,64,64,0,0,0
0x7c76c8,100%,0,4,4,0,0,0,4
0x901c99,100%,0,234,234,0,0,0,234
0x901933,100%,0,357,357,0,0,0,357
0x94f1a1,100%,0,1,1,0,0,0,1
0x814637,100%,0,429,429,0,0,0,429
0x50a767,100%,0,51,51,0,0,0,51
0x815c63,100%,0,41,41,0,0,0,41
0x4bb903,100%,0,56,56,0,0,0,56
0xa5928c,100%,0,10,10,0,0,0,10
0xa2eecb,100%,0,184,184,0,0,0,184
0x781531,100%,0,9,9,0,0,0,9
0x9c507e,100%,0,8,8,8,0,0,0
0xa41573,100%,0,8,8,8,0,0,0
0x4c060f,100%,0,42,42,0,0,0,42
0x4c05f9,100%,0,42,42,0,0,0,42
0x4bf256,100%,0,42,42,42,0,0,0
0x48782d,100%,0,1,1,0,0,0,1
0x50e2db,100%,0,75,75,0,0,0,75
0x4c03f5,100%,0,86,86,0,0,0,86
0x8bdcc8,100%,0,1,1,0,0,0,1
0x50fb3b,100%,0,10,10,10,0,0,0
0x404941,100%,0,259,259,0,0,0,259
0x4c4455,100%,0,80,80,0,0,0,80
0x99aa46,100%,0,102,102,0,0,0,102
0x491f9f,100%,0,1,1,0,0,0,1
0x5c4653,100%,0,77,77,0,0,0,77
0xaadac5,100%,0,64,64,64,0,0,0
0x4c5eae,100%,0,43,43,0,0,0,43
0x64c779,100%,0,7,7,0,0,0,7
0x555620,100%,0,4,4,0,0,0,4
0x9ed31a,100%,0,27,27,0,0,0,27
0x789196,100%,0,10,10,0,0,0,10
0x8e96ac,100%,0,1410,1410,1410,0,0,0
0x7d33e7,100%,0,12,12,0,0,0,12
0x5a8861,100%,0,2,2,0,0,0,2
0x5c33dc,100%,0,8,8,0,0,0,8
0x90c8d2,100%,0,78,78,0,0,0,78
0xa2e7cd,100%,0,85,85,0,0,0,85
0xa526d0,100%,0,32,32,32,0,0,0
0xa237ad,100%,0,2,2,0,0,0,2
0x81cabf,100%,0,60,60,0,0,0,60
0xa6b9bc,100%,0,4,4,4,0,0,0
0x4a86db,100%,0,2,2,0,0,0,2
0x4ab896,100%,0,6,6,0,0,0,6
0x9f5cf1,100%,0,7,7,0,0,0,7
0x4903ab,100%,0,79,79,0,0,0,79
0x9ff72c,100%,0,2,2,2,0,0,0
0xa2dcd7,100%,0,36,36,0,0,0,36
0x9dfdf1,100%,0,180,180,180,0,0,0
0x4c5a16,100%,0,21,21,21,0,0,0
0x8a95ea,100%,0,12,12,12,0,0,0
0xa2ed1c,100%,0,64,64,0,0,0,64
0x59fc21,100%,0,1,1,1,0,0,0
0x94357a,100%,0,75,75,0,0,0,75
0x5356ff,100%,0,61,61,0,0,0,61
0x96a258,100%,0,2,2,2,0,0,0
0x7b0a9b,100%,0,22,22,0,0,0,22
0x7b0ad2,100%,0,22,22,22,0,0,0
0x7b3085,100%,0,36,36,0,0,0,36
0xa482d9,100%,0,8,8,0,0,0,8
0x5fa54a,100%,0,40,40,0,0,0,40
0x5df7f5,100%,0,14,14,0,0,0,14
0x9f5af8,100%,0,12,12,0,0,0,12
0x7b30a2,100%,0,36,36,0,0,0,36
0x97ab10,100%,0,18,18,0,0,0,18
0x4b64e0,100%,0,49,49,0,0,0,49
0x80a546,100%,0,282,282,0,0,0,282
0x8165c7,100%,0,39,39,0,0,0,39
0x488a9e,100%,0,1573,1573,0,0,0,1573
0xa47489,100%,0,42,42,42,0,0,0
0x815f1d,100%,0,2,2,0,0,0,2
0x4bcb3b,100%,0,12,12,0,0,0,12
0x4b6779,100%,0,11,11,0,0,0,11
0x4b6758,100%,0,11,11,0,0,0,11
0xa359c9,100%,0,175,175,0,0,0,175
0x4b6748,100%,0,11,11,0,0,0,11
0x80fae4,100%,0,86,86,86,0,0,0
0x4945ba,100%,0,2,2,0,0,0,2
0x4b51a1,100%,0,1,1,0,0,0,1
0xa50180,100%,0,148,148,0,0,0,148
0x4c9886,100%,0,14,14,0,0,0,14
0x8ec558,100%,0,2,2,0,0,0,2
0x590a86,100%,0,18,18,18,0,0,0
0x67e49d,100%,0,56,56,56,0,0,0
0xa9a1f9,100%,0,15,15,0,0,0,15
0xad0630,100%,0,2,2,0,0,0,2
0x81fa00,100%,0,16,16,16,0,0,0
0xa410ad,100%,0,35,35,0,0,0,35
0x4b6ec3,100%,0,31,31,0,0,0,31
0x5556b3,100%,0,4,4,1,0,0,3
0x4b68e2,100%,0,49,49,0,0,0,49
0x4c1451,100%,0,17,17,17,0,0,0
0x4c13b2,100%,0,24,24,24,0,0,0
0xa074cd,100%,0,46,46,0,0,0,46
0x4c3ca7,100%,0,168,168,0,0,0,168
0x4c271b,100%,0,84,84,0,0,0,84
0x8c8178,100%,0,1,1,0,0,0,1
0xa97df8,100%,0,37,37,0,0,0,37
0xa47c3e,100%,0,39,39,0,0,0,39
0xa34864,100%,0,527,527,0,0,0,527
0x80b7c2,100%,0,2,2,0,0,0,2
0x590a9d,100%,0,18,18,0,0,0,18
0xa47c35,100%,0,39,39,0,0,0,39
0x554636,100%,0,1218,1218,0,0,0,1218
0x7ce762,100%,0,44,44,0,0,0,44
0x7ce7eb,100%,0,12,12,12,0,0,0
0x95b89c,100%,0,4,4,0,0,0,4
0x9f3ce1,100%,0,10,10,0,0,0,10
0x789d06,100%,0,6,6,0,0,0,6
0xa02f1c,100%,0,2,2,0,0,0,2
0x65bc54,100%,0,505,505,0,0,0,505
0x647d05,100%,0,27,27,0,0,0,27
0x4bf71f,100%,0,28,28,0,0,0,28
0xaa4cf9,100%,0,3,3,0,0,0,3
0xa64c18,100%,0,6,6,0,0,0,6
0xad6c4a,100%,0,2,2,0,0,0,2
0xa486c6,100%,0,242,242,0,0,0,242
0x4c17bb,100%,0,198,198,198,0,0,0
0xa28560,100%,0,152,152,0,0,0,152
0x4c013e,100%,0,112,112,112,0,0,0
0x8dcaa9,100%,0,4,4,0,0,0,4
0x6cfc46,100%,0,4,4,4,0,0,0
0xa46693,100%,0,96,96,0,0,0,96
0x44146e,100%,0,582,582,0,0,0,582
0x8df3d9,100%,0,24,24,24,0,0,0
0x4c15ed,100%,0,198,198,198,0,0,0
0x6797f9,100%,0,6,6,0,0,0,6
0x9e1530,100%,0,2,2,0,0,0,2
0x44659d,100%,0,586,586,0,0,0,586
0x4a65cc,100%,0,3,3,0,0,0,3
0x90c917,100%,0,2114,2114,2114,0,0,0
0xa9f366,100%,0,3,3,0,0,0,3
0x8047d8,100%,0,2,2,2,0,0,0
0xa9326d,100%,0,225,225,225,0,0,0
0xa9818b,100%,0,2,2,0,0,0,2
0xa48667,100%,0,4,4,4,0,0,0
0x6389df,100%,0,1204,1204,1204,0,0,0
0x4c5338,100%,0,294,294,0,0,0,294
0xa41f8a,100%,0,289,289,0,0,0,289
0x951c9f,100%,0,637,637,0,0,0,637
0x99a094,100%,0,5,5,5,0,0,0
0x9d1fba,100%,0,101,101,0,0,0,101
0x8f2171,100%,0,37,37,0,0,0,37
0x4bf6a7,100%,0,83,83,0,0,0,83
0x7d3e86,100%,0,3,3,0,0,0,3
0xa15dca,100%,0,8,8,0,0,0,8
0x5c474a,100%,0,8,8,0,0,0,8
0x5960c9,100%,0,13,13,0,0,0,13
0xa3d1e4,100%,0,8,8,8,0,0,0
0x4c81b7,100%,0,22,22,0,0,0,22
0x9f483b,100%,0,8,8,0,0,0,8
0x8ea41a,100%,0,4,4,0,0,0,4
0xa59fbb,100%,0,3,3,3,0,0,0
0x670639,100%,0,41,41,0,0,0,41
0xa63cdd,100%,0,2,2,0,0,0,2
0x590ca2,100%,0,20,20,0,0,0,20
0xa46bad,100%,0,96,96,0,0,0,96
0x590cab,100%,0,20,20,2,0,0,18
0xa53aa6,100%,0,2,2,0,0,0,2
0x590cb8,100%,0,18,18,0,0,0,18
0x590cc4,100%,0,22,22,0,0,0,22
0xa46aa2,100%,0,96,96,0,0,0,96
0x6ed6c0,100%,0,1,1,0,0,0,1
0xa8e3b5,100%,0,1,1,0,0,0,1
0x5e1efa,100%,0,6,6,0,0,0,6
0xa99c8c,100%,0,4,4,0,0,0,4
0x5bb8a4,100%,0,964,964,964,0,0,0
0x8ad77e,100%,0,2,2,0,0,0,2
0x590d21,100%,0,22,22,0,0,0,22
0x48029e,100%,0,38,38,0,0,0,38
0x590d51,100%,0,20,20,0,0,0,20
0x88df1d,100%,0,2,2,2,0,0,0
0x4b8a62,100%,0,16,16,0,0,0,16
0x8bd829,100%,0,20,20,0,0,0,20
0x4b75e5,100%,0,11,11,11,0,0,0
0xa48597,100%,0,41,41,0,0,0,41
0x5018af,100%,0,1,1,1,0,0,0
0x5e205e,100%,0,3,3,0,0,0,3
0x6674e9,100%,0,2,2,0,0,0,2
0x9f8546,100%,0,9,9,0,0,0,9
0x4b3973,100%,0,4,4,4,0,0,0
0xa48530,100%,0,56,56,0,0,0,56
0xa478b4,100%,0,22,22,0,0,0,22
0xa470f8,100%,0,19,19,0,0,0,19
0x503d12,100%,0,52,52,0,0,0,52
0x977297,100%,0,2,2,0,0,0,2
0xa4710b,100%,0,19,19,0,0,0,19
0x91563a,100%,0,200,200,0,0,0,200
0x409f14,100%,0,81,81,0,0,0,81
0x4c2318,100%,0,8,8,0,0,0,8
0x4b5aa8,100%,0,27,27,0,0,0,27
0x8a69e1,100%,0,5,5,0,0,0,5
0x70c28c,100%,0,6,6,6,0,0,0
0xa478ef,100%,0,14,14,0,0,0,14
0x4a72c6,100%,0,1,1,1,0,0,0
0x63f9e3,100%,0,2818,2818,0,0,0,2818
0x9a0adb,100%,0,28,28,0,0,0,28
0x8fd4e0,100%,0,113,113,0,0,0,113
0xa498b5,100%,0,22,22,0,0,0,22
0xaa2f18,100%,0,102,102,0,0,0,102
0xa94698,100%,0,46,46,46,0,0,0
0xa41533,100%,0,25,25,0,0,0,25
0xa414d9,100%,0,25,25,0,0,0,25
0x6a3aea,100%,0,12,12,12,0,0,0
0xa40fc1,100%,0,11,11,0,0,0,11
0xa30e1d,100%,0,192,192,0,0,0,192
0x5550a5,100%,0,4,4,4,0,0,0
0x9bda33,100%,0,59,59,0,0,0,59
0x9a3a91,100%,0,2,2,0,0,0,2
0x58d42c,100%,0,12,12,0,0,0,12
0x8a6b1c,100%,0,1,1,1,0,0,0
0x95b656,100%,0,4,4,4,0,0,0
0x81b81b,100%,0,12,12,12,0,0,0
0x90c1fc,100%,0,842,842,0,0,0,842
0x50a07d,100%,0,136,136,0,0,0,136
0x8e16a2,100%,0,32,32,0,0,0,32
0x9e15e6,100%,0,27,27,0,0,0,27
0x5eed86,100%,0,2,2,2,0,0,0
0x8e9f93,100%,0,12,12,12,0,0,0
0x9a1cb9,100%,0,203,203,0,0,0,203
0x96e7e1,100%,0,1,1,0,0,0,1
0x403fab,100%,0,10,10,0,0,0,10
0xb46799,100%,0,1,1,0,0,0,1
0x48ee54,100%,0,331,331,0,0,0,331
0x48bb9d,100%,0,10,10,0,0,0,10
0x4414ae,100%,0,57,57,0,0,0,57
0xa98dbb,100%,0,2,2,2,0,0,0
0x4c2fd6,100%,0,7,7,7,0,0,0
0x4c454a,100%,0,17,17,0,0,0,17
0x4bf75f,100%,0,4,4,4,0,0,0
0x9e615d,100%,0,12,12,12,0,0,0
0x8125c8,100%,0,327,327,0,0,0,327
0xa47b4e,100%,0,9,9,9,0,0,0
0x7d3001,100%,0,51,51,51,0,0,0
0x8a6076,100%,0,2,2,0,0,0,2
0x9595cc,100%,0,4,4,0,0,0,4
0x5d20ca,100%,0,3,3,3,0,0,0
0x63f307,100%,0,200,200,200,0,0,0
0xa97dda,100%,0,37,37,0,0,0,37
0x8ea676,100%,0,4,4,0,0,0,4
0x4bb67b,100%,0,52,52,0,0,0,52
0x7c161e,100%,0,201,201,0,0,0,201
0x977770,100%,0,882,882,0,0,0,882
0x8ee82e,100%,0,3,3,0,0,0,3
0xb4989d,100%,0,10,10,0,0,0,10
0x4bb491,100%,0,52,52,0,0,0,52
0xa48061,100%,0,18,18,18,0,0,0
0x8a5ee0,100%,0,139,139,0,0,0,139
0x4c055f,100%,0,31,31,0,0,0,31
0x9850ee,100%,0,4,4,4,0,0,0
0xb3042e,100%,0,5,5,0,0,0,5
0x4c0549,100%,0,31,31,0,0,0,31
0xa46724,100%,0,30,30,0,0,0,30
0xa4671d,100%,0,30,30,0,0,0,30
0x48ef84,100%,0,55,55,0,0,0,55
0x49bf55,100%,0,6,6,0,0,0,6
0xa44855,100%,0,52,52,0,0,0,52
0x487e70,100%,0,2,2,2,0,0,0
0x8d2f58,100%,0,71,71,71,0,0,0
0x8e4c9e,100%,0,44,44,0,0,0,44
0xa6b664,100%,0,4,4,0,0,0,4
0xa1d74c,100%,0,2,2,0,0,0,2
0x8e24e3,100%,0,110,110,0,0,0,110
0x9e2550,100%,0,15,15,15,0,0,0
0x49971f,100%,0,74,74,0,0,0,74
0xa36444,100%,0,7,7,0,0,0,7
0x4bf30a,100%,0,31,31,31,0,0,0
0x95b38f,100%,0,4,4,0,0,0,4
0x7bb9fc,100%,0,8,8,0,0,0,8
0x5b2fba,100%,0,10,10,10,0,0,0
0x4beee5,100%,0,25,25,0,0,0,25
0xa440f8,100%,0,64,64,0,0,0,64
0xa4feda,100%,0,4,4,0,0,0,4
0xa4400c,100%,0,64,64,0,0,0,64
0xa43f84,100%,0,64,64,0,0,0,64
0x4bedf0,100%,0,58,58,0,0,0,58
0x4a9a71,100%,0,2,2,0,0,0,2
0x8d42dc,100%,0,12,12,0,0,0,12
0xa4992d,100%,0,35,35,35,0,0,0
0x9e21d7,100%,0,104,104,0,0,0,104
0x78270d,100%,0,10,10,0,0,0,10
0x4b78e6,100%,0,28,28,0,0,0,28
0x9e2716,100%,0,58,58,58,0,0,0
0x9eb6ea,100%,0,72,72,0,0,0,72
0x918e67,100%,0,200,200,200,0,0,0
0x81d4cd,100%,0,182,182,0,0,0,182
0x489958,100%,0,8,8,8,0,0,0
0x49cd29,100%,0,5,5,0,0,0,5
0x556a99,100%,0,4,4,0,0,0,4
0x59f1d0,100%,0,1,1,0,0,0,1
0x9ab58f,100%,0,200,200,0,0,0,200
0x4b6dc0,100%,0,28,28,0,0,0,28
0x5f3e65,100%,0,1,1,1,0,0,0
0x7b640d,100%,0,37,37,0,0,0,37
0x5ff049,100%,0,40,40,40,0,0,0
0x558dd6,100%,0,22,22,0,0,0,22
0x97b95e,100%,0,114,114,0,0,0,114
0x8c83d9,100%,0,2,2,2,0,0,0
0xa0a4f3,100%,0,2,2,0,0,0,2
0xa4e830,100%,0,138,138,138,0,0,0
0x8a743a,100%,0,257,257,0,0,0,257
0x9e1a37,100%,0,120,120,0,0,0,120
0xa312b8,100%,0,23,23,0,0,0,23
0x814f0f,100%,0,59,59,0,0,0,59
0x4c0770,100%,0,86,86,0,0,0,86
0x4c0733,100%,0,86,86,0,0,0,86
0x4c06b0,100%,0,86,86,86,0,0,0
0x556d78,100%,0,105,105,0,0,0,105
0x9fb884,100%,0,306,306,0,0,0,306
0xa42738,100%,0,225,225,225,0,0,0
0xa474ce,100%,0,42,42,0,0,0,42
0x8c91f7,100%,0,2,2,2,0,0,0
0x639c67,100%,0,600,600,0,0,0,600
0xa6500f,100%,0,4,4,0,0,0,4
0x508687,100%,0,438,438,0,0,0,438
0x9e6ea7,100%,0,8,8,8,0,0,0
0x8fd20f,100%,0,6,6,0,0,0,6
0x7e20a7,100%,0,13,13,13,0,0,0
0x8e966d,100%,0,2,2,0,0,0,2
0x8c7f31,100%,0,2,2,2,0,0,0
0x4aaa99,100%,0,52,52,0,0,0,52
0x9a328d,100%,0,68,68,0,0,0,68
0x8c9094,100%,0,2,2,0,0,0,2
0x77d87c,100%,0,6,6,0,0,0,6
0xa9ff5d,100%,0,3,3,3,0,0,0
0x8ebe31,100%,0,18,18,0,0,0,18
0x9850c0,100%,0,4,4,0,0,0,4
0x9f6527,100%,0,179,179,0,0,0,179
0x5f7a97,100%,0,1,1,1,0,0,0
0x9177b8,100%,0,188,188,188,0,0,0
0xa37980,100%,0,10,10,10,0,0,0
0x9e3da0,100%,0,11,11,0,0,0,11
0x956451,100%,0,1,1,0,0,0,1
0x911b5e,100%,0,599,599,0,0,0,599
0x5991fa,100%,0,3,3,0,0,0,3
0x49bf36,100%,0,6,6,6,0,0,0
0xa3a22d,100%,0,665,665,0,0,0,665
0xa45692,100%,0,12,12,0,0,0,12
0x5f7ad5,100%,0,7,7,7,0,0,0
0x9f9405,100%,0,52,52,0,0,0,52
0x90218b,100%,0,203,203,0,0,0,203
0x5f7f10,100%,0,8,8,8,0,0,0
0xa2d42c,100%,0,4,4,0,0,0,4
0x4aaa82,100%,0,52,52,0,0,0,52
0x8ecdb3,100%,0,995,995,0,0,0,995
0x7cf357,100%,0,620,620,0,0,0,620
0x4b8878,100%,0,8,8,0,0,0,8
0x5456cc,100%,0,1052,1052,0,0,0,1052
0x9e706a,100%,0,7,7,0,0,0,7
0xa36e0a,100%,0,22,22,0,0,0,22
0x5fa31d,100%,0,796,796,0,0,0,796
0x66612a,100%,0,1,1,1,0,0,0
0x4ab27e,100%,0,3,3,3,0,0,0
0xa21e3b,100%,0,2,2,0,0,0,2
0xa907c9,100%,0,223,223,0,0,0,223
0x8c7c59,100%,0,122,122,122,0,0,0
0x8c82c9,100%,0,32,32,0,0,0,32
0x8149dd,100%,0,63,63,0,0,0,63
0xa34ff3,100%,0,32,32,32,0,0,0
0x403dc7,100%,0,16,16,0,0,0,16
0x81f55b,100%,0,4,4,0,0,0,4
0x9e8174,100%,0,24,24,0,0,0,24
0x5f9edf,100%,0,6,6,6,0,0,0
0x5f2f3b,100%,0,1,1,0,0,0,1
0x5e5ce3,100%,0,3,3,3,0,0,0
0x9e7d88,100%,0,24,24,24,0,0,0
0xa21062,100%,0,1,1,0,0,0,1
0x9e7cfe,100%,0,24,24,0,0,0,24
0x917716,100%,0,163,163,163,0,0,0
0x9e77c1,100%,0,7,7,7,0,0,0
0x917ab1,100%,0,200,200,200,0,0,0
0xa96a4a,100%,0,37,37,0,0,0,37
0x833cbe,100%,0,2,2,0,0,0,2
0x4ada4f,100%,0,5,5,5,0,0,0
0x502ce4,100%,0,19,19,0,0,0,19
0x5f8070,100%,0,4,4,0,0,0,4
0xa94764,100%,0,29,29,0,0,0,29
0x409bad,100%,0,20,20,20,0,0,0
0x9f4995,100%,0,4,4,4,0,0,0
0x5f87fc,100%,0,1,1,0,0,0,1
0xa0788b,100%,0,6,6,0,0,0,6
0x9027de,100%,0,12,12,0,0,0,12
0xa311c3,100%,0,141,141,0,0,0,141
0x5f8ee2,100%,0,179,179,0,0,0,179
0x5f92b4,100%,0,61,61,0,0,0,61
0x8f3e50,100%,0,295,295,0,0,0,295
0xa9d283,100%,0,4,4,4,0,0,0
0x977005,100%,0,2,2,0,0,0,2
0x5ff28f,100%,0,117,117,117,0,0,0
0x5f8d1f,100%,0,31,31,0,0,0,31
0x5f75cb,100%,0,30,30,30,0,0,0
0x80badb,100%,0,119,119,0,0,0,119
0xa9194d,100%,0,59,59,0,0,0,59
0x40995c,100%,0,177,177,0,0,0,177
0x9e3cd7,100%,0,14,14,0,0,0,14
0xaa7f7c,100%,0,3,3,0,0,0,3
0x9ec45a,100%,0,3,3,3,0,0,0
0xa4ed97,100%,0,162,162,0,0,0,162
0x5f865c,100%,0,167,167,0,0,0,167
0x409d92,100%,0,225,225,225,0,0,0
0x5f7aa0,100%,0,206,206,0,0,0,206
0xa37ed4,100%,0,20,20,0,0,0,20
0xa282ff,100%,0,10,10,10,0,0,0
0x9c5068,100%,0,4,4,0,0,0,4
0x5f7a06,100%,0,207,207,0,0,0,207
0x409d01,100%,0,91,91,0,0,0,91
0x96992c,100%,0,65,65,0,0,0,65
0x4c4bf2,100%,0,13,13,0,0,0,13
0x50338f,100%,0,37,37,0,0,0,37
0x9e7fda,100%,0,123,123,123,0,0,0
0x90131f,100%,0,50,50,0,0,0,50
0xa9819c,100%,0,2,2,2,0,0,0
0x7d3fee,100%,0,3,3,0,0,0,3
0x96a679,100%,0,65,65,0,0,0,65
0x540fde,100%,0,8,8,0,0,0,8
0x901009,100%,0,37,37,37,0,0,0
0x488c1b,100%,0,310,310,310,0,0,0
0x822276,100%,0,273,273,0,0,0,273
0x5417b4,100%,0,8,8,8,0,0,0
0x9e76e8,100%,0,400,400,400,0,0,0
0x5416f9,100%,0,8,8,0,0,0,8
0x5414bf,100%,0,8,8,0,0,0,8
0xa07660,100%,0,5,5,5,0,0,0
0x9f0825,100%,0,5,5,5,0,0,0
0x4094d4,100%,0,2,2,2,0,0,0
0x5fe9e8,100%,0,43,43,0,0,0,43
0x8fd297,100%,0,2,2,2,0,0,0
0x8224d0,100%,0,487,487,0,0,0,487
0x54fcb6,100%,0,1,1,0,0,0,1
0xa4e982,100%,0,138,138,0,0,0,138
0x8efe77,100%,0,26,26,0,0,0,26
0x77ccdb,100%,0,12,12,12,0,0,0
0x9e7a83,100%,0,141,141,0,0,0,141
0x94bcb7,100%,0,16,16,0,0,0,16
0x9e7a75,100%,0,141,141,0,0,0,141
0x5415c6,100%,0,8,8,0,0,0,8
0x90ab35,100%,0,27,27,27,0,0,0
0x5f7ac6,100%,0,7,7,0,0,0,7
0x8fcbed,100%,0,309,309,0,0,0,309
0x8e739a,100%,0,323,323,0,0,0,323
0x8221bc,100%,0,273,273,0,0,0,273
0x7d1d9b,100%,0,1,1,0,0,0,1
0x833fa5,100%,0,70,70,0,0,0,70
0x8e120b,100%,0,4020,4020,0,0,0,4020
0x9f4fc5,100%,0,169,169,0,0,0,169
0x9fb6c0,100%,0,246,246,246,0,0,0
0x54edcd,100%,0,43,43,0,0,0,43
0x67a09a,100%,0,6,6,0,0,0,6
0x783c69,100%,0,156,156,156,0,0,0
0x5fa74b,100%,0,215,215,0,0,0,215
0x906d80,100%,0,196,196,0,0,0,196
0xb1c3a8,100%,0,102,102,0,0,0,102
0x8ddc29,100%,0,112,112,0,0,0,112
0x40bd9f,100%,0,4,4,4,0,0,0
0x492f99,100%,0,34,34,34,0,0,0
0x991302,100%,0,108,108,0,0,0,108
0x5dfd38,100%,0,4,4,0,0,0,4
0x81d3e4,100%,0,182,182,0,0,0,182
0x5fa85d,100%,0,69,69,0,0,0,69
0x906d5e,100%,0,196,196,0,0,0,196
0x40497f,100%,0,259,259,0,0,0,259
0x906b28,100%,0,358,358,0,0,0,358
0x906b1b,100%,0,358,358,0,0,0,358
0x5eb2c4,100%,0,2,2,0,0,0,2
0x833e62,100%,0,8,8,8,0,0,0
0x4097c7,100%,0,2,2,2,0,0,0
0x8c938c,100%,0,5,5,0,0,0,5
0x49ba9e,100%,0,8,8,0,0,0,8
0x9042fa,100%,0,14,14,0,0,0,14
0x47f8c2,100%,0,18,18,0,0,0,18
0xaa81ef,100%,0,5,5,0,0,0,5
0x555dc0,100%,0,105,105,0,0,0,105
0x780225,100%,0,156,156,156,0,0,0
0x648c2d,100%,0,13,13,13,0,0,0
0x7d2b49,100%,0,13,13,0,0,0,13
0x7d33fe,100%,0,12,12,0,0,0,12
0x5fdcf2,100%,0,1,1,1,0,0,0
0x7c1635,100%,0,197,197,0,0,0,197
0x9fe382,100%,0,134,134,0,0,0,134
0x9fe37e,100%,0,134,134,0,0,0,134
0x5b2938,100%,0,2,2,2,0,0,0
0x9fe33c,100%,0,134,134,0,0,0,134
0x5fdc78,100%,0,1,1,0,0,0,1
0xa438b2,100%,0,12,12,12,0,0,0
0x5fdc74,100%,0,1,1,0,0,0,1
0x5fdc5f,100%,0,1,1,0,0,0,1
0x7d21c5,100%,0,4,4,0,0,0,4
0x8bb677,100%,0,23,23,0,0,0,23
0x81f956,100%,0,79,79,79,0,0,0
0x5a60d7,100%,0,4,4,0,0,0,4
0x815b64,100%,0,41,41,0,0,0,41
0x8bd9ba,100%,0,13,13,13,0,0,0
0x4a5be7,100%,0,55,55,0,0,0,55
0x9fc088,100%,0,215,215,215,0,0,0
0xa9ef6f,100%,0,2,2,2,0,0,0
0x5fabe4,100%,0,1,1,0,0,0,1
0x5faad7,100%,0,1,1,0,0,0,1
0x7e819d,100%,0,7,7,7,0,0,0
0x7817ed,100%,0,4,4,0,0,0,4
0x619ae4,100%,0,5,5,5,0,0,0
0x5faabd,100%,0,1,1,0,0,0,1
0x8f4c61,100%,0,176,176,0,0,0,176
0x7d29d9,100%,0,5,5,0,0,0,5
0x66f6b6,100%,0,10,10,10,0,0,0
0x4951e8,100%,0,1,1,0,0,0,1
0x90abea,100%,0,821,821,821,0,0,0
0x814d21,100%,0,1,1,0,0,0,1
0x8065f9,100%,0,27,27,0,0,0,27
0x9fb117,100%,0,124,124,0,0,0,124
0x5b074e,100%,0,2,2,2,0,0,0
0x8eda70,100%,0,126,126,0,0,0,126
0xa41887,100%,0,8,8,0,0,0,8
0x99886f,100%,0,2,2,0,0,0,2
0x675106,100%,0,3,3,0,0,0,3
0x5fd6f2,100%,0,296,296,296,0,0,0
0x99cf4a,100%,0,9,9,0,0,0,9
0x675167,100%,0,1,1,0,0,0,1
0x5fe13c,100%,0,231,231,0,0,0,231
0x6752d0,100%,0,3,3,0,0,0,3
0xa2f7f3,100%,0,145,145,145,0,0,0
0x8373f2,100%,0,1,1,1,0,0,0
0x5bacf1,100%,0,129,129,129,0,0,0
0x67066a,100%,0,20,20,0,0,0,20
0x5d3b86,100%,0,4,4,4,0,0,0
0x9e4139,100%,0,613,613,0,0,0,613
0xa06969,100%,0,2,2,0,0,0,2
0x5fa3bb,100%,0,6,6,0,0,0,6
0xa05fb5,100%,0,9,9,0,0,0,9
0x6752e2,100%,0,3,3,0,0,0,3
0x49c819,100%,0,18,18,0,0,0,18
0xa5ee6b,100%,0,28,28,0,0,0,28
0x4c6048,100%,0,16,16,16,0,0,0
0x4c0781,100%,0,86,86,86,0,0,0
0x679821,100%,0,6,6,0,0,0,6
0x491bf4,100%,0,1,1,1,0,0,0
0x4b8f13,100%,0,4,4,0,0,0,4
0xa5c679,100%,0,102,102,102,0,0,0
0x5fda7c,100%,0,93,93,93,0,0,0
0x8c8b9b,100%,0,80,80,0,0,0,80
0x53e8a0,100%,0,5,5,0,0,0,5
0x4a25a2,100%,0,6,6,0,0,0,6
0xa9c937,100%,0,46,46,0,0,0,46
0x81bccf,100%,0,521,521,0,0,0,521
0x50a48c,100%,0,136,136,136,0,0,0
0xa399da,100%,0,273,273,0,0,0,273
0x4bb2e6,100%,0,30,30,30,0,0,0
0x9ab5d1,100%,0,139,139,0,0,0,139
0x554594,100%,0,289,289,289,0,0,0
0x7d3de0,100%,0,3,3,0,0,0,3
0x99cf8f,100%,0,9,9,0,0,0,9
0x96e759,100%,0,1,1,0,0,0,1
0xa43d65,100%,0,7,7,7,0,0,0
0xa50d36,100%,0,88,88,0,0,0,88
0x48da19,100%,0,46,46,0,0,0,46
0xa06039,100%,0,4,4,0,0,0,4
0x9597b9,100%,0,48,48,0,0,0,48
0x61145a,100%,0,42,42,0,0,0,42
0x5fe31d,100%,0,16,16,0,0,0,16
0xa04bea,100%,0,38,38,0,0,0,38
0xb18207,100%,0,1005,1005,0,0,0,1005
0xa53a38,100%,0,2,2,0,0,0,2
0x918f34,100%,0,200,200,0,0,0,200
0x977058,100%,0,6,6,6,0,0,0
0x9e53ea,100%,0,39,39,0,0,0,39
0x5fea14,100%,0,62,62,0,0,0,62
0x678bec,100%,0,18,18,0,0,0,18
0xa5c3f2,100%,0,77,77,0,0,0,77
0x6705f7,100%,0,133,133,0,0,0,133
0x5fd686,100%,0,76,76,0,0,0,76
0x550e8c,100%,0,7,7,0,0,0,7
0xa0a52c,100%,0,2,2,0,0,0,2
0x6ed743,100%,0,1,1,0,0,0,1
0x65a102,100%,0,111,111,111,0,0,0
0x53f225,100%,0,425,425,0,0,0,425
0x4ba6d5,100%,0,31,31,31,0,0,0
0x65a0f5,100%,0,111,111,0,0,0,111
0xa0a502,100%,0,2,2,0,0,0,2
0xa05661,100%,0,5,5,0,0,0,5
0x8089c0,100%,0,9,9,9,0,0,0
0xa0405c,100%,0,2,2,1,0,0,1
0x506f1e,100%,0,20,20,0,0,0,20
0x50da39,100%,0,15,15,0,0,0,15
0x81d044,100%,0,5,5,0,0,0,5
0x66f3c3,100%,0,2,2,0,0,0,2
0xa723d9,100%,0,4,4,0,0,0,4
0x9fc6e9,100%,0,10,10,0,0,0,10
0x539b81,100%,0,1002,1002,0,0,0,1002
0x8a9f5c,100%,0,27,27,0,0,0,27
0xa2dfd2,100%,0,317,317,0,0,0,317
0x8deb7a,100%,0,6,6,6,0,0,0
0x678e36,100%,0,23,23,23,0,0,0
0x680de9,100%,0,95,95,0,0,0,95
0x65bcb0,100%,0,505,505,505,0,0,0
0x61098d,100%,0,13,13,0,0,0,13
0x490203,100%,0,54,54,54,0,0,0
0xa3e1a6,100%,0,8,8,0,0,0,8
0x40b451,100%,0,2,2,0,0,0,2
0x508771,100%,0,11,11,11,0,0,0
0x485cee,100%,0,3,3,0,0,0,3
0x40a382,100%,0,2,2,2,0,0,0
0x4a5df5,100%,0,52,52,0,0,0,52
0x5073c5,100%,0,11,11,11,0,0,0
0x80c9b5,100%,0,10,10,0,0,0,10
0x90f892,100%,0,2,2,0,0,0,2
0xa18afd,100%,0,43,43,0,0,0,43
0xa18aef,100%,0,43,43,0,0,0,43
0xa18ac0,100%,0,43,43,43,0,0,0
0x6797c1,100%,0,6,6,0,0,0,6
0x50b3eb,100%,0,8,8,0,0,0,8
0x8dd115,100%,0,315,315,0,0,0,315
0x54fc66,100%,0,1,1,0,0,0,1
0x49c7c8,100%,0,277,277,0,0,0,277
0x95b342,100%,0,4,4,0,0,0,4
0x6809e1,100%,0,491,491,0,0,0,491
0x50b2dd,100%,0,4,4,0,0,0,4
0x67a02e,100%,0,6,6,0,0,0,6
0x49ffea,100%,0,42,42,42,0,0,0
0x8da3c4,100%,0,106,106,0,0,0,106
0x7aca68,100%,0,32,32,0,0,0,32
0x67978b,100%,0,6,6,0,0,0,6
0x8e4675,100%,0,305,305,0,0,0,305
0x50b152,100%,0,4,4,0,0,0,4
0x48740e,100%,0,138,138,0,0,0,138
0xa0a5ed,100%,0,4,4,0,0,0,4
0x5c7559,100%,0,3,3,3,0,0,0
0xa0a5e7,100%,0,4,4,0,0,0,4
0x648ca5,100%,0,2,2,2,0,0,0
0x943ae8,100%,0,9,9,9,0,0,0
0xa584aa,100%,0,10,10,0,0,0,10
0x67048d,100%,0,9,9,0,0,0,9
0x88a0da,100%,0,22,22,0,0,0,22
0xa0a5b8,100%,0,8,8,0,0,0,8
0x67e4d3,100%,0,22,22,0,0,0,22
0xa0a557,100%,0,8,8,0,0,0,8
0x8dfd26,100%,0,242,242,242,0,0,0
0x66647f,100%,0,30,30,0,0,0,30
0x8ea088,100%,0,3,3,0,0,0,3
0x4c768f,100%,0,4,4,0,0,0,4
0x49bc9f,100%,0,6,6,0,0,0,6
0xa5ebe1,100%,0,280,280,0,0,0,280
0x5b2a8a,100%,0,45,45,0,0,0,45
0x4bb91a,100%,0,56,56,0,0,0,56
0xa0166b,100%,0,8,8,8,0,0,0
0x590e98,100%,0,23,23,0,0,0,23
0x481d90,100%,0,19,19,19,0,0,0
0xa55d56,100%,0,4,4,0,0,0,4
0x4a5bc4,100%,0,55,55,0,0,0,55
0x509614,100%,0,82,82,0,0,0,82
0x5c7951,100%,0,80,80,80,0,0,0
0x8ddf64,100%,0,32,32,0,0,0,32
0x99e552,100%,0,13,13,13,0,0,0
0x8ddf28,100%,0,46,46,0,0,0,46
0x8dded7,100%,0,54,54,0,0,0,54
0x5d6c5c,100%,0,3,3,3,0,0,0
0x59609a,100%,0,19,19,0,0,0,19
0x8ea0b0,100%,0,3,3,3,0,0,0
0x59205d,100%,0,4,4,4,0,0,0
0x48180e,100%,0,29,29,0,0,0,29
0x9ab8ed,100%,0,235,235,0,0,0,235
0x49a39e,100%,0,10,10,0,0,0,10
0x8aa819,100%,0,20,20,0,0,0,20
0x54430e,100%,0,57,57,57,0,0,0
0xa91a5a,100%,0,4,4,0,0,0,4
0x507db8,100%,0,36,36,36,0,0,0
0x49a570,100%,0,14,14,4,0,0,10
0x9ef2b8,100%,0,141,141,0,0,0,141
0x619abc,100%,0,5,5,0,0,0,5
0x9fbf86,100%,0,306,306,0,0,0,306
0x4a58cf,100%,0,55,55,55,0,0,0
0x506242,100%,0,7,7,0,0,0,7
0x48fd9d,100%,0,20,20,0,0,0,20
0x4c13d3,100%,0,24,24,0,0,0,24
0x8dd4f4,100%,0,424,424,424,0,0,0
0x804057,100%,0,3,3,0,0,0,3
0xa06476,100%,0,35,35,0,0,0,35
0x483ce9,100%,0,1,1,1,0,0,0
0x8e38e3,100%,0,48,48,0,0,0,48
0xa7b408,100%,0,1,1,0,0,0,1
0xa6b470,100%,0,4,4,4,0,0,0
0x8bd8a1,100%,0,20,20,0,0,0,20
0x4a5917,100%,0,55,55,0,0,0,55
0xa065a1,100%,0,31,31,0,0,0,31
0x40ab45,100%,0,6,6,0,0,0,6
0xa06fc5,100%,0,9,9,0,0,0,9
0x9d1ea7,100%,0,101,101,0,0,0,101
0xa083c1,100%,0,7,7,0,0,0,7
0x8a8853,100%,0,12,12,0,0,0,12
0x80daea,100%,0,220,220,0,0,0,220
0x5a89b1,100%,0,2,2,0,0,0,2
0x8e3935,100%,0,48,48,0,0,0,48
0x97519a,100%,0,5,5,0,0,0,5
0x983bbd,100%,0,2,2,2,0,0,0
0x53fe3a,100%,0,4,4,0,0,0,4
0x40ac55,100%,0,28,28,28,0,0,0
0x8dbd85,100%,0,186,186,186,0,0,0
0x404727,100%,0,8,8,8,0,0,0
0x50caa8,100%,0,20,20,20,0,0,0
0xa4e040,100%,0,2,2,2,0,0,0
0x5b605e,100%,0,1,1,0,0,0,1
0x40ace2,100%,0,5,5,5,0,0,0
0x40e2a2,100%,0,3,3,0,0,0,3
0x9d123a,100%,0,120,120,0,0,0,120
0x9d16d6,100%,0,104,104,0,0,0,104
0x9d1181,100%,0,104,104,104,0,0,0
0x53f2e9,100%,0,429,429,429,0,0,0
0x5f1c84,100%,0,7,7,7,0,0,0
0xa5322c,100%,0,2,2,0,0,0,2
0x53f310,100%,0,429,429,429,0,0,0
0x90e6c3,100%,0,911,911,911,0,0,0
0xa3640f,100%,0,7,7,0,0,0,7
0x8bca87,100%,0,158,158,0,0,0,158
0x94bc5c,100%,0,16,16,0,0,0,16
0x5b9e11,100%,0,53,53,53,0,0,0
0x5baa65,100%,0,397,397,0,0,0,397
0x9f38bd,100%,0,4,4,0,0,0,4
0x49fc33,100%,0,86,86,0,0,0,86
0x547a5b,100%,0,4,4,0,0,0,4
0x65a0df,100%,0,1504,1504,1504,0,0,0
0x4103e7,100%,0,2,2,2,0,0,0
0x9f12c1,100%,0,10,10,10,0,0,0
0x8378ff,100%,0,5,5,0,0,0,5
0x8f53b5,100%,0,185,185,185,0,0,0
0x5c6cd0,100%,0,583,583,0,0,0,583
0x53f028,100%,0,183,183,183,0,0,0
0xa06402,100%,0,2,2,0,0,0,2
0x8ebf6f,100%,0,2,2,0,0,0,2
0x9d2f2a,100%,0,61,61,0,0,0,61
0x53ef7b,100%,0,154,154,154,0,0,0
0x409e7a,100%,0,16,16,16,0,0,0
0x59c8c9,100%,0,59,59,0,0,0,59
0xa90dfc,100%,0,4,4,0,0,0,4
0xa4a4fb,100%,0,10,10,10,0,0,0
0x8e0eec,100%,0,321,321,321,0,0,0
0x5f774a,100%,0,4,4,0,0,0,4
0xa39511,100%,0,724,724,724,0,0,0
0xa52f57,100%,0,20,20,0,0,0,20
0x50903e,100%,0,6,6,0,0,0,6
0x5f7544,100%,0,2,2,0,0,0,2
0x4c1058,100%,0,24,24,0,0,0,24
0x9435a1,100%,0,75,75,75,0,0,0
0x5f856c,100%,0,236,236,0,0,0,236
0x4b3922,100%,0,4,4,4,0,0,0
0x8436d1,100%,0,4,4,0,0,0,4
0x99e527,100%,0,13,13,0,0,0,13
0x5f8437,100%,0,584,584,0,0,0,584
0x5f07fc,100%,0,2,2,0,0,0,2
0x5a9181,100%,0,29,29,29,0,0,0
0xa5501c,100%,0,38,38,38,0,0,0
0x61031a,100%,0,33,33,0,0,0,33
0x5b6ad2,100%,0,5,5,5,0,0,0
0x99e7a7,100%,0,13,13,0,0,0,13
0x547cf0,100%,0,146,146,146,0,0,0
0xa392b9,100%,0,14,14,0,0,0,14
0x4416f7,100%,0,11,11,0,0,0,11
0xa4ba00,100%,0,4,4,0,0,0,4
0xb31698,100%,0,59,59,0,0,0,59
0x54534b,100%,0,4,4,0,0,0,4
0x9e3fbd,100%,0,87,87,0,0,0,87
0x65a34b,100%,0,2631,2631,0,0,0,2631
0x5ff4f0,100%,0,4,4,0,0,0,4
0x97ba8e,100%,0,12,12,0,0,0,12
0x5beb89,100%,0,2,2,0,0,0,2
0x816870,100%,0,226,226,0,0,0,226
0x44188e,100%,0,11,11,0,0,0,11
0x5b9bbc,100%,0,73,73,73,0,0,0
0x81fcea,100%,0,14,14,0,0,0,14
0xa57306,100%,0,41,41,0,0,0,41
0x5042c5,100%,0,3,3,3,0,0,0
0x51061e,100%,0,1,1,0,0,0,1
0x504271,100%,0,3,3,0,0,0,3
0x504e7d,100%,0,38,38,0,0,0,38
0x50403f,100%,0,27,27,27,0,0,0
0x4c2738,100%,0,49,49,49,0,0,0
0x51b1e9,100%,0,2,2,0,0,0,2
0x8d3bd9,100%,0,2,2,0,0,0,2
0x5f553f,100%,0,4,4,0,0,0,4
0x9d0f1c,100%,0,269,269,0,0,0,269
0x65b124,100%,0,13,13,13,0,0,0
0x9d0efa,100%,0,269,269,0,0,0,269
0x679667,100%,0,112,112,0,0,0,112
0x9e2d81,100%,0,16,16,0,0,0,16
0x9f830e,100%,0,11,11,0,0,0,11
0x50af13,100%,0,2,2,0,0,0,2
0xa52dc4,100%,0,354,354,0,0,0,354
0x8e72e8,100%,0,331,331,0,0,0,331
0x90d4ae,100%,0,302,302,0,0,0,302
0xa159dd,100%,0,851,851,0,0,0,851
0x4bc696,100%,0,44,44,0,0,0,44
0xa90286,100%,0,38,38,38,0,0,0
0x5465ee,100%,0,4,4,0,0,0,4
0x65a1f7,100%,0,254,254,0,0,0,254
0x9f645c,100%,0,179,179,0,0,0,179
0xa50da6,100%,0,4,4,0,0,0,4
0x405a77,100%,0,432,432,0,0,0,432
0x8e799a,100%,0,240,240,0,0,0,240
0x490059,100%,0,10,10,0,0,0,10
0x9ff766,100%,0,2,2,0,0,0,2
0x53e8d0,100%,0,154,154,154,0,0,0
0x40a155,100%,0,11,11,0,0,0,11
0x9d0655,100%,0,62,62,0,0,0,62
0x9a9135,100%,0,14,14,0,0,0,14
0x53ec3a,100%,0,4,4,4,0,0,0
0x8a5a59,100%,0,2,2,0,0,0,2
0x9d0605,100%,0,62,62,0,0,0,62
0xa0298b,100%,0,229,229,229,0,0,0
0x81b476,100%,0,6,6,0,0,0,6
0x5915f9,100%,0,3,3,0,0,0,3
0x4b55cd,100%,0,2,2,2,0,0,0
0x678e32,100%,0,23,23,0,0,0,23
0xa18b47,100%,0,20,20,0,0,0,20
0x5b9c1b,100%,0,73,73,0,0,0,73
0x9f588f,100%,0,394,394,0,0,0,394
0x804d7f,100%,0,2,2,0,0,0,2
0x5a076c,100%,0,2,2,0,0,0,2
0x5a661f,100%,0,2,2,0,0,0,2
0x4a63db,100%,0,2,2,0,0,0,2
0x53e797,100%,0,4,4,0,0,0,4
0x533656,100%,0,7,7,0,0,0,7
0x441937,100%,0,11,11,0,0,0,11
0xa4ff97,100%,0,76,76,0,0,0,76
0x48ef76,100%,0,55,55,0,0,0,55
0x54393f,100%,0,13,13,0,0,0,13
0x5f1046,100%,0,36,36,36,0,0,0
0x979991,100%,0,44,44,0,0,0,44
0x8fe93a,100%,0,28,28,0,0,0,28
0x8f1969,100%,0,48,48,0,0,0,48
0x681e39,100%,0,144,144,144,0,0,0
0xace132,100%,0,2,2,0,0,0,2
0x803b4b,100%,0,2,2,0,0,0,2
0x81ee04,100%,0,4,4,0,0,0,4
0x509ac0,100%,0,520,520,0,0,0,520
0x8d3a55,100%,0,10,10,10,0,0,0
0x5c6d65,100%,0,223,223,223,0,0,0
0x5c70ad,100%,0,360,360,0,0,0,360
0x5f8105,100%,0,150,150,0,0,0,150
0xa544a9,100%,0,112,112,0,0,0,112
0xa544ae,100%,0,112,112,112,0,0,0
0x5af6d4,100%,0,9,9,0,0,0,9
0x804e2b,100%,0,2,2,0,0,0,2
0x490639,100%,0,273,273,0,0,0,273
0x7c67f4,100%,0,2,2,0,0,0,2
0x99e5b7,100%,0,13,13,0,0,0,13
0xa54325,100%,0,19,19,0,0,0,19
0x9a630a,100%,0,14,14,0,0,0,14
0x998933,100%,0,1,1,0,0,0,1
0x814e89,100%,0,22,22,0,0,0,22
0x5b272a,100%,0,47,47,0,0,0,47
0x9a3a71,100%,0,2,2,0,0,0,2
0x4aaab1,100%,0,52,52,0,0,0,52
0xa65513,100%,0,4,4,4,0,0,0
0x5fc477,100%,0,116,116,0,0,0,116
0x9ed82a,100%,0,64,64,64,0,0,0
0x9f02cf,100%,0,94,94,94,0,0,0
0x8c9256,100%,0,2,2,2,0,0,0
0x7d338c,100%,0,12,12,0,0,0,12
0xa54110,100%,0,707,707,0,0,0,707
0x90bb59,100%,0,22,22,0,0,0,22
0x8d3b1a,100%,0,247,247,0,0,0,247
0x487091,100%,0,138,138,138,0,0,0
0x5e206f,100%,0,3,3,0,0,0,3
0x5fff99,100%,0,836,836,0,0,0,836
0x8f4626,100%,0,12,12,12,0,0,0
0xb0a707,100%,0,345,345,0,0,0,345
0x610297,100%,0,33,33,0,0,0,33
0x9ede99,100%,0,2,2,2,0,0,0
0xa3fd6b,100%,0,6,6,6,0,0,0
0x66f7c6,100%,0,19,19,0,0,0,19
0xa5313c,100%,0,190,190,0,0,0,190
0x5bd8a0,100%,0,170,170,170,0,0,0
0xa4d554,100%,0,162,162,0,0,0,162
0x49022b,100%,0,54,54,0,0,0,54
0x9a945c,100%,0,2,2,0,0,0,2
0x67092e,100%,0,20,20,0,0,0,20
0x5fbd10,100%,0,2,2,0,0,0,2
0xa27818,100%,0,8,8,8,0,0,0
0x9f38d4,100%,0,4,4,4,0,0,0
0x63f36c,100%,0,200,200,0,0,0,200
0xa01847,100%,0,4,4,0,0,0,4
0x60ec58,100%,0,38,38,0,0,0,38
0xa4f715,100%,0,38,38,0,0,0,38
0x8226b0,100%,0,4,4,4,0,0,0
0xa3feee,100%,0,18,18,0,0,0,18
0x781e0d,100%,0,2771,2771,2771,0,0,0
0x618613,100%,0,2,2,2,0,0,0
0x6dce71,100%,0,4,4,4,0,0,0
0x66f69f,100%,0,17,17,0,0,0,17
0x66f689,100%,0,48,48,0,0,0,48
0x66f62a,100%,0,59,59,0,0,0,59
0x5dd931,100%,0,133,133,0,0,0,133
0x8ddee1,100%,0,54,54,54,0,0,0
0x503676,100%,0,1,1,0,0,0,1
0x59e6a2,100%,0,8,8,8,0,0,0
0x820c62,100%,0,2,2,2,0,0,0
0xa9f3b0,100%,0,3,3,0,0,0,3
0x80852b,100%,0,7,7,7,0,0,0
0x905d11,100%,0,128,128,0,0,0,128
0x905f47,100%,0,128,128,0,0,0,128
0x6083a7,100%,0,126,126,0,0,0,126
0x906a00,100%,0,79,79,0,0,0,79
0xab32db,100%,0,20,20,0,0,0,20
0x83428e,100%,0,53,53,0,0,0,53
0x8335d9,100%,0,2,2,0,0,0,2
0xb7db24,100%,0,1005,1005,1005,0,0,0
0x905cee,100%,0,128,128,0,0,0,128
0x8aaac2,100%,0,19,19,0,0,0,19
0x80a647,100%,0,210,210,0,0,0,210
0x814fed,100%,0,2,2,0,0,0,2
0x904a59,100%,0,301,301,301,0,0,0
0x4bdfec,100%,0,2,2,2,0,0,0
0xa9da9f,100%,0,15,15,0,0,0,15
0x487fb4,100%,0,2,2,0,0,0,2
0xaac41a,100%,0,4,4,0,0,0,4
0x90e39a,100%,0,67,67,0,0,0,67
0xa45f32,100%,0,4,4,0,0,0,4
0x906799,100%,0,124,124,0,0,0,124
0x804761,100%,0,2,2,0,0,0,2
0xa4cf0e,100%,0,14,14,0,0,0,14
0x5f37bd,100%,0,5,5,0,0,0,5
0x8e4d17,100%,0,66,66,0,0,0,66
0x90678c,100%,0,124,124,0,0,0,124
0x90add7,100%,0,119,119,0,0,0,119
0x90c8a0,100%,0,78,78,78,0,0,0
0x4900f6,100%,0,10,10,0,0,0,10
0x8340ee,100%,0,4,4,0,0,0,4
0x48fac3,100%,0,3,3,0,0,0,3
0xa32c5d,100%,0,927,927,0,0,0,927
0xa4cd8f,100%,0,4,4,0,0,0,4
0x48361e,100%,0,27,27,27,0,0,0
0x58e83c,100%,0,7,7,1,0,0,6
0xa9460f,100%,0,2,2,0,0,0,2
0xa4df0b,100%,0,20,20,20,0,0,0
0x4905cf,100%,0,3,3,0,0,0,3
0x67cb9f,100%,0,84,84,84,0,0,0
0x833a3f,100%,0,218,218,0,0,0,218
0x83396a,100%,0,133,133,133,0,0,0
0x833964,100%,0,133,133,0,0,0,133
0x9f07f2,100%,0,2,2,1,0,0,1
0x814c6e,100%,0,41,41,0,0,0,41
0x4905d6,100%,0,3,3,3,0,0,0
0xa4de6f,100%,0,81,81,81,0,0,0
0x4b9c9d,100%,0,10,10,0,0,0,10
0x905051,100%,0,137,137,0,0,0,137
0xa4d86a,100%,0,121,121,0,0,0,121
0x58d61f,100%,0,3,3,0,0,0,3
0x48f810,100%,0,18,18,0,0,0,18
0x98b3db,100%,0,53,53,0,0,0,53
0x7c7ab6,100%,0,24,24,0,0,0,24
0x833884,100%,0,2,2,0,0,0,2
0xa051cd,100%,0,7,7,0,0,0,7
0x67ac40,100%,0,6,6,0,0,0,6
0xa9a0e6,100%,0,5,5,0,0,0,5
0x48f931,100%,0,10,10,0,0,0,10
0x8337cd,100%,0,2,2,0,0,0,2
0x491646,100%,0,1,1,1,0,0,0
0x814ec5,100%,0,17,17,0,0,0,17
0xa4cfb1,100%,0,8,8,0,0,0,8
0x48fd60,100%,0,10,10,10,0,0,0
0x906693,100%,0,110,110,0,0,0,110
0x80a7eb,100%,0,2,2,0,0,0,2
0xb46954,100%,0,1,1,0,0,0,1
0x9ff7a1,100%,0,2,2,0,0,0,2
0x672a85,100%,0,2,2,0,0,0,2
0x811b02,100%,0,2,2,0,0,0,2
0xaa81a5,100%,0,5,5,5,0,0,0
0x672a8f,100%,0,2,2,2,0,0,0
0xa34089,100%,0,94,94,0,0,0,94
0x8e9392,100%,0,4,4,0,0,0,4
0xa4e035,100%,0,2,2,0,0,0,2
0xaa57e6,100%,0,2,2,0,0,0,2
0xa4fcd1,100%,0,4,4,0,0,0,4
0x672ca0,100%,0,2,2,0,0,0,2
0x8a887a,100%,0,2,2,2,0,0,0
0x49c0b9,100%,0,4,4,4,0,0,0
0x835ec9,100%,0,2,2,2,0,0,0
0x63f3de,100%,0,2,2,0,0,0,2
0x48736e,100%,0,2,2,0,0,0,2
0xa8e6c7,100%,0,2,2,0,0,0,2
0x6722dc,100%,0,2,2,0,0,0,2
0xaa57c8,100%,0,2,2,0,0,0,2
0x59f9f5,100%,0,2,2,0,0,0,2
0x8ec976,100%,0,4,4,0,0,0,4
0xa5b4ed,100%,0,9,9,0,0,0,9
0x8eaef4,100%,0,72,72,0,0,0,72
0x671b64,100%,0,2,2,0,0,0,2
0x99131a,100%,0,17,17,0,0,0,17
0x8060ef,100%,0,2,2,2,0,0,0
0x99134d,100%,0,91,91,0,0,0,91
0x8e3fc7,100%,0,8,8,8,0,0,0
0x6f43e0,100%,0,28,28,28,0,0,0
0x66f384,100%,0,2,2,2,0,0,0
0x67181a,100%,0,2,2,2,0,0,0
0xa5413e,100%,0,2,2,2,0,0,0
0xa5ebd4,100%,0,290,290,0,0,0,290
0xa1a02f,100%,0,13,13,0,0,0,13
0x555fb9,100%,0,3,3,0,0,0,3
0x8376a3,100%,0,5,5,0,0,0,5
0xa34ba4,100%,0,75,75,0,0,0,75
0x83765b,100%,0,53,53,53,0,0,0
0x837655,100%,0,53,53,0,0,0,53
0x83757a,100%,0,33,33,0,0,0,33
0x7dfc56,100%,0,8,8,0,0,0,8
0x4104d4,100%,0,22,22,0,0,0,22
0x8374c9,100%,0,5,5,0,0,0,5
0x4c56e7,100%,0,24,24,24,0,0,0
0x410436,100%,0,2,2,0,0,0,2
0x838ba2,100%,0,2,2,0,0,0,2
0x838ad1,100%,0,2,2,0,0,0,2
0xa4ff19,100%,0,36,36,0,0,0,36
0x8ea7d1,100%,0,4,4,4,0,0,0
0x99def0,100%,0,15,15,0,0,0,15
0x90a935,100%,0,83,83,0,0,0,83
0x5555a0,100%,0,1218,1218,0,0,0,1218
0x9ecdd4,100%,0,21,21,0,0,0,21
0x7d3df8,100%,0,3,3,0,0,0,3
0x835f7c,100%,0,2,2,1,0,0,1
0xa0658b,100%,0,31,31,0,0,0,31
0x9aadd5,100%,0,79,79,0,0,0,79
0x815389,100%,0,2,2,2,0,0,0
0xa9942b,100%,0,3,3,0,0,0,3
0x7dfa72,100%,0,2,2,0,0,0,2
0xa4fea9,100%,0,4,4,0,0,0,4
0xb3ab75,100%,0,1,1,1,0,0,0
0x7c7bfb,100%,0,1,1,0,0,0,1
0x5ffe39,100%,0,129,129,129,0,0,0
0xa53e00,100%,0,164,164,0,0,0,164
0x9fe882,100%,0,40,40,0,0,0,40
0x670d24,100%,0,2,2,0,0,0,2
0x48ef1f,100%,0,331,331,0,0,0,331
0x813696,100%,0,61,61,0,0,0,61
0x8e5ee9,100%,0,32,32,0,0,0,32
0x48ef2b,100%,0,331,331,0,0,0,331
0xa4eda0,100%,0,162,162,0,0,0,162
0x670b43,100%,0,2,2,0,0,0,2
0x837452,100%,0,5,5,0,0,0,5
0xa97af7,100%,0,2,2,0,0,0,2
0xa96557,100%,0,4,4,0,0,0,4
0x670a76,100%,0,2,2,0,0,0,2
0x48f018,100%,0,129,129,0,0,0,129
0x64af15,100%,0,64,64,0,0,0,64
0x8151ed,100%,0,8,8,0,0,0,8
0x99e179,100%,0,13,13,13,0,0,0
0x8a233f,100%,0,2,2,0,0,0,2
0x8aac75,100%,0,10,10,10,0,0,0
0xa993dc,100%,0,3,3,0,0,0,3
0x4c8cfb,100%,0,133,133,133,0,0,0
0xa4e96f,100%,0,138,138,0,0,0,138
0x7d41f7,100%,0,1,1,0,0,0,1
0x80f6dd,100%,0,74,74,0,0,0,74
0xa3554d,100%,0,8,8,8,0,0,0
0xa4f4ef,100%,0,38,38,38,0,0,0
0x8be63f,100%,0,18,18,18,0,0,0
0x40f83b,100%,0,212,212,0,0,0,212
0x48fca1,100%,0,4,4,4,0,0,0
0xab366a,100%,0,18,18,0,0,0,18
0x8e798a,100%,0,240,240,0,0,0,240
0x58c5d2,100%,0,11,11,11,0,0,0
0x8e9415,100%,0,2,2,2,0,0,0
0x90a157,100%,0,65,65,65,0,0,0
0xa4d4c8,100%,0,67,67,67,0,0,0
0xa4d4bc,100%,0,67,67,67,0,0,0
0x4b84fd,100%,0,3,3,0,0,0,3
0xa9a387,100%,0,5,5,5,0,0,0
0x67177f,100%,0,2,2,0,0,0,2
0x5bc176,100%,0,1402,1402,0,0,0,1402
0x8e932f,100%,0,3,3,0,0,0,3
0x68053c,100%,0,19,19,0,0,0,19
0x48ee0a,100%,0,331,331,0,0,0,331
0x6711d6,100%,0,2,2,2,0,0,0
0xa985fa,100%,0,2,2,2,0,0,0
0x90dbc1,100%,0,961,961,0,0,0,961
0x4b87b7,100%,0,11,11,0,0,0,11
0xa37a8a,100%,0,10,10,0,0,0,10
0x9aa453,100%,0,22,22,22,0,0,0
0xa450d7,100%,0,398,398,0,0,0,398
0x8e949b,100%,0,2,2,2,0,0,0
0xa4d345,100%,0,36,36,0,0,0,36
0xa3481c,100%,0,1298,1298,0,0,0,1298
0xa2388f,100%,0,65,65,0,0,0,65
0x48ef16,100%,0,331,331,0,0,0,331
0x8e94ec,100%,0,4,4,4,0,0,0
0x5d1be5,100%,0,110,110,0,0,0,110
0xa36c68,100%,0,2,2,0,0,0,2
0x78072a,100%,0,54,54,0,0,0,54
0x670db4,100%,0,2,2,0,0,0,2
0xaa259c,100%,0,22,22,0,0,0,22
0xa5469c,100%,0,102,102,0,0,0,102
0x99e92e,100%,0,55,55,0,0,0,55
0x670d8d,100%,0,2,2,0,0,0,2
0x4a988e,100%,0,34,34,0,0,0,34
0x4ab518,100%,0,6,6,0,0,0,6
0x5f3e48,100%,0,1,1,0,0,0,1
0x6486f0,100%,0,56,56,0,0,0,56
0x8ad8da,100%,0,2,2,0,0,0,2
0x5af0ab,100%,0,10,10,0,0,0,10
0xa058ea,100%,0,5,5,5,0,0,0
0x9f213f,100%,0,10,10,10,0,0,0
0x9fb6f4,100%,0,7,7,0,0,0,7
0xa482d0,100%,0,8,8,0,0,0,8
0x5fb9c4,100%,0,26,26,0,0,0,26
0x9fc8a5,100%,0,7,7,0,0,0,7
0x49c8bd,100%,0,8,8,8,0,0,0
0x6486ad,100%,0,2,2,2,0,0,0
0x9fc91b,100%,0,7,7,0,0,0,7
0x9aa260,100%,0,37,37,0,0,0,37
0x9fe0f0,100%,0,25,25,25,0,0,0
0xa05117,100%,0,1,1,0,0,0,1
0x60c67d,100%,0,3,3,3,0,0,0
0x908329,100%,0,2148,2148,0,0,0,2148
0x5b178b,100%,0,10,10,10,0,0,0
0x590e82,100%,0,23,23,0,0,0,23
0xa951a7,100%,0,4,4,4,0,0,0
0x838f8a,100%,0,20,20,0,0,0,20
0x592084,100%,0,4,4,0,0,0,4
0x60024a,100%,0,23,23,0,0,0,23
0x8167a0,100%,0,68,68,0,0,0,68
0xa37917,100%,0,10,10,10,0,0,0
0x8c8e91,100%,0,6,6,0,0,0,6
0x8c8852,100%,0,4,4,4,0,0,0
0x911b9b,100%,0,90,90,0,0,0,90
0x63c87c,100%,0,383,383,383,0,0,0
0x5bb462,100%,0,119,119,119,0,0,0
0x80fdf6,100%,0,595,595,0,0,0,595
0x9e3794,100%,0,25,25,0,0,0,25
0x504934,100%,0,15,15,0,0,0,15
0x67178a,100%,0,2,2,2,0,0,0
0x9a67e4,100%,0,2,2,0,0,0,2
0xa1a302,100%,0,9,9,0,0,0,9
0x9fcbe3,100%,0,25,25,0,0,0,25
0x4b5efb,100%,0,4,4,0,0,0,4
0x9fcb75,100%,0,25,25,0,0,0,25
0x409df1,100%,0,138,138,138,0,0,0
0x9f96ba,100%,0,68,68,68,0,0,0
0x4c9f65,100%,0,184,184,0,0,0,184
0xa4730e,100%,0,42,42,0,0,0,42
0x4c9f6e,100%,0,184,184,184,0,0,0
0x49afff,100%,0,2,2,0,0,0,2
0x48ae09,100%,0,891,891,0,0,0,891
0x9f330f,100%,0,160,160,0,0,0,160
0x805ac5,100%,0,84,84,0,0,0,84
0x77cc70,100%,0,16,16,16,0,0,0
0x5ff016,100%,0,40,40,40,0,0,0
0x99e2fb,100%,0,13,13,0,0,0,13
0x4ca09a,100%,0,2,2,0,0,0,2
0x5fe83c,100%,0,3,3,0,0,0,3
0x9fde0e,100%,0,25,25,0,0,0,25
0x8dbb1c,100%,0,8,8,0,0,0,8
0x9fe1ae,100%,0,25,25,0,0,0,25
0x5fe7a5,100%,0,105,105,0,0,0,105
0x95b041,100%,0,46,46,0,0,0,46
0x538734,100%,0,966,966,0,0,0,966
0x9fe182,100%,0,25,25,0,0,0,25
0x5fb9d8,100%,0,26,26,0,0,0,26
0x6486a3,100%,0,2,2,0,0,0,2
0x9fe4e7,100%,0,3,3,3,0,0,0
0x7bcce0,100%,0,2,2,0,0,0,2
0x7d40cc,100%,0,53,53,0,0,0,53
0xa47ac2,100%,0,19,19,0,0,0,19
0x7d1eeb,100%,0,4,4,0,0,0,4
0xa662f1,100%,0,1,1,1,0,0,0
0x9fe469,100%,0,3,3,0,0,0,3
0x9fe4aa,100%,0,3,3,0,0,0,3
0x7817c8,100%,0,63,63,0,0,0,63
0x5fae9d,100%,0,33,33,0,0,0,33
0xa4eed3,100%,0,22,22,0,0,0,22
0x5faf37,100%,0,12,12,12,0,0,0
0x5fb29f,100%,0,6,6,6,0,0,0
0x9848e5,100%,0,4,4,0,0,0,4
0x9f0e4a,100%,0,36,36,0,0,0,36
0x8e8d9f,100%,0,267,267,0,0,0,267
0x7d3746,100%,0,106,106,0,0,0,106
0x9fe6cf,100%,0,40,40,0,0,0,40
0x7be0ce,100%,0,4,4,0,0,0,4
0x84360b,100%,0,4,4,4,0,0,0
0x5fae4e,100%,0,48,48,0,0,0,48
0x5fadbd,100%,0,33,33,33,0,0,0
0x80f35b,100%,0,4,4,4,0,0,0
0x5fad9d,100%,0,48,48,0,0,0,48
0x5fb26d,100%,0,15,15,15,0,0,0
0x441857,100%,0,11,11,0,0,0,11
0x7d379b,100%,0,40,40,40,0,0,0
0x9fe55e,100%,0,134,134,0,0,0,134
0x4bb2ce,100%,0,30,30,0,0,0,30
0x8c8f77,100%,0,6,6,0,0,0,6
0x99affd,100%,0,40,40,0,0,0,40
0x5fac03,100%,0,1,1,0,0,0,1
0x7d33b2,100%,0,12,12,0,0,0,12
0x8f3197,100%,0,13,13,0,0,0,13
0xaad29e,100%,0,7,7,7,0,0,0
0xa9ffc0,100%,0,3,3,3,0,0,0
0x6000d7,100%,0,27,27,0,0,0,27
0x5f1896,100%,0,2,2,0,0,0,2
0x81f620,100%,0,4,4,0,0,0,4
0x8e53c8,100%,0,16,16,0,0,0,16
0x7d208e,100%,0,7,7,0,0,0,7
0x9ecbed,100%,0,4,4,4,0,0,0
0x5338b4,100%,0,18,18,18,0,0,0
0x533894,100%,0,18,18,0,0,0,18
0x5fb768,100%,0,55,55,55,0,0,0
0x5fb75b,100%,0,55,55,0,0,0,55
0xab368f,100%,0,18,18,0,0,0,18
0x6983a9,100%,0,13,13,0,0,0,13
0x812058,100%,0,10,10,0,0,0,10
0x9e379c,100%,0,25,25,25,0,0,0
0x490c96,100%,0,20,20,0,0,0,20
0x80401a,100%,0,3,3,3,0,0,0
0x7d2c8f,100%,0,4,4,0,0,0,4
0x9cfc6f,100%,0,8,8,0,0,0,8
0x7d4400,100%,0,2,2,0,0,0,2
0x96eb2a,100%,0,1,1,0,0,0,1
0x9fe812,100%,0,3,3,3,0,0,0
0x7d446a,100%,0,2,2,0,0,0,2
0x5fb69c,100%,0,75,75,0,0,0,75
0x48790d,100%,0,2,2,0,0,0,2
0x9fe71a,100%,0,40,40,0,0,0,40
0x5b2c20,100%,0,2,2,0,0,0,2
0xa5eb62,100%,0,5,5,0,0,0,5
0x64af0c,100%,0,64,64,0,0,0,64
0x40f720,100%,0,4,4,0,0,0,4
0x480989,100%,0,19,19,0,0,0,19
0x7d3ed5,100%,0,3,3,3,0,0,0
0x5ae5c6,100%,0,25,25,0,0,0,25
0x5ffb39,100%,0,46,46,0,0,0,46
0x5ffba7,100%,0,46,46,0,0,0,46
0x48f5d0,100%,0,3,3,3,0,0,0
0x9f6895,100%,0,293,293,0,0,0,293
0x5f32dd,100%,0,2,2,0,0,0,2
0x80b86f,100%,0,2,2,0,0,0,2
0x48fb0f,100%,0,3,3,0,0,0,3
0x96607d,100%,0,10,10,10,0,0,0
0x7d4435,100%,0,2,2,0,0,0,2
0x9fcc37,100%,0,25,25,0,0,0,25
0x5b9ba3,100%,0,56,56,0,0,0,56
0x9710c4,100%,0,7,7,5,0,0,2
0x5f9262,100%,0,3,3,0,0,0,3
0x48d786,100%,0,21,21,21,0,0,0
0xa3db39,100%,0,8,8,8,0,0,0
0x69ddb9,100%,0,12,12,0,0,0,12
0x8daa98,100%,0,200,200,200,0,0,0
0x81f4b2,100%,0,4,4,0,0,0,4
0x5ff81f,100%,0,46,46,0,0,0,46
0x4a7da6,100%,0,1,1,1,0,0,0
0x5e3904,100%,0,3,3,0,0,0,3
0x5fbc47,100%,0,2,2,0,0,0,2
0x5e3888,100%,0,3,3,0,0,0,3
0x6754da,100%,0,1,1,1,0,0,0
0x8ecc67,100%,0,13,13,0,0,0,13
0x643990,100%,0,34,34,34,0,0,0
0x7d4110,100%,0,16,16,0,0,0,16
0x4a9aa0,100%,0,2,2,2,0,0,0
0x61f3d5,100%,0,20,20,0,0,0,20
0x4a9b53,100%,0,2,2,2,0,0,0
0x65ae7f,100%,0,13,13,0,0,0,13
0x5931b4,100%,0,14,14,0,0,0,14
0x9f96dc,100%,0,42,42,0,0,0,42
0xa4ccbb,100%,0,4,4,0,0,0,4
0x8340bd,100%,0,6,6,0,0,0,6
0xa53055,100%,0,8,8,0,0,0,8
0x63f24b,100%,0,2,2,0,0,0,2
0x4991f1,100%,0,31,31,31,0,0,0
0x65ae11,100%,0,13,13,0,0,0,13
0xb6a105,100%,0,5,5,0,0,0,5
0x7826ca,100%,0,6,6,0,0,0,6
0xa4ca16,100%,0,4,4,0,0,0,4
0xa4c949,100%,0,4,4,4,0,0,0
0xa2fd5a,100%,0,43,43,0,0,0,43
0x7e1845,100%,0,2,2,2,0,0,0
0xa0f118,100%,0,6,6,6,0,0,0
0x6708e8,100%,0,20,20,0,0,0,20
0x48f74a,100%,0,2,2,2,0,0,0
0x977f9a,100%,0,272,272,0,0,0,272
0x5fbe15,100%,0,112,112,0,0,0,112
0x402e1e,100%,0,4,4,4,0,0,0
0x8a6326,100%,0,136,136,136,0,0,0
0xa52d11,100%,0,363,363,0,0,0,363
0x48d719,100%,0,21,21,0,0,0,21
0x402e16,100%,0,4,4,0,0,0,4
0x4b9424,100%,0,2,2,2,0,0,0
0xa4c68e,100%,0,4,4,0,0,0,4
0x7ac0af,100%,0,6,6,6,0,0,0
0x8edb83,100%,0,2,2,0,0,0,2
0x667546,100%,0,2,2,0,0,0,2
0xa5c6f4,100%,0,6,6,0,0,0,6
0x8e16af,100%,0,32,32,0,0,0,32
0x9a0a64,100%,0,28,28,0,0,0,28
0x7dfc79,100%,0,8,8,0,0,0,8
0x9fe94f,100%,0,37,37,0,0,0,37
0x8fe3f3,100%,0,118,118,0,0,0,118
0x8ece90,100%,0,995,995,0,0,0,995
0xa5130d,100%,0,12,12,0,0,0,12
0x4bfe95,100%,0,34,34,0,0,0,34
0x4c3b82,100%,0,4,4,4,0,0,0
0xa31fae,100%,0,36,36,0,0,0,36
0x8d4319,100%,0,12,12,0,0,0,12
0xa075f7,100%,0,6,6,6,0,0,0
0x9fcec7,100%,0,25,25,25,0,0,0
0x5b9e33,100%,0,8,8,0,0,0,8
0x5040c5,100%,0,62,62,62,0,0,0
0x9fceb3,100%,0,25,25,0,0,0,25
0x48f0e6,100%,0,129,129,0,0,0,129
0x648e8f,100%,0,2,2,2,0,0,0
0x5b4a60,100%,0,2,2,2,0,0,0
0xa08722,100%,0,4,4,0,0,0,4
0x7911e6,100%,0,22,22,0,0,0,22
0x8e9a55,100%,0,267,267,0,0,0,267
0x808c3d,100%,0,2,2,0,0,0,2
0x8f34e8,100%,0,12,12,0,0,0,12
0x9fcc80,100%,0,7,7,0,0,0,7
0x63f37e,100%,0,1379,1379,0,0,0,1379
0x5bd554,100%,0,684,684,0,0,0,684
0xa3f079,100%,0,8,8,0,0,0,8
0xa264cb,100%,0,2,2,0,0,0,2
0xa398ac,100%,0,14,14,14,0,0,0
0x94e7a5,100%,0,30,30,0,0,0,30
0x9e37bf,100%,0,25,25,0,0,0,25
0x97b937,100%,0,114,114,114,0,0,0
0x5f8a0f,100%,0,8,8,8,0,0,0
0x40f6b6,100%,0,268,268,268,0,0,0
0xb49a06,100%,0,8,8,0,0,0,8
0x9fcc94,100%,0,7,7,7,0,0,0
0x8f5f74,100%,0,40,40,0,0,0,40
0x8edad4,100%,0,126,126,126,0,0,0
0x48f0bb,100%,0,3,3,0,0,0,3
0x9fec3a,100%,0,30,30,30,0,0,0
0x9fc59b,100%,0,14,14,0,0,0,14
0x9fc593,100%,0,14,14,0,0,0,14
0x58f26c,100%,0,52,52,52,0,0,0
0xa04174,100%,0,1,1,0,0,0,1
0x8165d7,100%,0,39,39,39,0,0,0
0x4a97b9,100%,0,4,4,0,0,0,4
0x9fb213,100%,0,37,37,0,0,0,37
0x4aae24,100%,0,40,40,0,0,0,40
0xa442cf,100%,0,49,49,49,0,0,0
0xa4a58a,100%,0,8,8,0,0,0,8
0x8a6ba8,100%,0,2,2,2,0,0,0
0xaa4749,100%,0,16,16,0,0,0,16
0x8f6cb8,100%,0,45,45,0,0,0,45
0xa31084,100%,0,4,4,0,0,0,4
0xa54ccf,100%,0,299,299,299,0,0,0
0x7a3c73,100%,0,133,133,133,0,0,0
0x7d1c0c,100%,0,1,1,1,0,0,0
0x49a5c5,100%,0,196,196,196,0,0,0
0x9fcf9f,100%,0,18,18,18,0,0,0
0x9fcbbb,100%,0,18,18,0,0,0,18
0x8f4646,100%,0,12,12,12,0,0,0
0x8ee125,100%,0,600,600,600,0,0,0
0x9fd24f,100%,0,7,7,7,0,0,0
0xa083c9,100%,0,7,7,7,0,0,0
