Branch PC,Accuracy,Mispredictions,Correct Predictions,Total,dir_t_pred_t,dir_t_pred_nt,dir_nt_pred_t,dir_nt_pred_nt
aggregate,95.014%,969314,18471432,19440746,9641147,466200,503114,8830285
0x403465,93.8844%,38307,588074,626381,280970,20805,17502,307104
0x403479,94.4118%,30392,513467,543859,205200,14053,16339,308267
0x4013c9,79.2399%,20500,78247,98747,52485,9368,11132,25762
0x40ad24,77.5908%,20037,69377,89414,33065,8261,11776,36312
0x40db09,90.9761%,18915,190695,209610,7065,14904,4011,183630
0x407276,81.2911%,18693,81222,99915,21040,11594,7099,60182
0x40140c,83.7058%,16090,82657,98747,53042,6650,9440,29615
0x407638,85.6589%,15873,94809,110682,74223,6098,9775,20586
0x40abd3,85.8641%,15475,93998,109473,83420,4647,10828,10578
0x40acfb,84.6998%,13718,75941,89659,51689,6861,6857,24252
0x401427,86.3297%,13499,85248,98747,62410,5319,8180,22838
0x40111c,85.9156%,13246,80801,94047,70862,4721,8525,9939
0x4013e7,86.9535%,12883,85864,98747,70786,5524,7359,15078
0x40f888,88.2164%,11636,87111,98747,15505,6638,4998,71606
0x40cc63,66.915%,11590,23441,35031,9218,6490,5100,14223
0x40ca35,84.0592%,11031,58169,69200,57157,2133,8898,1012
0x40d488,84.8106%,10424,58203,68627,50897,4217,6207,7306
0x406eb1,90.894%,10079,100606,110685,24798,5566,4513,75808
0x4101b1,81.8236%,9722,43765,53487,7965,5839,3883,35800
0x40ab55,91.2785%,9504,99468,108972,35285,6039,3465,64183
0x40f8e5,90.9834%,9246,93298,102544,62775,4590,4656,30523
0x4064ec,78.8849%,9142,34154,43296,17237,4636,4506,16917
0x401148,88.7189%,8885,69875,78760,59671,3215,5670,10204
0x40d4a6,59.4679%,8684,12741,21425,7628,3000,5684,5113
0x40117c,87.428%,8666,60265,68931,53649,3196,5470,6616
0x40dba7,96.122%,8191,203025,211216,201763,1226,6965,1262
0x40fa66,87.2648%,7992,54763,62755,22501,3439,4553,32262
0x40ad00,86.3419%,7897,49922,57819,3629,6102,1795,46293
0x40c8fd,87.1043%,7781,52557,60338,27988,3736,4045,24569
0x407085,74.459%,7755,22608,30363,11973,4106,3649,10635
0x407122,93.2141%,7511,103174,110685,55167,3584,3927,48007
0x403789,86.0568%,7466,46080,53546,38698,3233,4233,7382
0x40ca68,89.9393%,6962,62238,69200,57384,2230,4732,4854
0x40777b,93.7298%,6940,103743,110683,18267,3879,3061,85476
0x40d3ef,75.4017%,6752,20697,27449,9515,3537,3215,11182
0x40658c,81.1851%,6744,29100,35844,24127,2942,3802,4973
0x40cb3f,90.9017%,6296,62904,69200,48143,3128,3168,14761
0x40ac6d,90.9052%,6227,62241,68468,7066,3583,2644,55175
0x401238,91.4229%,6210,66192,72402,60934,2326,3884,5258
0x405e82,90.6711%,6207,60328,66535,54590,2252,3955,5738
0x40ac98,89.2752%,6201,51618,57819,23469,3241,2960,28149
0x40cbe3,89.7054%,6137,53477,59614,21597,2986,3151,31880
0x40ac62,93.1291%,6046,81948,87994,15898,3628,2418,66050
0x40d163,72.5085%,5848,15424,21272,5979,3222,2626,9445
0x40c6f9,88.3273%,5709,43200,48909,38589,2179,3530,4611
0x406d3a,82.3839%,5483,25642,31125,21049,2291,3192,4593
0x406f21,82.2712%,5383,24980,30363,16050,2473,2910,8930
0x40fa16,91.6198%,5259,57496,62755,23306,2851,2408,34190
0x407785,94.1414%,5187,83350,88537,76240,1807,3380,7110
0x40feb9,88.6727%,5106,39971,45077,5371,2984,2122,34600
0x406529,88.5278%,4967,38329,43296,20581,2158,2809,17748
0x407712,95.5242%,4954,105729,110683,49464,2469,2485,56265
0x401260,92.6012%,4805,60138,64943,53004,1983,2822,7134
0x40fa3f,92.364%,4792,57963,62755,19073,2070,2722,38890
0x407659,85.1224%,4517,25844,30361,9401,2438,2079,16443
0x4090ad,86.4671%,4417,28222,32639,23817,2096,2321,4405
0x406c0b,76.8281%,4411,14625,19036,4837,2649,1762,9788
0x406522,84.4764%,4398,23933,28331,4361,2547,1851,19572
0x40d20c,81.9915%,4344,19778,24122,13350,2899,1445,6428
0x407501,96.1413%,4271,106414,110685,1203,2753,1518,105211
0x40d48c,71.0775%,4131,10152,14283,233,3253,878,9919
0x406bdc,76.7752%,4095,13537,17632,3785,2296,1799,9752
0x40f9e0,91.9933%,4091,47004,51095,37738,2051,2040,9266
0x40c715,66.9079%,4070,8229,12299,4326,1852,2218,3903
0x405de2,91.4732%,4033,43265,47298,37692,1478,2555,5573
0x406839,74.5443%,3938,11532,15470,7421,1941,1997,4111
0x40f9cd,90.3896%,3934,37001,40935,5338,2455,1479,31663
0x40942c,74.9115%,3900,11645,15545,5699,1775,2125,5946
0x40d041,85.802%,3886,23484,27370,20557,1490,2396,2927
0x40db27,97.9493%,3848,183793,187641,183205,732,3116,588
0x40f994,94.0445%,3824,60386,64210,3109,2479,1345,57277
0x40adc5,78.578%,3748,13748,17496,11316,1361,2387,2432
0x40ae56,82.5595%,3542,16767,20309,16247,845,2697,520
0x40ce55,89.4961%,3396,28935,32331,16875,1706,1690,12060
0x40ca81,65.4705%,3310,6276,9586,5079,1371,1939,1197
0x4070f9,97.0312%,3286,107399,110685,98883,1032,2254,8516
0x40b50b,81.2052%,3281,14176,17457,10945,1358,1923,3231
0x40a7c9,87.9891%,3257,23860,27117,2171,1997,1260,21689
0x40b044,81.3554%,3216,14033,17249,4767,1630,1586,9266
0x40db65,85.4431%,3198,18771,21969,600,2177,1021,18171
0x40b505,85.0516%,3184,18116,21300,1875,1968,1216,16241
0x41022e,78.0405%,3167,11255,14422,8571,1409,1758,2684
0x40d060,61.3833%,3121,4961,8082,3075,995,2126,1886
0x406c9b,75.733%,3079,9609,12688,2277,1679,1400,7332
0x40a7d4,86.775%,3035,19914,22949,4512,1827,1208,15402
0x40cba5,95.6662%,2999,66201,69200,62356,1319,1680,3845
0x406859,80.6335%,2996,12474,15470,4375,1509,1487,8099
0x4037ec,91.3293%,2981,31399,34380,21311,1513,1468,10088
0x40fed2,91.9585%,2953,33769,36722,33699,761,2192,70
0x40f941,89.0357%,2945,23915,26860,2422,1787,1158,21493
0x4065c9,91.8285%,2929,32915,35844,13962,1304,1625,18953
0x40fa8e,94.4669%,2926,49956,52882,6551,1904,1022,43405
0x4063c4,85.9868%,2894,17758,20652,16558,1161,1733,1200
0x40cfa1,79.7018%,2791,10959,13750,6675,1737,1054,4284
0x40832b,91.4703%,2784,29855,32639,7930,1584,1200,21925
0x40ad98,94.0164%,2773,43570,46343,27168,1679,1094,16402
0x40ad8d,96.3342%,2770,72794,75564,27720,1501,1269,45074
0x406ec0,96.6061%,2726,77595,80321,4475,1875,851,73120
0x40d799,98.5218%,2719,181218,183937,180968,451,2268,250
0x40b055,75.2212%,2689,8163,10852,4594,1343,1346,3569
0x40b536,78.428%,2654,9649,12303,5140,1176,1478,4509
0x40d0a4,93.3989%,2644,37410,40054,36995,916,1728,415
0x40ae9b,79.1749%,2640,10037,12677,1687,1583,1057,8350
0x408e3e,89.6151%,2601,22445,25046,2966,1580,1021,19479
0x40f9ba,94.1639%,2599,41934,44533,1845,1753,846,40089
0x401134,85.989%,2587,15877,18464,14415,872,1715,1462
0x408300,95.7075%,2567,57235,59802,25962,1328,1239,31273
0x4012b2,95.8386%,2557,58889,61446,57316,961,1596,1573
0x40ce40,93.7417%,2545,38121,40666,6704,1631,914,31417
0x406c6c,81.1999%,2488,10746,13234,2875,1627,861,7871
0x4093e4,94.1937%,2462,39940,42402,25810,1047,1415,14130
0x40d7e2,98.647%,2424,176739,179163,176487,491,1933,252
0x40d7b4,98.6997%,2359,179060,181419,178847,316,2043,213
0x401160,85.2589%,2340,13534,15874,8676,1153,1187,4858
0x406974,67.3303%,2330,4802,7132,3672,889,1441,1130
0x4010de,97.6434%,2261,93681,95942,378,1517,744,93303
0x40f958,90.049%,2254,20397,22651,3500,1198,1056,16897
0x406861,80.2186%,2226,9027,11253,3997,880,1346,5030
0x40f981,96.6971%,2225,65140,67365,1463,1692,533,63677
0x40c6fd,72.7284%,2221,5923,8144,473,1550,671,5450
0x40f8fc,93.8173%,2175,33004,35179,1573,1284,891,31431
0x4086db,93.3883%,2158,30481,32639,8397,1117,1041,22084
0x4068c2,79.5089%,2153,8354,10507,7211,854,1299,1143
0x40cd24,86.0436%,2143,13212,15355,12041,810,1333,1171
0x40a9b7,87.5139%,2127,14908,17035,2747,1093,1034,12161
0x4090c1,93.5415%,2108,30531,32639,28391,848,1260,2140
0x406c12,88.0948%,2099,15532,17631,9337,1174,925,6195
0x40ad85,89.3117%,2087,17439,19526,299,1482,605,17140
0x40ba3c,74.8633%,2068,6159,8227,2621,995,1073,3538
0x4080d5,93.7008%,2056,30583,32639,2342,1240,816,28241
0x410271,85.9382%,2028,12394,14422,7144,1086,942,5250
0x409138,93.6958%,2027,30126,32153,26792,705,1322,3334
0x40f9a7,96.5474%,2024,56598,58622,12960,1129,895,43638
0x40dae6,99.0664%,1972,209244,211216,209161,449,1523,83
0x408da6,94.0531%,1941,30698,32639,2735,1058,883,27963
0x40f92a,94.0072%,1937,30385,32322,4182,1280,657,26203
0x40d18c,83.9758%,1933,10130,12063,274,1371,562,9856
0x40a808,85.0601%,1928,10977,12905,3591,1065,863,7386
0x4011a2,96.7377%,1918,56875,58793,56221,797,1121,654
0x4090f0,94.3105%,1857,30782,32639,27635,663,1194,3147
0x40d374,92.3051%,1856,22264,24120,17431,807,1049,4833
0x408420,94.3136%,1856,30783,32639,3593,1112,744,27190
0x409305,94.3411%,1847,30792,32639,1527,1016,831,29265
0x407534,98.4148%,1753,108830,110583,108301,377,1376,529
0x401194,85.8349%,1712,10374,12086,9487,651,1061,887
0x40644d,78.8326%,1708,6361,8069,3859,784,924,2502
0x40a7fb,90.0482%,1653,14957,16610,2876,829,824,12081
0x40af6b,90.5831%,1631,15689,17320,14510,810,821,1179
0x40d046,69.7452%,1615,3723,5338,91,1235,380,3632
0x40690d,84.8006%,1597,8910,10507,3197,930,667,5713
0x408023,95.2143%,1562,31077,32639,1374,940,622,29703
0x406810,86.1459%,1559,9694,11253,725,942,617,8969
0x4083a4,95.2725%,1543,31096,32639,834,875,668,30262
0x406534,92.5334%,1542,19110,20652,10093,554,988,9017
0x40852c,95.021%,1540,29390,30930,27015,561,979,2375
0x406418,92.5721%,1534,19118,20652,11560,1023,511,7558
0x40cd45,60.9121%,1517,2364,3881,1408,564,953,956
0x4095ed,95.3798%,1508,31131,32639,28870,731,777,2261
0x40b8f0,92.0784%,1483,17238,18721,15311,445,1038,1927
0x408700,93.5957%,1481,21644,23125,1262,883,598,20382
0x409439,81.8114%,1468,6603,8071,1487,802,666,5116
0x401290,97.6649%,1466,61316,62782,60865,519,947,451
0x409176,95.5391%,1456,31183,32639,1422,892,564,29761
0x40739a,74.7876%,1454,4313,5767,4069,486,968,244
0x40937a,95.5623%,1443,31074,32517,4040,988,455,27034
0x405e89,85.2754%,1433,8299,9732,4370,949,484,3929
0x40aa67,94.1953%,1398,22686,24084,1765,913,485,20921
0x406168,86.037%,1397,8608,10005,6757,620,777,1851
0x405512,86.4768%,1396,8927,10323,8466,328,1068,461
0x406289,87.0856%,1375,9272,10647,6987,670,705,2285
0x4065c2,86.6978%,1368,8916,10284,725,784,584,8191
0x40aaa3,98.0176%,1341,66304,67645,66040,373,968,264
0x40d158,94.4739%,1333,22789,24122,2106,744,589,20683
0x4056f3,71.3728%,1320,3291,4611,1198,808,512,2093
0x4010c4,98.6902%,1270,95692,96962,183,837,433,95509
0x40cc79,93.4637%,1263,18060,19323,16204,542,721,1856
0x40aff5,96.9092%,1243,38973,40216,22194,702,541,16779
0x406ce5,84.1875%,1231,6554,7785,5496,495,736,1058
0x401250,86.6112%,1224,7918,9142,6952,507,717,966
0x40aab8,98.1871%,1204,65209,66413,65020,235,969,189
0x406ca2,91.0307%,1187,12047,13234,5708,408,779,6339
0x40cb43,93.491%,1167,16762,17929,16328,403,764,434
0x40751d,98.9505%,1160,109374,110534,109244,337,823,130
0x40b003,93.343%,1153,16167,17320,9957,528,625,6210
0x40d36a,96.5678%,1144,32187,33331,8579,632,512,23608
0x4073d0,77.2536%,1138,3865,5003,3637,474,664,228
0x405472,83.3681%,1116,5594,6710,5027,384,732,567
0x405fa1,92.9813%,1110,14705,15815,10612,592,518,4093
0x405de9,86.7618%,1076,7052,8128,3047,488,588,4005
0x406c1d,85.2054%,1055,6076,7131,4924,450,605,1152
0x40b5e0,92.2096%,1045,12369,13414,1428,562,483,10941
0x40668a,83.8987%,1030,5367,6397,1954,527,503,3413
0x40adea,96.6236%,974,27873,28847,26435,326,648,1438
0x40aacd,98.5457%,949,64306,65255,64215,203,746,91
0x407f6d,97.1445%,932,31707,32639,278,208,724,31429
0x40ce73,95.0164%,926,17655,18581,15281,506,420,2374
0x4057e5,91.4689%,924,9907,10831,7793,433,491,2114
0x4058e5,90.8981%,907,9058,9965,7511,448,459,1547
0x40754b,99.1814%,906,109771,110677,109755,231,675,16
0x410083,97.8909%,898,41680,42578,14931,474,424,26749
0x405fde,95.7292%,882,19770,20652,10293,354,528,9477
0x40d1cc,91.6203%,873,9545,10418,99,493,380,9446
0x410079,90.095%,865,7868,8733,2002,497,368,5866
0x40d428,93.9649%,862,13421,14283,184,586,276,13237
0x40850b,97.3621%,861,31778,32639,1133,576,285,30645
0x40b51c,80.1768%,852,3446,4298,600,360,492,2846
0x4101c0,97.8631%,848,38835,39683,53,557,291,38782
0x405df4,81.8911%,835,3776,4611,1526,480,355,2250
0x40c19f,89.7716%,833,7311,8144,135,485,348,7176
0x405d42,94.1878%,829,13434,14263,11680,323,506,1754
0x40d601,85.9232%,828,5054,5882,4847,478,350,207
0x40b513,83.9736%,826,4328,5154,421,435,391,3907
0x40cd28,68.0264%,823,1751,2574,66,599,224,1685
0x401278,91.7838%,818,9138,9956,1759,402,416,7379
0x4069ac,88.5726%,815,6317,7132,4977,397,418,1340
0x40b646,84.366%,815,4398,5213,3781,312,503,617
0x406d54,89.5825%,811,6974,7785,6832,300,511,142
0x40ab31,99.2701%,799,108674,109473,108643,329,470,31
0x40cbd2,98.8699%,782,68418,69200,9078,508,274,59340
0x4011e0,98.9284%,780,72008,72788,67,319,461,71941
0x40aae2,98.7923%,778,63640,64418,63534,119,659,106
0x40686d,87.9006%,774,5623,6397,1413,377,397,4210
0x40b62f,87.5763%,773,5449,6222,531,478,295,4918
0x4068e7,77.1557%,763,2577,3340,785,410,353,1792
0x406905,77.2455%,760,2580,3340,432,466,294,2148
0x40b8e8,96.0871%,758,18614,19372,20,631,127,18594
0x40fb18,98.5761%,753,52129,52882,6982,195,558,45147
0x40aec3,96.2557%,741,19049,19790,11721,344,397,7328
0x40d247,95.4766%,735,15514,16249,1693,285,450,13821
0x40ceae,74.9821%,699,2095,2794,1514,330,369,581
0x405e9b,84.9273%,695,3916,4611,1621,385,310,2295
0x4066cc,82.5077%,685,3231,3916,3101,258,427,130
0x40af73,65.85%,683,1317,2000,345,342,341,972
0x40e0e6,61.8994%,682,1108,1790,390,367,315,718
0x406a9a,87.3465%,680,4694,5374,2749,349,331,1945
0x408eb7,97.7048%,678,28862,29540,20936,280,398,7926
0x40cf69,54.1524%,668,789,1457,499,234,434,290
0x40a739,97.8488%,660,30020,30680,1466,438,222,28554
0x40b068,83.6033%,658,3355,4013,245,407,251,3110
0x406482,83.4345%,655,3299,3954,187,341,314,3112
0x40db83,96.6132%,650,18542,19192,10956,184,466,7586
0x40cf4b,91.2695%,643,6722,7365,6206,209,434,516
0x40ca99,79.5599%,641,2495,3136,2397,162,479,98
0x40817c,97.8284%,631,28426,29057,834,358,273,27592
0x40859d,97.9628%,630,30295,30925,335,383,247,29960
0x40b53e,89.7611%,613,5374,5987,2961,288,325,2413
0x408b44,98.1403%,607,32032,32639,31763,247,360,269
0x406b16,91.5732%,601,6531,7132,5603,270,331,928
0x40d6f7,63.093%,599,1024,1623,829,237,362,195
0x40b7f3,92.2331%,593,7042,7635,6072,231,362,970
0x406aec,81.5428%,591,2611,3202,588,338,253,2023
0x4082aa,99.0285%,581,59221,59802,29001,291,290,30220
0x40ae00,72.5312%,573,1513,2086,1087,285,288,426
0x40b88e,93.0481%,572,7656,8228,4066,545,27,3590
0x406b8d,92.3023%,549,6583,7132,5202,172,377,1381
0x4081a3,98.0513%,543,27322,27865,26185,320,223,1137
0x4100c7,98.7623%,527,42051,42578,41943,193,334,108
0x40b93b,93.655%,522,7705,8227,7661,218,304,44
0x4092dd,98.4038%,521,32118,32639,244,291,230,31874
0x409104,98.4219%,512,31932,32444,31572,227,285,360
0x40c59e,40.7059%,504,346,850,179,254,250,167
0x40d63c,68.9464%,504,1119,1623,209,274,230,910
0x405519,67.1457%,503,1028,1531,751,128,375,277
0x409800,71.8037%,494,1258,1752,617,237,257,641
0x4097ee,72.4886%,482,1270,1752,311,331,151,959
0x40c580,77.0367%,482,1617,2099,1375,190,292,242
0x40ff25,98.7011%,477,36245,36722,56,318,159,36189
0x40b07f,74.8148%,476,1414,1890,1243,309,167,171
0x40b074,95.402%,469,9731,10200,8046,264,205,1685
0x41024b,89.6171%,461,3979,4440,349,187,274,3630
0x4089e8,98.612%,449,31900,32349,9039,185,264,22861
0x4088b0,98.6491%,437,31912,32349,1166,253,184,30746
0x40be0a,88.4911%,434,3337,3771,3205,128,306,132
0x406b7b,72.4116%,429,1126,1555,577,240,189,549
0x407977,99.6178%,423,110262,110685,51649,285,138,58613
0x4012ca,86.7466%,420,2749,3169,2498,170,250,251
0x407506,99.6158%,410,106319,106729,106209,143,267,110
0x40930d,98.6576%,404,29692,30096,28857,168,236,835
0x408edd,98.6363%,403,29150,29553,28965,254,149,185
0x40dbcc,93.2846%,395,5487,5882,4013,79,316,1474
0x405cdf,91.4769%,393,4218,4611,2147,204,189,2071
0x40901c,98.677%,391,29162,29553,454,253,138,28708
0x40be26,38.2911%,390,242,632,101,213,177,141
0x4061a1,86.5655%,372,2397,2769,443,194,178,1954
0x405255,78.9324%,371,1390,1761,1091,251,120,299
0x4012e7,99.3719%,371,58694,59065,38142,69,302,20552
0x40594e,85.7582%,371,2234,2605,1654,157,214,580
0x406494,98.2084%,370,20282,20652,10384,263,107,9898
0x409751,98.8817%,365,32274,32639,32264,156,209,10
0x40ba52,92.1275%,363,4248,4611,3989,134,229,259
0x408fbe,98.7785%,361,29192,29553,28953,174,187,239
0x4010a7,99.7879%,360,169390,169750,72561,227,133,96829
0x4069fc,79.9204%,353,1405,1758,520,172,181,885
0x405631,83.2301%,352,1747,2099,1297,150,202,450
0x409f4b,62.6068%,350,586,936,318,159,191,268
0x4102ac,94.4121%,346,5846,6192,3710,132,214,2136
0x405479,73.5951%,343,956,1299,602,45,298,354
0x40cf4f,63.8947%,343,607,950,16,210,133,591
0x4100db,99.1907%,341,41795,42136,41580,95,246,215
0x406e63,99.6964%,336,110349,110685,110273,144,192,76
0x406b4d,73.3122%,336,923,1259,317,204,132,606
0x40aeef,99.167%,335,39881,40216,22811,85,250,17070
0x40cdf3,99.1861%,331,40335,40666,36196,222,109,4139
0x40671d,94.8726%,328,6069,6397,1640,150,178,4429
0x40a758,87.2122%,311,2121,2432,1991,141,170,130
0x40981a,82.3059%,310,1442,1752,764,264,46,678
0x40ae17,98.8899%,305,27170,27475,6999,167,138,20171
0x4053d2,87.7938%,296,2129,2425,1935,75,221,194
0x405b31,85.5434%,290,1716,2006,1226,142,148,490
0x407518,99.738%,290,110395,110685,33,118,172,110362
0x4062c1,90.9319%,289,2898,3187,2598,108,181,300
0x406a49,84.6029%,285,1566,1851,669,116,169,897
0x40a819,96.545%,285,7964,8249,7807,118,167,157
0x40c1a9,96.2254%,284,7240,7524,7159,60,224,81
0x40912d,99.136%,282,32357,32639,373,113,169,31984
0x406271,89.9242%,279,2490,2769,64,77,202,2426
0x40b5ae,97.9938%,278,13579,13857,251,192,86,13328
0x40cde1,99.4707%,264,49613,49877,9168,43,221,40445
0x40b860,96.5951%,260,7376,7636,4460,198,62,2916
0x403e74,99.2218%,254,32385,32639,32231,96,158,154
0x40e0f3,75.8955%,249,784,1033,30,157,92,754
0x40bb6b,88.4834%,243,1867,2110,1829,53,190,38
0x4088a1,99.2586%,242,32397,32639,209,81,161,32188
0x41049b,99.9274%,242,333164,333406,333163,240,2,1
0x40c616,58.7734%,242,345,587,86,69,173,259
0x405e1b,94.8384%,238,4373,4611,69,129,109,4304
0x406702,70.9202%,237,578,815,123,135,102,455
0x40936f,99.28%,235,32404,32639,16,106,129,32388
0x40762f,99.7886%,234,110448,110682,0,0,234,110448
0x409db9,75.8547%,226,710,936,65,152,74,645
0x40b498,84.3906%,219,1184,1403,954,124,95,230
0x40a276,76.8162%,217,719,936,670,47,170,49
0x40d3f8,98.5136%,214,14183,14397,3,111,103,14180
0x40c42c,39.3678%,211,137,348,42,149,62,95
0x40a14c,73.7113%,204,572,776,39,149,55,533
0x409e54,78.7393%,199,737,936,179,128,71,558
0x409c69,64.5683%,197,359,556,210,106,91,149
0x409e6d,68.8394%,196,433,629,312,67,129,121
0x409827,88.8699%,195,1557,1752,1524,9,186,33
0x40b05d,96.1953%,187,4728,4915,773,129,58,3955
0x408d28,70.4581%,187,446,633,195,145,42,251
0x409a30,72.6608%,187,497,684,413,76,111,84
0x409d36,73.0994%,184,500,684,417,48,136,83
0x40516b,71.7791%,184,468,652,145,88,96,323
0x40d213,97.6756%,183,7690,7873,1625,58,125,6065
0x40c26f,78.5124%,182,665,847,644,46,136,21
0x40a24b,73.1959%,182,497,679,343,50,132,154
0x405d54,96.118%,179,4432,4611,1945,61,118,2487
0x40a1a7,69.898%,177,411,588,168,84,93,243
0x40a089,81.1966%,176,760,936,582,47,129,178
0x407115,99.8428%,174,110511,110685,0,0,174,110511
0x40be0e,60.5023%,173,265,438,13,107,66,252
0x40d29a,98.9415%,172,16077,16249,15631,42,130,446
0x40bb93,24.5614%,172,56,228,0,0,172,56
0x40c584,69.8214%,169,391,560,8,135,34,383
0x406391,94.7005%,169,3020,3189,98,101,68,2922
0x409939,75.4386%,168,516,684,127,80,88,389
0x40a068,82.265%,166,770,936,727,46,120,43
0x405345,83.6795%,165,846,1011,744,34,131,102
0x409c94,76.1765%,162,518,680,54,139,23,464
0x409896,76.462%,161,523,684,64,129,32,459
0x40bb87,51.3595%,161,170,331,39,111,50,131
0x40f852,99.837%,161,98586,98747,98586,161,0,0
0x40bd63,66.6667%,160,320,480,238,62,98,82
0x40ca11,99.7688%,160,69040,69200,0,0,160,69040
0x4064bb,99.2301%,159,20493,20652,19,76,83,20474
0x40b5ef,98.6257%,157,11267,11424,1102,112,45,10165
0x406f03,99.8591%,156,110528,110684,80242,79,77,30286
0x407147,99.86%,155,110530,110685,5000,3,152,105530
0x4102c9,98.1288%,154,8076,8230,8072,54,100,4
0x409b69,77.7778%,152,532,684,385,92,60,147
0x40552b,77.1472%,149,503,652,145,88,61,358
0x406efe,99.8654%,149,110536,110685,0,1,148,110536
0x40a8db,96.8428%,147,4509,4656,4404,62,85,105
0x409c18,78.5294%,146,534,680,39,85,61,495
0x40aa38,99.3938%,146,23938,24084,17620,67,79,6318
0x407624,99.869%,145,110538,110683,0,1,144,110538
0x40d4c4,93.5755%,145,2112,2257,2084,54,91,28
0x40c1de,48.2143%,145,135,280,86,37,108,49
0x4067e5,97.7333%,145,6252,6397,1,20,125,6251
0x40e106,82.8605%,145,701,846,14,87,58,687
0x406207,94.7996%,144,2625,2769,155,87,57,2470
0x409dbd,80.2503%,142,577,719,535,29,113,42
0x40fb48,99.8572%,141,98606,98747,98606,141,0,0
0x40752f,99.8744%,139,110546,110685,28,74,65,110518
0x40a0a7,78.2194%,137,492,629,365,76,61,127
0x408f85,99.5398%,136,29417,29553,29311,71,65,106
0x408201,99.5864%,135,32504,32639,43,84,51,32461
0x40cb9a,99.8078%,133,69067,69200,0,0,133,69067
0x405484,79.6012%,133,519,652,165,68,65,354
0x40be8f,69.863%,132,306,438,304,15,117,2
0x40caa9,77.2964%,131,446,577,413,59,72,33
0x40ba75,72.6293%,127,337,464,79,82,45,258
0x409f70,72.7669%,125,334,459,150,78,47,184
0x40cfe1,97.6583%,125,5213,5338,3,12,113,5210
0x40ba5e,74.5902%,124,364,488,11,13,111,353
0x407150,99.8827%,124,105558,105682,99843,72,52,5715
0x4053e4,80.9816%,124,528,652,224,9,115,304
0x405a27,85.6974%,121,725,846,117,47,74,608
0x40c28b,43.9815%,121,95,216,49,54,67,46
0x409cc8,71.1491%,118,291,409,123,60,58,168
0x40655b,99.4335%,117,20535,20652,11,63,54,20524
0x405b65,83.2612%,116,577,693,460,79,37,117
0x40b303,99.4997%,115,22870,22985,157,10,105,22713
0x4037dd,99.6719%,113,34326,34439,1,58,55,34325
0x40bd6b,37.7778%,112,68,180,20,41,71,48
0x40a6cf,99.6388%,111,30617,30728,7,41,70,30610
0x40d2bd,81.0764%,109,467,576,5,79,30,462
0x40a20b,80.9859%,108,460,568,460,108,0,0
0x40ad35,99.8132%,108,57711,57819,0,0,108,57711
0x406334,96.5725%,108,3043,3151,380,55,53,2663
0x409952,77.3585%,108,369,477,350,26,82,19
0x40a1d3,86.2113%,107,669,776,121,95,12,548
0x408e5a,99.4829%,106,20394,20500,14133,89,17,6261
0x40db0e,99.944%,105,187536,187641,0,0,105,187536
0x40a74c,94.1676%,103,1663,1766,1409,22,81,254
0x40c273,35.0318%,102,55,157,36,8,94,19
0x40cb59,99.8555%,100,69099,69199,51219,52,48,17880
0x4082d1,99.6788%,98,30412,30510,30349,33,65,63
0x407546,99.9124%,97,110588,110685,2,6,91,110586
0x4092e5,99.6979%,97,32007,32104,31999,30,67,8
0x407966,99.9142%,95,110590,110685,0,0,95,110590
0x409cbb,80.6982%,94,393,487,16,62,32,377
0x41006e,99.7915%,94,44983,45077,36269,75,19,8714
0x409b48,86.5497%,92,592,684,559,41,51,33
0x405ad1,89.2435%,91,755,846,22,30,61,733
0x40b877,96.9443%,91,2887,2978,2868,0,91,19
0x409d0c,77.9951%,90,319,409,108,35,55,211
0x40a207,86.7452%,90,589,679,50,61,29,539
0x40c62a,79.1183%,90,341,431,341,90,0,0
0x405985,89.4799%,89,757,846,81,54,35,676
0x408c2e,85.7827%,89,537,626,337,11,78,200
0x40d85c,99.9579%,89,211127,211216,211127,89,0,0
0x40ccb2,96.5423%,89,2485,2574,11,59,30,2474
0x4012a8,93.7053%,88,1310,1398,1300,36,52,10
0x40c49b,53.9267%,88,103,191,80,1,87,23
0x408ebe,98.9548%,87,8237,8324,8192,46,41,45
0x4093ef,99.4532%,85,15460,15545,0,0,85,15460
0x4090fa,98.0419%,85,4256,4341,141,54,31,4115
0x407704,99.9232%,85,110598,110683,0,0,85,110598
0x40d8bd,99.9602%,84,211132,211216,211132,84,0,0
0x405370,87.1166%,84,568,652,177,60,24,391
0x40cb62,99.4979%,84,16647,16731,16645,20,64,2
0x4052db,91.6914%,84,927,1011,927,84,0,0
0x4063f1,97.1897%,84,2905,2989,4,52,32,2901
0x40c09b,54.6961%,82,99,181,61,34,48,38
0x4102dd,98.9909%,82,8044,8126,8041,41,41,3
0x40fa7c,99.8943%,81,76523,76604,23703,19,62,52820
0x40ff3d,99.7772%,81,36267,36348,36267,27,54,0
0x40aa4f,99.542%,81,17606,17687,16997,38,43,609
0x40fb0e,99.0616%,80,8445,8525,11,59,21,8434
0x40c397,86.5646%,79,509,588,183,57,22,326
0x409905,88.5965%,78,606,684,577,23,55,29
0x4010f8,99.9171%,78,93969,94047,0,0,78,93969
0x409343,99.7641%,77,32559,32636,32559,77,0,0
0x40676f,98.8276%,75,6322,6397,6316,26,49,6
0x405b76,51.9481%,74,80,154,80,74,0,0
0x4051a9,82.8162%,72,347,419,0,0,72,347
0x40c293,55.414%,70,87,157,0,0,70,87
0x4091f7,99.7855%,70,32569,32639,32566,44,26,3
0x40a0af,63.2979%,69,119,188,54,37,32,65
0x405c18,90.1449%,68,622,690,91,56,12,531
0x405a38,90.0293%,68,614,682,528,18,50,86
0x40a096,77.8502%,68,239,307,197,18,50,42
0x40b686,94.0179%,67,1053,1120,94,54,13,959
0x40a125,92.8034%,67,864,931,102,53,14,762
0x405e9f,97.428%,67,2538,2605,2538,67,0,0
0x40add5,99.7677%,67,28780,28847,0,0,67,28780
0x40b478,88.3186%,66,499,565,366,63,3,133
0x405d7b,98.5903%,65,4546,4611,3,15,50,4543
0x405e4c,99.3321%,65,9667,9732,17,22,43,9650
0x407fee,99.7978%,65,32088,32153,0,0,65,32088
0x4102b1,97.2766%,64,2286,2350,220,19,45,2066
0x408f1a,80.8383%,64,270,334,68,31,33,202
0x40d362,99.811%,63,33268,33331,0,0,63,33268
0x408456,99.7745%,63,27871,27934,0,0,63,27871
0x4095f3,97.9263%,63,2975,3038,2938,30,33,37
0x407726,99.9431%,63,110620,110683,110620,63,0,0
0x4011fa,99.913%,63,72339,72402,0,0,63,72339
0x40b127,99.8842%,62,53484,53546,53484,58,4,0
0x40c101,44.1441%,62,49,111,34,51,11,15
0x40846c,99.81%,62,32577,32639,32577,62,0,0
0x405aa7,55.1471%,61,75,136,75,61,0,0
0x409e82,75.6%,61,189,250,0,0,61,189
0x409eae,75.6%,61,189,250,103,30,31,86
0x40728f,99.8131%,61,32573,32634,22107,37,24,10466
0x409e23,93.5897%,60,876,936,763,10,50,113
0x40931a,98.3661%,59,3552,3611,2833,41,18,719
0x40ff90,99.8377%,59,36289,36348,0,4,55,36289
0x408eb0,99.8004%,59,29494,29553,2,11,48,29492
0x408779,99.7489%,58,23043,23101,23030,33,25,13
0x40c07d,94.3026%,58,960,1018,899,8,50,61
0x40937f,99.7899%,58,27553,27611,3,4,54,27550
0x40a83e,81.875%,58,262,320,249,33,25,13
0x408ba3,83.2353%,57,283,340,191,27,30,92
0x4101cf,99.8541%,57,39016,39073,0,8,49,39016
0x40a9da,98.5156%,57,3783,3840,3612,7,50,171
0x4058f3,98.7855%,56,4555,4611,2000,6,50,2555
0x4092fa,90.9836%,55,555,610,467,27,28,88
0x40593a,97.9271%,54,2551,2605,2550,19,35,1
0x406214,97.9027%,53,2474,2527,1856,25,28,618
0x40cfb3,99.0071%,53,5285,5338,0,0,53,5285
0x40ab60,99.9217%,53,67595,67648,67594,51,2,1
0x40b5f3,99.4809%,53,10157,10210,2534,41,12,7623
0x40bb6f,77.193%,52,176,228,6,41,11,170
0x40bfd4,61.3636%,51,81,132,27,40,11,54
0x4037e3,99.8517%,51,34329,34380,0,0,51,34329
0x406c44,99.2848%,51,7080,7131,1,12,39,7079
0x40afec,99.8757%,50,40166,40216,0,0,50,40166
0x405cb1,92.785%,50,643,693,21,34,16,622
0x409b76,75.8454%,50,157,207,31,49,1,126
0x409acb,69.375%,49,111,160,105,40,9,6
0x40a1fa,93.1469%,49,666,715,3,33,16,663
0x409a55,74.8718%,49,146,195,5,30,19,141
0x410093,99.8234%,48,27125,27173,27125,48,0,0
0x40f913,99.8515%,48,32274,32322,0,0,48,32274
0x4067bd,99.2496%,48,6349,6397,1784,6,42,4565
0x40552f,88.5442%,48,371,419,371,48,0,0
0x40ffab,99.8679%,48,36296,36344,36296,47,1,0
0x4082e2,99.8453%,47,30335,30382,30246,38,9,89
0x40cd66,99.9078%,46,49831,49877,9581,5,41,40250
0x40b3d1,99.7983%,46,22761,22807,22761,46,0,0
0x403f6a,99.8621%,45,32594,32639,32593,36,9,1
0x40bad9,83.2714%,45,224,269,9,32,13,215
0x409338,99.8621%,45,32594,32639,0,3,42,32594
0x40cb5d,99.7546%,44,17884,17928,1179,18,26,16705
0x4101e3,99.8874%,44,39021,39065,39021,44,0,0
0x40af9f,99.7314%,43,15964,16007,653,34,9,15311
0x405f70,99.0674%,43,4568,4611,0,0,43,4568
0x40a6a7,99.8601%,43,30685,30728,30685,43,0,0
0x409fe3,82.2511%,41,190,231,185,11,30,5
0x4011be,97.6901%,41,1734,1775,1714,8,33,20
0x408bd1,66.3866%,40,79,119,6,6,34,73
0x408bea,62.6168%,40,67,107,27,2,38,40
0x409b8c,91.6143%,40,437,477,425,12,28,12
0x40a164,93.3673%,39,549,588,549,35,4,0
0x40c4ee,93.3673%,39,549,588,4,23,16,545
0x40b30e,99.8291%,39,22779,22818,22779,39,0,0
0x40c52a,93.2143%,38,522,560,3,23,15,519
0x401214,99.9475%,38,72364,72402,0,0,38,72364
0x40ca44,99.6163%,38,9866,9904,1,14,24,9865
0x408775,99.8357%,38,23087,23125,6,18,20,23081
0x408e08,99.873%,37,29090,29127,4063,12,25,25027
0x410001,99.9009%,36,36308,36344,0,0,36,36308
0x406327,98.9018%,35,3152,3187,14,24,11,3138
0x40c195,99.5702%,35,8109,8144,0,0,35,8109
0x40a0db,96.3675%,34,902,936,900,6,28,2
0x40922f,99.8958%,34,32605,32639,32605,34,0,0
0x40ca40,99.6569%,34,9876,9910,0,6,28,9876
0x40b5e4,99.7111%,33,11391,11424,0,0,33,11391
0x40ce31,99.9189%,33,40633,40666,0,0,33,40633
0x40925f,99.8989%,33,32597,32630,32597,29,4,0
0x40b851,99.5809%,32,7604,7636,0,0,32,7604
0x40998f,68.3168%,32,69,101,26,20,12,43
0x40741f,99.8555%,32,22112,22144,22112,32,0,0
0x409e97,87.2%,32,218,250,0,0,32,218
0x409963,68.3168%,32,69,101,0,0,32,69
0x40a6be,99.8959%,32,30696,30728,0,0,32,30696
0x40b435,99.8597%,32,22775,22807,0,0,32,22775
0x4083f1,99.8998%,31,30899,30930,0,0,31,30899
0x406895,99.5154%,31,6366,6397,0,17,14,6366
0x40a6d8,99.9022%,30,30650,30680,30650,30,0,0
0x409257,99.9081%,30,32609,32639,1,8,22,32608
0x40927d,99.9081%,30,32609,32639,0,0,30,32609
0x406bb4,99.5794%,30,7102,7132,0,11,19,7102
0x40a784,99.8931%,29,27088,27117,27088,29,0,0
0x40c652,99.6439%,29,8115,8144,0,0,29,8115
0x4080ba,99.9044%,29,30296,30325,0,0,29,30296
0x40c1bb,90.4918%,29,276,305,0,25,4,276
0x40ba89,90.7591%,28,275,303,15,19,9,260
0x40c081,74.7748%,28,83,111,3,22,6,80
0x409224,99.9142%,28,32611,32639,0,0,28,32611
0x40bfdc,58.4615%,27,38,65,0,22,5,38
0x40a777,99.9004%,27,27090,27117,0,0,27,27090
0x406d0e,99.6532%,27,7758,7785,0,0,27,7758
0x406014,99.7401%,26,9979,10005,9978,24,2,1
0x40bc17,88.5965%,26,202,228,38,10,16,164
0x40a1b4,92.2619%,26,310,336,310,3,23,0
0x409395,99.9094%,25,27579,27604,27579,25,0,0
0x406082,99.7501%,25,9980,10005,9979,17,8,1
0x4054dc,98.3671%,25,1506,1531,0,2,23,1506
0x408e1f,99.9042%,24,25028,25052,0,6,18,25028
0x40b89c,99.3363%,24,3592,3616,0,0,24,3592
0x40c2d2,84.7134%,24,133,157,0,0,24,133
0x40a7e4,99.8555%,24,16586,16610,0,0,24,16586
0x4037fe,99.6279%,24,6426,6450,6426,24,0,0
0x406247,96.2848%,24,622,646,622,24,0,0
0x409285,99.9295%,23,32616,32639,32616,23,0,0
0x40a070,85.8896%,23,140,163,123,8,15,17
0x40573e,99.1171%,23,2582,2605,0,0,23,2582
0x410213,99.8405%,23,14399,14422,14399,23,0,0
0x40d171,99.8177%,22,12049,12071,0,8,14,12049
0x406489,99.7274%,22,8047,8069,0,0,22,8047
0x40a8e8,88.4211%,22,168,190,5,6,16,163
0x408c5b,96.6825%,21,612,633,607,6,15,5
0x40cc48,99.9401%,21,35010,35031,0,0,21,35010
0x405b1d,98.9531%,21,1985,2006,1985,8,13,0
0x405600,96.7791%,21,631,652,0,0,21,631
0x4092a2,99.9387%,20,32619,32639,32619,19,1,0
0x40bdb4,95.4338%,20,418,438,0,0,20,418
0x40d1c7,99.808%,20,10398,10418,0,0,20,10398
0x403930,99.9387%,20,32619,32639,32619,20,0,0
0x40c699,99.7544%,20,8124,8144,8124,17,3,0
0x40d564,99.1126%,19,2122,2141,0,0,19,2122
0x409bbb,97.2222%,19,665,684,664,5,14,1
0x40854f,99.9386%,19,30911,30930,3,2,17,30908
0x405c87,96.5009%,19,524,543,524,19,0,0
0x40bc85,96.1924%,19,480,499,2,17,2,478
0x40b89e,99.4746%,19,3597,3616,0,0,19,3597
0x40bd59,96.1924%,19,480,499,0,19,0,480
0x40b357,99.9167%,19,22799,22818,1,10,9,22798
0x410016,99.9477%,19,36325,36344,36325,19,0,0
0x40b362,99.9167%,19,22788,22807,22788,19,0,0
0x4091ea,99.9449%,18,32621,32639,0,0,18,32621
0x405be0,88.3117%,18,136,154,136,18,0,0
0x405ecf,99.309%,18,2587,2605,2587,18,0,0
0x40919a,99.9406%,18,30307,30325,0,0,18,30307
0x409b50,78.5714%,18,66,84,25,9,9,41
0x408c36,93.8849%,17,261,278,261,17,0,0
0x406341,99.3741%,17,2699,2716,2699,17,0,0
0x4090cb,99.5%,17,3383,3400,3383,17,0,0
0x409be8,97.5146%,17,667,684,0,4,13,667
0x40adbb,99.9028%,17,17479,17496,0,0,17,17479
0x40ae66,99.8459%,16,10367,10383,10367,16,0,0
0x40b3b8,99.9298%,16,22791,22807,22791,16,0,0
0x409c72,93.3333%,16,224,240,223,5,11,1
0x40c680,99.8158%,15,8129,8144,0,0,15,8129
0x408722,99.9351%,15,23110,23125,0,0,15,23110
0x40938a,99.9457%,15,27589,27604,0,0,15,27589
0x4081b4,99.9434%,15,26490,26505,26490,15,0,0
0x4037ba,99.8709%,15,11600,11615,0,0,15,11600
0x40b027,99.7805%,15,6820,6835,0,0,15,6820
0x405776,99.8707%,14,10817,10831,10817,14,0,0
0x40cc57,99.96%,14,35017,35031,0,0,14,35017
0x4077a4,99.8665%,14,10476,10490,10476,14,0,0
0x40b501,99.9343%,14,21286,21300,0,0,14,21286
0x40a11d,98.5043%,14,922,936,0,5,9,922
0x40be31,97.032%,13,425,438,0,0,13,425
0x409181,99.9571%,13,30312,30325,0,0,13,30312
0x40cd4d,99.4949%,13,2561,2574,2561,13,0,0
0x408f98,92.3977%,13,158,171,152,5,8,6
0x40d4ae,99.909%,13,14270,14283,14270,13,0,0
0x4085a1,99.957%,13,30194,30207,30194,13,0,0
0x4062ad,99.5923%,13,3176,3189,2,0,13,3174
0x4037f8,99.8875%,13,11543,11556,5099,7,6,6444
0x4081d7,99.9553%,13,29044,29057,0,0,13,29044
0x40c61a,97.2222%,12,420,432,0,1,11,420
0x40d691,98.9474%,12,1128,1140,1128,12,0,0
0x40ce0d,99.7175%,12,4236,4248,4236,12,0,0
0x409113,98.1395%,12,633,645,633,12,0,0
0x40392c,99.9632%,12,32627,32639,0,0,12,32627
0x40d557,99.4862%,11,2130,2141,0,0,11,2130
0x40431c,99.9663%,11,32628,32639,32628,11,0,0
0x40a9bb,99.9166%,11,13184,13195,3940,7,4,9244
0x40c45b,92.9936%,11,146,157,1,10,1,145
0x405835,99.4516%,11,1995,2006,0,0,11,1995
0x409642,78%,11,39,50,1,8,3,38
0x4037ab,99.9053%,11,11604,11615,0,0,11,11604
0x40b94d,96.8391%,11,337,348,337,11,0,0
0x4078b8,99.9503%,11,22135,22146,22135,11,0,0
0x4051e6,99.4321%,10,1751,1761,1751,10,0,0
0x403e81,96.7949%,10,302,312,10,8,2,292
0x410241,99.7749%,10,4432,4442,0,2,8,4432
0x40c71c,99.8772%,10,8134,8144,0,0,10,8134
0x4092bb,99.9694%,10,32629,32639,32629,10,0,0
0x40d2b1,98.2639%,10,566,576,0,0,10,566
0x405f32,99.5015%,10,1996,2006,1996,10,0,0
0x40698d,99.8027%,9,4552,4561,0,0,9,4552
0x40ce61,99.9345%,9,13741,13750,13741,9,0,0
0x409322,98.7788%,9,728,737,724,6,3,4
0x408c26,98.5782%,9,624,633,1,6,3,623
0x406142,99.9249%,8,10639,10647,10639,7,1,0
0x406b82,99.3646%,8,1251,1259,0,0,8,1251
0x40d771,99.9028%,8,8219,8227,0,0,8,8219
0x40587b,99.9197%,8,9957,9965,9957,8,0,0
0x40c501,98.574%,8,553,561,0,1,7,553
0x4090b7,99.8811%,8,6718,6726,0,0,8,6718
0x40379a,99.9311%,8,11607,11615,0,0,8,11607
0x409312,99.7786%,8,3606,3614,0,3,5,3606
0x4061e0,99.6248%,8,2124,2132,2124,6,2,0
0x40a826,97.5309%,8,316,324,0,4,4,316
0x405dac,99.9139%,7,8121,8128,0,0,7,8121
0x40cae6,93.3333%,7,98,105,0,7,0,98
0x405d49,99.6903%,7,2253,2260,0,0,7,2253
0x405592,97.4249%,6,227,233,227,6,0,0
0x40837e,99.9741%,6,23119,23125,0,0,6,23119
0x4054ab,99.0798%,6,646,652,0,0,6,646
0x409151,99.8711%,6,4650,4656,4650,6,0,0
0x40539d,98.5542%,6,409,415,0,0,6,409
0x405a00,99.1561%,6,705,711,705,4,2,0
0x40b637,99.8849%,6,5207,5213,0,0,6,5207
0x409b94,85%,6,34,40,5,6,0,29
0x40bd4b,98.7976%,6,493,499,0,0,6,493
0x40b5fc,99.9214%,6,7629,7635,7629,6,0,0
0x4093fa,99.9614%,6,15539,15545,0,0,6,15539
0x40a160,98.9796%,6,582,588,0,0,6,582
0x406300,98.7526%,6,475,481,475,5,1,0
0x4072b5,99.9428%,6,10484,10490,10484,6,0,0
0x409c29,98.9209%,6,550,556,550,6,0,0
0x40540b,99.0798%,6,646,652,0,0,6,646
0x40dc45,99.7207%,5,1785,1790,1785,5,0,0
0x406367,99.8159%,5,2711,2716,2711,5,0,0
0x40cc82,99.806%,5,2572,2577,0,3,2,2572
0x409d4b,97.7169%,5,214,219,0,0,5,214
0x40d180,99.9586%,5,12058,12063,0,0,5,12058
0x409efc,96.2406%,5,128,133,0,4,1,128
0x40621c,99.226%,5,641,646,641,5,0,0
0x40960a,92.8571%,5,65,70,16,4,1,49
0x40d06b,99.9251%,4,5334,5338,5334,4,0,0
0x407158,99.9306%,4,5763,5767,5763,4,0,0
0x408cf4,99.3681%,4,629,633,627,3,1,2
0x408d90,99.3681%,4,629,633,0,4,0,629
0x40ceeb,99.5789%,4,946,950,0,0,4,946
0x40d2a7,99.3056%,4,572,576,0,0,4,572
0x4081aa,99.7059%,4,1356,1360,0,0,4,1356
0x40d2c7,99.187%,4,488,492,488,4,0,0
0x40543c,99.6921%,4,1295,1299,0,0,4,1295
0x405d0d,99.823%,4,2256,2260,0,0,4,2256
0x40b341,99.9825%,4,22814,22818,22814,4,0,0
0x40ca52,99.9596%,4,9885,9889,9885,4,0,0
0x4099e6,90.9091%,4,40,44,1,3,1,39
0x405b4d,99.5671%,3,690,693,0,0,3,690
0x40d38d,99.949%,3,5879,5882,5879,3,0,0
0x405c07,99.5671%,3,690,693,0,3,0,690
0x4061a9,99.8593%,3,2129,2132,2129,3,0,0
0x409bf1,99.5588%,3,677,680,0,0,3,677
0x40c5a9,99.4643%,3,557,560,0,0,3,557
0x4060cb,99.9718%,3,10644,10647,10644,3,0,0
0x409f06,97.6744%,3,126,129,0,3,0,126
0x405f02,99.8504%,3,2003,2006,2003,3,0,0
0x408bb2,97.541%,3,119,122,1,2,1,118
0x40befd,98.4962%,2,131,133,0,1,1,131
0x4053d9,99.5181%,2,413,415,0,0,2,413
0x40a93c,50%,2,2,4,2,2,0,0
0x4099dc,95.6522%,2,44,46,1,1,1,43
0x405298,99.1416%,2,231,233,0,0,2,231
0x40cb09,97.9592%,2,96,98,96,2,0,0
0x409647,95.122%,2,39,41,39,1,1,0
0x4071e5,99.96%,2,5001,5003,5001,2,0,0
0x40596d,99.7636%,2,844,846,0,0,2,844
0x40b66a,99.8214%,2,1118,1120,0,0,2,1118
0x408cbf,90%,2,18,20,18,2,0,0
0x40bfca,98.4962%,2,131,133,0,1,1,131
0x40cf71,99.7895%,2,948,950,948,2,0,0
0x40cec1,99.7895%,2,948,950,0,0,2,948
0x405991,99.7187%,2,709,711,709,2,0,0
0x40cb48,99.8331%,2,1196,1198,1196,1,1,0
0x409978,98.0198%,2,99,101,0,0,2,99
0x405a44,99.2647%,1,135,136,135,1,0,0
0x40935e,66.6667%,1,2,3,2,1,0,0
0x40d2e8,98.8095%,1,83,84,0,0,1,83
0x409bcf,93.3333%,1,14,15,0,1,0,14
0x4067b1,98.2143%,1,55,56,0,1,0,55
0x4092aa,0%,1,0,1,0,1,0,0
0x4092ea,99.8361%,1,609,610,0,0,1,609
0x40670a,99.9745%,1,3915,3916,0,0,1,3915
0x40a900,99.4413%,1,178,179,178,1,0,0
0x40989a,99.7963%,1,490,491,490,1,0,0
0x403e8e,99.6599%,1,293,294,293,1,0,0
0x40a0fb,96.6667%,1,29,30,1,1,0,28
0x40d4d8,99.1597%,1,118,119,0,0,1,118
0x40b155,75%,1,3,4,3,1,0,0
0x40ba7e,99.67%,1,302,303,0,0,1,302
0x40555f,99.7613%,1,418,419,418,1,0,0
0x409267,92.3077%,1,12,13,12,1,0,0
0x40bd88,99.7717%,1,437,438,0,0,1,437
0x4062ce,99.7921%,1,480,481,480,1,0,0
0x40c1e8,100%,0,157,157,0,0,0,157
0x409c25,100%,0,556,556,0,0,0,556
0x406046,100%,0,3,3,0,0,0,3
0x409353,100%,0,3,3,0,0,0,3
0x408d06,100%,0,3,3,3,0,0,0
0x40dce2,100%,0,1790,1790,1790,0,0,0
0x40964d,100%,0,1,1,0,0,0,1
0x40ce83,100%,0,2794,2794,0,0,0,2794
0x409847,100%,0,219,219,0,0,0,219
0x407677,100%,0,1,1,0,0,0,1
0x409d15,100%,0,266,266,266,0,0,0
0x4055c2,100%,0,233,233,233,0,0,0
0x40bb0b,100%,0,228,228,228,0,0,0
0x40a987,100%,0,15,15,0,0,0,15
0x408f50,100%,0,334,334,334,0,0,0
0x409994,100%,0,55,55,0,0,0,55
0x40c028,100%,0,111,111,0,0,0,111
0x40b134,100%,0,4,4,0,0,0,4
0x405c29,100%,0,543,543,543,0,0,0
0x4082d8,100%,0,128,128,0,0,0,128
0x406f39,100%,0,1,1,1,0,0,0
0x408c8e,100%,0,20,20,20,0,0,0
0x409eb3,100%,0,117,117,0,0,0,117
0x40ba92,100%,0,269,269,269,0,0,0
0x40a958,100%,0,11,11,11,0,0,0
0x409204,100%,0,29,29,29,0,0,0
0x40a258,100%,0,286,286,286,0,0,0
0x4092f2,100%,0,610,610,0,0,0,610
0x40618d,100%,0,2769,2769,0,0,0,2769
0x409600,100%,0,70,70,0,0,0,70
0x403f77,100%,0,10,10,0,0,0,10
0x40baf1,100%,0,228,228,0,0,0,228
0x403f84,100%,0,10,10,10,0,0,0
0x40c205,100%,0,157,157,157,0,0,0
0x409348,100%,0,3,3,0,0,0,3
0x40d4cc,100%,0,119,119,0,0,0,119
0x40bfbc,100%,0,133,133,0,0,0,133
0x40962b,100%,0,50,50,0,0,0,50
0x40bffc,100%,0,111,111,0,0,0,111
0x40c0a8,100%,0,111,111,0,0,0,111
0x409ccc,100%,0,226,226,226,0,0,0
