Branch PC,Accuracy,Mispredictions,Correct Predictions,Total,dir_t_pred_t,dir_t_pred_nt,dir_nt_pred_t,dir_nt_pred_nt
aggregate,98.7528%,244753,19379365,19624118,7903583,75438,169315,11475782
0x4bedf9,77.1704%,170955,577874,748829,460699,42262,128693,117175
0x4c8761,95.3948%,14977,310243,325220,47780,3182,11795,262463
0x4c5c06,82.4504%,13407,62988,76395,53447,3782,9625,9541
0x4bf7d5,98.1631%,5973,319186,325159,1,5958,15,319185
0x50fc12,96.6007%,5150,146352,151502,745,4683,467,145607
0x4c5c31,75.8688%,4319,13579,17898,9567,1262,3057,4012
0x4be97a,58.3186%,3064,4287,7351,3433,911,2153,854
0x4bf7d9,99.2729%,2321,316879,319200,316879,12,2309,0
0x4c6bb0,99.0732%,2206,235813,238019,31,2178,28,235782
0x4ba40c,89.4641%,2135,18129,20264,16960,50,2085,1169
0x4c2680,84.8582%,2087,11696,13783,1708,1990,97,9988
0x4bdcfc,92.0687%,1713,19885,21598,17955,390,1323,1930
0x4cb4c0,86.9701%,1580,10546,12126,7369,771,809,3177
0x4cbcb0,80.6556%,1440,6004,7444,3525,892,548,2479
0x4c6bb9,99.4144%,1381,234429,235810,234416,4,1377,13
0x50feb6,94.5753%,1299,22647,23946,7825,1223,76,14822
0x4c5c1f,94.7101%,998,17868,18866,38,930,68,17830
0x50fe02,89.3213%,826,6909,7735,6904,18,808,5
0x4bf8b4,99.7481%,819,324339,325158,322749,64,755,1590
0x4c9fcb,91.9732%,720,8250,8970,1648,628,92,6602
0x4bedd7,99.9177%,617,748827,749444,0,615,2,748827
0x4c7ef0,92.881%,532,6941,7473,6550,54,478,391
0x4be9c1,86.577%,429,2767,3196,2763,0,429,4
0x50fcd4,98.1664%,332,17774,18106,0,328,4,17774
0x4c5c18,98.4243%,302,18864,19166,4,296,6,18860
0x4c4988,83.912%,278,1450,1728,462,229,49,988
0x50fec1,98.3488%,246,14652,14898,3477,233,13,11175
0x4c5c38,96.5625%,243,6826,7069,28,210,33,6798
0x4ca08a,99.956%,218,495232,495450,319027,84,134,176205
0x4cbcea,87.7315%,212,1516,1728,94,187,25,1422
0x47b38c,85.4074%,197,1153,1350,0,193,4,1153
0x4c5929,99.7616%,183,76588,76771,76364,33,150,224
0x4c4407,99.2184%,168,21327,21495,21159,8,160,168
0x4c02ce,75.4472%,151,464,615,78,79,72,386
0x50fc1e,99.9103%,131,145943,146074,145919,1,130,24
0x4c57c3,94.7477%,127,2291,2418,2291,3,124,0
0x4c64da,99.9111%,124,139324,139448,74601,68,56,64723
0x4ca0c8,99.9302%,123,176216,176339,154231,21,102,21985
0x4b8dbd,89.4372%,122,1033,1155,886,47,75,147
0x50fcff,99.6189%,69,18037,18106,18037,3,66,0
0x4ba510,92.3925%,69,838,907,217,47,22,621
0x50fe76,93.8126%,68,1031,1099,312,61,7,719
0x418b3c,92.1856%,64,755,819,755,1,63,0
0x4761b1,75.7937%,61,191,252,191,2,59,0
0x4b9f2e,98.3405%,54,3200,3254,1117,24,30,2083
0x4bb1ce,97.5432%,54,2144,2198,587,36,18,1557
0x50fb20,99.1147%,50,5598,5648,40,26,24,5558
0x4c9ecc,99.4872%,46,8924,8970,7347,35,11,1577
0x4c5c90,89.1827%,45,371,416,0,42,3,371
0x50fcf7,88.1402%,44,327,371,1,42,2,326
0x4c6bd4,98.8052%,43,3556,3599,124,34,9,3432
0x4bf6d4,99.4267%,42,7284,7326,7284,5,37,0
0x4cb570,98.7724%,39,3138,3177,262,36,3,2876
0x4ba887,99.9182%,39,47635,47674,47635,0,39,0
0x4ba4e7,95.873%,39,906,945,11,27,12,895
0x4c4ccb,99.612%,38,9755,9793,1278,18,20,8477
0x50fe81,94.7658%,38,688,726,174,35,3,514
0x50fb1a,99.3324%,38,5654,5692,19,25,13,5635
0x4c9e62,99.5987%,36,8934,8970,7345,12,24,1589
0x4c4d6e,98.5062%,34,2242,2276,688,24,10,1554
0x50feaa,99.8583%,34,23953,23987,10,31,3,23943
0x4c4e24,99.6116%,33,8464,8497,5918,21,12,2546
0x4b959e,96.7247%,32,945,977,16,28,4,929
0x4c466b,99.9902%,32,325188,325220,548,32,0,324640
0x4cb3a1,99.6834%,31,9762,9793,3978,21,10,5784
0x50fdec,99.5691%,30,6932,6962,6932,5,25,0
0x4c4d5b,99.7039%,29,9764,9793,7498,19,10,2266
0x4bddbd,99.9067%,27,28898,28925,28898,1,26,0
0x50fc56,99.3168%,25,3634,3659,3634,6,19,0
0x4bc11c,98.9242%,23,2115,2138,2075,16,7,40
0x4bbd47,98.971%,22,2116,2138,42,8,14,2074
0x4c4152,99.1515%,21,2454,2475,0,21,0,2454
0x4ca8cb,99.4534%,21,3821,3842,2764,6,15,1057
0x4bbd18,99.0309%,21,2146,2167,15,14,7,2131
0x50fde6,99.7132%,20,6954,6974,0,12,8,6954
0x4c77ef,95.1923%,20,396,416,5,6,14,391
0x50fd04,71.2121%,19,47,66,47,3,16,0
0x4c7aab,95.6731%,18,398,416,367,7,11,31
0x4bee01,99.9927%,18,245850,245868,23,17,1,245827
0x4c6e4e,99.8779%,17,13907,13924,7466,7,10,6441
0x4bb1b2,99.2747%,17,2327,2344,137,9,8,2190
0x4c3c24,99.3131%,17,2458,2475,2443,3,14,15
0x4b9579,98.4111%,16,991,1007,14,16,0,977
0x50fe11,98.032%,16,797,813,797,1,15,0
0x4b9e76,99.5175%,16,3300,3316,51,11,5,3249
0x4be9ad,99.5333%,15,3199,3214,0,15,0,3199
0x4cab35,99.4585%,15,2755,2770,106,10,5,2649
0x4c50c6,99.8229%,15,8456,8471,3658,8,7,4798
0x4cbcbc,99.5375%,14,3013,3027,2340,3,11,673
0x4b9ff0,98.773%,14,1127,1141,1117,8,6,10
0x4c6bef,99.6222%,13,3428,3441,3405,1,12,23
0x419006,98.2804%,13,743,756,243,9,4,500
0x4bedac,98.1707%,12,644,656,634,3,9,10
0x4cc5f3,99.9963%,12,321272,321284,319689,1,11,1583
0x4bdca4,99.9585%,12,28918,28930,21595,3,9,7323
0x4c4416,96.3415%,12,316,328,210,4,8,106
0x4bf7b0,99.8362%,12,7314,7326,7314,6,6,0
0x4c3d31,99.5503%,11,2435,2446,2435,11,0,0
0x50fdf1,56%,11,14,25,3,11,0,11
0x4c4163,99.5925%,10,2444,2454,2444,1,9,0
0x4be9e1,99.6404%,10,2771,2781,197,10,0,2574
0x4bdd0e,99.7954%,10,4877,4887,1,4,6,4876
0x4b9ca6,83.871%,10,52,62,14,3,7,38
0x4bd988,99.5748%,10,2342,2352,2342,4,6,0
0x4c7b00,99.8823%,10,8487,8497,8334,9,1,153
0x4c6ab0,99.9112%,10,11250,11260,8782,9,1,2468
0x60a172,90.4762%,10,95,105,95,3,7,0
0x4bbd7c,99.579%,9,2129,2138,52,3,6,2077
0x4b95ba,79.5455%,9,35,44,4,8,1,31
0x4bc1ff,99.5696%,9,2082,2091,42,4,5,2040
0x4c7a83,97.7778%,9,396,405,395,6,3,1
0x50fb28,99.8388%,9,5573,5582,2,4,5,5571
0x4bc125,88.1579%,9,67,76,19,7,2,48
0x4c4522,99.8127%,9,4796,4805,4796,9,0,0
0x4c96ce,99.7545%,9,3657,3666,1118,5,4,2539
0x4c7b0b,94.8052%,8,146,154,2,7,1,144
0x4c6269,99.7818%,8,3658,3666,3658,8,0,0
0x50fc4e,99.7817%,8,3657,3665,0,6,2,3657
0x4bbda1,99.6159%,8,2075,2083,2075,8,0,0
0x4bdccf,99.8909%,8,7324,7332,1629,5,3,5695
0x4c3ebe,99.6729%,8,2438,2446,2438,8,0,0
0x4c3b13,99.669%,8,2409,2417,2409,8,0,0
0x50fe6a,99.2721%,8,1091,1099,0,0,8,1091
0x4be5b4,99.8913%,8,7349,7357,425,8,0,6924
0x4b8de2,96.8468%,7,215,222,145,1,6,70
0x4c6200,99.903%,7,7206,7213,7206,7,0,0
0x4ba518,98.9114%,7,636,643,0,6,1,636
0x4cb989,93%,7,93,100,93,7,0,0
0x4c44ee,99.8543%,7,4798,4805,4798,7,0,0
0x4c73d5,99.8915%,7,6444,6451,2058,6,1,4386
0x4cb6e7,99.8628%,7,5094,5101,5094,7,0,0
0x4c57d6,99.99%,7,69933,69940,117,7,0,69816
0x4c5c5b,99.99%,7,69933,69940,69566,0,7,367
0x4c6cc7,94.8148%,7,128,135,1,4,3,127
0x4ca756,99.9047%,7,7341,7348,7341,7,0,0
0x4b8e0d,90.7895%,7,69,76,69,7,0,0
0x4cb3f9,99.8495%,6,3980,3986,3980,6,0,0
0x4c7861,98.5577%,6,410,416,410,6,0,0
0x4ca7d9,99.9183%,6,7342,7348,7342,6,0,0
0x4c260b,99.9565%,6,13777,13783,13777,6,0,0
0x4cba6f,94%,6,94,100,94,6,0,0
0x4c40c5,99.7576%,6,2469,2475,0,0,6,2469
0x4c276d,99.9405%,6,10079,10085,10079,6,0,0
0x50fc40,86.3636%,6,38,44,0,6,0,38
0x4b9a0a,90.3226%,6,56,62,56,6,0,0
0x4c39de,99.9994%,6,1038711,1038717,0,6,0,1038711
0x4c3aa4,79.3103%,6,23,29,23,6,0,0
0x4c4439,94.7368%,6,108,114,108,6,0,0
0x4bf7ee,99.9274%,6,8262,8268,8262,0,6,0
0x50fe07,99.262%,6,807,813,0,0,6,807
0x4cb46c,99.9505%,6,12120,12126,0,0,6,12120
0x4bb2db,99.727%,6,2192,2198,31,2,4,2161
0x4bb361,81.8182%,6,27,33,27,6,0,0
0x4be64b,99.9133%,6,6918,6924,0,6,0,6918
0x4cb63f,60%,6,9,15,5,2,4,4
0x4c268d,99.9504%,5,10080,10085,10080,5,0,0
0x4c4ee3,72.2222%,5,13,18,6,3,2,7
0x4bb93b,83.871%,5,26,31,26,5,0,0
0x4b9da1,99.8492%,5,3311,3316,3311,5,0,0
0x4caaed,99.8195%,5,2765,2770,2765,5,0,0
0x4c2765,99.9504%,5,10080,10085,0,0,5,10080
0x4b9e84,99.8463%,5,3249,3254,3249,5,0,0
0x4c6004,88.0952%,5,37,42,0,0,5,37
0x4baf12,99.7867%,5,2339,2344,2,4,1,2337
0x4c26a8,99.9504%,5,10080,10085,10080,5,0,0
0x4bdd44,99.8976%,5,4877,4882,4877,5,0,0
0x4c603b,88.0952%,5,37,42,37,5,0,0
0x418b53,99.3895%,5,814,819,756,0,5,58
0x4babeb,97.7477%,5,217,222,215,1,4,2
0x5ef191,16.6667%,5,1,6,1,5,0,0
0x4bc620,83.871%,5,26,31,26,5,0,0
0x5f052a,16.6667%,5,1,6,1,1,4,0
0x4c651a,99.9556%,5,11255,11260,11255,5,0,0
0x4c6cb6,99.8636%,5,3661,3666,3527,4,1,134
0x4b958e,83.3333%,5,25,30,25,5,0,0
0x4bdd83,99.8976%,5,4877,4882,0,0,5,4877
0x4bc1cc,99.8087%,4,2087,2091,0,0,4,2087
0x4c40d3,99.8384%,4,2471,2475,0,0,4,2471
0x4bc35e,99.8044%,4,2041,2045,2041,4,0,0
0x4bb2c6,99.818%,4,2194,2198,2194,4,0,0
0x4c3b51,99.8384%,4,2471,2475,2471,4,0,0
0x4c500a,99.9445%,4,7209,7213,7209,4,0,0
0x4bd9a5,33.3333%,4,2,6,2,4,0,0
0x5f0495,33.3333%,4,2,6,2,4,0,0
0x4d89f3,97.9899%,4,195,199,2,4,0,193
0x4b9f3d,99.8107%,4,2109,2113,2109,4,0,0
0x4b9b6a,99.8689%,4,3046,3050,3046,4,0,0
0x4c3e43,86.2069%,4,25,29,25,4,0,0
0x4ca138,99.8399%,4,2494,2498,2494,4,0,0
0x4bb1e2,99.746%,4,1571,1575,1571,4,0,0
0x4cbd28,96%,4,96,100,0,4,0,96
0x4c54f1,99.9645%,4,11256,11260,11256,4,0,0
0x4bae6a,99.8294%,4,2340,2344,2340,4,0,0
0x4b99ba,86.6667%,4,26,30,26,4,0,0
0x50fac9,99.9297%,4,5689,5693,5689,3,1,0
0x4bc161,84.6154%,4,22,26,22,4,0,0
0x4c3e99,99.8384%,4,2471,2475,26,3,1,2445
0x4bc206,99.8044%,4,2041,2045,2041,4,0,0
0x4c3c44,86.2069%,4,25,29,25,4,0,0
0x4b9d3a,95.1613%,3,59,62,59,3,0,0
0x4cbd20,97.1154%,3,101,104,1,3,0,100
0x4bbe73,94.5455%,3,52,55,52,3,0,0
0x4c3d77,89.6552%,3,26,29,26,3,0,0
0x4ca8d0,99.7201%,3,1069,1072,1069,3,0,0
0x4b99fe,95.1613%,3,59,62,0,0,3,59
0x4b905a,99.8513%,3,2015,2018,1007,2,1,1008
0x4c593e,99.1979%,3,371,374,371,3,0,0
0x5f0559,25%,3,1,4,1,3,0,0
0x609759,97.1429%,3,102,105,102,3,0,0
0x4c3e1f,89.6552%,3,26,29,26,3,0,0
0x4bb6c9,90.9091%,3,30,33,30,3,0,0
0x4bc2b7,99.8565%,3,2088,2091,2088,3,0,0
0x4c4eaa,66.6667%,3,6,9,6,3,0,0
0x4bda9e,99.8721%,3,2343,2346,2343,3,0,0
0x4bb909,90.3226%,3,28,31,28,3,0,0
0x4c4954,99.8264%,3,1725,1728,0,0,3,1725
0x4bbab8,99.8616%,3,2164,2167,2164,1,2,0
0x4cab8e,97.4138%,3,113,116,113,3,0,0
0x4be9b3,99.9062%,3,3196,3199,0,3,0,3196
0x50fb33,99.9462%,3,5573,5576,5573,3,0,0
0x4c7a75,99.2788%,3,413,416,9,2,1,404
0x5f25ec,50%,3,3,6,0,0,3,3
0x4c9683,99.9182%,3,3663,3666,3663,3,0,0
0x4be574,99.3072%,3,430,433,389,0,3,41
0x4c7d82,99.8799%,3,2495,2498,0,0,3,2495
0x4c9ed8,99.8111%,3,1585,1588,0,2,1,1585
0x4bdd04,99.9386%,3,4884,4887,0,0,3,4884
0x4b9585,90%,3,27,30,0,0,3,27
0x4c4d8c,99.8082%,3,1561,1564,1561,3,0,0
0x4bacf7,99.872%,3,2341,2344,2341,3,0,0
0x4c601a,92.8571%,3,39,42,39,3,0,0
0x4bc2cc,99.9022%,2,2043,2045,2043,2,0,0
0x4c3db7,93.1034%,2,27,29,0,0,2,27
0x4bc2c1,99.9022%,2,2043,2045,0,0,2,2043
0x4b945f,0%,2,0,2,0,2,0,0
0x4c5993,99.9974%,2,76395,76397,0,2,0,76395
0x4c3ad5,99.9173%,2,2415,2417,2415,2,0,0
0x5ef114,66.6667%,2,4,6,0,0,2,4
0x4bb501,93.9394%,2,31,33,31,2,0,0
0x4cbc8d,99.9608%,2,5099,5101,0,0,2,5099
0x4b9426,99.8018%,2,1007,1009,1007,0,2,0
0x47b4ea,99.8271%,2,1155,1157,193,0,2,962
0x4b9c5b,99.9344%,2,3048,3050,3048,0,2,0
0x4bbdc7,99.904%,2,2081,2083,2081,2,0,0
0x4bb83a,93.9394%,2,31,33,30,1,1,1
0x4bc28c,99.9044%,2,2089,2091,2089,2,0,0
0x4bf6e9,94.5946%,2,35,37,35,2,0,0
0x4cb3a6,99.9655%,2,5792,5794,5792,2,0,0
0x4cb2dc,99.9479%,2,3840,3842,3840,2,0,0
0x50fb0d,99.9649%,2,5690,5692,0,0,2,5690
0x4c79bd,99.5192%,2,414,416,414,2,0,0
0x4ca5cd,99.9728%,2,7346,7348,7346,2,0,0
0x4c7a94,99.5192%,2,414,416,0,0,2,414
0x4c40df,99.9192%,2,2473,2475,2473,2,0,0
0x4c4e7e,88.8889%,2,16,18,7,2,0,9
0x4c77d1,99.5192%,2,414,416,414,2,0,0
0x4b90f8,99.9009%,2,2016,2018,1007,2,0,1009
0x4cd289,99.9994%,2,321475,321477,964,1,1,320511
0x4ca93b,99.9278%,2,2768,2770,2768,2,0,0
0x4cb526,99.3311%,2,297,299,297,2,0,0
0x4bd463,99.9145%,2,2338,2340,0,0,2,2338
0x4c611d,97.619%,2,82,84,42,0,2,40
0x5f0ab4,0%,2,0,2,0,0,2,0
0x4d8f71,66.6667%,2,4,6,4,2,0,0
0x4c4188,93.3333%,2,28,30,28,2,0,0
0x4ca634,99.9728%,2,7346,7348,7346,2,0,0
0x4bf878,60%,2,3,5,0,0,2,3
0x4d2de2,66.6667%,2,4,6,4,2,0,0
0x4c4eee,77.7778%,2,7,9,7,2,0,0
0x5f0533,50%,2,2,4,0,0,2,2
0x4cf6de,66.6667%,2,4,6,4,2,0,0
0x5ef430,66.6667%,2,4,6,4,2,0,0
0x479c65,99.8271%,2,1155,1157,0,2,0,1155
0x5ef1e3,66.6667%,2,4,6,0,0,2,4
0x4b94a9,0%,2,0,2,0,0,2,0
0x4c9601,98.5185%,2,133,135,133,2,0,0
0x5ef517,66.6667%,2,4,6,4,2,0,0
0x4b94c8,0%,2,0,2,0,0,2,0
0x4c2832,99.9802%,2,10083,10085,10083,2,0,0
0x4c6103,97.619%,2,82,84,40,2,0,42
0x4c64b0,99.9993%,1,139447,139448,0,0,1,139447
0x4bc1f0,99.9522%,1,2090,2091,0,0,1,2090
0x4c4d21,99.9898%,1,9792,9793,0,0,1,9792
0x609a2a,88.8889%,1,8,9,8,0,1,0
0x4ba639,97.3684%,1,37,38,0,0,1,37
0x60a17c,99.115%,1,112,113,7,0,1,105
0x5f06c6,66.6667%,1,2,3,0,0,1,2
0x4c02dd,99.7817%,1,457,458,0,1,0,457
0x5f056d,83.3333%,1,5,6,0,0,1,5
0x5f261b,83.3333%,1,5,6,0,0,1,5
0x4be7ce,99.9864%,1,7350,7351,7350,1,0,0
0x50fc03,99.9821%,1,5581,5582,0,0,1,5581
0x4be851,99.9864%,1,7350,7351,7350,1,0,0
0x4b95c5,96.875%,1,31,32,31,1,0,0
0x4c6ca5,99.9727%,1,3665,3666,0,0,1,3665
0x4bdc8e,96.7742%,1,30,31,0,0,1,30
0x4bb84a,50%,1,1,2,0,0,1,1
0x4bbd2a,99.9532%,1,2137,2138,0,0,1,2137
0x4cbcc6,99.6441%,1,280,281,0,0,1,280
0x4be9ca,99.7691%,1,432,433,432,1,0,0
0x4be654,99.9864%,1,7350,7351,7350,1,0,0
0x4bc1e4,99.9522%,1,2090,2091,0,0,1,2090
0x50f593,99.9015%,1,1014,1015,1009,0,1,5
0x477089,99.8677%,1,755,756,755,1,0,0
0x4c63cb,99.9993%,1,139447,139448,139447,1,0,0
0x4c3af8,99.9586%,1,2416,2417,0,0,1,2416
0x4c60da,97.619%,1,41,42,0,0,1,41
0x4c456f,50%,1,1,2,1,1,0,0
0x4bdd9a,99.9795%,1,4881,4882,0,0,1,4881
0x4c9e74,99.938%,1,1612,1613,1612,1,0,0
0x4bc1e8,99.9522%,1,2090,2091,0,0,1,2090
0x4bee8b,99.9996%,1,245826,245827,0,0,1,245826
0x4bb867,50%,1,1,2,1,1,0,0
0x4ba5f0,96.875%,1,31,32,31,1,0,0
0x608b68,99.1228%,1,113,114,0,0,1,113
0x4cb476,99.9918%,1,12125,12126,12125,1,0,0
0x4c4e8e,88.8889%,1,8,9,8,1,0,0
0x4be704,99.9779%,1,4532,4533,188,1,0,4344
0x4c4e9e,88.8889%,1,8,9,8,1,0,0
0x4ca086,99.9998%,1,495449,495450,0,0,1,495449
0x4c57e4,99.9986%,1,69815,69816,0,0,1,69815
0x4bf7fd,83.3333%,1,5,6,0,1,0,5
0x5f0698,0%,1,0,1,0,0,1,0
0x4c60c1,97.619%,1,41,42,0,0,1,41
0x4ba3d8,99.9951%,1,20263,20264,0,0,1,20263
0x4bb962,96.7742%,1,30,31,30,1,0,0
0x5eefcd,83.3333%,1,5,6,0,0,1,5
0x4b9054,99.9504%,1,2017,2018,0,0,1,2017
0x4ba80d,99.9979%,1,47672,47673,47672,1,0,0
0x5eefb9,83.3333%,1,5,6,0,0,1,5
0x4cb57a,99.9653%,1,2878,2879,2878,0,1,0
0x4c4e5e,88.8889%,1,8,9,0,0,1,8
0x4ba96b,99.9009%,1,1008,1009,0,0,1,1008
0x50fc5b,94.7368%,1,18,19,0,0,1,18
0x5f2c2a,83.3333%,1,5,6,0,0,1,5
0x47a1f0,99.9136%,1,1156,1157,1156,1,0,0
0x5eefe5,83.3333%,1,5,6,5,1,0,0
0x4cb97a,99%,1,99,100,0,0,1,99
0x5f06d7,66.6667%,1,2,3,0,0,1,2
0x4cd43d,83.3333%,1,5,6,5,1,0,0
0x4bbd55,99.9521%,1,2087,2088,2087,1,0,0
0x4ca09e,99.9994%,1,176338,176339,176338,1,0,0
0x4c4ce1,99.9234%,1,1304,1305,1296,0,1,8
0x4c3b8e,99.9596%,1,2474,2475,2474,1,0,0
0x4ba016,99.9111%,1,1124,1125,1124,1,0,0
0x4c3b0a,99.9586%,1,2416,2417,0,0,1,2416
0x5f06ed,66.6667%,1,2,3,1,1,0,1
0x4bf88f,80%,1,4,5,0,0,1,4
0x5f06fa,0%,1,0,1,0,1,0,0
0x4d8f30,100%,0,6,6,0,0,0,6
0x4ce624,100%,0,1009,1009,1009,0,0,0
0x606859,100%,0,193,193,0,0,0,193
0x47cd70,100%,0,193,193,193,0,0,0
0x4d5847,100%,0,193,193,193,0,0,0
0x47d3f9,100%,0,1351,1351,1158,0,0,193
0x4bace2,100%,0,2344,2344,0,0,0,2344
0x40188a,100%,0,1157,1157,0,0,0,1157
0x4cbd2c,100%,0,96,96,0,0,0,96
0x5ef0f7,100%,0,6,6,6,0,0,0
0x4c9e66,100%,0,1613,1613,0,0,0,1613
0x6067fc,100%,0,193,193,193,0,0,0
0x4c5978,100%,0,374,374,0,0,0,374
0x47b3bc,100%,0,1157,1157,0,0,0,1157
0x4d8e8a,100%,0,6,6,6,0,0,0
0x4d5ab3,100%,0,193,193,193,0,0,0
0x4ca621,100%,0,7348,7348,7348,0,0,0
0x4d5bff,100%,0,193,193,193,0,0,0
0x47620f,100%,0,1157,1157,1157,0,0,0
0x478b9a,100%,0,386,386,386,0,0,0
0x4bb81a,100%,0,33,33,0,0,0,33
0x4c2757,100%,0,10085,10085,0,0,0,10085
0x4d8a9f,100%,0,6,6,0,0,0,6
0x417f3a,100%,0,756,756,0,0,0,756
0x4cfbf9,100%,0,193,193,193,0,0,0
0x418b5c,100%,0,63,63,63,0,0,0
0x4c43f7,100%,0,21495,21495,0,0,0,21495
0x4ba395,100%,0,20264,20264,20264,0,0,0
0x4c8cdd,100%,0,135,135,135,0,0,0
0x4ba35a,100%,0,3254,3254,0,0,0,3254
0x47b18a,100%,0,1350,1350,0,0,0,1350
0x47ac7e,100%,0,252,252,0,0,0,252
0x4d5747,100%,0,193,193,0,0,0,193
0x4b8daf,100%,0,1155,1155,0,0,0,1155
0x4d5777,100%,0,193,193,193,0,0,0
0x4d57c8,100%,0,193,193,0,0,0,193
0x4c3e7f,100%,0,29,29,0,0,0,29
0x5f2c4c,100%,0,6,6,6,0,0,0
0x47ae44,100%,0,252,252,252,0,0,0
0x5fac9a,100%,0,6,6,6,0,0,0
0x4d5839,100%,0,193,193,0,0,0,193
0x47afce,100%,0,252,252,0,0,0,252
0x50fb51,100%,0,44,44,0,0,0,44
0x4d583e,100%,0,193,193,0,0,0,193
0x4cdf27,100%,0,392,392,392,0,0,0
0x46c7e8,100%,0,193,193,0,0,0,193
0x47afe6,100%,0,252,252,252,0,0,0
0x4b95d1,100%,0,30,30,30,0,0,0
0x4cb4d7,100%,0,19,19,19,0,0,0
0x417e3a,100%,0,756,756,0,0,0,756
0x47619e,100%,0,252,252,0,0,0,252
0x6068ae,100%,0,193,193,0,0,0,193
0x5ef229,100%,0,6,6,6,0,0,0
0x478aa9,100%,0,386,386,386,0,0,0
0x47ab38,100%,0,252,252,252,0,0,0
0x4baf23,100%,0,2338,2338,2338,0,0,0
0x46c7bb,100%,0,193,193,193,0,0,0
0x4bae61,100%,0,2344,2344,0,0,0,2344
0x4babab,100%,0,222,222,222,0,0,0
0x4d9754,100%,0,199,199,0,0,0,199
0x4cec5e,100%,0,193,193,193,0,0,0
0x4bab7f,100%,0,222,222,222,0,0,0
0x478be6,100%,0,386,386,0,0,0,386
0x4baafa,100%,0,222,222,0,0,0,222
0x4baadb,100%,0,222,222,0,0,0,222
0x47a9a0,100%,0,756,756,756,0,0,0
0x4cf579,100%,0,6,6,6,0,0,0
0x47b415,100%,0,1157,1157,0,0,0,1157
0x4d5a6f,100%,0,193,193,193,0,0,0
0x4cbcf6,100%,0,1447,1447,1447,0,0,0
0x4d8ffa,100%,0,199,199,199,0,0,0
0x476137,100%,0,772,772,772,0,0,0
0x4d89f8,100%,0,193,193,0,0,0,193
0x47d221,100%,0,193,193,193,0,0,0
0x4cb4ce,100%,0,19,19,0,0,0,19
0x4761a7,100%,0,252,252,0,0,0,252
0x4d89c9,100%,0,199,199,0,0,0,199
0x4761b6,100%,0,59,59,59,0,0,0
0x46ca14,100%,0,193,193,193,0,0,0
0x4d970c,100%,0,199,199,199,0,0,0
0x414f95,100%,0,193,193,193,0,0,0
0x47aa76,100%,0,756,756,0,0,0,756
0x50fad3,100%,0,1,1,1,0,0,0
0x606918,100%,0,193,193,193,0,0,0
0x6067e7,100%,0,193,193,193,0,0,0
0x4d65ec,100%,0,193,193,193,0,0,0
0x46c841,100%,0,193,193,193,0,0,0
0x47ce88,100%,0,193,193,0,0,0,193
0x4bb47c,100%,0,33,33,33,0,0,0
0x6067ec,100%,0,193,193,193,0,0,0
0x4ba502,100%,0,907,907,0,0,0,907
0x46c9d5,100%,0,193,193,193,0,0,0
0x4c5bfc,100%,0,76395,76395,76395,0,0,0
0x47cd4e,100%,0,193,193,193,0,0,0
0x4cc4cc,100%,0,585,585,585,0,0,0
0x47cbb2,100%,0,193,193,0,0,0,193
0x50fc92,100%,0,66,66,0,0,0,66
0x4d5edb,100%,0,193,193,193,0,0,0
0x47d16e,100%,0,193,193,193,0,0,0
0x4ba86b,100%,0,47674,47674,0,0,0,47674
0x47cb90,100%,0,193,193,0,0,0,193
0x4cbe76,100%,0,19,19,0,0,0,19
0x476ea6,100%,0,193,193,0,0,0,193
0x478cfa,100%,0,193,193,0,0,0,193
0x46c7d2,100%,0,193,193,193,0,0,0
0x476059,100%,0,386,386,386,0,0,0
0x46c8b7,100%,0,193,193,0,0,0,193
0x5114de,100%,0,319117,319117,319117,0,0,0
0x4bc21a,100%,0,46,46,46,0,0,0
0x4bc7aa,100%,0,6,6,0,0,0,6
0x414f89,100%,0,193,193,0,0,0,193
0x478ae8,100%,0,386,386,386,0,0,0
0x4bea13,100%,0,7351,7351,7351,0,0,0
0x4be6c7,100%,0,7351,7351,7351,0,0,0
0x4cc870,100%,0,193,193,0,0,0,193
0x4be8e0,100%,0,7351,7351,0,0,0,7351
0x5efae3,100%,0,6,6,6,0,0,0
0x4b8f6e,100%,0,1009,1009,0,0,0,1009
0x4be9ff,100%,0,6962,6962,0,0,0,6962
0x47ab0c,100%,0,504,504,0,0,0,504
0x4c5c72,100%,0,374,374,0,0,0,374
0x4cb10b,100%,0,2770,2770,2770,0,0,0
0x4be9a0,100%,0,3214,3214,0,0,0,3214
0x4bea6b,100%,0,6,6,6,0,0,0
0x4beb9d,100%,0,6,6,0,0,0,6
0x4cd405,100%,0,6,6,0,0,0,6
0x4cd42c,100%,0,6,6,0,0,0,6
0x4ca12c,100%,0,2498,2498,0,0,0,2498
0x479c60,100%,0,1157,1157,0,0,0,1157
0x4cd431,100%,0,6,6,0,0,0,6
0x4be498,100%,0,6,6,6,0,0,0
0x476488,100%,0,193,193,0,0,0,193
0x5f2635,100%,0,6,6,0,0,0,6
0x4d05f5,100%,0,6,6,6,0,0,0
0x4ba461,100%,0,32,32,32,0,0,0
0x4d5f1f,100%,0,193,193,0,0,0,193
0x4d2e24,100%,0,6,6,6,0,0,0
0x4c58c5,100%,0,69940,69940,0,0,0,69940
0x4be482,100%,0,6,6,0,0,0,6
0x4c6ac5,100%,0,2469,2469,0,0,0,2469
0x417f89,100%,0,756,756,0,0,0,756
0x4c1d43,100%,0,457,457,0,0,0,457
0x4beb83,100%,0,6,6,6,0,0,0
0x4be4fc,100%,0,6,6,6,0,0,0
0x4be5c0,100%,0,6924,6924,6924,0,0,0
0x4cb3d4,100%,0,9793,9793,0,0,0,9793
0x4cab55,100%,0,2654,2654,0,0,0,2654
0x4d8ea9,100%,0,6,6,0,0,0,6
0x5ef1f8,100%,0,6,6,6,0,0,0
0x4c9e23,100%,0,8970,8970,8970,0,0,0
0x5eefd5,100%,0,6,6,0,0,0,6
0x4c4cd0,100%,0,8497,8497,8497,0,0,0
0x5ef445,100%,0,6,6,0,0,0,6
0x417fc1,100%,0,756,756,756,0,0,0
0x5ef122,100%,0,6,6,0,0,0,6
0x5ef13a,100%,0,6,6,6,0,0,0
0x5ef185,100%,0,6,6,0,0,0,6
0x4c77df,100%,0,416,416,416,0,0,0
0x4c3e77,100%,0,29,29,0,0,0,29
0x5ef50a,100%,0,6,6,0,0,0,6
0x5ef52a,100%,0,6,6,0,0,0,6
0x4cd45f,100%,0,6,6,0,0,0,6
0x4bd998,100%,0,6,6,0,0,0,6
0x5f25db,100%,0,6,6,6,0,0,0
0x5f06dc,100%,0,3,3,0,0,0,3
0x4cb612,100%,0,7,7,0,0,0,7
0x4ba27f,100%,0,3254,3254,3254,0,0,0
0x4c5b76,100%,0,76143,76143,0,0,0,76143
0x50fb5d,100%,0,44,44,44,0,0,0
0x47a6c4,100%,0,756,756,0,0,0,756
0x4d8eb3,100%,0,6,6,0,0,0,6
0x4d8ebb,100%,0,6,6,6,0,0,0
0x4d8ed3,100%,0,6,6,6,0,0,0
0x4bbd89,100%,0,2083,2083,0,0,0,2083
0x5f2c33,100%,0,6,6,0,0,0,6
0x5f2627,100%,0,6,6,0,0,0,6
0x5f2c43,100%,0,6,6,0,0,0,6
0x4cbd04,100%,0,100,100,0,0,0,100
0x4c3a60,100%,0,2446,2446,2446,0,0,0
0x4c63e6,100%,0,139448,139448,139448,0,0,0
0x5eefc3,100%,0,6,6,0,0,0,6
0x4c63b6,100%,0,3666,3666,0,0,0,3666
0x4c40b8,100%,0,2446,2446,0,0,0,2446
0x4bc7c0,100%,0,6,6,6,0,0,0
0x4cf712,100%,0,6,6,0,0,0,6
0x4baaa5,100%,0,906,906,0,0,0,906
0x5f06b9,100%,0,3,3,0,0,0,3
0x479b65,100%,0,1157,1157,1157,0,0,0
0x4b9b4f,100%,0,2,2,0,0,0,2
0x4c4e38,100%,0,2558,2558,2558,0,0,0
0x4bc7b7,100%,0,6,6,0,0,0,6
0x4c7adc,100%,0,2558,2558,2558,0,0,0
0x4cb32e,100%,0,3842,3842,3842,0,0,0
0x4c3d1f,100%,0,2446,2446,0,0,0,2446
0x4d04c4,100%,0,6,6,6,0,0,0
0x4cf56f,100%,0,6,6,0,0,0,6
0x4cf5a3,100%,0,6,6,0,0,0,6
0x4c4d83,100%,0,1564,1564,0,0,0,1564
0x4cf5b0,100%,0,6,6,6,0,0,0
0x5ef4fe,100%,0,6,6,0,0,0,6
0x476206,100%,0,2507,2507,1350,0,0,1157
0x4bc7dc,100%,0,656,656,656,0,0,0
0x4ba3f2,100%,0,20264,20264,0,0,0,20264
0x4cce62,100%,0,193,193,0,0,0,193
0x4ba4f3,100%,0,907,907,0,0,0,907
0x50fc6d,100%,0,19,19,0,0,0,19
0x4cb65b,100%,0,281,281,0,0,0,281
0x4cb1b5,100%,0,2770,2770,0,0,0,2770
0x4c493d,100%,0,1728,1728,0,0,0,1728
0x4bbac1,100%,0,2,2,2,0,0,0
0x4cf69a,100%,0,6,6,6,0,0,0
0x419044,100%,0,252,252,252,0,0,0
0x47aa7a,100%,0,756,756,0,0,0,756
0x4ca1dc,100%,0,7384,7384,7384,0,0,0
0x4b90a9,100%,0,2018,2018,2018,0,0,0
0x4bee38,100%,0,245828,245828,245828,0,0,0
0x478afb,100%,0,386,386,0,0,0,386
0x4b94ea,100%,0,2,2,0,0,0,2
0x4b950d,100%,0,2,2,2,0,0,0
0x4d052f,100%,0,6,6,6,0,0,0
0x60686a,100%,0,193,193,193,0,0,0
0x421026,100%,0,66,66,66,0,0,0
0x50fcb2,100%,0,66,66,0,0,0,66
0x4cf88d,100%,0,6,6,0,0,0,6
0x4cf893,100%,0,6,6,6,0,0,0
0x4cfb06,100%,0,6,6,6,0,0,0
0x5f25c7,100%,0,6,6,0,0,0,6
0x4d050f,100%,0,6,6,0,0,0,6
0x4cf853,100%,0,6,6,6,0,0,0
0x4bd46b,100%,0,2340,2340,0,0,0,2340
0x5f046a,100%,0,6,6,0,0,0,6
0x5f0510,100%,0,6,6,0,0,0,6
0x4bd486,100%,0,2340,2340,2340,0,0,0
0x4bda8d,100%,0,2346,2346,0,0,0,2346
0x4bac04,100%,0,6,6,6,0,0,0
0x47d267,100%,0,193,193,0,0,0,193
0x5f260c,100%,0,6,6,6,0,0,0
0x5f053e,100%,0,4,4,0,0,0,4
0x47cab5,100%,0,193,193,0,0,0,193
0x4c9f19,100%,0,8970,8970,8970,0,0,0
0x5ef0ce,100%,0,6,6,6,0,0,0
0x4c9fda,100%,0,6694,6694,6694,0,0,0
0x4b8d78,100%,0,1155,1155,0,0,0,1155
0x5fabec,100%,0,6,6,0,0,0,6
0x4c4386,100%,0,13924,13924,0,0,0,13924
0x4c4392,100%,0,13924,13924,13924,0,0,0
0x50fc64,100%,0,19,19,0,0,0,19
0x4beb8d,100%,0,6,6,0,0,0,6
0x5fabf2,100%,0,6,6,6,0,0,0
0x50fb8e,100%,0,66,66,0,0,0,66
0x4bb2f8,100%,0,146,146,146,0,0,0
0x421005,100%,0,66,66,0,0,0,66
0x4cbd8c,100%,0,100,100,0,0,0,100
0x421013,100%,0,66,66,0,0,0,66
0x47ce3c,100%,0,193,193,0,0,0,193
0x47cbc5,100%,0,193,193,193,0,0,0
0x476172,100%,0,2759,2759,0,0,0,2759
0x4d0701,100%,0,193,193,0,0,0,193
0x4c4e94,100%,0,9,9,9,0,0,0
0x47d3d4,100%,0,1351,1351,1351,0,0,0
0x46d07f,100%,0,193,193,193,0,0,0
0x5ef130,100%,0,6,6,0,0,0,6
0x40189e,100%,0,1157,1157,1157,0,0,0
0x4c642b,100%,0,139448,139448,139448,0,0,0
0x4b93e3,100%,0,1009,1009,1009,0,0,0
0x4c4b25,100%,0,238019,238019,0,0,0,238019
0x4cc600,100%,0,1594,1594,1594,0,0,0
0x4c3a08,100%,0,1038717,1038717,0,0,0,1038717
0x478c96,100%,0,193,193,193,0,0,0
0x4cb5ee,100%,0,7,7,0,0,0,7
0x4cc832,100%,0,193,193,193,0,0,0
0x4c24e6,100%,0,1009,1009,1009,0,0,0
0x476201,100%,0,2507,2507,0,0,0,2507
0x50fa94,100%,0,5693,5693,0,0,0,5693
0x419425,100%,0,756,756,756,0,0,0
0x418b1b,100%,0,756,756,0,0,0,756
0x4cc719,100%,0,193,193,0,0,0,193
0x4b8fec,100%,0,1009,1009,0,0,0,1009
0x4c5c53,100%,0,6831,6831,6831,0,0,0
0x46ca04,100%,0,193,193,0,0,0,193
0x4d8fbe,100%,0,199,199,199,0,0,0
0x4cc720,100%,0,193,193,0,0,0,193
0x4cc72b,100%,0,193,193,193,0,0,0
0x4cc73a,100%,0,193,193,193,0,0,0
0x4c59a7,100%,0,76395,76395,0,0,0,76395
0x4cfc07,100%,0,193,193,193,0,0,0
0x4ba84d,100%,0,47674,47674,0,0,0,47674
0x4cc57c,100%,0,320512,320512,320512,0,0,0
0x4cfc22,100%,0,193,193,193,0,0,0
0x47b3dd,100%,0,1157,1157,0,0,0,1157
0x4d04d9,100%,0,6,6,0,0,0,6
0x4d5c54,100%,0,193,193,193,0,0,0
0x478b92,100%,0,386,386,0,0,0,386
0x417f16,100%,0,756,756,0,0,0,756
0x50aff9,100%,0,83494,83494,0,0,0,83494
0x606813,100%,0,193,193,193,0,0,0
0x4b9568,100%,0,1007,1007,0,0,0,1007
0x50fb99,100%,0,66,66,66,0,0,0
0x4c4658,100%,0,325220,325220,0,0,0,325220
0x47b19e,100%,0,1350,1350,0,0,0,1350
0x47c9e4,100%,0,193,193,0,0,0,193
0x4ca1b1,100%,0,2498,2498,2498,0,0,0
0x6068d8,100%,0,193,193,193,0,0,0
0x47702b,100%,0,386,386,386,0,0,0
0x50fd0e,100%,0,16,16,16,0,0,0
0x4bd3fd,100%,0,12,12,0,0,0,12
0x5f2603,100%,0,6,6,0,0,0,6
0x4c54c1,100%,0,139449,139449,0,0,0,139449
0x4d579c,100%,0,193,193,193,0,0,0
0x46c7fc,100%,0,193,193,0,0,0,193
0x47643c,100%,0,193,193,193,0,0,0
0x478b02,100%,0,386,386,386,0,0,0
0x4c3c10,100%,0,2475,2475,0,0,0,2475
0x479acf,100%,0,1157,1157,0,0,0,1157
0x477060,100%,0,756,756,756,0,0,0
0x47c984,100%,0,193,193,0,0,0,193
0x47af30,100%,0,252,252,252,0,0,0
0x4c43e3,100%,0,21495,21495,0,0,0,21495
0x47c9bb,100%,0,193,193,0,0,0,193
0x417e51,100%,0,756,756,0,0,0,756
0x5ef0eb,100%,0,6,6,0,0,0,6
0x4beb2c,100%,0,6,6,0,0,0,6
0x46d0cc,100%,0,193,193,0,0,0,193
0x5ef103,100%,0,6,6,0,0,0,6
0x4ce366,100%,0,193,193,193,0,0,0
0x4be6f2,100%,0,4533,4533,0,0,0,4533
0x4c0311,100%,0,457,457,457,0,0,0
0x4cb64b,100%,0,8,8,8,0,0,0
0x476199,100%,0,2759,2759,2507,0,0,252
0x47a1c0,100%,0,1157,1157,1157,0,0,0
0x402801,100%,0,193,193,193,0,0,0
0x4d2dd7,100%,0,6,6,0,0,0,6
0x478ce9,100%,0,193,193,0,0,0,193
0x476648,100%,0,1157,1157,1157,0,0,0
0x47cbbc,100%,0,193,193,0,0,0,193
0x5f06a5,100%,0,3,3,0,0,0,3
0x479ad8,100%,0,1157,1157,1157,0,0,0
0x478bdb,100%,0,386,386,0,0,0,386
0x4c5a6a,100%,0,76143,76143,76143,0,0,0
0x46d0c4,100%,0,193,193,0,0,0,193
0x476231,100%,0,1350,1350,0,0,0,1350
0x4cc552,100%,0,585,585,193,0,0,392
0x476131,100%,0,772,772,0,0,0,772
0x47d2e5,100%,0,193,193,193,0,0,0
0x4c58e7,100%,0,69940,69940,0,0,0,69940
0x4d9766,100%,0,199,199,0,0,0,199
0x478cf4,100%,0,193,193,0,0,0,193
0x4ccf1f,100%,0,193,193,193,0,0,0
0x47700b,100%,0,386,386,0,0,0,386
0x46c9fb,100%,0,193,193,0,0,0,193
0x47c99b,100%,0,193,193,0,0,0,193
0x4cce6e,100%,0,193,193,0,0,0,193
0x4cc858,100%,0,193,193,0,0,0,193
0x40187d,100%,0,1157,1157,0,0,0,1157
0x4cc9af,100%,0,193,193,0,0,0,193
0x4b95a5,100%,0,933,933,933,0,0,0
0x4cc926,100%,0,193,193,193,0,0,0
0x4b9cb7,100%,0,45,45,45,0,0,0
0x476f1a,100%,0,193,193,0,0,0,193
0x4d96f7,100%,0,199,199,0,0,0,199
0x477016,100%,0,386,386,193,0,0,193
0x47d1d8,100%,0,193,193,0,0,0,193
0x47b23e,100%,0,1350,1350,0,0,0,1350
0x4cf6c8,100%,0,6,6,0,0,0,6
0x4017af,100%,0,1157,1157,1157,0,0,0
0x4ba642,100%,0,38,38,38,0,0,0
0x4bbd96,100%,0,2083,2083,0,0,0,2083
0x4ccf04,100%,0,193,193,193,0,0,0
0x4c38f2,100%,0,857434,857434,0,0,0,857434
0x47d27a,100%,0,193,193,193,0,0,0
0x4766bb,100%,0,1157,1157,1157,0,0,0
0x476f1f,100%,0,193,193,0,0,0,193
0x47c85c,100%,0,193,193,0,0,0,193
0x476158,100%,0,2759,2759,2759,0,0,0
0x479baa,100%,0,1157,1157,0,0,0,1157
0x47c860,100%,0,193,193,193,0,0,0
0x47aa19,100%,0,504,504,504,0,0,0
0x4ca3ee,100%,0,319111,319111,319111,0,0,0
0x4cc637,100%,0,321477,321477,0,0,0,321477
0x418b72,100%,0,756,756,756,0,0,0
0x4c6ba5,100%,0,238019,238019,0,0,0,238019
0x476e73,100%,0,193,193,193,0,0,0
0x4c4b20,100%,0,238019,238019,0,0,0,238019
0x4d064e,100%,0,193,193,193,0,0,0
0x47abc7,100%,0,252,252,252,0,0,0
0x475f73,100%,0,1795,1795,1795,0,0,0
0x4cc712,100%,0,193,193,0,0,0,193
0x4c3715,100%,0,319111,319111,319111,0,0,0
0x60683a,100%,0,193,193,0,0,0,193
0x4d5830,100%,0,193,193,0,0,0,193
0x47d426,100%,0,193,193,193,0,0,0
0x4cbe7f,100%,0,19,19,0,0,0,19
0x4bf835,100%,0,5,5,5,0,0,0
0x4ba7d1,100%,0,38,38,0,0,0,38
0x4cc596,100%,0,320512,320512,0,0,0,320512
0x475f65,100%,0,1795,1795,1795,0,0,0
0x4c5829,100%,0,69940,69940,69940,0,0,0
0x47b249,100%,0,1350,1350,0,0,0,1350
0x4c4073,100%,0,2446,2446,0,0,0,2446
0x46c781,100%,0,193,193,0,0,0,193
0x47cabd,100%,0,193,193,0,0,0,193
0x476f4a,100%,0,386,386,193,0,0,193
0x4ce2ae,100%,0,319497,319497,319497,0,0,0
0x46c8aa,100%,0,193,193,0,0,0,193
0x4ba002,100%,0,16,16,0,0,0,16
0x4b8baa,100%,0,1155,1155,1155,0,0,0
0x46c530,100%,0,193,193,0,0,0,193
0x47c7f7,100%,0,193,193,0,0,0,193
0x4189fd,100%,0,756,756,0,0,0,756
0x478c54,100%,0,386,386,386,0,0,0
0x401847,100%,0,1157,1157,1157,0,0,0
0x50afff,100%,0,83494,83494,83494,0,0,0
0x419018,100%,0,504,504,504,0,0,0
0x47b3e2,100%,0,1157,1157,0,0,0,1157
0x47b3f1,100%,0,1157,1157,1157,0,0,0
0x608b6e,100%,0,114,114,0,0,0,114
0x47d3ad,100%,0,193,193,0,0,0,193
0x4bea33,100%,0,6,6,6,0,0,0
0x479bf2,100%,0,1157,1157,0,0,0,1157
0x46d0ba,100%,0,193,193,0,0,0,193
0x417f93,100%,0,756,756,756,0,0,0
0x479b22,100%,0,1157,1157,0,0,0,1157
0x4c579f,100%,0,2418,2418,0,0,0,2418
0x479b97,100%,0,1157,1157,0,0,0,1157
0x4d8ff1,100%,0,199,199,0,0,0,199
0x4b8eb9,100%,0,1009,1009,1009,0,0,0
0x479c02,100%,0,1157,1157,1157,0,0,0
0x47649e,100%,0,193,193,193,0,0,0
0x606824,100%,0,193,193,0,0,0,193
0x476e94,100%,0,193,193,0,0,0,193
0x418a04,100%,0,756,756,0,0,0,756
0x4766a1,100%,0,1157,1157,0,0,0,1157
0x418972,100%,0,756,756,756,0,0,0
0x4be48b,100%,0,6,6,0,0,0,6
0x479c1f,100%,0,1157,1157,1157,0,0,0
0x479e14,100%,0,1155,1155,0,0,0,1155
0x50fc7e,100%,0,66,66,0,0,0,66
0x4cc5de,100%,0,321477,321477,193,0,0,321284
0x47b153,100%,0,1350,1350,1350,0,0,0
0x4cab42,100%,0,2654,2654,0,0,0,2654
0x4c5afd,100%,0,76143,76143,76143,0,0,0
0x4c623d,100%,0,2543,2543,2543,0,0,0
0x417e61,100%,0,756,756,756,0,0,0
0x463b97,100%,0,193,193,193,0,0,0
0x47b1b7,100%,0,1350,1350,1350,0,0,0
0x47aacd,100%,0,756,756,252,0,0,504
0x47707b,100%,0,756,756,0,0,0,756
0x47b39e,100%,0,1157,1157,0,0,0,1157
0x41934b,100%,0,504,504,504,0,0,0
0x463c1b,100%,0,193,193,0,0,0,193
0x4027f1,100%,0,193,193,193,0,0,0
0x4ba52f,100%,0,637,637,637,0,0,0
0x4d7947,100%,0,199,199,193,0,0,6
0x40286d,100%,0,193,193,0,0,0,193
0x4d8a24,100%,0,6,6,6,0,0,0
0x40288a,100%,0,193,193,0,0,0,193
0x40289c,100%,0,193,193,193,0,0,0
0x47618c,100%,0,2759,2759,2759,0,0,0
0x479aaf,100%,0,1157,1157,1157,0,0,0
0x4028cb,100%,0,193,193,193,0,0,0
0x463c54,100%,0,193,193,193,0,0,0
0x47aaf6,100%,0,504,504,0,0,0,504
0x463c3a,100%,0,193,193,193,0,0,0
0x4ce32e,100%,0,193,193,193,0,0,0
0x4bc5eb,100%,0,3045,3045,0,0,0,3045
0x47628b,100%,0,193,193,193,0,0,0
0x4762c0,100%,0,193,193,193,0,0,0
0x4cc906,100%,0,193,193,0,0,0,193
0x479c8c,100%,0,1155,1155,1155,0,0,0
0x418b12,100%,0,756,756,0,0,0,756
0x4bb8fa,100%,0,31,31,0,0,0,31
0x4b8b7b,100%,0,1155,1155,0,0,0,1155
0x417fa0,100%,0,756,756,0,0,0,756
0x4c1cfc,100%,0,457,457,457,0,0,0
0x4ca5f9,100%,0,7348,7348,7348,0,0,0
0x4b8bd8,100%,0,1155,1155,1155,0,0,0
0x46c79b,100%,0,193,193,0,0,0,193
0x417e2b,100%,0,756,756,0,0,0,756
0x401895,100%,0,1157,1157,0,0,0,1157
0x4bee73,100%,0,245827,245827,0,0,0,245827
0x4b8d89,100%,0,1155,1155,0,0,0,1155
0x47d440,100%,0,193,193,193,0,0,0
0x47aa7e,100%,0,756,756,0,0,0,756
0x4be450,100%,0,6,6,0,0,0,6
0x4c9ef0,100%,0,8970,8970,8970,0,0,0
0x4b9131,100%,0,1009,1009,0,0,0,1009
0x4c4806,100%,0,16,16,0,0,0,16
0x4c4b09,100%,0,238019,238019,0,0,0,238019
0x46c539,100%,0,193,193,193,0,0,0
0x47b22d,100%,0,1350,1350,0,0,0,1350
0x4ca369,100%,0,319111,319111,319111,0,0,0
0x4d0686,100%,0,193,193,193,0,0,0
0x476fc9,100%,0,386,386,386,0,0,0
0x477178,100%,0,756,756,756,0,0,0
0x479b08,100%,0,1157,1157,1157,0,0,0
0x4c5985,100%,0,76771,76771,374,0,0,76397
0x47cd5f,100%,0,193,193,0,0,0,193
0x5ef0c2,100%,0,6,6,0,0,0,6
0x419345,100%,0,504,504,0,0,0,504
0x418a0e,100%,0,756,756,756,0,0,0
0x417f1b,100%,0,756,756,756,0,0,0
0x47ac82,100%,0,252,252,0,0,0,252
0x47aa0d,100%,0,756,756,252,0,0,504
0x4ca304,100%,0,178838,178838,178838,0,0,0
0x4c4fee,100%,0,1296,1296,1296,0,0,0
0x418b8d,100%,0,756,756,756,0,0,0
0x4b8ea0,100%,0,1009,1009,0,0,0,1009
0x5f25b3,100%,0,6,6,0,0,0,6
0x4c6bc5,100%,0,3599,3599,0,0,0,3599
0x478c91,100%,0,386,386,193,0,0,193
0x4cc9ef,100%,0,319304,319304,319304,0,0,0
0x47ca7e,100%,0,193,193,193,0,0,0
0x4ca52d,100%,0,319111,319111,319111,0,0,0
0x6068a7,100%,0,193,193,0,0,0,193
0x47c9b3,100%,0,193,193,0,0,0,193
0x4c5937,100%,0,374,374,0,0,0,374
0x4c4b2a,100%,0,238019,238019,238019,0,0,0
0x4c6404,100%,0,139448,139448,139448,0,0,0
0x479b47,100%,0,1157,1157,1157,0,0,0
0x4760f5,100%,0,772,772,772,0,0,0
0x47ca8a,100%,0,193,193,0,0,0,193
0x4ba427,100%,0,3254,3254,3254,0,0,0
0x476182,100%,0,2759,2759,0,0,0,2759
0x4d78c1,100%,0,199,199,199,0,0,0
0x479e08,100%,0,1155,1155,0,0,0,1155
0x418936,100%,0,756,756,756,0,0,0
0x47ce2b,100%,0,193,193,193,0,0,0
0x4d575a,100%,0,193,193,193,0,0,0
0x50b030,100%,0,83494,83494,0,0,0,83494
0x47a1fb,100%,0,1157,1157,0,0,0,1157
0x478bef,100%,0,386,386,386,0,0,0
0x476e8b,100%,0,193,193,0,0,0,193
0x4cc33d,100%,0,11558,11558,11558,0,0,0
0x50fe20,100%,0,18,18,18,0,0,0
0x4cf8e4,100%,0,6,6,0,0,0,6
0x479e45,100%,0,1155,1155,1155,0,0,0
0x4761f7,100%,0,2507,2507,0,0,0,2507
0x47ab03,100%,0,504,504,0,0,0,504
0x4cd4a3,100%,0,193,193,193,0,0,0
0x4b9595,100%,0,977,977,0,0,0,977
0x4c5754,100%,0,16,16,16,0,0,0
0x47b198,100%,0,1350,1350,0,0,0,1350
0x46c918,100%,0,193,193,0,0,0,193
0x47668f,100%,0,1157,1157,1157,0,0,0
0x4c598e,100%,0,76397,76397,0,0,0,76397
0x47b4e2,100%,0,1157,1157,0,0,0,1157
0x4b9580,100%,0,977,977,977,0,0,0
0x4c57ef,100%,0,69816,69816,0,0,0,69816
0x47a98e,100%,0,756,756,756,0,0,0
0x476e48,100%,0,193,193,0,0,0,193
0x479bb3,100%,0,1157,1157,1157,0,0,0
0x50fce2,100%,0,371,371,0,0,0,371
0x476127,100%,0,772,772,0,0,0,772
0x47aa36,100%,0,756,756,756,0,0,0
0x47d3c9,100%,0,1351,1351,0,0,0,1351
0x4c480f,100%,0,16,16,16,0,0,0
0x5f2630,100%,0,6,6,0,0,0,6
0x419436,100%,0,756,756,0,0,0,756
0x50f3fc,100%,0,6,6,6,0,0,0
0x4c256d,100%,0,1009,1009,1009,0,0,0
0x4be719,100%,0,7351,7351,0,0,0,7351
0x4cd061,100%,0,319497,319497,0,0,0,319497
0x4ba981,100%,0,1009,1009,1009,0,0,0
