Branch PC,Accuracy,Mispredictions,Correct Predictions,Total,dir_t_pred_t,dir_t_pred_nt,dir_nt_pred_t,dir_nt_pred_nt
aggregate,98.9772%,202326,19579748,19782074,8002699,75059,127267,11577049
0x4bedf9,80.2335%,119977,486993,606970,376292,29227,90750,110701
0x4c5c06,79.9069%,13948,55469,69417,34224,7288,6660,21245
0x4bf7d5,96.9134%,9643,302767,312410,175,9582,61,302592
0x4c8761,97.0551%,8267,272459,280726,56611,1770,6497,215848
0x50fc12,95.7928%,6562,149408,155970,152,6306,256,149256
0x4c5c31,74.2382%,6383,18394,24777,14990,1932,4451,3404
0x4be97a,59.3821%,4641,6785,11426,4642,1615,3026,2143
0x4c6bb0,97.9598%,4445,213425,217870,150,4395,50,213275
0x4bf7d9,98.9916%,3052,299601,302653,299493,24,3028,108
0x4ba40c,87.0373%,2763,18552,21315,16928,148,2615,1624
0x50feb6,93.2438%,2535,34986,37521,13897,2131,404,21089
0x4bedd7,99.5934%,2478,606962,609440,7,2463,15,606955
0x4bf8b4,99.4043%,1861,310542,312403,309278,67,1794,1264
0x4c5c1f,93.9769%,1656,25838,27494,1595,1122,534,24243
0x4c4988,94.087%,1361,21656,23017,1312,1341,20,20344
0x4c6bb9,99.4473%,1179,212146,213325,212002,5,1174,144
0x4be9c1,75.449%,1162,3571,4733,3478,41,1121,93
0x479c65,83.6728%,946,4848,5794,22,877,69,4826
0x50fe02,88.3186%,701,5300,6001,5298,10,691,2
0x50fc1e,99.5793%,629,148883,149512,148789,3,626,94
0x4be9b3,88.8117%,596,4731,5327,0,594,2,4731
0x50fcff,98.4119%,369,22866,23235,22866,0,369,0
0x4c5c18,98.8497%,321,27584,27905,115,296,25,27469
0x4c7ef0,91.7422%,319,3544,3863,3543,1,318,1
0x4be9ca,73.8056%,318,896,1214,142,260,58,754
0x4c02ce,89.1498%,268,2202,2470,212,177,91,1990
0x4cbcb0,97.9014%,243,11336,11579,11084,76,167,252
0x4ba887,99.5851%,233,55920,56153,55920,1,232,0
0x4ca08a,99.9571%,229,533006,533235,280810,84,145,252196
0x4c9fcb,89.9777%,225,2020,2245,796,151,74,1224
0x4c64da,99.9085%,207,225926,226133,119976,128,79,105950
0x50fec1,99.0415%,206,21287,21493,4179,185,21,17108
0x4c5c38,97.823%,171,7684,7855,2,164,7,7682
0x4b8dbd,97.3034%,132,4763,4895,3796,44,88,967
0x50fe76,92.6621%,129,1629,1758,648,103,26,981
0x4ca0c8,99.952%,121,252220,252341,234454,39,82,17766
0x47d3f9,98.0181%,118,5836,5954,5836,0,118,0
0x47b38c,98.103%,112,5792,5904,0,112,0,5792
0x50feaa,99.7053%,111,37557,37668,48,99,12,37509
0x4c9ecc,95.4141%,103,2143,2246,681,90,13,1462
0x50fd04,75.0678%,92,277,369,276,7,85,1
0x4b9f2e,97.9953%,85,4155,4240,2297,33,52,1858
0x4ba510,97.7876%,80,3536,3616,1072,44,36,2464
0x4c4ccb,99.4758%,63,11956,12019,740,22,41,11216
0x50fe81,94.141%,59,948,1007,163,45,14,785
0x4c466b,99.9794%,53,257753,257806,1686,51,2,256067
0x50fde6,99.0329%,52,5325,5377,0,48,4,5325
0x4c4407,99.8403%,52,32500,32552,32410,12,40,90
0x4bb1ce,97.7679%,50,2190,2240,1322,28,22,868
0x4c6bd4,99.1973%,47,5808,5855,639,32,15,5169
0x4c9e62,98.041%,44,2202,2246,661,25,19,1541
0x4be9ad,99.1806%,44,5326,5370,1,42,2,5325
0x4be64b,99.6025%,44,11024,11068,0,44,0,11024
0x4c456f,99.8088%,44,22972,23016,58,38,6,22914
0x4ba4e7,98.8825%,43,3805,3848,205,27,16,3600
0x418b3c,91.3306%,43,453,496,453,0,43,0
0x4c5929,99.9395%,42,69416,69458,69416,1,41,0
0x50fb20,99.4701%,40,7509,7549,349,22,18,7160
0x4bc125,79.6875%,39,153,192,44,21,18,109
0x4b9ca6,79.8913%,37,147,184,46,16,21,101
0x4b9ff0,98.5408%,34,2296,2330,2276,6,28,20
0x4c4152,98.9127%,33,3002,3035,6,30,3,2996
0x4c4d6e,96.519%,33,915,948,352,24,9,563
0x4cb570,97.1352%,32,1085,1117,402,25,7,683
0x4761b1,79.1367%,29,110,139,110,2,27,0
0x4cb3a1,99.7754%,27,11992,12019,3774,18,9,8218
0x4bee01,99.9876%,25,201426,201451,96,20,5,201330
0x4bb1b2,99.2263%,24,3078,3102,848,14,10,2230
0x50fdec,99.5684%,23,5306,5329,5306,6,17,0
0x418a69,88.0682%,21,155,176,153,12,9,2
0x4cab35,99.4401%,21,3730,3751,113,19,2,3617
0x50fb1a,99.7243%,21,7597,7618,56,13,8,7541
0x4c50c6,99.7388%,20,7636,7656,3892,12,8,3744
0x4b9579,99.504%,20,4012,4032,44,14,6,3968
0x4bbd18,99.1105%,19,2117,2136,42,11,8,2075
0x4c43f7,99.9417%,19,32552,32571,0,19,0,32552
0x4b959e,99.5219%,19,3955,3974,120,14,5,3835
0x4c4e24,99.8312%,19,11238,11257,3727,14,5,7511
0x4ca8cb,99.5256%,18,3776,3794,3748,3,15,28
0x4bf7ee,99.8682%,17,12877,12894,12858,2,15,19
0x4cbcbc,95.9427%,17,402,419,350,11,6,52
0x4cfc07,87.9699%,16,117,133,114,5,11,3
0x4c4d5b,99.8669%,16,12003,12019,11062,9,7,941
0x4c3c24,99.4728%,16,3019,3035,3005,2,14,14
0x4bbd47,99.2319%,16,2067,2083,125,6,10,1942
0x4b9e76,99.6609%,15,4408,4423,180,3,12,4228
0x419006,96.732%,15,444,459,145,8,7,299
0x4cc906,88.9706%,15,121,136,3,9,6,118
0x47700b,94.697%,14,250,264,0,9,5,250
0x4bc11c,99.3279%,14,2069,2083,1935,9,5,134
0x50fac9,99.8165%,14,7616,7630,7616,2,12,0
0x4c6cb6,99.667%,13,3891,3904,3888,10,3,3
0x4bb2db,99.4643%,12,2228,2240,101,4,8,2127
0x50fcd4,99.9484%,12,23225,23237,0,12,0,23225
0x418a0e,97.4138%,12,452,464,452,1,11,0
0x47b4ea,99.7928%,12,5780,5792,100,12,0,5680
0x47aa0d,97.3856%,12,447,459,147,7,5,300
0x4cb6e7,99.9019%,11,11207,11218,11207,11,0,0
0x4bedac,99.5748%,11,2576,2587,2502,5,6,74
0x4c6bef,99.7878%,11,5173,5184,5067,1,10,106
0x6067e7,91.3386%,11,116,127,115,1,10,1
0x4bbd7c,99.4719%,11,2072,2083,41,4,7,2031
0x4c7a83,45%,11,9,20,1,9,2,8
0x4c77ef,73.1707%,11,30,41,17,4,7,13
0x47aa7a,97.6035%,11,448,459,5,6,5,443
0x418972,97.8448%,10,454,464,448,5,5,6
0x4b8de2,99.0521%,10,1045,1055,863,0,10,182
0x4ca8d0,76.7442%,10,33,43,33,10,0,0
0x4c4522,99.7335%,10,3742,3752,3742,10,0,0
0x4c4858,99.9566%,10,23007,23017,23007,10,0,0
0x4c3b13,99.6643%,10,2969,2979,2969,10,0,0
0x4c6bc5,99.8465%,9,5854,5863,0,8,1,5854
0x4e2c23,18.1818%,9,2,11,2,9,0,0
0x4ba518,99.64%,9,2491,2500,39,5,4,2452
0x479089,50%,9,9,18,9,9,0,0
0x4c6269,99.7695%,9,3895,3904,3895,9,0,0
0x4c44ee,99.7601%,9,3743,3752,3743,9,0,0
0x4df1f5,52.6316%,9,10,19,5,6,3,5
0x477016,96.4706%,9,246,255,132,5,4,114
0x47afce,94.0397%,9,142,151,2,4,5,140
0x479190,50%,9,9,18,9,3,6,0
0x47ac7e,94.3396%,9,150,159,2,6,3,148
0x476d30,47.0588%,9,8,17,7,2,7,1
0x6067fc,92.8571%,9,117,126,116,7,2,1
0x4cba6f,64%,9,16,25,16,9,0,0
0x4bc161,86.1538%,9,56,65,50,7,2,6
0x4c96ce,99.7695%,9,3895,3904,107,4,5,3788
0x4c7b00,99.92%,9,11248,11257,7444,9,0,3804
0x4e2be1,18.1818%,9,2,11,2,9,0,0
0x4bf7fd,76.4706%,8,26,34,0,8,0,26
0x479c1f,99.8619%,8,5786,5794,5785,2,6,1
0x4b95ba,94.0299%,8,126,134,0,8,0,126
0x606813,93.6508%,8,118,126,118,2,6,0
0x418bc7,57.8947%,8,11,19,11,2,6,0
0x4c4163,99.7332%,8,2991,2999,2991,0,8,0
0x4c40c5,99.7364%,8,3027,3035,0,0,8,3027
0x4be9e1,99.839%,8,4960,4968,196,5,3,4764
0x4cc5de,99.9972%,8,285778,285786,116,8,0,285662
0x4df1fd,0%,8,0,8,0,8,0,0
0x4c3ebe,99.734%,8,2999,3007,2999,8,0,0
0x50fe6a,99.5457%,8,1753,1761,0,3,5,1753
0x4c7a75,82.9268%,7,34,41,18,3,4,16
0x476b84,22.2222%,7,2,9,2,7,0,0
0x421026,98.1432%,7,370,377,370,1,6,0
0x4bc1ff,99.6399%,7,1937,1944,5,2,5,1932
0x4790fd,61.1111%,7,11,18,11,7,0,0
0x4c5829,99.9887%,7,61775,61782,61768,0,7,7
0x4c3d31,99.7672%,7,3000,3007,3000,7,0,0
0x4cab42,99.8066%,7,3612,3619,0,7,0,3612
0x4d0758,50%,7,7,14,0,0,7,7
0x4cb989,72%,7,18,25,18,7,0,0
0x4bb909,93.2692%,7,97,104,97,7,0,0
0x4c6200,99.9071%,7,7532,7539,7532,7,0,0
0x4c4416,94.6154%,7,123,130,122,1,6,1
0x4cc720,94.8529%,7,129,136,0,5,2,129
0x4e2448,36.3636%,7,4,11,4,4,3,0
0x4ca7d9,99.9072%,7,7538,7545,7538,7,0,0
0x4d62f0,63.1579%,7,12,19,8,7,0,4
0x476d41,33.3333%,6,3,9,1,2,4,2
0x417fc1,98.7124%,6,460,466,460,0,6,0
0x4d642e,57.1429%,6,8,14,0,0,6,8
0x4790c8,66.6667%,6,12,18,12,6,0,0
0x4e0b11,45.4545%,6,5,11,0,0,6,5
0x4c3aa4,78.5714%,6,22,28,22,6,0,0
0x477f29,57.1429%,6,8,14,8,2,4,0
0x4c40d3,99.8023%,6,3029,3035,0,0,6,3029
0x47972b,0%,6,0,6,0,6,0,0
0x418bf5,0%,6,0,6,0,6,0,0
0x4d58be,53.8462%,6,7,13,7,5,1,0
0x4ca138,98.2405%,6,335,341,335,6,0,0
0x4b9da1,99.8643%,6,4417,4423,4417,6,0,0
0x47da2b,0%,6,0,6,0,6,0,0
0x4c9683,99.8463%,6,3898,3904,3898,6,0,0
0x4e06a4,45.4545%,6,5,11,5,6,0,0
0x4b99ba,89.6552%,6,52,58,52,6,0,0
0x4c4439,14.2857%,6,1,7,1,5,1,0
0x4cd289,99.9979%,6,285780,285786,579,6,0,285201
0x606824,95.2381%,6,120,126,4,6,0,116
0x4bb93b,94.2308%,6,98,104,98,6,0,0
0x4e299b,45.4545%,6,5,11,5,6,0,0
0x47aacd,98.6928%,6,453,459,153,6,0,300
0x4b958e,89.6552%,6,52,58,52,6,0,0
0x4df330,45.4545%,6,5,11,5,6,0,0
0x4bc28c,99.6914%,6,1938,1944,1938,6,0,0
0x4c7b0b,99.8423%,6,3798,3804,0,3,3,3798
0x50fcf7,70%,6,14,20,6,4,2,8
0x60683a,95.2381%,6,120,126,119,1,5,1
0x4c57d6,99.9903%,6,61776,61782,9,5,1,61767
0x4d5830,95.122%,6,117,123,0,5,1,117
0x4e2aef,54.5455%,5,6,11,6,5,0,0
0x4d5ab3,96.3504%,5,132,137,116,2,3,16
0x4bc16e,37.5%,5,3,8,3,5,0,0
0x476e01,50%,5,5,10,1,4,1,4
0x4cb1b5,99.8667%,5,3746,3751,0,0,5,3746
0x4dfa9c,50%,5,5,10,5,5,0,0
0x47904d,72.2222%,5,13,18,0,0,5,13
0x417f93,98.927%,5,461,466,455,0,5,6
0x60a1c2,61.5385%,5,8,13,8,5,0,0
0x4d0761,64.2857%,5,9,14,0,0,5,9
0x4df8d9,54.5455%,5,6,11,6,4,1,0
0x4dfad8,50%,5,5,10,5,5,0,0
0x476ea6,95.7627%,5,113,118,0,4,1,113
0x4b9585,91.3793%,5,53,58,0,0,5,53
0x4c651a,99.8663%,5,3734,3739,3734,5,0,0
0x47ddac,16.6667%,5,1,6,1,5,0,0
0x4bb6c9,95.2381%,5,100,105,100,5,0,0
0x606859,16.6667%,5,1,6,0,0,5,1
0x476f4a,50%,5,5,10,4,1,4,1
0x4c3e43,82.1429%,5,23,28,23,5,0,0
0x4c3e99,99.8353%,5,3030,3035,24,4,1,3006
0x4cb57a,99.2754%,5,685,690,685,2,3,0
0x50fe11,99.2785%,5,688,693,688,1,4,0
0x4df205,54.5455%,5,6,11,2,2,3,4
0x4c3db7,82.1429%,5,23,28,0,0,5,23
0x4c3e1f,82.1429%,5,23,28,23,5,0,0
0x4e1571,50%,5,5,10,0,0,5,5
0x476bbd,44.4444%,5,4,9,3,4,1,1
0x418b1b,98.913%,5,455,460,2,5,0,453
0x477fa8,50%,4,4,8,0,3,1,4
0x4cbd8c,84%,4,21,25,0,0,4,21
0x4d5a25,0%,4,0,4,0,4,0,0
0x477f31,0%,4,0,4,0,4,0,0
0x4d61ab,78.9474%,4,15,19,2,3,1,13
0x4e099d,63.6364%,4,7,11,0,0,4,7
0x609720,42.8571%,4,3,7,0,0,4,3
0x4e2955,60%,4,6,10,5,4,0,1
0x4cb97a,84%,4,21,25,0,0,4,21
0x4c3d77,85.7143%,4,24,28,24,4,0,0
0x4c40df,99.8682%,4,3031,3035,3031,4,0,0
0x4bc24b,50%,4,4,8,4,4,0,0
0x4c4188,90.9091%,4,40,44,40,4,0,0
0x477f3a,60%,4,6,10,6,2,2,0
0x4d630d,0%,4,0,4,0,4,0,0
0x418b12,99.1379%,4,460,464,4,0,4,456
0x476ae2,33.3333%,4,2,6,2,4,0,0
0x476d8b,33.3333%,4,2,6,2,4,0,0
0x4bb361,96.1905%,4,101,105,101,4,0,0
0x47c860,96.5517%,4,112,116,112,4,0,0
0x476d0a,50%,4,4,8,0,0,4,4
0x47af30,97.4843%,4,155,159,151,0,4,4
0x6068d8,99.4924%,4,784,788,112,4,0,672
0x4d078c,71.4286%,4,10,14,10,4,0,0
0x4cfc97,71.4286%,4,10,14,10,4,0,0
0x4c6ab0,99.893%,4,3735,3739,3422,4,0,313
0x4bbe73,91.1111%,4,41,45,41,4,0,0
0x417fd9,33.3333%,4,2,6,0,0,4,2
0x4df8a1,60%,4,6,10,0,0,4,6
0x4df31c,63.6364%,4,7,11,0,0,4,7
0x4e069b,63.6364%,4,7,11,0,0,4,7
0x4ca93b,99.8934%,4,3747,3751,3747,4,0,0
0x47cbb2,96.6102%,4,114,118,2,4,0,112
0x4d5cbd,78.9474%,4,15,19,15,4,0,0
0x4ca756,99.947%,4,7541,7545,7541,4,0,0
0x4c02dd,99.8078%,4,2077,2081,11,4,0,2066
0x4bc206,99.7935%,4,1933,1937,1933,4,0,0
0x478f00,33.3333%,4,2,6,2,4,0,0
0x47650c,0%,4,0,4,0,0,4,0
0x60a1d1,76.4706%,4,13,17,0,0,4,13
0x60a1b6,76.4706%,4,13,17,4,0,4,9
0x477db9,0%,4,0,4,0,0,4,0
0x606918,97.4138%,3,113,116,112,3,0,1
0x469932,0%,3,0,3,0,3,0,0
0x4d5777,97.9452%,3,143,146,143,2,1,0
0x4d5f70,84.2105%,3,16,19,16,3,0,0
0x4d61bf,78.5714%,3,11,14,11,3,0,0
0x4c4ee3,50%,3,3,6,0,3,0,3
0x4c3ad5,99.8993%,3,2976,2979,2976,3,0,0
0x4764f3,25%,3,1,4,1,3,0,0
0x5fa266,72.7273%,3,8,11,0,1,2,8
0x4d314f,0%,3,0,3,0,3,0,0
0x477f0f,78.5714%,3,11,14,0,0,3,11
0x47802f,0%,3,0,3,0,3,0,0
0x4d64d3,84.2105%,3,16,19,16,3,0,0
0x418c1c,40%,3,2,5,2,3,0,0
0x418c7c,40%,3,2,5,2,2,1,0
0x4c9e23,99.8664%,3,2243,2246,2243,3,0,0
0x4ca634,99.9602%,3,7542,7545,7542,3,0,0
0x4ce2ae,99.9989%,3,281129,281132,281129,3,0,0
0x4df6f7,72.7273%,3,8,11,7,3,0,1
0x5fa256,72.7273%,3,8,11,0,0,3,8
0x4bc1cc,99.8457%,3,1941,1944,0,0,3,1941
0x4ba27f,99.9292%,3,4237,4240,4237,3,0,0
0x4d7510,66.6667%,3,6,9,6,3,0,0
0x4d63e5,78.5714%,3,11,14,0,0,3,11
0x47649e,97.6%,3,122,125,122,3,0,0
0x4ba3d8,99.9859%,3,21313,21316,0,1,2,21313
0x4d3138,0%,3,0,3,0,3,0,0
0x4cb64b,62.5%,3,5,8,5,3,0,0
0x4c484f,99.987%,3,23014,23017,0,0,3,23014
0x4c500a,99.9602%,3,7536,7539,7536,3,0,0
0x4d314a,0%,3,0,3,0,0,3,0
0x4e06ea,70%,3,7,10,7,3,0,0
0x4bd463,99.9011%,3,3030,3033,0,0,3,3030
0x4cc72b,97.7099%,3,128,131,128,3,0,0
0x4b99fe,98.3696%,3,181,184,0,0,3,181
0x5fa270,70%,3,7,10,7,3,0,0
0x4c3b51,99.9012%,3,3032,3035,3032,3,0,0
0x4d7681,66.6667%,3,6,9,6,3,0,0
0x4d7566,66.6667%,3,6,9,0,2,1,6
0x4df21d,57.1429%,3,4,7,4,3,0,0
0x408e2c,0%,3,0,3,0,3,0,0
0x408e9b,0%,3,0,3,0,3,0,0
0x477f1f,78.5714%,3,11,14,0,0,3,11
0x47d16e,97.4576%,3,115,118,114,1,2,1
0x4c6e4e,99.9223%,3,3860,3863,3860,3,0,0
0x4deaee,0%,3,0,3,0,0,3,0
0x4c5c5b,99.9951%,3,61766,61769,61728,0,3,38
0x4df12a,0%,3,0,3,0,0,3,0
0x4df13c,0%,3,0,3,0,3,0,0
0x608b68,78.5714%,3,11,14,0,0,3,11
0x4e2c9d,0%,3,0,3,0,3,0,0
0x4e0a92,72.7273%,3,8,11,7,3,0,1
0x418be7,50%,3,3,6,0,0,3,3
0x4bc35e,99.8451%,3,1934,1937,1934,3,0,0
0x50fe07,99.5671%,3,690,693,0,0,3,690
0x4dfe67,70%,3,7,10,7,3,0,0
0x4cb2dc,99.9209%,3,3791,3794,3791,3,0,0
0x418b53,99.3952%,3,493,496,453,0,3,40
0x4cb584,75%,3,9,12,9,3,0,0
0x4d5fb3,40%,3,2,5,2,3,0,0
0x50fb33,99.9582%,3,7175,7178,7175,3,0,0
0x4d5e08,40%,3,2,5,1,1,2,1
0x4c623d,99.9209%,3,3790,3793,3790,3,0,0
0x47af5c,62.5%,3,5,8,5,3,0,0
0x4bda8d,99.9022%,3,3065,3068,0,3,0,3065
0x47af45,62.5%,3,5,8,0,0,3,5
0x47ce2b,97.4576%,3,115,118,115,0,3,0
0x4c3b0a,99.8993%,3,2976,2979,0,0,3,2976
0x4e2668,0%,3,0,3,0,2,1,0
0x4df1dc,72.7273%,3,8,11,0,0,3,8
0x4cc5f3,99.9989%,3,285659,285662,281241,2,1,4418
0x4762c0,97.6%,3,122,125,122,3,0,0
0x476da2,50%,3,3,6,2,2,1,1
0x4c4ce1,99.6078%,3,762,765,762,0,3,0
0x4dec97,33.3333%,2,1,3,0,2,0,1
0x418bcd,66.6667%,2,4,6,0,0,2,4
0x4cbe76,99.359%,2,310,312,1,0,2,309
0x4e00e9,81.8182%,2,9,11,9,2,0,0
0x477f3f,0%,2,0,2,0,0,2,0
0x4bf835,92.3077%,2,24,26,24,2,0,0
0x476874,0%,2,0,2,0,2,0,0
0x476cae,75%,2,6,8,0,0,2,6
0x5f0a7e,33.3333%,2,1,3,0,1,1,1
0x4d0813,0%,2,0,2,0,2,0,0
0x478b61,0%,2,0,2,0,1,1,0
0x4c7a94,95.122%,2,39,41,0,0,2,39
0x421013,99.4695%,2,375,377,0,0,2,375
0x4cb32e,99.9473%,2,3792,3794,3792,2,0,0
0x4d050f,95.6522%,2,44,46,0,0,2,44
0x47829b,0%,2,0,2,0,0,2,0
0x4bc2c1,99.8967%,2,1935,1937,0,0,2,1935
0x477fad,60%,2,3,5,1,1,1,2
0x5f2d68,0%,2,0,2,0,0,2,0
0x4cb3a6,99.9757%,2,8225,8227,8225,2,0,0
0x4cf6c8,95.6522%,2,44,46,0,0,2,44
0x4d04c4,95.6522%,2,44,46,44,2,0,0
0x5f2e12,0%,2,0,2,0,0,2,0
0x5eefd5,95.6522%,2,44,46,0,0,2,44
0x4be574,99.5025%,2,400,402,394,0,2,6
0x4c40b8,99.9335%,2,3005,3007,0,0,2,3005
0x4c54f1,99.9465%,2,3737,3739,3737,2,0,0
0x477f01,85.7143%,2,12,14,0,0,2,12
0x4ba395,99.9906%,2,21314,21316,21314,2,0,0
0x4ba35a,99.9528%,2,4238,4240,0,0,2,4238
0x5fac9a,95.7447%,2,45,47,45,0,2,0
0x4b9e84,99.9528%,2,4238,4240,4238,2,0,0
0x4e2b97,81.8182%,2,9,11,9,2,0,0
0x476206,99.9829%,2,11697,11699,5905,1,1,5792
0x4cfc30,85.7143%,2,12,14,12,2,0,0
0x47702b,99.2157%,2,253,255,253,1,1,0
0x4cbc8d,99.9822%,2,11216,11218,0,0,2,11216
0x4dec00,33.3333%,2,1,3,0,2,0,1
0x50fce2,90.9091%,2,20,22,0,2,0,20
0x4b905a,99.9752%,2,8062,8064,4031,1,1,4031
0x5f096d,0%,2,0,2,0,2,0,0
0x4cb63f,93.3333%,2,28,30,22,0,2,6
0x476fc9,99.2424%,2,262,264,262,2,0,0
0x476059,99.1379%,2,230,232,230,2,0,0
0x42102e,66.6667%,2,4,6,0,0,2,4
0x4cc719,98.5294%,2,134,136,0,0,2,134
0x4189fd,99.569%,2,462,464,0,0,2,462
0x476e73,98.3051%,2,116,118,116,2,0,0
0x475ed5,87.5%,2,14,16,14,2,0,0
0x45ee0c,33.3333%,2,1,3,1,2,0,0
0x476172,99.9831%,2,11836,11838,0,0,2,11836
0x47d3d4,99.9664%,2,5952,5954,5952,2,0,0
0x4b8f6e,99.9504%,2,4030,4032,0,0,2,4030
0x478271,0%,2,0,2,0,2,0,0
0x4c9ed8,99.8644%,2,1473,1475,0,1,1,1473
0x476a73,0%,2,0,2,0,2,0,0
0x4d63ae,86.6667%,2,13,15,0,0,2,13
0x4cb4d7,99.3569%,2,309,311,309,2,0,0
0x475f65,99.9677%,2,6192,6194,6192,0,2,0
0x4c5832,85.7143%,2,12,14,0,1,1,12
0x4d600f,60%,2,3,5,3,2,0,0
0x4bd486,99.9341%,2,3031,3033,3031,2,0,0
0x4e28fc,81.8182%,2,9,11,9,2,0,0
0x4cb4ce,99.3569%,2,309,311,0,0,2,309
0x4d3248,33.3333%,2,1,3,1,2,0,0
0x4e2b59,81.8182%,2,9,11,9,1,1,0
0x476f1f,98.3051%,2,116,118,112,1,1,4
0x476f1a,99.8628%,2,1456,1458,1344,0,2,112
0x418936,99.5708%,2,464,466,464,0,2,0
0x4dff55,81.8182%,2,9,11,9,2,0,0
0x478afb,99.115%,2,224,226,0,2,0,224
0x4c39de,99.9998%,2,1140077,1140079,0,2,0,1140077
0x50f503,0%,2,0,2,0,2,0,0
0x5f056d,95.5556%,2,43,45,0,0,2,43
0x4c9e74,99.8717%,2,1557,1559,1557,2,0,0
0x4b9a0a,98.913%,2,182,184,182,2,0,0
0x4e281a,81.8182%,2,9,11,9,2,0,0
0x4d64be,0%,2,0,2,0,2,0,0
0x4c5bfc,99.9971%,2,69415,69417,69415,2,0,0
0x4781d5,0%,2,0,2,0,2,0,0
0x4bc233,75%,2,6,8,0,0,2,6
0x4c9e66,99.8718%,2,1558,1560,0,1,1,1558
0x4ca1dc,99.7409%,2,770,772,770,2,0,0
0x4d89f3,98.7421%,2,157,159,45,0,2,112
0x4d04d9,95.6522%,2,44,46,0,2,0,44
0x4c7861,95.122%,2,39,41,39,2,0,0
0x4cc870,98.5294%,2,134,136,0,0,2,134
0x4d63d9,86.6667%,2,13,15,0,1,1,13
0x4d091b,0%,2,0,2,0,2,0,0
0x47916d,88.8889%,2,16,18,16,2,0,0
0x609759,0%,2,0,2,0,2,0,0
0x478306,0%,2,0,2,0,0,2,0
0x4dfb07,80%,2,8,10,8,1,1,0
0x4dfbc4,80%,2,8,10,8,2,0,0
0x4782f1,0%,2,0,2,0,2,0,0
0x476752,0%,2,0,2,0,2,0,0
0x4769d7,0%,2,0,2,0,0,2,0
0x5f2d37,0%,2,0,2,0,2,0,0
0x4d096c,0%,2,0,2,0,2,0,0
0x5f2d93,0%,2,0,2,0,0,2,0
0x5f2da0,0%,2,0,2,0,2,0,0
0x478234,0%,2,0,2,0,2,0,0
0x47819d,0%,2,0,2,0,2,0,0
0x418a19,81.8182%,2,9,11,0,0,2,9
0x476575,33.3333%,2,1,3,1,2,0,0
0x476530,50%,2,2,4,2,1,1,0
0x479c3a,71.4286%,2,5,7,5,2,0,0
0x4d5866,50%,2,2,4,0,0,2,2
0x47da24,66.6667%,2,4,6,0,0,2,4
0x47cbd7,66.6667%,2,4,6,0,0,2,4
0x476ac7,77.7778%,2,7,9,3,0,2,4
0x476b09,66.6667%,2,4,6,4,2,0,0
0x4deaa6,33.3333%,2,1,3,0,0,2,1
0x4cc6a1,66.6667%,2,4,6,0,0,2,4
0x4e2c0b,81.8182%,2,9,11,0,0,2,9
0x4cb612,90.9091%,2,20,22,0,0,2,20
0x4d57e3,50%,2,2,4,2,2,0,0
0x476d95,66.6667%,2,4,6,0,0,2,4
0x4d3222,33.3333%,2,1,3,1,2,0,0
0x4e2720,81.8182%,2,9,11,0,0,2,9
0x4e2869,81.8182%,2,9,11,9,2,0,0
0x477d7d,50%,2,2,4,2,2,0,0
0x477fb6,33.3333%,2,1,3,1,2,0,0
0x4e2b22,81.8182%,2,9,11,0,2,0,9
0x4e2bed,81.8182%,2,9,11,9,2,0,0
0x479006,66.6667%,2,4,6,4,2,0,0
0x4d3180,33.3333%,2,1,3,0,0,2,1
0x4780cf,0%,2,0,2,0,2,0,0
0x476601,33.3333%,2,1,3,0,2,0,1
0x4c4386,99.9482%,2,3861,3863,0,0,2,3861
0x47831f,0%,2,0,2,0,0,2,0
0x45ee34,33.3333%,2,1,3,1,2,0,0
0x4c3c44,92.8571%,2,26,28,26,2,0,0
0x418c07,84.6154%,2,11,13,10,2,0,1
0x4c584e,84.6154%,2,11,13,0,1,1,11
0x47af39,75%,2,6,8,0,0,2,6
0x476c19,0%,2,0,2,0,2,0,0
0x4bc2b7,99.8971%,2,1942,1944,1942,2,0,0
0x477daa,75%,1,3,4,0,0,1,3
0x479e14,99.9796%,1,4894,4895,0,0,1,4894
0x50fad3,91.6667%,1,11,12,11,1,0,0
0x4ba4f3,99.9723%,1,3615,3616,0,0,1,3615
0x5f2dbc,50%,1,1,2,1,1,0,0
0x47a292,0%,1,0,1,0,1,0,0
0x418f35,0%,1,0,1,0,1,0,0
0x418f89,0%,1,0,1,0,1,0,0
0x4cfbf9,99.2481%,1,132,133,132,1,0,0
0x47c90a,0%,1,0,1,0,0,1,0
0x47c8cc,0%,1,0,1,0,1,0,0
0x4d06d9,0%,1,0,1,0,1,0,0
0x4bda9e,99.9674%,1,3064,3065,3064,1,0,0
0x478c91,99.5575%,1,225,226,113,1,0,112
0x463ae9,0%,1,0,1,0,1,0,0
0x46d897,0%,1,0,1,0,0,1,0
0x46c539,99.115%,1,112,113,112,1,0,0
0x47b22d,99.9831%,1,5903,5904,0,0,1,5903
0x4c9601,83.3333%,1,5,6,5,1,0,0
0x4c43e3,99.9969%,1,32570,32571,0,0,1,32570
0x5f1d80,50%,1,1,2,0,0,1,1
0x479ad8,99.9827%,1,5793,5794,5792,0,1,1
0x4196ce,0%,1,0,1,0,1,0,0
0x4cf5b0,97.8261%,1,45,46,45,1,0,0
0x46d1a0,0%,1,0,1,0,1,0,0
0x4d6e33,0%,1,0,1,0,1,0,0
0x46d182,0%,1,0,1,0,1,0,0
0x4d3169,66.6667%,1,2,3,2,1,0,0
0x46d67a,0%,1,0,1,0,1,0,0
0x4dec09,0%,1,0,1,0,1,0,0
0x46d140,0%,1,0,1,0,0,1,0
0x47b18a,99.9831%,1,5903,5904,0,0,1,5903
0x47c85c,99.1453%,1,116,117,0,1,0,116
0x4c4d8c,99.8252%,1,571,572,571,1,0,0
0x47907c,94.4444%,1,17,18,0,0,1,17
0x4e2682,0%,1,0,1,0,0,1,0
0x5ef4fe,0%,1,0,1,0,1,0,0
0x477f5b,0%,1,0,1,0,1,0,0
0x4d8a24,97.7778%,1,44,45,44,0,1,0
0x5f2078,0%,1,0,1,0,0,1,0
0x47643c,99.2%,1,124,125,124,1,0,0
0x418eae,0%,1,0,1,0,1,0,0
0x47c913,0%,1,0,1,0,1,0,0
0x4d6e82,0%,1,0,1,0,0,1,0
0x419621,0%,1,0,1,0,1,0,0
0x4c4d21,99.9917%,1,12018,12019,0,0,1,12018
0x5f1d4d,50%,1,1,2,0,0,1,1
0x4b90f8,99.9876%,1,8063,8064,4031,1,0,4032
0x4782b1,50%,1,1,2,1,1,0,0
0x4770b5,0%,1,0,1,0,1,0,0
0x4783b8,50%,1,1,2,1,1,0,0
0x476648,99.9827%,1,5791,5792,5791,1,0,0
0x47a98e,99.7821%,1,458,459,458,1,0,0
0x408df6,66.6667%,1,2,3,0,0,1,2
0x47668f,99.9827%,1,5791,5792,5791,0,1,0
0x418d2b,0%,1,0,1,0,1,0,0
0x46c2b9,0%,1,0,1,0,1,0,0
0x4765d3,66.6667%,1,2,3,0,0,1,2
0x5f1ebd,0%,1,0,1,0,0,1,0
0x476bef,50%,1,1,2,1,1,0,0
0x60a1b8,92.3077%,1,12,13,0,0,1,12
0x5fabf2,97.9167%,1,47,48,46,1,0,1
0x5f06ed,0%,1,0,1,0,0,1,0
0x4d575a,99.3151%,1,145,146,145,1,0,0
0x479e45,99.9796%,1,4894,4895,4894,0,1,0
0x476de7,83.3333%,1,5,6,0,1,0,5
0x4cb476,0%,1,0,1,0,1,0,0
0x4cfc0f,92.8571%,1,13,14,0,0,1,13
0x5ef114,0%,1,0,1,0,0,1,0
0x4ba427,99.9764%,1,4238,4239,4238,1,0,0
0x4be851,99.9912%,1,11425,11426,11425,0,1,0
0x4d59e2,75%,1,3,4,3,1,0,0
0x47628b,99.2%,1,124,125,124,1,0,0
0x4d65ec,99.2701%,1,136,137,136,1,0,0
0x47d2e5,99.1525%,1,117,118,117,1,0,0
0x5f1eda,0%,1,0,1,0,0,1,0
0x50f4f4,50%,1,1,2,0,0,1,1
0x4570c6,0%,1,0,1,0,1,0,0
0x5f1efa,0%,1,0,1,0,0,1,0
0x463966,0%,1,0,1,0,1,0,0
0x4d0686,99.1597%,1,118,119,118,0,1,0
0x479b08,99.9827%,1,5793,5794,5793,1,0,0
0x4ca09e,99.9996%,1,252340,252341,252340,1,0,0
0x5ef103,0%,1,0,1,0,0,1,0
0x609828,0%,1,0,1,0,0,1,0
0x4bbda1,99.9509%,1,2037,2038,2037,1,0,0
0x4cfc22,99.2481%,1,132,133,118,1,0,14
0x46d950,0%,1,0,1,0,0,1,0
0x476bd6,50%,1,1,2,0,0,1,1
0x4ce32e,99.1525%,1,117,118,117,1,0,0
0x4c7aab,97.561%,1,40,41,40,1,0,0
0x4782c6,50%,1,1,2,0,0,1,1
0x5f1ddb,0%,1,0,1,0,1,0,0
0x476199,99.9916%,1,11837,11838,11699,0,1,138
0x5f0559,0%,1,0,1,0,1,0,0
0x5ef130,0%,1,0,1,0,0,1,0
0x5f052a,50%,1,1,2,1,0,1,0
0x4570d0,0%,1,0,1,0,0,1,0
0x4be5b4,99.9913%,1,11469,11470,401,1,0,11068
0x5f1ea7,0%,1,0,1,0,0,1,0
0x4e0fbf,0%,1,0,1,0,1,0,0
0x4d2de2,97.7273%,1,43,44,43,1,0,0
0x4e2b65,0%,1,0,1,0,0,1,0
0x4df90c,0%,1,0,1,0,1,0,0
0x5f0533,0%,1,0,1,0,0,1,0
0x47711c,0%,1,0,1,0,1,0,0
0x5f260c,97.7273%,1,43,44,43,1,0,0
0x5f2e06,50%,1,1,2,0,0,1,1
0x5f0c78,0%,1,0,1,0,1,0,0
0x5f0c4f,0%,1,0,1,0,0,1,0
0x5f06b9,0%,1,0,1,0,0,1,0
0x5f06a5,50%,1,1,2,0,1,0,1
0x41c685,0%,1,0,1,0,1,0,0
0x4cfa32,0%,1,0,1,0,1,0,0
0x478268,50%,1,1,2,0,0,1,1
0x5f0495,97.7778%,1,44,45,0,1,0,44
0x5ef0f7,0%,1,0,1,0,1,0,0
0x4bc2cc,99.9484%,1,1936,1937,1936,1,0,0
0x4cfb06,97.8261%,1,45,46,45,1,0,0
0x5f1dd2,0%,1,0,1,0,0,1,0
0x4570e0,0%,1,0,1,0,1,0,0
0x5f1d93,50%,1,1,2,0,1,0,1
0x4cf893,97.7778%,1,44,45,44,1,0,0
0x5fabec,97.9167%,1,47,48,0,0,1,47
0x4cf6de,97.7778%,1,44,45,44,1,0,0
0x4cf579,97.8261%,1,45,46,44,1,0,1
0x46d62a,0%,1,0,1,0,1,0,0
0x4d8a2b,0%,1,0,1,0,1,0,0
0x41b691,0%,1,0,1,0,1,0,0
0x4cb5ee,95.4545%,1,21,22,0,0,1,21
0x417e3a,99.7854%,1,465,466,0,0,1,465
0x4b8e0d,99.4792%,1,191,192,191,1,0,0
0x4bb867,0%,1,0,1,0,1,0,0
0x4cb46c,50%,1,1,2,0,1,0,1
0x4bb1e2,99.8876%,1,889,890,889,1,0,0
0x47a3c8,0%,1,0,1,0,0,1,0
0x4bb83a,99.0476%,1,104,105,104,0,1,0
0x463ab5,0%,1,0,1,0,0,1,0
0x4bb81a,99.0476%,1,104,105,0,0,1,104
0x4df828,0%,1,0,1,0,1,0,0
0x4c3b8e,99.9671%,1,3034,3035,3034,1,0,0
0x5f2d5e,50%,1,1,2,0,0,1,1
0x4cbe7f,99.6785%,1,310,311,0,1,0,310
0x60a172,50%,1,1,2,0,1,0,1
0x4c6cc7,83.3333%,1,5,6,4,0,1,1
0x41b670,0%,1,0,1,0,1,0,0
0x4c4e38,99.9867%,1,7515,7516,7515,1,0,0
0x41b2e6,0%,1,0,1,0,1,0,0
0x5f1ed1,0%,1,0,1,0,0,1,0
0x5eeff7,97.7778%,1,44,45,0,0,1,44
0x41afd0,0%,1,0,1,0,1,0,0
0x41b1e9,0%,1,0,1,0,0,1,0
0x5eefe5,97.8261%,1,45,46,0,1,0,45
0x401d28,0%,1,0,1,0,0,1,0
0x4d8b80,0%,1,0,1,0,1,0,0
0x4e0a9c,0%,1,0,1,0,1,0,0
0x401dc3,0%,1,0,1,0,1,0,0
0x478b6c,0%,1,0,1,0,1,0,0
0x5ef0eb,0%,1,0,1,0,0,1,0
0x463a71,0%,1,0,1,0,1,0,0
0x4d6491,94.7368%,1,18,19,18,1,0,0
0x4e0b52,0%,1,0,1,0,1,0,0
0x5eefcd,97.8261%,1,45,46,0,0,1,45
0x428645,0%,1,0,1,0,1,0,0
0x428625,0%,1,0,1,0,0,1,0
0x5efae3,0%,1,0,1,0,1,0,0
0x476526,75%,1,3,4,0,0,1,3
0x4e05fb,90.9091%,1,10,11,10,1,0,0
0x4bee8b,99.9995%,1,201333,201334,0,0,1,201333
0x4e05dd,90.9091%,1,10,11,0,0,1,10
0x4babeb,99.9052%,1,1054,1055,1054,0,1,0
0x4ca52d,99.9996%,1,280894,280895,280894,0,1,0
0x476727,50%,1,1,2,1,1,0,0
0x4deb18,66.6667%,1,2,3,0,0,1,2
0x4deacd,66.6667%,1,2,3,2,1,0,0
0x5f0c64,0%,1,0,1,0,1,0,0
0x5f1e02,0%,1,0,1,0,1,0,0
0x4639b7,0%,1,0,1,0,1,0,0
0x4c4cd0,99.9911%,1,11256,11257,11256,1,0,0
0x47a3da,0%,1,0,1,0,0,1,0
0x47a3d1,0%,1,0,1,0,0,1,0
0x47a2c8,0%,1,0,1,0,1,0,0
0x46d1c3,0%,1,0,1,0,0,1,0
0x47a2be,0%,1,0,1,0,0,1,0
0x478b1d,50%,1,1,2,1,0,1,0
0x4e0eea,0%,1,0,1,0,1,0,0
0x46d96c,0%,1,0,1,0,1,0,0
0x4d89c9,99.3711%,1,158,159,0,0,1,158
0x4d970c,99.3711%,1,158,159,158,1,0,0
0x4b9d3a,99.4565%,1,183,184,183,1,0,0
0x5ef191,0%,1,0,1,0,1,0,0
0x5f04b5,97.7273%,1,43,44,0,1,0,43
0x419636,0%,1,0,1,0,1,0,0
0x4d74e3,88.8889%,1,8,9,0,0,1,8
0x4c5c90,97.561%,1,40,41,0,0,1,40
0x4189da,50%,1,1,2,1,1,0,0
0x4cfa83,0%,1,0,1,0,1,0,0
0x5fac08,0%,1,0,1,0,0,1,0
0x4d5716,0%,1,0,1,0,0,1,0
0x4c3e7f,96.4286%,1,27,28,0,0,1,27
0x4770c9,0%,1,0,1,0,1,0,0
0x60686a,99.1379%,1,115,116,115,1,0,0
0x4df9ba,90%,1,9,10,9,1,0,0
0x4bae6a,99.9678%,1,3101,3102,3101,1,0,0
0x47cd70,99.1525%,1,117,118,117,1,0,0
0x408edf,66.6667%,1,2,3,2,1,0,0
0x4c5c53,99.987%,1,7688,7689,7688,1,0,0
0x4bf878,96.1538%,1,25,26,0,0,1,25
0x4cfad9,0%,1,0,1,0,1,0,0
0x4bbd55,99.9488%,1,1951,1952,1951,1,0,0
0x4c9fda,99.923%,1,1297,1298,1297,1,0,0
0x4d8a5f,0%,1,0,1,0,0,1,0
0x5facab,0%,1,0,1,0,1,0,0
0x4cb3d4,99.9917%,1,12018,12019,0,0,1,12018
0x609731,85.7143%,1,6,7,0,0,1,6
0x4ca304,99.9996%,1,252682,252683,252682,1,0,0
0x5fac9f,50%,1,1,2,1,0,1,0
0x4d374d,50%,1,1,2,0,0,1,1
0x4e2950,90.9091%,1,10,11,0,1,0,10
0x4caaed,99.9733%,1,3750,3751,3750,1,0,0
0x4e14ae,0%,1,0,1,0,1,0,0
0x418f70,0%,1,0,1,0,1,0,0
0x5f1dbd,0%,1,0,1,0,0,1,0
0x479fb5,0%,1,0,1,0,1,0,0
0x42862f,0%,1,0,1,0,1,0,0
0x4bd988,99.9674%,1,3067,3068,3067,1,0,0
0x478b4e,50%,1,1,2,0,0,1,1
0x476538,0%,1,0,1,0,0,1,0
0x4b9f3d,99.9476%,1,1909,1910,1909,1,0,0
0x417fd1,83.3333%,1,5,6,0,0,1,5
0x4c230d,0%,1,0,1,0,1,0,0
0x4c2371,0%,1,0,1,0,0,1,0
0x4d5abb,94.7368%,1,18,19,18,1,0,0
0x6067ec,99.2063%,1,125,126,125,0,1,0
0x479eac,0%,1,0,1,0,1,0,0
0x463b17,0%,1,0,1,0,1,0,0
0x476b9e,88.8889%,1,8,9,0,0,1,8
0x477089,99.7831%,1,460,461,460,0,1,0
0x46995c,66.6667%,1,2,3,0,0,1,2
0x4d3768,50%,1,1,2,1,1,0,0
0x41b30c,0%,1,0,1,0,1,0,0
0x4d5f1f,99.1525%,1,117,118,0,0,1,117
0x4b96d6,0%,1,0,1,0,0,1,0
0x47db1e,83.3333%,1,5,6,0,0,1,5
0x47da5e,83.3333%,1,5,6,5,1,0,0
0x4b96e4,0%,1,0,1,0,1,0,0
0x401b40,0%,1,0,1,0,1,0,0
0x4d7947,99.3671%,1,157,158,113,1,0,44
0x47d9ef,83.3333%,1,5,6,5,1,0,0
0x5f0c2b,0%,1,0,1,0,0,1,0
0x5eefb9,97.8261%,1,45,46,0,0,1,45
0x4ba3f2,99.9953%,1,21314,21315,0,0,1,21314
0x469948,66.6667%,1,2,3,0,0,1,2
0x4dfaf4,90%,1,9,10,0,0,1,9
0x47a230,0%,1,0,1,0,1,0,0
0x477f52,50%,1,1,2,1,0,1,0
0x4dfb3e,0%,1,0,1,0,1,0,0
0x401d2c,0%,1,0,1,0,1,0,0
0x5f1d37,50%,1,1,2,0,0,1,1
0x478ead,83.3333%,1,5,6,5,1,0,0
0x479e6d,0%,1,0,1,0,1,0,0
0x4d63b7,93.3333%,1,14,15,0,1,0,14
0x50b030,99.9988%,1,80838,80839,0,1,0,80838
0x4d57c8,99.3151%,1,145,146,0,0,1,145
0x479e90,0%,1,0,1,0,1,0,0
0x4c23a2,0%,1,0,1,0,1,0,0
0x4bac3a,0%,1,0,1,0,0,1,0
0x417e61,99.7854%,1,465,466,465,1,0,0
0x4765e1,66.6667%,1,2,3,2,1,0,0
0x4b96f9,0%,1,0,1,0,0,1,0
0x4ca12c,99.7067%,1,340,341,0,0,1,340
0x477178,99.7831%,1,460,461,460,1,0,0
0x4bc21a,85.7143%,1,6,7,6,1,0,0
0x4df717,0%,1,0,1,0,0,1,0
0x41b1d4,0%,1,0,1,0,0,1,0
0x4d63ee,92.8571%,1,13,14,13,1,0,0
0x47c940,0%,1,0,1,0,1,0,0
0x41897e,90.9091%,1,10,11,10,1,0,0
0x5f046a,97.7778%,1,44,45,0,0,1,44
0x4c3e77,96.4286%,1,27,28,0,0,1,27
0x478e9c,83.3333%,1,5,6,5,1,0,0
0x4d64a8,94.7368%,1,18,19,17,0,1,1
0x5f2f6b,50%,1,1,2,1,1,0,0
0x5f2dcd,50%,1,1,2,0,0,1,1
0x4e17ad,0%,1,0,1,0,1,0,0
0x478067,66.6667%,1,2,3,0,1,0,2
0x469919,66.6667%,1,2,3,2,1,0,0
0x418fdf,0%,1,0,1,0,0,1,0
0x5ef185,0%,1,0,1,0,0,1,0
0x47707b,99.7831%,1,460,461,0,0,1,460
0x47ab38,99.3711%,1,158,159,158,1,0,0
0x47a9a0,99.7821%,1,458,459,458,1,0,0
0x4bc1e8,99.9486%,1,1943,1944,0,0,1,1943
0x5f06dc,0%,1,0,1,0,1,0,0
0x50fa94,99.9869%,1,7629,7630,0,0,1,7629
0x4decba,0%,1,0,1,0,1,0,0
0x5ef1e3,0%,1,0,1,0,0,1,0
0x417ffd,83.3333%,1,5,6,0,0,1,5
0x417ff2,83.3333%,1,5,6,0,0,1,5
0x4ba5f0,99.2063%,1,125,126,125,1,0,0
0x47dd68,83.3333%,1,5,6,0,0,1,5
0x4cb3f9,0%,1,0,1,0,1,0,0
0x4d0569,50%,1,1,2,0,0,1,1
0x4195f8,50%,1,1,2,0,1,0,1
0x4d5a6f,99.2701%,1,136,137,136,1,0,0
0x47dd2d,83.3333%,1,5,6,0,0,1,5
0x4c4eaa,66.6667%,1,2,3,2,1,0,0
0x4ca5f9,99.9867%,1,7544,7545,7544,1,0,0
0x418c9a,0%,1,0,1,0,0,1,0
0x418cf6,0%,1,0,1,0,1,0,0
0x4b96a4,0%,1,0,1,0,1,0,0
0x47d178,66.6667%,1,2,3,2,1,0,0
0x479c60,99.9827%,1,5793,5794,0,0,1,5793
0x4ca5cd,99.9867%,1,7544,7545,7544,1,0,0
0x419616,0%,1,0,1,0,0,1,0
0x46d169,0%,1,0,1,0,1,0,0
0x476b5b,100%,0,9,9,9,0,0,0
0x4c5937,100%,0,41,41,0,0,0,41
0x50fb8e,100%,0,371,371,0,0,0,371
0x408eee,100%,0,3,3,3,0,0,0
0x4bb2f8,100%,0,863,863,863,0,0,0
0x5f1da1,100%,0,1,1,0,0,0,1
0x4deb1d,100%,0,3,3,3,0,0,0
0x421005,100%,0,377,377,0,0,0,377
0x4d5c8e,100%,0,19,19,19,0,0,0
0x5f2d2e,100%,0,2,2,0,0,0,2
0x478327,100%,0,2,2,0,0,0,2
0x50fe20,100%,0,48,48,48,0,0,0
0x4d6d54,100%,0,1,1,1,0,0,0
0x5ef229,100%,0,1,1,1,0,0,0
0x478aa9,100%,0,226,226,226,0,0,0
0x50fb0d,100%,0,7618,7618,0,0,0,7618
0x4c6ca5,100%,0,3904,3904,0,0,0,3904
0x4bace2,100%,0,3102,3102,0,0,0,3102
0x4baf23,100%,0,3102,3102,3102,0,0,0
0x5f2089,100%,0,1,1,0,0,0,1
0x478b9a,100%,0,224,224,224,0,0,0
0x5f2c33,100%,0,44,44,0,0,0,44
0x4bae61,100%,0,3102,3102,0,0,0,3102
0x47b3bc,100%,0,5792,5792,0,0,0,5792
0x5f2d72,100%,0,2,2,0,0,0,2
0x4d2e24,100%,0,44,44,44,0,0,0
0x4d568f,100%,0,1,1,1,0,0,0
0x4d6e0d,100%,0,1,1,1,0,0,0
0x4d0570,100%,0,2,2,2,0,0,0
0x4cf769,100%,0,1,1,0,0,0,1
0x4bac2c,100%,0,1,1,0,0,0,1
0x4c59a7,100%,0,69417,69417,0,0,0,69417
0x4c0311,100%,0,2066,2066,2066,0,0,0
0x5f053e,100%,0,1,1,0,0,0,1
0x4c5978,100%,0,41,41,0,0,0,41
0x477154,100%,0,1,1,1,0,0,0
0x47dd71,100%,0,6,6,6,0,0,0
0x4dfb1f,100%,0,1,1,0,0,0,1
0x477166,100%,0,1,1,1,0,0,0
0x47980d,100%,0,6,6,0,0,0,6
0x4d5edb,100%,0,118,118,118,0,0,0
0x401ad0,100%,0,1,1,1,0,0,0
0x47ab0c,100%,0,300,300,0,0,0,300
0x4c54c1,100%,0,226133,226133,0,0,0,226133
0x45ee59,100%,0,3,3,3,0,0,0
0x477095,100%,0,1,1,0,0,0,1
0x463a97,100%,0,1,1,0,0,0,1
0x463a88,100%,0,1,1,0,0,0,1
0x4e2c3a,100%,0,3,3,3,0,0,0
0x4c5b76,100%,0,69413,69413,0,0,0,69413
0x4c4b2a,100%,0,217870,217870,217870,0,0,0
0x50fcb2,100%,0,371,371,0,0,0,371
0x47805d,100%,0,3,3,0,0,0,3
0x463a9d,100%,0,1,1,1,0,0,0
0x5f2603,100%,0,44,44,0,0,0,44
0x47b4e2,100%,0,5792,5792,0,0,0,5792
0x4be704,100%,0,6437,6437,180,0,0,6257
0x50fb5d,100%,0,69,69,69,0,0,0
0x4770a0,100%,0,1,1,1,0,0,0
0x4cc552,100%,0,387,387,112,0,0,275
0x5f04c7,100%,0,43,43,43,0,0,0
0x477117,100%,0,1,1,0,0,0,1
0x4c4b25,100%,0,217870,217870,0,0,0,217870
0x5f25ec,100%,0,44,44,0,0,0,44
0x4d068b,100%,0,1,1,0,0,0,1
0x417f89,100%,0,466,466,0,0,0,466
0x4c1d43,100%,0,2066,2066,0,0,0,2066
0x4e28ae,100%,0,11,11,0,0,0,11
0x5fa536,100%,0,1,1,0,0,0,1
0x4be498,100%,0,44,44,44,0,0,0
0x4c6ba5,100%,0,217870,217870,0,0,0,217870
0x4cf8e4,100%,0,45,45,0,0,0,45
0x4ba86b,100%,0,56153,56153,0,0,0,56153
0x4d7526,100%,0,9,9,9,0,0,0
0x4cab55,100%,0,3612,3612,0,0,0,3612
0x47aa76,100%,0,459,459,0,0,0,459
0x4c4fee,100%,0,762,762,762,0,0,0
0x47ce3c,100%,0,118,118,0,0,0,118
0x4c4b20,100%,0,217870,217870,0,0,0,217870
0x50fc40,100%,0,69,69,0,0,0,69
0x4d96f7,100%,0,159,159,0,0,0,159
0x4deca3,100%,0,1,1,0,0,0,1
0x428640,100%,0,1,1,0,0,0,1
0x4e0b42,100%,0,1,1,0,0,0,1
0x401b09,100%,0,1,1,1,0,0,0
0x46c7d2,100%,0,112,112,112,0,0,0
0x50fc92,100%,0,371,371,0,0,0,371
0x5f0cf6,100%,0,1,1,1,0,0,0
0x4b9426,100%,0,4032,4032,4032,0,0,0
0x4c4b09,100%,0,217870,217870,0,0,0,217870
0x4e14a5,100%,0,1,1,0,0,0,1
0x47db28,100%,0,6,6,6,0,0,0
0x4e0aac,100%,0,1,1,1,0,0,0
0x47cb90,100%,0,118,118,0,0,0,118
0x4e17a8,100%,0,1,1,0,0,0,1
0x4bbd89,100%,0,2038,2038,0,0,0,2038
0x478cfa,100%,0,112,112,0,0,0,112
0x4baafa,100%,0,1055,1055,0,0,0,1055
0x5ef0ce,100%,0,1,1,0,0,0,1
0x47ce88,100%,0,118,118,0,0,0,118
0x46c841,100%,0,112,112,112,0,0,0
0x479ea1,100%,0,1,1,1,0,0,0
0x5f0698,100%,0,1,1,0,0,0,1
0x47b415,100%,0,5792,5792,0,0,0,5792
0x4baadb,100%,0,1055,1055,0,0,0,1055
0x4e2c34,100%,0,3,3,0,0,0,3
0x4d8ffa,100%,0,159,159,159,0,0,0
0x478be6,100%,0,224,224,0,0,0,224
0x4bab7f,100%,0,1055,1055,1055,0,0,0
0x4decae,100%,0,1,1,0,0,0,1
0x4761b6,100%,0,27,27,27,0,0,0
0x46ca14,100%,0,112,112,112,0,0,0
0x5ef008,100%,0,45,45,0,0,0,45
0x4bbd2a,100%,0,2083,2083,0,0,0,2083
0x4babab,100%,0,1055,1055,1055,0,0,0
0x5f2e20,100%,0,2,2,0,0,0,2
0x5fa23f,100%,0,11,11,0,0,0,11
0x463ae0,100%,0,1,1,0,0,0,1
0x4be654,100%,0,11426,11426,11426,0,0,0
0x4e09d6,100%,0,11,11,11,0,0,0
0x4e09a3,100%,0,11,11,0,0,0,11
0x4cc4cc,100%,0,387,387,387,0,0,0
0x4c77d1,100%,0,41,41,41,0,0,0
0x5faca4,100%,0,1,1,0,0,0,1
0x4bd46b,100%,0,3033,3033,0,0,0,3033
0x4c4d83,100%,0,572,572,0,0,0,572
0x47cd4e,100%,0,118,118,118,0,0,0
0x5114de,100%,0,280940,280940,280940,0,0,0
0x6068ae,100%,0,116,116,0,0,0,116
0x47cab5,100%,0,117,117,0,0,0,117
0x4c9f19,100%,0,2245,2245,2245,0,0,0
0x41b64f,100%,0,1,1,0,0,0,1
0x4cb10b,100%,0,3751,3751,3751,0,0,0
0x4bea6b,100%,0,44,44,44,0,0,0
0x4cbd20,100%,0,25,25,0,0,0,25
0x4d62e1,100%,0,19,19,0,0,0,19
0x46d0cc,100%,0,112,112,0,0,0,112
0x4beb2c,100%,0,44,44,0,0,0,44
0x4beb9d,100%,0,44,44,0,0,0,44
0x5f1f24,100%,0,1,1,1,0,0,0
0x4cd405,100%,0,47,47,0,0,0,47
0x47620f,100%,0,5793,5793,5793,0,0,0
0x4d8e8a,100%,0,44,44,44,0,0,0
0x4c228f,100%,0,1,1,1,0,0,0
0x4d8ea9,100%,0,44,44,0,0,0,44
0x4d8ebb,100%,0,44,44,44,0,0,0
0x4d8ed3,100%,0,44,44,44,0,0,0
0x5f2c4c,100%,0,44,44,44,0,0,0
0x4bac56,100%,0,1,1,1,0,0,0
0x4d8b96,100%,0,1,1,1,0,0,0
0x4c4e7e,100%,0,6,6,3,0,0,3
0x4ca621,100%,0,7545,7545,7545,0,0,0
0x4ca559,100%,0,1,1,1,0,0,0
0x4c3c10,100%,0,3035,3035,0,0,0,3035
0x4be482,100%,0,44,44,0,0,0,44
0x5f0ce9,100%,0,1,1,0,0,0,1
0x4c256d,100%,0,4032,4032,4032,0,0,0
0x50f3fc,100%,0,44,44,44,0,0,0
0x4c2360,100%,0,1,1,0,0,0,1
0x4d05f5,100%,0,44,44,44,0,0,0
0x5f2e1b,100%,0,2,2,0,0,0,2
0x50aff9,100%,0,80839,80839,0,0,0,80839
0x4d2dd7,100%,0,44,44,0,0,0,44
0x4c234d,100%,0,1,1,0,0,0,1
0x4c8cdd,100%,0,6,6,6,0,0,0
0x4c7d82,100%,0,342,342,1,0,0,341
0x50fb51,100%,0,69,69,0,0,0,69
0x4d8f71,100%,0,45,45,45,0,0,0
0x4be5c0,100%,0,11068,11068,11068,0,0,0
0x4be6c7,100%,0,11426,11426,11426,0,0,0
0x4cd061,100%,0,281125,281125,0,0,0,281125
0x4be719,100%,0,11426,11426,0,0,0,11426
0x40286d,100%,0,112,112,0,0,0,112
0x479bf2,100%,0,5794,5794,0,0,0,5794
0x4bea33,100%,0,44,44,44,0,0,0
0x4c4e9e,100%,0,3,3,3,0,0,0
0x50fc03,100%,0,7178,7178,0,0,0,7178
0x4c4073,100%,0,3007,3007,0,0,0,3007
0x4c4eee,100%,0,3,3,3,0,0,0
0x4bb47c,100%,0,105,105,105,0,0,0
0x4c3d1f,100%,0,3007,3007,0,0,0,3007
0x418de6,100%,0,4,4,0,0,0,4
0x4b95c5,100%,0,126,126,126,0,0,0
0x4ba461,100%,0,126,126,126,0,0,0
0x479072,100%,0,18,18,0,0,0,18
0x477ef3,100%,0,14,14,14,0,0,0
0x50fb28,100%,0,7178,7178,0,0,0,7178
0x4c4e8e,100%,0,3,3,3,0,0,0
0x4cb4c0,100%,0,1,1,1,0,0,0
0x4bbab8,100%,0,2136,2136,2136,0,0,0
0x40188a,100%,0,5792,5792,0,0,0,5792
0x4ce624,100%,0,4032,4032,4032,0,0,0
0x4bc1e4,100%,0,1944,1944,0,0,0,1944
0x4c4e5e,100%,0,3,3,0,0,0,3
0x4b95d1,100%,0,58,58,58,0,0,0
0x4bc1f0,100%,0,1944,1944,0,0,0,1944
0x609a2a,100%,0,4,4,4,0,0,0
0x5ef029,100%,0,45,45,45,0,0,0
0x5ef047,100%,0,45,45,0,0,0,45
0x4d9754,100%,0,159,159,0,0,0,159
0x5f04d5,100%,0,43,43,0,0,0,43
0x4c7d5b,100%,0,1,1,0,0,0,1
0x478250,100%,0,2,2,0,0,0,2
0x5f0acd,100%,0,43,43,43,0,0,0
0x4be85e,100%,0,1,1,1,0,0,0
0x4c63b6,100%,0,3904,3904,0,0,0,3904
0x4c7adc,100%,0,7516,7516,7516,0,0,0
0x5f0ccc,100%,0,1,1,0,0,0,1
0x4bd3fd,100%,0,35,35,0,0,0,35
0x4c4e94,100%,0,3,3,3,0,0,0
0x4b8d78,100%,0,4895,4895,0,0,0,4895
0x4cac99,100%,0,7,7,7,0,0,0
0x4c4392,100%,0,3863,3863,3863,0,0,0
0x4cab8e,100%,0,132,132,132,0,0,0
0x4bbdc7,100%,0,2038,2038,2038,0,0,0
0x4c3a60,100%,0,3007,3007,3007,0,0,0
0x418edf,100%,0,1,1,1,0,0,0
0x4d07d4,100%,0,14,14,0,0,0,14
0x4766f0,100%,0,2,2,2,0,0,0
0x4d8a9f,100%,0,45,45,0,0,0,45
0x476824,100%,0,2,2,2,0,0,0
0x476969,100%,0,2,2,0,0,0,2
0x4ba84d,100%,0,56153,56153,0,0,0,56153
0x4cc57c,100%,0,285201,285201,285201,0,0,0
0x47697e,100%,0,2,2,0,0,0,2
0x4769bb,100%,0,2,2,2,0,0,0
0x50f4f9,100%,0,2,2,0,0,0,2
0x4e298b,100%,0,11,11,0,0,0,11
0x4df16e,100%,0,3,3,0,0,0,3
0x4c457c,100%,0,22920,22920,0,0,0,22920
0x5f1f0f,100%,0,1,1,0,0,0,1
0x478ae8,100%,0,226,226,226,0,0,0
0x4bc7aa,100%,0,44,44,0,0,0,44
0x47b3dd,100%,0,5792,5792,0,0,0,5792
0x4bc7b7,100%,0,44,44,0,0,0,44
0x4cdf27,100%,0,275,275,275,0,0,0
0x4c237b,100%,0,1,1,0,0,0,1
0x4cf56f,100%,0,46,46,0,0,0,46
0x5f2d40,100%,0,2,2,0,0,0,2
0x4c63e6,100%,0,226133,226133,226133,0,0,0
0x4c5c72,100%,0,41,41,0,0,0,41
0x4ce366,100%,0,118,118,118,0,0,0
0x4cbd04,100%,0,25,25,0,0,0,25
0x4d0697,100%,0,1,1,1,0,0,0
0x47a6c4,100%,0,459,459,0,0,0,459
0x477f9e,100%,0,8,8,0,0,0,8
0x476488,100%,0,125,125,0,0,0,125
0x4c3af8,100%,0,2979,2979,0,0,0,2979
0x4c63cb,100%,0,226133,226133,226133,0,0,0
0x4e0e07,100%,0,10,10,0,0,0,10
0x4d318d,100%,0,3,3,0,0,0,3
0x4e0e12,100%,0,10,10,10,0,0,0
0x5f1df2,100%,0,1,1,0,0,0,1
0x4c6404,100%,0,226133,226133,226133,0,0,0
0x4c642b,100%,0,226133,226133,226133,0,0,0
0x4c7d71,100%,0,1,1,0,0,0,1
0x4e1024,100%,0,10,10,0,0,0,10
0x4c64b0,100%,0,226133,226133,0,0,0,226133
0x4d6d4b,100%,0,1,1,0,0,0,1
0x4bb8fa,100%,0,104,104,0,0,0,104
0x4ca369,100%,0,280895,280895,280895,0,0,0
0x5f2082,100%,0,1,1,0,0,0,1
0x4d0547,100%,0,2,2,0,0,0,2
0x4c238b,100%,0,1,1,0,0,0,1
0x4d78c1,100%,0,158,158,158,0,0,0
0x479817,100%,0,6,6,0,0,0,6
0x5f0510,100%,0,2,2,0,0,0,2
0x5f2dfd,100%,0,2,2,0,0,0,2
0x4cec5e,100%,0,112,112,112,0,0,0
0x4c5861,100%,0,13,13,13,0,0,0
0x4ba96b,100%,0,4031,4031,0,0,0,4031
0x5f25db,100%,0,44,44,44,0,0,0
0x479b65,100%,0,5792,5792,5792,0,0,0
0x4cbd2c,100%,0,25,25,0,0,0,25
0x46c9d5,100%,0,112,112,112,0,0,0
0x5ef122,100%,0,1,1,0,0,0,1
0x4cd45f,100%,0,47,47,0,0,0,47
0x476866,100%,0,2,2,0,0,0,2
0x46d0c4,100%,0,112,112,0,0,0,112
0x5f0837,100%,0,1,1,1,0,0,0
0x5f2dee,100%,0,2,2,2,0,0,0
0x4baaa5,100%,0,3616,3616,0,0,0,3616
0x4cd43d,100%,0,47,47,47,0,0,0
0x5ef06f,100%,0,45,45,45,0,0,0
0x5f0c45,100%,0,1,1,0,0,0,1
0x4cf5a3,100%,0,46,46,0,0,0,46
0x4bc7dc,100%,0,2587,2587,2587,0,0,0
0x5ef099,100%,0,45,45,0,0,0,45
0x4cf69a,100%,0,46,46,46,0,0,0
0x46c7e8,100%,0,112,112,0,0,0,112
0x4017af,100%,0,5792,5792,5792,0,0,0
0x41b297,100%,0,1,1,1,0,0,0
0x4be7ce,100%,0,11426,11426,11426,0,0,0
0x4cf712,100%,0,45,45,0,0,0,45
0x4beb8d,100%,0,44,44,0,0,0,44
0x4cf88d,100%,0,45,45,0,0,0,45
0x4195fe,100%,0,1,1,0,0,0,1
0x5f1d55,100%,0,2,2,0,0,0,2
0x46c8aa,100%,0,112,112,0,0,0,112
0x4dfb96,100%,0,1,1,0,0,0,1
0x476182,100%,0,11838,11838,0,0,0,11838
0x4d644e,100%,0,5,5,0,0,0,5
0x476e94,100%,0,118,118,0,0,0,118
0x417f1b,100%,0,466,466,466,0,0,0
0x4bafec,100%,0,1,1,1,0,0,0
0x4bb2c6,100%,0,2240,2240,2240,0,0,0
0x4ba016,100%,0,2282,2282,2282,0,0,0
0x4bb032,100%,0,1,1,0,0,0,1
0x47d1d8,100%,0,118,118,0,0,0,118
0x4bbd96,100%,0,2038,2038,0,0,0,2038
0x47d27a,100%,0,118,118,118,0,0,0
0x4ba642,100%,0,232,232,232,0,0,0
0x4d5847,100%,0,118,118,118,0,0,0
0x402801,100%,0,112,112,112,0,0,0
0x47ac82,100%,0,151,151,0,0,0,151
0x47b1b7,100%,0,5904,5904,5904,0,0,0
0x4d6300,100%,0,4,4,0,0,0,4
0x4cc858,100%,0,131,131,0,0,0,131
0x4d645b,100%,0,5,5,0,0,0,5
0x4e2894,100%,0,11,11,0,0,0,11
0x478b92,100%,0,224,224,0,0,0,224
0x4c593e,100%,0,41,41,41,0,0,0
0x418a3a,100%,0,11,11,0,0,0,11
0x479b97,100%,0,5794,5794,0,0,0,5794
0x4cc33d,100%,0,37622,37622,37622,0,0,0
0x476c8a,100%,0,2,2,1,0,0,1
0x4c5985,100%,0,69458,69458,41,0,0,69417
0x5ef08f,100%,0,45,45,45,0,0,0
0x4766bb,100%,0,5792,5792,5792,0,0,0
0x418c0d,100%,0,5,5,0,0,0,5
0x4be9a0,100%,0,5370,5370,0,0,0,5370
0x4783e9,100%,0,2,2,2,0,0,0
0x4bb501,100%,0,105,105,105,0,0,0
0x4c4806,100%,0,142,142,0,0,0,142
0x47cbbc,100%,0,112,112,0,0,0,112
0x5eefc3,100%,0,46,46,0,0,0,46
0x476e8b,100%,0,118,118,0,0,0,118
0x46c9fb,100%,0,112,112,0,0,0,112
0x4cc926,100%,0,112,112,112,0,0,0
0x47ca8a,100%,0,117,117,0,0,0,117
0x476de2,100%,0,2,2,0,0,0,2
0x4d8eb3,100%,0,44,44,0,0,0,44
0x40187d,100%,0,5792,5792,0,0,0,5792
0x479bb3,100%,0,5794,5794,5794,0,0,0
0x4c77df,100%,0,41,41,41,0,0,0
0x4bac0f,100%,0,1,1,0,0,0,1
0x4bacf7,100%,0,3102,3102,3102,0,0,0
0x479c8c,100%,0,4895,4895,4895,0,0,0
0x47aa36,100%,0,459,459,459,0,0,0
0x46c7fc,100%,0,112,112,0,0,0,112
0x4d579c,100%,0,146,146,146,0,0,0
0x47b19e,100%,0,5904,5904,0,0,0,5904
0x4ca086,100%,0,533235,533235,0,0,0,533235
0x41b1ff,100%,0,1,1,1,0,0,0
0x4d5bff,100%,0,118,118,118,0,0,0
0x4d63c0,100%,0,14,14,14,0,0,0
0x463c3a,100%,0,112,112,112,0,0,0
0x4bc5eb,100%,0,5699,5699,0,0,0,5699
0x47a1c0,100%,0,5793,5793,5793,0,0,0
0x478115,100%,0,2,2,2,0,0,0
0x479e08,100%,0,4895,4895,0,0,0,4895
0x4d619e,100%,0,19,19,0,0,0,19
0x478bef,100%,0,224,224,224,0,0,0
0x4c3715,100%,0,280896,280896,280896,0,0,0
0x4b8baa,100%,0,4895,4895,4895,0,0,0
0x4ba002,100%,0,48,48,0,0,0,48
0x4d381c,100%,0,2,2,2,0,0,0
0x4b8bd8,100%,0,4895,4895,4895,0,0,0
0x478bdb,100%,0,224,224,0,0,0,224
0x401847,100%,0,5792,5792,5792,0,0,0
0x5f261b,100%,0,44,44,0,0,0,44
0x46c384,100%,0,1,1,0,0,0,1
0x4ca1b1,100%,0,341,341,341,0,0,0
0x46d653,100%,0,1,1,0,0,0,1
0x47b3f1,100%,0,5792,5792,5792,0,0,0
0x4028cb,100%,0,112,112,112,0,0,0
0x47820b,100%,0,2,2,0,0,0,2
0x47618c,100%,0,11838,11838,11838,0,0,0
0x479b22,100%,0,5794,5794,0,0,0,5794
0x5f2635,100%,0,44,44,0,0,0,44
0x4b9054,100%,0,8064,8064,0,0,0,8064
0x46d0ba,100%,0,112,112,0,0,0,112
0x478215,100%,0,2,2,2,0,0,0
0x4d583e,100%,0,118,118,0,0,0,118
0x47c7f7,100%,0,117,117,0,0,0,117
0x5f2627,100%,0,44,44,0,0,0,44
0x4bac04,100%,0,1,1,0,0,0,1
0x60a17c,100%,0,6,6,1,0,0,5
0x47d267,100%,0,118,118,0,0,0,118
0x4d6e1b,100%,0,1,1,1,0,0,0
0x479c02,100%,0,5794,5794,5794,0,0,0
0x4760f5,100%,0,448,448,448,0,0,0
0x46d36d,100%,0,1,1,0,0,0,1
0x4d5e00,100%,0,5,5,0,0,0,5
0x4ba7d1,100%,0,232,232,0,0,0,232
0x4cc596,100%,0,285201,285201,0,0,0,285201
0x4d587d,100%,0,4,4,4,0,0,0
0x476231,100%,0,5905,5905,0,0,0,5905
0x4c5993,100%,0,69417,69417,0,0,0,69417
0x5ef01a,100%,0,45,45,0,0,0,45
0x476201,100%,0,11699,11699,0,0,0,11699
0x479b47,100%,0,5792,5792,5792,0,0,0
0x418d59,100%,0,1,1,1,0,0,0
0x47b153,100%,0,5904,5904,5904,0,0,0
0x4c24e6,100%,0,4032,4032,4032,0,0,0
0x4b95a5,100%,0,3840,3840,3840,0,0,0
0x478c54,100%,0,224,224,224,0,0,0
0x5f1d77,100%,0,2,2,0,0,0,2
0x479acf,100%,0,5794,5794,0,0,0,5794
0x47c9e4,100%,0,117,117,0,0,0,117
0x418b5c,100%,0,43,43,43,0,0,0
0x4cc832,100%,0,131,131,131,0,0,0
0x4d57d9,100%,0,4,4,0,0,0,4
0x419018,100%,0,306,306,306,0,0,0
0x47a1f0,100%,0,5793,5793,5793,0,0,0
0x47c9bb,100%,0,117,117,0,0,0,117
0x418e6b,100%,0,1,1,1,0,0,0
0x417f3a,100%,0,466,466,0,0,0,466
0x478b02,100%,0,224,224,224,0,0,0
0x47b39e,100%,0,5792,5792,0,0,0,5792
0x4766a1,100%,0,5792,5792,0,0,0,5792
0x4d0701,100%,0,118,118,0,0,0,118
0x50fc7e,100%,0,371,371,0,0,0,371
0x4cf582,100%,0,1,1,1,0,0,0
0x4ba639,100%,0,232,232,0,0,0,232
0x4bac1a,100%,0,1,1,1,0,0,0
0x4b93e3,100%,0,4032,4032,4032,0,0,0
0x47b3e2,100%,0,5792,5792,0,0,0,5792
0x47cbc5,100%,0,112,112,112,0,0,0
0x41b69e,100%,0,1,1,1,0,0,0
0x4baf12,100%,0,3102,3102,0,0,0,3102
0x47b249,100%,0,5904,5904,0,0,0,5904
0x47af53,100%,0,8,8,0,0,0,8
0x4d5df4,100%,0,5,5,0,0,0,5
0x4b9cb7,100%,0,122,122,122,0,0,0
0x476e48,100%,0,118,118,0,0,0,118
0x463b97,100%,0,112,112,112,0,0,0
0x47d426,100%,0,118,118,118,0,0,0
0x608b6e,100%,0,14,14,0,0,0,14
0x47d3ad,100%,0,118,118,0,0,0,118
0x41b305,100%,0,1,1,0,0,0,1
0x47ab03,100%,0,300,300,0,0,0,300
0x4b9595,100%,0,3974,3974,0,0,0,3974
0x4c5754,100%,0,142,142,142,0,0,0
0x47b198,100%,0,5904,5904,0,0,0,5904
0x46c918,100%,0,112,112,0,0,0,112
0x46c781,100%,0,112,112,0,0,0,112
0x4bc7c0,100%,0,44,44,44,0,0,0
0x4d8f30,100%,0,44,44,0,0,0,44
0x47cd5f,100%,0,118,118,0,0,0,118
0x463c54,100%,0,112,112,112,0,0,0
0x47cabd,100%,0,117,117,0,0,0,117
0x47aa7e,100%,0,448,448,0,0,0,448
0x4df132,100%,0,3,3,0,0,0,3
0x418c92,100%,0,1,1,0,0,0,1
0x4be450,100%,0,44,44,0,0,0,44
0x4c9ef0,100%,0,2245,2245,2245,0,0,0
0x40289c,100%,0,112,112,112,0,0,0
0x4ca3ee,100%,0,280895,280895,280895,0,0,0
0x4bb042,100%,0,1,1,1,0,0,0
0x4cc637,100%,0,285786,285786,0,0,0,285786
0x4c6ac5,100%,0,313,313,0,0,0,313
0x4beb83,100%,0,44,44,44,0,0,0
0x47b23e,100%,0,5904,5904,0,0,0,5904
0x418cb5,100%,0,1,1,1,0,0,0
0x475f73,100%,0,6194,6194,6194,0,0,0
0x606902,100%,0,672,672,672,0,0,0
0x41af5b,100%,0,1,1,1,0,0,0
0x4c5a6a,100%,0,69413,69413,69413,0,0,0
0x4cc712,100%,0,136,136,0,0,0,136
0x4cce6e,100%,0,112,112,0,0,0,112
0x40189e,100%,0,5792,5792,5792,0,0,0
0x5ef09e,100%,0,45,45,45,0,0,0
0x46d07f,100%,0,112,112,112,0,0,0
0x4761f7,100%,0,11699,11699,0,0,0,11699
0x47695b,100%,0,2,2,0,0,0,2
0x5f2c2a,100%,0,44,44,0,0,0,44
0x4770b0,100%,0,1,1,0,0,0,1
0x4d7553,100%,0,9,9,0,0,0,9
0x6068a7,100%,0,116,116,0,0,0,116
0x46d848,100%,0,1,1,0,0,0,1
0x46d860,100%,0,1,1,0,0,0,1
0x47ae44,100%,0,159,159,159,0,0,0
0x4cc9ef,100%,0,281013,281013,281013,0,0,0
0x47dd5d,100%,0,6,6,0,0,0,6
0x5f25b3,100%,0,44,44,0,0,0,44
0x46d93c,100%,0,1,1,1,0,0,0
0x46d868,100%,0,1,1,0,0,0,1
0x4bea13,100%,0,11426,11426,11426,0,0,0
0x47c99b,100%,0,117,117,0,0,0,117
0x4698f6,100%,0,3,3,0,0,0,3
0x46d82d,100%,0,1,1,0,0,0,1
0x4b8ea0,100%,0,4032,4032,0,0,0,4032
0x5f1db3,100%,0,1,1,0,0,0,1
0x47c9b3,100%,0,117,117,0,0,0,117
0x4d052f,100%,0,46,46,44,0,0,2
0x47ca7e,100%,0,117,117,117,0,0,0
0x5f1d87,100%,0,2,2,0,0,0,2
0x4c57ef,100%,0,61768,61768,0,0,0,61768
0x418b8d,100%,0,453,453,453,0,0,0
0x4cd42c,100%,0,47,47,0,0,0,47
0x46ca04,100%,0,112,112,0,0,0,112
0x46d66d,100%,0,1,1,0,0,0,1
0x419425,100%,0,459,459,459,0,0,0
0x47aaf6,100%,0,300,300,0,0,0,300
0x4be4fc,100%,0,44,44,44,0,0,0
0x47d3c9,100%,0,5954,5954,0,0,0,5954
0x477060,100%,0,461,461,461,0,0,0
0x46d198,100%,0,1,1,0,0,0,1
0x46d238,100%,0,1,1,1,0,0,0
0x4be48b,100%,0,44,44,0,0,0,44
0x46d65b,100%,0,1,1,0,0,0,1
0x419607,100%,0,1,1,0,0,0,1
0x4d8fbe,100%,0,159,159,159,0,0,0
0x46c7bb,100%,0,112,112,112,0,0,0
0x4c79bd,100%,0,41,41,41,0,0,0
0x4df214,100%,0,7,7,0,0,0,7
0x4cc73a,100%,0,131,131,131,0,0,0
0x40288a,100%,0,112,112,0,0,0,112
0x476b41,100%,0,9,9,0,0,0,9
0x4d765e,100%,0,9,9,9,0,0,0
0x476137,100%,0,448,448,448,0,0,0
0x46d7d4,100%,0,1,1,1,0,0,0
0x414f89,100%,0,112,112,0,0,0,112
0x4cbd28,100%,0,25,25,0,0,0,25
0x4bee38,100%,0,201335,201335,201335,0,0,0
0x46c43a,100%,0,1,1,0,0,0,1
0x4cfc77,100%,0,14,14,14,0,0,0
0x5f0936,100%,0,1,1,0,0,0,1
0x4c38f2,100%,0,884407,884407,0,0,0,884407
0x4cc600,100%,0,4419,4419,4419,0,0,0
0x4c3a08,100%,0,1140079,1140079,0,0,0,1140079
0x4bb84a,100%,0,1,1,0,0,0,1
0x4be6f2,100%,0,6437,6437,0,0,0,6437
0x4c4658,100%,0,257806,257806,0,0,0,257806
0x4761a7,100%,0,139,139,0,0,0,139
0x5f1d6e,100%,0,2,2,0,0,0,2
0x4cb526,100%,0,430,430,430,0,0,0
0x4c57e4,100%,0,61768,61768,0,0,0,61768
0x5f06c6,100%,0,1,1,0,0,0,1
0x4d5747,100%,0,146,146,0,0,0,146
0x47a3e4,100%,0,1,1,0,0,0,1
0x47a3e8,100%,0,1,1,0,0,0,1
0x47dd53,100%,0,6,6,0,0,0,6
0x4c58c5,100%,0,61769,61769,0,0,0,61769
0x463a6a,100%,0,1,1,0,0,0,1
0x4ba80d,100%,0,56153,56153,56153,0,0,0
0x4c480f,100%,0,142,142,142,0,0,0
0x4c598e,100%,0,69417,69417,0,0,0,69417
0x47afe6,100%,0,151,151,151,0,0,0
0x4be8e0,100%,0,11426,11426,0,0,0,11426
0x414f95,100%,0,112,112,112,0,0,0
0x4d5c54,100%,0,118,118,118,0,0,0
0x46d95c,100%,0,1,1,1,0,0,0
0x476922,100%,0,2,2,2,0,0,0
0x478076,100%,0,2,2,0,0,0,2
0x46d9b4,100%,0,1,1,0,0,0,1
0x47aa19,100%,0,305,305,305,0,0,0
0x47d221,100%,0,118,118,118,0,0,0
0x4d89f8,100%,0,114,114,0,0,0,114
0x476516,100%,0,4,4,0,0,0,4
0x4195eb,100%,0,1,1,0,0,0,1
0x4d9766,100%,0,159,159,0,0,0,159
0x4c58e7,100%,0,61769,61769,0,0,0,61769
0x419044,100%,0,153,153,153,0,0,0
0x47619e,100%,0,139,139,0,0,0,139
0x46c4aa,100%,0,1,1,1,0,0,0
0x4b90a9,100%,0,8064,8064,8064,0,0,0
0x4c5afd,100%,0,69413,69413,69413,0,0,0
0x418a04,100%,0,464,464,0,0,0,464
0x4b8b7b,100%,0,4895,4895,0,0,0,4895
0x5f06fa,100%,0,1,1,1,0,0,0
0x478ce9,100%,0,112,112,0,0,0,112
0x5ef1f8,100%,0,1,1,0,0,0,1
0x479baa,100%,0,5794,5794,0,0,0,5794
0x476158,100%,0,11838,11838,11838,0,0,0
0x4b8fec,100%,0,4032,4032,0,0,0,4032
0x478cf4,100%,0,112,112,0,0,0,112
0x5f2c43,100%,0,44,44,0,0,0,44
0x47807e,100%,0,2,2,2,0,0,0
0x4b9131,100%,0,4032,4032,0,0,0,4032
0x50fb99,100%,0,371,371,371,0,0,0
0x4b9568,100%,0,4032,4032,0,0,0,4032
0x476c68,100%,0,2,2,0,0,0,2
0x4d8a4c,100%,0,1,1,0,0,0,1
0x47a3fc,100%,0,1,1,0,0,0,1
0x478145,100%,0,2,2,0,0,0,2
0x401aa0,100%,0,1,1,1,0,0,0
0x4cd431,100%,0,47,47,0,0,0,47
0x4b9580,100%,0,3974,3974,3974,0,0,0
0x4bee73,100%,0,201334,201334,0,0,0,201334
0x4ba981,100%,0,4031,4031,4031,0,0,0
0x4d0b3d,100%,0,2,2,0,0,0,2
0x50f593,100%,0,4078,4078,4034,0,0,44
0x4b8eb9,100%,0,4032,4032,4032,0,0,0
0x4d8ff1,100%,0,159,159,0,0,0,159
0x5ef13a,100%,0,1,1,1,0,0,0
0x4cd4a3,100%,0,112,112,112,0,0,0
0x417e2b,100%,0,466,466,0,0,0,466
0x4d0831,100%,0,2,2,0,0,0,2
0x401895,100%,0,5792,5792,0,0,0,5792
0x478b29,100%,0,1,1,1,0,0,0
0x4cf853,100%,0,45,45,45,0,0,0
0x4be9ff,100%,0,11032,11032,0,0,0,11032
0x401d01,100%,0,1,1,1,0,0,0
0x4d58d1,100%,0,2,2,2,0,0,0
0x50fdf1,100%,0,17,17,0,0,0,17
0x4b8d89,100%,0,4895,4895,0,0,0,4895
0x476127,100%,0,448,448,0,0,0,448
0x47807a,100%,0,2,2,0,0,0,2
0x4d5839,100%,0,118,118,0,0,0,118
0x5f0a87,100%,0,2,2,1,0,0,1
0x5ef0c2,100%,0,1,1,0,0,0,1
0x4cc9af,100%,0,118,118,0,0,0,118
0x47d440,100%,0,118,118,118,0,0,0
0x5f0a76,100%,0,1,1,0,0,0,1
0x417e51,100%,0,466,466,0,0,0,466
0x4ccf1f,100%,0,112,112,112,0,0,0
0x419436,100%,0,459,459,0,0,0,459
0x5f2630,100%,0,44,44,0,0,0,44
0x47abc7,100%,0,159,159,159,0,0,0
0x4d064e,100%,0,119,119,119,0,0,0
0x419345,100%,0,306,306,0,0,0,306
0x46c79b,100%,0,112,112,0,0,0,112
0x4ccf04,100%,0,112,112,112,0,0,0
0x478c96,100%,0,112,112,112,0,0,0
0x47c984,100%,0,117,117,0,0,0,117
0x47661d,100%,0,1,1,0,0,0,1
0x4ba52f,100%,0,2456,2456,2456,0,0,0
0x47a1fb,100%,0,5793,5793,0,0,0,5793
0x4027f1,100%,0,112,112,112,0,0,0
0x47d9db,100%,0,6,6,0,0,0,6
0x418b72,100%,0,453,453,453,0,0,0
0x41934b,100%,0,306,306,306,0,0,0
0x41893c,100%,0,2,2,2,0,0,0
0x4d5803,100%,0,4,4,4,0,0,0
0x4c2342,100%,0,1,1,0,0,0,1
0x479aaf,100%,0,5794,5794,5794,0,0,0
0x46c8b7,100%,0,112,112,0,0,0,112
0x463c1b,100%,0,112,112,0,0,0,112
0x50fd0e,100%,0,86,86,86,0,0,0
0x4b8daf,100%,0,4895,4895,0,0,0,4895
0x476131,100%,0,448,448,0,0,0,448
0x5f06d7,100%,0,1,1,0,0,0,1
0x417f16,100%,0,466,466,0,0,0,466
0x5f25c7,100%,0,44,44,0,0,0,44
0x50afff,100%,0,80839,80839,80839,0,0,0
0x4ba502,100%,0,3616,3616,0,0,0,3616
0x4cce62,100%,0,112,112,0,0,0,112
0x417fa0,100%,0,466,466,0,0,0,466
0x4bb962,100%,0,104,104,104,0,0,0
0x46c530,100%,0,113,113,0,0,0,113
0x4d3754,100%,0,2,2,2,0,0,0
0x4c1cfc,100%,0,2066,2066,2066,0,0,0
0x4bf88f,100%,0,26,26,0,0,0,26
0x477f48,100%,0,2,2,0,0,0,2
