Branch PC,Accuracy,Mispredictions,Correct Predictions,Total,dir_t_pred_t,dir_t_pred_nt,dir_nt_pred_t,dir_nt_pred_nt
aggregate,98.3057%,401043,23268833,23669876,10675492,180578,220465,12593341
0x4bedf9,76.719%,84347,277952,362299,214629,23383,60964,63323
0x4c8761,93.8076%,11466,173696,185162,37642,3082,8384,136054
0x4c5c06,78.2801%,10348,37295,47643,25389,4339,6009,11906
0x50fc12,96.7133%,5918,174142,180060,633,5278,640,173509
0x418b3c,85.678%,4733,28314,33047,22949,1641,3092,5365
0x4bf7d5,97.6218%,4258,174787,179045,13,4202,56,174774
0x418a69,91.5226%,4228,45646,49874,44225,929,3299,1421
0x460104,93.9993%,3976,62283,66259,58973,769,3207,3310
0x4be97a,61.5196%,3915,6259,10174,2828,2082,1833,3431
0x4c5c31,76.8892%,3878,12902,16780,10597,1089,2789,2305
0x4600f2,94.2846%,3787,62472,66259,53144,906,2881,9328
0x4bd2f8,87.7496%,3338,23910,27248,541,3033,305,23369
0x60a1b6,84.3276%,3297,17740,21037,4640,1866,1431,13100
0x407405,78.4146%,3186,11574,14760,6182,1254,1932,5392
0x4bedd7,99.1483%,3112,362261,365373,0,3074,38,362261
0x4cc5de,98.9112%,2848,258734,261582,18506,1640,1208,240228
0x4c2680,84.7989%,2529,14108,16637,9902,855,1674,4206
0x4bf8b4,98.5901%,2524,176502,179026,175771,158,2366,731
0x4c6bb0,98.2452%,2327,130281,132608,198,2236,91,130083
0x4d89f3,90.7078%,2317,22618,24935,16534,1083,1234,6084
0x4d61ab,84.4263%,2275,12333,14608,5348,1284,991,6985
0x41a557,74.3813%,2236,6492,8728,2736,1209,1027,3756
0x407c1b,86.9365%,1846,12285,14131,12241,116,1730,44
0x475f65,96.5748%,1842,51936,53778,48628,628,1214,3308
0x4ba40c,84.0241%,1800,9467,11267,8565,209,1591,902
0x47700b,94.9623%,1770,33365,35135,16793,933,837,16572
0x50feb6,90.5717%,1758,16888,18646,7151,1341,417,9737
0x479c65,85.5054%,1735,10235,11970,949,1343,392,9286
0x4cc720,90.7072%,1674,16340,18014,6314,773,901,10026
0x4c9fcb,93.2301%,1630,22447,24077,8143,1251,379,14304
0x50fcd4,94.7445%,1621,29223,30844,171,1402,219,29052
0x5f04b5,85.3479%,1588,9250,10838,2304,908,680,6946
0x4ca08a,99.5383%,1535,330896,332431,183620,737,798,147276
0x46ff02,94.4507%,1473,25071,26544,13940,1050,423,11131
0x4b8dbd,89.7832%,1461,12839,14300,7288,776,685,5551
0x4cd45f,89.8804%,1447,12852,14299,8040,646,801,4812
0x46ffa3,94.8056%,1432,26136,27568,15459,571,861,10677
0x41a45f,79.3521%,1415,5438,6853,4339,444,971,1099
0x4cd289,99.4621%,1407,260175,261582,39736,771,636,220439
0x5ef06f,87.0384%,1404,9428,10832,1601,890,514,7827
0x4d62f0,91.0194%,1325,13429,14754,8926,518,807,4503
0x50fc1e,99.2455%,1314,172835,174149,172832,57,1257,3
0x4bf7d9,99.2907%,1240,173590,174830,173589,55,1185,1
0x4d7566,87.0397%,1239,8321,9560,1642,745,494,6679
0x4c39de,99.8373%,1230,754883,756113,2698,918,312,752185
0x4cfc07,91.5521%,1217,13189,14406,5172,697,520,8017
0x418b12,96.0108%,1209,29098,30307,1142,779,430,27956
0x477016,93.0783%,1205,16204,17409,9902,554,651,6302
0x47b38c,89.97%,1202,10782,11984,830,934,268,9952
0x418bc7,74.0632%,1149,3281,4430,923,655,494,2358
0x479190,87.6079%,1148,8116,9264,5375,383,765,2741
0x4cc5f3,99.5407%,1109,240327,241436,206169,486,623,34158
0x4d8a24,93.9206%,1071,16546,17617,13648,449,622,2898
0x428f7c,87.4147%,1070,7432,8502,3868,578,492,3564
0x4cc906,94.1388%,1057,16977,18034,5193,593,464,11784
0x50fcff,96.5443%,1053,29418,30471,29403,89,964,15
0x419006,96.1701%,1051,26391,27442,11430,508,543,14961
0x476206,96.5496%,1006,28150,29156,15530,445,561,12620
0x606824,86.0582%,1002,6185,7187,2659,507,495,3526
0x5f0a7e,73.523%,977,2713,3690,1510,452,525,1203
0x47aacd,96.2963%,950,24700,25650,11830,529,421,12870
0x4d8ed3,93.7209%,944,14090,15034,3180,520,424,10910
0x4195f8,69.3931%,928,2104,3032,1006,518,410,1098
0x4c9ecc,96.642%,903,25988,26891,13693,527,376,12295
0x428f58,90.0669%,891,8079,8970,3678,378,513,4401
0x4c6bb9,99.3301%,872,129302,130174,129260,22,850,42
0x5eefe5,93.0769%,862,11589,12451,1011,608,254,10578
0x4be9c1,81.726%,847,3788,4635,3763,84,763,25
0x47ac7e,91.8347%,834,9380,10214,2088,437,397,7292
0x4c64da,99.3134%,832,120345,121177,63458,383,449,56887
0x419aa8,53.3523%,821,939,1760,181,467,354,758
0x47abc7,93.3652%,820,11539,12359,9839,375,445,1700
0x4be9b3,85.3292%,811,4717,5528,262,631,180,4455
0x419ace,53.6952%,802,930,1732,460,387,415,470
0x60683a,88.9244%,796,6391,7187,2563,355,441,3828
0x47aa0d,96.9084%,786,24638,25424,9478,448,338,15160
0x4ca0c8,99.4712%,783,147291,148074,136759,262,521,10532
0x4c5c1f,95.6605%,766,16886,17652,279,593,173,16607
0x402047,88.5925%,757,5879,6636,3025,489,268,2854
0x5f052a,83.5938%,756,3852,4608,872,431,325,2980
0x5f0495,93.9973%,748,11713,12461,1147,476,272,10566
0x428f9b,91.3785%,733,7769,8502,3105,483,250,4664
0x50fcf7,78.4337%,727,2644,3371,1816,355,372,828
0x419b44,59.1801%,707,1025,1732,130,490,217,895
0x4761b1,84.0219%,700,3681,4381,1983,198,502,1698
0x5f06a5,89.399%,695,5861,6556,879,474,221,4982
0x50fe02,97.4991%,689,26861,27550,26849,46,643,12
0x4c4988,91.8183%,670,7519,8189,1872,599,71,5647
0x476d30,92.7525%,663,8485,9148,4525,303,360,3960
0x50f593,97.2469%,652,23030,23682,12927,329,323,10103
0x5f1d80,78.2492%,646,2324,2970,681,333,313,1643
0x4cbcb0,86.5247%,639,4103,4742,3068,299,340,1035
0x41b00a,62.3369%,635,1051,1686,486,377,258,565
0x4c9e62,97.7056%,617,26274,26891,13167,310,307,13107
0x4c02ce,80.0911%,612,2462,3074,394,435,177,2068
0x41b031,83.6942%,610,3131,3741,2673,245,365,458
0x4dab43,91.8438%,610,6869,7479,77,491,119,6792
0x50fb20,93.5324%,602,8706,9308,1773,304,298,6933
0x4d5830,94.4988%,574,9860,10434,2939,307,267,6921
0x4cb63f,92.4663%,559,6861,7420,3393,226,333,3468
0x4c4ccb,96.8495%,533,16385,16918,2634,314,219,13751
0x6067e7,92.952%,531,7003,7534,1518,331,200,5485
0x5ee959,83.6193%,525,2680,3205,166,368,157,2514
0x4ba510,91.889%,523,5925,6448,983,305,218,4942
0x50fdec,98.0989%,520,26832,27352,26820,92,428,12
0x48c6e2,94.5079%,519,8931,9450,5543,197,322,3388
0x4babeb,92.0171%,503,5798,6301,4281,207,296,1517
0x60a1c2,96.5453%,502,14029,14531,13515,173,329,514
0x4d5777,98.2245%,502,27771,28273,26967,109,393,804
0x4d89f8,93.1949%,498,6820,7318,1996,304,194,4824
0x4700d9,98.1205%,498,25998,26496,14791,183,315,11207
0x476f4a,93.6857%,497,7374,7871,3687,238,259,3687
0x5f0a87,71.412%,494,1234,1728,1146,167,327,88
0x4d0761,93.7555%,493,7402,7895,490,330,163,6912
0x4bdcfc,96.3593%,486,12863,13349,12611,99,387,252
0x4c7ef0,89.929%,482,4304,4786,4207,39,443,97
0x47d3f9,97.2637%,480,17062,17542,12447,161,319,4615
0x445d65,68.1511%,472,1010,1482,558,222,250,452
0x50fb1a,95.6802%,469,10388,10857,1231,318,151,9157
0x418e6b,79.2606%,460,1758,2218,1369,206,254,389
0x4d8eb3,97.2755%,449,16031,16480,1101,345,104,14930
0x4cb4c0,80.812%,449,1891,2340,1330,201,248,561
0x412145,94.6566%,445,7883,8328,7861,23,422,22
0x6067ec,93.8083%,445,6742,7187,6279,187,258,463
0x5f06dc,75.7324%,439,1370,1809,570,243,196,800
0x60a172,97.5722%,438,17603,18041,14647,184,254,2956
0x47aa7a,98.2942%,436,25124,25560,5489,236,200,19635
0x50fde6,98.4324%,435,27315,27750,17,381,54,27298
0x418b5c,94.8918%,432,8025,8457,7774,167,265,251
0x418c7c,84.9564%,431,2434,2865,412,234,197,2022
0x4c4d6e,96.5187%,425,11783,12208,8946,233,192,2837
0x4cd43d,97.0557%,421,13878,14299,12931,170,251,947
0x4b9426,95.645%,420,9224,9644,8294,154,266,930
0x4790c8,95.3612%,420,8634,9054,8205,164,256,429
0x4791db,72.8117%,410,1098,1508,568,227,183,530
0x5ee8c8,73.8312%,403,1137,1540,240,294,109,897
0x60a17c,97.7783%,403,17736,18139,16447,116,287,1289
0x47af30,96.0642%,402,9812,10214,7545,144,258,2267
0x4cbcea,93.9826%,401,6263,6664,19,367,34,6244
0x4d9118,89.8469%,398,3522,3920,238,294,104,3284
0x6068d8,93.5356%,392,5672,6064,1033,263,129,4639
0x41afe5,80.7521%,389,1632,2021,1616,70,319,16
0x4b93e3,95.9768%,388,9256,9644,5584,214,174,3672
0x5fabf2,97.8762%,387,17835,18222,13371,170,217,4464
0x47702b,97.777%,387,17022,17409,15657,115,272,1365
0x418c0d,86.5271%,386,2479,2865,76,226,160,2403
0x48c7c6,95.2889%,380,7686,8066,3254,197,183,4432
0x4d816c,64.5774%,373,680,1053,612,129,244,68
0x476006,97.8507%,370,16845,17215,6698,249,121,10147
0x4ba887,99.1278%,369,41940,42309,41878,13,356,62
0x4195eb,83.6781%,363,1861,2224,238,182,181,1623
0x606813,94.977%,361,6826,7187,6487,180,181,339
0x4c4407,97.1911%,359,12422,12781,10200,146,213,2222
0x4d8ee8,91.8623%,357,4030,4387,514,216,141,3516
0x4c4d5b,97.8823%,357,16501,16858,4423,227,130,12078
0x4c4e24,97.4875%,351,13619,13970,9859,164,187,3760
0x4cb3a1,97.9779%,347,16813,17160,14051,130,217,2762
0x479c1f,97.0648%,347,11475,11822,9790,145,202,1685
0x606902,92.8272%,342,4426,4768,4180,81,261,246
0x4d8fbe,98.6445%,338,24597,24935,20907,132,206,3690
0x417f89,98.8736%,338,29668,30006,986,297,41,28682
0x4c50c6,97.2484%,336,11875,12211,5413,286,50,6462
0x5f1eda,82.6562%,333,1587,1920,459,161,172,1128
0x48c8e1,95.3916%,333,6893,7226,2432,179,154,4461
0x418c07,78.9607%,332,1246,1578,1006,144,188,240
0x479314,73.0172%,330,893,1223,350,160,170,543
0x4d645b,93.0764%,327,4396,4723,1171,205,122,3225
0x50fce2,91.2927%,326,3418,3744,131,242,84,3287
0x417f93,98.8685%,325,28398,28723,25653,85,240,2745
0x4bac3a,80.9636%,324,1378,1702,664,145,179,714
0x4766bb,97.1484%,322,10970,11292,9570,149,173,1400
0x4b93f0,91.6537%,321,3525,3846,1704,197,124,1821
0x6067fc,95.5753%,318,6869,7187,6814,108,210,55
0x477f52,62.6919%,316,531,847,385,138,178,146
0x4d63d9,96.3266%,314,8234,8548,260,234,80,7974
0x478067,90.7484%,314,3080,3394,445,207,107,2635
0x4bb1ce,91.9184%,313,3560,3873,2274,162,151,1286
0x4b8d89,97.9224%,311,14658,14969,404,265,46,14254
0x4cc552,98.87%,307,26862,27169,2097,200,107,24765
0x5f1efa,76.4615%,306,994,1300,673,121,185,321
0x50fc56,87.5711%,306,2156,2462,2103,97,209,53
0x5fac08,93.4843%,305,4376,4681,3321,108,197,1055
0x60a1d1,98.4946%,304,19890,20194,49,187,117,19841
0x48d722,95.1507%,304,5965,6269,5909,20,284,56
0x4bf6d4,98.4109%,303,18764,19067,18752,57,246,12
0x4cbe7f,95.5353%,299,6398,6697,384,203,96,6014
0x4d61bf,96.2638%,298,7678,7976,7336,69,229,342
0x4cc600,99.1461%,297,34484,34781,33872,62,235,612
0x5ef191,81.7789%,295,1324,1619,1064,109,186,260
0x45718a,93.9344%,292,4522,4814,2738,115,177,1784
0x47c85c,92.3845%,290,3518,3808,1672,135,155,1846
0x4c230d,79.7611%,288,1135,1423,821,105,183,314
0x4d64d3,98.1218%,288,15046,15334,14237,93,195,809
0x443770,80.7018%,286,1196,1482,704,76,210,492
0x476199,99.1503%,285,33258,33543,29080,76,209,4178
0x476ea6,93.5249%,284,4102,4386,3398,86,198,704
0x4c5c18,98.4203%,283,17632,17915,9,254,29,17623
0x476601,92.2035%,282,3335,3617,2427,124,158,908
0x47b8b8,90.2056%,281,2588,2869,923,150,131,1665
0x477fad,91.2703%,279,2917,3196,1280,160,119,1637
0x4d5e08,91.5584%,273,2961,3234,1614,85,188,1347
0x4cf579,98.6778%,272,20299,20571,18607,117,155,1692
0x4bb1b2,96.4894%,270,7421,7691,3702,116,154,3719
0x4ba4e7,96.4172%,270,7266,7536,897,191,79,6369
0x4d8ee0,97.6266%,269,11065,11334,6811,136,133,4254
0x4bc125,83.9759%,266,1394,1660,803,129,137,591
0x4d58be,97.4505%,264,10091,10355,6843,121,143,3248
0x4bbd18,93.0085%,264,3512,3776,1255,123,141,2257
0x41afd0,88.87%,262,2092,2354,153,180,82,1939
0x4d64a8,98.2979%,261,15073,15334,13920,112,149,1153
0x5ee980,91.8565%,261,2944,3205,2934,53,208,10
0x46d169,86%,259,1591,1850,996,143,116,595
0x45714e,94.6406%,258,4556,4814,3709,81,177,847
0x4ac30a,77.8351%,258,906,1164,761,133,125,145
0x479ad8,97.6282%,253,10414,10667,9184,125,128,1230
0x4d6491,98.3892%,247,15087,15334,14130,73,174,957
0x5f06fa,95.1055%,246,4780,5026,4662,70,176,118
0x47600c,97.6139%,245,10023,10268,8045,135,110,1978
0x49cf89,89.8418%,244,2158,2402,1552,82,162,606
0x47b198,98.0097%,242,11917,12159,1436,137,105,10481
0x4572c3,84.9844%,241,1364,1605,404,163,78,960
0x4b9579,97.1333%,240,8132,8372,591,123,117,7541
0x47907c,97.7999%,237,10535,10772,1369,139,98,9166
0x4d63ae,97.5011%,236,9208,9444,597,174,62,8611
0x45737a,83.6692%,235,1204,1439,361,129,106,843
0x5eea0b,84.8052%,234,1306,1540,1257,129,105,49
0x4c5929,99.5114%,234,47657,47891,47259,73,161,398
0x5fac65,70.2668%,234,553,787,68,158,76,485
0x5ee9ce,92.7925%,231,2974,3205,15,177,54,2959
0x4c466b,99.8697%,231,177032,177263,1723,211,20,175309
0x419636,85.0394%,228,1296,1524,1122,106,122,174
0x47d3d4,98.706%,227,17315,17542,17221,42,185,94
0x47c5df,96.3525%,226,5970,6196,5795,67,159,175
0x4d5f70,98.5522%,222,15112,15334,14821,41,181,291
0x4c5c38,95.6812%,220,4874,5094,99,156,64,4775
0x4b9b6a,98.2885%,220,12634,12854,12605,24,196,29
0x41bb29,97.7406%,219,9474,9693,8848,142,77,626
0x4d8ff1,99.1291%,218,24813,25031,3347,137,81,21466
0x47ce2b,95.6416%,216,4740,4956,4637,50,166,103
0x4d9013,90.2606%,213,1974,2187,1566,113,100,408
0x48c6c4,97.3593%,213,7853,8066,1188,153,60,6665
0x4766f0,89.1892%,212,1749,1961,1261,87,125,488
0x4ca304,99.8725%,211,165309,165520,165209,78,133,100
0x4c4ce1,96.0435%,211,5122,5333,3732,96,115,1390
0x418936,99.3134%,209,30229,30438,30155,34,175,74
0x48c9a6,96.6516%,208,6004,6212,5015,110,98,989
0x4c4416,91.54%,206,2229,2435,1701,82,124,528
0x5f31a4,92.2642%,205,2445,2650,2157,68,137,288
0x46c2b9,95.7966%,205,4672,4877,4176,67,138,496
0x4d57e3,93.1267%,204,2764,2968,1907,80,124,857
0x4c584e,96.1899%,203,5125,5328,61,144,59,5064
0x476575,95.0234%,202,3857,4059,3551,66,136,306
0x477f29,96.0983%,200,4926,5126,4188,71,129,738
0x479acf,98.3292%,200,11770,11970,1173,130,70,10597
0x606918,88.9628%,199,1604,1803,1414,85,114,190
0x445db4,86.6397%,198,1284,1482,932,82,116,352
0x4d3138,96.5868%,198,5603,5801,5200,82,116,403
0x4c7d82,98.0441%,196,9825,10021,3533,94,102,6292
0x476ac7,95.7904%,196,4460,4656,1669,115,81,2791
0x4cd061,99.9025%,196,200928,201124,559,159,37,200369
0x4bd3e6,99.2368%,195,25355,25550,25352,21,174,3
0x50fac9,98.2728%,195,11095,11290,10799,58,137,296
0x46feb4,99.2654%,195,26349,26544,20294,52,143,6055
0x50fec1,98.0796%,195,9959,10154,1859,149,46,8100
0x608b6e,99.2515%,195,25858,26053,691,91,104,25167
0x4d6e33,85.9971%,191,1173,1364,792,83,108,381
0x4b9488,83.5079%,189,957,1146,574,76,113,383
0x4196a3,73.6034%,189,527,716,351,69,120,176
0x4b9f2e,93.8259%,188,2857,3045,794,84,104,2063
0x478f00,96.3462%,187,4931,5118,4070,83,104,861
0x476824,90.566%,185,1776,1961,1235,113,72,541
0x4d57d9,95.398%,185,3835,4020,928,124,61,2907
0x4d6300,96.5348%,184,5126,5310,797,120,64,4329
0x47c572,97.0465%,183,6013,6196,5984,74,109,29
0x4b8de2,97.0815%,182,6054,6236,4553,87,95,1501
0x458198,70.8333%,182,442,624,39,117,65,403
0x4d3169,96.8626%,182,5619,5801,3008,106,76,2611
0x4ca8cb,96.3498%,182,4804,4986,2212,97,85,2592
0x4d7510,98.1067%,181,9379,9560,1969,118,63,7410
0x4b98d4,98.2972%,180,10391,10571,10297,13,167,94
0x419607,88.13%,179,1329,1508,757,59,120,572
0x4b96a4,95.0648%,179,3448,3627,1939,95,84,1509
0x4d63ee,98.234%,179,9957,10136,9927,39,140,30
0x40224a,61.7521%,179,289,468,280,71,108,9
0x50fb99,91.2142%,178,1848,2026,1234,83,95,614
0x4d8154,62.1795%,177,291,468,48,108,69,243
0x478c91,96.6056%,176,5009,5185,3395,103,73,1614
0x4b96f9,95.1475%,176,3451,3627,1641,92,84,1810
0x4a7a6d,71.2887%,176,437,613,375,48,128,62
0x47b23e,98.5397%,175,11809,11984,518,112,63,11291
0x46ff45,99.3656%,175,27409,27584,22596,102,73,4813
0x46d62a,84.7234%,174,965,1139,212,102,72,753
0x47b906,94.0049%,172,2697,2869,2540,83,89,157
0x50b030,99.7011%,170,56713,56883,5,152,18,56708
0x4dadbb,90.2913%,170,1581,1751,1158,52,118,423
0x5f06ed,96.7661%,167,4997,5164,28,110,57,4969
0x477fa8,95.1305%,166,3243,3409,118,95,71,3125
0x50fd04,83.2482%,164,815,979,793,50,114,22
0x4bc161,82.4034%,164,768,932,692,116,48,76
0x478145,94.0919%,162,2580,2742,1006,117,45,1574
0x609928,95.1293%,162,3164,3326,2878,23,139,286
0x48c702,95.6334%,162,3548,3710,2672,53,109,876
0x401d01,94.5085%,162,2788,2950,2220,48,114,568
0x476e01,98.1341%,162,8520,8682,4470,85,77,4050
0x418972,99.4655%,162,30145,30307,25530,57,105,4615
0x5fabec,99.153%,161,18848,19009,680,107,54,18168
0x475fca,99.0648%,161,17054,17215,963,104,57,16091
0x4ac305,87.6911%,161,1147,1308,39,105,56,1108
0x4d5a25,96.012%,160,3852,4012,2217,74,86,1635
0x47006d,99.3962%,160,26337,26497,22102,53,107,4235
0x60a165,98.6411%,159,11542,11701,10822,39,120,720
0x478b1d,94.7855%,158,2872,3030,2168,54,104,704
0x5f0c64,87.9665%,158,1155,1313,1010,71,87,145
0x4bddbd,99.1434%,158,18288,18446,18286,17,141,2
0x48c9a1,98.0412%,158,7908,8066,1735,119,39,6173
0x4cf853,99.0568%,157,16488,16645,16345,24,133,143
0x5ef074,98.1297%,156,8185,8341,7383,35,121,802
0x5ef1f8,90.4262%,155,1464,1619,1307,38,117,157
0x4d0758,98.1928%,155,8422,8577,596,86,69,7826
0x4d5cbd,99.0168%,154,15509,15663,15301,33,121,208
0x48c981,96.6374%,153,4397,4550,993,106,47,3404
0x4d8ffa,99.2899%,153,21394,21547,19326,34,119,2068
0x4b959e,98.0151%,152,7506,7658,150,107,45,7356
0x4a2534,63.789%,151,266,417,54,106,45,212
0x4437d7,89.8785%,150,1332,1482,960,54,96,372
0x476bbd,96.5824%,150,4239,4389,4140,27,123,99
0x47b5d0,94.8066%,149,2720,2869,1414,82,67,1306
0x609759,96.6066%,147,4185,4332,3508,71,76,677
0x5f0510,96.9597%,147,4688,4835,116,111,36,4572
0x4c6e4e,98.0154%,147,7260,7407,4694,92,55,2566
0x4b945f,87.7926%,146,1050,1196,631,69,77,419
0x4c96ce,97.4368%,146,5550,5696,625,100,46,4925
0x476d41,96.8643%,146,4510,4656,326,110,36,4184
0x4d052f,98.1643%,145,7754,7899,5424,49,96,2330
0x47b4ea,98.5812%,145,10075,10220,1111,113,32,8964
0x5fa266,58.0175%,144,199,343,42,57,87,157
0x476da2,96.6114%,143,4077,4220,3858,52,91,219
0x4bb2db,96.3336%,142,3731,3873,264,95,47,3467
0x4d90a8,96.3226%,140,3667,3807,2358,70,70,1309
0x4c4e38,96.453%,140,3807,3947,3138,35,105,669
0x4ac923,84.0698%,137,723,860,130,72,65,593
0x5ef4fe,91.5998%,136,1483,1619,484,87,49,999
0x50feaa,99.276%,136,18649,18785,34,105,31,18615
0x5f0c78,89.7182%,135,1178,1313,626,75,60,552
0x5f1f0f,73.3202%,135,371,506,302,45,90,69
0x47668f,98.8058%,135,11170,11305,10423,47,88,747
0x4cb46c,98.803%,135,11143,11278,69,90,45,11074
0x465998,98.7209%,134,10342,10476,10342,58,76,0
0x412f44,97.7659%,134,5864,5998,5864,6,128,0
0x4d5847,98.1017%,134,6925,7059,5602,47,87,1323
0x49ca8b,94.4629%,133,2269,2402,1825,8,125,444
0x4a7aa2,78.3034%,133,480,613,174,79,54,306
0x46d1a0,88.3231%,133,1006,1139,369,94,39,637
0x477f3a,96.9007%,132,4127,4259,3361,48,84,766
0x4cb57a,98.3479%,132,7858,7990,7857,19,113,1
0x47a1c0,98.7863%,131,10662,10793,10417,49,82,245
0x4d8a4c,96.2784%,131,3389,3520,3335,59,72,54
0x46d63d,84.1212%,131,694,825,141,56,75,553
0x479e45,98.6464%,131,9547,9678,8477,24,107,1070
0x4210ae,85.6347%,129,769,898,439,57,72,330
0x4baaa5,98.0146%,128,6319,6447,1675,40,88,4644
0x46598d,98.8138%,126,10496,10622,50,96,30,10446
0x4d76c5,96.8506%,125,3844,3969,416,90,35,3428
0x4015a1,95.4244%,124,2586,2710,1911,66,58,675
0x5f06d7,97.6168%,124,5079,5203,3341,53,71,1738
0x419b51,92.9545%,124,1636,1760,1630,66,58,6
0x4cb570,98.5352%,123,8274,8397,306,101,22,7968
0x5f0837,84.9938%,122,691,813,512,67,55,179
0x5f1df2,88.4762%,121,929,1050,914,31,90,15
0x4d0e42,87.6782%,121,861,982,118,19,102,743
0x4bbd47,94.9917%,120,2276,2396,256,60,60,2020
0x4d63c0,98.0066%,120,5900,6020,5869,26,94,31
0x417fc1,99.6058%,120,30318,30438,27530,32,88,2788
0x4079ac,99.1542%,119,13950,14069,13950,34,85,0
0x4cb476,98.9388%,118,11001,11119,2289,51,67,8712
0x4572d5,88.7283%,117,921,1038,858,42,75,63
0x4ba395,99.0101%,117,11702,11819,11569,44,73,133
0x4c57d6,99.7581%,116,47832,47948,5353,49,67,42479
0x46526b,99.4786%,115,21943,22058,21942,25,90,1
0x417f16,99.6263%,114,30390,30504,403,95,19,29987
0x5f096d,93.4606%,113,1615,1728,1600,67,46,15
0x478afb,97.8206%,113,5072,5185,2956,74,39,2116
0x4ba3b8,71.608%,113,285,398,153,39,74,132
0x47b39e,98.8943%,113,10107,10220,2515,77,36,7592
0x4d5ab3,99.5073%,113,22824,22937,7193,81,32,15631
0x50afff,99.8017%,113,56881,56994,56881,2,111,0
0x417f3a,99.6234%,113,29893,30006,123,99,14,29770
0x4bc11c,95.3255%,112,2284,2396,2062,54,58,222
0x465256,53.1646%,111,126,237,0,61,50,126
0x5f1d93,94.3252%,111,1845,1956,1832,31,80,13
0x50fb5d,92.7828%,111,1427,1538,926,46,65,501
0x479c8c,98.8737%,109,9569,9678,9225,56,53,344
0x46c9d5,94.124%,109,1746,1855,1517,51,58,229
0x46d0c4,93.8776%,108,1656,1764,217,70,38,1439
0x4be64b,98.8821%,108,9553,9661,5,98,10,9548
0x47980d,97.9093%,107,5011,5118,628,61,46,4383
0x4c4439,83.589%,107,545,652,120,57,50,425
0x4d8f71,99.4628%,107,19810,19917,17593,24,83,2217
0x4bf7b0,99.444%,106,18959,19065,18801,17,89,158
0x48cb24,95.9403%,106,2505,2611,893,91,15,1612
0x4d76f0,97.3293%,106,3863,3969,2236,88,18,1627
0x4c4e8e,95.8707%,106,2461,2567,566,45,61,1895
0x4b9ca6,85.6753%,105,628,733,131,57,48,497
0x4d0831,97.5439%,105,4170,4275,0,0,105,4170
0x479089,98.8666%,105,9159,9264,8994,60,45,165
0x5f31d0,74.8804%,105,313,418,67,67,38,246
0x4cb64b,97.2639%,104,3697,3801,3458,39,65,239
0x4cbcf6,98.3434%,104,6174,6278,6166,54,50,8
0x465263,99.5348%,103,22040,22143,2,83,20,22038
0x4d619e,99.307%,103,14759,14862,174,80,23,14585
0x4d1063,74.8166%,103,306,409,194,46,57,112
0x41a520,97.9871%,103,5014,5117,0,84,19,5014
0x5f05b2,55.0661%,102,125,227,49,24,78,76
0x4adb91,81.7204%,102,456,558,326,48,54,130
0x4bbd7c,95.7429%,102,2294,2396,187,25,77,2107
0x418c92,95.4033%,102,2117,2219,903,58,44,1214
0x476f1f,97.6972%,101,4285,4386,381,59,42,3904
0x41a563,97.4398%,101,3844,3945,3681,14,87,163
0x48bbef,96.1872%,101,2548,2649,1650,39,62,898
0x46c841,94.5553%,101,1754,1855,1271,95,6,483
0x45734a,72.8261%,100,268,368,183,47,53,85
0x418f89,95.4914%,100,2118,2218,2118,36,64,0
0x47be60,93.5359%,100,1447,1547,47,69,31,1400
0x4ac92b,84.9544%,99,559,658,55,45,54,504
0x5f06b9,98.1165%,98,5105,5203,0,0,98,5105
0x4cf5b0,99.5236%,98,20473,20571,20373,20,78,100
0x609a08,94.5011%,97,1667,1764,925,53,44,742
0x50fc4e,96.6155%,97,2769,2866,354,50,47,2415
0x50fb28,98.6724%,96,7135,7231,132,63,33,7003
0x421013,98.5065%,96,6332,6428,63,48,48,6269
0x408da2,93.0786%,96,1291,1387,1291,20,76,0
0x46d0ba,95.8851%,96,2237,2333,502,67,29,1735
0x48cb3f,95.1679%,95,1871,1966,964,34,61,907
0x4a24c6,79.6574%,95,372,467,8,63,32,364
0x4d90de,96.0873%,95,2333,2428,453,71,24,1880
0x60974b,96.2934%,95,2468,2563,1875,32,63,593
0x4d10ec,85.9675%,95,582,677,229,39,56,353
0x418a04,99.6813%,95,29715,29810,1178,73,22,28537
0x46b156,92.0136%,94,1083,1177,34,43,51,1049
0x47aa76,99.6335%,94,25556,25650,23,67,27,25533
0x49f6fe,65.6934%,94,180,274,176,64,30,4
0x4b9e76,97.0707%,94,3115,3209,138,26,68,2977
0x47c860,95.3023%,94,1907,2001,1871,39,55,36
0x4be9ca,88.198%,93,695,788,566,50,43,129
0x4cbcbc,93.2364%,93,1282,1375,960,37,56,322
0x60a278,88.968%,93,750,843,47,55,38,703
0x4a23d1,73.3524%,93,256,349,224,54,39,32
0x608c9e,68.0412%,93,198,291,12,76,17,186
0x6098ad,95.767%,93,2104,2197,1945,33,60,159
0x4d65ec,99.5945%,93,22844,22937,21912,13,80,932
0x476727,95.3085%,92,1869,1961,1826,68,24,43
0x609a16,88.2952%,92,694,786,449,3,89,245
0x401652,87.5853%,91,642,733,509,13,78,133
0x50fe76,91.0714%,90,918,1008,362,48,42,556
0x4bee01,99.9284%,89,124198,124287,50,70,19,124148
0x5fac8e,90.2198%,89,821,910,332,17,72,489
0x4bdd04,97.4396%,89,3387,3476,1821,6,83,1566
0x4ba80d,99.7952%,88,42891,42979,41999,48,40,892
0x4a1192,79.7235%,88,346,434,316,66,22,30
0x4ac7ba,76.4706%,88,286,374,44,56,32,242
0x4571f6,95.5125%,88,1873,1961,263,59,29,1610
0x60b27a,84.9315%,88,496,584,62,32,56,434
0x4a200a,74.7851%,88,261,349,261,88,0,0
0x476530,97.8975%,87,4051,4138,4029,30,57,22
0x47bd53,94.3762%,87,1460,1547,170,42,45,1290
0x469919,90.2793%,87,808,895,612,17,70,196
0x5f0726,43.871%,87,68,155,33,24,63,35
0x4c9683,98.4726%,87,5609,5696,5609,87,0,0
0x45de02,72.1683%,86,223,309,0,0,86,223
0x476131,98.4648%,86,5516,5602,91,70,16,5425
0x41a678,98.8103%,86,7143,7229,330,46,40,6813
0x476922,93.685%,85,1261,1346,1186,40,45,75
0x4c4ee3,96.891%,85,2649,2734,2342,43,42,307
0x4bb042,89.4672%,85,722,807,618,35,50,104
0x4c6cb6,98.5077%,85,5611,5696,5515,57,28,96
0x48cad1,95.2835%,84,1697,1781,639,55,29,1058
0x4c7adc,97.3527%,84,3089,3173,1836,57,27,1253
0x4d630d,98.0879%,84,4309,4393,3081,19,65,1228
0x4c5a6a,99.8207%,84,46770,46854,46762,74,10,8
0x4cfc22,99.4169%,84,14322,14406,5816,53,31,8506
0x4bb83a,76.9231%,84,280,364,65,57,27,215
0x4b94a9,93.0602%,83,1113,1196,460,24,59,653
0x47697e,95.8121%,82,1876,1958,43,67,15,1833
0x4992a4,89.3229%,82,686,768,686,82,0,0
0x462da2,82.4034%,82,384,466,90,46,36,294
0x4d318d,98.5865%,82,5719,5801,2995,51,31,2724
0x48bbcb,97.2557%,82,2906,2988,283,56,26,2623
0x427a0e,69.9634%,82,191,273,11,37,45,180
0x4a72b5,74.7664%,81,240,321,46,49,32,194
0x4a72a3,82.9114%,81,393,474,78,38,43,315
0x49c909,96.6278%,81,2321,2402,0,0,81,2321
0x4c5c5b,99.8119%,81,42971,43052,42466,36,45,505
0x4adc06,58.3333%,80,112,192,48,44,36,64
0x4c6bd4,97.5639%,80,3204,3284,150,54,26,3054
0x4d0813,98.1287%,80,4195,4275,4192,62,18,3
0x476f1a,96.2019%,79,2001,2080,1125,53,26,876
0x50f601,97.029%,79,2580,2659,2580,79,0,0
0x47695b,94.1395%,79,1269,1348,182,52,27,1087
0x4c9ed8,99.3765%,79,12592,12671,421,36,43,12171
0x4d2de2,99.1433%,79,9142,9221,9100,63,16,42
0x60a376,84.2%,79,421,500,404,46,33,17
0x4c4e7e,98.392%,79,4834,4913,2315,31,48,2519
0x4bd359,97.7266%,78,3353,3431,3147,43,35,206
0x48cb0b,97.3478%,78,2863,2941,305,25,53,2558
0x421026,98.7652%,78,6239,6317,1315,37,41,4924
0x4d078c,98.9945%,78,7679,7757,7579,24,54,100
0x479c02,99.3484%,78,11892,11970,11778,44,34,114
0x4abeeb,46.5753%,78,68,146,17,63,15,51
0x40208c,97.7803%,78,3436,3514,3354,36,42,82
0x49e975,71.8978%,77,197,274,178,28,49,19
0x60a222,67.3729%,77,159,236,80,22,55,79
0x5ef0ce,95.244%,77,1542,1619,1007,41,36,535
0x467cbe,62.9268%,76,129,205,80,34,42,49
0x4ac918,91.8455%,76,856,932,10,62,14,846
0x4571ec,96.1244%,76,1885,1961,1798,2,74,87
0x4b9568,99.1004%,76,8372,8448,47,29,47,8325
0x4c4593,98.8761%,76,6686,6762,694,33,43,5992
0x4ca7d9,97.9079%,75,3510,3585,2041,46,29,1469
0x609731,98.3516%,75,4475,4550,3828,7,68,647
0x4c77ef,86.5832%,75,484,559,48,54,21,436
0x4c57c3,87.5622%,75,528,603,517,21,54,11
0x4d9092,98.348%,75,4465,4540,669,64,11,3796
0x4a618a,78.3862%,75,272,347,5,49,26,267
0x4a116f,86.4376%,75,478,553,17,66,9,461
0x4670fc,90.2344%,75,693,768,110,29,46,583
0x5fa270,69.2623%,75,169,244,94,73,2,75
0x49ef26,79.3388%,75,288,363,74,46,29,214
0x4d8a6c,97.8197%,74,3320,3394,3309,27,47,11
0x4a32ab,68.9076%,74,164,238,43,58,16,121
0x4adccb,80.2139%,74,300,374,62,44,30,238
0x47819d,90.1726%,74,679,753,38,31,43,641
0x408c29,76.6562%,74,243,317,100,40,34,143
0x46d706,77.9762%,74,262,336,83,14,60,179
0x4c4eaf,96.6039%,74,2105,2179,638,37,37,1467
0x41af5b,96.8564%,74,2280,2354,2229,36,38,51
0x45aab8,70.6349%,74,178,252,178,74,0,0
0x4c5985,99.8455%,74,47817,47891,212,29,45,47605
0x4bdca4,99.6072%,73,18513,18586,13313,36,37,5200
0x4a7a5c,89.0555%,73,594,667,0,54,19,594
0x4c456f,98.8433%,73,6238,6311,28,62,11,6210
0x479eac,94.4571%,73,1244,1317,1038,37,36,206
0x5fa256,80.0546%,73,293,366,1,22,51,292
0x4c9e66,99.4558%,73,13341,13414,61,51,22,13280
0x46d646,88.3758%,73,555,628,200,39,34,355
0x4d0e4b,91.3609%,73,772,845,343,66,7,429
0x49ce6d,96.7742%,73,2190,2263,1826,7,66,364
0x476874,94.5846%,73,1275,1348,1273,73,0,2
0x60903d,90%,72,648,720,606,26,46,42
0x4bac04,96.0287%,72,1741,1813,67,41,31,1674
0x4baf12,99.0638%,72,7619,7691,161,57,15,7458
0x4d634d,94.24%,72,1178,1250,8,62,10,1170
0x46d6cd,78.5714%,72,264,336,191,18,54,73
0x47afce,99.0766%,71,7618,7689,369,35,36,7249
0x4c6269,95.8912%,71,1657,1728,1657,71,0,0
0x46febf,98.8545%,71,6127,6198,912,44,27,5215
0x476752,96.3794%,71,1890,1961,1888,70,1,2
0x4bbab8,98.1363%,70,3686,3756,3513,43,27,173
0x4be9e1,98.5861%,70,4881,4951,261,42,28,4620
0x419ade,92.0904%,70,815,885,717,20,50,98
0x45dde6,77.3463%,70,239,309,239,70,0,0
0x4a6f8c,62.5668%,70,117,187,24,10,60,93
0x4c54f1,99.3852%,70,11316,11386,8415,43,27,2901
0x4cce6e,96.1089%,70,1729,1799,91,51,19,1638
0x47ba87,67.5926%,70,146,216,145,66,4,1
0x5f07d4,68.6364%,69,151,220,95,32,37,56
0x4189fd,99.7723%,69,30238,30307,445,52,17,29793
0x4ca756,98.0753%,69,3516,3585,2316,23,46,1200
0x46c9fb,95.5995%,69,1499,1568,34,42,27,1465
0x464977,67.1429%,69,141,210,0,52,17,141
0x476b41,98.518%,69,4587,4656,230,37,32,4357
0x47b1b7,99.4325%,69,12090,12159,11957,27,42,133
0x46c530,98.9404%,69,6443,6512,62,39,30,6381
0x4c519f,97.0149%,68,2210,2278,189,48,20,2021
0x4ba518,98.6822%,68,5092,5160,63,40,28,5029
0x609a2a,75.0916%,68,205,273,22,47,21,183
0x46c781,96.3342%,68,1787,1855,861,27,41,926
0x4d0e1b,93.0754%,68,914,982,699,46,22,215
0x4bd321,98.0477%,68,3415,3483,9,43,25,3406
0x45c284,85.1204%,68,389,457,364,24,44,25
0x47cbb2,98.6279%,68,4888,4956,2851,28,40,2037
0x4c5829,99.8582%,68,47880,47948,42588,25,43,5292
0x479072,99.3719%,68,10758,10826,27,27,41,10731
0x475ed5,99.6061%,67,16944,17011,16944,67,0,0
0x4b3418,60.5882%,67,103,170,0,0,67,103
0x4ca52d,99.9644%,67,187917,187984,184335,22,45,3582
0x48c543,97.0819%,67,2229,2296,301,38,29,1928
0x477f0f,98.7088%,67,5122,5189,36,27,40,5086
0x5f0b00,70.4846%,67,160,227,144,31,36,16
0x4d642e,99.339%,67,10069,10136,755,16,51,9314
0x4c260b,99.6033%,66,16571,16637,16571,45,21,0
0x48bc10,94.9192%,66,1233,1299,281,11,55,952
0x4b9585,90.7563%,66,648,714,73,30,36,575
0x5ee90a,65.625%,66,126,192,126,66,0,0
0x4a6219,65.2632%,66,124,190,74,62,4,50
0x4cfa32,94.411%,65,1098,1163,140,8,57,958
0x4cbe76,99.0352%,65,6672,6737,2,38,27,6670
0x45aaee,74.2063%,65,187,252,0,0,65,187
0x4bee38,99.9477%,65,124102,124167,121646,33,32,2456
0x408dad,79.4953%,65,252,317,252,65,0,0
0x4bdccf,98.7779%,64,5173,5237,2800,37,27,2373
0x5f1f24,59.7484%,64,95,159,52,19,45,43
0x5f070b,78.2313%,64,230,294,99,40,24,131
0x46d1c3,94.381%,64,1075,1139,0,0,64,1075
0x401fff,98.1951%,64,3482,3546,3,29,35,3479
0x4b9d3a,91.2688%,64,669,733,669,64,0,0
0x4cd169,94.0019%,64,1003,1067,1003,64,0,0
0x48cb7e,96.7447%,64,1902,1966,1290,24,40,612
0x5ee9c6,98.0343%,63,3142,3205,0,0,63,3142
0x4ca09e,99.9575%,63,148011,148074,148010,54,9,1
0x4c6e83,97.8484%,63,2865,2928,56,38,25,2809
0x4a3ba9,67.0213%,62,126,188,1,33,29,125
0x476488,99.5287%,62,13094,13156,532,37,25,12562
0x4c44ee,97.6015%,62,2523,2585,2523,62,0,0
0x4bc620,78.0919%,62,221,283,221,62,0,0
0x4adbb0,66.3043%,62,122,184,60,32,30,62
0x478115,97.7389%,62,2680,2742,2680,62,0,0
0x4cb4a0,99.3052%,61,8718,8779,7509,26,35,1209
0x4cc6a1,98.5545%,61,4159,4220,0,0,61,4159
0x417fa0,99.8%,61,30443,30504,21,45,16,30422
0x5f0936,95.4915%,61,1292,1353,196,31,30,1096
0x6097dd,97.3057%,61,2203,2264,1819,51,10,384
0x49ea37,77.7372%,61,213,274,164,44,17,49
0x5f0741,62.5767%,61,102,163,56,37,24,46
0x4c492b,90.687%,61,594,655,556,23,38,38
0x47c8bb,68.5567%,61,133,194,69,36,25,64
0x4d07d4,99.2136%,61,7696,7757,647,35,26,7049
0x4d6e1b,95.5279%,61,1303,1364,1287,44,17,16
0x48bcd9,88.6578%,60,469,529,469,60,0,0
0x4d0701,98.9724%,60,5779,5839,7,33,27,5772
0x40a696,99.0363%,60,6166,6226,5886,15,45,280
0x4ca12c,99.0616%,60,6334,6394,70,52,8,6264
0x49f4dd,77.9412%,60,212,272,212,26,34,0
0x4ac310,77.7778%,60,210,270,42,26,34,168
0x5f0c6e,74.1379%,60,172,232,161,44,16,11
0x478f29,93.7824%,60,905,965,26,12,48,879
0x4ba84d,99.8604%,60,42920,42980,646,25,35,42274
0x6068a7,96.755%,60,1789,1849,1,45,15,1788
0x478b61,98.0198%,60,2970,3030,1487,38,22,1483
0x48d4b0,82.6471%,59,281,340,281,56,3,0
0x401895,99.2842%,59,8183,8242,467,23,36,7716
0x479006,98.8472%,59,5059,5118,5044,24,35,15
0x479e6d,95.5201%,59,1258,1317,1258,59,0,0
0x4ac326,95.4893%,59,1249,1308,345,11,48,904
0x609828,94.5971%,59,1033,1092,528,7,52,505
0x5fa23f,83.8798%,59,307,366,0,0,59,307
0x4c6ab0,99.4797%,59,11281,11340,3456,50,9,7825
0x4a3e25,30.1205%,58,25,83,25,58,0,0
0x49eed7,75.8333%,58,182,240,85,35,23,97
0x48c27b,95.5453%,58,1244,1302,810,14,44,434
0x4c7b0b,95.9355%,58,1369,1427,282,50,8,1087
0x48bc1b,94.2403%,58,949,1007,427,51,7,522
0x50fe81,90.301%,58,540,598,119,31,27,421
0x48cbbe,95.586%,58,1256,1314,951,39,19,305
0x4dd38e,69.7917%,58,134,192,134,58,0,0
0x60afda,84.6154%,58,319,377,55,16,42,264
0x41a507,99.193%,58,7129,7187,2038,32,26,5091
0x418edf,97.4301%,57,2161,2218,2156,36,21,5
0x476589,87.1041%,57,385,442,154,35,22,231
0x4655a9,85.2713%,57,330,387,223,30,27,107
0x4c4d21,99.6631%,57,16861,16918,17,43,14,16844
0x4a24ab,87.7944%,57,410,467,383,50,7,27
0x46751f,72.1951%,57,148,205,100,14,43,48
0x4a24e4,85.6061%,57,339,396,333,13,44,6
0x60a592,80.0699%,57,229,286,223,24,33,6
0x479e14,99.4214%,56,9622,9678,18,41,15,9604
0x4d115e,86.3081%,56,353,409,167,33,23,186
0x4d04d9,99.2942%,56,7878,7934,7786,45,11,92
0x418a0e,99.8039%,56,28503,28559,25577,9,47,2926
0x4a7ad6,77.8656%,56,197,253,152,33,23,45
0x4a0856,70.5263%,56,134,190,122,32,24,12
0x4d0e39,94.2974%,56,926,982,0,0,56,926
0x4c7b00,99.53%,56,11860,11916,10466,23,33,1394
0x4d6e0d,95.8678%,55,1276,1331,815,20,35,461
0x48cb6b,96.6195%,55,1572,1627,654,5,50,918
0x49f110,58.6466%,55,78,133,78,55,0,0
0x4da9e9,99.2646%,55,7424,7479,108,42,13,7316
0x4a0a06,71.0526%,55,135,190,135,55,0,0
0x60ba5a,87.8319%,55,397,452,56,39,16,341
0x4a251b,86.8106%,55,362,417,361,22,33,1
0x47bdf8,74.5283%,54,158,212,31,19,35,127
0x47b153,99.5559%,54,12105,12159,12105,54,0,0
0x45822d,92.1626%,54,635,689,11,9,45,624
0x47b661,98.1178%,54,2815,2869,0,0,54,2815
0x4d58e4,95.2507%,54,1083,1137,841,41,13,242
0x4a2b73,80.5755%,54,224,278,220,18,36,4
0x4cc637,99.9794%,54,261528,261582,0,0,54,261528
0x5f0ce9,92.2967%,54,647,701,134,46,8,513
0x4d5cc6,83.5866%,54,275,329,210,50,4,65
0x45afad,88.0795%,54,399,453,399,54,0,0
0x48c9b9,98.1639%,54,2887,2941,1827,27,27,1060
0x4be5b4,99.4843%,53,10224,10277,593,23,30,9631
0x4c7a94,90.5188%,53,506,559,0,0,53,506
0x4b8e0d,96.6792%,53,1543,1596,1543,37,16,0
0x4198f1,17.1875%,53,11,64,2,0,53,9
0x4c6200,97.8868%,53,2455,2508,2455,53,0,0
0x50f4f9,98.2433%,53,2964,3017,20,27,26,2944
0x478c96,96.8583%,53,1634,1687,1634,53,0,0
0x45c2f1,86.3402%,53,335,388,76,16,37,259
0x45c273,89.0041%,53,429,482,416,41,12,13
0x4c228f,97.2251%,53,1857,1910,1408,15,38,449
0x4b0996,87.1359%,53,359,412,169,37,16,190
0x46ca04,96.4477%,53,1439,1492,0,0,53,1439
0x4ba981,99.1192%,53,5964,6017,5950,13,40,14
0x479b08,99.5656%,52,11918,11970,11810,12,40,108
0x469643,91.7329%,52,577,629,181,19,33,396
0x418b53,99.8426%,52,32995,33047,24578,12,40,8417
0x48bb72,84.6608%,52,287,339,0,0,52,287
0x4214b2,39.5349%,52,34,86,34,52,0,0
0x412f33,99.1548%,51,5983,6034,0,36,15,5983
0x48cd11,96.0373%,51,1236,1287,925,38,13,311
0x4b8bd8,99.6593%,51,14918,14969,14813,16,35,105
0x608b68,99.8065%,51,26311,26362,289,20,31,26022
0x5fac9a,99.6234%,51,13490,13541,13398,22,29,92
0x5eefc3,99.5904%,51,12400,12451,0,0,51,12400
0x49ef53,78.75%,51,189,240,149,25,26,40
0x47abcf,97.6224%,51,2094,2145,2071,9,42,23
0x4cebb6,96.2092%,50,1269,1319,1269,50,0,0
0x47da2b,98.2394%,50,2790,2840,2789,37,13,1
0x60686a,97.2958%,50,1799,1849,1798,49,1,1
0x5f2d68,98.3165%,50,2920,2970,0,0,50,2920
0x4c43f7,99.6103%,50,12779,12829,4,44,6,12775
0x4d583e,99.3043%,50,7137,7187,87,41,9,7050
0x498cb7,95.9481%,50,1184,1234,6,30,20,1178
0x476de7,98.8152%,50,4170,4220,54,39,11,4116
0x4cfc97,99.4143%,50,8487,8537,8477,25,25,10
0x4cab35,97.8346%,50,2259,2309,78,39,11,2181
0x469a6e,58.3333%,50,70,120,0,0,50,70
0x4643f5,87.0801%,50,337,387,313,46,4,24
0x478234,93.3599%,50,703,753,682,50,0,21
0x4cf8e4,99.6961%,50,16402,16452,56,42,8,16346
0x50fb33,99.2894%,50,6986,7036,6964,12,38,22
0x4c6bef,98.3766%,50,3030,3080,2953,23,27,77
0x49cb53,97.9184%,50,2352,2402,90,49,1,2262
0x4d256c,57.6271%,50,68,118,68,50,0,0
0x5f0c2b,96.1919%,50,1263,1313,0,0,50,1263
0x4bda9e,98.3954%,50,3066,3116,3066,50,0,0
0x4c02dd,97.7728%,50,2195,2245,0,10,40,2195
0x41a4f4,99.3083%,50,7179,7229,7167,20,30,12
0x4b94ea,92.9775%,50,662,712,647,21,29,15
0x4671cc,93.4896%,50,718,768,601,28,22,117
0x4b905a,99.746%,49,19239,19288,9619,25,24,9620
0x50fe07,92.5191%,49,606,655,2,2,47,604
0x47a1fb,99.5469%,49,10765,10814,33,32,17,10732
0x49efee,51%,49,51,100,39,44,5,12
0x5f1da1,47.3118%,49,44,93,11,47,2,33
0x49ea57,51%,49,51,100,50,0,49,1
0x49f3f5,82.1168%,49,225,274,33,39,10,192
0x4b99ba,91.9804%,49,562,611,562,49,0,0
0x418cf6,97.7908%,49,2169,2218,2169,49,0,0
0x427bbb,82.0513%,49,224,273,218,40,9,6
0x4d1a7b,84.1424%,49,260,309,6,30,19,254
0x4a7820,54.2056%,49,58,107,0,0,49,58
0x469932,92.2099%,49,580,629,580,49,0,0
0x49ce37,97.96%,49,2353,2402,2353,49,0,0
0x4c4d8c,98.3775%,49,2971,3020,2807,25,24,164
0x4a86d1,69.4268%,48,109,157,29,48,0,80
0x46c84c,90.184%,48,441,489,96,36,12,345
0x4d770e,98.7906%,48,3921,3969,3921,48,0,0
0x4c5c53,99.0081%,48,4791,4839,4791,48,0,0
0x50fc5b,81.6794%,48,214,262,92,20,28,122
0x4bedac,98.4995%,48,3151,3199,3142,13,35,9
0x408af0,84.858%,48,269,317,267,47,1,2
0x49cfff,82.4818%,48,226,274,50,22,26,176
0x49ecdc,82.8467%,47,227,274,13,21,26,214
0x402466,64.1221%,47,84,131,32,20,27,52
0x48be1d,94.6893%,47,838,885,337,21,26,501
0x4a7ab1,86.9444%,47,313,360,240,35,12,73
0x60aa9a,77.7251%,47,164,211,0,46,1,164
0x4a7a73,75.2632%,47,143,190,137,19,28,6
0x4cc33d,99.9863%,47,343169,343216,343152,35,12,17
0x4a087b,75.2632%,47,143,190,143,47,0,0
0x6099ad,96.1412%,47,1171,1218,1001,11,36,170
0x46d182,95.8736%,47,1092,1139,1092,47,0,0
0x4ba3d8,99.6023%,47,11772,11819,533,19,28,11239
0x47c940,97.3947%,47,1757,1804,1756,20,27,1
0x4d2597,61.0169%,46,72,118,72,46,0,0
0x419436,99.8324%,46,27396,27442,1,37,9,27395
0x4cc832,99.579%,46,10881,10927,10881,18,28,0
0x5ee92d,98.5647%,46,3159,3205,3159,37,9,0
0x4b95ba,82.1012%,46,211,257,105,30,16,106
0x4cc712,99.7449%,46,17988,18034,0,20,26,17988
0x5fa2fe,52.5773%,46,51,97,13,14,32,38
0x4a1177,90.2128%,46,424,470,0,36,10,424
0x46983b,89.2774%,46,383,429,320,14,32,63
0x49ed72,32.3529%,46,22,68,13,21,25,9
0x478cfa,97.2733%,46,1641,1687,100,17,29,1541
0x45b2fd,86.3501%,46,291,337,291,46,0,0
0x5ef09e,99.5753%,46,10786,10832,2481,10,36,8305
0x40205a,98.5266%,46,3076,3122,0,0,46,3076
0x4ad1bd,66.1765%,46,90,136,90,29,17,0
0x4d0570,99.4126%,46,7785,7831,7766,25,21,19
0x4d2702,61.8644%,45,73,118,73,45,0,0
0x4d58d1,79.3578%,45,173,218,120,9,36,53
0x47bebe,78.7736%,45,167,212,167,45,0,0
0x5f2c2a,99.5684%,45,10381,10426,0,0,45,10381
0x4d8f30,99.7007%,45,14989,15034,10583,21,24,4406
0x4c2360,96.8198%,45,1370,1415,1,32,13,1369
0x419621,97.0159%,45,1463,1508,1463,45,0,0
0x4c9e23,99.8327%,45,26846,26891,26846,45,0,0
0x479fb5,96.5831%,45,1272,1317,1124,32,13,148
0x46b0c1,96.1767%,45,1132,1177,1129,33,12,3
0x45fef5,99.3101%,45,6478,6523,3,37,8,6475
0x459cc6,71.6981%,45,114,159,97,32,13,17
0x408d0a,67.8571%,45,95,140,52,12,33,43
0x4a6178,87.0317%,45,302,347,299,14,31,3
0x47b940,79.1667%,45,171,216,171,45,0,0
0x464573,88.3721%,45,342,387,195,12,33,147
0x50f4f4,98.5085%,45,2972,3017,0,0,45,2972
0x4ce366,99.4395%,45,7983,8028,7983,45,0,0
0x4d091b,98.9474%,45,4230,4275,4230,45,0,0
0x60a7fa,79.8206%,45,178,223,33,29,16,145
0x47802f,98.6741%,45,3349,3394,3349,45,0,0
0x4baf23,99.4112%,44,7429,7473,6640,22,22,789
0x4be9ad,99.2096%,44,5523,5567,0,39,5,5523
0x4d2590,62.7119%,44,74,118,0,0,44,74
0x479eb6,81.8182%,44,198,242,57,24,20,141
0x4a7a53,93.8889%,44,676,720,23,30,14,653
0x40226f,87.4644%,44,307,351,307,44,0,0
0x4e2448,38.8889%,44,28,72,6,42,2,22
0x4d61fd,90.7368%,44,431,475,130,44,0,301
0x49cc14,92.2671%,44,525,569,525,44,0,0
0x49aead,21.4286%,44,12,56,0,0,44,12
0x45b06f,65.0794%,44,82,126,0,0,44,82
0x498d25,96.3696%,44,1168,1212,1168,44,0,0
0x4c54c1,99.9638%,44,121406,121450,0,0,44,121406
0x4c6bc5,98.6771%,44,3282,3326,0,42,2,3282
0x49e94c,86.25%,44,276,320,263,24,20,13
0x49f139,66.9173%,44,89,133,61,39,5,28
0x418fdf,98.0162%,44,2174,2218,0,3,41,2174
0x4a61aa,89.4484%,44,373,417,335,28,16,38
0x478605,88.6305%,44,343,387,343,44,0,0
0x47d16e,99.1106%,44,4903,4947,4655,23,21,248
0x48cdd1,87.0206%,44,295,339,295,41,3,0
0x45ac0a,82.7309%,43,206,249,195,41,2,11
0x4aca04,68.3824%,43,93,136,3,31,12,90
0x465276,81.8565%,43,194,237,141,21,22,53
0x4ceb84,96.74%,43,1276,1319,1276,43,0,0
0x47bb29,58.2524%,43,60,103,0,0,43,60
0x4a8901,38.5714%,43,27,70,0,0,43,27
0x4a6273,77.3684%,43,147,190,147,26,17,0
0x60a2c0,57.8431%,43,59,102,12,38,5,47
0x479e08,99.5557%,43,9635,9678,369,28,15,9266
0x4affbe,58.6538%,43,61,104,29,23,20,32
0x45c269,91.0788%,43,439,482,0,0,43,439
0x418b8d,99.8287%,43,25063,25106,24582,8,35,481
0x4d4023,69.5035%,43,98,141,92,43,0,6
0x418bf5,98.4923%,43,2809,2852,2809,43,0,0
0x41740d,67.9104%,43,91,134,53,35,8,38
0x48d979,87.2404%,43,294,337,294,43,0,0
0x50fa38,77.2487%,43,146,189,0,28,15,146
0x408c5d,75.7062%,43,134,177,82,18,25,52
0x465a0e,70.5479%,43,103,146,102,42,1,1
0x46d16f,94.0928%,42,669,711,669,42,0,0
0x50fc92,96.8935%,42,1310,1352,0,0,42,1310
0x4571fb,97.4375%,42,1597,1639,15,19,23,1582
0x428065,41.6667%,42,30,72,12,30,12,18
0x4671dd,69.7842%,42,97,139,0,0,42,97
0x4be006,59.2233%,42,61,103,55,34,8,6
0x60ae8a,57.1429%,42,56,98,36,21,21,20
0x4d0686,99.2844%,42,5827,5869,5698,11,31,129
0x47b59a,98.5361%,42,2827,2869,201,28,14,2626
0x5f0844,82.0513%,42,192,234,174,21,21,18
0x48d734,87.9656%,42,307,349,305,41,1,2
0x4da8dc,99.4518%,41,7438,7479,7438,41,0,0
0x4a6156,88.1844%,41,306,347,306,41,0,0
0x4d314f,99.2932%,41,5760,5801,5760,41,0,0
0x4bb47c,88.7363%,41,323,364,279,10,31,44
0x4766a1,99.6373%,41,11264,11305,2,11,30,11262
0x4bc35e,97.8745%,41,1888,1929,1888,41,0,0
0x4a79f7,61.6822%,41,66,107,35,19,22,31
0x4b2f82,39.7059%,41,27,68,14,20,21,13
0x4c7a75,92.6655%,41,518,559,81,21,20,437
0x45734f,96.0501%,41,997,1038,59,30,11,938
0x4b9bd6,81.6964%,41,183,224,11,9,32,172
0x4bc24b,66.9355%,41,83,124,48,29,12,35
0x4adc12,59%,41,59,100,59,41,0,0
0x4dad19,97.6585%,41,1710,1751,1710,41,0,0
0x4644cd,89.4057%,41,346,387,346,41,0,0
0x463368,57.2917%,41,55,96,19,17,24,36
0x42080d,76.8786%,40,133,173,122,10,30,11
0x4bd988,98.8124%,40,3328,3368,3105,14,26,223
0x40174a,94.543%,40,693,733,0,0,40,693
0x4c256d,99.5852%,40,9604,9644,9576,8,32,28
0x4b34d8,76.4706%,40,130,170,93,9,31,37
0x41ac53,63.964%,40,71,111,0,0,40,71
0x463c54,98.4102%,40,2476,2516,2213,30,10,263
0x4cb3d4,99.7669%,40,17120,17160,0,0,40,17120
0x45c2dd,89.6907%,40,348,388,0,0,40,348
0x41ada6,94.6879%,40,713,753,106,5,35,607
0x4b8a60,61.5385%,40,64,104,46,20,20,18
0x4c0311,98.2103%,40,2195,2235,2134,14,26,61
0x475fa6,99.7676%,40,17175,17215,17175,40,0,0
0x49e7db,85.4015%,40,234,274,205,3,37,29
0x47c88b,79.3814%,40,154,194,145,35,5,9
0x4d8a2b,98.8636%,40,3480,3520,3466,28,12,14
0x46991f,84.9624%,40,226,266,226,40,0,0
0x47a292,95.8774%,39,907,946,903,37,2,4
0x5ee997,82.1101%,39,179,218,0,0,39,179
0x4ac94f,93.0108%,39,519,558,0,0,39,519
0x4ada13,47.2973%,39,35,74,35,39,0,0
0x4d2fdb,97.4017%,39,1462,1501,1462,39,0,0
0x4a239e,90.6475%,39,378,417,371,12,27,7
0x47c5f3,88.3234%,39,295,334,295,39,0,0
0x5f0593,82.8194%,39,188,227,90,16,23,98
0x4a85a6,75.1592%,39,118,157,118,39,0,0
0x48ca02,97.8964%,39,1815,1854,1268,4,35,547
0x4a72e2,87.8505%,39,282,321,215,12,27,67
0x467c2e,57.1429%,39,52,91,52,39,0,0
0x4d568f,98.4049%,39,2406,2445,2406,39,0,0
0x4cb5ee,99.0076%,39,3891,3930,0,0,39,3891
0x4b9da1,98.8158%,38,3171,3209,3171,38,0,0
0x5f0698,99.2439%,38,4988,5026,0,0,38,4988
0x4a84fa,80.3109%,38,155,193,135,26,12,20
0x4d8e8a,99.7694%,38,16442,16480,16442,36,2,0
0x4c5157,99.3083%,38,5456,5494,9,13,25,5447
0x6099bb,81.5534%,38,168,206,0,0,38,168
0x4d63b7,99.5619%,38,8635,8673,2634,19,19,6001
0x41a682,99.4455%,38,6815,6853,6815,38,0,0
0x47b63e,98.6755%,38,2831,2869,2831,38,0,0
0x4d765e,99.6025%,38,9522,9560,9522,38,0,0
0x4d74e3,99.6025%,38,9522,9560,0,6,32,9522
0x46c43a,98.9771%,38,3677,3715,0,0,38,3677
0x4a1fed,91.2442%,38,396,434,390,27,11,6
0x407c43,99.7311%,38,14093,14131,14093,28,10,0
0x4cc57c,99.9828%,38,221066,221104,221066,38,0,0
0x41b056,98.1197%,38,1983,2021,1946,9,29,37
0x5ef1c3,91.4798%,38,408,446,401,11,27,7
0x4ca634,99.6691%,38,11445,11483,2361,20,18,9084
0x4a3fc9,54.2169%,38,45,83,26,24,14,19
0x4765e1,98.9494%,38,3579,3617,3579,38,0,0
0x408d74,97.3324%,37,1350,1387,1350,37,0,0
0x4df1f5,76.7296%,37,122,159,49,23,14,73
0x4996fe,93.9444%,37,574,611,572,21,16,2
0x4b9732,64.0777%,37,66,103,66,37,0,0
0x606939,19.5652%,37,9,46,0,0,37,9
0x4ba427,98.5158%,37,2456,2493,2454,22,15,2
0x401d28,98.7458%,37,2913,2950,251,21,16,2662
0x4a7bef,58.8889%,37,53,90,53,0,37,0
0x49e7ec,43.9394%,37,29,66,0,33,4,29
0x47ac5a,83.2579%,37,184,221,0,0,37,184
0x4ca848,94.6454%,37,654,691,278,18,19,376
0x47c3e7,82.8704%,37,179,216,179,37,0,0
0x4d7681,99.613%,37,9523,9560,9523,37,0,0
0x41ac7c,66.6667%,37,74,111,74,37,0,0
0x4c3d31,96.9622%,37,1181,1218,1181,37,0,0
0x4b8baa,99.7528%,37,14932,14969,14932,37,0,0
0x5f25b3,99.5305%,37,7844,7881,0,0,37,7844
0x4b8ea0,99.6163%,37,9607,9644,0,0,37,9607
0x47bb03,64.0777%,37,66,103,0,0,37,66
0x4d90b8,97.3169%,37,1342,1379,1267,16,21,75
0x4c4522,98.5687%,37,2548,2585,2548,37,0,0
0x49e969,43.9394%,37,29,66,14,19,18,15
0x4ca7f4,97.53%,37,1461,1498,1091,12,25,370
0x476e94,99.167%,37,4405,4442,24,32,5,4381
0x4ac32f,96.1134%,37,915,952,4,30,7,911
0x49f006,63%,37,63,100,46,37,0,17
0x4b2fee,45.5882%,37,31,68,0,34,3,31
0x4bc1ff,98.2464%,37,2073,2110,158,23,14,1915
0x4da9f2,99.4952%,37,7292,7329,0,11,26,7292
0x4c4e9e,93.9444%,37,574,611,369,19,18,205
0x476137,99.32%,37,5404,5441,5363,14,23,41
0x427a1f,83.5556%,37,188,225,12,3,34,176
0x5ef1e3,97.7146%,37,1582,1619,0,0,37,1582
0x606859,99.1567%,36,4233,4269,0,0,36,4233
0x48d651,99.4257%,36,6233,6269,6220,33,3,13
0x47a3fc,96.1702%,36,904,940,112,32,4,792
0x4da8d7,99.5187%,36,7443,7479,0,0,36,7443
0x4c4cd0,99.7423%,36,13934,13970,13934,36,0,0
0x4e0b11,50%,36,36,72,0,0,36,36
0x477f1f,99.2977%,36,5090,5126,0,0,36,5090
0x60a4e2,64.7059%,36,66,102,30,9,27,36
0x49f414,82.1782%,36,166,202,134,0,36,32
0x4d62e1,99.7577%,36,14823,14859,76,29,7,14747
0x4b9ff0,95.8998%,36,842,878,807,14,22,35
0x4dcd8c,89.916%,36,321,357,0,0,36,321
0x467253,95.3125%,36,732,768,577,16,20,155
0x470057,99.8642%,36,26476,26512,0,15,21,26476
0x47707b,99.8714%,36,27955,27991,0,0,36,27955
0x401847,99.5634%,36,8210,8246,8185,27,9,25
0x459431,93.6953%,36,535,571,535,36,0,0
0x476059,99.7669%,36,15411,15447,15411,36,0,0
0x46568e,90.6977%,36,351,387,143,36,0,208
0x402509,91.7808%,36,402,438,402,36,0,0
0x418eae,97.7143%,36,1539,1575,1536,22,14,3
0x5f1ea7,98.126%,36,1885,1921,0,0,36,1885
0x498c95,97.0297%,36,1176,1212,0,0,36,1176
0x478b92,98.3209%,36,2108,2144,2,1,35,2106
0x4bace2,99.5319%,36,7655,7691,0,0,36,7655
0x4d5c54,99.5051%,36,7238,7274,7051,8,28,187
0x60abea,75.6757%,36,112,148,24,15,21,88
0x466d2c,92.668%,36,455,491,221,28,8,234
0x4c3a08,99.9952%,36,756077,756113,0,0,36,756077
0x4cb6e7,99.039%,36,3710,3746,3710,36,0,0
0x4a2abb,56.6265%,36,47,83,47,36,0,0
0x4573f8,68.4211%,36,78,114,48,15,21,30
0x41d359,99.2632%,36,4850,4886,4850,20,16,0
0x50fb8e,98.2667%,36,2041,2077,26,25,11,2015
0x4abe76,58.1395%,36,50,86,0,20,16,50
0x4a3bb1,77.2727%,35,119,154,119,1,34,0
0x464ece,62.766%,35,59,94,0,0,35,59
0x45b1ea,92.2222%,35,415,450,43,20,15,372
0x4172d1,73.8806%,35,99,134,0,0,35,99
0x47a1cc,87.6761%,35,249,284,0,8,27,249
0x4cc719,99.8057%,35,17979,18014,0,0,35,17979
0x4d314a,99.3967%,35,5766,5801,0,0,35,5766
0x4b8c34,75%,35,105,140,86,30,5,19
0x41893c,85.9438%,35,214,249,115,16,19,99
0x476c8a,84.2342%,35,187,222,40,29,6,147
0x4b988d,66.0194%,35,68,103,68,35,0,0
0x469c74,70.8333%,35,85,120,0,0,35,85
0x4bac1a,97.9472%,35,1670,1705,1624,14,21,46
0x47904d,99.6767%,35,10791,10826,0,0,35,10791
0x47b61a,97.6604%,35,1461,1496,1461,35,0,0
0x4c3c24,97.1637%,35,1199,1234,1199,8,27,0
0x4da95d,99.532%,35,7444,7479,51,27,8,7393
0x50fbd9,95.0635%,35,674,709,674,10,25,0
0x4780cf,98.7151%,35,2689,2724,2688,22,13,1
0x45b59a,99.5304%,35,7418,7453,7408,24,11,10
0x4a86c5,77.707%,35,122,157,122,35,0,0
0x47ab38,99.7203%,35,12480,12515,12480,35,0,0
0x46d140,96.9271%,35,1104,1139,0,0,35,1104
0x4c2330,92.9577%,35,462,497,459,30,5,3
0x459c9d,79.0123%,34,128,162,99,30,4,29
0x49bb34,5.55556%,34,2,36,2,34,0,0
0x49efb3,59.0361%,34,49,83,0,0,34,49
0x4210bc,91.5423%,34,368,402,25,6,28,343
0x4d6e82,96.1143%,34,841,875,0,4,30,841
0x4ac96b,93.9068%,34,524,558,25,15,19,499
0x459df2,77.3333%,34,116,150,3,12,22,113
0x498bb5,97.2756%,34,1214,1248,1210,24,10,4
0x4c1d43,98.4787%,34,2201,2235,0,0,34,2201
0x609aa6,46.875%,34,30,64,20,1,33,10
0x4c5861,99.3372%,34,5096,5130,4865,31,3,231
0x5ee898,77.9221%,34,120,154,120,34,0,0
0x4b3539,50%,34,34,68,32,2,32,2
0x467784,44.2623%,34,27,61,0,0,34,27
0x47b263,80.5714%,34,141,175,65,11,23,76
0x427a34,83.8095%,34,176,210,123,21,13,53
0x4210c4,90.8356%,34,337,371,329,14,20,8
0x462cb0,5.55556%,34,2,36,2,34,0,0
0x4d17b0,88.9968%,34,275,309,0,0,34,275
0x49ecab,66%,34,66,100,23,11,23,43
0x49c8a5,95.5729%,34,734,768,115,24,10,619
0x4d8b55,93.7385%,34,509,543,1,18,16,508
0x4c651a,99.7002%,34,11306,11340,11306,34,0,0
0x60999c,78.2051%,34,122,156,25,0,34,97
0x4cb65b,92.3423%,34,410,444,0,0,34,410
0x49aecc,39.2857%,34,22,56,19,34,0,3
0x4cd509,96.8135%,34,1033,1067,1033,34,0,0
0x4cc596,99.9846%,34,221070,221104,13,16,18,221057
0x4e2668,64.2105%,34,61,95,40,22,12,21
0x4a23ed,52.1127%,34,37,71,11,6,28,26
0x47a08a,79.5031%,33,128,161,0,0,33,128
0x4be7ce,99.6755%,33,10137,10170,10135,23,10,2
0x4cd1bd,96.9072%,33,1034,1067,0,0,33,1034
0x50fd73,89.3204%,33,276,309,1,15,18,275
0x4cb3f9,98.5081%,33,2179,2212,2179,33,0,0
0x4d1fad,87.9121%,33,240,273,240,18,15,0
0x41b1d4,73.8095%,33,93,126,0,0,33,93
0x4a7313,78.4314%,33,120,153,91,25,8,29
0x47baae,84.7222%,33,183,216,104,1,32,79
0x41af76,62.9213%,33,56,89,56,33,0,0
0x45b065,85.4626%,33,194,227,86,15,18,108
0x4bb361,90.9341%,33,331,364,331,33,0,0
0x4a2b5f,60.241%,33,50,83,48,2,31,2
0x5fa289,57.1429%,33,44,77,0,2,31,44
0x4cf86d,88.0435%,33,243,276,0,0,33,243
0x50fc40,96.6429%,33,950,983,533,25,8,417
0x5114de,99.9825%,33,188080,188113,188080,33,0,0
0x4657a4,84.1346%,33,175,208,175,33,0,0
0x4d3082,97.8015%,33,1468,1501,1468,33,0,0
0x47abdc,49.2308%,33,32,65,31,30,3,1
0x4ba502,99.4882%,33,6415,6448,0,0,33,6415
0x49f680,83.6634%,33,169,202,0,0,33,169
0x4b3980,67.6471%,33,69,102,69,33,0,0
0x4214e7,61.6279%,33,53,86,34,33,0,19
0x4bdd44,97.8994%,33,1538,1571,978,14,19,560
0x4b3a57,67.6471%,33,69,102,69,33,0,0
0x5f078d,76.259%,33,106,139,52,13,20,54
0x4d050f,99.5841%,33,7901,7934,22,13,20,7879
0x4c7d71,99.0902%,33,3594,3627,0,0,33,3594
0x49cf95,95.7031%,33,735,768,121,18,15,614
0x4b8a17,68.2692%,33,71,104,46,6,27,25
0x4cfb06,99.8147%,33,17775,17808,17707,3,30,68
0x60b36e,42.1053%,33,24,57,24,33,0,0
0x4b8fec,99.6578%,33,9611,9644,0,0,33,9611
0x47d2e5,99.3329%,33,4914,4947,4909,11,22,5
0x50fc7e,97.5877%,33,1335,1368,3,13,20,1332
0x50fa46,82.5397%,33,156,189,155,15,18,1
0x4bd3ba,98.1513%,33,1752,1785,0,0,33,1752
0x4a8451,82.9016%,33,160,193,0,0,33,160
0x4cf582,98.2133%,33,1814,1847,1814,33,0,0
0x4c499a,99.6401%,33,9135,9168,295,12,21,8840
0x4c9601,74.1935%,32,92,124,92,32,0,0
0x4b64e2,52.9412%,32,36,68,29,5,27,7
0x479fa6,60.4938%,32,49,81,44,25,7,5
0x4ba4f3,99.5037%,32,6416,6448,0,0,32,6416
0x4a4309,13.5135%,32,5,37,0,0,32,5
0x41bb1f,99.6699%,32,9661,9693,0,0,32,9661
0x4d78c1,99.5947%,32,7864,7896,7864,32,0,0
0x60af7e,54.9296%,32,39,71,39,32,0,0
0x4adbca,83.3333%,32,160,192,160,32,0,0
0x4caaed,98.6141%,32,2277,2309,2277,32,0,0
0x47a749,76.1194%,32,102,134,102,32,0,0
0x4be704,99.3796%,32,5126,5158,237,11,21,4889
0x47b935,86.9919%,32,214,246,0,30,2,214
0x4ca138,99.4898%,32,6240,6272,6209,11,21,31
0x470326,93.1624%,32,436,468,0,0,32,436
0x4a2489,93.1478%,32,435,467,435,32,0,0
0x60ad3a,81.7143%,32,143,175,30,15,17,113
0x5f07d6,65.5914%,32,61,93,18,21,11,43
0x46c2f9,95.0233%,32,611,643,611,23,9,0
0x4d1e07,87.5969%,32,226,258,226,32,0,0
0x4a62ba,83.1579%,32,158,190,158,32,0,0
0x4d404b,77.305%,32,109,141,0,0,32,109
0x4a3fd2,3.0303%,32,1,33,1,32,0,0
0x49ed13,52.9412%,32,36,68,33,1,31,3
0x459cb9,80.2469%,32,130,162,1,2,30,129
0x47807e,98.8253%,32,2692,2724,2692,32,0,0
0x465677,91.7313%,32,355,387,166,13,19,189
0x402062,98.975%,32,3090,3122,3090,20,12,0
0x42102e,99.3555%,32,4933,4965,0,0,32,4933
0x4cc72b,99.7071%,32,10895,10927,10895,32,0,0
0x476526,99.2267%,32,4106,4138,0,0,32,4106
0x60a94a,83.3333%,32,160,192,28,15,17,132
0x48c837,99.0727%,32,3419,3451,0,0,32,3419
0x4d10f0,92.4205%,31,378,409,378,31,0,0
0x477db9,97.9497%,31,1481,1512,0,0,31,1481
0x5f0b2a,54.4118%,31,37,68,8,20,11,29
0x60b90a,81.0976%,31,133,164,18,25,6,115
0x4bb032,96.2149%,31,788,819,0,12,19,788
0x4c3e99,97.51%,31,1214,1245,10,17,14,1204
0x4c457c,99.5017%,31,6190,6221,0,0,31,6190
0x4a7334,79.7386%,31,122,153,93,23,8,29
0x49c8cc,95.9635%,31,737,768,0,0,31,737
0x463ab5,96.0759%,31,759,790,0,0,31,759
0x46761c,49.1803%,31,30,61,30,31,0,0
0x4a3df0,53.7313%,31,36,67,0,0,31,36
0x49a44b,13.8889%,31,5,36,5,31,0,0
0x60addc,55.0725%,31,38,69,21,14,17,17
0x5f31ba,92.7059%,31,394,425,3,4,27,391
0x4d8b96,75.3968%,31,95,126,20,10,21,75
0x4a61ce,82.0809%,31,142,173,0,0,31,142
0x41bbc3,95.5903%,31,672,703,0,0,31,672
0x457167,99.356%,31,4783,4814,4783,31,0,0
0x4696e2,84.5%,31,169,200,19,3,28,150
0x49e988,54.4118%,31,37,68,6,28,3,31
0x50fb69,94.523%,31,535,566,71,7,24,464
0x4aca0f,77.2059%,31,105,136,79,23,8,26
0x4079ba,99.7797%,31,14038,14069,14038,21,10,0
0x4bbdc7,98.5806%,31,2153,2184,2153,31,0,0
0x460065,99.525%,31,6495,6526,8,1,30,6487
0x49e8a0,85.0962%,31,177,208,161,13,18,16
0x41adae,95.1713%,31,611,642,611,31,0,0
0x5f2d5e,98.9562%,31,2939,2970,0,0,31,2939
0x4ca5f9,99.7387%,30,11453,11483,11453,30,0,0
0x4d912b,99.1145%,30,3358,3388,3358,30,0,0
0x4c64b0,99.9752%,30,121147,121177,0,0,30,121147
0x479645,95.2381%,30,600,630,579,6,24,21
0x4c593e,94.5455%,30,520,550,518,30,0,2
0x45fea2,99.5401%,30,6493,6523,7,18,12,6486
0x4b9c5b,99.7661%,30,12797,12827,12797,13,17,0
0x47916d,99.6687%,30,9024,9054,9024,30,0,0
0x4baffb,65.1163%,30,56,86,54,20,10,2
0x459727,70.5882%,30,72,102,72,30,0,0
0x4cf5e5,83.1461%,30,148,178,140,29,1,8
0x40743c,99.7967%,30,14730,14760,14730,7,23,0
0x4c7a83,93.4354%,30,427,457,205,9,21,222
0x4ac9f8,82.3529%,30,140,170,13,21,9,127
0x4699bc,65.9091%,30,58,88,0,0,30,58
0x4ac982,94.2085%,30,488,518,478,6,24,10
0x46d198,97.3661%,30,1109,1139,0,0,30,1109
0x4c7f70,89.5833%,30,258,288,258,30,0,0
0x4cf5a3,99.8542%,30,20541,20571,0,0,30,20541
0x4d7947,99.6201%,30,7866,7896,7778,15,15,88
0x47c4f4,99.5158%,30,6166,6196,6166,30,0,0
0x5f0cf6,95.7204%,30,671,701,665,1,29,6
0x49d29f,55.8824%,30,38,68,20,14,16,18
0x4a32b9,78.8321%,29,108,137,94,27,2,14
0x49a2dc,19.4444%,29,7,36,0,0,29,7
0x4196ac,90.2027%,29,267,296,267,29,0,0
0x4a7b21,72.8972%,29,78,107,0,17,12,78
0x4a89e0,58.5714%,29,41,70,22,14,15,19
0x4570d0,97.2407%,29,1022,1051,594,1,28,428
0x47a0ca,81.9876%,29,132,161,132,29,0,0
0x479b0f,80.4054%,29,119,148,119,15,14,0
0x4764f3,99.2992%,29,4109,4138,4109,29,0,0
0x4781d5,96.1487%,29,724,753,713,19,10,11
0x4b3b47,71.5686%,29,73,102,8,26,3,65
0x4d644e,99.386%,29,4694,4723,0,0,29,4694
0x49d021,57.3529%,29,39,68,39,29,0,0
0x4bd312,99.1886%,29,3545,3574,64,27,2,3481
0x46d6ba,87.8661%,29,210,239,0,0,29,210
0x4996e8,95.3895%,29,600,629,0,18,11,600
0x458ad6,46.2963%,29,25,54,5,7,22,20
0x4ccaf9,93.2401%,29,400,429,0,0,29,400
0x4bdd0e,98.2414%,29,1620,1649,60,18,11,1560
0x4b8b7b,99.8063%,29,14940,14969,0,0,29,14940
0x5f2d37,99.0236%,29,2941,2970,2941,29,0,0
0x479cd5,80%,29,116,145,110,11,18,6
0x47a1c7,91.6667%,29,319,348,38,26,3,281
0x50fae3,93.0622%,29,389,418,8,21,8,381
0x478475,91.0769%,29,296,325,63,19,10,233
0x4a7020,14.7059%,29,5,34,0,0,29,5
0x4d079e,81.1688%,29,125,154,0,0,29,125
0x41a451,99.5988%,29,7200,7229,363,13,16,6837
0x4a73a8,81.0458%,29,124,153,106,10,19,18
0x408c09,90.6452%,29,281,310,0,0,29,281
0x45aaf8,88.4921%,29,223,252,223,29,0,0
0x4a6242,84.7368%,29,161,190,0,0,29,161
0x5f04c7,99.6197%,29,7597,7626,7597,29,0,0
0x4b362a,71.5686%,29,73,102,58,10,19,15
0x4be574,95.2922%,29,587,616,581,4,25,6
0x4c237b,96.875%,28,868,896,35,16,12,833
0x499298,96.3542%,28,740,768,0,0,28,740
0x4a8836,72%,28,72,100,60,7,21,12
0x49ca99,95.0791%,28,541,569,0,0,28,541
0x4ce2ae,99.9864%,28,205261,205289,205261,28,0,0
0x4baf43,96.5475%,28,783,811,767,9,19,16
0x428f82,99.3097%,28,4028,4056,4028,28,0,0
0x4b9054,99.8548%,28,19260,19288,0,0,28,19260
0x609ed6,77.6%,28,97,125,18,9,19,79
0x47bc5d,88.4298%,28,214,242,5,25,3,209
0x47b3e2,99.726%,28,10192,10220,0,0,28,10192
0x4bb909,61.1111%,28,44,72,44,28,0,0
0x47a0ad,82.6087%,28,133,161,0,0,28,133
0x4bc1cc,98.6767%,28,2088,2116,0,0,28,2088
0x4d631d,97.8345%,28,1265,1293,0,17,11,1265
0x49ec1a,72%,28,72,100,32,18,10,40
0x46ca53,63.1579%,28,48,76,0,0,28,48
0x48c12a,94.1423%,28,450,478,450,28,0,0
0x4bbacc,84.9462%,28,158,186,56,18,10,102
0x4bafec,96.8645%,28,865,893,804,3,25,61
0x46e965,96.9957%,28,904,932,0,0,28,904
0x4a7ba4,68.8889%,28,62,90,46,7,21,16
0x5f25c7,99.6447%,28,7853,7881,0,0,28,7853
0x4a7b13,48.1481%,28,26,54,17,0,28,9
0x49942f,96.3542%,28,740,768,740,28,0,0
0x609d26,50%,28,28,56,4,0,28,24
0x414f89,98.4401%,28,1767,1795,0,0,28,1767
0x4d263d,76.2712%,28,90,118,89,20,8,1
0x4a469b,24.3243%,28,9,37,9,28,0,0
0x4a7b3c,73.8318%,28,79,107,79,28,0,0
0x4a84a6,85.4922%,28,165,193,76,18,10,89
0x4b3152,58.8235%,28,40,68,19,15,13,21
0x475fd4,99.8266%,28,16120,16148,16120,28,0,0
0x479b97,99.7661%,28,11942,11970,0,0,28,11942
0x4cb612,99.2886%,28,3908,3936,0,13,15,3908
0x476b84,99.362%,28,4361,4389,4361,28,0,0
0x4dca3e,99.5914%,28,6825,6853,0,0,28,6825
0x47cbd7,99.0274%,28,2851,2879,15,24,4,2836
0x4b08ef,93.2039%,28,384,412,34,0,28,350
0x4bea6b,73.3333%,28,77,105,75,28,0,2
0x47bd07,98.19%,28,1519,1547,1519,28,0,0
0x457484,30.7692%,27,12,39,12,27,0,0
0x4d5747,99.9045%,27,28246,28273,0,0,27,28246
0x469c18,77.5%,27,93,120,10,2,25,83
0x4d751b,99.6387%,27,7446,7473,0,0,27,7446
0x4c7aab,95.1699%,27,532,559,528,19,8,4
0x5f2dee,99.0909%,27,2943,2970,2943,27,0,0
0x47ccdd,30.7692%,27,12,39,12,27,0,0
0x4cab42,98.7682%,27,2165,2192,98,21,6,2067
0x4d7c39,95.1439%,27,529,556,448,21,6,81
0x4c3ebe,97.7833%,27,1191,1218,1092,19,8,99
0x458cc0,6.89655%,27,2,29,2,27,0,0
0x4b9b79,88%,27,198,225,51,14,13,147
0x464f05,71.2766%,27,67,94,3,6,21,64
0x4adaea,95.1613%,27,531,558,531,27,0,0
0x4ca314,88.412%,27,206,233,94,27,0,112
0x4d6337,97.884%,27,1249,1276,0,17,10,1249
0x4deaee,0%,27,0,27,0,0,27,0
0x4c5503,99.0779%,27,2901,2928,2901,27,0,0
0x49f517,20.5882%,27,7,34,7,27,0,0
0x4a39d3,20.5882%,27,7,34,0,0,27,7
0x48c7c1,99.6653%,27,8039,8066,0,0,27,8039
0x4a72a8,92.4581%,27,331,358,18,19,8,313
0x4196ce,98.786%,27,2197,2224,2197,27,0,0
0x4784f6,91.6923%,27,298,325,298,27,0,0
0x4d096c,99.3684%,27,4248,4275,4248,27,0,0
0x45b710,96.9799%,27,867,894,0,0,27,867
0x40288a,98.8679%,27,2358,2385,0,6,21,2358
0x4cd4f2,97.4695%,27,1040,1067,1040,27,0,0
0x4bc233,78.2258%,27,97,124,0,0,27,97
0x421b08,97.8365%,27,1221,1248,0,0,27,1221
0x4a3070,18.1818%,27,6,33,0,0,27,6
0x60a79e,56.4516%,27,35,62,35,27,0,0
0x45b1bd,94%,27,423,450,423,27,0,0
0x4765d3,99.2535%,27,3590,3617,0,0,27,3590
0x49ec66,46%,27,23,50,23,27,0,0
0x467548,57.377%,26,35,61,0,0,26,35
0x60b51a,48%,26,24,50,9,17,9,15
0x4b3639,23.5294%,26,8,34,8,26,0,0
0x478aa9,99.4986%,26,5159,5185,5148,18,8,11
0x45938a,95.5631%,26,560,586,554,17,9,6
0x4df1fd,70.1149%,26,61,87,61,23,3,0
0x49b9e3,27.7778%,26,10,36,10,26,0,0
0x4b9f3d,98.8002%,26,2141,2167,2141,26,0,0
0x6098bd,88.1279%,26,193,219,0,0,26,193
0x4ca086,99.9922%,26,332405,332431,0,0,26,332405
0x49e9e6,23.5294%,26,8,34,8,26,0,0
0x4994c7,95.8665%,26,603,629,368,5,21,235
0x4192ce,39.5349%,26,17,43,17,26,0,0
0x4d5e00,99.199%,26,3220,3246,0,12,14,3220
0x464e9f,87.619%,26,184,210,95,21,5,89
0x4a2686,21.2121%,26,7,33,7,26,0,0
0x401fb3,99.2668%,26,3520,3546,3520,26,0,0
0x469ca3,78.3333%,26,94,120,0,0,26,94
0x4d06d9,13.3333%,26,4,30,4,26,0,0
0x4d63f8,84.7059%,26,144,170,0,0,26,144
0x4d970c,99.8764%,26,21013,21039,21013,26,0,0
0x49aef2,50.9434%,26,27,53,27,9,17,0
0x4ca559,99.2832%,26,3601,3627,3601,26,0,0
0x49eb49,74%,26,74,100,48,2,24,26
0x408acb,91.7981%,26,291,317,290,24,2,1
0x4a8922,62.8571%,26,44,70,16,20,6,28
0x458cbc,10.3448%,26,3,29,0,0,26,3
0x46496e,93.0108%,26,346,372,159,3,23,187
0x408aa1,91.7981%,26,291,317,1,6,20,290
0x4ca852,97.6513%,26,1081,1107,986,17,9,95
0x4a8ad2,23.5294%,26,8,34,8,26,0,0
0x4b23bf,23.5294%,26,8,34,2,15,11,6
0x417e3a,99.9148%,26,30478,30504,0,0,26,30478
0x40289c,98.9071%,26,2353,2379,2228,12,14,125
0x479cbd,93.4509%,26,371,397,233,16,10,138
0x445b06,94.4444%,26,442,468,0,0,26,442
0x4d8b48,97.4283%,26,985,1011,449,19,7,536
0x420d3c,52.7273%,26,29,55,29,26,0,0
0x41c685,80.7407%,26,109,135,98,23,3,11
0x477060,99.9071%,26,27965,27991,27965,26,0,0
0x46c4aa,99.3001%,26,3689,3715,3689,20,6,0
0x418e77,95.9565%,26,617,643,617,26,0,0
0x46cf19,94.7581%,26,470,496,0,0,26,470
0x4ccb10,93.9394%,26,403,429,0,0,26,403
0x419157,39.5349%,26,17,43,0,0,26,17
0x406fa6,98.8749%,26,2285,2311,2285,15,11,0
0x4acbe6,49.0196%,26,25,51,3,14,12,22
0x4df205,65.3333%,26,49,75,12,15,11,37
0x4b15a1,75%,26,78,104,0,0,26,78
0x4214cd,70.9302%,25,61,86,0,0,25,61
0x4c6cc7,79.8387%,25,99,124,42,7,18,57
0x420ceb,54.5455%,25,30,55,30,25,0,0
0x49e6eb,26.4706%,25,9,34,0,0,25,9
0x4ac84c,50%,25,25,50,25,25,0,0
0x476de2,92.4471%,25,306,331,1,20,5,305
0x49a75f,30.5556%,25,11,36,11,25,0,0
0x4ca813,96.3821%,25,666,691,240,2,23,426
0x4a7855,76.6355%,25,82,107,44,9,16,38
0x5fa313,64.2857%,25,45,70,2,17,8,43
0x47aa99,72.2222%,25,65,90,65,25,0,0
0x4b8b01,75.9615%,25,79,104,44,8,17,35
0x47db28,99.1154%,25,2801,2826,2801,25,0,0
0x4d2565,78.8136%,25,93,118,0,0,25,93
0x49a46c,30.5556%,25,11,36,11,25,0,0
0x4cba6f,46.8085%,25,22,47,22,25,0,0
0x420921,98.0206%,25,1238,1263,0,0,25,1238
0x4e2c9d,7.40741%,25,2,27,2,25,0,0
0x5f0ccc,96.4337%,25,676,701,0,0,25,676
0x4d1047,81.7518%,25,112,137,0,0,25,112
0x469a5b,79.1667%,25,95,120,0,0,25,95
0x476648,99.7789%,25,11280,11305,11280,25,0,0
0x4e2b22,65.2778%,25,47,72,0,13,12,47
0x4d5c8e,99.8404%,25,15638,15663,15637,6,19,1
0x4b0476,26.4706%,25,9,34,0,0,25,9
0x4e2be1,65.2778%,25,47,72,47,25,0,0
0x49d018,87.6238%,25,177,202,111,23,2,66
0x48de7f,92.6254%,25,314,339,314,25,0,0
0x4c4eaa,99.0107%,25,2502,2527,330,18,7,2172
0x4b99fe,96.5894%,25,708,733,0,0,25,708
0x512382,68.75%,25,55,80,0,0,25,55
0x4b43ec,26.4706%,25,9,34,0,0,25,9
0x420cd8,77.2727%,25,85,110,35,20,5,50
0x47b274,74.7475%,25,74,99,60,16,9,14
0x4bda8d,99.1985%,25,3094,3119,0,3,22,3094
0x473b09,94.6121%,25,439,464,439,25,0,0
0x477e3a,84.0764%,25,132,157,132,25,0,0
0x4c2592,77.6786%,25,87,112,45,7,18,42
0x41b15f,98.763%,25,1996,2021,1996,25,0,0
0x5ee9a1,88.5321%,25,193,218,0,0,25,193
0x4a28d1,69.8795%,25,58,83,58,25,0,0
0x45718f,98.7251%,25,1936,1961,1936,25,0,0
0x4c38f2,99.9958%,25,600521,600546,0,0,25,600521
0x5f0559,99.2436%,25,3280,3305,3280,25,0,0
0x46d868,97.8051%,25,1114,1139,0,0,25,1114
0x41af6d,73.0337%,24,65,89,0,0,24,65
0x417426,47.8261%,24,22,46,22,24,0,0
0x4bb8fa,80.3279%,24,98,122,28,22,2,70
0x45da37,11.1111%,24,3,27,3,24,0,0
0x464b8f,59.322%,24,35,59,35,9,15,0
0x4cb4d7,99.6098%,24,6126,6150,6126,24,0,0
0x4e069b,66.6667%,24,48,72,12,9,15,36
0x49a19b,33.3333%,24,12,36,12,24,0,0
0x4d76f7,98.541%,24,1621,1645,1621,24,0,0
0x49c2ab,33.3333%,24,12,36,12,24,0,0
0x4bf7ee,99.5556%,24,5377,5401,5374,0,24,3
0x463b17,96.9582%,24,765,789,757,23,1,8
0x4cd1b0,97.7507%,24,1043,1067,0,0,24,1043
0x463966,96.9582%,24,765,789,765,24,0,0
0x4ac7df,76%,24,76,100,27,23,1,49
0x4d29e0,79.661%,24,94,118,0,0,24,94
0x457c6a,42.8571%,24,18,42,18,24,0,0
0x49b8bf,33.3333%,24,12,36,1,16,8,11
0x4d2580,79.661%,24,94,118,0,0,24,94
0x41b30c,80.9524%,24,102,126,101,20,4,1
0x4a7517,84.3137%,24,129,153,129,24,0,0
0x49efa6,81.9549%,24,109,133,30,20,4,79
0x499765,33.3333%,24,12,36,12,24,0,0
0x4a707a,29.4118%,24,10,34,10,24,0,0
0x4cf56f,99.8833%,24,20547,20571,0,0,24,20547
0x4ca84d,98.3979%,24,1474,1498,386,5,19,1088
0x4db26b,99.8827%,24,20443,20467,0,0,24,20443
0x5eefd5,99.8072%,24,12427,12451,0,0,24,12427
0x60b3ca,72.7273%,24,64,88,48,9,15,16
0x49843b,72.093%,24,62,86,2,19,5,60
0x4d7526,99.749%,24,9536,9560,9536,24,0,0
0x476fc9,99.9317%,24,35111,35135,35111,24,0,0
0x4d1c9e,91.2088%,24,249,273,6,9,15,243
0x46776c,60.6557%,24,37,61,29,2,22,8
0x414f95,98.663%,24,1771,1795,1771,24,0,0
0x4d1197,94.4186%,24,406,430,406,24,0,0
0x4a2548,27.2727%,24,9,33,9,24,0,0
0x476172,99.9285%,24,33527,33551,0,0,24,33527
0x48b900,42.8571%,24,18,42,18,24,0,0
0x45a7fb,70.3704%,24,57,81,57,24,0,0
0x4da998,99.6791%,24,7455,7479,0,12,12,7455
0x408c3d,86.4407%,24,153,177,153,24,0,0
0x4bacf7,99.6879%,24,7667,7691,7667,24,0,0
0x463b97,99.0461%,24,2492,2516,2219,21,3,273
0x4d7c29,95.6835%,24,532,556,0,0,24,532
0x4d5716,99.0184%,24,2421,2445,0,0,24,2421
0x4c8925,91.6667%,24,264,288,263,12,12,1
0x467134,96.875%,24,744,768,0,0,24,744
0x4adbee,87.5%,24,168,192,168,7,17,0
0x47a6c4,99.9072%,24,25847,25871,0,0,24,25847
0x47aff1,14.2857%,24,4,28,4,24,0,0
0x45b040,90.2542%,23,213,236,126,20,3,87
0x4c4152,97.9464%,23,1097,1120,0,17,6,1097
0x60a2c6,55.7692%,23,29,52,15,12,11,14
0x4a72c0,88.9952%,23,186,209,127,15,8,59
0x4d3754,99.218%,23,2918,2941,2910,15,8,8
0x4df13c,4.16667%,23,1,24,1,23,0,0
0x4a399a,89.6396%,23,199,222,178,10,13,21
0x5eefb9,99.8153%,23,12428,12451,0,0,23,12428
0x5f30dc,99.135%,23,2636,2659,0,0,23,2636
0x41b1e9,81.746%,23,103,126,0,0,23,103
0x457eec,4.16667%,23,1,24,0,0,23,1
0x5ef0a3,99.7243%,23,8318,8341,7413,5,18,905
0x4d04c4,99.7101%,23,7911,7934,7911,23,0,0
0x4d1df7,91.5751%,23,250,273,0,15,8,250
0x4a73b1,37.8378%,23,14,37,1,16,7,13
0x5eefcd,99.8153%,23,12428,12451,0,0,23,12428
0x47bf15,89.1509%,23,189,212,189,23,0,0
0x4bb962,67.1429%,23,47,70,47,23,0,0
0x49ad18,36.1111%,23,13,36,13,23,0,0
0x412230,94.8198%,23,421,444,0,0,23,421
0x4ac974,95.5598%,23,495,518,0,0,23,495
0x421005,99.6422%,23,6405,6428,0,0,23,6405
0x4a629b,87.8947%,23,167,190,160,13,10,7
0x4761b6,98.9545%,23,2177,2200,2177,23,0,0
0x47bfba,99.1231%,23,2600,2623,2600,23,0,0
0x465981,89.9563%,23,206,229,3,4,19,203
0x4bb2c6,99.4061%,23,3850,3873,3850,23,0,0
0x47af39,99.0891%,23,2502,2525,0,8,15,2502
0x479c3a,98.7811%,23,1864,1887,1864,23,0,0
0x4cc73a,99.7895%,23,10904,10927,10904,14,9,0
0x47da24,99.1901%,23,2817,2840,0,0,23,2817
0x46ca63,69.7368%,23,53,76,53,23,0,0
0x49c24d,36.1111%,23,13,36,13,23,0,0
0x45b1f9,94.0568%,23,364,387,43,12,11,321
0x4bb84a,90.4959%,23,219,242,19,7,16,200
0x413261,42.5%,23,17,40,0,7,16,17
0x4a6f9d,84.9673%,23,130,153,0,0,23,130
0x46012c,99.6474%,23,6500,6523,6481,17,6,19
0x478d60,80.3419%,23,94,117,0,0,23,94
0x49c198,36.1111%,23,13,36,5,12,11,8
0x4b0b77,65.1515%,23,43,66,15,18,5,28
0x4ce0a7,97.5532%,23,917,940,917,23,0,0
0x5dd8df,59.6491%,23,34,57,1,8,15,33
0x415018,94.6387%,23,406,429,0,0,23,406
0x46c615,62.9032%,23,39,62,25,23,0,14
0x46ce49,95.3629%,23,473,496,459,13,10,14
0x4bee58,99.0818%,23,2482,2505,3,14,9,2479
0x5f0b0a,55.7692%,23,29,52,2,10,13,27
0x4d1c29,36.1111%,23,13,36,0,0,23,13
0x4a7238,84.9673%,23,130,153,108,8,15,22
0x4d7bb1,51.0638%,23,24,47,7,21,2,17
0x4d3248,99.6035%,23,5778,5801,5778,23,0,0
0x476516,99.4442%,23,4115,4138,0,0,23,4115
0x47a3c8,97.6744%,22,924,946,0,6,16,924
0x609c26,47.619%,22,20,42,13,7,15,7
0x47bea2,98.4626%,22,1409,1431,1320,15,7,89
0x4ca67d,99.7583%,22,9080,9102,0,0,22,9080
0x4a5234,59.2593%,22,32,54,0,0,22,32
0x47bcb7,98.5779%,22,1525,1547,0,0,22,1525
0x457478,43.5897%,22,17,39,17,22,0,0
0x50fc64,85.3333%,22,128,150,19,20,2,109
0x4c231b,95.5734%,22,475,497,0,0,22,475
0x49c728,78.6408%,22,81,103,26,8,14,55
0x4c45c8,97.2973%,22,792,814,716,15,7,76
0x40187d,99.7332%,22,8224,8246,0,4,18,8224
0x4639b7,97.2117%,22,767,789,767,22,0,0
0x47b659,99.2332%,22,2847,2869,0,0,22,2847
0x46ada4,98%,22,1078,1100,0,0,22,1078
0x47b680,99.2332%,22,2847,2869,2847,22,0,0
0x609720,91.5709%,22,239,261,189,9,13,50
0x47bd69,98.3521%,22,1313,1335,0,0,22,1313
0x4a88f7,68.5714%,22,48,70,0,0,22,48
0x459d97,85.3333%,22,128,150,128,22,0,0
0x479e90,98.3295%,22,1295,1317,1295,22,0,0
0x420a86,98.2581%,22,1241,1263,0,0,22,1241
0x48d6ea,99.6482%,22,6231,6253,6231,22,0,0
0x50fe11,96.6206%,22,629,651,628,10,12,1
0x465639,81.5126%,22,97,119,4,2,20,93
0x5deec1,56.8627%,22,29,51,0,3,19,29
0x4184ec,62.069%,22,36,58,36,5,17,0
0x4b16cb,31.25%,22,10,32,10,22,0,0
0x4e2c23,70.6667%,22,53,75,50,22,0,3
0x4adba1,88.0435%,22,162,184,60,8,14,102
0x45b299,33.3333%,22,11,33,0,0,22,11
0x4570c6,97.9068%,22,1029,1051,879,9,13,150
0x418de6,96.5944%,22,624,646,0,0,22,624
0x4e05dd,69.4444%,22,50,72,0,0,22,50
0x46c539,99.6568%,22,6389,6411,6389,22,0,0
0x46c328,96.53%,22,612,634,0,0,22,612
0x4c4658,99.9876%,22,177241,177263,0,0,22,177241
0x4df6f7,69.4444%,22,50,72,48,15,7,2
0x4c4598,99.6355%,22,6013,6035,5933,15,7,80
0x45b339,92.3077%,22,264,286,0,20,2,264
0x4cc870,99.8779%,22,17992,18014,0,0,22,17992
0x4b99ac,99.7898%,22,10446,10468,10446,22,0,0
0x6097fb,92.7869%,22,283,305,250,18,4,33
0x49c22a,38.8889%,22,14,36,14,22,0,0
0x4d902e,95.6693%,22,486,508,486,22,0,0
0x4bb2f8,99.5247%,22,4607,4629,4607,22,0,0
0x4a7bf7,40.5405%,22,15,37,15,22,0,0
0x47933a,98.5411%,22,1486,1508,0,0,22,1486
0x50f7da,93.0599%,22,295,317,295,8,14,0
0x4d7995,45%,22,18,40,18,21,1,0
0x45c27b,12%,22,3,25,3,22,0,0
0x4b08dc,94.6602%,22,390,412,0,0,22,390
0x4a3f9f,73.494%,22,61,83,61,22,0,0
0x47c0c5,90.4762%,22,209,231,0,0,22,209
0x4a79e7,79.4393%,22,85,107,0,0,22,85
0x4ca175,90.1345%,22,201,223,37,12,10,164
0x4d0799,85.7143%,22,132,154,0,0,22,132
0x467409,76.9231%,21,70,91,70,21,0,0
0x4e299b,66.6667%,21,42,63,42,21,0,0
0x4b9bf8,89.7059%,21,183,204,0,0,21,183
0x4700d0,99.9207%,21,26476,26497,0,16,5,26476
0x4c4858,99.7198%,21,7473,7494,7473,21,0,0
0x4d61f0,95.5789%,21,454,475,0,0,21,454
0x4c2371,98.4805%,21,1361,1382,476,10,11,885
0x4c40c5,98.3133%,21,1224,1245,0,0,21,1224
0x4d6610,97.9249%,21,991,1012,991,21,0,0
0x4a8707,86.6242%,21,136,157,0,0,21,136
0x401d2c,99.2158%,21,2657,2678,2657,21,0,0
0x401eee,41.6667%,21,15,36,11,19,2,4
0x476182,99.9374%,21,33530,33551,0,0,21,33530
0x4acce2,38.2353%,21,13,34,13,4,17,0
0x6099db,94.8148%,21,384,405,331,16,5,53
0x4deacd,22.2222%,21,6,27,6,21,0,0
0x4df31c,72%,21,54,75,1,2,19,53
0x4698f6,96.6614%,21,608,629,0,0,21,608
0x4a8402,89.1192%,21,172,193,19,17,4,153
0x4d7b8f,55.3191%,21,26,47,26,21,0,0
0x4dc1a6,78.3505%,21,76,97,75,21,0,1
0x4ad64a,38.2353%,21,13,34,13,21,0,0
0x467216,84.8921%,21,118,139,117,8,13,1
0x4be5c0,99.7826%,21,9640,9661,9637,16,5,3
0x5f317a,99.2102%,21,2638,2659,0,0,21,2638
0x4cc4cc,99.926%,21,28340,28361,28340,21,0,0
0x477089,99.925%,21,27970,27991,27970,9,12,0
0x49cc91,99.1257%,21,2381,2402,133,6,15,2248
0x49ef42,82.5%,21,99,120,99,21,0,0
0x4e1571,36.3636%,21,12,33,0,0,21,12
0x5f2c33,99.7986%,21,10405,10426,0,0,21,10405
0x484b9f,50%,21,21,42,21,21,0,0
0x4195fe,98.6074%,21,1487,1508,0,0,21,1487
0x4b6562,38.2353%,21,13,34,12,5,16,1
0x465230,95.6879%,21,466,487,466,8,13,0
0x4d0ae1,0%,21,0,21,0,21,0,0
0x445af9,95.5128%,21,447,468,0,0,21,447
0x445a82,95.5128%,21,447,468,0,0,21,447
0x4b04f4,95.6432%,21,461,482,0,0,21,461
0x46c918,98.8679%,21,1834,1855,0,0,21,1834
0x4b1477,94.9029%,21,391,412,367,11,10,24
0x60a383,58%,21,29,50,10,15,6,19
0x4a2ba2,47.5%,21,19,40,18,2,19,1
0x4ac39a,97.7124%,21,897,918,897,21,0,0
0x4a7323,84.5588%,21,115,136,1,19,2,114
0x60980c,43.2432%,21,16,37,0,0,21,16
0x4ad31b,38.2353%,21,13,34,13,4,17,0
0x4760f5,99.6251%,21,5581,5602,5581,21,0,0
0x478bef,99.0205%,21,2123,2144,2123,21,0,0
0x5f784b,74.3902%,21,61,82,2,1,20,59
0x45774a,85.7143%,21,126,147,0,0,21,126
0x47afe6,99.7269%,21,7668,7689,7660,1,20,8
0x464583,94.5736%,21,366,387,166,13,8,200
0x418f35,99.0532%,21,2197,2218,2197,21,0,0
0x458e0f,27.5862%,21,8,29,2,7,14,6
0x4280a5,50%,21,21,42,13,11,10,8
0x4597f6,78.3505%,21,76,97,0,0,21,76
0x457d11,50%,21,21,42,21,21,0,0
0x4a3e84,74.6988%,21,62,83,16,0,21,46
0x4c79bd,96.2298%,21,536,557,536,21,0,0
0x45b32a,93.7685%,21,316,337,33,18,3,283
0x5f0c45,98.4006%,21,1292,1313,0,0,21,1292
0x4d2dd7,99.7723%,21,9200,9221,0,0,21,9200
0x50faee,94.6015%,21,368,389,51,15,6,317
0x464df9,87.037%,21,141,162,0,0,21,141
0x427965,92.3077%,21,252,273,251,7,14,1
0x48d0b1,93.9828%,21,328,349,328,21,0,0
0x48acac,50%,21,21,42,21,0,21,0
0x4c23a2,98.5337%,20,1344,1364,1344,16,4,0
0x46d7d4,93.4641%,20,286,306,284,10,10,2
0x41502c,95.338%,20,409,429,409,20,0,0
0x4c6c28,66.6667%,20,40,60,10,8,12,30
0x40742b,99.8645%,20,14740,14760,14740,20,0,0
0x460e4b,37.5%,20,12,32,0,0,20,12
0x4073eb,13.0435%,20,3,23,0,0,20,3
0x47b706,99.3029%,20,2849,2869,2849,12,8,0
0x47bbe9,86.014%,20,123,143,0,0,20,123
0x45c2a2,62.2642%,20,33,53,33,20,0,0
0x4e2894,72.2222%,20,52,72,0,0,20,52
0x460e82,68.75%,20,44,64,0,0,20,44
0x477ef3,99.6146%,20,5169,5189,5169,20,0,0
0x4be635,90.8257%,20,198,218,198,18,2,0
0x46c8b7,98.5359%,20,1346,1366,0,0,20,1346
0x4bee8b,99.9839%,20,124142,124162,0,0,20,124142
0x49f476,41.1765%,20,14,34,14,20,0,0
0x41822c,69.697%,20,46,66,0,0,20,46
0x4cf88d,99.8798%,20,16625,16645,188,5,15,16437
0x48c664,99.32%,20,2921,2941,0,0,20,2921
0x401759,97.2715%,20,713,733,0,0,20,713
0x4d18db,93.5275%,20,289,309,0,0,20,289
0x4015b3,97.2715%,20,713,733,0,0,20,713
0x4b186a,70.5882%,20,48,68,48,20,0,0
0x47bad7,80.5825%,20,83,103,24,2,18,59
0x458231,97.0105%,20,649,669,649,20,0,0
0x4a2979,75.9036%,20,63,83,0,0,20,63
0x477f31,97.6932%,20,847,867,847,20,0,0
0x4769bb,98.9785%,20,1938,1958,1938,20,0,0
0x48c1f8,95.8159%,20,458,478,458,20,0,0
0x4597d5,80.3922%,20,82,102,82,20,0,0
0x4d17bc,93.5275%,20,289,309,0,0,20,289
0x4abf45,0%,20,0,20,0,0,20,0
0x479aaf,99.8329%,20,11950,11970,11949,18,2,1
0x5f1dbd,42.8571%,20,15,35,0,0,20,15
0x459c76,87.6543%,20,142,162,129,12,8,13
0x4a4368,45.9459%,20,17,37,0,0,20,17
0x47c86d,78.022%,20,71,91,69,20,0,2
0x4a2b07,75.9036%,20,63,83,63,20,0,0
0x48deb2,94.2693%,20,329,349,327,19,1,2
0x4989e4,44.4444%,20,16,36,16,20,0,0
0x4c49a6,99.7743%,20,8841,8861,8841,20,0,0
0x4c4954,97.1223%,20,675,695,0,0,20,675
0x50aff9,99.9649%,20,56974,56994,0,0,20,56974
0x4cbc8d,99.4661%,20,3726,3746,0,1,19,3726
0x412e2f,44.4444%,20,16,36,16,20,0,0
0x469d64,83.3333%,20,100,120,14,11,9,86
0x6097cc,75.9036%,20,63,83,0,4,16,63
0x498a50,0%,20,0,20,0,0,20,0
0x4d6d4b,98.5337%,20,1344,1364,16,17,3,1328
0x4d0cfa,33.3333%,20,10,30,10,20,0,0
0x4190d2,53.4884%,20,23,43,21,19,1,2
0x46570c,88.8268%,20,159,179,0,0,20,159
0x608bb1,93.5275%,20,289,309,0,0,20,289
0x4dfa9c,68.254%,20,43,63,43,20,0,0
0x457f1e,16.6667%,20,4,24,4,20,0,0
0x419209,53.4884%,20,23,43,3,15,5,20
0x463ae9,97.5919%,19,770,789,770,19,0,0
0x4c0335,78.4091%,19,69,88,0,1,18,69
0x407c2a,98.929%,19,1755,1774,1710,2,17,45
0x4d8ea9,99.8847%,19,16461,16480,0,0,19,16461
0x4bd9a5,92.3695%,19,230,249,230,19,0,0
0x47dd71,99.208%,19,2380,2399,2379,8,11,1
0x4ad2ed,44.1176%,19,15,34,0,0,19,15
0x4bc2c1,99.015%,19,1910,1929,0,0,19,1910
0x498a44,47.2222%,19,17,36,14,2,17,3
0x401fc3,99.4642%,19,3527,3546,3527,19,0,0
0x476cae,99.5602%,19,4301,4320,0,0,19,4301
0x4c5937,96.6011%,19,540,559,0,9,10,540
0x4ac7ed,62%,19,31,50,31,19,0,0
0x4b94c8,97.3315%,19,693,712,0,0,19,693
0x45de7c,94.081%,19,302,321,302,19,0,0
0x47c0e7,91.7749%,19,212,231,4,0,19,208
0x41883e,55.814%,19,24,43,24,19,0,0
0x4a8482,90.1554%,19,174,193,174,19,0,0
0x47649e,99.8491%,19,12568,12587,12557,18,1,11
0x5dda02,60.4167%,19,29,48,29,19,0,0
0x418be7,99.3338%,19,2833,2852,0,0,19,2833
0x4cc762,5%,19,1,20,0,0,19,1
0x4ca1dc,99.8705%,19,14658,14677,14658,19,0,0
0x4d405d,86.5248%,19,122,141,122,19,0,0
0x47b6f7,99.3377%,19,2850,2869,0,0,19,2850
0x46ff24,99.8356%,19,11535,11554,0,0,19,11535
0x50f5be,99.2854%,19,2640,2659,2640,19,0,0
0x4d8b27,98.1207%,19,992,1011,992,19,0,0
0x4b9a0a,97.4079%,19,714,733,714,19,0,0
0x467744,68.8525%,19,42,61,42,19,0,0
0x418eed,26.9231%,19,7,26,0,0,19,7
0x4a2a79,77.1084%,19,64,83,0,17,2,64
0x46ca14,98.7265%,19,1473,1492,1473,19,0,0
0x47972b,99.6288%,19,5099,5118,5099,19,0,0
0x4a63cd,0%,19,0,19,0,19,0,0
0x4ba52f,99.6243%,19,5038,5057,5038,19,0,0
0x4a7afe,82.243%,19,88,107,44,10,9,44
0x4a8659,87.8981%,19,138,157,0,0,19,138
0x4ba86b,99.9551%,19,42290,42309,0,0,19,42290
0x4c4d83,99.3727%,19,3010,3029,3,6,13,3007
0x4c77d1,96.6011%,19,540,559,540,19,0,0
0x4a50e1,5%,19,1,20,1,19,0,0
0x49b610,47.2222%,19,17,36,0,0,19,17
0x4a4c11,48.6486%,19,18,37,18,2,17,0
0x4b4417,44.1176%,19,15,34,0,0,19,15
0x47adba,91.4027%,19,202,221,202,19,0,0
0x49c1ab,47.2222%,19,17,36,16,3,16,1
0x464417,95.0904%,19,368,387,0,0,19,368
0x49f45e,72.0588%,19,49,68,17,17,2,32
0x4d0b3d,99.0781%,19,2042,2061,0,0,19,2042
0x47657f,95.7014%,19,423,442,0,0,19,423
0x4a62da,90%,19,171,190,132,10,9,39
0x4dff55,73.6111%,19,53,72,53,19,0,0
0x411948,95.7207%,19,425,444,425,19,0,0
0x46723d,86.3309%,19,120,139,0,0,19,120
0x463de1,95.6621%,19,419,438,172,14,5,247
0x4d6403,88.8235%,19,151,170,151,19,0,0
0x47c8cc,98.9485%,19,1788,1807,1786,18,1,2
0x465718,90.8654%,19,189,208,189,19,0,0
0x47ab7f,91.4027%,19,202,221,202,19,0,0
0x46c604,81.1881%,19,82,101,33,6,13,49
0x4abe97,77.907%,19,67,86,60,6,13,7
0x4a84ca,90.1554%,19,174,193,174,19,0,0
0x4dfad8,69.8413%,19,44,63,44,19,0,0
0x48b92d,54.7619%,19,23,42,23,19,0,0
0x4adc4e,94.9198%,19,355,374,0,0,19,355
0x46d36d,98.3319%,19,1120,1139,0,0,19,1120
0x4a426c,48.6486%,19,18,37,1,19,0,17
0x4a3571,42.4242%,19,14,33,0,17,2,14
0x47ae44,99.814%,19,10195,10214,10195,18,1,0
0x420841,89.0173%,19,154,173,0,0,19,154
0x46354e,81.25%,18,78,96,78,18,0,0
0x4c45ec,48.5714%,18,17,35,2,1,17,15
0x41b670,85.7143%,18,108,126,108,18,0,0
0x4a6304,62.5%,18,30,48,7,9,9,23
0x5ef047,99.8338%,18,10814,10832,0,0,18,10814
0x4ddbec,0%,18,0,18,0,0,18,0
0x48bd44,96.5974%,18,511,529,57,14,4,454
0x4184ab,72.7273%,18,48,66,10,8,10,38
0x4d7df1,79.3103%,18,69,87,1,0,18,68
0x459819,82.3529%,18,84,102,84,18,0,0
0x47805d,99.4697%,18,3376,3394,0,0,18,3376
0x4027f1,99.2453%,18,2367,2385,2367,18,0,0
0x41343b,55%,18,22,40,22,18,0,0
0x49943c,97.6562%,18,750,768,616,13,5,134
0x47c4ea,99.7095%,18,6178,6196,0,0,18,6178
0x48c4a7,98.2125%,18,989,1007,956,4,14,33
0x421a84,98.5657%,18,1237,1255,1237,11,7,0
0x412f50,85.9375%,18,110,128,110,18,0,0
0x4b9c17,91.9643%,18,206,224,21,5,13,185
0x46fe86,99.9322%,18,26526,26544,26526,18,0,0
0x478fc7,59.0909%,18,26,44,26,18,0,0
0x4d068b,88.75%,18,142,160,115,15,3,27
0x50fa94,99.8406%,18,11272,11290,0,0,18,11272
0x4abf52,10%,18,2,20,2,18,0,0
0x4699a2,85%,18,102,120,14,18,0,88
0x4dac7e,96.831%,18,550,568,0,0,18,550
0x460080,99.7238%,18,6499,6517,6499,18,0,0
0x5ef1cc,47.0588%,18,16,34,1,7,11,15
0x4994b4,97.1383%,18,611,629,0,0,18,611
0x4014e2,99.3358%,18,2692,2710,2692,18,0,0
0x443775,97.4359%,18,684,702,684,18,0,0
0x4b3168,47.0588%,18,16,34,0,0,18,16
0x5f0ab4,86.9565%,18,120,138,0,0,18,120
0x5f053e,99.4554%,18,3287,3305,0,0,18,3287
0x4df6d9,14.2857%,18,3,21,0,0,18,3
0x49ee1d,75%,18,54,72,19,17,1,35
0x4cb3a6,99.3958%,18,2961,2979,2961,18,0,0
0x421524,79.0698%,18,68,86,68,10,8,0
0x49d302,47.0588%,18,16,34,5,12,6,11
0x47c90a,99.0022%,18,1786,1804,0,0,18,1786
0x478e9c,99.6483%,18,5100,5118,5100,18,0,0
0x4d585a,0%,18,0,18,0,18,0,0
0x4c484f,99.7594%,18,7463,7481,0,0,18,7463
0x4baafa,99.7143%,18,6283,6301,0,0,18,6283
0x498c09,98.5577%,18,1230,1248,1230,4,14,0
0x50fc03,99.749%,18,7153,7171,0,0,18,7153
0x4a2e4d,65.3846%,18,34,52,26,7,11,8
0x4da987,99.7593%,18,7461,7479,0,0,18,7461
0x4a44b0,51.3514%,18,19,37,17,3,15,2
0x47bd73,98.6517%,18,1317,1335,1317,18,0,0
0x4c3af8,98.5112%,18,1191,1209,0,0,18,1191
0x49c167,50%,18,18,36,2,18,0,16
0x4cc858,99.8353%,18,10909,10927,3,14,4,10906
0x4b352e,73.5294%,18,50,68,0,0,18,50
0x4a7b9f,83.1776%,18,89,107,5,12,6,84
0x49a440,50%,18,18,36,16,3,15,2
0x47c5bb,99.7095%,18,6178,6196,6148,15,3,30
0x4699d9,89.7727%,18,158,176,78,10,8,80
0x48aa99,14.2857%,18,3,21,3,18,0,0
0x4cd405,99.6793%,18,5595,5613,0,0,18,5595
0x4795a0,97.1429%,18,612,630,612,18,0,0
0x4c4386,99.7571%,18,7393,7411,0,4,14,7393
0x4cd5b7,98.313%,18,1049,1067,1048,15,3,1
0x4cd161,98.313%,18,1049,1067,0,0,18,1049
0x4d3e12,50%,18,18,36,13,14,4,5
0x48ab6c,57.1429%,18,24,42,24,18,0,0
0x49a3e0,50%,18,18,36,0,0,18,18
0x4a575a,47.0588%,18,16,34,1,16,2,15
0x41b04b,99.1094%,18,2003,2021,0,0,18,2003
0x5ee8e9,90.625%,18,174,192,0,0,18,174
0x5f07cb,86.6142%,17,110,127,0,0,17,110
0x457730,88.4354%,17,130,147,130,17,0,0
0x4b5f2f,50%,17,17,34,0,0,17,17
0x412235,96.1712%,17,427,444,0,6,11,427
0x5f0b60,57.5%,17,23,40,0,0,17,23
0x47c57b,87.6812%,17,121,138,0,0,17,121
0x46cbd5,77.6316%,17,59,76,59,17,0,0
0x446099,96.3675%,17,451,468,451,17,0,0
0x418c1c,99.3367%,17,2546,2563,2546,17,0,0
0x4c5c90,96.9751%,17,545,562,1,11,6,544
0x49b535,52.7778%,17,19,36,19,17,0,0
0x4b7720,0%,17,0,17,0,17,0,0
0x460794,22.7273%,17,5,22,4,17,0,1
0x4dfe67,73.0159%,17,46,63,46,17,0,0
0x4d0e6b,96.0465%,17,413,430,413,17,0,0
0x465593,95.6072%,17,370,387,370,17,0,0
0x445b17,96.3675%,17,451,468,451,17,0,0
0x47a18f,89.441%,17,144,161,131,9,8,13
0x4112a7,98.1838%,17,919,936,463,5,12,456
0x4b6a7a,0%,17,0,17,0,17,0,0
0x4673c6,81.3187%,17,74,91,74,17,0,0
0x4a5903,50%,17,17,34,0,17,0,17
0x418a3a,99.6398%,17,4703,4720,0,0,17,4703
0x4c4df2,58.5366%,17,24,41,24,17,0,0
0x4a86b9,89.172%,17,140,157,131,8,9,9
0x48cda1,98.0769%,17,867,884,346,5,12,521
0x5fa328,66.6667%,17,34,51,0,15,2,34
0x4afeab,96.9534%,17,541,558,0,0,17,541
0x467538,81.3187%,17,74,91,20,10,7,54
0x41203f,96.1712%,17,427,444,0,0,17,427
0x4c73d5,99.3514%,17,2604,2621,634,11,6,1970
0x4a6223,68.5185%,17,37,54,30,4,13,7
0x49f5a6,50%,17,17,34,17,17,0,0
0x4b5a82,50%,17,17,34,17,17,0,0
0x4b213d,50%,17,17,34,8,9,8,9
0x4b07f0,95.8738%,17,395,412,374,4,13,21
0x5f261b,99.7843%,17,7864,7881,0,0,17,7864
0x4c7ae1,98.6719%,17,1263,1280,1263,17,0,0
0x4a5efb,0%,17,0,17,0,17,0,0
0x6099ec,70.6897%,17,41,58,0,0,17,41
0x4b76d9,0%,17,0,17,0,0,17,0
0x4d5bff,99.7663%,17,7257,7274,7257,17,0,0
0x463cd6,96.1187%,17,421,438,421,17,0,0
0x47c4da,99.7256%,17,6179,6196,0,0,17,6179
0x47c11c,92.6407%,17,214,231,0,0,17,214
0x41a4d7,99.7648%,17,7212,7229,7212,17,0,0
0x47a1f0,99.8428%,17,10797,10814,10797,17,0,0
0x47a56b,88.6667%,17,133,150,131,13,4,2
0x4b59b4,0%,17,0,17,0,17,0,0
0x4a1223,51.4286%,17,18,35,0,16,1,18
0x418c9a,98.6486%,17,1241,1258,0,0,17,1241
0x4a63a2,81.1111%,17,73,90,73,17,0,0
0x46c384,99.6514%,17,4860,4877,0,0,17,4860
0x4b5969,50%,17,17,34,16,1,16,1
0x419044,99.8576%,17,11921,11938,11921,17,0,0
0x4e0a92,66.6667%,17,34,51,21,12,5,13
0x5df573,52.7778%,17,19,36,3,0,17,16
0x4e2720,76.3889%,17,55,72,0,0,17,55
0x47c632,94.9102%,17,317,334,314,10,7,3
0x4d29bf,85.5932%,17,101,118,101,17,0,0
0x4ac888,66%,17,33,50,33,17,0,0
0x4a89f5,75.7143%,17,53,70,0,17,0,53
0x4b6dc8,0%,17,0,17,0,17,0,0
0x47a1dc,93.8406%,17,259,276,259,17,0,0
0x60a59f,56.4103%,17,22,39,5,14,3,17
0x4cd7b7,95.2381%,17,340,357,340,17,0,0
0x4172e9,87.3134%,17,117,134,117,17,0,0
0x47658e,93.2806%,17,236,253,236,17,0,0
0x46ff0f,99.8529%,17,11537,11554,0,0,17,11537
0x478076,99.38%,17,2725,2742,2,16,1,2723
0x414ffc,96.0373%,17,412,429,0,0,17,412
0x4a853a,91.1917%,17,176,193,159,2,15,17
0x47af45,99.3246%,17,2500,2517,0,0,17,2500
0x46ee5e,96.5587%,17,477,494,80,9,8,397
0x4b77a8,0%,17,0,17,0,17,0,0
0x4a51bb,54.0541%,17,20,37,20,0,17,0
0x60902b,97.6389%,17,703,720,0,0,17,703
0x4a3ad6,0%,17,0,17,0,0,17,0
0x4e17a8,48.4848%,17,16,33,0,0,17,16
0x609918,98.1799%,17,917,934,791,5,12,126
0x4a57c3,0%,17,0,17,0,0,17,0
0x459eef,5.55556%,17,1,18,0,0,17,1
0x459192,5.55556%,17,1,18,0,0,17,1
0x4daef9,99.9169%,17,20450,20467,0,0,17,20450
0x60b12a,61.3636%,17,27,44,18,9,8,9
0x4acb44,50%,17,17,34,17,0,17,0
0x4c40d3,98.6345%,17,1228,1245,117,8,9,1111
0x4650aa,96.5092%,17,470,487,470,17,0,0
0x4bb06c,88.5135%,17,131,148,29,5,12,102
0x467b8b,46.6667%,16,14,30,0,0,16,14
0x466d1b,96.7413%,16,475,491,0,0,16,475
0x4ddb8f,11.1111%,16,2,18,0,0,16,2
0x4df214,66.6667%,16,32,48,0,0,16,32
0x4cc846,42.8571%,16,12,28,0,0,16,12
0x49ad39,55.5556%,16,20,36,20,16,0,0
0x47c46c,92.5926%,16,200,216,200,11,5,0
0x45ab4b,93.6508%,16,236,252,0,0,16,236
0x4d1d7e,94.1392%,16,257,273,257,16,0,0
0x445a6a,96.5812%,16,452,468,0,0,16,452
0x4783b8,97.8752%,16,737,753,737,16,0,0
0x50fd7b,94.5392%,16,277,293,277,14,2,0
0x4d620f,94.6844%,16,285,301,285,16,0,0
0x46e9ce,96.3218%,16,419,435,419,16,0,0
0x4a72f4,92.9515%,16,211,227,3,14,2,208
0x4a441f,56.7568%,16,21,37,9,11,5,12
0x418644,30.4348%,16,7,23,0,0,16,7
0x4b2f25,76.4706%,16,52,68,0,0,16,52
0x4b5afb,52.9412%,16,18,34,18,16,0,0
0x4a3130,5.88235%,16,1,17,1,16,0,0
0x5ef13a,99.0117%,16,1603,1619,1603,0,16,0
0x40228e,95.4416%,16,335,351,335,16,0,0
0x4ba96b,99.7341%,16,6001,6017,0,0,16,6001
0x60a26e,98.102%,16,827,843,0,0,16,827
0x49a134,55.5556%,16,20,36,20,16,0,0
0x4d0ad7,23.8095%,16,5,21,0,0,16,5
0x4adc20,82.6087%,16,76,92,76,16,0,0
0x4c6ac5,99.7958%,16,7818,7834,36,4,12,7782
0x48d48e,95.4155%,16,333,349,2,7,9,331
0x4a3085,51.5152%,16,17,33,17,16,0,0
0x4dda87,11.1111%,16,2,18,0,0,16,2
0x4abf9d,20%,16,4,20,4,16,0,0
0x417e2b,99.9475%,16,30488,30504,0,0,16,30488
0x463ae0,97.9747%,16,774,790,0,1,15,774
0x4208c9,98.7332%,16,1247,1263,0,0,16,1247
0x4b6587,5.88235%,16,1,17,1,16,0,0
0x4a6352,87.5%,16,112,128,112,16,0,0
0x4d61e5,96.6316%,16,459,475,0,0,16,459
0x4a8aa5,52.9412%,16,18,34,18,16,0,0
0x4b3541,52.9412%,16,18,34,18,16,0,0
0x609ee7,83.6735%,16,82,98,0,0,16,82
0x479b22,99.8647%,16,11806,11822,0,2,14,11806
0x4b5f6b,52.9412%,16,18,34,9,8,8,9
0x4b85e7,84.6154%,16,88,104,88,16,0,0
0x427a5a,75.7576%,16,50,66,35,4,12,15
0x4df8d9,78.6667%,16,59,75,59,4,12,0
0x463a71,97.9721%,16,773,789,773,16,0,0
0x609d37,69.2308%,16,36,52,0,0,16,36
0x4e0e12,58.9744%,16,23,39,17,16,0,6
0x4696f6,91.0112%,16,162,178,0,0,16,162
0x476201,99.9451%,16,29140,29156,0,0,16,29140
0x46529f,78.6667%,16,59,75,59,16,0,0
0x4db294,99.9218%,16,20451,20467,20451,16,0,0
0x417e51,99.9475%,16,30488,30504,0,2,14,30488
0x47c717,99.7271%,16,5846,5862,0,0,16,5846
0x40174f,97.8172%,16,717,733,0,0,16,717
0x4a5e54,86.6667%,16,104,120,88,15,1,16
0x4c579f,97.3554%,16,589,605,2,0,16,587
0x4a464d,56.7568%,16,21,37,1,16,0,20
0x457261,99.0031%,16,1589,1605,1589,16,0,0
0x45ee59,23.8095%,16,5,21,5,16,0,0
0x49ec80,68%,16,34,50,34,16,0,0
0x4aca1a,52.9412%,16,18,34,18,16,0,0
0x4bc1e8,99.2439%,16,2100,2116,0,0,16,2100
0x4b3b73,76.4706%,16,52,68,52,16,0,0
0x4d80b7,96.5812%,16,452,468,452,16,0,0
0x4d96f7,99.924%,16,21023,21039,0,0,16,21023
0x476969,99.1841%,16,1945,1961,0,3,13,1945
0x4b9910,93.8697%,16,245,261,245,16,0,0
0x47ba0e,92.5926%,16,200,216,0,0,16,200
0x4bc5eb,99.8191%,16,8828,8844,0,0,16,8828
0x46c8aa,98.8287%,16,1350,1366,0,0,16,1350
0x419616,97.6879%,16,676,692,0,0,16,676
0x4b8eb9,99.8341%,16,9628,9644,9628,16,0,0
0x49bb9b,55.5556%,16,20,36,1,16,0,19
0x45dddb,95.0156%,16,305,321,0,12,4,305
0x4bbac1,92%,16,184,200,3,11,5,181
0x45b05c,93.2203%,16,220,236,1,8,8,219
0x4df330,77.7778%,16,56,72,40,11,5,16
0x49aa09,55.5556%,16,20,36,20,16,0,0
0x4d0c02,46.6667%,16,14,30,0,0,16,14
0x4136a0,60%,16,24,40,0,0,16,24
0x47650c,99.6133%,16,4122,4138,0,0,16,4122
0x60a89c,88.4892%,16,123,139,1,15,1,122
0x46993e,93.985%,16,250,266,250,16,0,0
0x608fe3,82.9545%,15,73,88,0,0,15,73
0x4c5b76,99.968%,15,46839,46854,0,0,15,46839
0x47d3ad,99.6968%,15,4932,4947,11,2,13,4921
0x458c68,25%,15,5,20,0,0,15,5
0x524813,87.1795%,15,102,117,98,10,5,4
0x4b8daf,99.8951%,15,14285,14300,0,0,15,14285
0x459c3f,90.7407%,15,147,162,0,0,15,147
0x46e9e2,98.3906%,15,917,932,428,7,8,489
0x4b9e84,99.5074%,15,3030,3045,3030,15,0,0
0x47d0bf,16.6667%,15,3,18,0,15,0,3
0x4a5ef1,11.7647%,15,2,17,0,0,15,2
0x4d8fd4,99.615%,15,3881,3896,0,0,15,3881
0x463387,84.375%,15,81,96,81,15,0,0
0x418b96,97.093%,15,501,516,501,15,0,0
0x4d0be4,50%,15,15,30,15,15,0,0
0x45fcb2,77.2727%,15,51,66,0,12,3,51
0x459d36,90%,15,135,150,0,0,15,135
0x45a7b0,81.4815%,15,66,81,0,0,15,66
0x4d8a9f,99.9149%,15,17602,17617,0,0,15,17602
0x4cb1b5,99.3504%,15,2294,2309,0,0,15,2294
0x461617,97.6526%,15,624,639,624,15,0,0
0x49ef5c,77.2727%,15,51,66,22,11,4,29
0x467676,75.4098%,15,46,61,16,14,1,30
0x50fad3,96.5358%,15,418,433,8,7,8,410
0x4d63cc,88%,15,110,125,110,15,0,0
0x4a6697,51.6129%,15,16,31,10,5,10,6
0x464b66,0%,15,0,15,0,0,15,0
0x4ddb9e,16.6667%,15,3,18,0,0,15,3
0x401aa0,99.4915%,15,2935,2950,2935,15,0,0
0x5f2dfd,99.4949%,15,2955,2970,0,0,15,2955
0x42088e,98.8124%,15,1248,1263,1248,15,0,0
0x50fe6a,98.5207%,15,999,1014,0,6,9,999
0x4b9957,94.2529%,15,246,261,94,9,6,152
0x4111f9,58.3333%,15,21,36,21,12,3,0
0x406cf3,65.1163%,15,28,43,0,10,5,28
0x458e4b,16.6667%,15,3,18,0,0,15,3
0x445b6f,93.5897%,15,219,234,0,0,15,219
0x4ba639,98.6213%,15,1073,1088,11,7,8,1062
0x48c46b,96.3768%,15,399,414,215,10,5,184
0x4a8a80,55.8824%,15,19,34,0,0,15,19
0x4678f5,50%,15,15,30,3,15,0,12
0x50fb51,99.0316%,15,1534,1549,2,9,6,1532
0x4790fd,99.8208%,15,8354,8369,8354,15,0,0
0x41ae34,0%,15,0,15,0,0,15,0
0x469876,92.5%,15,185,200,185,15,0,0
0x4c5afd,99.968%,15,46821,46836,46677,14,1,144
0x46c312,97.6341%,15,619,634,619,15,0,0
0x47a9a0,99.941%,15,25409,25424,25409,15,0,0
0x45a5f9,81.4815%,15,66,81,66,15,0,0
0x46d67a,95.098%,15,291,306,291,15,0,0
0x4d3768,99.49%,15,2926,2941,2926,15,0,0
0x48d675,99.7601%,15,6238,6253,0,9,6,6238
0x4655b7,88.2812%,15,113,128,108,5,10,5
0x5f305f,99.4359%,15,2644,2659,0,0,15,2644
0x5f0acd,99.8033%,15,7611,7626,7611,15,0,0
0x5f0b8b,62.5%,15,25,40,3,1,14,22
0x4768d5,97.553%,15,598,613,598,15,0,0
0x46c7d2,98.4488%,15,952,967,952,15,0,0
0x4769d7,99.2351%,15,1946,1961,0,0,15,1946
0x4cf893,99.9088%,15,16437,16452,16437,15,0,0
0x4b3b0b,85.2941%,15,87,102,0,0,15,87
0x4d89c9,99.9287%,15,21024,21039,0,0,15,21024
0x4284f0,0%,15,0,15,0,0,15,0
0x4d921c,42.3077%,15,11,26,0,0,15,11
0x4d0e24,93.6709%,15,222,237,214,10,5,8
0x41ab79,65.1163%,15,28,43,0,0,15,28
0x457d30,64.2857%,15,27,42,27,15,0,0
0x418b1b,99.9472%,15,28371,28386,3269,11,4,25102
0x50f845,21.0526%,15,4,19,4,15,0,0
0x4daf45,99.9267%,15,20452,20467,0,0,15,20452
0x47618c,99.9553%,15,33536,33551,33536,7,8,0
0x41a34d,95.8791%,15,349,364,348,11,4,1
0x4b3421,91.1765%,15,155,170,155,15,0,0
0x464b18,0%,15,0,15,0,15,0,0
0x406c00,65.1163%,15,28,43,26,5,10,2
0x4ac86c,85%,15,85,100,37,13,2,48
0x4b0417,96.888%,15,467,482,444,4,11,23
0x4184bd,68.75%,15,33,48,0,2,13,33
0x4ac061,25%,15,5,20,5,15,0,0
0x427ef3,0%,15,0,15,0,15,0,0
0x4be6c7,99.8526%,15,10159,10174,10159,15,0,0
0x45922a,16.6667%,15,3,18,3,15,0,0
0x5f2603,99.8097%,15,7866,7881,0,0,15,7866
0x428aa4,96.7949%,15,453,468,0,0,15,453
0x49c965,99.3755%,15,2387,2402,2387,15,0,0
0x464fbb,87.069%,15,101,116,41,11,4,60
0x48be5a,94.863%,15,277,292,176,13,2,101
0x609b37,68.75%,15,33,48,0,0,15,33
0x4dec97,44.4444%,15,12,27,8,4,11,4
0x46ca75,80.2632%,15,61,76,61,15,0,0
0x4d8d6d,25%,15,5,20,0,0,15,5
0x47c193,93.5065%,15,216,231,216,11,4,0
0x4ad342,79.7297%,15,59,74,28,9,6,31
0x4de2d7,48.2759%,15,14,29,14,15,0,0
0x5f1e02,85.7143%,15,90,105,90,15,0,0
0x4a4b38,59.4595%,15,22,37,7,13,2,15
0x4d7a7e,62.5%,15,25,40,25,14,1,0
0x406bec,72.2222%,15,39,54,1,10,5,38
0x4e1024,54.5455%,15,18,33,0,0,15,18
0x4597e2,85.2941%,15,87,102,4,1,14,83
0x460166,99.7702%,15,6511,6526,6511,15,0,0
0x5ef122,99.1353%,14,1605,1619,0,0,14,1605
0x4b8b08,73.0769%,14,38,52,38,14,0,0
0x50fadd,96.6507%,14,404,418,0,0,14,404
0x46742b,84.6154%,14,77,91,77,14,0,0
0x4d9258,46.1538%,14,12,26,0,0,14,12
0x4d2dec,75.8621%,14,44,58,0,0,14,44
0x445b79,94.0171%,14,220,234,220,14,0,0
0x464927,6.66667%,14,1,15,0,0,14,1
0x464762,96.3824%,14,373,387,372,0,14,1
0x4ace6b,58.8235%,14,20,34,20,14,0,0
0x458e55,22.2222%,14,4,18,0,0,14,4
0x4b8c1a,90%,14,126,140,0,0,14,126
0x464965,96.3824%,14,373,387,2,13,1,371
0x4ad34d,62.1622%,14,23,37,3,14,0,20
0x476a73,99.2861%,14,1947,1961,1947,14,0,0
0x45a0bd,22.2222%,14,4,18,4,14,0,0
0x470091,99.6776%,14,4328,4342,836,6,8,3492
0x48c1b9,97.0711%,14,464,478,464,14,0,0
0x5f0c4f,98.9337%,14,1299,1313,0,0,14,1299
0x4c63cb,99.9884%,14,121163,121177,121163,14,0,0
0x49a430,61.1111%,14,22,36,22,14,0,0
0x406ba8,74.0741%,14,40,54,0,0,14,40
0x427ec8,6.66667%,14,1,15,1,14,0,0
0x5ef0eb,99.1353%,14,1605,1619,0,0,14,1605
0x48bdeb,97.3535%,14,515,529,0,2,12,515
0x4b3343,79.4118%,14,54,68,54,14,0,0
0x608c50,93.0348%,14,187,201,0,0,14,187
0x49af76,30%,14,6,20,6,14,0,0
0x47ddac,99.4164%,14,2385,2399,2385,14,0,0
0x458d4f,51.7241%,14,15,29,15,14,0,0
0x4ccf1f,98.9751%,14,1352,1366,1352,14,0,0
0x4e0eea,57.5758%,14,19,33,13,5,9,6
0x4a3f67,83.1325%,14,69,83,0,0,14,69
0x4a7b55,86.9159%,14,93,107,0,0,14,93
0x445c03,94.0171%,14,220,234,220,14,0,0
0x411324,97.0085%,14,454,468,0,0,14,454
0x459800,85.567%,14,83,97,82,14,0,1
0x48d955,95.8457%,14,323,337,323,14,0,0
0x49c941,99.4172%,14,2388,2402,2388,14,0,0
0x479fff,91.3043%,14,147,161,147,14,0,0
0x411311,98.5043%,14,922,936,458,10,4,464
0x41d385,12.5%,14,2,16,0,0,14,2
0x4d8e4e,30%,14,6,20,6,14,0,0
0x463136,85.4167%,14,82,96,0,0,14,82
0x4dafac,99.9316%,14,20453,20467,0,0,14,20453
0x4d3222,99.7587%,14,5787,5801,5787,14,0,0
0x44383c,97.0085%,14,454,468,0,0,14,454
0x4a6399,87.156%,14,95,109,16,3,11,79
0x49cb85,99.3814%,14,2249,2263,1828,5,9,421
0x49cca3,99.3814%,14,2249,2263,0,0,14,2249
0x41b17e,99.3073%,14,2007,2021,0,0,14,2007
0x46cea2,41.6667%,14,10,24,10,14,0,0
0x459da8,90.6667%,14,136,150,136,14,0,0
0x4574a7,64.1026%,14,25,39,25,14,0,0
0x419ae9,90.5405%,14,134,148,134,14,0,0
0x4d1be4,61.1111%,14,22,36,22,14,0,0
0x460110,99.7855%,14,6512,6526,0,3,11,6512
0x445a9a,97.0085%,14,454,468,0,0,14,454
0x4dfaf4,77.7778%,14,49,63,0,0,14,49
0x4a5c88,58.8235%,14,20,34,9,8,6,11
0x45feda,99.7854%,14,6509,6523,6509,14,0,0
0x4e2c34,48.1481%,14,13,27,0,0,14,13
0x47628b,99.8936%,14,13142,13156,13142,14,0,0
0x476d8b,99.6682%,14,4206,4220,4206,14,0,0
0x5f056d,99.8873%,14,12408,12422,0,0,14,12408
0x5f30f1,99.4735%,14,2645,2659,2645,14,0,0
0x50fdf1,96.8182%,14,426,440,426,4,10,0
0x45a83d,82.5%,14,66,80,0,0,14,66
0x4a8ae2,58.8235%,14,20,34,0,0,14,20
0x4793ff,74.0741%,14,40,54,2,7,7,38
0x47c505,99.774%,14,6182,6196,6182,14,0,0
0x609b26,80%,14,56,70,18,4,10,38
0x4b76cf,17.6471%,14,3,17,0,0,14,3
0x484330,66.6667%,14,28,42,28,14,0,0
0x4a7524,90.8497%,14,139,153,110,9,5,29
0x478f56,98.4848%,14,910,924,910,11,3,0
0x4a785f,74.0741%,14,40,54,10,10,4,30
0x41497d,65%,14,26,40,0,0,14,26
0x47c7f7,99.6324%,14,3794,3808,0,0,14,3794
0x4cd606,96.7667%,14,419,433,2,2,12,417
0x4cb4ce,99.7724%,14,6136,6150,0,0,14,6136
0x48ab84,66.6667%,14,28,42,28,14,0,0
0x498a74,39.1304%,14,9,23,0,0,14,9
0x476d95,99.6682%,14,4206,4220,0,0,14,4206
0x47a98e,99.9449%,14,25410,25424,25410,14,0,0
0x4b9668,89.0625%,14,114,128,52,12,2,62
0x4cab55,99.3247%,14,2059,2073,0,3,11,2059
0x47d426,99.717%,14,4933,4947,4933,14,0,0
0x4abde4,30%,14,6,20,0,0,14,6
0x459f26,22.2222%,14,4,18,4,14,0,0
0x4d16c5,95.4693%,14,295,309,295,14,0,0
0x4df6bd,33.3333%,14,7,21,0,0,14,7
0x476127,99.7501%,14,5588,5602,0,0,14,5588
0x47b475,85.8586%,14,85,99,85,14,0,0
0x4a3ba1,92.5532%,14,174,188,0,0,14,174
0x467be0,84.6154%,14,77,91,29,1,13,48
0x4208fa,98.8915%,14,1249,1263,0,0,14,1249
0x4a72bb,93.8053%,14,212,226,3,14,0,209
0x45aa80,94.4444%,14,238,252,26,3,11,212
0x498bd2,0%,14,0,14,0,14,0,0
0x50f503,99.5286%,14,2956,2970,2956,14,0,0
0x4015bf,98.09%,14,719,733,719,14,0,0
0x4a121f,72.549%,14,37,51,10,6,8,27
0x4593be,6.66667%,14,1,15,0,0,14,1
0x48cb94,88.2353%,14,105,119,98,12,2,7
0x458306,64.1026%,14,25,39,25,14,0,0
0x4a3036,17.6471%,14,3,17,3,14,0,0
0x5ee9b3,93.578%,14,204,218,203,6,8,1
0x4c5832,99.7376%,14,5321,5335,0,7,7,5321
0x49b66f,61.1111%,14,22,36,0,0,14,22
0x4bd2ba,99.2533%,14,1861,1875,0,0,14,1861
0x427bd6,66.6667%,14,28,42,7,8,6,21
0x49ae77,75%,14,42,56,42,14,0,0
0x4abea4,83.7209%,14,72,86,9,11,3,63
0x408df6,45.8333%,13,11,24,0,0,13,11
0x42806a,56.6667%,13,17,30,15,0,13,2
0x48afc3,38.0952%,13,8,21,8,13,0,0
0x49ea00,61.7647%,13,21,34,21,13,0,0
0x4d7ddf,85.0575%,13,74,87,0,0,13,74
0x4e17ad,60.6061%,13,20,33,20,13,0,0
0x4d7e53,97.2399%,13,458,471,0,0,13,458
0x4a3de9,80.597%,13,54,67,0,0,13,54
0x5f3110,99.5111%,13,2646,2659,2646,13,0,0
0x411344,97.2222%,13,455,468,0,0,13,455
0x46e8df,97.3843%,13,484,497,484,13,0,0
0x60989c,53.5714%,13,15,28,0,2,11,15
0x498435,85.0575%,13,74,87,0,1,12,74
0x4a5bd3,23.5294%,13,4,17,4,13,0,0
0x4570e0,97.1491%,13,443,456,443,13,0,0
0x4cfc0f,99.8477%,13,8524,8537,0,0,13,8524
0x4659c5,91.0959%,13,133,146,133,13,0,0
0x41934b,99.9162%,13,15491,15504,15491,13,0,0
0x445af0,98.1481%,13,689,702,226,8,5,463
0x4131c2,99.7846%,13,6021,6034,5993,5,8,28
0x60a0c8,74.5098%,13,38,51,0,0,13,38
0x4659eb,91.0959%,13,133,146,133,13,0,0
0x48424f,69.0476%,13,29,42,29,13,0,0
0x5f30b1,99.5111%,13,2646,2659,2646,13,0,0
0x4840ca,38.0952%,13,8,21,0,0,13,8
0x4d2e24,99.8582%,13,9153,9166,9153,13,0,0
0x4e2b59,81.9444%,13,59,72,59,10,3,0
0x4d79d2,67.5%,13,27,40,26,6,7,1
0x5f0b35,67.5%,13,27,40,14,2,11,13
0x49a9d6,63.8889%,13,23,36,15,4,9,8
0x443625,97.2222%,13,455,468,0,0,13,455
0x5f7c1a,38.0952%,13,8,21,0,0,13,8
0x4ce027,99.805%,13,6652,6665,6652,13,0,0
0x477f94,80.303%,13,53,66,23,13,0,30
0x4c89fb,0%,13,0,13,0,13,0,0
0x4ba64e,27.7778%,13,5,18,5,13,0,0
0x4b8d2f,90.7143%,13,127,140,127,13,0,0
0x4283c2,13.3333%,13,2,15,0,0,13,2
0x459e0a,13.3333%,13,2,15,0,0,13,2
0x4d3180,99.7759%,13,5788,5801,0,0,13,5788
0x45ee34,38.0952%,13,8,21,8,13,0,0
0x4b8e13,18.75%,13,3,16,3,13,0,0
0x4d7739,99.6725%,13,3956,3969,3956,13,0,0
0x4bdd83,99.1725%,13,1558,1571,58,4,9,1500
0x4cb2dc,99.7393%,13,4973,4986,4973,13,0,0
0x50f7f7,7.14286%,13,1,14,1,13,0,0
0x476ae2,99.5474%,13,2859,2872,2859,13,0,0
0x479c60,99.8914%,13,11957,11970,0,0,13,11957
0x4c8cdd,89.5161%,13,111,124,111,13,0,0
0x499692,97.9332%,13,616,629,0,0,13,616
0x5eeff7,99.88%,13,10819,10832,0,0,13,10819
0x408c01,95.8991%,13,304,317,1,6,7,303
0x4babab,99.7937%,13,6288,6301,6288,13,0,0
0x4e298b,81.9444%,13,59,72,0,9,4,59
0x4b300c,61.7647%,13,21,34,0,0,13,21
0x47c732,99.7782%,13,5849,5862,0,0,13,5849
0x4acbf2,61.7647%,13,21,34,21,13,0,0
0x4699f2,85.2273%,13,75,88,75,13,0,0
0x48ab31,79.3651%,13,50,63,14,7,6,36
0x4a7b03,75.4717%,13,40,53,40,13,0,0
0x4e2955,81.1594%,13,56,69,54,8,5,2
0x401dc3,99.5593%,13,2937,2950,2937,13,0,0
0x4172c4,90.2985%,13,121,134,84,8,5,37
0x45b28a,60.6061%,13,20,33,0,0,13,20
0x412149,97.0721%,13,431,444,0,0,13,431
0x419933,79.6875%,13,51,64,0,0,13,51
0x4a777f,95.7929%,13,296,309,201,5,8,95
0x460eb1,79.6875%,13,51,64,51,13,0,0
0x46783b,78.6885%,13,48,61,48,13,0,0
0x45db13,83.5443%,13,66,79,18,12,1,48
0x5fa2d7,43.4783%,13,10,23,0,0,13,10
0x4dae15,98.2781%,13,742,755,742,13,0,0
0x4a845e,93.2642%,13,180,193,167,8,5,13
0x5de9ba,71.1111%,13,32,45,32,10,3,0
0x459ce7,56.6667%,13,17,30,12,9,4,5
0x408e2c,45.8333%,13,11,24,11,13,0,0
0x4e06a4,74.5098%,13,38,51,38,13,0,0
0x4c5978,97.6744%,13,546,559,3,3,10,543
0x4be6f2,99.748%,13,5145,5158,0,0,13,5145
0x4782c6,98.2736%,13,740,753,0,0,13,740
0x458c01,55.1724%,13,16,29,3,6,7,13
0x5248c3,45.8333%,13,11,24,9,12,1,2
0x4a457b,64.8649%,13,24,37,0,0,13,24
0x4d4101,90.7801%,13,128,141,115,5,8,13
0x48aa78,38.0952%,13,8,21,8,13,0,0
0x47cbbc,99.3741%,13,2064,2077,0,0,13,2064
0x4a880d,87%,13,87,100,0,0,13,87
0x46e91a,97.3843%,13,484,497,0,0,13,484
0x4acfdf,61.7647%,13,21,34,16,1,12,5
0x4bb6c9,96.4286%,13,351,364,351,13,0,0
0x4b03b4,87.5%,13,91,104,0,0,13,91
0x60a157,87.619%,13,92,105,92,13,0,0
0x46162f,97.9656%,13,626,639,0,12,1,626
0x49b81f,63.8889%,13,23,36,23,13,0,0
0x5f7838,84.1463%,13,69,82,0,0,13,69
0x4d5e44,27.7778%,13,5,18,0,0,13,5
0x4bb501,95.5017%,13,276,289,276,13,0,0
0x4ac9de,87.2549%,13,89,102,65,3,10,24
0x4790a1,93.8095%,13,197,210,0,0,13,197
0x49ac20,63.8889%,13,23,36,0,0,13,23
0x47cb90,99.7377%,13,4943,4956,0,0,13,4943
0x4993d8,98.3073%,13,755,768,755,13,0,0
0x4ace31,61.7647%,13,21,34,0,0,13,21
0x46759f,78.6885%,13,48,61,0,0,13,48
0x4a799d,87.8505%,13,94,107,94,13,0,0
0x4ddb77,27.7778%,13,5,18,0,0,13,5
0x48c3c8,93.1217%,13,176,189,0,0,13,176
0x49a3cd,63.8889%,13,23,36,23,13,0,0
0x4d8f0f,99.4348%,13,2287,2300,2287,13,0,0
0x47c947,53.5714%,13,15,28,0,0,13,15
0x5f2d93,99.5623%,13,2957,2970,0,0,13,2957
0x41b1ff,89.6825%,13,113,126,110,11,2,3
0x4b0512,87.7358%,13,93,106,0,0,13,93
0x4996fa,97.8723%,13,598,611,0,0,13,598
0x4a5983,89.1667%,13,107,120,107,13,0,0
0x445d53,99.1228%,13,1469,1482,0,0,13,1469
0x4b0b9a,60.6061%,13,20,33,20,13,0,0
0x467b93,60%,12,18,30,0,0,12,18
0x477d7d,99.2095%,12,1506,1518,1506,12,0,0
0x6098eb,95.2%,12,238,250,143,5,7,95
0x47dd9c,0%,12,0,12,0,0,12,0
0x40a5f9,96.7033%,12,352,364,39,0,12,313
0x476e73,99.7299%,12,4430,4442,4430,12,0,0
0x4db250,99.9414%,12,20455,20467,0,0,12,20455
0x608cab,94.0887%,12,191,203,189,6,6,2
0x40a570,96.7033%,12,352,364,0,0,12,352
0x50f907,36.8421%,12,7,19,7,12,0,0
0x462b76,0%,12,0,12,0,0,12,0
0x48c9ea,98.896%,12,1075,1087,0,0,12,1075
0x47a3da,98.7234%,12,928,940,0,0,12,928
0x4cfbf9,99.9167%,12,14394,14406,14394,12,0,0
0x459d6a,92%,12,138,150,8,7,5,130
0x4a088f,93.6842%,12,178,190,154,0,12,24
0x418a19,99.7458%,12,4709,4721,0,1,11,4709
0x428080,20%,12,3,15,3,12,0,0
0x4675ec,80.3279%,12,49,61,18,12,0,31
0x428598,0%,12,0,12,0,12,0,0
0x478f1e,98.7565%,12,953,965,0,0,12,953
0x4c58c5,99.9721%,12,43040,43052,0,0,12,43040
0x60b9ac,72.093%,12,31,43,0,10,2,31
0x49f0e8,90.9774%,12,121,133,121,12,0,0
0x45a43d,20%,12,3,15,0,0,12,3
0x47befd,94.3396%,12,200,212,0,0,12,200
0x4a506c,40%,12,8,20,7,10,2,1
0x4d5e26,33.3333%,12,6,18,0,0,12,6
0x45fe34,99.8161%,12,6514,6526,0,0,12,6514
0x476231,99.9219%,12,15356,15368,0,0,12,15356
0x4a11c1,76.9231%,12,40,52,40,12,0,0
0x4a11d0,76.9231%,12,40,52,6,11,1,34
0x4a667c,64.7059%,12,22,34,0,3,9,22
0x420a1a,99.0499%,12,1251,1263,1251,12,0,0
0x4be9ff,99.8749%,12,9577,9589,0,2,10,9577
0x48e3a1,58.6207%,12,17,29,0,0,12,17
0x4b96b8,99.2467%,12,1581,1593,0,0,12,1581
0x4a8851,82.0896%,12,55,67,55,12,0,0
0x4b3b14,88.2353%,12,90,102,90,12,0,0
0x41b691,90.4762%,12,114,126,114,12,0,0
0x49c738,82.6087%,12,57,69,38,12,0,19
0x4ac395,98.6928%,12,906,918,0,0,12,906
0x60a83e,25%,12,4,16,4,12,0,0
0x4bb011,0%,12,0,12,0,12,0,0
0x4c4eb4,99.2021%,12,1492,1504,1492,12,0,0
0x48c71a,99.4841%,12,2314,2326,2314,12,0,0
0x4d0547,99.5054%,12,2414,2426,0,0,12,2414
0x4abfd5,40%,12,8,20,8,12,0,0
0x458c72,40%,12,8,20,8,12,0,0
0x4d6d54,99.0984%,12,1319,1331,1319,12,0,0
0x4b16a1,88.4615%,12,92,104,0,0,12,92
0x60b07a,25%,12,4,16,2,3,9,2
0x4cd4a3,99.2376%,12,1562,1574,1562,12,0,0
0x4be616,94.6429%,12,212,224,0,6,6,212
0x401f7c,89.5652%,12,103,115,103,6,6,0
0x458c12,58.6207%,12,17,29,17,12,0,0
0x5ded41,20%,12,3,15,3,9,3,0
0x47cbc5,99.4222%,12,2065,2077,2065,12,0,0
0x4c500a,99.6182%,12,3131,3143,3131,12,0,0
0x5f311f,99.5487%,12,2647,2659,0,0,12,2647
0x45a876,85%,12,68,80,67,11,1,1
0x5f0738,92.638%,12,151,163,0,0,12,151
0x4acbaa,76.4706%,12,39,51,39,12,0,0
0x4acbce,76.4706%,12,39,51,33,1,11,6
0x4d1fc1,20%,12,3,15,0,0,12,3
0x4281f7,20%,12,3,15,3,0,12,0
0x45c298,82.6087%,12,57,69,10,6,6,47
0x4b8d62,91.4286%,12,128,140,128,12,0,0
0x4c6404,99.9901%,12,121165,121177,121165,12,0,0
0x4a0899,66.6667%,12,24,36,24,12,0,0
0x4a3a9e,29.4118%,12,5,17,5,12,0,0
0x46feca,99.9531%,12,25576,25588,25576,12,0,0
0x4c3e1f,0%,12,0,12,0,12,0,0
0x47383b,97.4138%,12,452,464,452,12,0,0
0x4bb1e2,99.1649%,12,1425,1437,1425,12,0,0
0x47673a,82.0896%,12,55,67,0,0,12,55
0x5dd8f3,78.9474%,12,45,57,44,4,8,1
0x49f68d,94.0594%,12,190,202,190,12,0,0
0x48cb87,98.1595%,12,640,652,523,10,2,117
0x419254,72.093%,12,31,43,31,12,0,0
0x46719b,98.4375%,12,756,768,756,12,0,0
0x4daee9,99.9414%,12,20455,20467,0,0,12,20455
0x4214d6,86.0465%,12,74,86,74,12,0,0
0x4274cd,0%,12,0,12,0,0,12,0
0x4d59e2,99.7015%,12,4008,4020,4008,4,8,0
0x4d6207,96.0133%,12,289,301,0,0,12,289
0x42090a,99.0499%,12,1251,1263,0,0,12,1251
0x408e9b,50%,12,12,24,12,12,0,0
0x4a2fd0,63.6364%,12,21,33,9,8,4,12
0x5fac9f,90.0826%,12,109,121,106,9,3,3
0x49b8c4,36.8421%,12,7,19,7,12,0,0
0x4458e3,97.4359%,12,456,468,456,12,0,0
0x4dda94,33.3333%,12,6,18,6,12,0,0
0x46e96b,98.7124%,12,920,932,920,12,0,0
0x4d2fa5,40%,12,8,20,8,12,0,0
0x46d653,96.1783%,12,302,314,0,8,4,302
0x5f3087,99.5487%,12,2647,2659,2647,12,0,0
0x443381,97.4359%,12,456,468,456,12,0,0
0x463c1b,99.5231%,12,2504,2516,126,5,7,2378
0x476866,99.1098%,12,1336,1348,0,0,12,1336
0x46980a,97.2028%,12,417,429,0,0,12,417
0x4e28ae,83.3333%,12,60,72,1,4,8,59
0x477f3f,98.5882%,12,838,850,0,3,9,838
0x4b963d,84.2105%,12,64,76,1,11,1,63
0x46cdc2,84.2105%,12,64,76,64,12,0,0
0x45fe44,99.8161%,12,6514,6526,6513,10,2,1
0x4b3e8c,64.7059%,12,22,34,22,12,0,0
0x479bb3,99.8997%,12,11958,11970,11958,12,0,0
0x4df3ba,42.8571%,12,9,21,8,10,2,1
0x4182d1,81.5385%,12,53,65,53,11,1,0
0x4b0013,76.9231%,12,40,52,40,12,0,0
0x4d1c40,66.6667%,12,24,36,3,8,4,21
0x45b04a,86.6667%,12,78,90,0,0,12,78
0x4df12a,55.5556%,12,15,27,0,3,9,15
0x4a895c,82.8571%,12,58,70,34,0,12,24
0x45b79d,98.6577%,12,882,894,0,12,0,882
0x4bf6e9,95.3488%,12,246,258,242,2,10,4
0x50fba8,98.3075%,12,697,709,0,0,12,697
0x4b40b2,82.3529%,12,56,68,56,12,0,0
0x41b06a,81.8182%,12,54,66,54,12,0,0
0x42743c,20%,12,3,15,0,0,12,3
0x4c3aa4,55.5556%,12,15,27,0,12,0,15
0x4ad3e8,83.7838%,12,62,74,0,0,12,62
0x428544,0%,12,0,12,0,0,12,0
0x4c7861,98.0322%,11,548,559,548,9,2,0
0x4ad21c,35.2941%,11,6,17,0,0,11,6
0x4b8f6e,99.8859%,11,9633,9644,0,0,11,9633
0x4995cb,98.2512%,11,618,629,0,0,11,618
0x5f046a,99.9117%,11,12450,12461,0,0,11,12450
0x49f714,95.9854%,11,263,274,263,11,0,0
0x466cba,97.7597%,11,480,491,0,0,11,480
0x5f2627,99.8604%,11,7870,7881,0,0,11,7870
0x4594e5,26.6667%,11,4,15,4,11,0,0
0x5fa3c4,50%,11,11,22,0,0,11,11
0x47ac82,99.8569%,11,7678,7689,0,0,11,7678
0x4a6fb7,92.8105%,11,142,153,0,0,11,142
0x406c30,0%,11,0,11,0,11,0,0
0x4a8424,69.4444%,11,25,36,25,11,0,0
0x5f155e,65.625%,11,21,32,0,0,11,21
0x45a5a2,86.4198%,11,70,81,0,0,11,70
0x5ee8f3,94.2708%,11,181,192,0,0,11,181
0x4d5803,99.7264%,11,4009,4020,4009,11,0,0
0x4115e9,99.8026%,11,5561,5572,5561,8,3,0
0x4a52ea,35.2941%,11,6,17,0,0,11,6
0x458d45,62.069%,11,18,29,0,0,11,18
0x45b493,62.069%,11,18,29,18,11,0,0
0x4df45a,47.619%,11,10,21,10,11,0,0
0x458494,0%,11,0,11,0,0,11,0
0x4d3e04,84.7222%,11,61,72,27,9,2,34
0x5f312c,99.5863%,11,2648,2659,2648,11,0,0
0x469bb1,90.8333%,11,109,120,109,11,0,0
0x41a474,99.4686%,11,2059,2070,2059,11,0,0
0x4d16e0,96.4401%,11,298,309,0,0,11,298
0x470358,97.6496%,11,457,468,0,0,11,457
0x45b13c,95.1542%,11,216,227,216,11,0,0
0x4761a7,99.7489%,11,4370,4381,0,0,11,4370
0x5ef114,99.3206%,11,1608,1619,0,0,11,1608
0x4a4d81,45%,11,9,20,9,11,0,0
0x4cb526,97.8887%,11,510,521,510,11,0,0
0x4a658d,42.1053%,11,8,19,8,11,0,0
0x45fe21,99.8314%,11,6515,6526,6493,8,3,22
0x608bdf,96.4052%,11,295,306,290,1,10,5
0x5df420,69.4444%,11,25,36,25,8,3,0
0x475f73,99.9795%,11,53767,53778,53767,11,0,0
0x49d316,67.6471%,11,23,34,0,0,11,23
0x4573cf,90.3509%,11,103,114,103,11,0,0
0x427eb5,26.6667%,11,4,15,0,0,11,4
0x478306,98.5392%,11,742,753,0,0,11,742
0x46edc6,97.7867%,11,486,497,78,11,0,408
0x4dafa3,99.9463%,11,20456,20467,0,0,11,20456
0x420813,73.1707%,11,30,41,0,0,11,30
0x408be6,96.53%,11,306,317,306,11,0,0
0x407bee,99.911%,11,12346,12357,0,0,11,12346
0x412b5d,74.4186%,11,32,43,0,0,11,32
0x4d6d76,66.6667%,11,22,33,22,11,0,0
0x4593a5,26.6667%,11,4,15,0,3,8,4
0x478250,98.5392%,11,742,753,0,0,11,742
0x478f98,73.1707%,11,30,41,30,11,0,0
0x47931d,99.2706%,11,1497,1508,1497,11,0,0
0x4458fd,97.6496%,11,457,468,0,0,11,457
0x5f2f6b,99.6296%,11,2959,2970,2959,11,0,0
0x401b40,99.6271%,11,2939,2950,2939,11,0,0
0x5df8d1,26.6667%,11,4,15,0,0,11,4
0x4bb867,94.9074%,11,205,216,205,11,0,0
0x411749,97.5225%,11,433,444,0,0,11,433
0x4c6c6a,38.8889%,11,7,18,7,11,0,0
0x4b8c2a,92.1429%,11,129,140,0,0,11,129
0x49b7a6,42.1053%,11,8,19,8,11,0,0
0x4ca621,99.9042%,11,11472,11483,11472,11,0,0
0x47a10f,93.1677%,11,150,161,0,0,11,150
0x469c50,90.8333%,11,109,120,0,0,11,109
0x4acb75,35.2941%,11,6,17,0,0,11,6
0x4c63e6,99.9909%,11,121166,121177,121166,11,0,0
0x4c8c03,35.2941%,11,6,17,6,11,0,0
0x4bf7fd,59.2593%,11,16,27,7,10,1,9
0x4a2b7f,72.5%,11,29,40,29,8,3,0
0x4a5e73,35.2941%,11,6,17,0,0,11,6
0x4c22be,97.7413%,11,476,487,476,11,0,0
0x4d1082,97.3105%,11,398,409,398,11,0,0
0x4d5fb3,99.6599%,11,3223,3234,3223,11,0,0
0x4de277,62.069%,11,18,29,18,11,0,0
0x4c9f19,99.9543%,11,24066,24077,24066,11,0,0
0x4a614d,96.83%,11,336,347,0,0,11,336
0x45b082,91.2698%,11,115,126,115,11,0,0
0x46f2ba,76.5957%,11,36,47,16,0,11,20
0x4ac9cb,67.6471%,11,23,34,0,0,11,23
0x4b5b32,67.6471%,11,23,34,12,5,6,11
0x4bd46b,99.6694%,11,3316,3327,0,0,11,3316
0x5ef0c2,99.3206%,11,1608,1619,0,0,11,1608
0x477f5b,96.6049%,11,313,324,313,11,0,0
0x417ff2,99.6173%,11,2863,2874,0,0,11,2863
0x48d639,99.8245%,11,6258,6269,0,0,11,6258
0x5f3184,99.5863%,11,2648,2659,0,9,2,2648
0x5f304f,99.5863%,11,2648,2659,0,0,11,2648
0x4e09d6,84.7222%,11,61,72,51,0,11,10
0x479bf2,99.9081%,11,11959,11970,0,0,11,11959
0x4d374d,99.626%,11,2930,2941,0,0,11,2930
0x476e48,99.7524%,11,4431,4442,0,0,11,4431
0x4649fb,26.6667%,11,4,15,4,11,0,0
0x4b9b80,93.125%,11,149,160,149,11,0,0
0x476158,99.9672%,11,33540,33551,33540,11,0,0
0x5ded35,26.6667%,11,4,15,2,4,7,2
0x4acb90,35.2941%,11,6,17,0,0,11,6
0x459cd0,63.3333%,11,19,30,0,0,11,19
0x4a2d80,78.8462%,11,41,52,30,3,8,11
0x4a2558,96.0432%,11,267,278,267,11,0,0
0x473a86,97.6293%,11,453,464,453,11,0,0
0x473907,97.6293%,11,453,464,0,0,11,453
0x47936e,79.6296%,11,43,54,43,11,0,0
0x60a31b,78%,11,39,50,0,0,11,39
0x408cfc,88.7755%,11,87,98,14,7,4,73
0x413693,72.5%,11,29,40,0,0,11,29
0x4bd3a3,99.6794%,11,3420,3431,1643,3,8,1777
0x4bac0f,99.3548%,11,1694,1705,0,0,11,1694
0x4c4e5e,99.539%,11,2375,2386,0,0,11,2375
0x4701c9,97.6496%,11,457,468,0,0,11,457
0x45b748,98.7696%,11,883,894,883,11,0,0
0x445941,97.6496%,11,457,468,0,0,11,457
0x4bdf2b,89.5238%,11,94,105,0,2,9,94
0x46302c,88.5417%,11,85,96,0,0,11,85
0x609db6,62.069%,11,18,29,0,0,11,18
0x457fb0,38.8889%,11,7,18,7,11,0,0
0x4d5866,99.4742%,11,2081,2092,1,7,4,2080
0x48bacb,96.7552%,11,328,339,0,0,11,328
0x445d7a,98.5897%,11,769,780,769,11,0,0
0x4c48c4,98.3508%,11,656,667,5,7,4,651
0x408d34,99.2069%,11,1376,1387,0,0,11,1376
0x4635ed,88.5417%,11,85,96,85,11,0,0
0x4ad6bb,67.6471%,11,23,34,23,11,0,0
0x4c6ca5,99.807%,11,5688,5699,1,2,9,5687
0x6068ae,99.3899%,11,1792,1803,0,0,11,1792
0x60ab3c,60.7143%,11,17,28,4,5,6,13
0x4d064e,99.8296%,10,5859,5869,5859,10,0,0
0x413707,72.973%,10,27,37,23,10,0,4
0x46cbe6,86.8421%,10,66,76,66,10,0,0
0x4d63e5,99.8777%,10,8169,8179,0,3,7,8169
0x4be719,99.9017%,10,10164,10174,0,0,10,10164
0x406df9,69.697%,10,23,33,0,0,10,23
0x4a5884,70.5882%,10,24,34,24,10,0,0
0x4b8a6b,73.6842%,10,28,38,28,10,0,0
0x47b5fc,99.3316%,10,1486,1496,1486,10,0,0
0x466c89,97.9633%,10,481,491,481,10,0,0
0x47b3dd,99.9022%,10,10210,10220,0,0,10,10210
0x4434d1,97.8632%,10,458,468,458,10,0,0
0x4c6103,44.4444%,10,8,18,5,4,6,3
0x4c3e7f,62.963%,10,17,27,14,4,6,3
0x412e12,75%,10,30,40,1,3,7,29
0x5fa2b8,56.5217%,10,13,23,13,10,0,0
0x45769d,93.1973%,10,137,147,0,0,10,137
0x428076,33.3333%,10,5,15,0,0,10,5
0x47b18a,99.9178%,10,12149,12159,0,0,10,12149
0x46ce62,58.3333%,10,14,24,0,0,10,14
0x48c47e,94.709%,10,179,189,179,10,0,0
0x4c58e7,99.9768%,10,43042,43052,0,0,10,43042
0x4c75c8,96.5278%,10,278,288,278,10,0,0
0x40798c,0%,10,0,10,0,0,10,0
0x4a74f8,41.1765%,10,7,17,0,0,10,7
0x4701f4,97.8632%,10,458,468,458,10,0,0
0x4c4b25,99.9925%,10,132598,132608,0,0,10,132598
0x47b5b4,99.6514%,10,2859,2869,2859,10,0,0
0x4ccf04,99.4441%,10,1789,1799,1789,6,4,0
0x48cc1c,96.9136%,10,314,324,0,0,10,314
0x47643c,99.924%,10,13146,13156,13146,10,0,0
0x4acd5c,80.3922%,10,41,51,26,8,2,15
0x60a123,61.5385%,10,16,26,0,0,10,16
0x4a6393,92.1875%,10,118,128,13,6,4,105
0x4b6b27,41.1765%,10,7,17,7,10,0,0
0x4783e9,98.672%,10,743,753,743,10,0,0
0x48c964,99.7102%,10,3441,3451,0,0,10,3441
0x4b2498,70.5882%,10,24,34,8,9,1,16
0x4214ef,47.3684%,10,9,19,0,0,10,9
0x47b22d,99.9166%,10,11974,11984,0,0,10,11974
0x4a4d73,72.973%,10,27,37,8,9,1,19
0x5f1730,95.122%,10,195,205,0,0,10,195
0x4b040a,97.9253%,10,472,482,0,0,10,472
0x4990c0,98.6979%,10,758,768,758,10,0,0
0x457efb,58.3333%,10,14,24,0,0,10,14
0x4c6728,95.9677%,10,238,248,0,2,8,238
0x47bacc,90.991%,10,101,111,0,8,2,101
0x45b10e,95.5947%,10,217,227,217,10,0,0
0x5ef151,37.5%,10,6,16,0,0,10,6
0x457249,99.3769%,10,1595,1605,1595,10,0,0
0x479416,77.7778%,10,35,45,35,10,0,0
0x46f168,37.5%,10,6,16,6,10,0,0
0x47bb47,90.2913%,10,93,103,92,7,3,1
0x50fc6d,90.991%,10,101,111,0,3,7,101
0x46f249,37.5%,10,6,16,0,0,10,6
0x499f6f,72.2222%,10,26,36,0,0,10,26
0x4d8f77,99.5652%,10,2290,2300,2290,10,0,0
0x402577,97.7169%,10,428,438,176,10,0,252
0x45ac39,95.7627%,10,226,236,226,10,0,0
0x478be6,99.5336%,10,2134,2144,0,0,10,2134
0x4c3b8e,99.1896%,10,1224,1234,1224,10,0,0
0x478bdb,99.5336%,10,2134,2144,0,0,10,2134
0x4d57c8,99.9646%,10,28263,28273,0,0,10,28263
0x49f5bd,70.5882%,10,24,34,0,0,10,24
0x4d5df4,99.6919%,10,3236,3246,0,0,10,3236
0x4438cc,97.8632%,10,458,468,0,0,10,458
0x4600ce,99.8466%,10,6507,6517,0,0,10,6507
0x467a6b,66.6667%,10,20,30,20,10,0,0
0x4cdf27,99.9241%,10,13172,13182,13172,10,0,0
0x428a63,97.8632%,10,458,468,0,0,10,458
0x45a309,33.3333%,10,5,15,5,10,0,0
0x49ed23,70.5882%,10,24,34,24,10,0,0
0x4c4d97,94.6809%,10,178,188,95,6,4,83
0x4c238b,99.2487%,10,1321,1331,0,0,10,1321
0x45a0eb,44.4444%,10,8,18,8,10,0,0
0x47d178,96.2825%,10,259,269,259,10,0,0
0x4cbcc6,97.7477%,10,434,444,0,0,10,434
0x420a5a,99.2082%,10,1253,1263,1253,10,0,0
0x45a796,87.6543%,10,71,81,71,10,0,0
0x4285f1,93.6306%,10,147,157,0,0,10,147
0x4a86dd,93.6306%,10,147,157,147,10,0,0
0x48c44d,94.709%,10,179,189,0,0,10,179
0x463188,89.5833%,10,86,96,86,10,0,0
0x42862f,85.2941%,10,58,68,58,10,0,0
0x46c33c,98.4227%,10,624,634,0,0,10,624
0x5ef430,99.0458%,10,1038,1048,1038,10,0,0
0x4615f3,98.4351%,10,629,639,629,10,0,0
0x4c5993,99.979%,10,47622,47632,1,6,4,47621
0x4ce13e,97.955%,10,479,489,479,10,0,0
0x4a3dbc,87.9518%,10,73,83,9,7,3,64
0x47a2be,98.9429%,10,936,946,0,0,10,936
0x50fa56,47.3684%,10,9,19,1,2,8,8
0x48b8f0,76.1905%,10,32,42,32,10,0,0
0x48cdc7,97.0501%,10,329,339,329,10,0,0
0x45e926,41.1765%,10,7,17,0,0,10,7
0x411a33,97.7477%,10,434,444,434,7,3,0
0x417393,92.5373%,10,124,134,124,10,0,0
0x4cd22e,97.669%,10,419,429,0,0,10,419
0x46796f,66.6667%,10,20,30,20,10,0,0
0x608c3f,95.2381%,10,200,210,7,2,8,193
0x477e5d,93.6306%,10,147,157,0,0,10,147
0x4cd80f,97.669%,10,419,429,0,0,10,419
0x40a597,97.2527%,10,354,364,354,10,0,0
0x41ae1a,33.3333%,10,5,15,5,10,0,0
0x420917,99.2082%,10,1253,1263,0,0,10,1253
0x50955d,66.6667%,10,20,30,0,0,10,20
0x457e7c,72.2222%,10,26,36,4,8,2,22
0x49ec2a,80%,10,40,50,40,10,0,0
0x41d380,37.5%,10,6,16,0,0,10,6
0x46f2c7,67.7419%,10,21,31,0,0,10,21
0x41bcbb,98.5775%,10,693,703,693,10,0,0
0x49b774,72.2222%,10,26,36,0,0,10,26
0x4c8881,54.5455%,10,12,22,12,10,0,0
0x5f2e12,99.6633%,10,2960,2970,0,0,10,2960
0x47829b,98.672%,10,743,753,0,0,10,743
0x60b7ba,65.5172%,10,19,29,6,7,3,13
0x48bdde,85.9155%,10,61,71,0,0,10,61
0x47d98a,97.7169%,10,428,438,0,0,10,428
0x4c5c72,98.3636%,9,541,550,0,0,9,541
0x4a84ae,90.9091%,9,90,99,11,8,1,79
0x46778b,85.2459%,9,52,61,52,9,0,0
0x4d575a,99.9682%,9,28264,28273,28264,9,0,0
0x4aca74,77.5%,9,31,40,25,9,0,6
0x44feac,0%,9,0,9,0,0,9,0
0x45b810,98.9796%,9,873,882,873,9,0,0
0x5f3073,99.6615%,9,2650,2659,0,0,9,2650
0x450121,0%,9,0,9,0,0,9,0
0x40286d,99.6226%,9,2376,2385,0,0,9,2376
0x45c24d,98.1328%,9,473,482,0,0,9,473
0x60b31c,84.7458%,9,50,59,0,7,2,50
0x4a8a6f,73.5294%,9,25,34,0,0,9,25
0x4a5c70,73.5294%,9,25,34,25,9,0,0
0x4b22e1,25%,9,3,12,3,9,0,0
0x453508,0%,9,0,9,0,0,9,0
0x5ee889,94.1558%,9,145,154,0,0,9,145
0x476840,98.5318%,9,604,613,0,0,9,604
0x49ce63,99.6253%,9,2393,2402,134,5,4,2259
0x476b9e,99.7949%,9,4380,4389,0,0,9,4380
0x4c5bfc,99.9811%,9,47634,47643,47544,0,9,90
0x4cd63f,97.9215%,9,424,433,424,9,0,0
0x457dd1,96.4706%,9,246,255,246,9,0,0
0x5f1721,95.6098%,9,196,205,0,0,9,196
0x4d6344,99.2851%,9,1250,1259,0,9,0,1250
0x469e7c,64%,9,16,25,0,0,9,16
0x48c3eb,95.2381%,9,180,189,180,9,0,0
0x609ca6,71.875%,9,23,32,0,8,1,23
0x4c59a7,99.9811%,9,47634,47643,0,0,9,47634
0x46d950,99.2098%,9,1130,1139,0,0,9,1130
0x4a782d,91.5888%,9,98,107,0,0,9,98
0x428a7b,98.0769%,9,459,468,0,0,9,459
0x4cfa83,93.9189%,9,139,148,139,9,0,0
0x4c6ba5,99.9932%,9,132599,132608,0,0,9,132599
0x47711c,25%,9,3,12,3,9,0,0
0x464f3b,0%,9,0,9,0,9,0,0
0x45a048,0%,9,0,9,0,9,0,0
0x4d2e00,84.4828%,9,49,58,48,7,2,1
0x4cb97a,80.8511%,9,38,47,0,0,9,38
0x4a5e78,47.0588%,9,8,17,0,0,9,8
0x4baf81,72.7273%,9,24,33,24,9,0,0
0x49ee2d,75%,9,27,36,27,9,0,0
0x4cd19c,99.1565%,9,1058,1067,0,0,9,1058
0x4a5e65,47.0588%,9,8,17,0,0,9,8
0x467261,94.8571%,9,166,175,166,9,0,0
0x48d6a0,0%,9,0,9,0,9,0,0
0x464508,97.6744%,9,378,387,378,9,0,0
0x46cccc,88.1579%,9,67,76,0,0,9,67
0x45b3d9,93.4783%,9,129,138,0,0,9,129
0x45d974,66.6667%,9,18,27,18,9,0,0
0x45c222,98.1328%,9,473,482,473,9,0,0
0x4b958e,98.527%,9,602,611,602,9,0,0
0x4a2ab1,89.1566%,9,74,83,0,0,9,74
0x47c2ba,70%,9,21,30,0,0,9,21
0x632e5f,0%,9,0,9,0,9,0,0
0x47d440,99.8181%,9,4938,4947,4938,9,0,0
0x49c1a1,75%,9,27,36,10,9,0,17
0x4a1392,82.6923%,9,43,52,43,9,0,0
0x4c893a,89.5349%,9,77,86,0,3,6,77
0x47da5e,99.6815%,9,2817,2826,2817,9,0,0
0x47d9ef,99.6831%,9,2831,2840,2831,9,0,0
0x4a7701,97.0874%,9,300,309,300,9,0,0
0x50fbf3,64%,9,16,25,10,8,1,6
0x4c642b,99.9926%,9,121168,121177,121168,1,8,0
0x47c671,10%,9,1,10,1,9,0,0
0x4b16de,71.875%,9,23,32,0,0,9,23
0x427bc1,40%,9,6,15,0,0,9,6
0x46d95c,99.2098%,9,1130,1139,1130,9,0,0
0x5f0533,99.7277%,9,3296,3305,0,0,9,3296
0x41ae06,91.8919%,9,102,111,92,4,5,10
0x4c4188,93.8356%,9,137,146,137,9,0,0
0x4b8c43,62.5%,9,15,24,15,9,0,0
0x46ca8e,88.1579%,9,67,76,67,9,0,0
0x4cc745,0%,9,0,9,0,0,9,0
0x4abee1,93.8356%,9,137,146,0,0,9,137
0x4458bc,98.0769%,9,459,468,459,9,0,0
0x4d107d,97.7995%,9,400,409,0,0,9,400
0x4bdeec,43.75%,9,7,16,0,0,9,7
0x459cf1,93.0233%,9,120,129,0,0,9,120
0x45fcc4,86.3636%,9,57,66,57,6,3,0
0x50f868,52.6316%,9,10,19,0,0,9,10
0x48ae1f,57.1429%,9,12,21,0,0,9,12
0x4d8ebb,99.9401%,9,15025,15034,15025,9,0,0
0x49b794,75%,9,27,36,17,0,9,10
0x477178,99.9678%,9,27982,27991,27982,9,0,0
0x4b5fe6,47.0588%,9,8,17,0,0,9,8
0x478271,98.8048%,9,744,753,744,9,0,0
0x4dfb07,85.7143%,9,54,63,49,2,7,5
0x49cc08,98.4183%,9,560,569,0,0,9,560
0x443649,98.0769%,9,459,468,0,0,9,459
0x45a788,88.8889%,9,72,81,72,9,0,0
0x406ca8,18.1818%,9,2,11,0,0,9,2
0x4b6c06,47.0588%,9,8,17,8,9,0,0
0x47c913,99.5011%,9,1795,1804,1795,9,0,0
0x4d0569,99.8851%,9,7822,7831,0,0,9,7822
0x40550a,0%,9,0,9,0,9,0,0
0x4e28fc,87.5%,9,63,72,63,9,0,0
0x46d96c,99.2098%,9,1130,1139,1130,9,0,0
0x50fd0e,93.3824%,9,127,136,126,9,0,1
0x4ca5cd,99.9216%,9,11474,11483,11474,9,0,0
0x4bb04c,94.1558%,9,145,154,0,6,3,145
0x459396,40%,9,6,15,0,0,9,6
0x4b5f76,47.0588%,9,8,17,8,9,0,0
0x49f012,47.0588%,9,8,17,8,9,0,0
0x4cf6de,99.9459%,9,16636,16645,16636,9,0,0
0x50fb76,98.1557%,9,479,488,479,7,2,0
0x4df717,0%,9,0,9,0,0,9,0
0x48a95d,78.5714%,9,33,42,12,9,0,21
0x47af53,99.6424%,9,2508,2517,0,0,9,2508
0x4bc7c0,91.2621%,9,94,103,88,9,0,6
0x401717,95.7346%,9,202,211,202,9,0,0
0x4782f1,98.8048%,9,744,753,744,9,0,0
0x60b4be,65.3846%,9,17,26,17,9,0,0
0x406b8f,83.3333%,9,45,54,45,9,0,0
0x4073da,72.7273%,9,24,33,4,6,3,20
0x49f58e,73.5294%,9,25,34,0,0,9,25
0x4d9605,65.3846%,9,17,26,0,0,9,17
0x443530,98.0769%,9,459,468,459,9,0,0
0x4c3b0a,99.2556%,9,1200,1209,0,0,9,1200
0x47ce3c,99.8184%,9,4947,4956,0,9,0,4947
0x46cc80,88.1579%,9,67,76,67,9,0,0
0x4dc0ed,90.7216%,9,88,97,0,0,9,88
0x477f9e,99.736%,9,3400,3409,0,0,9,3400
0x49f538,73.5294%,9,25,34,0,0,9,25
0x41224b,97.9452%,9,429,438,429,9,0,0
0x4655b2,93.2836%,9,125,134,2,4,5,123
0x46f54a,43.75%,9,7,16,0,0,9,7
0x47aa19,99.9419%,9,15489,15498,15489,9,0,0
0x47cee4,76.9231%,9,30,39,30,9,0,0
0x45ab94,96.4286%,9,243,252,243,9,0,0
0x4c891d,96.8966%,9,281,290,0,2,7,281
0x5df8eb,46.6667%,8,7,15,7,2,6,0
0x459770,92.1569%,8,94,102,90,7,1,4
0x4a63ed,57.8947%,8,11,19,0,0,8,11
0x4daa08,99.8907%,8,7310,7318,7310,8,0,0
0x469bfc,93.3333%,8,112,120,0,0,8,112
0x45dbd2,0%,8,0,8,0,8,0,0
0x4cc76a,60%,8,12,20,0,0,8,12
0x47b5c7,99.7212%,8,2861,2869,0,0,8,2861
0x478cf4,99.5258%,8,1679,1687,0,0,8,1679
0x412e23,77.7778%,8,28,36,0,0,8,28
0x47aa7e,99.9597%,8,19827,19835,0,0,8,19827
0x41a4ce,99.8893%,8,7221,7229,0,0,8,7221
0x45dd38,0%,8,0,8,0,8,0,0
0x460cff,75%,8,24,32,0,0,8,24
0x426f1f,50%,8,8,16,0,8,0,8
0x4a8542,75%,8,24,32,24,8,0,0
0x4b6a55,52.9412%,8,9,17,9,8,0,0
0x47b007,0%,8,0,8,0,8,0,0
0x4d1402,98.1395%,8,422,430,0,0,8,422
0x44607d,98.2906%,8,460,468,0,0,8,460
0x4c4e94,99.6528%,8,2296,2304,2296,8,0,0
0x4658f7,90.5882%,8,77,85,77,8,0,0
0x459e62,33.3333%,8,4,12,4,8,0,0
0x419425,99.9708%,8,27434,27442,27434,8,0,0
0x4bd463,99.7595%,8,3319,3327,0,0,8,3319
0x47a2c8,99.1543%,8,938,946,938,8,0,0
0x46552d,11.1111%,8,1,9,1,8,0,0
0x4c3b13,99.3383%,8,1201,1209,1201,8,0,0
0x4a72ed,91.4894%,8,86,94,0,0,8,86
0x5ef029,99.9261%,8,10824,10832,10824,8,0,0
0x4a75b6,76.4706%,8,26,34,26,8,0,0
0x5f2d72,99.7306%,8,2962,2970,0,0,8,2962
0x4d64e9,99.2032%,8,996,1004,996,8,0,0
0x469723,95.5056%,8,170,178,170,8,0,0
0x4deb18,70.3704%,8,19,27,8,4,4,11
0x5deec8,83.3333%,8,40,48,3,0,8,37
0x47b9d2,96.2963%,8,208,216,5,0,8,203
0x4b5ab9,76.4706%,8,26,34,26,8,0,0
0x45f16f,0%,8,0,8,0,8,0,0
0x4a4565,78.3784%,8,29,37,14,3,5,15
0x47d6cf,0%,8,0,8,0,0,8,0
0x469e8f,68%,8,17,25,0,0,8,17
0x5deee5,82.2222%,8,37,45,3,0,8,34
0x4a5337,52.9412%,8,9,17,0,0,8,9
0x60b66a,77.1429%,8,27,35,17,6,2,10
0x4d8a3c,69.2308%,8,18,26,0,0,8,18
0x4ca8d0,99.7012%,8,2669,2677,2669,8,0,0
0x4be851,99.9212%,8,10150,10158,10138,8,0,12
0x498403,91.1111%,8,82,90,0,3,5,82
0x63387a,85.9649%,8,49,57,0,0,8,49
0x608c20,96.1905%,8,202,210,0,0,8,202
0x40a602,97.5385%,8,317,325,0,0,8,317
0x421535,0%,8,0,8,0,8,0,0
0x45afda,98.234%,8,445,453,0,6,2,445
0x4abeb6,87.8788%,8,58,66,0,0,8,58
0x50b006,92.7928%,8,103,111,0,0,8,103
0x4abe7c,87.8788%,8,58,66,58,8,0,0
0x428625,88.2353%,8,60,68,0,0,8,60
0x47d6fd,0%,8,0,8,0,8,0,0
0x457f17,66.6667%,8,16,24,0,0,8,16
0x4e2c0b,88.8889%,8,64,72,0,0,8,64
0x407bf6,99.9353%,8,12349,12357,0,0,8,12349
0x49e9aa,76.4706%,8,26,34,26,8,0,0
0x5f086d,79.4872%,8,31,39,31,8,0,0
0x48abf2,80.9524%,8,34,42,34,8,0,0
0x4a3e04,50%,8,8,16,8,8,0,0
0x4d91fa,69.2308%,8,18,26,0,0,8,18
0x4a734e,94.7712%,8,145,153,145,8,0,0
0x4a7318,78.3784%,8,29,37,9,8,0,20
0x609e57,46.6667%,8,7,15,0,0,8,7
0x47a020,95.0311%,8,153,161,153,8,0,0
0x4bee73,99.9936%,8,124158,124166,1,3,5,124157
0x45ac02,96.8254%,8,244,252,0,3,5,244
0x46d6d5,93.7008%,8,119,127,0,0,8,119
0x4c89bc,63.6364%,8,14,22,0,5,3,14
0x45b84a,33.3333%,8,4,12,4,8,0,0
0x48baaa,97.6401%,8,331,339,331,5,3,0
0x48ba93,97.6401%,8,331,339,0,0,8,331
0x4d1ddb,97.0696%,8,265,273,0,0,8,265
0x45ff74,99.8774%,8,6518,6526,6518,8,0,0
0x47d0b9,55.5556%,8,10,18,0,0,8,10
0x5f260c,99.8985%,8,7873,7881,7873,8,0,0
0x609e65,46.6667%,8,7,15,0,0,8,7
0x4190b4,81.3953%,8,35,43,35,8,0,0
0x49cbf7,99.6669%,8,2394,2402,1827,6,2,567
0x4770a0,33.3333%,8,4,12,4,8,0,0
0x4cfc30,99.9063%,8,8529,8537,8529,8,0,0
0x4d8fc6,99.7947%,8,3888,3896,0,0,8,3888
0x4d90d1,99.6705%,8,2420,2428,0,0,8,2420
0x5f076b,94.2446%,8,131,139,0,0,8,131
0x42108b,99.1091%,8,890,898,890,8,0,0
0x420831,95.3757%,8,165,173,165,7,1,0
0x47bab6,92.7928%,8,103,111,0,0,8,103
0x4d61cc,98.5989%,8,563,571,561,6,2,2
0x45005b,11.1111%,8,1,9,0,0,8,1
0x4b950d,81.8182%,8,36,44,36,8,0,0
0x60a1b8,99.9449%,8,14523,14531,0,0,8,14523
0x462dd4,97.5758%,8,322,330,322,8,0,0
0x4bf88f,0%,8,0,8,0,0,8,0
0x4c3db7,70.3704%,8,19,27,0,0,8,19
0x45b892,99.1051%,8,886,894,0,0,8,886
0x5f06c6,99.8462%,8,5195,5203,0,0,8,5195
0x46ff6b,50%,8,8,16,0,0,8,8
0x609ab4,81.3953%,8,35,43,0,0,8,35
0x427db0,88.2353%,8,60,68,27,7,1,33
0x46f31a,74.1935%,8,23,31,23,8,0,0
0x4c663c,96.7742%,8,240,248,240,8,0,0
0x4d9610,69.2308%,8,18,26,0,0,8,18
0x470077,99.8158%,8,4334,4342,0,0,8,4334
0x49ac24,77.7778%,8,28,36,15,5,3,13
0x4c63b6,99.2681%,8,1085,1093,0,0,8,1085
0x4189da,93.8931%,8,123,131,123,8,0,0
0x5fa341,77.7778%,8,28,36,8,3,5,20
0x4434be,98.2906%,8,460,468,0,0,8,460
0x47c4cc,99.8709%,8,6188,6196,0,0,8,6188
0x49946e,98.7281%,8,621,629,0,0,8,621
0x464eb9,91.4894%,8,86,94,0,0,8,86
0x464ff5,98.513%,8,530,538,0,0,8,530
0x45921d,52.9412%,8,9,17,9,8,0,0
0x5f0b81,80%,8,32,40,32,0,8,0
0x41a51c,99.8437%,8,5109,5117,0,0,8,5109
0x41abb6,81.3953%,8,35,43,0,0,8,35
0x4c7d5b,99.7794%,8,3619,3627,0,0,8,3619
0x60b21e,91.4894%,8,86,94,86,8,0,0
0x5fa403,63.6364%,8,14,22,3,5,3,11
0x4daf36,99.9609%,8,20459,20467,0,0,8,20459
0x4b0781,97.8836%,8,370,378,370,8,0,0
0x428538,55.5556%,8,10,18,3,0,8,7
0x46995c,98.7281%,8,621,629,0,0,8,621
0x48cd7f,98.4991%,8,525,533,0,0,8,525
0x44384f,98.2906%,8,460,468,460,8,0,0
0x42842a,46.6667%,8,7,15,7,8,0,0
0x4282e0,46.6667%,8,7,15,2,7,1,5
0x45da8e,89.8734%,8,71,79,71,8,0,0
0x509549,73.3333%,8,22,30,0,0,8,22
0x5ded22,33.3333%,8,4,12,0,0,8,4
0x41d36d,50%,8,8,16,0,0,8,8
0x49a9bf,77.7778%,8,28,36,28,8,0,0
0x4cfc77,99.9063%,8,8529,8537,8529,8,0,0
0x4d79de,0%,8,0,8,0,0,8,0
0x4d79e5,0%,8,0,8,0,8,0,0
0x424704,0%,8,0,8,0,0,8,0
0x48d694,11.1111%,8,1,9,0,0,8,1
0x49ef32,96.7078%,8,235,243,235,8,0,0
0x50f3fc,99.8985%,8,7873,7881,7873,8,0,0
0x41133e,98.2906%,8,460,468,0,0,8,460
0x46ad98,99.2727%,8,1092,1100,0,0,8,1092
0x49be80,77.7778%,8,28,36,17,0,8,11
0x5f04d5,99.8951%,8,7618,7626,0,0,8,7618
0x4459f1,98.2906%,8,460,468,460,8,0,0
0x46cc1a,89.4737%,8,68,76,0,0,8,68
0x4e2b97,88.8889%,8,64,72,64,8,0,0
0x4a5d96,76.4706%,8,26,34,0,0,8,26
0x459f4d,55.5556%,8,10,18,10,8,0,0
0x44321e,98.2906%,8,460,468,460,8,0,0
0x4d16ea,97.411%,8,301,309,301,8,0,0
0x41132f,98.2906%,8,460,468,0,0,8,460
0x4672e2,98.9583%,8,760,768,760,8,0,0
0x4ac0b7,60%,8,12,20,11,6,2,1
0x4b9607,89.4737%,8,68,76,0,0,8,68
0x4a2ebf,75.7576%,8,25,33,0,0,8,25
0x4dcdcb,97.7591%,8,349,357,349,8,0,0
0x4d0697,73.3333%,8,22,30,22,8,0,0
0x45f054,0%,8,0,8,0,8,0,0
0x420d0a,85.4545%,8,47,55,47,8,0,0
0x470364,98.2906%,8,460,468,460,8,0,0
0x401874,76.4706%,8,26,34,0,0,8,26
0x4c268d,99.8639%,8,5872,5880,5872,8,0,0
0x608d70,96.0591%,8,195,203,195,0,8,0
0x406d72,30%,7,3,10,3,7,0,0
0x5f7c48,66.6667%,7,14,21,14,7,0,0
0x4a62ef,85.4167%,7,41,48,41,7,0,0
0x4c623d,99.3%,7,993,1000,993,7,0,0
0x45ab54,97.2222%,7,245,252,245,7,0,0
0x49a510,80.5556%,7,29,36,29,7,0,0
0x4decae,53.3333%,7,8,15,0,0,7,8
0x41a48f,99.9032%,7,7222,7229,0,0,7,7222
0x46f2d9,77.4194%,7,24,31,24,7,0,0
0x476c19,96.8468%,7,215,222,215,7,0,0
0x463b1e,22.2222%,7,2,9,0,0,7,2
0x4192a4,83.7209%,7,36,43,0,0,7,36
0x4df1dc,90.6667%,7,68,75,0,0,7,68
0x47a821,96.8326%,7,214,221,214,3,4,0
0x4c3f15,93.4579%,7,100,107,100,7,0,0
0x49e8eb,78.7879%,7,26,33,26,7,0,0
0x4118d0,98.4234%,7,437,444,437,7,0,0
0x47b6ef,99.756%,7,2862,2869,0,0,7,2862
0x49ca7a,99.7086%,7,2395,2402,2395,7,0,0
0x4ad2d1,79.4118%,7,27,34,14,3,4,13
0x49d2cf,79.4118%,7,27,34,0,0,7,27
0x60b1cc,73.0769%,7,19,26,2,4,3,17
0x45ee0c,66.6667%,7,14,21,14,7,0,0
0x4d8d95,65%,7,13,20,13,7,0,0
0x421e92,0%,7,0,7,0,7,0,0
0x4b5ffd,58.8235%,7,10,17,10,7,0,0
0x5ef008,99.9354%,7,10825,10832,0,0,7,10825
0x609cb7,70.8333%,7,17,24,0,0,7,17
0x479ea1,99.4685%,7,1310,1317,1310,7,0,0
0x4de2f8,75.8621%,7,22,29,22,4,3,0
0x4d8a5f,94.4444%,7,119,126,0,0,7,119
0x45ed50,58.8235%,7,10,17,10,7,0,0
0x476bef,96.8468%,7,215,222,215,7,0,0
0x47da48,50%,7,7,14,7,7,0,0
0x462a90,41.6667%,7,5,12,1,2,5,4
0x4a448d,81.0811%,7,30,37,0,0,7,30
0x47d749,12.5%,7,1,8,1,7,0,0
0x4a2df2,63.1579%,7,12,19,12,7,0,0
0x4028cb,99.7058%,7,2372,2379,2372,7,0,0
0x428207,41.6667%,7,5,12,5,7,0,0
0x478268,99.0704%,7,746,753,0,0,7,746
0x4285b7,53.3333%,7,8,15,8,7,0,0
0x45ed85,58.8235%,7,10,17,10,7,0,0
0x469732,96.0674%,7,171,178,171,7,0,0
0x45ec15,58.8235%,7,10,17,0,0,7,10
0x5f0b3e,70.8333%,7,17,24,14,2,5,3
0x427bed,97.4359%,7,266,273,266,7,0,0
0x421562,91.8605%,7,79,86,0,0,7,79
0x4a8981,90%,7,63,70,0,0,7,63
0x4d1668,66.6667%,7,14,21,13,2,5,1
0x4d9302,61.1111%,7,11,18,11,7,0,0
0x44365b,98.5043%,7,461,468,0,0,7,461
0x50f954,63.1579%,7,12,19,0,0,7,12
0x4ac095,65%,7,13,20,12,5,2,1
0x4abf22,65%,7,13,20,13,7,0,0
0x4b19a4,81.5789%,7,31,38,0,0,7,31
0x4a7039,79.4118%,7,27,34,0,0,7,27
0x47a05f,95.6522%,7,154,161,0,0,7,154
0x419018,99.9549%,7,15497,15504,15497,7,0,0
0x499715,80.5556%,7,29,36,29,7,0,0
0x458af4,41.6667%,7,5,12,5,7,0,0
0x4c8913,68.1818%,7,15,22,15,0,7,0
0x479ebd,95.6522%,7,154,161,154,7,0,0
0x4cd568,99.344%,7,1060,1067,1060,7,0,0
0x5dd982,22.2222%,7,2,9,1,5,2,1
0x4e0b52,78.7879%,7,26,33,26,7,0,0
0x48acd7,66.6667%,7,14,21,0,0,7,14
0x4c4dca,88.3333%,7,53,60,13,6,1,40
0x419232,83.7209%,7,36,43,34,6,1,2
0x479944,61.1111%,7,11,18,0,0,7,11
0x4beb8d,93.2039%,7,96,103,0,0,7,96
0x4d9619,73.0769%,7,19,26,0,0,7,19
0x47c481,96.7593%,7,209,216,209,7,0,0
0x49c1f0,80.5556%,7,29,36,29,7,0,0
0x4d1c65,72%,7,18,25,0,0,7,18
0x4112e4,98.5043%,7,461,468,0,0,7,461
0x45b0d9,22.2222%,7,2,9,0,7,0,2
0x4d09c2,66.6667%,7,14,21,0,0,7,14
0x4a7be2,93.4579%,7,100,107,87,3,4,13
0x4d91e9,73.0769%,7,19,26,0,0,7,19
0x48bc3a,98.6767%,7,522,529,522,7,0,0
0x4796fa,87.037%,7,47,54,0,0,7,47
0x40740d,99.9044%,7,7317,7324,0,0,7,7317
0x4d381c,99.762%,7,2934,2941,2934,7,0,0
0x4b9996,95.5696%,7,151,158,0,0,7,151
0x5f3103,99.7367%,7,2652,2659,0,0,7,2652
0x46c79b,99.2761%,7,960,967,0,0,7,960
0x4d59ec,12.5%,7,1,8,0,0,7,1
0x46c7bb,99.2761%,7,960,967,960,7,0,0
0x4b214d,58.8235%,7,10,17,10,7,0,0
0x445d6c,99.0028%,7,695,702,695,7,0,0
0x47955b,98.8889%,7,623,630,623,7,0,0
0x4d5d31,89.8551%,7,62,69,3,3,4,59
0x4b5ada,79.4118%,7,27,34,27,7,0,0
0x463b44,22.2222%,7,2,9,2,7,0,0
0x4b90a9,99.9637%,7,19281,19288,19281,7,0,0
0x45acd9,97.2222%,7,245,252,238,1,6,7
0x479576,98.8889%,7,623,630,623,7,0,0
0x49aa2b,80.5556%,7,29,36,29,7,0,0
0x405496,22.2222%,7,2,9,0,0,7,2
0x60a74c,50%,7,7,14,5,7,0,2
0x45b778,99.217%,7,887,894,0,0,7,887
0x47a7b4,94.7761%,7,127,134,127,7,0,0
0x4bc2b7,99.6679%,7,2101,2108,2101,4,3,0
0x467563,88.5246%,7,54,61,54,7,0,0
0x4d2077,53.3333%,7,8,15,8,7,0,0
0x41bbe6,99.0043%,7,696,703,696,7,0,0
0x4b96e4,99.807%,7,3620,3627,3620,7,0,0
0x418f70,99.6844%,7,2211,2218,2211,7,0,0
0x4d79d8,12.5%,7,1,8,0,0,7,1
0x47cd4e,99.8588%,7,4949,4956,4949,7,0,0
0x5f0c87,98.8562%,7,605,612,0,0,7,605
0x4d9754,99.9667%,7,21032,21039,0,0,7,21032
0x4bdc8e,97.5265%,7,276,283,0,0,7,276
0x4ca3ee,99.9963%,7,187977,187984,187977,7,0,0
0x4b22ff,41.6667%,7,5,12,5,1,6,0
0x457f49,70.8333%,7,17,24,17,7,0,0
0x498cc2,99.4157%,7,1191,1198,0,0,7,1191
0x45b3ca,94.9275%,7,131,138,0,0,7,131
0x402449,94.6565%,7,124,131,0,0,7,124
0x46cc76,90.7895%,7,69,76,0,0,7,69
0x608c65,96.5174%,7,194,201,0,0,7,194
0x4bd486,99.7896%,7,3320,3327,3320,7,0,0
0x6333ec,22.2222%,7,2,9,2,7,0,0
0x4574a3,82.0513%,7,32,39,0,0,7,32
0x450053,22.2222%,7,2,9,0,0,7,2
0x60b9fe,92.6316%,7,88,95,88,7,0,0
0x443823,98.5043%,7,461,468,461,7,0,0
0x4b16e7,78.125%,7,25,32,10,6,1,15
0x4a1231,63.1579%,7,12,19,12,7,0,0
0x4b6e75,58.8235%,7,10,17,0,0,7,10
0x5f2e06,99.7643%,7,2963,2970,0,0,7,2963
0x47d1d8,99.8585%,7,4940,4947,0,0,7,4940
0x478f0b,99.2746%,7,958,965,0,0,7,958
0x4d5d48,89.8551%,7,62,69,59,4,3,3
0x478ff0,84.0909%,7,37,44,1,2,5,36
0x445889,98.5043%,7,461,468,0,0,7,461
0x463a9d,99.1139%,7,783,790,782,5,2,1
0x47da36,50%,7,7,14,0,0,7,7
0x49efca,93%,7,93,100,93,7,0,0
0x4ad296,58.8235%,7,10,17,10,7,0,0
0x418bcd,99.7546%,7,2845,2852,0,0,7,2845
0x60b2be,0%,7,0,7,0,7,0,0
0x445947,98.5043%,7,461,468,461,7,0,0
0x464888,53.3333%,7,8,15,8,7,0,0
0x47657a,98.4163%,7,435,442,0,0,7,435
0x4cf6c8,99.966%,7,20564,20571,0,0,7,20564
0x5f1ed1,99.6354%,7,1913,1920,0,0,7,1913
0x4190c7,83.7209%,7,36,43,0,0,7,36
0x608c35,96.6667%,7,203,210,0,0,7,203
0x45946b,53.3333%,7,8,15,6,6,1,2
0x49ea65,86%,7,43,50,43,7,0,0
0x419166,83.7209%,7,36,43,36,7,0,0
0x45ab17,97.2222%,7,245,252,245,7,0,0
0x49cb8f,98.3721%,7,423,430,0,0,7,423
0x44599d,98.5043%,7,461,468,0,0,7,461
0x47d221,99.8585%,7,4940,4947,4940,7,0,0
0x4dafc5,99.9658%,7,20460,20467,20460,7,0,0
0x411852,98.4234%,7,437,444,0,0,7,437
0x63387f,87.7193%,7,50,57,6,0,7,44
0x4bc7dc,99.7812%,7,3192,3199,3192,7,0,0
0x476b5b,99.8405%,7,4382,4389,4382,7,0,0
0x60b75e,46.1538%,7,6,13,6,7,0,0
0x49a9ee,80.5556%,7,29,36,0,0,7,29
0x4630d9,92.7083%,7,89,96,0,0,7,89
0x4d1c59,72%,7,18,25,0,0,7,18
0x47af5c,99.7219%,7,2510,2517,2510,6,1,0
0x49c7e4,63.1579%,7,12,19,12,7,0,0
0x4b047a,79.4118%,7,27,34,27,7,0,0
0x477daa,99.5389%,7,1511,1518,0,6,1,1511
0x461640,98.8836%,7,620,627,0,0,7,620
0x506016,0%,6,0,6,0,0,6,0
0x45abd4,97.619%,6,246,252,246,6,0,0
0x45b25d,81.8182%,6,27,33,27,6,0,0
0x4658e4,92.9412%,6,79,85,0,0,6,79
0x420bee,99.5451%,6,1313,1319,0,0,6,1313
0x4c7775,99.9323%,6,8855,8861,8855,6,0,0
0x473b94,98.7069%,6,458,464,458,6,0,0
0x4a798b,94.3925%,6,101,107,0,0,6,101
0x46cbcb,92.1053%,6,70,76,0,0,6,70
0x4e06ea,84.6154%,6,33,39,33,6,0,0
0x417fd1,99.7914%,6,2870,2876,0,2,4,2870
0x4d18cb,98.0583%,6,303,309,0,0,6,303
0x4dfb1f,50%,6,6,12,4,5,1,2
0x60aa3e,86.9565%,6,40,46,40,6,0,0
0x45abe9,97.619%,6,246,252,0,3,3,246
0x4d2126,60%,6,9,15,0,0,6,9
0x4b15ad,94.2308%,6,98,104,98,6,0,0
0x4a51c6,70%,6,14,20,14,6,0,0
0x633886,88.2353%,6,45,51,0,0,6,45
0x4d5cde,91.3043%,6,63,69,63,6,0,0
0x47619e,99.8632%,6,4381,4387,0,6,0,4381
0x47b3f1,99.9413%,6,10214,10220,10214,6,0,0
0x41a45a,99.9124%,6,6847,6853,0,0,6,6847
0x4d5abb,99.9617%,6,15657,15663,15657,6,0,0
0x60a0b7,88.2353%,6,45,51,0,0,6,45
0x4b1631,94.2308%,6,98,104,98,6,0,0
0x45c289,91.3043%,6,63,69,0,0,6,63
0x46d848,99.4732%,6,1133,1139,0,0,6,1133
0x4a1360,62.5%,6,10,16,0,0,6,10
0x609c37,72.7273%,6,16,22,0,0,6,16
0x5d8d70,0%,6,0,6,0,0,6,0
0x458c4c,79.3103%,6,23,29,3,6,0,20
0x4b324f,91.1765%,6,62,68,34,0,6,28
0x60b16e,0%,6,0,6,0,6,0,0
0x4ac3e7,99.3464%,6,912,918,912,6,0,0
0x457ebf,50%,6,6,12,0,0,6,6
0x50fb0d,99.9447%,6,10851,10857,0,0,6,10851
0x5d8793,0%,6,0,6,0,6,0,0
0x47d0d5,66.6667%,6,12,18,6,3,3,6
0x4bc2cc,99.689%,6,1923,1929,1923,6,0,0
0x4c3d77,50%,6,6,12,6,6,0,0
0x4583f6,33.3333%,6,3,9,2,2,4,1
0x4cc7fd,70%,6,14,20,0,0,6,14
0x462b7b,50%,6,6,12,0,0,6,6
0x4bb48f,92%,6,69,75,67,2,4,2
0x47d73f,25%,6,2,8,0,0,6,2
0x46fedd,99.3724%,6,950,956,950,6,0,0
0x60ad7e,82.8571%,6,29,35,29,6,0,0
0x4c6c4b,66.6667%,6,12,18,0,0,6,12
0x4655be,97.7612%,6,262,268,262,6,0,0
0x5ddc3f,0%,6,0,6,0,6,0,0
0x45d96a,77.7778%,6,21,27,0,0,6,21
0x4bf878,40%,6,4,10,0,2,4,4
0x505eb0,0%,6,0,6,0,6,0,0
0x505f0a,0%,6,0,6,0,6,0,0
0x506041,0%,6,0,6,0,0,6,0
0x460125,99.9081%,6,6520,6526,0,3,3,6520
0x4cb5f9,0%,6,0,6,0,6,0,0
0x4dca4c,99.9124%,6,6847,6853,6847,6,0,0
0x45b39d,95.6522%,6,132,138,132,2,4,0
0x417e61,99.9803%,6,30496,30502,30496,6,0,0
0x412108,99.928%,6,8322,8328,8322,6,0,0
0x4c480f,99.8568%,6,4184,4190,4183,6,0,1
0x40a64a,99.9036%,6,6220,6226,6220,6,0,0
0x45ec2a,64.7059%,6,11,17,0,0,6,11
0x4a840a,96.1783%,6,151,157,0,0,6,151
0x427a80,77.7778%,6,21,27,21,0,6,0
0x523c76,0%,6,0,6,0,3,3,0
0x4a752c,82.3529%,6,28,34,28,6,0,0
0x4be48b,94.1748%,6,97,103,0,6,0,97
0x5de625,0%,6,0,6,0,3,3,0
0x48c294,98.7448%,6,472,478,0,0,6,472
0x49eeea,98.3471%,6,357,363,357,6,0,0
0x460ef8,90.625%,6,58,64,0,0,6,58
0x60a4e8,90.4762%,6,57,63,0,0,6,57
0x46224d,0%,6,0,6,0,0,6,0
0x5dea3a,0%,6,0,6,0,6,0,0
0x5ef171,62.5%,6,10,16,10,4,2,0
0x5ef517,99.4275%,6,1042,1048,1042,6,0,0
0x4cc766,70%,6,14,20,0,0,6,14
0x50fbaf,99.1537%,6,703,709,703,6,0,0
0x4bce14,99.679%,6,1863,1869,0,0,6,1863
0x4b5a52,82.3529%,6,28,34,28,6,0,0
0x4be654,99.941%,6,10168,10174,10167,5,1,1
0x420bf5,99.5451%,6,1313,1319,0,0,6,1313
0x4b003d,88.4615%,6,46,52,0,0,6,46
0x4d3eea,77.7778%,6,21,27,0,0,6,21
0x48ae12,85.7143%,6,36,42,15,6,0,21
0x498c9b,99.5138%,6,1228,1234,0,0,6,1228
0x48ae2b,71.4286%,6,15,21,15,6,0,0
0x479baa,99.9499%,6,11964,11970,0,0,6,11964
0x45dae0,92.4051%,6,73,79,73,6,0,0
0x476d0a,99.8611%,6,4314,4320,0,0,6,4314
0x417417,86.9565%,6,40,46,40,6,0,0
0x41a78f,99.0431%,6,621,627,621,6,0,0
0x4786ac,0%,6,0,6,0,0,6,0
0x4bea13,99.941%,6,10166,10172,10166,6,0,0
0x463064,93.75%,6,90,96,90,6,0,0
0x4c276d,99.898%,6,5874,5880,5874,6,0,0
0x5d8691,0%,6,0,6,0,6,0,0
0x453562,33.3333%,6,3,9,0,0,6,3
0x460d40,81.25%,6,26,32,0,0,6,26
0x45feff,99.9075%,6,6477,6483,6477,6,0,0
0x4d1616,0%,6,0,6,0,6,0,0
0x49d1c8,95.5224%,6,128,134,0,0,6,128
0x487b4c,85.7143%,6,36,42,0,0,6,36
0x4a126d,62.5%,6,10,16,10,6,0,0
0x60b70c,45.4545%,6,5,11,1,6,0,4
0x47d3c9,99.9658%,6,17536,17542,0,0,6,17536
0x4ce32e,99.9253%,6,8022,8028,8022,6,0,0
0x443805,98.7179%,6,462,468,462,6,0,0
0x4d3dd4,91.6667%,6,66,72,4,5,1,62
0x48e395,79.3103%,6,23,29,0,0,6,23
0x4d92f3,76.9231%,6,20,26,2,6,0,18
0x47a093,96.2733%,6,155,161,0,0,6,155
0x428c73,98.7179%,6,462,468,462,6,0,0
0x4246c2,25%,6,2,8,2,6,0,0
0x49f43f,91.1765%,6,62,68,0,0,6,62
0x5dec09,0%,6,0,6,0,0,6,0
0x4762c0,99.9544%,6,13150,13156,13150,6,0,0
0x4d139f,0%,6,0,6,0,6,0,0
0x46f17e,62.5%,6,10,16,0,0,6,10
0x50fe20,99.2899%,6,839,845,839,6,0,0
0x4786f6,0%,6,0,6,0,0,6,0
0x458e17,70%,6,14,20,0,0,6,14
0x463013,93.75%,6,90,96,0,0,6,90
0x4d0a6b,71.4286%,6,15,21,15,6,0,0
0x46cecc,75%,6,18,24,0,0,6,18
0x5d8937,0%,6,0,6,0,0,6,0
0x60a13d,76.9231%,6,20,26,0,0,6,20
0x5dec6d,0%,6,0,6,0,6,0,0
0x478a56,0%,6,0,6,0,6,0,0
0x4282ee,0%,6,0,6,0,0,6,0
0x5dcf3d,0%,6,0,6,0,6,0,0
0x5ddbb7,0%,6,0,6,0,6,0,0
0x445dca,98.7179%,6,462,468,462,6,0,0
0x609b8b,14.2857%,6,1,7,1,0,6,0
0x5ef0f7,99.6294%,6,1613,1619,1613,6,0,0
0x5f1d87,99.6933%,6,1950,1956,0,0,6,1950
0x41897e,99.8729%,6,4714,4720,4714,6,0,0
0x457e1b,97.6471%,6,249,255,0,0,6,249
0x477fb6,99.6583%,6,1750,1756,1750,6,0,0
0x46504e,98.768%,6,481,487,481,6,0,0
0x4b475f,91.1765%,6,62,68,0,0,6,62
0x5deada,0%,6,0,6,0,6,0,0
0x45afe9,98.6577%,6,441,447,0,6,0,441
0x443768,99.5951%,6,1476,1482,0,0,6,1476
0x4cd84c,98.6014%,6,423,429,423,6,0,0
0x44febe,33.3333%,6,3,9,0,0,6,3
0x4c2342,99.3521%,6,920,926,0,4,2,920
0x48d74a,98.2808%,6,343,349,8,2,4,335
0x4e2014,50%,6,6,12,6,0,6,0
0x4c4b2a,99.9955%,6,132602,132608,132602,6,0,0
0x4d1c46,76%,6,19,25,0,0,6,19
0x5f0b56,85%,6,34,40,0,0,6,34
0x5d8834,0%,6,0,6,0,0,6,0
0x4e0e28,0%,6,0,6,0,0,6,0
0x523c67,0%,6,0,6,0,6,0,0
0x49bb61,83.3333%,6,30,36,30,6,0,0
0x4c4806,99.8572%,6,4196,4202,9,3,3,4187
0x4185d8,73.913%,6,17,23,17,6,0,0
0x45dc7c,25%,6,2,8,2,6,0,0
0x457769,95.9184%,6,141,147,141,6,0,0
0x606954,86.9565%,6,40,46,0,3,3,40
0x5d8850,0%,6,0,6,0,0,6,0
0x5dd24c,0%,6,0,6,0,0,6,0
0x4e2aef,91.6667%,6,66,72,66,6,0,0
0x4761ed,0%,6,0,6,0,0,6,0
0x4d0e54,98.6239%,6,430,436,0,6,0,430
0x46d18e,99.1561%,6,705,711,705,6,0,0
0x4acf54,82.3529%,6,28,34,0,0,6,28
0x5df8b0,0%,6,0,6,0,0,6,0
0x5fa41b,40%,6,4,10,2,2,4,2
0x4d7ef8,98.7261%,6,465,471,0,0,6,465
0x4434e3,98.7179%,6,462,468,0,0,6,462
0x4b95d1,99.018%,6,605,611,605,6,0,0
0x5dcd03,0%,6,0,6,0,6,0,0
0x466caa,98.778%,6,485,491,0,0,6,485
0x41c69a,57.1429%,6,8,14,8,6,0,0
0x4703f3,98.7179%,6,462,468,462,6,0,0
0x5d8d41,0%,6,0,6,0,0,6,0
0x50fda9,62.5%,6,10,16,10,6,0,0
0x523cf2,0%,6,0,6,0,0,6,0
0x4a6ff0,96.0784%,6,147,153,147,6,0,0
0x4ddaf2,66.6667%,6,12,18,0,0,6,12
0x49ef0e,98.3471%,6,357,363,357,6,0,0
0x4192a0,86.0465%,6,37,43,0,0,6,37
0x408c9c,93.8776%,6,92,98,0,0,6,92
0x5d8d96,0%,6,0,6,0,6,0,0
0x5fa40f,57.1429%,6,8,14,2,2,4,6
0x4a5f0f,64.7059%,6,11,17,11,6,0,0
0x44578c,98.7179%,6,462,468,462,6,0,0
0x4ca369,99.9968%,6,187978,187984,187978,6,0,0
0x5ddf81,84.6154%,6,33,39,33,3,3,0
0x458267,99.1031%,6,663,669,663,6,0,0
0x4187f8,86.0465%,6,37,43,37,6,0,0
0x608c0b,97.1429%,6,204,210,0,0,6,204
0x4ccaef,98.6014%,6,423,429,0,0,6,423
0x49c1c5,83.3333%,6,30,36,30,6,0,0
0x5f1ebd,99.6877%,6,1915,1921,0,1,5,1915
0x5de704,0%,6,0,6,0,0,6,0
0x45b0b0,33.3333%,6,3,9,2,1,5,1
0x5dd1f4,0%,6,0,6,0,6,0,0
0x5dd3d8,0%,6,0,6,0,0,6,0
0x4671ea,95.6835%,6,133,139,35,3,3,98
0x4d1ca7,97.6744%,6,252,258,252,6,0,0
0x4dcb01,99.9124%,6,6847,6853,0,0,6,6847
0x47ce88,99.8787%,6,4941,4947,0,0,6,4941
0x473a14,98.7069%,6,458,464,458,6,0,0
0x499f7c,83.3333%,6,30,36,30,6,0,0
0x5f2c43,99.9425%,6,10420,10426,0,0,6,10420
0x421a8e,14.2857%,6,1,7,0,0,6,1
0x4c603b,44.4444%,5,4,9,4,5,0,0
0x4a28a1,93.9759%,5,78,83,0,0,5,78
0x457ce5,88.0952%,5,37,42,37,5,0,0
0x467900,58.3333%,5,7,12,7,5,0,0
0x5ef099,99.9538%,5,10827,10832,0,0,5,10827
0x47dd2d,99.7916%,5,2394,2399,0,0,5,2394
0x464447,98.708%,5,382,387,0,0,5,382
0x634512,16.6667%,5,1,6,1,5,0,0
0x5f25ec,99.9366%,5,7876,7881,0,0,5,7876
0x4deaa6,81.4815%,5,22,27,0,0,5,22
0x460f07,92.1875%,5,59,64,28,4,1,31
0x4a6661,85.2941%,5,29,34,16,0,5,13
0x4274d6,58.3333%,5,7,12,0,0,5,7
0x45a094,72.2222%,5,13,18,0,0,5,13
0x406f74,54.5455%,5,6,11,0,0,5,6
0x47bb0f,95.1456%,5,98,103,98,5,0,0
0x4d813b,98.9316%,5,463,468,0,0,5,463
0x45d990,81.4815%,5,22,27,21,1,4,1
0x5ef08f,99.9538%,5,10827,10832,10827,5,0,0
0x4a2dae,73.6842%,5,14,19,2,1,4,12
0x418e6d,99.2224%,5,638,643,0,0,5,638
0x47b883,99.8257%,5,2864,2869,2864,5,0,0
0x49c755,73.6842%,5,14,19,13,3,2,1
0x4d9663,80.7692%,5,21,26,0,0,5,21
0x49c749,73.6842%,5,14,19,0,0,5,14
0x4c48d0,99.2366%,5,650,655,650,5,0,0
0x4ac9c6,85.2941%,5,29,34,0,0,5,29
0x5d8826,16.6667%,5,1,6,0,0,5,1
0x4c611d,72.2222%,5,13,18,6,3,2,7
0x46782e,91.8033%,5,56,61,56,5,0,0
0x420807,97.1098%,5,168,173,0,0,5,168
0x4782b1,99.336%,5,748,753,748,5,0,0
0x4c601a,44.4444%,5,4,9,4,5,0,0
0x479ede,93.8272%,5,76,81,0,0,5,76
0x5ef7ab,37.5%,5,3,8,0,0,5,3
0x4b5d86,85.2941%,5,29,34,29,5,0,0
0x4d2907,95.7627%,5,113,118,0,0,5,113
0x48cc86,99.0619%,5,528,533,0,0,5,528
0x408cd4,94.898%,5,93,98,93,5,0,0
0x5dcc44,16.6667%,5,1,6,1,5,0,0
0x4d0d42,83.3333%,5,25,30,25,5,0,0
0x47b73f,99.8257%,5,2864,2869,2864,5,0,0
0x4d2d97,83.3333%,5,25,30,0,0,5,25
0x460e58,84.375%,5,27,32,0,0,5,27
0x60ae2e,91.2281%,5,52,57,52,5,0,0
0x4d9106,99.8724%,5,3915,3920,0,0,5,3915
0x4d6276,98.9474%,5,470,475,470,5,0,0
0x4b6c55,70.5882%,5,12,17,12,5,0,0
0x47823e,76.1905%,5,16,21,0,0,5,16
0x46d897,99.561%,5,1134,1139,0,0,5,1134
0x523cdc,16.6667%,5,1,6,0,3,2,1
0x4dc2e1,94.7917%,5,91,96,0,0,5,91
0x4d26e4,95.4128%,5,104,109,104,5,0,0
0x4cec5e,99.634%,5,1361,1366,1361,5,0,0
0x47cabd,99.8687%,5,3803,3808,0,0,5,3803
0x45dc03,37.5%,5,3,8,3,5,0,0
0x47c94d,82.1429%,5,23,28,0,0,5,23
0x4cd883,98.8345%,5,424,429,424,5,0,0
0x426cbe,37.5%,5,3,8,0,0,5,3
0x4d05f5,99.9086%,5,5468,5473,5468,5,0,0
0x427a6b,81.4815%,5,22,27,0,0,5,22
0x4d8b80,96.0317%,5,121,126,121,5,0,0
0x4cb10b,99.7835%,5,2304,2309,2304,5,0,0
0x4a2d95,73.6842%,5,14,19,0,0,5,14
0x48bd24,99.0548%,5,524,529,0,0,5,524
0x4bbbd8,95.5357%,5,107,112,107,5,0,0
0x4b3b59,92.6471%,5,63,68,63,5,0,0
0x420848,97.1098%,5,168,173,168,5,0,0
0x41b9c4,0%,5,0,5,0,0,5,0
0x4a3eb9,68.75%,5,11,16,0,0,5,11
0x4bb49d,16.6667%,5,1,6,1,5,0,0
0x4df132,79.1667%,5,19,24,0,0,5,19
0x5ed2b6,16.6667%,5,1,6,1,5,0,0
0x4ddab6,72.2222%,5,13,18,13,5,0,0
0x4b6a42,70.5882%,5,12,17,0,0,5,12
0x427ff6,72.2222%,5,13,18,13,5,0,0
0x4a70f8,85.2941%,5,29,34,29,5,0,0
0x4d7c45,94.2529%,5,82,87,0,0,5,82
0x41ab5b,88.3721%,5,38,43,38,5,0,0
0x4b96d6,99.8621%,5,3622,3627,0,0,5,3622
0x49c36b,86.1111%,5,31,36,30,3,2,1
0x4c40df,99.5536%,5,1115,1120,1115,5,0,0
0x4b3266,85.2941%,5,29,34,29,5,0,0
0x426f5a,37.5%,5,3,8,3,5,0,0
0x4a516f,75%,5,15,20,15,5,0,0
0x4d1674,98.7952%,5,410,415,0,0,5,410
0x426995,0%,5,0,5,0,0,5,0
0x4a3588,68.75%,5,11,16,0,0,5,11
0x418521,70.5882%,5,12,17,12,0,5,0
0x4ad3f1,93.2432%,5,69,74,69,5,0,0
0x5f1d77,99.8316%,5,2965,2970,0,0,5,2965
0x5ef01a,99.9538%,5,10827,10832,0,0,5,10827
0x47ba93,0%,5,0,5,0,5,0,0
0x45de61,98.3819%,5,304,309,0,0,5,304
0x45a7cf,93.8272%,5,76,81,0,0,5,76
0x406c14,58.3333%,5,7,12,7,5,0,0
0x5f07af,94.6237%,5,88,93,88,5,0,0
0x47b4e2,99.9511%,5,10215,10220,0,0,5,10215
0x48cab2,99.54%,5,1082,1087,0,0,5,1082
0x4a8aba,85.2941%,5,29,34,0,0,5,29
0x470036,99.9567%,5,11533,11538,0,0,5,11533
0x41c654,99.4675%,5,934,939,934,5,0,0
0x4a24ed,90%,5,45,50,45,5,0,0
0x458c83,75%,5,15,20,15,5,0,0
0x49ee8d,84.375%,5,27,32,11,5,0,16
0x4182c1,92.4242%,5,61,66,0,1,4,61
0x466cf2,98.9817%,5,486,491,486,5,0,0
0x4cf769,99.5701%,5,1158,1163,0,0,5,1158
0x47c563,99.9193%,5,6191,6196,0,0,5,6191
0x608f62,97.4359%,5,190,195,190,5,0,0
0x4c89c1,70.5882%,5,12,17,0,4,1,12
0x608d58,97.5369%,5,198,203,0,0,5,198
0x60954d,94.0476%,5,79,84,79,2,3,0
0x4bf835,50%,5,5,10,4,4,1,1
0x4e0f07,66.6667%,5,10,15,8,4,1,2
0x467685,83.871%,5,26,31,26,5,0,0
0x4c3e77,81.4815%,5,22,27,0,0,5,22
0x46f47f,68.75%,5,11,16,11,5,0,0
0x4ac316,97.5248%,5,197,202,0,0,5,197
0x5dcc6d,16.6667%,5,1,6,0,0,5,1
0x476bd6,97.7477%,5,217,222,0,0,5,217
0x408a20,84.8485%,5,28,33,26,3,2,2
0x479817,99.8871%,5,4424,4429,0,0,5,4424
0x427be8,81.4815%,5,22,27,22,5,0,0
0x457206,99.6885%,5,1600,1605,0,0,5,1600
0x5deb16,16.6667%,5,1,6,0,0,5,1
0x4268ec,96.7532%,5,149,154,0,0,5,149
0x4a291a,93.9759%,5,78,83,0,0,5,78
0x5f0b77,87.5%,5,35,40,0,0,5,35
0x47b7aa,99.8257%,5,2864,2869,0,0,5,2864
0x4435ea,98.9316%,5,463,468,0,0,5,463
0x457420,95.614%,5,109,114,70,5,0,39
0x4a35ad,84.8485%,5,28,33,0,0,5,28
0x4285a0,58.3333%,5,7,12,7,5,0,0
0x47baf6,80.7692%,5,21,26,0,0,5,21
0x428540,66.6667%,5,10,15,1,2,3,9
0x4d1122,16.6667%,5,1,6,1,5,0,0
0x41214e,98.8739%,5,439,444,439,5,0,0
0x4d9766,99.9762%,5,21034,21039,0,0,5,21034
0x4a0894,86.1111%,5,31,36,0,0,5,31
0x4d2e6a,75%,5,15,20,15,5,0,0
0x4cab8e,95.7265%,5,112,117,112,5,0,0
0x4d8163,99.5252%,5,1048,1053,0,0,5,1048
0x417fd9,99.826%,5,2869,2874,0,0,5,2869
0x4131f3,87.5%,5,35,40,0,0,5,35
0x49eeb8,68.75%,5,11,16,0,0,5,11
0x4a45b5,86.4865%,5,32,37,32,5,0,0
0x49a461,86.1111%,5,31,36,19,0,5,12
0x4a123e,68.75%,5,11,16,0,0,5,11
0x4d5cb4,75%,5,15,20,0,0,5,15
0x463172,94.7917%,5,91,96,0,0,5,91
0x47cfb7,44.4444%,5,4,9,4,5,0,0
0x5eecb8,28.5714%,5,2,7,0,0,5,2
0x45835d,87.1795%,5,34,39,34,5,0,0
0x5de9bf,16.6667%,5,1,6,1,2,3,0
0x49c92d,99.7918%,5,2397,2402,2397,5,0,0
0x40200f,99.8577%,5,3509,3514,0,0,5,3509
0x48dc27,98.5163%,5,332,337,2,1,4,330
0x49c91e,99.7918%,5,2397,2402,2397,5,0,0
0x48bf19,95.1456%,5,98,103,98,5,0,0
0x45b091,44.4444%,5,4,9,4,5,0,0
0x49f5d6,93.0556%,5,67,72,67,5,0,0
0x477166,58.3333%,5,7,12,7,5,0,0
0x401f48,95.6522%,5,110,115,110,5,0,0
0x5f7c15,76.1905%,5,16,21,0,0,5,16
0x498bf5,99.5994%,5,1243,1248,0,0,5,1243
0x420935,99.6041%,5,1258,1263,0,0,5,1258
0x4b19bd,73.6842%,5,14,19,14,5,0,0
0x48d778,98.5251%,5,334,339,333,4,1,1
0x49a669,86.1111%,5,31,36,31,5,0,0
0x4210cc,82.1429%,5,23,28,0,0,5,23
0x48c009,95.1456%,5,98,103,0,0,5,98
0x42797b,98.1685%,5,268,273,0,0,5,268
0x48c8c4,99.8917%,5,4610,4615,0,0,5,4610
0x4d15d5,16.6667%,5,1,6,1,5,0,0
0x5dd238,16.6667%,5,1,6,0,0,5,1
0x49af0b,86.1111%,5,31,36,28,5,0,3
0x478ae8,99.9036%,5,5180,5185,5180,5,0,0
0x5de6e8,16.6667%,5,1,6,0,0,5,1
0x47b1c5,97.1429%,5,170,175,170,5,0,0
0x458fb3,44.4444%,5,4,9,4,5,0,0
0x46c2d2,99.2114%,5,629,634,0,0,5,629
0x4df91f,44.4444%,5,4,9,4,5,0,0
0x469948,99.2051%,5,624,629,0,0,5,624
0x4d3dda,92.0635%,5,58,63,0,0,5,58
0x420b47,99.6206%,5,1313,1318,0,0,5,1313
0x4aca6f,87.5%,5,35,40,0,0,5,35
0x458e99,0%,5,0,5,0,5,0,0
0x4792ad,99.5912%,5,1218,1223,1218,5,0,0
0x4ad9fb,93.2432%,5,69,74,0,0,5,69
0x41a55d,99.8955%,5,4778,4783,0,0,5,4778
0x4aff7e,95.1923%,5,99,104,0,0,5,99
0x46d238,99.561%,5,1134,1139,1134,5,0,0
0x4590ad,44.4444%,5,4,9,4,5,0,0
0x4c229e,98.9733%,5,482,487,482,5,0,0
0x45ed27,70.5882%,5,12,17,12,5,0,0
0x47d962,98.8584%,5,433,438,433,5,0,0
0x419345,99.9678%,5,15499,15504,0,0,5,15499
0x50f885,73.6842%,5,14,19,1,2,3,13
0x4de2a5,82.7586%,5,24,29,21,5,0,3
0x46ce89,79.1667%,5,19,24,19,5,0,0
0x4cd431,99.965%,5,14294,14299,0,0,5,14294
0x4535ae,44.4444%,5,4,9,4,5,0,0
0x476c68,97.7477%,5,217,222,0,0,5,217
0x4a6502,73.6842%,5,14,19,0,0,5,14
0x4a51a2,86.4865%,5,32,37,32,5,0,0
0x41b63b,0%,5,0,5,0,0,5,0
0x4a723d,86.4865%,5,32,37,0,0,5,32
0x47c6d3,99.9147%,5,5857,5862,5857,5,0,0
0x6333c5,44.4444%,5,4,9,4,5,0,0
0x41920f,80%,5,20,25,18,4,1,2
0x60b46c,64.2857%,5,9,14,2,5,0,7
0x487b9c,88.0952%,5,37,42,37,5,0,0
0x479ec6,93.8272%,5,76,81,74,2,3,2
0x4a6628,85.2941%,5,29,34,0,0,5,29
0x47873e,16.6667%,5,1,6,0,0,5,1
0x4c649f,68.75%,5,11,16,5,3,2,6
0x418e1c,99.031%,5,511,516,0,0,5,511
0x46ff96,68.75%,5,11,16,11,5,0,0
0x478994,16.6667%,5,1,6,0,0,5,1
0x478a2a,16.6667%,5,1,6,1,5,0,0
0x47ae02,97.7376%,5,216,221,0,4,1,216
0x4a8bee,86.1111%,5,31,36,0,0,5,31
0x4a89aa,92.8571%,5,65,70,0,0,5,65
0x4a89bb,92.8571%,5,65,70,0,0,5,65
0x450104,44.4444%,5,4,9,0,0,5,4
0x407967,50%,5,5,10,5,5,0,0
0x463c3a,99.8013%,5,2511,2516,2511,5,0,0
0x48c7ea,99.8917%,5,4610,4615,0,0,5,4610
0x47b19e,99.9528%,5,10581,10586,0,0,5,10581
0x4a6400,73.6842%,5,14,19,0,0,5,14
0x4c51bd,99.7805%,5,2273,2278,2273,5,0,0
0x49ccfb,99.7791%,5,2258,2263,2258,5,0,0
0x473a09,98.9224%,5,459,464,0,0,5,459
0x4a2ff8,84.8485%,5,28,33,17,0,5,11
0x50f5ad,99.812%,5,2654,2659,0,0,5,2654
0x46d82d,99.561%,5,1134,1139,0,0,5,1134
0x5df35a,16.6667%,5,1,6,1,5,0,0
0x4cf712,99.97%,5,16640,16645,0,0,5,16640
0x4abf08,75%,5,15,20,0,0,5,15
0x4a71f2,96.732%,5,148,153,148,5,0,0
0x4654d8,44.4444%,5,4,9,0,0,5,4
0x4d7f05,98.9384%,5,466,471,466,5,0,0
0x4de288,86.2069%,4,25,29,25,4,0,0
0x478b02,99.8144%,4,2151,2155,2141,3,1,10
0x49849e,71.4286%,4,10,14,9,3,1,1
0x47820b,99.4688%,4,749,753,0,0,4,749
0x4b2310,66.6667%,4,8,12,5,1,3,3
0x45a5bf,95.0617%,4,77,81,77,4,0,0
0x4c4163,99.6374%,4,1099,1103,1099,0,4,0
0x4b9249,75%,4,12,16,0,0,4,12
0x4dcbe0,99.9416%,4,6849,6853,6849,4,0,0
0x4645c2,98.0769%,4,204,208,204,4,0,0
0x4079c9,60%,4,6,10,6,0,4,0
0x4dcb19,99.9416%,4,6849,6853,6849,4,0,0
0x4b9cb7,99.2661%,4,541,545,541,4,0,0
0x478711,33.3333%,4,2,6,0,0,4,2
0x50f80d,98.6799%,4,299,303,299,4,0,0
0x5d8d84,33.3333%,4,2,6,0,0,4,2
0x420a0b,99.6833%,4,1259,1263,0,0,4,1259
0x45a20f,73.3333%,4,11,15,11,4,0,0
0x5d8b3a,33.3333%,4,2,6,2,4,0,0
0x45a685,95.0617%,4,77,81,77,4,0,0
0x457e81,83.3333%,4,20,24,20,4,0,0
0x4770b0,66.6667%,4,8,12,0,2,2,8
0x4bbba6,96.4286%,4,108,112,0,0,4,108
0x4a871b,97.4522%,4,153,157,153,4,0,0
0x4c40b8,99.64%,4,1107,1111,0,0,4,1107
0x47c56d,99.9354%,4,6192,6196,0,0,4,6192
0x4accfa,76.4706%,4,13,17,13,4,0,0
0x4c26a8,99.932%,4,5876,5880,5876,4,0,0
0x47a8ed,98.19%,4,217,221,217,4,0,0
0x4b85fa,96.1538%,4,100,104,100,4,0,0
0x47035e,99.1453%,4,464,468,0,0,4,464
0x4bb008,66.6667%,4,8,12,0,0,4,8
0x49b8ca,76.4706%,4,13,17,13,4,0,0
0x4aca82,33.3333%,4,2,6,0,0,4,2
0x427acc,33.3333%,4,2,6,2,4,0,0
0x4acee1,88.2353%,4,30,34,30,4,0,0
0x477f48,99.5277%,4,843,847,0,0,4,843
0x419288,90.6977%,4,39,43,39,4,0,0
0x459d53,97.3333%,4,146,150,146,4,0,0
0x4bb93b,94.4444%,4,68,72,68,2,2,0
0x5fa435,33.3333%,4,2,6,0,2,2,2
0x60a53b,89.7436%,4,35,39,0,0,4,35
0x465040,99.2565%,4,534,538,47,4,0,487
0x49a456,88.8889%,4,32,36,32,4,0,0
0x427476,73.3333%,4,11,15,11,1,3,0
0x477f01,99.9229%,4,5185,5189,0,0,4,5185
0x4591a1,77.7778%,4,14,18,0,1,3,14
0x4a884c,94.0299%,4,63,67,0,0,4,63
0x478f4e,99.5671%,4,920,924,0,3,1,920
0x4df9ba,93.6508%,4,59,63,59,4,0,0
0x41b487,20%,4,1,5,1,4,0,0
0x4c4392,99.946%,4,7403,7407,7403,4,0,0
0x4207f5,97.6879%,4,169,173,0,0,4,169
0x4655ff,98.5075%,4,264,268,264,4,0,0
0x48d2fc,98.8539%,4,345,349,0,3,1,345
0x4112c1,99.1453%,4,464,468,464,4,0,0
0x4c9fda,99.9728%,4,14679,14683,14679,4,0,0
0x4d600f,99.8763%,4,3230,3234,3230,4,0,0
0x5de979,33.3333%,4,2,6,0,0,4,2
0x476538,94.9367%,4,75,79,0,0,4,75
0x5debb5,33.3333%,4,2,6,2,4,0,0
0x427a91,33.3333%,4,2,6,0,0,4,2
0x5e22bd,33.3333%,4,2,6,0,0,4,2
0x4bc28c,99.8102%,4,2104,2108,2104,4,0,0
0x47831f,99.4688%,4,749,753,0,0,4,749
0x41adea,96.3964%,4,107,111,107,4,0,0
0x47c984,99.895%,4,3804,3808,0,0,4,3804
0x45aca8,98.4127%,4,248,252,248,4,0,0
0x458a9b,92.5926%,4,50,54,0,0,4,50
0x47a81d,98.19%,4,217,221,0,0,4,217
0x4607b9,81.8182%,4,18,22,18,1,3,0
0x402518,99.0868%,4,434,438,434,4,0,0
0x465568,98.9664%,4,383,387,0,0,4,383
0x413455,42.8571%,4,3,7,0,0,4,3
0x45905a,55.5556%,4,5,9,0,4,0,5
0x4b23f9,76.4706%,4,13,17,0,0,4,13
0x47a3d1,99.5745%,4,936,940,0,0,4,936
0x473c06,99.1379%,4,460,464,0,0,4,460
0x4649ca,73.3333%,4,11,15,0,0,4,11
0x4a2731,87.8788%,4,29,33,0,0,4,29
0x4b5fef,76.4706%,4,13,17,0,0,4,13
0x5de8db,33.3333%,4,2,6,0,0,4,2
0x5f25db,99.9492%,4,7877,7881,7877,4,0,0
0x4de319,86.2069%,4,25,29,25,4,0,0
0x45c2ff,98.6486%,4,292,296,292,4,0,0
0x523d2e,33.3333%,4,2,6,0,3,1,2
0x6098fc,96.0784%,4,98,102,0,2,2,98
0x4d65fe,99.6047%,4,1008,1012,0,0,4,1008
0x465195,99.1786%,4,483,487,0,0,4,483
0x5df623,33.3333%,4,2,6,2,4,0,0
0x4df828,55.5556%,4,5,9,5,4,0,0
0x45d922,85.1852%,4,23,27,23,4,0,0
0x405606,55.5556%,4,5,9,5,4,0,0
0x4bc1e4,99.811%,4,2112,2116,0,0,4,2112
0x41803a,93.9394%,4,62,66,61,4,0,1
0x5f1d55,99.8653%,4,2966,2970,0,0,4,2966
0x47aa36,99.9843%,4,25420,25424,25420,4,0,0
0x418245,93.9394%,4,62,66,60,4,0,2
0x4a2503,92%,4,46,50,46,4,0,0
0x45ec34,76.4706%,4,13,17,13,4,0,0
0x47cd5f,99.9193%,4,4952,4956,0,0,4,4952
0x45842c,0%,4,0,4,0,4,0,0
0x41500b,99.0676%,4,425,429,0,0,4,425
0x45b08c,96.0396%,4,97,101,97,4,0,0
0x46c622,91.6667%,4,44,48,44,4,0,0
0x4baadb,99.9365%,4,6297,6301,0,0,4,6297
0x4438e7,99.1453%,4,464,468,0,0,4,464
0x6331ca,55.5556%,4,5,9,2,4,0,3
0x4d9006,99.8171%,4,2183,2187,0,0,4,2183
0x411338,99.1453%,4,464,468,0,0,4,464
0x48bfe8,96.1165%,4,99,103,0,0,4,99
0x467980,86.6667%,4,26,30,0,0,4,26
0x4a4372,89.1892%,4,33,37,0,0,4,33
0x4d8abf,99.1453%,4,464,468,0,0,4,464
0x48ac89,90.4762%,4,38,42,38,4,0,0
0x467575,93.4426%,4,57,61,57,4,0,0
0x4ca7c8,99.679%,4,1242,1246,0,0,4,1242
0x4c3ad5,99.6691%,4,1205,1209,1205,4,0,0
0x4d2da1,86.6667%,4,26,30,0,0,4,26
0x47a7dd,97.0149%,4,130,134,130,4,0,0
0x463e4b,99.0868%,4,434,438,434,4,0,0
0x46f1a6,75%,4,12,16,0,0,4,12
0x418329,71.4286%,4,10,14,10,2,2,0
0x48c1d5,99.1632%,4,474,478,0,0,4,474
0x4995d9,99.3641%,4,625,629,625,4,0,0
0x45e9b6,76.4706%,4,13,17,0,0,4,13
0x45b60a,84.6154%,4,22,26,22,4,0,0
0x4d7df8,95.3488%,4,82,86,0,0,4,82
0x41ab4d,90.6977%,4,39,43,0,0,4,39
0x4be9a0,99.9281%,4,5563,5567,0,0,4,5563
0x5f05a4,96.6942%,4,117,121,0,0,4,117
0x46227f,33.3333%,4,2,6,2,1,3,0
0x45b89b,99.5526%,4,890,894,890,4,0,0
0x427c86,98.5348%,4,269,273,269,4,0,0
0x4a3dc0,94.0299%,4,63,67,63,4,0,0
0x5f1db3,88.5714%,4,31,35,0,0,4,31
0x420d33,92.7273%,4,51,55,0,0,4,51
0x4b231c,33.3333%,4,2,6,2,4,0,0
0x465832,33.3333%,4,2,6,0,0,4,2
0x49caa9,99.297%,4,565,569,565,4,0,0
0x47ac62,98.19%,4,217,221,0,0,4,217
0x5f0a76,99.7961%,4,1958,1962,0,0,4,1958
0x417305,97.0149%,4,130,134,130,4,0,0
0x4c892f,95.5056%,4,85,89,0,3,1,85
0x426e27,75%,4,12,16,0,0,4,12
0x4671f3,96.0396%,4,97,101,0,0,4,97
0x44feb5,55.5556%,4,5,9,0,0,4,5
0x4dac96,99.2958%,4,564,568,564,4,0,0
0x4e14d9,33.3333%,4,2,6,0,0,4,2
0x459f69,77.7778%,4,14,18,0,0,4,14
0x428556,66.6667%,4,8,12,8,4,0,0
0x49c800,88.2353%,4,30,34,0,0,4,30
0x47cf7f,55.5556%,4,5,9,5,4,0,0
0x47a3e4,99.5745%,4,936,940,0,0,4,936
0x4c4073,99.64%,4,1107,1111,0,0,4,1107
0x4bc206,99.7926%,4,1925,1929,1925,4,0,0
0x633416,55.5556%,4,5,9,0,0,4,5
0x45721e,98.7578%,4,318,322,0,0,4,318
0x418ec1,76.4706%,4,13,17,13,4,0,0
0x4840d7,80.9524%,4,17,21,17,4,0,0
0x4cd238,99.0676%,4,425,429,425,4,0,0
0x427dd6,88.2353%,4,30,34,30,4,0,0
0x4ad630,88.2353%,4,30,34,0,0,4,30
0x4bac24,94.0299%,4,63,67,0,3,1,63
0x49c781,78.9474%,4,15,19,0,0,4,15
0x4bbda1,99.8168%,4,2180,2184,2180,4,0,0
0x4790af,98.0952%,4,206,210,206,4,0,0
0x45e075,0%,4,0,4,0,0,4,0
0x41b468,20%,4,1,5,1,4,0,0
0x4a3fbc,95.1807%,4,79,83,0,0,4,79
0x5fa34e,84%,4,21,25,1,3,1,20
0x49a1d9,88.8889%,4,32,36,0,0,4,32
0x4cd25d,99.0676%,4,425,429,0,0,4,425
0x49b967,78.9474%,4,15,19,15,4,0,0
0x4bf758,85.1852%,4,23,27,14,4,0,9
0x4cc9ef,99.998%,4,199325,199329,199325,4,0,0
0x4a1252,75%,4,12,16,0,0,4,12
0x5fa3ab,69.2308%,4,9,13,0,3,1,9
0x4a8a03,92.4528%,4,49,53,13,4,0,36
0x48a9d9,80.9524%,4,17,21,0,0,4,17
0x4a8ba6,88.8889%,4,32,36,0,0,4,32
0x4a46ce,89.1892%,4,33,37,18,2,2,15
0x4a8ac8,88.2353%,4,30,34,0,0,4,30
0x4bf78f,66.6667%,4,8,12,0,0,4,8
0x4b19ad,89.4737%,4,34,38,19,0,4,15
0x4d3e20,55.5556%,4,5,9,5,4,0,0
0x4e05fb,94.4444%,4,68,72,68,4,0,0
0x469742,97.7528%,4,174,178,174,4,0,0
0x4761f7,99.9863%,4,29152,29156,0,0,4,29152
0x4b042d,88.2353%,4,30,34,30,4,0,0
0x4a5b93,80%,4,16,20,16,4,0,0
0x419941,93.75%,4,60,64,60,4,0,0
0x4c4d9c,95.4023%,4,83,87,0,0,4,83
0x4dcb10,99.9416%,4,6849,6853,0,0,4,6849
0x47c3c9,98.1481%,4,212,216,0,0,4,212
0x4cfad9,99.6561%,4,1159,1163,1159,4,0,0
0x45e514,0%,4,0,4,0,2,2,0
0x45de3c,98.7055%,4,305,309,305,4,0,0
0x47bb3d,96.1165%,4,99,103,0,0,4,99
0x4a650d,78.9474%,4,15,19,15,4,0,0
0x46cc30,94.7368%,4,72,76,72,4,0,0
0x4792e8,99.6729%,4,1219,1223,1219,4,0,0
0x5ddf68,89.7436%,4,35,39,3,0,4,32
0x4a1353,75%,4,12,16,12,4,0,0
0x47d69a,50%,4,4,8,0,0,4,4
0x46727e,99.4792%,4,764,768,764,4,0,0
0x4b59e3,76.4706%,4,13,17,0,0,4,13
0x427fe5,77.7778%,4,14,18,0,0,4,14
0x5ded63,33.3333%,4,2,6,0,0,4,2
0x49eda1,88.2353%,4,30,34,0,0,4,30
0x4b04c8,88.2353%,4,30,34,30,4,0,0
0x4e09a3,92.1569%,4,47,51,0,0,4,47
0x498b7b,82.6087%,4,19,23,1,2,2,18
0x4c3ed8,96.2617%,4,103,107,103,4,0,0
0x463086,95.8333%,4,92,96,92,4,0,0
0x49ac44,80%,4,16,20,0,0,4,16
0x60a9ec,20%,4,1,5,0,4,0,1
0x47b249,99.9648%,4,11350,11354,0,0,4,11350
0x4ad1da,76.4706%,4,13,17,0,0,4,13
0x48c25d,99.1632%,4,474,478,0,0,4,474
0x4ad25a,76.4706%,4,13,17,13,4,0,0
0x4131dc,88.8889%,4,32,36,0,0,4,32
0x4ad27e,76.4706%,4,13,17,13,4,0,0
0x4bc16e,96.7742%,4,120,124,120,4,0,0
0x427d97,94.1176%,4,64,68,64,4,0,0
0x479ce8,83.3333%,4,20,24,20,4,0,0
0x4e0fbf,77.7778%,4,14,18,14,4,0,0
0x478b4e,99.868%,4,3026,3030,0,0,4,3026
0x49eb62,96%,4,96,100,96,4,0,0
0x4792a7,99.6729%,4,1219,1223,0,0,4,1219
0x4e2c3a,85.1852%,4,23,27,23,4,0,0
0x445b74,98.2906%,4,230,234,0,0,4,230
0x458e81,55.5556%,4,5,9,4,0,4,1
0x4b03f8,99.1701%,4,478,482,0,0,4,478
0x4a5c9b,76.4706%,4,13,17,0,0,4,13
0x426cd4,50%,4,4,8,4,4,0,0
0x5f14d4,0%,4,0,4,0,4,0,0
0x4dcdb7,98.8796%,4,353,357,353,4,0,0
0x47ceb8,89.7436%,4,35,39,35,4,0,0
0x459d21,97.3333%,4,146,150,146,4,0,0
0x478732,33.3333%,4,2,6,0,0,4,2
0x4018ac,0%,4,0,4,0,4,0,0
0x47620f,99.9697%,4,13177,13181,13177,4,0,0
0x49b844,88.8889%,4,32,36,32,4,0,0
0x6097bb,0%,4,0,4,0,0,4,0
0x4ad35a,80%,4,16,20,16,4,0,0
0x478ce9,99.7629%,4,1683,1687,0,0,4,1683
0x48c2ba,97.8836%,4,185,189,185,4,0,0
0x5df2cd,50%,3,3,6,0,0,3,3
0x4beb2c,97.1429%,3,102,105,0,2,1,102
0x49bcc6,0%,3,0,3,0,0,3,0
0x4770c9,25%,3,1,4,0,2,1,1
0x48c0bb,97.0874%,3,100,103,0,0,3,100
0x498a90,85%,3,17,20,17,3,0,0
0x478f14,99.6891%,3,962,965,0,0,3,962
0x465652,50%,3,3,6,3,3,0,0
0x60a218,98.7288%,3,233,236,0,0,3,233
0x4abe5d,96.5116%,3,83,86,0,0,3,83
0x50f5d4,99.8872%,3,2656,2659,0,0,3,2656
0x45aa18,96.2963%,3,78,81,78,3,0,0
0x4a77fb,97.1963%,3,104,107,0,0,3,104
0x4a242b,0%,3,0,3,0,0,3,0
0x45847a,72.7273%,3,8,11,0,0,3,8
0x4dec00,80%,3,12,15,12,0,3,0
0x4697cd,99.3007%,3,426,429,0,0,3,426
0x5de74e,50%,3,3,6,1,2,1,2
0x5df5f3,0%,3,0,3,0,0,3,0
0x4deb1d,80%,3,12,15,12,3,0,0
0x5df5c7,0%,3,0,3,0,3,0,0
0x5ef103,99.8147%,3,1616,1619,0,0,3,1616
0x4a4938,0%,3,0,3,0,0,3,0
0x45a820,96.2963%,3,78,81,0,1,2,78
0x50f963,84.2105%,3,16,19,0,0,3,16
0x4baf69,91.4286%,3,32,35,0,2,1,32
0x4137a3,0%,3,0,3,0,0,3,0
0x4cc926,99.7804%,3,1363,1366,1363,3,0,0
0x5f3165,99.8872%,3,2656,2659,0,0,3,2656
0x4bbcd0,97.3214%,3,109,112,109,0,3,0
0x5f30e8,99.8872%,3,2656,2659,0,0,3,2656
0x497d1a,0%,3,0,3,0,3,0,0
0x5de553,0%,3,0,3,0,3,0,0
0x408b58,40%,3,2,5,2,3,0,0
0x497a3d,0%,3,0,3,0,0,3,0
0x47b415,99.9706%,3,10217,10220,0,0,3,10217
0x497a30,0%,3,0,3,0,0,3,0
0x4cd42c,99.979%,3,14296,14299,0,0,3,14296
0x49bb87,91.6667%,3,33,36,0,0,3,33
0x60ab8e,92.3077%,3,36,39,36,3,0,0
0x4283cd,80%,3,12,15,12,3,0,0
0x459794,40%,3,2,5,2,3,0,0
0x5facd4,0%,3,0,3,0,0,3,0
0x464b87,94.9153%,3,56,59,0,0,3,56
0x478b9a,99.8599%,3,2138,2141,2138,3,0,0
0x4926ed,0%,3,0,3,0,0,3,0
0x4274a8,0%,3,0,3,0,3,0,0
0x462dc6,99.0909%,3,327,330,0,0,3,327
0x46cdfa,96.0526%,3,73,76,73,3,0,0
0x42748f,0%,3,0,3,0,0,3,0
0x4c234d,99.6746%,3,919,922,0,0,3,919
0x47a825,25%,3,1,4,0,0,3,1
0x5df81c,0%,3,0,3,0,3,0,0
0x45f14f,62.5%,3,5,8,5,3,0,0
0x6091a7,0%,3,0,3,0,3,0,0
0x4ba6ff,83.3333%,3,15,18,11,3,0,4
0x47a09b,98.1366%,3,158,161,0,0,3,158
0x428508,75%,3,9,12,9,3,0,0
0x49c3bb,90.9091%,3,30,33,30,3,0,0
0x4c6441,62.5%,3,5,8,5,3,0,0
0x420a4e,99.7625%,3,1260,1263,0,0,3,1260
0x410f4c,0%,3,0,3,0,0,3,0
0x4d9236,88.4615%,3,23,26,0,0,3,23
0x5de512,0%,3,0,3,0,0,3,0
0x465068,99.384%,3,484,487,484,3,0,0
0x4bbd2a,99.8749%,3,2395,2398,0,2,1,2395
0x49c768,0%,3,0,3,0,0,3,0
0x4c5754,99.9284%,3,4186,4189,4186,3,0,0
0x4d5b5c,98.8462%,3,257,260,257,3,0,0
0x5f0979,95.082%,3,58,61,0,0,3,58
0x458b1a,94.4444%,3,51,54,51,3,0,0
0x4192c8,93.0233%,3,40,43,0,0,3,40
0x427e06,91.1765%,3,31,34,0,0,3,31
0x5de942,0%,3,0,3,0,3,0,0
0x5de960,0%,3,0,3,0,3,0,0
0x41d365,81.25%,3,13,16,0,0,3,13
0x41b591,40%,3,2,5,2,3,0,0
0x4023e1,97.7099%,3,128,131,128,3,0,0
0x5de956,0%,3,0,3,0,3,0,0
0x4073a7,90.9091%,3,30,33,30,3,0,0
0x5dda73,50%,3,3,6,0,0,3,3
0x45a1b9,80%,3,12,15,12,3,0,0
0x48d432,0%,3,0,3,0,3,0,0
0x609ef5,96.9388%,3,95,98,0,0,3,95
0x46222b,50%,3,3,6,0,0,3,3
0x45ac2f,0%,3,0,3,0,0,3,0
0x47ab0c,99.9774%,3,13288,13291,0,0,3,13288
0x49a1de,91.6667%,3,33,36,33,3,0,0
0x4a3ec9,81.25%,3,13,16,13,3,0,0
0x478327,99.6016%,3,750,753,0,0,3,750
0x49c218,91.6667%,3,33,36,16,0,3,17
0x4de302,0%,3,0,3,0,0,3,0
0x49c270,91.6667%,3,33,36,33,3,0,0
0x4df3d3,0%,3,0,3,0,3,0,0
0x5de99e,50%,3,3,6,3,0,3,0
0x50f88c,81.25%,3,13,16,13,3,0,0
0x406bde,94.4444%,3,51,54,0,0,3,51
0x4ba6b6,83.3333%,3,15,18,0,0,3,15
0x47a576,50%,3,3,6,3,3,0,0
0x4d64be,99.7696%,3,1299,1302,1299,3,0,0
0x478ead,99.9414%,3,5115,5118,5115,3,0,0
0x47c689,70%,3,7,10,7,3,0,0
0x4ddad2,83.3333%,3,15,18,15,3,0,0
0x467ba8,90%,3,27,30,27,3,0,0
0x41adc5,97.2973%,3,108,111,0,0,3,108
0x4cbd04,93.617%,3,44,47,0,0,3,44
0x524855,0%,3,0,3,0,0,3,0
0x4e2869,95.8333%,3,69,72,69,3,0,0
0x4925ac,0%,3,0,3,0,0,3,0
0x46f214,93.617%,3,44,47,0,0,3,44
0x4ada0b,95.9459%,3,71,74,0,0,3,71
0x608d19,98.5222%,3,200,203,0,0,3,200
0x497a99,0%,3,0,3,0,0,3,0
0x45fa73,0%,3,0,3,0,3,0,0
0x621030,57.1429%,3,4,7,4,3,0,0
0x4b3d2a,95.5882%,3,65,68,65,3,0,0
0x4e0aac,83.3333%,3,15,18,15,3,0,0
0x426ce9,62.5%,3,5,8,5,3,0,0
0x4c60c1,66.6667%,3,6,9,0,0,3,6
0x4e0b42,90.9091%,3,30,33,0,0,3,30
0x478f2e,99.6764%,3,924,927,0,3,0,924
0x457b1e,0%,3,0,3,0,3,0,0
0x41117e,0%,3,0,3,0,0,3,0
0x5df5a7,0%,3,0,3,0,0,3,0
0x479860,99.5646%,3,686,689,686,3,0,0
0x46f557,81.25%,3,13,16,0,0,3,13
0x48d0ec,99.1404%,3,346,349,0,3,0,346
0x5df29d,0%,3,0,3,0,3,0,0
0x45fa1d,0%,3,0,3,0,3,0,0
0x46ff70,81.25%,3,13,16,0,0,3,13
0x60a006,88.8889%,3,24,27,0,0,3,24
0x413904,0%,3,0,3,0,3,0,0
0x47a06d,98.1366%,3,158,161,0,0,3,158
0x5facab,50%,3,3,6,2,2,1,1
0x459fa1,83.3333%,3,15,18,0,0,3,15
0x4b69ec,82.3529%,3,14,17,14,3,0,0
0x49c89f,99.6094%,3,765,768,0,0,3,765
0x4dadd5,99.4455%,3,538,541,538,3,0,0
0x48c5f1,99.4863%,3,581,584,0,2,1,581
0x418d59,99.8647%,3,2215,2218,2215,3,0,0
0x47d9db,99.8944%,3,2837,2840,0,0,3,2837
0x4a26a9,90.9091%,3,30,33,0,0,3,30
0x4d8bbd,0%,3,0,3,0,3,0,0
0x4d8baa,96.875%,3,93,96,93,0,3,0
0x41b968,40%,3,2,5,2,0,3,0
0x4d6f4a,0%,3,0,3,0,0,3,0
0x523b09,0%,3,0,3,0,3,0,0
0x46cce8,0%,3,0,3,0,0,3,0
0x4d6f07,0%,3,0,3,0,3,0,0
0x4dde47,25%,3,1,4,0,3,0,1
0x45fce6,0%,3,0,3,0,3,0,0
0x47de83,0%,3,0,3,0,3,0,0
0x47bc9a,99.8061%,3,1544,1547,0,0,3,1544
0x47dec1,0%,3,0,3,0,0,3,0
0x47def0,0%,3,0,3,0,3,0,0
0x45a238,80%,3,12,15,0,0,3,12
0x60b94e,70%,3,7,10,7,3,0,0
0x46165a,75%,3,9,12,9,3,0,0
0x4e14ae,83.3333%,3,15,18,15,3,0,0
0x60a98e,25%,3,1,4,1,3,0,0
0x633881,94.1176%,3,48,51,0,0,3,48
0x609d0b,62.5%,3,5,8,0,0,3,5
0x460cfa,90.625%,3,29,32,0,0,3,29
0x49ce90,99.3023%,3,427,430,427,3,0,0
0x47df00,0%,3,0,3,0,0,3,0
0x45a039,83.3333%,3,15,18,7,2,1,8
0x410f8a,0%,3,0,3,0,3,0,0
0x47677a,0%,3,0,3,0,0,3,0
0x5df5bc,0%,3,0,3,0,0,3,0
0x457f80,83.3333%,3,15,18,15,3,0,0
0x4a3f71,96.3855%,3,80,83,80,3,0,0
0x46ff5a,99.9386%,3,4883,4886,4868,2,1,15
0x492612,0%,3,0,3,0,3,0,0
0x4b9b4f,93.1818%,3,41,44,0,0,3,41
0x462d65,97.7941%,3,133,136,0,0,3,133
0x5def7b,0%,3,0,3,0,0,3,0
0x4d2db9,90%,3,27,30,27,3,0,0
0x459e99,98.1481%,3,159,162,159,3,0,0
0x4644de,99.2248%,3,384,387,0,0,3,384
0x4a2e52,84.2105%,3,16,19,0,0,3,16
0x5dde7b,50%,3,3,6,3,0,3,0
0x428500,0%,3,0,3,0,3,0,0
0x4a119d,94.2308%,3,49,52,49,3,0,0
0x5dd9a1,50%,3,3,6,0,0,3,3
0x458a1e,92.5%,3,37,40,0,0,3,37
0x4a8803,97%,3,97,100,0,0,3,97
0x4a50bc,85%,3,17,20,0,0,3,17
0x458eed,83.3333%,3,15,18,0,0,3,15
0x4117d8,99.3243%,3,441,444,441,3,0,0
0x47c0f4,98.6784%,3,224,227,213,2,1,11
0x462fbc,96.875%,3,93,96,0,0,3,93
0x47b6b9,99.8954%,3,2866,2869,0,0,3,2866
0x45fe6b,0%,3,0,3,0,3,0,0
0x60af2c,50%,3,3,6,1,3,0,2
0x47c64c,70%,3,7,10,0,0,3,7
0x5ef1ad,99.3274%,3,443,446,0,0,3,443
0x4a3a78,82.3529%,3,14,17,14,3,0,0
0x47a8ce,98.6175%,3,214,217,0,0,3,214
0x60a0a6,94.1176%,3,48,51,0,0,3,48
0x4925ca,0%,3,0,3,0,0,3,0
0x41afbf,96.6292%,3,86,89,86,3,0,0
0x4770b5,70%,3,7,10,0,2,1,7
0x5f2c4c,99.9712%,3,10423,10426,10423,3,0,0
0x45d9c5,40%,3,2,5,2,3,0,0
0x420bfa,99.7726%,3,1316,1319,1316,3,0,0
0x4a4b50,82.3529%,3,14,17,14,3,0,0
0x457761,97.9592%,3,144,147,0,0,3,144
0x60aece,25%,3,1,4,1,3,0,0
0x5ee9bc,66.6667%,3,6,9,5,2,1,1
0x4055eb,66.6667%,3,6,9,0,0,3,6
0x4d3eef,88.8889%,3,24,27,24,3,0,0
0x478bc2,0%,3,0,3,0,0,3,0
0x60a6ee,75%,3,9,12,9,3,0,0
0x4583e6,66.6667%,3,6,9,6,3,0,0
0x4be482,97.0874%,3,100,103,0,0,3,100
0x4e2950,95.8333%,3,69,72,0,3,0,69
0x4bbd03,0%,3,0,3,0,3,0,0
0x45dab0,96.2025%,3,76,79,76,3,0,0
0x473adb,99.3534%,3,461,464,461,3,0,0
0x4bbcde,0%,3,0,3,0,3,0,0
0x4a5b52,0%,3,0,3,0,3,0,0
0x459e42,75%,3,9,12,9,3,0,0
0x48e40d,89.6552%,3,26,29,0,0,3,26
0x457ba1,0%,3,0,3,0,0,3,0
0x5df4ba,0%,3,0,3,0,3,0,0
0x5ebf29,50%,3,3,6,3,3,0,0
0x408a71,99.0536%,3,314,317,0,0,3,314
0x4d6f5a,0%,3,0,3,0,0,3,0
0x41328e,57.1429%,3,4,7,2,1,2,2
0x4c2765,99.949%,3,5877,5880,0,0,3,5877
0x4de2e9,89.6552%,3,26,29,0,0,3,26
0x457c7a,92.8571%,3,39,42,39,3,0,0
0x4be8e0,99.9705%,3,10167,10170,0,0,3,10167
0x4b8a28,94.2308%,3,49,52,49,3,0,0
0x45da0a,40%,3,2,5,0,0,3,2
0x4bf730,75%,3,9,12,0,3,0,9
0x4284fe,80%,3,12,15,12,0,3,0
0x426967,40%,3,2,5,2,3,0,0
0x4bc21a,98.3425%,3,178,181,177,2,1,1
0x4cbd28,93.617%,3,44,47,0,1,2,44
0x60b85c,40%,3,2,5,2,3,0,0
0x4deb8c,75%,3,9,12,9,3,0,0
0x4925bd,0%,3,0,3,0,0,3,0
0x4d9241,88.4615%,3,23,26,23,3,0,0
0x464531,99.2248%,3,384,387,384,3,0,0
0x608e06,98.4615%,3,192,195,0,0,3,192
0x4e281a,95.8333%,3,69,72,69,3,0,0
0x4054cf,66.6667%,3,6,9,0,0,3,6
0x60b8ae,93.0233%,3,40,43,40,3,0,0
0x609e46,80%,3,12,15,0,0,3,12
0x4ad14c,82.3529%,3,14,17,14,3,0,0
0x45fbdd,0%,3,0,3,0,0,3,0
0x47ded5,0%,3,0,3,0,0,3,0
0x4a2443,0%,3,0,3,0,3,0,0
0x4576d6,97.9592%,3,144,147,144,3,0,0
0x421afb,99.7596%,3,1245,1248,0,0,3,1245
0x5de91d,50%,3,3,6,0,3,0,3
0x417ffd,99.8956%,3,2871,2874,0,0,3,2871
0x4bae61,99.961%,3,7688,7691,0,0,3,7688
0x4679b3,90%,3,27,30,27,3,0,0
0x5deef1,92.8571%,3,39,42,39,3,0,0
0x4a5c4c,91.1765%,3,31,34,0,0,3,31
0x5dee7a,0%,3,0,3,0,0,3,0
0x443681,99.359%,3,465,468,465,3,0,0
0x4190e5,0%,3,0,3,0,3,0,0
0x457dcc,98.8235%,3,252,255,0,0,3,252
0x45f185,62.5%,3,5,8,5,3,0,0
0x4d5edb,99.9588%,3,7271,7274,7271,3,0,0
0x47bfd2,25%,3,1,4,1,3,0,0
0x4acb33,91.1765%,3,31,34,0,0,3,31
0x46cc22,96.0526%,3,73,76,0,0,3,73
0x47bb4f,25%,3,1,4,1,3,0,0
0x411597,0%,3,0,3,0,3,0,0
0x401f34,50%,3,3,6,0,0,3,3
0x427992,98.9011%,3,270,273,270,3,0,0
0x479b47,99.9678%,3,9306,9309,9306,3,0,0
0x411868,99.3243%,3,441,444,441,3,0,0
0x487c77,92.8571%,3,39,42,0,0,3,39
0x5f2dbc,99.899%,3,2967,2970,2967,3,0,0
0x411a39,0%,3,0,3,0,3,0,0
0x4bae6a,99.961%,3,7688,7691,7688,3,0,0
0x41913f,93.0233%,3,40,43,40,3,0,0
0x42747f,0%,3,0,3,0,0,3,0
0x48e380,89.6552%,3,26,29,0,0,3,26
0x5dd900,66.6667%,3,6,9,6,3,0,0
0x427953,98.9011%,3,270,273,0,0,3,270
0x4a3002,81.25%,3,13,16,13,3,0,0
0x4b5feb,82.3529%,3,14,17,0,0,3,14
0x5f1dd2,91.4286%,3,32,35,32,0,3,0
0x45347f,66.6667%,3,6,9,6,3,0,0
0x4a63b6,84.2105%,3,16,19,0,0,3,16
0x45f001,62.5%,3,5,8,5,3,0,0
0x46ccc4,96.0526%,3,73,76,0,0,3,73
0x428645,95.5882%,3,65,68,65,3,0,0
0x4c598e,99.9937%,3,47647,47650,16,2,1,47631
0x5de7ac,50%,3,3,6,2,1,2,1
0x4574cf,92.3077%,3,36,39,36,3,0,0
0x4bc1f0,99.8582%,3,2113,2116,3,3,0,2110
0x49d008,98.5149%,3,199,202,0,0,3,199
0x632e15,0%,3,0,3,0,0,3,0
0x4c2757,99.949%,3,5877,5880,0,0,3,5877
0x4a8aef,91.1765%,3,31,34,0,0,3,31
0x6331ab,66.6667%,3,6,9,0,3,0,6
0x408b99,40%,3,2,5,0,2,1,2
0x4de2ac,0%,3,0,3,0,3,0,0
0x414993,0%,3,0,3,0,0,3,0
0x401ad0,99.8983%,3,2947,2950,2947,3,0,0
0x608bd2,99.0291%,3,306,309,0,3,0,306
0x40a563,99.1758%,3,361,364,0,0,3,361
0x4b317c,91.1765%,3,31,34,31,3,0,0
0x426e87,81.25%,3,13,16,0,0,3,13
0x426e37,81.25%,3,13,16,13,3,0,0
0x41148d,99.359%,3,465,468,0,0,3,465
0x445800,99.359%,3,465,468,465,3,0,0
0x41490f,0%,3,0,3,0,0,3,0
0x4136d4,92.5%,3,37,40,1,2,1,36
0x40188a,99.9636%,3,8239,8242,0,0,3,8239
0x5fa37d,84.2105%,3,16,19,1,3,0,15
0x4d1431,50%,3,3,6,3,3,0,0
0x4df21d,93.75%,3,45,48,45,3,0,0
0x48d145,0%,3,0,3,0,3,0,0
0x45a5d3,96.2963%,3,78,81,78,3,0,0
0x479093,98.5714%,3,207,210,0,0,3,207
0x47ab03,99.9774%,3,13288,13291,0,0,3,13288
0x4e099d,94.1176%,3,48,51,0,0,3,48
0x49ee99,81.25%,3,13,16,13,3,0,0
0x4149bf,0%,3,0,3,0,0,3,0
0x46d754,99.6364%,3,822,825,822,3,0,0
0x4ce624,99.9726%,3,10960,10963,10960,3,0,0
0x4a70c3,91.1765%,3,31,34,0,0,3,31
0x4aff2c,98.5149%,3,199,202,199,3,0,0
0x4d403b,97.8723%,3,138,141,0,0,3,138
0x47c99b,99.9212%,3,3805,3808,0,0,3,3805
0x478515,99.0769%,3,322,325,322,3,0,0
0x4b17f1,95.5882%,3,65,68,65,3,0,0
0x4bbd89,99.8626%,3,2181,2184,0,0,3,2181
0x40189e,99.9613%,3,7749,7752,7749,3,0,0
0x477e2a,98.0892%,3,154,157,0,0,3,154
0x45e01c,25%,3,1,4,1,3,0,0
0x46cdba,0%,3,0,3,0,0,3,0
0x45c2e7,99.2268%,3,385,388,0,0,3,385
0x49bbc6,0%,3,0,3,0,3,0,0
0x4a57b9,82.3529%,3,14,17,0,0,3,14
0x4073d2,90.9091%,3,30,33,0,0,3,30
0x5de4b6,0%,3,0,3,0,0,3,0
0x5f1d4d,99.899%,3,2967,2970,0,0,3,2967
0x40a629,99.9518%,3,6223,6226,6223,3,0,0
0x457425,92.3077%,3,36,39,36,3,0,0
0x45aba9,98.8095%,3,249,252,0,0,3,249
0x4c4b09,99.9977%,3,132605,132608,0,0,3,132605
0x4d7d37,96.5517%,3,84,87,84,2,1,0
0x6331f4,66.6667%,3,6,9,6,3,0,0
0x49e75f,98.9051%,3,271,274,271,3,0,0
0x5df2e0,50%,3,3,6,3,3,0,0
0x4185a9,0%,2,0,2,0,0,2,0
0x46c31e,77.7778%,2,7,9,7,2,0,0
0x49ac54,94.4444%,2,34,36,34,2,0,0
0x4b5b19,94.1176%,2,32,34,32,2,0,0
0x4d5e7b,99.0698%,2,213,215,213,2,0,0
0x4bf858,0%,2,0,2,0,0,2,0
0x4017af,99.9757%,2,8244,8246,8244,2,0,0
0x48aff9,90.4762%,2,19,21,19,2,0,0
0x47876e,66.6667%,2,4,6,0,0,2,4
0x4d92e9,92.3077%,2,24,26,0,0,2,24
0x46d66d,99.3464%,2,304,306,0,0,2,304
0x412ed0,94.4444%,2,34,36,0,0,2,34
0x4d9265,92.3077%,2,24,26,0,0,2,24
0x4c3c10,99.8379%,2,1232,1234,0,0,2,1232
0x4199b6,96.875%,2,62,64,62,0,2,0
0x60acde,95.5556%,2,43,45,43,2,0,0
0x5dd91b,33.3333%,2,1,3,0,0,2,1
0x492729,33.3333%,2,1,3,1,2,0,0
0x48acd2,90.4762%,2,19,21,0,0,2,19
0x467bf1,96.7213%,2,59,61,59,2,0,0
0x4c2408,75%,2,6,8,2,0,2,4
0x41858e,0%,2,0,2,0,0,2,0
0x4d7020,33.3333%,2,1,3,1,2,0,0
0x4d7a24,95%,2,38,40,38,2,0,0
0x4a4410,94.5946%,2,35,37,0,0,2,35
0x4be5cb,75%,2,6,8,0,0,2,6
0x4dd2c1,99.3958%,2,329,331,329,2,0,0
0x418250,0%,2,0,2,0,2,0,0
0x4b4403,94.1176%,2,32,34,0,0,2,32
0x4654bb,88.2353%,2,15,17,8,0,2,7
0x49bc41,33.3333%,2,1,3,0,0,2,1
0x4c60da,77.7778%,2,7,9,0,0,2,7
0x5df438,33.3333%,2,1,3,1,2,0,0
0x48d890,0%,2,0,2,0,0,2,0
0x60ac2e,50%,2,2,4,2,2,0,0
0x4a626c,98.9474%,2,188,190,0,0,2,188
0x45b46b,93.1034%,2,27,29,0,0,2,27
0x60b55e,33.3333%,2,1,3,1,2,0,0
0x5de40e,33.3333%,2,1,3,0,0,2,1
0x4a4669,90%,2,18,20,18,2,0,0
0x4a2fb3,93.9394%,2,31,33,31,2,0,0
0x4a4656,90%,2,18,20,0,0,2,18
0x46023f,33.3333%,2,1,3,0,0,2,1
0x4c5b0a,98.6207%,2,143,145,143,2,0,0
0x5ddd5f,66.6667%,2,4,6,0,0,2,4
0x478f35,99.7835%,2,922,924,0,0,2,922
0x45a074,88.8889%,2,16,18,1,2,0,15
0x4a25d8,96.1538%,2,50,52,50,2,0,0
0x48d0c9,99.4269%,2,347,349,0,0,2,347
0x4789e8,66.6667%,2,4,6,4,2,0,0
0x469e52,92%,2,23,25,23,2,0,0
0x478b6c,99.8671%,2,1503,1505,1503,2,0,0
0x4de854,33.3333%,2,1,3,1,2,0,0
0x412103,99.976%,2,8326,8328,0,0,2,8326
0x633501,33.3333%,2,1,3,0,0,2,1
0x52484c,33.3333%,2,1,3,0,0,2,1
0x523c2c,66.6667%,2,4,6,0,0,2,4
0x4cce62,99.8888%,2,1797,1799,0,0,2,1797
0x402801,99.9161%,2,2383,2385,2383,2,0,0
0x426f6e,75%,2,6,8,6,2,0,0
0x45d9e0,60%,2,3,5,3,2,0,0
0x408b26,60%,2,3,5,3,2,0,0
0x63350e,33.3333%,2,1,3,0,0,2,1
0x4d9620,92.3077%,2,24,26,24,2,0,0
0x4bea7a,0%,2,0,2,0,0,2,0
0x497c6e,33.3333%,2,1,3,1,2,0,0
0x4bf6f8,85.7143%,2,12,14,0,2,0,12
0x4b5f27,94.1176%,2,32,34,0,0,2,32
0x4d1c12,94.4444%,2,34,36,0,0,2,34
0x4d0adc,90.4762%,2,19,21,0,0,2,19
0x420c71,96.3636%,2,53,55,0,0,2,53
0x49b679,94.4444%,2,34,36,0,0,2,34
0x5decb3,66.6667%,2,4,6,0,0,2,4
0x4bdf48,0%,2,0,2,0,1,1,0
0x5fa464,0%,2,0,2,0,0,2,0
0x462ec2,97.9167%,2,94,96,94,2,0,0
0x4b8d78,99.9866%,2,14967,14969,0,0,2,14967
0x46572e,99.0385%,2,206,208,206,2,0,0
0x4199cd,0%,2,0,2,0,2,0,0
0x418d2b,99.9098%,2,2216,2218,2216,2,0,0
0x60688f,66.6667%,2,4,6,4,0,2,0
0x48c100,98.0583%,2,101,103,101,2,0,0
0x4ba3f2,99.9822%,2,11265,11267,0,0,2,11265
0x463a6a,99.7465%,2,787,789,0,0,2,787
0x49f022,97.5904%,2,81,83,81,2,0,0
0x45a180,86.6667%,2,13,15,0,0,2,13
0x445d5c,99.865%,2,1480,1482,0,0,2,1480
0x463a97,99.7468%,2,788,790,0,0,2,788
0x407c35,96.7742%,2,60,62,60,2,0,0
0x445b0b,99.5726%,2,466,468,0,0,2,466
0x45fa42,33.3333%,2,1,3,1,2,0,0
0x4dfb3e,33.3333%,2,1,3,1,2,0,0
0x476762,33.3333%,2,1,3,0,0,2,1
0x4a3b15,33.3333%,2,1,3,0,0,2,1
0x41b9c8,60%,2,3,5,0,0,2,3
0x4767f3,33.3333%,2,1,3,0,0,2,1
0x4bbae9,98.2143%,2,110,112,110,2,0,0
0x52485e,33.3333%,2,1,3,0,0,2,1
0x479659,95.5556%,2,43,45,43,2,0,0
0x45e2e2,0%,2,0,2,0,0,2,0
0x406cf7,93.9394%,2,31,33,31,2,0,0
0x45f955,33.3333%,2,1,3,1,2,0,0
0x4699fe,97.7273%,2,86,88,86,2,0,0
0x523c8f,33.3333%,2,1,3,1,2,0,0
0x459fff,88.8889%,2,16,18,0,0,2,16
0x4ace4f,94.1176%,2,32,34,0,0,2,32
0x460281,33.3333%,2,1,3,1,2,0,0
0x46f28f,95.7447%,2,45,47,0,0,2,45
0x4703cd,99.5726%,2,466,468,466,2,0,0
0x4a30d3,88.2353%,2,15,17,15,2,0,0
0x41850b,96.5517%,2,56,58,0,0,2,56
0x4bdd68,99.6546%,2,577,579,0,0,2,577
0x4ddbc5,88.8889%,2,16,18,16,2,0,0
0x4ba461,98.3607%,2,120,122,120,2,0,0
0x459485,33.3333%,2,1,3,1,2,0,0
0x4b08b7,94.1176%,2,32,34,32,2,0,0
0x49e7fa,93.9394%,2,31,33,31,2,0,0
0x5ef17a,0%,2,0,2,0,2,0,0
0x50b00b,98.1982%,2,109,111,0,0,2,109
0x4bdd9a,99.8675%,2,1507,1509,0,0,2,1507
0x4c6e8b,99.9294%,2,2832,2834,2832,2,0,0
0x479976,88.8889%,2,16,18,16,2,0,0
0x478f79,33.3333%,2,1,3,1,2,0,0
0x46476e,86.6667%,2,13,15,13,2,0,0
0x4b1908,98.8889%,2,178,180,0,0,2,178
0x4a8bcb,94.4444%,2,34,36,34,2,0,0
0x5f1d37,99.9327%,2,2968,2970,0,0,2,2968
0x458d36,93.1034%,2,27,29,27,2,0,0
0x4d7553,99.9791%,2,9558,9560,0,0,2,9558
0x458484,81.8182%,2,9,11,9,2,0,0
0x48d8ee,0%,2,0,2,0,0,2,0
0x4ba27f,99.9343%,2,3043,3045,3043,2,0,0
0x41a406,99.9723%,2,7227,7229,7227,2,0,0
0x46007c,99.9693%,2,6515,6517,0,0,2,6515
0x6332bf,66.6667%,2,4,6,4,2,0,0
0x4ba35a,99.9343%,2,3043,3045,0,0,2,3043
0x4799e8,88.8889%,2,16,18,16,2,0,0
0x4d90fd,99.895%,2,1902,1904,0,0,2,1902
0x49ef6a,93.9394%,2,31,33,31,2,0,0
0x60a130,92.3077%,2,24,26,0,0,2,24
0x4282ce,86.6667%,2,13,15,0,0,2,13
0x5eb5a5,66.6667%,2,4,6,4,2,0,0
0x4e0e07,94.8718%,2,37,39,0,0,2,37
0x406f59,81.8182%,2,9,11,9,2,0,0
0x4a8563,98.9637%,2,191,193,191,2,0,0
0x4c4eee,99.4269%,2,347,349,347,1,1,0
0x47874d,66.6667%,2,4,6,0,0,2,4
0x4c77df,99.6422%,2,557,559,557,2,0,0
0x49ed42,94.1176%,2,32,34,0,0,2,32
0x46747e,97.8022%,2,89,91,89,2,0,0
0x45fd20,33.3333%,2,1,3,1,2,0,0
0x41175e,99.5495%,2,442,444,0,0,2,442
0x46f794,87.5%,2,14,16,14,2,0,0
0x4d6374,99.2308%,2,258,260,258,2,0,0
0x47850e,99.3846%,2,323,325,0,0,2,323
0x4172d7,98.5075%,2,132,134,42,0,2,90
0x4ada0f,97.2973%,2,72,74,0,0,2,72
0x4c6562,50%,2,2,4,2,2,0,0
0x418588,0%,2,0,2,0,0,2,0
0x426fa6,75%,2,6,8,6,2,0,0
0x48acdc,90.4762%,2,19,21,19,2,0,0
0x4c2832,99.966%,2,5878,5880,5878,2,0,0
0x45d944,92.5926%,2,25,27,17,1,1,8
0x4d212f,86.6667%,2,13,15,13,2,0,0
0x5d8615,66.6667%,2,4,6,4,2,0,0
0x46af24,86.6667%,2,13,15,0,0,2,13
0x5fa368,90.4762%,2,19,21,0,2,0,19
0x45f02e,75%,2,6,8,6,2,0,0
0x466cdb,99.5927%,2,489,491,489,2,0,0
0x4d3f7f,92.5926%,2,25,27,21,0,2,4
0x407994,80%,2,8,10,0,0,2,8
0x40a5b0,99.4505%,2,362,364,362,2,0,0
0x60b60e,91.3043%,2,21,23,21,2,0,0
0x4cb989,95.7447%,2,45,47,45,2,0,0
0x4ba642,99.8131%,2,1068,1070,1068,2,0,0
0x5f2da0,99.9327%,2,2968,2970,2968,2,0,0
0x44fea4,77.7778%,2,7,9,0,0,2,7
0x608f47,98.9744%,2,193,195,0,0,2,193
0x46d78d,75%,2,6,8,6,2,0,0
0x465506,77.7778%,2,7,9,7,2,0,0
0x413be2,33.3333%,2,1,3,0,0,2,1
0x419a8b,96.875%,2,62,64,0,0,2,62
0x5f154f,93.75%,2,30,32,0,0,2,30
0x509556,93.3333%,2,28,30,0,0,2,28
0x478fb7,95.4545%,2,42,44,0,0,2,42
0x4ad134,88.2353%,2,15,17,0,0,2,15
0x4799aa,88.8889%,2,16,18,0,0,2,16
0x4c4b20,99.9985%,2,132606,132608,0,0,2,132606
0x48c0ed,98.0583%,2,101,103,0,0,2,101
0x463d23,99.5434%,2,436,438,436,2,0,0
0x4e0727,33.3333%,2,1,3,1,2,0,0
0x60953b,97.619%,2,82,84,0,0,2,82
0x5fa392,86.6667%,2,13,15,0,2,0,13
0x4d8828,0%,2,0,2,0,2,0,0
0x4d65f4,99.8024%,2,1010,1012,0,0,2,1010
0x60b0ce,92.5926%,2,25,27,25,2,0,0
0x5efae3,99.8765%,2,1617,1619,1617,2,0,0
0x4c6658,99.1935%,2,246,248,246,2,0,0
0x41b305,98.4127%,2,124,126,0,0,2,124
0x47cab5,99.9475%,2,3806,3808,0,0,2,3806
0x6332e2,66.6667%,2,4,6,0,0,2,4
0x46ee82,99.5951%,2,492,494,492,2,0,0
0x4b23cf,88.2353%,2,15,17,15,2,0,0
0x4d8106,99.5726%,2,466,468,466,2,0,0
0x45b87d,99.7763%,2,892,894,892,2,0,0
0x42791b,99.2674%,2,271,273,0,0,2,271
0x4ba769,85.7143%,2,12,14,0,0,2,12
0x50f7d0,85.7143%,2,12,14,0,0,2,12
0x45a6c9,97.5309%,2,79,81,79,2,0,0
0x5fad0d,33.3333%,2,1,3,1,2,0,0
0x41bc97,99.7155%,2,701,703,0,0,2,701
0x4996ae,99.682%,2,627,629,0,0,2,627
0x5ddf4d,33.3333%,2,1,3,0,0,2,1
0x5f9417,90.4762%,2,19,21,0,0,2,19
0x469789,99.5338%,2,427,429,427,2,0,0
0x4021d0,99.5726%,2,466,468,466,2,0,0
0x5f0b9e,94.4444%,2,34,36,0,0,2,34
0x4c9ef0,99.9917%,2,24075,24077,24075,2,0,0
0x4a2eca,93.9394%,2,31,33,0,0,2,31
0x4c24e6,99.9793%,2,9642,9644,9642,2,0,0
0x47b068,75%,2,6,8,0,0,2,6
0x4185b7,0%,2,0,2,0,2,0,0
0x5ef15b,87.5%,2,14,16,0,0,2,14
0x45e5ee,0%,2,0,2,0,2,0,0
0x4d17c7,99.3528%,2,307,309,307,2,0,0
0x469c2e,98.3333%,2,118,120,0,0,2,118
0x48d68f,77.7778%,2,7,9,0,0,2,7
0x4ac345,99.7821%,2,916,918,916,2,0,0
0x4601cc,33.3333%,2,1,3,0,0,2,1
0x47c1a1,50%,2,2,4,0,1,1,2
0x4acfac,66.6667%,2,4,6,0,0,2,4
0x4699df,97.7273%,2,86,88,86,2,0,0
0x4e0a9c,88.8889%,2,16,18,16,2,0,0
0x4d740b,0%,2,0,2,0,2,0,0
0x46cc91,97.3684%,2,74,76,0,0,2,74
0x46ccda,97.3684%,2,74,76,72,1,1,2
0x4c6618,50%,2,2,4,2,2,0,0
0x4b33f1,97.0588%,2,66,68,0,0,2,66
0x45ff1f,33.3333%,2,1,3,1,2,0,0
0x4ba002,96.4912%,2,55,57,0,0,2,55
0x49a568,94.4444%,2,34,36,34,2,0,0
0x45d9a5,90.9091%,2,20,22,20,2,0,0
0x5dee81,33.3333%,2,1,3,0,0,2,1
0x460d1a,93.75%,2,30,32,0,0,2,30
0x5de7e4,33.3333%,2,1,3,1,2,0,0
0x5de7d8,33.3333%,2,1,3,0,0,2,1
0x4d5a6f,99.9913%,2,22935,22937,22935,2,0,0
0x609f66,86.6667%,2,13,15,0,2,0,13
0x45e95f,88.2353%,2,15,17,0,0,2,15
0x4a49cf,33.3333%,2,1,3,1,2,0,0
0x420c3f,96.3636%,2,53,55,53,2,0,0
0x427943,99.2674%,2,271,273,271,2,0,0
0x47d6d4,75%,2,6,8,0,0,2,6
0x45e98e,88.2353%,2,15,17,0,0,2,15
0x4111d0,33.3333%,2,1,3,0,0,2,1
0x4d6e3b,99.591%,2,487,489,487,2,0,0
0x4acd7b,66.6667%,2,4,6,1,2,0,3
0x478c54,99.9067%,2,2142,2144,2142,2,0,0
0x41b64f,98.4127%,2,124,126,0,0,2,124
0x478b29,99.7525%,2,806,808,806,2,0,0
0x5de523,33.3333%,2,1,3,0,0,2,1
0x45a764,97.5309%,2,79,81,79,2,0,0
0x5decdc,66.6667%,2,4,6,0,0,2,4
0x4d861b,0%,2,0,2,0,2,0,0
0x5de442,33.3333%,2,1,3,0,0,2,1
0x4d85f2,0%,2,0,2,0,2,0,0
0x4d865b,0%,2,0,2,0,0,2,0
0x47c898,85.7143%,2,12,14,12,2,0,0
0x4de90a,33.3333%,2,1,3,1,2,0,0
0x60ac8c,71.4286%,2,5,7,2,2,0,3
0x45a817,97.5309%,2,79,81,0,0,2,79
0x4d8692,0%,2,0,2,0,2,0,0
0x4d8675,0%,2,0,2,0,2,0,0
0x4a8517,98.9637%,2,191,193,191,2,0,0
0x49ecec,99.1667%,2,238,240,0,0,2,238
0x5f2630,99.9746%,2,7879,7881,0,0,2,7879
0x420b0f,99.8484%,2,1317,1319,0,0,2,1317
0x5face9,33.3333%,2,1,3,1,2,0,0
0x47decc,33.3333%,2,1,3,0,0,2,1
0x47b8c8,99.8886%,2,1794,1796,1794,2,0,0
0x460214,33.3333%,2,1,3,1,2,0,0
0x4dec09,33.3333%,2,1,3,1,2,0,0
0x465696,99.0385%,2,206,208,206,2,0,0
0x5dd972,77.7778%,2,7,9,0,0,2,7
0x4cf69a,99.9903%,2,20569,20571,20569,2,0,0
0x49cb5e,99.9116%,2,2261,2263,2261,2,0,0
0x47aa5b,94.7368%,2,36,38,36,2,0,0
0x4d5a14,75%,2,6,8,6,2,0,0
0x6073bd,83.3333%,2,10,12,0,0,2,10
0x50fcb2,99.8521%,2,1350,1352,0,0,2,1350
0x4d8ae6,90%,2,18,20,0,0,2,18
0x40258e,99.2063%,2,250,252,250,2,0,0
0x459ca6,93.9394%,2,31,33,0,0,2,31
0x414a24,94.5946%,2,35,37,35,2,0,0
0x5df63e,66.6667%,2,4,6,4,2,0,0
0x413a5c,33.3333%,2,1,3,0,0,2,1
0x4781e8,90.4762%,2,19,21,0,0,2,19
0x4d8e3c,90%,2,18,20,0,0,2,18
0x428f61,99.9593%,2,4912,4914,0,0,2,4912
0x4c43e3,99.9844%,2,12827,12829,0,0,2,12827
0x428aaa,99.5726%,2,466,468,0,0,2,466
0x458e2a,90%,2,18,20,2,0,2,16
0x4bbe73,99.0566%,2,210,212,210,2,0,0
0x5d876e,66.6667%,2,4,6,0,0,2,4
0x4bbbc0,98.2143%,2,110,112,0,0,2,110
0x50fd87,0%,2,0,2,0,2,0,0
0x46c619,85.7143%,2,12,14,12,2,0,0
0x4cb32e,99.9599%,2,4984,4986,4984,2,0,0
0x45e625,0%,2,0,2,0,2,0,0
0x5ddf53,33.3333%,2,1,3,1,2,0,0
0x4a4297,90%,2,18,20,0,0,2,18
0x4deb80,83.3333%,2,10,12,0,0,2,10
0x467233,98.5612%,2,137,139,0,0,2,137
0x4acd93,33.3333%,2,1,3,1,2,0,0
0x4214f3,89.4737%,2,17,19,0,0,2,17
0x506036,66.6667%,2,4,6,0,0,2,4
0x60aade,77.7778%,2,7,9,7,2,0,0
0x476e8b,99.955%,2,4440,4442,0,0,2,4440
0x478f6a,33.3333%,2,1,3,1,2,0,0
0x45eff1,75%,2,6,8,6,2,0,0
0x5de808,33.3333%,2,1,3,1,2,0,0
0x47ccd2,94.8718%,2,37,39,0,0,2,37
0x41a3df,99.9723%,2,7227,7229,7227,2,0,0
0x469686,99.5338%,2,427,429,0,0,2,427
0x49bbaf,89.4737%,2,17,19,15,1,1,2
0x633429,77.7778%,2,7,9,7,2,0,0
0x498163,33.3333%,2,1,3,1,2,0,0
0x459c89,90.4762%,2,19,21,0,0,2,19
0x45e124,0%,2,0,2,0,2,0,0
0x45e337,50%,2,2,4,2,2,0,0
0x497a53,33.3333%,2,1,3,1,2,0,0
0x5de60c,66.6667%,2,4,6,0,0,2,4
0x50b0d9,0%,2,0,2,0,0,2,0
0x60b5bc,66.6667%,2,4,6,1,2,0,3
0x4bac2c,99.8825%,2,1700,1702,0,0,2,1700
0x498474,33.3333%,2,1,3,0,1,1,1
0x4c4fee,99.9478%,2,3826,3828,3826,2,0,0
0x4d4029,66.6667%,2,4,6,4,2,0,0
0x462aa4,83.3333%,2,10,12,10,2,0,0
0x4b6fb5,88.2353%,2,15,17,15,2,0,0
0x4d605b,88.8889%,2,16,18,16,2,0,0
0x5f1d6e,99.9327%,2,2968,2970,0,0,2,2968
0x462e41,98.5294%,2,134,136,134,2,0,0
0x5de9c7,33.3333%,2,1,3,0,0,2,1
0x50f5d9,99.9248%,2,2657,2659,0,0,2,2657
0x465555,77.7778%,2,7,9,7,1,1,0
0x427a45,96.9697%,2,64,66,0,0,2,64
0x60b40e,71.4286%,2,5,7,5,2,0,0
0x49ee49,94.4444%,2,34,36,0,0,2,34
0x497aa6,33.3333%,2,1,3,1,2,0,0
0x5f315c,99.9248%,2,2657,2659,0,0,2,2657
0x523a65,33.3333%,2,1,3,1,2,0,0
0x46c5fa,98.0198%,2,99,101,0,0,2,99
0x4b90f8,99.9896%,2,19286,19288,9643,1,1,9643
0x45e0fd,50%,2,2,4,2,0,2,0
0x473c49,99.569%,2,462,464,462,2,0,0
0x4c787c,0%,2,0,2,0,2,0,0
0x487b71,95.2381%,2,40,42,40,2,0,0
0x4d5e53,88.8889%,2,16,18,0,0,2,16
0x4a5261,94.1176%,2,32,34,0,0,2,32
0x41890d,0%,1,0,1,0,1,0,0
0x4212c4,0%,1,0,1,0,1,0,0
0x4a8466,94.4444%,1,17,18,0,0,1,17
0x4d8e98,50%,1,1,2,0,0,1,1
0x5fa2e5,95.6522%,1,22,23,0,1,0,22
0x608e5a,99.4872%,1,194,195,0,0,1,194
0x4996d6,99.841%,1,628,629,0,0,1,628
0x4a42e4,97.2973%,1,36,37,36,1,0,0
0x424066,91.6667%,1,11,12,11,1,0,0
0x42130f,0%,1,0,1,0,0,1,0
0x49f56a,97.0588%,1,33,34,33,1,0,0
0x4c3e43,96.2963%,1,26,27,26,1,0,0
0x458284,95%,1,19,20,19,1,0,0
0x41807b,0%,1,0,1,0,0,1,0
0x4a70d5,97.0588%,1,33,34,0,0,1,33
0x4212b4,0%,1,0,1,0,0,1,0
0x4c52cf,0%,1,0,1,0,0,1,0
0x4d7da2,0%,1,0,1,0,1,0,0
0x4c244a,50%,1,1,2,1,1,0,0
0x479617,99.8413%,1,629,630,629,1,0,0
0x4bb944,50%,1,1,2,1,1,0,0
0x608d04,99.5074%,1,202,203,0,0,1,202
0x5fa536,98.9899%,1,98,99,0,0,1,98
0x48be36,99.811%,1,528,529,0,0,1,528
0x421309,0%,1,0,1,0,0,1,0
0x4ad1fb,94.1176%,1,16,17,16,1,0,0
0x4b43f9,97.0588%,1,33,34,0,0,1,33
0x4d7a9a,0%,1,0,1,0,0,1,0
0x462f0d,98.9583%,1,95,96,95,1,0,0
0x477095,91.6667%,1,11,12,0,0,1,11
0x608ea5,99.4872%,1,194,195,0,0,1,194
0x5f7898,66.6667%,1,2,3,0,0,1,2
0x608e6f,99.4872%,1,194,195,0,0,1,194
0x4240ce,91.6667%,1,11,12,0,0,1,11
0x459717,99.0196%,1,101,102,0,0,1,101
0x4187c7,0%,1,0,1,0,1,0,0
0x4b0a13,99.5146%,1,205,206,205,1,0,0
0x4a5e7f,94.1176%,1,16,17,16,1,0,0
0x4b95c5,99.1803%,1,121,122,121,1,0,0
0x42131b,0%,1,0,1,0,0,1,0
0x4023d1,99.2366%,1,130,131,130,1,0,0
0x608edb,99.4872%,1,194,195,0,0,1,194
0x420fe0,0%,1,0,1,0,1,0,0
0x49ac48,95%,1,19,20,0,0,1,19
0x41b297,99.2063%,1,125,126,125,1,0,0
0x458578,90.9091%,1,10,11,10,1,0,0
0x4d7d61,0%,1,0,1,0,0,1,0
0x4a44b5,94.1176%,1,16,17,0,0,1,16
0x49cc7b,99.9584%,1,2401,2402,1832,1,0,569
0x422a64,0%,1,0,1,0,0,1,0
0x47a738,99.2537%,1,133,134,133,1,0,0
0x4182fd,50%,1,1,2,0,0,1,1
0x49a2e7,97.2222%,1,35,36,35,1,0,0
0x47688c,50%,1,1,2,1,1,0,0
0x418146,0%,1,0,1,0,0,1,0
0x49ac60,97.2222%,1,35,36,35,1,0,0
0x5de4d4,66.6667%,1,2,3,0,0,1,2
0x5f0986,98.3607%,1,60,61,60,1,0,0
0x490ebc,0%,1,0,1,0,1,0,0
0x41add7,99.0991%,1,110,111,110,1,0,0
0x4ca1b1,99.9844%,1,6393,6394,6393,1,0,0
0x418cb5,99.9205%,1,1257,1258,1257,0,1,0
0x422aa3,0%,1,0,1,0,0,1,0
0x4acdfc,83.3333%,1,5,6,2,1,0,3
0x41b2e6,99.2063%,1,125,126,125,1,0,0
0x4d7401,50%,1,1,2,0,0,1,1
0x464681,99.5192%,1,207,208,207,1,0,0
0x4a7a78,97.0588%,1,33,34,0,0,1,33
0x479ee5,98.7654%,1,80,81,80,1,0,0
0x422ad2,0%,1,0,1,0,0,1,0
0x4a8b95,97.2222%,1,35,36,0,0,1,35
0x422ed1,0%,1,0,1,0,1,0,0
0x422bea,0%,1,0,1,0,1,0,0
0x45b3b0,75%,1,3,4,0,0,1,3
0x41b69e,99.2063%,1,125,126,125,1,0,0
0x41b4a5,80%,1,4,5,4,1,0,0
0x4c893e,98.7952%,1,82,83,82,0,1,0
0x4c9e74,99.9925%,1,13301,13302,13301,1,0,0
0x4181f2,0%,1,0,1,0,0,1,0
0x4786c6,83.3333%,1,5,6,0,0,1,5
0x4a8503,96.875%,1,31,32,0,0,1,31
0x5f2082,0%,1,0,1,0,0,1,0
0x4d6ff8,66.6667%,1,2,3,2,1,0,0
0x41892b,0%,1,0,1,0,0,1,0
0x45e565,75%,1,3,4,2,0,1,1
0x47019d,99.7863%,1,467,468,467,1,0,0
0x418f96,98.4375%,1,63,64,63,1,0,0
0x45846e,90.9091%,1,10,11,0,0,1,10
0x424024,91.6667%,1,11,12,11,1,0,0
0x4c5269,0%,1,0,1,0,0,1,0
0x459742,99.0196%,1,101,102,101,1,0,0
0x49e9ce,97.0588%,1,33,34,33,1,0,0
0x498334,66.6667%,1,2,3,0,0,1,2
0x4589eb,97.5%,1,39,40,0,0,1,39
0x420f5a,0%,1,0,1,0,0,1,0
0x4438f0,99.7863%,1,467,468,467,1,0,0
0x4cceec,0%,1,0,1,0,0,1,0
0x418b72,99.9959%,1,24589,24590,24589,1,0,0
0x47dd68,99.9583%,1,2398,2399,0,0,1,2398
0x46ccf2,66.6667%,1,2,3,2,1,0,0
0x4ccee0,0%,1,0,1,0,0,1,0
0x420fd7,0%,1,0,1,0,0,1,0
0x4b5a0e,94.1176%,1,16,17,0,0,1,16
0x4e2b65,66.6667%,1,2,3,0,0,1,2
0x4c3ec7,99.0654%,1,106,107,0,0,1,106
0x48dc40,66.6667%,1,2,3,0,0,1,2
0x45e64b,75%,1,3,4,1,1,0,2
0x48ca37,99.8282%,1,581,582,0,0,1,581
0x4be4fc,99.0476%,1,104,105,104,1,0,0
0x49c1cf,97.2222%,1,35,36,35,1,0,0
0x4d5e35,94.4444%,1,17,18,0,0,1,17
0x49bebe,97.2222%,1,35,36,0,0,1,35
0x49bea2,94.7368%,1,18,19,2,1,0,16
0x49c366,97.2222%,1,35,36,0,0,1,35
0x467b12,96.6667%,1,29,30,29,1,0,0
0x5facd9,66.6667%,1,2,3,0,0,1,2
0x469858,99.4382%,1,177,178,0,0,1,177
0x5ef82e,50%,1,1,2,0,0,1,1
0x469a1c,98.8636%,1,87,88,0,0,1,87
0x49be0c,97.2222%,1,35,36,35,1,0,0
0x469daf,98.9474%,1,94,95,94,1,0,0
0x48d7d4,50%,1,1,2,1,1,0,0
0x48d8c6,50%,1,1,2,0,0,1,1
0x4a5213,95%,1,19,20,19,1,0,0
0x50b0b9,50%,1,1,2,0,0,1,1
0x4d70a6,0%,1,0,1,0,0,1,0
0x50b0af,50%,1,1,2,0,0,1,1
0x4b8e5b,93.75%,1,15,16,15,1,0,0
0x48d67a,99.984%,1,6243,6244,6243,1,0,0
0x609f77,92.3077%,1,12,13,0,0,1,12
0x4d0a04,95.2381%,1,20,21,20,1,0,0
0x4a3a46,97.0588%,1,33,34,0,0,1,33
0x45947e,66.6667%,1,2,3,0,0,1,2
0x4b9131,99.9896%,1,9643,9644,0,0,1,9643
0x4dde3d,75%,1,3,4,0,0,1,3
0x4cfcad,97.1429%,1,34,35,34,1,0,0
0x46013d,96%,1,24,25,24,1,0,0
0x408b17,80%,1,4,5,0,0,1,4
0x4decba,93.3333%,1,14,15,14,1,0,0
0x427f9f,96.9697%,1,32,33,32,1,0,0
0x5f1ddb,66.6667%,1,2,3,1,0,1,1
0x458e67,94.4444%,1,17,18,0,0,1,17
0x4bdfc3,0%,1,0,1,0,1,0,0
0x45fe54,66.6667%,1,2,3,0,0,1,2
0x498a84,95%,1,19,20,0,0,1,19
0x4d7d72,0%,1,0,1,0,0,1,0
0x49c205,97.2222%,1,35,36,35,1,0,0
0x45b8af,99.8881%,1,893,894,893,1,0,0
0x4d5839,99.9861%,1,7187,7188,0,1,0,7187
0x45ab7e,99.6032%,1,251,252,0,0,1,251
0x410db5,66.6667%,1,2,3,2,1,0,0
0x4abe34,98.8372%,1,85,86,0,0,1,85
0x5f14bb,75%,1,3,4,0,0,1,3
0x5fa479,50%,1,1,2,0,1,0,1
0x45fcdf,66.6667%,1,2,3,0,0,1,2
0x4dfbc4,98.4127%,1,62,63,62,1,0,0
0x4a7365,99.3464%,1,152,153,0,0,1,152
0x4df8a1,98.4127%,1,62,63,0,0,1,62
0x49bbeb,66.6667%,1,2,3,2,1,0,0
0x490f1c,0%,1,0,1,0,1,0,0
0x413ae9,66.6667%,1,2,3,2,1,0,0
0x4a896a,97.2222%,1,35,36,0,0,1,35
0x473a5a,99.7845%,1,463,464,463,1,0,0
0x5deb1e,83.3333%,1,5,6,5,1,0,0
0x48ae23,95.2381%,1,20,21,0,0,1,20
0x484b8a,97.619%,1,41,42,0,0,1,41
0x484287,97.619%,1,41,42,0,0,1,41
0x4a7b0e,98.1481%,1,53,54,0,0,1,53
0x4cabbd,66.6667%,1,2,3,2,1,0,0
0x4df16e,96.2963%,1,26,27,0,0,1,26
0x4c57e4,99.9976%,1,42545,42546,0,0,1,42545
0x476b09,99.9652%,1,2871,2872,2871,1,0,0
0x4b35aa,99.0196%,1,101,102,101,1,0,0
0x4d2e61,95%,1,19,20,0,0,1,19
0x4ac01f,95%,1,19,20,0,0,1,19
0x45b43d,96.5517%,1,28,29,28,1,0,0
0x4d814b,99.7863%,1,467,468,0,0,1,467
0x45ebf8,94.1176%,1,16,17,16,1,0,0
0x45a1f3,93.3333%,1,14,15,14,1,0,0
0x4a6fc8,99.3464%,1,152,153,0,0,1,152
0x50ff74,0%,1,0,1,0,0,1,0
0x4bcf6a,93.75%,1,15,16,15,1,0,0
0x45e1ab,75%,1,3,4,1,1,0,2
0x479ccf,99.3243%,1,147,148,2,1,0,145
0x4b3770,98.5294%,1,67,68,67,1,0,0
0x4925d3,66.6667%,1,2,3,2,1,0,0
0x4d70d7,0%,1,0,1,0,1,0,0
0x418121,0%,1,0,1,0,0,1,0
0x422249,85.7143%,1,6,7,6,1,0,0
0x45a41a,93.3333%,1,14,15,0,0,1,14
0x4d61dc,75%,1,3,4,0,1,0,3
0x4c52e0,0%,1,0,1,0,1,0,0
0x5faca4,83.3333%,1,5,6,2,0,1,3
0x4ddd6f,75%,1,3,4,3,1,0,0
0x46f25c,93.75%,1,15,16,0,0,1,15
0x4112ac,99.7863%,1,467,468,467,1,0,0
0x4c6749,99.5935%,1,245,246,0,0,1,245
0x5ef52a,99.9046%,1,1047,1048,0,0,1,1047
0x4d7072,0%,1,0,1,0,0,1,0
0x5fa546,0%,1,0,1,0,1,0,0
0x4c3a60,99.9179%,1,1217,1218,1217,1,0,0
0x4dde6c,0%,1,0,1,0,0,1,0
0x48d4bd,66.6667%,1,2,3,2,1,0,0
0x5de913,83.3333%,1,5,6,0,0,1,5
0x4708d9,0%,1,0,1,0,0,1,0
0x4dc436,0%,1,0,1,0,0,1,0
0x4cbd20,97.9167%,1,47,48,0,1,0,47
0x608d2e,99.5074%,1,202,203,0,0,1,202
0x4187a9,0%,1,0,1,0,1,0,0
0x418161,0%,1,0,1,0,1,0,0
0x4b8bea,99.2857%,1,139,140,0,0,1,139
0x462244,83.3333%,1,5,6,0,0,1,5
0x4deca3,93.3333%,1,14,15,0,0,1,14
0x4ccb1b,99.7669%,1,428,429,0,0,1,428
0x428a94,99.7863%,1,467,468,0,0,1,467
0x45f945,66.6667%,1,2,3,0,0,1,2
0x5f2e20,99.9663%,1,2969,2970,0,0,1,2969
0x4cbd8c,97.8723%,1,46,47,0,0,1,46
0x46efcb,93.75%,1,15,16,0,0,1,15
0x4ba016,99.8782%,1,820,821,820,1,0,0
0x473bc5,99.7845%,1,463,464,463,1,0,0
0x46f220,96.7742%,1,30,31,0,0,1,30
0x4aca92,83.3333%,1,5,6,5,1,0,0
0x499322,99.8698%,1,767,768,767,1,0,0
0x47d5fd,88.8889%,1,8,9,8,1,0,0
0x4d1d6b,93.3333%,1,14,15,14,1,0,0
0x457abc,99.3197%,1,146,147,146,1,0,0
0x4d79ce,97.5%,1,39,40,0,0,1,39
0x45e237,50%,1,1,2,1,1,0,0
0x609fd0,0%,1,0,1,0,0,1,0
0x4d587d,99.952%,1,2083,2084,2083,1,0,0
0x45f317,87.5%,1,7,8,7,1,0,0
0x428205,91.6667%,1,11,12,0,0,1,11
0x4a4c34,94.1176%,1,16,17,16,1,0,0
0x418ee9,96.1538%,1,25,26,0,0,1,25
0x4d09d4,95.2381%,1,20,21,20,1,0,0
0x5f1f7a,0%,1,0,1,0,0,1,0
0x47c788,99.9829%,1,5861,5862,0,0,1,5861
0x41809d,50%,1,1,2,0,1,0,1
0x4679a3,96.6667%,1,29,30,29,1,0,0
0x420fc8,50%,1,1,2,1,0,1,0
0x4431fd,99.7863%,1,467,468,467,1,0,0
0x4707ed,0%,1,0,1,0,1,0,0
0x4ba679,94.4444%,1,17,18,17,1,0,0
0x609f88,92.3077%,1,12,13,0,0,1,12
0x4c529e,0%,1,0,1,0,0,1,0
0x47089a,0%,1,0,1,0,1,0,0
0x4707d4,0%,1,0,1,0,1,0,0
0x45c28e,98.5507%,1,68,69,0,0,1,68
0x42152d,87.5%,1,7,8,0,0,1,7
0x4d9686,96.1538%,1,25,26,0,0,1,25
0x5f2078,0%,1,0,1,0,0,1,0
0x49bb5a,97.2222%,1,35,36,0,0,1,35
0x426e8c,93.75%,1,15,16,0,0,1,15
0x50fafd,99.6904%,1,322,323,322,1,0,0
0x47cd70,99.9798%,1,4955,4956,4955,1,0,0
0x48d365,66.6667%,1,2,3,2,1,0,0
0x470711,0%,1,0,1,0,0,1,0
0x4b2177,94.1176%,1,16,17,0,0,1,16
0x45dd16,87.5%,1,7,8,0,0,1,7
0x47b08d,87.5%,1,7,8,0,0,1,7
0x49f554,97.0588%,1,33,34,0,0,1,33
0x47050b,0%,1,0,1,0,1,0,0
0x470504,0%,1,0,1,0,0,1,0
0x4791ed,99.8597%,1,712,713,712,1,0,0
0x4d7a83,0%,1,0,1,0,1,0,0
0x420b2e,99.9242%,1,1318,1319,0,1,0,1318
0x5de53b,66.6667%,1,2,3,0,0,1,2
0x413bd6,66.6667%,1,2,3,0,0,1,2
0x4ca7a9,99.9197%,1,1245,1246,1245,0,1,0
0x413bd1,66.6667%,1,2,3,0,0,1,2
0x49eb9b,99%,1,99,100,99,1,0,0
0x5dec01,83.3333%,1,5,6,0,0,1,5
0x41b450,80%,1,4,5,0,0,1,4
0x4a2984,98.7952%,1,82,83,0,0,1,82
0x418201,0%,1,0,1,0,0,1,0
0x415023,99.7669%,1,428,429,0,0,1,428
0x5df773,66.6667%,1,2,3,0,0,1,2
0x4b9c36,99.4949%,1,197,198,0,0,1,197
0x463146,98.9583%,1,95,96,95,1,0,0
0x5f3098,99.9624%,1,2658,2659,0,0,1,2658
0x48e574,87.5%,1,7,8,0,0,1,7
0x4a11e0,97.1429%,1,34,35,0,0,1,34
0x467258,99.4286%,1,174,175,0,0,1,174
0x4994a2,99.841%,1,628,629,0,0,1,628
0x45a24a,93.3333%,1,14,15,0,0,1,14
0x5d8842,83.3333%,1,5,6,0,0,1,5
0x4baff0,98.8372%,1,85,86,0,0,1,85
0x4b34e7,98.5294%,1,67,68,67,1,0,0
0x4b22ee,91.6667%,1,11,12,11,1,0,0
0x470886,0%,1,0,1,0,0,1,0
0x4c5260,0%,1,0,1,0,0,1,0
0x4c52c2,0%,1,0,1,0,0,1,0
0x49cf9c,99.841%,1,628,629,628,1,0,0
0x609feb,0%,1,0,1,0,0,1,0
0x4739f6,99.7845%,1,463,464,0,0,1,463
0x4cc9af,99.983%,1,5882,5883,0,0,1,5882
0x5ef819,50%,1,1,2,0,0,1,1
0x5fa454,66.6667%,1,2,3,0,1,0,2
0x4d70bd,0%,1,0,1,0,0,1,0
0x4b2346,83.3333%,1,5,6,0,0,1,5
0x46d9b4,99.9122%,1,1138,1139,0,0,1,1138
0x47c892,92.8571%,1,13,14,0,0,1,13
0x4e00e9,98.6111%,1,71,72,71,1,0,0
0x453583,88.8889%,1,8,9,0,0,1,8
0x608e45,99.4872%,1,194,195,0,0,1,194
0x47d098,88.8889%,1,8,9,0,0,1,8
0x4a5b74,66.6667%,1,2,3,0,0,1,2
0x47ae50,0%,1,0,1,0,0,1,0
0x421315,0%,1,0,1,0,0,1,0
0x427ab7,83.3333%,1,5,6,0,0,1,5
0x4d5c9c,95%,1,19,20,0,0,1,19
0x4214fc,94.7368%,1,18,19,18,1,0,0
0x411479,99.7863%,1,467,468,467,1,0,0
0x47c72a,99.9829%,1,5861,5862,0,0,1,5861
0x48db97,50%,1,1,2,1,1,0,0
0x420aa8,99.9208%,1,1262,1263,0,0,1,1262
0x4cd52f,99.9063%,1,1066,1067,0,0,1,1066
0x4c786a,50%,1,1,2,0,0,1,1
0x632df4,66.6667%,1,2,3,2,1,0,0
0x420b1e,99.9242%,1,1318,1319,0,0,1,1318
0x5de5fe,83.3333%,1,5,6,0,0,1,5
0x4d8561,50%,1,1,2,0,0,1,1
0x470552,0%,1,0,1,0,1,0,0
0x5de754,66.6667%,1,2,3,2,1,0,0
0x4a51ea,95%,1,19,20,19,1,0,0
0x40272c,99.6032%,1,251,252,251,1,0,0
0x4137b0,66.6667%,1,2,3,2,1,0,0
0x523d0e,83.3333%,1,5,6,5,1,0,0
0x4a28aa,98.7952%,1,82,83,82,1,0,0
0x4459da,99.7863%,1,467,468,0,0,1,467
0x46584a,83.3333%,1,5,6,0,0,1,5
0x4d80a0,99.7863%,1,467,468,0,0,1,467
0x5eecd1,85.7143%,1,6,7,0,0,1,6
0x6073e1,91.6667%,1,11,12,0,0,1,11
0x411769,99.7748%,1,443,444,443,1,0,0
0x4a7be9,94.1176%,1,16,17,16,1,0,0
0x445ab1,99.7863%,1,467,468,0,0,1,467
0x4594d1,93.3333%,1,14,15,14,1,0,0
0x5de9b3,97.619%,1,41,42,0,0,1,41
0x4dc180,98.9691%,1,96,97,96,1,0,0
0x4a5b7c,95%,1,19,20,19,1,0,0
0x4181fb,0%,1,0,1,0,0,1,0
0x4706ef,0%,1,0,1,0,0,1,0
0x408edf,95.8333%,1,23,24,23,1,0,0
0x49c361,97.2222%,1,35,36,0,0,1,35
0x4d2df6,98.2759%,1,57,58,0,0,1,57
0x5ef229,99.9382%,1,1618,1619,1618,1,0,0
0x5ded6c,83.3333%,1,5,6,5,1,0,0
0x4d926f,96.1538%,1,25,26,25,1,0,0
0x49ba40,97.2222%,1,35,36,35,1,0,0
0x47dd53,99.9583%,1,2398,2399,0,0,1,2398
0x458aab,98.1481%,1,53,54,53,1,0,0
0x46d07f,99.9571%,1,2332,2333,2332,1,0,0
0x469a08,98.8636%,1,87,88,0,0,1,87
0x45a34d,93.3333%,1,14,15,0,0,1,14
0x4cb584,99.0385%,1,103,104,103,1,0,0
0x46081b,66.6667%,1,2,3,2,1,0,0
0x45d995,80%,1,4,5,4,1,0,0
0x5de767,66.6667%,1,2,3,0,0,1,2
0x4136e2,97.2973%,1,36,37,0,0,1,36
0x418789,0%,1,0,1,0,0,1,0
0x4d73dc,50%,1,1,2,1,1,0,0
0x4b657b,94.1176%,1,16,17,0,0,1,16
0x46ceb8,95.8333%,1,23,24,0,0,1,23
0x45fbf9,66.6667%,1,2,3,0,0,1,2
0x45a842,98.75%,1,79,80,79,1,0,0
0x420822,99.422%,1,172,173,0,0,1,172
0x4cd524,99.9063%,1,1066,1067,0,0,1,1066
0x5ef50a,99.9046%,1,1047,1048,0,0,1,1047
0x44581c,99.7863%,1,467,468,0,0,1,467
0x47d27a,99.9798%,1,4946,4947,4946,1,0,0
0x410efb,66.6667%,1,2,3,2,1,0,0
0x4b98c0,99.0291%,1,102,103,0,0,1,102
0x49a4c8,97.2222%,1,35,36,35,1,0,0
0x47bae5,96.1538%,1,25,26,0,0,1,25
0x4de2be,66.6667%,1,2,3,0,0,1,2
0x469e97,96%,1,24,25,0,0,1,24
0x41b216,80%,1,4,5,4,1,0,0
0x47a94e,96.4286%,1,27,28,27,1,0,0
0x6331e7,66.6667%,1,2,3,0,0,1,2
0x4117ad,99.7748%,1,443,444,443,1,0,0
0x4c3715,99.9995%,1,187983,187984,187983,1,0,0
0x41814e,0%,1,0,1,0,0,1,0
0x4bab7f,99.9841%,1,6300,6301,6300,1,0,0
0x458d80,96.5517%,1,28,29,0,0,1,28
0x5d880f,83.3333%,1,5,6,0,0,1,5
0x4137cb,66.6667%,1,2,3,0,0,1,2
0x633539,66.6667%,1,2,3,2,1,0,0
0x4dca07,66.6667%,1,2,3,0,0,1,2
0x4b9580,99.9869%,1,7657,7658,7657,1,0,0
0x4708cf,0%,1,0,1,0,0,1,0
0x426cc5,87.5%,1,7,8,0,0,1,7
0x41815a,0%,1,0,1,0,0,1,0
0x4c4e46,99.9513%,1,2053,2054,0,0,1,2053
0x458f1c,94.4444%,1,17,18,0,0,1,17
0x4a5866,94.1176%,1,16,17,16,1,0,0
0x4b9b9a,98.4615%,1,64,65,0,1,0,64
0x5df4ad,66.6667%,1,2,3,2,1,0,0
0x4ba5f0,99.1803%,1,121,122,121,1,0,0
0x4701e7,99.7863%,1,467,468,0,0,1,467
0x47a230,99.9135%,1,1155,1156,1155,1,0,0
0x477e81,99.3631%,1,156,157,156,1,0,0
0x408b21,80%,1,4,5,0,0,1,4
0x47032c,99.7863%,1,467,468,0,0,1,467
0x41170b,99.7748%,1,443,444,0,0,1,443
0x45a2d9,93.3333%,1,14,15,14,1,0,0
0x492607,66.6667%,1,2,3,0,0,1,2
0x4acf8f,97.0588%,1,33,34,33,1,0,0
0x5eb6f0,91.6667%,1,11,12,11,1,0,0
0x418826,97.6744%,1,42,43,0,0,1,42
0x49edbf,97.0588%,1,33,34,0,0,1,33
0x457bab,66.6667%,1,2,3,2,1,0,0
0x5fa4d2,0%,1,0,1,0,0,1,0
0x49a3f8,97.2222%,1,35,36,35,1,0,0
0x6332f1,83.3333%,1,5,6,5,1,0,0
0x5ef0a7,99.8917%,1,922,923,0,0,1,922
0x45f932,66.6667%,1,2,3,2,1,0,0
0x408ba4,66.6667%,1,2,3,0,0,1,2
0x49cb9b,99.7674%,1,429,430,429,1,0,0
0x4b2f8e,97.0588%,1,33,34,33,1,0,0
0x4a7637,99.6764%,1,308,309,308,1,0,0
0x4c4621,99.5816%,1,238,239,9,0,1,229
0x4dc464,0%,1,0,1,0,1,0,0
0x418073,0%,1,0,1,0,0,1,0
0x5dd25f,83.3333%,1,5,6,5,1,0,0
0x5facfc,66.6667%,1,2,3,2,1,0,0
0x47661d,99.9062%,1,1065,1066,0,0,1,1065
0x4982d4,66.6667%,1,2,3,0,0,1,2
0x47807a,99.9633%,1,2723,2724,0,0,1,2723
0x465851,83.3333%,1,5,6,5,1,0,0
0x45010c,88.8889%,1,8,9,0,0,1,8
0x5df7e4,66.6667%,1,2,3,0,0,1,2
0x4a6246,99.4737%,1,189,190,189,1,0,0
0x4bea33,99.0476%,1,104,105,104,1,0,0
0x4ddafd,94.4444%,1,17,18,0,0,1,17
0x4b6bb0,94.1176%,1,16,17,0,0,1,16
0x608bf6,99.5238%,1,209,210,0,0,1,209
0x47c8d5,66.6667%,1,2,3,2,1,0,0
0x49ce80,99.7674%,1,429,430,0,0,1,429
0x4b24a8,94.1176%,1,16,17,16,1,0,0
0x4a2f1f,100%,0,33,33,33,0,0,0
0x4cf5b9,100%,0,178,178,178,0,0,0
0x4a2ffd,100%,0,16,16,0,0,0,16
0x608ef6,100%,0,195,195,0,0,0,195
0x4cf5d9,100%,0,178,178,0,0,0,178
0x45fe64,100%,0,3,3,0,0,0,3
0x4d7ef2,100%,0,471,471,0,0,0,471
0x47b34f,100%,0,76,76,0,0,0,76
0x48d33d,100%,0,3,3,0,0,0,3
0x463a88,100%,0,789,789,0,0,0,789
0x45e065,100%,0,4,4,0,0,0,4
0x4ad1e8,100%,0,17,17,17,0,0,0
0x50f9a4,100%,0,19,19,0,0,0,19
0x48afd3,100%,0,21,21,21,0,0,0
0x4704f3,100%,0,1,1,1,0,0,0
0x4b07f9,100%,0,34,34,0,0,0,34
0x5de908,100%,0,6,6,0,0,0,6
0x412f40,100%,0,5998,5998,0,0,0,5998
0x4dc975,100%,0,3,3,3,0,0,0
0x4d73c3,100%,0,2,2,2,0,0,0
0x4789af,100%,0,6,6,6,0,0,0
0x5dee8f,100%,0,3,3,0,0,0,3
0x45b7f0,100%,0,12,12,12,0,0,0
0x46c2ff,100%,0,9,9,9,0,0,0
0x45e9c6,100%,0,17,17,17,0,0,0
0x4dc1ba,100%,0,1,1,0,0,0,1
0x41878d,100%,0,1,1,1,0,0,0
0x4a4530,100%,0,17,17,0,0,0,17
0x45eb95,100%,0,17,17,0,0,0,17
0x5f08b8,100%,0,39,39,39,0,0,0
0x45e03f,100%,0,4,4,0,0,0,4
0x45eb9a,100%,0,17,17,17,0,0,0
0x4d967e,100%,0,26,26,0,0,0,26
0x4ba70e,100%,0,4,4,0,0,0,4
0x428a86,100%,0,468,468,0,0,0,468
0x45e416,100%,0,4,4,4,0,0,0
0x45b7a1,100%,0,882,882,882,0,0,0
0x45ec70,100%,0,17,17,17,0,0,0
0x4dde73,100%,0,1,1,1,0,0,0
0x4cbd2c,100%,0,46,46,0,0,0,46
0x5ddaa4,100%,0,6,6,6,0,0,0
0x46d65b,100%,0,306,306,0,0,0,306
0x4675ab,100%,0,61,61,0,0,0,61
0x45ece8,100%,0,17,17,0,0,0,17
0x50fd53,100%,0,16,16,0,0,0,16
0x4d5c94,100%,0,20,20,0,0,0,20
0x497aa4,100%,0,3,3,0,0,0,3
0x45e8ad,100%,0,17,17,17,0,0,0
0x5ebf0a,100%,0,6,6,6,0,0,0
0x50f8fb,100%,0,19,19,0,0,0,19
0x50f873,100%,0,19,19,19,0,0,0
0x4b08f9,100%,0,378,378,378,0,0,0
0x4275e2,100%,0,12,12,12,0,0,0
0x49f507,100%,0,34,34,0,0,0,34
0x49b93b,100%,0,19,19,0,0,0,19
0x45e046,100%,0,4,4,0,0,0,4
0x4bd998,100%,0,249,249,0,0,0,249
0x5de936,100%,0,3,3,0,0,0,3
0x4a3596,100%,0,16,16,0,0,0,16
0x609c0b,100%,0,7,7,0,0,0,7
0x4a35a3,100%,0,16,16,0,0,0,16
0x4131d3,100%,0,36,36,0,0,0,36
0x413202,100%,0,40,40,40,0,0,0
0x48c349,100%,0,189,189,189,0,0,0
0x4c1cfc,100%,0,2235,2235,2235,0,0,0
0x477154,100%,0,12,12,12,0,0,0
0x46447c,100%,0,387,387,0,0,0,387
0x609bb7,100%,0,94,94,0,0,0,94
0x608cef,100%,0,203,203,0,0,0,203
0x49b8ec,100%,0,19,19,0,0,0,19
0x49f43a,100%,0,68,68,0,0,0,68
0x4abe1c,100%,0,86,86,0,0,0,86
0x4b6a39,100%,0,17,17,0,0,0,17
0x45ace2,100%,0,13,13,0,0,0,13
0x4c647e,100%,0,8,8,0,0,0,8
0x443632,100%,0,468,468,0,0,0,468
0x46d860,100%,0,1139,1139,0,0,0,1139
0x49c291,100%,0,36,36,36,0,0,0
0x427e00,100%,0,34,34,0,0,0,34
0x49bc72,100%,0,3,3,0,0,0,3
0x45db5a,100%,0,79,79,79,0,0,0
0x45ecb4,100%,0,17,17,0,0,0,17
0x443883,100%,0,468,468,468,0,0,0
0x45db0e,100%,0,79,79,0,0,0,79
0x45b0e8,100%,0,2,2,2,0,0,0
0x4a663c,100%,0,34,34,0,0,0,34
0x47bc1c,100%,0,242,242,242,0,0,0
0x4534e2,100%,0,9,9,9,0,0,0
0x45e3eb,100%,0,4,4,4,0,0,0
0x4534c2,100%,0,9,9,9,0,0,0
0x49bd49,100%,0,3,3,3,0,0,0
0x4a3acc,100%,0,17,17,0,0,0,17
0x412e0a,100%,0,40,40,0,0,0,40
0x4a305f,100%,0,33,33,0,0,0,33
0x50fd30,100%,0,1,1,0,0,0,1
0x45e11a,100%,0,4,4,2,0,0,2
0x445bf8,100%,0,234,234,0,0,0,234
0x5fa556,100%,0,1,1,0,0,0,1
0x608e8a,100%,0,195,195,0,0,0,195
0x46022c,100%,0,3,3,0,0,0,3
0x4c2610,100%,0,21,21,21,0,0,0
0x5fa48e,100%,0,1,1,1,0,0,0
0x4a30ba,100%,0,33,33,0,0,0,33
0x450115,100%,0,9,9,0,0,0,9
0x4535d6,100%,0,9,9,9,0,0,0
0x4180b9,100%,0,1,1,0,0,0,1
0x4be85e,100%,0,12,12,12,0,0,0
0x4ad737,100%,0,34,34,34,0,0,0
0x464980,100%,0,158,158,158,0,0,0
0x4dc1c3,100%,0,1,1,0,0,0,1
0x60b6ae,100%,0,7,7,7,0,0,0
0x420902,100%,0,1263,1263,0,0,0,1263
0x422ab8,100%,0,1,1,0,0,0,1
0x45ac1b,100%,0,13,13,0,0,0,13
0x49ba4b,100%,0,36,36,36,0,0,0
0x4584a0,100%,0,11,11,0,0,0,11
0x4b59a3,100%,0,17,17,0,0,0,17
0x45e3fc,100%,0,4,4,0,0,0,4
0x49ee5f,100%,0,36,36,0,0,0,36
0x4cc346,100%,0,29,29,29,0,0,0
0x4a52f4,100%,0,17,17,0,0,0,17
0x45e5e4,100%,0,2,2,0,0,0,2
0x4842a6,100%,0,42,42,0,0,0,42
0x4b0860,100%,0,34,34,0,0,0,34
0x469eed,100%,0,25,25,0,0,0,25
0x4dde53,100%,0,1,1,0,0,0,1
0x4a5912,100%,0,17,17,17,0,0,0
0x49c370,100%,0,3,3,3,0,0,0
0x48dec3,100%,0,346,346,346,0,0,0
0x406f7b,100%,0,11,11,0,0,0,11
0x47ae0d,100%,0,221,221,221,0,0,0
0x49271d,100%,0,3,3,0,0,0,3
0x4a898e,100%,0,70,70,0,0,0,70
0x49ed82,100%,0,34,34,34,0,0,0
0x40a518,100%,0,364,364,0,0,0,364
0x4d5f86,100%,0,472,472,0,0,0,472
0x4ca17a,100%,0,174,174,0,0,0,174
0x5dd8e6,100%,0,48,48,48,0,0,0
0x4d8d81,100%,0,20,20,0,0,0,20
0x6094f3,100%,0,3,3,0,0,0,3
0x50b0c2,100%,0,2,2,0,0,0,2
0x4a2f8d,100%,0,33,33,0,0,0,33
0x4c57ef,100%,0,42546,42546,0,0,0,42546
0x45b5ad,100%,0,21,21,0,0,0,21
0x4a2bcd,100%,0,20,20,0,0,0,20
0x487b93,100%,0,42,42,0,0,0,42
0x45f2ce,100%,0,8,8,8,0,0,0
0x47af68,100%,0,1,1,1,0,0,0
0x462faa,100%,0,96,96,0,0,0,96
0x413653,100%,0,40,40,0,0,0,40
0x4c766a,100%,0,94,94,0,0,0,94
0x48ddf2,100%,0,2,2,2,0,0,0
0x608d9e,100%,0,8,8,0,0,0,8
0x5def08,100%,0,3,3,0,0,0,3
0x47877b,100%,0,6,6,0,0,0,6
0x45e0ce,100%,0,4,4,0,0,0,4
0x45e095,100%,0,4,4,0,0,0,4
0x4b3526,100%,0,68,68,0,0,0,68
0x4ce4b6,100%,0,1,1,1,0,0,0
0x498c5c,100%,0,1212,1212,0,0,0,1212
0x4affca,100%,0,52,52,52,0,0,0
0x60988b,100%,0,3,3,0,0,0,3
0x4afff1,100%,0,52,52,0,0,0,52
0x4b999e,100%,0,158,158,0,0,0,158
0x417f1b,100%,0,30006,30006,30006,0,0,0
0x40248c,100%,0,79,79,79,0,0,0
0x479a35,100%,0,18,18,18,0,0,0
0x4a883b,100%,0,33,33,0,0,0,33
0x4a7810,100%,0,107,107,0,0,0,107
0x4c24a9,100%,0,51,51,51,0,0,0
0x47b0e2,100%,0,1,1,1,0,0,0
0x4d738e,100%,0,2,2,0,0,0,2
0x498c91,100%,0,1212,1212,0,0,0,1212
0x459fd1,100%,0,18,18,18,0,0,0
0x44a4c3,100%,0,33,33,0,0,0,33
0x4a574c,100%,0,34,34,0,0,0,34
0x4e2682,100%,0,33,33,0,0,0,33
0x48af9d,100%,0,21,21,0,0,0,21
0x460740,100%,0,3,3,0,0,0,3
0x4abff3,100%,0,20,20,20,0,0,0
0x49a859,100%,0,36,36,36,0,0,0
0x5ed2e4,100%,0,6,6,0,0,0,6
0x49a881,100%,0,36,36,36,0,0,0
0x5ddec7,100%,0,3,3,3,0,0,0
0x49af03,100%,0,36,36,0,0,0,36
0x450165,100%,0,9,9,0,0,0,9
0x4840ff,100%,0,21,21,0,0,0,21
0x60a028,100%,0,27,27,0,0,0,27
0x427498,100%,0,3,3,0,0,0,3
0x422eb8,100%,0,1,1,1,0,0,0
0x45e288,100%,0,2,2,2,0,0,0
0x459808,100%,0,1,1,0,0,0,1
0x462cd0,100%,0,36,36,0,0,0,36
0x40702a,100%,0,10,10,0,0,0,10
0x5de5f1,100%,0,6,6,0,0,0,6
0x49a16b,100%,0,36,36,36,0,0,0
0x4c7963,100%,0,2,2,2,0,0,0
0x4180c4,100%,0,1,1,0,0,0,1
0x4437fc,100%,0,468,468,0,0,0,468
0x46e557,100%,0,3,3,3,0,0,0
0x4631c0,100%,0,96,96,0,0,0,96
0x42414b,100%,0,12,12,0,0,0,12
0x4240f1,100%,0,12,12,12,0,0,0
0x49d2af,100%,0,34,34,34,0,0,0
0x5f7bfd,100%,0,21,21,0,0,0,21
0x42407b,100%,0,12,12,0,0,0,12
0x424099,100%,0,12,12,0,0,0,12
0x4a4b47,100%,0,17,17,0,0,0,17
0x46782a,100%,0,61,61,0,0,0,61
0x4a3df7,100%,0,67,67,0,0,0,67
0x608e30,100%,0,195,195,0,0,0,195
0x5ddf86,100%,0,3,3,3,0,0,0
0x421371,100%,0,1,1,0,0,0,1
0x4a3dfe,100%,0,67,67,67,0,0,0
0x470702,100%,0,1,1,0,0,0,1
0x46eda8,100%,0,497,497,497,0,0,0
0x4a52c3,100%,0,120,120,120,0,0,0
0x4c3b51,100%,0,1234,1234,1234,0,0,0
0x45a86d,100%,0,80,80,0,0,0,80
0x427bb3,100%,0,273,273,0,0,0,273
0x4786b9,100%,0,6,6,0,0,0,6
0x4c52b5,100%,0,1,1,0,0,0,1
0x497ad4,100%,0,3,3,3,0,0,0
0x4c52a6,100%,0,1,1,0,0,0,1
0x4c52c9,100%,0,1,1,0,0,0,1
0x46d0cc,100%,0,1477,1477,0,0,0,1477
0x49af1e,100%,0,3,3,3,0,0,0
0x4982ec,100%,0,3,3,3,0,0,0
0x48c65b,100%,0,2941,2941,0,0,0,2941
0x49833e,100%,0,3,3,0,0,0,3
0x5de92e,100%,0,3,3,0,0,0,3
0x4111a5,100%,0,3,3,0,0,0,3
0x4a64a7,100%,0,128,128,128,0,0,0
0x4c4e52,100%,0,2054,2054,0,0,0,2054
0x4a498c,100%,0,3,3,0,0,0,3
0x497aea,100%,0,3,3,3,0,0,0
0x45daf9,100%,0,79,79,79,0,0,0
0x410f7d,100%,0,3,3,3,0,0,0
0x4b9595,100%,0,7658,7658,0,0,0,7658
0x45a6ee,100%,0,81,81,81,0,0,0
0x45a6a8,100%,0,81,81,81,0,0,0
0x5d8b1f,100%,0,6,6,6,0,0,0
0x422a74,100%,0,1,1,0,0,0,1
0x5fad26,100%,0,3,3,3,0,0,0
0x5f2635,100%,0,7881,7881,0,0,0,7881
0x49ac1c,100%,0,36,36,0,0,0,36
0x4d739a,100%,0,2,2,0,0,0,2
0x4d73ba,100%,0,2,2,2,0,0,0
0x48ccf4,100%,0,324,324,0,0,0,324
0x46d93c,100%,0,1139,1139,1139,0,0,0
0x424015,100%,0,12,12,0,0,0,12
0x45ab33,100%,0,252,252,0,0,0,252
0x5f7bf3,100%,0,21,21,0,0,0,21
0x4a2727,100%,0,33,33,0,0,0,33
0x4df33a,100%,0,21,21,21,0,0,0
0x427961,100%,0,273,273,0,0,0,273
0x4434ea,100%,0,468,468,0,0,0,468
0x4d80a7,100%,0,468,468,0,0,0,468
0x47dd8c,100%,0,12,12,12,0,0,0
0x465139,100%,0,487,487,0,0,0,487
0x422aae,100%,0,1,1,0,0,0,1
0x4a24d6,100%,0,396,396,0,0,0,396
0x47ac12,100%,0,65,65,65,0,0,0
0x4a3963,100%,0,17,17,17,0,0,0
0x48be7a,100%,0,103,103,103,0,0,0
0x4739c3,100%,0,464,464,464,0,0,0
0x4d7d50,100%,0,1,1,1,0,0,0
0x45e490,100%,0,4,4,4,0,0,0
0x4ca82c,100%,0,691,691,0,0,0,691
0x5d8d12,100%,0,6,6,0,0,0,6
0x4a24f2,100%,0,346,346,346,0,0,0
0x4df39a,100%,0,21,21,0,0,0,21
0x5e48e2,100%,0,6,6,0,0,0,6
0x4bdf80,100%,0,1,1,1,0,0,0
0x4054ad,100%,0,9,9,9,0,0,0
0x41bbde,100%,0,703,703,0,0,0,703
0x60a017,100%,0,27,27,0,0,0,27
0x4a2400,100%,0,17,17,0,0,0,17
0x45de0c,100%,0,309,309,309,0,0,0
0x4b9685,100%,0,76,76,0,0,0,76
0x419244,100%,0,3,3,0,0,0,3
0x49d26e,100%,0,68,68,0,0,0,68
0x45e1ba,100%,0,2,2,0,0,0,2
0x4b171c,100%,0,16,16,0,0,0,16
0x47df10,100%,0,3,3,3,0,0,0
0x465825,100%,0,6,6,0,0,0,6
0x4534b6,100%,0,9,9,0,0,0,9
0x443919,100%,0,468,468,468,0,0,0
0x470448,100%,0,1,1,1,0,0,0
0x4a4290,100%,0,17,17,17,0,0,0
0x4a44c8,100%,0,17,17,17,0,0,0
0x46efc5,100%,0,16,16,0,0,0,16
0x4bf778,100%,0,12,12,0,0,0,12
0x5dead5,100%,0,6,6,0,0,0,6
0x4ac407,100%,0,918,918,0,0,0,918
0x45dad6,100%,0,79,79,0,0,0,79
0x45e25b,100%,0,2,2,0,0,0,2
0x5de62f,100%,0,3,3,0,0,0,3
0x418114,100%,0,1,1,0,0,0,1
0x4a7bbf,100%,0,53,53,0,0,0,53
0x4c6e9b,100%,0,94,94,94,0,0,0
0x47056a,100%,0,1,1,0,0,0,1
0x5de97f,100%,0,6,6,6,0,0,0
0x45e445,100%,0,4,4,4,0,0,0
0x47a297,100%,0,6,6,0,0,0,6
0x47a556,100%,0,6,6,0,0,0,6
0x478699,100%,0,6,6,0,0,0,6
0x4d1f1e,100%,0,15,15,0,0,0,15
0x5eecc6,100%,0,7,7,0,0,0,7
0x4770d3,100%,0,2,2,2,0,0,0
0x40184e,100%,0,34,34,0,0,0,34
0x50f7c6,100%,0,14,14,0,0,0,14
0x4d0a20,100%,0,21,21,0,0,0,21
0x4996ca,100%,0,629,629,0,0,0,629
0x45e652,100%,0,2,2,0,0,0,2
0x5de9e3,100%,0,6,6,6,0,0,0
0x4ba792,100%,0,14,14,0,0,0,14
0x45e65d,100%,0,2,2,2,0,0,0
0x4a868e,100%,0,157,157,0,0,0,157
0x4d8870,100%,0,2,2,2,0,0,0
0x4b3082,100%,0,68,68,68,0,0,0
0x478215,100%,0,753,753,753,0,0,0
0x4d1fc7,100%,0,15,15,0,0,0,15
0x4b2f34,100%,0,68,68,0,0,0,68
0x4274df,100%,0,12,12,12,0,0,0
0x4cd5c1,100%,0,4,4,4,0,0,0
0x4ad51e,100%,0,74,74,74,0,0,0
0x45e1e5,100%,0,2,2,0,0,0,2
0x4d8aef,100%,0,20,20,20,0,0,0
0x4d8d38,100%,0,20,20,0,0,0,20
0x4a4416,100%,0,37,37,0,0,0,37
0x5dde88,100%,0,3,3,3,0,0,0
0x4d3ede,100%,0,27,27,0,0,0,27
0x4d8e45,100%,0,20,20,0,0,0,20
0x609a8b,100%,0,3,3,0,0,0,3
0x469a7e,100%,0,120,120,120,0,0,0
0x46c7e8,100%,0,967,967,0,0,0,967
0x4d70ee,100%,0,1,1,1,0,0,0
0x414fe4,100%,0,429,429,0,0,0,429
0x469b96,100%,0,120,120,0,0,0,120
0x4d85a7,100%,0,2,2,2,0,0,0
0x5dec19,100%,0,6,6,0,0,0,6
0x4a8977,100%,0,36,36,0,0,0,36
0x5dec2b,100%,0,6,6,6,0,0,0
0x45e554,100%,0,2,2,2,0,0,0
0x4246fb,100%,0,8,8,0,0,0,8
0x47ae62,100%,0,1,1,1,0,0,0
0x4a136c,100%,0,16,16,16,0,0,0
0x49944a,100%,0,139,139,0,0,0,139
0x479fc4,100%,0,161,161,0,0,0,161
0x499441,100%,0,139,139,0,0,0,139
0x4b098b,100%,0,412,412,0,0,0,412
0x5ef7a4,100%,0,8,8,0,0,0,8
0x47a11a,100%,0,161,161,0,0,0,161
0x4ca93b,100%,0,2309,2309,2309,0,0,0
0x46c9e3,100%,0,287,287,0,0,0,287
0x4650dd,100%,0,487,487,0,0,0,487
0x4697e0,100%,0,429,429,429,0,0,0
0x4437de,100%,0,468,468,0,0,0,468
0x470548,100%,0,1,1,0,0,0,1
0x498ca2,100%,0,1234,1234,0,0,0,1234
0x413a69,100%,0,3,3,3,0,0,0
0x4020a1,100%,0,3514,3514,0,0,0,3514
0x4a526f,100%,0,34,34,34,0,0,0
0x47b718,100%,0,8,8,8,0,0,0
0x5fa4e9,100%,0,1,1,1,0,0,0
0x5deb08,100%,0,6,6,0,0,0,6
0x4a5ea1,100%,0,103,103,103,0,0,0
0x498be4,100%,0,14,14,0,0,0,14
0x45f2c4,100%,0,8,8,0,0,0,8
0x49ac2c,100%,0,16,16,16,0,0,0
0x5d862c,100%,0,6,6,0,0,0,6
0x4435f2,100%,0,468,468,0,0,0,468
0x476194,100%,0,8,8,8,0,0,0
0x47d851,100%,0,8,8,0,0,0,8
0x47072c,100%,0,1,1,1,0,0,0
0x457c08,100%,0,3,3,3,0,0,0
0x5def2d,100%,0,6,6,6,0,0,0
0x4707e8,100%,0,1,1,0,0,0,1
0x408eee,100%,0,24,24,24,0,0,0
0x47d801,100%,0,8,8,8,0,0,0
0x4cfa5d,100%,0,1015,1015,1015,0,0,0
0x4a5340,100%,0,17,17,0,0,0,17
0x4ccb29,100%,0,429,429,429,0,0,0
0x4b6e82,100%,0,17,17,0,0,0,17
0x460775,100%,0,3,3,0,0,0,3
0x45e528,100%,0,2,2,2,0,0,0
0x49c80a,100%,0,34,34,0,0,0,34
0x609dc7,100%,0,29,29,0,0,0,29
0x479b65,100%,0,9309,9309,9309,0,0,0
0x41808e,100%,0,1,1,1,0,0,0
0x478fa2,100%,0,41,41,0,0,0,41
0x5d8757,100%,0,6,6,6,0,0,0
0x484421,100%,0,42,42,0,0,0,42
0x46353f,100%,0,96,96,96,0,0,0
0x5df5b6,100%,0,3,3,0,0,0,3
0x41b958,100%,0,5,5,0,0,0,5
0x4c6004,100%,0,9,9,0,0,0,9
0x608d43,100%,0,203,203,0,0,0,203
0x4a39c7,100%,0,34,34,0,0,0,34
0x4ccace,100%,0,429,429,0,0,0,429
0x49aebe,100%,0,56,56,0,0,0,56
0x47c9e4,100%,0,3808,3808,0,0,0,3808
0x47c9bb,100%,0,3808,3808,0,0,0,3808
0x4d87fb,100%,0,2,2,2,0,0,0
0x459050,100%,0,9,9,0,0,0,9
0x4a132a,100%,0,16,16,16,0,0,0
0x4acfed,100%,0,17,17,17,0,0,0
0x608cda,100%,0,203,203,0,0,0,203
0x41389d,100%,0,3,3,3,0,0,0
0x608f11,100%,0,195,195,0,0,0,195
0x4e14a5,100%,0,18,18,0,0,0,18
0x5f2d40,100%,0,2970,2970,0,0,0,2970
0x48ba99,100%,0,339,339,0,0,0,339
0x464ed6,100%,0,94,94,0,0,0,94
0x49bc83,100%,0,3,3,3,0,0,0
0x41103b,100%,0,3,3,3,0,0,0
0x40275e,100%,0,252,252,0,0,0,252
0x411474,100%,0,468,468,0,0,0,468
0x4d3e00,100%,0,72,72,0,0,0,72
0x4db246,100%,0,20467,20467,0,0,0,20467
0x423fe9,100%,0,12,12,12,0,0,0
0x47c63b,100%,0,10,10,0,0,0,10
0x4ad2ad,100%,0,17,17,17,0,0,0
0x4b6e44,100%,0,17,17,17,0,0,0
0x4bbd96,100%,0,2184,2184,0,0,0,2184
0x608f2c,100%,0,195,195,0,0,0,195
0x4ad233,100%,0,17,17,0,0,0,17
0x4dcd98,100%,0,357,357,357,0,0,0
0x46105e,100%,0,32,32,32,0,0,0
0x47cf9e,100%,0,9,9,9,0,0,0
0x50fa20,100%,0,19,19,0,0,0,19
0x4581bb,100%,0,624,624,624,0,0,0
0x608cc5,100%,0,203,203,0,0,0,203
0x5f2e1b,100%,0,2970,2970,0,0,0,2970
0x4182c7,100%,0,65,65,0,0,0,65
0x5f2dcd,100%,0,2970,2970,0,0,0,2970
0x4ccb4c,100%,0,429,429,429,0,0,0
0x5ef445,100%,0,1048,1048,0,0,0,1048
0x4a2465,100%,0,3,3,3,0,0,0
0x4c587f,100%,0,234,234,0,0,0,234
0x45fa38,100%,0,3,3,0,0,0,3
0x426d08,100%,0,8,8,0,0,0,8
0x4acb54,100%,0,17,17,17,0,0,0
0x49969a,100%,0,629,629,0,0,0,629
0x410e1d,100%,0,3,3,3,0,0,0
0x4d26f9,100%,0,118,118,0,0,0,118
0x420bce,100%,0,1319,1319,0,0,0,1319
0x4c8a17,100%,0,17,17,17,0,0,0
0x413858,100%,0,3,3,3,0,0,0
0x4d7d69,100%,0,1,1,0,0,0,1
0x4c528c,100%,0,1,1,0,0,0,1
0x418087,100%,0,1,1,0,0,0,1
0x4c6541,100%,0,4,4,4,0,0,0
0x6090e7,100%,0,3,3,3,0,0,0
0x46ff66,100%,0,16,16,0,0,0,16
0x459f76,100%,0,18,18,18,0,0,0
0x4137d4,100%,0,3,3,0,0,0,3
0x4a3de5,100%,0,67,67,0,0,0,67
0x4c3d1f,100%,0,1218,1218,0,0,0,1218
0x4b5b3e,100%,0,17,17,17,0,0,0
0x420a39,100%,0,1263,1263,1263,0,0,0
0x497c86,100%,0,3,3,0,0,0,3
0x4145dd,100%,0,3,3,3,0,0,0
0x48ab66,100%,0,42,42,0,0,0,42
0x46f438,100%,0,16,16,16,0,0,0
0x49f0bf,100%,0,83,83,83,0,0,0
0x4284e1,100%,0,15,15,0,0,0,15
0x5f1569,100%,0,32,32,0,0,0,32
0x505edc,100%,0,6,6,6,0,0,0
0x4acbfd,100%,0,17,17,17,0,0,0
0x608d89,100%,0,8,8,0,0,0,8
0x49edcd,100%,0,34,34,34,0,0,0
0x47d267,100%,0,4947,4947,0,0,0,4947
0x46f140,100%,0,16,16,0,0,0,16
0x46f145,100%,0,16,16,16,0,0,0
0x4e0f1b,100%,0,3,3,3,0,0,0
0x4149e1,100%,0,3,3,3,0,0,0
0x463e2e,100%,0,252,252,0,0,0,252
0x4bb81a,100%,0,364,364,0,0,0,364
0x4e2bed,100%,0,72,72,72,0,0,0
0x411583,100%,0,3,3,3,0,0,0
0x41531c,100%,0,429,429,429,0,0,0
0x60694a,100%,0,46,46,0,0,0,46
0x4a2b1c,100%,0,83,83,0,0,0,83
0x4b24d2,100%,0,17,17,0,0,0,17
0x47a031,100%,0,161,161,0,0,0,161
0x51236c,100%,0,80,80,80,0,0,0
0x41bcf4,100%,0,6,6,0,0,0,6
0x4beab3,100%,0,2,2,2,0,0,0
0x459fe8,100%,0,18,18,0,0,0,18
0x4457d2,100%,0,468,468,0,0,0,468
0x4d9285,100%,0,26,26,26,0,0,0
0x5fa4d8,100%,0,1,1,0,0,0,1
0x4dc1cc,100%,0,1,1,1,0,0,0
0x459474,100%,0,3,3,0,0,0,3
0x463bae,100%,0,276,276,276,0,0,0
0x47b3bc,100%,0,7628,7628,0,0,0,7628
0x4bbb88,100%,0,112,112,0,0,0,112
0x49ec4e,100%,0,50,50,50,0,0,0
0x45e3bb,100%,0,4,4,4,0,0,0
0x5ef1a3,100%,0,446,446,0,0,0,446
0x48c5d7,100%,0,582,582,0,0,0,582
0x47ca8a,100%,0,3808,3808,0,0,0,3808
0x4a7069,100%,0,34,34,0,0,0,34
0x4dd451,100%,0,6,6,6,0,0,0
0x419222,100%,0,3,3,3,0,0,0
0x41a36d,100%,0,359,359,359,0,0,0
0x48e38b,100%,0,29,29,0,0,0,29
0x4a2439,100%,0,3,3,0,0,0,3
0x47de94,100%,0,3,3,0,0,0,3
0x49f147,100%,0,33,33,33,0,0,0
0x4dde93,100%,0,3,3,0,0,0,3
0x4ce43b,100%,0,1,1,0,0,0,1
0x4d6f19,100%,0,3,3,0,0,0,3
0x461068,100%,0,32,32,32,0,0,0
0x4d6f31,100%,0,3,3,3,0,0,0
0x4a2681,100%,0,33,33,0,0,0,33
0x4799c3,100%,0,18,18,18,0,0,0
0x41371a,100%,0,4,4,4,0,0,0
0x4a4908,100%,0,3,3,0,0,0,3
0x46e544,100%,0,3,3,0,0,0,3
0x4b6bcf,100%,0,17,17,17,0,0,0
0x46e70f,100%,0,3,3,3,0,0,0
0x5de4c6,100%,0,3,3,0,0,0,3
0x4192ac,100%,0,43,43,43,0,0,0
0x4629fe,100%,0,1,1,1,0,0,0
0x4b7716,100%,0,17,17,0,0,0,17
0x477ec2,100%,0,157,157,157,0,0,0
0x46f75f,100%,0,16,16,16,0,0,0
0x462b57,100%,0,12,12,0,0,0,12
0x4b597e,100%,0,17,17,17,0,0,0
0x4ddae2,100%,0,18,18,0,0,0,18
0x47c2a8,100%,0,30,30,0,0,0,30
0x4ac994,100%,0,34,34,0,0,0,34
0x465882,100%,0,85,85,0,0,0,85
0x427aa6,100%,0,6,6,0,0,0,6
0x5d874b,100%,0,6,6,6,0,0,0
0x427dba,100%,0,34,34,0,0,0,34
0x479923,100%,0,18,18,0,0,0,18
0x45e57a,100%,0,2,2,2,0,0,0
0x4115c1,100%,0,3,3,0,0,0,3
0x41abad,100%,0,43,43,0,0,0,43
0x427ec3,100%,0,15,15,0,0,0,15
0x4b6d31,100%,0,17,17,17,0,0,0
0x41b643,100%,0,5,5,0,0,0,5
0x609bf0,100%,0,1,1,0,0,0,1
0x490edc,100%,0,1,1,1,0,0,0
0x4b6e93,100%,0,17,17,17,0,0,0
0x621021,100%,0,7,7,0,0,0,7
0x4d632a,100%,0,1276,1276,0,0,0,1276
0x44329a,100%,0,468,468,0,0,0,468
0x4d7d78,100%,0,1,1,0,0,0,1
0x477117,100%,0,12,12,0,0,0,12
0x405557,100%,0,9,9,9,0,0,0
0x4dfb96,100%,0,3,3,0,0,0,3
0x4b4434,100%,0,34,34,0,0,0,34
0x4b69c6,100%,0,17,17,17,0,0,0
0x41b324,100%,0,5,5,5,0,0,0
0x4a3e94,100%,0,67,67,51,0,0,16
0x45e21e,100%,0,2,2,2,0,0,0
0x458a36,100%,0,40,40,0,0,0,40
0x4767b6,100%,0,3,3,0,0,0,3
0x48d6b1,100%,0,9,9,0,0,0,9
0x609ba6,100%,0,94,94,0,0,0,94
0x45fbfd,100%,0,3,3,3,0,0,0
0x4ba82d,100%,0,932,932,0,0,0,932
0x45fc8f,100%,0,3,3,0,0,0,3
0x4120da,100%,0,444,444,444,0,0,0
0x4bac56,100%,0,893,893,893,0,0,0
0x41882b,100%,0,43,43,0,0,0,43
0x45fcc9,100%,0,3,3,0,0,0,3
0x60b7fe,100%,0,5,5,5,0,0,0
0x4652c5,100%,0,75,75,75,0,0,0
0x5f2d2e,100%,0,2970,2970,0,0,0,2970
0x60a8ee,100%,0,43,43,43,0,0,0
0x4d59fc,100%,0,8,8,0,0,0,8
0x4ba72f,100%,0,4,4,4,0,0,0
0x608ddc,100%,0,195,195,0,0,0,195
0x608df1,100%,0,195,195,0,0,0,195
0x5d8b35,100%,0,6,6,0,0,0,6
0x5de693,100%,0,6,6,6,0,0,0
0x62101d,100%,0,7,7,7,0,0,0
0x4703c9,100%,0,468,468,0,0,0,468
0x4434f1,100%,0,468,468,468,0,0,0
0x49ef77,100%,0,33,33,0,0,0,33
0x4182dc,100%,0,2,2,0,0,0,2
0x5ef185,100%,0,1619,1619,0,0,0,1619
0x4d1fcd,100%,0,15,15,0,0,0,15
0x608e1b,100%,0,195,195,0,0,0,195
0x47aaf6,100%,0,13291,13291,0,0,0,13291
0x465842,100%,0,6,6,0,0,0,6
0x4022d1,100%,0,351,351,0,0,0,351
0x49ef9d,100%,0,133,133,0,0,0,133
0x46f4d4,100%,0,16,16,0,0,0,16
0x4180a1,100%,0,1,1,0,0,0,1
0x46020c,100%,0,3,3,0,0,0,3
0x4842d1,100%,0,42,42,0,0,0,42
0x45f9e8,100%,0,3,3,0,0,0,3
0x47d5e5,100%,0,9,9,0,0,0,9
0x4bd3fd,100%,0,41,41,0,0,0,41
0x469c6a,100%,0,120,120,0,0,0,120
0x4dca0c,100%,0,3,3,3,0,0,0
0x478df5,100%,0,117,117,117,0,0,0
0x464f18,100%,0,85,85,85,0,0,0
0x478d3f,100%,0,117,117,0,0,0,117
0x47a87d,100%,0,217,217,217,0,0,0
0x4b95a5,100%,0,7401,7401,7401,0,0,0
0x497b2e,100%,0,3,3,3,0,0,0
0x4d7084,100%,0,1,1,1,0,0,0
0x47d860,100%,0,8,8,8,0,0,0
0x4d579c,100%,0,28273,28273,28273,0,0,0
0x5dcf35,100%,0,6,6,0,0,0,6
0x407bd5,100%,0,10,10,0,0,0,10
0x46c7fc,100%,0,967,967,0,0,0,967
0x41329f,100%,0,4,4,0,0,0,4
0x46d7db,100%,0,12,12,0,0,0,12
0x48d930,100%,0,2,2,0,0,0,2
0x464f24,100%,0,9,9,0,0,0,9
0x4d5c60,100%,0,215,215,215,0,0,0
0x4b08f4,100%,0,378,378,0,0,0,378
0x41bbd9,100%,0,703,703,0,0,0,703
0x5deb73,100%,0,3,3,3,0,0,0
0x46f4cb,100%,0,16,16,0,0,0,16
0x465161,100%,0,487,487,487,0,0,0
0x4a77ea,100%,0,107,107,0,0,0,107
0x4673bb,100%,0,91,91,91,0,0,0
0x4b1245,100%,0,206,206,206,0,0,0
0x45a00a,100%,0,18,18,18,0,0,0
0x4b19e2,100%,0,19,19,0,0,0,19
0x4a2de3,100%,0,19,19,19,0,0,0
0x4c795c,100%,0,2,2,0,0,0,2
0x45a52f,100%,0,15,15,15,0,0,0
0x462fed,100%,0,96,96,0,0,0,96
0x48d9fc,100%,0,2,2,2,0,0,0
0x45db22,100%,0,49,49,0,0,0,49
0x47c078,100%,0,30,30,0,0,0,30
0x45dffa,100%,0,4,4,0,0,0,4
0x49bcdb,100%,0,3,3,0,0,0,3
0x48d888,100%,0,2,2,0,0,0,2
0x46971b,100%,0,356,356,178,0,0,178
0x464e35,100%,0,162,162,162,0,0,0
0x49e6de,100%,0,34,34,0,0,0,34
0x422d73,100%,0,1,1,1,0,0,0
0x4b76f0,100%,0,17,17,17,0,0,0
0x47deb7,100%,0,3,3,0,0,0,3
0x4bbd55,100%,0,2080,2080,2080,0,0,0
0x462db1,100%,0,330,330,330,0,0,0
0x46986c,100%,0,178,178,0,0,0,178
0x4c493d,100%,0,695,695,0,0,0,695
0x4786d0,100%,0,6,6,6,0,0,0
0x401b09,100%,0,2950,2950,2950,0,0,0
0x467b3a,100%,0,30,30,0,0,0,30
0x426ce3,100%,0,8,8,0,0,0,8
0x4dd355,100%,0,331,331,331,0,0,0
0x418216,100%,0,1,1,0,0,0,1
0x467b4b,100%,0,30,30,30,0,0,0
0x45979c,100%,0,97,97,0,0,0,97
0x45ebf3,100%,0,17,17,0,0,0,17
0x47d5ae,100%,0,9,9,9,0,0,0
0x4591e6,100%,0,17,17,17,0,0,0
0x46d7e1,100%,0,12,12,0,0,0,12
0x4d1a84,100%,0,273,273,273,0,0,0
0x4a4506,100%,0,20,20,20,0,0,0
0x4cd17e,100%,0,1067,1067,1067,0,0,0
0x408b6c,100%,0,5,5,0,0,0,5
0x6334f6,100%,0,3,3,0,0,0,3
0x408b4e,100%,0,5,5,0,0,0,5
0x401d95,100%,0,272,272,0,0,0,272
0x450158,100%,0,9,9,0,0,0,9
0x4a2405,100%,0,17,17,17,0,0,0
0x4650e8,100%,0,487,487,487,0,0,0
0x4a46de,100%,0,17,17,17,0,0,0
0x46d6db,100%,0,127,127,127,0,0,0
0x45f3c1,100%,0,8,8,8,0,0,0
0x4706f8,100%,0,1,1,0,0,0,1
0x4a3985,100%,0,17,17,17,0,0,0
0x47be38,100%,0,1335,1335,1335,0,0,0
0x5ef130,100%,0,1619,1619,0,0,0,1619
0x4d7d80,100%,0,1,1,1,0,0,0
0x408bb0,100%,0,3,3,3,0,0,0
0x47ad15,100%,0,221,221,221,0,0,0
0x50b0cf,100%,0,2,2,0,0,0,2
0x499fce,100%,0,36,36,36,0,0,0
0x4b2362,100%,0,6,6,0,0,0,6
0x4a8be0,100%,0,36,36,0,0,0,36
0x476880,100%,0,2,2,0,0,0,2
0x5ef827,100%,0,2,2,0,0,0,2
0x4beb5a,100%,0,2,2,2,0,0,0
0x408af8,100%,0,3,3,0,0,0,3
0x427444,100%,0,15,15,15,0,0,0
0x4629f4,100%,0,1,1,0,0,0,1
0x47dd5d,100%,0,2399,2399,0,0,0,2399
0x5f1737,100%,0,205,205,0,0,0,205
0x498c22,100%,0,14,14,14,0,0,0
0x45a340,100%,0,15,15,0,0,0,15
0x48429f,100%,0,42,42,0,0,0,42
0x4ad7f7,100%,0,34,34,34,0,0,0
0x4b0866,100%,0,34,34,34,0,0,0
0x4d8ba3,100%,0,96,96,0,0,0,96
0x4d3ee6,100%,0,27,27,0,0,0,27
0x5df57c,100%,0,33,33,33,0,0,0
0x45e401,100%,0,4,4,4,0,0,0
0x49c78c,100%,0,19,19,0,0,0,19
0x48e599,100%,0,8,8,0,0,0,8
0x4d90c3,100%,0,96,96,0,0,0,96
0x4bc220,100%,0,2,2,0,0,0,2
0x4a6faa,100%,0,153,153,0,0,0,153
0x4840d0,100%,0,21,21,0,0,0,21
0x460744,100%,0,3,3,3,0,0,0
0x427e10,100%,0,68,68,68,0,0,0
0x4d3f73,100%,0,27,27,0,0,0,27
0x426d25,100%,0,8,8,8,0,0,0
0x428640,100%,0,68,68,0,0,0,68
0x47ca7e,100%,0,3808,3808,3808,0,0,0
0x5de6d8,100%,0,6,6,0,0,0,6
0x498bcd,100%,0,14,14,0,0,0,14
0x4bc255,100%,0,47,47,47,0,0,0
0x4ac9e3,100%,0,34,34,0,0,0,34
0x4b9976,100%,0,158,158,0,0,0,158
0x4b5ff8,100%,0,17,17,0,0,0,17
0x608ec0,100%,0,195,195,0,0,0,195
0x4a7328,100%,0,116,116,116,0,0,0
0x609ebb,100%,0,67,67,0,0,0,67
0x4bd388,100%,0,241,241,0,0,0,241
0x505ed2,100%,0,6,6,0,0,0,6
0x505efb,100%,0,6,6,6,0,0,0
0x4a71e0,100%,0,153,153,0,0,0,153
0x4d0a25,100%,0,21,21,21,0,0,0
0x505f7c,100%,0,6,6,6,0,0,0
0x49c1e0,100%,0,36,36,36,0,0,0
0x4d3f84,100%,0,6,6,0,0,0,6
0x48aac7,100%,0,21,21,21,0,0,0
0x4d70ae,100%,0,1,1,0,0,0,1
0x5df34b,100%,0,6,6,0,0,0,6
0x4d7d47,100%,0,1,1,0,0,0,1
0x49c1bb,100%,0,36,36,36,0,0,0
0x50f9cf,100%,0,19,19,19,0,0,0
0x4df90c,100%,0,3,3,3,0,0,0
0x4d1100,100%,0,6,6,6,0,0,0
0x40a524,100%,0,364,364,0,0,0,364
0x5d8635,100%,0,6,6,0,0,0,6
0x5fa354,100%,0,21,21,0,0,0,21
0x4dc4c9,100%,0,96,96,96,0,0,0
0x4d76b2,100%,0,3969,3969,0,0,0,3969
0x41804a,100%,0,1,1,0,0,0,1
0x4beb9d,100%,0,103,103,0,0,0,103
0x4bdf39,100%,0,2,2,0,0,0,2
0x4a26c8,100%,0,33,33,0,0,0,33
0x4bc7aa,100%,0,103,103,0,0,0,103
0x4bc7b7,100%,0,103,103,0,0,0,103
0x4b3259,100%,0,34,34,0,0,0,34
0x4beaf9,100%,0,2,2,2,0,0,0
0x4b16f7,100%,0,16,16,16,0,0,0
0x41129e,100%,0,936,936,0,0,0,936
0x466d30,100%,0,242,242,0,0,0,242
0x5ef796,100%,0,8,8,0,0,0,8
0x4c3c44,100%,0,27,27,27,0,0,0
0x46af3e,100%,0,15,15,0,0,0,15
0x4535cc,100%,0,9,9,0,0,0,9
0x4149a3,100%,0,3,3,3,0,0,0
0x46af32,100%,0,15,15,0,0,0,15
0x46f569,100%,0,16,16,16,0,0,0
0x478724,100%,0,6,6,0,0,0,6
0x47db1e,100%,0,2826,2826,0,0,0,2826
0x464ba3,100%,0,15,15,15,0,0,0
0x46adb6,100%,0,15,15,15,0,0,0
0x45a01f,100%,0,18,18,0,0,0,18
0x4a4949,100%,0,3,3,3,0,0,0
0x473c10,100%,0,464,464,464,0,0,0
0x5f2089,100%,0,1,1,0,0,0,1
0x411295,100%,0,936,936,0,0,0,936
0x4a49a1,100%,0,3,3,0,0,0,3
0x633960,100%,0,6,6,0,0,0,6
0x49d2f4,100%,0,34,34,0,0,0,34
0x47a3e8,100%,0,940,940,0,0,0,940
0x505e90,100%,0,6,6,6,0,0,0
0x401d9e,100%,0,272,272,272,0,0,0
0x4a3152,100%,0,17,17,17,0,0,0
0x4ba7d1,100%,0,1088,1088,0,0,0,1088
0x4631d0,100%,0,96,96,96,0,0,0
0x4191ba,100%,0,43,43,43,0,0,0
0x46798e,100%,0,30,30,0,0,0,30
0x4beb42,100%,0,2,2,0,0,0,2
0x4ad32e,100%,0,34,34,34,0,0,0
0x4a285d,100%,0,83,83,0,0,0,83
0x46317c,100%,0,96,96,0,0,0,96
0x40a4f4,100%,0,364,364,364,0,0,0
0x458314,100%,0,39,39,39,0,0,0
0x4d749f,100%,0,2,2,2,0,0,0
0x47c9b3,100%,0,3808,3808,0,0,0,3808
0x4b5f34,100%,0,34,34,34,0,0,0
0x4be498,100%,0,97,97,97,0,0,0
0x41465e,100%,0,3,3,0,0,0,3
0x467a0c,100%,0,30,30,30,0,0,0
0x4a28ec,100%,0,83,83,0,0,0,83
0x46e4f1,100%,0,3,3,0,0,0,3
0x4d8d30,100%,0,20,20,0,0,0,20
0x478497,100%,0,82,82,82,0,0,0
0x467af6,100%,0,30,30,0,0,0,30
0x50b099,100%,0,2,2,2,0,0,0
0x4137ef,100%,0,33,33,33,0,0,0
0x4a8a0d,100%,0,36,36,36,0,0,0
0x45dff5,100%,0,4,4,0,0,0,4
0x608d7a,100%,0,8,8,0,0,0,8
0x4d2e0a,100%,0,3,3,0,0,0,3
0x4282f0,100%,0,6,6,6,0,0,0
0x47cced,100%,0,39,39,39,0,0,0
0x41d391,100%,0,16,16,0,0,0,16
0x5d863f,100%,0,6,6,0,0,0,6
0x45f30d,100%,0,8,8,0,0,0,8
0x4a355f,100%,0,33,33,0,0,0,33
0x4dc2f4,100%,0,96,96,96,0,0,0
0x4638e1,100%,0,96,96,96,0,0,0
0x49d140,100%,0,134,134,134,0,0,0
0x4cac99,100%,0,119,119,119,0,0,0
0x4beb83,100%,0,105,105,105,0,0,0
0x4acb14,100%,0,34,34,34,0,0,0
0x4b8ae6,100%,0,66,66,66,0,0,0
0x4b0965,100%,0,34,34,34,0,0,0
0x4d73aa,100%,0,2,2,0,0,0,2
0x4be450,100%,0,103,103,0,0,0,103
0x4dc0fc,100%,0,97,97,97,0,0,0
0x4d3e09,100%,0,36,36,36,0,0,0
0x424726,100%,0,8,8,8,0,0,0
0x4d5f1f,100%,0,7274,7274,0,0,0,7274
0x497b38,100%,0,3,3,3,0,0,0
0x60b01e,100%,0,5,5,5,0,0,0
0x4784cf,100%,0,325,325,0,0,0,325
0x4a3ae8,100%,0,17,17,17,0,0,0
0x4b080c,100%,0,34,34,34,0,0,0
0x4a27aa,100%,0,33,33,0,0,0,33
0x46f475,100%,0,16,16,0,0,0,16
0x4be68d,100%,0,2,2,2,0,0,0
0x463509,100%,0,96,96,0,0,0,96
