Branch PC,Accuracy,Mispredictions,Correct Predictions,Total,dir_t_pred_t,dir_t_pred_nt,dir_nt_pred_t,dir_nt_pred_nt
aggregate,99.1514%,167876,19614198,19782074,8007123,70635,97241,11607075
0x4bedf9,84.8554%,91923,515047,606970,379744,25775,66148,135303
0x4c5c06,81.4051%,12908,56509,69417,33766,7746,5162,22743
0x4bf7d5,96.9242%,9609,302801,312410,335,9422,187,302466
0x50fc12,95.6787%,6740,149230,155970,301,6157,583,148929
0x4c8761,97.6664%,6551,274175,280726,56757,1624,4927,217418
0x4c5c31,75.336%,6111,18666,24777,14870,2052,4059,3796
0x4c6bb0,97.9878%,4384,213486,217870,309,4236,148,213177
0x4be97a,62.2615%,4312,7114,11426,4535,1722,2590,2579
0x4bf7d9,98.9962%,3038,299615,302653,299468,49,2989,147
0x4bedd7,99.5949%,2469,606971,609440,7,2463,6,606964
0x50feb6,93.4623%,2453,35068,37521,14041,1987,466,21027
0x4ba40c,90.7295%,1976,19339,21315,16900,176,1800,2439
0x4bf8b4,99.4578%,1694,310709,312403,309292,53,1641,1417
0x4c5c1f,94.4206%,1534,25960,27494,1640,1077,457,24320
0x4c4988,94.0739%,1364,21653,23017,1325,1328,36,20328
0x4c6bb9,99.4417%,1191,212134,213325,211974,33,1158,160
0x4be9c1,76.9068%,1093,3640,4733,3413,106,987,227
0x50fe02,87.902%,726,5275,6001,5270,38,688,5
0x479c65,89.0922%,632,5162,5794,375,524,108,4787
0x50fc1e,99.578%,631,148881,149512,148786,6,625,95
0x4be9b3,88.9619%,588,4739,5327,17,577,11,4722
0x50fcff,98.3904%,374,22861,23235,22861,5,369,0
0x4c7ef0,91.3539%,334,3529,3863,3528,16,318,1
0x4c5c18,98.8783%,313,27592,27905,126,285,28,27466
0x4be9ca,74.7117%,307,907,1214,150,252,55,757
0x4cbcb0,97.9532%,237,11342,11579,11092,68,169,250
0x4ba887,99.5868%,232,55921,56153,55921,0,232,0
0x50fec1,99.0462%,205,21288,21493,4178,186,19,17110
0x4c9fcb,92.3831%,171,2074,2245,823,124,47,1251
0x4c02ce,93.0769%,171,2299,2470,269,120,51,2030
0x4c5c38,97.8867%,166,7689,7855,6,160,6,7683
0x4ca08a,99.9709%,155,533080,533235,280826,68,87,252254
0x50fe76,92.8896%,125,1633,1758,648,103,22,985
0x47b38c,98.086%,113,5791,5904,0,112,1,5791
0x4c9ecc,95.5476%,100,2146,2246,687,84,16,1459
0x50feaa,99.7398%,98,37570,37668,61,86,12,37509
0x50fd04,73.7127%,97,272,369,270,13,84,2
0x4ca0c8,99.9631%,93,252248,252341,234468,25,68,17780
0x4ba510,97.76%,81,3535,3616,1071,45,36,2464
0x4b9f2e,98.2547%,74,4166,4240,2299,31,43,1867
0x4b8dbd,98.5495%,71,4824,4895,3808,32,39,1016
0x50fe81,93.2473%,68,939,1007,159,49,19,780
0x4c64da,99.973%,61,226072,226133,120067,37,24,106005
0x4c9e62,97.5067%,56,2190,2246,648,38,18,1542
0x50fde6,99.0887%,49,5328,5377,0,48,1,5328
0x4c6bd4,99.1973%,47,5808,5855,638,33,14,5170
0x4bb1ce,97.9018%,47,2193,2240,1322,28,19,871
0x418b3c,90.9274%,45,451,496,449,4,41,2
0x4be64b,99.6025%,44,11024,11068,0,44,0,11024
0x4be9ad,99.1806%,44,5326,5370,0,43,1,5326
0x4c4407,99.8679%,43,32509,32552,32410,12,31,99
0x4c5929,99.9395%,42,69416,69458,69416,1,41,0
0x4c4ccb,99.6672%,40,11979,12019,744,18,22,11235
0x4c466b,99.9864%,35,257771,257806,1706,31,4,256065
0x4c4152,98.9786%,31,3004,3035,6,30,1,2998
0x4c4d6e,96.8354%,30,918,948,356,20,10,562
0x4cb570,97.3142%,30,1087,1117,402,25,5,685
0x4c456f,99.874%,29,22987,23016,70,26,3,22917
0x4761b1,79.8561%,28,111,139,111,1,27,0
0x4b9ca6,85.3261%,27,157,184,40,22,5,117
0x4bc125,85.9375%,27,165,192,52,13,14,113
0x50fb20,99.6556%,26,7523,7549,359,12,14,7164
0x418a69,85.2273%,26,150,176,148,17,9,2
0x4b9ff0,98.8841%,26,2304,2330,2271,11,15,33
0x4bbd47,98.7998%,25,2058,2083,121,10,15,1937
0x4ba4e7,99.4023%,23,3825,3848,219,13,10,3606
0x47d3f9,99.6305%,22,5932,5954,5832,4,18,100
0x4c50c6,99.7257%,21,7635,7656,3891,13,8,3744
0x50fdec,99.6247%,20,5309,5329,5308,4,16,1
0x4b9579,99.5288%,19,4013,4032,43,15,4,3970
0x4bb1b2,99.4197%,18,3084,3102,857,5,13,2227
0x4cb3a1,99.8586%,17,12002,12019,3781,11,6,8221
0x4c4e24,99.849%,17,11240,11257,3728,13,4,7512
0x4c4d5b,99.8586%,17,12002,12019,11065,6,11,937
0x4c43f7,99.9478%,17,32554,32571,2,17,0,32552
0x4bee01,99.9921%,16,201435,201451,102,14,2,201333
0x4bbd18,99.2509%,16,2120,2136,46,7,9,2074
0x4c7b00,99.8667%,15,11242,11257,7438,15,0,3804
0x4ca8cb,99.6046%,15,3779,3794,3742,9,6,37
0x4bbd7c,99.2799%,15,2068,2083,33,12,3,2035
0x50fac9,99.8034%,15,7615,7630,7615,3,12,0
0x4cbcbc,96.42%,15,404,419,348,13,2,56
0x4bedac,99.4588%,14,2573,2587,2497,10,4,76
0x4cab35,99.6268%,14,3737,3751,122,10,4,3615
0x50fb1a,99.8294%,13,7605,7618,68,1,12,7537
0x4cb57a,98.1159%,13,677,690,677,10,3,0
0x50fcd4,99.9441%,13,23224,23237,0,12,1,23224
0x4cfc07,90.2256%,13,120,133,111,8,5,9
0x4df1f5,36.8421%,12,7,19,0,11,1,7
0x4b959e,99.698%,12,3962,3974,125,9,3,3837
0x47aa0d,97.3856%,12,447,459,148,6,6,299
0x4c77ef,70.7317%,12,29,41,16,5,7,13
0x4c4163,99.5999%,12,2987,2999,2987,4,8,0
0x477016,95.6863%,11,244,255,126,11,0,118
0x419006,97.6035%,11,448,459,146,7,4,302
0x4b9e76,99.7513%,11,4412,4423,173,10,1,4239
0x50fcf7,45%,11,9,20,0,10,1,9
0x4cc5de,99.9962%,11,285775,285786,114,10,1,285661
0x4ba518,99.6%,10,2490,2500,39,5,5,2451
0x4c96ce,99.7439%,10,3894,3904,102,9,1,3792
0x4bb2db,99.5536%,10,2230,2240,100,5,5,2130
0x4b8de2,99.0521%,10,1045,1055,862,1,9,183
0x475f65,99.8386%,10,6184,6194,6183,9,1,1
0x4c3c24,99.6705%,10,3025,3035,3006,1,9,19
0x4d5ab3,92.7007%,10,127,137,115,3,7,12
0x47af30,94.3396%,9,150,159,145,6,3,5
0x417f93,98.0687%,9,457,466,447,8,1,10
0x4ca756,99.8807%,9,7536,7545,7536,9,0,0
0x4c02dd,99.5675%,9,2072,2081,6,9,0,2066
0x4c6bc5,99.8465%,9,5854,5863,0,8,1,5854
0x479c1f,99.8619%,8,5786,5794,5782,5,3,4
0x47700b,96.9697%,8,256,264,1,8,0,255
0x606824,93.6508%,8,118,126,5,5,3,113
0x4c4416,93.8462%,8,122,130,119,4,4,3
0x606813,93.6508%,8,118,126,118,2,6,0
0x417fc1,98.2833%,8,458,466,456,4,4,2
0x479190,55.5556%,8,10,18,10,2,6,0
0x60683a,93.6508%,8,118,126,115,5,3,3
0x4b95ba,94.0299%,8,126,134,3,5,3,123
0x4bf7fd,76.4706%,8,26,34,0,8,0,26
0x418bc7,57.8947%,8,11,19,11,2,6,0
0x477089,98.4816%,7,454,461,454,6,1,0
0x4bc1ff,99.6399%,7,1937,1944,2,5,2,1935
0x4cab42,99.8066%,7,3612,3619,0,7,0,3612
0x418a0e,98.4914%,7,457,464,451,2,5,6
0x418c07,46.1538%,7,6,13,6,6,1,0
0x47ac7e,95.5975%,7,152,159,3,5,2,149
0x6067e7,94.4882%,7,120,127,110,6,1,10
0x60a1b6,58.8235%,7,10,17,0,4,3,10
0x418936,98.4979%,7,459,466,459,5,2,0
0x4c57d6,99.9887%,7,61775,61782,8,6,1,61767
0x47aa7a,98.4749%,7,452,459,7,4,3,445
0x4c7a75,82.9268%,7,34,41,17,4,3,17
0x47aacd,98.4749%,7,452,459,153,6,1,299
0x4bc161,90.7692%,6,59,65,52,5,1,7
0x4c6cb6,99.8463%,6,3898,3904,3893,5,1,5
0x6067fc,95.2381%,6,120,126,118,5,1,2
0x47afce,96.0265%,6,145,151,1,5,1,144
0x4cc720,95.5882%,6,130,136,0,5,1,130
0x4cc906,95.5882%,6,130,136,7,5,1,123
0x4df205,45.4545%,6,5,11,2,2,4,3
0x4d62f0,68.4211%,6,13,19,11,4,2,2
0x4d61ab,68.4211%,6,13,19,0,5,1,13
0x50fe11,99.1342%,6,687,693,686,3,3,1
0x4e2955,50%,5,5,10,4,5,0,1
0x4cba6f,80%,5,20,25,20,5,0,0
0x476d30,70.5882%,5,12,17,7,2,3,5
0x4cb63f,83.3333%,5,25,30,18,4,1,7
0x4c3e99,99.8353%,5,3030,3035,23,5,0,3007
0x476e01,50%,5,5,10,2,3,2,3
0x4c7a83,75%,5,15,20,9,1,4,6
0x4bda8d,99.837%,5,3063,3068,0,3,2,3063
0x47ce2b,95.7627%,5,113,118,112,3,2,1
0x4cb32e,99.8682%,5,3789,3794,3789,5,0,0
0x4c4439,42.8571%,4,3,7,3,3,1,0
0x4d0686,96.6387%,4,115,119,115,3,1,0
0x4e2448,63.6364%,4,7,11,4,4,0,3
0x4d5830,96.748%,4,119,123,1,4,0,118
0x4e0b11,63.6364%,4,7,11,0,0,4,7
0x4df6f7,63.6364%,4,7,11,6,4,0,1
0x4d64a8,78.9474%,4,15,19,14,3,1,1
0x477fad,20%,4,1,5,0,2,2,1
0x4dfad8,60%,4,6,10,6,4,0,0
0x4cd289,99.9986%,4,285782,285786,581,4,0,285201
0x476bbd,55.5556%,4,5,9,4,3,1,1
0x476f4a,60%,4,6,10,1,4,0,5
0x47702b,98.4314%,4,251,255,251,3,1,0
0x4c39de,99.9996%,4,1140075,1140079,0,2,2,1140075
0x4c7b0b,99.8948%,4,3800,3804,0,3,1,3800
0x476ea6,96.6102%,4,114,118,0,4,0,114
0x4d58be,76.9231%,3,10,13,10,2,1,0
0x6068d8,99.6193%,3,785,788,113,3,0,672
0x4c7d82,99.1228%,3,339,342,0,1,2,339
0x4d63ee,78.5714%,3,11,14,11,3,0,0
0x4c6cc7,50%,3,3,6,2,2,1,1
0x418b1b,99.3478%,3,457,460,4,3,0,453
0x476ac7,66.6667%,3,6,9,1,2,1,5
0x4c6ab0,99.9198%,3,3736,3739,3424,2,1,312
0x50fe6a,99.8296%,3,1758,1761,0,3,0,1758
0x418972,99.3534%,3,461,464,451,2,1,10
0x6067ec,97.619%,3,123,126,123,2,1,0
0x477f3a,70%,3,7,10,6,2,1,1
0x47d16e,97.4576%,3,115,118,114,1,2,1
0x477fa8,62.5%,3,5,8,1,2,1,4
0x4d3248,0%,3,0,3,0,3,0,0
0x421026,99.2042%,3,374,377,370,1,2,4
0x5fa266,72.7273%,3,8,11,0,1,2,8
0x606918,97.4138%,3,113,116,113,2,1,0
0x4df8d9,72.7273%,3,8,11,8,2,1,0
0x4ba016,99.8685%,3,2279,2282,2279,3,0,0
0x478afb,98.6726%,3,223,226,0,2,1,223
0x4cc5f3,99.9989%,3,285659,285662,281243,0,3,4416
0x47cbb2,97.4576%,3,115,118,3,3,0,112
0x476da2,50%,3,3,6,2,2,1,1
0x4e2b59,72.7273%,3,8,11,8,2,1,0
0x4cbe7f,99.3569%,2,309,311,0,1,1,309
0x478c91,99.115%,2,224,226,112,2,0,112
0x4d5e08,60%,2,3,5,0,2,0,3
0x5fabf2,95.8333%,2,46,48,46,1,1,0
0x476c8a,0%,2,0,2,0,1,1,0
0x476601,33.3333%,2,1,3,1,1,1,0
0x47c85c,98.2906%,2,115,117,0,1,1,115
0x418b12,99.569%,2,462,464,3,1,1,459
0x4c5861,84.6154%,2,11,13,11,2,0,0
0x478067,33.3333%,2,1,3,0,1,1,1
0x477f29,85.7143%,2,12,14,9,1,1,3
0x4d5fb3,60%,2,3,5,3,2,0,0
0x4b905a,99.9752%,2,8062,8064,4030,2,0,4032
0x4c5c5b,99.9968%,2,61767,61769,61728,0,2,39
0x478b61,0%,2,0,2,0,1,1,0
0x4d5777,98.6301%,2,144,146,144,1,1,0
0x477f52,0%,2,0,2,0,1,1,0
0x4cab55,99.9446%,2,3610,3612,0,0,2,3610
0x4c4188,95.4545%,2,42,44,42,2,0,0
0x4d7947,98.7342%,2,156,158,112,2,0,44
0x4c9ed8,99.8644%,2,1473,1475,0,1,1,1473
0x4c5832,85.7143%,2,12,14,0,1,1,12
0x4c8cdd,66.6667%,2,4,6,4,2,0,0
0x4d62e1,89.4737%,2,17,19,0,0,2,17
0x4ca52d,99.9993%,2,280893,280895,280893,1,1,0
0x60a172,0%,2,0,2,0,1,1,0
0x476d41,77.7778%,2,7,9,1,2,0,6
0x479ad8,99.9655%,2,5792,5794,5792,0,2,0
0x4ca1dc,99.7409%,2,770,772,770,2,0,0
0x4d89f3,98.7421%,2,157,159,45,0,2,112
0x47668f,99.9655%,2,5790,5792,5790,1,1,0
0x4bc1f0,99.8971%,2,1942,1944,0,0,2,1942
0x4dec97,33.3333%,2,1,3,0,2,0,1
0x5f04b5,95.4545%,2,42,44,0,1,1,42
0x4d7510,77.7778%,2,7,9,7,2,0,0
0x476de7,66.6667%,2,4,6,0,1,1,4
0x418c7c,60%,2,3,5,3,1,1,0
0x50fce2,90.9091%,2,20,22,0,2,0,20
0x476530,50%,2,2,4,2,1,1,0
0x4e2b22,81.8182%,2,9,11,0,2,0,9
0x4d7566,77.7778%,2,7,9,0,2,0,7
0x50fb33,99.9721%,2,7176,7178,7176,2,0,0
0x476206,99.9829%,2,11697,11699,5905,1,1,5792
0x4dec00,33.3333%,2,1,3,0,2,0,1
0x4dfbc4,80%,2,8,10,8,2,0,0
0x4dfb07,80%,2,8,10,8,1,1,0
0x5eefe5,97.8261%,1,45,46,0,1,0,45
0x4dfe67,90%,1,9,10,9,1,0,0
0x4e09d6,90.9091%,1,10,11,10,1,0,0
0x5f0a87,50%,1,1,2,0,1,0,1
0x50b030,99.9988%,1,80838,80839,0,1,0,80838
0x4e06a4,90.9091%,1,10,11,10,1,0,0
0x4d381c,50%,1,1,2,1,1,0,0
0x5fac9a,97.8723%,1,46,47,45,0,1,1
0x4d068b,0%,1,0,1,0,0,1,0
0x475ed5,93.75%,1,15,16,15,1,0,0
0x476a73,50%,1,1,2,1,1,0,0
0x401d01,0%,1,0,1,0,1,0,0
0x463b17,0%,1,0,1,0,1,0,0
0x4e05fb,90.9091%,1,10,11,10,1,0,0
0x4c44ee,99.9733%,1,3751,3752,3751,1,0,0
0x401aa0,0%,1,0,1,0,1,0,0
0x4e0a9c,0%,1,0,1,0,1,0,0
0x478b29,0%,1,0,1,0,1,0,0
0x4cb2dc,99.9736%,1,3793,3794,3793,1,0,0
0x41c685,0%,1,0,1,0,1,0,0
0x4df13c,66.6667%,1,2,3,2,1,0,0
0x4c3aa4,96.4286%,1,27,28,27,1,0,0
0x4d0813,50%,1,1,2,1,1,0,0
0x476727,50%,1,1,2,1,1,0,0
0x4deb1d,66.6667%,1,2,3,2,1,0,0
0x401dc3,0%,1,0,1,0,1,0,0
0x5efae3,0%,1,0,1,0,1,0,0
0x4e14ae,0%,1,0,1,0,1,0,0
0x4cf582,0%,1,0,1,0,1,0,0
0x4babeb,99.9052%,1,1054,1055,1054,0,1,0
0x41b69e,0%,1,0,1,0,1,0,0
0x4e0b52,0%,1,0,1,0,1,0,0
0x4c651a,99.9733%,1,3738,3739,3738,1,0,0
0x41b691,0%,1,0,1,0,1,0,0
0x4c9683,99.9744%,1,3903,3904,3903,1,0,0
0x41b670,0%,1,0,1,0,1,0,0
0x4bb042,0%,1,0,1,0,1,0,0
0x428645,0%,1,0,1,0,1,0,0
0x4d3768,50%,1,1,2,1,1,0,0
0x4dff55,90.9091%,1,10,11,10,1,0,0
0x4e0aac,0%,1,0,1,0,1,0,0
0x4d6e1b,0%,1,0,1,0,1,0,0
0x41b2e6,0%,1,0,1,0,1,0,0
0x4d5f70,94.7368%,1,18,19,18,1,0,0
0x41afd0,0%,1,0,1,0,1,0,0
0x4bb867,0%,1,0,1,0,1,0,0
0x4e2b97,90.9091%,1,10,11,10,1,0,0
0x4d8b96,0%,1,0,1,0,1,0,0
0x4e28fc,90.9091%,1,10,11,10,1,0,0
0x401b09,0%,1,0,1,0,1,0,0
0x5f0cf6,0%,1,0,1,0,1,0,0
0x4d8b80,0%,1,0,1,0,1,0,0
0x4e0a92,90.9091%,1,10,11,9,1,0,1
0x4bac56,0%,1,0,1,0,1,0,0
0x5f0c64,0%,1,0,1,0,1,0,0
0x47a2c8,0%,1,0,1,0,1,0,0
0x4d7526,88.8889%,1,8,9,8,1,0,0
0x463a71,0%,1,0,1,0,1,0,0
0x418f70,0%,1,0,1,0,1,0,0
0x479eac,0%,1,0,1,0,1,0,0
0x4639b7,0%,1,0,1,0,1,0,0
0x5f2f6b,50%,1,1,2,1,1,0,0
0x5f1f24,0%,1,0,1,0,1,0,0
0x476b5b,88.8889%,1,8,9,8,1,0,0
0x5f0a7e,66.6667%,1,2,3,0,1,0,2
0x5f2dee,50%,1,1,2,1,1,0,0
0x4bb6c9,99.0476%,1,104,105,104,1,0,0
0x478b6c,0%,1,0,1,0,1,0,0
0x4765e1,66.6667%,1,2,3,2,1,0,0
0x4bbe73,97.7778%,1,44,45,44,1,0,0
0x4df9ba,90%,1,9,10,9,1,0,0
0x4df828,0%,1,0,1,0,1,0,0
0x4770a0,0%,1,0,1,0,1,0,0
0x4e00e9,90.9091%,1,10,11,10,1,0,0
0x478b1d,50%,1,1,2,0,1,0,1
0x5ef0f7,0%,1,0,1,0,1,0,0
0x41b297,0%,1,0,1,0,1,0,0
0x4e0eea,0%,1,0,1,0,1,0,0
0x476874,50%,1,1,2,1,1,0,0
0x46c4aa,0%,1,0,1,0,1,0,0
0x46d96c,0%,1,0,1,0,1,0,0
0x4cfc30,92.8571%,1,13,14,13,1,0,0
0x4d78c1,99.3671%,1,157,158,157,1,0,0
0x4c54f1,99.9733%,1,3738,3739,3738,1,0,0
0x463ae9,0%,1,0,1,0,1,0,0
0x4deaa6,66.6667%,1,2,3,0,0,1,2
0x4cb10b,99.9733%,1,3750,3751,3750,1,0,0
0x4bbab8,99.9532%,1,2135,2136,2135,1,0,0
0x47ae44,99.3711%,1,158,159,158,1,0,0
0x4d052f,97.8261%,1,45,46,44,0,1,1
0x4781d5,50%,1,1,2,1,1,0,0
0x50fe20,97.9167%,1,47,48,47,1,0,0
0x4e281a,90.9091%,1,10,11,10,1,0,0
0x47afe6,99.3377%,1,150,151,150,1,0,0
0x4df90c,0%,1,0,1,0,1,0,0
0x5ef191,0%,1,0,1,0,1,0,0
0x4bb83a,99.0476%,1,104,105,103,1,0,1
0x4deacd,66.6667%,1,2,3,2,1,0,0
0x47dd71,83.3333%,1,5,6,5,1,0,0
0x4c3d31,99.9667%,1,3006,3007,3006,1,0,0
0x4bd988,99.9674%,1,3067,3068,3067,1,0,0
0x4b958e,98.2759%,1,57,58,57,1,0,0
0x4d3138,66.6667%,1,2,3,2,1,0,0
0x5f06dc,0%,1,0,1,0,1,0,0
0x4bb93b,99.0385%,1,103,104,103,1,0,0
0x408e9b,66.6667%,1,2,3,2,1,0,0
0x408e2c,66.6667%,1,2,3,2,1,0,0
0x5ef229,0%,1,0,1,0,1,0,0
0x476f1a,99.9314%,1,1457,1458,1344,0,1,113
0x476f1f,99.1525%,1,117,118,112,1,0,5
0x4d6d54,0%,1,0,1,0,1,0,0
0x4bb909,99.0385%,1,103,104,103,1,0,0
0x4764f3,75%,1,3,4,3,1,0,0
0x463a9d,0%,1,0,1,0,1,0,0
0x4d3169,66.6667%,1,2,3,2,1,0,0
0x4d8a24,97.7778%,1,44,45,44,0,1,0
0x4e06ea,90%,1,9,10,9,1,0,0
0x41b1ff,0%,1,0,1,0,1,0,0
0x47abc7,99.3711%,1,158,159,158,1,0,0
0x5ef4fe,0%,1,0,1,0,1,0,0
0x4ccf04,99.1071%,1,111,112,111,1,0,0
0x4cb64b,87.5%,1,7,8,7,1,0,0
0x4c3b8e,99.9671%,1,3034,3035,3034,1,0,0
0x60a17c,83.3333%,1,5,6,0,1,0,5
0x4d7681,88.8889%,1,8,9,8,1,0,0
0x4c4ce1,99.8693%,1,764,765,761,1,0,3
0x4d0697,0%,1,0,1,0,1,0,0
0x4dec09,0%,1,0,1,0,1,0,0
0x47a98e,99.7821%,1,458,459,458,1,0,0
0x4c500a,99.9867%,1,7538,7539,7538,1,0,0
0x4cb6e7,99.9911%,1,11217,11218,11217,1,0,0
0x4d6e33,0%,1,0,1,0,1,0,0
0x4e2668,66.6667%,1,2,3,2,0,1,0
0x4be9e1,99.9799%,1,4967,4968,200,1,0,4767
0x4b99ba,98.2759%,1,57,58,57,1,0,0
0x45ee0c,66.6667%,1,2,3,2,1,0,0
0x4b95d1,98.2759%,1,57,58,57,1,0,0
0x4df21d,85.7143%,1,6,7,6,1,0,0
0x4c3a60,99.9667%,1,3006,3007,3006,1,0,0
0x4c6269,99.9744%,1,3903,3904,3903,1,0,0
0x4df1fd,87.5%,1,7,8,7,1,0,0
0x4189da,50%,1,1,2,1,1,0,0
0x4d5a25,75%,1,3,4,3,1,0,0
0x41893c,50%,1,1,2,1,1,0,0
0x47697e,50%,1,1,2,0,0,1,1
0x476824,50%,1,1,2,1,1,0,0
0x4c9601,83.3333%,1,5,6,5,1,0,0
0x47c913,0%,1,0,1,0,1,0,0
0x4d65ec,99.2701%,1,136,137,136,1,0,0
0x4cb4c0,0%,1,0,1,0,1,0,0
0x4cb46c,50%,1,1,2,0,1,0,1
0x5f06fa,0%,1,0,1,0,1,0,0
0x476752,50%,1,1,2,1,1,0,0
0x4766f0,50%,1,1,2,1,1,0,0
0x4bf835,96.1538%,1,25,26,25,1,0,0
0x4c3c44,96.4286%,1,27,28,27,1,0,0
0x4769bb,50%,1,1,2,1,1,0,0
0x4d765e,88.8889%,1,8,9,8,1,0,0
0x5f096d,50%,1,1,2,1,1,0,0
0x4c3e43,96.4286%,1,27,28,27,1,0,0
0x4e0e12,90%,1,9,10,9,1,0,0
0x47a292,0%,1,0,1,0,1,0,0
0x4cbe76,99.6795%,1,311,312,0,1,0,311
0x463966,0%,1,0,1,0,1,0,0
0x5fa270,90%,1,9,10,9,1,0,0
0x479b08,99.9827%,1,5793,5794,5793,1,0,0
0x50fad3,91.6667%,1,11,12,11,1,0,0
0x50f593,99.9755%,1,4077,4078,4033,1,0,44
0x419621,0%,1,0,1,0,1,0,0
0x4bb962,99.0385%,1,103,104,103,1,0,0
0x47d3d4,99.9832%,1,5953,5954,5953,1,0,0
0x5f1e02,0%,1,0,1,0,1,0,0
0x4e2c9d,66.6667%,1,2,3,2,1,0,0
0x4cb584,91.6667%,1,11,12,11,1,0,0
0x4cab8e,99.2424%,1,131,132,131,1,0,0
0x478c54,99.5536%,1,223,224,223,1,0,0
0x4e2c3a,66.6667%,1,2,3,2,1,0,0
0x4c57e4,99.9984%,1,61767,61768,0,0,1,61767
0x418bf5,83.3333%,1,5,6,5,1,0,0
0x4c3b51,99.9671%,1,3034,3035,3034,1,0,0
0x4dfa9c,90%,1,9,10,9,1,0,0
0x4e2c23,90.9091%,1,10,11,10,1,0,0
0x4e2bed,90.9091%,1,10,11,10,1,0,0
0x4ca138,99.7067%,1,340,341,340,1,0,0
0x4d630d,75%,1,3,4,3,1,0,0
0x4e299b,90.9091%,1,10,11,10,1,0,0
0x4cb989,96%,1,24,25,24,1,0,0
0x4c9e66,99.9359%,1,1559,1560,0,1,0,1559
0x5facab,0%,1,0,1,0,1,0,0
0x50fb5d,98.5507%,1,68,69,68,1,0,0
0x4c40df,99.9671%,1,3034,3035,3034,1,0,0
0x4d600f,80%,1,4,5,4,1,0,0
0x5faca4,0%,1,0,1,0,0,1,0
0x5f2dbc,50%,1,1,2,1,1,0,0
0x4d64be,50%,1,1,2,1,1,0,0
0x5fac9f,50%,1,1,2,0,1,0,1
0x50f503,50%,1,1,2,1,1,0,0
0x4bbd55,99.9488%,1,1951,1952,1951,1,0,0
0x4e2950,90.9091%,1,10,11,0,1,0,10
0x4cfc77,92.8571%,1,13,14,13,1,0,0
0x4783b8,50%,1,1,2,1,1,0,0
0x417e3a,99.7854%,1,465,466,0,0,1,465
0x477166,0%,1,0,1,0,1,0,0
0x477154,0%,1,0,1,0,1,0,0
0x4c3ebe,99.9667%,1,3006,3007,3006,1,0,0
0x4cfa83,0%,1,0,1,0,1,0,0
0x4cb476,0%,1,0,1,0,1,0,0
0x4d0570,50%,1,1,2,1,1,0,0
0x4bc24b,87.5%,1,7,8,7,1,0,0
0x4bb501,99.0476%,1,104,105,104,1,0,0
0x4783e9,50%,1,1,2,1,1,0,0
0x4d568f,0%,1,0,1,0,1,0,0
0x418d2b,0%,1,0,1,0,1,0,0
0x609759,50%,1,1,2,1,1,0,0
0x4e2869,90.9091%,1,10,11,10,1,0,0
0x4d04d9,97.8261%,1,45,46,1,1,0,44
0x476922,50%,1,1,2,1,1,0,0
0x4770c9,0%,1,0,1,0,1,0,0
0x4b90f8,99.9876%,1,8063,8064,4031,1,0,4032
0x4c623d,99.9736%,1,3792,3793,3792,1,0,0
0x45ee59,66.6667%,1,2,3,2,1,0,0
0x408eee,66.6667%,1,2,3,2,1,0,0
0x408edf,66.6667%,1,2,3,2,1,0,0
0x5f1ddb,0%,1,0,1,0,1,0,0
0x41af5b,0%,1,0,1,0,1,0,0
0x4df330,90.9091%,1,10,11,10,1,0,0
0x475f73,99.9839%,1,6193,6194,6193,1,0,0
0x478271,50%,1,1,2,1,1,0,0
0x5f2da0,50%,1,1,2,1,1,0,0
0x4bac3a,0%,1,0,1,0,0,1,0
0x47972b,83.3333%,1,5,6,5,1,0,0
0x47ddac,83.3333%,1,5,6,5,1,0,0
0x4decba,0%,1,0,1,0,1,0,0
0x4d5cbd,94.7368%,1,18,19,18,1,0,0
0x4d3754,50%,1,1,2,1,1,0,0
0x4c23a2,0%,1,0,1,0,1,0,0
0x4cfb06,97.8261%,1,45,46,45,1,0,0
0x46d169,0%,1,0,1,0,1,0,0
0x418e6b,0%,1,0,1,0,1,0,0
0x4195f8,50%,1,1,2,0,1,0,1
0x4c4522,99.9733%,1,3751,3752,3751,1,0,0
0x4782f1,50%,1,1,2,1,1,0,0
0x418d59,0%,1,0,1,0,1,0,0
0x478f00,83.3333%,1,5,6,5,1,0,0
0x418cf6,0%,1,0,1,0,1,0,0
0x4d61bf,92.8571%,1,13,14,13,1,0,0
0x418cb5,0%,1,0,1,0,1,0,0
0x5f1d93,50%,1,1,2,0,1,0,1
0x4d5c8e,94.7368%,1,18,19,18,1,0,0
0x476b09,83.3333%,1,5,6,5,1,0,0
0x4d6e0d,0%,1,0,1,0,1,0,0
0x5f1f0f,0%,1,0,1,0,0,1,0
0x419636,0%,1,0,1,0,1,0,0
0x4d314f,66.6667%,1,2,3,2,1,0,0
0x4e0fbf,0%,1,0,1,0,1,0,0
0x4bc21a,85.7143%,1,6,7,6,1,0,0
0x45ee34,66.6667%,1,2,3,2,1,0,0
0x4cfc97,92.8571%,1,13,14,13,1,0,0
0x5f0495,97.7778%,1,44,45,0,1,0,44
0x478215,50%,1,1,2,1,1,0,0
0x418f89,0%,1,0,1,0,1,0,0
0x5ef13a,0%,1,0,1,0,1,0,0
0x418f35,0%,1,0,1,0,1,0,0
0x47c940,0%,1,0,1,0,1,0,0
0x4d64d3,94.7368%,1,18,19,18,1,0,0
0x418eae,0%,1,0,1,0,1,0,0
0x4c230d,0%,1,0,1,0,1,0,0
0x4770b5,0%,1,0,1,0,1,0,0
0x47c8cc,0%,1,0,1,0,1,0,0
0x4b96e4,0%,1,0,1,0,1,0,0
0x4d06d9,0%,1,0,1,0,1,0,0
0x4c228f,0%,1,0,1,0,1,0,0
0x47802f,66.6667%,1,2,3,2,1,0,0
0x401b40,0%,1,0,1,0,1,0,0
0x47da2b,83.3333%,1,5,6,5,1,0,0
0x47da5e,83.3333%,1,5,6,5,1,0,0
0x4b96a4,0%,1,0,1,0,1,0,0
0x4d04c4,97.8261%,1,45,46,45,1,0,0
0x5f2d37,50%,1,1,2,1,1,0,0
0x418c1c,80%,1,4,5,4,1,0,0
0x42862f,0%,1,0,1,0,1,0,0
0x4e17ad,0%,1,0,1,0,1,0,0
0x4bb361,99.0476%,1,104,105,104,1,0,0
0x4782b1,50%,1,1,2,1,1,0,0
0x4d57e3,75%,1,3,4,3,1,0,0
0x4cf579,97.8261%,1,45,46,45,0,1,0
0x41897e,90.9091%,1,10,11,10,1,0,0
0x4ca8d0,97.6744%,1,42,43,42,1,0,0
0x609a2a,75%,1,3,4,3,1,0,0
0x4c584e,92.3077%,1,12,13,0,1,0,12
0x47d178,66.6667%,1,2,3,2,1,0,0
0x4c6200,99.9867%,1,7538,7539,7538,1,0,0
0x469948,66.6667%,1,2,3,0,0,1,2
0x4d8a9f,97.7778%,1,44,45,0,0,1,44
0x469932,66.6667%,1,2,3,2,1,0,0
0x476ae2,83.3333%,1,5,6,5,1,0,0
0x4ca559,0%,1,0,1,0,1,0,0
0x477d7d,75%,1,3,4,3,1,0,0
0x4ca1b1,99.7067%,1,340,341,340,1,0,0
0x4c3ad5,99.9664%,1,2978,2979,2978,1,0,0
0x4d078c,92.8571%,1,13,14,13,1,0,0
0x478234,50%,1,1,2,1,1,0,0
0x469919,66.6667%,1,2,3,2,1,0,0
0x4c3d77,96.4286%,1,27,28,27,1,0,0
0x476575,66.6667%,1,2,3,2,1,0,0
0x4d63d9,93.3333%,1,14,15,0,1,0,14
0x476c19,50%,1,1,2,1,1,0,0
0x4bb47c,99.0476%,1,104,105,104,1,0,0
0x46d67a,0%,1,0,1,0,1,0,0
0x476bef,50%,1,1,2,1,1,0,0
0x418edf,0%,1,0,1,0,1,0,0
0x4790c8,94.4444%,1,17,18,17,1,0,0
0x41b30c,0%,1,0,1,0,1,0,0
0x401d2c,0%,1,0,1,0,1,0,0
0x476d8b,83.3333%,1,5,6,5,1,0,0
0x4d58d1,50%,1,1,2,1,1,0,0
0x47711c,0%,1,0,1,0,1,0,0
0x4ca5cd,99.9867%,1,7544,7545,7544,1,0,0
0x5f06a5,50%,1,1,2,0,1,0,1
0x4d59e2,75%,1,3,4,3,1,0,0
0x4790fd,94.4444%,1,17,18,17,1,0,0
0x4e2aef,90.9091%,1,10,11,10,1,0,0
0x477f31,75%,1,3,4,3,1,0,0
0x4d8a2b,0%,1,0,1,0,1,0,0
0x401ad0,0%,1,0,1,0,1,0,0
0x47a230,0%,1,0,1,0,1,0,0
0x477fb6,66.6667%,1,2,3,2,1,0,0
0x4ba27f,99.9764%,1,4239,4240,4239,1,0,0
0x4d091b,50%,1,1,2,1,1,0,0
0x4d096c,50%,1,1,2,1,1,0,0
0x60a1c2,92.3077%,1,12,13,12,1,0,0
0x478ead,83.3333%,1,5,6,5,1,0,0
0x4c3e1f,96.4286%,1,27,28,27,1,0,0
0x4bafec,0%,1,0,1,0,1,0,0
0x4ca5f9,99.9867%,1,7544,7545,7544,1,0,0
0x479fb5,0%,1,0,1,0,1,0,0
0x4d5803,75%,1,3,4,3,1,0,0
0x479089,94.4444%,1,17,18,17,1,0,0
0x46d7d4,0%,1,0,1,0,1,0,0
0x479006,83.3333%,1,5,6,5,1,0,0
0x479c3a,85.7143%,1,6,7,6,1,0,0
0x5f0837,0%,1,0,1,0,1,0,0
0x4ba3d8,99.9953%,1,21315,21316,0,1,0,21315
0x4c4858,99.9957%,1,23016,23017,23016,1,0,0
0x4cfa32,0%,1,0,1,0,1,0,0
0x4d63c0,92.8571%,1,13,14,13,1,0,0
0x4cac99,85.7143%,1,6,7,6,1,0,0
0x478e9c,83.3333%,1,5,6,5,1,0,0
0x5ef1e3,0%,1,0,1,0,0,1,0
0x46d62a,0%,1,0,1,0,1,0,0
0x4e2be1,90.9091%,1,10,11,10,1,0,0
0x4bc16e,87.5%,1,7,8,7,1,0,0
0x476b84,88.8889%,1,8,9,8,1,0,0
0x46d182,0%,1,0,1,0,1,0,0
0x47916d,94.4444%,1,17,18,17,1,0,0
0x479e90,0%,1,0,1,0,1,0,0
0x477ef3,92.8571%,1,13,14,13,1,0,0
0x47807e,50%,1,1,2,1,1,0,0
0x4c3b13,99.9664%,1,2978,2979,2978,1,0,0
0x479e6d,0%,1,0,1,0,1,0,0
0x477f5b,0%,1,0,1,0,1,0,0
0x47af5c,87.5%,1,7,8,7,1,0,0
0x4ca621,99.9867%,1,7544,7545,7544,1,0,0
0x46d238,0%,1,0,1,0,1,0,0
0x4570e0,0%,1,0,1,0,1,0,0
0x46c2b9,0%,1,0,1,0,1,0,0
0x4ca7d9,99.9867%,1,7544,7545,7544,1,0,0
0x4ca634,99.9867%,1,7544,7545,7544,1,0,0
0x5f0c78,0%,1,0,1,0,1,0,0
0x4dfb3e,0%,1,0,1,0,1,0,0
0x4570c6,0%,1,0,1,0,1,0,0
0x4d587d,75%,1,3,4,3,1,0,0
0x47d9ef,83.3333%,1,5,6,5,1,0,0
0x5f052a,50%,1,1,2,0,1,0,1
0x46d1a0,0%,1,0,1,0,1,0,0
0x47819d,50%,1,1,2,1,1,0,0
0x4d63b7,93.3333%,1,14,15,0,1,0,14
0x479ea1,0%,1,0,1,0,1,0,0
0x47c9b3,100%,0,117,117,0,0,0,117
0x4d89f8,100%,0,114,114,0,0,0,114
0x4c7adc,100%,0,7516,7516,7516,0,0,0
0x418b8d,100%,0,453,453,453,0,0,0
0x4c57ef,100%,0,61768,61768,0,0,0,61768
0x47ca7e,100%,0,117,117,117,0,0,0
0x5f1d87,100%,0,2,2,0,0,0,2
0x50f3fc,100%,0,44,44,44,0,0,0
0x476516,100%,0,4,4,0,0,0,4
0x4be85e,100%,0,1,1,1,0,0,0
0x4195eb,100%,0,1,1,0,0,0,1
0x4d9766,100%,0,159,159,0,0,0,159
0x4c58e7,100%,0,61769,61769,0,0,0,61769
0x419044,100%,0,153,153,153,0,0,0
0x4c256d,100%,0,4032,4032,4032,0,0,0
0x5f0acd,100%,0,43,43,43,0,0,0
0x4b90a9,100%,0,8064,8064,8064,0,0,0
0x5f260c,100%,0,44,44,44,0,0,0
0x4b8e0d,100%,0,192,192,192,0,0,0
0x4baaa5,100%,0,3616,3616,0,0,0,3616
0x4bee38,100%,0,201335,201335,201335,0,0,0
0x46d1c3,100%,0,1,1,0,0,0,1
0x47980d,100%,0,6,6,0,0,0,6
0x5f0936,100%,0,1,1,0,0,0,1
0x4c38f2,100%,0,884407,884407,0,0,0,884407
0x476866,100%,0,2,2,0,0,0,2
0x4c4e38,100%,0,7516,7516,7516,0,0,0
0x46ca04,100%,0,112,112,0,0,0,112
0x4d8fbe,100%,0,159,159,159,0,0,0
0x4c480f,100%,0,142,142,142,0,0,0
0x4c598e,100%,0,69417,69417,0,0,0,69417
0x4c5c53,100%,0,7689,7689,7689,0,0,0
0x4b9d3a,100%,0,184,184,184,0,0,0
0x414f95,100%,0,112,112,112,0,0,0
0x4d970c,100%,0,159,159,159,0,0,0
0x4cd42c,100%,0,47,47,0,0,0,47
0x4d89c9,100%,0,159,159,0,0,0,159
0x4beb8d,100%,0,44,44,0,0,0,44
0x4d5c54,100%,0,118,118,118,0,0,0
0x4cf712,100%,0,45,45,0,0,0,45
0x478076,100%,0,2,2,0,0,0,2
0x4ba80d,100%,0,56153,56153,56153,0,0,0
0x47d221,100%,0,118,118,118,0,0,0
0x4cc600,100%,0,4419,4419,4419,0,0,0
0x417e51,100%,0,466,466,0,0,0,466
0x5f0ccc,100%,0,1,1,0,0,0,1
0x46c530,100%,0,113,113,0,0,0,113
0x4d6e82,100%,0,1,1,0,0,0,1
0x5f2dfd,100%,0,2,2,0,0,0,2
0x5f0510,100%,0,2,2,0,0,0,2
0x4bf88f,100%,0,26,26,0,0,0,26
0x4c3db7,100%,0,28,28,0,0,0,28
0x5f2078,100%,0,1,1,0,0,0,1
0x4cc9af,100%,0,118,118,0,0,0,118
0x5f0a76,100%,0,1,1,0,0,0,1
0x4bda9e,100%,0,3065,3065,3065,0,0,0
0x478268,100%,0,2,2,0,0,0,2
0x4ccf1f,100%,0,112,112,112,0,0,0
0x419436,100%,0,459,459,0,0,0,459
0x5f2630,100%,0,44,44,0,0,0,44
0x4d064e,100%,0,119,119,119,0,0,0
0x4cf5b0,100%,0,46,46,46,0,0,0
0x4d0547,100%,0,2,2,0,0,0,2
0x478c96,100%,0,112,112,112,0,0,0
0x47c984,100%,0,117,117,0,0,0,117
0x4c484f,100%,0,23017,23017,0,0,0,23017
0x479bf2,100%,0,5794,5794,0,0,0,5794
0x47a3fc,100%,0,1,1,0,0,0,1
0x4cd45f,100%,0,47,47,0,0,0,47
0x4c43e3,100%,0,32571,32571,0,0,0,32571
0x4b9580,100%,0,3974,3974,3974,0,0,0
0x47b22d,100%,0,5904,5904,0,0,0,5904
0x5f06b9,100%,0,1,1,0,0,0,1
0x46c539,100%,0,113,113,113,0,0,0
0x4c2342,100%,0,1,1,0,0,0,1
0x479aaf,100%,0,5794,5794,5794,0,0,0
0x5f2d68,100%,0,2,2,0,0,0,2
0x5f0c4f,100%,0,1,1,0,0,0,1
0x4b8daf,100%,0,4895,4895,0,0,0,4895
0x476131,100%,0,448,448,0,0,0,448
0x5f06d7,100%,0,1,1,0,0,0,1
0x479b65,100%,0,5792,5792,5792,0,0,0
0x4ba96b,100%,0,4031,4031,0,0,0,4031
0x4ba502,100%,0,3616,3616,0,0,0,3616
0x4ba4f3,100%,0,3616,3616,0,0,0,3616
0x4cce62,100%,0,112,112,0,0,0,112
0x4cc9ef,100%,0,281013,281013,281013,0,0,0
0x4d0761,100%,0,14,14,0,0,0,14
0x4cc73a,100%,0,131,131,131,0,0,0
0x40288a,100%,0,112,112,0,0,0,112
0x4cfbf9,100%,0,133,133,133,0,0,0
0x476137,100%,0,448,448,448,0,0,0
0x414f89,100%,0,112,112,0,0,0,112
0x4b8d78,100%,0,4895,4895,0,0,0,4895
0x4cf88d,100%,0,45,45,0,0,0,45
0x5fabec,100%,0,48,48,0,0,0,48
0x4cc870,100%,0,136,136,0,0,0,136
0x4cc72b,100%,0,131,131,131,0,0,0
0x4cbc8d,100%,0,11218,11218,0,0,0,11218
0x47dd5d,100%,0,6,6,0,0,0,6
0x5f25b3,100%,0,44,44,0,0,0,44
0x4bea13,100%,0,11426,11426,11426,0,0,0
0x47c99b,100%,0,117,117,0,0,0,117
0x4698f6,100%,0,3,3,0,0,0,3
0x6068a7,100%,0,116,116,0,0,0,116
0x5f0ce9,100%,0,1,1,0,0,0,1
0x4b8ea0,100%,0,4032,4032,0,0,0,4032
0x50fb28,100%,0,7178,7178,0,0,0,7178
0x5f25db,100%,0,44,44,44,0,0,0
0x47907c,100%,0,18,18,0,0,0,18
0x47a1fb,100%,0,5793,5793,0,0,0,5793
0x4c4d8c,100%,0,572,572,572,0,0,0
0x47d9db,100%,0,6,6,0,0,0,6
0x4bc2cc,100%,0,1937,1937,1937,0,0,0
0x47aa19,100%,0,305,305,305,0,0,0
0x4be4fc,100%,0,44,44,44,0,0,0
0x4bd463,100%,0,3033,3033,0,0,0,3033
0x5f1db3,100%,0,1,1,0,0,0,1
0x477060,100%,0,461,461,461,0,0,0
0x4cb3a6,100%,0,8227,8227,8227,0,0,0
0x4bf7ee,100%,0,12894,12894,12860,0,0,34
0x4cf893,100%,0,45,45,45,0,0,0
0x4be48b,100%,0,44,44,0,0,0,44
0x47c860,100%,0,116,116,116,0,0,0
0x419607,100%,0,1,1,0,0,0,1
0x46c7bb,100%,0,112,112,112,0,0,0
0x4c79bd,100%,0,41,41,41,0,0,0
0x4babab,100%,0,1055,1055,1055,0,0,0
0x4c642b,100%,0,226133,226133,226133,0,0,0
0x478be6,100%,0,224,224,0,0,0,224
0x4bab7f,100%,0,1055,1055,1055,0,0,0
0x47a3c8,100%,0,1,1,0,0,0,1
0x4761b6,100%,0,27,27,27,0,0,0
0x46ca14,100%,0,112,112,112,0,0,0
0x5ef008,100%,0,45,45,0,0,0,45
0x4c6404,100%,0,226133,226133,226133,0,0,0
0x5f1df2,100%,0,1,1,0,0,0,1
0x4bbd2a,100%,0,2083,2083,0,0,0,2083
0x4be482,100%,0,44,44,0,0,0,44
0x4c7d71,100%,0,1,1,0,0,0,1
0x463ab5,100%,0,1,1,0,0,0,1
0x47cd70,100%,0,118,118,118,0,0,0
0x4c63e6,100%,0,226133,226133,226133,0,0,0
0x4bace2,100%,0,3102,3102,0,0,0,3102
0x4bae61,100%,0,3102,3102,0,0,0,3102
0x478327,100%,0,2,2,0,0,0,2
0x4bae6a,100%,0,3102,3102,3102,0,0,0
0x4bb81a,100%,0,105,105,0,0,0,105
0x4baf23,100%,0,3102,3102,3102,0,0,0
0x4c6ca5,100%,0,3904,3904,0,0,0,3904
0x50fb0d,100%,0,7618,7618,0,0,0,7618
0x4c9fda,100%,0,1298,1298,1298,0,0,0
0x4d8ed3,100%,0,44,44,44,0,0,0
0x4cb3d4,100%,0,12019,12019,0,0,0,12019
0x4d2de2,100%,0,44,44,44,0,0,0
0x4d8ebb,100%,0,44,44,44,0,0,0
0x4c4d83,100%,0,572,572,0,0,0,572
0x476cae,100%,0,8,8,0,0,0,8
0x4d8ea9,100%,0,44,44,0,0,0,44
0x47cab5,100%,0,117,117,0,0,0,117
0x4c9f19,100%,0,2245,2245,2245,0,0,0
0x41b64f,100%,0,1,1,0,0,0,1
0x5ef0ce,100%,0,1,1,0,0,0,1
0x4c63cb,100%,0,226133,226133,226133,0,0,0
0x46d0c4,100%,0,112,112,0,0,0,112
0x4bb1e2,100%,0,890,890,890,0,0,0
0x4bf878,100%,0,26,26,0,0,0,26
0x47b415,100%,0,5792,5792,0,0,0,5792
0x4baadb,100%,0,1055,1055,0,0,0,1055
0x4be574,100%,0,402,402,394,0,0,8
0x4df16e,100%,0,3,3,0,0,0,3
0x4bb8fa,100%,0,104,104,0,0,0,104
0x4baafa,100%,0,1055,1055,0,0,0,1055
0x4c64b0,100%,0,226133,226133,0,0,0,226133
0x4b99fe,100%,0,184,184,0,0,0,184
0x4d2e24,100%,0,44,44,44,0,0,0
0x4c3e7f,100%,0,28,28,0,0,0,28
0x4be6c7,100%,0,11426,11426,11426,0,0,0
0x4be704,100%,0,6437,6437,180,0,0,6257
0x4cd061,100%,0,281125,281125,0,0,0,281125
0x4be719,100%,0,11426,11426,0,0,0,11426
0x5ef0eb,100%,0,1,1,0,0,0,1
0x4cc552,100%,0,387,387,112,0,0,275
0x5f04c7,100%,0,43,43,43,0,0,0
0x4c5c90,100%,0,41,41,0,0,0,41
0x5f2d72,100%,0,2,2,0,0,0,2
0x4c5c72,100%,0,41,41,0,0,0,41
0x5f2603,100%,0,44,44,0,0,0,44
0x40286d,100%,0,112,112,0,0,0,112
0x4be7ce,100%,0,11426,11426,11426,0,0,0
0x47ab0c,100%,0,300,300,0,0,0,300
0x4cbd20,100%,0,25,25,0,0,0,25
0x4bea6b,100%,0,44,44,44,0,0,0
0x477f3f,100%,0,2,2,0,0,0,2
0x477f01,100%,0,14,14,0,0,0,14
0x47b3bc,100%,0,5792,5792,0,0,0,5792
0x4c5978,100%,0,41,41,0,0,0,41
0x4bea33,100%,0,44,44,44,0,0,0
0x4b9da1,100%,0,4423,4423,4423,0,0,0
0x47a6c4,100%,0,459,459,0,0,0,459
0x4c3af8,100%,0,2979,2979,0,0,0,2979
0x4d8f71,100%,0,45,45,45,0,0,0
0x4be5b4,100%,0,11470,11470,402,0,0,11068
0x477f9e,100%,0,8,8,0,0,0,8
0x4d8e8a,100%,0,44,44,44,0,0,0
0x50fb8e,100%,0,371,371,0,0,0,371
0x47620f,100%,0,5793,5793,5793,0,0,0
0x4be5c0,100%,0,11068,11068,11068,0,0,0
0x4bb2f8,100%,0,863,863,863,0,0,0
0x421005,100%,0,377,377,0,0,0,377
0x4cd405,100%,0,47,47,0,0,0,47
0x609731,100%,0,7,7,0,0,0,7
0x421013,100%,0,377,377,0,0,0,377
0x608b68,100%,0,14,14,0,0,0,14
0x60686a,100%,0,116,116,116,0,0,0
0x4beb9d,100%,0,44,44,0,0,0,44
0x4c7a94,100%,0,41,41,0,0,0,41
0x4beb2c,100%,0,44,44,0,0,0,44
0x50fcb2,100%,0,371,371,0,0,0,371
0x46d0cc,100%,0,112,112,0,0,0,112
0x47805d,100%,0,3,3,0,0,0,3
0x4c54c1,100%,0,226133,226133,0,0,0,226133
0x4d318d,100%,0,3,3,0,0,0,3
0x5f0c45,100%,0,1,1,0,0,0,1
0x4c9e74,100%,0,1559,1559,1559,0,0,0
0x4c5937,100%,0,41,41,0,0,0,41
0x5f056d,100%,0,45,45,0,0,0,45
0x5f2089,100%,0,1,1,0,0,0,1
0x5f2c33,100%,0,44,44,0,0,0,44
0x40188a,100%,0,5792,5792,0,0,0,5792
0x5ef06f,100%,0,45,45,45,0,0,0
0x4cd43d,100%,0,47,47,47,0,0,0
0x4d9754,100%,0,159,159,0,0,0,159
0x4df8a1,100%,0,10,10,0,0,0,10
0x4cf5a3,100%,0,46,46,0,0,0,46
0x4bd46b,100%,0,3033,3033,0,0,0,3033
0x5ef047,100%,0,45,45,0,0,0,45
0x5ef029,100%,0,45,45,45,0,0,0
0x4d8ffa,100%,0,159,159,159,0,0,0
0x50aff9,100%,0,80839,80839,0,0,0,80839
0x4cf56f,100%,0,46,46,0,0,0,46
0x5f1ed1,100%,0,1,1,0,0,0,1
0x4c237b,100%,0,1,1,0,0,0,1
0x4bee8b,100%,0,201334,201334,0,0,0,201334
0x418bcd,100%,0,6,6,0,0,0,6
0x4bc7b7,100%,0,44,44,0,0,0,44
0x4c5829,100%,0,61782,61782,61768,0,0,14
0x4bb84a,100%,0,1,1,0,0,0,1
0x4be6f2,100%,0,6437,6437,0,0,0,6437
0x4c4658,100%,0,257806,257806,0,0,0,257806
0x4ce624,100%,0,4032,4032,4032,0,0,0
0x4cf6de,100%,0,45,45,45,0,0,0
0x5f1d6e,100%,0,2,2,0,0,0,2
0x4cb526,100%,0,430,430,430,0,0,0
0x478250,100%,0,2,2,0,0,0,2
0x4c4cd0,100%,0,11257,11257,11257,0,0,0
0x4cf6c8,100%,0,46,46,0,0,0,46
0x4017af,100%,0,5792,5792,5792,0,0,0
0x4c77d1,100%,0,41,41,41,0,0,0
0x47829b,100%,0,2,2,0,0,0,2
0x4c58c5,100%,0,61769,61769,0,0,0,61769
0x4cf69a,100%,0,46,46,46,0,0,0
0x4d5edb,100%,0,118,118,118,0,0,0
0x5f04d5,100%,0,43,43,0,0,0,43
0x5ef099,100%,0,45,45,0,0,0,45
0x4c59a7,100%,0,69417,69417,0,0,0,69417
0x4c5b76,100%,0,69413,69413,0,0,0,69413
0x4d05f5,100%,0,44,44,44,0,0,0
0x4bc7dc,100%,0,2587,2587,2587,0,0,0
0x4c5bfc,100%,0,69417,69417,69417,0,0,0
0x4ba84d,100%,0,56153,56153,0,0,0,56153
0x4d2dd7,100%,0,44,44,0,0,0,44
0x4e298b,100%,0,11,11,0,0,0,11
0x5f2e12,100%,0,2,2,0,0,0,2
0x401d28,100%,0,1,1,0,0,0,1
0x5eefd5,100%,0,46,46,0,0,0,46
0x5f2c4c,100%,0,44,44,44,0,0,0
0x4b9a0a,100%,0,184,184,184,0,0,0
0x4d050f,100%,0,46,46,0,0,0,46
0x5f25ec,100%,0,44,44,0,0,0,44
0x4cc57c,100%,0,285201,285201,285201,0,0,0
0x417f89,100%,0,466,466,0,0,0,466
0x4d6491,100%,0,19,19,19,0,0,0
0x4c1d43,100%,0,2066,2066,0,0,0,2066
0x4ca93b,100%,0,3751,3751,3751,0,0,0
0x4be498,100%,0,44,44,44,0,0,0
0x4caaed,100%,0,3751,3751,3751,0,0,0
0x5f2d5e,100%,0,2,2,0,0,0,2
0x4d374d,100%,0,2,2,0,0,0,2
0x50fc03,100%,0,7178,7178,0,0,0,7178
0x4c4fee,100%,0,762,762,762,0,0,0
0x4ca304,100%,0,252683,252683,252683,0,0,0
0x50fc40,100%,0,69,69,0,0,0,69
0x5fa23f,100%,0,11,11,0,0,0,11
0x4bc7aa,100%,0,44,44,0,0,0,44
0x476526,100%,0,4,4,0,0,0,4
0x4c4b09,100%,0,217870,217870,0,0,0,217870
0x4c4b20,100%,0,217870,217870,0,0,0,217870
0x4c3c10,100%,0,3035,3035,0,0,0,3035
0x47ce3c,100%,0,118,118,0,0,0,118
0x4c4b25,100%,0,217870,217870,0,0,0,217870
0x4c6ba5,100%,0,217870,217870,0,0,0,217870
0x5eeff7,100%,0,45,45,0,0,0,45
0x47904d,100%,0,18,18,0,0,0,18
0x4cf8e4,100%,0,45,45,0,0,0,45
0x418be7,100%,0,6,6,0,0,0,6
0x4c3a08,100%,0,1140079,1140079,0,0,0,1140079
0x478ae8,100%,0,226,226,226,0,0,0
0x4deca3,100%,0,1,1,0,0,0,1
0x4cb1b5,100%,0,3751,3751,0,0,0,3751
0x46c7d2,100%,0,112,112,112,0,0,0
0x50fc92,100%,0,371,371,0,0,0,371
0x5eefcd,100%,0,46,46,0,0,0,46
0x4b9426,100%,0,4032,4032,4032,0,0,0
0x4c457c,100%,0,22920,22920,0,0,0,22920
0x4c6bef,100%,0,5184,5184,5068,0,0,116
0x50fe07,100%,0,693,693,0,0,0,693
0x4c4eaa,100%,0,3,3,3,0,0,0
0x4c3e77,100%,0,28,28,0,0,0,28
0x4ca12c,100%,0,341,341,0,0,0,341
0x4d6d4b,100%,0,1,1,0,0,0,1
0x4d07d4,100%,0,14,14,0,0,0,14
0x4d0758,100%,0,14,14,0,0,0,14
0x4d644e,100%,0,5,5,0,0,0,5
0x4c238b,100%,0,1,1,0,0,0,1
0x4c2371,100%,0,1,1,0,0,0,1
0x417fd1,100%,0,6,6,0,0,0,6
0x4c2360,100%,0,1,1,0,0,0,1
0x4d5866,100%,0,4,4,0,0,0,4
0x4c234d,100%,0,1,1,0,0,0,1
0x4dfaf4,100%,0,10,10,0,0,0,10
0x4b96d6,100%,0,1,1,0,0,0,1
0x4c7d5b,100%,0,1,1,0,0,0,1
0x463ae0,100%,0,1,1,0,0,0,1
0x4c4e94,100%,0,3,3,3,0,0,0
0x4c4eee,100%,0,3,3,3,0,0,0
0x4c4ee3,100%,0,6,6,3,0,0,3
0x4c3d1f,100%,0,3007,3007,0,0,0,3007
0x418de6,100%,0,4,4,0,0,0,4
0x4c4e9e,100%,0,3,3,3,0,0,0
0x4c4e8e,100%,0,3,3,3,0,0,0
0x4c4e5e,100%,0,3,3,0,0,0,3
0x4d3222,100%,0,3,3,3,0,0,0
0x4bc2b7,100%,0,1944,1944,1944,0,0,0
0x4bc28c,100%,0,1944,1944,1944,0,0,0
0x4bc1e4,100%,0,1944,1944,0,0,0,1944
0x4bc1cc,100%,0,1944,1944,0,0,0,1944
0x4ba5f0,100%,0,126,126,126,0,0,0
0x479072,100%,0,18,18,0,0,0,18
0x476b9e,100%,0,9,9,0,0,0,9
0x4d0569,100%,0,2,2,0,0,0,2
0x609720,100%,0,7,7,0,0,0,7
0x477f1f,100%,0,14,14,0,0,0,14
0x418c9a,100%,0,1,1,0,0,0,1
0x4e099d,100%,0,11,11,0,0,0,11
0x46995c,100%,0,3,3,0,0,0,3
0x476538,100%,0,1,1,0,0,0,1
0x418a3a,100%,0,11,11,0,0,0,11
0x418a19,100%,0,11,11,0,0,0,11
0x478115,100%,0,2,2,2,0,0,0
0x4d619e,100%,0,19,19,0,0,0,19
0x4d3180,100%,0,3,3,0,0,0,3
0x476d95,100%,0,6,6,0,0,0,6
0x4cb612,100%,0,22,22,0,0,0,22
0x476d0a,100%,0,8,8,0,0,0,8
0x4ba461,100%,0,126,126,126,0,0,0
0x476b41,100%,0,9,9,0,0,0,9
0x46d93c,100%,0,1,1,1,0,0,0
0x606859,100%,0,6,6,0,0,0,6
0x47cbd7,100%,0,6,6,0,0,0,6
0x5ef185,100%,0,1,1,0,0,0,1
0x47dd68,100%,0,6,6,0,0,0,6
0x47dd53,100%,0,6,6,0,0,0,6
0x5f1da1,100%,0,1,1,0,0,0,1
0x417ffd,100%,0,6,6,0,0,0,6
0x417ff2,100%,0,6,6,0,0,0,6
0x417fd9,100%,0,6,6,0,0,0,6
0x47dd2d,100%,0,6,6,0,0,0,6
0x47db28,100%,0,6,6,6,0,0,0
0x47db1e,100%,0,6,6,0,0,0,6
0x47da24,100%,0,6,6,0,0,0,6
0x5eefb9,100%,0,46,46,0,0,0,46
0x476488,100%,0,125,125,0,0,0,125
0x4b96f9,100%,0,1,1,0,0,0,1
0x4ce366,100%,0,118,118,118,0,0,0
0x4c0311,100%,0,2066,2066,2066,0,0,0
0x4bac2c,100%,0,1,1,0,0,0,1
0x47b4e2,100%,0,5792,5792,0,0,0,5792
0x4c4b2a,100%,0,217870,217870,217870,0,0,0
0x478b9a,100%,0,224,224,224,0,0,0
0x5f0698,100%,0,1,1,0,0,0,1
0x46c841,100%,0,112,112,112,0,0,0
0x47ce88,100%,0,118,118,0,0,0,118
0x47cd4e,100%,0,118,118,118,0,0,0
0x4cc4cc,100%,0,387,387,387,0,0,0
0x47aa76,100%,0,459,459,0,0,0,459
0x4ba86b,100%,0,56153,56153,0,0,0,56153
0x4d57c8,100%,0,146,146,0,0,0,146
0x47cb90,100%,0,118,118,0,0,0,118
0x4d96f7,100%,0,159,159,0,0,0,159
0x4d5f1f,100%,0,118,118,0,0,0,118
0x478cfa,100%,0,112,112,0,0,0,112
0x4be654,100%,0,11426,11426,11426,0,0,0
0x5114de,100%,0,280940,280940,280940,0,0,0
0x4cb3f9,100%,0,1,1,1,0,0,0
0x6068ae,100%,0,116,116,0,0,0,116
0x4bc1e8,100%,0,1944,1944,0,0,0,1944
0x478aa9,100%,0,226,226,226,0,0,0
0x5f25c7,100%,0,44,44,0,0,0,44
0x4d5747,100%,0,146,146,0,0,0,146
0x5f06c6,100%,0,1,1,0,0,0,1
0x4cb4ce,100%,0,311,311,0,0,0,311
0x46c43a,100%,0,1,1,0,0,0,1
0x46c9d5,100%,0,112,112,112,0,0,0
0x4b95c5,100%,0,126,126,126,0,0,0
0x4bc11c,100%,0,2083,2083,1944,0,0,139
0x4c40b8,100%,0,3007,3007,0,0,0,3007
0x4c63b6,100%,0,3904,3904,0,0,0,3904
0x4bc2c1,100%,0,1937,1937,0,0,0,1937
0x4c4e7e,100%,0,6,6,3,0,0,3
0x5fa256,100%,0,11,11,0,0,0,11
0x4ba3f2,100%,0,21315,21315,0,0,0,21315
0x50fb51,100%,0,69,69,0,0,0,69
0x4ba395,100%,0,21316,21316,21316,0,0,0
0x5f1dbd,100%,0,1,1,0,0,0,1
0x4ba35a,100%,0,4240,4240,0,0,0,4240
0x478b4e,100%,0,2,2,0,0,0,2
0x4b9f3d,100%,0,1910,1910,1910,0,0,0
0x4b9e84,100%,0,4240,4240,4240,0,0,0
0x419616,100%,0,1,1,0,0,0,1
0x4ca369,100%,0,280895,280895,280895,0,0,0
0x4cec5e,100%,0,112,112,112,0,0,0
0x479817,100%,0,6,6,0,0,0,6
0x476182,100%,0,11838,11838,0,0,0,11838
0x4dfb96,100%,0,1,1,0,0,0,1
0x46c8aa,100%,0,112,112,0,0,0,112
0x5f2dcd,100%,0,2,2,0,0,0,2
0x4195fe,100%,0,1,1,0,0,0,1
0x4ce2ae,100%,0,281132,281132,281132,0,0,0
0x5f046a,100%,0,45,45,0,0,0,45
0x46c7e8,100%,0,112,112,0,0,0,112
0x4df717,100%,0,1,1,0,0,0,1
0x4cdf27,100%,0,275,275,275,0,0,0
0x47b3dd,100%,0,5792,5792,0,0,0,5792
0x4e0b42,100%,0,1,1,0,0,0,1
0x5fac08,100%,0,1,1,0,0,0,1
0x4cf769,100%,0,1,1,0,0,0,1
0x4d5716,100%,0,1,1,0,0,0,1
0x4c6e4e,100%,0,3863,3863,3863,0,0,0
0x5f053e,100%,0,1,1,0,0,0,1
0x477117,100%,0,1,1,0,0,0,1
0x477095,100%,0,1,1,0,0,0,1
0x5f2d2e,100%,0,2,2,0,0,0,2
0x4e2c34,100%,0,3,3,0,0,0,3
0x4cfad9,100%,0,1,1,1,0,0,0
0x4d8a5f,100%,0,1,1,0,0,0,1
0x4e28ae,100%,0,11,11,0,0,0,11
0x4e2720,100%,0,11,11,0,0,0,11
0x4e17a8,100%,0,1,1,0,0,0,1
0x4e14a5,100%,0,1,1,0,0,0,1
0x4dfb1f,100%,0,1,1,0,0,0,1
0x428640,100%,0,1,1,0,0,0,1
0x428625,100%,0,1,1,0,0,0,1
0x4bc35e,100%,0,1937,1937,1937,0,0,0
0x4bbd89,100%,0,2038,2038,0,0,0,2038
0x4e2c0b,100%,0,11,11,0,0,0,11
0x5fa536,100%,0,1,1,0,0,0,1
0x4e09a3,100%,0,11,11,0,0,0,11
0x5f2e20,100%,0,2,2,0,0,0,2
0x4e069b,100%,0,11,11,0,0,0,11
0x4e05dd,100%,0,11,11,0,0,0,11
0x4df31c,100%,0,11,11,0,0,0,11
0x4df12a,100%,0,3,3,0,0,0,3
0x4decae,100%,0,1,1,0,0,0,1
0x4deb18,100%,0,3,3,0,0,0,3
0x4deaee,100%,0,3,3,0,0,0,3
0x5f2e06,100%,0,2,2,0,0,0,2
0x4cb5ee,100%,0,22,22,0,0,0,22
0x4c40c5,100%,0,3035,3035,0,0,0,3035
0x4c4073,100%,0,3007,3007,0,0,0,3007
0x4bbdc7,100%,0,2038,2038,2038,0,0,0
0x4cbd8c,100%,0,25,25,0,0,0,25
0x4cb97a,100%,0,25,25,0,0,0,25
0x4c4392,100%,0,3863,3863,3863,0,0,0
0x4c4386,100%,0,3863,3863,0,0,0,3863
0x4bd3fd,100%,0,35,35,0,0,0,35
0x41b1e9,100%,0,1,1,0,0,0,1
0x4570d0,100%,0,1,1,0,0,0,1
0x5f1ea7,100%,0,1,1,0,0,0,1
0x4e2b65,100%,0,1,1,0,0,0,1
0x5f2e1b,100%,0,2,2,0,0,0,2
0x5f0533,100%,0,1,1,0,0,0,1
0x463a97,100%,0,1,1,0,0,0,1
0x5ef122,100%,0,1,1,0,0,0,1
0x4cbd2c,100%,0,25,25,0,0,0,25
0x5f2082,100%,0,1,1,0,0,0,1
0x5f1dd2,100%,0,1,1,0,0,0,1
0x5f1d55,100%,0,2,2,0,0,0,2
0x5f2d93,100%,0,2,2,0,0,0,2
0x5f2d40,100%,0,2,2,0,0,0,2
0x50f4f9,100%,0,2,2,0,0,0,2
0x4769d7,100%,0,2,2,0,0,0,2
0x476969,100%,0,2,2,0,0,0,2
0x4e1571,100%,0,10,10,0,0,0,10
0x4e1024,100%,0,10,10,0,0,0,10
0x4e0e07,100%,0,10,10,0,0,0,10
0x4d74e3,100%,0,9,9,0,0,0,9
0x4cbd04,100%,0,25,25,0,0,0,25
0x4bb032,100%,0,1,1,0,0,0,1
0x47807a,100%,0,2,2,0,0,0,2
0x50fdf1,100%,0,17,17,0,0,0,17
0x4d0831,100%,0,2,2,0,0,0,2
0x4d0b3d,100%,0,2,2,0,0,0,2
0x478306,100%,0,2,2,0,0,0,2
0x4782c6,100%,0,2,2,0,0,0,2
0x5f0559,100%,0,1,1,1,0,0,0
0x47820b,100%,0,2,2,0,0,0,2
0x46c384,100%,0,1,1,0,0,0,1
0x4765d3,100%,0,3,3,0,0,0,3
0x47650c,100%,0,4,4,0,0,0,4
0x60a1d1,100%,0,17,17,0,0,0,17
0x60a1b8,100%,0,13,13,0,0,0,13
0x4d645b,100%,0,5,5,0,0,0,5
0x4d6300,100%,0,4,4,0,0,0,4
0x4780cf,100%,0,2,2,2,0,0,0
0x4bac0f,100%,0,1,1,0,0,0,1
0x4d7553,100%,0,9,9,0,0,0,9
0x476bd6,100%,0,2,2,0,0,0,2
0x4c6ac5,100%,0,313,313,0,0,0,313
0x4d57d9,100%,0,4,4,0,0,0,4
0x5f1efa,100%,0,1,1,0,0,0,1
0x5f1eda,100%,0,1,1,0,0,0,1
0x4d5e00,100%,0,5,5,0,0,0,5
0x47831f,100%,0,2,2,0,0,0,2
0x4d5df4,100%,0,5,5,0,0,0,5
0x47af53,100%,0,8,8,0,0,0,8
0x47af45,100%,0,8,8,0,0,0,8
0x47af39,100%,0,8,8,0,0,0,8
0x4bac1a,100%,0,1,1,1,0,0,0
0x4196ce,100%,0,1,1,1,0,0,0
0x4e2682,100%,0,1,1,0,0,0,1
0x463a88,100%,0,1,1,0,0,0,1
0x463a6a,100%,0,1,1,0,0,0,1
0x47a3e8,100%,0,1,1,0,0,0,1
0x47a3e4,100%,0,1,1,0,0,0,1
0x47a3da,100%,0,1,1,0,0,0,1
0x47a3d1,100%,0,1,1,0,0,0,1
0x4cbd28,100%,0,25,25,0,0,0,25
0x47a2be,100%,0,1,1,0,0,0,1
0x46d9b4,100%,0,1,1,0,0,0,1
0x46d95c,100%,0,1,1,1,0,0,0
0x46d897,100%,0,1,1,0,0,0,1
0x46d868,100%,0,1,1,0,0,0,1
0x46d860,100%,0,1,1,0,0,0,1
0x46d848,100%,0,1,1,0,0,0,1
0x46d82d,100%,0,1,1,0,0,0,1
0x4761a7,100%,0,139,139,0,0,0,139
0x46d66d,100%,0,1,1,0,0,0,1
0x46d65b,100%,0,1,1,0,0,0,1
0x46d198,100%,0,1,1,0,0,0,1
0x46d140,100%,0,1,1,0,0,0,1
0x47661d,100%,0,1,1,0,0,0,1
0x4d314a,100%,0,3,3,0,0,0,3
0x477f48,100%,0,2,2,0,0,0,2
0x4cc6a1,100%,0,6,6,0,0,0,6
0x47c90a,100%,0,1,1,0,0,0,1
0x477db9,100%,0,4,4,0,0,0,4
0x477daa,100%,0,4,4,0,0,0,4
0x478145,100%,0,2,2,0,0,0,2
0x4d8a4c,100%,0,1,1,0,0,0,1
0x5ef1f8,100%,0,1,1,0,0,0,1
0x4d575a,100%,0,146,146,146,0,0,0
0x47cbbc,100%,0,112,112,0,0,0,112
0x5eefc3,100%,0,46,46,0,0,0,46
0x47628b,100%,0,125,125,125,0,0,0
0x4be851,100%,0,11426,11426,11425,0,0,1
0x4ba427,100%,0,4239,4239,4239,0,0,0
0x47ca8a,100%,0,117,117,0,0,0,117
0x476de2,100%,0,2,2,0,0,0,2
0x4d8eb3,100%,0,44,44,0,0,0,44
0x4cfc0f,100%,0,14,14,0,0,0,14
0x479bb3,100%,0,5794,5794,5794,0,0,0
0x4bacf7,100%,0,3102,3102,3102,0,0,0
0x47ac82,100%,0,151,151,0,0,0,151
0x417f1b,100%,0,466,466,466,0,0,0
0x4bb2c6,100%,0,2240,2240,2240,0,0,0
0x479e45,100%,0,4895,4895,4894,0,0,1
0x5ef114,100%,0,1,1,0,0,0,1
0x47d1d8,100%,0,118,118,0,0,0,118
0x4bbd96,100%,0,2038,2038,0,0,0,2038
0x47d27a,100%,0,118,118,118,0,0,0
0x4ba642,100%,0,232,232,232,0,0,0
0x4d5847,100%,0,118,118,118,0,0,0
0x402801,100%,0,112,112,112,0,0,0
0x476e94,100%,0,118,118,0,0,0,118
0x5f06ed,100%,0,1,1,0,0,0,1
0x47b1b7,100%,0,5904,5904,5904,0,0,0
0x4cc858,100%,0,131,131,0,0,0,131
0x4e2894,100%,0,11,11,0,0,0,11
0x478b92,100%,0,224,224,0,0,0,224
0x4c593e,100%,0,41,41,41,0,0,0
0x5f1d4d,100%,0,2,2,0,0,0,2
0x418b53,100%,0,496,496,453,0,0,43
0x46c918,100%,0,112,112,0,0,0,112
0x40189e,100%,0,5792,5792,5792,0,0,0
0x5ef09e,100%,0,45,45,45,0,0,0
0x46d07f,100%,0,112,112,112,0,0,0
0x4761f7,100%,0,11699,11699,0,0,0,11699
0x47695b,100%,0,2,2,0,0,0,2
0x5f2c2a,100%,0,44,44,0,0,0,44
0x4770b0,100%,0,1,1,0,0,0,1
0x463b97,100%,0,112,112,112,0,0,0
0x608b6e,100%,0,14,14,0,0,0,14
0x47d3ad,100%,0,118,118,0,0,0,118
0x41b305,100%,0,1,1,0,0,0,1
0x47ab03,100%,0,300,300,0,0,0,300
0x4b9595,100%,0,3974,3974,0,0,0,3974
0x4c5754,100%,0,142,142,142,0,0,0
0x47b198,100%,0,5904,5904,0,0,0,5904
0x476172,100%,0,11838,11838,0,0,0,11838
0x4bc7c0,100%,0,44,44,44,0,0,0
0x4d8f30,100%,0,44,44,0,0,0,44
0x47cd5f,100%,0,118,118,0,0,0,118
0x5f1ebd,100%,0,1,1,0,0,0,1
0x47cabd,100%,0,117,117,0,0,0,117
0x47aa7e,100%,0,448,448,0,0,0,448
0x4df132,100%,0,3,3,0,0,0,3
0x418c92,100%,0,1,1,0,0,0,1
0x4be450,100%,0,44,44,0,0,0,44
0x4c9ef0,100%,0,2245,2245,2245,0,0,0
0x4b9054,100%,0,8064,8064,0,0,0,8064
0x5ef08f,100%,0,45,45,45,0,0,0
0x4766bb,100%,0,5792,5792,5792,0,0,0
0x418c0d,100%,0,5,5,0,0,0,5
0x4be9a0,100%,0,5370,5370,0,0,0,5370
0x4bc206,100%,0,1937,1937,1937,0,0,0
0x4c3715,100%,0,280896,280896,280896,0,0,0
0x4b8baa,100%,0,4895,4895,4895,0,0,0
0x4ba002,100%,0,48,48,0,0,0,48
0x4ca09e,100%,0,252341,252341,252341,0,0,0
0x4b8bd8,100%,0,4895,4895,4895,0,0,0
0x478bdb,100%,0,224,224,0,0,0,224
0x4c5a6a,100%,0,69413,69413,69413,0,0,0
0x4ba981,100%,0,4031,4031,4031,0,0,0
0x476fc9,100%,0,264,264,264,0,0,0
0x4b8eb9,100%,0,4032,4032,4032,0,0,0
0x4d8ff1,100%,0,159,159,0,0,0,159
0x401895,100%,0,5792,5792,0,0,0,5792
0x4bee73,100%,0,201334,201334,0,0,0,201334
0x4cf853,100%,0,45,45,45,0,0,0
0x477f0f,100%,0,14,14,0,0,0,14
0x5ef103,100%,0,1,1,0,0,0,1
0x4b8d89,100%,0,4895,4895,0,0,0,4895
0x476127,100%,0,448,448,0,0,0,448
0x4d5839,100%,0,118,118,0,0,0,118
0x50f4f4,100%,0,2,2,0,0,0,2
0x4b8b7b,100%,0,4895,4895,0,0,0,4895
0x478ce9,100%,0,112,112,0,0,0,112
0x47d2e5,100%,0,118,118,118,0,0,0
0x479baa,100%,0,5794,5794,0,0,0,5794
0x476158,100%,0,11838,11838,11838,0,0,0
0x4b8fec,100%,0,4032,4032,0,0,0,4032
0x5f2c43,100%,0,44,44,0,0,0,44
0x609828,100%,0,1,1,0,0,0,1
0x4b9131,100%,0,4032,4032,0,0,0,4032
0x50fb99,100%,0,371,371,371,0,0,0
0x4b9568,100%,0,4032,4032,0,0,0,4032
0x47d267,100%,0,118,118,0,0,0,118
0x5f261b,100%,0,44,44,0,0,0,44
0x46d653,100%,0,1,1,0,0,0,1
0x47b3f1,100%,0,5792,5792,5792,0,0,0
0x4028cb,100%,0,112,112,112,0,0,0
0x47618c,100%,0,11838,11838,11838,0,0,0
0x408df6,100%,0,3,3,0,0,0,3
0x5f2635,100%,0,44,44,0,0,0,44
0x401847,100%,0,5792,5792,5792,0,0,0
0x46d0ba,100%,0,112,112,0,0,0,112
0x476648,100%,0,5792,5792,5792,0,0,0
0x476e73,100%,0,118,118,118,0,0,0
0x4189fd,100%,0,464,464,0,0,0,464
0x47c7f7,100%,0,117,117,0,0,0,117
0x5f2627,100%,0,44,44,0,0,0,44
0x4bac04,100%,0,1,1,0,0,0,1
0x5ef130,100%,0,1,1,0,0,0,1
0x47a1c0,100%,0,5793,5793,5793,0,0,0
0x476199,100%,0,11838,11838,11699,0,0,139
0x46c7fc,100%,0,112,112,0,0,0,112
0x4d579c,100%,0,146,146,146,0,0,0
0x47b19e,100%,0,5904,5904,0,0,0,5904
0x4ca086,100%,0,533235,533235,0,0,0,533235
0x4d5bff,100%,0,118,118,118,0,0,0
0x463c3a,100%,0,112,112,112,0,0,0
0x4ce32e,100%,0,118,118,118,0,0,0
0x4bc5eb,100%,0,5699,5699,0,0,0,5699
0x479c8c,100%,0,4895,4895,4895,0,0,0
0x4bbda1,100%,0,2038,2038,2038,0,0,0
0x479e08,100%,0,4895,4895,0,0,0,4895
0x4cc719,100%,0,136,136,0,0,0,136
0x479b22,100%,0,5794,5794,0,0,0,5794
0x417e61,100%,0,466,466,466,0,0,0
0x4c5afd,100%,0,69413,69413,69413,0,0,0
0x478cf4,100%,0,112,112,0,0,0,112
0x477178,100%,0,461,461,461,0,0,0
0x418a04,100%,0,464,464,0,0,0,464
0x4be9ff,100%,0,11032,11032,0,0,0,11032
0x417e2b,100%,0,466,466,0,0,0,466
0x4cd4a3,100%,0,112,112,112,0,0,0
0x478bef,100%,0,224,224,224,0,0,0
0x4b8f6e,100%,0,4032,4032,0,0,0,4032
0x47aa36,100%,0,459,459,459,0,0,0
0x479c02,100%,0,5794,5794,5794,0,0,0
0x47649e,100%,0,125,125,125,0,0,0
0x4d583e,100%,0,118,118,0,0,0,118
0x4cb4d7,100%,0,311,311,311,0,0,0
0x42102e,100%,0,6,6,0,0,0,6
0x476e8b,100%,0,118,118,0,0,0,118
0x4cc33d,100%,0,37622,37622,37622,0,0,0
0x479b97,100%,0,5794,5794,0,0,0,5794
0x4c40d3,100%,0,3035,3035,0,0,0,3035
0x4c9e23,100%,0,2246,2246,2246,0,0,0
0x4bd486,100%,0,3033,3033,3033,0,0,0
0x418fdf,100%,0,1,1,0,0,0,1
0x4c77df,100%,0,41,41,41,0,0,0
0x4d5abb,100%,0,19,19,19,0,0,0
0x40187d,100%,0,5792,5792,0,0,0,5792
0x4cc926,100%,0,112,112,112,0,0,0
0x46c9fb,100%,0,112,112,0,0,0,112
0x4c4806,100%,0,142,142,0,0,0,142
0x4c5985,100%,0,69458,69458,41,0,0,69417
0x463c54,100%,0,112,112,112,0,0,0
0x419345,100%,0,306,306,0,0,0,306
0x4d5a6f,100%,0,137,137,137,0,0,0
0x47619e,100%,0,139,139,0,0,0,139
0x47a9a0,100%,0,459,459,459,0,0,0
0x47ab38,100%,0,159,159,159,0,0,0
0x4be8e0,100%,0,11426,11426,0,0,0,11426
0x4bc233,100%,0,8,8,0,0,0,8
0x4df214,100%,0,7,7,0,0,0,7
0x47d3c9,100%,0,5954,5954,0,0,0,5954
0x47aaf6,100%,0,300,300,0,0,0,300
0x419425,100%,0,459,459,459,0,0,0
0x41934b,100%,0,306,306,306,0,0,0
0x418b72,100%,0,453,453,453,0,0,0
0x4027f1,100%,0,112,112,112,0,0,0
0x4ba52f,100%,0,2456,2456,2456,0,0,0
0x5ef0c2,100%,0,1,1,0,0,0,1
0x476e48,100%,0,118,118,0,0,0,118
0x47d440,100%,0,118,118,118,0,0,0
0x46c79b,100%,0,112,112,0,0,0,112
0x4c1cfc,100%,0,2066,2066,2066,0,0,0
0x41b1d4,100%,0,1,1,0,0,0,1
0x4c7861,100%,0,41,41,41,0,0,0
0x417fa0,100%,0,466,466,0,0,0,466
0x5f1d37,100%,0,2,2,0,0,0,2
0x4d63e5,100%,0,14,14,0,0,0,14
0x50afff,100%,0,80839,80839,80839,0,0,0
0x417f16,100%,0,466,466,0,0,0,466
0x50fd0e,100%,0,86,86,86,0,0,0
0x463c1b,100%,0,112,112,0,0,0,112
0x46c8b7,100%,0,112,112,0,0,0,112
0x476059,100%,0,232,232,232,0,0,0
0x4cd431,100%,0,47,47,0,0,0,47
0x47b153,100%,0,5904,5904,5904,0,0,0
0x47b3e2,100%,0,5792,5792,0,0,0,5792
0x4c3b0a,100%,0,2979,2979,0,0,0,2979
0x4baf12,100%,0,3102,3102,0,0,0,3102
0x47b4ea,100%,0,5792,5792,112,0,0,5680
0x4b9cb7,100%,0,122,122,122,0,0,0
0x5f1d80,100%,0,2,2,0,0,0,2
0x4d642e,100%,0,14,14,0,0,0,14
0x46d36d,100%,0,1,1,0,0,0,1
0x4ba7d1,100%,0,232,232,0,0,0,232
0x4cc596,100%,0,285201,285201,0,0,0,285201
0x476231,100%,0,5905,5905,0,0,0,5905
0x4c5993,100%,0,69417,69417,0,0,0,69417
0x5ef01a,100%,0,45,45,0,0,0,45
0x479b47,100%,0,5792,5792,5792,0,0,0
0x4760f5,100%,0,448,448,448,0,0,0
0x4df1dc,100%,0,11,11,0,0,0,11
0x4b95a5,100%,0,3840,3840,3840,0,0,0
0x5f1d77,100%,0,2,2,0,0,0,2
0x479acf,100%,0,5794,5794,0,0,0,5794
0x47c9e4,100%,0,117,117,0,0,0,117
0x418b5c,100%,0,43,43,43,0,0,0
0x4ba639,100%,0,232,232,0,0,0,232
0x4ca3ee,100%,0,280895,280895,280895,0,0,0
0x4d63ae,100%,0,15,15,0,0,0,15
0x4cc637,100%,0,285786,285786,0,0,0,285786
0x4cfc22,100%,0,133,133,119,0,0,14
0x46d950,100%,0,1,1,0,0,0,1
0x4c7aab,100%,0,41,41,41,0,0,0
0x606902,100%,0,672,672,672,0,0,0
0x40289c,100%,0,112,112,112,0,0,0
0x4cc712,100%,0,136,136,0,0,0,136
0x4d0701,100%,0,118,118,0,0,0,118
0x5f0c2b,100%,0,1,1,0,0,0,1
0x47d426,100%,0,118,118,118,0,0,0
0x46c781,100%,0,112,112,0,0,0,112
0x4cce6e,100%,0,112,112,0,0,0,112
0x4b9585,100%,0,58,58,0,0,0,58
0x47b23e,100%,0,5904,5904,0,0,0,5904
0x4beb83,100%,0,44,44,44,0,0,0
0x4cc832,100%,0,131,131,131,0,0,0
0x4c24e6,100%,0,4032,4032,4032,0,0,0
0x476201,100%,0,11699,11699,0,0,0,11699
0x50fa94,100%,0,7630,7630,0,0,0,7630
0x479c60,100%,0,5794,5794,0,0,0,5794
0x47b249,100%,0,5904,5904,0,0,0,5904
0x47cbc5,100%,0,112,112,112,0,0,0
0x4b93e3,100%,0,4032,4032,4032,0,0,0
0x476c68,100%,0,2,2,0,0,0,2
0x47b39e,100%,0,5792,5792,0,0,0,5792
0x47707b,100%,0,461,461,0,0,0,461
0x4762c0,100%,0,125,125,125,0,0,0
0x47a1f0,100%,0,5793,5793,5793,0,0,0
0x47c9bb,100%,0,117,117,0,0,0,117
0x417f3a,100%,0,466,466,0,0,0,466
0x47b18a,100%,0,5904,5904,0,0,0,5904
0x478b02,100%,0,224,224,224,0,0,0
0x47643c,100%,0,125,125,125,0,0,0
0x4c4d21,100%,0,12019,12019,0,0,0,12019
0x4766a1,100%,0,5792,5792,0,0,0,5792
0x479e14,100%,0,4895,4895,0,0,0,4895
0x50fc7e,100%,0,371,371,0,0,0,371
0x419018,100%,0,306,306,306,0,0,0
