Branch PC,Accuracy,Mispredictions,Correct Predictions,Total,dir_t_pred_t,dir_t_pred_nt,dir_nt_pred_t,dir_nt_pred_nt
aggregate,99.0292%,229785,23440091,23669876,10745757,110313,119472,12694334
0x4bedf9,88.9514%,40029,322270,362299,224367,13645,26384,97903
0x4c5c06,79.6381%,9701,37942,47643,25380,4348,5353,12562
0x4c8761,94.8515%,9533,175629,185162,37792,2932,6601,137837
0x50fc12,96.775%,5807,174253,180060,941,4970,837,173312
0x4bf7d5,97.6218%,4258,174787,179045,56,4159,99,174731
0x4be97a,62.2272%,3843,6331,10174,2793,2117,1726,3538
0x4c5c31,77.3778%,3796,12984,16780,10625,1061,2735,2359
0x4bd2f8,87.9551%,3282,23966,27248,706,2868,414,23260
0x418a69,93.4715%,3256,46618,49874,44393,761,2495,2225
0x418b3c,90.2835%,3211,29836,33047,23561,1029,2182,6275
0x407405,78.6518%,3151,11609,14760,6072,1364,1787,5537
0x4bedd7,99.1513%,3101,362272,365373,0,3074,27,362272
0x60a1b6,87.1037%,2713,18324,21037,4996,1510,1203,13328
0x4c6bb0,98.3116%,2239,130369,132608,287,2147,92,130082
0x4c2680,86.5961%,2230,14407,16637,9860,897,1333,4547
0x4bf8b4,98.7957%,2156,176870,179026,175791,138,2018,1079
0x407c1b,87.5805%,1755,12376,14131,12157,200,1555,219
0x50feb6,90.9847%,1681,16965,18646,7277,1215,466,9688
0x50fcd4,94.8872%,1577,29267,30844,177,1396,181,29090
0x4d61ab,89.7659%,1495,13113,14608,5777,855,640,7336
0x5f04b5,87.3962%,1366,9472,10838,2397,815,551,7075
0x4c9fcb,94.5965%,1301,22776,24077,8362,1032,269,14414
0x50fc1e,99.2638%,1282,172867,174149,172850,39,1243,17
0x5ef06f,88.6078%,1234,9598,10832,1730,761,473,7868
0x4bf7d9,99.3016%,1221,173609,174830,173608,36,1185,1
0x4ba40c,89.3583%,1199,10068,11267,8592,182,1017,1476
0x4cc5de,99.5493%,1179,260403,261582,19543,603,576,240860
0x460104,98.2614%,1152,65107,66259,59541,201,951,5566
0x479c65,90.6433%,1120,10850,11970,1521,771,349,9329
0x46ffa3,95.9954%,1104,26464,27568,15540,490,614,10924
0x4600f2,98.3972%,1062,65197,66259,53783,267,795,11414
0x4cc720,94.2267%,1040,16974,18014,6574,513,527,10400
0x50fcff,96.646%,1022,29449,30471,29397,95,927,52
0x4d89f3,95.9735%,1004,23931,24935,17140,477,527,6791
0x4b8dbd,93.1259%,983,13317,14300,7539,525,458,5778
0x418b12,96.773%,978,29329,30307,1284,637,341,28045
0x4cd45f,93.2163%,970,13329,14299,8288,398,572,5041
0x5f0a7e,76.2873%,875,2815,3690,1539,423,452,1276
0x4c6bb9,99.3363%,864,129310,130174,129249,33,831,61
0x47700b,97.5608%,857,34278,35135,17233,493,364,17045
0x4d7566,91.1715%,844,8716,9560,1903,484,360,6813
0x4be9c1,82.028%,833,3802,4635,3759,88,745,43
0x475f65,98.4566%,830,52948,53778,49002,254,576,3946
0x418bc7,81.4221%,823,3607,4430,1107,471,352,2500
0x4be9b3,85.2207%,817,4711,5528,315,578,239,4396
0x4195f8,74.0106%,788,2244,3032,1093,431,357,1151
0x419ace,56.0624%,761,971,1732,438,409,352,533
0x4ca08a,99.7714%,760,331671,332431,184009,348,412,147662
0x4c5c1f,95.7512%,750,16902,17652,308,564,186,16594
0x5f052a,84.3967%,719,3889,4608,889,414,305,3000
0x41a557,91.8882%,708,8020,8728,3568,377,331,4452
0x419aa8,59.8864%,706,1054,1760,208,440,266,846
0x50fe02,97.5172%,684,26866,27550,26830,65,619,36
0x4c9ecc,97.4564%,684,26207,26891,13763,457,227,12444
0x46ff02,97.4382%,680,25864,26544,14565,425,255,11299
0x4d62f0,95.5199%,661,14093,14754,9189,255,406,4904
0x4761b1,84.9806%,658,3723,4381,1990,191,467,1733
0x50fcf7,80.8069%,647,2724,3371,1852,319,328,872
0x419b44,63.4527%,633,1099,1732,190,430,203,909
0x4c39de,99.9164%,632,755481,756113,3142,474,158,752339
0x47b38c,94.8431%,618,11366,11984,1283,481,137,10083
0x4c4988,92.5143%,613,7576,8189,1950,521,92,5626
0x4d8a24,96.7191%,578,17039,17617,13893,204,374,3146
0x4d8ed3,96.1953%,572,14462,15034,3394,306,266,11068
0x4cfc07,96.1821%,550,13856,14406,5600,269,281,8256
0x4c02ce,82.3357%,543,2531,3074,482,347,196,2049
0x477016,96.8867%,542,16867,17409,10211,245,297,6656
0x4cd289,99.7932%,541,261041,261582,40221,286,255,220820
0x5f06a5,91.809%,537,6019,6556,970,383,154,5049
0x47aacd,97.9103%,536,25114,25650,12079,280,256,13035
0x5eefe5,95.7273%,532,11919,12451,1251,368,164,10668
0x5ee959,83.6505%,524,2681,3205,176,358,166,2505
0x4dab43,93.0873%,517,6962,7479,109,459,58,6853
0x4cbcb0,89.224%,511,4231,4742,3118,249,262,1113
0x5f0495,95.9474%,505,11956,12461,1322,301,204,10634
0x4ca0c8,99.6637%,498,147576,148074,136859,162,336,10717
0x41b00a,70.6406%,495,1191,1686,599,264,231,592
0x606824,93.21%,488,6699,7187,2886,280,208,3813
0x41b031,87.5434%,466,3275,3741,2719,199,267,556
0x60683a,93.6135%,459,6728,7187,2717,201,258,4011
0x5f06dc,74.6821%,458,1351,1809,562,251,207,789
0x47ac7e,95.5551%,454,9760,10214,2248,277,177,7512
0x50fdec,98.3475%,452,26900,27352,26895,17,435,5
0x4bdcfc,96.614%,452,12897,13349,12625,85,367,272
0x4cc906,97.5269%,446,17588,18034,5518,268,178,12070
0x4cb63f,94.0027%,445,6975,7420,3446,173,272,3529
0x50fb20,95.2944%,438,8870,9308,1847,230,208,7023
0x402047,93.4147%,437,6199,6636,3241,273,164,2958
0x5f0a87,75.1157%,430,1298,1728,1162,151,279,136
0x60a1c2,97.0546%,428,14103,14531,13528,160,268,575
0x4c7ef0,91.1617%,423,4363,4786,4177,69,354,186
0x50fde6,98.5333%,407,27343,27750,13,385,22,27330
0x4cc5f3,99.8347%,399,241037,241436,206461,194,205,34576
0x5f1d80,86.5657%,399,2571,2970,784,230,169,1787
0x47aa0d,98.4857%,385,25039,25424,9684,242,143,15355
0x4c4ccb,97.7243%,385,16533,16918,2718,230,155,13815
0x4cbcea,94.2977%,380,6284,6664,57,329,51,6227
0x41a45f,94.5425%,374,6479,6853,4680,103,271,1799
0x4ba510,94.2773%,369,6079,6448,1029,259,110,5050
0x4d5830,96.4731%,368,10066,10434,3056,190,178,7010
0x418b5c,95.6486%,368,8089,8457,7784,157,211,305
0x41afe5,81.8407%,367,1654,2021,1630,56,311,24
0x4ba887,99.1491%,360,41949,42309,41874,17,343,75
0x412145,95.6892%,359,7969,8328,7827,57,302,142
0x479190,96.1464%,357,8907,9264,5616,142,215,3291
0x4babeb,94.366%,355,5946,6301,4348,140,215,1598
0x47abc7,97.1681%,350,12009,12359,10095,119,231,1914
0x4bb1ce,91.2987%,337,3536,3873,2275,161,176,1261
0x5ee8c8,78.5714%,330,1210,1540,345,189,141,865
0x4d5777,98.8646%,321,27952,28273,26981,95,226,971
0x476206,98.9127%,317,28839,29156,15869,106,211,12970
0x476f4a,95.9726%,317,7554,7871,3783,142,175,3771
0x6067e7,95.8322%,314,7220,7534,1661,188,126,5559
0x428f7c,96.3891%,307,8195,8502,4306,140,167,3889
0x4b9426,96.827%,306,9338,9644,8325,123,183,1013
0x419006,98.8922%,304,27138,27442,11808,130,174,15330
0x47aa7a,98.8224%,301,25259,25560,5586,139,162,19673
0x4d0761,96.2635%,295,7600,7895,650,170,125,6950
0x50fb1a,97.2829%,295,10562,10857,1333,216,79,9229
0x50f593,98.7712%,291,23391,23682,13104,152,139,10287
0x4c64da,99.7632%,287,120890,121177,63719,122,165,57171
0x479c1f,97.5808%,286,11536,11822,9790,145,141,1746
0x606902,94.0436%,284,4484,4768,4181,80,204,303
0x4cb4c0,87.9487%,282,2058,2340,1383,148,134,675
0x5ee980,91.3573%,277,2928,3205,2905,82,195,23
0x418c07,82.6362%,274,1304,1578,1045,105,169,259
0x4c9e62,98.9922%,271,26620,26891,13356,121,150,13264
0x477f52,68.3589%,268,579,847,428,95,173,151
0x4c5c18,98.5096%,267,17648,17915,20,243,24,17628
0x428f58,97.0457%,265,8705,8970,3942,114,151,4763
0x4bf6d4,98.6311%,261,18806,19067,18799,10,251,7
0x60a172,98.5588%,260,17781,18041,14718,113,147,3063
0x6068d8,95.7454%,258,5806,6064,1108,188,70,4698
0x606813,96.4241%,257,6930,7187,6548,119,138,382
0x4c4407,98.0127%,254,12527,12781,10251,95,159,2276
0x5f1efa,80.6154%,252,1048,1300,680,114,138,368
0x5ef191,84.4348%,252,1367,1619,1086,87,165,281
0x418e6b,88.6835%,251,1967,2218,1485,90,161,482
0x4d8ee8,94.3013%,250,4137,4387,563,167,83,3574
0x4d89f8,96.5974%,249,7069,7318,2141,159,90,4928
0x4700d9,99.0716%,246,26250,26496,14897,77,169,11353
0x6067ec,96.5772%,246,6941,7187,6363,103,143,578
0x4b93e3,97.4492%,246,9398,9644,5654,144,102,3744
0x4cbe7f,96.3566%,244,6453,6697,406,181,63,6047
0x445d65,83.6707%,242,1240,1482,675,105,137,565
0x4cb3a1,98.6131%,238,16922,17160,14096,85,153,2826
0x4d8eb3,98.5619%,237,16243,16480,1258,188,49,14985
0x5f06fa,95.2845%,237,4789,5026,4665,67,170,124
0x5f1eda,87.8125%,234,1686,1920,490,130,104,1196
0x4d63d9,97.2742%,233,8315,8548,347,147,86,7968
0x5ee9ce,92.7613%,232,2973,3205,27,165,67,2946
0x4c5c38,95.4456%,232,4862,5094,111,144,88,4751
0x479314,81.2756%,229,994,1223,384,126,103,610
0x4d8fbe,99.0856%,228,24707,24935,20955,84,144,3752
0x50fc56,90.7392%,228,2234,2462,2155,45,183,79
0x60a1d1,98.8759%,227,19967,20194,69,167,60,19898
0x47b8b8,92.1924%,224,2645,2869,970,103,121,1675
0x5fac65,72.0457%,220,567,787,70,156,64,497
0x50fce2,94.1774%,218,3526,3744,223,150,68,3303
0x4c4d6e,98.2307%,216,11992,12208,9056,123,93,2936
0x4791db,85.6764%,216,1292,1508,683,112,104,609
0x4c4d5b,98.7365%,213,16645,16858,4526,124,89,12119
0x4b8d89,98.5837%,212,14757,14969,494,175,37,14263
0x6067fc,97.092%,209,6978,7187,6858,64,145,120
0x4ba4e7,97.2266%,209,7327,7536,933,155,54,6394
0x4b9b6a,98.374%,209,12645,12854,12608,21,188,37
0x4bac3a,87.8966%,206,1496,1702,707,102,104,789
0x4d645b,95.6807%,204,4519,4723,1229,147,57,3290
0x4c5929,99.5761%,203,47688,47891,47291,41,162,397
0x417f89,99.3401%,198,29808,30006,1124,159,39,28684
0x4c230d,86.156%,197,1226,1423,844,82,115,382
0x418c7c,93.1239%,197,2668,2865,534,112,85,2134
0x4c4e24,98.6256%,192,13778,13970,9923,100,92,3855
0x41bb29,98.0605%,188,9505,9693,8894,96,92,611
0x4bd3e6,99.2642%,188,25362,25550,25358,15,173,4
0x47702b,98.9431%,184,17225,17409,15723,49,135,1502
0x476d30,97.9996%,183,8965,9148,4725,103,80,4240
0x48c6e2,98.0847%,181,9269,9450,5674,66,115,3595
0x4195eb,91.9065%,180,2044,2224,290,130,50,1754
0x4c584e,96.6779%,177,5151,5328,71,134,43,5080
0x4bbd18,95.3125%,177,3599,3776,1293,85,92,2306
0x4d3138,97.0695%,170,5631,5801,5207,75,95,424
0x428f9b,98.0122%,169,8333,8502,3469,119,50,4864
0x4c4416,93.2649%,164,2271,2435,1711,72,92,560
0x479ad8,98.4907%,161,10506,10667,9241,68,93,1265
0x48c7c6,98.0164%,160,7906,8066,3347,104,56,4559
0x4572c3,90.0312%,160,1445,1605,501,66,94,944
0x4b98d4,98.4959%,159,10412,10571,10306,4,155,106
0x50b030,99.7205%,159,56724,56883,19,138,21,56705
0x60a17c,99.1234%,159,17980,18139,16527,36,123,1453
0x4d5f70,98.9696%,158,15176,15334,14828,34,124,348
0x4d63ee,98.4412%,158,9978,10136,9937,29,129,41
0x47d3f9,99.105%,157,17385,17542,12546,62,95,4839
0x4bddbd,99.176%,152,18294,18446,18292,11,141,2
0x4ca304,99.9082%,152,165368,165520,165267,20,132,101
0x50fd04,84.5761%,151,828,979,814,29,122,14
0x45737a,89.5066%,151,1288,1439,415,75,76,873
0x476006,99.1287%,150,17065,17215,6842,105,45,10223
0x50fec1,98.5326%,149,10005,10154,1872,136,13,8133
0x4766bb,98.6805%,149,11143,11292,9658,61,88,1485
0x418936,99.5138%,148,30290,30438,30167,22,126,123
0x5fabf2,99.1988%,146,18076,18222,13482,59,87,4594
0x41afd0,93.7978%,146,2208,2354,230,103,43,1978
0x4cd43d,98.9789%,146,14153,14299,13028,73,73,1125
0x4b9f2e,95.2709%,144,2901,3045,805,73,71,2096
0x5f31a4,94.566%,144,2506,2650,2175,50,94,331
0x45718a,97.0087%,144,4670,4814,2789,64,80,1881
0x4790c8,98.4316%,142,8912,9054,8327,42,100,585
0x4d61bf,98.2322%,141,7835,7976,7362,43,98,473
0x47c85c,96.3761%,138,3670,3808,1747,60,78,1923
0x47d3d4,99.2247%,136,17406,17542,17239,24,112,167
0x5eea0b,91.1688%,136,1404,1540,1347,39,97,57
0x4b93f0,96.4639%,136,3710,3846,1852,49,87,1858
0x5f06ed,97.3664%,136,5028,5164,35,103,33,4993
0x5ef1f8,91.6615%,135,1484,1619,1292,53,82,192
0x4cb57a,98.3229%,134,7856,7990,7856,20,114,0
0x47b198,98.9062%,133,12026,12159,1491,82,51,10535
0x412f44,97.7826%,133,5865,5998,5857,13,120,8
0x4196a3,81.7039%,131,585,716,365,55,76,220
0x4bb2db,96.6176%,131,3742,3873,266,93,38,3476
0x4b9579,98.4353%,131,8241,8372,634,80,51,7607
0x476199,99.6124%,130,33413,33543,29127,29,101,4286
0x476ea6,97.0816%,128,4258,4386,3453,31,97,805
0x417f93,99.5578%,127,28596,28723,25709,29,98,2887
0x419636,91.6667%,127,1397,1524,1186,42,85,211
0x5fac08,97.3296%,125,4556,4681,3361,68,57,1195
0x4cf579,99.4069%,122,20449,20571,18697,27,95,1752
0x478067,96.4054%,122,3272,3394,570,82,40,2702
0x4cb46c,98.9271%,121,11157,11278,69,90,31,11088
0x4d3169,97.9142%,121,5680,5801,3047,67,54,2633
0x5f0510,97.5181%,120,4715,4835,144,83,37,4571
0x4d90a8,96.8742%,119,3688,3807,2367,61,58,1321
0x4bc125,92.8313%,119,1541,1660,878,54,65,663
0x4dadbb,93.2039%,119,1632,1751,1149,61,58,483
0x4b96a4,96.7466%,118,3509,3627,1964,70,48,1545
0x5f1f0f,76.6798%,118,388,506,295,52,66,93
0x50fac9,98.9725%,116,11174,11290,10842,15,101,332
0x4d64d3,99.2435%,116,15218,15334,14299,31,85,919
0x45714e,97.5904%,116,4698,4814,3753,37,79,945
0x46d169,93.7297%,116,1734,1850,1083,56,60,651
0x4c50c6,99.0582%,115,12096,12211,5617,82,33,6479
0x47ce2b,97.6998%,114,4842,4956,4668,19,95,174
0x4bb1b2,98.5308%,113,7578,7691,3761,57,56,3817
0x5fabec,99.4108%,112,18897,19009,708,79,33,18189
0x476575,97.2407%,112,3947,4059,3568,49,63,379
0x4bbd47,95.4508%,109,2287,2396,261,55,54,2026
0x50feaa,99.4197%,109,18676,18785,52,87,22,18624
0x4d816c,89.7436%,108,945,1053,711,30,78,234
0x50afff,99.8105%,108,56886,56994,56879,4,104,7
0x4c4ce1,97.9749%,108,5225,5333,3770,58,50,1455
0x47af30,98.9524%,107,10107,10214,7665,24,83,2442
0x46598d,98.9927%,107,10515,10622,72,74,33,10443
0x4c6e4e,98.5689%,106,7301,7407,4727,59,47,2574
0x4bf7b0,99.4493%,105,18960,19065,18805,13,92,155
0x4bb042,86.9888%,105,702,807,611,42,63,91
0x4ca8cb,97.9142%,104,4882,4986,2250,59,45,2632
0x418c0d,96.37%,104,2761,2865,232,70,34,2529
0x4b9488,90.925%,104,1042,1146,604,46,58,438
0x40224a,78.2051%,102,366,468,320,31,71,46
0x4be64b,98.9442%,102,9559,9661,2,101,1,9557
0x5f1d93,94.7853%,102,1854,1956,1844,19,83,10
0x478145,96.3166%,101,2641,2742,1062,61,40,1579
0x4d9118,97.4235%,101,3819,3920,451,81,20,3368
0x4a7a6d,83.5237%,101,512,613,381,42,59,131
0x606918,94.4537%,100,1703,1803,1452,47,53,251
0x46526b,99.5512%,99,21959,22058,21958,9,90,1
0x46d62a,91.3082%,99,1040,1139,265,49,50,775
0x4d6491,99.3609%,98,15236,15334,14162,41,57,1074
0x408da2,93.0065%,97,1290,1387,1290,21,76,0
0x48c6c4,98.7974%,97,7969,8066,1285,56,41,6684
0x4c4e38,97.5424%,97,3850,3947,3137,36,61,713
0x4b945f,91.9732%,96,1100,1196,655,45,51,445
0x47668f,99.1508%,96,11209,11305,10433,37,59,776
0x46c2b9,98.0316%,96,4781,4877,4211,32,64,570
0x445db4,93.6572%,94,1388,1482,959,55,39,429
0x4c466b,99.9475%,93,177170,177263,1863,71,22,175307
0x4be9ca,88.198%,93,695,788,573,43,50,122
0x4cb570,98.9044%,92,8305,8397,333,74,18,7972
0x4ac30a,92.0962%,92,1072,1164,859,35,57,213
0x5f070b,68.7075%,92,202,294,97,42,50,105
0x401d01,96.9153%,91,2859,2950,2237,31,60,622
0x4c57d6,99.8102%,91,47857,47948,5355,47,44,42502
0x4cc600,99.7412%,90,34691,34781,33902,32,58,789
0x4d58be,99.1309%,90,10265,10355,6920,44,46,3345
0x4d63c0,98.505%,90,5930,6020,5869,26,64,61
0x4079ac,99.3603%,90,13979,14069,13979,5,85,0
0x47b5d0,96.8979%,89,2780,2869,1438,58,31,1342
0x4c96ce,98.4375%,89,5607,5696,651,74,15,4956
0x47600c,99.1527%,87,10181,10268,8145,35,52,2036
0x465263,99.6071%,87,22056,22143,0,85,2,22056
0x4d8154,81.4103%,87,381,468,102,54,33,279
0x476601,97.6223%,86,3531,3617,2527,24,62,1004
0x4d90de,96.458%,86,2342,2428,456,68,18,1886
0x47b23e,99.2907%,85,11899,11984,576,54,31,11323
0x465998,99.1886%,85,10391,10476,10391,9,76,0
0x4b8de2,98.6369%,85,6151,6236,4603,37,48,1548
0x60a278,89.917%,85,758,843,50,52,33,708
0x608c9e,71.134%,84,207,291,26,62,22,181
0x50fe76,91.6667%,84,924,1008,358,52,32,566
0x478c91,98.4185%,82,5103,5185,3458,40,42,1645
0x477fad,97.4343%,82,3114,3196,1408,32,50,1706
0x476ac7,98.2388%,82,4574,4656,1728,56,26,2846
0x4d63ae,99.1317%,82,9362,9444,710,61,21,8652
0x608b6e,99.6853%,82,25971,26053,722,60,22,25249
0x60a165,99.2992%,82,11619,11701,10838,23,59,781
0x478b1d,97.3267%,81,2949,3030,2183,39,42,766
0x5f0c64,93.8309%,81,1232,1313,1049,32,49,183
0x4766f0,95.8695%,81,1880,1961,1319,29,52,561
0x48d722,98.7239%,80,6189,6269,5915,14,66,274
0x4d8a4c,97.7273%,80,3440,3520,3362,32,48,78
0x4d5cbd,99.4892%,80,15583,15663,15316,18,62,267
0x419b51,95.4545%,80,1680,1760,1678,18,62,2
0x4d7510,99.1736%,79,9481,9560,2043,44,35,7438
0x479c8c,99.1837%,79,9599,9678,9256,25,54,343
0x4d8ff1,99.6844%,79,24952,25031,3441,43,36,21511
0x4c7d82,99.2117%,79,9942,10021,3590,37,42,6352
0x4c57c3,87.0647%,78,525,603,523,15,63,2
0x4cd061,99.9612%,78,201046,201124,662,56,22,200384
0x4c4439,88.0368%,78,574,652,130,47,31,444
0x46feb4,99.7061%,78,26466,26544,20323,23,55,6143
0x458198,87.5%,78,546,624,97,59,19,449
0x477f29,98.4979%,77,5049,5126,4233,26,51,816
0x4d10ec,88.6263%,77,600,677,226,42,35,374
0x60a222,67.7966%,76,160,236,70,32,44,90
0x4d8ee0,99.3383%,75,11259,11334,6902,45,30,4357
0x443770,94.9393%,75,1407,1482,741,39,36,666
0x5f0837,90.7749%,75,738,813,543,36,39,195
0x5f31d0,82.2967%,74,344,418,99,35,39,245
0x47a1c0,99.3236%,73,10720,10793,10438,28,45,282
0x4d57e3,97.5741%,72,2896,2968,1965,22,50,931
0x4c7adc,97.7309%,72,3101,3173,1848,45,27,1253
0x4d0758,99.1722%,71,8506,8577,631,51,20,7875
0x48c8e1,99.0174%,71,7155,7226,2566,45,26,4589
0x4a7aa2,88.5808%,70,543,613,216,37,33,327
0x5f0c78,94.6687%,70,1243,1313,665,36,34,578
0x46c9d5,96.2803%,69,1786,1855,1544,24,45,242
0x5f07d4,68.6364%,69,151,220,114,13,56,37
0x477f3a,98.3799%,69,4190,4259,3392,17,52,798
0x47c5df,98.8864%,69,6127,6196,5846,16,53,281
0x4572d5,93.3526%,69,969,1038,874,26,43,95
0x479acf,99.4236%,69,11901,11970,1260,43,26,10641
0x4bbab8,98.1896%,68,3688,3756,3533,23,45,155
0x4210ae,92.539%,67,831,898,472,24,43,359
0x4d052f,99.1518%,67,7832,7899,5454,19,48,2378
0x4ba395,99.4331%,67,11752,11819,11583,30,37,169
0x4b9ca6,90.9959%,66,667,733,148,40,26,519
0x5f06d7,98.7315%,66,5137,5203,3368,26,40,1769
0x418f89,97.0243%,66,2152,2218,2148,6,60,4
0x4bc161,92.9185%,66,866,932,782,26,40,84
0x50fb99,96.7423%,66,1960,2026,1286,31,35,674
0x47907c,99.3873%,66,10706,10772,1454,54,12,9252
0x418c92,97.0708%,65,2154,2219,936,25,40,1218
0x49ca8b,97.2939%,65,2337,2402,1809,24,41,528
0x4d5e08,97.9901%,65,3169,3234,1655,44,21,1514
0x50fb5d,95.7737%,65,1473,1538,949,23,42,524
0x60a376,87.2%,64,436,500,433,17,47,3
0x476f1a,96.9231%,64,2016,2080,1146,32,32,870
0x48bbef,97.6217%,63,2586,2649,1662,27,36,924
0x609759,98.5688%,62,4270,4332,3552,27,35,718
0x476e01,99.2859%,62,8620,8682,4520,35,27,4100
0x4cb64b,98.3952%,61,3740,3801,3473,24,37,267
0x41af5b,97.4087%,61,2293,2354,2237,28,33,56
0x60974b,97.62%,61,2502,2563,1881,26,35,621
0x4015a1,97.7491%,61,2649,2710,1943,34,27,706
0x476bbd,98.6102%,61,4328,4389,4144,23,38,184
0x4b96f9,98.3182%,61,3566,3627,1710,23,38,1856
0x467cbe,70.7317%,60,145,205,84,30,30,61
0x5fac8e,93.4066%,60,850,910,326,23,37,524
0x4d634d,95.2%,60,1190,1250,23,47,13,1167
0x477fa8,98.24%,60,3349,3409,168,45,15,3181
0x48c9a6,99.0502%,59,6153,6212,5106,19,40,1047
0x4b95ba,77.0428%,59,198,257,109,26,33,89
0x5f0741,63.8037%,59,104,163,67,26,33,37
0x4d6300,98.8889%,59,5251,5310,873,44,15,4378
0x48c9a1,99.2809%,58,8008,8066,1812,42,16,6196
0x427a0e,78.7546%,58,215,273,4,44,14,211
0x5f0726,62.5806%,58,97,155,19,38,20,78
0x5f096d,96.6435%,58,1670,1728,1645,22,36,25
0x4d6e33,95.7478%,58,1306,1364,838,37,21,468
0x4bbd7c,97.5793%,58,2338,2396,169,43,15,2169
0x45734a,84.2391%,58,310,368,201,29,29,109
0x4bdca4,99.6933%,57,18529,18586,13320,29,28,5209
0x4ba3b8,85.6784%,57,341,398,159,33,24,182
0x5f0b00,74.8899%,57,170,227,151,24,33,19
0x469919,93.6313%,57,838,895,591,38,19,247
0x4d5a25,98.5793%,57,3955,4012,2263,28,29,1692
0x4cbcf6,99.0921%,57,6221,6278,6206,14,43,15
0x465256,76.3713%,56,181,237,26,35,21,155
0x478f00,98.9058%,56,5062,5118,4132,21,35,930
0x4df1f5,64.7799%,56,103,159,41,31,25,62
0x47bdf8,73.5849%,56,156,212,19,31,25,137
0x4cf853,99.6636%,56,16589,16645,16363,6,50,226
0x4c9e66,99.5825%,56,13358,13414,68,44,12,13290
0x462da2,87.9828%,56,410,466,101,35,21,309
0x48c981,98.7692%,56,4494,4550,1065,34,22,3429
0x4c6bd4,98.3252%,55,3229,3284,158,46,9,3071
0x47be60,96.4447%,55,1492,1547,83,33,22,1409
0x5f1f24,65.4088%,55,104,159,43,28,27,61
0x4d9013,97.4851%,55,2132,2187,1656,23,32,476
0x4adb91,90.1434%,55,503,558,358,16,39,145
0x4bee38,99.9565%,54,124113,124167,121652,27,27,2461
0x6068a7,97.0795%,54,1795,1849,16,30,24,1779
0x609a2a,80.2198%,54,219,273,45,24,30,174
0x4cbe76,99.1985%,54,6683,6737,7,33,21,6676
0x47b906,98.1178%,54,2815,2869,2603,20,34,212
0x419607,96.4191%,54,1454,1508,794,22,32,660
0x4ba80d,99.8767%,53,42926,42979,42021,26,27,905
0x5f05b2,76.652%,53,174,227,40,33,20,134
0x48cb24,97.9701%,53,2558,2611,953,31,22,1605
0x4d64a8,99.6544%,53,15281,15334,14024,8,45,1257
0x47c860,97.3513%,53,1948,2001,1901,9,44,47
0x4c77ef,90.5188%,53,506,559,75,27,26,431
0x4d57d9,98.6816%,53,3967,4020,1014,38,15,2953
0x4bd988,98.4264%,53,3315,3368,3106,13,40,209
0x4cb476,99.5323%,52,11067,11119,2309,31,21,8758
0x4bac04,97.1318%,52,1761,1813,72,36,16,1689
0x476922,96.1367%,52,1294,1346,1207,19,33,87
0x417fc1,99.8292%,52,30386,30438,27541,21,31,2845
0x46d1a0,95.4346%,52,1087,1139,440,23,29,647
0x47697e,97.3442%,52,1906,1958,72,38,14,1834
0x4ac305,96.1009%,51,1257,1308,108,36,15,1149
0x4c43f7,99.6025%,51,12778,12829,9,39,12,12769
0x4a2534,87.7698%,51,366,417,135,25,26,231
0x4d1063,87.5306%,51,358,409,219,21,30,139
0x4c4d8c,98.3113%,51,2969,3020,2810,22,29,159
0x479e45,99.473%,51,9627,9678,8481,20,31,1146
0x4bd359,98.5427%,50,3381,3431,3167,23,27,214
0x4d8a6c,98.5268%,50,3344,3394,3327,9,41,17
0x47006d,99.8113%,50,26447,26497,22133,22,28,4314
0x4cc552,99.8196%,49,27120,27169,2265,32,17,24855
0x5f0844,79.0598%,49,185,234,173,22,27,12
0x48cad1,97.2487%,49,1732,1781,667,27,22,1065
0x4c6bc5,98.5268%,49,3277,3326,0,42,7,3277
0x60a592,82.8671%,49,237,286,236,11,38,1
0x5fa266,86.0058%,48,295,343,70,29,19,225
0x4c7b00,99.5972%,48,11868,11916,10470,19,29,1398
0x4d619e,99.677%,48,14814,14862,213,41,7,14601
0x4c4e7e,99.023%,48,4865,4913,2323,23,25,2542
0x47c572,99.2414%,47,6149,6196,6037,21,26,112
0x4cb4a0,99.4646%,47,8732,8779,7514,21,26,1218
0x4571ec,97.6033%,47,1914,1961,1792,8,39,122
0x4ba518,99.0891%,47,5113,5160,68,35,12,5045
0x49cf89,98.0433%,47,2355,2402,1618,16,31,737
0x418972,99.8449%,47,30260,30307,25566,21,26,4694
0x476589,89.3665%,47,395,442,168,21,26,227
0x408c29,85.489%,46,271,317,106,34,12,165
0x609731,98.989%,46,4504,4550,3811,24,22,693
0x4c492b,92.9771%,46,609,655,553,26,20,56
0x47c8bb,76.2887%,46,148,194,82,23,23,66
0x419ade,94.8023%,46,839,885,719,18,28,120
0x4c5985,99.906%,45,47846,47891,216,25,20,47630
0x5f0936,96.6741%,45,1308,1353,203,24,21,1105
0x46ff45,99.8369%,45,27539,27584,22665,33,12,4874
0x4d5ab3,99.8038%,45,22892,22937,7248,26,19,15644
0x4ca634,99.6081%,45,11438,11483,2360,21,24,9078
0x50fb33,99.3604%,45,6991,7036,6970,6,39,21
0x4b9568,99.4792%,44,8404,8448,44,32,12,8360
0x4c5c5b,99.8978%,44,43008,43052,42492,10,34,516
0x476b41,99.055%,44,4612,4656,238,29,15,4374
0x4bb83a,87.9121%,44,320,364,100,22,22,220
0x4437d7,97.031%,44,1438,1482,990,24,20,448
0x48cb3f,97.8128%,43,1923,1966,982,16,27,941
0x46c841,97.6819%,43,1812,1855,1347,19,24,465
0x4d078c,99.4457%,43,7714,7757,7594,9,34,120
0x478b61,98.5809%,43,2987,3030,1503,22,21,1484
0x476530,98.9609%,43,4095,4138,4044,15,28,51
0x46c781,97.6819%,43,1812,1855,862,26,17,950
0x50fb28,99.4192%,42,7189,7231,162,33,9,7027
0x6098ad,98.0883%,42,2155,2197,1961,17,25,194
0x48c702,98.8679%,42,3668,3710,2714,11,31,954
0x4c6cb6,99.2626%,42,5654,5696,5555,17,25,99
0x463368,56.25%,42,54,96,10,26,16,44
0x4c4e8e,98.3638%,42,2525,2567,591,20,22,1934
0x4ac923,95.1163%,42,818,860,175,27,15,643
0x47980d,99.1794%,42,5076,5118,662,27,15,4414
0x417f3a,99.86%,42,29964,30006,185,37,5,29779
0x4ac326,96.789%,42,1266,1308,342,14,28,924
0x41893c,83.1325%,42,207,249,112,19,23,95
0x50fc4e,98.5694%,41,2825,2866,376,28,13,2449
0x45734f,96.0501%,41,997,1038,75,14,27,922
0x50fc5b,84.3511%,41,221,262,98,14,27,123
0x4cf5b0,99.8007%,41,20530,20571,20384,9,32,146
0x4d318d,99.2932%,41,5760,5801,3014,32,9,2746
0x4655a9,89.6641%,40,347,387,233,20,20,114
0x45fef5,99.3868%,40,6483,6523,13,27,13,6470
0x4a72b5,87.5389%,40,281,321,75,20,20,206
0x47b39e,99.6086%,40,10180,10220,2572,20,20,7608
0x4c5157,99.2719%,40,5454,5494,3,19,21,5451
0x4be9ad,99.2815%,40,5527,5567,2,37,3,5525
0x46c530,99.4011%,39,6473,6512,79,22,17,6394
0x4bdd44,97.5175%,39,1532,1571,975,17,22,557
0x45c284,91.4661%,39,418,457,368,20,19,50
0x4ca7d9,98.9121%,39,3546,3585,2066,21,18,1480
0x5f1df2,96.2857%,39,1011,1050,932,13,26,79
0x4c456f,99.382%,39,6272,6311,57,33,6,6215
0x46d0c4,97.7891%,39,1725,1764,261,26,13,1464
0x48c543,98.3449%,38,2258,2296,326,13,25,1932
0x4d76c5,99.0426%,38,3931,3969,474,32,6,3457
0x4bee01,99.9694%,38,124249,124287,87,33,5,124162
0x479b08,99.6825%,38,11932,11970,11805,17,21,127
0x47695b,97.181%,38,1310,1348,212,22,16,1098
0x4a1192,91.2442%,38,396,434,364,18,20,32
0x46d706,88.6905%,38,298,336,76,21,17,222
0x4b959e,99.5038%,38,7620,7658,228,29,9,7392
0x4c260b,99.7776%,37,16600,16637,16599,17,20,1
0x5f0c6e,84.0517%,37,195,232,185,20,17,10
0x4c4d21,99.7813%,37,16881,16918,36,24,13,16845
0x60b90a,77.439%,37,127,164,21,22,15,106
0x4da95d,99.5053%,37,7442,7479,50,28,9,7392
0x4a7a5c,94.4528%,37,630,667,28,26,11,602
0x47a1fb,99.6579%,37,10777,10814,39,26,11,10738
0x46d63d,95.5152%,37,788,825,177,20,17,611
0x48bbcb,98.7617%,37,2951,2988,315,24,13,2636
0x479eac,97.1906%,37,1280,1317,1056,19,18,224
0x4da9e9,99.5053%,37,7442,7479,126,24,13,7316
0x4ba981,99.4017%,36,5981,6017,5957,6,30,24
0x5ef074,99.5684%,36,8305,8341,7410,8,28,895
0x4c6ab0,99.6825%,36,11304,11340,3481,25,11,7823
0x4b9585,94.958%,36,678,714,78,25,11,600
0x476e94,99.1896%,36,4406,4442,30,26,10,4376
0x417f16,99.882%,36,30468,30504,467,31,5,30001
0x60a4e2,64.7059%,36,66,102,24,15,21,42
0x46751f,82.439%,36,169,205,99,15,21,70
0x46d0ba,98.4569%,36,2297,2333,550,19,17,1747
0x6097dd,98.4099%,36,2228,2264,1852,18,18,376
0x46b156,96.9414%,36,1141,1177,53,24,12,1088
0x418edf,98.422%,35,2183,2218,2182,10,25,1
0x476d41,99.2483%,35,4621,4656,411,25,10,4210
0x6099ad,97.1264%,35,1183,1218,1000,12,23,183
0x609a08,98.0159%,35,1729,1764,956,22,13,773
0x4c2360,97.5265%,35,1380,1415,9,24,11,1371
0x4a618a,89.9135%,35,312,347,26,28,7,286
0x4c4593,99.4824%,35,6727,6762,704,23,12,6023
0x466d2c,92.8717%,35,456,491,227,22,13,229
0x4cbcbc,97.4545%,35,1340,1375,981,16,19,359
0x4d1a7b,88.6731%,35,274,309,13,23,12,261
0x47bc5d,85.5372%,35,207,242,12,18,17,195
0x60a2c0,65.6863%,35,67,102,38,12,23,29
0x4a7ab1,90.2778%,35,325,360,257,18,17,68
0x401fff,99.013%,35,3511,3546,6,26,9,3505
0x401652,95.3615%,34,699,733,503,19,15,196
0x60903d,95.2778%,34,686,720,611,21,13,75
0x4d5847,99.5183%,34,7025,7059,5641,8,26,1384
0x5fa2fe,64.9485%,34,63,97,10,17,17,53
0x476f1f,99.2248%,34,4352,4386,417,23,11,3935
0x60a7fa,84.7534%,34,189,223,40,22,12,149
0x4a72a3,93.038%,33,441,474,99,17,16,342
0x5f1da1,64.5161%,33,60,93,44,14,19,16
0x60a94a,82.8125%,33,159,192,16,27,6,143
0x4b94ea,95.3652%,33,679,712,658,10,23,21
0x41a563,99.1635%,33,3912,3945,3684,11,22,228
0x476824,98.3172%,33,1928,1961,1331,17,16,597
0x4ca756,99.0795%,33,3552,3585,2321,18,15,1231
0x401895,99.5996%,33,8209,8242,471,19,14,7738
0x4c9ed8,99.7396%,33,12638,12671,433,24,9,12205
0x4c7b0b,97.6875%,33,1394,1427,311,21,12,1083
0x4c3ebe,97.3727%,32,1186,1218,1094,17,15,92
0x479e14,99.6694%,32,9646,9678,37,22,10,9609
0x464977,84.7619%,32,178,210,28,24,8,150
0x4ca12c,99.4995%,32,6362,6394,98,24,8,6264
0x4d9092,99.2952%,32,4508,4540,708,25,7,3800
0x4cfc97,99.6252%,32,8505,8537,8491,11,21,14
0x4cce6e,98.2212%,32,1767,1799,118,24,8,1649
0x4b9e76,99.0028%,32,3177,3209,143,21,11,3034
0x478cfa,98.1031%,32,1655,1687,94,23,9,1561
0x50fc40,96.8464%,31,952,983,540,18,13,412
0x5f078d,77.6978%,31,108,139,45,20,11,63
0x4a7ad6,87.747%,31,222,253,169,16,15,53
0x475fca,99.8199%,31,17184,17215,1042,25,6,16142
0x4ac92b,95.2888%,31,627,658,78,22,9,549
0x476da2,99.2654%,31,4189,4220,3897,13,18,292
0x4d8b96,75.3968%,31,95,126,21,9,22,74
0x5ef1c3,93.0493%,31,415,446,404,8,23,11
0x49ef26,91.4601%,31,332,363,98,22,9,234
0x417fa0,99.8984%,31,30473,30504,42,24,7,30431
0x4a24c6,93.3619%,31,436,467,48,23,8,388
0x50fa46,83.5979%,31,158,189,157,13,18,1
0x48cb6b,98.0947%,31,1596,1627,647,12,19,949
0x478afb,99.4021%,31,5154,5185,3013,17,14,2141
0x4c54f1,99.7365%,30,11356,11386,8446,12,18,2910
0x4c6cc7,75.8065%,30,94,124,32,17,13,62
0x60addc,56.5217%,30,39,69,17,18,12,22
0x4a84fa,84.456%,30,163,193,153,8,22,10
0x479c02,99.7494%,30,11940,11970,11814,8,22,126
0x4d8ffa,99.8608%,30,21517,21547,19342,18,12,2175
0x42080d,82.659%,30,143,173,122,10,20,21
0x4a116f,94.575%,30,523,553,64,19,11,459
0x48ca02,98.4358%,29,1825,1854,1257,15,14,568
0x41b056,98.5651%,29,1992,2021,1944,11,18,48
0x50f4f9,99.0388%,29,2988,3017,24,23,6,2964
0x4ac918,96.8884%,29,903,932,55,17,12,848
0x4c5829,99.9395%,29,47919,47948,42599,14,15,5320
0x4baf43,96.4242%,29,782,811,771,5,24,11
0x4e2668,69.4737%,29,66,95,48,14,15,18
0x408c5d,83.6158%,29,148,177,84,16,13,64
0x609828,97.3443%,29,1063,1092,520,15,14,543
0x4b9ff0,96.697%,29,849,878,816,5,24,33
0x47c940,98.3925%,29,1775,1804,1768,8,21,7
0x60b51a,42%,29,21,50,12,14,15,9
0x4cab35,98.744%,29,2280,2309,96,21,8,2184
0x50fa38,84.6561%,29,160,189,9,19,10,151
0x479089,99.687%,29,9235,9264,9040,14,15,195
0x4d0570,99.6297%,29,7802,7831,7781,10,19,21
0x49ce6d,98.7627%,28,2235,2263,1826,7,21,409
0x4a23d1,91.9771%,28,321,349,265,13,15,56
0x50fbd9,96.0508%,28,681,709,681,3,25,0
0x479e08,99.7107%,28,9650,9678,369,28,0,9281
0x4cc712,99.8447%,28,18006,18034,0,20,8,18006
0x4bd312,99.2166%,28,3546,3574,65,26,2,3481
0x40208c,99.2032%,28,3486,3514,3374,16,12,112
0x4a24e4,92.9293%,28,368,396,332,14,14,36
0x4a72e2,91.2773%,28,293,321,214,13,15,79
0x465677,92.7649%,28,359,387,156,23,5,203
0x4d2de2,99.6963%,28,9193,9221,9149,14,14,44
0x4a239e,93.2854%,28,389,417,375,8,20,14
0x4bc24b,78.2258%,27,97,124,62,15,12,35
0x4bedac,99.156%,27,3172,3199,3147,8,19,25
0x4c519f,98.8147%,27,2251,2278,221,16,11,2030
0x4e2448,62.5%,27,45,72,39,9,18,6
0x5fa256,92.623%,27,339,366,0,23,4,339
0x4d76f0,99.3197%,27,3942,3969,2304,20,7,1638
0x4d630d,99.3854%,27,4366,4393,3089,11,16,1277
0x48cb0b,99.0819%,27,2914,2941,316,14,13,2598
0x5f0cf6,96.1484%,27,674,701,660,6,21,14
0x4a84a6,86.0104%,27,166,193,81,13,14,85
0x4a72a8,92.4581%,27,331,358,23,14,13,308
0x4571f6,98.6232%,27,1934,1961,301,21,6,1633
0x40743c,99.8171%,27,14733,14760,14733,4,23,0
0x4b9c5b,99.7973%,26,12801,12827,12801,9,17,0
0x412f33,99.5691%,26,6008,6034,12,24,2,5996
0x476131,99.5359%,26,5576,5602,143,18,8,5433
0x50f7da,91.7981%,26,291,317,291,12,14,0
0x4bdd0e,98.4233%,26,1623,1649,59,19,7,1564
0x60a383,48%,26,24,50,9,16,10,15
0x41d359,99.4679%,26,4860,4886,4860,10,16,0
0x4a86d1,83.4395%,26,131,157,61,16,10,70
0x48cd11,97.9798%,26,1261,1287,950,13,13,311
0x4adc06,86.4583%,26,166,192,72,20,6,94
0x47819d,96.5471%,26,727,753,46,23,3,681
0x4d050f,99.6723%,26,7908,7934,20,15,11,7888
0x48c27b,98.0031%,26,1276,1302,821,3,23,455
0x47b4ea,99.7554%,25,10195,10220,1208,16,9,8987
0x4cc858,99.7712%,25,10902,10927,0,17,8,10902
0x46c84c,94.8875%,25,464,489,120,12,13,344
0x4189fd,99.9175%,25,30282,30307,476,21,4,29806
0x4c0311,98.8814%,25,2210,2235,2141,7,18,69
0x4c6e83,99.1462%,25,2903,2928,76,18,7,2827
0x5fa313,64.2857%,25,45,70,4,15,10,41
0x47b1b7,99.7944%,25,12134,12159,11968,16,9,166
0x46d6cd,92.5595%,25,311,336,194,15,10,117
0x4cc832,99.7712%,25,10902,10927,10892,7,18,10
0x4d583e,99.6521%,25,7162,7187,108,20,5,7054
0x4d65ec,99.891%,25,22912,22937,21914,11,14,998
0x5f0b2a,63.2353%,25,43,68,14,14,11,29
0x60ba5a,94.469%,25,427,452,76,19,6,351
0x4cfc22,99.8265%,25,14381,14406,5859,10,15,8522
0x4a7a53,96.6667%,24,696,720,38,15,9,658
0x4c3c24,98.0551%,24,1210,1234,1201,6,18,9
0x4d0701,99.589%,24,5815,5839,17,23,1,5798
0x4d8b55,95.5801%,24,519,543,1,18,6,518
0x4d115e,94.132%,24,385,409,185,15,9,200
0x421013,99.6266%,24,6404,6428,89,22,2,6315
0x477f0f,99.5375%,24,5165,5189,46,17,7,5119
0x4cc33d,99.993%,24,343192,343216,343168,19,5,24
0x47b935,90.2439%,24,222,246,8,22,2,214
0x4baf12,99.6879%,24,7667,7691,197,21,3,7470
0x5f07d6,74.1935%,24,69,93,25,14,10,44
0x4d0e42,97.556%,24,958,982,123,14,10,835
0x46e9e2,97.4249%,24,908,932,420,15,9,488
0x48be1d,97.2881%,24,861,885,344,14,10,517
0x609928,99.2784%,24,3302,3326,2890,11,13,412
0x6097fb,92.1311%,24,281,305,255,13,11,26
0x60ae8a,75.5102%,24,74,98,42,15,9,32
0x47bd53,98.4486%,24,1523,1547,199,13,11,1324
0x427965,91.2088%,24,249,273,243,15,9,6
0x4210bc,94.0299%,24,378,402,17,14,10,361
0x4d8f71,99.8795%,24,19893,19917,17605,12,12,2288
0x60aa9a,89.0995%,23,188,211,31,15,8,157
0x47abcf,98.9277%,23,2122,2145,2066,14,9,56
0x4bb47c,93.6813%,23,341,364,283,6,17,58
0x4d61fd,95.1579%,23,452,475,159,15,8,293
0x464762,94.0568%,23,364,387,360,12,11,4
0x408d0a,83.5714%,23,117,140,47,17,6,70
0x479cbd,94.2065%,23,374,397,232,17,6,142
0x5ef0ce,98.5794%,23,1596,1619,1044,4,19,552
0x4a61aa,94.4844%,23,394,417,353,10,13,41
0x427a34,89.0476%,23,187,210,139,5,18,48
0x47bad7,77.6699%,23,80,103,13,13,10,67
0x41a520,99.5505%,23,5094,5117,65,19,4,5029
0x4d8a2b,99.3466%,23,3497,3520,3486,8,15,11
0x4adbee,88.0208%,23,169,192,162,13,10,7
0x4bc1ff,98.91%,23,2087,2110,166,15,8,1921
0x4184ec,62.069%,22,36,58,35,6,16,1
0x49ed13,67.6471%,22,46,68,21,13,9,25
0x47a1c7,93.6782%,22,326,348,52,12,10,274
0x48bc1b,97.8153%,22,985,1007,461,17,5,524
0x479072,99.7968%,22,10804,10826,37,17,5,10767
0x4c7a83,95.186%,22,435,457,200,14,8,235
0x4a79f7,79.4393%,22,85,107,38,16,6,47
0x4bdd04,99.3671%,22,3454,3476,1818,9,13,1636
0x479eb6,90.9091%,22,220,242,70,11,11,150
0x41ada6,97.0784%,22,731,753,97,14,8,634
0x4a1177,95.3191%,22,448,470,24,12,10,424
0x4d6337,98.2759%,22,1254,1276,0,17,5,1254
0x479645,96.5079%,22,608,630,574,11,11,34
0x4ac310,91.8519%,22,248,270,62,6,16,186
0x4d0e1b,97.7597%,22,960,982,737,8,14,223
0x41a678,99.6957%,22,7207,7229,357,19,3,6850
0x41a4f4,99.6957%,22,7207,7229,7180,7,15,27
0x50fb69,96.1131%,22,544,566,69,9,13,475
0x421026,99.6517%,22,6295,6317,1341,11,11,4954
0x4d6d4b,98.3871%,22,1342,1364,14,19,3,1328
0x427bbb,91.9414%,22,251,273,239,19,3,12
0x47afce,99.7269%,21,7668,7689,386,18,3,7282
0x4a6219,88.9474%,21,169,190,124,12,9,45
0x49f4dd,92.2794%,21,251,272,231,7,14,20
0x609918,97.7516%,21,913,934,786,10,11,127
0x4d631d,98.3759%,21,1272,1293,0,17,4,1272
0x4996e8,96.6614%,21,608,629,0,18,3,608
0x6098eb,91.6%,21,229,250,135,13,8,94
0x60abea,85.8108%,21,127,148,26,13,8,101
0x608b68,99.9203%,21,26341,26362,297,12,9,26044
0x60a59f,46.1538%,21,18,39,5,14,7,13
0x4c256d,99.7822%,21,9623,9644,9578,6,15,45
0x60b3ca,76.1364%,21,67,88,40,17,4,27
0x609ed6,83.2%,21,104,125,17,10,11,87
0x45b065,90.7489%,21,206,227,87,14,7,119
0x463c54,99.1653%,21,2495,2516,2238,5,16,257
0x46012c,99.6781%,21,6502,6523,6488,10,11,14
0x4d3754,99.286%,21,2920,2941,2915,10,11,5
0x428065,70.8333%,21,51,72,29,13,8,22
0x50fe81,96.4883%,21,577,598,138,12,9,439
0x4c4e9e,96.563%,21,590,611,376,12,9,214
0x4c40d3,98.3133%,21,1224,1245,115,10,11,1109
0x4c8925,92.7083%,21,267,288,265,10,11,2
0x420cd8,81.8182%,20,90,110,51,4,16,39
0x48cda1,97.7376%,20,864,884,338,13,7,526
0x4ca848,97.1056%,20,671,691,280,16,4,391
0x4df8d9,73.3333%,20,55,75,54,9,11,1
0x47b263,88.5714%,20,155,175,64,12,8,91
0x45dddb,93.7695%,20,301,321,8,4,16,293
0x463b17,97.4651%,20,769,789,767,13,7,2
0x4994c7,96.8203%,20,609,629,364,9,11,245
0x4e2b22,72.2222%,20,52,72,1,12,8,51
0x4c5861,99.6101%,20,5110,5130,4884,12,8,226
0x47af39,99.2079%,20,2505,2525,4,4,16,2501
0x45b1f9,94.832%,20,367,387,46,9,11,321
0x5ef4fe,98.7647%,20,1599,1619,560,11,9,1039
0x4be006,80.5825%,20,83,103,83,6,14,0
0x464e9f,90.4762%,20,190,210,99,17,3,91
0x48cb7e,98.9827%,20,1946,1966,1298,16,4,648
0x46ce49,95.9677%,20,476,496,459,13,7,17
0x465981,91.2664%,20,209,229,2,5,15,207
0x4c499a,99.7818%,20,9148,9168,293,14,6,8855
0x478475,93.8462%,20,305,325,74,8,12,231
0x4d63b7,99.7694%,20,8653,8673,2640,13,7,6013
0x478f29,97.9275%,20,945,965,22,16,4,923
0x418a04,99.9363%,19,29791,29810,1235,16,3,28556
0x478076,99.3071%,19,2723,2742,13,5,14,2710
0x60b7ba,34.4828%,19,10,29,2,11,8,8
0x418eae,98.7937%,19,1556,1575,1555,3,16,1
0x4a2b73,93.1655%,19,259,278,231,7,12,28
0x4cb612,99.5173%,19,3917,3936,0,13,6,3917
0x4bb06c,87.1622%,19,129,148,21,13,6,108
0x49ecdc,93.0657%,19,255,274,32,2,17,223
0x4b1477,95.3883%,19,393,412,367,11,8,26
0x4c4eaf,99.128%,19,2160,2179,661,14,5,1499
0x45b32a,94.362%,19,318,337,45,6,13,273
0x4bd321,99.4545%,19,3464,3483,34,18,1,3430
0x4b2f82,72.0588%,19,49,68,28,6,13,21
0x4d0e4b,97.7515%,19,826,845,399,10,9,427
0x4adbb0,89.6739%,19,165,184,88,4,15,77
0x4e298b,73.6111%,19,53,72,1,8,11,52
0x47da2b,99.331%,19,2821,2840,2819,7,12,2
0x4ca09e,99.9872%,19,148055,148074,148055,9,10,0
0x4ba427,99.2379%,19,2474,2493,2474,2,17,0
0x5f0ce9,97.2896%,19,682,701,173,7,12,509
0x47cbb2,99.6166%,19,4937,4956,2865,14,5,2072
0x47c5bb,99.6934%,19,6177,6196,6154,9,10,23
0x4a2b5f,77.1084%,19,64,83,44,6,13,20
0x47aa76,99.9259%,19,25631,25650,77,13,6,25554
0x60a89c,86.3309%,19,120,139,1,15,4,119
0x49e975,93.0657%,19,255,274,194,12,7,61
0x4a0856,90%,19,171,190,143,11,8,28
0x41740d,86.5672%,18,116,134,78,10,8,38
0x4b8bd8,99.8798%,18,14951,14969,14821,8,10,130
0x4d1df7,93.4066%,18,255,273,8,7,11,247
0x4a24ab,96.1456%,18,449,467,421,12,6,28
0x4781d5,97.6096%,18,735,753,718,14,4,17
0x4699a2,85%,18,102,120,20,12,6,82
0x408cfc,81.6327%,18,80,98,15,6,12,65
0x609720,93.1034%,18,243,261,185,13,5,58
0x4d62e1,99.8789%,18,14841,14859,90,15,3,14751
0x4c23a2,98.6804%,18,1346,1364,1346,14,4,0
0x4184ab,72.7273%,18,48,66,9,9,9,39
0x470057,99.9321%,18,26494,26512,0,15,3,26494
0x418a0e,99.937%,18,28541,28559,25578,8,10,2963
0x463b97,99.2846%,18,2498,2516,2235,5,13,263
0x4ac7ba,95.1872%,18,356,374,91,9,9,265
0x406fa6,99.2211%,18,2293,2311,2293,7,11,0
0x4b0996,95.6311%,18,394,412,198,8,10,196
0x4c5bfc,99.9622%,18,47625,47643,47538,6,12,87
0x4671cc,97.6562%,18,750,768,613,16,2,137
0x50fe6a,98.2249%,18,996,1014,0,6,12,996
0x407c43,99.8726%,18,14113,14131,14113,8,10,0
0x47afe6,99.7659%,18,7671,7689,7647,14,4,24
0x419436,99.9344%,18,27424,27442,24,14,4,27400
0x4affbe,82.6923%,18,86,104,41,11,7,45
0x4c4152,98.3929%,18,1102,1120,0,17,1,1102
0x50fd73,94.1748%,18,291,309,1,15,3,290
0x47d2e5,99.6361%,18,4929,4947,4914,6,12,15
0x50fad3,96.0739%,17,416,433,8,7,10,408
0x49e7ec,74.2424%,17,49,66,31,2,15,18
0x46d7d4,94.4444%,17,289,306,283,11,6,6
0x4bb48f,77.3333%,17,58,75,53,16,1,5
0x476727,99.1331%,17,1944,1961,1881,13,4,63
0x48c4a7,98.3118%,17,990,1007,948,12,5,42
0x45b05c,92.7966%,17,219,236,1,8,9,218
0x4c228f,99.1099%,17,1893,1910,1413,10,7,480
0x47c88b,91.2371%,17,177,194,176,4,13,1
0x4d7bb1,63.8298%,17,30,47,13,15,2,17
0x48cb87,97.3926%,17,635,652,528,5,12,107
0x4c48c4,97.4513%,17,650,667,2,10,7,648
0x477089,99.9393%,17,27974,27991,27974,5,12,0
0x5ef13a,98.95%,17,1602,1619,1602,1,16,0
0x4a72c0,91.866%,17,192,209,130,12,5,62
0x4d79d2,57.5%,17,23,40,18,14,3,5
0x4a32ab,92.8571%,17,221,238,91,10,7,130
0x45fcb2,74.2424%,17,49,66,1,11,6,48
0x4a3ba9,90.9574%,17,171,188,22,12,5,149
0x45b1ea,96.2222%,17,433,450,53,10,7,380
0x60afda,95.4907%,17,360,377,63,8,9,297
0x4df330,76.3889%,17,55,72,45,6,11,10
0x46983b,96.0373%,17,412,429,330,4,13,82
0x4d642e,99.8323%,17,10119,10136,758,13,4,9361
0x50fae3,95.933%,17,401,418,15,14,3,386
0x4a845e,91.1917%,17,176,193,161,14,3,15
0x4a251b,95.9233%,17,400,417,381,2,15,19
0x60a2c6,67.3077%,17,35,52,19,8,9,16
0x45c273,96.473%,17,465,482,447,10,7,18
0x4ca52d,99.991%,17,187967,187984,184355,2,15,3612
0x4bee58,99.3613%,16,2489,2505,6,11,5,2483
0x5f0b0a,69.2308%,16,36,52,6,6,10,30
0x4c237b,98.2143%,16,880,896,43,8,8,837
0x402062,99.4875%,16,3106,3122,3105,5,11,1
0x406c00,62.7907%,16,27,43,24,7,9,3
0x4c4ee3,99.4148%,16,2718,2734,2377,8,8,341
0x464573,95.8656%,16,371,387,198,9,7,173
0x4d5c8e,99.8978%,16,15647,15663,15639,4,12,8
0x476c8a,92.7928%,16,206,222,62,7,9,144
0x4d8f30,99.8936%,16,15018,15034,10598,6,10,4420
0x4a7238,89.5425%,16,137,153,105,11,5,32
0x467538,82.4176%,16,75,91,18,12,4,57
0x401d28,99.4576%,16,2934,2950,261,11,5,2673
0x4172d7,88.0597%,16,118,134,38,4,12,80
0x401fc3,99.5488%,16,3530,3546,3530,16,0,0
0x465230,96.7146%,16,471,487,471,3,13,0
0x4571fb,99.0238%,16,1623,1639,27,7,9,1596
0x4b8a60,84.6154%,16,88,104,56,10,6,32
0x4d7947,99.7974%,16,7880,7896,7786,7,9,94
0x4d59e2,99.602%,16,4004,4020,4004,8,8,0
0x48cbbe,98.7823%,16,1298,1314,985,5,11,313
0x4700d0,99.9396%,16,26481,26497,15,1,15,26466
0x4d5c54,99.78%,16,7258,7274,7052,7,9,206
0x4172c4,88.0597%,16,118,134,79,13,3,39
0x49f3f5,94.1606%,16,258,274,60,12,4,198
0x4a7313,89.5425%,16,137,153,108,8,8,29
0x5fac9a,99.8818%,16,13525,13541,13414,6,10,111
0x476de7,99.6209%,16,4204,4220,81,12,4,4123
0x50fe11,97.5422%,16,635,651,635,3,13,0
0x5ef09e,99.8523%,16,10816,10832,2481,10,6,8335
0x50fdf1,96.3636%,16,424,440,424,6,10,0
0x458d36,44.8276%,16,13,29,13,16,0,0
0x419209,62.7907%,16,27,43,10,8,8,17
0x5ee9b3,92.6606%,16,202,218,201,8,8,1
0x4a73a8,89.5425%,16,137,153,108,8,8,29
0x4cf88d,99.9039%,16,16629,16645,187,6,10,16442
0x4b9b79,92.8889%,16,209,225,56,9,7,153
0x49ef53,93.3333%,16,224,240,162,12,4,62
0x4da9f2,99.7817%,16,7313,7329,0,11,5,7313
0x4c5c90,97.331%,15,547,562,5,7,8,542
0x47c632,95.509%,15,319,334,315,9,6,4
0x5fa270,93.8525%,15,229,244,161,6,9,68
0x4dad19,99.1433%,15,1736,1751,1736,15,0,0
0x4c6ac5,99.8085%,15,7819,7834,37,3,12,7782
0x60ad3a,91.4286%,15,160,175,40,5,10,120
0x470091,99.6545%,15,4327,4342,832,10,5,3495
0x4d6e1b,98.9003%,15,1349,1364,1328,3,12,21
0x4d58e4,98.6807%,15,1122,1137,872,10,5,250
0x60b12a,65.9091%,15,29,44,21,6,9,8
0x479cd5,89.6552%,15,130,145,116,5,10,14
0x46b0c1,98.7256%,15,1162,1177,1152,10,5,10
0x4ca175,93.2735%,15,208,223,41,8,7,167
0x4a72f4,93.3921%,15,212,227,7,10,5,205
0x49f6fe,94.5255%,15,259,274,232,8,7,27
0x4ca7f4,98.9987%,15,1483,1498,1095,8,7,388
0x4d07d4,99.8066%,15,7742,7757,671,11,4,7071
0x46d646,97.6115%,15,613,628,228,11,4,385
0x46496e,95.9677%,15,357,372,160,2,13,197
0x45b040,93.6441%,15,221,236,136,10,5,85
0x4bdccf,99.7136%,15,5222,5237,2826,11,4,2396
0x4a2ba2,62.5%,15,25,40,10,10,5,15
0x45938a,97.4403%,15,571,586,559,12,3,12
0x4c4386,99.7976%,15,7396,7411,0,4,11,7396
0x45b339,94.7552%,15,271,286,9,11,4,262
0x4c2592,86.6071%,15,97,112,48,4,11,49
0x48bc10,98.8453%,15,1284,1299,282,10,5,1002
0x4d0686,99.7444%,15,5854,5869,5703,6,9,151
0x4a7855,85.9813%,15,92,107,47,6,9,45
0x4bbacc,91.9355%,15,171,186,65,9,6,106
0x4766a1,99.8673%,15,11290,11305,0,13,2,11290
0x4a6178,95.6772%,15,332,347,310,3,12,22
0x47a3fc,98.4043%,15,925,940,131,13,2,794
0x4a3bb1,90.2597%,15,139,154,115,5,10,24
0x49cfff,94.5255%,15,259,274,67,5,10,192
0x46c615,77.4194%,14,48,62,41,7,7,7
0x459c76,91.358%,14,148,162,131,10,4,17
0x4c893a,83.7209%,14,72,86,1,2,12,71
0x476137,99.7427%,14,5427,5441,5369,8,6,58
0x5fa328,72.549%,14,37,51,6,9,5,31
0x4be7ce,99.8623%,14,10156,10170,10156,2,12,0
0x4d6e0d,98.9482%,14,1317,1331,829,6,8,488
0x4acb44,58.8235%,14,20,34,7,10,4,13
0x47bacc,87.3874%,14,97,111,0,8,6,97
0x49c8a5,98.1771%,14,754,768,128,11,3,626
0x460065,99.7855%,14,6512,6526,2,7,7,6510
0x4d58d1,93.578%,14,204,218,127,2,12,77
0x4adba1,92.3913%,14,170,184,65,3,11,105
0x479b0f,90.5405%,14,134,148,126,8,6,8
0x49d29f,79.4118%,14,54,68,27,7,7,27
0x4111f9,61.1111%,14,22,36,21,12,2,1
0x50fb8e,99.326%,14,2063,2077,41,10,4,2022
0x5ee8f3,92.7083%,14,178,192,0,0,14,178
0x41a451,99.8063%,14,7215,7229,366,10,4,6849
0x48d651,99.7767%,14,6255,6269,6247,6,8,8
0x41ae06,87.3874%,14,97,111,88,8,6,9
0x4a7524,90.8497%,14,139,153,110,9,5,29
0x469d64,88.3333%,14,106,120,18,7,7,88
0x6097cc,83.1325%,14,69,83,2,2,12,67
0x46c2f9,97.8227%,14,629,643,629,5,9,0
0x4a575a,58.8235%,14,20,34,13,4,10,7
0x459cc6,91.195%,14,145,159,119,10,4,26
0x47d16e,99.717%,14,4933,4947,4671,7,7,262
0x48c46b,96.6184%,14,400,414,222,3,11,178
0x4131c2,99.768%,14,6020,6034,5992,6,8,28
0x4573f8,87.7193%,14,100,114,55,8,6,45
0x469643,97.7742%,14,615,629,194,6,8,421
0x4c2330,97.1831%,14,483,497,483,6,8,0
0x4b8e0d,99.1228%,14,1582,1596,1574,6,8,8
0x4c642b,99.9884%,14,121163,121177,121163,6,8,0
0x479006,99.7265%,14,5104,5118,5057,11,3,47
0x49843b,83.7209%,14,72,86,11,10,4,61
0x4d5e00,99.5995%,13,3233,3246,3,9,4,3230
0x476de2,96.0725%,13,318,331,20,1,12,298
0x476874,99.0356%,13,1335,1348,1334,12,1,1
0x4abeeb,91.0959%,13,133,146,70,10,3,63
0x4b9732,87.3786%,13,90,103,90,13,0,0
0x465276,94.5148%,13,224,237,152,10,3,72
0x49efa6,90.2256%,13,120,133,45,5,8,75
0x4079ba,99.9076%,13,14056,14069,14055,4,9,1
0x4cfa32,98.8822%,13,1150,1163,135,13,0,1015
0x4e2955,81.1594%,13,56,69,53,9,4,3
0x4a087b,93.1579%,13,177,190,177,13,0,0
0x5ef0a3,99.8441%,13,8328,8341,7417,1,12,911
0x47dd71,99.4581%,13,2386,2399,2386,1,12,0
0x459c9d,91.9753%,13,149,162,127,2,11,22
0x4d6344,98.9674%,13,1246,1259,0,9,4,1246
0x46c4aa,99.6501%,13,3702,3715,3702,7,6,0
0x408acb,95.8991%,13,304,317,304,10,3,0
0x4ac32f,98.6345%,13,939,952,23,11,2,916
0x4b8a17,87.5%,13,91,104,44,8,5,47
0x4d0e24,94.5148%,13,224,237,223,1,12,1
0x4b9bd6,94.1964%,13,211,224,8,12,1,203
0x4baffb,84.8837%,13,73,86,68,6,7,5
0x4d3e04,81.9444%,13,59,72,26,10,3,33
0x4be9e1,99.7374%,13,4938,4951,295,8,5,4643
0x4a8922,81.4286%,13,57,70,34,2,11,23
0x5df420,63.8889%,13,23,36,23,10,3,0
0x4a7334,91.5033%,13,140,153,107,9,4,33
0x4cab42,99.4069%,13,2179,2192,114,5,8,2065
0x47ce3c,99.7377%,13,4943,4956,0,9,4,4943
0x4bb84a,94.6281%,13,229,242,20,6,7,209
0x4ac9de,87.2549%,13,89,102,64,4,9,25
0x427a5a,80.303%,13,53,66,30,9,4,23
0x5f0593,94.2731%,13,214,227,103,3,10,111
0x4a7afe,87.8505%,13,94,107,50,4,9,44
0x609aa6,79.6875%,13,51,64,11,10,3,40
0x4c4d83,99.5708%,13,3016,3029,0,9,4,3016
0x524813,88.8889%,13,104,117,100,8,5,4
0x4b64e2,80.8824%,13,55,68,26,8,5,29
0x401847,99.8423%,13,8233,8246,8204,8,5,29
0x4d091b,99.6959%,13,4262,4275,4262,13,0,0
0x45c298,81.1594%,13,56,69,4,12,1,52
0x5fa341,63.8889%,13,23,36,5,6,7,18
0x4a72bb,94.2478%,13,213,226,8,9,4,205
0x498cb7,98.9465%,13,1221,1234,26,10,3,1195
0x49ea37,95.2555%,13,261,274,203,5,8,58
0x4cc73a,99.881%,13,10914,10927,10914,4,9,0
0x4a23ed,81.6901%,13,58,71,14,3,10,44
0x4deb18,55.5556%,12,15,27,5,7,5,10
0x48d74a,96.5616%,12,337,349,1,9,3,336
0x4a1fed,97.235%,12,422,434,405,12,0,17
0x4d0813,99.7193%,12,4263,4275,4248,6,6,15
0x4df12a,55.5556%,12,15,27,2,1,11,13
0x476488,99.9088%,12,13144,13156,561,8,4,12583
0x4a86b9,92.3567%,12,145,157,135,4,8,10
0x4aca04,91.1765%,12,124,136,32,2,10,92
0x458c01,58.6207%,12,17,29,1,8,4,16
0x49eed7,95%,12,228,240,112,8,4,116
0x4a64a7,90.625%,12,116,128,116,12,0,0
0x4ac96b,97.8495%,12,546,558,32,8,4,514
0x49ee1d,83.3333%,12,60,72,31,5,7,29
0x4ca138,99.8087%,12,6260,6272,6219,1,11,41
0x4b6562,64.7059%,12,22,34,10,7,5,12
0x4ba639,98.8971%,12,1076,1088,8,10,2,1068
0x412e12,70%,12,28,40,2,2,10,26
0x5fa403,45.4545%,12,10,22,2,6,6,8
0x459d6a,92%,12,138,150,8,7,5,130
0x4df6f7,83.3333%,12,60,72,60,3,9,0
0x476752,99.3881%,12,1949,1961,1948,10,2,1
0x4a6393,90.625%,12,116,128,13,6,6,103
0x46162f,98.1221%,12,627,639,3,9,3,624
0x45fe21,99.8161%,12,6514,6526,6498,3,9,16
0x609a16,98.4733%,12,774,786,448,4,8,326
0x49ac24,66.6667%,12,24,36,18,2,10,6
0x49a461,66.6667%,12,24,36,12,7,5,12
0x4bf7fd,55.5556%,12,15,27,10,7,5,5
0x4d74e3,99.8745%,12,9548,9560,3,3,9,9545
0x50fb51,99.2253%,12,1537,1549,4,7,5,1533
0x4670fc,98.4375%,12,756,768,135,4,8,621
0x49e8a0,94.2308%,12,196,208,169,5,7,27
0x49a9d6,66.6667%,12,24,36,14,5,7,10
0x406bec,77.7778%,12,42,54,3,8,4,39
0x46febf,99.8064%,12,6186,6198,951,5,7,5235
0x47c86d,86.8132%,12,79,91,79,10,2,0
0x5ee92d,99.6256%,12,3193,3205,3193,3,9,0
0x4bbcd0,89.2857%,12,100,112,99,10,2,1
0x47618c,99.9642%,12,33539,33551,33538,5,7,1
0x478fc7,72.7273%,12,32,44,32,12,0,0
0x4c4d97,93.617%,12,176,188,94,7,5,82
0x418b1b,99.9577%,12,28374,28386,3269,11,1,25105
0x4a777f,96.1165%,12,297,309,201,5,7,96
0x407c2a,99.3236%,12,1762,1774,1708,4,8,54
0x60b27a,97.9452%,12,572,584,84,10,2,488
0x4a399a,94.5946%,12,210,222,183,5,7,27
0x50fc7e,99.1228%,12,1356,1368,13,3,9,1343
0x4cc596,99.9946%,12,221092,221104,23,6,6,221069
0x4d1fad,95.6044%,12,261,273,255,3,9,6
0x42842a,20%,12,3,15,3,12,0,0
0x4ad342,83.7838%,12,62,74,30,7,5,32
0x4d04d9,99.8488%,12,7922,7934,7825,6,6,97
0x4d90b8,99.1298%,12,1367,1379,1280,3,9,87
0x47b59a,99.5817%,12,2857,2869,220,9,3,2637
0x4570c6,98.8582%,12,1039,1051,877,11,1,162
0x45c2f1,96.9072%,12,376,388,83,9,3,293
0x45afda,97.351%,12,441,453,0,6,6,441
0x45aa80,95.6349%,11,241,252,25,4,7,216
0x420d0a,80%,11,44,55,44,11,0,0
0x421a84,99.1235%,11,1244,1255,1243,5,6,1
0x4c5832,99.7938%,11,5324,5335,0,7,4,5324
0x5f3184,99.5863%,11,2648,2659,1,8,3,2647
0x467216,92.0863%,11,128,139,124,1,10,4
0x5fac9f,90.9091%,11,110,121,108,7,4,2
0x47bb0f,89.3204%,11,92,103,92,11,0,0
0x4c4598,99.8177%,11,6024,6035,5945,3,8,79
0x4b963d,85.5263%,11,65,76,7,5,6,58
0x4cc9ef,99.9945%,11,199318,199329,199318,11,0,0
0x4b08ef,97.3301%,11,401,412,27,7,4,374
0x5f0b35,72.5%,11,29,40,10,6,5,19
0x477ef3,99.788%,11,5178,5189,5178,11,0,0
0x4bbbd8,90.1786%,11,101,112,101,11,0,0
0x48be5a,96.2329%,11,281,292,178,11,0,103
0x49a440,69.4444%,11,25,36,12,7,4,13
0x4a63a2,87.7778%,11,79,90,79,11,0,0
0x4bc11c,99.5409%,11,2385,2396,2114,2,9,271
0x5ded41,26.6667%,11,4,15,4,8,3,0
0x47a1f0,99.8983%,11,10803,10814,10803,11,0,0
0x4a62da,94.2105%,11,179,190,134,8,3,45
0x4abe97,87.2093%,11,75,86,63,3,8,12
0x60999c,92.9487%,11,145,156,18,7,4,127
0x408af0,96.53%,11,306,317,305,9,2,1
0x46776c,81.9672%,11,50,61,21,10,1,29
0x4c6c28,81.6667%,11,49,60,10,8,3,39
0x60ab3c,60.7143%,11,17,28,5,4,7,12
0x4b0417,97.7178%,11,471,482,442,6,5,29
0x406cf7,66.6667%,11,22,33,22,11,0,0
0x46e8df,97.7867%,11,486,497,486,11,0,0
0x4d1c40,69.4444%,11,25,36,1,10,1,24
0x458c4c,62.069%,11,18,29,2,7,4,16
0x4ca1b1,99.828%,11,6383,6394,6383,11,0,0
0x4a3fc9,86.747%,11,72,83,42,8,3,30
0x47649e,99.9126%,11,12576,12587,12572,3,8,4
0x479fb5,99.1648%,11,1306,1317,1146,10,1,160
0x4214e7,87.2093%,11,75,86,60,7,4,15
0x478605,97.1576%,11,376,387,376,11,0,0
0x4e2b59,84.7222%,11,61,72,61,8,3,0
0x459df2,92.6667%,11,139,150,11,4,7,128
0x4a5e54,90.8333%,11,109,120,98,5,6,11
0x50fd7b,96.2457%,11,282,293,282,9,2,0
0x5f0b3e,54.1667%,11,13,24,10,6,5,3
0x60b1cc,57.6923%,11,15,26,2,4,7,13
0x4c5978,98.0322%,11,548,559,3,3,8,545
0x4b0013,78.8462%,11,41,52,41,11,0,0
0x49ec1a,89%,11,89,100,48,2,9,41
0x402577,97.4886%,11,427,438,180,6,5,247
0x4d9766,99.9477%,11,21028,21039,0,0,11,21028
0x49e988,83.8235%,11,57,68,29,5,6,28
0x4d5cc6,96.6565%,11,318,329,255,5,6,63
0x4d1c9e,95.9707%,11,262,273,7,8,3,255
0x420831,93.6416%,11,162,173,162,10,1,0
0x4c4163,99.0027%,11,1092,1103,1092,7,4,0
0x48deb2,97.1347%,10,339,349,339,7,3,0
0x4e2c23,86.6667%,10,65,75,62,10,0,3
0x408d34,99.279%,10,1377,1387,0,0,10,1377
0x4b3b14,90.1961%,10,92,102,92,10,0,0
0x49efee,90%,10,90,100,75,8,2,15
0x4bafec,98.8802%,10,883,893,804,3,7,79
0x48d675,99.8401%,10,6243,6253,1,8,2,6242
0x4bac1a,99.4135%,10,1695,1705,1632,6,4,63
0x5f31ba,97.6471%,10,415,425,3,4,6,412
0x4d17bc,96.7638%,10,299,309,0,0,10,299
0x4c480f,99.7613%,10,4180,4190,4180,9,1,0
0x4cd84c,97.669%,10,419,429,419,10,0,0
0x427c86,96.337%,10,263,273,263,10,0,0
0x4baaa5,99.8449%,10,6437,6447,1709,6,4,4728
0x412e23,72.2222%,10,26,36,0,0,10,26
0x49ce63,99.5837%,10,2392,2402,135,4,6,2257
0x458ad6,81.4815%,10,44,54,8,4,6,36
0x464b8f,83.0508%,10,49,59,37,7,3,12
0x4d7553,99.8954%,10,9550,9560,0,0,10,9550
0x4d3248,99.8276%,10,5791,5801,5791,10,0,0
0x40a696,99.8394%,10,6216,6226,5897,4,6,319
0x4be5c0,99.8965%,10,9651,9661,9648,5,5,3
0x4cfb06,99.9438%,10,17798,17808,17705,5,5,93
0x4280a5,76.1905%,10,32,42,23,1,9,9
0x4b2310,16.6667%,10,2,12,0,6,4,2
0x49aecc,82.1429%,10,46,56,43,10,0,3
0x48cb94,91.5966%,10,109,119,100,10,0,9
0x47383b,97.8448%,10,454,464,454,10,0,0
0x4c6ca5,99.8245%,10,5689,5699,0,3,7,5689
0x4d8e8a,99.9393%,10,16470,16480,16470,8,2,0
0x4df31c,86.6667%,10,65,75,0,3,7,65
0x48cdd1,97.0501%,10,329,339,329,7,3,0
0x457e7c,72.2222%,10,26,36,10,2,8,16
0x463c3a,99.6025%,10,2506,2516,2506,10,0,0
0x4b8b01,90.3846%,10,94,104,49,3,7,45
0x408aa1,96.8454%,10,307,317,0,7,3,307
0x4c2342,98.9201%,10,916,926,0,4,6,916
0x478aa9,99.8071%,10,5175,5185,5164,2,8,11
0x50fa56,47.3684%,10,9,19,2,1,9,7
0x49ed72,85.2941%,10,58,68,32,2,8,26
0x427a1f,95.5556%,10,215,225,6,9,1,209
0x49eb49,90%,10,90,100,46,4,6,44
0x4a441f,72.973%,10,27,37,12,8,2,15
0x47b706,99.6514%,10,2859,2869,2858,3,7,1
0x47bea2,99.3012%,10,1421,1431,1332,3,7,89
0x4655b7,92.1875%,10,118,128,107,6,4,11
0x4d76b2,99.748%,10,3959,3969,0,0,10,3959
0x4a44b0,72.973%,10,27,37,18,2,8,9
0x4d4101,92.9078%,10,131,141,114,6,4,17
0x4780cf,99.6329%,10,2714,2724,2706,4,6,8
0x4d7c39,98.2014%,10,546,556,464,5,5,82
0x608c3f,95.2381%,10,200,210,4,5,5,196
0x41b1ff,92.0635%,10,116,126,116,5,5,0
0x463c1b,99.6025%,10,2506,2516,126,5,5,2380
0x4b3539,85.2941%,10,58,68,26,8,2,32
0x40289c,99.5797%,10,2369,2379,2236,4,6,133
0x4b0b77,84.8485%,10,56,66,24,9,1,32
0x427bd6,76.1905%,10,32,42,10,5,5,22
0x40288a,99.5807%,10,2375,2385,0,6,4,2375
0x60acde,77.7778%,10,35,45,35,10,0,0
0x4adccb,97.3262%,10,364,374,97,9,1,267
0x475f73,99.9814%,10,53768,53778,53768,10,0,0
0x4baf23,99.8662%,10,7463,7473,6657,5,5,806
0x45b2fd,97.0326%,10,327,337,327,10,0,0
0x4ac9f8,94.1176%,10,160,170,30,4,6,130
0x47baae,95.3704%,10,206,216,99,6,4,107
0x4b34d8,94.1176%,10,160,170,95,7,3,65
0x4a853a,94.8187%,10,183,193,160,1,9,23
0x408a20,69.697%,10,23,33,21,8,2,2
0x45822d,98.5486%,10,679,689,18,2,8,661
0x401b40,99.661%,10,2940,2950,2940,10,0,0
0x609d26,82.1429%,10,46,56,0,4,6,46
0x4c5937,98.2111%,10,549,559,3,6,4,546
0x49c218,72.2222%,10,26,36,9,7,3,17
0x418521,47.0588%,9,8,17,5,7,2,3
0x4a6223,83.3333%,9,45,54,27,7,2,18
0x4d263d,92.3729%,9,109,118,104,5,4,5
0x4dec00,40%,9,6,15,6,6,3,0
0x4a7039,73.5294%,9,25,34,0,0,9,25
0x4ca813,98.6975%,9,682,691,241,1,8,441
0x41a3df,99.8755%,9,7220,7229,7220,9,0,0
0x4c6103,50%,9,9,18,4,5,4,5
0x5deec1,82.3529%,9,42,51,0,3,6,42
0x49c92d,99.6253%,9,2393,2402,2393,9,0,0
0x49943c,98.8281%,9,759,768,625,4,5,134
0x4b324f,86.7647%,9,59,68,29,5,4,30
0x4a6399,91.7431%,9,100,109,13,6,3,87
0x402466,93.1298%,9,122,131,45,7,2,77
0x4ac982,98.2625%,9,509,518,481,3,6,28
0x465a0e,93.8356%,9,137,146,136,8,1,1
0x50fc64,94%,9,141,150,33,6,3,108
0x49e7db,96.7153%,9,265,274,203,5,4,62
0x4bdf2b,91.4286%,9,96,105,0,2,7,96
0x48cc1c,97.2222%,9,315,324,0,0,9,315
0x41a34d,97.5275%,9,355,364,355,4,5,0
0x608bdf,97.0588%,9,297,306,285,6,3,12
0x4a3571,72.7273%,9,24,33,12,5,4,12
0x4190d2,79.0698%,9,34,43,33,7,2,1
0x46c328,98.5804%,9,625,634,0,0,9,625
0x4768d5,98.5318%,9,604,613,604,9,0,0
0x4a89f5,87.1429%,9,61,70,12,5,4,49
0x4acce2,73.5294%,9,25,34,11,6,3,14
0x49aef2,83.0189%,9,44,53,31,5,4,13
0x4d16c5,97.0874%,9,300,309,300,9,0,0
0x4671ea,93.5252%,9,130,139,32,6,3,98
0x4df1fd,89.6552%,9,78,87,78,6,3,0
0x4208c9,99.2874%,9,1254,1263,0,0,9,1254
0x478234,98.8048%,9,744,753,726,6,3,18
0x445af0,98.7179%,9,693,702,226,8,1,467
0x46ce89,62.5%,9,15,24,15,9,0,0
0x498bb5,99.2788%,9,1239,1248,1233,1,8,6
0x4a2e4d,82.6923%,9,43,52,27,6,3,16
0x5f0b81,77.5%,9,31,40,26,6,3,5
0x4dec97,66.6667%,9,18,27,9,3,6,9
0x4a785f,83.3333%,9,45,54,18,2,7,27
0x4ac0b7,55%,9,11,20,11,6,3,0
0x48acac,78.5714%,9,33,42,19,2,7,14
0x4c02dd,99.5991%,9,2236,2245,2,8,1,2234
0x4a51bb,75.6757%,9,28,37,17,3,6,11
0x49be80,75%,9,27,36,14,3,6,13
0x4c4eaa,99.6438%,9,2518,2527,340,8,1,2178
0x41a507,99.8748%,9,7178,7187,2066,4,5,5112
0x4be616,95.9821%,9,215,224,0,6,3,215
0x4c7aab,98.39%,9,550,559,541,6,3,9
0x4cf8e4,99.9453%,9,16443,16452,91,7,2,16352
0x49d018,95.5446%,9,193,202,125,9,0,68
0x46edc6,98.1891%,9,488,497,85,4,5,403
0x4607b9,59.0909%,9,13,22,13,6,3,0
0x4de2a5,68.9655%,9,20,29,18,8,1,2
0x49ea57,91%,9,91,100,46,4,5,45
0x411a33,97.973%,9,435,444,435,6,3,0
0x5f0b60,77.5%,9,31,40,0,0,9,31
0x4b362a,91.1765%,9,93,102,64,4,5,29
0x4b3152,86.7647%,9,59,68,28,6,3,31
0x4a7b9f,91.5888%,9,98,107,15,2,7,83
0x4ac3e7,99.0196%,9,909,918,909,9,0,0
0x4a2d80,82.6923%,9,43,52,24,9,0,19
0x5f2603,99.8858%,9,7872,7881,0,0,9,7872
0x6098fc,91.1765%,9,93,102,0,2,7,93
0x45ac0a,96.3855%,9,240,249,232,4,5,8
0x46eda8,98.1891%,9,488,497,488,9,0,0
0x46ff24,99.9221%,9,11545,11554,0,0,9,11545
0x4284fe,40%,9,6,15,5,7,2,1
0x4ad1bd,93.3824%,9,127,136,115,4,5,12
0x499765,75%,9,27,36,27,9,0,0
0x47b680,99.6863%,9,2860,2869,2860,9,0,0
0x4c2371,99.3488%,9,1373,1382,480,6,3,893
0x46354e,91.6667%,8,88,96,88,8,0,0
0x50fe07,98.7786%,8,647,655,0,4,4,647
0x47a1cc,97.1831%,8,276,284,2,6,2,274
0x4c4806,99.8096%,8,4194,4202,9,3,5,4185
0x498403,91.1111%,8,82,90,0,3,5,82
0x457420,92.9825%,8,106,114,71,4,4,35
0x4bb04c,94.8052%,8,146,154,0,6,2,146
0x4a119d,84.6154%,8,44,52,44,8,0,0
0x4115e9,99.8564%,8,5564,5572,5564,5,3,0
0x4a11d0,84.6154%,8,44,52,11,6,2,33
0x4a088f,95.7895%,8,182,190,153,1,7,29
0x5f30b1,99.6991%,8,2651,2659,2651,8,0,0
0x46efc5,50%,8,8,16,0,0,8,8
0x60b9ac,81.3953%,8,35,43,4,6,2,31
0x42806a,73.3333%,8,22,30,9,6,2,13
0x4c500a,99.7455%,8,3135,3143,3135,8,0,0
0x4ca67d,99.9121%,8,9094,9102,0,0,8,9094
0x45846e,27.2727%,8,3,11,0,0,8,3
0x46d653,97.4522%,8,306,314,1,7,1,305
0x479fa6,90.1235%,8,73,81,66,3,5,7
0x4c4dca,86.6667%,8,52,60,13,6,2,39
0x48c837,99.7682%,8,3443,3451,0,0,8,3443
0x4112a7,99.1453%,8,928,936,463,5,3,465
0x4ccf04,99.5553%,8,1791,1799,1791,4,4,0
0x41c685,94.0741%,8,127,135,117,4,4,10
0x4d2e00,86.2069%,8,50,58,49,6,2,1
0x48cdc7,97.6401%,8,331,339,331,8,0,0
0x4a7a73,95.7895%,8,182,190,152,4,4,30
0x4d5839,99.8887%,8,7180,7188,0,1,7,7180
0x45d990,70.3704%,8,19,27,15,7,1,4
0x4792ad,99.3459%,8,1215,1223,1215,8,0,0
0x4bb8fa,93.4426%,8,114,122,43,7,1,71
0x45fea2,99.8774%,8,6515,6523,19,6,2,6496
0x49cbf7,99.6669%,8,2394,2402,1829,4,4,565
0x5fa34e,68%,8,17,25,0,4,4,17
0x4655be,97.0149%,8,260,268,260,8,0,0
0x4ca1dc,99.9455%,8,14669,14677,14669,8,0,0
0x47b940,96.2963%,8,208,216,208,8,0,0
0x457ebf,33.3333%,8,4,12,0,0,8,4
0x4dfb07,87.3016%,8,55,63,46,5,3,9
0x46c9fb,99.4898%,8,1560,1568,69,7,1,1491
0x4c45ec,77.1429%,8,27,35,0,3,5,27
0x49e94c,97.5%,8,312,320,287,0,8,25
0x467253,98.9583%,8,760,768,587,6,2,173
0x4cb4ce,99.8699%,8,6142,6150,0,0,8,6142
0x408c01,97.4763%,8,309,317,0,7,1,309
0x4c3e7f,70.3704%,8,19,27,11,7,1,8
0x4cf5e5,95.5056%,8,170,178,164,5,3,6
0x499715,77.7778%,8,28,36,28,8,0,0
0x4da998,99.893%,8,7471,7479,5,7,1,7466
0x45db13,89.8734%,8,71,79,24,6,2,47
0x49cc91,99.6669%,8,2394,2402,136,3,5,2258
0x5ded35,46.6667%,8,7,15,0,6,2,7
0x4cd606,98.1524%,8,425,433,3,1,7,422
0x467c2e,91.2088%,8,83,91,83,8,0,0
0x47c913,99.5565%,8,1796,1804,1796,8,0,0
0x5de9ba,82.2222%,8,37,45,37,5,3,0
0x413261,80%,8,32,40,2,5,3,30
0x419621,99.4695%,8,1500,1508,1500,8,0,0
0x47c8cc,99.5573%,8,1799,1807,1799,5,3,0
0x4d8b48,99.2087%,8,1003,1011,463,5,3,540
0x45fe44,99.8774%,8,6518,6526,6517,6,2,1
0x49bb9b,77.7778%,8,28,36,10,7,1,18
0x5dd8f3,85.9649%,8,49,57,44,4,4,5
0x49f139,93.985%,8,125,133,99,1,7,26
0x47619e,99.8176%,8,4379,4387,1,5,3,4378
0x477f94,87.8788%,8,58,66,32,4,4,26
0x4764f3,99.8067%,8,4130,4138,4130,8,0,0
0x4b213d,76.4706%,8,26,34,15,2,6,11
0x4210c4,97.8437%,8,363,371,337,6,2,26
0x459cb9,95.0617%,8,154,162,0,3,5,154
0x4ce0a7,99.1489%,8,932,940,932,8,0,0
0x608cab,96.0591%,8,195,203,194,1,7,1
0x4ca84d,99.466%,8,1490,1498,384,7,1,1106
0x4a73b1,78.3784%,8,29,37,12,5,3,17
0x4c5993,99.9832%,8,47624,47632,1,6,2,47623
0x406cf3,81.3953%,8,35,43,8,2,6,27
0x4c579f,98.6777%,8,597,605,1,1,7,596
0x47a821,96.3801%,8,213,221,211,6,2,2
0x4b3980,92.1569%,8,94,102,94,8,0,0
0x45abe9,96.8254%,8,244,252,0,3,5,244
0x4b22ff,33.3333%,8,4,12,0,6,2,4
0x4ac7df,92%,8,92,100,47,3,5,45
0x477ec2,94.9045%,8,149,157,149,8,0,0
0x4bb1e2,99.4433%,8,1429,1437,1429,8,0,0
0x4db294,99.9609%,8,20459,20467,20459,8,0,0
0x49d302,76.4706%,8,26,34,10,7,1,16
0x5f0b8b,82.5%,7,33,40,0,4,3,33
0x4c7a75,98.7478%,7,552,559,96,6,1,456
0x48c1b9,98.5356%,7,471,478,471,7,0,0
0x4a8402,96.3731%,7,186,193,34,2,5,152
0x421524,91.8605%,7,79,86,74,4,3,5
0x4a4565,81.0811%,7,30,37,12,5,2,18
0x4591e6,58.8235%,7,10,17,10,7,0,0
0x5ef1cc,79.4118%,7,27,34,1,7,0,26
0x463a9d,99.1139%,7,783,790,783,4,3,0
0x4ba6ff,61.1111%,7,11,18,8,6,1,3
0x4a7b3c,93.4579%,7,100,107,100,7,0,0
0x47c0f4,96.9163%,7,220,227,214,1,6,6
0x4d1668,66.6667%,7,14,21,13,2,5,1
0x49c167,80.5556%,7,29,36,18,2,5,11
0x47b9d2,96.7593%,7,209,216,0,5,2,209
0x47c46c,96.7593%,7,209,216,209,2,5,0
0x401eee,80.5556%,7,29,36,26,4,3,3
0x4abe76,91.8605%,7,79,86,16,4,3,63
0x47a18f,95.6522%,7,154,161,138,2,5,16
0x4ca852,99.3677%,7,1100,1107,999,4,3,101
0x42088e,99.4458%,7,1256,1263,1256,7,0,0
0x498b7b,69.5652%,7,16,23,0,3,4,16
0x401f7c,93.913%,7,108,115,107,2,5,1
0x4c3aa4,74.0741%,7,20,27,7,5,2,13
0x4bc1f0,99.6692%,7,2109,2116,0,6,1,2109
0x4bc2b7,99.6679%,7,2101,2108,2101,4,3,0
0x4bf730,41.6667%,7,5,12,0,3,4,5
0x479aaf,99.9415%,7,11963,11970,11963,4,3,0
0x4ac94f,98.7455%,7,551,558,0,0,7,551
0x4be635,96.789%,7,211,218,211,5,2,0
0x48d0ec,97.9943%,7,342,349,0,3,4,342
0x4659eb,95.2055%,7,139,146,139,7,0,0
0x5ddf81,82.0513%,7,32,39,32,4,3,0
0x4d6403,95.8824%,7,163,170,163,7,0,0
0x47b883,99.756%,7,2862,2869,2862,7,0,0
0x4583f6,22.2222%,7,2,9,0,4,3,2
0x4be9a0,99.8743%,7,5560,5567,0,0,7,5560
0x4137ef,78.7879%,7,26,33,26,7,0,0
0x5dd8df,87.7193%,7,50,57,5,4,3,45
0x479ec6,91.358%,7,74,81,71,5,2,3
0x406df9,78.7879%,7,26,33,0,0,7,26
0x47a292,99.26%,7,939,946,936,4,3,3
0x47b22d,99.9416%,7,11977,11984,0,0,7,11977
0x48ab6c,83.3333%,7,35,42,35,7,0,0
0x48d734,97.9943%,7,342,349,340,6,1,2
0x418fdf,99.6844%,7,2211,2218,0,3,4,2211
0x4a5903,79.4118%,7,27,34,14,3,4,13
0x40a5f9,98.0769%,7,357,364,38,1,6,319
0x4be9ff,99.927%,7,9582,9589,0,2,5,9582
0x4b5f6b,79.4118%,7,27,34,14,3,4,13
0x4cd5b7,99.344%,7,1060,1067,1060,3,4,0
0x40187d,99.9151%,7,8239,8246,0,4,3,8239
0x4d1c12,80.5556%,7,29,36,0,0,7,29
0x418b96,98.6434%,7,509,516,509,7,0,0
0x60b46c,50%,7,7,14,1,6,1,6
0x459770,93.1373%,7,95,102,90,7,0,5
0x6099db,98.2716%,7,398,405,343,4,3,55
0x4be704,99.8643%,7,5151,5158,246,2,5,4905
0x4c891d,97.5862%,7,283,290,0,2,5,283
0x47d9ef,99.7535%,7,2833,2840,2833,7,0,0
0x4ca314,96.9957%,7,226,233,115,6,1,111
0x4a8836,93%,7,93,100,62,5,2,31
0x4a6156,97.9827%,7,340,347,340,7,0,0
0x60a83e,56.25%,7,9,16,9,7,0,0
0x4dca4c,99.8979%,7,6846,6853,6846,7,0,0
0x4a2a79,91.5663%,7,76,83,14,3,4,62
0x60b2be,0%,7,0,7,0,7,0,0
0x48bd44,98.6767%,7,522,529,67,4,3,455
0x418c1c,99.7269%,7,2556,2563,2556,7,0,0
0x4675ec,88.5246%,7,54,61,23,7,0,31
0x45b39d,94.9275%,7,131,138,131,3,4,0
0x4a1231,63.1579%,7,12,19,12,7,0,0
0x47ae02,96.8326%,7,214,221,0,4,3,214
0x4e0eea,78.7879%,7,26,33,14,4,3,12
0x4e2950,90.2778%,7,65,72,0,3,4,65
0x4e28ae,90.2778%,7,65,72,0,5,2,65
0x49a1de,80.5556%,7,29,36,29,7,0,0
0x4e069b,90.2778%,7,65,72,19,2,5,46
0x48ca37,98.7973%,7,575,582,0,0,7,575
0x4c4522,99.7292%,7,2578,2585,2578,7,0,0
0x412235,98.4234%,7,437,444,0,6,1,437
0x50faee,98.2005%,7,382,389,63,3,4,319
0x48d4b0,97.9412%,7,333,340,333,4,3,0
0x418245,89.3939%,7,59,66,58,6,1,1
0x45d944,74.0741%,7,20,27,17,1,6,3
0x4c48d0,98.9313%,7,648,655,648,7,0,0
0x4c4eb4,99.5346%,7,1497,1504,1497,7,0,0
0x6098bd,96.8037%,7,212,219,0,0,7,212
0x4d2702,94.0678%,7,111,118,111,7,0,0
0x46fedd,99.2678%,7,949,956,949,7,0,0
0x45769d,95.2381%,7,140,147,0,0,7,140
0x46f31a,77.4194%,7,24,31,24,7,0,0
0x4d61cc,98.7741%,7,564,571,564,3,4,0
0x60b31c,88.1356%,7,52,59,2,5,2,50
0x60b70c,36.3636%,7,4,11,3,4,3,1
0x48ab31,88.8889%,7,56,63,15,6,1,41
0x401f48,93.913%,7,108,115,108,7,0,0
0x4e2c0b,90.2778%,7,65,72,0,0,7,65
0x4bbac1,96.5%,7,193,200,9,5,2,184
0x47abdc,89.2308%,7,58,65,57,4,3,1
0x47ae44,99.9315%,7,10207,10214,10207,6,1,0
0x4be654,99.9312%,7,10167,10174,10167,5,2,0
0x4cbcc6,98.6486%,6,438,444,0,0,6,438
0x4b0781,98.4127%,6,372,378,372,6,0,0
0x462a90,50%,6,6,12,1,2,4,5
0x427476,60%,6,9,15,8,4,2,1
0x4dfad8,90.4762%,6,57,63,57,6,0,0
0x469932,99.0461%,6,623,629,623,6,0,0
0x4a6697,80.6452%,6,25,31,12,3,3,13
0x4bf758,77.7778%,6,21,27,14,4,2,7
0x41d385,62.5%,6,10,16,0,0,6,10
0x4534e2,33.3333%,6,3,9,3,6,0,0
0x428540,60%,6,9,15,0,3,3,9
0x477daa,99.6047%,6,1512,1518,0,6,0,1512
0x4282e0,60%,6,9,15,3,6,0,6
0x479b22,99.9492%,6,11816,11822,0,2,4,11816
0x462db1,98.1818%,6,324,330,324,6,0,0
0x4a70f8,82.3529%,6,28,34,28,6,0,0
0x467676,90.1639%,6,55,61,27,3,3,28
0x477f3f,99.2941%,6,844,850,0,3,3,844
0x4c3f15,94.3925%,6,101,107,101,6,0,0
0x49c738,91.3043%,6,63,69,46,4,2,17
0x4a51a2,83.7838%,6,31,37,31,6,0,0
0x5248c3,75%,6,18,24,17,4,2,1
0x4c73d5,99.7711%,6,2615,2621,642,3,3,1973
0x4282f0,0%,6,0,6,0,6,0,0
0x4c8913,72.7273%,6,16,22,9,6,0,7
0x41328e,14.2857%,6,1,7,0,3,3,1
0x5ef229,99.6294%,6,1613,1619,1613,6,0,0
0x4bf6f8,57.1429%,6,8,14,0,2,4,8
0x4ca5f9,99.9477%,6,11477,11483,11477,6,0,0
0x47cbd7,99.7916%,6,2873,2879,34,5,1,2839
0x421afb,99.5192%,6,1242,1248,0,0,6,1242
0x50fc6d,94.5946%,6,105,111,0,3,3,105
0x4c5754,99.8568%,6,4183,4189,4183,6,0,0
0x41a48f,99.917%,6,7223,7229,0,0,6,7223
0x4a89e0,91.4286%,6,64,70,34,2,4,30
0x4a7ba4,93.3333%,6,84,90,51,2,4,33
0x42108b,99.3318%,6,892,898,892,6,0,0
0x4c6c4b,66.6667%,6,12,18,0,0,6,12
0x408cd4,93.8776%,6,92,98,92,6,0,0
0x4d7a7e,85%,6,34,40,34,5,1,0
0x4ac86c,94%,6,94,100,46,4,2,48
0x428f82,99.8521%,6,4050,4056,4050,6,0,0
0x45a074,66.6667%,6,12,18,1,2,4,11
0x45b0d9,33.3333%,6,3,9,2,5,1,1
0x4bc7c0,94.1748%,6,97,103,97,0,6,0
0x45905a,33.3333%,6,3,9,0,4,2,3
0x4d6276,98.7368%,6,469,475,469,6,0,0
0x4c6200,99.7608%,6,2502,2508,2502,6,0,0
0x46105e,81.25%,6,26,32,26,6,0,0
0x5ee9a1,97.2477%,6,212,218,0,0,6,212
0x60a123,76.9231%,6,20,26,0,0,6,20
0x417305,95.5224%,6,128,134,128,6,0,0
0x5df8eb,60%,6,9,15,6,3,3,3
0x41b30c,95.2381%,6,120,126,117,4,2,3
0x4d7df8,93.0233%,6,80,86,0,0,6,80
0x4a200a,98.2808%,6,343,349,343,6,0,0
0x419425,99.9781%,6,27436,27442,27436,6,0,0
0x4bd9a5,97.5904%,6,243,249,243,6,0,0
0x4acdfc,0%,6,0,6,0,3,3,0
0x63387f,89.4737%,6,51,57,2,4,2,49
0x47d6fd,25%,6,2,8,2,6,0,0
0x49ca7a,99.7502%,6,2396,2402,2396,6,0,0
0x47707b,99.9786%,6,27985,27991,0,0,6,27985
0x60af7e,91.5493%,6,65,71,65,6,0,0
0x4a3f9f,92.7711%,6,77,83,77,6,0,0
0x464f05,93.617%,6,88,94,5,4,2,83
0x48c8c4,99.87%,6,4609,4615,0,0,6,4609
0x45b59a,99.9195%,6,7447,7453,7430,2,4,17
0x4dadd5,98.8909%,6,535,541,535,6,0,0
0x418ec1,64.7059%,6,11,17,11,6,0,0
0x49c3bb,81.8182%,6,27,33,27,6,0,0
0x4b6bb0,64.7059%,6,11,17,0,0,6,11
0x4b8f6e,99.9378%,6,9638,9644,0,0,6,9638
0x4d3f7f,77.7778%,6,21,27,20,1,5,1
0x47ba87,97.2222%,6,210,216,209,2,4,1
0x49af0b,83.3333%,6,30,36,29,4,2,1
0x459ce7,80%,6,24,30,20,1,5,4
0x4df205,92%,6,69,75,24,3,3,45
0x4d8baa,93.75%,6,90,96,88,5,1,2
0x4df3ba,71.4286%,6,15,21,14,4,2,1
0x413707,83.7838%,6,31,37,30,3,3,1
0x4d068b,96.25%,6,154,160,125,5,1,29
0x4198f1,90.625%,6,58,64,0,2,4,58
0x48d0b1,98.2808%,6,343,349,343,6,0,0
0x4a6273,96.8421%,6,184,190,168,5,1,16
0x4d7df1,93.1034%,6,81,87,0,1,5,81
0x418cb5,99.5231%,6,1252,1258,1252,5,1,0
0x4a5ea1,94.1748%,6,97,103,97,6,0,0
0x4678f5,80%,6,24,30,13,5,1,11
0x46d238,99.4732%,6,1133,1139,1133,6,0,0
0x47da24,99.7887%,6,2834,2840,0,0,6,2834
0x4658f7,92.9412%,6,79,85,79,6,0,0
0x4a667c,82.3529%,6,28,34,0,3,3,28
0x4136d4,85%,6,34,40,2,1,5,32
0x477d7d,99.6047%,6,1512,1518,1512,6,0,0
0x60b40e,14.2857%,6,1,7,1,6,0,0
0x49cb53,99.7502%,6,2396,2402,134,5,1,2262
0x4cab55,99.7106%,6,2067,2073,0,3,3,2067
0x4b5969,82.3529%,6,28,34,16,1,5,12
0x4bac56,99.3281%,6,887,893,887,6,0,0
0x4ad31b,82.3529%,6,28,34,16,1,5,12
0x4a121f,88.2353%,6,45,51,10,6,0,35
0x49849e,57.1429%,6,8,14,8,4,2,0
0x464583,98.4496%,6,381,387,175,4,2,206
0x465639,94.958%,6,113,119,1,5,1,112
0x4643f5,98.4496%,6,381,387,353,6,0,28
0x47657a,98.6425%,6,436,442,0,0,6,436
0x4b042d,82.3529%,6,28,34,28,6,0,0
0x4d64e9,99.4024%,6,998,1004,998,6,0,0
0x608d70,97.0443%,6,197,203,189,6,0,8
0x4c611d,66.6667%,6,12,18,4,5,1,8
0x401717,97.1564%,6,205,211,205,6,0,0
0x475fd4,99.9628%,6,16142,16148,16142,6,0,0
0x45a039,66.6667%,6,12,18,4,5,1,8
0x47b274,93.9394%,6,93,99,73,3,3,20
0x47a3c8,99.3658%,6,940,946,0,6,0,940
0x4b96d6,99.8346%,6,3621,3627,0,0,6,3621
0x49d140,96.2687%,5,129,134,129,5,0,0
0x462b7b,58.3333%,5,7,12,0,0,5,7
0x478b02,99.768%,5,2150,2155,2142,2,3,8
0x4cb2dc,99.8997%,5,4981,4986,4981,5,0,0
0x4a626c,97.3684%,5,185,190,0,0,5,185
0x609b26,92.8571%,5,65,70,20,2,3,45
0x4bb032,99.3895%,5,814,819,7,5,0,807
0x419232,88.3721%,5,38,43,37,3,2,1
0x4bc620,98.2332%,5,278,283,278,5,0,0
0x5de91d,16.6667%,5,1,6,0,3,2,1
0x49caa9,99.1213%,5,564,569,564,5,0,0
0x49f43f,92.6471%,5,63,68,0,0,5,63
0x45afe9,98.8814%,5,442,447,4,2,3,438
0x406c30,54.5455%,5,6,11,6,5,0,0
0x466d1b,98.9817%,5,486,491,0,0,5,486
0x4d6e3b,98.9775%,5,484,489,484,5,0,0
0x4de2f8,82.7586%,5,24,29,24,2,3,0
0x4b2498,85.2941%,5,29,34,16,1,4,13
0x49ce37,99.7918%,5,2397,2402,2397,5,0,0
0x49cc7b,99.7918%,5,2397,2402,1829,4,1,568
0x4db246,99.9756%,5,20462,20467,0,0,5,20462
0x402509,98.8584%,5,433,438,433,5,0,0
0x5f1ebd,99.7397%,5,1916,1921,0,1,4,1916
0x60b66a,85.7143%,5,30,35,20,3,2,10
0x47bebe,97.6415%,5,207,212,207,5,0,0
0x464b87,91.5254%,5,54,59,0,0,5,54
0x4d5d31,92.7536%,5,64,69,3,3,2,61
0x609ca6,84.375%,5,27,32,4,4,1,23
0x4b231c,16.6667%,5,1,6,1,5,0,0
0x5f1ed1,99.7396%,5,1915,1920,0,0,5,1915
0x5f2c2a,99.952%,5,10421,10426,0,0,5,10421
0x420bce,99.6209%,5,1314,1319,0,0,5,1314
0x4cd568,99.5314%,5,1062,1067,1062,5,0,0
0x478ff0,88.6364%,5,39,44,0,3,2,39
0x4c6c6a,72.2222%,5,13,18,13,5,0,0
0x5eefcd,99.9598%,5,12446,12451,0,0,5,12446
0x4a2b7f,87.5%,5,35,40,34,3,2,1
0x4790af,97.619%,5,205,210,205,5,0,0
0x4b6e93,70.5882%,5,12,17,12,5,0,0
0x45b79d,99.4407%,5,889,894,10,2,3,879
0x48ab84,88.0952%,5,37,42,37,5,0,0
0x45d96a,81.4815%,5,22,27,0,0,5,22
0x49ecab,95%,5,95,100,33,1,4,62
0x4d5a14,37.5%,5,3,8,3,5,0,0
0x4d8aef,75%,5,15,20,15,5,0,0
0x4ba461,95.9016%,5,117,122,117,5,0,0
0x47d0d5,72.2222%,5,13,18,5,4,1,8
0x4d600f,99.8454%,5,3229,3234,3229,5,0,0
0x46c918,99.7305%,5,1850,1855,0,0,5,1850
0x49f538,85.2941%,5,29,34,0,0,5,29
0x49ef5c,92.4242%,5,61,66,30,3,2,31
0x4d17c7,98.3819%,5,304,309,304,5,0,0
0x4d3ede,81.4815%,5,22,27,0,0,5,22
0x4675ab,91.8033%,5,56,61,0,0,5,56
0x60ac8c,28.5714%,5,2,7,2,2,3,0
0x4a7517,96.732%,5,148,153,148,5,0,0
0x4ca8d0,99.8132%,5,2672,2677,2672,5,0,0
0x4d2e61,75%,5,15,20,0,0,5,15
0x5fa40f,64.2857%,5,9,14,1,3,2,8
0x4dda94,72.2222%,5,13,18,13,5,0,0
0x469c18,95.8333%,5,115,120,8,4,1,107
0x49eb9b,95%,5,95,100,95,5,0,0
0x5f0b56,87.5%,5,35,40,0,0,5,35
0x4d0e54,98.8532%,5,431,436,5,1,4,426
0x4120da,98.8739%,5,439,444,439,5,0,0
0x5ee9c6,99.844%,5,3200,3205,0,0,5,3200
0x428538,72.2222%,5,13,18,0,3,2,13
0x48ac89,88.0952%,5,37,42,37,5,0,0
0x4136a0,87.5%,5,35,40,0,0,5,35
0x4ba64e,72.2222%,5,13,18,13,5,0,0
0x4ac407,99.4553%,5,913,918,0,0,5,913
0x4b905a,99.9741%,5,19283,19288,9642,2,3,9641
0x47af5c,99.8014%,5,2512,2517,2512,4,1,0
0x457249,99.6885%,5,1600,1605,1600,5,0,0
0x417e51,99.9836%,5,30499,30504,1,1,4,30498
0x4a5c88,85.2941%,5,29,34,12,5,0,17
0x47ac5a,97.7376%,5,216,221,0,0,5,216
0x60b07a,68.75%,5,11,16,0,5,0,11
0x4a6f8c,97.3262%,5,182,187,31,3,2,151
0x476969,99.745%,5,1956,1961,0,3,2,1956
0x47c0e7,97.8355%,5,226,231,0,4,1,226
0x60b01e,0%,5,0,5,0,5,0,0
0x4e0f07,66.6667%,5,10,15,10,2,3,0
0x4c7775,99.9436%,5,8856,8861,8856,5,0,0
0x467261,97.1429%,5,170,175,170,5,0,0
0x5faca4,16.6667%,5,1,6,0,2,3,1
0x60a74c,64.2857%,5,9,14,8,4,1,1
0x4bbbc0,95.5357%,5,107,112,0,0,5,107
0x418329,64.2857%,5,9,14,8,4,1,1
0x4c4e94,99.783%,5,2299,2304,2299,5,0,0
0x4b2fee,92.6471%,5,63,68,31,3,2,32
0x5ef1ad,98.8789%,5,441,446,0,0,5,441
0x4a426c,86.4865%,5,32,37,18,2,3,14
0x48d778,98.5251%,5,334,339,334,3,2,0
0x426f1f,68.75%,5,11,16,6,2,3,5
0x445d5c,99.6626%,5,1477,1482,0,0,5,1477
0x45d9a5,77.2727%,5,17,22,17,5,0,0
0x4a32b9,96.3504%,5,132,137,119,2,3,13
0x4ad2d1,85.2941%,5,29,34,15,2,3,14
0x45946b,66.6667%,5,10,15,10,2,3,0
0x45b8af,99.4407%,5,889,894,889,5,0,0
0x4d7d37,94.2529%,5,82,87,81,5,0,1
0x4bd3ba,99.7199%,5,1780,1785,0,0,5,1780
0x4c0335,94.3182%,5,83,88,0,1,4,83
0x4a84ae,94.9495%,5,94,99,14,5,0,80
0x47cbc5,99.7593%,5,2072,2077,2072,5,0,0
0x4654bb,70.5882%,5,12,17,3,5,0,9
0x4535ae,44.4444%,5,4,9,4,5,0,0
0x41803a,92.4242%,5,61,66,61,4,1,0
0x4b19ad,86.8421%,5,33,38,17,2,3,16
0x4b9668,96.0938%,5,123,128,63,1,4,60
0x4dcdb7,98.5994%,5,352,357,352,5,0,0
0x45b87d,99.4407%,5,889,894,889,5,0,0
0x49b794,86.1111%,5,31,36,13,4,1,18
0x60954d,94.0476%,5,79,84,79,2,3,0
0x4073da,84.8485%,5,28,33,5,5,0,23
0x4182c1,92.4242%,5,61,66,0,1,4,61
0x41920f,80%,5,20,25,20,2,3,0
0x4be5b4,99.9513%,5,10272,10277,615,1,4,9657
0x49f45e,92.6471%,5,63,68,33,1,4,30
0x4a2fd0,84.8485%,5,28,33,13,4,1,15
0x4a2dae,73.6842%,5,14,19,2,1,4,12
0x49c728,95.1456%,5,98,103,32,2,3,66
0x476e73,99.8874%,5,4437,4442,4437,5,0,0
0x4dd2c1,98.4894%,5,326,331,326,5,0,0
0x428645,92.6471%,5,63,68,63,5,0,0
0x47bb47,95.1456%,5,98,103,97,2,3,1
0x49c755,73.6842%,5,14,19,13,3,2,1
0x46c7bb,99.4829%,5,962,967,962,5,0,0
0x408b21,0%,5,0,5,0,0,5,0
0x49c781,73.6842%,5,14,19,0,0,5,14
0x465040,99.0706%,5,533,538,46,5,0,487
0x46d6db,96.063%,5,122,127,122,5,0,0
0x4a46ce,86.4865%,5,32,37,17,3,2,15
0x47c4da,99.9193%,5,6191,6196,0,0,5,6191
0x4597f6,94.8454%,5,92,97,0,0,5,92
0x4b9607,93.4211%,5,71,76,0,0,5,71
0x4a42e4,86.4865%,5,32,37,32,5,0,0
0x5f1dd2,85.7143%,5,30,35,29,3,2,1
0x5dd24c,16.6667%,5,1,6,0,0,5,1
0x4762c0,99.962%,5,13151,13156,13151,5,0,0
0x523d2e,16.6667%,5,1,6,1,2,3,0
0x45a820,93.8272%,5,76,81,0,1,4,76
0x4655b2,96.2687%,5,129,134,2,4,1,127
0x476bef,97.7477%,5,217,222,217,5,0,0
0x4996fe,99.1817%,5,606,611,591,2,3,15
0x609c26,88.0952%,5,37,42,17,3,2,20
0x460794,77.2727%,5,17,22,17,4,1,0
0x469876,97.5%,5,195,200,195,5,0,0
0x47829b,99.336%,5,748,753,0,0,5,748
0x4a3dbc,93.9759%,5,78,83,15,1,4,63
0x49cb85,99.7791%,5,2258,2263,1829,4,1,429
0x5f2dbc,99.8316%,5,2965,2970,2965,5,0,0
0x5dde7b,33.3333%,4,2,6,1,2,2,1
0x4b080c,88.2353%,4,30,34,30,4,0,0
0x408c3d,97.7401%,4,173,177,173,4,0,0
0x420c71,92.7273%,4,51,55,0,0,4,51
0x476c19,98.1982%,4,218,222,218,4,0,0
0x417e61,99.9869%,4,30498,30502,30498,4,0,0
0x4cfcad,88.5714%,4,31,35,31,4,0,0
0x467900,66.6667%,4,8,12,8,4,0,0
0x445a9a,99.1453%,4,464,468,0,0,4,464
0x5dec6d,33.3333%,4,2,6,2,4,0,0
0x5e48e2,33.3333%,4,2,6,0,0,4,2
0x4bb93b,94.4444%,4,68,72,68,2,2,0
0x458267,99.4021%,4,665,669,665,4,0,0
0x47cd4e,99.9193%,4,4952,4956,4952,4,0,0
0x4b85e7,96.1538%,4,100,104,100,4,0,0
0x49a669,88.8889%,4,32,36,32,4,0,0
0x4570d0,99.6194%,4,1047,1051,593,2,2,454
0x5114de,99.9979%,4,188109,188113,188109,4,0,0
0x47c4f4,99.9354%,4,6192,6196,6192,4,0,0
0x46ccda,94.7368%,4,72,76,72,1,3,0
0x4c45c8,99.5086%,4,810,814,728,3,1,82
0x5f2e1b,99.8653%,4,2966,2970,0,0,4,2966
0x4696e2,98%,4,196,200,19,3,1,177
0x445a6a,99.1453%,4,464,468,0,0,4,464
0x5de97f,33.3333%,4,2,6,2,4,0,0
0x4a62ef,91.6667%,4,44,48,44,4,0,0
0x4793ff,92.5926%,4,50,54,8,1,3,42
0x46993e,98.4962%,4,262,266,262,4,0,0
0x5deee5,91.1111%,4,41,45,2,1,3,39
0x4a3e84,95.1807%,4,79,83,13,3,1,66
0x4c3b0a,99.6691%,4,1205,1209,0,0,4,1205
0x4d64be,99.6928%,4,1298,1302,1298,4,0,0
0x466cf2,99.1853%,4,487,491,487,4,0,0
0x417fd1,99.8609%,4,2872,2876,0,2,2,2872
0x4b2f8e,88.2353%,4,30,34,30,4,0,0
0x4d8a9f,99.9773%,4,17613,17617,0,0,4,17613
0x47d5e5,55.5556%,4,5,9,0,0,4,5
0x50f503,99.8653%,4,2966,2970,2966,4,0,0
0x457f1e,83.3333%,4,20,24,20,4,0,0
0x4199b6,93.75%,4,60,64,60,2,2,0
0x4a77ea,96.2617%,4,103,107,0,0,4,103
0x4184bd,91.6667%,4,44,48,0,2,2,44
0x4a2405,76.4706%,4,13,17,13,4,0,0
0x4a2b07,95.1807%,4,79,83,79,4,0,0
0x45dad6,94.9367%,4,75,79,0,0,4,75
0x426f5a,50%,4,4,8,4,4,0,0
0x45acd9,98.4127%,4,248,252,236,3,1,12
0x45c24d,99.1701%,4,478,482,0,0,4,478
0x48a95d,90.4762%,4,38,42,19,2,2,19
0x45a817,95.0617%,4,77,81,0,0,4,77
0x5fa392,73.3333%,4,11,15,0,2,2,11
0x5fa37d,78.9474%,4,15,19,0,4,0,15
0x445c03,98.2906%,4,230,234,230,4,0,0
0x4cfc0f,99.9531%,4,8533,8537,0,0,4,8533
0x50f885,78.9474%,4,15,19,2,1,3,13
0x4c3a60,99.6716%,4,1214,1218,1214,4,0,0
0x4c6728,98.3871%,4,244,248,0,2,2,244
0x4a7b03,92.4528%,4,49,53,49,4,0,0
0x4d5c60,98.1395%,4,211,215,211,4,0,0
0x4020a1,99.8862%,4,3510,3514,0,0,4,3510
0x608c65,98.01%,4,197,201,0,0,4,197
0x4c89c1,76.4706%,4,13,17,1,3,1,12
0x5ef171,75%,4,12,16,12,2,2,0
0x4c2408,50%,4,4,8,1,1,3,3
0x45fcc4,93.9394%,4,62,66,62,1,3,0
0x460166,99.9387%,4,6522,6526,6522,4,0,0
0x4b35aa,96.0784%,4,98,102,98,4,0,0
0x46cdfa,94.7368%,4,72,76,72,4,0,0
0x4ba016,99.5128%,4,817,821,817,4,0,0
0x4a7b13,92.5926%,4,50,54,14,3,1,36
0x621021,42.8571%,4,3,7,0,0,4,3
0x462faa,95.8333%,4,92,96,0,0,4,92
0x4ad630,88.2353%,4,30,34,0,0,4,30
0x48c294,99.1632%,4,474,478,0,0,4,474
0x4b8e13,75%,4,12,16,12,4,0,0
0x48baaa,98.8201%,4,335,339,334,2,2,1
0x4597e2,96.0784%,4,98,102,3,2,2,95
0x4d59ec,50%,4,4,8,0,0,4,4
0x4631c0,95.8333%,4,92,96,0,0,4,92
0x48c5f1,99.3151%,4,580,584,0,2,2,580
0x60a9ec,20%,4,1,5,1,3,1,0
0x4e0b11,94.4444%,4,68,72,0,0,4,68
0x4dfb1f,66.6667%,4,8,12,7,2,2,1
0x4a51c6,80%,4,16,20,16,4,0,0
0x478f4e,99.5671%,4,920,924,0,3,1,920
0x473b09,99.1379%,4,460,464,460,4,0,0
0x420822,97.6879%,4,169,173,0,0,4,169
0x46353f,95.8333%,4,92,96,92,4,0,0
0x5f784b,95.122%,4,78,82,2,1,3,76
0x49eda1,88.2353%,4,30,34,0,0,4,30
0x405557,55.5556%,4,5,9,5,4,0,0
0x47d3ad,99.9191%,4,4943,4947,9,4,0,4934
0x4a5efb,76.4706%,4,13,17,13,4,0,0
0x60686a,99.7837%,4,1845,1849,1845,2,2,0
0x47d098,55.5556%,4,5,9,0,0,4,5
0x419166,90.6977%,4,39,43,39,4,0,0
0x4c3a08,99.9995%,4,756109,756113,0,0,4,756109
0x478b92,99.8134%,4,2140,2144,0,3,1,2140
0x4cfad9,99.6561%,4,1159,1163,1159,4,0,0
0x4e09d6,94.4444%,4,68,72,50,1,3,18
0x60688f,33.3333%,4,2,6,1,3,1,1
0x460110,99.9387%,4,6522,6526,0,3,1,6522
0x45b810,99.5465%,4,878,882,878,4,0,0
0x498a84,80%,4,16,20,0,0,4,16
0x4b8c34,97.1429%,4,136,140,115,1,3,21
0x47b73f,99.8606%,4,2865,2869,2865,4,0,0
0x417426,91.3043%,4,42,46,42,4,0,0
0x478306,99.4688%,4,749,753,0,0,4,749
0x4c593e,99.2727%,4,546,550,546,2,2,0
0x4c6441,50%,4,4,8,4,4,0,0
0x5fa289,94.8052%,4,73,77,1,1,3,72
0x5f05a4,96.6942%,4,117,121,0,0,4,117
0x4c4b09,99.997%,4,132604,132608,0,0,4,132604
0x5fa41b,60%,4,6,10,0,4,0,6
0x427a80,85.1852%,4,23,27,20,1,3,3
0x45c27b,84%,4,21,25,21,4,0,0
0x459e42,66.6667%,4,8,12,8,4,0,0
0x4d7995,90%,4,36,40,36,3,1,0
0x4593a5,73.3333%,4,11,15,1,2,2,10
0x49a430,88.8889%,4,32,36,32,4,0,0
0x4bce14,99.786%,4,1865,1869,0,0,4,1865
0x45b0b0,55.5556%,4,5,9,1,2,2,4
0x48d68f,55.5556%,4,5,9,0,0,4,5
0x4d3dd4,94.4444%,4,68,72,5,4,0,63
0x4a5983,96.6667%,4,116,120,116,4,0,0
0x49c36b,88.8889%,4,32,36,29,4,0,3
0x4d8fc6,99.8973%,4,3892,3896,0,0,4,3892
0x463e4b,99.0868%,4,434,438,434,4,0,0
0x49cf95,99.4792%,4,764,768,137,2,2,627
0x458e81,55.5556%,4,5,9,0,4,0,5
0x505efb,33.3333%,4,2,6,2,4,0,0
0x4d6e82,99.5429%,4,871,875,1,3,1,870
0x60af2c,33.3333%,4,2,6,1,3,1,1
0x50fd0e,97.0588%,4,132,136,132,3,1,0
0x4c7861,99.2844%,4,555,559,555,2,2,0
0x5dd982,55.5556%,4,5,9,4,2,2,1
0x420b2e,99.6967%,4,1315,1319,0,1,3,1315
0x4a6661,88.2353%,4,30,34,15,1,3,15
0x4d5866,99.8088%,4,2088,2092,5,3,1,2083
0x4c6618,0%,4,0,4,0,4,0,0
0x5deec8,91.6667%,4,44,48,0,3,1,44
0x606954,91.3043%,4,42,46,0,3,1,42
0x4c598e,99.9916%,4,47646,47650,15,3,1,47631
0x4a7be2,96.2617%,4,103,107,89,1,3,14
0x4a6faa,97.3856%,4,149,153,0,0,4,149
0x4be574,99.3506%,4,612,616,585,0,4,27
0x4b23bf,88.2353%,4,30,34,16,1,3,14
0x4a7bef,95.5556%,4,86,90,51,2,2,35
0x5f1d55,99.8653%,4,2966,2970,0,0,4,2966
0x479baa,99.9666%,4,11966,11970,0,0,4,11966
0x4d9754,99.981%,4,21035,21039,0,0,4,21035
0x5e22bd,33.3333%,4,2,6,0,0,4,2
0x4be48b,96.1165%,4,99,103,3,3,1,96
0x4027f1,99.8323%,4,2381,2385,2381,4,0,0
0x4c893e,95.1807%,4,79,83,79,3,1,0
0x4a469b,89.1892%,4,33,37,33,4,0,0
0x4a8a03,92.4528%,4,49,53,14,3,1,35
0x4a895c,94.2857%,4,66,70,32,2,2,34
0x48d48e,99.1404%,3,346,349,8,1,2,338
0x47661d,99.7186%,3,1063,1066,0,0,3,1063
0x47a56b,98%,3,147,150,143,1,2,4
0x4dd451,50%,3,3,6,3,3,0,0
0x50fb76,99.3852%,3,485,488,485,1,2,0
0x428500,0%,3,0,3,0,3,0,0
0x4a4c11,91.8919%,3,34,37,18,2,1,16
0x4a4b38,91.8919%,3,34,37,19,1,2,15
0x4b8d62,97.8571%,3,137,140,137,3,0,0
0x4dc1a6,96.9072%,3,94,97,94,2,1,0
0x49ef77,90.9091%,3,30,33,0,0,3,30
0x4c2757,99.949%,3,5877,5880,0,0,3,5877
0x41bbc3,99.5733%,3,700,703,0,0,3,700
0x4b90f8,99.9844%,3,19285,19288,9641,3,0,9644
0x47a7b4,97.7612%,3,131,134,131,3,0,0
0x4281f7,80%,3,12,15,0,3,0,12
0x4b9996,98.1013%,3,155,158,0,0,3,155
0x4d0d42,90%,3,27,30,27,3,0,0
0x47a7dd,97.7612%,3,131,134,131,3,0,0
0x5de99e,50%,3,3,6,2,1,2,1
0x4a506c,85%,3,17,20,14,3,0,3
0x4a629b,98.4211%,3,187,190,170,3,0,17
0x4192a4,93.0233%,3,40,43,0,0,3,40
0x44feb5,66.6667%,3,6,9,0,0,3,6
0x4d63e5,99.9633%,3,8176,8179,0,3,0,8176
0x4acbce,94.1176%,3,48,51,32,2,1,16
0x4cba6f,93.617%,3,44,47,44,3,0,0
0x45fce6,0%,3,0,3,0,3,0,0
0x4b214d,82.3529%,3,14,17,14,3,0,0
0x4615f3,99.5305%,3,636,639,636,3,0,0
0x4765d3,99.9171%,3,3614,3617,0,0,3,3614
0x49ed42,91.1765%,3,31,34,0,0,3,31
0x476866,99.7774%,3,1345,1348,0,0,3,1345
0x608d9e,62.5%,3,5,8,0,0,3,5
0x478bef,99.8601%,3,2141,2144,2141,3,0,0
0x4acd7b,50%,3,3,6,1,2,1,2
0x4d92f3,88.4615%,3,23,26,5,3,0,18
0x4ac7ed,94%,3,47,50,47,3,0,0
0x4ac888,94%,3,47,50,47,3,0,0
0x47bb3d,97.0874%,3,100,103,0,0,3,100
0x49ef6a,90.9091%,3,30,33,30,3,0,0
0x478699,50%,3,3,6,0,0,3,3
0x4ca82c,99.5658%,3,688,691,0,0,3,688
0x4b19e2,84.2105%,3,16,19,0,0,3,16
0x497a99,0%,3,0,3,0,0,3,0
0x47c481,98.6111%,3,213,216,213,3,0,0
0x47dd2d,99.8749%,3,2396,2399,0,0,3,2396
0x477f9e,99.912%,3,3406,3409,0,0,3,3406
0x417e3a,99.9902%,3,30501,30504,0,0,3,30501
0x4cbd28,93.617%,3,44,47,0,1,2,44
0x47d0bf,83.3333%,3,15,18,13,2,1,2
0x45a876,96.25%,3,77,80,77,1,2,0
0x469eed,88%,3,22,25,0,0,3,22
0x4117ad,99.3243%,3,441,444,441,3,0,0
0x4a8be0,91.6667%,3,33,36,0,0,3,33
0x4d4023,97.8723%,3,138,141,133,2,1,5
0x4d5716,99.8773%,3,2442,2445,0,0,3,2442
0x4ac095,85%,3,17,20,16,1,2,1
0x410f7d,0%,3,0,3,0,3,0,0
0x4c892f,96.6292%,3,86,89,0,3,0,86
0x49b774,91.6667%,3,33,36,0,0,3,33
0x4a799d,97.1963%,3,104,107,104,3,0,0
0x46971b,99.1573%,3,353,356,177,1,2,176
0x44383c,99.359%,3,465,468,0,0,3,465
0x443805,99.359%,3,465,468,465,3,0,0
0x47a98e,99.9882%,3,25421,25424,25421,3,0,0
0x4bbd2a,99.8749%,3,2395,2398,0,2,1,2395
0x418b53,99.9909%,3,33044,33047,24590,0,3,8454
0x4bf835,70%,3,7,10,7,1,2,0
0x4d63f8,98.2353%,3,167,170,0,0,3,167
0x460125,99.954%,3,6523,6526,0,3,0,6523
0x45b84a,75%,3,9,12,9,3,0,0
0x4650e8,99.384%,3,484,487,484,3,0,0
0x48b900,92.8571%,3,39,42,39,3,0,0
0x4a2ff8,90.9091%,3,30,33,14,3,0,16
0x44384f,99.359%,3,465,468,465,3,0,0
0x50f7d0,78.5714%,3,11,14,0,0,3,11
0x4de2ac,0%,3,0,3,0,3,0,0
0x4aca74,92.5%,3,37,40,31,3,0,6
0x405606,66.6667%,3,6,9,6,3,0,0
0x4570e0,99.3421%,3,453,456,453,3,0,0
0x460f07,95.3125%,3,61,64,30,2,1,31
0x5f0a76,99.8471%,3,1959,1962,0,0,3,1959
0x464f18,96.4706%,3,82,85,82,3,0,0
0x609f66,80%,3,12,15,2,0,3,10
0x4b5a0e,82.3529%,3,14,17,0,0,3,14
0x4d8e4e,85%,3,17,20,17,3,0,0
0x4d403b,97.8723%,3,138,141,0,0,3,138
0x4de2d7,89.6552%,3,26,29,26,3,0,0
0x49ac60,91.6667%,3,33,36,33,3,0,0
0x4d605b,83.3333%,3,15,18,15,3,0,0
0x499f6f,91.6667%,3,33,36,0,0,3,33
0x4b94a9,99.7492%,3,1193,1196,483,1,2,710
0x478f2e,99.6764%,3,924,927,0,3,0,924
0x46761c,95.082%,3,58,61,58,3,0,0
0x40a518,99.1758%,3,361,364,0,0,3,361
0x47a81d,98.6425%,3,218,221,0,0,3,218
0x4b85fa,97.1154%,3,101,104,101,3,0,0
0x4c3b8e,99.7569%,3,1231,1234,1231,3,0,0
0x478f0b,99.6891%,3,962,965,0,0,3,962
0x49d021,95.5882%,3,65,68,65,3,0,0
0x5f0c87,99.5098%,3,609,612,0,0,3,609
0x4bd463,99.9098%,3,3324,3327,0,0,3,3324
0x498c09,99.7596%,3,1245,1248,1233,1,2,12
0x4182d1,95.3846%,3,62,65,62,2,1,0
0x46efcb,81.25%,3,13,16,0,0,3,13
0x4ba72f,25%,3,1,4,1,3,0,0
0x4b3b73,95.5882%,3,65,68,65,3,0,0
0x46ca75,96.0526%,3,73,76,73,3,0,0
0x4cd19c,99.7188%,3,1064,1067,0,0,3,1064
0x47ae0d,98.6425%,3,218,221,218,3,0,0
0x4e0f1b,0%,3,0,3,0,3,0,0
0x426fa6,62.5%,3,5,8,5,3,0,0
0x4c79bd,99.4614%,3,554,557,554,3,0,0
0x4e0727,0%,3,0,3,0,3,0,0
0x4e2014,75%,3,9,12,5,1,2,4
0x4655ff,98.8806%,3,265,268,265,3,0,0
0x407c35,95.1613%,3,59,62,59,3,0,0
0x49a881,91.6667%,3,33,36,33,3,0,0
0x4638e1,96.875%,3,93,96,93,3,0,0
0x634512,50%,3,3,6,3,3,0,0
0x484b8a,92.8571%,3,39,42,0,0,3,39
0x5df573,91.6667%,3,33,36,0,3,0,33
0x458e2a,85%,3,17,20,1,1,2,16
0x4d139f,50%,3,3,6,3,3,0,0
0x4dae15,99.6026%,3,752,755,752,3,0,0
0x473a5a,99.3534%,3,461,464,461,3,0,0
0x5de956,0%,3,0,3,0,3,0,0
0x49ae77,94.6429%,3,53,56,53,3,0,0
0x4c58e7,99.993%,3,43049,43052,0,0,3,43049
0x45fc8f,0%,3,0,3,0,0,3,0
0x47b3f1,99.9706%,3,10217,10220,10217,3,0,0
0x469b96,97.5%,3,117,120,0,0,3,117
0x45ab4b,98.8095%,3,249,252,0,0,3,249
0x5dd238,50%,3,3,6,0,0,3,3
0x46cbd5,96.0526%,3,73,76,73,3,0,0
0x608bf6,98.5714%,3,207,210,0,0,3,207
0x46c384,99.9385%,3,4874,4877,0,0,3,4874
0x41bbe6,99.5733%,3,700,703,700,3,0,0
0x413a69,0%,3,0,3,0,3,0,0
0x6331ca,66.6667%,3,6,9,3,3,0,3
0x47b661,99.8954%,3,2866,2869,0,0,3,2866
0x464df9,98.1481%,3,159,162,0,0,3,159
0x4b6fb5,82.3529%,3,14,17,14,3,0,0
0x5de7e4,0%,3,0,3,0,3,0,0
0x4cd63f,99.3072%,3,430,433,430,3,0,0
0x497a3d,0%,3,0,3,0,0,3,0
0x420b47,99.7724%,3,1315,1318,0,0,3,1315
0x45c2a2,94.3396%,3,50,53,50,3,0,0
0x4c77df,99.4633%,3,556,559,556,3,0,0
0x48c1f8,99.3724%,3,475,478,475,3,0,0
0x408b99,40%,3,2,5,1,1,2,1
0x47bc9a,99.8061%,3,1544,1547,0,0,3,1544
0x5ee9bc,66.6667%,3,6,9,6,1,2,0
0x4b5fef,82.3529%,3,14,17,0,0,3,14
0x4acbe6,94.1176%,3,48,51,17,0,3,31
0x4deacd,88.8889%,3,24,27,24,3,0,0
0x4b99ac,99.9713%,3,10465,10468,10465,3,0,0
0x6331ab,66.6667%,3,6,9,0,3,0,6
0x4bda8d,99.9038%,3,3116,3119,0,3,0,3116
0x4b59b4,82.3529%,3,14,17,14,3,0,0
0x5fa3ab,76.9231%,3,10,13,0,3,0,10
0x4e0e12,92.3077%,3,36,39,30,3,0,6
0x49d008,98.5149%,3,199,202,0,0,3,199
0x421e92,57.1429%,3,4,7,4,3,0,0
0x4ad34d,91.8919%,3,34,37,14,3,0,20
0x4d6610,99.7036%,3,1009,1012,1009,3,0,0
0x4d9241,88.4615%,3,23,26,23,3,0,0
0x48c0bb,97.0874%,3,100,103,0,0,3,100
0x4b77a8,82.3529%,3,14,17,14,3,0,0
0x4c89bc,86.3636%,3,19,22,4,1,2,15
0x48dc27,99.1098%,3,334,337,2,1,2,332
0x45e565,25%,3,1,4,0,2,1,1
0x48acdc,85.7143%,3,18,21,18,3,0,0
0x4b5b32,91.1765%,3,31,34,15,2,1,16
0x479c60,99.9749%,3,11967,11970,0,0,3,11967
0x4b3b47,97.0588%,3,99,102,32,2,1,67
0x4925d3,0%,3,0,3,0,3,0,0
0x5ef52a,99.7137%,3,1045,1048,0,0,3,1045
0x478df5,97.4359%,3,114,117,114,3,0,0
0x4b94c8,99.5787%,3,709,712,0,0,3,709
0x420aa8,99.7625%,3,1260,1263,0,0,3,1260
0x45e8ad,82.3529%,3,14,17,14,3,0,0
0x4770a0,75%,3,9,12,9,3,0,0
0x45e1ab,25%,3,1,4,0,2,1,1
0x4d3e20,66.6667%,3,6,9,6,3,0,0
0x4a464d,91.8919%,3,34,37,16,1,2,18
0x460e82,95.3125%,3,61,64,0,0,3,61
0x467b4b,90%,3,27,30,27,3,0,0
0x4a4949,0%,3,0,3,0,3,0,0
0x45aab8,98.8095%,3,249,252,249,3,0,0
0x47d221,99.9394%,3,4944,4947,4944,3,0,0
0x467575,95.082%,3,58,61,58,3,0,0
0x523b09,0%,3,0,3,0,3,0,0
0x49b9e3,94.4444%,2,34,36,34,2,0,0
0x465555,77.7778%,2,7,9,7,1,1,0
0x4ca7a9,99.8395%,2,1244,1246,1244,1,1,0
0x45abd4,99.2063%,2,250,252,250,2,0,0
0x458b1a,96.2963%,2,52,54,52,2,0,0
0x4baf69,94.2857%,2,33,35,0,2,0,33
0x46c604,98.0198%,2,99,101,38,1,1,61
0x4cc7fd,90%,2,18,20,0,0,2,18
0x4d73c3,0%,2,0,2,0,2,0,0
0x4a7b21,98.1308%,2,105,107,15,2,0,90
0x4d1616,66.6667%,2,4,6,4,2,0,0
0x40742b,99.9864%,2,14758,14760,14758,2,0,0
0x4a6304,95.8333%,2,46,48,14,2,0,32
0x4014e2,99.9262%,2,2708,2710,2708,2,0,0
0x49a4c8,94.4444%,2,34,36,34,2,0,0
0x40272c,99.2063%,2,250,252,250,2,0,0
0x4d0697,93.3333%,2,28,30,28,2,0,0
0x4dca07,33.3333%,2,1,3,0,0,2,1
0x408b58,60%,2,3,5,3,2,0,0
0x420935,99.8416%,2,1261,1263,0,0,2,1261
0x4994b4,99.682%,2,627,629,0,0,2,627
0x5f1ddb,33.3333%,2,1,3,0,1,1,1
0x459800,97.9381%,2,95,97,95,1,1,0
0x473b94,99.569%,2,462,464,462,2,0,0
0x47bc1c,99.1736%,2,240,242,240,2,0,0
0x4a2503,96%,2,48,50,48,2,0,0
0x47ac12,96.9231%,2,63,65,63,2,0,0
0x4cb32e,99.9599%,2,4984,4986,4984,2,0,0
0x4d5c9c,90%,2,18,20,0,0,2,18
0x407994,80%,2,8,10,0,0,2,8
0x4c5c53,99.9587%,2,4837,4839,4837,2,0,0
0x4a5f0f,88.2353%,2,15,17,15,2,0,0
0x5ef099,99.9815%,2,10830,10832,0,0,2,10830
0x47bd69,99.8502%,2,1333,1335,0,0,2,1333
0x4c5a6a,99.9957%,2,46852,46854,46836,0,2,16
0x4c5b76,99.9957%,2,46852,46854,0,0,2,46852
0x477e3a,98.7261%,2,155,157,155,2,0,0
0x49e8eb,93.9394%,2,31,33,31,2,0,0
0x4a24f2,99.422%,2,344,346,344,2,0,0
0x4770b0,83.3333%,2,10,12,0,2,0,10
0x5de625,66.6667%,2,4,6,2,1,1,2
0x4c57e4,99.9953%,2,42544,42546,0,0,2,42544
0x479e6d,99.8481%,2,1315,1317,1315,2,0,0
0x4d7e53,99.5754%,2,469,471,0,0,2,469
0x47a1dc,99.2754%,2,274,276,274,2,0,0
0x4c51bd,99.9122%,2,2276,2278,2276,2,0,0
0x47da48,85.7143%,2,12,14,12,2,0,0
0x4c7d71,99.9449%,2,3625,3627,0,0,2,3625
0x4d8163,99.8101%,2,1051,1053,0,0,2,1051
0x49ee8d,93.75%,2,30,32,15,1,1,15
0x4a86c5,98.7261%,2,155,157,155,2,0,0
0x498ca2,99.8379%,2,1232,1234,0,0,2,1232
0x458cc0,93.1034%,2,27,29,27,2,0,0
0x469948,99.682%,2,627,629,0,0,2,627
0x4b0512,98.1132%,2,104,106,0,0,2,104
0x46d754,99.7576%,2,823,825,823,2,0,0
0x49eeea,99.449%,2,361,363,361,2,0,0
0x476172,99.994%,2,33549,33551,0,0,2,33549
0x46ca14,99.866%,2,1490,1492,1490,2,0,0
0x467548,96.7213%,2,59,61,0,0,2,59
0x4de319,93.1034%,2,27,29,27,2,0,0
0x49e75f,99.2701%,2,272,274,272,2,0,0
0x4a5b7c,90%,2,18,20,18,2,0,0
0x459d21,98.6667%,2,148,150,148,2,0,0
0x459fff,88.8889%,2,16,18,0,0,2,16
0x4782c6,99.7344%,2,751,753,0,0,2,751
0x4c3e43,92.5926%,2,25,27,25,2,0,0
0x459d97,98.6667%,2,148,150,148,2,0,0
0x4ddb8f,88.8889%,2,16,18,0,0,2,16
0x4a85a6,98.7261%,2,155,157,155,2,0,0
0x46cdc2,97.3684%,2,74,76,74,2,0,0
0x476e8b,99.955%,2,4440,4442,0,0,2,4440
0x4a1223,94.2857%,2,33,35,15,1,1,18
0x5f2dcd,99.9327%,2,2968,2970,0,0,2,2968
0x4d765e,99.9791%,2,9558,9560,9558,2,0,0
0x4cc6a1,99.9526%,2,4218,4220,0,0,2,4218
0x6331f4,77.7778%,2,7,9,7,2,0,0
0x479bb3,99.9833%,2,11968,11970,11968,2,0,0
0x4990c0,99.7396%,2,766,768,766,2,0,0
0x48d8ee,0%,2,0,2,0,0,2,0
0x4adbca,98.9583%,2,190,192,190,2,0,0
0x4a84ca,98.9637%,2,191,193,191,2,0,0
0x4c4eee,99.4269%,2,347,349,347,1,1,0
0x4b8eb9,99.9793%,2,9642,9644,9642,2,0,0
0x41371a,50%,2,2,4,2,2,0,0
0x475fa6,99.9884%,2,17213,17215,17213,2,0,0
0x47b5b4,99.9303%,2,2867,2869,2867,2,0,0
0x4d7526,99.9791%,2,9558,9560,9558,2,0,0
0x4b8b08,96.1538%,2,50,52,50,2,0,0
0x4b475f,97.0588%,2,66,68,0,0,2,66
0x4b8a28,96.1538%,2,50,52,50,2,0,0
0x5ef50a,99.8092%,2,1046,1048,0,0,2,1046
0x4a3e94,97.0149%,2,65,67,50,1,1,15
0x49a46c,94.4444%,2,34,36,34,2,0,0
0x4baf81,93.9394%,2,31,33,31,2,0,0
0x4df3d3,33.3333%,2,1,3,1,2,0,0
0x5f2dee,99.9327%,2,2968,2970,2968,2,0,0
0x4594d1,86.6667%,2,13,15,13,2,0,0
0x50fa20,89.4737%,2,17,19,0,0,2,17
0x45f054,75%,2,6,8,6,2,0,0
0x4a57c3,88.2353%,2,15,17,0,0,2,15
0x4c795c,0%,2,0,2,0,0,2,0
0x41b216,60%,2,3,5,3,2,0,0
0x48e574,75%,2,6,8,0,0,2,6
0x463cd6,99.5434%,2,436,438,436,2,0,0
0x48de7f,99.41%,2,337,339,337,2,0,0
0x46d95c,99.8244%,2,1137,1139,1137,2,0,0
0x4bb962,97.1429%,2,68,70,68,2,0,0
0x49aa2b,94.4444%,2,34,36,34,2,0,0
0x4bdf48,0%,2,0,2,0,1,1,0
0x401aa0,99.9322%,2,2948,2950,2948,2,0,0
0x47ddac,99.9166%,2,2397,2399,2397,2,0,0
0x5eb6f0,83.3333%,2,10,12,10,2,0,0
0x476c68,99.0991%,2,220,222,0,0,2,220
0x457484,94.8718%,2,37,39,37,2,0,0
0x49cc08,99.6485%,2,567,569,0,0,2,567
0x473c49,99.569%,2,462,464,462,2,0,0
0x426cc5,75%,2,6,8,0,0,2,6
0x4dd38e,98.9583%,2,190,192,190,2,0,0
0x4ba86b,99.9953%,2,42307,42309,0,0,2,42307
0x49f006,98%,2,98,100,82,1,1,16
0x4073d2,93.9394%,2,31,33,0,0,2,31
0x4d1c29,94.4444%,2,34,36,0,0,2,34
0x479ccf,98.6486%,2,146,148,1,2,0,145
0x50b0d9,0%,2,0,2,0,0,2,0
0x48d6ea,99.968%,2,6251,6253,6251,2,0,0
0x50f4f4,99.9337%,2,3015,3017,0,0,2,3015
0x408dad,99.3691%,2,315,317,315,2,0,0
0x401fb3,99.9436%,2,3544,3546,3544,2,0,0
0x4ba502,99.969%,2,6446,6448,0,0,2,6446
0x49efca,98%,2,98,100,98,2,0,0
0x4a3a46,94.1176%,2,32,34,0,0,2,32
0x49ad39,94.4444%,2,34,36,34,2,0,0
0x4d5fb3,99.9382%,2,3232,3234,3232,2,0,0
0x4703cd,99.5726%,2,466,468,466,2,0,0
0x4daef9,99.9902%,2,20465,20467,0,0,2,20465
0x462cb0,94.4444%,2,34,36,34,2,0,0
0x4dac96,99.6479%,2,566,568,566,2,0,0
0x464447,99.4832%,2,385,387,0,0,2,385
0x47c9bb,99.9475%,2,3806,3808,0,0,2,3806
0x4574a3,94.8718%,2,37,39,0,0,2,37
0x4d8fd4,99.9487%,2,3894,3896,0,0,2,3894
0x47931d,99.8674%,2,1506,1508,1506,2,0,0
0x4a4d73,94.5946%,2,35,37,15,2,0,20
0x4deaa6,92.5926%,2,25,27,0,0,2,25
0x4cc745,77.7778%,2,7,9,0,0,2,7
0x457c7a,95.2381%,2,40,42,40,2,0,0
0x4bc21a,98.895%,2,179,181,179,0,2,0
0x40a570,99.4505%,2,362,364,0,0,2,362
0x4a4410,94.5946%,2,35,37,0,0,2,35
0x4a28aa,97.5904%,2,81,83,81,2,0,0
0x4a5234,96.2963%,2,52,54,0,0,2,52
0x4a8851,97.0149%,2,65,67,65,2,0,0
0x4a7328,98.2759%,2,114,116,114,2,0,0
0x412f40,99.9667%,2,5996,5998,0,0,2,5996
0x4b16e7,93.75%,2,30,32,15,1,1,15
0x4131f3,95%,2,38,40,0,0,2,38
0x4d9686,92.3077%,2,24,26,0,0,2,24
0x4c4621,99.1632%,2,237,239,8,1,1,229
0x46d96c,99.8244%,2,1137,1139,1137,2,0,0
0x4a89aa,97.1429%,2,68,70,0,0,2,68
0x4a8503,93.75%,2,30,32,0,0,2,30
0x4770c9,50%,2,2,4,1,1,1,1
0x479ce8,91.6667%,2,22,24,22,2,0,0
0x469732,98.8764%,2,176,178,176,2,0,0
0x47a576,66.6667%,2,4,6,4,2,0,0
0x47c732,99.9659%,2,5860,5862,0,0,2,5860
0x49e6eb,94.1176%,2,32,34,0,0,2,32
0x49b8bf,94.4444%,2,34,36,15,2,0,19
0x464ff5,99.6283%,2,536,538,0,0,2,536
0x4b3639,94.1176%,2,32,34,32,2,0,0
0x48c71a,99.914%,2,2324,2326,2324,2,0,0
0x52484c,33.3333%,2,1,3,0,0,2,1
0x4a7318,94.5946%,2,35,37,15,2,0,20
0x4acb54,88.2353%,2,15,17,15,2,0,0
0x4acbaa,96.0784%,2,49,51,49,2,0,0
0x4055eb,77.7778%,2,7,9,0,0,2,7
0x4a25d8,96.1538%,2,50,52,50,2,0,0
0x41b968,60%,2,3,5,0,2,0,3
0x523c76,66.6667%,2,4,6,2,1,1,2
0x45b3d9,98.5507%,2,136,138,0,0,2,136
0x419254,95.3488%,2,41,43,41,2,0,0
0x49a44b,94.4444%,2,34,36,34,2,0,0
0x46727e,99.7396%,2,766,768,766,2,0,0
0x498bf5,99.8397%,2,1246,1248,0,0,2,1246
0x458578,81.8182%,2,9,11,9,2,0,0
0x4dde47,50%,2,2,4,2,1,1,0
0x418f35,99.9098%,2,2216,2218,2216,2,0,0
0x4d568f,99.9182%,2,2443,2445,2443,2,0,0
0x4d2fdb,99.8668%,2,1499,1501,1499,2,0,0
0x5f2e20,99.9327%,2,2968,2970,0,0,2,2968
0x464b18,86.6667%,2,13,15,13,2,0,0
0x46fe86,99.9925%,2,26542,26544,26542,2,0,0
0x46feca,99.9922%,2,25586,25588,25586,2,0,0
0x470077,99.9539%,2,4340,4342,0,0,2,4340
0x4c3e99,99.8394%,2,1243,1245,25,2,0,1218
0x49946e,99.682%,2,627,629,0,0,2,627
0x4a8482,98.9637%,2,191,193,191,2,0,0
0x457f17,91.6667%,2,22,24,0,0,2,22
0x458e0f,93.1034%,2,27,29,7,2,0,20
0x4018ac,50%,2,2,4,2,2,0,0
0x4d80b7,99.5726%,2,466,468,466,2,0,0
0x49c768,33.3333%,2,1,3,0,0,2,1
0x4d3e12,94.4444%,2,34,36,25,2,0,9
0x50f601,99.9248%,2,2657,2659,2657,2,0,0
0x47c1a1,50%,2,2,4,0,1,1,2
0x46302c,97.9167%,2,94,96,0,0,2,94
0x4631d0,97.9167%,2,94,96,94,2,0,0
0x463387,97.9167%,2,94,96,94,2,0,0
0x463de1,99.5434%,2,436,438,185,1,1,251
0x4b1631,98.0769%,2,102,104,102,2,0,0
0x41b958,60%,2,3,5,0,0,2,3
0x50fafd,99.3808%,2,321,323,321,2,0,0
0x464980,98.7342%,2,156,158,156,2,0,0
0x459727,98.0392%,2,100,102,100,2,0,0
0x47ad15,99.095%,2,219,221,219,2,0,0
0x6333c5,77.7778%,2,7,9,7,2,0,0
0x4e05fb,97.2222%,2,70,72,70,2,0,0
0x4dfbc4,96.8254%,2,61,63,61,2,0,0
0x5de9bf,66.6667%,2,4,6,2,1,1,2
0x45e554,0%,2,0,2,0,2,0,0
0x45e514,50%,2,2,4,0,2,0,2
0x5facab,66.6667%,2,4,6,3,1,1,1
0x5d862c,66.6667%,2,4,6,0,0,2,4
0x5dd25f,66.6667%,2,4,6,4,2,0,0
0x4df1dc,97.3333%,2,73,75,0,0,2,73
0x5de74e,66.6667%,2,4,6,2,1,1,2
0x5f7898,33.3333%,2,1,3,0,0,2,1
0x498163,33.3333%,2,1,3,1,2,0,0
0x498474,33.3333%,2,1,3,0,1,1,1
0x5de7ac,66.6667%,2,4,6,3,0,2,1
0x48aff9,90.4762%,2,19,21,19,2,0,0
0x5eefc3,99.9839%,2,12449,12451,0,0,2,12449
0x48ae12,95.2381%,2,40,42,19,2,0,21
0x470358,99.5726%,2,466,468,0,0,2,466
0x4b9b4f,95.4545%,2,42,44,0,0,2,42
0x463a88,99.7465%,2,787,789,0,0,2,787
0x5fa435,66.6667%,2,4,6,0,2,0,4
0x4185d8,91.3043%,2,21,23,21,2,0,0
0x469e7c,92%,2,23,25,0,0,2,23
0x4d7f05,99.5754%,2,469,471,469,2,0,0
0x469e97,92%,2,23,25,0,0,2,23
0x4d8b80,98.4127%,2,124,126,124,2,0,0
0x4e2b65,33.3333%,2,1,3,0,0,2,1
0x48424f,95.2381%,2,40,42,40,2,0,0
0x4df132,91.6667%,2,22,24,0,0,2,22
0x5df57c,93.9394%,2,31,33,31,2,0,0
0x4b3a57,98.0392%,2,100,102,100,2,0,0
0x4b5a52,94.1176%,2,32,34,32,2,0,0
0x609c0b,71.4286%,2,5,7,0,0,2,5
0x45f317,75%,2,6,8,6,2,0,0
0x4c8cdd,98.3871%,2,122,124,122,2,0,0
0x4c4188,98.6301%,2,144,146,144,2,0,0
0x5de9e3,66.6667%,2,4,6,4,2,0,0
0x4191ba,95.3488%,2,41,43,41,2,0,0
0x45dff5,50%,2,2,4,0,0,2,2
0x4b5ab9,94.1176%,2,32,34,32,2,0,0
0x47b475,97.9798%,2,97,99,97,2,0,0
0x4df214,95.8333%,2,46,48,0,0,2,46
0x609b8b,71.4286%,2,5,7,0,1,1,5
0x498a44,94.4444%,2,34,36,15,1,1,19
0x45e445,50%,2,2,4,2,2,0,0
0x45e25b,0%,2,0,2,0,0,2,0
0x49c22a,94.4444%,2,34,36,34,2,0,0
0x49c198,94.4444%,2,34,36,16,1,1,18
0x49bea2,89.4737%,2,17,19,2,1,1,15
0x49bd49,33.3333%,2,1,3,1,2,0,0
0x4285b7,86.6667%,2,13,15,13,2,0,0
0x497aa6,33.3333%,2,1,3,1,2,0,0
0x45b0e8,0%,2,0,2,0,2,0,0
0x462aa4,83.3333%,2,10,12,10,2,0,0
0x47c2ba,93.3333%,2,28,30,0,0,2,28
0x45e64b,50%,2,2,4,0,2,0,2
0x4d3f73,92.5926%,2,25,27,0,0,2,25
0x49f714,99.2701%,2,272,274,272,2,0,0
0x4079c9,80%,2,8,10,4,2,0,4
0x42743c,86.6667%,2,13,15,0,0,2,13
0x427e06,94.1176%,2,32,34,0,0,2,32
0x4112c1,99.5726%,2,466,468,466,2,0,0
0x450115,77.7778%,2,7,9,0,0,2,7
0x458e99,60%,2,3,5,3,2,0,0
0x47ccdd,94.8718%,2,37,39,37,2,0,0
0x4187f8,95.3488%,2,41,43,41,2,0,0
0x457abc,98.6395%,2,145,147,145,2,0,0
0x4a7020,94.1176%,2,32,34,0,0,2,32
0x4beb2c,98.0952%,2,103,105,0,2,0,103
0x4a2979,97.5904%,2,81,83,0,0,2,81
0x48d7d4,0%,2,0,2,0,2,0,0
0x4acf8f,94.1176%,2,32,34,32,2,0,0
0x5fa368,90.4762%,2,19,21,0,2,0,19
0x46ee82,99.5951%,2,492,494,492,2,0,0
0x45ff74,99.9694%,2,6524,6526,6524,2,0,0
0x4c601a,77.7778%,2,7,9,7,2,0,0
0x4a6352,98.4375%,2,126,128,126,2,0,0
0x427db0,97.0588%,2,66,68,32,2,0,34
0x4790a1,99.0476%,2,208,210,0,0,2,208
0x418a3a,99.9576%,2,4718,4720,0,0,2,4718
0x47b63e,99.9303%,2,2867,2869,2867,2,0,0
0x4bea6b,98.0952%,2,103,105,102,1,1,1
0x4149e1,33.3333%,2,1,3,1,2,0,0
0x4799c3,88.8889%,2,16,18,16,2,0,0
0x4a86dd,98.7261%,2,155,157,155,2,0,0
0x4d5d48,97.1014%,2,67,69,62,1,1,5
0x505f7c,66.6667%,2,4,6,4,2,0,0
0x4842d1,95.2381%,2,40,42,0,0,2,40
0x49c1bb,94.4444%,2,34,36,34,2,0,0
0x45dc03,87.5%,1,7,8,7,1,0,0
0x426e37,93.75%,1,15,16,15,1,0,0
0x46cbe6,98.6842%,1,75,76,75,1,0,0
0x4789e8,83.3333%,1,5,6,5,1,0,0
0x4792e8,99.9182%,1,1222,1223,1222,1,0,0
0x459819,99.0196%,1,101,102,101,1,0,0
0x426cd4,87.5%,1,7,8,7,1,0,0
0x4bdfc3,0%,1,0,1,0,1,0,0
0x4d76f7,99.9392%,1,1644,1645,1644,1,0,0
0x45dd38,87.5%,1,7,8,7,1,0,0
0x45dbd2,87.5%,1,7,8,7,1,0,0
0x60b9fe,98.9474%,1,94,95,94,1,0,0
0x4c4858,99.9867%,1,7493,7494,7493,1,0,0
0x4dc0ed,98.9691%,1,96,97,0,0,1,96
0x60ae2e,98.2456%,1,56,57,56,1,0,0
0x47cee4,97.4359%,1,38,39,38,1,0,0
0x420ceb,98.1818%,1,54,55,54,1,0,0
0x467b12,96.6667%,1,29,30,29,1,0,0
0x4cb4d7,99.9837%,1,6149,6150,6149,1,0,0
0x50fbaf,99.859%,1,708,709,708,1,0,0
0x4cabbd,66.6667%,1,2,3,2,1,0,0
0x4770d3,50%,1,1,2,1,1,0,0
0x5de553,66.6667%,1,2,3,2,1,0,0
0x4a5b52,66.6667%,1,2,3,2,1,0,0
0x4d1a84,99.6337%,1,272,273,272,1,0,0
0x4ba70e,75%,1,3,4,0,0,1,3
0x4cd5c1,75%,1,3,4,3,1,0,0
0x46796f,96.6667%,1,29,30,29,1,0,0
0x60b75e,92.3077%,1,12,13,12,1,0,0
0x467563,98.3607%,1,60,61,60,1,0,0
0x470448,0%,1,0,1,0,1,0,0
0x467a0c,96.6667%,1,29,30,29,1,0,0
0x4d1431,83.3333%,1,5,6,5,1,0,0
0x45f02e,87.5%,1,7,8,7,1,0,0
0x4b186a,98.5294%,1,67,68,67,1,0,0
0x45f14f,87.5%,1,7,8,7,1,0,0
0x4679b3,96.6667%,1,29,30,29,1,0,0
0x427bed,99.6337%,1,272,273,272,1,0,0
0x4786d0,83.3333%,1,5,6,5,1,0,0
0x459f4d,94.4444%,1,17,18,17,1,0,0
0x5ef08f,99.9908%,1,10831,10832,10831,1,0,0
0x47aff1,96.4286%,1,27,28,27,1,0,0
0x46227f,83.3333%,1,5,6,2,1,0,3
0x5ee90a,99.4792%,1,191,192,191,1,0,0
0x44329a,99.7863%,1,467,468,0,0,1,467
0x44321e,99.7863%,1,467,468,467,1,0,0
0x4b08f9,99.7354%,1,377,378,377,1,0,0
0x4a7323,99.2647%,1,135,136,19,1,0,116
0x46f2d9,96.7742%,1,30,31,30,1,0,0
0x478271,99.8672%,1,752,753,752,1,0,0
0x46552d,88.8889%,1,8,9,8,1,0,0
0x4703f3,99.7863%,1,467,468,467,1,0,0
0x45feff,99.9846%,1,6482,6483,6482,1,0,0
0x4b08b7,97.0588%,1,33,34,33,1,0,0
0x40226f,99.7151%,1,350,351,350,1,0,0
0x4cc346,96.5517%,1,28,29,28,1,0,0
0x49f0bf,98.7952%,1,82,83,82,1,0,0
0x470364,99.7863%,1,467,468,467,1,0,0
0x47c6d3,99.9829%,1,5861,5862,5861,1,0,0
0x4649fb,93.3333%,1,14,15,14,1,0,0
0x49c366,97.2222%,1,35,36,0,0,1,35
0x445d53,99.9325%,1,1481,1482,0,0,1,1481
0x4701f4,99.7863%,1,467,468,467,1,0,0
0x49c1ab,97.2222%,1,35,36,18,1,0,17
0x4cab8e,99.1453%,1,116,117,116,1,0,0
0x445947,99.7863%,1,467,468,467,1,0,0
0x41b324,80%,1,4,5,4,1,0,0
0x445d7a,99.8718%,1,779,780,779,1,0,0
0x45de7c,99.6885%,1,320,321,320,1,0,0
0x5ddc3f,83.3333%,1,5,6,5,1,0,0
0x4bd3a3,99.9709%,1,3430,3431,1645,1,0,1785
0x47ceb8,97.4359%,1,38,39,38,1,0,0
0x49e9e6,97.0588%,1,33,34,33,1,0,0
0x47050b,0%,1,0,1,0,1,0,0
0x479659,97.7778%,1,44,45,44,1,0,0
0x46ca63,98.6842%,1,75,76,75,1,0,0
0x465718,99.5192%,1,207,208,207,1,0,0
0x479576,99.8413%,1,629,630,629,1,0,0
0x48bdeb,99.811%,1,528,529,1,1,0,527
0x4657a4,99.5192%,1,207,208,207,1,0,0
0x46568e,99.7416%,1,386,387,178,1,0,208
0x5debb5,83.3333%,1,5,6,5,1,0,0
0x45fcdf,66.6667%,1,2,3,0,0,1,2
0x46adb6,93.3333%,1,14,15,14,1,0,0
0x49b81f,97.2222%,1,35,36,35,1,0,0
0x60ad7e,97.1429%,1,34,35,34,1,0,0
0x446099,99.7863%,1,467,468,467,1,0,0
0x445b17,99.7863%,1,467,468,467,1,0,0
0x4699df,98.8636%,1,87,88,87,1,0,0
0x47aa99,98.8889%,1,89,90,89,1,0,0
0x5ee898,99.3506%,1,153,154,153,1,0,0
0x40228e,99.7151%,1,350,351,350,1,0,0
0x4dafc5,99.9951%,1,20466,20467,20466,1,0,0
0x45ebf8,94.1176%,1,16,17,16,1,0,0
0x424024,91.6667%,1,11,12,11,1,0,0
0x4ca559,99.9724%,1,3626,3627,3626,1,0,0
0x523a65,66.6667%,1,2,3,2,1,0,0
0x4a8542,96.875%,1,31,32,31,1,0,0
0x406f59,90.9091%,1,10,11,10,1,0,0
0x5fa48e,0%,1,0,1,0,1,0,0
0x4645c2,99.5192%,1,207,208,207,1,0,0
0x4d6d76,96.9697%,1,32,33,32,1,0,0
0x5f0986,98.3607%,1,60,61,60,1,0,0
0x418201,0%,1,0,1,0,0,1,0
0x60a79e,98.3871%,1,61,62,61,1,0,0
0x47c193,99.5671%,1,230,231,227,0,1,3
0x424066,91.6667%,1,11,12,11,1,0,0
0x50f907,94.7368%,1,18,19,18,1,0,0
0x45eb9a,94.1176%,1,16,17,16,1,0,0
0x459742,99.0196%,1,101,102,101,1,0,0
0x457fb0,94.4444%,1,17,18,17,1,0,0
0x49f0e8,99.2481%,1,132,133,132,1,0,0
0x45e625,50%,1,1,2,1,1,0,0
0x4d740b,50%,1,1,2,1,1,0,0
0x45e9c6,94.1176%,1,16,17,16,1,0,0
0x49ee49,97.2222%,1,35,36,0,0,1,35
0x4d73ba,50%,1,1,2,1,1,0,0
0x45b60a,96.1538%,1,25,26,25,1,0,0
0x464888,93.3333%,1,14,15,14,1,0,0
0x478b29,99.8762%,1,807,808,807,1,0,0
0x4b3770,98.5294%,1,67,68,67,1,0,0
0x4b317c,97.0588%,1,33,34,33,1,0,0
0x4b3082,98.5294%,1,67,68,67,1,0,0
0x45347f,88.8889%,1,8,9,8,1,0,0
0x4d87fb,50%,1,1,2,1,1,0,0
0x4b6e44,94.1176%,1,16,17,16,1,0,0
0x4ac39a,99.8911%,1,917,918,917,1,0,0
0x4dde73,0%,1,0,1,0,1,0,0
0x4a7be9,94.1176%,1,16,17,16,1,0,0
0x473bc5,99.7845%,1,463,464,463,1,0,0
0x51236c,98.75%,1,79,80,79,1,0,0
0x422249,85.7143%,1,6,7,6,1,0,0
0x418146,0%,1,0,1,0,0,1,0
0x4ac345,99.8911%,1,917,918,917,1,0,0
0x4b8d2f,99.2857%,1,139,140,139,1,0,0
0x4b8c43,95.8333%,1,23,24,23,1,0,0
0x4d2077,93.3333%,1,14,15,14,1,0,0
0x4b8c1a,99.2857%,1,139,140,0,0,1,139
0x45ec70,94.1176%,1,16,17,16,1,0,0
0x5fa479,50%,1,1,2,0,1,0,1
0x464508,99.7416%,1,386,387,386,1,0,0
0x464531,99.7416%,1,386,387,386,1,0,0
0x4240f1,91.6667%,1,11,12,11,1,0,0
0x42407b,91.6667%,1,11,12,0,0,1,11
0x4ad32e,97.0588%,1,33,34,33,1,0,0
0x465593,99.7416%,1,386,387,386,1,0,0
0x4cb584,99.0385%,1,103,104,103,1,0,0
0x45e337,75%,1,3,4,3,1,0,0
0x45e11a,75%,1,3,4,1,1,0,2
0x5f1dbd,97.1429%,1,34,35,0,0,1,34
0x45e095,75%,1,3,4,0,0,1,3
0x45e046,75%,1,3,4,0,0,1,3
0x459f26,94.4444%,1,17,18,17,1,0,0
0x4d5e7b,99.5349%,1,214,215,214,1,0,0
0x45b25d,96.9697%,1,32,33,32,1,0,0
0x4275e2,91.6667%,1,11,12,11,1,0,0
0x45e01c,75%,1,3,4,3,1,0,0
0x45e3eb,75%,1,3,4,3,1,0,0
0x4a35a3,93.75%,1,15,16,0,0,1,15
0x407967,90%,1,9,10,9,1,0,0
0x4df90c,66.6667%,1,2,3,2,1,0,0
0x476b84,99.9772%,1,4388,4389,4388,1,0,0
0x4639b7,99.8733%,1,788,789,788,1,0,0
0x50f88c,93.75%,1,15,16,15,1,0,0
0x469ca3,99.1667%,1,119,120,0,0,1,119
0x476ae2,99.9652%,1,2871,2872,2871,1,0,0
0x4cf5b9,99.4382%,1,177,178,177,1,0,0
0x4d90c3,98.9583%,1,95,96,0,0,1,95
0x4d8ba3,98.9583%,1,95,96,0,0,1,95
0x47bfd2,75%,1,3,4,3,1,0,0
0x4d85a7,50%,1,1,2,1,1,0,0
0x4a355f,96.9697%,1,32,33,0,0,1,32
0x4ad3f1,98.6486%,1,73,74,73,1,0,0
0x48aac7,95.2381%,1,20,21,20,1,0,0
0x4d8692,50%,1,1,2,1,1,0,0
0x4d8675,50%,1,1,2,1,1,0,0
0x49ba40,97.2222%,1,35,36,35,1,0,0
0x4995d9,99.841%,1,628,629,628,1,0,0
0x4b16cb,96.875%,1,31,32,31,1,0,0
0x47d5fd,88.8889%,1,8,9,8,1,0,0
0x4a3085,96.9697%,1,32,33,32,1,0,0
0x4d861b,50%,1,1,2,1,1,0,0
0x4d85f2,50%,1,1,2,1,1,0,0
0x4b8e5b,93.75%,1,15,16,15,1,0,0
0x45e5ee,50%,1,1,2,1,1,0,0
0x406c14,91.6667%,1,11,12,11,1,0,0
0x4a52c3,99.1667%,1,119,120,119,1,0,0
0x45e237,50%,1,1,2,1,1,0,0
0x4017af,99.9879%,1,8245,8246,8245,1,0,0
0x45718f,99.949%,1,1960,1961,1960,1,0,0
0x464ba3,93.3333%,1,14,15,14,1,0,0
0x49f517,97.0588%,1,33,34,33,1,0,0
0x49e969,98.4848%,1,65,66,32,1,0,33
0x45e416,75%,1,3,4,3,1,0,0
0x4bb361,99.7253%,1,363,364,363,1,0,0
0x45922a,94.4444%,1,17,18,17,1,0,0
0x46719b,99.8698%,1,767,768,767,1,0,0
0x445d6c,99.8575%,1,701,702,701,1,0,0
0x5df5f3,66.6667%,1,2,3,0,0,1,2
0x5df4ad,66.6667%,1,2,3,2,1,0,0
0x633539,66.6667%,1,2,3,2,1,0,0
0x47b1c5,99.4286%,1,174,175,174,1,0,0
0x63350e,66.6667%,1,2,3,0,0,1,2
0x47b0e2,0%,1,0,1,0,1,0,0
0x48b92d,97.619%,1,41,42,41,1,0,0
0x4bdf80,0%,1,0,1,0,1,0,0
0x4ce4b6,0%,1,0,1,0,1,0,0
0x49af1e,66.6667%,1,2,3,2,1,0,0
0x45daf9,98.7342%,1,78,79,78,1,0,0
0x5df438,66.6667%,1,2,3,2,1,0,0
0x42862f,98.5294%,1,67,68,67,1,0,0
0x478215,99.8672%,1,752,753,752,1,0,0
0x420fe0,0%,1,0,1,0,1,0,0
0x5deb73,66.6667%,1,2,3,2,1,0,0
0x4cd238,99.7669%,1,428,429,428,1,0,0
0x4cd509,99.9063%,1,1066,1067,1066,1,0,0
0x5dd1f4,83.3333%,1,5,6,5,1,0,0
0x41808e,0%,1,0,1,0,1,0,0
0x5dcf3d,83.3333%,1,5,6,5,1,0,0
0x5dcc44,83.3333%,1,5,6,5,1,0,0
0x48b8f0,97.619%,1,41,42,41,1,0,0
0x487b9c,97.619%,1,41,42,41,1,0,0
0x4d29bf,99.1525%,1,117,118,117,1,0,0
0x40258e,99.6032%,1,251,252,251,1,0,0
0x45db5a,98.7342%,1,78,79,78,1,0,0
0x5ded6c,83.3333%,1,5,6,5,1,0,0
0x5de960,66.6667%,1,2,3,2,1,0,0
0x5de942,66.6667%,1,2,3,2,1,0,0
0x4021d0,99.7863%,1,467,468,467,1,0,0
0x4996ae,99.841%,1,628,629,0,0,1,628
0x45dae0,98.7342%,1,78,79,78,1,0,0
0x5dd8e6,97.9167%,1,47,48,47,1,0,0
0x5de808,66.6667%,1,2,3,2,1,0,0
0x5de754,66.6667%,1,2,3,2,1,0,0
0x484330,97.619%,1,41,42,41,1,0,0
0x47a0ca,99.3789%,1,160,161,160,1,0,0
0x633429,88.8889%,1,8,9,8,1,0,0
0x4b5afb,97.0588%,1,33,34,33,1,0,0
0x411311,99.8932%,1,935,936,467,1,0,468
0x45de0c,99.6764%,1,308,309,308,1,0,0
0x4d1be4,97.2222%,1,35,36,35,1,0,0
0x46e9ce,99.7701%,1,434,435,434,1,0,0
0x487b93,97.619%,1,41,42,0,0,1,41
0x5df5c7,66.6667%,1,2,3,2,1,0,0
0x49c91e,99.9584%,1,2401,2402,2401,1,0,0
0x4a132a,93.75%,1,15,16,15,1,0,0
0x45fa73,66.6667%,1,2,3,2,1,0,0
0x5f312c,99.9624%,1,2658,2659,2658,1,0,0
0x479c3a,99.947%,1,1886,1887,1886,1,0,0
0x48ae2b,95.2381%,1,20,21,20,1,0,0
0x4783b8,99.8672%,1,752,753,752,1,0,0
0x4d7d50,0%,1,0,1,0,1,0,0
0x411583,66.6667%,1,2,3,2,1,0,0
0x4cd4a3,99.9365%,1,1573,1574,1573,1,0,0
0x4d06d9,96.6667%,1,29,30,29,1,0,0
0x4dcd98,99.7199%,1,356,357,356,1,0,0
0x45fbfd,66.6667%,1,2,3,2,1,0,0
0x4190b4,97.6744%,1,42,43,42,1,0,0
0x406b8f,98.1481%,1,53,54,53,1,0,0
0x48afd3,95.2381%,1,20,21,20,1,0,0
0x45fa42,66.6667%,1,2,3,2,1,0,0
0x45fa1d,66.6667%,1,2,3,2,1,0,0
0x4c5503,99.9658%,1,2927,2928,2927,1,0,0
0x4431fd,99.7863%,1,467,468,467,1,0,0
0x4a126d,93.75%,1,15,16,15,1,0,0
0x45f932,66.6667%,1,2,3,2,1,0,0
0x4073a7,96.9697%,1,32,33,32,1,0,0
0x47c689,90%,1,9,10,9,1,0,0
0x45b7f0,91.6667%,1,11,12,11,1,0,0
0x498a74,95.6522%,1,22,23,0,0,1,22
0x49ce90,99.7674%,1,429,430,429,1,0,0
0x5fa454,66.6667%,1,2,3,0,1,0,2
0x5d8615,83.3333%,1,5,6,5,1,0,0
0x477f5b,99.6914%,1,323,324,323,1,0,0
0x40740d,99.9863%,1,7323,7324,0,0,1,7323
0x4840d7,95.2381%,1,20,21,20,1,0,0
0x5f2630,99.9873%,1,7880,7881,0,0,1,7880
0x4ccb29,99.7669%,1,428,429,428,1,0,0
0x47d962,99.7717%,1,437,438,437,1,0,0
0x45ed27,94.1176%,1,16,17,16,1,0,0
0x4840ca,95.2381%,1,20,21,0,0,1,20
0x4c9601,99.1935%,1,123,124,123,1,0,0
0x422aae,0%,1,0,1,0,0,1,0
0x422bea,0%,1,0,1,0,1,0,0
0x4795a0,99.8413%,1,629,630,629,1,0,0
0x4d096c,99.9766%,1,4274,4275,4274,1,0,0
0x5eb5a5,83.3333%,1,5,6,5,1,0,0
0x4ccb4c,99.7669%,1,428,429,428,1,0,0
0x445dca,99.7863%,1,467,468,467,1,0,0
0x5ebf29,83.3333%,1,5,6,5,1,0,0
0x5eecd1,85.7143%,1,6,7,0,0,1,6
0x4c4df2,97.561%,1,40,41,40,1,0,0
0x422ed1,0%,1,0,1,0,1,0,0
0x4782f1,99.8672%,1,752,753,752,1,0,0
0x4adc12,99%,1,99,100,99,1,0,0
0x45f16f,87.5%,1,7,8,7,1,0,0
0x4dc975,66.6667%,1,2,3,2,1,0,0
0x47b718,87.5%,1,7,8,7,1,0,0
0x477060,99.9964%,1,27990,27991,27990,1,0,0
0x467409,98.9011%,1,90,91,90,1,0,0
0x478f56,99.8918%,1,923,924,920,1,0,3
0x477154,91.6667%,1,11,12,11,1,0,0
0x47089a,0%,1,0,1,0,1,0,0
0x4a49cf,66.6667%,1,2,3,2,1,0,0
0x47b8c8,99.9443%,1,1795,1796,1795,1,0,0
0x4673bb,98.9011%,1,90,91,90,1,0,0
0x4a2abb,98.7952%,1,82,83,82,1,0,0
0x467be0,98.9011%,1,90,91,29,1,0,61
0x41a78f,99.8405%,1,626,627,626,1,0,0
0x4707ed,0%,1,0,1,0,1,0,0
0x4dec09,66.6667%,1,2,3,2,1,0,0
0x47c505,99.9839%,1,6195,6196,6195,1,0,0
0x479860,99.8549%,1,688,689,688,1,0,0
0x4d585a,94.4444%,1,17,18,17,1,0,0
0x4d7072,0%,1,0,1,0,0,1,0
0x46778b,98.3607%,1,60,61,60,1,0,0
0x4765e1,99.9724%,1,3616,3617,3616,1,0,0
0x462e41,99.2647%,1,135,136,135,1,0,0
0x4cb6e7,99.9733%,1,3745,3746,3745,1,0,0
0x4b07f0,99.7573%,1,411,412,377,1,0,34
0x465652,83.3333%,1,5,6,5,1,0,0
0x4c60c1,88.8889%,1,8,9,0,0,1,8
0x4d70d7,0%,1,0,1,0,1,0,0
0x4d3e09,97.2222%,1,35,36,35,1,0,0
0x5fa4e9,0%,1,0,1,0,1,0,0
0x41c654,99.8935%,1,938,939,938,1,0,0
0x4028cb,99.958%,1,2378,2379,2378,1,0,0
0x411479,99.7863%,1,467,468,467,1,0,0
0x469daf,98.9474%,1,94,95,94,1,0,0
0x47916d,99.989%,1,9053,9054,9053,1,0,0
0x44578c,99.7863%,1,467,468,467,1,0,0
0x47072c,0%,1,0,1,0,1,0,0
0x469686,99.7669%,1,428,429,0,0,1,428
0x45b493,96.5517%,1,28,29,28,1,0,0
0x427992,99.6337%,1,272,273,272,1,0,0
0x457478,97.4359%,1,38,39,38,1,0,0
0x4658e4,98.8235%,1,84,85,0,0,1,84
0x467bf1,98.3607%,1,60,61,60,1,0,0
0x4a45b5,97.2973%,1,36,37,36,1,0,0
0x4707d4,0%,1,0,1,0,1,0,0
0x4d9302,94.4444%,1,17,18,17,1,0,0
0x48ddf2,50%,1,1,2,1,1,0,0
0x6090e7,66.6667%,1,2,3,2,1,0,0
0x46782e,98.3607%,1,60,61,60,1,0,0
0x608d7a,87.5%,1,7,8,0,0,1,7
0x419941,98.4375%,1,63,64,63,1,0,0
0x4704f3,0%,1,0,1,0,1,0,0
0x467744,98.3607%,1,60,61,60,1,0,0
0x5face9,66.6667%,1,2,3,2,1,0,0
0x47c4ea,99.9839%,1,6195,6196,0,0,1,6195
0x41b06a,98.4848%,1,65,66,65,1,0,0
0x50f5be,99.9624%,1,2658,2659,2658,1,0,0
0x41a45a,99.9854%,1,6852,6853,0,0,1,6852
0x4a136c,93.75%,1,15,16,15,1,0,0
0x5fad26,66.6667%,1,2,3,2,1,0,0
0x4214d6,98.8372%,1,85,86,85,1,0,0
0x4cbd20,97.9167%,1,47,48,0,1,0,47
0x41224b,99.7717%,1,437,438,437,1,0,0
0x5fad0d,66.6667%,1,2,3,2,1,0,0
0x5facfc,66.6667%,1,2,3,2,1,0,0
0x4a8517,99.4819%,1,192,193,192,1,0,0
0x4ddd6f,75%,1,3,4,3,1,0,0
0x42131b,0%,1,0,1,0,0,1,0
0x5f14d4,75%,1,3,4,3,1,0,0
0x417417,97.8261%,1,45,46,45,1,0,0
0x5dec09,83.3333%,1,5,6,0,0,1,5
0x4bc16e,99.1935%,1,123,124,123,1,0,0
0x49edcd,97.0588%,1,33,34,33,1,0,0
0x5df63e,83.3333%,1,5,6,5,1,0,0
0x459e62,91.6667%,1,11,12,11,1,0,0
0x5def2d,83.3333%,1,5,6,5,1,0,0
0x417393,99.2537%,1,133,134,133,1,0,0
0x5deada,83.3333%,1,5,6,5,1,0,0
0x49ad18,97.2222%,1,35,36,35,1,0,0
0x4b3421,99.4118%,1,169,170,169,1,0,0
0x60aa3e,97.8261%,1,45,46,45,1,0,0
0x4697e0,99.7669%,1,428,429,428,1,0,0
0x4daa08,99.9863%,1,7317,7318,7317,1,0,0
0x4d70ee,0%,1,0,1,0,1,0,0
0x5dd900,88.8889%,1,8,9,8,1,0,0
0x443381,99.7863%,1,467,468,467,1,0,0
0x5de523,66.6667%,1,2,3,0,0,1,2
0x49cf9c,99.841%,1,628,629,628,1,0,0
0x632df4,66.6667%,1,2,3,2,1,0,0
0x418161,0%,1,0,1,0,1,0,0
0x4b988d,99.0291%,1,102,103,102,1,0,0
0x4d1122,83.3333%,1,5,6,5,1,0,0
0x48d432,66.6667%,1,2,3,2,1,0,0
0x4187a9,0%,1,0,1,0,1,0,0
0x41214e,99.7748%,1,443,444,443,1,0,0
0x5ddf86,66.6667%,1,2,3,2,1,0,0
0x4c9e23,99.9963%,1,26890,26891,26890,1,0,0
0x5d8b3a,83.3333%,1,5,6,5,1,0,0
0x5d8b1f,83.3333%,1,5,6,5,1,0,0
0x5d8d96,83.3333%,1,5,6,5,1,0,0
0x4d04c4,99.9874%,1,7933,7934,7933,1,0,0
0x5d8d84,83.3333%,1,5,6,0,0,1,5
0x5dde88,66.6667%,1,2,3,2,1,0,0
0x45dde6,99.6764%,1,308,309,308,1,0,0
0x4b5ada,97.0588%,1,33,34,33,1,0,0
0x4a8ad2,97.0588%,1,33,34,33,1,0,0
0x4dc0fc,98.9691%,1,96,97,96,1,0,0
0x4635ed,98.9583%,1,95,96,95,1,0,0
0x458af4,91.6667%,1,11,12,11,1,0,0
0x4be68d,50%,1,1,2,1,1,0,0
0x46c622,97.9167%,1,47,48,47,1,0,0
0x463188,98.9583%,1,95,96,95,1,0,0
0x5d8691,83.3333%,1,5,6,5,1,0,0
0x60b21e,98.9362%,1,93,94,93,1,0,0
0x46c619,92.8571%,1,13,14,13,1,0,0
0x4d5abb,99.9936%,1,15662,15663,15662,1,0,0
0x462ec2,98.9583%,1,95,96,95,1,0,0
0x4dc180,98.9691%,1,96,97,96,1,0,0
0x462dd4,99.697%,1,329,330,329,1,0,0
0x4591a1,94.4444%,1,17,18,0,1,0,17
0x47ae62,0%,1,0,1,0,1,0,0
0x45a52f,93.3333%,1,14,15,14,1,0,0
0x45f2ce,87.5%,1,7,8,7,1,0,0
0x45a2d9,93.3333%,1,14,15,14,1,0,0
0x4a3e04,93.75%,1,15,16,15,1,0,0
0x45a20f,93.3333%,1,14,15,14,1,0,0
0x470552,0%,1,0,1,0,1,0,0
0x4790fd,99.9881%,1,8368,8369,8368,1,0,0
0x45a764,98.7654%,1,80,81,80,1,0,0
0x408bb0,66.6667%,1,2,3,2,1,0,0
0x4137b0,66.6667%,1,2,3,2,1,0,0
0x4770b5,90%,1,9,10,1,1,0,8
0x4b0b9a,96.9697%,1,32,33,32,1,0,0
0x413904,66.6667%,1,2,3,2,1,0,0
0x45e288,50%,1,1,2,1,1,0,0
0x5f3165,99.9624%,1,2658,2659,0,0,1,2658
0x427444,93.3333%,1,14,15,14,1,0,0
0x4b8a6b,97.3684%,1,37,38,37,1,0,0
0x410efb,66.6667%,1,2,3,2,1,0,0
0x410e1d,66.6667%,1,2,3,2,1,0,0
0x413858,66.6667%,1,2,3,2,1,0,0
0x476d8b,99.9763%,1,4219,4220,4219,1,0,0
0x408e9b,95.8333%,1,23,24,23,1,0,0
0x41b64f,99.2063%,1,125,126,0,0,1,125
0x458231,99.8505%,1,668,669,668,1,0,0
0x4b16f7,93.75%,1,15,16,15,1,0,0
0x4207f5,99.422%,1,172,173,0,0,1,172
0x412f50,99.2188%,1,127,128,127,1,0,0
0x4b15ad,99.0385%,1,103,104,103,1,0,0
0x420bfa,99.9242%,1,1318,1319,1318,1,0,0
0x60a6ee,91.6667%,1,11,12,11,1,0,0
0x4b08dc,99.7573%,1,411,412,0,0,1,411
0x4dc4c9,98.9583%,1,95,96,95,1,0,0
0x4dc2f4,98.9583%,1,95,96,95,1,0,0
0x459fd1,94.4444%,1,17,18,17,1,0,0
0x45a00a,94.4444%,1,17,18,17,1,0,0
0x45835d,97.4359%,1,38,39,38,1,0,0
0x5f3110,99.9624%,1,2658,2659,2658,1,0,0
0x4593be,93.3333%,1,14,15,0,0,1,14
0x4a2fb3,96.9697%,1,32,33,32,1,0,0
0x4650aa,99.7947%,1,486,487,486,1,0,0
0x4d9663,96.1538%,1,25,26,0,0,1,25
0x498d25,99.9175%,1,1211,1212,1211,1,0,0
0x443919,99.7863%,1,467,468,467,1,0,0
0x47da5e,99.9646%,1,2825,2826,2825,1,0,0
0x401b09,99.9661%,1,2949,2950,2949,1,0,0
0x47d801,87.5%,1,7,8,7,1,0,0
0x443823,99.7863%,1,467,468,467,1,0,0
0x5fa546,0%,1,0,1,0,1,0,0
0x443775,99.8575%,1,701,702,701,1,0,0
0x457c08,66.6667%,1,2,3,2,1,0,0
0x5f2f6b,99.9663%,1,2969,2970,2969,1,0,0
0x443530,99.7863%,1,467,468,467,1,0,0
0x47c898,92.8571%,1,13,14,13,1,0,0
0x49cb5e,99.9558%,1,2262,2263,2262,1,0,0
0x479944,94.4444%,1,17,18,0,0,1,17
0x457f49,95.8333%,1,23,24,23,1,0,0
0x45f185,87.5%,1,7,8,7,1,0,0
0x4cd17e,99.9063%,1,1066,1067,1066,1,0,0
0x49bb34,97.2222%,1,35,36,35,1,0,0
0x465068,99.7947%,1,486,487,486,1,0,0
0x4d61dc,75%,1,3,4,0,1,0,3
0x41a474,99.9517%,1,2069,2070,2069,1,0,0
0x463b44,88.8889%,1,8,9,8,1,0,0
0x4d5803,99.9751%,1,4019,4020,4019,1,0,0
0x478e9c,99.9805%,1,5117,5118,5117,1,0,0
0x408b26,80%,1,4,5,4,1,0,0
0x46c31e,88.8889%,1,8,9,8,1,0,0
0x4be498,98.9691%,1,96,97,96,1,0,0
0x46c2ff,88.8889%,1,8,9,8,1,0,0
0x4b40b2,98.5294%,1,67,68,67,1,0,0
0x492729,66.6667%,1,2,3,2,1,0,0
0x4659c5,99.3151%,1,145,146,145,1,0,0
0x41809d,50%,1,1,2,0,1,0,1
0x40a629,99.9839%,1,6225,6226,6225,1,0,0
0x478a2a,83.3333%,1,5,6,5,1,0,0
0x4789af,83.3333%,1,5,6,5,1,0,0
0x45b7a1,99.8866%,1,881,882,881,1,0,0
0x49b535,97.2222%,1,35,36,35,1,0,0
0x4535d6,88.8889%,1,8,9,8,1,0,0
0x47955b,99.8413%,1,629,630,629,1,0,0
0x4534c2,88.8889%,1,8,9,8,1,0,0
0x4706f8,0%,1,0,1,0,0,1,0
0x5fa4d2,0%,1,0,1,0,0,1,0
0x4adaea,99.8208%,1,557,558,557,1,0,0
0x427acc,83.3333%,1,5,6,5,1,0,0
0x49d2cf,97.0588%,1,33,34,0,0,1,33
0x4ca621,99.9913%,1,11482,11483,11482,1,0,0
0x4c4e46,99.9513%,1,2053,2054,0,0,1,2053
0x4afff1,98.0769%,1,51,52,0,0,1,51
0x4affca,98.0769%,1,51,52,51,1,0,0
0x463064,98.9583%,1,95,96,95,1,0,0
0x608ea5,99.4872%,1,194,195,0,0,1,194
0x60aade,88.8889%,1,8,9,8,1,0,0
0x4adc20,98.913%,1,91,92,91,1,0,0
0x4bbcde,66.6667%,1,2,3,2,1,0,0
0x4c44ee,99.9613%,1,2584,2585,2584,1,0,0
0x46d67a,99.6732%,1,305,306,305,1,0,0
0x608d2e,99.5074%,1,202,203,0,0,1,202
0x60a98e,75%,1,3,4,3,1,0,0
0x45b13c,99.5595%,1,226,227,226,1,0,0
0x4192ce,97.6744%,1,42,43,42,1,0,0
0x60b7fe,80%,1,4,5,4,1,0,0
0x60b94e,90%,1,9,10,9,1,0,0
0x4b9b80,99.375%,1,159,160,159,1,0,0
0x46ccf2,66.6667%,1,2,3,2,1,0,0
0x4d1e07,99.6124%,1,257,258,257,1,0,0
0x49a3f8,97.2222%,1,35,36,35,1,0,0
0x48c12a,99.7908%,1,477,478,477,1,0,0
0x479e90,99.9241%,1,1316,1317,1316,1,0,0
0x5ef0a7,99.8917%,1,922,923,0,0,1,922
0x5ddf53,66.6667%,1,2,3,2,1,0,0
0x505e90,83.3333%,1,5,6,5,1,0,0
0x49a859,97.2222%,1,35,36,35,1,0,0
0x4589eb,97.5%,1,39,40,0,0,1,39
0x49b7a6,94.7368%,1,18,19,18,1,0,0
0x46f794,93.75%,1,15,16,15,1,0,0
0x46f569,93.75%,1,15,16,15,1,0,0
0x49a75f,97.2222%,1,35,36,35,1,0,0
0x4d0e6b,99.7674%,1,429,430,429,1,0,0
0x46f438,93.75%,1,15,16,15,1,0,0
0x4abea4,98.8372%,1,85,86,19,1,0,66
0x49ef42,99.1667%,1,119,120,119,1,0,0
0x4d770e,99.9748%,1,3968,3969,3968,1,0,0
0x4a5e7f,94.1176%,1,16,17,16,1,0,0
0x49ef32,99.5885%,1,242,243,242,1,0,0
0x505f0a,83.3333%,1,5,6,5,1,0,0
0x46f2ba,97.8723%,1,46,47,15,1,0,31
0x47ba93,80%,1,4,5,4,1,0,0
0x4cb5f9,83.3333%,1,5,6,5,1,0,0
0x46f145,93.75%,1,15,16,15,1,0,0
0x49ee2d,97.2222%,1,35,36,35,1,0,0
0x608c50,99.5025%,1,200,201,0,0,1,200
0x505edc,83.3333%,1,5,6,5,1,0,0
0x4d5cde,98.5507%,1,68,69,68,1,0,0
0x417f1b,99.9967%,1,30005,30006,30005,1,0,0
0x49a16b,97.2222%,1,35,36,35,1,0,0
0x41b4a5,80%,1,4,5,4,1,0,0
0x41b487,80%,1,4,5,4,1,0,0
0x4d8bbd,66.6667%,1,2,3,2,1,0,0
0x4192ac,97.6744%,1,42,43,42,1,0,0
0x462cd0,97.2222%,1,35,36,0,0,1,35
0x46c312,99.8423%,1,633,634,633,1,0,0
0x419288,97.6744%,1,42,43,42,1,0,0
0x46f75f,93.75%,1,15,16,15,1,0,0
0x4ac84c,98%,1,49,50,49,1,0,0
0x41ab5b,97.6744%,1,42,43,42,1,0,0
0x45a6c9,98.7654%,1,80,81,80,1,0,0
0x419222,66.6667%,1,2,3,2,1,0,0
0x46e557,66.6667%,1,2,3,2,1,0,0
0x41883e,97.6744%,1,42,43,42,1,0,0
0x49a134,97.2222%,1,35,36,35,1,0,0
0x45c2ff,99.6622%,1,295,296,295,1,0,0
0x4dca0c,66.6667%,1,2,3,2,1,0,0
0x41afbf,98.8764%,1,88,89,88,1,0,0
0x408eee,95.8333%,1,23,24,23,1,0,0
0x49f5d6,98.6111%,1,71,72,71,1,0,0
0x523c8f,66.6667%,1,2,3,2,1,0,0
0x4d7da2,0%,1,0,1,0,1,0,0
0x4a3ec9,93.75%,1,15,16,15,1,0,0
0x47cf9e,88.8889%,1,8,9,8,1,0,0
0x469789,99.7669%,1,428,429,428,1,0,0
0x4458bc,99.7863%,1,467,468,467,1,0,0
0x62101d,85.7143%,1,6,7,6,1,0,0
0x46e70f,66.6667%,1,2,3,2,1,0,0
0x4c7ae1,99.9219%,1,1279,1280,1279,1,0,0
0x4ad35a,95%,1,19,20,19,1,0,0
0x4d6ff8,66.6667%,1,2,3,2,1,0,0
0x4d6f31,66.6667%,1,2,3,2,1,0,0
0x4a3963,94.1176%,1,16,17,16,1,0,0
0x4d6f07,66.6667%,1,2,3,2,1,0,0
0x4b19bd,94.7368%,1,18,19,18,1,0,0
0x4d63cc,99.2%,1,124,125,124,1,0,0
0x427943,99.6337%,1,272,273,272,1,0,0
0x420a0b,99.9208%,1,1262,1263,0,0,1,1262
0x49a510,97.2222%,1,35,36,35,1,0,0
0x49a9bf,97.2222%,1,35,36,35,1,0,0
0x47a230,99.9135%,1,1155,1156,1155,1,0,0
0x4abff3,95%,1,19,20,19,1,0,0
0x47def0,66.6667%,1,2,3,2,1,0,0
0x4df9ba,98.4127%,1,62,63,62,1,0,0
0x4cebb6,99.9242%,1,1318,1319,1318,1,0,0
0x47de83,66.6667%,1,2,3,2,1,0,0
0x478f79,66.6667%,1,2,3,2,1,0,0
0x4458e3,99.7863%,1,467,468,467,1,0,0
0x4d16ea,99.6764%,1,308,309,308,1,0,0
0x4a8bcb,97.2222%,1,35,36,35,1,0,0
0x4ad2ad,94.1176%,1,16,17,16,1,0,0
0x4ad27e,94.1176%,1,16,17,16,1,0,0
0x5de4c6,66.6667%,1,2,3,0,0,1,2
0x45d9c5,80%,1,4,5,4,1,0,0
0x47019d,99.7863%,1,467,468,467,1,0,0
0x4ad25a,94.1176%,1,16,17,16,1,0,0
0x4ad1fb,94.1176%,1,16,17,16,1,0,0
0x4de90a,66.6667%,1,2,3,2,1,0,0
0x4ad14c,94.1176%,1,16,17,16,1,0,0
0x463bae,99.6377%,1,275,276,275,1,0,0
0x4acfed,94.1176%,1,16,17,16,1,0,0
0x45d9e0,80%,1,4,5,4,1,0,0
0x49e9ce,97.0588%,1,33,34,33,1,0,0
0x4acbfd,94.1176%,1,16,17,16,1,0,0
0x60aece,75%,1,3,4,3,1,0,0
0x45c2e7,99.7423%,1,387,388,0,0,1,387
0x427d97,98.5294%,1,67,68,67,1,0,0
0x490f1c,0%,1,0,1,0,1,0,0
0x4b23cf,94.1176%,1,16,17,16,1,0,0
0x4d1d6b,93.3333%,1,14,15,14,1,0,0
0x41a406,99.9862%,1,7228,7229,7228,1,0,0
0x4bbd89,99.9542%,1,2183,2184,0,0,1,2183
0x427be8,96.2963%,1,26,27,26,1,0,0
0x4b5ffd,94.1176%,1,16,17,16,1,0,0
0x4abf9d,95%,1,19,20,19,1,0,0
0x4a75b6,97.0588%,1,33,34,33,1,0,0
0x4b22ee,91.6667%,1,11,12,11,1,0,0
0x4b76cf,94.1176%,1,16,17,0,0,1,16
0x4b6dc8,94.1176%,1,16,17,16,1,0,0
0x4b6b27,94.1176%,1,16,17,16,1,0,0
0x60ac2e,75%,1,3,4,3,1,0,0
0x4b6a7a,94.1176%,1,16,17,16,1,0,0
0x4acee1,97.0588%,1,33,34,33,1,0,0
0x4b6a55,94.1176%,1,16,17,16,1,0,0
0x4d1d7e,99.6337%,1,272,273,272,1,0,0
0x427ef3,93.3333%,1,14,15,14,1,0,0
0x4b69c6,94.1176%,1,16,17,16,1,0,0
0x4b6587,94.1176%,1,16,17,16,1,0,0
0x4beaf9,50%,1,1,2,1,1,0,0
0x4b6c06,94.1176%,1,16,17,16,1,0,0
0x45ab17,99.6032%,1,251,252,251,1,0,0
0x4274df,91.6667%,1,11,12,11,1,0,0
0x5de53b,66.6667%,1,2,3,0,0,1,2
0x4b5f76,94.1176%,1,16,17,16,1,0,0
0x4783e9,99.8672%,1,752,753,752,1,0,0
0x49ea00,97.0588%,1,33,34,33,1,0,0
0x4b95c5,99.1803%,1,121,122,121,1,0,0
0x49b8c4,94.7368%,1,18,19,18,1,0,0
0x45d995,80%,1,4,5,4,1,0,0
0x497c6e,66.6667%,1,2,3,2,1,0,0
0x4cf582,99.9459%,1,1846,1847,1846,1,0,0
0x4ad64a,97.0588%,1,33,34,33,1,0,0
0x427dd6,97.0588%,1,33,34,33,1,0,0
0x4b0866,97.0588%,1,33,34,33,1,0,0
0x4699fe,98.8636%,1,87,88,87,1,0,0
0x47658e,99.6047%,1,252,253,252,1,0,0
0x40a597,99.7253%,1,363,364,363,1,0,0
0x4aca1a,97.0588%,1,33,34,33,1,0,0
0x4aca0f,99.2647%,1,135,136,101,1,0,34
0x4212c4,0%,1,0,1,0,1,0,0
0x60b6ae,85.7143%,1,6,7,6,1,0,0
0x4aff2c,99.505%,1,201,202,201,1,0,0
0x47c671,90%,1,9,10,9,1,0,0
0x48bc3a,99.811%,1,528,529,528,1,0,0
0x49f414,99.505%,1,201,202,133,1,0,68
0x4b17f1,98.5294%,1,67,68,67,1,0,0
0x4b5b19,97.0588%,1,33,34,33,1,0,0
0x47802f,99.9705%,1,3393,3394,3393,1,0,0
0x4b5a82,97.0588%,1,33,34,33,1,0,0
0x5d8793,83.3333%,1,5,6,5,1,0,0
0x45e528,50%,1,1,2,1,1,0,0
0x4b3541,97.0588%,1,33,34,33,1,0,0
0x45ed85,94.1176%,1,16,17,16,1,0,0
0x45ed50,94.1176%,1,16,17,16,1,0,0
0x4cd883,99.7669%,1,428,429,428,1,0,0
0x49c7e4,94.7368%,1,18,19,18,1,0,0
0x418e77,99.8445%,1,642,643,642,1,0,0
0x4b3266,97.0588%,1,33,34,33,1,0,0
0x464681,99.5192%,1,207,208,207,1,0,0
0x45da0a,80%,1,4,5,0,0,1,4
0x49ee99,93.75%,1,15,16,15,1,0,0
0x460080,99.9847%,1,6516,6517,6516,1,0,0
0x4acb14,97.0588%,1,33,34,33,1,0,0
0x4b8ae6,98.4848%,1,65,66,65,1,0,0
0x60b55e,66.6667%,1,2,3,2,1,0,0
0x4b0965,97.0588%,1,33,34,33,1,0,0
0x4b047a,97.0588%,1,33,34,33,1,0,0
0x50fbf3,96%,1,24,25,17,1,0,7
0x4ba27f,99.9672%,1,3044,3045,3044,1,0,0
0x4a7701,99.6764%,1,308,309,308,1,0,0
0x443681,99.7863%,1,467,468,467,1,0,0
0x4b5f34,97.0588%,1,33,34,33,1,0,0
0x473a86,99.7845%,1,463,464,463,1,0,0
0x47936e,98.1481%,1,53,54,53,1,0,0
0x4b5d86,97.0588%,1,33,34,33,1,0,0
0x4c649f,93.75%,1,15,16,7,1,0,8
0x4196ac,99.6622%,1,295,296,295,1,0,0
0x426967,80%,1,4,5,4,1,0,0
0x443649,99.7863%,1,467,468,0,0,1,467
0x4ad6bb,97.0588%,1,33,34,33,1,0,0
0x412e2f,97.2222%,1,35,36,35,1,0,0
0x476b5b,99.9772%,1,4388,4389,4388,1,0,0
0x4054ad,88.8889%,1,8,9,8,1,0,0
0x60b16e,83.3333%,1,5,6,5,1,0,0
0x405496,88.8889%,1,8,9,0,0,1,8
0x40a5b0,99.7253%,1,363,364,363,1,0,0
0x45a048,88.8889%,1,8,9,8,1,0,0
0x420a5a,99.9208%,1,1262,1263,1262,1,0,0
0x4185b7,50%,1,1,2,1,1,0,0
0x413202,97.5%,1,39,40,39,1,0,0
0x4a2489,99.7859%,1,466,467,466,1,0,0
0x47ab7f,99.5475%,1,220,221,220,1,0,0
0x49c1e0,97.2222%,1,35,36,35,1,0,0
0x414a24,97.2973%,1,36,37,36,1,0,0
0x408edf,95.8333%,1,23,24,23,1,0,0
0x49a456,97.2222%,1,35,36,35,1,0,0
0x45aca8,99.6032%,1,251,252,251,1,0,0
0x45a01f,94.4444%,1,17,18,0,0,1,17
0x46cc80,98.6842%,1,75,76,75,1,0,0
0x4d15d5,83.3333%,1,5,6,5,1,0,0
0x401ad0,99.9661%,1,2949,2950,2949,1,0,0
0x4a3985,94.1176%,1,16,17,16,1,0,0
0x48d2fc,99.7135%,1,348,349,2,1,0,346
0x4145dd,66.6667%,1,2,3,2,1,0,0
0x5f3087,99.9624%,1,2658,2659,2658,1,0,0
0x47d860,87.5%,1,7,8,7,1,0,0
0x4df91f,88.8889%,1,8,9,8,1,0,0
0x460214,66.6667%,1,2,3,2,1,0,0
0x459da8,99.3333%,1,149,150,149,1,0,0
0x47a738,99.2537%,1,133,134,133,1,0,0
0x4a8a0d,97.2222%,1,35,36,35,1,0,0
0x459d53,99.3333%,1,149,150,149,1,0,0
0x47dd8c,91.6667%,1,11,12,11,1,0,0
0x4baadb,99.9841%,1,6300,6301,0,0,1,6300
0x4782b1,99.8672%,1,752,753,752,1,0,0
0x47d749,87.5%,1,7,8,7,1,0,0
0x40a4f4,99.7253%,1,363,364,363,1,0,0
0x45aa18,98.7654%,1,80,81,80,1,0,0
0x4b22e1,91.6667%,1,11,12,11,1,0,0
0x45a788,98.7654%,1,80,81,80,1,0,0
0x45a6ee,98.7654%,1,80,81,80,1,0,0
0x45a6a8,98.7654%,1,80,81,80,1,0,0
0x45a685,98.7654%,1,80,81,80,1,0,0
0x45a5f9,98.7654%,1,80,81,80,1,0,0
0x45a5d3,98.7654%,1,80,81,80,1,0,0
0x459e99,99.3827%,1,161,162,161,1,0,0
0x4b9957,99.6169%,1,260,261,102,1,0,158
0x45a5bf,98.7654%,1,80,81,80,1,0,0
0x49b8ca,94.1176%,1,16,17,16,1,0,0
0x4a3dfe,98.5075%,1,66,67,66,1,0,0
0x47cf7f,88.8889%,1,8,9,8,1,0,0
0x4cd169,99.9063%,1,1066,1067,1066,1,0,0
0x4a5c70,97.0588%,1,33,34,33,1,0,0
0x4a5c4c,97.0588%,1,33,34,0,0,1,33
0x4beab3,50%,1,1,2,1,1,0,0
0x4a5884,97.0588%,1,33,34,33,1,0,0
0x428508,91.6667%,1,11,12,11,1,0,0
0x4a24ed,98%,1,49,50,49,1,0,0
0x45b43d,96.5517%,1,28,29,28,1,0,0
0x4283cd,93.3333%,1,14,15,14,1,0,0
0x47ae50,0%,1,0,1,0,0,1,0
0x4a30d3,94.1176%,1,16,17,16,1,0,0
0x45a0eb,94.4444%,1,17,18,17,1,0,0
0x4d405d,99.2908%,1,140,141,140,1,0,0
0x465851,83.3333%,1,5,6,5,1,0,0
0x464f3b,88.8889%,1,8,9,8,1,0,0
0x50f80d,99.67%,1,302,303,302,1,0,0
0x49f022,98.7952%,1,82,83,82,1,0,0
0x49f110,99.2481%,1,132,133,132,1,0,0
0x428207,91.6667%,1,11,12,11,1,0,0
0x4b24a8,94.1176%,1,16,17,16,1,0,0
0x49ec80,98%,1,49,50,49,1,0,0
0x4acd5c,98.0392%,1,50,51,33,1,0,17
0x4accfa,94.1176%,1,16,17,16,1,0,0
0x49ea65,98%,1,49,50,49,1,0,0
0x4a3152,94.1176%,1,16,17,16,1,0,0
0x4d644e,99.9788%,1,4722,4723,0,0,1,4722
0x418789,0%,1,0,1,0,0,1,0
0x4a2465,66.6667%,1,2,3,2,1,0,0
0x41a682,99.9854%,1,6852,6853,6852,1,0,0
0x4a28d1,98.7952%,1,82,83,82,1,0,0
0x48d9fc,50%,1,1,2,1,1,0,0
0x4d256c,99.1525%,1,117,118,117,1,0,0
0x45da8e,98.7342%,1,78,79,78,1,0,0
0x4d2597,99.1525%,1,117,118,117,1,0,0
0x4a2731,96.9697%,1,32,33,0,0,1,32
0x4a2548,96.9697%,1,32,33,32,1,0,0
0x4cb989,97.8723%,1,46,47,46,1,0,0
0x4a3ba1,99.4681%,1,187,188,0,0,1,187
0x4a3130,94.1176%,1,16,17,16,1,0,0
0x45b08c,99.0099%,1,100,101,100,1,0,0
0x45a0bd,94.4444%,1,17,18,17,1,0,0
0x4285a0,91.6667%,1,11,12,11,1,0,0
0x428598,91.6667%,1,11,12,11,1,0,0
0x465506,88.8889%,1,8,9,8,1,0,0
0x4d0be4,96.6667%,1,29,30,29,1,0,0
0x48c3c8,99.4709%,1,188,189,0,0,1,188
0x422eb8,0%,1,0,1,0,1,0,0
0x428556,91.6667%,1,11,12,11,1,0,0
0x411868,99.7748%,1,443,444,443,1,0,0
0x421535,87.5%,1,7,8,7,1,0,0
0x4ce027,99.985%,1,6664,6665,6664,1,0,0
0x476201,99.9966%,1,29155,29156,0,0,1,29155
0x476a73,99.949%,1,1960,1961,1960,1,0,0
0x4d1ca7,99.6124%,1,257,258,257,1,0,0
0x49ed23,97.0588%,1,33,34,33,1,0,0
0x49bbaf,94.7368%,1,18,19,15,1,0,3
0x4d7020,66.6667%,1,2,3,2,1,0,0
0x48afc3,95.2381%,1,20,21,20,1,0,0
0x4679a3,96.6667%,1,29,30,29,1,0,0
0x497b38,66.6667%,1,2,3,2,1,0,0
0x401dc3,99.9661%,1,2949,2950,2949,1,0,0
0x4c2610,95.2381%,1,20,21,20,1,0,0
0x4583e6,88.8889%,1,8,9,8,1,0,0
0x461068,96.875%,1,31,32,31,1,0,0
0x45e124,50%,1,1,2,1,1,0,0
0x4d381c,99.966%,1,2940,2941,2940,1,0,0
0x45dab0,98.7342%,1,78,79,78,1,0,0
0x457769,99.3197%,1,146,147,146,1,0,0
0x4d8f0f,99.9565%,1,2299,2300,2299,1,0,0
0x4b34e7,98.5294%,1,67,68,67,1,0,0
0x47b61a,99.9332%,1,1495,1496,1495,1,0,0
0x49ec66,98%,1,49,50,49,1,0,0
0x5df35a,83.3333%,1,5,6,5,1,0,0
0x4d8b27,99.9011%,1,1010,1011,1010,1,0,0
0x4cd7b7,99.7199%,1,356,357,356,1,0,0
0x4d0a25,95.2381%,1,20,21,20,1,0,0
0x457ce5,97.619%,1,41,42,41,1,0,0
0x4a5b93,95%,1,19,20,19,1,0,0
0x4b76f0,94.1176%,1,16,17,16,1,0,0
0x45b1bd,99.7778%,1,449,450,449,1,0,0
0x4ba3d8,99.9915%,1,11818,11819,551,1,0,11267
0x45947e,66.6667%,1,2,3,0,0,1,2
0x4ba5f0,99.1803%,1,121,122,121,1,0,0
0x47db28,99.9646%,1,2825,2826,2825,1,0,0
0x41af76,98.8764%,1,88,89,88,1,0,0
0x457d30,97.619%,1,41,42,41,1,0,0
0x457d11,97.619%,1,41,42,41,1,0,0
0x46d82d,99.9122%,1,1138,1139,0,0,1,1138
0x4a46de,94.1176%,1,16,17,16,1,0,0
0x4c2832,99.983%,1,5879,5880,5879,1,0,0
0x4d0a04,95.2381%,1,20,21,20,1,0,0
0x45da37,96.2963%,1,26,27,26,1,0,0
0x499fce,97.2222%,1,35,36,35,1,0,0
0x45fe6b,66.6667%,1,2,3,2,1,0,0
0x4ad1e8,94.1176%,1,16,17,16,1,0,0
0x48d67a,99.984%,1,6243,6244,6243,1,0,0
0x4d9620,96.1538%,1,25,26,25,1,0,0
0x428080,93.3333%,1,14,15,14,1,0,0
0x4deb8c,91.6667%,1,11,12,11,1,0,0
0x457c6a,97.619%,1,41,42,41,1,0,0
0x46504e,99.7947%,1,486,487,486,1,0,0
0x477fb6,99.9431%,1,1755,1756,1755,1,0,0
0x47ab38,99.992%,1,12514,12515,12514,1,0,0
0x45842c,75%,1,3,4,3,1,0,0
0x469a7e,99.1667%,1,119,120,119,1,0,0
0x4ce13e,99.7955%,1,488,489,488,1,0,0
0x60b60e,95.6522%,1,22,23,22,1,0,0
0x420d3c,98.1818%,1,54,55,54,1,0,0
0x41a4d7,99.9862%,1,7228,7229,7228,1,0,0
0x463966,99.8733%,1,788,789,788,1,0,0
0x5deef1,97.619%,1,41,42,41,1,0,0
0x49c965,99.9584%,1,2401,2402,2401,1,0,0
0x4df828,88.8889%,1,8,9,8,1,0,0
0x463a71,99.8733%,1,788,789,788,1,0,0
0x499322,99.8698%,1,767,768,767,1,0,0
0x523c67,83.3333%,1,5,6,5,1,0,0
0x4c7963,50%,1,1,2,1,1,0,0
0x49d2af,97.0588%,1,33,34,33,1,0,0
0x458d4f,96.5517%,1,28,29,28,1,0,0
0x4a2558,99.6403%,1,277,278,277,1,0,0
0x4aca92,83.3333%,1,5,6,5,1,0,0
0x4a4d81,95%,1,19,20,19,1,0,0
0x411597,66.6667%,1,2,3,2,1,0,0
0x5df4ba,66.6667%,1,2,3,2,1,0,0
0x478ead,99.9805%,1,5117,5118,5117,1,0,0
0x458c83,95%,1,19,20,19,1,0,0
0x4015bf,99.8636%,1,732,733,732,1,0,0
0x4d5a6f,99.9956%,1,22936,22937,22936,1,0,0
0x4149a3,66.6667%,1,2,3,2,1,0,0
0x60b8ae,97.6744%,1,42,43,42,1,0,0
0x48e40d,96.5517%,1,28,29,0,0,1,28
0x408d74,99.9279%,1,1386,1387,1386,1,0,0
0x4d10f0,99.7555%,1,408,409,408,1,0,0
0x4c5afd,99.9979%,1,46835,46836,46691,0,1,144
0x4a516f,95%,1,19,20,19,1,0,0
0x45ab94,99.6032%,1,251,252,251,1,0,0
0x49ac54,97.2222%,1,35,36,35,1,0,0
0x420848,99.422%,1,172,173,172,1,0,0
0x479ee5,98.7654%,1,80,81,80,1,0,0
0x49af76,95%,1,19,20,19,1,0,0
0x4a2686,96.9697%,1,32,33,32,1,0,0
0x4a3036,94.1176%,1,16,17,16,1,0,0
0x479ea1,99.9241%,1,1316,1317,1316,1,0,0
0x4d0ae1,95.2381%,1,20,21,20,1,0,0
0x41adea,99.0991%,1,110,111,110,1,0,0
0x4a752c,97.0588%,1,33,34,33,1,0,0
0x5df29d,66.6667%,1,2,3,2,1,0,0
0x497c86,66.6667%,1,2,3,0,0,1,2
0x4a8563,99.4819%,1,192,193,192,1,0,0
0x459f76,94.4444%,1,17,18,17,1,0,0
0x5f07af,98.9247%,1,92,93,92,1,0,0
0x46cea2,95.8333%,1,23,24,23,1,0,0
0x4214b2,98.8372%,1,85,86,85,1,0,0
0x4d1082,99.7555%,1,408,409,408,1,0,0
0x498435,98.8506%,1,86,87,0,1,0,86
0x60b5bc,83.3333%,1,5,6,2,1,0,3
0x4ad737,97.0588%,1,33,34,33,1,0,0
0x608edb,99.4872%,1,194,195,0,0,1,194
0x45eff1,87.5%,1,7,8,7,1,0,0
0x4ad296,94.1176%,1,16,17,16,1,0,0
0x498a90,95%,1,19,20,19,1,0,0
0x5df623,83.3333%,1,5,6,5,1,0,0
0x4cfc77,99.9883%,1,8536,8537,8536,1,0,0
0x469742,99.4382%,1,177,178,177,1,0,0
0x41103b,66.6667%,1,2,3,2,1,0,0
0x49bbeb,66.6667%,1,2,3,2,1,0,0
0x443883,99.7863%,1,467,468,467,1,0,0
0x4a0899,97.2222%,1,35,36,35,1,0,0
0x47c3e7,99.537%,1,215,216,215,1,0,0
0x49c941,99.9584%,1,2401,2402,2401,1,0,0
0x469723,99.4382%,1,177,178,177,1,0,0
0x4a658d,94.7368%,1,18,19,18,1,0,0
0x411a39,66.6667%,1,2,3,2,1,0,0
0x4576d6,99.3197%,1,146,147,146,1,0,0
0x479976,94.4444%,1,17,18,17,1,0,0
0x4a650d,94.7368%,1,18,19,18,1,0,0
0x45a842,98.75%,1,79,80,79,1,0,0
0x49bb61,97.2222%,1,35,36,35,1,0,0
0x4673c6,98.9011%,1,90,91,90,1,0,0
0x49ba4b,97.2222%,1,35,36,35,1,0,0
0x4dc1cc,0%,1,0,1,0,1,0,0
0x4abf22,95%,1,19,20,19,1,0,0
0x4459f1,99.7863%,1,467,468,467,1,0,0
0x49bebe,97.2222%,1,35,36,0,0,1,35
0x4c6e8b,99.9647%,1,2833,2834,2833,1,0,0
0x46991f,99.6241%,1,265,266,265,1,0,0
0x427ff6,94.4444%,1,17,18,17,1,0,0
0x4a5866,94.1176%,1,16,17,16,1,0,0
0x49be0c,97.2222%,1,35,36,35,1,0,0
0x4ac061,95%,1,19,20,19,1,0,0
0x4d7681,99.9895%,1,9559,9560,9559,1,0,0
0x41b15f,99.9505%,1,2020,2021,2020,1,0,0
0x4d2fa5,95%,1,19,20,19,1,0,0
0x4d2e6a,95%,1,19,20,19,1,0,0
0x4d7a24,97.5%,1,39,40,39,1,0,0
0x5f1e02,99.0476%,1,104,105,104,1,0,0
0x4ddbc5,94.4444%,1,17,18,17,1,0,0
0x408e2c,95.8333%,1,23,24,23,1,0,0
0x4c75c8,99.6528%,1,287,288,287,1,0,0
0x45a1f3,93.3333%,1,14,15,14,1,0,0
0x47bd07,99.9354%,1,1546,1547,1546,1,0,0
0x5df2e0,83.3333%,1,5,6,5,1,0,0
0x4b9cb7,99.8165%,1,544,545,544,1,0,0
0x4b597e,94.1176%,1,16,17,16,1,0,0
0x46ca8e,98.6842%,1,75,76,75,1,0,0
0x4abe7c,98.4848%,1,65,66,65,1,0,0
0x46742b,98.9011%,1,90,91,90,1,0,0
0x4a2de3,94.7368%,1,18,19,18,1,0,0
0x4bcf6a,93.75%,1,15,16,15,1,0,0
0x4118d0,99.7748%,1,443,444,443,1,0,0
0x4a6ff0,99.3464%,1,152,153,152,1,0,0
0x458314,97.4359%,1,38,39,38,1,0,0
0x4d814b,99.7863%,1,467,468,0,0,1,467
0x45ec34,94.1176%,1,16,17,16,1,0,0
0x4de854,66.6667%,1,2,3,2,1,0,0
0x490ebc,0%,1,0,1,0,1,0,0
0x464e35,99.3827%,1,161,162,161,1,0,0
0x4da8dc,99.9866%,1,7478,7479,7478,1,0,0
0x4a2df2,94.7368%,1,18,19,18,1,0,0
0x46f168,93.75%,1,15,16,15,1,0,0
0x49ec4e,98%,1,49,50,49,1,0,0
0x4a1392,98.0769%,1,51,52,51,1,0,0
0x497b2e,66.6667%,1,2,3,2,1,0,0
0x48c47e,99.4709%,1,188,189,188,1,0,0
0x48bcd9,99.811%,1,528,529,528,1,0,0
0x4a11c1,98.0769%,1,51,52,51,1,0,0
0x4a5213,95%,1,19,20,19,1,0,0
0x4a7637,99.6764%,1,308,309,308,1,0,0
0x4a4669,95%,1,19,20,19,1,0,0
0x4a4506,95%,1,19,20,19,1,0,0
0x4a62ba,99.4737%,1,189,190,189,1,0,0
0x469e52,96%,1,24,25,24,1,0,0
0x47d5ae,88.8889%,1,8,9,8,1,0,0
0x48c9b9,99.966%,1,2940,2941,1853,1,0,1087
0x466c89,99.7963%,1,490,491,490,1,0,0
0x45b082,99.2063%,1,125,126,125,1,0,0
0x4dcdcb,99.7199%,1,356,357,356,1,0,0
0x4672e2,99.8698%,1,767,768,767,1,0,0
0x46572e,99.5192%,1,207,208,207,1,0,0
0x50f873,94.7368%,1,18,19,18,1,0,0
0x5f04c7,99.9869%,1,7625,7626,7625,1,0,0
0x50f845,94.7368%,1,18,19,18,1,0,0
0x49b967,94.7368%,1,18,19,18,1,0,0
0x4992a4,99.8698%,1,767,768,767,1,0,0
0x47d178,99.6283%,1,268,269,268,1,0,0
0x4a63cd,94.7368%,1,18,19,18,1,0,0
0x48be7a,99.0291%,1,102,103,102,1,0,0
0x466cdb,99.7963%,1,490,491,490,1,0,0
0x4abfd5,95%,1,19,20,19,1,0,0
0x4beb5a,50%,1,1,2,1,1,0,0
0x47cced,97.4359%,1,38,39,38,1,0,0
0x4a88f7,98.5714%,1,69,70,0,0,1,69
0x4abeb6,98.4848%,1,65,66,0,0,1,65
0x424726,87.5%,1,7,8,7,1,0,0
0x4a734e,99.3464%,1,152,153,152,1,0,0
0x49c1f0,97.2222%,1,35,36,35,1,0,0
0x45921d,94.1176%,1,16,17,16,1,0,0
0x46013d,96%,1,24,25,24,1,0,0
0x4a71f2,99.3464%,1,152,153,152,1,0,0
0x423fe9,91.6667%,1,11,12,11,1,0,0
0x523cdc,83.3333%,1,5,6,2,1,0,3
0x4cd80f,99.7669%,1,428,429,0,0,1,428
0x4c6562,75%,1,3,4,3,1,0,0
0x4c8c03,94.1176%,1,16,17,16,1,0,0
0x461617,99.8435%,1,638,639,638,1,0,0
0x4112ac,99.7863%,1,467,468,467,1,0,0
0x41b670,99.2063%,1,125,126,125,1,0,0
0x4c8a17,94.1176%,1,16,17,16,1,0,0
0x4d2e24,99.9891%,1,9165,9166,9165,1,0,0
0x4cfc30,99.9883%,1,8536,8537,8536,1,0,0
0x4c3e1f,91.6667%,1,11,12,11,1,0,0
0x428c73,99.7863%,1,467,468,467,1,0,0
0x48db97,50%,1,1,2,1,1,0,0
0x4581bb,99.8397%,1,623,624,623,1,0,0
0x45dc7c,87.5%,1,7,8,7,1,0,0
0x41897e,99.9788%,1,4719,4720,4719,1,0,0
0x459431,99.8249%,1,570,571,570,1,0,0
0x4deb80,91.6667%,1,11,12,0,0,1,11
0x60b0ce,96.2963%,1,26,27,26,1,0,0
0x457dd1,99.6078%,1,254,255,254,1,0,0
0x467685,96.7742%,1,30,31,30,1,0,0
0x47a94e,96.4286%,1,27,28,27,1,0,0
0x48d955,99.7033%,1,336,337,336,1,0,0
0x4a51ea,95%,1,19,20,19,1,0,0
0x523d0e,83.3333%,1,5,6,5,1,0,0
0x411769,99.7748%,1,443,444,443,1,0,0
0x4dc464,0%,1,0,1,0,1,0,0
0x46476e,93.3333%,1,14,15,14,1,0,0
0x49f012,94.1176%,1,16,17,16,1,0,0
0x4a4290,94.1176%,1,16,17,16,1,0,0
0x47807e,99.9633%,1,2723,2724,2723,1,0,0
0x462f0d,98.9583%,1,95,96,95,1,0,0
0x4c3d77,91.6667%,1,11,12,11,1,0,0
0x420a39,99.9208%,1,1262,1263,1262,1,0,0
0x4b5b3e,94.1176%,1,16,17,16,1,0,0
0x4699f2,98.8636%,1,87,88,87,1,0,0
0x4a3e25,98.7952%,1,82,83,82,1,0,0
0x4df13c,95.8333%,1,23,24,23,1,0,0
0x477f31,99.8847%,1,866,867,866,1,0,0
0x46e96b,99.8927%,1,931,932,931,1,0,0
0x49f147,96.9697%,1,32,33,32,1,0,0
0x469bb1,99.1667%,1,119,120,119,1,0,0
0x4c6e9b,98.9362%,1,93,94,93,1,0,0
0x4d26e4,99.0826%,1,108,109,108,1,0,0
0x4dfa9c,98.4127%,1,62,63,62,1,0,0
0x463086,98.9583%,1,95,96,95,1,0,0
0x4de288,96.5517%,1,28,29,28,1,0,0
0x420c3f,98.1818%,1,54,55,54,1,0,0
0x4784f6,99.6923%,1,324,325,324,1,0,0
0x50fda9,93.75%,1,15,16,15,1,0,0
0x49ef0e,99.7245%,1,362,363,362,1,0,0
0x49a568,97.2222%,1,35,36,35,1,0,0
0x460744,66.6667%,1,2,3,2,1,0,0
0x47be38,99.9251%,1,1334,1335,1334,1,0,0
0x457261,99.9377%,1,1604,1605,1604,1,0,0
0x458284,95%,1,19,20,19,1,0,0
0x45b10e,99.5595%,1,226,227,226,1,0,0
0x4e2bed,98.6111%,1,71,72,71,1,0,0
0x49f476,97.0588%,1,33,34,33,1,0,0
0x427ec8,93.3333%,1,14,15,14,1,0,0
0x4cfa5d,99.9015%,1,1014,1015,1014,1,0,0
0x41c69a,92.8571%,1,13,14,13,1,0,0
0x4cfbf9,99.9931%,1,14405,14406,14405,1,0,0
0x4a0a06,99.4737%,1,189,190,189,1,0,0
0x457167,99.9792%,1,4813,4814,4813,1,0,0
0x463d23,99.7717%,1,437,438,437,1,0,0
0x4c6269,99.9421%,1,1727,1728,1727,1,0,0
0x4cbc8d,99.9733%,1,3745,3746,0,1,0,3745
0x4ddad2,94.4444%,1,17,18,17,1,0,0
0x4d73dc,50%,1,1,2,1,1,0,0
0x4d78c1,99.9873%,1,7895,7896,7895,1,0,0
0x45b748,99.8881%,1,893,894,893,1,0,0
0x46ee5e,99.7976%,1,493,494,88,1,0,405
0x4b1245,99.5146%,1,205,206,205,1,0,0
0x45a796,98.7654%,1,80,81,80,1,0,0
0x478497,98.7805%,1,81,82,81,1,0,0
0x4117d8,99.7748%,1,443,444,443,1,0,0
0x457e81,95.8333%,1,23,24,23,1,0,0
0x458aab,98.1481%,1,53,54,53,1,0,0
0x4c6658,99.5968%,1,247,248,247,1,0,0
0x460775,66.6667%,1,2,3,0,0,1,2
0x4d6374,99.6154%,1,259,260,259,1,0,0
0x458c72,95%,1,19,20,19,1,0,0
0x4c663c,99.5968%,1,247,248,247,1,0,0
0x4189da,99.2366%,1,130,131,130,1,0,0
0x49ec2a,98%,1,49,50,49,1,0,0
0x418bf5,99.9649%,1,2851,2852,2851,1,0,0
0x478f98,97.561%,1,40,41,40,1,0,0
0x4c7f70,99.6528%,1,287,288,287,1,0,0
0x401d9e,99.6324%,1,271,272,271,1,0,0
0x4d926f,96.1538%,1,25,26,25,1,0,0
0x5dea3a,83.3333%,1,5,6,5,1,0,0
0x484b9f,97.619%,1,41,42,41,1,0,0
0x60b85c,80%,1,4,5,4,1,0,0
0x47c64c,90%,1,9,10,0,0,1,9
0x479416,97.7778%,1,44,45,44,1,0,0
0x41343b,97.5%,1,39,40,39,1,0,0
0x4d212f,93.3333%,1,14,15,14,1,0,0
0x4d5f86,99.7881%,1,471,472,0,0,1,471
0x4a8aa5,97.0588%,1,33,34,33,1,0,0
0x4dcb19,99.9854%,1,6852,6853,6852,1,0,0
0x4dcbe0,99.9854%,1,6852,6853,6852,1,0,0
0x473adb,99.7845%,1,463,464,463,1,0,0
0x402518,99.7717%,1,437,438,437,1,0,0
0x418f70,99.9549%,1,2217,2218,2217,1,0,0
0x4bb011,91.6667%,1,11,12,11,1,0,0
0x4b6c55,94.1176%,1,16,17,16,1,0,0
0x411948,99.7748%,1,443,444,443,1,0,0
0x418a19,99.9788%,1,4720,4721,0,1,0,4720
0x4d8f77,99.9565%,1,2299,2300,2299,1,0,0
0x4739c3,99.7845%,1,463,464,463,1,0,0
0x5f2da0,99.9663%,1,2969,2970,2969,1,0,0
0x60ab8e,97.4359%,1,38,39,38,1,0,0
0x49bc83,66.6667%,1,2,3,2,1,0,0
0x460281,66.6667%,1,2,3,2,1,0,0
0x4e2c3a,96.2963%,1,26,27,26,1,0,0
0x46d18e,99.8594%,1,710,711,710,1,0,0
0x4b3d2a,98.5294%,1,67,68,67,1,0,0
0x45f955,66.6667%,1,2,3,2,1,0,0
0x418f96,98.4375%,1,63,64,63,1,0,0
0x4d7b8f,97.8723%,1,46,47,46,1,0,0
0x47a8ed,99.5475%,1,220,221,220,1,0,0
0x4a7bf7,97.2973%,1,36,37,36,1,0,0
0x4d7739,99.9748%,1,3968,3969,3968,1,0,0
0x477166,91.6667%,1,11,12,11,1,0,0
0x48d639,99.984%,1,6268,6269,0,0,1,6268
0x49b844,97.2222%,1,35,36,35,1,0,0
0x49eb62,99%,1,99,100,99,1,0,0
0x479a35,94.4444%,1,17,18,17,1,0,0
0x47972b,99.9805%,1,5117,5118,5117,1,0,0
0x4c244a,50%,1,1,2,1,1,0,0
0x4c787c,50%,1,1,2,1,1,0,0
0x45feda,99.9847%,1,6522,6523,6522,1,0,0
0x49cc14,99.8243%,1,568,569,568,1,0,0
0x467ba8,96.6667%,1,29,30,29,1,0,0
0x609d37,98.0769%,1,51,52,0,0,1,51
0x41ae1a,93.3333%,1,14,15,14,1,0,0
0x408be6,99.6845%,1,316,317,316,1,0,0
0x4e2869,98.6111%,1,71,72,71,1,0,0
0x492612,66.6667%,1,2,3,2,1,0,0
0x419ae9,99.3243%,1,147,148,147,1,0,0
0x463ae9,99.8733%,1,788,789,788,1,0,0
0x4acd93,66.6667%,1,2,3,2,1,0,0
0x45d974,96.2963%,1,26,27,26,1,0,0
0x497aea,66.6667%,1,2,3,2,1,0,0
0x46d16f,99.8594%,1,710,711,710,1,0,0
0x45ab54,99.6032%,1,251,252,251,1,0,0
0x4b04c8,97.0588%,1,33,34,33,1,0,0
0x479617,99.8413%,1,629,630,629,1,0,0
0x4a3f71,98.7952%,1,82,83,82,1,0,0
0x5ef1e3,99.9382%,1,1618,1619,0,0,1,1618
0x478ae8,99.9807%,1,5184,5185,5184,1,0,0
0x4b7720,94.1176%,1,16,17,16,1,0,0
0x46d78d,87.5%,1,7,8,7,1,0,0
0x4d3768,99.966%,1,2940,2941,2940,1,0,0
0x48d365,66.6667%,1,2,3,2,1,0,0
0x4c3c44,96.2963%,1,26,27,26,1,0,0
0x4791ed,99.8597%,1,712,713,712,1,0,0
0x4a50e1,95%,1,19,20,19,1,0,0
0x45e3bb,75%,1,3,4,3,1,0,0
0x4b0a13,99.5146%,1,205,206,205,1,0,0
0x5f30f1,99.9624%,1,2658,2659,2658,1,0,0
0x4993d8,99.8698%,1,767,768,767,1,0,0
0x47a020,99.3789%,1,160,161,160,1,0,0
0x426ce9,87.5%,1,7,8,7,1,0,0
0x4c89fb,92.3077%,1,12,13,12,1,0,0
0x5f0c45,99.9238%,1,1312,1313,0,0,1,1312
0x5df81c,66.6667%,1,2,3,2,1,0,0
0x4bee73,99.9992%,1,124165,124166,3,1,0,124162
0x4438f0,99.7863%,1,467,468,467,1,0,0
0x4cf69a,99.9951%,1,20570,20571,20570,1,0,0
0x465696,99.5192%,1,207,208,207,1,0,0
0x49ac2c,93.75%,1,15,16,15,1,0,0
0x4cd4f2,99.9063%,1,1066,1067,1066,1,0,0
0x4d912b,99.9705%,1,3387,3388,3387,1,0,0
0x459485,66.6667%,1,2,3,2,1,0,0
0x4cd524,99.9063%,1,1066,1067,0,0,1,1066
0x5ef17a,50%,1,1,2,1,1,0,0
0x45e57a,50%,1,1,2,1,1,0,0
0x47a749,99.2537%,1,133,134,133,1,0,0
0x46081b,66.6667%,1,2,3,2,1,0,0
0x499f7c,97.2222%,1,35,36,35,1,0,0
0x457b1e,66.6667%,1,2,3,2,1,0,0
0x458306,97.4359%,1,38,39,38,1,0,0
0x47a87d,99.5392%,1,216,217,216,1,0,0
0x5f086d,97.4359%,1,38,39,38,1,0,0
0x41add7,99.0991%,1,110,111,110,1,0,0
0x418d59,99.9549%,1,2217,2218,2217,1,0,0
0x48c100,99.0291%,1,102,103,102,1,0,0
0x60b4be,96.1538%,1,25,26,25,1,0,0
0x418d2b,99.9549%,1,2217,2218,2217,1,0,0
0x458c12,96.5517%,1,28,29,28,1,0,0
0x45c222,99.7925%,1,481,482,481,1,0,0
0x48d979,99.7033%,1,336,337,336,1,0,0
0x4c3ed8,99.0654%,1,106,107,106,1,0,0
0x41bcbb,99.8578%,1,702,703,702,1,0,0
0x4bee8b,99.9992%,1,124161,124162,0,0,1,124161
0x445b79,99.5726%,1,233,234,233,1,0,0
0x4ba84d,99.9977%,1,42979,42980,670,1,0,42309
0x48c3eb,99.4709%,1,188,189,188,1,0,0
0x4799e8,94.4444%,1,17,18,17,1,0,0
0x4d314f,99.9828%,1,5800,5801,5800,1,0,0
0x41ac7c,99.0991%,1,110,111,110,1,0,0
0x45fd20,66.6667%,1,2,3,2,1,0,0
0x49f56a,97.0588%,1,33,34,33,1,0,0
0x463146,98.9583%,1,95,96,95,1,0,0
0x4a871b,99.3631%,1,156,157,156,1,0,0
0x45ee34,95.2381%,1,20,21,20,1,0,0
0x4d09c2,95.2381%,1,20,21,0,0,1,20
0x4d79de,87.5%,1,7,8,0,0,1,7
0x48aa78,95.2381%,1,20,21,20,1,0,0
0x4a6246,99.4737%,1,189,190,189,1,0,0
0x4d0a6b,95.2381%,1,20,21,20,1,0,0
0x49ca99,99.8243%,1,568,569,0,0,1,568
0x45de3c,99.6764%,1,308,309,308,1,0,0
0x4d09d4,95.2381%,1,20,21,20,1,0,0
0x48aa99,95.2381%,1,20,21,20,1,0,0
0x4e299b,98.4127%,1,62,63,62,1,0,0
0x457730,99.3197%,1,146,147,146,1,0,0
0x46529f,98.6667%,1,74,75,74,1,0,0
0x47711c,91.6667%,1,11,12,11,1,0,0
0x4a5bd3,94.1176%,1,16,17,16,1,0,0
0x60a157,99.0476%,1,104,105,104,1,0,0
0x4a44c8,94.1176%,1,16,17,16,1,0,0
0x60b36e,98.2456%,1,56,57,56,1,0,0
0x4246c2,87.5%,1,7,8,7,1,0,0
0x4d5b5c,99.6154%,1,259,260,259,1,0,0
0x40550a,88.8889%,1,8,9,8,1,0,0
0x464fbb,99.1379%,1,115,116,51,1,0,64
0x47bd73,99.9251%,1,1334,1335,1334,1,0,0
0x4a526f,97.0588%,1,33,34,33,1,0,0
0x4d579c,99.9965%,1,28272,28273,28272,1,0,0
0x5dda02,97.9167%,1,47,48,47,1,0,0
0x4d3eef,96.2963%,1,26,27,26,1,0,0
0x45ac02,99.6032%,1,251,252,2,1,0,249
0x49a3cd,97.2222%,1,35,36,35,1,0,0
0x4e2c9d,96.2963%,1,26,27,26,1,0,0
0x410f8a,66.6667%,1,2,3,2,1,0,0
0x4d79e5,87.5%,1,7,8,7,1,0,0
0x4d7d80,0%,1,0,1,0,1,0,0
0x478515,99.6923%,1,324,325,324,1,0,0
0x4c24a9,98.0392%,1,50,51,50,1,0,0
0x5ef029,99.9908%,1,10831,10832,10831,1,0,0
0x632e5f,88.8889%,1,8,9,8,1,0,0
0x4e2be1,98.6111%,1,71,72,71,1,0,0
0x4e14ae,94.4444%,1,17,18,17,1,0,0
0x45afad,99.7792%,1,452,453,452,1,0,0
0x45ee59,95.2381%,1,20,21,20,1,0,0
0x45e21e,50%,1,1,2,1,1,0,0
0x4c5b0a,99.3103%,1,144,145,144,1,0,0
0x4652c5,98.6667%,1,74,75,74,1,0,0
0x608f62,99.4872%,1,194,195,194,1,0,0
0x46ff96,93.75%,1,15,16,15,1,0,0
0x41913f,97.6744%,1,42,43,42,1,0,0
0x4bbae9,99.1071%,1,111,112,111,1,0,0
0x41878d,0%,1,0,1,0,1,0,0
0x4dfb3e,66.6667%,1,2,3,2,1,0,0
0x4dfb96,66.6667%,1,2,3,0,0,1,2
0x4172e9,99.2537%,1,133,134,133,1,0,0
0x4bdd83,99.9363%,1,1570,1571,61,1,0,1509
0x4e0a92,98.0392%,1,50,51,32,1,0,18
0x621030,85.7143%,1,6,7,6,1,0,0
0x48d6a0,88.8889%,1,8,9,8,1,0,0
0x418cf6,99.9549%,1,2217,2218,2217,1,0,0
0x41adae,99.8442%,1,641,642,641,1,0,0
0x4d587d,99.952%,1,2083,2084,2083,1,0,0
0x47bf15,99.5283%,1,211,212,211,1,0,0
0x5ddbb7,83.3333%,1,5,6,5,1,0,0
0x476194,87.5%,1,7,8,7,1,0,0
0x4e0aac,94.4444%,1,17,18,17,1,0,0
0x426d25,87.5%,1,7,8,7,1,0,0
0x45a7fb,98.7654%,1,80,81,80,1,0,0
0x4573cf,99.1228%,1,113,114,113,1,0,0
0x4e0fbf,94.4444%,1,17,18,17,1,0,0
0x48bf19,99.0291%,1,102,103,102,1,0,0
0x4decba,93.3333%,1,14,15,14,1,0,0
0x5de693,83.3333%,1,5,6,5,1,0,0
0x4594e5,93.3333%,1,14,15,14,1,0,0
0x4a3a78,94.1176%,1,16,17,16,1,0,0
0x45e401,75%,1,3,4,3,1,0,0
0x4023d1,99.2366%,1,130,131,130,1,0,0
0x4df21d,97.9167%,1,47,48,47,1,0,0
0x4e28fc,98.6111%,1,71,72,71,1,0,0
0x4e2aef,98.6111%,1,71,72,71,1,0,0
0x46d182,99.9122%,1,1138,1139,1138,1,0,0
0x41b468,80%,1,4,5,4,1,0,0
0x47adba,99.5475%,1,220,221,220,1,0,0
0x4bac24,98.5075%,1,66,67,2,1,0,64
0x479fff,99.3789%,1,160,161,160,1,0,0
0x4c229e,99.7947%,1,486,487,486,1,0,0
0x48d4bd,66.6667%,1,2,3,2,1,0,0
0x463ae0,99.8734%,1,789,790,0,1,0,789
0x4d2db9,96.6667%,1,29,30,29,1,0,0
0x4199cd,50%,1,1,2,1,1,0,0
0x45b091,88.8889%,1,8,9,8,1,0,0
0x478b6c,99.9336%,1,1504,1505,1504,1,0,0
0x50f9cf,94.7368%,1,18,19,18,1,0,0
0x457425,97.4359%,1,38,39,38,1,0,0
0x5ddf68,97.4359%,1,38,39,2,1,0,36
0x460eb1,98.4375%,1,63,64,63,1,0,0
0x6332bf,83.3333%,1,5,6,5,1,0,0
0x4274a8,66.6667%,1,2,3,2,1,0,0
0x479ebd,99.3789%,1,160,161,160,1,0,0
0x4a3ae8,94.1176%,1,16,17,16,1,0,0
0x47c5f3,99.7006%,1,333,334,333,1,0,0
0x476b09,99.9652%,1,2871,2872,2871,1,0,0
0x4b9054,99.9948%,1,19287,19288,0,0,1,19287
0x473c10,99.7845%,1,463,464,463,1,0,0
0x475ed5,99.9941%,1,17010,17011,17010,1,0,0
0x4e281a,98.6111%,1,71,72,71,1,0,0
0x41b591,80%,1,4,5,4,1,0,0
0x4bb867,99.537%,1,215,216,215,1,0,0
0x4c6541,75%,1,3,4,3,1,0,0
0x4dff55,98.6111%,1,71,72,71,1,0,0
0x4d9285,96.1538%,1,25,26,25,1,0,0
0x412103,99.988%,1,8327,8328,0,0,1,8327
0x45f3c1,87.5%,1,7,8,7,1,0,0
0x476059,99.9935%,1,15446,15447,15446,1,0,0
0x4dfe67,98.4127%,1,62,63,62,1,0,0
0x45a1b9,93.3333%,1,14,15,14,1,0,0
0x4b99fe,99.8636%,1,732,733,0,0,1,732
0x4d8d95,95%,1,19,20,19,1,0,0
0x40248c,98.7342%,1,78,79,78,1,0,0
0x4d8d38,95%,1,19,20,0,0,1,19
0x4acbf2,97.0588%,1,33,34,33,1,0,0
0x406d72,90%,1,9,10,9,1,0,0
0x4a3fd2,96.9697%,1,32,33,32,1,0,0
0x412108,99.988%,1,8327,8328,8327,1,0,0
0x4e17ad,96.9697%,1,32,33,32,1,0,0
0x5facd9,66.6667%,1,2,3,0,0,1,2
0x476e48,99.9775%,1,4441,4442,0,0,1,4441
0x60989c,96.4286%,1,27,28,1,1,0,26
0x4d8106,99.7863%,1,467,468,467,1,0,0
0x4b3343,98.5294%,1,67,68,67,1,0,0
0x465161,99.7947%,1,486,487,486,1,0,0
0x4e0b52,96.9697%,1,32,33,32,1,0,0
0x4c52e0,0%,1,0,1,0,1,0,0
0x49f68d,99.505%,1,201,202,201,1,0,0
0x458fb3,88.8889%,1,8,9,8,1,0,0
0x40a64a,99.9839%,1,6225,6226,6225,1,0,0
0x4434f1,99.7863%,1,467,468,467,1,0,0
0x4590ad,88.8889%,1,8,9,8,1,0,0
0x4c22be,99.7947%,1,486,487,486,1,0,0
0x4d1197,99.7674%,1,429,430,429,1,0,0
0x4a4c34,94.1176%,1,16,17,16,1,0,0
0x497d1a,66.6667%,1,2,3,2,1,0,0
0x49942f,99.8698%,1,767,768,767,1,0,0
0x4d902e,99.8031%,1,507,508,507,1,0,0
0x4a8424,97.2222%,1,35,36,35,1,0,0
0x4b950d,97.7273%,1,43,44,43,1,0,0
0x4a5912,94.1176%,1,16,17,16,1,0,0
0x4cfa83,99.3243%,1,147,148,147,1,0,0
0x4df33a,95.2381%,1,20,21,20,1,0,0
0x410db5,66.6667%,1,2,3,2,1,0,0
0x497ad4,66.6667%,1,2,3,2,1,0,0
0x5f2d37,99.9663%,1,2969,2970,2969,1,0,0
0x49ed82,97.0588%,1,33,34,33,1,0,0
0x4ddab6,94.4444%,1,17,18,17,1,0,0
0x4bac2c,99.9412%,1,1701,1702,0,0,1,1701
0x457f80,94.4444%,1,17,18,17,1,0,0
0x420a1a,99.9208%,1,1262,1263,1262,1,0,0
0x49a2e7,97.2222%,1,35,36,35,1,0,0
0x4ceb84,99.9242%,1,1318,1319,1318,1,0,0
0x47a2c8,99.8943%,1,945,946,945,1,0,0
0x5ebf0a,83.3333%,1,5,6,5,1,0,0
0x47688c,50%,1,1,2,1,1,0,0
0x401d2c,99.9627%,1,2677,2678,2677,1,0,0
0x49c270,97.2222%,1,35,36,35,1,0,0
0x4b3e8c,97.0588%,1,33,34,33,1,0,0
0x4d0cfa,96.6667%,1,29,30,29,1,0,0
0x49c2ab,97.2222%,1,35,36,35,1,0,0
0x4989e4,97.2222%,1,35,36,35,1,0,0
0x4a3dc0,98.5075%,1,66,67,66,1,0,0
0x50fd87,50%,1,1,2,1,1,0,0
0x5ed2b6,83.3333%,1,5,6,5,1,0,0
0x4c8881,95.4545%,1,21,22,21,1,0,0
0x46165a,91.6667%,1,11,12,11,1,0,0
0x5f7c48,95.2381%,1,20,21,20,1,0,0
0x49cb9b,99.7674%,1,429,430,429,1,0,0
0x4bc255,97.8723%,1,46,47,46,1,0,0
0x427f9f,96.9697%,1,32,33,32,1,0,0
0x5f7bfd,95.2381%,1,20,21,0,0,1,20
0x49ccfb,99.9558%,1,2262,2263,2262,1,0,0
0x412149,99.7748%,1,443,444,0,0,1,443
0x45ff1f,66.6667%,1,2,3,2,1,0,0
0x4d6d54,99.9249%,1,1330,1331,1330,1,0,0
0x4982ec,66.6667%,1,2,3,2,1,0,0
0x4b9c17,99.5536%,1,223,224,25,1,0,198
0x490edc,0%,1,0,1,0,1,0,0
0x4b9b9a,98.4615%,1,64,65,0,1,0,64
0x4a285d,98.7952%,1,82,83,0,0,1,82
0x4e2b97,98.6111%,1,71,72,71,1,0,0
0x46ff5a,99.9795%,1,4885,4886,4869,1,0,16
0x49f5a6,97.0588%,1,33,34,33,1,0,0
0x6332f1,83.3333%,1,5,6,5,1,0,0
0x608bd2,99.6764%,1,308,309,2,1,0,306
0x49c370,66.6667%,1,2,3,2,1,0,0
0x4ba679,94.4444%,1,17,18,17,1,0,0
0x4df45a,95.2381%,1,20,21,20,1,0,0
0x49c1a1,97.2222%,1,35,36,18,1,0,17
0x477e81,99.3631%,1,156,157,156,1,0,0
0x4597d5,99.0196%,1,101,102,101,1,0,0
0x498bd2,92.8571%,1,13,14,13,1,0,0
0x4deb1d,93.3333%,1,14,15,14,1,0,0
0x41b69e,99.2063%,1,125,126,125,1,0,0
0x47cfb7,88.8889%,1,8,9,8,1,0,0
0x5d874b,83.3333%,1,5,6,5,1,0,0
0x47df00,66.6667%,1,2,3,0,0,1,2
0x41b691,99.2063%,1,125,126,125,1,0,0
0x48d145,66.6667%,1,2,3,2,1,0,0
0x41b2e6,99.2063%,1,125,126,125,1,0,0
0x48abf2,97.619%,1,41,42,41,1,0,0
0x4a1353,93.75%,1,15,16,15,1,0,0
0x4b6d31,94.1176%,1,16,17,16,1,0,0
0x4a2f1f,96.9697%,1,32,33,32,1,0,0
0x459794,80%,1,4,5,4,1,0,0
0x609bf0,0%,1,0,1,0,0,1,0
0x420fc8,50%,1,1,2,0,1,0,1
0x41b297,99.2063%,1,125,126,125,1,0,0
0x50f7f7,92.8571%,1,13,14,13,1,0,0
0x4d8870,50%,1,1,2,1,1,0,0
0x426f6e,87.5%,1,7,8,7,1,0,0
0x473a14,99.7845%,1,463,464,463,1,0,0
0x4644cd,99.7416%,1,386,387,386,1,0,0
0x4de277,96.5517%,1,28,29,28,1,0,0
0x4dd355,99.6979%,1,330,331,330,1,0,0
0x5dcd03,83.3333%,1,5,6,5,1,0,0
0x45b89b,99.8881%,1,893,894,893,1,0,0
0x4bb49d,83.3333%,1,5,6,5,1,0,0
0x5deb1e,83.3333%,1,5,6,5,1,0,0
0x4115c1,66.6667%,1,2,3,0,0,1,2
0x4d3082,99.9334%,1,1500,1501,1500,1,0,0
0x497a53,66.6667%,1,2,3,2,1,0,0
0x47b5fc,99.9332%,1,1495,1496,1495,1,0,0
0x48dec3,99.711%,1,345,346,345,1,0,0
0x60a13d,96.1538%,1,25,26,0,0,1,25
0x47df10,66.6667%,1,2,3,2,1,0,0
0x4187c7,0%,1,0,1,0,1,0,0
0x5f08b8,97.4359%,1,38,39,38,1,0,0
0x46cc30,98.6842%,1,75,76,75,1,0,0
0x49c1cf,97.2222%,1,35,36,35,1,0,0
0x5fa2e5,95.6522%,1,22,23,0,1,0,22
0x4ac9c6,97.0588%,1,33,34,0,0,1,33
0x49c205,97.2222%,1,35,36,35,1,0,0
0x45aaf8,99.6032%,1,251,252,251,1,0,0
0x4a3b15,100%,0,3,3,0,0,0,3
0x4c77d1,100%,0,559,559,559,0,0,0
0x4cd431,100%,0,14299,14299,0,0,0,14299
0x4a4297,100%,0,20,20,0,0,0,20
0x4a7b55,100%,0,107,107,0,0,0,107
0x4d374d,100%,0,2941,2941,0,0,0,2941
0x4c40c5,100%,0,1245,1245,0,0,0,1245
0x45db0e,100%,0,79,79,0,0,0,79
0x47a3e8,100%,0,940,940,0,0,0,940
0x4792a7,100%,0,1223,1223,0,0,0,1223
0x4dc2e1,100%,0,96,96,0,0,0,96
0x4c40df,100%,0,1120,1120,1120,0,0,0
0x469c6a,100%,0,120,120,0,0,0,120
0x4a77fb,100%,0,107,107,0,0,0,107
0x49a2dc,100%,0,36,36,0,0,0,36
0x47a3e4,100%,0,940,940,0,0,0,940
0x477e5d,100%,0,157,157,0,0,0,157
0x49f43a,100%,0,68,68,0,0,0,68
0x460cfa,100%,0,32,32,0,0,0,32
0x49a1d9,100%,0,36,36,0,0,0,36
0x45a180,100%,0,15,15,0,0,0,15
0x4c766a,100%,0,94,94,0,0,0,94
0x40275e,100%,0,252,252,0,0,0,252
0x46d860,100%,0,1139,1139,0,0,0,1139
0x460ef8,100%,0,64,64,0,0,0,64
0x48ba93,100%,0,339,339,0,0,0,339
0x47c57b,100%,0,138,138,0,0,0,138
0x48bacb,100%,0,339,339,0,0,0,339
0x47a2be,100%,0,946,946,0,0,0,946
0x4c6404,100%,0,121177,121177,121177,0,0,0
0x46224d,100%,0,6,6,0,0,0,6
0x47c563,100%,0,6196,6196,0,0,0,6196
0x4d0799,100%,0,154,154,0,0,0,154
0x478d3f,100%,0,117,117,0,0,0,117
0x4cc870,100%,0,18014,18014,0,0,0,18014
0x4d404b,100%,0,141,141,0,0,0,141
0x4cd25d,100%,0,429,429,0,0,0,429
0x46ada4,100%,0,1100,1100,0,0,0,1100
0x4bf88f,100%,0,8,8,0,0,0,8
0x47ab0c,100%,0,13291,13291,0,0,0,13291
0x47cabd,100%,0,3808,3808,0,0,0,3808
0x48ba99,100%,0,339,339,0,0,0,339
0x4d0b3d,100%,0,2061,2061,0,0,0,2061
0x4b9580,100%,0,7658,7658,7658,0,0,0
0x5ee889,100%,0,154,154,0,0,0,154
0x47aa5b,100%,0,38,38,38,0,0,0
0x464ece,100%,0,94,94,0,0,0,94
0x476d0a,100%,0,4320,4320,0,0,0,4320
0x49a3e0,100%,0,36,36,0,0,0,36
0x633881,100%,0,51,51,0,0,0,51
0x4d59fc,100%,0,8,8,0,0,0,8
0x47a8ce,100%,0,217,217,0,0,0,217
0x46747e,100%,0,91,91,91,0,0,0
0x4131d3,100%,0,36,36,0,0,0,36
0x45ab7e,100%,0,252,252,0,0,0,252
0x48d33d,100%,0,3,3,0,0,0,3
0x466d30,100%,0,242,242,0,0,0,242
0x4a49a1,100%,0,3,3,0,0,0,3
0x4b4434,100%,0,34,34,0,0,0,34
0x4db26b,100%,0,20467,20467,0,0,0,20467
0x4c3db7,100%,0,27,27,0,0,0,27
0x4bf878,100%,0,10,10,2,0,0,8
0x5f0533,100%,0,3305,3305,0,0,0,3305
0x48c0ed,100%,0,103,103,0,0,0,103
0x4daf45,100%,0,20467,20467,0,0,0,20467
0x478d60,100%,0,117,117,0,0,0,117
0x477117,100%,0,12,12,0,0,0,12
0x5ef114,100%,0,1619,1619,0,0,0,1619
0x4cd22e,100%,0,429,429,0,0,0,429
0x47bb29,100%,0,103,103,0,0,0,103
0x478f14,100%,0,965,965,0,0,0,965
0x48ae23,100%,0,21,21,0,0,0,21
0x4a5b74,100%,0,3,3,0,0,0,3
0x407bf6,100%,0,12357,12357,0,0,0,12357
0x50f5d4,100%,0,2659,2659,0,0,0,2659
0x4ada0b,100%,0,74,74,0,0,0,74
0x478fb7,100%,0,44,44,0,0,0,44
0x47c94d,100%,0,28,28,0,0,0,28
0x4d1ddb,100%,0,273,273,0,0,0,273
0x4bb81a,100%,0,364,364,0,0,0,364
0x4ad3e8,100%,0,74,74,0,0,0,74
0x427ab7,100%,0,6,6,0,0,0,6
0x4a242b,100%,0,3,3,0,0,0,3
0x4bc2cc,100%,0,1929,1929,1929,0,0,0
0x4b15a1,100%,0,104,104,0,0,0,104
0x45a41a,100%,0,15,15,0,0,0,15
0x5f3073,100%,0,2659,2659,0,0,0,2659
0x427a45,100%,0,66,66,0,0,0,66
0x5d8d70,100%,0,6,6,0,0,0,6
0x608e45,100%,0,195,195,0,0,0,195
0x609dc7,100%,0,29,29,0,0,0,29
0x4a3acc,100%,0,17,17,0,0,0,17
0x509556,100%,0,30,30,0,0,0,30
0x4bf7ee,100%,0,5401,5401,5374,0,0,27
0x47b19e,100%,0,10586,10586,0,0,0,10586
0x609e65,100%,0,15,15,0,0,0,15
0x4cb526,100%,0,521,521,521,0,0,0
0x478fa2,100%,0,41,41,0,0,0,41
0x50f5d9,100%,0,2659,2659,0,0,0,2659
0x41531c,100%,0,429,429,429,0,0,0
0x5d8757,100%,0,6,6,6,0,0,0
0x4d7ef2,100%,0,471,471,0,0,0,471
0x4a798b,100%,0,107,107,0,0,0,107
0x5ef103,100%,0,1619,1619,0,0,0,1619
0x4cb1b5,100%,0,2309,2309,0,0,0,2309
0x4cbd04,100%,0,47,47,0,0,0,47
0x4cbd8c,100%,0,47,47,0,0,0,47
0x48acd2,100%,0,21,21,0,0,0,21
0x5f1d37,100%,0,2970,2970,0,0,0,2970
0x4073eb,100%,0,23,23,0,0,0,23
0x4a782d,100%,0,107,107,0,0,0,107
0x41d365,100%,0,16,16,0,0,0,16
0x45f945,100%,0,3,3,0,0,0,3
0x4a79e7,100%,0,107,107,0,0,0,107
0x4b43f9,100%,0,34,34,0,0,0,34
0x608cda,100%,0,203,203,0,0,0,203
0x428a94,100%,0,468,468,0,0,0,468
0x4a4309,100%,0,37,37,0,0,0,37
0x4ccb10,100%,0,429,429,0,0,0,429
0x4a498c,100%,0,3,3,0,0,0,3
0x4b03b4,100%,0,104,104,0,0,0,104
0x4c268d,100%,0,5880,5880,5880,0,0,0
0x427a6b,100%,0,27,27,0,0,0,27
0x4a4938,100%,0,3,3,0,0,0,3
0x47ba0e,100%,0,216,216,0,0,0,216
0x4cb97a,100%,0,47,47,0,0,0,47
0x47c63b,100%,0,10,10,0,0,0,10
0x506016,100%,0,6,6,0,0,0,6
0x48ae1f,100%,0,21,21,0,0,0,21
0x4c623d,100%,0,1000,1000,1000,0,0,0
0x4925ac,100%,0,3,3,0,0,0,3
0x4c63b6,100%,0,1093,1093,0,0,0,1093
0x406f7b,100%,0,11,11,0,0,0,11
0x5f0698,100%,0,5026,5026,0,0,0,5026
0x4a880d,100%,0,100,100,0,0,0,100
0x41500b,100%,0,429,429,0,0,0,429
0x609cb7,100%,0,24,24,0,0,0,24
0x4cf769,100%,0,1163,1163,0,0,0,1163
0x608e8a,100%,0,195,195,0,0,0,195
0x49aa09,100%,0,36,36,36,0,0,0
0x4b9c36,100%,0,198,198,0,0,0,198
0x5f2635,100%,0,7881,7881,0,0,0,7881
0x49ac1c,100%,0,36,36,0,0,0,36
0x487b71,100%,0,42,42,42,0,0,0
0x5f317a,100%,0,2659,2659,0,0,0,2659
0x4d7d78,100%,0,1,1,0,0,0,1
0x4d8d6d,100%,0,20,20,0,0,0,20
0x4a30ba,100%,0,33,33,0,0,0,33
0x4a74f8,100%,0,17,17,0,0,0,17
0x415023,100%,0,429,429,0,0,0,429
0x478b4e,100%,0,3030,3030,0,0,0,3030
0x459050,100%,0,9,9,0,0,0,9
0x4a7810,100%,0,107,107,0,0,0,107
0x48ab66,100%,0,42,42,0,0,0,42
0x609ba6,100%,0,94,94,0,0,0,94
0x4a39d3,100%,0,34,34,0,0,0,34
0x4c3e77,100%,0,27,27,0,0,0,27
0x5f2082,100%,0,1,1,0,0,0,1
0x48bb72,100%,0,339,339,0,0,0,339
0x46e965,100%,0,932,932,0,0,0,932
0x49ac20,100%,0,36,36,0,0,0,36
0x4c3d31,100%,0,1218,1218,1218,0,0,0
0x49aebe,100%,0,56,56,0,0,0,56
0x4982d4,100%,0,3,3,0,0,0,3
0x506036,100%,0,6,6,0,0,0,6
0x4699d9,100%,0,176,176,88,0,0,88
0x4c3d1f,100%,0,1218,1218,0,0,0,1218
0x4ccace,100%,0,429,429,0,0,0,429
0x4d2d97,100%,0,30,30,0,0,0,30
0x484421,100%,0,42,42,0,0,0,42
0x60902b,100%,0,720,720,0,0,0,720
0x464eb9,100%,0,94,94,0,0,0,94
0x4c49a6,100%,0,8861,8861,8861,0,0,0
0x5f3098,100%,0,2659,2659,0,0,0,2659
0x4699bc,100%,0,88,88,0,0,0,88
0x4a663c,100%,0,34,34,0,0,0,34
0x47a06d,100%,0,161,161,0,0,0,161
0x5f30dc,100%,0,2659,2659,0,0,0,2659
0x4a24d6,100%,0,396,396,0,0,0,396
0x4842a6,100%,0,42,42,0,0,0,42
0x47ac62,100%,0,221,221,0,0,0,221
0x45a309,100%,0,15,15,15,0,0,0
0x484287,100%,0,42,42,0,0,0,42
0x4ccaf9,100%,0,429,429,0,0,0,429
0x50fcb2,100%,0,1352,1352,0,0,0,1352
0x4c484f,100%,0,7481,7481,0,0,0,7481
0x4438e7,100%,0,468,468,0,0,0,468
0x49b66f,100%,0,36,36,0,0,0,36
0x48be36,100%,0,529,529,0,0,0,529
0x4d079e,100%,0,154,154,0,0,0,154
0x4d2580,100%,0,118,118,0,0,0,118
0x4b59a3,100%,0,17,17,0,0,0,17
0x5f30e8,100%,0,2659,2659,0,0,0,2659
0x5f3103,100%,0,2659,2659,0,0,0,2659
0x48a9d9,100%,0,21,21,0,0,0,21
0x4ddb9e,100%,0,18,18,0,0,0,18
0x428625,100%,0,68,68,0,0,0,68
0x45e926,100%,0,17,17,0,0,0,17
0x5f315c,100%,0,2659,2659,0,0,0,2659
0x4acb75,100%,0,17,17,0,0,0,17
0x49ac44,100%,0,20,20,0,0,0,20
0x4cb10b,100%,0,2309,2309,2309,0,0,0
0x4274d6,100%,0,12,12,0,0,0,12
0x4d749f,100%,0,2,2,2,0,0,0
0x420917,100%,0,1263,1263,0,0,0,1263
0x4db250,100%,0,20467,20467,0,0,0,20467
0x419616,100%,0,692,692,0,0,0,692
0x420807,100%,0,173,173,0,0,0,173
0x47dd9c,100%,0,12,12,0,0,0,12
0x4285f1,100%,0,157,157,0,0,0,157
0x46cc91,100%,0,76,76,0,0,0,76
0x4d1fc7,100%,0,15,15,0,0,0,15
0x609ebb,100%,0,67,67,0,0,0,67
0x60980c,100%,0,37,37,0,0,0,37
0x469a5b,100%,0,120,120,0,0,0,120
0x462d65,100%,0,136,136,0,0,0,136
0x466cba,100%,0,491,491,0,0,0,491
0x46cc1a,100%,0,76,76,0,0,0,76
0x4d632a,100%,0,1276,1276,0,0,0,1276
0x4c5260,100%,0,1,1,0,0,0,1
0x47c788,100%,0,5862,5862,0,0,0,5862
0x4696f6,100%,0,178,178,0,0,0,178
0x4d2907,100%,0,118,118,0,0,0,118
0x458e67,100%,0,18,18,0,0,0,18
0x4926ed,100%,0,3,3,0,0,0,3
0x427bc1,100%,0,15,15,0,0,0,15
0x463172,100%,0,96,96,0,0,0,96
0x47b6b9,100%,0,2869,2869,0,0,0,2869
0x4ca086,100%,0,332431,332431,0,0,0,332431
0x47b18a,100%,0,12159,12159,0,0,0,12159
0x4a868e,100%,0,157,157,0,0,0,157
0x49c909,100%,0,2402,2402,0,0,0,2402
0x4bea7a,100%,0,2,2,0,0,0,2
0x47b34f,100%,0,76,76,0,0,0,76
0x47d3c9,100%,0,17542,17542,0,0,0,17542
0x4a8ac8,100%,0,34,34,0,0,0,34
0x4d70a6,100%,0,1,1,0,0,0,1
0x4b07f9,100%,0,34,34,0,0,0,34
0x465825,100%,0,6,6,0,0,0,6
0x5ddf4d,100%,0,3,3,0,0,0,3
0x4c58c5,100%,0,43052,43052,0,0,0,43052
0x47b659,100%,0,2869,2869,0,0,0,2869
0x4283c2,100%,0,15,15,0,0,0,15
0x4a2d95,100%,0,19,19,0,0,0,19
0x4d2e0a,100%,0,3,3,0,0,0,3
0x47bab6,100%,0,111,111,0,0,0,111
0x4840d0,100%,0,21,21,0,0,0,21
0x4284f0,100%,0,15,15,0,0,0,15
0x4a291a,100%,0,83,83,0,0,0,83
0x4b96b8,100%,0,1593,1593,0,0,0,1593
0x60a0b7,100%,0,51,51,0,0,0,51
0x50955d,100%,0,30,30,0,0,0,30
0x46ca53,100%,0,76,76,0,0,0,76
0x4760f5,100%,0,5602,5602,5602,0,0,0
0x4644de,100%,0,387,387,0,0,0,387
0x4d0c02,100%,0,30,30,0,0,0,30
0x45ebf3,100%,0,17,17,0,0,0,17
0x428205,100%,0,12,12,0,0,0,12
0x4d7c45,100%,0,87,87,0,0,0,87
0x5fa3c4,100%,0,22,22,0,0,0,22
0x412ed0,100%,0,36,36,0,0,0,36
0x40a602,100%,0,325,325,0,0,0,325
0x46cbcb,100%,0,76,76,0,0,0,76
0x428076,100%,0,15,15,0,0,0,15
0x4df16e,100%,0,27,27,0,0,0,27
0x4abee1,100%,0,146,146,0,0,0,146
0x4cf893,100%,0,16452,16452,16452,0,0,0
0x47c3c9,100%,0,216,216,0,0,0,216
0x4dafac,100%,0,20467,20467,0,0,0,20467
0x478268,100%,0,753,753,0,0,0,753
0x4268ec,100%,0,154,154,0,0,0,154
0x4a2439,100%,0,3,3,0,0,0,3
0x4c651a,100%,0,11340,11340,11340,0,0,0
0x48c5d7,100%,0,582,582,0,0,0,582
0x45d922,100%,0,27,27,27,0,0,0
0x422d73,100%,0,1,1,1,0,0,0
0x469858,100%,0,178,178,0,0,0,178
0x4ddb77,100%,0,18,18,0,0,0,18
0x4b9a0a,100%,0,733,733,733,0,0,0
0x458eed,100%,0,18,18,0,0,0,18
0x47deb7,100%,0,3,3,0,0,0,3
0x47b4e2,100%,0,10220,10220,0,0,0,10220
0x47a3da,100%,0,940,940,0,0,0,940
0x465568,100%,0,387,387,0,0,0,387
0x45e95f,100%,0,17,17,0,0,0,17
0x46986c,100%,0,178,178,0,0,0,178
0x4abf52,100%,0,20,20,20,0,0,0
0x4ddafd,100%,0,18,18,0,0,0,18
0x5ddaa4,100%,0,6,6,6,0,0,0
0x45ece8,100%,0,17,17,0,0,0,17
0x479bf2,100%,0,11970,11970,0,0,0,11970
0x50fd53,100%,0,16,16,0,0,0,16
0x4d5c94,100%,0,20,20,0,0,0,20
0x41b1e9,100%,0,126,126,0,0,0,126
0x608e06,100%,0,195,195,0,0,0,195
0x48c1d5,100%,0,478,478,0,0,0,478
0x406bde,100%,0,54,54,0,0,0,54
0x464927,100%,0,15,15,0,0,0,15
0x4649ca,100%,0,15,15,0,0,0,15
0x45eb95,100%,0,17,17,0,0,0,17
0x41807b,100%,0,1,1,0,0,0,1
0x4cc766,100%,0,20,20,0,0,0,20
0x4761f7,100%,0,29156,29156,0,0,0,29156
0x459192,100%,0,18,18,0,0,0,18
0x4ddbec,100%,0,18,18,0,0,0,18
0x4c493d,100%,0,695,695,0,0,0,695
0x46f2c7,100%,0,31,31,0,0,0,31
0x462b57,100%,0,12,12,0,0,0,12
0x47dd53,100%,0,2399,2399,0,0,0,2399
0x4a1360,100%,0,16,16,0,0,0,16
0x45e9b6,100%,0,17,17,0,0,0,17
0x45ec15,100%,0,17,17,0,0,0,17
0x4d1f1e,100%,0,15,15,0,0,0,15
0x46ca04,100%,0,1492,1492,0,0,0,1492
0x4dda87,100%,0,18,18,0,0,0,18
0x48d888,100%,0,2,2,0,0,0,2
0x5ef82e,100%,0,2,2,0,0,0,2
0x60a31b,100%,0,50,50,0,0,0,50
0x48bd24,100%,0,529,529,0,0,0,529
0x609db6,100%,0,29,29,0,0,0,29
0x4d5e35,100%,0,18,18,0,0,0,18
0x47c717,100%,0,5862,5862,0,0,0,5862
0x47a556,100%,0,6,6,0,0,0,6
0x459e0a,100%,0,15,15,0,0,0,15
0x4b9e84,100%,0,3045,3045,3045,0,0,0
0x4cf5d9,100%,0,178,178,0,0,0,178
0x4d7d47,100%,0,1,1,0,0,0,1
0x5fa464,100%,0,2,2,0,0,0,2
0x4d18db,100%,0,309,309,0,0,0,309
0x48cc86,100%,0,533,533,0,0,0,533
0x4de2be,100%,0,3,3,0,0,0,3
0x5de40e,100%,0,3,3,0,0,0,3
0x460d40,100%,0,32,32,0,0,0,32
0x498be4,100%,0,14,14,0,0,0,14
0x4ddae2,100%,0,18,18,0,0,0,18
0x4d6f4a,100%,0,3,3,0,0,0,3
0x464417,100%,0,387,387,0,0,0,387
0x4b9249,100%,0,16,16,0,0,0,16
0x427aa6,100%,0,6,6,0,0,0,6
0x45b299,100%,0,33,33,0,0,0,33
0x47db1e,100%,0,2826,2826,0,0,0,2826
0x5dcc6d,100%,0,6,6,0,0,0,6
0x47a297,100%,0,6,6,0,0,0,6
0x4bdd9a,100%,0,1509,1509,0,0,0,1509
0x609ab4,100%,0,43,43,0,0,0,43
0x45b28a,100%,0,33,33,0,0,0,33
0x4a52ea,100%,0,17,17,0,0,0,17
0x48d890,100%,0,2,2,0,0,0,2
0x46ad98,100%,0,1100,1100,0,0,0,1100
0x401759,100%,0,733,733,0,0,0,733
0x608ec0,100%,0,195,195,0,0,0,195
0x4769bb,100%,0,1958,1958,1958,0,0,0
0x4d9236,100%,0,26,26,0,0,0,26
0x4629fe,100%,0,1,1,1,0,0,0
0x41a4ce,100%,0,7229,7229,0,0,0,7229
0x428640,100%,0,68,68,0,0,0,68
0x40174a,100%,0,733,733,0,0,0,733
0x40174f,100%,0,733,733,0,0,0,733
0x4434be,100%,0,468,468,0,0,0,468
0x4b5ff8,100%,0,17,17,0,0,0,17
0x4c587f,100%,0,234,234,0,0,0,234
0x4ad51e,100%,0,74,74,74,0,0,0
0x5de6d8,100%,0,6,6,0,0,0,6
0x45ac1b,100%,0,13,13,0,0,0,13
0x4bbe73,100%,0,212,212,212,0,0,0
0x4ad9fb,100%,0,74,74,0,0,0,74
0x420902,100%,0,1263,1263,0,0,0,1263
0x492607,100%,0,3,3,0,0,0,3
0x4d90d1,100%,0,2428,2428,0,0,0,2428
0x45e1e5,100%,0,2,2,0,0,0,2
0x48acd7,100%,0,21,21,0,0,0,21
0x469a6e,100%,0,120,120,0,0,0,120
0x4b19a4,100%,0,38,38,0,0,0,38
0x5de913,100%,0,6,6,0,0,0,6
0x463a97,100%,0,790,790,0,0,0,790
0x420813,100%,0,41,41,0,0,0,41
0x459c3f,100%,0,162,162,0,0,0,162
0x4cd1bd,100%,0,1067,1067,0,0,0,1067
0x463ab5,100%,0,790,790,0,0,0,790
0x4e06ea,100%,0,39,39,39,0,0,0
0x5f305f,100%,0,2659,2659,0,0,0,2659
0x478f1e,100%,0,965,965,0,0,0,965
0x4c3ec7,100%,0,107,107,0,0,0,107
0x4aca6f,100%,0,40,40,0,0,0,40
0x4015b3,100%,0,733,733,0,0,0,733
0x45ace2,100%,0,13,13,0,0,0,13
0x47876e,100%,0,6,6,0,0,0,6
0x4d0569,100%,0,7831,7831,0,0,0,7831
0x4d9106,100%,0,3920,3920,0,0,0,3920
0x46022c,100%,0,3,3,0,0,0,3
0x46d198,100%,0,1139,1139,0,0,0,1139
0x4767b6,100%,0,3,3,0,0,0,3
0x45721e,100%,0,322,322,0,0,0,322
0x49bc41,100%,0,3,3,0,0,0,3
0x4daee9,100%,0,20467,20467,0,0,0,20467
0x60a26e,100%,0,843,843,0,0,0,843
0x4b098b,100%,0,412,412,0,0,0,412
0x427eb5,100%,0,15,15,0,0,0,15
0x4767f3,100%,0,3,3,0,0,0,3
0x49c8cc,100%,0,768,768,0,0,0,768
0x4d0547,100%,0,2426,2426,0,0,0,2426
0x5f0ccc,100%,0,701,701,0,0,0,701
0x46023f,100%,0,3,3,0,0,0,3
0x5f1737,100%,0,205,205,0,0,0,205
0x5f1730,100%,0,205,205,0,0,0,205
0x45c2dd,100%,0,388,388,0,0,0,388
0x4aff7e,100%,0,104,104,0,0,0,104
0x46c5fa,100%,0,101,101,0,0,0,101
0x408a71,100%,0,317,317,0,0,0,317
0x46570c,100%,0,179,179,0,0,0,179
0x4dcb10,100%,0,6853,6853,0,0,0,6853
0x4b03f8,100%,0,482,482,0,0,0,482
0x60a53b,100%,0,39,39,0,0,0,39
0x476762,100%,0,3,3,0,0,0,3
0x40a524,100%,0,364,364,0,0,0,364
0x47c4cc,100%,0,6196,6196,0,0,0,6196
0x608c20,100%,0,210,210,0,0,0,210
0x5df5bc,100%,0,3,3,0,0,0,3
0x457761,100%,0,147,147,0,0,0,147
0x47677a,100%,0,3,3,0,0,0,3
0x48bfe8,100%,0,103,103,0,0,0,103
0x460e4b,100%,0,32,32,0,0,0,32
0x4d6f5a,100%,0,3,3,0,0,0,3
0x46222b,100%,0,6,6,0,0,0,6
0x4cc637,100%,0,261582,261582,0,0,0,261582
0x4bc5eb,100%,0,8844,8844,0,0,0,8844
0x5de62f,100%,0,3,3,0,0,0,3
0x4d2126,100%,0,15,15,0,0,0,15
0x4d1c65,100%,0,25,25,0,0,0,25
0x4438cc,100%,0,468,468,0,0,0,468
0x4cf86d,100%,0,276,276,0,0,0,276
0x420841,100%,0,173,173,0,0,0,173
0x60a130,100%,0,26,26,0,0,0,26
0x476840,100%,0,613,613,0,0,0,613
0x609ef5,100%,0,98,98,0,0,0,98
0x4d3ee6,100%,0,27,27,0,0,0,27
0x5ef15b,100%,0,16,16,0,0,0,16
0x4d1047,100%,0,137,137,0,0,0,137
0x4459da,100%,0,468,468,0,0,0,468
0x414f95,100%,0,1795,1795,1795,0,0,0
0x459eef,100%,0,18,18,0,0,0,18
0x4d5e44,100%,0,18,18,0,0,0,18
0x467a6b,100%,0,30,30,30,0,0,0
0x469a1c,100%,0,88,88,0,0,0,88
0x4a8803,100%,0,100,100,0,0,0,100
0x46af32,100%,0,15,15,0,0,0,15
0x4d5e26,100%,0,18,18,0,0,0,18
0x4a448d,100%,0,37,37,0,0,0,37
0x45a094,100%,0,18,18,0,0,0,18
0x46af3e,100%,0,15,15,0,0,0,15
0x5dd9a1,100%,0,6,6,0,0,0,6
0x609c37,100%,0,22,22,0,0,0,22
0x47af45,100%,0,2517,2517,0,0,0,2517
0x4d70bd,100%,0,1,1,0,0,0,1
0x41822c,100%,0,66,66,0,0,0,66
0x428544,100%,0,12,12,0,0,0,12
0x4769d7,100%,0,1961,1961,0,0,0,1961
0x5dd91b,100%,0,3,3,0,0,0,3
0x4d2565,100%,0,118,118,0,0,0,118
0x5f1f7a,100%,0,1,1,0,0,0,1
0x4d751b,100%,0,7473,7473,0,0,0,7473
0x4d79ce,100%,0,40,40,0,0,0,40
0x48429f,100%,0,42,42,0,0,0,42
0x469c50,100%,0,120,120,0,0,0,120
0x46d65b,100%,0,306,306,0,0,0,306
0x4a614d,100%,0,347,347,0,0,0,347
0x4181fb,100%,0,1,1,0,0,0,1
0x4c64b0,100%,0,121177,121177,0,0,0,121177
0x49cca3,100%,0,2263,2263,0,0,0,2263
0x47d851,100%,0,8,8,0,0,0,8
0x5f0979,100%,0,61,61,0,0,0,61
0x4d90fd,100%,0,1904,1904,0,0,0,1904
0x40205a,100%,0,3122,3122,0,0,0,3122
0x463a6a,100%,0,789,789,0,0,0,789
0x4a26a9,100%,0,33,33,0,0,0,33
0x609d0b,100%,0,8,8,0,0,0,8
0x408c09,100%,0,310,310,0,0,0,310
0x47820b,100%,0,753,753,0,0,0,753
0x412230,100%,0,444,444,0,0,0,444
0x4601cc,100%,0,3,3,0,0,0,3
0x4d3eea,100%,0,27,27,0,0,0,27
0x4d8d81,100%,0,20,20,0,0,0,20
0x465842,100%,0,6,6,0,0,0,6
0x48cab2,100%,0,1087,1087,0,0,0,1087
0x4b958e,100%,0,611,611,611,0,0,0
0x476231,100%,0,15368,15368,0,0,0,15368
0x4b99ba,100%,0,611,611,611,0,0,0
0x45ec2a,100%,0,17,17,0,0,0,17
0x4cc762,100%,0,20,20,0,0,0,20
0x4bbda1,100%,0,2184,2184,2184,0,0,0
0x5f7838,100%,0,82,82,0,0,0,82
0x469c74,100%,0,120,120,0,0,0,120
0x5dda73,100%,0,6,6,0,0,0,6
0x4a3eb9,100%,0,16,16,0,0,0,16
0x5def7b,100%,0,3,3,0,0,0,3
0x459d36,100%,0,150,150,0,0,0,150
0x4d92e9,100%,0,26,26,0,0,0,26
0x47a10f,100%,0,161,161,0,0,0,161
0x48dc40,100%,0,3,3,0,0,0,3
0x48d694,100%,0,9,9,0,0,0,9
0x45ac2f,100%,0,3,3,0,0,0,3
0x4a883b,100%,0,33,33,0,0,0,33
0x47c947,100%,0,28,28,0,0,0,28
0x4023e1,100%,0,131,131,131,0,0,0
0x4437fc,100%,0,468,468,0,0,0,468
0x459808,100%,0,1,1,0,0,0,1
0x427498,100%,0,3,3,0,0,0,3
0x42748f,100%,0,3,3,0,0,0,3
0x47a11a,100%,0,161,161,0,0,0,161
0x5ded22,100%,0,12,12,0,0,0,12
0x47a0ad,100%,0,161,161,0,0,0,161
0x47a09b,100%,0,161,161,0,0,0,161
0x5ef7a4,100%,0,8,8,0,0,0,8
0x47a08a,100%,0,161,161,0,0,0,161
0x47a05f,100%,0,161,161,0,0,0,161
0x479fc4,100%,0,161,161,0,0,0,161
0x609a8b,100%,0,3,3,0,0,0,3
0x60a0c8,100%,0,51,51,0,0,0,51
0x4d8e45,100%,0,20,20,0,0,0,20
0x4d8e3c,100%,0,20,20,0,0,0,20
0x4d8ae6,100%,0,20,20,0,0,0,20
0x5f7bf3,100%,0,21,21,0,0,0,21
0x426ce3,100%,0,8,8,0,0,0,8
0x4a70d5,100%,0,34,34,0,0,0,34
0x4df8a1,100%,0,63,63,0,0,0,63
0x4b6a39,100%,0,17,17,0,0,0,17
0x4df6d9,100%,0,21,21,0,0,0,21
0x4df6bd,100%,0,21,21,0,0,0,21
0x4df39a,100%,0,21,21,0,0,0,21
0x462dc6,100%,0,330,330,0,0,0,330
0x5f9417,100%,0,21,21,0,0,0,21
0x5f7c15,100%,0,21,21,0,0,0,21
0x4192c8,100%,0,43,43,0,0,0,43
0x42152d,100%,0,8,8,0,0,0,8
0x41132f,100%,0,468,468,0,0,0,468
0x428a7b,100%,0,468,468,0,0,0,468
0x5de6e8,100%,0,6,6,0,0,0,6
0x5de92e,100%,0,3,3,0,0,0,3
0x49833e,100%,0,3,3,0,0,0,3
0x498334,100%,0,3,3,0,0,0,3
0x4c52b5,100%,0,1,1,0,0,0,1
0x497a30,100%,0,3,3,0,0,0,3
0x462b76,100%,0,12,12,0,0,0,12
0x48ccf4,100%,0,324,324,0,0,0,324
0x48c009,100%,0,103,103,0,0,0,103
0x45fe64,100%,0,3,3,0,0,0,3
0x4ba792,100%,0,14,14,0,0,0,14
0x50f7c6,100%,0,14,14,0,0,0,14
0x4ba769,100%,0,14,14,0,0,0,14
0x46f1a6,100%,0,16,16,0,0,0,16
0x4ba6b6,100%,0,18,18,0,0,0,18
0x497aa4,100%,0,3,3,0,0,0,3
0x609f88,100%,0,13,13,0,0,0,13
0x609f77,100%,0,13,13,0,0,0,13
0x5de936,100%,0,3,3,0,0,0,3
0x4bf6e9,100%,0,258,258,244,0,0,14
0x4bd998,100%,0,249,249,0,0,0,249
0x40798c,100%,0,10,10,0,0,0,10
0x45fe54,100%,0,3,3,0,0,0,3
0x421562,100%,0,86,86,0,0,0,86
0x4d7c29,100%,0,556,556,0,0,0,556
0x498a50,100%,0,20,20,0,0,0,20
0x41b1d4,100%,0,126,126,0,0,0,126
0x45a43d,100%,0,15,15,0,0,0,15
0x4d7d72,100%,0,1,1,0,0,0,1
0x49c24d,100%,0,36,36,36,0,0,0
0x49c1c5,100%,0,36,36,36,0,0,0
0x413653,100%,0,40,40,0,0,0,40
0x420d33,100%,0,55,55,0,0,0,55
0x5ee8e9,100%,0,192,192,0,0,0,192
0x47decc,100%,0,3,3,0,0,0,3
0x4d5cb4,100%,0,20,20,0,0,0,20
0x424704,100%,0,8,8,0,0,0,8
0x47b08d,100%,0,8,8,0,0,0,8
0x47b068,100%,0,8,8,0,0,0,8
0x4d0ad7,100%,0,21,21,0,0,0,21
0x4d0a20,100%,0,21,21,0,0,0,21
0x46f54a,100%,0,16,16,0,0,0,16
0x4112e4,100%,0,468,468,0,0,0,468
0x5f0b9e,100%,0,36,36,0,0,0,36
0x5f0b77,100%,0,40,40,0,0,0,40
0x4e05dd,100%,0,72,72,0,0,0,72
0x41bc97,100%,0,703,703,0,0,0,703
0x60a017,100%,0,27,27,0,0,0,27
0x41bbde,100%,0,703,703,0,0,0,703
0x41b17e,100%,0,2021,2021,0,0,0,2021
0x41b04b,100%,0,2021,2021,0,0,0,2021
0x418eed,100%,0,26,26,0,0,0,26
0x418ee9,100%,0,26,26,0,0,0,26
0x4ca7c8,100%,0,1246,1246,0,0,0,1246
0x401874,100%,0,34,34,0,0,0,34
0x4c3ad5,100%,0,1209,1209,1209,0,0,0
0x5d8937,100%,0,6,6,0,0,0,6
0x4d8561,100%,0,2,2,0,0,0,2
0x5de5fe,100%,0,6,6,0,0,0,6
0x5df7e4,100%,0,3,3,0,0,0,3
0x63387a,100%,0,57,57,0,0,0,57
0x4ac9cb,100%,0,34,34,0,0,0,34
0x633501,100%,0,3,3,0,0,0,3
0x6334f6,100%,0,3,3,0,0,0,3
0x47673a,100%,0,67,67,0,0,0,67
0x462fed,100%,0,96,96,0,0,0,96
0x5ddd5f,100%,0,6,6,0,0,0,6
0x5dd3d8,100%,0,6,6,0,0,0,6
0x5de60c,100%,0,6,6,0,0,0,6
0x463136,100%,0,96,96,0,0,0,96
0x5d8850,100%,0,6,6,0,0,0,6
0x5d8834,100%,0,6,6,0,0,0,6
0x5d8826,100%,0,6,6,0,0,0,6
0x5d880f,100%,0,6,6,0,0,0,6
0x46f475,100%,0,16,16,0,0,0,16
0x6073e1,100%,0,12,12,0,0,0,12
0x5d863f,100%,0,6,6,0,0,0,6
0x4bdf39,100%,0,2,2,0,0,0,2
0x5d8635,100%,0,6,6,0,0,0,6
0x5df5a7,100%,0,3,3,0,0,0,3
0x5dec19,100%,0,6,6,0,0,0,6
0x41815a,100%,0,1,1,0,0,0,1
0x4ad21c,100%,0,17,17,0,0,0,17
0x5d8d41,100%,0,6,6,0,0,0,6
0x5d8d12,100%,0,6,6,0,0,0,6
0x45e490,100%,0,4,4,4,0,0,0
0x4d7ef8,100%,0,471,471,0,0,0,471
0x5df8b0,100%,0,6,6,0,0,0,6
0x5df2cd,100%,0,6,6,0,0,0,6
0x5facd4,100%,0,3,3,0,0,0,3
0x5decdc,100%,0,6,6,0,0,0,6
0x5dec2b,100%,0,6,6,6,0,0,0
0x60694a,100%,0,46,46,0,0,0,46
0x5dec01,100%,0,6,6,0,0,0,6
0x47a825,100%,0,4,4,0,0,0,4
0x5deb16,100%,0,6,6,0,0,0,6
0x5deb08,100%,0,6,6,0,0,0,6
0x5dead5,100%,0,6,6,0,0,0,6
0x419244,100%,0,3,3,0,0,0,3
0x5de9b3,100%,0,42,42,0,0,0,42
0x5de979,100%,0,6,6,0,0,0,6
0x5de908,100%,0,6,6,0,0,0,6
0x5de8db,100%,0,6,6,0,0,0,6
0x4acf54,100%,0,34,34,0,0,0,34
0x4e2c34,100%,0,27,27,0,0,0,27
0x4e1571,100%,0,33,33,0,0,0,33
0x4e1024,100%,0,33,33,0,0,0,33
0x4e14a5,100%,0,18,18,0,0,0,18
0x4ace31,100%,0,34,34,0,0,0,34
0x5fa536,100%,0,99,99,0,0,0,99
0x5fa23f,100%,0,366,366,0,0,0,366
0x4e09a3,100%,0,51,51,0,0,0,51
0x4e06a4,100%,0,51,51,51,0,0,0
0x5ded63,100%,0,6,6,0,0,0,6
0x4decae,100%,0,15,15,0,0,0,15
0x4deca3,100%,0,15,15,0,0,0,15
0x4d8a5f,100%,0,126,126,0,0,0,126
0x4d8828,100%,0,2,2,2,0,0,0
0x4e17a8,100%,0,33,33,0,0,0,33
0x4e0b42,100%,0,33,33,0,0,0,33
0x418588,100%,0,2,2,0,0,0,2
0x5df34b,100%,0,6,6,0,0,0,6
0x4054cf,100%,0,9,9,0,0,0,9
0x4e2894,100%,0,72,72,0,0,0,72
0x4e2720,100%,0,72,72,0,0,0,72
0x4a28a1,100%,0,83,83,0,0,0,83
0x4e14d9,100%,0,6,6,0,0,0,6
0x4e0e28,100%,0,6,6,0,0,0,6
0x4996fa,100%,0,611,611,0,0,0,611
0x606939,100%,0,46,46,0,0,0,46
0x5f1569,100%,0,32,32,0,0,0,32
0x5f155e,100%,0,32,32,0,0,0,32
0x5f154f,100%,0,32,32,0,0,0,32
0x418644,100%,0,23,23,0,0,0,23
0x4182c7,100%,0,65,65,0,0,0,65
0x4b69ec,100%,0,17,17,17,0,0,0
0x45fcc9,100%,0,3,3,0,0,0,3
0x45e2e2,100%,0,2,2,0,0,0,2
0x45f9e8,100%,0,3,3,0,0,0,3
0x457bab,100%,0,3,3,3,0,0,0
0x4ac01f,100%,0,20,20,0,0,0,20
0x608c35,100%,0,210,210,0,0,0,210
0x608c0b,100%,0,210,210,0,0,0,210
0x608bb1,100%,0,309,309,0,0,0,309
0x49ce80,100%,0,430,430,0,0,0,430
0x49cb8f,100%,0,430,430,0,0,0,430
0x4c457c,100%,0,6221,6221,0,0,0,6221
0x5fa2d7,100%,0,23,23,0,0,0,23
0x4bbba6,100%,0,112,112,0,0,0,112
0x4bbb88,100%,0,112,112,0,0,0,112
0x6097bb,100%,0,4,4,0,0,0,4
0x46cccc,100%,0,76,76,0,0,0,76
0x5f1ea7,100%,0,1921,1921,0,0,0,1921
0x477095,100%,0,12,12,0,0,0,12
0x4d3e00,100%,0,72,72,0,0,0,72
0x5f2d93,100%,0,2970,2970,0,0,0,2970
0x5f2d40,100%,0,2970,2970,0,0,0,2970
0x4ace4f,100%,0,34,34,0,0,0,34
0x4a8466,100%,0,18,18,0,0,0,18
0x4caaed,100%,0,2309,2309,2309,0,0,0
0x5f2d2e,100%,0,2970,2970,0,0,0,2970
0x428aa4,100%,0,468,468,0,0,0,468
0x5de704,100%,0,6,6,0,0,0,6
0x5ef0f7,100%,0,1619,1619,1619,0,0,0
0x4786c6,100%,0,6,6,0,0,0,6
0x4b59e3,100%,0,17,17,0,0,0,17
0x4bbdc7,100%,0,2184,2184,2184,0,0,0
0x4196ce,100%,0,2224,2224,2224,0,0,0
0x5de4d4,100%,0,3,3,0,0,0,3
0x46020c,100%,0,3,3,0,0,0,3
0x418c9a,100%,0,1258,1258,0,0,0,1258
0x4b95d1,100%,0,611,611,611,0,0,0
0x46759f,100%,0,61,61,0,0,0,61
0x5f2c33,100%,0,10426,10426,0,0,0,10426
0x427dba,100%,0,34,34,0,0,0,34
0x4c5c72,100%,0,550,550,0,0,0,550
0x6332e2,100%,0,6,6,0,0,0,6
0x41b305,100%,0,126,126,0,0,0,126
0x4b040a,100%,0,482,482,0,0,0,482
0x4457d2,100%,0,468,468,0,0,0,468
0x4da8d7,100%,0,7479,7479,0,0,0,7479
0x459fe8,100%,0,18,18,0,0,0,18
0x459fa1,100%,0,18,18,0,0,0,18
0x478732,100%,0,6,6,0,0,0,6
0x49c89f,100%,0,768,768,0,0,0,768
0x4b24d2,100%,0,17,17,0,0,0,17
0x467134,100%,0,768,768,0,0,0,768
0x5f076b,100%,0,139,139,0,0,0,139
0x4284e1,100%,0,15,15,0,0,0,15
0x458cbc,100%,0,29,29,0,0,0,29
0x524855,100%,0,3,3,0,0,0,3
0x6099bb,100%,0,206,206,0,0,0,206
0x47c9e4,100%,0,3808,3808,0,0,0,3808
0x4c4b20,100%,0,132608,132608,0,0,0,132608
0x47620f,100%,0,13181,13181,13181,0,0,0
0x478a56,100%,0,6,6,6,0,0,0
0x4a5340,100%,0,17,17,0,0,0,17
0x419a8b,100%,0,64,64,0,0,0,64
0x5ef122,100%,0,1619,1619,0,0,0,1619
0x5eefb9,100%,0,12451,12451,0,0,0,12451
0x47807a,100%,0,2724,2724,0,0,0,2724
0x48c664,100%,0,2941,2941,0,0,0,2941
0x459474,100%,0,3,3,0,0,0,3
0x418be7,100%,0,2852,2852,0,0,0,2852
0x4a2681,100%,0,33,33,0,0,0,33
0x4a4908,100%,0,3,3,0,0,0,3
0x4182dc,100%,0,2,2,0,0,0,2
0x4d1fcd,100%,0,15,15,0,0,0,15
0x47823e,100%,0,21,21,0,0,0,21
0x45fe34,100%,0,6526,6526,0,0,0,6526
0x5ef047,100%,0,10832,10832,0,0,0,10832
0x41850b,100%,0,58,58,0,0,0,58
0x4ba82d,100%,0,932,932,0,0,0,932
0x4a61ce,100%,0,173,173,0,0,0,173
0x4ada13,100%,0,74,74,74,0,0,0
0x41ac53,100%,0,111,111,0,0,0,111
0x41882b,100%,0,43,43,0,0,0,43
0x4b2346,100%,0,6,6,0,0,0,6
0x4d61e5,100%,0,475,475,0,0,0,475
0x4d05f5,100%,0,5473,5473,5473,0,0,0
0x5f260c,100%,0,7881,7881,7881,0,0,0
0x41adc5,100%,0,111,111,0,0,0,111
0x5f056d,100%,0,12422,12422,0,0,0,12422
0x4bdd68,100%,0,579,579,0,0,0,579
0x46007c,100%,0,6517,6517,0,0,0,6517
0x4a44b5,100%,0,17,17,0,0,0,17
0x41a36d,100%,0,359,359,359,0,0,0
0x45a238,100%,0,15,15,0,0,0,15
0x47ca8a,100%,0,3808,3808,0,0,0,3808
0x4ddaf2,100%,0,18,18,0,0,0,18
0x523cf2,100%,0,6,6,0,0,0,6
0x45005b,100%,0,9,9,0,0,0,9
0x4ac994,100%,0,34,34,0,0,0,34
0x47d9db,100%,0,2840,2840,0,0,0,2840
0x5f0c2b,100%,0,1313,1313,0,0,0,1313
0x45fa38,100%,0,3,3,0,0,0,3
0x463b1e,100%,0,9,9,0,0,0,9
0x5f0acd,100%,0,7626,7626,7626,0,0,0
0x4b76d9,100%,0,17,17,0,0,0,17
0x4aca82,100%,0,6,6,0,0,0,6
0x5f0559,100%,0,3305,3305,3305,0,0,0
0x4b9f3d,100%,0,2167,2167,2167,0,0,0
0x4bc35e,100%,0,1929,1929,1929,0,0,0
0x41ab79,100%,0,43,43,0,0,0,43
0x4c40b8,100%,0,1111,1111,0,0,0,1111
0x5ef1a3,100%,0,446,446,0,0,0,446
0x408b6c,100%,0,5,5,0,0,0,5
0x44365b,100%,0,468,468,0,0,0,468
0x4a6400,100%,0,19,19,0,0,0,19
0x4a89bb,100%,0,70,70,0,0,0,70
0x4a8981,100%,0,70,70,0,0,0,70
0x4a896a,100%,0,36,36,0,0,0,36
0x413ae9,100%,0,3,3,3,0,0,0
0x4a8bee,100%,0,36,36,0,0,0,36
0x476880,100%,0,2,2,0,0,0,2
0x4a8ba6,100%,0,36,36,0,0,0,36
0x4a8901,100%,0,70,70,0,0,0,70
0x4a7365,100%,0,153,153,0,0,0,153
0x49e9aa,100%,0,34,34,34,0,0,0
0x48c7ea,100%,0,4615,4615,0,0,0,4615
0x4a723d,100%,0,37,37,0,0,0,37
0x4a3fbc,100%,0,83,83,0,0,0,83
0x4a6fc8,100%,0,153,153,0,0,0,153
0x4a6fb7,100%,0,153,153,0,0,0,153
0x4a6f9d,100%,0,153,153,0,0,0,153
0x48e599,100%,0,8,8,0,0,0,8
0x49c78c,100%,0,19,19,0,0,0,19
0x4c3af8,100%,0,1209,1209,0,0,0,1209
0x49c749,100%,0,19,19,0,0,0,19
0x4a2e52,100%,0,19,19,0,0,0,19
0x4a6502,100%,0,19,19,0,0,0,19
0x4a7b0e,100%,0,54,54,0,0,0,54
0x4abf08,100%,0,20,20,0,0,0,20
0x4d7ddf,100%,0,87,87,0,0,0,87
0x4654d8,100%,0,9,9,0,0,0,9
0x4abe5d,100%,0,86,86,0,0,0,86
0x4abe34,100%,0,86,86,0,0,0,86
0x4abe1c,100%,0,86,86,0,0,0,86
0x49bcc6,100%,0,3,3,0,0,0,3
0x49bc72,100%,0,3,3,0,0,0,3
0x4a6628,100%,0,34,34,0,0,0,34
0x443768,100%,0,1482,1482,0,0,0,1482
0x41bbd9,100%,0,703,703,0,0,0,703
0x49bb87,100%,0,36,36,0,0,0,36
0x50f9a4,100%,0,19,19,0,0,0,19
0x4137a3,100%,0,3,3,0,0,0,3
0x50f963,100%,0,19,19,0,0,0,19
0x50f954,100%,0,19,19,0,0,0,19
0x50f8fb,100%,0,19,19,0,0,0,19
0x4bdeec,100%,0,16,16,0,0,0,16
0x50f868,100%,0,19,19,0,0,0,19
0x49b93b,100%,0,19,19,0,0,0,19
0x48bdde,100%,0,71,71,0,0,0,71
0x49b8ec,100%,0,19,19,0,0,0,19
0x4d1674,100%,0,415,415,0,0,0,415
0x4cac99,100%,0,119,119,119,0,0,0
0x609fd0,100%,0,1,1,0,0,0,1
0x45a7cf,100%,0,81,81,0,0,0,81
0x46af24,100%,0,15,15,0,0,0,15
0x4dfaf4,100%,0,63,63,0,0,0,63
0x4dafa3,100%,0,20467,20467,0,0,0,20467
0x4d70ae,100%,0,1,1,0,0,0,1
0x4d89c9,100%,0,21039,21039,0,0,0,21039
0x633416,100%,0,9,9,0,0,0,9
0x4c2765,100%,0,5880,5880,0,0,0,5880
0x4c4d9c,100%,0,87,87,0,0,0,87
0x4d73aa,100%,0,2,2,0,0,0,2
0x49bb5a,100%,0,36,36,0,0,0,36
0x478724,100%,0,6,6,0,0,0,6
0x45c28e,100%,0,69,69,0,0,0,69
0x4dc436,100%,0,1,1,0,0,0,1
0x5f06c6,100%,0,5203,5203,0,0,0,5203
0x40286d,100%,0,2385,2385,0,0,0,2385
0x5ef445,100%,0,1048,1048,0,0,0,1048
0x5ef430,100%,0,1048,1048,1048,0,0,0
0x418087,100%,0,1,1,0,0,0,1
0x4e0e07,100%,0,39,39,0,0,0,39
0x4671f3,100%,0,101,101,0,0,0,101
0x47904d,100%,0,10826,10826,0,0,0,10826
0x4a50bc,100%,0,20,20,0,0,0,20
0x5dcf35,100%,0,6,6,0,0,0,6
0x4a4656,100%,0,20,20,0,0,0,20
0x4a6242,100%,0,190,190,0,0,0,190
0x45dffa,100%,0,4,4,0,0,0,4
0x458e17,100%,0,20,20,0,0,0,20
0x50b099,100%,0,2,2,2,0,0,0
0x4d8d30,100%,0,20,20,0,0,0,20
0x41af6d,100%,0,89,89,0,0,0,89
0x46e4f1,100%,0,3,3,0,0,0,3
0x4d8a3c,100%,0,26,26,0,0,0,26
0x5d876e,100%,0,6,6,0,0,0,6
0x4d9619,100%,0,26,26,0,0,0,26
0x458e55,100%,0,18,18,0,0,0,18
0x4d9605,100%,0,26,26,0,0,0,26
0x4d2dec,100%,0,58,58,0,0,0,58
0x4d9258,100%,0,26,26,0,0,0,26
0x4d921c,100%,0,26,26,0,0,0,26
0x418b8d,100%,0,25106,25106,24590,0,0,516
0x50fadd,100%,0,418,418,0,0,0,418
0x41ab4d,100%,0,43,43,0,0,0,43
0x4bac0f,100%,0,1705,1705,0,0,0,1705
0x609feb,100%,0,1,1,0,0,0,1
0x4190c7,100%,0,43,43,0,0,0,43
0x418826,100%,0,43,43,0,0,0,43
0x52485e,100%,0,3,3,0,0,0,3
0x608ddc,100%,0,195,195,0,0,0,195
0x47d0b9,100%,0,18,18,0,0,0,18
0x47da36,100%,0,14,14,0,0,0,14
0x413be2,100%,0,3,3,0,0,0,3
0x413bd6,100%,0,3,3,0,0,0,3
0x413bd1,100%,0,3,3,0,0,0,3
0x41389d,100%,0,3,3,3,0,0,0
0x60a006,100%,0,27,27,0,0,0,27
0x608e1b,100%,0,195,195,0,0,0,195
0x60953b,100%,0,84,84,0,0,0,84
0x41bcf4,100%,0,6,6,0,0,0,6
0x41117e,100%,0,3,3,0,0,0,3
0x4137d4,100%,0,3,3,0,0,0,3
0x4137cb,100%,0,3,3,0,0,0,3
0x457ba1,100%,0,3,3,0,0,0,3
0x47d73f,100%,0,8,8,0,0,0,8
0x4d3f84,100%,0,6,6,0,0,0,6
0x463509,100%,0,96,96,0,0,0,96
0x46317c,100%,0,96,96,0,0,0,96
0x462fbc,100%,0,96,96,0,0,0,96
0x46e544,100%,0,3,3,0,0,0,3
0x608f2c,100%,0,195,195,0,0,0,195
0x608f11,100%,0,195,195,0,0,0,195
0x608e6f,100%,0,195,195,0,0,0,195
0x608e5a,100%,0,195,195,0,0,0,195
0x608df1,100%,0,195,195,0,0,0,195
0x4b9bf8,100%,0,204,204,0,0,0,204
0x46cce8,100%,0,3,3,0,0,0,3
0x48c25d,100%,0,478,478,0,0,0,478
0x41b9c8,100%,0,5,5,0,0,0,5
0x41b9c4,100%,0,5,5,0,0,0,5
0x45b3b0,100%,0,4,4,0,0,0,4
0x46d7e1,100%,0,12,12,0,0,0,12
0x4d6f19,100%,0,3,3,0,0,0,3
0x4dde93,100%,0,3,3,0,0,0,3
0x4182fd,100%,0,2,2,0,0,0,2
0x458494,100%,0,11,11,0,0,0,11
0x458484,100%,0,11,11,11,0,0,0
0x45847a,100%,0,11,11,0,0,0,11
0x47dec1,100%,0,3,3,0,0,0,3
0x47de94,100%,0,3,3,0,0,0,3
0x41b643,100%,0,5,5,0,0,0,5
0x41abad,100%,0,43,43,0,0,0,43
0x419157,100%,0,43,43,0,0,0,43
0x4435ea,100%,0,468,468,0,0,0,468
0x4786ac,100%,0,6,6,0,0,0,6
0x5eecc6,100%,0,7,7,0,0,0,7
0x418114,100%,0,1,1,0,0,0,1
0x5eecb8,100%,0,7,7,0,0,0,7
0x4d80a0,100%,0,468,468,0,0,0,468
0x4b171c,100%,0,16,16,0,0,0,16
0x4d8abf,100%,0,468,468,0,0,0,468
0x4bf778,100%,0,12,12,0,0,0,12
0x4437de,100%,0,468,468,0,0,0,468
0x443625,100%,0,468,468,0,0,0,468
0x4435f2,100%,0,468,468,0,0,0,468
0x47873e,100%,0,6,6,0,0,0,6
0x6091a7,100%,0,3,3,3,0,0,0
0x428f61,100%,0,4914,4914,0,0,0,4914
0x428aaa,100%,0,468,468,0,0,0,468
0x428a63,100%,0,468,468,0,0,0,468
0x4111d0,100%,0,3,3,0,0,0,3
0x4434ea,100%,0,468,468,0,0,0,468
0x47c892,100%,0,14,14,0,0,0,14
0x413a5c,100%,0,3,3,0,0,0,3
0x5ef151,100%,0,16,16,0,0,0,16
0x457efb,100%,0,24,24,0,0,0,24
0x450165,100%,0,9,9,0,0,0,9
0x478994,100%,0,6,6,0,0,0,6
0x46d7db,100%,0,12,12,0,0,0,12
0x464f24,100%,0,9,9,0,0,0,9
0x45a340,100%,0,15,15,0,0,0,15
0x498c22,100%,0,14,14,14,0,0,0
0x46ff0f,100%,0,11554,11554,0,0,0,11554
0x498bcd,100%,0,14,14,0,0,0,14
0x408ba4,100%,0,3,3,0,0,0,3
0x408b4e,100%,0,5,5,0,0,0,5
0x408af8,100%,0,3,3,0,0,0,3
0x48c349,100%,0,189,189,189,0,0,0
0x4925ca,100%,0,3,3,0,0,0,3
0x608f47,100%,0,195,195,0,0,0,195
0x47877b,100%,0,6,6,0,0,0,6
0x450121,100%,0,9,9,0,0,0,9
0x45010c,100%,0,9,9,0,0,0,9
0x450104,100%,0,9,9,0,0,0,9
0x4d4029,100%,0,6,6,6,0,0,0
0x453583,100%,0,9,9,0,0,0,9
0x453562,100%,0,9,9,0,0,0,9
0x453508,100%,0,9,9,0,0,0,9
0x478f6a,100%,0,3,3,3,0,0,0
0x44feac,100%,0,9,9,0,0,0,9
0x50b006,100%,0,111,111,0,0,0,111
0x470711,100%,0,1,1,0,0,0,1
0x470548,100%,0,1,1,0,0,0,1
0x470504,100%,0,1,1,0,0,0,1
0x40184e,100%,0,34,34,0,0,0,34
0x4dc1ba,100%,0,1,1,0,0,0,1
0x4a3596,100%,0,16,16,0,0,0,16
0x4a2ffd,100%,0,16,16,0,0,0,16
0x4a123e,100%,0,16,16,0,0,0,16
0x50b0c2,100%,0,2,2,0,0,0,2
0x50b0b9,100%,0,2,2,0,0,0,2
0x50b0af,100%,0,2,2,0,0,0,2
0x4707e8,100%,0,1,1,0,0,0,1
0x4be85e,100%,0,12,12,12,0,0,0
0x50fd30,100%,0,1,1,0,0,0,1
0x5fa556,100%,0,1,1,0,0,0,1
0x4c647e,100%,0,8,8,0,0,0,8
0x4185a9,100%,0,2,2,0,0,0,2
0x418250,100%,0,2,2,2,0,0,0
0x4629f4,100%,0,1,1,0,0,0,1
0x5ef827,100%,0,2,2,0,0,0,2
0x5f14bb,100%,0,4,4,0,0,0,4
0x48e3a1,100%,0,29,29,0,0,0,29
0x48e395,100%,0,29,29,0,0,0,29
0x420f5a,100%,0,1,1,0,0,0,1
0x4c52c9,100%,0,1,1,0,0,0,1
0x4c52a6,100%,0,1,1,0,0,0,1
0x4c5269,100%,0,1,1,0,0,0,1
0x4cceec,100%,0,1,1,0,0,0,1
0x4ccee0,100%,0,1,1,0,0,0,1
0x4d7d61,100%,0,1,1,0,0,0,1
0x422ad2,100%,0,1,1,0,0,0,1
0x422aa3,100%,0,1,1,0,0,0,1
0x422a74,100%,0,1,1,0,0,0,1
0x422a64,100%,0,1,1,0,0,0,1
0x420fd7,100%,0,1,1,0,0,0,1
0x45b46b,100%,0,29,29,0,0,0,29
0x4181f2,100%,0,1,1,0,0,0,1
0x41892b,100%,0,1,1,0,0,0,1
0x41890d,100%,0,1,1,1,0,0,0
0x421371,100%,0,1,1,0,0,0,1
0x4d7a9a,100%,0,1,1,0,0,0,1
0x42130f,100%,0,1,1,0,0,0,1
0x421309,100%,0,1,1,0,0,0,1
0x4212b4,100%,0,1,1,0,0,0,1
0x418121,100%,0,1,1,0,0,0,1
0x4dde6c,100%,0,1,1,0,0,0,1
0x4708d9,100%,0,1,1,0,0,0,1
0x41d380,100%,0,16,16,0,0,0,16
0x506041,100%,0,6,6,0,0,0,6
0x505ed2,100%,0,6,6,0,0,0,6
0x505eb0,100%,0,6,6,6,0,0,0
0x5f2089,100%,0,1,1,0,0,0,1
0x5f2078,100%,0,1,1,0,0,0,1
0x46f557,100%,0,16,16,0,0,0,16
0x46f4d4,100%,0,16,16,0,0,0,16
0x46f47f,100%,0,16,16,16,0,0,0
0x46ff70,100%,0,16,16,0,0,0,16
0x46ff6b,100%,0,16,16,0,0,0,16
0x46ff66,100%,0,16,16,0,0,0,16
0x5fa354,100%,0,21,21,0,0,0,21
0x46f25c,100%,0,16,16,0,0,0,16
0x46f249,100%,0,16,16,0,0,0,16
0x46f220,100%,0,31,31,0,0,0,31
0x46f214,100%,0,47,47,0,0,0,47
0x46f140,100%,0,16,16,0,0,0,16
0x608d89,100%,0,8,8,0,0,0,8
0x608d43,100%,0,203,203,0,0,0,203
0x47d69a,100%,0,8,8,0,0,0,8
0x608d19,100%,0,203,203,0,0,0,203
0x608d04,100%,0,203,203,0,0,0,203
0x608cc5,100%,0,203,203,0,0,0,203
0x4bf78f,100%,0,12,12,0,0,0,12
0x45db22,100%,0,49,49,0,0,0,49
0x48d930,100%,0,2,2,0,0,0,2
0x48d8c6,100%,0,2,2,0,0,0,2
0x41329f,100%,0,4,4,0,0,0,4
0x47d6cf,100%,0,8,8,0,0,0,8
0x469e8f,100%,0,25,25,0,0,0,25
0x4c4954,100%,0,695,695,0,0,0,695
0x4c60da,100%,0,9,9,0,0,0,9
0x4c603b,100%,0,9,9,9,0,0,0
0x4be8e0,100%,0,10170,10170,0,0,0,10170
0x4be851,100%,0,10158,10158,10146,0,0,12
0x457eec,100%,0,24,24,0,0,0,24
0x4beb8d,100%,0,103,103,0,0,0,103
0x4beb42,100%,0,2,2,0,0,0,2
0x4bea13,100%,0,10172,10172,10172,0,0,0
0x4be6c7,100%,0,10174,10174,10174,0,0,0
0x4be5cb,100%,0,8,8,0,0,0,8
0x4beb83,100%,0,105,105,105,0,0,0
0x4be482,100%,0,103,103,0,0,0,103
0x4bc7b7,100%,0,103,103,0,0,0,103
0x4bc7aa,100%,0,103,103,0,0,0,103
0x4bbd03,100%,0,3,3,3,0,0,0
0x426e87,100%,0,16,16,0,0,0,16
0x467b3a,100%,0,30,30,0,0,0,30
0x467af6,100%,0,30,30,0,0,0,30
0x46798e,100%,0,30,30,0,0,0,30
0x41465e,100%,0,3,3,0,0,0,3
0x4b4417,100%,0,34,34,0,0,0,34
0x45f30d,100%,0,8,8,0,0,0,8
0x4beb9d,100%,0,103,103,0,0,0,103
0x49f554,100%,0,34,34,0,0,0,34
0x45f001,100%,0,8,8,8,0,0,0
0x45dd16,100%,0,8,8,0,0,0,8
0x426e8c,100%,0,16,16,0,0,0,16
0x467b8b,100%,0,30,30,0,0,0,30
0x426e27,100%,0,16,16,0,0,0,16
0x426d08,100%,0,8,8,0,0,0,8
0x426cbe,100%,0,8,8,0,0,0,8
0x49c80a,100%,0,34,34,0,0,0,34
0x60a8ee,100%,0,43,43,43,0,0,0
0x48c2ba,100%,0,189,189,189,0,0,0
0x445b74,100%,0,234,234,0,0,0,234
0x445b6f,100%,0,234,234,0,0,0,234
0x44607d,100%,0,468,468,0,0,0,468
0x445b0b,100%,0,468,468,0,0,0,468
0x445b06,100%,0,468,468,0,0,0,468
0x45e0fd,100%,0,4,4,2,0,0,2
0x4cc846,100%,0,28,28,0,0,0,28
0x4131dc,100%,0,36,36,0,0,0,36
0x4d7401,100%,0,2,2,0,0,0,2
0x4d739a,100%,0,2,2,0,0,0,2
0x4d738e,100%,0,2,2,0,0,0,2
0x4d865b,100%,0,2,2,0,0,0,2
0x45e1ba,100%,0,2,2,0,0,0,2
0x45e65d,100%,0,2,2,2,0,0,0
0x45e652,100%,0,2,2,0,0,0,2
0x45e3fc,100%,0,4,4,0,0,0,4
0x443632,100%,0,468,468,0,0,0,468
0x445af9,100%,0,468,468,0,0,0,468
0x45e0ce,100%,0,4,4,0,0,0,4
0x45e075,100%,0,4,4,0,0,0,4
0x45e065,100%,0,4,4,0,0,0,4
0x608cef,100%,0,203,203,0,0,0,203
0x45e03f,100%,0,4,4,0,0,0,4
0x428a86,100%,0,468,468,0,0,0,468
0x407bee,100%,0,12357,12357,0,0,0,12357
0x4761ed,100%,0,6,6,0,0,0,6
0x4b9976,100%,0,158,158,0,0,0,158
0x50ff74,100%,0,1,1,0,0,0,1
0x467b93,100%,0,30,30,0,0,0,30
0x5de9c7,100%,0,3,3,0,0,0,3
0x41d391,100%,0,16,16,0,0,0,16
0x46783b,100%,0,61,61,61,0,0,0
0x523c2c,100%,0,6,6,0,0,0,6
0x467784,100%,0,61,61,0,0,0,61
0x46f4cb,100%,0,16,16,0,0,0,16
0x407bd5,100%,0,10,10,0,0,0,10
0x5ef819,100%,0,2,2,0,0,0,2
0x47c078,100%,0,30,30,0,0,0,30
0x408c9c,100%,0,98,98,0,0,0,98
0x4a884c,100%,0,67,67,0,0,0,67
0x4d5e53,100%,0,18,18,0,0,0,18
0x4574a7,100%,0,39,39,39,0,0,0
0x5def08,100%,0,3,3,0,0,0,3
0x5dee8f,100%,0,3,3,0,0,0,3
0x5dee81,100%,0,3,3,0,0,0,3
0x5dee7a,100%,0,3,3,0,0,0,3
0x5de7d8,100%,0,3,3,0,0,0,3
0x4a3002,100%,0,16,16,16,0,0,0
0x6331e7,100%,0,3,3,0,0,0,3
0x5dd972,100%,0,9,9,0,0,0,9
0x5de767,100%,0,3,3,0,0,0,3
0x5df773,100%,0,3,3,0,0,0,3
0x5ddec7,100%,0,3,3,3,0,0,0
0x4458fd,100%,0,468,468,0,0,0,468
0x445a82,100%,0,468,468,0,0,0,468
0x4022d1,100%,0,351,351,0,0,0,351
0x46cdba,100%,0,3,3,0,0,0,3
0x4be6f2,100%,0,5158,5158,0,0,0,5158
0x44599d,100%,0,468,468,0,0,0,468
0x47035e,100%,0,468,468,0,0,0,468
0x47032c,100%,0,468,468,0,0,0,468
0x4ce43b,100%,0,1,1,0,0,0,1
0x4701e7,100%,0,468,468,0,0,0,468
0x4a707a,100%,0,34,34,34,0,0,0
0x4701c9,100%,0,468,468,0,0,0,468
0x459717,100%,0,102,102,0,0,0,102
0x445889,100%,0,468,468,0,0,0,468
0x463013,100%,0,96,96,0,0,0,96
0x411474,100%,0,468,468,0,0,0,468
0x411344,100%,0,468,468,0,0,0,468
0x41133e,100%,0,468,468,0,0,0,468
0x411324,100%,0,468,468,0,0,0,468
0x41129e,100%,0,936,936,0,0,0,936
0x411295,100%,0,936,936,0,0,0,936
0x48e380,100%,0,29,29,0,0,0,29
0x4574cf,100%,0,39,39,39,0,0,0
0x4a5e73,100%,0,17,17,0,0,0,17
0x4a5d96,100%,0,34,34,0,0,0,34
0x4a8aef,100%,0,34,34,0,0,0,34
0x4a8a80,100%,0,34,34,0,0,0,34
0x4a8a6f,100%,0,34,34,0,0,0,34
0x4c528c,100%,0,1,1,0,0,0,1
0x4a8aba,100%,0,34,34,0,0,0,34
0x45a24a,100%,0,15,15,0,0,0,15
0x4a39c7,100%,0,34,34,0,0,0,34
0x4d7a83,100%,0,1,1,1,0,0,0
0x4a3a9e,100%,0,17,17,17,0,0,0
0x4a5e78,100%,0,17,17,0,0,0,17
0x4a26c8,100%,0,33,33,0,0,0,33
0x4708cf,100%,0,1,1,0,0,0,1
0x4a5e65,100%,0,17,17,0,0,0,17
0x4180a1,100%,0,1,1,0,0,0,1
0x49efb3,100%,0,83,83,0,0,0,83
0x49ef9d,100%,0,133,133,0,0,0,133
0x4149bf,100%,0,3,3,0,0,0,3
0x49e7fa,100%,0,33,33,33,0,0,0
0x4b7716,100%,0,17,17,0,0,0,17
0x4bc220,100%,0,2,2,0,0,0,2
0x4a3070,100%,0,33,33,0,0,0,33
0x4b6bcf,100%,0,17,17,17,0,0,0
0x41497d,100%,0,40,40,0,0,0,40
0x4bb008,100%,0,12,12,0,0,0,12
0x465139,100%,0,487,487,0,0,0,487
0x47c8d5,100%,0,3,3,3,0,0,0
0x512382,100%,0,80,80,0,0,0,80
0x45a86d,100%,0,80,80,0,0,0,80
0x45a83d,100%,0,80,80,0,0,0,80
0x470702,100%,0,1,1,0,0,0,1
0x45a5a2,100%,0,81,81,0,0,0,81
0x4a3df7,100%,0,67,67,0,0,0,67
0x4a3de9,100%,0,67,67,0,0,0,67
0x4a35ad,100%,0,33,33,0,0,0,33
0x4a7a78,100%,0,34,34,0,0,0,34
0x4136e2,100%,0,37,37,0,0,0,37
0x413693,100%,0,40,40,0,0,0,40
0x41abb6,100%,0,43,43,0,0,0,43
0x412e0a,100%,0,40,40,0,0,0,40
0x4a305f,100%,0,33,33,0,0,0,33
0x4a2f8d,100%,0,33,33,0,0,0,33
0x4a4530,100%,0,17,17,0,0,0,17
0x4be450,100%,0,103,103,0,0,0,103
0x4a2984,100%,0,83,83,0,0,0,83
0x4a28ec,100%,0,83,83,0,0,0,83
0x4a27aa,100%,0,33,33,0,0,0,33
0x4b3168,100%,0,34,34,0,0,0,34
0x4ad7f7,100%,0,34,34,34,0,0,0
0x427e10,100%,0,68,68,68,0,0,0
0x4ac9e3,100%,0,34,34,0,0,0,34
0x49f680,100%,0,202,202,0,0,0,202
0x4b4403,100%,0,34,34,0,0,0,34
0x4b43ec,100%,0,34,34,0,0,0,34
0x4b352e,100%,0,68,68,0,0,0,68
0x4b3526,100%,0,68,68,0,0,0,68
0x4b3b0b,100%,0,102,102,0,0,0,102
0x4180b9,100%,0,1,1,0,0,0,1
0x4b33f1,100%,0,68,68,0,0,0,68
0x4acb33,100%,0,34,34,0,0,0,34
0x4b2f34,100%,0,68,68,0,0,0,68
0x49d1c8,100%,0,134,134,0,0,0,134
0x4b9685,100%,0,76,76,0,0,0,76
0x49d26e,100%,0,68,68,0,0,0,68
0x4ac316,100%,0,202,202,0,0,0,202
0x4ac395,100%,0,918,918,0,0,0,918
0x4b8bea,100%,0,140,140,0,0,0,140
0x42414b,100%,0,12,12,0,0,0,12
0x4240ce,100%,0,12,12,0,0,0,12
0x47c11c,100%,0,231,231,0,0,0,231
0x608fe3,100%,0,88,88,0,0,0,88
0x4b300c,100%,0,34,34,0,0,0,34
0x4b6a42,100%,0,17,17,0,0,0,17
0x4a5c9b,100%,0,17,17,0,0,0,17
0x4a70c3,100%,0,34,34,0,0,0,34
0x4b5fe6,100%,0,17,17,0,0,0,17
0x4ad233,100%,0,17,17,0,0,0,17
0x4ad134,100%,0,17,17,0,0,0,17
0x4acb90,100%,0,17,17,0,0,0,17
0x49f5bd,100%,0,34,34,0,0,0,34
0x49f58e,100%,0,34,34,0,0,0,34
0x49c800,100%,0,34,34,0,0,0,34
0x4b3259,100%,0,34,34,0,0,0,34
0x5f2e06,100%,0,2970,2970,0,0,0,2970
0x49d2f4,100%,0,34,34,0,0,0,34
0x4b2177,100%,0,17,17,0,0,0,17
0x41804a,100%,0,1,1,0,0,0,1
0x4bf858,100%,0,2,2,0,0,0,2
0x4b0476,100%,0,34,34,0,0,0,34
0x41490f,100%,0,3,3,0,0,0,3
0x4b5f2f,100%,0,34,34,0,0,0,34
0x4b5f27,100%,0,34,34,0,0,0,34
0x49e6de,100%,0,34,34,0,0,0,34
0x418216,100%,0,1,1,0,0,0,1
0x4b90a9,100%,0,19288,19288,19288,0,0,0
0x4995cb,100%,0,629,629,0,0,0,629
0x5f1721,100%,0,205,205,0,0,0,205
0x414993,100%,0,3,3,0,0,0,3
0x4630d9,100%,0,96,96,0,0,0,96
0x4bc7dc,100%,0,3199,3199,3199,0,0,0
0x4a2ab1,100%,0,83,83,0,0,0,83
0x4784cf,100%,0,325,325,0,0,0,325
0x4bb909,100%,0,72,72,72,0,0,0
0x46d1c3,100%,0,1139,1139,0,0,0,1139
0x4bb501,100%,0,289,289,289,0,0,0
0x419044,100%,0,11938,11938,11938,0,0,0
0x4cce62,100%,0,1799,1799,0,0,0,1799
0x4d91e9,100%,0,26,26,0,0,0,26
0x4d5747,100%,0,28273,28273,0,0,0,28273
0x4d2da1,100%,0,30,30,0,0,0,30
0x4a63b6,100%,0,19,19,0,0,0,19
0x5f2e12,100%,0,2970,2970,0,0,0,2970
0x4bda9e,100%,0,3116,3116,3116,0,0,0
0x4ada0f,100%,0,74,74,0,0,0,74
0x4bc1e8,100%,0,2116,2116,0,0,0,2116
0x45c269,100%,0,482,482,0,0,0,482
0x47b007,100%,0,8,8,8,0,0,0
0x41502c,100%,0,429,429,429,0,0,0
0x5ef008,100%,0,10832,10832,0,0,0,10832
0x4600ce,100%,0,6517,6517,0,0,0,6517
0x47c0c5,100%,0,231,231,0,0,0,231
0x4d57c8,100%,0,28273,28273,0,0,0,28273
0x5decb3,100%,0,6,6,0,0,0,6
0x4e099d,100%,0,51,51,0,0,0,51
0x41b63b,100%,0,5,5,0,0,0,5
0x414f89,100%,0,1795,1795,0,0,0,1795
0x4c4e5e,100%,0,2386,2386,0,0,0,2386
0x478f35,100%,0,924,924,0,0,0,924
0x60a4e8,100%,0,63,63,0,0,0,63
0x4d5edb,100%,0,7274,7274,7274,0,0,0
0x4a3de5,100%,0,67,67,0,0,0,67
0x4761b6,100%,0,2200,2200,2200,0,0,0
0x4d970c,100%,0,21039,21039,21039,0,0,0
0x47b6ef,100%,0,2869,2869,0,0,0,2869
0x476b9e,100%,0,4389,4389,0,0,0,4389
0x5f25ec,100%,0,7881,7881,0,0,0,7881
0x5f07cb,100%,0,127,127,0,0,0,127
0x4bacf7,100%,0,7691,7691,7691,0,0,0
0x479ede,100%,0,81,81,0,0,0,81
0x4cc76a,100%,0,20,20,0,0,0,20
0x469bfc,100%,0,120,120,0,0,0,120
0x4a840a,100%,0,157,157,0,0,0,157
0x4ce624,100%,0,10963,10963,10963,0,0,0
0x49bbc6,100%,0,3,3,3,0,0,0
0x418bcd,100%,0,2852,2852,0,0,0,2852
0x45b710,100%,0,894,894,0,0,0,894
0x4282ce,100%,0,15,15,0,0,0,15
0x45b3ca,100%,0,138,138,0,0,0,138
0x4a7069,100%,0,34,34,0,0,0,34
0x4d9610,100%,0,26,26,0,0,0,26
0x47b3bc,100%,0,7628,7628,0,0,0,7628
0x40188a,100%,0,8242,8242,0,0,0,8242
0x427ec3,100%,0,15,15,0,0,0,15
0x4b3b59,100%,0,68,68,68,0,0,0
0x46d6ba,100%,0,239,239,0,0,0,239
0x465882,100%,0,85,85,0,0,0,85
0x47c2a8,100%,0,30,30,0,0,0,30
0x4b9da1,100%,0,3209,3209,3209,0,0,0
0x479923,100%,0,18,18,0,0,0,18
0x4b8daf,100%,0,14300,14300,0,0,0,14300
0x4c4b25,100%,0,132608,132608,0,0,0,132608
0x4c7d5b,100%,0,3627,3627,0,0,0,3627
0x48e38b,100%,0,29,29,0,0,0,29
0x4ba35a,100%,0,3045,3045,0,0,0,3045
0x460e58,100%,0,32,32,0,0,0,32
0x4ba3f2,100%,0,11267,11267,0,0,0,11267
0x47cd70,100%,0,4956,4956,4956,0,0,0
0x4c38f2,100%,0,600546,600546,0,0,0,600546
0x4bd486,100%,0,3327,3327,3327,0,0,0
0x4d26f9,100%,0,118,118,0,0,0,118
0x47a031,100%,0,161,161,0,0,0,161
0x47d267,100%,0,4947,4947,0,0,0,4947
0x4ccb1b,100%,0,429,429,0,0,0,429
0x4baafa,100%,0,6301,6301,0,0,0,6301
0x478be6,100%,0,2144,2144,0,0,0,2144
0x4a2443,100%,0,3,3,3,0,0,0
0x4c6004,100%,0,9,9,0,0,0,9
0x4babab,100%,0,6301,6301,6301,0,0,0
0x50b0cf,100%,0,2,2,0,0,0,2
0x4bace2,100%,0,7691,7691,0,0,0,7691
0x4bae61,100%,0,7691,7691,0,0,0,7691
0x4195fe,100%,0,1508,1508,0,0,0,1508
0x4bae6a,100%,0,7691,7691,7691,0,0,0
0x50fb0d,100%,0,10857,10857,0,0,0,10857
0x4d8e98,100%,0,2,2,0,0,0,2
0x46cc22,100%,0,76,76,0,0,0,76
0x4cb3a6,100%,0,2979,2979,2979,0,0,0
0x458a36,100%,0,40,40,0,0,0,40
0x4dca3e,100%,0,6853,6853,0,0,0,6853
0x45ee0c,100%,0,21,21,21,0,0,0
0x4c1d43,100%,0,2235,2235,0,0,0,2235
0x4d575a,100%,0,28273,28273,28273,0,0,0
0x4dcd8c,100%,0,357,357,0,0,0,357
0x47ab03,100%,0,13291,13291,0,0,0,13291
0x459c89,100%,0,21,21,0,0,0,21
0x4b9595,100%,0,7658,7658,0,0,0,7658
0x4a57b9,100%,0,17,17,0,0,0,17
0x606859,100%,0,4269,4269,0,0,0,4269
0x4ba96b,100%,0,6017,6017,0,0,0,6017
0x5f2d68,100%,0,2970,2970,0,0,0,2970
0x46d950,100%,0,1139,1139,0,0,0,1139
0x4a2727,100%,0,33,33,0,0,0,33
0x46e91a,100%,0,497,497,0,0,0,497
0x4b999e,100%,0,158,158,0,0,0,158
0x608e30,100%,0,195,195,0,0,0,195
0x424099,100%,0,12,12,0,0,0,12
0x47b3e2,100%,0,10220,10220,0,0,0,10220
0x5de5f1,100%,0,6,6,0,0,0,6
0x4bb944,100%,0,2,2,2,0,0,0
0x4ad1da,100%,0,17,17,0,0,0,17
0x427fe5,100%,0,18,18,0,0,0,18
0x499441,100%,0,139,139,0,0,0,139
0x4190e5,100%,0,3,3,3,0,0,0
0x46c9e3,100%,0,287,287,0,0,0,287
0x4bb2c6,100%,0,3873,3873,3873,0,0,0
0x50fc92,100%,0,1352,1352,0,0,0,1352
0x4a0894,100%,0,36,36,0,0,0,36
0x4d107d,100%,0,409,409,0,0,0,409
0x4786f6,100%,0,6,6,0,0,0,6
0x4a7820,100%,0,107,107,0,0,0,107
0x4d5bff,100%,0,7274,7274,7274,0,0,0
0x4996ca,100%,0,629,629,0,0,0,629
0x4c4073,100%,0,1111,1111,0,0,0,1111
0x4a2eca,100%,0,33,33,0,0,0,33
0x4c24e6,100%,0,9644,9644,9644,0,0,0
0x478c54,100%,0,2144,2144,2144,0,0,0
0x4274cd,100%,0,12,12,0,0,0,12
0x476516,100%,0,4138,4138,0,0,0,4138
0x4ca93b,100%,0,2309,2309,2309,0,0,0
0x465832,100%,0,6,6,0,0,0,6
0x476158,100%,0,33551,33551,33551,0,0,0
0x4c6749,100%,0,246,246,0,0,0,246
0x4c63cb,100%,0,121177,121177,121177,0,0,0
0x46c539,100%,0,6411,6411,6411,0,0,0
0x462244,100%,0,6,6,0,0,0,6
0x421a8e,100%,0,7,7,0,0,0,7
0x609b37,100%,0,48,48,0,0,0,48
0x487b4c,100%,0,42,42,0,0,0,42
0x4ba002,100%,0,57,57,0,0,0,57
0x4b0860,100%,0,34,34,0,0,0,34
0x4dde53,100%,0,1,1,0,0,0,1
0x4ba52f,100%,0,5057,5057,5057,0,0,0
0x5f1db3,100%,0,35,35,0,0,0,35
0x417fd9,100%,0,2874,2874,0,0,0,2874
0x6094f3,100%,0,3,3,0,0,0,3
0x445bf8,100%,0,234,234,0,0,0,234
0x427e00,100%,0,34,34,0,0,0,34
0x4ce32e,100%,0,8028,8028,8028,0,0,0
0x47befd,100%,0,212,212,0,0,0,212
0x408b17,100%,0,5,5,0,0,0,5
0x4584a0,100%,0,11,11,0,0,0,11
0x49ee5f,100%,0,36,36,0,0,0,36
0x45e5e4,100%,0,2,2,0,0,0,2
0x4c276d,100%,0,5880,5880,5880,0,0,0
0x4ace6b,100%,0,34,34,34,0,0,0
0x4a1252,100%,0,16,16,0,0,0,16
0x460cff,100%,0,32,32,0,0,0,32
0x41858e,100%,0,2,2,0,0,0,2
0x46d140,100%,0,1139,1139,0,0,0,1139
0x4b2f25,100%,0,68,68,0,0,0,68
0x4b2362,100%,0,6,6,0,0,0,6
0x479817,100%,0,4429,4429,0,0,0,4429
0x479b97,100%,0,11970,11970,0,0,0,11970
0x4b5feb,100%,0,17,17,0,0,0,17
0x4cc719,100%,0,18014,18014,0,0,0,18014
0x4d8ea9,100%,0,16480,16480,0,0,0,16480
0x47933a,100%,0,1508,1508,0,0,0,1508
0x459f69,100%,0,18,18,0,0,0,18
0x4534b6,100%,0,9,9,0,0,0,9
0x4b8b7b,100%,0,14969,14969,0,0,0,14969
0x4ba4f3,100%,0,6448,6448,0,0,0,6448
0x4bc206,100%,0,1929,1929,1929,0,0,0
0x4a3df0,100%,0,67,67,0,0,0,67
0x4bb2f8,100%,0,4629,4629,4629,0,0,0
0x47aa7e,100%,0,19835,19835,0,0,0,19835
0x5f0738,100%,0,163,163,0,0,0,163
0x427953,100%,0,273,273,0,0,0,273
0x47b7aa,100%,0,2869,2869,0,0,0,2869
0x4c9ef0,100%,0,24077,24077,24077,0,0,0
0x4a7bbf,100%,0,53,53,0,0,0,53
0x4cbd2c,100%,0,46,46,0,0,0,46
0x46447c,100%,0,387,387,0,0,0,387
0x4a63ed,100%,0,19,19,0,0,0,19
0x4b9131,100%,0,9644,9644,0,0,0,9644
0x460740,100%,0,3,3,0,0,0,3
0x4d3180,100%,0,5801,5801,0,0,0,5801
0x4cb3f9,100%,0,2212,2212,2212,0,0,0
0x47b415,100%,0,10220,10220,0,0,0,10220
0x4b96e4,100%,0,3627,3627,3627,0,0,0
0x4e0a9c,100%,0,18,18,18,0,0,0
0x60a218,100%,0,236,236,0,0,0,236
0x4c231b,100%,0,497,497,0,0,0,497
0x424015,100%,0,12,12,0,0,0,12
0x49af03,100%,0,36,36,0,0,0,36
0x4a5ef1,100%,0,17,17,0,0,0,17
0x4208fa,100%,0,1263,1263,0,0,0,1263
0x48c7c1,100%,0,8066,8066,0,0,0,8066
0x421b08,100%,0,1248,1248,0,0,0,1248
0x4e2682,100%,0,33,33,0,0,0,33
0x44a4c3,100%,0,33,33,0,0,0,33
0x498c9b,100%,0,1234,1234,0,0,0,1234
0x60988b,100%,0,3,3,0,0,0,3
0x498cc2,100%,0,1198,1198,0,0,0,1198
0x498c5c,100%,0,1212,1212,0,0,0,1212
0x4be719,100%,0,10174,10174,0,0,0,10174
0x498c91,100%,0,1212,1212,0,0,0,1212
0x498c95,100%,0,1212,1212,0,0,0,1212
0x4210cc,100%,0,28,28,0,0,0,28
0x4d80a7,100%,0,468,468,0,0,0,468
0x40702a,100%,0,10,10,0,0,0,10
0x5eeff7,100%,0,10832,10832,0,0,0,10832
0x4abde4,100%,0,20,20,0,0,0,20
0x487c77,100%,0,42,42,0,0,0,42
0x4d16e0,100%,0,309,309,0,0,0,309
0x4781e8,100%,0,21,21,0,0,0,21
0x48af9d,100%,0,21,21,0,0,0,21
0x4d18cb,100%,0,309,309,0,0,0,309
0x42791b,100%,0,273,273,0,0,0,273
0x4d29e0,100%,0,118,118,0,0,0,118
0x427961,100%,0,273,273,0,0,0,273
0x419345,100%,0,15504,15504,0,0,0,15504
0x458f1c,100%,0,18,18,0,0,0,18
0x42797b,100%,0,273,273,0,0,0,273
0x47628b,100%,0,13156,13156,13156,0,0,0
0x5de4b6,100%,0,3,3,0,0,0,3
0x45aba9,100%,0,252,252,0,0,0,252
0x46d66d,100%,0,306,306,0,0,0,306
0x4214f3,100%,0,19,19,0,0,0,19
0x4697cd,100%,0,429,429,0,0,0,429
0x45a7b0,100%,0,81,81,0,0,0,81
0x4c4e52,100%,0,2054,2054,0,0,0,2054
0x46d0cc,100%,0,1477,1477,0,0,0,1477
0x47bb03,100%,0,103,103,0,0,0,103
0x459ca6,100%,0,33,33,0,0,0,33
0x5f0c4f,100%,0,1313,1313,0,0,0,1313
0x4c234d,100%,0,922,922,0,0,0,922
0x411338,100%,0,468,468,0,0,0,468
0x6333ec,100%,0,9,9,9,0,0,0
0x46d6d5,100%,0,127,127,0,0,0,127
0x5ef517,100%,0,1048,1048,1048,0,0,0
0x4214ef,100%,0,19,19,0,0,0,19
0x47bbe9,100%,0,143,143,0,0,0,143
0x4172d1,100%,0,134,134,0,0,0,134
0x499692,100%,0,629,629,0,0,0,629
0x4cb5ee,100%,0,3930,3930,0,0,0,3930
0x45de02,100%,0,309,309,0,0,0,309
0x41a55d,100%,0,4783,4783,0,0,0,4783
0x4b6e75,100%,0,17,17,0,0,0,17
0x478250,100%,0,753,753,0,0,0,753
0x47056a,100%,0,1,1,0,0,0,1
0x47831f,100%,0,753,753,0,0,0,753
0x4de302,100%,0,3,3,0,0,0,3
0x478327,100%,0,753,753,0,0,0,753
0x609bb7,100%,0,94,94,0,0,0,94
0x458a9b,100%,0,54,54,0,0,0,54
0x4cd161,100%,0,1067,1067,0,0,0,1067
0x420b1e,100%,0,1319,1319,0,0,0,1319
0x5f311f,100%,0,2659,2659,0,0,0,2659
0x48c44d,100%,0,189,189,0,0,0,189
0x4e00e9,100%,0,72,72,72,0,0,0
0x5de442,100%,0,3,3,0,0,0,3
0x420a4e,100%,0,1263,1263,0,0,0,1263
0x4b003d,100%,0,52,52,0,0,0,52
0x410f4c,100%,0,3,3,0,0,0,3
0x49ecec,100%,0,240,240,0,0,0,240
0x49a19b,100%,0,36,36,36,0,0,0
0x420b0f,100%,0,1319,1319,0,0,0,1319
0x5de512,100%,0,3,3,0,0,0,3
0x46c33c,100%,0,634,634,0,0,0,634
0x45e98e,100%,0,17,17,0,0,0,17
0x420bf5,100%,0,1319,1319,0,0,0,1319
0x5f2627,100%,0,7881,7881,0,0,0,7881
0x47657f,100%,0,442,442,0,0,0,442
0x41b450,100%,0,5,5,0,0,0,5
0x414fe4,100%,0,429,429,0,0,0,429
0x4d91fa,100%,0,26,26,0,0,0,26
0x4c43e3,100%,0,12829,12829,0,0,0,12829
0x46c8b7,100%,0,1366,1366,0,0,0,1366
0x609e57,100%,0,15,15,0,0,0,15
0x4698f6,100%,0,629,629,0,0,0,629
0x4c9fda,100%,0,14683,14683,14683,0,0,0
0x4c7a94,100%,0,559,559,0,0,0,559
0x459396,100%,0,15,15,0,0,0,15
0x418de6,100%,0,646,646,0,0,0,646
0x4a3f67,100%,0,83,83,0,0,0,83
0x4b23f9,100%,0,17,17,0,0,0,17
0x4434d1,100%,0,468,468,468,0,0,0
0x4706ef,100%,0,1,1,0,0,0,1
0x5f25db,100%,0,7881,7881,7881,0,0,0
0x4d3222,100%,0,5801,5801,5801,0,0,0
0x4d5f1f,100%,0,7274,7274,0,0,0,7274
0x426995,100%,0,5,5,0,0,0,5
0x49aead,100%,0,56,56,0,0,0,56
0x406ba8,100%,0,54,54,0,0,0,54
0x46995c,100%,0,629,629,0,0,0,629
0x4ba7d1,100%,0,1088,1088,0,0,0,1088
0x4a8707,100%,0,157,157,0,0,0,157
0x46d868,100%,0,1139,1139,0,0,0,1139
0x4b8d78,100%,0,14969,14969,0,0,0,14969
0x48cd7f,100%,0,533,533,0,0,0,533
0x4d813b,100%,0,468,468,0,0,0,468
0x4bbd55,100%,0,2080,2080,2080,0,0,0
0x5f261b,100%,0,7881,7881,0,0,0,7881
0x4b6e82,100%,0,17,17,0,0,0,17
0x421005,100%,0,6428,6428,0,0,0,6428
0x5eefd5,100%,0,12451,12451,0,0,0,12451
0x46d848,100%,0,1139,1139,0,0,0,1139
0x464ed6,100%,0,94,94,0,0,0,94
0x4214fc,100%,0,19,19,19,0,0,0
0x4d0e39,100%,0,982,982,0,0,0,982
0x476cae,100%,0,4320,4320,0,0,0,4320
0x411749,100%,0,444,444,0,0,0,444
0x4bc1cc,100%,0,2116,2116,0,0,0,2116
0x4cd52f,100%,0,1067,1067,0,0,0,1067
0x5f06b9,100%,0,5203,5203,0,0,0,5203
0x420bee,100%,0,1319,1319,0,0,0,1319
0x479b65,100%,0,9309,9309,9309,0,0,0
0x45fbdd,100%,0,3,3,0,0,0,3
0x478115,100%,0,2742,2742,2742,0,0,0
0x42090a,100%,0,1263,1263,0,0,0,1263
0x467980,100%,0,30,30,0,0,0,30
0x45fbf9,100%,0,3,3,0,0,0,3
0x47a6c4,100%,0,25871,25871,0,0,0,25871
0x5fa4d8,100%,0,1,1,0,0,0,1
0x47cab5,100%,0,3808,3808,0,0,0,3808
0x4c9f19,100%,0,24077,24077,24077,0,0,0
0x4d7d69,100%,0,1,1,0,0,0,1
0x4a8ae2,100%,0,34,34,0,0,0,34
0x49f507,100%,0,34,34,0,0,0,34
0x5f0ab4,100%,0,138,138,0,0,0,138
0x5f304f,100%,0,2659,2659,0,0,0,2659
0x5ef0c2,100%,0,1619,1619,0,0,0,1619
0x49eeb8,100%,0,16,16,0,0,0,16
0x413455,100%,0,7,7,0,0,0,7
0x49c361,100%,0,36,36,0,0,0,36
0x4d967e,100%,0,26,26,0,0,0,26
0x40200f,100%,0,3514,3514,0,0,0,3514
0x4a2400,100%,0,17,17,0,0,0,17
0x47650c,100%,0,4138,4138,0,0,0,4138
0x47ded5,100%,0,3,3,0,0,0,3
0x47bae5,100%,0,26,26,0,0,0,26
0x45f2c4,100%,0,8,8,0,0,0,8
0x4a4368,100%,0,37,37,0,0,0,37
0x457206,100%,0,1605,1605,0,0,0,1605
0x4cb3d4,100%,0,17160,17160,0,0,0,17160
0x4a2ebf,100%,0,33,33,0,0,0,33
0x4b04f4,100%,0,482,482,0,0,0,482
0x4994a2,100%,0,629,629,0,0,0,629
0x47d426,100%,0,4947,4947,4947,0,0,0
0x46c2d2,100%,0,634,634,0,0,0,634
0x4bdc8e,100%,0,283,283,0,0,0,283
0x479093,100%,0,210,210,0,0,0,210
0x4a8451,100%,0,193,193,0,0,0,193
0x47bb4f,100%,0,4,4,4,0,0,0
0x450158,100%,0,9,9,0,0,0,9
0x42102e,100%,0,4965,4965,0,0,0,4965
0x45c289,100%,0,69,69,0,0,0,69
0x406ca8,100%,0,11,11,0,0,0,11
0x47dd5d,100%,0,2399,2399,0,0,0,2399
0x419933,100%,0,64,64,0,0,0,64
0x41d36d,100%,0,16,16,0,0,0,16
0x48c9ea,100%,0,1087,1087,0,0,0,1087
0x420921,100%,0,1263,1263,0,0,0,1263
0x4be4fc,100%,0,105,105,105,0,0,0
0x476d95,100%,0,4220,4220,0,0,0,4220
0x477e2a,100%,0,157,157,0,0,0,157
0x4afeab,100%,0,558,558,0,0,0,558
0x633886,100%,0,51,51,0,0,0,51
0x421315,100%,0,1,1,0,0,0,1
0x45b5ad,100%,0,21,21,0,0,0,21
0x4a4372,100%,0,37,37,0,0,0,37
0x4daf36,100%,0,20467,20467,0,0,0,20467
0x4baff0,100%,0,86,86,0,0,0,86
0x46c8aa,100%,0,1366,1366,0,0,0,1366
0x4cc4cc,100%,0,28361,28361,28361,0,0,0
0x4a3ad6,100%,0,17,17,0,0,0,17
0x4da987,100%,0,7479,7479,0,0,0,7479
0x4a574c,100%,0,34,34,0,0,0,34
0x4ccaef,100%,0,429,429,0,0,0,429
0x47bcb7,100%,0,1547,1547,0,0,0,1547
0x5ed2e4,100%,0,6,6,0,0,0,6
0x47ce88,100%,0,4947,4947,0,0,0,4947
0x473907,100%,0,464,464,0,0,0,464
0x41bb1f,100%,0,9693,9693,0,0,0,9693
0x46d93c,100%,0,1139,1139,1139,0,0,0
0x50fc03,100%,0,7171,7171,0,0,0,7171
0x418073,100%,0,1,1,0,0,0,1
0x45ab33,100%,0,252,252,0,0,0,252
0x4b3418,100%,0,170,170,0,0,0,170
0x4acfac,100%,0,6,6,0,0,0,6
0x48c65b,100%,0,2941,2941,0,0,0,2941
0x4c3b51,100%,0,1234,1234,1234,0,0,0
0x4786b9,100%,0,6,6,0,0,0,6
0x4111a5,100%,0,3,3,0,0,0,3
0x4d314a,100%,0,5801,5801,0,0,0,5801
0x4a5261,100%,0,34,34,0,0,0,34
0x4b98c0,100%,0,103,103,0,0,0,103
0x478711,100%,0,6,6,0,0,0,6
0x4bc1e4,100%,0,2116,2116,0,0,0,2116
0x5d8842,100%,0,6,6,0,0,0,6
0x4cf56f,100%,0,20571,20571,0,0,0,20571
0x45774a,100%,0,147,147,0,0,0,147
0x467258,100%,0,175,175,0,0,0,175
0x4a11e0,100%,0,35,35,0,0,0,35
0x4a4416,100%,0,37,37,0,0,0,37
0x4cdf27,100%,0,13182,13182,13182,0,0,0
0x6068ae,100%,0,1803,1803,0,0,0,1803
0x47baf6,100%,0,26,26,0,0,0,26
0x46c7e8,100%,0,967,967,0,0,0,967
0x47a093,100%,0,161,161,0,0,0,161
0x4a8659,100%,0,157,157,0,0,0,157
0x4d3dda,100%,0,63,63,0,0,0,63
0x465195,100%,0,487,487,0,0,0,487
0x4dac7e,100%,0,568,568,0,0,0,568
0x4246fb,100%,0,8,8,0,0,0,8
0x47c72a,100%,0,5862,5862,0,0,0,5862
0x4180c4,100%,0,1,1,0,0,0,1
0x46cc76,100%,0,76,76,0,0,0,76
0x4a4b47,100%,0,17,17,0,0,0,17
0x46782a,100%,0,61,61,0,0,0,61
0x478b9a,100%,0,2141,2141,2141,0,0,0
0x47b153,100%,0,12159,12159,12159,0,0,0
0x450053,100%,0,9,9,0,0,0,9
0x4d2df6,100%,0,58,58,0,0,0,58
0x46d07f,100%,0,2333,2333,2333,0,0,0
0x4bc28c,100%,0,2108,2108,2108,0,0,0
0x47d440,100%,0,4947,4947,4947,0,0,0
0x4bd2ba,100%,0,1875,1875,0,0,0,1875
0x4ac974,100%,0,518,518,0,0,0,518
0x4c1cfc,100%,0,2235,2235,2235,0,0,0
0x470326,100%,0,468,468,0,0,0,468
0x4d17b0,100%,0,309,309,0,0,0,309
0x6099ec,100%,0,58,58,0,0,0,58
0x608ef6,100%,0,195,195,0,0,0,195
0x457e1b,100%,0,255,255,0,0,0,255
0x4bab7f,100%,0,6301,6301,6301,0,0,0
0x473c06,100%,0,464,464,0,0,0,464
0x41a51c,100%,0,5117,5117,0,0,0,5117
0x47c984,100%,0,3808,3808,0,0,0,3808
0x4a52f4,100%,0,17,17,0,0,0,17
0x50fe20,100%,0,845,845,845,0,0,0
0x418e1c,100%,0,516,516,0,0,0,516
0x4ca17a,100%,0,174,174,0,0,0,174
0x47aa36,100%,0,25424,25424,25424,0,0,0
0x4d96f7,100%,0,21039,21039,0,0,0,21039
0x476127,100%,0,5602,5602,0,0,0,5602
0x60a028,100%,0,27,27,0,0,0,27
0x427bb3,100%,0,273,273,0,0,0,273
0x5ee997,100%,0,218,218,0,0,0,218
0x4761a7,100%,0,4381,4381,0,0,0,4381
0x49edbf,100%,0,34,34,0,0,0,34
0x47c56d,100%,0,6196,6196,0,0,0,6196
0x4d8ebb,100%,0,15034,15034,15034,0,0,0
0x47a9a0,100%,0,25424,25424,25424,0,0,0
0x4d2590,100%,0,118,118,0,0,0,118
0x5f04d5,100%,0,7626,7626,0,0,0,7626
0x4abf45,100%,0,20,20,0,0,0,20
0x4840ff,100%,0,21,21,0,0,0,21
0x4cf5a3,100%,0,20571,20571,0,0,0,20571
0x49944a,100%,0,139,139,0,0,0,139
0x417ffd,100%,0,2874,2874,0,0,0,2874
0x459cf1,100%,0,129,129,0,0,0,129
0x402449,100%,0,131,131,0,0,0,131
0x4a8977,100%,0,36,36,0,0,0,36
0x4cc57c,100%,0,221104,221104,221104,0,0,0
0x6073bd,100%,0,12,12,0,0,0,12
0x5f2d5e,100%,0,2970,2970,0,0,0,2970
0x46d36d,100%,0,1139,1139,0,0,0,1139
0x41934b,100%,0,15504,15504,15504,0,0,0
0x45b892,100%,0,894,894,0,0,0,894
0x4192a0,100%,0,43,43,0,0,0,43
0x4bb6c9,100%,0,364,364,364,0,0,0
0x466caa,100%,0,491,491,0,0,0,491
0x445ab1,100%,0,468,468,0,0,0,468
0x4d9265,100%,0,26,26,0,0,0,26
0x4925bd,100%,0,3,3,0,0,0,3
0x427a91,100%,0,6,6,0,0,0,6
0x5ef7ab,100%,0,8,8,0,0,0,8
0x41814e,100%,0,1,1,0,0,0,1
0x44581c,100%,0,468,468,0,0,0,468
0x4d9006,100%,0,2187,2187,0,0,0,2187
0x45a34d,100%,0,15,15,0,0,0,15
0x50fba8,100%,0,709,709,0,0,0,709
0x46723d,100%,0,139,139,0,0,0,139
0x45b778,100%,0,894,894,0,0,0,894
0x4c52c2,100%,0,1,1,0,0,0,1
0x5df8d1,100%,0,15,15,0,0,0,15
0x4d65fe,100%,0,1012,1012,0,0,0,1012
0x45979c,100%,0,97,97,0,0,0,97
0x406f74,100%,0,11,11,0,0,0,11
0x4acfdf,100%,0,34,34,17,0,0,17
0x4434e3,100%,0,468,468,0,0,0,468
0x47bfba,100%,0,2623,2623,2623,0,0,0
0x4535cc,100%,0,9,9,0,0,0,9
0x4c786a,100%,0,2,2,0,0,0,2
0x5f046a,100%,0,12461,12461,0,0,0,12461
0x5df5b6,100%,0,3,3,0,0,0,3
0x4799aa,100%,0,18,18,0,0,0,18
0x463e2e,100%,0,252,252,0,0,0,252
0x4d65f4,100%,0,1012,1012,0,0,0,1012
0x47d98a,100%,0,438,438,0,0,0,438
0x5efae3,100%,0,1619,1619,1619,0,0,0
0x458e4b,100%,0,18,18,0,0,0,18
0x4de2e9,100%,0,29,29,0,0,0,29
0x4282ee,100%,0,6,6,0,0,0,6
0x4c26a8,100%,0,5880,5880,5880,0,0,0
0x41175e,100%,0,444,444,0,0,0,444
0x461640,100%,0,627,627,0,0,0,627
0x4b16a1,100%,0,104,104,0,0,0,104
0x41203f,100%,0,444,444,0,0,0,444
0x5ef01a,100%,0,10832,10832,0,0,0,10832
0x633960,100%,0,6,6,0,0,0,6
0x4c4658,100%,0,177263,177263,0,0,0,177263
0x411852,100%,0,444,444,0,0,0,444
0x4adc4e,100%,0,374,374,0,0,0,374
0x60a1b8,100%,0,14531,14531,0,0,0,14531
0x4bc233,100%,0,124,124,0,0,0,124
0x4cd405,100%,0,5613,5613,0,0,0,5613
0x4a5337,100%,0,17,17,0,0,0,17
0x476648,100%,0,11305,11305,11305,0,0,0
0x4cc926,100%,0,1366,1366,1366,0,0,0
0x46cecc,100%,0,24,24,0,0,0,24
0x476538,100%,0,79,79,0,0,0,79
0x46ceb8,100%,0,24,24,0,0,0,24
0x47a3d1,100%,0,940,940,0,0,0,940
0x4d1fc1,100%,0,15,15,0,0,0,15
0x4ca5cd,100%,0,11483,11483,11483,0,0,0
0x4796fa,100%,0,54,54,0,0,0,54
0x4cd42c,100%,0,14299,14299,0,0,0,14299
0x47ccd2,100%,0,39,39,0,0,0,39
0x47d6d4,100%,0,8,8,0,0,0,8
0x469a08,100%,0,88,88,0,0,0,88
0x4cf6de,100%,0,16645,16645,16645,0,0,0
0x46584a,100%,0,6,6,0,0,0,6
0x458d80,100%,0,29,29,0,0,0,29
0x476bd6,100%,0,222,222,0,0,0,222
0x4650dd,100%,0,487,487,0,0,0,487
0x4df717,100%,0,9,9,0,0,0,9
0x469c2e,100%,0,120,120,0,0,0,120
0x4d5df4,100%,0,3246,3246,0,0,0,3246
0x445941,100%,0,468,468,0,0,0,468
0x4d0831,100%,0,4275,4275,0,0,0,4275
0x458a1e,100%,0,40,40,0,0,0,40
0x478bc2,100%,0,3,3,0,0,0,3
0x478bdb,100%,0,2144,2144,0,0,0,2144
0x477f48,100%,0,847,847,0,0,0,847
0x47ca7e,100%,0,3808,3808,3808,0,0,0
0x401d95,100%,0,272,272,0,0,0,272
0x50f5ad,100%,0,2659,2659,0,0,0,2659
0x49b679,100%,0,36,36,0,0,0,36
0x477f1f,100%,0,5126,5126,0,0,0,5126
0x477f01,100%,0,5189,5189,0,0,0,5189
0x4a4b50,100%,0,17,17,17,0,0,0
0x46c79b,100%,0,967,967,0,0,0,967
0x5f2c4c,100%,0,10426,10426,10426,0,0,0
0x60a0a6,100%,0,51,51,0,0,0,51
0x47af68,100%,0,1,1,1,0,0,0
0x4d6207,100%,0,301,301,0,0,0,301
0x4dcb01,100%,0,6853,6853,0,0,0,6853
0x45ecb4,100%,0,17,17,0,0,0,17
0x473a09,100%,0,464,464,0,0,0,464
0x4739f6,100%,0,464,464,0,0,0,464
0x422ab8,100%,0,1,1,0,0,0,1
0x464b66,100%,0,15,15,0,0,0,15
0x41ae34,100%,0,15,15,0,0,0,15
0x4c529e,100%,0,1,1,0,0,0,1
0x408df6,100%,0,24,24,0,0,0,24
0x4b8c2a,100%,0,140,140,0,0,0,140
0x4d1100,100%,0,6,6,6,0,0,0
0x46980a,100%,0,429,429,0,0,0,429
0x45de61,100%,0,309,309,0,0,0,309
0x632e15,100%,0,3,3,0,0,0,3
0x4b8baa,100%,0,14969,14969,14969,0,0,0
0x4c3b13,100%,0,1209,1209,1209,0,0,0
0x4c3c10,100%,0,1234,1234,0,0,0,1234
0x46ccc4,100%,0,76,76,0,0,0,76
0x4c63e6,100%,0,121177,121177,121177,0,0,0
0x4ca369,100%,0,187984,187984,187984,0,0,0
0x5f25b3,100%,0,7881,7881,0,0,0,7881
0x46f17e,100%,0,16,16,0,0,0,16
0x4b9d3a,100%,0,733,733,733,0,0,0
0x50fa94,100%,0,11290,11290,0,0,0,11290
0x44febe,100%,0,9,9,0,0,0,9
0x4c59a7,100%,0,47643,47643,0,0,0,47643
0x46c43a,100%,0,3715,3715,0,0,0,3715
0x45b04a,100%,0,90,90,0,0,0,90
0x458c68,100%,0,20,20,0,0,0,20
0x4dde3d,100%,0,4,4,0,0,0,4
0x479b47,100%,0,9309,9309,9309,0,0,0
0x4ce2ae,100%,0,205289,205289,205289,0,0,0
0x4c52cf,100%,0,1,1,0,0,0,1
0x4d79d8,100%,0,8,8,0,0,0,8
0x47b249,100%,0,11354,11354,0,0,0,11354
0x470036,100%,0,11538,11538,0,0,0,11538
0x415018,100%,0,429,429,0,0,0,429
0x48c964,100%,0,3451,3451,0,0,0,3451
0x4ca3ee,100%,0,187984,187984,187984,0,0,0
0x609e46,100%,0,15,15,0,0,0,15
0x457dcc,100%,0,255,255,0,0,0,255
0x49969a,100%,0,629,629,0,0,0,629
0x47c9b3,100%,0,3808,3808,0,0,0,3808
0x476182,100%,0,33551,33551,0,0,0,33551
0x476fc9,100%,0,35135,35135,35135,0,0,0
0x608d58,100%,0,203,203,0,0,0,203
0x5f7c1a,100%,0,21,21,0,0,0,21
0x47874d,100%,0,6,6,0,0,0,6
0x5ef796,100%,0,8,8,0,0,0,8
0x4b9910,100%,0,261,261,261,0,0,0
0x4214cd,100%,0,86,86,0,0,0,86
0x417e2b,100%,0,30504,30504,0,0,0,30504
0x4a3588,100%,0,16,16,0,0,0,16
0x4bd388,100%,0,241,241,0,0,0,241
0x4a898e,100%,0,70,70,0,0,0,70
0x5ef130,100%,0,1619,1619,0,0,0,1619
0x419018,100%,0,15504,15504,15504,0,0,0
0x40189e,100%,0,7752,7752,7752,0,0,0
0x4d1402,100%,0,430,430,0,0,0,430
0x4c4b2a,100%,0,132608,132608,132608,0,0,0
0x4cb65b,100%,0,444,444,0,0,0,444
0x4bc2c1,100%,0,1929,1929,0,0,0,1929
0x412b5d,100%,0,43,43,0,0,0,43
0x47af53,100%,0,2517,2517,0,0,0,2517
0x4c238b,100%,0,1331,1331,0,0,0,1331
0x5f053e,100%,0,3305,3305,0,0,0,3305
0x402801,100%,0,2385,2385,2385,0,0,0
0x4b16de,100%,0,32,32,0,0,0,32
0x49b610,100%,0,36,36,0,0,0,36
0x467233,100%,0,139,139,0,0,0,139
0x4dc1c3,100%,0,1,1,0,0,0,1
0x5f1d6e,100%,0,2970,2970,0,0,0,2970
0x4a72ed,100%,0,94,94,0,0,0,94
0x4c4fee,100%,0,3828,3828,3828,0,0,0
0x49c291,100%,0,36,36,36,0,0,0
0x4c9683,100%,0,5696,5696,5696,0,0,0
0x47ac82,100%,0,7689,7689,0,0,0,7689
0x4a2bcd,100%,0,20,20,0,0,0,20
0x46c7fc,100%,0,967,967,0,0,0,967
0x45b06f,100%,0,126,126,0,0,0,126
0x4b8ea0,100%,0,9644,9644,0,0,0,9644
0x47b5c7,100%,0,2869,2869,0,0,0,2869
0x4d0adc,100%,0,21,21,0,0,0,21
0x478cf4,100%,0,1687,1687,0,0,0,1687
0x47cb90,100%,0,4956,4956,0,0,0,4956
0x42747f,100%,0,3,3,0,0,0,3
0x46c7d2,100%,0,967,967,967,0,0,0
0x4d7084,100%,0,1,1,1,0,0,0
0x47805d,100%,0,3394,3394,0,0,0,3394
0x4c54c1,100%,0,121450,121450,0,0,0,121450
0x4cec5e,100%,0,1366,1366,1366,0,0,0
0x401f34,100%,0,6,6,0,0,0,6
0x4b08f4,100%,0,378,378,0,0,0,378
0x5f2d72,100%,0,2970,2970,0,0,0,2970
0x4c4cd0,100%,0,13970,13970,13970,0,0,0
0x609ee7,100%,0,98,98,0,0,0,98
0x45ac39,100%,0,236,236,236,0,0,0
0x48d0c9,100%,0,349,349,0,0,0,349
0x5f25c7,100%,0,7881,7881,0,0,0,7881
0x414ffc,100%,0,429,429,0,0,0,429
0x4ce366,100%,0,8028,8028,8028,0,0,0
0x40a563,100%,0,364,364,0,0,0,364
0x4d61f0,100%,0,475,475,0,0,0,475
0x47aa19,100%,0,15498,15498,15498,0,0,0
0x47b6f7,100%,0,2869,2869,0,0,0,2869
0x49a9ee,100%,0,36,36,0,0,0,36
0x4a71e0,100%,0,153,153,0,0,0,153
0x5ef0eb,100%,0,1619,1619,0,0,0,1619
0x49d316,100%,0,34,34,0,0,0,34
0x47850e,100%,0,325,325,0,0,0,325
0x4ccf1f,100%,0,1366,1366,1366,0,0,0
0x4bd46b,100%,0,3327,3327,0,0,0,3327
0x4d1c59,100%,0,25,25,0,0,0,25
0x445800,100%,0,468,468,468,0,0,0
0x41148d,100%,0,468,468,0,0,0,468
0x47d27a,100%,0,4947,4947,4947,0,0,0
0x5f1d77,100%,0,2970,2970,0,0,0,2970
0x45aaee,100%,0,252,252,0,0,0,252
0x4a2b1c,100%,0,83,83,0,0,0,83
0x4d1c46,100%,0,25,25,0,0,0,25
0x470886,100%,0,1,1,0,0,0,1
0x4bbd96,100%,0,2184,2184,0,0,0,2184
0x4ba642,100%,0,1070,1070,1070,0,0,0
0x4a457b,100%,0,37,37,0,0,0,37
0x47d1d8,100%,0,4947,4947,0,0,0,4947
0x418e6d,100%,0,643,643,0,0,0,643
0x5f1d87,100%,0,1956,1956,0,0,0,1956
0x4c57ef,100%,0,42546,42546,0,0,0,42546
0x477178,100%,0,27991,27991,27991,0,0,0
0x47cd5f,100%,0,4956,4956,0,0,0,4956
0x49271d,100%,0,3,3,0,0,0,3
0x4d620f,100%,0,301,301,301,0,0,0
0x4ad2ed,100%,0,34,34,0,0,0,34
0x47643c,100%,0,13156,13156,13156,0,0,0
0x4cf712,100%,0,16645,16645,0,0,0,16645
0x41170b,100%,0,444,444,0,0,0,444
0x50f3fc,100%,0,7881,7881,7881,0,0,0
0x46f28f,100%,0,47,47,0,0,0,47
0x478c96,100%,0,1687,1687,1687,0,0,0
0x459cd0,100%,0,30,30,0,0,0,30
0x4bea33,100%,0,105,105,105,0,0,0
0x509549,100%,0,30,30,0,0,0,30
0x46ce62,100%,0,24,24,0,0,0,24
0x46d9b4,100%,0,1139,1139,0,0,0,1139
0x4671dd,100%,0,139,139,0,0,0,139
0x4cc72b,100%,0,10927,10927,10927,0,0,0
0x49bcdb,100%,0,3,3,0,0,0,3
0x4b657b,100%,0,17,17,0,0,0,17
0x4c3715,100%,0,187984,187984,187984,0,0,0
0x4bd3fd,100%,0,41,41,0,0,0,41
0x49ac48,100%,0,20,20,0,0,0,20
0x4c6ba5,100%,0,132608,132608,0,0,0,132608
0x4703c9,100%,0,468,468,0,0,0,468
0x4a8b95,100%,0,36,36,0,0,0,36
0x5ef185,100%,0,1619,1619,0,0,0,1619
0x47aaf6,100%,0,13291,13291,0,0,0,13291
0x499298,100%,0,768,768,0,0,0,768
0x458d45,100%,0,29,29,0,0,0,29
0x4cd1b0,100%,0,1067,1067,0,0,0,1067
0x5d8b35,100%,0,6,6,0,0,0,6
0x47b3dd,100%,0,10220,10220,0,0,0,10220
0x418b72,100%,0,24590,24590,24590,0,0,0
0x47dd68,100%,0,2399,2399,0,0,0,2399
0x5f2dfd,100%,0,2970,2970,0,0,0,2970
0x4deaee,100%,0,27,27,0,0,0,27
0x5f1d4d,100%,0,2970,2970,0,0,0,2970
0x478ce9,100%,0,1687,1687,0,0,0,1687
0x4b8fec,100%,0,9644,9644,0,0,0,9644
0x50aff9,100%,0,56994,56994,0,0,0,56994
0x4d064e,100%,0,5869,5869,5869,0,0,0
0x476526,100%,0,4138,4138,0,0,0,4138
0x4996d6,100%,0,629,629,0,0,0,629
0x44fea4,100%,0,9,9,0,0,0,9
0x420a86,100%,0,1263,1263,0,0,0,1263
0x4cc9af,100%,0,5883,5883,0,0,0,5883
0x48d6b1,100%,0,9,9,0,0,0,9
0x4b95a5,100%,0,7401,7401,7401,0,0,0
0x46d897,100%,0,1139,1139,0,0,0,1139
0x5fa2b8,100%,0,23,23,23,0,0,0
0x464965,100%,0,387,387,15,0,0,372
0x477db9,100%,0,1512,1512,0,0,0,1512
0x47c90a,100%,0,1804,1804,0,0,0,1804
0x4d2dd7,100%,0,9221,9221,0,0,0,9221
0x4c4392,100%,0,7407,7407,7407,0,0,0
0x4c6bef,100%,0,3080,3080,2976,0,0,104
0x460d1a,100%,0,32,32,0,0,0,32
0x47c7f7,100%,0,3808,3808,0,0,0,3808
0x4cf6c8,100%,0,20571,20571,0,0,0,20571
0x5f2c43,100%,0,10426,10426,0,0,0,10426
0x46cf19,100%,0,496,496,0,0,0,496
0x50b00b,100%,0,111,111,0,0,0,111
0x4b1908,100%,0,180,180,0,0,0,180
0x4c9e74,100%,0,13302,13302,13302,0,0,0
0x47cbbc,100%,0,2077,2077,0,0,0,2077
0x417ff2,100%,0,2874,2874,0,0,0,2874
0x47c99b,100%,0,3808,3808,0,0,0,3808
