Branch PC,Accuracy,Mispredictions,Correct Predictions,Total,dir_t_pred_t,dir_t_pred_nt,dir_nt_pred_t,dir_nt_pred_nt
aggregate,98.4191%,124460,7748180,7872640,4652506,61457,63003,3095674
0x445632,94.1403%,9512,152818,162330,128885,3760,5752,23933
0x445604,95.7338%,9351,209837,219188,49848,7010,2341,159989
0x445611,96.05%,6412,155918,162330,52010,4848,1564,103908
0x41e591,83.6605%,5361,27449,32810,23434,1773,3588,4015
0x4455bf,96.0918%,4643,114157,118800,6227,2979,1664,107930
0x429ab4,91.4551%,3716,39772,43488,932,2798,918,38840
0x429b8e,75.6511%,3319,10312,13631,3008,2017,1302,7304
0x45ed2a,79.7399%,3287,12937,16224,12563,535,2752,374
0x41e5cf,90.5425%,3103,29707,32810,29508,501,2602,199
0x402828,95.3536%,2769,56825,59594,27949,1525,1244,28876
0x429c82,91.418%,2574,27419,29993,1985,1657,917,25434
0x429c2f,91.618%,2514,27479,29993,2213,1607,907,25266
0x429dc2,85.6907%,2254,13498,15752,4186,1276,978,9312
0x429ac2,94.4866%,2192,37566,39758,36770,481,1711,796
0x445f99,76.5612%,1993,6510,8503,3913,1029,964,2597
0x445d65,90.9208%,1897,18997,20894,15465,856,1041,3532
0x429be2,95.1132%,1658,32270,33928,1190,1101,557,31080
0x429aeb,86.1571%,1505,9367,10872,7596,558,947,1771
0x44591d,98.7652%,1467,117333,118800,117305,10,1457,28
0x403b2e,91.3062%,1423,14945,16368,14144,178,1245,801
0x426ca7,50.4773%,1297,1322,2619,890,557,740,432
0x429bfc,95.9666%,1276,30360,31636,765,878,398,29595
0x463702,58.8939%,1271,1821,3092,447,780,491,1374
0x426c80,52.4246%,1246,1373,2619,903,541,705,470
0x426cce,53.8373%,1209,1410,2619,961,529,680,449
0x43a53a,73.158%,1133,3088,4221,1715,363,770,1373
0x426c57,57.4265%,1115,1504,2619,1239,372,743,265
0x4636c8,89.7626%,1104,9680,10784,7207,485,619,2473
0x463a56,75.7403%,1065,3325,4390,534,598,467,2791
0x402ac0,99.6689%,925,278445,279370,249191,59,866,29254
0x445d6f,80.6691%,884,3689,4573,1755,446,438,1934
0x44b95b,86.2437%,876,5492,6368,5210,279,597,282
0x446034,90.1447%,838,7665,8503,7334,74,764,331
0x446639,89.0787%,780,6362,7142,6144,221,559,218
0x45edad,95.3649%,752,15472,16224,11976,192,560,3496
0x463da2,63.2064%,599,1029,1628,598,287,312,431
0x463745,94.5846%,584,10200,10784,10040,70,514,160
0x41e67e,85.9926%,568,3487,4055,3478,70,498,9
0x463c2c,83.5145%,546,2766,3312,278,379,167,2488
0x429a78,98.5444%,537,36354,36891,950,396,141,35404
0x45da5f,64.8814%,518,957,1475,778,179,339,179
0x433027,64.0972%,517,923,1440,870,137,380,53
0x45faf4,82.9569%,498,2424,2922,2399,90,408,25
0x4482a9,92.3198%,489,5878,6367,215,316,173,5663
0x463dec,64.8503%,458,845,1303,768,140,318,77
0x446186,92.8224%,457,5910,6367,4813,195,262,1097
0x44ac5d,93.1208%,438,5929,6367,5877,96,342,52
0x4634d7,80.6792%,421,1758,2179,1745,70,351,13
0x429c34,98.4106%,416,25757,26173,18622,156,260,7135
0x42897a,70.3943%,413,982,1395,373,221,192,609
0x463a91,87.4156%,410,2848,3258,2461,140,270,387
0x46336c,49.6314%,410,404,814,176,213,197,228
0x429bc6,98.8584%,393,34031,34424,232,264,129,33799
0x45fb49,85.9504%,391,2392,2783,2372,47,344,20
0x427b51,64.9863%,382,709,1091,47,271,111,662
0x463b73,88.4662%,382,2930,3312,2897,83,299,33
0x444b1d,92.8314%,378,4895,5273,4040,113,265,855
0x434e92,73.8889%,376,1064,1440,346,194,182,718
0x45ef35,90.7544%,375,3681,4056,501,275,100,3180
0x401cc6,93.9749%,375,5849,6224,5802,33,342,47
0x4456c4,98.7662%,365,29219,29584,270,280,85,28949
0x46349a,51.9205%,363,392,755,224,167,196,168
0x401a1b,81.6233%,360,1599,1959,1450,120,240,149
0x46334e,56.0197%,358,456,814,306,152,206,150
0x45f97b,65.5819%,349,665,1014,529,145,204,136
0x427c15,95.2649%,345,6941,7286,1644,300,45,5297
0x444b92,86.9928%,343,2294,2637,505,166,177,1789
0x45fbaa,87.4574%,331,2308,2639,2306,30,301,2
0x45d172,67.357%,331,683,1014,149,207,124,534
0x428700,72.4108%,317,832,1149,442,157,160,390
0x45fbfc,87.4552%,315,2196,2511,2193,42,273,3
0x429f3a,98.0256%,311,15441,15752,11600,214,97,3841
0x4279e5,92.6277%,303,3807,4110,3534,53,250,273
0x428f02,73.2255%,298,815,1113,462,132,166,353
0x44605b,73.516%,290,805,1095,570,145,145,235
0x429e05,97.213%,285,9941,10226,99,221,64,9842
0x4289da,64.794%,282,519,801,318,138,144,201
0x427b5d,63.6481%,281,492,773,51,201,80,441
0x42a125,93.2674%,279,3865,4144,3865,20,259,0
0x42a620,79.2256%,279,1064,1343,606,141,138,458
0x463754,64.3709%,269,486,755,91,175,94,395
0x463477,66.8874%,250,505,755,44,180,70,461
0x4279ae,93.8866%,249,3824,4073,2,228,21,3822
0x429a91,99.3051%,247,35298,35545,388,217,30,34910
0x463415,72.4022%,247,648,895,410,101,146,238
0x45dcf3,79.0777%,245,926,1171,287,107,138,639
0x45d1f1,63.0699%,243,415,658,156,150,93,259
0x4290da,69.625%,243,557,800,318,126,117,239
0x45fd61,69.9126%,241,560,801,44,172,69,516
0x405189,99.4531%,241,43823,44064,43790,2,239,33
0x45f036,67.7419%,240,504,744,479,64,176,25
0x428ab6,70.5368%,236,565,801,250,97,139,315
0x429eb7,97.7022%,235,9992,10227,163,151,84,9829
0x4482ae,96.0247%,232,5604,5836,132,158,74,5472
0x45fc3a,90.3589%,231,2165,2396,1954,23,208,211
0x429d35,99.3289%,231,34192,34423,25706,112,119,8486
0x45ed6b,92.6424%,230,2896,3126,194,186,44,2702
0x463798,53.1697%,229,260,489,60,133,96,200
0x42a014,94.1146%,229,3662,3891,125,154,75,3537
0x463dbd,60.7266%,227,351,578,32,151,76,319
0x404f3c,99.9364%,225,353647,353872,353593,7,218,54
0x45f064,70.6989%,218,526,744,503,56,162,23
0x434e9b,76.5556%,211,689,900,100,130,81,589
0x45f00c,71.9086%,209,535,744,525,33,176,10
0x4293c3,74.125%,207,593,800,330,108,99,263
0x463db7,73.3513%,198,545,743,17,148,50,528
0x4291cb,75.625%,195,605,800,263,91,104,342
0x45effd,81.3609%,189,825,1014,139,131,58,686
0x42a031,94.7674%,189,3423,3612,101,136,53,3322
0x429c94,99.2828%,189,26162,26351,18777,85,104,7385
0x42907a,86.8006%,184,1210,1394,477,117,67,733
0x45d2a8,74.2898%,181,523,704,25,131,50,498
0x429e21,98.1829%,180,9726,9906,16,146,34,9710
0x463809,64.8262%,172,317,489,89,84,88,228
0x45d341,68.6131%,172,376,548,354,63,109,22
0x45ddc3,85.0615%,170,968,1138,474,91,79,494
0x429ed7,98.3557%,163,9750,9913,30,141,22,9720
0x428c9f,80.5243%,156,645,801,327,98,58,318
0x45f989,55.2941%,152,188,340,48,92,60,140
0x4152f6,82.5287%,152,718,870,80,105,47,638
0x4279f5,84.216%,152,811,963,5,120,32,806
0x42a62b,74.4966%,152,444,596,42,107,45,402
0x4152f0,88.9625%,150,1209,1359,375,114,36,834
0x42a0d2,95.8472%,150,3462,3612,141,97,53,3321
0x45f095,79.9731%,149,595,744,503,40,109,92
0x4279e1,96.6094%,144,4103,4247,0,137,7,4103
0x40d054,99.8432%,139,88501,88640,83063,37,102,5438
0x429856,93.6567%,136,2008,2144,1865,11,125,143
0x40e51e,99.6789%,135,41913,42048,39353,67,68,2560
0x429a5e,99.6376%,135,37116,37251,232,128,7,36884
0x426d24,95.994%,133,3187,3320,3146,33,100,41
0x427a07,84.6062%,129,709,838,369,71,58,340
0x46e32e,91.5219%,122,1317,1439,669,50,72,648
0x45f2a3,91.0494%,116,1180,1296,1175,23,93,5
0x45d7c0,97.8474%,114,5182,5296,3929,43,71,1253
0x434eb7,82.9851%,114,556,670,18,87,27,538
0x4298e5,94.5%,110,1890,2000,1742,8,102,148
0x41b2f6,99.2259%,108,13844,13952,10405,59,49,3439
0x45f2f8,91.6667%,108,1188,1296,1187,28,80,1
0x41560a,92.6389%,106,1334,1440,747,67,39,587
0x427b45,91.1392%,105,1080,1185,6,88,17,1074
0x45d1c4,84.1945%,104,554,658,8,93,11,546
0x429fec,97.5354%,101,3997,4098,49,74,27,3948
0x44a9d7,90.7763%,101,994,1095,490,36,65,504
0x428da3,92.3135%,101,1213,1314,1154,20,81,59
0x45fb19,76.9053%,100,333,433,65,74,26,268
0x413c34,92.6284%,99,1244,1343,2,79,20,1242
0x45d759,98.1495%,98,5198,5296,5198,12,86,0
0x460d6e,89.162%,97,798,895,1,80,17,797
0x45d940,93.607%,95,1391,1486,1376,27,68,15
0x43a589,91.4679%,93,997,1090,995,13,80,2
0x413bcc,93.1497%,92,1251,1343,2,78,14,1249
0x45efeb,97.7564%,91,3965,4056,2978,64,27,987
0x429d4f,99.3324%,91,13539,13630,10178,45,46,3361
0x463650,74.1477%,91,261,352,246,22,69,15
0x42869e,93.3914%,91,1286,1377,0,81,10,1286
0x45fdaf,84.4444%,91,494,585,1,73,18,493
0x42a547,94.1634%,90,1452,1542,1376,27,63,76
0x42a00a,97.7358%,90,3885,3975,20,64,26,3865
0x45fc21,67.7536%,89,187,276,61,54,35,126
0x43c33f,72.8395%,88,236,324,103,47,41,133
0x413b39,93.6765%,86,1274,1360,1,80,6,1273
0x45f96d,92.3288%,84,1011,1095,16,65,19,995
0x41511d,94.3056%,82,1358,1440,9,72,10,1349
0x45d6d2,94.4818%,82,1404,1486,97,65,17,1307
0x463428,79.1667%,80,304,384,87,53,27,217
0x434ec0,86.1947%,78,487,565,484,11,67,3
0x46e354,94.8611%,74,1366,1440,854,41,33,512
0x463263,91.8436%,73,822,895,32,49,24,790
0x463b98,78.012%,73,259,332,246,19,54,13
0x45fb71,79.9451%,73,291,364,195,25,48,96
0x463ae2,96.0313%,71,1718,1789,1718,17,54,0
0x429de5,99.31%,71,10219,10290,0,64,7,10219
0x429e92,99.31%,71,10219,10290,5,58,13,10214
0x41e724,56.9697%,71,94,165,78,23,48,16
0x41e79e,58.0838%,70,97,167,33,39,31,64
0x4451ae,97.3834%,69,2568,2637,76,67,2,2492
0x427bb5,74.4939%,63,184,247,62,37,26,122
0x4286e2,94.9757%,62,1172,1234,36,49,13,1136
0x40f74f,99.0481%,61,6347,6408,5580,27,34,767
0x4456a4,99.7979%,60,29625,29685,0,59,1,29625
0x46e5bd,95.9028%,59,1381,1440,645,54,5,736
0x4278b5,63.4615%,57,99,156,40,34,23,59
0x434ef4,96.0417%,57,1383,1440,1055,40,17,328
0x45db5e,96.2315%,56,1430,1486,726,17,39,704
0x4286a9,95.8333%,54,1242,1296,12,50,4,1230
0x405608,99.7549%,54,21978,22032,21757,3,51,221
0x429ad3,99.8758%,54,43434,43488,32594,22,32,10840
0x463450,93.245%,51,704,755,665,9,42,39
0x4c9772,98.2255%,51,2823,2874,1731,12,39,1092
0x445f60,99.412%,50,8453,8503,7397,11,39,1056
0x40fd91,99.9911%,49,553551,553600,415176,24,25,138375
0x45dc75,92.1951%,48,567,615,3,39,9,564
0x45fdba,90.8023%,47,464,511,463,15,32,1
0x45fbcf,84.8185%,46,257,303,109,19,27,148
0x45dd9f,94.2085%,45,732,777,0,33,12,732
0x42a551,66.6667%,44,88,132,77,18,26,11
0x4456af,99.8515%,44,29582,29626,3,39,5,29579
0x44187c,98.75%,43,3397,3440,0,43,0,3397
0x45dc08,93.5285%,42,607,649,2,32,10,605
0x415337,97.0833%,42,1398,1440,483,28,14,915
0x4c9657,99.8666%,41,30688,30729,1257,32,9,29431
0x45d437,94.1761%,41,663,704,325,27,14,338
0x405f19,99.9655%,41,118759,118800,117309,6,35,1450
0x428ee6,96.5928%,40,1134,1174,30,31,9,1104
0x40a62b,97.1983%,39,1353,1392,1202,16,23,151
0x427bf2,97.942%,39,1856,1895,1,35,4,1855
0x42799e,99.075%,38,4070,4108,0,35,3,4070
0x445907,99.9827%,38,219150,219188,109579,15,23,109571
0x429fc7,99.1071%,37,4107,4144,16,30,7,4091
0x445944,97.5758%,36,1449,1485,1449,3,33,0
0x4287a2,97.1637%,35,1199,1234,61,24,11,1138
0x45d8b4,94.5988%,35,613,648,472,14,21,141
0x4278d0,78.3951%,35,127,162,68,22,13,59
0x4613df,56.7901%,35,46,81,20,22,13,26
0x463605,58.0247%,34,47,81,42,17,17,5
0x42a500,97.7951%,34,1508,1542,1441,14,20,67
0x427be6,98.283%,33,1889,1922,2,25,8,1887
0x4442bf,98.7481%,33,2603,2636,0,33,0,2603
0x4bdafe,98.4283%,32,2004,2036,2004,0,32,0
0x4634f2,95.7616%,32,723,755,668,6,26,55
0x463bb5,68.3673%,31,67,98,12,19,12,55
0x40e61c,99.9287%,30,42018,42048,39407,13,17,2611
0x41e741,65.9091%,30,58,88,4,20,10,54
0x40e59c,99.9287%,30,42018,42048,39407,13,17,2611
0x4638a7,65.9091%,30,58,88,56,17,13,2
0x42a3ee,96.3145%,30,784,814,733,5,25,51
0x403b0e,99.9786%,28,130916,130944,114565,11,17,16351
0x43a554,99.3367%,28,4193,4221,3112,14,14,1081
0x427bda,98.5597%,28,1916,1944,0,22,6,1916
0x463692,92.3295%,27,325,352,324,6,21,1
0x40e6a0,99.9358%,27,42021,42048,39404,16,11,2617
0x46e18e,98.1263%,27,1414,1441,1412,10,17,2
0x45f88c,97.5342%,27,1068,1095,1008,6,21,60
0x4155d4,98.125%,27,1413,1440,1357,2,25,56
0x4288a2,81.1189%,27,116,143,2,16,11,114
0x428fc0,97.664%,26,1087,1113,586,8,18,501
0x402a19,99.9655%,26,75384,75410,1033,23,3,74351
0x4c9748,99.1065%,26,2884,2910,15,21,5,2869
0x414288,98.1944%,26,1414,1440,1333,10,16,81
0x416b38,49.0196%,26,25,51,25,26,0,0
0x429b06,99.0434%,26,2692,2718,1339,20,6,1353
0x42a378,96.8059%,26,788,814,740,11,15,48
0x463d02,69.1358%,25,56,81,0,17,8,56
0x428fa4,97.8705%,25,1149,1174,40,21,4,1109
0x416dd4,81.6176%,25,111,136,81,4,21,30
0x42947c,98.2066%,25,1369,1394,1369,8,17,0
0x4457d9,96.1598%,25,626,651,36,23,2,590
0x414319,98.3333%,24,1416,1440,1337,6,18,79
0x41e601,99.1432%,24,2777,2801,2777,9,15,0
0x4457f0,96.1149%,23,569,592,12,20,3,557
0x407ee5,99.722%,23,8249,8272,7233,5,18,1016
0x45f302,71.6049%,23,58,81,2,20,3,56
0x45fcb0,97.2534%,22,779,801,777,6,16,2
0x45ff50,96.9739%,22,705,727,364,18,4,341
0x4292a1,97.25%,22,778,800,345,9,13,433
0x4638e2,75%,22,66,88,66,11,11,0
0x45f2d2,77.551%,22,76,98,13,20,2,63
0x4288ff,84.6154%,22,121,143,8,10,12,113
0x413bf3,98.4559%,21,1339,1360,0,17,4,1339
0x46e880,98.5417%,21,1419,1440,1346,13,8,73
0x413b8c,98.5294%,20,1340,1360,1,16,4,1339
0x411b3f,99.7942%,20,9700,9720,8496,9,11,1204
0x416bc5,60.7843%,20,31,51,15,19,1,16
0x4449b0,99.6206%,20,5252,5272,46,20,0,5206
0x460bec,98.6111%,20,1420,1440,1419,3,17,1
0x41447d,98.6111%,20,1420,1440,1419,3,17,1
0x413a95,98.5935%,20,1402,1422,65,15,5,1337
0x414b92,98.6806%,19,1421,1440,62,19,0,1359
0x428b7f,97.628%,19,782,801,339,8,11,443
0x42a556,48.6486%,19,18,37,10,12,7,8
0x428d41,98.637%,19,1375,1394,78,2,17,1297
0x42bc4f,98.1481%,19,1007,1026,1006,6,13,1
0x427938,88.8889%,19,152,171,3,7,12,149
0x42980d,99.1134%,19,2124,2143,6,11,8,2118
0x433305,98.6806%,19,1421,1440,2,16,3,1419
0x4056c0,93.0147%,19,253,272,253,2,17,0
0x41434f,98.75%,18,1422,1440,1421,1,17,1
0x41e7f5,81.0526%,18,77,95,77,17,1,0
0x427a33,99.562%,18,4092,4110,111,14,4,3981
0x4540cd,98.75%,18,1422,1440,1422,0,18,0
0x463845,96.319%,18,471,489,471,7,11,0
0x4298b4,99.0973%,18,1976,1994,8,9,9,1968
0x471fdc,0%,17,0,17,0,17,0,0
0x46e619,98.8194%,17,1423,1440,64,17,0,1359
0x45d136,98.4475%,17,1078,1095,66,15,2,1012
0x45d94f,80.7229%,16,67,83,62,10,6,5
0x427893,90.1235%,16,146,162,0,0,16,146
0x427923,82.0225%,16,73,89,9,7,9,64
0x42a3fd,78.3784%,16,58,74,0,11,5,58
0x4bda62,98.5294%,16,1072,1088,532,12,4,540
0x4186af,92.1569%,16,188,204,152,1,15,36
0x42bd4a,98.5388%,16,1079,1095,0,15,1,1079
0x41e61f,99.4257%,16,2770,2786,2770,4,12,0
0x413d32,98.8889%,16,1424,1440,1416,6,10,8
0x46e61d,98.8962%,15,1344,1359,860,10,5,484
0x45f9e1,98.4127%,15,930,945,930,15,0,0
0x413a4a,98.9583%,15,1425,1440,3,15,0,1422
0x45da77,97.1042%,15,503,518,33,9,6,470
0x4c9717,98.8363%,15,1274,1289,112,10,5,1162
0x4bda5c,98.6607%,15,1105,1120,26,6,9,1079
0x44594f,54.5455%,15,18,33,2,11,4,16
0x42784f,91.358%,14,148,162,0,0,14,148
0x429823,99.3415%,14,2112,2126,3,9,5,2109
0x46124d,82.716%,14,67,81,67,14,0,0
0x4028ea,99.995%,14,279356,279370,203960,0,14,75396
0x428094,22.2222%,14,4,18,4,14,0,0
0x44578a,97.8495%,14,637,651,31,13,1,606
0x43fddf,56.25%,14,18,32,16,5,9,2
0x4c971e,98.8003%,14,1153,1167,0,0,14,1153
0x4287be,98.7815%,14,1135,1149,596,3,11,539
0x41e6ae,97.2387%,14,493,507,493,12,2,0
0x4c965c,99.9574%,13,30524,30537,26213,4,9,4311
0x41a64f,92.4419%,13,159,172,159,4,9,0
0x418c49,74.5098%,13,38,51,24,10,3,14
0x42797e,99.6846%,13,4109,4122,0,10,3,4109
0x463977,99.5104%,13,2642,2655,2642,13,0,0
0x4633b5,98.5475%,13,882,895,882,13,0,0
0x41e86a,99.1447%,13,1507,1520,1507,3,10,0
0x4c9694,99.9574%,13,30524,30537,26206,11,2,4318
0x427916,86.8687%,13,86,99,1,9,4,85
0x45d4f6,99.1252%,13,1473,1486,1473,13,0,0
0x4278fd,92.3977%,13,158,171,80,8,5,78
0x42a54c,91.3669%,12,127,139,0,7,5,127
0x45d85d,98.1481%,12,636,648,636,2,10,0
0x427871,92.5926%,12,150,162,0,0,12,150
0x4024e3,99.6178%,12,3128,3140,1567,3,9,1561
0x42bbee,98.9041%,12,1083,1095,0,11,1,1083
0x428aae,98.6267%,11,790,801,0,0,11,790
0x43c357,96.6049%,11,313,324,233,10,1,80
0x46e567,99.2361%,11,1429,1440,1352,7,4,77
0x45f76e,86.0759%,11,68,79,53,4,7,15
0x413aed,99.2361%,11,1429,1440,78,2,9,1351
0x43ff40,47.619%,11,10,21,10,3,8,0
0x45ec68,99.9322%,11,16213,16224,16213,11,0,0
0x461406,71.7949%,11,28,39,14,6,5,14
0x404bce,99.809%,11,5749,5760,2875,5,6,2874
0x414b4c,99.2115%,11,1384,1395,76,4,7,1308
0x463467,87.6543%,10,71,81,70,9,1,1
0x45feb7,69.697%,10,23,33,22,8,2,1
0x42bc2c,99.0253%,10,1016,1026,0,10,0,1016
0x4c9683,99.9673%,10,30527,30537,27648,7,3,2879
0x42bc7a,99.0868%,10,1085,1095,0,0,10,1085
0x45f955,99.0868%,10,1085,1095,0,0,10,1085
0x45f23e,99.2284%,10,1286,1296,1286,10,0,0
0x441886,99.7056%,10,3387,3397,36,7,3,3351
0x45f715,87.6543%,10,71,81,0,2,8,71
0x42a60d,99.3056%,10,1430,1440,8,10,0,1422
0x4147da,99.7685%,10,4310,4320,4310,10,0,0
0x445fa8,99.7473%,9,3552,3561,0,9,0,3552
0x445890,98.6175%,9,642,651,52,7,2,590
0x428e26,93.5714%,9,131,140,1,5,4,130
0x4152e9,99.375%,9,1431,1440,75,6,3,1356
0x402a92,99.9989%,9,828695,828704,623688,0,9,205007
0x44583d,98.6175%,9,642,651,3,7,2,639
0x4c96da,99.3018%,9,1280,1289,1280,9,0,0
0x45ecc0,99.9445%,9,16215,16224,16215,9,0,0
0x41442b,99.375%,9,1431,1440,0,0,9,1431
0x427c25,99.8315%,9,5333,5342,5333,9,0,0
0x4142bf,99.375%,9,1431,1440,1354,6,3,77
0x439471,99.375%,9,1431,1440,1431,9,0,0
0x429284,98.875%,9,791,800,0,0,9,791
0x46e594,99.3377%,9,1350,1359,807,7,2,543
0x439932,99.4444%,8,1432,1440,341,4,4,1091
0x41e6cc,98.4158%,8,497,505,497,4,4,0
0x414441,99.4444%,8,1432,1440,1353,7,1,79
0x444970,99.8483%,8,5264,5272,56,8,0,5208
0x42890f,93.6%,8,117,125,0,0,8,117
0x427b86,91.9192%,8,91,99,0,1,7,91
0x46e638,99.4444%,8,1432,1440,1356,3,5,76
0x4278a4,95.0617%,8,154,162,0,6,2,154
0x46e1f3,99.4444%,8,1432,1440,0,0,8,1432
0x41e7d0,91.5789%,8,87,95,87,8,0,0
0x42989e,99.6%,8,1992,2000,1,5,3,1991
0x441875,99.7727%,8,3512,3520,74,6,2,3438
0x43ee92,75%,8,24,32,24,8,0,0
0x4417f4,99.7805%,8,3637,3645,39,6,2,3598
0x44584d,98.752%,8,633,641,548,5,3,85
0x401aeb,99.8715%,8,6216,6224,0,0,8,6216
0x41474d,99.838%,7,4313,4320,4313,7,0,0
0x4288b3,94.4%,7,118,125,0,0,7,118
0x427860,95.679%,7,155,162,0,0,7,155
0x45d962,36.3636%,7,4,11,2,4,3,2
0x4153b8,99.5139%,7,1433,1440,1355,4,3,78
0x463c6f,91.358%,7,74,81,74,7,0,0
0x41e8b6,30%,7,3,10,3,7,0,0
0x401a27,98.2005%,7,382,389,0,0,7,382
0x4c9788,99.4002%,7,1160,1167,1092,5,2,68
0x45d6e2,99.8678%,7,5289,5296,0,0,7,5289
0x45fdfd,78.7879%,7,26,33,24,5,2,2
0x4146e5,99.838%,7,4313,4320,4313,7,0,0
0x404bd7,99.7569%,7,2873,2880,2873,7,0,0
0x4458aa,98.8176%,7,585,592,547,3,4,38
0x42bc0d,99.3607%,7,1088,1095,68,1,6,1020
0x428670,99.4982%,7,1388,1395,13,5,2,1375
0x460c0c,99.5139%,7,1433,1440,1354,6,1,79
0x41696d,58.8235%,7,10,17,10,7,0,0
0x43c14c,91.358%,7,74,81,0,0,7,74
0x4338ce,99.5139%,7,1433,1440,1433,7,0,0
0x439937,99.3607%,7,1088,1095,0,0,7,1088
0x45ff10,78.7879%,7,26,33,26,5,2,0
0x42798e,99.8541%,6,4106,4112,0,4,2,4106
0x42a4b8,45.4545%,6,5,11,0,6,0,5
0x45f918,99.4521%,6,1089,1095,0,0,6,1089
0x413ca0,99.5833%,6,1434,1440,1354,6,0,80
0x413f33,99.5833%,6,1434,1440,1434,6,0,0
0x46e20a,99.5833%,6,1434,1440,1434,6,0,0
0x46e326,99.5833%,6,1434,1440,0,1,5,1434
0x46e50a,99.5833%,6,1434,1440,1434,6,0,0
0x460f54,92.5926%,6,75,81,75,6,0,0
0x4442c3,99.7695%,6,2597,2603,73,6,0,2524
0x44a97c,99.9058%,6,6361,6367,5271,1,5,1090
0x44549a,81.8182%,6,27,33,14,6,0,13
0x45dc93,98.9529%,6,567,573,0,0,6,567
0x426641,99.9826%,6,34445,34451,0,0,6,34445
0x416e2a,88.2353%,6,45,51,43,5,1,2
0x429497,64.7059%,6,11,17,11,6,0,0
0x45ef1a,99.8521%,6,4050,4056,0,0,6,4050
0x429376,99.25%,6,794,800,0,0,6,794
0x4290d2,99.25%,6,794,800,0,0,6,794
0x404f97,97.7941%,6,266,272,266,6,0,0
0x428dcb,95.7143%,6,134,140,0,6,0,134
0x439311,99.4521%,6,1089,1095,76,5,1,1013
0x43950f,99.5833%,6,1434,1440,1434,6,0,0
0x4335e5,99.5819%,6,1429,1435,1429,6,0,0
0x414b10,99.5699%,6,1389,1395,14,4,2,1375
0x416f4b,62.5%,6,10,16,10,3,3,0
0x463553,99.1098%,6,668,674,668,6,0,0
0x41237a,99.5069%,5,1009,1014,1009,5,0,0
0x43511e,99.5434%,5,1090,1095,1090,5,0,0
0x4418a6,97.9675%,5,241,246,241,5,0,0
0x416931,70.5882%,5,12,17,0,0,5,12
0x44a96e,99.933%,5,7457,7462,1091,4,1,6366
0x44af3d,99.933%,5,7457,7462,1090,5,0,6367
0x427bc5,96.6216%,5,143,148,143,5,0,0
0x4457e6,99.1554%,5,587,592,0,0,5,587
0x44b6e0,99.9215%,5,6362,6367,1090,5,0,5272
0x41a4f8,50%,5,5,10,2,4,1,3
0x43a56f,99.5434%,5,1090,1095,1,4,1,1089
0x428c97,99.3758%,5,796,801,0,0,5,796
0x40519a,98.1618%,5,267,272,267,5,0,0
0x45f104,93.8272%,5,76,81,76,5,0,0
0x428efa,99.5508%,5,1108,1113,0,0,5,1108
0x461d12,99.3857%,5,809,814,809,5,0,0
0x45e56c,99.5069%,5,1009,1014,1009,5,0,0
0x43c3a7,99.6528%,5,1435,1440,0,0,5,1435
0x439940,99.5434%,5,1090,1095,1090,5,0,0
0x414f5f,99.6528%,5,1435,1440,1435,5,0,0
0x461387,93.8272%,5,76,81,0,0,5,76
0x42bb4d,99.5434%,5,1090,1095,1090,5,0,0
0x45e0c4,99.6528%,5,1435,1440,1435,5,0,0
0x426639,99.9855%,5,34446,34451,0,0,5,34446
0x414b1f,99.6369%,5,1372,1377,1372,5,0,0
0x401f3b,99.6815%,5,1565,1570,1565,5,0,0
0x461284,93.8272%,5,76,81,76,5,0,0
0x427b65,99.0403%,5,516,521,516,5,0,0
0x44013f,99.8611%,5,3595,3600,3595,4,1,0
0x401baf,99.9357%,4,6220,6224,6220,4,0,0
0x4151b0,99.7222%,4,1436,1440,1436,4,0,0
0x429299,99.5%,4,796,800,0,0,4,796
0x412292,99.6055%,4,1010,1014,1010,4,0,0
0x471f2d,76.4706%,4,13,17,0,0,4,13
0x4278f2,97.6744%,4,168,172,0,1,3,168
0x4613aa,95.0617%,4,77,81,0,0,4,77
0x428d98,99.6956%,4,1310,1314,0,0,4,1310
0x46e954,99.7222%,4,1436,1440,1436,4,0,0
0x45ec36,99.9014%,4,4052,4056,0,0,4,4052
0x45d14f,99.6055%,4,1010,1014,0,0,4,1010
0x414980,99.7222%,4,1436,1440,0,0,4,1436
0x4c96aa,99.9869%,4,30533,30537,2876,4,0,27657
0x4c966c,99.9869%,4,30533,30537,30533,4,0,0
0x428c83,99.5006%,4,797,801,0,0,4,797
0x428b77,99.5006%,4,797,801,0,0,4,797
0x46351d,95.0617%,4,77,81,0,2,2,77
0x438cf2,99.6347%,4,1091,1095,1091,4,0,0
0x4401c4,90.2439%,4,37,41,37,3,1,0
0x439995,99.7222%,4,1436,1440,0,0,4,1436
0x4335ac,99.7222%,4,1436,1440,1436,4,0,0
0x45e38a,95.0617%,4,77,81,77,4,0,0
0x472006,76.4706%,4,13,17,0,0,4,13
0x417182,76.4706%,4,13,17,13,4,0,0
0x446691,99.4839%,4,771,775,771,4,0,0
0x45f357,95.0617%,4,77,81,77,4,0,0
0x45d2cc,99.2701%,4,544,548,544,4,0,0
0x4155ff,99.7222%,4,1436,1440,0,0,4,1436
0x45d35d,96.9466%,4,127,131,0,0,4,127
0x43c29d,98.7654%,4,320,324,320,4,0,0
0x471f9a,76.4706%,4,13,17,13,4,0,0
0x404ad3,99.8611%,4,2876,2880,0,0,4,2876
0x401cd1,98.9717%,4,385,389,385,4,0,0
0x43504a,99.6347%,4,1091,1095,0,0,4,1091
0x40354c,99.9756%,4,16364,16368,16364,4,0,0
0x404aed,99.8611%,4,2876,2880,0,0,4,2876
0x418726,92.1569%,4,47,51,44,4,0,3
0x43fe46,63.6364%,4,7,11,0,4,0,7
0x4331e9,99.7222%,4,1436,1440,1436,4,0,0
0x405205,98.8971%,3,269,272,0,0,3,269
0x428fb8,99.7305%,3,1110,1113,0,0,3,1110
0x427b7a,96.9697%,3,96,99,0,0,3,96
0x43fee7,85%,3,17,20,8,0,3,9
0x44aff2,99.9529%,3,6364,6367,1092,3,0,5272
0x440cb9,25%,3,1,4,1,3,0,0
0x404c03,99.9673%,3,9176,9179,0,0,3,9176
0x429965,99.9724%,3,10869,10872,10869,3,0,0
0x41e524,75%,3,9,12,9,2,1,0
0x43a59e,96.5517%,3,84,87,84,3,0,0
0x428eb1,99.7445%,3,1171,1174,1171,3,0,0
0x439320,99.7041%,3,1011,1014,1011,3,0,0
0x42bb8c,99.726%,3,1092,1095,1092,3,0,0
0x43a3c1,99.726%,3,1092,1095,1092,3,0,0
0x428985,99.6255%,3,798,801,0,0,3,798
0x41567a,99.6314%,3,811,814,811,3,0,0
0x45f992,98.5%,3,197,200,0,0,3,197
0x412306,99.7041%,3,1011,1014,1011,3,0,0
0x404c1d,99.9673%,3,9176,9179,0,0,3,9176
0x41e834,98.2036%,3,164,167,0,2,1,164
0x42794e,99.9272%,3,4119,4122,0,0,3,4119
0x43350d,99.7917%,3,1437,1440,1437,3,0,0
0x41488e,99.8958%,3,2877,2880,0,0,3,2877
0x402406,99.8089%,3,1567,1570,0,0,3,1567
0x433011,99.7917%,3,1437,1440,0,0,3,1437
0x427882,98.1481%,3,159,162,0,0,3,159
0x405247,98.8971%,3,269,272,269,3,0,0
0x414b58,99.7719%,3,1312,1315,1312,3,0,0
0x4029b1,99.996%,3,75407,75410,75407,3,0,0
0x41e643,75%,3,9,12,0,0,3,9
0x42796e,99.9272%,3,4119,4122,0,0,3,4119
0x413a84,99.789%,3,1419,1422,0,0,3,1419
0x4540d7,83.3333%,3,15,18,15,3,0,0
0x434f43,99.1304%,3,342,345,0,0,3,342
0x4331dc,99.7917%,3,1437,1440,0,0,3,1437
0x45e1b3,99.7917%,3,1437,1440,0,0,3,1437
0x45fedc,0%,3,0,3,0,0,3,0
0x43c12f,96.2963%,3,78,81,78,3,0,0
0x41482c,99.9306%,3,4317,4320,0,0,3,4317
0x471d7e,84.2105%,3,16,19,0,1,2,16
0x42bb7e,99.726%,3,1092,1095,0,0,3,1092
0x4336e3,99.7917%,3,1437,1440,1437,3,0,0
0x46a116,50%,3,3,6,0,1,2,3
0x46e339,99.5833%,3,717,720,0,0,3,717
0x4335dc,99.7917%,3,1437,1440,4,1,2,1433
0x4293a7,99.625%,3,797,800,0,0,3,797
0x42bbcc,99.726%,3,1092,1095,0,0,3,1092
0x441869,99.9167%,3,3597,3600,77,3,0,3520
0x43a4cb,99.9289%,3,4218,4221,4218,3,0,0
0x43999b,99.7917%,3,1437,1440,1437,3,0,0
0x46a131,40%,3,2,5,0,3,0,2
0x45d8bc,99.7981%,3,1483,1486,0,0,3,1483
0x46a0e5,0%,3,0,3,0,2,1,0
0x472670,25%,3,1,4,1,2,1,0
0x4bdb0a,99.4485%,3,541,544,541,3,0,0
0x43ee15,99.8862%,3,2634,2637,2602,2,1,32
0x4293bb,99.625%,3,797,800,0,0,3,797
0x41e6f3,25%,3,1,4,0,0,3,1
0x4186c5,94.1176%,3,48,51,48,3,0,0
0x433699,99.7917%,3,1437,1440,1437,3,0,0
0x471f34,82.3529%,3,14,17,0,0,3,14
0x46e648,96.2963%,3,78,81,0,0,3,78
0x45d7e2,99.6914%,2,646,648,0,0,2,646
0x440d47,50%,2,2,4,2,2,0,0
0x415179,99.8611%,2,1438,1440,79,2,0,1359
0x441406,50%,2,2,4,1,2,0,1
0x4189a1,96.0784%,2,49,51,49,2,0,0
0x460cf9,99.7765%,2,893,895,893,2,0,0
0x46e838,99.8611%,2,1438,1440,0,0,2,1438
0x42a368,99.7543%,2,812,814,0,0,2,812
0x43fdc9,93.9394%,2,31,33,0,1,1,31
0x460c9c,99.7765%,2,893,895,893,2,0,0
0x41e4c3,92.8571%,2,26,28,26,1,1,0
0x416b22,96.0784%,2,49,51,49,2,0,0
0x46e398,99.7765%,2,893,895,0,0,2,893
0x45fca5,99.7503%,2,799,801,0,0,2,799
0x4400c2,99.9444%,2,3598,3600,0,0,2,3598
0x412950,99.8028%,2,1012,1014,1012,2,0,0
0x44665e,99.7426%,2,775,777,0,2,0,775
0x4332aa,99.8611%,2,1438,1440,1438,2,0,0
0x42a618,99.8594%,2,1420,1422,79,0,2,1341
0x45f89d,97.5309%,2,79,81,79,2,0,0
0x45f852,0%,2,0,2,0,2,0,0
0x428b62,99.7503%,2,799,801,0,0,2,799
0x445bfb,99.9686%,2,6365,6367,1093,2,0,5272
0x46e0fb,99.8612%,2,1439,1441,1439,2,0,0
0x414120,99.8611%,2,1438,1440,1438,2,0,0
0x43c942,99.8028%,2,1012,1014,0,0,2,1012
0x472707,33.3333%,2,1,3,1,1,1,0
0x402a96,99.999%,2,205014,205016,205014,2,0,0
0x401c1e,99.9679%,2,6222,6224,0,0,2,6222
0x4024ef,99.8726%,2,1568,1570,1568,2,0,0
0x45e3ed,99.4203%,2,343,345,343,2,0,0
0x413ed8,99.8611%,2,1438,1440,1438,2,0,0
0x4443f7,99.9241%,2,2634,2636,2572,0,2,62
0x42a569,71.4286%,2,5,7,0,1,1,5
0x441896,99.187%,2,244,246,0,0,2,244
0x42a3ab,99.7543%,2,812,814,812,2,0,0
0x43eb32,93.5484%,2,29,31,0,0,2,29
0x41498d,99.9537%,2,4318,4320,4318,2,0,0
0x45fd13,99.7503%,2,799,801,799,2,0,0
0x45e6f3,99.8028%,2,1012,1014,1012,2,0,0
0x43c173,97.5309%,2,79,81,79,2,0,0
0x4c97c4,98.3607%,2,120,122,0,0,2,120
0x405227,99.2647%,2,270,272,0,0,2,270
0x43fff1,83.3333%,2,10,12,10,2,0,0
0x439437,99.8174%,2,1093,1095,1093,2,0,0
0x42a3f3,97.3684%,2,74,76,0,2,0,74
0x4286f7,99.8259%,2,1147,1149,0,0,2,1147
0x445783,99.6928%,2,649,651,0,0,2,649
0x46e31d,99.8611%,2,1438,1440,0,0,2,1438
0x43eb3c,93.5484%,2,29,31,29,2,0,0
0x4145f4,99.8611%,2,1438,1440,0,0,2,1438
0x43a598,97.7011%,2,85,87,0,0,2,85
0x427c02,99.8924%,2,1857,1859,0,0,2,1857
0x405ec7,99.8653%,2,1483,1485,0,0,2,1483
0x445f80,99.8174%,2,1093,1095,0,0,2,1093
0x416c13,96.0784%,2,49,51,0,0,2,49
0x429085,99.75%,2,798,800,0,0,2,798
0x402acb,99.9934%,2,30118,30120,30118,2,0,0
0x44b97a,99.7725%,2,877,879,0,0,2,877
0x428a99,99.7503%,2,799,801,0,0,2,799
0x4352fb,99.8174%,2,1093,1095,1093,2,0,0
0x4330da,99.8611%,2,1438,1440,1438,2,0,0
0x4412b3,50%,2,2,4,0,1,1,2
0x402426,99.8726%,2,1568,1570,0,0,2,1568
0x4482b3,99.9639%,2,5544,5546,4913,0,2,631
0x415340,99.7847%,2,927,929,0,0,2,927
0x463bbb,99.3976%,2,330,332,0,0,2,330
0x45fe5b,93.9394%,2,31,33,31,0,2,0
0x4029fb,99.9973%,2,75408,75410,0,0,2,75408
0x42795e,99.9515%,2,4120,4122,0,0,2,4120
0x471d48,89.4737%,2,17,19,17,2,0,0
0x414936,99.8611%,2,1438,1440,1438,2,0,0
0x43365e,99.8611%,2,1438,1440,1438,2,0,0
0x4290bc,99.75%,2,798,800,0,0,2,798
0x4394fe,99.8611%,2,1438,1440,0,0,2,1438
0x414210,99.8611%,2,1438,1440,0,0,2,1438
0x433335,88.8889%,2,16,18,16,2,0,0
0x405f53,88.2353%,2,15,17,15,2,0,0
0x44182b,99.9444%,2,3598,3600,0,0,2,3598
0x46c77e,0%,1,0,1,0,1,0,0
0x45f968,99.9087%,1,1094,1095,0,0,1,1094
0x440e50,0%,1,0,1,0,0,1,0
0x46db77,0%,1,0,1,0,1,0,0
0x472137,94.1176%,1,16,17,16,1,0,0
0x460d64,99.8883%,1,894,895,0,0,1,894
0x441838,99.9722%,1,3599,3600,0,0,1,3599
0x441201,0%,1,0,1,0,1,0,0
0x4482ca,99.9312%,1,1453,1454,0,0,1,1453
0x43df78,0%,1,0,1,0,1,0,0
0x45fe24,75%,1,3,4,0,0,1,3
0x43fde4,91.6667%,1,11,12,0,1,0,11
0x445a80,99.9722%,1,3599,3600,3599,0,1,0
0x47ca59,0%,1,0,1,0,1,0,0
0x46a07a,0%,1,0,1,0,0,1,0
0x456c45,0%,1,0,1,0,1,0,0
0x413b2d,99.9265%,1,1359,1360,0,0,1,1359
0x4351c2,99.9087%,1,1094,1095,0,0,1,1094
0x42bb75,99.9087%,1,1094,1095,0,0,1,1094
0x46dc56,0%,1,0,1,0,1,0,0
0x46c0a9,0%,1,0,1,0,1,0,0
0x4289bc,99.8752%,1,800,801,0,0,1,800
0x4338a5,99.9306%,1,1439,1440,0,0,1,1439
0x484a67,0%,1,0,1,0,1,0,0
0x4129ae,99.9014%,1,1013,1014,0,0,1,1013
0x46b72f,0%,1,0,1,0,1,0,0
0x46d5b2,0%,1,0,1,0,1,0,0
0x440e30,75%,1,3,4,3,0,1,0
0x4331e4,99.9306%,1,1439,1440,0,0,1,1439
0x433194,99.9306%,1,1439,1440,0,0,1,1439
0x46dbcf,0%,1,0,1,0,1,0,0
0x46e6b0,99.8771%,1,813,814,813,1,0,0
0x454b83,99.9306%,1,1439,1440,0,0,1,1439
0x414840,99.9769%,1,4319,4320,1440,0,1,2879
0x46dd83,0%,1,0,1,0,0,1,0
0x46b086,0%,1,0,1,0,1,0,0
0x415364,99.9306%,1,1439,1440,0,0,1,1439
0x46a2f6,0%,1,0,1,0,1,0,0
0x416c56,98.0392%,1,50,51,0,0,1,50
0x484cb8,0%,1,0,1,0,1,0,0
0x414fca,99.9306%,1,1439,1440,1439,1,0,0
0x41789d,98.0392%,1,50,51,50,1,0,0
0x440825,97.2973%,1,36,37,36,0,1,0
0x40344b,99.9511%,1,2045,2046,0,0,1,2045
0x46a509,0%,1,0,1,0,1,0,0
0x4129a4,99.9014%,1,1013,1014,0,0,1,1013
0x43e024,0%,1,0,1,0,1,0,0
0x4392f5,99.9087%,1,1094,1095,1094,1,0,0
0x46c008,0%,1,0,1,0,0,1,0
0x43a563,99.9087%,1,1094,1095,1094,1,0,0
0x46d5df,0%,1,0,1,0,1,0,0
0x452ea5,0%,1,0,1,0,1,0,0
0x43a3f6,99.9087%,1,1094,1095,1094,1,0,0
0x46b22c,0%,1,0,1,0,1,0,0
0x413797,0%,1,0,1,0,1,0,0
0x4135e9,0%,1,0,1,0,1,0,0
0x46e1dc,99.9306%,1,1439,1440,0,0,1,1439
0x4135b0,0%,1,0,1,0,0,1,0
0x46dfd4,0%,1,0,1,0,0,1,0
0x471cc2,0%,1,0,1,0,1,0,0
0x471ae3,0%,1,0,1,0,1,0,0
0x46b404,0%,1,0,1,0,1,0,0
0x46b2de,0%,1,0,1,0,1,0,0
0x4137ee,0%,1,0,1,0,0,1,0
0x471b9f,0%,1,0,1,0,0,1,0
0x415622,99.8403%,1,625,626,625,1,0,0
0x440235,0%,1,0,1,0,1,0,0
0x456bcb,0%,1,0,1,0,1,0,0
0x401bfb,99.9839%,1,6223,6224,0,0,1,6223
0x453031,0%,1,0,1,0,1,0,0
0x440150,0%,1,0,1,0,0,1,0
0x46bfde,0%,1,0,1,0,1,0,0
0x428ddb,99.2537%,1,133,134,0,0,1,133
0x46de6c,0%,1,0,1,0,1,0,0
0x46dd46,0%,1,0,1,0,1,0,0
0x46c01d,0%,1,0,1,0,1,0,0
0x46d883,0%,1,0,1,0,1,0,0
0x46d808,0%,1,0,1,0,1,0,0
0x46d7ea,0%,1,0,1,0,0,1,0
0x46d49b,0%,1,0,1,0,1,0,0
0x46d3e3,0%,1,0,1,0,1,0,0
0x46cd90,0%,1,0,1,0,1,0,0
0x440068,0%,1,0,1,0,0,1,0
0x46c9e0,0%,1,0,1,0,1,0,0
0x46c6fd,0%,1,0,1,0,0,1,0
0x46c521,0%,1,0,1,0,1,0,0
0x46c37f,0%,1,0,1,0,1,0,0
0x46d38e,0%,1,0,1,0,1,0,0
0x46c29c,0%,1,0,1,0,1,0,0
0x46c162,0%,1,0,1,0,1,0,0
0x46c046,0%,1,0,1,0,1,0,0
0x440d94,75%,1,3,4,3,1,0,0
0x4457ec,99.8311%,1,591,592,0,0,1,591
0x43300c,99.9306%,1,1439,1440,0,0,1,1439
0x46be59,0%,1,0,1,0,0,1,0
0x46a2c2,0%,1,0,1,0,0,1,0
0x440dc6,75%,1,3,4,0,1,0,3
0x453cc2,0%,1,0,1,0,1,0,0
0x4155a6,99.9306%,1,1439,1440,0,0,1,1439
0x484a75,0%,1,0,1,0,1,0,0
0x46db0a,0%,1,0,1,0,0,1,0
0x484e28,0%,1,0,1,0,1,0,0
0x414e0d,99.9264%,1,1358,1359,0,0,1,1358
0x46cc9f,0%,1,0,1,0,1,0,0
0x484a59,0%,1,0,1,0,1,0,0
0x440e1d,0%,1,0,1,0,0,1,0
0x440e8a,0%,1,0,1,0,0,1,0
0x440f56,0%,1,0,1,0,0,1,0
0x46e34f,99.9306%,1,1439,1440,0,0,1,1439
0x43df39,0%,1,0,1,0,1,0,0
0x43dffd,0%,1,0,1,0,0,1,0
0x46b80b,0%,1,0,1,0,1,0,0
0x44128f,75%,1,3,4,3,1,0,0
0x4412db,66.6667%,1,2,3,2,1,0,0
0x452aa2,0%,1,0,1,0,1,0,0
0x46a6de,0%,1,0,1,0,1,0,0
0x469e8f,0%,1,0,1,0,1,0,0
0x405f8f,94.1176%,1,16,17,0,0,1,16
0x46ced1,0%,1,0,1,0,1,0,0
0x46c4b5,0%,1,0,1,0,1,0,0
0x484b74,0%,1,0,1,0,1,0,0
0x41e813,0%,1,0,1,0,0,1,0
0x46a30f,0%,1,0,1,0,1,0,0
0x469d08,0%,1,0,1,0,1,0,0
0x4459c1,0%,1,0,1,0,0,1,0
0x4454d4,96.9697%,1,32,33,0,0,1,32
0x44b48a,99.9843%,1,6366,6367,1094,1,0,5272
0x441131,0%,1,0,1,0,0,1,0
0x46c611,0%,1,0,1,0,1,0,0
0x46c087,0%,1,0,1,0,1,0,0
0x469ea3,0%,1,0,1,0,1,0,0
0x46c73e,0%,1,0,1,0,1,0,0
0x453e56,0%,1,0,1,0,1,0,0
0x453c38,0%,1,0,1,0,1,0,0
0x46fff4,0%,1,0,1,0,1,0,0
0x445895,99.8311%,1,591,592,0,0,1,591
0x441338,0%,1,0,1,0,1,0,0
0x47268b,0%,1,0,1,0,1,0,0
0x472025,94.1176%,1,16,17,16,1,0,0
0x46a08c,0%,1,0,1,0,0,1,0
0x413b90,99.9255%,1,1342,1343,0,0,1,1342
0x4330ba,99.9306%,1,1439,1440,1439,1,0,0
0x445959,95%,1,19,20,19,1,0,0
0x4c97ba,99.1803%,1,121,122,0,0,1,121
0x485ac9,50%,1,1,2,1,1,0,0
0x46e585,99.9264%,1,1358,1359,0,0,1,1358
0x414ba9,99.9264%,1,1358,1359,1358,1,0,0
0x409f51,99.9028%,1,1028,1029,0,0,1,1028
0x413aab,99.9255%,1,1341,1342,0,0,1,1341
0x4279bf,99.974%,1,3842,3843,0,0,1,3842
0x427b39,99.9156%,1,1184,1185,0,0,1,1184
0x428c57,99.8752%,1,800,801,0,0,1,800
0x46e024,99.8771%,1,813,814,813,1,0,0
0x404f72,99.6324%,1,271,272,0,0,1,271
0x434f0e,99.7101%,1,344,345,0,0,1,344
0x4278d9,98.6111%,1,71,72,0,0,1,71
0x453d11,0%,1,0,1,0,1,0,0
0x4289d2,99.8752%,1,800,801,0,0,1,800
0x4bda78,99.8162%,1,543,544,0,0,1,543
0x416de1,98.0392%,1,50,51,50,1,0,0
0x416e33,66.6667%,1,2,3,0,0,1,2
0x418580,98.0392%,1,50,51,0,0,1,50
0x413afd,99.9265%,1,1359,1360,0,0,1,1359
0x413b44,99.9218%,1,1278,1279,0,0,1,1278
0x413c28,99.9255%,1,1342,1343,0,0,1,1342
0x415406,98.7654%,1,80,81,80,1,0,0
0x428e3b,99.2537%,1,133,134,0,0,1,133
0x4297f8,99.9534%,1,2143,2144,0,1,0,2143
0x42a411,50%,1,1,2,1,1,0,0
0x485955,50%,1,1,2,1,1,0,0
0x404f4f,99.6324%,1,271,272,0,0,1,271
0x441455,0%,1,0,1,0,0,1,0
0x46cce1,0%,1,0,1,0,0,1,0
0x46a02d,0%,1,0,1,0,0,1,0
0x41513f,99.9306%,1,1439,1440,1439,1,0,0
0x471b1a,0%,1,0,1,0,1,0,0
0x47ca10,0%,1,0,1,0,1,0,0
0x46a1f7,0%,1,0,1,0,0,1,0
0x46a25f,0%,1,0,1,0,1,0,0
0x46aa8b,0%,1,0,1,0,1,0,0
0x46b07d,0%,1,0,1,0,0,1,0
0x46cf1f,0%,1,0,1,0,1,0,0
0x46c3d3,0%,1,0,1,0,1,0,0
0x46b309,0%,1,0,1,0,1,0,0
0x440d61,75%,1,3,4,3,1,0,0
0x46a92c,0%,1,0,1,0,1,0,0
0x4418cb,97.7778%,1,44,45,44,0,1,0
0x484a45,0%,1,0,1,0,0,1,0
0x438ae7,99.9087%,1,1094,1095,0,0,1,1094
0x44125c,0%,1,0,1,0,0,1,0
0x441594,0%,1,0,1,0,1,0,0
0x453988,0%,1,0,1,0,1,0,0
0x470024,0%,1,0,1,0,1,0,0
0x453aef,0%,1,0,1,0,1,0,0
0x453b72,0%,1,0,1,0,0,1,0
0x453117,0%,1,0,1,0,1,0,0
0x4c97a9,99.1803%,1,121,122,0,0,1,121
0x428450,94.4444%,1,17,18,0,0,1,17
0x47cd58,50%,1,1,2,0,0,1,1
0x453ab8,0%,1,0,1,0,0,1,0
0x441702,0%,1,0,1,0,1,0,0
0x46dcef,0%,1,0,1,0,1,0,0
0x46c192,0%,1,0,1,0,1,0,0
0x4859a3,50%,1,1,2,0,0,1,1
0x46db18,0%,1,0,1,0,0,1,0
0x413871,0%,1,0,1,0,1,0,0
0x44485c,99.9621%,1,2635,2636,2635,0,1,0
0x445838,99.8464%,1,650,651,0,0,1,650
0x43ee2a,96.9697%,1,32,33,32,0,1,0
0x4574e9,0%,1,0,1,0,1,0,0
0x440159,0%,1,0,1,0,0,1,0
0x4459a9,0%,1,0,1,0,1,0,0
0x46a208,0%,1,0,1,0,1,0,0
0x413bd7,99.9208%,1,1262,1263,0,0,1,1262
0x46d300,0%,1,0,1,0,1,0,0
0x4bdad5,96.875%,1,31,32,0,0,1,31
0x414520,99.9306%,1,1439,1440,1439,1,0,0
0x453be6,0%,1,0,1,0,1,0,0
0x413bf8,99.9255%,1,1342,1343,0,0,1,1342
0x438ace,100%,0,1095,1095,0,0,0,1095
0x44b54d,100%,0,6367,6367,6367,0,0,0
0x44589b,100%,0,592,592,0,0,0,592
0x4029a0,100%,0,75410,75410,0,0,0,75410
0x452d1c,100%,0,1,1,0,0,0,1
0x438adb,100%,0,1095,1095,0,0,0,1095
0x43ff7f,100%,0,4,4,4,0,0,0
0x452cec,100%,0,1,1,0,0,0,1
0x4414cf,100%,0,1,1,0,0,0,1
0x4353b9,100%,0,1095,1095,1095,0,0,0
0x415042,100%,0,1440,1440,1440,0,0,0
0x452a21,100%,0,1,1,1,0,0,0
0x46cea8,100%,0,1,1,0,0,0,1
0x4352a7,100%,0,1095,1095,0,0,0,1095
0x46a5d5,100%,0,1,1,1,0,0,0
0x453da0,100%,0,1,1,0,0,0,1
0x43fe52,100%,0,7,7,0,0,0,7
0x441791,100%,0,1,1,0,0,0,1
0x44558a,100%,0,1485,1485,0,0,0,1485
0x444514,100%,0,2636,2636,0,0,0,2636
0x438d8c,100%,0,1095,1095,1095,0,0,0
0x46ca43,100%,0,1,1,0,0,0,1
0x471efa,100%,0,18,18,0,0,0,18
0x441326,100%,0,1,1,1,0,0,0
0x43edb1,100%,0,32,32,0,0,0,32
0x4449d7,100%,0,5272,5272,64,0,0,5208
0x413bc0,100%,0,1343,1343,0,0,0,1343
0x404ca7,100%,0,9179,9179,9179,0,0,0
0x43942d,100%,0,1095,1095,0,0,0,1095
0x435406,100%,0,1095,1095,0,0,0,1095
0x45f977,100%,0,1014,1014,0,0,0,1014
0x4414d9,100%,0,1,1,1,0,0,0
0x413c3f,100%,0,1262,1262,0,0,0,1262
0x445833,100%,0,651,651,0,0,0,651
0x46e198,100%,0,19,19,0,0,0,19
0x469ed1,100%,0,1,1,1,0,0,0
0x46b3a8,100%,0,1,1,0,0,0,1
0x429888,100%,0,2000,2000,0,0,0,2000
0x4412ed,100%,0,3,3,3,0,0,0
0x444bb7,100%,0,770,770,770,0,0,0
0x46b46c,100%,0,1,1,0,0,0,1
0x4726d5,100%,0,1,1,0,0,0,1
0x4338b2,100%,0,1440,1440,1440,0,0,0
0x46b7ca,100%,0,1,1,1,0,0,0
0x41377a,100%,0,1,1,0,0,0,1
0x47267d,100%,0,1,1,0,0,0,1
0x440e38,100%,0,1,1,1,0,0,0
0x4410cc,100%,0,1,1,0,0,0,1
0x42a56f,100%,0,6,6,6,0,0,0
0x41a688,100%,0,1,1,0,0,0,1
0x453b3f,100%,0,1,1,0,0,0,1
0x46a2d0,100%,0,1,1,0,0,0,1
0x42bd95,100%,0,1095,1095,0,0,0,1095
0x41e898,100%,0,10,10,10,0,0,0
0x46b547,100%,0,1,1,1,0,0,0
0x46ce66,100%,0,1,1,0,0,0,1
0x415504,100%,0,1359,1359,1359,0,0,0
0x43feb6,100%,0,7,7,0,0,0,7
0x46a0a2,100%,0,3,3,0,0,0,3
0x40297d,100%,0,75410,75410,0,0,0,75410
0x445ed6,100%,0,1095,1095,0,0,0,1095
0x4574dc,100%,0,1,1,1,0,0,0
0x416e79,100%,0,3,3,0,0,0,3
0x46ffe1,100%,0,1,1,0,0,0,1
0x441561,100%,0,1,1,0,0,0,1
0x46b8a2,100%,0,1,1,1,0,0,0
0x453b4c,100%,0,1,1,0,0,0,1
0x46b3f4,100%,0,1,1,0,0,0,1
0x46123c,100%,0,81,81,0,0,0,81
0x401a30,100%,0,389,389,0,0,0,389
0x4278c7,100%,0,82,82,0,0,0,82
0x469f2b,100%,0,1,1,0,0,0,1
0x406007,100%,0,17,17,0,0,0,17
0x46ce18,100%,0,1,1,1,0,0,0
0x401b9e,100%,0,6224,6224,0,0,0,6224
0x401b77,100%,0,6224,6224,0,0,0,6224
0x46e561,100%,0,1440,1440,0,0,0,1440
0x401afc,100%,0,6224,6224,0,0,0,6224
0x471eca,100%,0,18,18,0,0,0,18
0x44afb7,100%,0,6367,6367,0,0,0,6367
0x47ca06,100%,0,1,1,0,0,0,1
0x4138a8,100%,0,1,1,0,0,0,1
0x42a3a6,100%,0,814,814,0,0,0,814
0x461d03,100%,0,814,814,0,0,0,814
0x405f63,100%,0,17,17,0,0,0,17
0x463c80,100%,0,81,81,81,0,0,0
0x4442e5,100%,0,2493,2493,0,0,0,2493
0x45eff4,100%,0,1014,1014,0,0,0,1014
0x46ded6,100%,0,1,1,1,0,0,0
0x471baf,100%,0,1,1,0,0,0,1
0x416fa3,100%,0,51,51,51,0,0,0
0x403f48,100%,0,3407,3407,0,0,0,3407
0x416922,100%,0,17,17,0,0,0,17
0x4291ae,100%,0,800,800,0,0,0,800
0x46e651,100%,0,81,81,81,0,0,0
0x4351d1,100%,0,1095,1095,1095,0,0,0
0x445402,100%,0,33,33,0,0,0,33
0x44003b,100%,0,1,1,0,0,0,1
0x4287b6,100%,0,1149,1149,0,0,0,1149
0x42a40b,100%,0,2,2,0,0,0,2
0x471f01,100%,0,18,18,0,0,0,18
0x4410ea,100%,0,1,1,0,0,0,1
0x471dd2,100%,0,18,18,0,0,0,18
0x471dc7,100%,0,18,18,0,0,0,18
0x453ab4,100%,0,1,1,0,0,0,1
0x485a0c,100%,0,2,2,2,0,0,0
0x47cdc8,100%,0,2,2,0,0,0,2
0x414516,100%,0,1440,1440,0,0,0,1440
0x453b7e,100%,0,1,1,1,0,0,0
0x46a13e,100%,0,1,1,1,0,0,0
0x46ddde,100%,0,1,1,1,0,0,0
0x403439,100%,0,2046,2046,0,0,0,2046
0x40602a,100%,0,17,17,17,0,0,0
0x45e15c,100%,0,1440,1440,1440,0,0,0
0x41776b,100%,0,17,17,0,0,0,17
0x484a4b,100%,0,1,1,0,0,0,1
0x46ffcc,100%,0,1,1,0,0,0,1
0x46c705,100%,0,1,1,0,0,0,1
0x4846f2,100%,0,1,1,1,0,0,0
0x484a83,100%,0,1,1,0,0,0,1
0x445e7b,100%,0,20894,20894,15622,0,0,5272
0x426fae,100%,0,79,79,79,0,0,0
0x404da7,100%,0,17,17,0,0,0,17
0x404ec7,100%,0,272,272,0,0,0,272
0x413ecb,100%,0,1422,1422,0,0,0,1422
0x413e59,100%,0,1422,1422,0,0,0,1422
0x46b4b0,100%,0,1,1,0,0,0,1
0x4129bf,100%,0,1014,1014,0,0,0,1014
0x4155f9,100%,0,1440,1440,0,0,0,1440
0x4129a9,100%,0,1014,1014,0,0,0,1014
0x44a8eb,100%,0,7462,7462,7462,0,0,0
0x416f5a,100%,0,3,3,3,0,0,0
0x441450,100%,0,1,1,0,0,0,1
0x46e5a5,100%,0,1440,1440,0,0,0,1440
0x45e546,100%,0,1014,1014,0,0,0,1014
0x4442f8,100%,0,143,143,0,0,0,143
0x456bc9,100%,0,1,1,0,0,0,1
0x405631,100%,0,272,272,272,0,0,0
0x46ccd3,100%,0,1,1,0,0,0,1
0x444991,100%,0,5272,5272,0,0,0,5272
0x445156,100%,0,2637,2637,0,0,0,2637
0x44b48f,100%,0,5272,5272,5272,0,0,0
0x47001f,100%,0,1,1,0,0,0,1
0x471bd1,100%,0,1,1,1,0,0,0
0x46c55e,100%,0,1,1,1,0,0,0
0x453496,100%,0,1,1,1,0,0,0
0x46c461,100%,0,1,1,1,0,0,0
0x445162,100%,0,2637,2637,0,0,0,2637
0x44bc2a,100%,0,1095,1095,0,0,0,1095
0x452e5f,100%,0,1,1,1,0,0,0
0x44465e,100%,0,2636,2636,2636,0,0,0
0x46c2f0,100%,0,1,1,1,0,0,0
0x452d04,100%,0,1,1,1,0,0,0
0x41388e,100%,0,1,1,0,0,0,1
0x444b83,100%,0,2637,2637,0,0,0,2637
0x46dea9,100%,0,1,1,0,0,0,1
0x445d0f,100%,0,5272,5272,0,0,0,5272
0x4449ed,100%,0,5272,5272,5272,0,0,0
0x41a666,100%,0,1,1,0,0,0,1
0x46d239,100%,0,1,1,0,0,0,1
0x46a1d6,100%,0,1,1,1,0,0,0
0x46d46d,100%,0,1,1,1,0,0,0
0x46d44b,100%,0,1,1,0,0,0,1
0x444d81,100%,0,2637,2637,2637,0,0,0
0x471cb2,100%,0,1,1,0,0,0,1
0x402d24,100%,0,29474,29474,29474,0,0,0
0x47261d,100%,0,1,1,0,0,0,1
0x46d2ac,100%,0,1,1,1,0,0,0
0x46d24d,100%,0,1,1,0,0,0,1
0x413707,100%,0,1,1,0,0,0,1
0x41378b,100%,0,1,1,0,0,0,1
0x4411f9,100%,0,1,1,0,0,0,1
0x46cd43,100%,0,1,1,1,0,0,0
0x46ca9d,100%,0,1,1,1,0,0,0
0x47cd46,100%,0,2,2,0,0,0,2
0x46ca69,100%,0,1,1,1,0,0,0
0x440e91,100%,0,1,1,0,0,0,1
0x46d249,100%,0,1,1,0,0,0,1
0x46b4a2,100%,0,1,1,0,0,0,1
0x453e7b,100%,0,1,1,1,0,0,0
0x46b4f9,100%,0,1,1,0,0,0,1
0x46b6f6,100%,0,1,1,0,0,0,1
0x4444f2,100%,0,2636,2636,2636,0,0,0
0x46b6de,100%,0,1,1,0,0,0,1
0x453fce,100%,0,1,1,1,0,0,0
0x44afd1,100%,0,6367,6367,0,0,0,6367
0x441004,100%,0,1,1,1,0,0,0
0x46b639,100%,0,1,1,1,0,0,0
0x471b14,100%,0,1,1,0,0,0,1
0x44affd,100%,0,5272,5272,5272,0,0,0
0x46b3d4,100%,0,1,1,0,0,0,1
0x43c954,100%,0,1014,1014,0,0,0,1014
0x46b2f1,100%,0,1,1,0,0,0,1
0x452ecc,100%,0,1,1,0,0,0,1
0x45fe80,100%,0,2,2,0,0,0,2
0x440e17,100%,0,1,1,0,0,0,1
0x46b2c1,100%,0,1,1,0,0,0,1
0x44b24c,100%,0,6367,6367,0,0,0,6367
0x46b7f8,100%,0,1,1,0,0,0,1
0x444b75,100%,0,5273,5273,2636,0,0,2637
0x413702,100%,0,1,1,0,0,0,1
0x4136a6,100%,0,1,1,0,0,0,1
0x44afc4,100%,0,6367,6367,0,0,0,6367
0x445c2c,100%,0,5272,5272,0,0,0,5272
0x4410e1,100%,0,1,1,0,0,0,1
0x444355,100%,0,2636,2636,2636,0,0,0
0x404ca2,100%,0,9179,9179,0,0,0,9179
0x46b848,100%,0,1,1,0,0,0,1
0x46cc79,100%,0,1,1,0,0,0,1
0x453ce3,100%,0,1,1,0,0,0,1
0x46b7c0,100%,0,1,1,0,0,0,1
0x44492c,100%,0,5272,5272,0,0,0,5272
0x445a03,100%,0,3600,3600,0,0,0,3600
0x46b88b,100%,0,1,1,1,0,0,0
0x433199,100%,0,1440,1440,1440,0,0,0
0x44acbb,100%,0,6367,6367,0,0,0,6367
0x471c40,100%,0,1,1,0,0,0,1
0x44aeed,100%,0,7462,7462,7462,0,0,0
0x440ddc,100%,0,3,3,0,0,0,3
0x404008,100%,0,27256,27256,23849,0,0,3407
0x440179,100%,0,41,41,0,0,0,41
0x404f83,100%,0,272,272,0,0,0,272
0x46cf5c,100%,0,1,1,1,0,0,0
0x402844,100%,0,30120,30120,0,0,0,30120
0x40283b,100%,0,30120,30120,0,0,0,30120
0x44afde,100%,0,6367,6367,0,0,0,6367
0x402a52,100%,0,205016,205016,0,0,0,205016
0x433131,100%,0,1440,1440,0,0,0,1440
0x43ed7e,100%,0,32,32,32,0,0,0
0x440dfb,100%,0,1,1,1,0,0,0
0x44b0b9,100%,0,6367,6367,6367,0,0,0
0x415183,100%,0,1359,1359,1359,0,0,0
0x44004d,100%,0,1,1,0,0,0,1
0x471f65,100%,0,17,17,0,0,0,17
0x4416f4,100%,0,1,1,0,0,0,1
0x444b9c,100%,0,1966,1966,1867,0,0,99
0x44ac8b,100%,0,7462,7462,6367,0,0,1095
0x445995,100%,0,1,1,0,0,0,1
0x4028fc,100%,0,75410,75410,0,0,0,75410
0x47cd41,100%,0,2,2,0,0,0,2
0x44ac6d,100%,0,394,394,0,0,0,394
0x440ff2,100%,0,1,1,1,0,0,0
0x4129b6,100%,0,1014,1014,0,0,0,1014
0x44b300,100%,0,6367,6367,6367,0,0,0
0x44b6e5,100%,0,5272,5272,5272,0,0,0
0x440eb9,100%,0,1,1,0,0,0,1
0x405216,100%,0,272,272,0,0,0,272
0x4442d3,100%,0,2524,2524,31,0,0,2493
0x4332a3,100%,0,1440,1440,0,0,0,1440
0x4461e7,100%,0,6367,6367,0,0,0,6367
0x440e84,100%,0,1,1,0,0,0,1
0x471dbf,100%,0,18,18,0,0,0,18
0x453bd5,100%,0,1,1,0,0,0,1
0x45ff3b,100%,0,2,2,0,0,0,2
0x414e00,100%,0,1359,1359,0,0,0,1359
0x46a2b2,100%,0,1,1,0,0,0,1
0x453c2b,100%,0,1,1,0,0,0,1
0x46c8ea,100%,0,1,1,1,0,0,0
0x44aa89,100%,0,6367,6367,0,0,0,6367
0x4c96c9,100%,0,27657,27657,0,0,0,27657
0x445797,100%,0,607,607,0,0,0,607
0x4291c3,100%,0,800,800,0,0,0,800
0x413f81,100%,0,1440,1440,0,0,0,1440
0x46e8f0,100%,0,1440,1440,1440,0,0,0
0x46dc90,100%,0,1,1,0,0,0,1
0x435275,100%,0,1095,1095,0,0,0,1095
0x452f9d,100%,0,1,1,1,0,0,0
0x46d8b7,100%,0,1,1,1,0,0,0
0x44016b,100%,0,1,1,0,0,0,1
0x441112,100%,0,1,1,0,0,0,1
0x4450f7,100%,0,2637,2637,0,0,0,2637
0x46d7fa,100%,0,1,1,0,0,0,1
0x413892,100%,0,1,1,0,0,0,1
0x471d75,100%,0,19,19,0,0,0,19
0x41a636,100%,0,9,9,0,0,0,9
0x46d420,100%,0,1,1,0,0,0,1
0x43c94b,100%,0,1014,1014,0,0,0,1014
0x4135de,100%,0,1,1,0,0,0,1
0x40d805,100%,0,459800,459800,402325,0,0,57475
0x43320c,100%,0,1440,1440,0,0,0,1440
0x44af2e,100%,0,7462,7462,0,0,0,7462
0x44ad5e,100%,0,6367,6367,6367,0,0,0
0x46ca3a,100%,0,1,1,0,0,0,1
0x4726a5,100%,0,1,1,0,0,0,1
0x45299e,100%,0,1,1,1,0,0,0
0x44002b,100%,0,1,1,0,0,0,1
0x484a89,100%,0,1,1,0,0,0,1
0x44b7a2,100%,0,6368,6368,6368,0,0,0
0x453e42,100%,0,1,1,1,0,0,0
0x4407fc,100%,0,1,1,0,0,0,1
0x441168,100%,0,1,1,0,0,0,1
0x43ee59,100%,0,1,1,0,0,0,1
0x441182,100%,0,1,1,0,0,0,1
0x41e00e,100%,0,1,1,1,0,0,0
