Branch PC,Accuracy,Mispredictions,Correct Predictions,Total,dir_t_pred_t,dir_t_pred_nt,dir_nt_pred_t,dir_nt_pred_nt
aggregate,98.0911%,131984,6782333,6914317,3953851,60430,71554,2828482
0x41e591,83.053%,10117,49581,59698,40628,3520,6597,8953
0x41e5cf,89.6646%,6170,53528,59698,53240,829,5341,288
0x403b2e,91.9608%,4893,55971,60864,52621,635,4258,3350
0x429c82,90.9033%,4418,44149,48567,4743,2723,1695,39406
0x429c2f,90.9671%,4387,44180,48567,4854,2756,1631,39326
0x429be2,93.2017%,4024,55167,59191,4250,2437,1587,50917
0x429b8e,82.5633%,3608,17084,20692,2875,2271,1337,14209
0x463a56,69.3275%,3439,7773,11212,1531,2172,1267,6242
0x45ed2a,79.6608%,2854,11178,14032,9822,845,2009,1356
0x429bfc,94.7604%,2751,49753,52504,2154,1783,968,47599
0x429dc2,87.7666%,2707,19421,22128,3798,1536,1171,15623
0x429ab4,85.9133%,2619,15973,18592,1996,1732,887,13977
0x445f99,80.6977%,2523,10548,13071,3365,1515,1008,7183
0x402ac0,97.3711%,2346,86894,89240,83621,50,2296,3273
0x429bc6,96.7065%,2048,60136,62184,1676,1317,731,58460
0x463c2c,74.1279%,1958,5610,7568,2272,947,1011,3338
0x463b73,75.2114%,1876,5692,7568,4755,684,1192,937
0x429aeb,89.9495%,1711,15313,17024,12377,391,1320,2936
0x463702,62.5122%,1534,2558,4092,321,1046,488,2237
0x429a26,96.9619%,1504,48000,49504,680,1042,462,47320
0x446034,89.3887%,1387,11684,13071,11353,154,1233,331
0x463a91,81.7153%,1373,6136,7509,3629,661,712,2507
0x446639,65.782%,1328,2553,3881,729,814,514,1824
0x429ac2,91.2271%,1304,13560,14864,13154,322,982,406
0x427c15,86.6958%,1280,8341,9621,1896,1032,248,6445
0x41e67e,86.3353%,1163,7348,8511,7313,123,1040,35
0x45edad,92.1964%,1095,12937,14032,10223,301,794,2714
0x43a53a,75.6851%,1047,3259,4306,1629,373,674,1630
0x463bb5,64.8307%,1028,1895,2923,1573,329,699,322
0x4636c8,89.375%,1020,8580,9600,5002,506,514,3578
0x426cce,50%,923,923,1846,597,407,516,326
0x426ca7,50.1083%,921,925,1846,501,443,478,424
0x429a46,98.1416%,920,48584,49504,36866,262,658,11718
0x426c80,50.4875%,914,932,1846,525,437,477,407
0x402828,93.5975%,884,12923,13807,7809,429,455,5114
0x429a34,98.219%,851,46931,47782,46406,225,626,525
0x426c57,54.0087%,849,997,1846,539,418,431,458
0x463b98,61.3434%,823,1306,2129,700,408,415,606
0x4279f5,75.9175%,794,2503,3297,278,543,251,2225
0x401cc6,94.1098%,753,12031,12784,11951,34,719,80
0x433027,68.6484%,733,1605,2338,1438,231,502,167
0x42a014,91.5128%,717,7731,8448,703,435,282,7028
0x4279ae,80.5693%,669,2774,3443,82,528,141,2692
0x463745,93.3438%,639,8961,9600,8945,55,584,16
0x4279e1,86.1835%,631,3936,4567,84,509,122,3852
0x463650,60.3954%,621,947,1568,609,273,348,338
0x42a125,93.4278%,612,8700,9312,8696,34,578,4
0x45f2a3,82.0536%,603,2757,3360,2432,222,381,325
0x44ac5d,62.2123%,591,973,1564,578,293,298,395
0x463da2,67.2249%,548,1124,1672,426,303,245,698
0x45faf4,91.7971%,524,5864,6388,5783,142,382,81
0x401a1b,71.3104%,451,1121,1572,527,246,205,594
0x45da5f,56.3655%,425,549,974,350,199,226,199
0x45d2a8,63.8021%,417,735,1152,448,196,221,287
0x463dec,60.2119%,413,625,1038,565,146,267,60
0x4634d7,80.857%,411,1736,2147,1714,74,337,22
0x42a031,94.5144%,401,6909,7310,515,256,145,6394
0x428f02,80.5392%,397,1643,2040,1159,190,207,484
0x4482a9,74.7442%,395,1169,1564,787,135,260,382
0x446186,74.8082%,394,1170,1564,719,198,196,451
0x428700,81.0445%,392,1676,2068,1168,187,205,508
0x45ef35,88.8826%,390,3118,3508,808,218,172,2310
0x4279e5,90.2114%,389,3585,3974,2484,115,274,1101
0x427bb5,80.1128%,388,1563,1951,581,210,178,982
0x463db7,60.1273%,376,567,943,239,185,191,328
0x46349a,55.0617%,364,446,810,283,168,196,163
0x429e05,97.86%,357,16325,16682,93,288,69,16232
0x45fb49,94.3369%,351,5847,6198,5759,79,272,88
0x44b95b,67.6796%,351,735,1086,185,225,126,550
0x427a07,86.1874%,342,2134,2476,1799,123,219,335
0x463754,58.2716%,338,472,810,126,198,140,346
0x45fbaa,94.6333%,322,5678,6000,5640,57,265,38
0x463415,70.0855%,315,738,1053,480,115,200,258
0x46334e,63.1079%,311,532,843,426,140,171,106
0x42aaf4,80.75%,308,1292,1600,210,166,142,1082
0x429985,99.3459%,305,46326,46631,554,246,59,45772
0x44605b,80.6266%,303,1261,1564,326,217,86,935
0x463477,63.5802%,295,515,810,72,201,94,443
0x46336c,65.4804%,291,552,843,385,126,165,167
0x45efeb,91.7332%,290,3218,3508,2428,203,87,790
0x4299e6,99.3605%,290,45055,45345,686,219,71,44369
0x42a0d2,96.0465%,289,7021,7310,377,186,103,6644
0x45fd61,88.8759%,286,2285,2571,2161,96,190,124
0x45ed6b,91.5899%,283,3082,3365,765,217,66,2317
0x42a755,91.2275%,283,2943,3226,283,158,125,2660
0x42a547,85.6633%,281,1679,1960,1157,130,151,522
0x429e21,98.2823%,280,16021,16301,37,234,46,15984
0x404f3c,99.9569%,278,645018,645296,644799,1,277,219
0x4290da,87.9195%,270,1965,2235,1498,131,139,467
0x427bf2,89.9851%,269,2417,2686,15,235,34,2402
0x41e741,58.1505%,267,371,638,231,119,148,140
0x4289da,88.1879%,264,1971,2235,1510,127,137,461
0x405189,99.6739%,262,80090,80352,79856,0,262,234
0x429d35,99.5915%,254,61930,62184,46484,154,100,15446
0x45f036,54.0835%,253,298,551,178,107,146,120
0x42a54c,62.7043%,251,422,673,202,128,123,220
0x426d24,94.2156%,250,4072,4322,1524,133,117,2548
0x45fbfc,95.7436%,249,5601,5850,5571,42,207,30
0x429eb7,98.52%,247,16442,16689,223,151,96,16219
0x42a77f,91.526%,236,2549,2785,210,140,96,2339
0x45f2f8,93.1548%,230,3130,3360,3130,20,210,0
0x45f00c,58.4392%,229,322,551,225,86,143,97
0x43c33f,72.7273%,228,608,836,306,113,115,302
0x429ed7,98.627%,224,16091,16315,113,164,60,15978
0x427b51,73.5618%,216,601,817,10,171,45,591
0x43a589,80.3128%,214,873,1087,810,65,149,63
0x41560a,91.1035%,208,2130,2338,679,112,96,1451
0x429c34,99.4946%,207,40750,40957,2094,109,98,38656
0x429fec,97.789%,202,8934,9136,302,129,73,8632
0x45d759,91.6805%,201,2215,2416,2211,12,189,4
0x45f064,63.5209%,201,350,551,198,93,108,152
0x4291cb,91.0962%,199,2036,2235,1444,104,95,592
0x45d341,61.0236%,198,310,508,261,83,115,49
0x45fc3a,96.5734%,196,5524,5720,4406,16,180,1118
0x463798,59.8765%,195,291,486,47,141,54,244
0x428da3,91.7241%,192,2128,2320,1980,60,132,148
0x429856,95.8482%,186,4294,4480,3910,10,176,384
0x413c34,91.7003%,185,2044,2229,53,127,58,1991
0x42869e,92.1941%,185,2185,2370,83,127,58,2102
0x428ab6,91.7673%,184,2051,2235,1492,68,116,559
0x41511d,92.13%,184,2154,2338,80,130,54,2074
0x45d1f1,79.1572%,183,695,878,198,104,79,497
0x4340a0,81.0273%,181,773,954,406,71,110,367
0x428c9f,92.17%,175,2060,2235,1526,112,63,534
0x41e724,61.5044%,174,278,452,60,104,70,218
0x429a06,99.6085%,174,44266,44440,312,136,38,43954
0x413b39,92.3384%,173,2085,2258,56,124,49,2029
0x42897a,92.7917%,173,2227,2400,49,116,57,2178
0x427b5d,73.2704%,170,466,636,8,137,33,458
0x42a620,76.3966%,169,547,716,130,92,77,417
0x427be6,94.1487%,166,2671,2837,17,134,32,2654
0x463dbd,68.4008%,164,355,519,106,86,78,249
0x42799e,95.4975%,162,3436,3598,1,154,8,3435
0x41e79e,70.8333%,161,391,552,98,92,69,293
0x413bcc,92.9565%,157,2072,2229,80,100,57,1992
0x434e92,78.3448%,157,568,725,40,107,50,528
0x45f095,71.6878%,156,395,551,234,61,95,161
0x45d7c0,93.6258%,154,2262,2416,1773,39,115,489
0x4293c3,93.2438%,151,2084,2235,1531,98,53,553
0x4482ae,76.7913%,149,493,642,65,100,49,428
0x460e13,64.8585%,149,275,424,46,87,62,229
0x45effd,83.1243%,148,729,877,244,82,66,485
0x40d054,99.9218%,146,186638,186784,175060,50,96,11578
0x45d940,85.7422%,146,878,1024,795,51,95,83
0x45f2d2,79.6034%,144,562,706,412,73,71,150
0x429f3a,99.3492%,144,21984,22128,16515,81,63,5469
0x42a00a,98.3458%,144,8561,8705,161,96,48,8400
0x429fc7,98.5073%,139,9173,9312,65,111,28,9108
0x46e32e,94.095%,138,2199,2337,1146,65,73,1053
0x44a9d7,91.3043%,136,1428,1564,229,62,74,1199
0x460d6e,76.6436%,135,443,578,77,68,67,366
0x45dc08,77.2496%,134,455,589,290,68,66,165
0x4298e5,97.2475%,133,4699,4832,4222,6,127,477
0x463263,87.3694%,133,920,1053,112,98,35,808
0x429c94,99.6764%,133,40968,41101,2095,74,59,38873
0x463809,73.0453%,131,355,486,75,79,52,280
0x42a551,62.0991%,130,213,343,70,71,59,143
0x45d1c4,85.1936%,130,748,878,16,102,28,732
0x4638a7,64.9457%,129,239,368,219,44,85,20
0x429a78,99.0727%,124,13248,13372,151,105,19,13097
0x4299c7,99.7311%,123,45615,45738,285,108,15,45330
0x46e5bd,94.8674%,120,2218,2338,1473,92,28,745
0x429d4f,99.4201%,120,20572,20692,15457,62,58,5115
0x429de5,99.2855%,120,16674,16794,3,109,11,16671
0x4634f2,85.4321%,118,692,810,559,41,77,133
0x46188f,83.6592%,117,599,716,250,63,54,349
0x4278b5,68.8172%,116,256,372,168,55,61,88
0x42a62b,77.3279%,112,382,494,21,77,35,361
0x463692,92.9209%,111,1457,1568,1457,13,98,0
0x434e9b,81.1419%,109,469,578,11,87,22,458
0x438406,74.2243%,108,311,419,282,36,72,29
0x461ceb,85.1955%,106,610,716,299,59,47,311
0x42a3ee,87.4402%,105,731,836,711,21,84,20
0x445f60,99.2043%,104,12967,13071,11484,23,81,1483
0x42a833,70.2857%,104,246,350,61,54,50,185
0x41e834,81.5217%,102,450,552,16,84,18,434
0x45f96d,90.1354%,102,932,1034,497,71,31,435
0x4152f6,93.9301%,99,1532,1631,22,81,18,1510
0x429e92,99.4165%,98,16696,16794,22,83,15,16674
0x4152f0,95.4417%,97,2031,2128,439,58,39,1592
0x4c9772,99.4162%,95,16177,16272,12703,17,78,3474
0x45fb19,79.6976%,94,369,463,121,69,25,248
0x42ab02,92.3203%,94,1130,1224,967,45,49,163
0x460df8,78.7671%,93,345,438,49,64,29,296
0x42a556,53.9604%,93,109,202,103,27,66,6
0x45ddc3,78.3848%,91,330,421,134,56,35,196
0x4278d0,78.5203%,90,329,419,169,61,29,160
0x42797e,97.6004%,89,3620,3709,0,86,3,3620
0x4129b6,96.4659%,88,2402,2490,618,44,44,1784
0x427916,82.9787%,88,429,517,4,76,12,425
0x45f97b,81.3305%,87,379,466,368,15,72,11
0x427bda,97.097%,85,2843,2928,17,74,11,2826
0x41b2f6,99.6499%,82,23342,23424,17528,40,42,5814
0x45dcf3,80.9859%,81,345,426,86,45,36,259
0x4286a9,96.2963%,80,2080,2160,31,61,19,2049
0x45fb71,77.7778%,80,280,360,131,31,49,149
0x463450,90.2469%,79,731,810,571,29,50,160
0x45fbcf,74.2574%,78,225,303,104,46,32,121
0x460e48,81.5603%,78,345,423,338,20,58,7
0x415337,96.7494%,76,2262,2338,566,29,47,1696
0x463605,65.2381%,73,137,210,64,48,25,73
0x40fd91,99.9811%,73,385687,385760,289301,19,54,96386
0x4299a1,99.8407%,73,45758,45831,31,51,22,45727
0x463428,84.2795%,72,386,458,208,35,37,178
0x45fc21,69.6203%,72,165,237,86,44,28,79
0x463d02,66.1905%,71,139,210,7,49,22,132
0x45db5e,93.2617%,69,955,1024,493,19,50,462
0x4383fd,85.7442%,68,409,477,2,56,12,407
0x439d28,85.9539%,67,410,477,62,57,10,348
0x460e1e,85.8947%,67,408,475,405,18,49,3
0x45d85d,96.0119%,67,1613,1680,1613,9,58,0
0x463ae2,99.0754%,64,6858,6922,6858,5,59,0
0x463845,87.037%,63,423,486,418,22,41,5
0x434eb7,86.875%,63,417,480,2,56,7,415
0x427923,85.5835%,63,374,437,201,26,37,173
0x405608,99.8482%,61,40115,40176,39679,1,60,436
0x40e51e,99.93%,61,87059,87120,81655,20,41,5404
0x40f74f,99.7131%,59,20509,20568,17970,27,32,2539
0x4613df,72.381%,58,152,210,47,39,19,105
0x4638e2,84.2391%,58,310,368,309,13,45,1
0x434ec0,86.4929%,57,365,422,364,7,50,1
0x45f968,94.761%,57,1031,1088,4,50,7,1027
0x45fdaf,82.4841%,55,259,314,6,42,13,253
0x45fcb0,80.5755%,54,224,278,181,13,41,43
0x429a91,99.5883%,54,13062,13116,35,44,10,13027
0x427b45,93.8444%,53,808,861,0,44,9,808
0x45d437,95.3993%,53,1099,1152,547,29,24,552
0x4278f2,89.5792%,52,447,499,1,37,15,446
0x4c9657,99.7872%,51,23910,23961,4545,32,19,19365
0x4064db,99.9087%,51,55789,55840,51060,18,33,4729
0x45d8b4,97.0238%,50,1630,1680,1251,9,41,379
0x414288,98.7598%,49,3902,3951,3728,14,35,174
0x429a5e,99.6438%,48,13428,13476,58,46,2,13370
0x43c801,86.5922%,48,310,358,1,44,4,309
0x416bc5,45.977%,47,40,87,32,26,21,8
0x42a844,59.1304%,47,68,115,68,8,39,0
0x45d94f,74.1573%,46,132,178,118,10,36,14
0x42907a,98.0833%,46,2354,2400,130,35,11,2224
0x42a71d,98.5741%,46,3180,3226,3004,24,22,176
0x4278fd,90.0217%,46,415,461,145,26,20,270
0x43de79,98.75%,45,3555,3600,3555,0,45,0
0x45f989,45.7831%,45,38,83,23,27,18,15
0x46e61d,97.8853%,45,2083,2128,1594,37,8,489
0x460e0e,90.2174%,45,415,460,0,36,9,415
0x44e6e6,98.75%,45,3555,3600,3555,0,45,0
0x41434f,98.861%,45,3906,3951,3900,0,45,6
0x461406,64.5161%,44,80,124,23,22,22,57
0x45d6d2,95.8008%,43,981,1024,393,27,16,588
0x414319,98.9117%,43,3908,3951,3738,5,38,170
0x46e34f,98.2036%,42,2296,2338,1116,21,21,1180
0x411724,99.9635%,42,115158,115200,107993,7,35,7165
0x460df3,91.1579%,42,433,475,0,37,5,433
0x43840f,59.4059%,41,60,101,44,15,26,16
0x434369,91.258%,41,428,469,427,6,35,1
0x42a8e5,98.7291%,41,3185,3226,1610,3,38,1575
0x4611d4,88.8268%,40,318,358,302,11,29,16
0x42a3f3,61.5385%,40,64,104,12,26,14,52
0x42bb5d,95.9119%,39,915,954,180,18,21,735
0x414b92,98.3319%,39,2299,2338,174,36,3,2125
0x43c80a,87.5399%,39,274,313,270,6,33,4
0x46e354,96.7527%,39,1162,1201,1044,9,30,118
0x40583b,99.9835%,38,230362,230400,230035,5,33,327
0x4129bf,97.9759%,37,1791,1828,1254,18,19,537
0x460bec,98.4175%,37,2301,2338,2301,7,30,0
0x41e61f,99.3573%,36,5565,5601,5565,6,30,0
0x4c9717,99.2135%,36,4541,4577,938,23,13,3603
0x4540cd,98.5458%,34,2304,2338,2304,4,30,0
0x429ad3,99.8171%,34,18558,18592,13929,15,19,4629
0x416dd4,86.3071%,33,208,241,149,2,31,59
0x45f302,84.2857%,33,177,210,78,20,13,99
0x46e619,98.5885%,33,2305,2338,178,32,1,2127
0x41e601,99.4138%,33,5596,5629,5596,5,28,0
0x42bb8c,97.89%,33,1531,1564,1084,3,30,447
0x4056c0,93.3468%,33,463,496,463,3,30,0
0x433a2d,98.0149%,32,1580,1612,461,16,16,1119
0x413bf3,98.5828%,32,2226,2258,0,29,3,2226
0x42947c,98.6667%,32,2368,2400,2368,2,30,0
0x45f88c,97.0561%,32,1055,1087,869,8,24,186
0x42a3fd,51.5152%,32,34,66,5,29,3,29
0x427b86,96.0809%,31,760,791,0,27,4,760
0x42796e,99.1696%,31,3702,3733,2,22,9,3700
0x4c9748,99.8225%,29,16307,16336,35,29,0,16272
0x434ef4,96%,29,696,725,597,13,16,99
0x433305,98.7596%,29,2309,2338,1,29,0,2308
0x427938,93.9262%,28,433,461,62,18,10,371
0x428fc0,98.6275%,28,2012,2040,1338,11,17,674
0x463bbb,98.7318%,27,2102,2129,1,27,0,2101
0x406370,99.9516%,27,55813,55840,20337,15,12,35476
0x413ecb,99.3077%,27,3873,3900,1578,14,13,2295
0x45d136,97.5161%,27,1060,1087,190,20,7,870
0x42798e,99.2824%,26,3597,3623,0,25,1,3597
0x428b7f,98.8814%,25,2210,2235,1547,13,12,663
0x4278a4,93.6709%,25,370,395,0,23,2,370
0x42a500,98.7755%,24,1936,1960,1913,5,19,23
0x40a62b,99.3478%,24,3656,3680,3205,15,9,451
0x42b3ae,71.9512%,23,59,82,56,13,10,3
0x42ab0a,89.6226%,22,190,212,72,10,12,118
0x413a95,99.0468%,22,2286,2308,193,17,5,2093
0x44665e,99.059%,22,2316,2338,0,21,1,2316
0x4117ac,99.9618%,22,57578,57600,50397,3,19,7181
0x439937,99.0549%,21,2201,2222,1127,8,13,1074
0x42a378,97.6077%,20,816,836,802,11,9,14
0x46e18e,99.1446%,20,2318,2338,2300,8,12,18
0x42a8fe,98.7601%,20,1593,1613,1581,19,1,12
0x416b38,78.1609%,19,68,87,68,19,0,0
0x413b8c,99.1585%,19,2239,2258,15,14,5,2224
0x4156b5,98.8213%,19,1593,1612,1134,3,16,459
0x427882,95.6522%,18,396,414,1,14,4,395
0x428aae,99.1946%,18,2217,2235,0,0,18,2217
0x428d41,99.25%,18,2382,2400,71,9,9,2311
0x42bb4d,98.8491%,18,1546,1564,608,2,16,938
0x429965,99.8943%,18,17006,17024,4648,0,18,12358
0x427871,95.9427%,17,402,419,0,5,12,402
0x429888,99.6482%,17,4815,4832,6,16,1,4809
0x413d32,99.2729%,17,2321,2338,2306,2,15,15
0x45f76e,91.6256%,17,186,203,89,16,1,97
0x46e567,99.2729%,17,2321,2338,2118,10,7,203
0x42989e,99.6674%,16,4794,4810,11,15,1,4783
0x402a19,99.9821%,16,89224,89240,2168,8,8,87056
0x4292a1,99.2841%,16,2219,2235,1542,6,10,677
0x413a4a,99.3157%,16,2322,2338,15,15,1,2307
0x4f34f5,50%,16,16,32,13,8,8,3
0x414b10,99.375%,15,2385,2400,16,14,1,2369
0x4bdb6c,50%,15,15,30,13,2,13,2
0x460cf9,98.5755%,15,1038,1053,577,1,14,461
0x4bdb59,50%,15,15,30,14,4,11,1
0x43a554,99.6749%,14,4292,4306,3214,5,9,1078
0x46e638,99.4012%,14,2324,2338,2128,0,14,196
0x403b0e,99.9971%,14,486898,486912,426045,3,11,60853
0x427893,96.4912%,14,385,399,0,4,10,385
0x42a4b8,58.8235%,14,20,34,8,12,2,12
0x460c0c,99.4012%,14,2324,2338,2250,8,6,74
0x427a33,99.6477%,14,3960,3974,812,9,5,3148
0x413aed,99.4012%,14,2324,2338,70,10,4,2254
0x4bdb49,53.3333%,14,16,30,1,9,5,15
0x4298b4,99.7074%,14,4770,4784,0,14,0,4770
0x411b3f,99.9007%,13,13085,13098,11456,4,9,1629
0x403b58,99.4139%,13,2205,2218,2205,13,0,0
0x43818a,97.2746%,13,464,477,464,13,0,0
0x46e594,99.3891%,13,2115,2128,790,1,12,1325
0x42bc0d,99.1688%,13,1551,1564,21,9,4,1530
0x4bdb44,59.375%,13,19,32,0,3,10,19
0x45fca5,99.4944%,13,2558,2571,2280,13,0,278
0x413ca0,99.444%,13,2325,2338,2253,5,8,72
0x4186af,96.5054%,13,359,372,276,6,7,83
0x45ff50,99.4847%,13,2510,2523,1265,8,5,1245
0x4156c1,97.4737%,12,463,475,419,4,8,44
0x4024e3,99.2238%,12,1534,1546,764,9,3,770
0x45d962,76%,12,38,50,3,6,6,35
0x4299bb,99.9738%,12,45737,45749,0,11,1,45737
0x4c9980,99.8252%,12,6852,6864,6852,9,3,0
0x41e86a,99.5289%,12,2535,2547,2535,1,11,0
0x429b06,99.718%,12,4244,4256,2125,3,9,2119
0x42bd95,99.2327%,12,1552,1564,72,5,7,1480
0x461216,73.3333%,12,33,45,33,12,0,0
0x45dd9f,96.2712%,11,284,295,0,5,6,284
0x404bce,99.8824%,11,9341,9352,4668,8,3,4673
0x401707,56%,11,14,25,12,8,3,2
0x429823,99.7537%,11,4456,4467,2,10,1,4454
0x40e59c,99.9874%,11,87109,87120,81669,6,5,5440
0x46e880,99.5295%,11,2327,2338,2123,5,6,204
0x44ac8b,99.5849%,11,2639,2650,1563,1,10,1076
0x434269,97.6939%,11,466,477,0,8,3,466
0x4c9788,99.7235%,10,3606,3616,2513,5,5,1093
0x46e954,99.5723%,10,2328,2338,2328,9,1,0
0x41442b,99.7469%,10,3941,3951,0,0,10,3941
0x4142bf,99.7469%,10,3941,3951,3783,8,2,158
0x461284,95.2381%,10,200,210,200,10,0,0
0x414441,99.7469%,10,3941,3951,3788,3,7,153
0x4245d7,99.9624%,10,26592,26602,26592,9,1,0
0x407ee5,99.8854%,10,8718,8728,7635,2,8,1083
0x41e6cc,99.0637%,10,1058,1068,1058,5,5,0
0x42bd4a,99.3606%,10,1554,1564,0,9,1,1554
0x42a3ab,98.8038%,10,826,836,826,10,0,0
0x44af3d,99.6604%,9,2641,2650,1564,0,9,1077
0x42794e,99.7597%,9,3737,3746,0,8,1,3737
0x43c357,98.9234%,9,827,836,624,2,7,203
0x4015fc,95%,9,171,180,171,8,1,0
0x471f2d,70%,9,21,30,0,0,9,21
0x4552a6,98%,9,441,450,441,8,1,0
0x428094,70%,9,21,30,21,9,0,0
0x437f49,98.1132%,9,468,477,468,9,0,0
0x42b376,89.0244%,9,73,82,73,9,0,0
0x41e6ae,99.1628%,9,1066,1075,1066,2,7,0
0x433aba,99.207%,9,1126,1135,1126,9,0,0
0x4a0bd7,18.1818%,9,2,11,2,9,0,0
0x4ac7d4,70%,9,21,30,0,0,9,21
0x41447d,99.7722%,9,3942,3951,3900,0,9,42
0x44a96e,99.6604%,9,2641,2650,1077,9,0,1564
0x414e0d,99.5771%,9,2119,2128,1538,9,0,581
0x42bc4f,99.4133%,9,1525,1534,1525,0,9,0
0x42b7d0,93.8462%,8,122,130,122,1,7,0
0x4245a3,99.9699%,8,26594,26602,26594,7,1,0
0x40625a,99.9857%,8,55832,55840,0,0,8,55832
0x42b54d,0%,8,0,8,0,0,8,0
0x43459c,98.3229%,8,469,477,0,0,8,469
0x45fdba,96.9925%,8,258,266,258,1,7,0
0x43a563,99.264%,8,1079,1087,610,0,8,469
0x460206,87.5%,8,56,64,56,7,1,0
0x43369f,99.504%,8,1605,1613,1605,8,0,0
0x433e78,99.1614%,8,946,954,946,8,0,0
0x46351d,96.1905%,8,202,210,1,6,2,201
0x4339c6,99.504%,8,1605,1613,1605,8,0,0
0x45f715,96.1905%,8,202,210,0,7,1,202
0x49c446,42.8571%,8,6,14,0,2,6,6
0x41459a,99.566%,7,1606,1613,1585,7,0,21
0x460e01,98.5263%,7,468,475,12,3,4,456
0x42b58b,12.5%,7,1,8,1,0,7,0
0x42795e,99.8127%,7,3731,3738,0,5,2,3731
0x45f852,0%,7,0,7,0,7,0,0
0x4297f8,99.8438%,7,4473,4480,2,5,2,4471
0x414120,99.7006%,7,2331,2338,2331,7,0,0
0x4bdb96,76.6667%,7,23,30,23,6,1,0
0x433770,99.566%,7,1606,1613,1606,7,0,0
0x44e538,99.8056%,7,3593,3600,3593,7,0,0
0x4bda62,99.6384%,7,1929,1936,962,6,1,967
0x44e69f,99.8056%,7,3593,3600,0,0,7,3593
0x428670,99.7083%,7,2393,2400,26,4,3,2367
0x4155d4,99.7434%,6,2332,2338,2128,0,6,204
0x45ecc0,99.9572%,6,14026,14032,14026,6,0,0
0x42aac6,99.625%,6,1594,1600,1594,6,0,0
0x45f9e1,99.695%,6,1961,1967,351,3,3,1610
0x437d44,98.7421%,6,471,477,0,0,6,471
0x433dca,99.3711%,6,948,954,0,0,6,948
0x42b3c4,53.8462%,6,7,13,0,5,1,7
0x404aed,99.8717%,6,4670,4676,0,0,6,4670
0x4170ec,62.5%,6,10,16,10,3,3,0
0x42bbee,99.6164%,6,1558,1564,0,6,0,1558
0x42a411,84.2105%,6,32,38,30,1,5,2
0x40e61c,99.9931%,6,87114,87120,81672,3,3,5442
0x4145cc,99.628%,6,1607,1613,1527,6,0,80
0x418c49,93.3333%,6,84,90,55,5,1,29
0x460cfe,98.7368%,6,469,475,469,6,0,0
0x49fa32,45.4545%,6,5,11,0,1,5,5
0x42bc2c,99.6089%,6,1528,1534,0,6,0,1528
0x40e6a0,99.9931%,6,87114,87120,81671,4,2,5443
0x414516,99.8481%,6,3945,3951,1607,6,0,2338
0x4279bf,99.7882%,6,2827,2833,0,0,6,2827
0x46f666,62.5%,6,10,16,10,5,1,0
0x428ee6,99.7059%,6,2034,2040,0,0,6,2034
0x4287be,99.7099%,6,2062,2068,1354,1,5,708
0x43de8a,86.6667%,6,39,45,39,5,1,0
0x42a40b,84.2105%,6,32,38,0,0,6,32
0x42a60d,99.1724%,6,719,725,3,6,0,716
0x42980d,99.8659%,6,4467,4473,1,5,1,4466
0x41789d,93.3333%,6,84,90,84,6,0,0
0x45d4f6,99.4141%,6,1018,1024,1018,6,0,0
0x44a8eb,99.8113%,5,2645,2650,2645,5,0,0
0x416931,83.3333%,5,25,30,0,0,5,25
0x4bde60,99.8573%,5,3498,3503,3498,4,1,0
0x44e4e5,99.8611%,5,3595,3600,3595,5,0,0
0x4f09b4,0%,5,0,5,0,5,0,0
0x4f103f,0%,5,0,5,0,0,5,0
0x4c97ba,99.4797%,5,956,961,0,3,2,956
0x4343ef,98.9518%,5,472,477,472,5,0,0
0x414520,99.7861%,5,2333,2338,724,1,4,1609
0x4a0fb0,0%,5,0,5,0,5,0,0
0x461387,97.619%,5,205,210,0,0,5,205
0x4125ef,99.6069%,5,1267,1272,1267,5,0,0
0x4149fb,99.845%,5,3221,3226,0,0,5,3221
0x413f33,99.7861%,5,2333,2338,2333,5,0,0
0x4a1631,61.5385%,5,8,13,8,4,1,0
0x41e6f3,0%,5,0,5,0,0,5,0
0x4c965c,99.9772%,5,21898,21903,14885,3,2,7013
0x4bdafe,95.935%,5,118,123,118,1,4,0
0x4335dc,99.7861%,5,2333,2338,3,2,3,2330
0x461120,98.6034%,5,353,358,353,5,0,0
0x471f65,83.3333%,5,25,30,0,0,5,25
0x414b4c,99.7917%,5,2395,2400,76,4,1,2319
0x4339a3,99.69%,5,1608,1613,0,0,5,1608
0x49c5f0,50%,5,5,10,5,5,0,0
0x46123c,99.1197%,5,563,568,0,0,5,563
0x4189a1,94.4444%,5,85,90,85,2,3,0
0x49f9fd,54.5455%,5,6,11,6,5,0,0
0x433f80,99.4759%,5,949,954,0,0,5,949
0x433b71,98.9518%,5,472,477,0,0,5,472
0x463467,97.619%,5,205,210,205,2,3,0
0x4381b9,98.9518%,5,472,477,472,5,0,0
0x49c4c6,54.5455%,5,6,11,6,5,0,0
0x42b3e0,37.5%,5,3,8,3,5,0,0
0x49c716,54.5455%,5,6,11,6,5,0,0
0x439d36,98.6034%,5,353,358,353,5,0,0
0x4062ba,99.991%,5,55835,55840,0,0,5,55835
0x4c9694,99.9772%,5,21898,21903,14885,4,1,7013
0x419c89,98.6111%,5,355,360,355,1,4,0
0x4332a3,99.7861%,5,2333,2338,1608,5,0,725
0x429284,99.7763%,5,2230,2235,0,0,5,2230
0x46f6c9,68.75%,5,11,16,11,4,1,0
0x42a56f,98.4848%,5,325,330,313,2,3,12
0x427b65,98.9817%,5,486,491,486,5,0,0
0x4540d7,83.3333%,5,25,30,25,5,0,0
0x4152e9,99.7861%,5,2333,2338,207,3,2,2126
0x4a1032,20%,4,1,5,0,0,4,1
0x42784f,99.0453%,4,415,419,0,0,4,415
0x4061cb,99.916%,4,4758,4762,0,0,4,4758
0x42ab84,96.9231%,4,126,130,126,4,0,0
0x42b7e5,42.8571%,4,3,7,3,1,3,0
0x439932,99.8288%,4,2333,2337,113,2,2,2220
0x415504,99.812%,4,2124,2128,581,0,4,1543
0x41e4c3,85.7143%,4,24,28,24,3,1,0
0x4288b3,98.6755%,4,298,302,0,0,4,298
0x418726,95.5556%,4,86,90,85,2,2,1
0x42b586,75%,4,12,16,8,0,4,4
0x45e56c,99.5439%,4,873,877,873,4,0,0
0x46e339,99.6448%,4,1122,1126,0,0,4,1122
0x416b22,95.4023%,4,83,87,83,4,0,0
0x49c570,60%,4,6,10,6,4,0,0
0x415622,99.7414%,4,1543,1547,293,0,4,1250
0x4a0693,63.6364%,4,7,11,7,4,0,0
0x416e2a,95.5556%,4,86,90,86,1,3,0
0x49c49f,63.6364%,4,7,11,7,4,0,0
0x46e50a,99.8289%,4,2334,2338,2334,4,0,0
0x41288d,99.3958%,4,658,662,658,4,0,0
0x4c971e,99.8894%,4,3612,3616,0,0,4,3612
0x45e503,99.6476%,4,1131,1135,1131,4,0,0
0x4013a3,97.7778%,4,176,180,176,1,3,0
0x41e7d0,98.895%,4,358,362,358,1,3,0
0x4a2f81,20%,4,1,5,0,0,4,1
0x4bde07,99.8858%,4,3500,3504,0,1,3,3500
0x45ec36,99.886%,4,3504,3508,0,0,4,3504
0x41567a,99.4943%,4,787,791,433,0,4,354
0x4a06e8,63.6364%,4,7,11,5,2,2,2
0x4ac776,87.0968%,4,27,31,0,1,3,27
0x4a2f9b,20%,4,1,5,0,4,0,1
0x4ac79b,86.6667%,4,26,30,0,0,4,26
0x41498d,99.943%,4,7010,7014,2175,0,4,4835
0x4153b8,99.8289%,4,2334,2338,2126,2,2,208
0x463c80,98.0952%,4,206,210,206,4,0,0
0x4c9683,99.9817%,4,21899,21903,17224,3,1,4675
0x42ab7b,98.1132%,4,208,212,80,2,2,128
0x4c97c4,99.5825%,4,954,958,0,1,3,954
0x4ac78a,86.6667%,4,26,30,0,0,4,26
0x415406,98.0952%,4,206,210,145,0,4,61
0x419c91,0%,4,0,4,0,4,0,0
0x40171a,20%,4,1,5,0,4,0,1
0x46a0e5,25%,3,1,4,0,3,0,1
0x42b731,78.5714%,3,11,14,6,1,2,5
0x4bdad5,25%,3,1,4,0,0,3,1
0x46e326,99.8717%,3,2335,2338,0,1,2,2335
0x4a7523,0%,3,0,3,0,3,0,0
0x49be14,0%,3,0,3,0,3,0,0
0x4a71b4,0%,3,0,3,0,0,3,0
0x4a7206,0%,3,0,3,0,3,0,0
0x427b7a,99.6207%,3,788,791,0,0,3,788
0x416f4b,81.25%,3,13,16,13,0,3,0
0x46f5e2,25%,3,1,4,0,3,0,1
0x414999,99.938%,3,4836,4839,0,0,3,4836
0x42bb7e,99.8082%,3,1561,1564,0,0,3,1561
0x4016e3,40%,3,2,5,0,0,3,2
0x49c547,72.7273%,3,8,11,0,0,3,8
0x4a71a1,0%,3,0,3,0,3,0,0
0x45f23e,99.9107%,3,3357,3360,3357,3,0,0
0x416fa3,96.6667%,3,87,90,87,0,3,0
0x4ac7a9,90%,3,27,30,0,0,3,27
0x47cccf,0%,3,0,3,0,3,0,0
0x43380b,99.814%,3,1610,1613,1610,3,0,0
0x41e524,75%,3,9,12,9,2,1,0
0x46a131,50%,3,3,6,0,3,0,3
0x49be7f,0%,3,0,3,0,3,0,0
0x426639,99.9935%,3,45949,45952,0,0,3,45949
0x4a7193,0%,3,0,3,0,0,3,0
0x4a0c59,72.7273%,3,8,11,8,3,0,0
0x4bda5c,99.8454%,3,1937,1940,1,3,0,1936
0x4ac4ae,25%,3,1,4,0,3,0,1
0x49be07,0%,3,0,3,0,0,3,0
0x414210,99.8717%,3,2335,2338,0,0,3,2335
0x49c6c5,72.7273%,3,8,11,0,0,3,8
0x42ac82,99.814%,3,1610,1613,0,0,3,1610
0x46f467,66.6667%,3,6,9,6,2,1,0
0x41e898,72.7273%,3,8,11,8,3,0,0
0x433699,99.8717%,3,2335,2338,725,0,3,1610
0x45ff10,57.1429%,3,4,7,4,1,2,0
0x43350d,99.8717%,3,2335,2338,725,0,3,1610
0x404ad3,99.9358%,3,4673,4676,0,0,3,4673
0x433a04,99.814%,3,1610,1613,0,0,3,1610
0x403f48,99.8821%,3,2541,2544,2541,3,0,0
0x439437,99.5082%,3,607,610,607,3,0,0
0x4f096b,40%,3,2,5,0,1,2,2
0x46e1dc,99.8717%,3,2335,2338,0,0,3,2335
0x4012f0,0%,3,0,3,0,0,3,0
0x4170fa,0%,3,0,3,0,3,0,0
0x4a23f1,40%,3,2,5,1,3,0,1
0x4145f4,99.8717%,3,2335,2338,1610,3,0,725
0x4c97e9,0%,3,0,3,0,0,3,0
0x42b799,97.6923%,3,127,130,127,3,0,0
0x4c96aa,99.9863%,3,21900,21903,4675,2,1,17225
0x4012d4,0%,3,0,3,0,0,3,0
0x42b739,96.3415%,3,79,82,0,0,3,79
0x4290bc,99.8658%,3,2232,2235,0,0,3,2232
0x49bdfb,0%,3,0,3,0,3,0,0
0x49c47e,72.7273%,3,8,11,8,3,0,0
0x433fda,99.6855%,3,951,954,951,3,0,0
0x416a04,0%,3,0,3,0,3,0,0
0x47cbbe,0%,3,0,3,0,0,3,0
0x4a0f8f,40%,3,2,5,2,3,0,0
0x433a3e,99.7357%,3,1132,1135,0,0,3,1132
0x412609,99.7642%,3,1269,1272,1269,3,0,0
0x404bd7,99.9358%,3,4673,4676,4673,3,0,0
0x42b9ac,66.6667%,2,4,6,3,0,2,1
0x49bee4,0%,2,0,2,0,0,2,0
0x4f103a,60%,2,3,5,0,0,2,3
0x49bfe7,85.7143%,2,12,14,0,0,2,12
0x4ca22d,88.2353%,2,15,17,0,0,2,15
0x4290d2,99.9105%,2,2233,2235,0,0,2,2233
0x4340ca,99.7904%,2,952,954,475,2,0,477
0x49c663,81.8182%,2,9,11,9,2,0,0
0x49c1ea,0%,2,0,2,0,2,0,0
0x4017d5,0%,2,0,2,0,1,1,0
0x4a749d,33.3333%,2,1,3,0,0,2,1
0x4f0be9,0%,2,0,2,0,2,0,0
0x4a717d,33.3333%,2,1,3,0,0,2,1
0x404f97,99.5968%,2,494,496,494,2,0,0
0x46a22e,0%,2,0,2,0,0,2,0
0x416e20,50%,2,2,4,0,2,0,2
0x415340,99.8853%,2,1741,1743,0,0,2,1741
0x4013af,33.3333%,2,1,3,1,2,0,0
0x4f098a,60%,2,3,5,0,2,0,3
0x45fdfd,71.4286%,2,5,7,5,0,2,0
0x4bdc9a,33.3333%,2,1,3,0,2,0,1
0x4a716a,33.3333%,2,1,3,0,0,2,1
0x41e7f5,99.4429%,2,357,359,357,0,2,0
0x4bdbb9,0%,2,0,2,0,1,1,0
0x4f061f,60%,2,3,5,3,2,0,0
0x41e813,0%,2,0,2,0,0,2,0
0x49c82a,0%,2,0,2,0,2,0,0
0x4bdc89,33.3333%,2,1,3,0,0,2,1
0x49bcc5,33.3333%,2,1,3,1,2,0,0
0x4a58dd,33.3333%,2,1,3,0,2,0,1
0x4f0bd6,0%,2,0,2,0,0,2,0
0x4a1022,60%,2,3,5,0,0,2,3
0x41a6ec,0%,2,0,2,0,0,2,0
0x49c76d,0%,2,0,2,0,0,2,0
0x49be43,33.3333%,2,1,3,1,2,0,0
0x4bdcea,0%,2,0,2,0,2,0,0
0x49bd7d,33.3333%,2,1,3,0,0,2,1
0x49c1cf,0%,2,0,2,0,2,0,0
0x4a1618,84.6154%,2,11,13,0,1,1,11
0x44e498,99.9444%,2,3598,3600,3598,2,0,0
0x4c99ae,33.3333%,2,1,3,0,0,2,1
0x4bdb7d,93.3333%,2,28,30,28,0,2,0
0x4392f5,99.6721%,2,608,610,608,2,0,0
0x445bfb,99.8721%,2,1562,1564,1562,2,0,0
0x4613aa,99.0476%,2,208,210,0,2,0,208
0x4149ad,99.9587%,2,4837,4839,1613,0,2,3224
0x404ca7,99.979%,2,9544,9546,9544,2,0,0
0x428eb1,99.902%,2,2038,2040,2038,2,0,0
0x43a3f6,99.816%,2,1085,1087,1085,2,0,0
0x416c56,97.7778%,2,88,90,0,0,2,88
0x4028ea,99.9978%,2,89238,89240,0,0,2,89238
0x471fdc,93.3333%,2,28,30,28,1,1,0
0x43c14c,99.0476%,2,208,210,0,0,2,208
0x428fb8,99.902%,2,2038,2040,0,0,2,2038
0x4bdcc9,0%,2,0,2,0,0,2,0
0x471dc7,93.1034%,2,27,29,0,0,2,27
0x45f918,99.8162%,2,1086,1088,0,0,2,1086
0x49c3f1,85.7143%,2,12,14,0,0,2,12
0x404ec7,99.5968%,2,494,496,0,0,2,494
0x46a0a2,50%,2,2,4,0,1,1,2
0x415183,99.906%,2,2126,2128,2126,2,0,0
0x4c96da,99.9563%,2,4575,4577,4575,2,0,0
0x49fa24,81.8182%,2,9,11,0,0,2,9
0x4293bb,99.9105%,2,2233,2235,0,0,2,2233
0x43999b,99.9144%,2,2335,2337,2335,2,0,0
0x412950,99.9197%,2,2488,2490,2488,2,0,0
0x471efa,93.3333%,2,28,30,0,0,2,28
0x461723,99.4413%,2,356,358,356,2,0,0
0x4633b5,99.8101%,2,1051,1053,1051,2,0,0
0x419af3,50%,2,2,4,0,0,2,2
0x414b58,99.9138%,2,2318,2320,2318,2,0,0
0x45f9a2,96.2963%,2,52,54,52,0,2,0
0x41e8b6,81.8182%,2,9,11,9,1,1,0
0x416e33,33.3333%,2,1,3,0,0,2,1
0x433fd0,99.7904%,2,952,954,0,0,2,952
0x471f9a,93.3333%,2,28,30,28,2,0,0
0x428b77,99.9105%,2,2233,2235,0,0,2,2233
0x42b31d,97.561%,2,80,82,0,0,2,80
0x433335,93.3333%,2,28,30,28,2,0,0
0x46187b,99.7207%,2,714,716,0,0,2,714
0x439311,99.6721%,2,608,610,143,2,0,465
0x45e6f3,99.7719%,2,875,877,875,2,0,0
0x427c25,99.9701%,2,6691,6693,6691,2,0,0
0x46c2f0,0%,1,0,1,0,1,0,0
0x47b2a5,0%,1,0,1,0,1,0,0
0x46fdbb,0%,1,0,1,0,0,1,0
0x4a204e,0%,1,0,1,0,0,1,0
0x4a20ea,0%,1,0,1,0,1,0,0
0x416810,0%,1,0,1,0,1,0,0
0x45d172,99.886%,1,876,877,0,0,1,876
0x4287a2,99.9516%,1,2067,2068,0,0,1,2067
0x46c37f,0%,1,0,1,0,1,0,0
0x424551,0%,1,0,1,0,0,1,0
0x46ed26,0%,1,0,1,0,1,0,0
0x46969a,0%,1,0,1,0,1,0,0
0x469789,0%,1,0,1,0,0,1,0
0x42454a,0%,1,0,1,0,0,1,0
0x46dc90,0%,1,0,1,0,0,1,0
0x46a5d5,0%,1,0,1,0,1,0,0
0x4a02f4,0%,1,0,1,0,0,1,0
0x454f94,0%,1,0,1,0,1,0,0
0x46ed3d,0%,1,0,1,0,0,1,0
0x46cf82,0%,1,0,1,0,1,0,0
0x49bd41,66.6667%,1,2,3,0,0,1,2
0x47c818,66.6667%,1,2,3,0,0,1,2
0x4ca251,94.1176%,1,16,17,0,0,1,16
0x471dd2,96.5517%,1,28,29,0,0,1,28
0x49bcef,66.6667%,1,2,3,0,0,1,2
0x46ccd3,0%,1,0,1,0,1,0,0
0x41563e,99.9203%,1,1253,1254,1253,1,0,0
0x45f992,96.9697%,1,32,33,0,0,1,32
0x41482c,99.9857%,1,7013,7014,0,0,1,7013
0x404f4f,99.7984%,1,495,496,0,0,1,495
0x4ae54a,0%,1,0,1,0,1,0,0
0x454fde,0%,1,0,1,0,1,0,0
0x46a1d6,0%,1,0,1,0,1,0,0
0x41f87d,0%,1,0,1,0,0,1,0
0x4ac744,0%,1,0,1,0,0,1,0
0x46fc12,0%,1,0,1,0,1,0,0
0x413797,0%,1,0,1,0,1,0,0
0x45d2cc,99.8031%,1,507,508,507,1,0,0
0x41a666,0%,1,0,1,0,1,0,0
0x4bde84,50%,1,1,2,0,0,1,1
0x471b9f,0%,1,0,1,0,1,0,0
0x42bb75,99.9361%,1,1563,1564,0,0,1,1563
0x46c521,0%,1,0,1,0,1,0,0
0x46fdc5,0%,1,0,1,0,1,0,0
0x4a1577,0%,1,0,1,0,1,0,0
0x4bde89,50%,1,1,2,0,1,0,1
0x46983b,0%,1,0,1,0,1,0,0
0x44afc4,99.9079%,1,1085,1086,0,0,1,1085
0x4a08fc,0%,1,0,1,0,0,1,0
0x45555c,0%,1,0,1,0,1,0,0
0x49bef2,50%,1,1,2,0,0,1,1
0x46f0f0,0%,1,0,1,0,0,1,0
0x46b7ca,0%,1,0,1,0,0,1,0
0x46e1f3,99.9572%,1,2337,2338,0,0,1,2337
0x4558ce,0%,1,0,1,0,1,0,0
0x49f994,90.9091%,1,10,11,10,1,0,0
0x4168bc,0%,1,0,1,0,1,0,0
0x4135f6,0%,1,0,1,0,0,1,0
0x4ae51c,0%,1,0,1,0,1,0,0
0x46b404,0%,1,0,1,0,1,0,0
0x46b80b,0%,1,0,1,0,1,0,0
0x471b30,0%,1,0,1,0,0,1,0
0x45579a,0%,1,0,1,0,0,1,0
0x469dd6,0%,1,0,1,0,1,0,0
0x44aff2,99.9079%,1,1085,1086,1085,1,0,0
0x4c97a9,99.8959%,1,960,961,0,0,1,960
0x47401e,0%,1,0,1,0,0,1,0
0x471b1a,0%,1,0,1,0,0,1,0
0x46f353,0%,1,0,1,0,1,0,0
0x4335e5,99.9571%,1,2332,2333,2332,1,0,0
0x46c8ea,0%,1,0,1,0,1,0,0
0x4a1603,0%,1,0,1,0,1,0,0
0x45554e,0%,1,0,1,0,0,1,0
0x417007,66.6667%,1,2,3,0,0,1,2
0x45ec68,99.9929%,1,14031,14032,14031,1,0,0
0x427bc5,99.9138%,1,1159,1160,1159,1,0,0
0x44e6f4,97.7778%,1,44,45,44,0,1,0
0x41eaf5,0%,1,0,1,0,1,0,0
0x46c162,0%,1,0,1,0,1,0,0
0x41e915,0%,1,0,1,0,0,1,0
0x47afbd,0%,1,0,1,0,0,1,0
0x4c980a,66.6667%,1,2,3,2,1,0,0
0x413871,0%,1,0,1,0,0,1,0
0x416aa5,66.6667%,1,2,3,2,0,1,0
0x42a569,99.697%,1,329,330,0,0,1,329
0x4a1f8b,0%,1,0,1,0,0,1,0
0x46b88b,0%,1,0,1,0,1,0,0
0x4f0b85,50%,1,1,2,1,1,0,0
0x46d239,0%,1,0,1,0,0,1,0
0x45e15c,99.9572%,1,2336,2337,2336,1,0,0
0x413702,0%,1,0,1,0,0,1,0
0x4ac492,66.6667%,1,2,3,0,0,1,2
0x45fe5b,85.7143%,1,6,7,6,0,1,0
0x43c954,99.7849%,1,464,465,0,0,1,464
0x460f54,99.5238%,1,209,210,209,1,0,0
0x4a12ef,0%,1,0,1,0,1,0,0
0x439940,99.908%,1,1086,1087,1086,1,0,0
0x4a241c,0%,1,0,1,0,1,0,0
0x42b818,66.6667%,1,2,3,2,1,0,0
0x4a1fb8,0%,1,0,1,0,0,1,0
0x4a1f05,66.6667%,1,2,3,1,1,0,1
0x4859a3,0%,1,0,1,0,0,1,0
0x44ac6d,99.8557%,1,692,693,0,0,1,692
0x40585a,99.7222%,1,359,360,359,0,1,0
0x49c6f9,90.9091%,1,10,11,0,0,1,10
0x4a1e5c,50%,1,1,2,0,1,0,1
0x4a0fcb,80%,1,4,5,1,1,0,3
0x4f1041,80%,1,4,5,0,0,1,4
0x46c55e,0%,1,0,1,0,1,0,0
0x46aa8b,0%,1,0,1,0,1,0,0
0x4a218a,0%,1,0,1,0,1,0,0
0x40171e,0%,1,0,1,0,0,1,0
0x469f2b,0%,1,0,1,0,0,1,0
0x46db77,0%,1,0,1,0,1,0,0
0x41f885,0%,1,0,1,0,1,0,0
0x4bdc9f,0%,1,0,1,0,0,1,0
0x42bbcc,99.9361%,1,1563,1564,0,0,1,1563
0x402a96,99.954%,1,2175,2176,2175,1,0,0
0x45530e,0%,1,0,1,0,1,0,0
0x4a1ca1,0%,1,0,1,0,0,1,0
0x416de1,98.8889%,1,89,90,88,0,1,1
0x44b24c,99.9079%,1,1085,1086,0,0,1,1085
0x4a1b84,0%,1,0,1,0,1,0,0
0x46e024,99.8736%,1,790,791,790,1,0,0
0x4a759f,66.6667%,1,2,3,2,1,0,0
0x460046,93.75%,1,15,16,15,0,1,0
0x4a74b3,66.6667%,1,2,3,0,0,1,2
0x416f5a,66.6667%,1,2,3,2,1,0,0
0x45521c,0%,1,0,1,0,0,1,0
0x45520d,0%,1,0,1,0,0,1,0
0x4551f4,0%,1,0,1,0,0,1,0
0x4551d9,0%,1,0,1,0,0,1,0
0x4a750a,66.6667%,1,2,3,0,0,1,2
0x485955,0%,1,0,1,0,1,0,0
0x42ab11,99.2308%,1,129,130,0,0,1,129
0x455156,0%,1,0,1,0,1,0,0
0x4a7518,66.6667%,1,2,3,2,1,0,0
0x45510a,50%,1,1,2,1,0,1,0
0x4f05d5,0%,1,0,1,0,0,1,0
0x46b46c,0%,1,0,1,0,0,1,0
0x49c1e5,50%,1,1,2,0,0,1,1
0x4a2a0a,0%,1,0,1,0,1,0,0
0x4615ee,99.7207%,1,357,358,357,1,0,0
0x4a23d2,75%,1,3,4,0,0,1,3
0x417182,96.6667%,1,29,30,29,0,1,0
0x46124d,99.5238%,1,209,210,209,1,0,0
0x4135de,0%,1,0,1,0,0,1,0
0x4a22b9,0%,1,0,1,0,0,1,0
0x4bdbc5,66.6667%,1,2,3,2,1,0,0
0x4a2265,0%,1,0,1,0,1,0,0
0x463c6f,99.5238%,1,209,210,209,1,0,0
0x4a21b8,0%,1,0,1,0,0,1,0
0x46fd94,0%,1,0,1,0,1,0,0
0x49c3c2,92.8571%,1,13,14,0,0,1,13
0x4339b4,99.938%,1,1612,1613,0,0,1,1612
0x44e685,99.9722%,1,3599,3600,0,0,1,3599
0x4ac553,0%,1,0,1,0,1,0,0
0x46f769,0%,1,0,1,0,1,0,0
0x49c567,90.9091%,1,10,11,0,1,0,10
0x46c3d3,0%,1,0,1,0,1,0,0
0x45d7e2,99.9405%,1,1679,1680,0,0,1,1679
0x46cc79,0%,1,0,1,0,0,1,0
0x4a1af2,0%,1,0,1,0,0,1,0
0x46f77b,0%,1,0,1,0,0,1,0
0x41e00e,0%,1,0,1,0,1,0,0
0x4129a9,99.9598%,1,2489,2490,0,0,1,2489
0x401614,0%,1,0,1,0,1,0,0
0x49bd4f,66.6667%,1,2,3,2,1,0,0
0x46ded6,0%,1,0,1,0,1,0,0
0x46d24d,0%,1,0,1,0,1,0,0
0x428e26,99.6429%,1,279,280,0,0,1,279
0x46f77f,0%,1,0,1,0,0,1,0
0x4ae431,0%,1,0,1,0,1,0,0
0x46db0a,0%,1,0,1,0,0,1,0
0x46d883,0%,1,0,1,0,1,0,0
0x46d7fa,0%,1,0,1,0,0,1,0
0x46f78a,0%,1,0,1,0,1,0,0
0x437d55,99.7904%,1,476,477,0,0,1,476
0x49bed6,66.6667%,1,2,3,1,0,1,1
0x46f7a9,0%,1,0,1,0,1,0,0
0x46ca9d,0%,1,0,1,0,1,0,0
0x4a1636,0%,1,0,1,0,1,0,0
0x4a1f0e,0%,1,0,1,0,1,0,0
0x45537f,0%,1,0,1,0,1,0,0
0x4136a6,0%,1,0,1,0,1,0,0
0x4ae543,0%,1,0,1,0,0,1,0
0x4f0ab1,0%,1,0,1,0,1,0,0
0x452d1c,0%,1,0,1,0,0,1,0
0x469bef,0%,1,0,1,0,0,1,0
0x428ddb,99.6429%,1,279,280,0,0,1,279
0x4a1e17,0%,1,0,1,0,0,1,0
0x460053,0%,1,0,1,0,1,0,0
0x4a1123,0%,1,0,1,0,0,1,0
0x46b7c0,0%,1,0,1,0,0,1,0
0x46cfb6,0%,1,0,1,0,1,0,0
0x469dca,0%,1,0,1,0,0,1,0
0x4a03b3,0%,1,0,1,0,1,0,0
0x452e5f,0%,1,0,1,0,1,0,0
0x46f725,0%,1,0,1,0,1,0,0
0x46f747,0%,1,0,1,0,1,0,0
0x46f75a,0%,1,0,1,0,0,1,0
0x49c7e0,50%,1,1,2,0,1,0,1
0x46bfde,0%,1,0,1,0,1,0,0
0x49c787,50%,1,1,2,1,1,0,0
0x46be59,0%,1,0,1,0,0,1,0
0x4ac4d0,0%,1,0,1,0,0,1,0
0x49bd93,66.6667%,1,2,3,0,0,1,2
0x471d7e,96.7742%,1,30,31,0,1,0,30
0x469e05,0%,1,0,1,0,1,0,0
0x45fe24,50%,1,1,2,0,0,1,1
0x429299,99.9553%,1,2234,2235,0,0,1,2234
0x455091,0%,1,0,1,0,0,1,0
0x43a3c1,99.908%,1,1086,1087,1086,1,0,0
0x46b22c,0%,1,0,1,0,1,0,0
0x416fac,66.6667%,1,2,3,0,0,1,2
0x452a21,0%,1,0,1,0,1,0,0
0x45299e,0%,1,0,1,0,1,0,0
0x4ba80b,0%,1,0,1,0,0,1,0
0x45feb7,85.7143%,1,6,7,6,1,0,0
0x46a92c,0%,1,0,1,0,1,0,0
0x40141d,0%,1,0,1,0,0,1,0
0x427c02,99.9589%,1,2435,2436,0,0,1,2435
0x49bce5,66.6667%,1,2,3,0,0,1,2
0x469e53,0%,1,0,1,0,1,0,0
0x46a116,85.7143%,1,6,7,0,1,0,6
0x49fe26,90.9091%,1,10,11,10,1,0,0
0x46a0c0,0%,1,0,1,0,0,1,0
0x4245e6,0%,1,0,1,0,1,0,0
0x4a7226,66.6667%,1,2,3,2,1,0,0
0x4278d9,99.4709%,1,188,189,0,0,1,188
0x41a4f8,75%,1,3,4,3,0,1,0
0x460c9c,99.905%,1,1052,1053,1052,1,0,0
0x404f83,99.7984%,1,495,496,0,0,1,495
0x47b250,0%,1,0,1,0,0,1,0
0x427860,99.7613%,1,418,419,0,0,1,418
0x4a031d,0%,1,0,1,0,0,1,0
0x4291ae,99.9553%,1,2234,2235,0,0,1,2234
0x45eff4,99.886%,1,876,877,0,0,1,876
0x45d6e2,99.9586%,1,2415,2416,0,0,1,2415
0x41a6cb,50%,1,1,2,0,0,1,1
0x473fe9,0%,1,0,1,0,0,1,0
0x46b086,0%,1,0,1,0,1,0,0
0x402a92,99.977%,1,4351,4352,2176,0,1,2175
0x41582d,0%,1,0,1,0,0,1,0
0x4289d2,99.9553%,1,2234,2235,0,0,1,2234
0x46b07d,0%,1,0,1,0,0,1,0
0x4530d7,0%,1,0,1,0,1,0,0
0x41369c,0%,1,0,1,0,0,1,0
0x416c13,98.8889%,1,89,90,0,0,1,89
0x416922,96.6667%,1,29,30,0,0,1,29
0x41e8d3,0%,1,0,1,0,0,1,0
0x46dbcf,0%,1,0,1,0,0,1,0
0x413707,0%,1,0,1,0,0,1,0
0x47aee8,0%,1,0,1,0,1,0,0
0x452cec,0%,1,0,1,0,1,0,0
0x46b72f,0%,1,0,1,0,1,0,0
0x46f417,90%,1,9,10,9,0,1,0
0x47b020,0%,1,0,1,0,1,0,0
0x4a2880,0%,1,0,1,0,1,0,0
0x4a23e5,80%,1,4,5,0,1,0,4
0x46ed54,0%,1,0,1,0,1,0,0
0x46e0fb,99.9572%,1,2337,2338,2337,1,0,0
0x4157cb,0%,1,0,1,0,1,0,0
0x42bc7a,99.9361%,1,1563,1564,0,0,1,1563
0x469c4a,0%,1,0,1,0,1,0,0
0x40602a,96.6667%,1,29,30,29,1,0,0
0x4a74fe,66.6667%,1,2,3,2,1,0,0
0x404c1d,99.9895%,1,9545,9546,0,0,1,9545
0x4f0a7f,0%,1,0,1,0,1,0,0
0x44dfd3,0%,1,0,1,0,1,0,0
0x469c8d,0%,1,0,1,0,1,0,0
0x4029b1,99.9989%,1,89239,89240,89239,1,0,0
0x49c5e7,90.9091%,1,10,11,0,1,0,10
0x402406,99.8706%,1,772,773,0,0,1,772
0x4331e9,99.9572%,1,2337,2338,2337,1,0,0
0x4a25dd,0%,1,0,1,0,1,0,0
0x4168a2,0%,1,0,1,0,1,0,0
0x428a99,99.9553%,1,2234,2235,0,0,1,2234
0x46e962,0%,1,0,1,0,0,1,0
0x41a2d4,75%,1,3,4,3,0,1,0
0x46c705,0%,1,0,1,0,0,1,0
0x46ffcc,0%,1,0,1,0,0,1,0
0x471d48,96.7742%,1,30,31,30,1,0,0
0x461d12,99.7691%,1,432,433,432,1,0,0
0x46e838,99.9572%,1,2337,2338,0,0,1,2337
0x40572b,0%,1,0,1,0,0,1,0
0x4029fb,99.9989%,1,89239,89240,0,0,1,89239
0x46c73e,0%,1,0,1,0,1,0,0
0x402426,99.8706%,1,772,773,0,0,1,772
0x45fe80,0%,1,0,1,0,0,1,0
0x4724fb,0%,1,0,1,0,1,0,0
0x469c0b,0%,1,0,1,0,0,1,0
0x426641,99.9978%,1,45951,45952,0,0,1,45951
0x42a3a6,99.8804%,1,835,836,0,0,1,835
0x401459,0%,1,0,1,0,1,0,0
0x469ea3,0%,1,0,1,0,1,0,0
0x469e8f,0%,1,0,1,0,1,0,0
0x41a64f,50%,1,1,2,1,0,1,0
0x41361e,0%,1,0,1,0,0,1,0
0x415899,0%,1,0,1,0,1,0,0
0x46e585,99.953%,1,2127,2128,0,0,1,2127
0x46fec5,0%,1,0,1,0,1,0,0
0x4a2413,0%,1,0,1,0,0,1,0
0x401a27,99.8748%,1,798,799,0,0,1,798
0x433ab3,99.9119%,1,1134,1135,0,0,1,1134
0x46ebd6,0%,1,0,1,0,1,0,0
0x401554,0%,1,0,1,0,0,1,0
0x44e594,99.9722%,1,3599,3600,3599,1,0,0
0x4a2f60,0%,1,0,1,0,0,1,0
0x46a2b2,0%,1,0,1,0,1,0,0
0x46ca05,0%,1,0,1,0,1,0,0
0x4028fc,99.9989%,1,89239,89240,0,0,1,89239
0x4a206f,0%,1,0,1,0,1,0,0
0x46fd6d,0%,1,0,1,0,0,1,0
0x414ab2,99.938%,1,1612,1613,0,0,1,1612
0x471dbf,96.6667%,1,29,30,0,1,0,29
0x4a22c9,0%,1,0,1,0,0,1,0
0x4a1e88,0%,1,0,1,0,0,1,0
0x4ae63f,0%,1,0,1,0,1,0,0
0x41579b,0%,1,0,1,0,0,1,0
0x4c9927,99.9854%,1,6863,6864,0,0,1,6863
0x46e8f0,99.9572%,1,2337,2338,2337,1,0,0
0x46dd46,0%,1,0,1,0,1,0,0
0x46b2de,0%,1,0,1,0,0,1,0
0x469dfb,0%,1,0,1,0,0,1,0
0x4a030d,0%,1,0,1,0,1,0,0
0x4a231d,0%,1,0,1,0,1,0,0
0x47c822,66.6667%,1,2,3,2,1,0,0
0x46b309,0%,1,0,1,0,1,0,0
0x41a636,0%,1,0,1,0,0,1,0
0x46f79c,0%,1,0,1,0,0,1,0
0x4245ad,0%,1,0,1,0,1,0,0
0x4a1c03,0%,1,0,1,0,0,1,0
0x46dd83,0%,1,0,1,0,0,1,0
0x4a1b66,0%,1,0,1,0,0,1,0
0x414840,99.9857%,1,7013,7014,2338,0,1,4675
0x4a202f,0%,1,0,1,0,1,0,0
0x415364,99.9572%,1,2337,2338,0,0,1,2337
0x41696d,96.6667%,1,29,30,29,0,1,0
0x485ac9,0%,1,0,1,0,1,0,0
0x4f1cd2,0%,1,0,1,0,1,0,0
0x4a2185,0%,1,0,1,0,0,1,0
0x4482b3,99.7904%,1,476,477,0,0,1,476
0x46b2f1,0%,1,0,1,0,0,1,0
0x4151b0,99.9572%,1,2337,2338,2337,1,0,0
0x418580,98.8889%,1,89,90,0,0,1,89
0x46f5f4,0%,1,0,1,0,0,1,0
0x439471,99.9572%,1,2336,2337,2336,1,0,0
0x4a1dfe,0%,1,0,1,0,1,0,0
0x41eab4,0%,1,0,1,0,1,0,0
0x46a236,50%,1,1,2,0,1,0,1
0x4336e3,99.8621%,1,724,725,724,1,0,0
0x445fa8,99.9878%,1,8190,8191,0,1,0,8190
0x45329c,0%,1,0,1,0,1,0,0
0x41387b,0%,1,0,1,0,1,0,0
0x426fae,99.5074%,1,202,203,202,1,0,0
0x4a238c,0%,1,0,1,0,0,1,0
0x4135e9,0%,1,0,1,0,0,1,0
0x46c01d,0%,1,0,1,0,1,0,0
0x46b4a2,0%,1,0,1,0,1,0,0
0x4552ae,0%,1,0,1,0,1,0,0
0x4ab9b4,0%,1,0,1,0,0,1,0
0x413bd7,99.9512%,1,2048,2049,0,0,1,2048
0x414f5f,99.9572%,1,2337,2338,2337,1,0,0
0x44afd1,99.9079%,1,1085,1086,0,0,1,1085
0x4ab8b1,0%,1,0,1,0,1,0,0
0x46f130,0%,1,0,1,0,1,0,0
0x4c99a4,66.6667%,1,2,3,0,0,1,2
0x471b14,0%,1,0,1,0,0,1,0
0x471ae3,0%,1,0,1,0,1,0,0
0x47af10,0%,1,0,1,0,1,0,0
0x473fb4,100%,0,1,1,0,0,0,1
0x4129ae,100%,0,2490,2490,0,0,0,2490
0x43c29d,100%,0,836,836,836,0,0,0
0x413637,100%,0,1,1,0,0,0,1
0x41685b,100%,0,1,1,1,0,0,0
0x4ac4c3,100%,0,1,1,0,0,0,1
0x46e648,100%,0,210,210,0,0,0,210
0x4a21ce,100%,0,1,1,1,0,0,0
0x469d7a,100%,0,1,1,0,0,0,1
0x4ac4b7,100%,0,1,1,1,0,0,0
0x44e457,100%,0,45,45,0,0,0,45
0x4158ac,100%,0,1,1,1,0,0,0
0x4a2cd3,100%,0,1,1,1,0,0,0
0x4dfe76,100%,0,1,1,0,0,0,1
0x42abad,100%,0,1613,1613,1613,0,0,0
0x46b7f8,100%,0,1,1,0,0,0,1
0x49bf00,100%,0,2,2,0,0,0,2
0x47cbac,100%,0,3,3,0,0,0,3
0x4135b0,100%,0,1,1,0,0,0,1
0x41ab47,100%,0,1,1,1,0,0,0
0x4ab89b,100%,0,1,1,0,0,0,1
0x4ab9c5,100%,0,1,1,0,0,0,1
0x419b3f,100%,0,4,4,0,0,0,4
0x46b3f4,100%,0,1,1,0,0,0,1
0x4344f3,100%,0,477,477,477,0,0,0
0x43c7ef,100%,0,358,358,0,0,0,358
0x4a1cae,100%,0,1,1,1,0,0,0
0x4016ce,100%,0,1,1,0,0,0,1
0x429376,100%,0,2235,2235,0,0,0,2235
0x4ae53e,100%,0,1,1,0,0,0,1
0x46b2c1,100%,0,1,1,0,0,0,1
0x469c21,100%,0,1,1,0,0,0,1
0x40571f,100%,0,1,1,0,0,0,1
0x4ab8a6,100%,0,1,1,0,0,0,1
0x46ffe1,100%,0,1,1,0,0,0,1
0x45323b,100%,0,1,1,0,0,0,1
0x43804e,100%,0,477,477,477,0,0,0
0x4a090f,100%,0,1,1,1,0,0,0
0x4a74f9,100%,0,3,3,0,0,0,3
0x4ab88d,100%,0,1,1,0,0,0,1
0x45d14f,100%,0,877,877,0,0,0,877
0x4158d0,100%,0,1,1,0,0,0,1
0x415906,100%,0,1,1,0,0,0,1
0x44e428,100%,0,1,1,0,0,0,1
0x469c3b,100%,0,1,1,0,0,0,1
0x45f955,100%,0,1088,1088,0,0,0,1088
0x433a7e,100%,0,1135,1135,0,0,0,1135
0x44b7a2,100%,0,1086,1086,1086,0,0,0
0x4ac4e0,100%,0,1,1,1,0,0,0
0x433a76,100%,0,1135,1135,0,0,0,1135
0x44e157,100%,0,1,1,1,0,0,0
0x412292,100%,0,556,556,556,0,0,0
0x4ae423,100%,0,1,1,0,0,0,1
0x4a75ac,100%,0,3,3,0,0,0,3
0x43de05,100%,0,1,1,0,0,0,1
0x43de16,100%,0,1,1,0,0,0,1
0x469d9d,100%,0,1,1,1,0,0,0
0x40179e,100%,0,2,2,0,0,0,2
0x40143a,100%,0,1,1,0,0,0,1
0x46c9e0,100%,0,1,1,0,0,0,1
0x41f832,100%,0,1,1,0,0,0,1
0x46cc9f,100%,0,1,1,1,0,0,0
0x47af0e,100%,0,1,1,0,0,0,1
0x445ed6,100%,0,1564,1564,0,0,0,1564
0x4533ef,100%,0,1,1,1,0,0,0
0x452aa2,100%,0,1,1,1,0,0,0
0x46d249,100%,0,1,1,0,0,0,1
0x46c29c,100%,0,1,1,1,0,0,0
0x46c77e,100%,0,1,1,1,0,0,0
0x47b317,100%,0,1,1,1,0,0,0
0x4155ff,100%,0,2338,2338,0,0,0,2338
0x46ddde,100%,0,1,1,1,0,0,0
0x473f55,100%,0,1,1,1,0,0,0
0x485a0c,100%,0,1,1,1,0,0,0
0x46dea9,100%,0,1,1,0,0,0,1
0x46c192,100%,0,1,1,1,0,0,0
0x41e948,100%,0,1,1,1,0,0,0
0x47b06e,100%,0,1,1,1,0,0,0
0x49be9c,100%,0,3,3,3,0,0,0
0x4a71e8,100%,0,3,3,0,0,0,3
0x47b245,100%,0,1,1,0,0,0,1
0x4a71f5,100%,0,3,3,0,0,0,3
0x47b214,100%,0,1,1,0,0,0,1
0x453276,100%,0,1,1,0,0,0,1
0x40283b,100%,0,5569,5569,0,0,0,5569
0x42890f,100%,0,302,302,0,0,0,302
0x453241,100%,0,1,1,0,0,0,1
0x47b2c3,100%,0,1,1,0,0,0,1
0x46de6c,100%,0,1,1,1,0,0,0
0x46c4b5,100%,0,1,1,1,0,0,0
0x47b2d1,100%,0,1,1,0,0,0,1
0x46c461,100%,0,1,1,1,0,0,0
0x47af53,100%,0,1,1,1,0,0,0
0x4530ae,100%,0,1,1,1,0,0,0
0x453031,100%,0,1,1,0,0,0,1
0x452f9d,100%,0,1,1,1,0,0,0
0x46c611,100%,0,1,1,1,0,0,0
0x4a7215,100%,0,3,3,0,0,0,3
0x4ac60b,100%,0,1,1,1,0,0,0
0x43511e,100%,0,610,610,610,0,0,0
0x41378b,100%,0,1,1,0,0,0,1
0x47001b,100%,0,1,1,0,0,0,1
0x46fff4,100%,0,1,1,0,0,0,1
0x469ed1,100%,0,1,1,1,0,0,0
0x45ff8b,100%,0,1,1,1,0,0,0
0x4ac486,100%,0,3,3,0,0,0,3
0x413659,100%,0,1,1,0,0,0,1
0x433ba4,100%,0,477,477,0,0,0,477
0x4557d7,100%,0,1,1,1,0,0,0
0x4556fd,100%,0,1,1,0,0,0,1
0x415808,100%,0,1,1,1,0,0,0
0x47b207,100%,0,1,1,0,0,0,1
0x416771,100%,0,1,1,1,0,0,0
0x4ae41c,100%,0,1,1,0,0,0,1
0x4a06df,100%,0,11,11,0,0,0,11
0x47cbdc,100%,0,3,3,0,0,0,3
0x41682a,100%,0,1,1,0,0,0,1
0x413aab,100%,0,2098,2098,0,0,0,2098
0x46dfd4,100%,0,1,1,0,0,0,1
0x46a1f7,100%,0,1,1,0,0,0,1
0x41388e,100%,0,1,1,0,0,0,1
0x44b6e0,100%,0,1086,1086,1086,0,0,0
0x452ecc,100%,0,1,1,1,0,0,0
0x453083,100%,0,1,1,1,0,0,0
0x415762,100%,0,1,1,0,0,0,1
0x46f75e,100%,0,1,1,0,0,0,1
0x414980,100%,0,2338,2338,0,0,0,2338
0x469cef,100%,0,1,1,1,0,0,0
0x469b0c,100%,0,1,1,1,0,0,0
0x46c046,100%,0,1,1,1,0,0,0
0x46b8a2,100%,0,1,1,1,0,0,0
0x42a653,100%,0,1613,1613,0,0,0,1613
0x46a08c,100%,0,1,1,0,0,0,1
0x469b87,100%,0,1,1,1,0,0,0
0x470024,100%,0,1,1,1,0,0,0
0x41a6a0,100%,0,2,2,0,0,0,2
0x4a1d43,100%,0,1,1,1,0,0,0
0x46e6b0,100%,0,791,791,791,0,0,0
0x433011,100%,0,2338,2338,0,0,0,2338
0x46cf5c,100%,0,1,1,0,0,0,1
0x47001f,100%,0,1,1,0,0,0,1
0x416723,100%,0,1,1,1,0,0,0
0x44b0b9,100%,0,1086,1086,1086,0,0,0
0x4dfe67,100%,0,1,1,0,0,0,1
0x400656,100%,0,1,1,1,0,0,0
0x428450,100%,0,30,30,0,0,0,30
0x46b7cf,100%,0,1,1,1,0,0,0
0x4289bc,100%,0,2235,2235,0,0,0,2235
0x40354c,100%,0,60864,60864,60864,0,0,0
0x41513f,100%,0,2338,2338,2338,0,0,0
0x469e24,100%,0,1,1,0,0,0,1
0x4a1c0c,100%,0,1,1,0,0,0,1
0x402844,100%,0,5569,5569,0,0,0,5569
0x4697a1,100%,0,1,1,1,0,0,0
0x41488e,100%,0,4676,4676,0,0,0,4676
0x46976b,100%,0,1,1,0,0,0,1
0x4338ce,100%,0,725,725,725,0,0,0
0x4351d1,100%,0,610,610,610,0,0,0
0x435275,100%,0,610,610,0,0,0,610
0x4029a0,100%,0,89240,89240,0,0,0,89240
0x43c942,100%,0,465,465,0,0,0,465
0x406007,100%,0,30,30,0,0,0,30
0x43a56f,100%,0,1087,1087,0,0,0,1087
0x4017a3,100%,0,2,2,2,0,0,0
0x45ef1a,100%,0,3508,3508,0,0,0,3508
0x452ea5,100%,0,1,1,1,0,0,0
0x46fd45,100%,0,1,1,1,0,0,0
0x438cf2,100%,0,610,610,610,0,0,0
0x44b300,100%,0,1086,1086,1086,0,0,0
0x402acb,100%,0,5569,5569,5569,0,0,0
0x460d64,100%,0,578,578,0,0,0,578
0x413892,100%,0,1,1,1,0,0,0
0x44afde,100%,0,1086,1086,0,0,0,1086
0x43c12f,100%,0,210,210,210,0,0,0
0x4330ba,100%,0,2338,2338,2338,0,0,0
0x445f80,100%,0,1564,1564,0,0,0,1564
0x438d8c,100%,0,610,610,610,0,0,0
0x401b77,100%,0,12784,12784,0,0,0,12784
0x45dc75,100%,0,231,231,0,0,0,231
0x437d69,100%,0,477,477,0,0,0,477
0x46db18,100%,0,1,1,0,0,0,1
0x49bebf,100%,0,3,3,0,0,0,3
0x4f0bac,100%,0,2,2,2,0,0,0
0x446691,100%,0,2317,2317,2317,0,0,0
0x405227,100%,0,496,496,0,0,0,496
0x413b44,100%,0,2078,2078,0,0,0,2078
0x43942d,100%,0,610,610,0,0,0,610
0x435406,100%,0,610,610,0,0,0,610
0x45f977,100%,0,466,466,0,0,0,466
0x438ace,100%,0,610,610,0,0,0,610
0x415042,100%,0,2338,2338,2338,0,0,0
0x4338a5,100%,0,725,725,0,0,0,725
0x44aeed,100%,0,2650,2650,2650,0,0,0
0x414e00,100%,0,2128,2128,0,0,0,2128
0x4a1db4,100%,0,1,1,0,0,0,1
0x45fd13,100%,0,278,278,278,0,0,0
0x4461e7,100%,0,1564,1564,0,0,0,1564
0x471cb2,100%,0,1,1,0,0,0,1
0x44bc2a,100%,0,1086,1086,0,0,0,1086
0x43c94b,100%,0,465,465,0,0,0,465
0x46fd8b,100%,0,1,1,0,0,0,1
0x45da77,100%,0,425,425,0,0,0,425
0x428dcb,100%,0,280,280,0,0,0,280
0x434f43,100%,0,115,115,0,0,0,115
0x413c28,100%,0,2229,2229,0,0,0,2229
0x428fa4,100%,0,2040,2040,0,0,0,2040
0x41776b,100%,0,30,30,0,0,0,30
0x413a84,100%,0,2308,2308,0,0,0,2308
0x463977,100%,0,4349,4349,4349,0,0,0
0x41366b,100%,0,1,1,1,0,0,0
0x414ba9,100%,0,2128,2128,2128,0,0,0
0x46d808,100%,0,1,1,1,0,0,0
0x405f63,100%,0,30,30,0,0,0,30
0x46e561,100%,0,2338,2338,0,0,0,2338
0x45d8bc,100%,0,1024,1024,0,0,0,1024
0x471eca,100%,0,29,29,0,0,0,29
0x43a4cb,100%,0,4306,4306,4306,0,0,0
0x46b3d4,100%,0,1,1,0,0,0,1
0x413afd,100%,0,2258,2258,0,0,0,2258
0x46e5a5,100%,0,2338,2338,0,0,0,2338
0x4556c2,100%,0,1,1,0,0,0,1
0x40297d,100%,0,89240,89240,0,0,0,89240
0x46e20a,100%,0,2338,2338,2338,0,0,0
0x41e970,100%,0,1,1,1,0,0,0
0x401bfb,100%,0,12784,12784,0,0,0,12784
0x46ca69,100%,0,1,1,1,0,0,0
0x401cd1,100%,0,799,799,799,0,0,0
0x405f8f,100%,0,30,30,0,0,0,30
0x428e3b,100%,0,280,280,0,0,0,280
0x401aeb,100%,0,12784,12784,0,0,0,12784
0x472137,100%,0,30,30,30,0,0,0
0x4186c5,100%,0,90,90,90,0,0,0
0x44b97a,100%,0,676,676,0,0,0,676
0x46c087,100%,0,1,1,1,0,0,0
0x405247,100%,0,496,496,496,0,0,0
0x40519a,100%,0,496,496,496,0,0,0
0x413e59,100%,0,2308,2308,0,0,0,2308
0x4ba7f8,100%,0,1,1,0,0,0,1
0x471f34,100%,0,30,30,0,0,0,30
0x49c783,100%,0,2,2,0,0,0,2
0x4699d0,100%,0,1,1,1,0,0,0
0x469d6d,100%,0,1,1,1,0,0,0
0x429497,100%,0,30,30,30,0,0,0
0x44e6ac,100%,0,3600,3600,0,0,0,3600
0x4286e2,100%,0,2068,2068,0,0,0,2068
0x413b90,100%,0,2229,2229,0,0,0,2229
0x41ea86,100%,0,1,1,0,0,0,1
0x454f7f,100%,0,1,1,0,0,0,1
0x455165,100%,0,1,1,1,0,0,0
0x428d98,100%,0,2320,2320,0,0,0,2320
0x428c83,100%,0,2235,2235,0,0,0,2235
0x45f89d,100%,0,210,210,210,0,0,0
0x42b80e,100%,0,3,3,0,0,0,3
0x416e79,100%,0,3,3,0,0,0,3
0x42b9e1,100%,0,130,130,0,0,0,130
0x42ab4c,100%,0,212,212,0,0,0,212
0x42a416,100%,0,7,7,0,0,0,7
0x4156bb,100%,0,475,475,0,0,0,475
0x42b982,100%,0,3,3,0,0,0,3
0x460de6,100%,0,475,475,0,0,0,475
0x43c7f8,100%,0,358,358,0,0,0,358
0x43c7e6,100%,0,358,358,0,0,0,358
0x401b9e,100%,0,12784,12784,0,0,0,12784
0x46e651,100%,0,210,210,210,0,0,0
0x4a22b1,100%,0,1,1,0,0,0,1
0x45e38a,100%,0,210,210,210,0,0,0
0x46c6fd,100%,0,1,1,0,0,0,1
0x43a598,100%,0,212,212,0,0,0,212
0x402a52,100%,0,2176,2176,0,0,0,2176
0x41e643,100%,0,30,30,0,0,0,30
0x45d35d,100%,0,164,164,0,0,0,164
0x46f857,100%,0,1,1,1,0,0,0
0x401c1e,100%,0,12784,12784,0,0,0,12784
0x401baf,100%,0,12784,12784,12784,0,0,0
0x44aa89,100%,0,1564,1564,0,0,0,1564
0x4a2029,100%,0,1,1,0,0,0,1
0x4278c7,100%,0,149,149,0,0,0,149
0x429085,100%,0,2235,2235,0,0,0,2235
0x47cdc8,100%,0,1,1,0,0,0,1
0x49bcdc,100%,0,3,3,0,0,0,3
0x415179,100%,0,2338,2338,210,0,0,2128
0x46f706,100%,0,1,1,0,0,0,1
0x401768,100%,0,2,2,0,0,0,2
0x403439,100%,0,7608,7608,0,0,0,7608
0x46ecac,100%,0,1,1,0,0,0,1
0x46f6d5,100%,0,1,1,0,0,0,1
0x42a618,100%,0,716,716,0,0,0,716
0x413b2d,100%,0,2258,2258,0,0,0,2258
0x4a2819,100%,0,1,1,0,0,0,1
0x4340a4,100%,0,477,477,477,0,0,0
0x45e3ed,100%,0,115,115,115,0,0,0
0x46b848,100%,0,1,1,0,0,0,1
0x4129a4,100%,0,2490,2490,0,0,0,2490
0x45e0c4,100%,0,2337,2337,2337,0,0,0
0x439995,100%,0,2337,2337,0,0,0,2337
0x46a13e,100%,0,1,1,1,0,0,0
0x43950f,100%,0,2337,2337,2337,0,0,0
0x428985,100%,0,2235,2235,0,0,0,2235
0x45f104,100%,0,210,210,210,0,0,0
0x428b62,100%,0,2235,2235,0,0,0,2235
0x42b59d,100%,0,7,7,7,0,0,0
0x42b805,100%,0,3,3,0,0,0,3
0x45f357,100%,0,210,210,210,0,0,0
0x469c78,100%,0,1,1,1,0,0,0
0x4286f7,100%,0,2068,2068,0,0,0,2068
0x471b34,100%,0,1,1,1,0,0,0
0x4338b2,100%,0,725,725,725,0,0,0
0x41377a,100%,0,1,1,0,0,0,1
0x46c0a9,100%,0,1,1,1,0,0,0
0x42a660,100%,0,1613,1613,0,0,0,1613
0x405216,100%,0,496,496,0,0,0,496
0x4157e1,100%,0,1,1,0,0,0,1
0x42a575,100%,0,15,15,0,0,0,15
0x414fca,100%,0,2338,2338,2338,0,0,0
0x49bda4,100%,0,3,3,3,0,0,0
0x413876,100%,0,1,1,0,0,0,1
0x4a2824,100%,0,1,1,0,0,0,1
0x46a02d,100%,0,1,1,0,0,0,1
0x471f01,100%,0,30,30,0,0,0,30
0x4a152b,100%,0,1,1,0,0,0,1
0x409f51,100%,0,1142,1142,0,0,0,1142
0x4169ef,100%,0,3,3,0,0,0,3
0x4291c3,100%,0,2235,2235,0,0,0,2235
0x452d04,100%,0,1,1,1,0,0,0
0x469716,100%,0,1,1,0,0,0,1
0x4293a7,100%,0,2235,2235,0,0,0,2235
0x44af2e,100%,0,2650,2650,0,0,0,2650
0x46980d,100%,0,1,1,0,0,0,1
0x46f716,100%,0,1,1,0,0,0,1
0x469885,100%,0,1,1,0,0,0,1
0x46efc2,100%,0,1,1,0,0,0,1
0x46efce,100%,0,1,1,0,0,0,1
0x46ec49,100%,0,1,1,0,0,0,1
0x46f05a,100%,0,1,1,1,0,0,0
0x4bdb0a,100%,0,968,968,968,0,0,0
0x42b706,100%,0,7,7,0,0,0,7
0x49bdb5,100%,0,3,3,0,0,0,3
0x401afc,100%,0,12784,12784,0,0,0,12784
0x4137ee,100%,0,1,1,0,0,0,1
0x46f754,100%,0,1,1,0,0,0,1
0x49fa0a,100%,0,11,11,11,0,0,0
0x469bc5,100%,0,1,1,0,0,0,1
0x413f81,100%,0,2338,2338,0,0,0,2338
0x434059,100%,0,954,954,0,0,0,954
0x44a97c,100%,0,1564,1564,0,0,0,1564
0x402d24,100%,0,8238,8238,8238,0,0,0
0x4024ef,100%,0,773,773,773,0,0,0
0x4351c2,100%,0,610,610,0,0,0,610
0x4482ca,100%,0,1564,1564,0,0,0,1564
0x46d8b7,100%,0,1,1,1,0,0,0
0x4352fb,100%,0,610,610,610,0,0,0
0x438adb,100%,0,610,610,0,0,0,610
0x4138a8,100%,0,1,1,1,0,0,0
0x438ae7,100%,0,610,610,0,0,0,610
0x44afb7,100%,0,1086,1086,0,0,0,1086
0x4f3444,100%,0,11,11,11,0,0,0
0x4288a2,100%,0,302,302,0,0,0,302
0x4288ff,100%,0,302,302,0,0,0,302
0x4a74c1,100%,0,3,3,3,0,0,0
0x428c57,100%,0,2235,2235,0,0,0,2235
0x4a29fb,100%,0,1,1,0,0,0,1
0x46dc56,100%,0,1,1,1,0,0,0
0x49c420,100%,0,14,14,0,0,0,14
0x433194,100%,0,2338,2338,0,0,0,2338
0x41e9b5,100%,0,1,1,1,0,0,0
0x49fa3f,100%,0,10,10,10,0,0,0
0x4a22db,100%,0,1,1,1,0,0,0
0x4a1d88,100%,0,1,1,0,0,0,1
0x4a1d98,100%,0,1,1,0,0,0,1
0x4a0fa3,100%,0,5,5,0,0,0,5
0x4a08e8,100%,0,1,1,0,0,0,1
0x40144f,100%,0,1,1,0,0,0,1
0x4f09a7,100%,0,3,3,0,0,0,3
0x4a1eb8,100%,0,1,1,0,0,0,1
0x43c173,100%,0,210,210,210,0,0,0
0x4a1fc3,100%,0,1,1,1,0,0,0
0x4a21c6,100%,0,1,1,0,0,0,1
0x4a2cee,100%,0,1,1,1,0,0,0
0x4a1b76,100%,0,1,1,0,0,0,1
0x4a2363,100%,0,1,1,0,0,0,1
0x44b48a,100%,0,1086,1086,1086,0,0,0
0x439320,100%,0,465,465,465,0,0,0
0x49be8e,100%,0,3,3,0,0,0,3
0x45509f,100%,0,1,1,1,0,0,0
0x455114,100%,0,1,1,1,0,0,0
0x4551ac,100%,0,1,1,0,0,0,1
0x4551ba,100%,0,1,1,0,0,0,1
0x4a748a,100%,0,3,3,0,0,0,3
0x4a297d,100%,0,1,1,0,0,0,1
0x47c829,100%,0,3,3,3,0,0,0
0x4a140f,100%,0,1,1,0,0,0,1
0x46a6de,100%,0,1,1,1,0,0,0
0x49c5a0,100%,0,11,11,11,0,0,0
0x49fd0b,100%,0,11,11,11,0,0,0
0x49c5a9,100%,0,11,11,11,0,0,0
0x47b3ac,100%,0,1,1,1,0,0,0
0x49c434,100%,0,14,14,0,0,0,14
0x49c7fd,100%,0,2,2,0,0,0,2
0x49c819,100%,0,2,2,0,0,0,2
0x4a03a3,100%,0,1,1,0,0,0,1
0x44ad5e,100%,0,1564,1564,1564,0,0,0
0x43365e,100%,0,2338,2338,2338,0,0,0
0x4a0a88,100%,0,1,1,0,0,0,1
0x4a1154,100%,0,1,1,1,0,0,0
0x4a1267,100%,0,1,1,1,0,0,0
0x4a1538,100%,0,1,1,1,0,0,0
0x4f0aa2,100%,0,1,1,0,0,0,1
0x46dcef,100%,0,1,1,1,0,0,0
0x4a1abe,100%,0,1,1,0,0,0,1
0x4a2093,100%,0,1,1,1,0,0,0
0x4a15fd,100%,0,1,1,0,0,0,1
0x4f05b4,100%,0,1,1,1,0,0,0
0x4ae573,100%,0,1,1,1,0,0,0
0x4147da,100%,0,7014,7014,7014,0,0,0
0x427b39,100%,0,861,861,0,0,0,861
0x463553,100%,0,600,600,600,0,0,0
0x41474d,100%,0,7014,7014,7014,0,0,0
0x433131,100%,0,2338,2338,0,0,0,2338
0x44acbb,100%,0,1564,1564,0,0,0,1564
0x469c74,100%,0,1,1,0,0,0,1
0x471cc2,100%,0,1,1,1,0,0,0
0x404c03,100%,0,9546,9546,0,0,0,9546
0x4a08a4,100%,0,1,1,1,0,0,0
0x4155f9,100%,0,2338,2338,0,0,0,2338
0x42a368,100%,0,836,836,0,0,0,836
0x4332aa,100%,0,725,725,725,0,0,0
0x46e198,100%,0,30,30,0,0,0,30
0x412306,100%,0,556,556,556,0,0,0
0x43c813,100%,0,37,37,0,0,0,37
0x413c3f,100%,0,2049,2049,0,0,0,2049
0x472006,100%,0,30,30,0,0,0,30
0x4c96c9,100%,0,17226,17226,0,0,0,17226
0x413ed8,100%,0,2338,2338,2338,0,0,0
0x4146e5,100%,0,7014,7014,7014,0,0,0
0x472025,100%,0,30,30,30,0,0,0
0x45e546,100%,0,877,877,0,0,0,877
0x44b54d,100%,0,1086,1086,1086,0,0,0
0x4394fe,100%,0,2337,2337,0,0,0,2337
0x45dc93,100%,0,231,231,0,0,0,231
0x469733,100%,0,1,1,0,0,0,1
0x43a59e,100%,0,212,212,212,0,0,0
0x405205,100%,0,496,496,0,0,0,496
0x4a1e94,100%,0,1,1,0,0,0,1
0x46e31d,100%,0,2338,2338,0,0,0,2338
0x428c97,100%,0,2235,2235,0,0,0,2235
0x47b2d5,100%,0,1,1,0,0,0,1
0x433199,100%,0,2338,2338,2338,0,0,0
0x46fd27,100%,0,1,1,1,0,0,0
0x41455f,100%,0,1613,1613,0,0,0,1613
0x469af6,100%,0,1,1,0,0,0,1
0x4a1f31,100%,0,2,2,2,0,0,0
0x416875,100%,0,1,1,0,0,0,1
0x46c008,100%,0,1,1,0,0,0,1
0x461d03,100%,0,433,433,0,0,0,433
0x404ca2,100%,0,9546,9546,0,0,0,9546
0x413bc0,100%,0,2229,2229,0,0,0,2229
0x4ae52d,100%,0,1,1,0,0,0,1
0x4287b6,100%,0,2068,2068,0,0,0,2068
0x404da7,100%,0,30,30,0,0,0,30
0x43c3a7,100%,0,2337,2337,0,0,0,2337
0x405631,100%,0,496,496,496,0,0,0
0x401f3b,100%,0,773,773,773,0,0,0
0x45e1b3,100%,0,2337,2337,0,0,0,2337
0x40344b,100%,0,7608,7608,0,0,0,7608
0x4552e6,100%,0,1,1,0,0,0,1
0x434f0e,100%,0,115,115,0,0,0,115
0x42458a,100%,0,1,1,0,0,0,1
0x46a208,100%,0,1,1,0,0,0,1
0x41237a,100%,0,556,556,556,0,0,0
0x4551cb,100%,0,1,1,0,0,0,1
0x4155a6,100%,0,2338,2338,0,0,0,2338
0x43504a,100%,0,610,610,0,0,0,610
0x455427,100%,0,1,1,1,0,0,0
0x471d75,100%,0,31,31,0,0,0,31
0x4158ed,100%,0,1,1,0,0,0,1
0x413bf8,100%,0,2229,2229,0,0,0,2229
0x46b3a8,100%,0,1,1,0,0,0,1
0x4bdbf7,100%,0,3,3,3,0,0,0
0x4352a7,100%,0,610,610,0,0,0,610
0x401a30,100%,0,799,799,0,0,0,799
0x4353b9,100%,0,610,610,610,0,0,0
0x454b83,100%,0,2338,2338,0,0,0,2338
0x4a2990,100%,0,1,1,1,0,0,0
0x414b1f,100%,0,2370,2370,2370,0,0,0
0x414936,100%,0,2338,2338,2338,0,0,0
0x405f53,100%,0,30,30,29,0,0,1
0x4f1046,100%,0,5,5,0,0,0,5
0x4bda78,100%,0,968,968,0,0,0,968
0x453236,100%,0,1,1,0,0,0,1
0x455330,100%,0,1,1,0,0,0,1
0x46e398,100%,0,1053,1053,0,0,0,1053
0x428efa,100%,0,2040,2040,0,0,0,2040
0x47b2ef,100%,0,1,1,0,0,0,1
0x4a74d4,100%,0,3,3,0,0,0,3
0x43300c,100%,0,2338,2338,0,0,0,2338
0x4330da,100%,0,2338,2338,2338,0,0,0
0x4c966c,100%,0,21903,21903,21903,0,0,0
0x4331dc,100%,0,2338,2338,0,0,0,2338
0x4331e4,100%,0,2338,2338,0,0,0,2338
0x45ff3b,100%,0,2,2,0,0,0,2
0x43320c,100%,0,2338,2338,0,0,0,2338
0x404f72,100%,0,496,496,0,0,0,496
0x4335ac,100%,0,725,725,725,0,0,0
0x46a07a,100%,0,1,1,0,0,0,1
