Branch PC,Accuracy,Mispredictions,Correct Predictions,Total,dir_t_pred_t,dir_t_pred_nt,dir_nt_pred_t,dir_nt_pred_nt
aggregate,99.1421%,203070,23466806,23669876,10757236,98834,104236,12709570
0x4bedf9,91.5813%,30501,331798,362299,227171,10841,19660,104627
0x4c5c06,80.6897%,9200,38443,47643,25263,4465,4735,13180
0x4c8761,95.1524%,8976,176186,185162,38060,2664,6312,138126
0x50fc12,96.8849%,5609,174451,180060,829,5082,527,173622
0x4be97a,63.0627%,3758,6416,10174,2787,2123,1635,3629
0x4bf7d5,97.915%,3733,175312,179045,702,3513,220,174610
0x4c5c31,78.2896%,3643,13137,16780,10874,812,2831,2263
0x4bd2f8,88.4836%,3138,24110,27248,742,2832,306,23368
0x4bedd7,99.151%,3102,362271,365373,24,3050,52,362247
0x407405,79.7493%,2989,11771,14760,6195,1241,1748,5576
0x418a69,94.2956%,2845,47029,49874,44473,681,2164,2556
0x60a1b6,87.6503%,2598,18439,21037,5052,1454,1144,13387
0x418b3c,92.5621%,2458,30589,33047,23986,604,1854,6603
0x4c6bb0,98.39%,2135,130473,132608,417,2017,118,130056
0x4c2680,88.3392%,1940,14697,16637,9968,789,1151,4729
0x4bf8b4,98.9515%,1877,177149,179026,175779,150,1727,1370
0x407c1b,88.2103%,1666,12465,14131,12101,256,1410,364
0x50feb6,91.3708%,1609,17037,18646,7320,1172,437,9717
0x50fcd4,95.1595%,1493,29351,30844,201,1372,121,29150
0x5f04b5,87.5346%,1351,9487,10838,2351,861,490,7136
0x50fc1e,99.2593%,1290,172859,174149,172815,74,1216,44
0x4d61ab,91.6416%,1221,13387,14608,5867,765,456,7520
0x4bf7d9,99.3056%,1214,173616,174830,173577,67,1147,39
0x5ef06f,88.9679%,1195,9637,10832,1758,733,462,7879
0x479c65,90.4177%,1147,10823,11970,1539,753,394,9284
0x4ba40c,90.5121%,1069,10198,11267,8548,226,843,1650
0x50fcff,96.7149%,1001,29470,30471,29389,103,898,81
0x418b12,96.7169%,995,29312,30307,1245,676,319,28067
0x4cc5de,99.6334%,959,260623,261582,19679,467,492,240944
0x4c9fcb,96.1872%,918,23159,24077,8696,698,220,14463
0x4600f2,98.6326%,906,65353,66259,53769,281,625,11584
0x4cc720,94.9817%,904,17110,18014,6606,481,423,10504
0x4d89f3,96.3826%,902,24033,24935,17155,462,440,6878
0x5f0a7e,77.2087%,841,2849,3690,1583,379,462,1266
0x4ca08a,99.7479%,838,331593,332431,183917,440,398,147676
0x418bc7,81.0835%,838,3592,4430,1145,433,405,2447
0x4b8dbd,94.1399%,838,13462,14300,7652,412,426,5810
0x4c6bb9,99.3647%,827,129347,130174,129250,32,795,97
0x4be9c1,82.1791%,826,3809,4635,3772,75,751,37
0x460104,98.7564%,824,65435,66259,59534,208,616,5901
0x419ace,52.9446%,815,917,1732,440,407,408,477
0x4be9b3,85.492%,802,4726,5528,330,563,239,4396
0x4d7566,91.6632%,797,8763,9560,1907,480,317,6856
0x4195f8,74.7032%,767,2265,3032,1083,441,326,1182
0x47700b,97.8455%,757,34378,35135,17389,337,420,16989
0x419aa8,58.6364%,728,1032,1760,169,479,249,863
0x50fe02,97.4809%,694,26856,27550,26828,67,627,28
0x4cd45f,95.1815%,689,13610,14299,8407,279,410,5203
0x4c5c1f,96.1251%,684,16968,17652,305,567,117,16663
0x4c9ecc,97.4861%,676,26215,26891,13771,449,227,12444
0x5f052a,85.4818%,669,3939,4608,905,398,271,3034
0x50fcf7,81.0442%,639,2732,3371,1841,330,309,891
0x419b44,63.2794%,636,1096,1732,215,405,231,881
0x4761b1,85.8023%,622,3759,4381,2056,125,497,1703
0x46ffa3,97.7546%,619,26949,27568,15824,206,413,11125
0x475f65,98.8583%,614,53164,53778,49031,225,389,4133
0x41a557,93.286%,586,8142,8728,3629,316,270,4513
0x4c4988,93.0517%,569,7620,8189,1979,492,77,5641
0x4d62f0,96.157%,567,14187,14754,9173,271,296,5014
0x4c39de,99.9278%,546,755567,756113,3256,360,186,752311
0x5eefe5,95.912%,509,11942,12451,1290,329,180,10652
0x41b031,86.4742%,506,3235,3741,2700,218,288,535
0x4d8a24,97.1959%,494,17123,17617,13885,212,282,3238
0x5f06a5,92.5564%,488,6068,6556,1030,323,165,5038
0x4d8ed3,96.754%,488,14546,15034,3404,296,192,11142
0x4dab43,93.5954%,479,7000,7479,193,375,104,6807
0x5f0495,96.164%,478,11983,12461,1324,299,179,10659
0x5ee959,85.1794%,475,2730,3205,223,311,164,2507
0x47aacd,98.1559%,473,25177,25650,12132,227,246,13045
0x41b00a,72.1827%,469,1217,1686,622,241,228,595
0x50fdec,98.289%,468,26884,27352,26848,64,404,36
0x4cbcb0,90.3205%,459,4283,4742,3141,226,233,1142
0x477016,97.4726%,440,16969,17409,10271,185,255,6698
0x50fde6,98.4432%,432,27318,27750,54,344,88,27264
0x47b38c,96.4536%,425,11559,11984,1468,296,129,10091
0x4cb63f,94.2722%,425,6995,7420,3445,174,251,3550
0x4cfc07,97.1054%,417,13989,14406,5653,216,201,8336
0x4bdcfc,96.8986%,414,12935,13349,12653,57,357,282
0x5f06dc,77.225%,412,1397,1809,578,235,177,819
0x5f0a87,76.3889%,408,1320,1728,1187,126,282,133
0x60a1c2,97.2197%,404,14127,14531,13532,156,248,595
0x50fb20,95.7349%,397,8911,9308,1902,175,222,7009
0x46ff02,98.5194%,393,26151,26544,14754,236,157,11397
0x60683a,94.5318%,393,6794,7187,2753,165,228,4041
0x402047,94.1983%,385,6251,6636,3278,236,149,2973
0x4c64da,99.6823%,385,120792,121177,63682,159,226,57110
0x4cc906,97.8929%,380,17654,18034,5538,248,132,12116
0x5f1d80,87.3737%,375,2595,2970,795,219,156,1800
0x4c7ef0,92.2691%,370,4416,4786,4171,75,295,245
0x4c02ce,88.0286%,368,2706,3074,595,234,134,2111
0x41afe5,81.8902%,366,1655,2021,1614,72,294,41
0x4cbcea,94.5078%,366,6298,6664,113,273,93,6185
0x418b5c,95.8023%,355,8102,8457,7779,162,193,323
0x4ba510,94.5099%,354,6094,6448,1056,232,122,5038
0x606824,95.1162%,351,6836,7187,2984,182,169,3852
0x41a45f,94.8782%,351,6502,6853,4669,114,237,1833
0x4ba887,99.1893%,343,41966,42309,41881,10,333,85
0x4cc5f3,99.8641%,328,241108,241436,206429,226,102,34679
0x47aa0d,98.7138%,327,25097,25424,9729,197,130,15368
0x4c9e62,98.7989%,323,26568,26891,13317,160,163,13251
0x4bb1ce,91.841%,316,3557,3873,2283,153,163,1274
0x4cd289,99.88%,314,261268,261582,40324,183,131,220944
0x4ca0c8,99.7906%,310,147764,148074,136888,133,177,10876
0x5ee8c8,80.1299%,306,1234,1540,364,170,136,870
0x4babeb,95.1754%,304,5997,6301,4385,103,201,1612
0x4c4ccb,98.2267%,300,16618,16918,2770,178,122,13848
0x418c07,81.2421%,296,1282,1578,1011,139,157,271
0x476f4a,96.2394%,296,7575,7871,3777,148,148,3798
0x412145,96.4817%,293,8035,8328,7811,73,220,224
0x4b9426,97.0137%,288,9356,9644,8346,102,186,1010
0x4d5830,97.259%,286,10148,10434,3117,129,157,7031
0x47ac7e,97.1999%,286,9928,10214,2379,146,140,7549
0x4c5c18,98.4092%,285,17630,17915,20,243,42,17610
0x4d0761,96.4535%,280,7615,7895,655,165,115,6960
0x479190,97.0531%,273,8991,9264,5619,139,134,3372
0x419006,99.027%,267,27175,27442,11797,141,126,15378
0x479c1f,97.7415%,267,11555,11822,9811,124,143,1744
0x5ee980,91.7317%,265,2940,3205,2914,73,192,26
0x4bf6d4,98.6311%,261,18806,19067,18785,24,237,21
0x4cb4c0,88.8889%,260,2080,2340,1406,125,135,674
0x4d8ee8,94.1874%,255,4132,4387,564,166,89,3568
0x50fb1a,97.725%,247,10610,10857,1396,153,94,9214
0x4d5777,99.1264%,247,28026,28273,26980,96,151,1046
0x477f52,70.9563%,246,601,847,456,67,179,145
0x4c4407,98.0753%,246,12535,12781,10266,80,166,2269
0x606902,94.9035%,243,4525,4768,4194,67,176,331
0x50f593,98.9866%,240,23442,23682,13121,135,105,10321
0x4c5c38,95.3671%,236,4858,5094,109,146,90,4749
0x47abc7,98.0986%,235,12124,12359,10104,110,125,2020
0x606813,96.7441%,234,6953,7187,6552,115,119,401
0x418e6b,89.495%,233,1985,2218,1471,104,129,514
0x5ee9ce,92.8237%,230,2975,3205,24,168,62,2951
0x6068d8,96.2071%,230,5834,6064,1155,141,89,4679
0x6067ec,96.7998%,230,6957,7187,6356,110,120,601
0x4cbe7f,96.5955%,228,6469,6697,428,159,69,6041
0x5f06fa,95.583%,222,4804,5026,4661,71,151,143
0x4d8fbe,99.1137%,221,24714,24935,20959,80,141,3755
0x4bbd18,94.1472%,221,3555,3776,1246,132,89,2309
0x4b93e3,97.7188%,220,9424,9644,5668,130,90,3756
0x4700d9,99.1999%,212,26284,26496,14905,69,143,11379
0x47b8b8,92.6455%,211,2658,2869,985,88,123,1673
0x4c230d,85.3127%,209,1214,1423,834,92,117,380
0x6067fc,97.092%,209,6978,7187,6862,60,149,116
0x428f7c,97.5535%,208,8294,8502,4340,106,102,3954
0x4bd3e6,99.1937%,206,25344,25550,25329,44,162,15
0x6067e7,97.2657%,206,7328,7534,1753,96,110,5575
0x60a172,98.8692%,204,17837,18041,14743,88,116,3094
0x60a1d1,99.0047%,201,19993,20194,100,136,65,19893
0x47aa7a,99.2136%,201,25359,25560,5635,90,111,19724
0x4b9b6a,98.4363%,201,12653,12854,12610,19,182,43
0x5ef191,87.6467%,200,1419,1619,1095,78,122,324
0x418c7c,93.0192%,200,2665,2865,526,120,80,2139
0x50fce2,94.7115%,198,3546,3744,241,132,66,3305
0x50fc56,91.9984%,197,2265,2462,2162,38,159,103
0x4cb3a1,98.8636%,195,16965,17160,14085,96,99,2880
0x4ba4e7,97.439%,193,7343,7536,938,150,43,6405
0x4d89f8,97.3763%,192,7126,7318,2178,122,70,4948
0x5fac65,75.7306%,191,596,787,87,139,52,509
0x5f1eda,90.0521%,191,1729,1920,529,91,100,1200
0x4c584e,96.4339%,190,5138,5328,65,140,50,5073
0x4d63d9,97.8007%,188,8360,8548,360,134,54,8000
0x476206,99.3621%,186,28970,29156,15911,64,122,13059
0x4b8d89,98.7574%,186,14783,14969,540,129,57,14243
0x4c5929,99.6241%,180,47711,47891,47276,56,124,435
0x5f1efa,86.6154%,174,1126,1300,724,70,104,402
0x41bb29,98.2255%,172,9521,9693,8902,88,84,619
0x4c4416,92.9363%,172,2263,2435,1696,87,85,567
0x4bddbd,99.0838%,169,18277,18446,18273,30,139,4
0x445d65,88.5965%,169,1313,1482,691,89,80,622
0x4bac3a,90.1293%,168,1534,1702,710,99,69,824
0x418c0d,94.1361%,168,2697,2865,207,95,73,2490
0x4b98d4,98.4486%,164,10407,10571,10295,15,149,112
0x50fec1,98.3849%,164,9990,10154,1896,112,52,8094
0x428f58,98.1828%,163,8807,8970,3979,77,86,4828
0x479ad8,98.4907%,161,10506,10667,9220,89,72,1286
0x4c4e24,98.8475%,161,13809,13970,9943,80,81,3866
0x4c4d5b,99.0509%,160,16698,16858,4561,89,71,12137
0x4196a3,77.7933%,159,557,716,343,77,82,214
0x4195eb,92.9406%,157,2067,2224,321,99,58,1746
0x418936,99.4908%,155,30283,30438,30130,59,96,153
0x50fd04,84.474%,152,827,979,798,45,107,29
0x4791db,89.9867%,151,1357,1508,733,62,89,624
0x4d3138,97.4487%,148,5653,5801,5207,75,73,446
0x50b030,99.7433%,146,56737,56883,58,99,47,56679
0x47702b,99.1614%,146,17263,17409,15744,28,118,1519
0x4d90a8,96.2175%,144,3663,3807,2343,85,59,1320
0x4d645b,96.9934%,142,4581,4723,1291,85,57,3290
0x5f06ed,97.3083%,139,5025,5164,40,98,41,4985
0x4d8eb3,99.1626%,138,16342,16480,1346,100,38,14996
0x412f44,97.7159%,137,5861,5998,5847,23,114,14
0x4d63ee,98.678%,134,10002,10136,9934,32,102,68
0x476d30,98.568%,131,9017,9148,4770,58,73,4247
0x50fac9,98.8663%,128,11162,11290,10815,42,86,347
0x417f89,99.5768%,127,29879,30006,1201,82,45,28678
0x428f9b,98.5062%,127,8375,8502,3518,70,57,4857
0x419636,91.7979%,125,1399,1524,1178,50,75,221
0x48c6e2,98.6772%,125,9325,9450,5690,50,75,3635
0x4bb2db,96.7983%,124,3749,3873,296,63,61,3453
0x4cb57a,98.4481%,124,7866,7990,7866,10,114,0
0x476006,99.2855%,123,17092,17215,6881,66,57,10211
0x4be64b,98.7372%,122,9539,9661,3,100,22,9536
0x46526b,99.4514%,121,21937,22058,21931,36,85,6
0x47600c,98.8216%,121,10147,10268,8135,45,76,2012
0x5f0510,97.4974%,121,4714,4835,164,63,58,4550
0x4b9579,98.5547%,121,8251,8372,651,63,58,7600
0x48c7c6,98.5247%,119,7947,8066,3384,67,52,4563
0x4ca304,99.9293%,117,165403,165520,165257,30,87,146
0x5fac08,97.5219%,116,4565,4681,3363,66,50,1202
0x45737a,92.0083%,115,1324,1439,433,57,58,891
0x4b9f2e,96.289%,113,2932,3045,836,42,71,2096
0x4c4d6e,99.0744%,113,12095,12208,9110,69,44,2985
0x47c85c,97.0326%,113,3695,3808,1763,44,69,1932
0x46598d,98.9644%,110,10512,10622,72,74,36,10440
0x476ea6,97.5148%,109,4277,4386,3455,29,80,822
0x50feaa,99.4197%,109,18676,18785,76,63,46,18600
0x4b9488,90.4887%,109,1037,1146,600,50,59,437
0x4572c3,93.2087%,109,1496,1605,511,56,53,985
0x5eea0b,92.987%,108,1432,1540,1356,30,78,76
0x5f1f0f,78.6561%,108,398,506,309,38,70,89
0x4bc125,93.494%,108,1552,1660,891,41,67,661
0x45718a,97.7773%,107,4707,4814,2794,59,48,1913
0x41afd0,95.4545%,107,2247,2354,262,71,36,1985
0x4b96a4,97.0499%,107,3520,3627,1975,59,48,1545
0x5f1d93,94.6319%,105,1851,1956,1830,33,72,21
0x4d5f70,99.3152%,105,15229,15334,14831,31,74,398
0x479314,91.4146%,105,1118,1223,469,41,64,649
0x4bbab8,97.2843%,102,3654,3756,3492,64,38,162
0x4bb042,87.3606%,102,705,807,605,48,54,100
0x4cf579,99.509%,101,20470,20571,18687,37,64,1783
0x478067,97.0242%,101,3293,3394,612,40,61,2681
0x45714e,97.902%,101,4713,4814,3759,31,70,954
0x4dadbb,94.289%,100,1651,1751,1165,45,55,486
0x60a17c,99.4487%,100,18039,18139,16534,29,71,1505
0x476601,97.2353%,100,3517,3617,2503,48,52,1014
0x465263,99.5529%,99,22044,22143,2,83,16,22042
0x47a1c0,99.0827%,99,10694,10793,10418,48,51,276
0x465998,99.0645%,98,10378,10476,10371,29,69,7
0x4be9ca,87.5635%,98,690,788,555,61,37,135
0x4c4ce1,98.1624%,98,5235,5333,3786,42,56,1449
0x4bbd47,95.9516%,97,2299,2396,263,53,44,2036
0x46d169,94.8108%,96,1754,1850,1106,33,63,648
0x4079ac,99.339%,93,13976,14069,13968,16,77,8
0x50afff,99.8368%,93,56901,56994,56863,20,73,38
0x4790c8,98.9728%,93,8961,9054,8344,25,68,617
0x5fabf2,99.4951%,92,18130,18222,13504,37,55,4626
0x5ef1f8,94.3175%,92,1527,1619,1308,37,55,219
0x47b5d0,96.7933%,92,2777,2869,1445,51,41,1332
0x4bee38,99.9259%,92,124075,124167,121654,25,67,2421
0x4c50c6,99.2466%,92,12119,12211,5648,51,41,6471
0x4766bb,99.1853%,92,11200,11292,9673,46,46,1527
0x47ce2b,98.1638%,91,4865,4956,4669,18,73,196
0x4cb46c,99.1931%,91,11187,11278,102,57,34,11085
0x40224a,80.7692%,90,378,468,323,28,62,55
0x5f0c78,93.1455%,90,1223,1313,636,65,25,587
0x478b1d,97.0627%,89,2941,3030,2194,28,61,747
0x4bf7b0,99.5332%,89,18976,19065,18794,24,65,182
0x4b93f0,97.7119%,88,3758,3846,1858,43,45,1900
0x5f31a4,96.6792%,88,2562,2650,2182,43,45,380
0x408da2,93.7996%,86,1301,1387,1299,12,74,2
0x4d9118,97.8571%,84,3836,3920,484,48,36,3352
0x4b945f,92.9766%,84,1112,1196,657,43,41,455
0x4c466b,99.9526%,84,177179,177263,1883,51,33,175296
0x47d3d4,99.5211%,84,17458,17542,17238,25,59,220
0x4cb570,98.9996%,84,8313,8397,356,51,33,7957
0x418f89,96.2579%,83,2135,2218,2129,25,58,6
0x4cc33d,99.9758%,83,343133,343216,343109,78,5,24
0x4d61bf,98.9594%,83,7893,7976,7372,33,50,521
0x4c7d82,99.1717%,83,9938,10021,3581,46,37,6357
0x401d01,97.1864%,83,2867,2950,2240,28,55,627
0x60a278,90.2728%,82,761,843,62,40,42,699
0x418c92,96.3046%,82,2137,2219,927,34,48,1210
0x4d63ae,99.1423%,81,9363,9444,729,42,39,8634
0x4ca8cb,98.3955%,80,4906,4986,2271,38,42,2635
0x46d62a,92.9763%,80,1059,1139,263,51,29,796
0x4d3169,98.6209%,80,5721,5801,3099,15,65,2622
0x48c6c4,99.0082%,80,7986,8066,1299,42,38,6687
0x50fe76,92.1627%,79,929,1008,372,38,41,557
0x5fabec,99.5844%,79,18930,19009,737,50,29,18193
0x417f93,99.7284%,78,28645,28723,25707,31,47,2938
0x4b9ca6,89.4952%,77,656,733,142,46,31,514
0x4d0758,99.1023%,77,8500,8577,642,40,37,7858
0x4cd43d,99.4685%,76,14223,14299,13064,37,39,1159
0x4d64d3,99.5044%,76,15258,15334,14307,23,53,951
0x5f31d0,82.0574%,75,343,418,105,29,46,238
0x4d8ff1,99.7004%,75,24956,25031,3449,35,40,21507
0x419b51,95.8523%,73,1687,1760,1680,16,57,7
0x4c57c3,88.0597%,72,531,603,519,19,53,12
0x4a7a6d,88.2545%,72,541,613,386,37,35,155
0x477f29,98.5954%,72,5054,5126,4222,37,35,832
0x4d816c,93.1624%,72,981,1053,711,30,42,270
0x4d8ee0,99.3736%,71,11263,11334,6913,34,37,4350
0x4cd061,99.9647%,71,201053,201124,682,36,35,200371
0x4c4e38,98.2012%,71,3876,3947,3139,34,37,737
0x47b198,99.4161%,71,12088,12159,1533,40,31,10555
0x4766f0,96.3794%,71,1890,1961,1312,36,35,578
0x48c8e1,99.0313%,70,7156,7226,2567,44,26,4589
0x60a222,70.339%,70,166,236,67,35,35,99
0x5fac8e,92.4176%,69,841,910,321,28,41,520
0x4d57e3,97.6752%,69,2899,2968,1948,39,30,951
0x5f070b,76.5306%,69,225,294,110,29,40,115
0x47d3f9,99.6067%,69,17473,17542,12584,24,45,4889
0x478145,97.5201%,68,2674,2742,1087,36,32,1587
0x606918,96.2285%,68,1735,1803,1462,37,31,273
0x47668f,99.3985%,68,11237,11305,10434,36,32,803
0x476575,98.3247%,68,3991,4059,3595,22,46,396
0x4c3a08,99.991%,68,756045,756113,0,0,68,756045
0x4bdca4,99.6341%,68,18518,18586,13320,29,39,5198
0x4bd359,98.0472%,67,3364,3431,3150,40,27,214
0x4bbd7c,97.2037%,67,2329,2396,186,26,41,2143
0x5f0c64,94.8972%,67,1246,1313,1052,29,38,194
0x4d6491,99.5696%,66,15268,15334,14182,21,45,1086
0x478c91,98.7271%,66,5119,5185,3474,24,42,1645
0x4d90de,97.3229%,65,2363,2428,480,44,21,1883
0x60a165,99.4445%,65,11636,11701,10832,29,36,804
0x4c6e4e,99.1225%,65,7342,7407,4758,28,37,2584
0x4b8de2,98.9577%,65,6171,6236,4602,38,27,1569
0x458198,89.5833%,65,559,624,119,37,28,440
0x46c2b9,98.6672%,65,4812,4877,4216,27,38,596
0x4d5e08,98.021%,64,3170,3234,1662,37,27,1508
0x4ba395,99.4585%,64,11755,11819,11580,33,31,175
0x445db4,95.6815%,64,1418,1482,987,27,37,431
0x5f096d,96.3542%,63,1665,1728,1643,24,39,22
0x5f0726,59.3548%,63,92,155,24,33,30,68
0x4c57d6,99.8686%,63,47885,47948,5383,19,44,42502
0x4d5cbd,99.5978%,63,15600,15663,15310,24,39,290
0x427a0e,76.9231%,63,210,273,10,38,25,200
0x46feb4,99.7664%,62,26482,26544,20325,21,41,6157
0x5f0837,92.3739%,62,751,813,541,38,24,210
0x4d7510,99.3515%,62,9498,9560,2051,36,26,7447
0x4c4439,90.4908%,62,590,652,152,25,37,438
0x5f06d7,98.8276%,61,5142,5203,3382,12,49,1760
0x608c9e,79.0378%,61,230,291,55,33,28,175
0x4ac30a,94.7595%,61,1103,1164,868,26,35,235
0x4c4e7e,98.7788%,60,4853,4913,2301,45,15,2552
0x4c96ce,98.9642%,59,5637,5696,682,43,16,4955
0x47b23e,99.5077%,59,11925,11984,594,36,23,11331
0x4d10ec,91.2851%,59,618,677,249,19,40,369
0x4d1063,85.5746%,59,350,409,207,33,26,143
0x5f1f24,62.8931%,59,100,159,38,33,26,62
0x4d619e,99.603%,59,14803,14862,221,33,26,14582
0x4cc600,99.8304%,59,34722,34781,33907,27,32,815
0x609a2a,78.7546%,58,215,273,45,24,34,170
0x4015a1,97.8598%,58,2652,2710,1946,31,27,706
0x476922,95.6909%,58,1288,1346,1204,22,36,84
0x60a376,88.4%,58,442,500,432,18,40,10
0x419607,96.1538%,58,1450,1508,782,34,24,668
0x4cb64b,98.4741%,58,3743,3801,3479,18,40,264
0x45734a,84.5109%,57,311,368,204,26,31,107
0x4ba518,98.8953%,57,5103,5160,70,33,24,5033
0x50fb99,97.1866%,57,1969,2026,1284,33,24,685
0x4ba3b8,85.6784%,57,341,398,164,28,29,177
0x5f0b00,75.3304%,56,171,227,154,21,35,17
0x4d634d,95.52%,56,1194,1250,30,40,16,1164
0x47907c,99.4801%,56,10716,10772,1474,34,22,9242
0x4a72b5,82.866%,55,266,321,62,33,22,204
0x479c8c,99.4317%,55,9623,9678,9262,19,36,361
0x46c9d5,97.0889%,54,1801,1855,1544,24,30,257
0x47bdf8,74.5283%,54,158,212,16,34,20,142
0x5f07d4,75.4545%,54,166,220,105,22,32,61
0x4cb476,99.5143%,54,11065,11119,2308,32,22,8757
0x4be9ad,99.03%,54,5513,5567,4,35,19,5509
0x443770,96.3563%,54,1428,1482,756,24,30,672
0x4c5c5b,99.8746%,54,42998,43052,42474,28,26,524
0x4d58be,99.4882%,53,10302,10355,6952,12,41,3350
0x4210ae,94.098%,53,845,898,479,17,36,366
0x48c9a6,99.1468%,53,6159,6212,5099,26,27,1060
0x60a592,81.4685%,53,233,286,228,19,34,5
0x4bd988,98.4264%,53,3315,3368,3100,19,34,215
0x4d6300,99.0207%,52,5258,5310,895,22,30,4363
0x476ac7,98.8832%,52,4604,4656,1751,33,19,2853
0x4cbcf6,99.1876%,51,6227,6278,6201,19,32,26
0x4c6bc5,98.4666%,51,3275,3326,1,41,10,3274
0x608b6e,99.8042%,51,26002,26053,761,21,30,25241
0x4d8a4c,98.5511%,51,3469,3520,3374,20,31,95
0x4d63c0,99.1528%,51,5969,6020,5884,11,40,85
0x46d0ba,97.8568%,50,2283,2333,535,34,16,1748
0x4ca086,99.985%,50,332381,332431,0,0,50,332381
0x47697e,97.4464%,50,1908,1958,81,29,21,1827
0x47c860,97.5512%,49,1952,2001,1892,18,31,60
0x4cbe76,99.2727%,49,6688,6737,18,22,27,6670
0x477fa8,98.592%,48,3361,3409,191,22,26,3170
0x4d6e33,96.5543%,47,1317,1364,848,27,20,469
0x4bb1b2,99.3889%,47,7644,7691,3803,15,32,3841
0x476199,99.8599%,47,33496,33543,29131,25,22,4365
0x478f00,99.0817%,47,5071,5118,4135,18,29,936
0x47be60,96.9619%,47,1500,1547,92,24,23,1408
0x609759,98.9381%,46,4286,4332,3554,25,21,732
0x401652,93.7244%,46,687,733,496,26,20,191
0x476bbd,98.9519%,46,4343,4389,4155,12,34,188
0x479acf,99.6157%,46,11924,11970,1276,27,19,10648
0x4d64a8,99.7065%,45,15289,15334,14019,13,32,1270
0x4c7adc,98.6133%,44,3129,3173,1866,27,17,1263
0x4b9585,93.8375%,44,670,714,76,27,17,594
0x4c6bd4,98.6602%,44,3240,3284,175,29,15,3065
0x4bee01,99.9646%,44,124243,124287,99,21,23,124144
0x4bac04,97.5731%,44,1769,1813,85,23,21,1684
0x6068a7,97.6744%,43,1806,1849,17,29,14,1789
0x4d8154,90.812%,43,425,468,138,18,25,287
0x47c572,99.306%,43,6153,6196,6027,31,12,126
0x4a2534,89.6882%,43,374,417,137,23,20,237
0x417fc1,99.8587%,43,30395,30438,27545,17,26,2850
0x47c8bb,77.8351%,43,151,194,89,16,27,62
0x46ff45,99.8441%,43,27541,27584,22676,22,21,4865
0x4c77ef,92.3077%,43,516,559,80,22,21,436
0x4d052f,99.4683%,42,7857,7899,5458,15,27,2399
0x4ca09e,99.9716%,42,148032,148074,148030,34,8,2
0x4d9013,98.0796%,42,2145,2187,1664,15,27,481
0x4c38f2,99.993%,42,600504,600546,0,0,42,600504
0x467cbe,79.5122%,42,163,205,94,20,22,69
0x477f3a,99.0373%,41,4218,4259,3403,6,35,815
0x42108b,95.4343%,41,857,898,857,41,0,0
0x4572d5,96.0501%,41,997,1038,888,12,29,109
0x4c4d8c,98.6424%,41,2979,3020,2818,14,27,161
0x463368,57.2917%,41,55,96,17,19,22,38
0x4cc637,99.9843%,41,261541,261582,0,0,41,261541
0x47af30,99.6084%,40,10174,10214,7670,19,21,2504
0x462da2,91.4163%,40,426,466,119,17,23,307
0x4c4d21,99.7636%,40,16878,16918,41,19,21,16837
0x5f05b2,82.3789%,40,187,227,52,21,19,135
0x408c29,87.3817%,40,277,317,119,21,19,158
0x4571ec,97.9602%,40,1921,1961,1790,10,30,131
0x4c43f7,99.6882%,40,12789,12829,19,29,11,12770
0x4c6ab0,99.6473%,40,11300,11340,3484,22,18,7816
0x48d722,99.3619%,40,6229,6269,5920,9,31,309
0x4bb83a,89.2857%,39,325,364,110,12,27,215
0x45fef5,99.4021%,39,6484,6523,21,19,20,6463
0x50fb33,99.4457%,39,6997,7036,6956,20,19,41
0x5f0741,76.0736%,39,124,163,69,24,15,55
0x4d5a25,99.0279%,39,3973,4012,2281,10,29,1692
0x47c4cc,99.3706%,39,6157,6196,0,0,39,6157
0x40743c,99.7358%,39,14721,14760,14721,16,23,0
0x478b61,98.7459%,38,2992,3030,1489,36,2,1503
0x5f0844,83.7607%,38,196,234,172,23,15,24
0x4ca7d9,98.94%,38,3547,3585,2066,21,17,1481
0x46d63d,95.3939%,38,787,825,182,15,23,605
0x477fad,98.811%,38,3158,3196,1434,6,32,1724
0x4c0311,98.2998%,38,2197,2235,2135,13,25,62
0x4c9ed8,99.7001%,38,12633,12671,425,32,6,12208
0x49ca8b,98.4596%,37,2365,2402,1821,12,25,544
0x48cb24,98.5829%,37,2574,2611,963,21,16,1611
0x408c5d,79.096%,37,140,177,79,21,16,61
0x49cf89,98.4596%,37,2365,2402,1612,22,15,753
0x476f1a,98.2212%,37,2043,2080,1166,12,25,877
0x4bc161,96.03%,37,895,932,790,18,19,105
0x4ca12c,99.4213%,37,6357,6394,103,19,18,6254
0x608b68,99.8596%,37,26325,26362,304,5,32,26021
0x48c9a1,99.5537%,36,8030,8066,1827,27,9,6203
0x47a1fb,99.6671%,36,10778,10814,47,18,18,10731
0x4ba981,99.4017%,36,5981,6017,5946,17,19,35
0x6098ad,98.3614%,36,2161,2197,1963,15,21,198
0x5ee997,83.4862%,36,182,218,0,0,36,182
0x4ca634,99.6865%,36,11447,11483,2363,18,18,9084
0x47c5df,99.419%,36,6160,6196,5847,15,21,313
0x48bbcb,98.8286%,35,2953,2988,325,14,21,2628
0x476589,92.0814%,35,407,442,166,23,12,241
0x479eac,97.3424%,35,1282,1317,1065,10,25,217
0x4d8b96,72.2222%,35,91,126,9,21,14,82
0x4d8a6c,98.9688%,35,3359,3394,3319,17,18,40
0x4adb91,93.7276%,35,523,558,365,9,26,158
0x4d0701,99.4006%,35,5804,5839,18,22,13,5786
0x401fff,99.013%,35,3511,3546,10,22,13,3501
0x4c492b,94.6565%,35,620,655,561,18,17,59
0x47006d,99.8679%,35,26462,26497,22141,14,21,4321
0x47b39e,99.6575%,35,10185,10220,2572,20,15,7613
0x5f1ea7,98.2301%,34,1887,1921,0,0,34,1887
0x6099ad,97.2085%,34,1184,1218,996,16,18,188
0x5f1df2,96.7619%,34,1016,1050,931,14,20,85
0x46d706,89.881%,34,302,336,81,16,18,221
0x50fa46,82.0106%,34,155,189,155,15,19,0
0x4b95ba,86.7704%,34,223,257,115,20,14,108
0x4cc596,99.9846%,34,221070,221104,26,3,31,221044
0x4c5985,99.929%,34,47857,47891,229,12,22,47628
0x4cbcbc,97.5273%,34,1341,1375,971,26,8,370
0x4d62e1,99.7712%,34,14825,14859,94,11,23,14731
0x4b8bd8,99.7795%,33,14936,14969,14802,27,6,134
0x4df1f5,79.2453%,33,126,159,53,19,14,73
0x4ac305,97.4771%,33,1275,1308,122,22,11,1153
0x419616,95.2312%,33,659,692,0,0,33,659
0x4437d7,97.7733%,33,1449,1482,997,17,16,452
0x609a08,98.1293%,33,1731,1764,952,26,7,779
0x465256,86.0759%,33,204,237,49,12,21,155
0x5ef0ce,97.9617%,33,1586,1619,1020,28,5,566
0x47b935,86.5854%,33,213,246,14,16,17,199
0x50fbd9,95.3456%,33,676,709,675,9,24,1
0x41af5b,98.5981%,33,2321,2354,2250,15,18,71
0x50fb5d,97.9194%,32,1506,1538,951,21,11,555
0x48bbef,98.792%,32,2617,2649,1685,4,28,932
0x476b41,99.3127%,32,4624,4656,238,29,3,4386
0x4cf853,99.8078%,32,16613,16645,16356,13,19,257
0x4ca756,99.1074%,32,3553,3585,2327,12,20,1226
0x5fa266,90.6706%,32,311,343,81,18,14,230
0x50fc40,96.7447%,32,951,983,542,16,16,409
0x4c260b,99.8077%,32,16605,16637,16603,13,19,2
0x46c781,98.2749%,32,1823,1855,875,13,19,948
0x4d5ab3,99.8648%,31,22906,22937,7256,18,13,15650
0x60974b,98.7905%,31,2532,2563,1895,12,19,637
0x4bc11c,98.7062%,31,2365,2396,2106,10,21,259
0x469919,96.5363%,31,864,895,614,15,16,250
0x4c3715,99.9835%,31,187953,187984,187953,31,0,0
0x417f3a,99.8967%,31,29975,30006,211,11,20,29764
0x47695b,97.7003%,31,1317,1348,218,16,15,1099
0x4bedac,99.0622%,30,3169,3199,3142,13,17,27
0x48c543,98.6934%,30,2266,2296,325,14,16,1941
0x45afda,93.3775%,30,423,453,4,2,28,419
0x4ac923,96.5116%,30,830,860,187,15,15,643
0x4d318d,99.4828%,30,5771,5801,3025,21,9,2746
0x50fa38,84.127%,30,159,189,9,19,11,150
0x4d8f71,99.8494%,30,19887,19917,17602,15,15,2285
0x49ef26,91.7355%,30,333,363,103,17,13,230
0x5fa313,57.1429%,30,40,70,3,16,14,37
0x5fa2fe,69.0722%,30,67,97,11,16,14,56
0x4a7a5c,95.5022%,30,637,667,34,20,10,603
0x479b08,99.7494%,30,11940,11970,11801,21,9,139
0x4ba80d,99.9302%,30,42949,42979,42030,17,13,919
0x4c4e8e,98.8313%,30,2537,2567,596,15,15,1941
0x60a94a,84.375%,30,162,192,26,17,13,136
0x4baf43,96.3009%,30,781,811,761,15,15,20
0x48c702,99.2183%,29,3681,3710,2717,8,21,964
0x4b9ff0,96.697%,29,849,878,814,7,22,35
0x42080d,83.237%,29,144,173,113,19,10,31
0x4d6344,97.6966%,29,1230,1259,2,7,22,1228
0x5f078d,79.1367%,29,110,139,53,12,17,57
0x45c284,93.6543%,29,428,457,383,5,24,45
0x4d631d,97.7572%,29,1264,1293,3,14,15,1261
0x4affbe,72.1154%,29,75,104,46,6,23,29
0x417f16,99.9049%,29,30475,30504,479,19,10,29996
0x46751f,86.3415%,28,177,205,94,20,8,83
0x48c981,99.3846%,28,4522,4550,1079,20,8,3443
0x5f0cf6,96.0057%,28,673,701,653,13,15,20
0x5f1da1,69.8925%,28,65,93,46,12,16,19
0x5f0c6e,87.931%,28,204,232,198,7,21,6
0x4da9e9,99.6256%,28,7451,7479,131,19,9,7320
0x476e94,99.3697%,28,4414,4442,37,19,9,4377
0x5f0b2a,58.8235%,28,40,68,14,14,14,26
0x4c9e66,99.7913%,28,13386,13414,92,20,8,13294
0x4a7aa2,95.4323%,28,585,613,235,18,10,350
0x4a1192,93.5484%,28,406,434,367,15,13,39
0x4571f6,98.5722%,28,1933,1961,303,19,9,1630
0x41a520,99.4528%,28,5089,5117,65,19,9,5024
0x50fc4e,99.023%,28,2838,2866,387,17,11,2451
0x60a4e2,72.549%,28,74,102,26,13,15,48
0x4c7b0b,98.0378%,28,1399,1427,318,14,14,1081
0x4cd42c,99.8042%,28,14271,14299,0,0,28,14271
0x407c43,99.8019%,28,14103,14131,14103,18,10,0
0x48cb3f,98.6267%,27,1939,1966,988,10,17,951
0x48cad1,98.484%,27,1754,1781,679,15,12,1075
0x466d2c,94.501%,27,464,491,237,12,15,227
0x60a2c0,73.5294%,27,75,102,42,8,19,33
0x4b96f9,99.2556%,27,3600,3627,1724,9,18,1876
0x4e2668,71.5789%,27,68,95,50,12,15,18
0x4c3c24,97.812%,27,1207,1234,1193,14,13,14
0x4d6337,97.884%,27,1249,1276,0,17,10,1249
0x479e45,99.721%,27,9651,9678,8476,25,2,1175
0x47bc5d,88.843%,27,215,242,15,15,12,200
0x4b9c5b,99.7895%,27,12800,12827,12800,10,17,0
0x4b9568,99.6804%,27,8421,8448,62,14,13,8359
0x48cb6b,98.3405%,27,1600,1627,640,19,8,960
0x41893c,89.1566%,27,222,249,126,5,22,96
0x4bc1ff,98.7204%,27,2083,2110,172,9,18,1911
0x60afda,93.1034%,26,351,377,59,12,14,292
0x4a84fa,86.5285%,26,167,193,147,14,12,20
0x4a72a3,94.5148%,26,448,474,105,11,15,343
0x477089,99.9071%,26,27965,27991,27961,18,8,4
0x465677,93.2817%,26,361,387,160,19,7,201
0x41a563,99.3409%,26,3919,3945,3682,13,13,237
0x41b056,98.7135%,26,1995,2021,1948,7,19,47
0x4184ec,55.1724%,26,32,58,28,13,13,4
0x5ef1c3,94.1704%,26,420,446,402,10,16,18
0x4b94ea,96.3483%,26,686,712,663,5,21,23
0x4d8b55,95.3959%,25,518,543,3,16,9,515
0x4d078c,99.6777%,25,7732,7757,7598,5,20,134
0x47b1b7,99.7944%,25,12134,12159,11969,15,10,165
0x4d3754,99.1499%,25,2916,2941,2903,22,3,13
0x5fa256,93.1694%,25,341,366,2,21,4,339
0x4c2360,98.2332%,25,1390,1415,20,13,12,1370
0x4c6cc7,79.8387%,25,99,124,39,10,15,60
0x4a23d1,92.8367%,25,324,349,264,14,11,60
0x479eb6,89.6694%,25,217,242,66,15,10,151
0x476fc9,99.9288%,25,35110,35135,35110,25,0,0
0x5f07d6,73.1183%,25,68,93,26,13,12,42
0x5ef074,99.7003%,25,8316,8341,7415,3,22,901
0x408dad,92.1136%,25,292,317,292,25,0,0
0x4ca369,99.9867%,25,187959,187984,187959,25,0,0
0x4a239e,94.0048%,25,392,417,372,11,14,20
0x4cc832,99.7712%,25,10902,10927,10885,14,11,17
0x4d76c5,99.3701%,25,3944,3969,488,18,7,3456
0x476e01,99.712%,25,8657,8682,4541,14,11,4116
0x418972,99.9175%,25,30282,30307,25574,13,12,4708
0x4cc712,99.8614%,25,18009,18034,7,13,12,18002
0x4cc57c,99.9887%,25,221079,221104,221079,25,0,0
0x4d07d4,99.6777%,25,7732,7757,676,6,19,7056
0x50fe81,95.8194%,25,573,598,140,10,15,433
0x4189fd,99.9208%,24,30283,30307,487,10,14,29796
0x4d091b,99.4386%,24,4251,4275,4251,24,0,0
0x45734f,97.6879%,24,1014,1038,78,11,13,936
0x4d8a2b,99.3182%,24,3496,3520,3474,20,4,22
0x60a7fa,89.2377%,24,199,223,50,12,12,149
0x4ce2ae,99.9883%,24,205265,205289,205265,24,0,0
0x4c4152,97.8571%,24,1096,1120,1,16,8,1095
0x4655a9,93.7984%,24,363,387,231,22,2,132
0x60addc,65.2174%,24,45,69,25,10,14,20
0x5f0593,89.4273%,24,203,227,92,14,10,111
0x4184ab,63.6364%,24,42,66,9,9,15,33
0x4d0e4b,97.1598%,24,821,845,392,17,7,429
0x48cb7e,98.7792%,24,1942,1966,1306,8,16,636
0x477f1f,99.5513%,23,5103,5126,0,0,23,5103
0x408d0a,83.5714%,23,117,140,52,12,11,65
0x60ba5a,94.9115%,23,429,452,81,14,9,348
0x48cb0b,99.218%,23,2918,2941,312,18,5,2606
0x46e9e2,97.5322%,23,909,932,424,11,12,485
0x4be9e1,99.5354%,23,4928,4951,295,8,15,4633
0x475f73,99.9572%,23,53755,53778,53755,23,0,0
0x4210bc,94.2786%,23,379,402,14,17,6,365
0x479e14,99.7623%,23,9655,9678,44,15,8,9611
0x47abcf,98.9277%,23,2122,2145,2064,16,7,58
0x4ac326,98.2416%,23,1285,1308,348,8,15,937
0x4cb4a0,99.738%,23,8756,8779,7525,10,13,1231
0x6097dd,98.9841%,23,2241,2264,1857,13,10,384
0x4d0e1b,97.6578%,23,959,982,740,5,18,219
0x4c4658,99.987%,23,177240,177263,0,0,23,177240
0x479006,99.5506%,23,5095,5118,5050,18,5,45
0x60ae8a,76.5306%,23,75,98,48,9,14,27
0x4c4ee3,99.1587%,23,2711,2734,2368,17,6,343
0x5ee8f3,88.0208%,23,169,192,0,0,23,169
0x4cd431,99.8391%,23,14276,14299,0,0,23,14276
0x4d1a7b,92.5566%,23,286,309,25,11,12,261
0x4c63cb,99.981%,23,121154,121177,121154,23,0,0
0x4c8925,92.0139%,23,265,288,265,10,13,0
0x46c530,99.6468%,23,6489,6512,91,10,13,6398
0x4adbb0,87.5%,23,161,184,82,10,13,79
0x4a72a8,93.8547%,22,336,358,26,11,11,310
0x4d5847,99.6883%,22,7037,7059,5648,1,21,1389
0x463b97,99.1256%,22,2494,2516,2234,6,16,260
0x476201,99.9245%,22,29134,29156,0,0,22,29134
0x47d2e5,99.5553%,22,4925,4947,4913,7,15,12
0x4d89c9,99.8954%,22,21017,21039,0,0,22,21017
0x478cfa,98.6959%,22,1665,1687,102,15,7,1563
0x476da2,99.4787%,22,4198,4220,3904,6,16,294
0x4cc9ef,99.989%,22,199307,199329,199307,22,0,0
0x60903d,96.9444%,22,698,720,618,14,8,80
0x4cc719,99.8779%,22,17992,18014,0,0,22,17992
0x609ed6,82.4%,22,103,125,18,9,13,85
0x464977,89.5238%,22,188,210,42,10,12,146
0x427965,91.9414%,22,251,273,247,11,11,4
0x476158,99.9344%,22,33529,33551,33529,22,0,0
0x4c456f,99.6514%,22,6289,6311,73,17,5,6216
0x417fa0,99.9279%,22,30482,30504,59,7,15,30423
0x4c6cb6,99.6138%,22,5674,5696,5565,7,15,109
0x5ef13a,98.7029%,21,1598,1619,1595,8,13,3
0x4cf56f,99.8979%,21,20550,20571,0,0,21,20550
0x47980d,99.5897%,21,5097,5118,679,10,11,4418
0x5f06b9,99.5964%,21,5182,5203,0,0,21,5182
0x4c54f1,99.8156%,21,11365,11386,8442,16,5,2923
0x4c7b00,99.8238%,21,11895,11916,10479,10,11,1416
0x4c642b,99.9827%,21,121156,121177,121150,19,2,6
0x470057,99.9208%,21,26491,26512,3,12,9,26488
0x475fca,99.878%,21,17194,17215,1058,9,12,16136
0x47819d,97.2112%,21,732,753,55,14,7,677
0x47b906,99.268%,21,2848,2869,2606,17,4,242
0x4ac918,97.7468%,21,911,932,53,19,2,858
0x476d41,99.549%,21,4635,4656,424,12,9,4211
0x48bc1b,97.9146%,21,986,1007,466,12,9,520
0x41a678,99.7095%,21,7208,7229,362,14,7,6846
0x467253,97.2656%,21,747,768,574,19,2,173
0x609731,99.5385%,21,4529,4550,3824,11,10,705
0x479e08,99.7933%,20,9658,9678,387,10,10,9271
0x4a86d1,87.2611%,20,137,157,66,11,9,71
0x4cfbf9,99.8612%,20,14386,14406,14386,20,0,0
0x50fdf1,95.4545%,20,420,440,420,10,10,0
0x60a383,60%,20,30,50,13,12,8,17
0x417e2b,99.9344%,20,30484,30504,0,0,20,30484
0x4be006,80.5825%,20,83,103,82,7,13,1
0x5114de,99.9894%,20,188093,188113,188093,20,0,0
0x4b9b79,91.1111%,20,205,225,53,12,8,152
0x48d48e,94.2693%,20,329,349,8,1,19,321
0x4d74e3,99.7908%,20,9540,9560,3,3,17,9537
0x476727,98.9801%,20,1941,1961,1877,17,3,64
0x4bc24b,83.871%,20,104,124,68,9,11,36
0x4996e8,96.8203%,20,609,629,3,15,5,606
0x4cc552,99.9264%,20,27149,27169,2290,7,13,24859
0x4adc4e,94.6524%,20,354,374,0,0,20,354
0x60a89c,85.6115%,20,119,139,8,8,12,111
0x5ef4fe,98.7647%,20,1599,1619,563,8,12,1036
0x418eae,98.7302%,20,1555,1575,1552,6,14,3
0x428065,72.2222%,20,52,72,28,14,6,24
0x4b2f82,70.5882%,20,48,68,26,8,12,22
0x417f1b,99.9333%,20,29986,30006,29986,20,0,0
0x50fc5b,92.3664%,20,242,262,102,10,10,140
0x4a618a,94.2363%,20,327,347,46,8,12,281
0x4cb6e7,99.4661%,20,3726,3746,3726,20,0,0
0x418a04,99.9329%,20,29790,29810,1238,13,7,28552
0x4cce6e,98.8883%,20,1779,1799,134,8,12,1645
0x4b959e,99.7388%,20,7638,7658,244,13,7,7394
0x4cab42,99.1332%,19,2173,2192,113,6,13,2060
0x4e2448,73.6111%,19,53,72,41,7,12,12
0x41740d,85.8209%,19,115,134,76,12,7,39
0x4d0e42,98.0652%,19,963,982,123,14,5,840
0x4a79f7,82.243%,19,88,107,43,11,8,45
0x4c2592,83.0357%,19,93,112,48,4,15,45
0x49ecdc,93.0657%,19,255,274,30,4,15,225
0x60abea,87.1622%,19,129,148,24,15,4,105
0x50f7da,94.0063%,19,298,317,297,6,13,1
0x4cfc22,99.8681%,19,14387,14406,5859,10,9,8528
0x50fd73,93.8511%,19,290,309,6,10,9,284
0x4a24c6,95.9315%,19,448,467,61,10,9,387
0x48deb2,94.5559%,19,330,349,327,19,0,3
0x4c519f,99.1659%,19,2259,2278,230,7,12,2029
0x4a2b73,93.1655%,19,259,278,227,11,8,32
0x4d115e,95.3545%,19,390,409,193,7,12,197
0x4196ac,93.5811%,19,277,296,277,19,0,0
0x4d7739,99.5213%,19,3950,3969,3950,19,0,0
0x4a087b,90%,19,171,190,171,19,0,0
0x48be1d,97.8531%,19,866,885,355,3,16,511
0x419436,99.9308%,19,27423,27442,31,7,12,27392
0x427a34,90.9524%,19,191,210,134,10,9,57
0x4b90a9,99.9015%,19,19269,19288,19269,19,0,0
0x4cc4cc,99.933%,19,28342,28361,28342,19,0,0
0x50fb69,96.6431%,19,547,566,66,12,7,481
0x4da95d,99.746%,19,7460,7479,66,12,7,7394
0x465230,96.0986%,19,468,487,468,6,13,0
0x60aa9a,90.9953%,19,192,211,36,10,9,156
0x60ad3a,89.1429%,19,156,175,32,13,6,124
0x50f5d4,99.3231%,18,2641,2659,0,0,18,2641
0x4c7a83,96.0613%,18,439,457,207,7,11,232
0x4d050f,99.7731%,18,7916,7934,25,10,8,7891
0x4a2b5f,78.3133%,18,65,83,43,7,11,22
0x47b263,89.7143%,18,157,175,62,14,4,95
0x5fa328,64.7059%,18,33,51,5,10,8,28
0x50fb28,99.7511%,18,7213,7231,183,12,6,7030
0x4b8e0d,98.8722%,18,1578,1596,1567,13,5,11
0x4b9e76,99.4391%,18,3191,3209,151,13,5,3040
0x476f1f,99.5896%,18,4368,4386,435,5,13,3933
0x4d65ec,99.9215%,18,22919,22937,21911,14,4,1008
0x4d579c,99.9363%,18,28255,28273,28255,18,0,0
0x47afe6,99.7659%,18,7671,7689,7649,12,6,22
0x4ca848,97.3951%,18,673,691,288,8,10,385
0x4d583e,99.7495%,18,7169,7187,119,9,9,7050
0x4bb84a,92.562%,18,224,242,13,13,5,211
0x4ac310,93.3333%,18,252,270,62,6,12,190
0x4cdf27,99.8635%,18,13164,13182,13164,18,0,0
0x465276,92.4051%,18,219,237,149,13,5,70
0x47bad7,82.5243%,18,85,103,18,8,10,67
0x4cf5a3,99.9125%,18,20553,20571,0,0,18,20553
0x4df6f7,75%,18,54,72,54,9,9,0
0x60a2c6,67.3077%,17,35,52,18,9,8,17
0x47dd71,99.2914%,17,2382,2399,2382,5,12,0
0x4cb612,99.5681%,17,3919,3936,2,11,6,3917
0x5ee9b3,92.2018%,17,201,218,201,8,9,0
0x4a84a6,91.1917%,17,176,193,89,5,12,87
0x48cbbe,98.7062%,17,1297,1314,981,9,8,316
0x45b339,94.0559%,17,269,286,6,14,3,263
0x50f601,99.3607%,17,2642,2659,2642,17,0,0
0x609828,98.4432%,17,1075,1092,523,12,5,552
0x4c6e83,99.4194%,17,2911,2928,85,9,8,2826
0x46ce49,96.5726%,17,479,496,464,8,9,15
0x4079ba,99.8792%,17,14052,14069,14050,9,8,2
0x4ca3ee,99.991%,17,187967,187984,187967,17,0,0
0x4cc858,99.8444%,17,10910,10927,5,12,5,10905
0x406fa6,99.2644%,17,2294,2311,2294,6,11,0
0x48c27b,98.6943%,17,1285,1302,820,4,13,465
0x47da2b,99.4014%,17,2823,2840,2822,4,13,1
0x45c2f1,95.6186%,17,371,388,81,11,6,290
0x60a59f,56.4103%,17,22,39,15,4,13,7
0x418be7,99.4039%,17,2835,2852,0,0,17,2835
0x4bdd0e,98.9691%,17,1632,1649,70,8,9,1562
0x4d3768,99.422%,17,2924,2941,2924,17,0,0
0x4bb47c,95.3297%,17,347,364,284,5,12,63
0x5f0698,99.6817%,16,5010,5026,0,0,16,5010
0x4c5993,99.9664%,16,47616,47632,4,3,13,47612
0x4ca7f4,98.9319%,16,1482,1498,1091,12,4,391
0x4cfc97,99.8126%,16,8521,8537,8494,8,8,27
0x477060,99.9428%,16,27975,27991,27975,16,0,0
0x418b53,99.9516%,16,33031,33047,24582,8,8,8449
0x4be9ff,99.8331%,16,9573,9589,0,2,14,9573
0x4baf12,99.792%,16,7675,7691,205,13,3,7470
0x4d61fd,96.6316%,16,459,475,165,9,7,294
0x4d8ea9,99.9029%,16,16464,16480,0,0,16,16464
0x4c5157,99.7088%,16,5478,5494,15,7,9,5463
0x479645,97.4603%,16,614,630,580,5,11,34
0x48ca02,99.137%,16,1838,1854,1264,8,8,574
0x60b51a,68%,16,34,50,17,9,7,17
0x4c237b,98.2143%,16,880,896,40,11,5,840
0x4a72e2,95.0156%,16,305,321,225,2,14,80
0x4ba427,99.3582%,16,2477,2493,2473,3,13,4
0x60b3ca,81.8182%,16,72,88,46,11,5,26
0x4c6bef,99.4805%,16,3064,3080,2974,2,14,90
0x49ea37,94.1606%,16,258,274,196,12,4,62
0x4c9f19,99.9335%,16,24061,24077,24061,16,0,0
0x609918,98.2869%,16,918,934,788,8,8,130
0x401d28,99.4576%,16,2934,2950,263,9,7,2671
0x4d9092,99.6696%,15,4525,4540,722,11,4,3803
0x460065,99.7702%,15,6511,6526,3,6,9,6508
0x4bb06c,89.8649%,15,133,148,24,10,5,109
0x4280a5,64.2857%,15,27,42,20,4,11,7
0x4cc73a,99.8627%,15,10912,10927,10912,6,9,0
0x476824,99.2351%,15,1946,1961,1345,3,12,601
0x60b27a,97.4315%,15,569,584,84,10,5,485
0x41ada6,98.008%,15,738,753,97,14,1,641
0x4bdd44,99.0452%,15,1556,1571,988,4,11,568
0x45c298,78.2609%,15,54,69,8,8,7,46
0x4cb4d7,99.7561%,15,6135,6150,6135,15,0,0
0x5f0936,98.8914%,15,1338,1353,216,11,4,1122
0x41a4f4,99.7925%,15,7214,7229,7182,5,10,32
0x4d6e1b,98.9003%,15,1349,1364,1327,4,11,22
0x47b706,99.4772%,15,2854,2869,2852,9,6,2
0x5eefb9,99.8795%,15,12436,12451,0,0,15,12436
0x4adc06,92.1875%,15,177,192,82,10,5,95
0x46d646,97.6115%,15,613,628,231,8,7,382
0x40208c,99.5731%,15,3499,3514,3384,6,9,115
0x476530,99.6375%,15,4123,4138,4049,10,5,74
0x4d256c,87.2881%,15,103,118,103,15,0,0
0x4c3e99,98.7952%,15,1230,1245,15,12,3,1215
0x4d2de2,99.8373%,15,9206,9221,9155,8,7,51
0x4a7238,90.1961%,15,138,153,107,9,6,31
0x4d58d1,93.1193%,15,203,218,121,8,7,82
0x4c5bfc,99.9685%,15,47628,47643,47531,13,2,97
0x427a5a,77.2727%,15,51,66,32,7,8,19
0x476488,99.886%,15,13141,13156,564,5,10,12577
0x421013,99.7666%,15,6413,6428,100,11,4,6313
0x48bc10,98.8453%,15,1284,1299,278,14,1,1006
0x49c8a5,98.0469%,15,753,768,128,11,4,625
0x4bd312,99.5803%,15,3559,3574,79,12,3,3480
0x46012c,99.77%,15,6508,6523,6490,8,7,18
0x408cfc,84.6939%,15,83,98,11,10,5,72
0x419ade,98.3051%,15,870,885,724,13,2,146
0x48cdd1,95.5752%,15,324,339,321,15,0,3
0x60a79e,75.8065%,15,47,62,47,15,0,0
0x4b0996,96.3592%,15,397,412,201,5,10,196
0x4bc1f0,99.2911%,15,2101,2116,2,4,11,2099
0x4adccb,96.2567%,14,360,374,95,11,3,265
0x46d653,95.5414%,14,300,314,4,4,10,296
0x45b59a,99.8122%,14,7439,7453,7419,13,1,20
0x4d970c,99.9335%,14,21025,21039,21025,14,0,0
0x49ec1a,86%,14,86,100,44,6,8,42
0x47a98e,99.9449%,14,25410,25424,25410,14,0,0
0x463c54,99.4436%,14,2502,2516,2242,1,13,260
0x467538,84.6154%,14,77,91,23,7,7,54
0x4bd321,99.598%,14,3469,3483,44,8,6,3425
0x4c02dd,99.3764%,14,2231,2245,1,9,5,2230
0x4a6219,92.6316%,14,176,190,124,12,2,52
0x478076,99.4894%,14,2728,2742,9,9,5,2719
0x60b12a,68.1818%,14,30,44,20,7,7,10
0x476648,99.8762%,14,11291,11305,11291,14,0,0
0x46d6cd,95.8333%,14,322,336,207,2,12,115
0x47aa36,99.9449%,14,25410,25424,25410,14,0,0
0x4d90b8,98.9848%,14,1365,1379,1279,4,10,86
0x4baffb,83.7209%,14,72,86,68,6,8,4
0x4df330,80.5556%,14,58,72,42,9,5,16
0x60b90a,91.4634%,14,150,164,36,7,7,114
0x4a0856,92.6316%,14,176,190,146,8,6,30
0x459cb9,91.358%,14,148,162,2,1,13,146
0x4ac982,97.2973%,14,504,518,479,5,9,25
0x4762c0,99.8936%,14,13142,13156,13142,14,0,0
0x50aff9,99.9754%,14,56980,56994,0,0,14,56980
0x46d0c4,99.2063%,14,1750,1764,276,11,3,1474
0x46febf,99.7741%,14,6184,6198,944,12,2,5240
0x476172,99.9583%,14,33537,33551,0,0,14,33537
0x478afb,99.73%,14,5171,5185,3024,6,8,2147
0x4d76f0,99.6473%,14,3955,3969,2318,6,8,1637
0x5f3184,99.4735%,14,2645,2659,0,9,5,2645
0x4b8a60,86.5385%,14,90,104,59,7,7,31
0x4ac9f8,91.7647%,14,156,170,31,3,11,125
0x41934b,99.9097%,14,15490,15504,15490,14,0,0
0x4c4d97,92.5532%,14,174,188,90,11,3,84
0x4df8d9,81.3333%,14,61,75,55,8,6,6
0x401895,99.8301%,14,8228,8242,482,8,6,7746
0x4be5b4,99.8638%,14,10263,10277,605,11,3,9658
0x4b8b01,86.5385%,14,90,104,41,11,3,49
0x4a63a2,84.4444%,14,76,90,76,14,0,0
0x4d575a,99.9505%,14,28259,28273,28259,14,0,0
0x4d0be4,53.3333%,14,16,30,16,14,0,0
0x48cd11,98.9122%,14,1273,1287,957,6,8,316
0x4a3fc9,83.1325%,14,69,83,40,10,4,29
0x427bd6,66.6667%,14,28,42,5,10,4,23
0x45fcb2,80.303%,13,53,66,5,7,6,48
0x48c4a7,98.709%,13,994,1007,955,5,8,39
0x4d5c8e,99.917%,13,15650,15663,15638,5,8,12
0x4bf7fd,51.8519%,13,14,27,11,6,7,3
0x4c5829,99.9729%,13,47935,47948,42607,6,7,5328
0x4d1df7,95.2381%,13,260,273,7,8,5,253
0x4d0570,99.834%,13,7818,7831,7780,11,2,38
0x47628b,99.9012%,13,13143,13156,13143,13,0,0
0x4abeeb,91.0959%,13,133,146,72,8,5,61
0x4d5a6f,99.9433%,13,22924,22937,22924,13,0,0
0x4cf893,99.921%,13,16439,16452,16439,13,0,0
0x45b040,94.4915%,13,223,236,137,9,4,86
0x4c256d,99.8652%,13,9631,9644,9574,10,3,57
0x47ce3c,99.7377%,13,4943,4956,3,6,7,4940
0x4c2330,97.3843%,13,484,497,483,6,7,1
0x408af0,95.8991%,13,304,317,304,10,3,0
0x46fe86,99.951%,13,26531,26544,26531,13,0,0
0x4d04d9,99.8361%,13,7921,7934,7822,9,4,99
0x5f0b0a,75%,13,39,52,4,8,5,35
0x4d8e8a,99.9211%,13,16467,16480,16467,11,2,0
0x47c632,96.1078%,13,321,334,319,5,8,2
0x479aaf,99.8914%,13,11957,11970,11957,10,3,0
0x48d675,99.7921%,13,6240,6253,1,8,5,6239
0x47b4ea,99.8728%,13,10207,10220,1219,5,8,8988
0x476182,99.9613%,13,33538,33551,0,0,13,33538
0x4d8fc6,99.6663%,13,3883,3896,0,0,13,3883
0x4b905a,99.9326%,13,19275,19288,9638,6,7,9637
0x47b659,99.5469%,13,2856,2869,0,0,13,2856
0x46c841,99.2992%,13,1842,1855,1356,10,3,486
0x4d4101,90.7801%,13,128,141,110,10,3,18
0x46162f,97.9656%,13,626,639,6,6,7,620
0x443768,99.1228%,13,1469,1482,0,0,13,1469
0x4a1177,97.234%,13,457,470,27,9,4,430
0x4d5cc6,96.0486%,13,316,329,251,9,4,65
0x46c918,99.2992%,13,1842,1855,0,0,13,1842
0x412f33,99.7846%,13,6021,6034,28,8,5,5993
0x45b32a,96.1424%,13,324,337,47,4,9,277
0x4e069b,81.9444%,13,59,72,17,4,9,42
0x417e3a,99.9574%,13,30491,30504,0,0,13,30491
0x4de2d7,55.1724%,13,16,29,16,13,0,0
0x46c84c,97.3415%,13,476,489,124,8,5,352
0x47aa76,99.9493%,13,25637,25650,84,6,7,25553
0x50fe11,98.0031%,13,638,651,638,0,13,0
0x47707b,99.9536%,13,27978,27991,0,0,13,27978
0x478aa9,99.7493%,13,5172,5185,5160,6,7,12
0x49ed13,80.8824%,13,55,68,26,8,5,29
0x421026,99.7942%,13,6304,6317,1350,2,11,4954
0x4ca175,94.1704%,13,210,223,43,6,7,167
0x4781d5,98.2736%,13,740,753,722,10,3,18
0x47bd53,99.1597%,13,1534,1547,206,6,7,1328
0x49f6fe,95.2555%,13,261,274,231,9,4,30
0x4a73a8,91.5033%,13,140,153,107,9,4,33
0x418a0e,99.958%,12,28547,28559,25577,9,3,2970
0x49ce6d,99.4697%,12,2251,2263,1829,4,8,422
0x4cf6c8,99.9417%,12,20559,20571,0,0,12,20559
0x4e2955,82.6087%,12,57,69,53,9,3,4
0x5dd8f3,78.9474%,12,45,57,42,6,6,3
0x4c651a,99.8942%,12,11328,11340,11328,12,0,0
0x5f046a,99.9037%,12,12449,12461,0,0,12,12449
0x47d9db,99.5775%,12,2828,2840,0,0,12,2828
0x4b0417,97.5104%,12,470,482,441,7,5,29
0x4ce32e,99.8505%,12,8016,8028,8016,12,0,0
0x4bee58,99.521%,12,2493,2505,6,11,1,2487
0x420a86,99.0499%,12,1251,1263,0,0,12,1251
0x4600ce,99.8159%,12,6505,6517,0,0,12,6505
0x47c940,99.3348%,12,1792,1804,1774,2,10,18
0x4c58c5,99.9721%,12,43040,43052,0,0,12,43040
0x418edf,99.459%,12,2206,2218,2190,2,10,16
0x418b1b,99.9577%,12,28374,28386,3276,4,8,25098
0x4d63b7,99.8616%,12,8661,8673,2648,5,7,6013
0x4a7a53,98.3333%,12,708,720,48,5,7,660
0x4d1c40,66.6667%,12,24,36,5,6,6,19
0x4bdd04,99.6548%,12,3464,3476,1821,6,6,1643
0x49c728,88.3495%,12,91,103,32,2,10,59
0x476de7,99.7156%,12,4208,4220,85,8,4,4123
0x4a116f,97.83%,12,541,553,72,11,1,469
0x5f25db,99.8477%,12,7869,7881,7869,12,0,0
0x427a1f,94.6667%,12,213,225,5,10,2,208
0x4c6404,99.9901%,12,121165,121177,121165,12,0,0
0x4a7637,96.1165%,12,297,309,297,12,0,0
0x609928,99.6392%,12,3314,3326,2894,7,5,420
0x464b8f,79.661%,12,47,59,38,6,6,9
0x50fb8e,99.4222%,12,2065,2077,44,7,5,2021
0x4b8a17,88.4615%,12,92,104,47,5,7,45
0x4c6ba5,99.991%,12,132596,132608,0,0,12,132596
0x524813,89.7436%,12,105,117,104,4,8,1
0x5f2603,99.8477%,12,7869,7881,0,0,12,7869
0x41a34d,96.7033%,12,352,364,351,8,4,1
0x4bafec,98.6562%,12,881,893,801,6,6,80
0x4a441f,67.5676%,12,25,37,11,9,3,14
0x47afce,99.8439%,12,7677,7689,395,9,3,7282
0x5fac9a,99.9114%,12,13529,13541,13412,8,4,117
0x41c685,91.1111%,12,123,135,114,7,5,9
0x4b8fec,99.8756%,12,9632,9644,0,0,12,9632
0x4b3539,82.3529%,12,56,68,28,6,6,28
0x41d359,99.7544%,12,4874,4886,4866,4,8,8
0x4be616,94.6429%,12,212,224,0,6,6,212
0x5f0ce9,98.2882%,12,689,701,174,6,6,515
0x4cab35,99.4803%,12,2297,2309,110,7,5,2187
0x47a1cc,95.7746%,12,272,284,2,6,6,270
0x4ac92b,98.1763%,12,646,658,94,6,6,552
0x4ca559,99.6691%,12,3615,3627,3615,12,0,0
0x49eed7,95%,12,228,240,113,7,5,115
0x4c4cd0,99.9141%,12,13958,13970,13958,12,0,0
0x469d64,90%,12,108,120,22,3,9,86
0x498cb7,99.0276%,12,1222,1234,29,7,5,1193
0x4c5c90,97.8648%,12,550,562,4,8,4,546
0x6097fb,96.0656%,12,293,305,260,8,4,33
0x464e9f,94.2857%,12,198,210,111,5,7,87
0x476c8a,94.5946%,12,210,222,60,9,3,150
0x60b9ac,74.4186%,11,32,43,4,6,5,28
0x4571fb,99.3289%,11,1628,1639,25,9,2,1603
0x4be704,99.7867%,11,5147,5158,246,2,9,4901
0x4d765e,99.8849%,11,9549,9560,9549,11,0,0
0x47c88b,94.3299%,11,183,194,172,8,3,11
0x4a5903,67.6471%,11,23,34,12,5,6,11
0x4d8f30,99.9268%,11,15023,15034,10598,6,5,4425
0x4be7ce,99.8918%,11,10159,10170,10151,7,4,8
0x4a1fed,97.4654%,11,423,434,408,9,2,15
0x50fae3,97.3684%,11,407,418,25,4,7,382
0x47c5f3,96.7066%,11,323,334,323,11,0,0
0x46c4aa,99.7039%,11,3704,3715,3704,5,6,0
0x4cb584,89.4231%,11,93,104,93,11,0,0
0x4be654,99.8919%,11,10163,10174,10163,9,2,0
0x418b8d,99.9562%,11,25095,25106,24581,9,2,514
0x4d3e12,69.4444%,11,25,36,21,6,5,4
0x4c3ebe,99.0969%,11,1207,1218,1108,3,8,99
0x4c4b2a,99.9917%,11,132597,132608,132597,11,0,0
0x420831,93.6416%,11,162,173,161,11,0,1
0x464762,97.1576%,11,376,387,367,5,6,9
0x47baae,94.9074%,11,205,216,96,9,2,109
0x4172c4,91.791%,11,123,134,84,8,3,39
0x4cfb06,99.9382%,11,17797,17808,17701,9,2,96
0x48cb87,98.3129%,11,641,652,526,7,4,115
0x48d0ec,96.8481%,11,338,349,0,3,8,338
0x417e61,99.9639%,11,30491,30502,30491,11,0,0
0x4d630d,99.7496%,11,4382,4393,3095,5,6,1287
0x4990c0,98.5677%,11,757,768,757,11,0,0
0x421a84,99.1235%,11,1244,1255,1241,7,4,3
0x475ed5,99.9353%,11,17000,17011,17000,11,0,0
0x4a2ba2,72.5%,11,29,40,12,8,3,17
0x45c273,97.7178%,11,471,482,452,5,6,19
0x50fb0d,99.8987%,11,10846,10857,0,0,11,10846
0x4b3152,83.8235%,11,57,68,28,6,5,29
0x4be5c0,99.8861%,11,9650,9661,9645,8,3,5
0x4c4d83,99.6368%,11,3018,3029,3,6,5,3015
0x5ee92d,99.6568%,11,3194,3205,3189,7,4,5
0x4c6c28,81.6667%,11,49,60,14,4,7,35
0x4cf6de,99.9339%,11,16634,16645,16634,11,0,0
0x4d57c8,99.9611%,11,28262,28273,0,0,11,28262
0x50fad3,97.4596%,11,422,433,14,1,10,408
0x4e2b22,84.7222%,11,61,72,8,5,6,53
0x477daa,99.2754%,11,1507,1518,1,5,6,1506
0x4ad342,85.1351%,11,63,74,29,8,3,34
0x4a2a79,86.747%,11,72,83,16,1,10,56
0x4c4858,99.8532%,11,7483,7494,7483,11,0,0
0x4cebb6,99.166%,11,1308,1319,1308,11,0,0
0x4d5e00,99.6611%,11,3235,3246,8,4,7,3227
0x477f0f,99.788%,11,5178,5189,58,5,6,5120
0x40a696,99.8233%,11,6215,6226,5895,6,5,320
0x4bbacc,94.086%,11,175,186,64,10,1,111
0x50f5be,99.5863%,11,2648,2659,2648,11,0,0
0x4acb44,67.6471%,11,23,34,11,6,5,12
0x49ee1d,84.7222%,11,61,72,29,7,4,32
0x458e0f,62.069%,11,18,29,9,0,11,9
0x4d6d4b,99.1935%,11,1353,1364,32,1,10,1321
0x478f29,98.8601%,11,954,965,30,8,3,924
0x465a0e,92.4658%,11,135,146,135,9,2,0
0x4c598e,99.9769%,11,47639,47650,17,1,10,47622
0x4c63e6,99.9909%,11,121166,121177,121166,11,0,0
0x49f4dd,95.9559%,11,261,272,232,6,5,29
0x45822d,98.4035%,11,678,689,19,1,10,659
0x4c5861,99.7856%,11,5119,5130,4889,7,4,230
0x47d3ad,99.7776%,11,4936,4947,7,6,5,4929
0x4d0569,99.8595%,11,7820,7831,0,0,11,7820
0x4c4eaa,99.5647%,11,2516,2527,342,6,5,2174
0x4c9fda,99.9251%,11,14672,14683,14672,11,0,0
0x419209,74.4186%,11,32,43,9,9,2,23
0x42806a,63.3333%,11,19,30,9,6,5,10
0x46983b,97.4359%,11,418,429,331,3,8,87
0x4c45c8,98.6486%,11,803,814,723,8,3,80
0x46b156,99.0654%,11,1166,1177,69,8,3,1097
0x4bf7ee,99.8148%,10,5391,5401,5372,2,8,19
0x4abe76,88.3721%,10,76,86,13,7,3,63
0x46d182,99.122%,10,1129,1139,1129,10,0,0
0x408c01,96.8454%,10,307,317,3,4,6,304
0x4cf5e5,94.382%,10,168,178,166,3,7,2
0x4bbac1,95%,10,190,200,6,8,2,184
0x4d59e2,99.7512%,10,4010,4020,4008,4,6,2
0x4672e2,98.6979%,10,758,768,758,10,0,0
0x4d7526,99.8954%,10,9550,9560,9550,10,0,0
0x4d263d,91.5254%,10,108,118,107,2,8,1
0x465981,95.6332%,10,219,229,2,5,5,217
0x5ef008,99.9077%,10,10822,10832,0,0,10,10822
0x4c4b25,99.9925%,10,132598,132608,0,0,10,132598
0x4d16c5,96.7638%,10,299,309,299,10,0,0
0x4c54c1,99.9918%,10,121440,121450,0,0,10,121440
0x47af39,99.604%,10,2515,2525,2,6,4,2513
0x4a84ca,94.8187%,10,183,193,183,10,0,0
0x4b64e2,85.2941%,10,58,68,31,3,7,27
0x406c00,76.7442%,10,33,43,26,5,5,7
0x4c7aab,98.2111%,10,549,559,543,4,6,6
0x49ef53,95.8333%,10,230,240,170,4,6,60
0x40288a,99.5807%,10,2375,2385,0,6,4,2375
0x4c4598,99.8343%,10,6025,6035,5947,1,9,78
0x4d5edb,99.8625%,10,7264,7274,7264,10,0,0
0x4a8922,85.7143%,10,60,70,27,9,1,33
0x48d74a,97.1347%,10,339,349,3,7,3,336
0x47657f,97.7376%,10,432,442,0,0,10,432
0x406df9,69.697%,10,23,33,0,0,10,23
0x4c4eaf,99.5411%,10,2169,2179,672,3,7,1497
0x459cc6,93.7107%,10,149,159,126,3,7,23
0x47c5bb,99.8386%,10,6186,6196,6158,5,5,28
0x479ea1,99.2407%,10,1307,1317,1307,10,0,0
0x4cf8e4,99.9392%,10,16442,16452,96,2,8,16346
0x63387f,82.4561%,10,47,57,2,4,6,45
0x4d6403,94.1176%,10,160,170,160,10,0,0
0x4172d7,92.5373%,10,124,134,42,0,10,82
0x608bdf,96.732%,10,296,306,286,5,5,10
0x479b0f,93.2432%,10,138,148,128,6,4,10
0x5f0b3e,58.3333%,10,14,24,9,7,3,5
0x41ae06,90.991%,10,101,111,87,9,1,14
0x477178,99.9643%,10,27981,27991,27981,10,0,0
0x4d96f7,99.9525%,10,21029,21039,0,0,10,21029
0x4d9754,99.9525%,10,21029,21039,0,0,10,21029
0x5f0b35,75%,10,30,40,8,8,2,22
0x4c9e74,99.9248%,10,13292,13302,13292,10,0,0
0x5f304f,99.6239%,10,2649,2659,0,0,10,2649
0x476131,99.8215%,10,5592,5602,154,7,3,5438
0x4bbd55,99.5192%,10,2070,2080,2070,10,0,0
0x459c9d,93.8272%,10,152,162,124,5,5,28
0x4d78c1,99.8734%,10,7886,7896,7886,10,0,0
0x45b79d,98.8814%,10,884,894,7,5,5,877
0x4a6352,92.1875%,10,118,128,118,10,0,0
0x4bc21a,94.4751%,10,171,181,170,9,1,1
0x4c59a7,99.979%,10,47633,47643,0,0,10,47633
0x4c893a,88.3721%,10,76,86,0,3,7,76
0x417e51,99.9672%,10,30494,30504,0,2,8,30494
0x4c9e23,99.9628%,10,26881,26891,26881,10,0,0
0x60b7ba,65.5172%,10,19,29,9,4,6,10
0x478475,96.9231%,10,315,325,75,7,3,240
0x4a7ad6,96.0474%,10,243,253,176,9,1,67
0x479cd5,93.1034%,10,135,145,115,6,4,20
0x4a3ba9,94.6809%,10,178,188,27,7,3,151
0x47a1f0,99.9075%,10,10804,10814,10804,10,0,0
0x4c4b09,99.9925%,10,132598,132608,0,0,10,132598
0x4c5a6a,99.9787%,10,46844,46854,46826,10,0,18
0x49a510,72.2222%,10,26,36,26,10,0,0
0x41883e,76.7442%,10,33,43,33,10,0,0
0x4a62da,94.7368%,10,180,190,135,7,3,45
0x4d5c54,99.8625%,10,7264,7274,7054,5,5,210
0x4bb04c,93.5065%,10,144,154,0,6,4,144
0x463b17,98.7326%,10,779,789,774,6,4,5
0x4b1631,90.3846%,10,94,104,94,10,0,0
0x4ac96b,98.2079%,10,548,558,32,8,2,516
0x45c2dd,97.6804%,9,379,388,0,0,9,379
0x4a8402,95.3368%,9,184,193,29,7,2,155
0x418521,47.0588%,9,8,17,7,5,4,1
0x4c89c1,47.0588%,9,8,17,0,4,5,8
0x4b2310,25%,9,3,12,3,3,6,0
0x412108,99.8919%,9,8319,8328,8319,9,0,0
0x4b1477,97.8155%,9,403,412,372,6,3,31
0x4d212f,40%,9,6,15,6,9,0,0
0x4ba6b6,50%,9,9,18,0,0,9,9
0x41a451,99.8755%,9,7220,7229,373,3,6,6847
0x4ca5cd,99.9216%,9,11474,11483,11474,9,0,0
0x47b22d,99.9249%,9,11975,11984,0,0,9,11975
0x4d374d,99.694%,9,2932,2941,0,0,9,2932
0x4bb6c9,97.5275%,9,355,364,355,9,0,0
0x47cbb2,99.8184%,9,4947,4956,2877,2,7,2070
0x4acce2,73.5294%,9,25,34,13,4,5,12
0x4be719,99.9115%,9,10165,10174,0,0,9,10165
0x4a6178,97.4063%,9,338,347,310,3,6,28
0x478d3f,92.3077%,9,108,117,0,0,9,108
0x419345,99.942%,9,15495,15504,0,0,9,15495
0x4ba96b,99.8504%,9,6008,6017,0,0,9,6008
0x4bee8b,99.9928%,9,124153,124162,0,0,9,124153
0x4c5b76,99.9808%,9,46845,46854,0,0,9,46845
0x479072,99.9169%,9,10817,10826,45,9,0,10772
0x464573,97.6744%,9,378,387,205,2,7,173
0x476752,99.5411%,9,1952,1961,1951,7,2,1
0x4d568f,99.6319%,9,2436,2445,2436,9,0,0
0x4a32ab,96.2185%,9,229,238,97,4,5,132
0x5f2c33,99.9137%,9,10417,10426,0,0,9,10417
0x4d2dec,84.4828%,9,49,58,0,0,9,49
0x4b8b7b,99.9399%,9,14960,14969,0,0,9,14960
0x4adba1,95.1087%,9,175,184,64,4,5,111
0x47d0bf,50%,9,9,18,6,9,0,3
0x60ad7e,74.2857%,9,26,35,26,9,0,0
0x49efee,91%,9,91,100,78,5,4,13
0x45010c,0%,9,0,9,0,0,9,0
0x4ca138,99.8565%,9,6263,6272,6214,6,3,49
0x50f4f9,99.7017%,9,3008,3017,39,8,1,2969
0x4d0e54,97.9358%,9,427,436,0,6,3,427
0x4d2e24,99.9018%,9,9157,9166,9157,9,0,0
0x4a7ab1,97.5%,9,351,360,267,8,1,84
0x420a1a,99.2874%,9,1254,1263,1254,9,0,0
0x478497,89.0244%,9,73,82,73,9,0,0
0x4994c7,98.5692%,9,620,629,369,4,5,251
0x4700d0,99.966%,9,26488,26497,13,3,6,26475
0x47a6c4,99.9652%,9,25862,25871,0,0,9,25862
0x467216,93.5252%,9,130,139,120,5,4,10
0x402062,99.7117%,9,3113,3122,3103,7,2,10
0x45dddb,97.1963%,9,312,321,11,1,8,301
0x4b8ea0,99.9067%,9,9635,9644,0,0,9,9635
0x4d5d48,86.9565%,9,60,69,56,7,2,4
0x4073da,72.7273%,9,24,33,7,3,6,17
0x4be851,99.9114%,9,10149,10158,10140,6,3,9
0x419425,99.9672%,9,27433,27442,27433,9,0,0
0x420b1e,99.3177%,9,1310,1319,0,0,9,1310
0x4cab55,99.5658%,9,2064,2073,1,2,7,2063
0x401847,99.8909%,9,8237,8246,8206,6,3,31
0x45b1ea,98%,9,441,450,62,1,8,379
0x4c228f,99.5288%,9,1901,1910,1417,6,3,484
0x50fb51,99.419%,9,1540,1549,5,6,3,1535
0x418b72,99.9634%,9,24581,24590,24581,9,0,0
0x49f3f5,96.7153%,9,265,274,66,6,3,199
0x4d5747,99.9682%,9,28264,28273,0,0,9,28264
0x4ac32f,99.0546%,9,943,952,32,2,7,911
0x4da8d7,99.8797%,9,7470,7479,0,0,9,7470
0x4b15a1,91.3462%,9,95,104,0,0,9,95
0x4996fe,98.527%,9,602,611,589,4,5,13
0x4a667c,73.5294%,9,25,34,0,3,6,25
0x4c7a75,98.39%,9,550,559,97,5,4,453
0x420813,78.0488%,9,32,41,0,0,9,32
0x4c57ef,99.9788%,9,42537,42546,0,0,9,42537
0x4da9f2,99.8772%,9,7320,7329,3,8,1,7317
0x45aaf8,96.4286%,9,243,252,243,9,0,0
0x46b0c1,99.2353%,9,1168,1177,1158,4,5,10
0x477ef3,99.8266%,9,5180,5189,5180,9,0,0
0x479ec6,88.8889%,9,72,81,69,7,2,3
0x4780cf,99.6696%,9,2715,2724,2704,6,3,11
0x4d8ffa,99.9582%,9,21538,21547,19352,8,1,2186
0x4bbd2a,99.6247%,9,2389,2398,0,2,7,2389
0x47aa19,99.9419%,9,15489,15498,15489,9,0,0
0x4699a2,92.5%,9,111,120,26,6,3,85
0x47618c,99.9732%,9,33542,33551,33538,5,4,4
0x40289c,99.6217%,9,2370,2379,2235,5,4,135
0x60ab3c,67.8571%,9,19,28,1,8,1,18
0x421524,89.5349%,9,77,86,73,5,4,4
0x4a7855,91.5888%,9,98,107,47,6,3,51
0x476866,99.3323%,9,1339,1348,0,0,9,1339
0x4d8aef,55%,9,11,20,11,9,0,0
0x45b1f9,97.6744%,9,378,387,52,3,6,326
0x47a9a0,99.9646%,9,25415,25424,25415,9,0,0
0x4d7947,99.886%,9,7887,7896,7788,5,4,99
0x418f35,99.6393%,8,2210,2218,2210,8,0,0
0x4d632a,99.373%,8,1268,1276,0,0,8,1268
0x45b60a,69.2308%,8,18,26,18,8,0,0
0x5f0b81,80%,8,32,40,30,2,6,2
0x4d8ae6,60%,8,12,20,0,0,8,12
0x45b05c,96.6102%,8,228,236,2,7,1,226
0x5fa403,63.6364%,8,14,22,5,3,5,9
0x5ef09e,99.9261%,8,10824,10832,2487,4,4,8337
0x4c5afd,99.9829%,8,46828,46836,46683,8,0,145
0x50f907,57.8947%,8,11,19,11,8,0,0
0x48c5d7,98.6254%,8,574,582,0,0,8,574
0x4d61cc,98.5989%,8,563,571,563,4,4,0
0x4d79d2,80%,8,32,40,31,1,7,1
0x4c3aa4,70.3704%,8,19,27,8,4,4,11
0x4d0831,99.8129%,8,4267,4275,0,0,8,4267
0x4cd4f2,99.2502%,8,1059,1067,1059,8,0,0
0x4a3bb1,94.8052%,8,146,154,115,5,3,31
0x4c57e4,99.9812%,8,42538,42546,0,0,8,42538
0x47cbd7,99.7221%,8,2871,2879,34,5,3,2837
0x4655b2,94.0299%,8,126,134,2,4,4,124
0x45afe9,98.2103%,8,439,447,0,6,2,439
0x50fe07,98.7786%,8,647,655,1,3,5,646
0x4de319,72.4138%,8,21,29,21,8,0,0
0x41a682,99.8833%,8,6845,6853,6845,8,0,0
0x473b09,98.2759%,8,456,464,456,8,0,0
0x40a563,97.8022%,8,356,364,0,0,8,356
0x427476,46.6667%,8,7,15,7,5,3,0
0x45b39d,94.2029%,8,130,138,127,7,1,3
0x428f61,99.8372%,8,4906,4914,0,0,8,4906
0x4d8a9f,99.9546%,8,17609,17617,0,0,8,17609
0x4c4dca,86.6667%,8,52,60,15,4,4,37
0x4b324f,88.2353%,8,60,68,27,7,1,33
0x49e94c,97.5%,8,312,320,285,2,6,27
0x4a6fc8,94.7712%,8,145,153,0,0,8,145
0x45ac0a,96.7871%,8,241,249,232,4,4,9
0x60a74c,42.8571%,8,6,14,4,8,0,2
0x4dafac,99.9609%,8,20459,20467,0,0,8,20459
0x4a575a,76.4706%,8,26,34,13,4,4,13
0x459c76,95.0617%,8,154,162,134,7,1,20
0x476969,99.592%,8,1953,1961,0,3,5,1953
0x4bdccf,99.8472%,8,5229,5237,2836,1,7,2393
0x4e0aac,55.5556%,8,10,18,10,8,0,0
0x463bae,97.1014%,8,268,276,268,8,0,0
0x4baaa5,99.8759%,8,6439,6447,1707,8,0,4732
0x4282e0,46.6667%,8,7,15,6,3,5,1
0x50f5d9,99.6991%,8,2651,2659,0,0,8,2651
0x4deb18,70.3704%,8,19,27,8,4,4,11
0x49a440,77.7778%,8,28,36,13,6,2,15
0x4bb8fa,93.4426%,8,114,122,44,6,2,70
0x40187d,99.903%,8,8238,8246,0,4,4,8238
0x47a230,99.308%,8,1148,1156,1148,8,0,0
0x4e0eea,75.7576%,8,25,33,10,8,0,15
0x476de2,97.5831%,8,323,331,17,4,4,306
0x4d5c60,96.2791%,8,207,215,207,8,0,0
0x4c9ef0,99.9668%,8,24069,24077,24069,8,0,0
0x47c11c,96.5368%,8,223,231,0,0,8,223
0x401b40,99.7288%,8,2942,2950,2942,8,0,0
0x4a7afe,92.5234%,8,99,107,48,6,2,51
0x499765,77.7778%,8,28,36,28,8,0,0
0x4d0813,99.8129%,8,4267,4275,4250,4,4,17
0x45d96a,70.3704%,8,19,27,0,0,8,19
0x4285f1,94.9045%,8,149,157,0,0,8,149
0x5eefd5,99.9357%,8,12443,12451,0,0,8,12443
0x46719b,98.9583%,8,760,768,760,8,0,0
0x479cbd,97.9849%,8,389,397,243,6,2,146
0x5eefcd,99.9357%,8,12443,12451,0,0,8,12443
0x418fdf,99.6393%,8,2210,2218,0,3,5,2210
0x4b9c17,96.4286%,8,216,224,23,3,5,193
0x407bf6,99.9353%,8,12349,12357,0,0,8,12349
0x4a3dc0,88.0597%,8,59,67,59,8,0,0
0x479b22,99.9323%,8,11814,11822,0,2,6,11814
0x4c4163,99.2747%,8,1095,1103,1095,4,4,0
0x50fe6a,99.211%,8,1006,1014,0,6,2,1006
0x4d079e,94.8052%,8,146,154,0,0,8,146
0x49843b,90.6977%,8,78,86,17,4,4,61
0x4d6e82,99.0857%,8,867,875,0,4,4,867
0x4df3ba,61.9048%,8,13,21,13,5,3,0
0x49ef42,93.3333%,8,112,120,112,8,0,0
0x49e7ec,87.8788%,8,58,66,31,2,6,27
0x47aaf6,99.9398%,8,13283,13291,0,0,8,13283
0x5fa270,96.7213%,8,236,244,166,1,7,70
0x478ff0,81.8182%,8,36,44,0,3,5,36
0x457420,92.9825%,8,106,114,70,5,3,36
0x4bda8d,99.7435%,8,3111,3119,0,3,5,3111
0x4b23bf,76.4706%,8,26,34,16,1,7,10
0x4d5abb,99.9489%,8,15655,15663,15655,8,0,0
0x5ef1cc,76.4706%,8,26,34,4,4,4,22
0x413261,80%,8,32,40,0,7,1,32
0x4a23ed,88.7324%,8,63,71,17,0,8,46
0x47ba87,96.2963%,8,208,216,204,7,1,4
0x4c5832,99.85%,8,5327,5335,3,4,4,5324
0x48c46b,98.0676%,8,406,414,222,3,5,184
0x4e2be1,88.8889%,8,64,72,64,8,0,0
0x476127,99.8572%,8,5594,5602,0,0,8,5594
0x4d63e5,99.9022%,8,8171,8179,0,3,5,8171
0x4bbcd0,92.8571%,8,104,112,103,6,2,1
0x4a7334,94.7712%,8,145,153,109,7,1,36
0x4ca84d,99.466%,8,1490,1498,385,6,2,1105
0x4d5bff,99.89%,8,7266,7274,7266,8,0,0
0x4a7be2,92.5234%,8,99,107,87,3,5,12
0x428538,55.5556%,8,10,18,0,3,5,10
0x47cd5f,99.8386%,8,4948,4956,0,0,8,4948
0x4770a0,33.3333%,8,4,12,4,8,0,0
0x46ee82,98.3806%,8,486,494,486,8,0,0
0x41b17e,99.6536%,7,2014,2021,0,0,7,2014
0x4ca52d,99.9963%,7,187977,187984,184351,6,1,3626
0x49c205,80.5556%,7,29,36,29,7,0,0
0x40550a,22.2222%,7,2,9,2,7,0,0
0x479fa6,91.358%,7,74,81,68,1,6,6
0x450115,22.2222%,7,2,9,0,0,7,2
0x4a6f8c,96.2567%,7,180,187,29,5,2,151
0x49bebe,80.5556%,7,29,36,0,0,7,29
0x5f1ebd,99.6356%,7,1914,1921,0,1,6,1914
0x4a2fd0,78.7879%,7,26,33,12,5,2,14
0x4d068b,95.625%,7,153,160,128,2,5,25
0x49e988,89.7059%,7,61,68,30,4,3,31
0x4c268d,99.881%,7,5873,5880,5873,7,0,0
0x4cf5b0,99.966%,7,20564,20571,20390,3,4,174
0x49cb85,99.6907%,7,2256,2263,1827,6,1,429
0x48c9b9,99.762%,7,2934,2941,1848,6,1,1086
0x4761f7,99.976%,7,29149,29156,0,0,7,29149
0x5f2dee,99.7643%,7,2963,2970,2963,7,0,0
0x4a5e54,94.1667%,7,113,120,98,5,2,15
0x4c6ca5,99.8772%,7,5692,5699,0,3,4,5692
0x4b19ad,81.5789%,7,31,38,15,4,3,16
0x609720,97.318%,7,254,261,194,4,3,60
0x46c2f9,98.9114%,7,636,643,632,2,5,4
0x4c43e3,99.9454%,7,12822,12829,0,0,7,12822
0x4b8c43,70.8333%,7,17,24,17,7,0,0
0x4d8ebb,99.9534%,7,15027,15034,15027,7,0,0
0x464f05,92.5532%,7,87,94,4,5,2,83
0x4a45b5,81.0811%,7,30,37,30,7,0,0
0x4a2489,98.5011%,7,460,467,460,7,0,0
0x420a39,99.4458%,7,1256,1263,1256,7,0,0
0x41c654,99.2545%,7,932,939,932,7,0,0
0x49c738,89.8551%,7,62,69,48,2,5,14
0x608c3f,96.6667%,7,203,210,5,4,3,198
0x4d814b,98.5043%,7,461,468,0,0,7,461
0x465568,98.1912%,7,380,387,0,0,7,380
0x4659c5,95.2055%,7,139,146,139,7,0,0
0x47bacc,93.6937%,7,104,111,2,6,1,102
0x47c86d,92.3077%,7,84,91,84,5,2,0
0x41b30c,94.4444%,7,119,126,119,2,5,0
0x4c3e1f,41.6667%,7,5,12,5,7,0,0
0x4652c5,90.6667%,7,68,75,68,7,0,0
0x4c64b0,99.9942%,7,121170,121177,0,0,7,121170
0x4671cc,99.0885%,7,761,768,625,4,3,136
0x4c593e,98.7273%,7,543,550,543,5,2,0
0x476874,99.4807%,7,1341,1348,1340,6,1,1
0x4df1fd,91.954%,7,80,87,80,4,3,0
0x479c02,99.9415%,7,11963,11970,11818,4,3,145
0x4be6c7,99.9312%,7,10167,10174,10167,7,0,0
0x4ca1b1,99.8905%,7,6387,6394,6387,7,0,0
0x4bac1a,99.5894%,7,1698,1705,1637,1,6,61
0x4e28ae,90.2778%,7,65,72,1,4,3,64
0x4699bc,92.0455%,7,81,88,0,0,7,81
0x40742b,99.9526%,7,14753,14760,14753,7,0,0
0x406cf3,83.7209%,7,36,43,5,5,2,31
0x4281f7,53.3333%,7,8,15,0,3,4,8
0x4c623d,99.3%,7,993,1000,993,7,0,0
0x5ded41,53.3333%,7,8,15,5,7,0,3
0x4190d2,83.7209%,7,36,43,35,5,2,1
0x4c24e6,99.9274%,7,9637,9644,9637,7,0,0
0x462a90,41.6667%,7,5,12,1,2,5,4
0x48cb94,94.1176%,7,112,119,107,3,4,5
0x4b90f8,99.9637%,7,19281,19288,9642,2,5,9639
0x60b46c,50%,7,7,14,0,7,0,7
0x4a64a7,94.5312%,7,121,128,121,7,0,0
0x4a7b9f,93.4579%,7,100,107,13,4,3,87
0x4c499a,99.9236%,7,9161,9168,301,6,1,8860
0x47aa7e,99.9647%,7,19828,19835,0,0,7,19828
0x47a8ed,96.8326%,7,214,221,214,7,0,0
0x5f260c,99.9112%,7,7874,7881,7874,7,0,0
0x467784,88.5246%,7,54,61,0,0,7,54
0x4d0686,99.8807%,7,5862,5869,5704,5,2,158
0x45b065,96.9163%,7,220,227,94,7,0,126
0x4d0b3d,99.6604%,7,2054,2061,0,0,7,2054
0x408d34,99.4953%,7,1380,1387,0,0,7,1380
0x48d734,97.9943%,7,342,349,342,4,3,0
0x4210c4,98.1132%,7,364,371,339,4,3,25
0x5df8eb,53.3333%,7,8,15,7,2,5,1
0x4da998,99.9064%,7,7472,7479,8,4,3,7464
0x47c46c,96.7593%,7,209,216,209,2,5,0
0x49efa6,94.7368%,7,126,133,47,3,4,79
0x60b07a,56.25%,7,9,16,4,1,6,5
0x4ce366,99.9128%,7,8021,8028,8021,7,0,0
0x45a764,91.358%,7,74,81,74,7,0,0
0x46e9ce,98.3908%,7,428,435,428,7,0,0
0x60b2be,0%,7,0,7,0,7,0,0
0x5ef099,99.9354%,7,10825,10832,0,0,7,10825
0x4208c9,99.4458%,7,1256,1263,0,0,7,1256
0x476526,99.8308%,7,4131,4138,0,0,7,4131
0x420cd8,93.6364%,7,103,110,48,7,0,55
0x463ae0,99.1139%,7,783,790,0,1,6,783
0x4df717,22.2222%,7,2,9,0,0,7,2
0x5f2c4c,99.9329%,7,10419,10426,10419,7,0,0
0x4d09c2,66.6667%,7,14,21,0,0,7,14
0x49f0e8,94.7368%,7,126,133,126,7,0,0
0x60acde,84.4444%,7,38,45,38,7,0,0
0x4d58e4,99.3843%,7,1130,1137,880,2,5,250
0x4bce14,99.6255%,7,1862,1869,0,0,7,1862
0x4cd5b7,99.344%,7,1060,1067,1057,6,1,3
0x4b9bd6,96.875%,7,217,224,13,7,0,204
0x49e7db,97.4453%,7,267,274,202,6,1,65
0x48c2ba,96.2963%,7,182,189,182,7,0,0
0x4b5969,79.4118%,7,27,34,13,4,3,14
0x401d95,97.4265%,7,265,272,0,0,7,265
0x408aa1,97.7918%,7,310,317,2,5,2,308
0x401eee,80.5556%,7,29,36,28,2,5,1
0x4c4e9e,98.8543%,7,604,611,385,3,4,219
0x4d314f,99.8793%,7,5794,5801,5794,7,0,0
0x4a7524,95.4248%,7,146,153,117,2,5,29
0x4643f5,98.1912%,7,380,387,356,3,4,24
0x458c01,75.8621%,7,22,29,3,6,1,19
0x5f0c2b,99.4669%,7,1306,1313,0,0,7,1306
0x523c76,0%,6,0,6,0,3,3,0
0x4a73b1,83.7838%,6,31,37,13,4,2,18
0x428540,60%,6,9,15,1,2,4,8
0x4c2342,99.3521%,6,920,926,1,3,3,919
0x4b99ac,99.9427%,6,10462,10468,10462,6,0,0
0x4c48c4,99.1004%,6,661,667,7,5,1,654
0x45d990,77.7778%,6,21,27,18,4,2,3
0x49849e,57.1429%,6,8,14,8,4,2,0
0x5f25b3,99.9239%,6,7875,7881,0,0,6,7875
0x45d944,77.7778%,6,21,27,15,3,3,6
0x4a6242,96.8421%,6,184,190,0,0,6,184
0x4dfe67,90.4762%,6,57,63,57,6,0,0
0x476d95,99.8578%,6,4214,4220,0,0,6,4214
0x4d57d9,99.8507%,6,4014,4020,1051,1,5,2963
0x47b4e2,99.9413%,6,10214,10220,0,0,6,10214
0x49c755,68.4211%,6,13,19,12,4,2,1
0x4cd606,98.6143%,6,427,433,0,4,2,427
0x49a9d6,83.3333%,6,30,36,16,3,3,14
0x45a074,66.6667%,6,12,18,0,3,3,12
0x4d1668,71.4286%,6,15,21,15,0,6,0
0x4115e9,99.8923%,6,5566,5572,5566,3,3,0
0x6098eb,97.6%,6,244,250,144,4,2,100
0x4dafc5,99.9707%,6,20461,20467,20461,6,0,0
0x479bf2,99.9499%,6,11964,11970,0,0,6,11964
0x462db1,98.1818%,6,324,330,324,6,0,0
0x47c4da,99.9032%,6,6190,6196,0,0,6,6190
0x4ac86c,94%,6,94,100,47,3,3,47
0x469643,99.0461%,6,623,629,194,6,0,429
0x45a039,66.6667%,6,12,18,3,6,0,9
0x5ef08f,99.9446%,6,10826,10832,10826,6,0,0
0x50fbf3,76%,6,19,25,13,5,1,6
0x49a456,83.3333%,6,30,36,30,6,0,0
0x47db1e,99.7877%,6,2820,2826,0,0,6,2820
0x40a5b0,98.3516%,6,358,364,358,6,0,0
0x4a6223,88.8889%,6,48,54,33,1,5,15
0x469bb1,95%,6,114,120,114,6,0,0
0x476231,99.961%,6,15362,15368,0,0,6,15362
0x5dd972,33.3333%,6,3,9,0,0,6,3
0x408acb,98.1073%,6,311,317,311,3,3,0
0x40a597,98.3516%,6,358,364,358,6,0,0
0x5fa289,92.2078%,6,71,77,0,2,4,71
0x463a71,99.2395%,6,783,789,783,6,0,0
0x5fa41b,40%,6,4,10,1,3,3,3
0x479089,99.9352%,6,9258,9264,9050,4,2,208
0x4d3180,99.8966%,6,5795,5801,0,0,6,5795
0x4dcd8c,98.3193%,6,351,357,0,0,6,351
0x5eefc3,99.9518%,6,12445,12451,0,0,6,12445
0x4cfa32,99.4841%,6,1157,1163,144,4,2,1013
0x4d314a,99.8966%,6,5795,5801,0,0,6,5795
0x5f1d6e,99.798%,6,2964,2970,0,0,6,2964
0x47ab0c,99.9549%,6,13285,13291,0,0,6,13285
0x49c8cc,99.2188%,6,762,768,0,0,6,762
0x4e09a3,88.2353%,6,45,51,0,0,6,45
0x4cb3d4,99.965%,6,17154,17160,0,0,6,17154
0x47d3c9,99.9658%,6,17536,17542,0,0,6,17536
0x4a51bb,83.7838%,6,31,37,17,3,3,14
0x5fac9f,95.0413%,6,115,121,113,2,4,2
0x465195,98.768%,6,481,487,0,0,6,481
0x5de7ac,0%,6,0,6,0,3,3,0
0x4be9a0,99.8922%,6,5561,5567,0,0,6,5561
0x476137,99.8897%,6,5435,5441,5374,3,3,61
0x45905a,33.3333%,6,3,9,2,2,4,1
0x4b3b47,94.1176%,6,96,102,31,3,3,65
0x45db13,92.4051%,6,73,79,27,3,3,46
0x4e298b,91.6667%,6,66,72,5,4,2,61
0x60aade,33.3333%,6,3,9,3,6,0,0
0x475fd4,99.9628%,6,16142,16148,16142,6,0,0
0x4c58e7,99.9861%,6,43046,43052,0,0,6,43046
0x5df420,83.3333%,6,30,36,30,3,3,0
0x4cf88d,99.964%,6,16639,16645,192,1,5,16447
0x46ee5e,98.7854%,6,488,494,84,5,1,404
0x5ee9bc,33.3333%,6,3,9,2,5,1,1
0x4d5716,99.7546%,6,2439,2445,0,0,6,2439
0x5deee5,86.6667%,6,39,45,0,3,3,39
0x457e7c,83.3333%,6,30,36,7,5,1,23
0x4ca314,97.4249%,6,227,233,116,5,1,111
0x4793ff,88.8889%,6,48,54,6,3,3,42
0x4c891d,97.931%,6,284,290,0,2,4,284
0x427d97,91.1765%,6,62,68,62,6,0,0
0x49d302,82.3529%,6,28,34,14,3,3,14
0x4573f8,94.7368%,6,108,114,58,5,1,50
0x4c3e77,77.7778%,6,21,27,0,0,6,21
0x4cc72b,99.9451%,6,10921,10927,10921,6,0,0
0x4d3dd4,91.6667%,6,66,72,5,4,2,61
0x4acdfc,0%,6,0,6,0,3,3,0
0x634512,0%,6,0,6,0,6,0,0
0x4bdd83,99.6181%,6,1565,1571,60,2,4,1505
0x48bd44,98.8658%,6,523,529,68,3,3,455
0x465555,33.3333%,6,3,9,3,5,1,0
0x45abe9,97.619%,6,246,252,0,3,3,246
0x47bfba,99.7713%,6,2617,2623,2617,6,0,0
0x4b8c34,95.7143%,6,134,140,112,4,2,22
0x4daf45,99.9707%,6,20461,20467,0,0,6,20461
0x4a8aa5,82.3529%,6,28,34,28,6,0,0
0x4daef9,99.9707%,6,20461,20467,0,0,6,20461
0x445dca,98.7179%,6,462,468,462,6,0,0
0x47ae02,97.2851%,6,215,221,0,4,2,215
0x421005,99.9067%,6,6422,6428,0,0,6,6422
0x420bee,99.5451%,6,1313,1319,0,0,6,1313
0x4d1fad,97.8022%,6,267,273,253,5,1,14
0x459770,94.1176%,6,96,102,91,6,0,5
0x4ac7ba,98.3957%,6,368,374,95,5,1,273
0x4a7323,95.5882%,6,130,136,14,6,0,116
0x4284fe,60%,6,9,15,9,3,3,0
0x5f31ba,98.5882%,6,419,425,4,3,3,415
0x470091,99.8618%,6,4336,4342,837,5,1,3499
0x4bab7f,99.9048%,6,6295,6301,6295,6,0,0
0x41adae,99.0654%,6,636,642,636,6,0,0
0x5f0b77,85%,6,34,40,0,0,6,34
0x4c23a2,99.5601%,6,1358,1364,1358,2,4,0
0x40188a,99.9272%,6,8236,8242,0,0,6,8236
0x412230,98.6486%,6,438,444,0,0,6,438
0x457730,95.9184%,6,141,147,141,6,0,0
0x4d90fd,99.6849%,6,1898,1904,0,0,6,1898
0x46d7d4,98.0392%,6,300,306,293,1,5,7
0x5f2c43,99.9425%,6,10420,10426,0,0,6,10420
0x4bb93b,91.6667%,6,66,72,65,5,1,1
0x4d7681,99.9372%,6,9554,9560,9554,6,0,0
0x47cfb7,33.3333%,6,3,9,3,6,0,0
0x5eb6f0,50%,6,6,12,6,6,0,0
0x4a8ac8,82.3529%,6,28,34,0,0,6,28
0x4d92f3,76.9231%,6,20,26,4,4,2,16
0x48aa78,71.4286%,6,15,21,15,6,0,0
0x45ab54,97.619%,6,246,252,246,6,0,0
0x401717,97.1564%,6,205,211,205,6,0,0
0x47c193,97.4026%,6,225,231,224,3,3,1
0x47643c,99.9544%,6,13150,13156,13150,6,0,0
0x4c49a6,99.9323%,6,8855,8861,8855,6,0,0
0x4c5937,98.9267%,6,553,559,3,6,0,550
0x4e2b59,91.6667%,6,66,72,66,3,3,0
0x49c24d,83.3333%,6,30,36,30,6,0,0
0x48c12a,98.7448%,6,472,478,472,6,0,0
0x47c56d,99.9032%,6,6190,6196,0,0,6,6190
0x4c4386,99.919%,6,7405,7411,3,1,5,7402
0x4baf23,99.9197%,6,7467,7473,6659,3,3,808
0x4d17c7,98.0583%,6,303,309,303,6,0,0
0x45b13c,97.3568%,6,221,227,221,6,0,0
0x49e975,97.8102%,6,268,274,206,0,6,62
0x4df45a,71.4286%,6,15,21,15,6,0,0
0x5f1d55,99.798%,6,2964,2970,0,0,6,2964
0x4c6200,99.7608%,6,2502,2508,2502,6,0,0
0x462dc6,98.1818%,6,324,330,0,0,6,324
0x498bb5,99.5192%,6,1242,1248,1231,3,3,11
0x49cfff,97.8102%,6,268,274,71,1,5,197
0x5ef029,99.9446%,6,10826,10832,10826,6,0,0
0x4dec00,60%,6,9,15,9,3,3,0
0x4a86b9,96.1783%,6,151,157,137,2,4,14
0x4b963d,92.1053%,6,70,76,6,6,0,64
0x4bae6a,99.922%,6,7685,7691,7685,6,0,0
0x48cda1,99.3213%,6,878,884,348,3,3,530
0x4a61aa,98.5612%,6,411,417,359,4,2,52
0x4ba3d8,99.9492%,6,11813,11819,548,4,2,11265
0x402449,95.4198%,6,125,131,0,0,6,125
0x47b73f,99.7909%,6,2863,2869,2863,6,0,0
0x60b31c,89.8305%,6,53,59,5,2,4,48
0x42088e,99.5249%,6,1257,1263,1257,6,0,0
0x4cc6a1,99.8578%,6,4214,4220,0,0,6,4214
0x4cf69a,99.9708%,6,20565,20571,20565,6,0,0
0x4d7553,99.9372%,6,9554,9560,0,0,6,9554
0x4d0a04,71.4286%,6,15,21,15,6,0,0
0x46e8df,98.7928%,6,491,497,491,6,0,0
0x4bace2,99.922%,6,7685,7691,0,0,6,7685
0x4a845e,96.8912%,6,187,193,173,2,4,14
0x4d8d95,70%,6,14,20,14,6,0,0
0x4761b6,99.7727%,5,2195,2200,2195,5,0,0
0x4a088f,97.3684%,5,185,190,151,3,2,34
0x6099db,98.7654%,5,400,405,347,0,5,53
0x60b70c,54.5455%,5,6,11,2,5,0,4
0x4282ee,16.6667%,5,1,6,0,0,5,1
0x4dafa3,99.9756%,5,20462,20467,0,0,5,20462
0x4d096c,99.883%,5,4270,4275,4270,5,0,0
0x4ac84c,90%,5,45,50,45,5,0,0
0x45b748,99.4407%,5,889,894,889,5,0,0
0x47955b,99.2063%,5,625,630,625,5,0,0
0x4570c6,99.5243%,5,1046,1051,886,2,3,160
0x4a853a,97.4093%,5,188,193,157,4,1,31
0x4671ea,96.4029%,5,134,139,35,3,2,99
0x4a24e4,98.7374%,5,391,396,343,3,2,48
0x42102e,99.8993%,5,4960,4965,0,0,5,4960
0x4a24ab,98.9293%,5,462,467,430,3,2,32
0x41a507,99.9304%,5,7182,7187,2068,2,3,5114
0x4d2da1,83.3333%,5,25,30,0,0,5,25
0x45acd9,98.0159%,5,247,252,236,3,2,11
0x478234,99.336%,5,748,753,730,2,3,18
0x4d3f7f,81.4815%,5,22,27,20,1,4,2
0x60a1b8,99.9656%,5,14526,14531,0,0,5,14526
0x411852,98.8739%,5,439,444,0,0,5,439
0x4a8836,95%,5,95,100,63,4,1,32
0x478bdb,99.7668%,5,2139,2144,0,0,5,2139
0x4bf6f8,64.2857%,5,9,14,0,2,3,9
0x45c28e,92.7536%,5,64,69,0,0,5,64
0x479b47,99.9463%,5,9304,9309,9304,5,0,0
0x4cb32e,99.8997%,5,4981,4986,4981,5,0,0
0x476b9e,99.8861%,5,4384,4389,0,0,5,4384
0x4dad19,99.7144%,5,1746,1751,1746,5,0,0
0x4cd169,99.5314%,5,1062,1067,1062,5,0,0
0x460166,99.9234%,5,6521,6526,6521,5,0,0
0x4c6ac5,99.9362%,5,7829,7834,38,2,3,7791
0x5fa368,76.1905%,5,16,21,0,2,3,16
0x45b7a1,99.4331%,5,877,882,877,5,0,0
0x4ba84d,99.9884%,5,42975,42980,669,2,3,42306
0x5f261b,99.9366%,5,7876,7881,0,0,5,7876
0x41add7,95.4955%,5,106,111,106,5,0,0
0x465068,98.9733%,5,482,487,482,5,0,0
0x46efcb,68.75%,5,11,16,0,0,5,11
0x476ae2,99.8259%,5,2867,2872,2867,5,0,0
0x4e06ea,87.1795%,5,34,39,34,5,0,0
0x467a6b,83.3333%,5,25,30,25,5,0,0
0x4a7b13,90.7407%,5,49,54,16,1,4,33
0x47da24,99.8239%,5,2835,2840,0,0,5,2835
0x46c9fb,99.6811%,5,1563,1568,72,4,1,1491
0x478a56,16.6667%,5,1,6,1,5,0,0
0x4bacf7,99.935%,5,7686,7691,7686,5,0,0
0x60b1cc,80.7692%,5,21,26,1,5,0,20
0x459d53,96.6667%,5,145,150,145,5,0,0
0x4570d0,99.5243%,5,1046,1051,590,5,0,456
0x47b61a,99.6658%,5,1491,1496,1491,5,0,0
0x523d0e,16.6667%,5,1,6,1,5,0,0
0x49ac1c,86.1111%,5,31,36,0,0,5,31
0x4b8a28,90.3846%,5,47,52,47,5,0,0
0x418826,88.3721%,5,38,43,0,0,5,38
0x4c40d3,99.5984%,5,1240,1245,122,3,2,1118
0x4acfdf,85.2941%,5,29,34,15,2,3,14
0x4d642e,99.9507%,5,10131,10136,769,2,3,9362
0x4cfc0f,99.9414%,5,8532,8537,0,0,5,8532
0x47650c,99.8792%,5,4133,4138,0,0,5,4133
0x458c4c,82.7586%,5,24,29,4,5,0,20
0x4cd7b7,98.5994%,5,352,357,352,5,0,0
0x50b006,95.4955%,5,106,111,0,0,5,106
0x5fa341,86.1111%,5,31,36,7,4,1,24
0x408a20,84.8485%,5,28,33,24,5,0,4
0x5f056d,99.9597%,5,12417,12422,0,0,5,12417
0x4d6e0d,99.6243%,5,1326,1331,834,1,4,492
0x4bc620,98.2332%,5,278,283,278,5,0,0
0x5fa3ab,61.5385%,5,8,13,1,2,3,7
0x457249,99.6885%,5,1600,1605,1600,5,0,0
0x5f2c2a,99.952%,5,10421,10426,0,0,5,10421
0x4a663c,85.2941%,5,29,34,0,0,5,29
0x47b63e,99.8257%,5,2864,2869,2864,5,0,0
0x5f3110,99.812%,5,2654,2659,2654,5,0,0
0x419254,88.3721%,5,38,43,38,5,0,0
0x609ca6,84.375%,5,27,32,6,2,3,21
0x5f2dfd,99.8316%,5,2965,2970,0,0,5,2965
0x4bee73,99.996%,5,124161,124166,4,0,5,124157
0x60b66a,85.7143%,5,30,35,21,2,3,9
0x45fcc4,92.4242%,5,61,66,61,2,3,0
0x50fc6d,95.4955%,5,106,111,0,3,2,106
0x4198f1,92.1875%,5,59,64,0,2,3,59
0x4675ec,91.8033%,5,56,61,29,1,4,27
0x463a9d,99.3671%,5,785,790,784,3,2,1
0x467563,91.8033%,5,56,61,56,5,0,0
0x413455,28.5714%,5,2,7,0,0,5,2
0x47a10f,96.8944%,5,156,161,0,0,5,156
0x460110,99.9234%,5,6521,6526,0,3,2,6521
0x45a876,93.75%,5,75,80,74,4,1,1
0x5f1dd2,85.7143%,5,30,35,29,3,2,1
0x4655b7,96.0938%,5,123,128,111,2,3,12
0x4d912b,99.8524%,5,3383,3388,3383,5,0,0
0x402466,96.1832%,5,126,131,48,4,1,78
0x465639,95.7983%,5,114,119,2,4,1,112
0x45daf9,93.6709%,5,74,79,74,5,0,0
0x4659eb,96.5753%,5,141,146,141,5,0,0
0x418b96,99.031%,5,511,516,511,5,0,0
0x4c3e43,81.4815%,5,22,27,22,5,0,0
0x462aa4,58.3333%,5,7,12,7,5,0,0
0x462b57,58.3333%,5,7,12,0,0,5,7
0x4054ad,44.4444%,5,4,9,4,5,0,0
0x47b274,94.9495%,5,94,99,75,1,4,19
0x4df12a,81.4815%,5,22,27,0,3,2,22
0x4131c2,99.9171%,5,6029,6034,5994,4,1,35
0x4d5839,99.9304%,5,7183,7188,0,1,4,7183
0x4275e2,58.3333%,5,7,12,7,5,0,0
0x4cf5d9,97.191%,5,173,178,0,0,5,173
0x4a7a73,97.3684%,5,185,190,155,1,4,30
0x41b1ff,96.0317%,5,121,126,121,0,5,0
0x459e62,58.3333%,5,7,12,7,5,0,0
0x47b475,94.9495%,5,94,99,94,5,0,0
0x427a80,81.4815%,5,22,27,18,3,2,4
0x4b8d2f,96.4286%,5,135,140,135,5,0,0
0x4de2a5,82.7586%,5,24,29,23,3,2,1
0x47af45,99.8014%,5,2512,2517,0,0,5,2512
0x609d37,90.3846%,5,47,52,0,0,5,47
0x4d7c39,99.1007%,5,551,556,464,5,0,87
0x4cf582,99.7293%,5,1842,1847,1842,5,0,0
0x4d76f7,99.696%,5,1640,1645,1640,5,0,0
0x4a6246,97.3684%,5,185,190,185,5,0,0
0x60a13d,80.7692%,5,21,26,0,0,5,21
0x47cb90,99.8991%,5,4951,4956,0,0,5,4951
0x4b213d,85.2941%,5,29,34,13,4,1,16
0x46222b,16.6667%,5,1,6,0,0,5,1
0x465161,98.9733%,5,482,487,482,5,0,0
0x609ee7,94.898%,5,93,98,0,0,5,93
0x4babab,99.9206%,5,6296,6301,6296,5,0,0
0x4b9054,99.9741%,5,19283,19288,0,0,5,19283
0x424704,37.5%,5,3,8,0,0,5,3
0x49ecab,95%,5,95,100,31,3,2,64
0x4b8daf,99.965%,5,14295,14300,0,0,5,14295
0x4bb2f8,99.892%,5,4624,4629,4624,5,0,0
0x479817,99.8871%,5,4424,4429,0,0,5,4424
0x5dde7b,16.6667%,5,1,6,0,3,2,1
0x4e0a9c,72.2222%,5,13,18,13,5,0,0
0x4b96e4,99.8621%,5,3622,3627,3622,5,0,0
0x45aa80,98.0159%,5,247,252,27,2,3,220
0x4acbaa,90.1961%,5,46,51,46,5,0,0
0x4cb97a,89.3617%,5,42,47,0,0,5,42
0x4b07f0,98.7864%,5,407,412,377,1,4,30
0x4022d1,98.5755%,5,346,351,0,0,5,346
0x4bb48f,93.3333%,5,70,75,67,2,3,3
0x4bb1e2,99.6521%,5,1432,1437,1432,5,0,0
0x4b8b08,90.3846%,5,47,52,47,5,0,0
0x5ddf81,87.1795%,5,34,39,34,2,3,0
0x4bb867,97.6852%,5,211,216,211,5,0,0
0x4d0e24,97.8903%,5,232,237,219,5,0,13
0x49f414,97.5248%,5,197,202,130,4,1,67
0x4c8913,77.2727%,5,17,22,12,3,2,5
0x4c9601,95.9677%,5,119,124,119,5,0,0
0x49f006,95%,5,95,100,81,2,3,14
0x47c2ba,83.3333%,5,25,30,0,0,5,25
0x4aff2c,97.5248%,5,197,202,197,5,0,0
0x407bd5,50%,5,5,10,0,0,5,5
0x4c3a60,99.5895%,5,1213,1218,1213,5,0,0
0x4aca0f,96.3235%,5,131,136,100,2,3,31
0x4d0cfa,83.3333%,5,25,30,25,5,0,0
0x4c893e,93.9759%,5,78,83,78,4,1,0
0x4192ce,88.3721%,5,38,43,38,5,0,0
0x4dfbc4,92.0635%,5,58,63,58,5,0,0
0x4bc1e4,99.7637%,5,2111,2116,0,0,5,2111
0x4e2950,93.0556%,5,67,72,0,3,2,67
0x4b0b77,92.4242%,5,61,66,31,2,3,30
0x479ccf,96.6216%,5,143,148,0,3,2,143
0x4d7bb1,89.3617%,5,42,47,24,4,1,18
0x411a33,98.8739%,5,439,444,439,2,3,0
0x46d238,99.561%,5,1134,1139,1134,5,0,0
0x4e14a5,72.2222%,5,13,18,0,0,5,13
0x60688f,16.6667%,5,1,6,0,4,1,1
0x4ad34d,86.4865%,5,32,37,13,4,1,19
0x463c1b,99.8013%,5,2511,2516,129,2,3,2382
0x4c457c,99.9196%,5,6216,6221,0,0,5,6216
0x463a97,99.3671%,5,785,790,0,0,5,785
0x4c4fee,99.8694%,5,3823,3828,3823,5,0,0
0x49c291,86.1111%,5,31,36,31,5,0,0
0x47cee4,87.1795%,5,34,39,34,5,0,0
0x47abdc,92.3077%,5,60,65,60,1,4,0
0x47b5b4,99.8257%,5,2864,2869,2864,5,0,0
0x48baaa,98.5251%,5,334,339,333,3,2,1
0x47adba,97.7376%,5,216,221,216,5,0,0
0x49eb49,95%,5,95,100,46,4,1,49
0x5d8615,16.6667%,5,1,6,1,5,0,0
0x49b8bf,86.1111%,5,31,36,15,2,3,16
0x48a95d,88.0952%,5,37,42,18,3,2,19
0x4d5f1f,99.9313%,5,7269,7274,0,0,5,7269
0x401fb3,99.859%,5,3541,3546,3541,5,0,0
0x5deec1,90.1961%,5,46,51,0,3,2,46
0x4bc2b7,99.7628%,5,2103,2108,2103,2,3,0
0x60954d,94.0476%,5,79,84,79,2,3,0
0x4c611d,72.2222%,5,13,18,6,3,2,7
0x4a72c0,97.6077%,5,204,209,138,4,1,66
0x4c4e5e,99.7904%,5,2381,2386,0,0,5,2381
0x4d6d54,99.6243%,5,1326,1331,1326,5,0,0
0x4654bb,70.5882%,5,12,17,7,1,4,5
0x45b0d9,44.4444%,5,4,9,4,3,2,0
0x5f04d5,99.9344%,5,7621,7626,0,0,5,7621
0x46c43a,99.8654%,5,3710,3715,0,0,5,3710
0x4111f9,86.1111%,5,31,36,31,2,3,0
0x49b774,86.1111%,5,31,36,0,0,5,31
0x463387,94.7917%,5,91,96,91,5,0,0
0x41328e,28.5714%,5,2,7,2,1,4,0
0x49ac24,86.1111%,5,31,36,16,4,1,15
0x4b94a9,99.5819%,5,1191,1196,482,2,3,709
0x47b3f1,99.9511%,5,10215,10220,10215,5,0,0
0x49cf95,99.349%,5,763,768,139,0,5,624
0x4199b6,92.1875%,5,59,64,59,3,2,0
0x46496e,98.6559%,5,367,372,161,1,4,206
0x401f7c,95.6522%,5,110,115,109,0,5,1
0x4d1f1e,66.6667%,5,10,15,0,0,5,10
0x407967,50%,5,5,10,5,5,0,0
0x408b26,0%,5,0,5,0,5,0,0
0x459742,95.098%,5,97,102,97,5,0,0
0x4cd405,99.9109%,5,5608,5613,0,0,5,5608
0x4d1ca7,98.062%,5,253,258,253,5,0,0
0x40a518,98.9011%,4,360,364,0,0,4,360
0x608bf6,98.0952%,4,206,210,0,0,4,206
0x47bb47,96.1165%,4,99,103,98,1,3,1
0x46d848,99.6488%,4,1135,1139,0,0,4,1135
0x498bf5,99.6795%,4,1244,1248,0,0,4,1244
0x49cb8f,99.0698%,4,426,430,0,0,4,426
0x44feb5,55.5556%,4,5,9,0,0,4,5
0x5f30e8,99.8496%,4,2655,2659,0,0,4,2655
0x47b415,99.9609%,4,10216,10220,0,0,4,10216
0x445c03,98.2906%,4,230,234,230,4,0,0
0x4cc870,99.9778%,4,18010,18014,0,0,4,18010
0x4bd46b,99.8798%,4,3323,3327,0,0,4,3323
0x5fa2e5,82.6087%,4,19,23,0,1,3,19
0x5ef114,99.7529%,4,1615,1619,0,0,4,1615
0x479e90,99.6963%,4,1313,1317,1313,4,0,0
0x4112a7,99.5726%,4,932,936,464,4,0,468
0x479baa,99.9666%,4,11966,11970,0,0,4,11966
0x464447,98.9664%,4,383,387,0,0,4,383
0x4a44b0,89.1892%,4,33,37,17,3,1,16
0x5ef01a,99.9631%,4,10828,10832,0,0,4,10828
0x47bc1c,98.3471%,4,238,242,238,4,0,0
0x606954,91.3043%,4,42,46,0,3,1,42
0x60a218,98.3051%,4,232,236,0,0,4,232
0x4a785f,92.5926%,4,50,54,18,2,2,32
0x4a4565,89.1892%,4,33,37,15,2,2,18
0x4ad35a,80%,4,16,20,16,4,0,0
0x48d651,99.9362%,4,6265,6269,6250,3,1,15
0x4acd5c,92.1569%,4,47,51,31,3,1,16
0x4b8d62,97.1429%,4,136,140,136,4,0,0
0x47936e,92.5926%,4,50,54,50,4,0,0
0x4b9131,99.9585%,4,9640,9644,0,0,4,9640
0x4c2371,99.7106%,4,1378,1382,483,3,1,895
0x47d860,50%,4,4,8,4,4,0,0
0x469742,97.7528%,4,174,178,174,4,0,0
0x4acf8f,88.2353%,4,30,34,30,4,0,0
0x50fc7e,99.7076%,4,1364,1368,13,3,1,1351
0x4644cd,98.9664%,4,383,387,383,4,0,0
0x4baf69,88.5714%,4,31,35,0,2,2,31
0x4a2dae,78.9474%,4,15,19,1,2,2,14
0x60b9fe,95.7895%,4,91,95,91,4,0,0
0x46f168,75%,4,12,16,12,4,0,0
0x4ca621,99.9652%,4,11479,11483,11479,4,0,0
0x4d1122,33.3333%,4,2,6,2,4,0,0
0x4d1c9e,98.5348%,4,269,273,12,3,1,257
0x4e0b52,87.8788%,4,29,33,29,4,0,0
0x49b7a6,78.9474%,4,15,19,15,4,0,0
0x45b25d,87.8788%,4,29,33,29,4,0,0
0x4bea13,99.9607%,4,10168,10172,10168,4,0,0
0x47dd5d,99.8333%,4,2395,2399,0,0,4,2395
0x49c91e,99.8335%,4,2398,2402,2398,4,0,0
0x4e2c23,94.6667%,4,71,75,71,1,3,0
0x4c51bd,99.8244%,4,2274,2278,2274,4,0,0
0x4a2df2,78.9474%,4,15,19,15,4,0,0
0x4e28fc,94.4444%,4,68,72,68,4,0,0
0x45dae0,94.9367%,4,75,79,75,4,0,0
0x4a5c70,88.2353%,4,30,34,30,4,0,0
0x48c7c1,99.9504%,4,8062,8066,0,0,4,8062
0x4a24ed,92%,4,46,50,46,4,0,0
0x5de625,33.3333%,4,2,6,1,2,2,1
0x4d8baa,95.8333%,4,92,96,92,1,3,0
0x478b92,99.8134%,4,2140,2144,0,3,1,2140
0x4ba52f,99.9209%,4,5053,5057,5053,4,0,0
0x47649e,99.9682%,4,12583,12587,12572,3,1,11
0x4214fc,78.9474%,4,15,19,15,4,0,0
0x4be8e0,99.9607%,4,10166,10170,0,0,4,10166
0x5f2e12,99.8653%,4,2966,2970,0,0,4,2966
0x4a8a80,88.2353%,4,30,34,0,0,4,30
0x401aa0,99.8644%,4,2946,2950,2946,4,0,0
0x408b99,20%,4,1,5,0,2,2,1
0x47bb0f,96.1165%,4,99,103,99,4,0,0
0x47a3fc,99.5745%,4,936,940,143,1,3,793
0x498b7b,82.6087%,4,19,23,0,3,1,19
0x4792ad,99.6729%,4,1219,1223,1219,4,0,0
0x45da37,85.1852%,4,23,27,23,4,0,0
0x49ef5c,93.9394%,4,62,66,29,4,0,33
0x478327,99.4688%,4,749,753,0,0,4,749
0x4673bb,95.6044%,4,87,91,87,4,0,0
0x419044,99.9665%,4,11934,11938,11934,4,0,0
0x5decdc,33.3333%,4,2,6,0,0,4,2
0x4ddad2,77.7778%,4,14,18,14,4,0,0
0x49bb9b,88.8889%,4,32,36,15,2,2,17
0x5deb16,33.3333%,4,2,6,0,0,4,2
0x4d3f73,85.1852%,4,23,27,0,0,4,23
0x4a7039,88.2353%,4,30,34,0,0,4,30
0x4bd388,98.3402%,4,237,241,0,0,4,237
0x41a48f,99.9447%,4,7225,7229,0,0,4,7225
0x4d3e04,94.4444%,4,68,72,34,2,2,34
0x458c72,80%,4,16,20,16,4,0,0
0x478215,99.4688%,4,749,753,749,4,0,0
0x45dab0,94.9367%,4,75,79,75,4,0,0
0x4d2e00,93.1034%,4,54,58,51,4,0,3
0x60b6ae,42.8571%,4,3,7,3,4,0,0
0x4ac7df,96%,4,96,100,48,2,2,48
0x4b34d8,97.6471%,4,166,170,98,4,0,68
0x4a7bf7,89.1892%,4,33,37,33,4,0,0
0x4ca1dc,99.9727%,4,14673,14677,14673,4,0,0
0x5f0c4f,99.6954%,4,1309,1313,0,0,4,1309
0x47da5e,99.8585%,4,2822,2826,2822,4,0,0
0x420921,99.6833%,4,1259,1263,0,0,4,1259
0x49ea57,96%,4,96,100,49,1,3,47
0x4c6103,77.7778%,4,14,18,5,4,0,9
0x4abf52,80%,4,16,20,16,4,0,0
0x6331ca,55.5556%,4,5,9,5,1,3,0
0x467685,87.0968%,4,27,31,27,4,0,0
0x443381,99.1453%,4,464,468,464,4,0,0
0x4dfb1f,66.6667%,4,8,12,6,3,1,2
0x4bac24,94.0299%,4,63,67,0,3,1,63
0x4a6399,96.3303%,4,105,109,15,4,0,90
0x49a3f8,88.8889%,4,32,36,32,4,0,0
0x49aecc,92.8571%,4,52,56,52,1,3,0
0x4607b9,81.8182%,4,18,22,18,1,3,0
0x4c4392,99.946%,4,7403,7407,7403,4,0,0
0x47aa5b,89.4737%,4,34,38,34,4,0,0
0x4d3e09,88.8889%,4,32,36,32,4,0,0
0x4a7bef,95.5556%,4,86,90,51,2,2,35
0x4bb2c6,99.8967%,4,3869,3873,3869,4,0,0
0x4a75b6,88.2353%,4,30,34,30,4,0,0
0x445b06,99.1453%,4,464,468,0,0,4,464
0x412e12,90%,4,36,40,0,4,0,36
0x428c73,99.1453%,4,464,468,464,4,0,0
0x48d778,98.8201%,4,335,339,335,2,2,0
0x60af2c,33.3333%,4,2,6,0,4,0,2
0x49f45e,94.1176%,4,64,68,32,2,2,32
0x47b3dd,99.9609%,4,10216,10220,0,0,4,10216
0x46c312,99.3691%,4,630,634,630,4,0,0
0x46edc6,99.1952%,4,493,497,87,2,2,406
0x412103,99.952%,4,8324,8328,0,0,4,8324
0x4a629b,97.8947%,4,186,190,172,1,3,14
0x419232,90.6977%,4,39,43,38,2,2,1
0x4a3571,87.8788%,4,29,33,15,2,2,14
0x4decba,73.3333%,4,11,15,11,4,0,0
0x46d93c,99.6488%,4,1135,1139,1135,4,0,0
0x49c7e4,78.9474%,4,15,19,15,4,0,0
0x4a7820,96.2617%,4,103,107,0,0,4,103
0x4daf36,99.9805%,4,20463,20467,0,0,4,20463
0x4d7b8f,91.4894%,4,43,47,43,4,0,0
0x49ed72,94.1176%,4,64,68,33,1,3,31
0x445d7a,99.4872%,4,776,780,776,4,0,0
0x4c3e7f,85.1852%,4,23,27,17,1,3,6
0x418bcd,99.8597%,4,2848,2852,0,0,4,2848
0x4a399a,98.1982%,4,218,222,185,3,1,33
0x465593,98.9664%,4,383,387,383,4,0,0
0x5df573,88.8889%,4,32,36,0,3,1,32
0x4ad27e,76.4706%,4,13,17,13,4,0,0
0x4b96b8,99.7489%,4,1589,1593,0,0,4,1589
0x40a5f9,98.9011%,4,360,364,38,1,3,322
0x477e81,97.4522%,4,153,157,153,4,0,0
0x46d140,99.6488%,4,1135,1139,0,0,4,1135
0x4c8cdd,96.7742%,4,120,124,120,4,0,0
0x4cf712,99.976%,4,16641,16645,0,0,4,16641
0x4dcb19,99.9416%,4,6849,6853,6849,4,0,0
0x428f82,99.9014%,4,4052,4056,4052,4,0,0
0x608cc5,98.0296%,4,199,203,0,0,4,199
0x47805d,99.8821%,4,3390,3394,0,0,4,3390
0x4c4188,97.2603%,4,142,146,142,4,0,0
0x4c3ad5,99.6691%,4,1205,1209,1205,4,0,0
0x4d8b48,99.6044%,4,1007,1011,466,2,2,541
0x4a2b7f,90%,4,36,40,36,1,3,0
0x4583f6,55.5556%,4,5,9,2,2,2,3
0x4ba6ff,77.7778%,4,14,18,12,2,2,2
0x45afad,99.117%,4,449,453,449,4,0,0
0x47c8cc,99.7786%,4,1803,1807,1802,2,2,1
0x4b2362,33.3333%,4,2,6,0,0,4,2
0x4a6393,96.875%,4,124,128,15,4,0,109
0x4bf6e9,98.4496%,4,254,258,244,0,4,10
0x49d2af,88.2353%,4,30,34,30,4,0,0
0x60b8ae,90.6977%,4,39,43,39,4,0,0
0x4d2597,96.6102%,4,114,118,114,4,0,0
0x46ff24,99.9654%,4,11550,11554,0,0,4,11550
0x445bf8,98.2906%,4,230,234,0,0,4,230
0x4d2590,96.6102%,4,114,118,0,0,4,114
0x4acd7b,33.3333%,4,2,6,1,2,2,1
0x4766a1,99.9646%,4,11301,11305,11,2,2,11290
0x49b794,88.8889%,4,32,36,16,1,3,16
0x4c2757,99.932%,4,5876,5880,0,0,4,5876
0x49d29f,94.1176%,4,64,68,34,0,4,30
0x49a461,88.8889%,4,32,36,15,4,0,17
0x4696e2,98%,4,196,200,19,3,1,177
0x457f1e,83.3333%,4,20,24,20,4,0,0
0x457f49,83.3333%,4,20,24,20,4,0,0
0x47d69a,50%,4,4,8,0,0,4,4
0x48d6b1,55.5556%,4,5,9,0,0,4,5
0x467676,93.4426%,4,57,61,27,3,1,30
0x5f2d40,99.8653%,4,2966,2970,0,0,4,2966
0x5ef171,75%,4,12,16,12,2,2,0
0x45fea2,99.9387%,4,6519,6523,23,2,2,6496
0x450104,55.5556%,4,5,9,0,0,4,5
0x40a4f4,98.9011%,4,360,364,360,4,0,0
0x49c1a1,88.8889%,4,32,36,15,4,0,17
0x467ba8,86.6667%,4,26,30,26,4,0,0
0x460125,99.9387%,4,6522,6526,0,3,1,6522
0x47b6f7,99.8606%,4,2865,2869,0,0,4,2865
0x4be635,98.1651%,4,214,218,214,2,2,0
0x4d1047,97.0803%,4,133,137,0,0,4,133
0x4be48b,96.1165%,4,99,103,2,4,0,97
0x4d5d31,94.2029%,4,65,69,3,3,1,62
0x6098fc,96.0784%,4,98,102,1,1,3,97
0x4d2fa5,80%,4,16,20,16,4,0,0
0x464965,98.9664%,4,383,387,13,2,2,370
0x46c31e,55.5556%,4,5,9,5,4,0,0
0x4dcd98,98.8796%,4,353,357,353,4,0,0
0x46105e,87.5%,4,28,32,28,4,0,0
0x401ad0,99.8644%,4,2946,2950,2946,4,0,0
0x420c3f,92.7273%,4,51,55,51,4,0,0
0x459df2,97.3333%,4,146,150,14,1,3,132
0x4594d1,73.3333%,4,11,15,11,4,0,0
0x4cbc8d,99.8932%,4,3742,3746,0,1,3,3742
0x473c06,99.1379%,4,460,464,0,0,4,460
0x60a9ec,20%,4,1,5,0,4,0,1
0x47c563,99.9354%,4,6192,6196,0,0,4,6192
0x4ba016,99.5128%,4,817,821,817,4,0,0
0x47b249,99.9648%,4,11350,11354,0,0,4,11350
0x4b8eb9,99.9585%,4,9640,9644,9640,4,0,0
0x49cc91,99.8335%,4,2398,2402,138,1,3,2260
0x4b04c8,88.2353%,4,30,34,30,4,0,0
0x49a568,88.8889%,4,32,36,32,4,0,0
0x46feca,99.9844%,4,25584,25588,25584,4,0,0
0x479944,77.7778%,4,14,18,0,0,4,14
0x4baafa,99.9365%,4,6297,6301,0,0,4,6297
0x4a658d,78.9474%,4,15,19,15,4,0,0
0x47ddac,99.8333%,4,2395,2399,2395,4,0,0
0x46ccda,94.7368%,4,72,76,72,1,3,0
0x41920f,84%,4,21,25,19,3,1,2
0x48d2fc,98.8539%,4,345,349,0,3,1,345
0x479bb3,99.9666%,4,11966,11970,11966,4,0,0
0x478f4e,99.5671%,4,920,924,0,3,1,920
0x4b362a,96.0784%,4,98,102,67,1,3,31
0x4dc1a6,95.8763%,4,93,97,93,3,1,0
0x4a7313,97.3856%,4,149,153,113,3,1,36
0x40205a,99.8719%,4,3118,3122,0,0,4,3118
0x4a2686,87.8788%,4,29,33,29,4,0,0
0x5f0533,99.879%,4,3301,3305,0,0,4,3301
0x4bdd9a,99.7349%,4,1505,1509,0,0,4,1505
0x50f885,78.9474%,4,15,19,0,3,1,15
0x4a6273,97.8947%,4,186,190,171,2,2,15
0x5f30f1,99.8496%,4,2655,2659,2655,4,0,0
0x4dec97,85.1852%,4,23,27,11,1,3,12
0x4d04c4,99.9496%,4,7930,7934,7930,4,0,0
0x4a871b,97.4522%,4,153,157,153,4,0,0
0x4bc2cc,99.7926%,4,1925,1929,1925,4,0,0
0x4c5c53,99.9173%,4,4835,4839,4835,4,0,0
0x4d5e7b,98.1395%,4,211,215,211,4,0,0
0x46d1a0,99.6488%,4,1135,1139,461,2,2,674
0x60b01e,20%,4,1,5,1,4,0,0
0x408eee,83.3333%,4,20,24,20,4,0,0
0x50f3fc,99.9492%,4,7877,7881,7877,4,0,0
0x413707,89.1892%,4,33,37,31,2,2,2
0x463064,95.8333%,4,92,96,92,4,0,0
0x477f3f,99.5294%,4,846,850,0,3,1,846
0x459ce7,86.6667%,4,26,30,17,4,0,9
0x49d018,98.0198%,4,198,202,131,3,1,67
0x60a6ee,66.6667%,4,8,12,8,4,0,0
0x5f0acd,99.9475%,4,7622,7626,7622,4,0,0
0x44384f,99.1453%,4,464,468,464,4,0,0
0x412b5d,90.6977%,4,39,43,0,0,4,39
0x4c4522,99.8453%,4,2581,2585,2581,4,0,0
0x4a734e,97.3856%,4,149,153,149,4,0,0
0x47d1d8,99.9191%,4,4943,4947,0,0,4,4943
0x4ba639,99.6324%,4,1084,1088,16,2,2,1068
0x4b94c8,99.4382%,4,708,712,0,0,4,708
0x47a576,33.3333%,4,2,6,2,4,0,0
0x5f7bf3,80.9524%,4,17,21,0,0,4,17
0x49b8c4,78.9474%,4,15,19,15,4,0,0
0x4df205,94.6667%,4,71,75,24,3,1,47
0x4df1dc,94.6667%,4,71,75,0,0,4,71
0x4a4d81,80%,4,16,20,16,4,0,0
0x4d0c02,86.6667%,4,26,30,0,0,4,26
0x50fd7b,98.6348%,4,289,293,289,2,2,0
0x418c1c,99.8439%,4,2559,2563,2559,4,0,0
0x45b0b0,55.5556%,4,5,9,0,3,1,5
0x418cb5,99.682%,4,1254,1258,1254,3,1,0
0x4a8901,94.2857%,4,66,70,0,0,4,66
0x5de99e,33.3333%,4,2,6,0,3,1,2
0x417fd1,99.8609%,4,2872,2876,0,2,2,2872
0x46552d,55.5556%,4,5,9,5,4,0,0
0x5fa37d,78.9474%,4,15,19,1,3,1,14
0x46f2ba,91.4894%,4,43,47,13,3,1,30
0x4de2f8,86.2069%,4,25,29,25,1,3,0
0x479b97,99.9666%,4,11966,11970,0,0,4,11966
0x4434be,99.1453%,4,464,468,0,0,4,464
0x4d1082,99.022%,4,405,409,405,4,0,0
0x4a895c,94.2857%,4,66,70,31,3,1,35
0x4a89e0,94.2857%,4,66,70,33,3,1,33
0x4196ce,99.8201%,4,2220,2224,2220,4,0,0
0x4d5c94,80%,4,16,20,0,0,4,16
0x4b8d78,99.9733%,4,14965,14969,0,0,4,14965
0x41b216,20%,4,1,5,1,4,0,0
0x5ee9c6,99.8752%,4,3201,3205,0,0,4,3201
0x50fba8,99.4358%,4,705,709,0,0,4,705
0x5f0b8b,90%,4,36,40,0,4,0,36
0x45a6a8,95.0617%,4,77,81,77,4,0,0
0x5dd982,55.5556%,4,5,9,4,2,2,1
0x4bae61,99.948%,4,7687,7691,0,0,4,7687
0x46f569,75%,4,12,16,12,4,0,0
0x459d6a,97.3333%,4,146,150,13,2,2,133
0x46cdc2,94.7368%,4,72,76,72,4,0,0
0x41b591,20%,4,1,5,1,4,0,0
0x478f56,99.5671%,4,920,924,920,1,3,0
0x4b35aa,96.0784%,4,98,102,98,4,0,0
0x47d221,99.9191%,4,4943,4947,4943,4,0,0
0x457f80,77.7778%,4,14,18,14,4,0,0
0x475fa6,99.9768%,4,17211,17215,17211,4,0,0
0x47db28,99.8585%,4,2822,2826,2822,4,0,0
0x41ae1a,80%,3,12,15,12,3,0,0
0x426f5a,62.5%,3,5,8,5,3,0,0
0x476d8b,99.9289%,3,4217,4220,4217,3,0,0
0x427acc,50%,3,3,6,3,3,0,0
0x4cb3f9,99.8644%,3,2209,2212,2209,3,0,0
0x411597,0%,3,0,3,0,3,0,0
0x4dec09,0%,3,0,3,0,3,0,0
0x4a84ae,96.9697%,3,96,99,16,3,0,80
0x4c4eb4,99.8005%,3,1501,1504,1501,3,0,0
0x4111a5,0%,3,0,3,0,0,3,0
0x46584a,50%,3,3,6,0,0,3,3
0x47c984,99.9212%,3,3805,3808,0,0,3,3805
0x50fda9,81.25%,3,13,16,13,3,0,0
0x499fce,91.6667%,3,33,36,33,3,0,0
0x4d5803,99.9254%,3,4017,4020,4017,3,0,0
0x60b85c,40%,3,2,5,2,3,0,0
0x49ecec,98.75%,3,237,240,0,0,3,237
0x479c60,99.9749%,3,11967,11970,0,0,3,11967
0x47c3e7,98.6111%,3,213,216,213,3,0,0
0x5df2e0,50%,3,3,6,3,3,0,0
0x41a474,99.8551%,3,2067,2070,2067,3,0,0
0x60ac8c,57.1429%,3,4,7,1,3,0,3
0x420a4e,99.7625%,3,1260,1263,0,0,3,1260
0x4dcbe0,99.9562%,3,6850,6853,6850,3,0,0
0x4d5df4,99.9076%,3,3243,3246,0,0,3,3243
0x4afeab,99.4624%,3,555,558,0,0,3,555
0x4c89bc,86.3636%,3,19,22,2,3,0,17
0x50fbaf,99.5769%,3,706,709,706,3,0,0
0x420b2e,99.7726%,3,1316,1319,0,1,2,1316
0x458d36,89.6552%,3,26,29,26,3,0,0
0x48d955,99.1098%,3,334,337,334,3,0,0
0x49bbaf,84.2105%,3,16,19,15,1,2,1
0x4c7861,99.4633%,3,556,559,555,2,1,1
0x420bf5,99.7726%,3,1316,1319,0,0,3,1316
0x41b450,40%,3,2,5,0,0,3,2
0x420b47,99.7724%,3,1315,1318,0,0,3,1315
0x4de90a,0%,3,0,3,0,3,0,0
0x5de91d,50%,3,3,6,3,0,3,0
0x4d4023,97.8723%,3,138,141,134,1,2,4
0x5eeff7,99.9723%,3,10829,10832,0,0,3,10829
0x478bef,99.8601%,3,2141,2144,2141,3,0,0
0x4ccf04,99.8332%,3,1796,1799,1795,0,3,1
0x49aef2,94.3396%,3,50,53,34,2,1,16
0x457769,97.9592%,3,144,147,144,3,0,0
0x418bf5,99.8948%,3,2849,2852,2849,3,0,0
0x4a8ad2,91.1765%,3,31,34,31,3,0,0
0x407c2a,99.8309%,3,1771,1774,1709,3,0,62
0x4020a1,99.9146%,3,3511,3514,0,0,3,3511
0x47bcb7,99.8061%,3,1544,1547,0,0,3,1544
0x479fb5,99.7722%,3,1314,1317,1155,1,2,159
0x4a72bb,98.6726%,3,223,226,15,2,1,208
0x4b1245,98.5437%,3,203,206,203,3,0,0
0x4a8ae2,91.1765%,3,31,34,0,0,3,31
0x46c8aa,99.7804%,3,1363,1366,0,0,3,1363
0x4da987,99.9599%,3,7476,7479,0,0,3,7476
0x4c4593,99.9556%,3,6759,6762,725,2,1,6034
0x4ba86b,99.9929%,3,42306,42309,0,0,3,42306
0x4a2400,82.3529%,3,14,17,0,0,3,14
0x4593a5,80%,3,12,15,0,3,0,12
0x4c3b51,99.7569%,3,1231,1234,1231,3,0,0
0x4bd3a3,99.9126%,3,3428,3431,1644,2,1,1784
0x47ded5,0%,3,0,3,0,0,3,0
0x49af0b,91.6667%,3,33,36,32,1,2,1
0x4e2682,90.9091%,3,30,33,0,0,3,30
0x5f311f,99.8872%,3,2656,2659,0,0,3,2656
0x473b94,99.3534%,3,461,464,461,3,0,0
0x5f0c45,99.7715%,3,1310,1313,0,0,3,1310
0x4bd3ba,99.8319%,3,1782,1785,0,0,3,1782
0x498c91,99.7525%,3,1209,1212,0,0,3,1209
0x41103b,0%,3,0,3,0,3,0,0
0x5248c3,87.5%,3,21,24,21,0,3,0
0x498c09,99.7596%,3,1245,1248,1234,0,3,11
0x478ae8,99.9421%,3,5182,5185,5182,3,0,0
0x4208fa,99.7625%,3,1260,1263,0,0,3,1260
0x47ac12,95.3846%,3,62,65,62,3,0,0
0x47ca7e,99.9212%,3,3805,3808,3805,3,0,0
0x4c6e8b,99.8941%,3,2831,2834,2831,3,0,0
0x4bd2ba,99.84%,3,1872,1875,0,0,3,1872
0x49c941,99.8751%,3,2399,2402,2399,3,0,0
0x46d07f,99.8714%,3,2330,2333,2330,3,0,0
0x46d950,99.7366%,3,1136,1139,0,0,3,1136
0x4bc16e,97.5806%,3,121,124,121,3,0,0
0x47b6b9,99.8954%,3,2866,2869,0,0,3,2866
0x5f2dbc,99.899%,3,2967,2970,2967,3,0,0
0x47b59a,99.8954%,3,2866,2869,227,2,1,2639
0x457d11,92.8571%,3,39,42,39,3,0,0
0x428a86,99.359%,3,465,468,0,0,3,465
0x47a0ca,98.1366%,3,158,161,158,3,0,0
0x4b8e5b,81.25%,3,13,16,13,3,0,0
0x4a752c,91.1765%,3,31,34,31,3,0,0
0x4cfcad,91.4286%,3,32,35,32,3,0,0
0x4ce624,99.9726%,3,10960,10963,10960,3,0,0
0x4678f5,90%,3,27,30,18,0,3,9
0x4d76b2,99.9244%,3,3966,3969,0,0,3,3966
0x47c0e7,98.7013%,3,228,231,1,3,0,227
0x606859,99.9297%,3,4266,4269,0,0,3,4266
0x445b17,99.359%,3,465,468,465,3,0,0
0x445af0,99.5726%,3,699,702,232,2,1,467
0x609a16,99.6183%,3,783,786,449,3,0,334
0x60b4be,88.4615%,3,23,26,23,3,0,0
0x457b1e,0%,3,0,3,0,3,0,0
0x41ac7c,97.2973%,3,108,111,108,3,0,0
0x45fd20,0%,3,0,3,0,3,0,0
0x608d70,98.5222%,3,200,203,193,2,1,7
0x4574cf,92.3077%,3,36,39,36,3,0,0
0x457478,92.3077%,3,36,39,36,3,0,0
0x46761c,95.082%,3,58,61,58,3,0,0
0x4d1d7e,98.9011%,3,270,273,270,3,0,0
0x4b3526,95.5882%,3,65,68,0,0,3,65
0x5f2d37,99.899%,3,2967,2970,2967,3,0,0
0x477f94,95.4545%,3,63,66,35,1,2,28
0x45b87d,99.6644%,3,891,894,891,3,0,0
0x4daa08,99.959%,3,7315,7318,7315,3,0,0
0x4c48d0,99.542%,3,652,655,652,3,0,0
0x41490f,0%,3,0,3,0,0,3,0
0x4b5f6b,91.1765%,3,31,34,15,2,1,16
0x4b5f34,91.1765%,3,31,34,31,3,0,0
0x4b5f27,91.1765%,3,31,34,0,0,3,31
0x4ad6bb,91.1765%,3,31,34,31,3,0,0
0x4ad64a,91.1765%,3,31,34,31,3,0,0
0x413a69,0%,3,0,3,0,3,0,0
0x4b5a82,91.1765%,3,31,34,31,3,0,0
0x46c539,99.9532%,3,6408,6411,6408,3,0,0
0x47b9d2,98.6111%,3,213,216,2,3,0,211
0x5dde88,0%,3,0,3,0,3,0,0
0x4136d4,92.5%,3,37,40,0,3,0,37
0x4ac39a,99.6732%,3,915,918,915,3,0,0
0x459192,83.3333%,3,15,18,0,0,3,15
0x4ac3e7,99.6732%,3,915,918,915,3,0,0
0x609d26,94.6429%,3,53,56,2,2,1,51
0x4c493d,99.5683%,3,692,695,0,0,3,692
0x45938a,99.4881%,3,583,586,570,1,2,13
0x424024,75%,3,9,12,9,3,0,0
0x4d6d76,90.9091%,3,30,33,30,3,0,0
0x4acbe6,94.1176%,3,48,51,16,1,2,32
0x5fa40f,78.5714%,3,11,14,2,2,1,9
0x48bacb,99.115%,3,336,339,0,0,3,336
0x49f56a,91.1765%,3,31,34,31,3,0,0
0x45a796,96.2963%,3,78,81,78,3,0,0
0x41803a,95.4545%,3,63,66,63,2,1,0
0x460cfa,90.625%,3,29,32,0,0,3,29
0x45fbfd,0%,3,0,3,0,3,0,0
0x407c35,95.1613%,3,59,62,59,3,0,0
0x45f932,0%,3,0,3,0,3,0,0
0x4a72ed,96.8085%,3,91,94,0,0,3,91
0x40174f,99.5907%,3,730,733,0,0,3,730
0x49b610,91.6667%,3,33,36,0,0,3,33
0x4c45ec,91.4286%,3,32,35,0,3,0,32
0x5fa435,50%,3,3,6,2,0,3,1
0x426ce9,62.5%,3,5,8,5,3,0,0
0x47619e,99.9316%,3,4384,4387,4,2,1,4380
0x463966,99.6198%,3,786,789,786,3,0,0
0x45ee59,85.7143%,3,18,21,18,3,0,0
0x5de9ba,93.3333%,3,42,45,42,0,3,0
0x49e8a0,98.5577%,3,205,208,171,3,0,34
0x4e0f1b,0%,3,0,3,0,3,0,0
0x5facab,50%,3,3,6,3,1,2,0
0x5faca4,50%,3,3,6,1,1,2,2
0x4e2014,75%,3,9,12,3,3,0,6
0x4e0f07,80%,3,12,15,12,0,3,0
0x4b3343,95.5882%,3,65,68,65,3,0,0
0x4e2720,95.8333%,3,69,72,0,0,3,69
0x4e14d9,50%,3,3,6,0,0,3,3
0x5de97f,50%,3,3,6,3,3,0,0
0x4c892f,96.6292%,3,86,89,0,3,0,86
0x632df4,0%,3,0,3,0,3,0,0
0x5ddf86,0%,3,0,3,0,3,0,0
0x5ddec7,0%,3,0,3,0,3,0,0
0x4c7d5b,99.9173%,3,3624,3627,0,0,3,3624
0x5f312c,99.8872%,3,2656,2659,2656,3,0,0
0x4ba35a,99.9015%,3,3042,3045,0,0,3,3042
0x5face9,0%,3,0,3,0,3,0,0
0x5df63e,50%,3,3,6,3,3,0,0
0x4cbd8c,93.617%,3,44,47,0,0,3,44
0x4a6304,93.75%,3,45,48,16,0,3,29
0x4cbd04,93.617%,3,44,47,0,0,3,44
0x5de9bf,50%,3,3,6,0,3,0,3
0x4bc206,99.8445%,3,1926,1929,1926,3,0,0
0x5de956,0%,3,0,3,0,3,0,0
0x5dd8df,94.7368%,3,54,57,6,3,0,48
0x4a86c5,98.0892%,3,154,157,154,3,0,0
0x5d8757,50%,3,3,6,3,3,0,0
0x5df5c7,0%,3,0,3,0,3,0,0
0x47d0d5,83.3333%,3,15,18,7,2,1,8
0x459727,97.0588%,3,99,102,99,3,0,0
0x5df438,0%,3,0,3,0,3,0,0
0x4cfc30,99.9649%,3,8534,8537,8534,3,0,0
0x463086,96.875%,3,93,96,93,3,0,0
0x4bdf2b,97.1429%,3,102,105,0,2,1,102
0x4db294,99.9853%,3,20464,20467,20464,3,0,0
0x4dde47,25%,3,1,4,0,3,0,1
0x458af4,75%,3,9,12,9,3,0,0
0x46ff70,81.25%,3,13,16,0,0,3,13
0x46ff6b,81.25%,3,13,16,0,0,3,13
0x46f249,81.25%,3,13,16,0,0,3,13
0x4bd486,99.9098%,3,3324,3327,3324,3,0,0
0x4df91f,66.6667%,3,6,9,6,3,0,0
0x4dca4c,99.9562%,3,6850,6853,6850,3,0,0
0x609c26,92.8571%,3,39,42,18,2,1,21
0x46e70f,0%,3,0,3,0,3,0,0
0x46e544,0%,3,0,3,0,0,3,0
0x4d6ff8,0%,3,0,3,0,3,0,0
0x5f0a76,99.8471%,3,1959,1962,0,0,3,1959
0x4d2077,80%,3,12,15,12,3,0,0
0x505e90,50%,3,3,6,3,3,0,0
0x47def0,0%,3,0,3,0,3,0,0
0x41b4a5,40%,3,2,5,2,3,0,0
0x4d3248,99.9483%,3,5798,5801,5798,3,0,0
0x5f25ec,99.9619%,3,7878,7881,0,0,3,7878
0x4d1a84,98.9011%,3,270,273,270,3,0,0
0x46f75f,81.25%,3,13,16,13,3,0,0
0x419222,0%,3,0,3,0,3,0,0
0x478268,99.6016%,3,750,753,0,0,3,750
0x608e1b,98.4615%,3,192,195,0,0,3,192
0x45b84a,75%,3,9,12,9,3,0,0
0x523c8f,0%,3,0,3,0,3,0,0
0x523d2e,50%,3,3,6,0,3,0,3
0x5f784b,96.3415%,3,79,82,0,3,0,79
0x45b43d,89.6552%,3,26,29,26,3,0,0
0x4bda9e,99.9037%,3,3113,3116,3113,3,0,0
0x4adbee,98.4375%,3,189,192,174,1,2,15
0x4a5c88,91.1765%,3,31,34,15,2,1,16
0x4a32b9,97.8102%,3,134,137,121,0,3,13
0x4a24d6,99.2424%,3,393,396,0,0,3,393
0x4bc1e8,99.8582%,3,2113,2116,0,0,3,2113
0x49ac60,91.6667%,3,33,36,33,3,0,0
0x45a6c9,96.2963%,3,78,81,78,3,0,0
0x4beb2c,97.1429%,3,102,105,1,1,2,101
0x47802f,99.9116%,3,3391,3394,3391,3,0,0
0x49a75f,91.6667%,3,33,36,33,3,0,0
0x47b007,62.5%,3,5,8,5,3,0,0
0x60ac2e,25%,3,1,4,1,3,0,0
0x413904,0%,3,0,3,0,3,0,0
0x4b19bd,84.2105%,3,16,19,16,3,0,0
0x49a44b,91.6667%,3,33,36,33,3,0,0
0x406f59,72.7273%,3,8,11,8,3,0,0
0x4bf730,75%,3,9,12,0,3,0,9
0x4beb8d,97.0874%,3,100,103,0,0,3,100
0x414993,0%,3,0,3,0,0,3,0
0x47af5c,99.8808%,3,2514,2517,2514,2,1,0
0x4bc7c0,97.0874%,3,100,103,94,3,0,6
0x46c615,95.1613%,3,59,62,48,0,3,11
0x505f0a,50%,3,3,6,3,3,0,0
0x4b098b,99.2718%,3,409,412,0,0,3,409
0x505eb0,50%,3,3,6,3,3,0,0
0x4d64e9,99.7012%,3,1001,1004,1001,3,0,0
0x608cab,98.5222%,3,200,203,194,1,2,6
0x48d432,0%,3,0,3,0,3,0,0
0x47dd8c,75%,3,9,12,9,3,0,0
0x4b08f9,99.2063%,3,375,378,375,3,0,0
0x464ff5,99.4424%,3,535,538,0,0,3,535
0x45feff,99.9537%,3,6480,6483,6480,3,0,0
0x465652,50%,3,3,6,3,3,0,0
0x4b6fb5,82.3529%,3,14,17,14,3,0,0
0x45a5a2,96.2963%,3,78,81,0,0,3,78
0x464980,98.1013%,3,155,158,155,3,0,0
0x4a2f8d,90.9091%,3,30,33,0,0,3,30
0x4db26b,99.9853%,3,20464,20467,0,0,3,20464
0x4028cb,99.8739%,3,2376,2379,2376,3,0,0
0x4a2443,0%,3,0,3,0,3,0,0
0x6094f3,0%,3,0,3,0,0,3,0
0x417fd9,99.8956%,3,2871,2874,0,0,3,2871
0x50fcb2,99.7781%,3,1349,1352,0,0,3,1349
0x48aff9,85.7143%,3,18,21,18,3,0,0
0x4dc975,0%,3,0,3,0,3,0,0
0x48ae12,92.8571%,3,39,42,18,3,0,21
0x48acac,92.8571%,3,39,42,19,2,1,20
0x46447c,99.2248%,3,384,387,0,0,3,384
0x4670fc,99.6094%,3,765,768,138,1,2,627
0x406bec,94.4444%,3,51,54,9,2,1,42
0x4214e7,96.5116%,3,83,86,66,1,2,17
0x45ac02,98.8095%,3,249,252,0,3,0,249
0x47d16e,99.9394%,3,4944,4947,4677,1,2,267
0x45ec15,82.3529%,3,14,17,0,0,3,14
0x41389d,0%,3,0,3,0,3,0,0
0x4b186a,95.5882%,3,65,68,65,3,0,0
0x410e1d,0%,3,0,3,0,3,0,0
0x413858,0%,3,0,3,0,3,0,0
0x4137d4,0%,3,0,3,0,0,3,0
0x4137b0,0%,3,0,3,0,3,0,0
0x457ba1,0%,3,0,3,0,0,3,0
0x459e0a,80%,3,12,15,0,0,3,12
0x5dcc6d,50%,3,3,6,0,0,3,3
0x4789e8,50%,3,3,6,3,3,0,0
0x4792e8,99.7547%,3,1220,1223,1220,3,0,0
0x47b883,99.8954%,3,2866,2869,2866,3,0,0
0x418329,78.5714%,3,11,14,11,1,2,0
0x4d8163,99.7151%,3,1050,1053,0,0,3,1050
0x45ebf8,82.3529%,3,14,17,14,3,0,0
0x45a2d9,80%,3,12,15,12,3,0,0
0x45e9c6,82.3529%,3,14,17,14,3,0,0
0x408bb0,0%,3,0,3,0,3,0,0
0x45e95f,82.3529%,3,14,17,0,0,3,14
0x45e8ad,82.3529%,3,14,17,14,3,0,0
0x49e9e6,91.1765%,3,31,34,31,3,0,0
0x4cf5b9,98.3146%,3,175,178,175,3,0,0
0x453562,66.6667%,3,6,9,0,0,3,6
0x478f6a,0%,3,0,3,0,3,0,0
0x50f4f4,99.9006%,3,3014,3017,0,0,3,3014
0x47873e,50%,3,3,6,0,0,3,3
0x5f06c6,99.9423%,3,5200,5203,0,0,3,5200
0x47dd53,99.8749%,3,2396,2399,0,0,3,2396
0x4d9619,88.4615%,3,23,26,0,0,3,23
0x4d3222,99.9483%,3,5798,5801,5798,3,0,0
0x476a73,99.847%,3,1958,1961,1958,3,0,0
0x473c10,99.3534%,3,461,464,461,3,0,0
0x4a7be9,82.3529%,3,14,17,14,3,0,0
0x46cdfa,96.0526%,3,73,76,73,3,0,0
0x4d7020,0%,3,0,3,0,3,0,0
0x50fb76,99.3852%,3,485,488,485,1,2,0
0x4b9957,98.8506%,3,258,261,102,1,2,156
0x49c36b,91.6667%,3,33,36,31,2,1,2
0x48d4bd,0%,3,0,3,0,3,0,0
0x4149a3,0%,3,0,3,0,3,0,0
0x5df29d,0%,3,0,3,0,3,0,0
0x48d67a,99.952%,3,6241,6244,6241,3,0,0
0x497c86,0%,3,0,3,0,0,3,0
0x4214b2,96.5116%,3,83,86,83,3,0,0
0x417305,97.7612%,3,131,134,131,3,0,0
0x46995c,99.5231%,3,626,629,0,0,3,626
0x4bc5eb,99.9661%,3,8841,8844,0,0,3,8841
0x45a048,66.6667%,3,6,9,6,3,0,0
0x4c3b8e,99.7569%,3,1231,1234,1231,3,0,0
0x48c964,99.9131%,3,3448,3451,0,0,3,3448
0x478ead,99.9414%,3,5115,5118,5115,3,0,0
0x45fe21,99.954%,3,6523,6526,6499,2,1,24
0x60999c,98.0769%,3,153,156,22,3,0,131
0x459c3f,98.1481%,3,159,162,0,0,3,159
0x4c4b20,99.9977%,3,132605,132608,0,0,3,132605
0x428500,0%,3,0,3,0,3,0,0
0x4a650d,84.2105%,3,16,19,16,3,0,0
0x50fa56,84.2105%,3,16,19,0,3,0,16
0x4d7995,92.5%,3,37,40,37,2,1,0
0x608bd2,99.0291%,3,306,309,0,3,0,306
0x6331ab,66.6667%,3,6,9,1,2,1,5
0x4b9668,97.6562%,3,125,128,64,0,3,61
0x479860,99.5646%,3,686,689,686,3,0,0
0x478f2e,99.6764%,3,924,927,0,3,0,924
0x48c7ea,99.935%,3,4612,4615,0,0,3,4612
0x419621,99.8011%,3,1505,1508,1505,3,0,0
0x49c781,84.2105%,3,16,19,0,0,3,16
0x4c3af8,99.7519%,3,1206,1209,0,0,3,1206
0x47a18f,98.1366%,3,158,161,138,2,1,20
0x4a1392,94.2308%,3,49,52,49,3,0,0
0x47620f,99.9772%,3,13178,13181,13178,3,0,0
0x632e15,0%,3,0,3,0,0,3,0
0x4a50bc,85%,3,17,20,0,0,3,17
0x4a506c,85%,3,17,20,16,1,2,1
0x4a4d73,91.8919%,3,34,37,16,1,2,18
0x4a4b38,91.8919%,3,34,37,20,0,3,14
0x4a464d,91.8919%,3,34,37,15,2,1,19
0x457484,92.3077%,3,36,39,36,3,0,0
0x4b8c2a,97.8571%,3,137,140,0,0,3,137
0x60b75e,76.9231%,3,10,13,10,3,0,0
0x4a5b52,0%,3,0,3,0,3,0,0
0x4df90c,0%,3,0,3,0,3,0,0
0x46e4f1,0%,3,0,3,0,0,3,0
0x45fe6b,0%,3,0,3,0,3,0,0
0x49aa2b,91.6667%,3,33,36,33,3,0,0
0x4d26e4,97.2477%,3,106,109,106,3,0,0
0x4764f3,99.9275%,3,4135,4138,4135,3,0,0
0x5f1ed1,99.8438%,3,1917,1920,0,0,3,1917
0x523cdc,50%,3,3,6,0,3,0,3
0x49cb53,99.8751%,3,2399,2402,138,1,2,2261
0x523a65,0%,3,0,3,0,3,0,0
0x47b5fc,99.7995%,3,1493,1496,1493,3,0,0
0x4d64be,99.7696%,3,1299,1302,1299,3,0,0
0x423fe9,75%,3,9,12,9,3,0,0
0x4149e1,0%,3,0,3,0,3,0,0
0x4d1616,50%,3,3,6,3,3,0,0
0x40740d,99.959%,3,7321,7324,0,0,3,7321
0x5fa392,80%,3,12,15,0,2,1,12
0x47a94e,89.2857%,3,25,28,25,3,0,0
0x477f31,99.654%,3,864,867,864,3,0,0
0x4c73d5,99.8855%,3,2618,2621,643,2,1,1975
0x406b8f,94.4444%,3,51,54,51,3,0,0
0x458b1a,94.4444%,3,51,54,51,3,0,0
0x4783b8,99.6016%,3,750,753,750,3,0,0
0x412235,99.3243%,3,441,444,6,0,3,435
0x46c604,97.0297%,3,98,101,37,2,1,61
0x402518,99.3151%,3,435,438,435,3,0,0
0x450158,66.6667%,3,6,9,0,0,3,6
0x45b10e,98.6784%,3,224,227,224,3,0,0
0x5deec8,93.75%,3,45,48,0,3,0,45
0x4925bd,0%,3,0,3,0,0,3,0
0x4d5866,99.8566%,3,2089,2092,5,3,0,2084
0x4765d3,99.9171%,3,3614,3617,0,0,3,3614
0x498403,96.6667%,3,87,90,0,3,0,87
0x5f2e1b,99.899%,3,2967,2970,0,0,3,2967
0x5ef122,99.8147%,3,1616,1619,0,0,3,1616
0x4a4309,91.8919%,3,34,37,0,0,3,34
0x4b3d2a,95.5882%,3,65,68,65,3,0,0
0x41a4ce,99.9585%,3,7226,7229,0,0,3,7226
0x463de1,99.3151%,3,435,438,184,2,1,251
0x5f2da0,99.899%,3,2967,2970,2967,3,0,0
0x49bc83,0%,3,0,3,0,3,0,0
0x45f955,0%,3,0,3,0,3,0,0
0x4bbdc7,99.8626%,3,2181,2184,2181,3,0,0
0x49eb62,97%,3,97,100,97,3,0,0
0x5f0ccc,99.572%,3,698,701,0,0,3,698
0x418d59,99.8647%,3,2215,2218,2215,3,0,0
0x4a46ce,91.8919%,3,34,37,19,1,2,15
0x418d2b,99.8647%,3,2215,2218,2215,3,0,0
0x46727e,99.6094%,3,765,768,765,3,0,0
0x48cd7f,99.4371%,3,530,533,0,0,3,530
0x49cc7b,99.8751%,3,2399,2402,1830,3,0,569
0x4438f0,99.359%,3,465,468,465,3,0,0
0x47bc9a,99.8061%,3,1544,1547,0,0,3,1544
0x4d63cc,97.6%,3,122,125,122,3,0,0
0x462faa,96.875%,3,93,96,0,0,3,93
0x4c44ee,99.8839%,3,2582,2585,2582,3,0,0
0x459485,0%,3,0,3,0,3,0,0
0x41d385,81.25%,3,13,16,0,0,3,13
0x4ca8d0,99.8879%,3,2674,2677,2674,3,0,0
0x4a3e25,96.3855%,3,80,83,80,3,0,0
0x465506,66.6667%,3,6,9,6,3,0,0
0x45fbf9,0%,3,0,3,0,0,3,0
0x45da8e,96.2025%,3,76,79,76,3,0,0
0x419018,99.9807%,3,15501,15504,15501,3,0,0
0x4d9106,99.9235%,3,3917,3920,0,0,3,3917
0x479b65,99.9678%,3,9306,9309,9306,3,0,0
0x45a180,80%,3,12,15,0,0,3,12
0x477e3a,98.0892%,3,154,157,154,3,0,0
0x42747f,0%,3,0,3,0,0,3,0
0x621030,57.1429%,3,4,7,4,3,0,0
0x497a53,0%,3,0,3,0,3,0,0
0x48bf19,97.0874%,3,100,103,100,3,0,0
0x609aa6,95.3125%,3,61,64,18,3,0,43
0x4d644e,99.9365%,3,4720,4723,0,0,3,4720
0x497d1a,0%,3,0,3,0,3,0,0
0x4982ec,0%,3,0,3,0,3,0,0
0x609ba6,96.8085%,3,91,94,0,0,3,91
0x498163,0%,3,0,3,0,3,0,0
0x498a44,91.6667%,3,33,36,16,0,3,17
0x4145dd,0%,3,0,3,0,3,0,0
0x47a821,98.6425%,3,218,221,215,2,1,3
0x5fa34e,88%,3,22,25,2,2,1,20
0x49f68d,98.5149%,3,199,202,199,3,0,0
0x45a1b9,80%,3,12,15,12,3,0,0
0x4023d1,97.7099%,3,128,131,128,3,0,0
0x4274a8,0%,3,0,3,0,3,0,0
0x4b9a0a,99.5907%,3,730,733,730,3,0,0
0x4c22be,99.384%,3,484,487,484,3,0,0
0x48d68f,66.6667%,3,6,9,0,0,3,6
0x4cb989,93.617%,3,44,47,44,3,0,0
0x458e81,66.6667%,3,6,9,2,2,1,4
0x45ff1f,0%,3,0,3,0,3,0,0
0x5ddf68,92.3077%,3,36,39,0,3,0,36
0x476840,99.5106%,3,610,613,0,0,3,610
0x40a64a,99.9518%,3,6223,6226,6223,3,0,0
0x476194,62.5%,3,5,8,5,3,0,0
0x4d5b5c,98.8462%,3,257,260,257,3,0,0
0x48be5a,98.9726%,3,289,292,186,3,0,103
0x4246c2,62.5%,3,5,8,5,3,0,0
0x478b6c,99.8007%,3,1502,1505,1502,3,0,0
0x4e299b,95.2381%,3,60,63,60,3,0,0
0x41500b,99.3007%,3,426,429,0,0,3,426
0x4ca852,99.729%,3,1104,1107,1002,1,2,102
0x4ac095,85%,3,17,20,16,1,2,1
0x4c5503,99.8975%,3,2925,2928,2925,3,0,0
0x49c2ab,91.6667%,3,33,36,33,3,0,0
0x4d1ddb,98.9011%,3,270,273,0,0,3,270
0x4abe97,96.5116%,3,83,86,65,1,2,18
0x49bd49,0%,3,0,3,0,3,0,0
0x49bea2,84.2105%,3,16,19,0,3,0,16
0x4abe7c,95.4545%,3,63,66,63,3,0,0
0x49c167,91.6667%,3,33,36,18,2,1,15
0x60b5bc,50%,3,3,6,0,3,0,3
0x4df31c,96%,3,72,75,0,3,0,72
0x49c1cf,91.6667%,3,33,36,33,3,0,0
0x49c22a,91.6667%,3,33,36,33,3,0,0
0x4a5912,82.3529%,3,14,17,14,3,0,0
0x46ff96,81.25%,3,13,16,13,3,0,0
0x49c370,0%,3,0,3,0,3,0,0
0x46529f,96%,3,72,75,72,3,0,0
0x50fa94,99.9734%,3,11287,11290,0,0,3,11287
0x49bbeb,0%,3,0,3,0,3,0,0
0x5de74e,50%,3,3,6,0,3,0,3
0x4dfb07,95.2381%,3,60,63,49,2,1,11
0x458231,99.701%,2,667,669,667,2,0,0
0x49ad39,94.4444%,2,34,36,34,2,0,0
0x47dd68,99.9166%,2,2397,2399,0,0,2,2397
0x4d9610,92.3077%,2,24,26,0,0,2,24
0x4a7b3c,98.1308%,2,105,107,105,2,0,0
0x47383b,99.569%,2,462,464,462,2,0,0
0x4a3e94,97.0149%,2,65,67,50,1,1,15
0x4ad3f1,97.2973%,2,72,74,72,2,0,0
0x411868,99.5495%,2,442,444,442,2,0,0
0x41bcbb,99.7155%,2,701,703,701,2,0,0
0x476cae,99.9537%,2,4318,4320,0,0,2,4318
0x4c4e94,99.9132%,2,2302,2304,2302,2,0,0
0x463cd6,99.5434%,2,436,438,436,2,0,0
0x4a1223,94.2857%,2,33,35,15,1,1,18
0x4c7d71,99.9449%,2,3625,3627,0,0,2,3625
0x445800,99.5726%,2,466,468,466,2,0,0
0x4a51a2,94.5946%,2,35,37,35,2,0,0
0x4a2fb3,93.9394%,2,31,33,31,2,0,0
0x4790fd,99.9761%,2,8367,8369,8367,2,0,0
0x4bc1cc,99.9055%,2,2114,2116,0,0,2,2114
0x401b09,99.9322%,2,2948,2950,2948,2,0,0
0x4dd2c1,99.3958%,2,329,331,329,2,0,0
0x5f1dbd,94.2857%,2,33,35,0,0,2,33
0x4dac96,99.6479%,2,566,568,566,2,0,0
0x49a46c,94.4444%,2,34,36,34,2,0,0
0x48dec3,99.422%,2,344,346,344,2,0,0
0x47af53,99.9205%,2,2515,2517,0,0,2,2515
0x459f26,88.8889%,2,16,18,16,2,0,0
0x47a2c8,99.7886%,2,944,946,944,2,0,0
0x4bb909,97.2222%,2,70,72,70,2,0,0
0x4bdf48,0%,2,0,2,0,1,1,0
0x45718f,99.898%,2,1959,1961,1959,2,0,0
0x60686a,99.8918%,2,1847,1849,1847,0,2,0
0x5f053e,99.9395%,2,3303,3305,0,0,2,3303
0x4ad32e,94.1176%,2,32,34,32,2,0,0
0x4de277,93.1034%,2,27,29,27,2,0,0
0x4ba502,99.969%,2,6446,6448,0,0,2,6446
0x464fbb,98.2759%,2,114,116,50,2,0,64
0x476b84,99.9544%,2,4387,4389,4387,2,0,0
0x45c269,99.5851%,2,480,482,0,0,2,480
0x4c238b,99.8497%,2,1329,1331,0,0,2,1329
0x4c579f,99.6694%,2,603,605,1,1,1,602
0x6097cc,97.5904%,2,81,83,3,1,1,78
0x4bd463,99.9399%,2,3325,3327,0,0,2,3325
0x466c89,99.5927%,2,489,491,489,2,0,0
0x47b5c7,99.9303%,2,2867,2869,0,0,2,2867
0x427f9f,93.9394%,2,31,33,31,2,0,0
0x5ef0eb,99.8765%,2,1617,1619,0,0,2,1617
0x427992,99.2674%,2,271,273,271,2,0,0
0x4cd509,99.8126%,2,1065,1067,1065,2,0,0
0x45922a,88.8889%,2,16,18,16,2,0,0
0x4b85e7,98.0769%,2,102,104,102,2,0,0
0x4699fe,97.7273%,2,86,88,86,2,0,0
0x47ab03,99.985%,2,13289,13291,0,0,2,13289
0x4ba461,98.3607%,2,120,122,120,2,0,0
0x458e2a,90%,2,18,20,1,1,1,17
0x45ee0c,90.4762%,2,19,21,19,2,0,0
0x5ef0c2,99.8765%,2,1617,1619,0,0,2,1617
0x4d1100,66.6667%,2,4,6,4,2,0,0
0x50b0d9,0%,2,0,2,0,0,2,0
0x4dde3d,50%,2,2,4,0,0,2,2
0x4992a4,99.7396%,2,766,768,766,2,0,0
0x4b5afb,94.1176%,2,32,34,32,2,0,0
0x477e2a,98.7261%,2,155,157,0,0,2,155
0x4d587d,99.904%,2,2082,2084,2082,2,0,0
0x424099,83.3333%,2,10,12,0,0,2,10
0x4c5978,99.6422%,2,557,559,4,2,0,553
0x49c1e0,94.4444%,2,34,36,34,2,0,0
0x4190e5,33.3333%,2,1,3,1,2,0,0
0x4d3082,99.8668%,2,1499,1501,1499,2,0,0
0x4a7069,94.1176%,2,32,34,0,0,2,32
0x41224b,99.5434%,2,436,438,436,2,0,0
0x4bb944,0%,2,0,2,0,2,0,0
0x4b9cb7,99.633%,2,543,545,543,2,0,0
0x4ba27f,99.9343%,2,3043,3045,3043,2,0,0
0x464df9,98.7654%,2,160,162,0,0,2,160
0x4df21d,95.8333%,2,46,48,46,2,0,0
0x4cfc77,99.9766%,2,8535,8537,8535,2,0,0
0x4786f6,66.6667%,2,4,6,0,0,2,4
0x422249,71.4286%,2,5,7,5,2,0,0
0x4ba3f2,99.9822%,2,11265,11267,0,0,2,11265
0x5f2dcd,99.9327%,2,2968,2970,0,0,2,2968
0x47a56b,98.6667%,2,148,150,143,1,1,5
0x473bc5,99.569%,2,462,464,462,2,0,0
0x457425,94.8718%,2,37,39,37,2,0,0
0x47c7f7,99.9475%,2,3806,3808,0,0,2,3806
0x60b21e,97.8723%,2,92,94,92,2,0,0
0x49a9ee,94.4444%,2,34,36,0,0,2,34
0x4cc9af,99.966%,2,5881,5883,0,0,2,5881
0x41b15f,99.901%,2,2019,2021,2019,2,0,0
0x50f80d,99.3399%,2,301,303,301,2,0,0
0x415018,99.5338%,2,427,429,0,0,2,427
0x5f2d72,99.9327%,2,2968,2970,0,0,2,2968
0x45feda,99.9693%,2,6521,6523,6521,2,0,0
0x4ca93b,99.9134%,2,2307,2309,2307,2,0,0
0x5f1d77,99.9327%,2,2968,2970,0,0,2,2968
0x4a2465,33.3333%,2,1,3,1,2,0,0
0x4b2f25,97.0588%,2,66,68,0,0,2,66
0x47d962,99.5434%,2,436,438,436,2,0,0
0x4b22ff,83.3333%,2,10,12,5,1,1,5
0x49aead,96.4286%,2,54,56,0,0,2,54
0x47916d,99.9779%,2,9052,9054,9052,2,0,0
0x4b22e1,83.3333%,2,10,12,10,2,0,0
0x4649fb,86.6667%,2,13,15,13,2,0,0
0x49c1ab,94.4444%,2,34,36,18,1,1,16
0x5def2d,66.6667%,2,4,6,4,2,0,0
0x63350e,33.3333%,2,1,3,0,0,2,1
0x48de7f,99.41%,2,337,339,337,2,0,0
0x633539,33.3333%,2,1,3,1,2,0,0
0x5df4ad,33.3333%,2,1,3,1,2,0,0
0x411311,99.7863%,2,934,936,466,2,0,468
0x484b9f,95.2381%,2,40,42,40,2,0,0
0x458284,90%,2,18,20,18,2,0,0
0x5dd8e6,95.8333%,2,46,48,46,2,0,0
0x5ded6c,66.6667%,2,4,6,4,2,0,0
0x633501,33.3333%,2,1,3,0,0,2,1
0x45e554,0%,2,0,2,0,2,0,0
0x5fad0d,33.3333%,2,1,3,1,2,0,0
0x4a0a06,98.9474%,2,188,190,188,2,0,0
0x4bb81a,99.4505%,2,362,364,0,0,2,362
0x5dd238,66.6667%,2,4,6,0,0,2,4
0x4e2bed,97.2222%,2,70,72,70,2,0,0
0x41531c,99.5338%,2,427,429,427,2,0,0
0x4ad21c,88.2353%,2,15,17,0,0,2,15
0x5d8d84,66.6667%,2,4,6,0,0,2,4
0x4c77d1,99.6422%,2,557,559,557,2,0,0
0x420848,98.8439%,2,171,173,171,2,0,0
0x4d8a5f,98.4127%,2,124,126,0,0,2,124
0x41b691,98.4127%,2,124,126,124,2,0,0
0x45ec34,88.2353%,2,15,17,15,2,0,0
0x4bbbd8,98.2143%,2,110,112,110,2,0,0
0x463ab5,99.7468%,2,788,790,0,0,2,788
0x4e2c3a,92.5926%,2,25,27,25,2,0,0
0x4d0547,99.9176%,2,2424,2426,0,0,2,2424
0x4190b4,95.3488%,2,41,43,41,2,0,0
0x4d7a7e,95%,2,38,40,38,1,1,0
0x48d6ea,99.968%,2,6251,6253,6251,2,0,0
0x4185d8,91.3043%,2,21,23,21,2,0,0
0x4b2498,94.1176%,2,32,34,16,1,1,16
0x4d139f,66.6667%,2,4,6,4,2,0,0
0x4db246,99.9902%,2,20465,20467,0,0,2,20465
0x5d8826,66.6667%,2,4,6,0,0,2,4
0x47a749,98.5075%,2,132,134,132,2,0,0
0x4b3a57,98.0392%,2,100,102,100,2,0,0
0x5df4ba,33.3333%,2,1,3,1,2,0,0
0x4b08b7,94.1176%,2,32,34,32,2,0,0
0x4be6f2,99.9612%,2,5156,5158,0,0,2,5156
0x50fafd,99.3808%,2,321,323,321,2,0,0
0x427eb5,86.6667%,2,13,15,0,0,2,13
0x445af9,99.5726%,2,466,468,0,0,2,466
0x48d365,33.3333%,2,1,3,1,2,0,0
0x446099,99.5726%,2,466,468,466,2,0,0
0x47ceb8,94.8718%,2,37,39,37,2,0,0
0x60a8ee,95.3488%,2,41,43,41,2,0,0
0x4a4949,33.3333%,2,1,3,1,2,0,0
0x426cbe,75%,2,6,8,0,0,2,6
0x426e37,87.5%,2,14,16,14,2,0,0
0x459e42,83.3333%,2,10,12,10,2,0,0
0x426f1f,87.5%,2,14,16,7,1,1,7
0x49f554,94.1176%,2,32,34,0,0,2,32
0x60b60e,91.3043%,2,21,23,21,2,0,0
0x467900,83.3333%,2,10,12,10,2,0,0
0x5f07af,97.8495%,2,91,93,91,2,0,0
0x46796f,93.3333%,2,28,30,28,2,0,0
0x4079c9,80%,2,8,10,4,2,0,4
0x4c663c,99.1935%,2,246,248,246,2,0,0
0x45a41a,86.6667%,2,13,15,0,0,2,13
0x4c6728,99.1935%,2,246,248,0,2,0,246
0x4a3002,87.5%,2,14,16,14,2,0,0
0x49943c,99.7396%,2,766,768,627,2,0,139
0x47a06d,98.7578%,2,159,161,0,0,2,159
0x45b0e8,0%,2,0,2,0,2,0,0
0x408c9c,97.9592%,2,96,98,0,0,2,96
0x467409,97.8022%,2,89,91,89,2,0,0
0x4d8f0f,99.913%,2,2298,2300,2298,2,0,0
0x46776c,96.7213%,2,59,61,29,2,0,30
0x4bf835,80%,2,8,10,7,1,1,1
0x46782e,96.7213%,2,59,61,59,2,0,0
0x46783b,96.7213%,2,59,61,59,2,0,0
0x44578c,99.5726%,2,466,468,466,2,0,0
0x4c3d31,99.8358%,2,1216,1218,1216,2,0,0
0x4a7b55,98.1308%,2,105,107,0,0,2,105
0x5f2e20,99.9327%,2,2968,2970,0,0,2,2968
0x4ca67d,99.978%,2,9100,9102,0,0,2,9100
0x609f66,86.6667%,2,13,15,0,2,0,13
0x498bd2,85.7143%,2,12,14,12,2,0,0
0x4ba64e,88.8889%,2,16,18,16,2,0,0
0x4ba679,88.8889%,2,16,18,16,2,0,0
0x46f1a6,87.5%,2,14,16,0,0,2,14
0x50f7f7,85.7143%,2,12,14,12,2,0,0
0x5de9e3,66.6667%,2,4,6,4,2,0,0
0x40798c,80%,2,8,10,0,0,2,8
0x401874,94.1176%,2,32,34,0,0,2,32
0x4597d5,98.0392%,2,100,102,100,2,0,0
0x418ee9,92.3077%,2,24,26,0,0,2,24
0x6332f1,66.6667%,2,4,6,4,2,0,0
0x41bbde,99.7155%,2,701,703,0,0,2,701
0x41bc97,99.7155%,2,701,703,0,0,2,701
0x47bd69,99.8502%,2,1333,1335,0,0,2,1333
0x609d0b,75%,2,6,8,0,0,2,6
0x457abc,98.6395%,2,145,147,145,2,0,0
0x4d09d4,90.4762%,2,19,21,19,2,0,0
0x4d0a20,90.4762%,2,19,21,0,0,2,19
0x4770c9,50%,2,2,4,1,1,1,1
0x49b8ec,89.4737%,2,17,19,0,0,2,17
0x49b93b,89.4737%,2,17,19,0,0,2,17
0x49b967,89.4737%,2,17,19,17,2,0,0
0x50f845,89.4737%,2,17,19,17,2,0,0
0x50f8fb,89.4737%,2,17,19,0,0,2,17
0x4535ae,77.7778%,2,7,9,7,2,0,0
0x4a880d,98%,2,98,100,0,0,2,98
0x4adc12,98%,2,98,100,98,2,0,0
0x47bb29,98.0583%,2,101,103,0,0,2,101
0x5de693,66.6667%,2,4,6,4,2,0,0
0x4ac0b7,90%,2,18,20,15,2,0,3
0x5f1d37,99.9327%,2,2968,2970,0,0,2,2968
0x49f5a6,94.1176%,2,32,34,32,2,0,0
0x4989e4,94.4444%,2,34,36,34,2,0,0
0x49a3cd,94.4444%,2,34,36,34,2,0,0
0x4d902e,99.6063%,2,506,508,506,2,0,0
0x4bd998,99.1968%,2,247,249,0,0,2,247
0x4bd9a5,99.1968%,2,247,249,247,2,0,0
0x4118d0,99.5495%,2,442,444,442,2,0,0
0x4a1353,87.5%,2,14,16,14,2,0,0
0x4d6f4a,33.3333%,2,1,3,0,0,2,1
0x49ce63,99.9167%,2,2400,2402,138,1,1,2262
0x498474,33.3333%,2,1,3,0,1,1,1
0x420d0a,96.3636%,2,53,55,53,2,0,0
0x5f7c48,90.4762%,2,19,21,19,2,0,0
0x4a4c34,88.2353%,2,15,17,15,2,0,0
0x4df6d9,90.4762%,2,19,21,0,0,2,19
0x49ec4e,96%,2,48,50,48,2,0,0
0x45e64b,50%,2,2,4,2,0,2,0
0x45fce6,33.3333%,2,1,3,1,2,0,0
0x4e05fb,97.2222%,2,70,72,70,2,0,0
0x4e0e12,94.8718%,2,37,39,31,2,0,6
0x4e2aef,97.2222%,2,70,72,70,2,0,0
0x47a1c7,99.4253%,2,346,348,63,1,1,283
0x4d8106,99.5726%,2,466,468,466,2,0,0
0x4e2c9d,92.5926%,2,25,27,25,2,0,0
0x4b3b73,97.0588%,2,66,68,66,2,0,0
0x479ebd,98.7578%,2,159,161,159,2,0,0
0x45946b,86.6667%,2,13,15,11,1,1,2
0x45ec2a,88.2353%,2,15,17,0,0,2,15
0x6332bf,66.6667%,2,4,6,4,2,0,0
0x4594e5,86.6667%,2,13,15,13,2,0,0
0x4768d5,99.6737%,2,611,613,611,2,0,0
0x4d8e3c,90%,2,18,20,0,0,2,18
0x60a0c8,96.0784%,2,49,51,0,0,2,49
0x476059,99.9871%,2,15445,15447,15445,2,0,0
0x4c480f,99.9523%,2,4188,4190,4188,1,1,0
0x467b12,93.3333%,2,28,30,28,2,0,0
0x479fff,98.7578%,2,159,161,159,2,0,0
0x47a08a,98.7578%,2,159,161,0,0,2,159
0x4b6d31,88.2353%,2,15,17,15,2,0,0
0x4a52ea,88.2353%,2,15,17,0,0,2,15
0x5dda02,95.8333%,2,46,48,46,2,0,0
0x427aa6,66.6667%,2,4,6,0,0,2,4
0x45d9a5,90.9091%,2,20,22,20,2,0,0
0x45e565,50%,2,2,4,0,2,0,2
0x412f50,98.4375%,2,126,128,126,2,0,0
0x405606,77.7778%,2,7,9,7,2,0,0
0x45b28a,93.9394%,2,31,33,0,0,2,31
0x408b4e,60%,2,3,5,0,0,2,3
0x45a20f,86.6667%,2,13,15,13,2,0,0
0x462dd4,99.3939%,2,328,330,328,2,0,0
0x463188,97.9167%,2,94,96,94,2,0,0
0x4631d0,97.9167%,2,94,96,94,2,0,0
0x46354e,97.9167%,2,94,96,94,2,0,0
0x48dc27,99.4065%,2,335,337,2,1,1,333
0x427bed,99.2674%,2,271,273,271,2,0,0
0x473a86,99.569%,2,462,464,462,2,0,0
0x4a7701,99.3528%,2,307,309,307,2,0,0
0x4926ed,33.3333%,2,1,3,0,0,2,1
0x60953b,97.619%,2,82,84,0,0,2,82
0x427be8,92.5926%,2,25,27,25,2,0,0
0x47cf9e,77.7778%,2,7,9,7,2,0,0
0x419166,95.3488%,2,41,43,41,2,0,0
0x428207,83.3333%,2,10,12,10,2,0,0
0x4283c2,86.6667%,2,13,15,0,0,2,13
0x443530,99.5726%,2,466,468,466,2,0,0
0x45a5d3,97.5309%,2,79,81,79,2,0,0
0x4dcb10,99.9708%,2,6851,6853,0,0,2,6851
0x46570c,98.8827%,2,177,179,0,0,2,177
0x45aa18,97.5309%,2,79,81,79,2,0,0
0x50fc64,98.6667%,2,148,150,38,1,1,110
0x457efb,91.6667%,2,22,24,0,0,2,22
0x5ef151,87.5%,2,14,16,0,0,2,14
0x47c898,85.7143%,2,12,14,12,2,0,0
0x4434ea,99.5726%,2,466,468,0,0,2,466
0x4d8bbd,33.3333%,2,1,3,1,2,0,0
0x4435f2,99.5726%,2,466,468,0,0,2,466
0x4437de,99.5726%,2,466,468,0,0,2,466
0x5ee898,98.7013%,2,152,154,152,2,0,0
0x47aa99,97.7778%,2,88,90,88,2,0,0
0x4699df,97.7273%,2,86,88,86,2,0,0
0x4d8abf,99.5726%,2,466,468,0,0,2,466
0x4d80a0,99.5726%,2,466,468,0,0,2,466
0x4760f5,99.9643%,2,5600,5602,5600,2,0,0
0x49a669,94.4444%,2,34,36,34,2,0,0
0x46e557,33.3333%,2,1,3,1,2,0,0
0x4c601a,77.7778%,2,7,9,7,2,0,0
0x48d9fc,0%,2,0,2,0,2,0,0
0x45b46b,93.1034%,2,27,29,0,0,2,27
0x4bf758,92.5926%,2,25,27,18,0,2,7
0x418250,0%,2,0,2,0,2,0,0
0x60b55e,33.3333%,2,1,3,1,2,0,0
0x4c649f,87.5%,2,14,16,8,0,2,6
0x4d770e,99.9496%,2,3967,3969,3967,2,0,0
0x4bf78f,83.3333%,2,10,12,0,0,2,10
0x50b0b9,0%,2,0,2,0,0,2,0
0x609cb7,91.6667%,2,22,24,0,0,2,22
0x49b66f,94.4444%,2,34,36,0,0,2,34
0x4a251b,99.5204%,2,415,417,382,1,1,33
0x4b5ffd,88.2353%,2,15,17,15,2,0,0
0x45de7c,99.3769%,2,319,321,319,2,0,0
0x46f2d9,93.5484%,2,29,31,29,2,0,0
0x4a79e7,98.1308%,2,105,107,0,0,2,105
0x4b43f9,94.1176%,2,32,34,0,0,2,32
0x46f31a,93.5484%,2,29,31,29,2,0,0
0x4285a0,83.3333%,2,10,12,10,2,0,0
0x4a777f,99.3528%,2,307,309,206,0,2,101
0x62101d,71.4286%,2,5,7,5,2,0,0
0x4b9bf8,99.0196%,2,202,204,0,0,2,202
0x60b7fe,60%,2,3,5,3,2,0,0
0x4a7b03,96.2264%,2,51,53,51,2,0,0
0x5f2f6b,99.9327%,2,2968,2970,2968,2,0,0
0x4018ac,50%,2,2,4,2,2,0,0
0x46fedd,99.7908%,2,954,956,954,2,0,0
0x45a5bf,97.5309%,2,79,81,79,2,0,0
0x4d61dc,50%,2,2,4,0,1,1,2
0x4ad51e,97.2973%,2,72,74,72,2,0,0
0x4cd1bd,99.8126%,2,1065,1067,0,0,2,1065
0x4b0781,99.4709%,2,376,378,376,2,0,0
0x4b08dc,99.5146%,2,410,412,0,0,2,410
0x4bbcde,33.3333%,2,1,3,1,2,0,0
0x4bc7b7,98.0583%,2,101,103,0,0,2,101
0x49a134,94.4444%,2,34,36,34,2,0,0
0x4acb14,94.1176%,2,32,34,32,2,0,0
0x4274d6,83.3333%,2,10,12,0,0,2,10
0x4b17f1,97.0588%,2,66,68,66,2,0,0
0x4ac9de,98.0392%,2,100,102,68,0,2,32
0x4aca04,98.5294%,2,134,136,33,1,1,101
0x427e10,97.0588%,2,66,68,66,2,0,0
0x4b0866,94.1176%,2,32,34,32,2,0,0
0x4ad2d1,94.1176%,2,32,34,15,2,0,17
0x4ad31b,94.1176%,2,32,34,17,0,2,15
0x4b5d86,94.1176%,2,32,34,32,2,0,0
0x4a6661,94.1176%,2,32,34,15,1,1,17
0x45e401,50%,2,2,4,2,2,0,0
0x4b214d,88.2353%,2,15,17,15,2,0,0
0x4d3eef,92.5926%,2,25,27,25,2,0,0
0x4ad1fb,88.2353%,2,15,17,15,2,0,0
0x4ad25a,88.2353%,2,15,17,15,2,0,0
0x49ea00,94.1176%,2,32,34,32,2,0,0
0x4b5f76,88.2353%,2,15,17,15,2,0,0
0x4c484f,99.9733%,2,7479,7481,0,0,2,7479
0x4699d9,98.8636%,2,174,176,87,1,1,87
0x424066,83.3333%,2,10,12,10,2,0,0
0x60a83e,87.5%,2,14,16,14,2,0,0
0x45e0fd,50%,2,2,4,1,1,1,1
0x45e337,50%,2,2,4,2,2,0,0
0x4d3e20,77.7778%,2,7,9,7,2,0,0
0x49e969,96.9697%,2,64,66,31,2,0,33
0x4597e2,98.0392%,2,100,102,5,0,2,95
0x608fe3,97.7273%,2,86,88,0,0,2,86
0x4c7775,99.9774%,2,8859,8861,8859,2,0,0
0x4a8542,93.75%,2,30,32,30,2,0,0
0x405557,77.7778%,2,7,9,7,2,0,0
0x4ac345,99.7821%,2,916,918,916,2,0,0
0x49d008,99.0099%,2,200,202,0,0,2,200
0x5ef82e,0%,2,0,2,0,0,2,0
0x4b2fee,97.0588%,2,66,68,33,1,1,33
0x4b5ab9,94.1176%,2,32,34,32,2,0,0
0x49c909,99.9167%,2,2400,2402,0,0,2,2400
0x460f07,96.875%,2,62,64,31,1,1,31
0x4b33f1,97.0588%,2,66,68,0,0,2,66
0x417393,98.5075%,2,132,134,132,2,0,0
0x4a3130,88.2353%,2,15,17,15,2,0,0
0x4a3152,88.2353%,2,15,17,15,2,0,0
0x484b8a,95.2381%,2,40,42,0,0,2,40
0x48b92d,95.2381%,2,40,42,40,2,0,0
0x4a28aa,97.5904%,2,81,83,81,2,0,0
0x473a5a,99.569%,2,462,464,462,2,0,0
0x49ae77,96.4286%,2,54,56,54,2,0,0
0x4a2ff8,93.9394%,2,31,33,16,1,1,15
0x46d860,99.8244%,2,1137,1139,0,0,2,1137
0x4a8aef,94.1176%,2,32,34,0,0,2,32
0x412e2f,94.4444%,2,34,36,34,2,0,0
0x412f40,99.9667%,2,5996,5998,0,0,2,5996
0x413202,95%,2,38,40,38,2,0,0
0x45e514,50%,2,2,4,1,1,1,1
0x4a3dbc,97.5904%,2,81,83,15,1,1,66
0x4a3dfe,97.0149%,2,65,67,65,2,0,0
0x4a3e84,97.5904%,2,81,83,15,1,1,66
0x4c4621,99.1632%,2,237,239,7,2,0,230
0x49ccfb,99.9116%,2,2261,2263,2261,2,0,0
0x4b6a7a,88.2353%,2,15,17,15,2,0,0
0x4b6b27,88.2353%,2,15,17,15,2,0,0
0x48aa99,90.4762%,2,19,21,19,2,0,0
0x48ab31,96.8254%,2,61,63,20,1,1,41
0x4182d1,96.9231%,2,63,65,63,1,1,0
0x49ea65,96%,2,48,50,48,2,0,0
0x4ac7ed,96%,2,48,50,48,2,0,0
0x48abf2,95.2381%,2,40,42,40,2,0,0
0x5f08b8,94.8718%,2,37,39,37,2,0,0
0x4bbb88,98.2143%,2,110,112,0,0,2,110
0x49f110,98.4962%,2,131,133,131,2,0,0
0x49f139,98.4962%,2,131,133,99,1,1,32
0x48ae2b,90.4762%,2,19,21,19,2,0,0
0x48afd3,90.4762%,2,19,21,19,2,0,0
0x4840d7,90.4762%,2,19,21,19,2,0,0
0x4beab3,0%,2,0,2,0,2,0,0
0x48424f,95.2381%,2,40,42,40,2,0,0
0x4842a6,95.2381%,2,40,42,0,0,2,40
0x5f086d,94.8718%,2,37,39,37,2,0,0
0x420bfa,99.8484%,2,1317,1319,1317,2,0,0
0x427444,86.6667%,2,13,15,13,2,0,0
0x5f0c87,99.6732%,2,610,612,0,0,2,610
0x458306,94.8718%,2,37,39,37,2,0,0
0x48c100,98.0583%,2,101,103,101,2,0,0
0x4770b5,80%,2,8,10,0,2,0,8
0x45c222,99.5851%,2,480,482,480,2,0,0
0x46759f,96.7213%,2,59,61,0,0,2,59
0x4c3ed8,98.1308%,2,105,107,105,2,0,0
0x523b09,33.3333%,2,1,3,1,2,0,0
0x49cbf7,99.9167%,2,2400,2402,1832,1,1,568
0x4131d3,94.4444%,2,34,36,0,0,2,34
0x48d33d,33.3333%,2,1,3,0,0,2,1
0x47b153,99.9836%,2,12157,12159,12157,2,0,0
0x47cd4e,99.9596%,2,4954,4956,4954,2,0,0
0x458c12,93.1034%,2,27,29,27,2,0,0
0x477ec2,98.7261%,2,155,157,155,2,0,0
0x464b18,86.6667%,2,13,15,13,2,0,0
0x46cc76,97.3684%,2,74,76,0,0,2,74
0x499f7c,94.4444%,2,34,36,34,2,0,0
0x46476e,86.6667%,2,13,15,13,2,0,0
0x608e8a,98.9744%,2,193,195,0,0,2,193
0x47c72a,99.9659%,2,5860,5862,0,0,2,5860
0x47807e,99.9266%,2,2722,2724,2722,2,0,0
0x49ce37,99.9167%,2,2400,2402,2400,2,0,0
0x421b08,99.8397%,2,1246,1248,0,0,2,1246
0x46c619,85.7143%,2,12,14,12,2,0,0
0x4784f6,99.3846%,2,323,325,323,2,0,0
0x60902b,99.7222%,2,718,720,0,0,2,718
0x4c500a,99.9364%,2,3141,3143,3141,2,0,0
0x420d3c,96.3636%,2,53,55,53,2,0,0
0x49caa9,99.6485%,2,567,569,567,2,0,0
0x49c965,99.9167%,2,2400,2402,2400,2,0,0
0x47ab38,99.984%,2,12513,12515,12513,2,0,0
0x49c89f,99.7396%,2,766,768,0,0,2,766
0x401f48,98.2609%,2,113,115,113,2,0,0
0x4697cd,99.5338%,2,427,429,0,0,2,427
0x4aca92,66.6667%,2,4,6,4,2,0,0
0x46eda8,99.5976%,2,495,497,495,2,0,0
0x6099bb,99.0291%,2,204,206,0,0,2,204
0x4e2869,97.2222%,2,70,72,70,2,0,0
0x4c4e46,99.9026%,2,2052,2054,0,0,2,2052
0x4a5340,88.2353%,2,15,17,0,0,2,15
0x48d4b0,99.4118%,2,338,340,336,1,1,2
0x4574a3,94.8718%,2,37,39,0,0,2,37
0x464583,99.4832%,2,385,387,178,1,1,207
0x46993e,99.2481%,2,264,266,264,2,0,0
0x48c65b,99.932%,2,2939,2941,0,0,2,2939
0x419a8b,96.875%,2,62,64,0,0,2,62
0x5ef0f7,99.8765%,2,1617,1619,1617,2,0,0
0x418a19,99.9576%,2,4719,4721,0,1,1,4719
0x4d8f77,99.913%,2,2298,2300,2298,2,0,0
0x5f2d93,99.9327%,2,2968,2970,0,0,2,2968
0x4acfac,66.6667%,2,4,6,0,0,2,4
0x46d18e,99.7187%,2,709,711,709,2,0,0
0x5f2d2e,99.9327%,2,2968,2970,0,0,2,2968
0x46d6db,98.4252%,2,125,127,125,2,0,0
0x50fc03,99.9721%,2,7169,7171,0,0,2,7169
0x4b85fa,98.0769%,2,102,104,102,2,0,0
0x402577,99.5434%,2,436,438,185,1,1,251
0x4117ad,99.5495%,2,442,444,442,2,0,0
0x5f2627,99.9746%,2,7879,7881,0,0,2,7879
0x4deb80,83.3333%,2,10,12,0,0,2,10
0x48ab6c,95.2381%,2,40,42,40,2,0,0
0x4a6697,93.5484%,2,29,31,14,1,1,15
0x41a3df,99.9723%,2,7227,7229,7227,2,0,0
0x4d6374,99.2308%,2,258,260,258,2,0,0
0x4c4806,99.9524%,2,4200,4202,12,0,2,4188
0x479c3a,99.894%,2,1885,1887,1885,2,0,0
0x47829b,99.7344%,2,751,753,0,0,2,751
0x45ecb4,88.2353%,2,15,17,0,0,2,15
0x4dcb01,99.9708%,2,6851,6853,0,0,2,6851
0x4d5f86,99.5763%,2,470,472,0,0,2,470
0x46c384,99.959%,2,4875,4877,0,0,2,4875
0x476538,97.4684%,2,77,79,0,0,2,77
0x477f01,99.9615%,2,5187,5189,0,0,2,5187
0x427ec8,86.6667%,2,13,15,13,2,0,0
0x473adb,99.569%,2,462,464,462,2,0,0
0x41a55d,99.9582%,2,4781,4783,0,0,2,4781
0x457261,99.8754%,2,1603,1605,1603,2,0,0
0x477f48,99.7639%,2,845,847,0,0,2,845
0x49d140,98.5075%,2,132,134,132,2,0,0
0x459ca6,93.9394%,2,31,33,0,0,2,31
0x478b02,99.9072%,2,2153,2155,2143,1,1,10
0x457167,99.9585%,2,4812,4814,4812,2,0,0
0x50fd0e,98.5294%,2,134,136,134,1,1,0
0x5ef517,99.8092%,2,1046,1048,1046,2,0,0
0x6333ec,77.7778%,2,7,9,7,2,0,0
0x50faee,99.4859%,2,387,389,64,2,0,323
0x5f2e06,99.9327%,2,2968,2970,0,0,2,2968
0x4ca7a9,99.8395%,2,1244,1246,1244,1,1,0
0x49ac2c,87.5%,2,14,16,14,2,0,0
0x459800,97.9381%,2,95,97,95,1,1,0
0x418e77,99.689%,2,641,643,641,2,0,0
0x48c44d,98.9418%,2,187,189,0,0,2,187
0x4650aa,99.5893%,2,485,487,485,2,0,0
0x4bb361,99.4505%,2,362,364,362,2,0,0
0x498d25,99.835%,2,1210,1212,1210,2,0,0
0x4e00e9,97.2222%,2,70,72,70,2,0,0
0x41b670,98.4127%,2,124,126,124,2,0,0
0x420a0b,99.8416%,2,1261,1263,0,0,2,1261
0x4d05f5,99.9635%,2,5471,5473,5471,2,0,0
0x46081b,33.3333%,2,1,3,1,2,0,0
0x4c6441,75%,2,6,8,6,2,0,0
0x4cd63f,99.5381%,2,431,433,431,2,0,0
0x420a5a,99.8416%,2,1261,1263,1261,2,0,0
0x45fe44,99.9694%,2,6524,6526,6522,1,1,2
0x4a89f5,97.1429%,2,68,70,16,1,1,52
0x46778b,96.7213%,2,59,61,59,2,0,0
0x47a292,99.7886%,2,944,946,939,1,1,5
0x49a19b,94.4444%,2,34,36,34,2,0,0
0x4bea6b,98.0952%,2,103,105,101,2,0,2
0x459431,99.6497%,2,569,571,569,2,0,0
0x4cb1b5,99.9134%,2,2307,2309,0,0,2,2307
0x4df3d3,33.3333%,2,1,3,1,2,0,0
0x49ef0e,99.449%,2,361,363,361,2,0,0
0x5ef0a3,99.976%,2,8339,8341,7417,1,1,922
0x47a3d1,99.7872%,2,938,940,0,0,2,938
0x4c7ae1,99.8438%,2,1278,1280,1278,2,0,0
0x47aff1,92.8571%,2,26,28,26,2,0,0
0x49f0bf,97.5904%,2,81,83,81,2,0,0
0x4d8fd4,99.9487%,2,3894,3896,0,0,2,3894
0x4d80a7,99.5726%,2,466,468,0,0,2,466
0x401dc3,99.9322%,2,2948,2950,2948,2,0,0
0x4a6ff0,98.6928%,2,151,153,151,2,0,0
0x4d0ae1,90.4762%,2,19,21,19,2,0,0
0x4a24f2,99.422%,2,344,346,344,2,0,0
0x4a57c3,88.2353%,2,15,17,0,0,2,15
0x4ce027,99.97%,2,6663,6665,6663,2,0,0
0x45b2fd,99.4065%,2,335,337,335,2,0,0
0x426967,60%,2,3,5,3,2,0,0
0x4014e2,99.9262%,2,2708,2710,2708,2,0,0
0x4bea33,98.0952%,2,103,105,103,2,0,0
0x46d36d,99.8244%,2,1137,1139,0,0,2,1137
0x420822,98.8439%,2,171,173,0,0,2,171
0x5f2d5e,99.9327%,2,2968,2970,0,0,2,2968
0x4b77a8,88.2353%,2,15,17,15,2,0,0
0x4c2765,99.966%,2,5878,5880,0,0,2,5878
0x4a3036,88.2353%,2,15,17,15,2,0,0
0x5debb5,66.6667%,2,4,6,4,2,0,0
0x4a4c11,94.5946%,2,35,37,19,1,1,16
0x46c79b,99.7932%,2,965,967,0,0,2,965
0x4a2d80,96.1538%,2,50,52,33,0,2,17
0x4d16ea,99.3528%,2,307,309,307,2,0,0
0x4a469b,94.5946%,2,35,37,35,2,0,0
0x4a62ba,98.9474%,2,188,190,188,2,0,0
0x45abd4,99.2063%,2,250,252,250,2,0,0
0x47d426,99.9596%,2,4945,4947,4945,2,0,0
0x4cb2dc,99.9599%,2,4984,4986,4984,2,0,0
0x4a7ba4,97.7778%,2,88,90,52,1,1,36
0x4b9e84,99.9343%,2,3043,3045,3043,2,0,0
0x4a121f,96.0784%,2,49,51,14,2,0,35
0x4655be,99.2537%,2,266,268,266,2,0,0
0x4a2e4d,96.1538%,2,50,52,31,2,0,19
0x4d7d37,97.7011%,2,85,87,85,1,1,0
0x4cbd28,95.7447%,2,45,47,0,1,1,45
0x46504e,99.5893%,2,485,487,485,2,0,0
0x477fb6,99.8861%,2,1754,1756,1754,2,0,0
0x40286d,99.9161%,2,2383,2385,0,0,2,2383
0x4a8a03,96.2264%,2,51,53,15,2,0,36
0x45d9c5,60%,2,3,5,3,2,0,0
0x49944a,98.5612%,2,137,139,0,0,2,137
0x49eb9b,98%,2,98,100,98,2,0,0
0x45ab94,99.2063%,2,250,252,250,2,0,0
0x408b6c,60%,2,3,5,0,0,2,3
0x4d0d42,93.3333%,2,28,30,28,2,0,0
0x5de4b6,33.3333%,2,1,3,0,0,2,1
0x5ef445,99.8092%,2,1046,1048,0,0,2,1046
0x427bbb,99.2674%,2,271,273,258,0,2,13
0x4769bb,99.8979%,2,1956,1958,1956,2,0,0
0x45d922,92.5926%,2,25,27,25,2,0,0
0x4db250,99.9902%,2,20465,20467,0,0,2,20465
0x4a7318,94.5946%,2,35,37,15,2,0,20
0x4b59a3,94.1176%,1,16,17,0,0,1,16
0x4bc255,97.8723%,1,46,47,46,1,0,0
0x45c2ff,99.6622%,1,295,296,295,1,0,0
0x422eb8,0%,1,0,1,0,1,0,0
0x487b71,97.619%,1,41,42,41,1,0,0
0x428640,98.5294%,1,67,68,0,0,1,67
0x487b9c,97.619%,1,41,42,41,1,0,0
0x47c671,90%,1,9,10,9,1,0,0
0x48b8f0,97.619%,1,41,42,41,1,0,0
0x47d6fd,87.5%,1,7,8,7,1,0,0
0x45db0e,98.7342%,1,78,79,0,0,1,78
0x4d8e98,50%,1,1,2,0,0,1,1
0x45aab8,99.6032%,1,251,252,251,1,0,0
0x49aa09,97.2222%,1,35,36,35,1,0,0
0x5f2635,99.9873%,1,7880,7881,0,0,1,7880
0x46d6ba,99.5816%,1,238,239,0,0,1,238
0x49f714,99.635%,1,273,274,273,1,0,0
0x4285b7,93.3333%,1,14,15,14,1,0,0
0x4bdc8e,99.6466%,1,282,283,0,0,1,282
0x417417,97.8261%,1,45,46,45,1,0,0
0x4c234d,99.8915%,1,921,922,0,0,1,921
0x49ee2d,97.2222%,1,35,36,35,1,0,0
0x428645,98.5294%,1,67,68,67,1,0,0
0x420aa8,99.9208%,1,1262,1263,0,0,1,1262
0x46c2d2,99.8423%,1,633,634,0,0,1,633
0x47ab7f,99.5475%,1,220,221,220,1,0,0
0x49a859,97.2222%,1,35,36,35,1,0,0
0x426d25,87.5%,1,7,8,7,1,0,0
0x45db5a,98.7342%,1,78,79,78,1,0,0
0x4589eb,97.5%,1,39,40,0,0,1,39
0x478e9c,99.9805%,1,5117,5118,5117,1,0,0
0x476d0a,99.9769%,1,4319,4320,0,0,1,4319
0x4d6610,99.9012%,1,1011,1012,1011,1,0,0
0x632e5f,88.8889%,1,8,9,8,1,0,0
0x4a2503,98%,1,49,50,49,1,0,0
0x40200f,99.9715%,1,3513,3514,0,0,1,3513
0x4a6156,99.7118%,1,346,347,346,1,0,0
0x4bac56,99.888%,1,892,893,892,1,0,0
0x4cb5ee,99.9746%,1,3929,3930,0,0,1,3929
0x4c6618,75%,1,3,4,3,1,0,0
0x4a42e4,97.2973%,1,36,37,36,1,0,0
0x5f14d4,75%,1,3,4,3,1,0,0
0x418201,0%,1,0,1,0,0,1,0
0x48bc3a,99.811%,1,528,529,528,1,0,0
0x48ab84,97.619%,1,41,42,41,1,0,0
0x4d0697,96.6667%,1,29,30,29,1,0,0
0x609e57,93.3333%,1,14,15,0,0,1,14
0x414fe4,99.7669%,1,428,429,0,0,1,428
0x464681,99.5192%,1,207,208,207,1,0,0
0x48c9ea,99.908%,1,1086,1087,0,0,1,1086
0x4a52c3,99.1667%,1,119,120,119,1,0,0
0x46c8b7,99.9268%,1,1365,1366,0,0,1,1365
0x4dca3e,99.9854%,1,6852,6853,0,0,1,6852
0x45b8af,99.8881%,1,893,894,893,1,0,0
0x4a5983,99.1667%,1,119,120,119,1,0,0
0x457206,99.9377%,1,1604,1605,0,0,1,1604
0x5de553,66.6667%,1,2,3,2,1,0,0
0x45f14f,87.5%,1,7,8,7,1,0,0
0x410db5,66.6667%,1,2,3,2,1,0,0
0x484330,97.619%,1,41,42,41,1,0,0
0x49ac20,97.2222%,1,35,36,0,0,1,35
0x410f7d,66.6667%,1,2,3,2,1,0,0
0x4212c4,0%,1,0,1,0,1,0,0
0x4a782d,99.0654%,1,106,107,0,0,1,106
0x4b40b2,98.5294%,1,67,68,67,1,0,0
0x4cb526,99.8081%,1,520,521,520,1,0,0
0x49b535,97.2222%,1,35,36,35,1,0,0
0x48ae23,95.2381%,1,20,21,0,0,1,20
0x4b0b9a,96.9697%,1,32,33,32,1,0,0
0x4e2c0b,98.6111%,1,71,72,0,0,1,71
0x4cd25d,99.7669%,1,428,429,0,0,1,428
0x5ef103,99.9382%,1,1618,1619,0,0,1,1618
0x4a498c,66.6667%,1,2,3,0,0,1,2
0x47a738,99.2537%,1,133,134,133,1,0,0
0x47658e,99.6047%,1,252,253,252,1,0,0
0x426f6e,87.5%,1,7,8,7,1,0,0
0x49d021,98.5294%,1,67,68,67,1,0,0
0x47b19e,99.9906%,1,10585,10586,0,0,1,10585
0x47d801,87.5%,1,7,8,7,1,0,0
0x45ed85,94.1176%,1,16,17,16,1,0,0
0x45ed50,94.1176%,1,16,17,16,1,0,0
0x49cb5e,99.9558%,1,2262,2263,2262,1,0,0
0x4d1e07,99.6124%,1,257,258,257,1,0,0
0x5ef0a7,99.8917%,1,922,923,0,0,1,922
0x4abea4,98.8372%,1,85,86,19,1,0,66
0x49cca3,99.9558%,1,2262,2263,0,0,1,2262
0x5ddaa4,83.3333%,1,5,6,5,1,0,0
0x4dde73,0%,1,0,1,0,1,0,0
0x45ec70,94.1176%,1,16,17,16,1,0,0
0x47d267,99.9798%,1,4946,4947,0,0,1,4946
0x47a031,99.3789%,1,160,161,0,0,1,160
0x45eb9a,94.1176%,1,16,17,16,1,0,0
0x4995d9,99.841%,1,628,629,628,1,0,0
0x5f305f,99.9624%,1,2658,2659,0,0,1,2658
0x4aca74,97.5%,1,39,40,33,1,0,6
0x4b6e44,94.1176%,1,16,17,16,1,0,0
0x408c3d,99.435%,1,176,177,176,1,0,0
0x46cc91,98.6842%,1,75,76,0,0,1,75
0x469a5b,99.1667%,1,119,120,0,0,1,119
0x4c231b,99.7988%,1,496,497,0,0,1,496
0x4d87fb,50%,1,1,2,1,1,0,0
0x459f4d,94.4444%,1,17,18,17,1,0,0
0x45aba9,99.6032%,1,251,252,0,0,1,251
0x428556,91.6667%,1,11,12,11,1,0,0
0x60a0b7,98.0392%,1,50,51,0,0,1,50
0x428508,91.6667%,1,11,12,11,1,0,0
0x4283cd,93.3333%,1,14,15,14,1,0,0
0x47cf7f,88.8889%,1,8,9,8,1,0,0
0x46d66d,99.6732%,1,305,306,0,0,1,305
0x46d67a,99.6732%,1,305,306,305,1,0,0
0x4d1c65,96%,1,24,25,0,0,1,24
0x4abee1,99.3151%,1,145,146,0,0,1,145
0x47b18a,99.9918%,1,12158,12159,0,0,1,12158
0x4274df,91.6667%,1,11,12,11,1,0,0
0x4a3963,94.1176%,1,16,17,16,1,0,0
0x4d1d6b,93.3333%,1,14,15,14,1,0,0
0x4c5754,99.9761%,1,4188,4189,4188,1,0,0
0x47c788,99.9829%,1,5861,5862,0,0,1,5861
0x4b3639,97.0588%,1,33,34,33,1,0,0
0x51236c,98.75%,1,79,80,79,1,0,0
0x46d96c,99.9122%,1,1138,1139,1138,1,0,0
0x4c4e52,99.9513%,1,2053,2054,0,0,1,2053
0x459da8,99.3333%,1,149,150,149,1,0,0
0x460214,66.6667%,1,2,3,2,1,0,0
0x460794,95.4545%,1,21,22,21,0,1,0
0x420902,99.9208%,1,1262,1263,0,0,1,1262
0x469daf,98.9474%,1,94,95,94,1,0,0
0x459fd1,94.4444%,1,17,18,17,1,0,0
0x498cc2,99.9165%,1,1197,1198,0,0,1,1197
0x469c74,99.1667%,1,119,120,0,0,1,119
0x469c18,99.1667%,1,119,120,11,1,0,108
0x4b042d,97.0588%,1,33,34,33,1,0,0
0x49a1de,97.2222%,1,35,36,35,1,0,0
0x498c95,99.9175%,1,1211,1212,0,0,1,1211
0x419941,98.4375%,1,63,64,63,1,0,0
0x41a78f,99.8405%,1,626,627,626,1,0,0
0x428598,91.6667%,1,11,12,11,1,0,0
0x49a16b,97.2222%,1,35,36,35,1,0,0
0x4df9ba,98.4127%,1,62,63,62,1,0,0
0x45e528,50%,1,1,2,1,1,0,0
0x5d8793,83.3333%,1,5,6,5,1,0,0
0x4d7f05,99.7877%,1,470,471,470,1,0,0
0x4a3de5,98.5075%,1,66,67,0,0,1,66
0x4195fe,99.9337%,1,1507,1508,0,0,1,1507
0x4d16e0,99.6764%,1,308,309,0,0,1,308
0x41502c,99.7669%,1,428,429,428,1,0,0
0x487c77,97.619%,1,41,42,0,0,1,41
0x4abde4,95%,1,19,20,0,0,1,19
0x46c33c,99.8423%,1,633,634,0,0,1,633
0x4b8a6b,97.3684%,1,37,38,37,1,0,0
0x478be6,99.9534%,1,2143,2144,0,0,1,2143
0x46cbe6,98.6842%,1,75,76,75,1,0,0
0x46ca75,98.6842%,1,75,76,75,1,0,0
0x46ca63,98.6842%,1,75,76,75,1,0,0
0x47ae62,0%,1,0,1,0,1,0,0
0x427943,99.6337%,1,272,273,272,1,0,0
0x4a426c,97.2973%,1,36,37,20,0,1,16
0x4b15ad,99.0385%,1,103,104,103,1,0,0
0x47c9bb,99.9737%,1,3807,3808,0,0,1,3807
0x45f2ce,87.5%,1,7,8,7,1,0,0
0x408e9b,95.8333%,1,23,24,23,1,0,0
0x4b0013,98.0769%,1,51,52,51,1,0,0
0x4d5e26,94.4444%,1,17,18,0,0,1,17
0x4abff3,95%,1,19,20,19,1,0,0
0x4d18cb,99.6764%,1,308,309,0,0,1,308
0x4d7da2,0%,1,0,1,0,1,0,0
0x49f5d6,98.6111%,1,71,72,71,1,0,0
0x46227f,83.3333%,1,5,6,3,0,1,2
0x420935,99.9208%,1,1262,1263,0,0,1,1262
0x4cab8e,99.1453%,1,116,117,116,1,0,0
0x4a3ec9,93.75%,1,15,16,15,1,0,0
0x470552,0%,1,0,1,0,1,0,0
0x479976,94.4444%,1,17,18,17,1,0,0
0x4b08ef,99.7573%,1,411,412,33,1,0,378
0x4b19e2,94.7368%,1,18,19,0,0,1,18
0x459e99,99.3827%,1,161,162,161,1,0,0
0x4dadd5,99.8152%,1,540,541,540,1,0,0
0x461068,96.875%,1,31,32,31,1,0,0
0x459d21,99.3333%,1,149,150,149,1,0,0
0x459eef,94.4444%,1,17,18,0,0,1,17
0x4d0e39,99.8982%,1,981,982,0,0,1,981
0x45a0bd,94.4444%,1,17,18,17,1,0,0
0x490ebc,0%,1,0,1,0,1,0,0
0x4cb10b,99.9567%,1,2308,2309,2308,1,0,0
0x411749,99.7748%,1,443,444,0,0,1,443
0x47dd2d,99.9583%,1,2398,2399,0,0,1,2398
0x4baf81,96.9697%,1,32,33,32,1,0,0
0x4c0335,98.8636%,1,87,88,0,1,0,87
0x5f7838,98.7805%,1,81,82,0,0,1,81
0x4d1c12,97.2222%,1,35,36,0,0,1,35
0x45c27b,96%,1,24,25,24,1,0,0
0x4b597e,94.1176%,1,16,17,16,1,0,0
0x47bd07,99.9354%,1,1546,1547,1546,1,0,0
0x4ddbec,94.4444%,1,17,18,0,0,1,17
0x478115,99.9635%,1,2741,2742,2741,1,0,0
0x4ddbc5,94.4444%,1,17,18,17,1,0,0
0x4629fe,0%,1,0,1,0,1,0,0
0x46f2c7,96.7742%,1,30,31,0,0,1,30
0x5ed2b6,83.3333%,1,5,6,5,1,0,0
0x45d9e0,80%,1,4,5,4,1,0,0
0x4ddab6,94.4444%,1,17,18,17,1,0,0
0x4698f6,99.841%,1,628,629,0,0,1,628
0x5ef50a,99.9046%,1,1047,1048,0,0,1,1047
0x4767b6,66.6667%,1,2,3,0,0,1,2
0x4a8a0d,97.2222%,1,35,36,35,1,0,0
0x4ba7d1,99.9081%,1,1087,1088,0,0,1,1087
0x460e4b,96.875%,1,31,32,0,0,1,31
0x48be36,99.811%,1,528,529,0,0,1,528
0x462f0d,98.9583%,1,95,96,95,1,0,0
0x4baadb,99.9841%,1,6300,6301,0,0,1,6300
0x4993d8,99.8698%,1,767,768,767,1,0,0
0x4b0a13,99.5146%,1,205,206,205,1,0,0
0x4b5ada,97.0588%,1,33,34,33,1,0,0
0x48ba99,99.705%,1,338,339,0,0,1,338
0x4591a1,94.4444%,1,17,18,0,1,0,17
0x48d979,99.7033%,1,336,337,336,1,0,0
0x465851,83.3333%,1,5,6,5,1,0,0
0x406cf7,96.9697%,1,32,33,32,1,0,0
0x4782b1,99.8672%,1,752,753,752,1,0,0
0x410f8a,66.6667%,1,2,3,2,1,0,0
0x4a3f71,98.7952%,1,82,83,82,1,0,0
0x49eeea,99.7245%,1,362,363,362,1,0,0
0x492612,66.6667%,1,2,3,2,1,0,0
0x401759,99.8636%,1,732,733,0,0,1,732
0x478b4e,99.967%,1,3029,3030,0,0,1,3029
0x4a2558,99.6403%,1,277,278,277,1,0,0
0x47ae50,0%,1,0,1,0,0,1,0
0x4a26a9,96.9697%,1,32,33,0,0,1,32
0x463a6a,99.8733%,1,788,789,0,0,1,788
0x4dda94,94.4444%,1,17,18,17,1,0,0
0x4a7b21,99.0654%,1,106,107,16,1,0,90
0x479ee5,98.7654%,1,80,81,80,1,0,0
0x49bb34,97.2222%,1,35,36,35,1,0,0
0x60a130,96.1538%,1,25,26,0,0,1,25
0x46cc80,98.6842%,1,75,76,75,1,0,0
0x4a3b15,66.6667%,1,2,3,0,0,1,2
0x4199cd,50%,1,1,2,1,1,0,0
0x49b81f,97.2222%,1,35,36,35,1,0,0
0x4b23f9,94.1176%,1,16,17,0,0,1,16
0x4ba72f,75%,1,3,4,3,1,0,0
0x46af3e,93.3333%,1,14,15,0,0,1,14
0x4d600f,99.9691%,1,3233,3234,3233,1,0,0
0x46cbd5,98.6842%,1,75,76,75,1,0,0
0x47c689,90%,1,9,10,9,1,0,0
0x49ee8d,96.875%,1,31,32,16,0,1,15
0x48b900,97.619%,1,41,42,41,1,0,0
0x4c4df2,97.561%,1,40,41,40,1,0,0
0x4ccb4c,99.7669%,1,428,429,428,1,0,0
0x4ccb29,99.7669%,1,428,429,428,1,0,0
0x4b0512,99.0566%,1,105,106,0,0,1,105
0x4770b0,91.6667%,1,11,12,1,1,0,10
0x41808e,0%,1,0,1,0,1,0,0
0x414f95,99.9443%,1,1794,1795,1794,1,0,0
0x4cf769,99.914%,1,1162,1163,0,0,1,1162
0x459396,93.3333%,1,14,15,0,0,1,14
0x45aca8,99.6032%,1,251,252,251,1,0,0
0x49aebe,98.2143%,1,55,56,0,0,1,55
0x49edcd,97.0588%,1,33,34,33,1,0,0
0x47c4f4,99.9839%,1,6195,6196,6195,1,0,0
0x4214d6,98.8372%,1,85,86,85,1,0,0
0x47c4ea,99.9839%,1,6195,6196,0,0,1,6195
0x6090e7,66.6667%,1,2,3,2,1,0,0
0x418de6,99.8452%,1,645,646,0,0,1,645
0x48ac89,97.619%,1,41,42,41,1,0,0
0x4a3f67,98.7952%,1,82,83,0,0,1,82
0x464888,93.3333%,1,14,15,14,1,0,0
0x478605,99.7416%,1,386,387,386,1,0,0
0x464417,99.7416%,1,386,387,0,0,1,386
0x48d8ee,50%,1,1,2,0,0,1,1
0x4769d7,99.949%,1,1960,1961,0,0,1,1960
0x4d9241,96.1538%,1,25,26,25,1,0,0
0x464508,99.7416%,1,386,387,386,1,0,0
0x464531,99.7416%,1,386,387,386,1,0,0
0x4645c2,99.5192%,1,207,208,207,1,0,0
0x41371a,75%,1,3,4,3,1,0,0
0x462cb0,97.2222%,1,35,36,35,1,0,0
0x4434f1,99.7863%,1,467,468,467,1,0,0
0x45f054,87.5%,1,7,8,7,1,0,0
0x4d90d1,99.9588%,1,2427,2428,0,0,1,2427
0x457fb0,94.4444%,1,17,18,17,1,0,0
0x47876e,83.3333%,1,5,6,0,0,1,5
0x464ba3,93.3333%,1,14,15,14,1,0,0
0x46165a,91.6667%,1,11,12,11,1,0,0
0x47cab5,99.9737%,1,3807,3808,0,0,1,3807
0x5fa3c4,95.4545%,1,21,22,0,0,1,21
0x478df5,99.1453%,1,116,117,116,1,0,0
0x46568e,99.7416%,1,386,387,179,0,1,207
0x4d7d69,0%,1,0,1,0,0,1,0
0x4cfa83,99.3243%,1,147,148,147,1,0,0
0x476b5b,99.9772%,1,4388,4389,4388,1,0,0
0x465718,99.5192%,1,207,208,207,1,0,0
0x47711c,91.6667%,1,11,12,11,1,0,0
0x4434d1,99.7863%,1,467,468,467,1,0,0
0x46adb6,93.3333%,1,14,15,14,1,0,0
0x4b4434,97.0588%,1,33,34,0,0,1,33
0x458314,97.4359%,1,38,39,38,1,0,0
0x469732,99.4382%,1,177,178,177,1,0,0
0x422d73,0%,1,0,1,0,1,0,0
0x47831f,99.8672%,1,752,753,0,0,1,752
0x469723,99.4382%,1,177,178,177,1,0,0
0x46971b,99.7191%,1,355,356,177,1,0,178
0x47c717,99.9829%,1,5861,5862,0,0,1,5861
0x46572e,99.5192%,1,207,208,207,1,0,0
0x47d178,99.6283%,1,268,269,268,1,0,0
0x4abfd5,95%,1,19,20,19,1,0,0
0x48c71a,99.957%,1,2325,2326,2325,1,0,0
0x4bea7a,50%,1,1,2,0,0,1,1
0x49c1f0,97.2222%,1,35,36,35,1,0,0
0x46013d,96%,1,24,25,24,1,0,0
0x47c481,99.537%,1,215,216,215,1,0,0
0x4d749f,50%,1,1,2,1,1,0,0
0x47b3bc,99.9869%,1,7627,7628,0,0,1,7627
0x4cd161,99.9063%,1,1066,1067,0,0,1,1066
0x460d1a,96.875%,1,31,32,0,0,1,31
0x412ed0,97.2222%,1,35,36,0,0,1,35
0x47019d,99.7863%,1,467,468,467,1,0,0
0x4073a7,96.9697%,1,32,33,32,1,0,0
0x45947e,66.6667%,1,2,3,0,0,1,2
0x457d30,97.619%,1,41,42,41,1,0,0
0x4deb8c,91.6667%,1,11,12,11,1,0,0
0x457c6a,97.619%,1,41,42,41,1,0,0
0x4a4410,97.2973%,1,36,37,0,0,1,36
0x4d7ef2,99.7877%,1,470,471,0,0,1,470
0x4b3b59,98.5294%,1,67,68,67,1,0,0
0x49ec66,98%,1,49,50,49,1,0,0
0x4073eb,95.6522%,1,22,23,0,0,1,22
0x45de0c,99.6764%,1,308,309,308,1,0,0
0x49bbc6,66.6667%,1,2,3,2,1,0,0
0x49a430,97.2222%,1,35,36,35,1,0,0
0x4a5ea1,99.0291%,1,102,103,102,1,0,0
0x4644de,99.7416%,1,386,387,0,0,1,386
0x4a2abb,98.7952%,1,82,83,82,1,0,0
0x45de3c,99.6764%,1,308,309,308,1,0,0
0x4697e0,99.7669%,1,428,429,428,1,0,0
0x47bbe9,99.3007%,1,142,143,0,0,1,142
0x49a4c8,97.2222%,1,35,36,35,1,0,0
0x4c5b0a,99.3103%,1,144,145,144,1,0,0
0x45dde6,99.6764%,1,308,309,308,1,0,0
0x499692,99.841%,1,628,629,0,0,1,628
0x47bea2,99.9301%,1,1430,1431,1334,1,0,96
0x45b3ca,99.2754%,1,137,138,0,0,1,137
0x4abf9d,95%,1,19,20,19,1,0,0
0x49ac54,97.2222%,1,35,36,35,1,0,0
0x47b940,99.537%,1,215,216,215,1,0,0
0x4bbd89,99.9542%,1,2183,2184,0,0,1,2183
0x4bdf80,0%,1,0,1,0,1,0,0
0x41a406,99.9862%,1,7228,7229,7228,1,0,0
0x4591e6,94.1176%,1,16,17,16,1,0,0
0x4c3f15,99.0654%,1,106,107,106,1,0,0
0x478250,99.8672%,1,752,753,0,0,1,752
0x45c2e7,99.7423%,1,387,388,0,0,1,387
0x458eed,94.4444%,1,17,18,0,0,1,17
0x4dd355,99.6979%,1,330,331,330,1,0,0
0x46991f,99.6241%,1,265,266,265,1,0,0
0x46986c,99.4382%,1,177,178,0,0,1,177
0x4782f1,99.8672%,1,752,753,752,1,0,0
0x46ca8e,98.6842%,1,75,76,75,1,0,0
0x5ef1ad,99.7758%,1,445,446,0,0,1,445
0x4d2580,99.1525%,1,117,118,0,0,1,117
0x4b231c,83.3333%,1,5,6,5,1,0,0
0x5d8691,83.3333%,1,5,6,5,1,0,0
0x4acb75,94.1176%,1,16,17,0,0,1,16
0x46c622,97.9167%,1,47,48,47,1,0,0
0x5f3165,99.9624%,1,2658,2659,0,0,1,2658
0x45e926,94.1176%,1,16,17,0,0,1,16
0x5f317a,99.9624%,1,2658,2659,0,0,1,2658
0x4c8c03,94.1176%,1,16,17,16,1,0,0
0x4acee1,97.0588%,1,33,34,33,1,0,0
0x4cd568,99.9063%,1,1066,1067,1066,1,0,0
0x42842a,93.3333%,1,14,15,14,1,0,0
0x4c6c6a,94.4444%,1,17,18,17,1,0,0
0x4c6658,99.5968%,1,247,248,247,1,0,0
0x466cf2,99.7963%,1,490,491,490,1,0,0
0x5f30b1,99.9624%,1,2658,2659,2658,1,0,0
0x4b9580,99.9869%,1,7657,7658,7657,1,0,0
0x45f185,87.5%,1,7,8,7,1,0,0
0x4d73c3,50%,1,1,2,1,1,0,0
0x5ee889,99.3506%,1,153,154,0,0,1,153
0x4c6269,99.9421%,1,1727,1728,1727,1,0,0
0x4b03b4,99.0385%,1,103,104,0,0,1,103
0x4cba6f,97.8723%,1,46,47,46,1,0,0
0x4cfa5d,99.9015%,1,1014,1015,1014,1,0,0
0x478fc7,97.7273%,1,43,44,43,1,0,0
0x5f1737,99.5122%,1,204,205,0,0,1,204
0x609dc7,96.5517%,1,28,29,0,0,1,28
0x478f98,97.561%,1,40,41,40,1,0,0
0x45a309,93.3333%,1,14,15,14,1,0,0
0x4cbcc6,99.7748%,1,443,444,0,0,1,443
0x4a3acc,94.1176%,1,16,17,0,0,1,16
0x47d9ef,99.9648%,1,2839,2840,2839,1,0,0
0x46cea2,95.8333%,1,23,24,23,1,0,0
0x4d79ce,97.5%,1,39,40,0,0,1,39
0x45a00a,94.4444%,1,17,18,17,1,0,0
0x4d751b,99.9866%,1,7472,7473,0,0,1,7472
0x49cf9c,99.841%,1,628,629,628,1,0,0
0x408c09,99.6774%,1,309,310,0,0,1,309
0x4b95c5,99.1803%,1,121,122,121,1,0,0
0x40a524,99.7253%,1,363,364,0,0,1,363
0x46d95c,99.9122%,1,1138,1139,1138,1,0,0
0x608d9e,87.5%,1,7,8,0,0,1,7
0x4783e9,99.8672%,1,752,753,752,1,0,0
0x408be6,99.6845%,1,316,317,316,1,0,0
0x463ae9,99.8733%,1,788,789,788,1,0,0
0x4bbda1,99.9542%,1,2183,2184,2183,1,0,0
0x45ab17,99.6032%,1,251,252,251,1,0,0
0x45721e,99.6894%,1,321,322,0,0,1,321
0x4daee9,99.9951%,1,20466,20467,0,0,1,20466
0x5f3073,99.9624%,1,2658,2659,0,0,1,2658
0x47a3c8,99.8943%,1,945,946,5,1,0,940
0x5f3087,99.9624%,1,2658,2659,2658,1,0,0
0x4b9da1,99.9688%,1,3208,3209,3208,1,0,0
0x47a2be,99.8943%,1,945,946,0,0,1,945
0x4bf878,90%,1,9,10,1,1,0,8
0x4c3c44,96.2963%,1,26,27,26,1,0,0
0x4c40c5,99.9197%,1,1244,1245,0,0,1,1244
0x479923,94.4444%,1,17,18,0,0,1,17
0x5f3098,99.9624%,1,2658,2659,0,0,1,2658
0x4c3d77,91.6667%,1,11,12,11,1,0,0
0x492729,66.6667%,1,2,3,2,1,0,0
0x463b44,88.8889%,1,8,9,8,1,0,0
0x41adea,99.0991%,1,110,111,110,1,0,0
0x408b21,80%,1,4,5,0,0,1,4
0x47d440,99.9798%,1,4946,4947,4946,1,0,0
0x4bc28c,99.9526%,1,2107,2108,2107,1,0,0
0x4a8424,97.2222%,1,35,36,35,1,0,0
0x46c2ff,88.8889%,1,8,9,8,1,0,0
0x6073bd,91.6667%,1,11,12,0,0,1,11
0x498a84,95%,1,19,20,0,0,1,19
0x45842c,75%,1,3,4,3,1,0,0
0x469a7e,99.1667%,1,119,120,119,1,0,0
0x407bee,99.9919%,1,12356,12357,0,0,1,12356
0x47ae44,99.9902%,1,10213,10214,10213,0,1,0
0x41a4d7,99.9862%,1,7228,7229,7228,1,0,0
0x5deef1,97.619%,1,41,42,41,1,0,0
0x4df828,88.8889%,1,8,9,8,1,0,0
0x41b1d4,99.2063%,1,125,126,0,0,1,125
0x417ffd,99.9652%,1,2873,2874,0,0,1,2873
0x4789af,83.3333%,1,5,6,5,1,0,0
0x4c7963,50%,1,1,2,1,1,0,0
0x45a43d,93.3333%,1,14,15,0,0,1,14
0x4282f0,83.3333%,1,5,6,5,1,0,0
0x464f24,88.8889%,1,8,9,0,0,1,8
0x467c2e,98.9011%,1,90,91,90,1,0,0
0x4d9620,96.1538%,1,25,26,25,1,0,0
0x50fe20,99.8817%,1,844,845,844,1,0,0
0x462ec2,98.9583%,1,95,96,95,1,0,0
0x4b34e7,98.5294%,1,67,68,67,1,0,0
0x60a123,96.1538%,1,25,26,0,0,1,25
0x5ebf0a,83.3333%,1,5,6,5,1,0,0
0x5df35a,83.3333%,1,5,6,5,1,0,0
0x4d8b27,99.9011%,1,1010,1011,1010,1,0,0
0x41a51c,99.9805%,1,5116,5117,0,0,1,5116
0x4a200a,99.7135%,1,348,349,348,1,0,0
0x45a52f,93.3333%,1,14,15,14,1,0,0
0x47a7b4,99.2537%,1,133,134,133,1,0,0
0x467744,98.3607%,1,60,61,60,1,0,0
0x45005b,88.8889%,1,8,9,0,0,1,8
0x4d17b0,99.6764%,1,308,309,0,0,1,308
0x609b8b,85.7143%,1,6,7,0,1,0,6
0x467bf1,98.3607%,1,60,61,60,1,0,0
0x45e01c,75%,1,3,4,3,1,0,0
0x4d7c29,99.8201%,1,555,556,0,0,1,555
0x4574a7,97.4359%,1,38,39,38,1,0,0
0x443919,99.7863%,1,467,468,467,1,0,0
0x49c198,97.2222%,1,35,36,16,1,0,19
0x445889,99.7863%,1,467,468,0,0,1,467
0x4bc35e,99.9482%,1,1928,1929,1928,1,0,0
0x4459f1,99.7863%,1,467,468,467,1,0,0
0x50ff74,0%,1,0,1,0,0,1,0
0x45835d,97.4359%,1,38,39,38,1,0,0
0x41bbe6,99.8578%,1,702,703,702,1,0,0
0x49be80,97.2222%,1,35,36,16,1,0,19
0x4d80b7,99.7863%,1,467,468,467,1,0,0
0x49be0c,97.2222%,1,35,36,35,1,0,0
0x4ac061,95%,1,19,20,19,1,0,0
0x49c1c5,97.2222%,1,35,36,35,1,0,0
0x4beaf9,50%,1,1,2,1,1,0,0
0x4d2e6a,95%,1,19,20,19,1,0,0
0x41bb1f,99.9897%,1,9692,9693,0,0,1,9692
0x443823,99.7863%,1,467,468,467,1,0,0
0x41b324,80%,1,4,5,4,1,0,0
0x443775,99.8575%,1,701,702,701,1,0,0
0x477166,91.6667%,1,11,12,11,1,0,0
0x4ccaef,99.7669%,1,428,429,0,0,1,428
0x41ab79,97.6744%,1,42,43,0,0,1,42
0x479a35,94.4444%,1,17,18,17,1,0,0
0x5ef17a,50%,1,1,2,1,1,0,0
0x4112c1,99.7863%,1,467,468,467,1,0,0
0x49c270,97.2222%,1,35,36,35,1,0,0
0x48be7a,99.0291%,1,102,103,102,1,0,0
0x4c787c,50%,1,1,2,1,1,0,0
0x4535d6,88.8889%,1,8,9,8,1,0,0
0x47b680,99.9651%,1,2868,2869,2868,1,0,0
0x4d4029,83.3333%,1,5,6,5,1,0,0
0x427bb3,99.6337%,1,272,273,0,0,1,272
0x411324,99.7863%,1,467,468,0,0,1,467
0x46d754,99.8788%,1,824,825,824,1,0,0
0x467be0,98.9011%,1,90,91,29,1,0,61
0x4b3266,97.0588%,1,33,34,33,1,0,0
0x45e57a,50%,1,1,2,1,1,0,0
0x4534c2,88.8889%,1,8,9,8,1,0,0
0x4acd93,66.6667%,1,2,3,2,1,0,0
0x49c218,97.2222%,1,35,36,15,1,0,20
0x46d16f,99.8594%,1,710,711,710,1,0,0
0x411479,99.7863%,1,467,468,467,1,0,0
0x45b1bd,99.7778%,1,449,450,449,1,0,0
0x5ef1e3,99.9382%,1,1618,1619,0,0,1,1618
0x4b7720,94.1176%,1,16,17,16,1,0,0
0x4a5b7c,95%,1,19,20,19,1,0,0
0x45a842,98.75%,1,79,80,79,1,0,0
0x4d9605,96.1538%,1,25,26,0,0,1,25
0x4dc1cc,0%,1,0,1,0,1,0,0
0x5f076b,99.2806%,1,138,139,0,0,1,138
0x5dd900,88.8889%,1,8,9,8,1,0,0
0x4184bd,97.9167%,1,47,48,2,0,1,45
0x48c3eb,99.4709%,1,188,189,188,1,0,0
0x5f04c7,99.9869%,1,7625,7626,7625,1,0,0
0x46007c,99.9847%,1,6516,6517,0,0,1,6516
0x4dca0c,66.6667%,1,2,3,2,1,0,0
0x4ccf1f,99.9268%,1,1365,1366,1365,1,0,0
0x47b068,87.5%,1,7,8,0,0,1,7
0x52485e,66.6667%,1,2,3,0,0,1,2
0x49d316,97.0588%,1,33,34,0,0,1,33
0x5de7e4,66.6667%,1,2,3,2,1,0,0
0x41a36d,99.7214%,1,358,359,358,1,0,0
0x47cced,97.4359%,1,38,39,38,1,0,0
0x424726,87.5%,1,7,8,7,1,0,0
0x5f0b9e,97.2222%,1,35,36,0,0,1,35
0x443681,99.7863%,1,467,468,467,1,0,0
0x413bd6,66.6667%,1,2,3,0,0,1,2
0x47ca8a,99.9737%,1,3807,3808,0,0,1,3807
0x41b487,80%,1,4,5,4,1,0,0
0x4590ad,88.8889%,1,8,9,8,1,0,0
0x5fa2b8,95.6522%,1,22,23,22,1,0,0
0x458fb3,88.8889%,1,8,9,8,1,0,0
0x4c52e0,0%,1,0,1,0,1,0,0
0x45d974,96.2963%,1,26,27,26,1,0,0
0x60989c,96.4286%,1,27,28,1,1,0,26
0x4ad296,94.1176%,1,16,17,16,1,0,0
0x47a87d,99.5392%,1,216,217,216,1,0,0
0x4ad7f7,97.0588%,1,33,34,33,1,0,0
0x48c1b9,99.7908%,1,477,478,477,1,0,0
0x45921d,94.1176%,1,16,17,16,1,0,0
0x5d8d96,83.3333%,1,5,6,5,1,0,0
0x5d8b1f,83.3333%,1,5,6,5,1,0,0
0x4d5a14,87.5%,1,7,8,7,1,0,0
0x477f9e,99.9707%,1,3408,3409,0,0,1,3408
0x411a39,66.6667%,1,2,3,2,1,0,0
0x4a526f,97.0588%,1,33,34,33,1,0,0
0x5d8b3a,83.3333%,1,5,6,5,1,0,0
0x4576d6,99.3197%,1,146,147,146,1,0,0
0x41ab5b,97.6744%,1,42,43,42,1,0,0
0x4d1c46,96%,1,24,25,0,0,1,24
0x4b080c,97.0588%,1,33,34,33,1,0,0
0x418e6d,99.8445%,1,642,643,0,0,1,642
0x50f7d0,92.8571%,1,13,14,0,0,1,13
0x4ba5f0,99.1803%,1,121,122,121,1,0,0
0x4dc2f4,98.9583%,1,95,96,95,1,0,0
0x41170b,99.7748%,1,443,444,0,0,1,443
0x4b6562,97.0588%,1,33,34,17,0,1,16
0x46d82d,99.9122%,1,1138,1139,0,0,1,1138
0x4dc180,98.9691%,1,96,97,96,1,0,0
0x4dc0fc,98.9691%,1,96,97,96,1,0,0
0x4d620f,99.6678%,1,300,301,300,1,0,0
0x4ad1e8,94.1176%,1,16,17,16,1,0,0
0x4dc4c9,98.9583%,1,95,96,95,1,0,0
0x4635ed,98.9583%,1,95,96,95,1,0,0
0x5f1d87,99.9489%,1,1955,1956,0,0,1,1955
0x48afc3,95.2381%,1,20,21,20,1,0,0
0x4b8f6e,99.9896%,1,9643,9644,0,0,1,9643
0x4a884c,98.5075%,1,66,67,0,0,1,66
0x609b26,98.5714%,1,69,70,21,1,0,48
0x46317c,98.9583%,1,95,96,0,0,1,95
0x6331f4,88.8889%,1,8,9,8,1,0,0
0x45e124,50%,1,1,2,1,1,0,0
0x4b0965,97.0588%,1,33,34,33,1,0,0
0x4d585a,94.4444%,1,17,18,17,1,0,0
0x476e73,99.9775%,1,4441,4442,4441,1,0,0
0x4d61f0,99.7895%,1,474,475,0,0,1,474
0x45e3bb,75%,1,3,4,3,1,0,0
0x4b657b,94.1176%,1,16,17,0,0,1,16
0x464e35,99.3827%,1,161,162,161,1,0,0
0x45a7fb,98.7654%,1,80,81,80,1,0,0
0x41bbc3,99.8578%,1,702,703,0,0,1,702
0x46d9b4,99.9122%,1,1138,1139,0,0,1,1138
0x41b04b,99.9505%,1,2020,2021,0,0,1,2020
0x462e41,99.2647%,1,135,136,135,1,0,0
0x47972b,99.9805%,1,5117,5118,5117,1,0,0
0x418ec1,94.1176%,1,16,17,16,1,0,0
0x48bcd9,99.811%,1,528,529,528,1,0,0
0x4ca7c8,99.9197%,1,1245,1246,0,0,1,1245
0x4b16f7,93.75%,1,15,16,15,1,0,0
0x4d8870,50%,1,1,2,1,1,0,0
0x47cbc5,99.9519%,1,2076,2077,2076,1,0,0
0x4b047a,97.0588%,1,33,34,33,1,0,0
0x420fc8,50%,1,1,2,0,1,0,1
0x469e52,96%,1,24,25,24,1,0,0
0x4d605b,94.4444%,1,17,18,17,1,0,0
0x427db0,98.5294%,1,67,68,33,1,0,34
0x4d73dc,50%,1,1,2,1,1,0,0
0x45f001,87.5%,1,7,8,7,1,0,0
0x4a5884,97.0588%,1,33,34,33,1,0,0
0x4d9006,99.9543%,1,2186,2187,0,0,1,2186
0x45a24a,93.3333%,1,14,15,0,0,1,14
0x45f02e,87.5%,1,7,8,7,1,0,0
0x420ceb,98.1818%,1,54,55,54,1,0,0
0x45dff5,75%,1,3,4,0,0,1,3
0x4a3a9e,94.1176%,1,16,17,16,1,0,0
0x4a30d3,94.1176%,1,16,17,16,1,0,0
0x4a5efb,94.1176%,1,16,17,16,1,0,0
0x4b2f8e,97.0588%,1,33,34,33,1,0,0
0x4b2346,83.3333%,1,5,6,0,0,1,5
0x41c69a,92.8571%,1,13,14,13,1,0,0
0x4a5e73,94.1176%,1,16,17,0,0,1,16
0x466caa,99.7963%,1,490,491,0,0,1,490
0x49f476,97.0588%,1,33,34,33,1,0,0
0x4d61e5,99.7895%,1,474,475,0,0,1,474
0x4a3fbc,98.7952%,1,82,83,0,0,1,82
0x4638e1,98.9583%,1,95,96,95,1,0,0
0x464f3b,88.8889%,1,8,9,8,1,0,0
0x402509,99.7717%,1,437,438,437,1,0,0
0x4b6c06,94.1176%,1,16,17,16,1,0,0
0x426cd4,87.5%,1,7,8,7,1,0,0
0x478bc2,66.6667%,1,2,3,0,0,1,2
0x458a1e,97.5%,1,39,40,0,0,1,39
0x4c26a8,99.983%,1,5879,5880,5879,1,0,0
0x4a28d1,98.7952%,1,82,83,82,1,0,0
0x467b4b,96.6667%,1,29,30,29,1,0,0
0x5fa454,66.6667%,1,2,3,0,1,0,2
0x42743c,93.3333%,1,14,15,0,0,1,14
0x4a8bee,97.2222%,1,35,36,0,0,1,35
0x4117d8,99.7748%,1,443,444,443,1,0,0
0x49c1bb,97.2222%,1,35,36,35,1,0,0
0x4d65fe,99.9012%,1,1011,1012,0,0,1,1011
0x45dd38,87.5%,1,7,8,7,1,0,0
0x4a2731,96.9697%,1,32,33,0,0,1,32
0x426e8c,93.75%,1,15,16,0,0,1,15
0x4a2548,96.9697%,1,32,33,32,1,0,0
0x4a5d96,97.0588%,1,33,34,0,0,1,33
0x4a86dd,99.3631%,1,156,157,156,1,0,0
0x4a8a6f,97.0588%,1,33,34,0,0,1,33
0x4a8ba6,97.2222%,1,35,36,0,0,1,35
0x4ada13,98.6486%,1,73,74,73,1,0,0
0x4b6a55,94.1176%,1,16,17,16,1,0,0
0x4a2de3,94.7368%,1,18,19,18,1,0,0
0x4a3070,96.9697%,1,32,33,0,0,1,32
0x4a25d8,98.0769%,1,51,52,51,1,0,0
0x4b6e93,94.1176%,1,16,17,16,1,0,0
0x4bdfc3,0%,1,0,1,0,1,0,0
0x458e4b,94.4444%,1,17,18,0,0,1,17
0x4b6dc8,94.1176%,1,16,17,16,1,0,0
0x457dd1,99.6078%,1,254,255,254,1,0,0
0x4b6bcf,94.1176%,1,16,17,16,1,0,0
0x497b2e,66.6667%,1,2,3,2,1,0,0
0x60b0ce,96.2963%,1,26,27,26,1,0,0
0x4a2e52,94.7368%,1,18,19,0,0,1,18
0x4a2979,98.7952%,1,82,83,0,0,1,82
0x41bbd9,99.8578%,1,702,703,0,0,1,702
0x4b6a42,94.1176%,1,16,17,0,0,1,16
0x4b69c6,94.1176%,1,16,17,16,1,0,0
0x41897e,99.9788%,1,4719,4720,4719,1,0,0
0x4b6587,94.1176%,1,16,17,16,1,0,0
0x4a11d0,98.0769%,1,51,52,16,1,0,35
0x45dc7c,87.5%,1,7,8,7,1,0,0
0x4ce0a7,99.8936%,1,939,940,939,1,0,0
0x45ff74,99.9847%,1,6525,6526,6525,1,0,0
0x49ec2a,98%,1,49,50,49,1,0,0
0x49f022,98.7952%,1,82,83,82,1,0,0
0x41adc5,99.0991%,1,110,111,0,0,1,110
0x4ac94f,99.8208%,1,557,558,0,0,1,557
0x4191ba,97.6744%,1,42,43,42,1,0,0
0x458aab,98.1481%,1,53,54,53,1,0,0
0x48db97,50%,1,1,2,1,1,0,0
0x4a6fb7,99.3464%,1,152,153,0,0,1,152
0x48acdc,95.2381%,1,20,21,20,1,0,0
0x401d9e,99.6324%,1,271,272,271,1,0,0
0x4679b3,96.6667%,1,29,30,29,1,0,0
0x4b5fe6,94.1176%,1,16,17,0,0,1,16
0x4a119d,98.0769%,1,51,52,51,1,0,0
0x4189da,99.2366%,1,130,131,130,1,0,0
0x41203f,99.7748%,1,443,444,0,0,1,443
0x49ef6a,96.9697%,1,32,33,32,1,0,0
0x467a0c,96.6667%,1,29,30,29,1,0,0
0x49ec80,98%,1,49,50,49,1,0,0
0x459819,99.0196%,1,101,102,101,1,0,0
0x4accfa,94.1176%,1,16,17,16,1,0,0
0x49e7fa,96.9697%,1,32,33,32,1,0,0
0x4de854,66.6667%,1,2,3,2,1,0,0
0x465696,99.5192%,1,207,208,207,1,0,0
0x4acbfd,94.1176%,1,16,17,16,1,0,0
0x44321e,99.7863%,1,467,468,467,1,0,0
0x4a5b93,95%,1,19,20,19,1,0,0
0x47c8d5,66.6667%,1,2,3,2,1,0,0
0x4a626c,99.4737%,1,189,190,0,0,1,189
0x465040,99.8141%,1,537,538,51,0,1,486
0x443883,99.7863%,1,467,468,467,1,0,0
0x47a020,99.3789%,1,160,161,160,1,0,0
0x498435,98.8506%,1,86,87,0,1,0,86
0x4c89fb,92.3077%,1,12,13,12,1,0,0
0x4799c3,94.4444%,1,17,18,17,1,0,0
0x4acbce,98.0392%,1,50,51,33,1,0,17
0x4cd84c,99.7669%,1,428,429,428,1,0,0
0x40226f,99.7151%,1,350,351,350,1,0,0
0x4cd524,99.9063%,1,1066,1067,0,0,1,1066
0x4acfed,94.1176%,1,16,17,16,1,0,0
0x45a820,98.7654%,1,80,81,0,1,0,80
0x464b87,98.3051%,1,58,59,0,0,1,58
0x445a6a,99.7863%,1,467,468,0,0,1,467
0x45a788,98.7654%,1,80,81,80,1,0,0
0x49f012,94.1176%,1,16,17,16,1,0,0
0x45a6ee,98.7654%,1,80,81,80,1,0,0
0x4ad737,97.0588%,1,33,34,33,1,0,0
0x4abf22,95%,1,19,20,19,1,0,0
0x5f1e02,99.0476%,1,104,105,104,1,0,0
0x6091a7,66.6667%,1,2,3,2,1,0,0
0x4b76f0,94.1176%,1,16,17,16,1,0,0
0x4d6e3b,99.7955%,1,488,489,488,1,0,0
0x4d7ddf,98.8506%,1,86,87,0,0,1,86
0x4a707a,97.0588%,1,33,34,33,1,0,0
0x47807a,99.9633%,1,2723,2724,0,0,1,2723
0x4ce43b,0%,1,0,1,0,0,1,0
0x4701f4,99.7863%,1,467,468,467,1,0,0
0x45a685,98.7654%,1,80,81,80,1,0,0
0x47a093,99.3789%,1,160,161,0,0,1,160
0x46c7e8,99.8966%,1,966,967,0,0,1,966
0x463146,98.9583%,1,95,96,95,1,0,0
0x47bfd2,75%,1,3,4,3,1,0,0
0x4acb54,94.1176%,1,16,17,16,1,0,0
0x4dc464,0%,1,0,1,0,1,0,0
0x6068ae,99.9445%,1,1802,1803,0,0,1,1802
0x470364,99.7863%,1,467,468,467,1,0,0
0x498a90,95%,1,19,20,19,1,0,0
0x4791ed,99.8597%,1,712,713,712,1,0,0
0x4a3985,94.1176%,1,16,17,16,1,0,0
0x60b16e,83.3333%,1,5,6,5,1,0,0
0x4d6276,99.7895%,1,474,475,474,1,0,0
0x4131f3,97.5%,1,39,40,0,0,1,39
0x4b16e7,96.875%,1,31,32,16,0,1,15
0x41abb6,97.6744%,1,42,43,0,0,1,42
0x49e9aa,97.0588%,1,33,34,33,1,0,0
0x422ab8,0%,1,0,1,0,0,1,0
0x49e9ce,97.0588%,1,33,34,33,1,0,0
0x47ccdd,97.4359%,1,38,39,38,1,0,0
0x4a4669,95%,1,19,20,19,1,0,0
0x60ae2e,98.2456%,1,56,57,56,1,0,0
0x50f868,94.7368%,1,18,19,0,0,1,18
0x5ef047,99.9908%,1,10831,10832,0,0,1,10831
0x479416,97.7778%,1,44,45,44,1,0,0
0x41343b,97.5%,1,39,40,39,1,0,0
0x47af68,0%,1,0,1,0,1,0,0
0x460e82,98.4375%,1,63,64,0,0,1,63
0x4a2405,94.1176%,1,16,17,16,1,0,0
0x4a8851,98.5075%,1,66,67,66,1,0,0
0x47be38,99.9251%,1,1334,1335,1334,1,0,0
0x4a2b07,98.7952%,1,82,83,82,1,0,0
0x464f18,98.8235%,1,84,85,84,1,0,0
0x4d7a24,97.5%,1,39,40,39,1,0,0
0x445a82,99.7863%,1,467,468,0,0,1,467
0x4a4290,94.1176%,1,16,17,16,1,0,0
0x4699f2,98.8636%,1,87,88,87,1,0,0
0x4df13c,95.8333%,1,23,24,23,1,0,0
0x49bb61,97.2222%,1,35,36,35,1,0,0
0x469a08,98.8636%,1,87,88,0,0,1,87
0x47d5ae,88.8889%,1,8,9,8,1,0,0
0x4deaa6,96.2963%,1,26,27,0,0,1,26
0x4c6e9b,98.9362%,1,93,94,93,1,0,0
0x4ad14c,94.1176%,1,16,17,16,1,0,0
0x4a0899,97.2222%,1,35,36,35,1,0,0
0x4a4506,95%,1,19,20,19,1,0,0
0x445b0b,99.7863%,1,467,468,0,0,1,467
0x46ceb8,95.8333%,1,23,24,0,0,1,23
0x44607d,99.7863%,1,467,468,0,0,1,467
0x4cc926,99.9268%,1,1365,1366,1365,1,0,0
0x445b6f,99.5726%,1,233,234,0,0,1,233
0x4570e0,99.7807%,1,455,456,455,1,0,0
0x4de288,96.5517%,1,28,29,28,1,0,0
0x4a5337,94.1176%,1,16,17,0,0,1,16
0x4ad2ad,94.1176%,1,16,17,16,1,0,0
0x50f88c,93.75%,1,15,16,15,1,0,0
0x499441,99.2806%,1,138,139,0,0,1,138
0x4cbd20,97.9167%,1,47,48,0,1,0,47
0x4a8517,99.4819%,1,192,193,192,1,0,0
0x4e0a92,98.0392%,1,50,51,32,1,0,18
0x4c2408,87.5%,1,7,8,1,1,0,6
0x48cdc7,99.705%,1,338,339,338,1,0,0
0x4770d3,50%,1,1,2,1,1,0,0
0x47c1a1,75%,1,3,4,0,1,0,3
0x60af7e,98.5915%,1,70,71,70,1,0,0
0x523c67,83.3333%,1,5,6,5,1,0,0
0x40258e,99.6032%,1,251,252,251,1,0,0
0x4d8675,50%,1,1,2,1,1,0,0
0x4021d0,99.7863%,1,467,468,467,1,0,0
0x60694a,97.8261%,1,45,46,0,0,1,45
0x5f0986,98.3607%,1,60,61,60,1,0,0
0x4decae,93.3333%,1,14,15,0,0,1,14
0x469e97,96%,1,24,25,0,0,1,24
0x406d72,90%,1,9,10,9,1,0,0
0x476c19,99.5495%,1,221,222,221,1,0,0
0x4b16cb,96.875%,1,31,32,31,1,0,0
0x50b0c2,50%,1,1,2,0,0,1,1
0x49ca7a,99.9584%,1,2401,2402,2401,1,0,0
0x47050b,0%,1,0,1,0,1,0,0
0x47089a,0%,1,0,1,0,1,0,0
0x4ba4f3,99.9845%,1,6447,6448,0,0,1,6447
0x4a8482,99.4819%,1,192,193,192,1,0,0
0x60aa3e,97.8261%,1,45,46,45,1,0,0
0x418087,0%,1,0,1,0,0,1,0
0x459717,99.0196%,1,101,102,0,0,1,101
0x47072c,0%,1,0,1,0,1,0,0
0x47933a,99.9337%,1,1507,1508,0,0,1,1507
0x5fa4e9,0%,1,0,1,0,1,0,0
0x4d8692,50%,1,1,2,1,1,0,0
0x45b810,99.8866%,1,881,882,881,1,0,0
0x5f2d68,99.9663%,1,2969,2970,0,0,1,2969
0x4b988d,99.0291%,1,102,103,102,1,0,0
0x4b3421,99.4118%,1,169,170,169,1,0,0
0x41214e,99.7748%,1,443,444,443,1,0,0
0x4dd38e,99.4792%,1,191,192,191,1,0,0
0x4ca813,99.8553%,1,690,691,241,1,0,449
0x4ddd6f,75%,1,3,4,3,1,0,0
0x470448,0%,1,0,1,0,1,0,0
0x45ab4b,99.6032%,1,251,252,0,0,1,251
0x41a45a,99.9854%,1,6852,6853,0,0,1,6852
0x4a136c,93.75%,1,15,16,15,1,0,0
0x5facd9,66.6667%,1,2,3,0,0,1,2
0x476516,99.9758%,1,4137,4138,0,0,1,4137
0x4d861b,50%,1,1,2,1,1,0,0
0x4d85f2,50%,1,1,2,1,1,0,0
0x4cd4a3,99.9365%,1,1573,1574,1573,1,0,0
0x4e281a,98.6111%,1,71,72,71,1,0,0
0x490f1c,0%,1,0,1,0,1,0,0
0x4b040a,99.7925%,1,481,482,0,0,1,481
0x4d85a7,50%,1,1,2,1,1,0,0
0x4240f1,91.6667%,1,11,12,11,1,0,0
0x45e5ee,50%,1,1,2,1,1,0,0
0x4e09d6,98.6111%,1,71,72,50,1,0,21
0x498ca2,99.919%,1,1233,1234,0,0,1,1233
0x5f14bb,75%,1,3,4,0,0,1,3
0x60aece,75%,1,3,4,3,1,0,0
0x479ce8,95.8333%,1,23,24,23,1,0,0
0x459fa1,94.4444%,1,17,18,0,0,1,17
0x47ac82,99.987%,1,7688,7689,0,0,1,7688
0x50fd87,50%,1,1,2,1,1,0,0
0x4c9683,99.9824%,1,5695,5696,5695,1,0,0
0x412149,99.7748%,1,443,444,0,0,1,443
0x45db22,97.9592%,1,48,49,0,0,1,48
0x4b59b4,94.1176%,1,16,17,16,1,0,0
0x5ebf29,83.3333%,1,5,6,5,1,0,0
0x47b1c5,99.4286%,1,174,175,174,1,0,0
0x4a57b9,94.1176%,1,16,17,0,0,1,16
0x4b9595,99.9869%,1,7657,7658,0,0,1,7657
0x459c89,95.2381%,1,20,21,0,0,1,20
0x49af1e,66.6667%,1,2,3,2,1,0,0
0x4e0727,66.6667%,1,2,3,2,1,0,0
0x4c1d43,99.9553%,1,2234,2235,0,0,1,2234
0x4d8828,50%,1,1,2,1,1,0,0
0x47d5fd,88.8889%,1,8,9,8,1,0,0
0x4dcdb7,99.7199%,1,356,357,356,1,0,0
0x50fd30,0%,1,0,1,0,0,1,0
0x4708d9,0%,1,0,1,0,0,1,0
0x5f2630,99.9873%,1,7880,7881,0,0,1,7880
0x4a3085,96.9697%,1,32,33,32,1,0,0
0x45ed27,94.1176%,1,16,17,16,1,0,0
0x5fa48e,0%,1,0,1,0,1,0,0
0x5fa479,50%,1,1,2,0,1,0,1
0x5eb5a5,83.3333%,1,5,6,5,1,0,0
0x6332e2,83.3333%,1,5,6,0,0,1,5
0x4d9766,99.9952%,1,21038,21039,0,0,1,21038
0x60b40e,85.7143%,1,6,7,6,1,0,0
0x5d8635,83.3333%,1,5,6,0,0,1,5
0x414f89,99.9443%,1,1794,1795,0,0,1,1794
0x479ede,98.7654%,1,80,81,0,0,1,80
0x5f07cb,99.2126%,1,126,127,0,0,1,126
0x4786d0,83.3333%,1,5,6,5,1,0,0
0x422bea,0%,1,0,1,0,1,0,0
0x4d7df1,98.8506%,1,86,87,1,0,1,85
0x490edc,0%,1,0,1,0,1,0,0
0x4b9b9a,98.4615%,1,64,65,0,1,0,64
0x422aae,0%,1,0,1,0,0,1,0
0x60a4e8,98.4127%,1,62,63,0,0,1,62
0x478f35,99.8918%,1,923,924,0,0,1,923
0x5ddc3f,83.3333%,1,5,6,5,1,0,0
0x5f1ddb,66.6667%,1,2,3,0,1,0,2
0x422aa3,0%,1,0,1,0,0,1,0
0x46ff5a,99.9795%,1,4885,4886,4870,0,1,15
0x422a64,0%,1,0,1,0,0,1,0
0x48bdeb,99.811%,1,528,529,1,1,0,527
0x45fa1d,66.6667%,1,2,3,2,1,0,0
0x45e625,50%,1,1,2,1,1,0,0
0x420fe0,0%,1,0,1,0,1,0,0
0x4b950d,97.7273%,1,43,44,43,1,0,0
0x4187c7,0%,1,0,1,0,1,0,0
0x45fa42,66.6667%,1,2,3,2,1,0,0
0x4d1197,99.7674%,1,429,430,429,1,0,0
0x49ce90,99.7674%,1,429,430,429,1,0,0
0x48aac7,95.2381%,1,20,21,20,1,0,0
0x4d91e9,96.1538%,1,25,26,0,0,1,25
0x4d5fb3,99.9691%,1,3233,3234,3233,1,0,0
0x4d10f0,99.7555%,1,408,409,408,1,0,0
0x458ad6,98.1481%,1,53,54,11,1,0,42
0x406c14,91.6667%,1,11,12,11,1,0,0
0x4017af,99.9879%,1,8245,8246,8245,1,0,0
0x4d73ba,50%,1,1,2,1,1,0,0
0x46d1c3,99.9122%,1,1138,1139,0,0,1,1138
0x4c77df,99.8211%,1,558,559,558,1,0,0
0x4ce4b6,0%,1,0,1,0,1,0,0
0x4630d9,98.9583%,1,95,96,0,0,1,95
0x4a3a46,97.0588%,1,33,34,0,0,1,33
0x457bab,66.6667%,1,2,3,2,1,0,0
0x4ad1bd,99.2647%,1,135,136,119,0,1,16
0x49efca,99%,1,99,100,99,1,0,0
0x4d7d50,0%,1,0,1,0,1,0,0
0x4a840a,99.3631%,1,156,157,0,0,1,156
0x49cb9b,99.7674%,1,429,430,429,1,0,0
0x469bfc,99.1667%,1,119,120,0,0,1,119
0x422ed1,0%,1,0,1,0,1,0,0
0x4a49cf,66.6667%,1,2,3,2,1,0,0
0x48ddf2,50%,1,1,2,1,1,0,0
0x5ef430,99.9046%,1,1047,1048,1047,1,0,0
0x4b0860,97.0588%,1,33,34,0,0,1,33
0x4704f3,0%,1,0,1,0,1,0,0
0x418245,98.4848%,1,65,66,63,1,0,2
0x4212b4,0%,1,0,1,0,0,1,0
0x4187a9,0%,1,0,1,0,1,0,0
0x418161,0%,1,0,1,0,1,0,0
0x4b69ec,94.1176%,1,16,17,16,1,0,0
0x477154,91.6667%,1,11,12,11,1,0,0
0x4d70ee,0%,1,0,1,0,1,0,0
0x4d9302,94.4444%,1,17,18,17,1,0,0
0x47c913,99.9446%,1,1803,1804,1803,1,0,0
0x4d70d7,0%,1,0,1,0,1,0,0
0x4dfb3e,66.6667%,1,2,3,2,1,0,0
0x4182c1,98.4848%,1,65,66,0,1,0,65
0x47b7aa,99.9651%,1,2868,2869,0,0,1,2868
0x4707ed,0%,1,0,1,0,1,0,0
0x47c505,99.9839%,1,6195,6196,6195,1,0,0
0x427953,99.6337%,1,272,273,0,0,1,272
0x5f0738,99.3865%,1,162,163,0,0,1,162
0x4765e1,99.9724%,1,3616,3617,3616,1,0,0
0x408d74,99.9279%,1,1386,1387,1386,1,0,0
0x460cff,96.875%,1,31,32,0,0,1,31
0x47b0e2,0%,1,0,1,0,1,0,0
0x41892b,0%,1,0,1,0,0,1,0
0x41890d,0%,1,0,1,0,1,0,0
0x5ee90a,99.4792%,1,191,192,191,1,0,0
0x4ace6b,97.0588%,1,33,34,33,1,0,0
0x4c276d,99.983%,1,5879,5880,5879,1,0,0
0x478271,99.8672%,1,752,753,752,1,0,0
0x4790af,99.5238%,1,209,210,209,1,0,0
0x45e5e4,50%,1,1,2,0,0,1,1
0x4631c0,98.9583%,1,95,96,0,0,1,95
0x47c90a,99.9446%,1,1803,1804,0,0,1,1803
0x41b69e,99.2063%,1,125,126,125,1,0,0
0x47c6d3,99.9829%,1,5861,5862,5861,1,0,0
0x46ce89,95.8333%,1,23,24,23,1,0,0
0x41b2e6,99.2063%,1,125,126,125,1,0,0
0x4d1674,99.759%,1,414,415,0,0,1,414
0x427e00,97.0588%,1,33,34,0,0,1,33
0x4073d2,96.9697%,1,32,33,0,0,1,32
0x459f76,94.4444%,1,17,18,17,1,0,0
0x45b493,96.5517%,1,28,29,28,1,0,0
0x5ef52a,99.9046%,1,1047,1048,0,0,1,1047
0x4bb032,99.8779%,1,818,819,11,1,0,807
0x4b3541,97.0588%,1,33,34,33,1,0,0
0x608d04,99.5074%,1,202,203,0,0,1,202
0x5de9b3,97.619%,1,41,42,0,0,1,41
0x44fea4,88.8889%,1,8,9,0,0,1,8
0x4a62ef,97.9167%,1,47,48,47,1,0,0
0x45e416,75%,1,3,4,3,1,0,0
0x4c24a9,98.0392%,1,50,51,50,1,0,0
0x411948,99.7748%,1,443,444,443,1,0,0
0x4679a3,96.6667%,1,29,30,29,1,0,0
0x418cf6,99.9549%,1,2217,2218,2217,1,0,0
0x5deada,83.3333%,1,5,6,5,1,0,0
0x6098bd,99.5434%,1,218,219,0,0,1,218
0x4d064e,99.983%,1,5868,5869,5868,1,0,0
0x4120da,99.7748%,1,443,444,443,1,0,0
0x49ed23,97.0588%,1,33,34,33,1,0,0
0x40248c,98.7342%,1,78,79,78,1,0,0
0x4023e1,99.2366%,1,130,131,130,1,0,0
0x45e21e,50%,1,1,2,1,1,0,0
0x473a14,99.7845%,1,463,464,463,1,0,0
0x5f1d4d,99.9663%,1,2969,2970,0,0,1,2969
0x4a8466,94.4444%,1,17,18,0,0,1,17
0x4b5a0e,94.1176%,1,16,17,0,0,1,16
0x4c4eee,99.7135%,1,348,349,348,0,1,0
0x4c244a,50%,1,1,2,1,1,0,0
0x5de754,66.6667%,1,2,3,2,1,0,0
0x4b3770,98.5294%,1,67,68,67,1,0,0
0x4b3980,99.0196%,1,101,102,101,1,0,0
0x4bac0f,99.9413%,1,1704,1705,0,0,1,1704
0x4b3b14,99.0196%,1,101,102,101,1,0,0
0x4214cd,98.8372%,1,85,86,0,0,1,85
0x4b9910,99.6169%,1,260,261,260,1,0,0
0x505edc,83.3333%,1,5,6,5,1,0,0
0x48c009,99.0291%,1,102,103,0,0,1,102
0x60b94e,90%,1,9,10,9,1,0,0
0x4b352e,98.5294%,1,67,68,0,0,1,67
0x5de942,66.6667%,1,2,3,2,1,0,0
0x476e48,99.9775%,1,4441,4442,0,0,1,4441
0x49969a,99.841%,1,628,629,0,0,1,628
0x5de960,66.6667%,1,2,3,2,1,0,0
0x46d78d,87.5%,1,7,8,7,1,0,0
0x4c6541,75%,1,3,4,3,1,0,0
0x4d9285,96.1538%,1,25,26,25,1,0,0
0x608d19,99.5074%,1,202,203,0,0,1,202
0x48d6a0,88.8889%,1,8,9,8,1,0,0
0x48d0b1,99.7135%,1,348,349,348,1,0,0
0x4d6f31,66.6667%,1,2,3,2,1,0,0
0x5facfc,66.6667%,1,2,3,2,1,0,0
0x5dcd03,83.3333%,1,5,6,5,1,0,0
0x4bb49d,83.3333%,1,5,6,5,1,0,0
0x427c86,99.6337%,1,272,273,272,1,0,0
0x45e11a,75%,1,3,4,2,0,1,1
0x4d6f07,66.6667%,1,2,3,2,1,0,0
0x48d145,66.6667%,1,2,3,2,1,0,0
0x4aca1a,97.0588%,1,33,34,33,1,0,0
0x427ff6,94.4444%,1,17,18,17,1,0,0
0x4a5866,94.1176%,1,16,17,16,1,0,0
0x421e92,85.7143%,1,6,7,6,1,0,0
0x427dd6,97.0588%,1,33,34,33,1,0,0
0x458578,90.9091%,1,10,11,10,1,0,0
0x459d97,99.3333%,1,149,150,149,1,0,0
0x4b96d6,99.9724%,1,3626,3627,0,0,1,3626
0x408e2c,95.8333%,1,23,24,23,1,0,0
0x4c229e,99.7947%,1,486,487,486,1,0,0
0x45b3d9,99.2754%,1,137,138,0,0,1,137
0x4c75c8,99.6528%,1,287,288,287,1,0,0
0x4d2dd7,99.9892%,1,9220,9221,0,0,1,9220
0x477db9,99.9339%,1,1511,1512,0,0,1,1511
0x48c1f8,99.7908%,1,477,478,477,1,0,0
0x4b9b80,99.375%,1,159,160,159,1,0,0
0x4caaed,99.9567%,1,2308,2309,2308,1,0,0
0x47688c,50%,1,1,2,1,1,0,0
0x4d8e4e,95%,1,19,20,19,1,0,0
0x49a2e7,97.2222%,1,35,36,35,1,0,0
0x458267,99.8505%,1,668,669,668,1,0,0
0x48c5f1,99.8288%,1,583,584,1,1,0,582
0x4b5b32,97.0588%,1,33,34,16,1,0,17
0x45b091,88.8889%,1,8,9,8,1,0,0
0x5dec19,83.3333%,1,5,6,0,0,1,5
0x4bac2c,99.9412%,1,1701,1702,0,0,1,1701
0x45e1ab,75%,1,3,4,1,1,0,2
0x5dec6d,83.3333%,1,5,6,5,1,0,0
0x41b968,80%,1,4,5,1,1,0,3
0x47c99b,99.9737%,1,3807,3808,0,0,1,3807
0x417ff2,99.9652%,1,2873,2874,0,0,1,2873
0x5ded35,93.3333%,1,14,15,5,1,0,9
0x47cbbc,99.9519%,1,2076,2077,0,0,1,2076
0x4e2b97,98.6111%,1,71,72,71,1,0,0
0x49942f,99.8698%,1,767,768,767,1,0,0
0x418f96,98.4375%,1,63,64,63,1,0,0
0x4bbd03,66.6667%,1,2,3,2,1,0,0
0x41809d,50%,1,1,2,0,1,0,1
0x49d26e,98.5294%,1,67,68,0,0,1,67
0x40189e,99.9871%,1,7751,7752,7751,1,0,0
0x5ef130,99.9382%,1,1618,1619,0,0,1,1618
0x5df57c,96.9697%,1,32,33,32,1,0,0
0x4192c8,97.6744%,1,42,43,0,0,1,42
0x4b9685,98.6842%,1,75,76,0,0,1,75
0x41b468,80%,1,4,5,4,1,0,0
0x5f25c7,99.9873%,1,7880,7881,0,0,1,7880
0x47931d,99.9337%,1,1507,1508,1507,1,0,0
0x4be574,99.8377%,1,615,616,584,1,0,31
0x476b09,99.9652%,1,2871,2872,2871,1,0,0
0x45ac39,99.5763%,1,235,236,235,1,0,0
0x421535,87.5%,1,7,8,7,1,0,0
0x458d4f,96.5517%,1,28,29,28,1,0,0
0x4b08f4,99.7354%,1,377,378,0,0,1,377
0x4cb5f9,83.3333%,1,5,6,5,1,0,0
0x47ba93,80%,1,4,5,4,1,0,0
0x49e8eb,96.9697%,1,32,33,32,1,0,0
0x4d7084,0%,1,0,1,0,1,0,0
0x47a7dd,99.2537%,1,133,134,133,1,0,0
0x45e65d,50%,1,1,2,1,1,0,0
0x45f3c1,87.5%,1,7,8,7,1,0,0
0x4d7d80,0%,1,0,1,0,1,0,0
0x45e237,50%,1,1,2,1,1,0,0
0x5dcc44,83.3333%,1,5,6,5,1,0,0
0x47da48,92.8571%,1,13,14,13,1,0,0
0x46cc30,98.6842%,1,75,76,75,1,0,0
0x47d749,87.5%,1,7,8,7,1,0,0
0x5dd1f4,83.3333%,1,5,6,5,1,0,0
0x4172e9,99.2537%,1,133,134,133,1,0,0
0x41878d,0%,1,0,1,0,1,0,0
0x419ae9,99.3243%,1,147,148,147,1,0,0
0x4c4954,99.8561%,1,694,695,0,0,1,694
0x467134,99.8698%,1,767,768,0,0,1,767
0x47df10,66.6667%,1,2,3,2,1,0,0
0x4be498,98.9691%,1,96,97,96,1,0,0
0x609fd0,0%,1,0,1,0,0,1,0
0x4a5bd3,94.1176%,1,16,17,16,1,0,0
0x417426,97.8261%,1,45,46,45,1,0,0
0x5deb73,66.6667%,1,2,3,2,1,0,0
0x4be68d,50%,1,1,2,1,1,0,0
0x4cac99,99.1597%,1,118,119,118,1,0,0
0x4c8881,95.4545%,1,21,22,21,1,0,0
0x5df7e4,66.6667%,1,2,3,0,0,1,2
0x45b89b,99.8881%,1,893,894,893,1,0,0
0x445d6c,99.8575%,1,701,702,701,1,0,0
0x46f794,93.75%,1,15,16,15,1,0,0
0x5f2078,0%,1,0,1,0,0,1,0
0x458c83,95%,1,19,20,19,1,0,0
0x505ed2,83.3333%,1,5,6,0,0,1,5
0x497ad4,66.6667%,1,2,3,2,1,0,0
0x633429,88.8889%,1,8,9,8,1,0,0
0x6333c5,88.8889%,1,8,9,8,1,0,0
0x46f438,93.75%,1,15,16,15,1,0,0
0x505efb,83.3333%,1,5,6,5,1,0,0
0x4b317c,97.0588%,1,33,34,33,1,0,0
0x41ae34,93.3333%,1,14,15,0,0,1,14
0x41913f,97.6744%,1,42,43,42,1,0,0
0x4ceb84,99.9242%,1,1318,1319,1318,1,0,0
0x4a72f4,99.5595%,1,226,227,16,1,0,210
0x4d73aa,50%,1,1,2,0,0,1,1
0x478cf4,99.9407%,1,1686,1687,0,0,1,1686
0x4d0adc,95.2381%,1,20,21,0,0,1,20
0x4bbbc0,99.1071%,1,111,112,0,0,1,111
0x497aa6,66.6667%,1,2,3,2,1,0,0
0x506041,83.3333%,1,5,6,0,0,1,5
0x4deacd,96.2963%,1,26,27,26,1,0,0
0x60a157,99.0476%,1,104,105,104,1,0,0
0x47c9b3,99.9737%,1,3807,3808,0,0,1,3807
0x458cbc,96.5517%,1,28,29,0,0,1,28
0x497b38,100%,0,3,3,3,0,0,0
0x4d2907,100%,0,118,118,0,0,0,118
0x45e03f,100%,0,4,4,0,0,0,4
0x4d739a,100%,0,2,2,0,0,0,2
0x443632,100%,0,468,468,0,0,0,468
0x40a602,100%,0,325,325,0,0,0,325
0x457c7a,100%,0,42,42,42,0,0,0
0x4d90c3,100%,0,96,96,0,0,0,96
0x458e67,100%,0,18,18,0,0,0,18
0x4d8d6d,100%,0,20,20,0,0,0,20
0x45e445,100%,0,4,4,4,0,0,0
0x45e25b,100%,0,2,2,0,0,0,2
0x45e1ba,100%,0,2,2,0,0,0,2
0x45e065,100%,0,4,4,0,0,0,4
0x5dd91b,100%,0,3,3,0,0,0,3
0x4925d3,100%,0,3,3,3,0,0,0
0x4d738e,100%,0,2,2,0,0,0,2
0x45e046,100%,0,4,4,0,0,0,4
0x5f05a4,100%,0,121,121,0,0,0,121
0x4d865b,100%,0,2,2,0,0,0,2
0x457ce5,100%,0,42,42,42,0,0,0
0x4761ed,100%,0,6,6,0,0,0,6
0x45e3fc,100%,0,4,4,0,0,0,4
0x608cef,100%,0,203,203,0,0,0,203
0x420c71,100%,0,55,55,0,0,0,55
0x45e3eb,100%,0,4,4,4,0,0,0
0x48e40d,100%,0,29,29,0,0,0,29
0x467b93,100%,0,30,30,0,0,0,30
0x4b9976,100%,0,158,158,0,0,0,158
0x467b3a,100%,0,30,30,0,0,0,30
0x45e075,100%,0,4,4,0,0,0,4
0x5f1f7a,100%,0,1,1,0,0,0,1
0x45e652,100%,0,2,2,0,0,0,2
0x45e095,100%,0,4,4,0,0,0,4
0x467b8b,100%,0,30,30,0,0,0,30
0x47dd9c,100%,0,12,12,0,0,0,12
0x45e0ce,100%,0,4,4,0,0,0,4
0x4d8ba3,100%,0,96,96,0,0,0,96
0x5de5fe,100%,0,6,6,0,0,0,6
0x4cc7fd,100%,0,20,20,0,0,0,20
0x5de908,100%,0,6,6,0,0,0,6
0x5de8db,100%,0,6,6,0,0,0,6
0x4acf54,100%,0,34,34,0,0,0,34
0x4ada0b,100%,0,74,74,0,0,0,74
0x5de808,100%,0,3,3,3,0,0,0
0x478fb7,100%,0,44,44,0,0,0,44
0x5de60c,100%,0,6,6,0,0,0,6
0x478fa2,100%,0,41,41,0,0,0,41
0x509556,100%,0,30,30,0,0,0,30
0x4d8561,100%,0,2,2,0,0,0,2
0x5de979,100%,0,6,6,0,0,0,6
0x460775,100%,0,3,3,0,0,0,3
0x4d2d97,100%,0,30,30,0,0,0,30
0x5df5f3,100%,0,3,3,0,0,0,3
0x63387a,100%,0,57,57,0,0,0,57
0x4ac9cb,100%,0,34,34,0,0,0,34
0x6334f6,100%,0,3,3,0,0,0,3
0x47673a,100%,0,67,67,0,0,0,67
0x462fed,100%,0,96,96,0,0,0,96
0x4581bb,100%,0,624,624,624,0,0,0
0x5ddd5f,100%,0,6,6,0,0,0,6
0x5dec09,100%,0,6,6,0,0,0,6
0x5dd25f,100%,0,6,6,6,0,0,0
0x45e490,100%,0,4,4,4,0,0,0
0x5dd24c,100%,0,6,6,0,0,0,6
0x4d7ef8,100%,0,471,471,0,0,0,471
0x5df8b0,100%,0,6,6,0,0,0,6
0x5df2cd,100%,0,6,6,0,0,0,6
0x5fad26,100%,0,3,3,3,0,0,0
0x4c63b6,100%,0,1093,1093,0,0,0,1093
0x5facd4,100%,0,3,3,0,0,0,3
0x5dec2b,100%,0,6,6,6,0,0,0
0x50fa20,100%,0,19,19,0,0,0,19
0x5dec01,100%,0,6,6,0,0,0,6
0x47a825,100%,0,4,4,0,0,0,4
0x462b7b,100%,0,12,12,0,0,0,12
0x45f945,100%,0,3,3,0,0,0,3
0x428a94,100%,0,468,468,0,0,0,468
0x608cda,100%,0,203,203,0,0,0,203
0x5deb08,100%,0,6,6,0,0,0,6
0x5dead5,100%,0,6,6,0,0,0,6
0x419244,100%,0,3,3,0,0,0,3
0x47ba0e,100%,0,216,216,0,0,0,216
0x45fcc9,100%,0,3,3,0,0,0,3
0x460ef8,100%,0,64,64,0,0,0,64
0x5f155e,100%,0,32,32,0,0,0,32
0x5f154f,100%,0,32,32,0,0,0,32
0x418644,100%,0,23,23,0,0,0,23
0x4d59fc,100%,0,8,8,0,0,0,8
0x633881,100%,0,51,51,0,0,0,51
0x4182c7,100%,0,65,65,0,0,0,65
0x49b844,100%,0,36,36,36,0,0,0
0x48d639,100%,0,6269,6269,0,0,0,6269
0x411583,100%,0,3,3,3,0,0,0
0x48ba93,100%,0,339,339,0,0,0,339
0x45fc8f,100%,0,3,3,0,0,0,3
0x45e2e2,100%,0,2,2,0,0,0,2
0x45fa73,100%,0,3,3,3,0,0,0
0x4767f3,100%,0,3,3,0,0,0,3
0x45f9e8,100%,0,3,3,0,0,0,3
0x47677a,100%,0,3,3,0,0,0,3
0x5df5bc,100%,0,3,3,0,0,0,3
0x476762,100%,0,3,3,0,0,0,3
0x4996fa,100%,0,611,611,0,0,0,611
0x608c35,100%,0,210,210,0,0,0,210
0x6073e1,100%,0,12,12,0,0,0,12
0x5dd3d8,100%,0,6,6,0,0,0,6
0x5dcf3d,100%,0,6,6,6,0,0,0
0x48bb72,100%,0,339,339,0,0,0,339
0x5dea3a,100%,0,6,6,6,0,0,0
0x5d8937,100%,0,6,6,0,0,0,6
0x463136,100%,0,96,96,0,0,0,96
0x5d8850,100%,0,6,6,0,0,0,6
0x5d8834,100%,0,6,6,0,0,0,6
0x5d880f,100%,0,6,6,0,0,0,6
0x46f475,100%,0,16,16,0,0,0,16
0x5d8d12,100%,0,6,6,0,0,0,6
0x5d863f,100%,0,6,6,0,0,0,6
0x4bdf39,100%,0,2,2,0,0,0,2
0x40275e,100%,0,252,252,0,0,0,252
0x4703cd,100%,0,468,468,468,0,0,0
0x46224d,100%,0,6,6,0,0,0,6
0x5eecd1,100%,0,7,7,0,0,0,7
0x5df5a7,100%,0,3,3,0,0,0,3
0x469e7c,100%,0,25,25,0,0,0,25
0x606939,100%,0,46,46,0,0,0,46
0x5f1569,100%,0,32,32,0,0,0,32
0x47a3e4,100%,0,940,940,0,0,0,940
0x445b74,100%,0,234,234,0,0,0,234
0x4d6f5a,100%,0,3,3,0,0,0,3
0x445d5c,100%,0,1482,1482,0,0,0,1482
0x46d198,100%,0,1139,1139,0,0,0,1139
0x445a9a,100%,0,468,468,0,0,0,468
0x466d1b,100%,0,491,491,0,0,0,491
0x46cdba,100%,0,3,3,0,0,0,3
0x40228e,100%,0,351,351,351,0,0,0
0x47a3e8,100%,0,940,940,0,0,0,940
0x44329a,100%,0,468,468,0,0,0,468
0x408a71,100%,0,317,317,0,0,0,317
0x4a49a1,100%,0,3,3,0,0,0,3
0x44599d,100%,0,468,468,0,0,0,468
0x4703f3,100%,0,468,468,468,0,0,0
0x47035e,100%,0,468,468,0,0,0,468
0x445d53,100%,0,1482,1482,0,0,0,1482
0x47032c,100%,0,468,468,0,0,0,468
0x4701e7,100%,0,468,468,0,0,0,468
0x4bf88f,100%,0,8,8,0,0,0,8
0x4701c9,100%,0,468,468,0,0,0,468
0x445947,100%,0,468,468,468,0,0,0
0x426fa6,100%,0,8,8,8,0,0,0
0x48cab2,100%,0,1087,1087,0,0,0,1087
0x46798e,100%,0,30,30,0,0,0,30
0x41465e,100%,0,3,3,0,0,0,3
0x4d92e9,100%,0,26,26,0,0,0,26
0x4b4417,100%,0,34,34,0,0,0,34
0x467575,100%,0,61,61,61,0,0,0
0x45f317,100%,0,8,8,8,0,0,0
0x45f30d,100%,0,8,8,0,0,0,8
0x4beb9d,100%,0,103,103,0,0,0,103
0x45dd16,100%,0,8,8,0,0,0,8
0x4c3db7,100%,0,27,27,0,0,0,27
0x426e87,100%,0,16,16,0,0,0,16
0x426e27,100%,0,16,16,0,0,0,16
0x426d08,100%,0,8,8,0,0,0,8
0x48acd7,100%,0,21,21,0,0,0,21
0x45dc03,100%,0,8,8,8,0,0,0
0x49c80a,100%,0,34,34,0,0,0,34
0x45dbd2,100%,0,8,8,8,0,0,0
0x4187f8,100%,0,43,43,43,0,0,0
0x479659,100%,0,45,45,45,0,0,0
0x479576,100%,0,630,630,630,0,0,0
0x4c6c4b,100%,0,18,18,0,0,0,18
0x4112ac,100%,0,468,468,468,0,0,0
0x4c8a17,100%,0,17,17,17,0,0,0
0x420bce,100%,0,1319,1319,0,0,0,1319
0x4d5e53,100%,0,18,18,0,0,0,18
0x5de9c7,100%,0,3,3,0,0,0,3
0x5def08,100%,0,3,3,0,0,0,3
0x5dee8f,100%,0,3,3,0,0,0,3
0x5dee81,100%,0,3,3,0,0,0,3
0x5dee7a,100%,0,3,3,0,0,0,3
0x47ac62,100%,0,221,221,0,0,0,221
0x4c6562,100%,0,4,4,4,0,0,0
0x5de7d8,100%,0,3,3,0,0,0,3
0x6331e7,100%,0,3,3,0,0,0,3
0x5de767,100%,0,3,3,0,0,0,3
0x5df773,100%,0,3,3,0,0,0,3
0x5de523,100%,0,3,3,0,0,0,3
0x5d876e,100%,0,6,6,0,0,0,6
0x4a7020,100%,0,34,34,0,0,0,34
0x4c7f70,100%,0,288,288,288,0,0,0
0x41815a,100%,0,1,1,0,0,0,1
0x5d8d41,100%,0,6,6,0,0,0,6
0x411295,100%,0,936,936,0,0,0,936
0x46747e,100%,0,91,91,91,0,0,0
0x4458fd,100%,0,468,468,0,0,0,468
0x466d30,100%,0,242,242,0,0,0,242
0x4c40df,100%,0,1120,1120,1120,0,0,0
0x463013,100%,0,96,96,0,0,0,96
0x411474,100%,0,468,468,0,0,0,468
0x411344,100%,0,468,468,0,0,0,468
0x41133e,100%,0,468,468,0,0,0,468
0x48ab66,100%,0,42,42,0,0,0,42
0x41129e,100%,0,936,936,0,0,0,936
0x467af6,100%,0,30,30,0,0,0,30
0x48e380,100%,0,29,29,0,0,0,29
0x4b5b3e,100%,0,17,17,17,0,0,0
0x4c3d1f,100%,0,1218,1218,0,0,0,1218
0x41d391,100%,0,16,16,0,0,0,16
0x523c2c,100%,0,6,6,0,0,0,6
0x608d7a,100%,0,8,8,0,0,0,8
0x46f4cb,100%,0,16,16,0,0,0,16
0x5ef819,100%,0,2,2,0,0,0,2
0x484287,100%,0,42,42,0,0,0,42
0x47c078,100%,0,30,30,0,0,0,30
0x5de62f,100%,0,3,3,0,0,0,3
0x48c294,100%,0,478,478,0,0,0,478
0x48c25d,100%,0,478,478,0,0,0,478
0x4601cc,100%,0,3,3,0,0,0,3
0x41b9c8,100%,0,5,5,0,0,0,5
0x41b9c4,100%,0,5,5,0,0,0,5
0x609c37,100%,0,22,22,0,0,0,22
0x45b3b0,100%,0,4,4,0,0,0,4
0x4d6f19,100%,0,3,3,0,0,0,3
0x5ef15b,100%,0,16,16,0,0,0,16
0x4185b7,100%,0,2,2,2,0,0,0
0x4dde93,100%,0,3,3,0,0,0,3
0x4d2126,100%,0,15,15,0,0,0,15
0x4182fd,100%,0,2,2,0,0,0,2
0x48ca37,100%,0,582,582,0,0,0,582
0x45dad6,100%,0,79,79,0,0,0,79
0x458494,100%,0,11,11,0,0,0,11
0x458484,100%,0,11,11,11,0,0,0
0x45847a,100%,0,11,11,0,0,0,11
0x4a448d,100%,0,37,37,0,0,0,37
0x47dec1,100%,0,3,3,0,0,0,3
0x47de94,100%,0,3,3,0,0,0,3
0x47de83,100%,0,3,3,3,0,0,0
0x478f79,100%,0,3,3,3,0,0,0
0x41b643,100%,0,5,5,0,0,0,5
0x465825,100%,0,6,6,0,0,0,6
0x4284f0,100%,0,15,15,0,0,0,15
0x608f47,100%,0,195,195,0,0,0,195
0x46f145,100%,0,16,16,16,0,0,0
0x4aca6f,100%,0,40,40,0,0,0,40
0x46f140,100%,0,16,16,0,0,0,16
0x608d89,100%,0,8,8,0,0,0,8
0x608c50,100%,0,201,201,0,0,0,201
0x608d43,100%,0,203,203,0,0,0,203
0x49c768,100%,0,3,3,0,0,0,3
0x608d2e,100%,0,203,203,0,0,0,203
0x4adaea,100%,0,558,558,558,0,0,0
0x5fa546,100%,0,1,1,1,0,0,0
0x5de913,100%,0,6,6,0,0,0,6
0x4b19a4,100%,0,38,38,0,0,0,38
0x45e1e5,100%,0,2,2,0,0,0,2
0x4192ac,100%,0,43,43,43,0,0,0
0x608f2c,100%,0,195,195,0,0,0,195
0x608f11,100%,0,195,195,0,0,0,195
0x608ea5,100%,0,195,195,0,0,0,195
0x457c08,100%,0,3,3,3,0,0,0
0x608e6f,100%,0,195,195,0,0,0,195
0x608e5a,100%,0,195,195,0,0,0,195
0x47d851,100%,0,8,8,0,0,0,8
0x608df1,100%,0,195,195,0,0,0,195
0x60a98e,100%,0,4,4,4,0,0,0
0x46ccf2,100%,0,3,3,3,0,0,0
0x46cce8,100%,0,3,3,0,0,0,3
0x5f0979,100%,0,61,61,0,0,0,61
0x45ece8,100%,0,17,17,0,0,0,17
0x410efb,100%,0,3,3,3,0,0,0
0x4137cb,100%,0,3,3,0,0,0,3
0x47d73f,100%,0,8,8,0,0,0,8
0x4e0b11,100%,0,72,72,0,0,0,72
0x4d3f84,100%,0,6,6,0,0,0,6
0x4597f6,100%,0,97,97,0,0,0,97
0x60a31b,100%,0,50,50,0,0,0,50
0x47a556,100%,0,6,6,0,0,0,6
0x47a297,100%,0,6,6,0,0,0,6
0x4a3ba1,100%,0,188,188,0,0,0,188
0x498be4,100%,0,14,14,0,0,0,14
0x463509,100%,0,96,96,0,0,0,96
0x50fd53,100%,0,16,16,0,0,0,16
0x41117e,100%,0,3,3,0,0,0,3
0x46302c,100%,0,96,96,0,0,0,96
0x462fbc,100%,0,96,96,0,0,0,96
0x46d7e1,100%,0,12,12,0,0,0,12
0x46d7db,100%,0,12,12,0,0,0,12
0x45a340,100%,0,15,15,0,0,0,15
0x45eb95,100%,0,17,17,0,0,0,17
0x4a3e04,100%,0,16,16,16,0,0,0
0x498c22,100%,0,14,14,14,0,0,0
0x46ff0f,100%,0,11554,11554,0,0,0,11554
0x406bde,100%,0,54,54,0,0,0,54
0x48c1d5,100%,0,478,478,0,0,0,478
0x498bcd,100%,0,14,14,0,0,0,14
0x427ef3,100%,0,15,15,15,0,0,0
0x4192a4,100%,0,43,43,0,0,0,43
0x419288,100%,0,43,43,43,0,0,0
0x41abad,100%,0,43,43,0,0,0,43
0x5ddf4d,100%,0,3,3,0,0,0,3
0x4a291a,100%,0,83,83,0,0,0,83
0x4dd451,100%,0,6,6,6,0,0,0
0x4268ec,100%,0,154,154,0,0,0,154
0x419157,100%,0,43,43,0,0,0,43
0x4190c7,100%,0,43,43,0,0,0,43
0x428205,100%,0,12,12,0,0,0,12
0x428076,100%,0,15,15,0,0,0,15
0x47d5e5,100%,0,9,9,0,0,0,9
0x46f214,100%,0,47,47,0,0,0,47
0x608ddc,100%,0,195,195,0,0,0,195
0x47d0b9,100%,0,18,18,0,0,0,18
0x4d1fc7,100%,0,15,15,0,0,0,15
0x47da36,100%,0,14,14,0,0,0,14
0x413be2,100%,0,3,3,0,0,0,3
0x41b958,100%,0,5,5,0,0,0,5
0x4a868e,100%,0,157,157,0,0,0,157
0x413bd1,100%,0,3,3,0,0,0,3
0x60a006,100%,0,27,27,0,0,0,27
0x609feb,100%,0,1,1,0,0,0,1
0x427bc1,100%,0,15,15,0,0,0,15
0x41bcf4,100%,0,6,6,0,0,0,6
0x40184e,100%,0,34,34,0,0,0,34
0x49ee49,100%,0,36,36,0,0,0,36
0x427a45,100%,0,66,66,0,0,0,66
0x418121,100%,0,1,1,0,0,0,1
0x4d7072,100%,0,1,1,0,0,0,1
0x4dde6c,100%,0,1,1,0,0,0,1
0x4d15d5,100%,0,6,6,6,0,0,0
0x4707e8,100%,0,1,1,0,0,0,1
0x4707d4,100%,0,1,1,1,0,0,0
0x470711,100%,0,1,1,0,0,0,1
0x470548,100%,0,1,1,0,0,0,1
0x470504,100%,0,1,1,0,0,0,1
0x4cd5c1,100%,0,4,4,4,0,0,0
0x49ac44,100%,0,20,20,0,0,0,20
0x421309,100%,0,1,1,0,0,0,1
0x4a74f8,100%,0,17,17,0,0,0,17
0x4ba70e,100%,0,4,4,0,0,0,4
0x4dc1ba,100%,0,1,1,0,0,0,1
0x4a35a3,100%,0,16,16,0,0,0,16
0x4a3596,100%,0,16,16,0,0,0,16
0x49a9bf,100%,0,36,36,36,0,0,0
0x4a2ffd,100%,0,16,16,0,0,0,16
0x4a123e,100%,0,16,16,0,0,0,16
0x49a881,100%,0,36,36,36,0,0,0
0x50b0af,100%,0,2,2,0,0,0,2
0x46e965,100%,0,932,932,0,0,0,932
0x4be85e,100%,0,12,12,12,0,0,0
0x422a74,100%,0,1,1,0,0,0,1
0x4c52cf,100%,0,1,1,0,0,0,1
0x4c52c9,100%,0,1,1,0,0,0,1
0x4c52a6,100%,0,1,1,0,0,0,1
0x4c5269,100%,0,1,1,0,0,0,1
0x4a799d,100%,0,107,107,107,0,0,0
0x4cceec,100%,0,1,1,0,0,0,1
0x4a798b,100%,0,107,107,0,0,0,107
0x4ccee0,100%,0,1,1,0,0,0,1
0x4d7d61,100%,0,1,1,0,0,0,1
0x4a4938,100%,0,3,3,0,0,0,3
0x506016,100%,0,6,6,0,0,0,6
0x422ad2,100%,0,1,1,0,0,0,1
0x5fa556,100%,0,1,1,0,0,0,1
0x4a242b,100%,0,3,3,0,0,0,3
0x4ad3e8,100%,0,74,74,0,0,0,74
0x420fd7,100%,0,1,1,0,0,0,1
0x420f5a,100%,0,1,1,0,0,0,1
0x4181f2,100%,0,1,1,0,0,0,1
0x49f517,100%,0,34,34,34,0,0,0
0x421371,100%,0,1,1,0,0,0,1
0x4d7a9a,100%,0,1,1,0,0,0,1
0x42131b,100%,0,1,1,0,0,0,1
0x5d8d70,100%,0,6,6,0,0,0,6
0x418146,100%,0,1,1,0,0,0,1
0x42130f,100%,0,1,1,0,0,0,1
0x4b03f8,100%,0,482,482,0,0,0,482
0x49a3e0,100%,0,36,36,0,0,0,36
0x4beb42,100%,0,2,2,0,0,0,2
0x4792a7,100%,0,1223,1223,0,0,0,1223
0x4be5cb,100%,0,8,8,0,0,0,8
0x4beb83,100%,0,105,105,105,0,0,0
0x4cc762,100%,0,20,20,0,0,0,20
0x4be482,100%,0,103,103,0,0,0,103
0x4bc7aa,100%,0,103,103,0,0,0,103
0x45e288,100%,0,2,2,2,0,0,0
0x5fa354,100%,0,21,21,0,0,0,21
0x505f7c,100%,0,6,6,6,0,0,0
0x45a817,100%,0,81,81,0,0,0,81
0x5f2089,100%,0,1,1,0,0,0,1
0x4c603b,100%,0,9,9,9,0,0,0
0x46f557,100%,0,16,16,0,0,0,16
0x4aff7e,100%,0,104,104,0,0,0,104
0x46f4d4,100%,0,16,16,0,0,0,16
0x46f47f,100%,0,16,16,16,0,0,0
0x4ad9fb,100%,0,74,74,0,0,0,74
0x46ff66,100%,0,16,16,0,0,0,16
0x41b64f,100%,0,126,126,0,0,0,126
0x41d380,100%,0,16,16,0,0,0,16
0x46f25c,100%,0,16,16,0,0,0,16
0x4d9236,100%,0,26,26,0,0,0,26
0x470077,100%,0,4342,4342,0,0,0,4342
0x46f220,100%,0,31,31,0,0,0,31
0x4affca,100%,0,52,52,52,0,0,0
0x5f2082,100%,0,1,1,0,0,0,1
0x49ef32,100%,0,243,243,243,0,0,0
0x4c647e,100%,0,8,8,0,0,0,8
0x4a7810,100%,0,107,107,0,0,0,107
0x4185a9,100%,0,2,2,0,0,0,2
0x49a2dc,100%,0,36,36,0,0,0,36
0x4d5cde,100%,0,69,69,69,0,0,0
0x45846e,100%,0,11,11,0,0,0,11
0x4629f4,100%,0,1,1,0,0,0,1
0x49d2cf,100%,0,34,34,0,0,0,34
0x4afff1,100%,0,52,52,0,0,0,52
0x5ef827,100%,0,2,2,0,0,0,2
0x408ba4,100%,0,3,3,0,0,0,3
0x4adc20,100%,0,92,92,92,0,0,0
0x48e3a1,100%,0,29,29,0,0,0,29
0x48e395,100%,0,29,29,0,0,0,29
0x467261,100%,0,175,175,175,0,0,0
0x48d930,100%,0,2,2,0,0,0,2
0x4a5e7f,100%,0,17,17,17,0,0,0
0x48d8c6,100%,0,2,2,0,0,0,2
0x41329f,100%,0,4,4,0,0,0,4
0x48d7d4,100%,0,2,2,2,0,0,0
0x47d6cf,100%,0,8,8,0,0,0,8
0x469e8f,100%,0,25,25,0,0,0,25
0x4c60da,100%,0,9,9,0,0,0,9
0x49ed42,100%,0,34,34,0,0,0,34
0x4ad233,100%,0,17,17,0,0,0,17
0x45ab7e,100%,0,252,252,0,0,0,252
0x46353f,100%,0,96,96,96,0,0,0
0x49a1d9,100%,0,36,36,0,0,0,36
0x4ad134,100%,0,17,17,0,0,0,17
0x46023f,100%,0,3,3,0,0,0,3
0x49bc41,100%,0,3,3,0,0,0,3
0x4acb90,100%,0,17,17,0,0,0,17
0x5de6d8,100%,0,6,6,0,0,0,6
0x4b23cf,100%,0,17,17,17,0,0,0
0x49f5bd,100%,0,34,34,0,0,0,34
0x49f58e,100%,0,34,34,0,0,0,34
0x49f538,100%,0,34,34,0,0,0,34
0x49eda1,100%,0,34,34,0,0,0,34
0x49c800,100%,0,34,34,0,0,0,34
0x4b3259,100%,0,34,34,0,0,0,34
0x4b300c,100%,0,34,34,0,0,0,34
0x46d65b,100%,0,306,306,0,0,0,306
0x49d2f4,100%,0,34,34,0,0,0,34
0x4d3eea,100%,0,27,27,0,0,0,27
0x4b2177,100%,0,17,17,0,0,0,17
0x41804a,100%,0,1,1,0,0,0,1
0x4bf858,100%,0,2,2,0,0,0,2
0x4d3ee6,100%,0,27,27,0,0,0,27
0x4b8ae6,100%,0,66,66,66,0,0,0
0x4d2db9,100%,0,30,30,30,0,0,0
0x4b76cf,100%,0,17,17,0,0,0,17
0x48ae1f,100%,0,21,21,0,0,0,21
0x4180a1,100%,0,1,1,0,0,0,1
0x49efb3,100%,0,83,83,0,0,0,83
0x48acd2,100%,0,21,21,0,0,0,21
0x49ef9d,100%,0,133,133,0,0,0,133
0x49ef77,100%,0,33,33,0,0,0,33
0x4b24a8,100%,0,17,17,17,0,0,0
0x4149bf,100%,0,3,3,0,0,0,3
0x4ac888,100%,0,50,50,50,0,0,0
0x4b7716,100%,0,17,17,0,0,0,17
0x4675ab,100%,0,61,61,0,0,0,61
0x4bc220,100%,0,2,2,0,0,0,2
0x41822c,100%,0,66,66,0,0,0,66
0x48a9d9,100%,0,21,21,0,0,0,21
0x4a7a78,100%,0,34,34,0,0,0,34
0x4b5a52,100%,0,34,34,34,0,0,0
0x4a5c9b,100%,0,17,17,0,0,0,17
0x4a3a78,100%,0,17,17,17,0,0,0
0x47ad15,100%,0,221,221,221,0,0,0
0x4a39d3,100%,0,34,34,0,0,0,34
0x460eb1,100%,0,64,64,64,0,0,0
0x47ac5a,100%,0,221,221,0,0,0,221
0x47a8ce,100%,0,217,217,0,0,0,217
0x4a70f8,100%,0,34,34,34,0,0,0
0x4a70c3,100%,0,34,34,0,0,0,34
0x47deb7,100%,0,3,3,0,0,0,3
0x49d1c8,100%,0,134,134,0,0,0,134
0x4ac316,100%,0,202,202,0,0,0,202
0x4ac407,100%,0,918,918,0,0,0,918
0x5de40e,100%,0,3,3,0,0,0,3
0x4ac395,100%,0,918,918,0,0,0,918
0x4b8c1a,100%,0,140,140,0,0,0,140
0x4b8bea,100%,0,140,140,0,0,0,140
0x42414b,100%,0,12,12,0,0,0,12
0x4240ce,100%,0,12,12,0,0,0,12
0x42407b,100%,0,12,12,0,0,0,12
0x457ebf,100%,0,12,12,0,0,0,12
0x469858,100%,0,178,178,0,0,0,178
0x4a8503,100%,0,32,32,0,0,0,32
0x4b2f34,100%,0,68,68,0,0,0,68
0x460d40,100%,0,32,32,0,0,0,32
0x412e23,100%,0,36,36,0,0,0,36
0x48d890,100%,0,2,2,0,0,0,2
0x48d888,100%,0,2,2,0,0,0,2
0x47c732,100%,0,5862,5862,0,0,0,5862
0x4d5e35,100%,0,18,18,0,0,0,18
0x4cc846,100%,0,28,28,0,0,0,28
0x4131dc,100%,0,36,36,0,0,0,36
0x5fa464,100%,0,2,2,0,0,0,2
0x4d740b,100%,0,2,2,2,0,0,0
0x48cc86,100%,0,533,533,0,0,0,533
0x4d7401,100%,0,2,2,0,0,0,2
0x4df16e,100%,0,27,27,0,0,0,27
0x4b0476,100%,0,34,34,0,0,0,34
0x4a3fd2,100%,0,33,33,33,0,0,0
0x4b5f2f,100%,0,34,34,0,0,0,34
0x47bd73,100%,0,1335,1335,1335,0,0,0
0x49e6eb,100%,0,34,34,0,0,0,34
0x49e6de,100%,0,34,34,0,0,0,34
0x418216,100%,0,1,1,0,0,0,1
0x4acb33,100%,0,34,34,0,0,0,34
0x47bb3d,100%,0,103,103,0,0,0,103
0x4ad630,100%,0,34,34,0,0,0,34
0x4ac9e3,100%,0,34,34,0,0,0,34
0x47c3c9,100%,0,216,216,0,0,0,216
0x470358,100%,0,468,468,0,0,0,468
0x47bf15,100%,0,212,212,212,0,0,0
0x49f680,100%,0,202,202,0,0,0,202
0x462d65,100%,0,136,136,0,0,0,136
0x4b5b19,100%,0,34,34,34,0,0,0
0x4b4403,100%,0,34,34,0,0,0,34
0x4b43ec,100%,0,34,34,0,0,0,34
0x4d70a6,100%,0,1,1,0,0,0,1
0x4b3b0b,100%,0,102,102,0,0,0,102
0x4180b9,100%,0,1,1,0,0,0,1
0x4b3168,100%,0,34,34,0,0,0,34
0x4b3082,100%,0,68,68,68,0,0,0
0x45347f,100%,0,9,9,9,0,0,0
0x4111d0,100%,0,3,3,0,0,0,3
0x46ca53,100%,0,76,76,0,0,0,76
0x469a1c,100%,0,88,88,0,0,0,88
0x4b171c,100%,0,16,16,0,0,0,16
0x44383c,100%,0,468,468,0,0,0,468
0x4bf778,100%,0,12,12,0,0,0,12
0x443805,100%,0,468,468,468,0,0,0
0x443625,100%,0,468,468,0,0,0,468
0x49c366,100%,0,36,36,0,0,0,36
0x4435ea,100%,0,468,468,0,0,0,468
0x609ef5,100%,0,98,98,0,0,0,98
0x428aaa,100%,0,468,468,0,0,0,468
0x428a63,100%,0,468,468,0,0,0,468
0x4d8d81,100%,0,20,20,0,0,0,20
0x5eecb8,100%,0,7,7,0,0,0,7
0x608c65,100%,0,201,201,0,0,0,201
0x47c892,100%,0,14,14,0,0,0,14
0x413a5c,100%,0,3,3,0,0,0,3
0x457f17,100%,0,24,24,0,0,0,24
0x469ca3,100%,0,120,120,0,0,0,120
0x450165,100%,0,9,9,0,0,0,9
0x5dda73,100%,0,6,6,0,0,0,6
0x427e06,100%,0,34,34,0,0,0,34
0x469c50,100%,0,120,120,0,0,0,120
0x4d2e61,100%,0,20,20,0,0,0,20
0x4a614d,100%,0,347,347,0,0,0,347
0x457eec,100%,0,24,24,0,0,0,24
0x47b34f,100%,0,76,76,0,0,0,76
0x4a1360,100%,0,16,16,0,0,0,16
0x45e9b6,100%,0,17,17,0,0,0,17
0x408af8,100%,0,3,3,0,0,0,3
0x45b299,100%,0,33,33,0,0,0,33
0x48c349,100%,0,189,189,189,0,0,0
0x46ad98,100%,0,1100,1100,0,0,0,1100
0x4925ca,100%,0,3,3,0,0,0,3
0x478a2a,100%,0,6,6,6,0,0,0
0x478994,100%,0,6,6,0,0,0,6
0x47877b,100%,0,6,6,0,0,0,6
0x450121,100%,0,9,9,0,0,0,9
0x463172,100%,0,96,96,0,0,0,96
0x469a6e,100%,0,120,120,0,0,0,120
0x453583,100%,0,9,9,0,0,0,9
0x4b07f9,100%,0,34,34,0,0,0,34
0x453508,100%,0,9,9,0,0,0,9
0x4534e2,100%,0,9,9,9,0,0,0
0x44feac,100%,0,9,9,0,0,0,9
0x4786ac,100%,0,6,6,0,0,0,6
0x46cc1a,100%,0,76,76,0,0,0,76
0x47ae0d,100%,0,221,221,221,0,0,0
0x478699,100%,0,6,6,0,0,0,6
0x46cbcb,100%,0,76,76,0,0,0,76
0x5eecc6,100%,0,7,7,0,0,0,7
0x418114,100%,0,1,1,0,0,0,1
0x4cd238,100%,0,429,429,429,0,0,0
0x4a305f,100%,0,33,33,0,0,0,33
0x49ad18,100%,0,36,36,36,0,0,0
0x4a4530,100%,0,17,17,0,0,0,17
0x4be450,100%,0,103,103,0,0,0,103
0x4650e8,100%,0,487,487,487,0,0,0
0x4a2984,100%,0,83,83,0,0,0,83
0x4a28ec,100%,0,83,83,0,0,0,83
0x487b93,100%,0,42,42,0,0,0,42
0x418789,100%,0,1,1,0,0,0,1
0x4de2ac,100%,0,3,3,3,0,0,0
0x4a27aa,100%,0,33,33,0,0,0,33
0x42862f,100%,0,68,68,68,0,0,0
0x428625,100%,0,68,68,0,0,0,68
0x412e0a,100%,0,40,40,0,0,0,40
0x4a26c8,100%,0,33,33,0,0,0,33
0x4c528c,100%,0,1,1,0,0,0,1
0x47a1dc,100%,0,276,276,276,0,0,0
0x4a5c4c,100%,0,34,34,0,0,0,34
0x4a8aba,100%,0,34,34,0,0,0,34
0x4840ca,100%,0,21,21,0,0,0,21
0x4a39c7,100%,0,34,34,0,0,0,34
0x4d7a83,100%,0,1,1,1,0,0,0
0x4a5e78,100%,0,17,17,0,0,0,17
0x4708cf,100%,0,1,1,0,0,0,1
0x463a88,100%,0,789,789,0,0,0,789
0x4a5e65,100%,0,17,17,0,0,0,17
0x4ca82c,100%,0,691,691,0,0,0,691
0x4bb008,100%,0,12,12,0,0,0,12
0x465139,100%,0,487,487,0,0,0,487
0x45ace2,100%,0,13,13,0,0,0,13
0x45ac1b,100%,0,13,13,0,0,0,13
0x4bbe73,100%,0,212,212,212,0,0,0
0x512382,100%,0,80,80,0,0,0,80
0x46c5fa,100%,0,101,101,0,0,0,101
0x45a86d,100%,0,80,80,0,0,0,80
0x45a83d,100%,0,80,80,0,0,0,80
0x470702,100%,0,1,1,0,0,0,1
0x45a5f9,100%,0,81,81,81,0,0,0
0x46022c,100%,0,3,3,0,0,0,3
0x4696f6,100%,0,178,178,0,0,0,178
0x4b9607,100%,0,76,76,0,0,0,76
0x49b8ca,100%,0,17,17,17,0,0,0
0x4a3df7,100%,0,67,67,0,0,0,67
0x4a3de9,100%,0,67,67,0,0,0,67
0x4a77fb,100%,0,107,107,0,0,0,107
0x4a35ad,100%,0,33,33,0,0,0,33
0x464ece,100%,0,94,94,0,0,0,94
0x414a24,100%,0,37,37,37,0,0,0
0x41497d,100%,0,40,40,0,0,0,40
0x4136e2,100%,0,37,37,0,0,0,37
0x4136a0,100%,0,40,40,0,0,0,40
0x413693,100%,0,40,40,0,0,0,40
0x458f1c,100%,0,18,18,0,0,0,18
0x49edbf,100%,0,34,34,0,0,0,34
0x4214f3,100%,0,19,19,0,0,0,19
0x4abf45,100%,0,20,20,0,0,0,20
0x4840ff,100%,0,21,21,0,0,0,21
0x60a028,100%,0,27,27,0,0,0,27
0x459cf1,100%,0,129,129,0,0,0,129
0x4a8977,100%,0,36,36,0,0,0,36
0x4ce13e,100%,0,489,489,489,0,0,0
0x4458bc,100%,0,468,468,468,0,0,0
0x4d5c9c,100%,0,20,20,0,0,0,20
0x479e6d,100%,0,1317,1317,1317,0,0,0
0x457e1b,100%,0,255,255,0,0,0,255
0x4d2df6,100%,0,58,58,0,0,0,58
0x42797b,100%,0,273,273,0,0,0,273
0x45a7b0,100%,0,81,81,0,0,0,81
0x4ac974,100%,0,518,518,0,0,0,518
0x4c1cfc,100%,0,2235,2235,2235,0,0,0
0x427961,100%,0,273,273,0,0,0,273
0x4d29e0,100%,0,118,118,0,0,0,118
0x470326,100%,0,468,468,0,0,0,468
0x42791b,100%,0,273,273,0,0,0,273
0x469789,100%,0,429,429,429,0,0,0
0x6099ec,100%,0,58,58,0,0,0,58
0x4b5fef,100%,0,17,17,0,0,0,17
0x608ef6,100%,0,195,195,0,0,0,195
0x450053,100%,0,9,9,0,0,0,9
0x4a1231,100%,0,19,19,19,0,0,0
0x48af9d,100%,0,21,21,0,0,0,21
0x4dca07,100%,0,3,3,0,0,0,3
0x5ed2e4,100%,0,6,6,0,0,0,6
0x47ce88,100%,0,4947,4947,0,0,0,4947
0x473907,100%,0,464,464,0,0,0,464
0x49b9e3,100%,0,36,36,36,0,0,0
0x418f70,100%,0,2218,2218,2218,0,0,0
0x45ab33,100%,0,252,252,0,0,0,252
0x4b3418,100%,0,170,170,0,0,0,170
0x4d0e6b,100%,0,430,430,430,0,0,0
0x60ab8e,100%,0,39,39,39,0,0,0
0x4739c3,100%,0,464,464,464,0,0,0
0x426cc5,100%,0,8,8,0,0,0,8
0x4bb011,100%,0,12,12,12,0,0,0
0x5ddf53,100%,0,3,3,3,0,0,0
0x4a52f4,100%,0,17,17,0,0,0,17
0x473c49,100%,0,464,464,464,0,0,0
0x4786b9,100%,0,6,6,0,0,0,6
0x406c30,100%,0,11,11,11,0,0,0
0x408b58,100%,0,5,5,5,0,0,0
0x49cc08,100%,0,569,569,0,0,0,569
0x497aea,100%,0,3,3,3,0,0,0
0x46d0cc,100%,0,1477,1477,0,0,0,1477
0x4a5261,100%,0,34,34,0,0,0,34
0x4b98c0,100%,0,103,103,0,0,0,103
0x478711,100%,0,6,6,0,0,0,6
0x4a8659,100%,0,157,157,0,0,0,157
0x4cb4ce,100%,0,6150,6150,0,0,0,6150
0x4761a7,100%,0,4381,4381,0,0,0,4381
0x49f507,100%,0,34,34,0,0,0,34
0x4da8dc,100%,0,7479,7479,7479,0,0,0
0x4671dd,100%,0,139,139,0,0,0,139
0x49bcdb,100%,0,3,3,0,0,0,3
0x5e22bd,100%,0,6,6,0,0,0,6
0x4d967e,100%,0,26,26,0,0,0,26
0x5ef229,100%,0,1619,1619,1619,0,0,0
0x469932,100%,0,629,629,629,0,0,0
0x49c361,100%,0,36,36,0,0,0,36
0x466cdb,100%,0,491,491,491,0,0,0
0x49eeb8,100%,0,16,16,0,0,0,16
0x4a71e0,100%,0,153,153,0,0,0,153
0x47850e,100%,0,325,325,0,0,0,325
0x5f0ab4,100%,0,138,138,0,0,0,138
0x467548,100%,0,61,61,0,0,0,61
0x4d1c59,100%,0,25,25,0,0,0,25
0x4dcdcb,100%,0,357,357,357,0,0,0
0x41148d,100%,0,468,468,0,0,0,468
0x469876,100%,0,200,200,200,0,0,0
0x45b082,100%,0,126,126,126,0,0,0
0x47d27a,100%,0,4947,4947,4947,0,0,0
0x4673c6,100%,0,91,91,91,0,0,0
0x45aaee,100%,0,252,252,0,0,0,252
0x4baff0,100%,0,86,86,0,0,0,86
0x4a2b1c,100%,0,83,83,0,0,0,83
0x470886,100%,0,1,1,0,0,0,1
0x4bbd96,100%,0,2184,2184,0,0,0,2184
0x4a4372,100%,0,37,37,0,0,0,37
0x49e75f,100%,0,274,274,274,0,0,0
0x4d17bc,100%,0,309,309,0,0,0,309
0x4781e8,100%,0,21,21,0,0,0,21
0x418e1c,100%,0,516,516,0,0,0,516
0x4adbca,100%,0,192,192,192,0,0,0
0x4ca17a,100%,0,174,174,0,0,0,174
0x4d381c,100%,0,2941,2941,2941,0,0,0
0x40702a,100%,0,10,10,0,0,0,10
0x462cd0,100%,0,36,36,0,0,0,36
0x4c2610,100%,0,21,21,21,0,0,0
0x428080,100%,0,15,15,15,0,0,0
0x49271d,100%,0,3,3,0,0,0,3
0x4ad2ed,100%,0,34,34,0,0,0,34
0x4a46de,100%,0,17,17,17,0,0,0
0x4a574c,100%,0,34,34,0,0,0,34
0x4994a2,100%,0,629,629,0,0,0,629
0x478c96,100%,0,1687,1687,1687,0,0,0
0x4b04f4,100%,0,482,482,0,0,0,482
0x4994b4,100%,0,629,629,0,0,0,629
0x459cd0,100%,0,30,30,0,0,0,30
0x4a2ebf,100%,0,33,33,0,0,0,33
0x46ca14,100%,0,1492,1492,1492,0,0,0
0x4a4368,100%,0,37,37,0,0,0,37
0x45f2c4,100%,0,8,8,0,0,0,8
0x509549,100%,0,30,30,0,0,0,30
0x47bae5,100%,0,26,26,0,0,0,26
0x48c47e,100%,0,189,189,189,0,0,0
0x46ce62,100%,0,24,24,0,0,0,24
0x460744,100%,0,3,3,3,0,0,0
0x46723d,100%,0,139,139,0,0,0,139
0x45b778,100%,0,894,894,0,0,0,894
0x47b718,100%,0,8,8,8,0,0,0
0x47b8c8,100%,0,1796,1796,1796,0,0,0
0x4c52c2,100%,0,1,1,0,0,0,1
0x46d6d5,100%,0,127,127,0,0,0,127
0x4137ef,100%,0,33,33,33,0,0,0
0x5df8d1,100%,0,15,15,0,0,0,15
0x411338,100%,0,468,468,0,0,0,468
0x45979c,100%,0,97,97,0,0,0,97
0x457e81,100%,0,24,24,24,0,0,0
0x406f74,100%,0,11,11,0,0,0,11
0x4434e3,100%,0,468,468,0,0,0,468
0x4214ef,100%,0,19,19,0,0,0,19
0x50f5ad,100%,0,2659,2659,0,0,0,2659
0x49b679,100%,0,36,36,0,0,0,36
0x4a4b50,100%,0,17,17,17,0,0,0
0x4dc0ed,100%,0,97,97,0,0,0,97
0x60a0a6,100%,0,51,51,0,0,0,51
0x4d3ede,100%,0,27,27,0,0,0,27
0x47c64c,100%,0,10,10,0,0,0,10
0x4d6207,100%,0,301,301,0,0,0,301
0x473a09,100%,0,464,464,0,0,0,464
0x47d098,100%,0,9,9,0,0,0,9
0x4d91fa,100%,0,26,26,0,0,0,26
0x4739f6,100%,0,464,464,0,0,0,464
0x469b96,100%,0,120,120,0,0,0,120
0x4192a0,100%,0,43,43,0,0,0,43
0x4de302,100%,0,3,3,0,0,0,3
0x461640,100%,0,627,627,0,0,0,627
0x4b16a1,100%,0,104,104,0,0,0,104
0x45f16f,100%,0,8,8,8,0,0,0
0x47056a,100%,0,1,1,0,0,0,1
0x633960,100%,0,6,6,0,0,0,6
0x4d926f,100%,0,26,26,26,0,0,0
0x4b6e75,100%,0,17,17,0,0,0,17
0x4bc233,100%,0,124,124,0,0,0,124
0x5f0b60,100%,0,40,40,0,0,0,40
0x40272c,100%,0,252,252,252,0,0,0
0x45a34d,100%,0,15,15,0,0,0,15
0x463d23,100%,0,438,438,438,0,0,0
0x464b66,100%,0,15,15,0,0,0,15
0x4996ae,100%,0,629,629,0,0,0,629
0x4d29bf,100%,0,118,118,118,0,0,0
0x45de02,100%,0,309,309,0,0,0,309
0x47bb03,100%,0,103,103,0,0,0,103
0x4172d1,100%,0,134,134,0,0,0,134
0x445ab1,100%,0,468,468,0,0,0,468
0x4d9265,100%,0,26,26,0,0,0,26
0x427a91,100%,0,6,6,0,0,0,6
0x5ef7ab,100%,0,8,8,0,0,0,8
0x41814e,100%,0,1,1,0,0,0,1
0x44581c,100%,0,468,468,0,0,0,468
0x477d7d,100%,0,1518,1518,1518,0,0,0
0x45b892,100%,0,894,894,0,0,0,894
0x460740,100%,0,3,3,0,0,0,3
0x5d8842,100%,0,6,6,0,0,0,6
0x45774a,100%,0,147,147,0,0,0,147
0x467258,100%,0,175,175,0,0,0,175
0x498c5c,100%,0,1212,1212,0,0,0,1212
0x4a11e0,100%,0,35,35,0,0,0,35
0x60988b,100%,0,3,3,0,0,0,3
0x4a4416,100%,0,37,37,0,0,0,37
0x498c9b,100%,0,1234,1234,0,0,0,1234
0x4a50e1,100%,0,20,20,20,0,0,0
0x44a4c3,100%,0,33,33,0,0,0,33
0x45ee34,100%,0,21,21,21,0,0,0
0x4b8e13,100%,0,16,16,16,0,0,0
0x47baf6,100%,0,26,26,0,0,0,26
0x4210cc,100%,0,28,28,0,0,0,28
0x4a5ef1,100%,0,17,17,0,0,0,17
0x4d3dda,100%,0,63,63,0,0,0,63
0x49af03,100%,0,36,36,0,0,0,36
0x445b79,100%,0,234,234,234,0,0,0
0x4dac7e,100%,0,568,568,0,0,0,568
0x4246fb,100%,0,8,8,0,0,0,8
0x4180c4,100%,0,1,1,0,0,0,1
0x4a4b47,100%,0,17,17,0,0,0,17
0x424015,100%,0,12,12,0,0,0,12
0x46782a,100%,0,61,61,0,0,0,61
0x478b9a,100%,0,2141,2141,2141,0,0,0
0x418073,100%,0,1,1,0,0,0,1
0x4a3ad6,100%,0,17,17,0,0,0,17
0x47d6d4,100%,0,8,8,0,0,0,8
0x46e96b,100%,0,932,932,932,0,0,0
0x478b29,100%,0,808,808,808,0,0,0
0x4a51ea,100%,0,20,20,20,0,0,0
0x45c24d,100%,0,482,482,0,0,0,482
0x4615f3,100%,0,639,639,639,0,0,0
0x47ccd2,100%,0,39,39,0,0,0,39
0x4b9996,100%,0,158,158,0,0,0,158
0x45e98e,100%,0,17,17,0,0,0,17
0x46cecc,100%,0,24,24,0,0,0,24
0x5de53b,100%,0,3,3,0,0,0,3
0x4d1fc1,100%,0,15,15,0,0,0,15
0x461617,100%,0,639,639,639,0,0,0
0x4796fa,100%,0,54,54,0,0,0,54
0x45b5ad,100%,0,21,21,0,0,0,21
0x5de512,100%,0,3,3,0,0,0,3
0x420b0f,100%,0,1319,1319,0,0,0,1319
0x46c328,100%,0,634,634,0,0,0,634
0x410f4c,100%,0,3,3,0,0,0,3
0x4b003d,100%,0,52,52,0,0,0,52
0x458d80,100%,0,29,29,0,0,0,29
0x476bd6,100%,0,222,222,0,0,0,222
0x5de442,100%,0,3,3,0,0,0,3
0x4b475f,100%,0,68,68,0,0,0,68
0x4650dd,100%,0,487,487,0,0,0,487
0x469c2e,100%,0,120,120,0,0,0,120
0x445941,100%,0,468,468,0,0,0,468
0x5df81c,100%,0,3,3,3,0,0,0
0x4d1be4,100%,0,36,36,36,0,0,0
0x469948,100%,0,629,629,0,0,0,629
0x4c6749,100%,0,246,246,0,0,0,246
0x4795a0,100%,0,630,630,630,0,0,0
0x462244,100%,0,6,6,0,0,0,6
0x421a8e,100%,0,7,7,0,0,0,7
0x477f5b,100%,0,324,324,324,0,0,0
0x609b37,100%,0,48,48,0,0,0,48
0x4a2727,100%,0,33,33,0,0,0,33
0x476e8b,100%,0,4442,4442,0,0,0,4442
0x47c2a8,100%,0,30,30,0,0,0,30
0x465882,100%,0,85,85,0,0,0,85
0x46e91a,100%,0,497,497,0,0,0,497
0x4dae15,100%,0,755,755,755,0,0,0
0x5de4c6,100%,0,3,3,0,0,0,3
0x465832,100%,0,6,6,0,0,0,6
0x499715,100%,0,36,36,36,0,0,0
0x427ec3,100%,0,15,15,0,0,0,15
0x4b999e,100%,0,158,158,0,0,0,158
0x608e30,100%,0,195,195,0,0,0,195
0x47b3e2,100%,0,10220,10220,0,0,0,10220
0x5de5f1,100%,0,6,6,0,0,0,6
0x4ad1da,100%,0,17,17,0,0,0,17
0x427fe5,100%,0,18,18,0,0,0,18
0x4a8bcb,100%,0,36,36,36,0,0,0
0x476bef,100%,0,222,222,222,0,0,0
0x478c54,100%,0,2144,2144,2144,0,0,0
0x4b5feb,100%,0,17,17,0,0,0,17
0x4282ce,100%,0,15,15,0,0,0,15
0x50fc92,100%,0,1352,1352,0,0,0,1352
0x4bc2c1,100%,0,1929,1929,0,0,0,1929
0x4a2f1f,100%,0,33,33,33,0,0,0
0x4a898e,100%,0,70,70,0,0,0,70
0x4b16de,100%,0,32,32,0,0,0,32
0x5deb1e,100%,0,6,6,6,0,0,0
0x401d2c,100%,0,2678,2678,2678,0,0,0
0x464ed6,100%,0,94,94,0,0,0,94
0x467233,100%,0,139,139,0,0,0,139
0x4dc1c3,100%,0,1,1,0,0,0,1
0x499f6f,100%,0,36,36,0,0,0,36
0x4a2bcd,100%,0,20,20,0,0,0,20
0x4be4fc,100%,0,105,105,105,0,0,0
0x498a74,100%,0,23,23,0,0,0,23
0x45b710,100%,0,894,894,0,0,0,894
0x45b7f0,100%,0,12,12,12,0,0,0
0x4a0894,100%,0,36,36,0,0,0,36
0x4d107d,100%,0,409,409,0,0,0,409
0x4431fd,100%,0,468,468,468,0,0,0
0x4996ca,100%,0,629,629,0,0,0,629
0x4c4073,100%,0,1111,1111,0,0,0,1111
0x4a2eca,100%,0,33,33,0,0,0,33
0x460e58,100%,0,32,32,0,0,0,32
0x4d06d9,100%,0,30,30,30,0,0,0
0x46c9e3,100%,0,287,287,0,0,0,287
0x4274cd,100%,0,12,12,0,0,0,12
0x48e38b,100%,0,29,29,0,0,0,29
0x458cc0,100%,0,29,29,29,0,0,0
0x4cabbd,100%,0,3,3,3,0,0,0
0x4a1252,100%,0,16,16,0,0,0,16
0x41858e,100%,0,2,2,0,0,0,2
0x4c6004,100%,0,9,9,0,0,0,9
0x50b0cf,100%,0,2,2,0,0,0,2
0x47c0c5,100%,0,231,231,0,0,0,231
0x45fcdf,100%,0,3,3,0,0,0,3
0x5decb3,100%,0,6,6,0,0,0,6
0x4e099d,100%,0,51,51,0,0,0,51
0x4ccb1b,100%,0,429,429,0,0,0,429
0x41b63b,100%,0,5,5,0,0,0,5
0x4d1431,100%,0,6,6,6,0,0,0
0x4cd19c,100%,0,1067,1067,0,0,0,1067
0x4c79bd,100%,0,557,557,557,0,0,0
0x4cd883,100%,0,429,429,429,0,0,0
0x47b6ef,100%,0,2869,2869,0,0,0,2869
0x4cc76a,100%,0,20,20,0,0,0,20
0x4d26f9,100%,0,118,118,0,0,0,118
0x4cce62,100%,0,1799,1799,0,0,0,1799
0x4995cb,100%,0,629,629,0,0,0,629
0x5f1721,100%,0,205,205,0,0,0,205
0x4bc7dc,100%,0,3199,3199,3199,0,0,0
0x4a2ab1,100%,0,83,83,0,0,0,83
0x4784cf,100%,0,325,325,0,0,0,325
0x4bb501,100%,0,289,289,289,0,0,0
0x4658f7,100%,0,85,85,85,0,0,0
0x4a63b6,100%,0,19,19,0,0,0,19
0x4ada0f,100%,0,74,74,0,0,0,74
0x4a63ed,100%,0,19,19,0,0,0,19
0x49ee99,100%,0,16,16,16,0,0,0
0x460080,100%,0,6517,6517,6517,0,0,0
0x459f69,100%,0,18,18,0,0,0,18
0x4a51c6,100%,0,20,20,20,0,0,0
0x4534b6,100%,0,9,9,0,0,0,9
0x4658e4,100%,0,85,85,0,0,0,85
0x5e48e2,100%,0,6,6,0,0,0,6
0x4a3df0,100%,0,67,67,0,0,0,67
0x4a7bbf,100%,0,53,53,0,0,0,53
0x4cbd2c,100%,0,46,46,0,0,0,46
0x458a36,100%,0,40,40,0,0,0,40
0x443649,100%,0,468,468,0,0,0,468
0x4cb3a6,100%,0,2979,2979,2979,0,0,0
0x478306,100%,0,753,753,0,0,0,753
0x408b17,100%,0,5,5,0,0,0,5
0x4ba002,100%,0,57,57,0,0,0,57
0x46cc22,100%,0,76,76,0,0,0,76
0x4dde53,100%,0,1,1,0,0,0,1
0x5f1db3,100%,0,35,35,0,0,0,35
0x469686,100%,0,429,429,0,0,0,429
0x4d1c29,100%,0,36,36,0,0,0,36
0x47befd,100%,0,212,212,0,0,0,212
0x487b4c,100%,0,42,42,0,0,0,42
0x4584a0,100%,0,11,11,0,0,0,11
0x49ee5f,100%,0,36,36,0,0,0,36
0x4cc346,100%,0,29,29,29,0,0,0
0x47cd70,100%,0,4956,4956,4956,0,0,0
0x4deaee,100%,0,27,27,0,0,0,27
0x49ac48,100%,0,20,20,0,0,0,20
0x4703c9,100%,0,468,468,0,0,0,468
0x4a8b95,100%,0,36,36,0,0,0,36
0x4d9663,100%,0,26,26,0,0,0,26
0x4bb962,100%,0,70,70,70,0,0,0
0x5ef185,100%,0,1619,1619,0,0,0,1619
0x499298,100%,0,768,768,0,0,0,768
0x458d45,100%,0,29,29,0,0,0,29
0x4cd1b0,100%,0,1067,1067,0,0,0,1067
0x5d8b35,100%,0,6,6,0,0,0,6
0x47bb4f,100%,0,4,4,4,0,0,0
0x4a8451,100%,0,193,193,0,0,0,193
0x4bd3fd,100%,0,41,41,0,0,0,41
0x4593be,100%,0,15,15,0,0,0,15
0x4cd17e,100%,0,1067,1067,1067,0,0,0
0x478ce9,100%,0,1687,1687,0,0,0,1687
0x4d813b,100%,0,468,468,0,0,0,468
0x4c3b0a,100%,0,1209,1209,0,0,0,1209
0x48e574,100%,0,8,8,0,0,0,8
0x46d868,100%,0,1139,1139,0,0,0,1139
0x421afb,100%,0,1248,1248,0,0,0,1248
0x60b36e,100%,0,57,57,57,0,0,0
0x4a8707,100%,0,157,157,0,0,0,157
0x4996d6,100%,0,629,629,0,0,0,629
0x4cec5e,100%,0,1366,1366,1366,0,0,0
0x4d79d8,100%,0,8,8,0,0,0,8
0x470036,100%,0,11538,11538,0,0,0,11538
0x46c7bb,100%,0,967,967,967,0,0,0
0x4ba642,100%,0,1070,1070,1070,0,0,0
0x476c68,100%,0,222,222,0,0,0,222
0x4a457b,100%,0,37,37,0,0,0,37
0x46f28f,100%,0,47,47,0,0,0,47
0x421315,100%,0,1,1,0,0,0,1
0x5df623,100%,0,6,6,6,0,0,0
0x633886,100%,0,51,51,0,0,0,51
0x459fff,100%,0,18,18,0,0,0,18
0x4b95a5,100%,0,7401,7401,7401,0,0,0
0x46742b,100%,0,91,91,91,0,0,0
0x46d897,100%,0,1139,1139,0,0,0,1139
0x4782c6,100%,0,753,753,0,0,0,753
0x479093,100%,0,210,210,0,0,0,210
0x4b99fe,100%,0,733,733,0,0,0,733
0x40a629,100%,0,6226,6226,6226,0,0,0
0x41d36d,100%,0,16,16,0,0,0,16
0x47657a,100%,0,442,442,0,0,0,442
0x419933,100%,0,64,64,0,0,0,64
0x4d403b,100%,0,141,141,0,0,0,141
0x5d874b,100%,0,6,6,6,0,0,0
0x46cf19,100%,0,496,496,0,0,0,496
0x406ca8,100%,0,11,11,0,0,0,11
0x4706f8,100%,0,1,1,0,0,0,1
0x45c289,100%,0,69,69,0,0,0,69
0x50b00b,100%,0,111,111,0,0,0,111
0x4b1908,100%,0,180,180,0,0,0,180
0x4a85a6,100%,0,157,157,157,0,0,0
0x48d0c9,100%,0,349,349,0,0,0,349
0x4c7a94,100%,0,559,559,0,0,0,559
0x4ac9c6,100%,0,34,34,0,0,0,34
0x45b04a,100%,0,90,90,0,0,0,90
0x4a285d,100%,0,83,83,0,0,0,83
0x458c68,100%,0,20,20,0,0,0,20
0x45b06f,100%,0,126,126,0,0,0,126
0x426995,100%,0,5,5,0,0,0,5
0x46c7d2,100%,0,967,967,967,0,0,0
0x46c7fc,100%,0,967,967,0,0,0,967
0x401f34,100%,0,6,6,0,0,0,6
0x5fa4d8,100%,0,1,1,0,0,0,1
0x4cfad9,100%,0,1163,1163,1163,0,0,0
0x467980,100%,0,30,30,0,0,0,30
0x44febe,100%,0,9,9,0,0,0,9
0x42090a,100%,0,1263,1263,0,0,0,1263
0x414ffc,100%,0,429,429,0,0,0,429
0x402801,100%,0,2385,2385,2385,0,0,0
0x45b08c,100%,0,101,101,101,0,0,0
0x45fbdd,100%,0,3,3,0,0,0,3
0x4d1402,100%,0,430,430,0,0,0,430
0x478515,100%,0,325,325,325,0,0,0
0x4b6e82,100%,0,17,17,0,0,0,17
0x48c3c8,100%,0,189,189,0,0,0,189
0x4cd52f,100%,0,1067,1067,0,0,0,1067
0x4cb65b,100%,0,444,444,0,0,0,444
0x4573cf,100%,0,114,114,114,0,0,0
0x4d405d,100%,0,141,141,141,0,0,0
0x4706ef,100%,0,1,1,0,0,0,1
0x609e46,100%,0,15,15,0,0,0,15
0x406ba8,100%,0,54,54,0,0,0,54
0x457dcc,100%,0,255,255,0,0,0,255
0x608d58,100%,0,203,203,0,0,0,203
0x5f7c1a,100%,0,21,21,0,0,0,21
0x47874d,100%,0,6,6,0,0,0,6
0x5ef796,100%,0,8,8,0,0,0,8
0x4a3588,100%,0,16,16,0,0,0,16
0x50f9cf,100%,0,19,19,19,0,0,0
0x4d7e53,100%,0,471,471,0,0,0,471
0x4c529e,100%,0,1,1,0,0,0,1
0x408df6,100%,0,24,24,0,0,0,24
0x46980a,100%,0,429,429,0,0,0,429
0x41175e,100%,0,444,444,0,0,0,444
0x407994,100%,0,10,10,0,0,0,10
0x45de61,100%,0,309,309,0,0,0,309
0x49ca99,100%,0,569,569,0,0,0,569
0x4b8baa,100%,0,14969,14969,14969,0,0,0
0x4c3b13,100%,0,1209,1209,1209,0,0,0
0x608f62,100%,0,195,195,195,0,0,0
0x4a5f0f,100%,0,17,17,17,0,0,0
0x4c3c10,100%,0,1234,1234,0,0,0,1234
0x46ccc4,100%,0,76,76,0,0,0,76
0x408edf,100%,0,24,24,24,0,0,0
0x46f17e,100%,0,16,16,0,0,0,16
0x45a01f,100%,0,18,18,0,0,0,18
0x4b9d3a,100%,0,733,733,733,0,0,0
0x45fe64,100%,0,3,3,0,0,0,3
0x418eed,100%,0,26,26,0,0,0,26
0x4ba792,100%,0,14,14,0,0,0,14
0x477e5d,100%,0,157,157,0,0,0,157
0x469c6a,100%,0,120,120,0,0,0,120
0x459794,100%,0,5,5,5,0,0,0
0x50f7c6,100%,0,14,14,0,0,0,14
0x478d60,100%,0,117,117,0,0,0,117
0x4ba769,100%,0,14,14,0,0,0,14
0x497aa4,100%,0,3,3,0,0,0,3
0x609f88,100%,0,13,13,0,0,0,13
0x609f77,100%,0,13,13,0,0,0,13
0x5de936,100%,0,3,3,0,0,0,3
0x477117,100%,0,12,12,0,0,0,12
0x609c0b,100%,0,7,7,0,0,0,7
0x4df214,100%,0,48,48,0,0,0,48
0x45fe54,100%,0,3,3,0,0,0,3
0x421562,100%,0,86,86,0,0,0,86
0x4dc2e1,100%,0,96,96,0,0,0,96
0x4d7df8,100%,0,86,86,0,0,0,86
0x49ed82,100%,0,34,34,34,0,0,0
0x5ee9a1,100%,0,218,218,0,0,0,218
0x4d7d78,100%,0,1,1,0,0,0,1
0x47cabd,100%,0,3808,3808,0,0,0,3808
0x498a50,100%,0,20,20,0,0,0,20
0x4d59ec,100%,0,8,8,0,0,0,8
0x4d7d72,100%,0,1,1,0,0,0,1
0x469eed,100%,0,25,25,0,0,0,25
0x4a3f9f,100%,0,83,83,83,0,0,0
0x4d79e5,100%,0,8,8,8,0,0,0
0x47a05f,100%,0,161,161,0,0,0,161
0x47bab6,100%,0,111,111,0,0,0,111
0x479fc4,100%,0,161,161,0,0,0,161
0x458e99,100%,0,5,5,5,0,0,0
0x609a8b,100%,0,3,3,0,0,0,3
0x4d8e45,100%,0,20,20,0,0,0,20
0x4d8d38,100%,0,20,20,0,0,0,20
0x4acbf2,100%,0,34,34,34,0,0,0
0x42152d,100%,0,8,8,0,0,0,8
0x47decc,100%,0,3,3,0,0,0,3
0x4d5cb4,100%,0,20,20,0,0,0,20
0x47b08d,100%,0,8,8,0,0,0,8
0x4d0ad7,100%,0,21,21,0,0,0,21
0x608e45,100%,0,195,195,0,0,0,195
0x4d79de,100%,0,8,8,0,0,0,8
0x4d0a6b,100%,0,21,21,21,0,0,0
0x46f54a,100%,0,16,16,0,0,0,16
0x4112e4,100%,0,468,468,0,0,0,468
0x46efc5,100%,0,16,16,0,0,0,16
0x47820b,100%,0,753,753,0,0,0,753
0x4a44c8,100%,0,17,17,17,0,0,0
0x45769d,100%,0,147,147,0,0,0,147
0x49c3bb,100%,0,33,33,33,0,0,0
0x5f0b56,100%,0,40,40,0,0,0,40
0x492607,100%,0,3,3,0,0,0,3
0x5ee8e9,100%,0,192,192,0,0,0,192
0x60a017,100%,0,27,27,0,0,0,27
0x41b06a,100%,0,66,66,66,0,0,0
0x4a6628,100%,0,34,34,0,0,0,34
0x4ccace,100%,0,429,429,0,0,0,429
0x4a6502,100%,0,19,19,0,0,0,19
0x49bb87,100%,0,36,36,0,0,0,36
0x459050,100%,0,9,9,0,0,0,9
0x4a132a,100%,0,16,16,16,0,0,0
0x49ba4b,100%,0,36,36,36,0,0,0
0x48c0ed,100%,0,103,103,0,0,0,103
0x47c57b,100%,0,138,138,0,0,0,138
0x50f9a4,100%,0,19,19,0,0,0,19
0x4137a3,100%,0,3,3,0,0,0,3
0x50f963,100%,0,19,19,0,0,0,19
0x50f954,100%,0,19,19,0,0,0,19
0x4b9c36,100%,0,198,198,0,0,0,198
0x50f873,100%,0,19,19,19,0,0,0
0x4bdeec,100%,0,16,16,0,0,0,16
0x48bdde,100%,0,71,71,0,0,0,71
0x44365b,100%,0,468,468,0,0,0,468
0x4a6400,100%,0,19,19,0,0,0,19
0x48bfe8,100%,0,103,103,0,0,0,103
0x4a63cd,100%,0,19,19,19,0,0,0
0x4c60c1,100%,0,9,9,0,0,0,9
0x4a89bb,100%,0,70,70,0,0,0,70
0x4a89aa,100%,0,70,70,0,0,0,70
0x4a8981,100%,0,70,70,0,0,0,70
0x4a896a,100%,0,36,36,0,0,0,36
0x413ae9,100%,0,3,3,3,0,0,0
0x4cd22e,100%,0,429,429,0,0,0,429
0x609e65,100%,0,15,15,0,0,0,15
0x4a5b74,100%,0,3,3,0,0,0,3
0x47c94d,100%,0,28,28,0,0,0,28
0x427ab7,100%,0,6,6,0,0,0,6
0x4925ac,100%,0,3,3,0,0,0,3
0x427a6b,100%,0,27,27,0,0,0,27
0x413653,100%,0,40,40,0,0,0,40
0x420d33,100%,0,55,55,0,0,0,55
0x47c63b,100%,0,10,10,0,0,0,10
0x4ac01f,100%,0,20,20,0,0,0,20
0x4a7b0e,100%,0,54,54,0,0,0,54
0x45a1f3,100%,0,15,15,15,0,0,0
0x4abf08,100%,0,20,20,0,0,0,20
0x5ef7a4,100%,0,8,8,0,0,0,8
0x4654d8,100%,0,9,9,0,0,0,9
0x4dfad8,100%,0,63,63,63,0,0,0
0x4abe5d,100%,0,86,86,0,0,0,86
0x4abe34,100%,0,86,86,0,0,0,86
0x45eff1,100%,0,8,8,8,0,0,0
0x4abe1c,100%,0,86,86,0,0,0,86
0x4ccb10,100%,0,429,429,0,0,0,429
0x4ccaf9,100%,0,429,429,0,0,0,429
0x464eb9,100%,0,94,94,0,0,0,94
0x49bcc6,100%,0,3,3,0,0,0,3
0x484421,100%,0,42,42,0,0,0,42
0x415023,100%,0,429,429,0,0,0,429
0x49bc72,100%,0,3,3,0,0,0,3
0x4e2894,100%,0,72,72,0,0,0,72
0x4cf86d,100%,0,276,276,0,0,0,276
0x5fa23f,100%,0,366,366,0,0,0,366
0x4e06a4,100%,0,51,51,51,0,0,0
0x5ded63,100%,0,6,6,0,0,0,6
0x4df132,100%,0,24,24,0,0,0,24
0x4deca3,100%,0,15,15,0,0,0,15
0x4e2c34,100%,0,27,27,0,0,0,27
0x4e17ad,100%,0,33,33,33,0,0,0
0x4e17a8,100%,0,33,33,0,0,0,33
0x4e0b42,100%,0,33,33,0,0,0,33
0x418588,100%,0,2,2,0,0,0,2
0x5df34b,100%,0,6,6,0,0,0,6
0x4054cf,100%,0,9,9,0,0,0,9
0x5fa536,100%,0,99,99,0,0,0,99
0x4a2d95,100%,0,19,19,0,0,0,19
0x4a3ae8,100%,0,17,17,17,0,0,0
0x4a2439,100%,0,3,3,0,0,0,3
0x4a28a1,100%,0,83,83,0,0,0,83
0x4e0e28,100%,0,6,6,0,0,0,6
0x4e05dd,100%,0,72,72,0,0,0,72
0x426ce3,100%,0,8,8,0,0,0,8
0x60980c,100%,0,37,37,0,0,0,37
0x4dff55,100%,0,72,72,72,0,0,0
0x420917,100%,0,1263,1263,0,0,0,1263
0x4a70d5,100%,0,34,34,0,0,0,34
0x5ddbb7,100%,0,6,6,6,0,0,0
0x4df8a1,100%,0,63,63,0,0,0,63
0x41b297,100%,0,126,126,126,0,0,0
0x608bb1,100%,0,309,309,0,0,0,309
0x49ce80,100%,0,430,430,0,0,0,430
0x40174a,100%,0,733,733,0,0,0,733
0x47df00,100%,0,3,3,0,0,0,3
0x4015bf,100%,0,733,733,733,0,0,0
0x4015b3,100%,0,733,733,0,0,0,733
0x4c3ec7,100%,0,107,107,0,0,0,107
0x4b9b4f,100%,0,44,44,0,0,0,44
0x4027f1,100%,0,2385,2385,2385,0,0,0
0x5fa2d7,100%,0,23,23,0,0,0,23
0x4bbba6,100%,0,112,112,0,0,0,112
0x6097bb,100%,0,4,4,0,0,0,4
0x4a3eb9,100%,0,16,16,0,0,0,16
0x4b6a39,100%,0,17,17,0,0,0,17
0x4d8b80,100%,0,126,126,126,0,0,0
0x4e2b65,100%,0,3,3,0,0,0,3
0x4b99ba,100%,0,611,611,611,0,0,0
0x4dfb96,100%,0,3,3,0,0,0,3
0x4b958e,100%,0,611,611,611,0,0,0
0x465842,100%,0,6,6,0,0,0,6
0x4bbae9,100%,0,112,112,112,0,0,0
0x4e1571,100%,0,33,33,0,0,0,33
0x4e1024,100%,0,33,33,0,0,0,33
0x4e14ae,100%,0,18,18,18,0,0,0
0x4e0fbf,100%,0,18,18,18,0,0,0
0x4ace31,100%,0,34,34,0,0,0,34
0x420841,100%,0,173,173,0,0,0,173
0x401fc3,100%,0,3546,3546,3546,0,0,0
0x5ded22,100%,0,12,12,0,0,0,12
0x4ddb8f,100%,0,18,18,0,0,0,18
0x4cc766,100%,0,20,20,0,0,0,20
0x48dc40,100%,0,3,3,0,0,0,3
0x48d694,100%,0,9,9,0,0,0,9
0x4ddb77,100%,0,18,18,0,0,0,18
0x45ac2f,100%,0,3,3,0,0,0,3
0x4ddafd,100%,0,18,18,0,0,0,18
0x41b1e9,100%,0,126,126,0,0,0,126
0x4ddae2,100%,0,18,18,0,0,0,18
0x4a883b,100%,0,33,33,0,0,0,33
0x47c947,100%,0,28,28,0,0,0,28
0x4dda87,100%,0,18,18,0,0,0,18
0x48c0bb,100%,0,103,103,0,0,0,103
0x4b9732,100%,0,103,103,103,0,0,0
0x4115c1,100%,0,3,3,0,0,0,3
0x4437fc,100%,0,468,468,0,0,0,468
0x459808,100%,0,1,1,0,0,0,1
0x609bf0,100%,0,1,1,0,0,0,1
0x427498,100%,0,3,3,0,0,0,3
0x42748f,100%,0,3,3,0,0,0,3
0x466cba,100%,0,491,491,0,0,0,491
0x47a11a,100%,0,161,161,0,0,0,161
0x4d7c45,100%,0,87,87,0,0,0,87
0x47a0ad,100%,0,161,161,0,0,0,161
0x4b6bb0,100%,0,17,17,0,0,0,17
0x47a09b,100%,0,161,161,0,0,0,161
0x5de92e,100%,0,3,3,0,0,0,3
0x4df6bd,100%,0,21,21,0,0,0,21
0x4df39a,100%,0,21,21,0,0,0,21
0x5f9417,100%,0,21,21,0,0,0,21
0x5d862c,100%,0,6,6,0,0,0,6
0x5f7c15,100%,0,21,21,0,0,0,21
0x5f7bfd,100%,0,21,21,0,0,0,21
0x4df33a,100%,0,21,21,21,0,0,0
0x48bd24,100%,0,529,529,0,0,0,529
0x41132f,100%,0,468,468,0,0,0,468
0x4deb1d,100%,0,15,15,15,0,0,0
0x428a7b,100%,0,468,468,0,0,0,468
0x5de6e8,100%,0,6,6,0,0,0,6
0x5f7898,100%,0,3,3,0,0,0,3
0x4c587f,100%,0,234,234,0,0,0,234
0x49833e,100%,0,3,3,0,0,0,3
0x498334,100%,0,3,3,0,0,0,3
0x4b9249,100%,0,16,16,0,0,0,16
0x608edb,100%,0,195,195,0,0,0,195
0x4c52b5,100%,0,1,1,0,0,0,1
0x4b3e8c,100%,0,34,34,34,0,0,0
0x497a3d,100%,0,3,3,0,0,0,3
0x497a30,100%,0,3,3,0,0,0,3
0x462b76,100%,0,12,12,0,0,0,12
0x48c8c4,100%,0,4615,4615,0,0,0,4615
0x48ccf4,100%,0,324,324,0,0,0,324
0x48cc1c,100%,0,324,324,0,0,0,324
0x41807b,100%,0,1,1,0,0,0,1
0x4458e3,100%,0,468,468,468,0,0,0
0x4786c6,100%,0,6,6,0,0,0,6
0x4207f5,100%,0,173,173,0,0,0,173
0x60a26e,100%,0,843,843,0,0,0,843
0x4b59e3,100%,0,17,17,0,0,0,17
0x5de4d4,100%,0,3,3,0,0,0,3
0x46020c,100%,0,3,3,0,0,0,3
0x418c9a,100%,0,1258,1258,0,0,0,1258
0x5f1730,100%,0,205,205,0,0,0,205
0x4b95d1,100%,0,611,611,611,0,0,0
0x427dba,100%,0,34,34,0,0,0,34
0x41afbf,100%,0,89,89,89,0,0,0
0x4799e8,100%,0,18,18,18,0,0,0
0x4a44b5,100%,0,17,17,0,0,0,17
0x45a238,100%,0,15,15,0,0,0,15
0x46cccc,100%,0,76,76,0,0,0,76
0x4d0799,100%,0,154,154,0,0,0,154
0x4d404b,100%,0,141,141,0,0,0,141
0x621021,100%,0,7,7,0,0,0,7
0x4ddaf2,100%,0,18,18,0,0,0,18
0x523cf2,100%,0,6,6,0,0,0,6
0x46ada4,100%,0,1100,1100,0,0,0,1100
0x4c766a,100%,0,94,94,0,0,0,94
0x4ac994,100%,0,34,34,0,0,0,34
0x4d2fdb,100%,0,1501,1501,1501,0,0,0
0x4bdd68,100%,0,579,579,0,0,0,579
0x463b1e,100%,0,9,9,0,0,0,9
0x4b76d9,100%,0,17,17,0,0,0,17
0x4aca82,100%,0,6,6,0,0,0,6
0x4b5ff8,100%,0,17,17,0,0,0,17
0x4c795c,100%,0,2,2,0,0,0,2
0x47b661,100%,0,2869,2869,0,0,0,2869
0x4c5c72,100%,0,550,550,0,0,0,550
0x5def7b,100%,0,3,3,0,0,0,3
0x459d36,100%,0,150,150,0,0,0,150
0x4284e1,100%,0,15,15,0,0,0,15
0x48429f,100%,0,42,42,0,0,0,42
0x49cc14,100%,0,569,569,569,0,0,0
0x49f43f,100%,0,68,68,0,0,0,68
0x524855,100%,0,3,3,0,0,0,3
0x5fa4d2,100%,0,1,1,0,0,0,1
0x47c9e4,100%,0,3808,3808,0,0,0,3808
0x479617,100%,0,630,630,630,0,0,0
0x47bebe,100%,0,212,212,212,0,0,0
0x608ec0,100%,0,195,195,0,0,0,195
0x49946e,100%,0,629,629,0,0,0,629
0x49c92d,100%,0,2402,2402,2402,0,0,0
0x477095,100%,0,12,12,0,0,0,12
0x4b6c55,100%,0,17,17,17,0,0,0
0x4d3e00,100%,0,72,72,0,0,0,72
0x460281,100%,0,3,3,3,0,0,0
0x4ace4f,100%,0,34,34,0,0,0,34
0x60a53b,100%,0,39,39,0,0,0,39
0x608c20,100%,0,210,210,0,0,0,210
0x428aa4,100%,0,468,468,0,0,0,468
0x457761,100%,0,147,147,0,0,0,147
0x5de704,100%,0,6,6,0,0,0,6
0x463e2e,100%,0,252,252,0,0,0,252
0x4cd80f,100%,0,429,429,0,0,0,429
0x4ba82d,100%,0,932,932,0,0,0,932
0x4a61ce,100%,0,173,173,0,0,0,173
0x497a99,100%,0,3,3,0,0,0,3
0x41ac53,100%,0,111,111,0,0,0,111
0x41882b,100%,0,43,43,0,0,0,43
0x463c3a,100%,0,2516,2516,2516,0,0,0
0x4c786a,100%,0,2,2,0,0,0,2
0x478f14,100%,0,965,965,0,0,0,965
0x5df5b6,100%,0,3,3,0,0,0,3
0x4799aa,100%,0,18,18,0,0,0,18
0x406f7b,100%,0,11,11,0,0,0,11
0x4790a1,100%,0,210,210,0,0,0,210
0x50f503,100%,0,2970,2970,2970,0,0,0
0x4d65f4,100%,0,1012,1012,0,0,0,1012
0x47d98a,100%,0,438,438,0,0,0,438
0x41d365,100%,0,16,16,0,0,0,16
0x5efae3,100%,0,1619,1619,1619,0,0,0
0x4d2702,100%,0,118,118,118,0,0,0
0x418a3a,100%,0,4720,4720,0,0,0,4720
0x4ca5f9,100%,0,11483,11483,11483,0,0,0
0x4a126d,100%,0,16,16,16,0,0,0
0x4de2e9,100%,0,29,29,0,0,0,29
0x411769,100%,0,444,444,444,0,0,0
0x458a9b,100%,0,54,54,0,0,0,54
0x609bb7,100%,0,94,94,0,0,0,94
0x4535cc,100%,0,9,9,0,0,0,9
0x47661d,100%,0,1066,1066,0,0,0,1066
0x49f43a,100%,0,68,68,0,0,0,68
0x4a4297,100%,0,20,20,0,0,0,20
0x5f0559,100%,0,3305,3305,3305,0,0,0
0x4b9f3d,100%,0,2167,2167,2167,0,0,0
0x4982d4,100%,0,3,3,0,0,0,3
0x506036,100%,0,6,6,0,0,0,6
0x4c40b8,100%,0,1111,1111,0,0,0,1111
0x5ef1a3,100%,0,446,446,0,0,0,446
0x41850b,100%,0,58,58,0,0,0,58
0x48c664,100%,0,2941,2941,0,0,0,2941
0x4a30ba,100%,0,33,33,0,0,0,33
0x459474,100%,0,3,3,0,0,0,3
0x49f147,100%,0,33,33,33,0,0,0
0x499322,100%,0,768,768,768,0,0,0
0x5f315c,100%,0,2659,2659,0,0,0,2659
0x4dfa9c,100%,0,63,63,63,0,0,0
0x4a2681,100%,0,33,33,0,0,0,33
0x4ddb9e,100%,0,18,18,0,0,0,18
0x4a4908,100%,0,3,3,0,0,0,3
0x5f3103,100%,0,2659,2659,0,0,0,2659
0x4182dc,100%,0,2,2,0,0,0,2
0x4d1fcd,100%,0,15,15,0,0,0,15
0x4438e7,100%,0,468,468,0,0,0,468
0x5f30dc,100%,0,2659,2659,0,0,0,2659
0x4842d1,100%,0,42,42,0,0,0,42
0x47823e,100%,0,21,21,0,0,0,21
0x45fe34,100%,0,6526,6526,0,0,0,6526
0x4d8d30,100%,0,20,20,0,0,0,20
0x4a4656,100%,0,20,20,0,0,0,20
0x609ebb,100%,0,67,67,0,0,0,67
0x4655ff,100%,0,268,268,268,0,0,0
0x45dffa,100%,0,4,4,0,0,0,4
0x48c837,100%,0,3451,3451,0,0,0,3451
0x4d18db,100%,0,309,309,0,0,0,309
0x4d7d47,100%,0,1,1,0,0,0,1
0x47c0f4,100%,0,227,227,215,0,0,12
0x4639b7,100%,0,789,789,789,0,0,0
0x408cd4,100%,0,98,98,98,0,0,0
0x458e17,100%,0,20,20,0,0,0,20
0x50b099,100%,0,2,2,2,0,0,0
0x41af76,100%,0,89,89,89,0,0,0
0x5dcf35,100%,0,6,6,0,0,0,6
0x41af6d,100%,0,89,89,0,0,0,89
0x4cc745,100%,0,9,9,0,0,0,9
0x4d8a3c,100%,0,26,26,0,0,0,26
0x47904d,100%,0,10826,10826,0,0,0,10826
0x49ba40,100%,0,36,36,36,0,0,0
0x4649ca,100%,0,15,15,0,0,0,15
0x464927,100%,0,15,15,0,0,0,15
0x4a355f,100%,0,33,33,0,0,0,33
0x458e55,100%,0,18,18,0,0,0,18
0x4d9258,100%,0,26,26,0,0,0,26
0x4d921c,100%,0,26,26,0,0,0,26
0x608e06,100%,0,195,195,0,0,0,195
0x40a570,100%,0,364,364,0,0,0,364
0x4bcf6a,100%,0,16,16,16,0,0,0
0x4beb5a,100%,0,2,2,2,0,0,0
0x476880,100%,0,2,2,0,0,0,2
0x4a8be0,100%,0,36,36,0,0,0,36
0x52484c,100%,0,3,3,0,0,0,3
0x4a88f7,100%,0,70,70,0,0,0,70
0x4abeb6,100%,0,66,66,0,0,0,66
0x478f1e,100%,0,965,965,0,0,0,965
0x47a81d,100%,0,221,221,0,0,0,221
0x4a7365,100%,0,153,153,0,0,0,153
0x478f0b,100%,0,965,965,0,0,0,965
0x4a723d,100%,0,37,37,0,0,0,37
0x4181fb,100%,0,1,1,0,0,0,1
0x4a71f2,100%,0,153,153,153,0,0,0
0x50fadd,100%,0,418,418,0,0,0,418
0x4055eb,100%,0,9,9,0,0,0,9
0x4459da,100%,0,468,468,0,0,0,468
0x4a6faa,100%,0,153,153,0,0,0,153
0x4a6f9d,100%,0,153,153,0,0,0,153
0x48e599,100%,0,8,8,0,0,0,8
0x49c78c,100%,0,19,19,0,0,0,19
0x49c749,100%,0,19,19,0,0,0,19
0x46af32,100%,0,15,15,0,0,0,15
0x4a11c1,100%,0,52,52,52,0,0,0
0x50955d,100%,0,30,30,0,0,0,30
0x4657a4,100%,0,208,208,208,0,0,0
0x4a5234,100%,0,54,54,0,0,0,54
0x4a5213,100%,0,20,20,20,0,0,0
0x4671f3,100%,0,101,101,0,0,0,101
0x49af76,100%,0,20,20,20,0,0,0
0x45c2a2,100%,0,53,53,53,0,0,0
0x4a7517,100%,0,153,153,153,0,0,0
0x45a0eb,100%,0,18,18,18,0,0,0
0x4d2e0a,100%,0,3,3,0,0,0,3
0x4840d0,100%,0,21,21,0,0,0,21
0x4dc436,100%,0,1,1,0,0,0,1
0x4a8563,100%,0,193,193,193,0,0,0
0x45ebf3,100%,0,17,17,0,0,0,17
0x4e0e07,100%,0,39,39,0,0,0,39
0x4a8803,100%,0,100,100,0,0,0,100
0x45a094,100%,0,18,18,0,0,0,18
0x5dd9a1,100%,0,6,6,0,0,0,6
0x478724,100%,0,6,6,0,0,0,6
0x4d70bd,100%,0,1,1,0,0,0,1
0x428544,100%,0,12,12,0,0,0,12
0x45fa38,100%,0,3,3,0,0,0,3
0x4d2565,100%,0,118,118,0,0,0,118
0x41b305,100%,0,126,126,0,0,0,126
0x4438cc,100%,0,468,468,0,0,0,468
0x4457d2,100%,0,468,468,0,0,0,468
0x459fe8,100%,0,18,18,0,0,0,18
0x405496,100%,0,9,9,0,0,0,9
0x4a77ea,100%,0,107,107,0,0,0,107
0x478732,100%,0,6,6,0,0,0,6
0x4d5e44,100%,0,18,18,0,0,0,18
0x4b24d2,100%,0,17,17,0,0,0,17
0x45da0a,100%,0,5,5,0,0,0,5
0x47a3da,100%,0,940,940,0,0,0,940
0x4d63f8,100%,0,170,170,0,0,0,170
0x41ab4d,100%,0,43,43,0,0,0,43
0x4583e6,100%,0,9,9,9,0,0,0
0x609ab4,100%,0,43,43,0,0,0,43
0x46ca04,100%,0,1492,1492,0,0,0,1492
0x45a7cf,100%,0,81,81,0,0,0,81
0x609db6,100%,0,29,29,0,0,0,29
0x46af24,100%,0,15,15,0,0,0,15
0x463e4b,100%,0,438,438,438,0,0,0
0x4de2be,100%,0,3,3,0,0,0,3
0x4a7328,100%,0,116,116,116,0,0,0
0x4dfaf4,100%,0,63,63,0,0,0,63
0x608c0b,100%,0,210,210,0,0,0,210
0x4d70ae,100%,0,1,1,0,0,0,1
0x4d0a25,100%,0,21,21,21,0,0,0
0x4c2832,100%,0,5880,5880,5880,0,0,0
0x633416,100%,0,9,9,0,0,0,9
0x4c4d9c,100%,0,87,87,0,0,0,87
0x420807,100%,0,173,173,0,0,0,173
0x497c6e,100%,0,3,3,3,0,0,0
0x45d995,100%,0,5,5,5,0,0,0
0x49bb5a,100%,0,36,36,0,0,0,36
0x4c5260,100%,0,1,1,0,0,0,1
0x4d9686,100%,0,26,26,0,0,0,26
0x4b22ee,100%,0,12,12,12,0,0,0
0x4a516f,100%,0,20,20,20,0,0,0
