Branch PC,Accuracy,Mispredictions,Correct Predictions,Total,dir_t_pred_t,dir_t_pred_nt,dir_nt_pred_t,dir_nt_pred_nt
aggregate,99.6356%,103859,28394749,28498608,23903728,36296,67563,4491021
0x8e36ee,99.1303%,4723,538345,543068,493964,332,4391,44381
0x78afb8,97.2454%,1428,50412,51840,49047,490,938,1365
0x87a868,95.0424%,1285,24635,25920,18727,687,598,5908
0x873a36,95.3395%,1208,24712,25920,22395,574,634,2317
0x8e376d,97.5867%,1177,47595,48772,47082,320,857,513
0x873961,95.4668%,1175,24745,25920,21492,557,618,3253
0x87dd1c,95.3666%,1174,24164,25338,6239,525,649,17925
0x8739c4,95.5054%,1165,24755,25920,22459,510,655,2296
0x873b44,95.5131%,1163,24757,25920,2320,631,532,22437
0x873b84,95.5208%,1161,24759,25920,2297,654,507,22462
0x873bc4,95.544%,1155,24765,25920,2292,659,496,22473
0x873ae4,95.5633%,1150,24770,25920,22458,511,639,2312
0x86da87,99.1382%,860,98932,99792,75505,455,405,23427
0x873c1c,96.8364%,820,25100,25920,24748,189,631,352
0x7803bc,89.3428%,814,6824,7638,6217,301,513,607
0x86de67,99.2264%,772,99020,99792,74933,394,378,24087
0x8e3f1f,99.7884%,767,361637,362404,361637,49,718,0
0x77e3c3,98.8503%,596,51244,51840,36451,354,242,14793
0x873664,97.7045%,595,25325,25920,24385,246,349,940
0x77e1b3,98.8522%,595,51245,51840,36483,322,273,14762
0x77e313,98.8638%,589,51251,51840,36470,335,254,14781
0x873905,97.7353%,587,25333,25920,24399,232,355,934
0x873825,97.7353%,587,25333,25920,24398,233,354,935
0x8736e4,97.7392%,586,25334,25920,24372,259,327,962
0x873883,97.7894%,573,25347,25920,968,321,252,24379
0x77e124,98.8922%,568,50707,51275,14782,253,315,35925
0x77b113,98.902%,563,50712,51275,35919,321,242,14793
0x873783,97.8819%,549,25371,25920,973,316,233,24398
0x780705,97.8774%,541,24947,25488,17753,340,201,7194
0x77e263,98.9622%,538,51302,51840,36488,317,221,14814
0x64a9f8,99.0736%,535,57215,57750,19610,268,267,37605
0x780378,97.9559%,521,24967,25488,17501,349,172,7466
0x780794,98.1599%,469,25019,25488,17798,295,174,7221
0x64a9c3,99.1913%,467,57283,57750,12713,199,268,44570
0x78072c,93.7255%,464,6931,7395,5782,188,276,1149
0x794f89,98.5898%,463,32369,32832,24662,271,192,7707
0x873168,98.29%,458,26326,26784,8364,219,239,17962
0x64aa77,99.2087%,457,57293,57750,56538,57,400,755
0x78b037,99.1281%,452,51388,51840,50838,42,410,550
0x65f976,98.6472%,450,32814,33264,24854,255,195,7960
0x780a17,98.2333%,446,24799,25245,17590,260,186,7209
0x831aa3,98.6863%,437,32827,33264,7740,204,233,25087
0x780689,98.2888%,432,24813,25245,17566,284,148,7247
0x7863fa,98.6933%,429,32403,32832,24477,249,180,7926
0x7a8a67,98.7163%,427,32837,33264,7972,183,244,24865
0x7d4f49,98.7253%,424,32840,33264,24861,248,176,7979
0x65f8f7,98.7314%,422,32842,33264,24879,230,192,7963
0x780814,98.3522%,420,25068,25488,17824,269,151,7244
0x831c24,98.7584%,413,32851,33264,7768,176,237,25083
0x87397c,88.0753%,412,3043,3455,2843,108,304,200
0x65f876,98.7734%,408,32856,33264,24898,211,197,7958
0x831b34,98.7765%,407,32857,33264,25096,224,183,7761
0x795199,98.7604%,407,32425,32832,24491,235,172,7934
0x7a89a7,98.7975%,400,32864,33264,7973,182,218,24891
0x7eed97,98.6173%,395,28172,28567,20700,228,167,7472
0x64b3a7,98.8215%,392,32872,33264,25293,234,158,7579
0x7db0eb,98.4877%,392,25528,25920,17881,239,153,7647
0x780874,98.5013%,382,25106,25488,7241,154,228,17865
0x87da65,98.5013%,382,25106,25488,17606,244,138,7500
0x64ebc7,98.8302%,379,32021,32400,24239,217,162,7782
0x7a1c86,98.5326%,374,25114,25488,17633,217,157,7481
0x786342,95.4108%,372,7734,8106,310,274,98,7424
0x831b93,98.8877%,370,32894,33264,7782,162,208,25112
0x87beec,98.5876%,360,25128,25488,7490,148,212,17638
0x87daf4,98.6033%,356,25132,25488,17623,227,129,7509
0x87bfc7,98.615%,353,25135,25488,18103,203,150,7032
0x7a3cf5,98.6229%,351,25137,25488,17623,227,124,7514
0x7db02b,98.6651%,346,25574,25920,18079,203,143,7495
0x878016,98.6543%,343,25145,25488,17638,212,131,7507
0x87db73,98.6896%,334,25154,25488,17655,195,139,7499
0x7a3a65,98.6974%,332,25156,25488,17643,207,125,7513
0x780749,98.7013%,331,25157,25488,24979,37,294,178
0x795091,95.9166%,331,7775,8106,335,249,82,7440
0x7a3b44,98.7406%,321,25167,25488,17652,198,123,7515
0x873993,98.7616%,321,25599,25920,25418,22,299,181
0x7803ec,98.7641%,315,25173,25488,24972,44,271,201
0x87a886,98.7963%,312,25608,25920,25411,29,283,197
0x794f11,96.1388%,305,7594,7899,327,241,64,7267
0x7d4e91,96.309%,301,7854,8155,322,268,33,7532
0x7a3de4,98.8191%,301,25187,25488,17660,190,111,7527
0x873b99,98.8503%,298,25622,25920,25426,14,284,196
0x87b673,98.8619%,295,25625,25920,7524,114,181,18101
0x873b59,98.8619%,295,25625,25920,25435,5,290,190
0x879bd6,98.8773%,291,25629,25920,7683,117,174,17946
0x873bd9,98.8773%,291,25629,25920,25435,5,286,194
0x873a98,98.9005%,285,25635,25920,25421,19,266,214
0x87dd41,98.8818%,285,25203,25488,24996,20,265,207
0x794fac,99.1472%,280,32552,32832,32156,68,212,396
0x7dafd5,96.3603%,278,7360,7638,296,236,42,7064
0x86dab6,99.7234%,276,99516,99792,97920,24,252,1596
0x7806b7,98.925%,274,25214,25488,25009,7,267,205
0x64a181,99.4186%,274,46850,47124,46189,11,263,661
0x8739fb,98.9468%,273,25647,25920,25424,16,257,223
0x86de8c,99.7284%,271,99521,99792,97921,23,248,1600
0x873b16,98.9622%,269,25651,25920,25428,12,257,223
0x8736a0,79.1311%,269,1020,1289,872,108,161,148
0x7a1c0e,96.5567%,263,7375,7638,7033,73,190,342
0x7951c4,99.202%,262,32570,32832,32197,27,235,373
0x77e1da,99.5004%,259,51581,51840,50851,29,230,730
0x7950b3,99.2111%,259,32573,32832,32167,57,202,406
0x7807cd,98.9917%,257,25231,25488,24992,24,233,239
0x7d4f73,99.2304%,256,33008,33264,32615,33,223,393
0x873974,93.4642%,253,3618,3871,224,192,61,3394
0x7db095,96.8333%,247,7553,7800,340,203,44,7213
0x77e136,99.5293%,244,51596,51840,50850,30,214,746
0x77ee48,99.0466%,243,25245,25488,20297,119,124,4948
0x7a1cb7,99.0662%,238,25250,25488,24964,52,186,286
0x786423,99.2812%,236,32596,32832,32192,32,204,404
0x77e3ea,99.5505%,233,51607,51840,50838,42,191,769
0x87dab3,99.0858%,233,25255,25488,24994,22,211,261
0x786364,99.3056%,228,32604,32832,32177,47,181,427
0x873c45,99.1242%,227,25693,25920,25428,12,215,265
0x7db051,99.1281%,226,25694,25920,25413,27,199,281
0x7db0ba,99.1358%,224,25696,25920,25409,31,193,287
0x96b86e,99.9058%,224,237466,237690,225039,54,170,12427
0x831c4c,99.3296%,223,33041,33264,32629,19,204,412
0x77e33a,99.5737%,221,51619,51840,50845,35,186,774
0x831bea,99.3446%,218,33046,33264,32617,31,187,429
0x7d4eb3,99.3567%,214,33050,33264,32622,26,188,428
0x794f2c,99.3543%,212,32620,32832,32204,20,192,416
0x780a34,99.1722%,211,25277,25488,25009,7,204,268
0x7daff1,99.186%,211,25709,25920,25413,27,184,296
0x64a0fa,99.5544%,210,46914,47124,7235,79,131,39679
0x7db11a,99.1975%,208,25712,25920,25422,18,190,290
0x8767e4,99.2014%,207,25713,25920,25445,43,164,268
0x64a9da,99.6433%,206,57544,57750,5036,82,124,52508
0x831b5a,99.3807%,206,33058,33264,32607,41,165,451
0x7db33f,98.2833%,206,11794,12000,2654,106,100,9140
0x7db329,98.2917%,205,11795,12000,1543,137,68,10252
0x77b127,99.6103%,202,51638,51840,50853,27,175,785
0x77e28a,99.6142%,200,51640,51840,50857,23,177,783
0x7a3b66,99.2153%,200,25288,25488,24970,46,154,318
0x872894,99.4658%,200,37240,37440,37219,29,171,21
0x780884,99.2192%,199,25289,25488,25007,9,190,282
0x7a89d7,99.4048%,198,33066,33264,32625,23,175,441
0x65f914,99.4048%,198,33066,33264,32627,21,177,439
0x87a963,99.2217%,195,24861,25056,24570,22,173,291
0x7a1c37,99.2389%,194,25294,25488,24980,36,158,314
0x650352,99.3766%,192,30608,30800,25391,117,75,5217
0x65f993,99.4228%,192,33072,33264,32625,23,169,447
0x87317c,99.2981%,188,26596,26784,26263,25,163,333
0x78082e,99.2781%,184,25304,25488,24999,17,167,305
0x7a3e06,99.282%,183,25305,25488,24979,37,146,326
0x8737cc,99.3056%,180,25740,25920,25436,4,176,304
0x7a3d19,99.3016%,178,25310,25488,24989,27,151,321
0x794f09,99.4578%,178,32654,32832,24891,42,136,7763
0x7eee57,99.3944%,173,28394,28567,28003,25,148,391
0x7a3a89,99.3252%,172,25316,25488,24999,17,155,317
0x8736b9,99.3364%,172,25748,25920,25428,12,160,320
0x87a918,99.3135%,172,24884,25056,15,147,25,24869
0x78c1b3,99.3364%,172,25748,25920,25742,16,156,6
0x7d4e89,99.4859%,171,33093,33264,25071,38,133,8022
0x87a920,99.3131%,171,24723,24894,24710,22,149,13
0x87bf24,99.3291%,171,25317,25488,25001,15,156,316
0x7a8a9b,99.4859%,171,33093,33264,32632,16,155,461
0x780908,99.3291%,171,25317,25488,25307,19,152,10
0x795089,99.4792%,171,32661,32832,24681,45,126,7980
0x7db313,98.5833%,170,11830,12000,1077,123,47,10753
0x78c123,99.348%,169,25751,25920,25743,15,154,8
0x87db1e,99.3409%,168,25320,25488,24989,27,141,331
0x831afa,99.501%,166,33098,33264,32635,13,153,463
0x78633a,99.5035%,163,32669,32832,24693,33,130,7976
0x873732,99.375%,162,25758,25920,25436,4,158,322
0x8738c8,99.375%,162,25758,25920,25431,9,153,327
0x87391b,99.3789%,161,25759,25920,25437,3,158,322
0x87383b,99.3827%,160,25760,25920,25437,3,157,323
0x65f893,99.525%,158,33106,33264,32623,25,133,483
0x77bf29,99.6959%,155,50821,50976,50578,74,81,243
0x8740ad,99.7073%,153,52119,52272,51627,12,141,492
0x87db91,99.4036%,152,25336,25488,24995,21,131,341
0x77c5e7,99.7018%,152,50824,50976,50579,73,79,245
0x879c03,99.4174%,151,25769,25920,25418,22,129,351
0x797ae7,99.0325%,149,15251,15400,12658,96,53,2593
0x77ee52,97.082%,148,4924,5072,4830,67,81,94
0x7da5b5,99.7164%,147,51693,51840,51289,73,74,404
0x87bfe0,99.4311%,145,25343,25488,24996,20,125,347
0x87da95,98.1016%,145,7493,7638,6961,77,68,532
0x650f37,99.0584%,145,15255,15400,2587,59,86,12668
0x87b69c,99.4406%,145,25775,25920,25433,7,138,342
0x64b3e3,99.5701%,143,33121,33264,32629,19,124,492
0x795588,99.0724%,141,15059,15200,12536,91,50,2523
0x77c774,99.7254%,140,50836,50976,50757,53,87,79
0x77cdf6,99.7254%,140,50836,50976,50753,57,83,83
0x64ebec,99.571%,139,32261,32400,31792,8,131,469
0x797387,99.1039%,138,15262,15400,12665,89,49,2597
0x77cf33,99.7293%,138,50838,50976,50758,52,86,80
0x77c814,99.7293%,138,50838,50976,50758,52,86,80
0x7da414,99.7338%,138,51702,51840,51298,64,74,404
0x878033,99.4625%,137,25351,25488,24987,29,108,364
0x77c563,99.7312%,137,50839,50976,50762,56,81,77
0x7dafcb,99.4753%,136,25784,25920,18252,30,106,7532
0x77cea3,99.7352%,135,50841,50976,50762,48,87,79
0x7dc317,98.8917%,133,11867,12000,9319,91,42,2548
0x77cba3,99.7391%,133,50843,50976,50757,53,80,86
0x7da654,99.7434%,133,51707,51840,51294,68,65,413
0x77ca44,99.7411%,132,50844,50976,50754,56,76,90
0x77d92d,99.7454%,132,51708,51840,51287,72,60,421
0x77cae4,99.743%,131,50845,50976,50765,45,86,80
0x77f438,99.486%,131,25357,25488,25287,54,77,70
0x77cd35,99.745%,130,50846,50976,50762,48,82,84
0x7da514,99.7492%,130,51710,51840,51297,65,65,413
0x7db08b,99.5023%,129,25791,25920,18083,37,92,7708
0x77c436,99.7469%,129,50847,50976,50762,56,73,85
0x77c0c4,99.7489%,128,50848,50976,50774,44,84,74
0x7da484,99.7531%,128,51712,51840,51298,64,64,414
0x7da6f4,99.755%,127,51713,51840,51297,65,62,416
0x77aee9,99.755%,127,51713,51840,421,60,67,51292
0x77c165,99.7509%,127,50849,50976,50780,38,89,69
0x77c9a4,99.7509%,127,50849,50976,50765,45,82,84
0x7da794,99.755%,127,51713,51840,51306,56,71,407
0x7dbbe7,98.9583%,125,11875,12000,9316,94,31,2559
0x7da3b9,99.7589%,125,51715,51840,51306,56,69,409
0x8728bd,99.6661%,125,37315,37440,36710,10,115,605
0x77c374,99.7567%,124,50852,50976,50777,41,83,75
0x77c924,99.7567%,124,50852,50976,50772,38,86,80
0x77c4d3,99.7587%,123,50853,50976,50770,48,75,83
0x77cb44,99.7607%,122,50854,50976,50759,51,71,95
0x77db05,99.7647%,122,51718,51840,51288,71,51,430
0x77b109,99.7647%,122,51718,51840,511,54,68,51207
0x77dc49,99.7666%,121,51719,51840,428,53,68,51291
0x77da55,99.7666%,121,51719,51840,51291,68,53,428
0x87de24,99.5292%,120,25368,25488,25274,52,68,94
0x77e119,99.7685%,120,51720,51840,507,58,62,51213
0x77c8b4,99.7666%,119,50857,50976,50769,41,78,88
0x87dd6d,99.5331%,119,25369,25488,25277,49,70,92
0x77dbb5,99.7724%,118,51722,51840,51300,59,59,422
0x77d9a5,99.7724%,118,51722,51840,51298,61,57,424
0x77ae8d,99.7724%,118,51722,51840,51297,62,56,425
0x7805d4,99.541%,117,25371,25488,25269,57,60,102
0x77c226,99.7705%,117,50859,50976,50784,34,83,75
0x77c2d4,99.7724%,116,50860,50976,50778,40,76,82
0x7a1c06,99.5449%,116,25372,25488,17820,30,86,7552
0x87de8e,99.5606%,112,25376,25488,25277,49,63,99
0x7db348,99.0917%,109,11891,12000,9385,78,31,2506
0x7db3b8,99.0917%,109,11891,12000,11749,11,98,142
0x77f976,99.591%,106,25814,25920,25709,49,57,105
0x77f9c2,99.591%,106,25814,25920,25714,44,62,100
0x650f72,99.3182%,105,15295,15400,15079,13,92,216
0x780584,99.592%,104,25384,25488,25275,51,53,109
0x8e40ab,99.8157%,104,56323,56427,673,93,11,55650
0x7d8c43,99.6181%,99,25821,25920,25551,57,42,270
0x65037b,99.6818%,98,30702,30800,30176,8,90,526
0x77b0b4,99.811%,98,51742,51840,51740,16,82,2
0x77af64,99.8148%,96,51744,51840,51734,22,74,10
0x77e825,99.6296%,96,25824,25920,25716,42,54,108
0x8767fa,99.6335%,95,25825,25920,25431,9,86,394
0x7d8ed3,99.6335%,95,25825,25920,271,41,54,25554
0x77df45,99.8187%,94,51746,51840,51742,14,80,4
0x77e8d4,99.6373%,94,25826,25920,25720,38,56,106
0x77afe4,99.8187%,94,51746,51840,51738,18,76,8
0x77e724,99.6412%,93,25827,25920,25714,44,49,113
0x77e7b4,99.6412%,93,25827,25920,25715,43,50,112
0x7d8bb3,99.6451%,92,25828,25920,25562,46,46,266
0x77e764,99.6451%,92,25828,25920,25721,37,55,107
0x77b034,99.8245%,91,51749,51840,51739,17,74,10
0x77dcc4,99.8245%,91,51749,51840,51746,10,81,3
0x7d91b3,99.6489%,91,25829,25920,25562,46,45,267
0x77e885,99.6489%,91,25829,25920,25719,39,52,110
0x77de55,99.8245%,91,51749,51840,51739,17,74,10
0x7d90c3,99.6528%,90,25830,25920,274,38,52,25556
0x7d8f54,99.6528%,90,25830,25920,25561,47,43,269
0x7d8dd4,99.6528%,90,25830,25920,25557,51,39,273
0x7d8e44,99.6528%,90,25830,25920,25565,43,47,265
0x77f6b8,99.8254%,89,50887,50976,36,49,40,50851
0x872a04,99.5246%,89,18631,18720,12893,67,22,5738
0x7d9034,99.6605%,88,25832,25920,25558,50,38,274
0x77dd65,99.8302%,88,51752,51840,51745,11,77,7
0x7955da,99.4211%,88,15112,15200,14879,17,71,233
0x7d8fc4,99.6682%,86,25834,25920,25563,45,41,271
0x7807b2,98.8371%,86,7309,7395,16,62,24,7293
0x77af30,99.836%,85,51755,51840,50870,10,75,885
0x77bf3f,73.7654%,85,239,324,122,36,49,117
0x873f2f,99.6864%,84,26700,26784,26316,12,72,384
0x77ea24,99.6759%,84,25836,25920,25811,30,54,25
0x92a67d,98.5768%,84,5818,5902,17,64,20,5801
0x78050c,99.6744%,83,25405,25488,25040,43,40,365
0x77e045,99.8399%,83,51757,51840,51750,6,77,7
0x77f731,99.8372%,83,50893,50976,38,47,36,50855
0x77dc80,99.8399%,83,51757,51840,50876,4,79,881
0x64a0dc,99.8239%,83,47041,47124,9103,35,48,37938
0x87a94a,74.6914%,82,242,324,36,49,33,206
0x87dd0e,99.6861%,80,25408,25488,106,44,36,25302
0x797b16,99.4805%,80,15320,15400,15084,8,72,236
0x87dc98,99.6861%,80,25408,25488,25135,41,39,273
0x780921,99.6901%,79,25409,25488,25012,4,75,397
0x77eeb4,99.694%,78,25410,25488,25009,7,71,401
0x7d9144,99.6991%,78,25842,25920,25568,40,38,274
0x879e4f,99.7029%,77,25843,25920,16148,52,25,9695
0x77e994,99.7029%,77,25843,25920,25816,25,52,27
0x77c5fe,76.2346%,77,247,324,125,41,36,122
0x77aef8,99.8501%,77,51282,51359,51253,22,55,29
0x77dc58,99.852%,76,51283,51359,51242,33,43,41
0x7973b6,99.5065%,76,15324,15400,15083,9,67,241
0x650e47,99.5%,75,14925,15000,14919,16,59,6
0x7d8c4d,75.9615%,75,237,312,120,30,45,117
0x77ef28,99.7097%,74,25414,25488,42,37,37,25372
0x7d9c78,99.7097%,74,25414,25488,25208,36,38,206
0x7dc347,99.3833%,74,11926,12000,11751,9,65,175
0x7d9bf2,99.7136%,73,25415,25488,25207,37,36,208
0x77eaf5,99.7184%,73,25847,25920,25812,29,44,35
0x7d9cf8,99.7175%,72,25416,25488,25209,35,37,207
0x77e6d4,99.7222%,72,25848,25920,25558,41,31,290
0x78b568,99.8611%,72,51768,51840,59,45,27,51709
0x7d9d6f,99.7175%,72,25416,25488,25206,38,34,210
0x77ea95,99.7261%,71,25849,25920,25821,20,51,28
0x78b5d8,99.863%,71,51769,51840,69,35,36,51700
0x77e93a,99.7254%,70,25418,25488,25319,34,36,99
0x77efa1,99.7254%,70,25418,25488,38,41,29,25380
0x77e9d4,99.7299%,70,25850,25920,25812,29,41,38
0x78067d,99.7293%,69,25419,25488,207,36,33,25212
0x78c139,99.7338%,69,25851,25920,25436,4,65,415
0x87b419,85.8333%,68,412,480,412,8,60,0
0x7da74e,99.8708%,67,51773,51840,50878,2,65,895
0x780a13,99.7371%,67,25421,25488,211,32,35,25210
0x78c1c9,99.7415%,67,25853,25920,25436,4,63,417
0x77f8a0,99.7371%,67,25421,25488,25396,28,39,25
0x7dbc17,99.45%,66,11934,12000,11753,7,59,181
0x7da568,99.8746%,65,51775,51840,50873,7,58,902
0x7d91bd,79.1667%,65,247,312,124,26,39,123
0x77f5e3,99.745%,65,25423,25488,25396,28,37,27
0x7d8bbd,79.1667%,65,247,312,134,28,37,113
0x77c60f,99.8764%,63,50913,50976,50028,4,59,885
0x77d947,99.8804%,62,51778,51840,50870,10,52,908
0x7da4ce,99.8804%,62,51778,51840,50876,4,58,902
0x7d9bfc,75%,61,183,244,132,30,31,51
0x7da7f2,99.8823%,61,51779,51840,50877,3,58,902
0x87dd26,99.0982%,61,6703,6764,135,27,34,6568
0x77f6df,99.8803%,61,50915,50976,50026,6,55,889
0x78b587,99.8843%,60,51780,51840,50873,7,53,907
0x77e6dd,81.3084%,60,261,321,130,32,28,131
0x7d8f21,99.7685%,60,25860,25920,25436,4,56,424
0x7da6b1,99.8843%,60,51780,51840,50877,3,57,903
0x7da611,99.8862%,59,51781,51840,50876,4,55,905
0x87ddb0,99.7724%,58,25430,25488,25010,6,52,420
0x77d9eb,99.89%,57,51783,51840,50877,3,54,906
0x77da9b,99.89%,57,51783,51840,50876,4,53,907
0x77c4f5,63.9241%,57,101,158,39,26,31,62
0x77dbfb,99.89%,57,51783,51840,50878,2,55,905
0x77f508,99.7803%,56,25432,25488,25405,19,37,27
0x77e961,99.784%,56,25864,25920,25432,8,48,432
0x7d9c82,77.459%,55,189,244,57,25,30,132
0x77db4b,99.8958%,54,51786,51840,50874,6,48,912
0x780514,86.6667%,54,351,405,214,29,25,137
0x879e98,99.7917%,54,25866,25920,25432,8,46,434
0x77af9f,99.8958%,54,51786,51840,50871,9,45,915
0x77aeab,99.8958%,54,51786,51840,50875,5,49,911
0x86deb0,97.0779%,54,1794,1848,1612,5,49,182
0x7d9d79,78.2787%,53,191,244,51,31,22,140
0x7da451,99.8978%,53,51787,51840,50876,4,49,911
0x7d8bdc,99.7955%,53,25867,25920,25432,8,45,435
0x77f761,99.898%,52,50924,50976,50030,2,50,894
0x77cf6a,99.898%,52,50924,50976,50027,5,47,897
0x794f91,99.3417%,52,7847,7899,2697,29,23,5150
0x77ceda,99.898%,52,50924,50976,50029,3,49,895
0x7da3d7,99.9035%,50,51790,51840,50876,4,46,914
0x77c9c6,99.9019%,50,50926,50976,50030,2,48,896
0x77c585,68.3544%,50,108,158,42,27,23,66
0x77ce39,99.9019%,50,50926,50976,50026,6,44,900
0x77cd78,99.9019%,50,50926,50976,50025,7,43,901
0x830802,99.9035%,50,51790,51840,50868,12,38,922
0x77bf5f,99.9019%,50,50926,50976,50025,7,43,901
0x7d9172,99.8071%,50,25870,25920,25434,6,44,436
0x77ef4f,99.8038%,50,25438,25488,25013,3,47,425
0x77cb02,99.9039%,49,50927,50976,50029,3,46,898
0x7d9c1b,99.8078%,49,25439,25488,25013,3,46,426
0x7d91db,99.811%,49,25871,25920,25433,7,42,438
0x77c471,99.9058%,48,50928,50976,50027,5,43,901
0x77f9cb,70.3704%,48,114,162,63,16,32,51
0x7db035,99.3847%,47,7591,7638,2555,31,16,5036
0x77cbca,99.9078%,47,50929,50976,50031,1,46,898
0x86dae3,97.4567%,47,1801,1848,1607,10,37,194
0x77c846,99.9078%,47,50929,50976,50030,2,45,899
0x77f4a4,99.8156%,47,25441,25488,25005,11,36,436
0x77c796,99.9078%,47,50929,50976,50029,3,44,900
0x87de5f,99.8156%,47,25441,25488,25010,6,41,431
0x78c15a,90.2083%,47,433,480,410,10,37,23
0x77c59a,99.9098%,46,50930,50976,50029,3,43,901
0x872a4a,99.7543%,46,18674,18720,18354,6,40,320
0x77b06c,99.9113%,46,51794,51840,50874,6,40,920
0x7d8e6e,99.8264%,45,25875,25920,25436,4,41,439
0x77c50a,99.9117%,45,50931,50976,50025,7,38,906
0x77dcf3,99.9132%,45,51795,51840,50873,7,38,922
0x7db18b,99.6528%,45,12915,12960,12471,9,36,444
0x874166,99.9139%,45,52227,52272,51301,3,42,926
0x77c260,99.9117%,45,50931,50976,50030,2,43,901
0x86d9a7,96.5278%,45,1251,1296,780,30,15,471
0x7d8f82,99.8302%,44,25876,25920,25439,1,43,437
0x7d8c6f,99.8302%,44,25876,25920,25437,3,41,439
0x7d9003,99.8302%,44,25876,25920,25435,5,39,441
0x77f9e6,99.8302%,44,25876,25920,25435,5,39,441
0x7db0f5,99.4359%,44,7756,7800,2613,27,17,5143
0x650e70,99.7067%,44,14956,15000,14693,7,37,263
0x77ded0,99.9151%,44,51796,51840,50874,6,38,922
0x87373f,90.8333%,44,436,480,417,3,41,19
0x873ffd,99.8395%,43,26741,26784,26283,5,38,458
0x77f97f,73.4568%,43,119,162,65,18,25,54
0x77c3aa,99.9156%,43,50933,50976,50029,3,40,904
0x77e943,68.1481%,43,92,135,61,18,25,31
0x7a1c8e,99.437%,43,7595,7638,5036,16,27,2559
0x77c19b,99.9156%,43,50933,50976,50027,5,38,906
0x77cec5,74.0964%,43,123,166,115,10,33,8
0x7d9111,99.8341%,43,25877,25920,25437,3,40,440
0x77cb5f,99.9156%,43,50933,50976,50029,3,40,904
0x77c8d2,99.9176%,42,50934,50976,50027,5,37,907
0x77dfc0,99.919%,42,51798,51840,50876,4,38,922
0x77affe,99.919%,42,51798,51840,50877,3,39,921
0x77e8e8,99.838%,42,25878,25920,25437,3,39,441
0x780938,91.1017%,42,430,472,409,4,38,21
0x77e0bf,99.919%,42,51798,51840,50875,5,37,923
0x77ca76,99.9176%,42,50934,50976,50030,2,40,904
0x77e778,99.838%,42,25878,25920,25432,8,34,446
0x77e6f0,99.838%,42,25878,25920,25430,10,32,448
0x77c290,95.6568%,41,903,944,825,1,40,78
0x87966d,99.6783%,41,12703,12744,12259,13,28,444
0x875b48,99.8391%,41,25447,25488,25010,6,35,437
0x78054b,99.8391%,41,25447,25488,25009,7,34,438
0x7d9ca9,99.8431%,40,25448,25488,25011,5,35,437
0x77f135,91.5254%,40,432,472,408,5,35,24
0x7a1d49,99.6741%,40,12232,12272,11791,9,31,441
0x77caa3,95.7627%,40,904,944,822,4,36,82
0x7d9d29,99.8431%,40,25448,25488,25013,3,37,435
0x7d9d92,99.8431%,40,25448,25488,25012,4,36,436
0x77cb14,95.8686%,39,905,944,822,4,35,83
0x830703,96.4154%,39,1049,1088,949,3,36,100
0x875b27,99.847%,39,25449,25488,25302,24,15,147
0x77dddf,99.9248%,39,51801,51840,50877,3,36,924
0x77c93f,99.9235%,39,50937,50976,50029,3,36,908
0x77b0ce,99.9267%,38,51802,51840,50871,9,29,931
0x77c2f9,99.9255%,38,50938,50976,50031,1,37,907
0x77e735,99.8534%,38,25882,25920,25435,5,33,447
0x87dcc3,99.8509%,38,25450,25488,25013,3,35,437
0x87dea3,99.8548%,37,25451,25488,25014,2,35,437
0x873c9c,99.7145%,37,12923,12960,12471,9,28,452
0x7f974b,96.7882%,37,1115,1152,991,17,20,124
0x8747a8,99.8573%,37,25883,25920,25467,21,16,416
0x77e831,99.8573%,37,25883,25920,25436,4,33,447
0x7d8f8c,92.2917%,37,443,480,418,2,35,25
0x7805e5,99.8548%,37,25451,25488,25012,4,33,439
0x8736cd,92.2917%,37,443,480,415,5,32,28
0x77c0ea,99.9274%,37,50939,50976,50031,1,36,908
0x8726e7,80.7292%,37,155,192,122,14,23,33
0x78059e,99.8588%,36,25452,25488,25013,3,33,439
0x77def2,96.25%,36,924,960,830,10,26,94
0x7da4db,96.25%,36,924,960,837,3,33,87
0x87a979,92.7083%,35,445,480,413,7,28,32
0x77e42f,70.8333%,35,85,120,46,14,21,39
0x7da3e4,96.3542%,35,925,960,836,4,31,89
0x87363f,92.7083%,35,445,480,419,1,34,26
0x7d905e,99.865%,35,25885,25920,25435,5,30,450
0x77e7d1,99.865%,35,25885,25920,25436,4,31,449
0x7d8c8f,92.7083%,35,445,480,419,1,34,26
0x77eb04,99.865%,35,25885,25920,25436,4,31,449
0x77aec4,96.4583%,34,926,960,838,2,32,88
0x7d9da8,92.7966%,34,438,472,412,1,33,26
0x875ede,99.8666%,34,25454,25488,25305,21,13,149
0x78bf71,71.6667%,34,86,120,47,13,21,39
0x77e9e8,99.8688%,34,25886,25920,25437,3,31,449
0x7d8e13,99.8688%,34,25886,25920,25435,5,29,451
0x87bea3,99.8666%,34,25454,25488,153,12,22,25301
0x77e894,99.8688%,34,25886,25920,25437,3,31,449
0x878a10,92.7966%,34,438,472,410,3,31,28
0x7d9b01,92.1296%,34,398,432,147,15,19,251
0x7da802,96.5625%,33,927,960,836,4,29,91
0x876122,99.8727%,33,25887,25920,25428,12,21,459
0x86d9c0,97.4537%,33,1263,1296,1263,9,24,0
0x878104,99.7411%,33,12711,12744,12258,14,19,453
0x87384c,93.125%,33,447,480,418,2,31,29
0x8749ea,99.8727%,33,25887,25920,25435,5,28,452
0x77f99a,99.8727%,33,25887,25920,25437,3,30,450
0x873b2a,93.3333%,32,448,480,415,5,27,33
0x77b07b,96.6667%,32,928,960,837,3,29,91
0x876806,93.3333%,32,448,480,416,4,28,32
0x77eaa1,99.8765%,32,25888,25920,25436,4,28,452
0x77efd1,99.8745%,32,25456,25488,25014,2,30,442
0x64a0c4,99.9321%,32,47092,47124,7920,18,14,39172
0x872fa0,99.7648%,32,13576,13608,13092,12,20,484
0x8e3686,99.9344%,32,48740,48772,16983,5,27,31757
0x780562,93.2203%,32,440,472,410,3,29,30
0x7d94b3,92.8241%,31,401,432,152,10,21,249
0x735be2,99.7113%,31,10707,10738,10316,9,22,391
0x77f9f6,93.5417%,31,449,480,419,1,30,30
0x77e845,93.5417%,31,449,480,419,1,30,30
0x77f775,96.7161%,31,913,944,821,5,26,92
0x8760d2,99.8804%,31,25889,25920,25737,18,13,152
0x77e9a5,99.8804%,31,25889,25920,25435,5,26,454
0x8485fd,99.8645%,31,22839,22870,7584,14,17,15255
0x7d6a4a,97.4167%,31,1169,1200,1166,10,21,3
0x87292b,95.6944%,31,689,720,594,6,25,95
0x87267c,95.1923%,30,594,624,178,14,16,416
0x7da061,93.0556%,30,402,432,257,13,17,145
0x830811,96.875%,30,930,960,835,5,25,95
0x87601f,99.8823%,30,25458,25488,25007,9,21,451
0x77f62b,99.8823%,30,25458,25488,25015,1,29,443
0x7db36a,98.8175%,30,2507,2537,2465,18,12,42
0x78b5f7,99.9421%,30,51810,51840,50876,4,26,934
0x8fa5ea,93.0556%,30,402,432,268,14,16,134
0x7d8e78,93.75%,30,450,480,420,0,30,30
0x7d9ccc,93.6441%,30,442,472,412,1,29,30
0x87663c,99.7762%,29,12931,12960,12472,8,21,459
0x77dd09,96.9792%,29,931,960,838,2,27,93
0x77ea41,99.8881%,29,25891,25920,25437,3,26,454
0x77f455,80.2721%,29,118,147,50,13,16,68
0x873ec2,97.0041%,29,939,968,834,13,16,105
0x7d4f51,99.6444%,29,8126,8155,2807,15,14,5319
0x77de01,96.9792%,29,931,960,837,3,26,94
0x87ddc3,93.8559%,29,443,472,411,2,27,32
0x77cefd,96.928%,29,915,944,823,3,26,92
0x7d9c38,93.8559%,29,443,472,411,2,27,32
0x77f58f,93.8559%,29,443,472,410,3,26,33
0x78b051,96.9792%,29,931,960,833,7,22,98
0x873933,94.1667%,28,452,480,418,2,26,34
0x77f039,94.0678%,28,444,472,406,7,21,38
0x77eab5,94.1667%,28,452,480,418,2,26,34
0x77cf88,97.0339%,28,916,944,822,4,24,94
0x77ea54,94.1667%,28,452,480,419,1,27,33
0x831b04,95.4545%,28,588,616,531,8,20,57
0x77e8f5,94.1667%,28,452,480,419,1,27,33
0x77e975,94.1667%,28,452,480,415,5,23,37
0x77cda9,97.0339%,28,916,944,824,2,26,92
0x7a24f7,84.1808%,28,149,177,108,10,18,41
0x78b59e,97.0833%,28,932,960,833,7,21,99
0x873beb,94.1667%,28,452,480,415,5,23,37
0x77cbe0,97.0339%,28,916,944,817,9,19,99
0x78afbe,98.7842%,28,2275,2303,2275,4,24,0
0x7805b5,94.0678%,28,444,472,412,1,27,32
0x7d9068,94.1667%,28,452,480,418,2,26,34
0x77dfe2,97.0833%,28,932,960,834,6,22,98
0x77f8b6,99.8901%,28,25460,25488,25013,3,25,447
0x77cf55,83.1325%,28,138,166,137,5,23,1
0x8307bd,99.9479%,27,51813,51840,50947,11,16,866
0x7a3d2c,94.2797%,27,445,472,407,6,21,38
0x7d9d4f,94.2797%,27,445,472,411,2,25,34
0x7d8993,93.75%,27,405,432,152,10,17,253
0x7db35a,98.9358%,27,2510,2537,128,13,14,2382
0x77d167,93.75%,27,405,432,255,15,12,150
0x7d8f2d,94.375%,27,453,480,419,1,26,34
0x7a3f15,99.7917%,27,12933,12960,12470,10,17,463
0x8738d4,94.375%,27,453,480,418,2,25,35
0x977487,99.6406%,27,7486,7513,493,12,15,6993
0x847ff6,99.2661%,27,3652,3679,806,15,12,2846
0x77e203,97.1875%,27,933,960,836,4,23,97
0x8749fe,94.375%,27,453,480,417,3,24,36
0x77c873,97.1398%,27,917,944,824,2,25,93
0x87604f,94.4915%,26,446,472,412,1,25,34
0x7f9230,99.5671%,26,5980,6006,5919,9,17,61
0x77f181,99.898%,26,25462,25488,25009,7,19,453
0x7da75e,97.2917%,26,934,960,839,1,25,95
0x827be2,98.1944%,26,1414,1440,1258,2,24,156
0x77e9fc,94.5833%,26,454,480,418,2,24,36
0x873ea4,99.9503%,26,52246,52272,51298,6,20,948
0x873a11,94.5833%,26,454,480,414,6,20,40
0x875b6b,94.4915%,26,446,472,412,1,25,34
0x7d9454,93.9815%,26,406,432,257,13,13,149
0x77d217,93.9815%,26,406,432,257,13,13,149
0x87b49d,94.4915%,26,446,472,411,2,24,35
0x77f7b1,99.949%,26,50950,50976,50030,2,24,920
0x77f850,99.949%,26,50950,50976,50029,3,23,921
0x77f564,99.898%,26,25462,25488,25011,5,21,451
0x8789f2,99.898%,26,25462,25488,25011,5,21,451
0x77f814,97.2458%,26,918,944,825,1,25,93
0x7d99ee,93.9815%,26,406,432,256,14,12,150
0x7d9604,93.9815%,26,406,432,261,9,17,145
0x77f9aa,94.5833%,26,454,480,418,2,24,36
0x8737d8,94.5833%,26,454,480,417,3,23,37
0x7d8bff,94.5833%,26,454,480,419,1,25,35
0x87886c,99.898%,26,25462,25488,25306,17,9,156
0x7d93e4,94.213%,25,407,432,258,12,13,149
0x77e8af,94.7917%,25,455,480,419,1,24,36
0x9773c7,99.9955%,25,551476,551501,7501,12,13,543975
0x77dab8,97.3958%,25,935,960,838,2,23,97
0x77e6fd,94.7917%,25,455,480,419,1,24,36
0x7da465,97.3958%,25,935,960,838,2,23,97
0x7a3a9c,94.7034%,25,447,472,410,3,22,37
0x827c81,98.2639%,25,1415,1440,1258,2,23,157
0x77eb18,94.7917%,25,455,480,418,2,23,37
0x87deb0,94.7034%,25,447,472,412,1,24,35
0x7d911d,94.7917%,25,455,480,419,1,24,36
0x64bb88,98.1481%,24,1272,1296,1238,10,14,34
0x7eee6b,95.5473%,24,515,539,458,4,20,57
0x873e46,97.5207%,24,944,968,843,4,20,101
0x77c9f2,97.4576%,24,920,944,821,5,19,99
0x78637e,96.0526%,24,584,608,524,8,16,60
0x77f7c4,97.4576%,24,920,944,825,1,23,95
0x64bf18,99.9513%,24,49224,49248,47416,8,16,1808
0x87318f,95.1613%,24,472,496,431,3,21,41
0x77e78c,95%,24,456,480,416,4,20,40
0x7a89e4,96.1039%,24,592,616,534,5,19,58
0x77e0df,97.5%,24,936,960,839,1,23,97
0x87bc48,99.8117%,24,12720,12744,12267,5,19,453
0x64bae0,98.1481%,24,1272,1296,1238,10,14,34
0x77ebd4,94.4444%,24,408,432,260,10,14,148
0x780846,94.9153%,24,448,472,410,3,21,38
0x7d9534,94.4444%,24,408,432,256,14,10,152
0x780a55,94.9153%,24,448,472,412,1,23,36
0x77e7e4,95%,24,456,480,419,1,23,37
0x877c5b,99.9058%,24,25464,25488,25009,7,17,455
0x7da6c1,97.5%,24,936,960,838,2,22,98
0x7dc41a,99.8148%,24,12936,12960,12474,6,18,462
0x7dc359,90.4167%,23,217,240,175,5,18,42
0x87664c,95.2083%,23,457,480,417,3,20,40
0x877668,99.8195%,23,12721,12744,12266,6,17,455
0x77ee68,86.8571%,23,152,175,82,14,9,70
0x77ee84,70.8861%,23,56,79,15,10,13,41
0x7a5ad1,99.8195%,23,12721,12744,12261,11,12,460
0x8e3508,99.1606%,23,2717,2740,1362,8,15,1355
0x77b00e,97.6042%,23,937,960,839,1,22,98
0x7a1e0c,99.7937%,23,11128,11151,10730,8,15,398
0x7a58cc,99.8195%,23,12721,12744,12263,9,14,458
0x7f965a,98.0035%,23,1129,1152,1109,7,16,20
0x872fb7,95.4365%,23,481,504,437,4,19,44
0x827a58,98.4028%,23,1417,1440,1258,2,21,159
0x877c72,95.1271%,23,449,472,408,5,18,41
0x7951a1,99.7163%,23,8083,8106,2787,14,9,5296
0x795265,99.8599%,23,16393,16416,15803,5,18,590
0x878050,95.1271%,23,449,472,410,3,20,39
0x8482b6,99.9309%,23,33241,33264,32647,1,22,594
0x78bcf8,99.9113%,23,25897,25920,24950,10,13,947
0x7f9372,98.8169%,23,1921,1944,1902,6,17,19
0x77af47,97.6042%,23,937,960,839,1,22,98
0x77b0de,97.6042%,23,937,960,839,1,22,98
0x7d9faa,94.6759%,23,409,432,260,10,13,149
0x87d934,99.2781%,23,3163,3186,3122,5,18,41
0x877391,99.7951%,22,10716,10738,10317,8,14,399
0x77f0d5,95.339%,22,450,472,408,5,17,42
0x7d98f1,94.9074%,22,410,432,256,14,8,154
0x87dd5c,95.339%,22,450,472,409,4,18,41
0x791a26,98.1667%,22,1178,1200,1168,8,14,10
0x7dc0f5,99.8302%,22,12938,12960,12474,6,16,464
0x64b95d,98.7269%,22,1706,1728,1508,4,18,198
0x8e40b6,99.9611%,22,56559,56581,56426,1,21,133
0x8726c0,88.5417%,22,170,192,169,7,15,1
0x7d9a5c,94.9074%,22,410,432,259,11,11,151
0x7807e0,95.339%,22,450,472,411,2,20,39
0x8307cd,97.5057%,22,860,882,432,18,4,428
0x873565,95.339%,22,450,472,411,2,20,39
0x8739a7,95.4167%,22,458,480,414,6,16,44
0x77e74a,95.4167%,22,458,480,417,3,19,41
0x87c4eb,96.6049%,22,626,648,615,9,13,11
0x64b748,99.9528%,22,46634,46656,44922,6,16,1712
0x872ddf,94.9074%,22,410,432,405,11,11,5
0x7d504e,99.8677%,22,16610,16632,16012,4,18,598
0x87aa7e,99.8302%,22,12938,12960,12476,4,18,462
0x7f93f2,99.6212%,21,5523,5544,5470,2,19,53
0x7a1c53,95.5508%,21,451,472,410,3,18,41
0x873c61,95.625%,21,459,480,418,2,19,41
0x87362b,99.919%,21,25899,25920,25438,2,19,461
0x87abb6,99.8352%,21,12723,12744,12261,11,10,462
0x82798d,99.946%,21,38859,38880,37433,7,14,1426
0x77c957,97.7754%,21,923,944,821,5,16,102
0x7dc790,99.838%,21,12939,12960,12469,11,10,470
0x87c900,98.5169%,21,1395,1416,1237,2,19,158
0x7f975e,99.6212%,21,5523,5544,3689,7,14,1834
0x7daffe,95.625%,21,459,480,418,2,19,41
0x787b43,99.8317%,21,12459,12480,11511,9,12,948
0x876135,95.625%,21,459,480,416,4,17,43
0x873e21,99.9197%,21,26115,26136,25162,6,15,953
0x77fa3d,95.1389%,21,411,432,258,12,9,153
0x77afae,97.8125%,21,939,960,839,1,20,100
0x77da08,97.8125%,21,939,960,838,2,19,101
0x7da5f1,95.6067%,21,457,478,442,6,15,15
0x77ef73,95.5508%,21,451,472,410,3,18,41
0x77f07b,99.9176%,21,25467,25488,25016,0,21,451
0x78b60e,97.8125%,21,939,960,839,1,20,100
0x7d8e22,95.625%,21,459,480,419,1,20,40
0x77f08c,95.5508%,21,451,472,412,1,20,39
0x7868a3,97.9167%,20,940,960,837,3,17,103
0x77cb75,97.8814%,20,924,944,825,1,19,99
0x7806cb,95.7627%,20,452,472,410,3,17,42
0x77c1ce,97.8814%,20,924,944,825,1,19,99
0x7a3f98,95.3704%,20,412,432,150,12,8,262
0x87dcd7,95.7627%,20,452,472,408,5,15,44
0x876eed,99.8431%,20,12724,12744,12269,3,17,455
0x794fca,96.7105%,20,588,608,528,4,16,60
0x848152,99.9861%,20,144052,144072,138730,6,14,5322
0x7a3599,99.8431%,20,12724,12744,12264,8,12,460
0x873489,99.8431%,20,12724,12744,12266,6,14,458
0x7a5da0,99.8431%,20,12724,12744,12268,4,16,456
0x77c627,97.8814%,20,924,944,825,1,19,99
0x7a223e,99.9457%,20,36796,36816,35394,6,14,1402
0x77f8cd,95.7627%,20,452,472,410,3,17,42
0x7d91f2,95.8333%,20,460,480,419,1,19,41
0x7d9663,95.3704%,20,412,432,153,9,11,259
0x7db6e5,99.8457%,20,12940,12960,12474,6,14,466
0x7a378a,99.8431%,20,12724,12744,12268,4,16,456
0x77e14a,97.9167%,20,940,960,836,4,16,104
0x7f9542,98.9712%,20,1924,1944,1905,3,17,19
0x78d1d6,96.7105%,20,588,608,524,8,12,64
0x77d04b,83.0508%,20,98,118,47,12,8,51
0x87be25,99.8431%,20,12724,12744,12266,6,14,458
0x77b14a,83.3333%,20,100,120,53,7,13,47
0x87b3fb,99.9228%,20,25900,25920,25435,5,15,465
0x64ec11,96.6667%,20,580,600,520,5,15,60
0x87a758,99.8457%,20,12940,12960,12472,8,12,468
0x77c325,97.9873%,19,925,944,825,1,18,100
0x825cda,99.9883%,19,161981,162000,155996,4,15,5985
0x7805f2,95.9746%,19,453,472,413,0,19,40
0x797c05,96.9156%,19,597,616,535,4,15,62
0x77e363,98.0208%,19,941,960,836,4,15,105
0x77efe0,95.9746%,19,453,472,412,1,18,41
0x77e9b9,96.0417%,19,461,480,419,1,18,42
0x7f9730,99.0226%,19,1925,1944,1902,6,13,23
0x7dc251,96.0417%,19,461,480,417,3,16,44
0x77f121,99.9255%,19,25469,25488,25015,1,18,454
0x876f6c,99.8509%,19,12725,12744,12268,4,15,457
0x77f1e4,99.9255%,19,25469,25488,25014,2,17,455
0x7a1d8e,95.9746%,19,453,472,407,6,13,46
0x848218,96.9156%,19,597,616,534,5,14,63
0x78b024,99.9633%,19,51797,51816,49529,8,11,2268
0x873cb8,96.0417%,19,461,480,418,2,17,43
0x65f9b1,96.9156%,19,597,616,536,3,16,61
0x873b6d,96.0417%,19,461,480,417,3,16,44
0x87bffe,95.9746%,19,453,472,409,4,15,44
0x77c52d,97.9873%,19,925,944,822,4,15,103
0x7a5efa,99.8509%,19,12725,12744,12267,5,14,458
0x827896,99.9511%,19,38861,38880,37437,3,16,1424
0x7d9017,96.0417%,19,461,480,418,2,17,43
0x872796,96.9551%,19,605,624,605,7,12,0
0x64bc58,97.0679%,19,629,648,620,4,15,9
0x7d9594,95.6019%,19,413,432,260,10,9,153
0x77f02d,99.9255%,19,25469,25488,25013,3,16,456
0x8756c0,99.8534%,19,12941,12960,12474,6,13,467
0x7db1eb,99.8534%,19,12941,12960,12475,5,14,466
0x7daded,99.8352%,18,10902,10920,10498,2,16,404
0x77dc17,98.125%,18,942,960,837,3,15,105
0x78d1c0,99.8904%,18,16398,16416,15805,3,15,593
0x873aac,96.25%,18,462,480,417,3,15,45
0x7da006,95.8333%,18,414,432,259,11,7,155
0x64bea0,97.2222%,18,630,648,618,6,12,12
0x7d4f8d,97.0779%,18,598,616,534,5,13,64
0x78a9a4,99.9306%,18,25902,25920,24956,4,14,946
0x7950d4,97.0395%,18,590,608,526,6,12,64
0x877b54,99.8588%,18,12726,12744,12267,5,13,459
0x78e0b8,99.8861%,18,15790,15808,15196,4,14,594
0x7dbb14,99.8611%,18,12942,12960,12478,2,16,464
0x8278b4,98.75%,18,1422,1440,1258,2,16,164
0x794f4a,97.0395%,18,590,608,530,2,16,60
0x7da691,96.2343%,18,460,478,441,7,11,19
0x848205,99.9459%,18,33246,33264,32645,3,15,601
0x873d08,99.8611%,18,12942,12960,12473,7,11,469
0x64ad0a,99.9377%,18,28857,28875,27717,3,15,1140
0x87de7b,96.1864%,18,454,472,412,1,17,42
0x77c7c2,98.0932%,18,926,944,821,5,13,105
0x7a5d23,96.1864%,18,454,472,411,2,16,43
0x77e413,98.125%,18,942,960,836,4,14,106
0x7dc435,96.25%,18,462,480,417,3,15,45
0x65106f,99.8918%,18,16614,16632,16013,3,15,601
0x87986c,99.8611%,18,12942,12960,12473,7,11,469
0x77f864,98.1992%,17,927,944,825,1,16,102
0x827a2d,99.9563%,17,38863,38880,37434,6,11,1429
0x78f3b1,99.9642%,17,47407,47424,45596,4,13,1811
0x7a2c1b,99.8666%,17,12727,12744,12267,5,12,460
0x77f800,99.9667%,17,50959,50976,50030,2,15,929
0x7d942a,96.0648%,17,415,432,415,9,8,0
0x78020c,99.8666%,17,12727,12744,12264,8,9,463
0x77e2b3,98.2292%,17,943,960,837,3,14,106
0x735dc3,99.8417%,17,10721,10738,10321,4,13,400
0x7dc102,96.4583%,17,463,480,416,4,13,47
0x64b1c6,97.2403%,17,599,616,537,2,15,62
0x873360,99.8666%,17,12727,12744,12268,4,13,459
0x87c8ce,99.9555%,17,38215,38232,36811,5,12,1404
0x786876,99.9672%,17,51823,51840,50878,2,15,945
0x7a8aa8,97.2403%,17,599,616,537,2,15,62
0x8480cd,99.6814%,17,5319,5336,24,8,9,5295
0x7a28f5,96.3983%,17,455,472,408,5,12,47
0x7a22d3,98.7994%,17,1399,1416,1235,4,13,164
0x87b890,99.8688%,17,12943,12960,12475,5,12,468
0x7db05e,96.4583%,17,463,480,418,2,15,45
0x7f938c,97.2756%,17,607,624,537,9,8,70
0x7d96e4,96.0648%,17,415,432,260,10,7,155
0x7db0c7,96.4583%,17,463,480,416,4,13,47
0x7a36a1,99.8666%,17,12727,12744,12270,2,15,457
0x77f195,96.3983%,17,455,472,411,2,15,44
0x87bf4a,96.3983%,17,455,472,411,2,15,44
0x77f668,96.3983%,17,455,472,409,4,13,46
0x87bc64,96.3983%,17,455,472,412,1,16,43
0x77c49f,98.1992%,17,927,944,824,2,15,103
0x7a3b79,96.3983%,17,455,472,409,4,13,46
0x77faa7,96.0648%,17,415,432,154,8,9,261
0x87513d,97.5309%,16,632,648,616,8,8,16
0x77f1f8,96.6102%,16,456,472,411,2,14,45
0x780223,96.6102%,16,456,472,405,8,8,51
0x77db68,98.3333%,16,944,960,839,1,15,105
0x872bec,99.9679%,16,49880,49896,48046,2,14,1834
0x64b401,97.4026%,16,600,616,534,5,11,66
0x786402,99.8026%,16,8090,8106,2795,6,10,5295
0x77b137,98.3333%,16,944,960,836,4,12,108
0x7a3fb8,90.1235%,16,146,162,144,7,9,2
0x77bf78,98.3051%,16,928,944,824,2,14,104
0x7a1cce,96.6102%,16,456,472,412,1,15,44
0x87dac6,96.6102%,16,456,472,412,1,15,44
0x87a89c,96.6667%,16,464,480,417,3,13,47
0x876efe,96.6102%,16,456,472,408,5,11,48
0x87b373,99.8765%,16,12944,12960,12476,4,12,468
0x7db9c5,99.8765%,16,12944,12960,12479,1,15,465
0x77c667,99.7489%,16,6356,6372,6248,6,10,108
0x7f95e6,99.7114%,16,5528,5544,5397,3,13,131
0x77f704,98.3051%,16,928,944,825,1,15,103
0x77d963,98.3333%,16,944,960,838,2,14,106
0x7a1886,96.6102%,16,456,472,407,6,10,49
0x8754a4,99.8765%,16,12944,12960,12475,5,11,469
0x797a11,97.4026%,16,600,616,536,3,13,64
0x7a44fe,97.4359%,16,608,624,595,5,11,13
0x7a3f30,96.6667%,16,464,480,415,5,11,49
0x7a890c,99.9679%,16,49880,49896,48048,0,16,1832
0x77f4cd,96.6102%,16,456,472,412,1,15,44
0x7dc5d0,99.8765%,16,12944,12960,12477,3,13,467
0x7a2c5d,96.822%,15,457,472,411,2,13,46
0x7d9b14,96.5278%,15,417,432,417,7,8,0
0x7db9d2,96.875%,15,465,480,418,2,13,47
0x7db827,99.8843%,15,12945,12960,12477,3,12,468
0x77f472,82.1429%,15,69,84,15,3,12,54
0x7dbf64,96.875%,15,465,480,419,1,14,46
0x78ad74,99.9421%,15,25905,25920,24957,3,12,948
0x848168,99.7189%,15,5321,5336,4664,5,10,657
0x7f946a,97.3958%,15,561,576,537,3,12,24
0x827bc4,99.9614%,15,38865,38880,37434,6,9,1431
0x77b39e,99.2188%,15,1905,1920,1676,4,11,229
0x7d96b3,96.5278%,15,417,432,417,7,8,0
0x831bf4,97.5649%,15,601,616,537,2,13,64
0x7a471c,97.3545%,15,552,567,541,5,10,11
0x878128,96.822%,15,457,472,410,3,12,47
0x831c56,97.5649%,15,601,616,534,5,10,67
0x873bad,96.875%,15,465,480,419,1,14,46
0x873540,99.8823%,15,12729,12744,12267,5,10,462
0x64ba38,98.8426%,15,1281,1296,1242,6,9,39
0x7a58e3,96.822%,15,457,472,409,4,11,48
0x7964f9,97.5649%,15,601,616,532,7,8,69
0x77c645,99.7646%,15,6357,6372,6251,3,12,106
0x78bd34,98.4375%,15,945,960,837,3,12,108
0x7a1ba6,96.822%,15,457,472,409,4,11,48
0x77ce67,98.411%,15,929,944,823,3,12,106
0x8306f7,99.9745%,15,58737,58752,57664,0,15,1073
0x77bfb7,99.7646%,15,6357,6372,6251,3,12,106
0x8757a3,93.0556%,15,201,216,198,10,5,3
0x77bf95,99.7646%,15,6357,6372,6249,5,10,108
0x78adc4,99.9421%,15,25905,25920,24956,4,11,949
0x77f0c8,99.9411%,15,25473,25488,25015,1,14,458
0x7d947d,96.7593%,14,418,432,418,6,8,0
0x7d9ac2,86.5385%,14,90,104,88,8,6,2
0x7d962d,96.7593%,14,418,432,418,6,8,0
0x77d19a,96.7593%,14,418,432,418,6,8,0
0x7d89a6,96.7593%,14,418,432,418,6,8,0
0x78b971,99.8878%,14,12466,12480,11515,5,9,951
0x780762,97.0339%,14,458,472,413,0,14,45
0x64b892,99.1898%,14,1714,1728,1509,3,11,205
0x788786,99.8878%,14,12466,12480,11517,3,11,949
0x7a1236,97.0339%,14,458,472,410,3,11,48
0x7a1576,97.0339%,14,458,472,407,6,8,51
0x7a3e19,97.0339%,14,458,472,410,3,11,48
0x77c116,98.5169%,14,930,944,825,1,13,105
0x7a346b,99.8745%,14,11137,11151,10737,1,13,400
0x87d955,99.5606%,14,3172,3186,3120,7,7,52
0x78c1e0,97.0833%,14,466,480,414,6,8,52
0x7d9503,96.7593%,14,418,432,418,6,8,0
0x795313,97.6974%,14,594,608,526,6,8,68
0x77eeda,97.0339%,14,458,472,406,7,7,52
0x7f939f,99.7669%,14,5992,6006,4153,5,9,1839
0x7dbe15,99.892%,14,12946,12960,12478,2,12,468
0x875824,93.5185%,14,202,216,202,6,8,0
0x7a3873,99.5606%,14,3172,3186,3120,7,7,52
0x77b61e,99.2708%,14,1906,1920,1676,4,10,230
0x96b7cc,99.9795%,14,68131,68145,12595,2,12,55536
0x78da1b,97.6351%,14,578,592,515,3,11,63
0x7a5e8d,99.8901%,14,12730,12744,12269,3,11,461
0x7d9715,96.7593%,14,418,432,418,6,8,0
0x873d26,97.0833%,14,466,480,419,1,13,47
0x877f68,99.8901%,14,12730,12744,12268,4,10,462
0x7a3799,97.0339%,14,458,472,409,4,10,49
0x87a76e,97.0833%,14,466,480,419,1,13,47
0x64bd19,97.8395%,14,634,648,620,4,10,14
0x827b21,99.0278%,14,1426,1440,1258,2,12,168
0x877773,97.0339%,14,458,472,412,1,13,46
0x7db127,97.0833%,14,466,480,416,4,10,50
0x7f994e,99.2424%,14,1834,1848,1381,5,9,453
0x7d4ecd,97.8896%,13,603,616,536,3,10,67
0x77e580,87.5%,13,91,104,89,7,6,2
0x872bff,99.2965%,13,1835,1848,1615,2,11,220
0x77cc05,99.796%,13,6359,6372,6252,2,11,107
0x735c50,96.8523%,13,400,413,352,2,11,48
0x77bfd5,99.796%,13,6359,6372,6252,2,11,107
0x77cc67,99.796%,13,6359,6372,6251,3,10,108
0x78add4,98.6458%,13,947,960,837,3,10,110
0x87b487,99.949%,13,25475,25488,25012,4,9,463
0x77ccc5,99.796%,13,6359,6372,6251,3,10,108
0x8482c9,97.8896%,13,603,616,537,2,11,66
0x87aa93,97.2917%,13,467,480,412,8,5,55
0x77c8e5,98.6229%,13,931,944,823,3,10,108
0x77facb,96.9907%,13,419,432,419,5,8,0
0x825e86,99.7833%,13,5987,6000,5246,4,9,741
0x78ee80,97.8618%,13,595,608,530,2,11,65
0x8751fc,99.8997%,13,12947,12960,12476,4,9,471
0x77cca7,99.796%,13,6359,6372,6252,2,11,107
0x7dbf57,99.8997%,13,12947,12960,12479,1,12,468
0x873376,97.2458%,13,459,472,411,2,11,48
0x96b845,99.8968%,13,12584,12597,0,0,13,12584
0x7d59e4,99.9702%,13,43646,43659,42041,1,12,1605
0x7a2f2a,99.8941%,13,12259,12272,11794,6,7,465
0x65f0e0,97.9938%,13,635,648,622,2,11,13
0x830966,93.9815%,13,203,216,202,6,7,1
0x7a37f3,99.592%,13,3173,3186,3123,4,9,50
0x7928a8,99.9414%,13,22187,22200,21308,4,9,879
0x7d9565,96.9907%,13,419,432,419,5,8,0
0x7a4b69,93.9815%,13,203,216,202,6,7,1
0x77c6a7,99.796%,13,6359,6372,6252,2,11,107
0x87b389,97.2917%,13,467,480,416,4,9,51
0x8777b8,99.898%,13,12731,12744,12269,3,10,462
0x77bff7,99.796%,13,6359,6372,6249,5,8,110
0x8734ad,97.2458%,13,459,472,412,1,12,47
0x8e4018,99.3934%,13,2130,2143,759,7,6,1371
0x87b525,99.592%,13,3173,3186,3119,8,5,54
0x64bdd8,97.9938%,13,635,648,621,3,10,14
0x7a5f09,97.2458%,13,459,472,408,5,8,51
0x8fa059,99.7797%,13,5889,5902,5888,7,6,1
0x77fdb0,87.5%,13,91,104,91,5,8,0
0x87967d,97.2458%,13,459,472,408,5,8,51
0x87620f,96.9907%,13,419,432,419,5,8,0
0x77f871,88.9831%,13,105,118,53,6,7,52
0x77c3dd,98.6229%,13,931,944,825,1,12,106
0x7975d2,97.8896%,13,603,616,535,4,9,68
0x7d5a22,94.3723%,13,218,231,150,4,9,68
0x879475,94.4444%,12,204,216,203,5,7,1
0x7972a4,99.9278%,12,16620,16632,16012,4,8,608
0x785ac1,88.4615%,12,92,104,91,5,7,1
0x77ec13,97.2222%,12,420,432,420,4,8,0
0x7d9976,97.2222%,12,420,432,420,4,8,0
0x7a38d2,99.6234%,12,3174,3186,3123,4,8,51
0x7a153d,99.9058%,12,12732,12744,12269,3,9,463
0x876303,94.4444%,12,204,216,204,4,8,0
0x827b04,99.9691%,12,38868,38880,37438,2,10,1430
0x7d8cd7,99.6296%,12,3228,3240,3177,3,9,51
0x77cc27,99.8117%,12,6360,6372,6251,3,9,109
0x7d88e5,94.4444%,12,204,216,202,6,6,2
0x77c07c,99.8117%,12,6360,6372,6252,2,10,108
0x7d9a35,97.2222%,12,420,432,420,4,8,0
0x78019c,94.4444%,12,204,216,204,4,8,0
0x92a7fe,85.1852%,12,69,81,67,7,5,2
0x87b585,99.6234%,12,3174,3186,3121,6,6,53
0x7a5cf0,99.9058%,12,12732,12744,12270,2,10,462
0x77cc45,99.8117%,12,6360,6372,6251,3,9,109
0x831e93,94.4444%,12,204,216,204,4,8,0
0x87dba5,97.4576%,12,460,472,411,2,10,49
0x7dc244,99.9074%,12,12948,12960,12479,1,11,469
0x78e571,99.9756%,12,49236,49248,47423,1,11,1813
0x87abcc,97.4576%,12,460,472,411,2,10,49
0x7f92d3,99.3827%,12,1932,1944,1928,4,8,4
0x7972b1,98.0519%,12,604,616,536,3,9,68
0x87d973,99.6234%,12,3174,3186,3122,5,7,52
0x87988a,97.5%,12,468,480,415,5,7,53
0x664c09,98.0519%,12,604,616,537,2,10,67
0x7d9fdf,97.2222%,12,420,432,420,4,8,0
0x65008e,99.9639%,12,33252,33264,32032,0,12,1220
0x875984,97.2222%,12,420,432,419,5,7,1
0x64f7f5,98.0519%,12,604,616,537,2,10,67
0x78c0a2,99.6296%,12,3228,3240,3176,4,8,52
0x78bfd4,99.6296%,12,3228,3240,3176,4,8,52
0x7dc5dd,97.5%,12,468,480,419,1,11,49
0x7da621,98.75%,12,948,960,839,1,11,109
0x7a5267,94.2308%,12,196,208,196,4,8,0
0x87db28,97.4576%,12,460,472,412,1,11,48
0x831b64,98.2143%,11,605,616,539,0,11,66
0x7d95d9,97.4537%,11,421,432,421,3,8,0
0x64ffce,99.9669%,11,33253,33264,32029,3,8,1224
0x875213,97.7083%,11,469,480,418,2,9,51
0x7d9a88,97.4537%,11,421,432,421,3,8,0
0x665738,99.9339%,11,16621,16632,16015,1,10,606
0x7d8cb5,99.6605%,11,3229,3240,3178,2,9,51
0x7a244c,99.9671%,11,33442,33453,32212,2,9,1230
0x7d6645,99.9511%,11,22489,22500,21598,2,9,891
0x7da032,97.4537%,11,421,432,421,3,8,0
0x7a5ea2,97.6695%,11,461,472,410,3,8,51
0x78d996,99.9312%,11,15973,15984,15389,3,8,584
0x7db3da,95.4167%,11,229,240,178,2,9,51
0x87d9e5,99.6547%,11,3175,3186,3124,3,8,51
0x7da81f,90.8333%,11,109,120,58,2,9,51
0x873242,94.9074%,11,205,216,205,3,8,0
0x7d883c,94.9074%,11,205,216,205,3,8,0
0x77c037,99.8274%,11,6361,6372,6253,1,10,108
0x825d76,99.8167%,11,5989,6000,5244,6,5,745
0x797724,98.2143%,11,605,616,538,1,10,67
0x78e2d8,99.9234%,11,14353,14364,13831,1,10,522
0x78c034,99.6605%,11,3229,3240,3177,3,8,52
0x77eb50,97.4537%,11,421,432,421,3,8,0
0x8754b1,97.7083%,11,469,480,419,1,10,50
0x8745a0,97.4537%,11,421,432,421,3,8,0
0x77c685,99.8274%,11,6361,6372,6249,5,6,112
0x797db0,99.9339%,11,16621,16632,16014,2,9,607
0x663a22,98.2143%,11,605,616,535,4,7,70
0x64b2b7,98.2143%,11,605,616,536,3,8,69
0x7803ff,97.6695%,11,461,472,412,1,10,49
0x77d247,97.4537%,11,421,432,421,3,8,0
0x7db6f2,97.7083%,11,469,480,419,1,10,50
0x77c705,99.8274%,11,6361,6372,6250,4,7,111
0x64b130,99.9339%,11,16621,16632,16016,0,11,605
0x848682,99.9982%,11,617499,617510,594639,0,11,22860
0x874511,97.4537%,11,421,432,421,3,8,0
0x7a184d,99.9137%,11,12733,12744,12267,5,6,466
0x7d853a,99.4271%,11,1909,1920,1678,2,9,231
0x7a11fd,99.9137%,11,12733,12744,12270,2,9,463
0x7db198,97.7083%,11,469,480,419,1,10,50
0x7f955c,98.0903%,11,565,576,500,4,7,65
0x7f956f,99.8016%,11,5533,5544,3692,4,7,1841
0x77fe3c,94.9074%,11,205,216,202,6,5,3
0x87da33,99.6547%,11,3175,3186,3122,5,6,53
0x78b9bc,98.8542%,11,949,960,837,3,8,112
0x78e2ec,97.9323%,11,521,532,455,1,10,66
0x7d9254,97.4537%,11,421,432,421,3,8,0
0x87da13,99.6861%,10,3176,3186,3124,3,7,52
0x7a3814,99.6861%,10,3176,3186,3124,3,7,52
0x77f91f,97.6852%,10,422,432,422,2,8,0
0x874234,95.3704%,10,206,216,205,3,7,1
0x8794c4,95.3704%,10,206,216,205,3,7,1
0x78dc25,99.9687%,10,31958,31968,30783,1,9,1175
0x7d879a,99.4792%,10,1910,1920,1677,3,7,233
0x7a401d,97.6852%,10,422,432,422,2,8,0
0x876432,97.6852%,10,422,432,422,2,8,0
0x87d9c3,99.6861%,10,3176,3186,3125,2,8,51
0x77cc85,99.8431%,10,6362,6372,6251,3,7,111
0x87b615,99.6861%,10,3176,3186,3123,4,6,53
0x780897,97.8814%,10,462,472,412,1,9,50
0x87464b,97.6852%,10,422,432,421,3,7,1
0x7db834,97.9167%,10,470,480,420,0,10,50
0x77fcd9,99.8397%,10,6230,6240,5756,4,6,474
0x87b5b5,99.6861%,10,3176,3186,3121,6,4,55
0x7a4f1a,95.3704%,10,206,216,205,3,7,1
0x876f7c,97.8814%,10,462,472,411,2,8,51
0x87740c,97.5787%,10,403,413,351,3,7,52
0x77fa61,97.6852%,10,422,432,422,2,8,0
0x790f67,95.614%,10,218,228,2,4,6,216
0x7d56fb,95.671%,10,221,231,151,3,7,70
0x7d8d17,99.6914%,10,3230,3240,3178,2,8,52
0x65e717,99.98%,10,49886,49896,48048,0,10,1838
0x7a38b2,99.6861%,10,3176,3186,3124,3,7,52
0x87b4c5,99.6861%,10,3176,3186,3124,3,7,52
0x87b555,99.6861%,10,3176,3186,3122,5,5,54
0x793ce7,99.9775%,10,44390,44400,43510,2,8,880
0x64a52c,98.9177%,10,914,924,689,4,6,225
0x7a3832,99.6861%,10,3176,3186,3122,5,5,54
0x7a1b6c,99.9215%,10,12734,12744,12268,4,6,466
0x78880b,98.9583%,10,950,960,837,3,7,113
0x78c003,99.6914%,10,3230,3240,3176,4,6,54
0x78e631,99.4518%,10,1814,1824,1594,2,8,220
0x7d9181,97.9167%,10,470,480,419,1,9,51
0x7951e5,98.3553%,10,598,608,531,1,9,67
0x8482a1,99.9699%,10,33254,33264,32829,3,7,425
0x797155,99.9399%,10,16622,16632,16014,2,8,608
0x78e610,99.9797%,10,49238,49248,47424,0,10,1814
0x64c42e,95.671%,10,221,231,151,3,7,70
0x879250,95.3704%,10,206,216,205,3,7,1
0x64add3,95.671%,10,221,231,154,0,10,67
0x7d8cf5,99.6914%,10,3230,3240,3178,2,8,52
0x7a416c,94.709%,10,179,189,178,4,6,1
0x87b6b9,97.9167%,10,470,480,418,2,8,52
0x64a264,98.9177%,10,914,924,689,4,6,225
0x7a40b9,95.1923%,10,198,208,197,3,7,1
0x848698,99.9563%,10,22861,22871,20009,3,7,2852
0x78be6a,98.9583%,10,950,960,838,2,8,112
0x7a1e29,97.5787%,10,403,413,351,3,7,52
0x77c015,99.8431%,10,6362,6372,6251,3,7,111
0x78643d,98.5197%,9,599,608,530,2,7,69
0x77c5bd,99.0466%,9,935,944,825,1,8,110
0x797162,98.539%,9,607,616,536,3,6,71
0x876505,91.3462%,9,95,104,94,2,7,1
0x7dc79d,98.125%,9,471,480,420,0,9,51
0x78bfa2,99.7222%,9,3231,3240,3177,3,6,54
0x64a457,99.9188%,9,11079,11088,10163,1,8,916
0x827c55,99.9769%,9,38871,38880,37438,2,7,1433
0x65ebf7,99.982%,9,49887,49896,48047,1,8,1840
0x8756cc,98.125%,9,471,480,416,4,5,55
0x7d8924,91.3462%,9,95,104,91,5,4,4
0x77f6c8,89.4118%,9,76,85,0,2,7,76
0x78c084,99.7222%,9,3231,3240,3175,5,4,56
0x7d7918,99.98%,9,44991,45000,44100,0,9,891
0x77ae97,98.1289%,9,472,481,0,0,9,472
0x7978b5,99.9459%,9,16623,16632,16015,1,8,608
0x7d560c,99.9813%,9,48039,48048,46198,2,7,1841
0x796fc4,98.539%,9,607,616,539,0,9,68
0x77fafe,97.9167%,9,423,432,423,1,8,0
0x830e44,95.8333%,9,207,216,205,3,6,2
0x87be3b,98.0932%,9,463,472,412,1,8,51
0x7d87b0,96.25%,9,231,240,118,2,7,113
0x7d9df2,97.9167%,9,423,432,423,1,8,0
0x7d8da5,99.7222%,9,3231,3240,3178,2,7,53
0x7d8d45,99.7222%,9,3231,3240,3176,4,5,55
0x77b3c7,96.25%,9,231,240,117,3,6,114
0x665038,95.8333%,9,207,216,207,1,8,0
0x86e0d4,96.1039%,9,222,231,150,4,5,72
0x7dbe22,98.125%,9,471,480,419,1,8,52
0x64bb03,81.25%,9,39,48,39,3,6,0
0x879ccc,95.8333%,9,207,216,204,4,5,3
0x7daf89,97.8571%,9,411,420,354,6,3,57
0x65f932,98.539%,9,607,616,538,1,8,69
0x64e9df,98.5%,9,591,600,525,0,9,66
0x7a3161,98.0932%,9,463,472,411,2,7,52
0x64b299,99.9459%,9,16623,16632,16014,2,7,609
0x797b28,97.0779%,9,299,308,228,3,6,71
0x877766,99.9294%,9,12735,12744,12270,2,7,465
0x65dcd4,99.513%,9,1839,1848,1616,1,8,223
0x797bea,99.9459%,9,16623,16632,16014,2,7,609
0x87b89d,98.125%,9,471,480,419,1,8,52
0x77c6e7,99.8588%,9,6363,6372,6251,3,6,112
0x794d0d,99.9349%,9,13823,13832,13300,0,9,523
0x7a5b03,98.0932%,9,463,472,412,1,8,51
0x7d8551,96.25%,9,231,240,116,4,5,115
0x650cf4,99.9452%,9,16407,16416,15807,1,8,600
0x787c0f,99.0625%,9,951,960,839,1,8,112
0x796a09,98.539%,9,607,616,538,1,8,69
0x785bf2,92.3077%,8,96,104,91,5,3,5
0x64b629,96.5368%,8,223,231,11,4,4,212
0x64b14e,98.7013%,8,608,616,537,2,6,71
0x65f8b1,98.7013%,8,608,616,539,0,8,69
0x97741a,99.9985%,8,550988,550996,543375,0,8,7613
0x65f38c,99.984%,8,49888,49896,48047,1,7,1841
0x64bf30,99.5614%,8,1816,1824,1594,2,6,222
0x64ea71,98.6667%,8,592,600,524,1,7,68
0x7978c2,98.7013%,8,608,616,538,1,7,70
0x78ec6d,99.9494%,8,15800,15808,15199,1,7,601
0x664600,99.9519%,8,16624,16632,16016,0,8,608
0x77cced,99.8745%,8,6364,6372,6252,2,6,112
0x831972,99.8076%,8,4150,4158,4080,1,7,70
0x7a28aa,99.9372%,8,12736,12744,12270,2,6,466
0x87b4f5,99.7489%,8,3178,3186,3124,3,5,54
0x78a9b4,99.1667%,8,952,960,838,2,6,114
0x874039,98.3871%,8,488,496,429,5,3,59
0x877f8c,98.3051%,8,464,472,410,3,5,54
0x87b5e5,99.7489%,8,3178,3186,3123,4,4,55
0x7a3895,99.7489%,8,3178,3186,3124,3,5,54
0x7d4dd8,66.6667%,8,16,24,16,5,3,0
0x8777c5,98.3051%,8,464,472,412,1,7,52
0x78c0d2,99.7531%,8,3232,3240,3177,3,5,55
0x797717,99.9519%,8,16624,16632,16013,3,5,611
0x78be48,99.9691%,8,25912,25920,24958,2,6,954
0x9774b8,99.9837%,8,49048,49056,7004,4,4,42044
0x77dc9a,99.1667%,8,952,960,839,1,7,113
0x78c062,99.7531%,8,3232,3240,3178,2,6,54
0x77fd0e,98.3333%,8,472,480,419,1,7,53
0x961595,99.1304%,8,912,920,72,5,3,840
0x8741a1,99.1736%,8,960,968,845,2,6,115
0x7938de,99.964%,8,22192,22200,21310,2,6,882
0x8e5f2a,98.7034%,8,609,617,0,0,8,609
0x7d8d85,99.7531%,8,3232,3240,3178,2,6,54
0x7d5cb2,96.5368%,8,223,231,1,5,3,222
0x977404,99.9985%,8,550988,550996,7620,1,7,543368
0x87a902,98.3333%,8,472,480,14,2,6,458
0x65ec04,99.5671%,8,1840,1848,1615,2,6,225
0x97a6e8,99.7916%,8,3831,3839,1741,4,4,2090
0x77c6c5,99.8745%,8,6364,6372,6252,2,6,112
0x7dbc29,96.6667%,8,232,240,179,1,7,53
0x7da0c8,98.1481%,8,424,432,424,0,8,0
0x65dcc7,99.984%,8,49888,49896,48047,1,7,1841
0x879302,96.2963%,8,208,216,205,3,5,3
0x650d0b,98.6842%,8,600,608,531,1,7,69
0x786297,98.6842%,8,600,608,532,0,8,68
0x65039e,98.8636%,7,609,616,459,3,4,150
0x78dd0c,99.9781%,7,31961,31968,30784,0,7,1177
0x79644e,99.9126%,7,8001,8008,7391,1,6,610
0x7a5dbe,98.5169%,7,465,472,412,1,6,53
0x7d6a60,70.8333%,7,17,24,17,1,6,0
0x825d66,99.9957%,7,161993,162000,155998,2,5,5995
0x794eb3,98.6842%,7,525,532,453,3,4,72
0x87888f,95.7576%,7,158,165,0,3,4,158
0x831a32,99.8316%,7,4151,4158,4080,1,6,71
0x791a7e,70.8333%,7,17,24,17,1,6,0
0x7a35c1,98.5169%,7,465,472,411,2,5,54
0x78e11f,98.8487%,7,601,608,531,1,6,70
0x831a62,99.8316%,7,4151,4158,4081,0,7,70
0x963693,99.3913%,7,1143,1150,0,0,7,1143
0x64ba4f,85.4167%,7,41,48,41,1,6,0
0x7a3718,98.5169%,7,465,472,413,0,7,52
0x77e934,99.973%,7,25913,25920,430,2,5,25483
0x78fd81,99.9838%,7,43085,43092,41493,3,4,1592
0x64a8a2,99.3939%,7,1148,1155,0,0,7,1148
0x80c6c4,90.7895%,7,69,76,64,3,4,5
0x650f9b,97.7273%,7,301,308,227,4,3,74
0x796e65,99.9579%,7,16625,16632,16016,0,7,609
0x7a57ca,96.2963%,7,182,189,180,2,5,2
0x795621,97.6974%,7,297,304,227,1,6,70
0x7d59ff,99.5671%,7,1610,1617,1386,0,7,224
0x7d7439,99.9689%,7,22493,22500,21599,1,6,894
0x879c21,98.5417%,7,473,480,419,1,6,54
0x77b647,97.0833%,7,233,240,117,3,4,116
0x877691,98.5169%,7,465,472,412,1,6,53
0x7952f5,99.9574%,7,16409,16416,15807,1,6,602
0x78620e,99.9114%,7,7897,7904,7293,3,4,604
0x91fdf1,98.4649%,7,449,456,182,4,3,267
0x735e2d,98.3051%,7,406,413,353,1,6,53
0x78fdcc,99.5614%,7,1589,1596,1364,4,3,225
0x64bbad,85.4167%,7,41,48,41,1,6,0
0x5e9603,99.9978%,7,323993,324000,323249,1,6,744
0x77f403,94.0678%,7,111,118,57,2,5,54
0x7d5064,98.8636%,7,609,616,537,2,5,72
0x7dbb21,98.5417%,7,473,480,418,2,5,55
0x87d995,99.7803%,7,3179,3186,3125,2,5,54
0x8e3edb,99.8395%,7,4354,4361,3642,1,6,712
0x87a020,98.5417%,7,473,480,417,3,4,56
0x64b22f,98.8636%,7,609,616,538,1,6,71
0x786903,94.1667%,7,113,120,58,2,5,55
0x830a38,98.8636%,7,609,616,537,2,5,72
0x77fddb,56.25%,7,9,16,5,3,4,4
0x877b63,98.5169%,7,465,472,411,2,5,54
0x82770c,99.0654%,7,742,749,518,3,4,224
0x827707,99.8832%,7,5985,5992,5240,3,4,745
0x77b3ed,95%,6,114,120,59,1,5,55
0x786155,99.0132%,6,602,608,0,0,6,602
0x78b946,99.375%,6,954,960,0,0,6,954
0x825cf1,99.9%,6,5994,6000,5250,0,6,744
0x7a2473,99.5157%,6,1233,1239,1060,2,4,173
0x64adb8,99.4805%,6,1149,1155,922,2,4,227
0x7a8922,99.6753%,6,1842,1848,1616,1,5,226
0x64ab5a,99.4805%,6,1149,1155,924,0,6,225
0x872a33,96.8912%,6,187,193,95,2,4,92
0x650e8d,98%,6,294,300,224,1,5,70
0x64f876,99.026%,6,610,616,538,1,5,72
0x87cf32,98.6111%,6,426,432,423,1,5,3
0x7930d7,99.973%,6,22194,22200,21308,4,2,886
0x78ad89,99.375%,6,954,960,839,1,5,115
0x65f3a3,99.6753%,6,1842,1848,1616,1,5,226
0x7d56bf,99.6753%,6,1842,1848,1616,1,5,226
0x785ece,94.2308%,6,98,104,92,4,2,6
0x663722,99.026%,6,610,616,539,0,6,71
0x78f49f,99.6711%,6,1818,1824,1595,1,5,223
0x64bf9c,99.9878%,6,49242,49248,47424,0,6,1818
0x795283,99.0132%,6,602,608,530,2,4,72
0x92a7e0,99.8983%,6,5896,5902,0,0,6,5896
0x9773dc,99.9989%,6,550990,550996,550688,1,5,302
0x87c7fb,99.5763%,6,1410,1416,0,0,6,1410
0x7a4743,71.4286%,6,15,21,15,3,3,0
0x77f7f5,99.9882%,6,50970,50976,50970,4,2,0
0x7975c5,99.9639%,6,16626,16632,16016,0,6,610
0x83073b,94.2308%,6,98,104,94,2,4,4
0x7d87d6,95%,6,114,120,59,1,5,55
0x8279b6,99.5833%,6,1434,1440,1258,2,4,176
0x64f858,99.9639%,6,16626,16632,16014,2,4,612
0x7a3fd9,96.2963%,6,156,162,106,2,4,50
0x8e35c6,99.562%,6,1364,1370,547,1,5,817
0x797a04,99.9639%,6,16626,16632,16015,1,5,611
0x77c055,99.9058%,6,6366,6372,6252,2,4,114
0x78dc8d,99.4932%,6,1178,1184,1034,2,4,144
0x7d8d67,99.8148%,6,3234,3240,3179,1,5,55
0x7db1f8,98.75%,6,474,480,417,3,3,57
0x8481f0,99.982%,6,33258,33264,32830,2,4,428
0x7a3854,99.8117%,6,3180,3186,3125,2,4,55
0x7f929a,99.1987%,5,619,624,587,1,4,32
0x795fe9,99.1776%,5,603,608,531,1,4,72
0x87c518,79.1667%,5,19,24,19,2,3,0
0x64575a,99.8524%,5,3383,3388,2540,1,4,843
0x64fa02,99.1883%,5,611,616,536,3,2,75
0x664629,99.1883%,5,611,616,538,1,4,73
0x84802b,99.8582%,5,3520,3525,2857,1,4,663
0x9773cc,99.9991%,5,550991,550996,550686,3,2,305
0x795f3e,99.9367%,5,7899,7904,7294,2,3,605
0x64beb7,79.1667%,5,19,24,19,2,3,0
0x650e2b,98.3333%,5,295,300,0,0,5,295
0x793b22,99.4369%,5,883,888,665,1,4,218
0x831a02,99.8797%,5,4153,4158,4080,1,4,73
0x664be0,99.9699%,5,16627,16632,16015,1,4,612
0x66574e,99.1883%,5,611,616,538,1,4,73
0x827760,99.9898%,5,49243,49248,47423,1,4,1820
0x6500a2,99.5942%,5,1227,1232,1078,0,5,149
0x64f9a8,99.9699%,5,16627,16632,16016,0,5,611
0x78c57e,79.1667%,5,19,24,19,2,3,0
0x78f1ad,99.1554%,5,587,592,518,0,5,69
0x8e5f11,99.1896%,5,612,617,0,0,5,612
0x7a459c,79.1667%,5,19,24,19,2,3,0
0x64b938,99.9893%,5,46651,46656,44927,1,4,1724
0x64bdfd,79.1667%,5,19,24,19,2,3,0
0x8277f3,99.3324%,5,744,749,567,2,3,177
0x64b97c,66.6667%,5,10,15,4,5,0,6
0x78e597,99.7259%,5,1819,1824,1595,1,4,224
0x977534,99.0099%,5,500,505,0,0,5,500
0x64ea54,99.9691%,5,16195,16200,15600,0,5,595
0x64f7d8,99.9699%,5,16627,16632,16016,0,5,611
0x79184e,99.4369%,5,883,888,665,1,4,218
0x872ad4,98.6111%,5,355,360,298,2,3,57
0x7963a4,99.1883%,5,611,616,0,0,5,611
0x78e668,97.807%,5,223,228,151,1,4,72
0x797f9d,99.1883%,5,611,616,539,0,5,72
0x78dd64,99.5777%,5,1179,1184,1036,0,5,143
0x64bbbc,44.4444%,5,4,9,4,2,3,0
0x8727a3,58.3333%,5,7,12,7,3,2,0
0x78fab9,99.9652%,5,14359,14364,13828,4,1,531
0x77c72c,99.9215%,5,6367,6372,6254,0,5,113
0x8277d0,99.9942%,5,86827,86832,83614,2,3,3213
0x78efb0,93.4211%,5,71,76,0,2,3,71
0x796fb7,99.9699%,5,16627,16632,16016,0,5,611
0x827543,99.9166%,5,5992,5997,5248,0,5,744
0x78fb16,99.0602%,5,527,532,455,1,4,72
0x79695e,99.9376%,5,8003,8008,7391,1,4,612
0x872dec,75%,4,12,16,12,2,2,0
0x8740bc,99.3681%,4,629,633,618,2,2,11
0x7879f3,99.5833%,4,956,960,0,0,4,956
0x65f0f6,83.3333%,4,20,24,20,1,3,0
0x5e95e6,99.4667%,4,746,750,0,0,4,746
0x961785,99.2537%,4,532,536,230,0,4,302
0x80dec2,94.7368%,4,72,76,66,1,3,6
0x64e904,94.8052%,4,73,77,0,2,2,73
0x7d81ce,98.2684%,4,227,231,154,0,4,73
0x64b76d,99.7685%,4,1724,1728,1512,0,4,212
0x797dbd,99.3506%,4,612,616,537,2,2,75
0x962801,98.2609%,4,226,230,0,0,4,226
0x8e35e6,99.708%,4,1366,1370,0,0,4,1366
0x78ef9b,98.2456%,4,224,228,151,1,3,73
0x77b16b,93.3333%,4,56,60,56,3,1,0
0x77fc92,93.3333%,4,56,60,0,0,4,56
0x961575,99.6522%,4,1146,1150,229,1,3,917
0x879dc9,92.5926%,4,50,54,50,3,1,0
0x7da578,99.5833%,4,956,960,839,1,3,117
0x827525,99.9975%,4,161915,161919,155922,0,4,5993
0x96154a,99.6522%,4,1146,1150,0,0,4,1146
0x97a6f6,99.809%,4,2090,2094,1744,1,3,346
0x65e724,99.7835%,4,1844,1848,1617,0,4,227
0x792b07,99.5495%,4,884,888,666,0,4,218
0x830a21,99.9759%,4,16628,16632,16016,0,4,612
0x7aa46c,99.9756%,4,16412,16416,15808,0,4,604
0x64ffe2,99.6753%,4,1228,1232,1076,2,2,152
0x825e01,99.9333%,4,5996,6000,5250,0,4,746
0x872a22,99.9306%,4,5756,5760,5564,3,1,192
0x87514d,83.3333%,4,20,24,20,1,3,0
0x64e9a5,99.9753%,4,16196,16200,15599,1,3,597
0x791594,99.982%,4,22196,22200,21311,1,3,885
0x86d6b7,94.8052%,4,73,77,0,2,2,73
0x87293c,96.6667%,4,116,120,116,2,2,0
0x796809,99.3506%,4,612,616,0,0,4,612
0x87c949,97.7401%,4,173,177,173,1,3,0
0x91f8bd,99.1471%,4,465,469,4,2,2,461
0x86d9dd,83.3333%,4,20,24,20,1,3,0
0x77f845,99.9922%,4,50972,50976,50972,2,2,0
0x78f181,99.975%,4,15980,15984,15392,0,4,588
0x7a34ac,99.0315%,4,409,413,352,2,2,57
0x64e571,99.9667%,4,12008,12012,11549,1,3,459
0x7db428,93.3333%,4,56,60,0,0,4,56
0x77f794,99.9922%,4,50972,50976,50972,2,2,0
0x8319a2,99.9038%,4,4154,4158,4080,1,3,74
0x65dce4,98.2684%,4,227,231,153,1,3,74
0x831912,99.9038%,4,4154,4158,4080,1,3,74
0x6639b8,99.9759%,4,16628,16632,16015,1,3,613
0x650f1b,98.7013%,4,304,308,0,0,4,304
0x9617cd,98.6928%,4,302,306,0,0,4,302
0x7a2b6e,99.1525%,4,468,472,0,0,4,468
0x7d8577,97.5%,3,117,120,59,1,2,58
0x7d9875,94.4444%,3,51,54,51,2,1,0
0x787ca3,97.5%,3,117,120,117,1,2,0
0x879d49,94.4444%,3,51,54,51,2,1,0
0x794881,98.6842%,3,225,228,151,1,2,74
0x80dea0,96.1039%,3,74,77,0,1,2,74
0x78881f,97.5%,3,117,120,117,1,2,0
0x9600c5,99.7394%,3,1148,1151,230,1,2,918
0x7d92d7,94.4444%,3,51,54,51,2,1,0
0x7d9e76,94.4444%,3,51,54,51,2,1,0
0x7d9221,95%,3,57,60,57,2,1,0
0x7db466,95%,3,57,60,0,0,3,57
0x8e38e1,99.781%,3,1367,1370,548,0,3,819
0x65ec14,98.7013%,3,228,231,153,1,2,75
0x879dee,94.4444%,3,51,54,51,2,1,0
0x7968bd,99.513%,3,613,616,0,0,3,613
0x80c6a2,96.1039%,3,74,77,0,1,2,74
0x9617da,99.0196%,3,303,306,76,0,3,227
0x879d6b,94.4444%,3,51,54,51,2,1,0
0x77fdc8,81.25%,3,13,16,0,3,0,13
0x7d9e57,94.4444%,3,51,54,51,2,1,0
0x7d9ef2,94.4444%,3,51,54,51,2,1,0
0x7d9353,94.4444%,3,51,54,51,2,1,0
0x97752a,99.4059%,3,502,505,0,0,3,502
0x7d932c,94.4444%,3,51,54,51,2,1,0
0x77e208,97.5%,3,117,120,0,0,3,117
0x7d9eb4,94.4444%,3,51,54,51,2,1,0
0x97ae52,99.9177%,3,3640,3643,1896,2,1,1744
0x7f92dd,75%,3,9,12,3,3,0,6
0x78fdef,98.6842%,3,225,228,150,2,1,75
0x64ef54,96.1039%,3,74,77,1,0,3,73
0x795e0c,99.5066%,3,605,608,0,0,3,605
0x7a3037,99.3644%,3,469,472,0,0,3,469
0x8fa048,99.9492%,3,5899,5902,0,0,3,5899
0x7d9e95,94.4444%,3,51,54,51,2,1,0
0x91d945,99.3603%,3,466,469,466,3,0,0
0x64ff62,98.7013%,3,228,231,77,0,3,151
0x77f51d,95.3125%,3,61,64,61,2,1,0
0x87a0f7,95%,3,57,60,57,3,0,0
0x6636b8,99.982%,3,16629,16632,16015,1,2,614
0x879dab,94.4444%,3,51,54,51,2,1,0
0x7d92fd,94.4444%,3,51,54,51,2,1,0
0x7d9f11,94.4444%,3,51,54,51,2,1,0
0x7d93bb,94.4444%,3,51,54,51,2,1,0
0x785afe,62.5%,3,5,8,5,2,1,0
0x7a8939,98.7013%,3,228,231,153,1,2,75
0x7d7965,99.6667%,3,897,900,675,0,3,222
0x8d0316,98.9051%,3,271,274,0,0,3,271
0x86d97f,98.7013%,3,228,231,228,0,3,0
0x827783,99.5995%,3,746,749,344,3,0,402
0x785a83,62.5%,3,5,8,0,0,3,5
0x77f74c,96.4706%,3,82,85,1,1,2,81
0x864fe8,99.3478%,3,457,460,0,0,3,457
0x827679,99.9981%,3,161781,161784,155792,0,3,5989
0x82777e,99.8355%,3,1821,1824,1596,0,3,225
0x7987b1,98.7013%,3,228,231,154,0,3,74
0x64b85a,99.9936%,3,46653,46656,44927,1,2,1726
0x7db209,95%,3,57,60,0,0,3,57
0x64bfb6,99.8355%,3,1821,1824,1595,1,2,226
0x7d939b,94.4444%,3,51,54,51,2,1,0
0x7a8886,96.1039%,3,74,77,74,2,1,0
0x78f4f3,98.6842%,3,225,228,152,0,3,73
0x64bd43,87.5%,3,21,24,21,0,3,0
0x7d98b8,94.4444%,3,51,54,51,2,1,0
0x77b66d,97.5%,3,117,120,59,1,2,58
0x879d2b,94.4444%,3,51,54,51,2,1,0
0x8273d8,99.9981%,3,161997,162000,156000,0,3,5997
0x8319d2,99.9278%,3,4155,4158,4081,0,3,74
0x879d89,94.4444%,3,51,54,51,2,1,0
0x78e30f,96.0526%,3,73,76,0,2,1,73
0x7d937b,94.4444%,3,51,54,51,2,1,0
0x7d97e1,94.4444%,3,51,54,51,2,1,0
0x78d1e2,96.0526%,3,73,76,0,2,1,73
0x7d981f,94.4444%,3,51,54,51,2,1,0
0x7d7667,99.6667%,3,897,900,674,1,2,223
0x797f90,99.982%,3,16629,16632,16015,1,2,614
0x7f9323,75%,3,9,12,0,0,3,9
0x7d983e,94.4444%,3,51,54,51,2,1,0
0x7d9ed3,94.4444%,3,51,54,51,2,1,0
0x879d09,94.4444%,3,51,54,51,2,1,0
0x7d988d,94.4444%,3,51,54,51,2,1,0
0x7d92b8,94.4444%,3,51,54,51,2,1,0
0x95faeb,99.6053%,3,757,760,684,0,3,73
0x8732f9,95%,3,57,60,0,1,2,57
0x796e72,99.513%,3,613,616,539,0,3,74
0x7d9800,94.4444%,3,51,54,51,2,1,0
0x873ed1,97.5207%,3,118,121,58,1,2,60
0x78a3d6,95%,3,57,60,57,2,1,0
0x87b41f,95%,3,57,60,0,1,2,57
0x64be31,98.7013%,3,228,231,228,0,3,0
0x64b1a8,99.982%,3,16629,16632,16015,1,2,614
0x793d18,99.6622%,3,885,888,665,1,2,220
0x8e7b75,99.7569%,3,1231,1234,616,1,2,615
0x875997,75%,2,6,8,6,1,1,0
0x79132a,99.7748%,2,886,888,0,0,2,886
0x7d985d,96.2963%,2,52,54,52,1,1,0
0x7973c8,99.3506%,2,306,308,231,0,2,75
0x87b8dd,96.6667%,2,58,60,58,1,1,0
0x8750d2,96.6667%,2,58,60,58,1,1,0
0x831942,99.9519%,2,4156,4158,4081,0,2,75
0x7805f8,96.6102%,2,57,59,57,1,1,0
0x796a64,97.4026%,2,75,77,0,0,2,75
0x7da871,96.6667%,2,58,60,58,1,1,0
0x7d9fec,75%,2,6,8,6,1,1,0
0x7d884c,75%,2,6,8,6,1,1,0
0x7da0d5,75%,2,6,8,6,1,1,0
0x7d8800,96.6667%,2,58,60,58,1,1,0
0x8757b0,75%,2,6,8,6,1,1,0
0x787cdb,0%,2,0,2,0,1,1,0
0x8d02e0,98.5401%,2,135,137,0,0,2,135
0x7a4bb5,75%,2,6,8,6,1,1,0
0x7808b4,96.6102%,2,57,59,57,1,1,0
0x87dec7,96.6102%,2,57,59,57,1,1,0
0x77f054,99.9922%,2,25486,25488,25486,2,0,0
0x87515d,33.3333%,2,1,3,1,1,1,0
0x879ce5,75%,2,6,8,6,1,1,0
0x780a6d,96.6102%,2,57,59,57,1,1,0
0x872c1b,97.4026%,2,75,77,0,0,2,75
0x7a8a0f,97.4026%,2,75,77,0,0,2,75
0x7d9a92,75%,2,6,8,6,1,1,0
0x879274,75%,2,6,8,6,1,1,0
0x87324f,75%,2,6,8,6,1,1,0
0x91f7c2,99.5736%,2,467,469,455,1,1,12
0x77b41d,96.6667%,2,58,60,58,1,1,0
0x650555,97.4026%,2,75,77,0,0,2,75
0x8731ae,96.7742%,2,60,62,60,1,1,0
0x77b5cb,98.3333%,2,118,120,0,0,2,118
0x650014,99.1342%,2,229,231,77,0,2,152
0x6650fc,97.4026%,2,75,77,0,0,2,75
0x785c2d,75%,2,6,8,6,1,1,0
0x8277ee,99.9378%,2,3214,3216,2813,1,1,401
0x7a5489,75%,2,6,8,6,1,1,0
0x78c59c,33.3333%,2,1,3,1,1,1,0
0x7d4dfc,33.3333%,2,1,3,1,1,1,0
0x77eb21,96.6667%,2,58,60,58,1,1,0
0x874535,75%,2,6,8,6,1,1,0
0x879c32,96.6667%,2,58,60,58,1,1,0
0x878ab3,96.6102%,2,57,59,57,1,1,0
0x876226,75%,2,6,8,6,1,1,0
0x7a4189,71.4286%,2,5,7,5,1,1,0
0x7d5d02,99.1111%,2,223,225,0,0,2,223
0x875831,75%,2,6,8,6,1,1,0
0x7801b3,75%,2,6,8,6,1,1,0
0x7d9987,75%,2,6,8,6,1,1,0
0x650d19,97.3684%,2,74,76,74,0,2,0
0x665f8c,97.4026%,2,75,77,75,0,2,0
0x86e3b7,97.4026%,2,75,77,75,0,2,0
0x7859b0,75%,2,6,8,6,1,1,0
0x77f004,99.9922%,2,25486,25488,25486,2,0,0
0x86ed3e,96.6667%,2,58,60,58,1,1,0
0x825dea,99.9988%,2,161998,162000,156000,0,2,5998
0x785850,75%,2,6,8,6,1,1,0
0x7d85a1,96.6667%,2,58,60,58,1,1,0
0x785900,75%,2,6,8,6,1,1,0
0x97ace6,88.2353%,2,15,17,15,1,1,0
0x65f10d,33.3333%,2,1,3,1,1,1,0
0x7a3f3a,96.6667%,2,58,60,57,2,0,1
0x9600fa,99.7826%,2,918,920,0,0,2,918
0x8e3503,99.927%,2,2738,2740,1369,1,1,1369
0x87a046,96.6667%,2,58,60,58,1,1,0
0x87ce40,33.3333%,2,1,3,1,1,1,0
0x872308,0%,2,0,2,0,1,1,0
0x879ebc,99.5833%,2,478,480,419,1,1,59
0x77e5c4,75%,2,6,8,6,1,1,0
0x87609d,96.6102%,2,57,59,57,1,1,0
0x786442,97.3684%,2,74,76,74,1,1,0
0x8276f0,99.9988%,2,161782,161784,155792,0,2,5990
0x64e74c,99.5671%,2,460,462,383,2,0,77
0x77d268,75%,2,6,8,6,1,1,0
0x874658,75%,2,6,8,6,1,1,0
0x977439,99.9738%,2,7619,7621,0,0,2,7619
0x77eb61,75%,2,6,8,6,1,1,0
0x78a6b5,98.3333%,2,118,120,118,2,0,0
0x7887da,99.8958%,2,1918,1920,959,1,1,959
0x7a4f5d,75%,2,6,8,6,1,1,0
0x7d956f,75%,2,6,8,6,1,1,0
0x78c466,75%,2,6,8,6,1,1,0
0x64b211,99.988%,2,16630,16632,16015,1,1,615
0x9773f3,99.9996%,2,550994,550996,550229,1,1,765
0x785f57,75%,2,6,8,6,1,1,0
0x87cf03,99.537%,2,430,432,430,2,0,0
0x879ecf,96.6667%,2,58,60,58,1,1,0
0x83081a,98.3333%,2,118,120,118,1,1,0
0x8e3ee3,99.7214%,2,716,718,580,1,1,136
0x77f1d5,99.9922%,2,25486,25488,25486,2,0,0
0x7d88fd,75%,2,6,8,6,1,1,0
0x8756f4,96.6667%,2,58,60,58,1,1,0
0x77f104,99.9922%,2,25486,25488,25486,2,0,0
0x78c2fc,96.6667%,2,58,60,58,1,1,0
0x78c3b3,75%,2,6,8,6,1,1,0
0x7f9694,99.8971%,2,1942,1944,1942,2,0,0
0x77fd32,96.6667%,2,58,60,58,1,1,0
0x7d9ae3,75%,2,6,8,6,1,1,0
0x86ec95,96.6667%,2,58,60,58,1,1,0
0x872717,98.9583%,2,190,192,190,2,0,0
0x9602c3,99.1342%,2,229,231,0,0,2,229
0x87dbe2,96.6102%,2,57,59,57,1,1,0
0x77fce3,99.5833%,2,478,480,0,0,2,478
0x87653d,75%,2,6,8,6,1,1,0
0x64bec5,99.1228%,2,226,228,0,0,2,226
0x872aeb,96.6667%,2,58,60,58,1,1,0
0x877f9a,96.6102%,2,57,59,0,0,2,57
0x796178,97.4026%,2,75,77,0,0,2,75
0x9636fb,99.8261%,2,1148,1150,0,0,2,1148
0x7db2c2,99.1667%,2,238,240,0,0,2,238
0x7d9a42,75%,2,6,8,6,1,1,0
0x876144,96.6667%,2,58,60,58,1,1,0
0x9615f0,99.3485%,2,305,307,230,0,2,75
0x97ae5c,99.9451%,2,3641,3643,3641,1,1,0
0x87c035,96.6102%,2,57,59,57,1,1,0
0x7a40fd,75%,2,6,8,6,1,1,0
0x872c12,99.1342%,2,229,231,154,0,2,75
0x7d9265,75%,2,6,8,6,1,1,0
0x83075e,75%,2,6,8,6,1,1,0
0x664ebc,97.4026%,2,75,77,0,0,2,75
0x6650a2,75%,2,6,8,6,1,1,0
0x873d73,96.6667%,2,58,60,58,1,1,0
0x91fae2,99.5736%,2,467,469,0,0,2,467
0x831eb5,75%,2,6,8,6,1,1,0
0x7d9487,75%,2,6,8,6,1,1,0
0x91f919,99.5736%,2,467,469,454,2,0,13
0x77ec38,75%,2,6,8,6,1,1,0
0x8745cd,75%,2,6,8,6,1,1,0
0x786963,96.6667%,2,58,60,58,1,1,0
0x66398a,99.6753%,2,614,616,0,0,2,614
0x7a580c,71.4286%,2,5,7,5,1,1,0
0x87aaa3,96.6667%,2,58,60,0,1,1,58
0x7d9637,75%,2,6,8,6,1,1,0
0x7d9dbf,96.6102%,2,57,59,57,1,1,0
0x788869,0%,2,0,2,0,1,1,0
0x876310,75%,2,6,8,6,1,1,0
0x87acaa,96.6667%,2,58,60,58,2,0,0
0x8273e8,99.9667%,2,5998,6000,5250,0,2,748
0x77fdf9,75%,2,6,8,6,1,1,0
0x6504c9,97.4026%,2,75,77,75,1,1,0
0x77f8a4,96.875%,2,62,64,62,1,1,0
0x7d9e03,75%,2,6,8,6,1,1,0
0x77f8f7,96.6102%,2,57,59,57,1,1,0
0x7d9434,75%,2,6,8,6,1,1,0
0x87639d,99.537%,2,430,432,430,2,0,0
0x7d96bd,75%,2,6,8,6,1,1,0
0x7a21de,99.8588%,2,1414,1416,1414,2,0,0
0x876445,75%,2,6,8,6,1,1,0
0x7d9b2b,75%,2,6,8,6,1,1,0
0x7a4030,75%,2,6,8,6,1,1,0
0x7aa47c,99.6711%,2,606,608,532,0,2,74
0x77f930,75%,2,6,8,6,1,1,0
0x87cf4a,75%,2,6,8,6,1,1,0
0x7a3672,99.5763%,2,470,472,470,2,0,0
0x8306a1,98.5401%,2,135,137,0,1,1,135
0x780434,96.6102%,2,57,59,57,1,1,0
0x77f21b,96.6102%,2,57,59,57,1,1,0
0x77d1b1,75%,2,6,8,6,1,1,0
0x87948b,75%,2,6,8,6,1,1,0
0x7d89bd,75%,2,6,8,6,1,1,0
0x847f6e,99.9456%,2,3677,3679,3677,2,0,0
0x77f175,99.9922%,2,25486,25488,25486,2,0,0
0x77d113,96.6102%,2,57,59,57,1,1,0
0x77f0b4,99.9922%,2,25486,25488,25486,2,0,0
0x77fb0e,75%,2,6,8,6,1,1,0
0x95f9a8,99.7368%,2,758,760,76,0,2,682
0x77fa78,75%,2,6,8,6,1,1,0
0x961778,99.3464%,2,304,306,0,0,2,304
0x83097a,75%,2,6,8,6,1,1,0
0x77fae2,75%,2,6,8,6,1,1,0
0x8794db,75%,2,6,8,6,1,1,0
0x77f9fe,96.6667%,2,58,60,58,1,1,0
0x77e44c,96.6667%,2,58,60,58,1,1,0
0x7d971f,75%,2,6,8,6,1,1,0
0x7d894d,75%,2,6,8,6,1,1,0
0x7d95e3,75%,2,6,8,6,1,1,0
0x7da03c,75%,2,6,8,6,1,1,0
0x87930f,75%,2,6,8,6,1,1,0
0x874244,75%,2,6,8,6,1,1,0
0x87680e,96.6667%,2,58,60,58,1,1,0
0x825bfe,99.8667%,1,749,750,749,1,0,0
0x786cfe,0%,1,0,1,0,1,0,0
0x7a47c7,66.6667%,1,2,3,2,0,1,0
0x7da08d,99.3827%,1,161,162,161,1,0,0
0x787bce,99.9479%,1,1919,1920,959,1,0,960
0x7a14cf,99.7881%,1,471,472,471,1,0,0
0x91f886,99.7868%,1,468,469,468,1,0,0
0x7a5f21,98.3051%,1,58,59,58,1,0,0
0x788312,0%,1,0,1,0,0,1,0
0x92a9a2,85.7143%,1,6,7,6,1,0,0
0x87cf53,0%,1,0,1,0,1,0,0
0x7a1b0a,99.7881%,1,471,472,471,1,0,0
0x7da72e,99.7908%,1,477,478,477,1,0,0
0x7a46b3,95.2381%,1,20,21,20,1,0,0
0x665fc1,50%,1,1,2,1,1,0,0
0x65f11a,0%,1,0,1,0,1,0,0
0x786d56,0%,1,0,1,0,1,0,0
0x77f5ec,98.4375%,1,63,64,63,1,0,0
0x77fba2,0%,1,0,1,0,0,1,0
0x7db4b9,98.3333%,1,59,60,0,0,1,59
0x78052a,99.3827%,1,161,162,161,1,0,0
0x65f811,0%,1,0,1,0,0,1,0
0x7a23e8,99.9193%,1,1238,1239,1238,1,0,0
0x86e3e3,50%,1,1,2,1,1,0,0
0x879686,98.3051%,1,58,59,58,1,0,0
0x650c22,98.7013%,1,76,77,76,0,1,0
0x78871b,99.8958%,1,959,960,959,1,0,0
0x785f26,93.75%,1,15,16,7,1,0,8
0x77dc63,98.8095%,1,83,84,83,1,0,0
0x86ebd5,98.3333%,1,59,60,59,0,1,0
0x77f733,99.998%,1,50890,50891,50890,1,0,0
0x8723c0,50%,1,1,2,0,1,0,1
0x812a47,93.75%,1,15,16,15,1,0,0
0x77cbba,99.3976%,1,165,166,165,1,0,0
0x872155,0%,1,0,1,0,1,0,0
0x786a4f,0%,1,0,1,0,0,1,0
0x65f06b,0%,1,0,1,0,0,1,0
0x786a66,0%,1,0,1,0,1,0,0
0x7859d5,0%,1,0,1,0,1,0,0
0x77fa4c,99.3827%,1,161,162,161,1,0,0
0x66df59,50%,1,1,2,1,1,0,0
0x77af16,98.8095%,1,83,84,83,1,0,0
0x78bc96,99.8958%,1,959,960,959,1,0,0
0x7d9730,0%,1,0,1,0,1,0,0
0x7a4e93,87.5%,1,7,8,7,1,0,0
0x8795d3,98.3333%,1,59,60,0,1,0,59
0x65e16a,98.7013%,1,76,77,76,1,0,0
0x7a87da,98.6842%,1,75,76,75,0,1,0
0x785aef,93.75%,1,15,16,7,1,0,8
0x7869a3,0%,1,0,1,0,0,1,0
0x7a5838,98.3333%,1,59,60,0,1,0,59
0x7a5f61,98.3333%,1,59,60,58,1,0,1
0x842368,99.9571%,1,2329,2330,2329,1,0,0
0x87c45b,95.8333%,1,23,24,23,1,0,0
0x7869ae,0%,1,0,1,0,1,0,0
0x7869f8,0%,1,0,1,0,0,1,0
0x872310,0%,1,0,1,0,1,0,0
0x7a4aea,87.5%,1,7,8,7,1,0,0
0x877419,98.3051%,1,58,59,58,1,0,0
0x78c557,66.6667%,1,2,3,0,0,1,2
0x6500d4,99.5671%,1,230,231,77,0,1,153
0x78c561,95.8333%,1,23,24,0,0,1,23
0x7a283a,99.7881%,1,471,472,471,1,0,0
0x77fab8,99.6296%,1,269,270,269,1,0,0
0x963d13,99.9131%,1,1150,1151,0,0,1,1150
0x785c1e,93.75%,1,15,16,7,1,0,8
0x87681e,0%,1,0,1,0,1,0,0
0x876530,93.75%,1,15,16,7,1,0,8
0x7db432,98.3333%,1,59,60,58,1,0,1
0x7d689d,99.8889%,1,899,900,675,0,1,224
0x7da0af,99.3827%,1,161,162,161,1,0,0
0x7d9ad3,93.75%,1,15,16,7,1,0,8
0x65f3ba,99.5671%,1,230,231,154,0,1,76
0x831de1,87.5%,1,7,8,7,1,0,0
0x77b69d,98.3333%,1,59,60,59,0,1,0
0x785764,98.6842%,1,75,76,75,0,1,0
0x7a17df,99.7881%,1,471,472,471,1,0,0
0x6660c7,50%,1,1,2,1,1,0,0
0x87b9d6,50%,1,1,2,1,1,0,0
0x664ec6,98.7013%,1,76,77,76,0,1,0
0x7da7d2,99.7908%,1,477,478,477,1,0,0
0x793365,99.8874%,1,887,888,666,0,1,221
0x78b05f,99.1667%,1,119,120,119,1,0,0
0x873f39,99.7807%,1,455,456,455,1,0,0
0x786da9,0%,1,0,1,0,1,0,0
0x8e4008,99.8913%,1,919,920,766,0,1,153
0x872231,0%,1,0,1,0,1,0,0
0x7a3061,99.7881%,1,471,472,471,1,0,0
0x7a5388,87.5%,1,7,8,7,1,0,0
0x78807e,0%,1,0,1,0,1,0,0
0x77ef2a,99.9961%,1,25408,25409,25408,1,0,0
0x7d9f30,98.1481%,1,53,54,53,0,1,0
0x664c47,98.7013%,1,76,77,76,1,0,0
0x7a36c1,99.7881%,1,471,472,471,1,0,0
0x912898,85.7143%,1,6,7,6,1,0,0
0x7800ac,0%,1,0,1,0,1,0,0
0x8777db,98.3051%,1,58,59,58,1,0,0
0x7aa434,98.7013%,1,76,77,0,1,0,76
0x7a5a84,99.7881%,1,471,472,471,1,0,0
0x91fb45,99.7807%,1,455,456,455,1,0,0
0x8728af,99.4792%,1,191,192,191,1,0,0
0x77d938,99.7921%,1,480,481,480,1,0,0
0x8fa052,99.9831%,1,5901,5902,5901,1,0,0
0x7963ad,99.8377%,1,615,616,0,0,1,615
0x77ebda,99.3827%,1,161,162,161,1,0,0
0x831ef0,0%,1,0,1,0,1,0,0
0x796a83,98.7013%,1,76,77,76,0,1,0
0x65e13e,98.7013%,1,76,77,76,0,1,0
0x77fe4c,87.5%,1,7,8,7,0,1,0
0x78a9be,99.1667%,1,119,120,119,1,0,0
0x8730fd,99.9963%,1,26783,26784,26783,1,0,0
0x7d893e,93.75%,1,15,16,7,1,0,8
0x91fc44,99.7807%,1,455,456,455,1,0,0
0x797ac3,99.6753%,1,307,308,0,0,1,307
0x7a519c,87.5%,1,7,8,7,1,0,0
0x91fd88,99.7807%,1,455,456,455,1,0,0
0x78dd97,99.3243%,1,147,148,73,1,0,74
0x64bc6f,95.8333%,1,23,24,21,0,1,2
0x7d8b41,98.3333%,1,59,60,0,1,0,59
0x91fef8,99.7807%,1,455,456,455,1,0,0
0x87294f,50%,1,1,2,0,1,0,1
0x91fb59,99.7807%,1,455,456,455,1,0,0
0x78b99e,99.9479%,1,1919,1920,959,1,0,960
0x7a2ba3,99.7881%,1,471,472,471,1,0,0
0x8742aa,0%,1,0,1,0,1,0,0
0x87c805,99.9294%,1,1415,1416,1415,1,0,0
0x7a1191,99.7881%,1,471,472,471,1,0,0
0x7a5748,85.7143%,1,6,7,6,1,0,0
0x8e3e3b,99.9635%,1,2739,2740,1369,1,0,1370
0x97a68d,99.2701%,1,136,137,0,0,1,136
0x780163,98.3051%,1,58,59,57,1,0,1
0x8fa609,99.3333%,1,149,150,149,1,0,0
0x80c628,98.7013%,1,76,77,76,0,1,0
0x7f91fa,99.9459%,1,1847,1848,0,0,1,1847
0x92a806,85.7143%,1,6,7,6,1,0,0
0x65f05e,98.7013%,1,76,77,76,0,1,0
0x812a38,94.1176%,1,16,17,0,1,0,16
0x87214d,0%,1,0,1,0,0,1,0
0x80c636,0%,1,0,1,0,1,0,0
0x77fcfd,99.8958%,1,959,960,479,1,0,480
0x664f1f,98.7013%,1,76,77,76,0,1,0
0x780696,99.9865%,1,7394,7395,7394,1,0,0
0x7dc81c,98.3333%,1,59,60,59,0,1,0
0x65e734,99.5671%,1,230,231,154,0,1,76
0x831c60,98.7013%,1,76,77,76,0,1,0
0x7a37b3,98.3051%,1,58,59,58,1,0,0
0x872141,50%,1,1,2,0,1,0,1
0x91fb29,99.7807%,1,455,456,455,1,0,0
0x7d950d,87.5%,1,7,8,7,0,1,0
0x7a33f8,99.7579%,1,412,413,412,1,0,0
0x7d84e6,99.1667%,1,119,120,0,0,1,119
0x864f86,99.7826%,1,459,460,459,1,0,0
0x878c17,0%,1,0,1,0,1,0,0
0x77e5a7,93.75%,1,15,16,7,1,0,8
0x830e54,87.5%,1,7,8,7,0,1,0
0x77f6ba,99.998%,1,50890,50891,50890,1,0,0
0x8fa329,99.7868%,1,468,469,468,1,0,0
0x7dc38d,98.3333%,1,59,60,59,1,0,0
0x7f92fd,91.6667%,1,11,12,11,1,0,0
0x878ac0,0%,1,0,1,0,1,0,0
0x6650d8,0%,1,0,1,0,1,0,0
0x879f24,0%,1,0,1,0,0,1,0
0x960283,99.5671%,1,230,231,0,0,1,230
0x8276a1,99.9833%,1,5991,5992,5243,0,1,748
0x78bde6,99.8958%,1,959,960,959,1,0,0
0x780948,98.3051%,1,58,59,58,0,1,0
0x651091,99.8377%,1,615,616,539,0,1,76
0x830e05,98.7013%,1,76,77,76,0,1,0
0x84306a,99.9879%,1,8259,8260,8259,1,0,0
0x787cf0,0%,1,0,1,0,1,0,0
0x878f08,0%,1,0,1,0,1,0,0
0x78b8b8,99.1667%,1,119,120,119,1,0,0
0x786d36,0%,1,0,1,0,1,0,0
0x8fa2e0,99.7868%,1,468,469,468,1,0,0
0x97ae45,93.75%,1,15,16,15,1,0,0
0x65f7fd,98.7013%,1,76,77,76,0,1,0
0x83074e,93.75%,1,15,16,7,1,0,8
0x8723c9,0%,1,0,1,0,1,0,0
0x786e03,0%,1,0,1,0,1,0,0
0x7da3c1,99.7908%,1,477,478,477,1,0,0
0x78b618,99.1667%,1,119,120,119,1,0,0
0x9128c4,85.7143%,1,6,7,6,1,0,0
0x7a2805,100%,0,472,472,0,0,0,472
0x796132,100%,0,77,77,0,0,0,77
0x7a44b4,100%,0,24,24,0,0,0,24
0x7a4acb,100%,0,8,8,0,0,0,8
0x78644f,100%,0,1,1,0,0,0,1
0x665f99,100%,0,2,2,0,0,0,2
0x77e3a3,100%,0,960,960,0,0,0,960
0x7d7465,100%,0,900,900,900,0,0,0
0x795de9,100%,0,608,608,0,0,0,608
0x80c6d6,100%,0,10,10,10,0,0,0
0x795f6b,100%,0,608,608,0,0,0,608
0x7a5a6a,100%,0,472,472,0,0,0,472
0x961673,100%,0,230,230,0,0,0,230
0x7a4562,100%,0,24,24,0,0,0,24
0x66df51,100%,0,2,2,0,0,0,2
0x8e7b12,100%,0,617,617,0,0,0,617
0x80ded4,100%,0,10,10,10,0,0,0
0x7a536e,100%,0,8,8,0,0,0,8
0x7a4e74,100%,0,8,8,0,0,0,8
0x795e9d,100%,0,608,608,0,0,0,608
0x7a4e69,100%,0,8,8,0,0,0,8
0x796a72,100%,0,77,77,0,0,0,77
0x7a4e5e,100%,0,8,8,0,0,0,8
0x786992,100%,0,1,1,0,0,0,1
0x77d22a,100%,0,162,162,0,0,0,162
0x7a5c8b,100%,0,472,472,0,0,0,472
0x7a5423,100%,0,8,8,0,0,0,8
0x6456f3,100%,0,847,847,0,0,0,847
0x86ebf8,100%,0,1,1,0,0,0,1
0x831c72,100%,0,1,1,0,0,0,1
0x791990,100%,0,24,24,0,0,0,24
0x7a17b8,100%,0,472,472,0,0,0,472
0x66500a,100%,0,8,8,0,0,0,8
0x7a17c3,100%,0,472,472,0,0,0,472
0x649c56,100%,0,231,231,0,0,0,231
0x91fb37,100%,0,456,456,456,0,0,0
0x92a996,100%,0,7,7,0,0,0,7
0x7db474,100%,0,60,60,0,0,0,60
0x7a1aee,100%,0,472,472,0,0,0,472
0x92a7cb,100%,0,5821,5821,0,0,0,5821
0x92a64f,100%,0,5902,5902,0,0,0,5902
0x7d876b,100%,0,240,240,0,0,0,240
0x7d9247,100%,0,432,432,0,0,0,432
0x9615a7,100%,0,843,843,843,0,0,0
0x8e5eea,100%,0,617,617,0,0,0,617
0x879295,100%,0,1,1,0,0,0,1
0x795c65,100%,0,76,76,0,0,0,76
0x6ef395,100%,0,77,77,77,0,0,0
0x6656bf,100%,0,77,77,0,0,0,77
0x7d4da0,100%,0,3,3,0,0,0,3
0x7a1175,100%,0,472,472,0,0,0,472
0x92a998,100%,0,7,7,0,0,0,7
0x7dbb48,100%,0,60,60,0,0,0,60
0x80c527,100%,0,77,77,0,0,0,77
0x7d8746,100%,0,120,120,0,0,0,120
0x87bbe7,100%,0,59,59,0,0,0,59
0x796af4,100%,0,1,1,0,0,0,1
0x785922,100%,0,1,1,0,0,0,1
0x84801b,100%,0,3679,3679,0,0,0,3679
0x87c7f6,100%,0,1416,1416,0,0,0,1416
0x6516bf,100%,0,77,77,77,0,0,0
0x87ba34,100%,0,1,1,0,0,0,1
0x7d8862,100%,0,1,1,0,0,0,1
0x8e38d6,100%,0,48772,48772,0,0,0,48772
0x7d8710,100%,0,60,60,0,0,0,60
0x64f4e7,100%,0,77,77,77,0,0,0
0x795fc3,100%,0,1216,1216,608,0,0,608
0x8480e2,100%,0,5304,5304,5304,0,0,0
0x8773f7,100%,0,413,413,0,0,0,413
0x8773e1,100%,0,413,413,0,0,0,413
0x91fb1b,100%,0,456,456,0,0,0,456
0x7f92e3,100%,0,6,6,6,0,0,0
0x8773cb,100%,0,413,413,0,0,0,413
0x7dc278,100%,0,60,60,0,0,0,60
0x87746e,100%,0,59,59,59,0,0,0
0x64ef5e,100%,0,76,76,0,0,0,76
0x8765e8,100%,0,60,60,0,0,0,60
0x878059,100%,0,59,59,0,0,0,59
0x91fb15,100%,0,456,456,0,0,0,456
0x87893d,100%,0,162,162,0,0,0,162
0x878957,100%,0,162,162,0,0,0,162
0x785bfa,100%,0,8,8,0,0,0,8
0x97acf7,100%,0,1,1,0,0,0,1
0x7d8518,100%,0,1920,1920,0,0,0,1920
0x91f7fa,100%,0,469,469,0,0,0,469
0x91f814,100%,0,469,469,0,0,0,469
0x663a56,100%,0,77,77,77,0,0,0
0x91f837,100%,0,469,469,0,0,0,469
0x8761c6,100%,0,1,1,0,0,0,1
0x875177,100%,0,60,60,0,0,0,60
0x87ba71,100%,0,1,1,0,0,0,1
0x8cff47,100%,0,920,920,0,0,0,920
0x9615b5,100%,0,843,843,0,0,0,843
0x911306,100%,0,7,7,0,0,0,7
0x8fa083,100%,0,7,7,0,0,0,7
0x785e50,100%,0,8,8,0,0,0,8
0x8fa07a,100%,0,7,7,0,0,0,7
0x7a14b3,100%,0,472,472,0,0,0,472
0x77e368,100%,0,120,120,0,0,0,120
0x7dbc78,100%,0,60,60,0,0,0,60
0x77bf31,100%,0,324,324,0,0,0,324
0x792b2a,100%,0,222,222,0,0,0,222
0x87db42,100%,0,59,59,0,0,0,59
0x879c47,100%,0,1,1,0,0,0,1
0x7861d8,100%,0,608,608,608,0,0,0
0x87db53,100%,0,472,472,0,0,0,472
0x7dc306,100%,0,240,240,0,0,0,240
0x87b6fd,100%,0,60,60,0,0,0,60
0x64fb35,100%,0,231,231,231,0,0,0
0x86eca3,100%,0,1,1,0,0,0,1
0x8e35cf,100%,0,1370,1370,1370,0,0,0
0x7a44af,100%,0,24,24,0,0,0,24
0x7a33bf,100%,0,413,413,0,0,0,413
0x79653a,100%,0,77,77,77,0,0,0
0x795e94,100%,0,608,608,0,0,0,608
0x7dc621,100%,0,60,60,0,0,0,60
0x7d4dbd,100%,0,3,3,0,0,0,3
0x77e2f3,100%,0,960,960,0,0,0,960
0x87dd1e,100%,0,18574,18574,18574,0,0,0
0x77e23e,100%,0,120,120,0,0,0,120
0x78c488,100%,0,1,1,0,0,0,1
0x86eb31,100%,0,1,1,0,0,0,1
0x797c1c,100%,0,77,77,0,0,0,77
0x86e44c,100%,0,2,2,0,0,0,2
0x86e157,100%,0,77,77,77,0,0,0
0x97ae37,100%,0,16,16,16,0,0,0
0x80c4fe,100%,0,77,77,0,0,0,77
0x8262a7,100%,0,750,750,0,0,0,750
0x77b5fd,100%,0,240,240,0,0,0,240
0x7db4f0,100%,0,60,60,0,0,0,60
0x787a2a,100%,0,960,960,0,0,0,960
0x7886b3,100%,0,960,960,0,0,0,960
0x87b78d,100%,0,60,60,0,0,0,60
0x7a33d9,100%,0,413,413,0,0,0,413
0x87b72b,100%,0,60,60,0,0,0,60
0x87b6cf,100%,0,60,60,0,0,0,60
0x91fead,100%,0,270,270,0,0,0,270
0x796b58,100%,0,1,1,0,0,0,1
0x796b4a,100%,0,1,1,0,0,0,1
0x7a5383,100%,0,8,8,0,0,0,8
0x872880,100%,0,720,720,0,0,0,720
0x7f91c5,100%,0,462,462,0,0,0,462
0x7db41a,100%,0,60,60,0,0,0,60
0x796aac,100%,0,1,1,0,0,0,1
0x7db4ab,100%,0,60,60,0,0,0,60
0x97ad08,100%,0,1,1,0,0,0,1
0x796a9e,100%,0,1,1,0,0,0,1
0x7db547,100%,0,60,60,0,0,0,60
0x664c74,100%,0,77,77,77,0,0,0
0x77af01,100%,0,84,84,0,0,0,84
0x7a14a8,100%,0,472,472,0,0,0,472
0x9636a7,100%,0,1150,1150,0,0,0,1150
0x87c554,100%,0,3,3,0,0,0,3
0x864fde,100%,0,460,460,0,0,0,460
0x87a8a5,100%,0,60,60,0,0,0,60
0x87c7ec,100%,0,1416,1416,0,0,0,1416
0x87a008,100%,0,480,480,0,0,0,480
0x879f05,100%,0,1,1,0,0,0,1
0x665fa6,100%,0,2,2,0,0,0,2
0x9636ec,100%,0,1150,1150,1150,0,0,0
0x80db69,100%,0,77,77,77,0,0,0
0x9600ad,100%,0,1151,1151,0,0,0,1151
0x963707,100%,0,1150,1150,0,0,0,1150
0x796582,100%,0,77,77,0,0,0,77
0x8e5f37,100%,0,617,617,617,0,0,0
0x7f9599,100%,0,1848,1848,0,0,0,1848
0x79698b,100%,0,616,616,0,0,0,616
0x8e3404,100%,0,1370,1370,0,0,0,1370
0x78c5a5,100%,0,1,1,0,0,0,1
0x961dd6,100%,0,230,230,230,0,0,0
0x65074f,100%,0,77,77,77,0,0,0
0x848176,100%,0,77,77,0,0,0,77
0x64a113,100%,0,47124,47124,47124,0,0,0
0x796cb7,100%,0,77,77,0,0,0,77
0x7d7987,100%,0,231,231,0,0,0,231
0x6f4655,100%,0,77,77,77,0,0,0
0x86505b,100%,0,460,460,0,0,0,460
0x95faae,100%,0,76,76,0,0,0,76
0x8e7b7a,100%,0,617,617,617,0,0,0
0x796b92,100%,0,77,77,0,0,0,77
0x6508ff,100%,0,77,77,77,0,0,0
0x91fb53,100%,0,456,456,0,0,0,456
0x8e3edf,100%,0,718,718,0,0,0,718
0x796072,100%,0,77,77,0,0,0,77
0x8e35a8,100%,0,1370,1370,1370,0,0,0
0x879ff0,100%,0,60,60,0,0,0,60
0x8e7b61,100%,0,617,617,0,0,0,617
0x961dac,100%,0,230,230,0,0,0,230
0x9601cb,100%,0,231,231,0,0,0,231
0x650296,100%,0,231,231,77,0,0,154
0x960510,100%,0,231,231,231,0,0,0
0x796554,100%,0,77,77,0,0,0,77
0x64a55e,100%,0,231,231,0,0,0,231
0x7d91c3,100%,0,162,162,0,0,0,162
0x7a886f,100%,0,77,77,77,0,0,0
0x8d02cb,100%,0,137,137,0,0,0,137
0x963d23,100%,0,1151,1151,0,0,0,1151
0x962810,100%,0,230,230,0,0,0,230
0x64f59f,100%,0,77,77,77,0,0,0
0x66497c,100%,0,77,77,0,0,0,77
0x77efa3,100%,0,25409,25409,25409,0,0,0
0x91fa6f,100%,0,469,469,0,0,0,469
0x77faf1,100%,0,432,432,0,0,0,432
0x86506f,100%,0,460,460,0,0,0,460
0x8e7ae3,100%,0,617,617,0,0,0,617
0x848612,100%,0,15272,15272,15272,0,0,0
0x8e3843,100%,0,48772,48772,0,0,0,48772
0x7a8963,100%,0,77,77,0,0,0,77
0x7d68f2,100%,0,6,6,0,0,0,6
0x651107,100%,0,77,77,0,0,0,77
0x9617a6,100%,0,306,306,0,0,0,306
0x64f9ca,100%,0,616,616,616,0,0,0
0x979848,100%,0,4361,4361,0,0,0,4361
0x65dcf5,100%,0,77,77,77,0,0,0
0x830a55,100%,0,77,77,77,0,0,0
0x8e5f24,100%,0,617,617,0,0,0,617
0x64a271,100%,0,231,231,231,0,0,0
0x961bad,100%,0,843,843,843,0,0,0
0x8e33f6,100%,0,1370,1370,0,0,0,1370
0x8129f1,100%,0,3490,3490,3490,0,0,0
0x9617b7,100%,0,306,306,306,0,0,0
0x7db535,100%,0,60,60,0,0,0,60
0x8e3459,100%,0,1370,1370,0,0,0,1370
0x960179,100%,0,920,920,0,0,0,920
0x77fcb6,100%,0,480,480,0,0,0,480
0x797404,100%,0,77,77,0,0,0,77
0x77f53a,100%,0,1,1,0,0,0,1
0x8e3e07,100%,0,1370,1370,0,0,0,1370
0x7d9de5,100%,0,432,432,0,0,0,432
0x786d2b,100%,0,1,1,0,0,0,1
0x961d44,100%,0,230,230,0,0,0,230
0x8e36a3,100%,0,48772,48772,0,0,0,48772
0x9600a3,100%,0,1151,1151,0,0,0,1151
0x664b39,100%,0,616,616,616,0,0,0
0x66564c,100%,0,77,77,0,0,0,77
0x5416d7,100%,0,460,460,0,0,0,460
0x78b519,100%,0,120,120,0,0,0,120
0x77f912,100%,0,432,432,0,0,0,432
0x785f9b,100%,0,76,76,0,0,0,76
0x7d5cd2,100%,0,225,225,0,0,0,225
0x8e340d,100%,0,1370,1370,0,0,0,1370
0x786a01,100%,0,1,1,0,0,0,1
0x8e5f17,100%,0,617,617,0,0,0,617
0x796c05,100%,0,77,77,0,0,0,77
0x8cff5d,100%,0,920,920,0,0,0,920
0x8e4020,100%,0,2143,2143,2143,0,0,0
0x9601d7,100%,0,231,231,231,0,0,0
0x6994fb,100%,0,77,77,77,0,0,0
0x796a4a,100%,0,77,77,77,0,0,0
0x961692,100%,0,230,230,154,0,0,76
0x86ebeb,100%,0,1,1,0,0,0,1
0x962817,100%,0,230,230,0,0,0,230
0x96b7d2,100%,0,55548,55548,55548,0,0,0
0x7db4fe,100%,0,60,60,0,0,0,60
0x79602a,100%,0,77,77,77,0,0,0
0x960099,100%,0,1151,1151,0,0,0,1151
0x786163,100%,0,608,608,0,0,0,608
0x792ed8,100%,0,888,888,0,0,0,888
0x847fff,100%,0,2858,2858,2858,0,0,0
0x77f519,100%,0,64,64,0,0,0,64
0x77e14f,100%,0,120,120,0,0,0,120
0x96014f,100%,0,920,920,920,0,0,0
0x7964d3,100%,0,1232,1232,616,0,0,616
0x9602d8,100%,0,231,231,0,0,0,231
0x665fb3,100%,0,2,2,0,0,0,2
0x865095,100%,0,460,460,460,0,0,0
0x963d2c,100%,0,1151,1151,1151,0,0,0
0x843062,100%,0,8260,8260,0,0,0,8260
0x92a7d1,100%,0,5821,5821,0,0,0,5821
0x96060a,100%,0,231,231,0,0,0,231
0x7962f9,100%,0,616,616,0,0,0,616
0x91f7df,100%,0,469,469,0,0,0,469
0x6510f0,100%,0,77,77,0,0,0,77
0x664559,100%,0,616,616,616,0,0,0
0x87895e,100%,0,162,162,0,0,0,162
0x9600b5,100%,0,1151,1151,0,0,0,1151
0x64f884,100%,0,77,77,0,0,0,77
0x64ab79,100%,0,231,231,231,0,0,0
0x79647b,100%,0,616,616,0,0,0,616
0x796c4f,100%,0,77,77,0,0,0,77
0x77efbc,100%,0,79,79,0,0,0,79
0x663303,100%,0,77,77,77,0,0,0
0x6456ad,100%,0,847,847,0,0,0,847
0x7d645e,100%,0,900,900,0,0,0,900
0x77ef38,100%,0,79,79,0,0,0,79
0x7d728b,100%,0,900,900,0,0,0,900
0x663b3e,100%,0,77,77,77,0,0,0
0x878ee7,100%,0,1,1,0,0,0,1
0x960525,100%,0,231,231,0,0,0,231
0x65032b,100%,0,616,616,0,0,0,616
0x64ac7a,100%,0,1155,1155,0,0,0,1155
0x8e5f08,100%,0,617,617,0,0,0,617
0x64fa3b,100%,0,77,77,77,0,0,0
0x796044,100%,0,77,77,0,0,0,77
0x80dcc3,100%,0,77,77,77,0,0,0
0x77ebd8,100%,0,162,162,0,0,0,162
0x77f449,100%,0,147,147,0,0,0,147
0x96021a,100%,0,231,231,231,0,0,0
0x79682c,100%,0,616,616,0,0,0,616
0x95fa0d,100%,0,76,76,76,0,0,0
0x961d0b,100%,0,230,230,0,0,0,230
0x797416,100%,0,77,77,0,0,0,77
0x95fa60,100%,0,76,76,76,0,0,0
0x651135,100%,0,77,77,77,0,0,0
0x65131d,100%,0,77,77,77,0,0,0
0x650da4,100%,0,75,75,75,0,0,0
0x663a7c,100%,0,77,77,77,0,0,0
0x95faa6,100%,0,76,76,0,0,0,76
0x65059d,100%,0,77,77,77,0,0,0
0x650a92,100%,0,77,77,77,0,0,0
0x650b62,100%,0,77,77,77,0,0,0
0x78b933,100%,0,960,960,0,0,0,960
0x77c5f0,100%,0,324,324,0,0,0,324
0x8e3efe,100%,0,718,718,0,0,0,718
0x650eae,100%,0,77,77,0,0,0,77
0x7dbc66,100%,0,60,60,0,0,0,60
0x663d7c,100%,0,77,77,77,0,0,0
0x7a21f9,100%,0,1416,1416,0,0,0,1416
0x6510a3,100%,0,77,77,0,0,0,77
0x77b319,100%,0,60,60,0,0,0,60
0x65150d,100%,0,77,77,77,0,0,0
0x7858e3,100%,0,8,8,0,0,0,8
0x785993,100%,0,8,8,0,0,0,8
0x65056c,100%,0,77,77,0,0,0,77
0x65002d,100%,0,154,154,0,0,0,154
0x6500ed,100%,0,154,154,0,0,0,154
0x64e5b5,100%,0,462,462,462,0,0,0
0x6502de,100%,0,154,154,0,0,0,154
0x7a571e,100%,0,7,7,0,0,0,7
0x786190,100%,0,608,608,0,0,0,608
0x65186f,100%,0,77,77,77,0,0,0
0x79236d,100%,0,222,222,0,0,0,222
0x785872,100%,0,1,1,0,0,0,1
0x77e2e0,100%,0,120,120,0,0,0,120
0x785833,100%,0,8,8,0,0,0,8
0x64be3c,100%,0,3,3,0,0,0,3
0x7857c7,100%,0,1,1,0,0,0,1
0x95f978,100%,0,76,76,76,0,0,0
0x785ac9,100%,0,8,8,0,0,0,8
0x664545,100%,0,616,616,616,0,0,0
0x7a3054,100%,0,472,472,0,0,0,472
0x786cf3,100%,0,1,1,0,0,0,1
0x65f3c3,100%,0,77,77,77,0,0,0
0x65f7f3,100%,0,77,77,0,0,0,77
0x663539,100%,0,77,77,0,0,0,77
0x663594,100%,0,77,77,0,0,0,77
0x66368a,100%,0,616,616,0,0,0,616
0x663899,100%,0,77,77,0,0,0,77
0x7d4cbf,100%,0,77,77,76,0,0,1
0x7d8778,100%,0,1920,1920,0,0,0,1920
0x7a2b84,100%,0,472,472,0,0,0,472
0x7a220c,100%,0,1416,1416,0,0,0,1416
0x7a23c6,100%,0,1239,1239,0,0,0,1239
0x7d84b3,100%,0,60,60,0,0,0,60
0x7a23d0,100%,0,1239,1239,0,0,0,1239
0x7a3059,100%,0,472,472,0,0,0,472
0x7a281b,100%,0,472,472,0,0,0,472
0x872c2d,100%,0,77,77,77,0,0,0
0x977519,100%,0,505,505,0,0,0,505
0x796688,100%,0,77,77,0,0,0,77
0x97a439,100%,0,154,154,0,0,0,154
0x91daf8,100%,0,469,469,0,0,0,469
0x80dc46,100%,0,77,77,0,0,0,77
0x79370d,100%,0,888,888,0,0,0,888
0x80dc6d,100%,0,77,77,0,0,0,77
0x64e2ca,100%,0,462,462,0,0,0,462
0x64ff7b,100%,0,154,154,0,0,0,154
0x8309c7,100%,0,77,77,0,0,0,77
0x97a69b,100%,0,137,137,0,0,0,137
0x831dd1,100%,0,8,8,0,0,0,8
0x793c5d,100%,0,888,888,0,0,0,888
0x7a33ce,100%,0,413,413,0,0,0,413
0x963715,100%,0,1150,1150,0,0,0,1150
0x7a30f3,100%,0,472,472,0,0,0,472
0x664667,100%,0,77,77,77,0,0,0
0x649a95,100%,0,231,231,0,0,0,231
0x64ec1a,100%,0,75,75,75,0,0,0
0x790f9c,100%,0,222,222,0,0,0,222
0x64aa17,100%,0,57750,57750,57750,0,0,0
0x6502af,100%,0,154,154,0,0,0,154
0x78645f,100%,0,1,1,0,0,0,1
0x64f89b,100%,0,77,77,0,0,0,77
0x7d8357,100%,0,1,1,0,0,0,1
0x97a5f8,100%,0,137,137,137,0,0,0
0x827a69,100%,0,749,749,569,0,0,180
0x66383e,100%,0,77,77,0,0,0,77
0x77b34b,100%,0,120,120,0,0,0,120
0x785a96,100%,0,8,8,0,0,0,8
0x785e23,100%,0,8,8,0,0,0,8
0x8129e0,100%,0,3916,3916,426,0,0,3490
0x7f9777,100%,0,1848,1848,1848,0,0,0
0x7a2810,100%,0,472,472,0,0,0,472
0x80c510,100%,0,77,77,0,0,0,77
0x64e291,100%,0,462,462,0,0,0,462
0x77eb43,100%,0,432,432,0,0,0,432
0x96164d,100%,0,1150,1150,0,0,0,1150
0x6456c6,100%,0,847,847,0,0,0,847
0x64aca1,100%,0,1155,1155,0,0,0,1155
0x6651b8,100%,0,77,77,77,0,0,0
0x7dc60f,100%,0,60,60,0,0,0,60
0x97a411,100%,0,77,77,0,0,0,77
0x64d834,100%,0,77,77,77,0,0,0
0x831f0b,100%,0,77,77,77,0,0,0
0x872b36,100%,0,77,77,0,0,0,77
0x65f7ea,100%,0,77,77,0,0,0,77
0x825e76,100%,0,162000,162000,156000,0,0,6000
0x64e9ec,100%,0,75,75,0,0,0,75
0x875ac8,100%,0,59,59,0,0,0,59
0x7930f3,100%,0,888,888,888,0,0,0
0x64ea9d,100%,0,75,75,75,0,0,0
0x8fa2d6,100%,0,469,469,0,0,0,469
0x9774f8,100%,0,7008,7008,7008,0,0,0
0x663ff7,100%,0,77,77,77,0,0,0
0x864e4b,100%,0,460,460,0,0,0,460
0x785b1b,100%,0,1,1,0,0,0,1
0x6640ad,100%,0,77,77,77,0,0,0
0x97748e,100%,0,7008,7008,0,0,0,7008
0x78c103,100%,0,480,480,0,0,0,480
0x9774e2,100%,0,42048,42048,42048,0,0,0
0x786998,100%,0,1,1,0,0,0,1
0x7968b4,100%,0,616,616,0,0,0,616
0x64f586,100%,0,77,77,77,0,0,0
0x8d0348,100%,0,274,274,137,0,0,137
0x79562e,100%,0,76,76,0,0,0,76
0x64f8df,100%,0,77,77,0,0,0,77
0x649be2,100%,0,231,231,0,0,0,231
0x78dce3,100%,0,1184,1184,1184,0,0,0
0x64f986,100%,0,616,616,616,0,0,0
0x9605ea,100%,0,231,231,0,0,0,231
0x9601f4,100%,0,231,231,0,0,0,231
0x64a3c1,100%,0,924,924,0,0,0,924
0x91faea,100%,0,469,469,0,0,0,469
0x64ab67,100%,0,231,231,231,0,0,0
0x961639,100%,0,77,77,77,0,0,0
0x650407,100%,0,231,231,154,0,0,77
0x785c55,100%,0,1,1,0,0,0,1
0x785c36,100%,0,1,1,0,0,0,1
0x848222,100%,0,77,77,0,0,0,77
0x64a4c4,100%,0,1848,1848,924,0,0,924
0x78c3d5,100%,0,1,1,0,0,0,1
0x786cf9,100%,0,1,1,0,0,0,1
0x7d7c2a,100%,0,231,231,231,0,0,0
0x785bc6,100%,0,8,8,0,0,0,8
0x64ad15,100%,0,1155,1155,1155,0,0,0
0x64b5bd,100%,0,231,231,0,0,0,231
0x785bb3,100%,0,8,8,0,0,0,8
0x7869ef,100%,0,1,1,0,0,0,1
0x7a2b79,100%,0,472,472,0,0,0,472
0x64d7f9,100%,0,77,77,77,0,0,0
0x7dc45e,100%,0,60,60,0,0,0,60
0x78c193,100%,0,480,480,0,0,0,480
0x78c189,100%,0,60,60,0,0,0,60
0x7d79a9,100%,0,231,231,231,0,0,0
0x961a16,100%,0,230,230,230,0,0,0
0x65f807,100%,0,1,1,0,0,0,1
0x7d50dd,100%,0,231,231,231,0,0,0
0x961613,100%,0,77,77,0,0,0,77
0x78bdce,100%,0,960,960,0,0,0,960
0x874056,100%,0,121,121,0,0,0,121
0x651a1f,100%,0,77,77,77,0,0,0
0x865065,100%,0,460,460,0,0,0,460
0x8e3ef6,100%,0,718,718,0,0,0,718
0x96b87a,100%,0,55548,55548,55548,0,0,0
0x78c0f6,100%,0,60,60,0,0,0,60
0x649f9f,100%,0,924,924,0,0,0,924
0x649b38,100%,0,231,231,0,0,0,231
0x64a39a,100%,0,924,924,0,0,0,924
0x7d9c88,100%,0,162,162,0,0,0,162
0x7d7edd,100%,0,231,231,231,0,0,0
0x7d7850,100%,0,900,900,0,0,0,900
0x786d31,100%,0,1,1,0,0,0,1
0x961d4e,100%,0,230,230,230,0,0,0
0x7d6669,100%,0,900,900,900,0,0,0
0x5416e1,100%,0,460,460,0,0,0,460
0x78da44,100%,0,74,74,0,0,0,74
0x797e0b,100%,0,77,77,0,0,0,77
0x7a469b,100%,0,21,21,0,0,0,21
0x78c449,100%,0,8,8,0,0,0,8
0x78c322,100%,0,1,1,0,0,0,1
0x7d85c8,100%,0,1,1,0,0,0,1
0x650429,100%,0,77,77,77,0,0,0
0x7969e3,100%,0,1232,1232,616,0,0,616
0x77ee63,100%,0,175,175,0,0,0,175
0x7d6aa7,100%,0,225,225,225,0,0,0
0x5416ef,100%,0,460,460,460,0,0,0
0x78adec,100%,0,120,120,0,0,0,120
0x8cff4c,100%,0,920,920,0,0,0,920
0x7a4691,100%,0,21,21,0,0,0,21
0x7928cc,100%,0,888,888,888,0,0,0
0x7d9d7f,100%,0,162,162,0,0,0,162
0x5416a7,100%,0,460,460,0,0,0,460
0x96160a,100%,0,77,77,0,0,0,77
0x64a46a,100%,0,924,924,0,0,0,924
0x95f969,100%,0,76,76,0,0,0,76
0x8e408e,100%,0,920,920,0,0,0,920
0x8e4077,100%,0,920,920,0,0,0,920
0x7a570f,100%,0,7,7,0,0,0,7
0x78dbfa,100%,0,1184,1184,1184,0,0,0
0x8e4041,100%,0,920,920,920,0,0,0
0x8309b4,100%,0,77,77,0,0,0,77
0x78b979,100%,0,960,960,0,0,0,960
0x9601a2,100%,0,231,231,0,0,0,231
0x872c9b,100%,0,77,77,77,0,0,0
0x78bc83,100%,0,960,960,0,0,0,960
0x7d76b3,100%,0,225,225,225,0,0,0
0x9636e3,100%,0,1150,1150,0,0,0,1150
0x865027,100%,0,460,460,0,0,0,460
0x6656b2,100%,0,77,77,0,0,0,77
0x7a8853,100%,0,77,77,0,0,0,77
0x77b35b,100%,0,240,240,0,0,0,240
0x96016f,100%,0,920,920,920,0,0,0
0x8fa5e6,100%,0,432,432,0,0,0,432
0x960109,100%,0,920,920,920,0,0,0
0x77b1c6,100%,0,1,1,0,0,0,1
0x9600e8,100%,0,920,920,0,0,0,920
0x6509c0,100%,0,77,77,77,0,0,0
0x5416bf,100%,0,460,460,460,0,0,0
0x5416b1,100%,0,460,460,0,0,0,460
0x9605f7,100%,0,231,231,231,0,0,0
0x86daf1,100%,0,231,231,231,0,0,0
0x665d87,100%,0,77,77,77,0,0,0
0x7926c3,100%,0,888,888,0,0,0,888
0x796570,100%,0,77,77,0,0,0,77
0x874735,100%,0,60,60,0,0,0,60
0x79267a,100%,0,888,888,0,0,0,888
0x9605de,100%,0,231,231,0,0,0,231
0x7915b0,100%,0,888,888,888,0,0,0
0x793390,100%,0,222,222,222,0,0,0
0x7d8c53,100%,0,162,162,0,0,0,162
0x791363,100%,0,888,888,0,0,0,888
0x7a44c7,100%,0,24,24,0,0,0,24
0x790fae,100%,0,222,222,0,0,0,222
0x91d7ea,100%,0,469,469,0,0,0,469
0x78f138,100%,0,592,592,592,0,0,0
0x78f11f,100%,0,592,592,0,0,0,592
0x7a5ca4,100%,0,472,472,472,0,0,0
0x787b78,100%,0,960,960,0,0,0,960
0x795b4d,100%,0,76,76,0,0,0,76
0x795b32,100%,0,76,76,0,0,0,76
0x79591b,100%,0,76,76,76,0,0,0
0x795571,100%,0,304,304,0,0,0,304
0x795412,100%,0,76,76,0,0,0,76
0x961d2f,100%,0,230,230,0,0,0,230
0x77b43c,100%,0,1,1,0,0,0,1
0x786266,100%,0,1216,1216,608,0,0,608
0x872957,100%,0,1,1,0,0,0,1
0x7dc44c,100%,0,60,60,0,0,0,60
0x7d690e,100%,0,6,6,0,0,0,6
0x79489d,100%,0,76,76,0,0,0,76
0x793b4f,100%,0,222,222,0,0,0,222
0x77e185,100%,0,120,120,0,0,0,120
0x7dbbdb,100%,0,240,240,0,0,0,240
0x7938fa,100%,0,888,888,888,0,0,0
0x796b02,100%,0,1,1,0,0,0,1
0x77b5db,100%,0,240,240,0,0,0,240
0x665157,100%,0,77,77,77,0,0,0
0x665ba0,100%,0,77,77,77,0,0,0
0x665b36,100%,0,77,77,77,0,0,0
0x787938,100%,0,120,120,0,0,0,120
0x665acc,100%,0,77,77,77,0,0,0
0x665a62,100%,0,77,77,77,0,0,0
0x7de78f,100%,0,385,385,385,0,0,0
0x7de787,100%,0,385,385,0,0,0,385
0x6637dd,100%,0,77,77,77,0,0,0
0x80c578,100%,0,77,77,77,0,0,0
0x665848,100%,0,77,77,77,0,0,0
0x66539c,100%,0,77,77,77,0,0,0
0x77b599,100%,0,60,60,0,0,0,60
0x664f11,100%,0,77,77,0,0,0,77
0x77b37d,100%,0,240,240,0,0,0,240
0x8729dd,100%,0,360,360,0,0,0,360
0x664cd5,100%,0,77,77,77,0,0,0
0x78dc4e,100%,0,1184,1184,1184,0,0,0
0x78e67d,100%,0,76,76,76,0,0,0
0x876f07,100%,0,59,59,0,0,0,59
0x91f820,100%,0,469,469,0,0,0,469
0x7a4ab5,100%,0,8,8,0,0,0,8
0x78ddaf,100%,0,76,76,0,0,0,76
0x78ddad,100%,0,76,76,0,0,0,76
0x663527,100%,0,77,77,0,0,0,77
0x78dd2c,100%,0,1184,1184,1184,0,0,0
0x7886d2,100%,0,960,960,0,0,0,960
0x645813,100%,0,847,847,0,0,0,847
0x7a1ade,100%,0,472,472,0,0,0,472
0x7f93bc,100%,0,1848,1848,0,0,0,1848
0x786231,100%,0,608,608,0,0,0,608
0x785741,100%,0,76,76,76,0,0,0
0x7a87b1,100%,0,76,76,76,0,0,0
0x86ed59,100%,0,76,76,76,0,0,0
0x961dc9,100%,0,230,230,230,0,0,0
0x785776,100%,0,1,1,0,0,0,1
0x8e3717,100%,0,48772,48772,48772,0,0,0
0x77fca3,100%,0,480,480,0,0,0,480
0x960127,100%,0,920,920,0,0,0,920
0x87c800,100%,0,1416,1416,0,0,0,1416
0x961684,100%,0,230,230,0,0,0,230
0x96028d,100%,0,231,231,0,0,0,231
0x8e3ff6,100%,0,920,920,920,0,0,0
0x7db3ff,100%,0,60,60,0,0,0,60
0x86d9fa,100%,0,231,231,0,0,0,231
0x7d850b,100%,0,240,240,0,0,0,240
0x9636cc,100%,0,1150,1150,0,0,0,1150
0x864f59,100%,0,460,460,0,0,0,460
0x961a4d,100%,0,230,230,230,0,0,0
0x864eb1,100%,0,460,460,460,0,0,0
0x795c1f,100%,0,76,76,0,0,0,76
0x796bf7,100%,0,77,77,0,0,0,77
0x8cff6b,100%,0,920,920,0,0,0,920
0x7a2292,100%,0,1416,1416,0,0,0,1416
0x78c396,100%,0,8,8,0,0,0,8
0x66439c,100%,0,77,77,0,0,0,77
0x9636bb,100%,0,1150,1150,1150,0,0,0
0x788793,100%,0,960,960,0,0,0,960
0x8e3593,100%,0,1370,1370,1370,0,0,0
0x8d02f7,100%,0,137,137,0,0,0,137
0x796642,100%,0,77,77,0,0,0,77
0x786d26,100%,0,1,1,0,0,0,1
0x9601e3,100%,0,231,231,0,0,0,231
0x961d25,100%,0,230,230,0,0,0,230
0x963710,100%,0,1150,1150,0,0,0,1150
0x960271,100%,0,231,231,0,0,0,231
0x961b5e,100%,0,230,230,0,0,0,230
0x796060,100%,0,77,77,0,0,0,77
0x64d7ce,100%,0,77,77,0,0,0,77
0x797df9,100%,0,77,77,0,0,0,77
0x8e5f02,100%,0,617,617,0,0,0,617
0x791898,100%,0,6,6,0,0,0,6
0x877ba9,100%,0,59,59,0,0,0,59
0x7869a8,100%,0,1,1,0,0,0,1
0x872d09,100%,0,77,77,77,0,0,0
0x9617eb,100%,0,230,230,230,0,0,0
0x78699d,100%,0,1,1,0,0,0,1
0x645684,100%,0,847,847,0,0,0,847
0x8e3b9f,100%,0,1370,1370,0,0,0,1370
0x786a61,100%,0,1,1,0,0,0,1
0x77fab6,100%,0,270,270,0,0,0,270
0x960309,100%,0,231,231,231,0,0,0
0x872223,100%,0,1,1,0,0,0,1
0x8e378f,100%,0,1370,1370,1370,0,0,0
0x97744a,100%,0,7513,7513,7513,0,0,0
0x64e12e,100%,0,77,77,0,0,0,77
0x64a281,100%,0,231,231,0,0,0,231
0x96184b,100%,0,230,230,0,0,0,230
0x786cee,100%,0,1,1,0,0,0,1
0x86eb24,100%,0,1,1,0,0,0,1
0x8d034a,100%,0,137,137,137,0,0,0
0x788600,100%,0,120,120,0,0,0,120
0x961b67,100%,0,230,230,230,0,0,0
0x7a8a1c,100%,0,77,77,0,0,0,77
0x963d0a,100%,0,1151,1151,0,0,0,1151
0x785e98,100%,0,8,8,0,0,0,8
0x960265,100%,0,231,231,0,0,0,231
0x7a116a,100%,0,472,472,0,0,0,472
0x80dc7f,100%,0,77,77,77,0,0,0
0x7a8956,100%,0,77,77,0,0,0,77
0x792eaa,100%,0,888,888,0,0,0,888
0x961d58,100%,0,230,230,230,0,0,0
0x7a4ac0,100%,0,8,8,0,0,0,8
0x663756,100%,0,77,77,77,0,0,0
0x87b7ef,100%,0,60,60,0,0,0,60
0x872477,100%,0,1,1,0,0,0,1
0x8e3f16,100%,0,361686,361686,0,0,0,361686
0x79631c,100%,0,616,616,0,0,0,616
0x65e742,100%,0,77,77,77,0,0,0
0x797b5b,100%,0,77,77,77,0,0,0
0x64f419,100%,0,77,77,0,0,0,77
0x66468c,100%,0,77,77,77,0,0,0
0x831dc1,100%,0,8,8,0,0,0,8
0x864e46,100%,0,460,460,0,0,0,460
0x797c2e,100%,0,77,77,0,0,0,77
0x663add,100%,0,77,77,77,0,0,0
0x796ca5,100%,0,77,77,0,0,0,77
0x87c456,100%,0,24,24,0,0,0,24
0x64f8c4,100%,0,77,77,0,0,0,77
0x663f9c,100%,0,77,77,0,0,0,77
0x879ee9,100%,0,1,1,0,0,0,1
0x78051e,100%,0,162,162,0,0,0,162
0x797363,100%,0,308,308,0,0,0,308
0x787af0,100%,0,960,960,0,0,0,960
0x9602a3,100%,0,231,231,231,0,0,0
0x960202,100%,0,231,231,0,0,0,231
0x7d6add,100%,0,225,225,0,0,0,225
0x87c451,100%,0,24,24,0,0,0,24
0x785ef1,100%,0,8,8,0,0,0,8
0x7984ea,100%,0,231,231,231,0,0,0
0x79826b,100%,0,231,231,231,0,0,0
0x797ff7,100%,0,231,231,231,0,0,0
0x961be0,100%,0,230,230,230,0,0,0
0x795327,100%,0,76,76,76,0,0,0
0x9601ae,100%,0,231,231,231,0,0,0
0x865100,100%,0,460,460,460,0,0,0
0x78708e,100%,0,1,1,1,0,0,0
0x960210,100%,0,231,231,0,0,0,231
0x786da4,100%,0,1,1,0,0,0,1
0x8797c4,100%,0,60,60,0,0,0,60
0x64ae4c,100%,0,77,77,77,0,0,0
0x9600d7,100%,0,920,920,0,0,0,920
0x77ffbb,100%,0,1,1,0,0,0,1
0x86ecb0,100%,0,1,1,0,0,0,1
0x96017e,100%,0,920,920,920,0,0,0
0x797a3d,100%,0,77,77,0,0,0,77
0x77fe55,100%,0,1,1,0,0,0,1
0x8e3874,100%,0,48772,48772,48772,0,0,0
0x96186d,100%,0,230,230,0,0,0,230
0x64e75e,100%,0,77,77,77,0,0,0
0x787af8,100%,0,960,960,0,0,0,960
0x664052,100%,0,77,77,77,0,0,0
0x796c41,100%,0,77,77,0,0,0,77
0x961799,100%,0,306,306,0,0,0,306
0x96161e,100%,0,77,77,0,0,0,77
0x785f75,100%,0,76,76,0,0,0,76
0x960bc3,100%,0,231,231,231,0,0,0
0x796bbb,100%,0,77,77,0,0,0,77
0x7f94a3,100%,0,1944,1944,1944,0,0,0
0x664b25,100%,0,616,616,616,0,0,0
0x95fa39,100%,0,76,76,76,0,0,0
0x7972dd,100%,0,77,77,0,0,0,77
0x97984e,100%,0,4361,4361,0,0,0,4361
0x64f239,100%,0,77,77,77,0,0,0
0x7a5729,100%,0,7,7,0,0,0,7
0x7936da,100%,0,888,888,0,0,0,888
0x66377c,100%,0,77,77,77,0,0,0
0x796bad,100%,0,77,77,0,0,0,77
0x795b5f,100%,0,76,76,0,0,0,76
0x7d4ce3,100%,0,1,1,0,0,0,1
0x8e40eb,100%,0,920,920,920,0,0,0
0x8e3541,100%,0,47402,47402,47402,0,0,0
0x6510ba,100%,0,77,77,0,0,0,77
0x7869ea,100%,0,1,1,0,0,0,1
0x830e90,100%,0,77,77,77,0,0,0
0x65ec25,100%,0,77,77,77,0,0,0
