Branch PC,Accuracy,Mispredictions,Correct Predictions,Total,dir_t_pred_t,dir_t_pred_nt,dir_nt_pred_t,dir_nt_pred_nt
aggregate,99.1872%,186262,22730712,22916974,12877950,85424,100838,9852762
0xa7838e,95.6935%,5025,111660,116685,97993,1868,3157,13667
0xa39395,86.3794%,3929,24917,28846,12970,2021,1908,11947
0xa305cd,92.7998%,3927,50613,54540,21622,1988,1939,28991
0x62358e,92.8596%,3713,48287,52000,38083,2492,1221,10204
0xa39282,89.8634%,2924,25922,28846,17177,1601,1323,8745
0x64dac3,98.8979%,2645,237355,240000,200597,1317,1328,36758
0x652b74,97.3779%,2363,87754,90117,31010,1636,727,56744
0x65245a,95.9824%,2307,55115,57422,48282,937,1370,6833
0xa77dc5,95.1784%,2303,45461,47764,13694,1312,991,31767
0xa7827d,95.1021%,1720,33397,35117,13568,930,790,19829
0xa76a95,92.0293%,1696,19582,21278,6503,917,779,13079
0x64dace,95.8016%,1599,36487,38086,21315,771,828,15172
0xa77da5,97.7101%,1579,67377,68956,20379,813,766,46998
0xa77fb5,96.9625%,1503,47978,49481,25490,829,674,22488
0x655562,99.4151%,1424,242029,243453,229323,615,809,12706
0xa304d2,97.8588%,1408,64348,65756,19440,919,489,44908
0xa39234,95.6864%,1392,30878,32270,13986,645,747,16892
0xa76290,90.9663%,1349,13584,14933,4874,777,572,8710
0xa77fec,94.2354%,1299,21235,22534,17974,610,689,3261
0xa761d8,97.3639%,1293,47757,49050,8549,759,534,39208
0x64daf9,97.9117%,1253,58747,60000,58734,66,1187,13
0x927d6c,98.2741%,1150,65483,66633,62971,478,672,2512
0xa77ffd,93.5833%,1056,15401,16457,1598,721,335,13803
0x64ed43,93.3312%,1027,14373,15400,13824,328,699,549
0xa762de,91.7109%,1014,11219,12233,2857,624,390,8362
0xa78397,94.0383%,1003,15821,16824,7521,503,500,8300
0x64f32f,97.0221%,972,31668,32640,31668,156,816,0
0x9283a5,82.3809%,854,3993,4847,734,512,342,3259
0xa76aa1,93.989%,833,13025,13858,7755,408,425,5270
0x8c39f1,93.0917%,829,11171,12000,9642,358,471,1529
0x62362e,98.4096%,827,51173,52000,38669,331,496,12504
0x652462,90.0524%,816,7387,8203,3660,442,374,3727
0x8bf414,92.3365%,797,9603,10400,5839,515,282,3764
0x8bff21,92.5577%,774,9626,10400,5830,524,250,3796
0xa76a4a,96.588%,726,20552,21278,17727,265,461,2825
0x92813a,92.4528%,716,8771,9487,6002,302,414,2769
0x926a87,82.5746%,712,3374,4086,896,477,235,2478
0xa762d6,95.3995%,687,14246,14933,2276,424,263,11970
0xa78154,93.3392%,684,9585,10269,3145,419,265,6440
0x64ede2,97.9567%,680,32600,33280,31772,228,452,828
0x65494c,99.4527%,659,119749,120408,111697,191,468,8052
0x8bfe9c,93.9904%,625,9775,10400,8937,322,303,838
0x65df04,94.0385%,620,9780,10400,9338,248,372,442
0x75af72,51.237%,611,642,1253,104,410,201,538
0x65d9f3,94.2212%,601,9799,10400,9360,226,375,439
0x65db63,94.2596%,597,9803,10400,9366,220,377,437
0x65ddb4,94.3077%,592,9808,10400,9347,239,353,461
0x652bf9,87.3504%,592,4088,4680,1526,335,257,2562
0xa39242,98.2151%,576,31694,32270,3034,390,186,28660
0x8bf3dc,94.5096%,571,9829,10400,8964,295,276,865
0xa768f5,99.1806%,565,68391,68956,20973,305,260,47418
0x6437af,94.5865%,563,9837,10400,8963,296,267,874
0x8c5364,95.6846%,561,12439,13000,12439,61,500,0
0x65c95b,94.7019%,551,9849,10400,6260,343,208,3589
0x6429c6,94.8077%,540,9860,10400,8978,281,259,882
0x643206,94.8269%,538,9862,10400,8974,285,253,888
0x643324,94.8365%,537,9863,10400,877,264,273,8986
0x6434c4,94.9135%,529,9871,10400,891,250,279,8980
0x642bd6,94.9231%,528,9872,10400,8972,287,241,900
0x6435a4,94.9327%,527,9873,10400,889,252,275,8984
0x65c91d,94.9327%,527,9873,10400,9347,239,288,526
0x643016,94.9808%,522,9878,10400,8981,278,244,897
0x64bee9,96.7625%,518,15482,16000,10190,353,165,5292
0x642e26,95.0385%,516,9884,10400,8981,278,238,903
0x8c4f66,96.0308%,516,12484,13000,12484,16,500,0
0x655da6,99.0399%,511,52711,53222,39521,186,325,13190
0x643654,95.0962%,510,9890,10400,894,247,263,8996
0x6433f4,95.1154%,508,9892,10400,903,238,270,8989
0x926a76,89.6531%,507,4393,4900,3825,261,246,568
0x8c737b,98.8071%,507,41993,42500,41993,7,500,0
0xa7697f,98.9387%,506,47172,47678,25433,263,243,21739
0x8c72fb,98.8212%,501,41999,42500,41999,1,500,0
0x63d558,95.2115%,498,9902,10400,8982,277,221,920
0x63d678,95.2788%,491,9909,10400,8971,288,203,938
0x63d8c9,95.2788%,491,9909,10400,8959,300,191,950
0x645e98,95.2981%,489,9911,10400,6056,298,191,3855
0x63da28,95.3173%,487,9913,10400,8972,287,200,941
0x63c258,95.3365%,485,9915,10400,8977,282,203,938
0xa2e900,98.7211%,482,37207,37689,34601,209,273,2606
0x63b1c3,97.1488%,479,16321,16800,14761,240,239,1560
0x632dee,97.9915%,470,22930,23400,22930,2,468,0
0x632d6e,97.9957%,469,22931,23400,22931,1,468,0
0xa30629,99.1547%,461,54079,54540,19336,291,170,34743
0x645310,95.5962%,458,9942,10400,6067,287,171,3875
0xa78147,97.5355%,458,18126,18584,8085,230,228,10041
0x658b1c,95.6731%,450,9950,10400,3342,178,272,6608
0x9fb655,93.5725%,430,6260,6690,5362,217,213,898
0x8c0c84,93.4615%,425,6075,6500,1917,264,161,4158
0xa76269,96.5421%,423,11810,12233,6476,217,206,5334
0xa30a98,97.6107%,416,16995,17411,16571,216,200,424
0xa22380,98.0301%,403,20055,20458,452,309,94,19603
0x652b7f,99.555%,401,89716,90117,85266,171,230,4450
0xa8dbfc,93.6693%,397,5874,6271,5528,171,226,346
0x637d80,94.1335%,392,6290,6682,5412,167,225,878
0x62359a,99.0388%,390,40185,40575,39954,116,274,231
0xa7631b,99.2212%,382,48668,49050,44014,131,251,4654
0x65ead3,96.3654%,378,10022,10400,6260,242,136,3762
0xa8dc23,93.9882%,377,5894,6271,5386,188,189,508
0x429839,96.3846%,376,10024,10400,9070,189,187,954
0x652ac5,99.6034%,370,92920,93290,88220,223,147,4700
0xa78296,98.184%,366,19788,20154,987,254,112,18801
0x638515,94.6124%,360,6322,6682,5412,167,193,910
0x637cc2,94.6872%,355,6327,6682,5409,170,185,918
0x92851b,92.6759%,355,4492,4847,2933,165,190,1559
0xa3885d,99.6347%,354,96565,96919,163,274,80,96402
0xa77e20,99.022%,354,35844,36198,801,218,136,35043
0xa2424c,98.4059%,349,21544,21893,21282,106,243,262
0x65e983,96.6442%,349,10051,10400,6304,198,151,3747
0xa30530,99.3638%,347,54193,54540,3677,174,173,50516
0x64ef36,96.6923%,344,10056,10400,6664,216,128,3392
0x6527eb,99.685%,343,108537,108880,24365,244,99,84172
0xa8dc0c,94.5623%,341,5930,6271,5563,156,185,367
0xa304ef,99.4498%,341,61635,61976,7252,184,157,54383
0x65ec23,96.7404%,339,10061,10400,6294,208,131,3767
0xa77e3a,99.0563%,332,34847,35179,34236,88,244,611
0xa8dc34,94.8174%,325,5946,6271,1785,171,154,4161
0x638441,95.1661%,323,6359,6682,5418,161,162,941
0xa8209e,99.9472%,321,607611,607932,604167,116,205,3444
0xa2e87b,99.1748%,311,37378,37689,35966,156,155,1412
0x9282b4,98.9287%,307,28349,28656,23680,129,178,4669
0xa782bb,98.2973%,302,17435,17737,2968,170,132,14467
0xa393c3,99.012%,285,28561,28846,8573,165,120,19988
0x64f0b3,97.2596%,285,10115,10400,3397,123,162,6718
0x64f015,97.3269%,278,10122,10400,6714,166,112,3408
0x62364f,97.8923%,274,12726,13000,12726,14,260,0
0xa81ffc,99.7155%,272,95328,95600,8154,165,107,87174
0x92c61a,97.4038%,270,10130,10400,9891,126,144,239
0x64daef,99.8879%,269,239731,240000,179886,114,155,59845
0x64ed4f,78.5256%,268,980,1248,460,116,152,520
0x62338a,97.9385%,268,12732,13000,12732,8,260,0
0x6561d9,98.017%,268,13247,13515,550,114,154,12697
0x64c024,94.4792%,265,4535,4800,46,183,82,4489
0xa82002,99.7136%,250,87031,87281,14855,154,96,72176
0x64cb91,98.4813%,243,15757,16000,225,141,102,15532
0x8c0c74,97.6%,240,9760,10000,3341,159,81,6419
0x652614,99.0369%,237,24372,24609,18537,107,130,5835
0x8b8036,96.2019%,237,6003,6240,6003,29,208,0
0x8bf458,97.7404%,235,10165,10400,7697,103,132,2468
0xa9168c,93.561%,230,3342,3572,3184,62,168,158
0x654ed5,97.6276%,230,9465,9695,1339,153,77,8126
0x929945,98.3056%,229,13286,13515,13271,85,144,15
0x65c9c0,97.8269%,226,10174,10400,10152,40,186,22
0x7a9862,97.8462%,224,10176,10400,9630,70,154,546
0xa8dbf7,99.7364%,224,84752,84976,81420,110,114,3332
0x8bffd1,97.9519%,213,10187,10400,7699,101,112,2488
0x63ae73,91.1667%,212,2188,2400,1472,70,142,716
0x63afb3,92.4286%,212,2588,2800,1720,79,133,868
0x654545,99.8465%,211,137243,137454,128893,40,171,8350
0x655319,98.5054%,202,13313,13515,6832,39,163,6481
0x8c3a95,60%,200,300,500,300,100,100,0
0x64b8ed,98.7687%,197,15803,16000,15575,25,172,228
0x654fbe,99.8352%,196,118749,118945,110686,56,140,8063
0x429895,98.1346%,194,10206,10400,6180,64,130,4026
0x64f2b6,98.7875%,194,15806,16000,10041,133,61,5765
0x92a4a9,99.33%,192,28464,28656,25381,91,101,3083
0x5943b3,93.2336%,190,2618,2808,32,176,14,2586
0x5e8d2f,91.3659%,189,2000,2189,1351,86,103,649
0x9f5cff,96.4637%,187,5101,5288,4775,61,126,326
0x5e8463,82.1497%,186,856,1042,438,83,103,418
0x75c75b,45.7831%,180,152,332,74,92,88,78
0x8c4ef9,99.6538%,180,51820,52000,10280,120,60,41540
0xa76b08,98.7155%,178,13680,13858,10283,78,100,3397
0x8c5a7e,64.8%,176,324,500,324,76,100,0
0x64e79e,97.9044%,171,7989,8160,7839,1,170,150
0x8c5308,99.6712%,171,51829,52000,10286,114,57,41543
0x5e8d7a,94.1197%,169,2705,2874,2201,94,75,504
0x8c0cca,98.33%,167,9833,10000,7408,92,75,2425
0xa393dc,99.4211%,167,28679,28846,6350,67,100,22329
0xa82075,98.0046%,166,8153,8319,4599,71,95,3554
0xa8dc4a,97.4326%,161,6110,6271,1507,75,86,4603
0xa7800a,98.8612%,161,13977,14138,12559,77,84,1418
0x4299b5,98.4808%,158,10242,10400,9965,35,123,277
0x5e8d62,94.5024%,158,2716,2874,1367,70,88,1349
0x8c6707,93.76%,156,2344,2500,2344,56,100,0
0x654ffe,99.8705%,154,118791,118945,110692,50,104,8099
0x92c5ee,98.5192%,154,10246,10400,1053,97,57,9193
0x63b1e6,99.0893%,153,16647,16800,12527,73,80,4120
0x5e847b,85.3167%,153,889,1042,758,59,94,131
0x6550d1,93.2082%,152,2086,2238,1070,49,103,1016
0x652717,99.644%,150,41984,42134,13337,88,62,28647
0xa782af,99.2028%,148,18416,18564,728,99,49,17688
0x96108b,98.6165%,147,10478,10625,10478,22,125,0
0x652bb6,99.8369%,147,89970,90117,85351,86,61,4619
0x8c572f,71%,145,355,500,355,45,100,0
0x64b89d,99.1%,144,15856,16000,3709,115,29,12147
0x643801,98.6154%,144,10256,10400,7750,50,94,2506
0x658608,82.5397%,143,676,819,676,52,91,0
0xa24136,99.4092%,143,24063,24206,2220,93,50,21843
0x65da0d,98.6635%,139,10261,10400,7749,51,88,2512
0xa22300,99.426%,139,24075,24214,3655,101,38,20420
0x8c552b,94.44%,139,2361,2500,2361,39,100,0
0x64ef65,98.6635%,139,10261,10400,10170,22,117,91
0x8a7bca,98.7323%,139,10826,10965,10823,13,126,3
0x8c4a3f,72.4%,138,362,500,362,38,100,0
0x928531,92.1098%,138,1611,1749,970,64,74,641
0x9f9955,96.2029%,137,3471,3608,1480,86,51,1991
0x64cc67,99.15%,136,15864,16000,11942,58,78,3922
0x8c5e99,94.6%,135,2365,2500,2365,35,100,0
0x65eec3,94.8846%,133,2467,2600,2467,33,100,0
0x65da24,94.9231%,132,2468,2600,2462,38,94,6
0xa91682,96.0279%,131,3167,3298,3133,21,110,34
0xa24a29,87.5598%,130,915,1045,504,64,66,411
0x6525eb,99.5232%,128,26719,26847,2149,89,39,24570
0x8c07c9,84%,128,672,800,148,72,56,524
0x9283f9,96.5287%,125,3476,3601,526,84,41,2950
0xa785f9,98.1911%,124,6731,6855,358,66,58,6373
0x639563,69.25%,123,277,400,86,83,40,191
0x65e1ce,95.2692%,123,2477,2600,2477,23,100,0
0x636e3a,88.8486%,123,980,1103,817,29,94,163
0x636523,85.5792%,122,724,846,538,56,66,186
0x92629d,69.75%,121,279,400,20,70,51,259
0x64cbfe,99.2438%,121,15879,16000,1060,65,56,14819
0x63b1ca,93.3296%,120,1679,1799,195,62,58,1484
0x63d6a0,98.8558%,119,10281,10400,10169,23,96,112
0x645fb0,98.8654%,118,10282,10400,7747,53,65,2535
0x63a593,70.75%,117,283,400,107,62,55,176
0x658b2c,98.875%,117,10283,10400,7754,46,71,2529
0x8c484e,76.8%,116,384,500,384,16,100,0
0x5f3579,94.1296%,116,1860,1976,1631,41,75,229
0x5e8432,86.0267%,115,708,823,462,59,56,246
0x8c62f9,77%,115,385,500,385,15,100,0
0x63ab14,71.75%,113,287,400,99,70,43,188
0x64a0e0,95.6538%,113,2487,2600,2487,13,100,0
0x63a124,71.75%,113,287,400,95,74,39,192
0x5f1b3a,94.5419%,112,1940,2052,1074,51,61,866
0x64df26,97.2%,112,3888,4000,3888,12,100,0
0x65df3f,95.6923%,112,2488,2600,2475,25,87,13
0x64de2c,97.2%,112,3888,4000,3888,12,100,0
0x64f0c6,98.9327%,111,10289,10400,10175,17,94,114
0x9f5df8,88.4134%,111,847,958,132,68,43,715
0x92c608,98.9327%,111,10289,10400,1391,59,52,8898
0x7a9881,95.7692%,110,2490,2600,2490,10,100,0
0x5e8069,83.0482%,109,534,643,416,54,55,118
0x756357,65.1757%,109,204,313,40,65,44,164
0x636d6c,90.2085%,108,995,1103,806,40,68,189
0x5f1b7e,94.7368%,108,1944,2052,51,82,26,1893
0xa77ea3,89.4995%,107,912,1019,245,70,37,667
0x5f1fbd,94.7856%,107,1945,2052,984,42,65,961
0x63d90b,98.9808%,106,10294,10400,10165,27,79,129
0x8c450a,95.9231%,106,2494,2600,2489,11,95,5
0x65e499,95.9231%,106,2494,2600,2494,6,100,0
0x63d584,98.9808%,106,10294,10400,10162,30,76,132
0x926ab4,97.8571%,105,4795,4900,4786,16,89,9
0x65e308,95.9615%,105,2495,2600,2495,5,100,0
0xa762c3,98.8688%,105,9177,9282,8545,47,58,632
0x64a980,95.9615%,105,2495,2600,2495,5,100,0
0x638482,98.4286%,105,6577,6682,6376,49,56,201
0x63c285,99.0096%,103,10297,10400,10163,29,74,134
0x92c653,99.0096%,103,10297,10400,7764,36,67,2533
0x65271e,99.6412%,103,28606,28709,17478,47,56,11128
0x64cc92,97.425%,103,3897,4000,3897,23,80,0
0xa24415,95.5469%,103,2210,2313,1006,65,38,1204
0x64b8a7,99.1541%,103,12073,12176,96,68,35,11977
0x65efe3,96.0385%,103,2497,2600,2497,3,100,0
0x63b1f9,97.5714%,102,4098,4200,4094,22,80,4
0x64deda,97.475%,101,3899,4000,3899,1,100,0
0x64f032,99.0288%,101,10299,10400,10184,8,93,115
0x63a734,74.75%,101,299,400,96,73,28,203
0x7a8dde,74.75%,101,299,400,85,63,38,214
0x65e5c3,96.1538%,100,2500,2600,2500,0,100,0
0x75631a,74.7475%,100,296,396,257,33,67,39
0xa76a81,96.9568%,100,3186,3286,2428,52,48,758
0x63da7b,99.0385%,100,10300,10400,10177,15,85,123
0x65ddf0,96.1538%,100,2500,2600,2479,21,79,21
0x928665,97.9575%,99,4748,4847,4634,54,45,114
0x65db9c,96.1923%,99,2501,2600,2480,20,79,21
0x64db04,91.75%,99,1101,1200,1101,19,80,0
0x64fa8d,97.55%,98,3902,4000,3902,18,80,0
0x8c5064,96.3077%,96,2504,2600,2480,20,76,24
0x429ea4,76%,96,304,400,57,53,43,247
0x7a9875,99.0769%,96,10304,10400,7745,55,41,2559
0xa76ad3,98.3319%,95,5600,5695,3483,52,43,2117
0x65b02c,76.25%,95,305,400,252,38,57,53
0x65289f,99.9432%,94,165470,165564,140912,43,51,24558
0xa7807b,90.9354%,94,943,1037,650,45,49,293
0x8c13ad,76.5%,94,306,400,58,52,42,248
0x8c3404,76.5%,94,306,400,61,49,45,245
0x7a9233,74.4565%,94,274,368,117,44,50,157
0x8c3a7a,96.8667%,94,2906,3000,2459,41,53,447
0x9281ad,99.0197%,93,9394,9487,9092,30,63,302
0x64c036,98.0833%,92,4708,4800,3570,30,62,1138
0x637dd8,98.6232%,92,6590,6682,6397,28,64,193
0xa78574,98.8659%,91,7933,8024,6616,58,33,1317
0x5f0cb4,98.0166%,91,4497,4588,4396,8,83,101
0x9fb682,98.6547%,90,6600,6690,6406,25,65,194
0xa90e38,98.2838%,90,5154,5244,4782,44,46,372
0x8c0688,77.75%,89,311,400,57,53,36,254
0x756349,77.5253%,89,307,396,24,59,30,283
0x7a96cf,75.8152%,89,279,368,246,30,59,33
0x64c779,97.8%,88,3912,4000,3912,8,80,0
0x778b85,89%,88,712,800,559,41,47,153
0x64bf69,99.45%,88,15912,16000,11965,35,53,3947
0x7563c6,81.9672%,88,400,488,323,43,45,77
0x9f99be,99.4911%,88,17203,17291,16698,26,62,505
0x7a8edc,77.0833%,88,296,384,32,52,36,264
0x64c042,92.75%,87,1113,1200,1109,11,76,4
0x7685ed,72.1154%,87,225,312,179,29,58,46
0x64304a,99.1635%,87,10313,10400,7753,47,40,2560
0x636c53,66.537%,86,171,257,82,49,37,89
0x64a8e0,96.6923%,86,2514,2600,2480,20,66,34
0xa233a0,83.9552%,86,450,536,249,29,57,201
0x63858b,98.713%,86,6596,6682,6407,18,68,189
0x63a317,78.75%,85,315,400,96,47,38,219
0x8c08b4,89.375%,85,715,800,559,41,44,156
0x926b53,75.7143%,85,265,350,17,52,33,248
0x6434d7,99.2019%,83,10317,10400,7759,41,42,2558
0x6393f4,79.25%,83,317,400,81,62,21,236
0x64c649,97.925%,83,3917,4000,3917,3,80,0
0x64fb0d,97.925%,83,3917,4000,3917,3,80,0
0xa8dce8,99.9045%,82,85740,85822,78813,57,25,6927
0x9f5e8b,81.0185%,82,350,432,114,36,46,236
0x637d18,98.7728%,82,6600,6682,6410,15,67,190
0x63cfb5,79.75%,81,319,400,102,41,40,217
0x643667,99.2212%,81,10319,10400,7762,38,43,2557
0x7684c8,74.0385%,81,231,312,194,31,50,37
0x7a8efe,78.9062%,81,303,384,243,45,36,60
0xa78246,99.6922%,81,26238,26319,966,53,28,25272
0x5e8ca3,89.3617%,80,672,752,531,48,32,141
0x5f5a79,75.6839%,80,249,329,207,14,66,42
0x63a413,80%,80,320,400,96,47,33,224
0x8c617c,99.3846%,80,12920,13000,12491,9,71,429
0x638880,98.6468%,80,5832,5912,5781,29,51,51
0x643407,99.25%,78,10322,10400,7759,41,37,2563
0xa78289,99.6217%,78,20541,20619,413,52,26,20128
0x65ddcf,99.25%,78,10322,10400,7762,38,40,2560
0x643337,99.2596%,77,10323,10400,7768,32,45,2555
0x5e8054,88.0249%,77,566,643,510,27,50,56
0x63cf38,80.75%,77,323,400,217,40,37,106
0x64f20b,99.991%,76,848564,848640,815967,33,43,32597
0x7785ae,88.2812%,75,565,640,460,28,47,105
0x639a13,81.25%,75,325,400,98,45,30,227
0x5f1b98,96.0917%,75,1844,1919,90,62,13,1754
0x639f84,81.25%,75,325,400,98,45,30,227
0x6429df,99.2788%,75,10325,10400,7760,40,35,2565
0x637dc0,98.8776%,75,6607,6682,6246,29,46,361
0x960df0,99.4451%,75,13440,13515,13345,11,64,95
0x64533d,99.2885%,74,10326,10400,7770,30,44,2556
0x64bf77,98.15%,74,3926,4000,3915,5,69,11
0x42989b,98.2194%,74,4082,4156,4016,30,44,66
0x65ec3c,99.2981%,73,10327,10400,7766,34,39,2561
0x5e8a9a,74.7405%,73,216,289,184,28,45,32
0x75a868,88.3013%,73,551,624,508,13,60,43
0xa246c9,88.9561%,73,588,661,118,47,26,470
0x9282db,98.5145%,72,4775,4847,3613,37,35,1162
0xa245a3,93.2773%,72,999,1071,24,48,24,975
0x755feb,85.2459%,72,416,488,43,49,23,373
0x645b38,97.2308%,72,2528,2600,2528,20,52,0
0x642c0a,99.3077%,72,10328,10400,7768,32,40,2560
0x5e8397,76.1589%,72,230,302,179,46,26,51
0x669c2c,65.8654%,71,137,208,125,41,30,12
0x5a8d05,91.895%,71,805,876,2,48,23,803
0x65db7d,99.3173%,71,10329,10400,7765,35,36,2564
0xa90e28,92.3913%,70,850,920,757,17,53,93
0x7a96ae,80.9783%,70,298,368,107,40,30,191
0xa7801b,95.3395%,70,1432,1502,1018,19,51,414
0x65df1e,99.3269%,70,10330,10400,7759,41,29,2571
0x9f5cbb,99.2905%,70,9796,9866,8362,46,24,1434
0x642c21,97.3077%,70,2530,2600,2530,18,52,0
0x8c08c2,65%,70,130,200,56,44,26,74
0x642e55,99.3269%,70,10330,10400,7766,34,36,2564
0x9f5cbf,95.2675%,69,1389,1458,964,22,47,425
0x8c075b,82.75%,69,331,400,63,47,22,268
0x658b38,97.3462%,69,2531,2600,2523,25,44,8
0x64b396,97.3462%,69,2531,2600,2531,17,52,0
0x8b7dca,99.3189%,68,9916,9984,9766,10,58,150
0x639c03,83%,68,332,400,109,34,34,223
0x5e8a85,76.4706%,68,221,289,152,31,37,69
0x64cb36,99.575%,68,15932,16000,10274,26,42,5658
0x8bff2d,98.9455%,67,6287,6354,6224,23,44,63
0x66ecf2,97.4231%,67,2533,2600,2533,15,52,0
0xa77ec2,93.4249%,67,952,1019,848,24,43,104
0xa820aa,99.5536%,67,14942,15009,14840,23,44,102
0xa7817d,99.0007%,67,6638,6705,5245,38,29,1393
0x64341b,97.4231%,67,2533,2600,2533,15,52,0
0x63c6e6,83.25%,67,333,400,232,25,42,101
0x89fe21,92.0673%,66,766,832,602,22,44,164
0x5f1a6b,96.7836%,66,1986,2052,85,39,27,1901
0x65d084,97.4615%,66,2534,2600,2534,14,52,0
0x59907c,84.1346%,66,350,416,16,48,18,334
0x63a8c3,83.5%,66,334,400,96,47,19,238
0x667038,68.2692%,66,142,208,126,40,26,16
0x64324c,97.5%,65,2535,2600,2535,13,52,0
0x9e16a8,99.6615%,65,19135,19200,18796,20,45,339
0x7a9339,82.337%,65,303,368,24,47,18,279
0x643810,97.5%,65,2535,2600,2535,13,52,0
0x6464a9,97.5%,65,2535,2600,2535,13,52,0
0x6434ed,97.5%,65,2535,2600,2535,13,52,0
0x4298f1,99.375%,65,10335,10400,8219,44,21,2116
0x927103,95.3704%,65,1339,1404,1339,11,54,0
0x8bf475,97.5385%,64,2536,2600,2536,12,52,0
0x643235,99.3846%,64,10336,10400,7776,24,40,2560
0x65e99c,99.3846%,64,10336,10400,7771,29,35,2565
0xa77eb4,90.9091%,64,640,704,72,34,30,568
0x8c104c,84%,64,336,400,251,39,25,85
0x8c5f13,97.5385%,64,2536,2600,2479,21,43,57
0x645c15,97.5385%,64,2536,2600,2536,12,52,0
0xa245b8,90.3177%,64,597,661,334,38,26,263
0x6471c9,97.5385%,64,2536,2600,2536,12,52,0
0x6468c9,97.5769%,63,2537,2600,2537,11,52,0
0x634add,97.5769%,63,2537,2600,2537,11,52,0
0x89fe03,81.25%,63,273,336,25,29,34,248
0xa24c41,77.8947%,63,222,285,160,33,30,62
0x63d7b0,99.3942%,63,10337,10400,10179,13,50,158
0x5e6b1c,95.3333%,63,1287,1350,1287,13,50,0
0xa24461,94.9275%,63,1179,1242,1022,23,40,157
0x926c49,97.8983%,62,2888,2950,2888,3,59,0
0x8c50e3,97.6154%,62,2538,2600,2491,9,53,47
0x63806a,99.0721%,62,6620,6682,6405,20,42,215
0x63bedf,99.4038%,62,10338,10400,10183,9,53,155
0x6373e7,91.6555%,62,681,743,215,42,20,466
0x64593d,97.6154%,62,2538,2600,2538,10,52,0
0xa7621a,98.2189%,62,3419,3481,3270,27,35,149
0x8c001b,97.6154%,62,2538,2600,2538,10,52,0
0x7a94fd,83.1522%,62,306,368,44,37,25,262
0x6435cb,97.6154%,62,2538,2600,2538,10,52,0
0x75d4e5,92.9885%,61,809,870,767,34,27,42
0xa245ad,93.8939%,61,938,999,303,35,26,635
0x65eaec,99.4135%,61,10339,10400,7770,30,31,2569
0x89fd99,92.6683%,61,771,832,354,24,37,417
0x6462e9,97.6923%,60,2540,2600,2540,8,52,0
0x8c459a,97.6923%,60,2540,2600,2499,1,59,41
0x63c9c5,98.9851%,60,5852,5912,5777,33,27,75
0x644088,97.6923%,60,2540,2600,2540,8,52,0
0x64ec52,99.7172%,60,21156,21216,20368,16,44,788
0x92cbc4,97.6923%,60,2540,2600,2540,8,52,0
0x5e682c,95.5556%,60,1290,1350,1288,12,48,2
0x642e6c,97.7308%,59,2541,2600,2541,7,52,0
0x8c090d,85.25%,59,341,400,71,39,20,270
0x7699f6,85.8173%,59,357,416,286,26,33,71
0x75988e,71.6346%,59,149,208,70,25,34,79
0x656519,79.6552%,59,231,290,93,32,27,138
0x65cea3,97.7692%,58,2542,2600,2542,6,52,0
0x63439d,97.7692%,58,2542,2600,2542,6,52,0
0x5e8ab9,72.1154%,58,150,208,35,0,58,115
0x6435b7,99.4423%,58,10342,10400,7766,34,24,2576
0x643061,97.7692%,58,2542,2600,2542,6,52,0
0x6429f0,97.7692%,58,2542,2600,2542,6,52,0
0xa77fe7,99.7496%,58,23104,23162,587,41,17,22517
0x5e8cd4,92.2872%,58,694,752,155,18,40,539
0x637716,98.4955%,58,3797,3855,3590,8,50,207
0x8c51f3,97.7692%,58,2542,2600,2495,5,53,47
0xa76302,97.8519%,58,2642,2700,41,44,14,2601
0x75a8df,90.7051%,58,566,624,436,32,26,130
0x757fa9,72.5962%,57,151,208,141,27,30,10
0x7ab007,72.5962%,57,151,208,129,27,30,22
0x64334b,97.8077%,57,2543,2600,2543,5,52,0
0x645cc5,97.8077%,57,2543,2600,2543,5,52,0
0x659a77,97.8077%,57,2543,2600,2543,5,52,0
0xa76b45,99.2343%,57,7387,7444,4718,40,17,2669
0x7586c7,72.5962%,57,151,208,120,36,21,31
0x7598c4,72.5962%,57,151,208,125,31,26,26
0x646bde,97.8077%,57,2543,2600,2543,5,52,0
0x6474b9,97.8077%,57,2543,2600,2543,5,52,0
0x8bebaa,73.0769%,56,152,208,133,23,33,19
0x63322d,97.8462%,56,2544,2600,2544,4,52,0
0x643955,97.8462%,56,2544,2600,2544,4,52,0
0x646ed9,97.8462%,56,2544,2600,2544,4,52,0
0x76850f,82.0513%,56,256,312,122,28,28,134
0x9260f4,97.8462%,56,2544,2600,2544,4,52,0
0x92c938,97.8462%,56,2544,2600,2544,4,52,0
0x6369a9,99.1619%,56,6626,6682,6396,29,27,230
0x66ec02,97.8462%,56,2544,2600,2544,4,52,0
0x92b195,97.8462%,56,2544,2600,2544,4,52,0
0x6445db,97.8846%,55,2545,2600,2545,3,52,0
0x607fcf,73.5577%,55,153,208,143,13,42,10
0x8c5f82,97.8846%,55,2545,2600,2497,3,52,48
0x643cb0,97.8846%,55,2545,2600,2545,3,52,0
0x652ae9,98.8653%,55,4792,4847,120,47,8,4672
0x647389,97.8846%,55,2545,2600,2545,3,52,0
0x646799,97.8846%,55,2545,2600,2545,3,52,0
0x6461b9,97.8846%,55,2545,2600,2545,3,52,0
0x7a9c72,86.25%,55,345,400,20,33,22,325
0x643676,97.8846%,55,2545,2600,2545,3,52,0
0x92cb0d,97.8846%,55,2545,2600,2545,3,52,0
0x7b0b3f,73.5577%,55,153,208,9,35,20,144
0x644438,97.8846%,55,2545,2600,2545,3,52,0
0x644751,97.9231%,54,2546,2600,2546,2,52,0
0x5e8bcb,83.0721%,54,265,319,141,22,32,124
0x6465d9,97.9231%,54,2546,2600,2546,2,52,0
0x641f6b,97.9231%,54,2546,2600,2546,2,52,0
0x65b041,86.5%,54,346,400,267,33,21,79
0x647099,97.9231%,54,2546,2600,2546,2,52,0
0x8bf420,99.1501%,54,6300,6354,6234,13,41,66
0x63be4f,99.4808%,54,10346,10400,10183,9,45,163
0x66ede2,97.9231%,54,2546,2600,2546,2,52,0
0x5f468c,86.6667%,54,351,405,193,17,37,158
0x8c46ba,97.9231%,54,2546,2600,2499,1,53,47
0x926bb9,73%,54,146,200,112,29,25,34
0x65cd94,97.9231%,54,2546,2600,2546,2,52,0
0x75c3ae,69.3182%,54,122,176,116,16,38,6
0x63329d,97.9615%,53,2547,2600,2547,1,52,0
0x646da9,97.9615%,53,2547,2600,2547,1,52,0
0x646a9e,97.9615%,53,2547,2600,2547,1,52,0
0x8bec72,74.5192%,53,155,208,117,39,14,38
0x598dfc,87.2596%,53,363,416,25,31,22,338
0x64b257,97.9615%,53,2547,2600,2547,1,52,0
0x659ba6,97.9615%,53,2547,2600,2547,1,52,0
0x6457f1,97.9615%,53,2547,2600,2547,1,52,0
0x634a7d,97.9615%,53,2547,2600,2547,1,52,0
0x65263b,99.1115%,53,5912,5965,4076,25,28,1836
0x658936,97.8022%,52,2314,2366,2265,10,42,49
0x76b260,58.7302%,52,74,126,63,21,31,11
0x65d174,98%,52,2548,2600,2548,0,52,0
0x63bdbf,99.5%,52,10348,10400,10189,3,49,159
0x60367b,96.875%,52,1612,1664,1581,19,33,31
0x63bfff,99.5%,52,10348,10400,10180,12,40,168
0x643ebd,98%,52,2548,2600,2548,0,52,0
0x64425d,98%,52,2548,2600,2548,0,52,0
0x927d8e,99.918%,52,63397,63449,57116,30,22,6281
0x7a9458,85.8696%,52,316,368,49,26,26,267
0x8a7a33,67.2956%,52,107,159,18,36,16,89
0x590b0e,93.75%,52,780,832,594,30,22,186
0x769842,87.5%,52,364,416,21,30,22,343
0x63bf6f,99.5%,52,10348,10400,10180,12,40,168
0x9fa8f5,99.6445%,51,14296,14347,14138,18,33,158
0x926e11,74.5%,51,149,200,131,19,32,18
0x9f5cc3,89.1949%,51,421,472,301,37,14,120
0x7a8dff,87.25%,51,349,400,273,27,24,76
0x7aae28,75.4808%,51,157,208,146,20,31,11
0x645fe1,98.0385%,51,2549,2600,2541,7,44,8
0x75c7fc,71.0227%,51,125,176,123,9,42,2
0x645ea6,99.1974%,51,6303,6354,6227,20,31,76
0x8c462a,98.0769%,50,2550,2600,2495,5,45,55
0x7582b6,75.9615%,50,158,208,131,33,17,27
0x7b2fac,75.9615%,50,158,208,16,26,24,142
0x75a8b4,91.5825%,50,544,594,21,21,29,523
0x63dbdb,99.5192%,50,10350,10400,10181,11,39,169
0x760712,60.3175%,50,76,126,59,25,25,17
0x766402,83.3333%,50,250,300,191,33,17,59
0xa24d33,82.807%,49,236,285,61,27,22,175
0x669c5e,76.4423%,49,159,208,132,24,25,27
0xa90f3a,84.0909%,49,259,308,255,19,30,4
0x6317e1,77.3148%,49,167,216,166,32,17,1
0x63bd3f,99.5288%,49,10351,10400,10182,10,39,169
0x64531c,99.2446%,48,6306,6354,6226,21,27,80
0x5f1fdb,95.3216%,48,978,1026,970,18,30,8
0xa782c8,99.6712%,48,14551,14599,229,29,19,14322
0x6638a6,98.1538%,48,2552,2600,2527,21,27,25
0x926a44,76.5%,47,153,200,74,28,19,79
0x5f15aa,95.4191%,47,979,1026,977,11,36,2
0x65274e,99.9716%,47,165517,165564,140934,21,26,24583
0x42992a,93.6572%,47,694,741,593,24,23,101
0x75983c,77.4038%,47,161,208,101,28,19,60
0x6e6b61,77.4038%,47,161,208,137,19,28,24
0x645368,98.1923%,47,2553,2600,2540,8,39,13
0x778148,94.351%,47,785,832,610,14,33,175
0x7aaf99,77.8846%,46,162,208,149,17,29,13
0x620a5b,95.3441%,46,942,988,942,8,38,0
0x7612b1,63.4921%,46,80,126,44,40,6,36
0x9f5de8,82.1705%,46,212,258,173,27,19,39
0xa224f5,98.0112%,46,2267,2313,1041,30,16,1226
0x926a93,96.6497%,46,1327,1373,1259,34,12,68
0x7b28f9,77.8846%,46,162,208,140,24,22,22
0x76990b,88.9423%,46,370,416,8,11,35,362
0x64dec3,99.7125%,46,15954,16000,11956,44,2,3998
0x597f86,96.8407%,46,1410,1456,1383,17,29,27
0x65fbd0,77.8846%,46,162,208,16,18,28,146
0x6e698e,78.3654%,45,163,208,112,8,37,51
0x615198,99.7153%,45,15763,15808,15189,11,34,574
0x5ea767,78.3654%,45,163,208,138,18,27,25
0x65ffca,78.3654%,45,163,208,140,16,29,23
0x7588ba,78.3654%,45,163,208,155,25,20,8
0x9ff032,99.9382%,45,72755,72800,71334,10,35,1421
0xa39c2e,98.6857%,45,3379,3424,2337,12,33,1042
0x8c037b,88.75%,45,355,400,283,17,28,72
0x63731c,82.4903%,45,212,257,54,26,19,158
0x7b0bb4,78.3654%,45,163,208,133,23,22,30
0x8c4fe3,98.2692%,45,2555,2600,2498,2,43,57
0x759274,78.8462%,44,164,208,139,17,27,25
0x6886f4,78.8462%,44,164,208,145,11,33,19
0x756cce,78.8462%,44,164,208,99,17,27,65
0x8c0e2b,56%,44,56,100,30,23,21,26
0x76898f,84.7222%,44,244,288,156,36,8,88
0x758ead,79.3269%,43,165,208,130,23,20,35
0x5f691c,95.809%,43,983,1026,980,8,35,3
0x7b3025,79.3269%,43,165,208,137,19,24,28
0x92917d,99.5182%,43,8882,8925,8806,14,29,76
0xa90ced,97.6931%,43,1821,1864,1816,20,23,5
0x63cb7a,99.3565%,43,6639,6682,6415,10,33,224
0x8c0979,85.5172%,42,248,290,74,26,16,174
0x5980d1,69.1176%,42,94,136,85,17,25,9
0x42a6b6,66.129%,42,82,124,24,28,14,58
0xa30954,99.7937%,42,20317,20359,17390,21,21,2927
0x7563d8,65.5738%,42,80,122,61,26,16,19
0x618e40,99.3927%,42,6874,6916,6637,13,29,237
0x633ede,96.5833%,41,1159,1200,1114,6,35,45
0x598cfc,80.2885%,41,167,208,75,27,14,92
0x65532f,99.3829%,41,6603,6644,6571,5,36,32
0xa76b39,99.8073%,41,21237,21278,13817,17,24,7420
0x596d42,93.4295%,41,583,624,446,22,19,137
0x960d34,74.2138%,41,118,159,7,27,14,111
0x760fdd,68.9394%,41,91,132,61,27,14,30
0x7a924b,88.8587%,41,327,368,254,22,19,73
0x5f5439,78.9744%,41,154,195,80,7,34,74
0x5f3d8e,60.5769%,41,63,104,9,7,34,54
0x5e8c6c,94.5479%,41,711,752,94,15,26,617
0x7a9566,89.1304%,40,328,368,23,21,19,305
0x639584,90%,40,360,400,291,9,31,69
0x6e6ac5,80.7692%,40,168,208,112,12,28,56
0x8c0e6e,86.6667%,40,260,300,85,25,15,175
0x6e6a2a,80.7692%,40,168,208,161,18,22,7
0x62109b,95.9514%,40,948,988,948,2,38,0
0x75efea,69.697%,40,92,132,69,19,21,23
0x65e9bd,98.4615%,40,2560,2600,2488,12,28,72
0x5f5a41,97.2299%,40,1404,1444,1353,15,25,51
0x64a070,98.5%,39,2561,2600,2494,6,33,67
0x7a95ba,89.4022%,39,329,368,42,22,17,287
0x8c3524,90.25%,39,361,400,260,30,9,101
0x8c1068,90.25%,39,361,400,275,25,14,86
0x926294,99.625%,39,10361,10400,9991,9,30,370
0x598d0c,81.25%,39,169,208,126,30,9,43
0x65c995,99.625%,39,10361,10400,10280,19,20,81
0x7563f5,55.1724%,39,48,87,34,18,21,14
0x75d56a,95.5682%,39,841,880,646,14,25,195
0x6e6914,81.25%,39,169,208,1,25,14,168
0x6338ce,96.75%,39,1161,1200,1110,10,29,51
0xa246eb,94.0998%,39,622,661,535,14,25,87
0x65fc07,97.7059%,39,1661,1700,1661,5,34,0
0x8beb6a,71.3235%,39,97,136,27,13,26,70
0x8c5174,98.5%,39,2561,2600,2497,3,36,64
0x617e11,99.0132%,39,3913,3952,3789,11,28,124
0x778578,95.25%,38,762,800,137,23,15,625
0x5f6ffd,96.4286%,38,1026,1064,1014,12,26,12
0x63a422,90.5%,38,362,400,362,30,8,0
0x8c0cd2,98.48%,38,2462,2500,2381,19,19,81
0x64ec65,95.4327%,38,794,832,788,12,26,6
0x7a9cd4,90.5%,38,362,400,277,23,15,85
0x6670d8,82.2115%,37,171,208,133,23,14,38
0x63aeaa,98.4583%,37,2363,2400,1776,24,13,587
0x63afe9,98.6786%,37,2763,2800,2076,24,13,687
0x5f6cd4,96.3938%,37,989,1026,976,12,25,13
0x926c0b,98.7398%,37,2899,2936,2828,20,17,71
0x7575be,59.7826%,37,55,92,45,15,22,10
0x9e16ba,90.3646%,37,347,384,276,12,25,71
0x761614,71.9697%,37,95,132,31,13,24,64
0x5e785c,82.2115%,37,171,208,148,18,19,23
0x75a884,93.0902%,36,485,521,62,21,15,423
0x755fa8,82.6923%,36,172,208,139,17,19,33
0xa78606,99.4748%,36,6819,6855,5600,29,7,1219
0x75a8a4,94.2308%,36,588,624,573,21,15,15
0x92904d,97.8824%,36,1664,1700,1664,16,20,0
0x6031db,98.4266%,36,2252,2288,2180,20,16,72
0x8c0c9e,98.3494%,36,2145,2181,2072,9,27,73
0x63c9fc,99.3804%,36,5774,5810,5645,10,26,129
0x7b29b0,82.6923%,36,172,208,137,19,17,35
0x5e8d34,95.3457%,35,717,752,149,24,11,568
0x639415,91.25%,35,365,400,285,15,20,80
0x8c56ef,99.7308%,35,12965,13000,12492,8,27,473
0x63a133,91.25%,35,365,400,364,28,7,1
0x769734,91.5865%,35,381,416,376,20,15,5
0x63ca32,86.2745%,35,220,255,207,24,11,13
0x5f53e1,99.1228%,35,3955,3990,3764,16,19,191
0xa90c69,80.5556%,35,145,180,133,29,6,12
0x758955,83.1731%,35,173,208,145,11,24,28
0x64cbbf,99.7812%,35,15965,16000,237,20,15,15728
0xa224de,97.5745%,35,1408,1443,90,15,20,1318
0x64dbd7,97.0833%,35,1165,1200,1120,0,35,45
0x65caec,83.1731%,35,173,208,74,24,11,99
0x960e7e,77.9874%,35,124,159,11,23,12,113
0x8c140c,87.931%,35,255,290,12,21,14,243
0x762b1e,72.2222%,35,91,126,55,29,6,36
0x766443,88.6667%,34,266,300,180,20,14,86
0x758104,83.6538%,34,174,208,141,15,19,33
0xa223b5,99.0948%,34,3722,3756,2293,20,14,1429
0x64edf5,97.3438%,34,1246,1280,1238,10,24,8
0x429910,98.409%,34,2103,2137,1325,16,18,778
0x8c4473,98.6923%,34,2566,2600,2493,7,27,73
0x766548,88.1944%,34,254,288,167,25,9,87
0x76884a,88.6667%,34,266,300,202,22,12,64
0x7aae93,83.6538%,34,174,208,141,15,19,33
0x65e043,98.6923%,34,2566,2600,2496,4,30,70
0x5f5ce3,99.1005%,34,3746,3780,3339,21,13,407
0x778cdd,95.75%,34,766,800,623,17,17,143
0x7628fe,73.0159%,34,92,126,72,16,18,20
0x8beb60,83.6538%,34,174,208,52,20,14,122
0x75d3da,79.7619%,34,134,168,107,19,15,27
0x6636e6,97.1667%,34,1166,1200,1098,22,12,68
0x637f10,98.9823%,34,3307,3341,3064,20,14,243
0x778d46,95.875%,33,767,800,580,20,13,187
0x5e9c2e,84.1346%,33,175,208,125,31,2,50
0x650094,97.25%,33,1167,1200,1116,4,29,51
0x64ecb5,97.4219%,33,1247,1280,1245,3,30,2
0x632d62,99.9647%,33,93567,93600,70181,19,14,23386
0x614b30,99.5228%,33,6883,6916,6643,7,26,240
0x64f358,95.9559%,33,783,816,768,16,17,15
0x598c23,65.625%,33,63,96,57,7,26,6
0x613d1a,98.6821%,33,2471,2504,2397,11,22,74
0x8c3a41,99.725%,33,11967,12000,9990,10,23,1977
0x65ec58,98.7308%,33,2567,2600,2489,11,22,78
0x759245,84.1346%,33,175,208,143,25,8,32
0x7590f3,84.1346%,33,175,208,34,18,15,141
0x7a9cbd,91.75%,33,367,400,6,14,19,361
0x598e0c,92.0673%,33,383,416,290,22,11,93
0x64eab2,96.0337%,33,799,832,788,12,21,11
0x8c1527,87.1595%,33,224,257,143,14,19,81
0x5f4f14,75.5556%,33,102,135,99,21,12,3
0x5e8080,84.1346%,33,175,208,121,10,23,54
0x8c5496,98.7308%,33,2567,2600,2496,4,29,71
0x9f8d92,99.5073%,33,6665,6698,6429,8,25,236
0x63c2fa,99.6827%,33,10367,10400,9984,16,17,383
0x5e4f67,61.6279%,33,53,86,33,15,18,20
0x6311f1,84.1346%,33,175,208,127,29,4,48
0x5e8437,89.0728%,33,269,302,53,24,9,216
0x5e788a,84.6154%,32,176,208,175,20,12,1
0x7621d5,75.7576%,32,100,132,77,11,21,23
0x9f995a,98.4329%,32,2010,2042,1762,21,11,248
0xa8dd12,99.5397%,32,6920,6952,4266,26,6,2654
0x759059,84.6154%,32,176,208,23,19,13,153
0x8c34dd,92%,32,368,400,281,19,13,87
0x761852,75.7576%,32,100,132,72,16,16,28
0x762992,74.6032%,32,94,126,71,13,19,23
0x7581d5,84.6154%,32,176,208,132,24,8,44
0x7664f1,88.8889%,32,256,288,208,4,28,48
0x927ec1,99.6627%,32,9455,9487,190,18,14,9265
0x66732a,84.6154%,32,176,208,139,17,15,37
0x8c43be,98.7692%,32,2568,2600,2490,10,22,78
0x5e4f26,62.7907%,32,54,86,10,6,26,44
0x7684db,89.7436%,32,280,312,43,24,8,237
0x89fda9,92.9515%,32,422,454,97,21,11,325
0xa7623d,99.7384%,32,12201,12233,11535,12,20,666
0x616ae6,96.8811%,32,994,1026,976,12,20,18
0x8c3a06,99.7333%,32,11968,12000,8979,21,11,2989
0xa782a2,99.8308%,32,18881,18913,324,25,7,18557
0x598087,99.095%,32,3504,3536,3390,10,22,114
0xa90eac,96.6527%,32,924,956,13,17,15,911
0x9f5ecb,74.1935%,32,92,124,92,32,0,0
0x9270ef,99.448%,31,5585,5616,4191,21,10,1394
0x65fe54,85.0962%,31,177,208,82,16,15,95
0x608aaa,82.3864%,31,145,176,114,16,15,31
0x5f5a61,97.8532%,31,1413,1444,1351,17,14,62
0x66fb97,99.3542%,31,4769,4800,4463,17,14,306
0x633f21,90.3125%,31,289,320,211,29,2,78
0x64af13,85.0962%,31,177,208,133,23,8,44
0x66efc2,97.4167%,31,1169,1200,1107,13,18,62
0x759865,85.0962%,31,177,208,37,25,6,140
0x9e1cd6,85.0962%,31,177,208,177,23,8,0
0x593d2e,85.0962%,31,177,208,177,23,8,0
0x63cc7a,99.5361%,31,6651,6682,6417,8,23,234
0x761634,76.5152%,31,101,132,63,25,6,38
0x5e8ad2,82.0809%,31,142,173,97,11,20,45
0x616b46,96.9786%,31,995,1026,972,16,15,23
0x663806,98.8077%,31,2569,2600,2538,10,21,31
0x609228,86.036%,31,191,222,149,15,16,42
0x5f017f,92.6108%,30,376,406,347,9,21,29
0x65bef5,85.5769%,30,178,208,130,26,4,48
0xa24b47,92.6829%,30,380,410,270,15,15,110
0x608612,98.3974%,30,1842,1872,1394,10,20,448
0x7560f6,92%,30,345,375,261,11,19,84
0x608be0,82.9545%,30,146,176,115,17,13,31
0x762ebe,76.1905%,30,96,126,75,13,17,21
0x6388e7,99.4836%,30,5780,5810,5642,13,17,138
0x6035d3,92.7885%,30,386,416,386,14,16,0
0x5e802b,85.5769%,30,178,208,24,11,19,154
0x637b83,99.1021%,30,3311,3341,3067,17,13,244
0x7613b5,76.1905%,30,96,126,64,3,27,32
0x8bec59,85.5769%,30,178,208,4,15,15,174
0x761e03,77.2727%,30,102,132,69,19,11,33
0x75d38a,78.4173%,30,109,139,102,5,25,7
0x928fe0,81.1321%,30,129,159,14,20,10,115
0x5e8a5b,85.5769%,30,178,208,122,9,21,56
0x9f5cde,93.6441%,30,442,472,7,13,17,435
0x598006,50%,30,30,60,9,17,13,21
0x636b7b,99.551%,30,6652,6682,6413,12,18,239
0x63c7c2,99.551%,30,6652,6682,6417,8,22,235
0x64d982,97.5%,30,1170,1200,1110,10,20,60
0x8bfde9,86.0577%,29,179,208,145,11,18,34
0x639a23,88.716%,29,228,257,83,7,22,145
0x768529,90.7051%,29,283,312,128,8,21,155
0x778651,81.875%,29,131,160,121,13,16,10
0x636af9,99.566%,29,6653,6682,6415,10,19,238
0x64eea0,99.7212%,29,10371,10400,10185,7,22,186
0xa3077f,99.9468%,29,54511,54540,3824,27,2,50687
0x760b1c,78.0303%,29,103,132,18,24,5,85
0x618221,99.2662%,29,3923,3952,3795,5,24,128
0x63a5a2,92.75%,29,371,400,371,21,8,0
0x616a26,97.1735%,29,997,1026,973,15,14,24
0x66eed2,97.5833%,29,1171,1200,1118,2,27,53
0xa24148,99.8675%,29,21864,21893,10646,14,15,11218
0x64f266,99.9966%,29,848611,848640,815989,11,18,32622
0x65eeac,99.7212%,29,10371,10400,7776,24,5,2595
0x5986f9,69.7917%,29,67,96,32,16,13,35
0x639f93,92.75%,29,371,400,371,21,8,0
0x6035bf,98.2572%,29,1635,1664,1229,19,10,406
0x5f4934,78.0303%,29,103,132,69,18,11,34
0x634ad1,99.7212%,29,10371,10400,7777,23,6,2594
0x758612,82.9268%,28,136,164,68,11,17,68
0x6512b8,97.6667%,28,1172,1200,1111,9,19,61
0x663746,97.6667%,28,1172,1200,1104,16,12,68
0x8c59c4,99.7846%,28,12972,13000,12495,5,23,477
0x8bec5d,85.1852%,28,161,189,65,5,23,96
0x67019f,98.8782%,28,2468,2496,2271,17,11,197
0x63a341,93%,28,372,400,285,15,13,87
0x75c643,91.358%,28,296,324,278,16,12,18
0x618e7b,89.4737%,28,238,266,238,14,14,0
0x65845c,99.9671%,28,85148,85176,63862,20,8,21286
0x7ede0a,86.5385%,28,180,208,130,26,2,50
0x617f60,99.2915%,28,3924,3952,3795,5,23,129
0x7610ef,77.7778%,28,98,126,59,8,20,39
0x7613ed,77.7778%,28,98,126,69,15,13,29
0x5f43ff,92.8205%,28,362,390,360,12,16,2
0x59908c,93.2692%,28,388,416,299,13,15,89
0x756e72,69.5652%,28,64,92,49,11,17,15
0x5f7244,97.271%,28,998,1026,975,13,15,23
0x5e8190,79.562%,28,109,137,54,11,17,55
0x63a4d3,93%,28,372,400,372,26,2,0
0x8c4f52,99.9462%,28,51972,52000,38980,20,8,12992
0x8c5a3b,99.776%,28,12472,12500,11993,7,21,479
0x608ac2,84.0909%,28,148,176,145,21,7,3
0x75d376,83.3333%,28,140,168,19,10,18,121
0x7587a6,86.5385%,28,180,208,141,15,13,39
0x5f3664,98.583%,28,1948,1976,974,14,14,974
0x5ea34c,85.0829%,27,154,181,127,12,15,27
0x6637b6,98.9615%,27,2573,2600,2536,12,15,37
0x5f1ee7,90.5263%,27,258,285,115,18,9,143
0x756ce4,87.0192%,27,181,208,134,22,5,47
0x758082,87.0192%,27,181,208,157,11,16,24
0x757fd5,87.0192%,27,181,208,12,14,13,169
0x5f4910,79.5455%,27,105,132,1,20,7,104
0x5f4eb4,80%,27,108,135,106,14,13,2
0x5f5397,86.1538%,27,168,195,101,13,14,67
0x66fd6f,98.9183%,27,2469,2496,2274,14,13,195
0x5f5a66,64.4737%,27,49,76,28,15,12,21
0x5993be,96.7548%,27,805,832,791,9,18,14
0x63c174,99.7404%,27,10373,10400,10185,7,20,188
0xa91675,98.7336%,27,2105,2132,2105,5,22,0
0x61724b,98.8199%,27,2261,2288,1701,15,12,560
0x598f8c,87.0192%,27,181,208,139,17,10,42
0x6180c0,99.3168%,27,3925,3952,3794,6,21,131
0x65ff1c,87.0192%,27,181,208,54,5,22,127
0x638378,99.5959%,27,6655,6682,6412,13,14,243
0x59951b,95.6731%,27,597,624,596,4,23,1
0x65efb3,99.7404%,27,10373,10400,10371,12,15,2
0x8c3a56,99.775%,27,11973,12000,8991,9,18,2982
0x64b382,99.7404%,27,10373,10400,7779,21,6,2594
0x8c11ce,93.1122%,27,365,392,278,16,11,87
0x761bb8,50%,27,27,54,11,5,22,16
0x66e843,87.0192%,27,181,208,137,19,8,44
0x777e87,87.0192%,27,181,208,181,19,8,0
0x8a8544,98.4118%,27,1673,1700,1671,9,18,2
0x7560cf,93.1818%,27,369,396,2,19,8,367
0x66fbf7,99.4375%,27,4773,4800,4465,15,12,308
0x66e8e3,93.25%,27,373,400,274,26,1,99
0x41cbd1,57.8125%,27,37,64,0,0,27,37
0x76b2a7,35.7143%,27,15,42,15,25,2,0
0x760e7e,79.3651%,26,100,126,66,18,8,34
0x7b3293,87.5%,26,182,208,139,17,9,43
0x636bbe,99.6109%,26,6656,6682,6411,14,12,245
0x5f4767,86.6667%,26,169,195,78,9,17,91
0x8c087e,95.5172%,26,554,580,554,22,4,0
0x75935d,87.5%,26,182,208,140,16,10,42
0x77467e,87.5%,26,182,208,144,12,14,38
0xa389c0,99.9732%,26,96893,96919,0,0,26,96893
0x66ebf3,99.75%,26,10374,10400,7779,21,5,2595
0x65fc35,98.4706%,26,1674,1700,1666,0,26,8
0x590ad3,96.875%,26,806,832,395,21,5,411
0x8c06ec,93.5%,26,374,400,286,14,12,88
0x7590e7,87.5%,26,182,208,7,7,19,175
0x4298e3,99.75%,26,10374,10400,281,9,17,10093
0x768932,90.9722%,26,262,288,203,9,17,59
0xa762cc,96.2319%,26,664,690,36,16,10,628
0x6528bf,99.8516%,26,17499,17525,9683,12,14,7816
0x595689,95.8333%,26,598,624,598,2,24,0
0x8c163b,74%,26,74,100,69,10,16,5
0x8c66b0,99.74%,26,9974,10000,7490,10,16,2484
0x76b129,79.3651%,26,100,126,91,15,11,9
0x8c34c4,93.5%,26,374,400,93,17,9,281
0x669986,87.5%,26,182,208,146,10,16,36
0x66995e,87.5%,26,182,208,181,19,7,1
0x76e348,83.75%,26,134,160,126,16,10,8
0x4298ff,98.7833%,26,2111,2137,782,14,12,1329
0xa230ba,93.6585%,26,384,410,144,15,11,240
0xa77d7a,99.9623%,26,68930,68956,0,0,26,68930
0x7622ec,80.303%,26,106,132,83,5,21,23
0x64cc2d,99.8375%,26,15974,16000,394,6,20,15580
0x8c09d0,93.5%,26,374,400,285,15,11,89
0x6457d5,99.7596%,25,10375,10400,7780,20,5,2595
0x618fa1,99.6385%,25,6891,6916,6643,7,18,248
0x92a3fa,84.2767%,25,134,159,18,12,13,116
0x63cd8a,99.6259%,25,6657,6682,6413,12,13,244
0x609109,88.7387%,25,197,222,158,10,15,39
0x598f7c,87.9808%,25,183,208,111,18,7,72
0x6585a0,99.8826%,25,21269,21294,20473,2,23,796
0x65ee93,99.7596%,25,10375,10400,10368,15,10,7
0x590ae9,93.9904%,25,391,416,372,12,13,19
0x6593a6,87.9808%,25,183,208,142,14,11,41
0x762442,80.1587%,25,101,126,80,8,17,21
0xa2280c,97.6657%,25,1046,1071,57,15,10,989
0x75ea27,80.1587%,25,101,126,87,7,18,14
0x7edc69,87.9808%,25,183,208,133,23,2,50
0x777ebd,87.9808%,25,183,208,183,17,8,0
0x65d7e1,99.7596%,25,10375,10400,7789,11,14,2586
0x6f53c9,87.9808%,25,183,208,141,15,10,42
0x762fe5,80.1587%,25,101,126,73,11,14,28
0x927d77,99.2148%,25,3159,3184,3159,25,0,0
0x65ab41,97.2098%,25,871,896,657,15,10,214
0x76984e,93.9904%,25,391,416,355,6,19,36
0x618b91,99.6385%,25,6891,6916,6638,12,13,253
0x608aef,85.7955%,25,151,176,129,1,24,22
0x65acd1,92.5595%,25,311,336,236,16,9,75
0xa76984,99.8863%,25,21957,21982,21811,7,18,146
0x614c24,99.6385%,25,6891,6916,6642,8,17,249
0xa769a9,99.9476%,25,47653,47678,0,0,25,47653
0x6e6b10,87.9808%,25,183,208,183,15,10,0
0xa0f95a,92.5595%,25,311,336,152,8,17,159
0x63ab33,93.75%,25,375,400,375,17,8,0
0x631101,88.4615%,24,184,208,134,22,2,50
0x9f7cca,98.8304%,24,2028,2052,0,0,24,2028
0x63cf59,94%,24,376,400,376,16,8,0
0xa79ec3,99.9651%,24,68759,68783,0,0,24,68759
0x63178d,94.8718%,24,444,468,444,6,18,0
0x429fc7,94%,24,376,400,247,13,11,129
0x7698f5,94.2308%,24,392,416,0,0,24,392
0x63cfe3,94%,24,376,400,376,16,8,0
0x616c89,97.6608%,24,1002,1026,984,4,20,18
0xa22815,97.5976%,24,975,999,324,14,10,651
0x5e83d4,92.053%,24,278,302,66,11,13,212
0x62108f,99.3927%,24,3928,3952,2954,10,14,974
0x63d5a5,88.4615%,24,184,208,183,17,7,1
0x5e8d0c,96.8085%,24,728,752,0,0,24,728
0x76202a,81.8182%,24,108,132,92,8,16,16
0x649c92,88.4615%,24,184,208,140,16,8,44
0x429eee,91.7241%,24,266,290,25,8,16,241
0x7b4353,88.4615%,24,184,208,135,21,3,49
0x649ef2,99.7692%,24,10376,10400,7787,13,11,2589
0x636a79,99.6408%,24,6658,6682,6417,8,16,241
0x89fc43,62.5%,24,40,64,29,19,5,11
0xa78507,77.3585%,24,82,106,80,12,12,2
0x8beb75,75%,24,72,96,41,19,5,31
0x7a9bc7,94%,24,376,400,367,19,5,9
0x75d4df,97.2727%,24,856,880,0,10,14,856
0x760b46,81.8182%,24,108,132,76,12,12,32
0xa24387,95.2475%,24,481,505,480,5,19,1
0x635b51,93.8776%,24,368,392,277,17,7,91
0x929015,80.8%,24,101,125,100,5,19,1
0x634b41,98.8%,24,1976,2000,1490,10,14,486
0x60864c,94.8718%,24,444,468,444,6,18,0
0x614e4c,99.653%,24,6892,6916,6642,8,16,250
0x75ed7f,81.8182%,24,108,132,62,11,13,46
0xa233c6,95.5224%,24,512,536,244,7,17,268
0x761a62,55.5556%,24,30,54,22,14,10,8
0x608fd2,89.6396%,23,199,222,199,23,0,0
0x9279a3,98.9469%,23,2161,2184,2074,19,4,87
0x762d48,81.746%,23,103,126,76,8,15,27
0x76888e,92.3333%,23,277,300,184,16,7,93
0x8c73da,99.9459%,23,42477,42500,41999,1,22,478
0x762a3f,81.746%,23,103,126,66,16,7,37
0xa24931,97.799%,23,1022,1045,429,14,9,593
0x649f00,99.1154%,23,2577,2600,2496,4,19,81
0x8c3504,94.25%,23,377,400,276,14,9,101
0x75ce6a,86.9318%,23,153,176,144,12,11,9
0x926b66,93.4286%,23,327,350,327,16,7,0
0x8c078d,94.25%,23,377,400,288,12,11,89
0x598831,98.1571%,23,1225,1248,1199,1,22,26
0x961249,99.8298%,23,13492,13515,13353,3,20,139
0x616be9,97.7583%,23,1003,1026,987,1,22,16
0x8c16f6,94.25%,23,377,400,286,14,9,91
0x75e85d,81.746%,23,103,126,63,21,2,40
0x7e749b,85.2564%,23,133,156,133,17,6,0
0xa393d1,99.9203%,23,28823,28846,18763,15,8,10060
0x9ff049,98.4203%,23,1433,1456,1085,7,16,348
0x631281,88.9423%,23,185,208,146,10,13,39
0x760f87,82.5758%,23,109,132,82,6,17,27
0x6535a2,98.7714%,23,1849,1872,1659,5,18,190
0x64bd8d,99.5208%,23,4777,4800,3588,12,11,1189
0x63c4a4,75.5556%,22,68,90,68,16,6,0
0x761d5e,83.3333%,22,110,132,60,13,9,50
0x67a69e,99.5417%,22,4778,4800,3592,8,14,1186
0x5ea2eb,78.8462%,22,82,104,82,14,8,0
0x761db3,83.3333%,22,110,132,110,16,6,0
0x5e76f4,51.1111%,22,23,45,6,7,15,17
0x5e752f,89.4231%,22,186,208,186,14,8,0
0x7d0803,89.4231%,22,186,208,141,15,7,45
0x65506d,98.5255%,22,1470,1492,361,12,10,1109
0x5e74c8,89%,22,178,200,178,14,8,0
0x6676df,89.4231%,22,186,208,145,11,11,41
0x7b164e,89.4231%,22,186,208,142,14,8,44
0x593966,97.3558%,22,810,832,785,15,7,25
0x63b2d6,73.8095%,22,62,84,62,8,14,0
0x76e4e9,86.25%,22,138,160,104,16,6,34
0xa8dd28,99.973%,22,81508,81530,2808,17,5,78700
0x9f5dd6,91.4729%,22,236,258,223,9,13,13
0x761182,58.4906%,22,31,53,18,12,10,13
0x65654d,99.2%,22,2728,2750,106,19,3,2622
0x92935f,98.7059%,22,1678,1700,1678,2,20,0
0x64f058,89.4231%,22,186,208,186,14,8,0
0x614d38,99.6819%,22,6894,6916,6645,5,17,249
0x9e1530,77.0833%,22,74,96,74,22,0,0
0x762bda,50%,22,22,44,2,4,18,20
0x9f7ce8,98.9279%,22,2030,2052,0,2,20,2030
0x42a6c1,82.2581%,22,102,124,69,9,13,33
0x63819e,99.3415%,22,3319,3341,3069,15,7,250
0xa8dc69,99.5308%,22,4667,4689,0,0,22,4667
0x66eec2,99.5417%,22,4778,4800,3591,9,13,1187
0x75f2c9,83.3333%,22,110,132,74,14,8,36
0x66ece3,99.7885%,22,10378,10400,7789,11,11,2589
0x618ce0,99.6819%,22,6894,6916,6646,4,18,248
0x9f9a2b,93.2099%,22,302,324,0,16,6,302
0x5d2865,99.1577%,22,2590,2612,40,6,16,2550
0x6313f9,89.4231%,22,186,208,137,19,3,49
0x61725f,96.1538%,22,550,572,547,3,19,3
0x65e762,99.1538%,22,2578,2600,2492,8,14,86
0x960e74,99.8372%,22,13493,13515,13353,3,19,140
0x9271cf,98.433%,22,1382,1404,1382,13,9,0
0x645328,99.4943%,21,4132,4153,4132,21,0,0
0x645cb6,99.7981%,21,10379,10400,7783,17,4,2596
0xa22846,96.823%,21,640,661,528,8,13,112
0x758787,89.9038%,21,187,208,186,17,4,1
0x761588,84.0909%,21,111,132,81,7,14,30
0x5d3c75,80.5556%,21,87,108,19,7,14,68
0x63158d,95.5128%,21,447,468,447,3,18,0
0x6539d2,89.9038%,21,187,208,140,16,5,47
0x7620f1,84.0909%,21,111,132,81,7,14,30
0x42a246,94.75%,21,379,400,379,13,8,0
0x653672,98.8782%,21,1851,1872,1650,14,7,201
0x5f1988,98.9766%,21,2031,2052,3,10,11,2028
0x760cde,84.0909%,21,111,132,61,12,9,50
0x8c629b,99.8385%,21,12979,13000,12498,2,19,481
0x5e8224,89.9038%,21,187,208,57,20,1,130
0x9f5e96,95.8824%,21,489,510,421,11,10,68
0x8c3512,94.75%,21,379,400,288,12,9,91
0x63617d,90.625%,21,203,224,184,8,13,19
0x5f4668,94.8148%,21,384,405,4,17,4,380
0x7624d5,83.3333%,21,105,126,71,13,8,34
0x961116,99.3711%,21,3318,3339,3172,8,13,146
0x65a392,94.6429%,21,371,392,285,9,12,86
0x8c4b2e,99.1923%,21,2579,2600,2499,1,20,80
0x5e84e5,89.9038%,21,187,208,187,8,13,0
0x659162,89.9038%,21,187,208,139,17,4,48
0x66ffbf,99.1587%,21,2475,2496,2280,8,13,195
0x75684e,89.9038%,21,187,208,142,14,7,45
0x7697a3,94.9519%,21,395,416,0,10,11,395
0x63aa13,94.75%,21,379,400,379,13,8,0
0x65d7ef,99.1923%,21,2579,2600,2497,3,18,82
0x593aba,89.9038%,21,187,208,187,13,8,0
0x8c4cce,99.1923%,21,2579,2600,2490,10,11,89
0x649f80,99.1923%,21,2579,2600,2498,2,19,81
0x6d8f6b,61.5385%,20,32,52,5,11,9,27
0x5f75b1,98.0507%,20,1006,1026,987,1,19,19
0x639a3e,95%,20,380,400,289,11,9,91
0x63a743,95%,20,380,400,380,12,8,0
0x7b4233,90.3846%,20,188,208,139,17,3,49
0x76237e,84.8485%,20,112,132,83,5,15,29
0xa30c08,99.8809%,20,16767,16787,16576,3,17,191
0x6491e5,76.1905%,20,64,84,60,10,10,4
0x8c5517,99.8%,20,9980,10000,7484,16,4,2496
0x632dfa,95.7265%,20,448,468,448,2,18,0
0x429e1d,64.2857%,20,36,56,33,15,5,3
0x64de98,99.875%,20,15980,16000,0,0,20,15980
0x5e6abf,99.6296%,20,5380,5400,4042,8,12,1338
0x95a622,90.3846%,20,188,208,143,13,7,45
0x927368,98.5755%,20,1384,1404,1344,6,14,40
0x928883,99.5734%,20,4668,4688,1210,6,14,3458
0x7689b7,79.1667%,20,76,96,75,17,3,1
0x9ff0d1,94.5055%,20,344,364,0,14,6,344
0x616b99,98.0507%,20,1006,1026,986,2,18,20
0x65c977,99.8077%,20,10380,10400,10373,10,10,7
0xa393a0,99.9307%,20,28826,28846,28826,16,4,0
0x5f5197,89.7436%,20,175,195,170,9,11,5
0x761c7a,62.963%,20,34,54,34,2,18,0
0x616fba,90.3846%,20,188,208,146,10,10,42
0x659a63,99.8077%,20,10380,10400,7784,16,4,2596
0x659243,90.3846%,20,188,208,145,11,9,43
0x6d9264,89.7959%,20,176,196,1,15,5,175
0x655133,99.4507%,20,3621,3641,0,0,20,3621
0x64cef5,93.75%,20,300,320,2,2,18,298
0x65e2ec,99.8077%,20,10380,10400,7785,15,5,2595
0x429b43,78.7234%,20,74,94,0,11,9,74
0x75ebb3,84.127%,20,106,126,73,11,9,33
0x639c2f,95%,20,380,400,290,10,10,90
0x65aa41,94.898%,20,372,392,284,10,10,88
0x63a4e2,95%,20,380,400,380,12,8,0
0x8c0f01,95%,20,380,400,294,6,14,86
0x65137c,93.75%,20,300,320,231,9,11,69
0x7724f7,90.3846%,20,188,208,188,12,8,0
0x9f5d7b,85.0746%,20,114,134,114,20,0,0
0x618bc4,92.4812%,20,246,266,246,6,14,0
0x614e95,92.4812%,20,246,266,246,6,14,0
0x63c9f5,99.6617%,20,5892,5912,98,4,16,5794
0x64b073,90.3846%,20,188,208,139,17,3,49
0x762bc8,84.127%,20,106,126,64,18,2,42
0x760db7,84.127%,20,106,126,59,14,6,47
0x614ade,99.7108%,20,6896,6916,6896,20,0,0
0x594433,90.8654%,19,189,208,189,11,8,0
0x5f7410,98.1481%,19,1007,1026,0,0,19,1007
0x641f57,99.8173%,19,10381,10400,7789,11,8,2592
0x8c14b2,95.25%,19,381,400,98,12,7,283
0x659512,90.8654%,19,189,208,146,10,9,43
0x65ca5c,90.8654%,19,189,208,189,11,8,0
0x636171,97.8795%,19,877,896,660,12,7,217
0x63d6c1,90.8654%,19,189,208,189,11,8,0
0x5f5421,99.5238%,19,3971,3990,3770,10,9,201
0x92795f,99.13%,19,2165,2184,711,17,2,1454
0x64dab9,99.9921%,19,239981,240000,239981,19,0,0
0x92a51a,94.7945%,19,346,365,343,14,5,3
0x63cec6,95.25%,19,381,400,381,11,8,0
0x960f13,99.2762%,19,2606,2625,2487,13,6,119
0x42991e,97.6131%,19,777,796,42,13,6,735
0x8c13d1,95.25%,19,381,400,99,11,8,282
0x75d2fb,89.2045%,19,157,176,118,14,5,39
0x597e06,90.8654%,19,189,208,189,11,8,0
0x5957fd,54.7619%,19,23,42,23,19,0,0
0x593d4e,90.8654%,19,189,208,189,11,8,0
0x65a271,80.6122%,19,79,98,76,8,11,3
0x92c6d6,99.8173%,19,10381,10400,7785,15,4,2596
0x65846b,99.9108%,19,21275,21294,20470,5,14,805
0x755f3b,90.404%,19,179,198,153,9,10,26
0x8c3535,95.25%,19,381,400,286,14,5,95
0x8c736b,99.9955%,19,424981,425000,382491,9,10,42490
0x5f5817,94.2249%,19,310,329,305,8,11,5
0x8c15dc,93.4483%,19,271,290,148,11,8,123
0x6514dc,52.5%,19,21,40,21,9,10,0
0x663c75,63.4615%,19,33,52,33,17,2,0
0x5a6363,91.2037%,19,197,216,152,10,9,45
0x8c4b1d,99.8173%,19,10381,10400,7786,14,5,2595
0xa244db,90.3553%,19,178,197,28,10,9,150
0x631301,90.8654%,19,189,208,146,10,9,43
0x65858d,99.9777%,19,85157,85176,63873,9,10,21284
0x5f5e94,98.1151%,19,989,1008,887,9,10,102
0x6f4aca,90.8654%,19,189,208,143,13,6,46
0x63bdb4,99.8173%,19,10381,10400,0,0,19,10381
0x5f0ce7,90.2174%,18,166,184,136,8,10,30
0xa232a0,96.6418%,18,518,536,269,16,2,249
0x60911d,91.8919%,18,204,222,202,9,9,2
0x64a062,99.8269%,18,10382,10400,7787,13,5,2595
0x5e9e0e,91.3462%,18,190,208,90,14,4,100
0x760b20,80%,18,72,90,66,7,11,6
0x5ea36b,89.2857%,18,150,168,149,6,12,1
0x760fa1,59.0909%,18,26,44,6,14,4,20
0x9270d4,99.6795%,18,5598,5616,5597,9,9,1
0x6350e5,65.3846%,18,34,52,34,16,2,0
0xa39c40,99.4743%,18,3406,3424,2339,10,8,1067
0x64efa3,91.3462%,18,190,208,190,10,8,0
0x8a897e,91.4286%,18,192,210,189,11,7,3
0x6d8d9d,90%,18,162,180,162,2,16,0
0x5e8ea6,91.3462%,18,190,208,190,5,13,0
0x64e25b,96.4%,18,482,500,482,8,10,0
0x595626,99.2788%,18,2478,2496,1857,15,3,621
0x5e6899,98.6154%,18,1282,1300,1238,12,6,44
0xa78588,99.7757%,18,8006,8024,6841,14,4,1165
0x642de2,99.3077%,18,2582,2600,0,0,18,2582
0x926ab8,81.6327%,18,80,98,80,10,8,0
0x621153,97.8365%,18,814,832,606,18,0,208
0x6031f0,79.5455%,18,70,88,61,5,13,9
0x8c5e40,99.82%,18,9982,10000,7495,5,13,2487
0x7b21a2,91.3462%,18,190,208,139,17,1,51
0x66b482,96.1538%,18,450,468,450,0,18,0
0x645ec9,99.5666%,18,4135,4153,4135,18,0,0
0x5ea2a4,82.6923%,18,86,104,86,10,8,0
0x5e809c,76.6234%,18,59,77,44,11,7,15
0x65acbc,94.6429%,18,318,336,318,18,0,0
0x7688a8,82%,18,82,100,82,14,4,0
0x632d7a,96.1538%,18,450,468,450,0,18,0
0x75abd0,96.4981%,18,496,514,496,18,0,0
0x636201,85.9375%,18,110,128,81,15,3,29
0x644740,99.8269%,18,10382,10400,7787,13,5,2595
0x64eba3,94.375%,18,302,320,276,12,6,26
0x66f172,97.9911%,18,878,896,659,13,5,219
0x618fd4,93.2331%,18,248,266,248,4,14,0
0x42964e,91%,18,182,200,0,8,10,182
0x66a8a1,91.3462%,18,190,208,146,10,8,44
0x774bd2,65.3846%,18,34,52,0,0,18,34
0x76982b,95.6731%,18,398,416,1,15,3,397
0x66f182,91.9643%,18,206,224,187,5,13,19
0xa78410,98.2336%,18,1001,1019,1001,16,2,0
0x429fc9,87.1429%,18,122,140,122,18,0,0
0x670053,91.3462%,18,190,208,190,10,8,0
0x633ed1,99.625%,18,4782,4800,3589,11,7,1193
0x8c5a27,99.964%,18,49982,50000,37488,12,6,12494
0x663fda,78.5714%,18,66,84,66,16,2,0
0x63bcaf,91.3462%,18,190,208,190,10,8,0
0x64cfa7,94.375%,18,302,320,233,7,11,69
0x5ea40e,64.7059%,18,33,51,28,11,7,5
0x761bd0,52.6316%,18,20,38,0,0,18,20
0x595831,57.1429%,18,24,42,0,4,14,24
0x597a7b,50%,17,17,34,0,0,17,17
0x66e983,95.75%,17,383,400,283,17,0,100
0x75f000,61.3636%,17,27,44,26,16,1,1
0x5e773c,88.1944%,17,127,144,2,11,6,125
0x76a39a,89.881%,17,151,168,146,14,3,5
0x7613ba,71.1864%,17,42,59,27,11,6,15
0x5f558e,94.0351%,17,268,285,194,15,2,74
0x9e1582,82.2917%,17,79,96,79,17,0,0
0x64c8ed,95.75%,17,383,400,383,9,8,0
0x8bf3f6,99.8365%,17,10383,10400,10383,17,0,0
0x686efa,67.3077%,17,35,52,35,15,2,0
0x7615ab,87.1212%,17,115,132,79,9,8,36
0x75818c,91.8269%,17,191,208,2,8,9,189
0x5e8d85,97.7394%,17,735,752,569,10,7,166
0x429a0d,95.75%,17,383,400,383,9,8,0
0x631241,91.8269%,17,191,208,140,16,1,51
0x64ed64,99.948%,17,32687,32704,14818,6,11,17869
0x638321,99.7456%,17,6665,6682,6417,8,9,248
0x634a71,99.8365%,17,10383,10400,7783,17,0,2600
0x429f09,93.3852%,17,240,257,151,6,11,89
0x6429a3,99.3462%,17,2583,2600,0,0,17,2583
0x75ceed,90.3409%,17,159,176,121,11,6,38
0x631521,91.8269%,17,191,208,143,13,4,48
0xa22fa9,95.8537%,17,393,410,318,4,13,75
0x67a4de,99.6458%,17,4783,4800,3586,14,3,1197
0x5f538e,99.5412%,17,3688,3705,3505,5,12,183
0x6512ac,99.6458%,17,4783,4800,3586,14,3,1197
0x429996,99.2045%,17,2120,2137,2026,11,6,94
0x595958,59.5238%,17,25,42,25,17,0,0
0x7b3173,91.8269%,17,191,208,143,13,4,48
0x645c06,99.8365%,17,10383,10400,7794,6,11,2589
0x41cbf7,73.4375%,17,47,64,0,0,17,47
0x926bed,99.4237%,17,2933,2950,2933,17,0,0
0x42a817,59.5238%,17,25,42,0,0,17,25
0x686f8a,83.6538%,17,87,104,87,13,4,0
0x5eced9,83.6538%,17,87,104,44,8,9,43
0x7aafb5,59.5238%,17,25,42,10,14,3,15
0x5f6bd8,98.3431%,17,1009,1026,985,3,14,24
0x66ae93,91.8269%,17,191,208,153,3,14,38
0x64d5a3,46.875%,17,15,32,11,13,4,4
0x644f84,91.8269%,17,191,208,145,11,6,46
0x75d594,92.2727%,17,203,220,201,9,8,2
0x64bd99,98.5833%,17,1183,1200,1114,6,11,69
0x8c4dee,99.3462%,17,2583,2600,2497,3,14,86
0x618d1b,93.609%,17,249,266,249,3,14,0
0x6f4d1a,91.8269%,17,191,208,150,6,11,41
0x5f48e0,62.2222%,17,28,45,28,17,0,0
0x7edd5b,91.8269%,17,191,208,141,15,2,50
0x76289e,86.5079%,17,109,126,109,11,6,0
0x5f3fe1,57.5%,17,23,40,20,4,13,3
0x92ca56,99.3462%,17,2583,2600,0,0,17,2583
0x64a0d2,99.8365%,17,10383,10400,7784,16,1,2599
0x6448d4,91.8269%,17,191,208,147,9,8,44
0x757906,67.3077%,17,35,52,35,15,2,0
0x75f167,87.1212%,17,115,132,109,8,9,6
0x766cca,83.6538%,17,87,104,87,13,4,0
0x652875,99.9309%,17,24592,24609,0,0,17,24592
0x67a42e,94.6875%,17,303,320,239,1,16,64
0x64c56d,99.6%,16,3984,4000,0,0,16,3984
0x4298a8,99.7482%,16,6338,6354,6237,10,6,101
0x64fa78,99.6%,16,3984,4000,0,0,16,3984
0xa30b01,99.9185%,16,19611,19627,19611,4,12,0
0x778b9f,92%,16,184,200,183,9,7,1
0x65ab4d,92.8571%,16,208,224,190,2,14,18
0x665cec,84.6154%,16,88,104,46,6,10,42
0x7b3fc2,92.3077%,16,192,208,146,10,6,46
0x64d623,50%,16,16,32,16,16,0,0
0x667b6f,92.3077%,16,192,208,147,9,7,45
0x9e0d58,82.6087%,16,76,92,18,16,0,58
0x596db2,97.5309%,16,632,648,478,8,8,154
0x60311f,99.3007%,16,2272,2288,1705,11,5,567
0x657d35,92.3077%,16,192,208,145,11,5,47
0x65eb09,99.3846%,16,2584,2600,2495,5,11,89
0x929486,99.2744%,16,2189,2205,2092,8,8,97
0x7580e6,92.3077%,16,192,208,0,5,11,192
0x7b154e,92.3077%,16,192,208,144,12,4,48
0x64d637,50%,16,16,32,10,14,2,6
0xa222d1,99.9339%,16,24198,24214,0,0,16,24198
0x7aa8d3,69.2308%,16,36,52,36,16,0,0
0x63c8a2,98.9624%,16,1526,1542,1271,14,2,255
0x617047,92.3077%,16,192,208,143,13,3,49
0x76198f,70.3704%,16,38,54,0,0,16,38
0x64dbcb,99.6667%,16,4784,4800,3590,10,6,1194
0x64cd65,95%,16,304,320,231,9,7,73
0x76b0d4,87.3016%,16,110,126,0,1,15,110
0x5f5426,92.381%,16,194,210,124,5,11,70
0x650085,99.6667%,16,4784,4800,3589,11,5,1195
0x6f5219,92.3077%,16,192,208,148,8,8,44
0x42996f,99.2513%,16,2121,2137,1950,8,8,171
0xa0f956,95.2381%,16,320,336,0,0,16,320
0x66747a,92.3077%,16,192,208,144,12,4,48
0xa22523,98.7118%,16,1226,1242,598,4,12,628
0x7563e2,77.1429%,16,54,70,0,0,16,54
0x8c341e,96%,16,384,400,292,8,8,92
0x761714,87.8788%,16,116,132,66,7,9,50
0x64c01c,99.6667%,16,4784,4800,4784,16,0,0
0x5f46f6,91.7949%,16,179,195,173,6,10,6
0x761653,63.6364%,16,28,44,28,14,2,0
0x5f5da4,96.1905%,16,404,420,404,1,15,0
0x6491d2,95.2381%,16,320,336,243,9,7,77
0x5f14d8,99.2203%,16,2036,2052,68,8,8,1968
0xa7a647,96.9112%,16,502,518,247,10,6,255
0x762a49,63.6364%,16,28,44,1,5,11,27
0x63daaf,92.3077%,16,192,208,192,8,8,0
0x65d076,99.8462%,16,10384,10400,7786,14,2,2598
0x5f0c2c,99.6513%,16,4572,4588,0,0,16,4572
0x659932,92.3077%,16,192,208,143,13,3,49
0x66357a,69.2308%,16,36,52,36,14,2,0
0x64ce65,95%,16,304,320,232,8,8,72
0xa39cf7,99.5327%,16,3408,3424,3408,16,0,0
0x89fe36,92.3077%,16,192,208,192,8,8,0
0x64cf12,95%,16,304,320,238,2,14,66
0x652b09,99.6581%,16,4664,4680,0,0,16,4664
0x4073d7,55.5556%,16,20,36,20,16,0,0
0x9f5cd6,96.6102%,16,456,472,0,0,16,456
0x597fcc,71.4286%,16,40,56,38,4,12,2
0x41cbc7,75%,16,48,64,0,0,16,48
0x761bf6,57.8947%,16,22,38,18,11,5,4
0x5f3f47,23.8095%,16,5,21,3,13,3,2
0x643944,99.8462%,16,10384,10400,7792,8,8,2592
0x6338c1,99.6667%,16,4784,4800,3595,5,11,1189
0x8bf4df,69.2308%,16,36,52,36,14,2,0
0x65efcc,99.8462%,16,10384,10400,7788,12,4,2596
0x5999b9,50%,16,16,32,9,7,9,7
0x8bf741,92.7885%,15,193,208,153,3,12,40
0x8c11a3,96.1735%,15,377,392,377,15,0,0
0x5f59f6,95.4407%,15,314,329,287,9,6,27
0x9f5e00,98.4342%,15,943,958,943,15,0,0
0x5f5401,99.6241%,15,3975,3990,3768,12,3,207
0x75863c,82.3529%,15,70,85,70,15,0,0
0x66a7b1,92.7885%,15,193,208,141,15,0,52
0x65d166,99.8558%,15,10385,10400,7793,7,8,2592
0x657e1e,92.7885%,15,193,208,148,8,7,45
0x769021,53.125%,15,17,32,0,7,8,17
0x7a9b87,96.25%,15,385,400,385,15,0,0
0x429868,99.8558%,15,10385,10400,10385,15,0,0
0x66385e,53.125%,15,17,32,16,14,1,1
0x644dc4,92.7885%,15,193,208,144,12,3,49
0x6490f3,95.5357%,15,321,336,241,11,4,80
0x616c39,98.538%,15,1011,1026,985,3,12,26
0x769085,53.125%,15,17,32,17,11,4,0
0x756de2,83.6957%,15,77,92,75,7,8,2
0x8c10cd,85%,15,85,100,85,13,2,0
0x631151,92.7885%,15,193,208,145,11,4,48
0x429f84,85%,15,85,100,0,10,5,85
0x63190d,71.1538%,15,37,52,37,13,2,0
0x5f4078,21.0526%,15,4,19,0,15,0,4
0x631851,92.7885%,15,193,208,151,5,10,42
0x596d56,90.3846%,15,141,156,141,9,6,0
0x8c534a,99.9712%,15,51985,52000,38990,10,5,12995
0x66b913,92.7885%,15,193,208,145,11,4,48
0x5f63fe,98.538%,15,1011,1026,0,0,15,1011
0x616a86,98.538%,15,1011,1026,984,4,11,27
0x65aa4d,84.6939%,15,83,98,82,2,13,1
0x603133,97.3776%,15,557,572,550,0,15,7
0x643ea2,99.8558%,15,10385,10400,7794,6,9,2591
0xa79f13,99.9782%,15,68768,68783,0,0,15,68768
0x6f53dc,71.1538%,15,37,52,37,13,2,0
0x8c4831,99.8846%,15,12985,13000,12498,2,13,487
0x76158e,65.9091%,15,29,44,0,0,15,29
0x618b38,99.7831%,15,6901,6916,6901,15,0,0
0x5ea352,64.2857%,15,27,42,6,7,8,21
0x8c159f,85%,15,85,100,0,10,5,85
0x637267,99.6109%,15,3840,3855,3590,8,7,250
0x5fcf6a,82.9545%,15,73,88,73,15,0,0
0x599099,85.5769%,15,89,104,89,11,4,0
0x76224a,88.6364%,15,117,132,77,11,4,40
0x631901,92.7885%,15,193,208,155,1,14,38
0x8c0d07,96.25%,15,385,400,291,9,6,94
0x762c09,60.5263%,15,23,38,1,5,10,22
0x7563a9,96.2121%,15,381,396,381,15,0,0
0x5eccbe,71.1538%,15,37,52,37,13,2,0
0x663b59,99.4231%,15,2585,2600,2585,13,2,0
0x65cd86,99.8558%,15,10385,10400,7788,12,3,2597
0x65e02b,99.8558%,15,10385,10400,7785,15,0,2600
0x65a821,53.125%,15,17,32,11,13,2,6
0x614cce,99.7831%,15,6901,6916,6901,15,0,0
0x6678d6,92.7885%,15,193,208,142,14,1,51
0x620a4f,99.6204%,15,3937,3952,2950,14,1,987
0xa0f979,91.4773%,15,161,176,161,15,0,0
0x64f0d4,92.7885%,15,193,208,193,7,8,0
0x8c543e,99.7308%,14,5186,5200,2592,8,6,2594
0x590b65,56.25%,14,18,32,0,0,14,18
0x6372e7,99.6368%,14,3841,3855,3588,10,4,253
0x75d4d1,98.4091%,14,866,880,0,0,14,866
0x642837,93.2692%,14,194,208,145,11,3,49
0x653380,73.0769%,14,38,52,38,12,2,0
0x95a412,93.2692%,14,194,208,149,7,7,45
0x65a72c,95.625%,14,306,320,306,10,4,0
0x6151e9,97.6974%,14,594,608,453,3,11,141
0x8c4a1d,99.8923%,14,12986,13000,12498,2,12,488
0x63c36f,96.5%,14,386,400,386,6,8,0
0x8bef85,93.2692%,14,194,208,153,3,11,41
0x760ffc,68.1818%,14,30,44,28,14,0,2
0x765942,95.5128%,14,298,312,196,12,2,102
0x614bbe,99.7976%,14,6902,6916,0,0,14,6902
0x6d8d88,92.8571%,14,182,196,5,11,3,177
0x76f34f,95.5128%,14,298,312,298,2,12,0
0x9e0d5a,75.8621%,14,44,58,27,9,5,17
0x8c11d9,85.7143%,14,84,98,77,7,7,7
0xa90dbd,93.6937%,14,208,222,208,10,4,0
0x649106,83.3333%,14,70,84,66,4,10,4
0x8c72eb,99.9967%,14,424986,425000,382496,4,10,42490
0x635b5e,85.7143%,14,84,98,81,3,11,3
0x68706b,73.0769%,14,38,52,36,12,2,2
0x64c3bd,96.5%,14,386,400,386,6,8,0
0x5fcfde,84.0909%,14,74,88,74,14,0,0
0x686eab,73.0769%,14,38,52,38,12,2,0
0x597ec6,93.2692%,14,194,208,194,6,8,0
0x5e83f1,95.3642%,14,288,302,288,14,0,0
0x5e4f7c,63.1579%,14,24,38,15,11,3,9
0x617ea3,99.6457%,14,3938,3952,0,0,14,3938
0x778498,93.2692%,14,194,208,194,6,8,0
0x7e639c,82.0513%,14,64,78,62,10,4,2
0x5f76f3,86.5385%,14,90,104,90,10,4,0
0x64afc3,93.2692%,14,194,208,149,7,7,45
0x666ef7,93.2692%,14,194,208,193,7,7,1
0x769a0a,86.5385%,14,90,104,90,10,4,0
0x5f55be,95.0877%,14,271,285,203,6,8,68
0x5f4b52,94.8718%,14,259,273,190,10,4,69
0x63c297,93.2692%,14,194,208,194,6,8,0
0x6312c1,93.2692%,14,194,208,145,11,3,49
0x6679ef,93.2692%,14,194,208,144,12,2,50
0x65fce8,93.2692%,14,194,208,194,14,0,0
0xa90c41,72%,14,36,50,25,9,5,11
0x407485,61.1111%,14,22,36,22,14,0,0
0x76e369,12.5%,14,2,16,0,0,14,2
0x655c34,99.9868%,14,106430,106444,53217,5,9,53213
0x75a8f8,91.0256%,14,142,156,139,11,3,3
0x75bec9,92.0455%,14,162,176,8,2,12,154
0x5f3dc0,86.5385%,14,90,104,90,9,5,0
0x768ff5,56.25%,14,18,32,11,11,3,7
0x7e7c8d,93.2692%,14,194,208,145,11,3,49
0x429b65,85.4167%,14,82,96,82,12,2,0
0x5957e3,66.6667%,14,28,42,28,14,0,0
0x8a7b73,89.1473%,14,115,129,0,0,14,115
0x659722,93.2692%,14,194,208,144,12,2,50
0x8bff23,99.654%,14,4032,4046,4032,14,0,0
0x9f4f37,94.636%,14,247,261,247,14,0,0
0xa2412b,99.9422%,14,24192,24206,0,0,14,24192
0x769876,74.5455%,14,41,55,0,4,10,41
0x62339c,94.6154%,14,246,260,246,4,10,0
0x63935e,96.5%,14,386,400,290,10,4,96
0x63a673,96.5%,14,386,400,386,6,8,0
0x645ca3,99.8654%,14,10386,10400,0,0,14,10386
0x6445cc,99.8654%,14,10386,10400,7796,4,10,2590
0x5e8250,89.313%,14,117,131,0,8,6,117
0x927d2e,99.8524%,14,9473,9487,0,0,14,9473
0x687b9a,93.2692%,14,194,208,151,5,9,43
0x7a9801,96.5%,14,386,400,297,3,11,89
0x65a74d,82.5%,14,66,80,66,12,2,0
0x926af5,96.5%,14,386,400,386,4,10,0
0x64fc45,93.2692%,14,194,208,145,11,3,49
0x95a129,93.2692%,14,194,208,147,9,5,47
0x8c494c,99.8923%,14,12986,13000,0,0,14,12986
0x926b0f,96.5%,14,386,400,386,6,8,0
0x5f6cb3,99.3177%,14,2038,2052,1014,12,2,1024
0x759629,93.2692%,14,194,208,41,11,3,153
0x617e44,90.7895%,14,138,152,138,6,8,0
0x8c0c93,99.7846%,14,6486,6500,4315,4,10,2171
0x76a22b,86.5385%,14,90,104,42,10,4,48
0x762a6c,63.1579%,14,24,38,0,6,8,24
0xa820af,90.411%,14,132,146,93,7,7,39
0x7bd1cd,97.3077%,14,506,520,251,9,5,255
0x5dad44,93.2692%,14,194,208,154,2,12,40
0x65c939,99.8654%,14,10386,10400,10386,14,0,0
0x926bff,99.5254%,14,2936,2950,2933,3,11,3
0x9262c9,96.5%,14,386,400,0,8,6,386
0x5e8487,95.3642%,14,288,302,217,8,6,71
0x6870bb,73.0769%,14,38,52,38,10,4,0
0x655223,97.2%,14,486,500,471,9,5,15
0x429b58,84.3373%,13,70,83,66,9,4,4
0x773d05,75%,13,39,52,39,11,2,0
0x65a741,95.9375%,13,307,320,236,4,9,71
0x63d947,93.75%,13,195,208,195,5,8,0
0x6e6b6e,75%,13,39,52,39,11,2,0
0x75bbfa,92.6136%,13,163,176,158,10,3,5
0x6595c2,93.75%,13,195,208,146,10,3,49
0x66b202,93.75%,13,195,208,143,13,0,52
0x63bbdc,79.6875%,13,51,64,0,0,13,51
0x5943bc,99.5%,13,2587,2600,2587,13,0,0
0x603690,79.6875%,13,51,64,42,6,7,9
0x66a3c3,93.75%,13,195,208,143,13,0,52
0x8c3b73,97.4%,13,487,500,487,13,0,0
0x92a583,96.4384%,13,352,365,267,7,6,85
0x778d5a,93.5%,13,187,200,187,5,8,0
0x6668ea,93.9815%,13,203,216,154,8,5,49
0x642e98,75%,13,39,52,39,11,2,0
0x667736,93.75%,13,195,208,143,13,0,52
0x429646,93.75%,13,195,208,3,5,8,192
0x76b081,69.0476%,13,29,42,0,0,13,29
0x65e593,99.875%,13,10387,10400,10387,13,0,0
0x758940,93.75%,13,195,208,0,0,13,195
0x667bc6,93.75%,13,195,208,148,8,5,47
0x5994f1,99.4792%,13,2483,2496,1864,8,5,619
0x636c7e,98.3139%,13,758,771,508,6,7,250
0x7785ff,91.875%,13,147,160,147,13,0,0
0x8c3b68,98.7%,13,987,1000,498,2,11,489
0x65ed4c,99.5%,13,2587,2600,2500,0,13,87
0x95a252,93.75%,13,195,208,149,7,6,46
0xa24a4d,99.0226%,13,1317,1330,686,8,5,631
0x8bf422,87.8505%,13,94,107,0,0,13,94
0x634a11,93.75%,13,195,208,149,7,6,46
0x75a84f,91.6667%,13,143,156,0,0,13,143
0x595182,97.9167%,13,611,624,592,8,5,19
0x6083aa,99.1995%,13,1611,1624,0,0,13,1611
0x75c50a,92.6136%,13,163,176,0,10,3,163
0x6678c3,93.75%,13,195,208,195,13,0,0
0x65a3a0,86.7347%,13,85,98,82,2,11,3
0x7a9d68,18.75%,13,3,16,2,10,3,1
0x96168f,99.6107%,13,3326,3339,3170,10,3,156
0x63c244,93.75%,13,195,208,0,0,13,195
0x5ea32b,93.9815%,13,203,216,203,5,8,0
0x5f4997,71.1111%,13,32,45,24,5,8,8
0x5980de,78.3333%,13,47,60,38,2,11,9
0x7b4493,93.75%,13,195,208,151,5,8,44
0x928982,91.8239%,13,146,159,0,0,13,146
0x65a263,96.6837%,13,379,392,286,8,5,93
0x762516,69.0476%,13,29,42,28,12,1,1
0x650455,93.75%,13,195,208,148,8,5,47
0x66f092,96.6837%,13,379,392,286,8,5,93
0x8c0e9f,95.6667%,13,287,300,180,10,3,107
0x63a063,96.75%,13,387,400,387,5,8,0
0x404b55,40.9091%,13,9,22,0,8,5,9
0x6180fb,91.4474%,13,139,152,139,5,8,0
0x64b976,96.75%,13,387,400,387,5,8,0
0x63a8d2,96.75%,13,387,400,387,5,8,0
0x65e5ac,99.875%,13,10387,10400,7790,10,3,2597
0x95a9af,75%,13,39,52,39,13,0,0
0x76bbe1,69.0476%,13,29,42,2,7,6,27
0x76e489,91.875%,13,147,160,146,7,6,1
0x7b3813,87.5%,13,91,104,44,8,5,47
0xa8dcb7,99.9841%,13,81517,81530,0,0,13,81517
0x66b552,93.75%,13,195,208,146,10,3,49
0x64554f,93.75%,13,195,208,147,9,4,48
0x641daf,93.75%,13,195,208,145,11,2,50
0x75875f,93.75%,13,195,208,195,10,3,0
0x760d3f,90.1515%,13,119,132,84,4,9,35
0x75d3ec,69.0476%,13,29,42,29,11,2,0
0x644242,99.875%,13,10387,10400,7787,13,0,2600
0xa77fc9,99.9439%,13,23149,23162,0,0,13,23149
0xa31c0d,99.9695%,13,42555,42568,42555,13,0,0
0xa230d3,96.8293%,13,397,410,27,7,6,370
0x7619b3,75.4717%,13,40,53,0,0,13,40
0x926c4e,77.9661%,13,46,59,46,5,8,0
0x66abd1,93.75%,13,195,208,145,11,2,50
0x761fe3,70.4545%,13,31,44,0,0,13,31
0x66f0a2,86.7347%,13,85,98,81,3,10,4
0x5fca83,85.2273%,13,75,88,73,7,6,2
0x63a387,87%,13,87,100,87,11,2,0
0x89fc2f,79.6875%,13,51,64,51,13,0,0
0x5f367c,98.6842%,13,975,988,947,3,10,28
0xa227f7,98.7862%,13,1058,1071,10,2,11,1048
0x609140,94.1441%,13,209,222,160,8,5,49
0x645bf3,99.875%,13,10387,10400,0,0,13,10387
0x7bd049,95%,13,247,260,247,3,10,0
0x76906b,59.375%,13,19,32,0,0,13,19
0x75d391,59.375%,13,19,32,15,7,6,4
0x5ea44c,93.0636%,12,161,173,161,12,0,0
0x92bd55,97%,12,388,400,289,11,1,99
0x42a5c5,90.3226%,12,112,124,112,12,0,0
0x5f4b6d,96.5318%,12,334,346,267,6,6,67
0x64d415,62.5%,12,20,32,16,8,4,4
0x65136c,96.25%,12,308,320,307,9,3,1
0x5e8b8a,93.0636%,12,161,173,11,6,6,150
0x75ebd1,71.4286%,12,30,42,30,10,2,0
0x65e193,99.8846%,12,10388,10400,10388,12,0,0
0x7b0b78,69.2308%,12,27,39,27,12,0,0
0x644aa4,94.2308%,12,196,208,149,7,5,47
0x762054,62.5%,12,20,32,0,0,12,20
0x7b27f2,76.9231%,12,40,52,40,10,2,0
0x5f4a5b,65.7143%,12,23,35,20,11,1,3
0x763564,90.9091%,12,120,132,76,12,0,44
0x649f72,99.8846%,12,10388,10400,7790,10,2,2598
0x63c4f0,86.6667%,12,78,90,75,9,3,3
0x757866,76.9231%,12,40,52,40,10,2,0
0x669951,94.2308%,12,196,208,196,12,0,0
0x5fcb38,86.3636%,12,76,88,65,9,3,11
0x760f8e,72.7273%,12,32,44,0,0,12,32
0x926c0d,86.3636%,12,76,88,0,0,12,76
0x64a000,99.5385%,12,2588,2600,2497,3,9,91
0x7590d0,94.2308%,12,196,208,0,2,10,196
0x8c445a,99.5385%,12,2588,2600,0,0,12,2588
0x66fc05,96.25%,12,308,320,308,4,8,0
0x75cb9a,76.9231%,12,40,52,0,0,12,40
0x7579f6,76.9231%,12,40,52,40,10,2,0
0x6315e1,94.2308%,12,196,208,146,10,2,50
0x638010,99.8204%,12,6670,6682,6670,12,0,0
0x76e534,92.5%,12,148,160,111,9,3,37
0x64ae52,94.2308%,12,196,208,146,10,2,50
0x77903e,94.2308%,12,196,208,196,4,8,0
0x766570,87.5%,12,84,96,82,10,2,2
0x64dbb8,99.75%,12,4788,4800,4788,12,0,0
0x64b8ac,99.9001%,12,12000,12012,12000,12,0,0
0x66efb2,99.75%,12,4788,4800,3593,7,5,1195
0x404a90,45.4545%,12,10,22,1,5,7,9
0x606050,53.8462%,12,14,26,0,0,12,14
0x4031c1,53.8462%,12,14,26,14,12,0,0
0x7605b9,90.4762%,12,114,126,0,5,7,114
0x5f4a01,73.3333%,12,33,45,3,7,5,30
0x634341,94.2308%,12,196,208,150,6,6,46
0x634328,76.9231%,12,40,52,0,0,12,40
0x756337,96.9697%,12,384,396,288,2,10,96
0x64d353,97%,12,388,400,388,4,8,0
0x66754a,94.2308%,12,196,208,145,11,1,51
0x7a8e09,88%,12,88,100,87,9,3,1
0x63bf80,94.2308%,12,196,208,196,4,8,0
0x64ed81,99.9326%,12,17804,17816,17201,7,5,603
0xa39958,99.9584%,12,28834,28846,0,7,5,28834
0x66ae12,76.9231%,12,40,52,40,10,2,0
0x7b33a2,76.9231%,12,40,52,40,10,2,0
0x5f0b1d,99.8692%,12,9164,9176,4582,6,6,4582
0x65142c,62.5%,12,20,32,13,11,1,7
0x5e8be5,94.2308%,12,196,208,30,5,7,166
0xa39385,99.9584%,12,28834,28846,18767,9,3,10067
0x772b3a,76.9231%,12,40,52,40,12,0,0
0x762462,68.4211%,12,26,38,0,0,12,26
0x64eeb3,94.2308%,12,196,208,196,4,8,0
0x6215bf,75%,12,36,48,33,3,9,3
0x63956d,94.8052%,12,219,231,219,12,0,0
0x633291,99.8846%,12,10388,10400,7796,4,8,2592
0x688836,94.2308%,12,196,208,149,7,5,47
0x6da384,25%,12,4,16,0,0,12,4
0x778ced,92.5%,12,148,160,0,0,12,148
0xa76224,93.4783%,12,172,184,97,1,11,75
0x5f0b50,99.7384%,12,4576,4588,0,0,12,4576
0x65267b,99.3562%,12,1852,1864,0,0,12,1852
0x649ff2,99.8846%,12,10388,10400,7789,11,1,2599
0x7bd25f,95.3846%,12,248,260,248,2,10,0
0x5e8a71,84.4156%,12,65,77,0,0,12,65
0x66fe4f,90.625%,12,116,128,116,4,8,0
0x76290f,68.4211%,12,26,38,6,6,6,20
0x657d1c,76.9231%,12,40,52,0,0,12,40
0xa78123,98.2734%,12,683,695,93,5,7,590
0x6592f2,94.2308%,12,196,208,144,12,0,52
0x7a96e0,86.9565%,12,80,92,80,8,4,0
0x76595f,88.4615%,12,92,104,92,8,4,0
0xa8dcbe,99.9853%,12,81518,81530,0,0,12,81518
0x667888,76.9231%,12,40,52,40,10,2,0
0x9f7cf7,99.4146%,12,2038,2050,1,7,5,2037
0xa0f296,99.8871%,12,10613,10625,10613,12,0,0
0x76fbad,50%,12,12,24,11,6,6,1
0x65a8cc,96.25%,12,308,320,308,12,0,0
0x755f14,94.2308%,12,196,208,2,8,4,194
0x617f9b,92.1053%,12,140,152,140,4,8,0
0x76e336,92.5%,12,148,160,0,0,12,148
0xa769ae,99.9748%,12,47666,47678,25690,6,6,21976
0x777d57,94.2308%,12,196,208,196,4,8,0
0x648d5f,78.5714%,12,44,56,34,8,4,10
0x5ed2d1,76.9231%,12,40,52,40,12,0,0
0x407406,66.6667%,12,24,36,21,3,9,3
0x8beef4,94.2308%,12,196,208,0,0,12,196
0x768fd1,62.5%,12,20,32,5,5,7,15
0x75ed57,72.7273%,12,32,44,32,12,0,0
0x9f9a56,99.9282%,12,16712,16724,16712,12,0,0
0x63d544,94.2308%,12,196,208,0,0,12,196
0x76991a,97.1154%,12,404,416,0,6,6,404
0x7ab027,76.9231%,12,40,52,40,10,2,0
0x5f6139,95.7895%,12,273,285,200,9,3,73
0x8c47d4,99.9077%,12,12988,13000,0,0,12,12988
0x637392,95.3307%,12,245,257,0,0,12,245
0x5e8533,7.69231%,12,1,13,1,4,8,0
0x761d63,79.661%,12,47,59,36,2,10,11
0x59586a,71.4286%,12,30,42,30,10,2,0
0x63a664,97%,12,388,400,388,10,2,0
0x641cef,94.2308%,12,196,208,148,8,4,48
0x62368c,95.3846%,12,248,260,248,2,10,0
0x89fbed,62.5%,12,20,32,14,10,2,6
0x64e7bc,96.25%,12,308,320,308,4,8,0
0x63bc51,94.2308%,12,196,208,196,4,8,0
0x92a3e2,99.7524%,12,4835,4847,4678,10,2,157
0x7a8f1b,87.5%,12,84,96,83,9,3,1
0x6639d6,85%,12,68,80,68,10,2,0
0x768642,88.4615%,12,92,104,92,8,4,0
0x599068,88.4615%,12,92,104,0,0,12,92
0xa389de,97.254%,12,425,437,386,5,7,39
0x41cbdf,81.25%,12,52,64,52,12,0,0
0x643686,76.9231%,12,40,52,40,10,2,0
0x76f7a9,0%,12,0,12,0,6,6,0
0xa22643,99.0066%,12,1196,1208,1196,10,2,0
0x77472d,94.7115%,11,197,208,151,5,6,46
0x40313e,57.6923%,11,15,26,15,11,0,0
0x63afff,98.4286%,11,689,700,684,2,9,5
0x6313bb,94.7115%,11,197,208,150,6,5,47
0x634b4d,97.8%,11,489,500,489,1,10,0
0x7664d3,88.5417%,11,85,96,0,0,11,85
0x632de2,99.9882%,11,93589,93600,70194,6,5,23395
0x65487f,99.9909%,11,120397,120408,8514,7,4,111883
0x7562eb,97.2222%,11,385,396,0,0,11,385
0x5ea89e,94.7115%,11,197,208,151,5,6,46
0x66679f,79.6296%,11,43,54,43,9,2,0
0x76d6e6,78.8462%,11,41,52,41,9,2,0
0x64441d,99.8942%,11,10389,10400,7792,8,3,2597
0x9fb64c,99.8417%,11,6938,6949,254,5,6,6684
0x7a9dc4,97.3558%,11,405,416,305,7,4,100
0x9e1787,88.5417%,11,85,96,0,0,11,85
0xa762a7,99.8815%,11,9271,9282,0,0,11,9271
0x6091a8,95.045%,11,211,222,0,0,11,211
0x6f522c,78.8462%,11,41,52,41,9,2,0
0x6663c3,78.8462%,11,41,52,0,0,11,41
0xa7a678,95.7198%,11,246,257,0,0,11,246
0x64592c,99.8942%,11,10389,10400,7795,5,6,2594
0x63bad1,87.5%,11,77,88,0,0,11,77
0x76140d,73.8095%,11,31,42,31,9,2,0
0x926a89,99.5945%,11,2702,2713,2702,11,0,0
0x64faf8,99.725%,11,3989,4000,0,0,11,3989
0x65cb9c,94.7115%,11,197,208,197,3,8,0
0x7b1662,78.8462%,11,41,52,41,9,2,0
0x655d4f,99.9897%,11,106433,106444,53221,1,10,53212
0xa78036,99.0517%,11,1149,1160,1148,8,3,1
0x659882,94.7115%,11,197,208,148,8,3,49
0x75ed91,81.3559%,11,48,59,5,10,1,43
0x6d882b,31.25%,11,5,16,5,11,0,0
0x5fced2,87.5%,11,77,88,77,11,0,0
0x645b24,99.8942%,11,10389,10400,7790,10,1,2599
0x615223,92.7632%,11,141,152,141,3,8,0
0x65c484,78.8462%,11,41,52,0,0,11,41
0x5fcdf9,87.5%,11,77,88,77,11,0,0
0x647691,97.25%,11,389,400,291,9,2,98
0x6351b2,78%,11,39,50,39,9,2,0
0xa762b1,99.8815%,11,9271,9282,0,0,11,9271
0x659466,94.7115%,11,197,208,150,6,5,47
0x63bad7,87.5%,11,77,88,0,8,3,77
0x635c5d,89%,11,89,100,89,9,2,0
0xa0efdd,99.7175%,11,3883,3894,0,0,11,3883
0x4299d6,94.2105%,11,179,190,150,2,9,29
0x7a9623,97.0109%,11,357,368,0,0,11,357
0x5e4d58,8.33333%,11,1,12,1,11,0,0
0x7578c6,78.8462%,11,41,52,41,9,2,0
0x761279,52.1739%,11,12,23,2,1,10,10
0x608f1e,95.045%,11,211,222,0,0,11,211
0x76bc10,73.8095%,11,31,42,31,9,2,0
0x75e876,73.8095%,11,31,42,31,9,2,0
0x66f9e6,80.3571%,11,45,56,36,6,5,9
0x630fc1,94.7115%,11,197,208,150,6,5,47
0x778457,94.5%,11,189,200,189,3,8,0
0x75d244,93.75%,11,165,176,2,0,11,163
0x598486,89.4231%,11,93,104,0,0,11,93
0x637d00,99.8354%,11,6671,6682,6671,11,0,0
0x757936,78.8462%,11,41,52,41,9,2,0
0x76bb9b,73.8095%,11,31,42,0,0,11,31
0x66a543,78.8462%,11,41,52,41,9,2,0
0x669ed4,78.8462%,11,41,52,41,9,2,0
0x4abb44,97.0899%,11,367,378,309,5,6,58
0x644893,78.8462%,11,41,52,0,0,11,41
0x63c39d,89%,11,89,100,0,2,9,89
0x66afb3,94.7115%,11,197,208,151,5,6,46
0x5ed462,78.8462%,11,41,52,41,9,2,0
0x64be27,86.25%,11,69,80,0,0,11,69
0x7694dd,96.4744%,11,301,312,201,7,4,100
0x633eb7,99.0833%,11,1189,1200,0,0,11,1189
0x7b2208,78.8462%,11,41,52,41,9,2,0
0x5f4ecc,26.6667%,11,4,15,2,9,2,2
0x6e69fa,94.7115%,11,197,208,0,0,11,197
0x762279,75%,11,33,44,33,9,2,0
0x63bd50,94.7115%,11,197,208,197,3,8,0
0x8c0392,89%,11,89,100,89,9,2,0
0x6210fb,71.0526%,11,27,38,26,4,7,1
0x5f642a,98.9279%,11,1015,1026,0,0,11,1015
0x8c074d,97.25%,11,389,400,0,0,11,389
0x7a91cc,88.0435%,11,81,92,0,0,11,81
0x5e8164,85.7143%,11,66,77,2,3,8,64
0x762a20,73.8095%,11,31,42,0,0,11,31
0x407473,69.4444%,11,25,36,8,4,7,17
0x768f96,65.625%,11,21,32,16,10,1,5
0x6394d5,97.25%,11,389,400,295,5,6,94
0x643c9f,99.8942%,11,10389,10400,7792,8,3,2597
0x663a49,99.0833%,11,1189,1200,1189,9,2,0
0x66af23,94.7115%,11,197,208,154,2,9,43
0x630fa7,78.8462%,11,41,52,0,0,11,41
0x6215b4,77.0833%,11,37,48,0,0,11,37
0x5f42ab,60.7143%,11,17,28,3,3,8,14
0x63c395,89.6226%,11,95,106,6,0,11,89
0x630f73,31.25%,11,5,16,5,9,2,0
0x64da93,99.9817%,11,59989,60000,0,0,11,59989
0x614b63,99.8409%,11,6905,6916,0,0,11,6905
0x66b2c2,94.7115%,11,197,208,151,5,6,46
0x590b16,94.7115%,11,197,208,197,3,8,0
0x63da1a,94.7115%,11,197,208,0,0,11,197
0x6457b4,99.8942%,11,10389,10400,10389,11,0,0
0x5f6bb8,99.4639%,11,2041,2052,1019,7,4,1022
0x5e63c2,78%,11,39,50,39,11,0,0
0x403153,57.6923%,11,15,26,14,6,5,1
0x76d686,79.6296%,11,43,54,0,0,11,43
0x429b51,86.747%,11,72,83,0,0,11,72
0x5e7f5a,78.8462%,11,41,52,41,11,0,0
0x5e7598,47.619%,11,10,21,7,6,5,3
0x8c38d0,98.1667%,11,589,600,493,7,4,96
0x5ac65a,98.5175%,11,731,742,731,11,0,0
0x926d70,97.25%,11,389,400,389,3,8,0
0x66b852,94.7115%,11,197,208,146,10,1,51
0x63c3bd,87.7778%,11,79,90,64,8,3,15
0x6535b0,94.7115%,11,197,208,151,5,6,46
0x681fb1,89.4231%,11,93,104,93,7,4,0
0x7a919a,31.25%,11,5,16,5,7,4,0
0x75e074,21.4286%,11,3,14,3,9,2,0
0xa3087e,99.8521%,11,7425,7436,0,0,11,7425
0xa0ebd9,99.9873%,11,86283,86294,86249,5,6,34
0x7b0b58,75%,11,33,44,0,5,6,33
0x9613ff,99.6706%,11,3328,3339,3176,4,7,152
0x670202,97.5962%,10,406,416,203,5,5,203
0x598529,90.3846%,10,94,104,94,10,0,0
0x7cc8fc,93.5897%,10,146,156,0,0,10,146
0xa9007e,99.8986%,10,9856,9866,0,0,10,9856
0x429fb4,97.5%,10,390,400,0,0,10,390
0x631581,99.4658%,10,1862,1872,1398,6,4,464
0x76fc32,58.3333%,10,14,24,13,5,5,1
0x64374a,80.7692%,10,42,52,0,0,10,42
0x6087d5,94.3182%,10,166,176,0,0,10,166
0x66fbaa,96.875%,10,310,320,310,2,8,0
0x75cead,50%,10,10,20,7,4,6,3
0x769810,97.5962%,10,406,416,404,2,8,2
0x76066d,92.0635%,10,116,126,0,0,10,116
0x60610a,61.5385%,10,16,26,14,8,2,2
0x9f4f86,96.1686%,10,251,261,0,0,10,251
0x5f62e9,86.8421%,10,66,76,36,4,6,30
0x641c2f,95.1923%,10,198,208,149,7,3,49
0x639334,90%,10,90,100,0,0,10,90
0x6085e7,99.4658%,10,1862,1872,1862,10,0,0
0x633951,68.75%,10,22,32,21,3,7,1
0x9fb4f7,96.1686%,10,251,261,0,0,10,251
0x768f53,68.75%,10,22,32,6,4,6,16
0x6595d1,80.7692%,10,42,52,42,8,2,0
0x7780a3,98.7981%,10,822,832,822,10,0,0
0x658b1e,99.8547%,10,6870,6880,0,0,10,6870
0x64c994,97.5%,10,390,400,390,2,8,0
0x757943,80.7692%,10,42,52,0,0,10,42
0x9f5cf6,99.7932%,10,4826,4836,0,0,10,4826
0x75d380,92.8058%,10,129,139,0,0,10,129
0x7b2fe8,75.6098%,10,31,41,31,10,0,0
0x76c4ae,77.2727%,10,34,44,0,0,10,34
0xa30847,99.9426%,10,17401,17411,17401,10,0,0
0x64c702,99.75%,10,3990,4000,3990,10,0,0
0x65c376,95.1923%,10,198,208,146,10,0,52
0xa22827,98.4871%,10,651,661,99,9,1,552
0x64cd74,87.5%,10,70,80,70,8,2,0
0x590ade,97.5962%,10,406,416,0,0,10,406
0x6395a0,90%,10,90,100,90,8,2,0
0x64e193,98%,10,490,500,0,0,10,490
0x7a9666,97.2826%,10,358,368,0,4,6,358
0x598369,90.3846%,10,94,104,94,10,0,0
0x595817,76.1905%,10,32,42,32,10,0,0
0x7aa162,80.7692%,10,42,52,0,0,10,42
0x598f99,80.7692%,10,42,52,42,8,2,0
0x8c1493,97.5%,10,390,400,390,10,0,0
0x7cdbdc,80.7692%,10,42,52,42,8,2,0
0x7cd966,80.7692%,10,42,52,0,0,10,42
0x5985a0,90.3846%,10,94,104,94,6,4,0
0x8c6578,99.6%,10,2490,2500,2490,10,0,0
0x64c31d,97.5%,10,390,400,390,2,8,0
0x8c63b3,97.5%,10,390,400,292,8,2,98
0x66f953,82.1429%,10,46,56,35,7,3,11
0x613d2c,89.5833%,10,86,96,66,6,4,20
0x64bef8,99.8167%,10,5447,5457,0,0,10,5447
0x66a3d3,80.7692%,10,42,52,42,8,2,0
0x959e22,80.7692%,10,42,52,0,0,10,42
0x765dbd,89.5833%,10,86,96,0,0,10,86
0x63185d,80.7692%,10,42,52,42,8,2,0
0x95a803,80.7692%,10,42,52,0,0,10,42
0x63aec0,98.3333%,10,590,600,586,2,8,4
0x765c28,96.7949%,10,302,312,203,5,5,99
0x76afc3,92.4242%,10,122,132,122,4,6,0
0x631437,95.1923%,10,198,208,146,10,0,52
0x59587d,76.1905%,10,32,42,32,10,0,0
0x63620d,68.75%,10,22,32,22,8,2,0
0x64ed94,99.9688%,10,32022,32032,17205,3,7,14817
0x77289b,95.1923%,10,198,208,149,7,3,49
0x5ea07b,95.3704%,10,206,216,161,1,9,45
0x631781,99.4658%,10,1862,1872,1399,5,5,463
0x6f4c69,95.1923%,10,198,208,150,6,4,48
0x7ce24c,80.7692%,10,42,52,42,8,2,0
0x8c3c68,98%,10,490,500,392,8,2,98
0xa761f9,99.7127%,10,3471,3481,0,0,10,3471
0x64c85d,87.5%,10,70,80,70,8,2,0
0x7aafa3,76.1905%,10,32,42,0,0,10,32
0x598c85,28.5714%,10,4,14,2,0,10,2
0x64ed38,99.97%,10,33270,33280,17870,10,0,15400
0x959e05,80.7692%,10,42,52,42,8,2,0
0x7cf0dc,80.7692%,10,42,52,42,8,2,0
0x5e81f6,95.1923%,10,198,208,1,7,3,197
0xa30bbd,16.6667%,10,2,12,2,10,0,0
0x65fbe7,70.5882%,10,24,34,0,0,10,24
0x66b6e2,80.7692%,10,42,52,42,8,2,0
0x63c420,88.8889%,10,80,90,80,4,6,0
0xa243fb,99.9587%,10,24196,24206,0,0,10,24196
0x64d505,68.75%,10,22,32,15,9,1,7
0x9f5e6e,95.6897%,10,222,232,0,4,6,222
0x5f6eea,99.0602%,10,1054,1064,1054,10,0,0
0x5e7f81,80.7692%,10,42,52,35,4,6,7
0x618c23,99.8554%,10,6906,6916,0,0,10,6906
0x7bd55d,75%,10,30,40,0,0,10,30
0x761618,88.6364%,10,78,88,69,4,6,9
0x7a925d,89.1304%,10,82,92,80,8,2,2
0x686a7b,95.1923%,10,198,208,150,6,4,48
0x64ce23,96.875%,10,310,320,310,6,4,0
0x7cdb33,80.7692%,10,42,52,0,0,10,42
0x928590,99.7937%,10,4837,4847,0,0,10,4837
0x92a516,97.2603%,10,355,365,0,0,10,355
0x5a8bbd,98.8584%,10,866,876,0,0,10,866
0x6431c2,99.6154%,10,2590,2600,0,0,10,2590
0x7586e6,80.7692%,10,42,52,0,0,10,42
0x9e14e5,89.5833%,10,86,96,0,0,10,86
0x5e6877,95%,10,190,200,145,5,5,45
0x75e78c,92.0635%,10,116,126,114,6,4,2
0x5f4697,94.8718%,10,185,195,1,4,6,184
0x8c07e4,98.2759%,10,570,580,0,0,10,570
0x76e51e,93.75%,10,150,160,145,8,2,5
0x75683c,95.1923%,10,198,208,198,10,0,0
0xa2e96b,99.9735%,10,37679,37689,37679,10,0,0
0x7b45b3,95.1923%,10,198,208,146,10,0,52
0x596c60,58.3333%,10,14,24,13,5,5,1
0x594848,95.1923%,10,198,208,0,0,10,198
0x7b3423,95.1923%,10,198,208,148,8,2,50
0x665b33,80.7692%,10,42,52,0,0,10,42
0x65bf04,80.7692%,10,42,52,42,8,2,0
0x7663a7,90%,10,90,100,0,0,10,90
0x609015,95.4955%,10,212,222,162,2,8,50
0x652c4a,99.7937%,10,4837,4847,0,0,10,4837
0x5f4290,54.5455%,10,12,22,0,0,10,12
0x64a8d2,99.9038%,10,10390,10400,7793,7,3,2597
0x6549b1,99.8826%,10,8510,8520,8510,10,0,0
0x5989f6,79.1667%,10,38,48,0,0,10,38
0x7582c4,77.2727%,10,34,44,1,4,6,33
0x652482,99.8781%,10,8193,8203,0,0,10,8193
0x6d8850,37.5%,10,6,16,2,2,8,4
0x65ef93,99.6154%,10,2590,2600,0,0,10,2590
0x6675f1,80.7692%,10,42,52,42,8,2,0
0x7bd584,75%,10,30,40,29,1,9,1
0x760301,93.5897%,10,146,156,102,2,8,44
0x95a944,80.7692%,10,42,52,0,0,10,42
0x9283d1,99.7223%,10,3591,3601,0,0,10,3591
0x960a99,99.7005%,10,3329,3339,3176,4,6,153
0x7598e6,80.7692%,10,42,52,42,8,2,0
0x64beb5,99.9375%,10,15990,16000,15990,10,0,0
0x407444,72.2222%,10,26,36,26,10,0,0
0x7e88b4,80.7692%,10,42,52,42,8,2,0
0x65c4ad,95.1923%,10,198,208,147,9,1,51
0x66b45c,97.8632%,10,458,468,0,0,10,458
0x5f59ed,99.84%,10,6241,6251,5914,8,2,327
0x63128d,80.7692%,10,42,52,42,8,2,0
0x5f6d48,99.0602%,10,1054,1064,0,0,10,1054
0x5f4438,54.5455%,10,12,22,12,4,6,0
0x63734a,96.1089%,10,247,257,0,0,10,247
0xa24d46,96.4912%,10,275,285,0,0,10,275
0x429b38,89.5833%,10,86,96,1,1,9,85
0x5efeea,97.5369%,10,396,406,0,0,10,396
0x608afa,78.2609%,10,36,46,3,7,3,33
0x92984e,99.619%,10,2615,2625,2499,1,9,116
0x95a76a,95.1923%,10,198,208,148,8,2,50
0x653b02,95.1923%,10,198,208,149,7,3,49
0x665ac2,80.7692%,10,42,52,42,8,2,0
0x5ea629,95.1923%,10,198,208,198,10,0,0
0x659672,95.1923%,10,198,208,154,2,8,44
0x666162,80.7692%,10,42,52,42,8,2,0
0x7cdd13,80.7692%,10,42,52,0,0,10,42
0x665f6f,80.7692%,10,42,52,0,0,10,42
0x766c7b,96.7949%,10,302,312,200,8,2,102
0x92a594,89.011%,10,81,91,0,0,10,81
0x64cb2a,99.9375%,10,15990,16000,0,0,10,15990
0x6699d2,80.7692%,10,42,52,42,8,2,0
0x666102,80.7692%,10,42,52,42,8,2,0
0x597f12,50%,10,10,20,1,5,5,9
0x5fd07f,88.6364%,10,78,88,78,10,0,0
0x6314b0,95.1923%,10,198,208,147,9,1,51
0x6314e7,95.1923%,10,198,208,150,6,4,48
0x6597d2,95.1923%,10,198,208,147,9,1,51
0x960bdf,99.7005%,10,3329,3339,3177,3,7,152
0x658922,99.8943%,10,9454,9464,7092,6,4,2362
0x6e688a,80.7692%,10,42,52,0,0,10,42
0x5f5ac3,90.7407%,10,98,108,98,6,4,0
0xa7a63e,98.0695%,10,508,518,0,0,10,508
0x593e70,95.1923%,10,198,208,198,2,8,0
0x63649c,96.1089%,10,247,257,1,4,6,246
0x65a24c,89.7959%,10,88,98,0,0,10,88
0x8bfedd,99.892%,10,9249,9259,9249,10,0,0
0x404c2b,59.0909%,9,13,22,13,9,0,0
0x59811e,71.875%,9,23,32,23,9,0,0
0x66a533,95.6731%,9,199,208,149,7,2,50
0x75c268,94.5783%,9,157,166,7,4,5,150
0x64c97a,97.75%,9,391,400,0,0,9,391
0x5e84ff,30.7692%,9,4,13,0,0,9,4
0x5f1b5c,99.5614%,9,2043,2052,0,0,9,2043
0x75f966,83.3333%,9,45,54,29,7,2,16
0x632459,77.5%,9,31,40,31,7,2,0
0x617db8,99.7723%,9,3943,3952,3943,9,0,0
0x7612d6,78.5714%,9,33,42,33,7,2,0
0x665af2,82.6923%,9,43,52,43,7,2,0
0x6640cd,35.7143%,9,5,14,5,7,2,0
0x666173,83.3333%,9,45,54,0,0,9,45
0x634391,99.9135%,9,10391,10400,7793,7,2,2598
0x65c095,95.6731%,9,199,208,149,7,2,50
0x926c01,35.7143%,9,5,14,5,9,0,0
0x666f85,82.6923%,9,43,52,0,0,9,43
0x769043,71.875%,9,23,32,2,2,7,21
0x66a97c,82.6923%,9,43,52,0,0,9,43
0x65b638,82.6923%,9,43,52,43,7,2,0
0x64b941,97.75%,9,391,400,132,7,2,259
0x768aea,71.875%,9,23,32,0,0,9,23
0x64308d,82.6923%,9,43,52,43,7,2,0
0x5e7a2d,30.7692%,9,4,13,1,4,5,3
0x614fc5,94.0789%,9,143,152,0,0,9,143
0x5987d4,99.2788%,9,1239,1248,1239,9,0,0
0x6367a1,99.184%,9,1094,1103,1094,9,0,0
0x666192,83.3333%,9,45,54,45,7,2,0
0x92c725,99.9135%,9,10391,10400,7792,8,1,2599
0x9e17f5,90.625%,9,87,96,87,9,0,0
0x6434fd,82.6923%,9,43,52,43,7,2,0
0x5f47c2,91.6667%,9,99,108,99,5,4,0
0x63106d,82.6923%,9,43,52,43,7,2,0
0x5f1586,99.5614%,9,2043,2052,1021,5,4,1022
0x64e43f,10%,9,1,10,1,9,0,0
0x5f341a,97.0395%,9,295,304,284,4,5,11
0x6661c2,83.3333%,9,45,54,45,7,2,0
0x63534c,88.75%,9,71,80,71,7,2,0
0x767295,43.75%,9,7,16,0,0,9,7
0x5f32a6,76.3158%,9,29,38,0,4,5,29
0xa31db4,99.9153%,9,10616,10625,10616,9,0,0
0x5f30e3,76.3158%,9,29,38,16,2,7,13
0x64ce72,88.75%,9,71,80,71,7,2,0
0x76578e,91.3462%,9,95,104,0,0,9,95
0x5f463d,95.3846%,9,186,195,0,0,9,186
0x5998d0,71.875%,9,23,32,23,5,4,0
0x75c3dc,79.5455%,9,35,44,35,7,2,0
0x609040,84.4828%,9,49,58,49,9,0,0
0x64458f,99.9135%,9,10391,10400,10391,9,0,0
0x66b36c,82.6923%,9,43,52,0,0,9,43
0x5ecd1e,82.6923%,9,43,52,43,7,2,0
0x667599,82.6923%,9,43,52,43,7,2,0
0x7cdad0,82.6923%,9,43,52,43,7,2,0
0x64da77,99.25%,9,1191,1200,0,0,9,1191
0x603bbf,79.5455%,9,35,44,30,6,3,5
0x778fa7,97.8365%,9,407,416,202,6,3,205
0x429791,95.6731%,9,199,208,194,6,3,5
0x6433d2,99.6538%,9,2591,2600,0,0,9,2591
0x773b3c,82.6923%,9,43,52,0,0,9,43
0x7582f8,76.9231%,9,30,39,30,9,0,0
0x92c684,99.6538%,9,2591,2600,0,0,9,2591
0x64fb78,88.75%,9,71,80,0,0,9,71
0x766f66,71.875%,9,23,32,0,0,9,23
0x636608,99.7665%,9,3846,3855,3846,9,0,0
0x75cbc2,82.6923%,9,43,52,0,0,9,43
0xa0efef,99.7689%,9,3885,3894,0,0,9,3885
0x7aae45,78.5714%,9,33,42,0,0,9,33
0x63c317,97.75%,9,391,400,391,1,8,0
0x63a054,97.75%,9,391,400,391,7,2,0
0x646198,99.6538%,9,2591,2600,0,0,9,2591
0x7741ad,82.6923%,9,43,52,0,0,9,43
0x5e8146,59.0909%,9,13,22,0,0,9,13
0x65781c,82.6923%,9,43,52,43,7,2,0
0x762d60,78.5714%,9,33,42,33,7,2,0
0x63bef0,95.6731%,9,199,208,199,1,8,0
0x5e7133,81.25%,9,39,48,0,0,9,39
0xa2e4e8,99.9835%,9,54531,54540,0,0,9,54531
0x76a353,78.5714%,9,33,42,0,0,9,33
0x76332c,92.8571%,9,117,126,0,0,9,117
0x5e6846,82%,9,41,50,0,0,9,41
0x7732d1,82.6923%,9,43,52,43,7,2,0
0x64e74c,99.8897%,9,8151,8160,0,0,9,8151
0x64b123,95.6731%,9,199,208,149,7,2,50
0x76bec2,79.5455%,9,35,44,0,0,9,35
0x6311a1,95.6731%,9,199,208,149,7,2,50
0x643830,82.6923%,9,43,52,43,7,2,0
0x603fd8,79.5455%,9,35,44,28,2,7,7
0x645312,99.7776%,9,4037,4046,4037,9,0,0
0x63c19d,95.6731%,9,199,208,199,1,8,0
0xa2424a,99.9589%,9,21884,21893,0,0,9,21884
0x63bbe2,85.9375%,9,55,64,3,5,4,52
0x89fc4a,43.75%,9,7,16,7,1,8,0
0x66b49a,50%,9,9,18,9,7,2,0
0x41cc0f,85.9375%,9,55,64,55,9,0,0
0x76e363,50%,9,9,18,0,2,7,9
0x653832,95.6731%,9,199,208,150,6,3,49
0x608907,79.5455%,9,35,44,35,7,2,0
0x7e8063,82.6923%,9,43,52,0,0,9,43
0x7afb9a,82.6923%,9,43,52,43,9,0,0
0x63c010,95.6731%,9,199,208,199,1,8,0
0x63cf44,93.7063%,9,134,143,134,9,0,0
0x778383,95.5%,9,191,200,0,0,9,191
0x645af6,99.9135%,9,10391,10400,10391,9,0,0
0xa0f24b,99.9153%,9,10616,10625,0,0,9,10616
0x76cc07,89.7727%,9,79,88,43,1,8,36
0x66fdda,95.6731%,9,199,208,199,1,8,0
0x5f4407,50%,9,9,18,1,2,7,8
0x616df8,82.6923%,9,43,52,43,7,2,0
0x641dbb,82.6923%,9,43,52,43,7,2,0
0x760cb3,79.5455%,9,35,44,0,0,9,35
0x653b8d,82.6923%,9,43,52,43,7,2,0
0x618af4,99.8699%,9,6907,6916,0,0,9,6907
0x7e89be,82.6923%,9,43,52,0,0,9,43
0xa0f548,73.5294%,9,25,34,0,0,9,25
0x7b29c7,82.6923%,9,43,52,43,7,2,0
0x5949a1,95.6731%,9,199,208,199,1,8,0
0x681f12,95.6731%,9,199,208,103,1,8,96
0x635165,82.6923%,9,43,52,43,7,2,0
0x598ce8,82.6923%,9,43,52,0,0,9,43
0xa230e1,97.8049%,9,401,410,335,3,6,66
0x64d585,71.875%,9,23,32,0,0,9,23
0x621633,71.875%,9,23,32,2,6,3,21
0x64f0a3,95.6731%,9,199,208,0,0,9,199
0x66e627,88.75%,9,71,80,71,7,2,0
0xa90c5b,59.0909%,9,13,22,9,5,4,4
0x92b28a,82.6923%,9,43,52,0,0,9,43
0x5983e0,91.3462%,9,95,104,95,5,4,0
0x7650de,91.3462%,9,95,104,95,5,4,0
0x5983f2,71.875%,9,23,32,22,6,3,1
0x76a238,82.6923%,9,43,52,43,9,0,0
0x66b7a2,82.6923%,9,43,52,43,7,2,0
0x645913,99.9135%,9,10391,10400,10391,9,0,0
0x7aa3aa,82%,9,41,50,41,9,0,0
0xa230cd,97.8049%,9,401,410,0,0,9,401
0x667394,82.6923%,9,43,52,0,0,9,43
0x7e8110,82.6923%,9,43,52,43,7,2,0
0x7b0be1,82.6923%,9,43,52,43,7,2,0
0x762453,76.3158%,9,29,38,0,0,9,29
0x7ce0a3,82.6923%,9,43,52,0,0,9,43
0x64c026,99.8031%,9,4562,4571,4562,9,0,0
0xa0eed8,99.879%,9,7427,7436,0,0,9,7427
0x75826e,82.6923%,9,43,52,0,0,9,43
0x76076a,78.5714%,9,33,42,33,7,2,0
0x6526c5,99.8903%,9,8194,8203,366,7,2,7828
0x667b86,82.6923%,9,43,52,43,7,2,0
0x669de3,82.6923%,9,43,52,0,0,9,43
0x76ce9c,82.6923%,9,43,52,0,0,9,43
0x7edd6b,82.6923%,9,43,52,43,7,2,0
0x9e1612,90.625%,9,87,96,82,6,3,5
0x76a3b6,94.6429%,9,159,168,120,6,3,39
0x66786f,95.6731%,9,199,208,149,7,2,50
0x65c979,47.0588%,9,8,17,0,0,9,8
0xa90d38,85%,9,51,60,36,0,9,15
0xa22505,99.2754%,9,1233,1242,0,2,7,1233
0x9f7ce2,99.5614%,9,2043,2052,0,0,9,2043
0x926a78,98.8943%,9,805,814,805,9,0,0
0x76603c,90.625%,9,87,96,87,5,4,0
0x5a8e3a,88.75%,9,71,80,45,5,4,26
0x6318e7,82.6923%,9,43,52,0,0,9,43
0x656a93,77.5%,9,31,40,31,7,2,0
0x59985a,71.875%,9,23,32,23,5,4,0
0x669d72,82.6923%,9,43,52,43,7,2,0
0x7610d2,78.5714%,9,33,42,0,0,9,33
0x63dc0f,95.6731%,9,199,208,199,1,8,0
0x616ed6,82.6923%,9,43,52,43,9,0,0
0x7bc881,82.6923%,9,43,52,0,0,9,43
0x655a8e,99.9831%,9,53213,53222,13513,2,7,39700
0x8c613b,99.9654%,9,25991,26000,12995,5,4,12996
0x65b02e,91.8182%,9,101,110,101,9,0,0
0x66b6d2,95.6731%,9,199,208,152,4,5,47
0x65acdd,89.2857%,9,75,84,68,2,7,7
0x756229,97.7273%,9,387,396,0,0,9,387
0x645e9a,99.7776%,9,4037,4046,4037,9,0,0
0x763005,78.5714%,9,33,42,31,9,0,2
0x926cee,97.75%,9,391,400,391,1,8,0
0x76815d,91.3462%,9,95,104,95,5,4,0
0x63137d,95.6731%,9,199,208,148,8,1,51
0xa76e0e,99.9577%,9,21269,21278,0,2,7,21269
0x8bf983,95.6731%,9,199,208,156,0,9,43
0x8bfe9e,99.2112%,9,1132,1141,0,0,9,1132
0x7e8a10,82.6923%,9,43,52,43,7,2,0
0x7b0f14,82.6923%,9,43,52,0,0,9,43
0x7e7bce,95.6731%,9,199,208,148,8,1,51
0x63684a,99.2747%,8,1095,1103,0,0,8,1095
0x631475,96.1538%,8,200,208,154,2,6,46
0x618f04,99.8843%,8,6908,6916,0,0,8,6908
0x769250,33.3333%,8,4,12,2,8,0,2
0x65cd13,84.6154%,8,44,52,0,0,8,44
0x6312cd,84.6154%,8,44,52,44,6,2,0
0x63c044,87.5%,8,56,64,7,1,7,49
0x7b2fc8,80.9524%,8,34,42,0,1,7,34
0x6415dc,0%,8,0,8,0,6,2,0
0x959fb9,96.1538%,8,200,208,150,6,2,50
0x5e8356,97.351%,8,294,302,0,0,8,294
0x5e82d4,89.6104%,8,69,77,0,0,8,69
0x657a5d,96.1538%,8,200,208,151,5,3,49
0x63c464,91.1111%,8,82,90,81,3,5,1
0x8bfe87,99.6923%,8,2592,2600,0,0,8,2592
0x42a0d3,96.9231%,8,252,260,0,3,5,252
0x5f3629,99.5951%,8,1968,1976,0,0,8,1968
0x89fdb9,97.619%,8,328,336,328,8,0,0
0x7b175f,96.1538%,8,200,208,149,7,1,51
0x76fd77,92.3077%,8,96,104,0,0,8,96
0x766ff2,75%,8,24,32,0,0,8,24
0x757c06,84.6154%,8,44,52,44,6,2,0
0x766454,92%,8,92,100,92,4,4,0
0x7cf1d2,84.6154%,8,44,52,44,6,2,0
0x8c33e5,98%,8,392,400,296,4,4,96
0x75bd00,0%,8,0,8,0,0,8,0
0x64ed75,99.9553%,8,17872,17880,61,3,5,17811
0x644aaf,84.6154%,8,44,52,44,6,2,0
0x620a44,99.7976%,8,3944,3952,0,0,8,3944
0x633221,99.9231%,8,10392,10400,7797,3,5,2595
0x8c58c3,99.9385%,8,12992,13000,0,0,8,12992
0x75f17c,46.6667%,8,7,15,6,0,8,1
0x7cd761,84.6154%,8,44,52,44,8,0,0
0x5e8cf4,98.9362%,8,744,752,744,8,0,0
0x65084e,90%,8,72,80,72,6,2,0
0x8c3bed,98.4%,8,492,500,0,0,8,492
0x76d914,84.6154%,8,44,52,44,6,2,0
0x75f2e4,81.8182%,8,36,44,36,6,2,0
0x5e9d12,92.3077%,8,96,104,0,0,8,96
0x7a9181,50%,8,8,16,6,6,2,2
0x95a23b,84.6154%,8,44,52,0,0,8,44
0x92cbab,99.9231%,8,10392,10400,7797,3,5,2595
0x757027,84.6154%,8,44,52,18,2,6,26
0x608f38,96.3964%,8,214,222,0,0,8,214
0xa24101,99.967%,8,24198,24206,0,0,8,24198
0x8bebc6,84.6154%,8,44,52,44,6,2,0
0x598c44,75%,8,24,32,10,6,2,14
0x64b243,99.9231%,8,10392,10400,7797,3,5,2595
0x64f1f3,99.9755%,8,32632,32640,0,0,8,32632
0x66e6d7,90%,8,72,80,72,6,2,0
0x608b58,95.4545%,8,168,176,0,0,8,168
0x6312ac,84.6154%,8,44,52,0,0,8,44
0x67a4eb,99.3333%,8,1192,1200,1192,6,2,0
0x762356,81.8182%,8,36,44,1,5,3,35
0x5a8f4d,94.0299%,8,126,134,126,8,0,0
0x616d9c,84.6154%,8,44,52,44,8,0,0
0x5e840b,97.351%,8,294,302,0,0,8,294
0x6088ca,95.4545%,8,168,176,131,1,7,37
0x5e75af,0%,8,0,8,0,6,2,0
0x769995,98.0769%,8,408,416,0,0,8,408
0x66e853,84.6154%,8,44,52,44,6,2,0
0x6552cf,99.9408%,8,13507,13515,13507,8,0,0
0x632d47,99.9658%,8,23392,23400,0,0,8,23392
0x75641d,84.6154%,8,44,52,0,0,8,44
0x757913,84.6154%,8,44,52,0,0,8,44
0x66e612,97.5%,8,312,320,234,6,2,78
0x63e31b,0%,8,0,8,0,0,8,0
0x653411,84.6154%,8,44,52,44,6,2,0
0x5f6afb,99.2203%,8,1018,1026,0,0,8,1018
0x760ce4,86.4407%,8,51,59,0,0,8,51
0x8c5659,99.9385%,8,12992,13000,0,0,8,12992
0x598ecb,75%,8,24,32,16,2,6,8
0x648f0b,85.7143%,8,48,56,39,3,5,9
0x65a8e1,97.5%,8,312,320,232,8,0,80
0xa768d3,99.9884%,8,68948,68956,0,0,8,68948
0x614b7d,99.8843%,8,6908,6916,0,0,8,6908
0x7cf053,84.6154%,8,44,52,0,0,8,44
0x5e899c,50%,8,8,16,6,5,3,2
0x929567,93.6%,8,117,125,117,8,0,0
0x6181c0,99.7976%,8,3944,3952,0,0,8,3944
0x75e9f8,80.9524%,8,34,42,34,8,0,0
0x64fb5d,90%,8,72,80,72,6,2,0
0x67ae9e,0%,8,0,8,0,8,0,0
0x63bed4,99.9231%,8,10392,10400,0,0,8,10392
0x63d7d1,96.1538%,8,200,208,200,0,8,0
0x598ebf,75%,8,24,32,0,0,8,24
0x7aae33,80.9524%,8,34,42,0,0,8,34
0x66b142,96.1538%,8,200,208,149,7,1,51
0x6471a8,99.6923%,8,2592,2600,0,0,8,2592
0x63385f,73.3333%,8,22,30,21,7,1,1
0x7b45be,84.6154%,8,44,52,44,6,2,0
0x62115f,96.1538%,8,200,208,200,0,8,0
0x7aac63,84.6154%,8,44,52,0,0,8,44
0x64f288,99.9755%,8,32632,32640,16633,7,1,15999
0x66b83c,84.6154%,8,44,52,0,0,8,44
0x8c172e,92%,8,92,100,92,6,2,0
0x7cd913,84.6154%,8,44,52,0,0,8,44
0x7aaeb0,84.6154%,8,44,52,43,7,1,1
0x66b792,96.1538%,8,200,208,152,4,4,48
0x596f8e,94.8718%,8,148,156,148,2,6,0
0x7a9eab,92%,8,92,100,0,0,8,92
0x76b0f5,93.6508%,8,118,126,118,8,0,0
0x63a1c8,92%,8,92,100,0,0,8,92
0x63cfc4,96.8872%,8,249,257,249,7,1,0
0x599947,75%,8,24,32,10,4,4,14
0xa90078,99.9189%,8,9858,9866,0,0,8,9858
0x763450,94.8718%,8,148,156,98,6,2,50
0x64e76c,99.902%,8,8152,8160,8152,8,0,0
0x67af68,0%,8,0,8,0,0,8,0
0xa39c18,99.7664%,8,3416,3424,2572,8,0,844
0x7787c0,99%,8,792,800,0,0,8,792
0x7a90aa,50%,8,8,16,2,0,8,6
0x618254,94.7368%,8,144,152,144,0,8,0
0x7aaf88,84.6154%,8,44,52,0,0,8,44
0x5e63ae,92%,8,92,100,47,3,5,45
0x63cdd5,96.8872%,8,249,257,0,0,8,249
0x633911,97.5%,8,312,320,233,7,1,79
0x8c0270,96%,8,192,200,94,6,2,98
0x7611a2,65.2174%,8,15,23,0,0,8,15
0x76341f,84.6154%,8,44,52,0,0,8,44
0x7a8c26,92.3077%,8,96,104,0,0,8,96
0x75c687,73.3333%,8,22,30,22,8,0,0
0x8c165b,61.9048%,8,13,21,11,4,4,2
0x5f63b9,89.4737%,8,68,76,31,7,1,37
0x760b0a,81.8182%,8,36,44,0,0,8,36
0x65b5e3,84.6154%,8,44,52,0,0,8,44
0x8c027f,92%,8,92,100,92,8,0,0
0x6448df,84.6154%,8,44,52,44,6,2,0
0x75fc67,94.8718%,8,148,156,101,3,5,47
0x63be60,96.1538%,8,200,208,200,0,8,0
0x7ce49b,84%,8,42,50,0,0,8,42
0x630fcd,84.6154%,8,44,52,44,6,2,0
0x64406d,99.9231%,8,10392,10400,7796,4,4,2596
0x42a9fa,42.8571%,8,6,14,6,8,0,0
0x646d88,99.6923%,8,2592,2600,0,0,8,2592
0x632429,78.9474%,8,30,38,30,6,2,0
0xa7a722,96.8872%,8,249,257,0,0,8,249
0x7e88ef,84.6154%,8,44,52,44,6,2,0
0x9274da,85.1852%,8,46,54,1,3,5,45
0xa76e27,99.9624%,8,21268,21276,21268,8,0,0
0x5ed411,84.6154%,8,44,52,0,0,8,44
0x7b0d54,84.6154%,8,44,52,0,0,8,44
0x648e6f,85.7143%,8,48,56,35,7,1,13
0x8c60ff,99.9385%,8,12992,13000,0,0,8,12992
0x64f1e0,99.9755%,8,32632,32640,0,0,8,32632
0x5f1149,92.5926%,8,100,108,46,8,0,54
0x6702bf,85.7143%,8,48,56,41,7,1,7
0x8c5687,99.9385%,8,12992,13000,0,0,8,12992
0x667a56,96.1538%,8,200,208,156,0,8,44
0x59897a,83.3333%,8,40,48,40,8,0,0
0x765016,92.3077%,8,96,104,0,0,8,96
0x659b92,99.9231%,8,10392,10400,7793,7,1,2599
0x63bdd0,96.1538%,8,200,208,200,0,8,0
0x67aab9,0%,8,0,8,0,0,8,0
0x7b3051,84.6154%,8,44,52,44,6,2,0
0x762395,81.8182%,8,36,44,36,6,2,0
0x7ede1a,84.6154%,8,44,52,44,6,2,0
0x75ccca,84.6154%,8,44,52,0,0,8,44
0x617db0,99.7976%,8,3944,3952,0,0,8,3944
0x665fa2,96.1538%,8,200,208,149,7,1,51
0x63a9f3,98%,8,392,400,392,6,2,0
0x755db7,96.1538%,8,200,208,0,0,8,200
0x686ae3,84.6154%,8,44,52,0,0,8,44
0x5fcafb,90.9091%,8,80,88,80,8,0,0
0x75cb60,84.6154%,8,44,52,44,6,2,0
0xa31c1c,99.9812%,8,42560,42568,0,0,8,42560
0x64d4c3,75%,8,24,32,24,8,0,0
0x75ddd5,42.8571%,8,6,14,0,0,8,6
0x596f10,94.8718%,8,148,156,148,2,6,0
0x665f12,84.6154%,8,44,52,44,6,2,0
0x7af857,84.6154%,8,44,52,44,6,2,0
0x75c62f,97.5904%,8,324,332,0,8,0,324
0x76d589,84.6154%,8,44,52,0,0,8,44
0x76f560,42.8571%,8,6,14,6,8,0,0
0x761101,86.4407%,8,51,59,3,3,5,48
0x639c46,92%,8,92,100,92,6,2,0
0x670032,98.0769%,8,408,416,208,0,8,200
0x8c15c9,97.2414%,8,282,290,0,0,8,282
0x76ca00,81.8182%,8,36,44,36,6,2,0
0x772b81,84.6154%,8,44,52,44,6,2,0
0x616a95,78.9474%,8,30,38,30,6,2,0
0x928f91,94.9686%,8,151,159,0,0,8,151
0x643ae4,96.1538%,8,200,208,152,4,4,48
0x5993d3,75%,8,24,32,0,8,0,24
0x6315ed,84.6154%,8,44,52,44,6,2,0
0x656556,99.6952%,8,2617,2625,2617,8,0,0
0x6f4d2e,84.6154%,8,44,52,44,6,2,0
0x7cf2b8,92.3077%,8,96,104,50,2,6,46
0x616fcb,84.6154%,8,44,52,44,6,2,0
0x60845a,55.5556%,8,10,18,0,0,8,10
0x663c39,99.6923%,8,2592,2600,2592,6,2,0
0x8c39ac,99.9333%,8,11992,12000,8993,7,1,2999
0x65ab2c,99.1071%,8,888,896,888,8,0,0
0xa0eea9,99.9878%,8,65748,65756,58317,3,5,7431
0x667723,96.1538%,8,200,208,200,8,0,0
0x773941,84.6154%,8,44,52,44,6,2,0
0x642fd2,99.6923%,8,2592,2600,0,0,8,2592
0x5f0ade,99.8256%,8,4580,4588,0,0,8,4580
0x7728e3,84.6154%,8,44,52,0,0,8,44
0x766981,75%,8,24,32,24,4,4,0
0x7d0716,84.6154%,8,44,52,44,6,2,0
0x66671f,85.1852%,8,46,54,0,0,8,46
0x66e8f3,92%,8,92,100,92,6,2,0
0x65aefc,0%,8,0,8,0,8,0,0
0x5f4d7d,85.1852%,8,46,54,46,6,2,0
0x603708,50%,8,8,16,8,6,2,0
0x767432,50%,8,8,16,0,0,8,8
0x5ed051,84.6154%,8,44,52,44,6,2,0
0x7b4241,84.6154%,8,44,52,44,6,2,0
0x7aa121,85.1852%,8,46,54,46,6,2,0
0x631137,84.6154%,8,44,52,0,0,8,44
0x8c0bef,92%,8,92,100,0,0,8,92
0x778d78,75%,8,24,32,0,0,8,24
0x65ece9,99.6923%,8,2592,2600,0,0,8,2592
0x5f5ed5,92.8571%,8,104,112,104,4,4,0
0x670222,96.1538%,8,200,208,200,0,8,0
0x64e432,60%,8,12,20,9,1,7,3
0x63521e,90%,8,72,80,72,6,2,0
0x663a09,99.3333%,8,1192,1200,1192,6,2,0
0x66722a,96.1538%,8,200,208,150,6,2,50
0x64f3a2,75%,8,24,32,24,0,8,0
0x7cf2c0,84.6154%,8,44,52,44,8,0,0
0x65e968,99.6923%,8,2592,2600,0,0,8,2592
0x6638b7,84.6154%,8,44,52,44,6,2,0
0x63525f,91.25%,7,73,80,73,5,2,0
0x651359,91.25%,7,73,80,0,0,7,73
0x92b05d,93%,7,93,100,0,0,7,93
0x687d14,86.5385%,7,45,52,0,0,7,45
0x8bff2f,93.4579%,7,100,107,0,0,7,100
0x774b50,86.5385%,7,45,52,45,5,2,0
0x635c91,98.25%,7,393,400,297,3,4,96
0x756813,96.6346%,7,201,208,0,0,7,201
0x669bd8,86.5385%,7,45,52,0,0,7,45
0x666263,86.5385%,7,45,52,0,0,7,45
0x598e19,93.2692%,7,97,104,96,4,3,1
0xa0ebfa,82.5%,7,33,40,0,0,7,33
0x68887d,12.5%,7,1,8,1,5,2,0
0x663d89,99.7308%,7,2593,2600,2593,5,2,0
0x429901,99.478%,7,1334,1341,1334,7,0,0
0x67a68c,99.8542%,7,4793,4800,4793,7,0,0
0x65885c,92.3077%,7,84,91,0,0,7,84
0x756ce8,86.5385%,7,45,52,18,2,5,27
0x67a977,12.5%,7,1,8,0,0,7,1
0x59822c,78.125%,7,25,32,22,6,1,3
0x66631f,86.5385%,7,45,52,45,5,2,0
0x8c4bf6,99.7308%,7,2593,2600,0,0,7,2593
0x75caea,86.5385%,7,45,52,0,0,7,45
0x403265,73.0769%,7,19,26,19,7,0,0
0x66675f,96.7593%,7,209,216,160,2,5,49
0x7b435e,86.5385%,7,45,52,45,5,2,0
0x7749fa,86.5385%,7,45,52,45,7,0,0
0x403226,73.0769%,7,19,26,19,7,0,0
0x666363,86.5385%,7,45,52,0,0,7,45
0x666252,86.5385%,7,45,52,45,5,2,0
0x7cc9d9,95.5128%,7,149,156,149,1,6,0
0x76dac2,84.0909%,7,37,44,0,0,7,37
0x5e8b73,89.2308%,7,58,65,0,0,7,58
0x7aa1e9,86.5385%,7,45,52,45,5,2,0
0x65c0a4,86.5385%,7,45,52,45,5,2,0
0x8bec86,86.5385%,7,45,52,45,5,2,0
0x9fb643,99.8954%,7,6683,6690,0,0,7,6683
0x66e2d2,12.5%,7,1,8,0,6,1,1
0x42ab47,50%,7,7,14,0,0,7,7
0x75d4b1,96.8182%,7,213,220,0,0,7,213
0x663a76,93%,7,93,100,93,5,2,0
0x64d646,12.5%,7,1,8,1,5,2,0
0x75c289,95.4839%,7,148,155,141,6,1,7
0x64e725,97.8125%,7,313,320,0,0,7,313
0x63a40a,12.5%,7,1,8,0,0,7,1
0x596e62,95.5128%,7,149,156,149,1,6,0
0x95aa08,86.5385%,7,45,52,45,5,2,0
0x929b09,99.7904%,7,3332,3339,3176,4,3,156
0x655734,99.9482%,7,13508,13515,0,0,7,13508
0x756151,98.2323%,7,389,396,287,6,1,102
0x6d9215,56.25%,7,9,16,0,0,7,9
0x6f4c7c,86.5385%,7,45,52,45,5,2,0
0x7619a0,87.037%,7,47,54,0,1,6,47
0x66f792,12.5%,7,1,8,1,5,2,0
0x5a8e45,76.6667%,7,23,30,23,7,0,0
0x5ecdb2,86.5385%,7,45,52,0,0,7,45
0x663cab,96.875%,7,217,224,217,5,2,0
0x8c1283,12.5%,7,1,8,1,7,0,0
0x663888,86.5385%,7,45,52,0,0,7,45
0x596ec2,95.679%,7,155,162,155,1,6,0
0x633239,86.5385%,7,45,52,45,5,2,0
0x7692dc,41.6667%,7,5,12,2,6,1,3
0x63d664,96.6346%,7,201,208,0,0,7,201
0x773413,86.5385%,7,45,52,0,0,7,45
0x655432,99.9482%,7,13508,13515,13508,7,0,0
0x7cf3c3,86%,7,43,50,43,5,2,0
0x6528cc,99.9147%,7,8196,8203,0,0,7,8196
0x613cd2,70.8333%,7,17,24,0,0,7,17
0x9fb5b0,97.318%,7,254,261,0,0,7,254
0x7cc976,95.5128%,7,149,156,149,7,0,0
0x40280b,61.1111%,7,11,18,0,0,7,11
0x7b2f98,86.5385%,7,45,52,0,0,7,45
0x66edd3,99.9327%,7,10393,10400,7796,4,3,2597
0x6583d8,99.1453%,7,812,819,0,0,7,812
0xa769b7,95.7317%,7,157,164,0,0,7,157
0x635c51,98.25%,7,393,400,297,3,4,96
0x59584b,83.3333%,7,35,42,35,7,0,0
0x595946,83.3333%,7,35,42,35,7,0,0
0x7b28e1,86.5385%,7,45,52,0,0,7,45
0x768561,96.0227%,7,169,176,0,0,7,169
0x596eb2,98.9198%,7,641,648,482,4,3,159
0x7699af,98.3173%,7,409,416,0,0,7,409
0x64531e,93.4579%,7,100,107,0,0,7,100
0xa24a3f,99.3301%,7,1038,1045,0,0,7,1038
0x7afe77,86.5385%,7,45,52,45,5,2,0
0x67b57b,12.5%,7,1,8,0,6,1,1
0x595383,98.8782%,7,617,624,0,0,7,617
0x66fdc2,98.3173%,7,409,416,203,5,2,206
0x65944c,86.5385%,7,45,52,0,0,7,45
0x639c14,97.2763%,7,250,257,0,1,6,250
0x6384ad,97.2763%,7,250,257,0,0,7,250
0x7587b6,86.5385%,7,45,52,0,0,7,45
0x762147,84.0909%,7,37,44,37,5,2,0
0x5f55ce,90.7895%,7,69,76,69,3,4,0
0x638050,99.8952%,7,6675,6682,6675,7,0,0
0x6036f3,56.25%,7,9,16,0,0,7,9
0x40324f,73.0769%,7,19,26,19,7,0,0
0x5ed280,86.5385%,7,45,52,0,0,7,45
0x761e6c,84.0909%,7,37,44,37,5,2,0
0x42a8de,81.5789%,7,31,38,31,7,0,0
0x681f28,93.2692%,7,97,104,97,7,0,0
0x643156,86.5385%,7,45,52,45,7,0,0
0x667a43,96.6346%,7,201,208,201,7,0,0
0x755e99,96.6346%,7,201,208,0,0,7,201
0x429fd3,97.3077%,7,253,260,253,7,0,0
0x404aa0,68.1818%,7,15,22,4,2,5,11
0x92679c,12.5%,7,1,8,0,6,1,1
0x8c676f,98.6%,7,493,500,398,2,5,95
0x6662e6,86.5385%,7,45,52,45,5,2,0
0xa768c9,99.9898%,7,68949,68956,0,0,7,68949
0x75c685,97.8395%,7,317,324,287,7,0,30
0x65acec,50%,7,7,14,7,5,2,0
0x76287e,83.3333%,7,35,42,0,0,7,35
0x5fcbb4,92.0455%,7,81,88,67,7,0,14
0xa30899,99.9059%,7,7429,7436,0,0,7,7429
0x773bb1,86.5385%,7,45,52,45,5,2,0
0x7684e9,97.7564%,7,305,312,0,0,7,305
0x63be3d,96.6346%,7,201,208,0,0,7,201
0x7b2416,96.6346%,7,201,208,154,2,5,47
0x64de92,99.9562%,7,15993,16000,0,0,7,15993
0x774a41,86.5385%,7,45,52,45,5,2,0
0x76dea7,91.6667%,7,77,84,36,6,1,41
0x64cfb8,91.25%,7,73,80,73,5,2,0
0x5f4b41,90.411%,7,66,73,0,0,7,66
0x92b038,93%,7,93,100,0,0,7,93
0x630f51,56.25%,7,9,16,9,5,2,0
0x762425,83.3333%,7,35,42,0,0,7,35
0x8c730d,98.6%,7,493,500,493,5,2,0
0x5f2406,87.037%,7,47,54,47,5,2,0
0x768770,41.6667%,7,5,12,1,7,0,4
0x5e7896,46.1538%,7,6,13,6,6,1,0
0x95a532,96.6346%,7,201,208,149,7,0,52
0x64cf93,97.8125%,7,313,320,313,3,4,0
0x616bd3,99.3177%,7,1019,1026,0,0,7,1019
0x66a482,96.6346%,7,201,208,151,5,2,50
0x9e096d,99.0642%,7,741,748,0,0,7,741
0x8c1506,97.5862%,7,283,290,30,3,4,253
0x636d76,97.2763%,7,250,257,0,0,7,250
0x8c185c,12.5%,7,1,8,1,5,2,0
0x7aa1b5,86.5385%,7,45,52,45,5,2,0
0x765034,93.2692%,7,97,104,97,3,4,0
0xa43d8d,99.9341%,7,10618,10625,0,0,7,10618
0x760e9f,83.3333%,7,35,42,35,5,2,0
0x594378,96.6346%,7,201,208,0,0,7,201
0x65aa2c,98.2143%,7,385,392,385,7,0,0
0x646e9f,86.5385%,7,45,52,0,0,7,45
0x656ae3,81.5789%,7,31,38,31,5,2,0
0x5fcc28,92.0455%,7,81,88,70,4,3,11
0x760b25,58.8235%,7,10,17,0,0,7,10
0x7633b5,94.4444%,7,119,126,77,7,0,42
0x92737b,87.037%,7,47,54,44,3,4,3
0xa389e6,84.7826%,7,39,46,39,1,6,0
0x64eb66,78.125%,7,25,32,0,0,7,25
0x8c622f,99.9462%,7,12993,13000,0,0,7,12993
0x66f0b5,50%,7,7,14,7,5,2,0
0x5e761a,12.5%,7,1,8,0,0,7,1
0x4074ab,80.5556%,7,29,36,29,7,0,0
0x64b082,86.5385%,7,45,52,45,5,2,0
0x76e548,82.5%,7,33,40,29,5,2,4
0x960b2f,99.7904%,7,3332,3339,3174,6,1,158
0x7e886f,86.5385%,7,45,52,45,5,2,0
0x756d39,78.125%,7,25,32,0,0,7,25
0x76d666,86.5385%,7,45,52,45,5,2,0
0x7a911b,56.25%,7,9,16,0,0,7,9
0x639e18,12.5%,7,1,8,1,5,2,0
0x644a63,86.5385%,7,45,52,0,0,7,45
0x5f1b21,99.6589%,7,2045,2052,0,0,7,2045
0x92cb85,99.7308%,7,2593,2600,0,0,7,2593
0x7622d3,84.0909%,7,37,44,0,0,7,37
0x631011,96.6346%,7,201,208,151,5,2,50
0x5f4938,84.4444%,7,38,45,1,4,3,37
0x7b0f26,86.5385%,7,45,52,45,7,0,0
0x6310b1,96.6346%,7,201,208,150,6,1,51
0x7cd866,86.5385%,7,45,52,0,0,7,45
0x63bff4,99.9327%,7,10393,10400,0,0,7,10393
0x5f3239,81.5789%,7,31,38,12,2,5,19
0x76c1ca,84.0909%,7,37,44,37,5,2,0
0x64335b,86.5385%,7,45,52,45,5,2,0
0x5ed153,86.5385%,7,45,52,0,0,7,45
0x77293f,86.5385%,7,45,52,0,0,7,45
0x667111,86.5385%,7,45,52,45,5,2,0
0x926cf2,12.5%,7,1,8,0,0,7,1
0x76fa90,0%,7,0,7,0,7,0,0
0x644216,99.9327%,7,10393,10400,10393,7,0,0
0x67a03d,12.5%,7,1,8,1,7,0,0
0x8c6521,99.72%,7,2493,2500,0,0,7,2493
0x5f3473,99.6457%,7,1969,1976,1969,7,0,0
0x635c1e,12.5%,7,1,8,0,6,1,1
0x63124d,86.5385%,7,45,52,45,5,2,0
0x41cc01,89.0625%,7,57,64,0,0,7,57
0x66755f,86.5385%,7,45,52,45,5,2,0
0x5ecaad,86.5385%,7,45,52,45,5,2,0
0x6678b3,86.5385%,7,45,52,0,0,7,45
0x7bcf8d,98.6538%,7,513,520,257,3,4,256
0x5f0a4c,96.1957%,7,177,184,0,0,7,177
0x64d966,99.4167%,7,1193,1200,0,0,7,1193
0x778ed7,78.125%,7,25,32,17,7,0,8
0x9274f0,86%,7,43,50,0,0,7,43
0x5f39e0,88.3333%,7,53,60,24,6,1,29
0x9e1685,98.1771%,7,377,384,0,0,7,377
0x429f18,93%,7,93,100,0,0,7,93
0x65f98f,93%,7,93,100,93,5,2,0
0x5f548a,93.5185%,7,101,108,101,3,4,0
0x669dd2,86.5385%,7,45,52,45,5,2,0
0x7582db,82.0513%,7,32,39,0,0,7,32
0x6577ec,86.5385%,7,45,52,0,0,7,45
0x688848,86.5385%,7,45,52,45,5,2,0
0x762e9f,83.3333%,7,35,42,0,0,7,35
0x5e76cf,46.1538%,7,6,13,0,0,7,6
0x65fc59,96.6346%,7,201,208,0,0,7,201
0x8c355c,93%,7,93,100,0,0,7,93
0x773a7d,86.5385%,7,45,52,45,5,2,0
0x66f923,87.5%,7,49,56,37,5,2,12
0x774ac2,86.5385%,7,45,52,0,0,7,45
0x5f0970,82.5%,7,33,40,0,0,7,33
0x6343ac,86.5385%,7,45,52,45,5,2,0
0x7e67ad,86.5385%,7,45,52,45,5,2,0
0x5ea412,46.1538%,7,6,13,6,2,5,0
0x594850,96.6346%,7,201,208,201,7,0,0
0x6da38d,56.25%,7,9,16,3,1,6,6
0x7a9f1a,93%,7,93,100,93,3,4,0
0x66af33,86.5385%,7,45,52,45,5,2,0
0x655131,99.8088%,7,3654,3661,19,1,6,3635
0x761729,88.1356%,7,52,59,3,3,4,49
0x7e6781,86.5385%,7,45,52,45,5,2,0
0x960b37,95.5975%,7,152,159,0,0,7,152
0xa79ed7,99.9898%,7,68776,68783,0,0,7,68776
0x6409a9,12.5%,7,1,8,1,5,2,0
0x63132c,86.5385%,7,45,52,0,0,7,45
0x960aca,95.5975%,7,152,159,0,0,7,152
0x596f4f,95.5128%,7,149,156,149,1,6,0
0x64ec82,78.125%,7,25,32,0,0,7,25
0x959e3d,86.5385%,7,45,52,45,5,2,0
0xa2e8e0,99.9814%,7,37682,37689,0,0,7,37682
0x757ac3,86.5385%,7,45,52,0,0,7,45
0x64b6c4,91.25%,7,73,80,73,5,2,0
0x7cf033,86.5385%,7,45,52,0,0,7,45
0x75c81b,84.0909%,7,37,44,37,5,2,0
0x632dbb,98.5043%,7,461,468,0,0,7,461
0x66a323,86.5385%,7,45,52,45,5,2,0
0x9e0e40,76.6667%,7,23,30,0,0,7,23
0x5f4b80,90.411%,7,66,73,66,3,4,0
0x761258,69.5652%,7,16,23,0,0,7,16
0x5e8041,95.9538%,7,166,173,0,0,7,166
0xa79697,97.2763%,7,250,257,79,3,4,171
0xa820bb,84.7826%,7,39,46,7,1,6,32
0x66e993,93%,7,93,100,93,5,2,0
0xa30524,99.9872%,7,54533,54540,0,0,7,54533
0x5ea1be,86.5385%,7,45,52,45,5,2,0
0x5e79f6,46.1538%,7,6,13,0,0,7,6
0x7749ef,86.5385%,7,45,52,0,0,7,45
0x8c15f8,94.6565%,7,124,131,0,0,7,124
0x64f3f6,12.5%,7,1,8,0,0,7,1
0xa77fd6,99.9698%,7,23155,23162,0,0,7,23155
0x8beea1,96.6346%,7,201,208,0,0,7,201
0xa79f1c,99.9898%,7,68776,68783,68776,7,0,0
0x8c3a0a,99.7667%,7,2993,3000,0,0,7,2993
0xa796a3,96%,7,168,175,168,5,2,0
0x653b82,96.6346%,7,201,208,151,5,2,50
0x5d2873,99.7272%,7,2559,2566,2559,7,0,0
0x75881a,86.5385%,7,45,52,0,0,7,45
0x66abbc,86.5385%,7,45,52,0,0,7,45
0x621133,96.6346%,7,201,208,0,0,7,201
0x5a8e6c,99.2009%,7,869,876,0,0,7,869
0x686fd1,93.2692%,7,97,104,97,3,4,0
0x5da473,96.6346%,7,201,208,153,3,4,48
0x926c1a,93.1373%,7,95,102,86,2,5,9
0x757ab6,86.5385%,7,45,52,45,5,2,0
0x669f04,86.5385%,7,45,52,45,5,2,0
0x6437b1,99.3865%,7,1134,1141,0,0,7,1134
0x769276,41.6667%,7,5,12,0,0,7,5
0x653372,96.6346%,7,201,208,150,6,1,51
0x616f46,86.5385%,7,45,52,45,5,2,0
0x8a0cd1,12.5%,7,1,8,0,0,7,1
0x76f4bd,50%,7,7,14,2,4,3,5
0x7783fe,96.5%,7,193,200,193,7,0,0
0x5e8939,56.25%,7,9,16,0,0,7,9
0x5da53f,12.5%,7,1,8,0,6,1,1
0xa39203,99.9783%,7,32263,32270,0,0,7,32263
0xa3a763,99.7956%,7,3417,3424,0,4,3,3417
0x66b862,86.5385%,7,45,52,45,5,2,0
0x5ac70b,99.0566%,7,735,742,735,3,4,0
0x66ae02,96.6346%,7,201,208,152,4,3,49
0x63134b,86.5385%,7,45,52,45,5,2,0
0x5e9f4f,93.2692%,7,97,104,97,3,4,0
0x667a6b,86.5385%,7,45,52,45,5,2,0
0x65e2d3,99.9327%,7,10393,10400,10393,7,0,0
0x7cb99b,88.4615%,6,46,52,0,0,6,46
0x640c59,25%,6,2,8,0,6,0,2
0x76a3c8,85.7143%,6,36,42,36,4,2,0
0x7e81ce,88.4615%,6,46,52,0,0,6,46
0x772903,88.4615%,6,46,52,0,0,6,46
0x63c9aa,97.6654%,6,251,257,0,0,6,251
0x64bf9d,92.5%,6,74,80,74,4,2,0
0x928fa6,96.2264%,6,153,159,0,0,6,153
0x8beb4d,88.4615%,6,46,52,0,0,6,46
0x66a612,88.4615%,6,46,52,46,4,2,0
0xa79647,97.6654%,6,251,257,0,0,6,251
0x7cbcf9,88.4615%,6,46,52,0,0,6,46
0x7619cb,88.6792%,6,47,53,41,1,5,6
0x7ccd8a,0%,6,0,6,0,0,6,0
0x63c2e2,98.5%,6,394,400,0,0,6,394
0x659940,88.4615%,6,46,52,46,4,2,0
0x9294e9,95.2%,6,119,125,119,6,0,0
0x6338a8,99.5%,6,1194,1200,0,0,6,1194
0x7657d4,94.2308%,6,98,104,98,6,0,0
0x633f4e,25%,6,2,8,2,4,2,0
0x768b59,81.25%,6,26,32,0,0,6,26
0x7aa2fd,25%,6,2,8,1,5,1,1
0x633eed,92.5%,6,74,80,74,4,2,0
0x8bf3c2,99.7692%,6,2594,2600,0,0,6,2594
0x5fcc9c,93.1818%,6,82,88,82,6,0,0
0x603ed2,86.3636%,6,38,44,28,2,4,10
0x6393fe,97.6654%,6,251,257,251,6,0,0
0x768dcb,81.25%,6,26,32,0,0,6,26
0x92949a,94.2857%,6,99,105,0,0,6,99
0x403e9f,0%,6,0,6,0,0,6,0
0x76fd24,94.2308%,6,98,104,0,0,6,98
0x5f32a8,82.3529%,6,28,34,28,6,0,0
0x8c53e3,99.7692%,6,2594,2600,0,0,6,2594
0x404bbc,72.7273%,6,16,22,16,6,0,0
0x404c15,72.7273%,6,16,22,16,6,0,0
0x66f3d2,25%,6,2,8,0,6,0,2
0x92c7eb,99.7692%,6,2594,2600,2594,6,0,0
0x623590,99.9475%,6,11419,11425,11419,6,0,0
0x92c541,99.7692%,6,2594,2600,2594,6,0,0
0x7730e2,88.4615%,6,46,52,0,0,6,46
0x75e02b,57.1429%,6,8,14,0,0,6,8
0x76d6ac,88.8889%,6,48,54,48,4,2,0
0x640b89,25%,6,2,8,0,6,0,2
0x64883f,25%,6,2,8,1,5,1,1
0x6432fb,88.4615%,6,46,52,0,0,6,46
0x9ff19f,80%,6,24,30,10,0,6,14
0x42aa6d,57.1429%,6,8,14,8,6,0,0
0x5f1b80,99.6873%,6,1913,1919,0,0,6,1913
0x76e40f,62.5%,6,10,16,0,0,6,10
0xa24d48,97.8947%,6,279,285,279,6,0,0
0x7aa155,88.4615%,6,46,52,46,4,2,0
0x8bfda6,88.4615%,6,46,52,0,0,6,46
0x64ae65,88.4615%,6,46,52,46,4,2,0
0x757818,88.4615%,6,46,52,46,4,2,0
0x7cdb91,88.4615%,6,46,52,46,6,0,0
0x8c0a30,94%,6,94,100,93,5,1,1
0x76683f,81.25%,6,26,32,0,0,6,26
0x6475e2,94%,6,94,100,94,4,2,0
0x76167d,0%,6,0,6,0,0,6,0
0x6403e9,25%,6,2,8,2,4,2,0
0xa761a8,99.8777%,6,4899,4905,4899,6,0,0
0x92b17a,99.7692%,6,2594,2600,0,0,6,2594
0x76bc7c,0%,6,0,6,0,0,6,0
0x7aa422,88%,6,44,50,0,0,6,44
0x604d26,86.3636%,6,38,44,38,6,0,0
0x92c343,99.7692%,6,2594,2600,0,0,6,2594
0x760b58,86.3636%,6,38,44,38,4,2,0
0x960c6d,96.2264%,6,153,159,151,6,0,2
0x5e6eee,25%,6,2,8,2,4,2,0
0x77827c,81.25%,6,26,32,22,2,4,4
0x949ff0,25%,6,2,8,1,5,1,1
0x76832a,94.2308%,6,98,104,0,0,6,98
0x7cd9bc,88.4615%,6,46,52,46,4,2,0
0x6491bc,92.8571%,6,78,84,0,0,6,78
0x7e75cf,88.4615%,6,46,52,0,0,6,46
0x665ad3,88.4615%,6,46,52,0,0,6,46
0x767c7e,25%,6,2,8,2,2,4,0
0x648dc0,89.2857%,6,50,56,42,0,6,8
0x65ca84,25%,6,2,8,2,4,2,0
0x67aad5,25%,6,2,8,1,5,1,1
0x9fb87b,97.7011%,6,255,261,0,2,4,255
0x42a4bd,75%,6,18,24,0,0,6,18
0x8c4c44,99.7692%,6,2594,2600,0,0,6,2594
0x8bf416,99.8517%,6,4040,4046,4040,6,0,0
0x768408,94.2308%,6,98,104,0,0,6,98
0x8c00a6,88.4615%,6,46,52,46,4,2,0
0x7679fd,50%,6,6,12,4,4,2,2
0xa0ed58,99.9507%,6,12165,12171,0,0,6,12165
0xa389b1,99.9938%,6,96476,96482,0,0,6,96476
0x7653bb,0%,6,0,6,0,4,2,0
0x8c3976,99.8%,6,2994,3000,0,0,6,2994
0xa38c92,0%,6,0,6,0,0,6,0
0x8c02cc,94%,6,94,100,94,4,2,0
0x597f24,57.1429%,6,8,14,0,0,6,8
0x65ce95,99.9423%,6,10394,10400,7795,5,1,2599
0xa76ef4,99.9194%,6,7438,7444,7438,6,0,0
0x598627,81.25%,6,26,32,0,0,6,26
0x64f15a,99.2647%,6,810,816,0,0,6,810
0x5f4cad,88.8889%,6,48,54,48,4,2,0
0xa0ee60,99.9909%,6,65750,65756,65750,6,0,0
0x64d2cf,98.5%,6,394,400,0,0,6,394
0x6d926f,96.6667%,6,174,180,174,6,0,0
0x76ccdb,86.3636%,6,38,44,38,4,2,0
0x65e754,99.9423%,6,10394,10400,7794,6,0,2600
0x7a97e1,98.5%,6,394,400,0,0,6,394
0x9262ad,98.5%,6,394,400,394,6,0,0
0x63936d,94%,6,94,100,94,4,2,0
0x66ed06,88.4615%,6,46,52,46,4,2,0
0x757973,88.4615%,6,46,52,0,0,6,46
0x403109,76.9231%,6,20,26,20,6,0,0
0x40752e,83.3333%,6,30,36,30,6,0,0
0x7662ec,50%,6,6,12,6,6,0,0
0x8c0c8b,99.8611%,6,4313,4319,0,0,6,4313
0x63fd19,25%,6,2,8,2,4,2,0
0x76d572,88.4615%,6,46,52,46,4,2,0
0xa76d40,99.9718%,6,21270,21276,21270,6,0,0
0x64aa82,98.5%,6,394,400,294,6,0,100
0x60889d,96.5909%,6,170,176,170,6,0,0
0x67aae9,25%,6,2,8,0,0,6,2
0x653680,97.1154%,6,202,208,153,3,3,49
0x616c23,99.4152%,6,1020,1026,0,0,6,1020
0x8c34ad,94%,6,94,100,0,0,6,94
0x669e98,88.4615%,6,46,52,46,4,2,0
0x5fc942,93.1818%,6,82,88,0,0,6,82
0x67a1eb,25%,6,2,8,2,4,2,0
0x64a972,99.9423%,6,10394,10400,7794,6,0,2600
0x5958b3,85.7143%,6,36,42,36,6,0,0
0x65369d,88.4615%,6,46,52,46,4,2,0
0x7625b8,66.6667%,6,12,18,0,0,6,12
0x7cc629,88.4615%,6,46,52,0,0,6,46
0x8c13bd,97.931%,6,284,290,0,0,6,284
0x76f786,57.1429%,6,8,14,2,0,6,6
0x778556,97%,6,194,200,0,0,6,194
0x64fd05,92.5%,6,74,80,74,4,2,0
0x9f5e57,97.4138%,6,226,232,0,0,6,226
0x647368,99.7692%,6,2594,2600,0,0,6,2594
0x7627a6,66.6667%,6,12,18,11,1,5,1
0x76deb7,85.7143%,6,36,42,36,6,0,0
0x59596a,85.7143%,6,36,42,36,6,0,0
0x9fb727,97.6834%,6,253,259,253,6,0,0
0x64b91c,98.5%,6,394,400,133,4,2,261
0x5a8d13,99.3151%,6,870,876,870,6,0,0
0x8a7a39,94.2857%,6,99,105,97,4,2,2
0x635b6b,57.1429%,6,8,14,8,4,2,0
0x658ac3,88.4615%,6,46,52,0,0,6,46
0x635bfe,25%,6,2,8,0,6,0,2
0x64ba52,92.5%,6,74,80,0,0,6,74
0x761c1e,84.2105%,6,32,38,0,1,5,32
0x8a7a5c,96.2264%,6,153,159,0,0,6,153
0x5fd0bc,93.1818%,6,82,88,82,6,0,0
0x6597e0,88.4615%,6,46,52,46,4,2,0
0x6474ef,88.4615%,6,46,52,46,4,2,0
0x773833,88.4615%,6,46,52,0,0,6,46
0x603ab8,86.3636%,6,38,44,34,2,4,4
0x66a991,97.1154%,6,202,208,153,3,3,49
0x64eda1,99.9595%,6,14818,14824,14147,5,1,671
0x6453a1,88.4615%,6,46,52,46,4,2,0
0x404b90,57.1429%,6,8,14,0,0,6,8
0x5ea155,88.4615%,6,46,52,0,0,6,46
0x63538f,92.5%,6,74,80,74,4,2,0
0x608004,88.4615%,6,46,52,46,4,2,0
0x63163e,25%,6,2,8,0,6,0,2
0x6575bd,97.1154%,6,202,208,153,3,3,49
0x75d31c,86.3636%,6,38,44,38,4,2,0
0x5d3c80,92.6829%,6,76,82,76,6,0,0
0x762770,50%,6,6,12,5,1,5,1
0x631481,88.4615%,6,46,52,46,4,2,0
0x661a63,25%,6,2,8,1,5,1,1
0x7aa8b8,94.2308%,6,98,104,49,3,3,49
0x76951b,25%,6,2,8,2,2,4,0
0x7694ee,94.2308%,6,98,104,98,2,4,0
0x631389,88.4615%,6,46,52,46,4,2,0
0x7633cc,85.7143%,6,36,42,36,4,2,0
0x67b31e,25%,6,2,8,2,6,0,0
0x635bbe,25%,6,2,8,1,5,1,1
0x5fc9ed,93.1818%,6,82,88,63,3,3,19
0xa24b35,98.5366%,6,404,410,66,6,0,338
0x429843,99.4741%,6,1135,1141,0,0,6,1135
0x6476a2,94%,6,94,100,94,4,2,0
0x64fb8d,92.5%,6,74,80,74,4,2,0
0x64ec97,81.25%,6,26,32,0,0,6,26
0x63a589,25%,6,2,8,0,0,6,2
0x605d57,72.7273%,6,16,22,0,0,6,16
0x75c465,86.3636%,6,38,44,0,0,6,38
0x6418ad,25%,6,2,8,0,6,0,2
0x5949aa,25%,6,2,8,2,6,0,0
0x66996b,97.1154%,6,202,208,202,6,0,0
0x42a81d,85.7143%,6,36,42,36,6,0,0
0x669c32,85.7143%,6,36,42,36,6,0,0
0x621846,50%,6,6,12,6,6,0,0
0x621394,84.2105%,6,32,38,32,6,0,0
0x76758e,62.5%,6,10,16,0,0,6,10
0x761b66,66.6667%,6,12,18,0,0,6,12
0x596e52,99.0385%,6,618,624,463,5,1,155
0x76d716,88.4615%,6,46,52,46,4,2,0
0x620a6e,84.2105%,6,32,38,31,1,5,1
0x927c15,98.3562%,6,359,365,0,0,6,359
0x64d50f,25%,6,2,8,2,4,2,0
0x75ccb5,88.4615%,6,46,52,46,4,2,0
0x5f45a1,94.4444%,6,102,108,0,0,6,102
0x66ead2,25%,6,2,8,2,4,2,0
0x5f2376,88.4615%,6,46,52,46,4,2,0
0x75940c,97.1154%,6,202,208,151,5,1,51
0x773cbb,88.4615%,6,46,52,46,6,0,0
0x5e89ff,53.8462%,6,7,13,0,0,6,7
0x5f3f8a,62.5%,6,10,16,10,6,0,0
0x632d2e,66.6667%,6,12,18,0,0,6,12
0x959de2,88.4615%,6,46,52,0,0,6,46
0x7ce4c3,88%,6,44,50,44,4,2,0
0x949fdb,25%,6,2,8,2,6,0,0
0x63115d,88.4615%,6,46,52,46,4,2,0
0x9283ff,99.7994%,6,2985,2991,2985,2,4,0
0x5e79b0,50%,6,6,12,0,0,6,6
0x6325df,96.4286%,6,162,168,162,4,2,0
0x669944,97.1154%,6,202,208,202,6,0,0
0x5f4849,82.8571%,6,29,35,0,0,6,29
0x6314f3,88.4615%,6,46,52,46,4,2,0
0x67b4c4,25%,6,2,8,0,6,0,2
0x631097,88.4615%,6,46,52,0,0,6,46
0x5f1083,88.8889%,6,48,54,48,6,0,0
0xa0ebd2,99.993%,6,86288,86294,86288,6,0,0
0x641189,25%,6,2,8,1,5,1,1
0x7a9605,98.3696%,6,362,368,0,0,6,362
0x65d195,88.4615%,6,46,52,46,4,2,0
0x681e59,94.2308%,6,98,104,0,0,6,98
0xa43be0,99.9435%,6,10619,10625,0,0,6,10619
0x659890,88.4615%,6,46,52,46,4,2,0
0x7cd56c,88.4615%,6,46,52,46,4,2,0
0x64ccd2,92.5%,6,74,80,74,4,2,0
0x5f327b,81.25%,6,26,32,0,0,6,26
0x9e0957,99.2%,6,744,750,1,1,5,743
0x67a43b,92.5%,6,74,80,74,4,2,0
0x8c5943,99.9538%,6,12994,13000,12994,6,0,0
0x682138,88.4615%,6,46,52,0,0,6,46
0x758e77,97.1154%,6,202,208,0,0,6,202
0x4a2689,0%,6,0,6,0,6,0,0
0x8c06a6,98.5%,6,394,400,0,0,6,394
0xa76b52,99.9194%,6,7438,7444,7438,6,0,0
0x616d56,88.4615%,6,46,52,0,0,6,46
0x635b38,93.8776%,6,92,98,0,0,6,92
0x757b83,88.8889%,6,48,54,0,0,6,48
0x927a52,93.4066%,6,85,91,0,0,6,85
0x95aab7,88.4615%,6,46,52,0,0,6,46
0x7af5cc,88.4615%,6,46,52,46,4,2,0
0x7a999b,94%,6,94,100,94,6,0,0
0x618de7,99.9132%,6,6910,6916,6910,6,0,0
0x7cd690,88.4615%,6,46,52,46,4,2,0
0x66a313,97.1154%,6,202,208,153,3,3,49
0x5e8beb,96.5318%,6,167,173,0,0,6,167
0x5e8e51,82.8571%,6,29,35,29,6,0,0
0x5f004a,99.2611%,6,806,812,406,0,6,400
0x590b6e,81.25%,6,26,32,0,0,6,26
0x66f9c7,57.1429%,6,8,14,0,0,6,8
0x5f39f0,80%,6,24,30,0,0,6,24
0x5e7388,25%,6,2,8,0,6,0,2
0xa27e34,85%,6,34,40,34,6,0,0
0x66e212,25%,6,2,8,2,4,2,0
0x666132,88.4615%,6,46,52,46,4,2,0
0x639ef8,25%,6,2,8,0,6,0,2
0x7cda33,88.4615%,6,46,52,0,0,6,46
0x5da61e,97%,6,194,200,147,3,3,47
0x67b3fb,25%,6,2,8,0,6,0,2
0x959fc5,88.4615%,6,46,52,46,4,2,0
0x927295,33.3333%,6,3,9,3,6,0,0
0x65adc1,25%,6,2,8,0,6,0,2
0x5f42b5,72.7273%,6,16,22,4,3,3,12
0xa2e8ee,99.9841%,6,37683,37689,0,0,6,37683
0x5f47d3,86.0465%,6,37,43,0,4,2,37
0x77298e,88.4615%,6,46,52,46,4,2,0
0x5f5562,92.1053%,6,70,76,0,0,6,70
0x67ac54,25%,6,2,8,0,6,0,2
0x7cc8a6,96.1538%,6,150,156,0,0,6,150
0x6311fd,88.4615%,6,46,52,46,4,2,0
0x64e1fe,98.8%,6,494,500,494,6,0,0
0x64e076,40%,6,4,10,0,0,6,4
0x8c6563,99.76%,6,2494,2500,0,0,6,2494
0x5e6e46,88%,6,44,50,44,4,2,0
0x5e6cb1,25%,6,2,8,2,4,2,0
0x5e6a42,99.5556%,6,1344,1350,0,0,6,1344
0x640e79,25%,6,2,8,2,4,2,0
0x5e64b5,88%,6,44,50,44,4,2,0
0x5f150b,99.6964%,6,1970,1976,0,0,6,1970
0x7560b8,98.4848%,6,390,396,0,0,6,390
0x63ad99,25%,6,2,8,1,5,1,1
0x5f1b9a,99.6604%,6,1761,1767,1761,6,0,0
0x757996,88.4615%,6,46,52,46,4,2,0
0x66ea92,25%,6,2,8,0,6,0,2
0x5da492,88.4615%,6,46,52,46,4,2,0
0x7b0e83,88.4615%,6,46,52,0,0,6,46
0x65ce26,88.4615%,6,46,52,0,0,6,46
0x76bb34,85.7143%,6,36,42,0,0,6,36
0x7b0fa7,88.4615%,6,46,52,46,4,2,0
0x6514cc,85%,6,34,40,34,6,0,0
0x590c38,25%,6,2,8,0,0,6,2
0x6446aa,88.4615%,6,46,52,0,0,6,46
0x65a719,92.5%,6,74,80,0,0,6,74
0x75e1cf,0%,6,0,6,0,0,6,0
0x67ad2e,25%,6,2,8,2,6,0,0
0x7b345c,88.4615%,6,46,52,0,0,6,46
0x593a0c,25%,6,2,8,2,6,0,0
0x66f8f5,89.2857%,6,50,56,41,1,5,9
0x9f8cc0,97.7011%,6,255,261,0,4,2,255
0x67a947,25%,6,2,8,0,0,6,2
0x6539dd,88.4615%,6,46,52,46,4,2,0
0x7cd03b,88.4615%,6,46,52,0,0,6,46
0x759378,88.4615%,6,46,52,0,0,6,46
0x596dc2,96.2963%,6,156,162,156,0,6,0
0x6d8754,62.5%,6,10,16,1,3,3,9
0x596bd6,0%,6,0,6,0,0,6,0
0x67b554,25%,6,2,8,2,4,2,0
0x67b044,25%,6,2,8,0,6,0,2
0x636548,97.6654%,6,251,257,0,0,6,251
0x64c05e,92.5%,6,74,80,74,4,2,0
0x9fb719,97.6834%,6,253,259,253,6,0,0
0x66b382,97.1154%,6,202,208,150,6,0,52
0x7a900e,62.5%,6,10,16,0,0,6,10
0x66b44c,66.6667%,6,12,18,0,0,6,12
0x5e99c3,94.2308%,6,98,104,48,4,2,50
0x67aeae,25%,6,2,8,2,6,0,0
0x66afc3,88.4615%,6,46,52,46,4,2,0
0x66a602,97.1154%,6,202,208,151,5,1,51
0x6316be,25%,6,2,8,2,4,2,0
0x5ed324,88.4615%,6,46,52,46,4,2,0
0x6488e3,25%,6,2,8,0,6,0,2
0x67b868,25%,6,2,8,0,0,6,2
0x7ce4b7,97%,6,194,200,146,4,2,48
0x63cd61,97.6654%,6,251,257,0,0,6,251
0x4031fa,76.9231%,6,20,26,6,6,0,14
0x67af05,25%,6,2,8,2,4,2,0
0x598ac1,93.75%,6,90,96,0,0,6,90
0x59486f,97.1154%,6,202,208,0,0,6,202
0x67b1c4,25%,6,2,8,0,6,0,2
0x67adfb,25%,6,2,8,1,5,1,1
0x67add4,25%,6,2,8,2,4,2,0
0x75c8da,40%,6,4,10,0,0,6,4
0x757ae6,88.4615%,6,46,52,46,4,2,0
0x7aa022,94%,6,94,100,94,6,0,0
0x7621f1,86.3636%,6,38,44,0,0,6,38
0x636b9a,97.6654%,6,251,257,0,0,6,251
0x40492a,0%,6,0,6,0,6,0,0
0x618c7f,99.9132%,6,6910,6916,0,0,6,6910
0x5ac76b,81.25%,6,26,32,24,4,2,2
0x669d42,88.4615%,6,46,52,46,4,2,0
0x7739c2,88.4615%,6,46,52,0,0,6,46
0x63a8ba,25%,6,2,8,0,0,6,2
0x7e6792,88.4615%,6,46,52,0,0,6,46
0x67a127,25%,6,2,8,2,4,2,0
0x757873,88.4615%,6,46,52,0,0,6,46
0x92b1cc,88.4615%,6,46,52,46,4,2,0
0x669da2,88.4615%,6,46,52,46,4,2,0
0x6d9045,83.3333%,6,30,36,30,6,0,0
0x64c80d,92.5%,6,74,80,74,4,2,0
0x76fc56,85%,6,34,40,34,4,2,0
0x652437,99.9896%,6,57416,57422,0,0,6,57416
0x76fdd0,94.2308%,6,98,104,98,2,4,0
0x66a9a0,88.4615%,6,46,52,46,4,2,0
0x66b472,99.6795%,6,1866,1872,1400,4,2,466
0x7af727,88.4615%,6,46,52,46,4,2,0
0x645b5d,88.4615%,6,46,52,46,4,2,0
0x95aa64,88.4615%,6,46,52,0,0,6,46
0x8c4d68,99.7692%,6,2594,2600,0,0,6,2594
0x757bd6,88.4615%,6,46,52,46,4,2,0
0x40281f,66.6667%,6,12,18,0,0,6,12
0x66f15c,97.3214%,6,218,224,0,0,6,218
0x66a6d2,88.4615%,6,46,52,46,4,2,0
0x663ab6,94%,6,94,100,94,4,2,0
0x76f2d4,50%,6,6,12,6,6,0,0
0x7e7621,88.4615%,6,46,52,46,4,2,0
0x7aa5a4,94.2308%,6,98,104,47,5,1,51
0x7578a3,90.3846%,5,47,52,0,0,5,47
0x42a9cd,64.2857%,5,9,14,9,5,0,0
0x631227,90.3846%,5,47,52,0,0,5,47
0x7cbd86,90.3846%,5,47,52,0,0,5,47
0x64b132,90.3846%,5,47,52,47,3,2,0
0x765add,95.1923%,5,99,104,99,5,0,0
0x7725fe,90.3846%,5,47,52,47,3,2,0
0x766a99,58.3333%,5,7,12,4,4,1,3
0x8c457a,99.8077%,5,2595,2600,0,0,5,2595
0x76722b,68.75%,5,11,16,0,0,5,11
0x757896,90.3846%,5,47,52,47,3,2,0
0x649ca1,90.3846%,5,47,52,47,3,2,0
0x65d0a2,90.3846%,5,47,52,47,3,2,0
0x65b04d,95%,5,95,100,95,3,2,0
0x6551d2,93.75%,5,75,80,56,4,1,19
0x67a0bd,37.5%,5,3,8,3,5,0,0
0x63db88,99.9519%,5,10395,10400,10395,5,0,0
0x429987,97.2067%,5,174,179,173,4,1,1
0x596f72,96.7949%,5,151,156,0,0,5,151
0xa30596,99.9908%,5,54535,54540,54535,5,0,0
0x643fa5,90.3846%,5,47,52,47,5,0,0
0xa2e335,99.9908%,5,54535,54540,54535,5,0,0
0x66ea52,37.5%,5,3,8,2,4,1,1
0x7a9dd8,95.1923%,5,99,104,99,1,4,0
0x9f4f8c,98.0843%,5,256,261,0,0,5,256
0x76e731,28.5714%,5,2,7,2,5,0,0
0x5ecef1,90.3846%,5,47,52,47,5,0,0
0x774952,97.5962%,5,203,208,151,5,0,52
0x7cbd08,90.3846%,5,47,52,0,0,5,47
0x8c71d1,75%,5,15,20,14,4,1,1
0x6417b4,37.5%,5,3,8,1,5,0,2
0x773c43,90.3846%,5,47,52,0,0,5,47
0x64aac2,98.75%,5,395,400,297,3,2,98
0x66f4f2,37.5%,5,3,8,2,4,1,1
0x6083c4,99.6921%,5,1619,1624,0,0,5,1619
0x63c86f,98.0545%,5,252,257,161,0,5,91
0x7615ff,88.6364%,5,39,44,0,0,5,39
0x7634ea,88.6364%,5,39,44,39,5,0,0
0x7ce1a3,90.3846%,5,47,52,0,0,5,47
0x646ad4,90.3846%,5,47,52,47,3,2,0
0x66f7f2,37.5%,5,3,8,1,5,0,2
0x63ac4d,37.5%,5,3,8,2,4,1,1
0x681bcf,90.3846%,5,47,52,47,5,0,0
0xa8dc7a,99.9939%,5,81525,81530,81525,5,0,0
0xa79f2b,99.9927%,5,68778,68783,0,0,5,68778
0xa246e2,99.2436%,5,656,661,0,0,5,656
0x67b344,37.5%,5,3,8,3,3,2,0
0x76a5f9,90.3846%,5,47,52,47,3,2,0
0x64d1a3,37.5%,5,3,8,0,0,5,3
0x4b9ed8,92.1875%,5,59,64,59,5,0,0
0x64c228,93.75%,5,75,80,75,3,2,0
0x7b1f29,90.3846%,5,47,52,47,3,2,0
0x4299e0,86.8421%,5,33,38,31,2,3,2
0x8c64f2,99.8%,5,2495,2500,0,0,5,2495
0x75d608,37.5%,5,3,8,0,0,5,3
0x64185c,37.5%,5,3,8,2,4,1,1
0x8c12d3,37.5%,5,3,8,3,3,2,0
0x64b859,98.75%,5,395,400,0,0,5,395
0x76331d,96.0317%,5,121,126,0,0,5,121
0x65a82d,37.5%,5,3,8,3,3,2,0
0x5f310c,72.2222%,5,13,18,6,4,1,7
0xa389ab,99.9948%,5,96477,96482,0,0,5,96477
0x67b6fb,37.5%,5,3,8,2,4,1,1
0x8c11e6,64.2857%,5,9,14,9,3,2,0
0x769298,58.3333%,5,7,12,0,0,5,7
0x666333,90.3846%,5,47,52,0,0,5,47
0x64f216,99.9847%,5,32635,32640,0,0,5,32635
0x640339,37.5%,5,3,8,3,3,2,0
0x7682dc,95.1923%,5,99,104,0,0,5,99
0x67b805,37.5%,5,3,8,3,3,2,0
0xa90ebd,99.46%,5,921,926,0,0,5,921
0x63523e,93.75%,5,75,80,75,3,2,0
0x64e761,99.9387%,5,8155,8160,0,0,5,8155
0x64a6b4,95%,5,95,100,95,5,0,0
0x66b092,90.3846%,5,47,52,47,3,2,0
0x63fb39,37.5%,5,3,8,3,3,2,0
0x669e32,90.3846%,5,47,52,47,3,2,0
0xa233b9,99.0672%,5,531,536,0,0,5,531
0x643278,90.3846%,5,47,52,47,3,2,0
0x66aea3,90.3846%,5,47,52,47,3,2,0
0x64fcbd,93.75%,5,75,80,75,3,2,0
0x7682c0,95.1923%,5,99,104,0,0,5,99
0xa2458d,99.5331%,5,1066,1071,0,4,1,1066
0x6475d1,98.75%,5,395,400,298,2,3,97
0x66e6c2,98.4375%,5,315,320,238,2,3,77
0x7aa06d,95%,5,95,100,94,2,3,1
0x640d09,37.5%,5,3,8,2,4,1,1
0x64e665,37.5%,5,3,8,0,0,5,3
0x67a53c,37.5%,5,3,8,3,5,0,0
0x637ddd,98.0545%,5,252,257,0,0,5,252
0xa31c59,99.9529%,5,10620,10625,10620,5,0,0
0x7693ae,95.1923%,5,99,104,0,0,5,99
0x6398d6,37.5%,5,3,8,1,5,0,2
0x7622f6,88.6364%,5,39,44,0,0,5,39
0x8c729f,72.2222%,5,13,18,11,5,0,2
0x5acbf4,84.375%,5,27,32,27,1,4,0
0x5ed215,90.3846%,5,47,52,47,3,2,0
0x65c4c3,90.3846%,5,47,52,47,3,2,0
0x5e6e28,97.5%,5,195,200,150,0,5,45
0x767759,96.7949%,5,151,156,100,4,1,51
0x65a9e3,64.2857%,5,9,14,0,0,5,9
0x645ac8,99.8077%,5,2595,2600,0,0,5,2595
0x926e28,90%,5,45,50,45,3,2,0
0x8bf3de,99.5618%,5,1136,1141,0,0,5,1136
0x773ac3,90.3846%,5,47,52,0,0,5,47
0xa7a650,99.0347%,5,513,518,259,2,3,254
0x8c13e4,98.2759%,5,285,290,285,5,0,0
0x7afd9d,95.1923%,5,99,104,49,3,2,50
0x66abe0,90.3846%,5,47,52,47,3,2,0
0x665b22,90.3846%,5,47,52,47,3,2,0
0x63ca0f,98.0545%,5,252,257,0,2,3,252
0x599a2a,84.375%,5,27,32,16,2,3,11
0x95a059,97.5962%,5,203,208,153,3,2,50
0x64de6f,99.875%,5,3995,4000,0,0,5,3995
0x67aa46,37.5%,5,3,8,3,3,2,0
0x765c72,95.1923%,5,99,104,99,1,4,0
0x76f725,64.2857%,5,9,14,0,0,5,9
0x5f43be,72.2222%,5,13,18,0,0,5,13
0x613caf,79.1667%,5,19,24,0,0,5,19
0x639201,87.5%,5,35,40,0,0,5,35
0x75cc44,90.3846%,5,47,52,47,5,0,0
0x61699c,90.3846%,5,47,52,47,3,2,0
0x66eb12,37.5%,5,3,8,3,3,2,0
0x7e898a,90.3846%,5,47,52,0,0,5,47
0x66b06c,90.3846%,5,47,52,0,0,5,47
0x75d764,37.5%,5,3,8,1,5,0,2
0x5f2f12,95.1923%,5,99,104,51,1,4,48
0x7ce3ff,90.3846%,5,47,52,0,0,5,47
0x66ebdc,99.8077%,5,2595,2600,0,0,5,2595
0x7b0a6c,37.5%,5,3,8,1,5,0,2
0x766e06,84.375%,5,27,32,0,0,5,27
0x64e392,50%,5,5,10,5,5,0,0
0x8bfc60,95%,5,95,100,95,5,0,0
0x8c738d,99%,5,495,500,495,3,2,0
0x92c620,98.6945%,5,378,383,0,0,5,378
0x66ef9c,99.5833%,5,1195,1200,0,0,5,1195
0x8c103d,95%,5,95,100,0,0,5,95
0x64ba5a,93.75%,5,75,80,75,5,0,0
0x7b0d16,90.3846%,5,47,52,0,0,5,47
0x40312c,80.7692%,5,21,26,21,5,0,0
0x6d91fc,68.75%,5,11,16,0,0,5,11
0x66748f,90.3846%,5,47,52,47,3,2,0
0x5e990e,90.3846%,5,47,52,0,0,5,47
0x7aa68d,90.3846%,5,47,52,47,3,2,0
0x76b149,96.0317%,5,121,126,0,0,5,121
0x6435db,90.3846%,5,47,52,47,3,2,0
0x4a261c,16.6667%,5,1,6,1,5,0,0
0x66e272,37.5%,5,3,8,3,3,2,0
0x8c434c,99.8077%,5,2595,2600,0,0,5,2595
0x5f63cd,99.5127%,5,1021,1026,0,0,5,1021
0x5982ec,95.1923%,5,99,104,0,0,5,99
0x773a26,90.3846%,5,47,52,0,0,5,47
0x63a91f,37.5%,5,3,8,1,5,0,2
0x64cdfa,93.75%,5,75,80,0,0,5,75
0x4031aa,80.7692%,5,21,26,16,4,1,5
0xa24515,99.5331%,5,1066,1071,0,0,5,1066
0x767712,90.3846%,5,47,52,0,0,5,47
0x403292,80.7692%,5,21,26,3,3,2,18
0x7627bf,16.6667%,5,1,6,0,2,3,1
0x7cd3a3,90.3846%,5,47,52,0,0,5,47
0x762305,88.6364%,5,39,44,0,0,5,39
0x5fc94a,94.3182%,5,83,88,83,5,0,0
0x5fcd85,94.3182%,5,83,88,83,5,0,0
0x6445fb,90.3846%,5,47,52,47,3,2,0
0x6446f8,99.8077%,5,2595,2600,0,0,5,2595
0x597e4c,37.5%,5,3,8,3,3,2,0
0x95ab10,90.3846%,5,47,52,47,3,2,0
0x648ebf,91.0714%,5,51,56,37,5,0,14
0x89fb91,37.5%,5,3,8,3,5,0,0
0x42a258,37.5%,5,3,8,1,1,4,2
0x63af93,64.2857%,5,9,14,0,0,5,9
0x9e1cab,37.5%,5,3,8,0,0,5,3
0x65780d,97.5962%,5,203,208,152,4,1,51
0x7b3f92,97.5962%,5,203,208,153,3,2,50
0x598eed,64.2857%,5,9,14,0,2,3,9
0x65cb68,94.898%,5,93,98,93,5,0,0
0x5e770b,61.5385%,5,8,13,0,0,5,8
0x64de88,99.9688%,5,15995,16000,0,0,5,15995
0x773cb0,90.3846%,5,47,52,0,0,5,47
0x7ce1f6,90.3846%,5,47,52,0,0,5,47
0x8c52f2,99.9615%,5,12995,13000,0,0,5,12995
0x92985e,96%,5,120,125,0,0,5,120
0x67a41c,98.4375%,5,315,320,315,1,4,0
0x64d99b,93.75%,5,75,80,75,3,2,0
0x5e858a,61.5385%,5,8,13,8,5,0,0
0x7cba69,90.3846%,5,47,52,0,0,5,47
0x762b3c,88.0952%,5,37,42,37,3,2,0
0x7cd713,90.3846%,5,47,52,0,0,5,47
0x6699b3,90.3846%,5,47,52,0,0,5,47
0x5e76fe,84.375%,5,27,32,27,5,0,0
0x7b1e60,90.3846%,5,47,52,0,0,5,47
0x7b10e3,90.3846%,5,47,52,47,5,0,0
0x618003,99.8735%,5,3947,3952,0,0,5,3947
0x604b1a,88.6364%,5,39,44,39,5,0,0
0x766f96,84.375%,5,27,32,0,0,5,27
0x669db3,90.3846%,5,47,52,0,0,5,47
0x6595ac,90.3846%,5,47,52,0,0,5,47
0x658b49,90.3846%,5,47,52,47,3,2,0
0x926d9c,68.75%,5,11,16,11,2,3,0
0x8bef93,90.3846%,5,47,52,0,0,5,47
0x604f32,88.6364%,5,39,44,39,5,0,0
0x9fa803,97.3822%,5,186,191,0,0,5,186
0x640a49,37.5%,5,3,8,3,3,2,0
0x639ee8,37.5%,5,3,8,2,4,1,1
0x666c4d,37.5%,5,3,8,0,0,5,3
0xa303b2,99.9472%,5,9469,9474,9469,5,0,0
0x67af38,37.5%,5,3,8,0,0,5,3
0x592cd1,37.5%,5,3,8,0,0,5,3
0x761a75,72.2222%,5,13,18,12,4,1,1
0x6673b9,90.3846%,5,47,52,47,3,2,0
0x617d53,99.8735%,5,3947,3952,0,0,5,3947
0x647de2,37.5%,5,3,8,2,4,1,1
0x6676b3,90.3846%,5,47,52,0,0,5,47
0x761c0f,0%,5,0,5,0,0,5,0
0x6458f3,99.8077%,5,2595,2600,0,0,5,2595
0x8beefe,97.5962%,5,203,208,203,5,0,0
0x666072,90.3846%,5,47,52,47,3,2,0
0x9f8cdf,98.0843%,5,256,261,0,0,5,256
0x774719,90.3846%,5,47,52,0,0,5,47
0x4298af,95.3271%,5,102,107,0,0,5,102
0x8c0221,95%,5,95,100,0,0,5,95
0x8c07f6,99.1379%,5,575,580,0,0,5,575
0x761d72,76.1905%,5,16,21,0,0,5,16
0x665a82,90.3846%,5,47,52,47,3,2,0
0x65517a,99.9315%,5,7297,7302,3656,5,0,3641
0x76fd82,95.1923%,5,99,104,99,5,0,0
0x6556b9,99.963%,5,13510,13515,0,0,5,13510
0x95a733,90.3846%,5,47,52,0,0,5,47
0x592cbc,37.5%,5,3,8,0,0,5,3
0x6393e7,95%,5,95,100,0,0,5,95
0x761c01,44.4444%,5,4,9,1,3,2,3
0x6f4ae7,90.3846%,5,47,52,47,3,2,0
0x6660d2,90.3846%,5,47,52,47,3,2,0
0x76fe38,37.5%,5,3,8,0,4,1,3
0x761be6,86.8421%,5,33,38,0,0,5,33
0xa79f37,99.9927%,5,68778,68783,0,0,5,68778
0x666222,90.3846%,5,47,52,47,3,2,0
0x66634f,90.3846%,5,47,52,47,3,2,0
0x9fa7f6,97.3822%,5,186,191,186,5,0,0
0x593dfe,97.5962%,5,203,208,203,5,0,0
0x65ff1e,96.6443%,5,144,149,144,5,0,0
0x5f36bb,86.8421%,5,33,38,15,5,0,18
0x617d74,99.8735%,5,3947,3952,0,0,5,3947
0x650815,93.75%,5,75,80,75,3,2,0
0x7e7281,16.6667%,5,1,6,1,3,2,0
0x67a90d,37.5%,5,3,8,3,5,0,0
0x75fd93,90.3846%,5,47,52,0,0,5,47
0x7cda76,90.3846%,5,47,52,0,0,5,47
0x67b505,37.5%,5,3,8,3,3,2,0
0x7bc864,90.3846%,5,47,52,0,0,5,47
0x5958e9,88.0952%,5,37,42,37,5,0,0
0x8c095f,98.2759%,5,285,290,0,0,5,285
0xa79040,99.6296%,5,1345,1350,0,0,5,1345
0x8bfcab,95%,5,95,100,95,3,2,0
0x67abc4,37.5%,5,3,8,1,5,0,2
0x64d05d,37.5%,5,3,8,2,4,1,1
0x642d76,90.3846%,5,47,52,47,5,0,0
0x8c4d96,99.8077%,5,2595,2600,0,0,5,2595
0x63101d,90.3846%,5,47,52,47,3,2,0
0x5f1d28,98.2456%,5,280,285,0,1,4,280
0x5f30fb,75%,5,15,20,15,3,2,0
0x5f39be,83.3333%,5,25,30,0,0,5,25
0x76c04a,88.6364%,5,39,44,0,0,5,39
0x618163,99.8735%,5,3947,3952,0,0,5,3947
0x637987,98.0545%,5,252,257,0,0,5,252
0x66f6d2,37.5%,5,3,8,3,3,2,0
0x774739,90.3846%,5,47,52,47,3,2,0
0xa7660e,94.898%,5,93,98,0,0,5,93
0x64e189,50%,5,5,10,0,0,5,5
0x613d7e,89.5833%,5,43,48,23,1,4,20
0x659521,90.3846%,5,47,52,47,3,2,0
0x755fb6,90.3846%,5,47,52,0,0,5,47
0x7aa4ca,90.3846%,5,47,52,0,0,5,47
0x659257,90.3846%,5,47,52,47,3,2,0
0x659bbe,90.3846%,5,47,52,47,3,2,0
0x7d06a7,90.3846%,5,47,52,47,3,2,0
0x8c34e1,95%,5,95,100,0,0,5,95
0x631405,90.3846%,5,47,52,47,3,2,0
0x9f4f31,98.0843%,5,256,261,0,0,5,256
0x595472,99.1987%,5,619,624,619,5,0,0
0x5f47de,87.1795%,5,34,39,34,5,0,0
0x758120,90.3846%,5,47,52,0,0,5,47
0xa31c26,99.9883%,5,42563,42568,42563,5,0,0
0xa90ecb,99.46%,5,921,926,0,0,5,921
0x8c4d43,99.8077%,5,2595,2600,0,0,5,2595
0x67a001,37.5%,5,3,8,1,5,0,2
0x9f7e06,37.5%,5,3,8,0,0,5,3
0x614d63,99.9277%,5,6911,6916,0,0,5,6911
0x64bdae,93.75%,5,75,80,75,3,2,0
0x4a29f3,16.6667%,5,1,6,0,0,5,1
0x614d7d,99.9277%,5,6911,6916,0,0,5,6911
0x402806,72.2222%,5,13,18,0,0,5,13
0x686b49,90.3846%,5,47,52,47,5,0,0
0x76854b,97.1591%,5,171,176,0,2,3,171
0x76a16c,90.3846%,5,47,52,0,0,5,47
0x64e1b3,99%,5,495,500,0,0,5,495
0x8c5936,99.9615%,5,12995,13000,0,0,5,12995
0x590a8a,37.5%,5,3,8,0,0,5,3
0x8bef68,97.5962%,5,203,208,203,5,0,0
0x642ba2,99.8077%,5,2595,2600,0,0,5,2595
0x590bf8,84.375%,5,27,32,24,0,5,3
0x590c24,37.5%,5,3,8,0,0,5,3
0x67b685,37.5%,5,3,8,2,4,1,1
0x778e3b,84.375%,5,27,32,27,5,0,0
0x67a8d6,37.5%,5,3,8,3,3,2,0
0x9fb58a,98.0843%,5,256,261,256,5,0,0
0x75d24e,97.1264%,5,169,174,169,5,0,0
0x653403,97.5962%,5,203,208,151,5,0,52
0x757966,90.3846%,5,47,52,47,3,2,0
0x5da411,90.3846%,5,47,52,0,0,5,47
0x4b9ecc,92.1875%,5,59,64,0,0,5,59
0x5f6d6d,99.5301%,5,1059,1064,0,0,5,1059
0x6514e8,50%,5,5,10,5,3,2,0
0x75f936,90.7407%,5,49,54,0,1,4,49
0x5e6625,90%,5,45,50,0,0,5,45
0x7b3392,97.5962%,5,203,208,153,3,2,50
0x5daa66,37.5%,5,3,8,3,3,2,0
0x616bf9,86.8421%,5,33,38,33,3,2,0
0x8c1552,95%,5,95,100,0,0,5,95
0x636555,98.0545%,5,252,257,0,0,5,252
0x65aa19,94.898%,5,93,98,0,0,5,93
0x5f4cfd,90.7407%,5,49,54,49,3,2,0
0x5f4d3d,90.7407%,5,49,54,49,3,2,0
0x5f4e64,66.6667%,5,10,15,9,2,3,1
0x5fc9b8,94.3182%,5,83,88,83,5,0,0
0x9294d7,95.2381%,5,100,105,0,0,5,100
0x5f5592,93.4211%,5,71,76,0,0,5,71
0x7cdc6c,90.3846%,5,47,52,47,3,2,0
0x616af5,86.8421%,5,33,38,33,3,2,0
0x64f08d,37.5%,5,3,8,0,0,5,3
0x63a78a,37.5%,5,3,8,3,3,2,0
0x5f6a5f,86.8421%,5,33,38,0,0,5,33
0x8c0cf4,95%,5,95,100,0,0,5,95
0x75cd1d,90.3846%,5,47,52,47,3,2,0
0x5f729e,86.8421%,5,33,38,0,0,5,33
0x8bf028,97.5962%,5,203,208,152,4,1,51
0x64349b,90.3846%,5,47,52,0,0,5,47
0x654528,99.9964%,5,137449,137454,0,0,5,137449
0x5f0009,98.7685%,5,401,406,401,5,0,0
0x757a26,90.3846%,5,47,52,47,3,2,0
0xa0ebc8,99.9942%,5,86289,86294,0,0,5,86289
0x65d740,95%,5,95,100,0,0,5,95
0x6546c7,99.9413%,5,8516,8521,0,0,5,8516
0x961508,96.8553%,5,154,159,154,5,0,0
0x63d788,99.9519%,5,10395,10400,10395,5,0,0
0x8c5d84,99.8%,5,2495,2500,0,0,5,2495
0x63d8d3,99.5618%,5,1136,1141,0,0,5,1136
0x64362e,90.3846%,5,47,52,0,0,5,47
0x928ae9,96.8553%,5,154,159,0,0,5,154
0x4030f7,80.7692%,5,21,26,21,5,0,0
0x4a4a1a,75%,5,15,20,15,5,0,0
0x8beec4,97.5962%,5,203,208,203,5,0,0
0x7681fe,95.1923%,5,99,104,0,0,5,99
0x616c73,99.5127%,5,1021,1026,0,0,5,1021
0xa78555,99.9377%,5,8019,8024,0,0,5,8019
0x405440,77.2727%,5,17,22,0,0,5,17
0x593cb9,37.5%,5,3,8,0,0,5,3
0x63696b,98.0545%,5,252,257,0,0,5,252
0xa394d2,28.5714%,5,2,7,2,5,0,0
0x66a79c,90.3846%,5,47,52,0,0,5,47
0x618c87,99.9277%,5,6911,6916,6911,5,0,0
0x67b61e,37.5%,5,3,8,3,5,0,0
0x645c25,90.3846%,5,47,52,47,3,2,0
0x6394b4,98.75%,5,395,400,395,3,2,0
0x949fa0,37.5%,5,3,8,3,5,0,0
0x67a268,37.5%,5,3,8,0,0,5,3
0x64631f,90.3846%,5,47,52,47,3,2,0
0x75c675,83.3333%,5,25,30,0,0,5,25
0x75af7c,99.3234%,5,734,739,0,0,5,734
0x67a1c4,37.5%,5,3,8,3,3,2,0
0x665d79,90.3846%,5,47,52,47,3,2,0
0x7cc319,90.3846%,5,47,52,0,0,5,47
0x5f1e0f,98.2456%,5,280,285,0,3,2,280
0x76fc06,28.5714%,5,2,7,2,2,3,0
0x76203c,84.375%,5,27,32,0,0,5,27
0x959e75,90.3846%,5,47,52,47,3,2,0
0xa7a6fe,98.0545%,5,252,257,252,5,0,0
0x7cdf01,90.3846%,5,47,52,47,3,2,0
0x63abf9,37.5%,5,3,8,2,4,1,1
0x64be77,99.875%,5,3995,4000,0,0,5,3995
0x63ab0c,37.5%,5,3,8,0,0,5,3
0x67a57e,37.5%,5,3,8,2,4,1,1
0x64cff3,37.5%,5,3,8,0,0,5,3
0x76d614,90.3846%,5,47,52,47,3,2,0
0x66f983,91.0714%,5,51,56,40,2,3,11
0x92a2e4,96.8553%,5,154,159,0,0,5,154
0x66f906,64.2857%,5,9,14,0,0,5,9
0x95a262,90.3846%,5,47,52,47,3,2,0
0x65129c,99.8958%,5,4795,4800,4795,5,0,0
0x7a9648,98.6413%,5,363,368,0,0,5,363
0x7cf219,90.3846%,5,47,52,0,0,5,47
0x77247c,37.5%,5,3,8,3,5,0,0
0x598f68,90.3846%,5,47,52,0,0,5,47
0x641ef8,99.8077%,5,2595,2600,0,0,5,2595
0x76f3f3,64.2857%,5,9,14,0,0,5,9
0x644f8f,90.3846%,5,47,52,47,3,2,0
0x67a0c5,37.5%,5,3,8,3,3,2,0
0x927068,90.7407%,5,49,54,0,0,5,49
0x926a95,93.75%,5,75,80,0,0,5,75
0x405097,77.2727%,5,17,22,16,0,5,1
0x7cd971,90.3846%,5,47,52,47,5,0,0
0x64ae3c,90.3846%,5,47,52,0,0,5,47
0x76e3a1,68.75%,5,11,16,0,0,5,11
0x7cd833,90.3846%,5,47,52,0,0,5,47
0x404016,16.6667%,5,1,6,0,0,5,1
0xa2270d,99.343%,5,756,761,756,5,0,0
0x76d5ae,90.3846%,5,47,52,47,3,2,0
0x633f2d,93.75%,5,75,80,75,3,2,0
0x6211c7,86.8421%,5,33,38,33,5,0,0
0x8c0c14,99.8%,5,2495,2500,0,0,5,2495
0x63175b,72.2222%,5,13,18,0,0,5,13
0x6388dd,99.9154%,5,5907,5912,100,2,3,5807
0x8c3241,95%,5,95,100,0,0,5,95
0x7a9734,95%,5,95,100,0,0,5,95
0x64ab02,98.75%,5,395,400,298,2,3,97
0x5d283e,89.1304%,5,41,46,0,0,5,41
0x7aaeef,90.7407%,5,49,54,49,3,2,0
0x7edc9e,90.3846%,5,47,52,47,3,2,0
0x64879b,37.5%,5,3,8,1,5,0,2
0x76291e,80.7692%,5,21,26,0,0,5,21
0x42a9c7,64.2857%,5,9,14,0,0,5,9
0x681b8d,90.3846%,5,47,52,0,0,5,47
0x64c69d,99.875%,5,3995,4000,0,0,5,3995
0x7740f3,90.3846%,5,47,52,47,5,0,0
0x76dadd,88.6364%,5,39,44,0,0,5,39
0x63da32,99.5618%,5,1136,1141,0,0,5,1136
0x773852,90.3846%,5,47,52,0,0,5,47
0x65c91f,99.3857%,5,809,814,0,0,5,809
0x6440b0,90.3846%,5,47,52,47,3,2,0
0x666c18,37.5%,5,3,8,0,0,5,3
0x76f4d2,37.5%,5,3,8,3,5,0,0
0x9f7dd7,37.5%,5,3,8,0,0,5,3
0x7cc719,90.3846%,5,47,52,47,3,2,0
0x926f59,90%,5,45,50,0,0,5,45
0x7e63a3,16.6667%,5,1,6,1,3,2,0
0x7cf3b7,97.5%,5,195,200,147,3,2,48
0x6461ef,90.3846%,5,47,52,47,3,2,0
0x598ca7,58.3333%,5,7,12,7,3,2,0
0x75c919,50%,5,5,10,5,5,0,0
0x75cf49,88.6364%,5,39,44,39,3,2,0
0x6487ed,37.5%,5,3,8,3,3,2,0
0x42a4d8,37.5%,5,3,8,3,5,0,0
0x64ba24,93.75%,5,75,80,0,0,5,75
0x60353f,68.75%,5,11,16,0,0,5,11
0x632525,87.5%,5,35,40,35,3,2,0
0x9289bd,96.8553%,5,154,159,0,0,5,154
0x648b73,37.5%,5,3,8,2,4,1,1
0x75d368,88.0952%,5,37,42,0,0,5,37
0x66e572,50%,4,4,8,3,3,1,1
0x9291ac,96.1905%,4,101,105,101,4,0,0
0x76e79e,42.8571%,4,3,7,1,0,4,2
0x76e8c2,42.8571%,4,3,7,0,1,3,3
0x9f7e6d,50%,4,4,8,0,0,4,4
0x63391d,95%,4,76,80,76,2,2,0
0x774c0e,92.3077%,4,48,52,0,0,4,48
0x7e84a3,92.3077%,4,48,52,48,2,2,0
0x961333,97.4843%,4,155,159,0,0,4,155
0x614c53,99.9422%,4,6912,6916,0,0,4,6912
0x63b2aa,98.8095%,4,332,336,248,4,0,84
0x42a291,50%,4,4,8,4,2,2,0
0x9fef88,50%,4,4,8,0,4,0,4
0x64e70a,98.75%,4,316,320,0,0,4,316
0xa303fd,99.9578%,4,9470,9474,0,0,4,9470
0x5f61f7,94.7368%,4,72,76,72,4,0,0
0x65caee,96.3636%,4,106,110,106,4,0,0
0x6396b6,50%,4,4,8,4,2,2,0
0x63399d,60%,4,6,10,6,2,2,0
0x6397c6,50%,4,4,8,4,2,2,0
0x7ce140,92.3077%,4,48,52,48,2,2,0
0xa46938,99.9624%,4,10621,10625,0,0,4,10621
0x76fe62,50%,4,4,8,2,4,0,2
0x5ea5d2,92.3077%,4,48,52,0,0,4,48
0x766322,66.6667%,4,8,12,7,1,3,1
0x7e8001,92.3077%,4,48,52,48,2,2,0
0x4048a6,33.3333%,4,2,6,0,0,4,2
0x65b6b8,92.3077%,4,48,52,48,2,2,0
0x76a95e,50%,4,4,8,0,2,2,4
0x8c49b6,99.9692%,4,12996,13000,0,0,4,12996
0x6f4cef,92.3077%,4,48,52,0,0,4,48
0x636189,87.5%,4,28,32,28,2,2,0
0x66733f,92.3077%,4,48,52,48,2,2,0
0x757b76,92.5926%,4,50,54,50,2,2,0
0x5e6fca,92.5926%,4,50,54,50,4,0,0
0x65c997,96.0396%,4,97,101,0,0,4,97
0x598851,91.6667%,4,44,48,44,4,0,0
0x66a7c0,92.3077%,4,48,52,48,2,2,0
0x66ec16,92.3077%,4,48,52,48,2,2,0
0x8a7a8d,80%,4,16,20,0,0,4,16
0x641cff,92.3077%,4,48,52,48,2,2,0
0x75ea39,87.5%,4,28,32,0,0,4,28
0x64342b,92.3077%,4,48,52,48,2,2,0
0x7e7f53,92.3077%,4,48,52,0,0,4,48
0x593d19,50%,4,4,8,0,0,4,4
0x95a632,92.3077%,4,48,52,48,2,2,0
0x63169e,50%,4,4,8,3,3,1,1
0x645962,92.3077%,4,48,52,48,2,2,0
0x6637c7,92.3077%,4,48,52,48,2,2,0
0x67a07d,50%,4,4,8,4,4,0,0
0x778df6,87.5%,4,28,32,24,0,4,4
0xa797cd,97.6879%,4,169,173,0,0,4,169
0x76706f,87.5%,4,28,32,28,0,4,0
0x6e6a96,98.0769%,4,204,208,0,0,4,204
0x66e192,50%,4,4,8,2,4,0,2
0x4a223a,0%,4,0,4,0,4,0,0
0xa769b3,99.9818%,4,21979,21983,21818,1,3,161
0x67b6d4,50%,4,4,8,4,2,2,0
0x8c5070,96%,4,96,100,0,0,4,96
0x9280ab,99.9578%,4,9483,9487,9483,4,0,0
0x756427,92.3077%,4,48,52,48,4,0,0
0x75d748,50%,4,4,8,4,4,0,0
0xa7809d,98.8304%,4,338,342,0,0,4,338
0x63a5e2,50%,4,4,8,4,2,2,0
0x657e3e,92.3077%,4,48,52,48,2,2,0
0x7cbde9,92.3077%,4,48,52,48,2,2,0
0x8c14df,98.6207%,4,286,290,30,3,1,256
0x76e674,42.8571%,4,3,7,2,0,4,1
0x681fb9,0%,4,0,4,0,0,4,0
0x76fdef,0%,4,0,4,0,2,2,0
0x646a75,99.8462%,4,2596,2600,0,0,4,2596
0x9f812b,97.9058%,4,187,191,187,4,0,0
0x8c137f,96%,4,96,100,0,0,4,96
0x7b3181,92.3077%,4,48,52,48,2,2,0
0x5982c6,96.1538%,4,100,104,0,0,4,100
0x5951a5,83.3333%,4,20,24,0,0,4,20
0x63bc11,50%,4,4,8,0,0,4,4
0x92724d,60%,4,6,10,0,1,3,6
0x64e382,60%,4,6,10,0,0,4,6
0x6394f1,96%,4,96,100,96,2,2,0
0x64a0bc,99.8462%,4,2596,2600,0,0,4,2596
0x63cff5,50%,4,4,8,0,0,4,4
0x66b622,92.3077%,4,48,52,48,2,2,0
0x76b8be,90.9091%,4,40,44,40,2,2,0
0x63171e,50%,4,4,8,2,4,0,2
0x65aae8,87.5%,4,28,32,0,0,4,28
0x67a60e,50%,4,4,8,4,2,2,0
0x6636f5,95%,4,76,80,76,2,2,0
0x64c2f0,50%,4,4,8,0,0,4,4
0x927252,55.5556%,4,5,9,1,0,4,4
0x5997bd,83.3333%,4,20,24,20,4,0,0
0x640f39,50%,4,4,8,2,4,0,2
0x9268e0,92%,4,46,50,0,0,4,46
0x8c1665,33.3333%,4,2,6,0,0,4,2
0x778f25,98.0769%,4,204,208,0,0,4,204
0xa0f65c,88.2353%,4,30,34,30,4,0,0
0x7a9266,0%,4,0,4,0,0,4,0
0x7738d6,92.3077%,4,48,52,0,0,4,48
0x631599,77.7778%,4,14,18,14,2,2,0
0x7e8482,92.3077%,4,48,52,0,0,4,48
0x63b2b8,95.2381%,4,80,84,0,0,4,80
0x66e332,50%,4,4,8,4,2,2,0
0x76afe1,96.9697%,4,128,132,84,4,0,44
0x64a712,96%,4,96,100,96,4,0,0
0x5943a8,99.8575%,4,2804,2808,0,0,4,2804
0x761877,90.9091%,4,40,44,40,2,2,0
0x633991,90%,4,36,40,27,3,1,9
0x648987,50%,4,4,8,4,2,2,0
0x594879,98.0769%,4,204,208,204,4,0,0
0x64af22,92.3077%,4,48,52,48,2,2,0
0x7b1170,92.3077%,4,48,52,48,2,2,0
0x663bf6,95%,4,76,80,76,2,2,0
0x7aad3d,92.3077%,4,48,52,48,2,2,0
0x67b1ae,50%,4,4,8,4,4,0,0
0x76e769,42.8571%,4,3,7,1,0,4,2
0x5f69d8,94.7368%,4,72,76,38,0,4,34
0x403186,84.6154%,4,22,26,22,4,0,0
0x6da657,50%,4,4,8,3,3,1,1
0x8c6b46,96%,4,96,100,0,0,4,96
0x7b32a1,92.3077%,4,48,52,48,2,2,0
0xa22637,99.6779%,4,1238,1242,33,1,3,1205
0x9f9979,98.4556%,4,255,259,0,0,4,255
0x9f5e21,98.2759%,4,228,232,228,4,0,0
0x926bd5,93.2203%,4,55,59,0,0,4,55
0x760f29,33.3333%,4,2,6,0,4,0,2
0x67b644,50%,4,4,8,2,4,0,2
0x773061,92.3077%,4,48,52,48,2,2,0
0x66b923,92.3077%,4,48,52,48,2,2,0
0xa22493,99.7228%,4,1439,1443,0,2,2,1439
0x76fb0a,42.8571%,4,3,7,3,4,0,0
0x666ead,50%,4,4,8,0,0,4,4
0x64ced3,95%,4,76,80,0,0,4,76
0x4a2e1a,33.3333%,4,2,6,2,4,0,0
0x590a6c,87.5%,4,28,32,20,4,0,8
0x926cbd,99%,4,396,400,396,4,0,0
0x9ff065,98.9011%,4,360,364,0,0,4,360
0x63a23e,96%,4,96,100,96,2,2,0
0x67ade8,50%,4,4,8,0,0,4,4
0x5f2353,92.3077%,4,48,52,0,0,4,48
0xa78514,71.4286%,4,10,14,0,4,0,10
0x92a5bb,95.6044%,4,87,91,87,4,0,0
0x4074f1,88.8889%,4,32,36,32,4,0,0
0x65e1ad,99.9615%,4,10396,10400,7798,2,2,2598
0x5ea481,50%,4,4,8,4,2,2,0
0x5f439a,73.3333%,4,11,15,0,0,4,11
0x8a5248,50%,4,4,8,4,2,2,0
0x8bfe23,92.3077%,4,48,52,0,0,4,48
0x60852f,99.7863%,4,1868,1872,0,0,4,1868
0x7e72d2,92.3077%,4,48,52,0,0,4,48
0x640529,50%,4,4,8,4,2,2,0
0x666286,92.3077%,4,48,52,48,2,2,0
0x67a8c0,50%,4,4,8,4,4,0,0
0x65dfe9,99.8462%,4,2596,2600,0,0,4,2596
0x7cc328,92.3077%,4,48,52,0,0,4,48
0x67b49e,50%,4,4,8,4,4,0,0
0xa82018,99.9945%,4,72268,72272,0,0,4,72268
0x95a824,92.3077%,4,48,52,48,2,2,0
0x603456,75%,4,12,16,0,0,4,12
0x67a98a,50%,4,4,8,2,4,0,2
0x5f3d5d,20%,4,1,5,0,0,4,1
0x5f3d2e,63.6364%,4,7,11,1,4,0,6
0x63a52a,50%,4,4,8,4,2,2,0
0x598f2e,60%,4,6,10,4,4,0,2
0x646c14,92.3077%,4,48,52,48,2,2,0
0x760a94,33.3333%,4,2,6,0,4,0,2
0x77857e,99.375%,4,636,640,0,0,4,636
0x770058,92.3077%,4,48,52,48,2,2,0
0x659170,92.3077%,4,48,52,48,2,2,0
0x6d90ea,0%,4,0,4,0,0,4,0
0x92cb98,99.9615%,4,10396,10400,10396,4,0,0
0x596f32,97.4359%,4,152,156,0,0,4,152
0x637405,98.4436%,4,253,257,230,1,3,23
0x5f3d3a,33.3333%,4,2,6,2,4,0,0
0x67a108,50%,4,4,8,0,0,4,4
0x6593b4,92.3077%,4,48,52,48,2,2,0
0x76f740,71.4286%,4,10,14,1,0,4,9
0x66e3f2,50%,4,4,8,4,2,2,0
0x5f3cb6,0%,4,0,4,0,0,4,0
0x5f4c1c,0%,4,0,4,0,2,2,0
0xa769d2,99.9812%,4,21274,21278,0,0,4,21274
0x76e56c,33.3333%,4,2,6,0,0,4,2
0x7e6762,92.3077%,4,48,52,0,0,4,48
0xa3050a,99.9927%,4,54536,54540,0,0,4,54536
0x6661d3,92.3077%,4,48,52,0,0,4,48
0x656522,97.5758%,4,161,165,161,4,0,0
0x639e98,50%,4,4,8,4,2,2,0
0x5a8e8b,99.5434%,4,872,876,872,4,0,0
0x926af7,60%,4,6,10,0,0,4,6
0x666293,92.3077%,4,48,52,0,0,4,48
0x6416ce,50%,4,4,8,2,4,0,2
0x65fbd2,97.7011%,4,170,174,170,4,0,0
0xa246dc,99.3949%,4,657,661,0,0,4,657
0xa0eee8,99.9462%,4,7432,7436,7432,4,0,0
0xa24a45,99.6172%,4,1041,1045,0,0,4,1041
0x65ebf8,99.8462%,4,2596,2600,0,0,4,2596
0x5f3279,89.4737%,4,34,38,3,3,1,31
0x5f34cc,99.7976%,4,1972,1976,1972,4,0,0
0x7cbae8,92.3077%,4,48,52,48,2,2,0
0x5f396e,89.4737%,4,34,38,34,2,2,0
0x762ecf,89.4737%,4,34,38,4,2,2,30
0x666042,92.3077%,4,48,52,48,2,2,0
0xa3a5cc,0%,4,0,4,0,0,4,0
0x67a59c,50%,4,4,8,4,4,0,0
0x647078,99.8462%,4,2596,2600,0,0,4,2596
0x75f8b1,33.3333%,4,2,6,2,2,2,0
0x613d86,83.3333%,4,20,24,0,2,2,20
0x631061,98.0769%,4,204,208,155,1,3,49
0x761c9b,77.7778%,4,14,18,14,2,2,0
0x7e7c99,92.3077%,4,48,52,48,2,2,0
0x42b911,50%,4,4,8,4,4,0,0
0x6678eb,92.3077%,4,48,52,48,2,2,0
0x64705f,92.3077%,4,48,52,0,0,4,48
0x60914f,92.5926%,4,50,54,11,0,4,39
0x67b87b,50%,4,4,8,4,2,2,0
0x65fe56,96.3636%,4,106,110,106,4,0,0
0x642c42,92.3077%,4,48,52,48,2,2,0
0x7cc0f9,92.3077%,4,48,52,48,2,2,0
0x666233,92.3077%,4,48,52,0,0,4,48
0x67ac68,50%,4,4,8,0,0,4,4
0x9fa83e,97.9058%,4,187,191,0,0,4,187
0x63a1e1,96%,4,96,100,0,0,4,96
0x6661f2,92.3077%,4,48,52,48,2,2,0
0xa222f5,99.9835%,4,24210,24214,0,0,4,24210
0x8c52d5,99.2%,4,496,500,0,0,4,496
0x7588cf,85.7143%,4,24,28,0,0,4,24
0x681bc5,92.3077%,4,48,52,0,0,4,48
0x64a840,96%,4,96,100,0,0,4,96
0x666113,92.3077%,4,48,52,0,0,4,48
0x76cc21,90.9091%,4,40,44,40,4,0,0
0x9fb4e8,98.4674%,4,257,261,0,4,0,257
0x6660b3,92.3077%,4,48,52,0,0,4,48
0x40518c,33.3333%,4,2,6,2,4,0,0
0x636c9e,99.2218%,4,510,514,256,1,3,254
0x63110d,92.3077%,4,48,52,48,2,2,0
0x769a8a,0%,4,0,4,0,4,0,0
0x5f2ceb,92.5926%,4,50,54,50,2,2,0
0x595927,90.4762%,4,38,42,38,4,0,0
0x598415,0%,4,0,4,0,0,4,0
0x7cdc2b,92.3077%,4,48,52,0,0,4,48
0x64bfe3,95%,4,76,80,0,0,4,76
0x63c862,98.4436%,4,253,257,0,0,4,253
0x64b26f,92.3077%,4,48,52,48,2,2,0
0x63c8c4,99.4812%,4,767,771,512,2,2,255
0x7a8d31,96.1538%,4,100,104,0,4,0,100
0x65aea1,50%,4,4,8,2,4,0,2
0xa38c90,33.3333%,4,2,6,0,0,4,2
0x667364,92.3077%,4,48,52,0,0,4,48
0x961a24,50%,4,4,8,2,4,0,2
0x76b1e1,96.8254%,4,122,126,0,0,4,122
0x9fb7d8,98.4674%,4,257,261,257,4,0,0
0x774c60,92.3077%,4,48,52,48,2,2,0
0x639fd9,50%,4,4,8,4,2,2,0
0x7b3965,92.3077%,4,48,52,48,2,2,0
0x5f6159,94.7368%,4,72,76,36,2,2,36
0x618da4,99.9422%,4,6912,6916,0,0,4,6912
0x6da487,50%,4,4,8,3,3,1,1
0x66eccc,99.8462%,4,2596,2600,0,0,4,2596
0x644046,99.9615%,4,10396,10400,10396,4,0,0
0x631047,92.3077%,4,48,52,0,0,4,48
0x66f552,50%,4,4,8,3,3,1,1
0x639cf6,50%,4,4,8,2,4,0,2
0xa22c4a,96.1905%,4,101,105,0,0,4,101
0x7b03af,92.3077%,4,48,52,48,2,2,0
0x7e8220,92.3077%,4,48,52,48,2,2,0
0x590a05,50%,4,4,8,4,4,0,0
0x63161e,50%,4,4,8,4,2,2,0
0x7588ff,85.7143%,4,24,28,0,1,3,24
0x66fa18,71.4286%,4,10,14,10,2,2,0
0x66f5b2,50%,4,4,8,4,2,2,0
0x63becd,98.0769%,4,204,208,0,0,4,204
0x648b21,50%,4,4,8,4,2,2,0
0x5ea7a7,92.3077%,4,48,52,48,2,2,0
0xa781c8,99.9403%,4,6701,6705,6701,4,0,0
0x6507e8,95%,4,76,80,0,0,4,76
0x655239,80%,4,16,20,0,0,4,16
0x5f71b4,99.6101%,4,1022,1026,1022,4,0,0
0x66f9b6,92.8571%,4,52,56,38,4,0,14
0x5f7042,99.6101%,4,1022,1026,0,0,4,1022
0x5f6ecb,99.6241%,4,1060,1064,0,0,4,1060
0x755eb9,98.0769%,4,204,208,0,0,4,204
0x67ad85,50%,4,4,8,4,2,2,0
0x76fbe2,42.8571%,4,3,7,2,4,0,1
0x7cc409,92.3077%,4,48,52,48,2,2,0
0x616b55,89.4737%,4,34,38,34,2,2,0
0x63136a,92.3077%,4,48,52,0,0,4,48
0x9e0e4f,86.6667%,4,26,30,0,0,4,26
0x5f4f2c,73.3333%,4,11,15,11,0,4,0
0x4b9b54,66.6667%,4,8,12,0,0,4,8
0x65ab5c,87.5%,4,28,32,28,2,2,0
0x632dab,77.7778%,4,14,18,0,0,4,14
0x8c5a0c,99.968%,4,12496,12500,0,0,4,12496
0x772698,50%,4,4,8,3,3,1,1
0x64c3a3,99%,4,396,400,0,0,4,396
0x75fc7f,92.3077%,4,48,52,48,2,2,0
0x639e88,50%,4,4,8,0,1,3,4
0x67abfd,50%,4,4,8,4,4,0,0
0x7cc351,92.3077%,4,48,52,0,0,4,48
0x598c38,87.5%,4,28,32,0,0,4,28
0x593bde,50%,4,4,8,0,0,4,4
0x75ddfa,71.4286%,4,10,14,0,0,4,10
0x65a44c,50%,4,4,8,3,3,1,1
0x7b1035,92.3077%,4,48,52,0,0,4,48
0x761118,92.4528%,4,49,53,0,0,4,49
0x66b152,92.3077%,4,48,52,48,2,2,0
0x429f25,96%,4,96,100,0,0,4,96
0x76f85b,42.8571%,4,3,7,0,1,3,3
0x7e7573,92.3077%,4,48,52,0,0,4,48
0x758a37,92.3077%,4,48,52,48,4,0,0
0x76cd70,0%,4,0,4,0,2,2,0
0x949fb6,50%,4,4,8,4,4,0,0
0x6313c7,92.3077%,4,48,52,48,2,2,0
0x75f91b,77.7778%,4,14,18,14,4,0,0
0x7cdc5b,98.0769%,4,204,208,153,3,1,51
0x5a636e,92.5926%,4,50,54,49,1,3,1
0x75f93c,92.4528%,4,49,53,0,0,4,49
0x66367d,71.4286%,4,10,14,10,2,2,0
0x761328,33.3333%,4,2,6,0,0,4,2
0x76f5e4,71.4286%,4,10,14,0,0,4,10
0xa0eeb6,99.9462%,4,7432,7436,0,0,4,7432
0x67af54,50%,4,4,8,4,2,2,0
0xa0eb64,0%,4,0,4,0,0,4,0
0x6313e6,92.3077%,4,48,52,0,0,4,48
0x75c006,97.5904%,4,162,166,0,0,4,162
0x635cbe,50%,4,4,8,3,3,1,1
0x960e0e,97.4843%,4,155,159,155,4,0,0
0x429a44,50%,4,4,8,3,3,1,1
0x63809c,98.4436%,4,253,257,0,0,4,253
0x76608b,0%,4,0,4,0,0,4,0
0x8a85de,99.0476%,4,416,420,398,2,2,18
0xa79687,98.4436%,4,253,257,0,0,4,253
0x757ea5,92.3077%,4,48,52,0,0,4,48
0xa3a060,0%,4,0,4,0,1,3,0
0x6675c9,92.3077%,4,48,52,48,2,2,0
0xa3a126,0%,4,0,4,0,4,0,0
0xa244f1,97.9695%,4,193,197,0,0,4,193
0x5f4f53,0%,4,0,4,0,2,2,0
0x7613a4,90.4762%,4,38,42,0,0,4,38
0x766dfb,87.5%,4,28,32,0,0,4,28
0xa3a06a,0%,4,0,4,0,0,4,0
0x65890c,99.8309%,4,2362,2366,0,0,4,2362
0x5fcd11,95.4545%,4,84,88,84,4,0,0
0x644766,92.3077%,4,48,52,48,2,2,0
0x8c16a8,98.6207%,4,286,290,0,0,4,286
0x66a8b0,92.3077%,4,48,52,48,2,2,0
0x76891a,95.8333%,4,92,96,0,0,4,92
0x7781de,87.5%,4,28,32,0,0,4,28
0x65b663,92.3077%,4,48,52,0,0,4,48
0x608c0a,90.9091%,4,40,44,40,2,2,0
0x63165e,50%,4,4,8,2,4,0,2
0x76ce13,92.3077%,4,48,52,0,0,4,48
0x5e7e99,69.2308%,4,9,13,0,0,4,9
0x9fef8d,66.6667%,4,8,12,5,3,1,3
0xa30863,99.9759%,4,16575,16579,0,0,4,16575
0x5f5db6,73.3333%,4,11,15,11,0,4,0
0x8c485e,96%,4,96,100,0,0,4,96
0x653952,98.0769%,4,204,208,156,0,4,48
0x6676f8,92.3077%,4,48,52,48,2,2,0
0x63fe59,50%,4,4,8,2,4,0,2
0x61721f,99.3007%,4,568,572,0,0,4,568
0x67a045,50%,4,4,8,4,2,2,0
0x645293,99.8462%,4,2596,2600,0,0,4,2596
0x618ee3,99.9422%,4,6912,6916,0,0,4,6912
0xa79eeb,99.9942%,4,68779,68783,68779,4,0,0
0x6d9038,88.8889%,4,32,36,0,0,4,32
0x6512ce,95%,4,76,80,76,2,2,0
0x95a422,92.3077%,4,48,52,48,2,2,0
0x67b7ae,50%,4,4,8,4,4,0,0
0x95a85c,92.3077%,4,48,52,48,2,2,0
0x75c97c,90%,4,36,40,27,3,1,9
0x65a469,50%,4,4,8,4,2,2,0
0x64c253,95%,4,76,80,0,0,4,76
0x64db83,95%,4,76,80,0,0,4,76
0x67b254,50%,4,4,8,4,2,2,0
0x7cd871,92.3077%,4,48,52,48,4,0,0
0x5ea8ae,92.3077%,4,48,52,48,2,2,0
0x645eac,96.2617%,4,103,107,0,0,4,103
0x6031b6,81.8182%,4,18,22,0,0,4,18
0x7cc919,97.4359%,4,152,156,0,0,4,152
0x6552c3,99.9704%,4,13511,13515,0,0,4,13511
0x76ddb9,90.4762%,4,38,42,0,0,4,38
0x768348,96.1538%,4,100,104,100,0,4,0
0xa76a24,99.9812%,4,21274,21278,0,0,4,21274
0x67a56c,50%,4,4,8,4,4,0,0
0x643ce5,92.3077%,4,48,52,48,2,2,0
0x8a4cac,50%,4,4,8,4,4,0,0
0x7bc8bc,92.3077%,4,48,52,48,2,2,0
0x657a6c,92.3077%,4,48,52,48,2,2,0
0x598d19,92.3077%,4,48,52,48,2,2,0
0x75c98d,60%,4,6,10,6,2,2,0
0x653960,92.3077%,4,48,52,48,2,2,0
0x42992e,96.7742%,4,120,124,0,0,4,120
0x667389,92.3077%,4,48,52,48,2,2,0
0x778679,97.5%,4,156,160,0,0,4,156
0x7e7bda,92.3077%,4,48,52,48,2,2,0
0x77415b,92.3077%,4,48,52,48,2,2,0
0x64d217,99%,4,396,400,396,4,0,0
0x760da6,96.8254%,4,122,126,0,0,4,122
0x641c3f,92.3077%,4,48,52,48,2,2,0
0x6044f6,90.9091%,4,40,44,40,4,0,0
0x64afd2,92.3077%,4,48,52,48,2,2,0
0x7687e7,96%,4,96,100,0,0,4,96
0x64c8fe,50%,4,4,8,4,2,2,0
0x7738de,92.3077%,4,48,52,48,4,0,0
0x659a8f,92.3077%,4,48,52,48,2,2,0
0x768701,66.6667%,4,8,12,0,0,4,8
0x762f43,87.5%,4,28,32,0,0,4,28
0x761366,33.3333%,4,2,6,2,2,2,0
0x5e7744,96.9466%,4,127,131,127,4,0,0
0x67b7c4,50%,4,4,8,4,2,2,0
0x63bf5a,98.0769%,4,204,208,0,0,4,204
0x64cac6,95%,4,76,80,0,0,4,76
0x7afcca,92.3077%,4,48,52,0,0,4,48
0x76a976,50%,4,4,8,3,3,1,1
0xa3882f,99.9959%,4,96915,96919,0,0,4,96915
0x75e297,33.3333%,4,2,6,2,2,2,0
0x639a56,96%,4,96,100,96,2,2,0
0x9e0d26,95.6522%,4,88,92,0,0,4,88
0xa0edb8,99.9578%,4,9470,9474,0,0,4,9470
0x64cb19,99.9%,4,3996,4000,0,0,4,3996
0x77259f,92.3077%,4,48,52,0,0,4,48
0x598f0c,66.6667%,4,8,12,0,2,2,8
0x76d76e,92.3077%,4,48,52,48,2,2,0
0x63bf64,99.9615%,4,10396,10400,0,0,4,10396
0x60346e,75%,4,12,16,0,2,2,12
0x7625a9,33.3333%,4,2,6,0,0,4,2
0x618d83,99.9422%,4,6912,6916,0,0,4,6912
0x64c213,95%,4,76,80,0,0,4,76
0x76f6b9,71.4286%,4,10,14,9,4,0,1
0x76aa19,92.3077%,4,48,52,0,0,4,48
0x40320d,84.6154%,4,22,26,22,4,0,0
0x6529a6,99.9175%,4,4843,4847,4843,4,0,0
0x603253,81.8182%,4,18,22,0,0,4,18
0xa3a484,0%,4,0,4,0,3,1,0
0x64ed8c,99.3421%,4,604,608,604,4,0,0
0x7a9fa9,96%,4,96,100,0,0,4,96
0x687d02,92.3077%,4,48,52,0,0,4,48
0x402813,77.7778%,4,14,18,0,0,4,14
0x67a8b0,50%,4,4,8,4,4,0,0
0xa3a208,0%,4,0,4,0,1,3,0
0xa2b825,0%,4,0,4,0,4,0,0
0x618184,99.8988%,4,3948,3952,0,0,4,3948
0x64ddf3,99.9%,4,3996,4000,0,0,4,3996
0x64fb48,95%,4,76,80,0,0,4,76
0x75d99c,33.3333%,4,2,6,2,2,2,0
0x76bb8f,90.4762%,4,38,42,0,0,4,38
0x618f40,99.9422%,4,6912,6916,0,0,4,6912
0x644f48,92.3077%,4,48,52,0,0,4,48
0x89fbff,50%,4,4,8,0,0,4,4
0x6537b2,98.0769%,4,204,208,152,4,0,52
0x670083,98.0769%,4,204,208,0,0,4,204
0x669eb3,92.3077%,4,48,52,0,0,4,48
0x7e7f12,98.0769%,4,204,208,152,4,0,52
0x637e0a,98.4436%,4,253,257,0,0,4,253
0x6209d5,33.3333%,4,2,6,0,0,4,2
0x6037e5,90.9091%,4,40,44,40,4,0,0
0x63c502,50%,4,4,8,0,0,4,4
0x636d38,98.4436%,4,253,257,0,0,4,253
0x652541,99.9851%,4,26843,26847,0,0,4,26843
0x8c675a,99.2%,4,496,500,0,0,4,496
0x7aaccb,92.3077%,4,48,52,0,0,4,48
0x7d0636,92.3077%,4,48,52,48,2,2,0
0x64b9a5,50%,4,4,8,3,3,1,1
0x659a4c,99.8462%,4,2596,2600,0,0,4,2596
0x758a2b,96.1538%,4,100,104,48,4,0,52
0x4299cc,99%,4,396,400,207,3,1,189
0x774b09,92.3077%,4,48,52,48,4,0,0
0x66600c,50%,4,4,8,4,4,0,0
0x75d6c4,50%,4,4,8,4,2,2,0
0x644175,92.3077%,4,48,52,48,4,0,0
0x67ac7b,50%,4,4,8,4,2,2,0
0x5aca87,0%,4,0,4,0,0,4,0
0x8a0e25,50%,4,4,8,3,3,1,1
0x63fc79,50%,4,4,8,2,4,0,2
0x8c63be,96%,4,96,100,0,0,4,96
0x593d8e,50%,4,4,8,0,0,4,4
0x66b2d2,92.3077%,4,48,52,48,2,2,0
0x42a93e,89.4737%,4,34,38,34,4,0,0
0xa7a682,98.4436%,4,253,257,0,0,4,253
0x64db92,95%,4,76,80,0,0,4,76
0x66601b,50%,4,4,8,4,2,2,0
0x66aaf2,50%,4,4,8,4,2,2,0
0x6468ff,92.3077%,4,48,52,48,2,2,0
0x8c418e,96%,4,96,100,96,4,0,0
0x64b3a9,92.3077%,4,48,52,48,2,2,0
0xa22393,99.9835%,4,24210,24214,0,0,4,24210
0x7724fd,50%,4,4,8,0,4,0,4
0x76cb5a,90.9091%,4,40,44,0,0,4,40
0x7e74aa,33.3333%,4,2,6,0,4,0,2
0x7cd641,92.3077%,4,48,52,48,4,0,0
0x8bf900,92.3077%,4,48,52,0,0,4,48
0x6372ef,98.4436%,4,253,257,253,4,0,0
0x60879b,90.9091%,4,40,44,0,0,4,40
0xa3942e,99.9861%,4,28842,28846,28842,4,0,0
0x6215fc,66.6667%,4,8,12,0,4,0,8
0x5ef9c7,0%,4,0,4,0,2,2,0
0x766693,87.5%,4,28,32,0,0,4,28
0x5e9ae0,92.3077%,4,48,52,48,2,2,0
0x7aa370,92%,4,46,50,0,0,4,46
0x926d44,99%,4,396,400,396,4,0,0
0x89fe46,50%,4,4,8,0,0,4,4
0x5e97d8,92.5926%,4,50,54,50,2,2,0
0x653575,92.3077%,4,48,52,0,0,4,48
0x667ba3,92.3077%,4,48,52,0,0,4,48
0x7aa722,92.3077%,4,48,52,0,0,4,48
0x667b32,92.3077%,4,48,52,0,0,4,48
0x767ce2,0%,4,0,4,0,4,0,0
0x778d11,97.5%,4,156,160,156,4,0,0
0x6490c2,71.4286%,4,10,14,0,0,4,10
0x7b337c,92.3077%,4,48,52,0,0,4,48
0x65381c,92.3077%,4,48,52,0,0,4,48
0x5e68de,98%,4,196,200,148,2,2,48
0x621072,99.5951%,4,984,988,0,0,4,984
0x7e8467,92.3077%,4,48,52,48,2,2,0
0x643638,99.8462%,4,2596,2600,0,0,4,2596
0x5e66b0,92%,4,46,50,46,4,0,0
0x9ff0d6,98.8571%,4,346,350,346,4,0,0
0x8c4045,96%,4,96,100,96,4,0,0
0xa244f3,97.9695%,4,193,197,193,4,0,0
0x595460,99.359%,4,620,624,0,0,4,620
0x5f6c18,99.6101%,4,1022,1026,0,0,4,1022
0x6871fa,50%,4,4,8,2,4,0,2
0x76a183,92.3077%,4,48,52,0,0,4,48
0x66f672,50%,4,4,8,4,2,2,0
0x8c42da,99.8462%,4,2596,2600,0,0,4,2596
0x7621b8,90.9091%,4,40,44,0,0,4,40
0x63be44,99.9615%,4,10396,10400,0,0,4,10396
0x92c9e8,99.8462%,4,2596,2600,0,0,4,2596
0x653b0d,92.3077%,4,48,52,48,2,2,0
0x598847,91.6667%,4,44,48,0,0,4,44
0x8c3058,96%,4,96,100,0,0,4,96
0x593dec,98.0769%,4,204,208,0,0,4,204
0x8c479c,99.9692%,4,12996,13000,0,0,4,12996
0x5ea00e,50%,4,4,8,4,2,2,0
0x643e76,99.9615%,4,10396,10400,10396,4,0,0
0x67a54e,50%,4,4,8,4,2,2,0
0x5e6f56,92.5926%,4,50,54,0,0,4,50
0x7a9891,96%,4,96,100,0,0,4,96
0x95a9a7,92.3077%,4,48,52,0,0,4,48
0x95a542,92.3077%,4,48,52,48,2,2,0
0x63fa89,50%,4,4,8,4,2,2,0
0x641be8,92.3077%,4,48,52,0,0,4,48
0x7aa0f1,92.5926%,4,50,54,50,2,2,0
0x651388,95%,4,76,80,76,2,2,0
0x5958c5,90.4762%,4,38,42,38,4,0,0
0x762b8b,90.4762%,4,38,42,0,0,4,38
0x76b0a0,96.8254%,4,122,126,122,4,0,0
0xa3a212,0%,4,0,4,0,0,4,0
0x8c469a,99.8462%,4,2596,2600,0,0,4,2596
0x926a58,95.9184%,4,94,98,0,0,4,94
0x648bcd,50%,4,4,8,3,3,1,1
0x67aefd,50%,4,4,8,4,4,0,0
0x7b1773,92.3077%,4,48,52,48,2,2,0
0x6575cd,92.3077%,4,48,52,48,2,2,0
0x5e6f7b,92.5926%,4,50,54,0,0,4,50
0x7b3715,92.3077%,4,48,52,0,0,4,48
0x5e6fb6,92.5926%,4,50,54,0,0,4,50
0x4b9e0d,93.75%,4,60,64,0,0,4,60
0x66a1e2,50%,4,4,8,3,3,1,1
0x5ea161,92.3077%,4,48,52,48,4,0,0
0x429f58,96%,4,96,100,0,0,4,96
0x429815,99%,4,396,400,0,0,4,396
0x95a048,92.3077%,4,48,52,0,0,4,48
0x7616e3,90.9091%,4,40,44,0,0,4,40
0x760d61,90.9091%,4,40,44,40,2,2,0
0x76a528,96.1538%,4,100,104,49,3,1,51
0x8c5402,99.8462%,4,2596,2600,0,0,4,2596
0x64baa4,95%,4,76,80,76,2,2,0
0x62158f,66.6667%,4,8,12,0,0,4,8
0x5953be,99.359%,4,620,624,0,0,4,620
0x7666d8,87.5%,4,28,32,0,0,4,28
0x651253,95%,4,76,80,0,0,4,76
0x65a80c,87.5%,4,28,32,28,4,0,0
0x64def6,96%,4,96,100,0,0,4,96
0x636c5b,96.8254%,4,122,126,0,0,4,122
0x5ea02a,92.5926%,4,50,54,0,0,4,50
0x772b2f,92.3077%,4,48,52,0,0,4,48
0x5987c7,99.6795%,4,1244,1248,0,0,4,1244
0x5f41e6,0%,4,0,4,0,0,4,0
0x76696b,87.5%,4,28,32,0,0,4,28
0x92be10,96%,4,96,100,0,2,2,96
0x64199e,50%,4,4,8,4,2,2,0
0x65a3bd,71.4286%,4,10,14,10,2,2,0
0x757b53,92.5926%,4,50,54,0,0,4,50
0x76704e,87.5%,4,28,32,0,0,4,28
0xa783c4,99.8275%,4,2315,2319,0,0,4,2315
0x75d714,50%,4,4,8,3,3,1,1
0x7b0dbb,92.3077%,4,48,52,48,2,2,0
0x4aba64,75%,4,12,16,0,0,4,12
0x7b340c,92.3077%,4,48,52,0,0,4,48
0x66edf6,92.3077%,4,48,52,48,2,2,0
0x633f8e,50%,4,4,8,2,4,0,2
0x8c4357,99.8462%,4,2596,2600,2596,4,0,0
0x92610b,92.3077%,4,48,52,48,2,2,0
0x5ed176,92.3077%,4,48,52,0,0,4,48
0x92c3c5,99.8462%,4,2596,2600,0,0,4,2596
0x8c3c25,99.2%,4,496,500,0,0,4,496
0x652564,99.9851%,4,26843,26847,0,0,4,26843
0x6394a7,96%,4,96,100,0,0,4,96
0x64d1d6,99%,4,396,400,0,0,4,396
0x5e7152,91.6667%,4,44,48,44,2,2,0
0x5f752f,99.6101%,4,1022,1026,1022,4,0,0
0x76681b,87.5%,4,28,32,0,0,4,28
0x8c73ec,99.2%,4,496,500,496,2,2,0
0x65a94c,50%,4,4,8,4,4,0,0
0x644012,99.8462%,4,2596,2600,0,0,4,2596
0x6d8dc2,75%,4,12,16,0,0,4,12
0x649123,71.4286%,4,10,14,10,2,2,0
0x643973,92.3077%,4,48,52,48,2,2,0
0x5e6916,99.68%,4,1246,1250,0,0,4,1246
0x7731e3,92.3077%,4,48,52,0,0,4,48
0x65513d,99.9176%,3,3638,3641,0,0,3,3638
0xa23636,91.1765%,3,31,34,31,3,0,0
0x5e99db,94.2308%,3,49,52,49,3,0,0
0x64a7ad,97%,3,97,100,97,3,0,0
0x8beeda,98.5577%,3,205,208,205,3,0,0
0x755dfd,98.5577%,3,205,208,0,0,3,205
0x8beeab,98.5577%,3,205,208,205,3,0,0
0x5e977a,94.4444%,3,51,54,51,3,0,0
0x5e66a1,97%,3,97,100,48,2,1,49
0x8c0b98,97%,3,97,100,0,0,3,97
0x960f60,97.6%,3,122,125,0,0,3,122
0x7cddd0,94.2308%,3,49,52,49,1,2,0
0x6332a9,94.2308%,3,49,52,49,1,2,0
0x5f4481,86.3636%,3,19,22,18,0,3,1
0x929ac6,98.1132%,3,156,159,0,0,3,156
0x403f98,50%,3,3,6,0,0,3,3
0xa3a13e,25%,3,1,4,0,0,3,1
0x76506f,25%,3,1,4,1,1,2,0
0x7724af,62.5%,3,5,8,5,3,0,0
0x652a89,99.9381%,3,4844,4847,0,0,3,4844
0x8a4c0a,81.25%,3,13,16,12,0,3,1
0x67b3d4,62.5%,3,5,8,5,1,2,0
0x66f8d6,78.5714%,3,11,14,0,0,3,11
0x759815,94.2308%,3,49,52,0,0,3,49
0x67b238,62.5%,3,5,8,0,0,3,5
0x7cdd33,94.2308%,3,49,52,0,0,3,49
0x63ad05,62.5%,3,5,8,3,3,0,2
0x77286f,94.2308%,3,49,52,0,0,3,49
0x65ed39,99.9712%,3,10397,10400,7799,1,2,2598
0x66edbc,99.8846%,3,2597,2600,0,0,3,2597
0x5f0b23,99.9346%,3,4585,4588,0,0,3,4585
0x6491a7,78.5714%,3,11,14,0,0,3,11
0x6871c3,62.5%,3,5,8,5,3,0,0
0x64734f,94.2308%,3,49,52,0,0,3,49
0x5e8de3,91.4286%,3,32,35,32,3,0,0
0x66003a,94.2308%,3,49,52,49,1,2,0
0x762467,92.1053%,3,35,38,0,0,3,35
0x639431,97%,3,97,100,97,1,2,0
0x7d0587,94.2308%,3,49,52,0,0,3,49
0x5fce66,96.5909%,3,85,88,85,3,0,0
0x686fd9,25%,3,1,4,1,1,2,0
0x89fb76,62.5%,3,5,8,0,0,3,5
0x639f7a,62.5%,3,5,8,0,0,3,5
0x6d8dd9,81.25%,3,13,16,0,0,3,13
0x7e8173,94.2308%,3,49,52,0,0,3,49
0xa7a87b,98.8327%,3,254,257,254,3,0,0
0x618f48,99.9566%,3,6913,6916,6913,3,0,0
0x9f7cf1,99.8537%,3,2047,2050,0,0,3,2047
0x89fc99,62.5%,3,5,8,0,0,3,5
0x643e42,99.8846%,3,2597,2600,0,0,3,2597
0x64cf29,96.25%,3,77,80,77,1,2,0
0x648a2b,62.5%,3,5,8,4,2,1,1
0x7d0617,94.2308%,3,49,52,0,0,3,49
0x768233,97.1154%,3,101,104,0,0,3,101
0x632545,92.1053%,3,35,38,35,1,2,0
0x6537c0,94.2308%,3,49,52,49,1,2,0
0x63d8bb,98.5577%,3,205,208,0,0,3,205
0x7cd3d6,94.2308%,3,49,52,0,0,3,49
0x642b4a,94.2308%,3,49,52,49,3,0,0
0xa76907,99.9937%,3,47675,47678,0,0,3,47675
0x763464,94.2308%,3,49,52,49,1,2,0
0xa3a3a2,25%,3,1,4,0,0,3,1
0x5f3cfd,40%,3,2,5,0,0,3,2
0x634ab8,99.8846%,3,2597,2600,0,0,3,2597
0x5efca6,94%,3,47,50,0,0,3,47
0xa0f1fc,99.9718%,3,10622,10625,0,0,3,10622
0x67b37d,62.5%,3,5,8,5,3,0,0
0x92c7df,99.9423%,3,5197,5200,2597,3,0,2600
0x7aaa15,94.2308%,3,49,52,49,1,2,0
0x63c782,98.8327%,3,254,257,0,0,3,254
0x7a8f24,25%,3,1,4,0,0,3,1
0x643dd5,94.2308%,3,49,52,49,3,0,0
0x76713a,25%,3,1,4,0,2,1,1
0x6d921a,81.25%,3,13,16,0,0,3,13
0x404e5c,86.3636%,3,19,22,19,3,0,0
0x5e4ea9,75%,3,9,12,0,0,3,9
0xa7967e,98.8327%,3,254,257,0,0,3,254
0x5e4ecb,92.1053%,3,35,38,0,0,3,35
0x8a88fe,70%,3,7,10,0,0,3,7
0x687905,25%,3,1,4,1,1,2,0
0x8bfadf,62.5%,3,5,8,3,3,0,2
0x66752b,94.2308%,3,49,52,0,0,3,49
0x7634c6,93.1818%,3,41,44,0,0,3,41
0x665fb5,94.2308%,3,49,52,49,1,2,0
0x95a779,94.2308%,3,49,52,49,1,2,0
0x638820,98.8327%,3,254,257,0,0,3,254
0x63b026,78.5714%,3,11,14,11,1,2,0
0x7cc3a6,94.2308%,3,49,52,0,0,3,49
0x64ea96,90.625%,3,29,32,0,0,3,29
0x67b1fd,62.5%,3,5,8,5,3,0,0
0x9f7da5,62.5%,3,5,8,0,0,3,5
0x66b6bc,94.2308%,3,49,52,0,0,3,49
0x5da781,98.5577%,3,205,208,154,2,1,51
0x7b327c,94.2308%,3,49,52,0,0,3,49
0x6033e5,81.25%,3,13,16,13,3,0,0
0x7b2792,94.2308%,3,49,52,49,1,2,0
0x608469,83.3333%,3,15,18,0,0,3,15
0x6467cf,94.2308%,3,49,52,49,1,2,0
0x5e7b40,76.9231%,3,10,13,10,3,0,0
0x961438,98.1132%,3,156,159,0,0,3,156
0x7e80be,94.2308%,3,49,52,0,0,3,49
0x5e62f2,94%,3,47,50,0,0,3,47
0x5ed57f,94.2308%,3,49,52,49,3,0,0
0x5f7060,99.7076%,3,1023,1026,0,0,3,1023
0x6042ea,93.1818%,3,41,44,41,3,0,0
0xa3a052,25%,3,1,4,0,0,3,1
0x5f23cf,94.4444%,3,51,54,51,1,2,0
0x77319d,94.2308%,3,49,52,49,1,2,0
0x67b538,62.5%,3,5,8,0,0,3,5
0x76fc9f,94.2308%,3,49,52,49,1,2,0
0x9fa90b,98.4293%,3,188,191,188,3,0,0
0xa39f96,25%,3,1,4,0,0,3,1
0x6661a3,94.4444%,3,51,54,0,0,3,51
0x65991c,94.2308%,3,49,52,0,0,3,49
0x66e512,62.5%,3,5,8,5,1,2,0
0x5e7e5d,76.9231%,3,10,13,0,0,3,10
0x6401c9,62.5%,3,5,8,4,2,1,1
0x652582,99.9888%,3,26844,26847,0,0,3,26844
0x75f5fe,50%,3,3,6,1,3,0,2
0x76f24b,57.1429%,3,4,7,1,0,3,3
0xa22cd8,91.1765%,3,31,34,0,0,3,31
0x949f8a,62.5%,3,5,8,5,3,0,0
0x63a472,62.5%,3,5,8,5,1,2,0
0x657d44,94.2308%,3,49,52,49,1,2,0
0x92a601,96.7033%,3,88,91,88,3,0,0
0x7cba7a,94.2308%,3,49,52,49,3,0,0
0x66b392,94.2308%,3,49,52,49,1,2,0
0x75fbe2,94.2308%,3,49,52,49,3,0,0
0x7616b1,50%,3,3,6,1,3,0,2
0x5eff33,99.2611%,3,403,406,0,0,3,403
0xa39ec2,25%,3,1,4,0,0,3,1
0x7b3472,98.5577%,3,205,208,154,2,1,51
0x7cc366,94.2308%,3,49,52,0,0,3,49
0x5e7291,62.5%,3,5,8,5,3,0,0
0x9e097b,99.6%,3,747,750,0,0,3,747
0x75d8d6,93.1818%,3,41,44,0,0,3,41
0x9f98c3,99.8531%,3,2039,2042,0,0,3,2039
0x63bd6c,62.5%,3,5,8,0,0,3,5
0x64fb25,96.25%,3,77,80,77,1,2,0
0x9e1b18,62.5%,3,5,8,5,1,2,0
0xa43d7f,99.9718%,3,10622,10625,10622,3,0,0
0x5f005e,99.2611%,3,403,406,0,0,3,403
0x8a4bb9,81.25%,3,13,16,0,0,3,13
0x65c853,98.5577%,3,205,208,0,0,3,205
0x5f3e32,25%,3,1,4,1,0,3,0
0x75f976,83.3333%,3,15,18,15,1,2,0
0x652c18,99.9381%,3,4844,4847,4844,3,0,0
0x5efdcc,94%,3,47,50,0,0,3,47
0x6597bc,94.2308%,3,49,52,0,0,3,49
0x5f019b,94%,3,47,50,0,0,3,47
0xa2e8d5,99.992%,3,37686,37689,0,0,3,37686
0x7bd288,70%,3,7,10,0,0,3,7
0x5f7430,99.7076%,3,1023,1026,0,0,3,1023
0x9e0cf0,91.1765%,3,31,34,28,2,1,3
0x5f7387,96.0526%,3,73,76,73,3,0,0
0xa2425a,99.4059%,3,502,505,254,1,2,248
0x9e15ae,96.875%,3,93,96,0,0,3,93
0x8c1514,98.8327%,3,254,257,0,0,3,254
0x616c99,92.1053%,3,35,38,35,1,2,0
0x686a8b,94.2308%,3,49,52,49,1,2,0
0x8c4c51,99.8846%,3,2597,2600,2597,3,0,0
0x7bcfa0,98.8462%,3,257,260,257,3,0,0
0x64d3f3,62.5%,3,5,8,0,0,3,5
0x604702,93.1818%,3,41,44,41,3,0,0
0x7693db,97.1154%,3,101,104,101,3,0,0
0x75c48e,98.2955%,3,173,176,167,1,2,6
0x63cf42,97.9021%,3,140,143,0,0,3,140
0x766d76,90.625%,3,29,32,0,0,3,29
0xa7a6cc,98.8327%,3,254,257,254,3,0,0
0x5e8ef3,76.9231%,3,10,13,2,3,0,8
0x63ae2d,75%,3,9,12,0,0,3,9
0x65b0ac,62.5%,3,5,8,5,1,2,0
0xa38be2,50%,3,3,6,3,3,0,0
0x6da31c,25%,3,1,4,0,0,3,1
0xa77e4e,99.6491%,3,852,855,0,0,3,852
0x8c0167,62.5%,3,5,8,5,1,2,0
0x429ecc,97.2727%,3,107,110,0,0,3,107
0x644285,94.2308%,3,49,52,49,1,2,0
0x631837,94.2308%,3,49,52,0,0,3,49
0x66b53c,94.2308%,3,49,52,0,0,3,49
0x76bbf1,92.8571%,3,39,42,0,0,3,39
0xa39803,57.1429%,3,4,7,4,3,0,0
0x67a915,62.5%,3,5,8,4,2,1,1
0x4031e3,88.4615%,3,23,26,23,3,0,0
0xa38bd6,50%,3,3,6,2,1,2,1
0x64b05c,94.2308%,3,49,52,0,0,3,49
0x639e28,62.5%,3,5,8,4,2,1,1
0xa38b76,92.5%,3,37,40,0,0,3,37
0x647658,97%,3,97,100,0,0,3,97
0x590a81,62.5%,3,5,8,0,0,3,5
0x8c4915,99.4%,3,497,500,0,0,3,497
0x778f03,98.5577%,3,205,208,0,0,3,205
0x659474,94.2308%,3,49,52,49,1,2,0
0x6434a2,99.8846%,3,2597,2600,0,0,3,2597
0x64d5b3,62.5%,3,5,8,5,1,2,0
0x7632fb,92.8571%,3,39,42,0,0,3,39
0x634ae9,94.2308%,3,49,52,49,1,2,0
0x927f11,98.5577%,3,205,208,205,3,0,0
0x5f60f9,96.0526%,3,73,76,0,0,3,73
0x637238,98.8327%,3,254,257,0,0,3,254
0x8a4bf0,81.25%,3,13,16,0,0,3,13
0xa79047,99.7778%,3,1347,1350,0,0,3,1347
0x640489,62.5%,3,5,8,4,2,1,1
0xa0f52a,91.1765%,3,31,34,0,0,3,31
0x634378,99.8846%,3,2597,2600,0,0,3,2597
0x7cd8bc,94.2308%,3,49,52,49,1,2,0
0x5e7028,94.4444%,3,51,54,51,1,2,0
0x634a58,99.8846%,3,2597,2600,0,0,3,2597
0x67a085,62.5%,3,5,8,5,1,2,0
0x65b6a3,94.2308%,3,49,52,0,0,3,49
0x9f8cc5,98.8327%,3,254,257,0,0,3,254
0x8c6852,97%,3,97,100,0,0,3,97
0x8c4e13,97%,3,97,100,0,0,3,97
0x9f7dbf,62.5%,3,5,8,5,3,0,0
0x645a53,94.2308%,3,49,52,49,3,0,0
0x616951,94.2308%,3,49,52,49,3,0,0
0x949cc9,62.5%,3,5,8,4,2,1,1
0x76d86a,93.1818%,3,41,44,0,0,3,41
0x778c39,62.5%,3,5,8,0,0,3,5
0x606113,25%,3,1,4,1,3,0,0
0x614c6d,99.9566%,3,6913,6916,0,0,3,6913
0x65986c,94.2308%,3,49,52,0,0,3,49
0x639af6,62.5%,3,5,8,5,1,2,0
0x67b268,62.5%,3,5,8,0,0,3,5
0x5e7814,76.9231%,3,10,13,10,3,0,0
0x5acaf2,25%,3,1,4,1,3,0,0
0xa39eb8,25%,3,1,4,1,0,3,0
0x66e153,62.5%,3,5,8,5,1,2,0
0x64c6fa,99.925%,3,3997,4000,0,0,3,3997
0x96172f,98.1132%,3,156,159,0,0,3,156
0x640719,62.5%,3,5,8,3,3,0,2
0x92c1c5,94.2308%,3,49,52,0,0,3,49
0x767a26,25%,3,1,4,0,0,3,1
0x429f78,97%,3,97,100,0,0,3,97
0x644d83,94.2308%,3,49,52,0,0,3,49
0xa76a6b,99.9087%,3,3283,3286,0,0,3,3283
0x67ad1e,62.5%,3,5,8,5,3,0,0
0x7e8193,94.2308%,3,49,52,0,0,3,49
0x65136e,25%,3,1,4,0,0,3,1
0x667200,94.2308%,3,49,52,0,0,3,49
0x92a286,98.1132%,3,156,159,0,0,3,156
0x64df65,97%,3,97,100,97,1,2,0
0x9f7d04,99.8531%,3,2039,2042,0,0,3,2039
0x778dd3,90.625%,3,29,32,29,3,0,0
0x7cc6be,94.2308%,3,49,52,49,3,0,0
0x9274e3,94%,3,47,50,0,0,3,47
0x76dfe3,92.8571%,3,39,42,39,1,2,0
0x778fb1,98.5577%,3,205,208,205,3,0,0
0x64e1f1,99.4%,3,497,500,0,0,3,497
0x5f4219,25%,3,1,4,0,0,3,1
0x64e4a4,70%,3,7,10,7,1,2,0
0x7d0813,94.2308%,3,49,52,49,1,2,0
0x63130d,94.2308%,3,49,52,49,1,2,0
0x926ac6,62.5%,3,5,8,0,0,3,5
0x67af7b,62.5%,3,5,8,4,2,1,1
0x636c2c,98.8327%,3,254,257,0,0,3,254
0x614bc6,99.9566%,3,6913,6916,6913,3,0,0
0x643582,99.8846%,3,2597,2600,0,0,3,2597
0x65922c,94.2308%,3,49,52,0,0,3,49
0x7b0d61,94.2308%,3,49,52,49,3,0,0
0x66745b,94.2308%,3,49,52,0,0,3,49
0x659300,94.2308%,3,49,52,49,1,2,0
0x59597c,92.8571%,3,39,42,39,3,0,0
0x7b0ea5,94.2308%,3,49,52,0,0,3,49
0x64fc54,94.2308%,3,49,52,49,1,2,0
0x66a492,94.2308%,3,49,52,49,1,2,0
0x7b281d,94.2308%,3,49,52,49,1,2,0
0x757ba6,94.4444%,3,51,54,51,1,2,0
0x76601e,96.875%,3,93,96,0,0,3,93
0x645be3,99.8846%,3,2597,2600,0,0,3,2597
0x7b0e1d,94.2308%,3,49,52,49,1,2,0
0x75d6f8,62.5%,3,5,8,5,3,0,0
0x7b3ffb,98.5577%,3,205,208,153,3,0,52
0x644355,94.2308%,3,49,52,49,3,0,0
0x645c7b,94.2308%,3,49,52,0,0,3,49
0x7cdfc6,94.2308%,3,49,52,0,0,3,49
0x92bd1c,99.25%,3,397,400,299,1,2,98
0x766d9a,90.625%,3,29,32,0,0,3,29
0x66730b,94.2308%,3,49,52,0,0,3,49
0x92bdb0,98.5%,3,197,200,97,3,0,100
0x66723f,94.2308%,3,49,52,49,1,2,0
0x8c6143,99.9769%,3,12997,13000,12997,3,0,0
0x64d26f,99.25%,3,397,400,0,0,3,397
0xa79665,98.8327%,3,254,257,0,0,3,254
0x8c33e9,97%,3,97,100,0,0,3,97
0x64d3a1,62.5%,3,5,8,5,1,2,0
0x666053,94.2308%,3,49,52,0,0,3,49
0x648c17,62.5%,3,5,8,3,3,0,2
0x757c36,94.2308%,3,49,52,49,1,2,0
0x6407b9,62.5%,3,5,8,3,3,0,2
0x633f6e,62.5%,3,5,8,4,2,1,1
0x66b5fc,94.2308%,3,49,52,0,0,3,49
0x67a5ae,62.5%,3,5,8,4,2,1,1
0x63acab,62.5%,3,5,8,4,2,1,1
0x8c0712,97%,3,97,100,0,0,3,97
0x64555a,94.2308%,3,49,52,49,1,2,0
0x8c4fc3,99.8846%,3,2597,2600,0,0,3,2597
0x766eee,90.625%,3,29,32,28,0,3,1
0x8c4140,97%,3,97,100,0,0,3,97
0x7732f3,94.2308%,3,49,52,0,0,3,49
0x76ad6d,94.2308%,3,49,52,49,1,2,0
0x761702,97.7273%,3,129,132,0,0,3,129
0x9f8108,98.4293%,3,188,191,0,0,3,188
0x42a4e9,81.25%,3,13,16,13,3,0,0
0x9f80f7,98.4293%,3,188,191,0,0,3,188
0x769cb3,94.2308%,3,49,52,0,0,3,49
0x5e78f3,75%,3,9,12,1,2,1,8
0x645836,94.2308%,3,49,52,49,1,2,0
0x8c6644,99.97%,3,9997,10000,0,0,3,9997
0x75d674,62.5%,3,5,8,4,2,1,1
0x63c03e,95.3125%,3,61,64,0,0,3,61
0x60854d,99.8397%,3,1869,1872,0,0,3,1869
0x5f404b,40%,3,2,5,0,1,2,2
0x648acf,62.5%,3,5,8,4,2,1,1
0x7e7faf,94.2308%,3,49,52,0,0,3,49
0x9e0cdb,91.1765%,3,31,34,0,0,3,31
0x66e5fc,96.25%,3,77,80,0,0,3,77
0x6312ec,94.2308%,3,49,52,0,0,3,49
0x8a88e5,98.2353%,3,167,170,167,1,2,0
0x6d92b2,81.25%,3,13,16,0,0,3,13
0x64b831,99.25%,3,397,400,397,3,0,0
0x5958ff,92.8571%,3,39,42,39,3,0,0
0x643c85,99.9712%,3,10397,10400,10397,3,0,0
0x9f8cce,98.8506%,3,258,261,0,0,3,258
0x961350,98.1132%,3,156,159,0,0,3,156
0x404954,50%,3,3,6,3,3,0,0
0x77314e,94.2308%,3,49,52,49,3,0,0
0x766fe7,90.625%,3,29,32,0,0,3,29
0x66fb57,62.5%,3,5,8,0,0,3,5
0x66b562,94.2308%,3,49,52,49,1,2,0
0x9f98f2,99.8531%,3,2039,2042,0,0,3,2039
0x648ec4,78.5714%,3,11,14,0,0,3,11
0xa43c66,99.9718%,3,10622,10625,0,0,3,10622
0x65965c,94.2308%,3,49,52,0,0,3,49
0x9fa965,99.9788%,3,14153,14156,14153,3,0,0
0x6da46c,62.5%,3,5,8,0,0,3,5
0x766ab3,25%,3,1,4,0,0,3,1
0x7cc056,94.2308%,3,49,52,0,0,3,49
0x75ce78,85%,3,17,20,0,0,3,17
0x65c39e,94.2308%,3,49,52,49,1,2,0
0x9fa897,98.4293%,3,188,191,188,3,0,0
0x648e1f,94.6429%,3,53,56,39,3,0,14
0x645513,94.2308%,3,49,52,0,0,3,49
0x75959a,98.5577%,3,205,208,205,2,1,0
0x65b678,94.2308%,3,49,52,49,1,2,0
0x7ccdd5,50%,3,3,6,2,2,1,1
0x5e72a8,62.5%,3,5,8,3,3,0,2
0x7a9e33,97%,3,97,100,0,0,3,97
0x66acc2,62.5%,3,5,8,3,3,0,2
0x75d624,62.5%,3,5,8,4,2,1,1
0x643aef,94.2308%,3,49,52,49,1,2,0
0x960b6b,98.1132%,3,156,159,0,0,3,156
0x64f106,90.625%,3,29,32,0,0,3,29
0x65ae31,62.5%,3,5,8,3,3,0,2
0x7bdb5f,92.5%,3,37,40,29,1,2,8
0x76776a,94.2308%,3,49,52,49,1,2,0
0x669c9b,94.2308%,3,49,52,49,1,2,0
0x774afe,94.2308%,3,49,52,0,0,3,49
0x8bef44,98.5577%,3,205,208,205,3,0,0
0x64eef3,98.5577%,3,205,208,0,0,3,205
0x75af86,99.594%,3,736,739,736,3,0,0
0x7aae15,94.2308%,3,49,52,0,0,3,49
0x5f3a76,90%,3,27,30,27,1,2,0
0x650060,99.75%,3,1197,1200,0,0,3,1197
0x648f36,78.5714%,3,11,14,11,1,2,0
0x9fefc6,78.5714%,3,11,14,0,0,3,11
0x75d478,70%,3,7,10,0,0,3,7
0x76157b,93.1818%,3,41,44,0,0,3,41
0x64bd53,96.25%,3,77,80,0,0,3,77
0x65a7f9,62.5%,3,5,8,0,0,3,5
0x618067,99.9241%,3,3949,3952,3949,3,0,0
0x8c33ad,97%,3,97,100,0,0,3,97
0x64357b,94.2308%,3,49,52,0,0,3,49
0x64fa60,96.25%,3,77,80,0,0,3,77
0x65adac,62.5%,3,5,8,5,3,0,0
0x64c390,62.5%,3,5,8,0,0,3,5
0x76d723,94.2308%,3,49,52,0,0,3,49
0x64fc2c,94.2308%,3,49,52,0,0,3,49
0x76abdf,94.2308%,3,49,52,0,0,3,49
0x8c61ca,99.9769%,3,12997,13000,0,0,3,12997
0x621103,62.5%,3,5,8,0,0,3,5
0x64aa42,99.25%,3,397,400,297,3,0,100
0xa77fa8,99.9788%,3,14135,14138,0,0,3,14135
0x761343,50%,3,3,6,3,3,0,0
0x7596a1,94.2308%,3,49,52,0,0,3,49
0x926575,62.5%,3,5,8,5,3,0,0
0x67b385,62.5%,3,5,8,4,2,1,1
0x66b12c,94.2308%,3,49,52,0,0,3,49
0x76d746,94.2308%,3,49,52,49,1,2,0
0x7621dd,93.1818%,3,41,44,0,0,3,41
0x66f492,62.5%,3,5,8,3,3,0,2
0x762ee2,90.625%,3,29,32,0,0,3,29
0x66b082,98.5577%,3,205,208,154,2,1,51
0x67b854,62.5%,3,5,8,5,1,2,0
0x76ecda,57.1429%,3,4,7,4,3,0,0
0x6d8e4b,81.25%,3,13,16,0,0,3,13
0x75f137,93.1818%,3,41,44,41,3,0,0
0xa0ee56,99.9954%,3,65753,65756,0,0,3,65753
0x63d774,98.5577%,3,205,208,0,0,3,205
0x7a9fd2,97%,3,97,100,0,0,3,97
0x67b838,62.5%,3,5,8,0,0,3,5
0x76f9c4,57.1429%,3,4,7,1,0,3,3
0x757bb3,94.2308%,3,49,52,0,0,3,49
0x6592dc,94.2308%,3,49,52,0,0,3,49
0x64c3ce,62.5%,3,5,8,5,1,2,0
0x4b9bf8,75%,3,9,12,9,3,0,0
0x65db38,99.8846%,3,2597,2600,0,0,3,2597
0x6f4c3f,94.2308%,3,49,52,0,0,3,49
0x6412c9,62.5%,3,5,8,4,2,1,1
0x8c07a2,98.5%,3,197,200,0,0,3,197
0x65b5f8,94.2308%,3,49,52,49,1,2,0
0x5eca62,94.2308%,3,49,52,0,0,3,49
0x778155,98.5577%,3,205,208,197,3,0,8
0x4030de,88.4615%,3,23,26,23,3,0,0
0x67ad7d,62.5%,3,5,8,5,3,0,0
0x637d34,98.8327%,3,254,257,0,0,3,254
0x64c7f3,96.25%,3,77,80,0,0,3,77
0x7a8c55,97.1154%,3,101,104,0,0,3,101
0x632dc7,99.9872%,3,23397,23400,0,0,3,23397
0x64c843,96.25%,3,77,80,0,0,3,77
0x75d658,62.5%,3,5,8,5,3,0,0
0x66a88c,94.2308%,3,49,52,0,0,3,49
0x9293f0,97.1429%,3,102,105,0,0,3,102
0x64e646,62.5%,3,5,8,5,1,2,0
0x64c960,62.5%,3,5,8,0,0,3,5
0x63cfeb,62.5%,3,5,8,0,0,3,5
0x7b161f,94.2308%,3,49,52,0,0,3,49
0x7cd5d3,94.2308%,3,49,52,0,0,3,49
0x76873a,75%,3,9,12,9,3,0,0
0x8c5c92,99.88%,3,2497,2500,0,0,3,2497
0x64a806,97%,3,97,100,97,3,0,0
0x640dc9,62.5%,3,5,8,5,1,2,0
0x5f7520,99.7076%,3,1023,1026,0,0,3,1023
0x7691df,75%,3,9,12,0,0,3,9
0x758928,98.5577%,3,205,208,0,0,3,205
0x650464,94.2308%,3,49,52,49,1,2,0
0x4023a2,86.3636%,3,19,22,19,3,0,0
0x7afcc1,94.2308%,3,49,52,0,0,3,49
0x64c683,99.925%,3,3997,4000,0,0,3,3997
0x402290,85%,3,17,20,17,3,0,0
0x8c1535,97%,3,97,100,0,0,3,97
0x7afdd0,94.2308%,3,49,52,49,3,0,0
0x6373f0,99.3827%,3,483,486,483,3,0,0
0x8c5b33,99.25%,3,397,400,300,0,3,97
0x6473bf,94.2308%,3,49,52,49,1,2,0
0x9f7e72,62.5%,3,5,8,5,3,0,0
0x66aa82,62.5%,3,5,8,5,1,2,0
0x926317,62.5%,3,5,8,4,2,1,1
0x599157,90.625%,3,29,32,29,3,0,0
0x640029,62.5%,3,5,8,4,2,1,1
0x8c60db,99.9769%,3,12997,13000,0,0,3,12997
0x5f419b,40%,3,2,5,0,1,2,2
0x64c268,96.25%,3,77,80,77,1,2,0
0x63bdad,98.5577%,3,205,208,0,0,3,205
0x768dff,90.625%,3,29,32,0,0,3,29
0x64c303,99.25%,3,397,400,0,0,3,397
0x42ae8d,87.5%,3,21,24,13,3,0,8
0x64aa02,99.25%,3,397,400,298,2,1,99
0x757a63,94.2308%,3,49,52,0,0,3,49
0x7615be,93.1818%,3,41,44,41,1,2,0
0x5ea098,94.4444%,3,51,54,50,2,1,1
0x646029,94.2308%,3,49,52,49,1,2,0
0x64ddde,97%,3,97,100,0,0,3,97
0x7bd1dc,98.8462%,3,257,260,257,3,0,0
0x6313a8,94.2308%,3,49,52,0,0,3,49
0x76f60f,78.5714%,3,11,14,10,3,0,1
0x603cc6,93.1818%,3,41,44,41,3,0,0
0x9fb69e,98.8417%,3,256,259,256,3,0,0
0x7733c5,94.2308%,3,49,52,0,0,3,49
0x5ed53c,94.2308%,3,49,52,0,0,3,49
0xa7a6b0,98.8327%,3,254,257,254,3,0,0
0x7cdea7,94.2308%,3,49,52,0,0,3,49
0x8c440f,97%,3,97,100,0,0,3,97
0x63a8f0,62.5%,3,5,8,3,3,0,2
0x634a1d,94.2308%,3,49,52,49,1,2,0
0x63133f,98.5577%,3,205,208,155,1,2,50
0x635c9d,97%,3,97,100,97,1,2,0
0x7aa17d,94.2308%,3,49,52,49,1,2,0
0x756c16,94.2308%,3,49,52,0,0,3,49
0x5ea392,76.9231%,3,10,13,10,1,2,0
0x8c5f5a,99.8846%,3,2597,2600,0,0,3,2597
0x6386d6,98.8327%,3,254,257,0,0,3,254
0x9284d3,99.9381%,3,4844,4847,4844,3,0,0
0x7afb83,94.2308%,3,49,52,0,0,3,49
0x60902a,94.8276%,3,55,58,0,0,3,55
0xa76abd,99.9473%,3,5692,5695,0,0,3,5692
0x7e737c,94.2308%,3,49,52,49,1,2,0
0x76e6aa,57.1429%,3,4,7,4,2,1,0
0x774c19,94.2308%,3,49,52,49,3,0,0
0x756ba9,94.2308%,3,49,52,49,1,2,0
0x63ab8a,62.5%,3,5,8,4,2,1,1
0x67b3e8,62.5%,3,5,8,0,0,3,5
0x63ff49,62.5%,3,5,8,4,2,1,1
0x8c5dd6,99.97%,3,9997,10000,0,0,3,9997
0x658651,96.7033%,3,88,91,88,1,2,0
0x7ce0f1,94.2308%,3,49,52,49,3,0,0
0x666902,94.4444%,3,51,54,51,1,2,0
0x645cd5,94.2308%,3,49,52,49,1,2,0
0x5ed5e2,94.2308%,3,49,52,49,1,2,0
0xa31e0f,99.9718%,3,10622,10625,0,0,3,10622
0x6405c9,62.5%,3,5,8,3,3,0,2
0x404b86,78.5714%,3,11,14,0,0,3,11
0x92990d,98.1132%,3,156,159,0,0,3,156
0x76b8a3,93.1818%,3,41,44,0,0,3,41
0x66a2fc,94.2308%,3,49,52,0,0,3,49
0x631424,94.2308%,3,49,52,0,0,3,49
0x661c10,62.5%,3,5,8,4,2,1,1
0x7e7789,50%,3,3,6,2,2,1,1
0x64659f,94.2308%,3,49,52,0,0,3,49
0x773318,94.2308%,3,49,52,49,1,2,0
0x67ad44,62.5%,3,5,8,5,1,2,0
0x92b2b3,94.2308%,3,49,52,49,1,2,0
0x6663b4,94.2308%,3,49,52,49,1,2,0
0x63aa65,62.5%,3,5,8,5,1,2,0
0x596e8a,98.1481%,3,159,162,0,0,3,159
0x65e464,99.9712%,3,10397,10400,10397,3,0,0
0x659b7c,99.8846%,3,2597,2600,0,0,3,2597
0x636d9f,98.8327%,3,254,257,0,0,3,254
0x6d8855,75%,3,9,12,0,0,3,9
0x5f23e3,94.4444%,3,51,54,0,0,3,51
0x65642f,97.6%,3,122,125,0,0,3,122
0x593c67,62.5%,3,5,8,0,0,3,5
0x63c977,98.8327%,3,254,257,0,0,3,254
0x65e830,97%,3,97,100,0,0,3,97
0x774962,94.2308%,3,49,52,49,1,2,0
0x6039ad,93.1818%,3,41,44,33,3,0,8
0x64ee13,90.625%,3,29,32,21,3,0,8
0x67a5fc,62.5%,3,5,8,5,3,0,0
0xa308c3,99.9597%,3,7433,7436,7433,3,0,0
0xa76e1a,99.9859%,3,21273,21276,0,0,3,21273
0x6500ad,96.25%,3,77,80,77,1,2,0
0x632d3b,99.359%,3,465,468,0,0,3,465
0x5e96fd,94.4444%,3,51,54,0,0,3,51
0x67a254,62.5%,3,5,8,5,1,2,0
0x65eaa8,99.8846%,3,2597,2600,0,0,3,2597
0x8c68f1,97%,3,97,100,0,0,3,97
0x602fbb,86.3636%,3,19,22,0,0,3,19
0x7cc041,94.2308%,3,49,52,0,0,3,49
0x76c7cc,93.1818%,3,41,44,0,0,3,41
0x8c3a66,99.9%,3,2997,3000,0,0,3,2997
0x5f3584,99.0132%,3,301,304,301,3,0,0
0x772681,62.5%,3,5,8,4,2,1,1
0x646f0f,94.2308%,3,49,52,49,1,2,0
0x5f36bf,83.3333%,3,15,18,0,0,3,15
0x5f1465,92.1053%,3,35,38,0,0,3,35
0x761f54,50%,3,3,6,0,0,3,3
0x63436e,94.2308%,3,49,52,0,0,3,49
0x646bb5,99.8846%,3,2597,2600,0,0,3,2597
0x7e72ec,94.2308%,3,49,52,0,0,3,49
0x89fbc3,62.5%,3,5,8,0,0,3,5
0x5f4490,25%,3,1,4,1,3,0,0
0x64fae0,96.25%,3,77,80,0,0,3,77
0x65914c,94.2308%,3,49,52,0,0,3,49
0x6400f9,62.5%,3,5,8,4,2,1,1
0x8bf1c4,97%,3,97,100,0,0,3,97
0x640ae5,62.5%,3,5,8,4,2,1,1
0x6462c8,99.8846%,3,2597,2600,0,0,3,2597
0x7b13f7,94.2308%,3,49,52,0,0,3,49
0x63a4c9,62.5%,3,5,8,0,0,3,5
0x5f4182,25%,3,1,4,0,0,3,1
0x8c50ef,97%,3,97,100,0,0,3,97
0x67b0e8,62.5%,3,5,8,0,0,3,5
0x65e1d8,97%,3,97,100,0,0,3,97
0x7b27d3,94.2308%,3,49,52,0,0,3,49
0x9e1618,62.5%,3,5,8,0,0,3,5
0x7cca1f,50%,3,3,6,0,2,1,3
0xa77e69,99.6491%,3,852,855,852,3,0,0
0x65248d,99.9634%,3,8200,8203,0,0,3,8200
0x67aa85,62.5%,3,5,8,5,1,2,0
0x6311d7,94.2308%,3,49,52,0,0,3,49
0x686b03,94.2308%,3,49,52,0,0,3,49
0x65e47d,99.9712%,3,10397,10400,7798,2,1,2599
0x9f5dda,88.4615%,3,23,26,0,0,3,23
0x76ebaf,57.1429%,3,4,7,1,3,0,3
0x5f12c5,94.4444%,3,51,54,0,0,3,51
0x7bd113,98.8462%,3,257,260,0,0,3,257
0x92a5b1,96.7033%,3,88,91,0,0,3,88
0x656327,99.9778%,3,13512,13515,0,0,3,13512
0x7613d5,85.7143%,3,18,21,1,1,2,17
0x64cf73,96.25%,3,77,80,0,0,3,77
0x65ac73,78.5714%,3,11,14,0,0,3,11
0x67a1a8,62.5%,3,5,8,0,0,3,5
0x67aec4,62.5%,3,5,8,5,1,2,0
0x7579d3,94.2308%,3,49,52,0,0,3,49
0x7625f5,75%,3,9,12,0,0,3,9
0x631767,99.359%,3,465,468,0,0,3,465
0x5958a1,92.8571%,3,39,42,39,3,0,0
0x7a9d8f,97.1154%,3,101,104,0,0,3,101
0x76bc92,50%,3,3,6,2,2,1,1
0x593d6c,62.5%,3,5,8,0,0,3,5
0x8c460a,99.8846%,3,2597,2600,0,0,3,2597
0x67b07d,62.5%,3,5,8,5,3,0,0
0x63b241,96.4286%,3,81,84,0,0,3,81
0x757a33,94.2308%,3,49,52,0,0,3,49
0x7b3482,94.2308%,3,49,52,49,1,2,0
0x65c95d,99.921%,3,3794,3797,0,0,3,3794
0x7ce455,94.2308%,3,49,52,49,1,2,0
0xa820b4,93.4783%,3,43,46,0,0,3,43
0x404ab0,86.3636%,3,19,22,19,3,0,0
0x7ce1c3,94.2308%,3,49,52,0,0,3,49
0x7aa3d8,94%,3,47,50,0,0,3,47
0x76ea03,57.1429%,3,4,7,0,1,2,4
0x64b8f6,99.25%,3,397,400,134,3,0,263
0x590b1b,62.5%,3,5,8,0,0,3,5
0x76ebcb,57.1429%,3,4,7,0,0,3,4
0x669e02,94.2308%,3,49,52,49,1,2,0
0x67b79e,62.5%,3,5,8,5,3,0,0
0x59851d,97.1154%,3,101,104,0,0,3,101
0x666b01,62.5%,3,5,8,0,0,3,5
0x76920c,75%,3,9,12,0,0,3,9
0x96115f,98.1132%,3,156,159,0,0,3,156
0x6233b2,70%,3,7,10,0,0,3,7
0x5938bd,90.625%,3,29,32,0,0,3,29
0x8c0628,97%,3,97,100,0,0,3,97
0x5f1124,94.4444%,3,51,54,0,0,3,51
0x65ae8c,62.5%,3,5,8,5,3,0,0
0x76afb5,93.1818%,3,41,44,0,0,3,41
0x765d5f,96.875%,3,93,96,0,0,3,93
0x9e152b,96.875%,3,93,96,0,0,3,93
0x959e52,94.2308%,3,49,52,0,0,3,49
0x8a87f1,70%,3,7,10,6,2,1,1
0x68873c,94.2308%,3,49,52,49,1,2,0
0x666afc,62.5%,3,5,8,0,0,3,5
0x5f0615,25%,3,1,4,0,2,1,1
0x5f106f,94.4444%,3,51,54,0,0,3,51
0x5f42cf,80%,3,12,15,0,0,3,12
0x7d05a5,94.2308%,3,49,52,49,1,2,0
0x7aad6e,94.4444%,3,51,54,51,1,2,0
0x65bedc,94.2308%,3,49,52,0,0,3,49
0x6410a9,62.5%,3,5,8,3,3,0,2
0x5f23b3,94.4444%,3,51,54,0,0,3,51
0x7e8442,94.2308%,3,49,52,0,0,3,49
0xa31b96,99.9889%,3,27027,27030,0,0,3,27027
0x7aa132,94.2308%,3,49,52,0,0,3,49
0x7656cd,25%,3,1,4,0,0,3,1
0x76ad30,94.2308%,3,49,52,0,0,3,49
0x76ee7c,57.1429%,3,4,7,3,2,1,1
0x636157,98.6607%,3,221,224,0,0,3,221
0x76f323,75%,3,9,12,0,0,3,9
0x7cb9e2,94.2308%,3,49,52,0,0,3,49
0x63ae53,75%,3,9,12,0,0,3,9
0x9ff013,99.794%,3,1453,1456,0,0,3,1453
0x640859,62.5%,3,5,8,3,3,0,2
0x593b4e,62.5%,3,5,8,0,0,3,5
0x67b7fd,62.5%,3,5,8,5,3,0,0
0x5ea3ef,76.9231%,3,10,13,0,1,2,10
0x7bd097,70%,3,7,10,0,0,3,7
0x65d003,94.2308%,3,49,52,0,0,3,49
0x63bd34,99.9712%,3,10397,10400,0,0,3,10397
0x8c08f2,97%,3,97,100,0,0,3,97
0x614cc6,99.9566%,3,6913,6916,0,0,3,6913
0x65d013,94.2308%,3,49,52,0,0,3,49
0x603dcc,93.1818%,3,41,44,28,2,1,13
0x76cb81,93.1818%,3,41,44,0,0,3,41
0x653840,94.2308%,3,49,52,49,1,2,0
0x7aa5b4,94.2308%,3,49,52,49,3,0,0
0x651409,62.5%,3,5,8,0,0,3,5
0xa39f8c,25%,3,1,4,0,3,0,1
0x6441e2,99.8846%,3,2597,2600,0,0,3,2597
0xa31d37,99.9718%,3,10622,10625,10622,3,0,0
0x7aa353,94%,3,47,50,0,0,3,47
0x65cbbc,62.5%,3,5,8,5,1,2,0
0x66f432,62.5%,3,5,8,4,2,1,1
0x5f1318,94.4444%,3,51,54,51,1,2,0
0x659681,94.2308%,3,49,52,49,1,2,0
0x635bde,62.5%,3,5,8,5,1,2,0
0x67adb8,62.5%,3,5,8,0,0,3,5
0x64d89e,50%,3,3,6,3,1,2,0
0x593baf,62.5%,3,5,8,0,0,3,5
0x65cdbb,94.2308%,3,49,52,49,1,2,0
0x66f1f2,62.5%,3,5,8,3,3,0,2
0x66f2b2,62.5%,3,5,8,3,3,0,2
0x5ac5b8,0%,2,0,2,0,0,2,0
0x644dcf,96.1538%,2,50,52,50,0,2,0
0x67b085,75%,2,6,8,6,0,2,0
0x67b01e,75%,2,6,8,6,2,0,0
0x76136b,0%,2,0,2,0,0,2,0
0x7affa0,0%,2,0,2,0,0,2,0
0x634b1b,80%,2,8,10,0,0,2,8
0x630ea0,0%,2,0,2,0,0,2,0
0x7bc81c,0%,2,0,2,0,0,2,0
0x67b168,0%,2,0,2,0,0,2,0
0x67b100,0%,2,0,2,0,0,2,0
0x64eec5,75%,2,6,8,0,0,2,6
0x67af28,0%,2,0,2,0,0,2,0
0x8c50c3,99.9231%,2,2598,2600,0,0,2,2598
0x7b010f,0%,2,0,2,0,2,0,0
0x67b0fb,75%,2,6,8,6,0,2,0
0x63bc46,99.0385%,2,206,208,0,0,2,206
0x640d6f,0%,2,0,2,0,0,2,0
0x67afe8,0%,2,0,2,0,0,2,0
0x602d83,0%,2,0,2,0,0,2,0
0x7cd42c,96.1538%,2,50,52,50,0,2,0
0x7af874,0%,2,0,2,0,0,2,0
0x76ca89,66.6667%,2,4,6,2,2,0,2
0x659954,0%,2,0,2,0,0,2,0
0x7aa42a,96%,2,48,50,48,2,0,0
0x76e425,87.5%,2,14,16,0,0,2,14
0x75ccfb,0%,2,0,2,0,0,2,0
0x63ecab,0%,2,0,2,0,0,2,0
0x8a4c1e,50%,2,2,4,0,2,0,2
0x5f0746,50%,2,2,4,2,0,2,0
0x641b27,0%,2,0,2,0,2,0,0
0x778cc3,99%,2,198,200,0,0,2,198
0x67b0b8,75%,2,6,8,0,0,2,6
0x64b61a,0%,2,0,2,0,0,2,0
0x7d06f7,96.1538%,2,50,52,0,0,2,50
0x65b51a,0%,2,0,2,0,0,2,0
0x646f4e,0%,2,0,2,0,0,2,0
0x646ae4,0%,2,0,2,0,0,2,0
0x614dde,99.9711%,2,6914,6916,0,0,2,6914
0x7d04dd,0%,2,0,2,0,2,0,0
0x64188b,0%,2,0,2,0,0,2,0
0x65a02d,0%,2,0,2,0,2,0,0
0x95a6d6,0%,2,0,2,0,0,2,0
0x8c0bc1,98%,2,98,100,0,0,2,98
0x650630,0%,2,0,2,0,2,0,0
0x66a26f,0%,2,0,2,0,2,0,0
0x9ff1db,80%,2,8,10,0,0,2,8
0x757b46,96.1538%,2,50,52,50,0,2,0
0x63a119,75%,2,6,8,0,0,2,6
0x67ac05,75%,2,6,8,6,0,2,0
0x76c44d,95.4545%,2,42,44,0,0,2,42
0x95a3fc,96.1538%,2,50,52,0,0,2,50
0x67b6b8,75%,2,6,8,0,0,2,6
0x5ac453,0%,2,0,2,0,0,2,0
0x8bea3c,0%,2,0,2,0,2,0,0
0x76adc8,0%,2,0,2,0,2,0,0
0x67b8f6,0%,2,0,2,0,0,2,0
0x76aeeb,66.6667%,2,4,6,4,0,2,0
0x949cd2,0%,2,0,2,0,0,2,0
0x64b5b9,0%,2,0,2,0,0,2,0
0x6662b6,96.1538%,2,50,52,50,0,2,0
0x634cc0,0%,2,0,2,0,0,2,0
0x616a36,94.7368%,2,36,38,36,0,2,0
0x4297ae,75%,2,6,8,0,0,2,6
0x772c93,0%,2,0,2,0,2,0,0
0x949fcc,75%,2,6,8,2,2,0,4
0x5f126a,98.1481%,2,106,108,54,0,2,52
0x64460b,0%,2,0,2,0,0,2,0
0xa3098b,99.9731%,2,7434,7436,7434,2,0,0
0x660ccf,0%,2,0,2,0,2,0,0
0x634411,0%,2,0,2,0,0,2,0
0xa7a6dd,99.2218%,2,255,257,0,0,2,255
0x63f237,0%,2,0,2,0,0,2,0
0x75928d,96.1538%,2,50,52,0,0,2,50
0x65a003,0%,2,0,2,0,2,0,0
0x645e19,96.1538%,2,50,52,0,0,2,50
0x7c894f,50%,2,2,4,2,2,0,0
0x6346e9,0%,2,0,2,0,0,2,0
0x76778d,0%,2,0,2,0,0,2,0
0x42af2c,66.6667%,2,4,6,4,2,0,0
0x5ed1b3,96.1538%,2,50,52,0,0,2,50
0x76abc5,96.1538%,2,50,52,0,0,2,50
0x641219,75%,2,6,8,4,2,0,2
0x76a00c,0%,2,0,2,0,0,2,0
0x769e15,96.1538%,2,50,52,50,0,2,0
0x5f41a5,50%,2,2,4,0,0,2,2
0x679f53,0%,2,0,2,0,0,2,0
0x631799,88.8889%,2,16,18,16,0,2,0
0x64152c,75%,2,6,8,5,1,1,1
0x64d00d,75%,2,6,8,5,1,1,1
0x7d0687,96.1538%,2,50,52,0,0,2,50
0x65a149,0%,2,0,2,0,0,2,0
0x64f85e,0%,2,0,2,0,0,2,0
0x7ccc58,0%,2,0,2,0,0,2,0
0x616946,96.1538%,2,50,52,0,0,2,50
0x65a333,85.7143%,2,12,14,0,0,2,12
0x64343a,0%,2,0,2,0,0,2,0
0x7cc13d,0%,2,0,2,0,2,0,0
0xa76e3a,99.9906%,2,21274,21276,0,0,2,21274
0x6d9286,87.5%,2,14,16,0,0,2,14
0x63b37b,0%,2,0,2,0,0,2,0
0x6486fe,75%,2,6,8,6,0,2,0
0x63ecd7,0%,2,0,2,0,0,2,0
0x8bfb16,0%,2,0,2,0,0,2,0
0x67009c,99.0385%,2,206,208,0,0,2,206
0x67a238,75%,2,6,8,0,0,2,6
0x7aa192,96.1538%,2,50,52,0,0,2,50
0x7725a7,96.1538%,2,50,52,50,2,0,0
0x660ce9,0%,2,0,2,0,2,0,0
0x643b66,0%,2,0,2,0,0,2,0
0x644460,96.1538%,2,50,52,50,0,2,0
0x763275,0%,2,0,2,0,0,2,0
0x60326d,90.9091%,2,20,22,20,0,2,0
0x5f3adf,0%,2,0,2,0,0,2,0
0x64c7ba,97.5%,2,78,80,78,0,2,0
0x62f5db,0%,2,0,2,0,0,2,0
0x8bf829,0%,2,0,2,0,2,0,0
0x75d782,0%,2,0,2,0,0,2,0
0x64fe39,0%,2,0,2,0,2,0,0
0x404a85,90.9091%,2,20,22,5,1,1,15
0x635dca,0%,2,0,2,0,0,2,0
0x67b580,0%,2,0,2,0,0,2,0
0x7a9d2d,50%,2,2,4,0,0,2,2
0x67ba39,0%,2,0,2,0,0,2,0
0x7cef3e,0%,2,0,2,0,2,0,0
0x65a079,0%,2,0,2,0,2,0,0
0xa76adc,99.9074%,2,2158,2160,0,0,2,2158
0x76a6df,0%,2,0,2,0,2,0,0
0x765108,50%,2,2,4,2,0,2,0
0x637f1f,99.2218%,2,255,257,255,2,0,0
0x67b6a8,0%,2,0,2,0,0,2,0
0x66f934,85.7143%,2,12,14,0,0,2,12
0x757843,96.1538%,2,50,52,0,0,2,50
0x621601,75%,2,6,8,0,0,2,6
0x67abae,75%,2,6,8,6,2,0,0
0x8c5efa,99.9231%,2,2598,2600,0,0,2,2598
0x67a485,0%,2,0,2,0,0,2,0
0x599144,93.75%,2,30,32,0,0,2,30
0x5e7157,0%,2,0,2,0,0,2,0
0x6300c6,0%,2,0,2,0,0,2,0
0x63ffc9,0%,2,0,2,0,0,2,0
0x76a545,96.1538%,2,50,52,50,2,0,0
0x60309a,90.9091%,2,20,22,0,0,2,20
0x64984e,0%,2,0,2,0,0,2,0
0x75d5ba,80%,2,8,10,8,0,2,0
0x63fbd9,75%,2,6,8,4,2,0,2
0x7aab54,0%,2,0,2,0,2,0,0
0x66adec,96.1538%,2,50,52,0,0,2,50
0x758989,96.1538%,2,50,52,0,0,2,50
0x5e908d,50%,2,2,4,2,0,2,0
0x65b249,0%,2,0,2,0,0,2,0
0x7cd6f3,96.1538%,2,50,52,0,0,2,50
0x631682,0%,2,0,2,0,0,2,0
0xa7a66e,99.2218%,2,255,257,0,0,2,255
0x659fe1,0%,2,0,2,0,2,0,0
0x7b231a,0%,2,0,2,0,0,2,0
0x6639db,0%,2,0,2,0,0,2,0
0x64b5dd,0%,2,0,2,0,0,2,0
0x603191,90.9091%,2,20,22,0,0,2,20
0x7ce201,96.1538%,2,50,52,50,2,0,0
0x76a612,0%,2,0,2,0,0,2,0
0x4abb54,96.875%,2,62,64,62,2,0,0
0x64fd17,0%,2,0,2,0,0,2,0
0x64b22c,99.9231%,2,2598,2600,0,0,2,2598
0x645c31,0%,2,0,2,0,0,2,0
0x7b151f,96.1538%,2,50,52,0,0,2,50
0x959fa8,96.1538%,2,50,52,0,0,2,50
0xa796e2,0%,2,0,2,0,0,2,0
0x8c20fe,0%,2,0,2,0,0,2,0
0x614ad6,99.9711%,2,6914,6916,0,0,2,6914
0x75c9aa,0%,2,0,2,0,0,2,0
0x685aed,75%,2,6,8,2,2,0,4
0x6867ac,50%,2,2,4,2,0,2,0
0x7b34bc,0%,2,0,2,0,2,0,0
0x76a300,96.1538%,2,50,52,50,0,2,0
0x5a6323,96.2963%,2,52,54,0,0,2,52
0x653877,0%,2,0,2,0,0,2,0
0x42a6cc,98.3871%,2,122,124,116,2,0,6
0x688554,0%,2,0,2,0,2,0,0
0x640f98,0%,2,0,2,0,0,2,0
0x429b71,0%,2,0,2,0,0,2,0
0x659f33,0%,2,0,2,0,2,0,0
0x762de8,66.6667%,2,4,6,3,1,1,1
0x64bba2,0%,2,0,2,0,0,2,0
0x65ae3a,0%,2,0,2,0,0,2,0
0x75d5d6,0%,2,0,2,0,0,2,0
0x7b04da,0%,2,0,2,0,2,0,0
0x62f765,0%,2,0,2,0,0,2,0
0x76537e,0%,2,0,2,0,0,2,0
0x644471,0%,2,0,2,0,0,2,0
0x659730,96.1538%,2,50,52,50,0,2,0
0x8c020d,98%,2,98,100,0,0,2,98
0x634598,0%,2,0,2,0,0,2,0
0x42c08e,92.3077%,2,24,26,0,0,2,24
0x635978,0%,2,0,2,0,0,2,0
0x7cec03,0%,2,0,2,0,2,0,0
0x64d819,0%,2,0,2,0,0,2,0
0x6406b5,0%,2,0,2,0,0,2,0
0x66f677,0%,2,0,2,0,0,2,0
0x76fb20,71.4286%,2,5,7,5,2,0,0
0x66999f,96.1538%,2,50,52,50,0,2,0
0x632c00,0%,2,0,2,0,0,2,0
0x598fb6,0%,2,0,2,0,2,0,0
0xa76199,99.9592%,2,4903,4905,0,0,2,4903
0x76bee8,95.4545%,2,42,44,0,0,2,42
0x95a66c,0%,2,0,2,0,2,0,0
0x64bc3a,0%,2,0,2,0,2,0,0
0x645cda,0%,2,0,2,0,0,2,0
0x619f2c,90.9091%,2,20,22,20,0,2,0
0x6464df,96.1538%,2,50,52,50,0,2,0
0x7aacd8,96.1538%,2,50,52,50,2,0,0
0x63cc54,99.2218%,2,255,257,0,0,2,255
0x681cee,0%,2,0,2,0,0,2,0
0x61c474,0%,2,0,2,0,2,0,0
0x64ff27,0%,2,0,2,0,0,2,0
0x685b2b,75%,2,6,8,6,0,2,0
0x64fe1f,0%,2,0,2,0,2,0,0
0x8a8559,90%,2,18,20,0,0,2,18
0x7b26dd,0%,2,0,2,0,2,0,0
0x636c86,99.2218%,2,255,257,0,0,2,255
0x774268,96.1538%,2,50,52,50,0,2,0
0x64e09c,0%,2,0,2,0,0,2,0
0x8bf02f,96.1538%,2,50,52,0,0,2,50
0x8beccf,0%,2,0,2,0,0,2,0
0x636a3c,99.2218%,2,255,257,0,0,2,255
0x76cf7a,0%,2,0,2,0,0,2,0
0x8c425b,98%,2,98,100,0,0,2,98
0x7e88c1,0%,2,0,2,0,0,2,0
0x6d8e6e,87.5%,2,14,16,0,0,2,14
0x8c3213,98%,2,98,100,98,2,0,0
0x760c6d,66.6667%,2,4,6,3,1,1,1
0x64c5d2,99.95%,2,3998,4000,3998,2,0,0
0x642f66,96.1538%,2,50,52,50,2,0,0
0x67b3d9,0%,2,0,2,0,0,2,0
0x642a40,0%,2,0,2,0,0,2,0
0x634bfb,0%,2,0,2,0,0,2,0
0x7658e2,98.0769%,2,102,104,0,0,2,102
0x404001,66.6667%,2,4,6,4,2,0,0
0x8be9a8,0%,2,0,2,0,2,0,0
0x65cbed,0%,2,0,2,0,0,2,0
0x659c20,75%,2,6,8,4,2,0,2
0x67b859,0%,2,0,2,0,0,2,0
0x7bc946,0%,2,0,2,0,0,2,0
0x632f82,0%,2,0,2,0,0,2,0
0x7b4194,0%,2,0,2,0,0,2,0
0x67a08a,0%,2,0,2,0,0,2,0
0x644a21,0%,2,0,2,0,0,2,0
0x7bc8c1,0%,2,0,2,0,0,2,0
0x65a476,0%,2,0,2,0,0,2,0
0x75ccef,96.1538%,2,50,52,50,0,2,0
0x6536ca,0%,2,0,2,0,0,2,0
0x76142f,0%,2,0,2,0,0,2,0
0x597b60,94.1176%,2,32,34,0,0,2,32
0x64b087,0%,2,0,2,0,0,2,0
0x61700f,96.1538%,2,50,52,0,0,2,50
0x9f9222,0%,2,0,2,0,0,2,0
0x7ca9d9,0%,2,0,2,0,0,2,0
0x6317a1,0%,2,0,2,0,0,2,0
0x7700aa,0%,2,0,2,0,0,2,0
0x949f74,75%,2,6,8,6,2,0,0
0x63a852,0%,2,0,2,0,0,2,0
0x760d6d,0%,2,0,2,0,0,2,0
0x9f7db2,75%,2,6,8,0,0,2,6
0x8bf001,96.1538%,2,50,52,0,0,2,50
0x7b2cd9,0%,2,0,2,0,2,0,0
0x8bf28e,98%,2,98,100,98,0,2,0
0x685cc1,0%,2,0,2,0,2,0,0
0x63b388,0%,2,0,2,0,0,2,0
0x6346ad,0%,2,0,2,0,0,2,0
0x8bea2c,50%,2,2,4,1,1,1,1
0x634da1,0%,2,0,2,0,0,2,0
0x757a86,96.1538%,2,50,52,50,0,2,0
0x7cd143,0%,2,0,2,0,2,0,0
0x760f3d,0%,2,0,2,0,0,2,0
0x62ed1e,0%,2,0,2,0,0,2,0
0x64546f,0%,2,0,2,0,0,2,0
0x5ed080,0%,2,0,2,0,0,2,0
0x645c88,99.9231%,2,2598,2600,0,0,2,2598
0x67baaf,0%,2,0,2,0,0,2,0
0x5efb22,0%,2,0,2,0,0,2,0
0x61690d,96.1538%,2,50,52,0,0,2,50
0x7cd383,96.1538%,2,50,52,0,0,2,50
0x76037c,96.1538%,2,50,52,50,0,2,0
0x655358,97.0588%,2,66,68,0,0,2,66
0x6438b0,96.1538%,2,50,52,0,0,2,50
0x7740eb,96.1538%,2,50,52,0,0,2,50
0x643ee5,96.1538%,2,50,52,50,0,2,0
0x757b16,96.1538%,2,50,52,50,0,2,0
0x63aa83,0%,2,0,2,0,0,2,0
0x760398,0%,2,0,2,0,0,2,0
0x65c7af,0%,2,0,2,0,0,2,0
0x8bf148,98%,2,98,100,0,0,2,98
0x67ac38,75%,2,6,8,0,0,2,6
0x75d878,0%,2,0,2,0,0,2,0
0x7ce4f1,0%,2,0,2,0,0,2,0
0x67b568,75%,2,6,8,0,0,2,6
0x64ec21,93.75%,2,30,32,0,0,2,30
0x648fe1,0%,2,0,2,0,0,2,0
0x95a135,96.1538%,2,50,52,50,0,2,0
0x76fffd,96.1538%,2,50,52,50,2,0,0
0x64b535,0%,2,0,2,0,2,0,0
0x65a4dd,0%,2,0,2,0,0,2,0
0x64e333,80%,2,8,10,0,0,2,8
0x8bead4,0%,2,0,2,0,0,2,0
0x64ffb4,0%,2,0,2,0,0,2,0
0x7627d6,50%,2,2,4,2,2,0,0
0x643b47,0%,2,0,2,0,0,2,0
0x758826,96.1538%,2,50,52,50,2,0,0
0x7ebbab,0%,2,0,2,0,0,2,0
0x7c8d8d,0%,2,0,2,0,0,2,0
0x656d77,0%,2,0,2,0,0,2,0
0x68884d,0%,2,0,2,0,0,2,0
0x67b40d,0%,2,0,2,0,0,2,0
0x8bf573,96.1538%,2,50,52,0,0,2,50
0x67ba24,0%,2,0,2,0,0,2,0
0x7b2432,96.1538%,2,50,52,50,0,2,0
0x5f3aff,50%,2,2,4,2,0,2,0
0x8c3344,98%,2,98,100,0,0,2,98
0x7eb95f,0%,2,0,2,0,2,0,0
0x62ea5e,0%,2,0,2,0,0,2,0
0x8c65ec,99.92%,2,2498,2500,0,0,2,2498
0x6da344,50%,2,2,4,2,2,0,0
0x6da354,50%,2,2,4,0,2,0,2
0x7e7f22,96.1538%,2,50,52,50,0,2,0
0x67ab69,0%,2,0,2,0,0,2,0
0x67b400,0%,2,0,2,0,0,2,0
0x6360aa,0%,2,0,2,0,0,2,0
0x76cab8,0%,2,0,2,0,0,2,0
0x763293,0%,2,0,2,0,0,2,0
0x65a51b,0%,2,0,2,0,0,2,0
0x63f12f,0%,2,0,2,0,0,2,0
0x7603bd,75%,2,6,8,5,1,1,1
0x8bef5e,99.0385%,2,206,208,0,0,2,206
0x64b57c,0%,2,0,2,0,2,0,0
0x67b4ae,75%,2,6,8,6,2,0,0
0x7cd092,96.1538%,2,50,52,50,0,2,0
0x6498f8,0%,2,0,2,0,0,2,0
0x772a64,0%,2,0,2,0,2,0,0
0x9e197c,0%,2,0,2,0,2,0,0
0x6870c2,50%,2,2,4,2,0,2,0
0x59896c,95.8333%,2,46,48,0,0,2,46
0x5fd136,97.7273%,2,86,88,86,2,0,0
0x63edd0,0%,2,0,2,0,0,2,0
0x75cb0f,96.1538%,2,50,52,50,0,2,0
0x8bf348,96.1538%,2,50,52,0,0,2,50
0x643a11,0%,2,0,2,0,0,2,0
0x766a3a,50%,2,2,4,2,2,0,0
0x645793,99.9231%,2,2598,2600,0,0,2,2598
0x5f03ec,0%,2,0,2,0,0,2,0
0x5f0312,0%,2,0,2,0,0,2,0
0x5f12ab,96.2963%,2,52,54,0,0,2,52
0x65cec4,96.1538%,2,50,52,50,0,2,0
0x5f1276,96.2963%,2,52,54,0,0,2,52
0x646f49,0%,2,0,2,0,0,2,0
0x67aaa8,0%,2,0,2,0,0,2,0
0x67aa7d,75%,2,6,8,6,2,0,0
0x63570c,0%,2,0,2,0,0,2,0
0x67a882,0%,2,0,2,0,0,2,0
0x5f0721,0%,2,0,2,0,0,2,0
0x605240,0%,2,0,2,0,2,0,0
0x618c44,99.9711%,2,6914,6916,0,0,2,6914
0x67a4cc,99.9583%,2,4798,4800,4798,2,0,0
0x67a41e,50%,2,2,4,0,0,2,2
0x67a408,97.5%,2,78,80,0,0,2,78
0x65adca,0%,2,0,2,0,0,2,0
0x59835d,98.0769%,2,102,104,0,0,2,102
0x635094,0%,2,0,2,0,0,2,0
0x67a1d8,75%,2,6,8,0,0,2,6
0x65abbc,75%,2,6,8,6,2,0,0
0x5f30a3,50%,2,2,4,0,2,0,2
0x5f3cdc,60%,2,3,5,0,0,2,3
0x5f3c87,50%,2,2,4,0,0,2,2
0x5f3ad5,50%,2,2,4,0,2,0,2
0x403f2e,66.6667%,2,4,6,4,2,0,0
0x5f3a5c,96.6667%,2,58,60,28,2,0,30
0x5f3a3d,96.6667%,2,58,60,30,0,2,28
0x5f3712,90%,2,18,20,0,0,2,18
0x6f551f,0%,2,0,2,0,2,0,0
0x5f3390,99.3421%,2,302,304,302,2,0,0
0x5f35cd,99.8988%,2,1974,1976,0,0,2,1974
0x67a1c9,0%,2,0,2,0,0,2,0
0x5f3023,0%,2,0,2,0,0,2,0
0x5f2f6b,0%,2,0,2,0,2,0,0
0x5f2f22,96.1538%,2,50,52,50,0,2,0
0x687dae,96.1538%,2,50,52,0,0,2,50
0x5f2e15,50%,2,2,4,0,2,0,2
0x8bef22,99.0385%,2,206,208,206,2,0,0
0x5f2ac9,0%,2,0,2,0,2,0,0
0x5f07f4,0%,2,0,2,0,0,2,0
0x5f07a1,0%,2,0,2,0,0,2,0
0x7597b0,96.1538%,2,50,52,50,0,2,0
0x6313cc,0%,2,0,2,0,0,2,0
0x64f6b0,0%,2,0,2,0,0,2,0
0x634bcb,0%,2,0,2,0,0,2,0
0x95a065,96.1538%,2,50,52,50,0,2,0
0x64bbaa,0%,2,0,2,0,2,0,0
0x62ec1e,0%,2,0,2,0,0,2,0
0x639a9b,0%,2,0,2,0,0,2,0
0x62e8be,0%,2,0,2,0,0,2,0
0x62e89e,0%,2,0,2,0,0,2,0
0x62e87e,0%,2,0,2,0,0,2,0
0x670310,75%,2,6,8,6,0,2,0
0x762d8c,0%,2,0,2,0,0,2,0
0x64baad,0%,2,0,2,0,0,2,0
0x687e22,96.1538%,2,50,52,50,0,2,0
0x66f612,75%,2,6,8,6,0,2,0
0x7cf440,0%,2,0,2,0,0,2,0
0x63009b,0%,2,0,2,0,0,2,0
0x665b52,96.1538%,2,50,52,50,0,2,0
0x66f377,0%,2,0,2,0,0,2,0
0x76bd0d,0%,2,0,2,0,0,2,0
0x64c9a0,75%,2,6,8,6,0,2,0
0x66efdb,97.5%,2,78,80,78,0,2,0
0x76af62,66.6667%,2,4,6,2,2,0,2
0x648bd7,0%,2,0,2,0,0,2,0
0x63061e,0%,2,0,2,0,0,2,0
0x679fd1,0%,2,0,2,0,0,2,0
0x67a6ab,99.8333%,2,1198,1200,1198,0,2,0
0x63ee24,0%,2,0,2,0,0,2,0
0x63ee08,0%,2,0,2,0,0,2,0
0x5f5eef,50%,2,2,4,2,0,2,0
0x63ed60,0%,2,0,2,0,0,2,0
0x635de6,0%,2,0,2,0,0,2,0
0x6d90de,50%,2,2,4,0,0,2,2
0x5f3fae,87.5%,2,14,16,0,0,2,14
0x5f2c13,50%,2,2,4,0,2,0,2
0x635516,0%,2,0,2,0,0,2,0
0x635482,0%,2,0,2,0,0,2,0
0x66b0af,0%,2,0,2,0,0,2,0
0x6332fb,0%,2,0,2,0,0,2,0
0x77347f,96.1538%,2,50,52,50,0,2,0
0x64bcdb,0%,2,0,2,0,0,2,0
0x63f4f0,0%,2,0,2,0,0,2,0
0x646778,99.9231%,2,2598,2600,0,0,2,2598
0x640909,75%,2,6,8,5,1,1,1
0x7b3c2b,0%,2,0,2,0,0,2,0
0x5e88ae,60%,2,3,5,0,0,2,3
0x5e82b1,75%,2,6,8,0,0,2,6
0x5e8f12,75%,2,6,8,5,1,1,1
0x63501b,0%,2,0,2,0,0,2,0
0x68200f,50%,2,2,4,0,0,2,2
0x7b3fa0,96.1538%,2,50,52,0,0,2,50
0x5e7491,75%,2,6,8,0,0,2,6
0x7b3c45,0%,2,0,2,0,0,2,0
0x5e7371,75%,2,6,8,0,0,2,6
0x5e72b0,0%,2,0,2,0,2,0,0
0x5e8979,87.5%,2,14,16,14,2,0,0
0x9e19de,0%,2,0,2,0,0,2,0
0x9e1977,0%,2,0,2,0,0,2,0
0x9e1939,0%,2,0,2,0,0,2,0
0x7b3ab8,0%,2,0,2,0,2,0,0
0x7b0801,0%,2,0,2,0,2,0,0
0x64660f,96.1538%,2,50,52,50,0,2,0
0x5e6ef3,0%,2,0,2,0,0,2,0
0x5e69b7,99.84%,2,1248,1250,0,0,2,1248
0x5e6107,0%,2,0,2,0,0,2,0
0x5dad5e,96.1538%,2,50,52,50,0,2,0
0x62effe,0%,2,0,2,0,0,2,0
0x62f8ef,0%,2,0,2,0,0,2,0
0x89ffb8,0%,2,0,2,0,0,2,0
0x64bc32,0%,2,0,2,0,0,2,0
0x89fccf,75%,2,6,8,0,0,2,6
0x89fc5c,75%,2,6,8,0,0,2,6
0x635a9a,0%,2,0,2,0,0,2,0
0x89fabd,75%,2,6,8,4,2,0,2
0x603624,87.5%,2,14,16,0,0,2,14
0x687e66,0%,2,0,2,0,2,0,0
0x687d73,96.1538%,2,50,52,0,0,2,50
0x5daab6,96.1538%,2,50,52,0,0,2,50
0x687c02,0%,2,0,2,0,0,2,0
0x4030cc,92.3077%,2,24,26,5,1,1,19
0x687ba8,96.1538%,2,50,52,50,0,2,0
0x687ada,0%,2,0,2,0,0,2,0
0x667bd6,96.1538%,2,50,52,50,0,2,0
0x6876fc,0%,2,0,2,0,2,0,0
0x7b45cb,0%,2,0,2,0,0,2,0
0x641828,0%,2,0,2,0,0,2,0
0x7b449e,96.1538%,2,50,52,50,0,2,0
0x5e898c,81.8182%,2,9,11,9,2,0,0
0x648cfc,85.7143%,2,12,14,0,0,2,12
0x773146,96.1538%,2,50,52,0,0,2,50
0x7b2773,96.1538%,2,50,52,0,0,2,50
0x961776,98.7421%,2,157,159,157,2,0,0
0x7b22bc,0%,2,0,2,0,0,2,0
0x5f692a,94.7368%,2,36,38,36,2,0,0
0x5f6637,99.8051%,2,1024,1026,0,0,2,1024
0x5f5e1c,50%,2,2,4,2,0,2,0
0x5f5b79,50%,2,2,4,0,0,2,2
0x5f5b22,50%,2,2,4,2,0,2,0
0x65dd98,99.9231%,2,2598,2600,0,0,2,2598
0x7b27c2,96.1538%,2,50,52,50,0,2,0
0x926ad6,75%,2,6,8,0,0,2,6
0x631112,0%,2,0,2,0,0,2,0
0x5f4cdb,96.2963%,2,52,54,0,0,2,52
0x7b1cd7,0%,2,0,2,0,2,0,0
0x7b1cb8,0%,2,0,2,0,2,0,0
0x5f4b8b,50%,2,2,4,0,0,2,2
0x5f4a90,50%,2,2,4,0,0,2,2
0x630b89,0%,2,0,2,0,0,2,0
0x5f4201,60%,2,3,5,0,1,1,3
0x7a8cc5,98.0769%,2,102,104,0,0,2,102
0x4ba392,0%,2,0,2,0,0,2,0
0x5da641,96%,2,48,50,48,0,2,0
0x5da32a,0%,2,0,2,0,2,0,0
0x5da31a,50%,2,2,4,2,0,2,0
0x5da276,0%,2,0,2,0,0,2,0
0x6873a3,0%,2,0,2,0,2,0,0
0x7b315c,96.1538%,2,50,52,0,0,2,50
0x657290,0%,2,0,2,0,0,2,0
0x686b3e,96.1538%,2,50,52,0,0,2,50
0x7b30d9,0%,2,0,2,0,0,2,0
0x5f239e,96.1538%,2,50,52,50,0,2,0
0x66ee02,0%,2,0,2,0,0,2,0
0x686544,0%,2,0,2,0,2,0,0
0x6864ef,0%,2,0,2,0,2,0,0
0x960df4,98.7421%,2,157,159,0,0,2,157
0x598e36,50%,2,2,4,2,2,0,0
0x7cd492,96.1538%,2,50,52,0,0,2,50
0x64a95c,99.9231%,2,2598,2600,0,0,2,2598
0x5ef73c,0%,2,0,2,0,0,2,0
0x5f007d,99.5074%,2,404,406,404,2,0,0
0x63f3e8,0%,2,0,2,0,0,2,0
0x5f54f8,50%,2,2,4,2,0,2,0
0x7aa013,98%,2,98,100,0,0,2,98
0x64d653,0%,2,0,2,0,0,2,0
0x63f7e1,0%,2,0,2,0,0,2,0
0x75cc37,96.1538%,2,50,52,0,0,2,50
0x6309ac,0%,2,0,2,0,0,2,0
0x6582a2,97.8022%,2,89,91,0,0,2,89
0x661b1c,0%,2,0,2,0,2,0,0
0x67b0d4,75%,2,6,8,5,1,1,1
0x7629b5,95.2381%,2,40,42,40,0,2,0
0x66e457,0%,2,0,2,0,0,2,0
0x5f770f,50%,2,2,4,0,2,0,2
0x927c68,99.4521%,2,363,365,0,0,2,363
0x7ccfd3,96.1538%,2,50,52,0,0,2,50
0x62ec7e,0%,2,0,2,0,0,2,0
0x66774b,96.1538%,2,50,52,50,0,2,0
0x64faa5,97.5%,2,78,80,78,0,2,0
0x7a9e52,98%,2,98,100,0,0,2,98
0x64af27,0%,2,0,2,0,0,2,0
0x66eeeb,97.5%,2,78,80,78,0,2,0
0x64adc8,0%,2,0,2,0,0,2,0
0x64f8fb,0%,2,0,2,0,0,2,0
0x633f07,97.5%,2,78,80,0,0,2,78
0x7cc3ae,96.1538%,2,50,52,50,2,0,0
0x9f928a,0%,2,0,2,0,2,0,0
0x630c52,0%,2,0,2,0,0,2,0
0x92ca65,99.9231%,2,2598,2600,2598,2,0,0
0x7b02b2,0%,2,0,2,0,0,2,0
0x63a0aa,75%,2,6,8,6,0,2,0
0x650554,0%,2,0,2,0,2,0,0
0x5958d7,95.2381%,2,40,42,40,2,0,0
0x67a99c,0%,2,0,2,0,0,2,0
0x5a8dcd,96%,2,48,50,0,0,2,48
0x65a834,0%,2,0,2,0,0,2,0
0x7affe6,0%,2,0,2,0,2,0,0
0x68224d,0%,2,0,2,0,0,2,0
0x7618d9,0%,2,0,2,0,0,2,0
0x7aa472,96%,2,48,50,48,0,2,0
0x7aa3f5,96%,2,48,50,0,0,2,48
0x64cd0f,0%,2,0,2,0,0,2,0
0x64f2aa,99.9875%,2,15998,16000,15998,2,0,0
0x64d953,97.5%,2,78,80,0,0,2,78
0x5f75f9,94.7368%,2,36,38,36,0,2,0
0x636c45,99.2218%,2,255,257,0,0,2,255
0x6311ad,96.1538%,2,50,52,50,0,2,0
0x755cb7,96.1538%,2,50,52,0,0,2,50
0x5e9c3f,96.1538%,2,50,52,50,0,2,0
0x648ae1,0%,2,0,2,0,0,2,0
0x6489eb,0%,2,0,2,0,0,2,0
0x648935,75%,2,6,8,4,2,0,2
0x62e99e,0%,2,0,2,0,0,2,0
0x5e9e52,98.0769%,2,102,104,102,2,0,0
0x5e6b57,96%,2,48,50,48,0,2,0
0x63b35f,0%,2,0,2,0,0,2,0
0x63b312,85.7143%,2,12,14,12,0,2,0
0x64ab75,98%,2,98,100,98,0,2,0
0x657af1,0%,2,0,2,0,0,2,0
0x65ad77,0%,2,0,2,0,0,2,0
0x63af6d,85.7143%,2,12,14,0,0,2,12
0x7ed6c1,0%,2,0,2,0,0,2,0
0x95ae74,0%,2,0,2,0,0,2,0
0x65addd,0%,2,0,2,0,0,2,0
0x631443,96.1538%,2,50,52,50,0,2,0
0x772ff6,96.1538%,2,50,52,0,0,2,50
0x616d94,96.1538%,2,50,52,0,0,2,50
0x63a9ed,75%,2,6,8,0,0,2,6
0x6498e6,0%,2,0,2,0,0,2,0
0x7621ec,95.4545%,2,42,44,0,0,2,42
0x7603c2,0%,2,0,2,0,0,2,0
0x67b4c9,0%,2,0,2,0,0,2,0
0x658bc0,0%,2,0,2,0,0,2,0
0x65a4a4,0%,2,0,2,0,0,2,0
0x62e85e,0%,2,0,2,0,0,2,0
0x6499c6,0%,2,0,2,0,0,2,0
0x64997e,0%,2,0,2,0,0,2,0
0x649948,0%,2,0,2,0,0,2,0
0x64992e,0%,2,0,2,0,0,2,0
0x6415ba,0%,2,0,2,0,0,2,0
0x6498d4,0%,2,0,2,0,0,2,0
0x634ff0,0%,2,0,2,0,0,2,0
0x7aa102,96.2963%,2,52,54,0,0,2,52
0x64dbee,97.5%,2,78,80,78,0,2,0
0x7aa0d2,96.2963%,2,52,54,0,0,2,52
0x7af9d5,0%,2,0,2,0,2,0,0
0x926d9e,33.3333%,2,1,3,1,2,0,0
0x66ad3c,75%,2,6,8,6,0,2,0
0x65930c,0%,2,0,2,0,0,2,0
0x649228,0%,2,0,2,0,2,0,0
0x65ac78,85.7143%,2,12,14,0,0,2,12
0xa7a72b,99.2218%,2,255,257,0,0,2,255
0x65ae4d,0%,2,0,2,0,0,2,0
0x927338,77.7778%,2,7,9,0,0,2,7
0x65ae1c,75%,2,6,8,6,2,0,0
0x92a5ef,97.8022%,2,89,91,0,0,2,89
0x649998,0%,2,0,2,0,0,2,0
0x65ad4c,75%,2,6,8,6,2,0,0
0x7b3f6c,96.1538%,2,50,52,0,0,2,50
0x65ad07,0%,2,0,2,0,0,2,0
0x64675f,96.1538%,2,50,52,0,0,2,50
0x6649e9,0%,2,0,2,0,0,2,0
0x762527,0%,2,0,2,0,0,2,0
0x634c30,0%,2,0,2,0,0,2,0
0x65aae3,93.75%,2,30,32,0,0,2,30
0x5f55e4,50%,2,2,4,0,2,0,2
0x631622,0%,2,0,2,0,0,2,0
0x7579c6,96.1538%,2,50,52,50,0,2,0
0x7b10c9,96.1538%,2,50,52,0,0,2,50
0x7edb34,0%,2,0,2,0,0,2,0
0x659263,0%,2,0,2,0,0,2,0
0x685157,66.6667%,2,4,6,4,2,0,0
0x7b421c,96.1538%,2,50,52,0,0,2,50
0x66ecb5,96.1538%,2,50,52,0,0,2,50
0x67b58d,0%,2,0,2,0,0,2,0
0x9f4f98,99.2337%,2,259,261,259,2,0,0
0x763473,0%,2,0,2,0,0,2,0
0xa3920f,99.9938%,2,32268,32270,0,0,2,32268
0x6573c1,0%,2,0,2,0,0,2,0
0x63ad18,0%,2,0,2,0,0,2,0
0x7e7243,0%,2,0,2,0,0,2,0
0x757a03,96.1538%,2,50,52,0,0,2,50
0x9e1621,97.9167%,2,94,96,0,0,2,94
0x64e296,80%,2,8,10,8,0,2,0
0x66e452,75%,2,6,8,6,0,2,0
0x75752d,97.8261%,2,90,92,0,0,2,90
0x75cb3a,96.1538%,2,50,52,0,0,2,50
0x66ace7,0%,2,0,2,0,0,2,0
0x66e217,0%,2,0,2,0,0,2,0
0x64f9b5,0%,2,0,2,0,0,2,0
0x7d07e0,96.1538%,2,50,52,0,0,2,50
0x7b1562,96.1538%,2,50,52,50,0,2,0
0x7b1454,96.1538%,2,50,52,50,0,2,0
0x65af1a,0%,2,0,2,0,0,2,0
0x64cd7b,0%,2,0,2,0,0,2,0
0x64d6ba,0%,2,0,2,0,0,2,0
0x669ee3,96.1538%,2,50,52,0,0,2,50
0x66e392,75%,2,6,8,6,0,2,0
0x64d450,0%,2,0,2,0,0,2,0
0x64d424,75%,2,6,8,6,0,2,0
0x7a9eb7,98%,2,98,100,98,2,0,0
0x64d068,0%,2,0,2,0,0,2,0
0x64cfc2,0%,2,0,2,0,0,2,0
0x64cf2e,0%,2,0,2,0,0,2,0
0x7b172f,96.1538%,2,50,52,0,0,2,50
0x7cb484,0%,2,0,2,0,0,2,0
0x64c9a9,0%,2,0,2,0,0,2,0
0x633346,0%,2,0,2,0,0,2,0
0x77826a,93.75%,2,30,32,30,2,0,0
0x7cd933,96.1538%,2,50,52,0,0,2,50
0x64c32e,75%,2,6,8,6,0,2,0
0x660d03,0%,2,0,2,0,2,0,0
0x64920a,0%,2,0,2,0,0,2,0
0x62e9be,0%,2,0,2,0,0,2,0
0x75d719,0%,2,0,2,0,0,2,0
0x773693,0%,2,0,2,0,2,0,0
0x7b009b,0%,2,0,2,0,0,2,0
0x651438,75%,2,6,8,6,0,2,0
0x67abc9,0%,2,0,2,0,0,2,0
0x651289,99.8333%,2,1198,1200,0,0,2,1198
0x650ba8,0%,2,0,2,0,2,0,0
0xa782f7,99.9891%,2,18291,18293,18291,2,0,0
0x7b0cf3,96.1538%,2,50,52,0,0,2,50
0x7b0c72,0%,2,0,2,0,0,2,0
0x767848,50%,2,2,4,2,2,0,0
0x65d8db,98%,2,98,100,0,0,2,98
0x6509f2,0%,2,0,2,0,2,0,0
0x404941,66.6667%,2,4,6,0,0,2,4
0x7aa4fe,96.1538%,2,50,52,0,0,2,50
0x62e97e,0%,2,0,2,0,0,2,0
0x639dd3,75%,2,6,8,5,1,1,1
0x7b403e,96.1538%,2,50,52,50,0,2,0
0x7b0828,0%,2,0,2,0,2,0,0
0x64e08e,80%,2,8,10,8,0,2,0
0x8c3616,98%,2,98,100,98,2,0,0
0x616ba9,94.7368%,2,36,38,36,0,2,0
0x64dfe3,0%,2,0,2,0,0,2,0
0x620a31,99.7976%,2,986,988,0,0,2,986
0x65b421,0%,2,0,2,0,0,2,0
0x65b35a,0%,2,0,2,0,0,2,0
0x65b341,0%,2,0,2,0,0,2,0
0x65b31d,0%,2,0,2,0,0,2,0
0x65b1d8,0%,2,0,2,0,0,2,0
0x65b1a2,0%,2,0,2,0,0,2,0
0x65b182,0%,2,0,2,0,0,2,0
0x64dbf3,0%,2,0,2,0,0,2,0
0xa233b3,99.6269%,2,534,536,0,0,2,534
0x620c44,66.6667%,2,4,6,4,2,0,0
0x65b450,0%,2,0,2,0,0,2,0
0x621148,99.7596%,2,830,832,0,0,2,830
0x621084,99.9494%,2,3950,3952,0,0,2,3950
0x62167a,83.3333%,2,10,12,10,2,0,0
0x5da656,0%,2,0,2,0,0,2,0
0x63f67c,0%,2,0,2,0,0,2,0
0x63f5f8,0%,2,0,2,0,0,2,0
0x63f511,0%,2,0,2,0,0,2,0
0x7ef49b,0%,2,0,2,0,2,0,0
0x63f154,0%,2,0,2,0,0,2,0
0x63f0ab,0%,2,0,2,0,0,2,0
0x5eca81,96.1538%,2,50,52,50,0,2,0
0x9267aa,0%,2,0,2,0,0,2,0
0x926466,75%,2,6,8,6,2,0,0
0x926129,0%,2,0,2,0,0,2,0
0x62fa79,0%,2,0,2,0,0,2,0
0x65c177,0%,2,0,2,0,2,0,0
0x92d5ea,0%,2,0,2,0,0,2,0
0x92d5cb,0%,2,0,2,0,0,2,0
0x9298ce,98.7421%,2,157,159,157,2,0,0
0x5ecab7,0%,2,0,2,0,2,0,0
0x92c374,99.9231%,2,2598,2600,0,0,2,2598
0x63f06d,0%,2,0,2,0,0,2,0
0x92bc65,0%,2,0,2,0,0,2,0
0x5eca2b,0%,2,0,2,0,0,2,0
0x6851f9,0%,2,0,2,0,0,2,0
0x9f7d5a,0%,2,0,2,0,2,0,0
0x9f7d4d,0%,2,0,2,0,0,2,0
0xa22631,99.839%,2,1240,1242,0,0,2,1240
0x9619eb,0%,2,0,2,0,0,2,0
0x65b54d,0%,2,0,2,0,0,2,0
0xa2237a,99.9902%,2,20456,20458,0,0,2,20456
0x65b4dd,0%,2,0,2,0,0,2,0
0x65d102,96.1538%,2,50,52,0,0,2,50
0x5e6319,96%,2,48,50,0,0,2,48
0xa223c5,99.8614%,2,1441,1443,0,2,0,1441
0x634b5d,80%,2,8,10,8,0,2,0
0x63487b,0%,2,0,2,0,0,2,0
0x7cba04,96.1538%,2,50,52,0,0,2,50
0x634649,0%,2,0,2,0,0,2,0
0x6344e5,0%,2,0,2,0,0,2,0
0x6344a6,0%,2,0,2,0,0,2,0
0x633f36,0%,2,0,2,0,0,2,0
0x633e23,0%,2,0,2,0,0,2,0
0x65643d,98.4%,2,123,125,0,0,2,123
0x633d65,0%,2,0,2,0,0,2,0
0x633d44,0%,2,0,2,0,0,2,0
0x633bd6,0%,2,0,2,0,0,2,0
0x633ba8,0%,2,0,2,0,0,2,0
0x7cb43e,0%,2,0,2,0,0,2,0
0x633b4f,0%,2,0,2,0,0,2,0
0x7cb407,0%,2,0,2,0,0,2,0
0x63434d,96.1538%,2,50,52,50,0,2,0
0x634267,0%,2,0,2,0,0,2,0
0xa3a3ba,50%,2,2,4,0,0,2,2
0x643302,99.9231%,2,2598,2600,0,0,2,2598
0x63f027,0%,2,0,2,0,0,2,0
0x63ef5f,0%,2,0,2,0,0,2,0
0x7cc525,0%,2,0,2,0,0,2,0
0x8c0514,75%,2,6,8,6,0,2,0
0x6361ce,75%,2,6,8,4,2,0,2
0x63605b,0%,2,0,2,0,0,2,0
0x636000,0%,2,0,2,0,0,2,0
0x635fec,0%,2,0,2,0,0,2,0
0x635f8b,0%,2,0,2,0,0,2,0
0x635edb,0%,2,0,2,0,0,2,0
0x5ed3b3,96.1538%,2,50,52,0,0,2,50
0x635c22,0%,2,0,2,0,0,2,0
0x6359dd,0%,2,0,2,0,0,2,0
0x66f257,0%,2,0,2,0,0,2,0
0x7cbc2f,0%,2,0,2,0,0,2,0
0x635779,0%,2,0,2,0,0,2,0
0x633978,80%,2,8,10,0,0,2,8
0x63395e,75%,2,6,8,6,0,2,0
0x6338e1,0%,2,0,2,0,0,2,0
0x6338da,97.5%,2,78,80,78,0,2,0
0x633869,0%,2,0,2,0,0,2,0
0x605e18,90.9091%,2,20,22,0,0,2,20
0x64cd43,97.5%,2,78,80,0,0,2,78
0x5fd0f9,97.7273%,2,86,88,86,2,0,0
0x653b98,0%,2,0,2,0,0,2,0
0x5ed0d3,0%,2,0,2,0,0,2,0
0x653975,0%,2,0,2,0,0,2,0
0x6536de,0%,2,0,2,0,0,2,0
0x65365c,99.0385%,2,206,208,0,0,2,206
0x6534a1,0%,2,0,2,0,0,2,0
0x63fb7a,0%,2,0,2,0,0,2,0
0x64056a,0%,2,0,2,0,0,2,0
0x92940d,98.0952%,2,103,105,103,2,0,0
0x7ce508,0%,2,0,2,0,2,0,0
0x657b04,0%,2,0,2,0,0,2,0
0x6578ac,0%,2,0,2,0,0,2,0
0x6170d6,0%,2,0,2,0,0,2,0
0x605afa,0%,2,0,2,0,2,0,0
0x605809,0%,2,0,2,0,2,0,0
0x657313,0%,2,0,2,0,0,2,0
0x6572e4,0%,2,0,2,0,0,2,0
0x6053e3,0%,2,0,2,0,2,0,0
0x6572a3,0%,2,0,2,0,0,2,0
0x6555ec,99.9852%,2,13513,13515,13513,2,0,0
0x5f0f3c,0%,2,0,2,0,0,2,0
0xa3a48e,50%,2,2,4,0,0,2,2
0x5f2527,0%,2,0,2,0,0,2,0
0x631535,96.1538%,2,50,52,50,0,2,0
0x92a433,98.7421%,2,157,159,29,1,1,128
0x96196e,98.7421%,2,157,159,0,0,2,157
0x75e61e,95.4545%,2,42,44,42,0,2,0
0x961628,98.7421%,2,157,159,157,2,0,0
0xa22c54,98.0952%,2,103,105,103,2,0,0
0x639e1a,0%,2,0,2,0,0,2,0
0x657274,0%,2,0,2,0,0,2,0
0x8a7ca5,80%,2,8,10,0,0,2,8
0xa43ca6,99.9812%,2,10623,10625,10623,2,0,0
0x618024,99.9494%,2,3950,3952,0,0,2,3950
0xa31cf9,99.9812%,2,10623,10625,10623,2,0,0
0x617f07,99.9494%,2,3950,3952,3950,2,0,0
0x960e49,98.7421%,2,157,159,157,2,0,0
0x960b89,98.7421%,2,157,159,0,0,2,157
0x960b6f,98.7421%,2,157,159,0,0,2,157
0x960ada,98.7421%,2,157,159,0,0,2,157
0x929798,98.4%,2,123,125,123,2,0,0
0x65cedd,0%,2,0,2,0,0,2,0
0x685d16,0%,2,0,2,0,2,0,0
0x5f2153,0%,2,0,2,0,0,2,0
0x632d8e,88.8889%,2,16,18,16,0,2,0
0x632cf4,0%,2,0,2,0,0,2,0
0x632c64,0%,2,0,2,0,0,2,0
0x632a04,0%,2,0,2,0,0,2,0
0x5ea1fc,0%,2,0,2,0,0,2,0
0x65d5d0,0%,2,0,2,0,0,2,0
0xa39f7e,50%,2,2,4,2,2,0,0
0x65cf7c,0%,2,0,2,0,0,2,0
0xa78491,0%,2,0,2,0,2,0,0
0x685cd8,0%,2,0,2,0,2,0,0
0x65cc84,0%,2,0,2,0,0,2,0
0x65cc4a,0%,2,0,2,0,0,2,0
0x65cb2c,97.9592%,2,96,98,96,2,0,0
0x65c812,75%,2,6,8,0,0,2,6
0x64f89e,0%,2,0,2,0,0,2,0
0x926c1c,85.7143%,2,12,14,0,0,2,12
0x5ea0a7,0%,2,0,2,0,0,2,0
0x65a5c5,0%,2,0,2,0,0,2,0
0x926b18,75%,2,6,8,1,0,2,5
0x66f4f7,0%,2,0,2,0,0,2,0
0x657220,0%,2,0,2,0,0,2,0
0x657204,0%,2,0,2,0,0,2,0
0x60532f,0%,2,0,2,0,2,0,0
0x656fa8,0%,2,0,2,0,0,2,0
0x616e53,96.1538%,2,50,52,0,0,2,50
0x656e20,0%,2,0,2,0,0,2,0
0x7cf5f6,0%,2,0,2,0,0,2,0
0x656cc3,0%,2,0,2,0,0,2,0
0x616c49,94.7368%,2,36,38,36,0,2,0
0x660362,0%,2,0,2,0,2,0,0
0x7d0001,0%,2,0,2,0,0,2,0
0x66032b,0%,2,0,2,0,2,0,0
0x62359c,99.604%,2,503,505,0,0,2,503
0x623507,99.2308%,2,258,260,0,0,2,258
0x623375,99.9846%,2,12998,13000,0,0,2,12998
0x66010b,0%,2,0,2,0,0,2,0
0x682235,0%,2,0,2,0,0,2,0
0x682223,96.1538%,2,50,52,50,0,2,0
0x6821a4,96.1538%,2,50,52,50,2,0,0
0x65eff0,98%,2,98,100,0,0,2,98
0x667574,96.1538%,2,50,52,0,0,2,50
0x5f7bbe,0%,2,0,2,0,2,0,0
0x669e68,96.1538%,2,50,52,50,0,2,0
0x669e13,96.1538%,2,50,52,0,0,2,50
0x669932,96.1538%,2,50,52,0,0,2,50
0x667a08,96.1538%,2,50,52,50,0,2,0
0x640b28,0%,2,0,2,0,0,2,0
0x669e73,96.1538%,2,50,52,0,0,2,50
0x667750,0%,2,0,2,0,0,2,0
0x6675d4,96.1538%,2,50,52,0,0,2,50
0x6675a4,96.1538%,2,50,52,0,0,2,50
0x63559d,0%,2,0,2,0,0,2,0
0x666f0e,75%,2,6,8,6,0,2,0
0x592c8b,75%,2,6,8,0,0,2,6
0x666e85,75%,2,6,8,0,0,2,6
0x666d68,75%,2,6,8,0,0,2,6
0x6f5561,0%,2,0,2,0,2,0,0
0x6e6b4d,80%,2,8,10,8,2,0,0
0x9fa80d,98.9529%,2,189,191,0,0,2,189
0x9f80fd,98.9529%,2,189,191,0,0,2,189
0x9f80ca,98.9529%,2,189,191,0,0,2,189
0xa31e09,99.9812%,2,10623,10625,0,0,2,10623
0x62fa19,0%,2,0,2,0,0,2,0
0x62ff17,0%,2,0,2,0,0,2,0
0x62feb7,0%,2,0,2,0,0,2,0
0x62fe52,0%,2,0,2,0,0,2,0
0x62fdd7,0%,2,0,2,0,0,2,0
0x62fd8d,0%,2,0,2,0,0,2,0
0x65a8ed,97.5%,2,78,80,78,0,2,0
0x62fc2e,0%,2,0,2,0,0,2,0
0x62fba3,0%,2,0,2,0,0,2,0
0x62fb69,0%,2,0,2,0,0,2,0
0x62faa4,0%,2,0,2,0,0,2,0
0x76bc30,0%,2,0,2,0,0,2,0
0x62f9fe,0%,2,0,2,0,0,2,0
0x62f705,0%,2,0,2,0,0,2,0
0x6851c8,0%,2,0,2,0,0,2,0
0x62f6a0,0%,2,0,2,0,0,2,0
0x7cd0d3,0%,2,0,2,0,2,0,0
0x62f49b,0%,2,0,2,0,0,2,0
0x656fe1,0%,2,0,2,0,0,2,0
0x8c10f8,0%,2,0,2,0,2,0,0
0x7c8a5e,50%,2,2,4,2,0,2,0
0x62f24c,0%,2,0,2,0,0,2,0
0x663a7a,0%,2,0,2,0,0,2,0
0x665c26,96.1538%,2,50,52,50,0,2,0
0x665b73,96.1538%,2,50,52,0,0,2,50
0x5da79e,96.1538%,2,50,52,50,0,2,0
0x4a3d5b,0%,2,0,2,0,2,0,0
0x66549e,0%,2,0,2,0,0,2,0
0x6640f0,0%,2,0,2,0,2,0,0
0x926e36,0%,2,0,2,0,0,2,0
0x593d32,75%,2,6,8,0,0,2,6
0x663c04,0%,2,0,2,0,0,2,0
0x7cfb37,0%,2,0,2,0,0,2,0
0x4ba091,0%,2,0,2,0,0,2,0
0xa43c35,99.9812%,2,10623,10625,10623,2,0,0
0x663817,96.1538%,2,50,52,50,0,2,0
0xa78dcb,0%,2,0,2,0,0,2,0
0xa78487,0%,2,0,2,0,0,2,0
0x404a27,66.6667%,2,4,6,0,0,2,4
0x635aae,0%,2,0,2,0,0,2,0
0x68834a,0%,2,0,2,0,0,2,0
0x42a6dc,66.6667%,2,4,6,4,2,0,0
0x4049e2,66.6667%,2,4,6,4,2,0,0
0x8a0116,0%,2,0,2,0,0,2,0
0x92c73f,99.9231%,2,2598,2600,0,0,2,2598
0x92b0ba,98%,2,98,100,98,0,2,0
0x687718,0%,2,0,2,0,2,0,0
0x632401,0%,2,0,2,0,0,2,0
0x62ea9e,0%,2,0,2,0,0,2,0
0x593acd,75%,2,6,8,0,0,2,6
0x6e6803,0%,2,0,2,0,0,2,0
0x593a24,75%,2,6,8,6,2,0,0
0x6e67ad,0%,2,0,2,0,0,2,0
0x6668c9,96.2963%,2,52,54,0,0,2,52
0x76d983,0%,2,0,2,0,0,2,0
0x7cd813,96.1538%,2,50,52,0,0,2,50
0x6663e6,96.1538%,2,50,52,50,0,2,0
0x666384,96.1538%,2,50,52,50,0,2,0
0x63039b,0%,2,0,2,0,0,2,0
0x6660a2,96.1538%,2,50,52,50,0,2,0
0x666023,96.1538%,2,50,52,0,0,2,50
0x665fd3,0%,2,0,2,0,0,2,0
0x633445,0%,2,0,2,0,0,2,0
0x665ef3,96.1538%,2,50,52,0,0,2,50
0x665d00,96.1538%,2,50,52,50,2,0,0
0x631930,0%,2,0,2,0,0,2,0
0x66aa87,0%,2,0,2,0,0,2,0
0x66a9a5,0%,2,0,2,0,0,2,0
0x66a8cd,0%,2,0,2,0,0,2,0
0x634a89,96.1538%,2,50,52,50,0,2,0
0x7ce6a6,0%,2,0,2,0,2,0,0
0x7ce693,0%,2,0,2,0,0,2,0
0x66a179,0%,2,0,2,0,0,2,0
0x596e0a,98.7179%,2,154,156,0,0,2,154
0x632472,0%,2,0,2,0,0,2,0
0x7ce3ad,96.1538%,2,50,52,0,0,2,50
0x66ac52,75%,2,6,8,6,0,2,0
0x7ce2f1,0%,2,0,2,0,2,0,0
0x6318c1,0%,2,0,2,0,0,2,0
0x631892,0%,2,0,2,0,0,2,0
0x661abc,0%,2,0,2,0,2,0,0
0x7ce28b,0%,2,0,2,0,2,0,0
0x6316de,75%,2,6,8,5,1,1,1
0x631642,0%,2,0,2,0,0,2,0
0x6315c7,96.1538%,2,50,52,0,0,2,50
0x7ce020,96.1538%,2,50,52,50,0,2,0
0x6314bc,96.1538%,2,50,52,50,0,2,0
0x66b6ff,0%,2,0,2,0,0,2,0
0x7cfb5d,0%,2,0,2,0,2,0,0
0x633208,99.9231%,2,2598,2600,0,0,2,2598
0x7cf6f7,0%,2,0,2,0,2,0,0
0x7cf51e,0%,2,0,2,0,0,2,0
0x635266,0%,2,0,2,0,0,2,0
0x7cc256,0%,2,0,2,0,0,2,0
0x634ebb,0%,2,0,2,0,0,2,0
0x634d0c,0%,2,0,2,0,0,2,0
0x66b87f,0%,2,0,2,0,0,2,0
0x66b7bf,0%,2,0,2,0,0,2,0
0x7cc6b6,96.1538%,2,50,52,0,0,2,50
0x66b57f,0%,2,0,2,0,0,2,0
0x635673,0%,2,0,2,0,0,2,0
0x7cee08,0%,2,0,2,0,2,0,0
0x66b212,96.1538%,2,50,52,50,0,2,0
0x7ceccf,0%,2,0,2,0,2,0,0
0x7cec69,0%,2,0,2,0,2,0,0
0xa7841a,0%,2,0,2,0,0,2,0
0x63f657,0%,2,0,2,0,0,2,0
0x642842,96.1538%,2,50,52,50,0,2,0
0x7b232e,0%,2,0,2,0,2,0,0
0x6303bf,0%,2,0,2,0,0,2,0
0x630ae1,0%,2,0,2,0,0,2,0
0x630a36,0%,2,0,2,0,0,2,0
0x63089b,0%,2,0,2,0,0,2,0
0x630871,0%,2,0,2,0,0,2,0
0x63074e,0%,2,0,2,0,0,2,0
0x630699,0%,2,0,2,0,0,2,0
0x6305d3,0%,2,0,2,0,0,2,0
0x630569,0%,2,0,2,0,0,2,0
0x630429,0%,2,0,2,0,0,2,0
0x6303e6,0%,2,0,2,0,0,2,0
0x630bae,0%,2,0,2,0,0,2,0
0x630358,0%,2,0,2,0,0,2,0
0x630331,0%,2,0,2,0,0,2,0
0x6302a3,0%,2,0,2,0,0,2,0
0x7cda13,96.1538%,2,50,52,0,0,2,50
0x63023c,0%,2,0,2,0,0,2,0
0x6300e5,0%,2,0,2,0,0,2,0
0x630020,0%,2,0,2,0,0,2,0
0x6051cc,0%,2,0,2,0,2,0,0
0x62ff79,0%,2,0,2,0,0,2,0
0x62ff3f,0%,2,0,2,0,0,2,0
0x631162,0%,2,0,2,0,0,2,0
0x7cdfd1,96.1538%,2,50,52,50,2,0,0
0x7cdf83,96.1538%,2,50,52,0,0,2,50
0x63138e,0%,2,0,2,0,0,2,0
0x631350,0%,2,0,2,0,0,2,0
0x62ebde,0%,2,0,2,0,0,2,0
0x657300,0%,2,0,2,0,0,2,0
0x63126c,96.1538%,2,50,52,0,0,2,50
0x631252,0%,2,0,2,0,0,2,0
0x62ebbe,0%,2,0,2,0,0,2,0
0x631187,96.1538%,2,50,52,0,0,2,50
0x7741fb,96.1538%,2,50,52,0,0,2,50
0x644ebf,0%,2,0,2,0,0,2,0
0x6310bd,96.1538%,2,50,52,50,0,2,0
0x7cdeb2,96.1538%,2,50,52,50,2,0,0
0x403ff4,66.6667%,2,4,6,4,2,0,0
0x65aa66,0%,2,0,2,0,0,2,0
0x630f80,0%,2,0,2,0,0,2,0
0x630f55,0%,2,0,2,0,0,2,0
0x630cff,0%,2,0,2,0,0,2,0
0x630c82,0%,2,0,2,0,0,2,0
0x926b6f,71.4286%,2,5,7,5,2,0,0
0x64a04c,99.9231%,2,2598,2600,0,0,2,2598
0x75978b,99.0385%,2,206,208,154,2,0,52
0x64de50,98%,2,98,100,0,0,2,98
0x64165b,0%,2,0,2,0,0,2,0
0x641e76,0%,2,0,2,0,0,2,0
0x7e7748,66.6667%,2,4,6,0,0,2,4
0x8c5d03,99.92%,2,2498,2500,0,0,2,2498
0x67ac80,0%,2,0,2,0,0,2,0
0x75dc47,85.7143%,2,12,14,0,0,2,12
0x652c57,99.9587%,2,4845,4847,0,0,2,4845
0x66eeac,99.8333%,2,1198,1200,0,0,2,1198
0x667bb3,99.0385%,2,206,208,206,2,0,0
0x772a17,0%,2,0,2,0,2,0,0
0x64e4d0,0%,2,0,2,0,0,2,0
0x8c537d,99.6%,2,498,500,399,1,1,99
0x602f3d,90.9091%,2,20,22,20,2,0,0
0x6433cb,96.1538%,2,50,52,0,0,2,50
0x949d9f,0%,2,0,2,0,2,0,0
0x7e733d,96.1538%,2,50,52,50,2,0,0
0x652b24,99.9573%,2,4678,4680,0,0,2,4678
0x8a4b47,0%,2,0,2,0,0,2,0
0x64ebad,93.75%,2,30,32,30,2,0,0
0x648891,75%,2,6,8,4,2,0,2
0x63fad8,0%,2,0,2,0,0,2,0
0x769706,98.0769%,2,102,104,0,0,2,102
0x646f20,0%,2,0,2,0,0,2,0
0x5f40cd,50%,2,2,4,2,2,0,0
0x614de6,99.9711%,2,6914,6916,6914,2,0,0
0x7ced3a,0%,2,0,2,0,2,0,0
0x63a6ba,75%,2,6,8,6,0,2,0
0x64f67c,0%,2,0,2,0,0,2,0
0x7b3bdf,0%,2,0,2,0,0,2,0
0x8c1fb0,0%,2,0,2,0,0,2,0
0x7e7bb9,96.1538%,2,50,52,0,0,2,50
0x7e893f,0%,2,0,2,0,0,2,0
0x646f52,0%,2,0,2,0,0,2,0
0x59806b,98.5294%,2,134,136,0,0,2,134
0x639a08,98%,2,98,100,0,0,2,98
0x7b006a,0%,2,0,2,0,0,2,0
0x64448b,0%,2,0,2,0,0,2,0
0x60904a,96.5517%,2,56,58,0,0,2,56
0xa3a134,50%,2,2,4,2,1,1,0
0x772a0f,0%,2,0,2,0,0,2,0
0x76c30c,0%,2,0,2,0,0,2,0
0x8bf9d1,96.1538%,2,50,52,50,0,2,0
0x6f50a7,0%,2,0,2,0,0,2,0
0x637300,99.2218%,2,255,257,0,0,2,255
0x65dee8,99.9231%,2,2598,2600,0,0,2,2598
0x643ef5,0%,2,0,2,0,0,2,0
0x686560,0%,2,0,2,0,2,0,0
0x65938c,96.1538%,2,50,52,0,0,2,50
0x7e7dd1,0%,2,0,2,0,2,0,0
0x64289a,0%,2,0,2,0,0,2,0
0x641b87,0%,2,0,2,0,0,2,0
0x75d919,95.4545%,2,42,44,42,0,2,0
0x64bbe8,0%,2,0,2,0,0,2,0
0x89fee2,0%,2,0,2,0,2,0,0
0x76c02a,95.4545%,2,42,44,0,0,2,42
0x654734,99.9765%,2,8519,8521,8519,2,0,0
0x76bcb0,0%,2,0,2,0,2,0,0
0x642aa2,0%,2,0,2,0,0,2,0
0x7728b2,96.1538%,2,50,52,50,0,2,0
0x92b08b,98%,2,98,100,98,2,0,0
0x641ae6,0%,2,0,2,0,0,2,0
0x640e1f,0%,2,0,2,0,0,2,0
0x6546da,99.9765%,2,8519,8521,8519,2,0,0
0xa234f6,94.1176%,2,32,34,0,0,2,32
0x6487ad,0%,2,0,2,0,0,2,0
0x7729c1,0%,2,0,2,0,0,2,0
0x76cf19,96.1538%,2,50,52,50,0,2,0
0x65b300,0%,2,0,2,0,0,2,0
0x6da63c,75%,2,6,8,0,0,2,6
0x769a13,50%,2,2,4,0,0,2,2
0x6491fd,85.7143%,2,12,14,12,0,2,0
0x64f8d8,0%,2,0,2,0,0,2,0
0x7affda,0%,2,0,2,0,0,2,0
0x632e61,0%,2,0,2,0,0,2,0
0x64f885,0%,2,0,2,0,0,2,0
0x7650c3,98.0769%,2,102,104,0,0,2,102
0x647498,99.9231%,2,2598,2600,0,0,2,2598
0x621587,83.3333%,2,10,12,0,0,2,10
0x6470cf,96.1538%,2,50,52,50,0,2,0
0x8be96a,0%,2,0,2,0,0,2,0
0x7cf6bf,0%,2,0,2,0,2,0,0
0x7675a3,87.5%,2,14,16,14,0,2,0
0x76d8b6,95.4545%,2,42,44,42,0,2,0
0x61705c,96.1538%,2,50,52,50,0,2,0
0x76744a,87.5%,2,14,16,0,0,2,14
0x773a2e,96.1538%,2,50,52,50,2,0,0
0x8c160b,98.4733%,2,129,131,30,1,1,99
0x429936,98.3871%,2,122,124,0,0,2,122
0x63e351,75%,2,6,8,0,0,2,6
0x67b974,0%,2,0,2,0,0,2,0
0x597f0c,75%,2,6,8,6,0,2,0
0x7bd545,80%,2,8,10,0,0,2,8
0x6660e3,96.1538%,2,50,52,0,0,2,50
0x7b4266,0%,2,0,2,0,0,2,0
0x62f9df,0%,2,0,2,0,0,2,0
0x62ec3e,0%,2,0,2,0,0,2,0
0x763588,95.4545%,2,42,44,42,0,2,0
0x9fb5c1,99.2337%,2,259,261,259,2,0,0
0x596d7a,98.7654%,2,160,162,0,0,2,160
0x64bb62,0%,2,0,2,0,0,2,0
0x63e32d,75%,2,6,8,0,0,2,6
0xa24423,99.839%,2,1240,1242,1,1,1,1239
0x768082,98.0769%,2,102,104,0,0,2,102
0x66a6ac,96.1538%,2,50,52,0,0,2,50
0x766b9d,98.0769%,2,102,104,0,0,2,102
0x62e83e,0%,2,0,2,0,0,2,0
0xa31d31,99.9812%,2,10623,10625,0,0,2,10623
0x8c54fc,99.92%,2,2498,2500,0,0,2,2498
0x9f8da8,99.2337%,2,259,261,259,2,0,0
0x66f195,93.75%,2,30,32,30,0,2,0
0x64fa0f,0%,2,0,2,0,0,2,0
0x65a4b9,0%,2,0,2,0,0,2,0
0x7b3433,96.1538%,2,50,52,50,0,2,0
0x66e6ac,97.5%,2,78,80,0,0,2,78
0x7e89c9,96.1538%,2,50,52,50,2,0,0
0xa765e1,96.1538%,2,50,52,0,0,2,50
0x646d6f,96.1538%,2,50,52,0,0,2,50
0x62ed3e,0%,2,0,2,0,0,2,0
0x639cfb,0%,2,0,2,0,0,2,0
0x75f309,0%,2,0,2,0,2,0,0
0x63b34d,0%,2,0,2,0,0,2,0
0x65b067,0%,2,0,2,0,0,2,0
0x64c22d,0%,2,0,2,0,0,2,0
0x92703f,96.2963%,2,52,54,0,0,2,52
0x7a8e1a,50%,2,2,4,0,0,2,2
0x630e80,0%,2,0,2,0,0,2,0
0x641d09,0%,2,0,2,0,0,2,0
0x76e86d,66.6667%,2,4,6,3,2,0,1
0x7651cb,0%,2,0,2,0,0,2,0
0x640945,0%,2,0,2,0,0,2,0
0x659f8d,0%,2,0,2,0,2,0,0
0x765bba,98.0769%,2,102,104,0,0,2,102
0x7b3c9d,0%,2,0,2,0,2,0,0
0x63a6c4,0%,2,0,2,0,0,2,0
0x6550f6,99.9794%,2,9693,9695,0,0,2,9693
0x64d85e,75%,2,6,8,4,2,0,2
0x762555,0%,2,0,2,0,0,2,0
0x7cbf05,0%,2,0,2,0,0,2,0
0x63bfed,99.0385%,2,206,208,0,0,2,206
0x769a7e,50%,2,2,4,0,0,2,2
0x76ffec,96.1538%,2,50,52,0,0,2,50
0x649e83,98%,2,98,100,0,0,2,98
0xa78386,99.998%,2,99859,99861,0,0,2,99859
0x66a6c2,99.0385%,2,206,208,154,2,0,52
0x62f267,0%,2,0,2,0,0,2,0
0x7e8893,96.1538%,2,50,52,0,0,2,50
0x65abda,0%,2,0,2,0,0,2,0
0x67ab01,0%,2,0,2,0,0,2,0
0x64a075,98%,2,98,100,0,0,2,98
0x652698,99.8927%,2,1862,1864,0,0,2,1862
0x8a0198,0%,2,0,2,0,0,2,0
0x635202,0%,2,0,2,0,0,2,0
0x6616b6,0%,2,0,2,0,2,0,0
0x772513,75%,2,6,8,4,2,0,2
0x63f6fc,0%,2,0,2,0,0,2,0
0x5ed066,0%,2,0,2,0,0,2,0
0x648d64,85.7143%,2,12,14,0,0,2,12
0x659a9f,0%,2,0,2,0,0,2,0
0x653a02,0%,2,0,2,0,0,2,0
0x65a296,85.7143%,2,12,14,12,0,2,0
0x649a07,0%,2,0,2,0,0,2,0
0x7e75da,96.1538%,2,50,52,50,2,0,0
0x961395,98.7421%,2,157,159,0,0,2,157
0x89fcea,75%,2,6,8,0,0,2,6
0x42a2ac,0%,2,0,2,0,0,2,0
0x648999,0%,2,0,2,0,0,2,0
0x62ea7e,0%,2,0,2,0,0,2,0
0xa2e1da,99.9963%,2,54538,54540,0,0,2,54538
0x6600a8,0%,2,0,2,0,0,2,0
0x65e31a,98%,2,98,100,0,0,2,98
0x7b3aff,0%,2,0,2,0,2,0,0
0x687fa2,0%,2,0,2,0,0,2,0
0x648b33,0%,2,0,2,0,0,2,0
0x63a209,98%,2,98,100,0,0,2,98
0x8c3c92,98%,2,98,100,0,0,2,98
0x5eff63,99.5074%,2,404,406,404,2,0,0
0x76a018,0%,2,0,2,0,2,0,0
0x632e06,88.8889%,2,16,18,16,0,2,0
0x755e1b,99.0385%,2,206,208,0,0,2,206
0x65b0c1,75%,2,6,8,5,1,1,1
0x64d5c0,0%,2,0,2,0,0,2,0
0x62f202,0%,2,0,2,0,0,2,0
0x926c88,75%,2,6,8,0,0,2,6
0x631869,0%,2,0,2,0,0,2,0
0x63ef3a,0%,2,0,2,0,0,2,0
0x62eafe,0%,2,0,2,0,0,2,0
0x6417f1,0%,2,0,2,0,0,2,0
0x66e82c,96.1538%,2,50,52,0,0,2,50
0x760f05,0%,2,0,2,0,0,2,0
0x5efb06,0%,2,0,2,0,0,2,0
0x769669,50%,2,2,4,0,0,2,2
0x647202,96.1538%,2,50,52,50,0,2,0
0x7e76db,0%,2,0,2,0,0,2,0
0x75cfae,0%,2,0,2,0,0,2,0
0x66ae7c,96.1538%,2,50,52,0,0,2,50
0x64b410,75%,2,6,8,6,0,2,0
0x75d02c,50%,2,2,4,2,0,2,0
0x8c5043,99.9231%,2,2598,2600,0,0,2,2598
0x64a67d,98%,2,98,100,98,2,0,0
0x8c5153,99.9231%,2,2598,2600,0,0,2,2598
0x618b30,99.9711%,2,6914,6916,0,0,2,6914
0x640eda,0%,2,0,2,0,0,2,0
0x67af59,0%,2,0,2,0,0,2,0
0x8c5207,98%,2,98,100,0,0,2,98
0x9e16d7,97.9167%,2,94,96,94,2,0,0
0x7b1c40,0%,2,0,2,0,2,0,0
0xa79efc,99.9971%,2,68781,68783,0,0,2,68781
0x686b90,96.1538%,2,50,52,50,0,2,0
0x641ac9,0%,2,0,2,0,0,2,0
0x5f4d5b,96.2963%,2,52,54,0,0,2,52
0x66b612,99.0385%,2,206,208,155,1,1,51
0x92b2f5,0%,2,0,2,0,2,0,0
0x63f69d,0%,2,0,2,0,0,2,0
0x7615c3,0%,2,0,2,0,0,2,0
0x645848,0%,2,0,2,0,0,2,0
0x64617f,96.1538%,2,50,52,0,0,2,50
0x65989c,0%,2,0,2,0,0,2,0
0x6304db,0%,2,0,2,0,0,2,0
0xa79031,99.8519%,2,1348,1350,0,0,2,1348
0x65a3f6,0%,2,0,2,0,0,2,0
0x635c61,0%,2,0,2,0,0,2,0
0x661c25,0%,2,0,2,0,2,0,0
0x7ceed8,0%,2,0,2,0,2,0,0
0x66f372,75%,2,6,8,5,1,1,1
0x67a491,0%,2,0,2,0,0,2,0
0x67a8de,0%,2,0,2,0,0,2,0
0x8c492a,99.9846%,2,12998,13000,0,0,2,12998
0x8c3ca1,98%,2,98,100,0,0,2,98
0x7aaaeb,0%,2,0,2,0,0,2,0
0x62e9de,0%,2,0,2,0,0,2,0
0x64c553,99.95%,2,3998,4000,0,0,2,3998
0x7cf412,0%,2,0,2,0,0,2,0
0x641341,0%,2,0,2,0,0,2,0
0x7c8d4b,0%,2,0,2,0,0,2,0
0x8c5542,98%,2,98,100,0,0,2,98
0x762a5c,94.7368%,2,36,38,0,0,2,36
0x6867bc,0%,2,0,2,0,2,0,0
0x646b9f,96.1538%,2,50,52,0,0,2,50
0x7cbd46,96.1538%,2,50,52,0,0,2,50
0x63ed44,0%,2,0,2,0,0,2,0
0x67b0d9,0%,2,0,2,0,0,2,0
0x632c42,0%,2,0,2,0,0,2,0
0x8c0c25,99.92%,2,2498,2500,0,0,2,2498
0x598ad4,97.9167%,2,94,96,0,0,2,94
0x65a616,0%,2,0,2,0,0,2,0
0x64a77b,98%,2,98,100,98,2,0,0
0x92afdc,0%,2,0,2,0,0,2,0
0x75f88d,0%,2,0,2,0,0,2,0
0x769f72,0%,2,0,2,0,0,2,0
0x65af6c,75%,2,6,8,6,2,0,0
0xa3a2e6,50%,2,2,4,0,0,2,2
0xa769de,99.9906%,2,21276,21278,21276,0,2,0
0x64fe53,0%,2,0,2,0,2,0,0
0x7ccf12,0%,2,0,2,0,0,2,0
0x65d8cd,98%,2,98,100,0,0,2,98
0x639382,0%,2,0,2,0,0,2,0
0xa7853b,99.9751%,2,8022,8024,0,0,2,8022
0x650b60,0%,2,0,2,0,2,0,0
0x8c44ea,99.9231%,2,2598,2600,0,0,2,2598
0x6037e1,95.4545%,2,42,44,0,0,2,42
0x75e768,95.2381%,2,40,42,40,2,0,0
0x75990d,0%,2,0,2,0,2,0,0
0x7e7332,96.1538%,2,50,52,0,0,2,50
0x763016,0%,2,0,2,0,0,2,0
0x76b748,95.4545%,2,42,44,0,0,2,42
0x75fa05,66.6667%,2,4,6,3,1,1,1
0x64336a,0%,2,0,2,0,0,2,0
0x7783a2,99%,2,198,200,0,0,2,198
0x7b426f,0%,2,0,2,0,0,2,0
0x65aa84,0%,2,0,2,0,0,2,0
0x9285e3,99.9587%,2,4845,4847,4845,2,0,0
0x76baca,0%,2,0,2,0,0,2,0
0x8c0322,98%,2,98,100,0,0,2,98
0x658a2a,97.8022%,2,89,91,89,0,2,0
0x8c2065,0%,2,0,2,0,0,2,0
0x64f24c,99.9939%,2,32638,32640,0,0,2,32638
0x95ac4c,0%,2,0,2,0,0,2,0
0x75f9c8,66.6667%,2,4,6,4,2,0,0
0xa7a553,99.9971%,2,68779,68781,0,0,2,68779
0x9f9941,99.8723%,2,1564,1566,0,0,2,1564
0x92c954,96.1538%,2,50,52,0,0,2,50
0x630b0d,0%,2,0,2,0,0,2,0
0x66f07c,97.9592%,2,96,98,0,0,2,96
0xa7a55c,99.9971%,2,68779,68781,68779,2,0,0
0x8c69a2,98%,2,98,100,98,2,0,0
0x64b601,0%,2,0,2,0,0,2,0
0x681c27,96.1538%,2,50,52,50,0,2,0
0x763223,0%,2,0,2,0,0,2,0
0x64038e,0%,2,0,2,0,0,2,0
0x645788,96.1538%,2,50,52,0,0,2,50
0xa38b13,66.6667%,2,4,6,4,2,0,0
0x64d433,0%,2,0,2,0,0,2,0
0xa43c98,99.9812%,2,10623,10625,0,0,2,10623
0x7d0203,0%,2,0,2,0,2,0,0
0x6316c2,0%,2,0,2,0,0,2,0
0x7cd7b0,96.1538%,2,50,52,50,0,2,0
0x63fdb9,75%,2,6,8,5,1,1,1
0x7cd5f3,96.1538%,2,50,52,0,0,2,50
0x5e8fd1,0%,2,0,2,0,0,2,0
0x643c4f,96.1538%,2,50,52,0,0,2,50
0x5e663b,96%,2,48,50,0,0,2,48
0x6315ab,0%,2,0,2,0,0,2,0
0x687801,0%,2,0,2,0,0,2,0
0x62f790,0%,2,0,2,0,0,2,0
0x599527,75%,2,6,8,6,2,0,0
0x644801,0%,2,0,2,0,0,2,0
0x8c5446,99.9231%,2,2598,2600,2598,2,0,0
0x7e8083,96.1538%,2,50,52,0,0,2,50
0x763534,95.4545%,2,42,44,0,0,2,42
0x7cb4d1,0%,2,0,2,0,0,2,0
0x613d45,91.6667%,2,22,24,0,0,2,22
0x6605a4,0%,2,0,2,0,2,0,0
0x772f72,96.1538%,2,50,52,0,0,2,50
0x8c61ef,99.9846%,2,12998,13000,0,0,2,12998
0x7cc661,96.1538%,2,50,52,0,0,2,50
0xa77e7d,99.9968%,2,62249,62251,0,0,2,62249
0x603507,0%,2,0,2,0,0,2,0
0x64b5aa,0%,2,0,2,0,0,2,0
0x7b43ec,0%,2,0,2,0,0,2,0
0x7b35ef,0%,2,0,2,0,2,0,0
0x67a5de,75%,2,6,8,6,0,2,0
0x8c211a,0%,2,0,2,0,0,2,0
0xa3a62a,50%,2,2,4,0,0,2,2
0x77468a,96.1538%,2,50,52,50,0,2,0
0x8c4bd3,99.9231%,2,2598,2600,0,0,2,2598
0xa397a5,71.4286%,2,5,7,5,2,0,0
0x7b43bd,0%,2,0,2,0,0,2,0
0x5984ac,98.0769%,2,102,104,0,0,2,102
0x5e889f,84.6154%,2,11,13,8,0,2,3
0x7e883c,0%,2,0,2,0,0,2,0
0x635db1,0%,2,0,2,0,0,2,0
0x949bc3,0%,2,0,2,0,0,2,0
0x65343e,0%,2,0,2,0,0,2,0
0x6454cc,0%,2,0,2,0,0,2,0
0x6453cc,0%,2,0,2,0,0,2,0
0x639e50,0%,2,0,2,0,0,2,0
0x76e15b,0%,2,0,2,0,0,2,0
0x636f1c,99.2218%,2,255,257,0,0,2,255
0x644f04,0%,2,0,2,0,0,2,0
0x6443f6,99.9808%,2,10398,10400,10398,2,0,0
0x6595d6,0%,2,0,2,0,0,2,0
0x65b4c0,0%,2,0,2,0,0,2,0
0x773add,96.1538%,2,50,52,0,0,2,50
0x6490dc,97.619%,2,82,84,0,0,2,82
0x76e9c3,71.4286%,2,5,7,5,2,0,0
0x76a325,0%,2,0,2,0,0,2,0
0x64609e,0%,2,0,2,0,0,2,0
0x633362,0%,2,0,2,0,0,2,0
0x669cca,0%,2,0,2,0,2,0,0
0x5fca4b,97.7273%,2,86,88,78,2,0,8
0x597d85,90%,2,18,20,16,2,0,2
0x777f84,99.0385%,2,206,208,0,0,2,206
0x644eba,0%,2,0,2,0,0,2,0
0x645ceb,0%,2,0,2,0,0,2,0
0x6317ed,88.8889%,2,16,18,16,0,2,0
0x7b1cf3,0%,2,0,2,0,2,0,0
0x645bdb,96.1538%,2,50,52,0,0,2,50
0x63149d,96.1538%,2,50,52,0,0,2,50
0x65aa5b,85.7143%,2,12,14,12,0,2,0
0x636ba3,99.2218%,2,255,257,0,0,2,255
0xa765d6,96.1538%,2,50,52,0,0,2,50
0xa3082b,99.9902%,2,20357,20359,0,0,2,20357
0x663bc6,0%,2,0,2,0,0,2,0
0x62eb3e,0%,2,0,2,0,0,2,0
0x608a5d,95.4545%,2,42,44,0,0,2,42
0x63cf02,75%,2,6,8,0,0,2,6
0x67aafc,75%,2,6,8,4,2,0,2
0x773c63,96.1538%,2,50,52,0,0,2,50
0x769e1e,0%,2,0,2,0,0,2,0
0x65afb8,0%,2,0,2,0,0,2,0
0x8bf04e,96.1538%,2,50,52,50,0,2,0
0x639d1e,0%,2,0,2,0,0,2,0
0x64e4c1,0%,2,0,2,0,0,2,0
0x62e95e,0%,2,0,2,0,0,2,0
0x6087f3,98.8636%,2,174,176,0,0,2,174
0xa765ff,97.9592%,2,96,98,0,0,2,96
0x6600d4,0%,2,0,2,0,0,2,0
0x76f689,85.7143%,2,12,14,0,0,2,12
0x648851,0%,2,0,2,0,0,2,0
0x67aa1e,75%,2,6,8,6,2,0,0
0x9fa85e,98.9529%,2,189,191,189,2,0,0
0xa39eaa,50%,2,2,4,0,0,2,2
0x76e109,0%,2,0,2,0,0,2,0
0x644cf4,0%,2,0,2,0,0,2,0
0x644bfc,0%,2,0,2,0,0,2,0
0x637295,99.2218%,2,255,257,255,2,0,0
0x688576,0%,2,0,2,0,2,0,0
0x65043c,96.1538%,2,50,52,0,0,2,50
0xa797e1,98.8439%,2,171,173,0,0,2,171
0x9ff1a7,93.3333%,2,28,30,18,2,0,10
0x76db78,97.7273%,2,86,88,42,2,0,44
0x8c2110,0%,2,0,2,0,0,2,0
0x65a53f,0%,2,0,2,0,0,2,0
0x64c816,0%,2,0,2,0,0,2,0
0x67ba05,0%,2,0,2,0,0,2,0
0x64db26,97.5%,2,78,80,78,0,2,0
0x7631a8,0%,2,0,2,0,0,2,0
0x67b649,0%,2,0,2,0,0,2,0
0x648b8d,0%,2,0,2,0,0,2,0
0x7b3a69,0%,2,0,2,0,2,0,0
0x772d5b,0%,2,0,2,0,2,0,0
0x76fe3a,50%,2,2,4,2,2,0,0
0x649ca9,0%,2,0,2,0,0,2,0
0x63eec8,0%,2,0,2,0,0,2,0
0x62f3f1,0%,2,0,2,0,0,2,0
0x642a1d,96.1538%,2,50,52,50,0,2,0
0x663755,97.5%,2,78,80,78,0,2,0
0x5f2c33,0%,2,0,2,0,2,0,0
0x64d2d7,99.5%,2,398,400,398,2,0,0
0x64747f,96.1538%,2,50,52,0,0,2,50
0x772e34,0%,2,0,2,0,2,0,0
0x603246,90.9091%,2,20,22,0,0,2,20
0x660acd,0%,2,0,2,0,2,0,0
0x771f2a,0%,2,0,2,0,2,0,0
0x5f3303,99.7976%,2,986,988,0,0,2,986
0x63c2a9,75%,2,6,8,0,0,2,6
0x76fec6,0%,2,0,2,0,0,2,0
0x64d6a8,0%,2,0,2,0,0,2,0
0x5e61e8,75%,2,6,8,4,2,0,2
0x67a9f7,0%,2,0,2,0,0,2,0
0x6473cf,0%,2,0,2,0,0,2,0
0x8c568f,99.9846%,2,12998,13000,12998,2,0,0
0x772563,96.1538%,2,50,52,0,0,2,50
0x6361b2,0%,2,0,2,0,0,2,0
0x76fe46,50%,2,2,4,2,2,0,0
0x76dc65,95.4545%,2,42,44,42,0,2,0
0x65e178,99.9231%,2,2598,2600,0,0,2,2598
0x669d23,96.1538%,2,50,52,0,0,2,50
0x639bf8,98%,2,98,100,0,0,2,98
0x6467df,0%,2,0,2,0,0,2,0
0x655152,99.9451%,2,3639,3641,0,0,2,3639
0x64664a,0%,2,0,2,0,0,2,0
0x67a198,0%,2,0,2,0,0,2,0
0x8bf78f,96.1538%,2,50,52,50,0,2,0
0x647241,0%,2,0,2,0,0,2,0
0x76f4ae,85.7143%,2,12,14,0,0,2,12
0x7730c3,96.1538%,2,50,52,0,0,2,50
0x6468a8,99.9231%,2,2598,2600,0,0,2,2598
0x657250,0%,2,0,2,0,0,2,0
0x67b2e8,0%,2,0,2,0,0,2,0
0x633311,0%,2,0,2,0,0,2,0
0x7edfe7,0%,2,0,2,0,2,0,0
0x42a4cd,91.6667%,2,22,24,15,1,1,7
0x7e70ed,0%,2,0,2,0,2,0,0
0x64986a,0%,2,0,2,0,0,2,0
0x5a6378,50%,2,2,4,2,2,0,0
0x64995a,0%,2,0,2,0,0,2,0
0x6544e9,99.9765%,2,8519,8521,0,0,2,8519
0x7edd70,0%,2,0,2,0,0,2,0
0x646eb8,99.9231%,2,2598,2600,0,0,2,2598
0x646ddf,96.1538%,2,50,52,50,0,2,0
0x62f6ea,0%,2,0,2,0,0,2,0
0x75fb8a,66.6667%,2,4,6,2,2,0,2
0x66fc53,99.0385%,2,206,208,0,0,2,206
0x67ae0d,0%,2,0,2,0,0,2,0
0x7b13b1,96.1538%,2,50,52,0,0,2,50
0x92d59b,96.1538%,2,50,52,50,0,2,0
0x63aee6,83.3333%,2,10,12,10,0,2,0
0x9f9285,0%,2,0,2,0,0,2,0
0x646a5f,96.1538%,2,50,52,0,0,2,50
0x8c2127,0%,2,0,2,0,0,2,0
0x646932,0%,2,0,2,0,0,2,0
0x7cf479,0%,2,0,2,0,0,2,0
0x641eb8,96.1538%,2,50,52,0,0,2,50
0x757a56,96.1538%,2,50,52,50,0,2,0
0x9ff099,85.7143%,2,12,14,12,2,0,0
0x6333fa,0%,2,0,2,0,0,2,0
0x77242b,0%,2,0,2,0,0,2,0
0x639afb,0%,2,0,2,0,0,2,0
0x8c358a,98%,2,98,100,0,0,2,98
0x63a24c,0%,2,0,2,0,0,2,0
0x961497,98.7421%,2,157,159,0,0,2,157
0x66e397,0%,2,0,2,0,0,2,0
0x657194,0%,2,0,2,0,0,2,0
0x598756,99.8397%,2,1246,1248,0,0,2,1246
0x7bc8e2,0%,2,0,2,0,0,2,0
0x64ac07,0%,2,0,2,0,0,2,0
0x77485d,0%,2,0,2,0,2,0,0
0x63a214,98%,2,98,100,98,2,0,0
0x65a686,0%,2,0,2,0,0,2,0
0xa7699f,99.9958%,2,47676,47678,47676,2,0,0
0x7cdd81,96.1538%,2,50,52,50,2,0,0
0x64f78b,0%,2,0,2,0,0,2,0
0x8c6aa3,98%,2,98,100,0,0,2,98
0x9feeef,85.7143%,2,12,14,10,0,2,2
0x6337ad,0%,2,0,2,0,0,2,0
0x6da2dc,50%,2,2,4,0,0,2,2
0x8c6237,99.9846%,2,12998,13000,12998,2,0,0
0x65b644,0%,2,0,2,0,0,2,0
0x7cb5ef,0%,2,0,2,0,2,0,0
0x6535cd,96.1538%,2,50,52,50,0,2,0
0x7b416d,0%,2,0,2,0,0,2,0
0x63401b,0%,2,0,2,0,0,2,0
0x64493a,0%,2,0,2,0,0,2,0
0x7cf357,96.1538%,2,50,52,50,0,2,0
0x6550ec,99.9794%,2,9692,9694,0,0,2,9692
0x8c5a97,98%,2,98,100,0,0,2,98
0x778d88,93.75%,2,30,32,0,0,2,30
0x639ea3,0%,2,0,2,0,0,2,0
0x7bced0,99.2308%,2,258,260,0,0,2,258
0x63a049,75%,2,6,8,0,0,2,6
0x65e2b8,99.9231%,2,2598,2600,0,0,2,2598
0x770da8,0%,2,0,2,0,2,0,0
0x7690c0,50%,2,2,4,0,0,2,2
0x9e17ca,97.9167%,2,94,96,0,0,2,94
0x5f42de,86.6667%,2,13,15,0,0,2,13
0x7aaa61,0%,2,0,2,0,0,2,0
0x8c4eec,99.9846%,2,12998,13000,0,0,2,12998
0x641f79,96.1538%,2,50,52,50,0,2,0
0x7aab46,0%,2,0,2,0,0,2,0
0x7739a3,96.1538%,2,50,52,0,0,2,50
0x63081b,0%,2,0,2,0,0,2,0
0x63167e,75%,2,6,8,4,2,0,2
0x7749b2,96.1538%,2,50,52,0,0,2,50
0xa30547,99.9963%,2,54538,54540,0,0,2,54538
0x67ba5d,0%,2,0,2,0,0,2,0
0x75e5f2,95.4545%,2,42,44,0,0,2,42
0x76d6c3,96.1538%,2,50,52,0,0,2,50
0x7e7fba,96.1538%,2,50,52,50,2,0,0
0x761ae5,0%,2,0,2,0,0,2,0
0x774669,96.1538%,2,50,52,0,0,2,50
0x8c5d0d,99.92%,2,2498,2500,2498,2,0,0
0x644295,0%,2,0,2,0,0,2,0
0x6306c9,0%,2,0,2,0,0,2,0
0x6392a7,66.6667%,2,4,6,0,2,0,4
0x63a17a,75%,2,6,8,4,2,0,2
0x64c1e2,0%,2,0,2,0,0,2,0
0x774967,0%,2,0,2,0,0,2,0
0x66f617,0%,2,0,2,0,0,2,0
0x64da53,97.5%,2,78,80,0,0,2,78
0x5f240f,0%,2,0,2,0,2,0,0
0x641a84,75%,2,6,8,6,0,2,0
0x7b2b01,0%,2,0,2,0,0,2,0
0x65053a,0%,2,0,2,0,2,0,0
0x65abd1,75%,2,6,8,6,0,2,0
0x760c75,0%,2,0,2,0,0,2,0
0x95ac32,0%,2,0,2,0,0,2,0
0x67b880,0%,2,0,2,0,0,2,0
0x646357,0%,2,0,2,0,0,2,0
0x8a4a17,0%,2,0,2,0,0,2,0
0x63f0f1,0%,2,0,2,0,0,2,0
0x660815,0%,2,0,2,0,2,0,0
0x75cd3d,0%,2,0,2,0,0,2,0
0x774083,96.1538%,2,50,52,0,0,2,50
0x64aa4c,98%,2,98,100,0,0,2,98
0x8bcf0d,0%,2,0,2,0,2,0,0
0x5ed21e,0%,2,0,2,0,0,2,0
0x639557,98%,2,98,100,0,0,2,98
0x63f2e0,0%,2,0,2,0,0,2,0
0x7cde63,96.1538%,2,50,52,0,0,2,50
0x639207,95%,2,38,40,0,2,0,38
0x7ccb2f,50%,1,1,2,0,0,1,1
0x7cbe47,50%,1,1,2,0,0,1,1
0x7cbf46,50%,1,1,2,0,0,1,1
0x62fcc8,50%,1,1,2,0,0,1,1
0x7b0076,50%,1,1,2,1,1,0,0
0x5f0e62,50%,1,1,2,0,0,1,1
0xa22775,99.9066%,1,1070,1071,0,0,1,1070
0x404c5c,95.4545%,1,21,22,21,1,0,0
0x7cb6f1,50%,1,1,2,0,0,1,1
0x59446e,87.5%,1,7,8,7,1,0,0
0x9f80cf,99.4764%,1,190,191,190,1,0,0
0x7b001b,50%,1,1,2,0,0,1,1
0x9f99ff,93.75%,1,15,16,3,1,0,12
0x5fcfa4,98.8636%,1,87,88,87,1,0,0
0x63a729,87.5%,1,7,8,0,0,1,7
0x617eff,99.9747%,1,3951,3952,0,0,1,3951
0x65e9d7,99%,1,99,100,0,0,1,99
0x5f6620,99.9025%,1,1025,1026,0,0,1,1025
0x7b0104,50%,1,1,2,0,0,1,1
0x657466,50%,1,1,2,0,0,1,1
0x763149,50%,1,1,2,0,0,1,1
0x614a7a,99.6241%,1,265,266,0,0,1,265
0x76154b,50%,1,1,2,0,0,1,1
0x7595a1,0%,1,0,1,0,0,1,0
0x763122,50%,1,1,2,0,0,1,1
0x760d95,97.619%,1,41,42,0,0,1,41
0x7cc777,50%,1,1,2,0,0,1,1
0x5e882b,92.3077%,1,12,13,0,0,1,12
0x763049,50%,1,1,2,0,0,1,1
0x5f1349,50%,1,1,2,0,0,1,1
0x75f8b9,50%,1,1,2,0,0,1,1
0x7cca83,50%,1,1,2,1,1,0,0
0x761546,50%,1,1,2,0,0,1,1
0x772af3,98.0769%,1,51,52,0,0,1,51
0x618ad3,99.9855%,1,6915,6916,0,0,1,6915
0x75fb49,50%,1,1,2,0,0,1,1
0xa22e4f,97.0588%,1,33,34,33,1,0,0
0x7cdd76,98.0769%,1,51,52,0,0,1,51
0x7bc88c,98.0769%,1,51,52,51,1,0,0
0x7633dd,50%,1,1,2,0,0,1,1
0x7e81d9,98.0769%,1,51,52,51,1,0,0
0x75cac0,87.5%,1,7,8,6,0,1,1
0x774b86,50%,1,1,2,0,0,1,1
0x63edec,50%,1,1,2,0,0,1,1
0x75c94d,90%,1,9,10,0,0,1,9
0x63e33f,87.5%,1,7,8,0,0,1,7
0x616ece,98.0769%,1,51,52,0,0,1,51
0x4a2ee8,83.3333%,1,5,6,5,1,0,0
0x63413f,50%,1,1,2,0,0,1,1
0x63306d,50%,1,1,2,0,0,1,1
0x75fbc3,98.0769%,1,51,52,0,0,1,51
0x7aff86,50%,1,1,2,0,0,1,1
0x67aec9,50%,1,1,2,0,0,1,1
0x761d03,97.7273%,1,43,44,0,0,1,43
0x40753f,97.2222%,1,35,36,0,0,1,35
0x761b0c,83.3333%,1,5,6,3,1,0,2
0x773b47,98.0769%,1,51,52,51,1,0,0
0x685faa,50%,1,1,2,0,0,1,1
0x7a9816,99%,1,99,100,0,0,1,99
0x66e337,50%,1,1,2,0,0,1,1
0x65c758,50%,1,1,2,1,1,0,0
0x4a4410,75%,1,3,4,3,1,0,0
0x681fd1,75%,1,3,4,0,0,1,3
0x68228e,50%,1,1,2,0,0,1,1
0x76fb48,85.7143%,1,6,7,0,1,0,6
0x68229a,50%,1,1,2,1,1,0,0
0xa24bd5,99.2%,1,124,125,0,0,1,124
0x7aa1ed,50%,1,1,2,0,0,1,1
0x8a010d,50%,1,1,2,1,1,0,0
0x652817,99.9988%,1,84270,84271,84270,1,0,0
0x64f94b,50%,1,1,2,0,0,1,1
0x7a993d,99%,1,99,100,0,0,1,99
0x761ea4,50%,1,1,2,0,0,1,1
0x761f91,50%,1,1,2,0,0,1,1
0x7a8d4b,99%,1,99,100,0,0,1,99
0x5ea3cc,50%,1,1,2,0,0,1,1
0x77409d,98.0769%,1,51,52,0,0,1,51
0x6168f3,98.0769%,1,51,52,0,0,1,51
0x8c0102,50%,1,1,2,0,0,1,1
0x76a988,50%,1,1,2,0,0,1,1
0x75e583,83.3333%,1,5,6,4,0,1,1
0x7629db,50%,1,1,2,0,0,1,1
0x7aaed3,98.1481%,1,53,54,0,0,1,53
0x8c15ab,98.8889%,1,89,90,0,0,1,89
0x658a51,50%,1,1,2,0,0,1,1
0x762b46,50%,1,1,2,0,0,1,1
0x635a1a,50%,1,1,2,0,0,1,1
0x75e59b,50%,1,1,2,0,0,1,1
0x60490e,97.7273%,1,43,44,43,1,0,0
0x7b046b,50%,1,1,2,0,0,1,1
0x7b436a,50%,1,1,2,0,0,1,1
0x65a656,50%,1,1,2,0,0,1,1
0x762df2,50%,1,1,2,0,0,1,1
0x63abbf,50%,1,1,2,0,0,1,1
0xa43e48,99.9906%,1,10624,10625,0,0,1,10624
0x774884,50%,1,1,2,1,1,0,0
0x8c46c6,99%,1,99,100,0,0,1,99
0x7aa74a,98.0769%,1,51,52,0,0,1,51
0x76d753,98.0769%,1,51,52,0,0,1,51
0x605cbf,95.4545%,1,21,22,0,0,1,21
0x5ed1bb,98.0769%,1,51,52,51,1,0,0
0x760f7d,97.7273%,1,43,44,0,0,1,43
0x7735cc,50%,1,1,2,1,1,0,0
0x770061,50%,1,1,2,0,0,1,1
0x7618cc,83.3333%,1,5,6,3,1,0,2
0x774846,50%,1,1,2,1,1,0,0
0x62f954,50%,1,1,2,0,0,1,1
0x77493c,98.0769%,1,51,52,0,0,1,51
0x7625dc,94.4444%,1,17,18,5,1,0,12
0x773266,98.0769%,1,51,52,51,1,0,0
0x7b2102,98.0769%,1,51,52,0,0,1,51
0x8c58ae,99.8%,1,499,500,0,0,1,499
0x77325b,98.0769%,1,51,52,0,0,1,51
0x64126c,50%,1,1,2,0,0,1,1
0x63c14b,99.5192%,1,207,208,0,0,1,207
0x67a280,50%,1,1,2,0,0,1,1
0x769a2d,75%,1,3,4,0,0,1,3
0x7e80c9,98.0769%,1,51,52,51,1,0,0
0x8c3071,99%,1,99,100,0,0,1,99
0x92a5c8,98.9011%,1,90,91,0,0,1,90
0x8c4ceb,99%,1,99,100,0,0,1,99
0x8c04a2,50%,1,1,2,0,0,1,1
0x76d5e9,98.0769%,1,51,52,0,0,1,51
0x63d7df,87.5%,1,7,8,0,0,1,7
0x95aca4,50%,1,1,2,0,0,1,1
0x639aba,50%,1,1,2,0,0,1,1
0x7587d7,98.0769%,1,51,52,0,0,1,51
0x64f695,50%,1,1,2,0,0,1,1
0x6636fa,50%,1,1,2,0,0,1,1
0x75d18e,50%,1,1,2,0,0,1,1
0x66f737,50%,1,1,2,0,0,1,1
0x65a452,50%,1,1,2,0,0,1,1
0x4ba05f,50%,1,1,2,0,0,1,1
0x4a4322,50%,1,1,2,1,1,0,0
0x6f3e71,50%,1,1,2,0,0,1,1
0x8a4a96,75%,1,3,4,1,1,0,2
0xa90dcd,75%,1,3,4,0,0,1,3
0x9e095c,99.8663%,1,747,748,0,0,1,747
0x7cc44d,50%,1,1,2,1,1,0,0
0x7577cb,98.0769%,1,51,52,0,0,1,51
0x75fad4,50%,1,1,2,1,1,0,0
0x7c88ef,50%,1,1,2,0,0,1,1
0x75c439,50%,1,1,2,0,0,1,1
0x42ae98,87.5%,1,7,8,7,1,0,0
0x76dc93,50%,1,1,2,0,0,1,1
0x76ec0d,85.7143%,1,6,7,6,1,0,0
0x6497d4,50%,1,1,2,0,0,1,1
0x8c1fa1,50%,1,1,2,0,0,1,1
0x7e7c79,98.0769%,1,51,52,0,0,1,51
0x7ccc3e,50%,1,1,2,0,0,1,1
0x769590,75%,1,3,4,0,0,1,3
0x6f54da,50%,1,1,2,1,1,0,0
0x7e660d,50%,1,1,2,0,0,1,1
0x64520d,98.0769%,1,51,52,51,1,0,0
0x6f5508,50%,1,1,2,1,1,0,0
0x9fb7f0,99.6169%,1,260,261,260,1,0,0
0x95a60c,98.0769%,1,51,52,0,0,1,51
0x648947,50%,1,1,2,0,0,1,1
0x5f1241,98.1481%,1,53,54,0,0,1,53
0x6e6814,50%,1,1,2,1,1,0,0
0x7cde43,98.0769%,1,51,52,0,0,1,51
0x7cd284,50%,1,1,2,1,1,0,0
0x64ec00,96.875%,1,31,32,0,0,1,31
0x64fb62,50%,1,1,2,0,0,1,1
0x760794,50%,1,1,2,0,0,1,1
0x67a15b,87.5%,1,7,8,6,0,1,1
0x7b3b6e,50%,1,1,2,0,0,1,1
0x598de8,99.0385%,1,103,104,0,0,1,103
0x767156,50%,1,1,2,0,0,1,1
0x7689c5,75%,1,3,4,0,0,1,3
0x65b26f,50%,1,1,2,0,0,1,1
0xa3087a,99.9866%,1,7435,7436,0,0,1,7435
0x65ec79,99%,1,99,100,0,0,1,99
0x5ea7fb,50%,1,1,2,0,0,1,1
0x7a995c,99%,1,99,100,0,0,1,99
0x75d769,50%,1,1,2,0,0,1,1
0x597dec,87.5%,1,7,8,0,0,1,7
0x7b1c2c,50%,1,1,2,1,1,0,0
0x760b76,50%,1,1,2,1,1,0,0
0x7b1c67,50%,1,1,2,1,1,0,0
0x7b2d2f,50%,1,1,2,1,1,0,0
0x8c671b,99%,1,99,100,0,0,1,99
0x67b280,50%,1,1,2,0,0,1,1
0x76e0ea,50%,1,1,2,0,0,1,1
0x63806f,99.6109%,1,256,257,0,0,1,256
0x7b2288,50%,1,1,2,1,1,0,0
0x603184,95.4545%,1,21,22,0,0,1,21
0x769498,99.0385%,1,103,104,0,0,1,103
0x75d7c4,50%,1,1,2,0,0,1,1
0x65888b,98.9011%,1,90,91,0,0,1,90
0x76af83,50%,1,1,2,0,0,1,1
0x6052df,50%,1,1,2,1,1,0,0
0x42a6d1,83.3333%,1,5,6,5,1,0,0
0x7628ad,83.3333%,1,5,6,0,0,1,5
0xa78051,75%,1,3,4,0,0,1,3
0x4049bd,83.3333%,1,5,6,5,1,0,0
0xa76a8a,99.8759%,1,805,806,0,0,1,805
0x95aa1f,50%,1,1,2,0,0,1,1
0x42a8b1,97.3684%,1,37,38,37,1,0,0
0x7cb982,98.0769%,1,51,52,0,0,1,51
0x6086eb,50%,1,1,2,0,0,1,1
0x759685,98.0769%,1,51,52,0,0,1,51
0x961938,99.3711%,1,158,159,0,0,1,158
0x7e7e08,50%,1,1,2,1,1,0,0
0x769172,75%,1,3,4,3,1,0,0
0x6da745,50%,1,1,2,1,1,0,0
0x6330c4,50%,1,1,2,0,0,1,1
0x76a97a,50%,1,1,2,0,0,1,1
0x7d005a,50%,1,1,2,1,1,0,0
0x8c32e1,99%,1,99,100,0,0,1,99
0x42a8ab,97.3684%,1,37,38,0,0,1,37
0x7b0df3,98.0769%,1,51,52,0,0,1,51
0x7cfb4a,50%,1,1,2,0,0,1,1
0x75f01d,50%,1,1,2,0,0,1,1
0x7cf4f8,50%,1,1,2,0,0,1,1
0x76b65e,97.7273%,1,43,44,0,0,1,43
0x66f79f,50%,1,1,2,0,0,1,1
0x7cd046,98.0769%,1,51,52,51,1,0,0
0x7cf466,50%,1,1,2,0,0,1,1
0x76fa7a,85.7143%,1,6,7,6,1,0,0
0x7cf086,98.0769%,1,51,52,0,0,1,51
0x75f983,50%,1,1,2,0,0,1,1
0x7ceb9d,50%,1,1,2,1,1,0,0
0xa0f5f9,97.0588%,1,33,34,0,0,1,33
0x7ceb37,50%,1,1,2,1,1,0,0
0x7cea9a,50%,1,1,2,0,0,1,1
0x75f9ec,83.3333%,1,5,6,0,0,1,5
0x65141c,96.875%,1,31,32,31,1,0,0
0x64688f,98.0769%,1,51,52,0,0,1,51
0xa43d79,99.9906%,1,10624,10625,0,0,1,10624
0x778c09,87.5%,1,7,8,0,0,1,7
0x928a35,99.3711%,1,158,159,0,0,1,158
0x64ae86,50%,1,1,2,0,0,1,1
0x65aeaa,50%,1,1,2,0,0,1,1
0x927233,90%,1,9,10,1,0,1,8
0x67ba4b,50%,1,1,2,0,0,1,1
0x75bbb0,97.7273%,1,43,44,0,0,1,43
0x7700b5,50%,1,1,2,1,1,0,0
0x76fed4,50%,1,1,2,1,1,0,0
0xa224d8,99.9307%,1,1442,1443,0,0,1,1442
0x8c20da,50%,1,1,2,0,0,1,1
0x76b642,97.7273%,1,43,44,0,0,1,43
0x42bc5c,83.3333%,1,5,6,5,1,0,0
0x67ad49,50%,1,1,2,0,0,1,1
0x7cb764,50%,1,1,2,0,0,1,1
0x778bcc,87.5%,1,7,8,0,0,1,7
0x76b763,97.7273%,1,43,44,0,0,1,43
0x769ef9,50%,1,1,2,1,1,0,0
0x7e7da3,50%,1,1,2,1,1,0,0
0x762225,97.7273%,1,43,44,43,1,0,0
0x7cb493,50%,1,1,2,1,1,0,0
0x63f04c,50%,1,1,2,0,0,1,1
0x8c4b3d,99%,1,99,100,0,0,1,99
0x6455ba,50%,1,1,2,0,0,1,1
0x607dda,50%,1,1,2,0,0,1,1
0x7d0014,50%,1,1,2,1,1,0,0
0x778d63,87.5%,1,7,8,0,0,1,7
0x590c01,87.5%,1,7,8,7,1,0,0
0x95aabf,98.0769%,1,51,52,51,1,0,0
0x7cd636,98.0769%,1,51,52,0,0,1,51
0xa39752,85.7143%,1,6,7,6,1,0,0
0x8c1678,83.3333%,1,5,6,5,0,1,0
0x75bb5e,50%,1,1,2,0,0,1,1
0x65144b,50%,1,1,2,0,0,1,1
0x8c47dc,99.9923%,1,12999,13000,12999,1,0,0
0xa43c8a,99.9906%,1,10624,10625,0,0,1,10624
0x7b07da,50%,1,1,2,1,1,0,0
0xa39934,85.7143%,1,6,7,0,0,1,6
0x76e11d,50%,1,1,2,1,1,0,0
0x7e73a0,50%,1,1,2,0,0,1,1
0x757be3,98.0769%,1,51,52,0,0,1,51
0x757b23,98.0769%,1,51,52,0,0,1,51
0x757c13,98.0769%,1,51,52,0,0,1,51
0xa76a40,99.9953%,1,21277,21278,0,0,1,21277
0x7cd4ac,98.0769%,1,51,52,0,0,1,51
0x75fc28,98.0769%,1,51,52,0,0,1,51
0x755ecb,99.5192%,1,207,208,0,0,1,207
0x8c4765,99.8%,1,499,500,0,0,1,499
0x64b59b,50%,1,1,2,0,0,1,1
0x7e7689,50%,1,1,2,0,0,1,1
0x960e8c,99.2%,1,124,125,0,0,1,124
0x685130,83.3333%,1,5,6,5,1,0,0
0x7aeebd,50%,1,1,2,1,1,0,0
0x7603a3,87.5%,1,7,8,0,0,1,7
0x67a346,50%,1,1,2,0,0,1,1
0x630e42,50%,1,1,2,0,0,1,1
0x76f420,92.8571%,1,13,14,0,0,1,13
0x7b30a8,50%,1,1,2,0,0,1,1
0x7cdf63,98.0769%,1,51,52,0,0,1,51
0x95a275,50%,1,1,2,0,0,1,1
0x76db8f,97.7273%,1,43,44,43,1,0,0
0x7b1393,98.0769%,1,51,52,0,0,1,51
0x8c4fef,99%,1,99,100,0,0,1,99
0x63fcbc,50%,1,1,2,0,0,1,1
0x769c5e,50%,1,1,2,0,0,1,1
0x8a8938,90%,1,9,10,0,0,1,9
0x949ffc,50%,1,1,2,0,0,1,1
0x685d4b,50%,1,1,2,1,1,0,0
0x769b39,75%,1,3,4,3,1,0,0
0x7578e3,98.0769%,1,51,52,0,0,1,51
0x7cdb86,98.0769%,1,51,52,0,0,1,51
0x76e68c,85.7143%,1,6,7,4,1,0,2
0x7cdb53,98.0769%,1,51,52,0,0,1,51
0x67b9d7,50%,1,1,2,0,0,1,1
0xa39603,85.7143%,1,6,7,6,1,0,0
0x76c82b,97.7273%,1,43,44,0,0,1,43
0x8bef18,99.5192%,1,207,208,0,0,1,207
0x63c796,99.6109%,1,256,257,0,0,1,256
0x658b7c,50%,1,1,2,0,0,1,1
0x6316a2,50%,1,1,2,0,0,1,1
0x65970c,98.0769%,1,51,52,0,0,1,51
0x631662,50%,1,1,2,0,0,1,1
0x659b3a,98.0769%,1,51,52,0,0,1,51
0x631567,99.7863%,1,467,468,0,0,1,467
0x8c1548,99%,1,99,100,0,0,1,99
0xa3959d,85.7143%,1,6,7,0,0,1,6
0x8a4b34,50%,1,1,2,0,0,1,1
0x640cb4,50%,1,1,2,0,0,1,1
0x645474,50%,1,1,2,0,0,1,1
0x6314f8,50%,1,1,2,0,0,1,1
0x66ebc5,98.0769%,1,51,52,0,0,1,51
0x63ecc1,50%,1,1,2,0,0,1,1
0x65cd67,99.9615%,1,2599,2600,0,0,1,2599
0x621628,96.875%,1,31,32,0,0,1,31
0x929894,99.2%,1,124,125,0,0,1,124
0x66a46c,98.0769%,1,51,52,0,0,1,51
0x645100,50%,1,1,2,0,0,1,1
0x926b2b,85.7143%,1,6,7,6,1,0,0
0xa7a730,99.6109%,1,256,257,0,0,1,256
0x65b285,50%,1,1,2,0,0,1,1
0x92b0e0,50%,1,1,2,0,0,1,1
0x7597c9,50%,1,1,2,0,0,1,1
0x658be2,50%,1,1,2,0,0,1,1
0x960da4,99.3711%,1,158,159,0,0,1,158
0x647508,50%,1,1,2,0,0,1,1
0x6041e4,97.7273%,1,43,44,43,1,0,0
0x6324c6,50%,1,1,2,0,0,1,1
0x66eda5,98.0769%,1,51,52,0,0,1,51
0x635462,50%,1,1,2,0,0,1,1
0x638719,99.6109%,1,256,257,0,0,1,256
0x6d92f5,93.75%,1,15,16,11,1,0,4
0x631312,50%,1,1,2,0,0,1,1
0x641847,50%,1,1,2,0,0,1,1
0x645b83,50%,1,1,2,0,0,1,1
0x64fdeb,50%,1,1,2,1,1,0,0
0x8c156f,99%,1,99,100,0,0,1,99
0x5fcabb,98.8636%,1,87,88,79,1,0,8
0x63ee40,50%,1,1,2,0,0,1,1
0x652b8c,99.9786%,1,4679,4680,0,0,1,4679
0x7b43f5,50%,1,1,2,0,0,1,1
0x7aad53,98.1481%,1,53,54,0,0,1,53
0x630ff7,98.0769%,1,51,52,0,0,1,51
0x593c99,87.5%,1,7,8,0,0,1,7
0x760c10,50%,1,1,2,0,0,1,1
0x6408a9,50%,1,1,2,0,0,1,1
0x62ed5a,50%,1,1,2,0,0,1,1
0x6399a2,50%,1,1,2,0,0,1,1
0x8c334c,99%,1,99,100,99,1,0,0
0x62fe9c,50%,1,1,2,0,0,1,1
0x7b32a6,50%,1,1,2,0,0,1,1
0x6458ec,98.0769%,1,51,52,0,0,1,51
0x65ee68,99.9615%,1,2599,2600,0,0,1,2599
0x6470e7,50%,1,1,2,0,0,1,1
0x633c9b,50%,1,1,2,0,0,1,1
0x6316fe,87.5%,1,7,8,5,1,0,2
0x62f82a,50%,1,1,2,0,0,1,1
0x64abe3,50%,1,1,2,0,0,1,1
0x63308e,50%,1,1,2,0,0,1,1
0x67a04a,50%,1,1,2,0,0,1,1
0x652c31,99.9794%,1,4846,4847,4846,1,0,0
0x64b6d1,50%,1,1,2,0,0,1,1
0x76ed5c,85.7143%,1,6,7,0,1,0,6
0x62fc68,50%,1,1,2,0,0,1,1
0x636f0a,99.6109%,1,256,257,0,0,1,256
0x659180,50%,1,1,2,0,0,1,1
0x6489d9,87.5%,1,7,8,6,0,1,1
0x62fb88,50%,1,1,2,0,0,1,1
0x631871,50%,1,1,2,0,0,1,1
0x62f874,50%,1,1,2,0,0,1,1
0x67ab0e,50%,1,1,2,0,0,1,1
0x7cfd14,50%,1,1,2,1,1,0,0
0x631723,50%,1,1,2,0,0,1,1
0xa7855f,99.9875%,1,8023,8024,0,0,1,8023
0x62eb9e,50%,1,1,2,0,0,1,1
0x634b28,99.8%,1,499,500,0,0,1,499
0x63db7a,99.5192%,1,207,208,0,0,1,207
0x76c1af,97.7273%,1,43,44,0,0,1,43
0x657354,50%,1,1,2,0,0,1,1
0xa77dd7,99.9969%,1,32757,32758,32757,1,0,0
0x643d2b,50%,1,1,2,0,0,1,1
0xa7a543,99.9985%,1,68780,68781,0,0,1,68780
0x7b40fe,50%,1,1,2,1,1,0,0
0x62f311,50%,1,1,2,0,0,1,1
0x62f2c7,50%,1,1,2,0,0,1,1
0x8c49be,99.9923%,1,12999,13000,12999,1,0,0
0xa7a6a3,99.6109%,1,256,257,0,0,1,256
0x67a228,50%,1,1,2,0,0,1,1
0x9e1604,98.9583%,1,95,96,0,0,1,95
0x4293a1,50%,1,1,2,0,0,1,1
0x64cf53,50%,1,1,2,0,0,1,1
0x63ed7c,50%,1,1,2,0,0,1,1
0xa7857e,99.9259%,1,1349,1350,1349,1,0,0
0x63ed98,50%,1,1,2,0,0,1,1
0x7cd756,98.0769%,1,51,52,0,0,1,51
0x630914,50%,1,1,2,0,0,1,1
0x6307f6,50%,1,1,2,0,0,1,1
0x5f3dc5,80%,1,4,5,3,1,0,1
0x630719,50%,1,1,2,0,0,1,1
0x6305f7,50%,1,1,2,0,0,1,1
0x4a3f78,50%,1,1,2,1,1,0,0
0x6503aa,50%,1,1,2,0,0,1,1
0x630474,50%,1,1,2,0,0,1,1
0x63027f,50%,1,1,2,0,0,1,1
0x59877b,99.9199%,1,1247,1248,0,0,1,1247
0x5ac6d3,99.8652%,1,741,742,0,0,1,741
0x8c17a4,87.5%,1,7,8,2,0,1,5
0x65b432,50%,1,1,2,0,0,1,1
0xa24399,99.802%,1,504,505,504,1,0,0
0x62ffd9,50%,1,1,2,0,0,1,1
0x658cd7,50%,1,1,2,1,1,0,0
0x62ff5e,50%,1,1,2,0,0,1,1
0x928aa7,99.3711%,1,158,159,0,0,1,158
0x66e1d7,50%,1,1,2,0,0,1,1
0x5f3b09,50%,1,1,2,0,0,1,1
0x7b44bb,50%,1,1,2,0,0,1,1
0x649e8c,99%,1,99,100,0,0,1,99
0x6397cb,50%,1,1,2,0,0,1,1
0x65358c,99.5192%,1,207,208,0,0,1,207
0x66f49f,50%,1,1,2,0,0,1,1
0x92c6df,99.9615%,1,2599,2600,0,0,1,2599
0x65fc5b,99.5192%,1,207,208,207,1,0,0
0x666303,98.0769%,1,51,52,0,0,1,51
0x64bd64,98.75%,1,79,80,0,0,1,79
0x5ed573,98.0769%,1,51,52,0,0,1,51
0x6599fa,98.0769%,1,51,52,0,0,1,51
0x5f15c2,97.3684%,1,37,38,0,0,1,37
0x634167,50%,1,1,2,0,0,1,1
0x646c58,50%,1,1,2,0,0,1,1
0x8befbb,98.0769%,1,51,52,51,1,0,0
0x6499e0,50%,1,1,2,0,0,1,1
0x6449cf,50%,1,1,2,0,0,1,1
0x633122,50%,1,1,2,0,0,1,1
0x7a9a6f,99%,1,99,100,0,0,1,99
0xa30869,99.994%,1,16578,16579,16578,1,0,0
0x633e3b,50%,1,1,2,0,0,1,1
0x63a187,50%,1,1,2,0,0,1,1
0x9277ee,98.9011%,1,90,91,89,0,1,1
0x641ca8,98.0769%,1,51,52,0,0,1,51
0x632fb6,50%,1,1,2,0,0,1,1
0x772ad3,98.0769%,1,51,52,0,0,1,51
0x66fc6c,99.5192%,1,207,208,0,0,1,207
0x40526d,83.3333%,1,5,6,5,1,0,0
0x66fd7f,99.5192%,1,207,208,0,0,1,207
0xa7a716,99.6109%,1,256,257,0,0,1,256
0x8bf1f6,99%,1,99,100,0,0,1,99
0x8bfbbd,99%,1,99,100,0,0,1,99
0x8bf223,99%,1,99,100,99,1,0,0
0x6347b3,50%,1,1,2,0,0,1,1
0x608926,50%,1,1,2,0,0,1,1
0x634792,50%,1,1,2,0,0,1,1
0x63bcd4,87.5%,1,7,8,0,0,1,7
0x76dd9b,97.619%,1,41,42,0,0,1,41
0x8bf9fc,50%,1,1,2,0,0,1,1
0x5f016a,99.8768%,1,811,812,405,1,0,406
0x772da2,50%,1,1,2,1,1,0,0
0x6038aa,97.7273%,1,43,44,21,1,0,22
0x64646f,98.0769%,1,51,52,0,0,1,51
0x8c158c,99%,1,99,100,0,0,1,99
0x66509b,50%,1,1,2,1,1,0,0
0x64667b,50%,1,1,2,0,0,1,1
0x66eef7,50%,1,1,2,0,0,1,1
0x643518,50%,1,1,2,0,0,1,1
0x666d7d,87.5%,1,7,8,0,0,1,7
0x5f73f0,98.6842%,1,75,76,37,1,0,38
0x771ef3,50%,1,1,2,1,1,0,0
0x64aefc,98.0769%,1,51,52,0,0,1,51
0x929adc,99.3711%,1,158,159,0,0,1,158
0x652726,99.9959%,1,24608,24609,0,0,1,24608
0x76ff63,98.0769%,1,51,52,0,0,1,51
0x5e91d7,50%,1,1,2,1,1,0,0
0x63825b,99.6109%,1,256,257,0,0,1,256
0x66ea17,50%,1,1,2,0,0,1,1
0x65b2aa,50%,1,1,2,0,0,1,1
0x603656,93.75%,1,15,16,0,0,1,15
0x634c4c,50%,1,1,2,0,0,1,1
0x7cffdb,50%,1,1,2,0,0,1,1
0x66afe8,50%,1,1,2,0,0,1,1
0x657f82,98.9011%,1,90,91,90,1,0,0
0x7cf091,98.0769%,1,51,52,51,1,0,0
0x8c5620,99.8%,1,499,500,0,0,1,499
0x661a29,50%,1,1,2,0,0,1,1
0x66af9c,98.0769%,1,51,52,0,0,1,51
0x635ba3,50%,1,1,2,0,0,1,1
0x66af0c,98.0769%,1,51,52,0,0,1,51
0x66ad59,50%,1,1,2,0,0,1,1
0x65883f,98.9011%,1,90,91,90,1,0,0
0x66ab0f,50%,1,1,2,0,0,1,1
0x64f3d7,87.5%,1,7,8,0,0,1,7
0x89ff41,50%,1,1,2,0,0,1,1
0x4049d6,83.3333%,1,5,6,0,0,1,5
0x6438e8,99.9615%,1,2599,2600,0,0,1,2599
0x66aa17,50%,1,1,2,0,0,1,1
0x76130e,50%,1,1,2,0,0,1,1
0x66ea57,50%,1,1,2,0,0,1,1
0x616f7c,98.0769%,1,51,52,0,0,1,51
0x6449d4,50%,1,1,2,0,0,1,1
0x66aa12,87.5%,1,7,8,5,1,0,2
0x64603a,50%,1,1,2,0,0,1,1
0x67a652,50%,1,1,2,0,0,1,1
0x63542b,50%,1,1,2,0,0,1,1
0x635d9b,50%,1,1,2,0,0,1,1
0x659bcf,50%,1,1,2,0,0,1,1
0x66b77c,98.0769%,1,51,52,0,0,1,51
0x757af3,98.0769%,1,51,52,0,0,1,51
0x646646,50%,1,1,2,0,0,1,1
0x646642,50%,1,1,2,0,0,1,1
0x5997d9,96.875%,1,31,32,7,1,0,24
0x8c2134,50%,1,1,2,0,0,1,1
0x64a64b,99%,1,99,100,99,1,0,0
0x64d689,50%,1,1,2,0,0,1,1
0x62e8de,50%,1,1,2,0,0,1,1
0x6465b8,99.9615%,1,2599,2600,0,0,1,2599
0x65abfe,50%,1,1,2,0,0,1,1
0x63c1cf,87.5%,1,7,8,0,0,1,7
0x634df0,50%,1,1,2,0,0,1,1
0x649860,50%,1,1,2,0,0,1,1
0x75d9a5,50%,1,1,2,0,0,1,1
0x5f30fd,50%,1,1,2,1,1,0,0
0x62eade,50%,1,1,2,0,0,1,1
0x65621b,99.9926%,1,13514,13515,0,0,1,13514
0x67b3a8,50%,1,1,2,0,0,1,1
0x66e8cc,99%,1,99,100,0,0,1,99
0x646c4f,50%,1,1,2,0,0,1,1
0x63c95a,99.6109%,1,256,257,0,0,1,256
0x7625ca,94.4444%,1,17,18,0,0,1,17
0x646488,99.9615%,1,2599,2600,0,0,1,2599
0x634be5,50%,1,1,2,0,0,1,1
0x66b2ac,98.0769%,1,51,52,0,0,1,51
0x62eb7e,50%,1,1,2,0,0,1,1
0x64635b,50%,1,1,2,0,0,1,1
0x646330,50%,1,1,2,0,0,1,1
0x68772c,50%,1,1,2,1,1,0,0
0x63a308,99%,1,99,100,0,0,1,99
0x5f4c8b,98.1481%,1,53,54,0,0,1,53
0x66f3d7,50%,1,1,2,0,0,1,1
0x5f4d1b,98.1481%,1,53,54,0,0,1,53
0x687d52,98.0769%,1,51,52,0,0,1,51
0x5f4d8f,50%,1,1,2,0,0,1,1
0x5f4e68,75%,1,3,4,0,0,1,3
0x64f929,50%,1,1,2,0,0,1,1
0x658c7d,50%,1,1,2,1,1,0,0
0x687915,50%,1,1,2,1,1,0,0
0x75f627,50%,1,1,2,1,1,0,0
0x76779f,50%,1,1,2,0,0,1,1
0x5f4ed0,75%,1,3,4,0,0,1,3
0x768650,75%,1,3,4,0,0,1,3
0x603631,93.75%,1,15,16,0,0,1,15
0x6051fe,50%,1,1,2,1,1,0,0
0x62eabe,50%,1,1,2,0,0,1,1
0x633591,50%,1,1,2,0,0,1,1
0x64eff3,99.5192%,1,207,208,0,0,1,207
0x961199,99.3711%,1,158,159,0,0,1,158
0x64bdbc,50%,1,1,2,0,0,1,1
0x6d8e63,93.75%,1,15,16,0,0,1,15
0x64f073,87.5%,1,7,8,0,0,1,7
0x8c3516,99%,1,99,100,0,0,1,99
0x649bfd,50%,1,1,2,0,0,1,1
0x76f6d4,0%,1,0,1,0,0,1,0
0x639eea,50%,1,1,2,0,0,1,1
0x5ef60b,50%,1,1,2,0,0,1,1
0x66f6d7,50%,1,1,2,0,0,1,1
0x8c2094,50%,1,1,2,0,0,1,1
0xa76a07,99.9953%,1,21277,21278,21277,1,0,0
0xa78445,50%,1,1,2,1,1,0,0
0x66f1a2,50%,1,1,2,0,0,1,1
0x633f72,50%,1,1,2,0,0,1,1
0x595275,99.8397%,1,623,624,623,1,0,0
0xa79f45,99.9985%,1,68782,68783,0,0,1,68782
0x89ffc2,50%,1,1,2,1,1,0,0
0x8c1fba,50%,1,1,2,0,0,1,1
0x630ca5,50%,1,1,2,0,0,1,1
0x66e197,50%,1,1,2,0,0,1,1
0xa76203,99.9713%,1,3480,3481,0,0,1,3480
0x647274,50%,1,1,2,0,0,1,1
0x640a8d,50%,1,1,2,0,0,1,1
0xa765c8,98.0769%,1,51,52,0,0,1,51
0x640279,87.5%,1,7,8,5,1,0,2
0x65056e,50%,1,1,2,1,1,0,0
0x6488a3,50%,1,1,2,0,0,1,1
0x5f4061,75%,1,3,4,0,0,1,3
0x89fe56,50%,1,1,2,0,0,1,1
0x928266,99.2248%,1,128,129,0,0,1,128
0x64bb48,50%,1,1,2,0,0,1,1
0xa3979b,85.7143%,1,6,7,6,1,0,0
0x89fd67,99.5192%,1,207,208,0,0,1,207
0x5f2cf8,50%,1,1,2,0,0,1,1
0x65067e,50%,1,1,2,1,1,0,0
0x5f3de2,0%,1,0,1,0,1,0,0
0x5f4467,66.6667%,1,2,3,2,0,1,0
0x8c5f8e,99%,1,99,100,0,0,1,99
0x5da298,50%,1,1,2,0,0,1,1
0x8a00b2,50%,1,1,2,1,1,0,0
0x616b83,99.9025%,1,1025,1026,0,0,1,1025
0x5f7616,50%,1,1,2,0,0,1,1
0x8c54ae,99%,1,99,100,0,0,1,99
0x5da7ae,50%,1,1,2,0,0,1,1
0x65139b,50%,1,1,2,0,0,1,1
0x643c63,99.9615%,1,2599,2600,0,0,1,2599
0x5e769a,92.3077%,1,12,13,0,0,1,12
0x5da6d6,98.0769%,1,51,52,0,0,1,51
0x6462af,98.0769%,1,51,52,0,0,1,51
0x7631b8,50%,1,1,2,0,0,1,1
0x5da4b3,50%,1,1,2,0,0,1,1
0x75d32a,50%,1,1,2,0,0,1,1
0x64f80c,50%,1,1,2,0,0,1,1
0x7cb53f,50%,1,1,2,1,1,0,0
0x67b5e8,50%,1,1,2,0,0,1,1
0x63bf9c,87.5%,1,7,8,0,0,1,7
0x8c4f88,99%,1,99,100,0,0,1,99
0x686f07,50%,1,1,2,0,0,1,1
0x649f93,99%,1,99,100,0,0,1,99
0x686607,50%,1,1,2,0,0,1,1
0x8c5633,99.9923%,1,12999,13000,0,0,1,12999
0x608ed0,98.2759%,1,57,58,0,0,1,57
0x6618f8,50%,1,1,2,0,0,1,1
0x8bf52a,50%,1,1,2,0,0,1,1
0x8c03cd,50%,1,1,2,0,0,1,1
0x5efb3a,50%,1,1,2,0,0,1,1
0x774d46,50%,1,1,2,1,1,0,0
0x686506,50%,1,1,2,1,1,0,0
0x646def,50%,1,1,2,0,0,1,1
0x5f5f72,50%,1,1,2,0,0,1,1
0x5e68a4,98%,1,49,50,0,0,1,49
0x5e7f71,97.4359%,1,38,39,38,1,0,0
0x5e7fcd,92.3077%,1,12,13,0,0,1,12
0x5f69e5,97.3684%,1,37,38,37,1,0,0
0x5e7de8,92.3077%,1,12,13,0,0,1,12
0x653644,98.0769%,1,51,52,0,0,1,51
0x5e74d3,87.5%,1,7,8,0,0,1,7
0x66fe80,99.5192%,1,207,208,0,0,1,207
0x761c2c,97.2973%,1,36,37,31,1,0,5
0x659f06,50%,1,1,2,1,1,0,0
0x76e196,97.5%,1,39,40,0,0,1,39
0x5f6a2a,97.3684%,1,37,38,37,1,0,0
0x5f6a77,98.6842%,1,75,76,37,1,0,38
0x8c1628,99%,1,99,100,0,0,1,99
0xa796cd,50%,1,1,2,0,0,1,1
0x8c618c,99.8%,1,499,500,0,0,1,499
0x666e98,87.5%,1,7,8,0,0,1,7
0xa30825,99.9951%,1,20358,20359,0,0,1,20358
0x6877d3,50%,1,1,2,0,0,1,1
0x65b604,50%,1,1,2,0,0,1,1
0x65cad2,87.5%,1,7,8,0,0,1,7
0x5e70ff,50%,1,1,2,0,0,1,1
0x8c207f,50%,1,1,2,0,0,1,1
0x5e7069,75%,1,3,4,2,0,1,1
0x5e6e62,50%,1,1,2,0,0,1,1
0x8c4adf,99.9615%,1,2599,2600,0,0,1,2599
0x5f71a5,99.9025%,1,1025,1026,0,0,1,1025
0x661aec,50%,1,1,2,1,1,0,0
0xa307f2,99.9982%,1,54539,54540,0,0,1,54539
0x765a53,99.0385%,1,103,104,0,0,1,103
0x9f8110,99.4764%,1,190,191,0,0,1,190
0x649a2b,50%,1,1,2,0,0,1,1
0x594231,87.5%,1,7,8,7,1,0,0
0x64a985,99%,1,99,100,0,0,1,99
0x5f2be7,50%,1,1,2,0,0,1,1
0x593df2,99.5192%,1,207,208,0,0,1,207
0x593d7b,87.5%,1,7,8,0,0,1,7
0x65ad6a,50%,1,1,2,0,0,1,1
0x76c9cf,97.7273%,1,43,44,0,0,1,43
0x9e0de7,96.6667%,1,29,30,29,1,0,0
0x593c43,87.5%,1,7,8,0,0,1,7
0x8c4302,99.9615%,1,2599,2600,0,0,1,2599
0x8c477a,99.9923%,1,12999,13000,0,0,1,12999
0x5f323b,95.8333%,1,23,24,0,0,1,23
0x7cc792,50%,1,1,2,0,0,1,1
0x658b5a,50%,1,1,2,0,0,1,1
0x9289b2,99.3711%,1,158,159,0,0,1,158
0xa785dc,99.9854%,1,6854,6855,0,0,1,6854
0x62f7af,50%,1,1,2,0,0,1,1
0x8c6aec,99%,1,99,100,0,0,1,99
0x8c6a74,99%,1,99,100,0,0,1,99
0x653715,50%,1,1,2,0,0,1,1
0x7ce40a,98.0769%,1,51,52,51,1,0,0
0x636d5c,99.6109%,1,256,257,0,0,1,256
0x6663f9,50%,1,1,2,0,0,1,1
0x8bf073,50%,1,1,2,0,0,1,1
0x6337df,50%,1,1,2,0,0,1,1
0x64aa8c,99%,1,99,100,0,0,1,99
0x62f1a2,50%,1,1,2,0,0,1,1
0x9f8d0e,99.6169%,1,260,261,0,0,1,260
0x62f13d,50%,1,1,2,0,0,1,1
0x62f097,50%,1,1,2,0,0,1,1
0x62f02f,50%,1,1,2,0,0,1,1
0x67a963,87.5%,1,7,8,5,1,0,2
0x65038f,50%,1,1,2,0,0,1,1
0x67a968,50%,1,1,2,0,0,1,1
0x643aa3,98.0769%,1,51,52,0,0,1,51
0x640759,50%,1,1,2,0,0,1,1
0x667bdb,50%,1,1,2,0,0,1,1
0x67ab9e,87.5%,1,7,8,7,1,0,0
0x4ba168,75%,1,3,4,2,0,1,1
0x6679b3,98.0769%,1,51,52,0,0,1,51
0x654718,99.9883%,1,8520,8521,0,0,1,8520
0x6579bd,50%,1,1,2,0,0,1,1
0x667713,98.0769%,1,51,52,0,0,1,51
0x5f1192,98.1481%,1,53,54,53,1,0,0
0x652c3d,99.9794%,1,4846,4847,0,0,1,4846
0x666e80,87.5%,1,7,8,0,0,1,7
0x666d55,87.5%,1,7,8,0,0,1,7
0x63c8aa,99.6109%,1,256,257,0,0,1,256
0xa307fa,99.9982%,1,54539,54540,0,0,1,54539
0x6040de,97.7273%,1,43,44,43,1,0,0
0x928a62,99.3711%,1,158,159,0,0,1,158
0x64a8bc,99.9615%,1,2599,2600,0,0,1,2599
0x641b49,50%,1,1,2,0,0,1,1
0x645973,50%,1,1,2,0,0,1,1
0xa78470,50%,1,1,2,0,0,1,1
0x5f3a4d,96.6667%,1,29,30,0,0,1,29
0x75ca74,50%,1,1,2,0,0,1,1
0x7bc951,50%,1,1,2,1,1,0,0
0xa76d55,99.9953%,1,21275,21276,0,0,1,21275
0x6366a6,99.9741%,1,3854,3855,0,0,1,3854
0x65a5e1,50%,1,1,2,0,0,1,1
0x63b395,50%,1,1,2,0,0,1,1
0x649f0e,99%,1,99,100,0,0,1,99
0x67af80,50%,1,1,2,0,0,1,1
0x5e672b,98%,1,49,50,0,0,1,49
0xa78de4,50%,1,1,2,0,0,1,1
0x6386b1,99.6109%,1,256,257,0,0,1,256
0x659f58,50%,1,1,2,1,1,0,0
0x89fd13,87.5%,1,7,8,7,1,0,0
0x64fc69,50%,1,1,2,0,0,1,1
0x5f3fe8,93.75%,1,15,16,11,0,1,4
0x64df03,99.975%,1,3999,4000,0,0,1,3999
0x7cc75d,50%,1,1,2,1,1,0,0
0x646970,50%,1,1,2,0,0,1,1
0x6302ca,50%,1,1,2,0,0,1,1
0x64abbf,50%,1,1,2,0,0,1,1
0x688305,50%,1,1,2,0,0,1,1
0x640679,87.5%,1,7,8,6,0,1,1
0x63b323,50%,1,1,2,0,0,1,1
0x9fb59e,99.6169%,1,260,261,260,1,0,0
0x5f4454,83.3333%,1,5,6,2,1,0,3
0x64d66a,50%,1,1,2,0,0,1,1
0x8c6b7c,99%,1,99,100,0,0,1,99
0x8c3cbd,99%,1,99,100,0,0,1,99
0x6662c3,98.0769%,1,51,52,0,0,1,51
0x64fab2,50%,1,1,2,0,0,1,1
0x6407fa,50%,1,1,2,0,0,1,1
0x666203,98.0769%,1,51,52,0,0,1,51
0x595534,99.8397%,1,623,624,0,0,1,623
0xa77e43,99.883%,1,854,855,0,0,1,854
0x658b9e,50%,1,1,2,0,0,1,1
0x665fba,50%,1,1,2,0,0,1,1
0x8c6311,99%,1,99,100,0,0,1,99
0x607fa7,99.5192%,1,207,208,207,1,0,0
0x607de9,50%,1,1,2,0,0,1,1
0x9f57fe,92.8571%,1,13,14,0,0,1,13
0xa3960d,85.7143%,1,6,7,0,0,1,6
0x665c7e,98.0769%,1,51,52,0,0,1,51
0x646c54,50%,1,1,2,0,0,1,1
0x5f310e,87.5%,1,7,8,7,1,0,0
0x5f3a10,98.3333%,1,59,60,30,0,1,29
0x8c3c3a,99.8%,1,499,500,499,1,0,0
0x665aa3,98.0769%,1,51,52,0,0,1,51
0x669d53,98.0769%,1,51,52,0,0,1,51
0x648a8f,50%,1,1,2,0,0,1,1
0x665a63,98.0769%,1,51,52,0,0,1,51
0x66640c,50%,1,1,2,0,0,1,1
0xa79702,50%,1,1,2,0,0,1,1
0xa796c3,50%,1,1,2,0,0,1,1
0x8c39b0,99.9667%,1,2999,3000,0,0,1,2999
0x635ca2,50%,1,1,2,0,0,1,1
0x5f3f58,80%,1,4,5,0,0,1,4
0x657170,50%,1,1,2,0,0,1,1
0x67a938,50%,1,1,2,0,0,1,1
0x67a1f0,50%,1,1,2,0,0,1,1
0x64187b,50%,1,1,2,0,0,1,1
0x7a98a2,99%,1,99,100,99,1,0,0
0x6498c2,50%,1,1,2,0,0,1,1
0x7631ce,50%,1,1,2,0,0,1,1
0x64a6e3,99%,1,99,100,99,1,0,0
0x64989e,50%,1,1,2,0,0,1,1
0x7aaab2,50%,1,1,2,1,1,0,0
0x64d864,50%,1,1,2,0,0,1,1
0x657089,50%,1,1,2,0,0,1,1
0x8c32fb,99%,1,99,100,0,0,1,99
0x67a12c,50%,1,1,2,0,0,1,1
0x666143,98.0769%,1,51,52,0,0,1,51
0x657143,50%,1,1,2,0,0,1,1
0x6497fe,50%,1,1,2,0,0,1,1
0x9e1a19,50%,1,1,2,0,0,1,1
0x632c22,50%,1,1,2,0,0,1,1
0x76188b,50%,1,1,2,0,0,1,1
0x76e88b,0%,1,0,1,0,0,1,0
0x648e24,92.8571%,1,13,14,0,0,1,13
0x9277a7,98.9011%,1,90,91,2,0,1,88
0x654552,99.9883%,1,8520,8521,8520,1,0,0
0x64021f,50%,1,1,2,0,0,1,1
0x64fcd3,50%,1,1,2,0,0,1,1
0x8c51d3,99.9615%,1,2599,2600,0,0,1,2599
0x92a2a2,99.3711%,1,158,159,0,0,1,158
0x6535da,50%,1,1,2,0,0,1,1
0x67b049,50%,1,1,2,0,0,1,1
0x7601aa,99.359%,1,155,156,0,0,1,155
0x762bee,97.3684%,1,37,38,0,0,1,37
0x9f9a30,99.6753%,1,307,308,307,1,0,0
0xa308b5,99.9866%,1,7435,7436,0,0,1,7435
0x759571,99.5192%,1,207,208,0,0,1,207
0x67ae00,50%,1,1,2,0,0,1,1
0x64f4bc,50%,1,1,2,0,0,1,1
0x6538b3,50%,1,1,2,0,0,1,1
0x64d28f,99.75%,1,399,400,0,0,1,399
0x6537d5,50%,1,1,2,0,0,1,1
0x649a4f,50%,1,1,2,0,0,1,1
0x67ac8d,50%,1,1,2,0,0,1,1
0x641d68,98.0769%,1,51,52,0,0,1,51
0x649a3d,50%,1,1,2,0,0,1,1
0x762fa1,96.875%,1,31,32,0,0,1,31
0x653352,98.0769%,1,51,52,0,0,1,51
0x65328e,50%,1,1,2,0,0,1,1
0x644855,50%,1,1,2,0,0,1,1
0x6499bc,50%,1,1,2,0,0,1,1
0x660084,50%,1,1,2,0,0,1,1
0x657dfb,99.5192%,1,207,208,0,0,1,207
0x633a82,50%,1,1,2,0,0,1,1
0x8c447f,99%,1,99,100,0,0,1,99
0x64996c,50%,1,1,2,0,0,1,1
0x6335d3,50%,1,1,2,0,0,1,1
0x63acce,50%,1,1,2,0,0,1,1
0x6571c3,50%,1,1,2,0,0,1,1
0x6427f3,98.0769%,1,51,52,0,0,1,51
0x6409eb,50%,1,1,2,0,0,1,1
0x63ad55,87.5%,1,7,8,5,1,0,2
0x641558,50%,1,1,2,0,0,1,1
0x63ac68,50%,1,1,2,0,0,1,1
0x7729a7,50%,1,1,2,0,0,1,1
0x75d230,97.7273%,1,43,44,0,0,1,43
0x6411c5,50%,1,1,2,0,0,1,1
0x9e19ec,50%,1,1,2,0,0,1,1
0x65df4a,99%,1,99,100,0,0,1,99
0x94a03f,50%,1,1,2,1,1,0,0
0x657882,50%,1,1,2,0,0,1,1
0x8c3570,99%,1,99,100,0,0,1,99
0x65a90c,50%,1,1,2,0,0,1,1
0x63fdf3,50%,1,1,2,0,0,1,1
0x650a85,50%,1,1,2,1,1,0,0
0x63a933,50%,1,1,2,0,0,1,1
0x769ad0,75%,1,3,4,0,0,1,3
0x632bb7,50%,1,1,2,0,0,1,1
0x639791,50%,1,1,2,0,0,1,1
0x632b02,50%,1,1,2,0,0,1,1
0x76bb18,97.619%,1,41,42,0,0,1,41
0x632a28,50%,1,1,2,0,0,1,1
0x67ba81,50%,1,1,2,0,0,1,1
0x9261d8,87.5%,1,7,8,0,0,1,7
0x651462,50%,1,1,2,0,0,1,1
0x4a48e1,75%,1,3,4,3,1,0,0
0x62e9fe,50%,1,1,2,0,0,1,1
0x64bff4,98.75%,1,79,80,0,0,1,79
0x63ed0c,50%,1,1,2,0,0,1,1
0x67b7c9,50%,1,1,2,0,0,1,1
0x641925,50%,1,1,2,0,0,1,1
0x641861,50%,1,1,2,0,0,1,1
0x657de5,98.0769%,1,51,52,0,0,1,51
0x617ec4,99.9747%,1,3951,3952,0,0,1,3951
0x656c61,50%,1,1,2,0,0,1,1
0x642eb8,50%,1,1,2,0,0,1,1
0x4b9e34,98.4375%,1,63,64,0,0,1,63
0x7b0a2c,50%,1,1,2,0,0,1,1
0x64511e,50%,1,1,2,0,0,1,1
0x634f6c,50%,1,1,2,0,0,1,1
0x630545,50%,1,1,2,0,0,1,1
0x7cffee,50%,1,1,2,0,0,1,1
0x6607fb,50%,1,1,2,1,1,0,0
0x62e8fe,50%,1,1,2,0,0,1,1
0x7b00b5,50%,1,1,2,0,0,1,1
0x659fb7,50%,1,1,2,1,1,0,0
0x7b27a3,98.0769%,1,51,52,0,0,1,51
0x623451,90%,1,9,10,0,0,1,9
0x62336d,99.6154%,1,259,260,0,0,1,259
0x635b9e,87.5%,1,7,8,5,1,0,2
0x76b4e9,50%,1,1,2,0,0,1,1
0x650aa1,50%,1,1,2,0,0,1,1
0x632e4b,50%,1,1,2,0,0,1,1
0x650a5b,50%,1,1,2,1,1,0,0
0x66ffda,99.5192%,1,207,208,0,0,1,207
0x929250,95%,1,19,20,0,0,1,19
0x7bd077,90%,1,9,10,0,0,1,9
0x774206,98.0769%,1,51,52,51,1,0,0
0x9290a2,95%,1,19,20,19,1,0,0
0x5997a6,95.8333%,1,23,24,23,1,0,0
0x648dc8,92.8571%,1,13,14,0,0,1,13
0x8a844b,95%,1,19,20,0,0,1,19
0x926d88,87.5%,1,7,8,0,0,1,7
0x62f0d7,50%,1,1,2,0,0,1,1
0x66f732,87.5%,1,7,8,5,1,0,2
0x64c5ca,99.975%,1,3999,4000,0,0,1,3999
0x595915,97.619%,1,41,42,40,0,1,1
0x7cc018,98.0769%,1,51,52,0,0,1,51
0x92739a,85.7143%,1,6,7,6,1,0,0
0x598aa0,97.9167%,1,47,48,0,0,1,47
0xa3a1fa,75%,1,3,4,0,0,1,3
0x6361e7,96.875%,1,31,32,0,0,1,31
0x688782,50%,1,1,2,0,0,1,1
0x657ea9,50%,1,1,2,0,0,1,1
0x6336a1,50%,1,1,2,0,0,1,1
0xa24bc2,99.2%,1,124,125,124,1,0,0
0x62eb5e,50%,1,1,2,0,0,1,1
0xa22ad0,99.8686%,1,760,761,0,0,1,760
0x8c59f2,99.8%,1,499,500,0,0,1,499
0x655488,99.9926%,1,13514,13515,0,0,1,13514
0x661acd,50%,1,1,2,0,0,1,1
0x64ed03,99.9219%,1,1279,1280,0,0,1,1279
0x6d9121,93.75%,1,15,16,0,0,1,15
0x949ee3,50%,1,1,2,0,0,1,1
0x949d67,50%,1,1,2,0,0,1,1
0x7b04cf,50%,1,1,2,0,0,1,1
0xa3a5b4,75%,1,3,4,3,0,1,0
0xa3a476,75%,1,3,4,3,1,0,0
0x6da61d,50%,1,1,2,0,0,1,1
0xa3a3b0,75%,1,3,4,0,1,0,3
0x65ad14,50%,1,1,2,0,0,1,1
0xa3a2ce,75%,1,3,4,3,1,0,0
0x650520,50%,1,1,2,1,1,0,0
0x6511dd,50%,1,1,2,0,0,1,1
0xa39dd3,75%,1,3,4,3,1,0,0
0x403ece,83.3333%,1,5,6,5,1,0,0
0x64ecf7,96.875%,1,31,32,0,0,1,31
0x6da361,75%,1,3,4,0,0,1,3
0x650744,50%,1,1,2,1,1,0,0
0x65b684,50%,1,1,2,0,0,1,1
0x6da2fe,75%,1,3,4,0,0,1,3
0x64752a,50%,1,1,2,0,0,1,1
0xa22e3f,97.0588%,1,33,34,0,0,1,33
0x7bd32e,90%,1,9,10,9,1,0,0
0xa0f621,97.0588%,1,33,34,0,0,1,33
0xa0f578,97.0588%,1,33,34,0,0,1,33
0x66ea12,87.5%,1,7,8,6,0,1,1
0x7bd089,90%,1,9,10,0,0,1,9
0x6da1a8,75%,1,3,4,3,1,0,0
0x64f3cd,87.5%,1,7,8,0,0,1,7
0x67b349,50%,1,1,2,0,0,1,1
0x64f8b6,50%,1,1,2,0,0,1,1
0x7574db,98.913%,1,91,92,0,0,1,91
0x67b4fd,87.5%,1,7,8,7,1,0,0
0x7aa772,98.0769%,1,51,52,0,0,1,51
0x66f252,87.5%,1,7,8,6,0,1,1
0x7cfc4b,50%,1,1,2,1,1,0,0
0x67b468,50%,1,1,2,0,0,1,1
0x76ce39,98.0769%,1,51,52,0,0,1,51
0x64f6ed,50%,1,1,2,0,0,1,1
0x66e8f8,50%,1,1,2,0,0,1,1
0x67b3b8,87.5%,1,7,8,0,0,1,7
0x8c201d,50%,1,1,2,0,0,1,1
0x8bee58,98.0769%,1,51,52,0,0,1,51
0xa309d4,99.9866%,1,7435,7436,7435,1,0,0
0x8a7b4a,99.2248%,1,128,129,0,0,1,128
0x67b27b,87.5%,1,7,8,5,1,0,2
0x6323e3,50%,1,1,2,1,1,0,0
0x928db6,99.3711%,1,158,159,0,0,1,158
0x928b70,99.3711%,1,158,159,158,1,0,0
0x928ada,99.3711%,1,158,159,0,0,1,158
0x64f5d5,50%,1,1,2,0,0,1,1
0x75d12d,50%,1,1,2,0,0,1,1
0x928a4f,99.3711%,1,158,159,0,0,1,158
0x635fae,50%,1,1,2,0,0,1,1
0x67b1c9,50%,1,1,2,0,0,1,1
0x9289e5,99.3711%,1,158,159,0,0,1,158
0x6f56f2,50%,1,1,2,1,1,0,0
0x665d82,50%,1,1,2,0,0,1,1
0x8c58e8,99.9923%,1,12999,13000,0,0,1,12999
0x603755,97.7273%,1,43,44,0,0,1,43
0xa48252,99.9906%,1,10624,10625,0,0,1,10624
0xa43d93,99.9906%,1,10624,10625,10624,1,0,0
0x6354fa,50%,1,1,2,0,0,1,1
0x66f317,50%,1,1,2,0,0,1,1
0xa43c7e,99.9906%,1,10624,10625,0,0,1,10624
0xa43c29,99.9906%,1,10624,10625,0,0,1,10624
0x67a51d,50%,1,1,2,0,0,1,1
0x64fba8,50%,1,1,2,0,0,1,1
0x67ba6f,50%,1,1,2,0,0,1,1
0xa31dfb,99.9906%,1,10624,10625,0,0,1,10624
0x76bc4c,83.3333%,1,5,6,0,0,1,5
0x64b13e,50%,1,1,2,0,0,1,1
0x65644f,99.2%,1,124,125,124,1,0,0
0x96139a,99.3711%,1,158,159,0,0,1,158
0x960d07,99.3711%,1,158,159,0,0,1,158
0x42a848,97.619%,1,41,42,41,1,0,0
0x67b9a2,50%,1,1,2,0,0,1,1
0x67b6e8,87.5%,1,7,8,0,0,1,7
0x960a72,99.3711%,1,158,159,0,0,1,158
0x64f9d4,50%,1,1,2,0,0,1,1
0x7ccc81,50%,1,1,2,0,0,1,1
0x67b62e,87.5%,1,7,8,7,1,0,0
0x67b559,50%,1,1,2,0,0,1,1
0x9298ca,99.3711%,1,158,159,0,0,1,158
0x67b528,50%,1,1,2,0,0,1,1
0x64e7e4,87.5%,1,7,8,0,0,1,7
0x6488f5,50%,1,1,2,0,0,1,1
0x8c1f8f,50%,1,1,2,0,0,1,1
0x8c1f70,50%,1,1,2,0,0,1,1
0x59924c,96.875%,1,31,32,0,0,1,31
0x7b3fd3,98.0769%,1,51,52,0,0,1,51
0x620afe,83.3333%,1,5,6,5,1,0,0
0x631462,98.0769%,1,51,52,0,0,1,51
0x649f05,99%,1,99,100,0,0,1,99
0x636ab6,99.6109%,1,256,257,0,0,1,256
0x597bdc,97.0588%,1,33,34,0,0,1,33
0x8c1648,95.2381%,1,20,21,0,0,1,20
0x7bd517,97.5%,1,39,40,30,0,1,9
0x6383b5,99.6109%,1,256,257,0,0,1,256
0x8c1565,99%,1,99,100,0,0,1,99
0x8c1fe6,50%,1,1,2,0,0,1,1
0x67a782,50%,1,1,2,0,0,1,1
0x65b054,50%,1,1,2,0,0,1,1
0x634fc0,50%,1,1,2,0,0,1,1
0x76fe00,50%,1,1,2,0,0,1,1
0x63a480,50%,1,1,2,0,0,1,1
0x76ff87,98.0769%,1,51,52,0,0,1,51
0x8c3204,99%,1,99,100,0,0,1,99
0x67aa30,87.5%,1,7,8,7,1,0,0
0x66e158,50%,1,1,2,0,0,1,1
0x63f54f,50%,1,1,2,0,0,1,1
0x63f364,50%,1,1,2,0,0,1,1
0x6379a8,99.6109%,1,256,257,0,0,1,256
0x635e5b,50%,1,1,2,0,0,1,1
0x620a24,97.3684%,1,37,38,0,0,1,37
0x92b202,50%,1,1,2,0,0,1,1
0x64d1b3,99.75%,1,399,400,0,0,1,399
0xa7980a,99.422%,1,172,173,172,1,0,0
0x64d20f,99.75%,1,399,400,0,0,1,399
0x59588f,97.619%,1,41,42,41,1,0,0
0x63cdf9,99.6109%,1,256,257,0,0,1,256
0x65a3ce,50%,1,1,2,0,0,1,1
0x65c005,50%,1,1,2,0,0,1,1
0x6354de,50%,1,1,2,0,0,1,1
0x638702,99.6109%,1,256,257,0,0,1,256
0x6386e3,99.6109%,1,256,257,0,0,1,256
0x636f3b,99.6109%,1,256,257,0,0,1,256
0x636f29,99.6109%,1,256,257,0,0,1,256
0x63f25c,50%,1,1,2,0,0,1,1
0x64f3b3,87.5%,1,7,8,0,0,1,7
0x8c6b34,99%,1,99,100,0,0,1,99
0x639fe3,50%,1,1,2,0,0,1,1
0x8c2072,50%,1,1,2,0,0,1,1
0x634e11,50%,1,1,2,0,0,1,1
0x65c1ca,50%,1,1,2,0,0,1,1
0x65b2ce,50%,1,1,2,0,0,1,1
0x8c20a6,50%,1,1,2,0,0,1,1
0x636d20,99.6109%,1,256,257,0,0,1,256
0x8c3b21,99.8%,1,499,500,0,0,1,499
0x633c5a,50%,1,1,2,0,0,1,1
0x6619c4,50%,1,1,2,0,0,1,1
0x65b0ae,50%,1,1,2,1,1,0,0
0x6338f8,98.75%,1,79,80,0,0,1,79
0x634a4b,98.0769%,1,51,52,0,0,1,51
0x8bf819,50%,1,1,2,0,0,1,1
0x6523b8,99.9878%,1,8202,8203,0,0,1,8202
0x8c0456,50%,1,1,2,1,1,0,0
0x65075e,50%,1,1,2,1,1,0,0
0x67a27b,87.5%,1,7,8,5,1,0,2
0x65a057,50%,1,1,2,1,1,0,0
0x633968,50%,1,1,2,0,0,1,1
0x8c0442,50%,1,1,2,0,0,1,1
0x8c4f78,99.8%,1,499,500,399,1,0,100
0x5e757f,87.5%,1,7,8,0,0,1,7
0x633938,87.5%,1,7,8,0,0,1,7
0x8c0183,50%,1,1,2,0,0,1,1
0x635724,50%,1,1,2,0,0,1,1
0x59801a,97.0588%,1,33,34,0,0,1,33
0xa76ab3,99.9824%,1,5694,5695,0,0,1,5694
0x5f503e,99.0741%,1,107,108,0,0,1,107
0x633660,50%,1,1,2,0,0,1,1
0x64f5fa,50%,1,1,2,0,0,1,1
0x95a8ec,50%,1,1,2,0,0,1,1
0x7ed6b0,50%,1,1,2,0,0,1,1
0x63bf11,87.5%,1,7,8,0,0,1,7
0x63be84,87.5%,1,7,8,0,0,1,7
0x6334c8,50%,1,1,2,0,0,1,1
0x6349ce,50%,1,1,2,0,0,1,1
0x76050b,97.619%,1,41,42,0,0,1,41
0x67b67d,87.5%,1,7,8,7,1,0,0
0x5f0c47,99.9782%,1,4587,4588,4587,1,0,0
0x63cb55,99.6109%,1,256,257,0,0,1,256
0x66e1d2,87.5%,1,7,8,6,0,1,1
0x774193,98.0769%,1,51,52,0,0,1,51
0x595989,97.619%,1,41,42,41,1,0,0
0x64ac19,50%,1,1,2,0,0,1,1
0x63d5b0,87.5%,1,7,8,0,0,1,7
0x757c7f,50%,1,1,2,0,0,1,1
0xa7a70d,99.6109%,1,256,257,0,0,1,256
0x9fb582,99.6169%,1,260,261,0,0,1,260
0x76d8f2,98.0769%,1,51,52,0,0,1,51
0x6361ae,87.5%,1,7,8,5,1,0,2
0x64cd88,50%,1,1,2,0,0,1,1
0x6360d6,50%,1,1,2,0,0,1,1
0x653a19,50%,1,1,2,0,0,1,1
0x63f447,50%,1,1,2,0,0,1,1
0x66e4b7,50%,1,1,2,0,0,1,1
0x66e51f,50%,1,1,2,0,0,1,1
0x63593f,50%,1,1,2,0,0,1,1
0x9fb508,99.6169%,1,260,261,0,0,1,260
0x669f17,50%,1,1,2,1,1,0,0
0x66e85f,50%,1,1,2,0,0,1,1
0x63586b,50%,1,1,2,0,0,1,1
0x8c0556,50%,1,1,2,0,0,1,1
0x6357e6,50%,1,1,2,0,0,1,1
0xa79f40,99.9985%,1,68782,68783,0,0,1,68782
0x961961,99.3711%,1,158,159,0,0,1,158
0x7b1013,98.0769%,1,51,52,0,0,1,51
0x92c3d1,99.9615%,1,2599,2600,2599,1,0,0
0x92bc53,50%,1,1,2,0,0,1,1
0x5f051f,50%,1,1,2,0,0,1,1
0x650aaf,50%,1,1,2,0,0,1,1
0x8a8593,95%,1,19,20,0,0,1,19
0x5f2cb3,98.1481%,1,53,54,0,0,1,53
0x92be4e,50%,1,1,2,1,1,0,0
0x8c6a89,99%,1,99,100,0,0,1,99
0x65a988,50%,1,1,2,0,0,1,1
0x6392a1,83.3333%,1,5,6,0,0,1,5
0x9f5812,92.8571%,1,13,14,0,0,1,13
0x65bf7f,50%,1,1,2,0,0,1,1
0x64b27f,50%,1,1,2,0,0,1,1
0xa796b1,50%,1,1,2,0,0,1,1
0x9feee2,92.8571%,1,13,14,0,0,1,13
0x926d74,87.5%,1,7,8,0,0,1,7
0x65a8b9,98.75%,1,79,80,0,0,1,79
0x7e8e7c,50%,1,1,2,0,0,1,1
0x92c461,99.9615%,1,2599,2600,2599,1,0,0
0x7cc096,98.0769%,1,51,52,0,0,1,51
0x92c5ca,99.9615%,1,2599,2600,0,0,1,2599
0x64b3be,50%,1,1,2,0,0,1,1
0x63c877,98.9583%,1,95,96,0,0,1,95
0x9e15c8,98.9583%,1,95,96,0,0,1,95
0x9f5d57,99.2537%,1,133,134,0,0,1,133
0x75fa62,50%,1,1,2,0,0,1,1
0x64a005,99%,1,99,100,0,0,1,99
0x7cda81,98.0769%,1,51,52,51,1,0,0
0x7b0b2a,98.0769%,1,51,52,0,0,1,51
0x66f437,50%,1,1,2,0,0,1,1
0x65a96d,50%,1,1,2,0,0,1,1
0x648e74,92.8571%,1,13,14,0,0,1,13
0x641b53,50%,1,1,2,0,0,1,1
0x63d005,87.5%,1,7,8,0,0,1,7
0x631702,50%,1,1,2,0,0,1,1
0x8c6a6a,99%,1,99,100,0,0,1,99
0x429f38,99%,1,99,100,0,0,1,99
0x639f02,50%,1,1,2,0,0,1,1
0xa76af3,99.9928%,1,13857,13858,0,0,1,13857
0x68201b,75%,1,3,4,3,1,0,0
0x92b23c,50%,1,1,2,0,0,1,1
0x63d492,100%,0,8,8,0,0,0,8
0x5f69c0,100%,0,38,38,0,0,0,38
0x64bbfb,100%,0,2,2,0,0,0,2
0x62ea1e,100%,0,2,2,0,0,0,2
0x66e4b2,100%,0,8,8,6,0,0,2
0x685238,100%,0,2,2,0,0,0,2
0x64b9d3,100%,0,2,2,0,0,0,2
0x64c674,100%,0,80,80,0,0,0,80
0x66f557,100%,0,2,2,0,0,0,2
0x63ed28,100%,0,2,2,0,0,0,2
0x778171,100%,0,8,8,0,0,0,8
0x62fac3,100%,0,2,2,0,0,0,2
0x7b22db,100%,0,2,2,0,0,0,2
0x8be97f,100%,0,2,2,0,0,0,2
0x75685d,100%,0,52,52,0,0,0,52
0x7b0035,100%,0,2,2,0,0,0,2
0x66e998,100%,0,2,2,0,0,0,2
0x76d773,100%,0,2,2,0,0,0,2
0x5e6d23,100%,0,50,50,0,0,0,50
0x75cd7a,100%,0,44,44,0,0,0,44
0x641763,100%,0,2,2,0,0,0,2
0x66f994,100%,0,14,14,0,0,0,14
0x64c7ca,100%,0,2,2,0,0,0,2
0x66e586,100%,0,2,2,0,0,0,2
0x63efd1,100%,0,2,2,0,0,0,2
0x635765,100%,0,2,2,0,0,0,2
0x7b227a,100%,0,2,2,0,0,0,2
0x8c5eb9,100%,0,100,100,0,0,0,100
0x64bb02,100%,0,2,2,0,0,0,2
0x65a961,100%,0,8,8,6,0,0,2
0x7cc157,100%,0,2,2,0,0,0,2
0x66f964,100%,0,14,14,0,0,0,14
0xa78e6e,100%,0,2,2,0,0,0,2
0x660ab6,100%,0,2,2,2,0,0,0
0x65b46d,100%,0,2,2,0,0,0,2
0x5e9b98,100%,0,2,2,0,0,0,2
0x6312d2,100%,0,2,2,0,0,0,2
0x67a0e8,100%,0,2,2,0,0,0,2
0x960ce3,100%,0,2,2,2,0,0,0
0x92823a,100%,0,129,129,0,0,0,129
0x65b623,100%,0,52,52,0,0,0,52
0x66ba5e,100%,0,2,2,2,0,0,0
0x66ea97,100%,0,2,2,0,0,0,2
0x686525,100%,0,2,2,2,0,0,0
0x5a32af,100%,0,2,2,2,0,0,0
0x650664,100%,0,2,2,2,0,0,0
0x7ce393,100%,0,52,52,0,0,0,52
0x5f4dfb,100%,0,4,4,0,0,0,4
0x5ed419,100%,0,52,52,52,0,0,0
0x92a2b8,100%,0,159,159,0,0,0,159
0x6703b6,100%,0,2,2,2,0,0,0
0x5f01b3,100%,0,50,50,0,0,0,50
0x403f90,100%,0,6,6,6,0,0,0
0x63ee78,100%,0,2,2,0,0,0,2
0x5ef8a5,100%,0,2,2,0,0,0,2
0x5ef8d7,100%,0,2,2,2,0,0,0
0x5ef98b,100%,0,2,2,2,0,0,0
0x63ee5c,100%,0,2,2,0,0,0,2
0x5ef9dc,100%,0,2,2,0,0,0,2
0x5efae7,100%,0,4,4,2,0,0,2
0xa3a620,100%,0,4,4,0,0,0,4
0x657370,100%,0,2,2,0,0,0,2
0x6864d8,100%,0,2,2,2,0,0,0
0x634212,100%,0,2,2,0,0,0,2
0x67baa5,100%,0,2,2,0,0,0,2
0x6314c1,100%,0,2,2,0,0,0,2
0x635f67,100%,0,2,2,0,0,0,2
0x7b23b5,100%,0,52,52,0,0,0,52
0x4b9bec,100%,0,12,12,0,0,0,12
0x6499aa,100%,0,2,2,0,0,0,2
0x95a829,100%,0,2,2,0,0,0,2
0x5f3f2b,100%,0,21,21,0,0,0,21
0x663798,100%,0,52,52,0,0,0,52
0x633a66,100%,0,2,2,0,0,0,2
0x62f38c,100%,0,2,2,0,0,0,2
0x661b05,100%,0,2,2,0,0,0,2
0xa0f58b,100%,0,34,34,34,0,0,0
0x66f312,100%,0,8,8,6,0,0,2
0x9fef9e,100%,0,4,4,4,0,0,0
0x5f6a87,100%,0,38,38,0,0,0,38
0x64a8e5,100%,0,100,100,0,0,0,100
0x641052,100%,0,2,2,0,0,0,2
0x94a0b1,100%,0,2,2,2,0,0,0
0x760abe,100%,0,2,2,0,0,0,2
0x638341,100%,0,257,257,0,0,0,257
0x63edb4,100%,0,2,2,0,0,0,2
0x635bc3,100%,0,2,2,0,0,0,2
0x650778,100%,0,2,2,2,0,0,0
0x7b045a,100%,0,2,2,0,0,0,2
0x681cfd,100%,0,2,2,2,0,0,0
0x63140a,100%,0,2,2,0,0,0,2
0x5f0533,100%,0,2,2,2,0,0,0
0x634446,100%,0,2,2,0,0,0,2
0x5f065e,100%,0,2,2,2,0,0,0
0x5f1eff,100%,0,285,285,0,0,0,285
0x961715,100%,0,159,159,159,0,0,0
0x6343fb,100%,0,2,2,0,0,0,2
0x7cf59d,100%,0,2,2,0,0,0,2
0x5f064a,100%,0,2,2,0,0,0,2
0x65b530,100%,0,2,2,0,0,0,2
0x778bd5,100%,0,8,8,0,0,0,8
0x5f05f5,100%,0,2,2,0,0,0,2
0x762183,100%,0,2,2,0,0,0,2
0x5f3a20,100%,0,30,30,0,0,0,30
0x5f2383,100%,0,52,52,0,0,0,52
0x9fefb0,100%,0,4,4,0,0,0,4
0x63f0d0,100%,0,2,2,0,0,0,2
0x644e2d,100%,0,2,2,0,0,0,2
0x681df3,100%,0,4,4,0,0,0,4
0x7cf50b,100%,0,2,2,0,0,0,2
0x682193,100%,0,52,52,0,0,0,52
0x633a34,100%,0,2,2,0,0,0,2
0x5f1334,100%,0,2,2,0,0,0,2
0x8c60c3,100%,0,500,500,0,0,0,500
0x5f3a84,100%,0,2,2,0,0,0,2
0x644d48,100%,0,2,2,0,0,0,2
0x64d043,100%,0,8,8,0,0,0,8
0x64b323,100%,0,52,52,0,0,0,52
0x64d674,100%,0,2,2,0,0,0,2
0x64d9a0,100%,0,2,2,0,0,0,2
0x76a659,100%,0,2,2,0,0,0,2
0x76cd84,100%,0,2,2,2,0,0,0
0x65af11,100%,0,8,8,6,0,0,2
0x9fefa2,100%,0,4,4,0,0,0,4
0x89fca3,100%,0,8,8,8,0,0,0
0x5f0825,100%,0,2,2,0,0,0,2
0x5f3331,100%,0,304,304,304,0,0,0
0x6475ee,100%,0,2,2,0,0,0,2
0x5f1b08,100%,0,2052,2052,0,0,0,2052
0x5f0810,100%,0,2,2,0,0,0,2
0x7b131e,100%,0,2,2,0,0,0,2
0x5f0787,100%,0,2,2,0,0,0,2
0x8c1fdc,100%,0,2,2,0,0,0,2
0x7567ea,100%,0,52,52,0,0,0,52
0x64db37,100%,0,2,2,0,0,0,2
0x6398e3,100%,0,2,2,0,0,0,2
0x960be7,100%,0,159,159,0,0,0,159
0x5f1eaf,100%,0,285,285,0,0,0,285
0x7bd322,100%,0,20,20,10,0,0,10
0x5f1ecb,100%,0,285,285,0,0,0,285
0x65a4cb,100%,0,2,2,0,0,0,2
0x778c4b,100%,0,8,8,8,0,0,0
0x6876af,100%,0,2,2,2,0,0,0
0x62e91e,100%,0,2,2,0,0,0,2
0x5f0752,100%,0,2,2,0,0,0,2
0x64c8d3,100%,0,400,400,0,0,0,400
0x9f5830,100%,0,14,14,14,0,0,0
0x632f24,100%,0,2,2,0,0,0,2
0x64e4b2,100%,0,2,2,0,0,0,2
0x63859f,100%,0,257,257,0,0,0,257
0x648710,100%,0,2,2,0,0,0,2
0x661a90,100%,0,2,2,0,0,0,2
0x62e93e,100%,0,2,2,0,0,0,2
0x7b1c8e,100%,0,2,2,2,0,0,0
0x604e2c,100%,0,44,44,44,0,0,0
0x6345ec,100%,0,2,2,0,0,0,2
0x5f4b5c,100%,0,73,73,0,0,0,73
0x6509d0,100%,0,2,2,2,0,0,0
0x650a14,100%,0,2,2,2,0,0,0
0x9fef00,100%,0,4,4,0,0,0,4
0x633a1b,100%,0,2,2,0,0,0,2
0xa0eec3,100%,0,7436,7436,0,0,0,7436
0x67a63c,100%,0,2,2,0,0,0,2
0x6678f0,100%,0,2,2,0,0,0,2
0x64b512,100%,0,2,2,2,0,0,0
0x6701b7,100%,0,208,208,0,0,0,208
0x67a28d,100%,0,2,2,0,0,0,2
0x634d80,100%,0,2,2,0,0,0,2
0x650b83,100%,0,2,2,2,0,0,0
0x5f4477,100%,0,1,1,0,0,0,1
0x5f2f2b,100%,0,2,2,0,0,0,2
0x631802,100%,0,2,2,0,0,0,2
0x667a33,100%,0,52,52,0,0,0,52
0x5f3aad,100%,0,4,4,2,0,0,2
0x6045fc,100%,0,44,44,44,0,0,0
0x5f3ab7,100%,0,2,2,0,0,0,2
0x62f9b4,100%,0,2,2,0,0,0,2
0x67aada,100%,0,2,2,0,0,0,2
0x63297b,100%,0,2,2,0,0,0,2
0x662e4d,100%,0,2,2,0,0,0,2
0x60539d,100%,0,2,2,0,0,0,2
0x64ce82,100%,0,2,2,0,0,0,2
0x64abaa,100%,0,2,2,0,0,0,2
0x66e0f2,100%,0,2,2,0,0,0,2
0x5f4085,100%,0,4,4,4,0,0,0
0x63cde7,100%,0,257,257,0,0,0,257
0x634d2d,100%,0,2,2,0,0,0,2
0x5efaaa,100%,0,2,2,0,0,0,2
0x634dd0,100%,0,2,2,0,0,0,2
0x64cdbe,100%,0,2,2,0,0,0,2
0x5f47f4,100%,0,4,4,0,0,0,4
0x5e9fd6,100%,0,8,8,0,0,0,8
0x67b259,100%,0,2,2,0,0,0,2
0x644bd8,100%,0,2,2,0,0,0,2
0x65759c,100%,0,52,52,0,0,0,52
0x75f5d1,100%,0,2,2,2,0,0,0
0x669d83,100%,0,52,52,0,0,0,52
0x772617,100%,0,2,2,0,0,0,2
0x92bdbf,100%,0,100,100,100,0,0,0
0x9f91f3,100%,0,2,2,0,0,0,2
0x92b081,100%,0,100,100,0,0,0,100
0x92b141,100%,0,52,52,0,0,0,52
0x685a9e,100%,0,2,2,2,0,0,0
0x92b93a,100%,0,2,2,0,0,0,2
0x68522d,100%,0,2,2,0,0,0,2
0x92bbad,100%,0,2,2,2,0,0,0
0x685b7d,100%,0,2,2,0,0,0,2
0x9f7d47,100%,0,2,2,0,0,0,2
0x5eca85,100%,0,2,2,0,0,0,2
0x92c592,100%,0,2600,2600,0,0,0,2600
0x92cbde,100%,0,52,52,52,0,0,0
0x8a0027,100%,0,2,2,2,0,0,0
0x92c0c4,100%,0,50,50,50,0,0,0
0x92d5ac,100%,0,2,2,0,0,0,2
0x92d60e,100%,0,2,2,0,0,0,2
0x65c3aa,100%,0,2,2,0,0,0,2
0x926db2,100%,0,16,16,8,0,0,8
0x65b759,100%,0,2,2,0,0,0,2
0x65b595,100%,0,2,2,0,0,0,2
0x65b571,100%,0,2,2,0,0,0,2
0xa2bc10,100%,0,4,4,0,0,0,4
0xa2b798,100%,0,4,4,0,0,0,4
0x65b501,100%,0,2,2,0,0,0,2
0x65b491,100%,0,2,2,0,0,0,2
0x65b3fd,100%,0,2,2,0,0,0,2
0x65b3ca,100%,0,2,2,0,0,0,2
0x65b38d,100%,0,2,2,0,0,0,2
0x65b2ea,100%,0,2,2,0,0,0,2
0x661bc4,100%,0,2,2,0,0,0,2
0x661b17,100%,0,2,2,0,0,0,2
0x661928,100%,0,2,2,0,0,0,2
0x65cf41,100%,0,2,2,0,0,0,2
0x65e448,100%,0,2600,2600,0,0,0,2600
0x65e055,100%,0,100,100,0,0,0,100
0x685cf7,100%,0,2,2,2,0,0,0
0xa27e08,100%,0,40,40,40,0,0,0
0x65da3e,100%,0,100,100,0,0,0,100
0x65d731,100%,0,100,100,0,0,0,100
0x632d93,100%,0,2,2,0,0,0,2
0x632bd7,100%,0,2,2,0,0,0,2
0x632b34,100%,0,2,2,0,0,0,2
0x632a67,100%,0,2,2,0,0,0,2
0x7c8d1c,100%,0,2,2,0,0,0,2
0x7cf203,100%,0,52,52,0,0,0,52
0x65d5e6,100%,0,2,2,0,0,0,2
0x65d1a6,100%,0,2,2,0,0,0,2
0x65d0f6,100%,0,52,52,0,0,0,52
0x661919,100%,0,2,2,0,0,0,2
0x65ce77,100%,0,2600,2600,0,0,0,2600
0x65cdcb,100%,0,2,2,0,0,0,2
0x65cc46,100%,0,2,2,0,0,0,2
0x65cc41,100%,0,2,2,0,0,0,2
0x7cf531,100%,0,2,2,2,0,0,0
0x65c785,100%,0,2,2,2,0,0,0
0x926e4c,100%,0,2,2,0,0,0,2
0x926d2f,100%,0,8,8,0,0,0,8
0x657233,100%,0,2,2,0,0,0,2
0xa43ee9,100%,0,10625,10625,10625,0,0,0
0x5ea0fc,100%,0,52,52,0,0,0,52
0x9261f5,100%,0,8,8,0,0,0,8
0x92605f,100%,0,2,2,0,0,0,2
0x763215,100%,0,2,2,0,0,0,2
0x926051,100%,0,2,2,0,0,0,2
0x633602,100%,0,2,2,0,0,0,2
0x7cc009,100%,0,52,52,0,0,0,52
0x6358ed,100%,0,2,2,0,0,0,2
0x6358b9,100%,0,2,2,0,0,0,2
0x5fd010,100%,0,88,88,88,0,0,0
0x7cbe2d,100%,0,2,2,2,0,0,0
0x635791,100%,0,2,2,0,0,0,2
0x6355ef,100%,0,2,2,0,0,0,2
0x635575,100%,0,2,2,0,0,0,2
0x8c123c,100%,0,2,2,0,0,0,2
0x65d645,100%,0,2,2,0,0,0,2
0x64d7ae,100%,0,2,2,0,0,0,2
0x633762,100%,0,2,2,0,0,0,2
0x633732,100%,0,2,2,0,0,0,2
0x6336cd,100%,0,2,2,0,0,0,2
0x6356f8,100%,0,2,2,0,0,0,2
0x635be3,100%,0,2,2,0,0,0,2
0x633574,100%,0,2,2,0,0,0,2
0x6334fb,100%,0,2,2,0,0,0,2
0x63491b,100%,0,2,2,0,0,0,2
0x6348d1,100%,0,2,2,0,0,0,2
0x6347f5,100%,0,2,2,0,0,0,2
0x6347d2,100%,0,2,2,0,0,0,2
0x634561,100%,0,2,2,0,0,0,2
0x63450c,100%,0,2,2,0,0,0,2
0x63f409,100%,0,2,2,0,0,0,2
0x7cb6af,100%,0,2,2,2,0,0,0
0x9297fa,100%,0,125,125,0,0,0,125
0x633ef4,100%,0,2,2,0,0,0,2
0x65239e,100%,0,8203,8203,8203,0,0,0
0x7cb6a4,100%,0,2,2,0,0,0,2
0x633e82,100%,0,2,2,0,0,0,2
0x63f595,100%,0,2,2,0,0,0,2
0x66136c,100%,0,2,2,2,0,0,0
0x661352,100%,0,2,2,0,0,0,2
0x6612be,100%,0,2,2,0,0,0,2
0x620e1c,100%,0,6,6,6,0,0,0
0x6209c7,100%,0,6,6,0,0,0,6
0x929952,100%,0,159,159,159,0,0,0
0x62102f,100%,0,38,38,0,0,0,38
0x63f7c0,100%,0,2,2,0,0,0,2
0x63f7b5,100%,0,2,2,0,0,0,2
0x6858f0,100%,0,2,2,2,0,0,0
0x63f76a,100%,0,2,2,0,0,0,2
0x63f71d,100%,0,2,2,0,0,0,2
0x7ccabc,100%,0,2,2,0,0,0,2
0x63f6db,100%,0,2,2,0,0,0,2
0x63f5d3,100%,0,2,2,0,0,0,2
0x65e4a3,100%,0,100,100,0,0,0,100
0x63f301,100%,0,2,2,0,0,0,2
0x63f1f9,100%,0,2,2,0,0,0,2
0x63f1d8,100%,0,2,2,0,0,0,2
0x63f1b3,100%,0,2,2,0,0,0,2
0x63efac,100%,0,2,2,0,0,0,2
0x7cc566,100%,0,2,2,0,0,0,2
0x63ef0b,100%,0,2,2,0,0,0,2
0x7cc467,100%,0,2,2,0,0,0,2
0x63eeed,100%,0,2,2,0,0,0,2
0x63eea2,100%,0,2,2,0,0,0,2
0x636197,100%,0,2,2,0,0,0,2
0x635e2c,100%,0,2,2,0,0,0,2
0x635c38,100%,0,100,100,0,0,0,100
0xa39744,100%,0,7,7,7,0,0,0
0x635c03,100%,0,2,2,0,0,0,2
0xa31cd4,100%,0,10625,10625,0,0,0,10625
0x9297d0,100%,0,125,125,0,0,0,125
0x929b1e,100%,0,159,159,0,0,0,159
0x960a58,100%,0,159,159,0,0,0,159
0x960aa8,100%,0,159,159,0,0,0,159
0x960af4,100%,0,159,159,0,0,0,159
0x960c2b,100%,0,159,159,0,0,0,159
0x960ea4,100%,0,125,125,0,0,0,125
0xa31ccc,100%,0,10625,10625,0,0,0,10625
0x605038,100%,0,44,44,44,0,0,0
0xa31d19,100%,0,10625,10625,10625,0,0,0
0xa31e15,100%,0,10625,10625,0,0,0,10625
0xa43be4,100%,0,10625,10625,10625,0,0,0
0xa43cb4,100%,0,10625,10625,10625,0,0,0
0x6181c8,100%,0,3952,3952,3952,0,0,0
0xa0f205,100%,0,10625,10625,0,0,0,10625
0xa0f222,100%,0,10625,10625,0,0,0,10625
0xa0f28c,100%,0,10625,10625,0,0,0,10625
0x9295ae,100%,0,125,125,0,0,0,125
0x92943d,100%,0,105,105,105,0,0,0
0x929277,100%,0,105,105,0,0,0,105
0x6571b0,100%,0,2,2,0,0,0,2
0x604a14,100%,0,44,44,44,0,0,0
0x929159,100%,0,105,105,0,0,0,105
0x604808,100%,0,44,44,44,0,0,0
0x6043f0,100%,0,44,44,44,0,0,0
0xa26876,100%,0,40,40,0,0,0,40
0xa0ec03,100%,0,40,40,0,0,0,40
0xa38b82,100%,0,40,40,40,0,0,0
0x928b1b,100%,0,159,159,0,0,0,159
0x928a8a,100%,0,159,159,0,0,0,159
0x928a02,100%,0,159,159,0,0,0,159
0x92895b,100%,0,159,159,0,0,0,159
0x92a43b,100%,0,129,129,129,0,0,0
0x95b30c,100%,0,2,2,0,0,0,2
0x7cc676,100%,0,52,52,0,0,0,52
0xa3a2dc,100%,0,4,4,3,0,0,1
0xa39deb,100%,0,4,4,0,0,0,4
0xa39de1,100%,0,4,4,3,0,0,1
0xa38cb0,100%,0,6,6,0,0,0,6
0xa23621,100%,0,34,34,0,0,0,34
0x5f616b,100%,0,38,38,0,0,0,38
0xa22e2d,100%,0,34,34,34,0,0,0
0xa0f53f,100%,0,34,34,0,0,0,34
0x8a898a,100%,0,10,10,0,0,0,10
0x8a881a,100%,0,2,2,0,0,0,2
0x8a7c73,100%,0,10,10,0,0,0,10
0x8a84b3,100%,0,20,20,0,0,0,20
0x6551a9,100%,0,20,20,0,0,0,20
0x928676,100%,0,159,159,159,0,0,0
0x92a2ce,100%,0,159,159,0,0,0,159
0x961926,100%,0,159,159,0,0,0,159
0x961917,100%,0,159,159,0,0,0,159
0x9616c8,100%,0,159,159,0,0,0,159
0x961635,100%,0,159,159,0,0,0,159
0x96161e,100%,0,159,159,159,0,0,0
0x9615d6,100%,0,159,159,0,0,0,159
0x9615b9,100%,0,159,159,0,0,0,159
0x961407,100%,0,159,159,0,0,0,159
0x961262,100%,0,159,159,159,0,0,0
0xa24bd7,100%,0,125,125,125,0,0,0
0xa22c44,100%,0,105,105,0,0,0,105
0x65562f,100%,0,13515,13515,0,0,0,13515
0x9610bd,100%,0,159,159,0,0,0,159
0x613cc2,100%,0,24,24,0,0,0,24
0x660a65,100%,0,2,2,2,0,0,0
0x656f35,100%,0,2,2,0,0,0,2
0x8c6b72,100%,0,100,100,0,0,0,100
0x616e33,100%,0,52,52,0,0,0,52
0x656f0a,100%,0,2,2,0,0,0,2
0x656e44,100%,0,2,2,0,0,0,2
0x616d33,100%,0,52,52,0,0,0,52
0x656d53,100%,0,2,2,0,0,0,2
0x656d36,100%,0,2,2,0,0,0,2
0x656c7e,100%,0,2,2,0,0,0,2
0x656bc3,100%,0,2,2,0,0,0,2
0x6594fc,100%,0,52,52,0,0,0,52
0x660d34,100%,0,2,2,2,0,0,0
0x7cf4b2,100%,0,2,2,2,0,0,0
0x660a9c,100%,0,2,2,2,0,0,0
0x660a7f,100%,0,2,2,2,0,0,0
0x6570a6,100%,0,2,2,0,0,0,2
0x66084c,100%,0,2,2,2,0,0,0
0x6605db,100%,0,2,2,2,0,0,0
0x66058a,100%,0,2,2,2,0,0,0
0x660348,100%,0,2,2,2,0,0,0
0x660311,100%,0,2,2,2,0,0,0
0x62353a,100%,0,13000,13000,0,0,0,13000
0x62330e,100%,0,10,10,0,0,0,10
0x65fc1c,100%,0,34,34,0,0,0,34
0x65fb18,100%,0,52,52,0,0,0,52
0x65c1a1,100%,0,2,2,2,0,0,0
0x65f9ad,100%,0,2,2,0,0,0,2
0x65f026,100%,0,100,100,100,0,0,0
0x65eecd,100%,0,100,100,0,0,0,100
0x65ed5e,100%,0,100,100,0,0,0,100
0x65e5c8,100%,0,100,100,0,0,0,100
0x657ad2,100%,0,2,2,0,0,0,2
0x653b2a,100%,0,2,2,0,0,0,2
0x653b25,100%,0,2,2,0,0,0,2
0x653a58,100%,0,2,2,0,0,0,2
0x653a4f,100%,0,2,2,0,0,0,2
0x65393c,100%,0,52,52,0,0,0,52
0x653865,100%,0,2,2,0,0,0,2
0x65379c,100%,0,52,52,0,0,0,52
0x6533e2,100%,0,52,52,0,0,0,52
0x653398,100%,0,2,2,0,0,0,2
0x6532ca,100%,0,2,2,0,0,0,2
0x65311c,100%,0,2,2,0,0,0,2
0x8a89cb,100%,0,10,10,0,0,0,10
0x75f603,100%,0,2,2,0,0,0,2
0x657d68,100%,0,2,2,0,0,0,2
0x657c96,100%,0,2,2,0,0,0,2
0x7cb631,100%,0,2,2,0,0,0,2
0x657a3c,100%,0,52,52,0,0,0,52
0x657899,100%,0,2,2,0,0,0,2
0x65776e,100%,0,2,2,0,0,0,2
0x65765d,100%,0,2,2,0,0,0,2
0x657633,100%,0,2,2,0,0,0,2
0x6059dd,100%,0,2,2,2,0,0,0
0xa31cc4,100%,0,10625,10625,0,0,0,10625
0x65752a,100%,0,2,2,0,0,0,2
0x6056cf,100%,0,2,2,2,0,0,0
0x6573e2,100%,0,2,2,0,0,0,2
0x657330,100%,0,2,2,0,0,0,2
0x6572c0,100%,0,2,2,0,0,0,2
0x6571e0,100%,0,2,2,0,0,0,2
0x6570df,100%,0,2,2,0,0,0,2
0x7cf8a3,100%,0,2,2,2,0,0,0
0x4a2ede,100%,0,6,6,0,0,0,6
0x403fae,100%,0,6,6,6,0,0,0
0x403fd4,100%,0,6,6,6,0,0,0
0x6605ef,100%,0,2,2,2,0,0,0
0x663a0e,100%,0,2,2,0,0,0,2
0x4a2e95,100%,0,6,6,6,0,0,0
0x663a4d,100%,0,2,2,0,0,0,2
0x663b2a,100%,0,2,2,0,0,0,2
0x657128,100%,0,2,2,0,0,0,2
0x663699,100%,0,2,2,0,0,0,2
0x6654b1,100%,0,2,2,0,0,0,2
0xa22e45,100%,0,34,34,0,0,0,34
0x665b03,100%,0,52,52,0,0,0,52
0x96194a,100%,0,159,159,0,0,0,159
0x665c63,100%,0,52,52,0,0,0,52
0xa395f5,100%,0,7,7,7,0,0,0
0x7cf577,100%,0,2,2,0,0,0,2
0x7b2d08,100%,0,2,2,2,0,0,0
0xa78e79,100%,0,2,2,0,0,0,2
0xa78e5f,100%,0,2,2,0,0,0,2
0x62f91a,100%,0,2,2,0,0,0,2
0xa7843a,100%,0,2,2,0,0,0,2
0x42a6e7,100%,0,6,6,0,0,0,6
0x7d0092,100%,0,2,2,2,0,0,0
0x6882ef,100%,0,2,2,2,0,0,0
0x62f606,100%,0,2,2,0,0,0,2
0x68820a,100%,0,2,2,2,0,0,0
0x8a01fd,100%,0,2,2,0,0,0,2
0x8a01a2,100%,0,2,2,2,0,0,0
0x8a0130,100%,0,2,2,0,0,0,2
0x8a00a8,100%,0,2,2,0,0,0,2
0x4049a6,100%,0,6,6,6,0,0,0
0x8a0030,100%,0,2,2,0,0,0,2
0x63f4cb,100%,0,2,2,0,0,0,2
0x7d013a,100%,0,2,2,2,0,0,0
0x667833,100%,0,52,52,0,0,0,52
0x7ccc8c,100%,0,2,2,2,0,0,0
0x6310e7,100%,0,52,52,0,0,0,52
0x8a7b6a,100%,0,129,129,0,0,0,129
0x7e6608,100%,0,2,2,0,0,0,2
0x666d50,100%,0,8,8,0,0,0,8
0x630dec,100%,0,2,2,0,0,0,2
0x63a534,100%,0,2,2,0,0,0,2
0x666c13,100%,0,8,8,0,0,0,8
0x666b28,100%,0,8,8,0,0,0,8
0x9fa8b3,100%,0,191,191,0,0,0,191
0x9fa8a5,100%,0,191,191,0,0,0,191
0x9f8120,100%,0,191,191,0,0,0,191
0x666b18,100%,0,8,8,0,0,0,8
0x89ff5b,100%,0,2,2,0,0,0,2
0x635222,100%,0,2,2,0,0,0,2
0x65b74c,100%,0,2,2,0,0,0,2
0x593c1f,100%,0,8,8,0,0,0,8
0x593b8b,100%,0,8,8,0,0,0,8
0x593b2a,100%,0,8,8,0,0,0,8
0x593a77,100%,0,8,8,0,0,0,8
0x593a43,100%,0,8,8,8,0,0,0
0x5939f4,100%,0,8,8,8,0,0,0
0x66690d,100%,0,2,2,0,0,0,2
0x6f5259,100%,0,2,2,0,0,0,2
0x666393,100%,0,52,52,0,0,0,52
0x6f4d69,100%,0,2,2,2,0,0,0
0xa23634,100%,0,34,34,0,0,0,34
0x666083,100%,0,52,52,0,0,0,52
0x4ba178,100%,0,2,2,2,0,0,0
0x687b7c,100%,0,52,52,0,0,0,52
0x5e7f15,100%,0,52,52,0,0,0,52
0x5e738c,100%,0,2,2,0,0,0,2
0x5e7268,100%,0,2,2,0,0,0,2
0x9e1adb,100%,0,8,8,0,0,0,8
0x686a5c,100%,0,52,52,0,0,0,52
0x9e1a5c,100%,0,2,2,0,0,0,2
0x9e19fa,100%,0,2,2,0,0,0,2
0x7b3b88,100%,0,2,2,0,0,0,2
0x9e19ce,100%,0,2,2,0,0,0,2
0x7b3b5d,100%,0,2,2,0,0,0,2
0x5e708f,100%,0,2,2,2,0,0,0
0x5e7038,100%,0,2,2,0,0,0,2
0x5e6cbd,100%,0,2,2,0,0,0,2
0x5e68f2,100%,0,1250,1250,0,0,0,1250
0x635c78,100%,0,100,100,0,0,0,100
0x5e8f29,100%,0,2,2,0,0,0,2
0x8c0a65,100%,0,2,2,0,0,0,2
0x5da5b4,100%,0,50,50,0,0,0,50
0x7b31ac,100%,0,2,2,0,0,0,2
0x5da555,100%,0,2,2,0,0,0,2
0x687176,100%,0,2,2,0,0,0,2
0x686625,100%,0,2,2,0,0,0,2
0x63f175,100%,0,2,2,0,0,0,2
0x8a862b,100%,0,20,20,0,0,0,20
0x62f32c,100%,0,2,2,0,0,0,2
0x590b5d,100%,0,32,32,0,0,0,32
0x5e9685,100%,0,2,2,0,0,0,2
0x7b2aea,100%,0,2,2,0,0,0,2
0x590a45,100%,0,8,8,0,0,0,8
0x63326b,100%,0,52,52,0,0,0,52
0x5990b6,100%,0,4,4,4,0,0,0
0x687be8,100%,0,2,2,2,0,0,0
0x4048c7,100%,0,6,6,6,0,0,0
0x4048b0,100%,0,6,6,0,0,0,6
0x404893,100%,0,6,6,0,0,0,6
0x4a2c43,100%,0,6,6,6,0,0,0
0x89fed8,100%,0,2,2,0,0,0,2
0x89fe70,100%,0,2,2,0,0,0,2
0x89fd09,100%,0,8,8,0,0,0,8
0x89fc7b,100%,0,8,8,0,0,0,8
0x64ee5c,100%,0,8,8,8,0,0,0
0x89fbf5,100%,0,8,8,0,0,0,8
0x60329f,100%,0,2,2,0,0,0,2
0x62f855,100%,0,2,2,0,0,0,2
0x632a94,100%,0,2,2,0,0,0,2
0x65eb1b,100%,0,100,100,0,0,0,100
0x687c74,100%,0,2,2,0,0,0,2
0x667a70,100%,0,2,2,0,0,0,2
0x687b13,100%,0,2,2,0,0,0,2
0x4a2b0d,100%,0,6,6,6,0,0,0
0x667c06,100%,0,2,2,2,0,0,0
0x6876dd,100%,0,2,2,2,0,0,0
0x6876c6,100%,0,2,2,2,0,0,0
0x687695,100%,0,2,2,2,0,0,0
0x927356,100%,0,10,10,1,0,0,9
0x68767e,100%,0,2,2,2,0,0,0
0x5e9af1,100%,0,2,2,2,0,0,0
0x76f6fb,100%,0,1,1,1,0,0,0
0x634c14,100%,0,2,2,0,0,0,2
0x5e97ea,100%,0,2,2,0,0,0,2
0xa0f551,100%,0,34,34,0,0,0,34
0x5e9726,100%,0,54,54,0,0,0,54
0x7b40d7,100%,0,2,2,2,0,0,0
0x66194a,100%,0,2,2,0,0,0,2
0x634f3e,100%,0,2,2,0,0,0,2
0x7cf48c,100%,0,2,2,0,0,0,2
0x634e67,100%,0,2,2,0,0,0,2
0x7cf429,100%,0,2,2,0,0,0,2
0x63f27d,100%,0,2,2,0,0,0,2
0x8c6785,100%,0,100,100,0,0,0,100
0x66b63f,100%,0,2,2,0,0,0,2
0x63ef7d,100%,0,2,2,0,0,0,2
0x635698,100%,0,2,2,0,0,0,2
0x66b4bf,100%,0,2,2,0,0,0,2
0x655199,100%,0,20,20,0,0,0,20
0x66b2ef,100%,0,2,2,0,0,0,2
0x7cefa4,100%,0,2,2,2,0,0,0
0x66b22f,100%,0,2,2,0,0,0,2
0x66b1ec,100%,0,52,52,0,0,0,52
0x635112,100%,0,2,2,0,0,0,2
0x66b16f,100%,0,2,2,0,0,0,2
0x66af38,100%,0,2,2,0,0,0,2
0x66ac57,100%,0,2,2,0,0,0,2
0x66abe5,100%,0,2,2,0,0,0,2
0x634ce8,100%,0,2,2,0,0,0,2
0x8a85ea,100%,0,20,20,0,0,0,20
0x8a0c61,100%,0,2,2,0,0,0,2
0x7cea2e,100%,0,2,2,0,0,0,2
0x66a7dd,100%,0,2,2,0,0,0,2
0x66a560,100%,0,2,2,0,0,0,2
0x89f9d4,100%,0,2,2,0,0,0,2
0x66a51c,100%,0,52,52,0,0,0,52
0x66a3ac,100%,0,52,52,0,0,0,52
0x89f9c1,100%,0,2,2,0,0,0,2
0x7ce680,100%,0,2,2,0,0,0,2
0x6340bf,100%,0,2,2,0,0,0,2
0x7cb5e4,100%,0,2,2,0,0,0,2
0x633dcf,100%,0,2,2,0,0,0,2
0x7cb534,100%,0,2,2,0,0,0,2
0x633db7,100%,0,2,2,0,0,0,2
0x633da3,100%,0,2,2,0,0,0,2
0x656b21,100%,0,2,2,0,0,0,2
0x633d1d,100%,0,2,2,0,0,0,2
0x633cc2,100%,0,2,2,0,0,0,2
0x633b1f,100%,0,2,2,0,0,0,2
0x7d04ca,100%,0,2,2,0,0,0,2
0x63a94a,100%,0,2,2,0,0,0,2
0x633aea,100%,0,2,2,0,0,0,2
0x634304,100%,0,2,2,0,0,0,2
0x6341ed,100%,0,2,2,0,0,0,2
0x6341ba,100%,0,2,2,0,0,0,2
0x66a1e7,100%,0,2,2,0,0,0,2
0x7cfba3,100%,0,2,2,2,0,0,0
0x63408a,100%,0,2,2,0,0,0,2
0x633277,100%,0,2600,2600,0,0,0,2600
0x6330ae,100%,0,2,2,0,0,0,2
0x633031,100%,0,2,2,0,0,0,2
0x632ef0,100%,0,2,2,0,0,0,2
0x632ecc,100%,0,2,2,0,0,0,2
0x64990a,100%,0,2,2,0,0,0,2
0x7cf609,100%,0,2,2,2,0,0,0
0x635350,100%,0,2,2,0,0,0,2
0x65b3e0,100%,0,2,2,0,0,0,2
0x635242,100%,0,2,2,0,0,0,2
0x7cf49f,100%,0,2,2,0,0,0,2
0x63520a,100%,0,2,2,0,0,0,2
0x63516f,100%,0,2,2,0,0,0,2
0x62f6cb,100%,0,2,2,0,0,0,2
0x63015e,100%,0,2,2,0,0,0,2
0x630001,100%,0,2,2,0,0,0,2
0x64e03d,100%,0,2,2,0,0,0,2
0x949ddb,100%,0,2,2,2,0,0,0
0x637c93,100%,0,257,257,0,0,0,257
0x928a0d,100%,0,159,159,0,0,0,159
0x62fe7d,100%,0,2,2,0,0,0,2
0x62fdb8,100%,0,2,2,0,0,0,2
0x62fd2d,100%,0,2,2,0,0,0,2
0x62fd12,100%,0,2,2,0,0,0,2
0x62fc4d,100%,0,2,2,0,0,0,2
0x62fc03,100%,0,2,2,0,0,0,2
0x62fb3e,100%,0,2,2,0,0,0,2
0x62f88f,100%,0,2,2,0,0,0,2
0x62f7ca,100%,0,2,2,0,0,0,2
0x6301ae,100%,0,2,2,0,0,0,2
0x62f625,100%,0,2,2,0,0,0,2
0x62f560,100%,0,2,2,0,0,0,2
0x62f541,100%,0,2,2,0,0,0,2
0x62f516,100%,0,2,2,0,0,0,2
0x62f47c,100%,0,2,2,0,0,0,2
0x7ccfed,100%,0,52,52,0,0,0,52
0x62f3d6,100%,0,2,2,0,0,0,2
0x5a8fae,100%,0,134,134,0,0,0,134
0x62f17f,100%,0,2,2,0,0,0,2
0x7ccde3,100%,0,2,2,2,0,0,0
0x669f9c,100%,0,2,2,0,0,0,2
0x669e43,100%,0,52,52,0,0,0,52
0x5a62f6,100%,0,4,4,0,0,0,4
0x661323,100%,0,2,2,0,0,0,2
0x5aca8b,100%,0,4,4,4,0,0,0
0x631022,100%,0,2,2,0,0,0,2
0x634352,100%,0,2,2,0,0,0,2
0x63256b,100%,0,2,2,0,0,0,2
0x8c71d7,100%,0,2,2,0,0,0,2
0x6318db,100%,0,2,2,0,0,0,2
0x63182b,100%,0,2,2,0,0,0,2
0x6317c8,100%,0,18,18,0,0,0,18
0x5ef85b,100%,0,2,2,0,0,0,2
0x6316e2,100%,0,2,2,0,0,0,2
0x63155b,100%,0,18,18,0,0,0,18
0x63153a,100%,0,2,2,0,0,0,2
0x631448,100%,0,2,2,0,0,0,2
0x65747a,100%,0,2,2,2,0,0,0
0x631292,100%,0,2,2,0,0,0,2
0x6311b2,100%,0,2,2,0,0,0,2
0x6310c2,100%,0,2,2,0,0,0,2
0x5909c0,100%,0,8,8,0,0,0,8
0x630fd2,100%,0,2,2,0,0,0,2
0x660860,100%,0,2,2,2,0,0,0
0x630f24,100%,0,2,2,0,0,0,2
0x630d31,100%,0,2,2,0,0,0,2
0x630bd7,100%,0,2,2,0,0,0,2
0x7cdc9f,100%,0,2,2,2,0,0,0
0x630988,100%,0,2,2,0,0,0,2
0x630968,100%,0,2,2,0,0,0,2
0x630947,100%,0,2,2,0,0,0,2
0x630666,100%,0,2,2,0,0,0,2
0x630595,100%,0,2,2,0,0,0,2
0x630502,100%,0,2,2,0,0,0,2
0x6304b7,100%,0,2,2,0,0,0,2
0x63044d,100%,0,2,2,0,0,0,2
0x630215,100%,0,2,2,0,0,0,2
0x8bf7e5,100%,0,2,2,0,0,0,2
0x63bca4,100%,0,208,208,0,0,0,208
0x64fcc9,100%,0,2,2,0,0,0,2
0x6699f5,100%,0,2,2,0,0,0,2
0x8bebfd,100%,0,2,2,0,0,0,2
0x6593c0,100%,0,2,2,0,0,0,2
0x777ee1,100%,0,8,8,8,0,0,0
0x9feed6,100%,0,14,14,0,0,0,14
0x64f4a5,100%,0,2,2,0,0,0,2
0x594829,100%,0,8,8,0,0,0,8
0x635acb,100%,0,2,2,0,0,0,2
0x7b0485,100%,0,2,2,0,0,0,2
0x7cee70,100%,0,2,2,2,0,0,0
0x760b5d,100%,0,2,2,0,0,0,2
0x763245,100%,0,2,2,0,0,0,2
0x9f580c,100%,0,14,14,0,0,0,14
0x760eac,100%,0,2,2,0,0,0,2
0x8bf87a,100%,0,2,2,0,0,0,2
0x760a21,100%,0,2,2,0,0,0,2
0x7cc967,100%,0,156,156,0,0,0,156
0x8a4aab,100%,0,2,2,2,0,0,0
0x7607e0,100%,0,2,2,2,0,0,0
0x7cf453,100%,0,2,2,0,0,0,2
0x64982a,100%,0,2,2,0,0,0,2
0x656bf0,100%,0,2,2,0,0,0,2
0x65a69f,100%,0,2,2,0,0,0,2
0x64f0d9,100%,0,8,8,0,0,0,8
0x5f3b30,100%,0,2,2,0,0,0,2
0x66fa48,100%,0,2,2,0,0,0,2
0xa22afc,100%,0,105,105,0,0,0,105
0x75fc9d,100%,0,2,2,0,0,0,2
0x642015,100%,0,2,2,0,0,0,2
0x7cbbee,100%,0,2,2,0,0,0,2
0x761419,100%,0,2,2,0,0,0,2
0x660832,100%,0,2,2,2,0,0,0
0x64b5cb,100%,0,2,2,0,0,0,2
0x63f385,100%,0,2,2,0,0,0,2
0x8c4da3,100%,0,2600,2600,2600,0,0,0
0x64a749,100%,0,100,100,100,0,0,0
0x92d5b6,100%,0,2,2,0,0,0,2
0x5aca0d,100%,0,4,4,4,0,0,0
0x643863,100%,0,2,2,0,0,0,2
0x76b006,100%,0,2,2,0,0,0,2
0x5f3ee2,100%,0,4,4,0,0,0,4
0x6d88ad,100%,0,4,4,0,0,0,4
0x66e3f7,100%,0,2,2,0,0,0,2
0x62ec5e,100%,0,2,2,0,0,0,2
0xa43bb7,100%,0,10625,10625,0,0,0,10625
0x7cbd8e,100%,0,52,52,52,0,0,0
0x76a93d,100%,0,2,2,0,0,0,2
0x6637e8,100%,0,52,52,0,0,0,52
0xa797b7,100%,0,173,173,0,0,0,173
0x6639a6,100%,0,2,2,0,0,0,2
0x404b8b,100%,0,14,14,0,0,0,14
0x640619,100%,0,2,2,0,0,0,2
0x75d7d0,100%,0,2,2,2,0,0,0
0x62f2f2,100%,0,2,2,0,0,0,2
0xa782d0,100%,0,14341,14341,14341,0,0,0
0x5f41c3,100%,0,4,4,4,0,0,0
0x6415c5,100%,0,2,2,0,0,0,2
0x760ec8,100%,0,2,2,2,0,0,0
0x5f60ea,100%,0,38,38,0,0,0,38
0x5f2e33,100%,0,52,52,0,0,0,52
0x63c843,100%,0,257,257,0,0,0,257
0x646c25,100%,0,2,2,0,0,0,2
0x7cf39b,100%,0,50,50,0,0,0,50
0x64d518,100%,0,2,2,0,0,0,2
0x66a62f,100%,0,2,2,0,0,0,2
0xa78048,100%,0,4,4,0,0,0,4
0x65081a,100%,0,2,2,0,0,0,2
0x6605c1,100%,0,2,2,2,0,0,0
0x65b5a8,100%,0,2,2,0,0,0,2
0x929b3a,100%,0,159,159,0,0,0,159
0x4048f1,100%,0,6,6,0,0,0,6
0x8c5180,100%,0,100,100,0,0,0,100
0x75d6a8,100%,0,8,8,8,0,0,0
0x75d629,100%,0,2,2,0,0,0,2
0x62ecbe,100%,0,2,2,0,0,0,2
0x42962f,100%,0,8,8,0,0,0,8
0x76aa47,100%,0,52,52,0,0,0,52
0x92a3ff,100%,0,129,129,0,0,0,129
0x76cf86,100%,0,2,2,2,0,0,0
0x65a62f,100%,0,2,2,0,0,0,2
0x8c1582,100%,0,100,100,0,0,0,100
0x6301f1,100%,0,2,2,0,0,0,2
0xa0eee2,100%,0,7436,7436,0,0,0,7436
0x7b3843,100%,0,52,52,52,0,0,0
0x592ca4,100%,0,8,8,0,0,0,8
0x8c1695,100%,0,1,1,1,0,0,0
0x8c187b,100%,0,2,2,2,0,0,0
0x4b9b2d,100%,0,12,12,0,0,0,12
0x8c2003,100%,0,2,2,0,0,0,2
0x6507bc,100%,0,2,2,0,0,0,2
0x8c202f,100%,0,2,2,0,0,0,2
0x646937,100%,0,2,2,0,0,0,2
0x7742de,100%,0,2,2,2,0,0,0
0x5ea6b0,100%,0,208,208,0,0,0,208
0x6356ba,100%,0,2,2,0,0,0,2
0xa773f3,100%,0,21278,21278,21278,0,0,0
0x64b10c,100%,0,52,52,0,0,0,52
0x6461ff,100%,0,2,2,0,0,0,2
0x660d1d,100%,0,2,2,2,0,0,0
0x7590f5,100%,0,156,156,156,0,0,0
0x649815,100%,0,2,2,0,0,0,2
0x6386c3,100%,0,257,257,0,0,0,257
0x76affc,100%,0,44,44,42,0,0,2
0x62fcf3,100%,0,2,2,0,0,0,2
0x8bec44,100%,0,52,52,0,0,0,52
0x929818,100%,0,125,125,0,0,0,125
0x757714,100%,0,2,2,0,0,0,2
0x7614f8,100%,0,2,2,0,0,0,2
0x8a4c48,100%,0,2,2,0,0,0,2
0x65af81,100%,0,8,8,6,0,0,2
0x641674,100%,0,2,2,2,0,0,0
0x65968d,100%,0,2,2,0,0,0,2
0x76aeb0,100%,0,2,2,2,0,0,0
0x7579a3,100%,0,52,52,0,0,0,52
0x5e9766,100%,0,54,54,0,0,0,54
0x63bdfc,100%,0,8,8,0,0,0,8
0x9f7d0a,100%,0,2042,2042,0,0,0,2042
0x76ada7,100%,0,2,2,0,0,0,2
0x66e96c,100%,0,100,100,0,0,0,100
0xa43da1,100%,0,10625,10625,0,0,0,10625
0x7b1406,100%,0,52,52,52,0,0,0
0x631072,100%,0,2,2,0,0,0,2
0x642004,100%,0,2,2,0,0,0,2
0x64abd1,100%,0,2,2,0,0,0,2
0x5ed4ef,100%,0,2,2,0,0,0,2
0x62fdf2,100%,0,2,2,0,0,0,2
0x762c03,100%,0,38,38,0,0,0,38
0xa768e5,100%,0,68956,68956,0,0,0,68956
0x5e98f2,100%,0,52,52,0,0,0,52
0x8c6b50,100%,0,100,100,0,0,0,100
0x9f5804,100%,0,14,14,0,0,0,14
0x6430ad,100%,0,2,2,0,0,0,2
0x634f0d,100%,0,2,2,0,0,0,2
0x65afa1,100%,0,2,2,0,0,0,2
0x8bf50e,100%,0,2,2,0,0,0,2
0x76ebd2,100%,0,7,7,7,0,0,0
0x639b83,100%,0,2,2,0,0,0,2
0x64afac,100%,0,52,52,0,0,0,52
0x67a3e6,100%,0,2,2,0,0,0,2
0x64f82c,100%,0,2,2,0,0,0,2
0xa76a61,100%,0,3286,3286,0,0,0,3286
0x8c360a,100%,0,100,100,0,0,0,100
0x7b3beb,100%,0,2,2,2,0,0,0
0x403f44,100%,0,6,6,6,0,0,0
0x76777b,100%,0,2,2,0,0,0,2
0x65dc6a,100%,0,100,100,0,0,0,100
0x649bf1,100%,0,2,2,0,0,0,2
0x68859d,100%,0,2,2,0,0,0,2
0x9f7d17,100%,0,2042,2042,2042,0,0,0
0x64f993,100%,0,2,2,0,0,0,2
0x63726c,100%,0,257,257,0,0,0,257
0x9fef0e,100%,0,4,4,0,0,0,4
0x65849d,100%,0,819,819,0,0,0,819
0x65764a,100%,0,2,2,0,0,0,2
0x68853d,100%,0,2,2,2,0,0,0
0x929304,100%,0,20,20,0,0,0,20
0x65e709,100%,0,2600,2600,0,0,0,2600
0x641816,100%,0,2,2,0,0,0,2
0x66a5ec,100%,0,52,52,0,0,0,52
0x63150e,100%,0,52,52,0,0,0,52
0x5993ee,100%,0,24,24,0,0,0,24
0xa76918,100%,0,47678,47678,0,0,0,47678
0x8c20c0,100%,0,2,2,0,0,0,2
0x66aea8,100%,0,2,2,0,0,0,2
0x96197b,100%,0,159,159,0,0,0,159
0x6d9242,100%,0,16,16,0,0,0,16
0x64e3de,100%,0,10,10,0,0,0,10
0x634a24,100%,0,2,2,0,0,0,2
0x8c6a5d,100%,0,100,100,0,0,0,100
0x62f939,100%,0,2,2,0,0,0,2
0x5e5ab2,100%,0,2,2,2,0,0,0
0x763261,100%,0,2,2,0,0,0,2
0xa783dd,100%,0,32758,32758,32758,0,0,0
0xa38b78,100%,0,40,40,0,0,0,40
0x65aebd,100%,0,2,2,0,0,0,2
0x6d872d,100%,0,16,16,16,0,0,0
0x596ef2,100%,0,156,156,0,0,0,156
0x65848d,100%,0,819,819,0,0,0,819
0x7662b1,100%,0,12,12,0,0,0,12
0x67ba1a,100%,0,2,2,0,0,0,2
0x8bfc03,100%,0,100,100,0,0,0,100
0x92ca0b,100%,0,2600,2600,0,0,0,2600
0x7b36fa,100%,0,52,52,0,0,0,52
0x66fea4,100%,0,208,208,0,0,0,208
0x688412,100%,0,2,2,2,0,0,0
0x5e8252,100%,0,123,123,123,0,0,0
0x65a8f9,100%,0,2,2,0,0,0,2
0x761a99,100%,0,2,2,2,0,0,0
0x639e8a,100%,0,7,7,0,0,0,7
0x8bfcdc,100%,0,2,2,0,0,0,2
0x65a84b,100%,0,2,2,0,0,0,2
0x769576,100%,0,4,4,0,0,0,4
0x64ead7,100%,0,32,32,0,0,0,32
0x67a160,100%,0,2,2,0,0,0,2
0x64aacc,100%,0,100,100,0,0,0,100
0x656e65,100%,0,2,2,0,0,0,2
0x62103e,100%,0,38,38,0,0,0,38
0x640425,100%,0,2,2,0,0,0,2
0x8c4636,100%,0,100,100,0,0,0,100
0x63f574,100%,0,2,2,0,0,0,2
0x7616b6,100%,0,2,2,0,0,0,2
0x7cc638,100%,0,52,52,0,0,0,52
0x63560d,100%,0,2,2,0,0,0,2
0x685204,100%,0,2,2,0,0,0,2
0x64efd4,100%,0,8,8,8,0,0,0
0x92901d,100%,0,20,20,0,0,0,20
0x639cb2,100%,0,2,2,0,0,0,2
0x64e350,100%,0,10,10,0,0,0,10
0x64aa0c,100%,0,100,100,0,0,0,100
0x64dd20,100%,0,2,2,0,0,0,2
0x635f06,100%,0,2,2,0,0,0,2
0x630182,100%,0,2,2,0,0,0,2
0x64fca8,100%,0,80,80,0,0,0,80
0x64983c,100%,0,2,2,0,0,0,2
0x7afc91,100%,0,52,52,52,0,0,0
0x9279d1,100%,0,91,91,91,0,0,0
0x778284,100%,0,8,8,8,0,0,0
0x76ed1a,100%,0,7,7,7,0,0,0
0x67aa4b,100%,0,2,2,0,0,0,2
0x64d8ed,100%,0,2,2,0,0,0,2
0x64b55a,100%,0,2,2,2,0,0,0
0x76239f,100%,0,2,2,0,0,0,2
0x656d98,100%,0,2,2,0,0,0,2
0x65ab82,100%,0,2,2,0,0,0,2
0x62f57b,100%,0,2,2,0,0,0,2
0x758c63,100%,0,52,52,0,0,0,52
0x659526,100%,0,2,2,0,0,0,2
0x6404c9,100%,0,2,2,0,0,0,2
0x5daa74,100%,0,2,2,0,0,0,2
0x65a56d,100%,0,2,2,0,0,0,2
0x604c20,100%,0,44,44,44,0,0,0
0x761f83,100%,0,6,6,4,0,0,2
0x8c5f1f,100%,0,100,100,0,0,0,100
0x649f9c,100%,0,100,100,0,0,0,100
0x95acaf,100%,0,2,2,2,0,0,0
0x6053ca,100%,0,2,2,2,0,0,0
0x8c32a4,100%,0,100,100,0,0,0,100
0x769aea,100%,0,4,4,0,0,0,4
0x7726ec,100%,0,8,8,6,0,0,2
0x655247,100%,0,20,20,20,0,0,0
0x6da44d,100%,0,2,2,0,0,0,2
0x66a3f0,100%,0,2,2,0,0,0,2
0x658561,100%,0,21294,21294,0,0,0,21294
0x6d9201,100%,0,16,16,0,0,0,16
0x766201,100%,0,4,4,0,0,0,4
0x92bd75,100%,0,100,100,0,0,0,100
0x761b17,100%,0,2,2,0,0,0,2
0x599488,100%,0,624,624,0,0,0,624
0x67b0a8,100%,0,2,2,0,0,0,2
0x960cae,100%,0,2,2,0,0,0,2
0x6331fb,100%,0,52,52,0,0,0,52
0x7cd3e1,100%,0,52,52,52,0,0,0
0x6453de,100%,0,2,2,0,0,0,2
0x65a52d,100%,0,2,2,0,0,0,2
0x67b205,100%,0,8,8,6,0,0,2
0x67b228,100%,0,2,2,0,0,0,2
0x7b1d1a,100%,0,2,2,2,0,0,0
0x67b28d,100%,0,2,2,0,0,0,2
0x67b32e,100%,0,8,8,8,0,0,0
0x7b0510,100%,0,2,2,2,0,0,0
0x65a488,100%,0,2,2,0,0,0,2
0x75e668,100%,0,2,2,0,0,0,2
0x6357fe,100%,0,2,2,0,0,0,2
0x5da3bd,100%,0,2,2,0,0,0,2
0x960f1f,100%,0,125,125,0,0,0,125
0x635853,100%,0,2,2,0,0,0,2
0x634d5c,100%,0,2,2,0,0,0,2
0x761f45,100%,0,6,6,0,0,0,6
0x63fd5a,100%,0,2,2,0,0,0,2
0x76cf43,100%,0,2,2,0,0,0,2
0x404913,100%,0,6,6,6,0,0,0
0x95a118,100%,0,52,52,0,0,0,52
0x63f33f,100%,0,2,2,0,0,0,2
0x403158,100%,0,6,6,6,0,0,0
0x8bf7b9,100%,0,2,2,0,0,0,2
0x67b70d,100%,0,2,2,0,0,0,2
0x64599d,100%,0,2,2,0,0,0,2
0x632994,100%,0,2,2,0,0,0,2
0x67b828,100%,0,2,2,0,0,0,2
0x9e1b35,100%,0,2,2,2,0,0,0
0xa43e5a,100%,0,10625,10625,0,0,0,10625
0x62f3b7,100%,0,2,2,0,0,0,2
0x7cd219,100%,0,2,2,2,0,0,0
0x631919,100%,0,2,2,0,0,0,2
0x64987f,100%,0,2,2,0,0,0,2
0x6459d2,100%,0,2,2,0,0,0,2
0x6440c0,100%,0,2,2,0,0,0,2
0x7e716d,100%,0,2,2,0,0,0,2
0x639444,100%,0,2,2,0,0,0,2
0x774a77,100%,0,2,2,0,0,0,2
0x6443c2,100%,0,2600,2600,0,0,0,2600
0x644806,100%,0,2,2,0,0,0,2
0x640ff9,100%,0,8,8,6,0,0,2
0x687158,100%,0,2,2,0,0,0,2
0x761cab,100%,0,2,2,0,0,0,2
0x7cf64f,100%,0,2,2,2,0,0,0
0x6340e5,100%,0,2,2,0,0,0,2
0x7695ca,100%,0,4,4,0,0,0,4
0x95a7b3,100%,0,2,2,2,0,0,0
0x67ac59,100%,0,2,2,0,0,0,2
0x7cc215,100%,0,2,2,0,0,0,2
0x67ace8,100%,0,2,2,0,0,0,2
0x605294,100%,0,2,2,2,0,0,0
0xa397b3,100%,0,7,7,7,0,0,0
0x67ada8,100%,0,2,2,0,0,0,2
0x67add9,100%,0,2,2,0,0,0,2
0x67ae68,100%,0,2,2,0,0,0,2
0x64b67f,100%,0,2,2,0,0,0,2
0x67af8d,100%,0,2,2,0,0,0,2
0x67b02e,100%,0,8,8,8,0,0,0
0x7bd29e,100%,0,10,10,0,0,0,10
0x4abb35,100%,0,502,502,124,0,0,378
0x6d8ba6,100%,0,16,16,0,0,0,16
0xa43c33,100%,0,10625,10625,0,0,0,10625
0x641127,100%,0,2,2,0,0,0,2
0x59925f,100%,0,32,32,32,0,0,0
0x6349f8,100%,0,52,52,0,0,0,52
0x7bce77,100%,0,10,10,0,0,0,10
0x92d5fc,100%,0,2,2,0,0,0,2
0x8c1fc7,100%,0,2,2,0,0,0,2
0x66ead7,100%,0,2,2,0,0,0,2
0x4a447d,100%,0,4,4,4,0,0,0
0x404972,100%,0,6,6,6,0,0,0
0x6372aa,100%,0,257,257,0,0,0,257
0xa43c72,100%,0,10625,10625,0,0,0,10625
0x645091,100%,0,2,2,0,0,0,2
0x6416b5,100%,0,2,2,0,0,0,2
0x63428a,100%,0,2,2,0,0,0,2
0xa0eecc,100%,0,7436,7436,0,0,0,7436
0x8bf2c0,100%,0,2,2,0,0,0,2
0x9f99d4,100%,0,567,567,255,0,0,312
0x6d8f58,100%,0,52,52,0,0,0,52
0x634a90,100%,0,2,2,0,0,0,2
0x6da57e,100%,0,2,2,2,0,0,0
0x635a3f,100%,0,2,2,0,0,0,2
0x94a11d,100%,0,2,2,2,0,0,0
0x94a110,100%,0,2,2,0,0,0,2
0x5f56c5,100%,0,108,108,0,0,0,108
0xa77de5,100%,0,32758,32758,0,0,0,32758
0x94a0be,100%,0,2,2,0,0,0,2
0x9e0d07,100%,0,34,34,0,0,0,34
0x6512e4,100%,0,2,2,0,0,0,2
0x64bfaf,100%,0,2,2,0,0,0,2
0x67b88d,100%,0,2,2,0,0,0,2
0x67b9fb,100%,0,2,2,0,0,0,2
0x75d92b,100%,0,2,2,0,0,0,2
0x7e82a4,100%,0,2,2,2,0,0,0
0x65bf89,100%,0,2,2,0,0,0,2
0x959c9c,100%,0,2,2,2,0,0,0
0x773e5a,100%,0,2,2,2,0,0,0
0x761658,100%,0,2,2,0,0,0,2
0x59824f,100%,0,4,4,0,0,0,4
0x7c9e11,100%,0,2,2,2,0,0,0
0x8c3260,100%,0,100,100,0,0,0,100
0x8becc7,100%,0,2,2,0,0,0,2
0x6359fa,100%,0,2,2,0,0,0,2
0x681b22,100%,0,2,2,0,0,0,2
0x7aff6c,100%,0,2,2,2,0,0,0
0x5ac4d9,100%,0,2,2,0,0,0,2
0x5ac4b8,100%,0,2,2,0,0,0,2
0x63ecf0,100%,0,2,2,0,0,0,2
0x95b598,100%,0,2,2,0,0,0,2
0x681c53,100%,0,2,2,0,0,0,2
0x7edccb,100%,0,2,2,0,0,0,2
0x5ac497,100%,0,2,2,0,0,0,2
0x681c6c,100%,0,2,2,0,0,0,2
0x649136,100%,0,2,2,0,0,0,2
0xa228de,100%,0,125,125,0,0,0,125
0x7cf1b3,100%,0,52,52,0,0,0,52
0x404b01,100%,0,22,22,22,0,0,0
0x7cb708,100%,0,2,2,0,0,0,2
0x761dc2,100%,0,6,6,0,0,0,6
0x64c543,100%,0,80,80,0,0,0,80
0x64b28f,100%,0,2,2,0,0,0,2
0x65b3b1,100%,0,2,2,0,0,0,2
0x6354c2,100%,0,2,2,0,0,0,2
0x64f7b5,100%,0,2,2,0,0,0,2
0x646352,100%,0,2,2,0,0,0,2
0x64c8c0,100%,0,8,8,0,0,0,8
0x926c63,100%,0,8,8,0,0,0,8
0x64f62c,100%,0,2,2,0,0,0,2
0x6550dc,100%,0,9694,9694,0,0,0,9694
0xa22cea,100%,0,34,34,0,0,0,34
0x96139f,100%,0,159,159,0,0,0,159
0x7cb4eb,100%,0,2,2,0,0,0,2
0x641b00,100%,0,2,2,0,0,0,2
0x66a252,100%,0,8,8,6,0,0,2
0xa76a13,100%,0,21278,21278,0,0,0,21278
0x429f9b,100%,0,90,90,0,0,0,90
0x8a004a,100%,0,2,2,0,0,0,2
0x64abf5,100%,0,2,2,0,0,0,2
0x64bb0e,100%,0,2,2,2,0,0,0
0x6583e6,100%,0,819,819,0,0,0,819
0x64e3c8,100%,0,10,10,0,0,0,10
0x429e54,100%,0,8,8,0,0,0,8
0x605599,100%,0,2,2,2,0,0,0
0x429efc,100%,0,257,257,0,0,0,257
0x75ca14,100%,0,2,2,2,0,0,0
0x429f64,100%,0,100,100,0,0,0,100
0xa79792,100%,0,82,82,82,0,0,0
0x42a2a2,100%,0,2,2,0,0,0,2
0x8c6b15,100%,0,100,100,0,0,0,100
0x66e633,100%,0,2,2,0,0,0,2
0x76a6d2,100%,0,2,2,0,0,0,2
0x7cd4fc,100%,0,52,52,0,0,0,52
0x59863a,100%,0,32,32,32,0,0,0
0xa308ab,100%,0,7436,7436,0,0,0,7436
0x65a108,100%,0,2,2,0,0,0,2
0x928dde,100%,0,159,159,0,0,0,159
0x643298,100%,0,2,2,0,0,0,2
0x7cd504,100%,0,52,52,52,0,0,0
0x646910,100%,0,2,2,0,0,0,2
0xa395a7,100%,0,7,7,0,0,0,7
0x63a0b4,100%,0,2,2,0,0,0,2
0xa394dc,100%,0,7,7,0,0,0,7
0x65a2a5,100%,0,2,2,0,0,0,2
0x634af5,100%,0,2,2,0,0,0,2
0x75d19a,100%,0,2,2,2,0,0,0
0x6820bf,100%,0,2,2,0,0,0,2
0x66a6f2,100%,0,2,2,0,0,0,2
0xa22c32,100%,0,105,105,105,0,0,0
0x961697,100%,0,159,159,0,0,0,159
0x65cf46,100%,0,2,2,0,0,0,2
0x65a4ef,100%,0,2,2,0,0,0,2
0x65a501,100%,0,2,2,0,0,0,2
0x92d5d5,100%,0,2,2,0,0,0,2
0x42bc79,100%,0,6,6,6,0,0,0
0x65a551,100%,0,2,2,0,0,0,2
0x960ec3,100%,0,125,125,0,0,0,125
0x75d04c,100%,0,2,2,2,0,0,0
0x6402d9,100%,0,2,2,0,0,0,2
0x75cf7b,100%,0,2,2,0,0,0,2
0x641a32,100%,0,2,2,0,0,0,2
0x9f7d9f,100%,0,8,8,0,0,0,8
0x61805f,100%,0,3952,3952,0,0,0,3952
0x62f160,100%,0,2,2,0,0,0,2
0x596c8a,100%,0,156,156,0,0,0,156
0x633050,100%,0,2,2,0,0,0,2
0x65b4a2,100%,0,2,2,0,0,0,2
0x9f8d5e,100%,0,261,261,0,0,0,261
0x42ae7d,100%,0,24,24,0,0,0,24
0x596dc6,100%,0,6,6,0,0,0,6
0x64eb38,100%,0,32,32,0,0,0,32
0x757a93,100%,0,52,52,0,0,0,52
0x766cdc,100%,0,4,4,0,0,0,4
0x75942f,100%,0,52,52,0,0,0,52
0x63fa35,100%,0,2,2,0,0,0,2
0xa394c4,100%,0,7,7,0,0,0,7
0x64193e,100%,0,2,2,2,0,0,0
0x598a93,100%,0,48,48,0,0,0,48
0x770e9f,100%,0,2,2,0,0,0,2
0xa30855,100%,0,16787,16787,16787,0,0,0
0x8c1682,100%,0,1,1,0,0,0,1
0x6427ba,100%,0,2,2,0,0,0,2
0xa79712,100%,0,2,2,2,0,0,0
0x9f581e,100%,0,14,14,0,0,0,14
0x64718f,100%,0,52,52,0,0,0,52
0x67ba93,100%,0,2,2,0,0,0,2
0x9f5824,100%,0,14,14,0,0,0,14
0xa90f18,100%,0,194,194,194,0,0,0
0x642997,100%,0,52,52,0,0,0,52
0x6435ea,100%,0,2,2,0,0,0,2
0x77007e,100%,0,2,2,0,0,0,2
0x59870d,100%,0,48,48,0,0,0,48
0x8c32ac,100%,0,100,100,100,0,0,0
0x8c31c3,100%,0,100,100,0,0,0,100
0x65b370,100%,0,2,2,0,0,0,2
0x8a7aac,100%,0,20,20,0,0,0,20
0x42a2c8,100%,0,2,2,0,0,0,2
0x76a75a,100%,0,2,2,2,0,0,0
0x63fc1f,100%,0,2,2,0,0,0,2
0x5e7053,100%,0,4,4,0,0,0,4
0x7b223e,100%,0,2,2,0,0,0,2
0x61737c,100%,0,22,22,22,0,0,0
0x64f9ed,100%,0,2,2,0,0,0,2
0x633c3d,100%,0,2,2,0,0,0,2
0x646c87,100%,0,2,2,0,0,0,2
0x640c03,100%,0,2,2,0,0,0,2
0x64991c,100%,0,2,2,0,0,0,2
0x658c9b,100%,0,2,2,2,0,0,0
0x631486,100%,0,2,2,0,0,0,2
0x8c1778,100%,0,2,2,0,0,0,2
0x769ee3,100%,0,2,2,0,0,0,2
0x7731fd,100%,0,52,52,0,0,0,52
0x5ac5bf,100%,0,2,2,2,0,0,0
0x7ccb39,100%,0,2,2,2,0,0,0
0x6428b9,100%,0,2,2,0,0,0,2
0x63f3c3,100%,0,2,2,0,0,0,2
0x405432,100%,0,6,6,6,0,0,0
0xa43d5e,100%,0,10625,10625,0,0,0,10625
0x6400a6,100%,0,2,2,0,0,0,2
0x650bca,100%,0,2,2,2,0,0,0
0x7b35a0,100%,0,2,2,2,0,0,0
0xa797ea,100%,0,173,173,0,0,0,173
0x76100a,100%,0,2,2,0,0,0,2
0x650792,100%,0,2,2,2,0,0,0
0x7b44c4,100%,0,2,2,0,0,0,2
0x647213,100%,0,2,2,0,0,0,2
0x646f7e,100%,0,2,2,0,0,0,2
0x656ca2,100%,0,2,2,0,0,0,2
0xa228f3,100%,0,125,125,0,0,0,125
0x666c38,100%,0,8,8,0,0,0,8
0x63870c,100%,0,257,257,0,0,0,257
0x643693,100%,0,2,2,0,0,0,2
0x8c6ad7,100%,0,100,100,0,0,0,100
0x64fe05,100%,0,2,2,2,0,0,0
0x63461f,100%,0,2,2,0,0,0,2
0x76f7c9,100%,0,6,6,0,0,0,6
0x76f64f,100%,0,1,1,1,0,0,0
0x76f62a,100%,0,1,1,0,0,0,1
0x7b1f12,100%,0,208,208,156,0,0,52
0x5ecdcd,100%,0,52,52,0,0,0,52
0x647245,100%,0,2,2,0,0,0,2
0x685ad4,100%,0,2,2,0,0,0,2
0x5fcf28,100%,0,88,88,88,0,0,0
0x76f40c,100%,0,14,14,0,0,0,14
0x66e2d7,100%,0,2,2,0,0,0,2
0x64f96a,100%,0,2,2,0,0,0,2
0x7733a2,100%,0,52,52,0,0,0,52
0x65a782,100%,0,2,2,0,0,0,2
0x646047,100%,0,2,2,0,0,0,2
0x8c4a93,100%,0,100,100,0,0,0,100
0x7651fd,100%,0,2,2,2,0,0,0
0x62f22d,100%,0,2,2,0,0,0,2
0x7b1d63,100%,0,2,2,0,0,0,2
0x67a65e,100%,0,2,2,0,0,0,2
0x64d9d5,100%,0,2,2,0,0,0,2
0x75d114,100%,0,2,2,0,0,0,2
0x6487ff,100%,0,2,2,0,0,0,2
0x635445,100%,0,2,2,0,0,0,2
0x64c3d7,100%,0,2,2,0,0,0,2
0x602e17,100%,0,2,2,0,0,0,2
0x65a203,100%,0,14,14,0,0,0,14
0x76fc69,100%,0,2,2,0,0,0,2
0x772543,100%,0,52,52,0,0,0,52
0x63c37e,100%,0,8,8,0,0,0,8
0x63c324,100%,0,8,8,0,0,0,8
0x6f54f1,100%,0,2,2,2,0,0,0
0x593b06,100%,0,8,8,0,0,0,8
0x65064a,100%,0,2,2,2,0,0,0
0x63c060,100%,0,8,8,0,0,0,8
0x6506a3,100%,0,2,2,2,0,0,0
0x429a6a,100%,0,2,2,2,0,0,0
0x63bd23,100%,0,208,208,0,0,0,208
0x6386ed,100%,0,257,257,0,0,0,257
0x9610a3,100%,0,159,159,0,0,0,159
0x76fe77,100%,0,2,2,0,0,0,2
0x64b7f3,100%,0,8,8,0,0,0,8
0x602fd3,100%,0,22,22,0,0,0,22
0x6591b3,100%,0,2,2,0,0,0,2
0x76fcad,100%,0,2,2,0,0,0,2
0x65c07c,100%,0,52,52,0,0,0,52
0x67a98f,100%,0,2,2,0,0,0,2
0x63d6cc,100%,0,8,8,0,0,0,8
0x961122,100%,0,159,159,0,0,0,159
0x76fb78,100%,0,6,6,0,0,0,6
0xa7849b,100%,0,2,2,2,0,0,0
0x75d203,100%,0,2,2,0,0,0,2
0x647598,100%,0,100,100,0,0,0,100
0x642cbb,100%,0,2,2,0,0,0,2
0x76d7ab,100%,0,2,2,0,0,0,2
0x7cf732,100%,0,2,2,2,0,0,0
0xa30839,100%,0,20359,20359,20359,0,0,0
0x7b27f7,100%,0,2,2,0,0,0,2
0x65973c,100%,0,2,2,0,0,0,2
0x9ff0fd,100%,0,1092,1092,1092,0,0,0
0x687db9,100%,0,52,52,52,0,0,0
0x64d5e5,100%,0,2,2,0,0,0,2
0x63a3c5,100%,0,2,2,0,0,0,2
0x5f117e,100%,0,54,54,0,0,0,54
0x6314d4,100%,0,52,52,0,0,0,52
0x67a148,100%,0,8,8,0,0,0,8
0x7bd5bf,100%,0,10,10,10,0,0,0
0x76d6f3,100%,0,52,52,0,0,0,52
0x639674,100%,0,2,2,0,0,0,2
0x606284,100%,0,4,4,0,0,0,4
0x773f21,100%,0,2,2,2,0,0,0
0x770f36,100%,0,2,2,2,0,0,0
0x639899,100%,0,2,2,0,0,0,2
0x64a7dc,100%,0,100,100,100,0,0,0
0x8c2044,100%,0,2,2,0,0,0,2
0x75d679,100%,0,2,2,0,0,0,2
0x8c3cca,100%,0,100,100,0,0,0,100
0xa769fb,100%,0,21278,21278,0,0,0,21278
0x598d36,100%,0,2,2,2,0,0,0
0x64016c,100%,0,2,2,0,0,0,2
0x643a16,100%,0,2,2,0,0,0,2
0x7cf3fb,100%,0,2,2,0,0,0,2
0x63869f,100%,0,257,257,0,0,0,257
0x5ef9f6,100%,0,2,2,2,0,0,0
0xa7a53a,100%,0,68781,68781,0,0,0,68781
0x64561f,100%,0,2,2,0,0,0,2
0x63ac0c,100%,0,2,2,0,0,0,2
0x8c6b27,100%,0,100,100,0,0,0,100
0x76dff7,100%,0,2,2,0,0,0,2
0x65710f,100%,0,2,2,0,0,0,2
0x644cf9,100%,0,2,2,0,0,0,2
0x644bea,100%,0,2,2,0,0,0,2
0x67b10d,100%,0,2,2,0,0,0,2
0x633f52,100%,0,2,2,0,0,0,2
0x64723c,100%,0,2,2,0,0,0,2
0x598c66,100%,0,16,16,2,0,0,14
0xa0eed2,100%,0,7436,7436,0,0,0,7436
0x8c3cb0,100%,0,100,100,0,0,0,100
0x7cbd31,100%,0,52,52,0,0,0,52
0x663d64,100%,0,2,2,0,0,0,2
0xa7965d,100%,0,257,257,0,0,0,257
0x8c4516,100%,0,100,100,0,0,0,100
0x633248,100%,0,2,2,0,0,0,2
0x7614e8,100%,0,2,2,0,0,0,2
0x65a5fa,100%,0,2,2,0,0,0,2
0x6396c3,100%,0,2,2,0,0,0,2
0x608940,100%,0,2,2,2,0,0,0
0x7cb581,100%,0,2,2,0,0,0,2
0x7b0344,100%,0,2,2,0,0,0,2
0x597f6c,100%,0,56,56,0,0,0,56
0x634031,100%,0,2,2,0,0,0,2
0xa76619,100%,0,98,98,0,0,0,98
0x76d809,100%,0,2,2,0,0,0,2
0x76d7bb,100%,0,2,2,0,0,0,2
0x8c5cc1,100%,0,2500,2500,0,0,0,2500
0x76d549,100%,0,52,52,0,0,0,52
0x64604b,100%,0,2,2,0,0,0,2
0x64f658,100%,0,2,2,0,0,0,2
0x928ab2,100%,0,159,159,0,0,0,159
0x64f60a,100%,0,2,2,0,0,0,2
0x5f3b26,100%,0,4,4,2,0,0,2
0x63601d,100%,0,2,2,0,0,0,2
0x64f566,100%,0,2,2,0,0,0,2
0x64f51e,100%,0,2,2,0,0,0,2
0x64f4f2,100%,0,2,2,0,0,0,2
0x7b3c8f,100%,0,2,2,0,0,0,2
0x7a8cd2,100%,0,104,104,104,0,0,0
0x649a19,100%,0,2,2,0,0,0,2
0x6499d3,100%,0,2,2,0,0,0,2
0x66ae17,100%,0,2,2,0,0,0,2
0x5e8ec8,100%,0,13,13,0,0,0,13
0x65c34c,100%,0,52,52,0,0,0,52
0x6498b0,100%,0,2,2,0,0,0,2
0x649891,100%,0,2,2,0,0,0,2
0x6e671d,100%,0,2,2,0,0,0,2
0x649808,100%,0,2,2,0,0,0,2
0x8c68da,100%,0,100,100,0,0,0,100
0xa24b18,100%,0,505,505,0,0,0,505
0x635b83,100%,0,2,2,0,0,0,2
0x648a3d,100%,0,2,2,0,0,0,2
0x8a49ef,100%,0,2,2,0,0,0,2
0x633474,100%,0,2,2,0,0,0,2
0x648761,100%,0,2,2,0,0,0,2
0x648747,100%,0,8,8,6,0,0,2
0x6486c3,100%,0,2,2,0,0,0,2
0x63b258,100%,0,84,84,84,0,0,0
0x7aac7e,100%,0,52,52,0,0,0,52
0x650828,100%,0,80,80,0,0,0,80
0x6503c3,100%,0,2,2,0,0,0,2
0x7aab05,100%,0,2,2,0,0,0,2
0x634aab,100%,0,52,52,0,0,0,52
0x7aaaa6,100%,0,2,2,0,0,0,2
0x7aaa2e,100%,0,2,2,0,0,0,2
0x76a453,100%,0,52,52,0,0,0,52
0x64ff2c,100%,0,2,2,0,0,0,2
0x64f234,100%,0,32640,32640,32640,0,0,0
0x7aa287,100%,0,2,2,0,0,0,2
0x6355e4,100%,0,2,2,0,0,0,2
0x5e6205,100%,0,2,2,0,0,0,2
0x67b19e,100%,0,8,8,8,0,0,0
0x65ad61,100%,0,8,8,6,0,0,2
0x7e70c6,100%,0,2,2,2,0,0,0
0x66f2b7,100%,0,2,2,0,0,0,2
0x63b18e,100%,0,84,84,0,0,0,84
0x63442a,100%,0,2,2,0,0,0,2
0x643d0b,100%,0,2,2,0,0,0,2
0xa3975c,100%,0,7,7,7,0,0,0
0x64b9ca,100%,0,2,2,0,0,0,2
0x63188d,100%,0,2,2,0,0,0,2
0x641985,100%,0,2,2,0,0,0,2
0x64fb32,100%,0,2,2,0,0,0,2
0x62ebfe,100%,0,2,2,0,0,0,2
0x64f983,100%,0,2,2,0,0,0,2
0x64f919,100%,0,2,2,0,0,0,2
0x63f619,100%,0,2,2,0,0,0,2
0x64f83c,100%,0,2,2,0,0,0,2
0x67b700,100%,0,2,2,0,0,0,2
0x64f749,100%,0,2,2,0,0,0,2
0x6573a2,100%,0,2,2,0,0,0,2
0x63950a,100%,0,2,2,0,0,0,2
0x76047b,100%,0,2,2,0,0,0,2
0x7b0393,100%,0,52,52,0,0,0,52
0xa781f3,100%,0,98,98,0,0,0,98
0x773fe8,100%,0,2,2,2,0,0,0
0x63cf7e,100%,0,8,8,0,0,0,8
0x646620,100%,0,2,2,0,0,0,2
0x639c8b,100%,0,2,2,0,0,0,2
0x7e62cd,100%,0,2,2,0,0,0,2
0x6333c2,100%,0,2,2,0,0,0,2
0x95a51c,100%,0,52,52,0,0,0,52
0x77375a,100%,0,2,2,2,0,0,0
0x77341b,100%,0,52,52,52,0,0,0
0x9fb4ee,100%,0,257,257,0,0,0,257
0x7cd2ef,100%,0,2,2,2,0,0,0
0x64452a,100%,0,52,52,0,0,0,52
0x67a259,100%,0,2,2,0,0,0,2
0x64b1da,100%,0,52,52,0,0,0,52
0x636b32,100%,0,257,257,0,0,0,257
0x65564f,100%,0,27030,27030,13515,0,0,13515
0x63828f,100%,0,257,257,0,0,0,257
0x75d6c9,100%,0,2,2,0,0,0,2
0x637fd6,100%,0,257,257,0,0,0,257
0x7b3551,100%,0,2,2,2,0,0,0
0x772ffe,100%,0,52,52,52,0,0,0
0x769b2e,100%,0,4,4,0,0,0,4
0x772f53,100%,0,52,52,0,0,0,52
0x64c1b9,100%,0,2,2,0,0,0,2
0x8a001d,100%,0,2,2,0,0,0,2
0x65a563,100%,0,2,2,0,0,0,2
0xa2b7a3,100%,0,4,4,0,0,0,4
0x686fe8,100%,0,2,2,0,0,0,2
0x95af7c,100%,0,2,2,2,0,0,0
0x67a5cc,100%,0,8,8,8,0,0,0
0xa79690,100%,0,257,257,0,0,0,257
0x65ab6f,100%,0,2,2,0,0,0,2
0x630e10,100%,0,2,2,0,0,0,2
0x63ad60,100%,0,2,2,0,0,0,2
0x5f0128,100%,0,406,406,0,0,0,406
0x95adfe,100%,0,2,2,0,0,0,2
0x42ae9f,100%,0,16,16,16,0,0,0
0x774cff,100%,0,2,2,2,0,0,0
0x62ecde,100%,0,2,2,0,0,0,2
0x7ce083,100%,0,52,52,0,0,0,52
0x64f77b,100%,0,2,2,0,0,0,2
0x92a306,100%,0,159,159,159,0,0,0
0x6f4a9f,100%,0,52,52,0,0,0,52
0x63a5ec,100%,0,2,2,0,0,0,2
0x63003b,100%,0,2,2,0,0,0,2
0x4abb49,100%,0,64,64,0,0,0,64
0x64693b,100%,0,2,2,0,0,0,2
0x9f8117,100%,0,191,191,0,0,0,191
0x65345b,100%,0,2,2,0,0,0,2
0x95ae18,100%,0,2,2,0,0,0,2
0x7748ab,100%,0,2,2,2,0,0,0
0x67b928,100%,0,2,2,0,0,0,2
0x650a39,100%,0,2,2,2,0,0,0
0x630ec4,100%,0,2,2,0,0,0,2
0x66f5b7,100%,0,2,2,0,0,0,2
0x7cf687,100%,0,2,2,2,0,0,0
0x92bb8f,100%,0,52,52,50,0,0,2
0x769303,100%,0,4,4,0,0,0,4
0x67a754,100%,0,2,2,0,0,0,2
0x7cd1ae,100%,0,2,2,2,0,0,0
0x778465,100%,0,8,8,0,0,0,8
0x76657e,100%,0,4,4,0,0,0,4
0x63efef,100%,0,2,2,0,0,0,2
0x64ee2c,100%,0,8,8,8,0,0,0
0x7ce0e6,100%,0,52,52,0,0,0,52
0x8c20ec,100%,0,2,2,0,0,0,2
0x63332a,100%,0,2,2,0,0,0,2
0x597e52,100%,0,20,20,18,0,0,2
0x605c29,100%,0,2,2,2,0,0,0
0x65be62,100%,0,2,2,0,0,0,2
0x7b2224,100%,0,2,2,0,0,0,2
0xa76a32,100%,0,21278,21278,0,0,0,21278
0x8c205b,100%,0,2,2,0,0,0,2
0xa78466,100%,0,2,2,0,0,0,2
0x656e03,100%,0,2,2,0,0,0,2
0x7e7593,100%,0,52,52,0,0,0,52
0x67a006,100%,0,2,2,0,0,0,2
0x63476d,100%,0,2,2,0,0,0,2
0x8c6b00,100%,0,100,100,0,0,0,100
0x633a4d,100%,0,2,2,0,0,0,2
0x634e92,100%,0,2,2,0,0,0,2
0x7e719a,100%,0,2,2,2,0,0,0
0x76cf29,100%,0,2,2,0,0,0,2
0x766142,100%,0,4,4,0,0,0,4
0x6381ad,100%,0,257,257,257,0,0,0
0x65af8a,100%,0,2,2,0,0,0,2
0x62ecfe,100%,0,2,2,0,0,0,2
0x766a44,100%,0,12,12,0,0,0,12
0x76ceb0,100%,0,52,52,52,0,0,0
0x633e0f,100%,0,2,2,0,0,0,2
0x765114,100%,0,2,2,0,0,0,2
0xa30897,100%,0,7436,7436,0,0,0,7436
0x5fd042,100%,0,88,88,88,0,0,0
0x76507f,100%,0,2,2,0,0,0,2
0x63dacb,100%,0,8,8,0,0,0,8
0x764f92,100%,0,2,2,0,0,0,2
0x755c89,100%,0,2,2,0,0,0,2
0x656b5b,100%,0,2,2,0,0,0,2
0x593ce0,100%,0,8,8,0,0,0,8
0x7e82eb,100%,0,2,2,2,0,0,0
0x8c3aa2,100%,0,100,100,0,0,0,100
0x7e7f73,100%,0,52,52,0,0,0,52
0x658cb9,100%,0,2,2,2,0,0,0
0x7e7efc,100%,0,52,52,0,0,0,52
0x40400c,100%,0,6,6,6,0,0,0
0x7aa1b9,100%,0,2,2,0,0,0,2
0x7627e4,100%,0,2,2,0,0,0,2
0x64bac7,100%,0,2,2,0,0,0,2
0x60894f,100%,0,2,2,0,0,0,2
0x64566d,100%,0,2,2,0,0,0,2
0x5ed32d,100%,0,2,2,0,0,0,2
0x658c5f,100%,0,2,2,2,0,0,0
0x95ae7f,100%,0,2,2,2,0,0,0
0x7ceda0,100%,0,2,2,2,0,0,0
0xa78597,100%,0,1169,1169,0,0,0,1169
0x630c1f,100%,0,2,2,0,0,0,2
0x8c5747,100%,0,100,100,0,0,0,100
0x67ac28,100%,0,2,2,0,0,0,2
0x7cf5b0,100%,0,2,2,2,0,0,0
0x7695d5,100%,0,4,4,4,0,0,0
0x9260b7,100%,0,52,52,0,0,0,52
0x8c12ef,100%,0,2,2,0,0,0,2
0x63f46c,100%,0,2,2,0,0,0,2
0x63f2bb,100%,0,2,2,0,0,0,2
0x5e69c6,100%,0,1250,1250,1250,0,0,0
0x655577,100%,0,13515,13515,0,0,0,13515
0x8bfc29,100%,0,100,100,0,0,0,100
0x63bc71,100%,0,8,8,0,0,0,8
0x62f4b6,100%,0,2,2,0,0,0,2
0x6851bd,100%,0,2,2,0,0,0,2
0x75f366,100%,0,2,2,2,0,0,0
0x66b8fc,100%,0,52,52,0,0,0,52
0xa76939,100%,0,47678,47678,47678,0,0,0
0x75e31e,100%,0,2,2,0,0,0,2
0x949d91,100%,0,2,2,0,0,0,2
0x76d646,100%,0,52,52,0,0,0,52
0x8c45a6,100%,0,100,100,0,0,0,100
0x76a4a3,100%,0,52,52,0,0,0,52
0x75ebf8,100%,0,2,2,0,0,0,2
0x64d693,100%,0,2,2,0,0,0,2
0x6597ec,100%,0,2,2,0,0,0,2
0x769e8c,100%,0,2,2,0,0,0,2
0x8c4e7a,100%,0,500,500,0,0,0,500
0x75e8b5,100%,0,2,2,0,0,0,2
0x63f48d,100%,0,2,2,0,0,0,2
0x630a59,100%,0,2,2,0,0,0,2
0x5e9c63,100%,0,4,4,0,0,0,4
0x634944,100%,0,2,2,0,0,0,2
0x597aec,100%,0,34,34,0,0,0,34
0x631202,100%,0,2,2,0,0,0,2
0x658a68,100%,0,2,2,0,0,0,2
0x75e1a9,100%,0,2,2,2,0,0,0
0xa7692a,100%,0,47678,47678,0,0,0,47678
0x630103,100%,0,2,2,0,0,0,2
0x76cd2e,100%,0,2,2,0,0,0,2
0x65a72e,100%,0,4,4,4,0,0,0
0xa768dd,100%,0,68956,68956,0,0,0,68956
0x76ccfb,100%,0,2,2,0,0,0,2
0x6d9067,100%,0,180,180,180,0,0,0
0x63a659,100%,0,8,8,0,0,0,8
0x960f5b,100%,0,125,125,0,0,0,125
0x8c539a,100%,0,100,100,0,0,0,100
0x65397a,100%,0,2,2,0,0,0,2
0x6392c8,100%,0,2,2,0,0,0,2
0x64b687,100%,0,2,2,0,0,0,2
0x7ebc94,100%,0,2,2,2,0,0,0
0x75e2b8,100%,0,2,2,0,0,0,2
0x65e688,100%,0,100,100,0,0,0,100
0x63030d,100%,0,2,2,0,0,0,2
0x75e081,100%,0,2,2,0,0,0,2
0x755f02,100%,0,208,208,0,0,0,208
0x76ca45,100%,0,2,2,0,0,0,2
0x7cb76c,100%,0,2,2,2,0,0,0
0x96147d,100%,0,159,159,159,0,0,0
0x65a2ae,100%,0,2,2,0,0,0,2
0x64b5ef,100%,0,2,2,0,0,0,2
0x7cc09e,100%,0,52,52,52,0,0,0
0x429af0,100%,0,2,2,0,0,0,2
0x597d97,100%,0,2,2,0,0,0,2
0x64afd7,100%,0,2,2,0,0,0,2
0x6436ad,100%,0,2,2,0,0,0,2
0x7cb653,100%,0,2,2,0,0,0,2
0x5e9f8f,100%,0,2,2,0,0,0,2
0x62ec9e,100%,0,2,2,0,0,0,2
0x62fade,100%,0,2,2,0,0,0,2
0x8c5b40,100%,0,100,100,0,0,0,100
0x5ed2c3,100%,0,52,52,0,0,0,52
0x63b371,100%,0,2,2,0,0,0,2
0x659479,100%,0,2,2,0,0,0,2
0xa228f9,100%,0,125,125,0,0,0,125
0x7e7dba,100%,0,2,2,2,0,0,0
0x772947,100%,0,52,52,52,0,0,0
0xa3958f,100%,0,7,7,7,0,0,0
0x7783f4,100%,0,200,200,0,0,0,200
0x8c6ab5,100%,0,100,100,0,0,0,100
0x66f1f7,100%,0,2,2,0,0,0,2
0x64ab86,100%,0,2,2,0,0,0,2
0x65a49a,100%,0,2,2,0,0,0,2
0x7bdb21,100%,0,10,10,0,0,0,10
0x62f451,100%,0,2,2,0,0,0,2
0x6464ef,100%,0,2,2,0,0,0,2
0x5f6983,100%,0,38,38,38,0,0,0
0x7679b4,100%,0,4,4,4,0,0,0
0x76780f,100%,0,4,4,4,0,0,0
0x7cf7da,100%,0,2,2,2,0,0,0
0x62eb1e,100%,0,2,2,0,0,0,2
0x66e277,100%,0,2,2,0,0,0,2
0x5ed0db,100%,0,2,2,2,0,0,0
0x6527bb,100%,0,24609,24609,0,0,0,24609
0x5e6b6d,100%,0,2,2,0,0,0,2
0xa3a5c2,100%,0,4,4,4,0,0,0
0xa76957,100%,0,47678,47678,0,0,0,47678
0x7b2696,100%,0,2,2,2,0,0,0
0x7cb59b,100%,0,2,2,0,0,0,2
0x8c0738,100%,0,100,100,0,0,0,100
0x76e3fd,100%,0,16,16,0,0,0,16
0x7ebc6d,100%,0,2,2,2,0,0,0
0x7e8e77,100%,0,2,2,0,0,0,2
0x7562a7,100%,0,396,396,0,0,0,396
0x65af2d,100%,0,2,2,0,0,0,2
0x5ac4fa,100%,0,2,2,2,0,0,0
0x65a754,100%,0,2,2,2,0,0,0
0x7cf58a,100%,0,2,2,0,0,0,2
0x67b9e9,100%,0,2,2,0,0,0,2
0x67b6d9,100%,0,2,2,0,0,0,2
0x62f640,100%,0,2,2,0,0,0,2
0x67b768,100%,0,2,2,0,0,0,2
0x63b184,100%,0,84,84,0,0,0,84
0x8c686e,100%,0,100,100,100,0,0,0
0x8c4a58,100%,0,100,100,0,0,0,100
0x8c0402,100%,0,2,2,0,0,0,2
0x8bedf5,100%,0,2,2,0,0,0,2
0x656ee5,100%,0,2,2,0,0,0,2
0x63d95e,100%,0,8,8,0,0,0,8
0x8c67ce,100%,0,100,100,0,0,0,100
0x62ea3e,100%,0,2,2,0,0,0,2
0x614a94,100%,0,6916,6916,0,0,0,6916
0x64aba0,100%,0,2,2,0,0,0,2
0x63583f,100%,0,2,2,0,0,0,2
0x8c6b5d,100%,0,100,100,0,0,0,100
0x762287,100%,0,2,2,0,0,0,2
0x7b3619,100%,0,2,2,0,0,0,2
0x6590d6,100%,0,2,2,0,0,0,2
0x643a5f,100%,0,2,2,0,0,0,2
0x5e64e0,100%,0,2,2,0,0,0,2
0x7e8419,100%,0,2,2,0,0,0,2
0x660376,100%,0,2,2,2,0,0,0
0x65d0ba,100%,0,2,2,0,0,0,2
0x630a92,100%,0,2,2,0,0,0,2
0x7661f8,100%,0,4,4,0,0,0,4
0x76614d,100%,0,4,4,0,0,0,4
0x766060,100%,0,4,4,0,0,0,4
0x92a5dd,100%,0,91,91,0,0,0,91
0x765eff,100%,0,96,96,0,0,0,96
0x649d0c,100%,0,2,2,0,0,0,2
0x765ed3,100%,0,96,96,0,0,0,96
0x648a7d,100%,0,8,8,6,0,0,2
0x7aa3a2,100%,0,50,50,0,0,0,50
0x631600,100%,0,2,2,0,0,0,2
0x767633,100%,0,52,52,0,0,0,52
0x63489b,100%,0,2,2,0,0,0,2
0x765c7e,100%,0,4,4,0,0,0,4
0x5e78b3,100%,0,1,1,1,0,0,0
0x6357d2,100%,0,2,2,0,0,0,2
0x928d7c,100%,0,159,159,0,0,0,159
0x64638c,100%,0,2,2,0,0,0,2
0x429f45,100%,0,100,100,0,0,0,100
0x641c44,100%,0,2,2,0,0,0,2
0x6354a2,100%,0,2,2,0,0,0,2
0x7edeed,100%,0,2,2,2,0,0,0
0x6509a6,100%,0,2,2,2,0,0,0
0x65e578,100%,0,2600,2600,0,0,0,2600
0x7653cf,100%,0,2,2,0,0,0,2
0x89faa2,100%,0,2,2,0,0,0,2
0x65de02,100%,0,100,100,0,0,0,100
0x961954,100%,0,159,159,0,0,0,159
0x639dde,100%,0,2,2,0,0,0,2
0x5e90ab,100%,0,2,2,2,0,0,0
0x63feef,100%,0,2,2,0,0,0,2
0x597eac,100%,0,8,8,0,0,0,8
0x597e64,100%,0,2,2,0,0,0,2
0x65c1ef,100%,0,2,2,0,0,0,2
0x75c645,100%,0,30,30,0,0,0,30
0x9288ab,100%,0,3472,3472,0,0,0,3472
0x8c699a,100%,0,100,100,0,0,0,100
0x767655,100%,0,52,52,52,0,0,0
0x6036e6,100%,0,16,16,0,0,0,16
0xa796eb,100%,0,2,2,0,0,0,2
0x657380,100%,0,2,2,0,0,0,2
0x5e77a3,100%,0,13,13,0,0,0,13
0x65cf3c,100%,0,2,2,0,0,0,2
0x4a3e99,100%,0,2,2,2,0,0,0
0xa308a5,100%,0,7436,7436,0,0,0,7436
0x618ddf,100%,0,6916,6916,0,0,0,6916
0x605d5d,100%,0,22,22,22,0,0,0
0x7669bc,100%,0,4,4,0,0,0,4
0x64f3ec,100%,0,8,8,0,0,0,8
0x594345,100%,0,8,8,0,0,0,8
0x76ba97,100%,0,2,2,0,0,0,2
0x766ece,100%,0,32,32,0,0,0,32
0x9e1af0,100%,0,8,8,8,0,0,0
0x648f97,100%,0,2,2,0,0,0,2
0x637b9d,100%,0,257,257,257,0,0,0
0x6394be,100%,0,2,2,2,0,0,0
0x6499f5,100%,0,2,2,0,0,0,2
0x63530e,100%,0,2,2,0,0,0,2
