Branch PC,Accuracy,Mispredictions,Correct Predictions,Total,dir_t_pred_t,dir_t_pred_nt,dir_nt_pred_t,dir_nt_pred_nt
aggregate,95.5401%,867037,18573709,19440746,9684319,423028,444009,8889390
0x403465,93.515%,40621,585760,626381,280444,21331,19290,305316
0x403479,94.3189%,30897,512962,543859,203512,15741,15156,309450
0x4013c9,80.128%,19623,79124,98747,52506,9347,10276,26618
0x40db09,91.4236%,17977,191633,209610,6886,15083,2894,184747
0x40ad24,81.9659%,16125,73289,89414,33748,7578,8547,39541
0x407276,84.0154%,15971,83944,99915,22358,10276,5695,61586
0x40140c,84.9099%,14901,83846,98747,53521,6171,8730,30325
0x40abd3,87.734%,13428,96045,109473,83987,4080,9348,12058
0x407638,88.7805%,12418,98264,110682,75368,4953,7465,22896
0x401427,87.7951%,12052,86695,98747,62913,4816,7236,23782
0x4013e7,87.9844%,11865,86882,98747,71445,4865,7000,15437
0x40111c,87.6902%,11577,82470,94047,71978,3605,7972,10492
0x40acfb,87.1915%,11484,78175,89659,52730,5820,5664,25445
0x40cc63,68.9561%,10875,24156,35031,9806,5902,4973,14350
0x40ab55,90.1791%,10702,98270,108972,34689,6635,4067,63581
0x40ca35,84.9812%,10393,58807,69200,57610,1680,8713,1197
0x40f888,89.6493%,10221,88526,98747,16044,6099,4122,72482
0x40d488,85.2128%,10148,58479,68627,51370,3744,6404,7109
0x40c8fd,84.3266%,9457,50881,60338,27286,4438,5019,23595
0x4101b1,82.9716%,9108,44379,53487,8005,5799,3309,36374
0x4064ec,79.8157%,8739,34557,43296,17741,4132,4607,16816
0x40f8e5,91.6738%,8538,94006,102544,63231,4134,4404,30775
0x401148,89.1976%,8508,70252,78760,59949,2937,5571,10303
0x40117c,88.1026%,8201,60730,68931,54178,2667,5534,6552
0x40dba7,96.2361%,7950,203266,211216,202619,370,7580,647
0x40d4a6,63.734%,7770,13655,21425,7479,3149,4621,6176
0x407122,93.1563%,7575,103110,110685,55037,3714,3861,48073
0x40fa66,88.5571%,7181,55574,62755,22215,3725,3456,33359
0x40d3ef,74.9062%,6888,20561,27449,9355,3697,3191,11206
0x403789,87.1867%,6861,46685,53546,39426,2505,4356,7259
0x406eb1,93.8519%,6805,103880,110685,26562,3802,3003,77318
0x40cbe3,88.756%,6703,52911,59614,21013,3570,3133,31898
0x40658c,81.4027%,6666,29178,35844,24604,2465,4201,4574
0x40ad00,88.6439%,6566,51253,57819,4969,4762,1804,46284
0x40cb3f,90.5376%,6548,62652,69200,48394,2877,3671,14258
0x405e82,90.3389%,6428,60107,66535,54614,2228,4200,5493
0x40ca68,90.8035%,6364,62836,69200,57668,1946,4418,5168
0x40d163,71.4272%,6078,15194,21272,5921,3280,2798,9273
0x407085,80.5619%,5902,24461,30363,12998,3081,2821,11463
0x40ac62,93.6598%,5579,82415,87994,15290,4236,1343,67125
0x401238,92.4021%,5501,66901,72402,61278,1982,3519,5623
0x40777b,95.2585%,5248,105435,110683,19139,3007,2241,86296
0x40ac6d,92.5074%,5130,63338,68468,7337,3312,1818,56001
0x406d3a,83.6691%,5083,26042,31125,21219,2121,2962,4823
0x40c6f9,89.9528%,4914,43995,48909,38919,1849,3065,5076
0x401260,92.5981%,4807,60136,64943,53320,1667,3140,6816
0x40ac98,91.7415%,4775,53044,57819,24066,2644,2131,28978
0x406f21,84.5799%,4682,25681,30363,16309,2214,2468,9372
0x406522,83.5551%,4659,23672,28331,3886,3022,1637,19786
0x406529,89.3339%,4618,38678,43296,20661,2078,2540,18017
0x40feb9,89.8707%,4566,40511,45077,5474,2881,1685,35037
0x4090ad,86.7306%,4331,28308,32639,24339,1574,2757,3969
0x406c0b,77.8%,4226,14810,19036,5075,2411,1815,9735
0x40d041,84.6218%,4209,23161,27370,20402,1645,2564,2759
0x40d20c,83.0735%,4083,20039,24122,13465,2784,1299,6574
0x40d48c,72.5688%,3918,10365,14283,319,3167,751,10046
0x405de2,91.9489%,3808,43490,47298,37564,1606,2202,5926
0x40ce55,88.2682%,3793,28538,32331,16666,1915,1878,11872
0x40942c,75.6449%,3786,11759,15545,5514,1960,1826,6245
0x40c715,69.2658%,3780,8519,12299,4593,1585,2195,3926
0x407712,96.5939%,3770,106913,110683,50081,1852,1918,56832
0x406bdc,78.6865%,3758,13874,17632,3937,2144,1614,9937
0x407785,95.8458%,3678,84859,88537,77037,1010,2668,7822
0x40f994,94.2875%,3668,60542,64210,2904,2684,984,57638
0x40f9cd,91.0932%,3646,37289,40935,5402,2391,1255,31887
0x40db27,98.0681%,3625,184016,187641,183701,236,3389,315
0x406839,76.7356%,3599,11871,15470,7638,1724,1875,4233
0x40b50b,80.747%,3361,14096,17457,10816,1487,1874,3280
0x407501,96.9716%,3352,107333,110685,1264,2692,660,106069
0x40ae56,83.8791%,3274,17035,20309,16531,561,2713,504
0x40adc5,81.4472%,3246,14250,17496,11655,1022,2224,2595
0x407659,89.4108%,3215,27146,30361,10296,1543,1672,16850
0x40ca81,67.4734%,3118,6468,9586,5283,1167,1951,1185
0x40f9e0,93.9857%,3073,48022,51095,38225,1564,1509,9797
0x4037ec,91.4951%,2924,31456,34380,21183,1641,1283,10273
0x40a7d4,87.3284%,2908,20041,22949,4585,1754,1154,15456
0x40d060,64.8231%,2843,5239,8082,3097,973,1870,2142
0x40832b,91.3325%,2829,29810,32639,7715,1799,1030,22095
0x406ec0,96.5115%,2802,77519,80321,4014,2336,466,73505
0x406c9b,77.9713%,2795,9893,12688,2306,1650,1145,7587
0x40cfa1,79.6873%,2793,10957,13750,7015,1397,1396,3942
0x4093e4,93.4343%,2784,39618,42402,25683,1174,1610,13935
0x40db65,87.3777%,2773,19196,21969,440,2337,436,18756
0x40b044,83.9643%,2766,14483,17249,5147,1250,1516,9336
0x4070f9,97.5182%,2747,107938,110685,99090,825,1922,8848
0x40b536,77.6884%,2745,9558,12303,4924,1392,1353,4634
0x4065c9,92.3418%,2745,33099,35844,14161,1105,1640,18938
0x40a7c9,89.9805%,2717,24400,27117,2420,1748,969,21980
0x41022e,81.2994%,2697,11725,14422,8726,1254,1443,2999
0x40f941,90.041%,2675,24185,26860,2481,1728,947,21704
0x40cba5,96.1546%,2661,66539,69200,62277,1398,1263,4262
0x40b505,87.5681%,2648,18652,21300,1791,2052,596,16861
0x408e3e,89.5193%,2625,22421,25046,2777,1769,856,19644
0x406859,83.1028%,2614,12856,15470,4566,1318,1296,8290
0x40fa16,95.8362%,2613,60142,62755,24673,1484,1129,35469
0x401134,86.1893%,2550,15914,18464,14533,754,1796,1381
0x408300,95.7426%,2546,57256,59802,26215,1075,1471,31041
0x40d799,98.6207%,2537,181400,183937,181341,78,2459,59
0x4063c4,87.8317%,2513,18139,20652,16930,789,1724,1209
0x40ae9b,80.7683%,2438,10239,12677,1722,1548,890,8517
0x40fed2,93.4317%,2412,34310,36722,34265,195,2217,45
0x40f9ba,94.613%,2399,42134,44533,1845,1753,646,40289
0x406c6c,82.0236%,2379,10855,13234,3084,1418,961,7771
0x40fa3f,96.2505%,2353,60402,62755,19916,1227,1126,40486
0x401160,85.2022%,2349,13525,15874,8609,1220,1129,4916
0x4080d5,92.8337%,2339,30300,32639,1828,1754,585,28472
0x40b055,78.9071%,2289,8563,10852,4790,1147,1142,3773
0x40d7b4,98.7581%,2253,179166,181419,179104,59,2194,62
0x406974,68.5502%,2243,4889,7132,3665,896,1347,1224
0x40f958,90.1814%,2224,20427,22651,3230,1468,756,17197
0x408da6,93.2657%,2198,30441,32639,2351,1442,756,28090
0x4012b2,96.4326%,2192,59254,61446,57659,618,1574,1595
0x40d7e2,98.7871%,2173,176990,179163,176916,62,2111,74
0x40ce40,94.7327%,2142,38524,40666,6849,1486,656,31675
0x40c6fd,73.7598%,2137,6007,8144,464,1559,578,5543
0x408420,93.4986%,2122,30517,32639,3241,1464,658,27276
0x40cd24,86.239%,2113,13242,15355,12144,707,1406,1098
0x409138,93.4781%,2097,30056,32153,26887,610,1487,3169
0x40f981,96.9524%,2053,65312,67365,1609,1546,507,63703
0x4068c2,80.4987%,2049,8458,10507,7338,727,1322,1120
0x40ba3c,75.2644%,2035,6192,8227,2503,1113,922,3689
0x4090c1,93.7713%,2033,30606,32639,28617,622,1411,1989
0x40a808,84.2619%,2031,10874,12905,3398,1258,773,7476
0x40f8fc,94.4967%,1936,33243,35179,1464,1393,543,31779
0x40d0a4,95.2464%,1904,38150,40054,37695,216,1688,455
0x4090f0,94.2094%,1890,30749,32639,27816,482,1408,2933
0x40644d,76.9488%,1860,6209,8069,3822,821,1039,2387
0x4010de,98.1145%,1809,94133,95942,237,1658,151,93896
0x40ad85,90.802%,1796,17730,19526,361,1420,376,17369
0x40ad98,96.1397%,1789,44554,46343,27690,1157,632,16864
0x408023,94.5924%,1765,30874,32639,999,1315,450,29875
0x4086db,94.623%,1755,30884,32639,8354,1160,595,22530
0x409305,94.6506%,1746,30893,32639,1239,1304,442,29654
0x410271,88.2471%,1695,12727,14422,7061,1169,526,5666
0x40d18c,86.2472%,1659,10404,12063,196,1449,210,10208
0x40dae6,99.2174%,1653,209563,211216,209549,61,1592,14
0x407534,98.5215%,1635,108948,110583,108322,356,1279,626
0x40f92a,94.957%,1630,30692,32322,4386,1076,554,26306
0x409176,95.0764%,1607,31032,32639,1071,1243,364,29961
0x40a7fb,90.4335%,1589,15021,16610,2678,1027,562,12343
0x40f9a7,97.3116%,1576,57046,58622,13026,1063,513,44020
0x401194,86.9684%,1575,10511,12086,9740,398,1177,771
0x406418,92.4172%,1566,19086,20652,11624,959,607,7462
0x40a9b7,90.9833%,1536,15499,17035,2869,971,565,12630
0x406810,86.4658%,1523,9730,11253,655,1012,511,9075
0x4011a2,97.413%,1521,57272,58793,56779,239,1282,493
0x406289,85.7237%,1520,9127,10647,7026,631,889,2101
0x406c12,91.4752%,1503,16128,17631,9908,603,900,6220
0x4095ed,95.3981%,1502,31137,32639,29120,481,1021,2017
0x40fa8e,97.1616%,1501,51381,52882,7370,1085,416,44011
0x40852c,95.2279%,1476,29454,30930,27154,422,1054,2300
0x409439,81.7619%,1472,6599,8071,1434,855,617,5165
0x40937a,95.4824%,1469,31048,32517,3831,1197,272,27217
0x40d046,72.5553%,1465,3873,5338,116,1210,255,3757
0x40af6b,91.582%,1458,15862,17320,14782,538,920,1080
0x406861,87.1679%,1444,9809,11253,4162,715,729,5647
0x408700,93.7989%,1434,21691,23125,1117,1028,406,20574
0x405512,86.1474%,1430,8893,10323,8359,435,995,534
0x405e89,85.82%,1380,8352,9732,4635,684,696,3717
0x406168,86.2469%,1376,8629,10005,6799,578,798,1830
0x4083a4,95.8363%,1359,31280,32639,640,1069,290,30640
0x4065c2,87.2131%,1315,8969,10284,645,864,451,8324
0x401290,97.9198%,1306,61476,62782,61171,213,1093,305
0x40b8f0,93.0346%,1304,17417,18721,15358,398,906,2059
0x406ce5,83.3141%,1299,6486,7785,5526,465,834,960
0x40cb43,93.0559%,1245,16684,17929,16460,271,974,224
0x40739a,78.4463%,1243,4524,5767,4206,349,894,318
0x40cc79,93.6138%,1234,18089,19323,16243,503,731,1846
0x40aaa3,98.1876%,1226,66419,67645,66308,105,1121,111
0x40ce73,93.4718%,1213,17368,18581,15261,526,687,2107
0x405472,82.1908%,1195,5515,6710,4963,448,747,552
0x40cd45,69.2863%,1192,2689,3881,1535,437,755,1154
0x40aab8,98.2308%,1175,65238,66413,65166,89,1086,72
0x40d158,95.2409%,1148,22974,24122,1941,909,239,21033
0x40ad8d,98.4953%,1137,74427,75564,28657,564,573,45770
0x405fa1,92.9497%,1115,14700,15815,10600,604,511,4100
0x40aa67,95.416%,1104,22980,24084,1944,734,370,21036
0x401250,88.0989%,1088,8054,9142,7176,283,805,878
0x410083,97.4611%,1081,41497,42578,14887,518,563,26610
0x40d374,95.5224%,1080,23040,24120,17785,453,627,5255
0x40690d,89.8544%,1066,9441,10507,3626,501,565,5815
0x4010c4,98.9109%,1056,95906,96962,61,959,97,95845
0x406ca2,92.1943%,1033,12201,13234,5794,322,711,6407
0x4056f3,78.4429%,994,3617,4611,1415,591,403,2202
0x40b5e0,92.6346%,988,12426,13414,1400,590,398,11026
0x40668a,85.3056%,940,5457,6397,1935,546,394,3522
0x4073d0,82.5505%,873,4130,5003,3812,299,574,318
0x401278,91.2616%,870,9086,9956,1649,512,358,7437
0x40aacd,98.6821%,860,64395,65255,64366,52,808,29
0x4068e7,74.4611%,853,2487,3340,677,518,335,1810
0x405de9,89.5792%,847,7281,8128,3137,398,449,4144
0x4058e5,91.7812%,819,9146,9965,7554,405,414,1592
0x40751d,99.269%,808,109726,110534,109541,40,768,185
0x4057e5,92.5861%,803,10028,10831,7971,255,548,2057
0x405d42,94.4822%,787,13476,14263,11591,412,375,1885
0x408eb7,97.346%,784,28756,29540,20975,241,543,7781
0x40d428,94.539%,780,13503,14283,121,649,131,13382
0x40aae2,98.7938%,777,63641,64418,63610,43,734,31
0x40cf4b,89.5995%,766,6599,7365,6096,319,447,503
0x410079,91.2516%,764,7969,8733,2082,417,347,5887
0x40fb18,98.5742%,754,52128,52882,6862,315,439,45266
0x40ceae,73.4431%,742,2052,2794,1514,330,412,538
0x406d54,90.4689%,742,7043,7785,6956,176,566,87
0x406905,78.0539%,733,2607,3340,487,411,322,2120
0x40b513,85.778%,733,4421,5154,318,538,195,4103
0x40b51c,82.9688%,732,3566,4298,502,458,274,3064
0x40d247,95.569%,720,15529,16249,1576,402,318,13953
0x40b62f,88.4603%,718,5504,6222,549,460,258,4955
0x40754b,99.3567%,712,109965,110677,109957,29,683,8
0x40e0e6,60.2235%,712,1078,1790,348,409,303,730
0x40adea,97.5491%,707,28140,28847,26513,248,459,1627
0x40db83,96.3839%,694,18498,19192,10882,258,436,7616
0x40c19f,91.6135%,683,7461,8144,67,553,130,7394
0x40cd28,73.4654%,683,1891,2574,141,524,159,1750
0x40ca99,78.8903%,662,2474,3136,2361,198,464,113
0x40b7f3,91.4604%,652,6983,7635,6092,211,441,891
0x4088b0,98.0679%,625,31724,32349,889,530,95,30835
0x40aec3,96.857%,622,19168,19790,11816,249,373,7352
0x4101c0,98.4351%,621,39062,39683,12,598,23,39050
0x40b646,88.2026%,615,4598,5213,3881,212,403,717
0x4066cc,84.3207%,614,3302,3916,3226,133,481,76
0x40859d,98.0243%,611,30314,30925,203,515,96,30111
0x40b068,84.7994%,610,3403,4013,234,418,192,3169
0x40d36a,98.1729%,609,32722,33331,8877,334,275,23845
0x406a9a,88.7049%,607,4767,5374,2837,261,346,1930
0x40af73,69.8%,604,1396,2000,266,421,183,1130
0x40d1cc,94.2407%,600,9818,10418,29,563,37,9789
0x40ab31,99.4556%,596,108877,109473,108871,101,495,6
0x40817c,97.9729%,589,28468,29057,775,417,172,27693
0x40b8e8,96.9699%,587,18785,19372,111,540,47,18674
0x406aec,81.6989%,586,2616,3202,554,372,214,2062
0x406534,97.1819%,582,20070,20652,10384,263,319,9686
0x408b44,98.226%,579,32060,32639,31907,103,476,153
0x406482,85.8624%,559,3395,3954,108,420,139,3287
0x40b003,96.8591%,544,16776,17320,10222,263,281,6554
0x40d6f7,66.5434%,543,1080,1623,857,209,334,223
0x4081a3,98.098%,530,27335,27865,26310,195,335,1025
0x40b53e,91.1976%,527,5460,5987,2945,304,223,2515
0x40cf69,64.2416%,521,936,1457,532,201,320,404
0x40ae00,75.1198%,519,1567,2086,1176,196,323,391
0x405e9b,88.8961%,512,4099,4611,1732,274,238,2367
0x409104,98.4805%,493,31951,32444,31693,106,387,258
0x405df4,89.3516%,491,4120,4611,1745,261,230,2375
0x4092dd,98.5018%,489,32150,32639,119,416,73,32031
0x40d601,91.7375%,486,5396,5882,5161,164,322,235
0x4082aa,99.2057%,475,59327,59802,28969,323,152,30358
0x40c580,77.4655%,473,1626,2099,1378,187,286,248
0x40930d,98.435%,471,29625,30096,28884,141,330,741
0x40901c,98.4367%,462,29091,29553,342,365,97,28749
0x406b16,93.5222%,462,6670,7132,5588,285,177,1082
0x40aff5,98.8711%,454,39762,40216,22721,175,279,17041
0x41024b,89.8423%,451,3989,4440,238,298,153,3751
0x407f6d,98.6489%,441,32198,32639,123,363,78,32075
0x40a739,98.5756%,437,30243,30680,1612,292,145,28631
0x40686d,93.2312%,433,5964,6397,1532,258,175,4432
0x4069fc,75.6542%,428,1330,1758,438,254,174,892
0x406c1d,93.998%,428,6703,7131,5217,157,271,1486
0x4011e0,99.4202%,422,72366,72788,9,377,45,72357
0x4097ee,76.1986%,417,1335,1752,432,210,207,903
0x40850b,98.7683%,402,32237,32639,1383,326,76,30854
0x40b93b,95.1744%,397,7830,8227,7816,63,334,14
0x40fa7c,99.4896%,391,76213,76604,23478,244,147,52735
0x4069ac,94.5597%,388,6744,7132,5237,137,251,1507
0x4012ca,87.9457%,382,2787,3169,2569,99,283,218
0x40ff25,98.9897%,371,36351,36722,112,262,109,36239
0x405519,75.7675%,371,1160,1531,700,179,192,460
0x4061a1,86.8183%,365,2404,2769,401,236,129,2003
0x4062c1,88.61%,363,2824,3187,2571,135,228,253
0x4100c7,99.1521%,361,42217,42578,42105,31,330,112
0x409800,79.6804%,356,1396,1752,686,168,188,710
0x408fbe,98.8157%,350,29203,29553,29046,81,269,157
0x407506,99.6739%,348,106381,106729,106315,37,311,66
0x406b4d,72.4384%,347,912,1259,331,190,157,581
0x40d63c,78.7431%,345,1278,1623,265,218,127,1013
0x40594e,87.1017%,336,2269,2605,1664,147,189,605
0x405cdf,92.7998%,332,4279,4611,2132,219,113,2147
0x406b7b,78.9068%,328,1227,1555,636,181,147,591
0x40be0a,91.4081%,324,3447,3771,3212,121,203,235
0x405631,85.1834%,311,1788,2099,1301,146,165,487
0x408edd,98.951%,310,29243,29553,29159,60,250,84
0x40c59e,64%,306,544,850,291,142,164,253
0x40b07f,83.9153%,304,1586,1890,1467,85,219,119
0x406a49,83.5764%,304,1547,1851,642,143,161,905
0x40671d,95.2478%,304,6093,6397,1682,108,196,4411
0x40912d,99.0778%,301,32338,32639,255,231,70,32083
0x40a758,87.9112%,294,2138,2432,2050,82,212,88
0x405b31,85.6431%,288,1718,2006,1282,86,202,436
0x405479,78.06%,285,1014,1299,415,232,53,599
0x40ba52,93.8408%,284,4327,4611,4091,32,252,236
0x406e63,99.7506%,276,110409,110685,110381,36,240,28
0x406494,98.6733%,274,20378,20652,10528,119,155,9850
0x40a819,96.7754%,266,7983,8249,7870,55,211,113
0x4100db,99.3711%,265,41871,42136,41652,23,242,219
0x403e74,99.2003%,261,32378,32639,32251,76,185,127
0x40dbcc,95.5797%,260,5622,5882,3991,101,159,1631
0x40cf4f,73.1579%,255,695,950,19,207,48,676
0x4102ac,95.9464%,251,5941,6192,3812,30,221,2129
0x40b074,97.549%,250,9950,10200,8216,94,156,1734
0x40b498,82.3949%,247,1156,1403,965,113,134,191
0x40be26,61.2342%,245,387,632,200,114,131,187
0x40b5ae,98.2608%,241,13616,13857,242,201,40,13374
0x409751,99.2861%,233,32406,32639,32402,18,215,4
0x40cbd2,99.6691%,229,68971,69200,9441,145,84,59530
0x4053d2,90.6392%,227,2198,2425,1912,98,129,286
0x409f4b,76.7094%,218,718,936,406,71,147,312
0x40a276,76.8162%,217,719,936,626,91,126,93
0x40e0f3,79.09%,216,817,1033,19,168,48,798
0x4089e8,99.3446%,212,32137,32349,9078,146,66,23059
0x40552b,68.7117%,204,448,652,167,66,138,281
0x405e1b,95.7059%,198,4413,4611,44,154,44,4369
0x406702,76.0736%,195,620,815,145,113,82,475
0x40a14c,76.2887%,184,592,776,69,119,65,523
0x409db9,80.3419%,184,752,936,101,116,68,651
0x40c616,68.6542%,184,403,587,38,117,67,365
0x409827,89.4977%,184,1568,1752,1465,68,116,103
0x409e54,80.7692%,180,756,936,192,115,65,564
0x409dbd,75.2434%,178,541,719,487,77,101,54
0x409a30,73.9766%,178,506,684,425,64,114,81
0x40c42c,50%,174,174,348,131,60,114,43
0x409896,75.5848%,167,517,684,95,98,69,422
0x40c584,70.8929%,163,397,560,41,102,61,356
0x409c69,71.5827%,158,398,556,241,75,83,157
0x40c26f,81.5821%,156,691,847,644,46,110,47
0x40bb6b,92.654%,155,1955,2110,1821,61,94,134
0x405255,91.255%,154,1607,1761,1274,68,86,333
0x406207,94.4384%,154,2615,2769,142,100,54,2473
0x407518,99.8627%,152,110533,110685,8,143,9,110525
0x406391,95.2336%,152,3037,3189,77,122,30,2960
0x40a24b,77.7614%,151,528,679,339,54,97,189
0x405484,76.8405%,151,501,652,146,87,64,355
0x40a068,83.9744%,150,786,936,720,53,97,66
0x4088a1,99.5404%,150,32489,32639,165,125,25,32324
0x409c18,78.3824%,147,533,680,17,107,40,516
0x40be8f,66.4384%,147,291,438,262,57,90,29
0x40752f,99.8699%,144,110541,110685,7,95,49,110534
0x406271,94.7996%,144,2625,2769,41,100,44,2584
0x408201,99.5588%,144,32495,32639,9,118,26,32486
0x40d213,98.1837%,143,7730,7873,1632,51,92,6098
0x407977,99.8717%,142,110543,110685,51871,63,79,58672
0x40a8db,96.9716%,141,4515,4656,4444,22,119,71
0x405345,86.1523%,140,871,1011,721,57,83,150
0x408d28,77.8831%,140,493,633,268,72,68,225
0x40be0e,68.9498%,136,302,438,20,100,36,282
0x409d36,80.4094%,134,550,684,390,75,59,160
0x40aa38,99.4478%,133,23951,24084,17594,93,40,6357
0x40b860,98.2583%,133,7503,7636,4580,78,55,2923
0x409939,80.848%,131,553,684,133,74,57,420
0x40c1a9,98.2722%,130,7394,7524,7158,61,69,236
0x40a1a7,77.8912%,130,458,588,186,66,64,272
0x40d3f8,99.1109%,128,14269,14397,2,112,16,14267
0x40b88e,98.4686%,126,8102,8228,4565,46,80,3537
0x40caa9,78.1629%,126,451,577,432,40,86,19
0x40d4c4,94.4617%,125,2132,2257,2116,22,103,16
0x40936f,99.6201%,124,32515,32639,0,122,2,32515
0x405b65,82.2511%,123,570,693,486,53,70,84
0x409952,74.2138%,123,354,477,342,34,89,12
0x408f85,99.5838%,123,29430,29553,29359,23,100,71
0x40b303,99.4649%,123,22862,22985,99,68,55,22763
0x40516b,81.7485%,119,533,652,165,68,51,368
0x40ba75,75%,116,348,464,92,69,47,256
0x40a0a7,81.717%,115,514,629,400,41,74,114
0x40bb87,65.5589%,114,217,331,89,61,53,128
0x4102c9,98.6513%,111,8119,8230,8119,7,104,0
0x4058f3,97.5927%,111,4500,4611,1947,59,52,2553
0x40d2bd,81.0764%,109,467,576,6,78,31,461
0x40b05d,97.8026%,108,4807,4915,809,93,15,3998
0x40e106,87.4704%,106,740,846,4,97,9,736
0x4090fa,97.6273%,103,4238,4341,121,74,29,4117
0x4082d1,99.6657%,102,30408,30510,30355,27,75,53
0x40c49b,47.1204%,101,90,191,81,0,101,9
0x408c2e,83.8658%,101,525,626,311,37,64,214
0x40552f,75.895%,101,318,419,318,101,0,0
0x4064bb,99.5255%,98,20554,20652,4,91,7,20550
0x405985,88.4161%,98,748,846,62,73,25,686
0x40c28b,54.6296%,98,118,216,49,54,44,69
0x40bd63,79.5833%,98,382,480,260,40,58,122
0x409d0c,76.5281%,96,313,409,87,56,40,226
0x405d54,97.918%,96,4515,4611,1964,42,54,2551
0x40a089,89.7436%,96,840,936,586,43,53,254
0x40cae6,13.3333%,91,14,105,5,2,89,9
0x405fde,99.5642%,90,20562,20652,10610,37,53,9952
0x405a27,89.3617%,90,756,846,112,52,38,644
0x409c94,86.9118%,89,591,680,149,44,45,442
0x409f70,80.8279%,88,371,459,171,57,31,200
0x409b69,87.4269%,86,598,684,452,25,61,146
0x409e82,66%,85,165,250,0,0,85,165
0x41006e,99.8114%,85,44992,45077,36322,22,63,8670
0x4012e7,99.8561%,85,58980,59065,38157,54,31,20823
0x409e6d,86.6455%,84,545,629,349,30,54,196
0x40fb0e,99.0616%,80,8445,8525,1,69,11,8444
0x40a1d3,89.6907%,80,696,776,173,43,37,523
0x40c09b,56.3536%,79,102,181,53,42,37,49
0x409eae,68.4%,79,171,250,94,39,40,77
0x40c07d,92.3379%,78,940,1018,870,37,41,70
0x40655b,99.6223%,78,20574,20652,4,70,8,20570
0x408f1a,76.6467%,78,256,334,48,51,27,208
0x408ebe,99.075%,77,8247,8324,8226,12,65,21
0x4092e5,99.7633%,76,32028,32104,32028,1,75,0
0x40cb62,99.5458%,76,16655,16731,16655,10,66,0
0x4092fa,87.8689%,74,536,610,452,42,32,84
0x40ccb2,97.1639%,73,2501,2574,1,69,4,2500
0x40a207,89.2489%,73,606,679,63,48,25,543
0x409cbb,85.2156%,72,415,487,17,61,11,398
0x40b5ef,99.3873%,70,11354,11424,1170,44,26,10184
0x4012a8,95.0644%,69,1329,1398,1327,9,60,2
0x4095f3,97.7617%,68,2970,3038,2954,14,54,16
0x406f03,99.9386%,68,110616,110684,80305,16,52,30311
0x40676f,98.9526%,67,6330,6397,6330,12,55,0
0x40c273,57.9618%,66,91,157,8,36,30,83
0x409cc8,84.1076%,65,344,409,145,38,27,199
0x409b48,90.6433%,64,620,684,596,4,60,24
0x4037dd,99.8171%,63,34376,34439,0,59,4,34376
0x4067e5,99.0308%,62,6335,6397,0,21,41,6335
0x4063f1,97.9592%,61,2928,2989,0,56,5,2928
0x40ae17,99.7853%,59,27416,27475,7117,49,10,20299
0x40c1de,78.9286%,59,221,280,93,30,29,128
0x40ff3d,99.8404%,58,36290,36348,36288,6,52,2
0x40d29a,99.6554%,56,16193,16249,15665,8,48,528
0x405cb1,92.0635%,55,638,693,11,44,11,627
0x4102dd,99.3232%,55,8071,8126,8070,12,43,1
0x409b8c,88.8889%,53,424,477,415,22,31,9
0x40bd6b,72.7778%,49,131,180,22,39,10,109
0x4011be,97.2958%,48,1727,1775,1711,11,37,16
0x406300,90.2287%,47,434,481,434,46,1,0
0x405ad1,94.4444%,47,799,846,17,35,12,782
0x40931a,98.6984%,47,3564,3611,2859,15,32,705
0x406b8d,99.355%,46,7086,7132,5347,27,19,1739
0x40bfd4,65.1515%,46,86,132,46,21,25,40
0x406327,98.5566%,46,3141,3187,6,32,14,3135
0x40bb6f,80.2632%,45,183,228,12,35,10,171
0x40c4ee,92.517%,44,544,588,5,22,22,539
0x40bc17,80.7018%,44,184,228,19,29,15,165
0x40a83e,86.5625%,43,277,320,276,6,37,1
0x405370,93.4049%,43,609,652,212,25,18,397
0x4061e0,98.03%,42,2090,2132,2090,40,2,0
0x40593a,98.3877%,42,2563,2605,2563,6,36,0
0x405e4c,99.5787%,41,9691,9732,9,30,11,9682
0x40ba89,86.4686%,41,262,303,2,32,9,260
0x40998f,60.396%,40,61,101,23,23,17,38
0x408779,99.8312%,39,23062,23101,23056,7,32,6
0x40a125,95.811%,39,892,931,140,15,24,752
0x4091f7,99.8836%,38,32601,32639,32601,9,29,0
0x4010a7,99.9776%,38,169712,169750,72773,15,23,96939
0x40b877,98.724%,38,2940,2978,2857,11,27,83
0x40a1fa,94.8252%,37,678,715,6,30,7,672
0x409a55,81.0256%,37,158,195,14,21,16,144
0x409b50,55.9524%,37,47,84,11,23,14,36
0x40bfdc,44.6154%,36,29,65,10,12,24,19
0x409905,94.7368%,36,648,684,571,29,7,77
0x40aeef,99.9105%,36,40180,40216,22884,12,24,17296
0x40a0db,96.2607%,35,901,936,901,5,30,0
0x40cde1,99.9338%,33,49844,49877,9190,21,12,40654
0x40c52a,94.1071%,33,527,560,0,26,7,527
0x40aa4f,99.8191%,32,17655,17687,17012,23,9,643
0x40a096,89.5765%,32,275,307,192,23,9,83
0x409b76,85.0242%,31,176,207,58,22,9,118
0x40a0af,84.0426%,30,158,188,73,18,12,85
0x40c1bb,90.1639%,30,275,305,2,23,7,273
0x40cdf3,99.9287%,29,40637,40666,36410,8,21,4227
0x408bd1,75.6303%,29,90,119,0,12,17,90
0x409bbb,95.7602%,29,655,684,655,14,15,0
0x4062ad,99.0906%,29,3160,3189,0,2,27,3160
0x408e08,99.9039%,28,29099,29127,4066,9,19,25033
0x40bad9,89.9628%,27,242,269,27,14,13,215
0x40a070,84.0491%,26,137,163,118,13,13,19
0x40a1b4,92.2619%,26,310,336,309,4,22,1
0x40ba5e,94.6721%,26,462,488,0,24,2,462
0x408775,99.8919%,25,23100,23125,0,24,1,23100
0x40c101,77.4775%,25,86,111,73,12,13,13
0x409b94,40%,24,16,40,1,10,14,15
0x409fe3,89.6104%,24,207,231,184,12,12,23
0x405d7b,99.4795%,24,4587,4611,0,18,6,4587
0x4053e4,96.319%,24,628,652,230,3,21,398
0x40a9da,99.375%,24,3816,3840,3610,9,15,206
0x40981a,98.6301%,24,1728,1752,1015,13,11,713
0x41049b,99.9931%,23,333383,333406,333383,20,3,0
0x406895,99.6405%,23,6374,6397,0,17,6,6374
0x408eb0,99.9256%,22,29531,29553,0,13,9,29531
0x40ca44,99.788%,21,9883,9904,0,15,6,9883
0x40c081,81.0811%,21,90,111,5,20,1,85
0x409acb,86.875%,21,139,160,126,19,2,13
0x406b82,98.332%,21,1238,1259,0,0,21,1238
0x40cb59,99.9711%,20,69179,69199,51261,10,10,17918
0x4102b1,99.1915%,19,2331,2350,220,19,0,2111
0x40bc85,96.1924%,19,480,499,3,16,3,477
0x405a44,86.0294%,19,117,136,117,19,0,0
0x40bd59,96.1924%,19,480,499,3,16,3,477
0x40c397,96.9388%,18,570,588,228,12,6,342
0x405a00,97.4684%,18,693,711,693,16,2,0
0x4051a9,95.9427%,17,402,419,0,0,17,402
0x406c44,99.7616%,17,7114,7131,0,13,4,7114
0x406bb4,99.7757%,16,7116,7132,0,11,5,7116
0x40c45b,89.8089%,16,141,157,3,8,8,138
0x408f98,90.6433%,16,155,171,153,4,12,2
0x409e23,98.2906%,16,920,936,769,4,12,151
0x40960a,77.1429%,16,54,70,10,10,6,44
0x405c18,97.6812%,16,674,690,140,7,9,534
0x40bfbc,87.9699%,16,117,133,0,0,16,117
0x40cfe1,99.7003%,16,5322,5338,0,15,1,5322
0x406214,99.3668%,16,2511,2527,1877,4,12,634
0x40b686,98.5714%,16,1104,1120,134,14,2,970
0x40b478,97.3451%,15,550,565,427,2,13,123
0x408c5b,97.6303%,15,618,633,612,1,14,6
0x409c72,93.75%,15,225,240,225,3,12,0
0x405b1d,99.2522%,15,1991,2006,1991,2,13,0
0x409be8,97.9532%,14,670,684,0,4,10,670
0x403e81,95.5128%,14,298,312,12,6,8,286
0x40bfca,89.4737%,14,119,133,0,1,13,119
0x40cb09,86.7347%,13,85,98,85,13,0,0
0x403f6a,99.9602%,13,32626,32639,32625,4,9,1
0x408e5a,99.9366%,13,20487,20500,14219,3,10,6268
0x409642,74%,13,37,50,4,5,8,33
0x40c2d2,92.3567%,12,145,157,0,0,12,145
0x40a9bb,99.9091%,12,13183,13195,3938,9,3,9245
0x40ca40,99.8789%,12,9898,9910,0,6,6,9898
0x4067b1,80.3571%,11,45,56,0,1,10,45
0x40a8e8,94.2105%,11,179,190,0,11,0,179
0x408c26,98.2622%,11,622,633,0,7,4,622
0x4092ea,98.1967%,11,599,610,0,0,11,599
0x409257,99.9694%,10,32629,32639,0,9,1,32629
0x40989a,97.9633%,10,481,491,481,10,0,0
0x406082,99.9%,10,9995,10005,9995,1,9,0
0x40c61a,97.6852%,10,422,432,0,1,9,422
0x409eb3,91.453%,10,107,117,0,0,10,107
0x40d2b1,98.2639%,10,566,576,0,0,10,566
0x40846c,99.9694%,10,32629,32639,32629,10,0,0
0x40c0a8,90.991%,10,101,111,0,0,10,101
0x40bd88,97.7169%,10,428,438,0,0,10,428
0x406334,99.6826%,10,3141,3151,433,2,8,2708
0x409bf1,98.5294%,10,670,680,0,0,10,670
0x408bea,90.6542%,10,97,107,23,6,4,74
0x409322,98.6431%,10,727,737,721,9,1,6
0x40a74c,99.4904%,9,1757,1766,1426,5,4,331
0x40d171,99.9254%,9,12062,12071,0,8,1,12062
0x408f50,97.3054%,9,325,334,325,9,0,0
0x405a38,98.6804%,9,673,682,546,0,9,127
0x40c1e8,94.2675%,9,148,157,0,0,9,148
0x40befd,93.2331%,9,124,133,0,1,8,124
0x40c205,94.2675%,9,148,157,148,9,0,0
0x407546,99.9919%,9,110676,110685,0,8,1,110676
0x40a164,98.6395%,8,580,588,580,4,4,0
0x405f70,99.8265%,8,4603,4611,0,0,8,4603
0x40937f,99.971%,8,27603,27611,0,7,1,27603
0x405dac,99.9016%,8,8120,8128,0,0,8,8120
0x408d90,98.7362%,8,625,633,0,4,4,625
0x40587b,99.9197%,8,9957,9965,9957,8,0,0
0x409181,99.9736%,8,30317,30325,0,0,8,30317
0x408ba3,97.6471%,8,332,340,216,2,6,116
0x40cf71,99.1579%,8,942,950,942,8,0,0
0x4101cf,99.9795%,8,39065,39073,0,8,0,39065
0x40b851,99.8952%,8,7628,7636,0,0,8,7628
0x40854f,99.9741%,8,30922,30930,0,5,3,30922
0x40a11d,99.1453%,8,928,936,0,5,3,928
0x4067bd,99.8749%,8,6389,6397,1783,7,1,4606
0x40c5a9,98.5714%,8,552,560,0,0,8,552
0x4092a2,99.9786%,7,32632,32639,32632,6,1,0
0x40596d,99.1726%,7,839,846,0,0,7,839
0x40a6cf,99.9772%,7,30721,30728,43,5,2,30678
0x40cb5d,99.961%,7,17921,17928,1191,6,1,16730
0x40fb48,99.9929%,7,98740,98747,98740,7,0,0
0x409f06,94.5736%,7,122,129,0,3,4,122
0x405c07,98.9899%,7,686,693,0,3,4,686
0x405b76,95.4545%,7,147,154,147,7,0,0
0x40ff90,99.9807%,7,36341,36348,0,4,3,36341
0x409847,97.2603%,6,213,219,0,0,6,213
0x4055c2,97.4249%,6,227,233,227,6,0,0
0x406489,99.9256%,6,8063,8069,0,0,6,8063
0x405be0,96.1039%,6,148,154,148,6,0,0
0x40cd66,99.988%,6,49871,49877,9581,5,1,40290
0x4054dc,99.6081%,6,1525,1531,0,2,4,1525
0x40b89e,99.8341%,6,3610,3616,0,0,6,3610
0x40c680,99.9263%,6,8138,8144,0,0,6,8138
0x40b89c,99.8341%,6,3610,3616,0,0,6,3610
0x409267,53.8462%,6,7,13,7,6,0,0
0x40c699,99.9263%,6,8138,8144,8138,3,3,0
0x40c028,94.5946%,6,105,111,0,0,6,105
0x40a20b,98.9437%,6,562,568,562,6,0,0
0x40f852,99.9939%,6,98741,98747,98741,6,0,0
0x408e1f,99.976%,6,25046,25052,0,6,0,25046
0x4082e2,99.9803%,6,30376,30382,30281,3,3,95
0x4099e6,86.3636%,6,38,44,1,3,3,37
0x4037f8,99.9481%,6,11550,11556,5102,4,2,6448
0x40cd4d,99.8057%,5,2569,2574,2569,5,0,0
0x40a826,98.4568%,5,319,324,0,4,1,319
0x40543c,99.6151%,5,1294,1299,0,0,5,1294
0x40b357,99.9781%,5,22813,22818,6,5,0,22807
0x405991,99.2968%,5,706,711,706,5,0,0
0x405c29,99.0792%,5,538,543,538,5,0,0
0x4062ce,98.9605%,5,476,481,476,5,0,0
0x40b127,99.9907%,5,53541,53546,53541,1,4,0
0x409978,95.0495%,5,96,101,0,0,5,96
0x40ad35,99.9914%,5,57814,57819,0,0,5,57814
0x407624,99.9955%,5,110678,110683,0,1,4,110678
0x40bb0b,97.807%,5,223,228,223,5,0,0
0x409e97,98%,5,245,250,0,0,5,245
0x40ae66,99.9518%,5,10378,10383,10378,5,0,0
0x40ffab,99.9862%,5,36339,36344,36339,4,1,0
0x40d2e8,95.2381%,4,80,84,0,0,4,80
0x40bffc,96.3964%,4,107,111,0,0,4,107
0x40b362,99.9825%,4,22803,22807,22803,4,0,0
0x40b94d,98.8506%,4,344,348,344,4,0,0
0x40a0fb,86.6667%,4,26,30,0,2,2,26
0x409bcf,73.3333%,4,11,15,0,1,3,11
0x40c62a,99.0719%,4,427,431,427,4,0,0
0x409204,86.2069%,4,25,29,25,4,0,0
0x4071e5,99.92%,4,4999,5003,4999,4,0,0
0x40d2a7,99.3056%,4,572,576,0,0,4,572
0x40d06b,99.9251%,4,5334,5338,5334,4,0,0
0x40a6a7,99.987%,4,30724,30728,30724,4,0,0
0x408456,99.9857%,4,27930,27934,0,0,4,27930
0x409c25,99.2806%,4,552,556,0,0,4,552
0x40ce0d,99.9058%,4,4244,4248,4244,4,0,0
0x40cc82,99.8448%,4,2573,2577,0,3,1,2573
0x405c87,99.2634%,4,539,543,539,4,0,0
0x40925f,99.9877%,4,32626,32630,32626,0,4,0
0x40555f,99.0453%,4,415,419,415,4,0,0
0x40618d,99.8555%,4,2765,2769,0,0,4,2765
0x40cb9a,99.9942%,4,69196,69200,0,0,4,69196
0x405d49,99.823%,4,2256,2260,0,0,4,2256
0x4061a9,99.8124%,4,2128,2132,2128,4,0,0
0x4053d9,99.0361%,4,411,415,0,0,4,411
0x408cf4,99.5261%,3,630,633,630,0,3,0
0x4054ab,99.5399%,3,649,652,0,0,3,649
0x40a160,99.4898%,3,585,588,0,0,3,585
0x40ab60,99.9956%,3,67645,67648,67642,3,0,3
0x40621c,99.5356%,3,643,646,643,3,0,0
0x40d691,99.7368%,3,1137,1140,1137,3,0,0
0x40d85c,99.9986%,3,211213,211216,211213,3,0,0
0x409338,99.9908%,3,32636,32639,0,3,0,32636
0x40d362,99.991%,3,33328,33331,0,0,3,33328
0x406367,99.8895%,3,2713,2716,2713,3,0,0
0x40b5f3,99.9706%,3,10207,10210,2574,1,2,7633
0x410241,99.9325%,3,4439,4442,0,2,1,4439
0x4085a1,99.9901%,3,30204,30207,30204,3,0,0
0x409efc,97.7444%,3,130,133,1,3,0,129
0x405b4d,99.5671%,3,690,693,0,0,3,690
0x410016,99.9917%,3,36341,36344,36341,3,0,0
0x40d2c7,99.3902%,3,489,492,489,3,0,0
0x4099dc,93.4783%,3,43,46,0,2,1,43
0x40c501,99.4652%,3,558,561,0,1,2,558
0x409d4b,98.6301%,3,216,219,0,0,3,216
0x405f32,99.8504%,3,2003,2006,2003,3,0,0
0x406efe,99.9973%,3,110682,110685,0,1,2,110682
0x40d8bd,99.9986%,3,211213,211216,211213,3,0,0
0x40b341,99.9869%,3,22815,22818,22815,3,0,0
0x40d4ae,99.979%,3,14280,14283,14280,3,0,0
0x406014,99.97%,3,10002,10005,10002,0,3,0
0x4091ea,99.9908%,3,32636,32639,0,0,3,32636
0x409312,99.917%,3,3611,3614,0,3,0,3611
0x40c195,99.9632%,3,8141,8144,0,0,3,8141
0x407147,99.9982%,2,110683,110685,5001,2,0,105682
0x40d557,99.9066%,2,2139,2141,0,0,2,2139
0x40540b,99.6933%,2,650,652,0,0,2,650
0x406142,99.9812%,2,10645,10647,10645,1,1,0
0x409348,33.3333%,2,1,3,0,0,2,1
0x40dc45,99.8883%,2,1788,1790,1788,2,0,0
0x403e8e,99.3197%,2,292,294,292,2,0,0
0x40431c,99.9939%,2,32637,32639,32637,2,0,0
0x40a777,99.9926%,2,27115,27117,0,0,2,27115
0x407150,99.9981%,2,105680,105682,99914,1,1,5766
0x40d1c7,99.9808%,2,10416,10418,0,0,2,10416
0x409d15,99.2481%,2,264,266,264,2,0,0
0x409353,33.3333%,2,1,3,0,0,2,1
0x405298,99.1416%,2,231,233,0,0,2,231
0x40a6d8,99.9935%,2,30678,30680,30678,2,0,0
0x40a6be,99.9935%,2,30726,30728,0,0,2,30726
0x409994,96.3636%,2,53,55,0,0,2,53
0x40b501,99.9906%,2,21298,21300,0,0,2,21298
0x40ca52,99.9798%,2,9887,9889,9887,2,0,0
0x40bdb4,99.5434%,2,436,438,0,0,2,436
0x405776,99.9815%,2,10829,10831,10829,2,0,0
0x40c293,98.7261%,2,155,157,0,0,2,155
0x40a900,98.8827%,2,177,179,177,2,0,0
0x4060cb,99.9812%,2,10645,10647,10645,2,0,0
0x406341,99.9264%,2,2714,2716,2714,2,0,0
0x40698d,99.9561%,2,4559,4561,0,0,2,4559
0x4081d7,99.9931%,2,29055,29057,0,0,2,29055
0x4093ef,99.9871%,2,15543,15545,0,0,2,15543
0x410093,99.9926%,2,27171,27173,27171,2,0,0
0x405ecf,99.9616%,1,2604,2605,2604,1,0,0
0x408c8e,95%,1,19,20,19,1,0,0
0x40922f,99.9969%,1,32638,32639,32638,1,0,0
0x4090b7,99.9851%,1,6725,6726,0,0,1,6725
0x4082d8,99.2188%,1,127,128,0,0,1,127
0x40d771,99.9878%,1,8226,8227,0,0,1,8226
0x407726,99.9991%,1,110682,110683,110682,1,0,0
0x407115,99.9991%,1,110684,110685,0,0,1,110684
0x408bb2,99.1803%,1,121,122,2,1,0,119
0x405aa7,99.2647%,1,135,136,135,1,0,0
0x40938a,99.9964%,1,27603,27604,0,0,1,27603
0x410213,99.9931%,1,14421,14422,14421,1,0,0
0x407158,99.9827%,1,5766,5767,5766,1,0,0
0x40ba92,99.6283%,1,268,269,268,1,0,0
0x4092aa,0%,1,0,1,0,1,0,0
0x407fee,99.9969%,1,32152,32153,0,0,1,32152
0x40935e,66.6667%,1,2,3,2,1,0,0
0x401214,99.9986%,1,72401,72402,0,0,1,72401
0x405835,99.9501%,1,2005,2006,0,0,1,2005
0x40ca11,99.9986%,1,69199,69200,0,0,1,69199
0x4080ba,99.9967%,1,30324,30325,0,0,1,30324
0x410001,99.9972%,1,36343,36344,0,0,1,36343
0x40bd4b,99.7996%,1,498,499,0,0,1,498
0x409224,99.9969%,1,32638,32639,0,0,1,32638
0x408722,99.9957%,1,23124,23125,0,0,1,23124
0x409395,99.9964%,1,27603,27604,27603,1,0,0
0x40919a,99.9967%,1,30324,30325,0,0,1,30324
0x40670a,99.9745%,1,3915,3916,0,0,1,3915
0x40d564,99.9533%,1,2140,2141,0,0,1,2140
0x405592,99.5708%,1,232,233,232,1,0,0
0x409647,97.561%,1,40,41,40,0,1,0
0x40cb48,99.9165%,1,1197,1198,1197,0,1,0
0x405e9f,99.9616%,1,2604,2605,2604,1,0,0
0x40b637,99.9808%,1,5212,5213,0,0,1,5212
0x40d38d,99.983%,1,5881,5882,5881,1,0,0
0x40728f,99.9969%,1,32633,32634,22144,0,1,10489
0x40d4cc,99.1597%,1,118,119,0,0,1,118
0x40b155,75%,1,3,4,3,1,0,0
0x40af9f,99.9938%,1,16006,16007,686,1,0,15320
0x40d4d8,99.1597%,1,118,119,0,0,1,118
0x4052db,99.9011%,1,1010,1011,1010,1,0,0
0x40392c,99.9969%,1,32638,32639,0,0,1,32638
0x40573e,99.9616%,1,2604,2605,0,0,1,2604
0x409285,99.9969%,1,32638,32639,32638,1,0,0
0x4081aa,99.9265%,1,1359,1360,0,0,1,1359
0x4078b8,100%,0,22146,22146,22146,0,0,0
0x406046,100%,0,3,3,0,0,0,3
0x4037ba,100%,0,11615,11615,0,0,0,11615
0x40a93c,100%,0,4,4,4,0,0,0
0x40539d,100%,0,415,415,0,0,0,415
0x4037fe,100%,0,6450,6450,6450,0,0,0
0x406f39,100%,0,1,1,1,0,0,0
0x40964d,100%,0,1,1,0,0,0,1
0x4090cb,100%,0,3400,3400,3400,0,0,0
0x405d0d,100%,0,2260,2260,0,0,0,2260
0x40962b,100%,0,50,50,0,0,0,50
0x4010f8,100%,0,94047,94047,0,0,0,94047
0x406d0e,100%,0,7785,7785,0,0,0,7785
0x409151,100%,0,4656,4656,4656,0,0,0
0x40837e,100%,0,23125,23125,0,0,0,23125
0x40ce61,100%,0,13750,13750,13750,0,0,0
0x40ce83,100%,0,2794,2794,0,0,0,2794
0x40c652,100%,0,8144,8144,0,0,0,8144
0x40dce2,100%,0,1790,1790,1790,0,0,0
0x4083f1,100%,0,30930,30930,0,0,0,30930
0x408d06,100%,0,3,3,3,0,0,0
0x407677,100%,0,1,1,0,0,0,1
0x4037e3,100%,0,34380,34380,0,0,0,34380
0x4092f2,100%,0,610,610,0,0,0,610
0x40b027,100%,0,6835,6835,0,0,0,6835
0x409343,100%,0,32636,32636,32636,0,0,0
0x4092bb,100%,0,32639,32639,32639,0,0,0
0x40afec,100%,0,40216,40216,0,0,0,40216
0x40b30e,100%,0,22818,22818,22818,0,0,0
0x40b66a,100%,0,1120,1120,0,0,0,1120
0x409c29,100%,0,556,556,556,0,0,0
0x40bb93,100%,0,228,228,0,0,0,228
0x40b435,100%,0,22807,22807,0,0,0,22807
0x40cc48,100%,0,35031,35031,0,0,0,35031
0x409963,100%,0,101,101,0,0,0,101
0x40a258,100%,0,286,286,286,0,0,0
0x4051e6,100%,0,1761,1761,1761,0,0,0
0x4093fa,100%,0,15545,15545,0,0,0,15545
0x40ceeb,100%,0,950,950,0,0,0,950
0x4081b4,100%,0,26505,26505,26505,0,0,0
0x40b5fc,100%,0,7635,7635,7635,0,0,0
0x407704,100%,0,110683,110683,0,0,0,110683
0x40b5e4,100%,0,11424,11424,0,0,0,11424
0x4011fa,100%,0,72402,72402,0,0,0,72402
0x40a784,100%,0,27117,27117,27117,0,0,0
0x406247,100%,0,646,646,646,0,0,0
0x40a7e4,100%,0,16610,16610,0,0,0,16610
0x40d180,100%,0,12063,12063,0,0,0,12063
0x40cec1,100%,0,950,950,0,0,0,950
0x408c36,100%,0,278,278,278,0,0,0
0x40b3b8,100%,0,22807,22807,22807,0,0,0
0x407966,100%,0,110685,110685,0,0,0,110685
0x40adbb,100%,0,17496,17496,0,0,0,17496
0x409ccc,100%,0,226,226,226,0,0,0
0x405600,100%,0,652,652,0,0,0,652
0x40baf1,100%,0,228,228,0,0,0,228
0x403f77,100%,0,10,10,0,0,0,10
0x409600,100%,0,70,70,0,0,0,70
0x40db0e,100%,0,187641,187641,0,0,0,187641
0x40f913,100%,0,32322,32322,0,0,0,32322
0x40741f,100%,0,22144,22144,22144,0,0,0
0x409113,100%,0,645,645,645,0,0,0
0x40a987,100%,0,15,15,0,0,0,15
0x4101e3,100%,0,39065,39065,39065,0,0,0
0x40a958,100%,0,11,11,11,0,0,0
0x408cbf,100%,0,20,20,20,0,0,0
0x40b3d1,100%,0,22807,22807,22807,0,0,0
0x40cfb3,100%,0,5338,5338,0,0,0,5338
0x405f02,100%,0,2006,2006,2006,0,0,0
0x403f84,100%,0,10,10,10,0,0,0
0x40c71c,100%,0,8144,8144,0,0,0,8144
0x4037ab,100%,0,11615,11615,0,0,0,11615
0x40927d,100%,0,32639,32639,0,0,0,32639
0x40be31,100%,0,438,438,0,0,0,438
0x40762f,100%,0,110682,110682,0,0,0,110682
0x40cc57,100%,0,35031,35031,0,0,0,35031
0x40379a,100%,0,11615,11615,0,0,0,11615
0x40ba7e,100%,0,303,303,0,0,0,303
0x40add5,100%,0,28847,28847,0,0,0,28847
0x4077a4,100%,0,10490,10490,10490,0,0,0
0x4072b5,100%,0,10490,10490,10490,0,0,0
0x40ce31,100%,0,40666,40666,0,0,0,40666
0x403930,100%,0,32639,32639,32639,0,0,0
0x40b134,100%,0,4,4,0,0,0,4
