Branch PC,Accuracy,Mispredictions,Correct Predictions,Total,dir_t_pred_t,dir_t_pred_nt,dir_nt_pred_t,dir_nt_pred_nt
aggregate,96.2846%,722307,18718439,19440746,9764685,342662,379645,8953754
0x403465,94.4523%,34750,591631,626381,283901,17874,16876,307730
0x403479,95.1625%,26309,517550,543859,206326,12927,13382,311224
0x4013c9,81.6875%,18083,80664,98747,53393,8460,9623,27271
0x40db09,92.6759%,15352,194258,209610,10212,11757,3595,184046
0x407276,86.3304%,13658,86257,99915,24208,8426,5232,62049
0x40140c,86.3976%,13432,85315,98747,54270,5422,8010,31045
0x401427,88.5637%,11293,87454,98747,63284,4445,6848,24170
0x40cc63,69.978%,10517,24514,35031,10066,5642,4875,14448
0x4013e7,89.3637%,10503,88244,98747,72037,4273,6230,16207
0x40abd3,90.6945%,10187,99286,109473,84946,3121,7066,14340
0x40111c,89.3532%,10013,84034,94047,72451,3132,6881,11583
0x40ca35,85.8902%,9764,59436,69200,58088,1202,8562,1348
0x40f888,90.8017%,9083,89664,98747,16523,5620,3463,73141
0x40ad24,89.9065%,9025,80389,89414,36882,4444,4581,43507
0x407638,91.9445%,8916,101766,110682,76643,3678,5238,25123
0x40d488,87.0241%,8905,59722,68627,52074,3040,5865,7648
0x4064ec,80.6657%,8371,34925,43296,17973,3900,4471,16952
0x40acfb,90.9858%,8082,81577,89659,54674,3876,4206,26903
0x4101b1,85.0412%,8001,45486,53487,8794,5010,2991,36692
0x40ab55,93.067%,7555,101417,108972,36695,4629,2926,64722
0x401148,90.5231%,7464,71296,78760,60549,2337,5127,10747
0x40dba7,96.5561%,7274,203942,211216,201887,1102,6172,2055
0x40117c,89.6026%,7167,61764,68931,54421,2424,4743,7343
0x40d4a6,66.7631%,7121,14304,21425,7684,2944,4177,6620
0x40658c,82.4824%,6279,29565,35844,24995,2074,4205,4570
0x40fa66,90.7099%,5830,56925,62755,23019,2921,2909,33906
0x40f8e5,94.42%,5722,96822,102544,64757,2608,3114,32065
0x403789,89.3251%,5716,47830,53546,39860,2071,3645,7970
0x40ca68,91.7977%,5676,63524,69200,57997,1617,4059,5527
0x40c8fd,90.7422%,5586,54752,60338,29017,2707,2879,25735
0x40d3ef,81.1651%,5170,22279,27449,10253,2799,2371,12026
0x405e82,92.4401%,5030,61505,66535,54994,1848,3182,6511
0x40d163,76.4009%,5020,16252,21272,6530,2671,2349,9722
0x406d3a,84.2699%,4896,26229,31125,21486,1854,3042,4743
0x401238,93.3386%,4823,67579,72402,61701,1559,3264,5878
0x407085,84.3066%,4765,25598,30363,13639,2440,2325,11959
0x406eb1,95.7149%,4743,105942,110685,27655,2709,2034,78287
0x40c6f9,90.423%,4684,44225,48909,39036,1732,2952,5189
0x407122,95.8585%,4584,106101,110685,56454,2297,2287,49647
0x401260,93.0231%,4531,60412,64943,53383,1604,2927,7029
0x406522,84.2505%,4462,23869,28331,3967,2941,1521,19902
0x40ad00,92.7636%,4184,53635,57819,6747,2984,1200,46888
0x40777b,96.2234%,4180,106503,110683,19797,2349,1831,86706
0x40cbe3,93.0486%,4144,55470,59614,22410,2173,1971,33060
0x40ac6d,94.0717%,4059,64409,68468,8074,2575,1484,56335
0x406529,90.9784%,3906,39390,43296,20968,1771,2135,18422
0x40feb9,91.6299%,3773,41304,45077,6115,2240,1533,35189
0x40d48c,73.689%,3758,10525,14283,488,2998,760,10037
0x406c0b,80.5474%,3703,15333,19036,5417,2069,1634,9916
0x4090ad,88.6792%,3695,28944,32639,24673,1240,2455,4271
0x40c715,70.1846%,3667,8632,12299,4647,1531,2136,3985
0x405de2,92.4479%,3572,43726,47298,37699,1471,2101,6027
0x40ac62,95.9815%,3536,84458,87994,16872,2654,882,67586
0x40db27,98.1177%,3532,184109,187641,183442,495,3037,667
0x406839,78.0155%,3401,12069,15470,7727,1635,1766,4342
0x40ac98,94.2285%,3337,54482,57819,24963,1747,1590,29519
0x406f21,89.092%,3312,27051,30363,16906,1617,1695,10145
0x40f994,94.9618%,3235,60975,64210,3280,2308,927,57695
0x406bdc,82.2595%,3128,14504,17632,4291,1790,1338,10213
0x40ae56,84.8786%,3071,17238,20309,16538,554,2517,700
0x40b50b,82.4483%,3064,14393,17457,10968,1335,1729,3425
0x40f9cd,92.6738%,2999,37936,40935,5876,1917,1082,32060
0x40942c,80.9006%,2969,12576,15545,6007,1467,1502,6569
0x40ca81,69.1947%,2953,6633,9586,5656,794,2159,977
0x407501,97.3375%,2947,107738,110685,1766,2190,757,105972
0x40adc5,83.4362%,2898,14598,17496,11703,974,1924,2895
0x4037ec,91.8586%,2799,31581,34380,21257,1567,1232,10324
0x40d20c,88.724%,2720,21402,24122,14414,1835,885,6988
0x407712,97.5597%,2701,107982,110683,50541,1392,1309,57441
0x40b536,78.6556%,2626,9677,12303,5013,1303,1323,4664
0x40db65,88.329%,2564,19405,21969,733,2044,520,18672
0x407785,97.1074%,2561,85976,88537,77384,663,1898,8592
0x40cb3f,96.3237%,2544,66656,69200,49982,1289,1255,16674
0x406859,83.7104%,2520,12950,15470,4740,1144,1376,8210
0x407659,91.7789%,2496,27865,30361,10604,1235,1261,17261
0x40d799,98.6539%,2476,181461,183937,181124,295,2181,337
0x408e3e,90.238%,2445,22601,25046,2942,1604,841,19659
0x40ce55,92.4438%,2443,29888,32331,17461,1120,1323,12427
0x40d041,91.0851%,2440,24930,27370,21295,752,1688,3635
0x4065c9,93.2178%,2431,33413,35844,14369,897,1534,19044
0x4070f9,97.8046%,2430,108255,110685,99182,733,1697,9073
0x4063c4,88.253%,2426,18226,20652,16891,828,1598,1335
0x406c9b,80.982%,2413,10275,12688,2590,1366,1047,7685
0x41022e,83.5113%,2378,12044,14422,8814,1166,1212,3230
0x40f9e0,95.3538%,2374,48721,51095,38581,1208,1166,10140
0x40832b,92.7755%,2358,30281,32639,8104,1410,948,22177
0x40a7d4,89.7773%,2346,20603,22949,5094,1245,1101,15509
0x40fed2,93.6305%,2339,34383,36722,34347,113,2226,36
0x40a7c9,91.5072%,2303,24814,27117,2823,1345,958,21991
0x40f941,91.478%,2289,24571,26860,2822,1387,902,21749
0x40b505,89.277%,2284,19016,21300,2122,1721,563,16894
0x408300,96.2225%,2259,57543,59802,26310,980,1279,31233
0x40c6fd,72.3109%,2255,5889,8144,580,1443,812,5309
0x40cba5,96.7471%,2251,66949,69200,62686,989,1262,4263
0x401134,87.9333%,2228,16236,18464,14481,806,1422,1755
0x40d7b4,98.7736%,2225,179194,181419,178823,340,1885,371
0x40ae9b,83.0323%,2151,10526,12677,2077,1193,958,8449
0x40d060,73.4967%,2142,5940,8082,3211,859,1283,2729
0x40b044,87.5877%,2141,15108,17249,5404,993,1148,9704
0x4093e4,94.9884%,2125,40277,42402,26071,786,1339,14206
0x40d7e2,98.824%,2107,177056,179163,176695,283,1824,361
0x40b055,80.7132%,2093,8759,10852,4917,1020,1073,3842
0x401160,87.1803%,2035,13839,15874,8689,1140,895,5150
0x406974,71.4807%,2034,5098,7132,3722,839,1195,1376
0x40f9ba,95.4416%,2030,42503,44533,2135,1463,567,40368
0x406c6c,84.8345%,2007,11227,13234,3458,1044,963,7769
0x408da6,94.1113%,1922,30717,32639,2642,1151,771,28075
0x4012b2,96.9062%,1901,59545,61446,57672,605,1296,1873
0x406ec0,97.6445%,1892,78429,80321,4980,1370,522,73449
0x40cd24,88.0625%,1833,13522,15355,12175,676,1157,1347
0x4080d5,94.3932%,1830,30809,32639,2254,1328,502,28555
0x4090c1,94.4055%,1826,30813,32639,28646,593,1233,2167
0x4068c2,82.9162%,1795,8712,10507,7502,563,1232,1210
0x40f958,92.1946%,1768,20883,22651,3602,1096,672,17281
0x410271,87.8727%,1749,12673,14422,7160,1070,679,5513
0x409138,94.5915%,1739,30414,32153,26915,582,1157,3499
0x40cfa1,87.5927%,1706,12044,13750,7438,974,732,4606
0x40dae6,99.1956%,1699,209517,211216,209466,144,1555,51
0x4090f0,94.8099%,1694,30945,32639,27837,461,1233,3108
0x40ad85,91.3244%,1694,17832,19526,530,1251,443,17302
0x40f8fc,95.3182%,1647,33532,35179,1806,1051,596,31726
0x40f981,97.561%,1643,65722,67365,1940,1215,428,63782
0x40ce40,95.9721%,1638,39028,40666,7385,950,688,31643
0x40644d,79.7125%,1637,6432,8069,3926,717,920,2506
0x4010de,98.3365%,1596,94346,95942,574,1321,275,93772
0x40d0a4,96.0603%,1578,38476,40054,37566,345,1233,910
0x408420,95.1959%,1568,31071,32639,3613,1092,476,27458
0x408023,95.2388%,1554,31085,32639,1224,1090,464,29861
0x409305,95.3552%,1516,31123,32639,1515,1028,488,29608
0x406289,86.0524%,1485,9162,10647,7008,649,836,2154
0x40a7fb,91.475%,1416,15194,16610,2799,906,510,12395
0x406810,87.4611%,1411,9842,11253,752,915,496,9090
0x40a808,89.0818%,1409,11496,12905,3883,773,636,7613
0x40fa16,97.7866%,1389,61366,62755,25325,832,557,36041
0x401194,88.6811%,1368,10718,12086,9694,444,924,1024
0x40852c,95.6256%,1353,29577,30930,27105,471,882,2472
0x408700,94.1622%,1350,21775,23125,1230,915,435,20545
0x407534,98.7928%,1335,109248,110583,108336,342,993,912
0x406168,86.6767%,1333,8672,10005,6843,534,799,1829
0x40af6b,92.3961%,1317,16003,17320,14799,521,796,1204
0x4011a2,97.7957%,1296,57497,58793,56743,275,1021,754
0x4065c2,87.5049%,1285,8999,10284,668,841,444,8331
0x406ce5,83.5581%,1280,6505,7785,5484,507,773,1021
0x406418,93.8359%,1273,19379,20652,11869,714,559,7510
0x40d18c,89.4968%,1267,10796,12063,523,1122,145,10273
0x409439,84.5248%,1249,6822,8071,1636,653,596,5186
0x40f92a,96.1389%,1248,31074,32322,4644,818,430,26430
0x406c12,93.035%,1228,16403,17631,9942,569,659,6461
0x4095ed,96.2438%,1226,31413,32639,29230,371,855,2183
0x40ba3c,85.11%,1225,7002,8227,3029,587,638,3973
0x40a9b7,92.85%,1218,15817,17035,3169,671,547,12648
0x4083a4,96.2713%,1217,31422,32639,843,866,351,30579
0x405512,88.2592%,1212,9111,10323,8420,374,838,691
0x40d046,77.4635%,1203,4135,5338,374,952,251,3761
0x406861,89.3717%,1196,10057,11253,4282,595,601,5775
0x40d158,95.1165%,1178,22944,24122,2039,811,367,20905
0x40f9a7,98.0912%,1119,57503,58622,13385,704,415,44118
0x40aaa3,98.3473%,1118,66527,67645,66283,130,988,244
0x401290,98.2415%,1104,61678,62782,61108,276,828,570
0x40aab8,98.3542%,1093,65320,66413,65065,190,903,255
0x4086db,96.688%,1081,31558,32639,8912,602,479,22646
0x40937a,96.6756%,1081,31436,32517,4226,802,279,27210
0x40739a,81.4462%,1070,4697,5767,4224,331,739,473
0x4010c4,98.9212%,1046,95916,96962,175,845,201,95741
0x40fa3f,98.3683%,1024,61731,62755,20557,586,438,41174
0x40ce73,94.898%,948,17633,18581,15351,436,512,2282
0x40cb43,94.7292%,945,16984,17929,16499,232,713,485
0x401250,89.7068%,941,8201,9142,7114,345,596,1087
0x405472,86.0805%,934,5776,6710,5082,329,605,694
0x409176,97.1598%,927,31712,32639,1633,681,246,30079
0x40ad8d,98.7785%,923,74641,75564,28701,520,403,45940
0x405fa1,94.2396%,911,14904,15815,10722,482,429,4182
0x4057e5,91.6074%,909,9922,10831,7877,349,560,2045
0x40cd45,76.9905%,893,2988,3881,1652,320,573,1336
0x40b5e0,93.3502%,892,12522,13414,1470,520,372,11052
0x406ca2,93.4336%,869,12365,13234,5843,273,596,6522
0x4056f3,81.2839%,863,3748,4611,1494,512,351,2254
0x40aacd,98.6852%,858,64397,65255,64241,177,681,156
0x40ad98,98.1615%,852,45491,46343,28383,464,388,17108
0x4058e5,91.5605%,841,9124,9965,7595,364,477,1529
0x40690d,92.1005%,830,9677,10507,3763,364,466,5914
0x40751d,99.2518%,827,109707,110534,109417,164,663,290
0x405d42,94.4752%,788,13475,14263,11597,406,382,1878
0x40cc79,95.9582%,781,18542,19323,16241,505,276,2301
0x40b51c,82.0614%,771,3527,4298,558,402,369,2969
0x40d247,95.2982%,764,15485,16249,1567,411,353,13918
0x4073d0,84.7492%,763,4240,5003,3834,277,486,406
0x401278,92.4267%,754,9202,9956,1808,353,401,7394
0x40b8f0,96.0205%,745,17976,18721,15465,291,454,2511
0x40b62f,88.0424%,744,5478,6222,487,522,222,4991
0x40fa8e,98.6007%,740,52142,52882,7911,544,196,44231
0x40668a,88.6353%,727,5670,6397,2055,426,301,3615
0x40b513,85.9139%,726,4428,5154,321,535,191,4107
0x40aae2,98.8994%,709,63709,64418,63597,56,653,112
0x40d428,95.0501%,707,13576,14283,240,530,177,13336
0x410079,92.076%,692,8041,8733,2158,341,351,5883
0x408eb7,97.6574%,692,28848,29540,20998,218,474,7850
0x405e89,92.91%,690,9042,9732,4930,389,301,4112
0x405de9,91.6708%,677,7451,8128,3273,262,415,4178
0x40754b,99.3901%,675,110002,110677,109869,117,558,133
0x40c19f,91.7362%,673,7471,8144,99,521,152,7372
0x406d54,91.4836%,663,7122,7785,6948,184,479,174
0x40e0e6,63.0168%,662,1128,1790,419,338,324,709
0x4101c0,98.3393%,659,39024,39683,26,584,75,38998
0x406a9a,87.8489%,653,4721,5374,2810,288,365,1911
0x40ca99,79.4962%,643,2493,3136,2386,173,470,107
0x406905,81.0778%,632,2708,3340,504,394,238,2204
0x4066cc,83.8611%,632,3284,3916,3181,178,454,103
0x40b068,84.3758%,627,3386,4013,299,353,274,3087
0x40b646,88.0107%,625,4588,5213,3823,270,355,765
0x40d1cc,94.0296%,622,9796,10418,108,484,138,9688
0x40aa67,97.4672%,610,23474,24084,2320,358,252,21154
0x40af73,69.75%,605,1395,2000,300,387,218,1095
0x406c1d,91.5159%,605,6526,7131,5173,201,404,1353
0x40d374,97.4959%,604,23516,24120,17994,244,360,5522
0x40859d,98.0857%,592,30333,30925,277,441,151,30056
0x4068e7,82.5749%,582,2758,3340,843,352,230,1915
0x40ceae,79.7065%,567,2227,2794,1634,210,357,593
0x40ab31,99.4848%,564,108909,109473,108876,96,468,33
0x408b44,98.2751%,563,32076,32639,31836,174,389,240
0x40b7f3,92.7963%,550,7085,7635,6097,206,344,988
0x40d6f7,66.2354%,548,1075,1623,850,216,332,225
0x40b8e8,97.197%,543,18829,19372,282,369,174,18547
0x40cd28,79.021%,540,2034,2574,253,412,128,1781
0x40fb18,98.9789%,540,52342,52882,6997,180,360,45345
0x4092dd,98.3578%,536,32103,32639,212,323,213,31891
0x406482,86.52%,533,3421,3954,202,326,207,3219
0x409104,98.3664%,530,31914,32444,31577,222,308,337
0x40aec3,97.332%,528,19262,19790,11833,232,296,7429
0x40cf69,63.7612%,528,929,1457,495,238,290,434
0x40cf4b,92.8717%,525,6840,7365,6206,209,316,634
0x406aec,83.6977%,522,2680,3202,597,329,193,2083
0x40817c,98.2552%,507,28550,29057,852,340,167,27698
0x4082aa,99.1572%,504,59298,59802,29040,252,252,30258
0x406534,97.6128%,493,20159,20652,10448,199,294,9711
0x40b53e,91.7989%,491,5496,5987,2961,288,203,2535
0x4081a3,98.2451%,489,27376,27865,26293,212,277,1083
0x40ae00,77.0374%,479,1607,2086,1165,207,272,442
0x40db83,97.5146%,477,18715,19192,10962,178,299,7753
0x407f6d,98.5968%,458,32181,32639,194,292,166,31987
0x40c580,78.4659%,452,1647,2099,1331,234,218,316
0x406b16,93.7185%,448,6684,7132,5668,205,243,1016
0x4011e0,99.4189%,423,72365,72788,80,306,117,72285
0x41024b,90.5405%,420,4020,4440,279,257,163,3741
0x40930d,98.6078%,419,29677,30096,28853,172,247,824
0x40901c,98.6431%,401,29152,29553,459,248,153,28693
0x40adea,98.648%,390,28457,28847,26655,106,284,1802
0x40b93b,95.3568%,382,7845,8227,7807,72,310,38
0x40ff25,98.9598%,382,36340,36722,99,275,107,36241
0x40d63c,76.7098%,378,1245,1623,257,226,152,988
0x4069fc,78.5552%,377,1381,1758,507,185,192,874
0x4061a1,87.1073%,357,2412,2769,446,191,166,1966
0x405e9b,92.301%,355,4256,4611,1824,182,173,2432
0x40a739,98.8494%,353,30327,30680,1691,213,140,28636
0x409800,79.9087%,352,1400,1752,664,190,162,736
0x4012ca,88.9871%,349,2820,3169,2568,100,249,252
0x406b7b,77.8135%,345,1210,1555,610,207,138,600
0x40686d,94.6068%,345,6052,6397,1587,203,142,4465
0x40be0a,90.8512%,345,3426,3771,3206,127,218,220
0x408fbe,98.8495%,340,29213,29553,29024,103,237,189
0x406b4d,73.6299%,332,927,1259,335,186,146,592
0x4062c1,89.7082%,328,2859,3187,2595,111,217,264
0x40c59e,61.5294%,327,523,850,279,154,173,244
0x40594e,87.7543%,319,2286,2605,1681,130,189,605
0x40cbd2,99.5506%,311,68889,69200,9430,156,155,59459
0x40b07f,83.5979%,310,1580,1890,1421,131,179,159
0x405b31,84.6461%,308,1698,2006,1254,114,194,444
0x407506,99.7133%,306,106423,106729,106241,111,195,182
0x4097ee,82.7626%,302,1450,1752,502,140,162,948
0x405df4,93.5155%,299,4312,4611,1839,167,132,2473
0x405631,85.9933%,294,1805,2099,1319,128,166,486
0x40cf4f,69.3684%,291,659,950,27,199,92,632
0x408edd,99.0492%,281,29272,29553,29093,126,155,179
0x40ba52,93.9276%,280,4331,4611,4059,64,216,272
0x406a49,85.2512%,273,1578,1851,665,120,153,913
0x40a758,88.9803%,268,2164,2432,2046,86,182,118
0x4069ac,96.2984%,264,6868,7132,5307,67,197,1561
0x406e63,99.7624%,263,110422,110685,110378,39,224,44
0x405cdf,94.3179%,262,4349,4611,2205,146,116,2144
0x40aff5,99.3585%,258,39958,40216,22839,57,201,17119
0x409751,99.2218%,254,32385,32639,32383,37,217,2
0x40671d,96.045%,253,6144,6397,1690,100,153,4454
0x410083,99.4152%,249,42329,42578,15294,111,138,27035
0x4100c7,99.4199%,247,42331,42578,42054,82,165,277
0x40e0f3,76.4763%,243,790,1033,19,168,75,771
0x40b498,82.7512%,242,1161,1403,968,110,132,193
0x40be26,62.0253%,240,392,632,230,84,156,162
0x40a819,97.0906%,240,8009,8249,7866,59,181,143
0x40912d,99.2647%,240,32399,32639,316,170,70,32083
0x4010a7,99.8598%,238,169512,169750,72656,132,106,96856
0x406702,70.7975%,238,577,815,146,112,126,431
0x40d601,95.9538%,238,5644,5882,5203,122,116,441
0x4053d2,90.2268%,237,2188,2425,1917,93,144,271
0x40fa7c,99.6932%,235,76369,76604,23535,187,48,52834
0x4102ac,96.2532%,232,5960,6192,3794,48,184,2166
0x403e74,99.3137%,224,32415,32639,32280,47,177,135
0x409f4b,76.2821%,222,714,936,394,83,139,320
0x40b003,98.724%,221,17099,17320,10389,96,125,6710
0x40d36a,99.346%,218,33113,33331,9108,103,115,24005
0x407518,99.822%,197,110488,110685,31,120,77,110457
0x405519,87.8511%,186,1345,1531,814,65,121,531
0x405e1b,96.0095%,184,4427,4611,81,117,67,4346
0x40b5ae,98.6722%,184,13673,13857,320,123,61,13353
0x405479,85.9892%,182,1117,1299,597,50,132,520
0x40c42c,48.2759%,180,168,348,144,47,133,24
0x40850b,99.4485%,180,32459,32639,1593,116,64,30866
0x40c616,69.3356%,180,407,587,43,112,68,364
0x40a14c,76.933%,179,597,776,92,96,83,505
0x405255,89.9489%,177,1584,1761,1262,80,97,322
0x40a276,81.5171%,173,763,936,662,55,118,101
0x40d213,97.8407%,170,7703,7873,1618,65,105,6085
0x40bb6b,91.9431%,170,1940,2110,1824,58,112,116
0x409a30,75.5848%,167,517,684,442,47,120,75
0x405fde,99.2253%,160,20492,20652,10573,74,86,9919
0x409db9,83.3333%,156,780,936,108,109,47,672
0x40c584,72.6786%,153,407,560,25,118,35,382
0x406391,95.2336%,152,3037,3189,97,102,50,2940
0x4012e7,99.746%,150,58915,59065,38111,100,50,20804
0x406f03,99.8654%,149,110535,110684,80197,124,25,30338
0x409dbd,79.2768%,149,570,719,502,62,87,68
0x408201,99.5527%,146,32493,32639,50,77,69,32443
0x40b074,98.5882%,144,10056,10200,8242,68,76,1814
0x40936f,99.5619%,143,32496,32639,7,115,28,32489
0x408f85,99.5161%,143,29410,29553,29305,77,66,105
0x40b860,98.1404%,142,7494,7636,4603,55,87,2891
0x406271,94.8718%,142,2627,2769,54,87,55,2573
0x4088b0,99.561%,142,32207,32349,1308,111,31,30899
0x40cb59,99.7977%,140,69059,69199,51198,73,67,17861
0x405345,86.2512%,139,872,1011,722,56,83,150
0x40be0e,68.2648%,139,299,438,20,100,39,279
0x409e54,85.1496%,139,797,936,222,85,54,575
0x4102c9,98.3232%,138,8092,8230,8086,40,98,6
0x40bd63,71.25%,138,342,480,275,25,113,67
0x40a24b,79.8233%,137,542,679,367,26,111,175
0x406207,95.0885%,136,2633,2769,156,86,50,2477
0x4100db,99.6772%,136,42000,42136,41652,23,113,348
0x40c26f,84.0614%,135,712,847,679,11,124,33
0x40d3f8,99.0762%,133,14264,14397,8,106,27,14256
0x40be8f,69.863%,132,306,438,267,52,80,39
0x40bb87,61.6314%,127,204,331,104,46,81,100
0x40752f,99.8862%,126,110559,110685,21,81,45,110538
0x40a8db,97.2938%,126,4530,4656,4426,40,86,104
0x41049b,99.9622%,126,333280,333406,333279,124,2,1
0x409e6d,80.1272%,125,504,629,335,44,81,169
0x40e106,85.2246%,125,721,846,10,91,34,711
0x407977,99.888%,124,110561,110685,51866,68,56,58695
0x408d28,80.5687%,123,510,633,262,78,45,248
0x40caa9,78.8562%,122,455,577,430,42,80,25
0x409c69,78.2374%,121,435,556,256,60,61,179
0x409896,82.4561%,120,564,684,96,97,23,468
0x409827,93.2078%,119,1633,1752,1514,19,100,119
0x4064bb,99.4335%,117,20535,20652,23,72,45,20512
0x40f852,99.8835%,115,98632,98747,98632,115,0,0
0x409c18,83.3824%,113,567,680,57,67,46,510
0x40b88e,98.6509%,111,8117,8228,4510,101,10,3607
0x40a089,88.141%,111,825,936,583,46,65,242
0x40ba75,76.2931%,110,354,464,81,80,30,273
0x40a1a7,81.2925%,110,478,588,204,48,62,274
0x40b303,99.5258%,109,22876,22985,114,53,56,22762
0x40cde1,99.7835%,108,49769,49877,9149,62,46,40620
0x40a068,88.5684%,107,829,936,738,35,72,91
0x40516b,83.589%,107,545,652,192,41,66,353
0x4089e8,99.6723%,106,32243,32349,9180,44,62,23063
0x407147,99.9042%,106,110579,110685,4983,20,86,105596
0x40d29a,99.3538%,105,16144,16249,15631,42,63,513
0x40d2bd,82.2917%,102,474,576,17,67,35,457
0x40bd6b,43.8889%,101,79,180,25,36,65,54
0x409939,85.2339%,101,583,684,162,45,56,421
0x405484,84.6626%,100,552,652,181,52,48,371
0x407150,99.9054%,100,105582,105682,99830,85,15,5752
0x40d4c4,95.6136%,99,2158,2257,2113,25,74,45
0x40cb62,99.4083%,99,16632,16731,16631,34,65,1
0x409d36,85.8187%,97,587,684,434,31,66,153
0x405b65,86.2915%,95,598,693,508,31,64,90
0x40a1d3,87.8866%,94,682,776,163,53,41,519
0x408779,99.5974%,93,23008,23101,22996,67,26,12
0x40552b,85.8896%,92,560,652,159,74,18,401
0x4082d1,99.6985%,92,30418,30510,30337,45,47,81
0x40c28b,57.4074%,92,124,216,64,39,53,60
0x40c1a9,98.7772%,92,7432,7524,7192,27,65,240
0x40aeef,99.7737%,91,40125,40216,22835,61,30,17290
0x409f70,80.1743%,91,368,459,182,46,45,186
0x40ff3d,99.7524%,90,36258,36348,36258,36,54,0
0x409b69,86.9883%,89,595,684,409,68,21,186
0x4090fa,98.0189%,86,4255,4341,144,51,35,4111
0x40d8bd,99.9598%,85,211131,211216,211131,85,0,0
0x40655b,99.5884%,85,20567,20652,10,64,21,20557
0x40b05d,98.3316%,82,4833,4915,881,21,61,3952
0x409952,83.2285%,80,397,477,352,24,56,45
0x405985,90.5437%,80,766,846,86,49,31,680
0x40a0a7,87.5994%,78,551,629,417,24,54,134
0x40aa38,99.6761%,78,24006,24084,17620,67,11,6386
0x409d0c,80.9291%,78,331,409,93,50,28,238
0x40c09b,57.4586%,77,104,181,75,20,57,29
0x40ccb2,97.0085%,77,2497,2574,7,63,14,2490
0x40cdf3,99.8131%,76,40590,40666,36352,66,10,4238
0x40c273,51.5924%,76,81,157,20,24,52,61
0x40676f,98.8119%,76,6321,6397,6320,22,54,1
0x409cbb,84.5996%,75,412,487,29,49,26,383
0x40cb9a,99.8931%,74,69126,69200,0,0,74,69126
0x407704,99.9331%,74,110609,110683,0,0,74,110609
0x40c1de,73.5714%,74,206,280,76,47,27,130
0x405ad1,91.253%,74,772,846,22,30,44,750
0x407966,99.9359%,71,110614,110685,0,0,71,110614
0x4063f1,97.6581%,70,2919,2989,5,51,19,2914
0x4037dd,99.7967%,70,34369,34439,2,57,13,34367
0x40fb0e,99.1906%,69,8456,8525,17,53,16,8439
0x40c07d,93.3202%,68,950,1018,883,24,44,67
0x4012a8,95.2074%,67,1331,1398,1320,16,51,11
0x408ebe,99.1951%,67,8257,8324,8200,38,29,57
0x40fb48,99.9321%,67,98680,98747,98680,67,0,0
0x408c2e,89.4569%,66,560,626,317,31,35,243
0x4092fa,89.1803%,66,544,610,461,33,33,83
0x40a83e,79.375%,66,254,320,236,46,20,18
0x40ae17,99.7598%,66,27409,27475,7151,15,51,20258
0x405a27,92.1986%,66,780,846,131,33,33,649
0x4092e5,99.7975%,65,32039,32104,32012,17,48,27
0x4102dd,99.2001%,65,8061,8126,8050,32,33,11
0x409c94,90.4412%,65,615,680,141,52,13,474
0x406327,97.9918%,64,3123,3187,22,16,48,3101
0x4095f3,97.8934%,64,2974,3038,2937,31,33,37
0x406214,97.5069%,63,2464,2527,1836,45,18,628
0x409b48,90.9357%,62,622,684,582,18,44,40
0x4067e5,99.0464%,61,6336,6397,0,21,40,6336
0x407115,99.9449%,61,110624,110685,0,0,61,110624
0x40981a,96.6324%,59,1693,1752,1025,3,56,668
0x409cc8,85.5746%,59,350,409,151,32,27,199
0x40762f,99.9476%,58,110624,110682,0,0,58,110624
0x409eae,76.8%,58,192,250,111,22,36,81
0x409b8c,88.0503%,57,420,477,413,24,33,7
0x406494,99.7288%,56,20596,20652,10619,28,28,9977
0x40bb6f,75.4386%,56,172,228,22,25,31,150
0x40ca11,99.9205%,55,69145,69200,0,0,55,69145
0x40b127,99.901%,53,53493,53546,53493,49,4,0
0x40ca52,99.4641%,53,9836,9889,9836,53,0,0
0x40ad35,99.9083%,53,57766,57819,0,0,53,57766
0x408eb0,99.824%,52,29501,29553,2,11,41,29499
0x40b5f3,99.4907%,52,10158,10210,2531,44,8,7627
0x408e08,99.8249%,51,29076,29127,4059,16,35,25017
0x4091f7,99.8437%,51,32588,32639,32588,22,29,0
0x40cd66,99.8977%,51,49826,49877,9574,12,39,40252
0x406895,99.2028%,51,6346,6397,0,17,34,6346
0x40937f,99.8153%,51,27560,27611,2,5,46,27558
0x40af9f,99.7001%,48,15959,16007,675,12,36,15284
0x40d362,99.859%,47,33284,33331,0,0,47,33284
0x405cb1,93.3622%,46,647,693,21,34,12,626
0x40ffab,99.8734%,46,36298,36344,36298,45,1,0
0x4058f3,99.0024%,46,4565,4611,1996,10,36,2569
0x40a1fa,93.7063%,45,670,715,7,29,16,663
0x40a6be,99.8568%,44,30684,30728,0,0,44,30684
0x40b877,98.5561%,43,2935,2978,2845,23,20,90
0x40ca44,99.5658%,43,9861,9904,1,14,29,9860
0x4088a1,99.8713%,42,32597,32639,283,7,35,32314
0x4091ea,99.8713%,42,32597,32639,0,0,42,32597
0x40db0e,99.9781%,41,187600,187641,0,0,41,187600
0x40cc48,99.883%,41,34990,35031,0,0,41,34990
0x4011be,97.6901%,41,1734,1775,1709,13,28,25
0x409343,99.8744%,41,32595,32636,32595,41,0,0
0x40593a,98.4645%,40,2565,2605,2558,11,29,7
0x40931a,98.8923%,40,3571,3611,2859,15,25,712
0x410001,99.8899%,40,36304,36344,0,0,40,36304
0x403f6a,99.8805%,39,32600,32639,32598,31,8,2
0x401214,99.9461%,39,72363,72402,0,0,39,72363
0x40a160,93.3673%,39,549,588,0,0,39,549
0x405d7b,99.1759%,38,4573,4611,2,16,22,4571
0x409fe3,83.5498%,38,193,231,186,10,28,7
0x40a6a7,99.8763%,38,30690,30728,30690,38,0,0
0x409a55,80.5128%,38,157,195,9,26,12,148
0x40c397,93.5374%,38,550,588,214,26,12,336
0x4010f8,99.9607%,37,94010,94047,0,0,37,94010
0x408f1a,89.2216%,36,298,334,79,20,16,219
0x41006e,99.9201%,36,45041,45077,36320,24,12,8721
0x40bfd4,72.7273%,36,96,132,39,28,8,57
0x406bb4,99.4952%,36,7096,7132,0,11,25,7096
0x407624,99.9675%,36,110647,110683,0,1,35,110647
0x40a0db,96.1538%,36,900,936,895,11,25,5
0x40c101,67.5676%,36,75,111,59,26,10,16
0x40925f,99.8897%,36,32594,32630,32594,32,4,0
0x410016,99.9009%,36,36308,36344,36308,36,0,0
0x40a207,94.8454%,35,644,679,94,17,18,550
0x4085a1,99.8841%,35,30172,30207,30172,35,0,0
0x407546,99.9684%,35,110650,110685,0,8,27,110650
0x406c44,99.5092%,35,7096,7131,2,11,24,7094
0x40cd4d,98.6791%,34,2540,2574,2540,34,0,0
0x406efe,99.9693%,34,110651,110685,0,1,33,110651
0x40d4cc,71.4286%,34,85,119,0,0,34,85
0x40aa4f,99.8134%,33,17654,17687,17007,28,5,647
0x405dac,99.594%,33,8095,8128,0,0,33,8095
0x40a096,89.2508%,33,274,307,194,21,12,80
0x40846c,99.902%,32,32607,32639,32607,32,0,0
0x408775,99.8616%,32,23093,23125,0,24,8,23093
0x40a6cf,99.8959%,32,30696,30728,45,3,29,30651
0x40c1bb,89.5082%,32,273,305,3,22,10,270
0x40741f,99.8555%,32,22112,22144,22112,32,0,0
0x4053e4,95.092%,32,620,652,210,23,9,410
0x40c52a,94.2857%,32,528,560,4,22,10,524
0x40bad9,88.1041%,32,237,269,24,17,15,213
0x40ba5e,93.4426%,32,456,488,1,23,9,455
0x40b686,97.2321%,31,1089,1120,128,20,11,961
0x40c4ee,94.7279%,31,557,588,1,26,5,556
0x40ba89,89.769%,31,272,303,14,20,11,258
0x40c293,80.2548%,31,126,157,0,0,31,126
0x406489,99.6158%,31,8038,8069,0,0,31,8038
0x409905,95.4678%,31,653,684,574,26,5,79
0x40854f,99.8998%,31,30899,30930,3,2,29,30896
0x40b357,99.8641%,31,22787,22818,4,7,24,22783
0x40bc17,86.8421%,30,198,228,32,16,14,166
0x406b8d,99.5794%,30,7102,7132,5355,19,11,1747
0x4080ba,99.9011%,30,30295,30325,0,0,30,30295
0x40c49b,84.2932%,30,161,191,69,12,18,92
0x4052db,97.0326%,30,981,1011,981,30,0,0
0x40b5ef,99.7374%,30,11394,11424,1198,16,14,10196
0x40b478,94.8673%,29,536,565,402,27,2,134
0x40dbcc,99.507%,29,5853,5882,4087,5,24,1766
0x40998f,72.2772%,28,73,101,27,19,9,46
0x40bfdc,56.9231%,28,37,65,0,22,6,37
0x40ca40,99.7175%,28,9882,9910,0,6,22,9882
0x40c081,74.7748%,28,83,111,3,22,6,80
0x405e4c,99.7226%,27,9705,9732,22,17,10,9683
0x409338,99.9173%,27,32612,32639,0,3,24,32612
0x40922f,99.9173%,27,32612,32639,32612,27,0,0
0x40c62a,93.9675%,26,405,431,405,26,0,0
0x408e1f,99.8962%,26,25026,25052,0,6,20,25026
0x40a070,84.0491%,26,137,163,122,9,17,15
0x40bd59,94.99%,25,474,499,3,16,9,471
0x40a9bb,99.8105%,25,13170,13195,3943,4,21,9227
0x40728f,99.9234%,25,32609,32634,22126,18,7,10483
0x40b30e,99.8948%,24,22794,22818,22794,24,0,0
0x409963,76.2376%,24,77,101,0,0,24,77
0x408c5b,96.3665%,23,610,633,602,11,12,8
0x40a11d,97.5427%,23,913,936,0,5,18,913
0x4081d7,99.9208%,23,29034,29057,0,0,23,29034
0x40a0af,87.766%,23,165,188,78,13,10,87
0x409bbb,96.6374%,23,661,684,659,10,13,2
0x408e5a,99.8878%,23,20477,20500,14209,13,10,6268
0x405be0,85.7143%,22,132,154,132,22,0,0
0x409257,99.9326%,22,32617,32639,0,9,13,32617
0x40cfe1,99.5879%,22,5316,5338,1,14,8,5315
0x409e97,91.2%,22,228,250,0,0,22,228
0x40adbb,99.8743%,22,17474,17496,0,0,22,17474
0x4081b4,99.917%,22,26483,26505,26483,22,0,0
0x406082,99.7801%,22,9983,10005,9982,14,8,1
0x4011fa,99.971%,21,72381,72402,0,0,21,72381
0x408456,99.9248%,21,27913,27934,0,0,21,27913
0x40b89c,99.4192%,21,3595,3616,0,0,21,3595
0x40cb5d,99.8829%,21,17907,17928,1191,6,15,16716
0x4101cf,99.9463%,21,39052,39073,0,8,13,39052
0x406142,99.8122%,20,10627,10647,10627,19,1,0
0x409acb,87.5%,20,140,160,134,11,9,6
0x40a777,99.9262%,20,27097,27117,0,0,20,27097
0x40a1b4,94.0476%,20,316,336,309,4,16,7
0x40698d,99.5615%,20,4541,4561,0,0,20,4541
0x40ce31,99.9533%,19,40647,40666,0,0,19,40647
0x40431c,99.9418%,19,32620,32639,32620,19,0,0
0x40a6d8,99.9381%,19,30661,30680,30661,19,0,0
0x408bea,83.1776%,18,89,107,17,12,6,72
0x40a20b,96.831%,18,550,568,550,18,0,0
0x405c87,96.6851%,18,525,543,525,18,0,0
0x406247,97.2136%,18,628,646,628,18,0,0
0x4083f1,99.9418%,18,30912,30930,0,0,18,30912
0x40d171,99.8509%,18,12053,12071,0,8,10,12053
0x40afec,99.9552%,18,40198,40216,0,0,18,40198
0x40392c,99.9449%,18,32621,32639,0,0,18,32621
0x40bc85,96.3928%,18,481,499,5,14,4,476
0x4092bb,99.9479%,17,32622,32639,32622,17,0,0
0x408722,99.9265%,17,23108,23125,0,0,17,23108
0x4101e3,99.9565%,17,39048,39065,39048,17,0,0
0x410093,99.9374%,17,27156,27173,27156,17,0,0
0x405c18,97.5362%,17,673,690,138,9,8,535
0x40ff90,99.956%,16,36332,36348,0,4,12,36332
0x405d54,99.653%,16,4595,4611,1992,14,2,2603
0x40c699,99.8035%,16,8128,8144,8128,13,3,0
0x40b851,99.7905%,16,7620,7636,0,0,16,7620
0x40d85c,99.9924%,16,211200,211216,211200,16,0,0
0x408c26,97.4724%,16,617,633,0,7,9,617
0x409c72,93.75%,15,225,240,222,6,9,3
0x406334,99.524%,15,3136,3151,430,5,10,2706
0x408bd1,87.395%,15,104,119,4,8,7,100
0x405e9f,99.4242%,15,2590,2605,2590,15,0,0
0x40cec1,98.5263%,14,936,950,0,0,14,936
0x40b362,99.9386%,14,22793,22807,22793,14,0,0
0x405b1d,99.3021%,14,1992,2006,1991,2,12,1
0x405600,97.8528%,14,638,652,0,0,14,638
0x405a38,97.9472%,14,668,682,537,9,5,131
0x40a784,99.9484%,14,27103,27117,27103,14,0,0
0x40552f,96.6587%,14,405,419,405,14,0,0
0x409285,99.9571%,14,32625,32639,32625,14,0,0
0x4082e2,99.9539%,14,30368,30382,30276,8,6,92
0x40c45b,91.0828%,14,143,157,0,11,3,143
0x409b76,93.2367%,14,193,207,67,13,1,126
0x40927d,99.9602%,13,32626,32639,0,0,13,32626
0x40b5e4,99.8862%,13,11411,11424,0,0,13,11411
0x40919a,99.9571%,13,30312,30325,0,0,13,30312
0x40a74c,99.2639%,13,1753,1766,1427,4,9,326
0x4092a2,99.9602%,13,32626,32639,32626,12,1,0
0x40c2d2,92.3567%,12,145,157,0,0,12,145
0x40938a,99.9565%,12,27592,27604,0,0,12,27592
0x407726,99.9892%,12,110671,110683,110671,12,0,0
0x406d0e,99.8459%,12,7773,7785,0,0,12,7773
0x4067bd,99.8124%,12,6385,6397,1779,11,1,4606
0x409642,76%,12,38,50,1,8,4,37
0x40a9da,99.6875%,12,3828,3840,3612,7,5,216
0x4037e3,99.9651%,12,34368,34380,0,0,12,34368
0x40960a,82.8571%,12,58,70,17,3,9,41
0x40d38d,99.796%,12,5870,5882,5870,12,0,0
0x409181,99.9637%,11,30314,30325,0,0,11,30314
0x409b50,86.9048%,11,73,84,31,3,8,42
0x40cc57,99.9686%,11,35020,35031,0,0,11,35020
0x409395,99.9602%,11,27593,27604,27593,11,0,0
0x4093ef,99.9292%,11,15534,15545,0,0,11,15534
0x4037f8,99.9048%,11,11545,11556,5100,6,5,6445
0x4060cb,99.8967%,11,10636,10647,10636,11,0,0
0x408f98,93.5673%,11,160,171,155,2,9,5
0x40b3d1,99.9518%,11,22796,22807,22796,11,0,0
0x407fee,99.9658%,11,32142,32153,0,0,11,32142
0x40c652,99.8772%,10,8134,8144,0,0,10,8134
0x40d2e8,88.0952%,10,74,84,0,0,10,74
0x40b435,99.9562%,10,22797,22807,0,0,10,22797
0x40c680,99.8772%,10,8134,8144,0,0,10,8134
0x403e81,96.7949%,10,302,312,12,6,4,290
0x406b82,99.2057%,10,1249,1259,0,0,10,1249
0x408cf4,98.4202%,10,623,633,623,7,3,0
0x40a164,98.2993%,10,578,588,578,6,4,0
0x405776,99.9077%,10,10821,10831,10821,10,0,0
0x405f70,99.7831%,10,4601,4611,0,0,10,4601
0x410213,99.9307%,10,14412,14422,14412,10,0,0
0x406014,99.9%,10,9995,10005,9994,8,2,1
0x40a8e8,94.7368%,10,180,190,5,6,4,175
0x40587b,99.8996%,10,9955,9965,9955,10,0,0
0x40ab60,99.9867%,9,67639,67648,67639,6,3,0
0x40f913,99.9722%,9,32313,32322,0,0,9,32313
0x409e23,99.0385%,9,927,936,769,4,5,158
0x40cae6,91.4286%,9,96,105,0,7,2,96
0x40ae66,99.9133%,9,10374,10383,10374,9,0,0
0x408ba3,97.3529%,9,331,340,218,0,9,113
0x4077a4,99.9142%,9,10481,10490,10481,9,0,0
0x40a826,97.5309%,8,316,324,1,3,5,315
0x4099e6,81.8182%,8,36,44,0,4,4,36
0x409312,99.7786%,8,3606,3614,0,3,5,3606
0x40b637,99.8465%,8,5205,5213,0,0,8,5205
0x40cf71,99.1579%,8,942,950,942,8,0,0
0x409322,98.9145%,8,729,737,725,5,3,4
0x405b4d,98.8456%,8,685,693,0,0,8,685
0x4051e6,99.5457%,8,1753,1761,1753,8,0,0
0x409b94,80%,8,32,40,3,8,0,29
0x40ce0d,99.8352%,7,4241,4248,4241,7,0,0
0x40621c,98.9164%,7,639,646,639,7,0,0
0x410241,99.8424%,7,4435,4442,0,2,5,4435
0x405ecf,99.7313%,7,2598,2605,2598,7,0,0
0x403930,99.9786%,7,32632,32639,32632,7,0,0
0x407158,99.8786%,7,5760,5767,5760,7,0,0
0x40c5a9,98.75%,7,553,560,0,0,7,553
0x405370,98.9264%,7,645,652,234,3,4,411
0x40b5fc,99.9083%,7,7628,7635,7628,7,0,0
0x409113,99.0698%,6,639,645,639,6,0,0
0x4037ba,99.9483%,6,11609,11615,0,0,6,11609
0x40cb48,99.4992%,6,1192,1198,1192,5,1,0
0x4093fa,99.9614%,6,15539,15545,0,0,6,15539
0x40d06b,99.8876%,6,5332,5338,5332,6,0,0
0x40b89e,99.8341%,6,3610,3616,0,0,6,3610
0x408d90,99.0521%,6,627,633,0,4,2,627
0x405a00,99.1561%,6,705,711,705,4,2,0
0x405f02,99.7009%,6,2000,2006,2000,6,0,0
0x409be8,99.1228%,6,678,684,1,3,3,677
0x4071e5,99.8801%,6,4997,5003,4997,6,0,0
0x406341,99.7791%,6,2710,2716,2710,6,0,0
0x40b94d,98.5632%,5,343,348,343,5,0,0
0x40add5,99.9827%,5,28842,28847,0,0,5,28842
0x40989a,98.9817%,5,486,491,486,5,0,0
0x4054dc,99.6734%,5,1526,1531,0,2,3,1526
0x40837e,99.9784%,5,23120,23125,0,0,5,23120
0x40befd,96.2406%,5,128,133,0,1,4,128
0x40bd4b,98.998%,5,494,499,0,0,5,494
0x4090b7,99.9257%,5,6721,6726,0,0,5,6721
0x4062ad,99.8432%,5,3184,3189,0,2,3,3184
0x4102b1,99.7872%,5,2345,2350,238,1,4,2107
0x40379a,99.957%,5,11610,11615,0,0,5,11610
0x4055c2,97.8541%,5,228,233,228,5,0,0
0x40dc45,99.7207%,5,1785,1790,1785,5,0,0
0x405991,99.2968%,5,706,711,706,5,0,0
0x405298,97.8541%,5,228,233,0,0,5,228
0x4062ce,98.9605%,5,476,481,476,5,0,0
0x40d557,99.7665%,5,2136,2141,0,0,5,2136
0x40d771,99.9392%,5,8222,8227,0,0,5,8222
0x40a7e4,99.9699%,5,16605,16610,0,0,5,16605
0x4081aa,99.7059%,4,1356,1360,0,0,4,1356
0x40ce61,99.9709%,4,13746,13750,13746,4,0,0
0x409efc,96.9925%,4,129,133,0,4,0,129
0x4061a9,99.8124%,4,2128,2132,2128,4,0,0
0x409f06,96.8992%,4,125,129,0,3,1,125
0x406367,99.8527%,4,2712,2716,2712,4,0,0
0x4061e0,99.8124%,4,2128,2132,2128,2,2,0
0x40c195,99.9509%,4,8140,8144,0,0,4,8140
0x40b027,99.9415%,4,6831,6835,0,0,4,6831
0x40bb0b,98.2456%,4,224,228,224,4,0,0
0x4072b5,99.9619%,4,10486,10490,10486,4,0,0
0x40cfb3,99.9251%,4,5334,5338,0,0,4,5334
0x40c71c,99.9509%,4,8140,8144,0,0,4,8140
0x40d4ae,99.972%,4,14279,14283,14279,4,0,0
0x40c205,97.4522%,4,153,157,153,4,0,0
0x40670a,99.9234%,3,3913,3916,0,0,3,3913
0x405f32,99.8504%,3,2003,2006,2003,3,0,0
0x40d564,99.8599%,3,2138,2141,0,0,3,2138
0x40cc82,99.8836%,3,2574,2577,0,3,0,2574
0x40d1c7,99.9712%,3,10415,10418,0,0,3,10415
0x40618d,99.8917%,3,2766,2769,0,0,3,2766
0x40a958,72.7273%,3,8,11,8,3,0,0
0x4037ab,99.9742%,3,11612,11615,0,0,3,11612
0x405c07,99.5671%,3,690,693,0,3,0,690
0x406300,99.3763%,3,478,481,478,2,1,0
0x4037fe,99.9535%,3,6447,6450,6447,3,0,0
0x40a125,99.6778%,3,928,931,154,1,2,774
0x40b501,99.9859%,3,21297,21300,0,0,3,21297
0x40d180,99.9751%,3,12060,12063,0,0,3,12060
0x405aa7,97.7941%,3,133,136,133,3,0,0
0x40540b,99.5399%,3,649,652,0,0,3,649
0x408f50,99.1018%,3,331,334,331,3,0,0
0x408bb2,97.541%,3,119,122,1,2,1,118
0x40539d,99.5181%,2,413,415,0,0,2,413
0x409600,97.1429%,2,68,70,0,0,2,68
0x40c501,99.6435%,2,559,561,0,1,1,559
0x405d0d,99.9115%,2,2258,2260,0,0,2,2258
0x40c61a,99.537%,2,430,432,0,1,1,430
0x409d4b,99.0868%,2,217,219,0,0,2,217
0x4067b1,96.4286%,2,54,56,0,1,1,54
0x40935e,33.3333%,2,1,3,1,2,0,0
0x405a44,98.5294%,2,134,136,134,2,0,0
0x409eb3,98.2906%,2,115,117,0,0,2,115
0x40bb93,99.1228%,2,226,228,0,0,2,226
0x4078b8,99.991%,2,22144,22146,22144,2,0,0
0x409224,99.9939%,2,32637,32639,0,0,2,32637
0x409267,84.6154%,2,11,13,11,2,0,0
0x40bfca,98.4962%,2,131,133,0,1,1,131
0x40543c,99.846%,2,1297,1299,0,0,2,1297
0x40b3b8,99.9912%,2,22805,22807,22805,2,0,0
0x40b341,99.9912%,2,22816,22818,22816,2,0,0
0x40d4d8,98.3193%,2,117,119,0,0,2,117
0x4090cb,99.9412%,2,3398,3400,3398,2,0,0
0x4051a9,99.5227%,2,417,419,0,0,2,417
0x4099dc,95.6522%,2,44,46,0,2,0,44
0x40d691,99.8246%,2,1138,1140,1138,2,0,0
0x406f39,0%,1,0,1,0,1,0,0
0x409847,99.5434%,1,218,219,0,0,1,218
0x40b66a,99.9107%,1,1119,1120,0,0,1,1119
0x4092aa,0%,1,0,1,0,1,0,0
0x409647,97.561%,1,40,41,40,0,1,0
0x40962b,98%,1,49,50,0,0,1,49
0x40a93c,75%,1,3,4,3,1,0,0
0x40dce2,99.9441%,1,1789,1790,1789,1,0,0
0x409353,66.6667%,1,2,3,0,0,1,2
0x40d2b1,99.8264%,1,575,576,0,0,1,575
0x405835,99.9501%,1,2005,2006,0,0,1,2005
0x40573e,99.9616%,1,2604,2605,0,0,1,2604
0x40b155,75%,1,3,4,3,1,0,0
0x40964d,0%,1,0,1,0,0,1,0
0x40596d,99.8818%,1,845,846,0,0,1,845
0x409ccc,99.5575%,1,225,226,225,1,0,0
0x40a900,99.4413%,1,178,179,178,1,0,0
0x40a987,93.3333%,1,14,15,0,0,1,14
0x409c25,99.8201%,1,555,556,0,0,1,555
0x409c29,99.8201%,1,555,556,555,1,0,0
0x40ceeb,99.8947%,1,949,950,0,0,1,949
0x405c29,99.8158%,1,542,543,542,1,0,0
0x405d49,99.9558%,1,2259,2260,0,0,1,2259
0x409bcf,93.3333%,1,14,15,0,1,0,14
0x40a258,99.6503%,1,285,286,285,1,0,0
0x40cb09,98.9796%,1,97,98,97,1,0,0
0x40be31,99.7717%,1,437,438,0,0,1,437
0x40a0fb,96.6667%,1,29,30,1,1,0,28
0x403e8e,100%,0,294,294,294,0,0,0
0x409348,100%,0,3,3,0,0,0,3
0x405592,100%,0,233,233,233,0,0,0
0x406046,100%,0,3,3,0,0,0,3
0x409978,100%,0,101,101,0,0,0,101
0x40ce83,100%,0,2794,2794,0,0,0,2794
0x408c36,100%,0,278,278,278,0,0,0
0x408d06,100%,0,3,3,3,0,0,0
0x405b76,100%,0,154,154,154,0,0,0
0x409bf1,100%,0,680,680,0,0,0,680
0x407677,100%,0,1,1,0,0,0,1
0x40b134,100%,0,4,4,0,0,0,4
0x409d15,100%,0,266,266,266,0,0,0
0x409e82,100%,0,250,250,0,0,0,250
0x4082d8,100%,0,128,128,0,0,0,128
0x40baf1,100%,0,228,228,0,0,0,228
0x40d2c7,100%,0,492,492,492,0,0,0
0x409994,100%,0,55,55,0,0,0,55
0x40c1e8,100%,0,157,157,0,0,0,157
0x40c028,100%,0,111,111,0,0,0,111
0x403f84,100%,0,10,10,10,0,0,0
0x4054ab,100%,0,652,652,0,0,0,652
0x40bd88,100%,0,438,438,0,0,0,438
0x40bfbc,100%,0,133,133,0,0,0,133
0x40bffc,100%,0,111,111,0,0,0,111
0x403f77,100%,0,10,10,0,0,0,10
0x40c0a8,100%,0,111,111,0,0,0,111
0x40ba92,100%,0,269,269,269,0,0,0
0x408c8e,100%,0,20,20,20,0,0,0
0x4053d9,100%,0,415,415,0,0,0,415
0x409204,100%,0,29,29,29,0,0,0
0x409151,100%,0,4656,4656,4656,0,0,0
0x4092ea,100%,0,610,610,0,0,0,610
0x4092f2,100%,0,610,610,0,0,0,610
0x40bdb4,100%,0,438,438,0,0,0,438
0x40d2a7,100%,0,576,576,0,0,0,576
0x40555f,100%,0,419,419,419,0,0,0
0x40ba7e,100%,0,303,303,0,0,0,303
0x408cbf,100%,0,20,20,20,0,0,0
