Branch PC,Accuracy,Mispredictions,Correct Predictions,Total,dir_t_pred_t,dir_t_pred_nt,dir_nt_pred_t,dir_nt_pred_nt
aggregate,98.6549%,105892,7766748,7872640,4660599,53364,52528,3106149
0x445632,94.1785%,9450,152880,162330,128892,3753,5697,23988
0x445604,95.8104%,9183,210005,219188,49837,7021,2162,160168
0x445611,96.087%,6352,155978,162330,52063,4795,1557,103915
0x41e591,85.7361%,4680,28130,32810,23902,1305,3375,4228
0x4455bf,96.0892%,4646,114154,118800,6202,3004,1642,107952
0x429ab4,92.2553%,3368,40120,43488,1124,2606,762,38996
0x45ed2a,80.2576%,3203,13021,16224,12669,429,2774,352
0x429b8e,78.3655%,2949,10682,13631,3267,1758,1191,7415
0x41e5cf,91.3502%,2838,29972,32810,29701,308,2530,271
0x429c82,91.8814%,2435,27558,29993,2131,1511,924,25427
0x429c2f,91.9648%,2410,27583,29993,2247,1573,837,25336
0x402828,96.1791%,2277,57317,59594,28250,1224,1053,29067
0x445f99,77.0904%,1948,6555,8503,3993,949,999,2562
0x429be2,95.1397%,1649,32279,33928,1211,1080,569,31068
0x445d65,92.3184%,1605,19289,20894,15658,663,942,3631
0x429ac2,96.0134%,1585,38173,39758,36973,278,1307,1200
0x429dc2,90.5409%,1490,14262,15752,4649,813,677,9613
0x44591d,98.7618%,1471,117329,118800,117311,4,1467,18
0x426ca7,51.7373%,1264,1355,2619,957,490,774,398
0x463702,59.6378%,1248,1844,3092,399,828,420,1445
0x429bfc,96.1183%,1228,30408,31636,798,845,383,29610
0x426c80,54.2955%,1197,1422,2619,966,478,719,456
0x426cce,56.5865%,1137,1482,2619,1051,439,698,431
0x43a53a,73.2528%,1129,3092,4221,1719,359,770,1373
0x426c57,57.6174%,1110,1509,2619,1248,363,747,261
0x4636c8,90.9032%,981,9803,10784,7317,375,606,2486
0x463a56,79.4077%,904,3486,4390,570,562,342,2916
0x445d6f,81.6094%,841,3732,4573,1781,420,421,1951
0x44b95b,87.3901%,803,5565,6368,5267,222,581,298
0x446639,88.9807%,787,6355,7142,6162,203,584,193
0x463da2,62.0393%,618,1010,1628,577,308,310,433
0x45da5f,61.6949%,565,910,1475,748,209,356,162
0x41e67e,87.053%,525,3530,4055,3522,26,499,8
0x433027,65%,504,936,1440,903,104,400,33
0x463745,95.3357%,503,10281,10784,10039,71,432,242
0x429a78,98.726%,470,36421,36891,999,347,123,35422
0x45faf4,83.9836%,468,2454,2922,2445,44,424,9
0x44ac5d,93.2935%,427,5940,6367,5898,75,352,42
0x463c2c,87.7114%,407,2905,3312,410,247,160,2495
0x4634d7,81.3676%,406,1773,2179,1761,54,352,12
0x4482a9,93.859%,391,5976,6367,296,235,156,5680
0x45fb49,86.0941%,387,2396,2783,2376,43,344,20
0x463dec,70.2993%,387,916,1303,836,72,315,80
0x46349a,48.7417%,387,368,755,225,166,221,143
0x429bc6,98.8961%,380,34044,34424,202,294,86,33842
0x42897a,72.9032%,378,1017,1395,407,187,191,610
0x45d172,63.6095%,369,645,1014,129,227,142,516
0x444b92,87.1445%,339,2298,2637,496,175,164,1802
0x463b73,89.7947%,338,2974,3312,2951,29,309,23
0x4456c4,98.8778%,332,29252,29584,313,237,95,28939
0x463a91,89.9939%,326,2932,3258,2494,107,219,438
0x446186,94.9113%,324,6043,6367,4887,121,203,1156
0x427b51,70.3025%,324,767,1091,49,269,55,718
0x46334e,60.688%,320,494,814,358,100,220,136
0x427c15,95.6766%,315,6971,7286,1655,289,26,5316
0x45fbaa,88.0637%,315,2324,2639,2321,15,300,3
0x429c34,98.8576%,299,25874,26173,18654,124,175,7220
0x45fbfc,88.411%,291,2220,2511,2216,19,272,4
0x429e05,97.301%,276,9950,10226,97,223,53,9853
0x428700,76.0661%,275,874,1149,489,110,165,385
0x427b5d,65.0712%,270,503,773,40,212,58,463
0x463754,64.3709%,269,486,755,106,160,109,380
0x428f02,75.9209%,268,845,1113,476,118,150,369
0x46336c,67.4447%,265,549,814,256,133,132,293
0x4279e5,93.6496%,261,3849,4110,3562,25,236,287
0x42a125,93.7259%,260,3884,4144,3873,12,248,11
0x4289da,67.6654%,259,542,801,315,141,118,227
0x44605b,76.347%,259,836,1095,593,122,137,243
0x42a620,80.9382%,256,1087,1343,621,126,130,466
0x45f97b,74.9507%,254,760,1014,582,92,162,178
0x463477,67.0199%,249,506,755,26,198,51,480
0x4279ae,94.1321%,239,3834,4073,1,229,10,3833
0x463415,74.0782%,232,663,895,408,103,129,255
0x45fd61,71.4107%,229,572,801,37,179,50,535
0x428ab6,71.9101%,225,576,801,250,97,128,326
0x45f036,70.1613%,222,522,744,497,46,176,25
0x4290da,72.25%,222,578,800,332,112,110,246
0x429a91,99.3811%,220,35325,35545,407,198,22,34918
0x45d1f1,67.0213%,217,441,658,158,148,69,283
0x434e9b,76.4444%,212,688,900,99,131,81,589
0x4152f0,84.6946%,208,1151,1359,378,111,97,773
0x463798,57.6687%,207,282,489,52,141,66,230
0x434e92,85.625%,207,1233,1440,435,105,102,798
0x42a014,94.7057%,206,3685,3891,134,145,61,3551
0x429eb7,97.9955%,205,10022,10227,185,129,76,9837
0x463dbd,64.5329%,205,373,578,25,158,47,348
0x45f00c,72.9839%,201,543,744,530,28,173,13
0x45dcf3,82.8352%,201,970,1171,344,50,151,626
0x42a031,94.7674%,189,3423,3612,118,119,70,3305
0x444b1d,96.6622%,176,5097,5273,4099,54,122,998
0x4293c3,78.125%,175,625,800,342,96,79,283
0x463db7,76.4468%,175,568,743,15,150,25,553
0x45d2a8,75.4261%,173,531,704,4,152,21,527
0x429e21,98.3949%,159,9747,9906,28,134,25,9719
0x42a62b,73.6577%,157,439,596,44,105,52,395
0x45f064,79.3011%,154,590,744,531,28,126,59
0x42a0d2,95.7364%,154,3458,3612,140,98,56,3318
0x463809,68.5072%,154,335,489,98,75,79,237
0x429aeb,98.5835%,154,10718,10872,8081,73,81,2637
0x429ed7,98.4868%,150,9763,9913,58,113,37,9705
0x46e32e,90.132%,142,1297,1439,650,69,73,647
0x4279e1,96.68%,141,4106,4247,1,136,5,4105
0x45d341,74.635%,139,409,548,400,17,122,9
0x45efeb,96.5976%,138,3918,4056,2951,91,47,967
0x428c9f,82.8964%,137,664,801,350,75,62,314
0x45f989,60.5882%,134,206,340,57,83,51,149
0x4279f5,86.0852%,134,829,963,0,125,9,829
0x4291cb,83.375%,133,667,800,297,57,76,370
0x429a5e,99.6591%,127,37124,37251,239,121,6,36885
0x402ac0,99.9549%,126,279244,279370,249246,4,122,29998
0x45ef35,96.9921%,122,3934,4056,699,77,45,3235
0x42907a,91.3199%,121,1273,1394,500,94,27,773
0x427a07,85.9189%,118,720,838,383,57,61,337
0x4482ae,97.9952%,117,5719,5836,201,89,28,5518
0x429c94,99.5712%,113,26238,26351,18813,49,64,7425
0x434eb7,83.5821%,110,560,670,19,86,24,541
0x426d24,96.747%,108,3212,3320,3156,23,85,56
0x45d1c4,83.8906%,106,552,658,1,100,6,551
0x45f2a3,91.8981%,105,1191,1296,1185,13,92,6
0x45ed6b,96.769%,101,3025,3126,294,86,15,2731
0x427b45,91.6456%,99,1086,1185,1,93,6,1085
0x44a9d7,91.1416%,97,998,1095,489,37,60,509
0x43c33f,70.3704%,96,228,324,97,53,43,131
0x428da3,92.7702%,95,1219,1314,1158,16,79,61
0x463650,74.1477%,91,261,352,256,12,79,5
0x45ddc3,92.0914%,90,1048,1138,517,48,42,531
0x45d759,98.3195%,89,5207,5296,5206,4,85,1
0x401a1b,95.5079%,88,1871,1959,1553,17,71,318
0x42869e,93.6093%,88,1289,1377,1,80,8,1288
0x413bcc,93.4475%,88,1255,1343,6,74,14,1249
0x413c34,93.522%,87,1256,1343,0,81,6,1256
0x43a589,92.0183%,87,1003,1090,1003,5,82,0
0x429fec,97.9502%,84,4014,4098,58,65,19,3956
0x413b39,93.8971%,83,1277,1360,0,81,2,1277
0x41511d,94.4444%,80,1360,1440,6,75,5,1354
0x45fc3a,96.7446%,78,2318,2396,1958,19,59,360
0x45fdaf,87.0085%,76,509,585,3,71,5,506
0x41e724,53.9394%,76,89,165,74,27,49,15
0x434ec0,86.7257%,75,490,565,488,7,68,2
0x463b98,77.7108%,74,258,332,247,18,56,11
0x45effd,92.7022%,74,940,1014,211,59,15,729
0x42a00a,98.1384%,74,3901,3975,26,58,16,3875
0x4278b5,53.2051%,73,83,156,31,43,30,52
0x42a547,95.2659%,73,1469,1542,1386,17,56,83
0x401cc6,98.8753%,70,6154,6224,5828,7,63,326
0x460d6e,92.1788%,70,825,895,15,66,4,810
0x45f2f8,94.6759%,69,1227,1296,1207,8,61,20
0x429de5,99.3294%,69,10221,10290,0,64,5,10221
0x4634f2,90.9934%,68,687,755,669,5,63,18
0x446034,99.212%,67,8436,8503,7386,22,45,1050
0x463ae2,96.3667%,65,1724,1789,1724,11,54,0
0x429e92,99.3878%,63,10227,10290,6,57,6,10221
0x4456a4,99.8012%,59,29626,29685,0,59,0,29626
0x41560a,95.9722%,58,1382,1440,775,39,19,607
0x4286e2,95.3809%,57,1177,1234,41,44,13,1136
0x429f3a,99.6508%,55,15697,15752,11790,24,31,3907
0x41e79e,67.6647%,54,113,167,41,31,23,72
0x45fbcf,82.8383%,52,251,303,104,24,28,147
0x45dc75,91.7073%,51,564,615,0,42,9,564
0x45d940,96.6353%,50,1436,1486,1397,6,44,39
0x427bb5,79.7571%,50,197,247,68,31,19,129
0x4152f6,94.2529%,50,820,870,150,35,15,670
0x45fb71,86.5385%,49,315,364,200,20,29,115
0x45f96d,95.6164%,48,1047,1095,37,44,4,1010
0x4456af,99.838%,48,29578,29626,0,42,6,29578
0x44187c,98.7209%,44,3396,3440,0,43,1,3396
0x45dc08,93.3744%,43,606,649,0,34,9,606
0x45fc21,84.7826%,42,234,276,85,30,12,149
0x427bf2,97.8364%,41,1854,1895,1,35,6,1853
0x428ee6,96.5077%,41,1133,1174,27,34,7,1106
0x4451ae,98.4831%,40,2597,2637,103,40,0,2494
0x45f095,94.6237%,40,704,744,530,13,27,174
0x45fb19,90.7621%,40,393,433,112,27,13,281
0x4286a9,96.9907%,39,1257,1296,30,32,7,1227
0x463bb5,60.2041%,39,59,98,6,25,14,53
0x429fc7,99.0589%,39,4105,4144,18,28,11,4087
0x429d4f,99.7212%,38,13592,13630,10215,8,30,3377
0x445944,97.5084%,37,1448,1485,1448,4,33,0
0x42799e,99.0993%,37,4071,4108,0,35,2,4071
0x45dd9f,95.4955%,35,742,777,0,33,2,742
0x404f3c,99.9901%,35,353837,353872,353594,6,29,243
0x445f60,99.5884%,35,8468,8503,7405,3,32,1063
0x428fc0,96.9452%,34,1079,1113,581,13,21,498
0x45fdba,93.3464%,34,477,511,476,2,32,1
0x4298e5,98.3%,34,1966,2000,1745,5,29,221
0x4442bf,98.7481%,33,2603,2636,0,33,0,2603
0x463605,59.2593%,33,48,81,45,14,19,3
0x463263,96.3128%,33,862,895,53,28,5,809
0x4bdafe,98.3792%,33,2003,2036,2002,2,31,1
0x415337,97.7778%,32,1408,1440,485,26,6,923
0x429d35,99.9099%,31,34392,34423,25813,5,26,8579
0x42a3ee,96.1916%,31,783,814,733,5,26,50
0x41e741,64.7727%,31,57,88,1,23,8,56
0x46e5bd,97.8472%,31,1409,1440,669,30,1,740
0x429856,98.6007%,30,2114,2144,1863,13,17,251
0x427bda,98.4568%,30,1914,1944,0,22,8,1914
0x428b7f,96.2547%,30,771,801,326,21,9,445
0x42a551,77.2727%,30,102,132,77,18,12,25
0x45ff50,95.8735%,30,697,727,361,21,9,336
0x427be6,98.4912%,29,1893,1922,0,27,2,1893
0x42a500,98.1193%,29,1513,1542,1444,11,18,69
0x46e354,98.0556%,28,1412,1440,877,18,10,535
0x429ad3,99.9379%,27,43461,43488,32612,4,23,10849
0x463428,92.9688%,27,357,384,118,22,5,239
0x463692,92.3295%,27,325,352,325,5,22,0
0x463450,96.5563%,26,729,755,662,12,14,67
0x45d6d2,98.2503%,26,1460,1486,144,18,8,1316
0x40d054,99.9707%,26,88614,88640,83091,9,17,5523
0x4638e2,70.4545%,26,62,88,62,15,11,0
0x40e51e,99.9405%,25,42023,42048,39409,11,14,2614
0x43a554,99.4077%,25,4196,4221,3113,13,12,1083
0x42947c,98.2066%,25,1369,1394,1369,8,17,0
0x4c9657,99.9186%,25,30704,30729,1270,19,6,29434
0x45edad,99.8459%,25,16199,16224,12161,7,18,4038
0x416dd4,81.6176%,25,111,136,79,6,19,32
0x4613df,69.1358%,25,56,81,29,13,12,27
0x460bec,98.3333%,24,1416,1440,1415,7,17,1
0x4c9772,99.1649%,24,2850,2874,1736,7,17,1114
0x45d8b4,96.2963%,24,624,648,478,8,16,146
0x41e601,99.1789%,23,2778,2801,2778,8,15,0
0x45fcb0,97.2534%,22,779,801,776,7,15,3
0x45f2d2,77.551%,22,76,98,13,20,2,63
0x4c9717,98.2933%,22,1267,1289,111,11,11,1156
0x41b2f6,99.8423%,22,13930,13952,10450,14,8,3480
0x414319,98.5417%,21,1419,1440,1339,4,17,80
0x42980d,99.0201%,21,2122,2143,1,16,5,2121
0x45f88c,98.0822%,21,1074,1095,1009,5,16,65
0x4292a1,97.375%,21,779,800,341,13,8,438
0x42bc4f,97.9532%,21,1005,1026,1005,7,14,0
0x4298b4,98.9468%,21,1973,1994,0,17,4,1973
0x403b2e,99.8778%,20,16348,16368,14319,3,17,2029
0x4540cd,98.6111%,20,1420,1440,1420,2,18,0
0x403b0e,99.9847%,20,130924,130944,114572,4,16,16352
0x44578a,96.9278%,20,631,651,25,19,1,606
0x4638a7,78.4091%,19,69,88,64,9,10,5
0x4288a2,87.4126%,18,125,143,0,18,0,125
0x463845,96.319%,18,471,489,471,7,11,0
0x413bf3,98.6765%,18,1342,1360,0,17,1,1342
0x4449b0,99.6586%,18,5254,5272,48,18,0,5206
0x405f19,99.9848%,18,118782,118800,117311,4,14,1471
0x461406,53.8462%,18,21,39,14,6,12,7
0x42a556,51.3514%,18,19,37,17,5,13,2
0x4056c0,93.3824%,18,254,272,254,1,17,0
0x4c9694,99.9443%,17,30520,30537,26206,11,6,4314
0x45d7c0,99.679%,17,5279,5296,3967,5,12,1312
0x405189,99.9614%,17,44047,44064,43787,5,12,260
0x43fddf,50%,16,16,32,8,13,3,8
0x45d437,97.7273%,16,688,704,342,10,6,346
0x4457d9,97.5422%,16,635,651,44,15,1,591
0x463d02,80.2469%,16,65,81,1,16,0,64
0x45f302,80.2469%,16,65,81,10,12,4,55
0x40e6a0,99.9619%,16,42032,42048,39415,5,11,2617
0x45fdfd,51.5152%,16,17,33,14,15,1,3
0x4457f0,97.2973%,16,576,592,19,13,3,557
0x42a378,98.0344%,16,798,814,747,4,12,51
0x411b3f,99.8354%,16,9704,9720,8499,6,10,1205
0x40f74f,99.7503%,16,6392,6408,5600,7,9,792
0x427923,83.1461%,15,74,89,4,12,3,70
0x427a33,99.635%,15,4095,4110,111,14,1,3984
0x40e59c,99.9643%,15,42033,42048,39415,5,10,2618
0x42bbee,98.6301%,15,1080,1095,0,11,4,1080
0x41e61f,99.4616%,15,2771,2786,2771,3,12,0
0x4bda62,98.6213%,15,1073,1088,532,12,3,541
0x45db5e,98.9906%,15,1471,1486,733,10,5,738
0x407ee5,99.8308%,14,8258,8272,7233,5,9,1025
0x41e86a,99.0789%,14,1506,1520,1506,4,10,0
0x4278fd,91.8129%,14,157,171,81,7,7,76
0x40e61c,99.9667%,14,42034,42048,39417,3,11,2617
0x434ef4,99.0278%,14,1426,1440,1083,12,2,343
0x4c9748,99.5189%,14,2896,2910,23,13,1,2873
0x43ff40,38.0952%,13,8,21,6,7,6,2
0x44549a,60.6061%,13,20,33,7,13,0,13
0x433305,99.0972%,13,1427,1440,6,12,1,1421
0x445890,98.0031%,13,638,651,46,13,0,592
0x41a64f,92.4419%,13,159,172,159,4,9,0
0x405608,99.941%,13,22019,22032,21754,6,7,265
0x42a54c,90.6475%,13,126,139,0,7,6,126
0x429823,99.3885%,13,2113,2126,2,10,3,2111
0x40a62b,99.0661%,13,1379,1392,1215,3,10,164
0x4153b8,99.0972%,13,1427,1440,1353,6,7,74
0x4287a2,98.9465%,13,1221,1234,73,12,1,1148
0x414288,99.1667%,12,1428,1440,1340,3,9,88
0x439311,98.9041%,12,1083,1095,74,7,5,1009
0x44594f,63.6364%,12,21,33,3,10,2,18
0x428fa4,98.9779%,12,1162,1174,49,12,0,1113
0x45d136,98.9041%,12,1083,1095,73,8,4,1010
0x42a3fd,83.7838%,12,62,74,2,9,3,60
0x45d94f,86.747%,11,72,83,67,5,6,5
0x46e18e,99.2366%,11,1430,1441,1418,4,7,12
0x42bc2c,98.9279%,11,1015,1026,0,10,1,1015
0x45d85d,98.3025%,11,637,648,637,1,10,0
0x41434f,99.2361%,11,1429,1440,1417,5,6,12
0x4155d4,99.2361%,11,1429,1440,1357,2,9,72
0x45f76e,87.3418%,10,69,79,55,2,8,14
0x42797e,99.7574%,10,4112,4122,0,10,0,4112
0x428d41,99.2826%,10,1384,1394,78,2,8,1306
0x4186af,95.098%,10,194,204,146,7,3,48
0x427938,94.152%,10,161,171,1,9,1,160
0x413d32,99.3056%,10,1430,1440,1418,4,6,12
0x428670,99.3548%,9,1386,1395,13,5,4,1373
0x46e638,99.375%,9,1431,1440,1357,2,7,74
0x445fa8,99.7473%,9,3552,3561,0,9,0,3552
0x4c9788,99.2288%,9,1158,1167,1093,4,5,65
0x416f4b,43.75%,9,7,16,6,7,2,1
0x4287be,99.2167%,9,1140,1149,595,4,5,545
0x46351d,88.8889%,9,72,81,0,2,7,72
0x4278d0,94.4444%,9,153,162,81,9,0,72
0x427916,90.9091%,9,90,99,1,9,0,89
0x41447d,99.375%,9,1431,1440,1418,4,5,13
0x463467,90.1235%,8,73,81,73,6,2,0
0x44584d,98.752%,8,633,641,546,7,1,87
0x4c965c,99.9738%,8,30529,30537,26213,4,4,4316
0x45da77,98.4556%,8,510,518,40,2,6,470
0x42bc0d,99.2694%,8,1087,1095,68,1,7,1019
0x460c0c,99.4444%,8,1432,1440,1352,8,0,80
0x44583d,98.7711%,8,643,651,4,6,2,639
0x444970,99.8483%,8,5264,5272,56,8,0,5208
0x4442c3,99.6927%,8,2595,2603,71,8,0,2524
0x46e61d,99.4113%,8,1351,1359,868,2,6,483
0x42989e,99.6%,8,1992,2000,2,4,4,1990
0x41e834,95.2096%,8,159,167,0,2,6,159
0x416bc5,84.3137%,8,43,51,29,5,3,14
0x429b06,99.7057%,8,2710,2718,1352,7,1,1358
0x42bd4a,99.3607%,7,1088,1095,8,7,0,1080
0x46e594,99.4849%,7,1352,1359,808,6,1,544
0x415179,99.5139%,7,1433,1440,75,6,1,1358
0x40fd91,99.9987%,7,553593,553600,415195,5,2,138398
0x428dcb,95%,7,133,140,0,6,1,133
0x42a60d,99.5139%,7,1433,1440,12,6,1,1421
0x46124d,92.5926%,6,75,81,75,6,0,0
0x4c9683,99.9804%,6,30531,30537,27652,3,3,2879
0x418c49,88.2353%,6,45,51,32,2,4,13
0x46e567,99.5833%,6,1434,1440,1354,5,1,80
0x402a19,99.992%,6,75404,75410,1052,4,2,74352
0x45d962,45.4545%,6,5,11,4,2,4,1
0x44af3d,99.9196%,6,7456,7462,1089,6,0,6367
0x46e326,99.5833%,6,1434,1440,0,1,5,1434
0x445907,99.9973%,6,219182,219188,109590,4,2,109592
0x41e6cc,98.8119%,6,499,505,499,2,4,0
0x41e6ae,98.8166%,6,501,507,501,4,2,0
0x4c96aa,99.9804%,6,30531,30537,2874,6,0,27657
0x4458aa,98.9865%,6,586,592,545,5,1,41
0x4278a4,96.2963%,6,156,162,0,6,0,156
0x4152e9,99.5833%,6,1434,1440,75,6,0,1359
0x413a95,99.6484%,5,1417,1422,75,5,0,1342
0x414b4c,99.6416%,5,1390,1395,79,1,4,1311
0x46e619,99.6528%,5,1435,1440,77,4,1,1358
0x4142bf,99.6528%,5,1435,1440,1355,5,0,80
0x416e2a,90.1961%,5,46,51,43,5,0,3
0x43c357,98.4568%,5,319,324,240,3,2,79
0x45feb7,84.8485%,5,28,33,28,2,3,0
0x4288ff,96.5035%,5,138,143,13,5,0,125
0x441886,99.8528%,5,3392,3397,39,4,1,3353
0x4024e3,99.8408%,5,3135,3140,1566,4,1,1569
0x441869,99.8611%,5,3595,3600,75,5,0,3520
0x44a96e,99.933%,5,7457,7462,1090,5,0,6367
0x413a4a,99.6528%,5,1435,1440,14,4,1,1421
0x42a569,42.8571%,4,3,7,0,1,3,3
0x43fee7,80%,4,16,20,6,2,2,10
0x413b8c,99.7059%,4,1356,1360,14,3,1,1342
0x402a92,99.9995%,4,828700,828704,623688,0,4,205012
0x471d7e,78.9474%,4,15,19,0,1,3,15
0x413aed,99.7222%,4,1436,1440,78,2,2,1358
0x41a4f8,60%,4,6,10,3,3,1,3
0x412306,99.6055%,4,1010,1014,1010,4,0,0
0x45fe5b,87.8788%,4,29,33,29,2,2,0
0x43fe46,63.6364%,4,7,11,0,4,0,7
0x43eb32,87.0968%,4,27,31,0,0,4,27
0x41e7f5,95.7895%,4,91,95,91,3,1,0
0x418726,92.1569%,4,47,51,44,4,0,3
0x42798e,99.9027%,4,4108,4112,0,4,0,4108
0x439932,99.7222%,4,1436,1440,341,4,0,1095
0x413ca0,99.7222%,4,1436,1440,1356,4,0,80
0x45ff10,87.8788%,4,29,33,29,2,2,0
0x42a4b8,63.6364%,4,7,11,2,4,0,5
0x440825,91.8919%,3,34,37,34,2,1,0
0x416e33,0%,3,0,3,0,0,3,0
0x445ed6,99.726%,3,1092,1095,0,0,3,1092
0x46a131,40%,3,2,5,0,3,0,2
0x44665e,99.6139%,3,774,777,0,2,1,774
0x427b86,96.9697%,3,96,99,0,1,2,96
0x44b48a,99.9529%,3,6364,6367,1092,3,0,5272
0x44ac8b,99.9598%,3,7459,7462,6366,1,2,1093
0x444b9c,99.8474%,3,1963,1966,1864,3,0,99
0x4bda5c,99.7321%,3,1117,1120,31,1,2,1086
0x4335dc,99.7917%,3,1437,1440,4,1,2,1433
0x4417f4,99.9177%,3,3642,3645,42,3,0,3600
0x415042,99.7917%,3,1437,1440,1437,3,0,0
0x41e7d0,96.8421%,3,92,95,92,3,0,0
0x41e524,75%,3,9,12,9,2,1,0
0x4338b2,99.7917%,3,1437,1440,1437,3,0,0
0x414b92,99.7917%,3,1437,1440,79,2,1,1358
0x414840,99.9306%,3,4317,4320,1439,1,2,2878
0x42a618,99.789%,3,1419,1422,78,1,2,1341
0x441406,50%,2,2,4,2,1,1,0
0x4189a1,96.0784%,2,49,51,49,2,0,0
0x4029b1,99.9973%,2,75408,75410,75408,2,0,0
0x43350d,99.8611%,2,1438,1440,1438,2,0,0
0x43ee15,99.9242%,2,2635,2637,2603,1,1,32
0x4028ea,99.9993%,2,279368,279370,203960,0,2,75408
0x4412b3,50%,2,2,4,0,1,1,2
0x440e30,50%,2,2,4,2,1,1,0
0x445a80,99.9444%,2,3598,3600,3598,1,1,0
0x43a56f,99.8174%,2,1093,1095,4,1,1,1089
0x41789d,96.0784%,2,49,51,49,2,0,0
0x440cb9,50%,2,2,4,2,2,0,0
0x45ec68,99.9877%,2,16222,16224,16222,2,0,0
0x44aff2,99.9686%,2,6365,6367,1093,2,0,5272
0x4330ba,99.8611%,2,1438,1440,1438,2,0,0
0x4024ef,99.8726%,2,1568,1570,1568,2,0,0
0x44013f,99.9444%,2,3598,3600,3598,1,1,0
0x42a3f3,97.3684%,2,74,76,0,2,0,74
0x45f715,97.5309%,2,79,81,0,2,0,79
0x4297f8,99.9067%,2,2142,2144,0,1,1,2142
0x46a0e5,33.3333%,2,1,3,1,1,1,0
0x4443f7,99.9241%,2,2634,2636,2572,0,2,62
0x41513f,99.8611%,2,1438,1440,1438,2,0,0
0x438cf2,99.8174%,2,1093,1095,1093,2,0,0
0x46e0fb,99.8612%,2,1439,1441,1439,2,0,0
0x46e50a,99.8611%,2,1438,1440,1438,2,0,0
0x41e4c3,92.8571%,2,26,28,26,1,1,0
0x42784f,98.7654%,2,160,162,0,0,2,160
0x4401c4,95.122%,2,39,41,39,1,1,0
0x4c966c,99.9935%,2,30535,30537,30535,2,0,0
0x44b6e0,99.9686%,2,6365,6367,1093,2,0,5272
0x4392f5,99.8174%,2,1093,1095,1093,2,0,0
0x4418cb,95.5556%,2,43,45,43,1,1,0
0x441875,99.9432%,2,3518,3520,79,1,1,3439
0x414441,99.8611%,2,1438,1440,1358,2,0,80
0x472707,33.3333%,2,1,3,1,1,1,0
0x40354c,99.9878%,2,16366,16368,16366,2,0,0
0x4278f2,98.8372%,2,170,172,0,1,1,170
0x44128f,50%,2,2,4,2,2,0,0
0x45fd13,99.7503%,2,799,801,799,2,0,0
0x45f9e1,99.7884%,2,943,945,943,2,0,0
0x45f104,97.5309%,2,79,81,79,2,0,0
0x472670,50%,2,2,4,2,1,1,0
0x4146e5,99.9537%,2,4318,4320,4318,2,0,0
0x43511e,99.8174%,2,1093,1095,1093,2,0,0
0x45d35d,98.4733%,2,129,131,0,0,2,129
0x4147da,99.9537%,2,4318,4320,4318,2,0,0
0x45f357,97.5309%,2,79,81,79,2,0,0
0x43ee92,96.875%,1,31,32,31,1,0,0
0x484cb8,0%,1,0,1,0,1,0,0
0x440dfb,0%,1,0,1,0,1,0,0
0x440e38,0%,1,0,1,0,1,0,0
0x46c192,0%,1,0,1,0,1,0,0
0x43a3c1,99.9087%,1,1094,1095,1094,1,0,0
0x415183,99.9264%,1,1358,1359,1358,1,0,0
0x414f5f,99.9306%,1,1439,1440,1439,1,0,0
0x453117,0%,1,0,1,0,1,0,0
0x46b72f,0%,1,0,1,0,1,0,0
0x44485c,99.9621%,1,2635,2636,2635,0,1,0
0x4540d7,94.4444%,1,17,18,17,1,0,0
0x484a59,0%,1,0,1,0,1,0,0
0x404c03,99.9891%,1,9178,9179,0,0,1,9178
0x46a5d5,0%,1,0,1,0,1,0,0
0x4351d1,99.9087%,1,1094,1095,1094,1,0,0
0x46ce18,0%,1,0,1,0,1,0,0
0x441702,0%,1,0,1,0,1,0,0
0x46dcef,0%,1,0,1,0,1,0,0
0x46b086,0%,1,0,1,0,1,0,0
0x426fae,98.7342%,1,78,79,78,1,0,0
0x45ecc0,99.9938%,1,16223,16224,16223,1,0,0
0x4338ce,99.9306%,1,1439,1440,1439,1,0,0
0x413871,0%,1,0,1,0,1,0,0
0x45e6f3,99.9014%,1,1013,1014,1013,1,0,0
0x43ee2a,96.9697%,1,32,33,32,0,1,0
0x4574e9,0%,1,0,1,0,1,0,0
0x46ded6,0%,1,0,1,0,1,0,0
0x412950,99.9014%,1,1013,1014,1013,1,0,0
0x45d4f6,99.9327%,1,1485,1486,1485,1,0,0
0x4459a9,0%,1,0,1,0,1,0,0
0x46a208,0%,1,0,1,0,1,0,0
0x46e20a,99.9306%,1,1439,1440,1439,1,0,0
0x433335,94.4444%,1,17,18,17,1,0,0
0x46d300,0%,1,0,1,0,1,0,0
0x414520,99.9306%,1,1439,1440,1439,1,0,0
0x453be6,0%,1,0,1,0,1,0,0
0x46a2f6,0%,1,0,1,0,1,0,0
0x453496,0%,1,0,1,0,1,0,0
0x441326,0%,1,0,1,0,1,0,0
0x413f33,99.9306%,1,1439,1440,1439,1,0,0
0x43999b,99.9306%,1,1439,1440,1439,1,0,0
0x42a411,50%,1,1,2,1,1,0,0
0x46d5df,0%,1,0,1,0,1,0,0
0x41e00e,0%,1,0,1,0,1,0,0
0x46c8ea,0%,1,0,1,0,1,0,0
0x46de6c,0%,1,0,1,0,1,0,0
0x43a563,99.9087%,1,1094,1095,1094,1,0,0
0x46dd46,0%,1,0,1,0,1,0,0
0x46c01d,0%,1,0,1,0,1,0,0
0x46e8f0,99.9306%,1,1439,1440,1439,1,0,0
0x438d8c,99.9087%,1,1094,1095,1094,1,0,0
0x46d8b7,0%,1,0,1,0,1,0,0
0x46d883,0%,1,0,1,0,1,0,0
0x46d808,0%,1,0,1,0,1,0,0
0x43950f,99.9306%,1,1439,1440,1439,1,0,0
0x4331e9,99.9306%,1,1439,1440,1439,1,0,0
0x46d49b,0%,1,0,1,0,1,0,0
0x46d46d,0%,1,0,1,0,1,0,0
0x46d3e3,0%,1,0,1,0,1,0,0
0x46d2ac,0%,1,0,1,0,1,0,0
0x41378b,0%,1,0,1,0,0,1,0
0x46cd90,0%,1,0,1,0,1,0,0
0x46cd43,0%,1,0,1,0,1,0,0
0x46ca9d,0%,1,0,1,0,1,0,0
0x46ca69,0%,1,0,1,0,1,0,0
0x46a13e,0%,1,0,1,0,1,0,0
0x42bb4d,99.9087%,1,1094,1095,1094,1,0,0
0x46c9e0,0%,1,0,1,0,1,0,0
0x45e38a,98.7654%,1,80,81,80,1,0,0
0x46c55e,0%,1,0,1,0,1,0,0
0x46dc56,0%,1,0,1,0,1,0,0
0x4335ac,99.9306%,1,1439,1440,1439,1,0,0
0x484a67,0%,1,0,1,0,1,0,0
0x46d5b2,0%,1,0,1,0,1,0,0
0x4336e3,99.9306%,1,1439,1440,1439,1,0,0
0x4332aa,99.9306%,1,1439,1440,1439,1,0,0
0x42bb8c,99.9087%,1,1094,1095,1094,1,0,0
0x46c0a9,0%,1,0,1,0,1,0,0
0x427b65,99.8081%,1,520,521,520,1,0,0
0x41474d,99.9769%,1,4319,4320,4319,1,0,0
0x4330da,99.9306%,1,1439,1440,1439,1,0,0
0x428e26,99.2857%,1,139,140,5,1,0,134
0x46dbcf,0%,1,0,1,0,1,0,0
0x46cf5c,0%,1,0,1,0,1,0,0
0x46e6b0,99.8771%,1,813,814,813,1,0,0
0x46c521,0%,1,0,1,0,1,0,0
0x46b547,0%,1,0,1,0,1,0,0
0x414936,99.9306%,1,1439,1440,1439,1,0,0
0x440d47,75%,1,3,4,3,1,0,0
0x456c45,0%,1,0,1,0,1,0,0
0x4353b9,99.9087%,1,1094,1095,1094,1,0,0
0x43ff7f,75%,1,3,4,3,1,0,0
0x45f992,99.5%,1,199,200,0,0,1,199
0x433699,99.9306%,1,1439,1440,1439,1,0,0
0x43a3f6,99.9087%,1,1094,1095,1094,1,0,0
0x413ed8,99.9306%,1,1439,1440,1439,1,0,0
0x46a509,0%,1,0,1,0,1,0,0
0x452ea5,0%,1,0,1,0,1,0,0
0x43a4cb,99.9763%,1,4220,4221,4220,1,0,0
0x441201,0%,1,0,1,0,1,0,0
0x440235,0%,1,0,1,0,1,0,0
0x456bcb,0%,1,0,1,0,1,0,0
0x41e8b6,90%,1,9,10,9,1,0,0
0x453031,0%,1,0,1,0,1,0,0
0x46bfde,0%,1,0,1,0,1,0,0
0x43a59e,98.8506%,1,86,87,86,1,0,0
0x47ca59,0%,1,0,1,0,1,0,0
0x41237a,99.9014%,1,1013,1014,1013,1,0,0
0x43365e,99.9306%,1,1439,1440,1439,1,0,0
0x44a97c,99.9843%,1,6366,6367,5272,0,1,1094
0x4412ed,66.6667%,1,2,3,2,1,0,0
0x46b8a2,0%,1,0,1,0,1,0,0
0x415504,99.9264%,1,1358,1359,1358,1,0,0
0x414fca,99.9306%,1,1439,1440,1439,1,0,0
0x415622,99.8403%,1,625,626,625,1,0,0
0x439940,99.9087%,1,1094,1095,1094,1,0,0
0x472137,94.1176%,1,16,17,16,1,0,0
0x46c77e,0%,1,0,1,0,1,0,0
0x4418a6,99.5935%,1,245,246,245,1,0,0
0x43fde4,91.6667%,1,11,12,0,1,0,11
0x46ddde,0%,1,0,1,0,1,0,0
0x43fff1,91.6667%,1,11,12,11,1,0,0
0x414120,99.9306%,1,1439,1440,1439,1,0,0
0x445bfb,99.9843%,1,6366,6367,1094,1,0,5272
0x46db77,0%,1,0,1,0,1,0,0
0x43df78,0%,1,0,1,0,1,0,0
0x404bd7,99.9653%,1,2879,2880,2879,1,0,0
0x4186c5,98.0392%,1,50,51,50,1,0,0
0x45e56c,99.9014%,1,1013,1014,1013,1,0,0
0x4c96da,99.9224%,1,1288,1289,1288,1,0,0
0x45e0c4,99.9306%,1,1439,1440,1439,1,0,0
0x46c461,0%,1,0,1,0,1,0,0
0x46c37f,0%,1,0,1,0,1,0,0
0x46d38e,0%,1,0,1,0,1,0,0
0x46c2f0,0%,1,0,1,0,1,0,0
0x46c29c,0%,1,0,1,0,1,0,0
0x46c162,0%,1,0,1,0,1,0,0
0x46c046,0%,1,0,1,0,1,0,0
0x413797,0%,1,0,1,0,1,0,0
0x43e024,0%,1,0,1,0,1,0,0
0x413702,0%,1,0,1,0,0,1,0
0x4135e9,0%,1,0,1,0,1,0,0
0x439471,99.9306%,1,1439,1440,1439,1,0,0
0x439437,99.9087%,1,1094,1095,1094,1,0,0
0x427c25,99.9813%,1,5341,5342,5341,1,0,0
0x471cc2,0%,1,0,1,0,1,0,0
0x45e15c,99.9306%,1,1439,1440,1439,1,0,0
0x471ae3,0%,1,0,1,0,1,0,0
0x46b639,0%,1,0,1,0,1,0,0
0x46b404,0%,1,0,1,0,1,0,0
0x46b2de,0%,1,0,1,0,1,0,0
0x45fedc,66.6667%,1,2,3,0,0,1,2
0x453fce,0%,1,0,1,0,1,0,0
0x453e7b,0%,1,0,1,0,1,0,0
0x433199,99.9306%,1,1439,1440,1439,1,0,0
0x401f3b,99.9363%,1,1569,1570,1569,1,0,0
0x439320,99.9014%,1,1013,1014,1013,1,0,0
0x452d04,0%,1,0,1,0,1,0,0
0x485955,50%,1,1,2,1,1,0,0
0x46a6de,0%,1,0,1,0,1,0,0
0x469e8f,0%,1,0,1,0,1,0,0
0x469ea3,0%,1,0,1,0,1,0,0
0x469ed1,0%,1,0,1,0,1,0,0
0x46b7ca,0%,1,0,1,0,1,0,0
0x428094,94.4444%,1,17,18,17,1,0,0
0x46a116,83.3333%,1,5,6,0,1,0,5
0x471b1a,0%,1,0,1,0,1,0,0
0x47ca10,0%,1,0,1,0,1,0,0
0x46a25f,0%,1,0,1,0,1,0,0
0x46aa8b,0%,1,0,1,0,1,0,0
0x452a21,0%,1,0,1,0,1,0,0
0x46cf1f,0%,1,0,1,0,1,0,0
0x43fdc9,96.9697%,1,32,33,0,1,0,32
0x46b309,0%,1,0,1,0,1,0,0
0x4352fb,99.9087%,1,1094,1095,1094,1,0,0
0x4414d9,0%,1,0,1,0,1,0,0
0x440d61,75%,1,3,4,3,1,0,0
0x46a92c,0%,1,0,1,0,1,0,0
0x4574dc,0%,1,0,1,0,1,0,0
0x441594,0%,1,0,1,0,1,0,0
0x453988,0%,1,0,1,0,1,0,0
0x470024,0%,1,0,1,0,1,0,0
0x4846f2,0%,1,0,1,0,1,0,0
0x453aef,0%,1,0,1,0,1,0,0
0x453b7e,0%,1,0,1,0,1,0,0
0x484a75,0%,1,0,1,0,1,0,0
0x441338,0%,1,0,1,0,1,0,0
0x47268b,0%,1,0,1,0,1,0,0
0x472025,94.1176%,1,16,17,16,1,0,0
0x427bc5,99.3243%,1,147,148,147,1,0,0
0x4151b0,99.9306%,1,1439,1440,1439,1,0,0
0x445959,95%,1,19,20,19,1,0,0
0x4482b3,99.982%,1,5545,5546,4913,0,1,632
0x452f9d,0%,1,0,1,0,1,0,0
0x46c3d3,0%,1,0,1,0,1,0,0
0x453e42,0%,1,0,1,0,1,0,0
0x45299e,0%,1,0,1,0,1,0,0
0x440dc6,75%,1,3,4,0,1,0,3
0x453cc2,0%,1,0,1,0,1,0,0
0x453d11,0%,1,0,1,0,1,0,0
0x484e28,0%,1,0,1,0,1,0,0
0x4bdb0a,99.8162%,1,543,544,543,1,0,0
0x44aeed,99.9866%,1,7461,7462,7461,1,0,0
0x46cc9f,0%,1,0,1,0,1,0,0
0x440d94,75%,1,3,4,3,1,0,0
0x440ff2,0%,1,0,1,0,1,0,0
0x43df39,0%,1,0,1,0,1,0,0
0x41498d,99.9769%,1,4319,4320,4319,1,0,0
0x429965,99.9908%,1,10871,10872,10871,1,0,0
0x46b80b,0%,1,0,1,0,1,0,0
0x4412db,66.6667%,1,2,3,2,1,0,0
0x452aa2,0%,1,0,1,0,1,0,0
0x471fdc,94.1176%,1,16,17,16,1,0,0
0x429497,94.1176%,1,16,17,16,1,0,0
0x41696d,94.1176%,1,16,17,16,1,0,0
0x416b22,98.0392%,1,50,51,50,1,0,0
0x416b38,98.0392%,1,50,51,50,1,0,0
0x416de1,98.0392%,1,50,51,50,1,0,0
0x416f5a,66.6667%,1,2,3,2,1,0,0
0x416fa3,98.0392%,1,50,51,50,1,0,0
0x405f53,94.1176%,1,16,17,16,1,0,0
0x404f97,99.6324%,1,271,272,271,1,0,0
0x405247,99.6324%,1,271,272,271,1,0,0
0x405631,99.6324%,1,271,272,271,1,0,0
0x40602a,94.1176%,1,16,17,16,1,0,0
0x417182,94.1176%,1,16,17,16,1,0,0
0x46e651,98.7654%,1,80,81,80,1,0,0
0x472006,94.1176%,1,16,17,0,0,1,16
0x43c29d,99.6914%,1,323,324,323,1,0,0
0x45f852,50%,1,1,2,1,1,0,0
0x43c12f,98.7654%,1,80,81,80,1,0,0
0x43c173,98.7654%,1,80,81,80,1,0,0
0x45f23e,99.9228%,1,1295,1296,1295,1,0,0
0x41e898,90%,1,9,10,9,1,0,0
0x460f54,98.7654%,1,80,81,80,1,0,0
0x415406,98.7654%,1,80,81,80,1,0,0
0x414b58,99.924%,1,1314,1315,1314,1,0,0
0x42a56f,83.3333%,1,5,6,5,1,0,0
0x41e813,0%,1,0,1,0,0,1,0
0x461d12,99.8771%,1,813,814,813,1,0,0
0x485a0c,50%,1,1,2,1,1,0,0
0x485ac9,50%,1,1,2,1,1,0,0
0x414ba9,99.9264%,1,1358,1359,1358,1,0,0
0x46e880,99.9306%,1,1439,1440,1358,1,0,81
0x4633b5,99.8883%,1,894,895,894,1,0,0
0x46e954,99.9306%,1,1439,1440,1439,1,0,0
0x4335e5,99.9303%,1,1434,1435,1434,1,0,0
0x401baf,99.9839%,1,6223,6224,6223,1,0,0
0x463c80,98.7654%,1,80,81,80,1,0,0
0x46e398,99.8883%,1,894,895,0,0,1,894
0x460c9c,99.8883%,1,894,895,894,1,0,0
0x460cf9,99.8883%,1,894,895,894,1,0,0
0x428eb1,99.9148%,1,1173,1174,1173,1,0,0
0x42a3ab,99.8771%,1,813,814,813,1,0,0
0x401cd1,99.7429%,1,388,389,388,1,0,0
0x463553,99.8516%,1,673,674,673,1,0,0
0x414b10,99.9283%,1,1394,1395,17,1,0,1377
0x463977,99.9623%,1,2654,2655,2654,1,0,0
0x41567a,99.8771%,1,813,814,813,1,0,0
0x46e024,99.8771%,1,813,814,813,1,0,0
0x45d2cc,99.8175%,1,547,548,547,1,0,0
0x463c6f,98.7654%,1,80,81,80,1,0,0
0x45e3ed,99.7101%,1,344,345,344,1,0,0
0x461284,98.7654%,1,80,81,80,1,0,0
0x414b1f,99.9274%,1,1376,1377,1376,1,0,0
0x484b74,0%,1,0,1,0,1,0,0
0x46c611,0%,1,0,1,0,1,0,0
0x46a1d6,0%,1,0,1,0,1,0,0
0x46c087,0%,1,0,1,0,1,0,0
0x404bce,99.9826%,1,5759,5760,2879,1,0,2880
0x46ced1,0%,1,0,1,0,1,0,0
0x46c73e,0%,1,0,1,0,1,0,0
0x453e56,0%,1,0,1,0,1,0,0
0x471bd1,0%,1,0,1,0,1,0,0
0x46c4b5,0%,1,0,1,0,1,0,0
0x40519a,99.6324%,1,271,272,271,1,0,0
0x44492c,99.981%,1,5271,5272,0,0,1,5271
0x469d08,0%,1,0,1,0,1,0,0
0x43eb3c,96.7742%,1,30,31,30,1,0,0
0x471d48,94.7368%,1,18,19,18,1,0,0
0x46a30f,0%,1,0,1,0,1,0,0
0x46fff4,0%,1,0,1,0,1,0,0
0x453c38,0%,1,0,1,0,1,0,0
0x46b88b,0%,1,0,1,0,1,0,0
0x452e5f,0%,1,0,1,0,1,0,0
0x441004,0%,1,0,1,0,1,0,0
0x427882,100%,0,162,162,0,0,0,162
0x42bb75,100%,0,1095,1095,0,0,0,1095
0x427860,100%,0,162,162,0,0,0,162
0x4450f7,100%,0,2637,2637,0,0,0,2637
0x434f0e,100%,0,345,345,0,0,0,345
0x43504a,100%,0,1095,1095,0,0,0,1095
0x401c1e,100%,0,6224,6224,0,0,0,6224
0x43c942,100%,0,1014,1014,0,0,0,1014
0x461387,100%,0,81,81,0,0,0,81
0x401b9e,100%,0,6224,6224,0,0,0,6224
0x401b77,100%,0,6224,6224,0,0,0,6224
0x401afc,100%,0,6224,6224,0,0,0,6224
0x401a30,100%,0,389,389,0,0,0,389
0x401a27,100%,0,389,389,0,0,0,389
0x404f72,100%,0,272,272,0,0,0,272
0x41377a,100%,0,1,1,0,0,0,1
0x4289bc,100%,0,801,801,0,0,0,801
0x4338a5,100%,0,1440,1440,0,0,0,1440
0x4859a3,100%,0,2,2,0,0,0,2
0x445a03,100%,0,3600,3600,0,0,0,3600
0x405ec7,100%,0,1485,1485,0,0,0,1485
0x428b62,100%,0,801,801,0,0,0,801
0x46a07a,100%,0,1,1,0,0,0,1
0x441112,100%,0,1,1,0,0,0,1
0x444b75,100%,0,5273,5273,2636,0,0,2637
0x41442b,100%,0,1440,1440,0,0,0,1440
0x4c97ba,100%,0,122,122,0,0,0,122
0x413b2d,100%,0,1360,1360,0,0,0,1360
0x4352a7,100%,0,1095,1095,0,0,0,1095
0x471dd2,100%,0,18,18,0,0,0,18
0x453b72,100%,0,1,1,0,0,0,1
0x46e648,100%,0,81,81,0,0,0,81
0x4351c2,100%,0,1095,1095,0,0,0,1095
0x4449ed,100%,0,5272,5272,5272,0,0,0
0x445833,100%,0,651,651,0,0,0,651
0x441182,100%,0,1,1,0,0,0,1
0x471dc7,100%,0,18,18,0,0,0,18
0x402a96,100%,0,205016,205016,205016,0,0,0
0x45dc93,100%,0,573,573,0,0,0,573
0x471eca,100%,0,18,18,0,0,0,18
0x4278c7,100%,0,82,82,0,0,0,82
0x463bbb,100%,0,332,332,0,0,0,332
0x4278d9,100%,0,72,72,0,0,0,72
0x40297d,100%,0,75410,75410,0,0,0,75410
0x406007,100%,0,17,17,0,0,0,17
0x42bd95,100%,0,1095,1095,0,0,0,1095
0x427893,100%,0,162,162,0,0,0,162
0x46ffe1,100%,0,1,1,0,0,0,1
0x441561,100%,0,1,1,0,0,0,1
0x445d0f,100%,0,5272,5272,0,0,0,5272
0x413ecb,100%,0,1422,1422,0,0,0,1422
0x4454d4,100%,0,33,33,0,0,0,33
0x429299,100%,0,800,800,0,0,0,800
0x433011,100%,0,1440,1440,0,0,0,1440
0x445783,100%,0,651,651,0,0,0,651
0x427b39,100%,0,1185,1185,0,0,0,1185
0x454b83,100%,0,1440,1440,0,0,0,1440
0x4145f4,100%,0,1440,1440,0,0,0,1440
0x4279bf,100%,0,3843,3843,0,0,0,3843
0x42795e,100%,0,4122,4122,0,0,0,4122
0x42794e,100%,0,4122,4122,0,0,0,4122
0x404ec7,100%,0,272,272,0,0,0,272
0x445995,100%,0,1,1,0,0,0,1
0x444355,100%,0,2636,2636,2636,0,0,0
0x413e59,100%,0,1422,1422,0,0,0,1422
0x413aab,100%,0,1342,1342,0,0,0,1342
0x453bd5,100%,0,1,1,0,0,0,1
0x414210,100%,0,1440,1440,0,0,0,1440
0x413a84,100%,0,1422,1422,0,0,0,1422
0x404008,100%,0,27256,27256,23849,0,0,3407
0x415340,100%,0,929,929,0,0,0,929
0x445c2c,100%,0,5272,5272,0,0,0,5272
0x434f43,100%,0,345,345,0,0,0,345
0x41482c,100%,0,4320,4320,0,0,0,4320
0x409f51,100%,0,1029,1029,0,0,0,1029
0x4332a3,100%,0,1440,1440,0,0,0,1440
0x44afc4,100%,0,6367,6367,0,0,0,6367
0x44b6e5,100%,0,5272,5272,5272,0,0,0
0x428c57,100%,0,801,801,0,0,0,801
0x46b848,100%,0,1,1,0,0,0,1
0x42a3a6,100%,0,814,814,0,0,0,814
0x42a368,100%,0,814,814,0,0,0,814
0x4726a5,100%,0,1,1,0,0,0,1
0x461d03,100%,0,814,814,0,0,0,814
0x456bc9,100%,0,1,1,0,0,0,1
0x46e585,100%,0,1359,1359,0,0,0,1359
0x40d805,100%,0,459800,459800,402325,0,0,57475
0x47cdc8,100%,0,2,2,0,0,0,2
0x4461e7,100%,0,6367,6367,0,0,0,6367
0x404ad3,100%,0,2880,2880,0,0,0,2880
0x4442d3,100%,0,2524,2524,31,0,0,2493
0x471dbf,100%,0,18,18,0,0,0,18
0x4331e4,100%,0,1440,1440,0,0,0,1440
0x45ff3b,100%,0,2,2,0,0,0,2
0x433194,100%,0,1440,1440,0,0,0,1440
0x46ca3a,100%,0,1,1,0,0,0,1
0x46e5a5,100%,0,1440,1440,0,0,0,1440
0x4459c1,100%,0,1,1,0,0,0,1
0x433131,100%,0,1440,1440,0,0,0,1440
0x402d24,100%,0,29474,29474,29474,0,0,0
0x45d14f,100%,0,1014,1014,0,0,0,1014
0x44b24c,100%,0,6367,6367,0,0,0,6367
0x45eff4,100%,0,1014,1014,0,0,0,1014
0x44003b,100%,0,1,1,0,0,0,1
0x426641,100%,0,34451,34451,0,0,0,34451
0x426639,100%,0,34451,34451,0,0,0,34451
0x440e17,100%,0,1,1,0,0,0,1
0x413c3f,100%,0,1262,1262,0,0,0,1262
0x45ec36,100%,0,4056,4056,0,0,0,4056
0x413c28,100%,0,1343,1343,0,0,0,1343
0x413b44,100%,0,1279,1279,0,0,0,1279
0x413afd,100%,0,1360,1360,0,0,0,1360
0x47cd46,100%,0,2,2,0,0,0,2
0x46e339,100%,0,720,720,0,0,0,720
0x471f9a,100%,0,17,17,17,0,0,0
0x418580,100%,0,51,51,0,0,0,51
0x41776b,100%,0,17,17,0,0,0,17
0x413892,100%,0,1,1,0,0,0,1
0x44affd,100%,0,5272,5272,5272,0,0,0
0x405227,100%,0,272,272,0,0,0,272
0x405205,100%,0,272,272,0,0,0,272
0x40344b,100%,0,2046,2046,0,0,0,2046
0x41488e,100%,0,2880,2880,0,0,0,2880
0x402426,100%,0,1570,1570,0,0,0,1570
0x4029fb,100%,0,75410,75410,0,0,0,75410
0x402406,100%,0,1570,1570,0,0,0,1570
0x427b7a,100%,0,99,99,0,0,0,99
0x471d75,100%,0,19,19,0,0,0,19
0x4155ff,100%,0,1440,1440,0,0,0,1440
0x42890f,100%,0,125,125,0,0,0,125
0x428e3b,100%,0,134,134,0,0,0,134
0x415364,100%,0,1440,1440,0,0,0,1440
0x429888,100%,0,2000,2000,0,0,0,2000
0x4288b3,100%,0,125,125,0,0,0,125
0x428fb8,100%,0,1113,1113,0,0,0,1113
0x428efa,100%,0,1113,1113,0,0,0,1113
0x428d98,100%,0,1314,1314,0,0,0,1314
0x404ca2,100%,0,9179,9179,0,0,0,9179
0x41e643,100%,0,12,12,0,0,0,12
0x46e31d,100%,0,1440,1440,0,0,0,1440
0x404da7,100%,0,17,17,0,0,0,17
0x428450,100%,0,18,18,0,0,0,18
0x46123c,100%,0,81,81,0,0,0,81
0x4c97a9,100%,0,122,122,0,0,0,122
0x47cd58,100%,0,2,2,0,0,0,2
0x44ac6d,100%,0,394,394,0,0,0,394
0x46e561,100%,0,1440,1440,0,0,0,1440
0x43c14c,100%,0,81,81,0,0,0,81
0x45d8bc,100%,0,1486,1486,0,0,0,1486
0x45d7e2,100%,0,648,648,0,0,0,648
0x416c56,100%,0,51,51,0,0,0,51
0x413bc0,100%,0,1343,1343,0,0,0,1343
0x45d6e2,100%,0,5296,5296,0,0,0,5296
0x435406,100%,0,1095,1095,0,0,0,1095
0x4293bb,100%,0,800,800,0,0,0,800
0x429376,100%,0,800,800,0,0,0,800
0x4291ae,100%,0,800,800,0,0,0,800
0x4290bc,100%,0,800,800,0,0,0,800
0x46c008,100%,0,1,1,0,0,0,1
0x428c97,100%,0,801,801,0,0,0,801
0x445f80,100%,0,1095,1095,0,0,0,1095
0x43a598,100%,0,87,87,0,0,0,87
0x429085,100%,0,800,800,0,0,0,800
0x428aae,100%,0,801,801,0,0,0,801
0x428a99,100%,0,801,801,0,0,0,801
0x404ca7,100%,0,9179,9179,9179,0,0,0
0x43942d,100%,0,1095,1095,0,0,0,1095
0x404c1d,100%,0,9179,9179,0,0,0,9179
0x4289d2,100%,0,801,801,0,0,0,801
0x428985,100%,0,801,801,0,0,0,801
0x45ef1a,100%,0,4056,4056,0,0,0,4056
0x4287b6,100%,0,1149,1149,0,0,0,1149
0x4286f7,100%,0,1149,1149,0,0,0,1149
0x42a40b,100%,0,2,2,0,0,0,2
0x4029a0,100%,0,75410,75410,0,0,0,75410
0x438adb,100%,0,1095,1095,0,0,0,1095
0x471f01,100%,0,18,18,0,0,0,18
0x41e6f3,100%,0,4,4,0,0,0,4
0x438ace,100%,0,1095,1095,0,0,0,1095
0x4c97c4,100%,0,122,122,0,0,0,122
0x4bda78,100%,0,544,544,0,0,0,544
0x46dd83,100%,0,1,1,0,0,0,1
0x46b4b0,100%,0,1,1,0,0,0,1
0x4129bf,100%,0,1014,1014,0,0,0,1014
0x4155f9,100%,0,1440,1440,0,0,0,1440
0x4129a9,100%,0,1014,1014,0,0,0,1014
0x4129a4,100%,0,1014,1014,0,0,0,1014
0x405f63,100%,0,17,17,0,0,0,17
0x45e546,100%,0,1014,1014,0,0,0,1014
0x45e1b3,100%,0,1440,1440,0,0,0,1440
0x4331dc,100%,0,1440,1440,0,0,0,1440
0x4444f2,100%,0,2636,2636,2636,0,0,0
0x46ccd3,100%,0,1,1,0,0,0,1
0x4129ae,100%,0,1014,1014,0,0,0,1014
0x404aed,100%,0,2880,2880,0,0,0,2880
0x46b4f9,100%,0,1,1,0,0,0,1
0x441838,100%,0,3600,3600,0,0,0,3600
0x439995,100%,0,1440,1440,0,0,0,1440
0x416931,100%,0,17,17,0,0,0,17
0x416922,100%,0,17,17,0,0,0,17
0x403439,100%,0,2046,2046,0,0,0,2046
0x471f34,100%,0,17,17,0,0,0,17
0x471f2d,100%,0,17,17,0,0,0,17
0x4394fe,100%,0,1440,1440,0,0,0,1440
0x46ffcc,100%,0,1,1,0,0,0,1
0x43c3a7,100%,0,1440,1440,0,0,0,1440
0x414516,100%,0,1440,1440,0,0,0,1440
0x414e00,100%,0,1359,1359,0,0,0,1359
0x46a2b2,100%,0,1,1,0,0,0,1
0x440ddc,100%,0,3,3,0,0,0,3
0x4028fc,100%,0,75410,75410,0,0,0,75410
0x46db18,100%,0,1,1,0,0,0,1
0x44002b,100%,0,1,1,0,0,0,1
0x484a83,100%,0,1,1,0,0,0,1
0x414e0d,100%,0,1359,1359,0,0,0,1359
0x402844,100%,0,30120,30120,0,0,0,30120
0x40283b,100%,0,30120,30120,0,0,0,30120
0x44afde,100%,0,6367,6367,0,0,0,6367
0x402a52,100%,0,205016,205016,0,0,0,205016
0x47261d,100%,0,1,1,0,0,0,1
0x440e1d,100%,0,1,1,0,0,0,1
0x43ed7e,100%,0,32,32,32,0,0,0
0x43feb6,100%,0,7,7,0,0,0,7
0x445895,100%,0,592,592,0,0,0,592
0x46ce66,100%,0,1,1,0,0,0,1
0x428c83,100%,0,801,801,0,0,0,801
0x43fe52,100%,0,7,7,0,0,0,7
0x44b0b9,100%,0,6367,6367,6367,0,0,0
0x46db0a,100%,0,1,1,0,0,0,1
0x444d81,100%,0,2637,2637,2637,0,0,0
0x44b54d,100%,0,6367,6367,6367,0,0,0
0x4155a6,100%,0,1440,1440,0,0,0,1440
0x460d64,100%,0,895,895,0,0,0,895
0x45f89d,100%,0,81,81,81,0,0,0
0x44bc2a,100%,0,1095,1095,0,0,0,1095
0x47cd41,100%,0,2,2,0,0,0,2
0x46d249,100%,0,1,1,0,0,0,1
0x4411f9,100%,0,1,1,0,0,0,1
0x4129b6,100%,0,1014,1014,0,0,0,1014
0x441896,100%,0,246,246,0,0,0,246
0x45fca5,100%,0,801,801,0,0,0,801
0x401bfb,100%,0,6224,6224,0,0,0,6224
0x46e34f,100%,0,1440,1440,0,0,0,1440
0x44016b,100%,0,1,1,0,0,0,1
0x435275,100%,0,1095,1095,0,0,0,1095
0x4407fc,100%,0,1,1,0,0,0,1
0x440f56,100%,0,1,1,0,0,0,1
0x4416f4,100%,0,1,1,0,0,0,1
0x440150,100%,0,1,1,0,0,0,1
0x440eb9,100%,0,1,1,0,0,0,1
0x4135de,100%,0,1,1,0,0,0,1
0x440068,100%,0,1,1,0,0,0,1
0x471f65,100%,0,17,17,0,0,0,17
0x44004d,100%,0,1,1,0,0,0,1
0x405216,100%,0,272,272,0,0,0,272
0x440e8a,100%,0,1,1,0,0,0,1
0x404f83,100%,0,272,272,0,0,0,272
0x440179,100%,0,41,41,0,0,0,41
0x4400c2,100%,0,3600,3600,0,0,0,3600
0x440e84,100%,0,1,1,0,0,0,1
0x46b3a8,100%,0,1,1,0,0,0,1
0x414980,100%,0,1440,1440,0,0,0,1440
0x441168,100%,0,1,1,0,0,0,1
0x43ee59,100%,0,1,1,0,0,0,1
0x4138a8,100%,0,1,1,0,0,0,1
0x46b46c,100%,0,1,1,0,0,0,1
0x4c96c9,100%,0,27657,27657,0,0,0,27657
0x445797,100%,0,607,607,0,0,0,607
0x4482ca,100%,0,1454,1454,0,0,0,1454
0x4291c3,100%,0,800,800,0,0,0,800
0x413f81,100%,0,1440,1440,0,0,0,1440
0x46cc79,100%,0,1,1,0,0,0,1
0x445838,100%,0,651,651,0,0,0,651
0x44afb7,100%,0,6367,6367,0,0,0,6367
0x46c705,100%,0,1,1,0,0,0,1
0x413bf8,100%,0,1343,1343,0,0,0,1343
0x4457e6,100%,0,592,592,0,0,0,592
0x42bbcc,100%,0,1095,1095,0,0,0,1095
0x453c2b,100%,0,1,1,0,0,0,1
0x469f2b,100%,0,1,1,0,0,0,1
0x445e7b,100%,0,20894,20894,15622,0,0,5272
0x413b90,100%,0,1343,1343,0,0,0,1343
0x4293a7,100%,0,800,800,0,0,0,800
0x42bc7a,100%,0,1095,1095,0,0,0,1095
0x46a08c,100%,0,1,1,0,0,0,1
0x471baf,100%,0,1,1,0,0,0,1
0x4410ea,100%,0,1,1,0,0,0,1
0x445402,100%,0,33,33,0,0,0,33
0x453ab8,100%,0,1,1,0,0,0,1
0x46ca43,100%,0,1,1,0,0,0,1
0x427c02,100%,0,1859,1859,0,0,0,1859
0x45fe24,100%,0,4,4,0,0,0,4
0x43c94b,100%,0,1014,1014,0,0,0,1014
0x44a8eb,100%,0,7462,7462,7462,0,0,0
0x46a2c2,100%,0,1,1,0,0,0,1
0x43320c,100%,0,1440,1440,0,0,0,1440
0x44af2e,100%,0,7462,7462,0,0,0,7462
0x44ad5e,100%,0,6367,6367,6367,0,0,0
0x46be59,100%,0,1,1,0,0,0,1
0x4442f8,100%,0,143,143,0,0,0,143
0x441450,100%,0,1,1,0,0,0,1
0x444991,100%,0,5272,5272,0,0,0,5272
0x46d420,100%,0,1,1,0,0,0,1
0x45f955,100%,0,1095,1095,0,0,0,1095
0x484a89,100%,0,1,1,0,0,0,1
0x440e50,100%,0,1,1,0,0,0,1
0x47ca06,100%,0,1,1,0,0,0,1
0x45f968,100%,0,1095,1095,0,0,0,1095
0x44b7a2,100%,0,6368,6368,6368,0,0,0
0x4442e5,100%,0,2493,2493,0,0,0,2493
0x43300c,100%,0,1440,1440,0,0,0,1440
0x4457ec,100%,0,592,592,0,0,0,592
0x403f48,100%,0,3407,3407,0,0,0,3407
0x4c971e,100%,0,1167,1167,0,0,0,1167
0x46c6fd,100%,0,1,1,0,0,0,1
0x46d24d,100%,0,1,1,0,0,0,1
0x46d239,100%,0,1,1,0,0,0,1
0x44b97a,100%,0,879,879,0,0,0,879
0x4414cf,100%,0,1,1,0,0,0,1
0x444bb7,100%,0,770,770,770,0,0,0
0x413bd7,100%,0,1263,1263,0,0,0,1263
0x428ddb,100%,0,134,134,0,0,0,134
0x44589b,100%,0,592,592,0,0,0,592
0x440e91,100%,0,1,1,0,0,0,1
0x452d1c,100%,0,1,1,0,0,0,1
0x439937,100%,0,1095,1095,0,0,0,1095
0x452cec,100%,0,1,1,0,0,0,1
0x405f8f,100%,0,17,17,0,0,0,17
0x428b77,100%,0,801,801,0,0,0,801
0x445162,100%,0,2637,2637,0,0,0,2637
0x46b07d,100%,0,1,1,0,0,0,1
0x401aeb,100%,0,6224,6224,0,0,0,6224
0x440159,100%,0,1,1,0,0,0,1
0x453da0,100%,0,1,1,0,0,0,1
0x46a1f7,100%,0,1,1,0,0,0,1
0x46cea8,100%,0,1,1,0,0,0,1
0x44465e,100%,0,2636,2636,2636,0,0,0
0x46a0a2,100%,0,3,3,0,0,0,3
0x41388e,100%,0,1,1,0,0,0,1
0x416e79,100%,0,3,3,0,0,0,3
0x4449d7,100%,0,5272,5272,64,0,0,5208
0x484a45,100%,0,1,1,0,0,0,1
0x44b300,100%,0,6367,6367,6367,0,0,0
0x44aa89,100%,0,6367,6367,0,0,0,6367
0x402acb,100%,0,30120,30120,30120,0,0,0
0x453ab4,100%,0,1,1,0,0,0,1
0x484a4b,100%,0,1,1,0,0,0,1
0x46dea9,100%,0,1,1,0,0,0,1
0x446691,100%,0,775,775,775,0,0,0
0x46dc90,100%,0,1,1,0,0,0,1
0x46a2d0,100%,0,1,1,0,0,0,1
0x444b83,100%,0,2637,2637,0,0,0,2637
0x441131,100%,0,1,1,0,0,0,1
0x44125c,100%,0,1,1,0,0,0,1
0x438ae7,100%,0,1095,1095,0,0,0,1095
0x4137ee,100%,0,1,1,0,0,0,1
0x471efa,100%,0,18,18,0,0,0,18
0x46d7fa,100%,0,1,1,0,0,0,1
0x42bb7e,100%,0,1095,1095,0,0,0,1095
0x46d7ea,100%,0,1,1,0,0,0,1
0x4bdad5,100%,0,32,32,0,0,0,32
0x41a636,100%,0,9,9,0,0,0,9
0x4290d2,100%,0,800,800,0,0,0,800
0x441791,100%,0,1,1,0,0,0,1
0x46d44b,100%,0,1,1,0,0,0,1
0x45f918,100%,0,1095,1095,0,0,0,1095
0x471cb2,100%,0,1,1,0,0,0,1
0x45f977,100%,0,1014,1014,0,0,0,1014
0x46b2c1,100%,0,1,1,0,0,0,1
0x46b6de,100%,0,1,1,0,0,0,1
0x46e198,100%,0,19,19,0,0,0,19
0x44afd1,100%,0,6367,6367,0,0,0,6367
0x47267d,100%,0,1,1,0,0,0,1
0x444514,100%,0,2636,2636,0,0,0,2636
0x46b4a2,100%,0,1,1,0,0,0,1
0x44b48f,100%,0,5272,5272,5272,0,0,0
0x46b3d4,100%,0,1,1,0,0,0,1
0x43c954,100%,0,1014,1014,0,0,0,1014
0x46b2f1,100%,0,1,1,0,0,0,1
0x46e1f3,100%,0,1440,1440,0,0,0,1440
0x45fe80,100%,0,2,2,0,0,0,2
0x44182b,100%,0,3600,3600,0,0,0,3600
0x4613aa,100%,0,81,81,0,0,0,81
0x46b22c,100%,0,1,1,1,0,0,0
0x4410cc,100%,0,1,1,0,0,0,1
0x452ecc,100%,0,1,1,0,0,0,1
0x471b9f,100%,0,1,1,0,0,0,1
0x445156,100%,0,2637,2637,0,0,0,2637
0x41a688,100%,0,1,1,0,0,0,1
0x453b3f,100%,0,1,1,0,0,0,1
0x46e838,100%,0,1440,1440,0,0,0,1440
0x44558a,100%,0,1485,1485,0,0,0,1485
0x4410e1,100%,0,1,1,0,0,0,1
0x429284,100%,0,800,800,0,0,0,800
0x43dffd,100%,0,1,1,0,0,0,1
0x46b7f8,100%,0,1,1,0,0,0,1
0x46a02d,100%,0,1,1,0,0,0,1
0x41a666,100%,0,1,1,0,0,0,1
0x413707,100%,0,1,1,0,0,0,1
0x453b4c,100%,0,1,1,0,0,0,1
0x46b3f4,100%,0,1,1,0,0,0,1
0x4136a6,100%,0,1,1,0,0,0,1
0x46cce1,100%,0,1,1,0,0,0,1
0x427871,100%,0,162,162,0,0,0,162
0x43edb1,100%,0,32,32,0,0,0,32
0x46e1dc,100%,0,1440,1440,0,0,0,1440
0x4135b0,100%,0,1,1,0,0,0,1
0x441455,100%,0,1,1,0,0,0,1
0x412292,100%,0,1014,1014,1014,0,0,0
0x453ce3,100%,0,1,1,0,0,0,1
0x46b7c0,100%,0,1,1,0,0,0,1
0x404f4f,100%,0,272,272,0,0,0,272
0x47001f,100%,0,1,1,0,0,0,1
0x42796e,100%,0,4122,4122,0,0,0,4122
0x46dfd4,100%,0,1,1,0,0,0,1
0x44acbb,100%,0,6367,6367,0,0,0,6367
0x471c40,100%,0,1,1,0,0,0,1
0x471b14,100%,0,1,1,0,0,0,1
0x416c13,100%,0,51,51,0,0,0,51
0x4726d5,100%,0,1,1,0,0,0,1
0x46b6f6,100%,0,1,1,0,0,0,1
