Branch PC,Accuracy,Mispredictions,Correct Predictions,Total,dir_t_pred_t,dir_t_pred_nt,dir_nt_pred_t,dir_nt_pred_nt
aggregate,98.5384%,101063,6813254,6914317,3964546,49735,51328,2848708
0x41e591,85.4903%,8662,51036,59698,41354,2794,5868,9682
0x41e5cf,90.5273%,5655,54043,59698,53301,768,4887,742
0x429c2f,91.2245%,4262,44305,48567,4965,2645,1617,39340
0x429c82,91.4201%,4167,44400,48567,4850,2616,1551,39550
0x429be2,93.423%,3893,55298,59191,4370,2317,1576,50928
0x429b8e,84.7526%,3155,17537,20692,3232,1914,1241,14305
0x463a56,73.4124%,2981,8231,11212,1873,1830,1151,6358
0x45ed2a,80.067%,2797,11235,14032,9932,735,2062,1303
0x429bfc,95.0709%,2588,49916,52504,2204,1733,855,47712
0x429ab4,86.7954%,2455,16137,18592,2159,1569,886,13978
0x445f99,81.5775%,2408,10663,13071,3457,1423,985,7206
0x429bc6,96.7387%,2028,60156,62184,1643,1350,678,58513
0x463b73,77.0877%,1734,5834,7568,4845,594,1140,989
0x429dc2,93.2845%,1486,20642,22128,4517,817,669,16125
0x463702,64.3939%,1457,2635,4092,324,1043,414,2311
0x429a26,97.1275%,1422,48082,49504,745,977,445,47337
0x463c2c,83.8927%,1219,6349,7568,2746,473,746,3603
0x427c15,87.3506%,1217,8404,9621,1874,1054,163,6530
0x446639,69.1317%,1198,2683,3881,736,807,391,1947
0x41e67e,86.8406%,1120,7391,8511,7343,93,1027,48
0x43a53a,76.3353%,1019,3287,4306,1670,332,687,1617
0x463bb5,67.0886%,962,1961,2923,1639,263,699,322
0x4636c8,90.1354%,947,8653,9600,5003,505,442,3650
0x426ca7,49.7291%,928,918,1846,521,423,505,397
0x426cce,51.1376%,902,944,1846,625,379,523,319
0x426c80,51.3543%,898,948,1846,541,421,477,407
0x429ac2,93.972%,896,13968,14864,13249,227,669,719
0x426c57,52.0043%,886,960,1846,559,398,488,401
0x463a91,89.0931%,819,6690,7509,3901,389,430,2789
0x463b98,62.3767%,801,1328,2129,725,383,418,603
0x4279f5,76.1298%,787,2510,3297,242,579,208,2268
0x429a34,98.512%,711,47071,47782,46472,159,552,599
0x433027,70.0171%,701,1637,2338,1499,170,531,138
0x42a014,92.081%,669,7779,8448,741,397,272,7038
0x4279ae,80.8307%,660,2783,3443,40,570,90,2743
0x402828,95.5747%,611,13196,13807,7929,309,302,5267
0x4279e1,87.0155%,593,3974,4567,106,487,106,3868
0x45f2a3,82.7083%,581,2779,3360,2441,213,368,338
0x463650,63.7755%,568,1000,1568,625,257,311,375
0x44ac5d,63.7468%,567,997,1564,589,282,285,408
0x463da2,68.3612%,529,1143,1672,425,304,225,718
0x463745,94.7917%,500,9100,9600,8939,61,439,161
0x45faf4,92.3607%,488,5900,6388,5819,106,382,81
0x42a125,95.0172%,464,8848,9312,8722,8,456,126
0x45da5f,56.1602%,427,547,974,376,173,254,171
0x45d2a8,65.625%,396,756,1152,441,203,193,315
0x4634d7,81.9748%,387,1760,2147,1745,43,344,15
0x463dec,65.4143%,359,679,1038,623,88,271,56
0x428700,82.9304%,353,1715,2068,1187,168,185,528
0x427bb5,82.163%,348,1603,1951,582,209,139,1021
0x44b95b,67.9558%,348,738,1086,179,231,117,559
0x46349a,58.1481%,339,471,810,317,134,205,154
0x463db7,64.369%,336,607,943,241,183,153,366
0x42a031,95.4172%,335,6975,7310,550,221,114,6425
0x428f02,83.5784%,335,1705,2040,1166,183,152,539
0x45fb49,94.6112%,334,5864,6198,5767,71,263,97
0x429e05,98.0038%,333,16349,16682,110,271,62,16239
0x42aaf4,80.6875%,309,1291,1600,216,160,149,1075
0x45fbaa,94.9%,306,5694,6000,5652,45,261,42
0x4279e5,92.5013%,298,3676,3974,2534,65,233,1142
0x42a755,90.8555%,295,2931,3226,277,164,131,2654
0x46334e,65.3618%,292,551,843,468,98,194,83
0x429985,99.3888%,285,46346,46631,552,248,37,45794
0x427a07,88.4895%,285,2191,2476,1805,117,168,386
0x463754,64.9383%,284,526,810,154,170,114,372
0x42a0d2,96.1833%,279,7031,7310,377,186,93,6654
0x44605b,82.5448%,273,1291,1564,344,199,74,947
0x45fd61,89.4205%,272,2299,2571,2165,92,180,134
0x4299e6,99.4024%,271,45074,45345,699,206,65,44375
0x463477,66.7901%,269,541,810,77,196,73,464
0x427bf2,90.3202%,260,2426,2686,16,234,26,2410
0x42a547,87.2449%,250,1710,1960,1161,126,124,549
0x429eb7,98.52%,247,16442,16689,231,143,104,16211
0x46336c,70.6999%,247,596,843,409,102,145,187
0x45fbfc,95.7949%,246,5604,5850,5580,33,213,24
0x446186,84.2711%,246,1318,1564,813,104,142,505
0x42a54c,64.636%,238,435,673,211,119,119,224
0x463415,77.4929%,237,816,1053,512,83,154,304
0x4290da,89.4407%,236,1999,2235,1501,128,108,498
0x41e741,63.4796%,233,405,638,263,87,146,142
0x4289da,89.6644%,231,2004,2235,1516,121,110,488
0x429e21,98.6013%,228,16073,16301,77,194,34,15996
0x4482a9,85.8056%,222,1342,1564,846,76,146,496
0x42a77f,92.1724%,218,2567,2785,198,152,66,2369
0x429ed7,98.6638%,218,16097,16315,114,163,55,15983
0x43a589,80.4968%,212,875,1087,811,64,148,64
0x45f00c,61.8875%,210,341,551,238,73,137,103
0x463798,56.7901%,210,276,486,39,149,61,237
0x401a1b,86.6412%,210,1362,1572,661,112,98,701
0x43c33f,75.2392%,207,629,836,341,78,129,288
0x45f036,62.7949%,205,346,551,190,95,110,156
0x45d759,91.8046%,198,2218,2416,2217,6,192,1
0x427b51,76.4994%,192,625,817,4,177,15,621
0x429fec,97.9422%,188,8948,9136,308,123,65,8640
0x446034,98.5694%,187,12884,13071,11478,29,158,1406
0x4340a0,80.5031%,186,768,954,368,109,77,400
0x45d1f1,79.1572%,183,695,878,201,101,82,494
0x413c34,92.0144%,178,2051,2229,50,130,48,2001
0x45d341,65.1575%,177,331,508,293,51,126,38
0x428ab6,92.3043%,172,2063,2235,1493,67,105,570
0x42869e,92.8692%,169,2201,2370,91,119,50,2110
0x413b39,92.6041%,167,2091,2258,68,112,55,2023
0x41511d,92.8999%,166,2172,2338,81,129,37,2091
0x42897a,93.125%,165,2235,2400,51,114,51,2184
0x402ac0,99.8185%,162,89078,89240,83654,17,145,5424
0x45f064,70.9619%,160,391,551,211,80,80,180
0x427be6,94.466%,157,2680,2837,18,133,24,2662
0x42799e,95.6643%,156,3442,3598,2,153,3,3440
0x46e32e,93.4104%,154,2183,2337,1133,78,76,1050
0x463dbd,70.5202%,153,366,519,104,88,65,262
0x427b5d,76.4151%,150,486,636,10,135,15,476
0x42a620,79.1899%,149,567,716,138,84,65,429
0x41e724,67.0354%,149,303,452,63,101,48,240
0x428c9f,93.4228%,147,2088,2235,1550,88,59,538
0x429a06,99.6737%,145,44295,44440,321,127,18,43974
0x45f2f8,95.8036%,141,3219,3360,3147,3,138,72
0x41e79e,74.6377%,140,412,552,111,79,61,301
0x4293c3,93.736%,140,2095,2235,1534,95,45,561
0x429c34,99.6631%,138,40819,40957,2133,70,68,38686
0x429fc7,98.518%,138,9174,9312,77,99,39,9097
0x413bcc,93.8537%,137,2092,2229,85,95,42,2007
0x460e13,67.6887%,137,287,424,38,95,42,249
0x45dc08,76.91%,136,453,589,299,59,77,154
0x428da3,94.181%,135,2185,2320,2002,38,97,183
0x42a00a,98.5066%,130,8575,8705,169,88,42,8406
0x45d1c4,85.3075%,129,749,878,12,106,23,737
0x42a551,64.4315%,122,221,343,77,64,58,144
0x463809,74.8971%,122,364,486,88,66,56,276
0x4278b5,67.4731%,121,251,372,173,50,71,78
0x4638a7,68.4783%,116,252,368,238,25,91,14
0x4299c7,99.7486%,115,45623,45738,293,100,15,45330
0x4152f0,94.6898%,113,2015,2128,447,50,63,1568
0x4291cb,95.123%,109,2126,2235,1490,58,51,636
0x429de5,99.3569%,108,16686,16794,10,102,6,16676
0x401cc6,99.1552%,108,12676,12784,11979,6,102,697
0x45ef35,96.9783%,106,3402,3508,962,64,42,2440
0x438406,74.9403%,105,314,419,291,27,78,23
0x42a833,70%,105,245,350,59,56,49,186
0x426d24,97.5937%,104,4218,4322,1608,49,55,2610
0x434e92,85.6552%,104,621,725,76,71,33,545
0x45ed6b,96.9094%,104,3261,3365,909,73,31,2352
0x463692,93.4949%,102,1466,1568,1466,4,98,0
0x434e9b,82.699%,100,478,578,15,83,17,463
0x429e92,99.4045%,100,16694,16794,17,88,12,16677
0x42a62b,79.7571%,100,394,494,24,74,26,370
0x42ab02,91.9935%,98,1126,1224,969,43,55,157
0x429aeb,99.4361%,96,16928,17024,12730,38,58,4198
0x429a78,99.2896%,95,13277,13372,168,88,7,13109
0x42a3ee,88.6364%,95,741,836,707,25,70,34
0x44a9d7,94.0537%,93,1471,1564,254,37,56,1217
0x46188f,87.5698%,89,627,716,269,44,45,358
0x460df8,80.3653%,86,352,438,46,67,19,306
0x42797e,97.6813%,86,3623,3709,0,86,0,3623
0x45efeb,97.577%,85,3423,3508,2573,58,27,850
0x427916,83.9458%,83,434,517,3,77,6,431
0x4634f2,89.8765%,82,728,810,582,18,64,146
0x41560a,96.5783%,80,2258,2338,767,24,56,1491
0x427bda,97.3702%,77,2851,2928,40,51,26,2811
0x4278d0,82.1002%,75,344,419,177,53,22,167
0x415337,96.8349%,74,2264,2338,559,36,38,1705
0x45fc3a,98.7063%,74,5646,5720,4409,13,61,1237
0x463605,66.1905%,71,139,210,61,51,20,78
0x4129b6,97.2691%,68,2422,2490,624,38,30,1798
0x42a556,66.8317%,67,135,202,121,9,58,14
0x45effd,92.3603%,67,810,877,276,50,17,534
0x45f2d2,90.6516%,66,640,706,437,48,18,203
0x45f97b,85.8369%,66,400,466,374,9,57,26
0x45f968,94.0257%,65,1023,1088,0,54,11,1023
0x4383fd,86.5828%,64,413,477,2,56,8,411
0x434ec0,85.3081%,62,360,422,360,11,51,0
0x45dcf3,85.6808%,61,365,426,115,16,45,250
0x460e48,85.5792%,61,362,423,346,12,49,16
0x46e5bd,97.3909%,61,2277,2338,1527,38,23,750
0x434eb7,87.5%,60,420,480,0,58,2,420
0x463d02,71.4286%,60,150,210,2,54,6,148
0x463ae2,99.1332%,60,6862,6922,6862,1,59,0
0x45d85d,96.4881%,59,1621,1680,1619,3,56,2
0x445f60,99.5792%,55,13016,13071,11495,12,43,1521
0x460e1e,88.6316%,54,421,475,418,5,49,3
0x4638e2,85.5978%,53,315,368,315,7,46,0
0x45fdaf,83.121%,53,261,314,3,45,8,258
0x45fbcf,83.1683%,51,252,303,118,32,19,134
0x463845,89.5062%,51,435,486,433,7,44,2
0x4613df,76.1905%,50,160,210,54,32,18,106
0x429c94,99.8832%,48,41053,41101,2148,21,27,38905
0x429d4f,99.768%,48,20644,20692,15509,10,38,5135
0x43c801,86.5922%,48,310,358,2,43,5,308
0x45ddc3,88.5986%,48,373,421,162,28,20,211
0x45fb19,89.8488%,47,416,463,155,35,12,261
0x43de79,98.6944%,47,3553,3600,3553,2,45,0
0x4611d4,87.1508%,46,312,358,304,9,37,8
0x44e6e6,98.7222%,46,3554,3600,3554,1,45,0
0x461406,62.9032%,46,78,124,18,27,19,60
0x460df3,90.5263%,45,430,475,0,37,8,430
0x427b45,94.7735%,45,816,861,1,43,2,815
0x429a46,99.9091%,45,49459,49504,37114,14,31,12345
0x429a5e,99.6661%,45,13431,13476,60,44,1,13371
0x45f96d,95.7447%,44,990,1034,532,36,8,458
0x45fb71,87.7778%,44,316,360,151,11,33,165
0x43c80a,85.9425%,44,269,313,266,10,34,3
0x4299a1,99.9084%,42,45789,45831,46,36,6,45743
0x4c9772,99.748%,41,16231,16272,12712,8,33,3519
0x4286a9,98.1019%,41,2119,2160,58,34,7,2061
0x41e834,92.5725%,41,511,552,65,35,6,446
0x4278f2,91.7836%,41,458,499,1,37,4,457
0x434369,91.258%,41,428,469,428,5,36,0
0x42a3f3,61.5385%,40,64,104,17,21,19,47
0x429f3a,99.8238%,39,22089,22128,16585,11,28,5504
0x414319,99.0129%,39,3912,3951,3736,7,32,176
0x43840f,62.3762%,38,63,101,43,16,22,20
0x4482ae,94.081%,38,604,642,135,30,8,469
0x42a844,66.9565%,38,77,115,62,14,24,15
0x45fc21,83.9662%,38,199,237,105,25,13,94
0x45f989,54.2169%,38,45,83,33,17,21,12
0x460e0e,92.1739%,36,424,460,0,36,0,424
0x429a91,99.7408%,34,13082,13116,48,31,3,13034
0x42bb5d,96.4361%,34,920,954,186,12,22,734
0x45fcb0,87.7698%,34,244,278,185,9,25,59
0x4064db,99.9391%,34,55806,55840,51071,7,27,4735
0x42947c,98.7083%,31,2369,2400,2369,1,30,0
0x460bec,98.6741%,31,2307,2338,2306,2,29,1
0x461ceb,95.6704%,31,685,716,347,11,20,338
0x4129bf,98.3042%,31,1797,1828,1261,11,20,536
0x4056c0,93.9516%,30,466,496,466,0,30,0
0x4540cd,98.7169%,30,2308,2338,2308,0,30,0
0x41e61f,99.4644%,30,5571,5601,5571,0,30,0
0x42a3fd,54.5455%,30,36,66,12,22,8,24
0x439d28,93.7107%,30,447,477,92,27,3,355
0x411724,99.9748%,29,115171,115200,107991,9,20,7180
0x427923,93.3638%,29,408,437,222,5,24,186
0x46e34f,98.7596%,29,2309,2338,1120,17,12,1189
0x413bf3,98.7157%,29,2229,2258,0,29,0,2229
0x460d6e,94.9827%,29,549,578,118,27,2,431
0x42907a,98.8333%,28,2372,2400,138,27,1,2234
0x45d94f,84.2697%,28,150,178,120,8,20,30
0x41e601,99.5026%,28,5601,5629,5601,0,28,0
0x427b86,96.4602%,28,763,791,0,27,1,763
0x42798e,99.2824%,26,3597,3623,0,25,1,3597
0x4c9717,99.4538%,25,4552,4577,949,12,13,3603
0x42796e,99.3571%,24,3709,3733,0,24,0,3709
0x42a71d,99.256%,24,3202,3226,3019,9,15,183
0x40583b,99.9896%,24,230376,230400,230037,3,21,339
0x463bbb,98.8727%,24,2105,2129,4,24,0,2101
0x4278a4,94.1772%,23,372,395,0,23,0,372
0x4278fd,95.0108%,23,438,461,155,16,7,283
0x42a378,97.2488%,23,813,836,804,9,14,9
0x414288,99.4179%,23,3928,3951,3734,8,15,194
0x44665e,99.0163%,23,2315,2338,0,21,2,2315
0x45d6d2,97.8516%,22,1002,1024,402,18,4,600
0x4c9657,99.9124%,21,23940,23961,4567,10,11,19373
0x45f095,96.1887%,21,530,551,286,9,12,244
0x463450,97.5309%,20,790,810,593,7,13,197
0x433a2d,98.7593%,20,1592,1612,467,10,10,1125
0x4298e5,99.6068%,19,4813,4832,4228,0,19,585
0x42a8e5,99.442%,18,3208,3226,1606,7,11,1602
0x42a4b8,47.0588%,18,16,34,9,11,7,7
0x42b3ae,78.0488%,18,64,82,64,5,13,0
0x42989e,99.6258%,18,4792,4810,9,17,1,4783
0x45f302,91.4286%,18,192,210,95,3,15,97
0x4bdafe,85.3659%,18,105,123,105,14,4,0
0x406370,99.9696%,17,55823,55840,20346,6,11,35477
0x4f34f5,46.875%,17,15,32,11,10,7,4
0x45d940,98.3398%,17,1007,1024,846,0,17,161
0x4bdb59,43.3333%,17,13,30,8,10,7,5
0x4156c1,96.4211%,17,458,475,417,6,11,41
0x429856,99.6205%,17,4463,4480,3916,4,13,547
0x42ab0a,91.9811%,17,195,212,73,9,8,122
0x4152f6,99.019%,16,1615,1631,89,14,2,1526
0x4bdb49,46.6667%,16,14,30,8,2,14,6
0x416dd4,93.361%,16,225,241,150,1,15,75
0x46351d,92.381%,16,194,210,0,7,9,194
0x42a500,99.1837%,16,1944,1960,1914,4,12,30
0x4292a1,99.2841%,16,2219,2235,1534,14,2,685
0x42a8fe,99.0081%,16,1597,1613,1587,13,3,10
0x4c9748,99.9021%,16,16320,16336,48,16,0,16272
0x4299bb,99.9672%,15,45734,45749,2,9,6,45732
0x45d8b4,99.1071%,15,1665,1680,1260,0,15,405
0x43a554,99.6516%,15,4291,4306,3216,3,12,1075
0x429888,99.6896%,15,4817,4832,8,14,1,4809
0x4bdb6c,50%,15,15,30,7,8,7,8
0x4117ac,99.974%,15,57585,57600,50393,7,8,7192
0x463428,96.9432%,14,444,458,236,7,7,208
0x427882,96.6184%,14,400,414,1,14,0,399
0x429d35,99.9775%,14,62170,62184,46636,2,12,15534
0x414b4c,99.4583%,13,2387,2400,73,7,6,2314
0x45f88c,98.804%,13,1074,1087,877,0,13,197
0x41e6cc,98.7828%,13,1055,1068,1055,8,5,0
0x4298b4,99.7492%,12,4772,4784,3,11,1,4769
0x41e86a,99.5681%,11,2536,2547,2536,0,11,0
0x413aed,99.5295%,11,2327,2338,74,6,5,2253
0x429823,99.7537%,11,4456,4467,2,10,1,4454
0x45d962,78%,11,39,50,0,9,2,39
0x40fd91,99.9971%,11,385749,385760,289311,9,2,96438
0x461216,75.5556%,11,34,45,34,11,0,0
0x40f74f,99.9465%,11,20557,20568,17994,3,8,2563
0x428d41,99.5417%,11,2389,2400,77,3,8,2312
0x463467,94.7619%,11,199,210,199,8,3,0
0x41e7d0,97.2376%,10,352,362,351,8,2,1
0x419c89,97.2222%,10,350,360,350,6,4,0
0x46e18e,99.5723%,10,2328,2338,2308,0,10,20
0x460c0c,99.5723%,10,2328,2338,2253,5,5,75
0x413ca0,99.5723%,10,2328,2338,2251,7,3,77
0x42ab7b,95.283%,10,202,212,76,6,4,126
0x42bc0d,99.3606%,10,1554,1564,24,6,4,1530
0x42ab84,93.0769%,9,121,130,121,9,0,0
0x45f715,95.7143%,9,201,210,0,7,2,201
0x42bc4f,99.4133%,9,1525,1534,1525,0,9,0
0x45fdba,96.6165%,9,257,266,257,2,7,0
0x45ff50,99.6433%,9,2514,2523,1265,8,1,1249
0x4156b5,99.4417%,9,1603,1612,1136,1,8,467
0x434269,98.1132%,9,468,477,0,8,1,468
0x463263,99.1453%,9,1044,1053,206,4,5,838
0x45dd9f,97.2881%,8,287,295,0,5,3,287
0x42794e,99.7864%,8,3738,3746,0,8,0,3738
0x429965,99.953%,8,17016,17024,4648,0,8,12368
0x42bb8c,99.4885%,8,1556,1564,1083,4,4,473
0x42b7d0,93.8462%,8,122,130,122,1,7,0
0x4c965c,99.9635%,8,21895,21903,14881,7,1,7014
0x42bd95,99.4885%,8,1556,1564,74,3,5,1482
0x41447d,99.7975%,8,3943,3951,3898,2,6,45
0x428b7f,99.6421%,8,2227,2235,1553,7,1,674
0x415406,96.1905%,8,202,210,145,0,8,57
0x414441,99.7975%,8,3943,3951,3787,4,4,156
0x414520,99.7006%,7,2331,2338,725,0,7,1606
0x45fca5,99.7277%,7,2564,2571,2286,7,0,278
0x428fc0,99.6569%,7,2033,2040,1347,2,5,686
0x460e01,98.5263%,7,468,475,13,2,5,455
0x4142bf,99.8228%,7,3944,3951,3785,6,1,159
0x416e2a,92.2222%,7,83,90,81,6,1,2
0x401707,72%,7,18,25,14,6,1,4
0x45f9a2,87.037%,7,47,54,47,5,2,0
0x41434f,99.8228%,7,3944,3951,3897,3,4,47
0x45f76e,96.5517%,7,196,203,99,6,1,97
0x433305,99.7006%,7,2331,2338,23,7,0,2308
0x4186af,98.1183%,7,365,372,278,4,3,87
0x416f4b,56.25%,7,9,16,9,4,3,0
0x460206,89.0625%,7,57,64,57,6,1,0
0x42980d,99.8435%,7,4466,4473,0,6,1,4466
0x41e6ae,99.3488%,7,1068,1075,1068,0,7,0
0x46e61d,99.718%,6,2122,2128,1631,0,6,491
0x4145cc,99.628%,6,1607,1613,1527,6,0,80
0x427871,98.568%,6,413,419,0,5,1,413
0x42bbee,99.6164%,6,1558,1564,0,6,0,1558
0x4245a3,99.9774%,6,26596,26602,26596,5,1,0
0x45d136,99.448%,6,1081,1087,204,6,0,877
0x4bdb7d,80%,6,24,30,24,4,2,0
0x439932,99.7433%,6,2331,2337,114,1,5,2217
0x46e567,99.7434%,6,2332,2338,2127,1,5,205
0x4155d4,99.7434%,6,2332,2338,2128,0,6,204
0x42b7e5,14.2857%,6,1,7,0,4,2,1
0x46e619,99.7434%,6,2332,2338,205,5,1,2127
0x4149ad,99.876%,6,4833,4839,1609,4,2,3224
0x427893,98.4962%,6,393,399,0,4,2,393
0x41455f,99.628%,6,1607,1613,0,0,6,1607
0x4297f8,99.8884%,5,4475,4480,2,5,0,4473
0x44a96e,99.8113%,5,2645,2650,1081,5,0,1564
0x4c97ba,99.4797%,5,956,961,0,3,2,956
0x414516,99.8734%,5,3946,3951,1609,4,1,2337
0x4c97c4,99.4781%,5,953,958,0,1,4,953
0x4c9927,99.9272%,5,6859,6864,0,0,5,6859
0x404f3c,99.9992%,5,645291,645296,644800,0,5,491
0x4bda62,99.7417%,5,1931,1936,964,4,1,967
0x42a56f,98.4848%,5,325,330,311,4,1,14
0x471d48,83.871%,5,26,31,26,5,0,0
0x42795e,99.8662%,5,3733,3738,0,5,0,3733
0x4145f4,99.7861%,5,2333,2338,1608,5,0,725
0x4bde07,99.8573%,5,3499,3504,0,1,4,3499
0x439471,99.7861%,5,2332,2337,2332,5,0,0
0x42bd4a,99.6803%,5,1559,1564,4,5,0,1555
0x42a411,86.8421%,5,33,38,27,4,1,6
0x42b3c4,61.5385%,5,8,13,0,5,0,8
0x4f098a,20%,4,1,5,0,2,2,1
0x43c357,99.5215%,4,832,836,625,1,3,207
0x44af3d,99.8491%,4,2646,2650,1564,0,4,1082
0x4340ca,99.5807%,4,950,954,474,3,1,476
0x4bda5c,99.7938%,4,1936,1940,0,4,0,1936
0x46a131,33.3333%,4,2,6,0,3,1,2
0x4613aa,98.0952%,4,206,210,1,1,3,205
0x4170ec,75%,4,12,16,12,1,3,0
0x418726,95.5556%,4,86,90,84,3,1,2
0x415504,99.812%,4,2124,2128,581,0,4,1543
0x460cf9,99.6201%,4,1049,1053,578,0,4,471
0x41459a,99.752%,4,1609,1613,1588,4,0,21
0x45db5e,99.6094%,4,1020,1024,512,0,4,508
0x4013a3,97.7778%,4,176,180,176,1,3,0
0x4a0fcb,20%,4,1,5,1,1,3,0
0x445fa8,99.9512%,4,8187,8191,0,1,3,8187
0x414e0d,99.812%,4,2124,2128,1543,4,0,581
0x4189a1,95.5556%,4,86,90,86,1,3,0
0x41498d,99.943%,4,7010,7014,2175,0,4,4835
0x4335dc,99.8289%,4,2334,2338,4,1,3,2330
0x4c9980,99.9417%,4,6860,6864,6860,1,3,0
0x45d437,99.7396%,3,1149,1152,573,3,0,576
0x41e524,75%,3,9,12,9,2,1,0
0x45d7c0,99.8758%,3,2413,2416,1812,0,3,601
0x45fdfd,57.1429%,3,4,7,4,1,2,0
0x46f467,66.6667%,3,6,9,6,2,1,0
0x45edad,99.9786%,3,14029,14032,10524,0,3,3505
0x403b2e,99.9951%,3,60861,60864,53256,0,3,7605
0x4bdb96,90%,3,27,30,27,2,1,0
0x43a563,99.724%,3,1084,1087,610,0,3,474
0x46f5e2,25%,3,1,4,1,2,1,0
0x429b06,99.9295%,3,4253,4256,2128,0,3,2125
0x4bdb44,90.625%,3,29,32,0,3,0,29
0x46f666,81.25%,3,13,16,13,2,1,0
0x415622,99.8061%,3,1544,1547,293,0,3,1251
0x46f6c9,81.25%,3,13,16,13,2,1,0
0x46e638,99.8717%,3,2335,2338,2127,1,2,208
0x418c49,96.6667%,3,87,90,59,1,2,28
0x4a1f05,0%,3,0,3,0,2,1,0
0x45ff10,57.1429%,3,4,7,4,1,2,0
0x403b0e,99.9994%,3,486909,486912,426048,0,3,60861
0x4ac4ae,25%,3,1,4,0,3,0,1
0x4a23f1,40%,3,2,5,2,2,1,0
0x434ef4,99.5862%,3,722,725,607,3,0,115
0x416e33,0%,3,0,3,0,0,3,0
0x42a368,99.6411%,3,833,836,0,0,3,833
0x46e880,99.8717%,3,2335,2338,2125,3,0,210
0x46e354,99.7502%,3,1198,1201,1053,0,3,145
0x471d7e,90.3226%,3,28,31,0,1,2,28
0x42b58b,62.5%,3,5,8,0,1,2,5
0x4a1631,76.9231%,3,10,13,10,2,1,0
0x4a06e8,72.7273%,3,8,11,5,2,1,3
0x4015fc,98.3333%,3,177,180,177,2,1,0
0x41e8b6,72.7273%,3,8,11,8,2,1,0
0x439937,99.91%,2,2220,2222,1134,1,1,1086
0x49c446,85.7143%,2,12,14,0,2,0,12
0x413ecb,99.9487%,2,3898,3900,1590,2,0,2308
0x43350d,99.9145%,2,2336,2338,725,0,2,1611
0x4332a3,99.9145%,2,2336,2338,1611,2,0,725
0x41567a,99.7472%,2,789,791,433,0,2,356
0x49bcc5,33.3333%,2,1,3,1,2,0,0
0x44ac8b,99.9245%,2,2648,2650,1564,0,2,1084
0x44e6f4,95.5556%,2,43,45,43,1,1,0
0x41e7f5,99.4429%,2,357,359,357,0,2,0
0x4c9788,99.9447%,2,3614,3616,2516,2,0,1098
0x4a23e5,60%,2,3,5,0,1,1,3
0x4bde89,0%,2,0,2,0,1,1,0
0x416aa5,33.3333%,2,1,3,1,1,1,0
0x413d32,99.9145%,2,2336,2338,2307,1,1,29
0x46f417,80%,2,8,10,8,1,1,0
0x45fe5b,71.4286%,2,5,7,5,1,1,0
0x46e326,99.9145%,2,2336,2338,0,1,1,2336
0x45f9e1,99.8983%,2,1965,1967,354,0,2,1611
0x416e20,50%,2,2,4,1,1,1,1
0x46a0e5,50%,2,2,4,2,1,1,0
0x413a4a,99.9145%,2,2336,2338,28,2,0,2308
0x49bdfb,33.3333%,2,1,3,1,2,0,0
0x4017d5,0%,2,0,2,0,1,1,0
0x416de1,97.7778%,2,88,90,88,0,2,0
0x416fa3,97.7778%,2,88,90,86,1,1,2
0x4a1e5c,0%,2,0,2,0,1,1,0
0x43de8a,95.5556%,2,43,45,43,1,1,0
0x46e954,99.9145%,2,2336,2338,2336,1,1,0
0x41a2d4,50%,2,2,4,2,1,1,0
0x414b92,99.9145%,2,2336,2338,209,1,1,2127
0x40171a,60%,2,3,5,3,1,1,0
0x40a62b,99.9457%,2,3678,3680,3219,1,1,459
0x4f09b4,60%,2,3,5,3,2,0,0
0x4c96aa,99.9909%,2,21901,21903,4676,1,1,17225
0x413a95,99.9133%,2,2306,2308,210,0,2,2096
0x4343ef,99.5807%,2,475,477,475,2,0,0
0x4f0b85,0%,2,0,2,0,2,0,0
0x4245d7,99.9925%,2,26600,26602,26600,1,1,0
0x416bc5,97.7011%,2,85,87,57,1,1,28
0x427938,99.5662%,2,459,461,78,2,0,381
0x4bde60,99.9429%,2,3501,3503,3501,1,1,0
0x4339c6,99.876%,2,1611,1613,1611,2,0,0
0x44e498,99.9444%,2,3598,3600,3598,2,0,0
0x4152e9,99.9145%,2,2336,2338,208,2,0,2128
0x49c49f,81.8182%,2,9,11,9,2,0,0
0x4a0f8f,60%,2,3,5,3,2,0,0
0x4a23d2,50%,2,2,4,0,0,2,2
0x4a2f9b,60%,2,3,5,3,1,1,0
0x40585a,99.4444%,2,358,360,358,1,1,0
0x41e4c3,92.8571%,2,26,28,26,1,1,0
0x437f49,99.5807%,2,475,477,475,2,0,0
0x4552a6,99.5556%,2,448,450,448,1,1,0
0x403b58,99.9098%,2,2216,2218,2216,2,0,0
0x42abad,99.876%,2,1611,1613,1611,2,0,0
0x46e594,99.906%,2,2126,2128,789,2,0,1337
0x460046,87.5%,2,14,16,14,1,1,0
0x46a236,0%,2,0,2,0,1,1,0
0x41a4f8,50%,2,2,4,2,1,1,0
0x41696d,93.3333%,2,28,30,28,1,1,0
0x469ed1,0%,1,0,1,0,1,0,0
0x4530ae,0%,1,0,1,0,1,0,0
0x452f9d,0%,1,0,1,0,1,0,0
0x41a64f,50%,1,1,2,0,1,0,1
0x469e8f,0%,1,0,1,0,1,0,0
0x46dd46,0%,1,0,1,0,1,0,0
0x4287be,99.9516%,1,2067,2068,1354,1,0,713
0x452aa2,0%,1,0,1,0,1,0,0
0x469ea3,0%,1,0,1,0,1,0,0
0x46a0a2,75%,1,3,4,0,1,0,3
0x470024,0%,1,0,1,0,1,0,0
0x47aee8,0%,1,0,1,0,1,0,0
0x44e157,0%,1,0,1,0,1,0,0
0x45299e,0%,1,0,1,0,1,0,0
0x46a92c,0%,1,0,1,0,1,0,0
0x452cec,0%,1,0,1,0,1,0,0
0x46a116,85.7143%,1,6,7,0,1,0,6
0x41e948,0%,1,0,1,0,1,0,0
0x413637,0%,1,0,1,0,0,1,0
0x4013af,66.6667%,1,2,3,2,1,0,0
0x4a7523,66.6667%,1,2,3,2,1,0,0
0x416771,0%,1,0,1,0,1,0,0
0x469b87,0%,1,0,1,0,1,0,0
0x469b0c,0%,1,0,1,0,1,0,0
0x469e53,0%,1,0,1,0,1,0,0
0x47b06e,0%,1,0,1,0,1,0,0
0x41685b,0%,1,0,1,0,1,0,0
0x469e05,0%,1,0,1,0,1,0,0
0x47c822,66.6667%,1,2,3,2,1,0,0
0x47b020,0%,1,0,1,0,1,0,0
0x47af53,0%,1,0,1,0,1,0,0
0x4f0be9,50%,1,1,2,1,1,0,0
0x4a202f,0%,1,0,1,0,1,0,0
0x47af10,0%,1,0,1,0,1,0,0
0x42b3e0,87.5%,1,7,8,7,1,0,0
0x4ae63f,0%,1,0,1,0,1,0,0
0x429ad3,99.9946%,1,18591,18592,13944,0,1,4647
0x4ac776,96.7742%,1,30,31,0,1,0,30
0x469cef,0%,1,0,1,0,1,0,0
0x41ab47,0%,1,0,1,0,1,0,0
0x4724fb,0%,1,0,1,0,1,0,0
0x44e594,99.9722%,1,3599,3600,3599,1,0,0
0x415808,0%,1,0,1,0,1,0,0
0x49c5f0,90%,1,9,10,9,1,0,0
0x44dfd3,0%,1,0,1,0,1,0,0
0x4552ae,0%,1,0,1,0,1,0,0
0x42bb4d,99.9361%,1,1563,1564,610,0,1,953
0x469c8d,0%,1,0,1,0,1,0,0
0x455427,0%,1,0,1,0,1,0,0
0x469c4a,0%,1,0,1,0,1,0,0
0x4168a2,0%,1,0,1,0,1,0,0
0x43369f,99.938%,1,1612,1613,1612,1,0,0
0x46cc9f,0%,1,0,1,0,1,0,0
0x46cf82,0%,1,0,1,0,1,0,0
0x46cfb6,0%,1,0,1,0,1,0,0
0x46d883,0%,1,0,1,0,1,0,0
0x419c91,75%,1,3,4,3,1,0,0
0x46b22c,0%,1,0,1,0,1,0,0
0x46ddde,0%,1,0,1,0,1,0,0
0x46d24d,0%,1,0,1,0,1,0,0
0x46ded6,0%,1,0,1,0,1,0,0
0x47cccf,66.6667%,1,2,3,2,1,0,0
0x414120,99.9572%,1,2337,2338,2337,1,0,0
0x41e00e,0%,1,0,1,0,1,0,0
0x405f53,96.6667%,1,29,30,29,0,1,0
0x4c9683,99.9954%,1,21902,21903,17226,1,0,4676
0x49fe26,90.9091%,1,10,11,10,1,0,0
0x46e398,99.905%,1,1052,1053,0,0,1,1052
0x42a653,99.938%,1,1612,1613,0,0,1,1612
0x4245e6,0%,1,0,1,0,1,0,0
0x4a7226,66.6667%,1,2,3,2,1,0,0
0x4a2990,0%,1,0,1,0,1,0,0
0x4a2cd3,0%,1,0,1,0,1,0,0
0x4125ef,99.9214%,1,1271,1272,1271,1,0,0
0x46fd27,0%,1,0,1,0,1,0,0
0x403f48,99.9607%,1,2543,2544,2543,1,0,0
0x45e503,99.9119%,1,1134,1135,1134,1,0,0
0x40d054,99.9995%,1,186783,186784,175109,1,0,11674
0x469d9d,0%,1,0,1,0,1,0,0
0x4344f3,99.7904%,1,476,477,476,1,0,0
0x43804e,99.7904%,1,476,477,476,1,0,0
0x46b72f,0%,1,0,1,0,1,0,0
0x46b80b,0%,1,0,1,0,1,0,0
0x4530d7,0%,1,0,1,0,1,0,0
0x4a1dfe,0%,1,0,1,0,1,0,0
0x45329c,0%,1,0,1,0,1,0,0
0x4533ef,0%,1,0,1,0,1,0,0
0x485a0c,0%,1,0,1,0,1,0,0
0x46a07a,0%,1,0,1,0,0,1,0
0x485ac9,0%,1,0,1,0,1,0,0
0x452ecc,0%,1,0,1,0,1,0,0
0x471ae3,0%,1,0,1,0,1,0,0
0x4ac4b7,0%,1,0,1,0,1,0,0
0x4158ac,0%,1,0,1,0,1,0,0
0x412609,99.9214%,1,1271,1272,1271,1,0,0
0x46b309,0%,1,0,1,0,1,0,0
0x46b4a2,0%,1,0,1,0,1,0,0
0x469dd6,0%,1,0,1,0,1,0,0
0x49be9c,66.6667%,1,2,3,2,1,0,0
0x4558ce,0%,1,0,1,0,1,0,0
0x46b88b,0%,1,0,1,0,1,0,0
0x42b9ac,83.3333%,1,5,6,2,1,0,3
0x46b8a2,0%,1,0,1,0,1,0,0
0x46c162,0%,1,0,1,0,1,0,0
0x46c2f0,0%,1,0,1,0,1,0,0
0x46c37f,0%,1,0,1,0,1,0,0
0x46c461,0%,1,0,1,0,1,0,0
0x46c4b5,0%,1,0,1,0,1,0,0
0x46c521,0%,1,0,1,0,1,0,0
0x46c611,0%,1,0,1,0,1,0,0
0x46e0fb,99.9572%,1,2337,2338,2337,1,0,0
0x46c77e,0%,1,0,1,0,1,0,0
0x433e78,99.8952%,1,953,954,953,1,0,0
0x4a1636,0%,1,0,1,0,1,0,0
0x4a1267,0%,1,0,1,0,1,0,0
0x4a1538,0%,1,0,1,0,1,0,0
0x46efc2,0%,1,0,1,0,0,1,0
0x4bdc9a,66.6667%,1,2,3,1,1,0,1
0x46dcef,0%,1,0,1,0,1,0,0
0x4f0ab1,0%,1,0,1,0,1,0,0
0x4136a6,0%,1,0,1,0,1,0,0
0x42454a,0%,1,0,1,0,0,1,0
0x469789,0%,1,0,1,0,0,1,0
0x452d04,0%,1,0,1,0,1,0,0
0x4a2093,0%,1,0,1,0,1,0,0
0x49c716,90.9091%,1,10,11,10,1,0,0
0x4a1618,92.3077%,1,12,13,0,1,0,12
0x46969a,0%,1,0,1,0,1,0,0
0x46ed26,0%,1,0,1,0,1,0,0
0x4a1154,0%,1,0,1,0,1,0,0
0x4f05b4,0%,1,0,1,0,1,0,0
0x4a1b84,0%,1,0,1,0,1,0,0
0x4a1ca1,0%,1,0,1,0,0,1,0
0x4a0fb0,80%,1,4,5,4,1,0,0
0x4f061f,80%,1,4,5,4,1,0,0
0x4170fa,66.6667%,1,2,3,2,1,0,0
0x46c55e,0%,1,0,1,0,1,0,0
0x416a04,66.6667%,1,2,3,2,1,0,0
0x41eaf5,0%,1,0,1,0,1,0,0
0x4a1fc3,0%,1,0,1,0,1,0,0
0x49fa3f,90%,1,9,10,9,1,0,0
0x41e9b5,0%,1,0,1,0,1,0,0
0x4a241c,0%,1,0,1,0,1,0,0
0x4a218a,0%,1,0,1,0,1,0,0
0x4a2265,0%,1,0,1,0,1,0,0
0x49c663,90.9091%,1,10,11,10,1,0,0
0x4a0693,90.9091%,1,10,11,10,1,0,0
0x49fa0a,90.9091%,1,10,11,10,1,0,0
0x49bee4,50%,1,1,2,0,0,1,1
0x49bed6,66.6667%,1,2,3,0,1,0,2
0x4f3444,90.9091%,1,10,11,10,1,0,0
0x49f9fd,90.9091%,1,10,11,10,1,0,0
0x454f94,0%,1,0,1,0,1,0,0
0x4a0bd7,90.9091%,1,10,11,10,1,0,0
0x46a6de,0%,1,0,1,0,1,0,0
0x46c3d3,0%,1,0,1,0,1,0,0
0x49c567,90.9091%,1,10,11,0,1,0,10
0x49c5a0,90.9091%,1,10,11,10,1,0,0
0x49fd0b,90.9091%,1,10,11,10,1,0,0
0x46ccd3,0%,1,0,1,0,1,0,0
0x49c5a9,90.9091%,1,10,11,10,1,0,0
0x4a2cee,0%,1,0,1,0,1,0,0
0x41563e,99.9203%,1,1253,1254,1253,1,0,0
0x49be43,66.6667%,1,2,3,2,1,0,0
0x433770,99.938%,1,1612,1613,1612,1,0,0
0x49c787,50%,1,1,2,1,1,0,0
0x46bfde,0%,1,0,1,0,1,0,0
0x49c7e0,50%,1,1,2,0,1,0,1
0x4a58dd,66.6667%,1,2,3,1,1,0,1
0x454fde,0%,1,0,1,0,1,0,0
0x4a03b3,0%,1,0,1,0,1,0,0
0x46a1d6,0%,1,0,1,0,1,0,0
0x413797,0%,1,0,1,0,1,0,0
0x47c829,66.6667%,1,2,3,2,1,0,0
0x41a666,0%,1,0,1,0,1,0,0
0x46f05a,0%,1,0,1,0,1,0,0
0x4a0a88,0%,1,0,1,0,0,1,0
0x473f55,0%,1,0,1,0,1,0,0
0x49c1ea,50%,1,1,2,1,1,0,0
0x46f769,0%,1,0,1,0,1,0,0
0x46d8b7,0%,1,0,1,0,1,0,0
0x453083,0%,1,0,1,0,1,0,0
0x46fd94,0%,1,0,1,0,1,0,0
0x46a5d5,0%,1,0,1,0,1,0,0
0x46f78a,0%,1,0,1,0,1,0,0
0x46f7a9,0%,1,0,1,0,1,0,0
0x46fc12,0%,1,0,1,0,1,0,0
0x4bde84,50%,1,1,2,0,0,1,1
0x4bdbb9,50%,1,1,2,0,1,0,1
0x47b2a5,0%,1,0,1,0,1,0,0
0x47b2c3,0%,1,0,1,0,0,1,0
0x47b317,0%,1,0,1,0,1,0,0
0x4153b8,99.9572%,1,2337,2338,2128,0,1,209
0x401614,0%,1,0,1,0,1,0,0
0x46c192,0%,1,0,1,0,1,0,0
0x44e538,99.9722%,1,3599,3600,3599,1,0,0
0x46de6c,0%,1,0,1,0,1,0,0
0x4ae431,0%,1,0,1,0,1,0,0
0x4a21ce,0%,1,0,1,0,1,0,0
0x45555c,0%,1,0,1,0,1,0,0
0x46f353,0%,1,0,1,0,1,0,0
0x4ac4e0,0%,1,0,1,0,1,0,0
0x4ae51c,0%,1,0,1,0,1,0,0
0x46b404,0%,1,0,1,0,1,0,0
0x4a1cae,0%,1,0,1,0,1,0,0
0x4a090f,0%,1,0,1,0,1,0,0
0x46c01d,0%,1,0,1,0,1,0,0
0x4ab8b1,0%,1,0,1,0,1,0,0
0x42aac6,99.9375%,1,1599,1600,1599,1,0,0
0x4bdbc5,66.6667%,1,2,3,2,1,0,0
0x4a22db,0%,1,0,1,0,1,0,0
0x46dc56,0%,1,0,1,0,1,0,0
0x4c9694,99.9954%,1,21902,21903,14888,1,0,7014
0x4a2a0a,0%,1,0,1,0,1,0,0
0x49c1cf,50%,1,1,2,1,1,0,0
0x45509f,0%,1,0,1,0,1,0,0
0x45510a,50%,1,1,2,0,1,0,1
0x455114,0%,1,0,1,0,1,0,0
0x455156,0%,1,0,1,0,1,0,0
0x4a74c1,66.6667%,1,2,3,2,1,0,0
0x49fa32,90.9091%,1,10,11,0,1,0,10
0x485955,0%,1,0,1,0,1,0,0
0x4a7518,66.6667%,1,2,3,2,1,0,0
0x4bdcea,50%,1,1,2,1,1,0,0
0x4a759f,66.6667%,1,2,3,2,1,0,0
0x4bdbf7,66.6667%,1,2,3,2,1,0,0
0x42b818,66.6667%,1,2,3,2,1,0,0
0x41f885,0%,1,0,1,0,1,0,0
0x43380b,99.938%,1,1612,1613,1612,1,0,0
0x45530e,0%,1,0,1,0,1,0,0
0x45537f,0%,1,0,1,0,1,0,0
0x4557d7,0%,1,0,1,0,1,0,0
0x45ff8b,0%,1,0,1,0,1,0,0
0x4a1577,0%,1,0,1,0,1,0,0
0x460053,0%,1,0,1,0,1,0,0
0x407ee5,99.9885%,1,8727,8728,7637,0,1,1090
0x452e5f,0%,1,0,1,0,1,0,0
0x46f725,0%,1,0,1,0,1,0,0
0x46f75a,0%,1,0,1,0,0,1,0
0x4138a8,0%,1,0,1,0,1,0,0
0x4a1f31,50%,1,1,2,1,1,0,0
0x45f852,85.7143%,1,6,7,6,1,0,0
0x4a71a1,66.6667%,1,2,3,2,1,0,0
0x413b8c,99.9557%,1,2257,2258,28,1,0,2229
0x46db77,0%,1,0,1,0,1,0,0
0x4a2880,0%,1,0,1,0,1,0,0
0x49be7f,66.6667%,1,2,3,2,1,0,0
0x49c570,90%,1,9,10,9,1,0,0
0x45e56c,99.886%,1,876,877,876,1,0,0
0x4a12ef,0%,1,0,1,0,1,0,0
0x472137,96.6667%,1,29,30,29,1,0,0
0x46aa8b,0%,1,0,1,0,1,0,0
0x44e4e5,99.9722%,1,3599,3600,3599,1,0,0
0x4699d0,0%,1,0,1,0,1,0,0
0x46ed54,0%,1,0,1,0,1,0,0
0x405608,99.9975%,1,40175,40176,39679,1,0,496
0x4a25dd,0%,1,0,1,0,1,0,0
0x4a030d,0%,1,0,1,0,1,0,0
0x4a1d43,0%,1,0,1,0,1,0,0
0x46c0a9,0%,1,0,1,0,1,0,0
0x4245ad,0%,1,0,1,0,1,0,0
0x416810,0%,1,0,1,0,1,0,0
0x4ae52d,0%,1,0,1,0,0,1,0
0x46f857,0%,1,0,1,0,1,0,0
0x433699,99.9572%,1,2337,2338,725,0,1,1612
0x401459,0%,1,0,1,0,1,0,0
0x4a20ea,0%,1,0,1,0,1,0,0
0x4f1cd2,0%,1,0,1,0,1,0,0
0x49c82a,50%,1,1,2,1,1,0,0
0x413892,0%,1,0,1,0,1,0,0
0x46a2b2,0%,1,0,1,0,1,0,0
0x49be14,66.6667%,1,2,3,2,1,0,0
0x4f0bac,50%,1,1,2,1,1,0,0
0x471fdc,96.6667%,1,29,30,29,0,1,0
0x455165,0%,1,0,1,0,1,0,0
0x46c8ea,0%,1,0,1,0,1,0,0
0x416c56,98.8889%,1,89,90,0,0,1,89
0x4a1f0e,0%,1,0,1,0,1,0,0
0x41387b,0%,1,0,1,0,1,0,0
0x4ac553,0%,1,0,1,0,1,0,0
0x4340a4,99.7904%,1,476,477,476,1,0,0
0x4a7206,66.6667%,1,2,3,2,1,0,0
0x4157cb,0%,1,0,1,0,1,0,0
0x42b59d,85.7143%,1,6,7,6,1,0,0
0x42bc2c,99.9348%,1,1533,1534,5,1,0,1528
0x46b7cf,0%,1,0,1,0,1,0,0
0x46c73e,0%,1,0,1,0,1,0,0
0x471dbf,96.6667%,1,29,30,0,1,0,29
0x49bd4f,66.6667%,1,2,3,2,1,0,0
0x4c980a,66.6667%,1,2,3,2,1,0,0
0x46c087,0%,1,0,1,0,1,0,0
0x41eab4,0%,1,0,1,0,1,0,0
0x469c78,0%,1,0,1,0,1,0,0
0x415179,99.9572%,1,2337,2338,209,1,0,2128
0x41366b,0%,1,0,1,0,1,0,0
0x46a13e,0%,1,0,1,0,1,0,0
0x49c47e,90.9091%,1,10,11,10,1,0,0
0x46fec5,0%,1,0,1,0,1,0,0
0x46fd45,0%,1,0,1,0,1,0,0
0x46d808,0%,1,0,1,0,1,0,0
0x4ae54a,0%,1,0,1,0,1,0,0
0x41288d,99.8489%,1,661,662,661,1,0,0
0x4a231d,0%,1,0,1,0,1,0,0
0x42b376,98.7805%,1,81,82,81,1,0,0
0x4a0c59,90.9091%,1,10,11,10,1,0,0
0x46ebd6,0%,1,0,1,0,1,0,0
0x4a1603,0%,1,0,1,0,1,0,0
0x461120,99.7207%,1,357,358,357,1,0,0
0x4615ee,99.7207%,1,357,358,357,1,0,0
0x4a08a4,0%,1,0,1,0,1,0,0
0x4ae573,0%,1,0,1,0,1,0,0
0x461723,99.7207%,1,357,358,357,1,0,0
0x43818a,99.7904%,1,476,477,476,1,0,0
0x460cfe,99.7895%,1,474,475,474,1,0,0
0x46ca9d,0%,1,0,1,0,1,0,0
0x415899,0%,1,0,1,0,1,0,0
0x4697a1,0%,1,0,1,0,1,0,0
0x402a19,99.9989%,1,89239,89240,2176,0,1,87063
0x445bfb,99.9361%,1,1563,1564,1563,1,0,0
0x49f994,90.9091%,1,10,11,10,1,0,0
0x42b799,99.2308%,1,129,130,129,1,0,0
0x42b9e1,99.2308%,1,129,130,0,0,1,129
0x4168bc,0%,1,0,1,0,1,0,0
0x46fdc5,0%,1,0,1,0,1,0,0
0x4f096b,80%,1,4,5,0,1,0,4
0x42b731,92.8571%,1,13,14,6,1,0,7
0x46b086,0%,1,0,1,0,1,0,0
0x471cc2,0%,1,0,1,0,1,0,0
0x41b2f6,99.9957%,1,23423,23424,17568,0,1,5855
0x49c5e7,90.9091%,1,10,11,0,1,0,10
0x4017a3,50%,1,1,2,1,1,0,0
0x428670,99.9583%,1,2399,2400,29,1,0,2370
0x42b586,93.75%,1,15,16,7,1,0,8
0x433fda,99.8952%,1,953,954,953,1,0,0
0x4a74fe,66.6667%,1,2,3,2,1,0,0
0x463c6f,99.5238%,1,209,210,209,1,0,0
0x46983b,0%,1,0,1,0,1,0,0
0x452ea5,0%,1,0,1,0,1,0,0
0x469d6d,0%,1,0,1,0,1,0,0
0x41e970,0%,1,0,1,0,1,0,0
0x46ca69,0%,1,0,1,0,1,0,0
0x4a206f,0%,1,0,1,0,1,0,0
0x46f130,0%,1,0,1,0,1,0,0
0x4f0a7f,0%,1,0,1,0,1,0,0
0x46ca05,0%,1,0,1,0,1,0,0
0x417182,96.6667%,1,29,30,29,0,1,0
0x4381b9,99.7904%,1,476,477,476,1,0,0
0x49bda4,66.6667%,1,2,3,2,1,0,0
0x439d36,99.7207%,1,357,358,357,1,0,0
0x4a71f5,100%,0,3,3,0,0,0,3
0x4ae423,100%,0,1,1,0,0,0,1
0x4279bf,100%,0,2833,2833,0,0,0,2833
0x47401e,100%,0,1,1,0,0,0,1
0x45d172,100%,0,877,877,0,0,0,877
0x4ae53e,100%,0,1,1,0,0,0,1
0x42784f,100%,0,419,419,0,0,0,419
0x4ab8a6,100%,0,1,1,0,0,0,1
0x4a204e,100%,0,1,1,0,0,0,1
0x4ac4c3,100%,0,1,1,0,0,0,1
0x433a76,100%,0,1135,1135,0,0,0,1135
0x46ffe1,100%,0,1,1,0,0,0,1
0x4ab88d,100%,0,1,1,0,0,0,1
0x46f706,100%,0,1,1,0,0,0,1
0x42a618,100%,0,716,716,0,0,0,716
0x404f4f,100%,0,496,496,0,0,0,496
0x413707,100%,0,1,1,0,0,0,1
0x47af0e,100%,0,1,1,0,0,0,1
0x4ca22d,100%,0,17,17,0,0,0,17
0x4a2029,100%,0,1,1,0,0,0,1
0x40143a,100%,0,1,1,0,0,0,1
0x42bb75,100%,0,1564,1564,0,0,0,1564
0x43459c,100%,0,477,477,0,0,0,477
0x45d2cc,100%,0,508,508,508,0,0,0
0x44a8eb,100%,0,2650,2650,2650,0,0,0
0x41369c,100%,0,1,1,0,0,0,1
0x41482c,100%,0,7014,7014,0,0,0,7014
0x45f992,100%,0,33,33,0,0,0,33
0x4024e3,100%,0,1546,1546,773,0,0,773
0x433335,100%,0,30,30,30,0,0,0
0x41a6a0,100%,0,2,2,0,0,0,2
0x43511e,100%,0,610,610,610,0,0,0
0x41a6ec,100%,0,2,2,0,0,0,2
0x469c0b,100%,0,1,1,0,0,0,1
0x471dd2,100%,0,29,29,0,0,0,29
0x46f79c,100%,0,1,1,0,0,0,1
0x43c29d,100%,0,836,836,836,0,0,0
0x427b7a,100%,0,791,791,0,0,0,791
0x4dfe76,100%,0,1,1,0,0,0,1
0x49bf00,100%,0,2,2,0,0,0,2
0x4ab9b4,100%,0,1,1,0,0,0,1
0x4ab9c5,100%,0,1,1,0,0,0,1
0x4ac60b,100%,0,1,1,1,0,0,0
0x433ba4,100%,0,477,477,0,0,0,477
0x4c97e9,100%,0,3,3,0,0,0,3
0x49bcdc,100%,0,3,3,0,0,0,3
0x47cdc8,100%,0,1,1,0,0,0,1
0x429085,100%,0,2235,2235,0,0,0,2235
0x4c99a4,100%,0,3,3,0,0,0,3
0x4a71e8,100%,0,3,3,0,0,0,3
0x4278c7,100%,0,149,149,0,0,0,149
0x47b245,100%,0,1,1,0,0,0,1
0x41a6cb,100%,0,2,2,0,0,0,2
0x473fe9,100%,0,1,1,0,0,0,1
0x42890f,100%,0,302,302,0,0,0,302
0x439437,100%,0,610,610,610,0,0,0
0x4a75ac,100%,0,3,3,0,0,0,3
0x4135de,100%,0,1,1,0,0,0,1
0x412292,100%,0,556,556,556,0,0,0
0x4392f5,100%,0,610,610,610,0,0,0
0x406007,100%,0,30,30,0,0,0,30
0x4a2f81,100%,0,5,5,0,0,0,5
0x4859a3,100%,0,1,1,0,0,0,1
0x4bdc89,100%,0,3,3,0,0,0,3
0x469f2b,100%,0,1,1,0,0,0,1
0x46e1dc,100%,0,2338,2338,0,0,0,2338
0x4bdc9f,100%,0,1,1,0,0,0,1
0x43a56f,100%,0,1087,1087,0,0,0,1087
0x43c942,100%,0,465,465,0,0,0,465
0x47cbac,100%,0,3,3,0,0,0,3
0x473fb4,100%,0,1,1,0,0,0,1
0x47cbdc,100%,0,3,3,0,0,0,3
0x4a06df,100%,0,11,11,0,0,0,11
0x47b207,100%,0,1,1,0,0,0,1
0x4556fd,100%,0,1,1,0,0,0,1
0x46b3d4,100%,0,1,1,0,0,0,1
0x43c954,100%,0,465,465,0,0,0,465
0x43950f,100%,0,2337,2337,2337,0,0,0
0x49bef2,100%,0,2,2,0,0,0,2
0x439320,100%,0,465,465,465,0,0,0
0x49be8e,100%,0,3,3,0,0,0,3
0x44b300,100%,0,1086,1086,1086,0,0,0
0x438cf2,100%,0,610,610,610,0,0,0
0x4551ac,100%,0,1,1,0,0,0,1
0x428e26,100%,0,280,280,0,0,0,280
0x4551ba,100%,0,1,1,0,0,0,1
0x4551d9,100%,0,1,1,0,0,0,1
0x4551f4,100%,0,1,1,0,0,0,1
0x45520d,100%,0,1,1,0,0,0,1
0x45521c,100%,0,1,1,0,0,0,1
0x405189,100%,0,80352,80352,79856,0,0,496
0x4a748a,100%,0,3,3,0,0,0,3
0x4a297d,100%,0,1,1,0,0,0,1
0x4a74b3,100%,0,3,3,0,0,0,3
0x4a74d4,100%,0,3,3,0,0,0,3
0x43a3f6,100%,0,1087,1087,1087,0,0,0
0x4a74f9,100%,0,3,3,0,0,0,3
0x4a750a,100%,0,3,3,0,0,0,3
0x46b2c1,100%,0,1,1,0,0,0,1
0x45ef1a,100%,0,3508,3508,0,0,0,3508
0x429376,100%,0,2235,2235,0,0,0,2235
0x45e6f3,100%,0,877,877,877,0,0,0
0x471b9f,100%,0,1,1,1,0,0,0
0x46f6d5,100%,0,1,1,0,0,0,1
0x46ecac,100%,0,1,1,0,0,0,1
0x428985,100%,0,2235,2235,0,0,0,2235
0x40283b,100%,0,5569,5569,0,0,0,5569
0x403439,100%,0,7608,7608,0,0,0,7608
0x44e69f,100%,0,3600,3600,0,0,0,3600
0x47b2d1,100%,0,1,1,0,0,0,1
0x428ee6,100%,0,2040,2040,0,0,0,2040
0x427c25,100%,0,6693,6693,6693,0,0,0
0x4a716a,100%,0,3,3,0,0,0,3
0x44aa89,100%,0,1564,1564,0,0,0,1564
0x47afbd,100%,0,1,1,0,0,0,1
0x401768,100%,0,2,2,0,0,0,2
0x44b6e0,100%,0,1086,1086,1086,0,0,0
0x4a717d,100%,0,3,3,0,0,0,3
0x414980,100%,0,2338,2338,0,0,0,2338
0x4a7193,100%,0,3,3,0,0,0,3
0x4ac486,100%,0,3,3,0,0,0,3
0x4ac492,100%,0,3,3,0,0,0,3
0x427bc5,100%,0,1160,1160,1160,0,0,0
0x45ec68,100%,0,14032,14032,14032,0,0,0
0x45e3ed,100%,0,115,115,115,0,0,0
0x469dca,100%,0,1,1,0,0,0,1
0x439995,100%,0,2337,2337,0,0,0,2337
0x43999b,100%,0,2337,2337,2337,0,0,0
0x46f747,100%,0,1,1,1,0,0,0
0x45e0c4,100%,0,2337,2337,2337,0,0,0
0x45e15c,100%,0,2337,2337,2337,0,0,0
0x46f75e,100%,0,1,1,0,0,0,1
0x412950,100%,0,2490,2490,2490,0,0,0
0x4129a4,100%,0,2490,2490,0,0,0,2490
0x46b848,100%,0,1,1,0,0,0,1
0x45ecc0,100%,0,14032,14032,14032,0,0,0
0x46f77b,100%,0,1,1,0,0,0,1
0x4a2819,100%,0,1,1,0,0,0,1
0x46f77f,100%,0,1,1,0,0,0,1
0x4155ff,100%,0,2338,2338,0,0,0,2338
0x413b2d,100%,0,2258,2258,0,0,0,2258
0x4a1f8b,100%,0,1,1,0,0,0,1
0x41f832,100%,0,1,1,0,0,0,1
0x41f87d,100%,0,1,1,0,0,0,1
0x46fdbb,100%,0,1,1,0,0,0,1
0x47b214,100%,0,1,1,0,0,0,1
0x41388e,100%,0,1,1,0,0,0,1
0x460f54,100%,0,210,210,210,0,0,0
0x49fa24,100%,0,11,11,0,0,0,11
0x413659,100%,0,1,1,0,0,0,1
0x413702,100%,0,1,1,0,0,0,1
0x41378b,100%,0,1,1,0,0,0,1
0x46d239,100%,0,1,1,0,0,0,1
0x405247,100%,0,496,496,496,0,0,0
0x44b97a,100%,0,676,676,0,0,0,676
0x46c046,100%,0,1,1,1,0,0,0
0x415183,100%,0,2128,2128,2128,0,0,0
0x413871,100%,0,1,1,0,0,0,1
0x4135f6,100%,0,1,1,0,0,0,1
0x49be07,100%,0,3,3,0,0,0,3
0x46c29c,100%,0,1,1,1,0,0,0
0x404bd7,100%,0,4676,4676,4676,0,0,0
0x4186c5,100%,0,90,90,90,0,0,0
0x40171e,100%,0,1,1,0,0,0,1
0x4bdcc9,100%,0,2,2,0,0,0,2
0x439940,100%,0,1087,1087,1087,0,0,0
0x401aeb,100%,0,12784,12784,0,0,0,12784
0x46c9e0,100%,0,1,1,0,0,0,1
0x463c80,100%,0,210,210,210,0,0,0
0x401baf,100%,0,12784,12784,12784,0,0,0
0x471f65,100%,0,30,30,0,0,0,30
0x4a1b66,100%,0,1,1,0,0,0,1
0x41579b,100%,0,1,1,0,0,0,1
0x416b38,100%,0,87,87,87,0,0,0
0x4158d0,100%,0,1,1,0,0,0,1
0x415906,100%,0,1,1,0,0,0,1
0x45d14f,100%,0,877,877,0,0,0,877
0x46b2f1,100%,0,1,1,0,0,0,1
0x46b3f4,100%,0,1,1,0,0,0,1
0x4ba7f8,100%,0,1,1,0,0,0,1
0x45323b,100%,0,1,1,0,0,0,1
0x471b1a,100%,0,1,1,0,0,0,1
0x4bdad5,100%,0,4,4,0,0,0,4
0x471b30,100%,0,1,1,0,0,0,1
0x43c7ef,100%,0,358,358,0,0,0,358
0x402a96,100%,0,2176,2176,2176,0,0,0
0x404ec7,100%,0,496,496,0,0,0,496
0x46b7ca,100%,0,1,1,0,0,0,1
0x47cbbe,100%,0,3,3,0,0,0,3
0x46b7f8,100%,0,1,1,0,0,0,1
0x413e59,100%,0,2308,2308,0,0,0,2308
0x40519a,100%,0,496,496,496,0,0,0
0x4135b0,100%,0,1,1,0,0,0,1
0x46187b,100%,0,716,716,0,0,0,716
0x461284,100%,0,210,210,210,0,0,0
0x4ae41c,100%,0,1,1,0,0,0,1
0x4339a3,100%,0,1613,1613,0,0,0,1613
0x43c7e6,100%,0,358,358,0,0,0,358
0x4061cb,100%,0,4762,4762,0,0,0,4762
0x43c7f8,100%,0,358,358,0,0,0,358
0x460de6,100%,0,475,475,0,0,0,475
0x42b982,100%,0,3,3,0,0,0,3
0x433a04,100%,0,1613,1613,0,0,0,1613
0x433a7e,100%,0,1135,1135,0,0,0,1135
0x44b7a2,100%,0,1086,1086,1086,0,0,0
0x4a7215,100%,0,3,3,0,0,0,3
0x4156bb,100%,0,475,475,0,0,0,475
0x42a416,100%,0,7,7,0,0,0,7
0x42ab4c,100%,0,212,212,0,0,0,212
0x42b31d,100%,0,82,82,0,0,0,82
0x42b739,100%,0,82,82,0,0,0,82
0x42ab11,100%,0,130,130,0,0,0,130
0x42b54d,100%,0,8,8,0,0,0,8
0x416e79,100%,0,3,3,0,0,0,3
0x416f5a,100%,0,3,3,3,0,0,0
0x437d44,100%,0,477,477,0,0,0,477
0x42b80e,100%,0,3,3,0,0,0,3
0x46c6fd,100%,0,1,1,0,0,0,1
0x44ac6d,100%,0,693,693,0,0,0,693
0x401c1e,100%,0,12784,12784,0,0,0,12784
0x46d249,100%,0,1,1,0,0,0,1
0x46d7fa,100%,0,1,1,0,0,0,1
0x45d35d,100%,0,164,164,0,0,0,164
0x46db0a,100%,0,1,1,0,0,0,1
0x41e643,100%,0,30,30,0,0,0,30
0x46dea9,100%,0,1,1,0,0,0,1
0x402a52,100%,0,2176,2176,0,0,0,2176
0x43a598,100%,0,212,212,0,0,0,212
0x43c14c,100%,0,210,210,0,0,0,210
0x433b71,100%,0,477,477,0,0,0,477
0x4290bc,100%,0,2235,2235,0,0,0,2235
0x46dfd4,100%,0,1,1,0,0,0,1
0x45e38a,100%,0,210,210,210,0,0,0
0x4149fb,100%,0,3226,3226,0,0,0,3226
0x4a22b1,100%,0,1,1,0,0,0,1
0x4339b4,100%,0,1613,1613,0,0,0,1613
0x45f89d,100%,0,210,210,210,0,0,0
0x401b9e,100%,0,12784,12784,0,0,0,12784
0x46b7c0,100%,0,1,1,0,0,0,1
0x46124d,100%,0,210,210,210,0,0,0
0x46c705,100%,0,1,1,0,0,0,1
0x405216,100%,0,496,496,0,0,0,496
0x45f23e,100%,0,3360,3360,3360,0,0,0
0x4a1fb8,100%,0,1,1,0,0,0,1
0x40571f,100%,0,1,1,0,0,0,1
0x40572b,100%,0,1,1,0,0,0,1
0x41377a,100%,0,1,1,0,0,0,1
0x419af3,100%,0,4,4,0,0,0,4
0x419b3f,100%,0,4,4,0,0,0,4
0x4338b2,100%,0,725,725,725,0,0,0
0x471b34,100%,0,1,1,1,0,0,0
0x414999,100%,0,4839,4839,0,0,0,4839
0x469c21,100%,0,1,1,0,0,0,1
0x4286f7,100%,0,2068,2068,0,0,0,2068
0x4016ce,100%,0,1,1,0,0,0,1
0x45f357,100%,0,210,210,210,0,0,0
0x42b805,100%,0,3,3,0,0,0,3
0x40179e,100%,0,2,2,0,0,0,2
0x433f80,100%,0,954,954,0,0,0,954
0x471dc7,100%,0,29,29,0,0,0,29
0x44e428,100%,0,1,1,0,0,0,1
0x414ab2,100%,0,1613,1613,0,0,0,1613
0x46e648,100%,0,210,210,0,0,0,210
0x44e457,100%,0,45,45,0,0,0,45
0x413876,100%,0,1,1,0,0,0,1
0x471f01,100%,0,30,30,0,0,0,30
0x41682a,100%,0,1,1,0,0,0,1
0x4ab89b,100%,0,1,1,0,0,0,1
0x433aba,100%,0,1135,1135,1135,0,0,0
0x4012d4,100%,0,3,3,0,0,0,3
0x4012f0,100%,0,3,3,0,0,0,3
0x46a02d,100%,0,1,1,0,0,0,1
0x4a2824,100%,0,1,1,0,0,0,1
0x428094,100%,0,30,30,30,0,0,0
0x469d7a,100%,0,1,1,0,0,0,1
0x4129ae,100%,0,2490,2490,0,0,0,2490
0x4a2f60,100%,0,1,1,0,0,0,1
0x42a40b,100%,0,38,38,0,0,0,38
0x469c3b,100%,0,1,1,0,0,0,1
0x45f955,100%,0,1088,1088,0,0,0,1088
0x414fca,100%,0,2338,2338,2338,0,0,0
0x41789d,100%,0,90,90,90,0,0,0
0x42a575,100%,0,15,15,0,0,0,15
0x43de05,100%,0,1,1,0,0,0,1
0x43de16,100%,0,1,1,0,0,0,1
0x414b58,100%,0,2320,2320,2320,0,0,0
0x4157e1,100%,0,1,1,0,0,0,1
0x453276,100%,0,1,1,0,0,0,1
0x45feb7,100%,0,7,7,7,0,0,0
0x452a21,100%,0,1,1,1,0,0,0
0x44e6ac,100%,0,3600,3600,0,0,0,3600
0x429497,100%,0,30,30,30,0,0,0
0x4a1e17,100%,0,1,1,0,0,0,1
0x453031,100%,0,1,1,0,0,0,1
0x41e8d3,100%,0,1,1,0,0,0,1
0x428ddb,100%,0,280,280,0,0,0,280
0x452d1c,100%,0,1,1,0,0,0,1
0x453241,100%,0,1,1,0,0,0,1
0x469dfb,100%,0,1,1,0,0,0,1
0x4286e2,100%,0,2068,2068,0,0,0,2068
0x445ed6,100%,0,1564,1564,0,0,0,1564
0x428e3b,100%,0,280,280,0,0,0,280
0x49c783,100%,0,2,2,0,0,0,2
0x471f2d,100%,0,30,30,0,0,0,30
0x40625a,100%,0,55840,55840,0,0,0,55840
0x471f34,100%,0,30,30,0,0,0,30
0x46b2de,100%,0,1,1,0,0,0,1
0x415762,100%,0,1,1,0,0,0,1
0x413aab,100%,0,2098,2098,0,0,0,2098
0x416931,100%,0,30,30,0,0,0,30
0x47001b,100%,0,1,1,0,0,0,1
0x4a1af2,100%,0,1,1,0,0,0,1
0x428b62,100%,0,2235,2235,0,0,0,2235
0x45f104,100%,0,210,210,210,0,0,0
0x401a27,100%,0,799,799,0,0,0,799
0x46e651,100%,0,210,210,210,0,0,0
0x428c83,100%,0,2235,2235,0,0,0,2235
0x428d98,100%,0,2320,2320,0,0,0,2320
0x428fb8,100%,0,2040,2040,0,0,0,2040
0x45d7e2,100%,0,1680,1680,0,0,0,1680
0x44e685,100%,0,3600,3600,0,0,0,3600
0x46fff4,100%,0,1,1,0,0,0,1
0x4a152b,100%,0,1,1,0,0,0,1
0x416b22,100%,0,87,87,87,0,0,0
0x404ad3,100%,0,4676,4676,0,0,0,4676
0x454f7f,100%,0,1,1,0,0,0,1
0x41ea86,100%,0,1,1,0,0,0,1
0x404f83,100%,0,496,496,0,0,0,496
0x46a08c,100%,0,1,1,0,0,0,1
0x413b90,100%,0,2229,2229,0,0,0,2229
0x46a0c0,100%,0,1,1,0,0,0,1
0x4293bb,100%,0,2235,2235,0,0,0,2235
0x46a1f7,100%,0,1,1,0,0,0,1
0x45d4f6,100%,0,1024,1024,1024,0,0,0
0x471d75,100%,0,31,31,0,0,0,31
0x4158ed,100%,0,1,1,0,0,0,1
0x439311,100%,0,610,610,145,0,0,465
0x413c28,100%,0,2229,2229,0,0,0,2229
0x4331e9,100%,0,2338,2338,2338,0,0,0
0x46dd83,100%,0,1,1,0,0,0,1
0x413bf8,100%,0,2229,2229,0,0,0,2229
0x42bb7e,100%,0,1564,1564,0,0,0,1564
0x402406,100%,0,773,773,0,0,0,773
0x46b3a8,100%,0,1,1,0,0,0,1
0x40e51e,100%,0,87120,87120,81675,0,0,5445
0x434f43,100%,0,115,115,0,0,0,115
0x426639,100%,0,45952,45952,0,0,0,45952
0x428dcb,100%,0,280,280,0,0,0,280
0x411b3f,100%,0,13098,13098,11460,0,0,1638
0x4a71b4,100%,0,3,3,0,0,0,3
0x4290d2,100%,0,2235,2235,0,0,0,2235
0x40e6a0,100%,0,87120,87120,81675,0,0,5445
0x46f5f4,100%,0,1,1,0,0,0,1
0x45da77,100%,0,425,425,0,0,0,425
0x4352a7,100%,0,610,610,0,0,0,610
0x49c547,100%,0,11,11,0,0,0,11
0x401a30,100%,0,799,799,0,0,0,799
0x46fd8b,100%,0,1,1,0,0,0,1
0x469733,100%,0,1,1,0,0,0,1
0x46123c,100%,0,568,568,0,0,0,568
0x4a1e94,100%,0,1,1,0,0,0,1
0x402426,100%,0,773,773,0,0,0,773
0x427a33,100%,0,3974,3974,821,0,0,3153
0x4029fb,100%,0,89240,89240,0,0,0,89240
0x413bd7,100%,0,2049,2049,0,0,0,2049
0x405205,100%,0,496,496,0,0,0,496
0x461d12,100%,0,433,433,433,0,0,0
0x46a208,100%,0,1,1,0,0,0,1
0x43a59e,100%,0,212,212,212,0,0,0
0x41237a,100%,0,556,556,556,0,0,0
0x404aed,100%,0,4676,4676,0,0,0,4676
0x4551cb,100%,0,1,1,0,0,0,1
0x45dc93,100%,0,231,231,0,0,0,231
0x46ffcc,100%,0,1,1,0,0,0,1
0x404da7,100%,0,30,30,0,0,0,30
0x4394fe,100%,0,2337,2337,0,0,0,2337
0x4ac7a9,100%,0,30,30,0,0,0,30
0x44b54d,100%,0,1086,1086,1086,0,0,0
0x46e962,100%,0,1,1,0,0,0,1
0x43504a,100%,0,610,610,0,0,0,610
0x427b65,100%,0,491,491,491,0,0,0
0x42a660,100%,0,1613,1613,0,0,0,1613
0x435406,100%,0,610,610,0,0,0,610
0x438adb,100%,0,610,610,0,0,0,610
0x41e6f3,100%,0,5,5,0,0,0,5
0x49c3f1,100%,0,14,14,0,0,0,14
0x4a08fc,100%,0,1,1,0,0,0,1
0x438ae7,100%,0,610,610,0,0,0,610
0x44afb7,100%,0,1086,1086,0,0,0,1086
0x44afc4,100%,0,1086,1086,0,0,0,1086
0x415042,100%,0,2338,2338,2338,0,0,0
0x438ace,100%,0,610,610,0,0,0,610
0x434059,100%,0,954,954,0,0,0,954
0x45f977,100%,0,466,466,0,0,0,466
0x4a2413,100%,0,1,1,0,0,0,1
0x4352fb,100%,0,610,610,610,0,0,0
0x43942d,100%,0,610,610,0,0,0,610
0x404ca7,100%,0,9546,9546,9546,0,0,0
0x413b44,100%,0,2078,2078,0,0,0,2078
0x46e585,100%,0,2128,2128,0,0,0,2128
0x4288a2,100%,0,302,302,0,0,0,302
0x4ac7d4,100%,0,30,30,0,0,0,30
0x4288b3,100%,0,302,302,0,0,0,302
0x4288ff,100%,0,302,302,0,0,0,302
0x433dca,100%,0,954,954,0,0,0,954
0x405227,100%,0,496,496,0,0,0,496
0x429284,100%,0,2235,2235,0,0,0,2235
0x4024ef,100%,0,773,773,773,0,0,0
0x4353b9,100%,0,610,610,610,0,0,0
0x4029b1,100%,0,89240,89240,89240,0,0,0
0x43c94b,100%,0,465,465,0,0,0,465
0x43365e,100%,0,2338,2338,2338,0,0,0
0x44bc2a,100%,0,1086,1086,0,0,0,1086
0x44a97c,100%,0,1564,1564,0,0,0,1564
0x402d24,100%,0,8238,8238,8238,0,0,0
0x4028ea,100%,0,89240,89240,0,0,0,89240
0x471cb2,100%,0,1,1,0,0,0,1
0x45579a,100%,0,1,1,0,0,0,1
0x45f918,100%,0,1088,1088,0,0,0,1088
0x46e1f3,100%,0,2338,2338,0,0,0,2338
0x4461e7,100%,0,1564,1564,0,0,0,1564
0x45fd13,100%,0,278,278,278,0,0,0
0x4351c2,100%,0,610,610,0,0,0,610
0x4482ca,100%,0,1564,1564,0,0,0,1564
0x4c96da,100%,0,4577,4577,4577,0,0,0
0x4028fc,100%,0,89240,89240,0,0,0,89240
0x414e00,100%,0,2128,2128,0,0,0,2128
0x44aeed,100%,0,2650,2650,2650,0,0,0
0x4338a5,100%,0,725,725,0,0,0,725
0x46f0f0,100%,0,1,1,0,0,0,1
0x401554,100%,0,1,1,0,0,0,1
0x46fd6d,100%,0,1,1,0,0,0,1
0x4f1046,100%,0,5,5,0,0,0,5
0x4ba80b,100%,0,1,1,0,0,0,1
0x404c03,100%,0,9546,9546,0,0,0,9546
0x4bda78,100%,0,968,968,0,0,0,968
0x453236,100%,0,1,1,0,0,0,1
0x469c74,100%,0,1,1,0,0,0,1
0x44acbb,100%,0,1564,1564,0,0,0,1564
0x455330,100%,0,1,1,0,0,0,1
0x433131,100%,0,2338,2338,0,0,0,2338
0x41474d,100%,0,7014,7014,7014,0,0,0
0x428efa,100%,0,2040,2040,0,0,0,2040
0x463553,100%,0,600,600,600,0,0,0
0x414210,100%,0,2338,2338,0,0,0,2338
0x4a22c9,100%,0,1,1,0,0,0,1
0x47b2ef,100%,0,1,1,0,0,0,1
0x427b39,100%,0,861,861,0,0,0,861
0x4147da,100%,0,7014,7014,7014,0,0,0
0x42bc7a,100%,0,1564,1564,0,0,0,1564
0x454b83,100%,0,2338,2338,0,0,0,2338
0x4287b6,100%,0,2068,2068,0,0,0,2068
0x40602a,100%,0,30,30,30,0,0,0
0x43300c,100%,0,2338,2338,0,0,0,2338
0x428aae,100%,0,2235,2235,0,0,0,2235
0x4330da,100%,0,2338,2338,2338,0,0,0
0x412306,100%,0,556,556,556,0,0,0
0x413c3f,100%,0,2049,2049,0,0,0,2049
0x472006,100%,0,30,30,0,0,0,30
0x4a1022,100%,0,5,5,0,0,0,5
0x4c96c9,100%,0,17226,17226,0,0,0,17226
0x413ed8,100%,0,2338,2338,2338,0,0,0
0x413f33,100%,0,2338,2338,2338,0,0,0
0x4a1032,100%,0,5,5,0,0,0,5
0x4146e5,100%,0,7014,7014,7014,0,0,0
0x43c813,100%,0,37,37,0,0,0,37
0x41361e,100%,0,1,1,0,0,0,1
0x472025,100%,0,30,30,30,0,0,0
0x4c966c,100%,0,21903,21903,21903,0,0,0
0x46e198,100%,0,30,30,0,0,0,30
0x460c9c,100%,0,1053,1053,1053,0,0,0
0x4332aa,100%,0,725,725,725,0,0,0
0x4278d9,100%,0,189,189,0,0,0,189
0x414b1f,100%,0,2370,2370,2370,0,0,0
0x4155f9,100%,0,2338,2338,0,0,0,2338
0x404f97,100%,0,496,496,496,0,0,0
0x414936,100%,0,2338,2338,2338,0,0,0
0x49bce5,100%,0,3,3,0,0,0,3
0x40141d,100%,0,1,1,0,0,0,1
0x415340,100%,0,1743,1743,0,0,0,1743
0x47b2d5,100%,0,1,1,0,0,0,1
0x428a99,100%,0,2235,2235,0,0,0,2235
0x42a3ab,100%,0,836,836,836,0,0,0
0x426fae,100%,0,203,203,203,0,0,0
0x414f5f,100%,0,2338,2338,2338,0,0,0
0x401f3b,100%,0,773,773,773,0,0,0
0x471b14,100%,0,1,1,0,0,0,1
0x45e1b3,100%,0,2337,2337,0,0,0,2337
0x46e8f0,100%,0,2338,2338,2338,0,0,0
0x45ec36,100%,0,3508,3508,0,0,0,3508
0x45e546,100%,0,877,877,0,0,0,877
0x433199,100%,0,2338,2338,2338,0,0,0
0x4336e3,100%,0,725,725,725,0,0,0
0x40344b,100%,0,7608,7608,0,0,0,7608
0x46e838,100%,0,2338,2338,0,0,0,2338
0x4552e6,100%,0,1,1,0,0,0,1
0x428c97,100%,0,2235,2235,0,0,0,2235
0x434f0e,100%,0,115,115,0,0,0,115
0x46e31d,100%,0,2338,2338,0,0,0,2338
0x4a2185,100%,0,1,1,0,0,0,1
0x4482b3,100%,0,477,477,0,0,0,477
0x4151b0,100%,0,2338,2338,2338,0,0,0
0x45fe80,100%,0,1,1,0,0,0,1
0x42458a,100%,0,1,1,0,0,0,1
0x46c008,100%,0,1,1,0,0,0,1
0x46dbcf,100%,0,1,1,0,0,0,1
0x404c1d,100%,0,9546,9546,0,0,0,9546
0x46e50a,100%,0,2338,2338,2338,0,0,0
0x4331dc,100%,0,2338,2338,0,0,0,2338
0x4331e4,100%,0,2338,2338,0,0,0,2338
0x4a031d,100%,0,1,1,0,0,0,1
0x45ff3b,100%,0,2,2,0,0,0,2
0x43320c,100%,0,2338,2338,0,0,0,2338
0x413bc0,100%,0,2229,2229,0,0,0,2229
0x404ca2,100%,0,9546,9546,0,0,0,9546
0x461d03,100%,0,433,433,0,0,0,433
0x446691,100%,0,2317,2317,2317,0,0,0
0x41582d,100%,0,1,1,0,0,0,1
0x404f72,100%,0,496,496,0,0,0,496
0x416875,100%,0,1,1,0,0,0,1
0x4335ac,100%,0,725,725,725,0,0,0
0x469af6,100%,0,1,1,0,0,0,1
0x4155a6,100%,0,2338,2338,0,0,0,2338
0x45d6e2,100%,0,2416,2416,0,0,0,2416
0x45eff4,100%,0,877,877,0,0,0,877
0x43c3a7,100%,0,2337,2337,0,0,0,2337
0x4062ba,100%,0,55840,55840,0,0,0,55840
0x405631,100%,0,496,496,496,0,0,0
0x46e6b0,100%,0,791,791,791,0,0,0
0x4dfe67,100%,0,1,1,0,0,0,1
0x4a1123,100%,0,1,1,0,0,0,1
0x44b0b9,100%,0,1086,1086,1086,0,0,0
0x42a60d,100%,0,725,725,9,0,0,716
0x416723,100%,0,1,1,1,0,0,0
0x469bef,100%,0,1,1,0,0,0,1
0x471efa,100%,0,30,30,0,0,0,30
0x47001f,100%,0,1,1,0,0,0,1
0x4f0aa2,100%,0,1,1,0,0,0,1
0x46cf5c,100%,0,1,1,0,0,0,1
0x433011,100%,0,2338,2338,0,0,0,2338
0x4ae543,100%,0,1,1,0,0,0,1
0x4ac79b,100%,0,30,30,0,0,0,30
0x4a1abe,100%,0,1,1,0,0,0,1
0x4135e9,100%,0,1,1,0,0,0,1
0x40354c,100%,0,60864,60864,60864,0,0,0
0x4a238c,100%,0,1,1,0,0,0,1
0x4a15fd,100%,0,1,1,0,0,0,1
0x4a1c03,100%,0,1,1,0,0,0,1
0x4f05d5,100%,0,1,1,0,0,0,1
0x46e024,100%,0,791,791,791,0,0,0
0x4a1b76,100%,0,1,1,0,0,0,1
0x49bebf,100%,0,3,3,0,0,0,3
0x44b24c,100%,0,1086,1086,0,0,0,1086
0x49bd93,100%,0,3,3,0,0,0,3
0x4633b5,100%,0,1053,1053,1053,0,0,0
0x46cc79,100%,0,1,1,0,0,0,1
0x469e24,100%,0,1,1,0,0,0,1
0x4a749d,100%,0,3,3,0,0,0,3
0x41513f,100%,0,2338,2338,2338,0,0,0
0x41a636,100%,0,1,1,0,0,0,1
0x4289bc,100%,0,2235,2235,0,0,0,2235
0x47b3ac,100%,0,1,1,1,0,0,0
0x49c6c5,100%,0,11,11,0,0,0,11
0x49c3c2,100%,0,14,14,0,0,0,14
0x49c434,100%,0,14,14,0,0,0,14
0x433a3e,100%,0,1135,1135,0,0,0,1135
0x4ac4d0,100%,0,1,1,0,0,0,1
0x49c76d,100%,0,2,2,0,0,0,2
0x46be59,100%,0,1,1,0,0,0,1
0x418580,100%,0,90,90,0,0,0,90
0x415364,100%,0,2338,2338,0,0,0,2338
0x428450,100%,0,30,30,0,0,0,30
0x49c7fd,100%,0,2,2,0,0,0,2
0x49c819,100%,0,2,2,0,0,0,2
0x4a03a3,100%,0,1,1,0,0,0,1
0x44ad5e,100%,0,1564,1564,1564,0,0,0
0x400656,100%,0,1,1,1,0,0,0
0x4a2363,100%,0,1,1,0,0,0,1
0x40e59c,100%,0,87120,87120,81675,0,0,5445
0x438d8c,100%,0,610,610,610,0,0,0
0x445f80,100%,0,1564,1564,0,0,0,1564
0x44afd1,100%,0,1086,1086,0,0,0,1086
0x4330ba,100%,0,2338,2338,2338,0,0,0
0x4a21b8,100%,0,1,1,0,0,0,1
0x4a21c6,100%,0,1,1,0,0,0,1
0x4335e5,100%,0,2333,2333,2333,0,0,0
0x43c12f,100%,0,210,210,210,0,0,0
0x4a22b9,100%,0,1,1,0,0,0,1
0x44afde,100%,0,1086,1086,0,0,0,1086
0x461387,100%,0,210,210,0,0,0,210
0x44b48a,100%,0,1086,1086,1086,0,0,0
0x4c97a9,100%,0,961,961,0,0,0,961
0x44aff2,100%,0,1086,1086,1086,0,0,0
0x4029a0,100%,0,89240,89240,0,0,0,89240
0x4f103f,100%,0,5,5,0,0,0,5
0x433fd0,100%,0,954,954,0,0,0,954
0x4c99ae,100%,0,3,3,0,0,0,3
0x460d64,100%,0,578,578,0,0,0,578
0x402acb,100%,0,5569,5569,5569,0,0,0
0x471f9a,100%,0,30,30,30,0,0,0
0x49c1e5,100%,0,2,2,0,0,0,2
0x4f09a7,100%,0,3,3,0,0,0,3
0x4f0bd6,100%,0,2,2,0,0,0,2
0x414b10,100%,0,2400,2400,30,0,0,2370
0x4a1d88,100%,0,1,1,0,0,0,1
0x4a1d98,100%,0,1,1,0,0,0,1
0x4a0fa3,100%,0,5,5,0,0,0,5
0x428eb1,100%,0,2040,2040,2040,0,0,0
0x42bbcc,100%,0,1564,1564,0,0,0,1564
0x46db18,100%,0,1,1,0,0,0,1
0x4a08e8,100%,0,1,1,0,0,0,1
0x40144f,100%,0,1,1,0,0,0,1
0x437d69,100%,0,477,477,0,0,0,477
0x4016e3,100%,0,5,5,0,0,0,5
0x4a1e88,100%,0,1,1,0,0,0,1
0x4f103a,100%,0,5,5,0,0,0,5
0x45dc75,100%,0,231,231,0,0,0,231
0x4f1041,100%,0,5,5,0,0,0,5
0x401b77,100%,0,12784,12784,0,0,0,12784
0x414840,100%,0,7014,7014,2338,0,0,4676
0x49c6f9,100%,0,11,11,0,0,0,11
0x4a1eb8,100%,0,1,1,0,0,0,1
0x4c971e,100%,0,3616,3616,0,0,0,3616
0x43c173,100%,0,210,210,210,0,0,0
0x42ac82,100%,0,1613,1613,0,0,0,1613
0x405f63,100%,0,30,30,0,0,0,30
0x45554e,100%,0,1,1,0,0,0,1
0x46e5a5,100%,0,2338,2338,0,0,0,2338
0x413afd,100%,0,2258,2258,0,0,0,2258
0x4291c3,100%,0,2235,2235,0,0,0,2235
0x46a22e,100%,0,2,2,0,0,0,2
0x428fa4,100%,0,2040,2040,0,0,0,2040
0x43a4cb,100%,0,4306,4306,4306,0,0,0
0x471eca,100%,0,29,29,0,0,0,29
0x45d8bc,100%,0,1024,1024,0,0,0,1024
0x46e561,100%,0,2338,2338,0,0,0,2338
0x469716,100%,0,1,1,0,0,0,1
0x4293a7,100%,0,2235,2235,0,0,0,2235
0x4556c2,100%,0,1,1,0,0,0,1
0x4287a2,100%,0,2068,2068,0,0,0,2068
0x44af2e,100%,0,2650,2650,0,0,0,2650
0x46980d,100%,0,1,1,0,0,0,1
0x414ba9,100%,0,2128,2128,2128,0,0,0
0x424551,100%,0,1,1,0,0,0,1
0x46f716,100%,0,1,1,0,0,0,1
0x416fac,100%,0,3,3,0,0,0,3
0x469885,100%,0,1,1,0,0,0,1
0x46e339,100%,0,1126,1126,0,0,0,1126
0x43a3c1,100%,0,1087,1087,1087,0,0,0
0x455091,100%,0,1,1,0,0,0,1
0x49c420,100%,0,14,14,0,0,0,14
0x41442b,100%,0,3951,3951,0,0,0,3951
0x4a1db4,100%,0,1,1,0,0,0,1
0x405f8f,100%,0,30,30,0,0,0,30
0x41e898,100%,0,11,11,11,0,0,0
0x428c57,100%,0,2235,2235,0,0,0,2235
0x42a3a6,100%,0,836,836,0,0,0,836
0x42a569,100%,0,330,330,0,0,0,330
0x4a29fb,100%,0,1,1,0,0,0,1
0x426641,100%,0,45952,45952,0,0,0,45952
0x401cd1,100%,0,799,799,799,0,0,0
0x41e813,100%,0,2,2,0,0,0,2
0x46efce,100%,0,1,1,0,0,0,1
0x433194,100%,0,2338,2338,0,0,0,2338
0x401bfb,100%,0,12784,12784,0,0,0,12784
0x41e915,100%,0,1,1,0,0,0,1
0x416922,100%,0,30,30,0,0,0,30
0x427860,100%,0,419,419,0,0,0,419
0x46e20a,100%,0,2338,2338,2338,0,0,0
0x46ec49,100%,0,1,1,0,0,0,1
0x4169ef,100%,0,3,3,0,0,0,3
0x47b250,100%,0,1,1,0,0,0,1
0x40297d,100%,0,89240,89240,0,0,0,89240
0x417007,100%,0,3,3,0,0,0,3
0x41488e,100%,0,4676,4676,0,0,0,4676
0x4a02f4,100%,0,1,1,0,0,0,1
0x401afc,100%,0,12784,12784,0,0,0,12784
0x416c13,100%,0,90,90,0,0,0,90
0x4338ce,100%,0,725,725,725,0,0,0
0x4137ee,100%,0,1,1,0,0,0,1
0x40e61c,100%,0,87120,87120,81675,0,0,5445
0x46976b,100%,0,1,1,0,0,0,1
0x437d55,100%,0,477,477,0,0,0,477
0x46f754,100%,0,1,1,0,0,0,1
0x46b07d,100%,0,1,1,0,0,0,1
0x49bfe7,100%,0,14,14,0,0,0,14
0x4351d1,100%,0,610,610,610,0,0,0
0x4289d2,100%,0,2235,2235,0,0,0,2235
0x404bce,100%,0,9352,9352,4676,0,0,4676
0x469bc5,100%,0,1,1,0,0,0,1
0x402a92,100%,0,4352,4352,2176,0,0,2176
0x413f81,100%,0,2338,2338,0,0,0,2338
0x4291ae,100%,0,2235,2235,0,0,0,2235
0x49c4c6,100%,0,11,11,11,0,0,0
0x402844,100%,0,5569,5569,0,0,0,5569
0x4129a9,100%,0,2490,2490,0,0,0,2490
0x4a1c0c,100%,0,1,1,0,0,0,1
0x4a140f,100%,0,1,1,0,0,0,1
0x413a84,100%,0,2308,2308,0,0,0,2308
0x409f51,100%,0,1142,1142,0,0,0,1142
0x429299,100%,0,2235,2235,0,0,0,2235
0x428b77,100%,0,2235,2235,0,0,0,2235
0x45fe24,100%,0,2,2,0,0,0,2
0x427c02,100%,0,2436,2436,0,0,0,2436
0x4bdb0a,100%,0,968,968,968,0,0,0
0x4ac744,100%,0,1,1,0,0,0,1
0x42b706,100%,0,7,7,0,0,0,7
0x433ab3,100%,0,1135,1135,0,0,0,1135
0x46dc90,100%,0,1,1,0,0,0,1
0x463977,100%,0,4349,4349,4349,0,0,0
0x46b46c,100%,0,1,1,0,0,0,1
0x49bcef,100%,0,3,3,0,0,0,3
0x41776b,100%,0,30,30,0,0,0,30
0x4ca251,100%,0,17,17,0,0,0,17
0x47c818,100%,0,3,3,0,0,0,3
0x49bd41,100%,0,3,3,0,0,0,3
0x49bd7d,100%,0,3,3,0,0,0,3
0x4540d7,100%,0,30,30,30,0,0,0
0x49bdb5,100%,0,3,3,0,0,0,3
0x4ac78a,100%,0,30,30,0,0,0,30
0x435275,100%,0,610,610,0,0,0,610
0x46ed3d,100%,0,1,1,0,0,0,1
