Branch PC,Accuracy,Mispredictions,Correct Predictions,Total,dir_t_pred_t,dir_t_pred_nt,dir_nt_pred_t,dir_nt_pred_nt
aggregate,99.335%,172679,25793339,25966018,16076843,77101,95578,9716496
0x4120ef,97.7827%,17735,782107,799842,726452,6994,10741,55655
0x411cdb,98.0154%,17006,839875,856881,755053,8133,8873,84822
0x411480,97.065%,15384,508777,524161,418537,6197,9187,90240
0x41ac73,97.0906%,14433,481642,496075,432903,7464,6969,48739
0x41104e,97.451%,12377,473180,485557,417834,5118,7259,55346
0x41ae23,97.35%,12207,448430,460637,434950,3823,8384,13480
0x412633,96.3858%,9458,252235,261693,41931,5590,3868,210304
0x410794,96.5608%,9012,253029,262041,211795,3826,5186,41234
0x412d38,99.1318%,6943,792732,799675,703522,2625,4318,89210
0x4130f0,98.9811%,5339,518655,523994,459122,2434,2905,59533
0x4123df,92.1441%,5216,61180,66396,21470,3061,2155,39710
0x4118ce,98.347%,4016,238941,242957,141691,1580,2436,97250
0x410341,97.851%,3450,157088,160538,27615,2045,1405,129473
0x412e6e,99.6149%,3299,853416,856715,755900,1296,2003,97516
0x41321e,99.3824%,2998,482392,485390,430039,1388,1610,52353
0x4134a1,98.9289%,2805,259069,261874,231060,1321,1484,28009
0x412fb0,98.9349%,2586,240204,242790,142394,1136,1450,97810
0x410c08,98.5868%,1721,120062,121783,66923,730,991,53139
0x413360,98.9598%,1265,120351,121616,74938,425,840,45413
0x4135e8,99.2399%,1219,159152,160371,141888,463,756,17264
0x40f2d5,83.4875%,750,3792,4542,3590,199,551,202
0x40c3fc,85.8516%,677,4108,4785,548,404,273,3560
0x40c0b8,86.9383%,625,4160,4785,3665,244,381,495
0x40f66f,92.0842%,553,6433,6986,5648,185,368,785
0x40c713,88.5475%,548,4237,4785,3630,203,345,607
0x40bdac,90.1358%,472,4313,4785,568,308,164,3745
0x40b308,97.2645%,460,16356,16816,84,427,33,16272
0x40bcce,97.2586%,460,16320,16780,146,365,95,16174
0x40aa4d,97.328%,449,16355,16804,120,391,58,16235
0x41acba,99.9327%,334,495741,496075,388462,131,203,107279
0x4157fb,84.6193%,299,1645,1944,286,187,112,1359
0x401ce3,92.7388%,298,3806,4104,1199,171,127,2607
0x409b7f,87.7457%,293,2098,2391,412,182,111,1686
0x40f685,75.3686%,284,869,1153,657,103,181,212
0x4097ea,87.6543%,260,1846,2106,344,167,93,1502
0x401d33,93.9571%,248,3856,4104,1230,153,95,2626
0x40f567,93.518%,241,3477,3718,3452,41,200,25
0x415803,89.577%,239,2054,2293,1370,101,138,684
0x402c4d,93.8552%,219,3345,3564,748,117,102,2597
0x406a70,89.981%,211,1895,2106,377,134,77,1518
0x409b47,95.176%,211,4163,4374,1907,76,135,2256
0x40840b,87.6679%,202,1436,1638,278,126,76,1158
0x40f41e,86.7067%,199,1298,1497,1109,77,122,189
0x4087ef,87.9731%,197,1441,1638,287,114,83,1154
0x404bfc,94.1898%,180,2918,3098,2643,60,120,275
0x40738b,91.548%,178,1928,2106,1812,60,118,116
0x403608,94.5288%,173,2989,3162,2903,62,111,86
0x401dc4,95.809%,172,3932,4104,2832,79,93,1100
0x406cc6,88.8961%,172,1377,1549,295,111,61,1082
0x40de8a,97.8461%,164,7450,7614,1715,120,44,5735
0x4040f5,94.7351%,163,2933,3096,2807,62,101,126
0x409d02,84.9673%,161,910,1071,567,78,83,343
0x407968,82.5991%,158,750,908,343,78,80,407
0x405b15,90.9035%,149,1489,1638,319,85,64,1170
0x409965,91.4107%,137,1458,1595,1383,50,87,75
0x409bbc,92.3762%,137,1660,1797,1598,43,94,62
0x407765,88.9789%,136,1098,1234,58,86,50,1040
0x4063e7,91.6972%,136,1502,1638,322,79,57,1180
0x412629,99.7881%,136,64038,64174,10218,94,42,53820
0x406c9b,94.8148%,133,2432,2565,965,51,82,1467
0x409d27,88.3212%,128,968,1096,582,63,65,386
0x409cc8,86.1364%,122,758,880,154,77,45,604
0x40d632,92.9977%,121,1607,1728,1575,39,82,32
0x416203,93.93%,118,1826,1944,1692,36,82,134
0x40a83e,97.3937%,114,4260,4374,3851,37,77,409
0x40218b,96.4331%,113,3055,3168,711,64,49,2344
0x40e2ad,86.643%,113,733,846,728,24,89,5
0x4046f4,90.4802%,113,1074,1187,929,43,70,145
0x402745,96.4646%,112,3056,3168,712,62,50,2344
0x40f39a,92.6667%,110,1390,1500,1387,26,84,3
0x40a88e,94.8243%,109,1997,2106,1838,34,75,159
0x40ced6,93.6921%,109,1619,1728,1581,35,74,38
0x4083d5,81.8182%,108,486,594,412,38,70,74
0x408879,91.2692%,108,1129,1237,1088,27,81,41
0x40564b,93.8199%,105,1594,1699,1274,44,61,320
0x404d3c,93.9288%,104,1609,1713,1523,41,63,86
0x4089f0,82.4869%,100,471,571,105,59,41,366
0x4078de,84.5118%,92,502,594,120,49,43,382
0x40f2eb,88.3134%,88,665,753,647,25,63,18
0x40f692,77.8626%,87,306,393,282,26,61,24
0x40d884,84.7518%,86,478,564,112,49,37,366
0x406b90,94.6082%,86,1509,1595,1483,17,69,26
0x403c3c,92.887%,85,1110,1195,966,33,52,144
0x412660,99.8565%,83,57750,57833,53610,30,53,4140
0x409c9f,93.8272%,80,1216,1296,384,32,48,832
0x406ced,93.0884%,79,1064,1143,804,47,32,260
0x405b65,93.6791%,78,1156,1234,1114,27,51,42
0x402e2f,95.5251%,75,1601,1676,866,28,47,735
0x405c10,83.8362%,75,389,464,91,40,35,298
0x40d89e,81.8859%,73,330,403,59,39,34,271
0x411dc7,99.9232%,72,93623,93695,22427,31,41,71196
0x4021d2,97.0748%,70,2323,2393,2310,15,55,13
0x402e51,91.4322%,67,715,782,152,36,31,563
0x40d37d,82.2281%,67,310,377,240,25,42,70
0x409574,95.9707%,66,1572,1638,1383,21,45,189
0x415138,96.6049%,66,1878,1944,1451,20,46,427
0x40d3ca,96.1806%,66,1662,1728,1508,28,38,154
0x407aa0,71.4286%,66,165,231,65,35,31,100
0x409dc4,94.9846%,65,1231,1296,1128,24,41,103
0x40645c,94.7454%,65,1172,1237,1146,19,46,26
0x4027b2,97.2849%,65,2329,2394,2306,20,45,23
0x40d15f,77.6224%,64,222,286,32,37,27,190
0x40ca24,95.9433%,63,1490,1553,1470,16,47,20
0x40332e,98.2323%,63,3501,3564,3146,22,41,355
0x40950d,89.1419%,62,509,571,426,23,39,83
0x40f593,71.7593%,61,155,216,120,32,29,35
0x406482,84.6753%,59,326,385,68,35,24,258
0x4079b2,85.9857%,59,362,421,15,34,25,347
0x40d145,84.3501%,59,318,377,51,40,19,267
0x40417c,95.1626%,58,1141,1199,1118,22,36,23
0x408a57,85.7494%,58,349,407,322,21,37,27
0x40b885,96.4263%,57,1538,1595,1520,9,48,18
0x41223d,99.9157%,56,66340,66396,18242,28,28,48098
0x41158a,99.9437%,56,99371,99427,29874,25,31,69497
0x4084d5,96.5812%,56,1582,1638,1385,19,37,197
0x403e6c,86.3636%,54,342,396,331,21,33,11
0x4048c9,86.3636%,54,342,396,335,17,37,7
0x4058a9,98.4848%,54,3510,3564,3145,23,31,365
0x40afcd,96.6144%,54,1541,1595,1541,12,42,0
0x402a91,98.327%,53,3115,3168,2744,28,25,371
0x406209,96.8254%,52,1586,1638,1384,20,32,202
0x402ca5,98.0734%,52,2647,2699,2619,12,40,28
0x4052c1,65.1007%,52,97,149,41,27,25,56
0x412645,99.9757%,52,214120,214172,6302,39,13,207818
0x40369c,95.7358%,51,1145,1196,1140,16,35,5
0x4061a4,89.2241%,50,414,464,346,25,25,68
0x4158e4,97.4794%,49,1895,1944,1872,17,32,23
0x41108f,99.9217%,49,62556,62605,9289,31,18,53267
0x4058b5,87.8788%,48,348,396,341,11,37,7
0x41ad1f,99.9756%,48,196728,196776,174892,20,28,21836
0x411c44,99.9518%,48,99471,99519,29785,20,28,69686
0x408b5a,79.3991%,48,185,233,44,27,21,141
0x401cae,97.5823%,47,1897,1944,1473,15,32,424
0x40565c,98.476%,47,3037,3084,351,31,16,2686
0x409acd,96.7764%,47,1411,1458,946,26,21,465
0x4107ed,99.9009%,46,46374,46420,3905,31,15,42469
0x402de7,92.4497%,45,551,596,387,21,24,164
0x40689c,88.3117%,45,340,385,296,17,28,44
0x40daca,92.1986%,44,520,564,435,15,29,85
0x409d5f,93.1783%,44,601,645,564,19,25,37
0x411309,99.9295%,44,62394,62438,9274,22,22,53120
0x411d18,99.9501%,44,88052,88096,87511,11,33,541
0x401df5,97.7881%,43,1901,1944,1714,14,29,187
0x41212f,99.9297%,43,61111,61154,60422,14,29,689
0x4068d3,97.3748%,43,1595,1638,1391,13,30,204
0x411923,99.9502%,43,86248,86291,85588,15,28,660
0x406c35,95.0877%,42,813,855,549,21,21,264
0x4106ec,99.8576%,42,29451,29493,10860,18,24,18591
0x411cfc,99.9552%,42,93653,93695,5575,24,18,88078
0x40340f,89.3939%,42,354,396,345,7,35,9
0x40f432,86.4952%,42,269,311,250,13,29,19
0x4119ca,99.9579%,42,99644,99686,29901,23,19,69743
0x411f5e,99.9551%,42,93486,93528,5543,32,10,87943
0x410473,99.8584%,42,29618,29660,10975,22,20,18643
0x410c59,99.9224%,42,54088,54130,9957,24,18,44131
0x40cbff,89.6465%,41,355,396,350,2,39,5
0x410d1a,99.9261%,40,54090,54130,16337,15,25,37753
0x40db1a,97.6852%,40,1688,1728,1518,18,22,170
0x410edd,99.9259%,40,53923,53963,9933,24,16,43990
0x410fb4,99.9259%,40,53923,53963,16216,17,23,37707
0x40db5c,79.1667%,40,152,192,150,18,22,2
0x40f6a1,54.1176%,39,46,85,33,16,23,13
0x40f2a3,99.1413%,39,4503,4542,3009,24,15,1494
0x40a983,90.1515%,39,357,396,338,14,25,19
0x40ca76,93.6982%,38,565,603,324,14,24,241
0x407a87,78.7709%,38,141,179,82,21,17,59
0x409c5b,91.4352%,37,395,432,270,18,19,125
0x41115f,99.9409%,37,62568,62605,19702,18,19,42866
0x412884,99.8481%,37,24327,24364,1984,26,11,22343
0x407353,98.5575%,37,2528,2565,2263,17,20,265
0x402e78,93.771%,37,557,594,362,16,21,195
0x40e146,95.7447%,36,810,846,741,11,25,69
0x408a76,85.124%,36,206,242,28,22,14,178
0x4103a8,99.882%,35,29625,29660,5969,18,17,23656
0x4108ba,99.9246%,35,46385,46420,9020,23,12,37365
0x40d8e0,88.5246%,35,270,305,251,15,20,19
0x40df85,99.5403%,35,7579,7614,6755,13,22,824
0x405360,77.1812%,34,115,149,103,15,19,12
0x40473e,98.8975%,34,3050,3084,2693,7,27,357
0x407a57,75.8865%,34,107,141,20,18,16,87
0x4114c1,99.9668%,33,99394,99427,13351,25,8,86043
0x402577,98.9583%,33,3135,3168,2757,15,18,378
0x409c15,88.5017%,33,254,287,29,19,14,225
0x410629,99.8881%,33,29460,29493,5947,16,17,23513
0x410809,99.9223%,33,42451,42484,42288,10,23,163
0x411b94,99.9629%,32,86116,86148,85521,11,21,595
0x401d41,99.2203%,32,4072,4104,3636,12,20,436
0x410a85,99.9308%,32,46221,46253,3901,11,21,42320
0x407455,91.9192%,32,364,396,349,3,29,15
0x40d1a3,85.2535%,32,185,217,166,13,19,19
0x41175c,99.9639%,31,85877,85908,85460,4,27,417
0x40ca95,94.859%,31,572,603,527,9,22,45
0x4057b5,92.1717%,31,365,396,249,15,16,116
0x40736f,96.3743%,31,824,855,745,15,16,79
0x4013c2,79.7386%,31,122,153,118,16,15,4
0x40f702,99.1651%,31,3682,3713,2468,10,21,1214
0x412b00,99.9547%,30,66199,66229,5198,20,10,61001
0x4113c4,99.952%,30,62408,62438,19583,18,12,42825
0x40ea3f,68.0851%,30,64,94,1,23,7,63
0x41515a,98.4568%,30,1914,1944,1715,13,17,199
0x40ca7a,88.6792%,30,235,265,145,9,21,90
0x40a977,99.1582%,30,3534,3564,3156,12,18,378
0x4114dd,99.9651%,30,86021,86051,85529,6,24,492
0x403c89,99.0826%,29,3132,3161,2752,14,15,380
0x412113,99.9563%,29,66367,66396,5222,20,9,61145
0x411907,99.9709%,29,99657,99686,13376,19,10,86281
0x409bf9,81.4103%,29,127,156,79,12,17,48
0x40ca1a,92.328%,29,349,378,323,13,16,26
0x410c75,99.9343%,29,44120,44149,43971,4,25,149
0x412276,99.8413%,29,18241,18270,5374,15,14,12867
0x4103c4,99.8817%,28,23645,23673,23525,5,23,120
0x4110ab,99.9475%,28,53257,53285,52923,7,21,334
0x412024,99.9701%,28,93500,93528,22324,14,14,71176
0x4108f6,99.6904%,28,9015,9043,4673,9,19,4342
0x40f745,79.2593%,28,107,135,81,11,17,26
0x408b40,74.3119%,28,81,109,57,14,14,24
0x40c9ff,89.0196%,28,227,255,77,16,12,150
0x401412,82.3529%,27,126,153,122,14,13,4
0x40cada,88.4615%,27,207,234,141,15,12,66
0x4019c5,87.5%,27,189,216,189,3,24,0
0x401cf1,99.3421%,27,4077,4104,3636,12,15,441
0x40f578,88%,27,198,225,192,5,22,6
0x4022cc,85.2459%,27,156,183,105,13,14,51
0x40f714,97.8138%,27,1208,1235,811,13,14,397
0x40e107,99.6434%,27,7544,7571,6719,13,14,825
0x40f72e,93.4307%,27,384,411,262,14,13,122
0x40224b,86.0215%,26,160,186,36,15,11,124
0x412853,99.8569%,26,18138,18164,146,22,4,17992
0x40c9a2,98.3699%,26,1569,1595,1545,8,18,24
0x4027e0,86.8687%,26,172,198,36,14,12,136
0x411b78,99.9739%,26,99493,99519,13356,15,11,86137
0x40e8b4,98.714%,25,1919,1944,1723,5,20,196
0x41199e,99.9903%,25,258160,258185,171882,12,13,86278
0x411a06,99.9165%,25,29899,29924,4436,20,5,25463
0x408b14,75.2475%,25,76,101,17,13,12,59
0x41295a,99.8974%,25,24339,24364,13760,11,14,10579
0x402ef2,98.494%,25,1635,1660,1477,11,14,158
0x40a8ad,89.7436%,24,210,234,194,14,10,16
0x40d122,99.2927%,24,3369,3393,3007,9,15,362
0x40f325,99.4694%,24,4499,4523,3008,15,9,1491
0x409d70,95.6989%,24,534,558,486,10,14,48
0x40c9fb,93.6508%,24,354,378,113,10,14,241
0x411740,99.9758%,24,99236,99260,13337,15,9,85899
0x405c52,92.7928%,24,309,333,307,12,12,2
0x408bb9,77.2277%,23,78,101,42,9,14,36
0x409582,90.1709%,23,211,234,198,10,13,13
0x401f94,75.5319%,23,71,94,38,12,11,33
0x406d49,77%,23,77,100,20,15,8,57
0x40641f,99.7934%,23,11110,11133,9887,9,14,1223
0x406d2d,92.4658%,22,270,292,246,10,12,24
0x410aa1,99.948%,22,42319,42341,42221,6,16,98
0x4079ad,99.4194%,22,3767,3789,3357,11,11,410
0x412bcc,99.9668%,22,66207,66229,18142,8,14,48065
0x4033f9,99.3827%,22,3542,3564,3157,11,11,385
0x40ea11,97.3995%,22,824,846,748,4,18,76
0x404170,99.7961%,22,10769,10791,9579,13,9,1190
0x40f59e,65.625%,22,42,64,27,11,11,15
0x40d861,99.5666%,22,5054,5076,4501,11,11,553
0x407aff,84.3972%,22,119,141,81,11,11,38
0x412fbe,99.9261%,22,29758,29780,4446,12,10,25312
0x401ad6,98.8683%,22,1922,1944,1724,4,18,198
0x411f7a,99.9761%,21,87932,87953,87446,5,16,486
0x40f2f5,74.0741%,21,60,81,17,13,8,43
0x40285c,88.587%,21,163,184,121,9,12,42
0x40e62a,99.7231%,21,7563,7584,6735,8,13,828
0x401420,86.2745%,21,132,153,128,8,13,4
0x40f315,44.7368%,21,17,38,11,8,13,6
0x40135c,86.2745%,21,132,153,131,5,16,1
0x405c98,54.3478%,21,25,46,5,8,13,20
0x409df7,95.3704%,20,412,432,374,10,10,38
0x40ced1,99.8714%,20,15532,15552,13814,10,10,1718
0x417734,94.4444%,20,340,360,311,9,11,29
0x412bae,99.989%,20,182367,182387,121367,9,11,61000
0x4064d8,68.75%,20,44,64,6,10,10,38
0x40e7ee,78.7234%,20,74,94,64,6,14,10
0x4015d6,90.7407%,20,196,216,188,4,16,8
0x40babf,99.0503%,20,2086,2106,1869,3,17,217
0x40844d,99.8199%,20,11086,11106,9864,8,12,1222
0x40a862,98.6283%,20,1438,1458,1292,4,16,146
0x411325,99.9624%,20,53122,53142,52854,5,15,268
0x40eaeb,90.7407%,20,196,216,190,2,18,6
0x4104b6,99.8181%,20,10977,10997,5152,12,8,5825
0x402f0f,96.7241%,19,561,580,520,8,11,41
0x4013d0,87.5817%,19,134,153,127,9,10,7
0x40b317,99.8835%,19,16286,16305,14705,5,14,1581
0x412b1c,99.9689%,19,60992,61011,60359,6,13,633
0x401503,87.5817%,19,134,153,90,12,7,44
0x40d8db,99.3078%,19,2726,2745,2428,12,7,298
0x407ac2,97.8889%,19,881,900,791,9,10,90
0x410b54,99.9611%,18,46235,46253,8917,7,11,37318
0x4064c2,93.617%,18,264,282,261,5,13,3
0x40f39f,79.3103%,18,69,87,61,6,12,8
0x41043e,99.9746%,18,70858,70876,47198,5,13,23660
0x408b7c,97.1831%,18,621,639,556,12,6,65
0x40aa5c,99.8895%,18,16275,16293,14691,7,11,1584
0x40c657,99.6238%,18,4767,4785,3183,7,11,1584
0x408b27,97.1831%,18,621,639,562,6,12,59
0x411814,99.9829%,17,99243,99260,29774,6,11,69469
0x40ca9e,99.1928%,17,2089,2106,1865,7,10,224
0x40e662,97.9905%,17,829,846,557,7,10,272
0x410ef9,99.9614%,17,43989,44006,43899,5,12,90
0x40bcdd,99.8955%,17,16252,16269,10996,11,6,5256
0x406d21,99.3531%,17,2611,2628,2327,9,8,284
0x40d414,91.1458%,17,175,192,162,6,11,13
0x410f8e,99.9871%,17,131899,131916,87904,6,11,43995
0x40b22f,99.1928%,17,2089,2106,1864,8,9,225
0x4089ff,99.5632%,16,3647,3663,3252,4,12,395
0x404045,99.5511%,16,3548,3564,3156,12,4,392
0x410d56,99.9022%,16,16336,16352,4422,5,11,11914
0x4134b7,99.8529%,16,10862,10878,5110,7,9,5752
0x411196,99.9189%,16,19704,19720,4495,10,6,15209
0x40bae1,93.1624%,16,218,234,199,9,7,19
0x40f6f2,99.7708%,16,6966,6982,3486,7,9,3480
0x4173d4,44.4444%,15,12,27,11,10,5,1
0x402c9d,99.9382%,15,24276,24291,21584,8,7,2692
0x409b92,99.9073%,15,16158,16173,14369,7,8,1789
0x40a992,65.9091%,15,29,44,7,11,4,22
0x408837,99.8653%,15,11118,11133,9889,7,8,1229
0x41b3c3,99.4407%,15,2667,2682,2374,10,5,293
0x412403,99.9389%,15,24516,24531,2028,6,9,22488
0x40e79e,83.3333%,15,75,90,75,5,10,0
0x4040f0,99.9462%,15,27849,27864,24763,5,10,3086
0x41322c,99.9076%,15,16218,16233,4372,8,7,11846
0x4064b6,99.4484%,14,2524,2538,2249,7,7,275
0x4121ae,99.9923%,14,182730,182744,121585,5,9,61145
0x40d1db,63.1579%,14,24,38,11,9,5,13
0x40bcf4,99.7339%,14,5248,5262,3660,7,7,1588
0x40f5bb,60%,14,21,35,2,7,7,19
0x40279d,99.935%,14,21532,21546,19149,3,11,2383
0x403690,99.8699%,14,10750,10764,9563,5,9,1187
0x404385,76.2712%,14,45,59,0,6,8,45
0x4106ce,99.9801%,14,70505,70519,46984,5,9,23521
0x41155e,99.9946%,14,257623,257637,171585,1,13,86038
0x40e0c5,63.8889%,13,23,36,3,7,6,20
0x40227d,98.93%,13,1202,1215,1074,6,7,128
0x409d75,79.0323%,13,49,62,47,7,6,2
0x40e8c0,93.9815%,13,203,216,189,3,10,14
0x41241f,99.9422%,13,22484,22497,22135,2,11,349
0x405638,56.6667%,13,17,30,6,8,5,11
0x402950,89.6825%,13,113,126,104,8,5,9
0x40f3d1,40.9091%,13,9,22,8,5,8,1
0x405c4d,99.5662%,13,2984,2997,2657,7,6,327
0x4026a5,99.6352%,13,3551,3564,3161,7,6,390
0x403545,99.6352%,13,3551,3564,3159,9,4,392
0x4115c6,99.9599%,12,29887,29899,4501,4,8,25386
0x4020fd,99.6633%,12,3552,3564,3162,6,6,390
0x41112e,99.9925%,12,159488,159500,106211,4,8,53277
0x40763c,99.4302%,12,2094,2106,1863,9,3,231
0x40e1e0,99.9825%,12,68370,68382,60776,8,4,7594
0x403b7d,66.6667%,12,24,36,21,11,1,3
0x40f57e,57.1429%,12,16,28,13,6,6,3
0x407aab,90.8397%,12,119,131,0,3,9,119
0x410b2e,99.9905%,12,126897,126909,84562,6,6,42335
0x41336e,99.8655%,12,8912,8924,4629,6,6,4283
0x41ae1d,99.9973%,12,438761,438773,89284,10,2,349477
0x409d0d,97.1831%,12,414,426,0,4,8,414
0x40d1cf,96.4912%,12,330,342,296,8,4,34
0x40e066,99.8416%,12,7566,7578,7566,5,7,0
0x40de09,98.5816%,12,834,846,748,4,8,86
0x411d8e,99.9954%,12,263702,263714,175615,3,9,88087
0x40bfff,99.7492%,12,4773,4785,3186,4,8,1587
0x412d46,99.9463%,12,22326,22338,4504,9,3,17822
0x40f6b1,66.6667%,12,24,36,9,6,6,15
0x40f5ce,57.6923%,11,15,26,0,6,5,15
0x411e06,99.951%,11,22447,22458,4554,7,4,17893
0x40f3a4,45%,11,9,20,4,5,6,5
0x4084e1,95.2991%,11,223,234,204,4,7,19
0x406932,95.2991%,11,223,234,198,10,1,25
0x401f62,99.8555%,11,7603,7614,6766,2,9,837
0x407ac7,89%,11,89,100,89,5,6,0
0x40e266,99.8551%,11,7582,7593,6744,8,3,838
0x40e73a,88.2979%,11,83,94,1,9,2,82
0x415166,94.9074%,11,205,216,189,3,8,16
0x40defd,99.9789%,11,52000,52011,46227,5,6,5773
0x40775d,99.901%,11,11095,11106,9867,5,6,1228
0x4177a3,96.9444%,11,349,360,317,3,8,32
0x40e5c3,50%,11,11,22,3,2,9,8
0x40f3b3,85.5263%,11,65,76,54,5,6,11
0x402819,92.5676%,11,137,148,128,5,6,9
0x40eadd,99.4342%,11,1933,1944,1724,4,7,209
0x4124bf,99.9552%,11,24520,24531,13886,5,6,10634
0x40994d,99.373%,10,1585,1595,0,0,10,1585
0x40f309,79.5918%,10,39,49,5,6,4,34
0x40ddfd,99.8687%,10,7604,7614,6764,4,6,840
0x40b24f,95.7265%,10,224,234,205,3,7,19
0x401dd6,99.7563%,10,4094,4104,2730,6,4,1364
0x41b449,99.6271%,10,2672,2682,1786,2,8,886
0x40280d,99.2492%,10,1322,1332,1178,6,4,144
0x406dfc,58.3333%,10,14,24,2,6,4,12
0x40e568,99.8682%,10,7579,7589,7579,5,5,0
0x409cdb,99.8288%,10,5831,5841,5186,6,4,645
0x40e936,95.3704%,10,206,216,185,7,3,21
0x4175a4,81.4815%,10,44,54,41,7,3,3
0x4128a0,99.9553%,10,22344,22354,22064,2,8,280
0x410cee,99.9924%,10,132263,132273,88120,4,6,44143
0x41292e,99.985%,10,66764,66774,44415,5,5,22349
0x40df9f,98.818%,10,836,846,747,5,5,89
0x412c00,99.9449%,10,18140,18150,5337,4,6,12803
0x401a84,99.4856%,10,1934,1944,451,5,5,1483
0x40e061,99.9853%,10,68192,68202,60618,6,4,7574
0x40479d,90.7407%,10,98,108,91,5,5,7
0x40e0d5,61.5385%,10,16,26,3,4,6,13
0x40334d,97.4747%,10,386,396,344,8,2,42
0x402ae5,97.4747%,10,386,396,345,7,3,41
0x4024c3,62.963%,10,17,27,16,5,5,1
0x407a6d,98.9213%,10,917,927,818,6,4,99
0x40589d,99.9688%,10,32066,32076,28509,3,7,3557
0x417634,78.7234%,10,37,47,3,4,6,34
0x402481,62.963%,10,17,27,17,7,3,0
0x4038a6,77.5%,9,31,40,24,3,6,7
0x40f7d4,83.3333%,9,45,54,42,6,3,3
0x408a52,99.7543%,9,3654,3663,3253,3,6,401
0x40b995,86.3636%,9,57,66,3,4,5,54
0x41298f,99.9346%,9,13762,13771,3970,5,4,9792
0x40c953,99.8119%,9,4776,4785,3184,6,3,1592
0x409938,99.8119%,9,4776,4785,3182,8,1,1594
0x402ea9,95.8333%,9,207,216,195,2,7,12
0x40232f,66.6667%,9,18,27,18,6,3,0
0x40d920,76.9231%,9,30,39,15,4,5,15
0x408b81,87.3239%,9,62,71,62,2,7,0
0x4086ee,99.5726%,9,2097,2106,1866,6,3,231
0x4117ee,99.9965%,9,257271,257280,171369,3,6,85902
0x41621d,95.8333%,9,207,216,191,1,8,16
0x40b8ec,86.3636%,9,57,66,20,5,4,37
0x40c2fb,99.8119%,9,4776,4785,3188,2,7,1588
0x40f766,79.0698%,9,34,43,34,3,6,0
0x40150f,82.3529%,9,42,51,29,5,4,13
0x409960,99.9373%,9,14346,14355,12755,5,4,1591
0x40cb1f,88.4615%,9,69,78,49,3,6,20
0x4178f3,97.2973%,9,324,333,0,6,3,324
0x40b570,99.993%,9,129186,129195,114833,7,2,14353
0x40b0eb,78.5714%,9,33,42,30,0,9,3
0x40f6c6,55%,9,11,20,8,1,8,3
0x40faa7,83.3333%,9,45,54,41,7,2,4
0x417a8b,80.8511%,9,38,47,38,3,6,0
0x406b8b,99.9443%,8,14347,14355,12755,5,3,1592
0x401f73,99.0544%,8,838,846,750,2,6,88
0x40e1e5,99.8947%,8,7590,7598,7590,3,5,0
0x408874,99.9281%,8,11125,11133,9891,5,3,1234
0x406335,99.6201%,8,2098,2106,1868,4,4,230
0x40b0c8,93.1624%,8,109,117,109,6,2,0
0x406b46,99.8328%,8,4777,4785,3185,5,3,1592
0x4033ed,99.9751%,8,32068,32076,28508,4,4,3560
0x402422,70.3704%,8,19,27,17,7,1,2
0x4023e2,70.3704%,8,19,27,16,5,3,3
0x40c5ef,99.9768%,8,34489,34497,30660,4,4,3829
0x40f5dd,60%,8,12,20,7,5,3,5
0x405b5d,99.928%,8,11098,11106,9868,4,4,1230
0x405a3e,99.6201%,8,2098,2106,1868,4,4,230
0x40791d,99.7908%,8,3817,3825,3394,6,2,423
0x40b5a7,99.4984%,8,1587,1595,0,0,8,1587
0x41359e,99.9537%,8,17275,17283,11520,2,6,5755
0x40cc13,81.8182%,8,36,44,16,4,4,20
0x4073aa,96.5812%,8,226,234,202,6,2,24
0x40eb1b,96.2963%,8,208,216,187,5,3,21
0x4126d1,96.7078%,8,235,243,213,3,5,22
0x40e5d4,52.9412%,8,9,17,7,5,3,2
0x417aab,74.0741%,7,20,27,20,4,3,0
0x402d90,98.8562%,7,605,612,403,5,2,202
0x41127e,99.9847%,7,45638,45645,30425,5,2,15213
0x417882,98.0447%,7,351,358,0,1,6,351
0x417931,97.417%,7,264,271,240,3,4,24
0x409bb7,99.9567%,7,16166,16173,14372,4,3,1794
0x417924,97.4638%,7,269,276,0,5,2,269
0x403bcd,80.5556%,7,29,36,29,3,4,0
0x402e9d,99.6399%,7,1937,1944,1722,6,1,215
0x412832,99.9714%,7,24497,24504,6337,4,3,18160
0x41260c,99.9715%,7,24524,24531,13991,6,1,10533
0x409da6,90.2778%,7,65,72,62,2,5,3
0x4021cd,99.9675%,7,21530,21537,19138,6,1,2392
0x401b23,99.6399%,7,1937,1944,1723,5,2,214
0x408ba2,88.8889%,7,56,63,53,3,4,3
0x41088e,99.9945%,7,127259,127266,84779,3,4,42480
0x40e71d,99.9081%,7,7607,7614,6764,4,3,843
0x4058c6,84.0909%,7,37,44,13,5,2,24
0x4174d4,87.037%,7,47,54,44,4,3,3
0x411c1e,99.9973%,7,257821,257828,171678,2,5,86143
0x40f3dc,22.2222%,7,2,9,1,3,4,1
0x41267d,99.9715%,7,24524,24531,24501,3,4,23
0x40e248,53.3333%,7,8,15,3,2,5,5
0x4024d1,74.0741%,7,20,27,20,4,3,0
0x40f2b3,99.7692%,7,3026,3033,1515,4,3,1511
0x40d561,99.5949%,7,1721,1728,1533,3,4,188
0x4155fc,99.88%,7,5825,5832,3886,2,5,1939
0x40e5c8,58.8235%,7,10,17,1,4,3,9
0x411ffe,99.9973%,7,263350,263357,175403,1,6,87947
0x40e9f4,99.9912%,6,68520,68526,60910,2,4,7610
0x40e8a8,99.9657%,6,17490,17496,15547,5,1,1943
0x402828,95.2756%,6,121,127,0,1,5,121
0x4023f0,77.7778%,6,21,27,21,3,3,0
0x4057c6,95.4545%,6,126,132,86,2,4,40
0x40eb6a,97.2222%,6,210,216,191,1,5,19
0x406e45,83.3333%,6,30,36,30,2,4,0
0x402971,95.2381%,6,120,126,109,3,3,11
0x46fec2,98.7879%,6,489,495,391,5,1,98
0x40cbf3,99.8316%,6,3558,3564,3166,2,4,392
0x4130fe,99.9694%,6,19595,19601,4454,4,2,15141
0x401aef,97.2222%,6,210,216,188,4,2,22
0x4116c2,99.9921%,6,76176,76182,50784,4,2,25392
0x407449,99.8316%,6,3558,3564,3164,4,2,394
0x403600,99.9789%,6,28452,28458,25296,0,6,3156
0x40d62d,99.9614%,6,15546,15552,13819,5,1,1727
0x40e792,99.2593%,6,804,810,717,3,3,87
0x40cf0a,99.4048%,6,1002,1008,890,6,0,112
0x40481c,94.4444%,6,102,108,94,2,4,8
0x406e7a,77.7778%,6,21,27,20,4,2,1
0x402d9c,97.0588%,6,198,204,135,1,5,63
0x406b35,99.9582%,6,14349,14355,9566,4,2,4783
0x413caa,87.5%,6,42,48,22,2,4,20
0x40c623,99.8435%,6,3827,3833,0,0,6,3827
0x409d32,98.6696%,6,445,451,0,0,6,445
0x40621c,97.4359%,6,228,234,206,2,4,22
0x41139e,99.9969%,5,159138,159143,106000,1,4,53138
0x40e67f,98.227%,5,277,282,186,2,3,91
0x40e243,75%,5,15,20,3,2,3,12
0x40da73,44.4444%,5,4,9,4,4,1,0
0x41ad47,99.9977%,5,218635,218640,196774,2,3,21861
0x407460,88.6364%,5,39,44,17,1,4,22
0x40743d,99.9844%,5,32071,32076,28508,4,1,3563
0x40ea00,99.9343%,5,7609,7614,6767,1,4,842
0x40e729,99.409%,5,841,846,750,2,3,91
0x41b4df,99.4407%,5,889,894,296,2,3,593
0x40f6bb,76.1905%,5,16,21,0,1,4,16
0x41ac53,99.9975%,5,196771,196776,111157,1,4,85614
0x4155e6,99.9714%,5,17491,17496,11661,3,2,5830
0x40d914,98.5755%,5,346,351,308,4,1,38
0x40bf9f,99.9858%,5,35176,35181,31269,3,2,3907
0x46fda7,99.7263%,5,1822,1827,97,2,3,1725
0x405d4d,86.1111%,5,31,36,30,2,3,1
0x40f3b8,70.5882%,5,12,17,2,3,2,10
0x40d66e,99.5127%,5,1021,1026,910,2,3,111
0x40b57b,99.9652%,5,14350,14355,12758,2,3,1592
0x40b394,99.9652%,5,14350,14355,12758,2,3,1592
0x40571c,96.0317%,5,121,126,107,5,0,14
0x402a11,96.0317%,5,121,126,110,2,3,11
0x407ae8,90.7407%,5,49,54,45,3,2,4
0x40f6da,50%,5,5,10,0,2,3,5
0x4177e0,98.6111%,5,355,360,318,2,3,37
0x408a81,97.3958%,5,187,192,173,5,0,14
0x40cbe7,99.9844%,5,32071,32076,28510,2,3,3561
0x412372,99.9871%,5,38638,38643,25759,3,2,12879
0x402842,96.0317%,5,121,126,109,3,2,12
0x4030a2,96.5278%,5,139,144,110,2,3,29
0x4046ad,80.7692%,5,21,26,8,4,1,13
0x409840,99.9652%,5,14350,14355,12757,3,2,1593
0x409924,99.9721%,4,14351,14355,9567,3,1,4784
0x40ce12,99.7685%,4,1724,1728,1534,2,2,190
0x40b9fe,97.7401%,4,173,177,117,1,3,56
0x4029c1,96.8254%,4,122,126,111,1,3,11
0x41a64a,99.0741%,4,428,432,381,3,1,47
0x40ba21,97.7401%,4,173,177,117,1,3,56
0x403015,97.2222%,4,140,144,93,3,1,47
0x402595,98.9899%,4,392,396,349,3,1,43
0x40f6e7,50%,4,4,8,2,2,2,2
0x417792,98.8889%,4,356,360,0,0,4,356
0x40561d,98.5185%,4,266,270,239,1,3,27
0x405429,87.0968%,4,27,31,0,1,3,27
0x4173dd,33.3333%,4,2,6,2,4,0,0
0x41249e,99.994%,4,67127,67131,44632,2,2,22495
0x406e1f,75%,4,12,16,10,2,2,2
0x402289,97.037%,4,131,135,130,2,2,1
0x403273,97.2222%,4,140,144,108,4,0,32
0x4014f2,97.3856%,4,149,153,149,2,2,0
0x409c20,98.3264%,4,235,239,16,1,3,219
0x407973,99.1786%,4,483,487,483,0,4,0
0x4022b1,85.1852%,4,23,27,23,1,3,0
0x4157b6,99.9771%,4,17492,17496,11661,3,1,5831
0x417904,98.7768%,4,323,327,292,2,2,31
0x403284,97.2222%,4,140,144,94,2,2,46
0x4179d3,98.2533%,4,225,229,0,4,0,225
0x401e2c,98.1481%,4,212,216,188,4,0,24
0x402a03,96.8254%,4,122,126,95,3,1,27
0x40eb12,99.7942%,4,1940,1944,1725,3,1,215
0x412b69,99.3808%,4,642,646,0,0,4,642
0x40b034,90.4762%,4,38,42,0,3,1,38
0x410e52,99.9888%,4,35771,35775,23848,2,2,11923
0x417892,98.8796%,4,353,357,237,1,3,116
0x41137f,99.9925%,4,53138,53142,0,0,4,53138
0x40f5ec,50%,4,4,8,0,4,0,4
0x401f4f,99.9942%,4,68522,68526,60910,2,2,7612
0x40b186,88.8889%,4,32,36,21,3,1,11
0x410645,99.983%,4,23526,23530,23457,2,2,69
0x40aa14,99.8101%,4,2102,2106,0,0,4,2102
0x40b975,97.561%,3,120,123,120,1,2,0
0x41482e,97.9167%,3,141,144,95,1,2,46
0x403d7c,66.6667%,3,6,9,6,2,1,0
0x40f2ff,94.1176%,3,48,51,0,2,1,48
0x414270,98.6111%,3,213,216,189,3,0,24
0x40ba30,95.4545%,3,63,66,32,2,1,31
0x40c2a3,99.9915%,3,35178,35181,31270,2,1,3908
0x413619,93.75%,3,45,48,23,1,2,22
0x406e51,25%,3,1,4,1,1,2,0
0x40b226,96.9697%,3,96,99,65,1,2,31
0x40a96b,99.9906%,3,32073,32076,28511,1,2,3562
0x4124f6,99.9784%,3,13888,13891,4020,3,0,9868
0x412e7c,99.9899%,3,29802,29805,4407,2,1,25395
0x40b215,96.9697%,3,96,99,96,1,2,0
0x40450c,94.9153%,3,56,59,30,3,0,26
0x402eb9,98.0392%,3,150,153,1,2,1,149
0x4047cd,97.2222%,3,105,108,94,2,1,11
0x401d72,99.3421%,3,453,456,0,0,3,453
0x402942,97.619%,3,123,126,95,3,0,28
0x401de2,99.7807%,3,1365,1368,911,1,2,454
0x406d96,66.6667%,3,6,9,6,0,3,0
0x40631e,98.7179%,3,231,234,0,0,3,231
0x4031d6,97.9167%,3,141,144,95,1,2,46
0x415de5,98.1818%,3,162,165,53,2,1,109
0x40b986,97.561%,3,120,123,80,2,1,40
0x40f3eb,40%,3,2,5,1,1,2,1
0x41344e,99.9767%,3,12864,12867,8577,1,2,4287
0x4030b3,97.9167%,3,141,144,95,1,2,46
0x41059e,99.9829%,3,17496,17499,11665,1,2,5831
0x402ece,98%,3,147,150,132,2,1,15
0x4110f6,99.1549%,3,352,355,0,0,3,352
0x4179f0,95.8904%,3,70,73,46,3,0,24
0x41a638,99.9228%,3,3885,3888,3455,1,2,430
0x4063f0,99.7575%,3,1234,1237,0,0,3,1234
0x403a3a,92.5%,3,37,40,35,1,2,2
0x415da7,98.1818%,3,162,165,109,1,2,53
0x403dac,66.6667%,3,6,9,6,2,1,0
0x46fe2a,96.9697%,3,96,99,73,2,1,23
0x4023a2,88.8889%,3,24,27,22,2,1,2
0x41789f,97.479%,3,116,119,79,1,2,37
0x405ca7,90.9091%,3,30,33,30,2,1,0
0x403bdd,25%,3,1,4,0,1,2,1
0x403d3d,66.6667%,3,6,9,6,2,1,0
0x4019b9,99.8971%,2,1942,1944,1727,1,1,215
0x403b0a,50%,2,2,4,0,0,2,2
0x4179e3,99.1111%,2,223,225,151,1,1,72
0x4141b4,97.2222%,2,70,72,48,0,2,22
0x40b7f2,99.9861%,2,14353,14355,12759,1,1,1594
0x40d19e,99.8976%,2,1951,1953,1735,1,1,216
0x408ba7,71.4286%,2,5,7,0,0,2,5
0x40573c,98.4127%,2,124,126,110,2,0,14
0x40e92a,99.8971%,2,1942,1944,1727,1,1,215
0x414202,95.8333%,2,46,48,24,0,2,22
0x413d30,99.0741%,2,214,216,192,0,2,22
0x40f124,99.177%,2,241,243,214,2,0,27
0x40acc3,99.9861%,2,14353,14355,12758,2,0,1595
0x411eee,99.9963%,2,53689,53691,35794,0,2,17895
0x4055be,99.2593%,2,268,270,239,1,1,29
0x40541f,93.5484%,2,29,31,1,0,2,28
0x402f3f,98.6111%,2,142,144,127,1,1,15
0x4030bf,95.8333%,2,46,48,31,1,1,15
0x410e76,99.9963%,2,54128,54130,54128,2,0,0
0x413770,95.8333%,2,46,48,0,0,2,46
0x40f60f,50%,2,2,4,0,1,1,2
0x413c8f,98.6111%,2,142,144,96,0,2,46
0x406ddb,92.5926%,2,25,27,3,0,2,22
0x40288f,98.4127%,2,124,126,112,0,2,12
0x411b02,99.9974%,2,76402,76404,50934,2,0,25468
0x401394,88.2353%,2,15,17,0,0,2,15
0x40f3f5,33.3333%,2,1,3,0,0,2,1
0x40f1da,99.177%,2,241,243,216,0,2,25
0x403d0d,77.7778%,2,7,9,7,1,1,0
0x41b22e,99.3289%,2,296,298,296,2,0,0
0x40ead4,99.9886%,2,17494,17496,15551,1,1,1943
0x4019ad,99.9886%,2,17494,17496,15551,1,1,1943
0x40469d,99.1453%,2,232,234,206,2,0,26
0x40e5fc,60%,2,3,5,3,2,0,0
0x40acb8,99.9985%,2,129193,129195,114838,2,0,14355
0x40b324,99.8746%,2,1593,1595,0,0,2,1593
0x40ba93,97.9167%,2,94,96,63,1,1,31
0x4125f2,99.9932%,2,29602,29604,19735,1,1,9867
0x40b0a6,98.2906%,2,115,117,77,1,1,38
0x41343d,99.9922%,2,25732,25734,12867,0,2,12865
0x414625,99.537%,2,430,432,384,0,2,46
0x40da4a,90%,2,18,20,18,1,1,0
0x401b2c,99.537%,1,215,216,191,1,0,24
0x413ff5,99.537%,1,215,216,191,1,0,24
0x4174dd,83.3333%,1,5,6,5,1,0,0
0x46fe4f,98.9583%,1,95,96,71,1,0,24
0x4056cd,99.2063%,1,125,126,111,1,0,14
0x4015c1,99.9486%,1,1943,1944,1728,0,1,215
0x4109f2,99.9924%,1,13082,13083,8721,1,0,4361
0x405d78,0%,1,0,1,0,1,0,0
0x40d331,88.8889%,1,8,9,8,0,1,0
0x403c9f,0%,1,0,1,0,1,0,0
0x40d308,94.4444%,1,17,18,17,0,1,0
0x406e6a,50%,1,1,2,1,1,0,0
0x406d65,98.4615%,1,64,65,64,0,1,0
0x402900,99.2063%,1,125,126,111,1,0,14
0x40465d,99.5726%,1,233,234,208,0,1,25
0x4031f5,97.9167%,1,47,48,32,0,1,15
0x405d59,75%,1,3,4,3,0,1,0
0x4064e7,97.9167%,1,47,48,47,1,0,0
0x40f6d0,90.9091%,1,10,11,0,1,0,10
0x4047fc,99.0741%,1,107,108,95,1,0,12
0x414d9b,97.9167%,1,47,48,24,0,1,23
0x4140b8,98.6111%,1,71,72,48,0,1,23
0x40302b,97.9167%,1,47,48,31,1,0,16
0x405d67,50%,1,1,2,0,1,0,1
0x40c8fb,99.9971%,1,34496,34497,30663,1,0,3833
0x40f3c7,95.6522%,1,22,23,0,1,0,22
0x40b95b,99.187%,1,122,123,81,1,0,41
0x40bab6,98.9583%,1,95,96,63,1,0,32
0x40da78,0%,1,0,1,0,1,0,0
0x40ca04,99.6491%,1,284,285,284,1,0,0
0x40b0d9,99.1453%,1,116,117,77,1,0,39
0x40af3a,99.993%,1,14354,14355,12759,1,0,1595
0x412466,99.7222%,1,359,360,0,0,1,359
0x40aada,99.993%,1,14354,14355,12759,1,0,1595
0x40b15b,97.2222%,1,35,36,23,1,0,12
0x4157c7,99.9829%,1,5831,5832,3887,1,0,1944
0x414055,99.537%,1,215,216,192,0,1,23
0x4056ff,99.2063%,1,125,126,111,1,0,14
0x41abe6,99.9977%,1,43727,43728,21864,0,1,21863
0x4146ca,99.7685%,1,431,432,287,1,0,144
0x412f5e,99.9987%,1,76187,76188,50791,1,0,25396
0x406e5a,75%,1,3,4,1,1,0,2
0x46fdfa,99.9445%,1,1802,1803,1802,1,0,0
0x40b1fb,98.9899%,1,98,99,66,0,1,32
0x41247a,99.9956%,1,22496,22497,0,0,1,22496
0x414025,99.537%,1,215,216,191,1,0,24
0x412cde,99.9974%,1,38426,38427,25617,1,0,12809
0x4131de,99.9978%,1,45428,45429,30286,0,1,15142
0x412e2e,99.9981%,1,53474,53475,35650,0,1,17824
0x40b1a9,96.9697%,1,32,33,0,0,1,32
0x406e97,88.8889%,1,8,9,8,0,1,0
0x412a5f,99.9966%,1,29387,29388,19591,1,0,9796
0x403b1f,75%,1,3,4,3,1,0,0
0x405d1b,83.3333%,1,5,6,1,1,0,4
0x40cbc8,100%,0,396,396,0,0,0,396
0x40cbd8,100%,0,3564,3564,0,0,0,3564
0x40cdff,100%,0,192,192,0,0,0,192
0x405513,100%,0,30,30,30,0,0,0
0x40d127,100%,0,377,377,0,0,0,377
0x4035c3,100%,0,3162,3162,0,0,0,3162
0x40f446,100%,0,48,48,0,0,0,48
0x40351d,100%,0,396,396,0,0,0,396
0x415435,100%,0,1944,1944,0,0,0,1944
0x403423,100%,0,44,44,0,0,0,44
0x403111,100%,0,144,144,128,0,0,16
0x4179c4,100%,0,77,77,0,0,0,77
0x41b4e4,100%,0,2384,2384,2384,0,0,0
0x412a4e,100%,0,58776,58776,29388,0,0,29388
0x416240,100%,0,24,24,0,0,0,24
0x40ce88,100%,0,1728,1728,0,0,0,1728
0x40ce17,100%,0,192,192,0,0,0,192
0x40ba10,100%,0,177,177,177,0,0,0
0x4033bb,100%,0,396,396,0,0,0,396
0x403376,100%,0,44,44,0,0,0,44
0x402da1,100%,0,68,68,0,0,0,68
0x4116e9,100%,0,99427,99427,99427,0,0,0
0x414ffe,100%,0,216,216,192,0,0,24
0x415548,100%,0,5832,5832,0,0,0,5832
0x415cbb,100%,0,165,165,0,0,0,165
0x40496a,100%,0,396,396,0,0,0,396
0x414a06,100%,0,48,48,0,0,0,48
0x41552b,100%,0,5832,5832,0,0,0,5832
0x4154b6,100%,0,1944,1944,0,0,0,1944
0x40f5a8,100%,0,26,26,0,0,0,26
0x4152f8,100%,0,1944,1944,0,0,0,1944
0x41308d,100%,0,151932,151932,75966,0,0,75966
0x415016,100%,0,24,24,24,0,0,0
0x40d336,100%,0,1,1,1,0,0,0
0x4040ae,100%,0,3096,3096,0,0,0,3096
0x40401c,100%,0,396,396,0,0,0,396
0x46fed8,100%,0,99,99,75,0,0,24
0x4033d1,100%,0,3564,3564,0,0,0,3564
0x40eb72,100%,0,24,24,24,0,0,0
0x40eb20,100%,0,24,24,0,0,0,24
0x40eb0d,100%,0,216,216,0,0,0,216
0x40eb00,100%,0,24,24,0,0,0,24
0x403bf5,100%,0,3,3,0,0,0,3
0x412a20,100%,0,29388,29388,0,0,0,29388
0x40eac7,100%,0,216,216,0,0,0,216
0x40198b,100%,0,216,216,0,0,0,216
0x40d866,100%,0,564,564,0,0,0,564
0x401eb4,100%,0,94,94,0,0,0,94
0x40c57a,100%,0,3833,3833,0,0,0,3833
0x40d761,100%,0,114,114,0,0,0,114
0x40d566,100%,0,192,192,0,0,0,192
0x40b896,100%,0,66,66,0,0,0,66
0x412c51,100%,0,38427,38427,38427,0,0,0
0x40a94c,100%,0,396,396,0,0,0,396
0x45c3ac,100%,0,21960,21960,21960,0,0,0
0x40f402,100%,0,3,3,3,0,0,0
0x40e460,100%,0,7589,7589,0,0,0,7589
0x40ba41,100%,0,32,32,0,0,0,32
0x458e3e,100%,0,21960,21960,21960,0,0,0
0x4026aa,100%,0,396,396,0,0,0,396
0x412561,100%,0,29604,29604,29604,0,0,0
0x412ed1,100%,0,76188,76188,76188,0,0,0
0x40e17e,100%,0,7598,7598,0,0,0,7598
0x40d001,100%,0,112,112,0,0,0,112
0x401456,100%,0,17,17,0,0,0,17
0x40219c,100%,0,2393,2393,0,0,0,2393
0x4112a5,100%,0,62605,62605,62605,0,0,0
0x4177d3,100%,0,360,360,0,0,0,360
0x40da5c,100%,0,1,1,0,0,0,1
0x41056d,100%,0,17499,17499,0,0,0,17499
0x4125dd,100%,0,59208,59208,29604,0,0,29604
0x402688,100%,0,396,396,0,0,0,396
0x40b81e,100%,0,1595,1595,0,0,0,1595
0x401325,100%,0,17,17,0,0,0,17
0x408a96,100%,0,50,50,0,0,0,50
0x40b522,100%,0,1595,1595,0,0,0,1595
0x40b398,100%,0,1595,1595,0,0,0,1595
0x40e0f5,100%,0,29,29,29,0,0,0
0x41a558,100%,0,48,48,0,0,0,48
0x412ca6,100%,0,38427,38427,0,0,0,38427
0x41b348,100%,0,298,298,0,0,0,298
0x40ca7f,100%,0,449,449,449,0,0,0
0x40ca20,100%,0,1553,1553,0,0,0,1553
0x4117bf,100%,0,85908,85908,0,0,0,85908
0x41afa6,100%,0,298,298,0,0,0,298
0x40c33a,100%,0,1595,1595,0,0,0,1595
0x40da23,100%,0,20,20,0,0,0,20
0x41b250,100%,0,596,596,0,0,0,596
0x4020bb,100%,0,396,396,0,0,0,396
0x40e705,100%,0,846,846,0,0,0,846
0x40c2cf,100%,0,3909,3909,0,0,0,3909
0x40bfcb,100%,0,3909,3909,0,0,0,3909
0x410f62,100%,0,44006,44006,0,0,0,44006
0x40e9d8,100%,0,846,846,0,0,0,846
0x40e984,100%,0,94,94,0,0,0,94
0x40c9a6,100%,0,42,42,0,0,0,42
0x40bf2a,100%,0,3909,3909,0,0,0,3909
0x40e91b,100%,0,216,216,0,0,0,216
0x4045cf,100%,0,26,26,0,0,0,26
0x40bd0d,100%,0,4785,4785,0,0,0,4785
0x41309e,100%,0,75966,75966,50644,0,0,25322
0x40bc57,100%,0,2106,2106,0,0,0,2106
0x407aed,100%,0,6,6,0,0,0,6
0x41358d,100%,0,34566,34566,17283,0,0,17283
0x40e6b0,100%,0,94,94,94,0,0,0
0x413281,100%,0,35559,35559,35559,0,0,0
0x40e59e,100%,0,5,5,0,0,0,5
0x45c9ca,100%,0,21960,21960,0,0,0,21960
0x41b281,100%,0,298,298,298,0,0,0
0x4046b5,100%,0,14,14,0,0,0,14
0x40497f,100%,0,396,396,0,0,0,396
0x4028b4,100%,0,14,14,0,0,0,14
0x412712,100%,0,27,27,0,0,0,27
0x406b57,100%,0,1595,1595,0,0,0,1595
0x406b4e,100%,0,1595,1595,0,0,0,1595
0x40e25c,100%,0,15,15,15,0,0,0
0x406abd,100%,0,1595,1595,0,0,0,1595
0x413629,100%,0,24,24,0,0,0,24
0x415db0,100%,0,55,55,55,0,0,0
0x415c10,100%,0,55,55,0,0,0,55
0x411966,100%,0,688,688,0,0,0,688
0x415b4a,100%,0,55,55,55,0,0,0
0x4073bd,100%,0,44,44,0,0,0,44
0x40b0fc,100%,0,12,12,0,0,0,12
0x46fe67,100%,0,99,99,0,0,0,99
0x403290,100%,0,48,48,32,0,0,16
0x403266,100%,0,48,48,0,0,0,48
0x402102,100%,0,396,396,0,0,0,396
0x40633a,100%,0,234,234,0,0,0,234
0x40e5ba,100%,0,10,10,0,0,0,10
0x41afe7,100%,0,298,298,298,0,0,0
0x40b2cf,100%,0,2106,2106,0,0,0,2106
0x4031b9,100%,0,48,48,0,0,0,48
0x417a0c,100%,0,24,24,0,0,0,24
0x405672,100%,0,14,14,14,0,0,0
0x40c35d,100%,0,4785,4785,0,0,0,4785
0x412f4d,100%,0,152376,152376,76188,0,0,76188
0x40311e,100%,0,16,16,0,0,0,16
0x41306c,100%,0,75966,75966,0,0,0,75966
0x411f12,100%,0,93695,93695,93695,0,0,0
0x412b7d,100%,0,61011,61011,0,0,0,61011
0x41069d,100%,0,23530,23530,0,0,0,23530
0x40d31a,100%,0,1,1,0,0,0,1
0x41b506,100%,0,298,298,298,0,0,0
0x401b08,100%,0,24,24,0,0,0,24
0x412903,100%,0,22354,22354,0,0,0,22354
0x458da8,100%,0,21960,21960,0,0,0,21960
0x402d0d,100%,0,68,68,0,0,0,68
0x408452,100%,0,1234,1234,1234,0,0,0
0x411fdd,100%,0,87953,87953,0,0,0,87953
0x408b4b,100%,0,38,38,0,0,0,38
0x40cb72,100%,0,44,44,0,0,0,44
0x407606,100%,0,234,234,0,0,0,234
0x411aed,100%,0,152808,152808,76404,0,0,76404
0x41330e,100%,0,35559,35559,23706,0,0,11853
0x4079c7,100%,0,49,49,0,0,0,49
0x40d2da,100%,0,18,18,0,0,0,18
0x402297,100%,0,27,27,0,0,0,27
0x40742e,100%,0,3564,3564,0,0,0,3564
0x40e8d2,100%,0,24,24,0,0,0,24
0x46fdac,100%,0,1803,1803,1803,0,0,0
0x41ab0a,100%,0,21864,21864,0,0,0,21864
0x40297e,100%,0,14,14,0,0,0,14
0x46fe98,100%,0,495,495,0,0,0,495
0x4129d1,100%,0,29388,29388,29388,0,0,0
0x413511,100%,0,17283,17283,17283,0,0,0
0x40b9a6,100%,0,59,59,0,0,0,59
0x417a22,100%,0,24,24,0,0,0,24
0x415d63,100%,0,165,165,0,0,0,165
0x4117ab,100%,0,444,444,0,0,0,444
0x41b46f,100%,0,894,894,0,0,0,894
0x415813,100%,0,822,822,0,0,0,822
0x415dd8,100%,0,165,165,0,0,0,165
0x4045e0,100%,0,26,26,0,0,0,26
0x412df6,100%,0,53475,53475,0,0,0,53475
0x4157d5,100%,0,1944,1944,0,0,0,1944
0x412821,100%,0,27,27,0,0,0,27
0x41b2b6,100%,0,298,298,298,0,0,0
0x41b1d8,100%,0,298,298,0,0,0,298
0x40fd0d,100%,0,6,6,6,0,0,0
0x41b116,100%,0,298,298,298,0,0,0
0x41b181,100%,0,298,298,298,0,0,0
0x41b16f,100%,0,298,298,0,0,0,298
0x4122e1,100%,0,38643,38643,38643,0,0,0
0x41b124,100%,0,298,298,298,0,0,0
0x41b0e0,100%,0,298,298,0,0,0,298
0x41b0d7,100%,0,298,298,0,0,0,298
0x40ea8d,100%,0,70,70,0,0,0,70
0x41578e,100%,0,5832,5832,0,0,0,5832
0x41235d,100%,0,77286,77286,38643,0,0,38643
0x41b015,100%,0,298,298,0,0,0,298
0x41afda,100%,0,298,298,298,0,0,0
0x415707,100%,0,5832,5832,0,0,0,5832
0x41739b,100%,0,27,27,27,0,0,0
0x41af9a,100%,0,298,298,0,0,0,298
0x4155bf,100%,0,5832,5832,0,0,0,5832
0x405879,100%,0,396,396,0,0,0,396
0x412e1d,100%,0,106950,106950,53475,0,0,53475
0x458e39,100%,0,21960,21960,0,0,0,21960
0x41b3d7,100%,0,298,298,298,0,0,0
0x402f6e,100%,0,16,16,0,0,0,16
0x4014d7,100%,0,51,51,0,0,0,51
0x4131ac,100%,0,45429,45429,0,0,0,45429
0x417424,100%,0,6,6,0,0,0,6
0x410406,100%,0,143,143,0,0,0,143
0x4045fd,100%,0,26,26,26,0,0,0
0x41768b,100%,0,40,40,40,0,0,0
0x45c3d0,100%,0,21960,21960,0,0,0,21960
0x40588e,100%,0,3564,3564,0,0,0,3564
0x41b00c,100%,0,298,298,0,0,0,298
0x407641,100%,0,234,234,0,0,0,234
0x40c889,100%,0,3833,3833,0,0,0,3833
0x404aa0,100%,0,396,396,0,0,0,396
0x40dde9,100%,0,846,846,0,0,0,846
0x402349,100%,0,3,3,0,0,0,3
0x40f583,100%,0,9,9,9,0,0,0
0x45c3bb,100%,0,21960,21960,0,0,0,21960
0x40534a,100%,0,149,149,0,0,0,149
0x40f3a9,100%,0,11,11,11,0,0,0
0x41b59e,100%,0,298,298,0,0,0,298
0x41b4b7,100%,0,298,298,298,0,0,0
0x40e898,100%,0,1944,1944,0,0,0,1944
0x411eba,100%,0,53691,53691,0,0,0,53691
0x411edd,100%,0,107382,107382,53691,0,0,53691
0x458d59,100%,0,21960,21960,0,0,0,21960
0x403af3,100%,0,4,4,0,0,0,4
0x41a53e,100%,0,48,48,0,0,0,48
0x401b16,100%,0,216,216,0,0,0,216
0x408410,100%,0,1234,1234,0,0,0,1234
0x404f46,100%,0,149,149,0,0,0,149
0x41197a,100%,0,86291,86291,0,0,0,86291
0x411a71,100%,0,76404,76404,76404,0,0,0
0x458e0f,100%,0,21960,21960,21960,0,0,0
0x415cdf,100%,0,165,165,0,0,0,165
0x405caf,100%,0,1,1,0,0,0,1
0x46fde4,100%,0,1803,1803,75,0,0,1728
0x40d546,100%,0,192,192,0,0,0,192
0x458dba,100%,0,21960,21960,0,0,0,21960
0x4128ef,100%,0,288,288,0,0,0,288
0x45a235,100%,0,21960,21960,0,0,0,21960
0x4156eb,100%,0,5832,5832,0,0,0,5832
0x458d97,100%,0,21960,21960,0,0,0,21960
0x41153a,100%,0,86051,86051,0,0,0,86051
0x413640,100%,0,48,48,0,0,0,48
0x458d6d,100%,0,21960,21960,0,0,0,21960
0x410961,100%,0,13083,13083,13083,0,0,0
0x40e88d,100%,0,216,216,0,0,0,216
0x402435,100%,0,3,3,0,0,0,3
0x410b02,100%,0,42341,42341,0,0,0,42341
0x458d63,100%,0,21960,21960,0,0,0,21960
0x46fdbc,100%,0,1803,1803,1803,0,0,0
0x41110a,100%,0,53285,53285,0,0,0,53285
0x41b25d,100%,0,596,596,298,0,0,298
0x405a46,100%,0,234,234,0,0,0,234
0x413418,100%,0,12867,12867,0,0,0,12867
0x405d91,100%,0,6,6,5,0,0,1
0x407a92,100%,0,76,76,0,0,0,76
0x40e74b,100%,0,10,10,0,0,0,10
0x41124a,100%,0,45645,45645,0,0,0,45645
0x40baa5,100%,0,96,96,96,0,0,0
0x41b596,100%,0,298,298,0,0,0,298
0x407a7e,100%,0,103,103,0,0,0,103
0x40f258,100%,0,333,333,0,0,0,333
0x4111e1,100%,0,45645,45645,45645,0,0,0
0x45c367,100%,0,21960,21960,0,0,0,21960
0x4133c1,100%,0,12867,12867,12867,0,0,0
0x458dc9,100%,0,21960,21960,21960,0,0,0
0x415107,100%,0,216,216,192,0,0,24
0x41126d,100%,0,91290,91290,45645,0,0,45645
0x41b5a8,100%,0,298,298,0,0,0,298
0x45c9ec,100%,0,21960,21960,21960,0,0,0
0x413011,100%,0,75966,75966,75966,0,0,0
0x413f9b,100%,0,24,24,24,0,0,0
0x41b01e,100%,0,298,298,298,0,0,0
0x411e51,100%,0,53691,53691,53691,0,0,0
0x410dc1,100%,0,35775,35775,35775,0,0,0
0x40354a,100%,0,396,396,0,0,0,396
0x411526,100%,0,516,516,0,0,0,516
0x41b178,100%,0,298,298,0,0,0,298
0x41058d,100%,0,34998,34998,17499,0,0,17499
0x40e783,100%,0,90,90,0,0,0,90
0x414726,100%,0,144,144,0,0,0,144
0x413b86,100%,0,144,144,0,0,0,144
0x410504,100%,0,17499,17499,17499,0,0,0
0x40b849,100%,0,1595,1595,0,0,0,1595
0x41b15e,100%,0,298,298,0,0,0,298
0x40e752,100%,0,10,10,0,0,0,10
0x417872,100%,0,120,120,0,0,0,120
0x41086a,100%,0,42484,42484,0,0,0,42484
0x45c3c7,100%,0,21960,21960,0,0,0,21960
0x40c927,100%,0,3833,3833,0,0,0,3833
0x41b26f,100%,0,298,298,298,0,0,0
0x410e3d,100%,0,71550,71550,35775,0,0,35775
0x412ac8,100%,0,66229,66229,0,0,0,66229
0x4105c3,100%,0,29660,29660,29660,0,0,0
0x40b175,100%,0,36,36,36,0,0,0
0x40eaa1,100%,0,70,70,70,0,0,0
0x41a667,100%,0,48,48,48,0,0,0
0x41041a,100%,0,23673,23673,0,0,0,23673
0x45c37b,100%,0,21960,21960,21960,0,0,0
0x410cca,100%,0,44149,44149,0,0,0,44149
0x40acef,100%,0,1595,1595,0,0,0,1595
0x4132d8,100%,0,35559,35559,0,0,0,35559
0x40ff91,100%,0,18187,18187,0,0,0,18187
0x40b73d,100%,0,1595,1595,0,0,0,1595
0x413795,100%,0,48,48,0,0,0,48
0x45c353,100%,0,21960,21960,0,0,0,21960
0x417aca,100%,0,3,3,3,0,0,0
0x410e10,100%,0,35775,35775,0,0,0,35775
0x4013dd,100%,0,17,17,0,0,0,17
0x405a0a,100%,0,234,234,0,0,0,234
0x405b1e,100%,0,1234,1234,0,0,0,1234
0x45a86d,100%,0,21960,21960,21960,0,0,0
0x4109b0,100%,0,13083,13083,0,0,0,13083
0x413a10,100%,0,48,48,0,0,0,48
0x4109dd,100%,0,26166,26166,13083,0,0,13083
0x40ea44,100%,0,70,70,0,0,0,70
0x45c3d5,100%,0,21960,21960,0,0,0,21960
0x4132fd,100%,0,71118,71118,35559,0,0,35559
0x458de7,100%,0,21960,21960,0,0,0,21960
0x415670,100%,0,1944,1944,0,0,0,1944
0x45c3a3,100%,0,21960,21960,0,0,0,21960
0x411680,100%,0,76182,76182,0,0,0,76182
0x410a16,100%,0,46420,46420,46420,0,0,0
0x45a267,100%,0,21960,21960,21960,0,0,0
0x412da1,100%,0,53475,53475,53475,0,0,0
0x40b8fd,100%,0,41,41,0,0,0,41
0x40e81e,100%,0,24,24,0,0,0,24
0x4086b8,100%,0,234,234,0,0,0,234
0x45a30d,100%,0,21960,21960,0,0,0,21960
0x4131cd,100%,0,90858,90858,45429,0,0,45429
0x45c9d3,100%,0,21960,21960,0,0,0,21960
0x45a255,100%,0,21960,21960,0,0,0,21960
0x458d85,100%,0,21960,21960,0,0,0,21960
0x402754,100%,0,2394,2394,0,0,0,2394
0x40eacf,100%,0,1944,1944,0,0,0,1944
0x45a20a,100%,0,21960,21960,0,0,0,21960
0x4125b0,100%,0,29604,29604,0,0,0,29604
0x40f3bd,100%,0,12,12,0,0,0,12
0x40eb5e,100%,0,1944,1944,1728,0,0,216
0x45c38c,100%,0,21960,21960,0,0,0,21960
0x411d6a,100%,0,88096,88096,0,0,0,88096
0x406b23,100%,0,4785,4785,0,0,0,4785
0x41abd9,100%,0,21864,21864,0,0,0,21864
0x412ccd,100%,0,76854,76854,38427,0,0,38427
0x401cbf,100%,0,456,456,0,0,0,456
0x412330,100%,0,38643,38643,0,0,0,38643
0x41ab81,100%,0,21864,21864,0,0,0,21864
0x41ab24,100%,0,21864,21864,21864,0,0,0
0x41aaec,100%,0,21864,21864,0,0,0,21864
0x40199e,100%,0,1944,1944,0,0,0,1944
0x407413,100%,0,396,396,0,0,0,396
0x40aade,100%,0,1595,1595,0,0,0,1595
0x40c22e,100%,0,3909,3909,0,0,0,3909
0x411fc9,100%,0,502,502,0,0,0,502
0x411d56,100%,0,574,574,0,0,0,574
0x40bcc9,100%,0,5773,5773,0,0,0,5773
0x401d08,100%,0,456,456,0,0,0,456
0x411bdb,100%,0,616,616,0,0,0,616
0x40d5df,100%,0,1728,1728,0,0,0,1728
0x40193f,100%,0,24,24,0,0,0,24
0x41b2ab,100%,0,298,298,0,0,0,298
0x40a95c,100%,0,3564,3564,0,0,0,3564
0x40a8f6,100%,0,44,44,0,0,0,44
0x4149e1,100%,0,48,48,0,0,0,48
0x40ac6a,100%,0,1595,1595,0,0,0,1595
0x40ea92,100%,0,140,140,70,0,0,70
0x4148bc,100%,0,48,48,0,0,0,48
0x46fdd3,100%,0,1803,1803,0,0,0,1803
0x409dab,100%,0,8,8,0,0,0,8
0x41136b,100%,0,283,283,0,0,0,283
0x40ae85,100%,0,1595,1595,0,0,0,1595
0x409912,100%,0,4785,4785,0,0,0,4785
0x40eab8,100%,0,24,24,0,0,0,24
0x402c5c,100%,0,2699,2699,0,0,0,2699
0x40b045,100%,0,39,39,0,0,0,39
0x40404a,100%,0,396,396,0,0,0,396
0x414e6e,100%,0,216,216,192,0,0,24
0x40df02,100%,0,5779,5779,5779,0,0,0
0x41ac15,100%,0,21864,21864,0,0,0,21864
0x40afde,100%,0,42,42,0,0,0,42
0x40dd9d,100%,0,94,94,0,0,0,94
0x46fe6e,100%,0,99,99,0,0,0,99
0x401f1b,100%,0,846,846,0,0,0,846
0x45a275,100%,0,21960,21960,0,0,0,21960
0x411bef,100%,0,86148,86148,0,0,0,86148
0x41a615,100%,0,432,432,0,0,0,432
0x405823,100%,0,44,44,0,0,0,44
0x41ac79,100%,0,55708,55708,55708,0,0,0
0x41ae54,100%,0,43728,43728,21864,0,0,21864
0x40e9e3,100%,0,7614,7614,0,0,0,7614
0x40af91,100%,0,1595,1595,0,0,0,1595
0x407922,100%,0,425,425,0,0,0,425
0x412176,100%,0,718,718,0,0,0,718
0x401dbd,100%,0,1368,1368,0,0,0,1368
0x41218a,100%,0,61154,61154,0,0,0,61154
0x41adab,100%,0,174912,174912,174912,0,0,0
0x414c85,100%,0,48,48,0,0,0,48
0x410689,100%,0,71,71,0,0,0,71
0x41ac10,100%,0,43728,43728,21864,0,0,21864
0x417806,100%,0,40,40,0,0,0,40
0x415d96,100%,0,495,495,330,0,0,165
0x41795b,100%,0,28,28,0,0,0,28
0x40eb54,100%,0,216,216,0,0,0,216
0x414135,100%,0,72,72,48,0,0,24
0x41470a,100%,0,144,144,0,0,0,144
0x410856,100%,0,186,186,0,0,0,186
0x458d75,100%,0,21960,21960,0,0,0,21960
0x408b65,100%,0,162,162,0,0,0,162
0x413fa9,100%,0,24,24,0,0,0,24
0x410cb6,100%,0,174,174,0,0,0,174
0x408b38,100%,0,71,71,0,0,0,71
0x40af66,100%,0,1595,1595,0,0,0,1595
0x40dfee,100%,0,7578,7578,0,0,0,7578
0x415bf8,100%,0,55,55,55,0,0,0
0x410aeb,100%,0,114,114,0,0,0,114
0x40563c,100%,0,16,16,0,0,0,16
0x408a04,100%,0,407,407,407,0,0,0
0x411631,100%,0,76182,76182,76182,0,0,0
0x458e2f,100%,0,21960,21960,21960,0,0,0
0x412f2c,100%,0,76188,76188,0,0,0,76188
0x411b29,100%,0,99686,99686,99686,0,0,0
0x40883c,100%,0,1237,1237,0,0,0,1237
0x413566,100%,0,17283,17283,0,0,0,17283
0x4087f8,100%,0,1237,1237,0,0,0,1237
0x411ac0,100%,0,76404,76404,0,0,0,76404
0x4116ad,100%,0,152364,152364,76182,0,0,76182
0x4086f3,100%,0,234,234,0,0,0,234
0x413151,100%,0,45429,45429,45429,0,0,0
0x409845,100%,0,1595,1595,0,0,0,1595
0x401f30,100%,0,7614,7614,0,0,0,7614
0x40474c,100%,0,12,12,12,0,0,0
0x41a5b1,100%,0,48,48,0,0,0,48
0x409ba4,100%,0,1797,1797,0,0,0,1797
0x4159e0,100%,0,55,55,0,0,0,55
0x41a5a2,100%,0,48,48,48,0,0,0
0x410f4b,100%,0,102,102,0,0,0,102
0x40f5ff,100%,0,4,4,0,0,0,4
0x41a594,100%,0,48,48,0,0,0,48
0x4098af,100%,0,1595,1595,0,0,0,1595
0x41a530,100%,0,48,48,0,0,0,48
0x40aa69,100%,0,1595,1595,0,0,0,1595
0x41a522,100%,0,48,48,0,0,0,48
0x40b198,100%,0,42,42,9,0,0,33
0x41a512,100%,0,48,48,0,0,0,48
0x41a4c0,100%,0,48,48,48,0,0,0
0x40e44b,100%,0,7589,7589,0,0,0,7589
0x41a4bb,100%,0,48,48,0,0,0,48
0x4097f3,100%,0,1595,1595,0,0,0,1595
0x409ced,100%,0,649,649,0,0,0,649
0x41a475,100%,0,48,48,0,0,0,48
0x45c9e3,100%,0,21960,21960,0,0,0,21960
0x41774a,100%,0,40,40,40,0,0,0
0x41aafc,100%,0,21864,21864,0,0,0,21864
0x40de9b,100%,0,5779,5779,0,0,0,5779
0x4141ca,100%,0,24,24,24,0,0,0
0x413cc5,100%,0,24,24,0,0,0,24
