Branch PC,Accuracy,Mispredictions,Correct Predictions,Total,dir_t_pred_t,dir_t_pred_nt,dir_nt_pred_t,dir_nt_pred_nt
aggregate,99.6285%,95658,25652420,25748078,15247078,43362,52296,10405342
0x4120ef,98.8373%,12737,1082703,1095440,1008758,5452,7285,73945
0x411cdb,98.8845%,11871,1052333,1064204,936566,5015,6856,115767
0x412633,97.4911%,11499,446824,458323,66915,6658,4841,379909
0x411480,97.8268%,9931,447041,456972,343931,4439,5492,103110
0x4118ce,98.493%,6752,441280,448032,326852,2847,3905,114428
0x41104e,98.3798%,5934,360310,366244,308297,2551,3383,52013
0x412fb0,99.098%,4041,443975,448016,337663,1767,2274,106312
0x410794,97.6701%,3362,140939,144301,104447,1610,1752,36492
0x412d38,99.7038%,3245,1092179,1095424,971509,1308,1937,120670
0x4130f0,99.3052%,3175,453781,456956,400232,1344,1831,53549
0x4123df,97.2473%,2236,78994,81230,43989,1189,1047,35005
0x41ac73,94.5435%,2075,35953,38028,32899,945,1130,3054
0x412e6e,99.8301%,1808,1062380,1064188,945187,684,1124,117193
0x41ae23,95.3503%,1667,34185,35852,33873,297,1370,312
0x410341,99.4536%,1278,232600,233878,15879,815,463,216721
0x41321e,99.7433%,940,365288,366228,325150,390,550,40138
0x410c08,99.3823%,815,131133,131948,90935,309,506,40198
0x4134a1,99.5682%,623,143662,144285,127373,234,389,16289
0x4135e8,99.7657%,548,233314,233862,206305,248,300,27009
0x413360,99.7719%,301,131631,131932,93578,126,175,38053
0x41acba,99.3557%,245,37783,38028,29775,57,188,8008
0x401dc4,63.7427%,124,218,342,193,42,82,25
0x412629,99.8871%,118,104408,104526,13024,76,42,91384
0x401ce3,66.9591%,113,229,342,24,79,34,205
0x401d33,67.8363%,110,232,342,30,75,35,202
0x40f66f,77.9661%,104,368,472,361,31,73,7
0x415803,62.6459%,96,161,257,71,53,43,90
0x40c0b8,74.4624%,95,277,372,269,29,66,8
0x40c713,75%,93,279,372,276,19,74,3
0x40bdac,77.4194%,84,288,372,5,69,15,283
0x40de8a,87.3457%,82,566,648,93,59,23,473
0x409b7f,70.8029%,80,194,274,13,48,32,181
0x40c3fc,80.1075%,74,298,372,8,69,5,290
0x412660,99.9192%,70,86603,86673,83997,21,49,2606
0x409b47,85.4031%,67,392,459,160,25,42,232
0x402c4d,79.6296%,66,258,324,31,45,21,227
0x40f2d5,79.9353%,62,247,309,244,14,48,3
0x411923,99.9492%,60,118131,118191,116634,11,49,1497
0x40218b,79.1667%,60,228,288,23,45,15,205
0x41115f,99.8935%,59,55337,55396,26108,32,27,29229
0x41212f,99.9273%,59,81120,81179,78561,20,39,2559
0x406c9b,83.1909%,59,292,351,111,24,35,181
0x4110ab,99.8988%,56,55264,55320,53520,19,37,1744
0x406a70,66.0494%,55,107,162,4,34,21,103
0x402745,80.9028%,55,233,288,33,35,20,200
0x4097ea,67.9012%,52,110,162,3,35,17,107
0x40aa4d,96.0709%,51,1247,1298,0,38,13,1247
0x41ad1f,99.6631%,51,15087,15138,13432,24,27,1655
0x411d18,99.9584%,51,122477,122528,120674,15,36,1803
0x406cc6,76.3889%,51,165,216,12,37,14,153
0x40df85,92.284%,50,598,648,564,12,38,34
0x40f702,79.4239%,50,193,243,136,26,24,57
0x402a91,82.9861%,49,239,288,232,20,29,7
0x40840b,61.1111%,49,77,126,1,29,20,76
0x40bcce,96.225%,49,1249,1298,0,38,11,1249
0x40aa5c,96.1905%,48,1212,1260,1120,16,32,92
0x40a83e,89.5425%,48,411,459,391,17,31,20
0x41ae1d,99.8625%,47,34123,34170,6913,29,18,27210
0x415138,70.9877%,47,115,162,112,12,35,3
0x407968,61.3445%,46,73,119,39,25,21,34
0x411dc7,99.9625%,46,122577,122623,39579,27,19,82998
0x411c44,99.962%,45,118272,118317,51197,23,22,67075
0x4114dd,99.9585%,45,108419,108464,106313,6,39,2106
0x4114c1,99.9586%,45,108557,108602,110,28,17,108447
0x409d02,62.1849%,45,74,119,45,21,24,29
0x41108f,99.9188%,45,55351,55396,46,30,15,55305
0x411b94,99.9619%,45,118132,118177,116629,8,37,1503
0x406ced,73.0539%,45,122,167,109,17,28,13
0x410fb4,99.8894%,45,40643,40688,14112,24,21,26531
0x40f2a3,85.7605%,44,265,309,187,20,24,78
0x41158a,99.9595%,44,108558,108602,41590,25,19,66968
0x4157fb,72.8395%,44,118,162,2,36,8,116
0x409d27,73.75%,42,118,160,38,28,14,80
0x41223d,99.9483%,42,81188,81230,24169,23,19,57019
0x4119ca,99.9645%,42,118291,118333,51208,23,19,67083
0x401a84,74.0741%,42,120,162,7,31,11,113
0x40332e,87.3457%,41,283,324,272,16,25,11
0x40c2fb,88.9785%,41,331,372,232,16,25,99
0x407353,88.3191%,41,310,351,300,12,29,10
0x401cae,74.6914%,41,121,162,112,12,29,9
0x402577,85.7639%,41,247,288,239,13,28,8
0x40b308,96.9183%,40,1258,1298,1,37,3,1257
0x410809,99.8952%,40,38142,38182,37279,10,30,863
0x4063e7,68.254%,40,86,126,6,24,16,80
0x40565c,86.0714%,39,241,280,10,24,15,231
0x40b317,96.9841%,38,1222,1260,1126,10,28,96
0x4087ef,70.6349%,37,89,126,10,20,17,79
0x40d122,92.3868%,37,449,486,420,12,25,29
0x406209,71.4286%,36,90,126,87,21,15,3
0x401d41,89.4737%,36,306,342,295,9,27,11
0x410edd,99.9115%,36,40652,40688,97,22,14,40555
0x411814,99.9668%,36,108550,108586,41592,12,24,66958
0x411325,99.9349%,36,55270,55306,53524,7,29,1746
0x41295a,99.9203%,36,45126,45162,24027,17,19,21099
0x40844d,95.9491%,35,829,864,753,15,20,76
0x40d861,94.5227%,35,604,639,557,11,24,47
0x40f714,56.7901%,35,46,81,36,18,17,10
0x405b15,72.2222%,35,91,126,7,23,12,84
0x411309,99.9386%,34,55346,55380,54,20,14,55292
0x406d21,90.7859%,34,335,369,314,14,20,21
0x411f7a,99.9722%,34,122480,122514,120672,9,25,1808
0x401cf1,90.0585%,34,308,342,295,9,25,13
0x4108ba,99.9111%,34,38210,38244,11685,16,18,26525
0x411b78,99.9713%,34,118283,118317,120,20,14,118163
0x411a06,99.9336%,34,51197,51231,567,21,13,50630
0x41175c,99.9686%,34,108416,108450,106304,7,27,2112
0x404170,97.6496%,33,1371,1404,1237,11,22,134
0x408837,96.1806%,33,831,864,757,11,22,74
0x4046f4,78.8462%,33,123,156,109,15,18,14
0x40f685,60%,32,48,80,39,15,17,9
0x411f5e,99.9739%,32,122575,122607,79,14,18,122496
0x40279d,98.3838%,32,1948,1980,1744,16,16,204
0x409b92,98.3307%,32,1885,1917,1692,12,20,193
0x409c9f,80.2469%,32,130,162,65,13,19,65
0x404bfc,88.6525%,32,250,282,248,8,24,2
0x402c9d,98.5663%,32,2200,2232,1965,19,13,235
0x401df5,80.8642%,31,131,162,131,13,18,0
0x412bcc,99.9618%,31,81183,81214,24162,19,12,57021
0x40473e,89.2361%,31,257,288,242,10,21,15
0x411196,99.8814%,31,26109,26140,5176,15,16,20933
0x411cfc,99.9747%,31,122592,122623,78,17,14,122514
0x4089ff,93.501%,31,446,477,418,6,25,28
0x40a88e,80.8642%,31,131,162,130,14,17,1
0x412645,99.9922%,30,384720,384750,17830,23,7,366890
0x4106ec,99.8201%,30,16648,16678,6499,13,17,10149
0x410473,99.8203%,30,16664,16694,6511,12,18,10153
0x40c953,91.9355%,30,342,372,240,8,22,102
0x41515a,81.4815%,30,132,162,131,13,17,1
0x4103a8,99.8203%,30,16664,16694,89,21,9,16575
0x4040f0,98.8426%,30,2562,2592,2286,18,12,276
0x40bfff,91.9355%,30,342,372,236,12,18,106
0x4107ed,99.9216%,30,38214,38244,45,17,13,38169
0x412024,99.9755%,30,122577,122607,39580,15,15,82997
0x411907,99.9755%,29,118304,118333,127,15,14,118177
0x410ef9,99.9285%,29,40540,40569,39716,8,21,824
0x40bcf4,92.8922%,29,379,408,272,12,17,107
0x4079ad,94.9653%,29,547,576,502,10,19,45
0x4040f5,89.9306%,29,259,288,251,5,24,8
0x410c59,99.9312%,28,40676,40704,108,13,15,40568
0x4084d5,77.7778%,28,98,126,96,12,16,2
0x412d46,99.9293%,28,39567,39595,856,18,10,38711
0x40738b,82.716%,28,134,162,134,10,18,0
0x40564b,70.6522%,27,65,92,56,12,15,9
0x4021cd,98.6364%,27,1953,1980,1752,8,19,201
0x403608,90.625%,27,261,288,253,7,20,8
0x410a85,99.9294%,27,38201,38228,44,16,11,38157
0x410c75,99.9335%,27,40556,40583,39724,8,19,832
0x409cdb,95.4545%,27,567,594,515,13,14,52
0x41ad47,99.8395%,27,16793,16820,15121,17,10,1672
0x410629,99.8381%,27,16651,16678,91,17,10,16560
0x403c89,90.625%,27,261,288,249,3,24,12
0x40c657,93.0108%,26,346,372,235,13,13,111
0x408b5a,71.7391%,26,66,92,6,16,10,60
0x4068d3,79.3651%,26,100,126,97,11,15,3
0x416203,83.9506%,26,136,162,134,10,16,2
0x40736f,78.6325%,25,92,117,92,12,13,0
0x409bbc,88.2629%,25,188,213,183,6,19,5
0x406c35,78.6325%,25,92,117,68,10,15,24
0x40defd,99.44%,25,4439,4464,3957,11,14,482
0x4083d5,68.75%,25,55,80,51,12,13,4
0x4103c4,99.8493%,25,16559,16584,15783,6,19,776
0x401ad6,84.5679%,25,137,162,135,9,16,2
0x40db1a,82.6389%,25,119,144,119,9,16,0
0x40b570,99.7511%,25,10019,10044,8922,6,19,1097
0x405c4d,93.6869%,25,371,396,341,11,14,30
0x40d632,83.3333%,24,120,144,120,8,16,0
0x4020fd,92.5926%,24,300,324,275,13,11,25
0x402e9d,73.3333%,24,66,90,66,14,10,0
0x403c3c,82.8571%,24,116,140,103,9,15,13
0x4033ed,99.177%,24,2892,2916,2580,12,12,312
0x407765,75%,24,72,96,1,16,8,71
0x4113c4,99.9567%,24,55356,55380,26116,13,11,29240
0x409cc8,71.4286%,24,60,84,4,14,10,56
0x40641f,97.2222%,24,840,864,761,7,17,79
0x4064b6,93.4959%,24,345,369,315,13,11,30
0x409965,80.6452%,24,100,124,100,7,17,0
0x40f41e,76.4706%,24,78,102,76,6,18,2
0x408b40,65.1515%,23,43,66,7,15,8,36
0x409840,97.9391%,23,1093,1116,981,11,12,112
0x41241f,99.9491%,23,45136,45159,43014,6,17,2122
0x408b27,88.3838%,23,175,198,167,9,14,8
0x40d884,67.6056%,23,48,71,4,12,11,44
0x40950d,65.6716%,23,44,67,40,12,11,4
0x40d1cf,80.3419%,23,94,117,92,12,11,2
0x401dd6,93.2749%,23,319,342,219,9,14,100
0x411740,99.9797%,22,108564,108586,122,14,8,108442
0x409acd,85.6209%,22,131,153,88,14,8,43
0x40bcdd,98.254%,22,1238,1260,844,8,14,394
0x405b5d,97.4537%,22,842,864,760,8,14,82
0x40daca,69.0141%,22,49,71,47,8,14,2
0x40ced1,98.3025%,22,1274,1296,1147,5,17,127
0x40eadd,86.4198%,22,140,162,136,8,14,4
0x4061a4,60.7143%,22,34,56,32,11,11,2
0x40a96b,99.2455%,22,2894,2916,2579,13,9,315
0x412b00,99.9729%,22,81192,81214,37,12,10,81155
0x409dc4,86.4198%,22,140,162,132,12,10,8
0x408b7c,88.8889%,22,176,198,169,7,15,7
0x40d3ca,85.4167%,21,123,144,122,6,15,1
0x40d62d,98.3796%,21,1275,1296,1140,12,9,135
0x408879,78.125%,21,75,96,73,8,13,2
0x40763c,87.037%,21,141,162,136,8,13,5
0x40e1e0,99.6399%,21,5811,5832,5173,11,10,638
0x407ac2,83.3333%,21,105,126,101,11,10,4
0x40280d,83.3333%,21,105,126,101,11,10,4
0x40e061,99.6399%,21,5811,5832,5176,8,13,635
0x4078de,73.75%,21,59,80,2,14,7,57
0x406482,60.3774%,21,32,53,4,8,13,28
0x40645c,79.1667%,20,76,96,76,9,11,0
0x403690,98.4127%,20,1240,1260,1112,8,12,128
0x407a6d,84.127%,20,106,126,102,10,10,4
0x40acb8,99.8009%,20,10024,10044,8918,10,10,1106
0x410d56,99.8586%,20,14127,14147,4571,11,9,9556
0x412b1c,99.9754%,20,81145,81165,78566,7,13,2579
0x4128a0,99.9557%,20,45125,45145,43007,5,15,2118
0x4108f6,99.8291%,20,11681,11701,6678,8,12,5003
0x40d8db,95.1691%,20,394,414,354,14,6,40
0x409bb7,98.9567%,20,1897,1917,1694,10,10,203
0x408a52,95.8071%,20,457,477,416,8,12,41
0x4026a5,93.8272%,20,304,324,278,10,10,26
0x40227d,89.899%,20,178,198,167,9,11,11
0x40f325,93.4853%,20,287,307,197,8,12,90
0x40f6f2,95.9746%,19,453,472,228,8,11,225
0x41b449,73.6111%,19,53,72,39,9,10,14
0x405a3e,88.2716%,19,143,162,134,10,9,9
0x406b90,84.6774%,19,105,124,105,6,13,0
0x40cbf3,94.1358%,19,305,324,280,8,11,25
0x40d914,83.7607%,19,98,117,93,11,8,5
0x412884,99.9579%,19,45143,45162,6,11,8,45137
0x403545,94.1358%,19,305,324,279,9,10,26
0x410d1a,99.9533%,19,40685,40704,14142,5,14,26543
0x40e62a,97.0679%,19,629,648,568,8,11,61
0x41155e,99.9944%,18,323229,323247,214776,7,11,108453
0x40a977,94.4444%,18,306,324,281,7,11,25
0x40e107,97.2222%,18,630,648,570,6,12,60
0x4015c1,88.8889%,18,144,162,136,8,10,8
0x40cbe7,99.3827%,18,2898,2916,2584,8,10,314
0x402e2f,71.875%,18,46,64,23,11,7,23
0x40e662,75%,18,54,72,39,9,9,15
0x41ac53,99.8811%,18,15120,15138,8616,8,10,6504
0x40d37d,66.6667%,18,36,54,36,5,13,0
0x40743d,99.3827%,18,2898,2916,2584,8,10,314
0x4089f0,73.1343%,18,49,67,0,14,4,49
0x401b23,88.8889%,18,144,162,134,10,8,10
0x4121ae,99.9925%,18,240921,240939,159750,10,8,81171
0x40f39a,82.3529%,18,84,102,83,9,9,1
0x406b46,95.1613%,18,354,372,237,11,7,117
0x412fbe,99.9591%,17,41587,41604,5172,14,3,36415
0x409574,86.5079%,17,109,126,105,3,14,4
0x412c00,99.9297%,17,24164,24181,1635,14,3,22529
0x412bae,99.9929%,17,240886,240903,159728,10,7,81158
0x4124bf,99.9624%,17,45161,45178,24046,9,8,21115
0x403600,99.3441%,17,2575,2592,2297,7,10,278
0x40ddfd,97.3765%,17,631,648,570,6,11,61
0x40689c,67.9245%,17,36,53,33,9,8,3
0x40b22f,89.5062%,17,145,162,137,7,10,8
0x410b54,99.9555%,17,38211,38228,11686,4,13,26525
0x406b35,98.4767%,17,1099,1116,732,12,5,367
0x405b65,82.2917%,17,79,96,78,5,12,1
0x40a862,88.8889%,17,136,153,131,5,12,5
0x409924,98.4767%,17,1099,1116,734,10,7,365
0x406b8b,98.4767%,17,1099,1116,983,9,8,116
0x41a638,94.7531%,17,307,324,280,8,9,27
0x40e8b4,89.5062%,17,145,162,137,7,10,8
0x40b7f2,98.5663%,16,1100,1116,984,8,8,116
0x40ea00,97.5309%,16,632,648,574,2,14,58
0x407449,95.0617%,16,308,324,284,4,12,24
0x40ead4,98.9026%,16,1442,1458,1290,6,10,152
0x40ced6,88.8889%,16,128,144,127,4,12,1
0x411e06,99.9596%,16,39590,39606,870,8,8,38720
0x40ca9e,90.1235%,16,146,162,137,7,9,9
0x40775d,98.1481%,16,848,864,763,5,11,85
0x41043e,99.9673%,16,48941,48957,32368,5,11,16573
0x4115c6,99.9616%,16,41599,41615,5186,5,11,36413
0x40f2b3,92.2705%,16,191,207,91,13,3,100
0x405c10,71.4286%,16,40,56,4,8,8,36
0x40eb12,90.7407%,15,147,162,136,8,7,11
0x40babf,90.7407%,15,147,162,139,5,10,8
0x40e146,79.1667%,15,57,72,57,7,8,0
0x40e9f4,99.7428%,15,5817,5832,5178,6,9,639
0x40589d,99.4856%,15,2901,2916,2586,6,9,315
0x41127e,99.9761%,15,62832,62847,41889,9,6,20943
0x410645,99.9095%,15,16555,16570,15774,7,8,781
0x40e71d,97.6852%,15,633,648,567,9,6,66
0x406335,90.7407%,15,147,162,139,5,10,8
0x4155fc,96.9136%,15,471,486,318,6,9,153
0x40d8e0,67.3913%,15,31,46,25,8,7,6
0x40e8a8,98.9712%,15,1443,1458,1288,8,7,155
0x404045,95.3704%,15,309,324,281,7,8,28
0x401f62,97.8395%,14,634,648,572,4,10,62
0x40d145,74.0741%,14,40,54,3,9,5,37
0x4086ee,91.358%,14,148,162,138,6,8,10
0x41292e,99.9895%,14,133288,133302,88150,7,7,45138
0x412113,99.9828%,14,81216,81230,46,5,9,81170
0x4057b5,61.1111%,14,22,36,16,8,6,6
0x408874,98.3796%,14,850,864,761,7,7,89
0x409d70,84.4444%,14,76,90,75,5,9,1
0x4134b7,99.785%,14,6498,6512,4916,7,7,1582
0x410f8e,99.9884%,14,120848,120862,80291,2,12,40557
0x40c8fb,99.4727%,14,2641,2655,2351,9,5,290
0x40d1a3,62.1622%,14,23,37,18,6,8,5
0x40e729,80.5556%,14,58,72,57,7,7,1
0x407aa0,56.25%,14,18,32,8,6,8,10
0x40b57b,98.7455%,14,1102,1116,988,4,10,114
0x40f567,94.2387%,14,229,243,229,7,7,0
0x4155e6,99.0398%,14,1444,1458,964,8,6,480
0x4104b6,99.8007%,13,6510,6523,4921,7,6,1589
0x401f73,81.9444%,13,59,72,57,7,6,2
0x40e266,97.9938%,13,635,648,572,4,9,63
0x412403,99.9712%,13,45165,45178,11,8,5,45154
0x41322c,99.908%,13,14123,14136,4573,4,9,9550
0x410aa1,99.9659%,13,38155,38168,37277,4,9,878
0x401f4f,99.7771%,13,5819,5832,5178,6,7,641
0x4157b6,99.1084%,13,1445,1458,965,7,6,480
0x4033f9,95.9877%,13,311,324,285,3,10,26
0x40ce12,90.9722%,13,131,144,124,4,9,7
0x4146ca,66.6667%,12,24,36,16,8,4,8
0x4027b2,94.5455%,12,208,220,208,8,4,0
0x4030a2,33.3333%,12,6,18,3,11,1,3
0x401de2,89.4737%,12,102,114,73,3,9,29
0x40acc3,98.9247%,12,1104,1116,987,5,7,117
0x402e51,60%,12,18,30,2,4,8,16
0x41b3c3,83.3333%,12,60,72,59,5,7,1
0x40c5ef,99.548%,12,2643,2655,2355,5,7,288
0x40d19e,96.3964%,12,321,333,289,7,5,32
0x4055be,66.6667%,12,24,36,23,9,3,1
0x41336e,99.8973%,12,11678,11690,6679,2,10,4999
0x4019b9,92.5926%,12,150,162,141,3,9,9
0x409bf9,50%,12,12,24,10,6,6,2
0x412276,99.9504%,12,24180,24192,1648,5,7,22532
0x409d5f,83.3333%,11,55,66,51,5,6,4
0x409c5b,79.6296%,11,43,54,31,5,6,12
0x402595,69.4444%,11,25,36,25,7,4,0
0x40561d,69.4444%,11,25,36,25,7,4,0
0x41199e,99.9969%,11,353016,353027,234834,2,9,118182
0x46fec2,72.5%,11,29,40,24,8,3,5
0x40f2eb,78.4314%,11,40,51,38,6,5,2
0x410cee,99.9909%,11,120887,120898,80313,2,9,40574
0x41059e,99.7701%,11,4774,4785,3184,6,5,1590
0x40de09,84.7222%,11,61,72,61,3,8,0
0x40ea11,84.7222%,11,61,72,61,3,8,0
0x407a87,45%,11,9,20,7,7,4,2
0x411ffe,99.997%,11,365698,365709,243190,5,6,122508
0x40d66e,92.3611%,11,133,144,123,5,6,10
0x4124f6,99.9543%,11,24044,24055,1540,7,4,22504
0x41088e,99.9903%,11,113642,113653,75469,2,9,38173
0x412832,99.9757%,11,45165,45176,17846,7,4,27319
0x4117ee,99.9966%,11,323200,323211,214760,1,10,108440
0x40791d,98.0903%,11,565,576,505,7,4,60
0x41249e,99.9925%,10,133328,133338,88172,7,3,45156
0x4058a9,96.9136%,10,314,324,286,2,8,28
0x412cde,99.9852%,10,67586,67596,45057,7,3,22529
0x41344e,99.9335%,10,15017,15027,10012,6,4,5005
0x40aada,99.1039%,10,1106,1116,985,7,3,121
0x4106ce,99.9796%,10,48911,48921,32347,4,6,16564
0x40e2ad,86.1111%,10,62,72,62,2,8,0
0x402ef2,83.871%,10,52,62,51,5,5,1
0x408a57,81.1321%,10,43,53,40,5,5,3
0x40d15f,76.1905%,10,32,42,0,5,5,32
0x40af3a,99.1039%,10,1106,1116,987,5,5,119
0x40b394,99.1039%,10,1106,1116,988,4,6,118
0x41139e,99.9939%,10,164133,164143,108834,3,7,55299
0x411c1e,99.9972%,10,352981,352991,234812,2,8,118169
0x417734,66.6667%,9,18,27,18,6,3,0
0x408a76,66.6667%,9,18,27,3,5,4,15
0x40f72e,66.6667%,9,18,27,14,4,5,4
0x411b02,99.9941%,9,151920,151929,101279,7,2,50641
0x4030b3,50%,9,9,18,7,5,4,2
0x410b2e,99.9921%,9,113608,113617,75447,2,7,38161
0x40e67f,62.5%,9,15,24,14,2,7,1
0x41298f,99.9626%,9,24035,24044,1537,6,3,22498
0x4110f6,99.4947%,9,1772,1781,0,0,9,1772
0x40a983,75%,9,27,36,27,5,4,0
0x40eb5e,94.4444%,9,153,162,138,6,3,15
0x407aff,47.0588%,9,8,17,8,4,5,0
0x4019ad,99.3827%,9,1449,1458,1294,2,7,155
0x402d90,75%,9,27,36,20,4,5,7
0x40d89e,83.6364%,9,46,55,2,7,2,44
0x402e78,62.5%,9,15,24,7,7,2,8
0x40cf0a,92.3077%,9,108,117,99,5,4,9
0x41359e,99.8112%,9,4758,4767,3174,4,5,1584
0x403273,50%,9,9,18,6,8,1,3
0x417892,66.6667%,9,18,27,14,4,5,4
0x414270,50%,9,9,18,9,7,2,0
0x41112e,99.9945%,9,164170,164179,108857,2,7,55313
0x412372,99.9867%,9,67608,67617,45072,6,3,22536
0x40334d,77.7778%,8,28,36,28,4,4,0
0x40e92a,95.0617%,8,154,162,142,2,6,12
0x40d561,94.4444%,8,136,144,125,3,5,11
0x40bf9f,99.7017%,8,2674,2682,2380,4,4,294
0x40224b,71.4286%,8,20,28,1,5,3,19
0x41260c,99.9823%,8,45170,45178,24665,5,3,20505
0x40cada,55.5556%,8,10,18,8,4,4,2
0x41482e,33.3333%,8,4,12,4,4,4,0
0x40285c,55.5556%,8,10,18,10,4,4,0
0x40df9f,88.8889%,8,64,72,62,2,6,2
0x404d3c,91.4894%,8,86,94,86,4,4,0
0x4179e3,65.2174%,8,15,23,13,3,5,2
0x4177a3,70.3704%,8,19,27,19,5,3,0
0x405c52,81.8182%,8,36,44,35,6,2,1
0x402f0f,55.5556%,8,10,18,10,6,2,0
0x4130fe,99.9694%,8,26121,26129,5182,4,4,20939
0x4079b2,87.5%,8,56,64,0,5,3,56
0x4157c7,98.3539%,8,478,486,320,4,4,158
0x415d96,77.7778%,8,28,36,18,6,2,10
0x41621d,55.5556%,8,10,18,10,6,2,0
0x413ff5,55.5556%,8,10,18,10,6,2,0
0x4158e4,95.679%,7,155,162,155,3,4,0
0x40417c,95.5128%,7,149,156,149,5,2,0
0x40bae1,61.1111%,7,11,18,11,5,2,0
0x40f432,65%,7,13,20,13,4,3,0
0x414625,80.5556%,7,29,36,29,3,4,0
0x4022cc,75%,7,21,28,21,3,4,0
0x408b81,68.1818%,7,15,22,14,6,1,1
0x40d920,46.1538%,7,6,13,4,4,3,2
0x46fda7,95.3947%,7,145,152,3,5,2,142
0x40e066,98.9198%,7,641,648,641,7,0,0
0x46fde4,95.3333%,7,143,150,3,3,4,140
0x402ae5,80.5556%,7,29,36,29,3,4,0
0x4131de,99.9889%,7,62822,62829,41883,3,4,20939
0x4048c9,80.5556%,7,29,36,29,3,4,0
0x4031d6,61.1111%,7,11,18,7,5,2,4
0x403284,61.1111%,7,11,18,9,3,4,2
0x409938,98.1183%,7,365,372,245,3,4,120
0x411d8e,99.9981%,7,365738,365745,243216,1,6,122522
0x40340f,83.3333%,6,30,36,30,2,4,0
0x409582,66.6667%,6,12,18,12,4,2,0
0x403111,66.6667%,6,12,18,12,4,2,0
0x414e6e,66.6667%,6,12,18,12,4,2,0
0x409c20,78.5714%,6,22,28,0,2,4,22
0x406d2d,85.3659%,6,35,41,35,4,2,0
0x41247a,99.9867%,6,45153,45159,0,0,6,45153
0x412853,99.978%,6,27315,27321,11,3,3,27304
0x417904,77.7778%,6,21,27,21,3,3,0
0x408b14,80%,6,24,30,3,5,1,21
0x4064c2,85.3659%,6,35,41,35,4,2,0
0x408bb9,80%,6,24,30,19,3,3,5
0x414025,66.6667%,6,12,18,12,4,2,0
0x4056ff,66.6667%,6,12,18,12,4,2,0
0x40c2a3,99.7763%,6,2676,2682,2382,2,4,294
0x402ca5,97.5806%,6,242,248,242,2,4,0
0x401aef,66.6667%,6,12,18,12,4,2,0
0x4126d1,66.6667%,6,12,18,12,4,2,0
0x407455,83.3333%,6,30,36,30,2,4,0
0x409df7,88.8889%,6,48,54,45,3,3,3
0x409c15,82.3529%,6,28,34,0,6,0,28
0x41b4df,75%,6,18,24,6,2,4,12
0x40a8ad,66.6667%,6,12,18,12,4,2,0
0x402de7,70%,6,14,20,6,6,0,8
0x4021d2,97.2727%,6,214,220,214,2,4,0
0x403015,66.6667%,6,12,18,9,3,3,3
0x412a5f,99.9911%,6,67497,67503,44998,4,2,22499
0x409960,99.4624%,6,1110,1116,989,3,3,121
0x4058b5,86.1111%,5,31,36,31,1,4,0
0x41adab,99.9628%,5,13451,13456,13451,5,0,0
0x403e6c,86.1111%,5,31,36,31,1,4,0
0x40eb1b,72.2222%,5,13,18,13,3,2,0
0x41267d,99.9889%,5,45173,45178,45173,3,2,0
0x40f692,80.7692%,5,21,26,21,3,2,0
0x4084e1,72.2222%,5,13,18,13,3,2,0
0x417931,81.4815%,5,22,27,22,2,3,0
0x402eb9,72.2222%,5,13,18,0,0,5,13
0x415166,72.2222%,5,13,18,12,4,1,1
0x40cbff,86.1111%,5,31,36,31,1,4,0
0x40d1db,61.5385%,5,8,13,4,4,1,4
0x413d30,72.2222%,5,13,18,13,3,2,0
0x417634,0%,5,0,5,0,2,3,0
0x402ece,72.2222%,5,13,18,13,3,2,0
0x41a64a,86.1111%,5,31,36,31,1,4,0
0x4073aa,72.2222%,5,13,18,13,3,2,0
0x4027e0,72.2222%,5,13,18,0,4,1,13
0x402d9c,58.3333%,5,7,12,5,3,2,2
0x408ba2,72.2222%,5,13,18,13,3,2,0
0x402f3f,72.2222%,5,13,18,13,3,2,0
0x40571c,72.2222%,5,13,18,12,4,1,1
0x401f94,37.5%,5,3,8,3,1,4,0
0x410e52,99.9826%,5,28690,28695,19128,2,3,9562
0x46fe2a,37.5%,5,3,8,3,3,2,0
0x40e7ee,37.5%,5,3,8,2,4,1,1
0x406932,72.2222%,5,13,18,12,4,1,1
0x40f1da,72.2222%,5,13,18,13,3,2,0
0x415107,72.2222%,5,13,18,12,4,1,1
0x40f39f,50%,5,5,10,4,3,2,1
0x40cb1f,16.6667%,5,1,6,1,3,2,0
0x40ca76,44.4444%,5,4,9,4,2,3,0
0x4056cd,77.7778%,4,14,18,13,3,1,1
0x415de5,66.6667%,4,8,12,0,4,0,8
0x4177e0,85.1852%,4,23,27,22,2,2,1
0x40f2ff,33.3333%,4,2,6,0,2,2,2
0x41abe6,99.8811%,4,3360,3364,1679,3,1,1681
0x40cbd8,98.7654%,4,320,324,0,0,4,320
0x40a992,0%,4,0,4,0,2,2,0
0x40621c,77.7778%,4,14,18,14,2,2,0
0x412e2e,99.9966%,4,116159,116163,77438,4,0,38721
0x40aa69,96.7742%,4,120,124,0,0,4,120
0x41309e,99.9963%,4,109250,109254,72833,3,1,36417
0x407a57,76.4706%,4,13,17,1,2,2,12
0x40f124,77.7778%,4,14,18,14,2,2,0
0x414202,0%,4,0,4,0,2,2,0
0x40ca24,96.7742%,4,120,124,120,3,1,0
0x46fed8,50%,4,4,8,4,2,2,0
0x4063f0,95.8333%,4,92,96,0,0,4,92
0x40cc13,0%,4,0,4,0,2,2,0
0x41789f,55.5556%,4,5,9,5,1,3,0
0x4031f5,33.3333%,4,2,6,2,2,2,0
0x40f745,55.5556%,4,5,9,5,1,3,0
0x46fe4f,50%,4,4,8,4,2,2,0
0x40302b,33.3333%,4,2,6,1,3,1,1
0x40573c,77.7778%,4,14,18,14,2,2,0
0x415da7,66.6667%,4,8,12,5,3,1,3
0x414055,77.7778%,4,14,18,14,2,2,0
0x414ffe,77.7778%,4,14,18,14,2,2,0
0x4116c2,99.9963%,4,109268,109272,72848,0,4,36420
0x4141b4,33.3333%,4,2,6,2,2,2,0
0x401b2c,77.7778%,4,14,18,14,2,2,0
0x412e7c,99.9922%,4,51216,51220,582,2,2,50634
0x4015d6,77.7778%,4,14,18,14,2,2,0
0x413c8f,66.6667%,4,8,12,5,3,1,3
0x40e8c0,83.3333%,3,15,18,15,1,2,0
0x40b24f,83.3333%,3,15,18,15,1,2,0
0x405c98,62.5%,3,5,8,0,3,0,5
0x405638,25%,3,1,4,1,1,2,0
0x40eb6a,83.3333%,3,15,18,15,1,2,0
0x401e2c,83.3333%,3,15,18,15,1,2,0
0x4030bf,50%,3,3,6,3,1,2,0
0x4058c6,25%,3,1,4,1,1,2,0
0x40db5c,81.25%,3,13,16,12,2,1,1
0x40f593,57.1429%,3,4,7,3,2,1,1
0x4019c5,83.3333%,3,15,18,15,1,2,0
0x4174d4,66.6667%,3,6,9,6,2,1,0
0x40d414,81.25%,3,13,16,13,1,2,0
0x4179f0,57.1429%,3,4,7,3,2,1,1
0x414135,50%,3,3,6,2,2,1,1
0x402ea9,70%,3,7,10,7,1,2,0
0x411eba,99.9974%,3,116181,116184,0,0,3,116181
0x4140b8,50%,3,3,6,2,2,1,1
0x40ba93,0%,3,0,3,0,2,1,0
0x413619,25%,3,1,4,0,2,1,1
0x40631e,83.3333%,3,15,18,0,0,3,15
0x4057c6,75%,3,9,12,6,2,1,3
0x40b9fe,0%,3,0,3,0,2,1,0
0x414d9b,25%,3,1,4,1,1,2,0
0x40eaeb,83.3333%,3,15,18,15,1,2,0
0x40b885,97.5806%,3,121,124,121,2,1,0
0x4175a4,66.6667%,3,6,9,6,2,1,0
0x40e936,83.3333%,3,15,18,15,1,2,0
0x4109f2,99.9801%,3,15042,15045,10030,0,3,5012
0x40ba21,33.3333%,2,1,3,1,1,1,0
0x40cdff,87.5%,2,14,16,0,0,2,14
0x40bab6,33.3333%,2,1,3,1,1,1,0
0x40ca7f,71.4286%,2,5,7,5,2,0,0
0x40ca95,77.7778%,2,7,9,7,1,1,0
0x402289,90.9091%,2,20,22,20,2,0,0
0x415bf8,50%,2,2,4,2,2,0,0
0x417aab,33.3333%,2,1,3,1,2,0,0
0x40f315,33.3333%,2,1,3,0,2,0,1
0x413caa,50%,2,2,4,0,2,0,2
0x403290,66.6667%,2,4,6,2,2,0,2
0x4173d4,33.3333%,2,1,3,1,1,1,0
0x40eaa1,66.6667%,2,4,6,4,2,0,0
0x41b25d,87.5%,2,14,16,7,1,1,7
0x40ea3f,75%,2,6,8,0,2,0,6
0x40f578,71.4286%,2,5,7,4,1,1,1
0x46fdac,98.6667%,2,148,150,148,2,0,0
0x40ba10,33.3333%,2,1,3,1,2,0,0
0x41b4e4,96.875%,2,62,64,62,2,0,0
0x40f59e,0%,2,0,2,0,1,1,0
0x4064d8,66.6667%,2,4,6,1,1,1,3
0x41343d,99.9933%,2,30052,30054,15027,0,2,15025
0x40ca7a,33.3333%,2,1,3,1,1,1,0
0x417a8b,60%,2,3,5,2,2,0,1
0x41330e,99.993%,2,28675,28677,19118,0,2,9557
0x40baa5,33.3333%,2,1,3,1,2,0,0
0x41b181,75%,2,6,8,6,2,0,0
0x407460,50%,2,2,4,1,1,1,1
0x405672,50%,1,1,2,1,1,0,0
0x4045e0,50%,1,1,2,1,1,0,0
0x4064e7,75%,1,3,4,3,1,0,0
0x40f6a1,50%,1,1,2,0,1,0,1
0x41a667,75%,1,3,4,3,1,0,0
0x41a512,75%,1,3,4,0,0,1,3
0x41a4c0,75%,1,3,4,3,1,0,0
0x41a5a2,75%,1,3,4,3,1,0,0
0x40ea92,91.6667%,1,11,12,5,1,0,6
0x4179d3,95.8333%,1,23,24,0,1,0,23
0x405513,75%,1,3,4,3,1,0,0
0x40df02,99.7984%,1,495,496,495,1,0,0
0x40369c,99.2857%,1,139,140,139,1,0,0
0x40e568,99.8457%,1,647,648,647,1,0,0
0x41774a,66.6667%,1,2,3,2,1,0,0
0x41b281,87.5%,1,7,8,7,1,0,0
0x40e6b0,87.5%,1,7,8,7,1,0,0
0x41b4b7,87.5%,1,7,8,7,1,0,0
0x40e1e5,99.8457%,1,647,648,647,1,0,0
0x41afe7,87.5%,1,7,8,7,1,0,0
0x405ca7,80%,1,4,5,4,1,0,0
0x41afda,87.5%,1,7,8,7,1,0,0
0x41b124,87.5%,1,7,8,7,1,0,0
0x41b116,87.5%,1,7,8,7,1,0,0
0x41b2b6,87.5%,1,7,8,7,1,0,0
0x41b506,87.5%,1,7,8,7,1,0,0
0x41768b,66.6667%,1,2,3,2,1,0,0
0x40f5ec,0%,1,0,1,0,1,0,0
0x46fdbc,99.3333%,1,149,150,149,1,0,0
0x46fdfa,99.3333%,1,149,150,149,1,0,0
0x40f3b3,90%,1,9,10,9,1,0,0
0x458e3e,99.9408%,1,1689,1690,1689,1,0,0
0x45c3ac,99.9408%,1,1689,1690,1689,1,0,0
0x402819,92.8571%,1,13,14,13,1,0,0
0x40eab8,50%,1,1,2,0,0,1,1
0x45a267,99.9408%,1,1689,1690,1689,1,0,0
0x41ab24,99.9405%,1,1681,1682,1681,1,0,0
0x413770,75%,1,3,4,0,0,1,3
0x41ae54,99.9703%,1,3363,3364,1681,1,0,1682
0x45a86d,99.9408%,1,1689,1690,1689,1,0,0
0x41ac79,99.9761%,1,4183,4184,4183,1,0,0
0x40afcd,99.1935%,1,123,124,123,1,0,0
0x40b8ec,0%,1,0,1,0,1,0,0
0x40f2f5,85.7143%,1,6,7,0,1,0,6
0x4125f2,99.9985%,1,67523,67524,45015,1,0,22508
0x40f766,66.6667%,1,2,3,2,1,0,0
0x41ac10,99.9703%,1,3363,3364,1681,1,0,1682
0x40c9a2,99.1935%,1,123,124,123,1,0,0
0x40d308,80%,1,4,5,4,1,0,0
0x40f3a4,66.6667%,1,2,3,2,1,0,0
0x4173dd,0%,1,0,1,0,1,0,0
0x41b22e,87.5%,1,7,8,7,1,0,0
0x41b3d7,87.5%,1,7,8,7,1,0,0
0x408452,98.9583%,1,95,96,95,1,0,0
0x412f5e,99.9993%,1,151907,151908,101271,1,0,50636
0x407973,98.1818%,1,54,55,54,1,0,0
0x406d65,50%,1,1,2,1,1,0,0
0x406d49,75%,1,3,4,1,1,0,2
0x407ac7,92.8571%,1,13,14,13,1,0,0
0x40da4a,80%,1,4,5,4,1,0,0
0x413f9b,50%,1,1,2,1,1,0,0
0x45c37b,99.9408%,1,1689,1690,1689,1,0,0
0x408a04,98.1132%,1,52,53,52,1,0,0
0x408a81,94.7368%,1,18,19,18,1,0,0
0x41b01e,87.5%,1,7,8,7,1,0,0
0x40f57e,50%,1,1,2,1,1,0,0
0x458e0f,99.9408%,1,1689,1690,1689,1,0,0
0x45c9ec,99.9408%,1,1689,1690,1689,1,0,0
0x458dc9,99.9408%,1,1689,1690,1689,1,0,0
0x411eee,99.9991%,1,116183,116184,77456,0,1,38727
0x458e2f,99.9408%,1,1689,1690,1689,1,0,0
0x40f6b1,0%,1,0,1,0,1,0,0
0x41b26f,87.5%,1,7,8,7,1,0,0
0x409d75,90%,1,9,10,9,1,0,0
0x41739b,66.6667%,1,2,3,2,1,0,0
0x415b4a,75%,1,3,4,3,1,0,0
0x40f309,75%,1,3,4,0,1,0,3
0x40eb72,50%,1,1,2,1,1,0,0
0x415016,50%,1,1,2,1,1,0,0
0x415db0,75%,1,3,4,3,1,0,0
0x4040ae,100%,0,288,288,0,0,0,288
0x410dc1,100%,0,28695,28695,28695,0,0,0
0x404f46,100%,0,4,4,0,0,0,4
0x4179c4,100%,0,8,8,0,0,0,8
0x40cbc8,100%,0,36,36,0,0,0,36
0x4045cf,100%,0,2,2,0,0,0,2
0x458dba,100%,0,1690,1690,0,0,0,1690
0x458d6d,100%,0,1690,1690,0,0,0,1690
0x41b348,100%,0,8,8,0,0,0,8
0x40401c,100%,0,36,36,0,0,0,36
0x458d63,100%,0,1690,1690,0,0,0,1690
0x40e91b,100%,0,18,18,0,0,0,18
0x413a10,100%,0,4,4,0,0,0,4
0x413640,100%,0,4,4,0,0,0,4
0x45c3d5,100%,0,1690,1690,0,0,0,1690
0x45c3a3,100%,0,1690,1690,0,0,0,1690
0x410cb6,100%,0,851,851,0,0,0,851
0x413281,100%,0,28677,28677,28677,0,0,0
0x41af9a,100%,0,8,8,0,0,0,8
0x410856,100%,0,893,893,0,0,0,893
0x407606,100%,0,18,18,0,0,0,18
0x40dde9,100%,0,72,72,0,0,0,72
0x458d75,100%,0,1690,1690,0,0,0,1690
0x45c3bb,100%,0,1690,1690,0,0,0,1690
0x40e73a,100%,0,8,8,0,0,0,8
0x405879,100%,0,36,36,0,0,0,36
0x41308d,100%,0,218508,218508,109254,0,0,109254
0x404aa0,100%,0,36,36,0,0,0,36
0x40b9a6,100%,0,1,1,0,0,0,1
0x415cbb,100%,0,12,12,0,0,0,12
0x40496a,100%,0,36,36,0,0,0,36
0x414a06,100%,0,4,4,0,0,0,4
0x45c367,100%,0,1690,1690,0,0,0,1690
0x409ced,100%,0,66,66,0,0,0,66
0x40af66,100%,0,124,124,0,0,0,124
0x40e898,100%,0,162,162,0,0,0,162
0x402688,100%,0,36,36,0,0,0,36
0x40351d,100%,0,36,36,0,0,0,36
0x403423,100%,0,4,4,0,0,0,4
0x417872,100%,0,9,9,0,0,0,9
0x4154b6,100%,0,162,162,0,0,0,162
0x401d72,100%,0,38,38,0,0,0,38
0x4132d8,100%,0,28677,28677,0,0,0,28677
0x413629,100%,0,2,2,0,0,0,2
0x4033bb,100%,0,36,36,0,0,0,36
0x403376,100%,0,4,4,0,0,0,4
0x40f258,100%,0,22,22,0,0,0,22
0x402da1,100%,0,4,4,0,0,0,4
0x4116e9,100%,0,108602,108602,108602,0,0,0
0x41b59e,100%,0,8,8,0,0,0,8
0x412821,100%,0,2,2,0,0,0,2
0x412df6,100%,0,116163,116163,0,0,0,116163
0x40acef,100%,0,124,124,0,0,0,124
0x4031b9,100%,0,6,6,0,0,0,6
0x45c3c7,100%,0,1690,1690,0,0,0,1690
0x40c927,100%,0,295,295,0,0,0,295
0x40e705,100%,0,72,72,0,0,0,72
0x40e984,100%,0,8,8,0,0,0,8
0x40e9d8,100%,0,72,72,0,0,0,72
0x45c353,100%,0,1690,1690,0,0,0,1690
0x40198b,100%,0,18,18,0,0,0,18
0x40e81e,100%,0,2,2,0,0,0,2
0x401eb4,100%,0,8,8,0,0,0,8
0x45a30d,100%,0,1690,1690,0,0,0,1690
0x45c9d3,100%,0,1690,1690,0,0,0,1690
0x413795,100%,0,4,4,0,0,0,4
0x4132fd,100%,0,57354,57354,28677,0,0,28677
0x4020bb,100%,0,36,36,0,0,0,36
0x45a255,100%,0,1690,1690,0,0,0,1690
0x40eacf,100%,0,162,162,0,0,0,162
0x45a20a,100%,0,1690,1690,0,0,0,1690
0x45c38c,100%,0,1690,1690,0,0,0,1690
0x407a92,100%,0,6,6,0,0,0,6
0x4035c3,100%,0,288,288,0,0,0,288
0x458da8,100%,0,1690,1690,0,0,0,1690
0x41b250,100%,0,16,16,0,0,0,16
0x40ca20,100%,0,124,124,0,0,0,124
0x40b896,100%,0,1,1,0,0,0,1
0x403266,100%,0,6,6,0,0,0,6
0x40311e,100%,0,2,2,0,0,0,2
0x40d866,100%,0,71,71,0,0,0,71
0x40ce88,100%,0,144,144,0,0,0,144
0x40d761,100%,0,16,16,0,0,0,16
0x40d566,100%,0,16,16,0,0,0,16
0x412b69,100%,0,2592,2592,0,0,0,2592
0x40d2da,100%,0,5,5,0,0,0,5
0x40d127,100%,0,54,54,0,0,0,54
0x40ce17,100%,0,16,16,0,0,0,16
0x415435,100%,0,162,162,0,0,0,162
0x40eac7,100%,0,18,18,0,0,0,18
0x402d0d,100%,0,4,4,0,0,0,4
0x40c57a,100%,0,295,295,0,0,0,295
0x40c33a,100%,0,124,124,0,0,0,124
0x40da23,100%,0,5,5,0,0,0,5
0x40c2cf,100%,0,298,298,0,0,0,298
0x40bfcb,100%,0,298,298,0,0,0,298
0x40bf2a,100%,0,298,298,0,0,0,298
0x40bd0d,100%,0,372,372,0,0,0,372
0x40bc57,100%,0,162,162,0,0,0,162
0x40ba30,100%,0,1,1,0,0,0,1
0x417424,100%,0,1,1,0,0,0,1
0x40633a,100%,0,18,18,0,0,0,18
0x406b57,100%,0,124,124,0,0,0,124
0x406b4e,100%,0,124,124,0,0,0,124
0x40f5dd,100%,0,1,1,0,0,0,1
0x406abd,100%,0,124,124,0,0,0,124
0x415c10,100%,0,4,4,0,0,0,4
0x411966,100%,0,1546,1546,0,0,0,1546
0x415813,100%,0,133,133,0,0,0,133
0x415dd8,100%,0,12,12,0,0,0,12
0x4157d5,100%,0,162,162,0,0,0,162
0x40c623,100%,0,295,295,0,0,0,295
0x415d63,100%,0,12,12,0,0,0,12
0x40b81e,100%,0,124,124,0,0,0,124
0x41578e,100%,0,486,486,0,0,0,486
0x415707,100%,0,486,486,0,0,0,486
0x4155bf,100%,0,486,486,0,0,0,486
0x415548,100%,0,486,486,0,0,0,486
0x41552b,100%,0,486,486,0,0,0,486
0x40f5a8,100%,0,1,1,0,0,0,1
0x4152f8,100%,0,162,162,0,0,0,162
0x417a0c,100%,0,2,2,0,0,0,2
0x40eb20,100%,0,2,2,0,0,0,2
0x40eb0d,100%,0,18,18,0,0,0,18
0x40eb00,100%,0,2,2,0,0,0,2
0x4086f3,100%,0,18,18,0,0,0,18
0x40541f,100%,0,4,4,0,0,0,4
0x409845,100%,0,124,124,0,0,0,124
0x40534a,100%,0,4,4,0,0,0,4
0x4052c1,100%,0,4,4,0,0,0,4
0x4097f3,100%,0,124,124,0,0,0,124
0x408ba7,100%,0,2,2,0,0,0,2
0x408b65,100%,0,70,70,0,0,0,70
0x41b46f,100%,0,24,24,0,0,0,24
0x40883c,100%,0,96,96,0,0,0,96
0x4105c3,100%,0,16694,16694,16694,0,0,0
0x4087f8,100%,0,96,96,0,0,0,96
0x405429,100%,0,4,4,0,0,0,4
0x4086b8,100%,0,18,18,0,0,0,18
0x41b1d8,100%,0,8,8,0,0,0,8
0x41136b,100%,0,1775,1775,0,0,0,1775
0x41b16f,100%,0,8,8,0,0,0,8
0x407a7e,100%,0,14,14,0,0,0,14
0x41b0e0,100%,0,8,8,0,0,0,8
0x41b0d7,100%,0,8,8,0,0,0,8
0x40ea8d,100%,0,6,6,0,0,0,6
0x4079c7,100%,0,5,5,0,0,0,5
0x41b015,100%,0,8,8,0,0,0,8
0x407922,100%,0,64,64,0,0,0,64
0x40a8f6,100%,0,4,4,0,0,0,4
0x40f5ce,100%,0,1,1,0,0,0,1
0x417a22,100%,0,2,2,0,0,0,2
0x40b5a7,100%,0,124,124,0,0,0,124
0x40b522,100%,0,124,124,0,0,0,124
0x40b398,100%,0,124,124,0,0,0,124
0x40ae85,100%,0,124,124,0,0,0,124
0x40cb72,100%,0,4,4,0,0,0,4
0x408b4b,100%,0,44,44,0,0,0,44
0x41abd9,100%,0,1682,1682,0,0,0,1682
0x41ab81,100%,0,1682,1682,0,0,0,1682
0x40a95c,100%,0,324,324,0,0,0,324
0x41afa6,100%,0,8,8,0,0,0,8
0x41aaec,100%,0,1682,1682,0,0,0,1682
0x40742e,100%,0,324,324,0,0,0,324
0x40e8d2,100%,0,2,2,0,0,0,2
0x40aade,100%,0,124,124,0,0,0,124
0x40c22e,100%,0,298,298,0,0,0,298
0x40aa14,100%,0,162,162,0,0,0,162
0x409ba4,100%,0,213,213,0,0,0,213
0x40588e,100%,0,324,324,0,0,0,324
0x40994d,100%,0,124,124,0,0,0,124
0x4116ad,100%,0,218544,218544,109272,0,0,109272
0x4098af,100%,0,124,124,0,0,0,124
0x417792,100%,0,27,27,0,0,0,27
0x4033d1,100%,0,324,324,0,0,0,324
0x41041a,100%,0,16584,16584,0,0,0,16584
0x40b849,100%,0,124,124,0,0,0,124
0x40f446,100%,0,3,3,0,0,0,3
0x40c35d,100%,0,372,372,0,0,0,372
0x407aab,100%,0,18,18,0,0,0,18
0x401b16,100%,0,18,18,0,0,0,18
0x408410,100%,0,96,96,0,0,0,96
0x411b29,100%,0,118333,118333,118333,0,0,0
0x410e3d,100%,0,57390,57390,28695,0,0,28695
0x413151,100%,0,62829,62829,62829,0,0,0
0x41b15e,100%,0,8,8,0,0,0,8
0x4111e1,100%,0,62847,62847,62847,0,0,0
0x40bcc9,100%,0,446,446,0,0,0,446
0x406b23,100%,0,372,372,0,0,0,372
0x4131cd,100%,0,125658,125658,62829,0,0,62829
0x410406,100%,0,795,795,0,0,0,795
0x40354a,100%,0,36,36,0,0,0,36
0x413011,100%,0,109254,109254,109254,0,0,0
0x4073bd,100%,0,4,4,0,0,0,4
0x412f4d,100%,0,303816,303816,151908,0,0,151908
0x416240,100%,0,2,2,0,0,0,2
0x41b178,100%,0,8,8,0,0,0,8
0x458d59,100%,0,1690,1690,0,0,0,1690
0x412da1,100%,0,116163,116163,116163,0,0,0
0x412ac8,100%,0,81214,81214,0,0,0,81214
0x415cdf,100%,0,12,12,0,0,0,12
0x458e39,100%,0,1690,1690,0,0,0,1690
0x4131ac,100%,0,62829,62829,0,0,0,62829
0x40d546,100%,0,16,16,0,0,0,16
0x41b2ab,100%,0,8,8,0,0,0,8
0x417882,100%,0,27,27,0,0,0,27
0x417806,100%,0,3,3,0,0,0,3
0x41197a,100%,0,118191,118191,0,0,0,118191
0x411631,100%,0,109272,109272,109272,0,0,0
0x41110a,100%,0,55320,55320,0,0,0,55320
0x415670,100%,0,162,162,0,0,0,162
0x40b324,100%,0,124,124,0,0,0,124
0x41218a,100%,0,81179,81179,0,0,0,81179
0x40ea44,100%,0,6,6,0,0,0,6
0x4177d3,100%,0,27,27,0,0,0,27
0x40e88d,100%,0,18,18,0,0,0,18
0x46fe98,100%,0,40,40,0,0,0,40
0x4174dd,100%,0,1,1,0,0,0,1
0x46fe67,100%,0,8,8,0,0,0,8
0x413511,100%,0,4767,4767,4767,0,0,0
0x411ac0,100%,0,151929,151929,0,0,0,151929
0x40f5bb,100%,0,1,1,0,0,0,1
0x410504,100%,0,4785,4785,4785,0,0,0
0x458d97,100%,0,1690,1690,0,0,0,1690
0x41124a,100%,0,62847,62847,0,0,0,62847
0x45c3d0,100%,0,1690,1690,0,0,0,1690
0x412903,100%,0,45145,45145,0,0,0,45145
0x41306c,100%,0,109254,109254,0,0,0,109254
0x4128ef,100%,0,2133,2133,0,0,0,2133
0x45a235,100%,0,1690,1690,0,0,0,1690
0x40b2cf,100%,0,162,162,0,0,0,162
0x412712,100%,0,2,2,0,0,0,2
0x402102,100%,0,36,36,0,0,0,36
0x402754,100%,0,220,220,0,0,0,220
0x458d85,100%,0,1690,1690,0,0,0,1690
0x410cca,100%,0,40583,40583,0,0,0,40583
0x41b00c,100%,0,8,8,0,0,0,8
0x412c51,100%,0,67596,67596,67596,0,0,0
0x41b596,100%,0,8,8,0,0,0,8
0x410e76,100%,0,40704,40704,40704,0,0,0
0x410e10,100%,0,28695,28695,0,0,0,28695
0x409d32,100%,0,94,94,0,0,0,94
0x413566,100%,0,4767,4767,0,0,0,4767
0x4117ab,100%,0,2139,2139,0,0,0,2139
0x413418,100%,0,15027,15027,0,0,0,15027
0x412176,100%,0,2598,2598,0,0,0,2598
0x405a46,100%,0,18,18,0,0,0,18
0x4156eb,100%,0,486,486,0,0,0,486
0x4109dd,100%,0,30090,30090,15045,0,0,15045
0x41056d,100%,0,4785,4785,0,0,0,4785
0x41a53e,100%,0,4,4,0,0,0,4
0x41153a,100%,0,108464,108464,0,0,0,108464
0x410a16,100%,0,38244,38244,38244,0,0,0
0x410961,100%,0,15045,15045,15045,0,0,0
0x411680,100%,0,109272,109272,0,0,0,109272
0x40ba41,100%,0,1,1,0,0,0,1
0x4133c1,100%,0,15027,15027,15027,0,0,0
0x405b1e,100%,0,96,96,0,0,0,96
0x458de7,100%,0,1690,1690,0,0,0,1690
0x410b02,100%,0,38168,38168,0,0,0,38168
0x40b995,100%,0,1,1,0,0,0,1
0x40ff91,100%,0,27325,27325,0,0,0,27325
0x411d6a,100%,0,122528,122528,0,0,0,122528
0x41795b,100%,0,3,3,0,0,0,3
0x40d001,100%,0,13,13,0,0,0,13
0x412ed1,100%,0,151908,151908,151908,0,0,0
0x4109b0,100%,0,15045,15045,0,0,0,15045
0x40563c,100%,0,2,2,0,0,0,2
0x40c889,100%,0,295,295,0,0,0,295
0x412b7d,100%,0,81165,81165,0,0,0,81165
0x4026aa,100%,0,36,36,0,0,0,36
0x4129d1,100%,0,67503,67503,67503,0,0,0
0x40a94c,100%,0,36,36,0,0,0,36
0x41126d,100%,0,125694,125694,62847,0,0,62847
0x401cbf,100%,0,38,38,0,0,0,38
0x412466,100%,0,2139,2139,0,0,0,2139
0x412ca6,100%,0,67596,67596,0,0,0,67596
0x40e9e3,100%,0,648,648,0,0,0,648
0x40af91,100%,0,124,124,0,0,0,124
0x401dbd,100%,0,114,114,0,0,0,114
0x412a4e,100%,0,135006,135006,67503,0,0,67503
0x414c85,100%,0,4,4,0,0,0,4
0x410689,100%,0,789,789,0,0,0,789
0x412a20,100%,0,67503,67503,0,0,0,67503
0x401d08,100%,0,38,38,0,0,0,38
0x404385,100%,0,2,2,0,0,0,2
0x412ccd,100%,0,135192,135192,67596,0,0,67596
0x40b73d,100%,0,124,124,0,0,0,124
0x412330,100%,0,67617,67617,0,0,0,67617
0x4174e7,100%,0,1,1,0,0,0,1
0x409d0d,100%,0,53,53,0,0,0,53
0x41ac15,100%,0,1682,1682,0,0,0,1682
0x40199e,100%,0,162,162,0,0,0,162
0x409912,100%,0,372,372,0,0,0,372
0x41a558,100%,0,4,4,0,0,0,4
0x408a96,100%,0,8,8,0,0,0,8
0x40219c,100%,0,220,220,0,0,0,220
0x412561,100%,0,67524,67524,67524,0,0,0
0x40450c,100%,0,2,2,0,0,0,2
0x41235d,100%,0,135234,135234,67617,0,0,67617
0x402c5c,100%,0,248,248,0,0,0,248
0x411526,100%,0,2145,2145,0,0,0,2145
0x40eb54,100%,0,18,18,0,0,0,18
0x410aeb,100%,0,887,887,0,0,0,887
0x413cc5,100%,0,2,2,0,0,0,2
0x40de9b,100%,0,496,496,0,0,0,496
0x40e460,100%,0,648,648,0,0,0,648
0x410f4b,100%,0,845,845,0,0,0,845
0x41069d,100%,0,16570,16570,0,0,0,16570
0x46fdd3,100%,0,150,150,0,0,0,150
0x40e17e,100%,0,648,648,0,0,0,648
0x40d5df,100%,0,144,144,0,0,0,144
0x411bdb,100%,0,1540,1540,0,0,0,1540
0x40193f,100%,0,2,2,0,0,0,2
0x411fc9,100%,0,1833,1833,0,0,0,1833
0x407413,100%,0,36,36,0,0,0,36
0x405a0a,100%,0,18,18,0,0,0,18
0x41137f,100%,0,55306,55306,0,0,0,55306
0x40404a,100%,0,36,36,0,0,0,36
0x402f6e,100%,0,2,2,0,0,0,2
0x40dd9d,100%,0,8,8,0,0,0,8
0x46fe6e,100%,0,8,8,0,0,0,8
0x401f1b,100%,0,72,72,0,0,0,72
0x45a275,100%,0,1690,1690,0,0,0,1690
0x408b38,100%,0,22,22,0,0,0,22
0x41470a,100%,0,12,12,0,0,0,12
0x40e44b,100%,0,648,648,0,0,0,648
0x41a4bb,100%,0,4,4,0,0,0,4
0x41a475,100%,0,4,4,0,0,0,4
0x45c9e3,100%,0,1690,1690,0,0,0,1690
0x410f62,100%,0,40569,40569,0,0,0,40569
0x41aafc,100%,0,1682,1682,0,0,0,1682
0x41358d,100%,0,9534,9534,4767,0,0,4767
0x45c9ca,100%,0,1690,1690,0,0,0,1690
0x4141ca,100%,0,2,2,2,0,0,0
0x4112a5,100%,0,55396,55396,55396,0,0,0
0x40497f,100%,0,36,36,0,0,0,36
0x412f2c,100%,0,151908,151908,0,0,0,151908
0x41086a,100%,0,38182,38182,0,0,0,38182
0x413b86,100%,0,12,12,0,0,0,12
0x41058d,100%,0,9570,9570,4785,0,0,4785
0x413fa9,100%,0,2,2,0,0,0,2
0x414726,100%,0,12,12,0,0,0,12
0x411aed,100%,0,303858,303858,151929,0,0,151929
0x40dfee,100%,0,648,648,0,0,0,648
0x411bef,100%,0,118177,118177,0,0,0,118177
0x405823,100%,0,4,4,0,0,0,4
0x4117bf,100%,0,108450,108450,0,0,0,108450
0x417924,100%,0,27,27,0,0,0,27
0x411a71,100%,0,151929,151929,151929,0,0,0
0x4159e0,100%,0,4,4,0,0,0,4
0x411fdd,100%,0,122514,122514,0,0,0,122514
0x401b08,100%,0,2,2,0,0,0,2
0x4149e1,100%,0,4,4,0,0,0,4
0x40ac6a,100%,0,124,124,0,0,0,124
0x41ab0a,100%,0,1682,1682,0,0,0,1682
0x4148bc,100%,0,4,4,0,0,0,4
0x411f12,100%,0,122623,122623,122623,0,0,0
0x4122e1,100%,0,67617,67617,67617,0,0,0
0x41a615,100%,0,36,36,0,0,0,36
0x401f30,100%,0,648,648,0,0,0,648
0x411edd,100%,0,232368,232368,116184,0,0,116184
0x41a5b1,100%,0,4,4,0,0,0,4
0x411d56,100%,0,1839,1839,0,0,0,1839
0x412e1d,100%,0,232326,232326,116163,0,0,116163
0x407641,100%,0,18,18,0,0,0,18
0x4125dd,100%,0,135048,135048,67524,0,0,67524
0x4178f3,100%,0,27,27,0,0,0,27
0x405360,100%,0,4,4,0,0,0,4
0x41a594,100%,0,4,4,0,0,0,4
0x41a530,100%,0,4,4,0,0,0,4
0x411e51,100%,0,116184,116184,116184,0,0,0
0x41a522,100%,0,4,4,0,0,0,4
0x41b5a8,100%,0,8,8,0,0,0,8
0x4125b0,100%,0,67524,67524,0,0,0,67524
