Branch PC,Accuracy,Mispredictions,Correct Predictions,Total,dir_t_pred_t,dir_t_pred_nt,dir_nt_pred_t,dir_nt_pred_nt
aggregate,99.4682%,136286,25492549,25628835,15587591,59135,77151,9904958
0x411cdb,97.7491%,18465,801860,820325,731889,7787,10678,69971
0x4120ef,97.6841%,14610,616245,630855,561447,5655,8955,54798
0x41104e,98.3382%,12643,748139,760782,676037,4668,7975,72102
0x411480,97.991%,7506,366112,373618,264021,3363,4143,102091
0x41ac73,95.831%,6962,160033,166995,144999,3508,3454,15034
0x412633,96.6565%,6891,199208,206099,39435,3793,3098,159773
0x4123df,90.0271%,6358,57395,63753,25967,3409,2949,31428
0x41ae23,96.2344%,5613,143448,149061,140630,1201,4412,2818
0x41321e,99.3845%,4682,756043,760725,674224,1998,2684,81819
0x412d38,99.2638%,4644,626154,630798,548312,1894,2750,77842
0x410794,98.4752%,4587,296247,300834,231793,2109,2478,64454
0x410c08,98.2508%,3600,202213,205813,119527,1727,1873,82686
0x412e6e,99.607%,3224,817044,820268,724311,1393,1831,92733
0x4130f0,99.2625%,2755,370806,373561,292348,1193,1562,78458
0x4118ce,99.3356%,2628,392932,395560,300008,931,1697,92924
0x410341,98.708%,2324,177547,179871,36437,1398,926,141110
0x4134a1,99.2287%,2320,298458,300778,262095,904,1416,36363
0x412fb0,99.5408%,1816,393687,395503,288484,842,974,105203
0x4135e8,99.4611%,969,178846,179815,159125,360,609,19721
0x413360,99.7142%,588,205169,205757,138622,259,329,66547
0x41acba,99.7138%,478,166517,166995,130704,123,355,35813
0x40bdac,78.1151%,346,1235,1581,82,251,95,1153
0x40c0b8,78.4946%,340,1241,1581,1146,102,238,95
0x40f66f,86.9351%,318,2116,2434,1947,88,230,169
0x409b7f,77.3091%,312,1063,1375,201,193,119,862
0x40de8a,87.782%,287,2062,2349,442,184,103,1620
0x401ce3,81.4815%,285,1254,1539,372,166,119,882
0x40f2d5,80.3609%,283,1158,1441,1139,61,222,19
0x40c3fc,82.1632%,282,1299,1581,46,220,62,1253
0x40c713,82.7957%,272,1309,1581,1253,62,210,56
0x401dc4,82.5861%,268,1271,1539,1032,90,178,239
0x409d02,84.0686%,260,1372,1632,583,149,111,789
0x401d33,83.4958%,254,1285,1539,339,157,97,946
0x415803,72.3476%,245,641,886,405,111,134,236
0x4157fb,67.4157%,232,480,712,43,153,79,437
0x40b308,96.1793%,219,5513,5732,0,202,17,5513
0x406cc6,81.6723%,217,967,1184,191,139,78,776
0x40aa4d,96.2103%,217,5509,5726,3,199,18,5506
0x40bcce,96.3614%,209,5535,5744,23,179,30,5512
0x406c9b,89.5576%,203,1741,1944,670,90,113,1071
0x4097ea,72.1536%,203,526,729,59,143,60,467
0x409b47,90.8762%,202,2012,2214,765,74,128,1247
0x406a70,74.4856%,186,543,729,85,117,69,458
0x402c4d,74.6228%,185,544,729,86,116,69,458
0x402745,75.1543%,161,487,648,82,101,60,405
0x40840b,72.134%,158,409,567,51,112,46,358
0x405b15,72.4868%,156,411,567,69,94,62,342
0x407968,68.9655%,153,340,493,145,87,66,195
0x409cc8,85.5086%,151,891,1042,219,83,68,672
0x40218b,76.8519%,150,498,648,86,95,55,412
0x4063e7,74.2504%,146,421,567,74,87,59,347
0x40f685,64.1604%,143,256,399,222,49,94,34
0x4087ef,75.6614%,138,429,567,75,86,52,354
0x415138,81.6187%,134,595,729,488,39,95,107
0x409bbc,86.6463%,131,850,981,799,44,87,51
0x409d27,90.2092%,117,1078,1195,670,62,55,408
0x40f41e,75.7322%,116,362,478,343,31,85,19
0x409c9f,92.4603%,114,1398,1512,422,48,66,976
0x406482,65.3465%,105,198,303,47,54,51,151
0x40a83e,95.2575%,105,2109,2214,1940,28,77,169
0x40738b,85.8711%,103,626,729,618,30,73,8
0x40f567,92.1296%,102,1194,1296,1193,24,78,1
0x406ced,88.5246%,98,756,854,578,43,55,178
0x4078de,72.8324%,94,252,346,56,58,36,196
0x409965,82.3529%,93,434,527,414,31,62,20
0x412629,99.8537%,93,63487,63580,11302,60,33,52185
0x4089f0,74.3662%,91,264,355,73,54,37,191
0x406209,84.3034%,89,478,567,451,35,54,27
0x401cae,88.3402%,85,644,729,533,25,60,111
0x4083d5,75.7225%,84,262,346,236,31,53,26
0x40950d,76.338%,84,271,355,251,33,51,20
0x41ad1f,99.8709%,84,64986,65070,57803,37,47,7183
0x40332e,88.6145%,83,646,729,615,33,50,31
0x401a84,88.8889%,81,648,729,117,54,27,531
0x409dc4,94.6429%,81,1431,1512,1307,37,44,124
0x411d18,99.8823%,80,67871,67951,67392,20,60,479
0x40a88e,89.1632%,79,650,729,625,23,56,25
0x411b94,99.8936%,78,73240,73318,72920,19,59,320
0x405c10,75.2381%,78,237,315,54,47,31,183
0x404bfc,88.1173%,77,571,648,537,30,47,34
0x411dc7,99.9045%,77,80572,80649,34486,35,42,46086
0x40df85,96.8072%,75,2274,2349,2060,28,47,214
0x41212f,99.8562%,74,51394,51468,50713,29,45,681
0x407353,96.1934%,74,1870,1944,1699,29,45,171
0x40d3ca,88.5802%,74,574,648,555,21,53,19
0x40645c,82.0197%,73,333,406,318,26,47,15
0x401cf1,95.2567%,73,1466,1539,1343,25,48,123
0x40564b,80.4945%,71,293,364,247,36,35,46
0x403608,89.0432%,71,577,648,574,19,52,3
0x402a91,89.0432%,71,577,648,530,37,34,47
0x406b90,86.7173%,70,457,527,438,17,53,19
0x407765,83.4158%,67,337,404,38,41,26,299
0x40d145,68.5446%,67,146,213,17,46,21,129
0x40ced6,89.6605%,67,581,648,581,17,50,0
0x401df5,90.9465%,66,663,729,624,24,42,39
0x405b65,83.9109%,65,339,404,319,16,49,20
0x40aa5c,98.8595%,63,5461,5524,4979,18,45,482
0x406c35,90.4321%,62,586,648,404,28,34,182
0x407aa0,71.7593%,61,155,216,51,34,27,104
0x40689c,79.868%,61,242,303,212,29,32,30
0x402577,90.7407%,60,588,648,545,22,38,43
0x4046f4,70.7317%,60,145,205,135,27,33,10
0x40d861,96.008%,60,1443,1503,1310,26,34,133
0x401412,78.853%,59,220,279,189,26,33,31
0x4061a4,81.2698%,59,256,315,225,21,38,31
0x409574,89.7707%,58,509,567,467,19,39,42
0x409acd,92.2764%,57,681,738,464,28,29,217
0x412660,99.8956%,57,54533,54590,51646,19,38,2887
0x410809,99.8966%,57,55051,55108,54808,13,44,243
0x409c5b,88.8889%,56,448,504,307,29,27,141
0x40d884,66.4671%,56,111,167,25,30,26,86
0x4068d3,90.1235%,56,511,567,470,16,40,41
0x403c3c,76.8908%,55,183,238,162,21,34,21
0x40d15f,63.3333%,55,95,150,26,26,29,69
0x410fb4,99.9349%,55,84448,84503,26957,27,28,57491
0x40736f,91.6667%,54,594,648,553,23,31,41
0x409c15,79.6992%,54,212,266,18,38,16,194
0x411c44,99.9429%,54,94510,94564,45334,30,24,49176
0x408879,86.6995%,54,352,406,319,16,38,33
0x40ee1b,75.463%,53,163,216,49,32,21,114
0x40d122,97.2874%,52,1865,1917,1679,25,27,186
0x40d632,91.9753%,52,596,648,595,13,39,1
0x416203,92.6966%,52,660,712,611,22,30,49
0x4084d5,90.8289%,52,515,567,469,17,35,46
0x40db1a,91.9753%,52,596,648,563,13,39,33
0x4173d4,65%,49,91,140,86,23,26,5
0x411740,99.9539%,49,106128,106177,22257,27,22,83871
0x41515a,93.4156%,48,681,729,628,20,28,53
0x401d41,96.8811%,48,1491,1539,1352,16,32,139
0x40f2a3,96.7384%,47,1394,1441,939,23,24,455
0x4103c4,99.8405%,47,29411,29458,29207,9,38,204
0x41223d,99.9263%,47,63706,63753,24974,22,25,38732
0x408b40,74.1758%,47,135,182,45,30,17,90
0x41158a,99.9558%,47,106187,106234,55766,21,26,50421
0x40f2eb,80.9129%,46,195,241,192,15,31,3
0x406d2d,80.2575%,46,187,233,174,15,31,13
0x407ac2,94.1176%,45,720,765,660,20,25,60
0x404d3c,87.6374%,45,319,364,308,17,28,11
0x4106ec,99.8809%,45,37734,37779,9196,23,22,28538
0x40d37d,78.8732%,45,168,213,154,9,36,14
0x41ae1d,99.969%,44,141787,141831,28875,27,17,112912
0x4110ab,99.9304%,44,63170,63214,62737,9,35,433
0x406d49,79.9087%,44,175,219,12,30,14,163
0x40b317,99.2043%,44,5486,5530,4993,10,34,493
0x4114dd,99.9476%,44,83898,83942,83193,10,34,705
0x411f7a,99.9367%,43,67859,67902,67376,11,32,483
0x40e62a,98.0872%,43,2205,2248,1979,21,22,226
0x4089ff,97.9045%,43,2009,2052,1811,13,30,198
0x40565c,93.3642%,43,605,648,55,26,17,550
0x407a87,63.2479%,43,74,117,62,23,20,12
0x417634,84.1912%,43,229,272,2,33,10,227
0x40f39a,91.2134%,42,436,478,436,8,34,0
0x4020fd,94.2387%,42,687,729,627,21,21,60
0x406d21,97.9971%,42,2055,2097,1849,15,27,206
0x41115f,99.9488%,41,80036,80077,32082,22,19,47954
0x4113c4,99.9488%,41,79979,80020,32045,19,22,47934
0x40ca24,91.7339%,41,455,496,453,12,29,2
0x4040f5,93.8272%,40,608,648,598,7,33,10
0x409d5f,94.5355%,40,692,732,598,18,22,94
0x404170,97.832%,40,1805,1845,1625,15,25,180
0x407a57,71.3235%,39,97,136,37,14,25,60
0x4114c1,99.9633%,39,106195,106234,22266,26,13,83929
0x40bcf4,97.809%,39,1741,1780,1237,16,23,504
0x417a8b,85.6618%,39,233,272,232,10,29,1
0x403690,98.1793%,39,2103,2142,1891,13,26,212
0x40e2ad,85.0575%,39,222,261,222,10,29,0
0x405c4d,97.9751%,39,1887,1926,1695,17,22,192
0x408b7c,94.2943%,38,628,666,574,18,20,54
0x412024,99.9528%,38,80554,80592,34464,17,21,46090
0x4107ed,99.9432%,38,66894,66932,11804,20,18,55090
0x40473e,94.1358%,38,610,648,557,10,28,53
0x411923,99.9482%,38,73329,73367,72957,7,31,372
0x40f714,91.1215%,38,390,428,266,22,16,124
0x40b885,92.7757%,38,488,526,487,8,30,1
0x40e107,98.4017%,37,2278,2315,2060,8,29,218
0x412bcc,99.9419%,37,63659,63696,24938,18,19,38721
0x4040f0,99.3656%,37,5795,5832,5163,21,16,632
0x40f692,71.0938%,37,91,128,85,16,21,6
0x412645,99.9773%,37,162834,162871,8966,24,13,153868
0x408b5a,73.1884%,37,101,138,59,15,22,42
0x41241f,99.8493%,37,24520,24557,23954,9,28,566
0x40763c,95.0617%,36,693,729,631,17,19,62
0x40ca9e,95.0617%,36,693,729,637,11,25,56
0x40ca76,87.0968%,36,243,279,85,16,20,158
0x408a76,52.6316%,36,40,76,17,17,19,23
0x410473,99.9049%,36,37799,37835,9239,20,16,28560
0x40844d,99.0099%,36,3600,3636,3218,14,22,382
0x4064b6,98.0198%,36,1782,1818,1600,16,20,182
0x40c9fb,87.4552%,35,244,279,109,22,13,135
0x40e146,86.59%,35,226,261,223,9,26,3
0x41175c,99.9583%,35,83858,83893,83172,6,29,686
0x40c2fb,97.7862%,35,1546,1581,1046,8,27,500
0x408b27,94.883%,35,649,684,595,13,22,54
0x40ca95,87.4552%,35,244,279,234,14,21,10
0x40ea11,86.59%,35,226,261,226,6,29,0
0x408b14,72.8682%,35,94,129,34,19,16,60
0x402e2f,87.037%,35,235,270,63,16,19,172
0x403c89,94.5988%,35,613,648,555,12,23,58
0x4079ad,98.3716%,34,2054,2088,1839,17,17,215
0x40bcdd,99.3865%,34,5508,5542,3751,11,23,1757
0x40f702,97.3684%,34,1258,1292,848,16,18,410
0x40c9a2,93.5484%,34,493,527,489,7,27,4
0x40ee5c,79.0123%,34,128,162,127,8,26,1
0x402e51,82.199%,34,157,191,46,18,16,111
0x4079b2,85.3448%,34,198,232,16,20,14,182
0x410d1a,99.961%,33,84526,84559,27008,16,17,57518
0x40bfff,97.9127%,33,1548,1581,1041,13,20,507
0x405c52,84.5794%,33,181,214,165,17,16,16
0x40daca,80.2395%,33,134,167,114,13,20,20
0x401ad6,95.4733%,33,696,729,637,11,22,59
0x411cfc,99.9591%,33,80616,80649,12677,21,12,67939
0x40f325,97.7747%,32,1406,1438,944,16,16,462
0x401420,88.5305%,32,247,279,235,13,19,12
0x4021cd,99.2386%,32,4171,4203,3721,15,17,450
0x4119ca,99.9662%,32,94589,94621,45390,14,18,49199
0x409cdb,99.5195%,32,6628,6660,5907,13,19,721
0x407aff,77.2059%,31,105,136,85,15,16,20
0x412b1c,99.9397%,31,51389,51420,50716,2,29,673
0x40afcd,94.1065%,31,495,526,494,1,30,1
0x4013c2,88.8889%,31,248,279,233,13,18,15
0x412884,99.8943%,31,29289,29320,4797,14,17,24492
0x405b5d,99.1474%,31,3605,3636,3221,11,20,384
0x4128a0,99.8735%,31,24478,24509,23933,6,25,545
0x4064c2,84.6535%,31,171,202,164,15,16,7
0x4013d0,88.8889%,31,248,279,232,16,15,16
0x40f72e,77.8571%,31,109,140,83,13,18,26
0x403545,95.8848%,30,699,729,634,14,16,65
0x40ca7a,83.1461%,30,148,178,57,15,15,91
0x410aa1,99.9455%,30,55030,55060,54793,4,26,237
0x411325,99.9525%,30,63135,63165,62716,5,25,419
0x411b78,99.9683%,30,94534,94564,21232,14,16,73302
0x410edd,99.9645%,30,84473,84503,26000,15,15,58473
0x411814,99.9717%,30,106147,106177,55729,18,12,50418
0x408a57,86.8421%,30,198,228,186,7,23,12
0x41108f,99.9625%,30,80047,80077,16844,19,11,63203
0x409b92,99.6602%,30,8799,8829,7837,11,19,962
0x40279d,99.2832%,30,4155,4185,3705,15,15,450
0x410c59,99.9657%,29,84530,84559,26011,12,17,58519
0x411309,99.9638%,29,79991,80020,16844,11,18,63147
0x401503,89.6057%,29,250,279,176,10,19,74
0x40e266,98.7559%,29,2302,2331,2061,13,16,241
0x40280d,90.5229%,29,277,306,259,13,16,18
0x40c657,98.1657%,29,1552,1581,1039,15,14,513
0x410ef9,99.9504%,29,58459,58488,58260,6,23,199
0x412b00,99.9545%,29,63668,63697,12259,18,11,51409
0x40babf,96.1591%,28,701,729,636,12,16,65
0x40c953,98.229%,28,1553,1581,1045,9,19,508
0x40641f,99.2337%,28,3626,3654,3235,13,15,391
0x40a977,96.1591%,28,701,729,641,7,21,60
0x40135c,89.9642%,28,251,279,239,9,19,12
0x40e67f,67.8161%,28,59,87,45,13,15,14
0x412276,99.888%,28,24968,24996,4000,11,17,20968
0x411f5e,99.9653%,28,80564,80592,12674,16,12,67890
0x404045,96.1591%,28,701,729,634,14,14,67
0x408837,99.2337%,28,3626,3654,3237,11,17,389
0x402ef2,89.6296%,28,242,270,231,9,19,11
0x40a96b,99.5885%,27,6534,6561,5821,11,16,713
0x408a52,98.6842%,27,2025,2052,1815,9,18,210
0x4033ed,99.5885%,27,6534,6561,5820,12,15,714
0x409840,99.4307%,27,4716,4743,4204,12,15,512
0x40f593,62.5%,27,45,72,43,11,16,2
0x4015c1,96.2963%,27,702,729,639,9,18,63
0x412bae,99.9824%,27,153531,153558,102132,6,21,51399
0x41295a,99.9079%,27,29293,29320,17238,14,13,12055
0x405a3e,96.2963%,27,702,729,637,11,16,65
0x409df7,94.8413%,26,478,504,435,13,13,43
0x4177a3,98.3471%,26,1547,1573,1411,5,21,136
0x410c75,99.9556%,26,58510,58536,58284,6,20,226
0x402c9d,99.4518%,26,4717,4743,4205,11,15,512
0x412113,99.9592%,26,63727,63753,12264,21,5,51463
0x401dd6,98.3106%,26,1513,1539,1014,12,14,499
0x40de09,90.0383%,26,235,261,223,9,17,12
0x40ca1a,90.681%,26,253,279,237,11,15,16
0x40d62d,99.5542%,26,5806,5832,5168,16,10,638
0x40e1e0,99.8763%,26,20989,21015,18664,16,10,2325
0x402de7,71.1111%,26,64,90,46,14,12,18
0x40e729,90.0383%,26,235,261,222,10,16,13
0x40d1cf,71.1111%,26,64,90,63,17,9,1
0x40e71d,98.8931%,26,2323,2349,2074,14,12,249
0x40ced1,99.5713%,25,5807,5832,5173,11,14,634
0x40ea00,98.9357%,25,2324,2349,2077,11,14,247
0x4027b2,94.6237%,25,440,465,440,15,10,0
0x40eadd,96.5706%,25,704,729,639,9,16,65
0x411e06,99.9276%,25,34496,34521,2953,14,11,31543
0x409bf9,81.8841%,25,113,138,67,13,12,46
0x40acb8,99.9413%,25,42581,42606,37858,14,11,4723
0x40b570,99.9413%,25,42581,42606,37867,5,20,4714
0x40a862,96.6125%,25,713,738,651,5,20,62
0x402e9d,85.3801%,25,146,171,137,15,10,9
0x4026a5,96.7078%,24,705,729,636,12,12,69
0x406335,96.7078%,24,705,729,635,13,11,70
0x40c8fb,99.7972%,24,11811,11835,10509,11,13,1302
0x4175a4,91.1111%,24,246,270,226,14,10,20
0x408bb9,81.3953%,24,105,129,86,9,15,19
0x41a64a,85.1852%,24,138,162,136,8,16,2
0x40e8b4,96.7078%,24,705,729,638,10,14,67
0x46fec2,85.8824%,24,146,170,123,13,11,23
0x40e0c5,68%,24,51,75,0,14,10,51
0x4108ba,99.9656%,23,66909,66932,12630,10,13,54279
0x417734,98.9217%,23,2110,2133,1885,11,12,225
0x4103a8,99.9392%,23,37812,37835,8364,13,10,29448
0x41ad47,99.9682%,23,72277,72300,65056,14,9,7221
0x409da6,86.5497%,23,148,171,138,14,9,10
0x405c98,74.7253%,23,68,91,23,9,14,45
0x41199e,99.9895%,23,219675,219698,146327,4,19,73348
0x40d8db,97.1286%,23,778,801,699,13,10,79
0x40defd,99.8517%,23,15484,15507,13777,7,16,1707
0x4033f9,96.845%,23,706,729,639,9,14,67
0x409d70,97.7969%,23,1021,1044,913,15,8,108
0x41155e,99.9908%,23,251064,251087,167137,8,15,83927
0x407a6d,96.9935%,23,742,765,674,6,17,68
0x40ee0e,90.535%,23,220,243,21,6,17,199
0x401b23,96.845%,23,706,729,637,11,12,69
0x412403,99.9217%,23,29353,29376,4808,11,12,24545
0x40eed0,55.102%,22,27,49,6,12,10,21
0x40e9f4,99.8959%,22,21119,21141,18782,10,12,2337
0x40e568,99.027%,22,2239,2261,2239,9,13,0
0x414625,86.4198%,22,140,162,136,8,14,4
0x40d89e,80.3571%,22,90,112,6,17,5,84
0x40743d,99.6647%,22,6539,6561,5823,9,13,716
0x409bb7,99.7508%,22,8807,8829,7838,10,12,969
0x4058a9,96.9822%,22,707,729,641,7,15,66
0x40b22f,97.1193%,21,708,729,641,7,14,67
0x410b54,99.9686%,21,66855,66876,12588,12,9,54267
0x4124bf,99.9285%,21,29355,29376,17280,12,9,12075
0x409582,74.0741%,21,60,81,60,12,9,0
0x40f6f2,99.1358%,21,2409,2430,1208,9,12,1201
0x4027e0,66.129%,21,41,62,19,9,12,22
0x4121ae,99.9863%,21,153657,153678,102203,7,14,51454
0x40b57b,99.5564%,21,4713,4734,4203,5,16,510
0x403600,99.6399%,21,5811,5832,5175,9,12,636
0x40791d,99.0421%,20,2068,2088,1846,10,10,222
0x406b8b,99.5783%,20,4723,4743,4208,8,12,515
0x40cbe7,99.6952%,20,6541,6561,5829,3,17,712
0x417aab,85.7143%,20,120,140,120,5,15,0
0x40e8a8,99.6952%,20,6541,6561,5820,12,8,721
0x40f432,80.7692%,20,84,104,81,7,13,3
0x40ef3e,91.7355%,20,222,242,206,10,10,16
0x4086ee,97.2565%,20,709,729,636,12,8,73
0x409938,98.735%,20,1561,1581,1043,11,9,518
0x40589d,99.6952%,20,6541,6561,5822,10,10,719
0x4064d8,62.2642%,20,33,53,14,8,12,19
0x40cada,75.3086%,20,61,81,50,4,16,11
0x406b35,99.5783%,20,4723,4743,3151,11,9,1572
0x40775d,99.4499%,20,3616,3636,3222,10,10,394
0x401f62,99.1486%,20,2329,2349,2083,5,15,246
0x4155e6,99.6883%,20,6397,6417,4270,8,12,2127
0x40cbf3,97.2565%,20,709,729,642,6,14,67
0x407449,97.3937%,19,710,729,645,3,16,65
0x40acc3,99.5986%,19,4715,4734,4205,3,16,510
0x4174d4,92.963%,19,251,270,232,8,11,19
0x4117ee,99.9924%,19,250945,250964,167063,8,11,83882
0x41a638,98.6968%,19,1439,1458,1283,13,6,156
0x406b46,98.7982%,19,1562,1581,1044,10,9,518
0x4126d1,73.6111%,19,53,72,51,13,6,2
0x406932,76.5432%,19,62,81,61,11,8,1
0x4019b9,97.3937%,19,710,729,645,3,16,65
0x401f4f,99.9101%,19,21122,21141,18787,5,14,2335
0x40d8e0,78.6517%,19,70,89,67,11,8,3
0x411196,99.9408%,19,32085,32104,3444,12,7,28641
0x40369c,92.0168%,19,219,238,219,7,12,0
0x4019ad,99.7257%,18,6543,6561,5828,4,14,715
0x40150f,80.6452%,18,75,93,53,9,9,22
0x41b3c3,97.4359%,18,684,702,613,11,7,71
0x409d75,84.4828%,18,98,116,90,7,11,8
0x4108f6,99.8576%,18,12622,12640,3968,12,6,8654
0x4134b7,99.8048%,18,9201,9219,5168,10,8,4033
0x408874,99.5074%,18,3636,3654,3240,8,10,396
0x40417c,91.2195%,18,187,205,187,8,10,0
0x41088e,99.9891%,18,165019,165037,109922,7,11,55097
0x40e662,93.1034%,18,243,261,167,7,11,76
0x402d90,80%,18,72,90,53,7,11,19
0x417792,98.9111%,18,1635,1653,73,7,11,1562
0x40e066,99.2271%,18,2311,2329,2311,4,14,0
0x40bae1,77.7778%,18,63,81,62,10,8,1
0x415107,77.7778%,18,63,81,60,12,6,3
0x41043e,99.9796%,18,88114,88132,58671,3,15,29443
0x40e061,99.9141%,18,20943,20961,18625,7,11,2318
0x40ddfd,99.2763%,17,2332,2349,2079,9,8,253
0x407ac7,80%,17,68,85,68,7,10,0
0x4157b6,99.7351%,17,6400,6417,4267,11,6,2133
0x40d19e,98.0726%,17,865,882,777,7,10,88
0x41336e,99.8651%,17,12583,12600,3950,14,3,8633
0x41621d,78.481%,17,62,79,62,9,8,0
0x410a85,99.9746%,17,66859,66876,11805,11,6,55054
0x4179e3,80.6818%,17,71,88,53,7,10,18
0x40e0d5,72.1311%,17,44,61,7,7,10,37
0x402ae5,79.0123%,17,64,81,64,8,9,0
0x40b394,99.6627%,16,4727,4743,4205,11,5,522
0x410f8e,99.9909%,16,175226,175242,116751,3,13,58475
0x40f6a1,40.7407%,16,11,27,9,6,10,2
0x41ac53,99.9754%,16,65054,65070,36125,7,9,28929
0x409960,99.6627%,16,4727,4743,4205,11,5,522
0x40af3a,99.662%,16,4718,4734,4201,7,9,517
0x40d561,97.5309%,16,632,648,569,7,9,63
0x402595,80.2469%,16,65,81,65,7,9,0
0x40ef76,58.9744%,16,23,39,21,5,11,2
0x406e7a,70.3704%,16,38,54,38,10,6,0
0x40c5ef,99.8648%,16,11819,11835,10514,6,10,1305
0x40f2b3,98.3368%,16,946,962,470,11,5,476
0x417904,87.4016%,16,111,127,105,10,6,6
0x402e78,87.4016%,16,111,127,101,7,9,10
0x40b995,48.3871%,16,15,31,10,8,8,5
0x4057b5,80.2469%,16,65,81,46,8,8,19
0x4058b5,81.4815%,15,66,81,66,6,9,0
0x4019c5,81.4815%,15,66,81,66,6,9,0
0x411a06,99.967%,15,45389,45404,2822,10,5,42567
0x41292e,99.9794%,15,72942,72957,48443,5,10,24499
0x4104b6,99.838%,15,9244,9259,5187,7,8,4057
0x40aada,99.6837%,15,4728,4743,4211,5,10,517
0x410d56,99.9445%,15,27009,27024,3335,8,7,23674
0x4021d2,96.788%,15,452,467,450,7,8,2
0x402f0f,83.3333%,15,75,90,71,9,6,4
0x41b449,97.8632%,15,687,702,460,8,7,227
0x410629,99.9603%,15,37764,37779,8362,7,8,29402
0x401de2,97.076%,15,498,513,337,5,10,161
0x40e1e5,99.3576%,15,2320,2335,2320,11,4,0
0x411907,99.9841%,15,94606,94621,21245,9,6,73361
0x411ffe,99.9926%,15,203176,203191,135284,5,10,67892
0x40e5d4,68.75%,15,33,48,28,8,7,5
0x40f578,81.0127%,15,64,79,63,4,11,1
0x410645,99.949%,15,29395,29410,29189,3,12,206
0x407ae8,83.3333%,15,75,90,75,5,10,0
0x4084e1,81.4815%,15,66,81,66,6,9,0
0x40ead4,99.7714%,15,6546,6561,5826,6,9,720
0x40e92a,97.9424%,15,714,729,644,4,11,70
0x40df9f,94.2529%,15,246,261,226,6,9,20
0x40b7f2,99.7043%,14,4720,4734,4202,6,8,518
0x40d1a3,85.7143%,14,84,98,83,5,9,1
0x41249e,99.9808%,14,73063,73077,48514,6,8,24549
0x40c9ff,90.5405%,14,134,148,58,9,5,76
0x40ce12,97.8395%,14,634,648,571,5,9,63
0x40edbd,65%,14,26,40,6,7,7,20
0x40b0eb,54.8387%,14,17,31,10,7,7,7
0x414e6e,82.716%,14,67,81,65,7,7,2
0x402ca5,97.3435%,14,513,527,513,4,10,0
0x412c00,99.9439%,14,24942,24956,3988,7,7,20954
0x40eee3,54.8387%,14,17,31,17,8,6,0
0x40e79e,85.8586%,14,85,99,84,4,10,1
0x40224b,65.8537%,14,27,41,8,5,9,19
0x40340f,82.716%,14,67,81,67,5,9,0
0x40f745,68.1818%,14,30,44,26,6,8,4
0x40db5c,80.5556%,14,58,72,58,5,9,0
0x40cb1f,48.1481%,14,13,27,9,9,5,4
0x40334d,83.9506%,13,68,81,66,6,7,2
0x412d46,99.9623%,13,34468,34481,2943,8,5,31525
0x4014f2,95.3405%,13,266,279,266,10,3,0
0x4177e0,98.2574%,13,733,746,717,5,8,16
0x401f73,95.0192%,13,248,261,223,9,4,25
0x46fda7,97.9876%,13,633,646,27,7,6,606
0x40e8c0,83.9506%,13,68,81,68,4,9,0
0x413ff5,83.9506%,13,68,81,64,8,5,4
0x4052c1,66.6667%,13,26,39,26,5,8,0
0x4073aa,83.9506%,13,68,81,66,6,7,2
0x40b24f,83.9506%,13,68,81,67,5,8,1
0x406ddb,75.9259%,13,41,54,40,9,4,1
0x409d0d,98.5556%,13,887,900,0,8,5,887
0x40eb6a,83.9506%,13,68,81,68,4,9,0
0x412853,99.9411%,12,20366,20378,47,9,3,20319
0x4015d6,85.1852%,12,69,81,69,3,9,0
0x41112e,99.9937%,12,189162,189174,125955,5,7,63207
0x4106ce,99.9864%,12,88000,88012,58601,1,11,29399
0x4130fe,99.9626%,12,32052,32064,3433,7,5,28619
0x401f94,58.6207%,12,17,29,15,5,7,2
0x401aef,85.1852%,12,69,81,64,8,4,5
0x417892,91.6667%,12,132,144,94,5,7,38
0x4048c9,85.1852%,12,69,81,69,3,9,0
0x415d96,85.1852%,12,69,81,49,5,7,20
0x40eb5e,98.3539%,12,717,729,644,4,8,73
0x417882,92.1569%,12,141,153,5,4,8,136
0x40a8ad,85.1852%,12,69,81,67,5,7,2
0x40eb1b,85.1852%,12,69,81,68,4,8,1
0x4155fc,99.439%,12,2127,2139,1423,3,9,704
0x417931,87.8788%,12,87,99,82,6,6,5
0x40994d,97.9127%,11,516,527,0,0,11,516
0x40d414,84.7222%,11,61,72,60,3,8,1
0x41139e,99.9942%,11,189040,189051,125884,2,9,63156
0x4146ca,93.2099%,11,151,162,101,7,4,50
0x41298f,99.9362%,11,17241,17252,3036,4,7,14205
0x410cee,99.9937%,11,175351,175362,116826,0,11,58525
0x414d9b,38.8889%,11,7,18,7,2,9,0
0x41482e,79.6296%,11,43,54,30,6,5,13
0x41322c,99.9592%,11,26973,26984,3321,6,5,23652
0x415166,86.4198%,11,70,81,67,5,6,3
0x412e7c,99.9758%,11,45353,45364,2809,7,4,42544
0x4140b8,59.2593%,11,16,27,15,3,8,1
0x40f59e,38.8889%,11,7,18,7,4,7,0
0x46fe2a,67.6471%,11,23,34,16,9,2,7
0x40b186,73.8095%,11,31,42,18,10,1,13
0x40bab6,81.6667%,11,49,60,35,5,6,14
0x414025,86.4198%,11,70,81,67,5,6,3
0x40e243,37.5%,10,6,16,0,4,6,6
0x40ba21,74.359%,10,29,39,18,8,2,11
0x401b2c,87.6543%,10,71,81,68,4,6,3
0x4177d3,98.8623%,10,869,879,126,7,3,743
0x40e5c3,83.6066%,10,51,61,0,4,6,51
0x4157c7,99.5325%,10,2129,2139,1423,3,7,706
0x413d30,86.1111%,10,62,72,57,7,3,5
0x4158e4,98.5955%,10,702,712,701,2,8,1
0x40ee7c,62.963%,10,17,27,17,4,6,0
0x40f39f,70.5882%,10,24,34,19,5,5,5
0x40f2f5,70.5882%,10,24,34,2,6,4,22
0x40eb12,98.6283%,10,719,729,642,6,4,77
0x411c1e,99.9954%,10,219565,219575,146257,0,10,73308
0x40d914,89.899%,10,89,99,81,7,3,8
0x407455,87.6543%,10,71,81,71,1,9,0
0x40cbff,87.6543%,10,71,81,71,1,9,0
0x40faa7,62.963%,10,17,27,17,7,3,0
0x40e792,98.8777%,10,881,891,786,6,4,95
0x409924,99.7892%,10,4733,4743,3155,7,3,1578
0x411d8e,99.9951%,10,203304,203314,135361,2,8,67943
0x412fbe,99.9821%,10,55737,55747,3433,7,3,52304
0x41260c,99.966%,10,29366,29376,17454,7,3,11912
0x414055,87.6543%,10,71,81,69,3,7,2
0x40bf9f,99.911%,10,11222,11232,9979,5,5,1243
0x40ea3f,68.9655%,9,20,29,1,8,1,19
0x40f1da,87.5%,9,63,72,60,4,5,3
0x46fe4f,75%,9,27,36,22,5,4,5
0x40ef31,81.25%,9,39,48,39,4,5,0
0x40a983,88.8889%,9,72,81,67,5,4,5
0x411eba,99.9905%,9,94653,94662,0,0,9,94653
0x40d66e,97.5%,9,351,360,315,5,4,36
0x40eaeb,88.8889%,9,72,81,71,1,8,1
0x412832,99.9694%,9,29359,29368,8987,3,6,20372
0x40f2ff,65.3846%,9,17,26,5,5,4,12
0x414270,88.8889%,9,72,81,64,8,1,8
0x410b2e,99.9945%,9,164908,164917,109853,4,5,55055
0x40cf0a,98%,9,441,450,398,2,7,43
0x4157d5,98.7377%,9,704,713,0,1,8,704
0x40227d,96.4286%,9,243,252,219,5,4,24
0x4124f6,99.948%,9,17283,17292,3050,6,3,14233
0x403e6c,90.1235%,8,73,81,71,1,7,2
0x408b4b,92.5234%,8,99,107,0,1,7,99
0x40c2a3,99.9288%,8,11224,11232,9978,6,2,1246
0x40f124,88.8889%,8,64,72,59,5,3,5
0x406e45,77.7778%,8,28,36,28,4,4,0
0x40e936,90.1235%,8,73,81,70,2,6,3
0x40e5c8,85.9649%,8,49,57,7,6,2,42
0x409c20,96.1905%,8,202,210,0,2,6,202
0x415da7,70.3704%,8,19,27,14,4,4,5
0x40621c,90.1235%,8,73,81,68,4,4,5
0x41789f,82.2222%,8,37,45,27,3,5,10
0x4115c6,99.9857%,8,55779,55787,3453,3,5,52326
0x40285c,87.0968%,8,54,62,48,4,4,6
0x414ffe,90.1235%,8,73,81,70,2,6,3
0x4174dd,73.3333%,8,22,30,22,3,5,0
0x41267d,99.9728%,8,29368,29376,29365,3,5,3
0x401e2c,90.1235%,8,73,81,69,3,5,4
0x40e73a,72.4138%,8,21,29,8,3,5,13
0x406d96,55.5556%,8,10,18,8,4,4,2
0x417aca,46.6667%,8,7,15,7,6,2,0
0x402d9c,73.3333%,8,22,30,16,4,4,6
0x41adab,99.9879%,7,57833,57840,57833,7,0,0
0x410e52,99.9901%,7,71036,71043,47358,4,3,23678
0x406d65,96.0452%,7,170,177,170,5,2,0
0x40b986,91.954%,7,80,87,54,4,3,26
0x413caa,56.25%,7,9,16,7,1,6,2
0x40b95b,91.954%,7,80,87,54,4,3,26
0x40b226,86.2745%,7,44,51,30,4,3,14
0x46fde4,98.9011%,7,630,637,22,3,4,608
0x412a5f,99.9836%,7,42629,42636,28418,6,1,14211
0x41059e,99.9426%,7,12188,12195,8124,6,1,4064
0x413c8f,85.4167%,7,41,48,27,5,2,14
0x415de5,74.0741%,7,20,27,6,3,4,14
0x4173dd,77.4194%,7,24,31,24,5,2,0
0x40f5bb,50%,7,7,14,1,3,4,6
0x40ba93,88.3333%,7,53,60,36,4,3,17
0x41344e,99.973%,7,25901,25908,17266,6,1,8635
0x41b4df,97.0085%,7,227,234,77,1,6,150
0x40b0a6,92.4731%,7,86,93,58,4,3,28
0x40f309,56.25%,7,9,16,4,4,3,5
0x40efa7,46.1538%,7,6,13,6,3,4,0
0x41127e,99.9919%,7,85937,85944,57290,6,1,28647
0x40f3c7,25%,6,2,8,0,2,4,2
0x406e97,66.6667%,6,12,18,12,4,2,0
0x408b65,90.625%,6,58,64,0,1,5,58
0x41b22e,92.3077%,6,72,78,72,6,0,0
0x40b1fb,88.2353%,6,45,51,32,2,4,13
0x4057c6,77.7778%,6,21,27,15,3,3,6
0x412466,98.9899%,6,588,594,0,0,6,588
0x46fed8,82.3529%,6,28,34,22,3,3,6
0x40f7d4,77.7778%,6,21,27,21,3,3,0
0x4022cc,85.3659%,6,35,41,29,2,4,6
0x412372,99.9921%,5,62950,62955,41966,4,1,20984
0x414135,81.4815%,5,22,27,16,2,3,6
0x4063f0,98.7685%,5,401,406,0,0,5,401
0x4178f3,96.1538%,5,125,130,0,3,2,125
0x401394,83.871%,5,26,31,0,0,5,26
0x40f315,37.5%,5,3,8,2,1,4,1
0x40f57e,58.3333%,5,7,12,2,3,2,5
0x4064e7,83.871%,5,26,31,26,4,1,0
0x412cde,99.992%,5,62878,62883,41919,3,2,20959
0x40631e,93.8272%,5,76,81,0,0,5,76
0x40f6c6,37.5%,5,3,8,2,1,4,1
0x40aade,99.0512%,5,522,527,0,1,4,522
0x40f3b3,82.1429%,5,23,28,22,3,2,1
0x408ba2,86.1111%,5,31,36,28,4,1,3
0x412b69,99.2877%,5,697,702,0,0,5,697
0x408b81,93.2432%,5,69,74,66,4,1,3
0x40f5dd,50%,4,4,8,0,2,2,4
0x40b9fe,89.7436%,4,35,39,25,1,3,10
0x4179f0,85.7143%,4,24,28,16,3,1,8
0x4110f6,99.1453%,4,464,468,0,0,4,464
0x40f5ce,60%,4,6,10,1,1,3,5
0x40e248,66.6667%,4,8,12,1,3,1,7
0x40f766,66.6667%,4,8,12,7,2,2,1
0x408a81,90.4762%,4,38,42,38,3,1,0
0x40e7ee,86.2069%,4,25,29,17,3,1,8
0x40d1db,60%,4,6,10,5,1,3,1
0x413619,76.4706%,4,13,17,8,1,3,5
0x4116c2,99.9975%,4,156989,156993,104660,2,2,52329
0x414202,77.7778%,4,14,18,7,2,2,7
0x4109f2,99.9846%,4,25976,25980,17316,4,0,8660
0x41309e,99.9975%,4,156917,156921,104613,1,3,52304
0x40ca04,98.1132%,4,208,212,208,4,0,0
0x402289,85.7143%,4,24,28,24,4,0,0
0x4141b4,85.1852%,4,23,27,16,2,2,7
0x40f3dc,33.3333%,4,2,6,2,3,1,0
0x40ba30,90.3226%,3,28,31,10,1,2,18
0x411b02,99.9977%,3,127713,127716,85142,2,1,42571
0x4179d3,96.6667%,3,87,90,0,2,1,87
0x40eb20,66.6667%,3,6,9,0,0,3,6
0x40d331,66.6667%,3,6,9,6,2,1,0
0x406dfc,40%,3,2,5,0,1,2,2
0x4131de,99.9965%,3,85869,85872,57245,3,0,28624
0x41359e,99.9753%,3,12120,12123,8081,1,2,4039
0x40aa69,99.4307%,3,524,527,0,0,3,524
0x4125f2,99.993%,3,42705,42708,28469,3,0,14236
0x40cbd8,99.5885%,3,726,729,0,0,3,726
0x40b15b,92.8571%,3,39,42,26,2,1,13
0x405360,92.3077%,3,36,39,36,2,1,0
0x41247a,99.9878%,3,24554,24557,0,0,3,24554
0x40654e,66.6667%,3,6,9,6,2,1,0
0x413770,81.25%,3,13,16,0,0,3,13
0x46fdfa,99.529%,3,634,637,634,3,0,0
0x410b02,99.9946%,3,55057,55060,0,0,3,55057
0x40f6da,40%,3,2,5,0,1,2,2
0x40d920,72.7273%,3,8,11,5,2,1,3
0x40da73,66.6667%,3,6,9,6,2,1,0
0x40efc1,25%,3,1,4,1,2,1,0
0x41330e,99.9972%,2,70969,70971,47313,1,1,23656
0x404385,80%,2,8,10,8,1,1,0
0x41a512,88.8889%,2,16,18,0,0,2,16
0x40f6bb,80%,2,8,10,0,2,0,8
0x403a3a,83.3333%,2,10,12,10,2,0,0
0x41739b,98.5714%,2,138,140,138,2,0,0
0x40e5fc,83.3333%,2,10,12,10,2,0,0
0x4173e2,0%,2,0,2,0,1,1,0
0x40e25c,83.3333%,2,10,12,10,2,0,0
0x40ba10,94.8718%,2,37,39,37,2,0,0
0x40b215,96.0784%,2,49,51,49,2,0,0
0x4038a6,83.3333%,2,10,12,4,2,0,6
0x40b0c8,97.8495%,2,91,93,91,2,0,0
0x40baa5,96.6667%,2,58,60,58,2,0,0
0x40fd0d,33.3333%,2,1,3,1,1,1,0
0x41b181,97.4359%,2,76,78,76,2,0,0
0x40ca7f,99.0338%,2,205,207,205,2,0,0
0x412e2e,99.9979%,2,94588,94590,63058,2,0,31530
0x40f5ec,66.6667%,2,4,6,4,1,1,0
0x40e0f5,96.7213%,2,59,61,59,2,0,0
0x40b324,99.6205%,2,525,527,0,0,2,525
0x45c3bb,99.9725%,2,7262,7264,0,0,2,7262
0x40f6b1,83.3333%,2,10,12,1,1,1,9
0x46fdac,99.686%,2,635,637,635,2,0,0
0x40b0d9,97.8495%,2,91,93,61,1,1,30
0x40da4a,50%,2,2,4,1,2,0,1
0x41b4e4,99.6795%,2,622,624,622,2,0,0
0x40b175,95.2381%,2,40,42,40,2,0,0
0x40b8ec,93.5484%,2,29,31,0,2,0,29
0x40eab8,77.7778%,2,7,9,0,0,2,7
0x40b975,97.7011%,2,85,87,85,2,0,0
0x41b506,98.7179%,1,77,78,77,1,0,0
0x405429,0%,1,0,1,0,1,0,0
0x413f9b,87.5%,1,7,8,7,1,0,0
0x408ba7,75%,1,3,4,0,0,1,3
0x41b4b7,98.7179%,1,77,78,77,1,0,0
0x41768b,99.5781%,1,236,237,236,1,0,0
0x45c3ac,99.9862%,1,7263,7264,7263,1,0,0
0x40cdff,98.6111%,1,71,72,0,0,1,71
0x405ca7,98.3051%,1,58,59,58,1,0,0
0x40b398,99.8102%,1,526,527,0,1,0,526
0x41774a,99.5781%,1,236,237,236,1,0,0
0x40f3b8,66.6667%,1,2,3,0,1,0,2
0x41b2b6,98.7179%,1,77,78,77,1,0,0
0x40eee8,83.3333%,1,5,6,5,0,1,0
0x45c9ec,99.9862%,1,7263,7264,7263,1,0,0
0x40eaa1,95%,1,19,20,19,1,0,0
0x41343d,99.9981%,1,51815,51816,25908,0,1,25907
0x401d72,99.4152%,1,170,171,0,0,1,170
0x40ef18,0%,1,0,1,0,1,0,0
0x41b3d7,98.7179%,1,77,78,77,1,0,0
0x41b26f,98.7179%,1,77,78,77,1,0,0
0x458dc9,99.9862%,1,7263,7264,7263,1,0,0
0x41a5a2,94.4444%,1,17,18,17,1,0,0
0x41ac10,99.9931%,1,14459,14460,7229,1,0,7230
0x458e0f,99.9862%,1,7263,7264,7263,1,0,0
0x40e74b,90.9091%,1,10,11,0,0,1,10
0x402ea9,94.7368%,1,18,19,18,1,0,0
0x40f3a4,90%,1,9,10,3,1,0,6
0x40d336,0%,1,0,1,0,1,0,0
0x40f5ff,0%,1,0,1,0,1,0,0
0x41b01e,98.7179%,1,77,78,77,1,0,0
0x40f3a9,83.3333%,1,5,6,5,1,0,0
0x45c37b,99.9862%,1,7263,7264,7263,1,0,0
0x45a86d,99.9862%,1,7263,7264,7263,1,0,0
0x402819,97.0588%,1,33,34,33,1,0,0
0x458e3e,99.9862%,1,7263,7264,7263,1,0,0
0x41a4c0,94.4444%,1,17,18,17,1,0,0
0x40f002,0%,1,0,1,0,1,0,0
0x46fdbc,99.843%,1,636,637,636,1,0,0
0x40655a,0%,1,0,1,0,1,0,0
0x40ea92,97.5%,1,39,40,19,1,0,20
0x45a267,99.9862%,1,7263,7264,7263,1,0,0
0x4045e0,0%,1,0,1,0,1,0,0
0x407973,99.6169%,1,260,261,260,1,0,0
0x416255,0%,1,0,1,0,1,0,0
0x41b116,98.7179%,1,77,78,77,1,0,0
0x40da78,0%,1,0,1,0,1,0,0
0x415016,88.8889%,1,8,9,8,1,0,0
0x41afe7,98.7179%,1,77,78,77,1,0,0
0x41ab24,99.9862%,1,7229,7230,7229,1,0,0
0x41a667,94.4444%,1,17,18,17,1,0,0
0x41b25d,99.359%,1,155,156,77,1,0,78
0x406e51,75%,1,3,4,3,1,0,0
0x41b124,98.7179%,1,77,78,77,1,0,0
0x40f583,85.7143%,1,6,7,6,1,0,0
0x415b4a,88.8889%,1,8,9,8,1,0,0
0x40eb72,88.8889%,1,8,9,8,1,0,0
0x41ac79,99.9946%,1,18487,18488,18487,1,0,0
0x41ae54,99.9931%,1,14459,14460,7229,1,0,7230
0x45c9ca,99.9862%,1,7263,7264,0,0,1,7263
0x40df02,99.942%,1,1722,1723,1722,1,0,0
0x408a04,99.5614%,1,227,228,227,1,0,0
0x41abe6,99.9931%,1,14459,14460,7229,1,0,7230
0x40e6b0,96.5517%,1,28,29,28,1,0,0
0x40d308,75%,1,3,4,2,1,0,1
0x41afda,98.7179%,1,77,78,77,1,0,0
0x41b281,98.7179%,1,77,78,77,1,0,0
0x40f3f5,0%,1,0,1,0,1,0,0
0x40450c,90%,1,9,10,8,1,0,1
0x417924,99%,1,99,100,0,1,0,99
0x415db0,88.8889%,1,8,9,8,1,0,0
0x458e2f,99.9862%,1,7263,7264,7263,1,0,0
0x40f6e7,75%,1,3,4,3,1,0,0
0x40b198,96.7742%,1,30,31,13,1,0,17
0x408452,99.7525%,1,403,404,403,1,0,0
0x416240,88.8889%,1,8,9,0,1,0,8
0x41b015,100%,0,78,78,0,0,0,78
0x41afa6,100%,0,78,78,0,0,0,78
0x415cbb,100%,0,27,27,0,0,0,27
0x41a522,100%,0,18,18,0,0,0,18
0x403423,100%,0,9,9,0,0,0,9
0x40ea8d,100%,0,20,20,0,0,0,20
0x41af9a,100%,0,78,78,0,0,0,78
0x40351d,100%,0,81,81,0,0,0,81
0x41b0e0,100%,0,78,78,0,0,0,78
0x4141ca,100%,0,9,9,9,0,0,0
0x41b46f,100%,0,234,234,0,0,0,234
0x41b0d7,100%,0,78,78,0,0,0,78
0x414a06,100%,0,18,18,0,0,0,18
0x40401c,100%,0,81,81,0,0,0,81
0x45c9e3,100%,0,7264,7264,0,0,0,7264
0x4040ae,100%,0,648,648,0,0,0,648
0x41308d,100%,0,313842,313842,156921,0,0,156921
0x41b1d8,100%,0,78,78,0,0,0,78
0x41a475,100%,0,18,18,0,0,0,18
0x41a4bb,100%,0,18,18,0,0,0,18
0x40e44b,100%,0,2261,2261,0,0,0,2261
0x41aafc,100%,0,7230,7230,0,0,0,7230
0x4035c3,100%,0,648,648,0,0,0,648
0x40496a,100%,0,81,81,0,0,0,81
0x40f3d1,100%,0,6,6,0,0,0,6
0x40198b,100%,0,81,81,0,0,0,81
0x404aa0,100%,0,81,81,0,0,0,81
0x401eb4,100%,0,29,29,0,0,0,29
0x406abd,100%,0,527,527,0,0,0,527
0x405879,100%,0,81,81,0,0,0,81
0x41b16f,100%,0,78,78,0,0,0,78
0x401456,100%,0,31,31,0,0,0,31
0x40eefc,100%,0,1,1,0,0,0,1
0x401325,100%,0,31,31,0,0,0,31
0x402688,100%,0,81,81,0,0,0,81
0x4125dd,100%,0,85416,85416,42708,0,0,42708
0x40da5c,100%,0,1,1,0,0,0,1
0x412ccd,100%,0,125766,125766,62883,0,0,62883
0x401cbf,100%,0,171,171,0,0,0,171
0x402d0d,100%,0,10,10,0,0,0,10
0x401d08,100%,0,171,171,0,0,0,171
0x4172fb,100%,0,2,2,0,0,0,2
0x412330,100%,0,62955,62955,0,0,0,62955
0x40e17e,100%,0,2335,2335,0,0,0,2335
0x40e460,100%,0,2261,2261,0,0,0,2261
0x40199e,100%,0,729,729,0,0,0,729
0x417a0c,100%,0,9,9,0,0,0,9
0x40e59e,100%,0,13,13,0,0,0,13
0x40dd9d,100%,0,29,29,0,0,0,29
0x40c623,100%,0,1315,1315,0,0,0,1315
0x40e9e3,100%,0,2349,2349,0,0,0,2349
0x40af91,100%,0,526,526,0,0,0,526
0x40eef6,100%,0,1,1,0,0,0,1
0x401dbd,100%,0,513,513,0,0,0,513
0x45a275,100%,0,7264,7264,0,0,0,7264
0x401f1b,100%,0,261,261,0,0,0,261
0x46fe6e,100%,0,34,34,0,0,0,34
0x413281,100%,0,70971,70971,70971,0,0,0
0x414c85,100%,0,18,18,0,0,0,18
0x41137f,100%,0,63165,63165,0,0,0,63165
0x402c5c,100%,0,527,527,0,0,0,527
0x411966,100%,0,403,403,0,0,0,403
0x410689,100%,0,218,218,0,0,0,218
0x412ca6,100%,0,62883,62883,0,0,0,62883
0x40633a,100%,0,81,81,0,0,0,81
0x41a5b1,100%,0,18,18,0,0,0,18
0x4148bc,100%,0,18,18,0,0,0,18
0x40588e,100%,0,729,729,0,0,0,729
0x417a22,100%,0,9,9,0,0,0,9
0x417424,100%,0,30,30,0,0,0,30
0x40dde9,100%,0,261,261,0,0,0,261
0x40cbc8,100%,0,81,81,0,0,0,81
0x41a615,100%,0,162,162,0,0,0,162
0x401f30,100%,0,2349,2349,0,0,0,2349
0x41b250,100%,0,156,156,0,0,0,156
0x4159e0,100%,0,9,9,0,0,0,9
0x40f3eb,100%,0,1,1,0,0,0,1
0x4116e9,100%,0,106234,106234,106234,0,0,0
0x41a594,100%,0,18,18,0,0,0,18
0x402da1,100%,0,10,10,0,0,0,10
0x41a530,100%,0,18,18,0,0,0,18
0x403376,100%,0,9,9,0,0,0,9
0x406b4e,100%,0,527,527,0,0,0,527
0x406e1f,100%,0,4,4,0,0,0,4
0x4058c6,100%,0,9,9,0,0,0,9
0x40e898,100%,0,729,729,0,0,0,729
0x40742e,100%,0,729,729,0,0,0,729
0x40e8d2,100%,0,9,9,0,0,0,9
0x4045cf,100%,0,1,1,0,0,0,1
0x40e91b,100%,0,81,81,0,0,0,81
0x40193f,100%,0,9,9,0,0,0,9
0x4033bb,100%,0,81,81,0,0,0,81
0x41b348,100%,0,78,78,0,0,0,78
0x40e984,100%,0,29,29,0,0,0,29
0x40e9d8,100%,0,261,261,0,0,0,261
0x4149e1,100%,0,18,18,0,0,0,18
0x40e705,100%,0,261,261,0,0,0,261
0x4020bb,100%,0,81,81,0,0,0,81
0x40ac6a,100%,0,526,526,0,0,0,526
0x40ef03,100%,0,1,1,0,0,0,1
0x417872,100%,0,54,54,0,0,0,54
0x41126d,100%,0,171888,171888,85944,0,0,85944
0x4098af,100%,0,527,527,0,0,0,527
0x41069d,100%,0,29410,29410,0,0,0,29410
0x4131ac,100%,0,85872,85872,0,0,0,85872
0x40f258,100%,0,107,107,0,0,0,107
0x413795,100%,0,16,16,0,0,0,16
0x40b5a7,100%,0,526,526,0,0,0,526
0x458da8,100%,0,7264,7264,0,0,0,7264
0x45c367,100%,0,7264,7264,0,0,0,7264
0x4152f8,100%,0,713,713,0,0,0,713
0x40f5a8,100%,0,7,7,0,0,0,7
0x45c3c7,100%,0,7264,7264,0,0,0,7264
0x40c927,100%,0,1315,1315,0,0,0,1315
0x4154b6,100%,0,713,713,0,0,0,713
0x413629,100%,0,8,8,0,0,0,8
0x412821,100%,0,8,8,0,0,0,8
0x4132fd,100%,0,141942,141942,70971,0,0,70971
0x407460,100%,0,9,9,0,0,0,9
0x407413,100%,0,81,81,0,0,0,81
0x4073bd,100%,0,9,9,0,0,0,9
0x40b9a6,100%,0,13,13,0,0,0,13
0x458d6d,100%,0,7264,7264,0,0,0,7264
0x458d63,100%,0,7264,7264,0,0,0,7264
0x413a10,100%,0,16,16,0,0,0,16
0x45c3d5,100%,0,7264,7264,0,0,0,7264
0x412df6,100%,0,94590,94590,0,0,0,94590
0x45c3a3,100%,0,7264,7264,0,0,0,7264
0x40e81e,100%,0,9,9,0,0,0,9
0x45a30d,100%,0,7264,7264,0,0,0,7264
0x45c9d3,100%,0,7264,7264,0,0,0,7264
0x45a255,100%,0,7264,7264,0,0,0,7264
0x40eacf,100%,0,729,729,0,0,0,729
0x45a20a,100%,0,7264,7264,0,0,0,7264
0x45c38c,100%,0,7264,7264,0,0,0,7264
0x412176,100%,0,726,726,0,0,0,726
0x40de9b,100%,0,1723,1723,0,0,0,1723
0x40eb54,100%,0,81,81,0,0,0,81
0x411526,100%,0,739,739,0,0,0,739
0x41136b,100%,0,444,444,0,0,0,444
0x46fdd3,100%,0,637,637,0,0,0,637
0x40d5df,100%,0,648,648,0,0,0,648
0x411bdb,100%,0,379,379,0,0,0,379
0x411fc9,100%,0,515,515,0,0,0,515
0x413cc5,100%,0,8,8,0,0,0,8
0x410406,100%,0,242,242,0,0,0,242
0x417adb,100%,0,2,2,0,0,0,2
0x4111e1,100%,0,85944,85944,85944,0,0,0
0x4133c1,100%,0,25908,25908,25908,0,0,0
0x409d32,100%,0,463,463,0,0,0,463
0x4117ab,100%,0,715,715,0,0,0,715
0x45c3d0,100%,0,7264,7264,0,0,0,7264
0x40c35d,100%,0,1581,1581,0,0,0,1581
0x410cb6,100%,0,246,246,0,0,0,246
0x41b59e,100%,0,78,78,0,0,0,78
0x40acef,100%,0,526,526,0,0,0,526
0x4132d8,100%,0,70971,70971,0,0,0,70971
0x45c353,100%,0,7264,7264,0,0,0,7264
0x413640,100%,0,16,16,0,0,0,16
0x404f46,100%,0,39,39,0,0,0,39
0x40e783,100%,0,99,99,0,0,0,99
0x40af66,100%,0,526,526,0,0,0,526
0x407606,100%,0,81,81,0,0,0,81
0x458d75,100%,0,7264,7264,0,0,0,7264
0x406b57,100%,0,527,527,0,0,0,527
0x410856,100%,0,287,287,0,0,0,287
0x40ece2,100%,0,5,5,0,0,0,5
0x410f4b,100%,0,222,222,0,0,0,222
0x411d56,100%,0,539,539,0,0,0,539
0x410aeb,100%,0,263,263,0,0,0,263
0x40ce17,100%,0,72,72,0,0,0,72
0x40d866,100%,0,167,167,0,0,0,167
0x40d761,100%,0,40,40,0,0,0,40
0x40d566,100%,0,72,72,0,0,0,72
0x40d31a,100%,0,1,1,0,0,0,1
0x40d2da,100%,0,4,4,0,0,0,4
0x40eec7,100%,0,49,49,0,0,0,49
0x40d127,100%,0,213,213,0,0,0,213
0x40ce88,100%,0,648,648,0,0,0,648
0x40eac7,100%,0,81,81,0,0,0,81
0x415435,100%,0,713,713,0,0,0,713
0x40c9a6,100%,0,31,31,0,0,0,31
0x40ca20,100%,0,496,496,0,0,0,496
0x40c57a,100%,0,1315,1315,0,0,0,1315
0x40c33a,100%,0,527,527,0,0,0,527
0x40da23,100%,0,4,4,0,0,0,4
0x40c2cf,100%,0,1248,1248,0,0,0,1248
0x40bfcb,100%,0,1248,1248,0,0,0,1248
0x415d63,100%,0,27,27,0,0,0,27
0x406585,100%,0,1,1,0,0,0,1
0x406528,100%,0,1,1,0,0,0,1
0x406507,100%,0,1,1,0,0,0,1
0x40ecae,100%,0,2,2,0,0,0,2
0x415c10,100%,0,9,9,0,0,0,9
0x415813,100%,0,370,370,0,0,0,370
0x40ef09,100%,0,1,1,0,0,0,1
0x415dd8,100%,0,27,27,0,0,0,27
0x40bf2a,100%,0,1248,1248,0,0,0,1248
0x41578e,100%,0,2139,2139,0,0,0,2139
0x415707,100%,0,2139,2139,0,0,0,2139
0x4155bf,100%,0,2139,2139,0,0,0,2139
0x415548,100%,0,2139,2139,0,0,0,2139
0x41552b,100%,0,2139,2139,0,0,0,2139
0x40eb0d,100%,0,81,81,0,0,0,81
0x40eb00,100%,0,9,9,0,0,0,9
0x40883c,100%,0,406,406,0,0,0,406
0x40a992,100%,0,9,9,0,0,0,9
0x40a95c,100%,0,729,729,0,0,0,729
0x40a8f6,100%,0,9,9,0,0,0,9
0x409dab,100%,0,19,19,0,0,0,19
0x409ba4,100%,0,981,981,0,0,0,981
0x409845,100%,0,527,527,0,0,0,527
0x4097f3,100%,0,527,527,0,0,0,527
0x415bf8,100%,0,9,9,9,0,0,0
0x40aa14,100%,0,729,729,0,0,0,729
0x4087f8,100%,0,406,406,0,0,0,406
0x4086f3,100%,0,81,81,0,0,0,81
0x4086b8,100%,0,81,81,0,0,0,81
0x407a92,100%,0,32,32,0,0,0,32
0x407a7e,100%,0,85,85,0,0,0,85
0x40cc13,100%,0,9,9,0,0,0,9
0x4079c7,100%,0,36,36,0,0,0,36
0x407922,100%,0,232,232,0,0,0,232
0x40b045,100%,0,31,31,0,0,0,31
0x40bd0d,100%,0,1581,1581,0,0,0,1581
0x40bc57,100%,0,729,729,0,0,0,729
0x40ef10,100%,0,1,1,0,0,0,1
0x40ba41,100%,0,20,20,0,0,0,20
0x40b896,100%,0,31,31,0,0,0,31
0x40b81e,100%,0,526,526,0,0,0,526
0x40b522,100%,0,526,526,0,0,0,526
0x40b0fc,100%,0,14,14,0,0,0,14
0x410e10,100%,0,71043,71043,0,0,0,71043
0x40b034,100%,0,31,31,0,0,0,31
0x40afde,100%,0,31,31,0,0,0,31
0x40ae85,100%,0,526,526,0,0,0,526
0x41abd9,100%,0,7230,7230,0,0,0,7230
0x41ab81,100%,0,7230,7230,0,0,0,7230
0x41aaec,100%,0,7230,7230,0,0,0,7230
0x40c22e,100%,0,1248,1248,0,0,0,1248
0x412a20,100%,0,42636,42636,0,0,0,42636
0x413011,100%,0,156921,156921,156921,0,0,0
0x40bcc9,100%,0,1982,1982,0,0,0,1982
0x406b23,100%,0,1581,1581,0,0,0,1581
0x458d97,100%,0,7264,7264,0,0,0,7264
0x410504,100%,0,12195,12195,12195,0,0,0
0x412561,100%,0,42708,42708,42708,0,0,0
0x412f5e,100%,0,127644,127644,85096,0,0,42548
0x40497f,100%,0,81,81,0,0,0,81
0x40354a,100%,0,81,81,0,0,0,81
0x4174e7,100%,0,5,5,0,0,0,5
0x412a4e,100%,0,85272,85272,42636,0,0,42636
0x40f446,100%,0,16,16,0,0,0,16
0x4033d1,100%,0,729,729,0,0,0,729
0x4026aa,100%,0,81,81,0,0,0,81
0x412c51,100%,0,62883,62883,62883,0,0,0
0x40a94c,100%,0,81,81,0,0,0,81
0x410a16,100%,0,66932,66932,66932,0,0,0
0x4156eb,100%,0,2139,2139,0,0,0,2139
0x410e76,100%,0,84559,84559,84559,0,0,0
0x410e3d,100%,0,142086,142086,71043,0,0,71043
0x41795b,100%,0,11,11,0,0,0,11
0x412b7d,100%,0,51420,51420,0,0,0,51420
0x407aab,100%,0,131,131,0,0,0,131
0x402754,100%,0,465,465,0,0,0,465
0x458d85,100%,0,7264,7264,0,0,0,7264
0x4131cd,100%,0,171744,171744,85872,0,0,85872
0x411680,100%,0,156993,156993,0,0,0,156993
0x458de7,100%,0,7264,7264,0,0,0,7264
0x40c889,100%,0,1315,1315,0,0,0,1315
0x4129d1,100%,0,42636,42636,42636,0,0,0
0x46fe98,100%,0,170,170,0,0,0,170
0x4117bf,100%,0,83893,83893,0,0,0,83893
0x41086a,100%,0,55108,55108,0,0,0,55108
0x405823,100%,0,9,9,0,0,0,9
0x413b86,100%,0,48,48,0,0,0,48
0x411ac0,100%,0,127716,127716,0,0,0,127716
0x411eee,100%,0,94662,94662,63108,0,0,31554
0x4122e1,100%,0,62955,62955,62955,0,0,0
0x41235d,100%,0,125910,125910,62955,0,0,62955
0x408410,100%,0,404,404,0,0,0,404
0x401b16,100%,0,81,81,0,0,0,81
0x4125b0,100%,0,42708,42708,0,0,0,42708
0x458dba,100%,0,7264,7264,0,0,0,7264
0x4116ad,100%,0,313986,313986,156993,0,0,156993
0x40541f,100%,0,1,1,0,0,0,1
0x409ced,100%,0,740,740,0,0,0,740
0x412ac8,100%,0,63697,63697,0,0,0,63697
0x417806,100%,0,24,24,0,0,0,24
0x41b2ab,100%,0,78,78,0,0,0,78
0x40d546,100%,0,72,72,0,0,0,72
0x412903,100%,0,24509,24509,0,0,0,24509
0x40dfee,100%,0,2329,2329,0,0,0,2329
0x413566,100%,0,12123,12123,0,0,0,12123
0x40b8fd,100%,0,29,29,0,0,0,29
0x412da1,100%,0,94590,94590,94590,0,0,0
0x412e1d,100%,0,189180,189180,94590,0,0,94590
0x41470a,100%,0,54,54,0,0,0,54
0x411e51,100%,0,94662,94662,94662,0,0,0
0x407641,100%,0,81,81,0,0,0,81
0x411edd,100%,0,189324,189324,94662,0,0,94662
0x412f2c,100%,0,127644,127644,0,0,0,127644
0x410cca,100%,0,58536,58536,0,0,0,58536
0x412ed1,100%,0,127644,127644,127644,0,0,0
0x41b00c,100%,0,78,78,0,0,0,78
0x41306c,100%,0,156921,156921,0,0,0,156921
0x40b2cf,100%,0,729,729,0,0,0,729
0x402102,100%,0,81,81,0,0,0,81
0x412f4d,100%,0,255288,255288,127644,0,0,127644
0x41b178,100%,0,78,78,0,0,0,78
0x4128ef,100%,0,570,570,0,0,0,570
0x46fe67,100%,0,34,34,0,0,0,34
0x413511,100%,0,12123,12123,12123,0,0,0
0x41ab0a,100%,0,7230,7230,0,0,0,7230
0x411f12,100%,0,80649,80649,80649,0,0,0
0x411d6a,100%,0,67951,67951,0,0,0,67951
0x415cdf,100%,0,27,27,0,0,0,27
0x45a235,100%,0,7264,7264,0,0,0,7264
0x40e88d,100%,0,81,81,0,0,0,81
0x41b15e,100%,0,78,78,0,0,0,78
0x405a0a,100%,0,81,81,0,0,0,81
0x411a71,100%,0,127716,127716,127716,0,0,0
0x458e39,100%,0,7264,7264,0,0,0,7264
0x4014d7,100%,0,93,93,0,0,0,93
0x41b5a8,100%,0,78,78,0,0,0,78
0x411631,100%,0,156993,156993,156993,0,0,0
0x458d59,100%,0,7264,7264,0,0,0,7264
0x41110a,100%,0,63214,63214,0,0,0,63214
0x41041a,100%,0,29458,29458,0,0,0,29458
0x410dc1,100%,0,71043,71043,71043,0,0,0
0x4179c4,100%,0,30,30,0,0,0,30
0x414726,100%,0,54,54,0,0,0,54
0x41058d,100%,0,24390,24390,12195,0,0,12195
0x41056d,100%,0,12195,12195,0,0,0,12195
0x4105c3,100%,0,37835,37835,37835,0,0,0
0x40404a,100%,0,81,81,0,0,0,81
0x40b849,100%,0,526,526,0,0,0,526
0x415670,100%,0,713,713,0,0,0,713
0x40ff91,100%,0,20386,20386,0,0,0,20386
0x41ac15,100%,0,7230,7230,0,0,0,7230
0x409912,100%,0,1581,1581,0,0,0,1581
0x41a558,100%,0,18,18,0,0,0,18
0x408a96,100%,0,34,34,0,0,0,34
0x40219c,100%,0,467,467,0,0,0,467
0x411aed,100%,0,255432,255432,127716,0,0,127716
0x41358d,100%,0,24246,24246,12123,0,0,12123
0x40f6d0,100%,0,5,5,0,0,0,5
0x408b38,100%,0,76,76,0,0,0,76
0x40b73d,100%,0,526,526,0,0,0,526
0x4013dd,100%,0,31,31,0,0,0,31
0x40534a,100%,0,39,39,0,0,0,39
0x401b08,100%,0,9,9,0,0,0,9
0x40b1a9,100%,0,17,17,0,0,0,17
0x407aed,100%,0,10,10,0,0,0,10
0x41218a,100%,0,51468,51468,0,0,0,51468
0x411bef,100%,0,73318,73318,0,0,0,73318
0x40e752,100%,0,11,11,0,0,0,11
0x413151,100%,0,85872,85872,85872,0,0,0
0x411b29,100%,0,94621,94621,94621,0,0,0
0x41124a,100%,0,85944,85944,0,0,0,85944
0x41b596,100%,0,78,78,0,0,0,78
0x4109b0,100%,0,25980,25980,0,0,0,25980
0x412712,100%,0,8,8,0,0,0,8
0x410f62,100%,0,58488,58488,0,0,0,58488
0x40ea44,100%,0,20,20,0,0,0,20
0x405b1e,100%,0,404,404,0,0,0,404
0x410961,100%,0,25980,25980,25980,0,0,0
0x41153a,100%,0,83942,83942,0,0,0,83942
0x41a53e,100%,0,18,18,0,0,0,18
0x41197a,100%,0,73367,73367,0,0,0,73367
0x40e5ba,100%,0,25,25,0,0,0,25
0x40f3bd,100%,0,2,2,0,0,0,2
0x413fa9,100%,0,9,9,0,0,0,9
0x40d001,100%,0,50,50,0,0,0,50
0x4112a5,100%,0,80077,80077,80077,0,0,0
0x40cb72,100%,0,9,9,0,0,0,9
0x411fdd,100%,0,67902,67902,0,0,0,67902
0x413418,100%,0,25908,25908,0,0,0,25908
0x405a46,100%,0,81,81,0,0,0,81
0x4109dd,100%,0,51960,51960,25980,0,0,25980
