Branch PC,Accuracy,Mispredictions,Correct Predictions,Total,dir_t_pred_t,dir_t_pred_nt,dir_nt_pred_t,dir_nt_pred_nt
aggregate,99.3749%,163101,25929310,26092411,16107012,69561,93540,9822298
0x411480,97.4992%,15365,599046,614411,507569,6185,9180,91477
0x411cdb,98.3883%,14246,869688,883934,788181,5927,8319,81507
0x41104e,97.6623%,12289,513396,525685,450166,4678,7611,63230
0x41ac73,96.978%,11418,366413,377831,341119,5460,5958,25294
0x4120ef,98.5715%,11406,787045,798451,749412,4180,7226,37633
0x41ae23,95.5516%,9752,209473,219225,203656,2091,7661,5817
0x412633,97.4742%,6787,261921,268708,34046,4150,2637,227875
0x4118ce,98.6458%,5057,368368,373425,271191,1961,3096,97177
0x412d38,99.4466%,4418,793941,798359,706684,1941,2477,87257
0x41321e,99.1688%,4369,521225,525594,465280,1899,2470,55945
0x412fb0,98.8453%,4311,369023,373334,271008,1760,2551,98015
0x4123df,93.7114%,2821,42038,44859,26956,1355,1466,15082
0x4130f0,99.5777%,2594,611726,614320,542579,991,1603,69147
0x410341,98.1957%,2448,133227,135675,32595,1415,1033,100632
0x410c08,97.7227%,2336,100240,102576,43142,928,1408,57098
0x410794,99.3961%,1809,297764,299573,248509,782,1027,49255
0x412e6e,99.8099%,1680,882163,883843,783032,629,1051,99131
0x4134a1,99.5208%,1435,298047,299482,264957,606,829,33090
0x409b7f,74.0969%,925,2646,3571,912,521,404,1734
0x413360,99.1306%,891,101594,102485,51952,342,549,49642
0x409d02,75.4072%,770,2361,3131,544,475,295,1817
0x40f2d5,80.2429%,732,2973,3705,2898,183,549,75
0x40ee5c,82.2015%,726,3353,4079,3206,193,533,147
0x40de8a,88.0714%,715,5279,5994,1504,470,245,3775
0x40f66f,88.7447%,694,5472,6166,4941,200,494,531
0x40bdac,78.7283%,649,2402,3051,270,467,182,2132
0x409b47,91.8362%,626,7042,7668,3911,186,440,3131
0x409d27,77.4439%,623,2139,2762,632,372,251,1507
0x406cc6,74.7652%,618,1831,2449,563,371,247,1268
0x41acba,99.8391%,608,377223,377831,295718,195,413,81505
0x40b308,94.9743%,607,11471,12078,44,559,48,11427
0x40c3fc,80.8915%,583,2468,3051,239,421,162,2229
0x409bbc,73.6202%,564,1574,2138,1183,233,331,391
0x40c713,81.5798%,562,2489,3051,2215,176,386,274
0x40bcce,95.332%,561,11457,12018,92,511,50,11365
0x40aa4d,95.391%,557,11528,12085,102,501,56,11426
0x40c0b8,82.6942%,528,2523,3051,2130,184,344,393
0x409cc8,72.5195%,493,1301,1794,501,263,230,800
0x407968,75.5112%,491,1514,2005,333,302,189,1181
0x406a70,70.4938%,478,1142,1620,326,277,201,816
0x4097ea,70.8025%,473,1147,1620,312,291,182,835
0x402c4d,77.284%,460,1565,2025,420,285,175,1145
0x4135e8,99.6681%,450,135133,135583,119614,158,292,15519
0x406c9b,92.0257%,422,4870,5292,2710,133,289,2160
0x402745,77.1861%,407,1377,1784,360,251,156,1017
0x40218b,78.3632%,386,1398,1784,386,229,157,1012
0x4157fb,64.8623%,370,683,1053,149,230,140,534
0x4087ef,69.9336%,362,842,1204,232,203,159,610
0x409c9f,92.2399%,352,4184,4536,2647,95,257,1537
0x40840b,72.0779%,344,888,1232,230,211,133,658
0x4063e7,71.5116%,343,861,1204,226,209,134,635
0x40f685,66.6341%,342,683,1025,578,119,223,105
0x4078de,70.1264%,331,777,1108,280,184,147,497
0x405b15,73.9448%,321,911,1232,269,172,149,642
0x401dc4,86.7296%,295,1928,2223,1476,89,206,452
0x402e51,73.0699%,293,795,1088,300,165,128,495
0x401ce3,86.9546%,290,1933,2223,544,178,112,1389
0x401d33,87.0445%,288,1935,2223,508,195,93,1427
0x40f567,92.0894%,262,3050,3312,3043,41,221,7
0x415138,75.9734%,253,800,1053,571,103,150,229
0x409965,75.5687%,247,764,1011,654,73,174,110
0x403608,86.3789%,243,1541,1784,1513,60,183,28
0x40d884,55.4128%,243,302,545,96,133,110,206
0x404bfc,86.2967%,242,1524,1766,1483,67,175,41
0x4089f0,69.9363%,236,549,785,195,131,105,354
0x402e2f,89.4737%,234,1989,2223,1053,82,152,936
0x40d145,61.8033%,233,377,610,96,142,91,281
0x412629,99.5908%,233,56702,56935,6202,132,101,50500
0x405c10,66.8122%,228,459,687,150,127,101,309
0x40f41e,81.9512%,222,1008,1230,907,58,164,101
0x406482,61.5789%,219,351,570,98,119,100,253
0x406b90,78.7339%,215,796,1011,757,58,157,39
0x407765,73.7042%,208,583,791,108,122,86,475
0x4040f5,88.3446%,207,1569,1776,1542,46,161,27
0x40738b,88.1481%,192,1428,1620,1395,45,147,33
0x40224b,62.8684%,189,320,509,135,99,90,185
0x409c15,72.929%,183,493,676,33,135,48,460
0x40ee0e,97.0583%,180,5939,6119,1878,96,84,4061
0x4083d5,84.0253%,177,931,1108,821,57,120,110
0x408879,77.1131%,176,593,769,516,59,117,77
0x407a87,74.8191%,174,517,691,99,112,62,418
0x40950d,78.2166%,171,614,785,530,61,110,84
0x405b65,78.6346%,169,622,791,591,48,121,31
0x407aa0,75.1857%,167,506,673,107,101,66,399
0x409d5f,83.3665%,167,837,1004,699,69,98,138
0x408b40,71.6469%,167,422,589,97,94,73,325
0x408b5a,71.1806%,166,410,576,90,98,68,320
0x406ced,89.0429%,166,1349,1515,886,84,82,463
0x403c3c,76.2248%,165,529,694,427,56,109,102
0x40689c,71.5789%,162,408,570,367,66,96,41
0x415803,80.9693%,161,685,846,597,77,84,88
0x40eee3,76.8222%,159,527,686,520,50,109,7
0x40ced6,83.1197%,158,778,936,762,42,116,16
0x408a76,67.6409%,155,324,479,54,99,56,270
0x408b14,64.8961%,152,281,433,158,83,69,123
0x40eec7,85.3113%,151,877,1028,193,91,60,684
0x40ee7c,77.7941%,151,529,680,519,45,106,10
0x408a57,67.3203%,150,309,459,239,59,91,70
0x4061a4,78.6026%,147,540,687,482,53,94,58
0x407a57,67.4888%,145,301,446,166,65,80,135
0x4079b2,77.9528%,140,495,635,59,81,59,436
0x40d15f,63.172%,137,235,372,54,79,58,181
0x406c35,92.2336%,137,1627,1764,1111,65,72,516
0x409bf9,81.1634%,136,586,722,490,48,88,96
0x40645c,82.3147%,136,633,769,594,38,98,39
0x40a83e,98.2525%,134,7534,7668,6774,42,92,760
0x401412,88.7205%,134,1054,1188,993,57,77,61
0x4046f4,77.479%,134,461,595,356,51,83,105
0x40d632,85.5448%,134,793,927,767,42,92,26
0x40f2eb,78.6859%,133,491,624,482,37,96,9
0x40d37d,78.3607%,132,478,610,442,36,96,36
0x4013c2,89.2256%,128,1060,1188,1031,41,87,29
0x409dc4,97.2002%,127,4409,4536,3981,51,76,428
0x408bb9,72.0554%,121,312,433,227,53,68,85
0x409c5b,91.9974%,121,1391,1512,960,48,73,431
0x402a91,93.3296%,119,1665,1784,1512,49,70,153
0x40d89e,62.6582%,118,198,316,52,64,54,146
0x407aff,73.7668%,117,329,446,261,45,72,68
0x40564b,83.4532%,115,580,695,435,49,66,145
0x40daca,79.159%,114,433,547,399,30,84,34
0x406209,90.8279%,113,1119,1232,1014,42,71,105
0x40f39a,90.9756%,111,1119,1230,1114,30,81,5
0x4027e0,66.2614%,111,218,329,133,57,54,85
0x401cae,89.9335%,106,947,1053,767,39,67,180
0x409acd,95.8529%,106,2450,2556,1645,59,47,805
0x40565c,94.0943%,104,1657,1761,144,73,31,1513
0x4021d2,91.1035%,104,1065,1169,1057,27,77,8
0x4027b2,91.3896%,101,1072,1173,1061,36,65,11
0x40332e,95.1111%,99,1926,2025,1763,37,62,163
0x402ca5,92.5758%,98,1222,1320,1200,30,68,22
0x404d3c,86.4286%,95,605,700,597,30,65,8
0x412660,99.7889%,94,44436,44530,42713,36,58,1723
0x40ee1b,97.8046%,91,4054,4145,1998,42,49,2056
0x40369c,87.6081%,86,608,694,594,21,65,14
0x407353,98.3749%,86,5206,5292,4678,26,60,528
0x402de7,88.0721%,86,635,721,433,41,45,202
0x406d2d,84.2202%,86,459,545,453,20,66,6
0x402577,95.2915%,84,1700,1784,1526,35,49,174
0x40edbd,91.7647%,84,936,1020,299,41,43,637
0x4064c2,76.4873%,83,270,353,258,23,60,12
0x40ef31,92.0078%,82,944,1026,883,29,53,61
0x40e146,87.8378%,81,585,666,575,17,64,10
0x405c52,80.4878%,80,330,410,318,32,48,12
0x40b885,92.2244%,79,937,1016,912,23,56,25
0x4022cc,84.6758%,78,431,509,402,22,56,29
0x402ef2,96.5735%,76,2142,2218,1952,24,52,190
0x40d3ca,91.8803%,76,860,936,806,26,50,54
0x40eed0,89.7849%,76,668,744,306,36,40,362
0x4084d5,93.9123%,75,1157,1232,1023,33,42,134
0x4068d3,93.7708%,75,1129,1204,1003,29,46,126
0x4064d8,68.0851%,75,160,235,26,41,34,134
0x40b22f,95.3704%,75,1545,1620,1413,27,48,132
0x41ad1f,99.939%,74,121228,121302,107799,25,49,13429
0x40f2a3,98.0297%,73,3632,3705,2436,39,34,1196
0x40f714,93.3757%,73,1029,1102,702,34,39,327
0x40e2ad,89.039%,73,593,666,574,18,55,19
0x409df7,95.172%,73,1439,1512,1323,21,52,116
0x4114dd,99.9252%,73,97472,97545,96596,19,54,876
0x401a84,93.1624%,72,981,1053,187,60,12,794
0x40df85,98.8322%,70,5924,5994,5315,13,57,609
0x416203,93.3523%,70,983,1053,914,22,48,69
0x411d18,99.9209%,70,88419,88489,87611,14,56,808
0x40ca9e,95.679%,70,1550,1620,1414,26,44,136
0x40d1a3,71.1297%,69,170,239,156,25,44,14
0x40ca76,90.7631%,69,678,747,299,21,48,379
0x40473e,96.1149%,69,1707,1776,1528,26,43,179
0x411dc7,99.9243%,68,89758,89826,38512,31,37,51246
0x40736f,96.1451%,68,1696,1764,1541,27,41,155
0x41515a,93.5423%,68,985,1053,913,23,45,72
0x40aa5c,99.4165%,67,11415,11482,10449,16,51,966
0x40417c,88.9076%,66,529,595,521,19,47,8
0x4158e4,93.7322%,66,987,1053,976,14,52,11
0x40e066,98.8806%,66,5830,5896,5830,14,52,0
0x4014f2,94.5286%,65,1123,1188,1118,25,40,5
0x402e78,89.5666%,65,558,623,433,31,34,125
0x40c9fb,90.2402%,65,601,666,343,22,43,258
0x411923,99.9331%,65,97073,97138,96415,15,50,658
0x41212f,99.8537%,64,43676,43740,42575,15,49,1101
0x41115f,99.9097%,64,70777,70841,22046,22,42,48731
0x401df5,93.9221%,64,989,1053,909,27,37,80
0x40babf,96.1111%,63,1557,1620,1423,17,46,134
0x40ef3e,98.9701%,63,6054,6117,5411,28,35,643
0x40e5c3,68.9655%,63,140,203,28,34,29,112
0x40ca24,93.3121%,63,879,942,844,15,48,35
0x40e1e5,98.9536%,62,5863,5925,5863,16,46,0
0x40d8e0,69%,62,138,200,109,30,32,29
0x40a88e,96.1728%,62,1558,1620,1416,24,38,142
0x401420,94.8653%,61,1127,1188,1034,22,39,93
0x406d49,75.8893%,61,192,253,21,43,18,171
0x40a862,97.6526%,60,2496,2556,2259,13,47,237
0x40afcd,94.1003%,60,957,1017,934,10,50,23
0x4110ab,99.9119%,60,68064,68124,67371,20,40,693
0x40f578,73.6842%,60,168,228,160,16,44,8
0x412024,99.9331%,60,89674,89734,38445,32,28,51229
0x407ac7,71.6346%,59,149,208,142,20,39,7
0x40285c,81.9572%,59,268,327,228,25,34,40
0x40f692,82.3171%,58,270,328,267,13,45,3
0x41ae1d,99.9718%,58,205689,205747,39348,36,22,166341
0x40f593,72.77%,58,155,213,148,25,33,7
0x4113c4,99.918%,58,70692,70750,21971,32,26,48721
0x410ef9,99.8958%,57,54630,54687,54313,14,43,317
0x40db1a,93.8511%,57,870,927,805,19,38,65
0x405c98,73.0769%,56,152,208,24,29,27,128
0x401cf1,97.4809%,56,2167,2223,1961,15,41,206
0x401d41,97.5259%,55,2168,2223,1959,17,38,209
0x410809,99.8874%,55,48812,48867,48419,17,38,393
0x409574,95.4319%,55,1149,1204,1021,11,44,128
0x408b81,70.7447%,55,133,188,109,25,30,24
0x410fb4,99.9076%,54,58361,58415,13868,24,30,44493
0x411f7a,99.9389%,54,88356,88410,87573,12,42,783
0x411740,99.9463%,54,100512,100566,3064,35,19,97448
0x41158a,99.9473%,53,100604,100657,35964,25,28,64640
0x403690,99.1515%,53,6193,6246,5532,20,33,661
0x40e266,99.0985%,53,5826,5879,5246,13,40,580
0x412113,99.8819%,53,44806,44859,1087,32,21,43719
0x4103c4,99.8398%,52,32415,32467,32090,10,42,325
0x40844d,99.2696%,52,7067,7119,6304,24,28,763
0x40f702,98.4285%,52,3257,3309,2185,22,30,1072
0x4020fd,97.4321%,52,1973,2025,1779,21,31,194
0x40c2fb,98.3284%,51,3000,3051,2021,13,38,979
0x40ea11,92.3423%,51,615,666,576,16,35,39
0x41223d,99.8863%,51,44808,44859,14421,33,18,30387
0x40d861,98.964%,51,4872,4923,4353,23,28,519
0x404170,99.0663%,50,5305,5355,4740,20,30,565
0x40b317,99.5643%,50,11425,11475,10450,8,42,975
0x40c9a2,95.0836%,50,967,1017,921,21,29,46
0x408b27,97.1644%,49,1679,1728,1510,26,23,169
0x410edd,99.9161%,49,58366,58415,3700,28,21,54666
0x402f0f,93.1564%,49,667,716,613,24,25,54
0x4013d0,95.8754%,49,1139,1188,1040,16,33,99
0x40e243,77.9279%,49,173,222,23,34,15,150
0x402595,78.6667%,48,177,225,170,30,18,7
0x412645,99.9792%,48,230464,230512,12373,32,16,218091
0x4058a9,97.6296%,48,1977,2025,1789,11,37,188
0x40bcdd,99.5795%,48,11367,11415,7790,21,27,3577
0x40e0d5,76.1421%,47,150,197,19,33,14,131
0x40ca7a,88.993%,47,380,427,199,19,28,181
0x40f432,82.2642%,47,218,265,210,14,33,8
0x411b78,99.9531%,47,100135,100182,3095,27,20,97040
0x411b94,99.9516%,47,97013,97060,96376,15,32,637
0x4057b5,79.1111%,47,178,225,132,18,29,46
0x40e0c5,80.9917%,46,196,242,12,33,13,184
0x41108f,99.9351%,46,70795,70841,2694,23,23,68101
0x40e62a,99.24%,45,5876,5921,5269,15,30,607
0x40e5d4,74.1379%,45,129,174,107,16,29,22
0x40e107,99.2471%,44,5800,5844,5212,18,26,588
0x4089ff,98.9349%,44,4087,4131,3660,12,32,427
0x40ef76,95.776%,43,975,1018,660,20,23,315
0x40d122,99.2168%,43,5447,5490,4860,20,23,587
0x41295a,99.8476%,43,28176,28219,13786,15,28,14390
0x402c9d,99.638%,43,11837,11880,10540,20,23,1297
0x40ca95,94.3775%,42,705,747,650,14,28,55
0x40efc1,62.5%,42,70,112,56,19,23,14
0x40c657,98.6234%,42,3009,3051,2013,21,21,996
0x409d75,82.2034%,42,194,236,179,16,26,15
0x403c89,97.6457%,42,1742,1784,1550,11,31,192
0x40d1cf,91.954%,42,480,522,442,22,20,38
0x408837,99.4076%,41,6880,6921,6137,15,26,743
0x4079ad,99.2826%,41,5674,5715,5069,11,30,605
0x409b92,99.7869%,41,19201,19242,17088,16,25,2113
0x407a6d,97.9328%,40,1895,1935,1704,16,24,191
0x411309,99.9435%,40,70710,70750,2677,27,13,68033
0x40bcf4,98.8901%,40,3564,3604,2566,21,19,998
0x4021cd,99.6198%,40,10481,10521,9337,15,25,1144
0x402ae5,82.2222%,40,185,225,182,18,22,3
0x401ad6,96.2963%,39,1014,1053,923,13,26,91
0x40e73a,47.2973%,39,35,74,19,17,22,16
0x40641f,99.4365%,39,6882,6921,6130,22,17,752
0x410c59,99.9333%,39,58467,58506,3720,21,18,54747
0x40f325,98.9451%,39,3658,3697,2445,22,17,1213
0x4040f0,99.756%,39,15945,15984,14183,25,14,1762
0x4103a8,99.8853%,39,33971,34010,1515,28,11,32456
0x411f5e,99.9577%,38,89696,89734,1297,27,11,88399
0x411c44,99.9621%,38,100144,100182,35545,20,18,64599
0x4064b6,98.8039%,38,3139,3177,2810,14,24,329
0x4033f9,98.1235%,38,1987,2025,1787,13,25,200
0x40bfff,98.7545%,38,3013,3051,2019,15,23,994
0x405b5d,99.4662%,38,7081,7119,6314,14,24,767
0x40f6f2,99.3835%,38,6126,6164,3066,16,22,3060
0x411cfc,99.9588%,37,89789,89826,1310,27,10,88479
0x405a3e,97.716%,37,1583,1620,1418,22,15,165
0x406ddb,82.8704%,37,179,216,135,17,20,44
0x4108ba,99.9264%,37,50245,50282,6135,23,14,44110
0x40279d,99.6495%,37,10520,10557,9374,10,27,1146
0x40c953,98.7873%,37,3014,3051,2023,11,26,991
0x40ca1a,94.4444%,37,629,666,570,22,15,59
0x40e568,99.395%,36,5914,5950,5913,8,28,1
0x4128a0,99.8705%,36,27754,27790,26689,7,29,1065
0x411196,99.8369%,36,22032,22068,2292,27,9,19740
0x40cbf3,98.2222%,36,1989,2025,1795,5,31,194
0x4058b5,84%,36,189,225,189,11,25,0
0x406335,97.7778%,36,1584,1620,1426,14,22,158
0x410d1a,99.9385%,36,58470,58506,13942,15,21,44528
0x40c9ff,88.3721%,35,266,301,162,13,22,104
0x408b7c,97.9314%,35,1657,1692,1492,12,23,165
0x40ddfd,99.4161%,35,5959,5994,5315,13,22,644
0x40e248,78.7879%,35,130,165,28,18,17,102
0x40ced1,99.5964%,34,8390,8424,7480,8,26,910
0x410473,99.9%,34,33976,34010,5052,14,20,28924
0x411325,99.95%,34,68012,68046,67342,10,24,670
0x4106ec,99.8998%,34,33885,33919,4980,21,13,28905
0x405c4d,99.0786%,34,3656,3690,3258,22,12,398
0x401503,97.138%,34,1154,1188,774,18,16,380
0x40763c,97.9012%,34,1586,1620,1422,18,16,164
0x40d561,96.4744%,33,903,936,820,12,21,83
0x411814,99.9672%,33,100533,100566,35905,19,14,64628
0x4107ed,99.9344%,33,50249,50282,1396,19,14,48853
0x412b00,99.9263%,33,44734,44767,1089,17,16,43645
0x407ac2,98.2372%,33,1839,1872,1646,18,15,193
0x40e9f4,99.9388%,33,53913,53946,47941,11,22,5972
0x4119ca,99.9671%,33,100240,100273,35614,16,17,64626
0x4026a5,98.3704%,33,1992,2025,1786,14,19,206
0x409582,81.6667%,33,147,180,140,20,13,7
0x4124bf,99.887%,32,28279,28311,13854,13,19,14425
0x409840,99.6504%,32,9121,9153,8122,14,18,999
0x406e7a,85.1852%,32,184,216,175,17,15,9
0x41175c,99.9672%,32,97435,97467,96563,13,19,872
0x40b570,99.9612%,32,82345,82377,73217,7,25,9128
0x40cada,82.2222%,32,148,180,108,12,20,40
0x40340f,85.7778%,32,193,225,193,7,25,0
0x40df9f,95.1952%,32,634,666,583,9,23,51
0x40f2f5,69.5238%,32,73,105,7,21,11,66
0x406dfc,50%,32,32,64,12,17,15,20
0x402ea9,79.8742%,32,127,159,126,13,19,1
0x4114c1,99.9682%,32,100625,100657,3088,24,8,97537
0x411e06,99.9196%,31,38512,38543,1606,17,14,36906
0x41a638,98.528%,31,2075,2106,1855,17,14,220
0x410c75,99.9434%,31,54734,54765,54360,6,25,374
0x401dd6,98.6055%,31,2192,2223,1468,14,17,724
0x40defd,99.9143%,31,36149,36180,32150,10,21,3999
0x40135c,97.3906%,31,1157,1188,1047,9,22,110
0x40280d,97.522%,31,1220,1251,1100,12,19,120
0x4177a3,85.5072%,30,177,207,170,14,16,7
0x40f745,75%,30,90,120,69,13,17,21
0x41241f,99.8924%,30,27839,27869,26731,5,25,1108
0x40d1db,48.2759%,30,28,58,18,11,19,10
0x411a06,99.9158%,30,35600,35630,1322,15,15,34278
0x4108f6,99.5291%,29,6129,6158,2404,19,10,3725
0x404045,98.5679%,29,1996,2025,1787,13,16,209
0x40de09,95.6456%,29,637,666,580,12,17,57
0x410aa1,99.9406%,29,48760,48789,48390,7,22,370
0x40f2b3,98.8283%,29,2446,2475,1214,24,5,1232
0x409d70,98.6347%,29,2095,2124,1874,14,15,221
0x412bcc,99.9352%,29,44738,44767,14376,12,17,30362
0x40589d,99.8409%,29,18196,18225,16188,12,17,2008
0x40e729,95.6456%,29,637,666,584,8,21,53
0x40743d,99.8464%,28,18197,18225,16186,14,14,2011
0x40e71d,99.5329%,28,5966,5994,5312,16,12,654
0x40e5c8,80.1418%,28,113,141,13,16,12,100
0x407455,87.5556%,28,197,225,197,3,25,0
0x412884,99.9008%,28,28191,28219,410,19,9,27781
0x4015c1,97.3409%,28,1025,1053,928,8,20,97
0x401f62,99.5329%,28,5966,5994,5320,8,20,646
0x40f72e,92.3497%,28,338,366,237,9,19,101
0x40e8b4,97.3409%,28,1025,1053,924,12,16,101
0x402e9d,98.1132%,27,1404,1431,1260,12,15,144
0x4052c1,63.0137%,27,46,73,12,17,10,34
0x40cbff,88%,27,198,225,198,2,25,0
0x409cdb,99.7087%,27,9243,9270,8231,9,18,1012
0x4073aa,85.5556%,26,154,180,150,10,16,4
0x403545,98.716%,26,1999,2025,1791,9,17,208
0x4048c9,88.4444%,26,199,225,192,8,18,7
0x40a96b,99.8573%,26,18199,18225,16190,10,16,2009
0x408a52,99.3706%,26,4105,4131,3664,8,18,441
0x41249e,99.9685%,26,82448,82474,54595,10,16,27853
0x409d32,98.5779%,25,1733,1758,0,15,10,1733
0x406d21,99.4903%,25,4880,4905,4346,14,11,534
0x406d96,65.2778%,25,47,72,41,7,18,6
0x412b1c,99.9427%,25,43636,43661,42545,5,20,1091
0x4126d1,82.6389%,25,119,144,114,14,11,5
0x40791d,99.5687%,25,5771,5796,5139,13,12,632
0x40a977,98.7654%,25,2000,2025,1794,6,19,206
0x40f309,58.3333%,25,35,60,21,16,9,14
0x40621c,86.1111%,25,155,180,152,8,17,3
0x411907,99.9761%,24,100249,100273,3119,16,8,97130
0x403e6c,89.3333%,24,201,225,192,8,16,9
0x406b35,99.7378%,24,9129,9153,6089,13,11,3040
0x41ad47,99.9822%,24,134756,134780,121292,10,14,13464
0x40775d,99.6629%,24,7095,7119,6317,11,13,778
0x4104b6,99.5263%,24,5042,5066,3087,12,12,1955
0x413ff5,79.4872%,24,93,117,90,14,10,3
0x40d8db,98.6667%,24,1776,1800,1587,13,11,189
0x40eee8,79.3103%,24,92,116,92,11,13,0
0x412276,99.834%,24,14430,14454,1992,13,11,12438
0x410b54,99.9522%,24,50167,50191,6077,16,8,44090
0x410a85,99.9522%,24,50167,50191,1387,15,9,48780
0x4086ee,98.5185%,24,1596,1620,1430,10,14,166
0x401f94,67.5676%,24,50,74,42,7,17,8
0x40f39f,72.093%,24,62,86,49,12,12,13
0x46fec2,91.2727%,24,251,275,205,15,9,46
0x40b186,76.4706%,24,78,102,49,19,5,29
0x40cbe7,99.8683%,24,18201,18225,16189,11,13,2012
0x410f8e,99.9853%,24,163677,163701,109005,9,15,54672
0x40227d,99.0303%,24,2451,2475,2188,12,12,263
0x40b8ec,70.3704%,24,57,81,11,17,7,46
0x41322c,99.8344%,23,13869,13892,2034,9,14,11835
0x412fbe,99.936%,23,35901,35924,2281,12,11,33620
0x412403,99.9188%,23,28288,28311,429,13,10,27859
0x409bb7,99.8805%,23,19219,19242,17092,12,11,2127
0x40e662,96.5465%,23,643,666,429,15,8,214
0x4084e1,87.2222%,23,157,180,149,11,12,8
0x41a64a,90.1709%,23,211,234,202,6,17,9
0x401f4f,99.9574%,23,53923,53946,47943,9,14,5980
0x40e8a8,99.7573%,23,9454,9477,8414,10,13,1040
0x406932,87.2222%,23,157,180,148,12,11,9
0x40da73,84.7222%,22,122,144,115,13,9,7
0x40acb8,99.9733%,22,82355,82377,73214,10,12,9141
0x40e67f,90.0901%,22,200,222,141,7,15,59
0x412bae,99.9831%,22,129850,129872,86203,8,14,43647
0x40eb12,97.9107%,22,1031,1053,923,13,9,108
0x41155e,99.9925%,22,291683,291705,194151,9,13,97532
0x412e7c,99.9381%,22,35543,35565,1297,14,8,34246
0x40334d,90.2222%,22,203,225,192,8,14,11
0x406b8b,99.7582%,22,9077,9099,8076,12,10,1001
0x411ffe,99.9921%,21,264384,264405,175986,9,12,88398
0x401de2,97.166%,21,720,741,486,8,13,234
0x40b034,71.2329%,21,52,73,1,14,7,51
0x40f2ff,72.7273%,21,56,77,2,15,6,54
0x407ae8,94.9275%,21,393,414,360,8,13,33
0x40d62d,99.7483%,21,8322,8343,7400,16,5,922
0x40450c,61.8182%,21,34,55,20,14,7,14
0x40e1e0,99.9606%,21,53304,53325,47388,12,9,5916
0x407449,98.963%,21,2004,2025,1794,6,15,210
0x4121ae,99.9839%,21,130049,130070,86318,12,9,43731
0x40e92a,98.0057%,21,1032,1053,929,7,14,103
0x4157b6,99.7784%,21,9456,9477,6307,11,10,3149
0x40a983,91.1111%,20,205,225,194,6,14,11
0x41043e,99.9794%,20,97014,97034,64562,5,15,32452
0x40e792,99.3141%,20,2896,2916,2583,9,11,313
0x40b0eb,72.6027%,20,53,73,28,11,9,25
0x417734,90.3382%,20,187,207,175,9,11,12
0x408874,99.711%,20,6901,6921,6141,11,9,760
0x40d920,67.2131%,20,41,61,27,8,12,14
0x402819,85.6115%,20,119,139,110,10,10,9
0x410645,99.9383%,20,32369,32389,32054,7,13,315
0x40db5c,80.7692%,20,84,104,76,15,5,8
0x40f57e,61.5385%,20,32,52,25,12,8,7
0x40faa7,80.8081%,19,80,99,73,15,4,7
0x401b23,98.1956%,19,1034,1053,928,8,11,106
0x412853,99.8804%,19,15870,15889,77,14,5,15793
0x40cc13,24%,19,6,25,5,7,12,1
0x4086f3,89.4444%,19,161,180,1,7,12,160
0x402289,93.0909%,19,256,275,256,10,9,0
0x40d19e,99.1167%,19,2132,2151,1901,11,8,231
0x40ea00,99.683%,19,5975,5994,5326,2,17,649
0x403600,99.8817%,19,16037,16056,14266,6,13,1771
0x402d90,97.6543%,19,791,810,531,9,10,260
0x40baa5,82.4074%,19,89,108,83,6,13,6
0x402828,75.641%,19,59,78,4,13,6,55
0x40eadd,98.1956%,19,1034,1053,928,8,11,106
0x40b175,81.3725%,19,83,102,81,11,8,2
0x41267d,99.9329%,19,28292,28311,28285,10,9,7
0x410d56,99.8639%,19,13938,13957,2061,8,11,11877
0x402eb9,80.8511%,18,76,94,4,11,7,72
0x409938,99.41%,18,3033,3051,2021,13,5,1012
0x40f6a1,62.5%,18,30,48,26,3,15,4
0x412d46,99.9532%,18,38459,38477,1588,9,9,36871
0x41112e,99.9912%,18,203621,203639,135510,5,13,68111
0x4055be,80%,18,72,90,66,14,4,6
0x40f59e,55%,18,22,40,13,4,14,9
0x40f7d4,81.8182%,18,81,99,81,7,11,0
0x40acc3,99.8033%,18,9135,9153,8132,4,14,1003
0x40e061,99.9661%,18,53046,53064,47160,8,10,5886
0x4057c6,76%,18,57,75,44,6,12,13
0x4033ed,99.9012%,18,18207,18225,16194,6,12,2013
0x40efa7,94.6746%,18,320,338,221,5,13,99
0x4134b7,99.6401%,18,4983,5001,3062,11,7,1921
0x415166,84.6154%,18,99,117,98,6,12,1
0x40cf0a,98.4848%,18,1170,1188,1049,7,11,121
0x417634,48.5714%,18,17,35,4,8,10,13
0x408a81,94.7853%,17,309,326,309,9,8,0
0x40ce12,98.1838%,17,919,936,826,6,11,93
0x413d30,85.4701%,17,100,117,99,5,12,1
0x402d9c,93.7037%,17,253,270,168,12,5,85
0x4019c5,85.4701%,17,100,117,100,4,13,0
0x412832,99.9399%,17,28278,28295,12393,12,5,15885
0x410629,99.9499%,17,33902,33919,1520,10,7,32382
0x40b215,89.5062%,17,145,162,145,6,11,0
0x40f1da,88.1944%,17,127,144,122,6,11,5
0x406e45,73.0159%,17,46,63,46,10,7,0
0x406e97,76.3889%,17,55,72,55,9,8,0
0x411d8e,99.9936%,17,264586,264603,176108,6,11,88478
0x4015d6,85.4701%,17,100,117,100,4,13,0
0x417904,91.1458%,17,175,192,162,11,6,13
0x414625,92.735%,17,217,234,198,10,7,19
0x41621d,85.4701%,17,100,117,100,4,13,0
0x40654e,87.4074%,17,118,135,111,9,8,7
0x40f5bb,55.2632%,17,21,38,4,9,8,17
0x40e8c0,85.4701%,17,100,117,100,4,13,0
0x417931,88.3562%,17,129,146,126,5,12,3
0x4146ca,92.735%,17,217,234,143,13,4,74
0x4038a6,78.481%,17,62,79,8,9,8,54
0x403015,62.2222%,17,28,45,22,8,9,6
0x40a8ad,90.5556%,17,163,180,155,5,12,8
0x40573c,64.4444%,16,29,45,29,11,5,0
0x4155fc,99.4935%,16,3143,3159,2098,8,8,1045
0x40f766,57.8947%,16,22,38,17,10,6,5
0x40eb6a,86.3248%,16,101,117,101,3,13,0
0x41336e,99.7374%,16,6077,6093,2394,3,13,3683
0x4106ce,99.9835%,16,96823,96839,64447,3,13,32376
0x40ea3f,78.3784%,16,58,74,0,13,3,58
0x409da6,95.664%,16,353,369,320,8,8,33
0x40e936,86.3248%,16,101,117,100,4,12,1
0x40b57b,99.8252%,16,9137,9153,8133,3,13,1004
0x417892,92.2705%,16,191,207,128,10,6,63
0x415107,86.3248%,16,101,117,96,8,8,5
0x409d0d,99.2424%,16,2096,2112,0,11,5,2096
0x40df34,64.4444%,16,29,45,29,11,5,0
0x40c8fb,99.9256%,16,21503,21519,19121,7,9,2382
0x4019b9,98.4805%,16,1037,1053,934,2,14,103
0x409c20,96.8504%,16,492,508,3,13,3,489
0x404aa0,92.8889%,16,209,225,1,2,14,208
0x401e2c,86.3248%,16,101,117,98,6,10,3
0x406528,44.4444%,15,12,27,5,7,8,7
0x4019ad,99.8417%,15,9462,9477,8421,3,12,1041
0x41199e,99.9948%,15,290691,290706,193566,2,13,97125
0x40e7ee,79.7297%,15,59,74,55,6,9,4
0x405d4d,76.1905%,15,48,63,47,9,6,1
0x4030b3,66.6667%,15,30,45,21,9,6,9
0x403a3a,81.0127%,15,64,79,57,7,8,7
0x4179e3,88.2812%,15,113,128,80,6,9,33
0x40994d,98.5251%,15,1002,1017,0,6,9,1002
0x413caa,42.3077%,15,11,26,4,9,6,7
0x40eaeb,87.1795%,15,102,117,102,2,13,0
0x40633a,91.6667%,15,165,180,0,8,7,165
0x40eb1b,87.1795%,15,102,117,102,2,13,0
0x40ba10,93.1507%,15,204,219,204,10,5,0
0x40b394,99.8361%,15,9138,9153,8130,6,9,1008
0x403111,68.8889%,14,31,45,31,9,5,0
0x405ca7,90.9677%,14,141,155,141,7,7,0
0x40e79e,95.679%,14,310,324,284,4,10,26
0x40bab6,87.037%,14,94,108,63,9,5,31
0x407aab,96.9892%,14,451,465,0,3,11,451
0x409960,99.8461%,14,9085,9099,8082,6,8,1003
0x402297,46.1538%,14,12,26,1,8,6,11
0x40f5ce,44%,14,11,25,1,5,9,10
0x40c5ef,99.9349%,14,21505,21519,19124,4,10,2381
0x40571c,68.8889%,14,31,45,30,10,4,1
0x415d96,97.5309%,14,553,567,369,9,5,184
0x40b0c8,91.954%,14,160,174,160,6,8,0
0x46fed8,74.5455%,14,41,55,34,8,6,7
0x401b2c,88.0342%,14,103,117,100,4,10,3
0x4155e6,99.8628%,13,9464,9477,6312,6,7,3152
0x406b46,99.5739%,13,3038,3051,2030,4,9,1008
0x40d914,97.6321%,13,536,549,482,6,7,54
0x40150f,96.7172%,13,383,396,258,6,7,125
0x4030a2,71.1111%,13,32,45,25,10,3,7
0x40bf9f,99.9376%,13,20813,20826,18504,8,5,2309
0x403284,71.1111%,13,32,45,23,7,6,9
0x40ba21,94.0639%,13,206,219,136,10,3,70
0x414e6e,88.8889%,13,104,117,97,7,6,7
0x41b3c3,99.0107%,13,1301,1314,1160,8,5,141
0x402ece,83.5443%,13,66,79,65,9,4,1
0x40b24f,92.7778%,13,167,180,155,5,8,12
0x40eb5e,98.7654%,13,1040,1053,929,7,6,111
0x40b995,83.9506%,13,68,81,2,6,7,66
0x41b449,99.0107%,13,1301,1314,870,6,7,431
0x40b0d9,92.5287%,13,161,174,109,7,6,52
0x414270,88.8889%,13,104,117,97,7,6,7
0x4031d6,73.3333%,12,33,45,20,10,2,13
0x40af3a,99.8689%,12,9141,9153,8130,6,6,1011
0x41b25d,95.8904%,12,280,292,137,9,3,143
0x40ca04,97.556%,12,479,491,479,9,3,0
0x46fda7,98.7891%,12,979,991,50,5,7,929
0x417a8b,65.7143%,12,23,35,23,8,4,0
0x41ac53,99.9901%,12,121290,121302,52855,7,5,68435
0x405360,83.5616%,12,61,73,56,6,6,5
0x41b4df,97.2603%,12,426,438,144,2,10,282
0x409924,99.8689%,12,9141,9153,6095,7,5,3046
0x401aef,89.7436%,12,105,117,101,3,9,4
0x41088e,99.9918%,12,146158,146170,97298,5,7,48860
0x408ba2,97.7366%,11,475,486,424,8,3,51
0x412372,99.9705%,11,37336,37347,24891,7,4,12445
0x414135,71.7949%,11,28,39,21,5,6,7
0x40d414,89.4231%,11,93,104,89,2,9,4
0x40ead4,99.8839%,11,9466,9477,8422,2,9,1044
0x40b7f2,99.8798%,11,9142,9153,8131,5,6,1011
0x40d66e,98.9642%,11,1051,1062,939,5,6,112
0x415da7,94.1799%,11,178,189,121,5,6,57
0x40ca7f,97.9206%,11,518,529,518,9,2,0
0x40561d,87.7778%,11,79,90,72,8,3,7
0x4157c7,99.6518%,11,3148,3159,2101,5,6,1047
0x407973,99.1971%,11,1359,1370,1358,3,8,1
0x41482e,85.8974%,11,67,78,49,3,8,18
0x40b1fb,93.2099%,11,151,162,104,4,7,47
0x41139e,99.9946%,11,203433,203444,135394,4,7,68039
0x406d65,94.1799%,11,178,189,178,3,8,0
0x40d331,92.3611%,11,133,144,122,6,5,11
0x404385,80%,11,44,55,2,4,7,42
0x406b4e,98.9184%,11,1006,1017,0,6,5,1006
0x4056ff,75.5556%,11,34,45,34,6,5,0
0x4124f6,99.9207%,11,13856,13867,1902,6,5,11954
0x412a5f,99.9692%,11,35746,35757,23835,3,8,11911
0x4130fe,99.95%,11,21992,22003,2288,5,6,19704
0x40b0a6,93.6782%,11,163,174,108,8,3,55
0x414d9b,57.6923%,11,15,26,11,2,9,4
0x4179f0,73.8095%,11,31,42,23,6,5,8
0x41292e,99.9866%,11,82265,82276,54484,2,9,27781
0x414ffe,91.453%,10,107,117,101,3,7,6
0x40aada,99.8907%,10,9143,9153,8129,7,3,1014
0x40f3a4,60%,10,15,25,5,3,7,10
0x406e1f,71.4286%,10,25,35,22,6,4,3
0x4058c6,60%,10,15,25,1,4,6,14
0x412c00,99.9305%,10,14378,14388,1975,4,6,12403
0x40631e,94.4444%,10,170,180,0,0,10,170
0x402842,83.6066%,10,51,61,51,8,2,0
0x40df02,99.7512%,10,4010,4020,4010,5,5,0
0x405a46,94.4444%,10,170,180,2,2,8,168
0x4110f6,98.6357%,10,723,733,0,0,10,723
0x41789f,85.5072%,10,59,69,44,2,8,15
0x4177e0,95.1691%,10,197,207,179,5,5,18
0x410cee,99.9939%,10,163886,163896,109129,2,8,54757
0x410b2e,99.9931%,10,145965,145975,97183,3,7,48782
0x40d308,65.5172%,10,19,29,9,4,6,10
0x40f3c7,62.963%,10,17,27,5,7,3,12
0x41adab,99.9917%,9,107815,107824,107815,9,0,0
0x40f5dd,52.6316%,9,10,19,2,8,1,8
0x40cb1f,85%,9,51,60,37,3,6,14
0x40ba93,91.6667%,9,99,108,68,4,5,31
0x415de5,95.2381%,9,180,189,58,5,4,122
0x46fde4,99.0798%,9,969,978,37,5,4,932
0x407460,64%,9,16,25,0,5,4,16
0x4141b4,76.9231%,9,30,39,22,4,5,8
0x4178f3,95.4082%,9,187,196,0,4,5,187
0x411c1e,99.9969%,9,290502,290511,193449,2,7,97053
0x4056cd,80%,9,36,45,34,6,3,2
0x40f002,75.6757%,9,28,37,20,5,4,8
0x417924,94%,9,141,150,0,4,5,141
0x408b65,97.6804%,9,379,388,1,2,7,378
0x41298f,99.9348%,9,13792,13801,1878,4,5,11914
0x4117ee,99.9969%,9,291501,291510,194041,2,7,97460
0x401f73,98.6486%,9,657,666,587,5,4,70
0x40f6b1,52.6316%,9,10,19,5,5,4,5
0x41127e,99.9865%,8,59239,59247,39493,5,3,19746
0x414025,93.1624%,8,109,117,101,3,5,8
0x4031f5,46.6667%,8,7,15,6,4,4,1
0x4175a4,77.7778%,8,28,36,25,7,1,3
0x40f3dc,38.4615%,8,5,13,3,6,2,2
0x406585,70.3704%,8,19,27,15,7,1,4
0x4140b8,79.4872%,8,31,39,23,3,5,8
0x4030bf,46.6667%,8,7,15,6,4,4,1
0x40da4a,69.2308%,8,18,26,5,5,3,13
0x402f3f,82.2222%,8,37,45,37,3,5,0
0x40f3b3,88.4058%,8,61,69,53,3,5,8
0x412cde,99.9785%,8,37219,37227,24814,4,4,12405
0x414055,93.1624%,8,109,117,102,2,6,7
0x402a11,55.5556%,8,10,18,10,6,2,0
0x4173d4,38.4615%,8,5,13,5,4,4,0
0x41260c,99.9717%,8,28303,28311,14120,5,3,14183
0x40655a,53.3333%,7,8,15,7,5,2,1
0x411eee,99.9937%,7,110753,110760,73837,3,4,36916
0x408b4b,98.2412%,7,391,398,0,1,6,391
0x402950,61.1111%,7,11,18,11,5,2,0
0x405638,30%,7,3,10,3,2,5,0
0x413c8f,91.0256%,7,71,78,47,5,2,24
0x40ba30,91.358%,7,74,81,39,6,1,35
0x40c2a3,99.9664%,7,20819,20826,18509,3,4,2310
0x41359e,99.879%,7,5777,5784,3854,2,5,1923
0x40a992,72%,7,18,25,0,5,2,18
0x4064e7,95.8333%,7,161,168,161,2,5,0
0x4174d4,80.5556%,7,29,36,29,3,4,0
0x40b986,95.5975%,7,152,159,102,4,3,50
0x4115c6,99.9805%,7,35982,35989,2315,4,3,33667
0x403273,84.4444%,7,38,45,29,6,1,9
0x40b226,95.679%,7,155,162,104,4,3,51
0x40ef03,36.3636%,7,4,11,0,2,5,4
0x4179d3,94.6154%,7,123,130,0,2,5,123
0x46fe2a,87.2727%,7,48,55,36,6,1,12
0x402942,66.6667%,6,12,18,11,3,3,1
0x405d1b,73.913%,6,17,23,11,5,1,6
0x40302b,60%,6,9,15,9,1,5,0
0x402a03,66.6667%,6,12,18,11,3,3,1
0x40aa14,99.6296%,6,1614,1620,0,0,6,1614
0x40354a,97.3333%,6,219,225,0,2,4,219
0x40f124,95.8333%,6,138,144,124,4,2,14
0x40469d,66.6667%,6,12,18,12,4,2,0
0x402da1,93.3333%,6,84,90,5,1,5,79
0x40eaa1,91.0448%,6,61,67,61,6,0,0
0x40b975,96.2264%,6,153,159,153,4,2,0
0x40404a,97.3333%,6,219,225,1,2,4,218
0x412e2e,99.9946%,6,110634,110640,73757,3,3,36877
0x4131de,99.9899%,6,59124,59130,39418,2,4,19706
0x413619,76.9231%,6,20,26,10,3,3,10
0x40bae1,96.6667%,6,174,180,157,3,3,17
0x405d91,73.913%,6,17,23,13,3,3,4
0x41344e,99.9459%,6,11082,11088,7386,6,0,3696
0x407641,96.6667%,6,174,180,2,2,4,172
0x4063f0,99.2198%,6,763,769,0,0,6,763
0x46fe4f,90.3846%,5,47,52,36,3,2,11
0x40eefc,58.3333%,5,7,12,0,1,4,7
0x40f01d,58.3333%,5,7,12,7,2,3,0
0x402971,72.2222%,5,13,18,11,5,0,2
0x40d866,99.0859%,5,542,547,0,2,3,542
0x4045cf,76.1905%,5,16,21,0,1,4,16
0x4026aa,97.7778%,5,220,225,0,2,3,220
0x40b15b,95.098%,5,97,102,65,3,2,32
0x40b198,93.1507%,5,68,73,15,4,1,53
0x40c9a6,93.3333%,5,70,75,0,1,4,70
0x40fd0d,54.5455%,5,6,11,4,2,3,2
0x40f3d1,66.6667%,5,10,15,0,2,3,10
0x407a92,98.9583%,5,475,480,0,4,1,475
0x4029c1,72.2222%,5,13,18,13,3,2,0
0x401394,96.2121%,5,127,132,0,0,5,127
0x40b95b,96.8553%,5,154,159,104,2,3,50
0x411b02,99.9951%,5,102874,102879,68584,2,3,34290
0x40883c,99.4798%,4,765,769,0,0,4,765
0x402900,77.7778%,4,14,18,14,2,2,0
0x40f5ff,33.3333%,4,2,6,1,2,2,1
0x405d67,50%,4,4,8,1,2,2,3
0x406e5a,42.8571%,4,3,7,0,2,2,3
0x417aab,69.2308%,4,9,13,9,2,2,0
0x410406,98.9101%,4,363,367,0,0,4,363
0x411eba,99.9964%,4,110756,110760,0,0,4,110756
0x41309e,99.996%,4,100889,100893,67260,2,2,33629
0x40b9fe,98.1735%,4,215,219,145,1,3,70
0x40cdff,96.1538%,4,100,104,0,0,4,100
0x40288f,77.7778%,4,14,18,13,3,1,1
0x410b02,99.9918%,4,48785,48789,0,0,4,48785
0x40aa69,99.6067%,4,1013,1017,0,0,4,1013
0x40f6bb,55.5556%,4,5,9,2,1,3,3
0x40ea92,96.875%,4,124,128,60,1,3,64
0x45c3bb,99.9704%,4,13526,13530,0,0,4,13526
0x40cbd8,99.8025%,4,2021,2025,0,0,4,2021
0x41b22e,97.2603%,4,142,146,142,4,0,0
0x40f315,82.6087%,4,19,23,7,1,3,12
0x402102,98.2222%,4,221,225,0,2,2,221
0x40e5fc,92.1569%,4,47,51,47,4,0,0
0x406e51,57.1429%,3,4,7,4,1,2,0
0x406564,62.5%,3,5,8,1,2,1,4
0x40465d,83.3333%,3,15,18,15,1,2,0
0x406507,40%,3,2,5,0,0,3,2
0x410e76,99.9949%,3,58503,58506,58503,3,0,0
0x46fdfa,99.6933%,3,975,978,975,3,0,0
0x40ef18,57.1429%,3,4,7,0,2,1,4
0x41a667,88.4615%,3,23,26,23,3,0,0
0x403290,80%,3,12,15,7,3,0,5
0x41abe6,99.9889%,3,26953,26956,13476,2,1,13477
0x41247a,99.9892%,3,27866,27869,0,0,3,27866
0x403af3,80%,3,12,15,0,2,1,12
0x4116c2,99.997%,3,101007,101010,67339,1,2,33668
0x41330e,99.9916%,3,35544,35547,23697,1,2,11847
0x4125f2,99.9916%,3,35874,35877,23915,3,0,11959
0x41b181,97.9452%,3,143,146,143,3,0,0
0x414202,88.4615%,3,23,26,12,1,2,11
0x40b849,99.705%,3,1014,1017,0,1,2,1014
0x40f6c6,50%,3,3,6,3,0,3,0
0x40f5ec,66.6667%,3,6,9,1,2,1,5
0x40eb20,76.9231%,3,10,13,0,0,3,10
0x40e25c,98.8636%,2,174,176,174,2,0,0
0x403b0a,86.6667%,2,13,15,13,2,0,0
0x40f3f5,33.3333%,2,1,3,0,2,0,1
0x41358d,99.9827%,2,11566,11568,5784,0,2,5782
0x40eef6,84.6154%,2,11,13,0,1,1,11
0x41b4e4,99.8288%,2,1166,1168,1166,2,0,0
0x40f6e7,33.3333%,2,1,3,1,1,1,0
0x40e0f5,98.9474%,2,188,190,188,2,0,0
0x46fdac,99.7955%,2,976,978,976,2,0,0
0x4109f2,99.9822%,2,11203,11205,7469,1,1,3734
0x412466,99.8235%,2,1131,1133,0,0,2,1131
0x405429,81.8182%,2,9,11,0,1,1,9
0x413770,92.3077%,2,24,26,0,0,2,24
0x40ef09,77.7778%,2,7,9,1,1,1,6
0x40f3b8,84.6154%,2,11,13,2,1,1,9
0x412b69,99.82%,2,1109,1111,0,0,2,1109
0x405d78,80%,1,4,5,4,1,0,0
0x41b2b6,99.3151%,1,145,146,145,1,0,0
0x40f3eb,75%,1,3,4,0,1,0,3
0x41b4b7,99.3151%,1,145,146,145,1,0,0
0x40e6b0,98.6486%,1,73,74,73,1,0,0
0x41b281,99.3151%,1,145,146,145,1,0,0
0x458e3e,99.9926%,1,13529,13530,13529,1,0,0
0x401f1b,99.8498%,1,665,666,0,0,1,665
0x40d336,93.75%,1,15,16,15,1,0,0
0x41a5a2,96.1538%,1,25,26,25,1,0,0
0x41afda,99.3151%,1,145,146,145,1,0,0
0x41b124,99.3151%,1,145,146,145,1,0,0
0x41a4c0,96.1538%,1,25,26,25,1,0,0
0x41b116,99.3151%,1,145,146,145,1,0,0
0x4045fd,50%,1,1,2,1,1,0,0
0x405672,80%,1,4,5,4,1,0,0
0x406575,80%,1,4,5,4,1,0,0
0x405513,90%,1,9,10,9,1,0,0
0x41768b,95.6522%,1,22,23,22,1,0,0
0x41774a,95.6522%,1,22,23,22,1,0,0
0x458e0f,99.9926%,1,13529,13530,13529,1,0,0
0x458dc9,99.9926%,1,13529,13530,13529,1,0,0
0x46fdbc,99.8978%,1,977,978,977,1,0,0
0x45c9ec,99.9926%,1,13529,13530,13529,1,0,0
0x41b26f,99.3151%,1,145,146,145,1,0,0
0x45c3ac,99.9926%,1,13529,13530,13529,1,0,0
0x41b01e,99.3151%,1,145,146,145,1,0,0
0x408a04,99.7821%,1,458,459,458,1,0,0
0x415016,92.3077%,1,12,13,12,1,0,0
0x40eb72,92.3077%,1,12,13,12,1,0,0
0x4022b1,94.1176%,1,16,17,16,1,0,0
0x40d566,99.0385%,1,103,104,0,1,0,103
0x40ca20,99.894%,1,942,943,0,1,0,942
0x412f5e,99.999%,1,102761,102762,68508,0,1,34253
0x40e74b,97.2222%,1,35,36,0,0,1,35
0x405d59,85.7143%,1,6,7,3,1,0,3
0x41ac79,99.9968%,1,31251,31252,31251,1,0,0
0x41afe7,99.3151%,1,145,146,145,1,0,0
0x41ae54,99.9963%,1,26955,26956,13477,1,0,13478
0x41ab24,99.9926%,1,13477,13478,13477,1,0,0
0x458e2f,99.9926%,1,13529,13530,13529,1,0,0
0x408ba7,98.1481%,1,53,54,0,0,1,53
0x415bf8,98.4127%,1,62,63,62,1,0,0
0x406e6a,80%,1,4,5,4,1,0,0
0x408452,99.8736%,1,790,791,790,1,0,0
0x41b506,99.3151%,1,145,146,145,1,0,0
0x45a86d,99.9926%,1,13529,13530,13529,1,0,0
0x45a267,99.9926%,1,13529,13530,13529,1,0,0
0x45c37b,99.9926%,1,13529,13530,13529,1,0,0
0x40eab8,92.3077%,1,12,13,0,0,1,12
0x41059e,99.9831%,1,5900,5901,3934,0,1,1966
0x40b1a9,98.1481%,1,53,54,0,0,1,53
0x40f583,93.3333%,1,14,15,14,1,0,0
0x41b3d7,99.3151%,1,145,146,145,1,0,0
0x41ac10,99.9963%,1,26955,26956,13477,1,0,13478
0x412821,93.75%,1,15,16,2,1,0,13
0x413f9b,92.3077%,1,12,13,12,1,0,0
0x41343d,99.9955%,1,22175,22176,11088,0,1,11087
0x40da78,93.75%,1,15,16,15,1,0,0
0x415b4a,98.4127%,1,62,63,62,1,0,0
0x417aca,50%,1,1,2,1,1,0,0
0x4173dd,75%,1,3,4,3,1,0,0
0x4174dd,75%,1,3,4,3,1,0,0
0x415db0,98.4127%,1,62,63,62,1,0,0
0x40f60f,66.6667%,1,2,3,0,1,0,2
0x40f3a9,94.1176%,1,16,17,16,1,0,0
0x4045e0,95.2381%,1,20,21,18,1,0,2
0x40ac6a,100%,0,1017,1017,0,0,0,1017
0x40297e,100%,0,2,2,0,0,0,2
0x41b250,100%,0,292,292,0,0,0,292
0x4020bb,100%,0,225,225,0,0,0,225
0x40e705,100%,0,666,666,0,0,0,666
0x4149e1,100%,0,26,26,0,0,0,26
0x409dab,100%,0,41,41,0,0,0,41
0x40b045,100%,0,58,58,0,0,0,58
0x40e9d8,100%,0,666,666,0,0,0,666
0x40d31a,100%,0,16,16,0,0,0,16
0x40e984,100%,0,74,74,0,0,0,74
0x41b348,100%,0,146,146,0,0,0,146
0x40ecae,100%,0,39,39,0,0,0,39
0x40e91b,100%,0,117,117,0,0,0,117
0x40f402,100%,0,1,1,0,0,0,1
0x4131ac,100%,0,59130,59130,0,0,0,59130
0x40df0d,100%,0,5,5,0,0,0,5
0x40b896,100%,0,81,81,0,0,0,81
0x403266,100%,0,15,15,0,0,0,15
0x40e59e,100%,0,29,29,0,0,0,29
0x4031b9,100%,0,15,15,0,0,0,15
0x40311e,100%,0,5,5,0,0,0,5
0x4033bb,100%,0,225,225,0,0,0,225
0x403376,100%,0,25,25,0,0,0,25
0x40e5ba,100%,0,80,80,0,0,0,80
0x40ce88,100%,0,936,936,0,0,0,936
0x4116e9,100%,0,100657,100657,100657,0,0,0
0x405caf,100%,0,7,7,0,0,0,7
0x45c3a3,100%,0,13530,13530,0,0,0,13530
0x40e81e,100%,0,13,13,0,0,0,13
0x45a255,100%,0,13530,13530,0,0,0,13530
0x40eacf,100%,0,1053,1053,0,0,0,1053
0x45a20a,100%,0,13530,13530,0,0,0,13530
0x45c38c,100%,0,13530,13530,0,0,0,13530
0x4028b4,100%,0,2,2,0,0,0,2
0x417872,100%,0,69,69,0,0,0,69
0x40f258,100%,0,273,273,0,0,0,273
0x40ef10,100%,0,7,7,0,0,0,7
0x402688,100%,0,225,225,0,0,0,225
0x401456,100%,0,132,132,0,0,0,132
0x402d0d,100%,0,90,90,0,0,0,90
0x404f46,100%,0,73,73,0,0,0,73
0x40d5df,100%,0,927,927,0,0,0,927
0x40e783,100%,0,324,324,0,0,0,324
0x40563c,100%,0,5,5,0,0,0,5
0x4177d3,100%,0,207,207,0,0,0,207
0x40da5c,100%,0,16,16,0,0,0,16
0x40af66,100%,0,1017,1017,0,0,0,1017
0x4125dd,100%,0,71754,71754,35877,0,0,35877
0x413640,100%,0,26,26,0,0,0,26
0x410cb6,100%,0,399,399,0,0,0,399
0x401325,100%,0,132,132,0,0,0,132
0x410856,100%,0,431,431,0,0,0,431
0x411d56,100%,0,864,864,0,0,0,864
0x411526,100%,0,930,930,0,0,0,930
0x411966,100%,0,708,708,0,0,0,708
0x40eb54,100%,0,117,117,0,0,0,117
0x412ca6,100%,0,37227,37227,0,0,0,37227
0x410e52,100%,0,35664,35664,23776,0,0,11888
0x410aeb,100%,0,392,392,0,0,0,392
0x40c623,100%,0,2391,2391,0,0,0,2391
0x406abd,100%,0,1017,1017,0,0,0,1017
0x413795,100%,0,26,26,0,0,0,26
0x4098af,100%,0,1017,1017,0,0,0,1017
0x41069d,100%,0,32389,32389,0,0,0,32389
0x40b5a7,100%,0,1017,1017,0,0,0,1017
0x4152f8,100%,0,1053,1053,0,0,0,1053
0x40f5a8,100%,0,23,23,0,0,0,23
0x413281,100%,0,35547,35547,35547,0,0,0
0x4154b6,100%,0,1053,1053,0,0,0,1053
0x40f6d0,100%,0,3,3,0,0,0,3
0x40e898,100%,0,1053,1053,0,0,0,1053
0x413629,100%,0,13,13,0,0,0,13
0x40f6da,100%,0,3,3,0,0,0,3
0x40e460,100%,0,5950,5950,0,0,0,5950
0x412df6,100%,0,110640,110640,0,0,0,110640
0x41b59e,100%,0,146,146,0,0,0,146
0x40acef,100%,0,1017,1017,0,0,0,1017
0x4132d8,100%,0,35547,35547,0,0,0,35547
0x401d72,100%,0,247,247,0,0,0,247
0x45c353,100%,0,13530,13530,0,0,0,13530
0x40e17e,100%,0,5925,5925,0,0,0,5925
0x40ea8d,100%,0,61,61,0,0,0,61
0x415435,100%,0,1053,1053,0,0,0,1053
0x41b1d8,100%,0,146,146,0,0,0,146
0x4157d5,100%,0,1053,1053,0,0,0,1053
0x40c57a,100%,0,2391,2391,0,0,0,2391
0x40c33a,100%,0,1017,1017,0,0,0,1017
0x41b16f,100%,0,146,146,0,0,0,146
0x40da23,100%,0,26,26,0,0,0,26
0x40c2cf,100%,0,2314,2314,0,0,0,2314
0x41b0e0,100%,0,146,146,0,0,0,146
0x41b0d7,100%,0,146,146,0,0,0,146
0x40ce17,100%,0,104,104,0,0,0,104
0x40bfcb,100%,0,2314,2314,0,0,0,2314
0x40bf2a,100%,0,2314,2314,0,0,0,2314
0x41b015,100%,0,146,146,0,0,0,146
0x40bd0d,100%,0,3051,3051,0,0,0,3051
0x40bc57,100%,0,1620,1620,0,0,0,1620
0x41afa6,100%,0,146,146,0,0,0,146
0x40b81e,100%,0,1017,1017,0,0,0,1017
0x41af9a,100%,0,146,146,0,0,0,146
0x40a95c,100%,0,2025,2025,0,0,0,2025
0x40534a,100%,0,73,73,0,0,0,73
0x4155bf,100%,0,3159,3159,0,0,0,3159
0x415548,100%,0,3159,3159,0,0,0,3159
0x41552b,100%,0,3159,3159,0,0,0,3159
0x40588e,100%,0,2025,2025,0,0,0,2025
0x40e8d2,100%,0,13,13,0,0,0,13
0x4116ad,100%,0,202020,202020,101010,0,0,101010
0x40742e,100%,0,2025,2025,0,0,0,2025
0x40eb0d,100%,0,117,117,0,0,0,117
0x40541f,100%,0,11,11,0,0,0,11
0x40eb00,100%,0,13,13,0,0,0,13
0x40b522,100%,0,1017,1017,0,0,0,1017
0x40eac7,100%,0,117,117,0,0,0,117
0x41578e,100%,0,3159,3159,0,0,0,3159
0x40d761,100%,0,118,118,0,0,0,118
0x4173a4,100%,0,13,13,0,0,0,13
0x415d63,100%,0,189,189,0,0,0,189
0x41b46f,100%,0,438,438,0,0,0,438
0x40d2da,100%,0,29,29,0,0,0,29
0x4105c3,100%,0,34010,34010,34010,0,0,0
0x40d127,100%,0,610,610,0,0,0,610
0x407922,100%,0,644,644,0,0,0,644
0x40401c,100%,0,225,225,0,0,0,225
0x409845,100%,0,1017,1017,0,0,0,1017
0x4097f3,100%,0,1017,1017,0,0,0,1017
0x4173bc,100%,0,13,13,0,0,0,13
0x4087f8,100%,0,769,769,0,0,0,769
0x4086b8,100%,0,180,180,0,0,0,180
0x40198b,100%,0,117,117,0,0,0,117
0x407a7e,100%,0,215,215,0,0,0,215
0x401eb4,100%,0,74,74,0,0,0,74
0x4079c7,100%,0,140,140,0,0,0,140
0x4040ae,100%,0,1776,1776,0,0,0,1776
0x417a22,100%,0,13,13,0,0,0,13
0x407606,100%,0,180,180,0,0,0,180
0x40b9a6,100%,0,73,73,0,0,0,73
0x40bcc9,100%,0,4207,4207,0,0,0,4207
0x406b23,100%,0,3051,3051,0,0,0,3051
0x4035c3,100%,0,1784,1784,0,0,0,1784
0x415707,100%,0,3159,3159,0,0,0,3159
0x40351d,100%,0,225,225,0,0,0,225
0x403423,100%,0,25,25,0,0,0,25
0x40496a,100%,0,225,225,0,0,0,225
0x40dde9,100%,0,666,666,0,0,0,666
0x415813,100%,0,172,172,0,0,0,172
0x40b398,100%,0,1017,1017,0,0,0,1017
0x40b0fc,100%,0,34,34,0,0,0,34
0x40afde,100%,0,73,73,0,0,0,73
0x405879,100%,0,225,225,0,0,0,225
0x40ae85,100%,0,1017,1017,0,0,0,1017
0x415cbb,100%,0,189,189,0,0,0,189
0x415c10,100%,0,63,63,0,0,0,63
0x405b1e,100%,0,791,791,0,0,0,791
0x414a06,100%,0,26,26,0,0,0,26
0x41abd9,100%,0,13478,13478,0,0,0,13478
0x41ab81,100%,0,13478,13478,0,0,0,13478
0x41308d,100%,0,201786,201786,100893,0,0,100893
0x41aaec,100%,0,13478,13478,0,0,0,13478
0x40cbc8,100%,0,225,225,0,0,0,225
0x40aade,100%,0,1017,1017,0,0,0,1017
0x40c22e,100%,0,2314,2314,0,0,0,2314
0x409ba4,100%,0,2138,2138,0,0,0,2138
0x402754,100%,0,1173,1173,0,0,0,1173
0x412f4d,100%,0,205524,205524,102762,0,0,102762
0x409ced,100%,0,1030,1030,0,0,0,1030
0x41b178,100%,0,146,146,0,0,0,146
0x40cb72,100%,0,25,25,0,0,0,25
0x411fdd,100%,0,88410,88410,0,0,0,88410
0x413b86,100%,0,78,78,0,0,0,78
0x4117bf,100%,0,97467,97467,0,0,0,97467
0x41086a,100%,0,48867,48867,0,0,0,48867
0x408410,100%,0,791,791,0,0,0,791
0x401b16,100%,0,117,117,0,0,0,117
0x458dba,100%,0,13530,13530,0,0,0,13530
0x458d85,100%,0,13530,13530,0,0,0,13530
0x410f62,100%,0,54687,54687,0,0,0,54687
0x458d6d,100%,0,13530,13530,0,0,0,13530
0x40497f,100%,0,225,225,0,0,0,225
0x458d59,100%,0,13530,13530,0,0,0,13530
0x4122e1,100%,0,37347,37347,37347,0,0,0
0x41218a,100%,0,43740,43740,0,0,0,43740
0x45c9ca,100%,0,13530,13530,0,0,0,13530
0x411ac0,100%,0,102879,102879,0,0,0,102879
0x407aed,100%,0,46,46,0,0,0,46
0x413a10,100%,0,26,26,0,0,0,26
0x45c3d0,100%,0,13530,13530,0,0,0,13530
0x413151,100%,0,59130,59130,59130,0,0,0
0x411a71,100%,0,102879,102879,102879,0,0,0
0x40dfee,100%,0,5896,5896,0,0,0,5896
0x411edd,100%,0,221520,221520,110760,0,0,110760
0x413566,100%,0,5784,5784,0,0,0,5784
0x412ed1,100%,0,102762,102762,102762,0,0,0
0x41b5a8,100%,0,146,146,0,0,0,146
0x45a235,100%,0,13530,13530,0,0,0,13530
0x40e88d,100%,0,117,117,0,0,0,117
0x45c367,100%,0,13530,13530,0,0,0,13530
0x4128ef,100%,0,1094,1094,0,0,0,1094
0x411d6a,100%,0,88489,88489,0,0,0,88489
0x415cdf,100%,0,189,189,0,0,0,189
0x40c927,100%,0,2391,2391,0,0,0,2391
0x40d546,100%,0,104,104,0,0,0,104
0x41b2ab,100%,0,146,146,0,0,0,146
0x417882,100%,0,207,207,0,0,0,207
0x417806,100%,0,23,23,0,0,0,23
0x41041a,100%,0,32467,32467,0,0,0,32467
0x41197a,100%,0,97138,97138,0,0,0,97138
0x411aed,100%,0,205758,205758,102879,0,0,102879
0x41235d,100%,0,74694,74694,37347,0,0,37347
0x412ac8,100%,0,44767,44767,0,0,0,44767
0x417792,100%,0,207,207,0,0,0,207
0x4125b0,100%,0,35877,35877,0,0,0,35877
0x40f446,100%,0,41,41,0,0,0,41
0x411680,100%,0,101010,101010,0,0,0,101010
0x410a16,100%,0,50282,50282,50282,0,0,0
0x412b7d,100%,0,43661,43661,0,0,0,43661
0x41795b,100%,0,15,15,0,0,0,15
0x40c889,100%,0,2391,2391,0,0,0,2391
0x412c51,100%,0,37227,37227,37227,0,0,0
0x4129d1,100%,0,35757,35757,35757,0,0,0
0x406b57,100%,0,1011,1011,0,0,0,1011
0x458d75,100%,0,13530,13530,0,0,0,13530
0x4109dd,100%,0,22410,22410,11205,0,0,11205
0x4033d1,100%,0,2025,2025,0,0,0,2025
0x41a53e,100%,0,26,26,0,0,0,26
0x412a4e,100%,0,71514,71514,35757,0,0,35757
0x410e3d,100%,0,71328,71328,35664,0,0,35664
0x412a20,100%,0,35757,35757,0,0,0,35757
0x4046ad,100%,0,2,2,0,0,0,2
0x458de7,100%,0,13530,13530,0,0,0,13530
0x413011,100%,0,100893,100893,100893,0,0,0
0x4046b5,100%,0,2,2,0,0,0,2
0x4156eb,100%,0,3159,3159,0,0,0,3159
0x4073bd,100%,0,25,25,0,0,0,25
0x458d97,100%,0,13530,13530,0,0,0,13530
0x41739b,100%,0,13,13,0,0,0,13
0x411e51,100%,0,110760,110760,110760,0,0,0
0x45c3c7,100%,0,13530,13530,0,0,0,13530
0x405823,100%,0,25,25,0,0,0,25
0x411b29,100%,0,100273,100273,100273,0,0,0
0x401b08,100%,0,13,13,0,0,0,13
0x40a94c,100%,0,225,225,0,0,0,225
0x45c9d3,100%,0,13530,13530,0,0,0,13530
0x4112a5,100%,0,70841,70841,70841,0,0,0
0x45a30d,100%,0,13530,13530,0,0,0,13530
0x40e752,100%,0,36,36,0,0,0,36
0x41b00c,100%,0,146,146,0,0,0,146
0x412e1d,100%,0,221280,221280,110640,0,0,110640
0x412f2c,100%,0,102762,102762,0,0,0,102762
0x45c3d5,100%,0,13530,13530,0,0,0,13530
0x40f3bd,100%,0,10,10,0,0,0,10
0x40a8f6,100%,0,25,25,0,0,0,25
0x413418,100%,0,11088,11088,0,0,0,11088
0x46fe98,100%,0,275,275,0,0,0,275
0x417424,100%,0,4,4,0,0,0,4
0x412da1,100%,0,110640,110640,110640,0,0,0
0x40b8fd,100%,0,53,53,0,0,0,53
0x410961,100%,0,11205,11205,11205,0,0,0
0x41153a,100%,0,97545,97545,0,0,0,97545
0x40ba41,100%,0,36,36,0,0,0,36
0x4133c1,100%,0,11088,11088,11088,0,0,0
0x414c85,100%,0,26,26,0,0,0,26
0x410689,100%,0,328,328,0,0,0,328
0x40c35d,100%,0,3051,3051,0,0,0,3051
0x401d08,100%,0,247,247,0,0,0,247
0x458d63,100%,0,13530,13530,0,0,0,13530
0x401cbf,100%,0,247,247,0,0,0,247
0x412330,100%,0,37347,37347,0,0,0,37347
0x411631,100%,0,101010,101010,101010,0,0,0
0x41126d,100%,0,118494,118494,59247,0,0,59247
0x40ece2,100%,0,114,114,0,0,0,114
0x40199e,100%,0,1053,1053,0,0,0,1053
0x415dd8,100%,0,189,189,0,0,0,189
0x4111e1,100%,0,59247,59247,59247,0,0,0
0x4131cd,100%,0,118260,118260,59130,0,0,59130
0x4117ab,100%,0,891,891,0,0,0,891
0x458da8,100%,0,13530,13530,0,0,0,13530
0x4132fd,100%,0,71094,71094,35547,0,0,35547
0x41058d,100%,0,11802,11802,5901,0,0,5901
0x414726,100%,0,78,78,0,0,0,78
0x41306c,100%,0,100893,100893,0,0,0,100893
0x40b2cf,100%,0,1620,1620,0,0,0,1620
0x412712,100%,0,16,16,0,0,0,16
0x411bef,100%,0,97060,97060,0,0,0,97060
0x402f6e,100%,0,5,5,0,0,0,5
0x402c5c,100%,0,1320,1320,0,0,0,1320
0x40de9b,100%,0,4020,4020,0,0,0,4020
0x410f4b,100%,0,360,360,0,0,0,360
0x41136b,100%,0,694,694,0,0,0,694
0x46fdd3,100%,0,978,978,0,0,0,978
0x410504,100%,0,5901,5901,5901,0,0,0
0x411bdb,100%,0,669,669,0,0,0,669
0x41137f,100%,0,68046,68046,0,0,0,68046
0x411fc9,100%,0,825,825,0,0,0,825
0x407413,100%,0,225,225,0,0,0,225
0x40d001,100%,0,132,132,0,0,0,132
0x40193f,100%,0,13,13,0,0,0,13
0x40dd9d,100%,0,74,74,0,0,0,74
0x46fe6e,100%,0,55,55,0,0,0,55
0x41056d,100%,0,5901,5901,0,0,0,5901
0x45a275,100%,0,13530,13530,0,0,0,13530
0x412176,100%,0,1150,1150,0,0,0,1150
0x410e10,100%,0,35664,35664,0,0,0,35664
0x410dc1,100%,0,35664,35664,35664,0,0,0
0x40e9e3,100%,0,5994,5994,0,0,0,5994
0x40af91,100%,0,1017,1017,0,0,0,1017
0x401dbd,100%,0,741,741,0,0,0,741
0x4179c4,100%,0,44,44,0,0,0,44
0x412903,100%,0,27790,27790,0,0,0,27790
0x41a4bb,100%,0,26,26,0,0,0,26
0x41a475,100%,0,26,26,0,0,0,26
0x45c9e3,100%,0,13530,13530,0,0,0,13530
0x41aafc,100%,0,13478,13478,0,0,0,13478
0x46fe67,100%,0,55,55,0,0,0,55
0x413511,100%,0,5784,5784,5784,0,0,0
0x4141ca,100%,0,13,13,13,0,0,0
0x41ab0a,100%,0,13478,13478,0,0,0,13478
0x411f12,100%,0,89826,89826,89826,0,0,0
0x458e39,100%,0,13530,13530,0,0,0,13530
0x4014d7,100%,0,396,396,0,0,0,396
0x40e44b,100%,0,5950,5950,0,0,0,5950
0x4109b0,100%,0,11205,11205,0,0,0,11205
0x415670,100%,0,1053,1053,0,0,0,1053
0x41470a,100%,0,78,78,0,0,0,78
0x40b324,100%,0,1017,1017,0,0,0,1017
0x41110a,100%,0,68124,68124,0,0,0,68124
0x413fa9,100%,0,13,13,0,0,0,13
0x40ea44,100%,0,61,61,0,0,0,61
0x417a0c,100%,0,13,13,0,0,0,13
0x41124a,100%,0,59247,59247,0,0,0,59247
0x41b596,100%,0,146,146,0,0,0,146
0x40ff91,100%,0,15903,15903,0,0,0,15903
0x4159e0,100%,0,63,63,0,0,0,63
0x405a0a,100%,0,180,180,0,0,0,180
0x410cca,100%,0,54765,54765,0,0,0,54765
0x4148bc,100%,0,26,26,0,0,0,26
0x408b38,100%,0,192,192,0,0,0,192
0x40b73d,100%,0,1017,1017,0,0,0,1017
0x4013dd,100%,0,132,132,0,0,0,132
0x412ccd,100%,0,74454,74454,37227,0,0,37227
0x41a615,100%,0,234,234,0,0,0,234
0x401f30,100%,0,5994,5994,0,0,0,5994
0x41ac15,100%,0,13478,13478,0,0,0,13478
0x41a5b1,100%,0,26,26,0,0,0,26
0x413cc5,100%,0,13,13,0,0,0,13
0x409912,100%,0,3051,3051,0,0,0,3051
0x41a558,100%,0,26,26,0,0,0,26
0x408a96,100%,0,153,153,0,0,0,153
0x41a594,100%,0,26,26,0,0,0,26
0x40219c,100%,0,1169,1169,0,0,0,1169
0x41a530,100%,0,26,26,0,0,0,26
0x412561,100%,0,35877,35877,35877,0,0,0
0x416240,100%,0,13,13,0,0,0,13
0x41a522,100%,0,26,26,0,0,0,26
0x41b15e,100%,0,146,146,0,0,0,146
0x41a512,100%,0,26,26,0,0,0,26
