Branch PC,Accuracy,Mispredictions,Correct Predictions,Total,dir_t_pred_t,dir_t_pred_nt,dir_nt_pred_t,dir_nt_pred_nt
aggregate,99.326%,195675,28836301,29031976,18809404,87367,108308,10026897
0x41ac73,98.1392%,36252,1911976,1948228,1732295,17885,18367,179681
0x41ae23,98.0178%,31206,1543104,1574310,1483145,11019,20187,59959
0x411cdb,96.9978%,7762,250782,258544,229249,3263,4499,21533
0x411480,97.4169%,5889,222092,227981,194691,2298,3591,27401
0x4120ef,97.5508%,5403,215200,220603,203038,2147,3256,12162
0x41104e,96.7859%,5084,153092,158176,129079,1950,3134,24013
0x412633,94.8419%,3442,63288,66730,8707,1900,1542,54581
0x40f2d5,85.195%,3173,18259,21432,16794,1021,2152,1465
0x4118ce,97.4613%,2595,99622,102217,70857,1024,1571,28765
0x409d02,87.9283%,2572,18734,21306,5988,1431,1141,12746
0x412e6e,99.1546%,2182,255928,258110,227317,891,1291,28611
0x40f66f,93.8966%,2084,32061,34145,27733,672,1412,4328
0x410794,97.8694%,1959,89986,91945,76617,751,1208,13369
0x412d38,99.1375%,1899,218270,220169,193793,778,1121,24477
0x4123df,88.0854%,1837,13581,15418,8010,940,897,5571
0x4130f0,99.2142%,1788,225759,227547,200048,786,1002,25711
0x409d27,90.115%,1745,15908,17653,6324,970,775,9584
0x40ee5c,88.6918%,1664,13051,14715,11719,542,1122,1332
0x40bdac,91.7247%,1461,16194,17655,2825,935,526,13369
0x40aa4d,97.7426%,1456,63042,64498,1111,1220,236,61931
0x40c713,91.763%,1454,16198,17652,13718,623,831,2480
0x407968,83.2669%,1428,7106,8534,2776,807,621,4330
0x41321e,99.0966%,1425,156317,157742,139734,611,814,16583
0x412fb0,98.6078%,1417,100366,101783,70572,653,764,29794
0x40b308,97.8055%,1408,62753,64161,1173,1163,245,61580
0x410c08,96.4469%,1388,37677,39065,20645,589,799,17032
0x410341,97.1892%,1356,46886,48242,10122,704,652,36764
0x40c3fc,92.4201%,1338,16314,17652,2456,855,483,13858
0x40c0b8,92.7269%,1284,16370,17654,13345,549,735,3025
0x40bcce,98.0324%,1272,63375,64647,1390,932,340,61985
0x40f567,93.0767%,1259,16926,18185,16852,225,1034,74
0x409b7f,92.0003%,1239,14249,15488,3759,739,500,10490
0x409bbc,88.7534%,1236,9754,10990,7610,479,757,2144
0x40f685,78.676%,1224,4516,5740,3359,487,737,1157
0x415803,80.5846%,1076,4466,5542,3287,437,639,1179
0x409b47,96.3587%,1050,27786,28836,12949,399,651,14837
0x406cc6,93.145%,973,13221,14194,3544,593,380,9677
0x409cc8,91.5312%,901,9738,10639,2551,562,339,7187
0x4134a1,99.0351%,883,90628,91511,80818,301,582,9810
0x4157fb,85.354%,755,4400,5155,1041,390,365,3359
0x40de8a,97.0329%,709,23186,23895,5956,453,256,17230
0x408b40,86.6336%,700,4537,5237,1108,420,280,3429
0x4135e8,98.54%,698,47110,47808,41899,320,378,5211
0x409965,88.514%,674,5194,5868,4572,228,446,622
0x40f39a,90.6101%,668,6446,7114,6327,167,501,119
0x4097ea,91.8347%,668,7513,8181,1878,435,233,5635
0x404bfc,92.5951%,664,8303,8967,7674,253,411,629
0x406c9b,97.5133%,662,25960,26622,12145,283,379,13815
0x409c9f,96.7207%,649,19142,19791,8849,303,346,10293
0x403608,93%,630,8370,9000,8243,178,452,127
0x40f2eb,83.6052%,593,3024,3617,2832,182,411,192
0x4087ef,91.0105%,572,5791,6363,1555,334,238,4236
0x4078de,88.8474%,567,4517,5084,1141,354,213,3376
0x40f41e,92.0827%,563,6548,7111,5362,205,358,1186
0x408b5a,88.8957%,547,4379,4926,1151,313,234,3228
0x40840b,91.4977%,541,5822,6363,1480,317,224,4342
0x406b90,90.7805%,541,5327,5868,4729,153,388,598
0x406a70,93.6683%,518,7663,8181,2003,310,208,5660
0x402c4d,94.9926%,507,9618,10125,2525,297,210,7093
0x4040f5,94.4729%,497,8495,8992,8295,156,341,200
0x407765,89.2466%,491,4075,4566,664,325,166,3411
0x4063e7,92.4721%,479,5884,6363,1616,273,206,4268
0x413360,98.7782%,472,38159,38631,24292,196,276,13867
0x407a87,80.8163%,470,1980,2450,709,281,189,1271
0x40218b,94.8667%,462,8538,9000,2183,276,186,6355
0x4089f0,88.05%,459,3382,3841,1004,263,196,2378
0x401d33,95.8516%,454,10490,10944,3152,276,178,7338
0x402745,95.0667%,444,8556,9000,2309,246,198,6247
0x405c10,90.6752%,435,4230,4665,1115,245,190,3115
0x405b65,90.5607%,431,4135,4566,3495,159,272,640
0x407aa0,81.1796%,418,1803,2221,764,220,198,1039
0x405b15,93.4936%,414,5949,6363,1540,257,157,4409
0x408879,90.97%,404,4070,4474,3416,141,263,654
0x406482,88.5339%,402,3104,3506,954,214,188,2150
0x401ce3,96.345%,400,10544,10944,3308,263,137,7236
0x40645c,91.1265%,397,4077,4474,3469,163,234,608
0x404d3c,89.5205%,365,3118,3483,2844,139,226,274
0x40738b,95.6729%,354,7827,8181,7186,86,268,641
0x4064c2,85.1155%,348,1990,2338,1615,142,206,375
0x409c15,88.9841%,347,2803,3150,527,206,141,2276
0x408a57,86.5579%,346,2228,2574,1739,141,205,489
0x40eee3,81.5376%,329,1453,1782,1387,97,232,66
0x408a76,82.1701%,327,1507,1834,501,180,147,1006
0x401dc4,97.0486%,323,10621,10944,7711,140,183,2910
0x40f692,83.0517%,321,1573,1894,1401,94,227,172
0x41acba,99.9835%,321,1947907,1948228,1524646,101,220,423261
0x4083d5,93.7451%,318,4766,5084,3975,120,198,791
0x40d632,93.1377%,318,4316,4634,4230,132,186,86
0x40950d,91.7469%,317,3524,3841,2821,103,214,703
0x40ced6,93.2906%,314,4366,4680,4237,107,207,129
0x40564b,91.185%,305,3155,3460,2308,135,170,847
0x408b14,86.1377%,304,1889,2193,485,180,124,1404
0x40689c,91.4147%,301,3205,3506,2549,115,186,656
0x40ee7c,88.1011%,292,2162,2454,2091,65,227,71
0x406d2d,90.2406%,288,2663,2951,2169,112,176,494
0x40e2ad,89.2655%,285,2370,2655,2315,45,240,55
0x4064d8,82.4224%,283,1327,1610,410,159,124,917
0x407a57,82.6518%,280,1334,1614,451,167,113,883
0x4079b2,92.1853%,280,3303,3583,156,188,92,3147
0x408bb9,87.4601%,275,1918,2193,1409,103,172,509
0x409d5f,96.2298%,275,7019,7294,6190,105,170,829
0x406ced,97.4247%,259,9798,10057,6977,129,130,2821
0x40d884,76.3451%,255,823,1078,165,149,106,658
0x40d145,81.8448%,248,1118,1366,230,141,107,888
0x415138,95.6983%,223,4961,5184,3659,88,135,1302
0x406d49,91.8712%,212,2396,2608,396,134,78,2000
0x4061a4,95.4984%,210,4455,4665,3678,75,135,777
0x406dfc,90.2334%,205,1894,2099,589,111,94,1305
0x407aff,87.4226%,203,1411,1614,1190,80,123,221
0x40f578,81.769%,202,906,1108,788,68,134,118
0x40ee0e,99.0846%,202,21866,22068,7150,99,103,14716
0x4046f4,87.6835%,193,1374,1567,939,89,104,435
0x405c52,94.2209%,191,3114,3305,2961,61,130,153
0x402e51,83.6538%,187,957,1144,225,112,75,732
0x402e2f,91.1708%,184,1900,2084,846,94,90,1054
0x40f593,81.1181%,179,769,948,726,56,123,43
0x40ca24,96.7864%,178,5361,5539,5035,74,104,326
0x40d89e,76.8325%,177,587,764,141,100,77,446
0x409bf9,93.9331%,176,2725,2901,1918,81,95,807
0x40d15f,82.6131%,173,822,995,155,93,80,667
0x412629,98.9243%,171,15725,15896,2284,96,75,13441
0x409c5b,97.4382%,169,6428,6597,4310,88,81,2118
0x403c3c,89.4737%,168,1428,1596,945,72,96,483
0x40e066,99.2937%,166,23337,23503,23336,21,145,1
0x40d37d,87.9941%,164,1202,1366,969,61,103,233
0x40daca,84.9582%,162,915,1077,732,74,88,183
0x405c98,77.1174%,154,519,673,199,78,76,320
0x408b81,89.4809%,154,1310,1464,1132,59,95,178
0x40eec7,94.2761%,153,2520,2673,748,85,68,1772
0x40224b,71.0117%,149,365,514,81,84,65,284
0x409dc4,99.2724%,144,19647,19791,17546,46,98,2101
0x40f2ff,72.0081%,138,355,493,85,81,57,270
0x40417c,91.7145%,130,1439,1569,1436,41,89,3
0x40f2f5,78.607%,129,474,603,28,82,47,446
0x40f309,61.1621%,127,200,327,134,58,69,66
0x409acd,98.6995%,125,9487,9612,6329,79,46,3158
0x406c35,98.6027%,124,8750,8874,5843,73,51,2907
0x40a83e,99.5769%,122,28714,28836,25594,38,84,3120
0x40cbff,89.1556%,122,1003,1125,971,29,93,32
0x4052c1,75.8%,121,379,500,59,75,46,320
0x402a91,98.7%,117,8883,9000,7840,35,82,1043
0x41158a,99.6257%,116,30876,30992,11689,61,55,19187
0x40c9fb,96.2641%,116,2989,3105,1342,50,66,1647
0x40565c,98.7142%,115,8829,8944,1021,81,34,7808
0x40b885,98.0584%,115,5808,5923,5462,29,86,346
0x412660,99.1299%,113,12874,12987,12107,34,79,767
0x40332e,98.8938%,112,10013,10125,8956,44,68,1057
0x405360,77.6%,112,388,500,308,48,64,80
0x40f432,92.8109%,111,1433,1544,1276,34,77,157
0x409d75,89.0891%,109,890,999,749,42,67,141
0x40ef31,95.991%,107,2562,2669,2338,37,70,224
0x411dc7,99.5967%,105,25927,26032,7760,48,57,18167
0x401412,94.7447%,105,1893,1998,1474,46,59,419
0x40f57e,60.3175%,100,152,252,45,47,53,107
0x4013c2,94.995%,100,1898,1998,1844,38,62,54
0x40c9a2,98.3345%,98,5786,5884,5509,30,68,277
0x402577,98.9333%,96,8904,9000,7847,28,68,1057
0x410fb4,99.4482%,96,17301,17397,5749,49,47,11552
0x40e73a,67.7966%,95,200,295,56,50,45,144
0x41115f,99.6537%,94,27053,27147,8258,46,48,18795
0x41212f,99.3101%,94,13531,13625,12778,32,62,753
0x40d3ca,97.9915%,94,4586,4680,4125,35,59,461
0x4027b2,98.557%,93,6352,6445,6343,20,73,9
0x40ca76,97.6227%,92,3778,3870,1591,49,43,2187
0x40369c,94.2982%,91,1505,1596,1449,39,52,56
0x40afcd,98.4615%,91,5824,5915,5549,18,73,275
0x411309,99.6631%,90,26623,26713,3429,50,40,23194
0x4021d2,98.6394%,89,6452,6541,6442,15,74,10
0x402ca5,98.8087%,87,7216,7303,7203,14,73,13
0x40f6a1,78.1955%,87,312,399,284,27,60,28
0x402ef2,95.7644%,87,1967,2054,1803,31,56,164
0x411f5e,99.6679%,85,25513,25598,1944,43,42,23569
0x4114dd,99.6905%,84,27060,27144,26329,23,61,731
0x40d1a3,88.8889%,83,664,747,578,33,50,86
0x41223d,99.4746%,81,15337,15418,6143,38,43,9194
0x410edd,99.5344%,81,17316,17397,3646,35,46,13670
0x406e7a,97.8429%,81,3674,3755,3312,26,55,362
0x407ac7,91.8699%,80,904,984,895,28,52,9
0x411c44,99.7325%,80,29822,29902,10703,42,38,19119
0x402de7,86.4865%,80,512,592,302,40,40,210
0x4048c9,92.8889%,80,1045,1125,972,28,52,73
0x406209,98.7427%,80,6283,6363,5432,22,58,851
0x411923,99.6992%,79,26187,26266,25751,26,53,436
0x411325,99.6643%,78,23156,23234,22677,25,53,479
0x4114c1,99.7515%,77,30915,30992,3807,41,36,27108
0x40f59e,54.2169%,76,90,166,52,30,46,38
0x4027e0,82.448%,76,357,433,69,47,29,288
0x416203,98.5645%,74,5081,5155,4550,33,41,531
0x40ea3f,74.9153%,74,221,295,13,51,23,208
0x401f94,75.2542%,73,222,295,137,33,40,85
0x409df7,98.8934%,73,6524,6597,5852,12,61,672
0x4022cc,85.9922%,72,442,514,400,30,42,42
0x41108f,99.7385%,71,27076,27147,3508,33,38,23568
0x412024,99.7226%,71,25527,25598,7463,35,36,18064
0x40f5bb,70.9016%,71,173,244,22,47,24,151
0x4113c4,99.738%,70,26643,26713,7953,41,29,18690
0x40d8e0,86.6157%,70,453,523,349,35,35,104
0x407353,99.7371%,70,26552,26622,23638,26,44,2914
0x411740,99.7709%,70,30488,30558,3748,38,32,26740
0x40db1a,98.4891%,70,4563,4633,4095,24,46,468
0x411d18,99.7081%,70,23913,23983,23298,25,45,615
0x412853,98.8257%,70,5891,5961,389,45,25,5502
0x40a862,99.2717%,70,9542,9612,8529,15,55,1013
0x40cc13,44.8%,69,56,125,31,29,40,25
0x412645,99.8771%,69,56054,56123,2857,52,17,53197
0x411cfc,99.7349%,69,25963,26032,2011,38,31,23952
0x412113,99.5525%,69,15349,15418,1761,32,37,13588
0x4057b5,93.9556%,68,1057,1125,723,27,41,334
0x406ddb,98.2162%,67,3689,3756,1628,29,38,2061
0x403e6c,94.0444%,67,1058,1125,981,19,48,77
0x411814,99.7807%,67,30491,30558,11401,39,28,19090
0x40a88e,99.1933%,66,8115,8181,7256,16,50,859
0x402e78,91.8216%,66,741,807,643,24,42,98
0x4084d5,98.9785%,65,6298,6363,5428,26,39,870
0x4058b5,94.3111%,64,1061,1125,976,24,40,85
0x40e5c3,83.5476%,64,325,389,126,24,40,199
0x40b22f,99.2241%,64,8185,8249,7310,22,42,875
0x409574,99.0256%,62,6301,6363,5428,26,36,873
0x40736f,99.3013%,62,8812,8874,7865,23,39,947
0x4110ab,99.7416%,61,23545,23606,22871,17,44,674
0x411a06,99.4482%,61,10994,11055,775,36,25,10219
0x40ee1b,99.5884%,61,14758,14819,7326,27,34,7432
0x40e568,99.7473%,60,23688,23748,23688,6,54,0
0x40ca9e,99.2688%,60,8146,8206,7273,22,38,873
0x40eee8,80.2013%,59,239,298,226,23,36,13
0x40f745,91.3174%,58,610,668,423,28,30,187
0x401cae,98.8812%,58,5126,5184,3943,25,33,1183
0x4019c5,89.9306%,58,518,576,510,2,56,8
0x411b78,99.8094%,57,29845,29902,3984,24,33,25861
0x4068d3,99.1042%,57,6306,6363,5431,23,34,875
0x411f7a,99.7628%,56,23555,23611,23122,15,41,433
0x410c59,99.6859%,56,17775,17831,3718,25,31,14057
0x40b0eb,83.908%,56,292,348,219,15,41,73
0x40f714,99.0912%,55,5997,6052,4011,28,27,1986
0x40f3b3,90.1786%,55,505,560,448,20,35,57
0x410ef9,99.6063%,54,13662,13716,13442,19,35,220
0x40eed0,97.0652%,54,1786,1840,872,19,35,914
0x40f2a3,99.748%,54,21378,21432,14271,26,28,7107
0x40c9ff,96.906%,53,1660,1713,834,23,30,826
0x40cbf3,99.4864%,52,10073,10125,8990,10,42,1083
0x410809,99.6023%,52,13024,13076,12617,18,34,407
0x40f5ce,71.4286%,50,125,175,21,27,23,104
0x412fbe,99.5629%,50,11390,11440,1102,30,20,10288
0x412bcc,99.673%,49,14935,14984,5851,20,29,9084
0x411196,99.4099%,49,8255,8304,1227,29,20,7028
0x412276,99.2072%,49,6132,6181,1299,23,26,4833
0x4107ed,99.6707%,48,14529,14577,1474,27,21,13055
0x41515a,99.0741%,48,5136,5184,4589,19,29,547
0x411b94,99.8185%,47,25847,25894,25580,11,36,267
0x410d1a,99.7364%,47,17784,17831,6086,22,25,11698
0x410473,99.5659%,47,10779,10826,2845,22,25,7934
0x4119ca,99.8451%,47,30289,30336,11035,20,27,19254
0x411907,99.8451%,47,30289,30336,4046,24,23,26243
0x406e1f,96.6405%,47,1352,1399,1226,15,32,126
0x40efc1,88.6978%,46,361,407,251,21,25,110
0x40ef3e,99.796%,45,22019,22064,19600,14,31,2419
0x41295a,99.4716%,45,8471,8516,4576,26,19,3895
0x40aa5c,99.9276%,45,62122,62167,56234,16,29,5888
0x40ca1a,98.5507%,45,3060,3105,2739,21,24,321
0x40285c,89.5349%,45,385,430,334,17,28,51
0x40f3c7,61.8644%,45,73,118,54,22,23,19
0x40b0c8,95.4592%,44,925,969,925,11,33,0
0x40f72e,97.8142%,44,1969,2013,1320,25,19,649
0x40ca95,98.8889%,43,3827,3870,3425,15,28,402
0x4084e1,95.2695%,43,866,909,789,19,24,77
0x41ad1f,99.994%,43,721270,721313,641150,18,25,80120
0x4103a8,99.612%,42,10784,10826,976,29,13,9808
0x4108ba,99.7119%,42,14535,14577,3099,24,18,11436
0x40f5ec,50.5882%,42,43,85,14,20,22,29
0x40a983,96.3556%,41,1084,1125,981,19,22,103
0x412b00,99.7264%,41,14943,14984,1707,24,17,13236
0x402f0f,92.7046%,41,521,562,482,24,17,39
0x401df5,99.2091%,41,5143,5184,4594,14,27,549
0x401420,97.998%,40,1958,1998,1758,18,22,200
0x40db5c,92.2179%,40,474,514,429,21,19,45
0x40f315,71.1111%,39,96,135,19,24,15,77
0x4030a2,85.5556%,39,231,270,191,19,20,40
0x406932,95.7096%,39,870,909,792,16,23,78
0x409d32,99.6235%,39,10320,10359,94,31,8,10226
0x4173d4,70.229%,39,92,131,85,16,23,7
0x4030b3,85.5556%,39,231,270,156,24,15,75
0x410c75,99.7303%,38,14050,14088,13630,17,21,420
0x40edbd,98.9674%,38,3642,3680,1205,21,17,2437
0x40e243,66.055%,37,72,109,9,21,16,63
0x41175c,99.8618%,37,26735,26772,26160,6,31,575
0x40cb1f,87.7888%,37,266,303,184,18,19,82
0x40ca7a,98.3408%,37,2193,2230,1149,16,21,1044
0x4106ec,99.644%,37,10355,10392,2541,16,21,7814
0x4108f6,98.8473%,36,3087,3123,1180,14,22,1907
0x40f702,99.8018%,36,18132,18168,12101,15,21,6031
0x4103c4,99.6334%,36,9785,9821,9452,10,26,333
0x40cada,96.0483%,36,875,911,593,15,21,282
0x406e45,97.4684%,36,1386,1422,1247,17,19,139
0x403273,86.6667%,36,234,270,193,17,19,41
0x40e5c8,84.9372%,36,203,239,34,20,16,169
0x417a8b,86.5385%,35,225,260,223,8,27,2
0x412d46,99.5332%,35,7463,7498,841,21,14,6622
0x40f766,83.871%,35,182,217,152,14,21,30
0x40df85,99.8535%,35,23860,23895,21224,16,19,2636
0x40e146,98.6817%,35,2620,2655,2349,11,24,271
0x40e7ee,88.4746%,34,261,295,208,23,11,53
0x4058c6,72.8%,34,91,125,2,22,12,89
0x40f5dd,73.2283%,34,93,127,23,19,15,70
0x401d41,99.6893%,34,10910,10944,9714,14,20,1196
0x412884,99.6008%,34,8482,8516,265,22,12,8217
0x412403,99.6201%,34,8916,8950,329,20,14,8587
0x40ef76,99.1023%,33,3643,3676,2438,14,19,1205
0x4104b6,98.849%,33,2834,2867,1591,20,13,1243
0x406e97,97.3621%,33,1218,1251,1098,14,19,120
0x408b65,99.0468%,33,3429,3462,39,25,8,3390
0x411e06,99.5774%,33,7775,7808,975,11,22,6800
0x40ced1,99.9217%,33,42087,42120,37425,15,18,4662
0x40e266,99.8614%,33,23785,23818,21170,15,18,2615
0x4014f2,98.3483%,33,1965,1998,1943,13,20,22
0x40bcf4,99.8403%,32,20008,20040,14137,18,14,5871
0x410b54,99.7737%,32,14111,14143,2791,22,10,11320
0x402e9d,97.4603%,32,1228,1260,1100,20,12,128
0x4121ae,99.9201%,32,40028,40060,26422,13,19,13606
0x40d122,99.7397%,32,12262,12294,10910,18,14,1352
0x40f3a4,74.4%,32,93,125,54,11,21,39
0x40e107,99.863%,32,23325,23357,20834,14,18,2491
0x406d21,99.8833%,31,26528,26559,23595,13,18,2933
0x40e5d4,90.7463%,31,304,335,238,15,16,66
0x412b1c,99.7661%,31,13222,13253,12620,4,27,602
0x4058a9,99.6938%,31,10094,10125,8991,9,22,1103
0x402595,97.2444%,31,1094,1125,986,14,17,108
0x410a85,99.7879%,30,14113,14143,1430,9,21,12683
0x404385,67.3913%,30,62,92,39,12,18,23
0x4128a0,99.6354%,30,8199,8229,7651,11,19,548
0x40babf,99.6369%,30,8232,8262,7336,8,22,896
0x40654e,89.899%,30,267,297,249,15,15,18
0x40473e,99.6774%,29,8961,8990,7856,11,18,1105
0x40d414,94.4231%,29,491,520,442,13,16,49
0x40b317,99.9531%,29,61796,61825,55886,13,16,5910
0x412bae,99.9259%,29,39101,39130,25866,11,18,13235
0x40d861,99.7011%,29,9673,9702,8606,18,11,1067
0x40e67f,96.8362%,28,857,885,575,15,13,282
0x40b8ec,93.5185%,28,404,432,83,16,12,321
0x404170,99.8017%,28,14093,14121,12537,15,13,1556
0x403690,99.8051%,28,14336,14364,12760,8,20,1576
0x405638,48.1481%,28,26,54,11,12,16,15
0x410f8e,99.9315%,28,40865,40893,27167,10,18,13698
0x40135c,98.5986%,28,1970,1998,1764,12,16,206
0x40bfff,99.8414%,28,17627,17655,11762,8,20,5865
0x40b995,93.5185%,28,404,432,159,12,16,245
0x40e1e5,99.8826%,28,23812,23840,23812,6,22,0
0x40f6b1,69.3182%,27,61,88,22,11,16,39
0x4178f3,96.6165%,27,771,798,0,17,10,771
0x40f6f2,99.9209%,27,34105,34132,17057,11,16,17048
0x41241f,99.6861%,27,8574,8601,7837,11,16,737
0x40e0c5,96.8408%,26,797,823,102,18,8,695
0x406d96,97.9233%,26,1226,1252,820,14,12,406
0x40b034,92.5287%,26,322,348,4,21,5,318
0x403c89,99.7111%,26,8974,9000,7862,13,13,1112
0x41139e,99.9624%,26,69144,69170,45927,9,17,23217
0x40e0d5,96.3016%,26,677,703,128,18,8,549
0x4158e4,99.4956%,26,5129,5155,5091,6,20,38
0x40571c,87.4396%,26,181,207,166,18,8,15
0x4126d1,96.3889%,26,694,720,628,12,14,66
0x41199e,99.9681%,25,78284,78309,52031,12,13,26253
0x4030bf,72.2222%,25,65,90,50,10,15,15
0x401cf1,99.7716%,25,10919,10944,9720,8,17,1199
0x40280d,99.1237%,25,2828,2853,2523,13,12,305
0x417aab,81.6794%,24,107,131,106,10,14,1
0x403284,91.1111%,24,246,270,160,20,4,86
0x412832,99.7294%,24,8846,8870,2895,14,10,5951
0x40227d,99.2359%,24,3117,3141,2780,12,12,337
0x410645,99.746%,24,9425,9449,9267,9,15,158
0x4089ff,99.8964%,24,23142,23166,20583,9,15,2559
0x40e248,69.6203%,24,55,79,8,14,10,47
0x407ae8,95.6284%,24,525,549,475,13,11,50
0x417634,90.7692%,24,236,260,1,15,9,235
0x40d62d,99.9425%,24,41682,41706,37057,15,9,4625
0x40bcdd,99.9631%,23,62302,62325,42276,9,14,20026
0x41043e,99.921%,23,29081,29104,19276,7,16,9805
0x411ffe,99.9673%,23,70336,70359,46737,11,12,23599
0x4013d0,98.8488%,23,1975,1998,1770,6,17,205
0x4117ee,99.9711%,23,79687,79710,52929,9,14,26758
0x417882,98.6782%,23,1717,1740,136,7,16,1581
0x411d8e,99.9677%,23,71266,71289,47298,8,15,23968
0x40b24f,97.4918%,23,894,917,811,4,19,83
0x40844d,99.9465%,22,41072,41094,36517,11,11,4555
0x40561d,95.4733%,22,464,486,419,13,9,45
0x408b7c,99.833%,22,13154,13176,11700,12,10,1454
0x4174d4,91.5709%,22,239,261,226,6,16,13
0x40f325,99.8971%,22,21367,21389,14266,9,13,7101
0x403015,92.2222%,21,249,270,166,14,7,83
0x403111,92.2222%,21,249,270,222,18,3,27
0x4073aa,97.6898%,21,888,909,798,10,11,90
0x402ae5,98.1333%,21,1104,1125,991,9,12,113
0x412e7c,99.8046%,21,10724,10745,680,7,14,10044
0x410aa1,99.8347%,21,12683,12704,12444,5,16,239
0x40d561,99.5469%,21,4614,4635,4109,11,10,505
0x4033f9,99.7926%,21,10104,10125,8987,13,8,1117
0x40a8ad,97.7998%,20,889,909,807,1,19,82
0x4057c6,94.6667%,20,355,375,241,9,11,114
0x40c657,99.8867%,20,17632,17652,11758,10,10,5874
0x407a6d,99.7769%,20,8944,8964,7960,8,12,984
0x4124bf,99.7765%,20,8930,8950,4900,12,8,4030
0x41621d,96.5035%,20,552,572,503,7,13,49
0x40eaeb,96.5278%,20,556,576,508,4,16,48
0x410629,99.8075%,20,10372,10392,931,12,8,9441
0x40279d,99.9672%,19,57986,58005,51553,7,12,6433
0x41322c,99.6723%,19,5779,5798,893,13,6,4886
0x40641f,99.9528%,19,40247,40266,35781,11,8,4466
0x4134b7,99.2569%,19,2538,2557,1473,14,5,1065
0x406e5a,47.2222%,19,17,36,3,7,12,14
0x409d0d,99.8632%,19,13868,13887,92,15,4,13776
0x41249e,99.9242%,19,25031,25050,16444,5,14,8587
0x40334d,98.3111%,19,1106,1125,992,8,11,114
0x412c00,99.6764%,19,5852,5871,1191,7,12,4661
0x41ae1d,99.9987%,19,1494145,1494164,297823,10,9,1196322
0x41112e,99.9729%,19,70081,70100,46485,9,10,23596
0x40f39f,96.9355%,19,601,620,486,9,10,115
0x402d90,97.6744%,18,756,774,507,9,9,249
0x411c1e,99.9767%,18,77361,77379,51482,3,15,25879
0x40bae1,98.0392%,18,900,918,809,7,11,91
0x40d1cf,98.5294%,18,1206,1224,1079,9,9,127
0x406d65,99.1338%,18,2060,2078,1934,4,14,126
0x4115c6,99.8468%,18,11732,11750,1254,2,16,10478
0x40743d,99.9802%,18,91107,91125,80987,13,5,10120
0x407ac2,99.7967%,18,8838,8856,7857,15,3,981
0x40ba10,97.7011%,18,765,783,765,9,9,0
0x408a81,98.4389%,18,1135,1153,1134,6,12,1
0x4055be,96.2963%,18,468,486,419,13,5,49
0x40f5ff,64.7059%,18,33,51,9,12,6,24
0x406528,58.1395%,18,25,43,5,5,13,20
0x4175a4,93.1034%,18,243,261,218,14,4,25
0x40775d,99.9562%,18,41076,41094,36522,6,12,4554
0x4177a3,99.2237%,17,2173,2190,1937,10,7,236
0x4026a5,99.8321%,17,10108,10125,8992,8,9,1116
0x405c4d,99.9428%,17,29728,29745,26427,13,4,3301
0x407460,86.4%,17,108,125,14,10,7,94
0x406335,99.7922%,17,8164,8181,7264,8,9,900
0x41298f,99.6306%,17,4585,4602,995,6,11,3590
0x4064b6,99.9192%,17,21025,21042,18693,11,6,2332
0x40589d,99.9813%,17,91108,91125,80993,7,10,10115
0x417734,99.2259%,17,2179,2196,1945,7,10,234
0x409c20,99.338%,16,2401,2417,161,8,8,2240
0x410d56,99.738%,16,6092,6108,1023,7,9,5069
0x40f6c6,60%,16,24,40,3,2,14,21
0x406564,36%,16,9,25,8,3,13,1
0x40e62a,99.9325%,16,23678,23694,21087,6,10,2591
0x4064e7,98.463%,16,1025,1041,1025,4,12,0
0x4106ce,99.9432%,16,28158,28174,18722,3,13,9436
0x41292e,99.9337%,16,24104,24120,15886,5,11,8218
0x40f7d4,96.5142%,16,443,459,400,8,8,43
0x40f3dc,55.5556%,16,20,36,4,10,6,16
0x4031d6,94.0741%,16,254,270,169,11,5,85
0x407a92,98.9041%,16,1444,1460,0,6,10,1444
0x41088e,99.9587%,16,38771,38787,25705,6,10,13066
0x4056cd,92.2705%,16,191,207,173,11,5,18
0x40d920,89.2086%,15,124,139,61,7,8,63
0x40eefc,63.4146%,15,26,41,1,11,4,25
0x4056ff,92.7536%,15,192,207,176,8,7,16
0x40f6bb,72.7273%,15,40,55,6,9,6,34
0x40df9f,99.435%,15,2640,2655,2354,6,9,286
0x40b215,98.0695%,15,762,777,706,4,11,56
0x406e51,90.5063%,15,143,158,143,4,11,0
0x402971,44.4444%,15,12,27,11,13,2,1
0x40de09,99.435%,15,2640,2655,2351,9,6,289
0x403290,83.3333%,15,75,90,48,12,3,27
0x40573c,92.7536%,15,192,207,177,7,8,15
0x40ddfd,99.9372%,15,23880,23895,21229,11,4,2651
0x402c9d,99.9772%,15,65712,65727,58417,7,8,7295
0x405a3e,99.8166%,15,8166,8181,7262,10,5,904
0x409582,98.4598%,14,895,909,804,4,10,91
0x40302b,84.4444%,14,76,90,55,5,9,21
0x40d8db,99.7026%,14,4693,4707,4177,7,7,516
0x402f3f,94.8148%,14,256,270,231,9,5,25
0x40d1db,89.7059%,14,122,136,56,10,4,66
0x408ba2,99.4302%,14,2443,2457,2179,5,9,264
0x40a977,99.8617%,14,10111,10125,8991,9,5,1120
0x40b186,95.9064%,14,328,342,217,11,3,111
0x411b02,99.9544%,14,30718,30732,20480,8,6,10238
0x40469d,71.1111%,13,32,45,32,8,5,0
0x40ce12,99.7222%,13,4667,4680,4153,7,6,514
0x41344e,99.7514%,13,5216,5229,3477,9,4,1739
0x401f73,99.5104%,13,2642,2655,2352,8,5,290
0x408b27,99.9055%,13,13739,13752,12217,7,6,1522
0x40c2fb,99.9264%,13,17640,17653,11766,3,10,5874
0x41155e,99.9839%,13,80627,80640,53492,4,9,27135
0x40621c,98.5699%,13,896,909,799,9,4,97
0x409840,99.9754%,13,52799,52812,46938,6,7,5861
0x406585,69.7674%,13,30,43,23,8,5,7
0x402ece,95.1852%,13,257,270,232,8,5,25
0x402ea9,90.7143%,13,127,140,106,4,9,21
0x41b3c3,99.8556%,13,8987,9000,7991,9,4,996
0x40e8c0,97.7431%,13,563,576,506,6,7,57
0x40f01d,69.7674%,13,30,43,28,2,11,2
0x4157c7,99.9159%,13,15452,15465,10305,5,8,5147
0x40e662,99.5104%,13,2642,2655,1763,7,6,879
0x40ea00,99.9456%,13,23882,23895,21233,7,6,2649
0x40fd0d,74.5098%,13,38,51,33,1,12,5
0x409cdb,99.9808%,13,67721,67734,60199,9,4,7522
0x402842,57.1429%,12,16,28,15,10,2,1
0x41336e,99.5734%,12,2801,2813,1067,3,9,1734
0x402942,55.5556%,12,15,27,15,6,6,0
0x409da6,99.359%,12,1860,1872,1661,3,9,199
0x41127e,99.9432%,12,21132,21144,14088,8,4,7044
0x4040f0,99.9852%,12,80916,80928,71930,6,6,8986
0x40ea11,99.548%,12,2643,2655,2358,2,10,285
0x402d9c,95.3488%,12,246,258,167,5,7,79
0x40655a,63.6364%,12,21,33,15,7,5,6
0x41359e,99.6262%,12,3198,3210,2134,6,6,1064
0x40da73,98.0392%,12,600,612,538,6,6,62
0x401dd6,99.8904%,12,10932,10944,7289,7,5,3643
0x412cde,99.9144%,12,14007,14019,9337,9,3,4670
0x417924,98.2482%,12,673,685,0,9,3,673
0x408837,99.9702%,12,40254,40266,35786,6,6,4468
0x405ca7,96.9697%,12,384,396,383,7,5,1
0x40efa7,99.0196%,12,1212,1224,813,4,8,399
0x4021cd,99.9796%,12,58857,58869,52320,8,4,6537
0x415d96,97.8927%,11,511,522,340,8,3,171
0x401f62,99.954%,11,23884,23895,21234,6,5,2650
0x40f6d0,68.5714%,11,24,35,3,4,7,21
0x415da7,93.6782%,11,163,174,110,6,5,53
0x40eef6,77.551%,11,38,49,0,8,3,38
0x4177e0,99.4929%,11,2158,2169,1922,6,5,236
0x407449,99.8914%,11,10114,10125,8998,2,9,1116
0x40cf0a,99.6362%,11,3013,3024,2683,5,6,330
0x40288f,59.2593%,11,16,27,14,10,1,2
0x4155fc,99.9289%,11,15454,15465,10306,4,7,5148
0x40d19e,99.8364%,11,6712,6723,5971,5,6,741
0x40340f,99.0222%,11,1114,1125,994,6,5,120
0x402a03,59.2593%,11,16,27,16,5,6,0
0x407aab,99.1108%,11,1226,1237,0,6,5,1226
0x40f002,92.5926%,10,125,135,86,6,4,39
0x40e729,99.6234%,10,2645,2655,2355,5,5,290
0x417792,99.5436%,10,2181,2191,0,1,9,2181
0x406b46,99.9432%,10,17594,17604,11729,7,3,5865
0x40791d,99.969%,10,32291,32301,28708,4,6,3583
0x405429,93.0556%,10,134,144,87,3,7,47
0x415de5,94.2529%,10,164,174,52,6,4,112
0x40ef03,65.5172%,10,19,29,1,1,9,18
0x4130fe,99.8749%,10,7984,7994,1126,6,4,6858
0x415435,99.8061%,10,5147,5157,0,2,8,5147
0x4131de,99.9514%,10,20576,20586,13721,3,7,6855
0x4179d3,98.374%,10,605,615,0,8,2,605
0x4116c2,99.9682%,10,31472,31482,20983,5,5,10489
0x40e936,98.2639%,10,566,576,511,1,9,55
0x412a5f,99.9074%,10,10793,10803,7196,6,4,3597
0x40f6da,64.2857%,10,18,28,0,2,8,18
0x40f2b3,99.9301%,10,14287,14297,7151,6,4,7136
0x40ca7f,99.6673%,9,2696,2705,2695,7,2,1
0x404045,99.9111%,9,10116,10125,8995,5,4,1121
0x409d70,99.8999%,9,8982,8991,7985,7,2,997
0x405d4d,90%,9,81,90,76,4,5,5
0x40a992,92.8%,9,116,125,15,9,0,101
0x41b25d,99.55%,9,1991,2000,994,6,3,997
0x40c953,99.949%,9,17643,17652,11762,6,3,5881
0x402950,66.6667%,9,18,27,18,6,3,0
0x40f6e7,65.3846%,9,17,26,9,4,5,8
0x403545,99.9111%,9,10116,10125,8992,8,1,1124
0x40f3d1,78.5714%,9,33,42,0,6,3,33
0x405b5d,99.9781%,9,41085,41094,36524,4,5,4561
0x4177d3,99.5854%,9,2162,2171,0,2,7,2162
0x412372,99.9451%,8,14569,14577,9716,2,6,4853
0x4031f5,91.1111%,8,82,90,57,3,5,25
0x40d308,88.5714%,8,62,70,0,3,5,62
0x41789f,98.1693%,8,429,437,336,3,5,93
0x412b69,98.7281%,8,621,629,0,0,8,621
0x407455,99.2889%,8,1117,1125,997,3,5,120
0x41267d,99.9106%,8,8942,8950,8866,4,4,76
0x40541f,94.4444%,8,136,144,42,4,4,94
0x40f60f,73.3333%,8,22,30,2,2,6,20
0x408874,99.9801%,8,40258,40266,35788,4,4,4470
0x401de2,99.7807%,8,3640,3648,2426,6,2,1214
0x40d331,98.6733%,8,595,603,532,4,4,63
0x40465d,82.2222%,8,37,45,37,3,5,0
0x401503,99.5996%,8,1990,1998,1327,5,3,663
0x4079ad,99.9752%,8,32239,32247,28661,3,5,3578
0x40b975,99.1992%,8,991,999,991,2,6,0
0x402819,97.4763%,8,309,317,309,4,4,0
0x402a11,70.3704%,8,19,27,19,5,3,0
0x4124f6,99.8371%,8,4904,4912,1122,3,5,3782
0x40da4a,90.1408%,7,64,71,0,3,4,64
0x40763c,99.9144%,7,8174,8181,7267,5,2,907
0x409924,99.9867%,7,52805,52812,35202,6,1,17603
0x40e8b4,99.865%,7,5177,5184,4603,5,2,574
0x40712a,22.2222%,7,2,9,0,6,1,2
0x415166,98.7847%,7,569,576,512,0,7,57
0x40f3eb,68.1818%,7,15,22,3,4,3,12
0x46fed8,97.4074%,7,263,270,200,6,1,63
0x4173dd,76.6667%,7,23,30,23,5,2,0
0x409b92,99.9929%,7,98903,98910,87915,5,2,10988
0x40e1e0,99.9967%,7,214553,214560,190717,3,4,23836
0x40faa7,98.4749%,7,452,459,405,3,4,47
0x4086ee,99.9144%,7,8174,8181,7269,3,4,905
0x4038a6,93.5185%,7,101,108,8,3,4,93
0x40b57b,99.9869%,7,53300,53307,47382,2,5,5918
0x406f5e,22.2222%,7,2,9,2,4,3,0
0x41ac53,99.999%,7,721307,721314,377979,0,7,343328
0x40dceb,22.2222%,7,2,9,1,5,2,1
0x412e2e,99.9648%,7,19901,19908,13266,6,1,6635
0x40f3b8,92.3913%,7,85,92,30,4,3,55
0x41abe6,99.9963%,6,160286,160292,80144,2,4,80142
0x40acc3,99.9887%,6,53220,53226,47311,1,5,5909
0x40eb1b,98.9583%,6,570,576,510,2,4,60
0x4125f2,99.9472%,6,11355,11361,7570,4,2,3785
0x402eb9,97.7778%,6,264,270,0,0,6,264
0x4020fd,99.9407%,6,10119,10125,8996,4,2,1123
0x41309e,99.9806%,6,30918,30924,20613,3,3,10305
0x4047fc,66.6667%,6,12,18,12,4,2,0
0x4110f6,99.1643%,6,712,718,0,0,6,712
0x40cbe7,99.9934%,6,91119,91125,80998,2,4,10121
0x403a3a,94.4444%,6,102,108,102,2,4,0
0x411eee,99.9707%,6,20460,20466,13640,4,2,6820
0x40aa14,99.9273%,6,8242,8248,0,0,6,8242
0x407269,33.3333%,6,3,9,2,4,2,1
0x40150f,99.0991%,6,660,666,439,5,1,221
0x40713b,33.3333%,6,3,9,3,3,3,0
0x4070b6,33.3333%,6,3,9,3,3,3,0
0x4029c1,77.7778%,6,21,27,21,3,3,0
0x413d30,98.9247%,6,552,558,492,4,2,60
0x40479d,66.6667%,6,12,18,12,4,2,0
0x40a96b,99.9934%,6,91119,91125,80994,6,0,10125
0x4047cd,66.6667%,6,12,18,12,4,2,0
0x40e71d,99.9749%,6,23889,23895,21237,3,3,2652
0x4071ea,33.3333%,6,3,9,3,3,3,0
0x417904,99.2318%,6,775,781,697,3,3,78
0x40b1fb,99.2278%,6,771,777,515,3,3,256
0x41260c,99.933%,6,8944,8950,5190,5,1,3754
0x417892,99.6243%,6,1591,1597,1156,4,2,435
0x407258,33.3333%,6,3,9,1,5,1,2
0x405d1b,75%,6,18,24,9,5,1,9
0x41358d,99.9221%,5,6415,6420,3210,0,5,3205
0x40ead4,99.9893%,5,46651,46656,41470,2,3,5181
0x409bb7,99.9949%,5,98905,98910,87919,1,4,10986
0x41b4df,99.8333%,5,2995,3000,997,3,2,1998
0x402102,99.5556%,5,1120,1125,0,0,5,1120
0x40ef09,81.4815%,5,22,27,4,2,3,18
0x40450c,94.5652%,5,87,92,85,0,5,2
0x401f4f,99.9977%,5,215050,215055,191160,0,5,23890
0x40481c,72.2222%,5,13,18,13,3,2,0
0x410cee,99.988%,5,41818,41823,27734,1,4,14084
0x41330e,99.9659%,5,14671,14676,9781,3,2,4890
0x40ba21,99.3614%,5,778,783,519,3,2,259
0x407973,99.899%,5,4946,4951,4944,1,4,2
0x40ca04,99.7776%,5,2243,2248,2243,3,2,0
0x40631e,99.4499%,5,904,909,0,0,5,904
0x40c2a3,99.996%,5,125041,125046,111149,3,2,13892
0x40dd40,44.4444%,5,4,9,0,5,0,4
0x41a64a,99.566%,5,1147,1152,1020,4,1,127
0x417931,99.2604%,5,671,676,603,1,4,68
0x415107,99.1319%,5,571,576,508,4,1,63
0x40cbd8,99.9506%,5,10120,10125,0,0,5,10120
0x414ffe,99.1319%,5,571,576,510,2,3,61
0x40b198,98.5632%,5,343,348,87,2,3,256
0x4174dd,82.7586%,5,24,29,24,1,4,0
0x406fe2,44.4444%,5,4,9,4,2,3,0
0x4155e6,99.9892%,5,46390,46395,30927,3,2,15463
0x40b1a9,98.0695%,5,254,259,0,0,5,254
0x417aca,66.6667%,5,10,15,10,3,2,0
0x40e061,99.9981%,4,211523,211527,188022,2,2,23501
0x40bab6,99.5062%,4,806,810,536,4,0,270
0x40bf9f,99.9968%,4,125051,125055,111157,3,1,13894
0x402828,86.2069%,4,25,29,0,1,3,25
0x40b226,99.4852%,4,773,777,517,1,3,256
0x4019b9,99.9228%,4,5180,5184,4608,0,4,572
0x402289,98.8539%,4,345,349,345,4,0,0
0x40b570,99.9992%,4,479759,479763,426454,2,2,53305
0x4179e3,99.341%,4,603,607,406,1,3,197
0x40d914,99.6803%,4,1247,1251,1109,3,1,138
0x413619,96.8254%,4,122,126,64,0,4,58
0x41ad47,99.9995%,4,801454,801458,721313,0,4,80141
0x46fe4f,98.4375%,4,252,256,189,3,1,63
0x405d91,83.3333%,4,20,24,16,2,2,4
0x410b2e,99.9894%,4,37853,37857,25152,1,3,12701
0x40aade,99.9324%,4,5913,5917,0,3,1,5913
0x412f5e,99.9867%,4,30170,30174,20115,1,3,10055
0x405d59,60%,4,6,10,6,2,2,0
0x41b449,99.9556%,4,8996,9000,5999,1,3,2997
0x4033ed,99.9956%,4,91121,91125,80999,1,3,10122
0x4109f2,99.9309%,4,5783,5787,3857,1,3,1926
0x415bf8,93.1034%,4,54,58,54,4,0,0
0x41343d,99.9618%,4,10454,10458,5229,0,4,5225
0x406b35,99.9924%,4,52808,52812,35205,3,1,17603
0x40d66e,99.8366%,4,2444,2448,2174,2,2,270
0x410e52,99.9737%,4,15230,15234,10154,2,2,5076
0x40e792,99.9534%,4,8582,8586,7628,4,0,954
0x4179f0,98%,4,196,200,132,4,0,64
0x40f402,73.3333%,4,11,15,0,3,1,11
0x401e2c,99.3056%,4,572,576,511,1,3,61
0x408a52,99.9827%,4,23162,23166,20590,2,2,2572
0x40e5fc,96.3415%,3,79,82,79,3,0,0
0x40ef10,85.7143%,3,18,21,1,1,2,17
0x40ba93,99.6296%,3,807,810,539,1,2,268
0x406e6a,88.4615%,3,23,26,23,2,1,0
0x406ebe,66.6667%,3,6,9,6,2,1,0
0x4046ad,40%,3,2,5,0,2,1,2
0x408ba7,98.9011%,3,270,273,0,0,3,270
0x40aada,99.9944%,3,53250,53253,47333,3,0,5917
0x406fd1,66.6667%,3,6,9,4,2,1,2
0x40b9fe,99.6169%,3,780,783,521,1,2,259
0x40ba30,99.3056%,3,429,432,159,3,0,270
0x4015c1,99.9421%,3,5181,5184,4606,2,1,575
0x40b398,99.9494%,3,5923,5926,0,3,0,5923
0x41247a,99.9651%,3,8598,8601,0,0,3,8598
0x46fda7,99.9376%,3,4803,4806,268,2,1,4535
0x46fe2a,98.8889%,3,267,270,204,2,1,63
0x40defd,99.9981%,3,157371,157374,139887,1,2,17484
0x4045cf,57.1429%,3,4,7,0,3,0,4
0x40da98,66.6667%,3,6,9,6,2,1,0
0x4015d6,99.4792%,3,573,576,511,1,2,62
0x40f124,99.5833%,3,717,720,638,2,1,79
0x40dcf9,66.6667%,3,6,9,6,2,1,0
0x403600,99.9963%,3,80997,81000,72000,0,3,8997
0x40f1da,99.5833%,3,717,720,639,1,2,78
0x40ef18,84.2105%,3,16,19,3,1,2,13
0x40702c,66.6667%,3,6,9,6,2,1,0
0x45c3bb,99.9963%,3,80394,80397,0,0,3,80394
0x4063f0,99.9329%,3,4471,4474,0,0,3,4471
0x4152f8,99.9418%,3,5154,5157,0,0,3,5154
0x40eadd,99.9421%,3,5181,5184,4607,1,2,574
0x410e76,99.9832%,3,17828,17831,17828,3,0,0
0x4045e0,57.1429%,3,4,7,1,1,2,3
0x40b0a6,99.7936%,2,967,969,645,1,1,322
0x413caa,98.3871%,2,122,124,62,0,2,60
0x414625,99.8264%,2,1150,1152,1022,2,0,128
0x40c5ef,99.9985%,2,129067,129069,114727,1,1,14340
0x4071fb,33.3333%,2,1,3,1,1,1,0
0x407275,33.3333%,2,1,3,1,1,1,0
0x4174e7,50%,2,2,4,0,0,2,2
0x40b394,99.9963%,2,53332,53334,47406,2,0,5926
0x40acb8,99.9996%,2,479032,479034,425807,1,1,53225
0x414d9b,98.4375%,2,126,128,62,2,0,64
0x401a84,99.9614%,2,5182,5184,1216,0,2,3966
0x409938,99.9886%,2,17602,17604,11735,1,1,5867
0x407641,99.78%,2,907,909,0,0,2,907
0x40e92a,99.9614%,2,5182,5184,4606,2,0,576
0x401ad6,99.9614%,2,5182,5184,4607,1,1,575
0x406f72,33.3333%,2,1,3,0,2,0,1
0x413ff5,99.6528%,2,574,576,510,2,0,64
0x41b22e,99.8%,2,998,1000,998,2,0,0
0x40dcbd,77.7778%,2,7,9,7,1,1,0
0x40eb6a,99.6528%,2,574,576,510,2,0,64
0x406b8b,99.9962%,2,52810,52812,46943,1,1,5867
0x4070c7,33.3333%,2,1,3,1,1,1,0
0x4173e2,0%,2,0,2,0,1,1,0
0x409960,99.9962%,2,52810,52812,46944,0,2,5866
0x41a5b1,98.4375%,2,126,128,0,0,2,126
0x401394,99.0991%,2,220,222,0,0,2,220
0x401f1b,99.9247%,2,2653,2655,0,0,2,2653
0x406fee,33.3333%,2,1,3,1,1,1,0
0x41059e,99.9469%,2,3766,3768,2511,1,1,1255
0x407147,33.3333%,2,1,3,1,1,1,0
0x40dd4e,77.7778%,2,7,9,7,1,1,0
0x40717c,77.7778%,2,7,9,7,1,1,0
0x410b02,99.9843%,2,12702,12704,0,0,2,12702
0x46fec2,99.8519%,2,1348,1350,1078,2,0,270
0x41137f,99.9914%,2,23232,23234,0,0,2,23232
0x405672,95.6522%,1,22,23,22,1,0,0
0x405d67,75%,1,3,4,1,1,0,2
0x416240,98.4375%,1,63,64,1,1,0,62
0x411eba,99.9951%,1,20465,20466,0,0,1,20465
0x4157b6,99.9978%,1,46394,46395,30929,1,0,15465
0x40da78,98.5294%,1,67,68,67,0,1,0
0x40883c,99.9776%,1,4473,4474,0,0,1,4473
0x40b986,99.8999%,1,998,999,666,0,1,332
0x40eb12,99.9807%,1,5183,5184,4607,1,0,576
0x40eb5e,99.9807%,1,5183,5184,4608,0,1,575
0x40eb20,98.4375%,1,63,64,0,0,1,63
0x405d78,50%,1,1,2,1,1,0,0
0x45c9ca,99.9988%,1,80396,80397,0,0,1,80396
0x40474c,50%,1,1,2,1,1,0,0
0x414270,99.8264%,1,575,576,511,1,0,64
0x414055,99.8264%,1,575,576,511,1,0,64
0x40af3a,99.9981%,1,53225,53226,47312,0,1,5913
0x40aa69,99.9831%,1,5916,5917,0,0,1,5916
0x40e79e,99.8952%,1,953,954,848,0,1,105
0x406575,92.8571%,1,13,14,13,1,0,0
0x40c8fb,99.9992%,1,129068,129069,114727,1,0,14341
0x414025,99.8264%,1,575,576,511,1,0,64
0x416255,50%,1,1,2,1,1,0,0
0x403b0a,75%,1,3,4,3,1,0,0
0x4045fd,80%,1,4,5,4,1,0,0
0x40dd1f,88.8889%,1,8,9,8,0,1,0
0x413770,99.1935%,1,123,124,0,0,1,123
0x402900,96.2963%,1,26,27,23,1,0,3
0x40b15b,99.7076%,1,341,342,227,1,0,114
0x40f3f5,93.3333%,1,14,15,0,0,1,14
0x40da9d,0%,1,0,1,0,1,0,0
0x405513,98.1481%,1,53,54,53,1,0,0
0x40e9f4,99.9995%,1,215054,215055,191160,0,1,23894
0x412a20,100%,0,10803,10803,0,0,0,10803
0x40ce88,100%,0,4680,4680,0,0,0,4680
0x401b2c,100%,0,576,576,512,0,0,64
0x40a8f6,100%,0,125,125,0,0,0,125
0x412f4d,100%,0,60348,60348,30174,0,0,30174
0x412ca6,100%,0,14019,14019,0,0,0,14019
0x40e74b,100%,0,106,106,0,0,0,106
0x412c51,100%,0,14019,14019,14019,0,0,0
0x40ce17,100%,0,520,520,0,0,0,520
0x412a4e,100%,0,21606,21606,10803,0,0,10803
0x41ac79,100%,0,198048,198048,198048,0,0,0
0x40d546,100%,0,515,515,0,0,0,515
0x412903,100%,0,8229,8229,0,0,0,8229
0x40563c,100%,0,31,31,0,0,0,31
0x41069d,100%,0,9449,9449,0,0,0,9449
0x410f62,100%,0,13716,13716,0,0,0,13716
0x411fdd,100%,0,23611,23611,0,0,0,23611
0x412b7d,100%,0,13253,13253,0,0,0,13253
0x413b86,100%,0,372,372,0,0,0,372
0x40a94c,100%,0,1125,1125,0,0,0,1125
0x45c3ac,100%,0,80397,80397,80397,0,0,0
0x40da5c,100%,0,68,68,0,0,0,68
0x417806,100%,0,241,241,0,0,0,241
0x40d566,100%,0,515,515,0,0,0,515
0x40d336,100%,0,67,67,67,0,0,0
0x46fdac,100%,0,4742,4742,4742,0,0,0
0x410cca,100%,0,14088,14088,0,0,0,14088
0x40d761,100%,0,272,272,0,0,0,272
0x40d2da,100%,0,70,70,0,0,0,70
0x406ef8,100%,0,1,1,0,0,0,1
0x46fe98,100%,0,1350,1350,0,0,0,1350
0x413511,100%,0,3210,3210,3210,0,0,0
0x46fe67,100%,0,270,270,0,0,0,270
0x412712,100%,0,80,80,0,0,0,80
0x46fdbc,100%,0,4742,4742,4742,0,0,0
0x412e1d,100%,0,39816,39816,19908,0,0,19908
0x46fde4,100%,0,4742,4742,206,0,0,4536
0x413418,100%,0,5229,5229,0,0,0,5229
0x4133c1,100%,0,5229,5229,5229,0,0,0
0x4132fd,100%,0,29352,29352,14676,0,0,14676
0x40d127,100%,0,1366,1366,0,0,0,1366
0x40f3a9,100%,0,60,60,60,0,0,0
0x4132d8,100%,0,14676,14676,0,0,0,14676
0x4131cd,100%,0,41172,41172,20586,0,0,20586
0x410e3d,100%,0,30468,30468,15234,0,0,15234
0x4131ac,100%,0,20586,20586,0,0,0,20586
0x413151,100%,0,20586,20586,20586,0,0,0
0x41306c,100%,0,30924,30924,0,0,0,30924
0x40401c,100%,0,1125,1125,0,0,0,1125
0x414a06,100%,0,128,128,0,0,0,128
0x408a96,100%,0,681,681,0,0,0,681
0x40219c,100%,0,6541,6541,0,0,0,6541
0x40496a,100%,0,1125,1125,0,0,0,1125
0x41afa6,100%,0,1000,1000,0,0,0,1000
0x41308d,100%,0,61848,61848,30924,0,0,30924
0x4040ae,100%,0,8992,8992,0,0,0,8992
0x40404a,100%,0,1125,1125,0,0,0,1125
0x415dd8,100%,0,174,174,0,0,0,174
0x409ba4,100%,0,10990,10990,0,0,0,10990
0x411bef,100%,0,25894,25894,0,0,0,25894
0x4129d1,100%,0,10803,10803,10803,0,0,0
0x4140b8,100%,0,192,192,128,0,0,64
0x417424,100%,0,29,29,0,0,0,29
0x406abd,100%,0,5868,5868,0,0,0,5868
0x4157d5,100%,0,5155,5155,0,0,0,5155
0x41482e,100%,0,384,384,256,0,0,128
0x4098af,100%,0,5868,5868,0,0,0,5868
0x40bf2a,100%,0,13895,13895,0,0,0,13895
0x409845,100%,0,5868,5868,0,0,0,5868
0x41b124,100%,0,1000,1000,1000,0,0,0
0x4097f3,100%,0,5868,5868,0,0,0,5868
0x4155bf,100%,0,15465,15465,0,0,0,15465
0x403423,100%,0,125,125,0,0,0,125
0x40f446,100%,0,234,234,0,0,0,234
0x4033d1,100%,0,10125,10125,0,0,0,10125
0x40534a,100%,0,500,500,0,0,0,500
0x405879,100%,0,1125,1125,0,0,0,1125
0x4117ab,100%,0,606,606,0,0,0,606
0x41136b,100%,0,532,532,0,0,0,532
0x4117bf,100%,0,26772,26772,0,0,0,26772
0x407922,100%,0,3589,3589,0,0,0,3589
0x4125dd,100%,0,22722,22722,11361,0,0,11361
0x412561,100%,0,11361,11361,11361,0,0,0
0x41a522,100%,0,128,128,0,0,0,128
0x41b015,100%,0,1000,1000,0,0,0,1000
0x40eb72,100%,0,64,64,64,0,0,0
0x4109dd,100%,0,11574,11574,5787,0,0,5787
0x406fcd,100%,0,3,3,0,0,0,3
0x412f2c,100%,0,30174,30174,0,0,0,30174
0x409ced,100%,0,7526,7526,0,0,0,7526
0x412ed1,100%,0,30174,30174,30174,0,0,0
0x41b46f,100%,0,3000,3000,0,0,0,3000
0x40ece2,100%,0,411,411,0,0,0,411
0x46fdd3,100%,0,4742,4742,0,0,0,4742
0x45c3c7,100%,0,80397,80397,0,0,0,80397
0x41b250,100%,0,2000,2000,0,0,0,2000
0x41b1d8,100%,0,1000,1000,0,0,0,1000
0x40b896,100%,0,432,432,0,0,0,432
0x413566,100%,0,3210,3210,0,0,0,3210
0x41b178,100%,0,1000,1000,0,0,0,1000
0x41b16f,100%,0,1000,1000,0,0,0,1000
0x40afde,100%,0,348,348,0,0,0,348
0x409dab,100%,0,208,208,0,0,0,208
0x40e752,100%,0,106,106,0,0,0,106
0x4173bc,100%,0,131,131,0,0,0,131
0x40e25c,100%,0,87,87,87,0,0,0
0x411fc9,100%,0,474,474,0,0,0,474
0x4128ef,100%,0,567,567,0,0,0,567
0x4112a5,100%,0,27147,27147,27147,0,0,0
0x40e5ba,100%,0,136,136,0,0,0,136
0x41126d,100%,0,42288,42288,21144,0,0,21144
0x40e59e,100%,0,54,54,0,0,0,54
0x40e91b,100%,0,576,576,0,0,0,576
0x411680,100%,0,31482,31482,0,0,0,31482
0x40e8a8,100%,0,46656,46656,41472,0,0,5184
0x40e88d,100%,0,576,576,0,0,0,576
0x40e81e,100%,0,64,64,0,0,0,64
0x40e783,100%,0,954,954,0,0,0,954
0x41ab0a,100%,0,80145,80145,0,0,0,80145
0x411966,100%,0,489,489,0,0,0,489
0x4172fb,100%,0,2,2,0,0,0,2
0x407253,100%,0,3,3,0,0,0,3
0x40eb54,100%,0,576,576,0,0,0,576
0x410dc1,100%,0,15234,15234,15234,0,0,0
0x401456,100%,0,222,222,0,0,0,222
0x413629,100%,0,62,62,0,0,0,62
0x4013dd,100%,0,222,222,0,0,0,222
0x410a16,100%,0,14577,14577,14577,0,0,0
0x401325,100%,0,222,222,0,0,0,222
0x40e0f5,100%,0,677,677,677,0,0,0
0x4046b5,100%,0,3,3,0,0,0,3
0x41124a,100%,0,21144,21144,0,0,0,21144
0x40311e,100%,0,30,30,0,0,0,30
0x412466,100%,0,753,753,0,0,0,753
0x40297e,100%,0,3,3,0,0,0,3
0x4028b4,100%,0,3,3,0,0,0,3
0x41235d,100%,0,29154,29154,14577,0,0,14577
0x412330,100%,0,14577,14577,0,0,0,14577
0x407189,100%,0,1,1,0,0,0,1
0x401cbf,100%,0,1216,1216,0,0,0,1216
0x40709e,100%,0,3,3,0,0,0,3
0x4122e1,100%,0,14577,14577,14577,0,0,0
0x41218a,100%,0,13625,13625,0,0,0,13625
0x412176,100%,0,815,815,0,0,0,815
0x403266,100%,0,90,90,0,0,0,90
0x4031b9,100%,0,90,90,0,0,0,90
0x41b596,100%,0,1000,1000,0,0,0,1000
0x411edd,100%,0,40932,40932,20466,0,0,20466
0x402f6e,100%,0,30,30,0,0,0,30
0x411d6a,100%,0,23983,23983,0,0,0,23983
0x406507,100%,0,12,12,0,0,0,12
0x415db0,100%,0,58,58,58,0,0,0
0x411d56,100%,0,660,660,0,0,0,660
0x415c10,100%,0,58,58,0,0,0,58
0x40cb72,100%,0,125,125,0,0,0,125
0x408b4b,100%,0,3709,3709,0,0,0,3709
0x415b4a,100%,0,58,58,58,0,0,0
0x411ac0,100%,0,30732,30732,0,0,0,30732
0x41197a,100%,0,26266,26266,0,0,0,26266
0x411f12,100%,0,26032,26032,26032,0,0,0
0x413640,100%,0,124,124,0,0,0,124
0x41470a,100%,0,384,384,0,0,0,384
0x414135,100%,0,192,192,128,0,0,64
0x41795b,100%,0,72,72,0,0,0,72
0x417872,100%,0,580,580,0,0,0,580
0x41774a,100%,0,244,244,244,0,0,0
0x41552b,100%,0,15465,15465,0,0,0,15465
0x4154b6,100%,0,5155,5155,0,0,0,5155
0x417a22,100%,0,64,64,0,0,0,64
0x413f9b,100%,0,62,62,62,0,0,0
0x413cc5,100%,0,62,62,0,0,0,62
0x415016,100%,0,64,64,64,0,0,0
0x413c8f,100%,0,372,372,248,0,0,124
0x413a10,100%,0,124,124,0,0,0,124
0x413795,100%,0,124,124,0,0,0,124
0x415d63,100%,0,174,174,0,0,0,174
0x4125b0,100%,0,11361,11361,0,0,0,11361
0x401d08,100%,0,1216,1216,0,0,0,1216
0x4111e1,100%,0,21144,21144,21144,0,0,0
0x405caf,100%,0,6,6,0,0,0,6
0x417adb,100%,0,2,2,0,0,0,2
0x40ecae,100%,0,139,139,0,0,0,139
0x4159e0,100%,0,58,58,0,0,0,58
0x40f583,100%,0,160,160,160,0,0,0
0x410e10,100%,0,15234,15234,0,0,0,15234
0x40eb0d,100%,0,576,576,0,0,0,576
0x40eab8,100%,0,64,64,0,0,0,64
0x409912,100%,0,17604,17604,0,0,0,17604
0x41a558,100%,0,128,128,0,0,0,128
0x410689,100%,0,173,173,0,0,0,173
0x4109b0,100%,0,5787,5787,0,0,0,5787
0x401dbd,100%,0,3648,3648,0,0,0,3648
0x41086a,100%,0,13076,13076,0,0,0,13076
0x410856,100%,0,441,441,0,0,0,441
0x401b23,100%,0,5184,5184,4608,0,0,576
0x401b08,100%,0,64,64,0,0,0,64
0x401aef,100%,0,576,576,512,0,0,64
0x4019ad,100%,0,46656,46656,41472,0,0,5184
0x41058d,100%,0,7536,7536,3768,0,0,3768
0x40193f,100%,0,64,64,0,0,0,64
0x41056d,100%,0,3768,3768,0,0,0,3768
0x410504,100%,0,3768,3768,3768,0,0,0
0x458d97,100%,0,80397,80397,0,0,0,80397
0x403af3,100%,0,4,4,0,0,0,4
0x414c85,100%,0,128,128,0,0,0,128
0x4148bc,100%,0,128,128,0,0,0,128
0x414726,100%,0,384,384,0,0,0,384
0x41041a,100%,0,9821,9821,0,0,0,9821
0x40b849,100%,0,5923,5923,0,0,0,5923
0x41a615,100%,0,1152,1152,0,0,0,1152
0x41a53e,100%,0,128,128,0,0,0,128
0x41a512,100%,0,128,128,0,0,0,128
0x41a4bb,100%,0,128,128,0,0,0,128
0x415813,100%,0,1818,1818,0,0,0,1818
0x4141ca,100%,0,64,64,64,0,0,0
0x4141b4,100%,0,192,192,128,0,0,64
0x41578e,100%,0,15465,15465,0,0,0,15465
0x458e39,100%,0,80397,80397,0,0,0,80397
0x41a638,100%,0,10368,10368,9216,0,0,1152
0x40dfee,100%,0,23503,23503,0,0,0,23503
0x40b045,100%,0,323,323,0,0,0,323
0x40b0fc,100%,0,114,114,0,0,0,114
0x411a71,100%,0,30732,30732,30732,0,0,0
0x41adab,100%,0,641168,641168,641168,0,0,0
0x40ca20,100%,0,5539,5539,0,0,0,5539
0x40c889,100%,0,14341,14341,0,0,0,14341
0x4035c3,100%,0,9000,9000,0,0,0,9000
0x45c37b,100%,0,80397,80397,80397,0,0,0
0x41a475,100%,0,128,128,0,0,0,128
0x41a594,100%,0,128,128,0,0,0,128
0x45c9e3,100%,0,80397,80397,0,0,0,80397
0x41b506,100%,0,1000,1000,1000,0,0,0
0x405823,100%,0,125,125,0,0,0,125
0x407aed,100%,0,61,61,0,0,0,61
0x41a5a2,100%,0,128,128,128,0,0,0
0x412df6,100%,0,19908,19908,0,0,0,19908
0x41b181,100%,0,1000,1000,1000,0,0,0
0x412821,100%,0,80,80,13,0,0,67
0x41b2b6,100%,0,1000,1000,1000,0,0,0
0x41aaec,100%,0,80145,80145,0,0,0,80145
0x4086b8,100%,0,909,909,0,0,0,909
0x458d85,100%,0,80397,80397,0,0,0,80397
0x402754,100%,0,6445,6445,0,0,0,6445
0x40df02,100%,0,17486,17486,17486,0,0,0
0x45c3d5,100%,0,80397,80397,0,0,0,80397
0x415707,100%,0,15465,15465,0,0,0,15465
0x410cb6,100%,0,441,441,0,0,0,441
0x40c22e,100%,0,13894,13894,0,0,0,13894
0x410aeb,100%,0,255,255,0,0,0,255
0x41afe7,100%,0,1000,1000,1000,0,0,0
0x417a0c,100%,0,64,64,0,0,0,64
0x402da1,100%,0,86,86,0,0,0,86
0x4116e9,100%,0,30992,30992,30992,0,0,0
0x403376,100%,0,125,125,0,0,0,125
0x40c57a,100%,0,14341,14341,0,0,0,14341
0x45c3d0,100%,0,80397,80397,0,0,0,80397
0x40d001,100%,0,336,336,0,0,0,336
0x413281,100%,0,14676,14676,14676,0,0,0
0x40e6b0,100%,0,295,295,295,0,0,0
0x405b1e,100%,0,4566,4566,0,0,0,4566
0x41abd9,100%,0,80146,80146,0,0,0,80146
0x40af66,100%,0,5915,5915,0,0,0,5915
0x405a46,100%,0,909,909,0,0,0,909
0x45a275,100%,0,80397,80397,0,0,0,80397
0x41ac10,100%,0,160292,160292,80146,0,0,80146
0x458d6d,100%,0,80397,80397,0,0,0,80397
0x45c38c,100%,0,80397,80397,0,0,0,80397
0x4116ad,100%,0,62964,62964,31482,0,0,31482
0x40199e,100%,0,5184,5184,0,0,0,5184
0x458d75,100%,0,80397,80397,0,0,0,80397
0x40ea92,100%,0,462,462,231,0,0,231
0x41ac15,100%,0,80146,80146,0,0,0,80146
0x40b0d9,100%,0,969,969,646,0,0,323
0x41739b,100%,0,131,131,0,0,0,131
0x40c35d,100%,0,17652,17652,0,0,0,17652
0x45a86d,100%,0,80397,80397,80397,0,0,0
0x458e3e,100%,0,80397,80397,80397,0,0,0
0x411aed,100%,0,61464,61464,30732,0,0,30732
0x40c9a6,100%,0,345,345,0,0,0,345
0x458de7,100%,0,80397,80397,0,0,0,80397
0x40bc57,100%,0,8207,8207,0,0,0,8207
0x411631,100%,0,31482,31482,31482,0,0,0
0x401d72,100%,0,1216,1216,0,0,0,1216
0x401eb4,100%,0,295,295,0,0,0,295
0x413fa9,100%,0,64,64,0,0,0,64
0x45c9ec,100%,0,80397,80397,80397,0,0,0
0x40b7f2,100%,0,53307,53307,47384,0,0,5923
0x41b116,100%,0,1000,1000,1000,0,0,0
0x40b5a7,100%,0,5923,5923,0,0,0,5923
0x405a0a,100%,0,909,909,0,0,0,909
0x4014d7,100%,0,666,666,0,0,0,666
0x40b95b,100%,0,999,999,666,0,0,333
0x41ab24,100%,0,80145,80145,80145,0,0,0
0x40b175,100%,0,342,342,342,0,0,0
0x41a667,100%,0,128,128,128,0,0,0
0x40c927,100%,0,14341,14341,0,0,0,14341
0x41b26f,100%,0,1000,1000,1000,0,0,0
0x41b0d7,100%,0,1000,1000,0,0,0,1000
0x40ea8d,100%,0,231,231,0,0,0,231
0x40baa5,100%,0,810,810,810,0,0,0
0x410406,100%,0,359,359,0,0,0,359
0x407a7e,100%,0,996,996,0,0,0,996
0x41110a,100%,0,23606,23606,0,0,0,23606
0x411bdb,100%,0,303,303,0,0,0,303
0x40198b,100%,0,576,576,0,0,0,576
0x40ff91,100%,0,6023,6023,0,0,0,6023
0x40acef,100%,0,5914,5914,0,0,0,5914
0x40e9e3,100%,0,23895,23895,0,0,0,23895
0x40af91,100%,0,5915,5915,0,0,0,5915
0x41153a,100%,0,27144,27144,0,0,0,27144
0x40f5a8,100%,0,84,84,0,0,0,84
0x41ab81,100%,0,80146,80146,0,0,0,80146
0x41b348,100%,0,1000,1000,0,0,0,1000
0x45a255,100%,0,80397,80397,0,0,0,80397
0x45a235,100%,0,80397,80397,0,0,0,80397
0x40d31a,100%,0,67,67,0,0,0,67
0x407606,100%,0,909,909,0,0,0,909
0x40b8fd,100%,0,333,333,0,0,0,333
0x40d5df,100%,0,4634,4634,0,0,0,4634
0x40b73d,100%,0,5923,5923,0,0,0,5923
0x458dba,100%,0,80397,80397,0,0,0,80397
0x407056,100%,0,1,1,0,0,0,1
0x40eacf,100%,0,5184,5184,0,0,0,5184
0x45a20a,100%,0,80397,80397,0,0,0,80397
0x40f3bd,100%,0,58,58,0,0,0,58
0x40b324,100%,0,5926,5926,0,0,0,5926
0x415670,100%,0,5155,5155,0,0,0,5155
0x415548,100%,0,15465,15465,0,0,0,15465
0x40994d,100%,0,5868,5868,0,0,0,5868
0x458e2f,100%,0,80397,80397,80397,0,0,0
0x41b3d7,100%,0,1000,1000,1000,0,0,0
0x41a4c0,100%,0,128,128,128,0,0,0
0x41afda,100%,0,1000,1000,1000,0,0,0
0x414e6e,100%,0,576,576,512,0,0,64
0x4020bb,100%,0,1125,1125,0,0,0,1125
0x458da8,100%,0,80397,80397,0,0,0,80397
0x40e705,100%,0,2655,2655,0,0,0,2655
0x41b281,100%,0,1000,1000,1000,0,0,0
0x40e460,100%,0,23748,23748,0,0,0,23748
0x402d0d,100%,0,86,86,0,0,0,86
0x41a530,100%,0,128,128,0,0,0,128
0x408452,100%,0,4566,4566,4566,0,0,0
0x413011,100%,0,30924,30924,30924,0,0,0
0x458dc9,100%,0,80397,80397,80397,0,0,0
0x40354a,100%,0,1125,1125,0,0,0,1125
0x46fdfa,100%,0,4742,4742,4742,0,0,0
0x40eb00,100%,0,64,64,0,0,0,64
0x40e44b,100%,0,23748,23748,0,0,0,23748
0x41b2ab,100%,0,1000,1000,0,0,0,1000
0x4079c7,100%,0,344,344,0,0,0,344
0x415cdf,100%,0,174,174,0,0,0,174
0x40742e,100%,0,10125,10125,0,0,0,10125
0x458e0f,100%,0,80397,80397,80397,0,0,0
0x40e8d2,100%,0,64,64,0,0,0,64
0x40e17e,100%,0,23840,23840,0,0,0,23840
0x4073bd,100%,0,125,125,0,0,0,125
0x40ba41,100%,0,270,270,0,0,0,270
0x40da23,100%,0,71,71,0,0,0,71
0x40c2cf,100%,0,13893,13893,0,0,0,13893
0x40bfcb,100%,0,13895,13895,0,0,0,13895
0x401f30,100%,0,23895,23895,0,0,0,23895
0x402c5c,100%,0,7303,7303,0,0,0,7303
0x4173a4,100%,0,131,131,0,0,0,131
0x4026aa,100%,0,1125,1125,0,0,0,1125
0x408b38,100%,0,1528,1528,0,0,0,1528
0x40588e,100%,0,10125,10125,0,0,0,10125
0x415cbb,100%,0,174,174,0,0,0,174
0x458d63,100%,0,80397,80397,0,0,0,80397
0x408a04,100%,0,2574,2574,2574,0,0,0
0x404aa0,100%,0,1125,1125,0,0,0,1125
0x40d866,100%,0,1078,1078,0,0,0,1078
0x407413,100%,0,1125,1125,0,0,0,1125
0x40b522,100%,0,5923,5923,0,0,0,5923
0x4156eb,100%,0,15465,15465,0,0,0,15465
0x40b9a6,100%,0,261,261,0,0,0,261
0x4087f8,100%,0,4474,4474,0,0,0,4474
0x40bd0d,100%,0,17655,17655,0,0,0,17655
0x41b15e,100%,0,1000,1000,0,0,0,1000
0x412ac8,100%,0,14984,14984,0,0,0,14984
0x40eaa1,100%,0,231,231,231,0,0,0
0x4146ca,100%,0,1152,1152,768,0,0,384
0x40cbc8,100%,0,1125,1125,0,0,0,1125
0x407125,100%,0,3,3,0,0,0,3
0x4105c3,100%,0,10826,10826,10826,0,0,0
0x41b4e4,100%,0,8000,8000,8000,0,0,0
0x40c33a,100%,0,5884,5884,0,0,0,5884
0x40e9d8,100%,0,2655,2655,0,0,0,2655
0x40e984,100%,0,295,295,0,0,0,295
0x45c9d3,100%,0,80397,80397,0,0,0,80397
0x402688,100%,0,1125,1125,0,0,0,1125
0x4071d4,100%,0,3,3,0,0,0,3
0x410f4b,100%,0,255,255,0,0,0,255
0x4149e1,100%,0,128,128,0,0,0,128
0x40eac7,100%,0,576,576,0,0,0,576
0x40ac6a,100%,0,5914,5914,0,0,0,5914
0x40ea44,100%,0,231,231,0,0,0,231
0x411e51,100%,0,20466,20466,20466,0,0,0
0x41b01e,100%,0,1000,1000,1000,0,0,0
0x45c3a3,100%,0,80397,80397,0,0,0,80397
0x45a267,100%,0,80397,80397,80397,0,0,0
0x41768b,100%,0,244,244,244,0,0,0
0x45c353,100%,0,80397,80397,0,0,0,80397
0x45a30d,100%,0,80397,80397,0,0,0,80397
0x41b00c,100%,0,1000,1000,0,0,0,1000
0x40a95c,100%,0,10125,10125,0,0,0,10125
0x41b0e0,100%,0,1000,1000,0,0,0,1000
0x40497f,100%,0,1125,1125,0,0,0,1125
0x40b2cf,100%,0,8262,8262,0,0,0,8262
0x40c623,100%,0,14341,14341,0,0,0,14341
0x45c367,100%,0,80397,80397,0,0,0,80397
0x4086f3,100%,0,909,909,0,0,0,909
0x40633a,100%,0,909,909,0,0,0,909
0x410961,100%,0,5787,5787,5787,0,0,0
0x414202,100%,0,128,128,64,0,0,64
0x41aafc,100%,0,80145,80145,0,0,0,80145
0x411b29,100%,0,30336,30336,30336,0,0,0
0x412da1,100%,0,19908,19908,19908,0,0,0
0x40dde9,100%,0,2655,2655,0,0,0,2655
0x40de9b,100%,0,17486,17486,0,0,0,17486
0x40351d,100%,0,1125,1125,0,0,0,1125
0x46fe6e,100%,0,270,270,0,0,0,270
0x40dd9d,100%,0,295,295,0,0,0,295
0x40e898,100%,0,5184,5184,0,0,0,5184
0x41b5a8,100%,0,1000,1000,0,0,0,1000
0x41b4b7,100%,0,1000,1000,1000,0,0,0
0x4179c4,100%,0,208,208,0,0,0,208
0x404f46,100%,0,500,500,0,0,0,500
0x41af9a,100%,0,1000,1000,0,0,0,1000
0x411526,100%,0,792,792,0,0,0,792
0x40b81e,100%,0,5923,5923,0,0,0,5923
0x40f258,100%,0,1590,1590,0,0,0,1590
0x4033bb,100%,0,1125,1125,0,0,0,1125
0x40ae85,100%,0,5914,5914,0,0,0,5914
0x406b57,100%,0,5868,5868,0,0,0,5868
0x406b4e,100%,0,5868,5868,0,0,0,5868
0x41b59e,100%,0,1000,1000,0,0,0,1000
0x41ae54,100%,0,160292,160292,80146,0,0,80146
0x412ccd,100%,0,28038,28038,14019,0,0,14019
0x408410,100%,0,4566,4566,0,0,0,4566
0x401b16,100%,0,576,576,0,0,0,576
0x406b23,100%,0,17604,17604,0,0,0,17604
0x40bcc9,100%,0,22362,22362,0,0,0,22362
0x40cdff,100%,0,520,520,0,0,0,520
0x458d59,100%,0,80397,80397,0,0,0,80397
0x406f49,100%,0,3,3,0,0,0,3
