Branch PC,Accuracy,Mispredictions,Correct Predictions,Total,dir_t_pred_t,dir_t_pred_nt,dir_nt_pred_t,dir_nt_pred_nt
aggregate,99.3704%,159310,25145318,25304628,14813106,72409,86901,10332212
0x412633,96.9524%,27942,888907,916849,127268,16065,11877,761639
0x4120ef,97.8572%,19956,911335,931291,827852,8135,11821,83483
0x411cdb,97.9729%,18014,870641,888655,773871,7427,10587,96770
0x411480,97.3223%,14182,515446,529628,416167,5834,8348,99279
0x41104e,97.6798%,11778,495844,507622,433133,4734,7044,62711
0x412d38,98.9729%,9565,921704,931269,820147,3787,5778,101557
0x4123df,92.1934%,7440,87864,95304,49483,4017,3423,38381
0x412e6e,99.3867%,5450,883184,888634,780423,2340,3110,102761
0x41321e,99.161%,4259,503342,507601,449458,1749,2510,53884
0x4118ce,98.6324%,4080,294251,298331,190757,1682,2398,103494
0x410341,98.6121%,3917,278309,282226,47538,2391,1526,230771
0x410794,99.1561%,3671,431328,434999,383917,1446,2225,47411
0x4130f0,99.3138%,3634,525973,529607,458205,1668,1966,67768
0x412fb0,99.0624%,2797,295513,298310,189452,1252,1545,106061
0x41ac73,95.2604%,2700,54267,56967,49148,1315,1385,5119
0x410c08,98.6785%,2567,191681,194248,136615,1218,1349,55066
0x41ae23,95.7697%,2280,51617,53897,50832,525,1755,785
0x4134a1,99.6239%,1636,433341,434977,384365,705,931,48976
0x413360,99.2452%,1466,192761,194227,144024,588,878,48737
0x4135e8,99.6499%,988,281216,282204,250009,435,553,31207
0x41acba,99.4927%,289,56678,56967,44529,108,181,12149
0x40f66f,81.5483%,174,769,943,742,46,128,27
0x401ce3,68.2261%,163,350,513,81,92,71,269
0x412629,99.9249%,149,198288,198437,33304,82,67,164984
0x401d33,73.0994%,138,375,513,89,84,54,286
0x40f2d5,78.4375%,138,502,640,497,35,103,5
0x409d27,76.0994%,125,398,523,75,84,41,323
0x409d02,67.0213%,124,252,376,93,75,49,159
0x401dc4,76.4133%,121,392,513,323,47,74,69
0x40c0b8,78.8043%,117,435,552,421,34,83,14
0x40c3fc,78.8043%,117,435,552,25,80,37,410
0x40c713,78.8043%,117,435,552,421,26,91,14
0x415803,65.3374%,113,213,326,135,49,64,78
0x412660,99.9372%,111,176608,176719,164163,44,67,12445
0x40bdac,81.1594%,104,448,552,12,85,19,436
0x402c4d,79.6296%,99,387,486,59,59,40,328
0x409b7f,77.1429%,96,324,420,34,60,36,290
0x402745,80.5556%,84,348,432,50,56,28,298
0x4157fb,69.1358%,75,168,243,9,50,25,159
0x406a70,69.9588%,73,170,243,18,41,32,152
0x40218b,84.2593%,68,364,432,64,42,26,300
0x4097ea,72.0165%,68,175,243,14,45,23,161
0x40b308,96.5375%,67,1868,1935,0,59,8,1868
0x40aa4d,96.5553%,67,1878,1945,0,59,8,1878
0x40de8a,93.3128%,65,907,972,192,42,23,715
0x41ad1f,99.7288%,62,22798,22860,20288,32,30,2510
0x40bcce,96.8573%,61,1880,1941,2,57,4,1878
0x402a91,85.8796%,61,371,432,353,25,36,18
0x409b47,89.5944%,59,508,567,127,20,39,381
0x415138,76.1317%,58,185,243,163,21,37,22
0x40f567,88.7379%,58,457,515,457,15,43,0
0x40f685,63.871%,56,99,155,85,19,37,14
0x409cc8,75.2212%,56,170,226,19,31,25,151
0x4087ef,70.3704%,56,133,189,12,35,21,121
0x40f41e,74.1784%,55,158,213,153,13,42,5
0x40840b,70.8995%,55,134,189,9,36,19,125
0x4063e7,71.9577%,53,136,189,19,28,25,117
0x406cc6,79.6875%,52,204,256,25,33,19,179
0x405b15,72.4868%,52,137,189,13,32,20,124
0x40332e,89.5062%,51,435,486,415,17,34,20
0x41223d,99.9475%,50,95254,95304,21205,30,20,74049
0x401cae,79.8354%,49,194,243,172,14,35,22
0x404bfc,88.0196%,49,360,409,352,15,34,8
0x406209,74.0741%,49,140,189,139,23,26,1
0x41108f,99.9298%,49,69706,69755,8354,30,19,61352
0x407968,65.9722%,49,95,144,34,31,18,61
0x40a83e,91.358%,49,518,567,485,19,30,33
0x411b94,99.9513%,46,94465,94511,93531,18,28,934
0x403c89,89.3519%,46,386,432,363,15,31,23
0x411d18,99.9563%,45,103037,103082,102166,17,28,871
0x411cfc,99.9581%,45,107312,107357,4249,26,19,103063
0x40565c,89.1358%,44,361,405,17,33,11,344
0x409c9f,86.4198%,44,280,324,75,23,21,205
0x41212f,99.953%,43,91364,91407,90443,14,29,921
0x411dc7,99.9599%,43,107314,107357,25676,19,24,81638
0x41115f,99.9398%,42,69713,69755,24102,23,19,45611
0x412645,99.9947%,41,773475,773516,21691,27,14,751784
0x40f714,76.0234%,41,130,171,89,26,15,41
0x401a84,83.5391%,40,203,243,28,29,11,175
0x401cf1,92.2027%,40,473,513,444,12,28,29
0x41158a,99.9628%,40,107587,107627,34445,15,25,73142
0x4089f0,64.5455%,39,71,110,2,20,19,69
0x4113c4,99.9455%,38,69696,69734,24092,18,20,45604
0x403608,91.2037%,38,394,432,391,7,31,3
0x4068d3,79.8942%,38,151,189,148,14,24,3
0x412024,99.9655%,37,107299,107336,25660,20,17,81639
0x40a88e,85.1852%,36,207,243,207,9,27,0
0x41515a,85.1852%,36,207,243,201,15,21,6
0x4040f5,91.6667%,36,396,432,391,7,29,5
0x40f2a3,94.375%,36,604,640,409,18,18,195
0x402577,91.8981%,35,397,432,367,11,24,30
0x409574,81.4815%,35,154,189,145,17,18,9
0x40d3ca,83.7963%,35,181,216,178,14,21,3
0x40738b,85.5967%,35,208,243,207,9,26,1
0x406c9b,90.0285%,35,316,351,86,9,26,230
0x409bbc,89.5706%,34,292,326,286,8,26,6
0x40564b,82.4742%,34,160,194,140,16,18,20
0x401d41,93.5673%,33,480,513,445,11,22,35
0x40df85,96.7078%,32,940,972,855,9,23,85
0x4089ff,95.9596%,32,760,792,692,12,20,68
0x41ae1d,99.9377%,32,51325,51357,10512,18,14,40813
0x409dc4,90.1235%,32,292,324,277,11,21,15
0x407aa0,70.6422%,32,77,109,14,16,16,63
0x4114dd,99.9674%,31,95101,95132,94449,4,27,652
0x4114c1,99.9712%,31,107596,107627,12480,15,16,95116
0x40aa5c,98.4093%,30,1856,1886,1692,10,20,164
0x410fb4,99.9468%,30,56364,56394,22540,14,16,33824
0x40950d,72.7273%,30,80,110,76,13,17,4
0x416203,87.6543%,30,213,243,208,8,22,5
0x410edd,99.9468%,30,56364,56394,11030,19,11,45334
0x411923,99.9683%,30,94499,94529,93548,10,20,951
0x40f702,94.347%,29,484,513,330,12,17,154
0x401df5,88.0658%,29,214,243,207,9,20,7
0x411a06,99.9136%,29,33538,33567,7571,16,13,25967
0x4079ad,95.0427%,29,556,585,503,17,12,53
0x412113,99.9706%,28,95276,95304,3884,13,15,91392
0x40f39a,86.8545%,28,185,213,183,10,18,2
0x40db1a,87.037%,28,188,216,186,6,22,2
0x402e51,65.4321%,28,53,81,7,11,17,46
0x41175c,99.9706%,28,95086,95114,94435,9,19,651
0x406ced,86.3636%,27,171,198,144,10,17,27
0x411e06,99.8949%,27,25668,25695,7718,15,12,17950
0x4084d5,85.7143%,27,162,189,156,6,21,6
0x403c3c,86.0825%,27,167,194,147,13,14,20
0x407765,81.25%,27,117,144,3,18,9,114
0x411b78,99.9745%,27,105844,105871,11346,14,13,94498
0x4083d5,67.8571%,27,57,84,52,11,16,5
0x408b7c,84.2105%,27,144,171,142,10,17,2
0x408879,80.9859%,27,115,142,114,7,20,1
0x401ad6,89.3004%,26,217,243,211,5,21,6
0x411f7a,99.9748%,26,103037,103063,102170,3,23,867
0x410473,99.9479%,26,49903,49929,29617,16,10,20286
0x404d3c,86.8687%,26,172,198,169,8,18,3
0x410d1a,99.9539%,26,56389,56415,22556,13,13,33833
0x40d884,63.8889%,26,46,72,7,13,13,39
0x411740,99.9758%,26,107580,107606,12475,17,9,95105
0x404170,98.5066%,25,1649,1674,1478,10,15,171
0x41295a,99.9533%,25,53453,53478,19045,16,9,34408
0x410629,99.9499%,25,49882,49907,13128,15,10,36754
0x409c5b,76.8519%,25,83,108,58,14,11,25
0x411f5e,99.9767%,25,107310,107335,4254,18,7,103056
0x411907,99.9764%,25,105867,105892,11349,14,11,94518
0x406482,62.6866%,25,42,67,2,13,12,40
0x4106ec,99.9499%,25,49882,49907,29603,15,10,20279
0x4078de,70.2381%,25,59,84,5,14,11,54
0x412bae,99.9908%,25,273198,273223,181829,6,19,91369
0x409965,86.9565%,24,160,184,160,3,21,0
0x40d861,96.2963%,24,624,648,567,9,15,57
0x40d145,66.1972%,24,47,71,1,14,10,46
0x410809,99.947%,24,45278,45302,44862,4,20,416
0x40f325,96.2441%,24,615,639,414,12,12,201
0x41241f,99.9539%,24,52059,52083,51409,8,16,650
0x40473e,94.4444%,24,408,432,373,5,19,35
0x411814,99.9777%,24,107582,107606,34436,9,15,73146
0x402e2f,80.3279%,24,98,122,27,14,10,71
0x40279d,99.2161%,23,2911,2934,2596,12,11,315
0x4121ae,99.9916%,23,273248,273271,181860,4,19,91388
0x411309,99.9685%,22,69712,69734,8370,11,11,61342
0x40bfff,96.0145%,22,530,552,360,8,14,170
0x4119ca,99.9792%,22,105870,105892,33557,10,12,72313
0x40b22f,90.9465%,22,221,243,205,11,11,16
0x408b27,87.1345%,22,149,171,141,11,11,8
0x407353,93.7322%,22,329,351,304,8,14,25
0x40f72e,60.7143%,22,34,56,25,13,9,9
0x407ac2,91.8519%,22,248,270,233,7,15,15
0x40d37d,69.0141%,22,49,71,49,5,17,0
0x411196,99.913%,21,24104,24125,12251,12,9,11853
0x40f6f2,97.7707%,21,921,942,463,8,13,458
0x40645c,85.2113%,21,121,142,120,9,12,1
0x40d632,90.2778%,21,195,216,195,6,15,0
0x409acd,88.8889%,21,168,189,114,12,9,54
0x412bcc,99.978%,21,95261,95282,21208,11,10,74053
0x40ced6,90.2778%,21,195,216,192,7,14,3
0x4103c4,99.9429%,21,36762,36783,36375,3,18,387
0x40c2fb,96.1957%,21,531,552,363,5,16,168
0x403690,98.7973%,21,1725,1746,1544,8,13,181
0x405b65,85.4167%,21,123,144,122,9,12,1
0x409d70,85.1852%,20,115,135,108,12,8,7
0x412d46,99.9221%,20,25660,25680,7719,8,12,17941
0x40a977,95.8848%,20,466,486,422,10,10,44
0x407aff,55.5556%,20,25,45,24,8,12,1
0x40c657,96.3768%,20,532,552,358,10,10,174
0x40b317,98.9339%,20,1856,1876,1683,9,11,173
0x410aa1,99.958%,19,45265,45284,44851,6,13,414
0x40689c,71.6418%,19,48,67,45,9,10,3
0x410b54,99.9617%,19,49596,49615,16649,8,11,32947
0x4015c1,92.1811%,19,224,243,209,7,12,15
0x402c9d,99.4263%,19,3293,3312,2935,9,10,358
0x40736f,83.7607%,19,98,117,97,7,12,1
0x4103a8,99.9619%,19,49910,49929,13136,10,9,36774
0x40f593,48.6486%,19,18,37,16,11,8,2
0x409d5f,88.0503%,19,140,159,139,5,14,1
0x402e9d,84.9206%,19,107,126,105,7,12,2
0x411c44,99.9821%,19,105852,105871,33542,10,9,72310
0x412b1c,99.9792%,19,91369,91388,90442,5,14,927
0x40641f,98.5915%,18,1260,1278,1127,9,9,133
0x40285c,64.7059%,18,33,51,32,11,7,1
0x40e2ad,83.3333%,18,90,108,90,6,12,0
0x40f2eb,83.3333%,18,90,108,89,10,8,1
0x4079b2,72.3077%,18,47,65,6,7,11,41
0x4046f4,90.3226%,18,168,186,148,4,14,20
0x412fbe,99.9477%,18,34427,34445,12245,12,6,22182
0x40224b,56.0976%,18,23,41,2,9,9,21
0x406c35,84.6154%,18,99,117,72,6,12,27
0x40227d,93.3333%,18,252,270,232,8,10,20
0x407a6d,93.7037%,17,253,270,231,9,8,22
0x4110ab,99.9723%,17,61354,61371,60874,5,12,480
0x406b90,90.7609%,17,167,184,167,4,13,0
0x40d122,97.3396%,17,622,639,560,8,9,62
0x4021cd,99.4206%,17,2917,2934,2600,8,9,317
0x40d15f,69.6429%,17,39,56,1,11,6,38
0x411ffe,99.9945%,17,308284,308301,205229,8,9,103055
0x40ca76,62.2222%,17,28,45,10,7,10,18
0x412b00,99.9822%,17,95265,95282,3883,11,6,91382
0x40d1cf,76.3889%,17,55,72,51,13,4,4
0x40844d,98.6883%,17,1279,1296,1145,7,10,134
0x40ea11,85.1852%,16,92,108,92,4,12,0
0x40f432,65.9574%,16,31,47,31,9,7,0
0x40ca9e,93.4156%,16,227,243,211,5,11,16
0x40f692,68.6275%,16,35,51,32,5,11,3
0x40b570,99.8926%,16,14888,14904,13243,5,11,1645
0x41199e,99.9943%,16,282600,282616,188083,4,12,94517
0x40ca7a,42.8571%,16,12,28,5,8,8,7
0x412276,99.9247%,16,21219,21235,7812,10,6,13407
0x408b5a,70.9091%,16,39,55,14,5,11,25
0x410d56,99.9335%,15,22554,22569,10870,7,8,11684
0x4057b5,72.2222%,15,39,54,26,10,5,13
0x401b23,93.8272%,15,228,243,210,6,9,18
0x4108ba,99.9698%,15,49621,49636,16665,7,8,32956
0x402de7,69.3878%,15,34,49,23,10,5,11
0x409d32,95.8791%,15,349,364,0,9,6,349
0x40d89e,71.1538%,15,37,52,2,8,7,35
0x410c59,99.9734%,15,56400,56415,11043,9,6,45357
0x4027e0,70.5882%,15,36,51,1,10,5,35
0x407a87,63.4146%,15,26,41,21,9,6,5
0x40589d,99.6571%,15,4359,4374,3882,6,9,477
0x408b40,59.4595%,15,22,37,7,12,3,15
0x40654e,79.1667%,15,57,72,56,8,7,1
0x410c75,99.9669%,15,45348,45363,45014,4,11,334
0x410ef9,99.9691%,14,45331,45345,45005,4,10,326
0x40c9fb,80.5556%,14,58,72,18,7,7,40
0x4020fd,97.1193%,14,472,486,427,5,9,45
0x4107ed,99.9718%,14,49622,49636,4330,4,10,45292
0x402ef2,88.1356%,14,104,118,101,5,9,3
0x4124bf,99.9738%,14,53486,53500,19068,9,5,34418
0x406d21,96.4646%,14,382,396,345,7,7,37
0x4027b2,95.7055%,14,312,326,312,6,8,0
0x401dd6,97.271%,14,499,513,337,5,9,162
0x4033f9,97.1193%,14,472,486,427,5,9,45
0x40e146,87.037%,14,94,108,94,2,12,0
0x4061a4,72.549%,14,37,51,30,8,6,7
0x40c953,97.4638%,14,538,552,363,5,9,175
0x4128a0,99.9731%,14,52050,52064,51405,2,12,645
0x411d8e,99.9958%,13,308334,308347,205260,5,8,103074
0x4026a5,97.3251%,13,473,486,427,5,8,46
0x40c9ff,72.3404%,13,34,47,15,6,7,19
0x412c00,99.9387%,13,21206,21219,7811,5,8,13395
0x403545,97.3251%,13,473,486,425,7,6,48
0x405c4d,96.2963%,13,338,351,309,3,10,29
0x40daca,81.9444%,13,59,72,54,3,10,5
0x407a57,71.1111%,13,32,45,12,3,10,20
0x40cbf3,97.3251%,13,473,486,430,2,11,43
0x46fec2,78.3333%,13,47,60,40,8,5,7
0x4040f0,99.6656%,13,3875,3888,3450,6,7,425
0x408a52,98.3586%,13,779,792,695,9,4,84
0x40e8b4,94.6502%,13,230,243,210,6,7,20
0x408a57,85.2273%,13,75,88,75,5,8,0
0x40de09,87.963%,13,95,108,94,2,11,1
0x411325,99.9804%,12,61341,61353,60868,2,10,473
0x415107,55.5556%,12,15,27,14,10,2,1
0x403284,66.6667%,12,24,36,15,9,3,9
0x412e7c,99.9642%,12,33540,33552,7573,8,4,25967
0x40e266,98.7552%,12,952,964,856,2,10,96
0x402e78,80.9524%,12,51,63,45,4,8,6
0x41ad47,99.9528%,12,25388,25400,22855,5,7,2533
0x403e6c,77.7778%,12,42,54,42,6,6,0
0x405c10,76.4706%,12,39,51,10,2,10,29
0x40ddfd,98.7654%,12,960,972,859,5,7,101
0x40d8e0,71.4286%,12,30,42,26,7,5,4
0x40743d,99.7257%,12,4362,4374,3881,7,5,481
0x40f2b3,97.1897%,12,415,427,205,9,3,210
0x407449,97.5309%,12,474,486,429,3,9,45
0x405a3e,95.0617%,12,231,243,209,7,5,22
0x4030b3,66.6667%,12,24,36,16,8,4,8
0x40ca1a,83.3333%,12,60,72,60,4,8,0
0x40a862,93.6508%,12,177,189,166,2,10,11
0x4108f6,99.928%,12,16660,16672,12722,4,8,3938
0x41155e,99.9958%,12,284705,284717,189579,6,6,95126
0x406e7a,77.7778%,12,42,54,41,7,5,1
0x40bcdd,99.4155%,11,1871,1882,1269,5,6,602
0x40cada,59.2593%,11,16,27,16,2,9,0
0x40f578,74.4186%,11,32,43,29,2,9,3
0x41043e,99.99%,11,109933,109944,73155,6,5,36778
0x40ced1,99.4342%,11,1933,1944,1722,6,5,211
0x4146ca,79.6296%,11,43,54,31,5,6,12
0x406dfc,69.4444%,11,25,36,3,5,6,22
0x415d96,84.7222%,11,61,72,41,7,4,20
0x414270,59.2593%,11,16,27,16,8,3,0
0x405360,47.619%,11,10,21,9,4,7,1
0x4030a2,69.4444%,11,25,36,20,8,3,5
0x4058b5,79.6296%,11,43,54,43,5,6,0
0x409840,99.3357%,11,1645,1656,1468,4,7,177
0x401f62,98.8683%,11,961,972,863,1,10,98
0x40e67f,69.4444%,11,25,36,16,8,3,9
0x409cdb,99.3056%,11,1573,1584,1400,8,3,173
0x40e62a,98.8683%,11,961,972,858,6,5,103
0x402595,79.6296%,11,43,54,43,5,6,0
0x405b5d,99.1512%,11,1285,1296,1145,7,4,140
0x40763c,95.4733%,11,232,243,212,4,7,20
0x410cee,99.9919%,11,135733,135744,90378,3,8,45355
0x41249e,99.9936%,10,155573,155583,103500,0,10,52073
0x40d1a3,77.2727%,10,34,44,34,2,8,0
0x41621d,62.963%,10,17,27,14,10,0,3
0x41127e,99.9719%,10,35576,35586,23719,5,5,11857
0x40db5c,58.3333%,10,14,24,14,7,3,0
0x40ead4,99.5428%,10,2177,2187,1939,5,5,238
0x410a85,99.9798%,10,49605,49615,4327,4,6,45278
0x404045,97.9424%,10,476,486,427,5,5,49
0x4179e3,62.963%,10,17,27,14,4,6,3
0x411c1e,99.9965%,10,282561,282571,188057,3,7,94504
0x4104b6,99.9663%,10,29623,29633,17428,4,6,12195
0x40b986,33.3333%,10,5,15,5,5,5,0
0x406ddb,81.4815%,10,44,54,16,2,8,28
0x40acb8,99.9329%,10,14894,14904,13243,5,5,1651
0x40bcf4,98.3553%,10,598,608,422,2,8,176
0x40f745,44.4444%,10,8,18,8,5,5,0
0x401f73,90.7407%,10,98,108,92,4,6,6
0x40ea00,98.9712%,10,962,972,861,3,7,101
0x40340f,81.4815%,10,44,54,44,4,6,0
0x4086ee,95.8848%,10,233,243,210,6,4,23
0x409582,62.963%,10,17,27,17,7,3,0
0x40571c,72.2222%,10,26,36,26,6,4,0
0x402ca5,97.2826%,10,358,368,358,2,8,0
0x40df9f,90.7407%,10,98,108,90,6,4,8
0x413d30,62.963%,10,17,27,17,7,3,0
0x41139e,99.9946%,10,183566,183576,122220,3,7,61346
0x409b92,99.6592%,10,2924,2934,2602,6,4,322
0x40defd,99.8494%,10,6632,6642,5898,6,4,734
0x409df7,90.7407%,10,98,108,91,5,5,7
0x408a81,60%,10,15,25,15,8,2,0
0x40417c,95.1613%,9,177,186,177,3,6,0
0x40e107,99.0741%,9,963,972,862,2,7,101
0x40a983,83.3333%,9,45,54,45,3,6,0
0x40e1e0,99.8965%,9,8685,8694,7723,5,4,962
0x41adab,99.9557%,9,20311,20320,20311,9,0,0
0x4022cc,78.0488%,9,32,41,30,3,6,2
0x4117ee,99.9968%,9,284663,284672,189555,3,6,95108
0x40afcd,95.1087%,9,175,184,175,1,8,0
0x40d8db,97.619%,9,369,378,332,4,5,37
0x415166,66.6667%,9,18,27,17,7,2,1
0x4126d1,66.6667%,9,18,27,18,6,3,0
0x403015,75%,9,27,36,19,5,4,8
0x403600,99.7685%,9,3879,3888,3452,4,5,427
0x40280d,97.5%,9,351,360,317,3,6,34
0x40bae1,66.6667%,9,18,27,18,6,3,0
0x409d0d,95.6731%,9,199,208,2,6,3,197
0x4056ff,75%,9,27,36,27,5,4,0
0x4021d2,97.2393%,9,317,326,317,1,8,0
0x40cbe7,99.7942%,9,4365,4374,3885,3,6,480
0x405c52,76.9231%,9,30,39,29,7,2,1
0x406932,66.6667%,9,18,27,18,6,3,0
0x40eadd,96.2963%,9,234,243,212,4,5,22
0x403273,75%,9,27,36,21,7,2,6
0x403111,75%,9,27,36,24,8,1,3
0x40775d,99.3056%,9,1287,1296,1146,6,3,141
0x4158e4,96.2963%,9,234,243,234,1,8,0
0x402ae5,83.3333%,9,45,54,45,3,6,0
0x417931,66.6667%,9,18,27,18,6,3,0
0x414625,83.3333%,9,45,54,44,4,5,1
0x40f1da,70.3704%,8,19,27,18,6,2,1
0x408b14,68%,8,17,25,2,4,4,15
0x4057c6,55.5556%,8,10,18,9,3,5,1
0x40c9a2,95.6522%,8,176,184,174,2,6,2
0x4106ce,99.9927%,8,109888,109896,73127,5,3,36761
0x41b4df,93.6508%,8,118,126,40,2,6,78
0x409bb7,99.7273%,8,2926,2934,2605,3,5,321
0x40d62d,99.5885%,8,1936,1944,1723,5,3,213
0x4031f5,33.3333%,8,4,12,4,4,4,0
0x408837,99.374%,8,1270,1278,1134,2,6,136
0x4177a3,70.3704%,8,19,27,18,6,2,1
0x40f39f,60%,8,12,20,12,5,3,0
0x41322c,99.9645%,8,22546,22554,10867,4,4,11679
0x4130fe,99.9668%,8,24102,24110,12254,3,5,11848
0x4048c9,85.1852%,8,46,54,46,2,6,0
0x40b885,95.6522%,8,176,184,176,3,5,0
0x408a76,74.1935%,8,23,31,3,3,5,20
0x41292e,99.9949%,8,155527,155535,103465,6,2,52062
0x40791d,98.6325%,8,577,585,517,3,5,60
0x406335,96.7078%,8,235,243,215,1,7,20
0x412403,99.985%,8,53492,53500,1413,4,4,52079
0x402f0f,82.2222%,8,37,45,35,6,2,2
0x4084e1,70.3704%,8,19,27,19,5,3,0
0x40e662,92.5926%,8,100,108,70,2,6,30
0x412832,99.985%,8,53489,53497,21712,6,2,31777
0x409bf9,75%,8,24,32,11,3,5,13
0x4124f6,99.9581%,8,19069,19077,7788,4,4,11281
0x41a64a,85.1852%,8,46,54,45,3,5,1
0x4064b6,98.2906%,8,460,468,413,3,5,47
0x40e729,92.5926%,8,100,108,95,1,7,5
0x40e92a,96.7078%,8,235,243,214,2,6,21
0x46fe2a,41.6667%,7,5,12,2,7,0,3
0x4134b7,99.9764%,7,29611,29618,17424,2,5,12187
0x409938,98.7319%,7,545,552,365,3,4,180
0x40a96b,99.84%,7,4367,4374,3886,2,5,481
0x415de5,70.8333%,7,17,24,4,4,3,13
0x40d561,96.7593%,7,209,216,188,4,3,21
0x406b35,99.5773%,7,1649,1656,1100,4,3,549
0x407ac7,76.6667%,7,23,30,23,4,3,0
0x412a5f,99.9793%,7,33818,33825,22546,4,3,11272
0x4058a9,98.5597%,7,479,486,430,2,5,49
0x410b2e,99.9948%,7,135418,135425,90139,2,5,45279
0x40ca95,84.4444%,7,38,45,35,5,2,3
0x40ce12,96.7593%,7,209,216,190,2,5,19
0x4155fc,99.0398%,7,722,729,484,2,5,238
0x40b57b,99.5773%,7,1649,1656,1469,3,4,180
0x40b95b,53.3333%,7,8,15,8,2,5,0
0x40babf,97.1193%,7,236,243,215,1,6,21
0x40cbff,87.037%,7,47,54,47,1,6,0
0x46fde4,96.8889%,7,218,225,9,0,7,209
0x410f8e,99.9948%,7,135692,135699,90352,2,5,45340
0x413ff5,74.0741%,7,20,27,20,4,3,0
0x412372,99.9826%,7,40232,40239,26823,3,4,13409
0x401aef,74.0741%,7,20,27,20,4,3,0
0x414e6e,74.0741%,7,20,27,18,6,1,2
0x4055be,90.2778%,7,65,72,57,7,0,8
0x41344e,99.9407%,7,11804,11811,7869,5,2,3935
0x401de2,95.9064%,7,164,171,113,1,6,51
0x41b3c3,98.1481%,7,371,378,332,4,3,39
0x40561d,91.6667%,6,66,72,60,4,2,6
0x40cc13,0%,6,0,6,0,3,3,0
0x40621c,77.7778%,6,21,27,21,3,3,0
0x40302b,50%,6,6,12,6,2,4,0
0x402ea9,57.1429%,6,8,14,8,2,4,0
0x402d90,91.6667%,6,66,72,47,1,5,19
0x40e9f4,99.9314%,6,8742,8748,7771,5,1,971
0x40631e,77.7778%,6,21,27,0,0,6,21
0x401f4f,99.9314%,6,8742,8748,7775,1,5,967
0x40f57e,50%,6,6,12,3,3,3,3
0x402ece,83.3333%,6,30,36,30,2,4,0
0x46fed8,50%,6,6,12,6,3,3,0
0x409c15,91.4286%,6,64,70,8,4,2,56
0x40e8a8,99.7257%,6,2181,2187,1943,1,5,238
0x41112e,99.9967%,6,183615,183621,122248,2,4,61367
0x4013c2,66.6667%,6,12,18,11,3,3,1
0x417734,77.7778%,6,21,27,20,4,2,1
0x4177e0,77.7778%,6,21,27,21,3,3,0
0x40d914,92.5926%,6,75,81,70,2,4,5
0x40369c,96.9072%,6,188,194,188,2,4,0
0x407455,88.8889%,6,48,54,48,0,6,0
0x40cf0a,96.0784%,6,147,153,134,2,4,13
0x40f5ce,25%,6,2,8,1,1,5,1
0x40aada,99.6377%,6,1650,1656,1468,4,2,182
0x40d19e,98.4848%,6,390,396,351,1,5,39
0x406b8b,99.6377%,6,1650,1656,1467,5,1,183
0x406528,50%,6,6,12,3,1,5,3
0x406d96,66.6667%,6,12,18,8,4,2,4
0x40d1db,25%,6,2,8,2,3,3,0
0x40ca24,96.5909%,6,170,176,170,1,5,0
0x406b46,98.913%,6,546,552,366,2,4,180
0x408874,99.6088%,5,1273,1278,1132,4,1,141
0x40e1e5,99.4824%,5,961,966,961,3,2,0
0x4073aa,81.4815%,5,22,27,22,2,3,0
0x46fda7,97.807%,5,223,228,9,3,2,214
0x4155e6,99.7714%,5,2182,2187,1454,4,1,728
0x4031d6,86.1111%,5,31,36,19,5,0,12
0x415da7,79.1667%,5,19,24,13,3,2,6
0x409c20,91.3793%,5,53,58,5,1,4,48
0x40faa7,44.4444%,5,4,9,4,4,1,0
0x40e936,81.4815%,5,22,27,22,2,3,0
0x40f5bb,50%,5,5,10,0,2,3,5
0x41b449,98.6772%,5,373,378,250,2,3,123
0x4019b9,97.9424%,5,238,243,216,0,5,22
0x40cb1f,44.4444%,5,4,9,4,2,3,0
0x41088e,99.9963%,5,135465,135470,90165,3,2,45300
0x4064c2,90.3846%,5,47,52,47,2,3,0
0x412853,99.9843%,5,31773,31778,18,3,2,31755
0x4063f0,96.4789%,5,137,142,0,0,5,137
0x408bb9,80%,5,20,25,17,2,3,3
0x412e2e,99.9907%,5,53854,53859,35905,1,4,17949
0x401f94,58.3333%,5,7,12,5,1,4,2
0x402d9c,79.1667%,5,19,24,14,2,3,5
0x40e061,99.9428%,5,8743,8748,7776,0,5,967
0x40eb12,97.9424%,5,238,243,212,4,1,26
0x4157c7,99.3141%,5,724,729,483,3,2,241
0x41a638,98.9712%,5,481,486,431,1,4,50
0x411b02,99.9936%,5,77935,77940,51956,4,1,25979
0x40f124,81.4815%,5,22,27,20,4,1,2
0x4056cd,86.1111%,5,31,36,28,4,1,3
0x4131de,99.9859%,5,35554,35559,23705,1,4,11849
0x407ae8,81.4815%,5,22,27,22,2,3,0
0x40b034,37.5%,5,3,8,0,2,3,3
0x4030bf,58.3333%,5,7,12,6,2,3,1
0x417892,81.4815%,5,22,27,16,2,3,6
0x40bf9f,99.8779%,5,4090,4095,3639,1,4,451
0x40a8ad,85.1852%,4,23,27,23,1,3,0
0x409924,99.7585%,4,1652,1656,1101,3,1,551
0x406e97,77.7778%,4,14,18,14,2,2,0
0x41789f,55.5556%,4,5,9,5,1,3,0
0x40d66e,97.037%,4,131,135,119,1,3,12
0x401e2c,85.1852%,4,23,27,23,1,3,0
0x40eb1b,85.1852%,4,23,27,23,1,3,0
0x4019ad,99.8171%,4,2183,2187,1944,0,4,239
0x412f5e,99.9949%,4,77909,77913,51939,3,1,25970
0x41260c,99.9925%,4,53496,53500,19267,3,1,34229
0x414055,85.1852%,4,23,27,21,3,1,2
0x4058c6,33.3333%,4,2,6,2,1,3,0
0x40d414,83.3333%,4,20,24,20,1,3,0
0x405638,50%,4,4,8,4,0,4,0
0x413770,33.3333%,4,2,6,0,0,4,2
0x413caa,33.3333%,4,2,6,1,2,2,1
0x40f6a1,71.4286%,4,10,14,9,2,2,1
0x40c5ef,99.9006%,4,4019,4023,3574,2,2,445
0x41267d,99.9925%,4,53496,53500,53496,1,3,0
0x41298f,99.979%,4,19057,19061,7784,2,2,11273
0x40b186,33.3333%,4,2,6,1,3,1,1
0x40c8fb,99.9006%,4,4019,4023,3572,4,0,447
0x403290,66.6667%,4,8,12,5,3,1,3
0x40b9fe,73.3333%,4,11,15,8,2,2,3
0x4115c6,99.9884%,4,34456,34460,12263,0,4,22193
0x4033ed,99.9086%,4,4370,4374,3886,2,2,484
0x40ba21,73.3333%,4,11,15,8,2,2,3
0x40e79e,77.7778%,4,14,18,14,2,2,0
0x4019c5,85.1852%,4,23,27,23,1,3,0
0x408b81,78.9474%,4,15,19,15,3,1,0
0x40f2f5,55.5556%,4,5,9,2,0,4,3
0x402f3f,88.8889%,4,32,36,30,2,2,2
0x40e792,97.5309%,4,158,162,143,1,3,15
0x41482e,77.7778%,4,14,18,10,2,2,4
0x4116c2,99.994%,4,66587,66591,44391,3,1,22196
0x40e73a,66.6667%,4,8,12,1,1,3,7
0x41336e,99.976%,4,16653,16657,12717,3,1,3936
0x40e71d,99.5885%,4,968,972,861,3,1,107
0x40eb5e,98.3539%,4,239,243,216,0,4,23
0x4157b6,99.8171%,4,2183,2187,1455,3,1,728
0x414ffe,85.1852%,4,23,27,22,2,2,1
0x40b24f,85.1852%,4,23,27,22,2,2,1
0x408ba2,66.6667%,3,6,9,6,2,1,0
0x40b0a6,83.3333%,3,15,18,9,3,0,6
0x40b394,99.8188%,3,1653,1656,1470,2,1,183
0x406585,75%,3,9,12,8,2,1,1
0x414d9b,50%,3,3,6,3,0,3,0
0x40cbd8,99.3827%,3,483,486,0,0,3,483
0x41359e,99.9918%,3,36573,36576,24382,2,1,12191
0x40334d,94.4444%,3,51,54,47,1,2,4
0x401b2c,88.8889%,3,24,27,24,0,3,0
0x4064d8,86.3636%,3,19,22,1,0,3,18
0x40e7ee,75%,3,9,12,9,0,3,0
0x4038a6,25%,3,1,4,0,2,1,1
0x4179f0,66.6667%,3,6,9,5,1,2,1
0x40f59e,70%,3,7,10,4,2,1,3
0x4110f6,99.3902%,3,489,492,0,0,3,489
0x407641,88.8889%,3,24,27,0,0,3,24
0x413619,50%,3,3,6,1,2,1,2
0x40ea3f,75%,3,9,12,0,3,0,9
0x412cde,99.9925%,3,40206,40209,26804,2,1,13402
0x40c2a3,99.9267%,3,4092,4095,3638,2,1,454
0x4013d0,83.3333%,3,15,18,15,1,2,0
0x40eb6a,88.8889%,3,24,27,24,0,3,0
0x410645,99.9918%,3,36761,36764,36368,0,3,393
0x40a992,50%,3,3,6,0,3,0,3
0x40f5ff,25%,3,1,4,0,2,1,1
0x40b226,87.5%,3,21,24,15,1,2,6
0x406d2d,93.1818%,3,41,44,41,1,2,0
0x4174d4,66.6667%,3,6,9,6,2,1,0
0x40eaeb,88.8889%,3,24,27,24,0,3,0
0x412884,99.9944%,3,53475,53478,1412,2,1,52063
0x412b69,99.6812%,3,938,941,0,0,3,938
0x40f7d4,66.6667%,3,6,9,6,2,1,0
0x407460,50%,3,3,6,2,1,2,1
0x4141b4,66.6667%,3,6,9,6,0,3,0
0x40e8c0,88.8889%,3,24,27,24,0,3,0
0x40e243,50%,3,3,6,0,2,1,3
0x417904,88.8889%,3,24,27,21,3,0,3
0x40f3b3,84.2105%,3,16,19,15,0,3,1
0x40eb20,0%,3,0,3,0,0,3,0
0x40b15b,50%,3,3,6,2,2,1,1
0x46fe4f,75%,3,9,12,6,3,0,3
0x40b975,86.6667%,2,13,15,13,2,0,0
0x40f6c6,0%,2,0,2,0,0,2,0
0x40f6e7,0%,2,0,2,0,1,1,0
0x413c8f,88.8889%,2,16,18,10,2,0,6
0x40f309,60%,2,3,5,1,1,1,2
0x40ba10,86.6667%,2,13,15,13,2,0,0
0x417aab,50%,2,2,4,2,2,0,0
0x40e248,50%,2,2,4,1,1,1,1
0x40f3a4,33.3333%,2,1,3,1,1,1,0
0x40b7f2,99.8792%,2,1654,1656,1471,1,1,183
0x41343d,99.9915%,2,23620,23622,11811,0,2,11809
0x40f3b8,50%,2,2,4,2,1,1,0
0x40f5ec,60%,2,3,5,0,1,1,3
0x40ca7f,93.75%,2,30,32,30,2,0,0
0x40acc3,99.8792%,2,1654,1656,1472,0,2,182
0x40b175,66.6667%,2,4,6,4,2,0,0
0x40b1fb,91.6667%,2,22,24,16,0,2,6
0x41ac53,99.9913%,2,22858,22860,13070,0,2,9788
0x4173d4,50%,2,2,4,2,1,1,0
0x412466,99.6997%,2,664,666,0,0,2,664
0x4125f2,99.9941%,2,33853,33855,22570,0,2,11283
0x4052c1,90.4762%,2,19,21,0,2,0,19
0x414025,92.5926%,2,25,27,23,1,1,2
0x40af3a,99.8792%,2,1654,1656,1471,1,1,183
0x4175a4,77.7778%,2,7,9,7,1,1,0
0x401420,88.8889%,2,16,18,15,1,1,1
0x40d920,77.7778%,2,7,9,4,1,1,3
0x405429,75%,2,6,8,0,0,2,6
0x45c3bb,99.9216%,2,2550,2552,0,0,2,2550
0x40f60f,0%,2,0,2,0,1,1,0
0x40f766,60%,2,3,5,3,1,1,0
0x4178f3,96.2963%,1,26,27,0,0,1,26
0x40ba30,80%,1,4,5,4,1,0,0
0x41739b,75%,1,3,4,3,1,0,0
0x409960,99.9396%,1,1655,1656,1472,0,1,183
0x40aa69,99.4565%,1,183,184,0,0,1,183
0x401503,94.4444%,1,17,18,11,1,0,6
0x45c9ca,99.9608%,1,2551,2552,0,0,1,2551
0x40150f,83.3333%,1,5,6,4,0,1,1
0x4174dd,0%,1,0,1,0,1,0,0
0x4173dd,0%,1,0,1,0,1,0,0
0x402eb9,97.2222%,1,35,36,0,0,1,35
0x40f3a9,0%,1,0,1,0,1,0,0
0x40ca04,98.0392%,1,50,51,50,1,0,0
0x411eee,99.9981%,1,53885,53886,35923,1,0,17962
0x40f5dd,83.3333%,1,5,6,0,1,0,5
0x40b0d9,94.4444%,1,17,18,11,1,0,6
0x40f2ff,85.7143%,1,6,7,2,0,1,4
0x40b1a9,87.5%,1,7,8,0,0,1,7
0x40b324,99.4565%,1,183,184,0,0,1,183
0x40f6b1,66.6667%,1,2,3,0,1,0,2
0x417a8b,66.6667%,1,2,3,2,0,1,0
0x406d65,94.4444%,1,17,18,16,0,1,1
0x41b22e,97.619%,1,41,42,41,1,0,0
0x41059e,99.9973%,1,36602,36603,24402,0,1,12200
0x4140b8,88.8889%,1,8,9,6,0,1,2
0x4064e7,95.2381%,1,20,21,19,0,1,1
0x40f315,66.6667%,1,2,3,0,1,0,2
0x40f583,83.3333%,1,5,6,5,1,0,0
0x40f3dc,50%,1,1,2,1,1,0,0
0x41abe6,99.9803%,1,5079,5080,2540,0,1,2539
0x40573c,97.2222%,1,35,36,32,0,1,3
0x41330e,99.9971%,1,35048,35049,23366,0,1,11682
0x410e52,99.9971%,1,35075,35076,23384,0,1,11691
0x408ba7,0%,1,0,1,0,0,1,0
0x4109f2,99.9916%,1,11837,11838,7891,1,0,3946
0x403a3a,75%,1,3,4,3,1,0,0
0x41309e,99.9985%,1,66563,66564,44376,0,1,22187
0x41b181,97.619%,1,41,42,41,1,0,0
0x40fd0d,0%,1,0,1,0,1,0,0
0x414202,83.3333%,1,5,6,2,1,0,3
0x415bf8,87.5%,1,7,8,7,1,0,0
0x40aa14,100%,0,243,243,0,0,0,243
0x40ae85,100%,0,184,184,0,0,0,184
0x4177d3,100%,0,27,27,0,0,0,27
0x46fe6e,100%,0,12,12,0,0,0,12
0x401412,100%,0,18,18,18,0,0,0
0x410689,100%,0,396,396,0,0,0,396
0x401f1b,100%,0,108,108,0,0,0,108
0x414c85,100%,0,6,6,0,0,0,6
0x4087f8,100%,0,142,142,0,0,0,142
0x41ab24,100%,0,2540,2540,2540,0,0,0
0x408b65,100%,0,36,36,0,0,0,36
0x40ea92,100%,0,18,18,9,0,0,9
0x45a275,100%,0,2552,2552,0,0,0,2552
0x402d0d,100%,0,8,8,0,0,0,8
0x409ba4,100%,0,326,326,0,0,0,326
0x40ac6a,100%,0,184,184,0,0,0,184
0x4014f2,100%,0,18,18,18,0,0,0
0x41aaec,100%,0,2540,2540,0,0,0,2540
0x40883c,100%,0,142,142,0,0,0,142
0x407973,100%,0,79,79,79,0,0,0
0x402c5c,100%,0,368,368,0,0,0,368
0x401456,100%,0,2,2,0,0,0,2
0x40e9e3,100%,0,972,972,0,0,0,972
0x408a04,100%,0,88,88,88,0,0,0
0x40af91,100%,0,184,184,0,0,0,184
0x40e460,100%,0,972,972,0,0,0,972
0x40351d,100%,0,54,54,0,0,0,54
0x401dbd,100%,0,171,171,0,0,0,171
0x40b0eb,100%,0,8,8,6,0,0,2
0x40e25c,100%,0,4,4,4,0,0,0
0x40c22e,100%,0,455,455,0,0,0,455
0x40aade,100%,0,184,184,0,0,0,184
0x40193f,100%,0,3,3,0,0,0,3
0x412330,100%,0,40239,40239,0,0,0,40239
0x4086b8,100%,0,27,27,0,0,0,27
0x4086f3,100%,0,27,27,0,0,0,27
0x409845,100%,0,184,184,0,0,0,184
0x40f3c7,100%,0,2,2,0,0,0,2
0x40199e,100%,0,243,243,0,0,0,243
0x40df02,100%,0,738,738,738,0,0,0
0x41137f,100%,0,61353,61353,0,0,0,61353
0x401cbf,100%,0,57,57,0,0,0,57
0x412ccd,100%,0,80418,80418,40209,0,0,40209
0x41abd9,100%,0,2540,2540,0,0,0,2540
0x41ae54,100%,0,5080,5080,2540,0,0,2540
0x404385,100%,0,6,6,6,0,0,0
0x401d08,100%,0,57,57,0,0,0,57
0x401325,100%,0,2,2,0,0,0,2
0x4097f3,100%,0,184,184,0,0,0,184
0x41ab81,100%,0,2540,2540,0,0,0,2540
0x40994d,100%,0,184,184,0,0,0,184
0x402f6e,100%,0,4,4,0,0,0,4
0x40e17e,100%,0,966,966,0,0,0,966
0x41ac79,100%,0,6504,6504,6504,0,0,0
0x402688,100%,0,54,54,0,0,0,54
0x4125dd,100%,0,67710,67710,33855,0,0,33855
0x4149e1,100%,0,6,6,0,0,0,6
0x40dd9d,100%,0,12,12,0,0,0,12
0x40d866,100%,0,72,72,0,0,0,72
0x40cb72,100%,0,6,6,0,0,0,6
0x408b4b,100%,0,18,18,0,0,0,18
0x40a95c,100%,0,486,486,0,0,0,486
0x40a8f6,100%,0,6,6,0,0,0,6
0x40742e,100%,0,486,486,0,0,0,486
0x40e8d2,100%,0,3,3,0,0,0,3
0x40eb0d,100%,0,27,27,0,0,0,27
0x41768b,100%,0,3,3,3,0,0,0
0x40eb00,100%,0,3,3,0,0,0,3
0x40588e,100%,0,486,486,0,0,0,486
0x40dde9,100%,0,108,108,0,0,0,108
0x4116ad,100%,0,133182,133182,66591,0,0,66591
0x40eac7,100%,0,27,27,0,0,0,27
0x40541f,100%,0,8,8,0,0,0,8
0x40534a,100%,0,21,21,0,0,0,21
0x40eb72,100%,0,3,3,3,0,0,0
0x40d761,100%,0,15,15,0,0,0,15
0x40d566,100%,0,24,24,0,0,0,24
0x41b46f,100%,0,126,126,0,0,0,126
0x4105c3,100%,0,49929,49929,49929,0,0,0
0x40d308,100%,0,3,3,3,0,0,0
0x40d2da,100%,0,3,3,0,0,0,3
0x41b2b6,100%,0,42,42,42,0,0,0
0x41b1d8,100%,0,42,42,0,0,0,42
0x41b116,100%,0,42,42,42,0,0,0
0x41b16f,100%,0,42,42,0,0,0,42
0x40135c,100%,0,18,18,16,0,0,2
0x41b124,100%,0,42,42,42,0,0,0
0x41b0e0,100%,0,42,42,0,0,0,42
0x41b0d7,100%,0,42,42,0,0,0,42
0x4157d5,100%,0,243,243,0,0,0,243
0x407a92,100%,0,11,11,0,0,0,11
0x405c98,100%,0,3,3,3,0,0,0
0x417a0c,100%,0,3,3,0,0,0,3
0x405672,100%,0,4,4,4,0,0,0
0x40f6da,100%,0,2,2,0,0,0,2
0x40f6d0,100%,0,2,2,0,0,0,2
0x40b896,100%,0,5,5,0,0,0,5
0x403266,100%,0,12,12,0,0,0,12
0x40311e,100%,0,4,4,0,0,0,4
0x40ce88,100%,0,216,216,0,0,0,216
0x415db0,100%,0,8,8,8,0,0,0
0x415c10,100%,0,8,8,0,0,0,8
0x415b4a,100%,0,8,8,8,0,0,0
0x415813,100%,0,142,142,0,0,0,142
0x415dd8,100%,0,24,24,0,0,0,24
0x40ea8d,100%,0,9,9,0,0,0,9
0x415d63,100%,0,24,24,0,0,0,24
0x402819,100%,0,40,40,40,0,0,0
0x41578e,100%,0,729,729,0,0,0,729
0x415707,100%,0,729,729,0,0,0,729
0x458e3e,100%,0,2552,2552,2552,0,0,0
0x4155bf,100%,0,729,729,0,0,0,729
0x415548,100%,0,729,729,0,0,0,729
0x417424,100%,0,1,1,0,0,0,1
0x41552b,100%,0,729,729,0,0,0,729
0x417a22,100%,0,3,3,0,0,0,3
0x402289,100%,0,30,30,30,0,0,0
0x46fdfa,100%,0,225,225,225,0,0,0
0x415016,100%,0,3,3,3,0,0,0
0x46fdbc,100%,0,225,225,225,0,0,0
0x40e705,100%,0,108,108,0,0,0,108
0x417882,100%,0,27,27,0,0,0,27
0x403423,100%,0,6,6,0,0,0,6
0x41b4e4,100%,0,336,336,336,0,0,0
0x4033bb,100%,0,54,54,0,0,0,54
0x403376,100%,0,6,6,0,0,0,6
0x402da1,100%,0,8,8,0,0,0,8
0x4116e9,100%,0,107627,107627,107627,0,0,0
0x40b81e,100%,0,184,184,0,0,0,184
0x40f3d1,100%,0,2,2,0,0,0,2
0x40b522,100%,0,184,184,0,0,0,184
0x4031b9,100%,0,12,12,0,0,0,12
0x40b398,100%,0,184,184,0,0,0,184
0x40b8ec,100%,0,5,5,0,0,0,5
0x41b250,100%,0,84,84,0,0,0,84
0x4020bb,100%,0,54,54,0,0,0,54
0x40bc57,100%,0,243,243,0,0,0,243
0x40b0fc,100%,0,2,2,0,0,0,2
0x40e9d8,100%,0,108,108,0,0,0,108
0x40e984,100%,0,12,12,0,0,0,12
0x41b348,100%,0,42,42,0,0,0,42
0x40b198,100%,0,8,8,0,0,0,8
0x40e91b,100%,0,27,27,0,0,0,27
0x40e898,100%,0,243,243,0,0,0,243
0x41b4b7,100%,0,42,42,42,0,0,0
0x406e1f,100%,0,28,28,28,0,0,0
0x40e6b0,100%,0,12,12,12,0,0,0
0x413281,100%,0,35049,35049,35049,0,0,0
0x40b045,100%,0,6,6,0,0,0,6
0x40afde,100%,0,8,8,0,0,0,8
0x41b281,100%,0,42,42,42,0,0,0
0x40cbc8,100%,0,54,54,0,0,0,54
0x41b015,100%,0,42,42,0,0,0,42
0x41afda,100%,0,42,42,42,0,0,0
0x41afa6,100%,0,42,42,0,0,0,42
0x41af9a,100%,0,42,42,0,0,0,42
0x405879,100%,0,54,54,0,0,0,54
0x404aa0,100%,0,54,54,0,0,0,54
0x40d127,100%,0,71,71,0,0,0,71
0x415cbb,100%,0,24,24,0,0,0,24
0x40496a,100%,0,54,54,0,0,0,54
0x414a06,100%,0,6,6,0,0,0,6
0x40ce17,100%,0,24,24,0,0,0,24
0x41308d,100%,0,133128,133128,66564,0,0,66564
0x415435,100%,0,243,243,0,0,0,243
0x40cdff,100%,0,24,24,0,0,0,24
0x40e568,100%,0,972,972,972,0,0,0
0x4040ae,100%,0,432,432,0,0,0,432
0x40401c,100%,0,54,54,0,0,0,54
0x40c9a6,100%,0,8,8,0,0,0,8
0x40ca20,100%,0,176,176,0,0,0,176
0x40c57a,100%,0,447,447,0,0,0,447
0x40c33a,100%,0,184,184,0,0,0,184
0x40198b,100%,0,27,27,0,0,0,27
0x40da23,100%,0,4,4,0,0,0,4
0x401eb4,100%,0,12,12,0,0,0,12
0x40c2cf,100%,0,455,455,0,0,0,455
0x40bfcb,100%,0,455,455,0,0,0,455
0x40bf2a,100%,0,455,455,0,0,0,455
0x40bd0d,100%,0,552,552,0,0,0,552
0x4035c3,100%,0,432,432,0,0,0,432
0x410aeb,100%,0,427,427,0,0,0,427
0x409912,100%,0,552,552,0,0,0,552
0x41a558,100%,0,6,6,0,0,0,6
0x408a96,100%,0,6,6,0,0,0,6
0x40219c,100%,0,326,326,0,0,0,326
0x40de9b,100%,0,738,738,0,0,0,738
0x412f2c,100%,0,77913,77913,0,0,0,77913
0x411edd,100%,0,107772,107772,53886,0,0,53886
0x413cc5,100%,0,3,3,0,0,0,3
0x40eab8,100%,0,3,3,0,0,0,3
0x458dc9,100%,0,2552,2552,2552,0,0,0
0x4133c1,100%,0,11811,11811,11811,0,0,0
0x41247a,100%,0,52083,52083,0,0,0,52083
0x4111e1,100%,0,35586,35586,35586,0,0,0
0x40497f,100%,0,54,54,0,0,0,54
0x410e10,100%,0,35076,35076,0,0,0,35076
0x4117bf,100%,0,95114,95114,0,0,0,95114
0x40b995,100%,0,5,5,0,0,0,5
0x411fc9,100%,0,890,890,0,0,0,890
0x411d56,100%,0,899,899,0,0,0,899
0x412176,100%,0,950,950,0,0,0,950
0x412f4d,100%,0,155826,155826,77913,0,0,77913
0x41b178,100%,0,42,42,0,0,0,42
0x411bdb,100%,0,962,962,0,0,0,962
0x458de7,100%,0,2552,2552,0,0,0,2552
0x410b02,100%,0,45284,45284,0,0,0,45284
0x40eb54,100%,0,27,27,0,0,0,27
0x40ff91,100%,0,31782,31782,0,0,0,31782
0x40d5df,100%,0,216,216,0,0,0,216
0x46fdd3,100%,0,225,225,0,0,0,225
0x41136b,100%,0,483,483,0,0,0,483
0x410e76,100%,0,56415,56415,56415,0,0,0
0x410f4b,100%,0,336,336,0,0,0,336
0x41ac15,100%,0,2540,2540,0,0,0,2540
0x410504,100%,0,36603,36603,36603,0,0,0
0x413566,100%,0,36576,36576,0,0,0,36576
0x404f46,100%,0,21,21,0,0,0,21
0x41b00c,100%,0,42,42,0,0,0,42
0x413640,100%,0,6,6,0,0,0,6
0x41306c,100%,0,66564,66564,0,0,0,66564
0x40b2cf,100%,0,243,243,0,0,0,243
0x402102,100%,0,54,54,0,0,0,54
0x458d97,100%,0,2552,2552,0,0,0,2552
0x40e783,100%,0,18,18,0,0,0,18
0x401394,100%,0,2,2,0,0,0,2
0x45a86d,100%,0,2552,2552,2552,0,0,0
0x45c353,100%,0,2552,2552,0,0,0,2552
0x413795,100%,0,6,6,0,0,0,6
0x40f258,100%,0,48,48,0,0,0,48
0x40e88d,100%,0,27,27,0,0,0,27
0x40e74b,100%,0,2,2,0,0,0,2
0x410cb6,100%,0,345,345,0,0,0,345
0x405823,100%,0,6,6,0,0,0,6
0x411966,100%,0,971,971,0,0,0,971
0x410856,100%,0,436,436,0,0,0,436
0x406b57,100%,0,184,184,0,0,0,184
0x45c3ac,100%,0,2552,2552,2552,0,0,0
0x40a94c,100%,0,54,54,0,0,0,54
0x458d75,100%,0,2552,2552,0,0,0,2552
0x40e066,100%,0,972,972,972,0,0,0
0x4129d1,100%,0,33825,33825,33825,0,0,0
0x40af66,100%,0,184,184,0,0,0,184
0x40c35d,100%,0,552,552,0,0,0,552
0x458e2f,100%,0,2552,2552,2552,0,0,0
0x411526,100%,0,679,679,0,0,0,679
0x4156eb,100%,0,729,729,0,0,0,729
0x411631,100%,0,66591,66591,66591,0,0,0
0x41126d,100%,0,71172,71172,35586,0,0,35586
0x4131ac,100%,0,35559,35559,0,0,0,35559
0x4026aa,100%,0,54,54,0,0,0,54
0x410cca,100%,0,45363,45363,0,0,0,45363
0x412c51,100%,0,40209,40209,40209,0,0,0
0x4131cd,100%,0,71118,71118,35559,0,0,35559
0x410406,100%,0,405,405,0,0,0,405
0x40563c,100%,0,4,4,0,0,0,4
0x412b7d,100%,0,91388,91388,0,0,0,91388
0x4117ab,100%,0,670,670,0,0,0,670
0x411bef,100%,0,94511,94511,0,0,0,94511
0x40c889,100%,0,447,447,0,0,0,447
0x41b3d7,100%,0,42,42,42,0,0,0
0x412561,100%,0,33855,33855,33855,0,0,0
0x40450c,100%,0,6,6,6,0,0,0
0x413151,100%,0,35559,35559,35559,0,0,0
0x401b08,100%,0,3,3,0,0,0,3
0x411b29,100%,0,105892,105892,105892,0,0,0
0x40f446,100%,0,7,7,0,0,0,7
0x410f62,100%,0,45345,45345,0,0,0,45345
0x4112a5,100%,0,69755,69755,69755,0,0,0
0x41358d,100%,0,73152,73152,36576,0,0,36576
0x41ab0a,100%,0,2540,2540,0,0,0,2540
0x411f12,100%,0,107357,107357,107357,0,0,0
0x407aed,100%,0,3,3,0,0,0,3
0x46fe67,100%,0,12,12,0,0,0,12
0x413511,100%,0,36576,36576,36576,0,0,0
0x411fdd,100%,0,103063,103063,0,0,0,103063
0x4033d1,100%,0,486,486,0,0,0,486
0x41110a,100%,0,61371,61371,0,0,0,61371
0x415670,100%,0,243,243,0,0,0,243
0x46fdac,100%,0,225,225,225,0,0,0
0x40ea44,100%,0,9,9,0,0,0,9
0x412712,100%,0,3,3,0,0,0,3
0x412903,100%,0,52064,52064,0,0,0,52064
0x410dc1,100%,0,35076,35076,35076,0,0,0
0x414726,100%,0,18,18,0,0,0,18
0x41058d,100%,0,73206,73206,36603,0,0,36603
0x402754,100%,0,326,326,0,0,0,326
0x458d85,100%,0,2552,2552,0,0,0,2552
0x412ca6,100%,0,40209,40209,0,0,0,40209
0x4013dd,100%,0,2,2,0,0,0,2
0x40b73d,100%,0,184,184,0,0,0,184
0x408b38,100%,0,19,19,0,0,0,19
0x413b86,100%,0,18,18,0,0,0,18
0x413f9b,100%,0,3,3,3,0,0,0
0x4179c4,100%,0,9,9,0,0,0,9
0x413418,100%,0,11811,11811,0,0,0,11811
0x405a46,100%,0,27,27,0,0,0,27
0x41b25d,100%,0,84,84,42,0,0,42
0x46fe98,100%,0,60,60,0,0,0,60
0x407413,100%,0,54,54,0,0,0,54
0x401d72,100%,0,57,57,0,0,0,57
0x412a4e,100%,0,67650,67650,33825,0,0,33825
0x409d75,100%,0,15,15,15,0,0,0
0x412a20,100%,0,33825,33825,0,0,0,33825
0x4073bd,100%,0,6,6,0,0,0,6
0x413011,100%,0,66564,66564,66564,0,0,0
0x40354a,100%,0,54,54,0,0,0,54
0x458e39,100%,0,2552,2552,0,0,0,2552
0x411eba,100%,0,53886,53886,0,0,0,53886
0x4014d7,100%,0,6,6,0,0,0,6
0x45c3d0,100%,0,2552,2552,0,0,0,2552
0x411aed,100%,0,155880,155880,77940,0,0,77940
0x4109dd,100%,0,23676,23676,11838,0,0,11838
0x4109b0,100%,0,11838,11838,0,0,0,11838
0x41124a,100%,0,35586,35586,0,0,0,35586
0x41b596,100%,0,42,42,0,0,0,42
0x412ac8,100%,0,95282,95282,0,0,0,95282
0x41795b,100%,0,3,3,0,0,0,3
0x406b23,100%,0,552,552,0,0,0,552
0x41b5a8,100%,0,42,42,0,0,0,42
0x40bcc9,100%,0,667,667,0,0,0,667
0x409ced,100%,0,176,176,0,0,0,176
0x417634,100%,0,3,3,0,0,0,3
0x40655a,100%,0,8,8,8,0,0,0
0x41774a,100%,0,3,3,3,0,0,0
0x406507,100%,0,2,2,0,0,0,2
0x40eaa1,100%,0,9,9,9,0,0,0
0x406abd,100%,0,184,184,0,0,0,184
0x405513,100%,0,8,8,8,0,0,0
0x406b4e,100%,0,184,184,0,0,0,184
0x417806,100%,0,3,3,0,0,0,3
0x41b2ab,100%,0,42,42,0,0,0,42
0x40d546,100%,0,24,24,0,0,0,24
0x40633a,100%,0,27,27,0,0,0,27
0x40b849,100%,0,184,184,0,0,0,184
0x41041a,100%,0,36783,36783,0,0,0,36783
0x458d63,100%,0,2552,2552,0,0,0,2552
0x405a0a,100%,0,27,27,0,0,0,27
0x458d6d,100%,0,2552,2552,0,0,0,2552
0x40404a,100%,0,54,54,0,0,0,54
0x458dba,100%,0,2552,2552,0,0,0,2552
0x458e0f,100%,0,2552,2552,2552,0,0,0
0x411d6a,100%,0,103082,103082,0,0,0,103082
0x40c623,100%,0,447,447,0,0,0,447
0x41086a,100%,0,45302,45302,0,0,0,45302
0x40e752,100%,0,2,2,0,0,0,2
0x411680,100%,0,66591,66591,0,0,0,66591
0x40b8fd,100%,0,5,5,0,0,0,5
0x412da1,100%,0,53859,53859,53859,0,0,0
0x410a16,100%,0,49636,49636,49636,0,0,0
0x41a5a2,100%,0,6,6,6,0,0,0
0x41a4c0,100%,0,6,6,6,0,0,0
0x41a512,100%,0,6,6,0,0,0,6
0x41a522,100%,0,6,6,0,0,0,6
0x41a530,100%,0,6,6,0,0,0,6
0x407606,100%,0,27,27,0,0,0,27
0x41a594,100%,0,6,6,0,0,0,6
0x408452,100%,0,144,144,144,0,0,0
0x407922,100%,0,65,65,0,0,0,65
0x40e44b,100%,0,972,972,0,0,0,972
0x4079c7,100%,0,13,13,0,0,0,13
0x40f6bb,100%,0,2,2,0,0,0,2
0x4159e0,100%,0,8,8,0,0,0,8
0x41a5b1,100%,0,6,6,0,0,0,6
0x401f30,100%,0,972,972,0,0,0,972
0x41a615,100%,0,54,54,0,0,0,54
0x407a7e,100%,0,30,30,0,0,0,30
0x45c9ec,100%,0,2552,2552,2552,0,0,0
0x41a4bb,100%,0,6,6,0,0,0,6
0x41a475,100%,0,6,6,0,0,0,6
0x45c9e3,100%,0,2552,2552,0,0,0,2552
0x41aafc,100%,0,2540,2540,0,0,0,2540
0x406d49,100%,0,18,18,0,0,0,18
0x4141ca,100%,0,3,3,3,0,0,0
0x414135,100%,0,9,9,6,0,0,3
0x41470a,100%,0,18,18,0,0,0,18
0x40b9a6,100%,0,5,5,0,0,0,5
0x413fa9,100%,0,3,3,0,0,0,3
0x4015d6,100%,0,27,27,24,0,0,3
0x40dfee,100%,0,972,972,0,0,0,972
0x4179d3,100%,0,27,27,0,0,0,27
0x40f3bd,100%,0,1,1,0,0,0,1
0x417924,100%,0,27,27,0,0,0,27
0x4152f8,100%,0,243,243,0,0,0,243
0x413629,100%,0,3,3,0,0,0,3
0x412e1d,100%,0,107718,107718,53859,0,0,53859
0x41218a,100%,0,91407,91407,0,0,0,91407
0x41b01e,100%,0,42,42,42,0,0,0
0x411e51,100%,0,53886,53886,53886,0,0,0
0x41ac10,100%,0,5080,5080,2540,0,0,2540
0x416240,100%,0,3,3,0,0,0,3
0x40f5a8,100%,0,4,4,0,0,0,4
0x41b59e,100%,0,42,42,0,0,0,42
0x45c367,100%,0,2552,2552,0,0,0,2552
0x40b5a7,100%,0,184,184,0,0,0,184
0x41069d,100%,0,36764,36764,0,0,0,36764
0x405b1e,100%,0,144,144,0,0,0,144
0x41b506,100%,0,42,42,42,0,0,0
0x4098af,100%,0,184,184,0,0,0,184
0x412ed1,100%,0,77913,77913,77913,0,0,0
0x41197a,100%,0,94529,94529,0,0,0,94529
0x4132d8,100%,0,35049,35049,0,0,0,35049
0x45a235,100%,0,2552,2552,0,0,0,2552
0x4128ef,100%,0,657,657,0,0,0,657
0x41b26f,100%,0,42,42,42,0,0,0
0x415cdf,100%,0,24,24,0,0,0,24
0x40c927,100%,0,447,447,0,0,0,447
0x40da4a,100%,0,4,4,4,0,0,0
0x411a71,100%,0,77940,77940,77940,0,0,0
0x4154b6,100%,0,243,243,0,0,0,243
0x411ac0,100%,0,77940,77940,0,0,0,77940
0x45c3c7,100%,0,2552,2552,0,0,0,2552
0x407aab,100%,0,79,79,0,0,0,79
0x40acef,100%,0,184,184,0,0,0,184
0x417792,100%,0,27,27,0,0,0,27
0x412df6,100%,0,53859,53859,0,0,0,53859
0x412821,100%,0,3,3,0,0,0,3
0x45a267,100%,0,2552,2552,2552,0,0,0
0x40b0c8,100%,0,18,18,18,0,0,0
0x45c9d3,100%,0,2552,2552,0,0,0,2552
0x45a30d,100%,0,2552,2552,0,0,0,2552
0x41b15e,100%,0,42,42,0,0,0,42
0x410e3d,100%,0,70152,70152,35076,0,0,35076
0x40e81e,100%,0,3,3,0,0,0,3
0x408410,100%,0,144,144,0,0,0,144
0x401b16,100%,0,27,27,0,0,0,27
0x45a255,100%,0,2552,2552,0,0,0,2552
0x45c3a3,100%,0,2552,2552,0,0,0,2552
0x4125b0,100%,0,33855,33855,0,0,0,33855
0x41a667,100%,0,6,6,6,0,0,0
0x4132fd,100%,0,70098,70098,35049,0,0,35049
0x45c3d5,100%,0,2552,2552,0,0,0,2552
0x41afe7,100%,0,42,42,42,0,0,0
0x413a10,100%,0,6,6,0,0,0,6
0x4148bc,100%,0,6,6,0,0,0,6
0x40eacf,100%,0,243,243,0,0,0,243
0x45a20a,100%,0,2552,2552,0,0,0,2552
0x45c38c,100%,0,2552,2552,0,0,0,2552
0x458d59,100%,0,2552,2552,0,0,0,2552
0x41235d,100%,0,80478,80478,40239,0,0,40239
0x4122e1,100%,0,40239,40239,40239,0,0,0
0x41a53e,100%,0,6,6,0,0,0,6
0x41153a,100%,0,95132,95132,0,0,0,95132
0x40b215,100%,0,24,24,24,0,0,0
0x45c37b,100%,0,2552,2552,2552,0,0,0
0x410961,100%,0,11838,11838,11838,0,0,0
0x41056d,100%,0,36603,36603,0,0,0,36603
0x458da8,100%,0,2552,2552,0,0,0,2552
0x40d001,100%,0,17,17,0,0,0,17
0x417872,100%,0,9,9,0,0,0,9
