Branch PC,Accuracy,Mispredictions,Correct Predictions,Total,dir_t_pred_t,dir_t_pred_nt,dir_nt_pred_t,dir_nt_pred_nt
aggregate,99.5667%,110419,25374424,25484843,15693361,48925,61494,9681063
0x411cdb,98.3444%,17499,1039449,1056948,961972,7226,10273,77477
0x411480,98.0922%,14019,720811,734830,619595,5733,8286,101216
0x41104e,98.0113%,13515,666062,679577,586621,6037,7478,79441
0x412633,97.1423%,9396,319399,328795,49674,5312,4084,269725
0x4120ef,98.8071%,9134,756531,765665,727204,3765,5369,29327
0x412d38,99.0534%,7248,758407,765655,674659,3256,3992,83748
0x4118ce,98.5199%,6039,401966,408005,284048,2668,3371,117918
0x412e6e,99.4998%,5287,1051651,1056938,933296,2362,2925,118355
0x410794,98.3339%,4931,291023,295954,232276,2132,2799,58747
0x41321e,99.4797%,3536,676032,679568,602546,1517,2019,73486
0x412fb0,99.2404%,3099,404897,407996,297148,1355,1744,107749
0x4130f0,99.6244%,2760,732061,734821,646790,1121,1639,85271
0x410341,98.905%,2380,214972,217352,33619,1435,945,181353
0x410c08,99.028%,1708,174016,175724,99348,862,846,74668
0x4134a1,99.5117%,1445,294500,295945,260309,591,854,34191
0x41ac73,95.3431%,919,18815,19734,17114,452,467,1701
0x41ae23,95.5695%,771,16631,17402,16410,144,627,221
0x4135e8,99.7175%,614,216729,217343,192431,253,361,24298
0x4123df,98.2361%,612,34084,34696,32906,199,413,1178
0x413360,99.6773%,567,175148,175715,113922,256,311,61226
0x412629,99.8486%,120,79140,79260,15763,74,46,63377
0x41acba,99.5135%,96,19638,19734,15414,34,62,4224
0x411dc7,99.935%,57,87693,87750,39647,29,28,48046
0x41158a,99.9516%,53,109449,109502,42450,27,26,66999
0x401ce3,69.5906%,52,119,171,19,34,18,100
0x411923,99.9559%,51,115496,115547,115340,7,44,156
0x411cfc,99.9442%,49,87701,87750,2919,25,24,84782
0x4103c4,99.844%,46,29432,29478,29324,15,31,108
0x401d33,73.6842%,45,126,171,20,35,10,106
0x41115f,99.9505%,43,86876,86919,26506,21,22,60370
0x40c3fc,76.8817%,43,143,186,1,35,8,142
0x41108f,99.954%,40,86879,86919,4673,28,12,82206
0x40c0b8,78.4946%,40,146,186,141,9,31,5
0x412024,99.9544%,40,87700,87740,39646,23,17,48054
0x409b7f,74.359%,40,116,156,12,24,16,104
0x411d18,99.954%,39,84767,84806,84371,7,32,396
0x40bdac,79.0323%,39,147,186,5,31,8,142
0x4114c1,99.9644%,39,109463,109502,6221,23,16,103242
0x411b94,99.9662%,39,115500,115539,115335,7,32,165
0x41212f,99.8803%,38,31715,31753,30968,11,27,747
0x40c713,79.5699%,38,148,186,143,7,31,5
0x4113c4,99.9586%,36,86874,86910,26501,20,16,60373
0x401dc4,78.9474%,36,135,171,116,7,29,19
0x410fb4,99.9536%,35,75470,75505,23855,14,21,51615
0x412645,99.9872%,35,273774,273809,8416,21,14,265358
0x411c44,99.972%,34,121246,121280,54737,24,10,66509
0x402c4d,79.6296%,33,129,162,17,21,12,112
0x4108ba,99.9464%,33,61513,61546,11942,21,12,49571
0x40f66f,79.4872%,32,124,156,117,14,18,7
0x410473,99.9116%,31,35023,35054,10322,16,15,24701
0x4114dd,99.9709%,30,103228,103258,103057,4,26,171
0x41175c,99.9709%,30,103220,103250,103050,6,24,170
0x411309,99.9655%,30,86880,86910,4681,19,11,82199
0x411740,99.9735%,29,109464,109493,6221,22,7,103243
0x40de8a,91.0494%,29,295,324,58,18,11,237
0x411814,99.9735%,29,109464,109493,42460,11,18,67004
0x4110ab,99.9647%,29,82189,82218,82047,7,22,142
0x41223d,99.9193%,28,34668,34696,20533,20,8,14135
0x402745,80.5556%,28,116,144,15,19,9,101
0x412276,99.8638%,28,20525,20553,6144,14,14,14381
0x407968,64.557%,28,51,79,12,18,10,39
0x415803,71.134%,28,69,97,48,14,14,21
0x411325,99.9672%,27,82183,82210,82046,3,24,137
0x410aa1,99.9496%,27,53522,53549,53399,5,22,123
0x410809,99.9515%,26,53531,53557,53405,4,22,126
0x4107ed,99.9578%,26,61520,61546,7977,12,14,53543
0x4119ca,99.9786%,26,121263,121289,54755,12,14,66508
0x402a91,82.6389%,25,119,144,117,9,16,2
0x406a70,70.3704%,24,57,81,6,13,11,51
0x41241f,99.9221%,24,30768,30792,30135,6,18,633
0x406c9b,89.3519%,23,193,216,97,8,15,96
0x409b47,91.4815%,23,247,270,107,7,16,140
0x4106ec,99.9372%,22,35023,35045,10320,12,10,24703
0x40218b,84.7222%,22,122,144,19,15,7,103
0x40b308,96.6102%,22,627,649,0,19,3,627
0x409cc8,70.2703%,22,52,74,6,12,10,46
0x4046f4,72.3684%,21,55,76,52,10,11,3
0x407aa0,72.3684%,21,55,76,10,10,11,45
0x411b78,99.9827%,21,121259,121280,5726,15,6,115533
0x410d1a,99.9722%,21,75493,75514,23866,9,12,51627
0x40bcce,96.7643%,21,628,649,0,19,2,628
0x406cc6,81.0811%,21,90,111,10,16,5,80
0x406ced,76.4706%,20,65,85,47,9,11,18
0x4097ea,75.3086%,20,61,81,7,12,8,54
0x40aa4d,96.9183%,20,629,649,1,18,2,628
0x40f2d5,79.1667%,20,76,96,76,4,16,0
0x410ef9,99.9661%,20,58915,58935,58793,4,16,122
0x412660,99.9718%,20,70803,70823,65176,7,13,5627
0x40a83e,92.5926%,20,250,270,234,6,14,16
0x4157fb,76.5432%,19,62,81,4,15,4,58
0x412bcc,99.9452%,19,34667,34686,20535,11,8,14132
0x410c75,99.9678%,19,58924,58943,58800,2,17,124
0x403608,86.8056%,19,125,144,125,5,14,0
0x411f7a,99.9776%,19,84778,84797,84367,5,14,411
0x40332e,88.2716%,19,143,162,141,3,16,2
0x401a84,76.5432%,19,62,81,4,15,4,58
0x41295a,99.9456%,18,33078,33096,18946,10,8,14132
0x401cf1,89.4737%,18,153,171,147,5,13,6
0x40f702,77.7778%,18,63,81,47,7,11,16
0x405b15,71.4286%,18,45,63,7,8,10,38
0x401cae,77.7778%,18,63,81,58,4,14,5
0x4063e7,71.4286%,18,45,63,3,12,6,42
0x4087ef,71.4286%,18,45,63,6,9,9,39
0x410c59,99.9762%,18,75496,75514,16563,8,10,58933
0x411a06,99.969%,17,54750,54767,4437,7,10,50313
0x412bae,99.982%,17,94444,94461,62711,6,11,31733
0x412fbe,99.96%,17,42454,42471,5914,11,6,36540
0x40565c,87.9433%,17,124,141,7,10,7,117
0x410edd,99.9775%,17,75488,75505,16559,11,6,58929
0x4040f5,88.1944%,17,127,144,124,6,11,3
0x410a85,99.974%,16,61521,61537,7981,7,9,53540
0x409c9f,85.1852%,16,92,108,24,10,6,68
0x40a88e,80.2469%,16,65,81,65,7,9,0
0x404bfc,88.7324%,16,126,142,119,5,11,7
0x41088e,99.99%,16,160507,160523,106962,4,12,53545
0x409d27,80.5195%,15,62,77,50,4,11,12
0x41ae1d,99.9094%,15,16539,16554,3336,10,5,13203
0x410b54,99.9756%,15,61522,61537,11949,8,7,49573
0x409d02,81.5789%,14,62,76,49,6,8,13
0x40840b,77.7778%,14,49,63,4,11,3,45
0x409bbc,88.3333%,14,106,120,104,2,12,2
0x407a87,78.4615%,14,51,65,6,14,0,45
0x416203,82.716%,14,67,81,67,5,9,0
0x415138,82.716%,14,67,81,60,2,12,7
0x40d861,94.636%,14,247,261,225,7,7,22
0x4117ee,99.9955%,14,309542,309556,206302,4,10,103240
0x41112e,99.9943%,14,246476,246490,164268,4,10,82208
0x40f714,48.1481%,14,13,27,11,7,7,2
0x4068d3,77.7778%,14,49,63,49,5,9,0
0x411196,99.9472%,14,26513,26527,5921,7,7,20592
0x403c3c,78.7879%,14,52,66,47,5,9,5
0x409c5b,63.8889%,13,23,36,17,7,6,6
0x40950d,67.5%,13,27,40,26,5,8,1
0x4121ae,99.9862%,13,94472,94485,62726,6,7,31746
0x402577,90.9722%,13,131,144,121,5,8,10
0x40736f,81.9444%,13,59,72,59,5,8,0
0x41199e,99.9962%,13,346428,346441,230892,2,11,115536
0x4084d5,79.3651%,13,50,63,48,6,7,2
0x410d56,99.9455%,13,23862,23875,4504,6,7,19358
0x406c35,81.9444%,13,59,72,44,4,9,15
0x40aa5c,97.9365%,13,617,630,566,2,11,51
0x40564b,81.1594%,13,56,69,47,5,8,9
0x4108f6,99.8913%,13,11950,11963,4537,7,6,7413
0x403c89,91.6667%,12,132,144,124,2,10,8
0x410629,99.9658%,12,35033,35045,5567,8,4,29466
0x407353,94.4444%,12,204,216,190,2,10,14
0x41043e,99.9864%,12,88283,88295,58813,4,8,29470
0x410645,99.9593%,12,29458,29470,29328,6,6,130
0x409dc4,88.8889%,12,96,108,90,6,6,6
0x41155e,99.9961%,12,309565,309577,206314,5,7,103251
0x4083d5,69.2308%,12,27,39,26,5,7,1
0x41298f,99.9367%,12,18944,18956,5188,7,5,13756
0x4124bf,99.9638%,12,33093,33105,18956,6,6,14137
0x41515a,85.1852%,12,69,81,68,4,8,1
0x40d122,94.8718%,12,222,234,205,3,9,17
0x4078de,69.2308%,12,27,39,2,7,5,25
0x40db1a,83.3333%,12,60,72,60,4,8,0
0x409acd,87.7778%,11,79,90,54,6,5,25
0x401df5,86.4198%,11,70,81,70,2,9,0
0x40738b,86.4198%,11,70,81,70,2,9,0
0x40a977,93.2099%,11,151,162,139,5,6,12
0x406209,82.5397%,11,52,63,52,2,9,0
0x411e06,99.9723%,11,39665,39676,4674,4,7,34991
0x40f6f2,92.9487%,11,145,156,75,3,8,70
0x410f8e,99.9938%,11,176656,176667,117728,4,7,58928
0x412d46,99.9723%,11,39658,39669,4670,5,6,34988
0x412e7c,99.9799%,11,54750,54761,4435,6,5,50315
0x412832,99.9668%,11,33093,33104,8432,5,6,24661
0x401d41,93.5673%,11,160,171,152,0,11,8
0x409d5f,79.6296%,11,43,54,36,5,6,7
0x4061a4,68.75%,10,22,32,21,5,5,1
0x40f685,60%,10,15,25,13,3,7,2
0x412113,99.9712%,10,34686,34696,2938,5,5,31748
0x409965,83.871%,10,52,62,50,2,8,2
0x404170,98.538%,10,674,684,605,3,7,69
0x407a57,65.5172%,10,19,29,6,3,7,13
0x409d70,91.453%,10,107,117,101,3,7,6
0x4130fe,99.9623%,10,26511,26521,5920,5,5,20591
0x410b2e,99.9938%,10,160492,160502,106952,1,9,53540
0x41ad1f,99.869%,10,7622,7632,6779,5,5,843
0x40e107,96.9136%,10,314,324,286,2,8,28
0x40ca9e,88.8889%,9,72,81,70,2,7,2
0x412c00,99.9562%,9,20537,20546,6151,4,5,14386
0x4115c6,99.9788%,9,42468,42477,5925,3,6,36543
0x411ffe,99.9965%,9,253957,253966,169167,2,7,84790
0x4103a8,99.9743%,9,35045,35054,5569,7,2,29476
0x401ad6,88.8889%,9,72,81,71,1,8,1
0x407765,81.25%,9,39,48,1,7,2,38
0x40d15f,52.6316%,9,10,19,0,6,3,10
0x403690,98.4848%,9,585,594,525,3,6,60
0x412b1c,99.9716%,9,31735,31744,30969,4,5,766
0x40d884,68.9655%,9,20,29,1,6,3,19
0x41322c,99.9623%,9,23860,23869,4503,4,5,19357
0x40473e,93.75%,9,135,144,124,2,7,11
0x4134b7,99.9129%,9,10323,10332,6487,4,5,3836
0x4104b6,99.9226%,8,10330,10338,6493,1,7,3837
0x40d3ca,88.8889%,8,64,72,63,1,7,1
0x411c1e,99.9977%,8,346412,346420,230881,0,8,115531
0x40645c,83.3333%,8,40,48,39,2,6,1
0x41139e,99.9968%,8,246461,246469,164255,4,4,82206
0x4146ca,55.5556%,8,10,18,7,5,3,3
0x408879,83.3333%,8,40,48,39,0,8,1
0x40df85,97.5309%,8,316,324,286,2,6,30
0x412403,99.9758%,8,33097,33105,2310,3,5,30787
0x406b90,87.0968%,8,54,62,54,0,8,0
0x405c10,75%,8,24,32,6,2,6,18
0x40417c,89.4737%,8,68,76,68,4,4,0
0x409b92,99.2593%,8,1072,1080,959,1,7,113
0x41336e,99.9331%,8,11949,11957,4536,5,3,7413
0x407449,95.0617%,8,154,162,142,2,6,12
0x40280d,91.9192%,8,91,99,85,3,5,6
0x4079b2,73.3333%,8,22,30,2,5,3,20
0x407aff,72.4138%,8,21,29,19,3,5,2
0x4089f0,82.5%,7,33,40,4,5,2,29
0x4128a0,99.9773%,7,30777,30784,30136,0,7,641
0x412b00,99.9798%,7,34679,34686,2937,5,2,31742
0x412cde,99.9838%,7,43166,43173,28777,5,2,14389
0x4124f6,99.9631%,7,18955,18962,5192,5,2,13763
0x405c98,36.3636%,7,4,11,0,4,3,4
0x40f567,91.358%,7,74,81,74,4,3,0
0x40eadd,91.358%,7,74,81,69,3,4,5
0x40b317,98.8889%,7,623,630,568,0,7,55
0x40d145,73.0769%,7,19,26,1,6,1,18
0x409574,88.8889%,7,56,63,54,0,7,2
0x4057b5,61.1111%,7,11,18,9,3,4,2
0x414270,22.2222%,7,2,9,2,6,1,0
0x40f325,92.6316%,7,88,95,60,4,3,28
0x40a862,92.2222%,7,83,90,79,1,6,4
0x40f41e,77.4194%,7,24,31,24,1,6,0
0x40631e,33.3333%,6,3,9,0,0,6,3
0x40cbe7,99.5885%,6,1452,1458,1293,3,3,159
0x46fec2,70%,6,14,20,13,3,3,1
0x41127e,99.9903%,6,61791,61797,41196,2,4,20595
0x411d8e,99.9976%,6,253984,253990,169183,1,5,84801
0x4021cd,99.3939%,6,984,990,875,5,1,109
0x411f5e,99.9932%,6,87734,87740,2940,3,3,84794
0x40d89e,72.7273%,6,16,22,0,5,1,16
0x40daca,79.3103%,6,23,29,21,3,3,2
0x404d3c,91.4286%,6,64,70,64,2,4,0
0x40ced6,91.6667%,6,66,72,66,1,5,0
0x402e51,72.7273%,6,16,22,3,2,4,13
0x4089ff,97.8495%,6,273,279,246,2,4,27
0x406932,33.3333%,6,3,9,2,6,0,1
0x40d8e0,64.7059%,6,11,17,10,3,3,1
0x408b27,77.7778%,6,21,27,21,3,3,0
0x40d1a3,53.8462%,6,7,13,5,4,2,2
0x4079ad,97.7778%,6,264,270,237,3,3,27
0x402ef2,79.3103%,6,23,29,23,3,3,0
0x4027b2,94.5455%,6,104,110,104,4,2,0
0x412a5f,99.9855%,6,41277,41283,27516,6,0,13761
0x40e67f,50%,6,6,12,6,2,4,0
0x406482,78.5714%,6,22,28,3,4,2,19
0x407a6d,96.6667%,6,174,180,157,3,3,17
0x40e8b4,92.5926%,6,75,81,70,2,4,5
0x412884,99.9819%,6,33090,33096,2307,5,1,30783
0x4116c2,99.9945%,6,109641,109647,73093,5,1,36548
0x40babf,92.5926%,6,75,81,70,2,4,5
0x401b23,92.5926%,6,75,81,69,3,3,6
0x40c953,96.7742%,6,180,186,120,4,2,60
0x406335,92.5926%,6,75,81,71,1,5,4
0x402d90,66.6667%,6,12,18,10,2,4,2
0x40ea11,86.1111%,5,31,36,31,1,4,0
0x4033f9,96.9136%,5,157,162,142,2,3,15
0x408a52,98.2079%,5,274,279,246,2,3,28
0x40e729,86.1111%,5,31,36,31,1,4,0
0x411907,99.9959%,5,121284,121289,5738,4,1,115546
0x40d19e,95.7265%,5,112,117,102,2,3,10
0x40c2fb,97.3118%,5,181,186,122,2,3,59
0x40689c,82.1429%,5,23,28,20,1,4,3
0x40f2a3,94.7917%,5,91,96,60,4,1,31
0x4020fd,96.9136%,5,157,162,142,2,3,15
0x40d1cf,86.1111%,5,31,36,31,1,4,0
0x41249e,99.9945%,5,91720,91725,60931,2,3,30789
0x408b7c,81.4815%,5,22,27,22,2,3,0
0x411eee,99.9952%,5,104989,104994,69994,2,3,34995
0x4106ce,99.9943%,5,88269,88274,58803,1,4,29466
0x403111,44.4444%,5,4,9,3,5,0,1
0x40641f,98.8426%,5,427,432,382,2,3,45
0x409df7,86.1111%,5,31,36,29,3,2,2
0x40f72e,44.4444%,5,4,9,4,2,3,0
0x40f2eb,68.75%,5,11,16,11,2,3,0
0x409582,44.4444%,5,4,9,4,4,1,0
0x40d632,93.0556%,5,67,72,66,1,4,1
0x41621d,44.4444%,5,4,9,4,4,1,0
0x41059e,99.9566%,5,11527,11532,7684,4,1,3843
0x412372,99.9884%,5,43180,43185,28786,4,1,14394
0x40ca76,72.2222%,5,13,18,11,2,3,2
0x41292e,99.9945%,5,91699,91704,60919,1,4,30780
0x407ac7,75%,5,15,20,15,1,4,0
0x405c4d,97.6852%,5,211,216,188,4,1,23
0x4055be,72.2222%,5,13,18,12,4,1,1
0x408837,98.8426%,5,427,432,381,3,2,46
0x405b65,89.5833%,5,43,48,42,0,5,1
0x409c20,68.75%,5,11,16,0,1,4,11
0x410cee,99.9977%,4,176684,176688,117745,0,4,58939
0x4056cd,55.5556%,4,5,9,5,3,1,0
0x40b22f,95.0617%,4,77,81,71,1,3,6
0x415107,55.5556%,4,5,9,5,3,1,0
0x4064b6,97.8836%,4,185,189,165,3,1,20
0x409bf9,71.4286%,4,10,14,7,2,2,3
0x414e6e,55.5556%,4,5,9,5,3,1,0
0x40224b,55.5556%,4,5,9,0,2,2,5
0x40d37d,84.6154%,4,22,26,21,0,4,1
0x40d914,88.8889%,4,32,36,30,2,2,2
0x404045,97.5309%,4,158,162,141,3,1,17
0x41330e,99.9931%,4,58082,58086,38723,1,3,19359
0x40defd,99.8208%,4,2228,2232,1981,3,1,247
0x402de7,69.2308%,4,9,13,6,3,1,3
0x40f432,33.3333%,4,2,6,2,3,1,0
0x40621c,55.5556%,4,5,9,5,3,1,0
0x406b46,97.8495%,4,182,186,124,0,4,58
0x413d30,55.5556%,4,5,9,5,3,1,0
0x413ff5,55.5556%,4,5,9,5,3,1,0
0x415166,55.5556%,4,5,9,4,4,0,1
0x409c15,80%,4,16,20,1,3,1,15
0x406d2d,86.2069%,4,25,29,25,2,2,0
0x401aef,55.5556%,4,5,9,5,3,1,0
0x40a96b,99.7257%,4,1454,1458,1293,3,1,161
0x401b2c,55.5556%,4,5,9,5,3,1,0
0x402595,77.7778%,4,14,18,14,2,2,0
0x4030b3,55.5556%,4,5,9,4,2,2,1
0x403545,97.5309%,4,158,162,141,3,1,17
0x40279d,99.596%,4,986,990,878,2,2,108
0x40c657,97.8495%,4,182,186,121,3,1,61
0x411b02,99.9974%,4,150965,150969,100645,1,3,50320
0x410e52,99.9931%,4,58091,58095,38729,1,3,19362
0x4157b6,99.4513%,4,725,729,486,0,4,239
0x40bae1,55.5556%,4,5,9,5,3,1,0
0x40e62a,98.7654%,4,320,324,287,1,3,33
0x402e78,76.4706%,4,13,17,12,2,2,1
0x407ae8,88.8889%,4,32,36,31,1,3,1
0x40bfff,97.8495%,4,182,186,121,3,1,61
0x402e9d,85.1852%,4,23,27,21,3,1,2
0x403015,55.5556%,4,5,9,4,2,2,1
0x40e146,88.8889%,4,32,36,32,0,4,0
0x409cdb,99.2063%,4,500,504,446,2,2,54
0x401f73,88.8889%,4,32,36,30,2,2,2
0x40e2ad,88.8889%,4,32,36,32,0,4,0
0x40db5c,50%,4,4,8,4,3,1,0
0x40369c,93.9394%,4,62,66,62,0,4,0
0x4058a9,97.5309%,4,158,162,144,0,4,14
0x40285c,71.4286%,4,10,14,10,2,2,0
0x40cbf3,97.5309%,4,158,162,143,1,3,15
0x4040f0,99.6914%,4,1292,1296,1150,2,2,142
0x4019b9,95.0617%,4,77,81,71,1,3,6
0x412e2e,99.9962%,4,104978,104982,69985,3,1,34993
0x40df9f,88.8889%,4,32,36,30,2,2,2
0x40743d,99.7942%,3,1455,1458,1294,2,1,161
0x40cf0a,93.3333%,3,42,45,39,1,2,3
0x46fde4,96%,3,72,75,2,1,2,70
0x406d21,98.8506%,3,258,261,230,2,1,28
0x40bcf4,98.5294%,3,201,204,141,1,2,60
0x40e8a8,99.5885%,3,726,729,647,1,2,79
0x414025,66.6667%,3,6,9,6,2,1,0
0x402e2f,90%,3,27,30,6,2,1,21
0x4064c2,85.7143%,3,18,21,18,1,2,0
0x410e76,99.996%,3,75511,75514,75511,3,0,0
0x40b7f2,99.4624%,3,555,558,495,1,2,60
0x407455,83.3333%,3,15,18,15,1,2,0
0x401dd6,98.2456%,3,168,171,114,0,3,54
0x4021d2,97.2727%,3,107,110,107,1,2,0
0x40b57b,99.4624%,3,555,558,495,1,2,60
0x412466,99.5392%,3,648,651,0,0,3,648
0x40450c,25%,3,1,4,1,1,2,0
0x40ea00,99.0741%,3,321,324,288,0,3,33
0x406d49,40%,3,2,5,0,2,1,2
0x4019c5,66.6667%,3,6,9,6,2,1,0
0x41a64a,83.3333%,3,15,18,15,1,2,0
0x40bab6,50%,3,3,6,3,1,2,0
0x401f4f,99.8971%,3,2913,2916,2592,0,3,321
0x41ad47,99.9646%,3,8477,8480,7630,2,1,847
0x4125f2,99.9927%,3,41292,41295,27529,1,2,13763
0x40cada,66.6667%,3,6,9,6,0,3,0
0x4026a5,98.1481%,3,159,162,141,3,0,18
0x40ca95,83.3333%,3,15,18,15,1,2,0
0x40eb12,96.2963%,3,78,81,71,1,2,7
0x417892,66.6667%,3,6,9,4,2,1,2
0x40f39a,90.3226%,3,28,31,28,3,0,0
0x40573c,66.6667%,3,6,9,6,2,1,0
0x40d62d,99.537%,3,645,648,574,2,1,71
0x4031f5,0%,3,0,3,0,2,1,0
0x46fda7,96.0526%,3,73,76,2,2,1,71
0x402ece,66.6667%,3,6,9,6,2,1,0
0x4015c1,96.2963%,3,78,81,72,0,3,6
0x402d9c,50%,3,3,6,3,1,2,0
0x41b449,95.8333%,3,69,72,48,0,3,21
0x409bb7,99.7222%,3,1077,1080,958,2,1,119
0x403e6c,83.3333%,3,15,18,15,1,2,0
0x40acb8,99.9403%,3,5019,5022,4461,3,0,558
0x41267d,99.9909%,3,33102,33105,33102,2,1,0
0x40d8db,98.0392%,3,150,153,134,2,1,16
0x407ac2,98.3333%,3,177,180,159,1,2,18
0x412f5e,99.998%,3,150957,150960,100639,1,2,50318
0x4048c9,83.3333%,3,15,18,15,1,2,0
0x40f1da,66.6667%,3,6,9,6,2,1,0
0x4027e0,78.5714%,3,11,14,0,3,0,11
0x40a983,83.3333%,3,15,18,15,1,2,0
0x40ead4,99.5885%,3,726,729,646,2,1,80
0x40c9a2,95.1613%,3,59,62,59,1,2,0
0x4131de,99.9951%,3,61785,61788,41190,2,1,20595
0x40ddfd,99.0741%,3,321,324,287,1,2,34
0x40e662,91.6667%,3,33,36,21,3,0,12
0x405a3e,96.2963%,3,78,81,71,1,2,7
0x40bcdd,99.5238%,3,627,630,424,2,1,203
0x40763c,96.2963%,3,78,81,70,2,1,8
0x414625,83.3333%,3,15,18,14,2,1,1
0x40ca24,95%,3,57,60,57,1,2,0
0x40561d,83.3333%,3,15,18,14,2,1,1
0x409d32,86.9565%,3,20,23,0,1,2,20
0x41260c,99.9909%,3,33102,33105,19026,2,1,14076
0x40340f,83.3333%,3,15,18,15,1,2,0
0x4110f6,98.1707%,3,161,164,0,0,3,161
0x409840,99.6416%,2,556,558,495,1,1,61
0x40d561,97.2222%,2,70,72,63,1,1,7
0x40e266,99.3827%,2,322,324,288,0,2,34
0x405c52,91.6667%,2,22,24,19,1,1,3
0x409d0d,90.4762%,2,19,21,0,1,1,19
0x408b40,50%,2,2,4,1,2,0,1
0x401f62,99.3827%,2,322,324,288,0,2,34
0x40ced1,99.6914%,2,646,648,575,1,1,71
0x4086ee,97.5309%,2,79,81,71,1,1,8
0x4155e6,99.7257%,2,727,729,485,1,1,242
0x40e7ee,50%,2,2,4,1,2,0,1
0x41344e,99.991%,2,22246,22248,14830,2,0,7416
0x4022cc,77.7778%,2,7,9,7,0,2,0
0x41789f,33.3333%,2,1,3,1,1,1,0
0x4030a2,77.7778%,2,7,9,5,2,0,2
0x40844d,99.537%,2,430,432,383,1,1,47
0x40ca1a,88.8889%,2,16,18,15,1,1,1
0x40de09,94.4444%,2,34,36,32,0,2,2
0x40d920,50%,2,2,4,2,0,2,0
0x40b186,66.6667%,2,4,6,2,2,0,2
0x403284,77.7778%,2,7,9,4,2,0,3
0x408a76,33.3333%,2,1,3,1,1,1,0
0x414ffe,77.7778%,2,7,9,7,1,1,0
0x403600,99.8457%,2,1294,1296,1150,2,0,144
0x405360,50%,2,2,4,0,2,0,2
0x4109f2,99.991%,2,22255,22257,14837,1,1,7418
0x40c9fb,88.8889%,2,16,18,13,0,2,3
0x40b034,0%,2,0,2,0,1,1,0
0x40a992,0%,2,0,2,0,1,1,0
0x40cc13,0%,2,0,2,0,1,1,0
0x40afcd,96.7742%,2,60,62,60,0,2,0
0x4179e3,77.7778%,2,7,9,5,1,1,2
0x412b69,99.7406%,2,769,771,0,0,2,769
0x41b3c3,97.2222%,2,70,72,63,1,1,7
0x402f3f,77.7778%,2,7,9,7,1,1,0
0x40791d,99.2593%,2,268,270,239,1,1,29
0x4177a3,77.7778%,2,7,9,7,1,1,0
0x40f2b3,96.875%,2,62,64,31,1,1,31
0x4058b5,88.8889%,2,16,18,16,0,2,0
0x40334d,88.8889%,2,16,18,16,0,2,0
0x408a57,93.5484%,2,29,31,29,0,2,0
0x40589d,99.8628%,2,1456,1458,1295,1,1,161
0x40eb1b,77.7778%,2,7,9,7,1,1,0
0x4084e1,77.7778%,2,7,9,7,1,1,0
0x402289,71.4286%,2,5,7,5,2,0,0
0x41b4df,91.6667%,2,22,24,8,0,2,14
0x40571c,77.7778%,2,7,9,6,2,0,1
0x417734,77.7778%,2,7,9,7,1,1,0
0x408b5a,77.7778%,2,7,9,2,1,1,5
0x40eaa1,33.3333%,2,1,3,1,2,0,0
0x40b95b,66.6667%,2,4,6,4,0,2,0
0x4155fc,99.177%,2,241,243,162,0,2,79
0x40cbff,88.8889%,2,16,18,16,0,2,0
0x40ea3f,50%,2,2,4,0,1,1,2
0x40b570,99.9602%,2,5020,5022,4463,1,1,557
0x408874,99.537%,2,430,432,382,2,0,48
0x402ae5,88.8889%,2,16,18,16,0,2,0
0x40d1db,50%,2,2,4,2,0,2,0
0x4126d1,77.7778%,2,7,9,7,1,1,0
0x41a638,98.7654%,2,160,162,144,0,2,16
0x402ca5,98.3871%,2,122,124,121,1,1,1
0x406b8b,99.6416%,2,556,558,495,1,1,61
0x401de2,96.4912%,2,55,57,37,1,1,18
0x415de5,66.6667%,2,4,6,0,2,0,4
0x4015d6,77.7778%,2,7,9,7,1,1,0
0x4033ed,99.8628%,2,1456,1458,1296,0,2,160
0x402f0f,83.3333%,2,10,12,10,1,1,0
0x409938,98.9247%,2,184,186,124,0,2,60
0x401f94,50%,2,2,4,1,1,1,1
0x40f2f5,33.3333%,2,1,3,1,1,1,0
0x40a8ad,77.7778%,2,7,9,7,1,1,0
0x40f124,77.7778%,2,7,9,7,1,1,0
0x4073aa,77.7778%,2,7,9,7,1,1,0
0x41abe6,99.941%,1,1695,1696,847,1,0,848
0x41a667,50%,1,1,2,1,1,0,0
0x4141b4,66.6667%,1,2,3,2,0,1,0
0x414135,66.6667%,1,2,3,2,0,1,0
0x405b5d,99.7685%,1,431,432,384,0,1,47
0x414055,88.8889%,1,8,9,8,0,1,0
0x40b986,83.3333%,1,5,6,4,0,1,1
0x4177e0,88.8889%,1,8,9,8,0,1,0
0x40c5ef,99.9259%,1,1349,1350,1200,0,1,149
0x4031d6,88.8889%,1,8,9,5,1,0,3
0x40eb5e,98.7654%,1,80,81,72,0,1,8
0x40b226,66.6667%,1,2,3,2,0,1,0
0x4019ad,99.8628%,1,728,729,648,0,1,80
0x4158e4,98.7654%,1,80,81,79,0,1,1
0x40acc3,99.8208%,1,557,558,496,0,1,61
0x41482e,83.3333%,1,5,6,4,0,1,1
0x40eb6a,88.8889%,1,8,9,8,0,1,0
0x40d414,87.5%,1,7,8,7,0,1,0
0x41b25d,93.75%,1,15,16,8,0,1,7
0x4179f0,66.6667%,1,2,3,1,1,0,1
0x40ce12,98.6111%,1,71,72,63,1,0,8
0x40aa69,98.3871%,1,61,62,0,0,1,61
0x40e936,88.8889%,1,8,9,8,0,1,0
0x41309e,99.9991%,1,109637,109638,73092,0,1,36545
0x40eaeb,88.8889%,1,8,9,8,0,1,0
0x414202,50%,1,1,2,1,0,1,0
0x40eb20,0%,1,0,1,0,0,1,0
0x40227d,98.4127%,1,62,63,56,0,1,6
0x413770,50%,1,1,2,0,0,1,1
0x4157c7,99.5885%,1,242,243,162,0,1,80
0x414d9b,50%,1,1,2,1,0,1,0
0x413caa,50%,1,1,2,0,1,0,1
0x40b394,99.8208%,1,557,558,495,1,0,62
0x40f315,0%,1,0,1,0,1,0,0
0x406b35,99.8208%,1,557,558,371,1,0,186
0x402ea9,66.6667%,1,2,3,2,0,1,0
0x40b885,98.3871%,1,61,62,60,0,1,1
0x41359e,99.9913%,1,11522,11523,7682,0,1,3840
0x40e8c0,88.8889%,1,8,9,8,0,1,0
0x40f766,0%,1,0,1,0,1,0,0
0x46fed8,75%,1,3,4,3,0,1,0
0x41343d,99.9978%,1,44495,44496,22248,0,1,22247
0x40ba93,83.3333%,1,5,6,4,0,1,1
0x413c8f,83.3333%,1,5,6,3,1,0,2
0x40c2a3,99.9259%,1,1349,1350,1200,0,1,149
0x40e71d,99.6914%,1,323,324,287,1,0,36
0x40cbd8,99.3827%,1,161,162,0,0,1,161
0x4030bf,66.6667%,1,2,3,1,1,0,1
0x413619,50%,1,1,2,0,1,0,1
0x408bb9,75%,1,3,4,2,0,1,1
0x4045e0,50%,1,1,2,1,1,0,0
0x40d66e,97.7778%,1,44,45,40,0,1,4
0x412853,99.9959%,1,24664,24665,6,1,0,24658
0x40b24f,88.8889%,1,8,9,8,0,1,0
0x401d72,94.7368%,1,18,19,0,0,1,18
0x45c3bb,99.8826%,1,851,852,0,0,1,851
0x40b0a6,66.6667%,1,2,3,1,1,0,1
0x40b0d9,66.6667%,1,2,3,2,0,1,0
0x401e2c,88.8889%,1,8,9,8,0,1,0
0x40c9ff,80%,1,4,5,4,1,0,0
0x40302b,66.6667%,1,2,3,2,0,1,0
0x4056ff,88.8889%,1,8,9,7,1,0,1
0x415da7,83.3333%,1,5,6,3,1,0,2
0x46fe2a,75%,1,3,4,2,1,0,1
0x40f692,88.8889%,1,8,9,8,0,1,0
0x46fdfa,98.6667%,1,74,75,74,1,0,0
0x40f745,66.6667%,1,2,3,2,0,1,0
0x402c9d,99.9104%,1,1115,1116,992,0,1,123
0x403290,66.6667%,1,2,3,1,1,0,1
0x40e9f4,99.9657%,1,2915,2916,2591,1,0,324
0x40cb1f,66.6667%,1,2,3,2,0,1,0
0x408b14,75%,1,3,4,0,1,0,3
0x40775d,99.7685%,1,431,432,383,1,0,48
0x46fe4f,75%,1,3,4,2,1,0,1
0x410b02,99.9981%,1,53548,53549,0,0,1,53548
0x4058c6,50%,1,1,2,1,0,1,0
0x411eba,99.999%,1,104993,104994,0,0,1,104993
0x4057c6,83.3333%,1,5,6,3,1,0,2
0x40b995,50%,1,1,2,1,1,0,0
0x403273,88.8889%,1,8,9,7,0,1,1
0x409924,99.8208%,1,557,558,372,0,1,185
0x40c8fb,99.9259%,1,1349,1350,1199,1,0,150
0x40a8f6,100%,0,2,2,0,0,0,2
0x41a4c0,100%,0,2,2,2,0,0,0
0x417904,100%,0,9,9,8,0,0,1
0x40e44b,100%,0,324,324,0,0,0,324
0x407460,100%,0,2,2,1,0,0,1
0x41a4bb,100%,0,2,2,0,0,0,2
0x41a475,100%,0,2,2,0,0,0,2
0x41afa6,100%,0,8,8,0,0,0,8
0x45c9e3,100%,0,852,852,0,0,0,852
0x40742e,100%,0,162,162,0,0,0,162
0x40e8d2,100%,0,1,1,0,0,0,1
0x41aafc,100%,0,848,848,0,0,0,848
0x405879,100%,0,18,18,0,0,0,18
0x458e3e,100%,0,852,852,852,0,0,0
0x401eb4,100%,0,4,4,0,0,0,4
0x414a06,100%,0,2,2,0,0,0,2
0x40cb72,100%,0,2,2,0,0,0,2
0x40496a,100%,0,18,18,0,0,0,18
0x41a522,100%,0,2,2,0,0,0,2
0x415cbb,100%,0,6,6,0,0,0,6
0x404aa0,100%,0,18,18,0,0,0,18
0x41af9a,100%,0,8,8,0,0,0,8
0x417a22,100%,0,1,1,0,0,0,1
0x411d6a,100%,0,84806,84806,0,0,0,84806
0x41a512,100%,0,2,2,0,0,0,2
0x408b4b,100%,0,1,1,0,0,0,1
0x4179d3,100%,0,9,9,0,0,0,9
0x40a95c,100%,0,162,162,0,0,0,162
0x40c623,100%,0,150,150,0,0,0,150
0x417924,100%,0,9,9,0,0,0,9
0x41470a,100%,0,6,6,0,0,0,6
0x40dfee,100%,0,324,324,0,0,0,324
0x411966,100%,0,200,200,0,0,0,200
0x40e061,100%,0,2916,2916,2592,0,0,324
0x41ac53,100%,0,7632,7632,4194,0,0,3438
0x40dde9,100%,0,36,36,0,0,0,36
0x40e898,100%,0,81,81,0,0,0,81
0x41b4b7,100%,0,8,8,8,0,0,0
0x406b57,100%,0,62,62,0,0,0,62
0x41b46f,100%,0,24,24,0,0,0,24
0x46fdbc,100%,0,75,75,75,0,0,0
0x406b4e,100%,0,62,62,0,0,0,62
0x405638,100%,0,2,2,1,0,0,1
0x4052c1,100%,0,4,4,0,0,0,4
0x4116ad,100%,0,219294,219294,109647,0,0,109647
0x40541f,100%,0,2,2,0,0,0,2
0x413fa9,100%,0,1,1,0,0,0,1
0x405429,100%,0,2,2,0,0,0,2
0x41b16f,100%,0,8,8,0,0,0,8
0x41b015,100%,0,8,8,0,0,0,8
0x406abd,100%,0,62,62,0,0,0,62
0x40ea8d,100%,0,3,3,0,0,0,3
0x41b0d7,100%,0,8,8,0,0,0,8
0x41b0e0,100%,0,8,8,0,0,0,8
0x41768b,100%,0,1,1,1,0,0,0
0x41b124,100%,0,8,8,8,0,0,0
0x40588e,100%,0,162,162,0,0,0,162
0x41afda,100%,0,8,8,8,0,0,0
0x40e92a,100%,0,81,81,72,0,0,9
0x41b181,100%,0,8,8,8,0,0,0
0x41b116,100%,0,8,8,8,0,0,0
0x41b1d8,100%,0,8,8,0,0,0,8
0x41b2b6,100%,0,8,8,8,0,0,0
0x4141ca,100%,0,1,1,1,0,0,0
0x4105c3,100%,0,35054,35054,35054,0,0,0
0x40e6b0,100%,0,4,4,4,0,0,0
0x40e460,100%,0,324,324,0,0,0,324
0x40199e,100%,0,81,81,0,0,0,81
0x40b0eb,100%,0,2,2,0,0,0,2
0x403266,100%,0,3,3,0,0,0,3
0x40311e,100%,0,1,1,0,0,0,1
0x40e568,100%,0,324,324,324,0,0,0
0x4064e7,100%,0,1,1,1,0,0,0
0x41b281,100%,0,8,8,8,0,0,0
0x40ce88,100%,0,72,72,0,0,0,72
0x413281,100%,0,58086,58086,58086,0,0,0
0x40e1e0,100%,0,2916,2916,2592,0,0,324
0x40e73a,100%,0,4,4,0,0,0,4
0x405672,100%,0,1,1,1,0,0,0
0x4045cf,100%,0,2,2,0,0,0,2
0x40e91b,100%,0,9,9,0,0,0,9
0x41b348,100%,0,8,8,0,0,0,8
0x40e984,100%,0,4,4,0,0,0,4
0x417a0c,100%,0,1,1,0,0,0,1
0x402eb9,100%,0,9,9,0,0,0,9
0x40e9d8,100%,0,36,36,0,0,0,36
0x414c85,100%,0,2,2,0,0,0,2
0x45a275,100%,0,852,852,0,0,0,852
0x401f1b,100%,0,36,36,0,0,0,36
0x40e9e3,100%,0,324,324,0,0,0,324
0x46fe6e,100%,0,4,4,0,0,0,4
0x40af91,100%,0,62,62,0,0,0,62
0x401dbd,100%,0,57,57,0,0,0,57
0x40dd9d,100%,0,4,4,0,0,0,4
0x402f6e,100%,0,1,1,0,0,0,1
0x41137f,100%,0,82210,82210,0,0,0,82210
0x40df02,100%,0,248,248,248,0,0,0
0x40e705,100%,0,36,36,0,0,0,36
0x410689,100%,0,136,136,0,0,0,136
0x402c5c,100%,0,124,124,0,0,0,124
0x401d08,100%,0,19,19,0,0,0,19
0x404385,100%,0,4,4,0,0,0,4
0x412ccd,100%,0,86346,86346,43173,0,0,43173
0x40e17e,100%,0,324,324,0,0,0,324
0x401cbf,100%,0,19,19,0,0,0,19
0x412330,100%,0,43185,43185,0,0,0,43185
0x40b896,100%,0,2,2,0,0,0,2
0x40633a,100%,0,9,9,0,0,0,9
0x40351d,100%,0,18,18,0,0,0,18
0x41a5b1,100%,0,2,2,0,0,0,2
0x40f6bb,100%,0,1,1,0,0,0,1
0x4035c3,100%,0,144,144,0,0,0,144
0x4159e0,100%,0,2,2,0,0,0,2
0x402d0d,100%,0,2,2,0,0,0,2
0x4064d8,100%,0,3,3,2,0,0,1
0x41a5a2,100%,0,2,2,2,0,0,0
0x40198b,100%,0,9,9,0,0,0,9
0x4038a6,100%,0,4,4,0,0,0,4
0x403423,100%,0,2,2,0,0,0,2
0x408b81,100%,0,3,3,3,0,0,0
0x405ca7,100%,0,7,7,7,0,0,0
0x4140b8,100%,0,3,3,2,0,0,1
0x41a594,100%,0,2,2,0,0,0,2
0x40401c,100%,0,18,18,0,0,0,18
0x41a530,100%,0,2,2,0,0,0,2
0x4040ae,100%,0,144,144,0,0,0,144
0x40cbc8,100%,0,18,18,0,0,0,18
0x402819,100%,0,11,11,11,0,0,0
0x402da1,100%,0,2,2,0,0,0,2
0x4020bb,100%,0,18,18,0,0,0,18
0x41b250,100%,0,16,16,0,0,0,16
0x40b15b,100%,0,6,6,4,0,0,2
0x402688,100%,0,18,18,0,0,0,18
0x40193f,100%,0,1,1,0,0,0,1
0x4031b9,100%,0,3,3,0,0,0,3
0x40e1e5,100%,0,324,324,324,0,0,0
0x4149e1,100%,0,2,2,0,0,0,2
0x40ac6a,100%,0,62,62,0,0,0,62
0x41308d,100%,0,219276,219276,109638,0,0,109638
0x4116e9,100%,0,109502,109502,109502,0,0,0
0x403376,100%,0,2,2,0,0,0,2
0x40ea92,100%,0,6,6,3,0,0,3
0x4148bc,100%,0,2,2,0,0,0,2
0x4033bb,100%,0,18,18,0,0,0,18
0x41b01e,100%,0,8,8,8,0,0,0
0x41b4e4,100%,0,64,64,64,0,0,0
0x41a615,100%,0,18,18,0,0,0,18
0x401f30,100%,0,324,324,0,0,0,324
0x40eacf,100%,0,81,81,0,0,0,81
0x4132fd,100%,0,116172,116172,58086,0,0,58086
0x45c3a3,100%,0,852,852,0,0,0,852
0x45a267,100%,0,852,852,852,0,0,0
0x40e81e,100%,0,1,1,0,0,0,1
0x45a30d,100%,0,852,852,0,0,0,852
0x45c9d3,100%,0,852,852,0,0,0,852
0x45a86d,100%,0,852,852,852,0,0,0
0x40b0c8,100%,0,3,3,3,0,0,0
0x45a255,100%,0,852,852,0,0,0,852
0x41b26f,100%,0,8,8,8,0,0,0
0x45a20a,100%,0,852,852,0,0,0,852
0x45c38c,100%,0,852,852,0,0,0,852
0x45c37b,100%,0,852,852,852,0,0,0
0x458da8,100%,0,852,852,0,0,0,852
0x417872,100%,0,3,3,0,0,0,3
0x4154b6,100%,0,81,81,0,0,0,81
0x41126d,100%,0,123594,123594,61797,0,0,61797
0x41ac10,100%,0,1696,1696,848,0,0,848
0x413629,100%,0,1,1,0,0,0,1
0x410dc1,100%,0,58095,58095,58095,0,0,0
0x407973,100%,0,49,49,49,0,0,0
0x407922,100%,0,30,30,0,0,0,30
0x408452,100%,0,48,48,48,0,0,0
0x407606,100%,0,9,9,0,0,0,9
0x406d65,100%,0,3,3,3,0,0,0
0x417634,100%,0,1,1,0,0,0,1
0x409ced,100%,0,56,56,0,0,0,56
0x417a8b,100%,0,1,1,1,0,0,0
0x413f9b,100%,0,1,1,1,0,0,0
0x412821,100%,0,1,1,0,0,0,1
0x458e0f,100%,0,852,852,852,0,0,0
0x458dba,100%,0,852,852,0,0,0,852
0x458d6d,100%,0,852,852,0,0,0,852
0x458d63,100%,0,852,852,0,0,0,852
0x45c9ec,100%,0,852,852,852,0,0,0
0x413a10,100%,0,2,2,0,0,0,2
0x45c3d5,100%,0,852,852,0,0,0,852
0x45c3c7,100%,0,852,852,0,0,0,852
0x40c927,100%,0,150,150,0,0,0,150
0x411d56,100%,0,428,428,0,0,0,428
0x413cc5,100%,0,1,1,0,0,0,1
0x40de9b,100%,0,248,248,0,0,0,248
0x41774a,100%,0,1,1,1,0,0,0
0x40b1fb,100%,0,3,3,2,0,0,1
0x410f4b,100%,0,138,138,0,0,0,138
0x41136b,100%,0,161,161,0,0,0,161
0x46fdd3,100%,0,75,75,0,0,0,75
0x40d5df,100%,0,72,72,0,0,0,72
0x411bdb,100%,0,197,197,0,0,0,197
0x410aeb,100%,0,145,145,0,0,0,145
0x411fc9,100%,0,425,425,0,0,0,425
0x407413,100%,0,18,18,0,0,0,18
0x41056d,100%,0,11532,11532,0,0,0,11532
0x412176,100%,0,774,774,0,0,0,774
0x458dc9,100%,0,852,852,852,0,0,0
0x4133c1,100%,0,22248,22248,22248,0,0,0
0x4111e1,100%,0,61797,61797,61797,0,0,0
0x410e10,100%,0,58095,58095,0,0,0,58095
0x45c3d0,100%,0,852,852,0,0,0,852
0x458e2f,100%,0,852,852,852,0,0,0
0x412df6,100%,0,104982,104982,0,0,0,104982
0x41b59e,100%,0,8,8,0,0,0,8
0x40acef,100%,0,62,62,0,0,0,62
0x4132d8,100%,0,58086,58086,0,0,0,58086
0x40f578,100%,0,3,3,3,0,0,0
0x413795,100%,0,2,2,0,0,0,2
0x45c353,100%,0,852,852,0,0,0,852
0x413640,100%,0,2,2,0,0,0,2
0x404f46,100%,0,4,4,0,0,0,4
0x4079c7,100%,0,7,7,0,0,0,7
0x40af66,100%,0,62,62,0,0,0,62
0x410cb6,100%,0,141,141,0,0,0,141
0x40e066,100%,0,324,324,324,0,0,0
0x411526,100%,0,197,197,0,0,0,197
0x40f258,100%,0,7,7,0,0,0,7
0x458d75,100%,0,852,852,0,0,0,852
0x410856,100%,0,148,148,0,0,0,148
0x40eb54,100%,0,9,9,0,0,0,9
0x41247a,100%,0,30792,30792,0,0,0,30792
0x40ca20,100%,0,60,60,0,0,0,60
0x40d308,100%,0,2,2,2,0,0,0
0x40d2da,100%,0,2,2,0,0,0,2
0x415d96,100%,0,18,18,12,0,0,6
0x40d127,100%,0,26,26,0,0,0,26
0x40ce17,100%,0,8,8,0,0,0,8
0x415435,100%,0,81,81,0,0,0,81
0x40cdff,100%,0,8,8,0,0,0,8
0x40ca7f,100%,0,13,13,13,0,0,0
0x40c9a6,100%,0,2,2,0,0,0,2
0x40d566,100%,0,8,8,0,0,0,8
0x40c57a,100%,0,150,150,0,0,0,150
0x40c33a,100%,0,62,62,0,0,0,62
0x40da23,100%,0,2,2,0,0,0,2
0x40c2cf,100%,0,150,150,0,0,0,150
0x40bfcb,100%,0,150,150,0,0,0,150
0x40bf2a,100%,0,150,150,0,0,0,150
0x40bd0d,100%,0,186,186,0,0,0,186
0x40bc57,100%,0,81,81,0,0,0,81
0x40ba30,100%,0,2,2,0,0,0,2
0x415548,100%,0,243,243,0,0,0,243
0x415c10,100%,0,2,2,0,0,0,2
0x415b4a,100%,0,2,2,2,0,0,0
0x415813,100%,0,35,35,0,0,0,35
0x415dd8,100%,0,6,6,0,0,0,6
0x4157d5,100%,0,81,81,0,0,0,81
0x415d63,100%,0,6,6,0,0,0,6
0x41578e,100%,0,243,243,0,0,0,243
0x415707,100%,0,243,243,0,0,0,243
0x4155bf,100%,0,243,243,0,0,0,243
0x40b975,100%,0,6,6,6,0,0,0
0x41552b,100%,0,243,243,0,0,0,243
0x4152f8,100%,0,81,81,0,0,0,81
0x415016,100%,0,1,1,1,0,0,0
0x40eb72,100%,0,1,1,1,0,0,0
0x40eb0d,100%,0,9,9,0,0,0,9
0x40eb00,100%,0,1,1,0,0,0,1
0x40eac7,100%,0,9,9,0,0,0,9
0x40d866,100%,0,29,29,0,0,0,29
0x40d761,100%,0,5,5,0,0,0,5
0x408a81,100%,0,1,1,1,0,0,0
0x40c22e,100%,0,150,150,0,0,0,150
0x40aada,100%,0,558,558,496,0,0,62
0x40aa14,100%,0,81,81,0,0,0,81
0x409ba4,100%,0,120,120,0,0,0,120
0x40994d,100%,0,62,62,0,0,0,62
0x4098af,100%,0,62,62,0,0,0,62
0x409845,100%,0,62,62,0,0,0,62
0x4097f3,100%,0,62,62,0,0,0,62
0x408b65,100%,0,6,6,0,0,0,6
0x40aade,100%,0,62,62,0,0,0,62
0x415bf8,100%,0,2,2,2,0,0,0
0x408a04,100%,0,31,31,31,0,0,0
0x40883c,100%,0,48,48,0,0,0,48
0x4087f8,100%,0,48,48,0,0,0,48
0x4086f3,100%,0,9,9,0,0,0,9
0x4086b8,100%,0,9,9,0,0,0,9
0x407a92,100%,0,45,45,0,0,0,45
0x40baa5,100%,0,6,6,6,0,0,0
0x407a7e,100%,0,20,20,0,0,0,20
0x40afde,100%,0,2,2,0,0,0,2
0x40ca04,100%,0,13,13,13,0,0,0
0x40b81e,100%,0,62,62,0,0,0,62
0x40b5a7,100%,0,62,62,0,0,0,62
0x40b522,100%,0,62,62,0,0,0,62
0x40b398,100%,0,62,62,0,0,0,62
0x40b8ec,100%,0,2,2,0,0,0,2
0x40b198,100%,0,2,2,1,0,0,1
0x40b0fc,100%,0,2,2,0,0,0,2
0x40b045,100%,0,1,1,0,0,0,1
0x40f593,100%,0,3,3,3,0,0,0
0x40af3a,100%,0,558,558,496,0,0,62
0x40ae85,100%,0,62,62,0,0,0,62
0x41ac79,100%,0,2168,2168,2168,0,0,0
0x41ae54,100%,0,1696,1696,848,0,0,848
0x41adab,100%,0,6784,6784,6784,0,0,0
0x41abd9,100%,0,848,848,0,0,0,848
0x41ab81,100%,0,848,848,0,0,0,848
0x41ab24,100%,0,848,848,848,0,0,0
0x41aaec,100%,0,848,848,0,0,0,848
0x40b324,100%,0,62,62,0,0,0,62
0x413151,100%,0,61788,61788,61788,0,0,0
0x411b29,100%,0,121289,121289,121289,0,0,0
0x413011,100%,0,109638,109638,109638,0,0,0
0x40354a,100%,0,18,18,0,0,0,18
0x41124a,100%,0,61797,61797,0,0,0,61797
0x41b596,100%,0,8,8,0,0,0,8
0x4109b0,100%,0,22257,22257,0,0,0,22257
0x41110a,100%,0,82218,82218,0,0,0,82218
0x415670,100%,0,81,81,0,0,0,81
0x458d85,100%,0,852,852,0,0,0,852
0x40ea44,100%,0,3,3,0,0,0,3
0x407aed,100%,0,4,4,0,0,0,4
0x41358d,100%,0,23046,23046,11523,0,0,11523
0x45c9ca,100%,0,852,852,0,0,0,852
0x4112a5,100%,0,86919,86919,86919,0,0,0
0x413418,100%,0,22248,22248,0,0,0,22248
0x405a46,100%,0,9,9,0,0,0,9
0x407aab,100%,0,56,56,0,0,0,56
0x410961,100%,0,22257,22257,22257,0,0,0
0x45c367,100%,0,852,852,0,0,0,852
0x405823,100%,0,2,2,0,0,0,2
0x4117bf,100%,0,103250,103250,0,0,0,103250
0x411bef,100%,0,115539,115539,0,0,0,115539
0x410f62,100%,0,58935,58935,0,0,0,58935
0x40d001,100%,0,5,5,0,0,0,5
0x40f2ff,100%,0,1,1,0,0,0,1
0x412f4d,100%,0,301920,301920,150960,0,0,150960
0x41b178,100%,0,8,8,0,0,0,8
0x41235d,100%,0,86370,86370,43185,0,0,43185
0x40b215,100%,0,3,3,3,0,0,0
0x413566,100%,0,11523,11523,0,0,0,11523
0x412903,100%,0,30784,30784,0,0,0,30784
0x412ed1,100%,0,150960,150960,150960,0,0,0
0x405a0a,100%,0,9,9,0,0,0,9
0x40404a,100%,0,18,18,0,0,0,18
0x41086a,100%,0,53557,53557,0,0,0,53557
0x4125b0,100%,0,41295,41295,0,0,0,41295
0x412712,100%,0,1,1,0,0,0,1
0x402754,100%,0,110,110,0,0,0,110
0x40a94c,100%,0,18,18,0,0,0,18
0x41b00c,100%,0,8,8,0,0,0,8
0x40bcc9,100%,0,223,223,0,0,0,223
0x406b23,100%,0,186,186,0,0,0,186
0x458d97,100%,0,852,852,0,0,0,852
0x410504,100%,0,11532,11532,11532,0,0,0
0x40b175,100%,0,6,6,6,0,0,0
0x40f6b1,100%,0,1,1,0,0,0,1
0x40534a,100%,0,4,4,0,0,0,4
0x45c3ac,100%,0,852,852,852,0,0,0
0x40c35d,100%,0,186,186,0,0,0,186
0x40b1a9,100%,0,1,1,0,0,0,1
0x40ca7a,100%,0,5,5,5,0,0,0
0x4156eb,100%,0,243,243,0,0,0,243
0x458d59,100%,0,852,852,0,0,0,852
0x412ac8,100%,0,34686,34686,0,0,0,34686
0x405513,100%,0,2,2,2,0,0,0
0x417806,100%,0,1,1,0,0,0,1
0x417882,100%,0,9,9,0,0,0,9
0x41b2ab,100%,0,8,8,0,0,0,8
0x40bf9f,100%,0,1350,1350,1200,0,0,150
0x41153a,100%,0,103258,103258,0,0,0,103258
0x41a53e,100%,0,2,2,0,0,0,2
0x405b1e,100%,0,48,48,0,0,0,48
0x41795b,100%,0,1,1,0,0,0,1
0x412b7d,100%,0,31744,31744,0,0,0,31744
0x40563c,100%,0,1,1,0,0,0,1
0x41b5a8,100%,0,8,8,0,0,0,8
0x40c889,100%,0,150,150,0,0,0,150
0x4129d1,100%,0,41283,41283,41283,0,0,0
0x46fe98,100%,0,20,20,0,0,0,20
0x4109dd,100%,0,44514,44514,22257,0,0,22257
0x4177d3,100%,0,9,9,0,0,0,9
0x41069d,100%,0,29470,29470,0,0,0,29470
0x40b8fd,100%,0,2,2,0,0,0,2
0x412da1,100%,0,104982,104982,104982,0,0,0
0x410a16,100%,0,61546,61546,61546,0,0,0
0x411680,100%,0,109647,109647,0,0,0,109647
0x40ba41,100%,0,2,2,0,0,0,2
0x409d75,100%,0,13,13,13,0,0,0
0x412561,100%,0,41295,41295,41295,0,0,0
0x4033d1,100%,0,162,162,0,0,0,162
0x412a20,100%,0,41283,41283,0,0,0,41283
0x410cca,100%,0,58943,58943,0,0,0,58943
0x41ac15,100%,0,848,848,0,0,0,848
0x40eab8,100%,0,1,1,0,0,0,1
0x409912,100%,0,186,186,0,0,0,186
0x41a558,100%,0,2,2,0,0,0,2
0x408a96,100%,0,2,2,0,0,0,2
0x40219c,100%,0,110,110,0,0,0,110
0x40f446,100%,0,1,1,0,0,0,1
0x416240,100%,0,1,1,0,0,0,1
0x4179c4,100%,0,3,3,0,0,0,3
0x412c51,100%,0,43173,43173,43173,0,0,0
0x4026aa,100%,0,18,18,0,0,0,18
0x41b15e,100%,0,8,8,0,0,0,8
0x41b506,100%,0,8,8,8,0,0,0
0x46fe67,100%,0,4,4,0,0,0,4
0x413511,100%,0,11523,11523,11523,0,0,0
0x41ab0a,100%,0,848,848,0,0,0,848
0x40f6a1,100%,0,1,1,0,0,0,1
0x417792,100%,0,9,9,0,0,0,9
0x4131cd,100%,0,123576,123576,61788,0,0,61788
0x410406,100%,0,139,139,0,0,0,139
0x4117ab,100%,0,194,194,0,0,0,194
0x4131ac,100%,0,61788,61788,0,0,0,61788
0x409960,100%,0,558,558,496,0,0,62
0x41b3d7,100%,0,8,8,8,0,0,0
0x46fdac,100%,0,75,75,75,0,0,0
0x411631,100%,0,109647,109647,109647,0,0,0
0x411f12,100%,0,87750,87750,87750,0,0,0
0x41306c,100%,0,109638,109638,0,0,0,109638
0x40b2cf,100%,0,81,81,0,0,0,81
0x402102,100%,0,18,18,0,0,0,18
0x4073bd,100%,0,2,2,0,0,0,2
0x408b38,100%,0,3,3,0,0,0,3
0x40b73d,100%,0,62,62,0,0,0,62
0x412ca6,100%,0,43173,43173,0,0,0,43173
0x41b22e,100%,0,8,8,8,0,0,0
0x412a4e,100%,0,82566,82566,41283,0,0,41283
0x40ff91,100%,0,24668,24668,0,0,0,24668
0x408410,100%,0,48,48,0,0,0,48
0x401b16,100%,0,9,9,0,0,0,9
0x41afe7,100%,0,8,8,8,0,0,0
0x411aed,100%,0,301938,301938,150969,0,0,150969
0x40f6c6,100%,0,1,1,1,0,0,0
0x411fdd,100%,0,84797,84797,0,0,0,84797
0x410e3d,100%,0,116190,116190,58095,0,0,58095
0x40f309,100%,0,1,1,0,0,0,1
0x458de7,100%,0,852,852,0,0,0,852
0x401b08,100%,0,1,1,0,0,0,1
0x403a3a,100%,0,4,4,4,0,0,0
0x412f2c,100%,0,150960,150960,0,0,0,150960
0x411edd,100%,0,209988,209988,104994,0,0,104994
0x417931,100%,0,9,9,8,0,0,1
0x415db0,100%,0,2,2,2,0,0,0
0x411e51,100%,0,104994,104994,104994,0,0,0
0x407641,100%,0,9,9,0,0,0,9
0x412e1d,100%,0,209964,209964,104982,0,0,104982
0x4063f0,100%,0,48,48,0,0,0,48
0x40e88d,100%,0,9,9,0,0,0,9
0x41197a,100%,0,115547,115547,0,0,0,115547
0x458e39,100%,0,852,852,0,0,0,852
0x41218a,100%,0,31753,31753,0,0,0,31753
0x4122e1,100%,0,43185,43185,43185,0,0,0
0x411ac0,100%,0,150969,150969,0,0,0,150969
0x40da4a,100%,0,2,2,2,0,0,0
0x411a71,100%,0,150969,150969,150969,0,0,0
0x415cdf,100%,0,6,6,0,0,0,6
0x45a235,100%,0,852,852,0,0,0,852
0x40d546,100%,0,8,8,0,0,0,8
0x4128ef,100%,0,648,648,0,0,0,648
0x413b86,100%,0,6,6,0,0,0,6
0x41058d,100%,0,23064,23064,11532,0,0,11532
0x414726,100%,0,6,6,0,0,0,6
0x40b849,100%,0,62,62,0,0,0,62
0x41041a,100%,0,29478,29478,0,0,0,29478
0x40497f,100%,0,18,18,0,0,0,18
0x4125dd,100%,0,82590,82590,41295,0,0,41295
0x4178f3,100%,0,9,9,0,0,0,9
