Branch PC,Accuracy,Mispredictions,Correct Predictions,Total,dir_t_pred_t,dir_t_pred_nt,dir_nt_pred_t,dir_nt_pred_nt
aggregate,99.7697%,111894,48479060,48590954,12884356,41420,70474,35594704
0x638ed8,99.3927%,17480,2861051,2878531,2482973,6597,10883,378078
0x64cc86,99.7641%,13092,5536294,5549386,5536154,182,12910,140
0x7b358e,89.1854%,11159,92026,103185,86636,1901,9258,5390
0x64d0d3,98.3247%,8684,509678,518362,264577,4292,4392,245101
0x406ce1,86.1258%,8655,53727,62382,28940,961,7694,24787
0x64cc75,99.8865%,6304,5549362,5555666,2,6278,26,5549360
0x406c31,89.3023%,4183,34919,39102,27447,1829,2354,7472
0x7b3597,81.2807%,2742,11906,14648,7063,1017,1725,4843
0x406b67,79.2704%,2324,8887,11211,8605,405,1919,282
0x7b1cd3,80.2729%,2096,8529,10625,460,1394,702,8069
0x64cec8,74.0548%,2093,5974,8067,4115,881,1212,1859
0x7b347d,88.0461%,1751,12897,14648,6619,981,770,6278
0x638eec,99.5506%,1748,387213,388961,370634,203,1545,16579
0x64d0f2,99.3885%,1644,267225,268869,11353,899,745,255872
0x406c39,86.6292%,1499,9712,11211,21,1408,91,9691
0x7b320a,92.747%,1481,18938,20419,11851,1037,444,7087
0x7b321b,80.7462%,1450,6081,7531,5913,87,1363,168
0x638d03,92.4137%,1321,16092,17413,16091,39,1282,1
0x638ecb,99.9549%,1298,2878515,2879813,2,1281,17,2878513
0x406c06,98.7121%,1289,98793,100082,89092,463,826,9701
0x7b1ca1,92.3558%,954,11526,12480,1178,677,277,10348
0x7b327b,84.1%,954,5046,6000,712,777,177,4334
0x638f7a,95.4643%,822,17301,18123,16589,29,793,712
0x7b32e4,94.8508%,699,12876,13575,12758,117,582,118
0x7b3806,91.2715%,694,7257,7951,1051,443,251,6206
0x7b303a,96.0466%,601,14601,15202,3129,241,360,11472
0x406c0b,95.4687%,508,10703,11211,1102,283,225,9601
0x7b31b5,98.3579%,487,29170,29657,7837,365,122,21333
0x406d92,96.6606%,480,13894,14374,13891,18,462,3
0x7b3251,69.2053%,465,1045,1510,394,306,159,651
0x7b1d08,96.4343%,445,12035,12480,2073,218,227,9962
0x7b377e,94.2287%,425,6939,7364,6925,55,370,14
0x7b3774,95.0619%,399,7681,8080,444,272,127,7237
0x7b3610,93.5495%,378,5482,5860,4853,155,223,629
0x64a793,99.9392%,378,621673,622051,52764,269,109,568909
0x7b3496,94.6935%,374,6674,7048,6149,161,213,525
0x64e273,96.7452%,348,10344,10692,10344,14,334,0
0x7b3236,89.0728%,330,2690,3020,1876,133,197,814
0x64a748,99.7983%,287,141979,142266,36713,98,189,105266
0x678c33,99.9071%,258,277494,277752,37314,116,142,240180
0x7b32e6,65.1429%,244,456,700,310,118,126,146
0x7b2fc5,99.0613%,215,22690,22905,10469,99,116,12221
0x7b37f9,97.5223%,197,7754,7951,5645,91,106,2109
0x4ab909,98.4999%,196,12870,13066,12742,24,172,128
0x64cc9d,98.5655%,189,12986,13175,3301,130,59,9685
0x7b1af5,99.4773%,185,35206,35391,12417,63,122,22789
0x7b1b7f,99.2013%,183,22728,22911,12959,100,83,9769
0x7b337d,83.0875%,172,845,1017,13,147,25,832
0x7b13d8,99.729%,159,58521,58680,7576,81,78,50945
0x4a76b9,98.7865%,156,12699,12855,12688,16,140,11
0x5ea1d4,91.7249%,154,1707,1861,1669,33,121,38
0x7b361a,83.0986%,144,708,852,698,32,112,10
0x406b91,98.7334%,142,11069,11211,606,78,64,10463
0x7b3354,89.5509%,121,1037,1158,42,99,22,995
0x64cca3,98.7993%,117,9627,9744,3382,60,57,6245
0x7b1490,98.8925%,117,10447,10564,10388,43,74,59
0x406b4d,99.6668%,113,33797,33910,22654,45,68,11143
0x4996c7,99.7019%,111,37131,37242,19616,47,64,17515
0x64ccea,99.4553%,106,19353,19459,6711,62,44,12642
0x7b2fa5,99.6857%,105,33302,33407,10434,68,37,22868
0x498413,99.8948%,103,97852,97955,46923,60,43,50929
0x64ced9,96.7763%,99,2972,3071,2594,44,55,378
0x5a1401,99.8782%,99,81187,81286,28989,34,65,52198
0x66db99,96.5407%,97,2707,2804,1738,52,45,969
0x66dbb9,97.2045%,92,3199,3291,2228,49,43,971
0x64a777,99.8344%,88,53048,53136,50,53,35,52998
0x7b363a,56.6327%,85,111,196,26,48,37,85
0x4ab7f9,84.3931%,81,438,519,186,32,49,252
0x617d49,84.556%,80,438,518,321,32,48,117
0x64a0b9,83.9506%,78,408,486,274,31,47,134
0x7d2236,98.7729%,77,6198,6275,5795,61,16,403
0x678c38,99.968%,77,240245,240322,54263,37,40,185982
0x7b1469,99.2806%,76,10488,10564,7621,36,40,2867
0x64ccb7,99.2406%,74,9670,9744,2842,58,16,6828
0x66dbd4,92.7022%,74,940,1014,481,33,41,459
0x64cebb,99.6407%,73,20246,20319,12219,33,40,8027
0x678c13,99.9741%,71,273615,273686,35320,37,34,238295
0x7b151b,99.8858%,67,58613,58680,52792,20,47,5821
0x64cbce,99.6278%,65,17400,17465,10661,31,34,6739
0x678c20,99.9731%,64,238265,238329,52281,26,38,185984
0x7b329d,98.6256%,62,4449,4511,485,14,48,3964
0x7b1cdc,99.3501%,57,8714,8771,2,36,21,8712
0x4dbff5,85.2332%,57,329,386,199,39,18,130
0x54afc8,73.8095%,55,155,210,36,43,12,119
0x649a4c,99.7005%,53,17641,17694,1265,29,24,16376
0x64cc51,99.7328%,52,19407,19459,93,32,20,19314
0x66dbe3,89.6%,52,448,500,314,29,23,134
0x4ab8e0,99.6173%,50,13016,13066,13016,21,29,0
0x64cf6f,88.6836%,49,384,433,355,17,32,29
0x498459,99.9098%,46,50926,50972,23431,36,10,27495
0x5ea1b3,97.5282%,46,1815,1861,1665,8,38,150
0x4069e7,99.8868%,45,39722,39767,33869,41,4,5853
0x7b3020,99.7864%,45,21025,21070,5846,22,23,15179
0x4a7249,90.5286%,43,411,454,273,16,27,138
0x4602f1,92.1818%,43,507,550,176,26,17,331
0x45f97f,92.2652%,42,501,543,363,9,33,138
0x4a76ad,99.6819%,41,12850,12891,2,34,7,12848
0x674e57,98.9494%,39,3673,3712,3662,21,18,11
0x7b31fd,99.8092%,39,20399,20438,0,19,20,20399
0x7b34af,94.9864%,37,701,738,618,16,21,83
0x538db4,87.8788%,36,261,297,229,16,20,32
0x4a6fd9,78.7879%,35,130,165,104,8,27,26
0x64cd2f,99.8253%,34,19424,19458,13648,15,19,5776
0x7b3446,99.5855%,34,8168,8202,5841,19,15,2327
0x649a90,99.811%,31,16369,16400,10707,14,17,5662
0x5d0c0a,99.7912%,31,14817,14848,14817,2,29,0
0x649a20,99.8726%,30,23521,23551,17682,12,18,5839
0x7b1c4a,99.7676%,29,12451,12480,12451,11,18,0
0x460287,97.1624%,29,993,1022,282,13,16,711
0x49852d,99.7912%,29,13857,13886,7052,10,19,6805
0x45bdbf,81.0811%,28,120,148,82,14,14,38
0x5a12f2,99.9536%,27,58131,58158,46490,6,21,11641
0x499719,99.8476%,27,17691,17718,18,12,15,17673
0x7b14c3,79.6992%,27,106,133,24,16,11,82
0x7b3347,99.1783%,27,3259,3286,2111,17,10,1148
0x45f909,97.3251%,26,946,972,946,2,24,0
0x4069f0,99.5561%,26,5831,5857,468,12,14,5363
0x406d73,94.5833%,26,454,480,3,12,14,451
0x45b74f,77.7778%,24,84,108,11,19,5,73
0x406c5a,99.9261%,24,32457,32481,32457,24,0,0
0x7b31ec,99.3567%,24,3707,3731,3273,13,11,434
0x7b3645,81.1475%,23,99,122,45,9,14,54
0x638c9f,99.8679%,23,17390,17413,17390,23,0,0
0x5ea774,85.5346%,23,136,159,9,19,4,127
0x7b3586,99.9752%,22,88515,88537,0,0,22,88515
0x7b14cc,76.3441%,22,71,93,45,14,8,26
0x64a7a7,99.9961%,22,568996,569018,568996,22,0,0
0x7b17e1,64.4068%,21,38,59,1,18,3,37
0x7b31e7,99.9021%,21,21434,21455,17716,8,13,3718
0x649ecd,99.8869%,21,18554,18575,11810,10,11,6744
0x4a7270,95.5947%,20,434,454,277,12,8,157
0x7b31a8,99.9021%,20,20399,20419,0,0,20,20399
0x4ab8a3,94.0653%,20,317,337,28,9,11,289
0x7bd972,91.3793%,20,212,232,190,13,7,22
0x638eb7,99.9993%,20,2879793,2879813,0,0,20,2879793
0x7b575c,99.9463%,19,35372,35391,35372,19,0,0
0x4a7069,88.4848%,19,146,165,139,10,9,7
0x4a80b9,92.6724%,17,215,232,213,3,14,2
0x5a12c8,99.9675%,17,52322,52339,29044,11,6,23278
0x7b364e,75%,17,51,68,38,5,12,13
0x5ea649,90.2857%,17,158,175,154,5,12,4
0x550434,99.9026%,17,17432,17449,11641,13,4,5791
0x406acf,99.9499%,17,33893,33910,33893,17,0,0
0x4ad6cc,94.9254%,17,318,335,112,12,5,206
0x7b3788,99.7896%,17,8063,8080,7941,10,7,122
0x638a10,99.9081%,16,17397,17413,17397,16,0,0
0x4a71f3,85.7143%,16,96,112,31,3,13,65
0x5d8eff,65.9574%,16,31,47,12,13,3,19
0x64df90,99.8504%,16,10676,10692,10676,16,0,0
0x48942a,99.7417%,15,5792,5807,0,12,3,5792
0x4a7508,72.2222%,15,39,54,27,11,4,12
0x7b143d,99.858%,15,10549,10564,10469,2,13,80
0x4157a8,93.5345%,15,217,232,212,4,11,5
0x64cc6a,99.9997%,15,5555655,5555670,0,0,15,5555655
0x7b14de,99.858%,15,10549,10564,10,9,6,10539
0x5f7b79,94.1176%,15,240,255,240,7,8,0
0x460290,97.9367%,15,712,727,25,5,10,687
0x547d3a,93.5345%,15,217,232,214,2,13,3
0x638a02,99.9139%,15,17398,17413,0,0,15,17398
0x48c463,70%,15,35,50,25,5,10,10
0x4a73b7,91.5663%,14,152,166,44,10,4,108
0x5ec357,84.7826%,14,78,92,50,9,5,28
0x638bd7,99.9196%,14,17399,17413,17399,14,0,0
0x64cc6f,99.9997%,14,5555656,5555670,0,4,10,5555656
0x550b32,99.8795%,14,11608,11622,5823,4,10,5785
0x4b59b0,99.8793%,14,11581,11595,5791,6,8,5790
0x490a36,6.66667%,14,1,15,1,9,5,0
0x45b761,82.0513%,14,64,78,51,3,11,13
0x4a85b0,93.2292%,13,179,192,179,5,8,0
0x4602e9,98.5539%,13,886,899,341,8,5,545
0x7b50eb,99.9611%,13,33394,33407,33394,13,0,0
0x5a142f,99.9751%,13,52250,52263,23197,11,2,29053
0x4157c8,86.4583%,13,83,96,71,9,4,12
0x4a75c5,92.3529%,13,157,170,0,5,8,157
0x5ec0af,93.0851%,13,175,188,167,1,12,8
0x4a74c5,92.1687%,13,153,166,31,10,3,122
0x7b3691,90.1639%,12,110,122,90,7,5,20
0x48ea16,92.7273%,12,153,165,153,4,8,0
0x5a0991,99.9415%,12,20496,20508,13605,10,2,6891
0x7b511c,99.9641%,12,33395,33407,33395,12,0,0
0x644c9c,99.9483%,12,23190,23202,23190,12,0,0
0x415788,87.5%,12,84,96,77,3,9,7
0x4a71fe,84.6154%,12,66,78,46,8,4,20
0x415c5a,94.0541%,11,174,185,158,11,0,16
0x5486b1,99.9054%,11,11611,11622,5791,4,7,5820
0x406e27,99.9662%,11,32537,32548,0,0,11,32537
0x498432,99.9784%,11,50961,50972,0,0,11,50961
0x5ec163,94.1489%,11,177,188,171,9,2,6
0x6ee3e3,99.9689%,11,35379,35390,0,0,11,35379
0x7b369b,90.9836%,11,111,122,3,6,5,108
0x638c24,99.9368%,11,17402,17413,0,0,11,17402
0x45fa18,72.5%,11,29,40,19,5,6,10
0x5dc984,99.9137%,10,11584,11594,0,0,10,11584
0x7b32db,99.9223%,10,12865,12875,0,0,10,12865
0x48c7ea,87.3418%,10,69,79,67,4,6,2
0x5ec71d,83.3333%,10,50,60,35,1,9,15
0x5d8f9c,58.3333%,10,14,24,4,2,8,10
0x4b5a08,99.9138%,10,11585,11595,0,9,1,11585
0x60cbd3,16.6667%,10,2,12,2,10,0,0
0x66db68,99.0215%,10,1012,1022,1,7,3,1011
0x5dfb81,99.9816%,10,54278,54288,0,0,10,54278
0x7b307d,99.9691%,10,32380,32390,0,0,10,32380
0x45c71f,80.7692%,10,42,52,24,1,9,18
0x54aeb9,88.3721%,10,76,86,76,10,0,0
0x5a0b83,99.914%,10,11612,11622,5790,5,5,5822
0x492791,71.4286%,10,25,35,25,5,5,0
0x63a3d9,0%,9,0,9,0,9,0,0
0x64cce0,99.9537%,9,19450,19459,0,0,9,19450
0x7b200e,99.9279%,9,12471,12480,0,0,9,12471
0x7b1b07,99.9607%,9,22902,22911,0,0,9,22902
0x644b48,99.9612%,9,23193,23202,23193,9,0,0
0x406b5a,99.9197%,9,11202,11211,0,0,9,11202
0x7b5145,99.9731%,9,33398,33407,0,0,9,33398
0x487956,78.0488%,9,32,41,10,6,3,22
0x4908e7,40%,9,6,15,6,4,5,0
0x49095e,40%,9,6,15,6,4,5,0
0x5dc81a,99.9834%,9,54279,54288,0,0,9,54279
0x644b07,99.9612%,9,23193,23202,0,0,9,23193
0x7b1f40,99.9279%,9,12471,12480,12471,9,0,0
0x5a147e,99.9779%,9,40708,40717,40692,5,4,16
0x499e34,96.3415%,9,237,246,106,4,5,131
0x4a8133,50%,8,8,16,8,8,0,0
0x54da57,97.048%,8,263,271,0,0,8,263
0x4a8079,91.6667%,8,88,96,80,0,8,8
0x48797c,68%,8,17,25,10,6,2,7
0x7b5743,99.9774%,8,35383,35391,0,0,8,35383
0x5ec7ad,99.5485%,8,1764,1772,914,1,7,850
0x5a0ff5,99.9847%,8,52331,52339,52314,5,3,17
0x64cc64,99.9999%,8,5555662,5555670,0,0,8,5555662
0x487b9b,76.4706%,8,26,34,5,4,4,21
0x649e85,99.9569%,8,18567,18575,0,0,8,18567
0x638cd1,99.9541%,8,17405,17413,17405,8,0,0
0x488580,80%,8,32,40,29,3,5,3
0x4b128e,99.8621%,8,5795,5803,5795,8,0,0
0x5d8fef,11.1111%,8,1,9,1,8,0,0
0x7b1bae,99.9694%,7,22904,22911,13054,5,2,9850
0x4a73d8,94.4%,7,118,125,111,1,6,7
0x48c4d2,30%,7,3,10,0,0,7,3
0x617d68,95.7576%,7,158,165,158,7,0,0
0x486238,12.5%,7,1,8,1,7,0,0
0x644cfe,99.9698%,7,23195,23202,23195,7,0,0
0x490aab,53.3333%,7,8,15,5,0,7,3
0x5a1357,99.9699%,7,23277,23284,23264,0,7,13
0x4984f1,99.9411%,7,11884,11891,6059,5,2,5825
0x54bf93,41.6667%,7,5,12,5,7,0,0
0x487b79,90%,7,63,70,36,0,7,27
0x535a09,93.6937%,7,104,111,104,7,0,0
0x644921,99.9698%,7,23195,23202,23195,7,0,0
0x64a754,99.9934%,7,105448,105455,52315,4,3,53133
0x7b1b39,99.9694%,7,22904,22911,22904,7,0,0
0x7b50fc,99.979%,7,33400,33407,0,0,7,33400
0x48c6d1,91.1392%,7,72,79,70,2,5,2
0x4b5bb0,99.9396%,7,11579,11586,11579,7,0,0
0x7b1b18,99.9694%,7,22904,22911,0,0,7,22904
0x4a77f5,80.5556%,7,29,36,13,4,3,16
0x5ea014,87.2727%,7,48,55,0,3,4,48
0x64a764,99.9934%,7,105448,105455,52315,4,3,53133
0x638c08,99.9598%,7,17406,17413,0,0,7,17406
0x486804,99.9758%,7,28977,28984,28977,7,0,0
0x7b1c13,99.9439%,7,12473,12480,0,0,7,12473
0x4b5a9c,99.9396%,7,11579,11586,0,0,7,11579
0x5a12b9,99.9885%,6,52333,52339,0,0,6,52333
0x60c35a,50%,6,6,12,0,3,3,6
0x63a453,33.3333%,6,3,9,3,6,0,0
0x4aad28,25%,6,2,8,2,6,0,0
0x63a17f,33.3333%,6,3,9,3,6,0,0
0x48629e,25%,6,2,8,0,0,6,2
0x639ef0,33.3333%,6,3,9,3,6,0,0
0x7b1ba9,99.9738%,6,22905,22911,0,0,6,22905
0x7b4231,99.914%,6,6974,6980,0,0,6,6974
0x490ab4,60%,6,9,15,8,2,4,1
0x7b30a3,99.8978%,6,5862,5868,5706,3,3,156
0x46167b,78.5714%,6,22,28,4,5,1,18
0x5ec254,96.6667%,6,174,180,9,3,3,165
0x406cbf,99.9815%,6,32475,32481,0,0,6,32475
0x45c8cf,88.8889%,6,48,54,1,3,3,47
0x45c899,88.4615%,6,46,52,0,0,6,46
0x645e2b,81.25%,6,26,32,0,0,6,26
0x5ec0c3,70%,6,14,20,14,6,0,0
0x63a1b1,33.3333%,6,3,9,3,6,0,0
0x490aa2,70%,6,14,20,0,5,1,14
0x549929,66.6667%,6,12,18,12,2,4,0
0x644b1b,99.9741%,6,23196,23202,0,0,6,23196
0x64d25f,99.951%,6,12246,12252,12246,6,0,0
0x415d17,96.7568%,6,179,185,165,4,2,14
0x5a08ad,99.8982%,6,5890,5896,5890,6,0,0
0x644cb0,99.9741%,6,23196,23202,0,0,6,23196
0x494813,71.4286%,6,15,21,12,2,4,3
0x7b2fd7,99.9514%,6,12331,12337,12331,6,0,0
0x6499f7,99.9745%,6,23545,23551,23545,6,0,0
0x54dff7,99.9752%,6,24232,24238,0,0,6,24232
0x7b2f7a,99.982%,6,33401,33407,0,0,6,33401
0x49094a,60%,6,9,15,0,5,1,9
0x5a15e5,99.9125%,6,6850,6856,29,3,3,6821
0x5a146b,99.9885%,6,52225,52231,52225,6,0,0
0x7b1ac9,99.983%,6,35385,35391,0,0,6,35385
0x415e9b,62.5%,6,10,16,10,6,0,0
0x549939,72.2222%,5,13,18,11,3,2,2
0x61a6bf,91.5254%,5,54,59,54,5,0,0
0x490d4c,66.6667%,5,10,15,10,0,5,0
0x460341,37.5%,5,3,8,1,2,3,2
0x66dd14,68.75%,5,11,16,7,1,4,4
0x49274b,0%,5,0,5,0,5,0,0
0x7b1add,99.9859%,5,35386,35391,0,0,5,35386
0x5ec7d8,99.4166%,5,852,857,696,2,3,156
0x490c54,0%,5,0,5,0,5,0,0
0x66f346,99.3939%,5,820,825,326,4,1,494
0x7d2242,98.8067%,5,414,419,414,5,0,0
0x676e0a,37.5%,5,3,8,0,0,5,3
0x4927ee,85.7143%,5,30,35,29,1,4,1
0x5a101a,99.9904%,5,52314,52319,0,0,5,52314
0x7b1b2a,99.9782%,5,22906,22911,0,0,5,22906
0x49090a,50%,5,5,10,1,4,1,4
0x64d187,99.9592%,5,12247,12252,12247,5,0,0
0x4aa0c8,44.4444%,5,4,9,4,5,0,0
0x66efb6,98.9899%,5,490,495,0,0,5,490
0x5f7c01,68.75%,5,11,16,3,5,0,8
0x7b17c8,91.5254%,5,54,59,0,0,5,54
0x490941,75%,5,15,20,0,5,0,15
0x535c33,90.3846%,5,47,52,47,5,0,0
0x64469f,99.9785%,5,23197,23202,0,0,5,23197
0x6390bc,99.9742%,5,19401,19406,18120,3,2,1281
0x4a769f,99.9612%,5,12886,12891,0,0,5,12886
0x5e47c9,37.5%,5,3,8,3,5,0,0
0x4a7d8b,79.1667%,5,19,24,16,0,5,3
0x490a6b,50%,5,5,10,4,1,4,1
0x60c8db,58.3333%,5,7,12,0,0,5,7
0x49b04d,84.375%,5,27,32,7,5,0,20
0x638efc,99.9724%,5,18119,18124,18119,5,0,0
0x45f9b1,98.7374%,5,391,396,371,1,4,20
0x5a0e57,84.375%,5,27,32,27,5,0,0
0x4861e2,37.5%,5,3,8,0,0,5,3
0x5eae6d,68.75%,5,11,16,6,2,3,5
0x4a97c2,44.4444%,5,4,9,0,0,5,4
0x68435e,58.3333%,5,7,12,7,5,0,0
0x406a10,99.907%,5,5372,5377,0,0,5,5372
0x649f1e,66.6667%,5,10,15,10,5,0,0
0x7b573a,99.9859%,5,35386,35391,0,0,5,35386
0x4b5efa,37.5%,5,3,8,3,5,0,0
0x4996a8,99.9866%,5,37237,37242,0,0,5,37237
0x4a71b3,96.9697%,5,160,165,160,5,0,0
0x60c11c,58.3333%,5,7,12,0,3,2,7
0x5a1486,75%,5,15,20,15,5,0,0
0x644bbc,99.9785%,5,23197,23202,23197,5,0,0
0x490a62,60%,4,6,10,0,0,4,6
0x64cf4e,99.0762%,4,429,433,429,4,0,0
0x7b3489,99.9432%,4,7044,7048,0,0,4,7044
0x7b3fe4,55.5556%,4,5,9,5,4,0,0
0x5e487a,50%,4,4,8,4,4,0,0
0x64d0c3,99.9992%,4,518358,518362,0,0,4,518358
0x7b4247,99.9427%,4,6976,6980,0,0,4,6976
0x4e844a,50%,4,4,8,3,1,3,1
0x7b5753,99.9887%,4,35387,35391,0,0,4,35387
0x60ce29,66.6667%,4,8,12,8,4,0,0
0x7b5137,99.988%,4,33403,33407,0,0,4,33403
0x4867b8,99.9862%,4,28980,28984,28980,4,0,0
0x7b3670,96.7213%,4,118,122,0,0,4,118
0x676ee2,83.3333%,4,20,24,14,2,2,6
0x63906e,99.9794%,4,19402,19406,0,0,4,19402
0x638a3f,99.977%,4,17409,17413,0,0,4,17409
0x6ec690,99.988%,4,33402,33406,33402,4,0,0
0x7b1cbd,99.9624%,4,10621,10625,0,0,4,10621
0x461187,50%,4,4,8,0,0,4,4
0x550cb7,99.9322%,4,5892,5896,0,0,4,5892
0x490953,73.3333%,4,11,15,10,0,4,1
0x4a7420,90.2439%,4,37,41,30,0,4,7
0x61800b,75%,4,12,16,0,0,4,12
0x490a74,20%,4,1,5,1,4,0,0
0x490913,20%,4,1,5,1,4,0,0
0x4a81a1,75%,4,12,16,5,3,1,7
0x4a9667,66.6667%,4,8,12,8,4,0,0
0x49c6e6,99.9656%,4,11618,11622,11618,4,0,0
0x646015,87.5%,4,28,32,28,4,0,0
0x547aca,93.2203%,4,55,59,55,4,0,0
0x41597f,75%,4,12,16,12,4,0,0
0x54ce66,66.6667%,4,8,12,0,0,4,8
0x6390d3,99.6882%,4,1279,1283,0,0,4,1279
0x48fc43,50%,4,4,8,3,2,2,1
0x494762,42.8571%,4,3,7,3,4,0,0
0x5ea758,75%,4,12,16,7,4,0,5
0x5e995e,92.7273%,4,51,55,51,1,3,0
0x63905a,99.9779%,4,18119,18123,18119,4,0,0
0x7d2238,99.0453%,4,415,419,0,0,4,415
0x4926dd,20%,4,1,5,1,4,0,0
0x60ce4a,66.6667%,4,8,12,8,4,0,0
0x5e2b85,99.9943%,4,69691,69695,0,0,4,69691
0x49c405,99.9656%,4,11618,11622,0,0,4,11618
0x683e87,66.6667%,4,8,12,8,4,0,0
0x64d0fb,99.9992%,4,506106,506110,506106,4,0,0
0x4a73d4,97.5904%,4,162,166,38,3,1,124
0x4918f6,20%,4,1,5,0,0,4,1
0x5eae5a,75%,4,12,16,4,4,0,8
0x644858,99.9828%,4,23198,23202,0,0,4,23198
0x7b31c9,99.9814%,4,21451,21455,0,0,4,21451
0x66dd29,90%,4,36,40,32,0,4,4
0x5a1353,99.9914%,4,46492,46496,23212,0,4,23280
0x645962,87.5%,4,28,32,0,0,4,28
0x7b1b57,99.9825%,4,22907,22911,0,0,4,22907
0x68d7c2,55.5556%,4,5,9,0,0,4,5
0x490a3e,20%,4,1,5,1,4,0,0
0x64a76f,99.9962%,4,105451,105455,52315,4,0,53136
0x538df6,93.3333%,4,56,60,50,2,2,6
0x4867d1,99.9862%,4,28980,28984,28980,4,0,0
0x48641a,62.5%,3,5,8,5,3,0,0
0x5dfc64,99.9741%,3,11599,11602,0,0,3,11599
0x64c321,66.6667%,3,6,9,6,3,0,0
0x674da3,89.6552%,3,26,29,26,3,0,0
0x499d5c,98.1928%,3,163,166,163,3,0,0
0x499235,97.2973%,3,108,111,56,3,0,52
0x45f985,98.2456%,3,168,171,146,1,2,22
0x4927bb,62.5%,3,5,8,2,1,2,3
0x5498f7,25%,3,1,4,0,0,3,1
0x66dd61,62.5%,3,5,8,5,3,0,0
0x64d0b2,99.9764%,3,12682,12685,432,1,2,12250
0x4e9130,50%,3,3,6,1,2,1,2
0x7b37dc,99.9623%,3,7948,7951,0,0,3,7948
0x4b5ee9,62.5%,3,5,8,0,0,3,5
0x4e8464,25%,3,1,4,0,1,2,1
0x64c562,66.6667%,3,6,9,0,0,3,6
0x7b5140,99.991%,3,33404,33407,0,0,3,33404
0x48c4e8,70%,3,7,10,2,3,0,5
0x4e8c0f,50%,3,3,6,3,1,2,0
0x4a97b3,75%,3,9,12,0,3,0,9
0x645970,90.625%,3,29,32,29,3,0,0
0x5ea102,98.2857%,3,172,175,0,0,3,172
0x5e99f6,94.5455%,3,52,55,0,0,3,52
0x4b5f82,62.5%,3,5,8,5,3,0,0
0x645b84,90.625%,3,29,32,0,0,3,29
0x48cbb8,0%,3,0,3,0,0,3,0
0x66f058,99.6364%,3,822,825,162,3,0,660
0x490cd1,40%,3,2,5,0,0,3,2
0x498340,99.9915%,3,35183,35186,35183,3,0,0
0x5e0a67,99.9741%,3,11599,11602,0,0,3,11599
0x684f97,0%,3,0,3,0,3,0,0
0x644b9b,99.9871%,3,23199,23202,23199,3,0,0
0x54ad3f,62.5%,3,5,8,5,3,0,0
0x7b1920,84.2105%,3,16,19,0,0,3,16
0x48809c,62.5%,3,5,8,5,3,0,0
0x538e0b,62.5%,3,5,8,5,3,0,0
0x674d84,94.8276%,3,55,58,26,3,0,29
0x60cdcc,75%,3,9,12,9,3,0,0
0x54f8fe,99.9485%,3,5824,5827,0,0,3,5824
0x535cd1,94.9153%,3,56,59,56,3,0,0
0x45f98c,99.2424%,3,393,396,22,2,1,371
0x7b1c81,83.3333%,3,15,18,0,2,1,15
0x5ea640,98.2857%,3,172,175,0,0,3,172
0x7b4240,99.957%,3,6977,6980,0,0,3,6977
0x66dd49,90.625%,3,29,32,24,0,3,5
0x5a0d2c,99.9485%,3,5824,5827,5824,3,0,0
0x4e8fc9,25%,3,1,4,1,3,0,0
0x4a6f79,98.1818%,3,162,165,162,3,0,0
0x617d55,98.1818%,3,162,165,0,0,3,162
0x48668a,62.5%,3,5,8,5,3,0,0
0x48cdbf,25%,3,1,4,1,2,1,0
0x48cb63,0%,3,0,3,0,3,0,0
0x644b28,99.9871%,3,23199,23202,0,0,3,23199
0x485f8d,99.9483%,3,5804,5807,5804,3,0,0
0x7b50c3,99.991%,3,33404,33407,0,0,3,33404
0x5dcaca,99.9483%,3,5804,5807,0,0,3,5804
0x64cea7,99.9852%,3,20316,20319,0,0,3,20316
0x7b1b84,99.9695%,3,9849,9852,9849,3,0,0
0x644670,99.9871%,3,23199,23202,23199,3,0,0
0x49853e,99.9575%,3,7059,7062,0,0,3,7059
0x64e147,99.9719%,3,10689,10692,10689,3,0,0
0x494945,70%,3,7,10,2,1,2,5
0x4a7439,97.7941%,3,133,136,133,3,0,0
0x7b203a,99.976%,3,12477,12480,0,0,3,12477
0x490a2d,80%,3,12,15,0,0,3,12
0x638f59,99.9834%,3,18120,18123,18120,3,0,0
0x7ac00a,89.6552%,3,26,29,0,0,3,26
0x4868d9,81.25%,3,13,16,7,1,2,6
0x5f7ba8,98.8235%,3,252,255,252,3,0,0
0x490ad3,80%,3,12,15,8,2,1,4
0x4e160b,98.1818%,3,162,165,0,0,3,162
0x5e4c41,62.5%,3,5,8,5,3,0,0
0x66f449,98.1818%,3,162,165,162,3,0,0
0x535ba7,97.2973%,3,108,111,56,3,0,52
0x491850,40%,3,2,5,2,3,0,0
0x4e9118,62.5%,3,5,8,0,2,1,5
0x40682d,62.5%,3,5,8,5,3,0,0
0x638a0b,99.9828%,3,17410,17413,0,0,3,17410
0x495678,99.9742%,3,11639,11642,17,3,0,11622
0x4069c3,99.9925%,3,39764,39767,0,0,3,39764
0x5ea748,81.25%,3,13,16,0,0,3,13
0x5ec7bf,99.6499%,3,854,857,854,3,0,0
0x60caa7,75%,3,9,12,9,3,0,0
0x644662,99.9871%,3,23199,23202,0,0,3,23199
0x6386a5,99.9845%,3,19404,19407,0,0,3,19404
0x5a0893,99.9491%,3,5893,5896,0,0,3,5893
0x5e4675,62.5%,3,5,8,5,3,0,0
0x5e99a2,0%,3,0,3,0,3,0,0
0x60c361,77.7778%,2,7,9,0,0,2,7
0x4607be,75%,2,6,8,0,0,2,6
0x7bd8e5,93.1034%,2,27,29,27,2,0,0
0x4e8314,33.3333%,2,1,3,1,1,1,0
0x4e8bce,33.3333%,2,1,3,0,1,1,1
0x499186,98.1982%,2,109,111,109,2,0,0
0x638e18,99.9897%,2,19404,19406,0,0,2,19404
0x460a73,33.3333%,2,1,3,0,0,2,1
0x4890f3,99.9892%,2,18444,18446,6823,1,1,11621
0x7b1403,89.4737%,2,17,19,0,0,2,17
0x7b30c2,99.9659%,2,5866,5868,0,0,2,5866
0x7b1c32,99.984%,2,12478,12480,0,0,2,12478
0x684310,83.3333%,2,10,12,0,0,2,10
0x6842fc,83.3333%,2,10,12,10,2,0,0
0x64d11c,99.9837%,2,12250,12252,12250,2,0,0
0x48c9fe,33.3333%,2,1,3,0,0,2,1
0x49c4af,99.9828%,2,11620,11622,11620,2,0,0
0x68d5e5,77.7778%,2,7,9,7,2,0,0
0x6f7777,93.1034%,2,27,29,27,2,0,0
0x64ce08,99.9842%,2,12684,12686,0,0,2,12684
0x64466b,99.9914%,2,23200,23202,0,0,2,23200
0x54934b,83.3333%,2,10,12,10,2,0,0
0x7b1ad3,99.9943%,2,35389,35391,0,0,2,35389
0x617e9f,98.7879%,2,163,165,0,0,2,163
0x5a1320,99.9829%,2,11660,11662,18,2,0,11642
0x67e975,77.7778%,2,7,9,7,2,0,0
0x7bd948,99.1379%,2,230,232,0,0,2,230
0x406d07,99.5833%,2,478,480,478,2,0,0
0x4946cd,71.4286%,2,5,7,5,2,0,0
0x4068b4,99.9878%,2,16398,16400,16398,2,0,0
0x7b50d7,99.994%,2,33405,33407,0,0,2,33405
0x7b1b9f,99.9913%,2,22909,22911,22909,2,0,0
0x48612d,99.9827%,2,11592,11594,0,0,2,11592
0x460eec,75%,2,6,8,0,0,2,6
0x66f364,99.596%,2,493,495,493,2,0,0
0x4b598a,99.9828%,2,11593,11595,0,0,2,11593
0x7b3755,99.9752%,2,8078,8080,0,0,2,8078
0x60c53f,83.3333%,2,10,12,10,2,0,0
0x7b1c07,99.984%,2,12478,12480,12478,2,0,0
0x4f0d45,90%,2,18,20,0,0,2,18
0x4a722e,98.7879%,2,163,165,0,0,2,163
0x644873,99.9914%,2,23200,23202,0,0,2,23200
0x45bc8e,96.2264%,2,51,53,0,1,1,51
0x49568f,99.9828%,2,11620,11622,11620,2,0,0
0x550509,99.9828%,2,11652,11654,5827,0,2,5825
0x4908ec,60%,2,3,5,3,2,0,0
0x4ea408,0%,2,0,2,0,2,0,0
0x487921,96.1538%,2,50,52,27,0,2,23
0x460363,50%,2,2,4,2,1,1,0
0x639105,99.8441%,2,1281,1283,1281,2,0,0
0x5ea509,75%,2,6,8,0,0,2,6
0x460af7,33.3333%,2,1,3,1,2,0,0
0x4e84b7,50%,2,2,4,0,2,0,2
0x4b5d28,87.5%,2,14,16,0,0,2,14
0x548de7,83.3333%,2,10,12,10,2,0,0
0x48621d,75%,2,6,8,0,0,2,6
0x5ec167,75%,2,6,8,6,2,0,0
0x49087d,60%,2,3,5,3,2,0,0
0x48cd27,33.3333%,2,1,3,1,1,1,0
0x48858c,75%,2,6,8,6,2,0,0
0x4e8e9b,33.3333%,2,1,3,1,1,1,0
0x683cd0,83.3333%,2,10,12,10,2,0,0
0x48c94f,33.3333%,2,1,3,1,2,0,0
0x460efb,75%,2,6,8,6,2,0,0
0x491817,60%,2,3,5,3,2,0,0
0x4a9722,83.3333%,2,10,12,10,2,0,0
0x4a8c77,98.7879%,2,163,165,0,0,2,163
0x548e2e,83.3333%,2,10,12,10,2,0,0
0x5dca54,99.9656%,2,5805,5807,0,0,2,5805
0x4b5a8f,99.9827%,2,11584,11586,0,0,2,11584
0x4ed04e,33.3333%,2,1,3,1,1,1,0
0x4e8bf5,66.6667%,2,4,6,0,1,1,4
0x4867ed,99.9931%,2,28982,28984,28982,2,0,0
0x645eb2,93.75%,2,30,32,30,2,0,0
0x645ed3,93.75%,2,30,32,30,2,0,0
0x4a7f89,75%,2,6,8,6,2,0,0
0x4f0e43,90%,2,18,20,18,2,0,0
0x48c40f,80%,2,8,10,3,2,0,5
0x5e46c3,75%,2,6,8,6,2,0,0
0x460aab,33.3333%,2,1,3,1,2,0,0
0x499e9a,98.7879%,2,163,165,163,2,0,0
0x5ec463,87.5%,2,14,16,0,0,2,14
0x644a72,99.9914%,2,23200,23202,0,0,2,23200
0x617dd2,98.7879%,2,163,165,0,0,2,163
0x4a9aef,77.7778%,2,7,9,7,2,0,0
0x7b1ae5,99.9943%,2,35389,35391,0,0,2,35389
0x4a7512,87.5%,2,14,16,9,2,0,5
0x550af9,99.9914%,2,23242,23244,11620,2,0,11622
0x486136,99.9827%,2,11592,11594,0,0,2,11592
0x486814,99.9931%,2,28982,28984,0,0,2,28982
0x7b36ae,98.2301%,2,111,113,0,0,2,111
0x644b38,99.9914%,2,23200,23202,0,0,2,23200
0x4e846f,0%,2,0,2,0,1,1,0
0x499703,99.9944%,1,17717,17718,0,0,1,17717
0x61a50a,98.3051%,1,58,59,0,0,1,58
0x7b201a,99.992%,1,12479,12480,0,0,1,12479
0x7b25f3,99.992%,1,12479,12480,12479,1,0,0
0x499e3f,99.2647%,1,135,136,135,1,0,0
0x60c38b,66.6667%,1,2,3,2,1,0,0
0x4e8dbb,0%,1,0,1,0,1,0,0
0x7b14d6,99.9905%,1,10563,10564,0,0,1,10563
0x4ea7af,0%,1,0,1,0,0,1,0
0x487b4d,98.5507%,1,68,69,7,1,0,61
0x4e8b49,50%,1,1,2,1,0,1,0
0x64cf0b,99.7691%,1,432,433,0,0,1,432
0x485fed,87.5%,1,7,8,7,1,0,0
0x4e9a2a,0%,1,0,1,0,1,0,0
0x7b1cf3,99.992%,1,12479,12480,0,0,1,12479
0x4a8361,99.4792%,1,191,192,191,1,0,0
0x6841a8,91.6667%,1,11,12,11,1,0,0
0x5e2d65,99.9957%,1,23201,23202,0,0,1,23201
0x48c859,0%,1,0,1,0,1,0,0
0x4e8290,0%,1,0,1,0,1,0,0
0x6390e3,99.9221%,1,1282,1283,1282,1,0,0
0x550be0,99.9914%,1,11621,11622,5826,1,0,5795
0x48cca7,66.6667%,1,2,3,2,1,0,0
0x4b59da,99.9828%,1,5797,5798,0,0,1,5797
0x48cbe2,66.6667%,1,2,3,2,1,0,0
0x7b3069,99.9915%,1,11831,11832,11831,1,0,0
0x460a82,66.6667%,1,2,3,2,1,0,0
0x5d0b89,99.9933%,1,14847,14848,0,0,1,14847
0x5e32d6,97.2973%,1,36,37,36,1,0,0
0x45f936,95.8333%,1,23,24,23,1,0,0
0x5a138c,99.9957%,1,23211,23212,11589,1,0,11622
0x645e17,96.875%,1,31,32,0,0,1,31
0x4996e0,99.9943%,1,17578,17579,0,0,1,17578
0x4a780b,99.4118%,1,169,170,169,1,0,0
0x60cb6f,91.6667%,1,11,12,11,1,0,0
0x48caf0,66.6667%,1,2,3,0,0,1,2
0x54f8e9,99.9828%,1,5826,5827,5826,1,0,0
0x54f8e2,99.9828%,1,5826,5827,0,0,1,5826
0x4e846a,66.6667%,1,2,3,0,1,0,2
0x618987,99.3976%,1,165,166,165,1,0,0
0x60caf4,91.6667%,1,11,12,0,0,1,11
0x5a09ea,99.9914%,1,11621,11622,0,0,1,11621
0x460349,80%,1,4,5,0,1,0,4
0x4b5a80,99.9914%,1,11585,11586,0,0,1,11585
0x4b5a47,99.9914%,1,11585,11586,0,0,1,11585
0x5ec450,93.75%,1,15,16,0,0,1,15
0x4e9191,50%,1,1,2,1,1,0,0
0x7b512b,99.997%,1,33406,33407,0,0,1,33406
0x66f065,99.8485%,1,659,660,330,0,1,329
0x649f15,93.3333%,1,14,15,0,0,1,14
0x45fc47,93.3333%,1,14,15,0,0,1,14
0x48e9e1,99.3976%,1,165,166,0,0,1,165
0x5a0973,99.9951%,1,20507,20508,0,0,1,20507
0x4867a6,99.9965%,1,28983,28984,0,0,1,28983
0x538de7,98.3333%,1,59,60,0,0,1,59
0x7b35c4,94.7368%,1,18,19,0,0,1,18
0x45c72d,96.2963%,1,26,27,26,0,1,0
0x5eae44,93.75%,1,15,16,15,1,0,0
0x4e8bb0,75%,1,3,4,0,1,0,3
0x4ea900,0%,1,0,1,0,1,0,0
0x5a15a3,99.9854%,1,6855,6856,0,0,1,6855
0x4e8e57,66.6667%,1,2,3,2,0,1,0
0x7b1bde,99.992%,1,12479,12480,12479,1,0,0
0x5d901e,88.8889%,1,8,9,8,1,0,0
0x5505c3,99.9827%,1,5794,5795,0,0,1,5794
0x60ccf7,91.6667%,1,11,12,0,0,1,11
0x4862dc,87.5%,1,7,8,7,1,0,0
0x550be5,99.9827%,1,5794,5795,0,0,1,5794
0x64e241,99.9906%,1,10691,10692,10691,1,0,0
0x638e27,99.9948%,1,19405,19406,0,0,1,19405
0x645b37,96.875%,1,31,32,31,1,0,0
0x64e20f,99.9906%,1,10691,10692,10691,1,0,0
0x64e178,99.9906%,1,10691,10692,0,0,1,10691
0x7b14a7,99.2481%,1,132,133,0,0,1,132
0x5ea6cf,90.9091%,1,10,11,10,1,0,0
0x4909e2,93.3333%,1,14,15,14,1,0,0
0x7b2027,99.992%,1,12479,12480,12479,1,0,0
0x45bafe,66.6667%,1,2,3,2,1,0,0
0x7b33c8,99.9017%,1,1016,1017,1016,1,0,0
0x4918ff,80%,1,4,5,4,1,0,0
0x4b5a56,99.9914%,1,11585,11586,11585,1,0,0
0x5e4445,99.983%,1,5874,5875,0,0,1,5874
0x5e997b,66.6667%,1,2,3,0,0,1,2
0x4ad6be,99.7015%,1,334,335,0,0,1,334
0x4a968d,91.6667%,1,11,12,11,1,0,0
0x4a96ea,91.6667%,1,11,12,11,1,0,0
0x60cba1,91.6667%,1,11,12,11,1,0,0
0x64990d,95.2381%,1,20,21,20,1,0,0
0x45bd9e,99%,1,99,100,0,0,1,99
0x7b35dd,99.9919%,1,12336,12337,12336,1,0,0
0x644a77,99.9957%,1,23201,23202,0,0,1,23201
0x45bd89,99%,1,99,100,0,0,1,99
0x45c7b6,98%,1,49,50,49,1,0,0
0x4ea6f7,0%,1,0,1,0,1,0,0
0x415d36,93.75%,1,15,16,15,1,0,0
0x494704,85.7143%,1,6,7,0,0,1,6
0x5e9f0e,98.1818%,1,54,55,54,1,0,0
0x461682,94.7368%,1,18,19,18,1,0,0
0x4e8c46,0%,1,0,1,0,1,0,0
0x64ce17,99.9921%,1,12684,12685,0,0,1,12684
0x6743d1,96.5517%,1,28,29,0,0,1,28
0x6ee670,0%,1,0,1,0,1,0,0
0x644953,99.9957%,1,23201,23202,23201,1,0,0
0x64c570,88.8889%,1,8,9,8,1,0,0
0x4a732b,99.3976%,1,165,166,165,1,0,0
0x4e8272,0%,1,0,1,0,1,0,0
0x644a68,99.9957%,1,23201,23202,0,0,1,23201
0x4864fd,87.5%,1,7,8,0,0,1,7
0x7b373b,99.9876%,1,8079,8080,0,0,1,8079
0x4e89da,0%,1,0,1,0,1,0,0
0x5a0d84,96.875%,1,31,32,0,0,1,31
0x7b3248,99.9338%,1,1509,1510,0,0,1,1509
0x60c131,88.8889%,1,8,9,0,0,1,8
0x48c9e5,66.6667%,1,2,3,0,0,1,2
0x535b9e,99.0991%,1,110,111,0,0,1,110
0x4a74b9,99.3976%,1,165,166,165,1,0,0
0x7b13a8,99.983%,1,5867,5868,5867,1,0,0
0x7b31d6,99.9953%,1,21454,21455,0,0,1,21454
0x4ed005,0%,1,0,1,0,1,0,0
0x4eaa38,0%,1,0,1,0,1,0,0
0x645fb3,96.875%,1,31,32,31,1,0,0
0x4e9084,75%,1,3,4,2,1,0,1
0x5f7daf,99.631%,1,270,271,0,0,1,270
0x649e8a,99.9946%,1,18574,18575,18574,1,0,0
0x676e00,97.5%,1,39,40,32,0,1,7
0x4b5cf0,93.75%,1,15,16,15,1,0,0
0x683f4f,91.6667%,1,11,12,11,1,0,0
0x406947,99.9939%,1,16399,16400,0,0,1,16399
0x7a640e,96.5517%,1,28,29,28,1,0,0
0x4a7481,99.2647%,1,135,136,135,1,0,0
0x45f929,99.4792%,1,191,192,167,1,0,24
0x461666,88.8889%,1,8,9,0,0,1,8
0x4ea81a,50%,1,1,2,1,1,0,0
0x45f8ee,95.8333%,1,23,24,0,0,1,23
0x5ea61b,99.4286%,1,174,175,0,0,1,174
0x649a13,99.9958%,1,23550,23551,0,0,1,23550
0x4b5cce,93.75%,1,15,16,0,0,1,15
0x645c63,96.875%,1,31,32,31,1,0,0
0x645e59,96.875%,1,31,32,31,1,0,0
0x618c01,99.4652%,1,186,187,186,1,0,0
0x64dfbf,99.9906%,1,10691,10692,0,0,1,10691
0x638d8b,99.9221%,1,1282,1283,1282,1,0,0
0x45c8ae,98.0769%,1,51,52,0,0,1,51
0x4a97dd,88.8889%,1,8,9,0,0,1,8
0x66f3e1,99.798%,1,494,495,164,1,0,330
0x5ea4f2,87.5%,1,7,8,7,1,0,0
0x7b13f9,94.7368%,1,18,19,0,0,1,18
0x7b3043,99.9915%,1,11831,11832,0,0,1,11831
0x4a756e,99.4118%,1,169,170,0,0,1,169
0x490992,80%,1,4,5,4,1,0,0
0x4ad774,98.5915%,1,70,71,70,1,0,0
0x46037b,66.6667%,1,2,3,0,0,1,2
0x67447a,96.5517%,1,28,29,28,1,0,0
0x48fc01,87.5%,1,7,8,0,0,1,7
0x4ecf6c,0%,1,0,1,0,1,0,0
0x54a365,99.9966%,1,29054,29055,0,0,1,29054
0x48c3c3,90%,1,9,10,0,0,1,9
0x7b4079,98.9691%,1,96,97,0,0,1,96
0x7b141a,94.7368%,1,18,19,18,1,0,0
0x6448ef,99.9957%,1,23201,23202,23201,1,0,0
0x5a1ff9,99.9957%,1,23376,23377,0,0,1,23376
0x4e90e7,87.5%,1,7,8,6,1,0,1
0x7b304e,99.9915%,1,11831,11832,0,0,1,11831
0x48ca15,66.6667%,1,2,3,2,1,0,0
0x4a727f,99.3939%,1,164,165,164,1,0,0
0x649e7c,99.9946%,1,18574,18575,0,0,1,18574
0x406b70,99.9546%,1,2200,2201,0,0,1,2200
0x4067d0,87.5%,1,7,8,7,1,0,0
0x7b22b4,97.3684%,1,37,38,0,0,1,37
0x5d788b,97.2973%,1,36,37,0,0,1,36
0x48c6f4,85.7143%,1,6,7,6,0,1,0
0x4862cf,87.5%,1,7,8,7,1,0,0
0x4a76d5,97.2222%,1,35,36,35,1,0,0
0x460fbd,87.5%,1,7,8,7,1,0,0
0x4ea6c8,50%,1,1,2,0,1,0,1
0x4927c7,97.1429%,1,34,35,34,1,0,0
0x535a7f,99.0991%,1,110,111,0,0,1,110
0x4e8d9c,0%,1,0,1,0,0,1,0
0x4e967a,0%,1,0,1,0,1,0,0
0x638fb2,99.9336%,1,1504,1505,0,0,1,1504
0x4eab85,0%,1,0,1,0,1,0,0
0x486142,99.9914%,1,11593,11594,0,0,1,11593
0x5e9589,98.0769%,1,51,52,0,0,1,51
0x45c85c,98.1481%,1,53,54,52,0,1,1
0x48c482,95%,1,19,20,4,1,0,15
0x4e8f36,75%,1,3,4,3,1,0,0
0x46034e,75%,1,3,4,3,1,0,0
0x7b375f,99.9876%,1,8079,8080,0,0,1,8079
0x4e91c8,50%,1,1,2,0,0,1,1
0x4b5adc,99.9914%,1,11585,11586,0,0,1,11585
0x460801,87.5%,1,7,8,0,0,1,7
0x5e7a65,99.9943%,1,17421,17422,0,0,1,17421
0x5d9185,98.6486%,1,73,74,51,1,0,22
0x5498ba,75%,1,3,4,3,1,0,0
0x485fde,87.5%,1,7,8,0,0,1,7
0x645c31,96.875%,1,31,32,31,1,0,0
0x4ea6b9,50%,1,1,2,0,0,1,1
0x460f6f,87.5%,1,7,8,7,1,0,0
0x46031f,75%,1,3,4,0,0,1,3
0x45fa14,97.5%,1,39,40,0,0,1,39
0x49a4dd,98.9899%,1,98,99,98,1,0,0
0x547b7c,99.0991%,1,110,111,0,0,1,110
0x4ab766,99.8994%,1,993,994,993,1,0,0
0x486822,99.9965%,1,28983,28984,0,0,1,28983
0x4eab5a,50%,1,1,2,0,1,0,1
0x406dbc,99.7917%,1,479,480,0,0,1,479
0x487902,100%,0,52,52,0,0,0,52
0x4ad6e3,100%,0,124,124,124,0,0,0
0x461002,100%,0,8,8,0,0,0,8
0x4a86b7,100%,0,800,800,0,0,0,800
0x416a5b,100%,0,16,16,16,0,0,0
0x5553b7,100%,0,79,79,0,0,0,79
0x5e9bb1,100%,0,55,55,55,0,0,0
0x4a70ab,100%,0,16,16,0,0,0,16
0x45ba72,100%,0,8,8,0,0,0,8
0x5e9ef0,100%,0,55,55,0,0,0,55
0x54ce37,100%,0,12,12,0,0,0,12
0x683ed3,100%,0,12,12,0,0,0,12
0x6f7794,100%,0,29,29,0,0,0,29
0x4a7d3f,100%,0,24,24,0,0,0,24
0x54ab39,100%,0,16,16,16,0,0,0
0x48c60e,100%,0,79,79,79,0,0,0
0x5e6928,100%,0,79,79,0,0,0,79
0x54cd88,100%,0,12,12,0,0,0,12
0x5ea1a0,100%,0,1861,1861,1861,0,0,0
0x60c90f,100%,0,12,12,0,0,0,12
0x54cd75,100%,0,12,12,0,0,0,12
0x49b3d7,100%,0,12,12,0,0,0,12
0x45bd4c,100%,0,148,148,100,0,0,48
0x48e8f8,100%,0,165,165,0,0,0,165
0x7bd983,100%,0,29,29,0,0,0,29
0x487aed,100%,0,69,69,69,0,0,0
0x638783,100%,0,11605,11605,0,0,0,11605
0x48c5e4,100%,0,79,79,79,0,0,0
0x7a63c3,100%,0,29,29,0,0,0,29
0x535b69,100%,0,52,52,0,0,0,52
0x45bd76,100%,0,100,100,0,0,0,100
0x67449b,100%,0,29,29,0,0,0,29
0x538d8e,100%,0,52,52,0,0,0,52
0x618a47,100%,0,166,166,166,0,0,0
0x7a6428,100%,0,29,29,29,0,0,0
0x535be0,100%,0,52,52,52,0,0,0
0x7b22a6,100%,0,38,38,0,0,0,38
0x63a2f8,100%,0,9,9,0,0,0,9
0x5ea620,100%,0,175,175,175,0,0,0
0x499170,100%,0,111,111,0,0,0,111
0x538d67,100%,0,52,52,0,0,0,52
0x487836,100%,0,69,69,0,0,0,69
0x4a7590,100%,0,170,170,170,0,0,0
0x7bd917,100%,0,29,29,0,0,0,29
0x4a9aff,100%,0,9,9,0,0,0,9
0x535b30,100%,0,52,52,52,0,0,0
0x7ac029,100%,0,29,29,0,0,0,29
0x538d7c,100%,0,52,52,0,0,0,52
0x535c0f,100%,0,52,52,52,0,0,0
0x5e9b6a,100%,0,55,55,0,0,0,55
0x5e94a5,100%,0,52,52,0,0,0,52
0x618c47,100%,0,187,187,187,0,0,0
0x7a641a,100%,0,29,29,0,0,0,29
0x45bc9c,100%,0,52,52,52,0,0,0
0x4e849a,100%,0,4,4,0,0,0,4
0x48630e,100%,0,8,8,0,0,0,8
0x7a6433,100%,0,29,29,29,0,0,0
0x415e1a,100%,0,16,16,16,0,0,0
0x7a63ad,100%,0,29,29,0,0,0,29
0x64d13f,100%,0,12252,12252,0,0,0,12252
0x5e456f,100%,0,8,8,8,0,0,0
0x674200,100%,0,29,29,0,0,0,29
0x7bd91e,100%,0,29,29,0,0,0,29
0x7a64af,100%,0,29,29,29,0,0,0
0x4a6f71,100%,0,165,165,0,0,0,165
0x460fb1,100%,0,8,8,0,0,0,8
0x4a745d,100%,0,136,136,136,0,0,0
0x63a0e8,100%,0,9,9,0,0,0,9
0x60cdbc,100%,0,12,12,0,0,0,12
0x48ea37,100%,0,8,8,0,0,0,8
0x49b248,100%,0,20,20,0,0,0,20
0x426fb7,100%,0,358,358,0,0,0,358
0x5ec259,100%,0,168,168,0,0,0,168
0x6180b1,100%,0,16,16,0,0,0,16
0x61809e,100%,0,16,16,0,0,0,16
0x7b1bd2,100%,0,12480,12480,0,0,0,12480
0x64599f,100%,0,32,32,0,0,0,32
0x48ea59,100%,0,8,8,0,0,0,8
0x4a76ed,100%,0,36,36,0,0,0,36
0x6180c1,100%,0,16,16,16,0,0,0
0x5d9194,100%,0,22,22,0,0,0,22
0x490d35,100%,0,15,15,0,0,0,15
0x4b5aec,100%,0,11586,11586,0,0,0,11586
0x4ab7a0,100%,0,301,301,0,0,0,301
0x4ab7cd,100%,0,519,519,519,0,0,0
0x5e92b0,100%,0,43,43,0,0,0,43
0x4e161a,100%,0,165,165,165,0,0,0
0x554c67,100%,0,79,79,0,0,0,79
0x5359e3,100%,0,111,111,111,0,0,0
0x488a28,100%,0,8,8,0,0,0,8
0x4862f9,100%,0,8,8,0,0,0,8
0x49857b,100%,0,8,8,0,0,0,8
0x5e9f09,100%,0,55,55,0,0,0,55
0x41576e,100%,0,16,16,0,0,0,16
0x4eaac1,100%,0,1,1,0,0,0,1
0x41575f,100%,0,16,16,0,0,0,16
0x7b34bb,100%,0,104,104,0,0,0,104
0x64d1e7,100%,0,12252,12252,0,0,0,12252
0x41573c,100%,0,16,16,0,0,0,16
0x4ea7d8,100%,0,1,1,0,0,0,1
0x416a55,100%,0,16,16,0,0,0,16
0x5eade0,100%,0,8,8,0,0,0,8
0x7b1c40,100%,0,12480,12480,0,0,0,12480
0x676e48,100%,0,8,8,8,0,0,0
0x4a73f0,100%,0,125,125,125,0,0,0
0x416a4b,100%,0,16,16,0,0,0,16
0x618265,100%,0,16,16,0,0,0,16
0x5d0b51,100%,0,14848,14848,14848,0,0,0
0x61824e,100%,0,16,16,0,0,0,16
0x66f6d3,100%,0,165,165,165,0,0,0
0x4a7cf8,100%,0,8,8,0,0,0,8
0x7b14b1,100%,0,133,133,0,0,0,133
0x674e7d,100%,0,29,29,0,0,0,29
0x48c452,100%,0,50,50,0,0,0,50
0x7abff6,100%,0,29,29,0,0,0,29
0x68d7fc,100%,0,9,9,0,0,0,9
0x4ad741,100%,0,71,71,0,0,0,71
0x490a86,100%,0,10,10,10,0,0,0
0x676e3c,100%,0,8,8,0,0,0,8
0x5e34c3,100%,0,5795,5795,0,0,0,5795
0x489103,100%,0,11622,11622,5795,0,0,5827
0x618022,100%,0,16,16,16,0,0,0
0x676e97,100%,0,8,8,0,0,0,8
0x4a7500,100%,0,54,54,0,0,0,54
0x4ad764,100%,0,71,71,71,0,0,0
0x5e4cb3,100%,0,8,8,0,0,0,8
0x48e926,100%,0,165,165,0,0,0,165
0x499c0c,100%,0,165,165,165,0,0,0
0x48caad,100%,0,3,3,0,0,0,3
0x66f35b,100%,0,495,495,0,0,0,495
0x5e4f85,100%,0,5,5,0,0,0,5
0x683fb3,100%,0,12,12,12,0,0,0
0x66efb1,100%,0,495,495,0,0,0,495
0x4e157f,100%,0,165,165,165,0,0,0
0x45f94b,100%,0,24,24,0,0,0,24
0x4e1573,100%,0,165,165,0,0,0,165
0x6f7b35,100%,0,29,29,29,0,0,0
0x538dce,100%,0,52,52,0,0,0,52
0x48611e,100%,0,11594,11594,0,0,0,11594
0x63a533,100%,0,9,9,9,0,0,0
0x48620e,100%,0,8,8,0,0,0,8
0x4a72d7,100%,0,165,165,165,0,0,0
0x60c63b,100%,0,12,12,0,0,0,12
0x490b3b,100%,0,5,5,0,0,0,5
0x60c147,100%,0,9,9,0,0,0,9
0x4a74d1,100%,0,125,125,0,0,0,125
0x64e194,100%,0,10692,10692,0,0,0,10692
0x60c223,100%,0,12,12,12,0,0,0
0x60cf2a,100%,0,12,12,12,0,0,0
0x5ec42d,100%,0,16,16,0,0,0,16
0x685b78,100%,0,16,16,0,0,0,16
0x4aa0ab,100%,0,9,9,0,0,0,9
0x5ec15d,100%,0,188,188,0,0,0,188
0x60cf3e,100%,0,12,12,0,0,0,12
0x490b70,100%,0,5,5,0,0,0,5
0x7ac054,100%,0,29,29,0,0,0,29
0x5ec440,100%,0,16,16,0,0,0,16
0x617e90,100%,0,165,165,0,0,0,165
0x54958d,100%,0,12,12,12,0,0,0
0x674211,100%,0,29,29,29,0,0,0
0x6840d7,100%,0,12,12,0,0,0,12
0x684167,100%,0,12,12,0,0,0,12
0x415e6d,100%,0,16,16,0,0,0,16
0x617ded,100%,0,165,165,165,0,0,0
0x4991d9,100%,0,111,111,52,0,0,59
0x46030f,100%,0,4,4,0,0,0,4
0x549414,100%,0,12,12,12,0,0,0
0x45f8dd,100%,0,24,24,0,0,0,24
0x549907,100%,0,4,4,0,0,0,4
0x4868e4,100%,0,8,8,0,0,0,8
0x490836,100%,0,5,5,0,0,0,5
0x549332,100%,0,12,12,0,0,0,12
0x5ea6c8,100%,0,16,16,5,0,0,11
0x5ea7cd,100%,0,175,175,0,0,0,175
0x4a80c3,100%,0,16,16,0,0,0,16
0x7a63e4,100%,0,29,29,0,0,0,29
0x5ea7a9,100%,0,131,131,131,0,0,0
0x5e1007,100%,0,37,37,0,0,0,37
0x60cd87,100%,0,12,12,0,0,0,12
0x60cda8,100%,0,12,12,0,0,0,12
0x54beba,100%,0,5827,5827,5827,0,0,0
0x5e5b69,100%,0,11701,11701,0,0,0,11701
0x48eaac,100%,0,8,8,0,0,0,8
0x4a83a3,100%,0,192,192,0,0,0,192
0x4a6f1e,100%,0,165,165,165,0,0,0
0x7b3687,100%,0,122,122,0,0,0,122
0x7b30b4,100%,0,159,159,0,0,0,159
0x415f02,100%,0,16,16,0,0,0,16
0x4a71dd,100%,0,112,112,0,0,0,112
0x4eab1d,100%,0,1,1,0,0,0,1
0x46029b,100%,0,697,697,0,0,0,697
0x6f7b15,100%,0,29,29,0,0,0,29
0x4a75ae,100%,0,170,170,170,0,0,0
0x4862f7,100%,0,8,8,0,0,0,8
0x4b5f43,100%,0,8,8,0,0,0,8
0x45f8c6,100%,0,24,24,0,0,0,24
0x6841fb,100%,0,12,12,12,0,0,0
0x48eadd,100%,0,8,8,0,0,0,8
0x4a8159,100%,0,16,16,16,0,0,0
0x48eabb,100%,0,8,8,0,0,0,8
0x489340,100%,0,5807,5807,0,0,0,5807
0x5a09b4,100%,0,11622,11622,0,0,0,11622
0x4adb1a,100%,0,166,166,0,0,0,166
0x5ec40e,100%,0,16,16,0,0,0,16
0x684198,100%,0,12,12,0,0,0,12
0x499247,100%,0,52,52,52,0,0,0
0x4878b6,100%,0,69,69,0,0,0,69
0x48c642,100%,0,79,79,79,0,0,0
0x4a817d,100%,0,16,16,16,0,0,0
0x48e93f,100%,0,165,165,165,0,0,0
0x64e2fb,100%,0,334,334,334,0,0,0
0x68421c,100%,0,12,12,12,0,0,0
0x4a80c7,100%,0,16,16,16,0,0,0
0x54ce47,100%,0,12,12,0,0,0,12
0x490d1a,100%,0,5,5,0,0,0,5
0x4a8094,100%,0,16,16,16,0,0,0
0x674260,100%,0,29,29,29,0,0,0
0x5ec091,100%,0,230,230,0,0,0,230
0x49b0c8,100%,0,20,20,0,0,0,20
0x4a704a,100%,0,165,165,165,0,0,0
0x4a7026,100%,0,165,165,165,0,0,0
0x461066,100%,0,8,8,0,0,0,8
0x4991e4,100%,0,59,59,0,0,0,59
0x5dcad4,100%,0,5807,5807,5807,0,0,0
0x49c479,100%,0,11622,11622,0,0,0,11622
0x5d78c1,100%,0,37,37,37,0,0,0
0x4e8267,100%,0,1,1,0,0,0,1
0x5e002f,100%,0,37,37,0,0,0,37
0x5dca60,100%,0,5807,5807,0,0,0,5807
0x54f93e,100%,0,5827,5827,0,0,0,5827
0x5a1349,100%,0,11642,11642,0,0,0,11642
0x54f86c,100%,0,5827,5827,5827,0,0,0
0x48914c,100%,0,5827,5827,0,0,0,5827
0x61a6fe,100%,0,59,59,0,0,0,59
0x61a4af,100%,0,59,59,59,0,0,0
0x49921f,100%,0,59,59,0,0,0,59
0x5a0b54,100%,0,5827,5827,0,0,0,5827
0x48faf9,100%,0,8,8,0,0,0,8
0x48fae3,100%,0,8,8,0,0,0,8
0x460ac2,100%,0,3,3,0,0,0,3
0x488087,100%,0,8,8,0,0,0,8
0x460a9c,100%,0,3,3,0,0,0,3
0x485ff9,100%,0,8,8,0,0,0,8
0x48fc26,100%,0,8,8,0,0,0,8
0x48fc0c,100%,0,8,8,0,0,0,8
0x48fbf2,100%,0,8,8,0,0,0,8
0x486186,100%,0,5803,5803,0,0,0,5803
0x48617d,100%,0,5803,5803,0,0,0,5803
0x5e4b26,100%,0,8,8,0,0,0,8
0x4e8a43,100%,0,1,1,0,0,0,1
0x49b0fb,100%,0,20,20,20,0,0,0
0x48854a,100%,0,8,8,0,0,0,8
0x5ec72f,100%,0,24,24,0,0,0,24
0x7b2fe5,100%,0,12337,12337,0,0,0,12337
0x5a1462,100%,0,29023,29023,0,0,0,29023
0x4aa167,100%,0,12,12,0,0,0,12
0x4a967e,100%,0,12,12,12,0,0,0
0x4f0dd9,100%,0,20,20,0,0,0,20
0x4f0d71,100%,0,20,20,20,0,0,0
0x4f0d69,100%,0,20,20,0,0,0,20
0x683f81,100%,0,12,12,12,0,0,0
0x683eb8,100%,0,12,12,0,0,0,12
0x683cff,100%,0,12,12,0,0,0,12
0x48630c,100%,0,8,8,0,0,0,8
0x683ccb,100%,0,12,12,0,0,0,12
0x683cc2,100%,0,12,12,0,0,0,12
0x49b1bf,100%,0,12,12,0,0,0,12
0x499b26,100%,0,28,28,0,0,0,28
0x5a1560,100%,0,11622,11622,0,0,0,11622
0x5a13b1,100%,0,11622,11622,11622,0,0,0
0x5a13c7,100%,0,34874,34874,34874,0,0,0
0x5a0d13,100%,0,5827,5827,0,0,0,5827
0x548680,100%,0,5827,5827,0,0,0,5827
0x548671,100%,0,5827,5827,0,0,0,5827
0x4e8302,100%,0,3,3,0,0,0,3
0x5a0a04,100%,0,11622,11622,11622,0,0,0
0x4863dd,100%,0,8,8,0,0,0,8
0x4866c7,100%,0,8,8,0,0,0,8
0x4866bb,100%,0,8,8,0,0,0,8
0x486678,100%,0,8,8,0,0,0,8
0x460799,100%,0,8,8,0,0,0,8
0x639c5c,100%,0,9,9,9,0,0,0
0x4868ea,100%,0,8,8,0,0,0,8
0x48650f,100%,0,8,8,0,0,0,8
0x486506,100%,0,8,8,0,0,0,8
0x4864f5,100%,0,8,8,0,0,0,8
0x4b5aab,100%,0,11586,11586,0,0,0,11586
0x486481,100%,0,8,8,0,0,0,8
0x7b3797,100%,0,129,129,0,0,0,129
0x486454,100%,0,8,8,0,0,0,8
0x4866f1,100%,0,8,8,0,0,0,8
0x45b79e,100%,0,54,54,0,0,0,54
0x45b786,100%,0,54,54,0,0,0,54
0x48616e,100%,0,5803,5803,0,0,0,5803
0x45b715,100%,0,30,30,0,0,0,30
0x461013,100%,0,8,8,0,0,0,8
0x4e8e19,100%,0,1,1,0,0,0,1
0x486773,100%,0,8,8,0,0,0,8
0x535ca8,100%,0,52,52,52,0,0,0
0x5e94d5,100%,0,52,52,0,0,0,52
0x5ea01c,100%,0,52,52,52,0,0,0
0x63912f,100%,0,1283,1283,1283,0,0,0
0x5361b8,100%,0,52,52,52,0,0,0
0x5e9993,100%,0,3,3,0,0,0,3
0x462151,100%,0,8,8,0,0,0,8
0x4862b0,100%,0,8,8,0,0,0,8
0x4861d6,100%,0,8,8,0,0,0,8
0x5e4bc2,100%,0,8,8,0,0,0,8
0x486245,100%,0,8,8,8,0,0,0
0x48851b,100%,0,8,8,0,0,0,8
0x5e4d25,100%,0,8,8,0,0,0,8
0x63a302,100%,0,9,9,0,0,0,9
0x4e84a0,100%,0,4,4,4,0,0,0
0x495745,100%,0,11642,11642,11642,0,0,0
0x4b59c0,100%,0,5798,5798,0,0,0,5798
0x5e99d1,100%,0,3,3,0,0,0,3
0x489368,100%,0,11602,11602,5795,0,0,5807
0x5e9983,100%,0,3,3,0,0,0,3
0x461004,100%,0,8,8,0,0,0,8
0x460fa6,100%,0,8,8,0,0,0,8
0x460f97,100%,0,8,8,0,0,0,8
0x460f60,100%,0,8,8,0,0,0,8
0x460f35,100%,0,8,8,8,0,0,0
0x460f26,100%,0,8,8,0,0,0,8
0x4607ec,100%,0,8,8,0,0,0,8
0x5dfef9,100%,0,11602,11602,0,0,0,11602
0x4607ad,100%,0,8,8,0,0,0,8
0x486192,100%,0,5803,5803,0,0,0,5803
0x486767,100%,0,8,8,0,0,0,8
0x48cb35,100%,0,3,3,0,0,0,3
0x4e9092,100%,0,1,1,1,0,0,0
0x4b5db5,100%,0,16,16,16,0,0,0
0x4eab14,100%,0,1,1,0,0,0,1
0x4eaaec,100%,0,1,1,0,0,0,1
0x4ea7f6,100%,0,1,1,0,0,0,1
0x4eab6d,100%,0,1,1,0,0,0,1
0x4e9141,100%,0,3,3,0,0,0,3
0x4ecffe,100%,0,1,1,0,0,0,1
0x4e8b1e,100%,0,1,1,0,0,0,1
0x4e8a5e,100%,0,1,1,0,0,0,1
0x4ed01a,100%,0,1,1,0,0,0,1
0x4e8a1e,100%,0,1,1,0,0,0,1
0x48da77,100%,0,3,3,0,0,0,3
0x5e3316,100%,0,32,32,0,0,0,32
0x48cabc,100%,0,3,3,0,0,0,3
0x48c99c,100%,0,3,3,0,0,0,3
0x490b08,100%,0,5,5,0,0,0,5
0x649f4f,100%,0,15,15,0,0,0,15
0x7b406e,100%,0,97,97,0,0,0,97
0x4947ca,100%,0,7,7,0,0,0,7
0x494864,100%,0,10,10,10,0,0,0
0x490923,100%,0,10,10,10,0,0,0
0x4908de,100%,0,15,15,0,0,0,15
0x49082d,100%,0,5,5,0,0,0,5
0x4a740d,100%,0,41,41,41,0,0,0
0x63a595,100%,0,9,9,9,0,0,0
0x676dca,100%,0,8,8,0,0,0,8
0x7b22bb,100%,0,38,38,0,0,0,38
0x4a83af,100%,0,192,192,192,0,0,0
0x49865b,100%,0,8,8,0,0,0,8
0x6441fe,100%,0,8,8,0,0,0,8
0x4888e0,100%,0,8,8,8,0,0,0
0x488856,100%,0,8,8,8,0,0,0
0x48855b,100%,0,8,8,0,0,0,8
0x488047,100%,0,8,8,8,0,0,0
0x40683f,100%,0,8,8,0,0,0,8
0x487fb6,100%,0,8,8,0,0,0,8
0x676ebf,100%,0,24,24,24,0,0,0
0x676dfb,100%,0,40,40,0,0,0,40
0x4e8bdd,100%,0,2,2,0,0,0,2
0x54abaa,100%,0,16,16,0,0,0,16
0x4b5ed9,100%,0,8,8,0,0,0,8
0x645e49,100%,0,32,32,0,0,0,32
0x645d87,100%,0,32,32,0,0,0,32
0x7b405f,100%,0,97,97,0,0,0,97
0x4b5d71,100%,0,16,16,0,0,0,16
0x45f9a8,100%,0,396,396,0,0,0,396
0x45f942,100%,0,24,24,0,0,0,24
0x4b5ce0,100%,0,16,16,0,0,0,16
0x487fd0,100%,0,8,8,0,0,0,8
0x645b68,100%,0,32,32,0,0,0,32
0x64596b,100%,0,32,32,0,0,0,32
0x5dcacf,100%,0,5807,5807,0,0,0,5807
0x645d78,100%,0,32,32,0,0,0,32
0x490cdd,100%,0,5,5,0,0,0,5
0x4b59e6,100%,0,5798,5798,0,0,0,5798
0x490cc6,100%,0,5,5,0,0,0,5
0x4b59cf,100%,0,5798,5798,0,0,0,5798
0x7d2251,100%,0,6275,6275,0,0,0,6275
0x406db2,100%,0,480,480,0,0,0,480
0x45c76e,100%,0,26,26,0,0,0,26
0x5d8f0f,100%,0,22,22,0,0,0,22
0x5e2d99,100%,0,5795,5795,5795,0,0,0
0x48943f,100%,0,5795,5795,5795,0,0,0
0x4893e3,100%,0,5807,5807,5807,0,0,0
0x485f7e,100%,0,5807,5807,0,0,0,5807
0x4b5a19,100%,0,11586,11586,0,0,0,11586
0x4909ae,100%,0,5,5,0,0,0,5
0x5dcaa9,100%,0,5807,5807,5807,0,0,0
0x5dca69,100%,0,5807,5807,5807,0,0,0
0x5dca65,100%,0,5807,5807,0,0,0,5807
0x645fc7,100%,0,32,32,0,0,0,32
0x644827,100%,0,23202,23202,23202,0,0,0
0x5dad2c,100%,0,11602,11602,11602,0,0,0
0x45c886,100%,0,52,52,0,0,0,52
0x45c7a8,100%,0,50,50,0,0,0,50
0x5d8f59,100%,0,24,24,24,0,0,0
0x5e3945,100%,0,5807,5807,0,0,0,5807
0x4dbf47,100%,0,1,1,0,0,0,1
0x639261,100%,0,1283,1283,1283,0,0,0
0x63a432,100%,0,9,9,9,0,0,0
0x63a397,100%,0,9,9,0,0,0,9
0x63a307,100%,0,9,9,0,0,0,9
0x63a1e3,100%,0,9,9,9,0,0,0
0x406865,100%,0,8,8,8,0,0,0
0x63a0b7,100%,0,9,9,9,0,0,0
0x639f1f,100%,0,9,9,0,0,0,9
0x639ee2,100%,0,9,9,0,0,0,9
0x7b34c8,100%,0,104,104,104,0,0,0
0x64e27c,100%,0,334,334,0,0,0,334
0x48852e,100%,0,8,8,0,0,0,8
0x406ab1,100%,0,5377,5377,0,0,0,5377
0x674d99,100%,0,29,29,0,0,0,29
0x638d0c,100%,0,1283,1283,0,0,0,1283
0x639eeb,100%,0,9,9,0,0,0,9
0x638797,100%,0,11605,11605,0,0,0,11605
0x550c10,100%,0,5795,5795,0,0,0,5795
0x550a5a,100%,0,5795,5795,0,0,0,5795
0x550a17,100%,0,5795,5795,0,0,0,5795
0x550731,100%,0,5795,5795,5795,0,0,0
0x5505fe,100%,0,5795,5795,5795,0,0,0
0x550458,100%,0,5795,5795,0,0,0,5795
0x4b5b47,100%,0,11586,11586,0,0,0,11586
0x4b5b21,100%,0,11586,11586,0,0,0,11586
0x4b5ae6,100%,0,11586,11586,11586,0,0,0
0x674e26,100%,0,29,29,0,0,0,29
0x64c59c,100%,0,9,9,0,0,0,9
0x7a6409,100%,0,29,29,0,0,0,29
0x676e0f,100%,0,8,8,8,0,0,0
0x64ccc0,100%,0,10275,10275,0,0,0,10275
0x45ba5e,100%,0,8,8,0,0,0,8
0x7b1399,100%,0,5868,5868,0,0,0,5868
0x4a766a,100%,0,170,170,0,0,0,170
0x4e8475,100%,0,1,1,1,0,0,0
0x68417b,100%,0,12,12,0,0,0,12
0x486226,100%,0,8,8,0,0,0,8
0x645e38,100%,0,32,32,0,0,0,32
0x5ea661,100%,0,16,16,0,0,0,16
0x5a15af,100%,0,6856,6856,0,0,0,6856
0x64ce12,100%,0,12685,12685,0,0,0,12685
0x7a639a,100%,0,29,29,0,0,0,29
0x4862bd,100%,0,8,8,0,0,0,8
0x7b3666,100%,0,122,122,0,0,0,122
0x4ebee7,100%,0,3,3,0,0,0,3
0x64c67a,100%,0,9,9,9,0,0,0
0x4168e1,100%,0,16,16,16,0,0,0
0x4863fe,100%,0,8,8,0,0,0,8
0x5ea00e,100%,0,55,55,0,0,0,55
0x5dfcc2,100%,0,37,37,0,0,0,37
0x547d1c,100%,0,16,16,0,0,0,16
0x4aa06f,100%,0,9,9,9,0,0,0
0x486462,100%,0,8,8,0,0,0,8
0x4a74a0,100%,0,136,136,136,0,0,0
0x4861be,100%,0,8,8,0,0,0,8
0x406b22,100%,0,33910,33910,0,0,0,33910
0x45b9ff,100%,0,61,61,0,0,0,61
0x48853e,100%,0,8,8,0,0,0,8
0x4ac69d,100%,0,36,36,36,0,0,0
0x492778,100%,0,5,5,0,0,0,5
0x7bd864,100%,0,29,29,29,0,0,0
0x5a15be,100%,0,6856,6856,0,0,0,6856
0x7b1d39,100%,0,12480,12480,12480,0,0,0
0x54ce50,100%,0,12,12,0,0,0,12
0x60c62b,100%,0,12,12,0,0,0,12
0x48cae3,100%,0,3,3,0,0,0,3
0x4926d4,100%,0,5,5,0,0,0,5
0x48c9a5,100%,0,3,3,0,0,0,3
0x4866d9,100%,0,8,8,0,0,0,8
0x638e22,100%,0,19406,19406,0,0,0,19406
0x7a64bc,100%,0,29,29,0,0,0,29
0x7b1f55,100%,0,12480,12480,0,0,0,12480
0x45fa28,100%,0,24,24,24,0,0,0
0x485f99,100%,0,5807,5807,0,0,0,5807
0x60cf8c,100%,0,12,12,12,0,0,0
0x5eadf3,100%,0,8,8,0,0,0,8
0x7b1c24,100%,0,12480,12480,0,0,0,12480
0x7b1bfb,100%,0,12480,12480,0,0,0,12480
0x7b34a2,100%,0,738,738,0,0,0,738
0x4b5aba,100%,0,11586,11586,0,0,0,11586
0x460ad1,100%,0,3,3,3,0,0,0
0x4e8e76,100%,0,1,1,0,0,0,1
0x486449,100%,0,8,8,0,0,0,8
0x4e84c3,100%,0,2,2,2,0,0,0
0x63918f,100%,0,1283,1283,1283,0,0,0
0x4a70d4,100%,0,165,165,165,0,0,0
0x64c6a8,100%,0,9,9,0,0,0,9
0x7a63d1,100%,0,29,29,29,0,0,0
0x4a7577,100%,0,170,170,170,0,0,0
0x6840d2,100%,0,12,12,0,0,0,12
0x45c756,100%,0,26,26,0,0,0,26
0x48857b,100%,0,40,40,0,0,0,40
0x7b3fcb,100%,0,9,9,0,0,0,9
0x5ea4b1,100%,0,8,8,0,0,0,8
0x48fc32,100%,0,8,8,0,0,0,8
0x7b1c61,100%,0,18,18,0,0,0,18
0x618bb8,100%,0,187,187,187,0,0,0
0x5eadcb,100%,0,8,8,0,0,0,8
0x5d0b12,100%,0,14848,14848,14848,0,0,0
0x645bff,100%,0,32,32,32,0,0,0
0x490b64,100%,0,5,5,0,0,0,5
0x5d0b9a,100%,0,14848,14848,0,0,0,14848
0x68d908,100%,0,9,9,0,0,0,9
0x48cb50,100%,0,3,3,0,0,0,3
0x5d78e7,100%,0,37,37,37,0,0,0
0x6744ad,100%,0,29,29,0,0,0,29
0x66efbf,100%,0,495,495,495,0,0,0
0x63a547,100%,0,9,9,0,0,0,9
0x7b5113,100%,0,33407,33407,0,0,0,33407
0x7b1c6b,100%,0,18,18,0,0,0,18
0x674e0b,100%,0,29,29,0,0,0,29
0x649edc,100%,0,6755,6755,0,0,0,6755
0x48fc1b,100%,0,8,8,0,0,0,8
0x617aa0,100%,0,518,518,518,0,0,0
0x64999d,100%,0,9,9,0,0,0,9
0x4a97a9,100%,0,12,12,0,0,0,12
0x490d0b,100%,0,5,5,0,0,0,5
0x674251,100%,0,29,29,0,0,0,29
0x45f8cc,100%,0,24,24,0,0,0,24
0x68842d,100%,0,9,9,0,0,0,9
0x415880,100%,0,16,16,16,0,0,0
0x7b1bb3,100%,0,9852,9852,9852,0,0,0
0x48cba9,100%,0,3,3,0,0,0,3
0x499d9d,100%,0,246,246,246,0,0,0
0x4607d6,100%,0,8,8,0,0,0,8
0x64cee9,100%,0,433,433,433,0,0,0
0x54f2c7,100%,0,69,69,0,0,0,69
0x498589,100%,0,8,8,8,0,0,0
0x64d04f,100%,0,433,433,433,0,0,0
0x7b1c8a,100%,0,16,16,0,0,0,16
0x416517,100%,0,16,16,0,0,0,16
0x49972f,100%,0,17688,17688,0,0,0,17688
0x4067c2,100%,0,8,8,0,0,0,8
0x5504c3,100%,0,5795,5795,5795,0,0,0
0x5a0da4,100%,0,32,32,0,0,0,32
0x490be6,100%,0,5,5,0,0,0,5
0x60c8e0,100%,0,12,12,12,0,0,0
0x5f8797,100%,0,255,255,0,0,0,255
0x60c8d2,100%,0,12,12,0,0,0,12
0x645d82,100%,0,32,32,0,0,0,32
0x4e8ea3,100%,0,1,1,0,0,0,1
0x49c014,100%,0,5807,5807,0,0,0,5807
0x68841a,100%,0,9,9,0,0,0,9
0x68d8da,100%,0,9,9,9,0,0,0
0x4e89b0,100%,0,1,1,0,0,0,1
0x54cd7f,100%,0,12,12,0,0,0,12
0x4a71ce,100%,0,112,112,0,0,0,112
0x60cce8,100%,0,12,12,0,0,0,12
0x490901,100%,0,10,10,0,0,0,10
0x7b3323,100%,0,1489,1489,0,0,0,1489
0x64df8b,100%,0,10692,10692,0,0,0,10692
0x5ec48f,100%,0,16,16,0,0,0,16
0x490c3c,100%,0,5,5,0,0,0,5
0x48fb81,100%,0,8,8,0,0,0,8
0x45ba52,100%,0,8,8,0,0,0,8
0x60ccf2,100%,0,12,12,0,0,0,12
0x64d063,100%,0,12685,12685,0,0,0,12685
0x4a8474,100%,0,192,192,192,0,0,0
0x5e948b,100%,0,52,52,0,0,0,52
0x64c56b,100%,0,9,9,0,0,0,9
0x66ef6f,100%,0,495,495,495,0,0,0
0x415750,100%,0,16,16,0,0,0,16
0x5ec137,100%,0,188,188,0,0,0,188
0x5d0ae6,100%,0,29,29,0,0,0,29
0x4861cd,100%,0,8,8,0,0,0,8
0x63877c,100%,0,11605,11605,0,0,0,11605
0x54ed27,100%,0,5889,5889,0,0,0,5889
0x4a726b,100%,0,454,454,0,0,0,454
0x48c927,100%,0,1,1,0,0,0,1
0x5ea155,100%,0,159,159,0,0,0,159
0x675197,100%,0,29,29,0,0,0,29
0x4a75eb,100%,0,170,170,170,0,0,0
0x63a104,100%,0,9,9,0,0,0,9
0x674207,100%,0,29,29,0,0,0,29
0x415f21,100%,0,16,16,0,0,0,16
0x617d05,100%,0,518,518,518,0,0,0
0x4a71eb,100%,0,112,112,0,0,0,112
0x5a1459,100%,0,29055,29055,0,0,0,29055
0x45fc3b,100%,0,15,15,0,0,0,15
0x4a7d4a,100%,0,24,24,24,0,0,0
0x5d0ac2,100%,0,29,29,0,0,0,29
0x490ba6,100%,0,5,5,0,0,0,5
0x684188,100%,0,12,12,0,0,0,12
0x4863f6,100%,0,8,8,0,0,0,8
0x5a0e3d,100%,0,32,32,0,0,0,32
0x5a0da9,100%,0,32,32,32,0,0,0
0x49b3c6,100%,0,12,12,0,0,0,12
0x7b1c95,100%,0,12480,12480,0,0,0,12480
0x64cca9,100%,0,6302,6302,0,0,0,6302
0x4aad21,100%,0,8,8,0,0,0,8
0x5ec1c4,100%,0,180,180,180,0,0,0
0x676e33,100%,0,8,8,0,0,0,8
0x5d0acb,100%,0,29,29,0,0,0,29
0x460308,100%,0,4,4,0,0,0,4
0x67e918,100%,0,9,9,9,0,0,0
0x4e1639,100%,0,165,165,0,0,0,165
0x60cad8,100%,0,12,12,0,0,0,12
0x54ab9b,100%,0,16,16,0,0,0,16
0x638db2,100%,0,1283,1283,0,0,0,1283
0x6391af,100%,0,1283,1283,1283,0,0,0
0x64e322,100%,0,334,334,0,0,0,334
0x499287,100%,0,59,59,0,0,0,59
0x4e82e6,100%,0,1,1,0,0,0,1
0x6840c8,100%,0,12,12,0,0,0,12
0x4a97ec,100%,0,9,9,0,0,0,9
0x66f764,100%,0,166,166,166,0,0,0
0x54a4c8,100%,0,59,59,59,0,0,0
0x4a75dd,100%,0,170,170,0,0,0,170
0x5ec234,100%,0,8,8,8,0,0,0
0x4a81d4,100%,0,16,16,16,0,0,0
0x64ccae,100%,0,6302,6302,0,0,0,6302
0x68e8ab,100%,0,29,29,0,0,0,29
0x4dc088,100%,0,207,207,0,0,0,207
0x66ef8e,100%,0,495,495,495,0,0,0
0x64df82,100%,0,10692,10692,0,0,0,10692
0x7b1cb3,100%,0,10625,10625,0,0,0,10625
0x487f7b,100%,0,8,8,0,0,0,8
0x7b32bf,100%,0,700,700,700,0,0,0
0x7ac01b,100%,0,29,29,0,0,0,29
0x63a3c9,100%,0,9,9,0,0,0,9
0x63a3ab,100%,0,9,9,0,0,0,9
0x60c375,100%,0,9,9,0,0,0,9
0x66f3ea,100%,0,330,330,0,0,0,330
0x68d7d0,100%,0,9,9,9,0,0,0
0x5ec475,100%,0,16,16,16,0,0,0
0x4a72a5,100%,0,165,165,165,0,0,0
0x60cd9b,100%,0,12,12,0,0,0,12
0x4a821a,100%,0,8,8,0,0,0,8
0x7b17d6,100%,0,59,59,0,0,0,59
0x49470e,100%,0,7,7,0,0,0,7
0x460ae8,100%,0,3,3,0,0,0,3
0x6f7b5f,100%,0,29,29,29,0,0,0
0x49a40d,100%,0,99,99,0,0,0,99
0x64d1aa,100%,0,12252,12252,0,0,0,12252
0x674e5c,100%,0,29,29,0,0,0,29
0x63a3b8,100%,0,9,9,0,0,0,9
0x64cfa7,100%,0,61,61,0,0,0,61
0x68d7cb,100%,0,9,9,0,0,0,9
