Branch PC,Accuracy,Mispredictions,Correct Predictions,Total,dir_t_pred_t,dir_t_pred_nt,dir_nt_pred_t,dir_nt_pred_nt
aggregate,99.8123%,93394,49676047,49769441,13252042,31236,62158,36424005
0x638ed8,99.3796%,23218,3719494,3742712,3293550,7451,15767,425944
0x7b358e,92.785%,11474,147556,159030,142595,1193,10281,4961
0x64cc86,99.8319%,9313,5529594,5538907,5529547,160,9153,47
0x406ce1,86.4313%,7659,48787,56446,26072,857,6802,22715
0x64d0d3,98.4839%,6345,412162,418507,192357,2879,3466,219805
0x64cc75,99.9131%,4818,5538895,5543713,0,4805,13,5538895
0x406c31,90.6708%,3328,32345,35673,25248,1479,1849,7097
0x64cec8,82.0854%,1981,9077,11058,1594,1136,845,7483
0x7b3597,88.5776%,1741,13501,15242,8550,676,1065,4951
0x7b327b,78.8071%,1702,6329,8031,5776,308,1394,553
0x406c39,86.4675%,1386,8856,10242,22,1276,110,8834
0x638d03,92.2315%,1216,14437,15653,14436,59,1157,1
0x406c06,99.2022%,1188,147719,148907,138569,380,808,9150
0x406b67,88.5179%,1176,9066,10242,8907,226,950,159
0x638ecb,99.9687%,1171,3742699,3743870,0,1158,13,3742699
0x7b347d,92.5535%,1135,14107,15242,7666,719,416,6441
0x638eec,99.7483%,1112,440599,441711,428726,118,994,11873
0x64d0f2,99.495%,986,194250,195236,7700,524,462,186550
0x7b320a,96.4504%,783,21276,22059,12633,570,213,8643
0x7b1cd3,89.9755%,776,6965,7741,56,552,224,6909
0x7b321b,92.107%,699,8157,8856,7960,71,628,197
0x638f7a,95.8495%,534,12332,12866,11871,18,516,461
0x406c0b,95.1865%,493,9749,10242,1059,237,256,8690
0x7b1ca1,94.8752%,427,7905,8332,266,325,102,7639
0x7b3236,93.8486%,425,6484,6909,6041,78,347,443
0x7b3806,95.4719%,414,8729,9143,452,283,131,8277
0x7b3496,94.677%,365,6492,6857,5409,202,163,1083
0x7b31b5,98.9568%,330,31303,31633,9082,237,93,22221
0x64e273,96.7411%,327,9707,10034,9707,14,313,0
0x7b303a,97.8399%,323,14630,14953,2242,104,219,12388
0x7b3774,96.9001%,286,8940,9226,170,223,63,8770
0x406d92,97.2886%,243,8719,8962,8717,12,231,2
0x7b3610,96.7889%,232,6993,7225,6454,82,150,539
0x7b1d08,97.5156%,207,8125,8332,692,79,128,7433
0x64a793,99.9645%,196,551231,551427,47037,159,37,504194
0x7b37f9,97.9438%,188,8955,9143,7040,91,97,1915
0x7b32e4,96.177%,178,4478,4656,4425,46,132,53
0x7b2fc5,99.3209%,141,20621,20762,12159,61,80,8462
0x7b3251,84.0144%,133,699,832,107,78,55,592
0x7b13d8,99.8215%,129,72151,72280,8616,68,61,63535
0x64cc9d,98.6346%,126,9102,9228,2126,83,43,6976
0x678c33,99.948%,126,242277,242403,29868,51,75,212409
0x64a748,99.9039%,121,125745,125866,31592,68,53,94153
0x7b361a,83.0189%,117,572,689,557,39,78,15
0x7b1af5,99.6666%,97,28993,29090,8285,47,50,20708
0x7b1b7f,99.605%,82,20676,20758,13858,39,43,6818
0x4ab909,99.2167%,78,9880,9958,9860,12,66,20
0x678c38,99.9647%,75,212409,212484,45326,37,38,167083
0x64cca3,99.0027%,70,6949,7019,2177,32,38,4772
0x7b34af,94.5425%,68,1178,1246,973,33,35,205
0x7b1490,99.4516%,67,12151,12218,12123,31,36,28
0x7b377e,99.2868%,63,8770,8833,8769,11,52,1
0x7b32e6,66.4865%,62,123,185,37,31,31,86
0x406b91,99.4142%,60,10182,10242,256,28,32,9926
0x64ccea,99.5797%,59,13977,14036,5595,35,24,8382
0x4a76b9,99.4157%,58,9868,9926,9868,5,53,0
0x498413,99.9317%,55,80515,80570,41881,31,24,38634
0x66dbb9,92.2747%,54,645,699,457,25,29,188
0x7b151b,99.9267%,53,72227,72280,65031,21,32,7196
0x64ced9,99.3876%,51,8277,8328,8120,26,25,157
0x64cbce,99.6808%,50,15615,15665,10004,30,20,5611
0x678c20,99.9766%,50,214062,214112,46968,23,27,167094
0x7b329d,97.4833%,49,1898,1947,8,34,15,1890
0x7b1469,99.6153%,47,12171,12218,8662,22,25,3509
0x7b2fa5,99.8503%,46,30677,30723,9932,29,17,20745
0x406b4d,99.8507%,46,30769,30815,20554,19,27,10215
0x7b363a,71.875%,45,115,160,41,26,19,74
0x5a1401,99.9398%,44,73050,73094,26087,16,28,46963
0x7b3323,99.3425%,40,6044,6084,0,29,11,6044
0x678c13,99.9837%,40,245587,245627,31493,22,18,214094
0x64cebb,99.8029%,38,19244,19282,8207,17,21,11037
0x66db99,93.4629%,37,529,566,326,23,14,203
0x7b3020,99.8512%,33,22148,22181,7216,12,21,14932
0x649a4c,99.7901%,33,15690,15723,450,21,12,15240
0x7d2236,99.3955%,33,5426,5459,5220,21,12,206
0x7b3645,66.6667%,31,62,93,42,11,20,20
0x7b14c3,53.125%,30,34,64,18,16,14,16
0x5ea1d4,85.7868%,28,169,197,144,10,18,25
0x649a20,99.8713%,27,20960,20987,15712,11,16,5248
0x4ab7f9,75.7009%,26,81,107,27,11,15,54
0x64cc51,99.8148%,26,14011,14037,13,15,11,13998
0x7b3446,99.7317%,25,9294,9319,7213,12,13,2081
0x7b30a3,99.6541%,25,7203,7228,5410,11,14,1793
0x64a0b9,77.2727%,25,85,110,55,11,14,30
0x64ccb7,99.6438%,25,6994,7019,2588,21,4,4406
0x617d49,82.8571%,24,116,140,95,8,16,21
0x498459,99.9379%,24,38634,38658,20919,21,3,17715
0x5ea1b3,87.8173%,24,173,197,108,7,17,65
0x66dbe3,72.4138%,24,63,87,40,13,11,23
0x4ab8e0,99.759%,24,9934,9958,9934,5,19,0
0x7b369b,75.2688%,23,70,93,10,14,9,60
0x674e57,99.1016%,23,2537,2560,2536,4,19,1
0x66dbd4,89.8618%,22,195,217,120,10,12,75
0x649a90,99.8558%,22,15230,15252,10034,13,9,5196
0x64cd2f,99.8433%,22,14014,14036,8807,11,11,5207
0x7b1cdc,99.6916%,22,7111,7133,0,9,13,7111
0x4dbff5,77.6596%,21,73,94,43,11,10,30
0x5d0c0a,99.7949%,21,10219,10240,10219,1,20,0
0x7b3788,99.7832%,20,9206,9226,9124,19,1,82
0x406c5a,99.9322%,20,29497,29517,29497,20,0,0
0x4a76ad,99.8089%,19,9923,9942,0,16,3,9923
0x7b31e7,99.9149%,19,22295,22314,19951,11,8,2344
0x5a12f2,99.9636%,19,52211,52230,41768,9,10,10443
0x4602f1,73.6111%,19,53,72,7,14,5,46
0x7b3354,93.1159%,19,257,276,16,14,5,241
0x54afc8,82.0755%,19,87,106,16,15,4,71
0x4996c7,99.9362%,19,29772,29791,14102,8,11,15670
0x4069e7,99.9501%,18,36061,36079,30801,14,4,5260
0x7b31fd,99.9184%,18,22050,22068,0,9,9,22050
0x64cf6f,90.1099%,18,164,182,147,7,11,17
0x64a7a7,99.9966%,17,504214,504231,504214,17,0,0
0x7b337d,93.0894%,17,229,246,5,12,5,224
0x460287,92.6267%,16,201,217,76,5,11,125
0x7b143d,99.8772%,15,12203,12218,12184,3,12,19
0x7b14de,99.8772%,15,12203,12218,0,10,5,12203
0x538db4,89.6296%,14,121,135,100,9,5,21
0x4a7249,85.4167%,14,82,96,54,5,9,28
0x7b3586,99.991%,13,143775,143788,0,0,13,143775
0x5a142f,99.9723%,13,46978,46991,20872,8,5,26106
0x7b31a8,99.9411%,13,22046,22059,0,0,13,22046
0x4ab8a3,87.2549%,13,89,102,11,5,8,78
0x45bdbf,84.3373%,13,70,83,65,7,6,5
0x638bd7,99.9169%,13,15640,15653,15640,13,0,0
0x644cfe,99.9377%,13,20867,20880,20867,13,0,0
0x4a6fd9,67.5676%,12,25,37,6,4,8,19
0x7b3347,99.4828%,12,2308,2320,2037,7,5,271
0x638e18,99.9144%,12,14013,14025,0,0,12,14013
0x406d73,95.0207%,12,229,241,4,4,8,225
0x406acf,99.9611%,12,30803,30815,30803,12,0,0
0x64cc6f,99.9998%,11,5543705,5543716,0,3,8,5543705
0x5a12b9,99.9766%,11,46997,47008,0,0,11,46997
0x4069f0,99.791%,11,5253,5264,238,3,8,5015
0x64cce0,99.9216%,11,14025,14036,0,0,11,14025
0x7b5145,99.9642%,11,30712,30723,0,0,11,30712
0x7bd972,93.125%,11,149,160,138,2,9,11
0x7b3691,89.2473%,10,83,93,73,6,4,10
0x45bd4c,87.9518%,10,73,83,46,1,9,27
0x5a12c8,99.9787%,10,46998,47008,26104,7,3,20894
0x7b50eb,99.9675%,10,30713,30723,30713,10,0,0
0x499719,99.9365%,10,15738,15748,3,3,7,15735
0x674d84,75%,10,30,40,17,3,7,13
0x638a0b,99.9361%,10,15643,15653,0,0,10,15643
0x4984f1,99.905%,10,10511,10521,5287,8,2,5224
0x7b4231,99.8975%,9,8771,8780,0,0,9,8771
0x406b5a,99.9121%,9,10233,10242,0,0,9,10233
0x638a02,99.9425%,9,15644,15653,0,0,9,15644
0x45c8cf,81.25%,9,39,48,4,4,5,35
0x498432,99.9767%,9,38649,38658,0,0,9,38649
0x6499f7,99.9571%,9,20978,20987,20978,9,0,0
0x638c9f,99.9425%,9,15644,15653,15644,9,0,0
0x486804,99.9655%,9,26085,26094,26085,9,0,0
0x7b1b57,99.9566%,9,20749,20758,0,0,9,20749
0x49852d,99.9101%,8,8887,8895,4476,6,2,4411
0x5f7b79,89.4737%,8,68,76,68,4,4,0
0x7ac00a,60%,8,12,20,0,0,8,12
0x64d187,99.9027%,8,8216,8224,8216,8,0,0
0x64a777,99.9831%,8,47193,47201,3,2,6,47190
0x6ee3e3,99.9725%,8,29082,29090,0,0,8,29082
0x638a10,99.9489%,8,15645,15653,15645,8,0,0
0x406e27,99.9679%,8,24918,24926,0,0,8,24918
0x5dc984,99.9233%,8,10426,10434,0,0,8,10426
0x490a36,11.1111%,8,1,9,1,5,3,0
0x487921,69.2308%,8,18,26,2,4,4,16
0x5dfb81,99.9824%,8,45351,45359,0,0,8,45351
0x5ec357,89.2308%,7,58,65,44,0,7,14
0x638c24,99.9553%,7,15646,15653,0,0,7,15646
0x7b1c4a,99.916%,7,8325,8332,8325,3,4,0
0x7b13f9,30%,7,3,10,0,0,7,3
0x4ad6cc,92.8571%,7,91,98,28,3,4,63
0x638eb7,99.9998%,7,3743863,3743870,0,0,7,3743863
0x4a75c5,88.5246%,7,54,61,0,4,3,54
0x4a7270,92.7083%,7,89,96,59,0,7,30
0x4a6f79,81.0811%,7,30,37,30,7,0,0
0x45b74f,84.7826%,7,39,46,0,5,2,39
0x644cb0,99.9665%,7,20873,20880,0,0,7,20873
0x45b761,82.9268%,7,34,41,18,5,2,16
0x7b1cf3,99.916%,7,8325,8332,0,0,7,8325
0x64a764,99.9926%,7,94199,94206,47001,4,3,47198
0x64469f,99.9665%,7,20873,20880,0,0,7,20873
0x644c9c,99.9665%,7,20873,20880,20873,7,0,0
0x7b364e,82.5%,7,33,40,23,3,4,10
0x5a0b83,99.933%,7,10437,10444,5218,0,7,5219
0x5486b1,99.933%,7,10437,10444,5215,3,4,5222
0x638efc,99.9456%,7,12860,12867,12860,7,0,0
0x644bbc,99.9665%,7,20873,20880,20873,7,0,0
0x7b17e1,76.9231%,6,20,26,0,4,2,20
0x487b79,82.8571%,6,29,35,11,0,6,18
0x4b128e,99.885%,6,5213,5219,5213,6,0,0
0x5ec7ad,95.9459%,6,142,148,67,1,5,75
0x5e2b85,99.9904%,6,62642,62648,0,0,6,62642
0x63905a,99.9534%,6,12860,12866,12860,6,0,0
0x4890f3,99.9596%,6,14852,14858,4409,4,2,10443
0x4602e9,96.0265%,6,145,151,74,5,1,71
0x5dc81a,99.9868%,6,45353,45359,0,0,6,45353
0x4a73b7,84.2105%,6,32,38,4,4,2,28
0x64d25f,99.927%,6,8218,8224,8218,6,0,0
0x487956,82.8571%,6,29,35,10,5,1,19
0x492791,71.4286%,6,15,21,15,3,3,0
0x64ce12,99.9286%,6,8400,8406,0,0,6,8400
0x644921,99.9761%,5,20875,20880,20875,5,0,0
0x7b5137,99.9837%,5,30718,30723,0,0,5,30718
0x5a147e,99.9863%,5,36559,36564,36559,1,4,0
0x48c463,73.6842%,5,14,19,13,1,4,1
0x487b9b,79.1667%,5,19,24,3,2,3,16
0x4a74c5,86.8421%,5,33,38,1,5,0,32
0x64cc64,99.9999%,5,5543711,5543716,0,0,5,5543711
0x48617d,99.9043%,5,5218,5223,0,0,5,5218
0x5a0991,99.9623%,5,13256,13261,8816,2,3,4440
0x7b5743,99.9828%,5,29085,29090,0,0,5,29085
0x7b1b39,99.9759%,5,20753,20758,20753,5,0,0
0x4b59b0,99.9521%,5,10433,10438,5215,4,1,5218
0x6ec690,99.9837%,5,30718,30723,30718,5,0,0
0x490d4c,44.4444%,5,4,9,4,2,3,0
0x550b32,99.9521%,5,10440,10445,5222,5,0,5218
0x7b2f7a,99.9837%,5,30718,30723,0,0,5,30718
0x49c4af,99.9521%,5,10440,10445,10440,5,0,0
0x48797c,75%,5,15,20,11,4,1,4
0x5a1357,99.9761%,5,20892,20897,20892,1,4,0
0x5ea774,88.3721%,5,38,43,0,4,1,38
0x7b4247,99.9431%,5,8775,8780,0,0,5,8775
0x5359e3,92.8571%,5,65,70,65,5,0,0
0x499235,92.8571%,5,65,70,39,5,0,26
0x45c71f,88.6364%,5,39,44,20,0,5,19
0x490ad3,44.4444%,5,4,9,4,2,3,0
0x45c899,88.6364%,5,39,44,0,0,5,39
0x54aeb9,83.871%,5,26,31,26,5,0,0
0x7b1f40,99.952%,4,8328,8332,8328,4,0,0
0x63a595,0%,4,0,4,0,4,0,0
0x64cea7,99.9793%,4,19278,19282,0,0,4,19278
0x4a7069,89.1892%,4,33,37,33,3,1,0
0x5d8fef,0%,4,0,4,0,4,0,0
0x5ec71d,66.6667%,4,8,12,8,0,4,0
0x7b1ad3,99.9862%,4,29086,29090,0,0,4,29086
0x5e0a67,99.9617%,4,10438,10442,0,0,4,10438
0x7b141a,60%,4,6,10,6,2,2,0
0x639ef0,0%,4,0,4,0,4,0,0
0x7b1c8a,0%,4,0,4,0,0,4,0
0x644670,99.9808%,4,20876,20880,20876,4,0,0
0x617d68,89.1892%,4,33,37,33,4,0,0
0x638c08,99.9744%,4,15649,15653,0,0,4,15649
0x60c53f,0%,4,0,4,0,4,0,0
0x4927bb,33.3333%,4,2,6,2,1,3,0
0x7b2fd7,99.9532%,4,8538,8542,8538,4,0,0
0x6390d3,99.6546%,4,1154,1158,0,0,4,1154
0x4068b4,99.9738%,4,15248,15252,15248,4,0,0
0x4a71b3,89.1892%,4,33,37,33,4,0,0
0x683e87,0%,4,0,4,0,4,0,0
0x486238,0%,4,0,4,0,4,0,0
0x406cbf,99.9864%,4,29513,29517,0,0,4,29513
0x4b5a80,99.9617%,4,10430,10434,0,0,4,10430
0x644873,99.9808%,4,20876,20880,0,0,4,20876
0x61a6bf,90.9091%,4,40,44,40,4,0,0
0x7a6433,80%,4,16,20,16,4,0,0
0x538df6,88.5714%,4,31,35,26,0,4,5
0x494813,55.5556%,4,5,9,5,1,3,0
0x45c85c,91.6667%,4,44,48,40,4,0,4
0x60cdcc,0%,4,0,4,0,4,0,0
0x5a0e57,50%,4,4,8,4,4,0,0
0x7b35dd,99.9532%,4,8538,8542,8538,4,0,0
0x4b5bb0,99.9617%,4,10430,10434,10430,4,0,0
0x4b5a08,99.9617%,4,10434,10438,0,4,0,10434
0x48942a,99.9234%,4,5219,5223,0,4,0,5219
0x7b1ac9,99.9862%,4,29086,29090,0,0,4,29086
0x4a9aef,0%,4,0,4,0,4,0,0
0x644b07,99.9808%,4,20876,20880,0,0,4,20876
0x5ec163,91.4894%,4,43,47,43,3,1,0
0x4a732b,89.4737%,4,34,38,34,4,0,0
0x492778,0%,3,0,3,0,0,3,0
0x649f1e,66.6667%,3,6,9,6,3,0,0
0x64e20f,99.9701%,3,10031,10034,10031,3,0,0
0x7b14d6,99.9754%,3,12215,12218,0,0,3,12215
0x406ab1,99.9403%,3,5020,5023,0,0,3,5020
0x4a8079,57.1429%,3,4,7,4,2,1,0
0x7b5113,99.9902%,3,30720,30723,0,0,3,30720
0x644b1b,99.9856%,3,20877,20880,0,0,3,20877
0x638f59,99.9767%,3,12863,12866,12863,3,0,0
0x7b1bae,99.9855%,3,20755,20758,13895,2,1,6860
0x490a74,0%,3,0,3,0,3,0,0
0x649ecd,99.9814%,3,16102,16105,10474,2,1,5628
0x644b48,99.9856%,3,20877,20880,20877,3,0,0
0x4908e7,66.6667%,3,6,9,6,0,3,0
0x49c6e6,99.9713%,3,10442,10445,10442,3,0,0
0x7b511c,99.9902%,3,30720,30723,30720,3,0,0
0x7b30c2,99.9585%,3,7225,7228,0,0,3,7225
0x644a77,99.9856%,3,20877,20880,0,0,3,20877
0x5e99f6,88.8889%,3,24,27,0,0,3,24
0x7b5140,99.9902%,3,30720,30723,0,0,3,30720
0x4a9667,25%,3,1,4,1,3,0,0
0x63a453,25%,3,1,4,1,3,0,0
0x5ea1a0,98.4772%,3,194,197,194,3,0,0
0x64a754,99.9968%,3,94203,94206,47004,1,2,47199
0x4996e0,99.9809%,3,15678,15681,0,0,3,15678
0x5ea649,93.3333%,3,42,45,41,2,1,1
0x60ce4a,25%,3,1,4,1,3,0,0
0x5e4c41,25%,3,1,4,1,3,0,0
0x4a71f3,70%,3,7,10,2,2,1,5
0x644662,99.9856%,3,20877,20880,0,0,3,20877
0x7b32db,99.9329%,3,4468,4471,0,0,3,4468
0x535a09,95.7143%,3,67,70,67,3,0,0
0x64dfbf,99.9701%,3,10031,10034,0,0,3,10031
0x7b50d7,99.9902%,3,30720,30723,0,0,3,30720
0x644a68,99.9856%,3,20877,20880,0,0,3,20877
0x7b4240,99.9658%,3,8777,8780,0,0,3,8777
0x4b5b21,99.9712%,3,10431,10434,0,0,3,10431
0x7b1b9f,99.9855%,3,20755,20758,20755,3,0,0
0x63a3d9,25%,3,1,4,1,3,0,0
0x7b1bfb,99.964%,3,8329,8332,0,0,3,8329
0x490aa2,75%,3,9,12,0,3,0,9
0x7b32bf,98.3784%,3,182,185,182,3,0,0
0x60c90f,25%,3,1,4,0,0,3,1
0x538e0b,66.6667%,3,6,9,6,3,0,0
0x64d0c3,99.9993%,3,418504,418507,0,0,3,418504
0x490953,66.6667%,3,6,9,5,1,2,1
0x7b1bde,99.964%,3,8329,8332,8329,3,0,0
0x60ce29,25%,3,1,4,1,3,0,0
0x5dfc64,99.9713%,3,10439,10442,0,0,3,10439
0x60caa7,25%,3,1,4,1,3,0,0
0x5a0d84,62.5%,3,5,8,0,0,3,5
0x490913,0%,3,0,3,0,3,0,0
0x60c35a,25%,3,1,4,0,0,3,1
0x4927ee,85.7143%,3,18,21,17,1,2,1
0x49853e,99.9331%,3,4479,4482,0,0,3,4479
0x5d8eff,62.5%,3,5,8,1,3,0,4
0x66db68,98.6364%,3,217,220,1,2,1,216
0x46167b,75%,3,9,12,1,3,0,8
0x49b04d,62.5%,3,5,8,1,3,0,4
0x7b14cc,90%,3,27,30,26,0,3,1
0x495678,99.9713%,3,10446,10449,1,3,0,10445
0x490c54,0%,3,0,3,0,3,0,0
0x7b3fe4,87.5%,3,21,24,21,3,0,0
0x4157c8,50%,3,3,6,3,2,1,0
0x4a73d8,90.625%,3,29,32,29,1,2,0
0x490941,75%,3,9,12,1,2,1,8
0x5ea640,93.3333%,3,42,45,0,0,3,42
0x4a80b9,25%,3,1,4,1,2,1,0
0x4aa0c8,25%,3,1,4,1,3,0,0
0x49094a,66.6667%,3,6,9,0,3,0,6
0x64c562,50%,2,2,4,0,0,2,2
0x644827,99.9904%,2,20878,20880,20878,2,0,0
0x4ab766,98.8506%,2,172,174,172,1,1,0
0x535ba7,97.1429%,2,68,70,42,2,0,26
0x5ea014,92.5926%,2,25,27,0,1,1,25
0x5e47c9,50%,2,2,4,2,2,0,0
0x5504c3,99.9617%,2,5216,5218,5216,2,0,0
0x494864,33.3333%,2,1,3,1,2,0,0
0x490aab,77.7778%,2,7,9,2,1,1,5
0x4e846f,0%,2,0,2,0,1,1,0
0x5a08ad,99.9619%,2,5254,5256,5254,2,0,0
0x644b9b,99.9904%,2,20878,20880,20878,2,0,0
0x64e147,99.9801%,2,10032,10034,10032,2,0,0
0x4a71fe,66.6667%,2,4,6,4,1,1,0
0x63a1b1,50%,2,2,4,2,2,0,0
0x4946cd,33.3333%,2,1,3,1,2,0,0
0x7b307d,99.9934%,2,30475,30477,0,0,2,30475
0x4b598a,99.9808%,2,10436,10438,0,0,2,10436
0x49090a,66.6667%,2,4,6,1,2,0,3
0x5f7c01,75%,2,6,8,2,2,0,4
0x495745,99.9809%,2,10447,10449,10447,2,0,0
0x7b575c,99.9931%,2,29088,29090,29088,2,0,0
0x644a72,99.9904%,2,20878,20880,0,0,2,20878
0x550af9,99.9904%,2,20888,20890,10443,2,0,10445
0x5ea61b,95.5556%,2,43,45,0,0,2,43
0x7b50fc,99.9935%,2,30721,30723,0,0,2,30721
0x54934b,50%,2,2,4,2,2,0,0
0x498340,99.9936%,2,31428,31430,31428,2,0,0
0x5ec254,95.6522%,2,44,46,2,2,0,42
0x550be5,99.9617%,2,5216,5218,0,0,2,5216
0x5a1320,99.9809%,2,10451,10453,2,2,0,10449
0x64a76f,99.9979%,2,94204,94206,47003,2,0,47201
0x461666,50%,2,2,4,0,0,2,2
0x4a96ea,50%,2,2,4,2,2,0,0
0x54cd75,50%,2,2,4,0,0,2,2
0x7b573a,99.9931%,2,29088,29090,0,0,2,29088
0x48e93f,94.5946%,2,35,37,35,2,0,0
0x49095e,77.7778%,2,7,9,6,0,2,1
0x683cd0,50%,2,2,4,2,2,0,0
0x7ac01b,90%,2,18,20,0,0,2,18
0x6841a8,50%,2,2,4,2,2,0,0
0x5a0ff5,99.9957%,2,47007,47009,47003,2,0,4
0x64466b,99.9904%,2,20878,20880,0,0,2,20878
0x5a1353,99.9952%,2,41775,41777,20879,1,1,20896
0x4867d1,99.9923%,2,26092,26094,26092,2,0,0
0x4b5a56,99.9808%,2,10432,10434,10432,2,0,0
0x5e32d6,75%,2,6,8,6,2,0,0
0x5a146b,99.9957%,2,46981,46983,46981,2,0,0
0x54da57,96.6102%,2,57,59,0,0,2,57
0x535cd1,95.4545%,2,42,44,42,2,0,0
0x7b200e,99.976%,2,8330,8332,0,0,2,8330
0x490a6b,66.6667%,2,4,6,1,2,0,3
0x5a15e5,99.9548%,2,4419,4421,8,0,2,4411
0x4868d9,0%,2,0,2,0,1,1,0
0x638a3f,99.9872%,2,15651,15653,0,0,2,15651
0x64d0fb,99.9995%,2,410281,410283,410281,2,0,0
0x550509,99.9809%,2,10452,10454,5227,0,2,5225
0x7b1ba9,99.9904%,2,20756,20758,0,0,2,20756
0x7b1add,99.9931%,2,29088,29090,0,0,2,29088
0x490ab4,77.7778%,2,7,9,6,0,2,1
0x4996a8,99.9933%,2,29789,29791,0,0,2,29789
0x535a7f,97.1429%,2,68,70,0,0,2,68
0x7b3489,99.9708%,2,6855,6857,0,0,2,6855
0x5a15be,99.9548%,2,4419,4421,0,0,2,4419
0x64d1aa,99.9757%,2,8222,8224,0,0,2,8222
0x499e34,94.5946%,2,35,37,4,1,1,31
0x5e4445,99.962%,2,5257,5259,0,0,2,5257
0x48ea16,94.5946%,2,35,37,35,1,1,0
0x489103,99.9809%,2,10443,10445,5217,2,0,5226
0x64cc6a,100%,2,5543714,5543716,0,0,2,5543714
0x4a7508,75%,2,6,8,5,2,0,1
0x5ec7d8,97.5%,2,78,80,34,1,1,44
0x5ec0af,95.7447%,2,45,47,42,0,2,3
0x7b1b18,99.9904%,2,20756,20758,0,0,2,20756
0x5f7daf,96.6102%,2,57,59,0,0,2,57
0x5e9f0e,92.5926%,2,25,27,25,2,0,0
0x66f3e1,98.1982%,2,109,111,35,2,0,74
0x4a7d8b,33.3333%,2,1,3,1,1,1,0
0x45fa18,33.3333%,2,1,3,0,2,0,1
0x7b1b2a,99.9904%,2,20756,20758,0,0,2,20756
0x66f065,98.6486%,2,146,148,73,1,1,73
0x48c7ea,93.5484%,2,29,31,29,1,1,0
0x7b3069,99.9841%,2,12605,12607,12605,2,0,0
0x415c5a,95.122%,2,39,41,39,1,1,0
0x548de7,50%,2,2,4,2,2,0,0
0x49c405,99.9904%,1,10445,10446,0,0,1,10445
0x5e7a65,99.9936%,1,15656,15657,0,0,1,15656
0x4a7f89,0%,1,0,1,0,1,0,0
0x638e27,99.9929%,1,14024,14025,0,0,1,14024
0x48c4d2,0%,1,0,1,0,0,1,0
0x49274b,66.6667%,1,2,3,2,1,0,0
0x54dff7,99.9953%,1,21294,21295,0,0,1,21294
0x48fc43,75%,1,3,4,3,0,1,0
0x684f97,0%,1,0,1,0,1,0,0
0x4a7d4a,66.6667%,1,2,3,2,1,0,0
0x4b5a19,99.9904%,1,10433,10434,0,0,1,10433
0x5e995e,96.2963%,1,26,27,26,0,1,0
0x4867b8,99.9962%,1,26093,26094,26093,1,0,0
0x4918f6,66.6667%,1,2,3,0,0,1,2
0x61a50a,97.7273%,1,43,44,0,0,1,43
0x649e8a,99.9938%,1,16104,16105,16104,1,0,0
0x5e997b,0%,1,0,1,0,0,1,0
0x5a0973,99.9925%,1,13260,13261,0,0,1,13260
0x4a81a1,0%,1,0,1,0,1,0,0
0x4e8464,75%,1,3,4,0,1,0,3
0x5a1ff9,99.9952%,1,20933,20934,0,0,1,20933
0x66dd14,0%,1,0,1,0,1,0,0
0x4a8133,0%,1,0,1,0,1,0,0
0x461187,0%,1,0,1,0,0,1,0
0x4864fd,0%,1,0,1,0,0,1,0
0x5ec450,50%,1,1,2,0,0,1,1
0x48612d,99.9904%,1,10437,10438,0,0,1,10437
0x617e9f,97.2973%,1,36,37,0,0,1,36
0x550be0,99.9904%,1,10444,10445,5226,1,0,5218
0x649edc,99.9822%,1,5628,5629,0,0,1,5628
0x550a17,99.9808%,1,5217,5218,0,0,1,5217
0x460eec,0%,1,0,1,0,0,1,0
0x538d8e,96.1538%,1,25,26,0,0,1,25
0x5ec0c3,80%,1,4,5,4,1,0,0
0x49c479,99.9904%,1,10444,10445,0,0,1,10444
0x5a1462,99.9962%,1,26102,26103,0,0,1,26102
0x4864f5,0%,1,0,1,0,0,1,0
0x5a101a,99.9979%,1,47004,47005,0,0,1,47004
0x45b79e,95.6522%,1,22,23,0,0,1,22
0x5ea4f2,0%,1,0,1,0,1,0,0
0x4e846a,66.6667%,1,2,3,0,1,0,2
0x64df8b,99.99%,1,10033,10034,0,0,1,10033
0x485f7e,99.9809%,1,5222,5223,0,0,1,5222
0x5e99a2,0%,1,0,1,0,1,0,0
0x7b17c8,96.1538%,1,25,26,0,0,1,25
0x5a09ea,99.9904%,1,10443,10444,0,0,1,10443
0x644b38,99.9952%,1,20879,20880,0,0,1,20879
0x7b1bb3,99.9854%,1,6860,6861,6860,1,0,0
0x5a0893,99.981%,1,5255,5256,0,0,1,5255
0x460f35,0%,1,0,1,0,1,0,0
0x64e241,99.99%,1,10033,10034,10033,1,0,0
0x617ded,97.2973%,1,36,37,36,1,0,0
0x460efb,0%,1,0,1,0,1,0,0
0x48fc1b,75%,1,3,4,0,0,1,3
0x4b5ae6,99.9904%,1,10433,10434,10433,1,0,0
0x638cd1,99.9936%,1,15652,15653,15652,1,0,0
0x6386a5,99.9929%,1,14024,14025,0,0,1,14024
0x4b5a9c,99.9904%,1,10433,10434,0,0,1,10433
0x415e9b,0%,1,0,1,0,1,0,0
0x460a82,0%,1,0,1,0,1,0,0
0x60cb6f,75%,1,3,4,3,1,0,0
0x415788,85.7143%,1,6,7,6,0,1,0
0x7b22b4,88.8889%,1,8,9,0,0,1,8
0x4908ec,66.6667%,1,2,3,2,1,0,0
0x4a756e,98.3607%,1,60,61,0,0,1,60
0x41597f,0%,1,0,1,0,1,0,0
0x4a769f,99.9899%,1,9941,9942,0,0,1,9941
0x415d36,0%,1,0,1,0,1,0,0
0x415d17,97.561%,1,40,41,39,1,0,1
0x675197,95%,1,19,20,0,0,1,19
0x4168e1,0%,1,0,1,0,1,0,0
0x6180c1,0%,1,0,1,0,1,0,0
0x4a77f5,93.75%,1,15,16,8,0,1,7
0x4adb1a,97.3684%,1,37,38,0,0,1,37
0x7b31ec,99.9575%,1,2351,2352,2320,0,1,31
0x4a75eb,98.3607%,1,60,61,60,1,0,0
0x4ad6e3,96.7742%,1,30,31,30,1,0,0
0x535b30,96.1538%,1,25,26,25,1,0,0
0x4a8c77,97.2973%,1,36,37,0,0,1,36
0x7d2242,99.5413%,1,217,218,217,1,0,0
0x4b5aec,99.9904%,1,10433,10434,0,0,1,10433
0x4a73d4,97.3684%,1,37,38,6,0,1,31
0x7b31c9,99.9955%,1,22313,22314,0,0,1,22313
0x460290,99.2647%,1,135,136,5,1,0,130
0x4991d9,98.5714%,1,69,70,25,1,0,44
0x4918ff,66.6667%,1,2,3,2,1,0,0
0x6842fc,75%,1,3,4,3,1,0,0
0x54ce66,75%,1,3,4,0,0,1,3
0x491817,66.6667%,1,2,3,2,1,0,0
0x7bd8e5,95%,1,19,20,19,1,0,0
0x63a17f,75%,1,3,4,3,1,0,0
0x7b14b1,98.4375%,1,63,64,0,0,1,63
0x460af7,0%,1,0,1,0,1,0,0
0x4157a8,75%,1,3,4,3,0,1,0
0x638d8b,99.9136%,1,1157,1158,1157,1,0,0
0x63a0b7,75%,1,3,4,3,1,0,0
0x60cf2a,75%,1,3,4,3,1,0,0
0x5eae6d,50%,1,1,2,1,0,1,0
0x461066,0%,1,0,1,0,0,1,0
0x54bf93,75%,1,3,4,3,1,0,0
0x639261,99.9136%,1,1157,1158,1157,1,0,0
0x6391af,99.9136%,1,1157,1158,1157,1,0,0
0x639105,99.9136%,1,1157,1158,1157,1,0,0
0x5e4675,75%,1,3,4,3,1,0,0
0x638d0c,99.9136%,1,1157,1158,0,0,1,1157
0x64cca9,99.9792%,1,4809,4810,0,0,1,4809
0x66f346,99.4595%,1,184,185,73,1,0,111
0x7b50c3,99.9967%,1,30722,30723,0,0,1,30722
0x4b5b47,99.9904%,1,10433,10434,0,0,1,10433
0x5f7ba8,98.6842%,1,75,76,75,1,0,0
0x48c482,80%,1,4,5,0,1,0,4
0x4b5a8f,99.9904%,1,10433,10434,0,0,1,10433
0x48641a,0%,1,0,1,0,1,0,0
0x538de7,97.1429%,1,34,35,0,0,1,34
0x45c72d,95.8333%,1,23,24,22,0,1,1
0x460fbd,0%,1,0,1,0,1,0,0
0x66f449,97.2973%,1,36,37,36,1,0,0
0x461682,87.5%,1,7,8,7,1,0,0
0x7b1c95,99.988%,1,8331,8332,0,0,1,8331
0x7b1d39,99.988%,1,8331,8332,8331,1,0,0
0x60caf4,75%,1,3,4,0,0,1,3
0x49087d,66.6667%,1,2,3,2,1,0,0
0x4908de,88.8889%,1,8,9,0,0,1,8
0x45bd89,97.8723%,1,46,47,0,0,1,46
0x4a97c2,75%,1,3,4,0,0,1,3
0x460ad1,0%,1,0,1,0,1,0,0
0x547d3a,75%,1,3,4,3,0,1,0
0x486814,99.9962%,1,26093,26094,0,0,1,26093
0x5eae44,50%,1,1,2,1,1,0,0
0x7b512b,99.9967%,1,30722,30723,0,0,1,30722
0x4607ad,0%,1,0,1,0,0,1,0
0x649e85,99.9938%,1,16104,16105,0,0,1,16104
0x7b5753,99.9966%,1,29089,29090,0,0,1,29089
0x5ec1c4,97.8261%,1,45,46,45,1,0,0
0x45c7b6,97.5%,1,39,40,39,1,0,0
0x486481,0%,1,0,1,0,0,1,0
0x45bc9c,90.9091%,1,10,11,10,1,0,0
0x618022,0%,1,0,1,0,1,0,0
0x547aca,97.7273%,1,43,44,43,1,0,0
0x45bd9e,97.8723%,1,46,47,0,0,1,46
0x5e9f09,96.2963%,1,26,27,0,0,1,26
0x48668a,0%,1,0,1,0,1,0,0
0x7b3043,99.9921%,1,12606,12607,0,0,1,12606
0x460aab,0%,1,0,1,0,1,0,0
0x5ec475,50%,1,1,2,1,1,0,0
0x7b37dc,99.9891%,1,9142,9143,0,0,1,9142
0x5ea758,50%,1,1,2,1,1,0,0
0x486136,99.9904%,1,10437,10438,0,0,1,10437
0x5ea748,50%,1,1,2,0,0,1,1
0x6448ef,99.9952%,1,20879,20880,20879,1,0,0
0x64ce17,99.9881%,1,8405,8406,0,0,1,8405
0x7b13a8,99.9862%,1,7227,7228,7227,1,0,0
0x5ec167,0%,1,0,1,0,1,0,0
0x41575f,0%,1,0,1,0,0,1,0
0x7b33c8,99.5935%,1,245,246,245,1,0,0
0x7b1b07,99.9952%,1,20757,20758,0,0,1,20757
0x5a15af,99.9774%,1,4420,4421,0,0,1,4420
0x639c5c,75%,1,3,4,3,1,0,0
0x4867ed,99.9962%,1,26093,26094,26093,1,0,0
0x638e22,99.9929%,1,14024,14025,0,0,1,14024
0x7b1c07,100%,0,8332,8332,8332,0,0,0
0x5dcaca,100%,0,5223,5223,0,0,0,5223
0x5d901e,100%,0,4,4,4,0,0,0
0x4a97b3,100%,0,4,4,0,0,0,4
0x64999d,100%,0,4,4,0,0,0,4
0x7b1c40,100%,0,8332,8332,0,0,0,8332
0x5eade0,100%,0,1,1,0,0,0,1
0x7b1c32,100%,0,8332,8332,0,0,0,8332
0x6840c8,100%,0,4,4,0,0,0,4
0x68d7cb,100%,0,4,4,0,0,0,4
0x7b1c13,100%,0,8332,8332,0,0,0,8332
0x5e2d65,100%,0,20880,20880,0,0,0,20880
0x490d35,100%,0,9,9,0,0,0,9
0x66f3ea,100%,0,74,74,0,0,0,74
0x617aa0,100%,0,140,140,140,0,0,0
0x4a74d1,100%,0,32,32,0,0,0,32
0x6743d1,100%,0,20,20,0,0,0,20
0x64d1e7,100%,0,8224,8224,0,0,0,8224
0x7d2238,100%,0,218,218,0,0,0,218
0x499247,100%,0,26,26,26,0,0,0
0x7b1f55,100%,0,8332,8332,0,0,0,8332
0x48e926,100%,0,37,37,0,0,0,37
0x7b1b84,100%,0,6861,6861,6861,0,0,0
0x6f7b15,100%,0,20,20,0,0,0,20
0x499e3f,100%,0,32,32,32,0,0,0
0x54958d,100%,0,4,4,4,0,0,0
0x4e160b,100%,0,37,37,0,0,0,37
0x5e1007,100%,0,8,8,0,0,0,8
0x54beba,100%,0,5227,5227,5227,0,0,0
0x5ea7a9,100%,0,39,39,39,0,0,0
0x45bc8e,100%,0,11,11,0,0,0,11
0x485f99,100%,0,5223,5223,0,0,0,5223
0x4607d6,100%,0,1,1,0,0,0,1
0x64cee9,100%,0,182,182,182,0,0,0
0x7b1cbd,100%,0,7741,7741,0,0,0,7741
0x4a740d,100%,0,6,6,6,0,0,0
0x64cfa7,100%,0,28,28,0,0,0,28
0x7b1c61,100%,0,4,4,0,0,0,4
0x4f0d45,100%,0,4,4,0,0,0,4
0x7b1c6b,100%,0,4,4,0,0,0,4
0x7b22bb,100%,0,9,9,0,0,0,9
0x49082d,100%,0,3,3,0,0,0,3
0x7b1c81,100%,0,4,4,0,0,0,4
0x7b1403,100%,0,10,10,0,0,0,10
0x48e9e1,100%,0,38,38,0,0,0,38
0x48ea37,100%,0,1,1,0,0,0,1
0x5dfcc2,100%,0,8,8,0,0,0,8
0x4863fe,100%,0,1,1,0,0,0,1
0x5ea00e,100%,0,27,27,0,0,0,27
0x7b2027,100%,0,8332,8332,8332,0,0,0
0x49b3d7,100%,0,4,4,0,0,0,4
0x7b17ff,100%,0,2,2,0,0,0,2
0x4e8475,100%,0,1,1,1,0,0,0
0x66f364,100%,0,111,111,111,0,0,0
0x5f8797,100%,0,76,76,0,0,0,76
0x54ce50,100%,0,4,4,0,0,0,4
0x499e9a,100%,0,37,37,37,0,0,0
0x48c6d1,100%,0,31,31,31,0,0,0
0x5e6928,100%,0,31,31,0,0,0,31
0x4a97a9,100%,0,4,4,0,0,0,4
0x487836,100%,0,30,30,0,0,0,30
0x4ad6be,100%,0,98,98,0,0,0,98
0x7b22a6,100%,0,9,9,0,0,0,9
0x7b180e,100%,0,2,2,0,0,0,2
0x7b1819,100%,0,2,2,0,0,0,2
0x5d9185,100%,0,16,16,12,0,0,4
0x426fb7,100%,0,163,163,0,0,0,163
0x490b3b,100%,0,3,3,0,0,0,3
0x639f1f,100%,0,4,4,0,0,0,4
0x499186,100%,0,70,70,70,0,0,0
0x64c67a,100%,0,4,4,4,0,0,0
0x49b0fb,100%,0,4,4,4,0,0,0
0x63a104,100%,0,4,4,0,0,0,4
0x5d8f59,100%,0,8,8,8,0,0,0
0x63a3c9,100%,0,4,4,0,0,0,4
0x63a1e3,100%,0,4,4,4,0,0,0
0x60c131,100%,0,4,4,0,0,0,4
0x7b3797,100%,0,83,83,0,0,0,83
0x49a40d,100%,0,13,13,0,0,0,13
0x5d8f9c,100%,0,8,8,0,0,0,8
0x618bb8,100%,0,65,65,65,0,0,0
0x618c01,100%,0,65,65,65,0,0,0
0x490d0b,100%,0,3,3,0,0,0,3
0x45c7a8,100%,0,40,40,0,0,0,40
0x674251,100%,0,20,20,0,0,0,20
0x54cd7f,100%,0,4,4,0,0,0,4
0x60cce8,100%,0,4,4,0,0,0,4
0x499170,100%,0,70,70,0,0,0,70
0x7b3fcb,100%,0,24,24,0,0,0,24
0x7b4079,100%,0,79,79,0,0,0,79
0x5e9993,100%,0,1,1,0,0,0,1
0x5e4cb3,100%,0,4,4,0,0,0,4
0x7b36ae,100%,0,69,69,0,0,0,69
0x5e9bb1,100%,0,27,27,27,0,0,0
0x4aa167,100%,0,4,4,0,0,0,4
0x4ad741,100%,0,7,7,0,0,0,7
0x64df82,100%,0,10034,10034,0,0,0,10034
0x5a1486,100%,0,4,4,4,0,0,0
0x490b70,100%,0,3,3,0,0,0,3
0x45c886,100%,0,44,44,0,0,0,44
0x5ec72f,100%,0,4,4,0,0,0,4
0x7b34a2,100%,0,1246,1246,0,0,0,1246
0x490a86,100%,0,6,6,6,0,0,0
0x415f02,100%,0,1,1,0,0,0,1
0x6390e3,100%,0,1158,1158,1158,0,0,0
0x406a10,100%,0,5023,5023,0,0,0,5023
0x4ad774,100%,0,7,7,7,0,0,0
0x7b30b4,100%,0,1807,1807,0,0,0,1807
0x486454,100%,0,1,1,0,0,0,1
0x45fc47,100%,0,9,9,0,0,0,9
0x63a307,100%,0,4,4,0,0,0,4
0x63a432,100%,0,4,4,4,0,0,0
0x5d8f0f,100%,0,4,4,0,0,0,4
0x66efb6,100%,0,111,111,0,0,0,111
0x64cf4e,100%,0,182,182,182,0,0,0
0x5dca54,100%,0,5223,5223,0,0,0,5223
0x416a5b,100%,0,1,1,1,0,0,0
0x63a533,100%,0,4,4,4,0,0,0
0x64d04f,100%,0,182,182,182,0,0,0
0x64d063,100%,0,8406,8406,0,0,0,8406
0x63a302,100%,0,4,4,0,0,0,4
0x499b26,100%,0,4,4,0,0,0,4
0x684167,100%,0,4,4,0,0,0,4
0x64ce08,100%,0,8406,8406,0,0,0,8406
0x45c76e,100%,0,22,22,0,0,0,22
0x66efbf,100%,0,111,111,111,0,0,0
0x499d9d,100%,0,37,37,37,0,0,0
0x61800b,100%,0,1,1,0,0,0,1
0x64d11c,100%,0,8224,8224,8224,0,0,0
0x66f35b,100%,0,111,111,0,0,0,111
0x60cad8,100%,0,4,4,0,0,0,4
0x554c67,100%,0,31,31,0,0,0,31
0x4a9aff,100%,0,4,4,0,0,0,4
0x4a7439,100%,0,32,32,32,0,0,0
0x618c47,100%,0,65,65,65,0,0,0
0x48c60e,100%,0,31,31,31,0,0,0
0x49a4dd,100%,0,13,13,13,0,0,0
0x66f6d3,100%,0,37,37,37,0,0,0
0x4a86b7,100%,0,179,179,0,0,0,179
0x61824e,100%,0,1,1,0,0,0,1
0x7b35c4,100%,0,9,9,0,0,0,9
0x4e157f,100%,0,37,37,37,0,0,0
0x406db2,100%,0,241,241,0,0,0,241
0x66ef6f,100%,0,111,111,111,0,0,0
0x68417b,100%,0,4,4,0,0,0,4
0x486226,100%,0,4,4,0,0,0,4
0x5a15a3,100%,0,4421,4421,0,0,0,4421
0x4a9722,100%,0,4,4,4,0,0,0
0x64ccc0,100%,0,6619,6619,0,0,0,6619
0x7a64bc,100%,0,20,20,0,0,0,20
0x4861be,100%,0,4,4,0,0,0,4
0x66efb1,100%,0,111,111,0,0,0,111
0x7a640e,100%,0,20,20,20,0,0,0
0x4607be,100%,0,1,1,0,0,0,1
0x6744ad,100%,0,20,20,0,0,0,20
0x683ed3,100%,0,4,4,0,0,0,4
0x6f7794,100%,0,20,20,0,0,0,20
0x415e1a,100%,0,1,1,1,0,0,0
0x7a63ad,100%,0,20,20,0,0,0,20
0x63a0e8,100%,0,4,4,0,0,0,4
0x60cdbc,100%,0,4,4,0,0,0,4
0x7a63c3,100%,0,20,20,0,0,0,20
0x48c5e4,100%,0,31,31,31,0,0,0
0x5d78e7,100%,0,8,8,8,0,0,0
0x5ea7cd,100%,0,45,45,0,0,0,45
0x68d7fc,100%,0,4,4,0,0,0,4
0x7abff6,100%,0,20,20,0,0,0,20
0x617dd2,100%,0,37,37,0,0,0,37
0x7ac029,100%,0,20,20,0,0,0,20
0x460fb1,100%,0,1,1,0,0,0,1
0x4a6f71,100%,0,37,37,0,0,0,37
0x7bd91e,100%,0,20,20,0,0,0,20
0x4a722e,100%,0,37,37,0,0,0,37
0x5d0ae6,100%,0,20,20,0,0,0,20
0x490a2d,100%,0,9,9,0,0,0,9
0x649f4f,100%,0,9,9,0,0,0,9
0x7a639a,100%,0,20,20,0,0,0,20
0x45fa14,100%,0,3,3,0,0,0,3
0x48eaac,100%,0,1,1,0,0,0,1
0x4a7cf8,100%,0,1,1,0,0,0,1
0x7b33f3,100%,0,29,29,0,0,0,29
0x674e7d,100%,0,20,20,0,0,0,20
0x48eadd,100%,0,1,1,0,0,0,1
0x5d0ac2,100%,0,20,20,0,0,0,20
0x7bd983,100%,0,20,20,0,0,0,20
0x618265,100%,0,1,1,0,0,0,1
0x5d0b51,100%,0,10240,10240,10240,0,0,0
0x5d0b9a,100%,0,10240,10240,0,0,0,10240
0x490a62,100%,0,6,6,0,0,0,6
0x617d55,100%,0,37,37,0,0,0,37
0x68d908,100%,0,4,4,0,0,0,4
0x490b08,100%,0,3,3,0,0,0,3
0x48914c,100%,0,5227,5227,0,0,0,5227
0x490992,100%,0,3,3,3,0,0,0
0x46029b,100%,0,130,130,0,0,0,130
0x68421c,100%,0,4,4,4,0,0,0
0x684310,100%,0,4,4,0,0,0,4
0x49b0c8,100%,0,4,4,0,0,0,4
0x683fb3,100%,0,4,4,4,0,0,0
0x67447a,100%,0,20,20,20,0,0,0
0x68435e,100%,0,4,4,4,0,0,0
0x490a3e,100%,0,3,3,3,0,0,0
0x406dbc,100%,0,241,241,0,0,0,241
0x68d7c2,100%,0,4,4,0,0,0,4
0x5ec440,100%,0,2,2,0,0,0,2
0x684198,100%,0,4,4,0,0,0,4
0x5ea620,100%,0,45,45,45,0,0,0
0x4ab7a0,100%,0,69,69,0,0,0,69
0x4ab7cd,100%,0,107,107,107,0,0,0
0x5ec40e,100%,0,2,2,0,0,0,2
0x4926dd,100%,0,3,3,3,0,0,0
0x4a71ce,100%,0,10,10,0,0,0,10
0x4a74b9,100%,0,38,38,38,0,0,0
0x48620e,100%,0,4,4,0,0,0,4
0x5e456f,100%,0,4,4,4,0,0,0
0x4868e4,100%,0,1,1,0,0,0,1
0x7a641a,100%,0,20,20,0,0,0,20
0x4a8094,100%,0,1,1,1,0,0,0
0x4a727f,100%,0,37,37,37,0,0,0
0x7a64af,100%,0,20,20,20,0,0,0
0x48630e,100%,0,4,4,0,0,0,4
0x491850,100%,0,3,3,3,0,0,0
0x54ce37,100%,0,4,4,0,0,0,4
0x54ce47,100%,0,4,4,0,0,0,4
0x549414,100%,0,4,4,4,0,0,0
0x7b373b,100%,0,9226,9226,0,0,0,9226
0x674e26,100%,0,20,20,0,0,0,20
0x4a6f1e,100%,0,37,37,37,0,0,0
0x549332,100%,0,4,4,0,0,0,4
0x60cd87,100%,0,4,4,0,0,0,4
0x60cda8,100%,0,4,4,0,0,0,4
0x649f15,100%,0,9,9,0,0,0,9
0x60cf3e,100%,0,4,4,0,0,0,4
0x639ee2,100%,0,4,4,0,0,0,4
0x7a63e4,100%,0,20,20,0,0,0,20
0x4a71dd,100%,0,10,10,0,0,0,10
0x49b248,100%,0,4,4,0,0,0,4
0x63918f,100%,0,1158,1158,1158,0,0,0
0x64c6a8,100%,0,4,4,0,0,0,4
0x486462,100%,0,1,1,0,0,0,1
0x7b14a7,100%,0,64,64,0,0,0,64
0x68842d,100%,0,4,4,0,0,0,4
0x7b31d6,100%,0,22314,22314,0,0,0,22314
0x490923,100%,0,6,6,6,0,0,0
0x7b375f,100%,0,9226,9226,0,0,0,9226
0x538dce,100%,0,26,26,0,0,0,26
0x5ec259,100%,0,42,42,0,0,0,42
0x4a70d4,100%,0,37,37,37,0,0,0
0x49c014,100%,0,5223,5223,0,0,0,5223
0x4a97dd,100%,0,4,4,0,0,0,4
0x4a97ec,100%,0,4,4,0,0,0,4
0x4a7577,100%,0,61,61,61,0,0,0
0x60c8db,100%,0,4,4,0,0,0,4
0x490be6,100%,0,3,3,0,0,0,3
0x60c8e0,100%,0,4,4,4,0,0,0
0x416a4b,100%,0,1,1,0,0,0,1
0x54f2c7,100%,0,30,30,0,0,0,30
0x487b4d,100%,0,30,30,0,0,0,30
0x499d5c,100%,0,38,38,38,0,0,0
0x547d1c,100%,0,1,1,0,0,0,1
0x60cd9b,100%,0,4,4,0,0,0,4
0x685b78,100%,0,2,2,0,0,0,2
0x4aa0ab,100%,0,4,4,0,0,0,4
0x67e975,100%,0,4,4,4,0,0,0
0x618987,100%,0,38,38,38,0,0,0
0x7a63d1,100%,0,20,20,20,0,0,0
0x6180b1,100%,0,1,1,0,0,0,1
0x490d1a,100%,0,3,3,0,0,0,3
0x4a780b,100%,0,61,61,61,0,0,0
0x674260,100%,0,20,20,20,0,0,0
0x66f058,100%,0,185,185,37,0,0,148
0x60ccf7,100%,0,4,4,0,0,0,4
0x64c56b,100%,0,4,4,0,0,0,4
0x5ec7bf,100%,0,80,80,80,0,0,0
0x7a6409,100%,0,20,20,0,0,0,20
0x64c570,100%,0,4,4,4,0,0,0
0x45fa28,100%,0,2,2,2,0,0,0
0x64c59c,100%,0,4,4,0,0,0,4
0x63a547,100%,0,4,4,0,0,0,4
0x415750,100%,0,1,1,0,0,0,1
0x4a7420,100%,0,6,6,6,0,0,0
0x60ccf2,100%,0,4,4,0,0,0,4
0x4a766a,100%,0,61,61,0,0,0,61
0x4863f6,100%,0,1,1,0,0,0,1
0x494704,100%,0,3,3,0,0,0,3
0x41576e,100%,0,1,1,0,0,0,1
0x48ea59,100%,0,1,1,0,0,0,1
0x4a76ed,100%,0,16,16,0,0,0,16
0x45ba52,100%,0,1,1,0,0,0,1
0x5e9b6a,100%,0,27,27,0,0,0,27
0x494945,100%,0,3,3,0,0,0,3
0x4947ca,100%,0,3,3,0,0,0,3
0x5e92b0,100%,0,4,4,0,0,0,4
0x674207,100%,0,20,20,0,0,0,20
0x490b64,100%,0,3,3,0,0,0,3
0x617e90,100%,0,37,37,0,0,0,37
0x674211,100%,0,20,20,20,0,0,0
0x4a81d4,100%,0,1,1,1,0,0,0
0x4909e2,100%,0,9,9,9,0,0,0
0x5361b8,100%,0,26,26,26,0,0,0
0x5505fe,100%,0,5218,5218,5218,0,0,0
0x64df90,100%,0,10034,10034,10034,0,0,0
0x416a55,100%,0,1,1,0,0,0,1
0x60cba1,100%,0,4,4,4,0,0,0
0x5ea155,100%,0,43,43,0,0,0,43
0x406d07,100%,0,241,241,241,0,0,0
0x4f0e43,100%,0,4,4,4,0,0,0
0x415880,100%,0,1,1,1,0,0,0
0x7b3670,100%,0,93,93,0,0,0,93
0x4862dc,100%,0,4,4,4,0,0,0
0x5a0da4,100%,0,8,8,0,0,0,8
0x41573c,100%,0,1,1,0,0,0,1
0x60c375,100%,0,4,4,0,0,0,4
0x60c8d2,100%,0,4,4,0,0,0,4
0x54a4c8,100%,0,44,44,44,0,0,0
0x460a73,100%,0,1,1,0,0,0,1
0x5ec234,100%,0,1,1,1,0,0,0
0x45ba5e,100%,0,1,1,0,0,0,1
0x4a75dd,100%,0,61,61,0,0,0,61
0x61809e,100%,0,1,1,0,0,0,1
0x64e178,100%,0,10034,10034,0,0,0,10034
0x54f93e,100%,0,5227,5227,0,0,0,5227
0x638fb2,100%,0,977,977,0,0,0,977
0x7b25f3,100%,0,8332,8332,8332,0,0,0
0x638783,100%,0,10434,10434,0,0,0,10434
0x535c33,100%,0,26,26,26,0,0,0
0x4dc088,100%,0,84,84,0,0,0,84
0x535c0f,100%,0,26,26,26,0,0,0
0x5e2d99,100%,0,5219,5219,5219,0,0,0
0x4a80c3,100%,0,1,1,0,0,0,1
0x406b22,100%,0,30815,30815,0,0,0,30815
0x7b1bd2,100%,0,8332,8332,0,0,0,8332
0x60cbd3,100%,0,4,4,4,0,0,0
0x460f60,100%,0,1,1,0,0,0,1
0x460f97,100%,0,1,1,0,0,0,1
0x415f21,100%,0,1,1,0,0,0,1
0x5a0da9,100%,0,8,8,8,0,0,0
0x460fa6,100%,0,1,1,0,0,0,1
0x4861e2,100%,0,4,4,0,0,0,4
0x550458,100%,0,5218,5218,0,0,0,5218
0x4a74a0,100%,0,32,32,32,0,0,0
0x639eeb,100%,0,4,4,0,0,0,4
0x4866c7,100%,0,1,1,0,0,0,1
0x68d5e5,100%,0,4,4,4,0,0,0
0x54a365,100%,0,26111,26111,0,0,0,26111
0x48c4e8,100%,0,1,1,0,0,0,1
0x5e948b,100%,0,26,26,0,0,0,26
0x4866f1,100%,0,1,1,0,0,0,1
0x5e3945,100%,0,5223,5223,0,0,0,5223
0x4607ec,100%,0,1,1,0,0,0,1
0x60c62b,100%,0,4,4,0,0,0,4
0x5d0b89,100%,0,10240,10240,0,0,0,10240
0x460801,100%,0,1,1,0,0,0,1
0x5e9589,100%,0,26,26,0,0,0,26
0x4a71eb,100%,0,10,10,0,0,0,10
0x5553b7,100%,0,31,31,0,0,0,31
0x6390bc,100%,0,14024,14024,12866,0,0,1158
0x5eae5a,100%,0,2,2,1,0,0,1
0x460f26,100%,0,1,1,0,0,0,1
0x5dca69,100%,0,5223,5223,5223,0,0,0
0x45b9ff,100%,0,12,12,0,0,0,12
0x5e4bc2,100%,0,4,4,0,0,0,4
0x4a70ab,100%,0,1,1,0,0,0,1
0x4e844a,100%,0,4,4,0,0,0,4
0x63a3ab,100%,0,4,4,0,0,0,4
0x68d7d0,100%,0,4,4,4,0,0,0
0x5e4d25,100%,0,4,4,0,0,0,4
0x48650f,100%,0,1,1,0,0,0,1
0x48621d,100%,0,4,4,0,0,0,4
0x486245,100%,0,4,4,4,0,0,0
0x5ec463,100%,0,2,2,0,0,0,2
0x5e5b69,100%,0,10455,10455,0,0,0,10455
0x5e487a,100%,0,4,4,4,0,0,0
0x4861d6,100%,0,4,4,0,0,0,4
0x490ba6,100%,0,3,3,0,0,0,3
0x684188,100%,0,4,4,0,0,0,4
0x550cb7,100%,0,5257,5257,0,0,0,5257
0x535b69,100%,0,26,26,0,0,0,26
0x67449b,100%,0,20,20,0,0,0,20
0x6840d7,100%,0,4,4,0,0,0,4
0x7b17d6,100%,0,26,26,0,0,0,26
0x64990d,100%,0,9,9,9,0,0,0
0x499703,100%,0,15748,15748,0,0,0,15748
0x7bd864,100%,0,20,20,20,0,0,0
0x461004,100%,0,1,1,0,0,0,1
0x494762,100%,0,3,3,3,0,0,0
0x54f8e9,100%,0,5227,5227,5227,0,0,0
0x5a1349,100%,0,10449,10449,0,0,0,10449
0x415e6d,100%,0,1,1,0,0,0,1
0x4b5aab,100%,0,10434,10434,0,0,0,10434
0x487902,100%,0,26,26,0,0,0,26
0x5e9983,100%,0,1,1,0,0,0,1
0x550c10,100%,0,5218,5218,0,0,0,5218
0x638797,100%,0,10434,10434,0,0,0,10434
0x48c40f,100%,0,1,1,0,0,0,1
0x67e918,100%,0,4,4,4,0,0,0
0x644b28,100%,0,20880,20880,0,0,0,20880
0x5e46c3,100%,0,4,4,4,0,0,0
0x4893e3,100%,0,5223,5223,5223,0,0,0
0x7b405f,100%,0,79,79,0,0,0,79
0x5ea661,100%,0,2,2,0,0,0,2
0x4926d4,100%,0,3,3,0,0,0,3
0x5dad2c,100%,0,10442,10442,10442,0,0,0
0x5a13c7,100%,0,31333,31333,31333,0,0,0
0x68d8da,100%,0,4,4,4,0,0,0
0x487aed,100%,0,30,30,30,0,0,0
0x45b715,100%,0,5,5,0,0,0,5
0x48616e,100%,0,5223,5223,0,0,0,5223
0x674200,100%,0,20,20,0,0,0,20
0x5dcad4,100%,0,5223,5223,5223,0,0,0
0x66f764,100%,0,38,38,38,0,0,0
0x45c8ae,100%,0,44,44,0,0,0,44
0x4a8159,100%,0,1,1,1,0,0,0
0x6841fb,100%,0,4,4,4,0,0,0
0x4ad764,100%,0,7,7,7,0,0,0
0x5a0e3d,100%,0,8,8,0,0,0,8
0x4a745d,100%,0,32,32,32,0,0,0
0x5e94d5,100%,0,26,26,0,0,0,26
0x63a2f8,100%,0,4,4,0,0,0,4
0x66ef8e,100%,0,111,111,111,0,0,0
0x486506,100%,0,1,1,0,0,0,1
0x416517,100%,0,1,1,0,0,0,1
0x5ea01c,100%,0,26,26,26,0,0,0
0x7b304e,100%,0,12607,12607,0,0,0,12607
0x5dca65,100%,0,5223,5223,0,0,0,5223
0x4b59cf,100%,0,5219,5219,0,0,0,5219
0x4a73f0,100%,0,32,32,32,0,0,0
0x49b3c6,100%,0,4,4,0,0,0,4
0x5ec48f,100%,0,2,2,0,0,0,2
0x63906e,100%,0,14024,14024,0,0,0,14024
0x486142,100%,0,10438,10438,0,0,0,10438
0x54f8fe,100%,0,5227,5227,0,0,0,5227
0x461013,100%,0,1,1,0,0,0,1
0x548671,100%,0,5226,5226,0,0,0,5226
0x45b786,100%,0,23,23,0,0,0,23
0x4a7481,100%,0,32,32,32,0,0,0
0x5dcaa9,100%,0,5223,5223,5223,0,0,0
0x4909ae,100%,0,3,3,0,0,0,3
0x54f86c,100%,0,5227,5227,5227,0,0,0
0x68e8ab,100%,0,20,20,0,0,0,20
0x5ec091,100%,0,72,72,0,0,0,72
0x486773,100%,0,1,1,0,0,0,1
0x4863dd,100%,0,1,1,0,0,0,1
0x4927c7,100%,0,21,21,21,0,0,0
0x535ca8,100%,0,26,26,26,0,0,0
0x48eabb,100%,0,1,1,0,0,0,1
0x4e1573,100%,0,37,37,0,0,0,37
0x486449,100%,0,1,1,0,0,0,1
0x550434,100%,0,15672,15672,10454,0,0,5218
0x5ea509,100%,0,1,1,0,0,0,1
0x64e194,100%,0,10034,10034,0,0,0,10034
0x7ac054,100%,0,20,20,0,0,0,20
0x5a138c,100%,0,20881,20881,10436,0,0,10445
0x4866bb,100%,0,1,1,0,0,0,1
0x48e8f8,100%,0,37,37,0,0,0,37
0x64d13f,100%,0,8224,8224,0,0,0,8224
0x5dcacf,100%,0,5223,5223,0,0,0,5223
0x489340,100%,0,5223,5223,0,0,0,5223
0x45ba72,100%,0,1,1,0,0,0,1
0x7b1ae5,100%,0,29090,29090,0,0,0,29090
0x5e94a5,100%,0,26,26,0,0,0,26
0x4a7512,100%,0,1,1,0,0,0,1
0x45fc3b,100%,0,9,9,0,0,0,9
0x5d0acb,100%,0,20,20,0,0,0,20
0x5a1459,100%,0,26111,26111,0,0,0,26111
0x4b5adc,100%,0,10434,10434,0,0,0,10434
0x683f4f,100%,0,4,4,4,0,0,0
0x5d9194,100%,0,4,4,0,0,0,4
0x460799,100%,0,1,1,0,0,0,1
0x7b2fe5,100%,0,8542,8542,0,0,0,8542
0x5ea102,100%,0,45,45,0,0,0,45
0x5e9ef0,100%,0,27,27,0,0,0,27
0x674e0b,100%,0,20,20,0,0,0,20
0x461002,100%,0,1,1,0,0,0,1
0x550a5a,100%,0,5218,5218,0,0,0,5218
0x406947,100%,0,15252,15252,0,0,0,15252
0x49470e,100%,0,3,3,0,0,0,3
0x674e5c,100%,0,20,20,0,0,0,20
0x490901,100%,0,6,6,0,0,0,6
0x550731,100%,0,5218,5218,5218,0,0,0
0x486678,100%,0,1,1,0,0,0,1
0x6f7b35,100%,0,20,20,20,0,0,0
0x64c321,100%,0,4,4,4,0,0,0
0x48c452,100%,0,19,19,0,0,0,19
0x7b203a,100%,0,8332,8332,0,0,0,8332
0x5a13b1,100%,0,10445,10445,10445,0,0,0
0x4a726b,100%,0,96,96,0,0,0,96
0x683cc2,100%,0,4,4,0,0,0,4
0x499c0c,100%,0,37,37,37,0,0,0
0x7b1c24,100%,0,8332,8332,0,0,0,8332
0x489368,100%,0,10442,10442,5219,0,0,5223
0x490cd1,100%,0,3,3,0,0,0,3
0x4b59da,100%,0,5219,5219,0,0,0,5219
0x683ccb,100%,0,4,4,0,0,0,4
0x548680,100%,0,5226,5226,0,0,0,5226
0x45bd76,100%,0,47,47,0,0,0,47
0x4069c3,100%,0,36079,36079,0,0,0,36079
0x49568f,100%,0,10445,10445,10445,0,0,0
0x63877c,100%,0,10434,10434,0,0,0,10434
0x54ed27,100%,0,5253,5253,0,0,0,5253
0x5a0d13,100%,0,5226,5226,0,0,0,5226
0x7bd917,100%,0,20,20,0,0,0,20
0x4861cd,100%,0,4,4,0,0,0,4
0x5a0d2c,100%,0,5226,5226,5226,0,0,0
0x683cff,100%,0,4,4,0,0,0,4
0x4e161a,100%,0,37,37,37,0,0,0
0x683eb8,100%,0,4,4,0,0,0,4
0x538d67,100%,0,26,26,0,0,0,26
0x5ea6c8,100%,0,2,2,0,0,0,2
0x5a09b4,100%,0,10444,10444,0,0,0,10444
0x460f6f,100%,0,1,1,1,0,0,0
0x4a80c7,100%,0,1,1,1,0,0,0
0x486822,100%,0,26094,26094,0,0,0,26094
0x68841a,100%,0,4,4,0,0,0,4
0x548e2e,100%,0,4,4,4,0,0,0
0x64d0b2,100%,0,8406,8406,182,0,0,8224
0x4862f9,100%,0,4,4,0,0,0,4
0x617d05,100%,0,140,140,140,0,0,0
0x4a76d5,100%,0,16,16,16,0,0,0
0x4a72d7,100%,0,37,37,37,0,0,0
0x4e1639,100%,0,37,37,0,0,0,37
0x60c63b,100%,0,4,4,0,0,0,4
0x5a0a04,100%,0,10444,10444,10444,0,0,0
0x48611e,100%,0,10438,10438,0,0,0,10438
0x49b1bf,100%,0,4,4,0,0,0,4
0x6840d2,100%,0,4,4,0,0,0,4
0x45c756,100%,0,22,22,0,0,0,22
0x649a13,100%,0,20987,20987,0,0,0,20987
0x4a75ae,100%,0,61,61,61,0,0,0
0x547b7c,100%,0,70,70,0,0,0,70
0x5d0b12,100%,0,10240,10240,10240,0,0,0
0x499287,100%,0,44,44,0,0,0,44
0x4f0d69,100%,0,4,4,0,0,0,4
0x64e322,100%,0,313,313,0,0,0,313
0x406b70,100%,0,1109,1109,0,0,0,1109
0x7a6428,100%,0,20,20,20,0,0,0
0x4a7590,100%,0,61,61,61,0,0,0
0x4862f7,100%,0,4,4,0,0,0,4
0x4f0d71,100%,0,4,4,4,0,0,0
0x64e2fb,100%,0,313,313,313,0,0,0
0x490cc6,100%,0,3,3,0,0,0,3
0x4f0dd9,100%,0,4,4,0,0,0,4
0x60c223,100%,0,4,4,4,0,0,0
0x4a7026,100%,0,37,37,37,0,0,0
0x4a967e,100%,0,4,4,4,0,0,0
0x7b3687,100%,0,93,93,0,0,0,93
0x4a968d,100%,0,4,4,4,0,0,0
0x63a3b8,100%,0,4,4,0,0,0,4
0x4a7500,100%,0,8,8,0,0,0,8
0x674da3,100%,0,20,20,20,0,0,0
0x64ccae,100%,0,4810,4810,0,0,0,4810
0x60cf8c,100%,0,4,4,4,0,0,0
0x4a72a5,100%,0,37,37,37,0,0,0
0x5ec42d,100%,0,2,2,0,0,0,2
0x5d788b,100%,0,8,8,0,0,0,8
0x638db2,100%,0,1158,1158,0,0,0,1158
0x7b3248,100%,0,832,832,0,0,0,832
0x4a704a,100%,0,37,37,37,0,0,0
0x7bd948,100%,0,160,160,0,0,0,160
0x486186,100%,0,5223,5223,0,0,0,5223
0x63912f,100%,0,1158,1158,1158,0,0,0
0x7b3755,100%,0,9226,9226,0,0,0,9226
0x683f81,100%,0,4,4,4,0,0,0
0x5ec137,100%,0,47,47,0,0,0,47
0x5ec15d,100%,0,47,47,0,0,0,47
0x4ac69d,100%,0,16,16,16,0,0,0
0x64e27c,100%,0,313,313,0,0,0,313
0x4a817d,100%,0,1,1,1,0,0,0
0x4878b6,100%,0,30,30,0,0,0,30
0x490836,100%,0,3,3,0,0,0,3
0x60c361,100%,0,4,4,0,0,0,4
0x644858,100%,0,20880,20880,0,0,0,20880
0x485ff9,100%,0,4,4,0,0,0,4
0x7b34c8,100%,0,240,240,240,0,0,0
0x4868ea,100%,0,1,1,0,0,0,1
0x490c3c,100%,0,3,3,0,0,0,3
0x5dfef9,100%,0,10442,10442,0,0,0,10442
0x60c147,100%,0,4,4,0,0,0,4
0x460a9c,100%,0,1,1,0,0,0,1
0x460ac2,100%,0,1,1,0,0,0,1
0x485fed,100%,0,4,4,4,0,0,0
0x5ea6cf,100%,0,2,2,2,0,0,0
0x535b9e,100%,0,70,70,0,0,0,70
0x5ea4b1,100%,0,1,1,0,0,0,1
0x48fb81,100%,0,4,4,0,0,0,4
0x644953,100%,0,20880,20880,20880,0,0,0
0x7b3666,100%,0,93,93,0,0,0,93
0x63a397,100%,0,4,4,0,0,0,4
0x4aa06f,100%,0,4,4,4,0,0,0
0x486767,100%,0,1,1,0,0,0,1
0x5e4b26,100%,0,4,4,0,0,0,4
0x460ae8,100%,0,1,1,0,0,0,1
0x6f7b5f,100%,0,20,20,20,0,0,0
0x48943f,100%,0,5219,5219,5219,0,0,0
0x48629e,100%,0,4,4,0,0,0,4
0x4862b0,100%,0,4,4,0,0,0,4
0x4862bd,100%,0,4,4,0,0,0,4
0x4862cf,100%,0,4,4,4,0,0,0
0x48630c,100%,0,4,4,0,0,0,4
0x49972f,100%,0,15742,15742,0,0,0,15742
0x5dca60,100%,0,5223,5223,0,0,0,5223
0x486192,100%,0,5223,5223,0,0,0,5223
0x48fbf2,100%,0,4,4,0,0,0,4
0x7b34bb,100%,0,240,240,0,0,0,240
0x54f8e2,100%,0,5227,5227,0,0,0,5227
0x6f7777,100%,0,20,20,20,0,0,0
0x48fc0c,100%,0,4,4,0,0,0,4
0x48fc26,100%,0,4,4,0,0,0,4
0x5e34c3,100%,0,5219,5219,0,0,0,5219
0x485fde,100%,0,4,4,0,0,0,4
0x4866d9,100%,0,1,1,0,0,0,1
0x7b1399,100%,0,7228,7228,0,0,0,7228
0x4b59e6,100%,0,5219,5219,0,0,0,5219
0x4a7d3f,100%,0,3,3,0,0,0,3
0x7d2251,100%,0,5459,5459,0,0,0,5459
0x5505c3,100%,0,5218,5218,0,0,0,5218
0x485f8d,100%,0,5223,5223,5223,0,0,0
0x48fc32,100%,0,4,4,0,0,0,4
0x4b5aba,100%,0,10434,10434,0,0,0,10434
0x7b1920,100%,0,4,4,0,0,0,4
0x61a6fe,100%,0,44,44,0,0,0,44
0x4b59c0,100%,0,5219,5219,0,0,0,5219
0x490cdd,100%,0,3,3,0,0,0,3
0x5e99d1,100%,0,1,1,0,0,0,1
0x649e7c,100%,0,16105,16105,0,0,0,16105
0x5e002f,100%,0,8,8,0,0,0,8
0x5d78c1,100%,0,8,8,8,0,0,0
0x538d7c,100%,0,26,26,0,0,0,26
0x4b5a47,100%,0,10434,10434,0,0,0,10434
0x5a0b54,100%,0,5226,5226,0,0,0,5226
0x7b1cb3,100%,0,7741,7741,0,0,0,7741
0x64cf0b,100%,0,182,182,0,0,0,182
0x7b1424,100%,0,2,2,2,0,0,0
0x4867a6,100%,0,26094,26094,0,0,0,26094
0x54cd88,100%,0,4,4,0,0,0,4
0x48fc01,100%,0,4,4,0,0,0,4
0x48fae3,100%,0,4,4,0,0,0,4
0x48faf9,100%,0,4,4,0,0,0,4
0x535be0,100%,0,26,26,26,0,0,0
0x60c11c,100%,0,4,4,0,0,0,4
0x5a1560,100%,0,10445,10445,0,0,0,10445
0x5eadcb,100%,0,1,1,0,0,0,1
0x7b406e,100%,0,79,79,0,0,0,79
0x674d99,100%,0,20,20,0,0,0,20
0x4991e4,100%,0,44,44,0,0,0,44
0x49921f,100%,0,44,44,0,0,0,44
0x5eadf3,100%,0,1,1,0,0,0,1
0x7b201a,100%,0,8332,8332,0,0,0,8332
0x618a47,100%,0,38,38,38,0,0,0
0x61a4af,100%,0,44,44,44,0,0,0
0x48c642,100%,0,31,31,31,0,0,0
0x48c3c3,100%,0,1,1,0,0,0,1
