Branch PC,Accuracy,Mispredictions,Correct Predictions,Total,dir_t_pred_t,dir_t_pred_nt,dir_nt_pred_t,dir_nt_pred_nt
aggregate,99.7716%,106190,46379796,46485986,12987978,36042,70148,33391818
0x638ed8,99.4786%,23290,4443947,4467237,4124746,6806,16484,319201
0x64cc86,99.7347%,11422,4293667,4305089,4293549,201,11221,118
0x7b358e,93.1471%,9248,125702,134950,121586,964,8284,4116
0x406ce1,86.1703%,8846,55118,63964,29835,956,7890,25283
0x64d0d3,97.6983%,7801,331121,338922,162202,4187,3614,168919
0x64cc75,99.8662%,5766,4305064,4310830,0,5741,25,4305064
0x64cec8,81.7812%,5057,22700,27757,16694,1368,3689,6006
0x406c31,90.1208%,3925,35805,39730,27917,1769,2156,7888
0x406c39,86.6493%,1534,9956,11490,33,1433,101,9923
0x7b3597,87.9194%,1498,10902,12400,7275,637,861,3627
0x638eec,99.5546%,1495,334190,335685,319594,210,1285,14596
0x7b327b,78.2061%,1487,5336,6823,4720,379,1108,616
0x64d0f2,99.1622%,1394,164995,166389,9326,738,656,155669
0x638ecb,99.9699%,1345,4467197,4468542,0,1305,40,4467197
0x638d03,92.4312%,1343,16401,17744,16401,38,1305,0
0x406b67,88.4247%,1330,10160,11490,10021,205,1125,139
0x406c06,98.7767%,1207,97459,98666,87428,413,794,10031
0x7b347d,91.8306%,1013,11387,12400,4609,624,389,6778
0x7b1cd3,90.8039%,850,8393,9243,70,593,257,8323
0x7b320a,95.57%,830,17906,18736,10794,523,307,7112
0x7b1ca1,93.935%,623,9649,10272,576,453,170,9073
0x638f7a,96.3415%,581,15300,15881,14619,19,562,681
0x7b321b,92.3709%,566,6853,7419,6778,45,521,75
0x7b303a,96.4572%,544,14811,15355,4550,204,340,10261
0x406c0b,95.7528%,488,11002,11490,1188,258,230,9814
0x406d92,96.4923%,442,12159,12601,12159,24,418,0
0x64a793,99.938%,392,631363,631755,53627,269,123,577736
0x7b3236,93.2924%,382,5313,5695,4781,73,309,532
0x7b3806,95.1274%,371,7243,7614,334,240,131,6909
0x64a748,99.7532%,357,144266,144623,37231,134,223,107035
0x64e273,96.7856%,353,10629,10982,10629,10,343,0
0x7b3496,95.1305%,349,6818,7167,5436,207,142,1382
0x7b31b5,98.8662%,329,28689,29018,7736,217,112,20953
0x7b1d08,97.2157%,286,9986,10272,1142,116,170,8844
0x7b3774,96.8276%,251,7661,7912,336,195,56,7325
0x678c33,99.9102%,249,277079,277328,35255,98,151,241824
0x64cc9d,98.1196%,216,11271,11487,2704,136,80,8567
0x7b2fc5,99.1092%,208,23143,23351,9951,91,117,13192
0x4ab909,98.5191%,202,13438,13640,13289,35,167,149
0x7b3610,96.8151%,176,5350,5526,4926,71,105,424
0x7b13d8,99.6816%,176,55104,55280,7125,95,81,47979
0x7b337d,92.4138%,176,2144,2320,17,137,39,2127
0x7b3323,96.6072%,173,4926,5099,22,133,40,4904
0x7b1b7f,99.272%,170,23182,23352,12347,97,73,10835
0x7b37f9,97.8723%,162,7452,7614,5421,62,100,2031
0x5ea1d4,90.3965%,155,1459,1614,1443,35,120,16
0x4a76b9,98.8424%,155,13235,13390,13220,23,132,15
0x7b1af5,99.545%,153,33471,33624,10201,71,82,23270
0x7b32e4,94.5205%,152,2622,2774,2600,48,104,22
0x406b91,98.6858%,151,11339,11490,586,79,72,10753
0x406b4d,99.5987%,139,34500,34639,23094,55,84,11406
0x64ccea,99.2109%,136,17098,17234,6731,79,57,10367
0x4996c7,99.632%,130,35199,35329,17350,47,83,17849
0x7b3354,95.3757%,112,2310,2422,8,94,18,2302
0x64cca3,98.7163%,111,8536,8647,2808,66,45,5728
0x64a777,99.8001%,108,53916,54024,74,54,54,53842
0x66db99,96.0949%,107,2633,2740,1636,67,40,997
0x7b2fa5,99.6988%,103,34089,34192,10776,65,38,23313
0x66dbb9,97.0776%,96,3189,3285,2198,50,46,991
0x7b3251,89.1637%,92,757,849,71,55,37,686
0x617d49,83.0508%,90,441,531,331,28,62,110
0x4ab7f9,81.9838%,89,405,494,147,35,54,258
0x5a1401,99.8924%,89,82638,82727,29501,37,52,53137
0x7b34af,94.2257%,88,1436,1524,1249,43,45,187
0x66dbd4,92.3819%,79,958,1037,533,27,52,425
0x64cebb,99.7964%,77,37744,37821,10025,39,38,27719
0x678c38,99.9686%,76,241899,241975,52662,34,42,189237
0x64ced9,99.2264%,75,9620,9695,9293,42,33,327
0x64cbce,99.5897%,73,17720,17793,10938,44,29,6782
0x7b1469,99.2733%,73,9973,10046,7186,34,39,2787
0x64cc51,99.6054%,68,17166,17234,112,36,32,17054
0x649ecd,99.6445%,67,18778,18845,12025,35,32,6753
0x7b151b,99.8788%,67,55213,55280,49719,33,34,5494
0x64a0b9,86.6667%,62,403,465,264,22,40,139
0x45f909,96.6613%,62,1795,1857,1795,14,48,0
0x7b1490,99.3928%,61,9985,10046,9973,22,39,12
0x66dbe3,87.4214%,60,417,477,276,33,27,141
0x45f97f,94.5845%,58,1013,1071,723,6,52,290
0x7b361a,89.7921%,54,475,529,469,19,35,6
0x4069e7,99.8669%,54,40514,40568,34597,42,12,5917
0x674e57,98.6458%,52,3788,3840,3788,22,30,0
0x4602f1,90.0192%,52,469,521,185,28,24,284
0x4dbff5,84.5679%,50,274,324,158,29,21,116
0x54afc8,65.9574%,48,93,141,23,34,14,70
0x498413,99.9492%,48,94369,94417,47731,35,13,46638
0x498459,99.8971%,48,46603,46651,23843,30,18,22760
0x678c13,99.9831%,47,278341,278388,35833,20,27,242508
0x64cd2f,99.7273%,47,17187,17234,11317,23,24,5870
0x4a6fd9,73.2558%,46,126,172,119,8,38,7
0x649a4c,99.7447%,46,17971,18017,1128,24,22,16843
0x7b3020,99.7797%,46,20837,20883,5506,22,24,15331
0x4a7249,90.2439%,44,407,451,259,20,24,148
0x64ccb7,99.5027%,43,8604,8647,2916,32,11,5688
0x678c20,99.9831%,41,242494,242535,53236,18,23,189258
0x5d0c0a,99.7331%,41,15319,15360,15319,11,30,0
0x499719,99.7834%,39,17963,18002,9,23,16,17954
0x4ab8e0,99.7287%,37,13603,13640,13603,9,28,0
0x538db4,82.1256%,37,170,207,159,13,24,11
0x4a76ad,99.7243%,37,13385,13422,0,32,5,13385
0x649a90,99.7984%,34,16831,16865,10974,20,14,5857
0x4a7069,81.3953%,32,140,172,131,18,14,9
0x7b32e6,74.6032%,32,94,126,4,16,16,90
0x7b1c4a,99.6982%,31,10241,10272,10240,12,19,1
0x5ea1b3,98.0793%,31,1583,1614,1462,5,26,121
0x7bd972,87.5%,30,210,240,193,17,13,17
0x7b3347,99.3633%,30,4682,4712,2269,21,9,2413
0x7b3446,99.6354%,29,7924,7953,5507,19,10,2417
0x49852d,99.7569%,28,11490,11518,5849,21,7,5641
0x4a80b9,93.0693%,28,376,404,376,5,23,0
0x4a74c5,84.3023%,27,145,172,21,20,7,124
0x7b1cdc,99.6853%,27,8553,8580,0,8,19,8553
0x4157a8,93.3168%,27,377,404,373,8,19,4
0x4ad6cc,92.2388%,26,309,335,112,19,7,197
0x45b74f,71.7391%,26,66,92,13,22,4,53
0x649a20,99.8956%,25,23921,23946,18004,13,12,5917
0x7b31e7,99.8861%,24,21041,21065,15940,11,13,5101
0x7b31ec,99.5307%,24,5090,5114,4696,16,8,394
0x4a85b0,93.3333%,24,336,360,336,8,16,0
0x7b363a,63.4921%,23,40,63,10,12,11,30
0x7b377e,99.6884%,23,7358,7381,7358,4,19,0
0x7b31a8,99.8826%,22,18714,18736,0,0,22,18714
0x5ea649,85.3333%,22,128,150,124,12,10,4
0x64cf6f,93.8889%,22,338,360,303,10,12,35
0x406c5a,99.9367%,21,33152,33173,33152,21,0,0
0x5a12f2,99.9645%,21,59143,59164,47288,8,13,11855
0x547d3a,94.802%,21,383,404,377,4,17,6
0x7b3586,99.9829%,21,122529,122550,0,0,21,122529
0x5d8eff,69.1176%,21,47,68,26,14,7,21
0x4a71f3,84.252%,20,107,127,33,6,14,74
0x64cc6f,99.9995%,20,4310816,4310836,0,6,14,4310816
0x45fa18,62.2642%,20,33,53,20,10,10,13
0x7b14de,99.8009%,20,10026,10046,2,7,13,10024
0x638a02,99.8873%,20,17724,17744,0,0,20,17724
0x5ea774,86.0294%,19,117,136,0,16,3,117
0x5a15e5,99.6655%,19,5661,5680,19,13,6,5642
0x638bd7,99.8986%,18,17726,17744,17726,18,0,0
0x415788,86.0465%,18,111,129,106,0,18,5
0x45bdbf,82.1053%,17,78,95,36,8,9,42
0x6ee3e3,99.9494%,17,33606,33623,0,0,17,33606
0x7b3788,99.7851%,17,7895,7912,7609,5,12,286
0x7d2236,99.731%,17,6303,6320,5898,11,6,405
0x4a7508,68.5185%,17,37,54,30,9,8,7
0x64a7a7,99.9971%,17,577842,577859,577842,17,0,0
0x4a73b7,90.1163%,17,155,172,44,10,7,111
0x4a8079,86.8217%,17,112,129,94,12,5,18
0x5dc81a,99.9696%,16,52672,52688,0,0,16,52672
0x460287,98.4805%,16,1037,1053,326,6,10,711
0x64d0fb,99.9954%,15,328843,328858,328843,15,0,0
0x5ec0c3,0%,15,0,15,0,15,0,0
0x550b32,99.8731%,15,11806,11821,5916,11,4,5890
0x5ec0af,90.4459%,15,142,157,139,3,12,3
0x7b14cc,64.2857%,15,27,42,22,9,6,5
0x406d73,96.4789%,15,411,426,0,8,7,411
0x5a0b83,99.8816%,14,11806,11820,5887,7,7,5919
0x7b3645,65.8537%,14,27,41,23,4,10,4
0x4a7d8b,33.3333%,14,7,21,6,8,6,1
0x7b14c3,74.5098%,13,38,51,3,6,7,35
0x45b761,77.193%,13,44,57,37,9,4,7
0x7b31fd,99.9306%,13,18732,18745,0,9,4,18732
0x5dc984,99.8898%,13,11789,11802,0,0,13,11789
0x4ab8a3,96.5517%,12,336,348,29,3,9,307
0x638c24,99.9324%,12,17732,17744,0,0,12,17732
0x45c71f,60%,12,18,30,9,4,8,9
0x4b59b0,99.8983%,12,11782,11794,5887,10,2,5895
0x7b329d,99.3039%,12,1712,1724,0,8,4,1712
0x48ea16,93.0233%,12,160,172,159,6,6,1
0x4aad28,25%,12,4,16,4,12,0,0
0x4602e9,98.6696%,12,890,902,374,7,5,516
0x5ec71d,83.3333%,12,60,72,30,10,2,30
0x638c9f,99.938%,11,17733,17744,17733,11,0,0
0x535a7f,84.058%,11,58,69,0,0,11,58
0x45c8cf,67.6471%,11,23,34,2,6,5,21
0x5486b1,99.9069%,11,11809,11820,5888,6,5,5921
0x4890f3,99.937%,11,17458,17469,5644,4,7,11814
0x5dfb81,99.9791%,11,52677,52688,0,0,11,52677
0x4a71fe,87.5%,11,77,88,42,7,4,35
0x7b35dd,99.9173%,11,13298,13309,13298,11,0,0
0x66dd14,52.1739%,11,12,23,4,3,8,8
0x48c7ea,80.7018%,11,46,57,46,4,7,0
0x4a7270,97.7827%,10,441,451,276,3,7,165
0x676ee2,79.1667%,10,38,48,29,3,7,9
0x4a8133,56.5217%,10,13,23,13,10,0,0
0x5a0991,99.941%,10,16952,16962,11259,5,5,5693
0x538de7,73.6842%,10,28,38,0,0,10,28
0x644cb0,99.9576%,10,23586,23596,0,0,10,23586
0x64cea7,99.9736%,10,37811,37821,0,0,10,37811
0x64d0c3,99.997%,10,338912,338922,0,0,10,338912
0x4ab766,99.1776%,10,1206,1216,1206,8,2,0
0x7b1ac9,99.9703%,10,33614,33624,0,0,10,33614
0x54aeb9,85.9375%,9,55,64,55,9,0,0
0x4157c8,93.4783%,9,129,138,108,7,2,21
0x7b143d,99.9104%,9,10037,10046,9999,3,6,38
0x5ec7ad,99.4118%,9,1521,1530,798,3,6,723
0x54ad3f,43.75%,9,7,16,7,9,0,0
0x48942a,99.8475%,9,5894,5903,0,8,1,5894
0x4a73d8,93.1298%,9,122,131,117,1,8,5
0x406acf,99.974%,9,34630,34639,34630,9,0,0
0x674d84,85%,9,51,60,30,0,9,21
0x48c6d1,84.2105%,9,48,57,48,2,7,0
0x54dff7,99.9634%,9,24594,24603,0,0,9,24594
0x638a10,99.9493%,9,17735,17744,17735,9,0,0
0x64d187,99.9106%,9,10055,10064,10055,9,0,0
0x406ab1,99.8364%,9,5493,5502,0,0,9,5493
0x7b575c,99.9732%,9,33615,33624,33615,9,0,0
0x4069f0,99.8482%,9,5920,5929,425,1,8,5495
0x64df90,99.918%,9,10973,10982,10973,9,0,0
0x64cc6a,99.9998%,8,4310828,4310836,0,0,8,4310828
0x644b48,99.9661%,8,23588,23596,23588,8,0,0
0x48617d,99.8643%,8,5887,5895,0,0,8,5887
0x4a9aef,0%,8,0,8,0,8,0,0
0x46167b,68%,8,17,25,0,8,0,17
0x639ef0,0%,8,0,8,0,8,0,0
0x638e18,99.9535%,8,17178,17186,0,0,8,17178
0x5e0a67,99.9322%,8,11790,11798,0,0,8,11790
0x5ec357,85.1852%,8,46,54,30,4,4,16
0x5a12c8,99.985%,8,53250,53258,29566,4,4,23684
0x486804,99.9729%,8,29469,29477,29469,8,0,0
0x7b1add,99.9762%,8,33616,33624,0,0,8,33616
0x66dd29,90%,8,72,80,63,1,7,9
0x7b511c,99.9766%,8,34184,34192,34184,8,0,0
0x68d5e5,0%,8,0,8,0,8,0,0
0x4b5a08,99.9322%,8,11786,11794,0,8,0,11786
0x683f4f,0%,8,0,8,0,8,0,0
0x4a7420,80.4878%,8,33,41,32,0,8,1
0x499e34,97.3422%,8,293,301,160,1,7,133
0x49c4af,99.9323%,8,11813,11821,11813,8,0,0
0x644c9c,99.9703%,7,23589,23596,23589,7,0,0
0x7b1bae,99.97%,7,23345,23352,12439,5,2,10906
0x7b5145,99.9795%,7,34185,34192,0,0,7,34185
0x4069c3,99.9827%,7,40561,40568,0,0,7,40561
0x498432,99.985%,7,46644,46651,0,0,7,46644
0x415c5a,96.4286%,7,189,196,172,1,6,17
0x7b1b9f,99.97%,7,23345,23352,23345,7,0,0
0x638cd1,99.9606%,7,17737,17744,17737,7,0,0
0x6842fc,12.5%,7,1,8,1,7,0,0
0x4a7512,53.3333%,7,8,15,3,6,1,5
0x4a7439,95%,7,133,140,133,7,0,0
0x64a764,99.9935%,7,107251,107258,53233,1,6,54018
0x638efc,99.9559%,7,15874,15881,15874,7,0,0
0x63a1b1,12.5%,7,1,8,1,7,0,0
0x63a3d9,12.5%,7,1,8,1,7,0,0
0x68d7c2,12.5%,7,1,8,0,0,7,1
0x5e2b85,99.9901%,7,70944,70951,0,0,7,70944
0x5ea61b,95.3333%,7,143,150,0,0,7,143
0x6390bc,99.9593%,7,17179,17186,15874,7,0,1305
0x644b9b,99.9703%,7,23589,23596,23589,7,0,0
0x6448ef,99.9703%,7,23589,23596,23589,7,0,0
0x5ea748,50%,7,7,14,0,0,7,7
0x45bd4c,92.6316%,7,88,95,72,1,6,16
0x5d901e,25%,6,2,8,2,6,0,0
0x638e27,99.9651%,6,17180,17186,0,0,6,17180
0x66db68,99.4236%,6,1035,1041,0,4,2,1035
0x406b5a,99.9478%,6,11484,11490,0,0,6,11484
0x64d0b2,99.9424%,6,10418,10424,360,0,6,10058
0x487b9b,71.4286%,6,15,21,3,4,2,12
0x63a453,25%,6,2,8,2,6,0,0
0x638eb7,99.9999%,6,4468536,4468542,0,0,6,4468536
0x4a7f89,14.2857%,6,1,7,1,6,0,0
0x64dfbf,99.9454%,6,10976,10982,0,0,6,10976
0x7b1c8a,62.5%,6,10,16,0,3,3,10
0x5e995e,82.8571%,6,29,35,29,6,0,0
0x48797c,53.8462%,6,7,13,3,3,3,4
0x5a147e,99.9855%,6,41432,41438,41408,6,0,24
0x4a77f5,81.25%,6,26,32,11,5,1,15
0x499235,91.3043%,6,63,69,28,6,0,35
0x7b30a3,99.8915%,6,5522,5528,5271,4,2,251
0x49853e,99.8978%,6,5864,5870,0,0,6,5864
0x638f59,99.9622%,6,15875,15881,15875,6,0,0
0x7b22b4,25%,6,2,8,0,0,6,2
0x4a73d4,96.5116%,6,166,172,35,6,0,131
0x460f35,14.2857%,6,1,7,1,6,0,0
0x644921,99.9746%,6,23590,23596,23590,6,0,0
0x45c85c,82.3529%,6,28,34,25,5,1,3
0x460eec,14.2857%,6,1,7,0,0,6,1
0x5ea758,57.1429%,6,8,14,2,5,1,6
0x5ec254,96%,6,144,150,2,6,0,142
0x48668a,14.2857%,6,1,7,1,6,0,0
0x7b1c81,70%,6,14,20,0,4,2,14
0x644cfe,99.9746%,6,23590,23596,23590,6,0,0
0x5eae5a,57.1429%,6,8,14,1,6,0,7
0x61800b,73.913%,6,17,23,0,0,6,17
0x645e17,92.1875%,5,59,64,0,0,5,59
0x550af9,99.9789%,5,23637,23642,11817,4,1,11820
0x644a72,99.9788%,5,23591,23596,0,0,5,23591
0x7b4240,99.9321%,5,7357,7362,0,0,5,7357
0x5ec163,96.8153%,5,152,157,145,5,0,7
0x461187,28.5714%,5,2,7,0,0,5,2
0x7b200e,99.9513%,5,10267,10272,0,0,5,10267
0x5eae6d,64.2857%,5,9,14,7,0,5,2
0x460efb,28.5714%,5,2,7,2,5,0,0
0x5a13c7,99.9859%,5,35471,35476,35471,5,0,0
0x48641a,28.5714%,5,2,7,2,5,0,0
0x5ea6cf,28.5714%,5,2,7,2,5,0,0
0x64cf4e,98.6111%,5,355,360,355,5,0,0
0x64e147,99.9545%,5,10977,10982,10977,5,0,0
0x5a0a04,99.9577%,5,11815,11820,11815,5,0,0
0x7b1c95,99.9513%,5,10267,10272,0,0,5,10267
0x4a6f79,97.093%,5,167,172,167,5,0,0
0x5d8fef,37.5%,5,3,8,3,5,0,0
0x683e87,37.5%,5,3,8,3,5,0,0
0x64d1aa,99.9503%,5,10059,10064,0,0,5,10059
0x60cdcc,37.5%,5,3,8,3,5,0,0
0x406cbf,99.9849%,5,33168,33173,0,0,5,33168
0x64a754,99.9953%,5,107253,107258,53232,2,3,54021
0x4b5bb0,99.9576%,5,11781,11786,11781,5,0,0
0x4607ad,28.5714%,5,2,7,0,0,5,2
0x49b04d,84.375%,5,27,32,3,5,0,24
0x4a81a1,78.2609%,5,18,23,2,5,0,16
0x48c4d2,28.5714%,5,2,7,0,0,5,2
0x644b1b,99.9788%,5,23591,23596,0,0,5,23591
0x4aa0c8,37.5%,5,3,8,3,5,0,0
0x7b369b,87.8049%,5,36,41,3,3,2,33
0x4867ed,99.9864%,4,29473,29477,29473,4,0,0
0x4984f1,99.9669%,4,12071,12075,6147,2,2,5924
0x4b5a9c,99.9661%,4,11782,11786,0,0,4,11782
0x7b33c8,99.8276%,4,2316,2320,2316,4,0,0
0x60c53f,50%,4,4,8,4,4,0,0
0x45f9b1,99.4852%,4,773,777,728,1,3,45
0x638d8b,99.6935%,4,1301,1305,1301,4,0,0
0x7b512b,99.9883%,4,34188,34192,0,0,4,34188
0x7b1b39,99.9829%,4,23348,23352,23348,4,0,0
0x7b5137,99.9883%,4,34188,34192,0,0,4,34188
0x4e9118,0%,4,0,4,0,2,2,0
0x5a0d84,87.5%,4,28,32,0,0,4,28
0x487b4d,92%,4,46,50,3,4,0,43
0x64c562,50%,4,4,8,0,0,4,4
0x60ce4a,50%,4,4,8,4,4,0,0
0x7b31c9,99.981%,4,21061,21065,0,0,4,21061
0x406dbc,99.061%,4,422,426,0,0,4,422
0x7b25f3,99.9611%,4,10268,10272,10268,4,0,0
0x5a1462,99.9865%,4,29534,29538,0,0,4,29534
0x7b203a,99.9611%,4,10268,10272,0,0,4,10268
0x7b5743,99.9881%,4,33620,33624,0,0,4,33620
0x4b128e,99.9323%,4,5906,5910,5906,4,0,0
0x495745,99.9662%,4,11840,11844,11840,4,0,0
0x460fbd,42.8571%,4,3,7,3,4,0,0
0x487921,88.5714%,4,31,35,20,2,2,11
0x644b28,99.983%,4,23592,23596,0,0,4,23592
0x4867b8,99.9864%,4,29473,29477,29473,4,0,0
0x45c899,86.6667%,4,26,30,0,0,4,26
0x644858,99.983%,4,23592,23596,0,0,4,23592
0x7b1ad3,99.9881%,4,33620,33624,0,0,4,33620
0x7b50d7,99.9883%,4,34188,34192,0,0,4,34188
0x4a8474,98.8889%,4,356,360,356,4,0,0
0x7b1b18,99.9829%,4,23348,23352,0,0,4,23348
0x549939,50%,4,4,8,4,2,2,0
0x4a9722,50%,4,4,8,4,4,0,0
0x550be0,99.9746%,3,11818,11821,5924,3,0,5894
0x7b13f9,66.6667%,3,6,9,0,0,3,6
0x4e8bce,0%,3,0,3,0,1,2,0
0x54da57,98.7654%,3,240,243,0,0,3,240
0x7b3fe4,50%,3,3,6,3,3,0,0
0x7b5753,99.9911%,3,33621,33624,0,0,3,33621
0x6499f7,99.9875%,3,23943,23946,23943,3,0,0
0x4ed04e,0%,3,0,3,0,2,1,0
0x494945,40%,3,2,5,2,1,2,0
0x4a97c2,62.5%,3,5,8,0,0,3,5
0x7b2fd7,99.9775%,3,13306,13309,13306,3,0,0
0x489103,99.9746%,3,11818,11821,5892,3,0,5926
0x644b38,99.9873%,3,23593,23596,0,0,3,23593
0x7b5113,99.9912%,3,34189,34192,0,0,3,34189
0x4e8c0f,25%,3,1,4,0,2,1,1
0x550be5,99.9491%,3,5891,5894,0,0,3,5891
0x487956,84.2105%,3,16,19,3,3,0,13
0x7d2242,99.2701%,3,408,411,408,3,0,0
0x7b375f,99.9621%,3,7909,7912,0,0,3,7909
0x4a9667,62.5%,3,5,8,5,3,0,0
0x48cb63,0%,3,0,3,0,3,0,0
0x638a3f,99.9831%,3,17741,17744,0,0,3,17741
0x549929,62.5%,3,5,8,5,1,2,0
0x64cc64,99.9999%,3,4310833,4310836,0,0,3,4310833
0x54934b,62.5%,3,5,8,5,3,0,0
0x7b13a8,99.9457%,3,5525,5528,5525,3,0,0
0x644662,99.9873%,3,23593,23596,0,0,3,23593
0x5d9185,95.8333%,3,69,72,44,0,3,25
0x538e0b,0%,3,0,3,0,3,0,0
0x638d0c,99.7701%,3,1302,1305,0,0,3,1302
0x7b1b2a,99.9872%,3,23349,23352,0,0,3,23349
0x674da3,90%,3,27,30,27,3,0,0
0x460290,99.5839%,3,718,721,29,3,0,689
0x7b1b07,99.9872%,3,23349,23352,0,0,3,23349
0x644670,99.9873%,3,23593,23596,23593,3,0,0
0x547aca,91.1765%,3,31,34,31,3,0,0
0x676e00,96.25%,3,77,80,63,1,2,14
0x6180b1,86.9565%,3,20,23,0,0,3,20
0x7b1cf3,99.9708%,3,10269,10272,0,0,3,10269
0x4a769f,99.9776%,3,13419,13422,0,0,3,13419
0x4a7d3f,85.7143%,3,18,21,0,0,3,18
0x4068b4,99.9822%,3,16862,16865,16862,3,0,0
0x48cdbf,25%,3,1,4,1,2,1,0
0x60cbd3,62.5%,3,5,8,5,3,0,0
0x64469f,99.9873%,3,23593,23596,0,0,3,23593
0x45f985,99.1228%,3,339,342,293,1,2,46
0x7b1c32,99.9708%,3,10269,10272,0,0,3,10269
0x63905a,99.9811%,3,15878,15881,15878,3,0,0
0x45f929,99.2188%,3,381,384,336,0,3,45
0x486814,99.9898%,3,29474,29477,0,0,3,29474
0x40683f,81.25%,3,13,16,0,0,3,13
0x7b17d6,90.3226%,3,28,31,0,0,3,28
0x617d68,98.2558%,3,169,172,169,3,0,0
0x49c6e6,99.9746%,3,11818,11821,11818,3,0,0
0x415e6d,86.9565%,3,20,23,0,0,3,20
0x4868d9,78.5714%,3,11,14,5,2,1,6
0x4864fd,57.1429%,3,4,7,0,0,3,4
0x7ac00a,90%,3,27,30,0,0,3,27
0x406a10,99.9455%,3,5500,5503,0,0,3,5500
0x6ec690,99.9912%,3,34188,34191,34188,3,0,0
0x498340,99.9916%,3,35764,35767,35764,3,0,0
0x4991d9,95.6522%,3,66,69,32,3,0,34
0x649e85,99.9841%,3,18842,18845,0,0,3,18842
0x645962,95.3125%,3,61,64,0,0,3,61
0x7b1ae5,99.9941%,2,33622,33624,0,0,2,33622
0x7d2238,99.5134%,2,409,411,0,0,2,409
0x7b1bde,99.9805%,2,10270,10272,10270,2,0,0
0x7b573a,99.9941%,2,33622,33624,0,0,2,33622
0x4ea408,0%,2,0,2,0,2,0,0
0x7b1b84,99.9817%,2,10906,10908,10906,2,0,0
0x499e3f,98.5714%,2,138,140,138,2,0,0
0x45bc8e,96.1538%,2,50,52,0,1,1,50
0x68e8ab,93.3333%,2,28,30,0,0,2,28
0x7b3489,99.9721%,2,7165,7167,0,0,2,7165
0x48c482,86.6667%,2,13,15,4,2,0,9
0x54beba,99.9663%,2,5925,5927,5925,2,0,0
0x5a08ad,99.9665%,2,5974,5976,5974,2,0,0
0x5a15a3,99.9648%,2,5678,5680,0,0,2,5678
0x5a146b,99.9962%,2,53155,53157,53155,2,0,0
0x7b2f7a,99.9942%,2,34190,34192,0,0,2,34190
0x548de7,75%,2,6,8,6,2,0,0
0x406e27,99.9936%,2,31042,31044,0,0,2,31042
0x5ec475,85.7143%,2,12,14,12,2,0,0
0x4ad764,97.8022%,2,89,91,89,2,0,0
0x7b2027,99.9805%,2,10270,10272,10270,2,0,0
0x7b1d39,99.9805%,2,10270,10272,10270,2,0,0
0x7b32db,99.9245%,2,2646,2648,0,0,2,2646
0x7b2fe5,99.985%,2,13307,13309,0,0,2,13307
0x7b1bb3,99.9817%,2,10906,10908,10906,2,0,0
0x638c08,99.9887%,2,17742,17744,0,0,2,17742
0x5a142f,99.9962%,2,53187,53189,23618,1,1,29569
0x4946cd,0%,2,0,2,0,2,0,0
0x7b1f40,99.9805%,2,10270,10272,10270,2,0,0
0x461666,75%,2,6,8,0,0,2,6
0x487902,94.2857%,2,33,35,0,0,2,33
0x64e20f,99.9818%,2,10980,10982,10980,2,0,0
0x644953,99.9915%,2,23594,23596,23594,2,0,0
0x7b1c13,99.9805%,2,10270,10272,0,0,2,10270
0x7b364e,85.7143%,2,12,14,12,0,2,0
0x64d11c,99.9801%,2,10062,10064,10062,2,0,0
0x4996e0,99.9888%,2,17930,17932,0,0,2,17930
0x7b1c07,99.9805%,2,10270,10272,10270,2,0,0
0x535cd1,94.1176%,2,32,34,32,2,0,0
0x461682,88.2353%,2,15,17,15,2,0,0
0x406b22,99.9942%,2,34637,34639,0,0,2,34637
0x4996a8,99.9943%,2,35327,35329,0,0,2,35327
0x66f065,99.7093%,2,686,688,344,0,2,342
0x5a0e57,93.75%,2,30,32,30,2,0,0
0x5ea640,98.6667%,2,148,150,0,0,2,148
0x5a0ff5,99.9962%,2,53256,53258,53232,2,0,24
0x64466b,99.9915%,2,23594,23596,0,0,2,23594
0x4a6f1e,98.8372%,2,170,172,170,2,0,0
0x4a722e,98.8372%,2,170,172,0,0,2,170
0x499e9a,98.8372%,2,170,172,170,2,0,0
0x48c6f4,71.4286%,2,5,7,5,1,1,0
0x645ed3,96.875%,2,62,64,62,2,0,0
0x4ea6b9,0%,2,0,2,0,0,2,0
0x4a75dd,98.773%,2,161,163,0,0,2,161
0x48c94f,33.3333%,2,1,3,1,2,0,0
0x40682d,87.5%,2,14,16,14,2,0,0
0x48cd27,33.3333%,2,1,3,1,1,1,0
0x49857b,87.5%,2,14,16,0,0,2,14
0x488580,97.5%,2,78,80,64,0,2,14
0x45fa28,93.3333%,2,28,30,28,2,0,0
0x5ec1c4,98.6667%,2,148,150,148,2,0,0
0x645c31,96.875%,2,62,64,62,2,0,0
0x54ce66,75%,2,6,8,0,0,2,6
0x5d8f59,87.5%,2,14,16,14,2,0,0
0x7b307d,99.9937%,2,31870,31872,0,0,2,31870
0x5f7ba8,99.0385%,2,206,208,206,2,0,0
0x45c72d,88.2353%,2,15,17,15,0,2,0
0x7b1c24,99.9805%,2,10270,10272,0,0,2,10270
0x7b3691,95.122%,2,39,41,38,1,1,1
0x63a17f,75%,2,6,8,6,2,0,0
0x683cd0,75%,2,6,8,6,2,0,0
0x4b598a,99.983%,2,11792,11794,0,0,2,11792
0x60ce29,75%,2,6,8,6,2,0,0
0x64990d,50%,2,2,4,2,2,0,0
0x60cb6f,75%,2,6,8,6,2,0,0
0x7b3248,99.7644%,2,847,849,0,0,2,847
0x5ea509,71.4286%,2,5,7,0,0,2,5
0x5eae44,85.7143%,2,12,14,12,2,0,0
0x494813,50%,2,2,4,1,1,1,1
0x5ea1a0,99.8761%,2,1612,1614,1612,2,0,0
0x7b4231,99.9728%,2,7360,7362,0,0,2,7360
0x41597f,91.3043%,2,21,23,21,2,0,0
0x4e90e7,50%,2,2,4,1,2,0,1
0x5498f7,0%,2,0,2,0,0,2,0
0x7b1ba9,99.9914%,2,23350,23352,0,0,2,23350
0x5a1353,99.9958%,2,47294,47296,23606,2,0,23688
0x617aa0,99.6234%,2,529,531,529,2,0,0
0x6390d3,99.8467%,2,1303,1305,0,0,2,1303
0x7b50eb,99.9942%,2,34190,34192,34190,2,0,0
0x4e8314,0%,2,0,2,0,1,1,0
0x4e8e9b,0%,2,0,2,0,1,1,0
0x5a0973,99.9882%,2,16960,16962,0,0,2,16960
0x64d25f,99.9801%,2,10062,10064,10062,2,0,0
0x5a1ff9,99.9916%,2,23752,23754,0,0,2,23752
0x5e99f6,94.2857%,2,33,35,0,0,2,33
0x638a0b,99.9887%,2,17742,17744,0,0,2,17742
0x649e8a,99.9894%,2,18843,18845,18843,2,0,0
0x60cf2a,75%,2,6,8,6,2,0,0
0x4867d1,99.9932%,2,29475,29477,29475,2,0,0
0x5dfc64,99.983%,2,11796,11798,0,0,2,11796
0x48cb50,33.3333%,2,1,3,0,0,2,1
0x66f346,99.7674%,2,858,860,344,0,2,514
0x644bbc,99.9915%,2,23594,23596,23594,2,0,0
0x7b141a,77.7778%,2,7,9,7,0,2,0
0x54bf93,87.5%,1,7,8,7,1,0,0
0x4ecf6c,0%,1,0,1,0,1,0,0
0x66dd49,98.4375%,1,63,64,48,0,1,15
0x54ab39,96.875%,1,31,32,31,1,0,0
0x46037b,0%,1,0,1,0,0,1,0
0x5ea4f2,85.7143%,1,6,7,6,1,0,0
0x7b17c8,96.7742%,1,30,31,0,0,1,30
0x63a595,87.5%,1,7,8,7,1,0,0
0x4b5a19,99.9915%,1,11785,11786,0,0,1,11785
0x494762,50%,1,1,2,1,1,0,0
0x6386a5,99.9942%,1,17185,17186,0,0,1,17185
0x4b5a47,99.9915%,1,11785,11786,0,0,1,11785
0x4b5a56,99.9915%,1,11785,11786,11785,1,0,0
0x7b1b57,99.9957%,1,23351,23352,0,0,1,23351
0x4ea94c,0%,1,0,1,0,0,1,0
0x7b3043,99.9906%,1,10600,10601,0,0,1,10600
0x535c0f,97.1429%,1,34,35,34,1,0,0
0x64e194,99.9909%,1,10981,10982,0,0,1,10981
0x4b5a80,99.9915%,1,11785,11786,0,0,1,11785
0x538df6,97.3684%,1,37,38,34,1,0,3
0x5d78e7,97.2222%,1,35,36,35,1,0,0
0x60c90f,87.5%,1,7,8,0,0,1,7
0x5ec450,92.8571%,1,13,14,0,0,1,13
0x64d063,99.9904%,1,10423,10424,0,0,1,10423
0x644b07,99.9958%,1,23595,23596,0,0,1,23595
0x550434,99.9944%,1,17747,17748,11853,1,0,5894
0x4e91c8,50%,1,1,2,0,0,1,1
0x4e8290,0%,1,0,1,0,1,0,0
0x4e8dbb,0%,1,0,1,0,1,0,0
0x7b5140,99.9971%,1,34191,34192,0,0,1,34191
0x4e8b49,0%,1,0,1,0,0,1,0
0x4e9a2a,0%,1,0,1,0,1,0,0
0x4ea97d,0%,1,0,1,0,0,1,0
0x49a4dd,99.1228%,1,113,114,113,1,0,0
0x4ea981,0%,1,0,1,0,0,1,0
0x4e8f36,50%,1,1,2,1,1,0,0
0x4ea81a,50%,1,1,2,1,1,0,0
0x494864,80%,1,4,5,4,1,0,0
0x4e967a,0%,1,0,1,0,1,0,0
0x4ea9a2,0%,1,0,1,0,1,0,0
0x4b5a8f,99.9915%,1,11785,11786,0,0,1,11785
0x5498ba,50%,1,1,2,1,1,0,0
0x460341,80%,1,4,5,0,1,0,4
0x46034e,66.6667%,1,2,3,2,1,0,0
0x460363,50%,1,1,2,1,0,1,0
0x4a72a5,99.4186%,1,171,172,171,1,0,0
0x4e9092,0%,1,0,1,0,1,0,0
0x4e8c46,0%,1,0,1,0,1,0,0
0x7b3069,99.9906%,1,10600,10601,10600,1,0,0
0x7b4079,97.4359%,1,38,39,0,0,1,38
0x618bb8,99.4652%,1,186,187,186,1,0,0
0x618c01,99.4652%,1,186,187,186,1,0,0
0x5ec7d8,99.8628%,1,728,729,594,0,1,134
0x63877c,99.9915%,1,11828,11829,0,0,1,11828
0x5a15af,99.9824%,1,5679,5680,0,0,1,5679
0x7b50c3,99.9971%,1,34191,34192,0,0,1,34191
0x4e8e57,50%,1,1,2,1,0,1,0
0x4e8fc9,50%,1,1,2,1,1,0,0
0x4e9191,50%,1,1,2,1,1,0,0
0x644827,99.9958%,1,23595,23596,23595,1,0,0
0x495678,99.9916%,1,11843,11844,23,1,0,11820
0x644a68,99.9958%,1,23595,23596,0,0,1,23595
0x644a77,99.9958%,1,23595,23596,0,0,1,23595
0x66f058,99.8837%,1,859,860,171,1,0,688
0x5ec167,85.7143%,1,6,7,6,1,0,0
0x550509,99.9916%,1,11853,11854,5927,0,1,5926
0x5ea4b1,85.7143%,1,6,7,0,0,1,6
0x66efb6,99.8062%,1,515,516,0,0,1,515
0x66f364,99.8062%,1,515,516,515,1,0,0
0x486136,99.9915%,1,11785,11786,0,0,1,11785
0x68435e,87.5%,1,7,8,7,1,0,0
0x64ccc0,99.9883%,1,8538,8539,0,0,1,8538
0x4e8d9c,0%,1,0,1,0,0,1,0
0x48c40f,85.7143%,1,6,7,0,1,0,6
0x48c859,0%,1,0,1,0,1,0,0
0x48cbb8,66.6667%,1,2,3,0,0,1,2
0x48cbe2,66.6667%,1,2,3,2,1,0,0
0x48cca7,66.6667%,1,2,3,2,1,0,0
0x6391af,99.9234%,1,1304,1305,1304,1,0,0
0x617e9f,99.4186%,1,171,172,0,0,1,171
0x5d0b89,99.9935%,1,15359,15360,0,0,1,15359
0x64a76f,99.9991%,1,107257,107258,53233,1,0,54024
0x5f7daf,99.5885%,1,242,243,0,0,1,242
0x4b5aba,99.9915%,1,11785,11786,0,0,1,11785
0x5ec091,99.4595%,1,184,185,0,0,1,184
0x48612d,99.9915%,1,11785,11786,0,0,1,11785
0x4e8272,0%,1,0,1,0,1,0,0
0x7b32bf,99.2063%,1,125,126,125,1,0,0
0x5ec7bf,99.8628%,1,728,729,728,1,0,0
0x5361b8,97.1429%,1,34,35,34,1,0,0
0x406d07,99.7653%,1,425,426,425,1,0,0
0x5a1320,99.9916%,1,11867,11868,23,1,0,11844
0x5dcaca,99.9831%,1,5902,5903,0,0,1,5902
0x64c321,87.5%,1,7,8,7,1,0,0
0x4adb1a,99.4186%,1,171,172,0,0,1,171
0x645b37,98.4375%,1,63,64,63,1,0,0
0x4168e1,95.6522%,1,22,23,22,1,0,0
0x4a7577,99.3865%,1,162,163,162,1,0,0
0x7b3755,99.9874%,1,7911,7912,0,0,1,7911
0x645b84,98.4375%,1,63,64,0,0,1,63
0x649edc,99.9853%,1,6784,6785,0,0,1,6784
0x4e89da,0%,1,0,1,0,1,0,0
0x5ea6c8,92.8571%,1,13,14,6,1,0,7
0x5a09ea,99.9915%,1,11819,11820,0,0,1,11819
0x4a7481,99.2857%,1,139,140,139,1,0,0
0x60caf4,87.5%,1,7,8,0,0,1,7
0x4e160b,99.4186%,1,171,172,0,0,1,171
0x4e9084,50%,1,1,2,0,1,0,1
0x4ac69d,96.875%,1,31,32,31,1,0,0
0x7b1424,50%,1,1,2,1,1,0,0
0x64cce0,99.9942%,1,17233,17234,0,0,1,17233
0x499247,97.1429%,1,34,35,34,1,0,0
0x64e178,99.9909%,1,10981,10982,0,0,1,10981
0x60c361,87.5%,1,7,8,0,0,1,7
0x4ea6c8,50%,1,1,2,1,1,0,0
0x617d55,99.4186%,1,171,172,0,0,1,171
0x4a75eb,99.3865%,1,162,163,162,1,0,0
0x48c4e8,85.7143%,1,6,7,0,1,0,6
0x4a71dd,99.2126%,1,126,127,0,0,1,126
0x4a817d,95.6522%,1,22,23,22,1,0,0
0x7b4247,99.9864%,1,7361,7362,0,0,1,7361
0x4ad774,98.9011%,1,90,91,90,1,0,0
0x4a71b3,99.4186%,1,171,172,171,1,0,0
0x4a73f0,99.2366%,1,130,131,130,1,0,0
0x460349,75%,1,3,4,0,1,0,3
0x48e9e1,99.4186%,1,171,172,0,0,1,171
0x5a1459,99.9966%,1,29569,29570,0,0,1,29569
0x45f98c,99.8713%,1,776,777,47,1,0,729
0x5a15be,99.9824%,1,5679,5680,0,0,1,5679
0x60c11c,87.5%,1,7,8,0,0,1,7
0x638e22,99.9942%,1,17185,17186,0,0,1,17185
0x4ed005,0%,1,0,1,0,1,0,0
0x5e9ef0,97.1429%,1,34,35,0,0,1,34
0x4863fe,85.7143%,1,6,7,0,0,1,6
0x48854a,93.75%,1,15,16,0,0,1,15
0x499d5c,99.4186%,1,171,172,171,1,0,0
0x64d13f,99.9901%,1,10063,10064,0,0,1,10063
0x638db2,99.9234%,1,1304,1305,0,0,1,1304
0x63a1e3,87.5%,1,7,8,7,1,0,0
0x674211,96.6667%,1,29,30,29,1,0,0
0x64e241,99.9909%,1,10981,10982,10981,1,0,0
0x6390e3,99.9234%,1,1304,1305,1304,1,0,0
0x6ee670,0%,1,0,1,0,1,0,0
0x639105,99.9234%,1,1304,1305,1304,1,0,0
0x4868ea,85.7143%,1,6,7,0,0,1,6
0x645c63,98.4375%,1,63,64,63,1,0,0
0x550a17,99.983%,1,5893,5894,0,0,1,5893
0x4e8bb0,75%,1,3,4,0,1,0,3
0x60caa7,87.5%,1,7,8,7,1,0,0
0x45f8cc,97.9167%,1,47,48,0,0,1,47
0x4b59da,99.983%,1,5896,5897,0,0,1,5896
0x645eb2,98.4375%,1,63,64,63,1,0,0
0x45f9a8,99.8713%,1,776,777,0,0,1,776
0x60cba1,87.5%,1,7,8,7,1,0,0
0x7b22bb,87.5%,1,7,8,0,1,0,7
0x461066,85.7143%,1,6,7,0,0,1,6
0x5a12b9,99.9981%,1,53257,53258,0,0,1,53257
0x415d17,99.4898%,1,195,196,172,1,0,23
0x415d36,95.6522%,1,22,23,22,1,0,0
0x499287,100%,0,34,34,0,0,0,34
0x4ebee7,100%,0,2,2,0,0,0,2
0x64cee9,100%,0,360,360,360,0,0,0
0x5d0b12,100%,0,15360,15360,15360,0,0,0
0x5a1357,100%,0,23688,23688,23664,0,0,24
0x5e9b6a,100%,0,35,35,0,0,0,35
0x7b3797,100%,0,298,298,0,0,0,298
0x406865,100%,0,16,16,16,0,0,0
0x486454,100%,0,7,7,0,0,0,7
0x639f1f,100%,0,8,8,0,0,0,8
0x63a397,100%,0,8,8,0,0,0,8
0x64e322,100%,0,343,343,0,0,0,343
0x4aa06f,100%,0,8,8,8,0,0,0
0x63a104,100%,0,8,8,0,0,0,8
0x7b34a2,100%,0,1524,1524,0,0,0,1524
0x645bff,100%,0,64,64,64,0,0,0
0x4e161a,100%,0,172,172,172,0,0,0
0x48c9e5,100%,0,3,3,0,0,0,3
0x4a76d5,100%,0,32,32,32,0,0,0
0x64cca9,100%,0,5773,5773,0,0,0,5773
0x64ccae,100%,0,5773,5773,0,0,0,5773
0x63a3c9,100%,0,8,8,0,0,0,8
0x5e3945,100%,0,5902,5902,0,0,0,5902
0x49470e,100%,0,2,2,0,0,0,2
0x618a47,100%,0,172,172,172,0,0,0
0x6f7b5f,100%,0,30,30,30,0,0,0
0x60c223,100%,0,8,8,8,0,0,0
0x489340,100%,0,5902,5902,0,0,0,5902
0x48eabb,100%,0,7,7,0,0,0,7
0x63a0b7,100%,0,8,8,8,0,0,0
0x5a1349,100%,0,11844,11844,0,0,0,11844
0x54f8e9,100%,0,5927,5927,5927,0,0,0
0x6841fb,100%,0,8,8,8,0,0,0
0x45f8c6,100%,0,48,48,0,0,0,48
0x60c131,100%,0,8,8,0,0,0,8
0x4a8159,100%,0,23,23,23,0,0,0
0x49568f,100%,0,11820,11820,11820,0,0,0
0x64c67a,100%,0,8,8,8,0,0,0
0x64e27c,100%,0,343,343,0,0,0,343
0x48e93f,100%,0,172,172,172,0,0,0
0x49a40d,100%,0,114,114,0,0,0,114
0x486186,100%,0,5895,5895,0,0,0,5895
0x5a13b1,100%,0,11820,11820,11820,0,0,0
0x5a138c,100%,0,23608,23608,11788,0,0,11820
0x64e2fb,100%,0,343,343,343,0,0,0
0x68d908,100%,0,8,8,0,0,0,8
0x7a639a,100%,0,30,30,0,0,0,30
0x45fa14,100%,0,53,53,0,0,0,53
0x4a7cf8,100%,0,7,7,0,0,0,7
0x7b14b1,100%,0,51,51,0,0,0,51
0x674e7d,100%,0,30,30,0,0,0,30
0x48ca15,100%,0,3,3,3,0,0,0
0x5d0ac2,100%,0,30,30,0,0,0,30
0x5d0ae6,100%,0,30,30,0,0,0,30
0x618265,100%,0,23,23,0,0,0,23
0x5d0b51,100%,0,15360,15360,15360,0,0,0
0x5d0b9a,100%,0,15360,15360,0,0,0,15360
0x674e26,100%,0,30,30,0,0,0,30
0x7bd8e5,100%,0,30,30,30,0,0,0
0x4607be,100%,0,7,7,0,0,0,7
0x6744ad,100%,0,30,30,0,0,0,30
0x683ed3,100%,0,8,8,0,0,0,8
0x6f7794,100%,0,30,30,0,0,0,30
0x48e8f8,100%,0,172,172,0,0,0,172
0x415e1a,100%,0,23,23,23,0,0,0
0x7a63ad,100%,0,30,30,0,0,0,30
0x63a0e8,100%,0,8,8,0,0,0,8
0x60cdbc,100%,0,8,8,0,0,0,8
0x4a766a,100%,0,163,163,0,0,0,163
0x7b233e,100%,0,3,3,0,0,0,3
0x4f0e43,100%,0,24,24,24,0,0,0
0x5504c3,100%,0,5894,5894,5894,0,0,0
0x5a0da4,100%,0,32,32,0,0,0,32
0x60c375,100%,0,8,8,0,0,0,8
0x60c8d2,100%,0,8,8,0,0,0,8
0x4a756e,100%,0,163,163,0,0,0,163
0x5ec234,100%,0,7,7,7,0,0,0
0x54a4c8,100%,0,34,34,34,0,0,0
0x60ccf2,100%,0,8,8,0,0,0,8
0x7a63c3,100%,0,30,30,0,0,0,30
0x4863f6,100%,0,7,7,0,0,0,7
0x48ea59,100%,0,7,7,0,0,0,7
0x4a76ed,100%,0,32,32,0,0,0,32
0x48c927,100%,0,1,1,0,0,0,1
0x63a547,100%,0,8,8,0,0,0,8
0x675197,100%,0,30,30,0,0,0,30
0x674207,100%,0,30,30,0,0,0,30
0x617e90,100%,0,172,172,0,0,0,172
0x4a81d4,100%,0,23,23,23,0,0,0
0x48809c,100%,0,16,16,16,0,0,0
0x4a74b9,100%,0,172,172,172,0,0,0
0x60cf3e,100%,0,8,8,0,0,0,8
0x7a63e4,100%,0,30,30,0,0,0,30
0x684198,100%,0,8,8,0,0,0,8
0x416a5b,100%,0,23,23,23,0,0,0
0x68421c,100%,0,8,8,8,0,0,0
0x684310,100%,0,8,8,0,0,0,8
0x49b0c8,100%,0,24,24,0,0,0,24
0x4b5aec,100%,0,11786,11786,0,0,0,11786
0x4ab7a0,100%,0,312,312,0,0,0,312
0x4ab7cd,100%,0,494,494,494,0,0,0
0x5e4f85,100%,0,4,4,0,0,0,4
0x60cda8,100%,0,8,8,0,0,0,8
0x66f6d3,100%,0,172,172,172,0,0,0
0x60c147,100%,0,8,8,0,0,0,8
0x48611e,100%,0,11786,11786,0,0,0,11786
0x499c0c,100%,0,172,172,172,0,0,0
0x45f94b,100%,0,48,48,0,0,0,48
0x4e157f,100%,0,172,172,172,0,0,0
0x66efb1,100%,0,516,516,0,0,0,516
0x683fb3,100%,0,8,8,8,0,0,0
0x7b33f3,100%,0,155,155,0,0,0,155
0x7b22e9,100%,0,1,1,0,0,0,1
0x7a64af,100%,0,30,30,30,0,0,0
0x48c5e4,100%,0,57,57,57,0,0,0
0x7a640e,100%,0,30,30,30,0,0,0
0x68d7fc,100%,0,8,8,0,0,0,8
0x7abff6,100%,0,30,30,0,0,0,30
0x7ac029,100%,0,30,30,0,0,0,30
0x460fb1,100%,0,7,7,0,0,0,7
0x4a6f71,100%,0,172,172,0,0,0,172
0x7bd91e,100%,0,30,30,0,0,0,30
0x7bd983,100%,0,30,30,0,0,0,30
0x7a641a,100%,0,30,30,0,0,0,30
0x4a780b,100%,0,163,163,163,0,0,0
0x4a75c5,100%,0,163,163,0,0,0,163
0x54ce37,100%,0,8,8,0,0,0,8
0x54ce47,100%,0,8,8,0,0,0,8
0x549414,100%,0,8,8,8,0,0,0
0x549907,100%,0,2,2,0,0,0,2
0x4868e4,100%,0,7,7,0,0,0,7
0x45f8dd,100%,0,48,48,0,0,0,48
0x549332,100%,0,8,8,0,0,0,8
0x46030f,100%,0,2,2,0,0,0,2
0x60cd87,100%,0,8,8,0,0,0,8
0x4aad21,100%,0,16,16,0,0,0,16
0x64ce12,100%,0,10424,10424,0,0,0,10424
0x60cad8,100%,0,8,8,0,0,0,8
0x68d7cb,100%,0,8,8,0,0,0,8
0x64d1e7,100%,0,10064,10064,0,0,0,10064
0x54958d,100%,0,8,8,8,0,0,0
0x6743d1,100%,0,30,30,0,0,0,30
0x5ea7a9,100%,0,120,120,120,0,0,0
0x5e1007,100%,0,36,36,0,0,0,36
0x6f7b15,100%,0,30,30,0,0,0,30
0x7b1f55,100%,0,10272,10272,0,0,0,10272
0x7b1bfb,100%,0,10272,10272,0,0,0,10272
0x64ce08,100%,0,10424,10424,0,0,0,10424
0x5e2d65,100%,0,23596,23596,0,0,0,23596
0x6840c8,100%,0,8,8,0,0,0,8
0x5eade0,100%,0,7,7,0,0,0,7
0x7b1c40,100%,0,10272,10272,0,0,0,10272
0x5e6928,100%,0,57,57,0,0,0,57
0x49b3d7,100%,0,8,8,0,0,0,8
0x54ce50,100%,0,8,8,0,0,0,8
0x487836,100%,0,50,50,0,0,0,50
0x4ad6be,100%,0,335,335,0,0,0,335
0x7b22a6,100%,0,8,8,0,0,0,8
0x554c67,100%,0,57,57,0,0,0,57
0x4e89b0,100%,0,1,1,0,0,0,1
0x54cd7f,100%,0,8,8,0,0,0,8
0x4067c2,100%,0,16,16,0,0,0,16
0x60cce8,100%,0,8,8,0,0,0,8
0x4a9aff,100%,0,8,8,0,0,0,8
0x618c47,100%,0,187,187,187,0,0,0
0x7b35c4,100%,0,9,9,0,0,0,9
0x4a86b7,100%,0,851,851,0,0,0,851
0x60c35a,100%,0,8,8,0,0,0,8
0x61824e,100%,0,23,23,0,0,0,23
0x4607d6,100%,0,7,7,0,0,0,7
0x68417b,100%,0,8,8,0,0,0,8
0x7a64bc,100%,0,30,30,0,0,0,30
0x63a302,100%,0,8,8,0,0,0,8
0x63a307,100%,0,8,8,0,0,0,8
0x63a3b8,100%,0,8,8,0,0,0,8
0x63a432,100%,0,8,8,8,0,0,0
0x63a533,100%,0,8,8,8,0,0,0
0x498589,100%,0,16,16,16,0,0,0
0x64d04f,100%,0,360,360,360,0,0,0
0x684167,100%,0,8,8,0,0,0,8
0x5e9bb1,100%,0,35,35,35,0,0,0
0x64c56b,100%,0,8,8,0,0,0,8
0x7a6409,100%,0,30,30,0,0,0,30
0x64c570,100%,0,8,8,8,0,0,0
0x4a732b,100%,0,172,172,172,0,0,0
0x64c59c,100%,0,8,8,0,0,0,8
0x4a70d4,100%,0,172,172,172,0,0,0
0x63918f,100%,0,1305,1305,1305,0,0,0
0x64c6a8,100%,0,8,8,0,0,0,8
0x486462,100%,0,7,7,0,0,0,7
0x7b14a7,100%,0,51,51,0,0,0,51
0x68842d,100%,0,8,8,0,0,0,8
0x60ccf7,100%,0,8,8,0,0,0,8
0x64df82,100%,0,10982,10982,0,0,0,10982
0x4e8ea3,100%,0,1,1,0,0,0,1
0x49c014,100%,0,5902,5902,0,0,0,5902
0x4a97dd,100%,0,8,8,0,0,0,8
0x4a97ec,100%,0,8,8,0,0,0,8
0x60c8db,100%,0,8,8,0,0,0,8
0x60c8e0,100%,0,8,8,8,0,0,0
0x5e9f0e,100%,0,35,35,35,0,0,0
0x66efbf,100%,0,516,516,516,0,0,0
0x54f2c7,100%,0,50,50,0,0,0,50
0x4a97a9,100%,0,8,8,0,0,0,8
0x66f35b,100%,0,516,516,0,0,0,516
0x64cfa7,100%,0,47,47,0,0,0,47
0x7b1c61,100%,0,20,20,0,0,0,20
0x4f0d45,100%,0,24,24,0,0,0,24
0x7b1c6b,100%,0,20,20,0,0,0,20
0x7b1403,100%,0,9,9,0,0,0,9
0x5ea00e,100%,0,35,35,0,0,0,35
0x5dfcc2,100%,0,36,36,0,0,0,36
0x485f99,100%,0,5903,5903,0,0,0,5903
0x7b180e,100%,0,2,2,0,0,0,2
0x674251,100%,0,30,30,0,0,0,30
0x64999d,100%,0,8,8,0,0,0,8
0x4a97b3,100%,0,8,8,0,0,0,8
0x45bd89,100%,0,73,73,0,0,0,73
0x60cd9b,100%,0,8,8,0,0,0,8
0x685b78,100%,0,14,14,0,0,0,14
0x4aa0ab,100%,0,8,8,0,0,0,8
0x67e975,100%,0,8,8,8,0,0,0
0x7a63d1,100%,0,30,30,30,0,0,0
0x674260,100%,0,30,30,30,0,0,0
0x4ad6e3,100%,0,131,131,131,0,0,0
0x49b0fb,100%,0,24,24,24,0,0,0
0x488047,100%,0,16,16,16,0,0,0
0x4067d0,100%,0,16,16,16,0,0,0
0x487fb6,100%,0,16,16,0,0,0,16
0x676ebf,100%,0,48,48,48,0,0,0
0x676e0a,100%,0,16,16,0,0,0,16
0x676dfb,100%,0,80,80,0,0,0,80
0x676dca,100%,0,16,16,0,0,0,16
0x54abaa,100%,0,32,32,0,0,0,32
0x4b5f82,100%,0,16,16,16,0,0,0
0x4b5ee9,100%,0,16,16,0,0,0,16
0x4b5ed9,100%,0,16,16,0,0,0,16
0x6180c1,100%,0,23,23,23,0,0,0
0x49b248,100%,0,24,24,0,0,0,24
0x48851b,100%,0,16,16,0,0,0,16
0x645fb3,100%,0,64,64,64,0,0,0
0x645e49,100%,0,64,64,0,0,0,64
0x5ea661,100%,0,14,14,0,0,0,14
0x645e38,100%,0,64,64,0,0,0,64
0x5e94d5,100%,0,35,35,0,0,0,35
0x645e2b,100%,0,64,64,0,0,0,64
0x645d87,100%,0,64,64,0,0,0,64
0x4b5db5,100%,0,32,32,32,0,0,0
0x7b405f,100%,0,39,39,0,0,0,39
0x4b5d71,100%,0,32,32,0,0,0,32
0x535c33,100%,0,35,35,35,0,0,0
0x4b5d28,100%,0,32,32,0,0,0,32
0x41573c,100%,0,23,23,0,0,0,23
0x4a8361,100%,0,360,360,360,0,0,0
0x4a80c7,100%,0,23,23,23,0,0,0
0x4a8094,100%,0,23,23,23,0,0,0
0x41576e,100%,0,23,23,0,0,0,23
0x7b34bb,100%,0,232,232,0,0,0,232
0x41575f,100%,0,23,23,0,0,0,23
0x415750,100%,0,23,23,0,0,0,23
0x415880,100%,0,23,23,23,0,0,0
0x416a55,100%,0,23,23,0,0,0,23
0x416a4b,100%,0,23,23,0,0,0,23
0x547d1c,100%,0,23,23,0,0,0,23
0x49865b,100%,0,16,16,0,0,0,16
0x4b5cf0,100%,0,32,32,32,0,0,0
0x488a28,100%,0,16,16,0,0,0,16
0x462151,100%,0,16,16,0,0,0,16
0x406db2,100%,0,426,426,0,0,0,426
0x6441fe,100%,0,16,16,0,0,0,16
0x4888e0,100%,0,16,16,16,0,0,0
0x4f0dd9,100%,0,24,24,0,0,0,24
0x4f0d71,100%,0,24,24,24,0,0,0
0x4f0d69,100%,0,24,24,0,0,0,24
0x488856,100%,0,16,16,16,0,0,0
0x48858c,100%,0,16,16,16,0,0,0
0x48855b,100%,0,16,16,0,0,0,16
0x5ec72f,100%,0,32,32,0,0,0,32
0x66f3ea,100%,0,344,344,0,0,0,344
0x5ea102,100%,0,150,150,0,0,0,150
0x4a821a,100%,0,16,16,0,0,0,16
0x617ded,100%,0,172,172,172,0,0,0
0x7b2329,100%,0,3,3,0,0,0,3
0x4ad741,100%,0,91,91,0,0,0,91
0x4a71ce,100%,0,127,127,0,0,0,127
0x4a8c77,100%,0,172,172,0,0,0,172
0x46029b,100%,0,689,689,0,0,0,689
0x535b30,100%,0,35,35,35,0,0,0
0x4a727f,100%,0,172,172,172,0,0,0
0x4ea91b,100%,0,1,1,0,0,0,1
0x617dd2,100%,0,172,172,0,0,0,172
0x5ea155,100%,0,136,136,0,0,0,136
0x48e926,100%,0,172,172,0,0,0,172
0x48caad,100%,0,3,3,0,0,0,3
0x66f449,100%,0,172,172,172,0,0,0
0x66f3e1,100%,0,516,516,172,0,0,344
0x5a0d2c,100%,0,5926,5926,5926,0,0,0
0x5a0d13,100%,0,5926,5926,0,0,0,5926
0x7bd917,100%,0,30,30,0,0,0,30
0x4e8302,100%,0,2,2,0,0,0,2
0x5a09b4,100%,0,11820,11820,0,0,0,11820
0x645fc7,100%,0,64,64,0,0,0,64
0x644873,100%,0,23596,23596,0,0,0,23596
0x5a0b54,100%,0,5926,5926,0,0,0,5926
0x548e2e,100%,0,8,8,8,0,0,0
0x45f942,100%,0,48,48,0,0,0,48
0x45f8ee,100%,0,48,48,0,0,0,48
0x4b5ce0,100%,0,32,32,0,0,0,32
0x4b5cce,100%,0,32,32,0,0,0,32
0x45b79e,100%,0,46,46,0,0,0,46
0x45b786,100%,0,46,46,0,0,0,46
0x5d8f0f,100%,0,28,28,0,0,0,28
0x487fd0,100%,0,16,16,0,0,0,16
0x460f97,100%,0,7,7,0,0,0,7
0x645b68,100%,0,64,64,0,0,0,64
0x64596b,100%,0,64,64,0,0,0,64
0x5e3316,100%,0,64,64,0,0,0,64
0x5ec40e,100%,0,14,14,0,0,0,14
0x5a1486,100%,0,24,24,24,0,0,0
0x5e32d6,100%,0,36,36,36,0,0,0
0x5d78c1,100%,0,36,36,36,0,0,0
0x4e8267,100%,0,1,1,0,0,0,1
0x5e002f,100%,0,36,36,0,0,0,36
0x5ea7cd,100%,0,150,150,0,0,0,150
0x45bd76,100%,0,73,73,0,0,0,73
0x5f7b79,100%,0,208,208,208,0,0,0
0x4dc088,100%,0,163,163,0,0,0,163
0x5ec259,100%,0,142,142,0,0,0,142
0x5ec15d,100%,0,157,157,0,0,0,157
0x5ec137,100%,0,157,157,0,0,0,157
0x7b3fcb,100%,0,6,6,0,0,0,6
0x460f26,100%,0,7,7,0,0,0,7
0x460801,100%,0,7,7,0,0,0,7
0x4607ec,100%,0,7,7,0,0,0,7
0x4866f1,100%,0,7,7,0,0,0,7
0x4866c7,100%,0,7,7,0,0,0,7
0x4866bb,100%,0,7,7,0,0,0,7
0x486678,100%,0,7,7,0,0,0,7
0x486506,100%,0,7,7,0,0,0,7
0x4864f5,100%,0,7,7,0,0,0,7
0x4863dd,100%,0,7,7,0,0,0,7
0x45ba5e,100%,0,7,7,0,0,0,7
0x45ba52,100%,0,7,7,0,0,0,7
0x460f60,100%,0,7,7,0,0,0,7
0x5ec440,100%,0,14,14,0,0,0,14
0x5eadf3,100%,0,7,7,0,0,0,7
0x5eadcb,100%,0,7,7,0,0,0,7
0x4a7d4a,100%,0,21,21,21,0,0,0
0x48eadd,100%,0,7,7,0,0,0,7
0x48eaac,100%,0,7,7,0,0,0,7
0x48ea37,100%,0,7,7,0,0,0,7
0x7b34c8,100%,0,232,232,232,0,0,0
0x4ea9f8,100%,0,1,1,0,0,0,1
0x4ea9ec,100%,0,1,1,0,0,0,1
0x45c76e,100%,0,15,15,0,0,0,15
0x7b2337,100%,0,3,3,0,0,0,3
0x4ecffe,100%,0,1,1,0,0,0,1
0x7b36ae,100%,0,35,35,0,0,0,35
0x7b406e,100%,0,39,39,0,0,0,39
0x7b3670,100%,0,41,41,0,0,0,41
0x7b1819,100%,0,2,2,0,0,0,2
0x7b17ff,100%,0,2,2,0,0,0,2
0x4e8bf5,100%,0,4,4,0,0,0,4
0x4ea9e4,100%,0,1,1,1,0,0,0
0x46031f,100%,0,2,2,0,0,0,2
0x4e9141,100%,0,2,2,0,0,0,2
0x4e9130,100%,0,2,2,0,0,0,2
0x4947ca,100%,0,2,2,0,0,0,2
0x494704,100%,0,2,2,0,0,0,2
0x45c886,100%,0,30,30,0,0,0,30
0x4ea900,100%,0,1,1,0,0,0,1
0x4e8b1e,100%,0,1,1,0,0,0,1
0x4e8a5e,100%,0,1,1,0,0,0,1
0x4ed01a,100%,0,1,1,0,0,0,1
0x4e8a1e,100%,0,1,1,0,0,0,1
0x48da77,100%,0,3,3,0,0,0,3
0x48cb35,100%,0,3,3,0,0,0,3
0x48caf0,100%,0,3,3,0,0,0,3
0x48cabc,100%,0,3,3,0,0,0,3
0x48c99c,100%,0,3,3,0,0,0,3
0x461004,100%,0,7,7,0,0,0,7
0x460fa6,100%,0,7,7,0,0,0,7
0x5359e3,100%,0,69,69,69,0,0,0
0x5ea01c,100%,0,35,35,35,0,0,0
0x5ea014,100%,0,35,35,0,0,0,35
0x7b3666,100%,0,41,41,0,0,0,41
0x5e94a5,100%,0,35,35,0,0,0,35
0x487b79,100%,0,50,50,29,0,0,21
0x5e948b,100%,0,35,35,0,0,0,35
0x5e9589,100%,0,35,35,0,0,0,35
0x535ba7,100%,0,69,69,34,0,0,35
0x535b9e,100%,0,69,69,0,0,0,69
0x538d7c,100%,0,35,35,0,0,0,35
0x538d67,100%,0,35,35,0,0,0,35
0x535a09,100%,0,69,69,69,0,0,0
0x535ca8,100%,0,35,35,35,0,0,0
0x547b7c,100%,0,69,69,0,0,0,69
0x499186,100%,0,69,69,69,0,0,0
0x499170,100%,0,69,69,0,0,0,69
0x48c60e,100%,0,57,57,57,0,0,0
0x45bd9e,100%,0,73,73,0,0,0,73
0x45bc9c,100%,0,51,51,51,0,0,0
0x5e92b0,100%,0,43,43,0,0,0,43
0x4a740d,100%,0,41,41,41,0,0,0
0x4a7500,100%,0,54,54,0,0,0,54
0x415f21,100%,0,23,23,0,0,0,23
0x4a70ab,100%,0,23,23,0,0,0,23
0x4a83af,100%,0,360,360,360,0,0,0
0x683cc2,100%,0,8,8,0,0,0,8
0x45c7a8,100%,0,26,26,0,0,0,26
0x5d8f9c,100%,0,16,16,0,0,0,16
0x4aa167,100%,0,8,8,0,0,0,8
0x4a96ea,100%,0,8,8,8,0,0,0
0x4a968d,100%,0,8,8,8,0,0,0
0x4a967e,100%,0,8,8,8,0,0,0
0x683f81,100%,0,8,8,8,0,0,0
0x460799,100%,0,7,7,0,0,0,7
0x683eb8,100%,0,8,8,0,0,0,8
0x683cff,100%,0,8,8,0,0,0,8
0x4e8a43,100%,0,1,1,0,0,0,1
0x683ccb,100%,0,8,8,0,0,0,8
0x48c463,100%,0,15,15,0,0,0,15
0x49b1bf,100%,0,8,8,0,0,0,8
0x4878b6,100%,0,50,50,0,0,0,50
0x61a6fe,100%,0,34,34,0,0,0,34
0x61a6bf,100%,0,34,34,34,0,0,0
0x61a50a,100%,0,34,34,0,0,0,34
0x61a4af,100%,0,34,34,34,0,0,0
0x49921f,100%,0,34,34,0,0,0,34
0x4991e4,100%,0,34,34,0,0,0,34
0x486449,100%,0,7,7,0,0,0,7
0x461013,100%,0,7,7,0,0,0,7
0x4e8e19,100%,0,1,1,0,0,0,1
0x486773,100%,0,7,7,0,0,0,7
0x64599f,100%,0,64,64,0,0,0,64
0x5dcad4,100%,0,5903,5903,5903,0,0,0
0x66f764,100%,0,172,172,172,0,0,0
0x674e5c,100%,0,30,30,0,0,0,30
0x4a74d1,100%,0,131,131,0,0,0,131
0x48943f,100%,0,5895,5895,5895,0,0,0
0x48852e,100%,0,16,16,0,0,0,16
0x676e33,100%,0,16,16,0,0,0,16
0x5d0acb,100%,0,30,30,0,0,0,30
0x461002,100%,0,7,7,0,0,0,7
0x7b304e,100%,0,10601,10601,0,0,0,10601
0x646015,100%,0,64,64,64,0,0,0
0x61809e,100%,0,23,23,0,0,0,23
0x49c479,100%,0,11821,11821,0,0,0,11821
0x7b1bd2,100%,0,10272,10272,0,0,0,10272
0x68d8da,100%,0,8,8,8,0,0,0
0x54a365,100%,0,29570,29570,0,0,0,29570
0x550cb7,100%,0,5977,5977,0,0,0,5977
0x535b69,100%,0,35,35,0,0,0,35
0x67449b,100%,0,30,30,0,0,0,30
0x5ec463,100%,0,14,14,0,0,0,14
0x5e5b69,100%,0,11911,11911,0,0,0,11911
0x684188,100%,0,8,8,0,0,0,8
0x638783,100%,0,11829,11829,0,0,0,11829
0x639eeb,100%,0,8,8,0,0,0,8
0x638797,100%,0,11829,11829,0,0,0,11829
0x5dca65,100%,0,5903,5903,0,0,0,5903
0x7b37dc,100%,0,7614,7614,0,0,0,7614
0x649e7c,100%,0,18845,18845,0,0,0,18845
0x5ec48f,100%,0,14,14,0,0,0,14
0x64df8b,100%,0,10982,10982,0,0,0,10982
0x63906e,100%,0,17186,17186,0,0,0,17186
0x486142,100%,0,11786,11786,0,0,0,11786
0x54f8fe,100%,0,5927,5927,0,0,0,5927
0x548671,100%,0,5926,5926,0,0,0,5926
0x485f7e,100%,0,5903,5903,0,0,0,5903
0x5a0893,100%,0,5976,5976,0,0,0,5976
0x674e0b,100%,0,30,30,0,0,0,30
0x64ce17,100%,0,10424,10424,0,0,0,10424
0x416517,100%,0,23,23,0,0,0,23
0x60cf8c,100%,0,8,8,8,0,0,0
0x7bd948,100%,0,240,240,0,0,0,240
0x45c7b6,100%,0,26,26,26,0,0,0
0x7b50fc,100%,0,34192,34192,0,0,0,34192
0x5dca60,100%,0,5903,5903,0,0,0,5903
0x49c405,100%,0,11822,11822,0,0,0,11822
0x48914c,100%,0,5927,5927,0,0,0,5927
0x7b373b,100%,0,7912,7912,0,0,0,7912
0x488087,100%,0,16,16,0,0,0,16
0x4b5efa,100%,0,16,16,16,0,0,0
0x45b715,100%,0,35,35,0,0,0,35
0x48616e,100%,0,5895,5895,0,0,0,5895
0x649a13,100%,0,23946,23946,0,0,0,23946
0x4b59e6,100%,0,5897,5897,0,0,0,5897
0x548680,100%,0,5926,5926,0,0,0,5926
0x7b30c2,100%,0,5528,5528,0,0,0,5528
0x7b1399,100%,0,5528,5528,0,0,0,5528
0x7a6433,100%,0,30,30,30,0,0,0
0x48c9a5,100%,0,3,3,0,0,0,3
0x64cf0b,100%,0,360,360,0,0,0,360
0x460f6f,100%,0,7,7,7,0,0,0
0x486822,100%,0,29477,29477,0,0,0,29477
0x68841a,100%,0,8,8,0,0,0,8
0x6840d2,100%,0,8,8,0,0,0,8
0x45c756,100%,0,15,15,0,0,0,15
0x645d78,100%,0,64,64,0,0,0,64
0x48857b,100%,0,80,80,0,0,0,80
0x406947,100%,0,16865,16865,0,0,0,16865
0x5a1560,100%,0,11820,11820,0,0,0,11820
0x4dbf47,100%,0,1,1,0,0,0,1
0x489368,100%,0,11797,11797,5895,0,0,5902
0x7b1cbd,100%,0,9243,9243,0,0,0,9243
0x4b5b47,100%,0,11786,11786,0,0,0,11786
0x5553b7,100%,0,57,57,0,0,0,57
0x7ac01b,100%,0,30,30,0,0,0,30
0x66dd61,100%,0,16,16,16,0,0,0
0x617d05,100%,0,531,531,531,0,0,0
0x4a72d7,100%,0,172,172,172,0,0,0
0x6841a8,100%,0,8,8,8,0,0,0
0x5d9194,100%,0,28,28,0,0,0,28
0x5a0da9,100%,0,32,32,32,0,0,0
0x486767,100%,0,7,7,0,0,0,7
0x486192,100%,0,5895,5895,0,0,0,5895
0x5505fe,100%,0,5894,5894,5894,0,0,0
0x4ea909,100%,0,1,1,0,0,0,1
0x63912f,100%,0,1305,1305,1305,0,0,0
0x5dfef9,100%,0,11797,11797,0,0,0,11797
0x639c5c,100%,0,8,8,8,0,0,0
0x5e34c3,100%,0,5895,5895,0,0,0,5895
0x48c9fe,100%,0,3,3,0,0,0,3
0x4866d9,100%,0,7,7,0,0,0,7
0x618987,100%,0,172,172,172,0,0,0
0x4867a6,100%,0,29477,29477,0,0,0,29477
0x54cd88,100%,0,8,8,0,0,0,8
0x535be0,100%,0,35,35,35,0,0,0
0x406b70,100%,0,1264,1264,0,0,0,1264
0x7a6428,100%,0,30,30,30,0,0,0
0x4a7590,100%,0,163,163,163,0,0,0
0x674d99,100%,0,30,30,0,0,0,30
0x66ef6f,100%,0,516,516,516,0,0,0
0x7b30b4,100%,0,253,253,0,0,0,253
0x415f02,100%,0,23,23,0,0,0,23
0x7b201a,100%,0,10272,10272,0,0,0,10272
0x48c642,100%,0,57,57,57,0,0,0
0x487aed,100%,0,50,50,50,0,0,0
0x4a80c3,100%,0,23,23,0,0,0,23
0x4e82e6,100%,0,1,1,0,0,0,1
0x638fb2,100%,0,1243,1243,0,0,0,1243
0x4a71eb,100%,0,127,127,0,0,0,127
0x54f86c,100%,0,5927,5927,5927,0,0,0
0x45ba72,100%,0,7,7,0,0,0,7
0x538d8e,100%,0,35,35,0,0,0,35
0x63a2f8,100%,0,8,8,0,0,0,8
0x4a745d,100%,0,140,140,140,0,0,0
0x45c8ae,100%,0,30,30,0,0,0,30
0x676e97,100%,0,16,16,0,0,0,16
0x5dcaa9,100%,0,5903,5903,5903,0,0,0
0x5d788b,100%,0,36,36,0,0,0,36
0x674200,100%,0,30,30,0,0,0,30
0x48650f,100%,0,7,7,0,0,0,7
0x645e59,100%,0,64,64,64,0,0,0
0x48c3c3,100%,0,7,7,0,0,0,7
0x5e9f09,100%,0,35,35,0,0,0,35
0x5ec42d,100%,0,14,14,0,0,0,14
0x676e3c,100%,0,16,16,0,0,0,16
0x48c452,100%,0,15,15,0,0,0,15
0x460308,100%,0,2,2,0,0,0,2
0x67e918,100%,0,8,8,8,0,0,0
0x4893e3,100%,0,5903,5903,5903,0,0,0
0x54cd75,100%,0,8,8,0,0,0,8
0x7b3687,100%,0,41,41,0,0,0,41
0x5505c3,100%,0,5894,5894,0,0,0,5894
0x639261,100%,0,1305,1305,1305,0,0,0
0x48853e,100%,0,16,16,0,0,0,16
0x7d2251,100%,0,6320,6320,0,0,0,6320
0x645d82,100%,0,64,64,0,0,0,64
0x45f936,100%,0,48,48,48,0,0,0
0x4a704a,100%,0,172,172,172,0,0,0
0x5e2d99,100%,0,5895,5895,5895,0,0,0
0x7bd864,100%,0,30,30,30,0,0,0
0x4eaa2e,100%,0,1,1,0,0,0,1
0x550c10,100%,0,5894,5894,0,0,0,5894
0x618022,100%,0,23,23,23,0,0,0
0x5e7a65,100%,0,17753,17753,0,0,0,17753
0x4b5f43,100%,0,16,16,0,0,0,16
0x4a7026,100%,0,172,172,172,0,0,0
0x5ea620,100%,0,150,150,150,0,0,0
0x67447a,100%,0,30,30,30,0,0,0
0x639ee2,100%,0,8,8,0,0,0,8
0x538dce,100%,0,35,35,0,0,0,35
0x7b31d6,100%,0,21065,21065,0,0,0,21065
0x54ab9b,100%,0,32,32,0,0,0,32
0x7b14d6,100%,0,10046,10046,0,0,0,10046
0x550a5a,100%,0,5894,5894,0,0,0,5894
0x415e9b,100%,0,23,23,23,0,0,0
0x550731,100%,0,5894,5894,5894,0,0,0
0x5a0e3d,100%,0,32,32,0,0,0,32
0x49972f,100%,0,17970,17970,0,0,0,17970
0x4b5adc,100%,0,11786,11786,0,0,0,11786
0x49b3c6,100%,0,8,8,0,0,0,8
0x5dcacf,100%,0,5903,5903,0,0,0,5903
0x6f7b35,100%,0,30,30,30,0,0,0
0x4e1573,100%,0,172,172,0,0,0,172
0x485f8d,100%,0,5903,5903,5903,0,0,0
0x4b59c0,100%,0,5897,5897,0,0,0,5897
0x4e1639,100%,0,172,172,0,0,0,172
0x4a83a3,100%,0,360,360,0,0,0,360
0x7ac054,100%,0,30,30,0,0,0,30
0x499703,100%,0,18002,18002,0,0,0,18002
0x7b17e1,100%,0,31,31,0,0,0,31
0x645970,100%,0,64,64,64,0,0,0
0x4a726b,100%,0,451,451,0,0,0,451
0x54ed27,100%,0,5968,5968,0,0,0,5968
0x499b26,100%,0,40,40,0,0,0,40
0x5dca54,100%,0,5903,5903,0,0,0,5903
0x4e8e76,100%,0,1,1,0,0,0,1
0x486481,100%,0,7,7,0,0,0,7
0x4b5aab,100%,0,11786,11786,0,0,0,11786
0x550458,100%,0,5894,5894,0,0,0,5894
0x487f7b,100%,0,16,16,0,0,0,16
0x7b1cb3,100%,0,9243,9243,0,0,0,9243
0x4a75ae,100%,0,163,163,163,0,0,0
0x63a3ab,100%,0,8,8,0,0,0,8
0x48cba9,100%,0,3,3,0,0,0,3
0x499d9d,100%,0,301,301,301,0,0,0
0x54f93e,100%,0,5927,5927,0,0,0,5927
0x5e4445,100%,0,5895,5895,0,0,0,5895
0x5dca69,100%,0,5903,5903,5903,0,0,0
0x45b9ff,100%,0,59,59,0,0,0,59
0x4b5b21,100%,0,11786,11786,0,0,0,11786
0x54f8e2,100%,0,5927,5927,0,0,0,5927
0x6f7777,100%,0,30,30,30,0,0,0
0x5f8797,100%,0,208,208,0,0,0,208
0x5dad2c,100%,0,11797,11797,11797,0,0,0
0x676e0f,100%,0,16,16,16,0,0,0
0x60c63b,100%,0,8,8,0,0,0,8
0x68d7d0,100%,0,8,8,8,0,0,0
0x4b59cf,100%,0,5897,5897,0,0,0,5897
0x676e48,100%,0,16,16,16,0,0,0
0x426fb7,100%,0,261,261,0,0,0,261
0x4b5ae6,100%,0,11786,11786,11786,0,0,0
0x6840d7,100%,0,8,8,0,0,0,8
0x60c62b,100%,0,8,8,0,0,0,8
0x48cae3,100%,0,3,3,0,0,0,3
0x4a74a0,100%,0,140,140,140,0,0,0
0x5a101a,100%,0,53234,53234,0,0,0,53234
0x66ef8e,100%,0,516,516,516,0,0,0
0x4e8bdd,100%,0,2,2,0,0,0,2
