Branch PC,Accuracy,Mispredictions,Correct Predictions,Total,dir_t_pred_t,dir_t_pred_nt,dir_nt_pred_t,dir_nt_pred_nt
aggregate,88.9108%,2286193,18330153,20616346,9527345,885462,1400731,8802808
0x40bda5,72.5426%,131406,347175,478581,294512,36815,94591,52663
0x41683b,50.0894%,94036,94373,188409,46926,47377,46659,47447
0x40cc3f,75.1579%,87990,266207,354197,225055,28893,59097,41152
0x4164ea,85.5756%,82622,490170,572792,39525,66357,16265,450645
0x40971d,75.9048%,78645,247748,326393,152109,34199,44446,95639
0x40cf70,67.9073%,76304,161457,237761,135796,20986,55318,25661
0x40c966,63.2806%,67220,115844,183064,57058,34563,32657,58786
0x40bbbf,63.2553%,64667,111323,175990,60949,30534,34133,50374
0x40bbb6,80.8347%,50010,210931,260941,51726,33225,16785,159205
0x40cdd3,82.8075%,46054,221818,267872,185638,9162,36892,36180
0x40f70f,62.9411%,43628,74098,117726,57480,14556,29072,16618
0x40f6e4,63.4363%,43045,74681,117726,42553,20908,22137,32128
0x40cfb4,75.115%,41339,124781,166120,118523,7266,34073,6258
0x40be17,74.2499%,37918,109336,147254,102466,6169,31749,6870
0x416298,68.6947%,37633,82580,120213,17134,28156,9477,65446
0x40f73a,68.4929%,37092,80634,117726,71111,9658,27434,9523
0x40bcb7,86.1456%,36152,224790,260942,185732,9974,26178,39058
0x416416,70.0402%,35582,83184,118766,55512,16217,19365,27672
0x40b796,76.7502%,33299,109924,143223,52963,16718,16581,56961
0x40f765,72.3366%,32567,85159,117726,76058,8082,24485,9101
0x409544,76.6793%,32409,106562,138971,4572,26913,5496,101990
0x402e0b,70.4906%,31213,74560,105773,30025,15593,15620,44535
0x40b6d4,78.6703%,30549,112674,143223,108590,4569,25980,4084
0x40b734,78.7604%,30420,112803,143223,109606,4361,26059,3197
0x40b676,79.1108%,29918,113304,143222,107031,5376,24542,6273
0x416558,75.1556%,29616,89590,119206,62314,10419,19197,27276
0x40b5f6,80.2684%,28260,114962,143222,105076,6224,22036,9886
0x40ccb5,88.8911%,28011,224138,252149,217485,3065,24946,6653
0x40cff1,80.6131%,26020,108194,134214,103679,4079,21941,4515
0x40cc72,78.607%,23475,86257,109732,38277,6927,16548,47980
0x41651f,81.2395%,22086,95640,117726,81348,3001,19085,14292
0x40bc9b,71.5581%,20791,52309,73100,15594,13152,7639,36715
0x40d02e,82.0124%,20356,92811,113167,90195,3295,17061,2616
0x40f024,72.0867%,18693,48275,66968,41090,5215,13478,7185
0x402e1a,70.6708%,17643,42512,60155,36811,5197,12446,5701
0x409489,74.3839%,17566,51008,68574,798,15600,1966,50210
0x41136c,83.3572%,17308,86689,103997,49014,5389,11919,37675
0x4096b4,73.2884%,17221,47249,64470,7410,12153,5068,39839
0x40ef8e,74.5356%,17053,49915,66968,41422,5142,11911,8493
0x40f088,75.3106%,16534,50434,66968,42307,4805,11729,8127
0x40cded,77.4154%,16503,56569,73072,54501,2555,13948,2068
0x40efc0,76.3424%,15843,51125,66968,45886,3560,12283,5239
0x40ef5c,76.3902%,15811,51157,66968,49425,2166,13645,1732
0x40eff2,76.4455%,15774,51194,66968,38800,6206,9568,12394
0x411488,84.6215%,15243,83876,99119,71608,5089,10154,12268
0x40f056,77.6893%,14941,52027,66968,46813,3091,11850,5214
0x40cf60,94.4512%,14091,239857,253948,236291,1470,12621,3566
0x40caeb,69.5713%,13926,31840,45766,25298,4452,9474,6542
0x40f0ba,79.5634%,13686,53282,66968,46312,3635,10051,6970
0x4094d0,80.1003%,13646,54928,68574,1278,11803,1843,53650
0x40bbd7,83.9587%,13556,70951,84507,67994,2468,11088,2957
0x4094ed,71.2751%,12834,31845,44679,30648,2124,10710,1197
0x40ccf3,94.1877%,12819,207731,220550,162638,3621,9198,45093
0x40b69d,86.0274%,12623,77718,90341,4367,10017,2606,73351
0x40b6fd,87.7103%,12609,89989,102598,2501,10571,2038,87488
0x40cf7a,84.6417%,12437,68542,80979,67766,1411,11026,776
0x41de07,80.9572%,12275,52185,64460,31991,5999,6276,20194
0x40b75d,87.2911%,11740,80636,92376,2316,9513,2227,78320
0x40ceec,95.7599%,11358,256514,267872,197884,3020,8338,58630
0x41ddeb,83.6981%,10556,54197,64753,32390,4766,5790,21807
0x40ce0a,63.0344%,10272,17516,27788,5549,6223,4049,11967
0x4095f9,71.1638%,10144,25034,35178,6256,6589,3555,18778
0x411385,79.6992%,10068,39526,49594,28626,2948,7120,10900
0x40cfa4,94.3719%,10026,168115,178141,164921,1199,8827,3194
0x416578,78.5919%,9949,36524,46473,22160,1979,7970,14364
0x40bc89,89.3969%,9700,81783,91483,11882,6501,3199,69901
0x4113d4,80.3868%,9615,39408,49023,27619,4019,5596,11789
0x41e892,87.4027%,9584,66496,76080,26716,2983,6601,39780
0x402c7e,86.3156%,9512,59998,69510,58833,1917,7595,1165
0x40c98c,89.598%,9511,81923,91434,81383,1009,8502,540
0x40cfbe,77.2284%,9184,31147,40331,29079,2057,7127,2068
0x411414,82.2818%,8574,39817,48391,28978,3671,4903,10839
0x40d021,93.0712%,8544,114767,123311,112471,696,7848,2296
0x416018,87.2924%,8510,58458,66968,16872,2916,5594,41586
0x40cffb,68.4155%,8356,18100,26456,15690,2288,6068,2410
0x40b63b,87.0704%,8348,56217,64565,1405,7039,1309,54812
0x40bc4b,67.5546%,7990,16636,24626,5896,4685,3305,10740
0x40cfe4,94.5846%,7764,135605,143369,133374,840,6924,2231
0x409640,78.9528%,7404,27774,35178,3597,5037,2367,24177
0x40cd39,97.1797%,6882,237134,244016,185350,2271,4611,51784
0x40b609,78.7137%,6795,25127,31922,23391,1430,5365,1736
0x41ee6f,91.2944%,6638,69612,76250,69607,112,6526,5
0x40d038,67.4036%,6414,13263,19677,4088,4155,2259,9175
0x40cad7,96.6241%,6180,176884,183064,135063,2235,3945,41821
0x40cd08,88.6482%,6163,48128,54291,23931,3060,3103,24197
0x402e47,94.5402%,5775,99998,105773,99814,392,5383,184
0x40f115,91.5363%,5668,61300,66968,61276,208,5460,24
0x40965d,70.4278%,5585,13301,18886,11853,1541,4044,1448
0x416598,80.4215%,5369,22054,27423,21883,451,4918,171
0x411450,89.3663%,4935,41474,46409,29521,1770,3165,11953
0x40cf67,70.0253%,4852,11335,16187,7105,2452,2400,4230
0x40cc58,98.1244%,4763,249185,253948,106167,3565,1198,143018
0x40ceab,71.3849%,4583,11433,16016,8350,1701,2882,3083
0x41eec2,91.2338%,4482,46646,51128,46643,15,4467,3
0x40ce1e,72.7273%,4368,11648,16016,777,3274,1094,10871
0x409e64,55.8209%,3977,5025,9002,3902,1591,2386,1123
0x4164f5,99.3293%,3842,568950,572792,22461,2314,1528,546489
0x40be26,96.4928%,3810,104825,108635,104795,194,3616,30
0x409e93,58.5981%,3727,5275,9002,4479,1263,2464,796
0x40ce32,69.3021%,3673,8292,11965,2212,2175,1498,6080
0x40ce46,63.2357%,2786,4792,7578,1944,1561,1225,2848
0x41ee22,91.0543%,2739,27879,30618,27877,55,2684,2
0x416895,98.0034%,2571,126196,128767,126004,78,2493,192
0x40cfab,78.8703%,2540,9481,12021,7469,916,1624,2012
0x40c995,72.7494%,2464,6578,9042,3800,1251,1213,2778
0x40bb0e,96.3667%,2457,65167,67624,65160,75,2382,7
0x40f1d2,61.7036%,2248,3622,5870,3156,539,1709,466
0x4a623e,94.9576%,2214,41694,43908,39200,400,1814,2494
0x40be1b,94.4613%,2139,36480,38619,36454,192,1947,26
0x4113a4,90.4314%,2085,19705,21790,11494,1055,1030,8211
0x4113e4,90.3633%,1955,18332,20287,10591,959,996,7741
0x40f1fb,57.1739%,1773,2367,4140,1899,555,1218,468
0x411424,90.9044%,1756,17550,19306,8483,1186,570,9067
0x411464,90.9512%,1720,17288,19008,8613,1040,680,8675
0x41646f,98.7157%,1531,117675,119206,45,1435,96,117630
0x40cfeb,83.3534%,1524,7631,9155,6707,368,1156,924
0x40d028,85.2918%,1492,8652,10144,1148,997,495,7504
0x40ca73,69.1815%,1491,3347,4838,979,914,577,2368
0x41142c,85.0161%,1444,8193,9637,2800,764,680,5393
0x40ca4b,81.0306%,1432,6117,7549,487,1077,355,5630
0x40ca16,72.3125%,1414,3693,5107,2596,461,953,1097
0x40954c,98.7859%,1305,106181,107486,69372,1025,280,36809
0x41146c,86.7451%,1240,8115,9355,3424,466,774,4691
0x40f224,55.7602%,1225,1544,2769,600,685,540,944
0x40ca5f,79.6157%,1220,4765,5985,159,988,232,4606
0x40ce7e,92.8259%,1149,14867,16016,7191,691,458,7676
0x4169eb,99.4914%,1130,221049,222179,62552,643,487,158497
0x4113ac,88.3779%,1074,8167,9241,3293,477,597,4874
0x40ca24,79.1854%,1063,4044,5107,286,830,233,3758
0x40ca87,65.6367%,1012,1933,2945,1003,476,536,930
0x40cebb,83.487%,985,4980,5965,80,492,493,4900
0x41ee8e,85.0406%,977,5554,6531,1923,533,444,3631
0x4113ec,88.8635%,973,7764,8737,2445,457,516,5319
0x4096bc,97.9112%,938,43969,44907,28921,371,567,15048
0x40249c,97.9664%,930,44802,45732,44802,4,926,0
0x409733,99.3475%,914,139171,140085,0,900,14,139171
0x40bd04,98.6127%,905,64331,65236,64258,34,871,73
0x4c4a96,85.3786%,896,5232,6128,2572,411,485,2660
0x415fc1,98.7336%,860,67051,67911,196,747,113,66855
0x416a0f,99.3322%,860,127922,128782,127922,9,851,0
0x40b8c1,82.5777%,807,3825,4632,3691,152,655,134
0x402ea3,99.519%,760,157236,157996,195,740,20,157041
0x40ccc4,97.9519%,741,35439,36180,830,496,245,34609
0x416427,98.476%,719,46461,47180,29,678,41,46432
0x4c4e72,96.4286%,700,18900,19600,16583,254,446,2317
0x40b845,72.7082%,652,1737,2389,1438,162,490,299
0x40bd78,77.9861%,634,2246,2880,1706,230,404,540
0x4c4c56,96.9239%,615,19378,19993,17193,223,392,2185
0x40efd1,96.6442%,588,16934,17522,4333,507,81,12601
0x409749,99.584%,579,138606,139185,0,570,9,138606
0x4a6247,87.6509%,532,3776,4308,2720,207,325,1056
0x41e61c,59.2834%,500,728,1228,503,239,261,225
0x40f160,91.6345%,498,5455,5953,10,459,39,5445
0x41e857,99.4055%,484,80926,81410,0,484,0,80926
0x40f1e7,77.7471%,484,1691,2175,1671,59,425,20
0x40b8df,80.2428%,472,1917,2389,1561,146,326,356
0x41e613,62.4593%,461,767,1228,148,315,146,619
0x41eea2,99.402%,456,75794,76250,75794,7,449,0
0x40f0cb,97.3973%,443,16578,17021,4583,395,48,11995
0x40f666,74.7625%,425,1259,1684,1237,104,321,22
0x40f63e,74.8219%,424,1260,1684,1245,63,361,15
0x40f68e,74.8812%,423,1261,1684,1232,86,337,29
0x41e917,99.4506%,418,75662,76080,30,418,0,75632
0x4a602d,87.6664%,417,2964,3381,427,281,136,2537
0x4a5e65,96.4183%,412,11091,11503,2680,293,119,8411
0x4c4e7f,85.3058%,406,2357,2763,1348,202,204,1009
0x40f610,76.6627%,393,1291,1684,1274,55,338,17
0x40ef9f,98.0837%,391,20013,20404,7413,359,32,12600
0x40cccc,98.8983%,384,34470,34854,4216,365,19,30254
0x40b96d,84.01%,382,2007,2389,1708,145,237,299
0x40b9dc,60.5964%,370,569,939,196,207,163,373
0x401d5a,90.6083%,352,3396,3748,2681,130,222,715
0x40b94c,73.2416%,350,958,1308,443,183,167,515
0x4a612d,92.1296%,340,3980,4320,1849,141,199,2131
0x40ef6d,97.7889%,340,15037,15377,3163,274,66,11874
0x41169f,46.3533%,331,286,617,178,119,212,108
0x409eb5,96.3453%,329,8673,9002,8671,38,291,2
0x40f067,98.072%,329,16735,17064,3741,288,41,12994
0x40f099,98.3582%,326,19530,19856,6744,284,42,12786
0x40f210,80.7829%,324,1362,1686,1295,76,248,67
0x402ceb,99.5569%,308,69202,69510,1,291,17,69201
0x41eee2,99.3995%,307,50821,51128,50821,3,304,0
0x402e4f,94.5033%,306,5261,5567,5256,18,288,5
0x41fbc9,82.5146%,299,1411,1710,320,173,126,1091
0x4a5f2b,89.7008%,296,2578,2874,957,160,136,1621
0x41ddf9,99.5444%,295,64458,64753,0,293,2,64458
0x4024b5,69.3305%,284,642,926,2,275,9,640
0x4c4c63,89.057%,282,2295,2577,1606,118,164,689
0x401d13,89.6294%,277,2394,2671,2151,71,206,243
0x40f003,98.7797%,268,21694,21962,8764,194,74,12930
0x4a5c55,96.4089%,267,7168,7435,5478,97,170,1690
0x401ce1,92.8762%,267,3481,3748,2602,69,198,879
0x41ea77,78.3375%,258,933,1191,288,147,111,645
0x4a5eba,94.6846%,257,4578,4835,947,165,92,3631
0x416026,99.4574%,256,46924,47180,0,208,48,46924
0x4a5ecb,93.1775%,254,3469,3723,2806,68,186,663
0x40976b,99.8168%,254,138361,138615,0,247,7,138361
0x4a6004,93.3735%,242,3410,3652,73,198,44,3337
0x40b708,99.7651%,241,102357,102598,19735,141,100,82622
0x4024bb,63.1741%,239,410,649,99,193,46,311
0x4a4951,95.3125%,234,4758,4992,1987,179,55,2771
0x41debb,99.9539%,217,470152,470369,470152,217,0,0
0x4024c4,41.4566%,209,148,357,143,47,162,5
0x41fca9,88.538%,196,1514,1710,1367,58,138,147
0x41ee45,99.4023%,183,30435,30618,30435,1,182,0
0x4a48fa,96.5579%,172,4825,4997,3099,120,52,1726
0x42032f,93.2518%,171,2363,2534,38,139,32,2325
0x40f239,88.6792%,168,1316,1484,1284,34,134,32
0x420372,89.5663%,166,1425,1591,1406,35,131,19
0x42033d,93.042%,164,2193,2357,524,90,74,1669
0x4a5cea,96.3556%,164,4336,4500,3699,84,80,637
0x4204a2,91.3661%,158,1672,1830,1640,44,114,32
0x4a5cd0,97.8605%,158,7227,7385,2818,67,91,4409
0x4a5ee6,92.2177%,153,1813,1966,1395,61,92,418
0x4a482f,84.3652%,149,804,953,367,94,55,437
0x41688c,99.9051%,149,156779,156928,91276,145,4,65503
0x4169fc,99.9075%,147,158837,158984,93309,143,4,65528
0x420425,89.5115%,146,1246,1392,1161,54,92,85
0x4a47a5,97.6134%,142,5808,5950,4945,52,90,863
0x40b9fd,94.2654%,137,2252,2389,552,112,25,1700
0x409eba,53.5836%,136,157,293,95,55,81,62
0x4a4088,95.8824%,133,3097,3230,369,44,89,2728
0x420555,90.6183%,132,1275,1407,1256,55,77,19
0x4c4aa2,95.8665%,130,3015,3145,210,83,47,2805
0x4a6424,95.5586%,130,2797,2927,104,107,23,2693
0x4a4119,85.7143%,129,774,903,319,94,35,455
0x4a5fd3,88.5407%,128,989,1117,532,78,50,457
0x4a49b8,97.4359%,128,4864,4992,1114,65,63,3750
0x4a5e97,98.5229%,126,8404,8530,4388,51,75,4016
0x41f071,96.0131%,122,2938,3060,2926,38,84,12
0x41f609,62.9969%,121,206,327,23,60,61,183
0x4a64a9,95.8015%,121,2761,2882,2531,22,99,230
0x401d3b,73.6961%,116,325,441,77,68,48,248
0x40f24d,92.0055%,116,1335,1451,39,69,47,1296
0x42045f,95.937%,111,2621,2732,5,91,20,2616
0x416abb,98.5671%,110,7567,7677,3322,81,29,4245
0x415f9c,99.8446%,108,69401,69509,1531,67,41,67870
0x41f60e,57.377%,104,140,244,23,69,35,117
0x4c4ba0,96.2976%,102,2653,2755,2545,32,70,108
0x4091bf,88.0702%,102,753,855,738,19,83,15
0x40ba84,86.9281%,100,665,765,18,83,17,647
0x4152e4,91.8301%,100,1124,1224,64,67,33,1060
0x41f51e,94.0594%,96,1520,1616,429,70,26,1091
0x4a64b6,96.7384%,94,2788,2882,179,78,16,2609
0x4a5f94,93.2364%,93,1282,1375,405,65,28,877
0x41e314,89.0736%,92,750,842,741,20,72,9
0x4a41cb,97.1517%,92,3138,3230,2888,19,73,250
0x4a5e9c,97.7756%,91,4000,4091,3676,26,65,324
0x402e2a,99.5096%,89,18058,18147,9622,76,13,8436
0x40b646,99.8622%,89,64476,64565,19802,70,19,44674
0x4a5f4d,94.9915%,88,1669,1757,533,50,38,1136
0x41f5e4,91.437%,87,929,1016,824,40,47,105
0x40b6b1,99.8836%,86,73823,73909,59484,41,45,14339
0x41fc03,93.0331%,82,1095,1177,1085,22,60,10
0x4a5f01,92.5892%,81,1012,1093,872,33,48,140
0x4a4140,91.0299%,81,822,903,728,19,62,94
0x41686d,99.9632%,81,220107,220188,0,79,2,220107
0x4a4983,97.1338%,81,2745,2826,1125,48,33,1620
0x40f262,93.9687%,81,1262,1343,57,59,22,1205
0x402763,91.4621%,80,857,937,268,29,51,589
0x4a60f6,97.41%,77,2896,2973,2570,29,48,326
0x42046d,97.1927%,74,2562,2636,616,51,23,1946
0x420349,95.4117%,73,1518,1591,1442,31,42,76
0x420344,95.9266%,71,1672,1743,97,55,16,1575
0x4c4dc2,97.5456%,70,2782,2852,2753,10,60,29
0x4a418e,92.3588%,69,834,903,20,54,15,814
0x4a5ead,98.6988%,67,5082,5149,261,53,14,4821
0x420474,96.5973%,67,1902,1969,90,48,19,1812
0x42032a,97.393%,67,2503,2570,1,35,32,2502
0x41692b,99.3124%,66,9532,9598,3337,54,12,6195
0x40f18e,98.8913%,66,5887,5953,0,64,2,5887
0x4205d7,90.2883%,64,595,659,461,35,29,134
0x41fbda,94.9055%,62,1155,1217,1,39,23,1154
0x4169dd,99.9726%,61,222173,222234,0,55,6,222173
0x41fbe0,94.8173%,61,1116,1177,1036,42,19,80
0x4163fd,71.1538%,60,148,208,125,18,42,23
0x4a642e,97.8277%,59,2657,2716,2228,14,45,429
0x4a6146,97.4978%,58,2260,2318,2156,22,36,104
0x4a5c75,96.8817%,58,1802,1860,1802,8,50,0
0x41fc77,49.0909%,56,54,110,5,38,18,49
0x4a49e9,98.8993%,55,4942,4997,4851,19,36,91
0x4a60a3,90.9836%,55,555,610,441,23,32,114
0x4a60d4,88.1466%,55,409,464,289,27,28,120
0x416ad4,99.215%,54,6825,6879,6825,7,47,0
0x4a4f6b,94.2478%,52,852,904,238,47,5,614
0x41ea9c,93.1217%,52,704,756,695,12,40,9
0x416948,99.2679%,51,6915,6966,6915,1,50,0
0x4b0299,43.8202%,50,39,89,16,28,22,23
0x41e9d3,92.8882%,49,640,689,632,18,31,8
0x4a4931,97.3003%,48,1730,1778,65,35,13,1665
0x4bbda7,99.0892%,48,5222,5270,5206,8,40,16
0x41e21f,94.2993%,48,794,842,3,42,6,791
0x4a5d53,98.3709%,47,2838,2885,2246,7,40,592
0x4091e7,54.0816%,45,53,98,44,13,32,9
0x41fe77,72.7273%,45,120,165,103,14,31,17
0x4036f9,96.3235%,45,1179,1224,916,11,34,263
0x4a493a,97.3182%,45,1633,1678,30,35,10,1603
0x41fc4f,57.5472%,45,61,106,11,21,24,50
0x4a498c,97.2777%,45,1608,1653,890,14,31,718
0x41fcc7,84.5614%,44,241,285,241,20,24,0
0x42059f,96.5434%,43,1201,1244,323,21,22,878
0x409ed0,69.9301%,43,100,143,84,19,24,16
0x41ec6f,95.9406%,41,969,1010,969,29,12,0
0x49ecd9,47.4359%,41,37,78,0,0,41,37
0x41e9a7,95.2324%,40,799,839,123,27,13,676
0x4a5f96,95.6906%,39,866,905,765,5,34,101
0x49eca6,59.375%,39,57,96,6,12,27,51
0x4c4ab1,98.8706%,37,3239,3276,2744,11,26,495
0x4a62c0,98.5764%,37,2562,2599,2547,6,31,15
0x4a4173,76.2821%,37,119,156,59,17,20,60
0x4203d3,88.1029%,37,274,311,268,14,23,6
0x49ed04,55.1282%,35,43,78,0,0,35,43
0x41ea3f,95.9476%,34,805,839,805,29,5,0
0x4a40ed,96.2348%,34,869,903,806,6,28,63
0x401dfa,96.3714%,34,903,937,903,34,0,0
0x4b024e,97.7793%,32,1409,1441,1409,21,11,0
0x4a417c,60%,32,48,80,21,18,14,27
0x41fc12,70.9091%,32,78,110,19,17,15,59
0x41ff27,55.0725%,31,38,69,34,11,20,4
0x420479,98.3069%,31,1800,1831,1778,12,19,22
0x401cf4,97.1216%,31,1046,1077,1046,20,11,0
0x41e7cb,99.9631%,30,81380,81410,622,17,13,80758
0x44b4b6,67.0455%,29,59,88,53,24,5,6
0x4bbdfa,98.9106%,29,2633,2662,24,10,19,2609
0x4bbe2a,99.4438%,29,5185,5214,5185,29,0,0
0x42045a,98.9829%,28,2725,2753,3,18,10,2722
0x404c6a,97.6431%,28,1160,1188,1160,22,6,0
0x420281,96.6667%,28,812,840,812,18,10,0
0x41eacf,93.7931%,27,408,435,1,13,14,407
0x4bbe67,99.5013%,26,5188,5214,2588,19,7,2600
0x41e24d,97.0149%,26,845,871,845,21,5,0
0x4a5ff7,99.2977%,26,3676,3702,28,22,4,3648
0x41ea0f,82.6667%,26,124,150,3,3,23,121
0x4205ac,97.2222%,25,875,900,228,13,12,647
0x4152f4,97.7127%,25,1068,1093,1061,2,23,7
0x420186,85.2941%,25,145,170,145,23,2,0
0x41efeb,76.8519%,25,83,108,0,0,25,83
0x41e338,97.1496%,24,818,842,817,4,20,1
0x4a5ef8,97.8957%,23,1070,1093,0,0,23,1070
0x40922b,58.9286%,23,33,56,32,10,13,1
0x49ecba,70.5128%,23,55,78,0,0,23,55
0x4a5d72,99.2374%,22,2863,2885,2567,5,17,296
0x4b02a9,75.2809%,22,67,89,37,11,11,30
0x493dc1,84.6154%,22,121,143,113,19,3,8
0x41eca6,98.9163%,22,2008,2030,2008,10,12,0
0x402c56,92.4658%,22,270,292,0,0,22,270
0x41f5b2,97.8578%,22,1005,1027,1004,12,10,1
0x41f04b,79.6296%,22,86,108,0,12,10,86
0x4a6438,99.2484%,22,2905,2927,2868,14,8,37
0x41ebf5,98.9594%,21,1997,2018,1997,9,12,0
0x4bbde4,99.2111%,21,2641,2662,34,21,0,2607
0x41fec5,58.3333%,20,28,48,19,5,15,9
0x402997,99.2325%,20,2586,2606,0,0,20,2586
0x41e213,97.6608%,20,835,855,0,13,7,835
0x4a615f,85.7143%,20,120,140,111,7,13,9
0x4c4ba6,88.764%,20,158,178,2,18,2,156
0x40f1b7,99.6604%,20,5869,5889,0,19,1,5869
0x4a4fe7,70.7692%,19,46,65,0,0,19,46
0x429714,13.6364%,19,3,22,0,0,19,3
0x4b02cd,78.6517%,19,70,89,69,18,1,1
0x404bbc,98.1%,19,981,1000,981,19,0,0
0x406377,98.3769%,18,1091,1109,1091,13,5,0
0x4b02bc,79.7753%,18,71,89,42,11,7,29
0x41eaff,98.4887%,18,1173,1191,1173,11,7,0
0x43e3bc,59.0909%,18,26,44,26,18,0,0
0x4203db,91.5493%,18,195,213,22,14,4,173
0x409264,52.6316%,18,20,38,11,13,5,9
0x421e2a,80.6818%,17,71,88,0,0,17,71
0x4204c7,85.4701%,17,100,117,90,13,4,10
0x41f0a2,85.1852%,16,92,108,0,0,16,92
0x41eff0,85.1852%,16,92,108,0,0,16,92
0x402cbd,99.8172%,16,8738,8754,0,15,1,8738
0x4a634b,52.9412%,16,18,34,17,5,11,1
0x4a5d2d,99.6053%,16,4038,4054,0,0,16,4038
0x42034e,86.4407%,16,102,118,1,2,14,101
0x41e357,98.111%,16,831,847,831,11,5,0
0x48eb81,65.9091%,15,29,44,0,0,15,29
0x41f59e,85.2941%,15,87,102,4,8,7,83
0x41f0aa,86.1111%,15,93,108,4,8,7,89
0x46c6dc,65.9091%,15,29,44,0,0,15,29
0x421dac,82.9545%,15,73,88,73,15,0,0
0x4bd1cd,74.5763%,15,44,59,0,0,15,44
0x43e3ca,68.1818%,14,30,44,0,0,14,30
0x41e1fc,98.3927%,14,857,871,3,13,1,854
0x4bbdbc,99.4741%,14,2648,2662,2627,10,4,21
0x420397,93.4272%,14,199,213,174,10,4,25
0x4a4157,91.0256%,14,142,156,0,0,14,142
0x494b81,68.1818%,14,30,44,27,6,8,3
0x493740,68.1818%,14,30,44,30,14,0,0
0x4f0cdb,68.1818%,14,30,44,0,1,13,30
0x41fcda,45.8333%,13,11,24,4,3,10,7
0x41ef0c,87.963%,13,95,108,95,13,0,0
0x41fe16,72.9167%,13,35,48,0,0,13,35
0x48e5a4,13.3333%,13,2,15,2,13,0,0
0x41fce7,23.5294%,13,4,17,1,10,3,3
0x4a4161,91.6667%,13,143,156,0,0,13,143
0x4a4945,99.7398%,13,4984,4997,0,5,8,4984
0x4f098f,70.4545%,13,31,44,31,13,0,0
0x41f52f,98.9257%,12,1105,1117,1018,9,3,87
0x4a5d64,98.1013%,12,620,632,0,12,0,620
0x41fbe5,87.8788%,12,87,99,0,6,6,87
0x4a62ca,73.913%,12,34,46,11,1,11,23
0x4937c2,75%,11,33,44,2,8,3,31
0x43fb96,0%,11,0,11,0,0,11,0
0x402c83,99.8744%,11,8749,8760,0,6,5,8749
0x41edef,98.8235%,11,924,935,441,8,3,483
0x41ec3d,8.33333%,11,1,12,0,0,11,1
0x404b9a,98.9%,11,989,1000,0,0,11,989
0x49219a,0%,11,0,11,0,11,0,0
0x493034,0%,11,0,11,0,11,0,0
0x494518,0%,11,0,11,0,0,11,0
0x40c164,0%,11,0,11,0,11,0,0
0x409653,99.9725%,11,39927,39938,21050,2,9,18877
0x491931,0%,11,0,11,0,11,0,0
0x4a40a9,85.1351%,11,63,74,0,0,11,63
0x4b0294,87.6404%,11,78,89,0,0,11,78
0x4a5f8b,97.6596%,11,459,470,0,0,11,459
0x41ff5e,77.0833%,11,37,48,16,8,3,21
0x4949f5,0%,11,0,11,0,11,0,0
0x4a4478,71.7949%,11,28,39,0,0,11,28
0x40c979,99.988%,11,91432,91443,0,9,2,91432
0x43e756,93.007%,10,133,143,133,10,0,0
0x493da8,93.007%,10,133,143,11,0,10,122
0x4a6337,70.5882%,10,24,34,0,0,10,24
0x4b02e6,88.764%,10,79,89,79,10,0,0
0x4205f6,98.8095%,10,830,840,830,0,10,0
0x4bbdd3,99.6243%,10,2652,2662,47,4,6,2605
0x4a4186,98.8926%,10,893,903,0,0,10,893
0x4bbdac,99.6243%,10,2652,2662,2637,8,2,15
0x49487a,9.09091%,10,1,11,1,10,0,0
0x4ace0b,9.09091%,10,1,11,0,0,10,1
0x48e62c,33.3333%,10,5,15,5,10,0,0
0x404bcd,99.1%,9,991,1000,991,4,5,0
0x42050b,92.3077%,9,108,117,16,5,4,92
0x4f0f1c,59.0909%,9,13,22,13,9,0,0
0x40ca2e,99.7745%,9,3982,3991,3057,0,9,925
0x4a5f6f,99.0055%,9,896,905,896,9,0,0
0x48e666,40%,9,6,15,5,4,5,1
0x4a7dc3,99.879%,9,7426,7435,0,0,9,7426
0x4061cc,99.0909%,9,981,990,981,9,0,0
0x4a63c4,25%,9,3,12,3,9,0,0
0x40929d,62.5%,9,15,24,13,0,9,2
0x4bbf0a,99.6548%,9,2598,2607,0,0,9,2598
0x42a35d,18.1818%,9,2,11,0,0,9,2
0x46c6bc,79.5455%,9,35,44,35,9,0,0
0x42a3b0,18.1818%,9,2,11,2,9,0,0
0x45531c,18.1818%,9,2,11,2,9,0,0
0x4f0cfa,79.5455%,9,35,44,9,6,3,26
0x400404,0%,9,0,9,0,9,0,0
0x4a496d,99.6815%,9,2817,2826,0,0,9,2817
0x41fd17,25%,9,3,12,2,0,9,1
0x4093c4,30.7692%,9,4,13,2,9,0,2
0x495463,18.1818%,9,2,11,2,9,0,0
0x49375b,73.5294%,9,25,34,6,9,0,19
0x402dd8,97.2696%,8,285,293,0,0,8,285
0x4933e9,27.2727%,8,3,11,3,8,0,0
0x49547e,27.2727%,8,3,11,3,8,0,0
0x453d71,74.1935%,8,23,31,0,0,8,23
0x45532b,27.2727%,8,3,11,3,8,0,0
0x4019ff,46.6667%,8,7,15,1,3,5,6
0x492e78,27.2727%,8,3,11,0,0,8,3
0x4550a7,27.2727%,8,3,11,3,8,0,0
0x48ebc4,81.8182%,8,36,44,0,0,8,36
0x4052f8,27.2727%,8,3,11,0,6,2,3
0x454a22,60%,8,12,20,6,3,5,6
0x41fd42,20%,8,2,10,2,8,0,0
0x4a40ca,89.1892%,8,66,74,66,8,0,0
0x40056a,78.3784%,8,29,37,29,8,0,0
0x4a7d73,99.8924%,8,7427,7435,0,0,8,7427
0x404bab,99.2%,8,992,1000,0,0,8,992
0x403763,99.1416%,8,924,932,0,6,2,924
0x41ecb5,33.3333%,8,4,12,0,0,8,4
0x495711,81.8182%,8,36,44,0,0,8,36
0x492e6f,27.2727%,8,3,11,0,0,8,3
0x494b62,75.7576%,8,25,33,0,0,8,25
0x4f0d17,72.4138%,8,21,29,0,0,8,21
0x43fb69,27.2727%,8,3,11,3,8,0,0
0x446aa7,27.2727%,8,3,11,0,0,8,3
0x459da0,81.8182%,8,36,44,0,0,8,36
0x422bfc,63.6364%,8,14,22,0,0,8,14
0x453344,27.2727%,8,3,11,3,8,0,0
0x4f0d24,81.8182%,8,36,44,36,8,0,0
0x49296a,69.2308%,8,18,26,0,0,8,18
0x494618,27.2727%,8,3,11,0,0,8,3
0x460cd8,27.2727%,8,3,11,0,0,8,3
0x48eea6,27.2727%,8,3,11,3,8,0,0
0x401d29,98.2183%,8,441,449,3,5,3,438
0x460b0f,57.8947%,8,11,19,7,1,7,4
0x4549aa,60%,8,12,20,12,8,0,0
0x41fd08,61.1111%,7,11,18,2,4,3,9
0x416aad,99.9089%,7,7676,7683,0,6,1,7676
0x4a6152,95%,7,133,140,0,0,7,133
0x494a6b,36.3636%,7,4,11,4,7,0,0
0x48e4d1,53.3333%,7,8,15,0,0,7,8
0x4a83f3,99.8824%,7,5943,5950,0,0,7,5943
0x4924ef,30%,7,3,10,0,0,7,3
0x4a7d87,99.9059%,7,7428,7435,0,0,7,7428
0x49476e,0%,7,0,7,0,7,0,0
0x48ebb0,84.0909%,7,37,44,0,0,7,37
0x459da9,84.0909%,7,37,44,0,0,7,37
0x4a6139,99.6996%,7,2323,2330,9,3,4,2314
0x45a40e,94.697%,7,125,132,125,7,0,0
0x446a76,36.3636%,7,4,11,4,7,0,0
0x40f035,99.9661%,7,20656,20663,8160,2,5,12496
0x409e3a,97.6109%,7,286,293,0,0,7,286
0x40b768,99.9924%,7,92369,92376,18175,3,4,74194
0x4061dd,99.2929%,7,983,990,983,2,5,0
0x49309f,36.3636%,7,4,11,4,7,0,0
0x4116de,98.8655%,7,610,617,296,1,6,314
0x4a7dac,99.9059%,7,7428,7435,0,0,7,7428
0x49297a,73.0769%,7,19,26,19,7,0,0
0x4944d3,36.3636%,7,4,11,4,7,0,0
0x48e455,53.3333%,7,8,15,8,7,0,0
0x416acc,99.8362%,7,4267,4274,797,7,0,3470
0x43f9c9,45.4545%,6,5,11,5,6,0,0
0x41e97a,50%,6,6,12,0,0,6,6
0x491922,45.4545%,6,5,11,0,0,6,5
0x4a62fe,53.8462%,6,7,13,0,0,6,7
0x403e99,0%,6,0,6,0,6,0,0
0x48e64f,60%,6,9,15,0,0,6,9
0x40b771,99.9919%,6,74192,74198,63117,3,3,11075
0x429e1b,45.4545%,6,5,11,5,6,0,0
0x4f0ef5,72.7273%,6,16,22,16,6,0,0
0x41687b,99.9973%,6,220103,220109,63175,6,0,156928
0x404a3f,0%,6,0,6,0,0,6,0
0x494948,45.4545%,6,5,11,0,0,6,5
0x454988,70%,6,14,20,11,0,6,3
0x4296f7,72.7273%,6,16,22,16,6,0,0
0x4162a4,99.992%,6,74917,74923,73134,1,5,1783
0x4f3dc5,83.3333%,6,30,36,21,4,2,9
0x40373a,99.3562%,6,926,932,0,0,6,926
0x49491a,45.4545%,6,5,11,5,6,0,0
0x420222,96.4912%,6,165,171,165,4,2,0
0x4a4491,84.6154%,6,33,39,0,0,6,33
0x40ccb9,99.981%,6,31593,31599,0,0,6,31593
0x48e5d3,60%,6,9,15,9,6,0,0
0x494b75,86.3636%,6,38,44,8,3,3,30
0x4a62f5,82.3529%,6,28,34,20,1,5,8
0x41f5d9,45.4545%,6,5,11,2,4,2,3
0x40041c,33.3333%,6,3,9,0,6,0,3
0x40370f,97.9798%,6,291,297,291,1,5,0
0x420627,98.5149%,6,398,404,398,6,0,0
0x48e58b,60%,6,9,15,9,6,0,0
0x44b711,45.4545%,6,5,11,5,6,0,0
0x48e61e,60%,6,9,15,0,0,6,9
0x459db9,86.3636%,6,38,44,38,6,0,0
0x4f13b6,82.3529%,6,28,34,0,0,6,28
0x493367,45.4545%,6,5,11,5,6,0,0
0x41edf9,98.9712%,5,481,486,299,5,0,182
0x499896,66.6667%,5,10,15,10,5,0,0
0x46c72b,88.6364%,5,39,44,39,5,0,0
0x493a7f,54.5455%,5,6,11,6,5,0,0
0x49197a,0%,5,0,5,0,0,5,0
0x49eccb,93.5897%,5,73,78,0,0,5,73
0x42a3da,54.5455%,5,6,11,6,5,0,0
0x494a49,54.5455%,5,6,11,0,0,5,6
0x404bd9,0%,5,0,5,0,0,5,0
0x411662,99.1896%,5,612,617,0,0,5,612
0x40371d,0%,5,0,5,0,0,5,0
0x491b50,16.6667%,5,1,6,1,5,0,0
0x403db4,54.5455%,5,6,11,0,0,5,6
0x41e300,99.4097%,5,842,847,0,5,0,842
0x4998c8,66.6667%,5,10,15,0,0,5,10
0x40cd1f,99.9817%,5,27295,27300,4874,4,1,22421
0x44b7ff,54.5455%,5,6,11,6,5,0,0
0x45a3c1,96.2121%,5,127,132,127,5,0,0
0x420503,70.5882%,5,12,17,0,3,2,12
0x41fda9,72.2222%,5,13,18,8,4,1,5
0x404b89,0%,5,0,5,0,0,5,0
0x49990a,66.6667%,5,10,15,0,0,5,10
0x4092a8,54.5455%,5,6,11,4,5,0,2
0x41606f,99.9894%,5,47170,47175,92,5,0,47078
0x48e545,66.6667%,5,10,15,0,0,5,10
0x404a4e,16.6667%,5,1,6,0,0,5,1
0x409240,88.0952%,5,37,42,0,4,1,37
0x422bc6,77.2727%,5,17,22,0,0,5,17
0x41ffc1,58.3333%,5,7,12,7,5,0,0
0x4201c1,97.076%,5,166,171,166,5,0,0
0x4938b3,54.5455%,5,6,11,0,0,5,6
0x494d6d,54.5455%,5,6,11,6,5,0,0
0x403dde,54.5455%,5,6,11,6,0,5,0
0x48e97a,16.6667%,5,1,6,1,5,0,0
0x41fbee,94.6237%,5,88,93,88,5,0,0
0x41ebc0,58.3333%,5,7,12,0,0,5,7
0x453d7a,83.871%,5,26,31,0,0,5,26
0x48ecd7,54.5455%,5,6,11,0,0,5,6
0x4092b2,61.5385%,5,8,13,7,4,1,1
0x4164fc,99.9991%,5,548012,548017,455064,2,3,92948
0x4a6405,99.8292%,5,2922,2927,0,0,5,2922
0x420486,87.1795%,5,34,39,34,4,1,0
0x4947b9,54.5455%,5,6,11,0,0,5,6
0x4a6341,85.2941%,5,29,34,21,0,5,8
0x45f369,81.8182%,4,18,22,0,0,4,18
0x40bc73,99.9956%,4,91479,91483,0,0,4,91479
0x41e1f0,99.5408%,4,867,871,0,0,4,867
0x494393,63.6364%,4,7,11,0,3,1,7
0x421ce0,66.6667%,4,8,12,8,4,0,0
0x416cf4,99.5731%,4,933,937,0,0,4,933
0x459960,90.9091%,4,40,44,40,4,0,0
0x4945ec,81.8182%,4,18,22,11,0,4,7
0x4f0f59,81.8182%,4,18,22,18,4,0,0
0x4a6316,88.2353%,4,30,34,0,0,4,30
0x4a6d0f,80.9524%,4,17,21,0,0,4,17
0x4a6d1e,80.9524%,4,17,21,0,0,4,17
0x49371f,90.9091%,4,40,44,40,4,0,0
0x40279d,99.5731%,4,933,937,297,0,4,636
0x4a6236,99.9899%,4,39596,39600,0,0,4,39596
0x48e597,73.3333%,4,11,15,0,0,4,11
0x4bbe98,99.9693%,4,13027,13031,2606,0,4,10421
0x4bbe19,99.8478%,4,2624,2628,0,0,4,2624
0x4bbef9,99.8466%,4,2603,2607,0,0,4,2603
0x41fdc0,83.3333%,4,20,24,0,0,4,20
0x42047e,90.2439%,4,37,41,0,2,2,37
0x4205b1,99.393%,4,655,659,655,4,0,0
0x4093a8,69.2308%,4,9,13,0,2,2,9
0x494aad,63.6364%,4,7,11,7,4,0,0
0x403f1f,33.3333%,4,2,6,2,4,0,0
0x491a6e,20%,4,1,5,1,4,0,0
0x41e624,99.177%,4,482,486,181,1,3,301
0x4921cf,63.6364%,4,7,11,7,4,0,0
0x4a5e86,99.9531%,4,8526,8530,0,0,4,8526
0x403f3d,33.3333%,4,2,6,0,0,4,2
0x4a5d19,99.4421%,4,713,717,713,4,0,0
0x492a9d,63.6364%,4,7,11,7,4,0,0
0x4f0f46,81.8182%,4,18,22,0,0,4,18
0x494748,63.6364%,4,7,11,0,0,4,7
0x4201a3,97.6608%,4,167,171,0,0,4,167
0x4a4da4,96.8504%,4,123,127,123,4,0,0
0x494ba3,63.6364%,4,7,11,0,0,4,7
0x454a9a,33.3333%,4,2,6,0,3,1,2
0x492e23,63.6364%,4,7,11,7,4,0,0
0x4052d1,63.6364%,4,7,11,7,4,0,0
0x4061bb,99.596%,4,986,990,0,0,4,986
0x49196d,63.6364%,4,7,11,6,0,4,1
0x48e523,73.3333%,4,11,15,0,0,4,11
0x48ebd6,90.9091%,4,40,44,3,3,1,37
0x41ec34,66.6667%,4,8,12,0,0,4,8
0x493b9f,72.7273%,3,8,11,0,0,3,8
0x40caa8,99.8082%,3,1561,1564,1561,3,0,0
0x4a6c94,86.3636%,3,19,22,19,3,0,0
0x4a4a02,97.6378%,3,124,127,124,3,0,0
0x41fb77,87.5%,3,21,24,0,0,3,21
0x4a5c95,94%,3,47,50,0,0,3,47
0x492124,72.7273%,3,8,11,8,3,0,0
0x4a4486,92.3077%,3,36,39,0,0,3,36
0x41693c,99.9517%,3,6204,6207,2632,3,0,3572
0x454992,66.6667%,3,6,9,0,0,3,6
0x41f599,97.0588%,3,99,102,0,0,3,99
0x454fd4,75%,3,9,12,0,0,3,9
0x454aab,0%,3,0,3,0,0,3,0
0x403eeb,50%,3,3,6,3,3,0,0
0x455041,72.7273%,3,8,11,0,0,3,8
0x409236,78.5714%,3,11,14,11,3,0,0
0x4029a3,99.8849%,3,2603,2606,0,0,3,2603
0x409393,76.9231%,3,10,13,0,2,1,10
0x420356,97.3913%,3,112,115,112,2,1,0
0x4a6274,99.0446%,3,311,314,0,0,3,311
0x4f13b1,91.1765%,3,31,34,0,0,3,31
0x4c4dc8,96.6292%,3,86,89,0,0,3,86
0x41e365,40%,3,2,5,0,0,3,2
0x493d8d,72.7273%,3,8,11,0,0,3,8
0x403e86,50%,3,3,6,3,3,0,0
0x408c7c,80%,3,12,15,6,3,0,6
0x48ee89,72.7273%,3,8,11,0,0,3,8
0x494695,86.3636%,3,19,22,8,3,0,11
0x492b33,72.7273%,3,8,11,0,0,3,8
0x41e988,75%,3,9,12,7,0,3,2
0x493cc8,72.7273%,3,8,11,8,3,0,0
0x494823,72.7273%,3,8,11,8,3,0,0
0x49510d,72.7273%,3,8,11,0,0,3,8
0x48e95f,50%,3,3,6,3,3,0,0
0x455058,72.7273%,3,8,11,0,0,3,8
0x42a34d,72.7273%,3,8,11,0,0,3,8
0x45f360,86.3636%,3,19,22,0,0,3,19
0x42a546,72.7273%,3,8,11,0,0,3,8
0x411cde,99.9957%,3,69506,69509,69506,3,0,0
0x4a7df0,99.9597%,3,7432,7435,0,0,3,7432
0x4a49a3,99.9399%,3,4989,4992,0,0,3,4989
0x494352,0%,3,0,3,0,0,3,0
0x43f9f1,72.7273%,3,8,11,8,3,0,0
0x494314,72.7273%,3,8,11,8,0,3,0
0x4f13af,91.1765%,3,31,34,0,0,3,31
0x4061e6,40%,3,2,5,0,0,3,2
0x43fd2c,72.7273%,3,8,11,8,3,0,0
0x453d92,90.3226%,3,28,31,28,3,0,0
0x4549f0,85%,3,17,20,0,0,3,17
0x40c09c,72.7273%,3,8,11,0,0,3,8
0x4a648c,99.8959%,3,2879,2882,0,0,3,2879
0x459d40,93.1818%,3,41,44,0,0,3,41
0x49475d,70%,3,7,10,7,3,0,0
0x41691d,99.9688%,3,9598,9601,0,3,0,9598
0x4091f2,92.6829%,3,38,41,38,3,0,0
0x49469e,72.7273%,3,8,11,8,3,0,0
0x403a85,25%,3,1,4,0,0,3,1
0x460c5f,72.7273%,3,8,11,0,0,3,8
0x460c68,72.7273%,3,8,11,0,0,3,8
0x409203,94.7368%,3,54,57,0,1,2,54
0x455011,75%,3,9,12,9,3,0,0
0x42011d,75%,3,9,12,9,1,2,0
0x41fd1c,70%,3,7,10,7,3,0,0
0x460c90,72.7273%,3,8,11,8,3,0,0
0x4a4911,99.8875%,2,1776,1778,0,0,2,1776
0x4201e2,98.8304%,2,169,171,169,1,1,0
0x45f3b0,90.9091%,2,20,22,0,0,2,20
0x43fa42,81.8182%,2,9,11,9,2,0,0
0x48ed80,81.8182%,2,9,11,9,2,0,0
0x402b11,99.6644%,2,594,596,0,0,2,594
0x41e633,99.7305%,2,740,742,281,0,2,459
0x4160f6,99.9958%,2,47076,47078,0,0,2,47076
0x4a5e58,99.9586%,2,4833,4835,0,0,2,4833
0x421a93,99.9663%,2,5936,5938,0,0,2,5936
0x4f0e12,81.8182%,2,9,11,0,0,2,9
0x41e199,60%,2,3,5,0,0,2,3
0x4201b5,98.8304%,2,169,171,0,0,2,169
0x422be1,90.9091%,2,20,22,0,0,2,20
0x43faf3,81.8182%,2,9,11,9,2,0,0
0x4947bf,81.8182%,2,9,11,9,2,0,0
0x409302,84.6154%,2,11,13,0,0,2,11
0x406118,66.6667%,2,4,6,0,0,2,4
0x4a616b,90.9091%,2,20,22,0,0,2,20
0x4a6178,90.9091%,2,20,22,20,2,0,0
0x4924d2,80%,2,8,10,0,0,2,8
0x4939f7,81.8182%,2,9,11,9,2,0,0
0x4950dd,80%,2,8,10,1,2,0,7
0x420136,0%,2,0,2,0,0,2,0
0x41dc4e,99.3174%,2,291,293,291,2,0,0
0x4a83ea,99.9664%,2,5948,5950,0,0,2,5948
0x4a7de7,99.9731%,2,7433,7435,0,0,2,7433
0x491908,81.8182%,2,9,11,0,0,2,9
0x4a61a7,83.3333%,2,10,12,10,2,0,0
0x4a62ea,94.1176%,2,32,34,0,0,2,32
0x4bbf14,99.9233%,2,2605,2607,0,0,2,2605
0x4a6320,94.1176%,2,32,34,0,0,2,32
0x491915,81.8182%,2,9,11,0,0,2,9
0x4039fd,50%,2,2,4,0,2,0,2
0x404c0f,60%,2,3,5,3,2,0,0
0x4051d8,81.8182%,2,9,11,0,0,2,9
0x416313,99.0385%,2,206,208,0,0,2,206
0x493078,81.8182%,2,9,11,0,0,2,9
0x491a36,60%,2,3,5,0,0,2,3
0x43f9b3,81.8182%,2,9,11,0,0,2,9
0x494fb4,81.8182%,2,9,11,0,0,2,9
0x416cbc,99.7866%,2,935,937,0,0,2,935
0x494753,81.8182%,2,9,11,0,1,1,9
0x41eb97,83.3333%,2,10,12,0,0,2,10
0x49443e,81.8182%,2,9,11,9,2,0,0
0x454fdd,83.3333%,2,10,12,10,2,0,0
0x43e343,90.9091%,2,20,22,20,2,0,0
0x41e1c9,60%,2,3,5,0,0,2,3
0x48e50d,86.6667%,2,13,15,0,0,2,13
0x40b6a8,99.9978%,2,90339,90341,16432,0,2,73907
0x409363,84.6154%,2,11,13,0,0,2,11
0x49218d,81.8182%,2,9,11,9,2,0,0
0x4925b6,81.8182%,2,9,11,9,2,0,0
0x4921c2,81.8182%,2,9,11,0,0,2,9
0x4a49f5,98.4252%,2,125,127,9,1,1,116
0x4937b2,95.4545%,2,42,44,0,0,2,42
0x402ad4,99.6644%,2,594,596,0,0,2,594
0x48e47f,86.6667%,2,13,15,0,0,2,13
0x4c31a4,95.4545%,2,42,44,0,0,2,42
0x4165a0,99.9607%,2,5087,5089,5087,2,0,0
0x4a6c7b,90.9091%,2,20,22,0,0,2,20
0x48e475,93.3333%,1,14,15,0,0,1,14
0x40926f,92.8571%,1,13,14,13,1,0,0
0x491b2e,83.3333%,1,5,6,0,0,1,5
0x49518b,90.9091%,1,10,11,0,0,1,10
0x40b64f,99.9978%,1,44692,44693,39743,1,0,4949
0x491aea,80%,1,4,5,4,1,0,0
0x40b776,99.9966%,1,29255,29256,11829,0,1,17426
0x48e60f,93.3333%,1,14,15,14,1,0,0
0x4947ff,90.9091%,1,10,11,10,1,0,0
0x4043fb,0%,1,0,1,0,1,0,0
0x45f229,95.4545%,1,21,22,0,0,1,21
0x40ccd1,99.9967%,1,30272,30273,3254,1,0,27018
0x4a6ee1,99.9554%,1,2241,2242,0,0,1,2241
0x43fc63,90.9091%,1,10,11,0,0,1,10
0x43fc6e,90.9091%,1,10,11,0,0,1,10
0x402cfc,99.9986%,1,69217,69218,0,0,1,69217
0x41fd7e,50%,1,1,2,0,0,1,1
0x43fca4,90.9091%,1,10,11,10,1,0,0
0x403a2a,75%,1,3,4,3,1,0,0
0x405243,90.9091%,1,10,11,10,1,0,0
0x45333a,90.9091%,1,10,11,0,0,1,10
0x4115ec,99.8379%,1,616,617,616,1,0,0
0x46c778,97.7273%,1,43,44,43,1,0,0
0x460c1e,90.9091%,1,10,11,10,1,0,0
0x4937e1,90%,1,9,10,0,0,1,9
0x416d15,99.8933%,1,936,937,936,0,1,0
0x4a6ef0,99.9554%,1,2241,2242,0,0,1,2241
0x4919e5,80%,1,4,5,0,0,1,4
0x403958,80%,1,4,5,0,0,1,4
0x45d744,95.4545%,1,21,22,0,0,1,21
0x4029de,99.9616%,1,2605,2606,0,0,1,2605
0x4033bf,0%,1,0,1,0,1,0,0
0x4f0924,90.9091%,1,10,11,10,1,0,0
0x41141c,99.9936%,1,15741,15742,0,0,1,15741
0x495010,87.5%,1,7,8,7,1,0,0
0x49424e,90.9091%,1,10,11,0,0,1,10
0x41e261,80%,1,4,5,0,0,1,4
0x4f2042,90.9091%,1,10,11,10,1,0,0
0x41e1bb,80%,1,4,5,0,0,1,4
0x492b43,90.9091%,1,10,11,10,1,0,0
0x4a7dcc,99.9866%,1,7434,7435,7434,1,0,0
0x404bfe,80%,1,4,5,0,0,1,4
0x49249b,90.9091%,1,10,11,1,0,1,9
0x48ed30,90.9091%,1,10,11,10,1,0,0
0x403ed2,83.3333%,1,5,6,5,1,0,0
0x4061aa,99.899%,1,989,990,0,0,1,989
0x454aca,66.6667%,1,2,3,0,0,1,2
0x404c44,83.3333%,1,5,6,0,0,1,5
0x403f01,66.6667%,1,2,3,0,0,1,2
0x402701,83.3333%,1,5,6,0,1,0,5
0x491a50,80%,1,4,5,0,0,1,4
0x48e777,97.7273%,1,43,44,0,0,1,43
0x40933c,92.3077%,1,12,13,0,0,1,12
0x41fd51,50%,1,1,2,0,0,1,1
0x4bd1f1,98.3051%,1,58,59,0,0,1,58
0x4a40b3,98.6486%,1,73,74,0,0,1,73
0x402ad9,99.8322%,1,595,596,0,0,1,595
0x41e797,99.8927%,1,931,932,447,1,0,484
0x416a82,99.8825%,1,850,851,0,0,1,850
0x404742,99.6587%,1,292,293,292,0,1,0
0x41f534,98.8889%,1,89,90,89,1,0,0
0x454c88,83.3333%,1,5,6,5,1,0,0
0x4052e3,90.9091%,1,10,11,10,1,0,0
0x404760,99.6587%,1,292,293,292,1,0,0
0x493733,97.7273%,1,43,44,0,0,1,43
0x4945a7,90.9091%,1,10,11,0,0,1,10
0x406113,83.3333%,1,5,6,0,0,1,5
0x41e784,99.8927%,1,931,932,931,1,0,0
0x494bde,0%,1,0,1,0,1,0,0
0x49519a,90.9091%,1,10,11,10,1,0,0
0x40244f,99.892%,1,925,926,0,0,1,925
0x402477,99.9978%,1,45731,45732,0,0,1,45731
0x4a47c8,99.8951%,1,952,953,0,0,1,952
0x402a5c,99.8322%,1,595,596,595,1,0,0
0x49439c,87.5%,1,7,8,0,0,1,7
0x4c31c9,97.7273%,1,43,44,0,0,1,43
0x492a84,90.9091%,1,10,11,0,0,1,10
0x4a635e,91.6667%,1,11,12,0,0,1,11
0x4026c7,83.3333%,1,5,6,0,1,0,5
0x40b711,99.9988%,1,82721,82722,72534,0,1,10187
0x41e62b,99.8652%,1,741,742,0,0,1,741
0x40b716,99.9967%,1,30063,30064,13071,1,0,16992
0x40932c,92.3077%,1,12,13,0,0,1,12
0x416a90,99.8825%,1,850,851,0,0,1,850
0x4113fb,99.9829%,1,5834,5835,632,0,1,5202
0x416902,99.9628%,1,2684,2685,0,0,1,2684
0x494c25,0%,1,0,1,0,0,1,0
0x45e5eb,95.4545%,1,21,22,0,0,1,21
0x416447,99.9978%,1,46472,46473,0,0,1,46472
0x4a4f56,99.8894%,1,903,904,0,0,1,903
0x4047a9,99.6587%,1,292,293,0,1,0,292
0x493cbb,90.9091%,1,10,11,0,0,1,10
0x40b655,99.9969%,1,31921,31922,15544,1,0,16377
0x4bbec2,99.9904%,1,10423,10424,10423,1,0,0
0x49308c,90.9091%,1,10,11,0,0,1,10
0x40c1a2,90.9091%,1,10,11,10,1,0,0
0x402d16,99.9986%,1,69217,69218,69217,0,1,0
0x420970,99.9865%,1,7422,7423,7422,1,0,0
0x404411,0%,1,0,1,0,0,1,0
0x45994a,97.7273%,1,43,44,43,1,0,0
0x446a3e,95.4545%,1,21,22,0,0,1,21
0x454c1e,83.3333%,1,5,6,0,0,1,5
0x4094e3,99.9989%,1,88264,88265,43586,0,1,44678
0x4a5c2a,99.9866%,1,7434,7435,0,0,1,7434
0x460bdb,90.9091%,1,10,11,0,0,1,10
0x4a4f64,99.8894%,1,903,904,0,0,1,903
0x4a7df5,99.9866%,1,7434,7435,0,0,1,7434
0x4a4cd7,99.98%,1,4996,4997,4996,1,0,0
0x41143b,99.9835%,1,6072,6073,1982,0,1,4090
0x40c1b8,90.9091%,1,10,11,0,0,1,10
0x48ec2f,90.9091%,1,10,11,10,1,0,0
0x4a7ddb,99.9866%,1,7434,7435,0,0,1,7434
0x48ec0e,90.9091%,1,10,11,10,1,0,0
0x49471b,90.9091%,1,10,11,0,0,1,10
0x494bfe,0%,1,0,1,0,0,1,0
0x415fa9,99.9985%,1,67910,67911,0,0,1,67910
0x43e3a3,95.4545%,1,21,22,21,1,0,0
0x40c0a4,90.9091%,1,10,11,0,0,1,10
0x4a4cea,99.98%,1,4996,4997,0,0,1,4996
0x40c9af,99.9749%,1,3990,3991,3990,1,0,0
0x45e5f4,95.4545%,1,21,22,0,0,1,21
0x45e59b,95.4545%,1,21,22,0,0,1,21
0x4a4058,99.6904%,1,322,323,322,1,0,0
0x48e4df,100%,0,15,15,15,0,0,0
0x493dc6,100%,0,11,11,11,0,0,0
0x4f0e21,100%,0,11,11,11,0,0,0
0x491b04,100%,0,6,6,0,0,0,6
0x4a48b7,100%,0,4997,4997,4997,0,0,0
0x403a58,100%,0,4,4,4,0,0,0
0x4938e4,100%,0,11,11,11,0,0,0
0x402905,100%,0,2606,2606,0,0,0,2606
0x403a2f,100%,0,4,4,4,0,0,0
0x494fa9,100%,0,11,11,0,0,0,11
0x492aad,100%,0,11,11,0,0,0,11
0x494624,100%,0,11,11,0,0,0,11
0x402b34,100%,0,596,596,596,0,0,0
0x494363,100%,0,3,3,0,0,0,3
0x4f0945,100%,0,11,11,0,0,0,11
0x494282,100%,0,11,11,0,0,0,11
0x4942f6,100%,0,11,11,0,0,0,11
0x494306,100%,0,11,11,0,0,0,11
0x4a4fd9,100%,0,65,65,0,0,0,65
0x49495e,100%,0,11,11,11,0,0,0
0x41f5de,100%,0,5,5,0,0,0,5
0x40ca05,100%,0,3991,3991,0,0,0,3991
0x4a4fee,100%,0,65,65,0,0,0,65
0x41eb6f,100%,0,12,12,12,0,0,0
0x4a478d,100%,0,5950,5950,0,0,0,5950
0x403a3f,100%,0,2,2,2,0,0,0
0x4c4a98,100%,0,3145,3145,0,0,0,3145
0x45f220,100%,0,22,22,0,0,0,22
0x494c06,100%,0,1,1,1,0,0,0
0x4921b4,100%,0,11,11,0,0,0,11
0x4f0def,100%,0,11,11,11,0,0,0
0x48ec56,100%,0,11,11,11,0,0,0
0x4a484f,100%,0,953,953,953,0,0,0
0x460c80,100%,0,11,11,0,0,0,11
0x494af3,100%,0,11,11,0,0,0,11
0x41147b,100%,0,5465,5465,1693,0,0,3772
0x493d07,100%,0,11,11,11,0,0,0
0x48ecf7,100%,0,11,11,0,0,0,11
0x45d73b,100%,0,22,22,0,0,0,22
0x48ed00,100%,0,11,11,11,0,0,0
0x4918f0,100%,0,11,11,0,0,0,11
0x40ce5a,100%,0,4073,4073,4073,0,0,0
0x4a4834,100%,0,492,492,492,0,0,0
0x494648,100%,0,11,11,0,0,0,11
0x48ed39,100%,0,11,11,11,0,0,0
0x48ed77,100%,0,11,11,0,0,0,11
0x4c4e1b,100%,0,2763,2763,0,0,0,2763
0x48ee55,100%,0,11,11,0,0,0,11
0x404757,100%,0,293,293,0,0,0,293
0x4c4b58,100%,0,2852,2852,2852,0,0,0
0x4947de,100%,0,11,11,0,0,0,11
0x48eb52,100%,0,44,44,0,0,0,44
0x494bbc,100%,0,1,1,0,0,0,1
0x45d75e,100%,0,22,22,0,0,0,22
0x4929ce,100%,0,26,26,0,0,0,26
0x420569,100%,0,10,10,0,0,0,10
0x42048e,100%,0,1,1,0,0,0,1
0x4a6d29,100%,0,21,21,0,0,0,21
0x494b1c,100%,0,11,11,0,0,0,11
0x4047cb,100%,0,1,1,0,0,0,1
0x45504d,100%,0,11,11,11,0,0,0
0x4169b4,100%,0,94303,94303,0,0,0,94303
0x416853,100%,0,94106,94106,0,0,0,94106
0x4a4882,100%,0,4997,4997,0,0,0,4997
0x42018b,100%,0,2,2,0,0,0,2
0x4a48c3,100%,0,4997,4997,0,0,0,4997
0x420572,100%,0,10,10,0,0,0,10
0x41620b,100%,0,47078,47078,0,0,0,47078
0x4920ef,100%,0,11,11,0,0,0,11
0x48e975,100%,0,6,6,0,0,0,6
0x45e5a4,100%,0,22,22,0,0,0,22
0x40ce69,100%,0,11772,11772,11772,0,0,0
0x4a628d,100%,0,50,50,50,0,0,0
0x4043d5,100%,0,1,1,1,0,0,0
0x402747,100%,0,937,937,0,0,0,937
0x4a6ef7,100%,0,2242,2242,0,0,0,2242
0x4165c3,100%,0,67624,67624,0,0,0,67624
0x4a5c87,100%,0,50,50,50,0,0,0
0x4033ea,100%,0,1,1,1,0,0,0
0x4a4cca,100%,0,4997,4997,0,0,0,4997
0x403871,100%,0,1,1,0,0,0,1
0x459935,100%,0,44,44,0,0,0,44
0x4919f8,100%,0,5,5,0,0,0,5
0x4a52a3,100%,0,4997,4997,4997,0,0,0
0x420243,100%,0,10,10,0,0,0,10
0x403eb9,100%,0,3,3,3,0,0,0
0x4038cc,100%,0,1,1,0,0,0,1
0x41eb2e,100%,0,12,12,0,0,0,12
0x4a47da,100%,0,953,953,0,0,0,953
0x4919aa,100%,0,5,5,0,0,0,5
0x4919bc,100%,0,5,5,0,0,0,5
0x420493,100%,0,1,1,1,0,0,0
0x446a53,100%,0,22,22,11,0,0,11
0x402824,100%,0,2607,2607,2607,0,0,0
0x4113dc,100%,0,17385,17385,0,0,0,17385
0x41e91d,100%,0,75632,75632,0,0,0,75632
0x41ede6,100%,0,935,935,0,0,0,935
0x494528,100%,0,11,11,0,0,0,11
0x49458e,100%,0,11,11,11,0,0,0
0x41138d,100%,0,18020,18020,0,0,0,18020
0x49197e,100%,0,5,5,0,0,0,5
0x494544,100%,0,11,11,0,0,0,11
0x41f5b6,100%,0,11,11,6,0,0,5
0x4946cd,100%,0,3,3,3,0,0,0
0x41e290,100%,0,5,5,0,0,0,5
0x4a4859,100%,0,953,953,0,0,0,953
0x494956,100%,0,11,11,0,0,0,11
0x494431,100%,0,11,11,0,0,0,11
0x4a4795,100%,0,5950,5950,0,0,0,5950
0x4f13aa,100%,0,34,34,0,0,0,34
0x41ffd5,100%,0,10,10,10,0,0,0
0x41f2b5,100%,0,12,12,12,0,0,0
0x4b0225,100%,0,11,11,0,0,0,11
0x4955b3,100%,0,3,3,0,0,0,3
0x493218,100%,0,11,11,0,0,0,11
0x460d09,100%,0,11,11,0,0,0,11
0x49437b,100%,0,3,3,0,0,0,3
0x41ec84,100%,0,12,12,0,0,0,12
0x409279,100%,0,24,24,0,0,0,24
0x40ca38,100%,0,5985,5985,0,0,0,5985
0x4a7d9b,100%,0,7435,7435,7435,0,0,0
0x4956f0,100%,0,11,11,0,0,0,11
0x42a368,100%,0,11,11,0,0,0,11
0x4924fe,100%,0,10,10,0,0,0,10
0x40286c,100%,0,2607,2607,2607,0,0,0
0x4bbed8,100%,0,2606,2606,2606,0,0,0
0x402949,100%,0,2606,2606,0,0,0,2606
0x4c4b4e,100%,0,2852,2852,0,0,0,2852
0x404729,100%,0,293,293,293,0,0,0
0x411458,100%,0,15118,15118,0,0,0,15118
0x460c13,100%,0,11,11,0,0,0,11
0x460c73,100%,0,11,11,0,0,0,11
0x494a41,100%,0,11,11,0,0,0,11
0x494c3c,100%,0,1,1,0,0,0,1
0x4552fa,100%,0,11,11,0,0,0,11
0x42a340,100%,0,11,11,0,0,0,11
0x42a326,100%,0,11,11,0,0,0,11
0x40477b,100%,0,293,293,0,0,0,293
0x4a4bf0,100%,0,4997,4997,4997,0,0,0
0x42a541,100%,0,11,11,0,0,0,11
0x44b76e,100%,0,11,11,11,0,0,0
0x403753,100%,0,932,932,0,0,0,932
0x41e861,100%,0,80926,80926,0,0,0,80926
0x48e682,100%,0,6,6,0,0,0,6
0x41e7b2,100%,0,81410,81410,0,0,0,81410
0x454c48,100%,0,6,6,0,0,0,6
0x41e769,100%,0,932,932,0,0,0,932
0x40479f,100%,0,293,293,0,0,0,293
0x4a4863,100%,0,492,492,492,0,0,0
0x4a48ab,100%,0,4997,4997,0,0,0,4997
0x45a400,100%,0,132,132,0,0,0,132
0x43fa37,100%,0,11,11,11,0,0,0
0x45503a,100%,0,11,11,0,0,0,11
0x4552ff,100%,0,11,11,0,0,0,11
0x4047b0,100%,0,292,292,292,0,0,0
0x409e27,100%,0,293,293,0,0,0,293
0x460ad6,100%,0,11,11,0,0,0,11
0x49572b,100%,0,44,44,33,0,0,11
0x43fd06,100%,0,11,11,11,0,0,0
0x43fcff,100%,0,11,11,0,0,0,11
0x43fcdd,100%,0,11,11,11,0,0,0
0x494bac,100%,0,11,11,10,0,0,1
0x4c4bfb,100%,0,2577,2577,0,0,0,2577
0x403a6e,100%,0,2,2,0,0,0,2
0x404bed,100%,0,5,5,0,0,0,5
0x45e60e,100%,0,22,22,0,0,0,22
0x4a63eb,100%,0,2927,2927,0,0,0,2927
0x416844,100%,0,94106,94106,0,0,0,94106
0x406354,100%,0,11,11,5,0,0,6
0x43fc8f,100%,0,11,11,0,0,0,11
0x43fdb4,100%,0,11,11,11,0,0,0
0x4a5e79,100%,0,8530,8530,0,0,0,8530
0x43fc87,100%,0,11,11,11,0,0,0
0x495120,100%,0,11,11,11,0,0,0
0x429dc7,100%,0,11,11,11,0,0,0
0x45e5be,100%,0,22,22,0,0,0,22
0x4c4b02,100%,0,2755,2755,2755,0,0,0
0x429f4b,100%,0,11,11,0,0,0,11
0x43fd66,100%,0,11,11,11,0,0,0
0x403928,100%,0,5,5,0,0,0,5
0x49210e,100%,0,11,11,0,0,0,11
0x494a59,100%,0,11,11,0,0,0,11
0x41e87d,100%,0,76080,76080,0,0,0,76080
0x40290a,100%,0,2606,2606,0,0,0,2606
0x403899,100%,0,1,1,0,0,0,1
0x43fb7c,100%,0,11,11,11,0,0,0
0x4204bd,100%,0,1,1,1,0,0,0
0x43fb5c,100%,0,11,11,11,0,0,0
0x4a4f99,100%,0,285,285,285,0,0,0
0x45f3b9,100%,0,22,22,0,0,0,22
0x4a640f,100%,0,2927,2927,0,0,0,2927
0x4a4049,100%,0,323,323,0,0,0,323
0x4a6078,100%,0,3381,3381,3381,0,0,0
0x4a4c05,100%,0,4997,4997,0,0,0,4997
0x4a491b,100%,0,1778,1778,0,0,0,1778
0x4a4963,100%,0,2826,2826,0,0,0,2826
0x416278,100%,0,47078,47078,0,0,0,47078
0x411667,100%,0,617,617,0,0,0,617
0x4a6447,100%,0,45,45,0,0,0,45
0x454ae2,100%,0,3,3,3,0,0,0
0x4a48f0,100%,0,4997,4997,0,0,0,4997
0x48e46c,100%,0,15,15,0,0,0,15
0x4a5cfe,100%,0,717,717,0,0,0,717
0x493d93,100%,0,11,11,11,0,0,0
0x40b6b6,100%,0,30816,30816,14384,0,0,16432
0x454c37,100%,0,6,6,0,0,0,6
0x403e73,100%,0,6,6,3,0,0,3
0x42035e,100%,0,1,1,1,0,0,0
0x4929bd,100%,0,26,26,0,0,0,26
0x4201bc,100%,0,171,171,0,0,0,171
0x48e690,100%,0,6,6,0,0,0,6
0x4f3d14,100%,0,11,11,11,0,0,0
0x4946c1,100%,0,11,11,8,0,0,3
0x4169c0,100%,0,94303,94303,0,0,0,94303
0x40248c,100%,0,45732,45732,0,0,0,45732
0x429dae,100%,0,11,11,0,0,0,11
0x4113bb,100%,0,5471,5471,571,0,0,4900
0x4acdf8,100%,0,11,11,0,0,0,11
0x446a69,100%,0,11,11,0,0,0,11
0x494bc6,100%,0,1,1,0,0,0,1
0x48e534,100%,0,15,15,15,0,0,0
0x403aa7,100%,0,5,5,5,0,0,0
0x4163be,100%,0,208,208,0,0,0,208
0x4a4779,100%,0,5950,5950,0,0,0,5950
0x4a5cf3,100%,0,717,717,0,0,0,717
0x48e674,100%,0,6,6,0,0,0,6
0x454c4d,100%,0,6,6,0,0,0,6
0x402b50,100%,0,596,596,0,0,0,596
0x4a47e9,100%,0,953,953,953,0,0,0
0x409373,100%,0,13,13,0,0,0,13
0x402487,100%,0,45732,45732,0,0,0,45732
0x40478d,100%,0,293,293,0,0,0,293
0x454c72,100%,0,6,6,0,0,0,6
0x4bbe6e,100%,0,2607,2607,0,0,0,2607
0x402481,100%,0,45732,45732,0,0,0,45732
0x4a488e,100%,0,4997,4997,4997,0,0,0
0x402508,100%,0,569,569,0,0,0,569
0x4a4807,100%,0,953,953,0,0,0,953
0x4a485e,100%,0,953,953,461,0,0,492
0x4150c1,100%,0,2452,2452,2452,0,0,0
0x4a4cbe,100%,0,4997,4997,0,0,0,4997
0x405ef2,100%,0,6,6,6,0,0,0
0x405269,100%,0,11,11,11,0,0,0
0x4b01ac,100%,0,11,11,11,0,0,0
0x48edf3,100%,0,11,11,11,0,0,0
0x4a4783,100%,0,5950,5950,0,0,0,5950
0x4116c2,100%,0,617,617,617,0,0,0
0x416183,100%,0,47078,47078,0,0,0,47078
0x4a8403,100%,0,5950,5950,0,0,0,5950
0x4c4af8,100%,0,2755,2755,0,0,0,2755
0x494915,100%,0,11,11,0,0,0,11
0x4a48e2,100%,0,4997,4997,0,0,0,4997
0x416339,100%,0,208,208,208,0,0,0
0x41690e,100%,0,2685,2685,0,0,0,2685
0x40ca9b,100%,0,1466,1466,1466,0,0,0
0x4a48d4,100%,0,4997,4997,0,0,0,4997
0x4a47b7,100%,0,953,953,0,0,0,953
0x4a840c,100%,0,5950,5950,5950,0,0,0
0x40619b,100%,0,5,5,0,0,0,5
0x4a63b7,100%,0,12,12,0,0,0,12
0x4024f8,100%,0,277,277,0,0,0,277
0x403776,100%,0,926,926,926,0,0,0
