Branch PC,Accuracy,Mispredictions,Correct Predictions,Total,dir_t_pred_t,dir_t_pred_nt,dir_nt_pred_t,dir_nt_pred_nt
aggregate,92.0278%,1739000,20074396,21813396,9924725,741217,997783,10149671
0x40bda5,69.4225%,148879,338012,486891,283173,48233,100646,54839
0x40971d,65.3494%,111760,210774,322534,115117,53790,57970,95657
0x41683b,49.9525%,88536,88368,176904,42821,45413,43123,45547
0x40be17,63.4601%,56814,98671,155485,32462,33642,23172,66209
0x40cf70,74.6036%,55910,164239,220149,129170,20161,35749,35069
0x40cc3f,85.0961%,43061,245863,288924,232781,10277,32784,13082
0x41ee6f,64.2098%,41037,73623,114660,58323,15022,26015,15300
0x416298,67.6994%,36783,77094,113877,15044,25540,11243,62050
0x40bbb6,83.2405%,34170,169714,203884,48733,20533,13637,120981
0x4164ea,89.5384%,33665,288132,321797,32380,23716,9949,255752
0x40c966,82.5184%,33564,158432,191996,100700,14002,19562,57732
0x40bbbf,75.4171%,33093,101525,134618,49699,17041,16052,51826
0x409544,75.5836%,31387,97162,128549,18122,20382,11005,79040
0x40cdd3,87.0116%,28630,191798,220428,153926,9169,19461,37872
0x41ee22,68.5555%,26680,58168,84848,49782,8265,18415,8386
0x40ccb5,92.3042%,25101,301066,326167,285860,5425,19676,15206
0x40cfb4,84.9216%,23193,130623,153816,121973,5566,17627,8650
0x40cc72,81.2925%,23179,100723,123902,29769,11360,11819,70954
0x402e0b,83.8659%,22099,114872,136971,45725,10889,11210,69147
0x40cff1,84.671%,21895,120939,142834,112946,5212,16683,7993
0x409489,73.2803%,18342,50304,68646,8250,13230,5112,42054
0x40f6e4,71.8319%,18338,46764,65102,19501,10018,8320,27263
0x40cf60,92.5878%,18016,225042,243058,216772,3377,14639,8270
0x41eec2,65.9717%,17643,34205,51848,29254,5417,12226,4951
0x40bcb7,91.4044%,17525,186359,203884,146628,6285,11240,39731
0x4096b4,83.7545%,17119,88258,105377,22363,10452,6667,65895
0x40f70f,74.2911%,16737,48365,65102,32284,6635,10102,16081
0x416416,77.0281%,16073,53895,69968,28797,8412,7661,25098
0x41136c,89.1552%,15602,128264,143866,81576,4978,10624,46688
0x40cfa4,91.1208%,15560,159681,175241,150300,3516,12044,9381
0x402e1a,80.731%,15484,64873,80357,47865,6375,9109,17008
0x4094ed,66.7041%,14510,29069,43579,21158,5749,8761,7911
0x416895,88.8425%,14306,113913,128219,111703,2244,12062,2210
0x416558,79.5681%,13833,53870,67703,30857,6063,7770,23013
0x40f73a,79.3416%,13449,51653,65102,41255,5013,8436,10398
0x40cf7a,81.5386%,13074,57744,70818,54248,3252,9822,3496
0x402c7e,79.7999%,12374,48883,61257,4457,8620,3754,44426
0x40f765,82.7548%,11227,53875,65102,45738,3612,7615,8137
0x40f024,79.636%,11222,43885,55107,29621,4815,6407,14264
0x40d021,91.8268%,10727,120519,131246,115610,2097,8630,4909
0x40bbd7,84.2968%,10659,57219,67878,46826,4431,6228,10393
0x4095f9,81.5562%,10617,46947,57564,13731,6549,4068,33216
0x40b676,88.3774%,10115,76914,87029,70802,2956,7159,6112
0x411488,92.9556%,9875,130308,140183,114769,3094,6781,15539
0x40bc9b,80.1577%,9665,39044,48709,12123,5469,4196,26921
0x40eff2,82.6156%,9580,45527,55107,32531,4141,5439,12996
0x40cded,83.3255%,9560,47773,57333,40763,3561,5999,7010
0x40b734,89.0416%,9537,77492,87029,70926,2312,7225,6566
0x40b6d4,89.0967%,9489,77540,87029,69525,2561,6928,8015
0x40b796,89.2174%,9384,77645,87029,20424,5789,3595,57221
0x41651f,86.2554%,8948,56154,65102,41571,2335,6613,14583
0x40c98c,89.0547%,8444,68703,77147,61954,2491,5953,6749
0x40ef8e,85.0001%,8266,46841,55107,39018,2365,5901,7823
0x402e47,93.9995%,8219,128752,136971,119273,2479,5740,9479
0x40ccf3,97.3219%,7801,283485,291286,223768,2791,5010,59717
0x40caeb,83.7872%,7782,40217,47999,32548,2442,5340,7669
0x40f056,85.882%,7780,47327,55107,40973,2512,5268,6354
0x40ef5c,85.9981%,7716,47391,55107,45122,1586,6130,2269
0x4094d0,88.8646%,7644,61002,68646,677,6429,1215,60325
0x40b5f6,91.5385%,7364,79665,87029,73023,2054,5310,6642
0x40cfbe,72.5159%,7222,19055,26277,11545,3227,3995,7510
0x40d02e,93.8772%,7207,110500,117707,106892,1084,6123,3608
0x40cfe4,95.4044%,7085,147085,154170,141513,1321,5764,5572
0x40efc0,87.1505%,7081,48026,55107,44871,1459,5622,3155
0x40965d,79.8576%,6988,27705,34693,14210,3839,3149,13495
0x40f088,87.762%,6744,48363,55107,42595,1892,4852,5768
0x4113d4,88.4276%,6578,50264,56842,37862,2685,3893,12402
0x40f115,88.1285%,6542,48565,55107,48477,681,5861,88
0x40be1b,92.9079%,6339,83042,89381,82831,983,5356,211
0x411385,88.9779%,6317,50995,57312,42879,2124,4193,8116
0x41eea2,94.4976%,6309,108351,114660,107803,708,5601,548
0x40ce0a,76.0874%,6251,19890,26141,9941,3191,3060,9949
0x40ceec,97.3678%,5802,214626,220428,162969,2352,3450,51657
0x41ddeb,98.482%,5673,368038,373711,339932,3067,2606,28106
0x409640,90.2682%,5602,51962,57564,3221,4003,1599,48741
0x40bc89,91.6092%,5600,61140,66740,14878,3153,2447,46262
0x40f0ba,89.9541%,5536,49571,55107,44428,1553,3983,5143
0x40cf67,76.4067%,5405,17504,22909,9889,2703,2702,7615
0x40cffb,78.8337%,5223,19453,24676,17505,1594,3629,1948
0x40bc4b,82.3823%,5221,24414,29635,9967,3047,2174,14447
0x40cad7,97.34%,5107,186889,191996,141663,2334,2773,45226
0x416018,91.1028%,4903,50204,55107,20856,1438,3465,29348
0x40bb0e,91.4654%,4766,51077,55843,50259,712,4054,818
0x409e93,62.8468%,4701,7952,12653,5835,2117,2584,2117
0x416a0f,96.3966%,4585,122655,127240,122636,260,4325,19
0x41ee45,94.6469%,4542,80306,84848,80011,431,4111,295
0x411414,92.0618%,4441,51504,55945,33411,1899,2542,18093
0x40cd39,98.6505%,4330,316524,320854,241850,1544,2786,74674
0x41de07,98.863%,4230,367790,372020,334491,2175,2055,33299
0x40b6fd,91.3637%,4212,44559,48771,4496,3006,1206,40063
0x40b69d,87.9283%,4207,30643,34850,5458,2704,1503,25185
0x409e64,67.0355%,4171,8482,12653,4251,2212,1959,4231
0x416578,86.5185%,4150,26633,30783,14517,1007,3143,12116
0x402ea3,98.4596%,3872,247484,251356,10890,2313,1559,236594
0x40be26,94.2379%,3809,62295,66104,62219,437,3372,76
0x40cc58,98.4576%,3749,239309,243058,121329,2573,1176,117980
0x411450,93.3066%,3702,51606,55308,30916,1535,2167,20690
0x40b75d,91.3148%,3628,38144,41772,3803,2505,1123,34341
0x40cfab,84.5928%,3301,18124,21425,13956,1170,2131,4168
0x40cd08,95.1411%,3145,61582,64727,37304,1420,1725,24278
0x41e7cb,97.8405%,2953,133794,136747,5370,1848,1105,128424
0x416598,83.8859%,2897,15081,17978,14727,532,2365,354
0x41eee2,94.6343%,2782,49066,51848,48988,212,2570,78
0x402cbd,94.082%,2705,43003,45708,214,2375,330,42789
0x40d038,73.682%,2561,7170,9731,5241,998,1563,1929
0x4164f5,99.2088%,2546,319251,321797,13489,1768,778,305762
0x41e613,83.3009%,2487,12406,14893,8250,1078,1409,4156
0x40ca16,77.6075%,2353,8155,10508,5181,976,1377,2974
0x4a623e,96.1508%,2335,58327,60662,50965,528,1807,7362
0x40ceab,82.4122%,2288,10721,13009,5367,1264,1024,5354
0x40f1d2,62.2811%,2262,3735,5997,2897,809,1453,838
0x40ce1e,83.1424%,2193,10816,13009,1076,1539,654,9740
0x409eb5,83.5375%,2083,10570,12653,10387,575,1508,183
0x40ca24,80.7195%,2026,8482,10508,2041,1148,878,6441
0x40c995,84.467%,1973,10729,12702,4205,1178,795,6524
0x41e892,98.3238%,1923,112804,114727,4253,1137,786,108551
0x40cebb,70.2415%,1898,4480,6378,1026,1021,877,3454
0x40249c,99.2041%,1881,234452,236333,223004,617,1264,11448
0x415fc1,96.7343%,1866,55274,57140,560,1473,393,54714
0x40b609,84.4545%,1858,10094,11952,7188,705,1153,2906
0x41646f,97.2616%,1854,65849,67703,1048,1553,301,64801
0x40f1fb,56.6291%,1845,2409,4254,1251,860,985,1158
0x401ce1,96.5432%,1758,49098,50856,34244,853,905,14854
0x40b63b,91.7604%,1737,19344,21081,710,1346,391,18634
0x41ddf9,99.5462%,1696,372015,373711,0,1691,5,372015
0x40ce32,84.087%,1654,8740,10394,1897,938,716,6843
0x40ca4b,81.6049%,1639,7271,8910,1338,1027,612,5933
0x402ceb,97.3734%,1609,59648,61257,242,1200,409,59406
0x40976b,98.951%,1584,149418,151002,1,1526,58,149417
0x409733,98.9813%,1565,152062,153627,3,1474,91,152059
0x4113e4,92.0954%,1561,18187,19748,9648,848,713,8539
0x40bd04,97.0709%,1493,49478,50971,48480,421,1072,998
0x4113a4,91.6608%,1298,14267,15565,7670,715,583,6597
0x40d028,90.4277%,1296,12243,13539,3017,835,461,9226
0x41e857,99.0969%,1235,135512,136747,5953,1104,131,129559
0x40bd78,82.2595%,1217,5643,6860,4286,504,713,1357
0x411464,95.9627%,1216,28903,30119,15361,697,519,13542
0x409749,99.2093%,1203,150947,152150,1,1147,56,150946
0x416ad4,92.0223%,1200,13842,15042,13832,107,1093,10
0x416948,92.3732%,1200,14534,15734,14525,93,1107,9
0x4169eb,99.4555%,1146,209303,210449,60529,464,682,148774
0x40cfeb,90.1112%,1121,10215,11336,7098,413,708,3117
0x40ce46,85.5272%,1094,6465,7559,1963,633,461,4502
0x401d13,96.9257%,1079,34018,35097,16847,458,621,17171
0x40ca73,78.2766%,1079,3888,4967,1237,628,451,2651
0x402e4f,93.0942%,1051,14168,15219,13221,307,744,947
0x416427,96.8031%,1049,31764,32813,1343,687,362,30421
0x41ee8e,97.4973%,1034,40281,41315,25799,435,599,14482
0x41e917,99.1162%,1014,113714,114728,5237,916,98,108477
0x40f224,58.3929%,989,1388,2377,734,486,503,654
0x40954c,98.9039%,987,89058,90045,59177,726,261,29881
0x41e61c,93.5137%,966,13927,14893,7458,381,585,6469
0x4096bc,98.6742%,962,71600,72562,47403,410,552,24197
0x401d5a,98.1339%,949,49907,50856,37769,373,576,12138
0x40ca5f,86.0504%,913,5632,6545,976,602,311,4656
0x41146c,93.8411%,866,13195,14061,6882,380,486,6313
0x4169fc,99.4232%,862,148594,149456,83052,837,25,65542
0x409eba,50.7392%,833,858,1691,505,375,458,353
0x415f9c,98.6663%,817,60440,61257,3613,504,313,56827
0x40b845,83.4975%,804,4068,4872,2725,422,382,1343
0x4036f9,94.6443%,798,14102,14900,13058,86,712,1044
0x4a6247,91.3731%,791,8378,9169,4892,407,384,3486
0x4113ac,89.039%,787,6393,7180,2952,304,483,3441
0x4c4a96,89.8798%,783,6954,7737,3080,420,363,3874
0x40b94c,84.6062%,772,4243,5015,3309,296,476,934
0x40f610,66.1518%,767,1499,2266,1272,284,483,227
0x411424,97.3221%,714,25949,26663,15839,393,321,10110
0x4169dd,99.6651%,707,210422,211129,0,680,27,210422
0x41142c,93.3276%,696,9735,10431,5678,350,346,4057
0x40f666,69.5499%,690,1576,2266,1486,230,460,90
0x4113ec,92.8448%,662,8590,9252,3158,295,367,5432
0x4152e4,95.5705%,660,14240,14900,223,622,38,14017
0x41688c,99.5425%,644,140133,140777,73783,615,29,66350
0x4a5e65,96.7489%,622,18510,19132,5066,326,296,13444
0x40f1e7,73.1122%,616,1675,2291,1539,204,412,136
0x40f63e,73.2568%,606,1660,2266,1462,213,393,198
0x4024bb,94.2642%,594,9762,10356,2457,572,22,7305
0x4024b5,95.516%,570,12142,12712,1816,540,30,10326
0x4a482f,76.9734%,563,1882,2445,1823,87,476,59
0x41686d,99.7231%,561,202056,202617,0,545,16,202056
0x402c83,98.8439%,557,47623,48180,2071,401,156,45552
0x40ca87,82.2695%,550,2552,3102,718,334,216,1834
0x40ce7e,95.8337%,542,12467,13009,8913,240,302,3554
0x4a612d,94.1112%,540,8630,9170,3934,272,268,4696
0x4024c4,92.8347%,525,6802,7327,3801,142,383,3001
0x4a4119,78%,506,1794,2300,1713,116,390,81
0x40b96d,89.922%,491,4381,4872,3265,253,238,1116
0x41169f,79.8184%,489,1934,2423,1606,138,351,328
0x40f68e,79.8323%,457,1809,2266,1615,142,315,194
0x40b8c1,91.9363%,456,5199,5655,3738,192,264,1461
0x401cf4,97.2206%,438,15321,15759,11042,218,220,4279
0x40ccc4,98.8521%,432,37202,37634,888,233,199,36314
0x4a4951,93.975%,425,6629,7054,2516,264,161,4113
0x40f160,93.4618%,414,5918,6332,48,335,79,5870
0x4a48fa,94.4295%,393,6662,7055,5029,152,241,1633
0x4a64a9,92.6328%,387,4866,5253,2372,202,185,2494
0x4a5eba,96.7071%,358,10514,10872,4933,219,139,5581
0x4a5ecb,93.8112%,354,5366,5720,2568,153,201,2798
0x40f18e,94.4725%,350,5982,6332,11,301,49,5971
0x40cccc,99.1126%,324,36189,36513,2472,280,44,33717
0x4091bf,73.4861%,324,898,1222,647,120,204,251
0x4a5e9c,95.3224%,309,6297,6606,4703,118,191,1594
0x40b8df,93.7192%,306,4566,4872,3312,150,156,1254
0x40f210,86.2343%,295,1848,2143,1805,72,223,43
0x40f0cb,96.8113%,291,8835,9126,3269,201,90,5566
0x403763,97.8577%,283,12927,13210,243,254,29,12684
0x41e21f,75.7282%,275,858,1133,187,174,101,671
0x401d3b,97.7534%,272,11835,12107,5451,144,128,6384
0x402d16,99.557%,265,59550,59815,59548,18,247,2
0x40f24d,82.3293%,264,1230,1494,94,133,131,1136
0x409ed0,67.4476%,264,547,811,410,121,143,137
0x4a602d,87.7456%,262,1876,2138,1028,91,171,848
0x4a47a5,97.5368%,234,9266,9500,6978,77,157,2288
0x401d29,98.7185%,228,17564,17792,5615,70,158,11949
0x41e314,80.1412%,225,908,1133,702,112,113,206
0x40b9fd,95.4844%,220,4652,4872,668,167,53,3984
0x40b646,98.9801%,215,20866,21081,6488,106,109,14378
0x40efd1,97.6074%,210,8567,8777,2834,171,39,5733
0x4a64b6,96.0784%,206,5047,5253,1808,118,88,3239
0x4a4983,95.3673%,198,4076,4274,1961,100,98,2115
0x40b6b1,99.3477%,194,29547,29741,21473,106,88,8074
0x40f003,98.9585%,192,18243,18435,9373,127,65,8870
0x4a5cea,97.4191%,185,6983,7168,4776,98,87,2207
0x40ef6d,97.8569%,180,8219,8399,2750,138,42,5469
0x4a5c75,95.1427%,177,3467,3644,3465,34,143,2
0x40b9dc,91.798%,177,1981,2158,699,105,72,1282
0x4a5e97,98.7482%,172,13568,13740,7091,43,129,6477
0x40f099,98.3992%,170,10450,10620,4747,121,49,5703
0x4019ff,97.7016%,165,7014,7179,2594,86,79,4420
0x416d15,98.7022%,165,12549,12714,12333,33,132,216
0x40b708,99.6678%,162,48609,48771,8322,78,84,40287
0x41692b,99.4442%,160,28626,28786,7197,131,29,21429
0x4a5c55,98.5139%,159,10540,10699,6970,85,74,3570
0x40c979,99.7943%,159,77135,77294,14,133,26,77121
0x4a6004,95.1172%,150,2922,3072,814,120,30,2108
0x40ef9f,98.9435%,145,13579,13724,6019,121,24,7560
0x402e2a,99.4563%,142,25975,26117,16543,122,20,9432
0x41debb,99.9682%,136,428091,428227,428091,136,0,0
0x4a5ead,98.8536%,133,11469,11602,622,108,25,10847
0x4a49b8,98.1429%,131,6923,7054,1391,84,47,5532
0x40f067,98.8728%,131,11491,11622,5442,82,49,6049
0x4091e7,71.2088%,131,324,455,256,28,103,68
0x40f239,89.0233%,127,1030,1157,854,29,98,176
0x4a6424,97.6411%,125,5174,5299,129,101,24,5045
0x416026,99.6221%,124,32689,32813,0,114,10,32689
0x40b768,99.7055%,123,41649,41772,7769,98,25,33880
0x4a5f4d,95.5866%,120,2599,2719,750,63,57,1849
0x416abb,99.3734%,114,18080,18194,7278,73,41,10802
0x4c4aa2,97.4982%,106,4131,4237,288,76,30,3843
0x40ba84,89.517%,102,871,973,71,67,35,800
0x41e24d,92.3438%,98,1182,1280,1180,34,64,2
0x4a4088,99.4236%,97,16733,16830,1745,84,13,14988
0x4a5ff7,98.0709%,93,4728,4821,1683,66,27,3045
0x41e338,92.233%,88,1045,1133,959,31,57,86
0x409264,60.0917%,87,131,218,68,47,40,63
0x416902,99.4254%,82,14190,14272,0,79,3,14190
0x40f262,93.528%,82,1185,1267,209,42,40,976
0x4a5ee6,97.3342%,80,2921,3001,2590,34,46,331
0x4c4ab1,97.9296%,80,3784,3864,3123,26,54,661
0x4a642e,98.5007%,76,4993,5069,4713,10,66,280
0x40370f,95.8428%,73,1683,1756,1682,8,65,1
0x41e300,94.1618%,70,1129,1199,0,66,4,1129
0x4a498c,96.9272%,68,2145,2213,509,56,12,1636
0x416a82,98.4576%,67,4277,4344,0,64,3,4277
0x4c4e72,99.5984%,61,15130,15191,11315,27,34,3815
0x4a4931,96.7449%,61,1813,1874,1192,30,31,621
0x4a6146,98.8314%,58,4905,4963,4809,12,46,96
0x409203,79.9296%,57,227,284,4,43,14,223
0x41e213,95.3355%,57,1165,1222,53,36,21,1112
0x4a62c0,97.9003%,56,2611,2667,2543,16,40,68
0x40371d,18.1818%,54,12,66,0,0,54,12
0x4091f2,69.5906%,52,119,171,108,23,29,11
0x41e797,99.6139%,51,13159,13210,6116,37,14,7043
0x4a5cd0,99.5641%,46,10508,10554,3365,21,25,7143
0x4c4c56,99.628%,46,12319,12365,9208,24,22,3111
0x4c4e7f,98.8828%,43,3806,3849,3772,18,25,34
0x4bbe67,98.8841%,41,3633,3674,1807,30,11,1826
0x40922b,85.5596%,40,237,277,216,10,30,21
0x4152f4,99.7296%,38,14017,14055,14017,0,38,0
0x41606f,99.9217%,36,45962,45998,2332,30,6,43630
0x409240,84.5133%,35,191,226,1,25,10,190
0x41e1fc,97.2506%,35,1238,1273,24,27,8,1214
0x41f071,46.7742%,33,29,62,26,26,7,3
0x416acc,99.7141%,31,10812,10843,3146,31,0,7666
0x409236,41.1765%,30,21,51,5,28,2,16
0x4163fd,75.4386%,28,86,114,43,11,17,43
0x4a5f96,92.5134%,28,346,374,339,7,21,7
0x41691d,99.9063%,27,28784,28811,0,25,2,28784
0x4164fc,99.9915%,26,306514,306540,256679,16,10,49835
0x4c4c63,99.1701%,26,3107,3133,3081,13,13,26
0x4a4140,98.8696%,26,2274,2300,2268,3,23,6
0x41e261,60.6061%,26,40,66,2,13,13,38
0x416aad,99.8628%,25,18194,18219,0,25,0,18194
0x40f1b7,99.5847%,25,5995,6020,0,23,2,5995
0x4a62ca,77.7778%,24,84,108,6,10,14,78
0x41e357,97.9983%,24,1175,1199,1114,19,5,61
0x4a5f01,98.0672%,23,1167,1190,364,10,13,803
0x406377,68.0556%,23,49,72,49,22,1,0
0x4bbe2a,99.4012%,22,3652,3674,3652,22,0,0
0x4c4dc2,99.4578%,21,3852,3873,3838,11,10,14
0x4a60f6,99.6105%,21,5371,5392,2660,7,14,2711
0x402c56,98.8173%,20,1671,1691,0,0,20,1671
0x40f035,99.9032%,20,20651,20671,11006,5,15,9645
0x420186,4.7619%,20,1,21,1,18,2,0
0x4a41cb,99.8871%,19,16811,16830,15145,2,17,1666
0x4093c4,78.6517%,19,70,89,66,11,8,4
0x409279,84.3478%,18,97,115,0,16,2,97
0x401dfa,99.8584%,18,12696,12714,12696,18,0,0
0x409653,99.9751%,17,68372,68389,33693,3,14,34679
0x40279d,99.8663%,17,12697,12714,1682,10,7,11015
0x4a5d72,99.5275%,16,3370,3386,1690,15,1,1680
0x41f51e,52.9412%,16,18,34,6,10,6,12
0x420503,61.9048%,16,26,42,26,12,4,0
0x4a7dac,99.8505%,16,10683,10699,0,0,16,10683
0x404c6a,77.7778%,16,56,72,56,15,1,0
0x404bbc,79.4521%,15,58,73,58,15,0,0
0x402763,99.882%,15,12699,12714,1691,1,14,11008
0x40ca2e,99.7951%,15,7304,7319,6150,7,8,1154
0x4a418e,99.3913%,14,2286,2300,5,11,3,2281
0x4a5c87,90.3448%,14,131,145,131,14,0,0
0x4a615f,90.1408%,14,128,142,127,8,6,1
0x40479f,99.2312%,13,1678,1691,0,13,0,1678
0x41693c,99.9394%,13,21445,21458,13065,12,1,8380
0x4a4173,55.1724%,13,16,29,14,6,7,2
0x41ebf5,67.5%,13,27,40,27,11,2,0
0x40b6b6,99.902%,13,13258,13271,8156,6,7,5102
0x42032f,59.375%,13,19,32,0,4,9,19
0x4c4ba0,99.5872%,13,3136,3149,3129,4,9,7
0x402997,99.2923%,13,1824,1837,0,0,13,1824
0x420372,14.2857%,12,2,14,2,12,0,0
0x40929d,88.4615%,12,92,104,92,3,9,0
0x409e27,99.2904%,12,1679,1691,0,0,12,1679
0x41e1f0,99.1406%,11,1269,1280,1,6,5,1268
0x409302,87.6404%,11,78,89,2,5,6,76
0x4a5d19,99.5205%,11,2283,2294,2283,11,0,0
0x4a40ca,31.25%,11,5,16,4,7,4,1
0x41efeb,8.33333%,11,1,12,0,0,11,1
0x40b6a8,99.9713%,10,34840,34850,5105,4,6,29735
0x420222,52.381%,10,11,21,11,8,2,0
0x4a40ed,99.5652%,10,2290,2300,2283,3,7,7
0x41eca6,76.1905%,10,32,42,32,8,2,0
0x41fca9,58.3333%,10,14,24,13,7,3,1
0x41e9d3,59.0909%,9,13,22,11,5,4,2
0x40cd1f,99.9654%,9,25994,26003,3680,3,6,22314
0x41f04b,25%,9,3,12,0,2,7,3
0x41fbc9,62.5%,9,15,24,6,6,3,9
0x41f52f,50%,9,9,18,1,8,1,8
0x41ea77,55%,9,11,20,11,8,1,0
0x41ea3f,59.0909%,9,13,22,13,8,1,0
0x493dc1,30.7692%,9,4,13,3,9,0,1
0x40926f,91.2621%,9,94,103,94,4,5,0
0x4092b2,90.5263%,9,86,95,86,2,7,0
0x4a4157,68.9655%,9,20,29,0,0,9,20
0x41ef0c,33.3333%,8,4,12,4,8,0,0
0x4a4186,99.6522%,8,2292,2300,0,0,8,2292
0x41f0a2,33.3333%,8,4,12,0,0,8,4
0x4a5f6f,97.861%,8,366,374,366,8,0,0
0x4201b5,61.9048%,8,13,21,3,7,1,10
0x41eaff,60%,8,12,20,12,7,1,0
0x402dd8,99.5269%,8,1683,1691,0,0,8,1683
0x421dac,0%,8,0,8,0,8,0,0
0x4a4161,72.4138%,8,21,29,0,0,8,21
0x421e2a,12.5%,7,1,8,0,0,7,1
0x404b9a,90.411%,7,66,73,0,0,7,66
0x42033d,75%,7,21,28,9,5,2,12
0x420425,50%,7,7,14,5,5,2,2
0x40932c,92.1348%,7,82,89,0,4,3,82
0x41ec6f,66.6667%,7,14,21,12,7,0,2
0x409e3a,99.586%,7,1684,1691,0,0,7,1684
0x4a40a9,56.25%,7,9,16,0,0,7,9
0x4a5f94,98.1432%,7,370,377,0,3,4,370
0x4061bb,90.2778%,7,65,72,0,0,7,65
0x411662,99.7111%,7,2416,2423,0,0,7,2416
0x4a417c,33.3333%,6,3,9,0,3,3,3
0x40ce69,99.9543%,6,13126,13132,13126,6,0,0
0x420349,57.1429%,6,8,14,4,3,3,4
0x41eff0,50%,6,6,12,0,0,6,6
0x41edef,99.9546%,6,13197,13203,6145,4,2,7052
0x43e756,53.8462%,6,7,13,7,6,0,0
0x4a5cf3,99.7384%,6,2288,2294,0,0,6,2288
0x4a493a,99.0798%,6,646,652,0,4,2,646
0x49ecd9,0%,6,0,6,0,0,6,0
0x4a496d,99.8596%,6,4268,4274,0,0,6,4268
0x40b711,99.9851%,6,40365,40371,33824,4,2,6541
0x41fda9,40%,6,4,10,1,5,1,3
0x4b02e6,14.2857%,6,1,7,1,6,0,0
0x4092a8,33.3333%,6,3,9,2,6,0,1
0x4a6d0f,93.4783%,6,86,92,0,0,6,86
0x4c4dc8,75%,6,18,24,0,0,6,18
0x41f0aa,50%,6,6,12,2,0,6,4
0x41eacf,68.4211%,6,13,19,2,3,3,11
0x40b64f,99.9586%,6,14481,14487,13187,1,5,1294
0x41e290,92.4242%,5,61,66,0,0,5,61
0x4c4ba6,68.75%,5,11,16,0,5,0,11
0x49eccb,16.6667%,5,1,6,0,0,5,1
0x4093a8,94.382%,5,84,89,1,0,5,83
0x41fbe5,16.6667%,5,1,6,0,0,5,1
0x4a6139,99.8993%,5,4959,4964,0,1,4,4959
0x40373a,99.9621%,5,13205,13210,0,0,5,13205
0x4a616b,28.5714%,5,2,7,0,0,5,2
0x4165a0,99.8161%,5,2714,2719,2714,5,0,0
0x409393,94.382%,5,84,89,0,1,4,84
0x4a40b3,68.75%,5,11,16,0,0,5,11
0x4bbda7,99.8641%,5,3674,3679,3673,1,4,1
0x4a4945,99.9291%,5,7050,7055,0,1,4,7050
0x4061aa,93.0556%,5,67,72,0,0,5,67
0x41e9a7,77.2727%,5,17,22,0,0,5,17
0x4a7d73,99.9533%,5,10694,10699,0,0,5,10694
0x404bcd,93.1507%,5,68,73,68,4,1,0
0x409373,95.5056%,4,85,89,0,0,4,85
0x4061cc,94.4444%,4,68,72,68,4,0,0
0x4a648c,99.9239%,4,5249,5253,0,0,4,5249
0x4f0d24,0%,4,0,4,0,4,0,0
0x4a6405,99.9245%,4,5295,5299,0,0,4,5295
0x4a6438,99.9245%,4,5295,5299,5252,1,3,43
0x42045a,0%,4,0,4,0,4,0,0
0x4094e3,99.9955%,4,88443,88447,44865,3,1,43578
0x41fbee,33.3333%,4,2,6,2,4,0,0
0x4b02bc,42.8571%,4,3,7,1,2,2,2
0x411667,99.8349%,4,2419,2423,0,0,4,2419
0x41687b,99.998%,4,202068,202072,61294,1,3,140774
0x4a7d87,99.9626%,4,10695,10699,0,0,4,10695
0x4a6320,95.6522%,4,88,92,0,0,4,88
0x41fd17,33.3333%,4,2,6,0,0,4,2
0x4a5c2a,99.9626%,4,10695,10699,0,0,4,10695
0x409363,95.5056%,4,85,89,0,0,4,85
0x4f0cdb,0%,4,0,4,0,1,3,0
0x4b02cd,42.8571%,4,3,7,3,4,0,0
0x4a6d1e,95.6522%,4,88,92,0,0,4,88
0x44b4b6,50%,4,4,8,3,4,0,1
0x4201a3,80.9524%,4,17,21,0,0,4,17
0x42050b,0%,4,0,4,0,4,0,0
0x4a4fe7,0%,4,0,4,0,0,4,0
0x4a4fee,0%,4,0,4,0,0,4,0
0x41fcda,25%,3,1,4,0,0,3,1
0x49ed04,50%,3,3,6,0,0,3,3
0x40ccb9,99.9914%,3,34879,34882,0,0,3,34879
0x4bbdac,99.8371%,3,1839,1842,1838,3,0,1
0x43e3ca,25%,3,1,4,0,0,3,1
0x4a6078,99.8597%,3,2135,2138,2135,3,0,0
0x41e624,99.9575%,3,7051,7054,4403,3,0,2648
0x43e3bc,25%,3,1,4,1,3,0,0
0x4bbdd3,99.8371%,3,1839,1842,2,3,0,1837
0x41fe16,25%,3,1,4,1,3,0,0
0x415fa9,99.9947%,3,57137,57140,0,0,3,57137
0x41e62b,99.9617%,3,7836,7839,0,0,3,7836
0x4b024e,97.7099%,3,128,131,128,2,1,0
0x41fb77,25%,3,1,4,0,0,3,1
0x4bbde4,99.8371%,3,1839,1842,2,3,0,1837
0x41e769,99.9773%,3,13207,13210,0,0,3,13207
0x4937c2,25%,3,1,4,0,0,3,1
0x4a7dcc,99.972%,3,10696,10699,10696,3,0,0
0x4bd1f1,40%,3,2,5,0,0,3,2
0x41141c,99.9855%,3,20632,20635,0,0,3,20632
0x4a6316,96.7391%,3,89,92,0,0,3,89
0x416cf4,99.9764%,3,12711,12714,0,0,3,12711
0x40ca9b,99.8537%,3,2047,2050,2047,3,0,0
0x41fd08,70%,3,7,10,3,1,2,4
0x45a3c1,75%,3,9,12,9,3,0,0
0x4b02a9,57.1429%,3,4,7,2,1,2,2
0x40244f,99.9764%,3,12710,12713,0,0,3,12710
0x4201bc,72.7273%,3,8,11,0,0,3,8
0x45a400,75%,3,9,12,0,0,3,9
0x41fbe0,75%,3,9,12,5,1,2,4
0x459da0,25%,3,1,4,0,0,3,1
0x4bbdbc,99.8371%,3,1839,1842,1838,2,1,1
0x420397,25%,3,1,4,1,3,0,0
0x416447,99.9903%,3,30780,30783,0,0,3,30780
0x40b771,99.9912%,3,33902,33905,27980,1,2,5922
0x41fbda,75%,3,9,12,0,0,3,9
0x40caa8,99.8732%,3,2362,2365,2362,3,0,0
0x420356,57.1429%,3,4,7,4,3,0,0
0x4a6341,96.7391%,3,89,92,89,3,0,0
0x41fd42,50%,3,3,6,3,3,0,0
0x41fd29,0%,3,0,3,0,3,0,0
0x4163be,97.3684%,3,111,114,1,0,3,110
0x4a4491,0%,3,0,3,0,0,3,0
0x411cde,99.9951%,3,61254,61257,61254,3,0,0
0x493740,25%,3,1,4,1,3,0,0
0x48eb81,25%,3,1,4,0,0,3,1
0x4bbdfa,99.8914%,2,1840,1842,3,0,2,1837
0x4c31c9,50%,2,2,4,0,0,2,2
0x4a640f,99.9623%,2,5297,5299,0,0,2,5297
0x411458,99.9912%,2,22855,22857,0,0,2,22855
0x4047a9,99.8817%,2,1689,1691,0,0,2,1689
0x4203db,50%,2,2,4,0,0,2,2
0x4a6152,98.5915%,2,140,142,0,0,2,140
0x43e3a3,0%,2,0,2,0,2,0,0
0x41ec3d,0%,2,0,2,0,0,2,0
0x49eca6,71.4286%,2,5,7,1,0,2,4
0x459da9,50%,2,2,4,0,0,2,2
0x49371f,50%,2,2,4,2,2,0,0
0x46c72b,50%,2,2,4,2,2,0,0
0x4549f0,0%,2,0,2,0,0,2,0
0x4a5d53,99.9409%,2,3384,3386,3384,0,2,0
0x4f098f,50%,2,2,4,2,2,0,0
0x4a5f2b,99.9265%,2,2719,2721,0,2,0,2719
0x402701,99.5976%,2,495,497,0,0,2,495
0x4a6178,71.4286%,2,5,7,5,2,0,0
0x45f3b0,0%,2,0,2,0,0,2,0
0x4bbe6e,99.8911%,2,1835,1837,0,0,2,1835
0x4b0299,71.4286%,2,5,7,0,1,1,5
0x4b0294,71.4286%,2,5,7,0,0,2,5
0x4a4da4,0%,2,0,2,0,2,0,0
0x4a62f5,97.8261%,2,90,92,90,2,0,0
0x41147b,99.9706%,2,6797,6799,1677,2,0,5120
0x4a63c4,0%,2,0,2,0,2,0,0
0x4150c1,99.9933%,2,29791,29793,29791,2,0,0
0x402487,99.9992%,2,236331,236333,0,0,2,236331
0x4a840c,99.9789%,2,9498,9500,9498,2,0,0
0x41e633,99.9745%,2,7837,7839,4921,1,1,2916
0x46c6dc,50%,2,2,4,0,0,2,2
0x41e1c9,96.9697%,2,64,66,0,0,2,64
0x4a5e58,99.9816%,2,10870,10872,0,0,2,10870
0x45e5eb,0%,2,0,2,0,0,2,0
0x48ebb0,50%,2,2,4,0,0,2,2
0x4296f7,0%,2,0,2,0,2,0,0
0x41dc4e,99.8817%,2,1689,1691,1689,2,0,0
0x40ccd1,99.9941%,2,33759,33761,1629,2,0,32130
0x41f534,77.7778%,2,7,9,7,2,0,0
0x42032a,93.75%,2,30,32,0,0,2,30
0x49ecba,66.6667%,2,4,6,0,0,2,4
0x4a5fd3,0%,2,0,2,0,2,0,0
0x4a634b,97.8261%,2,90,92,0,1,1,90
0x404742,99.8817%,2,1689,1691,1689,1,1,0
0x41fdc0,50%,2,2,4,0,0,2,2
0x4160f6,99.9954%,2,43633,43635,0,0,2,43633
0x41fc03,83.3333%,2,10,12,10,2,0,0
0x4a4a02,0%,2,0,2,0,2,0,0
0x41ec84,0%,2,0,2,0,0,2,0
0x429714,0%,2,0,2,0,0,2,0
0x4a49e9,99.9717%,2,7053,7055,7053,0,2,0
0x404760,99.8817%,2,1689,1691,1689,2,0,0
0x41fd21,33.3333%,2,1,3,0,0,2,1
0x41ec34,0%,2,0,2,0,0,2,0
0x41fd1c,66.6667%,2,4,6,2,1,1,2
0x4061dd,97.2222%,2,70,72,70,1,1,0
0x4113bb,99.949%,2,3922,3924,468,2,0,3454
0x4162a4,99.9973%,2,73291,73293,70240,1,1,3051
0x4f13b1,50%,2,2,4,0,0,2,2
0x4bd1cd,60%,2,3,5,0,0,2,3
0x494b75,50%,2,2,4,1,0,2,1
0x416313,98.2456%,2,112,114,0,0,2,112
0x4a60d4,0%,2,0,2,0,1,1,0
0x420136,0%,2,0,2,0,0,2,0
0x45e5be,0%,2,0,2,0,0,2,0
0x45e59b,0%,2,0,2,0,0,2,0
0x495711,50%,2,2,4,0,0,2,2
0x4f3dc5,60%,2,3,5,2,2,0,1
0x404bab,97.2603%,2,71,73,0,0,2,71
0x40b655,99.9833%,2,11950,11952,6113,2,0,5837
0x41eb97,0%,2,0,2,0,0,2,0
0x45f369,0%,2,0,2,0,0,2,0
0x4f0f59,0%,2,0,2,0,2,0,0
0x422bc6,0%,2,0,2,0,0,2,0
0x454c48,0%,1,0,1,0,0,1,0
0x429e1b,0%,1,0,1,0,1,0,0
0x4a6ee1,99.9788%,1,4722,4723,0,0,1,4722
0x4945ec,50%,1,1,2,1,0,1,0
0x493b9f,0%,1,0,1,0,0,1,0
0x454c88,0%,1,0,1,0,1,0,0
0x49219a,0%,1,0,1,0,1,0,0
0x403e99,0%,1,0,1,0,1,0,0
0x4a4486,66.6667%,1,2,3,0,0,1,2
0x403776,99.9921%,1,12712,12713,12712,0,1,0
0x41e91d,99.9991%,1,108574,108575,0,1,0,108574
0x40041c,0%,1,0,1,0,1,0,0
0x4925b6,0%,1,0,1,0,1,0,0
0x420970,99.9907%,1,10696,10697,10696,1,0,0
0x400404,0%,1,0,1,0,1,0,0
0x454992,0%,1,0,1,0,0,1,0
0x4169b4,99.9989%,1,88232,88233,0,0,1,88232
0x4a61a7,0%,1,0,1,0,1,0,0
0x404a4e,0%,1,0,1,0,0,1,0
0x43f9f1,0%,1,0,1,0,1,0,0
0x4949f5,0%,1,0,1,0,1,0,0
0x48e4d1,0%,1,0,1,0,0,1,0
0x48e545,0%,1,0,1,0,0,1,0
0x494282,0%,1,0,1,0,0,1,0
0x48e46c,0%,1,0,1,0,0,1,0
0x41e784,99.9924%,1,13209,13210,13209,1,0,0
0x48e5d3,0%,1,0,1,0,1,0,0
0x403f1f,0%,1,0,1,0,1,0,0
0x492124,0%,1,0,1,0,1,0,0
0x40b776,99.9927%,1,13790,13791,6308,0,1,7482
0x403e86,0%,1,0,1,0,1,0,0
0x46c6bc,75%,1,3,4,3,1,0,0
0x49510d,0%,1,0,1,0,0,1,0
0x4549aa,50%,1,1,2,1,1,0,0
0x4a4058,99.9406%,1,1682,1683,1682,1,0,0
0x4a63eb,99.9811%,1,5298,5299,0,0,1,5298
0x492e23,0%,1,0,1,0,1,0,0
0x402949,99.9456%,1,1836,1837,0,0,1,1836
0x492e78,0%,1,0,1,0,0,1,0
0x494c3c,0%,1,0,1,0,0,1,0
0x4f3d14,0%,1,0,1,0,1,0,0
0x4f13b6,75%,1,3,4,0,0,1,3
0x405ef2,0%,1,0,1,0,1,0,0
0x4052f8,0%,1,0,1,0,1,0,0
0x4bbf0a,99.9456%,1,1836,1837,0,0,1,1836
0x402477,99.9996%,1,236333,236334,0,1,0,236333
0x4052e3,0%,1,0,1,0,1,0,0
0x4b01ac,0%,1,0,1,0,1,0,0
0x4a40d4,80%,1,4,5,0,0,1,4
0x402a5c,99.9704%,1,3383,3384,3383,1,0,0
0x49469e,0%,1,0,1,0,1,0,0
0x494a6b,0%,1,0,1,0,1,0,0
0x41fcc7,75%,1,3,4,0,0,1,3
0x455041,0%,1,0,1,0,0,1,0
0x494948,0%,1,0,1,0,0,1,0
0x4b0225,0%,1,0,1,0,0,1,0
0x41f59e,90%,1,9,10,0,1,0,9
0x49487a,0%,1,0,1,0,1,0,0
0x4947ff,0%,1,0,1,0,1,0,0
0x41f599,90%,1,9,10,0,0,1,9
0x494bbc,0%,1,0,1,0,0,1,0
0x4ace0b,0%,1,0,1,0,0,1,0
0x494695,50%,1,1,2,0,1,0,1
0x494bde,0%,1,0,1,0,1,0,0
0x49375b,75%,1,3,4,0,1,0,3
0x4f13aa,75%,1,3,4,0,0,1,3
0x4051d8,0%,1,0,1,0,0,1,0
0x4f0d17,66.6667%,1,2,3,0,0,1,2
0x41e97a,50%,1,1,2,0,0,1,1
0x4f0cfa,75%,1,3,4,1,0,1,2
0x4a60a3,50%,1,1,2,1,1,0,0
0x4201e2,90.9091%,1,10,11,10,1,0,0
0x41ecb5,50%,1,1,2,0,0,1,1
0x40c09c,0%,1,0,1,0,0,1,0
0x494518,0%,1,0,1,0,0,1,0
0x404bd9,0%,1,0,1,0,0,1,0
0x4043fb,0%,1,0,1,0,1,0,0
0x48e62c,0%,1,0,1,0,1,0,0
0x48e61e,0%,1,0,1,0,0,1,0
0x4a6c7b,0%,1,0,1,0,0,1,0
0x46c778,75%,1,3,4,3,1,0,0
0x460cd8,0%,1,0,1,0,0,1,0
0x460d09,0%,1,0,1,0,0,1,0
0x4a4049,99.9406%,1,1682,1683,0,0,1,1682
0x48e95f,0%,1,0,1,0,1,0,0
0x408c7c,0%,1,0,1,0,0,1,0
0x491b50,0%,1,0,1,0,1,0,0
0x491b2e,0%,1,0,1,0,0,1,0
0x403db4,50%,1,1,2,0,0,1,1
0x49196d,0%,1,0,1,0,1,0,0
0x491931,0%,1,0,1,0,1,0,0
0x493078,0%,1,0,1,0,0,1,0
0x48e475,0%,1,0,1,0,0,1,0
0x494aad,0%,1,0,1,0,1,0,0
0x49296a,0%,1,0,1,0,0,1,0
0x494823,0%,1,0,1,0,1,0,0
0x453344,0%,1,0,1,0,1,0,0
0x41ffc1,50%,1,1,2,1,1,0,0
0x4f2042,0%,1,0,1,0,1,0,0
0x4938b3,0%,1,0,1,0,0,1,0
0x493034,0%,1,0,1,0,1,0,0
0x40c9af,99.9863%,1,7318,7319,7318,1,0,0
0x492b43,0%,1,0,1,0,1,0,0
0x4a7dc3,99.9907%,1,10698,10699,0,0,1,10698
0x4116de,99.9587%,1,2422,2423,1744,0,1,678
0x48ec56,0%,1,0,1,0,1,0,0
0x404a3f,0%,1,0,1,0,0,1,0
0x48eb52,75%,1,3,4,0,0,1,3
0x494748,0%,1,0,1,0,0,1,0
0x48eea6,0%,1,0,1,0,1,0,0
0x48ee89,0%,1,0,1,0,0,1,0
0x48ee55,0%,1,0,1,0,0,1,0
0x402cfc,99.9983%,1,59814,59815,0,0,1,59814
0x4933e9,0%,1,0,1,0,1,0,0
0x40ca38,99.9847%,1,6544,6545,0,0,1,6544
0x48ed30,0%,1,0,1,0,1,0,0
0x4f0ef5,50%,1,1,2,1,1,0,0
0x4945a7,0%,1,0,1,0,0,1,0
0x402ad4,99.9704%,1,3383,3384,0,0,1,3383
0x494fb4,0%,1,0,1,0,0,1,0
0x49443e,0%,1,0,1,0,1,0,0
0x404b89,0%,1,0,1,0,0,1,0
0x4a62ea,98.913%,1,91,92,0,0,1,91
0x494393,0%,1,0,1,0,0,1,0
0x416339,99.1228%,1,113,114,113,0,1,0
0x40933c,98.8764%,1,88,89,3,1,0,85
0x4029a3,99.9456%,1,1836,1837,0,0,1,1836
0x48ed00,0%,1,0,1,0,1,0,0
0x459960,75%,1,3,4,3,1,0,0
0x495010,0%,1,0,1,0,1,0,0
0x4946c1,0%,1,0,1,0,1,0,0
0x4a5c95,99.3103%,1,144,145,0,0,1,144
0x404c44,0%,1,0,1,0,0,1,0
0x45e5a4,50%,1,1,2,0,0,1,1
0x493d8d,0%,1,0,1,0,0,1,0
0x493dc6,0%,1,0,1,0,1,0,0
0x493da8,92.3077%,1,12,13,1,0,1,11
0x453d7a,66.6667%,1,2,3,0,0,1,2
0x49309f,0%,1,0,1,0,1,0,0
0x48ec0e,0%,1,0,1,0,1,0,0
0x40ca05,99.9863%,1,7318,7319,0,0,1,7318
0x43fcff,0%,1,0,1,0,0,1,0
0x454988,50%,1,1,2,1,0,1,0
0x4a6236,99.9981%,1,51492,51493,0,0,1,51492
0x42a3da,0%,1,0,1,0,1,0,0
0x41eb2e,50%,1,1,2,0,0,1,1
0x43fd2c,0%,1,0,1,0,1,0,0
0x4165c3,99.9982%,1,55842,55843,0,0,1,55842
0x453d71,66.6667%,1,2,3,0,0,1,2
0x4a488e,99.9858%,1,7054,7055,7054,1,0,0
0x49572b,75%,1,3,4,2,1,0,1
0x454a22,50%,1,1,2,1,0,1,0
0x4947bf,0%,1,0,1,0,1,0,0
0x494fa9,0%,1,0,1,0,0,1,0
0x494b81,75%,1,3,4,3,0,1,0
0x43f9c9,0%,1,0,1,0,1,0,0
0x43fb7c,0%,1,0,1,0,1,0,0
0x4f13af,75%,1,3,4,0,0,1,3
0x446aa7,0%,1,0,1,0,0,1,0
0x416a90,99.9766%,1,4279,4280,0,0,1,4279
0x43faf3,0%,1,0,1,0,1,0,0
0x4a5e79,99.9927%,1,13739,13740,0,0,1,13739
0x43fb96,0%,1,0,1,0,0,1,0
0x41e199,98.4848%,1,65,66,0,0,1,65
0x446a69,0%,1,0,1,0,0,1,0
0x460bdb,0%,1,0,1,0,0,1,0
0x429f4b,0%,1,0,1,0,0,1,0
0x48e455,0%,1,0,1,0,1,0,0
0x416cbc,99.9921%,1,12713,12714,0,0,1,12713
0x42a546,0%,1,0,1,0,0,1,0
0x405243,0%,1,0,1,0,1,0,0
0x416844,99.9989%,1,88669,88670,0,0,1,88669
0x40056a,50%,1,1,2,1,1,0,0
0x4f0def,0%,1,0,1,0,1,0,0
0x4a7df0,99.9907%,1,10698,10699,0,0,1,10698
0x48e97a,0%,1,0,1,0,1,0,0
0x416278,99.9977%,1,43635,43636,0,0,1,43635
0x4bbe98,99.9891%,1,9184,9185,1836,1,0,7348
0x45994a,75%,1,3,4,3,1,0,0
0x494d6d,0%,1,0,1,0,1,0,0
0x48e597,0%,1,0,1,0,0,1,0
0x4a6274,99.863%,1,729,730,0,0,1,729
0x446a76,0%,1,0,1,0,1,0,0
0x49491a,0%,1,0,1,0,1,0,0
0x491915,0%,1,0,1,0,0,1,0
0x492e6f,0%,1,0,1,0,0,1,0
0x493a7f,0%,1,0,1,0,1,0,0
0x4201c1,90.9091%,1,10,11,10,1,0,0
0x40bc73,99.9985%,1,66739,66740,0,0,1,66739
0x4a5f8b,66.6667%,1,2,3,0,0,1,2
0x40c0a4,0%,1,0,1,0,0,1,0
0x420344,92.8571%,1,13,14,0,0,1,13
0x406354,50%,1,1,2,0,1,0,1
0x429dc7,0%,1,0,1,0,1,0,0
0x446a3e,50%,1,1,2,0,0,1,1
0x43fc63,0%,1,0,1,0,0,1,0
0x43fc6e,0%,1,0,1,0,0,1,0
0x495120,0%,1,0,1,0,1,0,0
0x491922,0%,1,0,1,0,0,1,0
0x404729,99.9409%,1,1690,1691,1690,1,0,0
0x41ede6,99.9924%,1,13202,13203,0,0,1,13202
0x43fca4,0%,1,0,1,0,1,0,0
0x460c90,0%,1,0,1,0,1,0,0
0x4a49f5,50%,1,1,2,1,1,0,0
0x40c1b8,0%,1,0,1,0,0,1,0
0x495463,0%,1,0,1,0,1,0,0
0x4169c0,99.9989%,1,88232,88233,0,0,1,88232
0x4929bd,0%,1,0,1,0,0,1,0
0x460c1e,0%,1,0,1,0,1,0,0
0x460b0f,0%,1,0,1,0,0,1,0
0x454a9a,0%,1,0,1,0,1,0,0
0x460c5f,0%,1,0,1,0,0,1,0
0x460c68,0%,1,0,1,0,0,1,0
0x4a7d9b,99.9907%,1,10698,10699,10698,1,0,0
0x455058,0%,1,0,1,0,0,1,0
0x4052d1,0%,1,0,1,0,1,0,0
0x4550a7,0%,1,0,1,0,1,0,0
0x40b716,99.9933%,1,14942,14943,7502,0,1,7440
0x42a3b0,0%,1,0,1,0,1,0,0
0x4552fa,0%,1,0,1,0,0,1,0
0x42a326,0%,1,0,1,0,0,1,0
0x45531c,0%,1,0,1,0,1,0,0
0x48ecd7,0%,1,0,1,0,0,1,0
0x49297a,0%,1,0,1,0,1,0,0
0x494b62,66.6667%,1,2,3,0,0,1,2
0x48ec2f,0%,1,0,1,0,1,0,0
0x4f0e12,0%,1,0,1,0,0,1,0
0x40c164,0%,1,0,1,0,1,0,0
0x494a41,0%,1,0,1,0,0,1,0
0x42a35d,0%,1,0,1,0,0,1,0
0x48ebd6,75%,1,3,4,1,0,1,2
0x41690e,100%,0,14193,14193,0,0,0,14193
0x494b1c,100%,0,1,1,0,0,0,1
0x4a49a3,100%,0,7054,7054,0,0,0,7054
0x4a4779,100%,0,9500,9500,0,0,0,9500
0x40ce5a,100%,0,4963,4963,4963,0,0,0
0x4a48e2,100%,0,7055,7055,0,0,0,7055
0x493218,100%,0,1,1,0,0,0,1
0x4939f7,100%,0,1,1,1,0,0,0
0x4026c7,100%,0,497,497,0,0,0,497
0x45d73b,100%,0,2,2,0,0,0,2
0x45d744,100%,0,2,2,0,0,0,2
0x493733,100%,0,4,4,0,0,0,4
0x45e5f4,100%,0,2,2,0,0,0,2
0x494915,100%,0,1,1,0,0,0,1
0x4a4783,100%,0,9500,9500,0,0,0,9500
0x41e988,100%,0,2,2,1,0,0,1
0x4947de,100%,0,1,1,0,0,0,1
0x4a4f64,100%,0,565,565,0,0,0,565
0x460ad6,100%,0,1,1,0,0,0,1
0x459d40,100%,0,4,4,0,0,0,4
0x4acdf8,100%,0,1,1,0,0,0,1
0x4a8403,100%,0,9500,9500,0,0,0,9500
0x40477b,100%,0,1691,1691,0,0,0,1691
0x4a4478,100%,0,3,3,0,0,0,3
0x4043d5,100%,0,1,1,1,0,0,0
0x40c1a2,100%,0,1,1,1,0,0,0
0x4f0924,100%,0,1,1,1,0,0,0
0x4a48ab,100%,0,7055,7055,0,0,0,7055
0x493d07,100%,0,1,1,1,0,0,0
0x459db9,100%,0,4,4,4,0,0,0
0x4a4963,100%,0,4274,4274,0,0,0,4274
0x491908,100%,0,1,1,0,0,0,1
0x416183,100%,0,43635,43635,0,0,0,43635
0x494431,100%,0,1,1,0,0,0,1
0x49519a,100%,0,1,1,1,0,0,0
0x45f229,100%,0,2,2,0,0,0,2
0x494528,100%,0,1,1,0,0,0,1
0x4c4b58,100%,0,3873,3873,3873,0,0,0
0x4a4c05,100%,0,7055,7055,0,0,0,7055
0x48e47f,100%,0,1,1,0,0,0,1
0x4a4bf0,100%,0,7055,7055,7055,0,0,0
0x4a491b,100%,0,1874,1874,0,0,0,1874
0x4a83ea,100%,0,9500,9500,0,0,0,9500
0x49458e,100%,0,1,1,1,0,0,0
0x4a4fd9,100%,0,4,4,0,0,0,4
0x4a48d4,100%,0,7055,7055,0,0,0,7055
0x4f0f46,100%,0,2,2,0,0,0,2
0x41ff5e,100%,0,4,4,0,0,0,4
0x4163a0,100%,0,1,1,0,0,0,1
0x41f2b5,100%,0,2,2,2,0,0,0
0x4a4f6b,100%,0,565,565,0,0,0,565
0x4a6c94,100%,0,1,1,0,0,0,1
0x4a4cbe,100%,0,7055,7055,0,0,0,7055
0x4a5d2d,100%,0,8561,8561,0,0,0,8561
0x422be1,100%,0,2,2,0,0,0,2
0x4bbed8,100%,0,1837,1837,1837,0,0,0
0x494c25,100%,0,1,1,0,0,0,1
0x40248c,100%,0,236333,236333,0,0,0,236333
0x49518b,100%,0,1,1,0,0,0,1
0x494624,100%,0,1,1,0,0,0,1
0x404757,100%,0,1691,1691,0,0,0,1691
0x4956f0,100%,0,1,1,0,0,0,1
0x454c1e,100%,0,1,1,0,0,0,1
0x4bbf14,100%,0,1837,1837,0,0,0,1837
0x4a4cd7,100%,0,7055,7055,7055,0,0,0
0x4a6d29,100%,0,92,92,0,0,0,92
0x405269,100%,0,1,1,1,0,0,0
0x41edf9,100%,0,7054,7054,2648,0,0,4406
0x494a49,100%,0,1,1,0,0,0,1
0x422bfc,100%,0,2,2,0,0,0,2
0x41fce7,100%,0,4,4,0,0,0,4
0x49547e,100%,0,1,1,1,0,0,0
0x4a4cca,100%,0,7055,7055,0,0,0,7055
0x494bc6,100%,0,1,1,0,0,0,1
0x41f5b2,100%,0,9,9,9,0,0,0
0x4a6ef7,100%,0,4723,4723,0,0,0,4723
0x4a4795,100%,0,9500,9500,0,0,0,9500
0x42011d,100%,0,2,2,0,0,0,2
0x41fec5,100%,0,4,4,4,0,0,0
0x4a83f3,100%,0,9500,9500,0,0,0,9500
0x48e5a4,100%,0,1,1,1,0,0,0
0x446a53,100%,0,2,2,1,0,0,1
0x41f5e4,100%,0,9,9,9,0,0,0
0x43f9b3,100%,0,1,1,0,0,0,1
0x40478d,100%,0,1691,1691,0,0,0,1691
0x493d93,100%,0,1,1,1,0,0,0
0x429dae,100%,0,1,1,0,0,0,1
0x404c0f,100%,0,1,1,1,0,0,0
0x41620b,100%,0,43635,43635,0,0,0,43635
0x4920ef,100%,0,1,1,0,0,0,1
0x459935,100%,0,4,4,0,0,0,4
0x43e343,100%,0,2,2,2,0,0,0
0x494af3,100%,0,1,1,0,0,0,1
0x4a47e9,100%,0,2445,2445,2445,0,0,0
0x41ebc0,100%,0,2,2,0,0,0,2
0x494618,100%,0,1,1,0,0,0,1
0x4944d3,100%,0,1,1,1,0,0,0
0x41eb6f,100%,0,2,2,2,0,0,0
0x41143b,100%,0,4403,4403,637,0,0,3766
0x494ba3,100%,0,1,1,0,0,0,1
0x491b04,100%,0,1,1,0,0,0,1
0x4937b2,100%,0,4,4,0,0,0,4
0x42034e,100%,0,7,7,0,0,0,7
0x4947b9,100%,0,1,1,0,0,0,1
0x404411,100%,0,1,1,0,0,0,1
0x454fdd,100%,0,2,2,2,0,0,0
0x4c31a4,100%,0,4,4,0,0,0,4
0x494c06,100%,0,1,1,1,0,0,0
0x460c80,100%,0,1,1,0,0,0,1
0x49495e,100%,0,1,1,1,0,0,0
0x49424e,100%,0,1,1,0,0,0,1
0x48e975,100%,0,1,1,0,0,0,1
0x4a48f0,100%,0,7055,7055,0,0,0,7055
0x403dde,100%,0,2,2,1,0,0,1
0x4a48c3,100%,0,7055,7055,0,0,0,7055
0x41e365,100%,0,66,66,0,0,0,66
0x402905,100%,0,1837,1837,0,0,0,1837
0x48e60f,100%,0,1,1,1,0,0,0
0x43fb69,100%,0,1,1,1,0,0,0
0x494544,100%,0,1,1,0,0,0,1
0x455011,100%,0,2,2,2,0,0,0
0x4a47da,100%,0,2445,2445,0,0,0,2445
0x48e64f,100%,0,1,1,0,0,0,1
0x4115ec,100%,0,2423,2423,2423,0,0,0
0x48e523,100%,0,1,1,0,0,0,1
0x48e58b,100%,0,1,1,1,0,0,0
0x4a4cea,100%,0,7055,7055,0,0,0,7055
0x494648,100%,0,1,1,0,0,0,1
0x402ad9,100%,0,3384,3384,0,0,0,3384
0x421ce0,100%,0,2,2,2,0,0,0
0x43fd66,100%,0,1,1,1,0,0,0
0x45d75e,100%,0,2,2,0,0,0,2
0x42a541,100%,0,1,1,0,0,0,1
0x48e534,100%,0,1,1,1,0,0,0
0x48e666,100%,0,1,1,0,0,0,1
0x403753,100%,0,13210,13210,0,0,0,13210
0x41e861,100%,0,129690,129690,0,0,0,129690
0x4029de,100%,0,1837,1837,0,0,0,1837
0x48e50d,100%,0,1,1,0,0,0,1
0x41e7b2,100%,0,136747,136747,0,0,0,136747
0x42a340,100%,0,1,1,0,0,0,1
0x42a34d,100%,0,1,1,0,0,0,1
0x40290a,100%,0,1837,1837,0,0,0,1837
0x4047b0,100%,0,1691,1691,1691,0,0,0
0x4a635e,100%,0,91,91,0,0,0,91
0x493367,100%,0,1,1,1,0,0,0
0x4a47c8,100%,0,2445,2445,0,0,0,2445
0x402481,100%,0,236333,236333,0,0,0,236333
0x416853,100%,0,88670,88670,0,0,0,88670
0x45333a,100%,0,1,1,0,0,0,1
0x49218d,100%,0,1,1,1,0,0,0
0x43fb5c,100%,0,1,1,1,0,0,0
0x402b50,100%,0,3384,3384,0,0,0,3384
0x4061e6,100%,0,1,1,0,0,0,1
0x4a4f56,100%,0,565,565,0,0,0,565
0x4c4b4e,100%,0,3873,3873,0,0,0,3873
0x4a7de7,100%,0,10699,10699,0,0,0,10699
0x494a59,100%,0,1,1,0,0,0,1
0x4c4a98,100%,0,4237,4237,0,0,0,4237
0x402b11,100%,0,3384,3384,0,0,0,3384
0x48e777,100%,0,4,4,0,0,0,4
0x48ed80,100%,0,1,1,1,0,0,0
0x48e690,100%,0,1,1,0,0,0,1
0x43fa37,100%,0,1,1,1,0,0,0
0x4c4bfb,100%,0,3133,3133,0,0,0,3133
0x4113fb,100%,0,5799,5799,897,0,0,4902
0x4bbec2,100%,0,7348,7348,7348,0,0,0
0x45503a,100%,0,1,1,0,0,0,1
0x4a6ef0,100%,0,4723,4723,0,0,0,4723
0x41e87d,100%,0,114727,114727,0,0,0,114727
0x4a6337,100%,0,92,92,0,0,0,92
0x454c37,100%,0,1,1,0,0,0,1
0x454c72,100%,0,1,1,0,0,0,1
0x45532b,100%,0,1,1,1,0,0,0
0x421a93,100%,0,9498,9498,0,0,0,9498
0x48ebc4,100%,0,4,4,0,0,0,4
0x48e682,100%,0,1,1,0,0,0,1
0x43fa42,100%,0,1,1,1,0,0,0
0x4bbe19,100%,0,1839,1839,0,0,0,1839
0x4a484f,100%,0,2445,2445,2445,0,0,0
0x44b711,100%,0,1,1,1,0,0,0
0x4a478d,100%,0,9500,9500,0,0,0,9500
0x454fd4,100%,0,2,2,0,0,0,2
0x406118,100%,0,1,1,0,0,0,1
0x42a368,100%,0,1,1,0,0,0,1
0x403f3d,100%,0,1,1,0,0,0,1
0x403eeb,100%,0,1,1,1,0,0,0
0x460c13,100%,0,1,1,0,0,0,1
0x403ed2,100%,0,1,1,1,0,0,0
0x403e73,100%,0,1,1,0,0,0,1
0x45504d,100%,0,1,1,1,0,0,0
0x4a52a3,100%,0,7055,7055,7055,0,0,0
0x40619b,100%,0,1,1,0,0,0,1
0x494bfe,100%,0,1,1,0,0,0,1
0x460c73,100%,0,1,1,0,0,0,1
0x44b7ff,100%,0,1,1,1,0,0,0
0x402747,100%,0,12714,12714,0,0,0,12714
0x406113,100%,0,1,1,0,0,0,1
0x4c4b02,100%,0,3149,3149,3149,0,0,0
0x45a40e,100%,0,12,12,12,0,0,0
0x4a7ddb,100%,0,10699,10699,0,0,0,10699
0x4552ff,100%,0,1,1,0,0,0,1
0x4a48b7,100%,0,7055,7055,7055,0,0,0
0x41e1bb,100%,0,66,66,0,0,0,66
0x4c4af8,100%,0,3149,3149,0,0,0,3149
0x4a4834,100%,0,535,535,535,0,0,0
0x494753,100%,0,1,1,1,0,0,0
0x43fd06,100%,0,1,1,1,0,0,0
0x49210e,100%,0,1,1,0,0,0,1
0x44b76e,100%,0,1,1,1,0,0,0
0x4a7df5,100%,0,10699,10699,0,0,0,10699
0x45f3b9,100%,0,2,2,0,0,0,2
0x4918f0,100%,0,1,1,0,0,0,1
0x48e4df,100%,0,1,1,1,0,0,0
0x4f0e21,100%,0,1,1,1,0,0,0
0x402b34,100%,0,3384,3384,3384,0,0,0
0x4a5ef8,100%,0,1190,1190,0,0,0,1190
0x4a4859,100%,0,2445,2445,0,0,0,2445
0x493cc8,100%,0,1,1,1,0,0,0
0x493cbb,100%,0,1,1,0,0,0,1
0x4938e4,100%,0,1,1,1,0,0,0
0x494956,100%,0,1,1,0,0,0,1
0x494306,100%,0,1,1,0,0,0,1
0x45e60e,100%,0,2,2,0,0,0,2
0x4a47b7,100%,0,2445,2445,0,0,0,2445
0x49471b,100%,0,1,1,0,0,0,1
0x4a4807,100%,0,2445,2445,0,0,0,2445
0x41138d,100%,0,12309,12309,0,0,0,12309
0x4a6447,100%,0,46,46,0,0,0,46
0x49439c,100%,0,1,1,0,0,0,1
0x402824,100%,0,1837,1837,1837,0,0,0
0x494314,100%,0,1,1,1,0,0,0
0x48e674,100%,0,1,1,0,0,0,1
0x4a485e,100%,0,2445,2445,1910,0,0,535
0x4942f6,100%,0,1,1,0,0,0,1
0x4a5e86,100%,0,13740,13740,0,0,0,13740
0x40286c,100%,0,1837,1837,1837,0,0,0
0x4a628d,100%,0,145,145,145,0,0,0
0x45f220,100%,0,2,2,0,0,0,2
0x4f0945,100%,0,1,1,0,0,0,1
0x4c4e1b,100%,0,3849,3849,0,0,0,3849
0x4024f8,100%,0,2356,2356,0,0,0,2356
0x48ed39,100%,0,1,1,1,0,0,0
0x49249b,100%,0,1,1,1,0,0,0
0x43fc8f,100%,0,1,1,0,0,0,1
0x48ecf7,100%,0,1,1,0,0,0,1
0x4921cf,100%,0,1,1,1,0,0,0
0x4921c2,100%,0,1,1,0,0,0,1
0x4921b4,100%,0,1,1,0,0,0,1
0x4bbef9,100%,0,1837,1837,0,0,0,1837
0x4a63b7,100%,0,2,2,0,0,0,2
0x43fdb4,100%,0,1,1,1,0,0,0
0x402508,100%,0,5385,5385,0,0,0,5385
0x492a84,100%,0,1,1,0,0,0,1
0x48edf3,100%,0,1,1,1,0,0,0
0x4113dc,100%,0,16295,16295,0,0,0,16295
0x404bed,100%,0,1,1,0,0,0,1
0x453d92,100%,0,3,3,3,0,0,0
0x494bac,100%,0,1,1,0,0,0,1
0x4a4882,100%,0,7055,7055,0,0,0,7055
0x43fcdd,100%,0,1,1,1,0,0,0
0x45f360,100%,0,2,2,0,0,0,2
0x492aad,100%,0,1,1,0,0,0,1
0x4a4863,100%,0,535,535,535,0,0,0
0x454c4d,100%,0,1,1,0,0,0,1
0x492b33,100%,0,1,1,0,0,0,1
0x492a9d,100%,0,1,1,1,0,0,0
0x4116c2,100%,0,2423,2423,2423,0,0,0
0x4204c7,100%,0,4,4,0,0,0,4
0x4929ce,100%,0,1,1,0,0,0,1
0x4a5cfe,100%,0,2294,2294,0,0,0,2294
0x4f0f1c,100%,0,2,2,2,0,0,0
0x41ea9c,100%,0,1,1,0,0,0,1
0x42018b,100%,0,2,2,0,0,0,2
0x4a4911,100%,0,1874,1874,0,0,0,1874
0x49308c,100%,0,1,1,0,0,0,1
0x404bfe,100%,0,1,1,0,0,0,1
0x4a5d64,100%,0,2,2,2,0,0,0
0x48ed77,100%,0,1,1,0,0,0,1
0x43fc87,100%,0,1,1,1,0,0,0
