Branch PC,Accuracy,Mispredictions,Correct Predictions,Total,dir_t_pred_t,dir_t_pred_nt,dir_nt_pred_t,dir_nt_pred_nt
aggregate,90.2748%,2083259,19337976,21421235,9731065,851198,1232061,9606911
0x40bda5,74.1903%,99336,285542,384878,253395,26439,72897,32147
0x41683b,49.9102%,89522,89201,178723,44827,44957,44565,44374
0x40971d,71.4943%,78755,197523,276278,141158,31659,47096,56365
0x40cc3f,79.8529%,62994,249676,312670,224952,18111,44883,24724
0x40cf70,71.8892%,61966,158469,220435,139451,16746,45220,19018
0x40c966,74.3379%,61902,179318,241220,109486,27480,34422,69832
0x4164ea,87.5702%,58362,411171,469533,33497,45926,12436,377674
0x41ee6f,63.8162%,49527,87349,136876,79450,11875,37652,7899
0x40bbbf,67.0958%,48206,98298,146504,47322,25221,22985,50976
0x40cdd3,82.0022%,44890,204530,249420,171478,11379,33511,33052
0x40bbb6,80.7384%,44677,187271,231948,57838,27606,17071,129433
0x40be17,60.6175%,41369,63675,105044,20909,24519,16850,42766
0x40cfb4,77.5931%,36981,128062,165043,117876,8872,28109,10186
0x416298,68.248%,36351,78133,114484,16357,25855,10496,61776
0x40ccb5,89.6139%,35078,302662,337740,288906,7244,27834,13756
0x409544,78.5974%,30896,113460,144356,12255,22980,7916,101205
0x40f70f,67.3927%,29970,61942,91912,43536,11716,18254,18406
0x40f6e4,69.5448%,27992,63920,91912,21683,16979,11013,42237
0x40cff1,80.0682%,26411,106096,132507,99326,6141,20270,6770
0x40bcb7,88.6759%,26266,205682,231948,164953,9008,17258,40729
0x416416,73.0765%,25828,70103,95931,41222,13044,12784,28881
0x402e0b,72.659%,25756,68447,94203,24377,14069,11687,44070
0x41ee22,66.7098%,25193,50484,75677,47003,5125,20068,3481
0x40f73a,73.0394%,24780,67132,91912,52468,8534,16246,14664
0x41136c,84.5388%,24200,132321,156521,74185,8545,15655,58136
0x416558,75.73%,22682,70775,93457,45432,8443,14239,25343
0x40cc72,80.817%,21498,90570,112068,12999,13316,8182,77571
0x40f765,76.7027%,21413,70499,91912,61785,6052,15361,8714
0x40b796,78.5744%,19803,72624,92427,17540,12474,7329,55084
0x409489,72.9514%,18904,50985,69889,5373,14876,4028,45612
0x402c7e,69.755%,18800,43359,62159,18848,10426,8374,24511
0x41651f,80.1517%,18243,73669,91912,52730,4916,13327,20939
0x41eec2,65.7821%,17832,34281,52113,31405,3963,13869,2876
0x40b6d4,81.157%,17416,75011,92427,69556,3612,13804,5455
0x40d02e,85.1825%,16973,97574,114547,89287,4069,12904,8287
0x4096b4,79.3533%,16825,64665,81490,9456,11176,5649,55209
0x40cf60,93.1322%,16693,226370,243063,217565,2870,13823,8805
0x40b676,82.1567%,16492,75935,92427,70811,3616,12876,5124
0x40b5f6,82.451%,16220,76207,92427,67345,4510,11710,8862
0x40cded,76.0392%,15949,50614,66563,42807,4769,11180,7807
0x40c98c,84.8425%,15797,88422,104219,80385,4097,11700,8037
0x40b734,83.0288%,15686,76741,92427,72415,3109,12577,4326
0x411488,89.8359%,15404,136149,151553,118080,4259,11145,18069
0x40bc9b,73.7009%,15325,42947,58272,11504,9689,5636,31443
0x40ef8e,76.3307%,14759,47596,62355,35564,5436,9323,12032
0x402e1a,73.5477%,14749,41008,55757,32788,5420,9329,8220
0x40cfa4,92.1715%,14218,167400,181618,162830,2213,12005,4570
0x40caeb,77.3219%,13676,46629,60305,36918,4400,9276,9711
0x40f024,78.8485%,13189,49166,62355,41674,3801,9388,7492
0x40f088,78.9592%,13120,49235,62355,38024,4424,8696,11211
0x40ccf3,95.7147%,12691,283460,296151,222636,4230,8461,60824
0x40bbd7,82.987%,12583,61378,73961,58039,2925,9658,3339
0x40eff2,80.7425%,12008,50347,62355,44650,3205,8803,5697
0x4094ed,72.8097%,11992,32112,44104,29691,2776,9216,2421
0x41ddeb,95.3755%,11886,245137,257023,228425,5534,6352,16712
0x40ce0a,70.3823%,11473,27264,38737,13932,5818,5655,13332
0x4094d0,83.7943%,11326,58563,69889,2841,9343,1983,55722
0x40cf7a,82.445%,11277,52961,64238,49480,2657,8620,3481
0x4095f9,72.707%,11156,29719,40875,5721,6956,4200,23998
0x40cfe4,92.4504%,11124,136222,147346,130577,1930,9194,5645
0x40ef5c,82.7231%,10773,51582,62355,49967,1584,9189,1615
0x4113d4,85.5935%,10568,62788,73356,43191,4547,6021,19597
0x41de07,95.8907%,10514,245346,255860,228695,4371,6143,16651
0x411385,85.8086%,10472,63319,73791,46581,3691,6781,16738
0x402e47,89.1585%,10213,83990,94203,81772,1964,8249,2218
0x40ceec,96.0023%,9971,239449,249420,183518,3547,6424,55931
0x40cfbe,74.0854%,9924,28371,38295,25233,2774,7150,3138
0x40f056,84.6909%,9546,52809,62355,49652,1961,7585,3157
0x40f0ba,86.3187%,8531,53824,62355,46535,2240,6291,7289
0x40cffb,69.0754%,8362,18678,27040,14050,2961,5401,4628
0x416895,90.5741%,7961,76498,84459,75840,873,7088,658
0x40cad7,96.7067%,7944,233276,241220,177857,3058,4886,55419
0x40efc0,87.8839%,7555,54800,62355,52334,1524,6031,2466
0x411414,89.6034%,7539,64975,72514,47306,3298,4241,17669
0x40d021,94.0286%,7474,117690,125164,113282,1265,6209,4408
0x416018,88.0603%,7445,54910,62355,17868,2662,4783,37042
0x40be1b,87.8556%,7240,52376,59616,51917,1255,5985,459
0x40b6fd,89.6264%,7041,60833,67874,1694,5669,1372,59139
0x40cd39,97.979%,6658,322791,329449,249602,2385,4273,73189
0x416598,75.5325%,6617,20427,27044,19316,1268,5349,1111
0x416578,83.5708%,6503,33079,39582,17568,1430,5073,15511
0x40b69d,87.8491%,6465,46741,53206,3223,4908,1557,43518
0x40965d,74.9535%,6461,19335,25796,15281,2275,4186,4054
0x40f115,89.6384%,6461,55894,62355,55749,558,5903,145
0x40bc89,91.2645%,6337,66206,72543,10418,3853,2484,55788
0x40bc4b,72.1009%,6272,16209,22481,5733,3751,2521,10476
0x409640,85.1939%,6052,34823,40875,1991,4370,1682,32832
0x40d038,72.9697%,5728,15463,21191,7804,3096,2632,7659
0x40b75d,89.772%,5550,48713,54263,1482,4564,986,47231
0x40b63b,87.5377%,5377,37769,43146,3453,3773,1604,34316
0x40cc58,97.8162%,5308,237755,243063,108394,3674,1634,129361
0x40cd08,92.3548%,5297,63988,69285,32221,2882,2415,31767
0x40cf67,77.4748%,5097,17531,22628,10654,2666,2431,6877
0x411450,92.9743%,4967,65731,70698,47533,1619,3348,18198
0x40bb0e,92.1428%,4934,57862,62796,57448,539,4395,414
0x402ea3,98.2771%,4560,260106,264666,3919,3120,1440,256187
0x40cfab,74.365%,4249,12326,16575,8525,1785,2464,3801
0x40ce1e,79.2332%,3943,15044,18987,1450,2786,1157,13594
0x41eea2,97.2391%,3779,133097,136876,133068,188,3591,29
0x416a0f,95.853%,3567,82448,86015,82439,173,3394,9
0x40ce32,75.8254%,3566,11185,14751,2301,2258,1308,8884
0x4164f5,99.2414%,3562,465971,469533,22181,2339,1223,443790
0x40ceab,81.4031%,3531,15456,18987,11219,1338,2193,4237
0x40c995,82.9609%,3363,16374,19737,6911,1929,1434,9463
0x409e93,60.9564%,3323,5188,8511,4024,1356,1967,1164
0x40b609,83.9782%,3296,17276,20572,15999,863,2433,1277
0x409e64,64.7515%,3000,5511,8511,4334,1217,1783,1177
0x40ca16,79.2334%,2996,11431,14427,8606,1039,1957,2825
0x40ca4b,77.9406%,2995,10582,13577,1526,1959,1036,9056
0x40ca24,81.2227%,2709,11718,14427,1898,1632,1077,9820
0x40f1d2,57.2724%,2638,3536,6174,1621,1324,1314,1915
0x4113e4,91.7374%,2610,28978,31588,18200,1328,1282,10778
0x41e7cb,98.0171%,2532,125157,127689,6103,1473,1059,119054
0x40cfeb,83.2873%,2480,12359,14839,8811,857,1623,3548
0x4113a4,91.5217%,2369,25573,27942,15278,1345,1024,10295
0x409733,97.7305%,2348,101113,103461,10,2227,121,101103
0x411424,91.5133%,2328,25103,27431,13369,1444,884,11734
0x40ce46,77.6295%,2280,7912,10192,5140,941,1339,2772
0x41ee45,97.2977%,2045,73632,75677,73591,66,1979,41
0x41e892,98.5431%,1992,134737,136729,5283,1139,853,129454
0x40cebb,70.6065%,1890,4540,6430,466,1008,882,4074
0x41e613,78.0167%,1789,6349,8138,4122,705,1084,2227
0x40ca5f,82.4019%,1776,8316,10092,2428,1060,716,5888
0x4a623e,96.2747%,1773,45820,47593,42849,307,1466,2971
0x41ee8e,96.1472%,1755,43796,45551,25965,816,939,17831
0x411464,93.7317%,1731,25884,27615,13728,880,851,12156
0x40be26,96.3128%,1675,43753,45428,43728,98,1577,25
0x41142c,87.8269%,1536,11082,12618,4751,770,766,6331
0x41646f,98.4453%,1453,92004,93457,301,1244,209,91703
0x416427,96.5595%,1439,40386,41825,1094,1149,290,39292
0x41eee2,97.2406%,1438,50675,52113,50660,54,1384,15
0x40b845,70.1185%,1437,3372,4809,1987,641,796,1385
0x402d3d,64.9608%,1431,2653,4084,1430,740,691,1223
0x409eb5,83.1982%,1430,7081,8511,6994,354,1076,87
0x4113ac,87.6844%,1394,9925,11319,3934,489,905,5991
0x40bd04,97.6029%,1390,56597,57987,56506,148,1242,91
0x40ca87,69.675%,1381,3173,4554,1219,765,616,1954
0x4169eb,99.2074%,1363,170600,171963,39778,692,671,130822
0x41146c,89.744%,1334,11673,13007,5470,599,735,6203
0x40ca73,80.2392%,1305,5299,6604,1160,890,415,4139
0x40954c,98.8242%,1283,107838,109121,73425,1042,241,34413
0x40f1fb,63.6364%,1280,2240,3520,1949,373,907,291
0x401ce1,95.5728%,1249,26963,28212,19515,486,763,7448
0x415fc1,98.1474%,1179,62461,63640,355,930,249,62106
0x41ddf9,99.544%,1172,255851,257023,0,1163,9,255851
0x402e4f,89.1086%,1140,9327,10467,9074,230,910,253
0x4113ec,90.6882%,1123,10937,12060,5593,377,746,5344
0x415f9c,98.3364%,1102,65141,66243,1819,784,318,63322
0x40b8c1,86.0719%,1046,6464,7510,4942,387,659,1522
0x40249c,98.733%,1003,78161,79164,71973,175,828,6188
0x4a4140,90.6555%,948,9197,10145,468,770,178,8729
0x40ce7e,95.044%,941,18046,18987,10672,519,422,7374
0x40f224,65.0288%,911,1694,2605,546,569,342,1148
0x4096bc,98.5244%,898,59960,60858,40212,403,495,19748
0x402ceb,98.5601%,895,61264,62159,48,787,108,61216
0x40d028,91.5795%,894,9723,10617,2157,648,246,7566
0x40bd78,78.2322%,857,3080,3937,2229,375,482,851
0x409749,99.182%,828,100396,101224,1,796,32,100395
0x401d5a,97.0934%,820,27392,28212,20827,332,488,6565
0x41e857,99.3719%,802,126887,127689,2625,791,11,124262
0x41e61c,90.1696%,800,7338,8138,3476,486,314,3862
0x4c4a96,88.1612%,790,5883,6673,3211,327,463,2672
0x40f63e,72.7368%,777,2073,2850,2016,132,645,57
0x4a418e,92.4988%,761,9384,10145,423,655,106,8961
0x401d13,96.3352%,733,19268,20001,15503,265,468,3765
0x40f68e,75.193%,707,2143,2850,2031,140,567,112
0x402cbd,97.9037%,685,31991,32676,36,634,51,31955
0x416948,92.8324%,684,8859,9543,8857,50,634,2
0x41e917,99.5114%,668,136061,136729,2952,664,4,133109
0x40976b,99.3707%,632,99795,100427,1,589,43,99794
0x4a6247,85.7561%,632,3805,4437,3020,230,402,785
0x40f1e7,80.5822%,627,2602,3229,2563,91,536,39
0x416ad4,93.4657%,612,8754,9366,8754,41,571,0
0x40f610,78.6316%,609,2241,2850,2183,119,490,58
0x409eba,51.3328%,566,597,1163,421,215,351,176
0x40b9dc,69.9546%,530,1234,1764,722,264,266,512
0x41688c,99.5883%,515,124577,125092,80715,478,37,43862
0x40f666,82.4561%,500,2350,2850,2297,137,363,53
0x4169fc,99.6213%,498,130995,131493,85899,482,16,45096
0x41686d,99.7114%,478,165174,165652,0,464,14,165174
0x40b96d,90.5802%,453,4356,4809,3826,205,248,530
0x40ccc4,99.0147%,449,45120,45569,330,325,124,44790
0x41169f,74.3282%,449,1300,1749,1110,90,359,190
0x4169dd,99.7413%,446,171950,172396,0,433,13,171950
0x4036f9,94.7731%,425,7706,8131,6939,54,371,767
0x4a612d,90.5962%,418,4027,4445,1353,207,211,2674
0x40b8df,91.5367%,407,4402,4809,3683,194,213,719
0x40b9fd,91.6615%,401,4408,4809,1261,314,87,3147
0x40f0cb,97.1502%,387,13193,13580,2837,310,77,10356
0x40f160,93.9418%,387,6001,6388,6,334,53,5995
0x40cccc,99.1807%,368,44546,44914,3653,326,42,40893
0x4a602d,86.0286%,362,2229,2591,497,211,151,1732
0x4a4173,96.093%,348,8559,8907,5341,186,162,3218
0x4152e4,95.757%,345,7786,8131,101,288,57,7685
0x401d3b,91.7411%,342,3799,4141,1373,171,171,2426
0x4a5e9c,96.5714%,337,9492,9829,6618,108,229,2874
0x4a5e65,97.4959%,334,13004,13338,3022,236,98,9982
0x40f099,98.3523%,328,19579,19907,7843,268,60,11736
0x4a4951,94.5212%,325,5607,5932,3179,218,107,2428
0x40b6b1,99.2616%,320,43017,43337,35059,147,173,7958
0x40ef9f,98.5109%,318,21037,21355,8581,229,89,12456
0x4024bb,94.0462%,304,4802,5106,1100,285,19,3702
0x40efd1,96.434%,303,8194,8497,1608,255,48,6586
0x4024b5,95.7098%,301,6715,7016,1632,278,23,5083
0x4a47a5,98.3288%,298,17533,17831,5804,136,162,11729
0x4a5eba,95.3825%,297,6135,6432,4739,107,190,1396
0x4a40ed,97.0823%,296,9849,10145,6272,35,261,3577
0x4a5c75,92.4728%,291,3575,3866,1937,185,106,1638
0x4a40ca,74.3043%,277,801,1078,577,109,168,224
0x402d16,99.5532%,274,61050,61324,61049,11,263,1
0x4a6004,93.4575%,274,3914,4188,1384,213,61,2530
0x41e0d0,97.1865%,267,9223,9490,9177,47,220,46
0x41e0fa,97.1968%,266,9223,9489,9223,0,266,0
0x4a5c55,97.2981%,265,9543,9808,5817,125,140,3726
0x41e21f,81.614%,262,1163,1425,65,208,54,1098
0x4a6424,92.0923%,257,2993,3250,1776,103,154,1217
0x41debb,99.9434%,250,441133,441383,441133,250,0,0
0x416026,99.4047%,249,41576,41825,0,222,27,41576
0x40f210,79.6327%,244,954,1198,847,68,176,107
0x40b94c,83.9838%,238,1248,1486,448,106,132,800
0x40b646,99.46%,233,42913,43146,13062,80,153,29851
0x40f18e,96.5247%,222,6166,6388,2,200,22,6164
0x40ba84,88.0939%,218,1613,1831,135,121,97,1478
0x40f067,98.0357%,211,10531,10742,2661,172,39,7870
0x40b708,99.6906%,210,67664,67874,13718,111,99,53946
0x402c83,99.3857%,202,32683,32885,84,125,77,32599
0x41e314,85.9649%,200,1225,1425,1178,49,151,47
0x41692b,98.7997%,199,16380,16579,4325,181,18,12055
0x409ed0,64.5161%,187,340,527,259,81,106,81
0x41f071,92.4299%,181,2210,2391,2102,49,132,108
0x4a5cea,97.7908%,177,7835,8012,6800,54,123,1035
0x4a482f,98.5199%,176,11715,11891,627,104,72,11088
0x40ef6d,98.371%,176,10628,10804,3048,142,34,7580
0x4024c4,95.3776%,172,3549,3721,2013,42,130,1536
0x40f003,98.8414%,168,14332,14500,6204,129,39,8128
0x41fca9,83.8415%,159,825,984,763,57,102,62
0x4091bf,89.215%,158,1307,1465,1231,19,139,76
0x40f24d,87.8931%,154,1118,1272,36,95,59,1082
0x4a4983,94.1223%,149,2386,2535,1320,76,73,1066
0x40f239,90.1342%,147,1343,1490,1301,32,115,42
0x402d9b,96.4985%,143,3941,4084,4,60,83,3937
0x4a48fa,97.6936%,137,5803,5940,4471,48,89,1332
0x4c4aa2,95.7895%,132,3003,3135,337,99,33,2666
0x4a6146,95.6552%,125,2752,2877,1913,53,72,839
0x401cf4,98.5385%,120,8091,8211,6682,79,41,1409
0x4c4ab1,97.0307%,118,3856,3974,3125,29,89,731
0x402e2a,99.3333%,117,17432,17549,10029,108,9,7403
0x4a4088,80.6667%,116,484,600,196,36,80,288
0x4a5ead,98.4644%,115,7374,7489,977,80,35,6397
0x4a5ecb,92.9382%,112,1474,1586,1013,32,80,461
0x4a49b8,98.1119%,112,5820,5932,4223,33,79,1597
0x4a4119,98.9256%,109,10036,10145,166,66,43,9870
0x416abb,99.1593%,102,12031,12133,4436,77,25,7595
0x4c4dc2,96.2579%,101,2598,2699,2438,35,66,160
0x41fbe0,86.9792%,100,668,768,579,54,46,89
0x4a5f2b,90.7177%,97,948,1045,525,58,39,423
0x40f262,91.7616%,94,1047,1141,39,71,23,1008
0x420555,73.2733%,89,244,333,207,45,44,37
0x420186,86.1371%,89,553,642,550,57,32,3
0x4a5e97,99.1369%,87,9993,10080,183,68,19,9810
0x402763,98.7665%,87,6966,7053,1079,66,21,5887
0x41e9d3,85.567%,84,498,582,442,26,58,56
0x41ea9c,86.2126%,83,519,602,471,15,68,48
0x41fda9,71.2766%,81,201,282,162,38,43,39
0x42045f,93.6102%,80,1172,1252,19,62,18,1153
0x4c4ba0,97.5269%,78,3076,3154,2962,27,51,114
0x4203d3,78.5714%,78,286,364,247,35,43,39
0x4c4c56,98.6576%,77,5659,5736,2697,50,27,2962
0x41fbc9,92.2764%,76,908,984,167,49,27,741
0x4c4c63,97.6246%,71,2918,2989,2211,28,43,707
0x403763,99.0046%,70,6962,7032,4,51,19,6958
0x4a7d9b,99.2965%,69,9739,9808,9739,69,0,0
0x4c4e7f,97.2099%,69,2404,2473,247,40,29,2157
0x42032f,90.4149%,67,632,699,31,51,16,601
0x4091e7,68.8372%,67,148,215,122,21,46,26
0x401d29,98.4408%,66,4167,4233,46,46,20,4121
0x41f5e4,91.7826%,65,726,791,722,19,46,4
0x4a64b6,97.9534%,65,3111,3176,1865,41,24,1246
0x4201e2,87.8505%,65,470,535,457,17,48,13
0x416a82,98.1193%,64,3339,3403,0,52,12,3339
0x4a5ff7,99.0485%,64,6662,6726,2483,55,9,4179
0x41e357,95.6997%,63,1402,1465,1401,24,39,1
0x49eca6,86.6521%,61,396,457,55,19,42,341
0x41ec6f,92.0319%,60,693,753,687,25,35,6
0x4163fd,73.4234%,59,163,222,142,18,41,21
0x4a4931,95.9184%,58,1363,1421,975,22,36,388
0x41e9a7,92.5641%,58,722,780,154,44,14,568
0x41ea3f,92.6923%,57,723,780,723,36,21,0
0x4b024e,98.8305%,57,4817,4874,4817,19,38,0
0x41e24d,96.1827%,56,1411,1467,1410,17,39,1
0x40922b,59.1241%,56,81,137,46,27,29,35
0x41fcc7,66.4634%,55,109,164,50,32,23,59
0x402d7c,97.1489%,54,1840,1894,0,37,17,1840
0x41f60e,56.0976%,54,69,123,39,34,20,30
0x420222,92.4051%,54,657,711,657,20,34,0
0x41ea0f,73.2323%,53,145,198,11,19,34,134
0x41ebf5,96.465%,52,1419,1471,1419,11,41,0
0x4a64a9,98.3627%,52,3124,3176,4,40,12,3120
0x420425,90.2072%,52,479,531,416,33,19,63
0x41fc03,93.3594%,51,717,768,714,16,35,3
0x420372,89.613%,51,440,491,434,14,37,6
0x41eca6,96.627%,51,1461,1512,1460,11,40,1
0x4c4e72,98.9405%,50,4669,4719,2224,22,28,2445
0x4b0299,87.4687%,50,349,399,50,23,27,299
0x42033d,92.0583%,49,568,617,97,29,20,471
0x401dfa,99.3194%,48,7005,7053,7005,48,0,0
0x4bbda7,98.8672%,47,4102,4149,3940,20,27,162
0x4204a2,94.9946%,46,873,919,873,15,31,0
0x41e213,96.8601%,46,1419,1465,6,34,12,1413
0x4152f4,99.4058%,46,7696,7742,7634,13,33,62
0x420349,90.6314%,46,445,491,409,17,29,36
0x416902,99.4061%,46,7700,7746,0,46,0,7700
0x40370f,96.0457%,45,1093,1138,1093,6,39,0
0x4a41cb,92.5%,45,555,600,506,34,11,49
0x4b02bc,88.9724%,44,355,399,312,30,14,43
0x4b02a9,89.4737%,42,357,399,308,24,18,49
0x4b02cd,89.7243%,41,358,399,357,30,11,1
0x41ea77,94.3989%,41,691,732,102,28,13,589
0x4a498c,96.4004%,41,1098,1139,121,30,11,977
0x4a4186,99.6057%,40,10105,10145,0,0,40,10105
0x41e300,97.2696%,40,1425,1465,0,40,0,1425
0x4a5cd0,99.504%,40,8024,8064,16,36,4,8008
0x44b4b6,86.8243%,39,257,296,236,23,16,21
0x4bbdfa,98.248%,38,2131,2169,132,13,25,1999
0x49ed04,90.3394%,37,346,383,0,0,37,346
0x40c979,99.9645%,37,104217,104254,0,35,2,104217
0x4bbde4,98.2941%,37,2132,2169,141,34,3,1991
0x40371d,7.69231%,36,3,39,0,0,36,3
0x41f04b,87.1886%,36,245,281,20,21,15,225
0x4b02e6,91.2281%,35,364,399,364,27,8,0
0x4201c1,93.4579%,35,500,535,416,21,14,84
0x41e338,97.614%,34,1391,1425,1382,6,28,9
0x4a5ee6,96.9751%,34,1090,1124,1055,14,20,35
0x4a6438,98.9846%,33,3217,3250,3166,10,23,51
0x492e6f,25%,33,11,44,0,0,33,11
0x4bbe2a,99.1667%,33,3927,3960,3927,33,0,0
0x4019ff,98.2475%,32,1794,1826,349,27,5,1445
0x41f52f,96.6595%,31,897,928,776,17,14,121
0x41f51e,97.5227%,30,1181,1211,264,19,11,917
0x41606f,99.9365%,29,45630,45659,1284,21,8,44346
0x4205d7,76.6129%,29,95,124,94,17,12,1
0x41eaff,96.0383%,29,703,732,703,9,20,0
0x41e988,29.2683%,29,12,41,7,13,16,5
0x4bbdbc,98.663%,29,2140,2169,2045,17,12,95
0x4a5f94,48.1481%,28,26,54,9,13,15,17
0x41691d,99.8314%,28,16579,16607,0,28,0,16579
0x41e797,99.6018%,28,7004,7032,3602,14,14,3402
0x42046d,97.6089%,28,1143,1171,230,22,6,913
0x41fd17,86.9767%,28,187,215,0,0,28,187
0x4116de,98.3991%,28,1721,1749,1200,0,28,521
0x41fd08,90.0709%,28,254,282,49,18,10,205
0x416acc,99.6325%,28,7592,7620,2752,28,0,4840
0x402d42,98.5893%,27,1887,1914,19,1,26,1868
0x4a60f6,99.202%,26,3232,3258,28,24,2,3204
0x40ac87,56.6667%,26,34,60,27,13,13,7
0x41f609,78.8618%,26,97,123,0,0,26,97
0x409264,67.9012%,26,55,81,44,18,8,11
0x402daa,99.3532%,26,3994,4020,3994,26,0,0
0x493dc1,87.9808%,25,183,208,174,17,8,9
0x40b768,99.9539%,25,54238,54263,11560,10,15,42678
0x4bbdac,98.8474%,25,2144,2169,2081,11,14,63
0x4f3dc5,73.1183%,25,68,93,31,18,7,37
0x404c6a,93.5567%,25,363,388,363,16,9,0
0x41fd1c,88.8372%,24,191,215,185,7,17,6
0x4bbe67,99.3939%,24,3936,3960,1961,19,5,1975
0x41f0a2,91.8149%,23,258,281,0,0,23,258
0x40ac82,71.6049%,23,58,81,2,19,4,56
0x48ebd6,79.0909%,23,87,110,35,16,7,52
0x4092b2,61.0169%,23,36,59,25,14,9,11
0x48e455,90.6122%,23,222,245,222,23,0,0
0x42032a,97.0551%,23,758,781,71,11,12,687
0x409236,65.625%,22,42,64,33,11,11,9
0x41eacf,83.0769%,22,108,130,8,13,9,100
0x4a5f01,67.6471%,22,46,68,19,13,9,27
0x494b81,65.625%,22,42,64,35,13,9,7
0x400404,62.5%,21,35,56,35,21,0,0
0x402c56,98.1943%,21,1142,1163,58,6,15,1084
0x4bd1cd,94.0845%,21,334,355,0,0,21,334
0x41fbee,82.9268%,21,102,123,101,7,14,1
0x420479,97.7149%,21,898,919,853,5,16,45
0x4a5f96,37.5%,20,12,32,2,3,17,10
0x4bbdd3,99.0779%,20,2149,2169,166,11,9,1983
0x41fbda,97.3958%,20,748,768,0,0,20,748
0x4201b5,97.1871%,20,691,711,154,13,7,537
0x41fbe5,85.1852%,20,115,135,1,11,9,114
0x41fd42,90.6977%,20,195,215,191,7,13,4
0x406377,94.186%,20,324,344,321,15,5,3
0x41fc4f,51.2821%,19,20,39,4,9,10,16
0x48e4d1,92.2449%,19,226,245,0,0,19,226
0x404bcd,95.5189%,19,405,424,404,11,8,1
0x48ebb0,83.6364%,18,92,110,0,0,18,92
0x46c6bc,87.8378%,18,130,148,130,18,0,0
0x454988,80.6452%,18,75,93,24,13,5,51
0x48eb81,83.6364%,18,92,110,0,0,18,92
0x421dac,93.9189%,18,278,296,278,18,0,0
0x40f1b7,99.709%,18,6168,6186,0,12,6,6168
0x429714,75.6757%,18,56,74,0,0,18,56
0x4a7dac,99.8165%,18,9790,9808,0,0,18,9790
0x493740,71.875%,18,46,64,46,18,0,0
0x49ecba,95.5614%,17,366,383,0,0,17,366
0x416aad,99.86%,17,12129,12146,0,13,4,12129
0x41fc12,55.2632%,17,21,38,5,7,10,16
0x40b711,99.9685%,17,54028,54045,48607,8,9,5421
0x48e666,93.0612%,17,228,245,190,4,13,38
0x402997,99.1127%,17,1899,1916,0,0,17,1899
0x459da9,88.5135%,17,131,148,0,0,17,131
0x41ef0c,93.9502%,17,264,281,264,17,0,0
0x4a5fd3,97.084%,17,566,583,1,17,0,565
0x404bbc,95.9906%,17,407,424,407,17,0,0
0x41edef,99.7585%,17,7022,7039,3614,6,11,3408
0x41693c,99.8592%,17,12056,12073,7047,17,0,5009
0x40f035,99.9052%,16,16864,16880,8088,4,12,8776
0x41ffc1,60.9756%,16,25,41,25,16,0,0
0x403dde,58.9744%,16,23,39,21,9,7,2
0x4201a3,97.7528%,16,696,712,0,1,15,696
0x41eff0,94.306%,16,265,281,0,0,16,265
0x43e3bc,89.1892%,16,132,148,132,16,0,0
0x4a49e9,99.7306%,16,5924,5940,5921,2,14,3
0x4a5f6f,50%,16,16,32,16,16,0,0
0x4949f5,0%,16,0,16,0,16,0,0
0x40373a,99.7867%,15,7017,7032,0,0,15,7017
0x48e5a4,93.8776%,15,230,245,230,15,0,0
0x4a4945,99.7475%,15,5925,5940,0,8,7,5925
0x41fc77,60.5263%,15,23,38,7,7,8,16
0x49ecd9,96.0836%,15,368,383,0,0,15,368
0x420281,86.4865%,15,96,111,96,9,6,0
0x49487a,6.25%,15,1,16,1,15,0,0
0x409203,89.5105%,15,128,143,0,9,6,128
0x42045a,98.8029%,15,1238,1253,0,1,14,1238
0x43fb96,59.4595%,15,22,37,0,0,15,22
0x48e58b,93.8776%,15,230,245,230,15,0,0
0x4f098f,76.5625%,15,49,64,49,15,0,0
0x48ecd7,69.5652%,14,32,46,0,0,14,32
0x49375b,75.4386%,14,43,57,1,10,4,42
0x4a7d73,99.8573%,14,9794,9808,0,0,14,9794
0x48e5d3,94.2857%,14,231,245,231,14,0,0
0x4933e9,69.5652%,14,32,46,32,14,0,0
0x4925b6,68.1818%,14,30,44,30,14,0,0
0x43e3ca,90.5405%,14,134,148,0,0,14,134
0x4a6139,99.5494%,13,2872,2885,2,6,7,2870
0x4a5f4d,97.1861%,13,449,462,1,12,1,448
0x4c4ba6,92.1212%,13,152,165,11,7,6,141
0x4bd1f1,96.338%,13,342,355,0,6,7,342
0x40ca2e,99.8807%,13,10884,10897,9643,2,11,1241
0x4203db,92.0732%,13,151,164,71,11,2,80
0x4f0cdb,79.6875%,13,51,64,0,1,12,51
0x4f0cfa,79.6875%,13,51,64,4,9,4,47
0x48e61e,94.6939%,13,232,245,0,0,13,232
0x459da0,91.2162%,13,135,148,0,0,13,135
0x4bbe19,99.3577%,13,2011,2024,0,0,13,2011
0x4a4fe7,14.2857%,12,2,14,0,0,12,2
0x41efeb,95.7295%,12,269,281,0,0,12,269
0x41fe16,85.3659%,12,70,82,0,0,12,70
0x49219a,73.913%,12,34,46,32,12,0,2
0x492e78,72.7273%,12,32,44,0,0,12,32
0x403f1f,60%,12,18,30,18,12,0,0
0x420344,97.556%,12,479,491,0,0,12,479
0x41e44a,69.2308%,12,27,39,27,12,0,0
0x4a4a02,29.4118%,12,5,17,5,12,0,0
0x409373,70%,12,28,40,0,0,12,28
0x42a546,67.5676%,12,25,37,0,0,12,25
0x41ff5e,85.3659%,12,70,82,0,0,12,70
0x40ad45,85%,12,68,80,0,9,3,68
0x4115ec,99.3139%,12,1737,1749,1737,12,0,0
0x4937c2,81.25%,12,52,64,0,7,5,52
0x4a493a,97.1698%,12,412,424,5,9,3,407
0x48e64f,95.102%,12,233,245,0,0,12,233
0x4a4157,99.8653%,12,8895,8907,0,0,12,8895
0x4a615f,98.6828%,12,899,911,844,4,8,55
0x41fd29,40%,12,8,20,8,12,0,0
0x454ae2,57.6923%,11,15,26,15,11,0,0
0x41687b,99.9933%,11,165177,165188,40093,3,8,125084
0x408c7c,95.5102%,11,234,245,227,9,2,7
0x40ad02,72.5%,11,29,40,29,8,3,0
0x4a40a9,98.9796%,11,1067,1078,0,0,11,1067
0x454aab,57.6923%,11,15,26,0,0,11,15
0x4b0294,97.2431%,11,388,399,0,2,9,388
0x40cd1f,99.9678%,11,34171,34182,4959,9,2,29212
0x48e62c,95.5102%,11,234,245,234,11,0,0
0x4205b1,91.129%,11,113,124,113,11,0,0
0x40933c,72.5%,11,29,40,13,7,4,16
0x4a63c4,35.2941%,11,6,17,6,11,0,0
0x41fbf6,26.6667%,11,4,15,2,2,9,2
0x41fcda,86.5854%,11,71,82,0,0,11,71
0x41fd7e,64.5161%,11,20,31,5,9,2,15
0x4093c4,72.5%,11,29,40,15,4,7,14
0x41fec5,87.8049%,10,72,82,72,10,0,0
0x493078,37.5%,10,6,16,0,0,10,6
0x46c72b,93.2432%,10,138,148,138,10,0,0
0x42034e,84.6154%,10,55,65,0,5,5,55
0x4a4161,99.8877%,10,8897,8907,0,0,10,8897
0x4f3d68,68.75%,10,22,32,22,8,2,0
0x4a5ef8,85.2941%,10,58,68,0,0,10,58
0x404b9a,97.6415%,10,414,424,0,0,10,414
0x41f5b2,98.739%,10,783,793,783,8,2,0
0x429e1b,72.973%,10,27,37,27,10,0,0
0x4a4f56,93.3775%,10,141,151,0,0,10,141
0x495463,37.5%,10,6,16,6,10,0,0
0x494948,37.5%,10,6,16,0,0,10,6
0x40ad53,85.9155%,10,61,71,60,10,0,1
0x4061dd,97.093%,10,334,344,334,2,8,0
0x4a496d,99.6055%,10,2525,2535,0,0,10,2525
0x41ecb5,75.6098%,10,31,41,0,0,10,31
0x4201bc,98.1618%,10,534,544,3,6,4,531
0x41e97a,78.0488%,9,32,41,0,0,9,32
0x409653,99.9827%,9,52061,52070,26272,2,7,25789
0x4094e3,99.99%,9,90163,90172,46062,6,3,44101
0x41f559,10%,9,1,10,0,0,9,1
0x40b6a8,99.9831%,9,53197,53206,9865,4,5,43332
0x453d7a,93.0769%,9,121,130,0,0,9,121
0x453d71,93.0769%,9,121,130,0,0,9,121
0x491931,35.7143%,9,5,14,5,9,0,0
0x4296f7,87.8378%,9,65,74,65,9,0,0
0x41fb77,89.0244%,9,73,82,0,0,9,73
0x4549aa,90.3226%,9,84,93,84,9,0,0
0x446a76,75.6757%,9,28,37,28,9,0,0
0x494bde,18.1818%,9,2,11,2,9,0,0
0x48e523,96.3265%,9,236,245,0,0,9,236
0x4091f2,87.5%,9,63,72,62,7,2,1
0x49eccb,97.6501%,9,374,383,0,0,9,374
0x49218d,80.4348%,9,37,46,37,9,0,0
0x454a22,90.3226%,9,84,93,50,6,3,34
0x492a84,43.75%,9,7,16,0,0,9,7
0x411662,99.4854%,9,1740,1749,0,0,9,1740
0x493da8,95.6731%,9,199,208,15,1,8,184
0x49249b,77.5%,9,31,40,4,6,3,27
0x40ad76,88.8889%,9,72,81,71,1,8,1
0x402ad4,99.6073%,9,2283,2292,0,0,9,2283
0x48ed00,78.0488%,9,32,41,32,9,0,0
0x42011d,78.0488%,9,32,41,4,2,7,28
0x48ee89,82.6087%,8,38,46,0,0,8,38
0x41dc4e,99.3139%,8,1158,1166,1158,8,0,0
0x4bbe6e,99.596%,8,1972,1980,0,0,8,1972
0x494d6d,50%,8,8,16,8,8,0,0
0x41fd21,65.2174%,8,15,23,2,1,7,13
0x49371f,87.5%,8,56,64,56,8,0,0
0x4a60d4,55.5556%,8,10,18,4,5,3,6
0x4a640f,99.7538%,8,3242,3250,0,0,8,3242
0x44b7ff,78.3784%,8,29,37,29,8,0,0
0x48ed80,80.4878%,8,33,41,33,8,0,0
0x4a4da4,52.9412%,8,9,17,9,8,0,0
0x4f0d24,87.5%,8,56,64,56,8,0,0
0x4164fc,99.9982%,8,445005,445013,377617,4,4,67388
0x494a6b,50%,8,8,16,8,8,0,0
0x403e99,73.3333%,8,22,30,22,8,0,0
0x4f13af,85.9649%,8,49,57,0,0,8,49
0x4052f8,78.3784%,8,29,37,2,6,2,27
0x494aad,50%,8,8,16,8,8,0,0
0x406354,50%,8,8,16,0,8,0,8
0x48ed39,82.6087%,8,38,46,38,8,0,0
0x455011,86.6667%,8,52,60,52,8,0,0
0x494518,50%,8,8,16,0,0,8,8
0x460c5f,81.0811%,7,30,37,0,0,7,30
0x40c164,81.0811%,7,30,37,30,7,0,0
0x4a5d53,86.5385%,7,45,52,33,2,5,12
0x420397,95.7317%,7,157,164,79,3,4,78
0x4550a7,81.0811%,7,30,37,30,7,0,0
0x45531c,81.0811%,7,30,37,30,7,0,0
0x404bd9,22.2222%,7,2,9,0,0,7,2
0x415fa9,99.989%,7,63633,63640,0,0,7,63633
0x454992,87.5%,7,49,56,0,0,7,49
0x40041c,87.5%,7,49,56,23,7,0,26
0x411cde,99.9894%,7,66236,66243,66236,7,0,0
0x43fd2c,81.0811%,7,30,37,30,7,0,0
0x49297a,87.931%,7,51,58,51,7,0,0
0x41e199,82.5%,7,33,40,0,0,7,33
0x403e73,76.6667%,7,23,30,19,7,0,4
0x4998c8,83.3333%,7,35,42,0,0,7,35
0x48ed77,84.7826%,7,39,46,0,5,2,39
0x48e4df,97.1429%,7,238,245,238,7,0,0
0x454c1e,76.6667%,7,23,30,0,0,7,23
0x49196d,50%,7,7,14,6,1,6,1
0x454fd4,88.3333%,7,53,60,0,0,7,53
0x48e47f,97.1429%,7,238,245,0,0,7,238
0x48ec56,84.7826%,7,39,46,39,7,0,0
0x40b6b6,99.9611%,7,17993,18000,8125,6,1,9868
0x403ed2,76.6667%,7,23,30,23,7,0,0
0x409240,90.411%,7,66,73,8,4,3,58
0x41ec3d,82.9268%,7,34,41,0,0,7,34
0x4938b3,56.25%,7,9,16,0,0,7,9
0x494b75,89.0625%,7,57,64,14,2,5,43
0x41fdc0,91.4634%,7,75,82,0,0,7,75
0x49471b,56.25%,7,9,16,0,0,7,9
0x41eb6f,82.9268%,7,34,41,34,7,0,0
0x42059f,94.3548%,7,117,124,0,0,7,117
0x48ed30,86.9565%,6,40,46,36,4,2,4
0x48ebc4,94.5455%,6,104,110,0,0,6,104
0x403eb9,76.9231%,6,20,26,20,6,0,0
0x48ee55,86.9565%,6,40,46,0,0,6,40
0x492b43,62.5%,6,10,16,10,6,0,0
0x4a5e79,99.9405%,6,10074,10080,0,0,6,10074
0x4a4049,90%,6,54,60,0,0,6,54
0x4921c2,86.9565%,6,40,46,1,4,2,39
0x4947b9,62.5%,6,10,16,0,0,6,10
0x493367,86.9565%,6,40,46,40,6,0,0
0x409302,85%,6,34,40,1,0,6,33
0x48e545,97.551%,6,239,245,0,0,6,239
0x41f0aa,97.8648%,6,275,281,38,3,3,237
0x4946c1,62.5%,6,10,16,10,3,3,0
0x403f01,76.9231%,6,20,26,0,0,6,20
0x4945ec,81.25%,6,26,32,16,0,6,10
0x4f0e12,62.5%,6,10,16,0,0,6,10
0x48e46c,97.551%,6,239,245,0,0,6,239
0x4205f6,94.5946%,6,105,111,105,0,6,0
0x491a6e,14.2857%,6,1,7,1,6,0,0
0x4205ac,95.1613%,6,118,124,0,0,6,118
0x453344,83.7838%,6,31,37,31,6,0,0
0x409e27,99.4841%,6,1157,1163,0,0,6,1157
0x454fdd,90%,6,54,60,54,6,0,0
0x4a5d2d,99.9169%,6,7211,7217,0,0,6,7211
0x4a83f3,99.9664%,6,17825,17831,0,0,6,17825
0x48ee31,0%,6,0,6,0,0,6,0
0x42a3da,83.7838%,6,31,37,31,6,0,0
0x493d07,62.5%,6,10,16,10,6,0,0
0x41e4b8,85%,6,34,40,34,5,1,0
0x460cd8,83.7838%,6,31,37,0,0,6,31
0x41f59e,95.4545%,6,126,132,2,5,1,124
0x409393,85%,6,34,40,1,0,6,33
0x492a9d,68.75%,5,11,16,11,5,0,0
0x446aa7,86.4865%,5,32,37,0,0,5,32
0x41eb2e,87.8049%,5,36,41,0,0,5,36
0x49491a,68.75%,5,11,16,11,5,0,0
0x41e290,87.5%,5,35,40,0,0,5,35
0x49296a,91.3793%,5,53,58,0,0,5,53
0x4929ce,91.3793%,5,53,58,0,0,5,53
0x494b62,89.5833%,5,43,48,0,0,5,43
0x49990a,88.0952%,5,37,42,0,0,5,37
0x420486,91.8033%,5,56,61,55,5,0,1
0x494823,68.75%,5,11,16,11,5,0,0
0x46c6dc,96.6216%,5,143,148,0,0,5,143
0x4f0ef5,84.375%,5,27,32,27,5,0,0
0x41fce7,93.9024%,5,77,82,0,0,5,77
0x4549f0,94.6237%,5,88,93,0,0,5,88
0x494bac,68.75%,5,11,16,0,5,0,11
0x495711,92.1875%,5,59,64,0,0,5,59
0x4a417c,99.8521%,5,3375,3380,0,0,5,3375
0x4f0f59,84.375%,5,27,32,27,5,0,0
0x4a40d4,98.7245%,5,387,392,0,0,5,387
0x4bbef9,99.7475%,5,1975,1980,0,0,5,1975
0x4061bb,98.5465%,5,339,344,0,0,5,339
0x4061aa,98.5465%,5,339,344,0,0,5,339
0x48eb52,95.4545%,5,105,110,0,0,5,105
0x403eeb,83.3333%,5,25,30,25,5,0,0
0x4a4f64,96.6887%,5,146,151,0,0,5,146
0x40caa8,99.8565%,5,3480,3485,3480,5,0,0
0x492e23,88.6364%,5,39,44,39,5,0,0
0x4f3d14,89.1304%,5,41,46,40,4,1,1
0x4a7d87,99.949%,5,9803,9808,0,0,5,9803
0x48eea6,89.1304%,5,41,46,41,5,0,0
0x460c1e,86.4865%,5,32,37,32,5,0,0
0x48e95f,90.1961%,5,46,51,46,5,0,0
0x491aea,28.5714%,5,2,7,2,5,0,0
0x4a642e,99.6353%,5,1366,1371,1366,4,1,0
0x491b50,28.5714%,5,2,7,2,5,0,0
0x460c68,86.4865%,5,32,37,0,0,5,32
0x4204c7,93.9024%,5,77,82,77,4,1,0
0x409363,87.5%,5,35,40,0,0,5,35
0x41f534,96.2963%,5,130,135,122,3,2,8
0x4924ef,83.3333%,5,25,30,0,0,5,25
0x402a5c,99.7818%,5,2287,2292,2287,5,0,0
0x41e4a2,87.1795%,5,34,39,34,5,0,0
0x4a5d64,70.5882%,5,12,17,12,5,0,0
0x404c0f,44.4444%,5,4,9,4,5,0,0
0x494a49,68.75%,5,11,16,0,0,5,11
0x404bab,98.8208%,5,419,424,0,0,5,419
0x4a5d72,90.3846%,5,47,52,9,0,5,38
0x48ef8d,72.2222%,5,13,18,0,0,5,13
0x42a35d,86.4865%,5,32,37,0,0,5,32
0x40929d,91.9355%,5,57,62,54,5,0,3
0x494a59,68.75%,5,11,16,0,0,5,11
0x49469e,68.75%,5,11,16,11,5,0,0
0x404742,99.545%,5,1094,1099,1094,3,2,0
0x4b032f,28.5714%,5,2,7,0,5,0,2
0x416313,97.7477%,5,217,222,0,0,5,217
0x455041,89.1892%,4,33,37,0,0,4,33
0x404a4e,55.5556%,4,5,9,0,0,4,5
0x41edf9,99.883%,4,3415,3419,1395,4,0,2020
0x402dd8,99.6561%,4,1159,1163,0,0,4,1159
0x453d92,96.9231%,4,126,130,126,4,0,0
0x40ab7e,55.5556%,4,5,9,5,4,0,0
0x404760,99.636%,4,1095,1099,1095,4,0,0
0x403958,33.3333%,4,2,6,0,0,4,2
0x41e261,90%,4,36,40,0,2,2,36
0x403f3d,86.6667%,4,26,30,0,0,4,26
0x49309f,75%,4,12,16,12,4,0,0
0x416cf4,99.9433%,4,7049,7053,0,0,4,7049
0x4a4058,93.3333%,4,56,60,56,4,0,0
0x4a6405,99.8769%,4,3246,3250,0,0,4,3246
0x46c778,97.2973%,4,144,148,144,4,0,0
0x460c80,89.1892%,4,33,37,0,0,4,33
0x41f599,96.9697%,4,128,132,0,0,4,128
0x494282,76.4706%,4,13,17,0,1,3,13
0x45a3c1,99.0991%,4,440,444,440,4,0,0
0x4029de,99.7912%,4,1912,1916,0,0,4,1912
0x4939f7,75%,4,12,16,12,4,0,0
0x493034,75%,4,12,16,12,4,0,0
0x41e769,99.9431%,4,7028,7032,0,0,4,7028
0x40932c,90%,4,36,40,20,0,4,16
0x416d15,99.9433%,4,7049,7053,7049,4,0,0
0x4b0309,50%,4,4,8,0,0,4,4
0x403a2a,33.3333%,4,2,6,2,4,0,0
0x4201c6,95.9184%,4,94,98,1,2,2,93
0x4051d8,89.1892%,4,33,37,0,0,4,33
0x4921cf,90.2439%,4,37,41,37,4,0,0
0x493a7f,75%,4,12,16,12,4,0,0
0x494748,75%,4,12,16,0,0,4,12
0x40c09c,89.1892%,4,33,37,0,0,4,33
0x45f229,94.5946%,4,70,74,0,0,4,70
0x40619b,50%,4,4,8,0,0,4,4
0x4b01ac,89.4737%,4,34,38,34,4,0,0
0x460b0f,89.1892%,4,33,37,0,0,4,33
0x41f56a,60%,4,6,10,6,4,0,0
0x491915,71.4286%,4,10,14,0,0,4,10
0x43faf3,89.1892%,4,33,37,33,4,0,0
0x40b64f,99.9867%,4,30000,30004,26283,1,3,3717
0x4201ce,95.7895%,4,91,95,91,1,3,0
0x4061cc,98.8372%,4,340,344,340,4,0,0
0x454a9a,86.6667%,4,26,30,0,4,0,26
0x43e756,99.1684%,4,477,481,477,4,0,0
0x40b771,99.993%,3,42690,42693,37358,2,1,5332
0x494618,81.25%,3,13,16,0,0,3,13
0x409279,95.1613%,3,59,62,0,0,3,59
0x4947ff,81.25%,3,13,16,13,3,0,0
0x404a3f,66.6667%,3,6,9,0,0,3,6
0x43e3a3,95.9459%,3,71,74,71,3,0,0
0x49547e,81.25%,3,13,16,13,3,0,0
0x43fc63,91.8919%,3,34,37,0,0,3,34
0x4942f6,81.25%,3,13,16,0,0,3,13
0x4a83ea,99.9832%,3,17828,17831,0,0,3,17828
0x403a85,50%,3,3,6,0,0,3,3
0x4160f6,99.9932%,3,44352,44355,0,0,3,44352
0x40ce69,99.9848%,3,19747,19750,19747,3,0,0
0x41eb97,92.6829%,3,38,41,0,0,3,38
0x45a40e,99.3243%,3,441,444,441,3,0,0
0x4a62c0,94.2308%,3,49,52,49,3,0,0
0x48ef17,83.3333%,3,15,18,15,3,0,0
0x49443e,81.25%,3,13,16,13,3,0,0
0x4a49f5,82.3529%,3,14,17,14,3,0,0
0x4a6236,99.993%,3,43153,43156,0,0,3,43153
0x4f13b6,94.7368%,3,54,57,0,0,3,54
0x48ec0e,93.1818%,3,41,44,41,3,0,0
0x42050b,96.3415%,3,79,82,1,0,3,78
0x40479f,99.727%,3,1096,1099,0,2,1,1096
0x494c3c,72.7273%,3,8,11,0,0,3,8
0x494bfe,72.7273%,3,8,11,0,0,3,8
0x40ca38,99.9703%,3,10089,10092,0,0,3,10089
0x402cfc,99.9951%,3,61321,61324,0,0,3,61321
0x48ecf7,93.4783%,3,43,46,3,2,1,40
0x49510d,81.25%,3,13,16,0,0,3,13
0x40ab48,66.6667%,3,6,9,6,3,0,0
0x4552fa,91.8919%,3,34,37,0,0,3,34
0x40adab,66.6667%,3,6,9,6,2,1,0
0x4029a3,99.8434%,3,1913,1916,0,0,3,1913
0x43fb5c,91.8919%,3,34,37,34,3,0,0
0x4a5f8b,86.3636%,3,19,22,0,0,3,19
0x420503,62.5%,3,5,8,5,2,1,0
0x494af3,81.25%,3,13,16,0,0,3,13
0x4b0225,92.1053%,3,35,38,0,0,3,35
0x421e2a,98.9865%,3,293,296,0,0,3,293
0x4a6274,99.7162%,3,1054,1057,0,0,3,1054
0x4f13b1,94.7368%,3,54,57,0,0,3,54
0x45e5a4,95.9459%,3,71,74,0,0,3,71
0x420356,95%,3,57,60,57,1,2,0
0x45994a,97.973%,3,145,148,145,3,0,0
0x41ec84,92.6829%,3,38,41,0,0,3,38
0x416cbc,99.9575%,3,7050,7053,0,0,3,7050
0x4919aa,50%,3,3,6,0,0,3,3
0x49197a,57.1429%,3,4,7,0,0,3,4
0x499896,92.8571%,3,39,42,33,3,0,6
0x4165a0,99.9536%,3,6457,6460,6457,3,0,0
0x41e1bb,92.5%,3,37,40,0,0,3,37
0x416339,98.6486%,3,219,222,219,3,0,0
0x45f360,95.9459%,3,71,74,0,0,3,71
0x4946cd,0%,3,0,3,0,3,0,0
0x4a5e86,99.9702%,3,10077,10080,0,0,3,10077
0x420136,91.4286%,3,32,35,0,0,3,32
0x403e86,90%,3,27,30,27,3,0,0
0x493d8d,82.3529%,3,14,17,0,0,3,14
0x48ec2f,93.1818%,3,41,44,41,3,0,0
0x491b2e,57.1429%,3,4,7,0,0,3,4
0x41e1fc,99.7954%,3,1463,1466,0,1,2,1463
0x49424e,81.25%,3,13,16,0,0,3,13
0x45f3b0,95.9459%,3,71,74,0,0,3,71
0x4a5e58,99.9689%,2,6430,6432,0,0,2,6430
0x44b711,94.5946%,2,35,37,35,2,0,0
0x40310e,96.875%,2,62,64,62,2,0,0
0x454c48,93.3333%,2,28,30,0,0,2,28
0x4047a9,99.818%,2,1097,1099,0,1,1,1097
0x48e97a,96.0784%,2,49,51,49,2,0,0
0x43fb69,94.5946%,2,35,37,35,2,0,0
0x4026c7,96.3636%,2,53,55,0,1,1,53
0x41ffd5,66.6667%,2,4,6,4,2,0,0
0x493cc8,87.5%,2,14,16,14,2,0,0
0x495010,86.6667%,2,13,15,13,2,0,0
0x4f2042,87.5%,2,14,16,14,2,0,0
0x4a60a3,88.8889%,2,16,18,16,2,0,0
0x4a7dcc,99.9796%,2,9806,9808,9806,2,0,0
0x42a3b0,94.5946%,2,35,37,35,2,0,0
0x416a90,99.9403%,2,3349,3351,0,0,2,3349
0x4947bf,87.5%,2,14,16,14,2,0,0
0x422be1,97.2973%,2,72,74,0,0,2,72
0x4a6178,96.8254%,2,61,63,61,2,0,0
0x4a63b7,88.2353%,2,15,17,0,0,2,15
0x403aa7,71.4286%,2,5,7,5,1,1,0
0x40ad36,97.5309%,2,79,81,79,1,1,0
0x4944d3,87.5%,2,14,16,14,2,0,0
0x403163,96.875%,2,62,64,62,2,0,0
0x45f369,97.2973%,2,72,74,0,0,2,72
0x48e975,96.0784%,2,49,51,0,0,2,49
0x41f5b6,0%,2,0,2,0,2,0,0
0x460c90,94.5946%,2,35,37,35,2,0,0
0x409e3a,99.828%,2,1161,1163,0,0,2,1161
0x4039fd,66.6667%,2,4,6,0,2,0,4
0x4f0f46,93.75%,2,30,32,0,0,2,30
0x492124,95.6522%,2,44,46,44,2,0,0
0x429f4b,94.5946%,2,35,37,0,0,2,35
0x420474,99.7824%,2,917,919,0,0,2,917
0x48edf3,95.6522%,2,44,46,39,1,1,5
0x41e784,99.9716%,2,7030,7032,7030,2,0,0
0x459db9,98.6486%,2,146,148,146,2,0,0
0x40b776,99.9882%,2,16901,16903,6044,2,0,10857
0x494695,93.75%,2,30,32,14,2,0,16
0x4c1f44,98.6486%,2,146,148,0,0,2,146
0x491922,85.7143%,2,12,14,0,0,2,12
0x4a4cea,99.9663%,2,5938,5940,0,0,2,5938
0x49458e,87.5%,2,14,16,14,2,0,0
0x49476e,0%,2,0,2,0,2,0,0
0x49519a,87.5%,2,14,16,14,2,0,0
0x421a93,99.9888%,2,17788,17790,0,0,2,17788
0x403db4,94.8718%,2,37,39,0,0,2,37
0x4201db,0%,2,0,2,0,2,0,0
0x494ba3,87.5%,2,14,16,0,0,2,14
0x48e475,99.1837%,2,243,245,0,0,2,243
0x48e50d,99.1837%,2,243,245,0,0,2,243
0x446a3e,97.2973%,2,72,74,0,0,2,72
0x4047b0,99.8179%,2,1096,1098,1096,2,0,0
0x4924d2,93.3333%,2,28,30,0,0,2,28
0x43fcff,94.5946%,2,35,37,0,0,2,35
0x4162a4,99.9972%,2,72270,72272,70130,0,2,2140
0x494393,87.5%,2,14,16,0,1,1,14
0x41fd51,88.2353%,2,15,17,0,0,2,15
0x42047e,96.7213%,2,59,61,0,0,2,59
0x492ea6,0%,2,0,2,0,0,2,0
0x404b89,77.7778%,2,7,9,0,0,2,7
0x494b1c,87.5%,2,14,16,0,0,2,14
0x459d40,98.6486%,2,146,148,0,0,2,146
0x40c1b8,94.5946%,2,35,37,0,0,2,35
0x454aca,92.3077%,2,24,26,0,0,2,24
0x406118,75%,2,6,8,0,0,2,6
0x454c88,93.3333%,2,28,30,28,2,0,0
0x4921b4,95.6522%,2,44,46,0,0,2,44
0x4a5d19,99.9136%,1,1157,1158,1157,1,0,0
0x406e16,0%,1,0,1,0,1,0,0
0x403bd3,0%,1,0,1,0,1,0,0
0x4b03b3,50%,1,1,2,1,1,0,0
0x41e633,99.9748%,1,3961,3962,2364,0,1,1597
0x42a541,97.2973%,1,36,37,0,0,1,36
0x4a5cf3,99.9136%,1,1157,1158,0,0,1,1157
0x402ad9,99.9564%,1,2291,2292,0,0,1,2291
0x403a58,83.3333%,1,5,6,5,1,0,0
0x403a3f,50%,1,1,2,1,1,0,0
0x40aa8c,88.8889%,1,8,9,8,0,1,0
0x4a4fee,92.8571%,1,13,14,0,1,0,13
0x4093a8,97.5%,1,39,40,0,1,0,39
0x494314,93.75%,1,15,16,15,0,1,0
0x403bb3,0%,1,0,1,0,1,0,0
0x416ebf,0%,1,0,1,0,1,0,0
0x4040d9,0%,1,0,1,0,0,1,0
0x40ccd1,99.9976%,1,40934,40935,3324,0,1,37610
0x41ebc0,97.561%,1,40,41,0,0,1,40
0x40c0a4,97.2973%,1,36,37,0,0,1,36
0x49272f,83.3333%,1,5,6,0,0,1,5
0x494915,93.75%,1,15,16,0,0,1,15
0x4a7df5,99.9898%,1,9807,9808,0,0,1,9807
0x45f220,98.6486%,1,73,74,0,0,1,73
0x4bbe98,99.9899%,1,9899,9900,1980,0,1,7919
0x403753,99.9858%,1,7031,7032,0,0,1,7031
0x49518b,93.75%,1,15,16,0,0,1,15
0x43fd66,97.2973%,1,36,37,36,1,0,0
0x48e597,99.5918%,1,244,245,0,0,1,244
0x40aa9f,0%,1,0,1,0,0,1,0
0x41e365,97.5%,1,39,40,0,0,1,39
0x40b655,99.9951%,1,20571,20572,10935,1,0,9636
0x41147b,99.9856%,1,6937,6938,1874,1,0,5063
0x4043fb,0%,1,0,1,0,1,0,0
0x404287,0%,1,0,1,0,1,0,0
0x42035e,50%,1,1,2,1,1,0,0
0x494956,93.75%,1,15,16,0,0,1,15
0x42048e,0%,1,0,1,0,1,0,0
0x40478d,99.909%,1,1098,1099,0,0,1,1098
0x403776,99.9857%,1,6976,6977,6976,1,0,0
0x4998a1,83.3333%,1,5,6,5,1,0,0
0x4033bf,0%,1,0,1,0,1,0,0
0x406e11,0%,1,0,1,0,0,1,0
0x4033ea,0%,1,0,1,0,1,0,0
0x416183,99.9977%,1,44354,44355,0,0,1,44354
0x49197e,85.7143%,1,6,7,0,1,0,6
0x42a34d,97.2973%,1,36,37,0,0,1,36
0x492eab,50%,1,1,2,0,0,1,1
0x402747,99.9858%,1,7052,7053,0,0,1,7052
0x4a4cd7,99.9832%,1,5939,5940,5939,1,0,0
0x4a6ef0,99.927%,1,1369,1370,0,0,1,1369
0x4040ea,0%,1,0,1,0,1,0,0
0x493b9f,93.75%,1,15,16,0,0,1,15
0x4f0924,94.1176%,1,16,17,16,1,0,0
0x402949,99.9478%,1,1915,1916,0,0,1,1915
0x4045d3,0%,1,0,1,0,0,1,0
0x48e60f,99.5918%,1,244,245,244,1,0,0
0x40244f,99.9857%,1,7015,7016,0,0,1,7015
0x43f9b3,97.2973%,1,36,37,0,0,1,36
0x4a4859,99.9916%,1,11890,11891,0,0,1,11890
0x455058,97.2973%,1,36,37,0,0,1,36
0x48ef13,94.4444%,1,17,18,0,0,1,17
0x4a40b3,99.9072%,1,1077,1078,0,0,1,1077
0x4202a8,0%,1,0,1,0,0,1,0
0x491a36,85.7143%,1,6,7,0,0,1,6
0x4919f8,85.7143%,1,6,7,0,0,1,6
0x4043d5,50%,1,1,2,1,0,1,0
0x49210e,93.75%,1,15,16,0,0,1,15
0x404078,0%,1,0,1,0,0,1,0
0x41138d,99.9957%,1,23518,23519,0,0,1,23518
0x494306,93.75%,1,15,16,0,0,1,15
0x416844,99.9989%,1,88938,88939,0,0,1,88938
0x404611,0%,1,0,1,0,1,0,0
0x404256,0%,1,0,1,0,0,1,0
0x49475d,80%,1,4,5,4,1,0,0
0x4052e3,97.2973%,1,36,37,36,1,0,0
0x492bd1,50%,1,1,2,0,0,1,1
0x4f0f1c,96.875%,1,31,32,31,1,0,0
0x494753,93.75%,1,15,16,10,1,0,5
0x405243,97.2973%,1,36,37,36,1,0,0
0x4165c3,99.9984%,1,62795,62796,0,0,1,62795
0x43f9c9,97.2973%,1,36,37,36,1,0,0
0x41f56f,90%,1,9,10,0,0,1,9
0x494431,93.75%,1,15,16,0,0,1,15
0x4a4f6b,99.3377%,1,150,151,0,0,1,150
0x4045f6,0%,1,0,1,0,0,1,0
0x460d09,97.2973%,1,36,37,0,0,1,36
0x494352,0%,1,0,1,0,0,1,0
0x40adc2,0%,1,0,1,0,0,1,0
0x403899,0%,1,0,1,0,0,1,0
0x403281,98.4375%,1,63,64,63,0,1,0
0x40adec,88.8889%,1,8,9,8,0,1,0
0x48e682,98.0392%,1,50,51,0,0,1,50
0x40c9af,99.9908%,1,10896,10897,10896,1,0,0
0x492b33,93.75%,1,15,16,0,0,1,15
0x48e674,98.0392%,1,50,51,0,0,1,50
0x4a61a7,87.5%,1,7,8,7,1,0,0
0x494624,93.75%,1,15,16,0,0,1,15
0x4113dc,99.9961%,1,25617,25618,0,0,1,25617
0x420970,99.9898%,1,9766,9767,9766,1,0,0
0x40056a,98.6486%,1,73,74,73,1,0,0
0x403c02,0%,1,0,1,0,0,1,0
0x4c1f3f,99.3243%,1,147,148,0,0,1,147
0x4c1f72,99.3243%,1,147,148,147,1,0,0
0x494648,93.75%,1,15,16,0,0,1,15
0x4092a8,66.6667%,1,2,3,1,1,0,1
0x460bdb,97.2973%,1,36,37,0,0,1,36
0x493dc6,94.1176%,1,16,17,16,1,0,0
0x41de75,0%,1,0,1,0,0,1,0
0x4113bb,99.9855%,1,6895,6896,435,0,1,6460
0x4a7df0,99.9898%,1,9807,9808,0,0,1,9807
0x41e426,97.5%,1,39,40,0,1,0,39
0x4a63eb,99.9692%,1,3249,3250,0,0,1,3249
0x4a5c2a,99.9898%,1,9807,9808,0,0,1,9807
0x4a7dc3,99.9898%,1,9807,9808,0,0,1,9807
0x48e690,98.0392%,1,50,51,0,0,1,50
0x4bbf14,99.9495%,1,1979,1980,0,0,1,1979
0x4937b2,98.4375%,1,63,64,0,0,1,63
0x4f0d17,98.0392%,1,50,51,0,0,1,50
0x4052d1,97.2973%,1,36,37,36,1,0,0
0x416447,99.9975%,1,39581,39582,0,0,1,39581
0x4a840c,99.9944%,1,17830,17831,17830,1,0,0
0x4bbf0a,99.9495%,1,1979,1980,0,0,1,1979
0x411458,99.9954%,1,21545,21546,0,0,1,21545
0x4a49a3,99.9831%,1,5931,5932,0,0,1,5931
0x41e1f0,99.9318%,1,1466,1467,0,1,0,1466
0x41e40d,100%,0,1,1,0,0,0,1
0x494c06,100%,0,11,11,11,0,0,0
0x4b0378,100%,0,1,1,1,0,0,0
0x4041b4,100%,0,1,1,1,0,0,0
0x4b0347,100%,0,2,2,0,0,0,2
0x403aed,100%,0,1,1,0,0,0,1
0x41e47e,100%,0,39,39,0,0,0,39
0x40464a,100%,0,1,1,1,0,0,0
0x49437b,100%,0,1,1,0,0,0,1
0x494bc6,100%,0,11,11,0,0,0,11
0x454c72,100%,0,30,30,0,0,0,30
0x45e5be,100%,0,74,74,0,0,0,74
0x4c4af8,100%,0,3154,3154,0,0,0,3154
0x403bec,100%,0,1,1,1,0,0,0
0x4a4cbe,100%,0,5940,5940,0,0,0,5940
0x404260,100%,0,1,1,0,0,0,1
0x4950dd,100%,0,5,5,3,0,0,2
0x40408c,100%,0,1,1,0,0,0,1
0x4919e5,100%,0,6,6,0,0,0,6
0x4b034e,100%,0,2,2,1,0,0,1
0x43e343,100%,0,74,74,74,0,0,0
0x45e59b,100%,0,74,74,0,0,0,74
0x402701,100%,0,55,55,1,0,0,54
0x492d03,100%,0,2,2,0,0,0,2
0x4919bc,100%,0,6,6,0,0,0,6
0x48efa9,100%,0,18,18,0,0,0,18
0x4c4dc8,100%,0,226,226,0,0,0,226
0x403a2f,100%,0,6,6,6,0,0,0
0x48ee4c,100%,0,6,6,0,0,0,6
0x4045b1,100%,0,1,1,0,0,0,1
0x403084,100%,0,1,1,0,0,0,1
0x45d73b,100%,0,74,74,0,0,0,74
0x459935,100%,0,148,148,0,0,0,148
0x48ef70,100%,0,18,18,0,0,0,18
0x40ce5a,100%,0,4111,4111,4111,0,0,0
0x41f55e,100%,0,10,10,0,0,0,10
0x4947de,100%,0,16,16,0,0,0,16
0x4bd25c,100%,0,6,6,6,0,0,0
0x403557,100%,0,1,1,1,0,0,0
0x4a6ef7,100%,0,1370,1370,0,0,0,1370
0x45d744,100%,0,74,74,0,0,0,74
0x403c1f,100%,0,1,1,0,0,0,1
0x422bfc,100%,0,74,74,0,0,0,74
0x41fbfc,100%,0,11,11,11,0,0,0
0x4a6078,100%,0,2591,2591,2591,0,0,0
0x4a6447,100%,0,74,74,0,0,0,74
0x4034b7,100%,0,1,1,1,0,0,0
0x41f565,100%,0,10,10,0,0,0,10
0x402905,100%,0,1916,1916,0,0,0,1916
0x422bc6,100%,0,74,74,0,0,0,74
0x404c44,100%,0,9,9,0,0,0,9
0x459960,100%,0,148,148,148,0,0,0
0x4a4bf0,100%,0,5940,5940,5940,0,0,0
0x4acdf8,100%,0,16,16,0,0,0,16
0x4937e1,100%,0,7,7,0,0,0,7
0x4955b3,100%,0,1,1,0,0,0,1
0x494544,100%,0,16,16,0,0,0,16
0x4a501c,100%,0,1,1,1,0,0,0
0x49572b,100%,0,64,64,48,0,0,16
0x4a4863,100%,0,11160,11160,11160,0,0,0
0x41620b,100%,0,44354,44354,0,0,0,44354
0x4920ef,100%,0,16,16,0,0,0,16
0x45f3b9,100%,0,74,74,0,0,0,74
0x40248c,100%,0,79164,79164,0,0,0,79164
0x429dae,100%,0,37,37,0,0,0,37
0x446a69,100%,0,37,37,0,0,0,37
0x403a6e,100%,0,2,2,0,0,0,2
0x404bed,100%,0,9,9,0,0,0,9
0x416278,100%,0,44354,44354,0,0,0,44354
0x491908,100%,0,14,14,0,0,0,14
0x4a48f0,100%,0,5940,5940,0,0,0,5940
0x43fcdd,100%,0,37,37,37,0,0,0
0x4a478d,100%,0,17831,17831,0,0,0,17831
0x43fca4,100%,0,37,37,37,0,0,0
0x4a5c95,100%,0,1744,1744,0,0,0,1744
0x43fc8f,100%,0,37,37,0,0,0,37
0x43fdb4,100%,0,37,37,37,0,0,0
0x43fc87,100%,0,37,37,37,0,0,0
0x495120,100%,0,16,16,16,0,0,0
0x43fc6e,100%,0,37,37,0,0,0,37
0x429dc7,100%,0,37,37,37,0,0,0
0x45e60e,100%,0,74,74,0,0,0,74
0x45e5f4,100%,0,74,74,0,0,0,74
0x460c13,100%,0,37,37,0,0,0,37
0x491b04,100%,0,7,7,0,0,0,7
0x41143b,100%,0,7097,7097,1816,0,0,5281
0x43fa37,100%,0,37,37,37,0,0,0
0x45503a,100%,0,37,37,0,0,0,37
0x45532b,100%,0,37,37,37,0,0,0
0x4bbed8,100%,0,1980,1980,1980,0,0,0
0x4552ff,100%,0,37,37,0,0,0,37
0x4a4795,100%,0,17831,17831,0,0,0,17831
0x460c73,100%,0,37,37,0,0,0,37
0x42018b,100%,0,35,35,0,0,0,35
0x48efba,100%,0,18,18,18,0,0,0
0x493cbb,100%,0,16,16,0,0,0,16
0x41f2b5,100%,0,41,41,41,0,0,0
0x40290a,100%,0,1916,1916,0,0,0,1916
0x42a368,100%,0,37,37,0,0,0,37
0x494a41,100%,0,16,16,0,0,0,16
0x42a340,100%,0,37,37,0,0,0,37
0x42a326,100%,0,37,37,0,0,0,37
0x420627,100%,0,13,13,13,0,0,0
0x43fb7c,100%,0,37,37,37,0,0,0
0x4061e6,100%,0,8,8,0,0,0,8
0x45333a,100%,0,37,37,0,0,0,37
0x4a4fd9,100%,0,14,14,0,0,0,14
0x48ee1f,100%,0,6,6,0,0,0,6
0x49495e,100%,0,16,16,16,0,0,0
0x4202e6,100%,0,1,1,0,0,0,1
0x403928,100%,0,6,6,0,0,0,6
0x4a48ab,100%,0,5940,5940,0,0,0,5940
0x4a48d4,100%,0,5940,5940,0,0,0,5940
0x4a484f,100%,0,11891,11891,11891,0,0,0
0x41fe77,100%,0,82,82,0,0,0,82
0x4a4783,100%,0,17831,17831,0,0,0,17831
0x404411,100%,0,1,1,0,0,0,1
0x45a400,100%,0,444,444,0,0,0,444
0x4a8403,100%,0,17831,17831,0,0,0,17831
0x493d93,100%,0,17,17,17,0,0,0
0x40ca05,100%,0,10897,10897,0,0,0,10897
0x43fd06,100%,0,37,37,37,0,0,0
0x40477b,100%,0,1099,1099,0,0,0,1099
0x40c1a2,100%,0,37,37,37,0,0,0
0x405269,100%,0,37,37,37,0,0,0
0x404729,100%,0,1099,1099,1099,0,0,0
0x4a4cca,100%,0,5940,5940,0,0,0,5940
0x41ec34,100%,0,41,41,0,0,0,41
0x4a47e9,100%,0,11891,11891,11891,0,0,0
0x41e624,100%,0,4176,4176,2463,0,0,1713
0x41e62b,100%,0,3962,3962,0,0,0,3962
0x4a488e,100%,0,5940,5940,5940,0,0,0
0x4a48b7,100%,0,5940,5940,5940,0,0,0
0x4c4b58,100%,0,2699,2699,2699,0,0,0
0x40ca9b,100%,0,2570,2570,2570,0,0,0
0x40b716,100%,0,19259,19259,7363,0,0,11896
0x4a47da,100%,0,11891,11891,0,0,0,11891
0x40286c,100%,0,1916,1916,1916,0,0,0
0x402824,100%,0,1916,1916,1916,0,0,0
0x494c25,100%,0,11,11,0,0,0,11
0x4a4779,100%,0,17831,17831,0,0,0,17831
0x40aa5b,100%,0,1,1,0,0,0,1
0x4a485e,100%,0,11891,11891,731,0,0,11160
0x402b34,100%,0,2292,2292,2292,0,0,0
0x43fa42,100%,0,37,37,37,0,0,0
0x404757,100%,0,1099,1099,0,0,0,1099
0x41e490,100%,0,39,39,0,0,0,39
0x4918f0,100%,0,14,14,0,0,0,14
0x4a4834,100%,0,11160,11160,11160,0,0,0
0x4c4e1b,100%,0,2473,2473,0,0,0,2473
0x4a4c05,100%,0,5940,5940,0,0,0,5940
0x4a4963,100%,0,2535,2535,0,0,0,2535
0x4a4807,100%,0,11891,11891,0,0,0,11891
0x4a47b7,100%,0,11891,11891,0,0,0,11891
0x460ad6,100%,0,37,37,0,0,0,37
0x403595,100%,0,1,1,1,0,0,0
0x494bbc,100%,0,11,11,0,0,0,11
0x40279d,100%,0,7053,7053,1145,0,0,5908
0x402b50,100%,0,2292,2292,0,0,0,2292
0x402b11,100%,0,2292,2292,0,0,0,2292
0x41e1c9,100%,0,40,40,0,0,0,40
0x4a5cfe,100%,0,1158,1158,0,0,0,1158
0x421ce0,100%,0,41,41,41,0,0,0
0x4150c1,100%,0,16269,16269,16269,0,0,0
0x4b0315,100%,0,2,2,0,0,0,2
0x4a6ee1,100%,0,1370,1370,0,0,0,1370
0x41e87d,100%,0,136729,136729,0,0,0,136729
0x4956f0,100%,0,16,16,0,0,0,16
0x4ace0b,100%,0,16,16,0,0,0,16
0x4a6152,100%,0,911,911,0,0,0,911
0x40926f,100%,0,19,19,19,0,0,0
0x4f13aa,100%,0,57,57,0,0,0,57
0x4c4bfb,100%,0,2989,2989,0,0,0,2989
0x4a616b,100%,0,63,63,0,0,0,63
0x4c4b02,100%,0,3154,3154,3154,0,0,0
0x493733,100%,0,64,64,0,0,0,64
0x4a7ddb,100%,0,9808,9808,0,0,0,9808
0x4945a7,100%,0,16,16,0,0,0,16
0x4a5c87,100%,0,1744,1744,1744,0,0,0
0x494528,100%,0,16,16,0,0,0,16
0x4113fb,100%,0,6090,6090,842,0,0,5248
0x4024f8,100%,0,1910,1910,0,0,0,1910
0x41690e,100%,0,7700,7700,0,0,0,7700
0x4f3d19,100%,0,2,2,2,0,0,0
0x4038cc,100%,0,1,1,0,0,0,1
0x403871,100%,0,1,1,0,0,0,1
0x4047cb,100%,0,1,1,0,0,0,1
0x4116c2,100%,0,1749,1749,1749,0,0,0
0x4a628d,100%,0,1744,1744,1744,0,0,0
0x411667,100%,0,1749,1749,0,0,0,1749
0x41e861,100%,0,124273,124273,0,0,0,124273
0x41e7b2,100%,0,127689,127689,0,0,0,127689
0x402508,100%,0,3295,3295,0,0,0,3295
0x4a648c,100%,0,3176,3176,0,0,0,3176
0x45e5eb,100%,0,74,74,0,0,0,74
0x402487,100%,0,79164,79164,0,0,0,79164
0x4a47c8,100%,0,11891,11891,0,0,0,11891
0x402481,100%,0,79164,79164,0,0,0,79164
0x402477,100%,0,79164,79164,0,0,0,79164
0x4a491b,100%,0,1421,1421,0,0,0,1421
0x4a4911,100%,0,1421,1421,0,0,0,1421
0x4c4b4e,100%,0,2699,2699,0,0,0,2699
0x4a7de7,100%,0,9808,9808,0,0,0,9808
0x43f9f1,100%,0,37,37,37,0,0,0
0x4c4a98,100%,0,3135,3135,0,0,0,3135
0x446a53,100%,0,74,74,37,0,0,37
0x491a50,100%,0,7,7,0,0,0,7
0x420569,100%,0,6,6,0,0,0,6
0x494fa9,100%,0,16,16,0,0,0,16
0x41ede6,100%,0,7039,7039,0,0,0,7039
0x45504d,100%,0,37,37,37,0,0,0
0x4201d6,100%,0,3,3,1,0,0,2
0x4924fe,100%,0,30,30,0,0,0,30
0x4163be,100%,0,222,222,0,0,0,222
0x48eefd,100%,0,18,18,0,0,0,18
0x4a48c3,100%,0,5940,5940,0,0,0,5940
0x420572,100%,0,6,6,0,0,0,6
0x4a4882,100%,0,5940,5940,0,0,0,5940
0x416853,100%,0,88939,88939,0,0,0,88939
0x4a52a3,100%,0,5940,5940,5940,0,0,0
0x40bc73,100%,0,72543,72543,0,0,0,72543
0x406113,100%,0,8,8,0,0,0,8
0x405ef2,100%,0,8,8,8,0,0,0
0x4169b4,100%,0,89784,89784,0,0,0,89784
0x4bbec2,100%,0,7920,7920,7920,0,0,0
0x4f0def,100%,0,16,16,16,0,0,0
0x40326a,100%,0,64,64,0,0,0,64
0x44b76e,100%,0,37,37,37,0,0,0
0x493218,100%,0,16,16,0,0,0,16
0x4169c0,100%,0,89784,89784,0,0,0,89784
0x4032a9,100%,0,1,1,0,0,0,1
0x494fb4,100%,0,16,16,0,0,0,16
0x41e4ac,100%,0,39,39,0,0,0,39
0x49439c,100%,0,15,15,0,0,0,15
0x403b8a,100%,0,1,1,1,0,0,0
0x4f0945,100%,0,17,17,0,0,0,17
0x45d75e,100%,0,74,74,0,0,0,74
0x4f0e21,100%,0,16,16,16,0,0,0
0x420243,100%,0,6,6,0,0,0,6
0x4938e4,100%,0,16,16,16,0,0,0
0x41e91d,100%,0,133113,133113,0,0,0,133113
0x492aad,100%,0,16,16,0,0,0,16
0x4a48e2,100%,0,5940,5940,0,0,0,5940
0x404bfe,100%,0,9,9,0,0,0,9
0x454c4d,100%,0,30,30,0,0,0,30
0x41141c,100%,0,21910,21910,0,0,0,21910
0x4929bd,100%,0,58,58,0,0,0,58
0x454c37,100%,0,30,30,0,0,0,30
0x494363,100%,0,1,1,0,0,0,1
0x48e777,100%,0,110,110,0,0,0,110
0x49308c,100%,0,16,16,0,0,0,16
0x48e534,100%,0,245,245,245,0,0,0
0x404278,100%,0,1,1,0,0,0,1
0x40ccb9,100%,0,41590,41590,0,0,0,41590
