Branch PC,Accuracy,Mispredictions,Correct Predictions,Total,dir_t_pred_t,dir_t_pred_nt,dir_nt_pred_t,dir_nt_pred_nt
aggregate,88.4042%,2307703,17593552,19901255,9083605,912808,1394895,8509947
0x4164ea,86.7693%,117172,768436,885608,81572,91310,25862,686864
0x40cc3f,74.601%,103432,303796,407228,179346,48369,55063,124450
0x41683b,49.8106%,90231,89550,179781,45109,45194,45037,44441
0x40bda5,77.3035%,82175,279885,362060,250473,20345,61830,29412
0x40cf70,67.8352%,68484,144432,212916,124734,17084,51400,19698
0x40bbbf,60.1576%,68127,102864,170991,53390,33639,34488,49474
0x40f6e4,64.2931%,65970,118784,184754,70117,30185,35785,48667
0x40c966,62.974%,65733,111799,177532,52767,33538,32195,59032
0x40f70f,66.3287%,62209,122545,184754,102591,17658,44551,19954
0x40971d,79.5376%,54527,211947,266474,156579,20913,33614,55368
0x40f73a,71.3522%,52928,131826,184754,117011,12466,40462,14815
0x40bbb6,82.9275%,49000,238012,287012,86449,29572,19428,151563
0x40f765,73.6953%,48599,136155,184754,123246,10591,38008,12909
0x416416,74.2285%,46224,133137,179361,103108,18675,27549,30029
0x40cdd3,84.834%,44832,250776,295608,210265,7800,37032,40511
0x41651f,78.0488%,40556,144199,184755,126501,6990,33566,17698
0x40cfb4,73.6202%,40207,112209,152416,104565,7552,32655,7644
0x40bcb7,87.3956%,36176,250836,287012,205874,9385,26791,44962
0x416298,68.9182%,35671,79094,114765,16350,27009,8662,62744
0x409544,76.2989%,35158,113181,148339,8951,27327,7831,104230
0x416558,81.2761%,34928,151614,186542,118913,9897,25031,32701
0x40b796,76.1031%,30498,97125,127623,37023,17291,13207,60102
0x40b734,76.8318%,29568,98055,127623,93608,5047,24521,4447
0x40b6d4,77.1836%,29119,98504,127623,93527,4883,24236,4977
0x40b676,77.7266%,28426,99197,127623,91740,5884,22542,7457
0x402e0b,68.8835%,26847,59432,86279,22026,14132,12715,37406
0x40b5f6,79.2232%,26516,101107,127623,90676,6491,20025,10431
0x40cff1,78.1296%,26340,94097,120437,89100,4529,21811,4997
0x40be17,71.1657%,26309,64933,91242,59948,4980,21329,4985
0x40ccb5,86.9355%,25708,171069,196777,166370,3509,22199,4699
0x40bc9b,66.9424%,24179,48963,73142,18828,13766,10413,30135
0x40ef5c,69.3499%,22651,51251,73902,44583,6022,16629,6668
0x40f088,69.3946%,22618,51284,73902,36808,8306,14312,14476
0x40f024,69.4054%,22610,51292,73902,38164,7713,14897,13128
0x409489,71.8081%,21076,53683,74759,2026,18021,3055,51657
0x40d02e,79.4007%,20505,79037,99542,76433,3411,17094,2604
0x40cc72,77.9432%,20152,71212,91364,36287,4445,15707,34925
0x40eff2,74.1834%,19079,54823,73902,36649,8460,10619,18174
0x40cded,75.7399%,18812,58731,77543,57317,2284,16528,1414
0x40f056,74.6231%,18754,55148,73902,43229,5814,12940,11919
0x40efc0,75.0291%,18454,55448,73902,44942,5215,13239,10506
0x40ef8e,75.2537%,18288,55614,73902,40456,6447,11841,15158
0x41136c,81.6505%,17752,78992,96744,47901,5085,12667,31091
0x40f0ba,78.052%,16220,57682,73902,43417,5441,10779,14265
0x4094d0,79.1771%,15567,59192,74759,4033,12173,3394,55159
0x402e1a,70.9982%,14536,35585,50121,32833,3361,11175,2752
0x4096b4,72.9394%,13740,37035,50775,4329,10000,3740,32706
0x4094ed,70.8698%,13695,33318,47013,31372,2465,11230,1946
0x40caeb,69.5063%,13534,30849,44383,20975,5466,8068,9874
0x416578,76.7858%,13402,44330,57732,22729,4062,9340,21601
0x411488,85.7407%,13167,79173,92340,69885,3851,9316,9288
0x40ccf3,92.298%,13084,156795,169879,121625,4371,8713,35170
0x40ceec,95.6618%,12824,282784,295608,218305,3401,9423,64479
0x41de07,76.0555%,12590,39990,52580,25947,5893,6697,14043
0x40cf7a,82.4257%,12495,58603,71098,57829,1431,11064,774
0x40cf60,94.5542%,12401,215314,227715,211630,1286,11115,3684
0x41ddeb,77.3491%,11964,40855,52819,26633,5710,6254,14222
0x40bbd7,87.3812%,10595,73367,83962,72558,1037,9558,809
0x416598,74.1603%,10593,30402,40995,29541,1400,9193,861
0x40b69d,89.1879%,10264,84667,94931,2604,8441,1823,82063
0x40c98c,88.8025%,10212,80987,91199,80633,830,9382,354
0x40b6fd,90.3297%,10090,94250,104340,859,8963,1127,93391
0x40cfbe,76.5056%,9468,30831,40299,29282,1887,7581,1549
0x411385,78.5434%,9389,34369,43758,27523,2331,7058,6846
0x4113d4,78.2411%,9377,33718,43095,25864,3388,5989,7854
0x40cfa4,94.3971%,9138,153956,163094,151245,1171,7967,2711
0x40b75d,90.5987%,9069,87396,96465,1538,7480,1589,85858
0x40ce0a,68.8574%,8842,19550,28392,4962,5488,3354,14588
0x4095f9,68.9847%,8416,18719,27135,3618,5739,2677,15101
0x40bc89,90.4584%,8304,78725,87029,8005,5882,2422,70720
0x411414,80.7705%,8136,34174,42310,24274,3401,4735,9900
0x416018,89.2222%,7965,65937,73902,11886,3513,4452,54051
0x402c7e,89.8563%,7701,68218,75919,67350,1399,6302,868
0x40cffb,72.732%,7310,19498,26808,17774,1787,5523,1724
0x40cfe4,94.3808%,7238,121570,128808,119296,1141,6097,2274
0x40b63b,89.5299%,7187,61456,68643,551,6496,691,60905
0x40cad7,96.0999%,6924,170608,177532,130966,2183,4741,39642
0x40cd39,96.6145%,6406,182815,189221,144253,1892,4514,38562
0x40d021,94.4009%,5982,100857,106839,98966,576,5406,1891
0x40cd08,86.3729%,5980,37903,43883,17705,3170,2810,20198
0x41e892,88.826%,5887,46798,52685,16961,3339,2548,29837
0x40bc4b,66.4978%,5887,11685,17572,3665,3540,2347,8020
0x40d038,71.9058%,5534,14164,19698,2179,3951,1583,11985
0x409640,79.9521%,5440,21695,27135,2003,3899,1541,19692
0x40b609,83.8718%,4912,25544,30456,24629,820,4092,915
0x40965d,68.2894%,4879,10507,15386,9492,1334,3545,1015
0x402e47,94.4633%,4777,81502,86279,81429,309,4468,73
0x40ce1e,73.4088%,4771,13171,17942,526,3927,844,12645
0x40cc58,97.9185%,4740,222975,227715,87796,3568,1172,135179
0x411450,88.893%,4533,36279,40812,24715,1454,3079,11564
0x40ce32,66.3948%,4533,8956,13489,1939,2858,1675,7017
0x40f115,94.0759%,4378,69524,73902,69518,120,4258,6
0x40cf67,71.6129%,4201,10598,14799,7552,1886,2315,3046
0x40ceab,77.0037%,4126,13816,17942,12139,1124,3002,1677
0x4164f5,99.5653%,3850,881758,885608,33058,2181,1669,848700
0x40be26,94.6079%,3501,61427,64928,61363,232,3269,64
0x41ee6f,94.0382%,3141,49544,52685,49537,93,3048,7
0x409e64,55.8598%,3047,3856,6903,2771,1305,1742,1085
0x409e93,57.3519%,2944,3959,6903,3032,1119,1825,927
0x40ce46,67.5679%,2819,5873,8692,2684,1505,1314,3189
0x40bb0e,96.4468%,2640,71660,74300,71649,104,2536,11
0x40c995,73.6339%,2567,7169,9736,5387,1021,1546,1782
0x4113e4,85.3477%,2495,14533,17028,7714,1416,1079,6819
0x4113a4,86.5031%,2283,14632,16915,8341,1179,1104,6291
0x40cfab,78.8537%,2258,8420,10678,6713,848,1410,1707
0x41ee22,94.197%,2155,34981,37136,34980,19,2136,1
0x40ca73,65.6301%,1901,3630,5531,713,1286,615,2917
0x411424,89.7815%,1871,16439,18310,8496,1236,635,7943
0x40be1b,92.9809%,1847,24467,26314,24429,182,1665,38
0x41646f,99.0388%,1793,184748,186541,133,1654,139,184615
0x40f1d2,61.4497%,1771,2823,4594,2346,435,1336,477
0x40ca5f,75.9102%,1727,5442,7169,285,1353,374,5157
0x41eec2,94.1761%,1652,26714,28366,26713,17,1635,1
0x411464,91.1493%,1645,16941,18586,8911,983,662,8030
0x416895,97.9813%,1633,79261,80894,79185,45,1588,76
0x40cfeb,81.6509%,1536,6835,8371,5542,421,1115,1293
0x41142c,82.6183%,1491,7087,8578,2951,724,767,4136
0x41146c,83.6401%,1422,7270,8692,3431,512,910,3839
0x40f1fb,55.6954%,1373,1726,3099,1264,485,888,462
0x40d028,81.9241%,1319,5978,7297,1019,888,431,4959
0x40954c,98.8649%,1272,110789,112061,72516,1064,208,38273
0x4113ac,83.8134%,1197,6198,7395,2446,565,632,3752
0x40ca87,67.6387%,1143,2389,3532,1284,489,654,1105
0x40ca4b,86.3478%,1133,7166,8299,224,906,227,6942
0x4169eb,99.3479%,1111,169255,170366,38298,689,422,130957
0x40ce7e,93.8803%,1098,16844,17942,5850,650,448,10994
0x40ca16,74.5278%,1025,2999,4024,2245,322,703,754
0x4113ec,87.1613%,1014,6884,7898,2809,376,638,4075
0x409733,98.9189%,962,88020,88982,1,945,17,88019
0x40cebb,80.2522%,924,3755,4679,67,405,519,3688
0x40f224,53.8265%,905,1055,1960,342,527,378,713
0x40b8c1,80.6567%,813,3390,4203,3180,163,650,210
0x4096bc,97.7913%,805,35641,36446,23338,302,503,12303
0x416427,98.6821%,771,57732,58503,71,701,70,57661
0x40ca24,82.2565%,714,3310,4024,116,580,134,3194
0x40ccc4,97.7928%,686,30394,31080,523,507,179,29871
0x40b845,73.8909%,665,1882,2547,1487,200,465,395
0x41ee8e,78.2979%,663,2392,3055,1517,299,364,875
0x415fc1,99.1253%,652,73885,74537,34,601,51,73851
0x40bd04,99.1136%,636,71117,71753,71094,24,612,23
0x40efd1,97.4774%,599,23146,23745,2891,543,56,20255
0x416026,98.9847%,594,57909,58503,525,522,72,57384
0x409749,99.3253%,594,87442,88036,0,584,10,87442
0x416a0f,99.2876%,575,80135,80710,80134,6,569,1
0x40b8df,79.7409%,516,2031,2547,1688,182,334,343
0x40b96d,81.0758%,482,2065,2547,1591,276,206,474
0x40bd78,76.1631%,456,1457,1913,1105,173,283,352
0x40249c,96.2508%,446,11450,11896,11438,1,445,12
0x40b9dc,64.2628%,446,802,1248,324,244,202,478
0x40f0cb,98.2271%,444,24600,25044,3168,402,42,21432
0x40f160,90.9753%,421,4244,4665,3,398,23,4241
0x40ef9f,98.4481%,419,26580,26999,7166,409,10,19414
0x40f099,98.5723%,411,28377,28788,7186,374,37,21191
0x40976b,99.5369%,405,87047,87452,2,394,11,87045
0x40cccc,98.6622%,402,29648,30050,3797,385,17,25851
0x4c4a96,76.7868%,380,1257,1637,653,113,267,604
0x40b94c,74.0028%,365,1039,1404,553,174,191,486
0x402ea3,99.7047%,349,117838,118187,137,322,27,117701
0x40f1e7,81.6327%,333,1480,1813,1470,25,308,10
0x40ef6d,98.605%,325,22972,23297,3322,257,68,19650
0x40f003,98.8851%,321,28472,28793,7680,210,111,20792
0x41e613,55.8739%,308,390,698,309,93,215,81
0x41e7cb,99.5435%,299,65203,65502,3740,235,64,61463
0x41debb,99.9364%,294,461934,462228,461934,294,0,0
0x40f067,98.93%,266,24593,24859,3210,240,26,21383
0x409eb5,96.1466%,266,6637,6903,6637,27,239,0
0x41169f,48.2688%,254,237,491,136,106,148,101
0x402ceb,99.6668%,253,75666,75919,0,239,14,75666
0x41e61c,63.8968%,252,446,698,400,44,208,46
0x402e4f,94.5166%,249,4292,4541,4291,11,238,1
0x41ddf9,99.5437%,241,52578,52819,0,239,2,52578
0x4a623e,95.7667%,241,5452,5693,4578,42,199,874
0x420372,78.8159%,229,852,1081,715,96,133,137
0x40b708,99.7815%,228,104112,104340,21893,128,100,82219
0x40f210,83.1852%,227,1123,1350,1080,59,168,43
0x41eea2,99.5919%,215,52470,52685,52470,10,205,0
0x401d5a,88.5621%,210,1626,1836,1301,76,134,325
0x40b9fd,91.9513%,205,2342,2547,511,160,45,1831
0x41e917,99.6223%,199,52486,52685,6,199,0,52480
0x401d13,88.0173%,194,1425,1619,1378,55,139,47
0x4024b5,57.5492%,194,263,457,30,174,20,233
0x4169fc,99.8615%,182,131197,131379,89552,181,1,41645
0x401ce1,90.6863%,171,1665,1836,1562,57,114,103
0x4a602d,80.1183%,168,677,845,128,108,60,549
0x4204a2,75.8017%,166,520,686,357,86,80,163
0x40f666,84.0509%,163,859,1022,855,48,115,4
0x40f239,85.7929%,155,936,1091,924,26,129,12
0x40f63e,84.9315%,154,868,1022,862,41,113,6
0x41688c,99.8842%,150,129399,129549,87668,145,5,41731
0x41ee45,99.6069%,146,36990,37136,36990,2,144,0
0x40f68e,85.7143%,146,876,1022,869,32,114,7
0x4a4951,89.5084%,143,1220,1363,318,114,29,902
0x40f610,86.0078%,143,879,1022,879,21,122,0
0x41f5e4,55.4839%,138,172,310,101,56,82,71
0x4163fd,86.915%,137,910,1047,896,29,108,14
0x4a47a5,92.913%,136,1783,1919,1346,18,118,437
0x4a5e65,96.6242%,135,3864,3999,895,108,27,2969
0x41e857,99.7985%,132,65370,65502,137,117,15,65233
0x409eba,45.6067%,130,109,239,60,58,72,49
0x40ba84,84.0708%,126,665,791,17,103,23,648
0x402763,73.8562%,120,339,459,176,64,56,163
0x4a482f,78.5586%,119,436,555,244,65,54,192
0x41fca9,82.0988%,116,532,648,505,35,81,27
0x41eee2,99.5911%,116,28250,28366,28250,6,110,0
0x4a4983,87.6477%,115,816,931,747,0,115,69
0x4a612d,89.5814%,112,963,1075,288,64,48,675
0x4a6247,90.4007%,103,970,1073,789,33,70,181
0x4c4c56,96.7721%,99,2968,3067,2417,44,55,551
0x4a5c55,95.9721%,98,2335,2433,1328,36,62,1007
0x4c4aa2,89.3226%,93,778,871,48,89,4,730
0x415f9c,99.8788%,92,75827,75919,1340,42,50,74487
0x4c4e72,97.7038%,89,3787,3876,3136,29,60,651
0x41fbc9,86.4198%,88,560,648,198,67,21,362
0x4a6004,92.4216%,87,1061,1148,238,65,22,823
0x416abb,97.6031%,86,3502,3588,1400,63,23,2102
0x4a4119,83.301%,86,429,515,204,65,21,225
0x41f60e,67.803%,85,179,264,67,44,41,112
0x41fc03,78.4%,81,294,375,291,17,64,3
0x4169dd,99.9525%,81,170362,170443,0,77,4,170362
0x40f262,91.6314%,79,865,944,20,58,21,845
0x4a41cb,96.8826%,77,2393,2470,2210,13,64,183
0x41ea77,70.8171%,75,182,257,7,51,24,175
0x40f24d,92.8713%,72,938,1010,20,46,26,918
0x420425,81.6794%,72,321,393,284,48,24,37
0x4a4088,97.1255%,71,2399,2470,256,13,58,2143
0x4152e4,89.8281%,71,627,698,110,33,38,517
0x42033d,96.1883%,68,1716,1784,505,48,20,1211
0x4a5e9c,96.5359%,68,1895,1963,1379,22,46,516
0x40b646,99.9024%,67,68576,68643,21552,45,22,47024
0x42032f,96.4228%,66,1779,1845,8,53,13,1771
0x41f071,95.1449%,62,1215,1277,1211,40,22,4
0x4036f9,91.404%,60,638,698,448,9,51,190
0x420555,81.0897%,59,253,312,248,33,26,5
0x4c4c63,90.429%,58,548,606,497,16,42,51
0x4a5eba,97.2649%,57,2027,2084,1084,31,26,943
0x40f18e,98.8424%,54,4611,4665,1,53,1,4610
0x4c4e7f,92.6864%,52,659,711,36,37,15,623
0x4c4ab1,94.2414%,52,851,903,618,7,45,233
0x40b6b1,99.9329%,51,75926,75977,64905,27,24,11021
0x41686d,99.971%,49,168659,168708,0,47,2,168659
0x4a6424,94.1606%,48,774,822,5,41,7,769
0x4a5cea,97.4657%,48,1846,1894,1392,24,24,454
0x402e2a,99.6553%,48,13879,13927,8826,43,5,5053
0x4a5e97,98.4312%,47,2949,2996,1016,17,30,1933
0x41f51e,91.8826%,47,532,579,236,32,15,296
0x4a49b8,96.6251%,46,1317,1363,178,29,17,1139
0x4a5c75,95.7905%,45,1024,1069,1024,5,40,0
0x420344,96.4257%,44,1187,1231,116,34,10,1071
0x41f609,85.1852%,44,253,297,9,24,20,244
0x41692b,99.1412%,43,4964,5007,1554,33,10,3410
0x42045f,96.2641%,43,1108,1151,0,31,12,1108
0x4a48fa,96.9941%,41,1323,1364,1176,20,21,147
0x4a60f6,96.012%,40,963,1003,410,24,16,553
0x41e314,92.3679%,39,472,511,470,18,21,2
0x4a64b6,95.3086%,38,772,810,578,8,30,194
0x41fc77,50.6667%,37,38,75,3,24,13,35
0x42046d,96.7857%,36,1084,1120,275,27,9,809
0x4a5ecb,96.2848%,36,933,969,206,28,8,727
0x41fc4f,52.7778%,34,38,72,12,13,21,26
0x42032a,98.2334%,33,1835,1868,0,23,10,1835
0x409ed0,72.7273%,33,88,121,78,14,19,10
0x41ea3f,93.5798%,33,481,514,481,31,2,0
0x401d3b,80.2395%,33,134,167,108,16,17,26
0x4203d3,77.2059%,31,105,136,93,20,11,12
0x40c979,99.966%,31,91196,91227,0,28,3,91196
0x4bbe67,96.696%,30,878,908,439,15,15,439
0x420474,96.3325%,30,788,818,109,23,7,679
0x420503,96.7083%,29,852,881,849,15,14,3
0x4201e2,87.9668%,29,212,241,117,11,18,95
0x401d29,84.9462%,28,158,186,1,18,10,157
0x4a6146,96.1165%,28,693,721,680,6,22,13
0x41e24d,94.5205%,28,483,511,483,26,2,0
0x41e357,94.5419%,28,485,513,485,26,2,0
0x4a64a9,96.5432%,28,782,810,236,17,11,546
0x42045a,97.6027%,28,1140,1168,1,16,12,1139
0x4a5f4d,88.3117%,27,204,231,24,13,14,180
0x4205d7,86.3636%,27,171,198,83,15,12,88
0x4a4931,85.119%,25,143,168,7,16,9,136
0x41e9a7,95.3307%,24,490,514,236,18,6,254
0x41e338,95.499%,23,488,511,488,17,6,0
0x41e21f,95.499%,23,488,511,3,15,8,485
0x416ad4,99.2444%,23,3021,3044,3021,1,22,0
0x4204c7,54.1667%,22,26,48,21,10,12,5
0x41fcc7,79.6296%,22,86,108,86,16,6,0
0x41fe77,66.6667%,22,44,66,42,12,10,2
0x4a4140,95.7282%,22,493,515,482,1,21,11
0x41ea0f,91.3386%,22,232,254,4,3,19,228
0x41fc12,72%,21,54,75,13,15,6,41
0x4a5cd0,99.1224%,21,2372,2393,487,12,9,1885
0x4a5f94,92.8328%,21,272,293,9,17,4,263
0x402cbd,99.7069%,21,7143,7164,0,17,4,7143
0x4201b5,94.8052%,20,365,385,115,13,7,250
0x416948,99.4053%,20,3343,3363,3343,0,20,0
0x4bbe2a,97.7974%,20,888,908,888,20,0,0
0x41fbda,94.7781%,20,363,383,0,8,12,363
0x4c4ba0,96.8%,20,605,625,603,3,17,2
0x41edf9,92.126%,20,234,254,90,20,0,144
0x4a418e,96.3107%,19,496,515,1,18,1,495
0x40f1b7,99.5879%,19,4592,4611,0,17,2,4592
0x404c6a,82.0755%,19,87,106,87,18,1,0
0x41e9d3,92.6923%,19,241,260,234,14,5,7
0x4a62c0,95.8525%,18,416,434,248,7,11,168
0x41eacf,70.6897%,17,41,58,1,1,16,40
0x420186,93.3852%,17,240,257,240,15,2,0
0x4a49e9,98.827%,16,1348,1364,1348,14,2,0
0x4c4dc2,97.8202%,16,718,734,704,7,9,14
0x4a5d72,96.994%,15,484,499,247,7,8,237
0x41ea9c,92.4623%,15,184,199,181,10,5,3
0x4a496d,98.3888%,15,916,931,0,0,15,916
0x402997,96.9163%,14,440,454,0,0,14,440
0x4a615f,60%,14,21,35,18,3,11,3
0x4a5ee6,98.103%,14,724,738,491,6,8,233
0x4a5f96,94.7566%,14,253,267,243,1,13,10
0x41ff27,53.3333%,14,16,30,7,11,3,9
0x403776,96.9365%,14,443,457,443,14,0,0
0x4024bb,94.4664%,14,239,253,239,0,14,0
0x4091bf,97.2603%,14,497,511,497,8,6,0
0x4a498c,92.9348%,13,171,184,3,2,11,168
0x4201a3,96.6321%,13,373,386,0,1,12,373
0x4a642e,98.3247%,13,763,776,531,3,10,232
0x41fbe0,96.5333%,13,362,375,361,9,4,1
0x421e2a,18.75%,13,3,16,0,0,13,3
0x41ec6f,96.6234%,13,372,385,372,10,3,0
0x4bbda7,98.5839%,13,905,918,905,3,10,0
0x4a7dc3,99.4657%,13,2420,2433,0,0,13,2420
0x4a7d87,99.4657%,13,2420,2433,0,0,13,2420
0x41ebf5,98.3073%,13,755,768,755,10,3,0
0x42059f,94.9219%,13,243,256,27,2,11,216
0x41eaff,95.3307%,12,245,257,245,11,1,0
0x401dfa,97.3856%,12,447,459,447,12,0,0
0x4a5ff7,99.1435%,12,1389,1401,244,9,3,1145
0x41f0a2,58.6207%,12,17,29,0,0,12,17
0x4a7d73,99.5068%,12,2421,2433,0,0,12,2421
0x4203db,85.7143%,12,72,84,14,9,3,58
0x40279d,97.3856%,12,447,459,239,1,11,208
0x406377,89.6226%,11,95,106,95,10,1,0
0x41edef,97.6035%,11,448,459,203,2,9,245
0x4a4157,65.625%,11,21,32,0,0,11,21
0x4a4173,65.625%,11,21,32,8,5,6,13
0x44b4b6,31.25%,11,5,16,5,9,2,0
0x41f04b,62.069%,11,18,29,0,3,8,18
0x404bbc,89.8148%,11,97,108,97,11,0,0
0x41eca6,98.5733%,11,760,771,760,8,3,0
0x40373a,97.6035%,11,448,459,0,0,11,448
0x4a6139,98.4786%,11,712,723,0,2,9,712
0x401cf4,94.9309%,11,206,217,206,7,4,0
0x41fe16,38.8889%,11,7,18,1,5,6,6
0x4a6438,98.7835%,10,812,822,802,8,2,10
0x4a40ed,98.0583%,10,505,515,491,3,7,14
0x4a493a,93.1034%,10,135,145,1,3,7,134
0x420349,99.0749%,10,1071,1081,1070,6,4,1
0x4a5d53,97.996%,10,489,499,489,0,10,0
0x40f035,99.9643%,10,28015,28025,7804,4,6,20211
0x4a5c95,75%,10,30,40,0,0,10,30
0x416339,99.1404%,9,1038,1047,1038,8,1,0
0x4c4ba6,52.6316%,9,10,19,2,3,6,8
0x41efeb,68.9655%,9,20,29,0,0,9,20
0x41eff0,68.9655%,9,20,29,0,0,9,20
0x4a4478,0%,9,0,9,0,0,9,0
0x402c83,99.8745%,9,7161,7170,0,6,3,7161
0x4a5f01,96.7626%,9,269,278,267,0,9,2
0x402c56,96.2343%,9,230,239,0,0,9,230
0x41606f,99.98%,9,44969,44978,35,9,0,44934
0x4b024e,96.9466%,8,254,262,254,6,2,0
0x416cf4,98.2571%,8,451,459,0,0,8,451
0x409e27,96.6527%,8,231,239,0,0,8,231
0x4a4186,98.4466%,8,507,515,0,0,8,507
0x41e1f0,98.4344%,8,503,511,0,0,8,503
0x40ca2e,99.7596%,8,3320,3328,2564,3,5,756
0x4bbdac,98.2759%,8,456,464,455,5,3,1
0x4a7dcc,99.6712%,8,2425,2433,2425,8,0,0
0x4a5e79,99.733%,8,2988,2996,0,0,8,2988
0x41e797,98.2571%,8,451,459,204,1,7,247
0x420397,90.4762%,8,76,84,56,5,3,20
0x42050b,83.3333%,8,40,48,11,6,2,29
0x459da9,0%,8,0,8,0,0,8,0
0x41f0aa,72.4138%,8,21,29,0,3,5,21
0x41ff5e,55.5556%,8,10,18,4,8,0,6
0x4a5f8b,73.0769%,7,19,26,0,0,7,19
0x4a417c,63.1579%,7,12,19,3,6,1,9
0x4164fc,99.9992%,7,850362,850369,700849,4,3,149513
0x4a4491,22.2222%,7,2,9,0,0,7,2
0x4a40a9,63.1579%,7,12,19,0,0,7,12
0x4bbf0a,98.4581%,7,447,454,0,0,7,447
0x46c72b,12.5%,7,1,8,1,7,0,0
0x43e3bc,12.5%,7,1,8,1,7,0,0
0x416acc,99.6706%,7,2118,2125,539,7,0,1579
0x4061cc,93.3962%,7,99,106,99,7,0,0
0x411cde,99.9921%,6,75913,75919,75913,6,0,0
0x4bbde4,98.7069%,6,458,464,4,6,0,454
0x4a648c,99.2593%,6,804,810,0,0,6,804
0x4a6405,99.2701%,6,816,822,0,0,6,816
0x420479,99.1254%,6,680,686,677,3,3,3
0x49ecd9,0%,6,0,6,0,0,6,0
0x41ef0c,79.3103%,6,23,29,23,6,0,0
0x41fec5,66.6667%,6,12,18,5,1,5,7
0x402ad4,98.75%,6,474,480,0,0,6,474
0x41e213,98.8258%,6,505,511,0,0,6,505
0x4b0299,14.2857%,6,1,7,0,3,3,1
0x4a7de7,99.7534%,6,2427,2433,0,0,6,2427
0x4a5d64,40%,6,4,10,1,3,3,3
0x493dc1,53.8462%,6,7,13,7,5,1,0
0x420281,95.3125%,6,122,128,122,5,1,0
0x4a7dac,99.7534%,6,2427,2433,0,0,6,2427
0x49ed04,0%,6,0,6,0,0,6,0
0x43e756,76.9231%,6,20,26,20,6,0,0
0x4bbdfa,98.7069%,6,458,464,4,4,2,454
0x41f5b2,98.0707%,6,305,311,305,5,1,0
0x416aad,99.8329%,6,3584,3590,0,2,4,3584
0x43e3ca,25%,6,2,8,0,0,6,2
0x420222,98.4416%,6,379,385,379,5,1,0
0x4a40ca,68.4211%,6,13,19,12,5,1,1
0x41fda9,44.4444%,5,4,9,2,1,4,2
0x4a6c7b,0%,5,0,5,0,0,5,0
0x411662,98.9817%,5,486,491,0,0,5,486
0x4061bb,95.283%,5,101,106,0,0,5,101
0x4b02e6,28.5714%,5,2,7,2,5,0,0
0x4a40b3,73.6842%,5,14,19,0,0,5,14
0x459960,37.5%,5,3,8,3,5,0,0
0x4a6152,85.7143%,5,30,35,0,0,5,30
0x459d40,37.5%,5,3,8,0,0,5,3
0x49ecba,16.6667%,5,1,6,0,0,5,1
0x45a40e,79.1667%,5,19,24,19,5,0,0
0x4549aa,0%,5,0,5,0,5,0,0
0x421dac,68.75%,5,11,16,11,5,0,0
0x4201bc,98.0545%,5,252,257,12,4,1,240
0x4a6337,97.2067%,5,174,179,0,0,5,174
0x41dc4e,97.9079%,5,234,239,234,5,0,0
0x453d92,28.5714%,5,2,7,2,5,0,0
0x41f52f,98.3923%,5,306,311,306,5,0,0
0x41e1fc,99.0215%,5,506,511,0,0,5,506
0x4116de,98.9817%,5,486,491,241,1,4,245
0x4a4161,84.375%,5,27,32,0,0,5,27
0x46c6dc,37.5%,5,3,8,0,0,5,3
0x402dd8,98.3264%,4,235,239,0,0,4,235
0x4f3dc5,0%,4,0,4,0,3,1,0
0x403763,99.1285%,4,455,459,0,2,2,455
0x4205b1,97.9798%,4,194,198,194,3,1,0
0x4b02cd,42.8571%,4,3,7,3,4,0,0
0x4bbef9,99.1189%,4,450,454,0,0,4,450
0x46c778,50%,4,4,8,4,4,0,0
0x429714,0%,4,0,4,0,0,4,0
0x4205ac,98.2379%,4,223,227,26,3,1,197
0x4a4fe7,0%,4,0,4,0,0,4,0
0x45f360,0%,4,0,4,0,0,4,0
0x4a7d9b,99.8356%,4,2429,2433,2429,4,0,0
0x4a6d1e,97.7654%,4,175,179,0,0,4,175
0x409653,99.9875%,4,32055,32059,16670,3,1,15385
0x4a5ead,99.814%,4,2147,2151,64,3,1,2083
0x40b771,99.9947%,4,76000,76004,67496,1,3,8504
0x45f369,0%,4,0,4,0,0,4,0
0x46c6bc,50%,4,4,8,4,4,0,0
0x422bc6,0%,4,0,4,0,0,4,0
0x41693c,99.883%,4,3416,3420,1640,4,0,1776
0x4a6078,99.5266%,4,841,845,841,4,0,0
0x45d744,0%,4,0,4,0,0,4,0
0x4f0cdb,0%,4,0,4,0,0,4,0
0x4b0294,42.8571%,4,3,7,0,0,4,3
0x41fcda,33.3333%,4,2,6,0,0,4,2
0x40ccb9,99.9851%,4,26894,26898,0,0,4,26894
0x41fd17,33.3333%,4,2,6,0,0,4,2
0x40244f,99.1247%,4,453,457,0,0,4,453
0x4094e3,99.9957%,4,92386,92390,45376,1,3,47010
0x40b768,99.9959%,4,96461,96465,20459,2,2,76002
0x4c31a4,50%,4,4,8,0,0,4,4
0x404bab,96.2963%,4,104,108,0,0,4,104
0x455011,0%,4,0,4,0,4,0,0
0x4bbdbc,99.1379%,4,460,464,457,1,3,3
0x4116c2,99.1853%,4,487,491,487,4,0,0
0x404b9a,96.2963%,4,104,108,0,0,4,104
0x459da0,50%,4,4,8,0,0,4,4
0x402481,99.9664%,4,11892,11896,0,0,4,11892
0x41e300,99.2203%,4,509,513,0,2,2,509
0x45994a,62.5%,3,5,8,5,3,0,0
0x41ec34,0%,3,0,3,0,0,3,0
0x4a62ea,98.324%,3,176,179,0,0,3,176
0x42047e,50%,3,3,6,1,3,0,2
0x4a4486,66.6667%,3,6,9,0,0,3,6
0x4a6178,78.5714%,3,11,14,11,3,0,0
0x42034e,40%,3,2,5,2,2,1,0
0x400404,0%,3,0,3,0,3,0,0
0x41eb97,0%,3,0,3,0,0,3,0
0x454992,0%,3,0,3,0,0,3,0
0x41e624,98.8189%,3,251,254,141,3,0,110
0x4091f2,0%,3,0,3,0,2,1,0
0x41fd42,50%,3,3,6,1,2,1,2
0x4201c1,98.7552%,3,238,241,235,3,0,3
0x4a5d2d,99.8111%,3,1585,1588,0,0,3,1585
0x41687b,99.9982%,3,168658,168661,39109,2,1,129549
0x4f0cfa,25%,3,1,4,0,2,1,1
0x4a4fd9,25%,3,1,4,0,0,3,1
0x4a4945,99.7801%,3,1361,1364,1,0,3,1360
0x4a640f,99.635%,3,819,822,0,0,3,819
0x4f098f,25%,3,1,4,1,3,0,0
0x4a5c87,92.5%,3,37,40,37,3,0,0
0x4b02bc,57.1429%,3,4,7,0,2,1,4
0x41fb77,50%,3,3,6,0,0,3,3
0x420627,97.6744%,3,126,129,125,3,0,1
0x41ecb5,0%,3,0,3,0,0,3,0
0x421a93,99.8434%,3,1913,1916,0,0,3,1913
0x45a3c1,87.5%,3,21,24,21,3,0,0
0x40370f,98.7552%,3,238,241,238,1,2,0
0x4a5f2b,98.7179%,3,231,234,0,3,0,231
0x404bcd,97.2222%,3,105,108,105,2,1,0
0x41fd08,66.6667%,3,6,9,3,0,3,3
0x41ec3d,0%,3,0,3,0,0,3,0
0x4bd1cd,40%,3,2,5,0,0,3,2
0x409e3a,98.7448%,3,236,239,0,0,3,236
0x494b75,25%,3,1,4,0,1,2,1
0x41ffc1,0%,3,0,3,0,3,0,0
0x4a63b7,25%,3,1,4,1,1,2,0
0x40b6b6,99.99%,3,29996,29999,11045,0,3,18951
0x4a491b,98.2143%,3,165,168,0,0,3,165
0x40b711,99.9964%,3,82316,82319,75127,0,3,7189
0x493740,25%,3,1,4,1,3,0,0
0x49eccb,50%,3,3,6,0,0,3,3
0x4937c2,50%,2,2,4,1,2,0,1
0x40c09c,0%,2,0,2,0,0,2,0
0x416cbc,99.5643%,2,457,459,0,0,2,457
0x49371f,50%,2,2,4,2,2,0,0
0x41eb2e,33.3333%,2,1,3,0,0,2,1
0x44b7ff,0%,2,0,2,0,2,0,0
0x4162a4,99.9972%,2,71404,71406,69829,2,0,1575
0x421ce0,33.3333%,2,1,3,1,2,0,0
0x406354,0%,2,0,2,0,1,1,0
0x4296f7,50%,2,2,4,2,2,0,0
0x453d7a,71.4286%,2,5,7,0,0,2,5
0x48eb81,50%,2,2,4,0,0,2,2
0x453d71,71.4286%,2,5,7,0,0,2,5
0x446aa7,0%,2,0,2,0,0,2,0
0x494b81,50%,2,2,4,2,1,1,0
0x41e861,99.9969%,2,65246,65248,0,0,2,65246
0x43fdb4,0%,2,0,2,0,2,0,0
0x446a3e,50%,2,2,4,0,0,2,2
0x4a4058,99.1903%,2,245,247,245,2,0,0
0x4a4f56,60%,2,3,5,0,0,2,3
0x40caa8,99.823%,2,1128,1130,1128,2,0,0
0x4a6316,98.8827%,2,177,179,0,0,2,177
0x40041c,33.3333%,2,1,3,0,2,0,1
0x43f9f1,0%,2,0,2,0,2,0,0
0x49eca6,71.4286%,2,5,7,1,0,2,4
0x454c88,0%,2,0,2,0,2,0,0
0x4b01ac,0%,2,0,2,0,2,0,0
0x4052e3,0%,2,0,2,0,2,0,0
0x416844,99.9978%,2,89476,89478,0,0,2,89476
0x454988,60%,2,3,5,2,0,2,1
0x4091e7,66.6667%,2,4,6,2,1,1,2
0x455041,0%,2,0,2,0,0,2,0
0x403f1f,0%,2,0,2,0,2,0,0
0x4160f6,99.9955%,2,44932,44934,0,0,2,44932
0x4a49a3,99.8533%,2,1361,1363,0,0,2,1361
0x405269,0%,2,0,2,0,2,0,0
0x4f0ef5,0%,2,0,2,0,2,0,0
0x460c68,0%,2,0,2,0,0,2,0
0x43fb96,0%,2,0,2,0,0,2,0
0x4a616b,85.7143%,2,12,14,0,0,2,12
0x42a546,0%,2,0,2,0,0,2,0
0x42a35d,0%,2,0,2,0,0,2,0
0x41e988,33.3333%,2,1,3,1,0,2,0
0x4a62ca,98.8827%,2,177,179,0,0,2,177
0x460c1e,0%,2,0,2,0,2,0,0
0x460c5f,0%,2,0,2,0,0,2,0
0x40bc73,99.9977%,2,87027,87029,0,0,2,87027
0x460c90,0%,2,0,2,0,2,0,0
0x45503a,0%,2,0,2,0,0,2,0
0x4550a7,0%,2,0,2,0,2,0,0
0x4b02a9,71.4286%,2,5,7,2,1,1,3
0x48ebc4,50%,2,2,4,0,0,2,2
0x40c164,0%,2,0,2,0,2,0,0
0x43fb69,0%,2,0,2,0,2,0,0
0x4a634b,98.8827%,2,177,179,3,2,0,174
0x416a82,99.6491%,2,568,570,0,2,0,568
0x409203,33.3333%,2,1,3,1,0,2,0
0x40922b,33.3333%,2,1,3,0,1,1,1
0x41e365,0%,2,0,2,0,0,2,0
0x42a3da,0%,2,0,2,0,2,0,0
0x4bbe98,99.9119%,2,2268,2270,453,1,1,1815
0x446a76,0%,2,0,2,0,2,0,0
0x4a4f64,60%,2,3,5,0,0,2,3
0x454c1e,0%,2,0,2,0,0,2,0
0x454a22,60%,2,3,5,3,0,2,0
0x40371d,0%,2,0,2,0,0,2,0
0x422bfc,50%,2,2,4,0,0,2,2
0x40b6a8,99.9979%,2,94929,94931,18954,0,2,75975
0x409236,0%,2,0,2,0,2,0,0
0x403dde,33.3333%,2,1,3,1,1,1,0
0x460cd8,0%,2,0,2,0,0,2,0
0x4bbe6e,99.5595%,2,452,454,0,0,2,452
0x429e1b,0%,2,0,2,0,2,0,0
0x45e5eb,50%,2,2,4,0,0,2,2
0x416902,99.8798%,2,1662,1664,0,0,2,1662
0x4115ec,99.5927%,2,489,491,489,2,0,0
0x4a63c4,0%,2,0,2,0,2,0,0
0x4029de,99.5595%,2,452,454,0,0,2,452
0x41fd7e,50%,2,2,4,0,1,1,2
0x45f3b0,50%,2,2,4,0,0,2,2
0x4a4da4,0%,2,0,2,0,2,0,0
0x453344,0%,2,0,2,0,2,0,0
0x454aab,0%,1,0,1,0,0,1,0
0x49491a,0%,1,0,1,0,1,0,0
0x494753,0%,1,0,1,0,0,1,0
0x41ec84,66.6667%,1,2,3,0,0,1,2
0x493da8,92.3077%,1,12,13,1,0,1,11
0x4925b6,0%,1,0,1,0,1,0,0
0x49510d,0%,1,0,1,0,0,1,0
0x403e99,50%,1,1,2,1,1,0,0
0x48e62c,0%,1,0,1,0,1,0,0
0x49469e,0%,1,0,1,0,1,0,0
0x4a4963,99.8926%,1,930,931,0,0,1,930
0x4a60d4,0%,1,0,1,0,1,0,0
0x49219a,0%,1,0,1,0,1,0,0
0x41e633,99.7748%,1,443,444,258,0,1,185
0x49437b,0%,1,0,1,0,0,1,0
0x494695,50%,1,1,2,0,1,0,1
0x48e64f,0%,1,0,1,0,0,1,0
0x420637,0%,1,0,1,0,0,1,0
0x48e5a4,0%,1,0,1,0,1,0,0
0x494518,0%,1,0,1,0,0,1,0
0x494352,0%,1,0,1,0,0,1,0
0x494306,0%,1,0,1,0,0,1,0
0x4a83ea,99.9479%,1,1918,1919,0,0,1,1918
0x4a7df5,99.9589%,1,2432,2433,0,0,1,2432
0x494823,0%,1,0,1,0,1,0,0
0x40c1b8,50%,1,1,2,0,0,1,1
0x411667,99.7963%,1,490,491,0,0,1,490
0x4052f8,50%,1,1,2,1,0,1,0
0x48ec2f,0%,1,0,1,0,1,0,0
0x4a6c94,80%,1,4,5,4,1,0,0
0x405ef2,0%,1,0,1,0,1,0,0
0x495463,0%,1,0,1,0,1,0,0
0x4a4a02,50%,1,1,2,1,1,0,0
0x4061dd,99.0566%,1,105,106,105,0,1,0
0x406118,0%,1,0,1,0,0,1,0
0x402949,99.7797%,1,453,454,0,0,1,453
0x49424e,0%,1,0,1,0,0,1,0
0x48e95f,0%,1,0,1,0,1,0,0
0x416313,99.9045%,1,1046,1047,0,0,1,1046
0x41ebc0,66.6667%,1,2,3,0,0,1,2
0x4061aa,99.0566%,1,105,106,0,0,1,105
0x4092a8,0%,1,0,1,0,1,0,0
0x4f0f1c,50%,1,1,2,1,1,0,0
0x402477,99.9916%,1,11895,11896,0,0,1,11895
0x404757,99.5816%,1,238,239,0,0,1,238
0x48ed00,0%,1,0,1,0,1,0,0
0x4163be,99.9045%,1,1046,1047,0,1,0,1046
0x4201d6,50%,1,1,2,1,0,1,0
0x4202a8,0%,1,0,1,0,0,1,0
0x43fc63,50%,1,1,2,0,0,1,1
0x48ebd6,75%,1,3,4,1,0,1,2
0x416183,99.9978%,1,44933,44934,0,0,1,44933
0x4f0924,0%,1,0,1,0,1,0,0
0x48e523,0%,1,0,1,0,0,1,0
0x4c4dc8,95.6522%,1,22,23,0,0,1,22
0x43f9c9,50%,1,1,2,1,1,0,0
0x48e534,0%,1,0,1,0,1,0,0
0x40ce5a,99.9778%,1,4502,4503,4502,1,0,0
0x494282,0%,1,0,1,0,0,1,0
0x48e545,0%,1,0,1,0,0,1,0
0x48ecd7,0%,1,0,1,0,0,1,0
0x48ec0e,0%,1,0,1,0,1,0,0
0x48e455,0%,1,0,1,0,1,0,0
0x41141c,99.9932%,1,14634,14635,0,0,1,14634
0x409264,0%,1,0,1,0,1,0,0
0x48e50d,0%,1,0,1,0,0,1,0
0x4f0e12,0%,1,0,1,0,0,1,0
0x4950dd,0%,1,0,1,0,1,0,0
0x4a840c,99.9479%,1,1918,1919,1918,1,0,0
0x41e1bb,50%,1,1,2,0,0,1,1
0x48e666,0%,1,0,1,0,0,1,0
0x405243,50%,1,1,2,1,1,0,0
0x493a7f,0%,1,0,1,0,1,0,0
0x493d8d,0%,1,0,1,0,0,1,0
0x420243,0%,1,0,1,0,0,1,0
0x492e23,0%,1,0,1,0,1,0,0
0x492e78,0%,1,0,1,0,0,1,0
0x420486,50%,1,1,2,1,1,0,0
0x4043fb,0%,1,0,1,0,1,0,0
0x49308c,0%,1,0,1,0,0,1,0
0x45e5f4,75%,1,3,4,0,0,1,3
0x43e343,75%,1,3,4,3,1,0,0
0x4bbdd3,99.7845%,1,463,464,10,0,1,453
0x40ca38,99.9861%,1,7168,7169,0,0,1,7168
0x4043d5,0%,1,0,1,0,1,0,0
0x403e73,50%,1,1,2,1,0,1,0
0x4bbe19,99.7807%,1,455,456,0,0,1,455
0x402cfc,99.9987%,1,75679,75680,0,0,1,75679
0x403e86,50%,1,1,2,1,1,0,0
0x4942f6,0%,1,0,1,0,0,1,0
0x404760,99.5816%,1,238,239,238,1,0,0
0x491922,0%,1,0,1,0,0,1,0
0x491b50,0%,1,0,1,0,1,0,0
0x494d6d,0%,1,0,1,0,1,0,0
0x403eeb,50%,1,1,2,1,1,0,0
0x404411,0%,1,0,1,0,0,1,0
0x493b9f,0%,1,0,1,0,0,1,0
0x454ae2,0%,1,0,1,0,1,0,0
0x494b62,66.6667%,1,2,3,0,0,1,2
0x403f01,0%,1,0,1,0,0,1,0
0x48e5d3,0%,1,0,1,0,1,0,0
0x43fd06,50%,1,1,2,1,1,0,0
0x48e97a,0%,1,0,1,0,1,0,0
0x460c80,50%,1,1,2,0,0,1,1
0x48e4d1,0%,1,0,1,0,0,1,0
0x4949f5,0%,1,0,1,0,1,0,0
0x494a59,0%,1,0,1,0,0,1,0
0x492e6f,0%,1,0,1,0,0,1,0
0x43faf3,50%,1,1,2,1,1,0,0
0x402d16,99.9987%,1,75679,75680,75679,1,0,0
0x404a3f,0%,1,0,1,0,0,1,0
0x41fce7,83.3333%,1,5,6,0,0,1,5
0x494a49,0%,1,0,1,0,0,1,0
0x416d15,99.7821%,1,458,459,458,1,0,0
0x4a62f5,99.4413%,1,178,179,178,1,0,0
0x4052d1,50%,1,1,2,1,1,0,0
0x404a4e,0%,1,0,1,0,0,1,0
0x4945a7,0%,1,0,1,0,0,1,0
0x4b0225,50%,1,1,2,0,0,1,1
0x4201ce,66.6667%,1,2,3,1,0,1,1
0x42a340,50%,1,1,2,0,0,1,1
0x42035e,0%,1,0,1,0,1,0,0
0x42a34d,50%,1,1,2,0,0,1,1
0x494a41,0%,1,0,1,0,0,1,0
0x404bd9,0%,1,0,1,0,0,1,0
0x41691d,99.98%,1,5006,5007,0,0,1,5006
0x41fd1c,83.3333%,1,5,6,5,1,0,0
0x495711,75%,1,3,4,0,0,1,3
0x4a49f5,50%,1,1,2,1,1,0,0
0x4929bd,0%,1,0,1,0,0,1,0
0x41fdc0,83.3333%,1,5,6,0,0,1,5
0x494a6b,0%,1,0,1,0,1,0,0
0x460b0f,50%,1,1,2,0,0,1,1
0x493034,0%,1,0,1,0,1,0,0
0x492a9d,0%,1,0,1,0,1,0,0
0x43fca4,50%,1,1,2,1,1,0,0
0x49487a,0%,1,0,1,0,1,0,0
0x4a4fee,75%,1,3,4,0,0,1,3
0x4a4049,99.5951%,1,246,247,0,0,1,246
0x4549f0,80%,1,4,5,0,0,1,4
0x494948,0%,1,0,1,0,0,1,0
0x49547e,0%,1,0,1,0,1,0,0
0x4944d3,0%,1,0,1,0,1,0,0
0x4a7ddb,99.9589%,1,2432,2433,0,0,1,2432
0x4165c3,99.9987%,1,74299,74300,0,0,1,74299
0x4a5d19,99.7908%,1,477,478,477,1,0,0
0x42011d,66.6667%,1,2,3,0,1,0,2
0x48ebb0,75%,1,3,4,0,0,1,3
0x494393,0%,1,0,1,0,1,0,0
0x40b64f,99.9979%,1,47045,47046,43194,0,1,3851
0x43fcff,50%,1,1,2,0,0,1,1
0x4937b2,75%,1,3,4,0,0,1,3
0x43fd2c,50%,1,1,2,1,1,0,0
0x494618,0%,1,0,1,0,0,1,0
0x4f0d24,75%,1,3,4,3,1,0,0
0x4061e6,0%,1,0,1,0,0,1,0
0x404742,99.5816%,1,238,239,238,0,1,0
0x49309f,0%,1,0,1,0,1,0,0
0x4f0d17,50%,1,1,2,0,0,1,1
0x4f13af,0%,1,0,1,0,0,1,0
0x4a6341,99.4413%,1,178,179,178,1,0,0
0x49443e,0%,1,0,1,0,1,0,0
0x41143b,99.9796%,1,4902,4903,1497,1,0,3405
0x4920ef,0%,1,0,1,0,0,1,0
0x48eb52,75%,1,3,4,0,0,1,3
0x459db9,87.5%,1,7,8,7,1,0,0
0x41e261,50%,1,1,2,0,1,0,1
0x493078,0%,1,0,1,0,0,1,0
0x493cc8,0%,1,0,1,0,1,0,0
0x40056a,50%,1,1,2,1,1,0,0
0x4933e9,0%,1,0,1,0,1,0,0
0x454fdd,75%,1,3,4,3,1,0,0
0x491931,0%,1,0,1,0,1,0,0
0x404b89,0%,1,0,1,0,0,1,0
0x494314,0%,1,0,1,0,0,1,0
0x4152f4,99.8198%,1,554,555,554,0,1,0
0x41e62b,99.7748%,1,443,444,0,0,1,443
0x40ccd1,99.9961%,1,25867,25868,3152,0,1,22715
0x4939f7,0%,1,0,1,0,1,0,0
0x49475d,0%,1,0,1,0,1,0,0
0x4f13b1,0%,1,0,1,0,0,1,0
0x49471b,0%,1,0,1,0,0,1,0
0x40929d,0%,1,0,1,0,0,1,0
0x4f0f46,50%,1,1,2,0,0,1,1
0x4029a3,99.7797%,1,453,454,0,0,1,453
0x491908,0%,1,0,1,0,0,1,0
0x45531c,50%,1,1,2,1,1,0,0
0x454a9a,50%,1,1,2,0,1,0,1
0x45d75e,75%,1,3,4,0,0,1,3
0x48eea6,0%,1,0,1,0,1,0,0
0x41e97a,66.6667%,1,2,3,0,0,1,2
0x4ace0b,0%,1,0,1,0,0,1,0
0x494aad,0%,1,0,1,0,1,0,0
0x4a61a7,50%,1,1,2,1,1,0,0
0x42a3b0,50%,1,1,2,1,1,0,0
0x494528,0%,1,0,1,0,0,1,0
0x48ed80,0%,1,0,1,0,1,0,0
0x4024c4,92.8571%,1,13,14,13,1,0,0
0x4a5f6f,99.6255%,1,266,267,266,1,0,0
0x41fbe5,80%,1,4,5,4,1,0,0
0x48ee55,0%,1,0,1,0,0,1,0
0x4f2042,0%,1,0,1,0,1,0,0
0x4938b3,0%,1,0,1,0,0,1,0
0x49518b,0%,1,0,1,0,0,1,0
0x4a5c2a,99.9589%,1,2432,2433,0,0,1,2432
0x48e597,0%,1,0,1,0,0,1,0
0x402487,100%,0,11896,11896,0,0,0,11896
0x4a47c8,100%,0,555,555,0,0,0,555
0x4163a0,100%,0,1,1,0,0,0,1
0x45e59b,100%,0,4,4,0,0,0,4
0x492aad,100%,0,1,1,0,0,0,1
0x4a4cea,100%,0,1364,1364,0,0,0,1364
0x402508,100%,0,443,443,0,0,0,443
0x402b50,100%,0,480,480,0,0,0,480
0x4f0e21,100%,0,1,1,1,0,0,0
0x4938e4,100%,0,1,1,1,0,0,0
0x422be1,100%,0,4,4,0,0,0,4
0x402a5c,100%,0,480,480,480,0,0,0
0x4c31c9,100%,0,8,8,0,0,0,8
0x492a84,100%,0,1,1,0,0,0,1
0x402ad9,100%,0,480,480,0,0,0,480
0x402b11,100%,0,480,480,0,0,0,480
0x49458e,100%,0,1,1,1,0,0,0
0x494431,100%,0,1,1,0,0,0,1
0x403db4,100%,0,3,3,0,0,0,3
0x4a83f3,100%,0,1919,1919,0,0,0,1919
0x4a6320,100%,0,179,179,0,0,0,179
0x404c0f,100%,0,1,1,1,0,0,0
0x494fb4,100%,0,1,1,0,0,0,1
0x4a6d0f,100%,0,179,179,0,0,0,179
0x4c4b58,100%,0,734,734,734,0,0,0
0x43f9b3,100%,0,2,2,0,0,0,2
0x4956f0,100%,0,1,1,0,0,0,1
0x48e475,100%,0,1,1,0,0,0,1
0x4acdf8,100%,0,1,1,0,0,0,1
0x494b1c,100%,0,1,1,0,0,0,1
0x4165a0,100%,0,10054,10054,10054,0,0,0
0x49519a,100%,0,1,1,1,0,0,0
0x4051d8,100%,0,2,2,0,0,0,2
0x402905,100%,0,454,454,0,0,0,454
0x4947b9,100%,0,1,1,0,0,0,1
0x493733,100%,0,4,4,0,0,0,4
0x4f13aa,100%,0,1,1,0,0,0,1
0x4a6ef7,100%,0,534,534,0,0,0,534
0x49375b,100%,0,1,1,0,0,0,1
0x4937e1,100%,0,3,3,0,0,0,3
0x4a4f6b,100%,0,5,5,0,0,0,5
0x4a4cbe,100%,0,1364,1364,0,0,0,1364
0x41eb6f,100%,0,3,3,3,0,0,0
0x494544,100%,0,1,1,0,0,0,1
0x4947ff,100%,0,1,1,1,0,0,0
0x4946cd,100%,0,1,1,1,0,0,0
0x48ec56,100%,0,1,1,1,0,0,0
0x4c4af8,100%,0,625,625,0,0,0,625
0x4f0945,100%,0,1,1,0,0,0,1
0x45d73b,100%,0,4,4,0,0,0,4
0x4947de,100%,0,1,1,0,0,0,1
0x4945ec,100%,0,2,2,1,0,0,1
0x4f0f59,100%,0,2,2,2,0,0,0
0x4a4911,100%,0,168,168,0,0,0,168
0x4946c1,100%,0,1,1,0,0,0,1
0x4955b3,100%,0,1,1,0,0,0,1
0x4a6447,100%,0,12,12,0,0,0,12
0x48e61e,100%,0,1,1,0,0,0,1
0x460d09,100%,0,2,2,0,0,0,2
0x4202e6,100%,0,1,1,0,0,0,1
0x48e60f,100%,0,1,1,1,0,0,0
0x493dc6,100%,0,1,1,1,0,0,0
0x48e975,100%,0,1,1,0,0,0,1
0x45504d,100%,0,2,2,2,0,0,0
0x402701,100%,0,2,2,0,0,0,2
0x4024f8,100%,0,204,204,0,0,0,204
0x4201db,100%,0,1,1,1,0,0,0
0x4201c6,100%,0,3,3,0,0,0,3
0x404c44,100%,0,1,1,0,0,0,1
0x409240,100%,0,1,1,0,0,0,1
0x408c7c,100%,0,1,1,0,0,0,1
0x491b2e,100%,0,1,1,0,0,0,1
0x49196d,100%,0,1,1,1,0,0,0
0x420136,100%,0,2,2,0,0,0,2
0x459935,100%,0,8,8,0,0,0,8
0x4169b4,100%,0,90303,90303,0,0,0,90303
0x402747,100%,0,459,459,0,0,0,459
0x4a52a3,100%,0,1364,1364,1364,0,0,0
0x4a4bf0,100%,0,1364,1364,1364,0,0,0
0x40477b,100%,0,239,239,0,0,0,239
0x40c1a2,100%,0,2,2,2,0,0,0
0x404729,100%,0,239,239,239,0,0,0
0x494ba3,100%,0,1,1,0,0,0,1
0x4169c0,100%,0,90303,90303,0,0,0,90303
0x4026c7,100%,0,2,2,0,0,0,2
0x493218,100%,0,1,1,0,0,0,1
0x460ad6,100%,0,2,2,0,0,0,2
0x4a60a3,100%,0,1,1,1,0,0,0
0x4a48f0,100%,0,1364,1364,0,0,0,1364
0x4a48ab,100%,0,1364,1364,0,0,0,1364
0x45a400,100%,0,24,24,0,0,0,24
0x416a90,100%,0,568,568,0,0,0,568
0x41e199,100%,0,2,2,0,0,0,2
0x460bdb,100%,0,2,2,0,0,0,2
0x494648,100%,0,1,1,0,0,0,1
0x45f220,100%,0,4,4,0,0,0,4
0x48e674,100%,0,1,1,0,0,0,1
0x40478d,100%,0,239,239,0,0,0,239
0x4113bb,100%,0,4384,4384,663,0,0,3721
0x40b655,100%,0,30456,30456,12054,0,0,18402
0x41620b,100%,0,44934,44934,0,0,0,44934
0x4a485e,100%,0,555,555,309,0,0,246
0x491915,100%,0,1,1,0,0,0,1
0x45333a,100%,0,2,2,0,0,0,2
0x415fa9,100%,0,74537,74537,0,0,0,74537
0x43fcdd,100%,0,2,2,2,0,0,0
0x4a5fd3,100%,0,3,3,1,0,0,2
0x494bac,100%,0,1,1,1,0,0,0
0x404bed,100%,0,1,1,0,0,0,1
0x494624,100%,0,1,1,0,0,0,1
0x41f2b5,100%,0,3,3,3,0,0,0
0x49572b,100%,0,4,4,3,0,0,1
0x4113fb,100%,0,4713,4713,785,0,0,3928
0x43fc8f,100%,0,2,2,0,0,0,2
0x494956,100%,0,1,1,0,0,0,1
0x4a4859,100%,0,555,555,0,0,0,555
0x4a5e86,100%,0,2996,2996,0,0,0,2996
0x4f0def,100%,0,1,1,1,0,0,0
0x43fc87,100%,0,2,2,2,0,0,0
0x495120,100%,0,1,1,1,0,0,0
0x43fc6e,100%,0,2,2,0,0,0,2
0x429dc7,100%,0,2,2,2,0,0,0
0x40c0a4,100%,0,2,2,0,0,0,2
0x45e60e,100%,0,4,4,0,0,0,4
0x446a53,100%,0,4,4,2,0,0,2
0x4205f6,100%,0,127,127,127,0,0,0
0x45f3b9,100%,0,4,4,0,0,0,4
0x45e5be,100%,0,4,4,0,0,0,4
0x4a7df0,100%,0,2433,2433,0,0,0,2433
0x4a4834,100%,0,246,246,246,0,0,0
0x40ca9b,100%,0,1759,1759,1759,0,0,0
0x41fd51,100%,0,3,3,0,0,0,3
0x48e46c,100%,0,1,1,0,0,0,1
0x4a48c3,100%,0,1364,1364,0,0,0,1364
0x4a48e2,100%,0,1364,1364,0,0,0,1364
0x41690e,100%,0,1664,1664,0,0,0,1664
0x4a4cca,100%,0,1364,1364,0,0,0,1364
0x4a4779,100%,0,1919,1919,0,0,0,1919
0x45e5a4,100%,0,4,4,0,0,0,4
0x4a628d,100%,0,40,40,40,0,0,0
0x409279,100%,0,1,1,0,0,0,1
0x4a635e,100%,0,174,174,0,0,0,174
0x4c4e1b,100%,0,711,711,0,0,0,711
0x420356,100%,0,1,1,0,0,0,1
0x4918f0,100%,0,1,1,0,0,0,1
0x4a484f,100%,0,555,555,555,0,0,0
0x4a478d,100%,0,1919,1919,0,0,0,1919
0x420970,100%,0,2430,2430,2430,0,0,0
0x40ca05,100%,0,3328,3328,0,0,0,3328
0x49495e,100%,0,1,1,1,0,0,0
0x416447,100%,0,57731,57731,0,0,0,57731
0x40c9af,100%,0,3328,3328,3328,0,0,0
0x4a6d29,100%,0,179,179,0,0,0,179
0x4a5cfe,100%,0,478,478,0,0,0,478
0x41e1c9,100%,0,2,2,0,0,0,2
0x493d93,100%,0,1,1,1,0,0,0
0x4a48d4,100%,0,1364,1364,0,0,0,1364
0x4a4807,100%,0,555,555,0,0,0,555
0x416278,100%,0,44934,44934,0,0,0,44934
0x4a6274,100%,0,67,67,0,0,0,67
0x4947bf,100%,0,1,1,1,0,0,0
0x4a488e,100%,0,1364,1364,1364,0,0,0
0x4a47da,100%,0,555,555,0,0,0,555
0x454c72,100%,0,2,2,0,0,0,2
0x493d07,100%,0,1,1,1,0,0,0
0x4a47e9,100%,0,555,555,555,0,0,0
0x402b34,100%,0,480,480,480,0,0,0
0x48e4df,100%,0,1,1,1,0,0,0
0x4a48b7,100%,0,1364,1364,1364,0,0,0
0x4a47b7,100%,0,555,555,0,0,0,555
0x43fb5c,100%,0,2,2,2,0,0,0
0x4a4783,100%,0,1919,1919,0,0,0,1919
0x494915,100%,0,1,1,0,0,0,1
0x4a8403,100%,0,1919,1919,0,0,0,1919
0x4a5cf3,100%,0,478,478,0,0,0,478
0x446a69,100%,0,2,2,0,0,0,2
0x40ce69,100%,0,10450,10450,10450,0,0,0
0x429dae,100%,0,2,2,0,0,0,2
0x40248c,100%,0,11896,11896,0,0,0,11896
0x43e3a3,100%,0,4,4,4,0,0,0
0x420569,100%,0,1,1,0,0,0,1
0x494fa9,100%,0,1,1,0,0,0,1
0x4a4c05,100%,0,1364,1364,0,0,0,1364
0x45f229,100%,0,4,4,0,0,0,4
0x4f13b6,100%,0,1,1,0,0,0,1
0x4c4b02,100%,0,625,625,625,0,0,0
0x49218d,100%,0,1,1,1,0,0,0
0x4f3d14,100%,0,1,1,1,0,0,0
0x48e777,100%,0,4,4,0,0,0,4
0x48e690,100%,0,1,1,0,0,0,1
0x4a63eb,100%,0,822,822,0,0,0,822
0x4a6236,100%,0,4620,4620,0,0,0,4620
0x48e58b,100%,0,1,1,1,0,0,0
0x48e47f,100%,0,1,1,0,0,0,1
0x4c4bfb,100%,0,606,606,0,0,0,606
0x4a5ef8,100%,0,278,278,0,0,0,278
0x4a5e58,100%,0,2084,2084,0,0,0,2084
0x493367,100%,0,1,1,1,0,0,0
0x4bd1f1,100%,0,5,5,0,0,0,5
0x454aca,100%,0,1,1,0,0,0,1
0x403f3d,100%,0,2,2,0,0,0,2
0x4047b0,100%,0,239,239,239,0,0,0
0x40290a,100%,0,454,454,0,0,0,454
0x403ed2,100%,0,2,2,2,0,0,0
0x49210e,100%,0,1,1,0,0,0,1
0x41f5b6,100%,0,1,1,1,0,0,0
0x420686,100%,0,1,1,0,0,0,1
0x411458,100%,0,14643,14643,0,0,0,14643
0x4921cf,100%,0,1,1,1,0,0,0
0x4bbed8,100%,0,454,454,454,0,0,0
0x4019ff,100%,0,4,4,0,0,0,4
0x492124,100%,0,1,1,1,0,0,0
0x492b43,100%,0,1,1,1,0,0,0
0x492b33,100%,0,1,1,0,0,0,1
0x4929ce,100%,0,1,1,0,0,0,1
0x48edf3,100%,0,1,1,1,0,0,0
0x403753,100%,0,459,459,0,0,0,459
0x49296a,100%,0,1,1,0,0,0,1
0x41e7b2,100%,0,65502,65502,0,0,0,65502
0x48ee89,100%,0,1,1,0,0,0,1
0x41e784,100%,0,459,459,459,0,0,0
0x404bfe,100%,0,1,1,0,0,0,1
0x41e769,100%,0,459,459,0,0,0,459
0x48ed77,100%,0,1,1,0,0,0,1
0x4bbec2,100%,0,1816,1816,1816,0,0,0
0x40b776,100%,0,28968,28968,9018,0,0,19950
0x48ed39,100%,0,1,1,1,0,0,0
0x49249b,100%,0,1,1,1,0,0,0
0x48ed30,100%,0,1,1,1,0,0,0
0x4c4b4e,100%,0,734,734,0,0,0,734
0x4a6ef0,100%,0,534,534,0,0,0,534
0x41e87d,100%,0,52685,52685,0,0,0,52685
0x4a6ee1,100%,0,534,534,0,0,0,534
0x48ecf7,100%,0,1,1,0,0,0,1
0x4921c2,100%,0,1,1,0,0,0,1
0x4921b4,100%,0,1,1,0,0,0,1
0x4552fa,100%,0,2,2,0,0,0,2
0x460c73,100%,0,2,2,0,0,0,2
0x49297a,100%,0,1,1,1,0,0,0
0x454c48,100%,0,2,2,0,0,0,2
0x454fd4,100%,0,4,4,0,0,0,4
0x491b04,100%,0,1,1,0,0,0,1
0x44b76e,100%,0,2,2,2,0,0,0
0x44b711,100%,0,2,2,2,0,0,0
0x494af3,100%,0,1,1,0,0,0,1
0x43fa42,100%,0,2,2,2,0,0,0
0x416853,100%,0,89478,89478,0,0,0,89478
0x43fa37,100%,0,2,2,2,0,0,0
0x45532b,100%,0,2,2,2,0,0,0
0x4552ff,100%,0,2,2,0,0,0,2
0x455058,100%,0,2,2,0,0,0,2
0x40cd1f,100%,0,23008,23008,4404,0,0,18604
0x41ede6,100%,0,459,459,0,0,0,459
0x460c13,100%,0,2,2,0,0,0,2
0x42a368,100%,0,2,2,0,0,0,2
0x4c4a98,100%,0,871,871,0,0,0,871
0x493cbb,100%,0,1,1,0,0,0,1
0x42a326,100%,0,2,2,0,0,0,2
0x42a541,100%,0,2,2,0,0,0,2
0x429f4b,100%,0,2,2,0,0,0,2
0x43fd66,100%,0,2,2,2,0,0,0
0x4bbf14,100%,0,454,454,0,0,0,454
0x494363,100%,0,1,1,0,0,0,1
0x43fb7c,100%,0,2,2,2,0,0,0
0x494748,100%,0,1,1,0,0,0,1
0x40286c,100%,0,454,454,454,0,0,0
0x4205b7,100%,0,1,1,1,0,0,0
0x4047a9,100%,0,239,239,0,0,0,239
0x4a4863,100%,0,246,246,246,0,0,0
0x40479f,100%,0,239,239,0,0,0,239
0x4a4cd7,100%,0,1364,1364,1364,0,0,0
0x403eb9,100%,0,1,1,1,0,0,0
0x454c4d,100%,0,2,2,0,0,0,2
0x40b716,100%,0,29213,29213,9822,0,0,19391
0x420572,100%,0,1,1,0,0,0,1
0x41ffd5,100%,0,1,1,1,0,0,0
0x4a40d4,100%,0,2,2,0,0,0,2
0x4a4882,100%,0,1364,1364,0,0,0,1364
0x4150c1,100%,0,1396,1396,1396,0,0,0
0x41e91d,100%,0,52480,52480,0,0,0,52480
0x4113dc,100%,0,13843,13843,0,0,0,13843
0x41147b,100%,0,4749,4749,1458,0,0,3291
0x40619b,100%,0,1,1,0,0,0,1
0x41e290,100%,0,2,2,0,0,0,2
0x406113,100%,0,1,1,0,0,0,1
0x454c37,100%,0,2,2,0,0,0,2
0x402824,100%,0,454,454,454,0,0,0
0x41138d,100%,0,13904,13904,0,0,0,13904
0x4a4795,100%,0,1919,1919,0,0,0,1919
0x48e682,100%,0,1,1,0,0,0,1
0x42018b,100%,0,2,2,0,0,0,2
