Branch PC,Accuracy,Mispredictions,Correct Predictions,Total,dir_t_pred_t,dir_t_pred_nt,dir_nt_pred_t,dir_nt_pred_nt
aggregate,96.3398%,1160833,30554127,31714960,15032415,573768,587065,15521712
0x40d4a5,90.767%,10622,104422,115044,33160,5926,4696,71262
0xb3009e,82.0475%,9587,43815,53402,41020,2289,7298,2795
0x40d59c,94.9283%,9538,178525,188063,154569,3967,5571,23956
0x40d1a7,89.6634%,5196,45072,50268,36106,2418,2778,8966
0x40d412,96.0383%,4742,114954,119696,110201,1504,3238,4753
0x40f719,93.7829%,4694,70808,75502,64748,1701,2993,6060
0x8e8980,98.3512%,4604,274621,279225,269026,817,3787,5595
0x40d406,96.8002%,4560,137950,142510,19932,2882,1678,118018
0x8fe29e,84.1246%,4491,23798,28289,5156,2586,1905,18642
0x8d0bc0,98.4398%,3744,236230,239974,230322,554,3190,5908
0xb300a7,64.52%,3581,6512,10093,4901,1540,2041,1611
0x6435e8,84.5194%,3487,19038,22525,9310,1624,1863,9728
0x8fe2bf,89.6835%,3048,26497,29545,8647,1694,1354,17850
0x812510,94.335%,3025,50373,53398,46609,644,2381,3764
0x610da8,71.6524%,2841,7181,10022,4158,1240,1601,3023
0xb3aaae,97.5075%,2836,110946,113782,103586,795,2041,7360
0x40d59e,90.4731%,2813,26714,29527,7627,1438,1375,19087
0xb2fcc5,90.7146%,2808,27433,30241,5798,1924,884,21635
0xa334c0,97.6634%,2754,115112,117866,111423,290,2464,3689
0x40ce06,91.1681%,2719,28067,30786,9747,1606,1113,18320
0x40d589,98.8185%,2575,215369,217944,28465,1416,1159,186904
0xb2e605,91.2681%,2554,26695,29249,6516,1479,1075,20179
0x8eacb0,98.5296%,2524,169126,171650,165310,492,2032,3816
0x8ed200,98.55%,2489,169161,171650,165291,511,1978,3870
0x8141a1,93.9124%,2485,38336,40821,35791,578,1907,2545
0x5343d5,83.263%,2458,12228,14686,4775,965,1493,7453
0x814246,81.9955%,2427,11053,13480,5537,1372,1055,5516
0xb2fab5,91.559%,2404,26076,28480,6245,1404,1000,19831
0x40d5a9,93.4808%,2369,33970,36339,14497,1413,956,19473
0x81a650,94.2635%,2369,38928,41297,35383,700,1669,3545
0x406cfd,95.3494%,2299,47135,49434,116,1975,324,47019
0x8b9b8a,84.1306%,2226,11801,14027,3160,1474,752,8641
0x81a6d4,82.9728%,2220,10818,13038,5437,1082,1138,5381
0xb2fd1a,87.4828%,2182,15250,17432,13501,918,1264,1749
0xb2e7b1,73.3826%,2123,5853,7976,2881,1078,1045,2972
0xb2ff8d,80.7586%,2090,8772,10862,7399,714,1376,1373
0x534473,86.1373%,2027,12595,14622,4687,968,1059,7908
0x596c97,63.6168%,2024,3539,5563,2407,914,1110,1132
0x49b303,76.1251%,2016,6428,8444,2302,1106,910,4126
0x643691,80.4439%,2009,8264,10273,1300,1200,809,6964
0x90057f,90.1426%,1970,18015,19985,13117,792,1178,4898
0x406cf4,97.1414%,1962,66672,68634,17969,1231,731,48703
0xb3aaba,95.2805%,1949,39348,41297,33228,610,1339,6120
0x405162,84.906%,1926,10834,12760,3154,1324,602,7680
0xb2fad5,90.8646%,1903,18928,20831,11525,921,982,7403
0x40dcab,77.8606%,1871,6580,8451,1394,1199,672,5186
0x8189f1,95.5106%,1854,39443,41297,35576,507,1347,3867
0x49b223,78.2212%,1839,6605,8444,2392,1016,823,4213
0x404d98,83.1126%,1836,9036,10872,6196,692,1144,2840
0x812650,95.1663%,1811,35655,37466,32928,426,1385,2727
0x53da78,73.3639%,1803,4966,6769,2523,917,886,2443
0x8ff799,93.1493%,1787,24298,26085,16094,741,1046,8204
0x64b6d8,93.1079%,1781,24060,25841,16041,869,912,8019
0x5114ed,85.1447%,1766,10122,11888,2444,954,812,7678
0x820983,69.3385%,1752,3962,5714,2792,752,1000,1170
0x8ff789,94.5137%,1721,29648,31369,4284,1000,721,25364
0x40d97b,85.5377%,1708,10102,11810,4513,858,850,5589
0x404d6c,90.7321%,1704,16682,18386,4755,1215,489,11927
0x596c66,76.5796%,1694,5539,7233,460,1210,484,5079
0x6434d1,78.9539%,1690,6340,8030,5707,440,1250,633
0xb2e68f,92.0533%,1689,19565,21254,5617,919,770,13948
0xb0b57d,83.2257%,1688,8375,10063,3201,882,806,5174
0xa333d0,95.9156%,1683,39523,41206,38108,327,1356,1415
0xb2dfee,86.9998%,1673,11196,12869,1857,862,811,9339
0x53da2f,82.8249%,1672,8063,9735,1921,1045,627,6142
0x402919,95.2627%,1634,32858,34492,24227,709,925,8631
0x40d365,97.8024%,1575,70093,71668,68691,460,1115,1402
0xb2fb4a,91.4128%,1567,16681,18248,10297,665,902,6384
0x8fe538,71.6407%,1566,3956,5522,1772,821,745,2184
0x8227d8,85.4167%,1547,9061,10608,3820,860,687,5241
0x40d19f,97.4725%,1547,59659,61206,10140,798,749,49519
0x643219,97.6667%,1537,64335,65872,64018,302,1235,317
0x8124d1,89.6043%,1521,13110,14631,12025,407,1114,1085
0x8fe459,85.208%,1515,8727,10242,7661,524,991,1066
0x8124f9,89.0194%,1514,12274,13788,7071,572,942,5203
0xb2dfa0,88.2508%,1512,11357,12869,10735,595,917,622
0x8e88fb,91.2533%,1511,15764,17275,6521,781,730,9243
0xb2fe64,73.9747%,1504,4275,5779,774,981,523,3501
0xb2fcfc,89.2984%,1481,12358,13839,7989,506,975,4369
0x8157d8,87.5201%,1475,10344,11819,8172,508,967,2172
0x41016a,86.2917%,1472,9266,10738,3751,667,805,5515
0xb3aa0c,97.718%,1465,62734,64199,10771,837,628,51963
0xa33220,93.7366%,1456,21790,23246,20817,361,1095,973
0xb3aa85,87.4655%,1455,10153,11608,1450,757,698,8703
0x40d5af,92.8925%,1452,18977,20429,15213,664,788,3764
0x814184,87.2672%,1422,9746,11168,6133,583,839,3613
0x40d350,98.0172%,1421,70247,71668,42259,798,623,27988
0x40d03f,88.7781%,1418,11218,12636,3470,776,642,7748
0xb2dee8,82.4005%,1415,6625,8040,998,891,524,5627
0x8eba00,98.126%,1404,73514,74918,71830,247,1157,1684
0xb0ba8f,84.0627%,1402,7395,8797,3076,773,629,4319
0x596ec0,74.9955%,1391,4172,5563,952,844,547,3220
0x909b04,90.5937%,1388,13368,14756,8179,718,670,5189
0x596ec6,63.2333%,1385,2382,3767,1461,678,707,921
0x40f7b7,96.4925%,1381,37992,39373,7602,826,555,30390
0x40f894,96.6195%,1331,38042,39373,7976,531,800,30066
0xb2df79,89.6806%,1328,11541,12869,955,934,394,10586
0x821626,93.7542%,1315,19739,21054,2288,851,464,17451
0x5523df,62.5995%,1315,2201,3516,1197,671,644,1004
0x40dbf3,84.487%,1311,7140,8451,1395,783,528,5745
0x51b5ae,82.9275%,1304,6334,7638,1578,785,519,4756
0x40d414,83.7692%,1297,6694,7991,1876,734,563,4818
0x8fdeb8,96.5732%,1272,35847,37119,1743,914,358,34104
0x40d185,93.3946%,1251,17688,18939,7182,630,621,10506
0x53e303,84.6972%,1251,6924,8175,3937,520,731,2987
0x80caf3,83.9636%,1234,6461,7695,5634,426,808,827
0x81a634,88.9626%,1231,9922,11153,5408,531,700,4514
0x814367,82.2695%,1225,5684,6909,2049,713,512,3635
0x48a255,79.9475%,1223,4876,6099,1300,784,439,3576
0x8d9b10,97.3635%,1220,45053,46273,43176,203,1017,1877
0x50fe0e,94.8546%,1214,22380,23594,21029,462,752,1351
0x596c48,85.3647%,1208,7046,8254,4109,679,529,2937
0x404d91,90.2001%,1205,11091,12296,406,1018,187,10685
0x53e43b,85.3211%,1200,6975,8175,1041,861,339,5934
0xb2e818,85.0677%,1191,6785,7976,4351,501,690,2434
0x51c7cb,83.6934%,1185,6082,7267,1513,739,446,4569
0x81a5fc,89.9703%,1182,10603,11785,9899,261,921,704
0xb2fe57,86.2625%,1167,7328,8495,1995,721,446,5333
0xb3aa12,97.7829%,1166,51425,52591,40794,503,663,10631
0x5345e3,83.7788%,1153,5955,7108,2285,499,654,3670
0x8ff3a6,80.8064%,1152,4850,6002,2285,534,618,2565
0x640254,88.7957%,1149,9106,10255,4022,662,487,5084
0x5114f8,86.5018%,1146,7344,8490,3569,567,579,3775
0x8eada0,96.7833%,1126,33879,35005,33835,129,997,44
0x48d6dc,74.849%,1124,3345,4469,1235,672,452,2110
0x488dc7,80.5356%,1112,4601,5713,1321,680,432,3280
0x48a07b,89.1129%,1107,9061,10168,5489,683,424,3572
0x8ed2d0,96.8462%,1104,33901,35005,33847,117,987,54
0x8b95f8,97.3974%,1096,41016,42112,34307,401,695,6709
0xb2e75a,86.479%,1081,6914,7995,6393,363,718,521
0x53de0b,90.2782%,1066,9899,10965,5894,508,558,4005
0xab28ac,87.9904%,1056,7737,8793,764,679,377,6973
0x8fe4d3,89.7128%,1053,9183,10236,7706,321,732,1477
0x81c6f0,92.2363%,1045,12415,13460,6003,536,509,6412
0x8fc419,90.3937%,1037,9758,10795,6205,498,539,3553
0xb2fb30,94.8743%,1030,19065,20095,1216,631,399,17849
0x40db8b,87.6663%,1029,7314,8343,477,819,210,6837
0xb2fd2b,65.848%,1029,1984,3013,866,492,537,1118
0x54fe93,66.0346%,1021,1985,3006,1087,470,551,898
0x8157a3,94.7355%,1020,18355,19375,7895,458,562,10460
0x8d9cd0,96.5435%,1014,28322,29336,28068,135,879,254
0x8d0b76,90.2808%,1014,9419,10433,4931,501,513,4488
0x552173,80.4704%,1013,4174,5187,1680,417,596,2494
0x40d95e,91.4733%,1007,10803,11810,3743,554,453,7060
0x8e89a2,92.8248%,999,12924,13923,9973,418,581,2951
0x4885c5,68.3943%,994,2151,3145,1337,438,556,814
0x537f8e,70.2492%,991,2340,3331,477,637,354,1863
0x596edf,82.2398%,988,4575,5563,1373,638,350,3202
0x50380e,77.2978%,988,3364,4352,2565,426,562,799
0x537b45,79.1155%,987,3739,4726,761,634,353,2978
0x643590,95.6493%,980,21545,22525,8601,443,537,12944
0x40dbbb,90.0122%,979,8823,9802,8011,440,539,812
0xa0377e,91.1232%,976,10019,10995,4629,482,494,5390
0xa02270,77.8334%,974,3420,4394,2487,380,594,933
0xa027f0,77.97%,968,3426,4394,2414,453,515,1012
0x405288,84.2208%,966,5156,6122,849,723,243,4307
0x489cf2,90.4785%,963,9151,10114,5497,602,361,3654
0xb30284,85.111%,959,5482,6441,4013,407,552,1469
0x54fed8,66.3742%,958,1891,2849,903,500,458,988
0x40d2b3,98.6788%,958,71552,72510,70236,309,649,1316
0x81899c,91.9474%,949,10836,11785,9947,213,736,889
0x48d830,78.8931%,942,3521,4463,2143,459,483,1378
0x49e754,80.7093%,941,3937,4878,1608,348,593,2329
0x40d601,96.83%,936,28591,29527,12694,543,393,15897
0x48a6f5,71.6117%,930,2346,3276,612,542,388,1734
0x8dedd9,72.4405%,926,2434,3360,818,496,430,1616
0x40d429,87.8879%,925,6712,7637,4697,480,445,2015
0x808d27,90.3219%,920,8586,9506,428,800,120,8158
0x8ed3d9,76.401%,918,2972,3890,2231,434,484,741
0x8fc3f2,93.7919%,917,13854,14771,2764,528,389,11090
0x8b9616,97.8248%,916,41196,42112,21214,464,452,19982
0xb466f8,94.2573%,907,14887,15794,4201,526,381,10686
0x5114ad,96.0626%,905,22080,22985,3791,540,365,18289
0x900540,96.2575%,904,23251,24155,2781,628,276,20470
0x6387ec,75.8289%,904,2836,3740,1358,511,393,1478
0x8da710,97.8161%,904,40489,41393,38615,164,740,1874
0x489d50,85.3532%,904,5268,6172,1687,489,415,3581
0x81e360,96.6836%,903,26325,27228,25887,179,724,438
0x40d5ef,89.4632%,899,7633,8532,2426,450,449,5207
0x534534,87.6445%,898,6370,7268,2464,432,466,3906
0x502c71,75.5398%,895,2764,3659,634,529,366,2130
0xb2fe8d,77.9076%,889,3135,4024,2234,406,483,901
0x53db17,81.3836%,888,3882,4770,2053,357,531,1829
0x40d2a7,98.9162%,888,81044,81932,8898,524,364,72146
0x6436bd,93.3974%,887,12547,13434,4629,457,430,7918
0x81de08,87.3677%,883,6107,6990,3842,368,515,2265
0x5114b2,95.2772%,881,17773,18654,11364,524,357,6409
0x40f52d,98.3816%,879,53435,54314,12248,462,417,41187
0x81414b,92.4589%,871,10679,11550,10009,161,710,670
0x40d5b8,90.4026%,870,8195,9065,6872,336,534,1323
0x8ed1a5,91.6233%,869,9505,10374,4408,428,441,5097
0x8e895b,93.7894%,868,13108,13976,6978,377,491,6130
0x81c6d3,95.3487%,867,17773,18640,4618,492,375,13155
0xa35580,96.6704%,863,25056,25919,24910,106,757,146
0x488db4,90.8985%,863,8619,9482,3293,476,387,5326
0xa3343b,93.3674%,857,12064,12921,6217,451,406,5847
0x900631,96.4317%,856,23133,23989,11851,418,438,11282
0x8eac42,91.7486%,856,9518,10374,4410,426,430,5108
0x404dd6,85.7454%,851,5119,5970,1645,505,346,3474
0x538615,86.3211%,847,5345,6192,964,576,271,4381
0x51b40a,81.4229%,846,3708,4554,881,545,301,2827
0x8d0baa,91.8489%,846,9533,10379,5869,396,450,3664
0x596d23,74.6763%,841,2480,3321,1351,395,446,1129
0x643615,92.6249%,837,10512,11349,3535,465,372,6977
0x55053b,92.3382%,832,10027,10859,6861,429,403,3166
0x8bc76b,96.6294%,825,23651,24476,21919,293,532,1732
0xb3aac4,85.9198%,822,5016,5838,4148,330,492,868
0xa30a81,93.6947%,819,12170,12989,11573,205,614,597
0x596f18,83.3026%,816,4071,4887,3657,309,507,414
0x8189d3,92.6836%,816,10337,11153,5639,300,516,4698
0xb3aabf,89.0736%,815,6644,7459,1113,508,307,5531
0x402acb,88.9087%,808,6477,7285,2497,481,327,3980
0x81454d,74.9376%,803,2401,3204,1355,404,399,1046
0x51c7f1,84.0479%,800,4215,5015,1247,465,335,2968
0x814257,87.8253%,800,5771,6571,4691,313,487,1080
0x58fde5,89.0113%,798,6464,7262,4289,263,535,2175
0x8ba34c,92.7498%,796,10183,10979,723,619,177,9460
0xb0d512,73.6143%,795,2218,3013,1168,296,499,1050
0x805960,97.4871%,795,30842,31637,30282,133,662,560
0x58fd95,90.9526%,794,7982,8776,909,506,288,7073
0x812618,92.5271%,794,9831,10625,8839,178,616,992
0x5387d3,88.8152%,793,6297,7090,2356,373,420,3941
0x53fe50,84.0927%,789,4171,4960,2037,464,325,2134
0x54f5c5,74.3473%,786,2278,3064,2016,271,515,262
0x54f6c4,84.6109%,785,4316,5101,2526,521,264,1790
0x40f7a0,97.6517%,778,32352,33130,1760,504,274,30592
0x8fe8b5,86.9404%,776,5166,5942,1598,424,352,3568
0x596ee4,78.2939%,771,2781,3552,427,535,236,2354
0xb2e7e3,80.8066%,771,3246,4017,2563,302,469,683
0xb46644,98.3652%,765,46029,46794,24306,399,366,21723
0x81c64c,89.3101%,750,6266,7016,4809,301,449,1457
0x596f49,86.554%,748,4815,5563,296,535,213,4519
0x40d4f0,97.2803%,747,26719,27466,22567,247,500,4152
0x537be6,81.4454%,742,3257,3999,390,540,202,2867
0x8f58a9,92.7671%,740,9491,10231,3340,405,335,6151
0x820966,84.5315%,738,4033,4771,754,473,265,3279
0xb2e02b,90.8458%,736,7304,8040,7040,196,540,264
0x40dcba,91.3265%,733,7718,8451,6473,286,447,1245
0x8bcdd6,96.6113%,730,20812,21542,11948,309,421,8864
0xb2fd0d,96.08%,725,17770,18495,551,512,213,17219
0x40294a,97.6436%,721,29877,30598,20633,360,361,9244
0x48a5cc,80.2628%,721,2932,3653,1766,436,285,1166
0x8bc889,96.7396%,720,21363,22083,16669,375,345,4694
0x8196b8,90.0704%,719,6522,7241,5774,216,503,748
0x596ca0,67.975%,718,1524,2242,469,431,287,1055
0x8fe2b6,97.6884%,714,30174,30888,878,465,249,29296
0x812638,92.8814%,713,9303,10016,5639,265,448,3664
0x8fe556,83.0699%,707,3469,4176,933,446,261,2536
0x53e4e9,92.7293%,707,9017,9724,7790,328,379,1227
0x8ff3c3,84.0547%,700,3690,4390,1155,379,321,2535
0x5389e7,78.4193%,699,2540,3239,1452,311,388,1088
0xb0d478,70.0736%,691,1618,2309,677,442,249,941
0xa4c449,88.9951%,691,5588,6279,486,448,243,5102
0x502ef9,90.8607%,687,6830,7517,1337,430,257,5493
0x40cf54,95.8381%,686,15797,16483,5955,427,259,9842
0x643547,70.4487%,685,1633,2318,1320,234,451,313
0x8a531e,80.0584%,683,2742,3425,1877,342,341,865
0x8124f3,85.1489%,683,3916,4599,3012,231,452,904
0x5fd969,88.1081%,682,5053,5735,3715,281,401,1338
0x58f7d4,90.0655%,682,6183,6865,683,446,236,5500
0x53503d,85.9205%,673,4107,4780,2984,398,275,1123
0xa3335b,87.514%,667,4675,5342,3596,250,417,1079
0x552a66,76.1119%,666,2122,2788,1038,340,326,1084
0x8b9ab2,91.2889%,663,6948,7611,4957,276,387,1991
0x8209ce,87.424%,662,4602,5264,1248,472,190,3354
0x40f53d,98.4124%,659,40851,41510,1433,289,370,39418
0xa331bb,79.9757%,659,2632,3291,1852,308,351,780
0x58f7e4,88.5286%,658,5078,5736,3356,199,459,1722
0x8e893c,92.44%,655,8009,8664,4946,366,289,3063
0x596f78,87.8811%,648,4699,5347,4455,173,475,244
0xb30316,87.014%,648,4342,4990,3454,314,334,888
0x8fdec1,98.1342%,643,33819,34462,2094,458,185,31725
0x807803,84.993%,639,3619,4258,1869,340,299,1750
0x48dca1,94.4522%,635,10811,11446,4146,317,318,6665
0xa3a355,70.7735%,631,1528,2159,634,308,323,894
0x51b764,88.0758%,629,4646,5275,761,360,269,3885
0xaade48,96.1378%,629,15657,16286,13797,221,408,1860
0xa037a6,94.3065%,626,10369,10995,5063,265,361,5306
0x40e016,95.7992%,625,14253,14878,9610,402,223,4643
0x537b6c,81.2969%,623,2708,3331,777,337,286,1931
0x50f9b1,70.6547%,623,1500,2123,1217,226,397,283
0x942728,93.803%,621,9400,10021,1293,397,224,8107
0x8bd21b,98.098%,619,31925,32544,6025,323,296,25900
0xb32253,97.9064%,619,28948,29567,476,463,156,28472
0x8196a3,92.4015%,617,7503,8120,538,473,144,6965
0x8bc970,95.0681%,616,11874,12490,3567,375,241,8307
0x49e198,68.8483%,614,1357,1971,435,353,261,922
0x90ef31,66.9898%,613,1244,1857,376,355,258,868
0xb0c01e,87.278%,609,4178,4787,930,304,305,3248
0x8e9ef3,71.1429%,606,1494,2100,1145,249,357,349
0x41023b,91.4768%,606,6504,7110,634,323,283,5870
0x5bd9e5,83.5512%,604,3068,3672,2227,253,351,841
0x552413,65.1796%,601,1125,1726,360,353,248,765
0x6070d8,92.907%,599,7846,8445,1688,299,300,6158
0x90ed54,67.7975%,598,1259,1857,296,354,244,963
0x8a946d,99.1866%,597,72799,73396,48177,281,316,24622
0xa39798,73.1168%,596,1621,2217,1162,286,310,459
0xb0b3fe,88.3333%,595,4505,5100,1088,338,257,3417
0x8e9b8c,86.8046%,593,3901,4494,524,399,194,3377
0x90b9c1,87.8986%,592,4300,4892,3848,189,403,452
0xaab148,77.1583%,590,1993,2583,344,350,240,1649
0x9098cc,68.2822%,589,1268,1857,555,337,252,713
0x5523f4,64.3204%,588,1060,1648,318,317,271,742
0x40f7c3,98.1299%,585,30697,31282,30440,195,390,257
0xa334e4,93.0474%,582,7789,8371,3510,311,271,4279
0xa39340,73.007%,579,1566,2145,1351,186,393,215
0xb0d4c8,59.3816%,578,845,1423,149,378,200,696
0x40dd25,93.084%,577,7766,8343,4564,284,293,3202
0x596f4e,87.8276%,576,4156,4732,829,404,172,3327
0x8bd4b0,99.1124%,576,64315,64891,20946,356,220,43369
0x604269,95.5932%,575,12473,13048,12461,123,452,12
0x8ed1da,93.532%,573,8286,8859,4291,255,318,3995
0x51b37a,78.99%,570,2143,2713,463,363,207,1680
0x54f6fc,72.298%,569,1485,2054,1109,233,336,376
0x8eb7bb,80.1334%,566,2283,2849,1565,247,319,718
0x5fd9d6,95.1259%,565,11027,11592,7552,245,320,3475
0x604227,97.4469%,565,21565,22130,21512,154,411,53
0x812664,94.369%,564,9452,10016,3768,395,169,5684
0x9001a6,92.8416%,561,7276,7837,1852,351,210,5424
0xa30830,93.578%,560,8160,8720,7841,135,425,319
0x8feaaa,77.0053%,559,1872,2431,906,267,292,966
0x8fe9c6,89.4567%,557,4726,5283,1569,360,197,3157
0x609f38,91.6567%,557,6119,6676,408,389,168,5711
0xa565e0,92.3354%,554,6674,7228,6608,93,461,66
0x9a9a8f,68.9675%,553,1229,1782,184,357,196,1045
0x8fe446,94.6007%,553,9689,10242,8326,221,332,1363
0x53fe59,77.5925%,551,1908,2459,355,363,188,1553
0x596e40,68.614%,548,1198,1746,151,306,242,1047
0x53db4a,77.4689%,543,1867,2410,966,295,248,901
0x8fe55f,89.9258%,543,4847,5390,223,424,119,4624
0xb327a4,91.5865%,542,5900,6442,3198,231,311,2702
0x537f7e,88.5315%,542,4184,4726,1012,383,159,3172
0x81c644,93.0907%,541,7289,7830,490,324,217,6799
0x54f85f,73.6611%,541,1513,2054,309,281,260,1204
0x502be2,85.2419%,540,3119,3659,810,353,187,2309
0x820949,89.7606%,539,4725,5264,4653,118,421,72
0x8f53d3,88.2712%,538,4049,4587,3471,210,328,578
0x81b390,95.5255%,533,11379,11912,11313,97,436,66
0x537ba8,94.4767%,532,9100,9632,7122,293,239,1978
0x596f03,73.5455%,532,1479,2011,1114,221,311,365
0x6436a3,93.1795%,529,7227,7756,5819,195,334,1408
0x8eac8b,94.0512%,527,8332,8859,4314,232,295,4018
0x51c2b4,82.7371%,526,2521,3047,1009,192,334,1512
0x604755,97.651%,524,21783,22307,21759,119,405,24
0x5385ab,96.5727%,523,14737,15260,11714,243,280,3023
0x8f29a0,92.0937%,523,6092,6615,5938,124,399,154
0x537fec,88.9689%,521,4202,4723,3789,206,315,413
0x8216f8,97.1135%,517,17394,17911,8547,272,245,8847
0x5100fa,80.1612%,517,2089,2606,604,268,249,1485
0x40d480,93.5302%,517,7474,7991,4403,249,268,3071
0x53fe5f,70.5342%,513,1228,1741,261,331,182,967
0x40d0be,95.7935%,510,11614,12124,4822,253,257,6792
0x8eadf5,69.8817%,509,1181,1690,259,319,190,922
0x541321,93.5225%,509,7349,7858,511,297,212,6838
0x51b6fc,93.3263%,509,7118,7627,6176,190,319,942
0x5576c5,89.2389%,509,4221,4730,4014,200,309,207
0x8ea966,69.9408%,508,1182,1690,1017,186,322,165
0xb2fbd2,72.4959%,508,1339,1847,822,240,268,517
0xb30120,70.6767%,507,1222,1729,607,260,247,615
0x8ebb00,96.725%,507,14974,15481,14949,97,410,25
0x54872f,78.4955%,506,1847,2353,589,301,205,1258
0x90dc31,99.0144%,502,50431,50933,49954,18,484,477
0x8d9c75,82.1263%,501,2302,2803,439,313,188,1863
0x4a1c54,80.987%,497,2117,2614,880,193,304,1237
0x8d9c1f,76.7606%,495,1635,2130,364,295,200,1271
0x488959,80.9726%,493,2098,2591,1247,300,193,851
0x8f5a6b,89.2834%,492,4099,4591,795,311,181,3304
0x49e184,85.2365%,490,2829,3319,1121,227,263,1708
0x54f798,76.1441%,490,1564,2054,499,279,211,1065
0x96c120,83.2132%,489,2424,2913,470,310,179,1954
0x405733,96.7253%,488,14414,14902,7581,249,239,6833
0x4b5a82,84.767%,487,2710,3197,1758,184,303,952
0x819621,95.3837%,486,10042,10528,9998,84,402,44
0x819698,95.2264%,486,9695,10181,1761,300,186,7934
0x80728c,97.0705%,485,16071,16556,1591,273,212,14480
0x54f7db,76.3875%,485,1569,2054,275,315,170,1294
0x48cf5b,75.7789%,482,1508,1990,846,275,207,662
0x8d9aa9,89.6425%,481,4163,4644,3056,207,274,1107
0x48d6ef,81.3037%,479,2083,2562,466,291,188,1617
0x66d3c2,81.9181%,477,2161,2638,470,258,219,1691
0x77ff6e,70.4827%,477,1139,1616,149,340,137,990
0x488635,76.0322%,476,1510,1986,1252,166,310,258
0x8ff85a,98.3662%,475,28599,29074,14296,246,229,14303
0xb46722,95.708%,475,10592,11067,8114,194,281,2478
0x51c80e,96.8256%,472,14397,14869,2855,201,271,11542
0x8a540b,69.401%,470,1066,1536,1012,134,336,54
0x8e9eec,83.2382%,470,2334,2804,376,328,142,1958
0x51c7bb,94.4674%,468,7991,8459,928,264,204,7063
0x552196,69.2105%,468,1052,1520,247,275,193,805
0x8e9689,66.8555%,468,944,1412,95,357,111,849
0xb3aa28,95.8739%,466,10828,11294,6155,240,226,4673
0x405720,97.2354%,466,16390,16856,1640,314,152,14750
0x50ffc7,83.0175%,466,2278,2744,1038,226,240,1240
0xb0cc63,95.0011%,464,8818,9282,1595,289,175,7223
0x596fce,72.3952%,461,1209,1670,444,247,214,765
0x5097c3,91.5691%,461,5007,5468,1115,243,218,3892
0x808c77,78.9062%,459,1717,2176,691,257,202,1026
0xa2fbb0,93.5917%,458,6689,7147,6459,104,354,230
0xa30480,93.133%,457,6198,6655,5981,120,337,217
0xb2ff56,94.0948%,456,7266,7722,1527,202,254,5739
0x8eb978,90.1965%,454,4177,4631,2020,230,224,2157
0x596cad,66.1699%,454,888,1342,183,306,148,705
0x596fa4,91.8569%,453,5110,5563,3574,193,260,1536
0x908f19,87.4235%,452,3142,3594,1620,185,267,1522
0x81e2eb,76.1376%,451,1439,1890,770,199,252,669
0x40f59e,96.8952%,451,14075,14526,10716,205,246,3359
0x5bbb84,88.3606%,448,3401,3849,3326,88,360,75
0x502eb6,81.0914%,447,1917,2364,1415,161,286,502
0x812633,87.4718%,445,3107,3552,2374,179,266,733
0xb2fcf7,98.0239%,445,22074,22519,8424,256,189,13650
0x908e17,89.5882%,445,3829,4274,3254,127,318,575
0x402942,98.6716%,444,32980,33424,2524,302,142,30456
0x8fd397,88.8243%,442,3513,3955,285,279,163,3228
0x547fa4,94.5676%,441,7677,8118,6717,161,280,960
0x6279d9,69.7115%,441,1015,1456,159,271,170,856
0x81d1de,95.4937%,440,9324,9764,9256,66,374,68
0x510033,98.1351%,440,23154,23594,10254,183,257,12900
0x5bdb7a,92.8837%,440,5743,6183,3067,247,193,2676
0x40d12a,96.3791%,439,11685,12124,760,237,202,10925
0x6437e8,69.4502%,439,998,1437,55,287,152,943
0x488a79,72.1551%,438,1135,1573,285,241,197,850
0x5df23e,71.8428%,437,1115,1552,601,256,181,514
0x4a1bc4,83.3588%,435,2179,2614,854,219,216,1325
0x48af74,69.9029%,434,1008,1442,136,294,140,872
0x909910,76.629%,434,1423,1857,393,257,177,1030
0x6387f5,76.8573%,433,1438,1871,1108,157,276,330
0x537b2b,92.0609%,433,5021,5454,467,261,172,4554
0x8bd4a6,99.3598%,433,67206,67639,2414,334,99,64792
0x50231b,78.5218%,433,1583,2016,1396,176,257,187
0x503cd3,79.9722%,433,1729,2162,1494,170,263,235
0x8fdec6,98.6462%,432,31478,31910,603,359,73,30875
0x8e0e15,99.1904%,432,52926,53358,25257,217,215,27669
0x8212e8,96.0371%,432,10469,10901,6663,154,278,3806
0xb2ffa6,83.5186%,430,2179,2609,1309,208,222,870
0x5521b5,71.9712%,428,1099,1527,884,155,273,215
0x8fe00b,89.4033%,428,3611,4039,833,267,161,2778
0x502e83,97.2282%,428,15013,15441,7377,195,233,7636
0x51034f,91.8496%,427,4812,5239,4310,156,271,502
0xa3a03d,72.2837%,426,1111,1537,821,178,248,290
0xa5fa91,71.6755%,426,1078,1504,839,188,238,239
0x8e1210,89.4279%,425,3595,4020,2696,174,251,899
0x8157e4,96.2081%,422,10707,11129,8518,150,272,2189
0x901472,91.9772%,422,4838,5260,1299,224,198,3539
0x90998d,77.329%,421,1436,1857,525,206,215,911
0xa02371,94.3934%,421,7088,7509,4689,192,229,2399
0x537fd4,95.6395%,420,9212,9632,7191,224,196,2021
0x8bd6a8,86.5341%,420,2699,3119,762,200,220,1937
0x50742e,73.875%,418,1182,1600,959,170,248,223
0x8a949d,99.2113%,417,52453,52870,49760,112,305,2693
0x4101a9,95.3213%,415,8455,8870,1549,182,233,6906
0x53c760,96.9314%,415,13109,13524,12940,59,356,169
0x596b84,82.0889%,415,1902,2317,84,302,113,1818
0x5bbcad,87.9028%,413,3001,3414,789,303,110,2212
0x49b227,91.8189%,412,4624,5036,3968,155,257,656
0x8eae17,75.6805%,411,1279,1690,1012,165,246,267
0xb4665a,99.1217%,411,46383,46794,23897,192,219,22486
0x9ab7a7,67.0153%,410,833,1243,641,151,259,192
0x8e895f,97.0552%,410,13513,13923,4313,228,182,9200
0x51b7df,90.1232%,409,3732,4141,114,357,52,3618
0xa0378a,96.2801%,409,10586,10995,8227,203,206,2359
0xb2fbb3,77.9101%,408,1439,1847,754,208,200,685
0x81417f,85.7293%,408,2451,2859,1671,190,218,780
0x402921,95.7304%,408,9148,9556,7973,203,205,1175
0x8ec947,91.8056%,408,4571,4979,490,238,170,4081
0x54f7f8,80.185%,407,1647,2054,535,238,169,1112
0x51034a,93.1799%,406,5547,5953,464,250,156,5083
0xa333b8,91.0989%,405,4145,4550,1559,220,185,2586
0x8bc92d,96.807%,405,12279,12684,6955,247,158,5324
0xb46607,99.1531%,403,47185,47588,7399,254,149,39786
0x8dda33,74.8593%,402,1197,1599,680,178,224,517
0x9a9a1b,85.5707%,402,2384,2786,2046,194,208,338
0x8d9d0b,72.6717%,402,1069,1471,290,260,142,779
0x542477,82.4814%,401,1888,2289,1212,173,228,676
0x502360,80.1091%,401,1615,2016,1521,161,240,94
0xaab176,93.7206%,401,5985,6386,3152,210,191,2833
0x8350a1,93.3344%,401,5615,6016,1122,249,152,4493
0xa3963c,81.1914%,401,1731,2132,332,271,130,1399
0xa35852,83.3958%,399,2004,2403,1021,212,187,983
0x80f63f,94.6081%,399,7001,7400,4196,166,233,2805
0x58fd86,96.0575%,398,9697,10095,1075,244,154,8622
0x9008b6,85.4792%,397,2337,2734,975,204,193,1362
0x9f27e6,71.9943%,396,1018,1414,608,212,184,410
0x90cf21,86.4633%,395,2523,2918,2362,107,288,161
0x80fcad,94.3051%,395,6541,6936,3246,210,185,3295
0x811718,90.99%,395,3989,4384,294,324,71,3695
0x970f27,91.2048%,392,4065,4457,1536,247,145,2529
0x50bf13,74.2613%,392,1131,1523,968,152,240,163
0x627f3f,73.1456%,391,1065,1456,160,270,121,905
0x8da6a5,90.6749%,391,3802,4193,2754,163,228,1048
0x8ea9a9,76.9822%,389,1301,1690,228,237,152,1073
0x901613,91.7519%,387,4305,4692,3690,135,252,615
0x8fd3bf,88.1434%,387,2877,3264,527,230,157,2350
0x8bccdd,95.315%,386,7853,8239,5639,195,191,2214
0x9441d6,98.5101%,385,25456,25841,24744,147,238,712
0x64ad24,98.2167%,383,21094,21477,139,303,80,20955
0x402342,92.5796%,382,4766,5148,4370,191,191,396
0x49b307,92.4146%,382,4654,5036,3964,159,223,690
0x596eaf,87.7267%,379,2709,3088,731,215,164,1978
0x4a1e07,73.9698%,379,1077,1456,189,241,138,888
0x8dedb4,89.9708%,378,3391,3769,208,201,177,3183
0x5118a2,93.5852%,377,5500,5877,330,201,176,5170
0x51b462,91.7492%,375,4170,4545,3624,153,222,546
0x40d469,84.5806%,375,2057,2432,262,247,128,1795
0x5097d3,90.8759%,375,3735,4110,2140,179,196,1595
0x819707,96.4476%,374,10154,10528,10121,78,296,33
0x820a19,78.2558%,374,1346,1720,1035,192,182,311
0xaae224,90.1379%,372,3400,3772,1845,146,226,1555
0x48aaac,95.6018%,372,8086,8458,2807,232,140,5279
0x8224ad,82.1635%,371,1709,2080,1148,174,197,561
0xb2df4d,97.1171%,371,12498,12869,12055,117,254,443
0x5017da,90.9468%,371,3727,4098,1087,180,191,2640
0x596d34,76.4444%,371,1204,1575,938,151,220,266
0x8d283b,87.372%,370,2560,2930,1631,128,242,929
0x5e37a4,75.5467%,369,1140,1509,663,192,177,477
0x5413f3,97.8222%,368,16530,16898,1701,284,84,14829
0x8bcf16,90.6433%,368,3565,3933,47,285,83,3518
0x908808,95.6802%,368,8151,8519,3927,228,140,4224
0xb2fd8b,72.975%,367,991,1358,139,180,187,852
0x48aa84,97.3625%,366,13511,13877,5267,152,214,8244
0x5f528d,90.4638%,366,3472,3838,495,291,75,2977
0x49ee2f,89.2212%,364,3013,3377,2740,103,261,273
0x555597,75.9736%,364,1151,1515,46,251,113,1105
0x40d5e9,96.4002%,363,9721,10084,1311,241,122,8410
0x501710,90.5965%,361,3478,3839,3444,100,261,34
0x558fc5,98.1293%,359,18832,19191,476,292,67,18356
0x40ffc6,93.6446%,358,5275,5633,4229,229,129,1046
0x8d2898,87.886%,357,2590,2947,1397,174,183,1193
0x8bd1eb,96.5235%,357,9912,10269,3732,182,175,6180
0x8350c7,92.3143%,357,4288,4645,4014,141,216,274
0x8d23bc,92.6165%,355,4453,4808,376,239,116,4077
0x81effe,87.0296%,355,2382,2737,1725,121,234,657
0x40d90e,97.0195%,352,11458,11810,9244,176,176,2214
0x510fb1,85.615%,352,2095,2447,537,186,166,1558
0x5385ee,92.994%,351,4659,5010,79,279,72,4580
0xaa4570,95.0071%,351,6679,7030,918,228,123,5761
0x404fee,97.9608%,350,16814,17164,16751,105,245,63
0x90f260,81.012%,349,1489,1838,1425,105,244,64
0x8ed275,84.8721%,349,1958,2307,290,210,139,1668
0x81ef30,71.4051%,348,869,1217,771,71,277,98
0x596e2a,85.9394%,348,2127,2475,1299,168,180,828
0x8fe262,98.861%,347,30118,30465,89,248,99,30029
0x8fe26b,98.8516%,346,29782,30128,28189,100,246,1593
0x8e0fd9,85.7025%,346,2074,2420,1476,138,208,598
0x541847,80.2065%,345,1398,1743,379,191,154,1019
0x596cbe,74.2921%,345,997,1342,199,205,140,798
0x8ead32,85.0455%,345,1962,2307,300,200,145,1662
0x54f725,66.1433%,345,674,1019,284,155,190,390
0xb30309,93.1062%,344,4646,4990,882,194,150,3764
0x545681,67.3004%,344,708,1052,384,177,167,324
0xa41acc,88.8239%,344,2734,3078,1317,161,183,1417
0x609edf,95.8227%,343,7868,8211,2333,176,167,5535
0x5412c2,95.635%,343,7515,7858,5039,159,184,2476
0xa3a447,71.6887%,342,866,1208,173,226,116,693
0xa022e7,90.9621%,341,3432,3773,901,244,97,2531
0x53e2a2,94.9623%,341,6428,6769,258,238,103,6170
0x5c6b31,90.4669%,341,3236,3577,1823,168,173,1413
0x8dcda0,85.1675%,341,1958,2299,1527,149,192,431
0xa39c7d,77.879%,340,1197,1537,279,170,170,918
0x5bbadb,91.9163%,340,3866,4206,3774,75,265,92
0x54833b,97.5973%,340,13811,14151,1048,189,151,12763
0x596e51,80.5842%,339,1407,1746,108,213,126,1299
0x8e4bf5,90.3124%,338,3151,3489,1543,191,147,1608
0x8a8e6a,87.9211%,337,2453,2790,672,244,93,1781
0x81bdd6,75.3846%,336,1029,1365,185,220,116,844
0x512de6,92.0811%,336,3907,4243,3813,123,213,94
0x49fd14,83.2168%,336,1666,2002,611,199,137,1055
0xad7dfa,90.2701%,335,3108,3443,2737,126,209,371
0x5427cf,96.2379%,334,8544,8878,8254,45,289,290
0x53dba6,95.0805%,333,6436,6769,6286,116,217,150
0x48a677,80.7292%,333,1395,1728,829,205,128,566
0x9ab3a3,77.1761%,333,1126,1459,544,200,133,582
0x9abb1e,69.6721%,333,765,1098,208,199,134,557
0x8f6905,67.7357%,332,697,1029,512,153,179,185
0x503984,80.8781%,331,1400,1731,161,209,122,1239
0x4b5af1,89.7643%,330,2894,3224,1551,175,155,1343
0x8b9558,98.3904%,329,20111,20440,19478,110,219,633
0x5116d1,70.5671%,327,784,1111,519,150,177,265
0x8fc427,92.0088%,327,3765,4092,606,176,151,3159
0x537bc6,90.1831%,327,3004,3331,34,228,99,2970
0xb2dfd3,78.8174%,326,1213,1539,1131,119,207,82
0x555e72,68.0705%,326,695,1021,446,163,163,249
0x9ab07e,73.7731%,326,917,1243,291,210,116,626
0x8bd5da,91.3518%,325,3433,3758,1452,162,163,1981
0x405197,96.0879%,324,7958,8282,985,145,179,6973
0x596d45,79.4286%,324,1251,1575,650,173,151,601
0x8e2350,94.7067%,323,5779,6102,2336,186,137,3443
0x81a7a9,94.5851%,323,5642,5965,5431,87,236,211
0x8350fb,75.6614%,322,1001,1323,685,148,174,316
0x41034d,96.3352%,321,8438,8759,3053,124,197,5385
0x8ec95b,92.4488%,321,3930,4251,1174,234,87,2756
0x951878,95.1319%,321,6273,6594,6164,89,232,109
0x8d9d1a,75.2124%,321,974,1295,353,194,127,621
0x8da5dc,80.8129%,321,1352,1673,706,153,168,646
0x402adb,92.5702%,320,3987,4307,3280,123,197,707
0x808db5,85.2941%,320,1856,2176,1035,193,127,821
0x909131,82.8218%,319,1538,1857,504,146,173,1034
0x81ef10,77.198%,319,1080,1399,878,146,173,202
0x9f199d,63.5429%,319,556,875,413,130,189,143
0x4c4af3,93.7574%,318,4776,5094,2429,177,141,2347
0x8ed246,74.1224%,317,908,1225,172,183,134,736
0x554e08,78.9648%,317,1190,1507,73,216,101,1117
0x6278fb,86.6215%,316,2046,2362,194,219,97,1852
0x40d436,87.8927%,316,2294,2610,1961,130,186,333
0x5103dc,94.4396%,316,5367,5683,3613,163,153,1754
0x7cc117,83.4555%,316,1594,1910,403,224,92,1191
0x81c659,83.4732%,315,1591,1906,573,166,149,1018
0x8be3aa,76.8095%,314,1040,1354,212,201,113,828
0x8124e5,94.2484%,313,5129,5442,663,180,133,4466
0xa54c54,81.1218%,313,1345,1658,385,205,108,960
0x609fb6,89.4257%,313,2647,2960,345,201,112,2302
0xb2fdad,69.9711%,312,727,1039,282,139,173,445
0x8da615,81.3509%,312,1361,1673,109,215,97,1252
0x62797b,74.0216%,312,889,1201,102,207,105,787
0xa335e9,85.0144%,312,1770,2082,482,172,140,1288
0x8058db,85.5818%,311,1846,2157,959,151,160,887
0x81a695,97.6814%,311,13102,13413,129,246,65,12973
0x8ed1cb,93.8516%,310,4732,5042,3677,140,170,1055
0x8fe3aa,98.0098%,310,15266,15576,8254,194,116,7012
0x59698a,67.437%,310,642,952,440,159,151,202
0x40d033,97.8037%,309,13760,14069,1274,159,150,12486
0x558f8b,75.7266%,309,964,1273,357,152,157,607
0x8ba0c6,97.6165%,309,12655,12964,3122,170,139,9533
0xa25d04,88.7267%,309,2432,2741,822,191,118,1610
0x4894e6,80.7282%,307,1286,1593,574,145,162,712
0x510460,94.8429%,307,5646,5953,1156,169,138,4490
0x8e01c7,89.8305%,306,2703,3009,1349,151,155,1354
0x512ce9,96.9941%,306,9874,10180,5329,182,124,4545
0x49e930,93.7269%,306,4572,4878,1857,99,207,2715
0x5389cb,94.8005%,305,5561,5866,4593,129,176,968
0x40d5ca,91.6393%,305,3343,3648,508,177,128,2835
0x5097eb,86.934%,303,2016,2319,513,182,121,1503
0xb0d49b,74.6218%,302,888,1190,578,136,166,310
0x510471,93.4745%,302,4326,4628,3321,118,184,1005
0x96c129,86.5837%,302,1949,2251,1790,96,206,159
0x54573a,77.9164%,301,1062,1363,130,209,92,932
0x81d5f0,96.3528%,301,7952,8253,7895,40,261,57
0x8b94ae,98.5326%,300,20145,20445,406,207,93,19739
0x8a5dd0,63.9759%,299,531,830,387,129,170,144
0x8059ef,78.0952%,299,1066,1365,83,196,103,983
0x58f73a,78.8652%,298,1112,1410,295,175,123,817
0x821680,98.3048%,298,17281,17579,2111,213,85,15170
0xb2fd46,84.9037%,298,1676,1974,1558,111,187,118
0x8daabf,78.4627%,297,1082,1379,230,188,109,852
0x609f7b,91.5356%,296,3201,3497,363,174,122,2838
0x8eb9db,92.377%,296,3587,3883,1845,144,152,1742
0x4c436f,88.5004%,296,2278,2574,1509,115,181,769
0x90b936,85.8377%,295,1788,2083,946,176,119,842
0x501621,91.441%,294,3141,3435,1119,158,136,2022
0x53e322,92.1194%,293,3425,3718,384,172,121,3041
0x808bba,81.258%,292,1266,1558,1132,96,196,134
0x53db1c,87.6271%,292,2068,2360,232,183,109,1836
0x819d43,78.3704%,292,1058,1350,379,164,128,679
0x8fedc6,90.068%,292,2648,2940,2185,115,177,463
0x8bd6b4,86.509%,291,1866,2157,1812,70,221,54
0x98b33f,61.457%,291,464,755,350,136,155,114
0x8f56ff,97.3282%,290,10564,10854,4344,130,160,6220
0x596dcc,67.7778%,290,610,900,130,157,133,480
0x40e645,87.3693%,290,2006,2296,1633,164,126,373
0xb2fd61,60.1928%,289,437,726,366,159,130,71
0xa45c73,76.1157%,289,921,1210,174,170,119,747
0x541870,83.4194%,289,1454,1743,420,150,139,1034
0x4a78c1,82.705%,289,1382,1671,504,162,127,878
0x55606d,71.7924%,288,733,1021,699,82,206,34
0x90f282,90.4192%,288,2718,3006,2255,147,141,463
0x611734,76.8489%,288,956,1244,362,151,137,594
0xaade6c,98.201%,288,15721,16009,8774,170,118,6947
0x58f7c1,94.6545%,287,5082,5369,605,106,181,4477
0x8076bc,92.5493%,287,3565,3852,3517,42,245,48
0x604c02,85.6642%,286,1709,1995,1639,101,185,70
0x80fb2f,97.7204%,286,12260,12546,6328,110,176,5932
0x821479,91.8005%,286,3202,3488,1381,121,165,1821
0x4bc4d5,83.4878%,285,1441,1726,366,156,129,1075
0x8eac8f,96.8849%,285,8864,9149,3150,151,134,5714
0x81d19a,75.5575%,285,881,1166,467,141,144,414
0x59063b,92.1617%,285,3351,3636,222,186,99,3129
0xa3320e,89.2045%,285,2355,2640,397,175,110,1958
0x90b99f,74.6881%,284,838,1122,82,185,99,756
0x596dbb,68.4444%,284,616,900,236,142,142,380
0x8f3119,91.6691%,284,3125,3409,2397,123,161,728
0x58f6a9,79.9291%,283,1127,1410,290,180,103,837
0x8f4501,81.9745%,283,1287,1570,884,105,178,403
0x8d9d39,78.1467%,283,1012,1295,207,167,116,805
0xa309fc,84.9708%,283,1600,1883,1294,100,183,306
0xb0b160,56.4815%,282,366,648,193,150,132,173
0x81a62e,89.3101%,282,2356,2638,1507,138,144,849
0x8d2648,92.0316%,282,3257,3539,1646,145,137,1611
0x5346cf,97.5601%,281,11236,11517,11157,45,236,79
0xb30298,95.6528%,280,6161,6441,4871,119,161,1290
0x595daa,78.5111%,280,1023,1303,184,162,118,839
0x817c26,85.0905%,280,1598,1878,1460,80,200,138
0x805ec8,74.3355%,280,811,1091,473,137,143,338
0x8a5333,79.0419%,280,1056,1336,942,126,154,114
0x8a554c,97.4564%,280,10728,11008,10719,63,217,9
0x8f58b3,95.6984%,279,6207,6486,2471,141,138,3736
0x554642,77.0936%,279,939,1218,43,215,64,896
0x8bc7bd,98.8642%,278,24198,24476,22777,72,206,1421
0x49fef4,98.0066%,278,13668,13946,5022,178,100,8646
0x65a35e,93.4772%,278,3984,4262,2190,147,131,1794
0xb3aacb,95.2381%,278,5560,5838,2103,142,136,3457
0x4ca10f,79.5421%,277,1077,1354,1031,111,166,46
0x8eac7c,94.526%,276,4766,5042,3716,101,175,1050
0x60dd2b,72.888%,276,742,1018,159,161,115,583
0x951d42,98.6236%,276,19777,20053,19328,88,188,449
0x90f23f,90.8184%,276,2730,3006,2584,114,162,146
0x537fb4,97.0541%,276,9093,9369,7092,152,124,2001
0x558fe5,64.0625%,276,492,768,250,139,137,242
0xada7a3,96.0356%,276,6686,6962,5841,152,124,845
0x4c4a6b,94.6015%,275,4819,5094,1684,155,120,3135
0x817ed9,85.3568%,275,1603,1878,990,98,177,613
0xb09e0a,91.7548%,273,3038,3311,239,149,124,2799
0x542de3,88.3978%,273,2080,2353,273,201,72,1807
0x8e9f58,88.5917%,273,2120,2393,531,166,107,1589
0x511927,97.5703%,273,10963,11236,670,178,95,10293
0xad8590,97.68%,272,11452,11724,5491,177,95,5961
0x63c766,71.6961%,272,689,961,280,146,126,409
0x40d2b5,86.1578%,272,1693,1965,1118,148,124,575
0x8e88aa,91.8854%,272,3080,3352,2015,170,102,1065
0x80a517,84.0682%,271,1430,1701,1048,92,179,382
0x5906ae,89.5849%,271,2331,2602,1305,138,133,1026
0x977a78,69.2744%,271,611,882,426,140,131,185
0x51030d,75.5856%,271,839,1110,557,107,164,282
0x8143b4,93.4652%,271,3876,4147,3683,56,215,193
0x53dc3b,98.4347%,270,16979,17249,116,251,19,16863
0x8ed1e0,97.0598%,269,8880,9149,3175,126,143,5705
0xa5ec70,61.4613%,269,429,698,242,134,135,187
0x8189cf,89.8408%,268,2370,2638,1512,133,135,858
0x511a8e,93.1755%,268,3659,3927,2341,109,159,1318
0xb2df2a,90.1802%,267,2452,2719,2266,104,163,186
0xb327c4,91.1384%,267,2746,3013,1262,93,174,1484
0x503168,96.6011%,266,7560,7826,3822,118,148,3738
0x58f826,95.966%,266,6328,6594,5678,88,178,650
0x811827,84.4209%,265,1436,1701,1042,98,167,394
0x502e9d,96.6139%,265,7561,7826,258,155,110,7303
0x507703,78.0447%,265,942,1207,787,109,156,155
0x90ba07,84.3658%,265,1430,1695,982,140,125,448
0x8db656,77.7591%,264,923,1187,856,79,185,67
0x8ba0bb,99.0237%,264,26777,27041,13968,109,155,12809
0x8a93c2,91.461%,263,2817,3080,1495,115,148,1322
0x8094b6,78.5831%,263,965,1228,802,96,167,163
0xb313b3,59.4136%,263,385,648,296,92,171,89
0x5be1b4,84.0799%,263,1389,1652,714,123,140,675
0x5118c7,95.0804%,263,5083,5346,2035,125,138,3048
0x4894d5,88.9076%,263,2108,2371,637,141,122,1471
0x40d371,89.5908%,262,2255,2517,1332,131,131,923
0x643228,99.6023%,262,65610,65872,65521,85,177,89
0x5102c5,76.7318%,262,864,1126,738,96,166,126
0x90f293,91.3174%,261,2745,3006,911,136,125,1834
0xb0bfe7,94.7251%,261,4687,4948,4686,28,233,1
0x81f118,86.4627%,261,1667,1928,955,112,149,712
0xb3014a,70.1149%,260,610,870,207,151,109,403
0x58fdf5,93.6985%,260,3866,4126,3505,114,146,361
0x5bd46b,97.5857%,260,10509,10769,7750,123,137,2759
0xa39eaa,82.106%,260,1193,1453,101,168,92,1092
0x53ab80,76.5611%,259,846,1105,785,126,133,61
0x53f5b3,69.6366%,259,594,853,362,128,131,232
0x8ead01,78.8571%,259,966,1225,171,184,75,795
0x548cc9,87.7667%,258,1851,2109,896,146,112,955
0x9aad68,80.7606%,258,1083,1341,453,95,163,630
0x403abe,93.1944%,258,3533,3791,2172,116,142,1361
0x510514,88.3868%,257,1956,2213,802,163,94,1154
0x8da201,95.65%,257,5651,5908,5443,70,187,208
0xa3a462,68.2324%,257,552,809,312,132,125,240
0xa34960,98.2206%,257,14186,14443,12975,67,190,1211
0x502213,81.4306%,257,1127,1384,81,142,115,1046
0x8ed85d,72.8238%,256,686,942,366,122,134,320
0x510029,90.6706%,256,2488,2744,508,135,121,1980
0x8227e2,95.6815%,256,5672,5928,5393,101,155,279
0x60b13f,96.7006%,256,7503,7759,280,199,57,7223
0x60a726,85.1485%,255,1462,1717,270,169,86,1192
0x8a5b13,83.7907%,254,1313,1567,32,186,68,1281
0xa358a3,94.343%,254,4236,4490,1037,178,76,3199
0x8e1326,93.9633%,253,3938,4191,2058,156,97,1880
0x6432b9,82.6949%,253,1209,1462,1156,93,160,53
0x40e289,85.7865%,253,1527,1780,533,157,96,994
0x901fda,94.6078%,253,4439,4692,3537,72,181,902
0x81a716,96.119%,253,6266,6519,376,178,75,5890
0x8ff3ba,94.6364%,253,4464,4717,154,173,80,4310
0x555eb7,76.6883%,252,829,1081,764,76,176,65
0x8e0f78,91.2195%,252,2618,2870,294,156,96,2324
0x8b97c6,99.5582%,252,56793,57045,40634,92,160,16159
0x81e446,78.9825%,252,947,1199,248,143,109,699
0x5bcacf,72.4479%,251,660,911,510,96,155,150
0x81c197,83.584%,251,1278,1529,217,146,105,1061
0xb46738,96.6604%,250,7236,7486,6745,108,142,491
0xa2719c,92.6901%,250,3170,3420,227,151,99,2943
0xa3349f,97.0135%,250,8121,8371,2083,135,115,6038
0x4885f3,91.0104%,250,2531,2781,1867,119,131,664
0x55617f,71.0801%,249,612,861,522,99,150,90
0xad7e4c,57.069%,249,331,580,185,107,142,146
0x8f3f92,64.6307%,249,455,704,181,137,112,274
0x40d379,90.1073%,249,2268,2517,1904,132,117,364
0x8f3f63,89.1219%,249,2040,2289,439,161,88,1601
0x8ec2d9,84.13%,249,1320,1569,312,158,91,1008
0x543abd,81.6432%,248,1103,1351,1086,47,201,17
0x51193e,97.7928%,248,10988,11236,10988,36,212,0
0x9007e3,93.3654%,248,3490,3738,458,121,127,3032
0x8fd3cf,90.1077%,248,2259,2507,1468,148,100,791
0x8a6f35,83.9586%,248,1298,1546,1040,100,148,258
0x809f67,85.4791%,247,1454,1701,1062,78,169,392
0xa307ab,79.5868%,247,963,1210,731,101,146,232
0x53c73f,83.75%,247,1273,1520,898,97,150,375
0x816840,96.5216%,247,6854,7101,6852,23,224,2
0xa0288f,61.7054%,247,398,645,148,161,86,250
0x543f7c,84.5044%,247,1347,1594,25,193,54,1322
0x8ec3c7,73.8298%,246,694,940,370,100,146,324
0xa17fc7,74.7692%,246,729,975,224,151,95,505
0x8f5a98,77.7577%,246,860,1106,256,134,112,604
0x598f9c,96.0097%,246,5919,6165,104,186,60,5815
0xb14966,94.2226%,246,4012,4258,3692,53,193,320
0x548cf1,96.2414%,246,6299,6545,5935,83,163,364
0x59704c,82.1351%,246,1131,1377,324,144,102,807
0x8d9aef,94.2443%,246,4028,4274,1238,142,104,2790
0xa393a4,84.057%,246,1297,1543,522,114,132,775
0x8e91bb,82.6487%,245,1167,1412,291,161,84,876
0x8ba35c,97.4577%,245,9392,9637,120,186,59,9272
0x9694f6,89.7404%,245,2143,2388,160,163,82,1983
0x8080fe,78.5088%,245,895,1140,799,107,138,96
0xa33040,92.2095%,244,2888,3132,2814,76,168,74
0xa51332,67.8524%,244,515,759,194,150,94,321
0x81f33a,87.3444%,244,1684,1928,427,134,110,1257
0x60424f,64.4217%,243,440,683,107,112,131,333
0x80bd30,93.8184%,243,3688,3931,3590,59,184,98
0x51c82f,97.9429%,243,11570,11813,11545,21,222,25
0x510497,91.6062%,243,2652,2895,872,143,100,1780
0x8bd700,92.1588%,243,2856,3099,2524,84,159,332
0x814871,80.1794%,243,983,1226,816,80,163,167
0xa2fb30,73.3186%,242,665,907,435,106,136,230
0x53a1f0,78.0995%,242,863,1105,803,108,134,60
0x50c6d6,93.8189%,241,3658,3899,1331,148,93,2327
0x40f420,96.2594%,240,6176,6416,1896,88,152,4280
0x596fdb,75.4852%,240,739,979,237,137,103,502
0x48b400,95.2541%,240,4817,5057,4806,38,202,11
0x596f63,71.2395%,239,592,831,531,84,155,61
0x643b54,70.4938%,239,571,810,496,121,118,75
0x5116b0,93.5976%,239,3494,3733,2168,83,156,1326
0x98cd52,93.6622%,239,3532,3771,1734,128,111,1798
0x8a719d,85.3014%,239,1387,1626,104,176,63,1283
0x545786,91.0936%,237,2424,2661,1955,111,126,469
0x64b465,94.1783%,237,3834,4071,3668,100,137,166
0x811c36,67.7596%,236,496,732,357,115,121,139
0x81490c,80.7504%,236,990,1226,823,73,163,167
0x539da0,78.6425%,236,869,1105,827,84,152,42
0x540c9e,86.5604%,236,1520,1756,401,133,103,1119
0x50181f,92.7626%,235,3012,3247,2164,88,147,848
0x53af10,78.733%,235,870,1105,821,90,145,49
0x58b718,88.7614%,235,1856,2091,629,121,114,1227
0x4bc3f6,87.5858%,235,1658,1893,814,125,110,844
0x8ec3a3,71.705%,234,593,827,415,88,146,178
0x8e0f32,99.5615%,234,53124,53358,51065,79,155,2059
0x81e33f,86.0896%,233,1442,1675,400,113,120,1042
0x402bdf,87.4596%,233,1625,1858,908,91,142,717
0x4bb335,94.4177%,232,3924,4156,3657,68,164,267
0x5122f7,93.0078%,232,3086,3318,1121,122,110,1965
0xa8ee1a,85.7669%,232,1398,1630,1058,127,105,340
0x5cb05a,92.7993%,231,2977,3208,2215,101,130,762
0xa17ffc,61.5%,231,369,600,132,129,102,237
0x8da6f1,93.9838%,230,3593,3823,1114,95,135,2479
0x8b9a03,98.4142%,230,14274,14504,13292,90,140,982
0x8a87cc,83.5125%,230,1165,1395,311,147,83,854
0x48cf64,73.5328%,230,639,869,47,154,76,592
0x63f39a,83.3938%,229,1150,1379,1134,45,184,16
0x40d2c9,84.1632%,229,1217,1446,415,119,110,802
0x49c75f,68.4573%,229,497,726,343,98,131,154
0x8dedff,88.802%,229,1816,2045,1686,71,158,130
0xad7e47,93.3488%,229,3214,3443,2765,98,131,449
0x604207,98.9779%,228,22079,22307,0,177,51,22079
0x538775,80.8564%,228,963,1191,170,146,82,793
0xb46633,99.5128%,228,46566,46794,44530,80,148,2036
0x4899e3,76.7109%,228,751,979,297,113,115,454
0x8fd3dc,85.8911%,228,1388,1616,839,137,91,549
0xaab161,96.8724%,227,7031,7258,742,130,97,6289
0x639bdd,71.625%,227,573,800,96,148,79,477
0x807865,82.3758%,227,1061,1288,956,80,147,105
0x8fd641,90.0044%,227,2044,2271,1064,90,137,980
0xb0d4e9,74.7768%,226,670,896,542,92,134,128
0x8d2342,77.4%,226,774,1000,169,143,83,605
0x8f42f4,86.7293%,226,1477,1703,90,161,65,1387
0x51b3db,91.7066%,225,2488,2713,2184,105,120,304
0x5481cf,97.9025%,225,10502,10727,3759,99,126,6743
0x8a87ef,72.9567%,225,607,832,192,139,86,415
0x48aef4,66.9118%,225,455,680,389,76,149,66
0x8ffaf9,67.2489%,225,462,687,235,102,123,227
0x81ee6d,87.8115%,225,1621,1846,880,75,150,741
0xa9214b,81.1242%,225,967,1192,553,110,115,414
0x8e277d,98.0009%,224,10981,11205,5745,78,146,5236
0x9ab7ff,72.1046%,224,579,803,485,88,136,94
0x5075ed,91.5472%,224,2426,2650,174,176,48,2252
0x81a61e,93.1498%,224,3046,3270,502,130,94,2544
0x47f272,79.1045%,224,848,1072,193,106,118,655
0xa303fb,71.8789%,223,570,793,377,120,103,193
0x446512,94.8959%,223,4146,4369,2199,173,50,1947
0x402020,81.2605%,223,967,1190,176,152,71,791
0x64b4aa,98.6928%,223,16837,17060,15654,117,106,1183
0x80b28e,80.4386%,223,917,1140,831,75,148,86
0x8f5d51,78.0728%,223,794,1017,130,139,84,664
0xb0adb9,58.9319%,223,320,543,215,99,124,105
0x610d2c,72.5248%,222,586,808,421,113,109,165
0x63eb67,78.3626%,222,804,1026,761,65,157,43
0x53de24,95.1348%,222,4341,4563,3966,71,151,375
0x552378,72.0403%,222,572,794,279,68,154,293
0x8fe295,84.0974%,222,1174,1396,375,104,118,799
0x60a916,71.8987%,222,568,790,87,125,97,481
0x81f703,86.2197%,222,1389,1611,515,118,104,874
0xa454b8,67.7794%,222,467,689,142,115,107,325
0xb7dbd5,92.2673%,221,2637,2858,1732,121,100,905
0x509aaf,80.5458%,221,915,1136,487,129,92,428
0xa45ca6,74.4804%,221,645,866,570,92,129,75
0x63f47a,83.9739%,221,1158,1379,1153,26,195,5
0x511612,91.0241%,220,2231,2451,524,97,123,1707
0xa3a3c7,79.9636%,220,878,1098,243,137,83,635
0x805f8e,79.9267%,219,872,1091,69,151,68,803
0x8eca79,94.92%,219,4092,4311,2062,117,102,2030
0x81ed4e,86.3039%,219,1380,1599,1331,63,156,49
0xa5658b,77.3292%,219,747,966,583,112,107,164
0x8c8ff8,75.8278%,219,687,906,297,121,98,390
0x818a71,98.0364%,219,10934,11153,110,185,34,10824
0x54ff47,53.7155%,218,253,471,100,128,90,153
0x8da63d,89.7556%,218,1910,2128,1654,106,112,256
0x503829,87.4061%,218,1513,1731,1455,70,148,58
0x537faf,97.7367%,218,9414,9632,112,151,67,9302
0x8fe34b,98.5991%,218,15343,15561,1423,164,54,13920
0x8bc78b,99.1093%,218,24258,24476,974,136,82,23284
0x8e37aa,90.5176%,218,2081,2299,483,140,78,1598
0x502c93,90.7274%,218,2133,2351,32,158,60,2101
0x406c4e,89.0238%,217,1760,1977,1584,71,146,176
0x8dae36,82.2712%,217,1007,1224,174,162,55,833
0xb2e7ec,81.1632%,217,935,1152,102,137,80,833
0x53870a,77.5362%,217,749,966,182,144,73,567
0x91977b,81.3092%,217,944,1161,35,165,52,909
0x803b08,91.8605%,217,2449,2666,144,139,78,2305
0x9f03d7,82.8299%,216,1042,1258,231,152,64,811
0x49ff22,97.5303%,216,8530,8746,4070,103,113,4460
0x50d2b0,95.2433%,216,4325,4541,2680,70,146,1645
0x8e9ba0,93.9513%,216,3355,3571,3315,22,194,40
0xb0cc23,96.6932%,216,6316,6532,2883,121,95,3433
0xb2e791,82.5666%,216,1023,1239,879,79,137,144
0x8c9405,62.6736%,215,361,576,90,127,88,271
0x9abe30,95.4641%,215,4525,4740,4511,49,166,14
0xb4661c,99.5405%,215,46579,46794,35525,117,98,11054
0x627969,85.2335%,215,1241,1456,121,134,81,1120
0x6433fb,95.1802%,214,4226,4440,3858,69,145,368
0x643819,80.4566%,214,881,1095,862,74,140,19
0xa3a3e2,70.195%,214,504,718,181,133,81,323
0x8fbf05,89.9389%,214,1913,2127,176,148,66,1737
0x8b9700,98.9527%,214,20220,20434,17620,86,128,2600
0xa397ac,72.1717%,214,555,769,189,104,110,366
0x54276b,97.6408%,214,8857,9071,8857,21,193,0
0x8e3794,90.7351%,213,2086,2299,1441,80,133,645
0x8d0bae,97.7687%,213,9333,9546,293,155,58,9040
0x53515b,97.1615%,213,7291,7504,22,166,47,7269
0x808b9b,74.7331%,213,630,843,422,91,122,208
0x5fd904,77.9396%,212,749,961,255,127,85,494
0x82131c,94.6451%,212,3747,3959,220,155,57,3527
0x8da5b1,81.4361%,212,930,1142,78,134,78,852
0x4872e4,81.4685%,212,932,1144,348,110,102,584
0x40deb6,98.1129%,211,10970,11181,415,108,103,10555
0x4894ab,90.1448%,211,1930,2141,1399,98,113,531
0x91108b,71.8499%,210,536,746,412,86,124,124
0x8da35c,85.724%,210,1261,1471,349,124,86,912
0x600288,85.4659%,209,1229,1438,653,96,113,576
0x8e0bf5,99.5149%,209,42875,43084,20581,125,84,22294
0x60022b,85.2297%,209,1206,1415,846,100,109,360
0xa39646,86.3309%,209,1320,1529,1112,124,85,208
0x9a7c63,76.9316%,209,697,906,249,106,103,448
0x40d46e,89.1316%,209,1714,1923,216,125,84,1498
0x405299,96.2572%,209,5375,5584,4591,117,92,784
0x8dda9b,74.8184%,208,618,826,337,77,131,281
0xa26458,92.2619%,208,2480,2688,911,102,106,1569
0x8ffc4a,93.0162%,207,2757,2964,1367,105,102,1390
0x81ee27,85.3607%,207,1207,1414,784,107,100,423
0x9ed654,78.072%,207,737,944,112,107,100,625
0xa911e7,70.5128%,207,495,702,139,118,89,356
0x8d11d4,97.4257%,207,7834,8041,2230,71,136,5604
0x4fdc27,61.0169%,207,324,531,41,123,84,283
0xa3535a,89.1167%,207,1695,1902,870,113,94,825
0x8e9f3c,91.7136%,206,2280,2486,2132,67,139,148
0x8bc97c,97.5901%,206,8342,8548,1150,62,144,7192
0x8e8934,99.0901%,206,22434,22640,13869,107,99,8565
0x51b8bb,96.2789%,206,5330,5536,165,101,105,5165
0x49eb47,85.8029%,206,1245,1451,1227,63,143,18
0x908284,93.6518%,206,3039,3245,964,133,73,2075
0x8fd434,93.4734%,205,2936,3141,526,130,75,2410
0x597047,87.7246%,205,1465,1670,164,129,76,1301
0x53450f,96.4521%,205,5573,5778,2758,124,81,2815
0xb3012a,76.2181%,205,657,862,242,108,97,415
0x511d6f,92.7664%,205,2629,2834,641,109,96,1988
0x97841e,73.7179%,205,575,780,377,101,104,198
0x511632,95.3228%,205,4178,4383,199,136,69,3979
0x8fe286,87.9717%,204,1492,1696,942,118,86,550
0x50ffed,86.2162%,204,1276,1480,438,76,128,838
0x48af20,72.9801%,204,551,755,128,87,117,423
0x8189be,93.7615%,204,3066,3270,514,118,86,2552
0x49caf1,66.4474%,204,404,608,296,96,108,108
0x8edda7,66.5025%,204,405,609,343,77,127,62
0x53c610,87.5837%,204,1439,1643,576,80,124,863
0xa45a30,71.0826%,203,499,702,393,73,130,106
0x5101ec,84.3606%,203,1095,1298,593,135,68,502
0xa54e11,93.7844%,203,3063,3266,3056,67,136,7
0x8125ae,75.9193%,203,640,843,170,112,91,470
0x4c9f39,77.3288%,202,689,891,647,52,150,42
0x5f8524,76.0947%,202,643,845,379,103,99,264
0x9f0ae3,76.4843%,202,657,859,82,120,82,575
0x808e87,93.9394%,202,3131,3333,875,103,99,2256
0x81017e,87.846%,202,1460,1662,693,109,93,767
0x8a938a,89.1644%,201,1654,1855,836,123,78,818
0x48e9e1,75.7539%,201,628,829,401,64,137,227
0x90ef19,92.8673%,201,2617,2818,839,122,79,1778
0x40d152,98.9387%,201,18738,18939,11018,109,92,7720
0x5026fa,74.6532%,201,592,793,362,80,121,230
0x5389f3,84.8714%,200,1122,1322,378,119,81,744
0x4c4334,91.2587%,200,2088,2288,78,133,67,2010
0x63ab75,75.6395%,200,621,821,340,103,97,281
0x9f4953,66.33%,200,394,594,137,110,90,257
0x51020e,84.7859%,199,1109,1308,269,115,84,840
0x604765,53.6131%,199,230,429,79,109,90,151
0x60a7ea,88.1548%,199,1481,1680,1163,95,104,318
0x596c13,91.4113%,199,2118,2317,851,136,63,1267
0x8d9aea,89.5042%,199,1697,1896,769,116,83,928
0x40d4fe,95.7223%,199,4453,4652,3640,83,116,813
0x8b997e,99.2641%,199,26842,27041,26330,58,141,512
0x9ab2ec,78.2751%,199,717,916,418,78,121,299
0x90cea1,86.2595%,198,1243,1441,541,58,140,702
0x540d0c,88.7115%,198,1556,1754,1381,82,116,175
0xa2fd8d,78.5249%,198,724,922,604,94,104,120
0x9ab7d9,85.3442%,198,1153,1351,463,85,113,690
0x815007,76.6509%,198,650,848,220,110,88,430
0x8e8d7e,83.9806%,198,1038,1236,902,67,131,136
0x40f8ca,99.4024%,198,32932,33130,453,107,91,32479
0x8a5d63,85.3966%,197,1152,1349,279,135,62,873
0x8e9a4d,84.0615%,197,1039,1236,903,66,131,136
0x81e4ae,75.6188%,197,611,808,171,116,81,440
0x507cc6,77.5114%,197,679,876,638,66,131,41
0x804f87,76.7689%,197,651,848,239,91,106,412
0x53c6db,87.5158%,197,1381,1578,1142,90,107,239
0x4c9e3c,85.5244%,196,1158,1354,287,126,70,871
0x8a5dab,85.4707%,196,1153,1349,290,124,72,863
0x81a67a,92.0163%,196,2259,2455,35,160,36,2224
0xaa4569,97.7079%,196,8355,8551,1422,99,97,6933
0x8d23a7,96.1659%,196,4916,5112,202,102,94,4714
0x805a4e,79.5833%,196,764,960,155,115,81,609
0x545b0e,96.4678%,196,5353,5549,2442,111,85,2911
0x5411a5,98.3645%,195,11728,11923,9796,54,141,1932
0x50c0a4,90.0459%,195,1764,1959,1236,107,88,528
0x534e0b,97.4848%,195,7558,7753,1678,107,88,5880
0x8a71a2,85.5126%,195,1151,1346,147,126,69,1004
0xa919dc,72.2222%,195,507,702,155,102,93,352
0x98ccb0,89.5274%,195,1667,1862,130,102,93,1537
0x534390,98.3155%,194,11323,11517,5638,101,93,5685
0x8e23ca,98.2686%,194,11011,11205,5348,106,88,5663
0x8da527,88.4041%,194,1479,1673,418,113,81,1061
0x49f978,84.891%,194,1090,1284,1025,49,145,65
0x90144d,96.3118%,194,5066,5260,240,138,56,4826
0xb2fbc4,78.0791%,194,691,885,50,119,75,641
0x808ea0,94.1794%,194,3139,3333,3118,19,175,21
0x5545ac,90.4621%,194,1840,2034,132,155,39,1708
0xa32ed8,85.312%,193,1121,1314,1026,78,115,95
0x81dda7,94.1745%,193,3120,3313,2666,114,79,454
0x40ddc6,97.6867%,193,8150,8343,3505,118,75,4645
0x8ebded,84.3851%,193,1043,1236,133,127,66,910
0x53efa0,95.141%,193,3779,3972,3773,21,172,6
0x54f7fe,84.9336%,193,1088,1281,999,100,93,89
0x805157,77.2406%,193,655,848,229,101,92,426
0x9ab380,83.4335%,193,972,1165,423,120,73,549
0x9e26e0,70.5344%,193,462,655,271,90,103,191
0x8a6209,78.7679%,193,716,909,312,117,76,404
0x640731,83.3764%,193,968,1161,925,36,157,43
0x783dde,89.3722%,193,1623,1816,654,129,64,969
0x8e263e,96.3602%,192,5083,5275,2415,122,70,2668
0x510e78,96.3835%,192,5117,5309,4800,88,104,317
0x805047,77.3585%,192,656,848,233,97,95,423
0x5023a6,90.4762%,192,1824,2016,1810,80,112,14
0x542262,96.8972%,192,5996,6188,56,163,29,5940
0x54f5d8,74.124%,192,550,742,483,94,98,67
0x8fe577,96.4564%,191,5199,5390,4890,83,108,309
0x5fd71d,87.557%,191,1344,1535,357,114,77,987
0x80b9c7,77.4764%,191,657,848,225,105,86,432
0xa5654f,62.9845%,191,325,516,155,100,91,170
0x8d0bd6,97.9992%,191,9355,9546,4251,100,91,5104
0x5104a7,89.8936%,190,1690,1880,796,94,96,894
0x8ead64,93.3028%,190,2647,2837,1383,100,90,1264
0x8d9c9b,88.8367%,190,1512,1702,118,113,77,1394
0xa553f1,94.1646%,190,3066,3256,3061,52,138,5
0x9faf7f,67.128%,190,388,578,65,122,68,323
0xa903c3,69.1558%,190,426,616,258,109,81,168
0x81e8cf,80.2495%,190,772,962,104,126,64,668
0x813667,77.5943%,190,658,848,225,105,85,433
0x8da6eb,89.3018%,190,1586,1776,780,90,100,806
0x81343f,88.7707%,190,1502,1692,434,116,74,1068
0x8d9caa,90.1707%,190,1743,1933,1253,100,90,490
0x81e33b,86.7226%,190,1241,1431,645,80,110,596
0x40ff93,96.4353%,189,5113,5302,1708,95,94,3405
0x51173e,87.247%,189,1293,1482,306,111,78,987
0x58ffdc,97.3746%,189,7010,7199,554,109,80,6456
0x8130d7,86.2944%,189,1190,1379,253,106,83,937
0x643049,89.0116%,189,1531,1720,1289,87,102,242
0x641092,86.2944%,189,1190,1379,894,67,122,296
0xa3a389,84.47%,189,1028,1217,310,99,90,718
0x5345c0,96.7067%,189,5550,5739,2846,109,80,2704
0x40f54b,99.5242%,188,39328,39516,1626,139,49,37702
0xa56605,73.3333%,188,517,705,248,107,81,269
0xb2fdf4,75.4569%,188,578,766,111,130,58,467
0xb4660c,99.5982%,188,46606,46794,45277,82,106,1329
0x8eb9bd,91.3959%,188,1997,2185,1614,84,104,383
0x640621,83.8071%,188,973,1161,918,43,145,55
0x8a935b,93.8961%,188,2892,3080,2645,72,116,247
0x60a8db,81.2188%,188,813,1001,76,135,53,737
0x81c682,83.8903%,188,979,1167,869,72,116,110
0x812625,95.4819%,188,3973,4161,511,98,90,3462
0x90d43b,79.2453%,187,714,901,525,74,113,189
0x81efb7,86.7751%,187,1227,1414,805,86,101,422
0x9ab3b8,74.7978%,187,555,742,401,66,121,154
0x8eb9df,95.4875%,187,3957,4144,1186,117,70,2771
0xa5839c,56.1033%,187,239,426,111,89,98,128
0x8bc89d,96.129%,186,4619,4805,1565,72,114,3054
0x90a06a,79.7165%,186,731,917,716,52,134,15
0x50c6e8,92.314%,186,2234,2420,1307,92,94,927
0x40e140,88.8556%,186,1483,1669,136,68,118,1347
0x809357,78.066%,186,662,848,229,101,85,433
0x9f09d8,81.4741%,186,818,1004,787,77,109,31
0x48dd8e,97.3928%,186,6948,7134,6883,53,133,65
0x5fe2e5,81.8359%,186,838,1024,292,84,102,546
0x5030de,97.5642%,186,7450,7636,1158,108,78,6292
0x542cd4,95.7166%,185,4134,4319,2995,84,101,1139
0xa34b30,95.4377%,185,3870,4055,3861,43,142,9
0x9ef0fd,81.2563%,185,802,987,132,110,75,670
0x50d6ad,84.7737%,185,1030,1215,993,44,141,37
0x5bba75,86.8759%,184,1218,1402,894,73,111,324
0xa30a5f,89.0995%,184,1504,1688,383,94,90,1121
0x534e2a,97.6267%,184,7569,7753,4666,103,81,2903
0xb0c053,94.8213%,184,3369,3553,3302,59,125,67
0x805f2e,76.6497%,184,604,788,471,91,93,133
0x4894a3,91.4059%,184,1957,2141,279,94,90,1678
0x81416e,94.3227%,184,3057,3241,269,113,71,2788
0x545570,85.1852%,184,1058,1242,911,50,134,147
0x9f0b15,80.9771%,183,779,962,41,143,40,738
0x60e330,78.6713%,183,675,858,253,79,104,422
0x8dadad,80.9573%,183,778,961,224,101,82,554
0x5411e6,98.7068%,183,13968,14151,10234,110,73,3734
0xa52870,91.4044%,183,1946,2129,1830,60,123,116
0x8ed060,91.294%,183,1919,2102,1906,24,159,13
0xb0ccb1,96.4658%,183,4995,5178,4992,39,144,3
0x5c6b8e,94.8631%,182,3361,3543,2055,93,89,1306
0xa3a12f,79.3417%,182,699,881,38,119,63,661
0xb3028e,90.9946%,182,1839,2021,1821,51,131,18
0x81e637,77.4752%,182,626,808,170,117,65,456
0x64b6cc,99.2957%,182,25659,25841,24806,85,97,853
0x80fec3,95.45%,182,3818,4000,2977,81,101,841
0x8a5b1e,86.5085%,182,1167,1349,300,114,68,867
0x9f78c5,77.5586%,182,629,811,13,158,24,616
0x8bcf38,95.3725%,182,3751,3933,190,127,55,3561
0x512ca5,98.362%,182,10929,11111,812,147,35,10117
0x5fda33,98.0997%,181,9344,9525,5987,98,83,3357
0x48ea91,69.0598%,181,404,585,259,79,102,145
0x8a8b27,84.9418%,181,1021,1202,882,55,126,139
0xa529f0,91.5453%,180,1949,2129,1815,75,105,134
0x8d9c93,95.0481%,180,3455,3635,1826,107,73,1629
0x50d2b9,90.0056%,179,1612,1791,1250,81,98,362
0xa35f0b,79.5895%,179,698,877,239,108,71,459
0x81b30b,77.3418%,179,611,790,321,78,101,290
0x63c85b,81.3736%,179,782,961,509,69,110,273
0x8bd3a7,95.0236%,179,3418,3597,1728,119,60,1690
0x53ab5f,76.0431%,178,565,743,465,84,94,100
0x404ee6,84.2478%,178,952,1130,313,119,59,639
0x90f1e0,94.4791%,177,3029,3206,2950,56,121,79
0x8fe9dc,94.7227%,177,3177,3354,1855,106,71,1322
0x50980b,84.419%,177,959,1136,71,124,53,888
0x49c750,84.9362%,177,998,1175,362,87,90,636
0x53aeef,76.1777%,177,566,743,471,78,99,95
0x40e3a4,83.349%,177,886,1063,547,71,106,339
0x811b93,84.528%,177,967,1144,261,114,63,706
0xa5f747,85.3577%,176,1026,1202,233,119,57,793
0x809142,79.1222%,176,667,843,426,87,89,241
0x9f3267,65.0794%,176,328,504,47,108,68,281
0xb0afd0,72.8395%,176,472,648,398,73,103,74
0x40e02a,98.4346%,175,11004,11179,10900,65,110,104
0x80780a,91.4592%,175,1874,2049,106,103,72,1768
0x554e17,85.6322%,175,1043,1218,1002,74,101,41
0x5411ed,95.4032%,175,3632,3807,69,118,57,3563
0x643afa,98.762%,175,13961,14136,13635,45,130,326
0xa39e17,82.6866%,174,831,1005,152,112,62,679
0x610db2,96.237%,174,4450,4624,20,136,38,4430
0x5097f5,89.2857%,174,1450,1624,388,100,74,1062
0xa26042,82.8233%,174,839,1013,366,110,64,473
0x818bdf,92.3009%,174,2086,2260,2012,54,120,74
0x668103,92.3818%,174,2110,2284,1678,66,108,432
0x54800b,97.4691%,174,6701,6875,105,150,24,6596
0x81f1f6,90.9751%,174,1754,1928,557,104,70,1197
0xa3a233,73.985%,173,492,665,380,69,104,112
0x8d0b9b,95.4124%,173,3598,3771,2832,52,121,766
0xa565ce,75.461%,173,532,705,84,94,79,448
0xa5edb7,69.2718%,173,390,563,37,121,52,353
0x805982,91.0502%,173,1760,1933,422,120,53,1338
0xb2fdf6,67.0476%,173,352,525,260,111,62,92
0x5f862a,92.0166%,173,1994,2167,1712,92,81,282
0x8087ca,79.7661%,173,682,855,552,72,101,130
0xa0260b,88.4048%,173,1319,1492,1240,75,98,79
0x4bc0ae,86.7079%,172,1122,1294,949,61,111,173
0x944224,80%,172,688,860,387,89,83,301
0x8eddcd,71.757%,172,437,609,63,95,77,374
0x808cca,85.9935%,172,1056,1228,177,121,51,879
0xa39cdc,83.0875%,172,845,1017,70,112,60,775
0x8a3497,65.0407%,172,320,492,176,75,97,144
0x53f5c8,92.0628%,172,1995,2167,142,79,93,1853
0x53c777,88.6842%,172,1348,1520,612,71,101,736
0xa35ca8,83.2845%,171,852,1023,84,103,68,768
0x805850,98.599%,171,12035,12206,11291,30,141,744
0x81f755,81.7891%,171,768,939,90,124,47,678
0x810100,95.0435%,171,3279,3450,2623,71,100,656
0x8157df,94.5524%,171,2968,3139,578,112,59,2390
0x8feea4,73.0709%,171,464,635,133,94,77,331
0xa45bbd,71.7355%,171,434,605,79,93,78,355
0x54ff98,62.5551%,170,284,454,106,105,65,178
0xa023a7,90.7959%,170,1677,1847,1085,60,110,592
0x60a7d3,90.2968%,170,1582,1752,1504,63,107,78
0x590487,78.75%,170,630,800,282,88,82,348
0x90c1c1,94.2828%,169,2787,2956,2022,92,77,765
0x7d0ee9,81.759%,168,753,921,421,95,73,332
0x8bcb9b,97.3485%,168,6168,6336,907,117,51,5261
0x5f8560,92.1459%,168,1971,2139,1843,60,108,128
0x53872b,93.7685%,168,2528,2696,1962,94,74,566
0x48af89,83.498%,167,845,1012,807,95,72,38
0x8bd239,99.4868%,167,32377,32544,25908,84,83,6469
0x5fd644,95.854%,167,3861,4028,400,132,35,3461
0x81c562,67.319%,167,344,511,228,80,87,116
0x50c3f6,72.8896%,167,449,616,288,67,100,161
0x639ba3,83.7232%,167,859,1026,782,44,123,77
0x489499,92.1999%,167,1974,2141,174,86,81,1800
0x53c62a,83.08%,167,820,987,225,92,75,595
0x5d7f22,86.5863%,167,1078,1245,508,93,74,570
0x539d7f,77.5236%,167,576,743,480,69,98,96
0xa17f37,83.7414%,166,855,1021,475,71,95,380
0x5103d7,97.2115%,166,5787,5953,175,95,71,5612
0x5babdc,78.1291%,166,593,759,173,94,72,420
0x8eebd8,72.7422%,166,443,609,171,59,107,272
0x9ea400,86.6881%,166,1081,1247,1014,52,114,67
0x8b969a,99.1876%,166,20268,20434,619,125,41,19649
0x8d266e,98.0094%,166,8173,8339,1818,70,96,6355
0xa515d9,67.451%,166,344,510,287,61,105,57
0x507448,70.0544%,165,386,551,342,81,84,44
0x54ecea,95.3072%,165,3351,3516,3297,77,88,54
0x41027a,97.311%,165,5971,6136,5905,66,99,66
0x4b580e,68.2692%,165,355,520,141,86,79,214
0x8b9760,99.1928%,165,20275,20440,4006,115,50,16269
0x8100f5,97.6701%,165,6917,7082,3549,83,82,3368
0x666f7a,88.1805%,165,1231,1396,1220,57,108,11
0x8e50eb,96.063%,165,4026,4191,2108,106,59,1918
0x54f657,91.9669%,165,1889,2054,952,87,78,937
0x511b50,94.1778%,165,2669,2834,2364,86,79,305
0x81959a,80.8362%,165,696,861,253,110,55,443
0x8f297f,76.6949%,165,543,708,39,116,49,504
0xb0cef1,94.5569%,164,2849,3013,1501,94,70,1348
0x8eb6bc,99.3646%,164,25647,25811,22846,116,48,2801
0x54f748,71.7241%,164,416,580,105,124,40,311
0xa56100,92.4424%,164,2006,2170,2001,28,136,5
0x8d2357,76.1628%,164,524,688,316,68,96,208
0x8103cb,95.2464%,164,3286,3450,2984,56,108,302
0x81a892,78.5808%,163,598,761,111,127,36,487
0x8f5786,98.1945%,163,8865,9028,7903,64,99,962
0x40df9a,98.9002%,163,14658,14821,14644,42,121,14
0x83506a,74.4113%,163,474,637,266,80,83,208
0x40debf,98.4706%,163,10495,10658,169,125,38,10326
0x8a7607,81.4773%,163,717,880,688,46,117,29
0x5f7642,73.1466%,163,444,607,420,62,101,24
0x81bdcb,89.742%,163,1426,1589,121,103,60,1305
0x50fd65,98.7611%,163,12994,13157,12599,84,79,395
0x558080,83.1426%,162,799,961,223,80,82,576
0xa397fa,65.9664%,162,314,476,78,101,61,236
0x90cf04,72.9549%,162,437,599,34,116,46,403
0x8ed6d9,85.0829%,162,924,1086,32,112,50,892
0x8fdd9d,92.7872%,162,2084,2246,653,99,63,1431
0x80cb01,90.1529%,161,1474,1635,11,130,31,1463
0x4b5954,92.006%,161,1853,2014,164,102,59,1689
0x60b144,97.7885%,161,7119,7280,437,109,52,6682
0x8044b9,61.0169%,161,252,413,39,110,51,213
0x640318,94.2867%,161,2657,2818,2300,85,76,357
0x4bb1dd,83.4881%,160,809,969,187,94,66,622
0x8a2975,71.7314%,160,406,566,354,68,92,52
0x811652,69.4656%,160,364,524,216,78,82,148
0x503991,96.3235%,160,4192,4352,4184,32,128,8
0x8fbf19,91.1259%,160,1643,1803,299,116,44,1344
0x80b402,71.4286%,160,400,560,271,56,104,129
0x596ff2,76.8452%,160,531,691,119,103,57,412
0x91126d,90.3089%,160,1491,1651,1140,68,92,351
0x8bc791,99.3152%,160,23206,23366,22984,64,96,222
0x8a8e7a,91.4621%,160,1714,1874,13,127,33,1701
0xa395bf,86.1859%,159,992,1151,322,105,54,670
0x40d382,93.683%,159,2358,2517,958,96,63,1400
0x805a80,78.0992%,159,567,726,425,74,85,142
0x53dc4c,99.0582%,159,16723,16882,16721,34,125,2
0x558a63,74.3922%,158,459,617,166,82,76,293
0x8a6241,54.3353%,158,188,346,61,82,76,127
0x80593b,89.9873%,158,1420,1578,679,76,82,741
0x63c7a4,79.3194%,158,606,764,143,86,72,463
0x4a2604,79.6915%,158,620,778,218,88,70,402
0x80aa58,68.4%,158,342,500,231,77,81,111
0x81b3f5,77.6836%,158,550,708,459,61,97,91
0x638ee5,71.1152%,158,389,547,130,79,79,259
0xa91ac9,67.7551%,158,332,490,36,91,67,296
0x81f6bb,95.2765%,158,3187,3345,1674,57,101,1513
0x54f8a8,92.3077%,158,1896,2054,1885,53,105,11
0x53a1cf,78.8694%,157,586,743,495,54,103,91
0x541198,98.8912%,157,14002,14159,1180,65,92,12822
0xa938a0,55.6497%,157,197,354,126,78,79,71
0x511986,96.1378%,157,3908,4065,227,98,59,3681
0x4a1d73,86.7062%,157,1024,1181,996,30,127,28
0x547f97,98.1573%,157,8363,8520,313,89,68,8050
0x627afa,86.4421%,157,1001,1158,988,51,106,13
0x546a8d,79.8201%,157,621,778,599,37,120,22
0x4a6f02,81.8707%,157,709,866,273,82,75,436
0xa024e4,94.6011%,157,2751,2908,1055,90,67,1696
0x8d2424,76.2557%,156,501,657,449,84,72,52
0xa54d43,47.8261%,156,143,299,94,89,67,49
0x5104af,84.2424%,156,834,990,718,58,98,116
0x535101,97.8677%,156,7160,7316,7158,58,98,2
0x5bda0a,96.0113%,156,3755,3911,1892,102,54,1863
0x8117c4,86.3398%,156,986,1142,541,77,79,445
0xa4503d,74.2149%,156,449,605,74,98,58,375
0x9a7bcb,81.5821%,156,691,847,181,107,49,510
0x8e134f,92.0772%,156,1813,1969,237,108,48,1576
0xa01874,79.6875%,156,612,768,137,115,41,475
0x627f23,86.7909%,156,1025,1181,43,112,44,982
0x835022,93.6893%,156,2316,2472,902,108,48,1414
0x816090,78.1382%,155,554,709,525,52,103,29
0xa3320a,84.9368%,155,874,1029,476,73,82,398
0x8141ca,93.7094%,155,2309,2464,29,123,32,2280
0x4041b9,79.3883%,155,597,752,154,81,74,443
0x81a309,81.2576%,155,672,827,32,122,33,640
0x811e18,95.0257%,155,2961,3116,2001,65,90,960
0xa35857,86.8376%,154,1016,1170,342,74,80,674
0x8bd4c0,99.6467%,154,43435,43589,8950,90,64,34485
0x722850,88.1811%,154,1149,1303,233,112,42,916
0xa333aa,87.9688%,154,1126,1280,507,69,85,619
0xa33474,98.3612%,154,9243,9397,4657,91,63,4586
0x5e436a,89.7946%,154,1355,1509,1311,77,77,44
0x5122c1,92.5568%,154,1915,2069,19,98,56,1896
0x40e0c4,98.6227%,154,11027,11181,856,88,66,10171
0x5483c4,98.8075%,154,12760,12914,928,63,91,11832
0x4bc5b1,89.1335%,153,1255,1408,615,83,70,640
0x8e2aa6,98.6345%,153,11052,11205,5717,106,47,5335
0x66f533,59.4164%,153,224,377,98,73,80,126
0x81bea9,86.6259%,153,991,1144,280,95,58,711
0x50498c,75.52%,153,472,625,397,73,80,75
0x8eba78,83.6188%,153,781,934,103,87,66,678
0x911029,64.9083%,153,283,436,111,77,76,172
0xa4ba8f,74.6689%,153,451,604,343,67,86,108
0x595e36,78.8966%,153,572,725,68,102,51,504
0x410174,97.5949%,152,6168,6320,568,116,36,5600
0x63d72b,84.1831%,152,809,961,781,39,113,28
0x5bba08,89.1583%,152,1250,1402,1233,50,102,17
0x807af3,66.8122%,152,306,458,148,75,77,158
0x833f56,81.7088%,152,679,831,274,62,90,405
0x9eeea7,75%,152,456,608,330,66,86,126
0x8142ba,90.3638%,151,1416,1567,1189,50,101,227
0x8fe54d,96.4949%,151,4157,4308,30,102,49,4127
0x40ded5,98.9924%,151,14835,14986,14835,43,108,0
0x90feb5,96.0399%,151,3662,3813,257,108,43,3405
0x5390b7,74.6218%,151,444,595,125,78,73,319
0x619190,90.9689%,151,1521,1672,421,103,48,1100
0x942664,89.3662%,151,1269,1420,820,117,34,449
0x8ee0c3,75.2053%,151,458,609,339,70,81,119
0x8bc892,97.0034%,151,4888,5039,130,104,47,4758
0x5f850b,68.476%,151,328,479,272,61,90,56
0xa39cb9,86.1213%,151,937,1088,46,91,60,891
0xa39adb,75.6452%,151,469,620,258,89,62,211
0x63b4a7,92.8639%,151,1965,2116,1210,96,55,755
0x4ba29b,89.2756%,151,1257,1408,815,88,63,442
0x5fe23a,86.4209%,151,961,1112,121,99,52,840
0x5fd603,91.7718%,150,1673,1823,181,107,43,1492
0x5c6ad8,96.2954%,150,3899,4049,3789,62,88,110
0x9a7f20,82.3113%,150,698,848,684,64,86,14
0x61919b,86.9338%,150,998,1148,727,63,87,271
0x8e48cc,85.889%,150,913,1063,746,57,93,167
0xa2d9df,75.2066%,150,455,605,74,98,52,381
0x40e4a5,91.573%,150,1630,1780,225,90,60,1405
0x917923,78.0882%,149,531,680,506,32,117,25
0x8dadf7,94.4856%,149,2553,2702,1968,98,51,585
0x8f5676,97.0236%,149,4857,5006,2297,69,80,2560
0x9ee58e,63.0273%,149,254,403,158,93,56,96
0x48b2d5,74.7029%,149,440,589,128,97,52,312
0x813110,89.6167%,149,1286,1435,504,85,64,782
0x8eac74,98.9281%,149,13752,13901,8788,71,78,4964
0xa310f1,75.3311%,149,455,604,123,71,78,332
0x8e4a58,96.4448%,149,4042,4191,258,88,61,3784
0xb1815f,77.39%,149,510,659,397,60,89,113
0x5fd72b,86.0902%,148,916,1064,880,48,100,36
0x48ebb7,71.7557%,148,376,524,127,79,69,249
0xa0278c,90.4762%,148,1406,1554,46,84,64,1360
0x402ae9,96.2133%,147,3735,3882,3695,54,93,40
0x50221e,87.3385%,147,1014,1161,266,102,45,748
0x8ffbd7,95.3875%,147,3040,3187,16,92,55,3024
0x4a1c82,90.3034%,147,1369,1516,9,111,36,1360
0x501807,95.7305%,147,3296,3443,27,95,52,3269
0x489a12,74.1652%,147,422,569,76,97,50,346
0x65b99d,96.7876%,147,4429,4576,4083,71,76,346
0x64af3c,99.4279%,146,25373,25519,19746,65,81,5627
0x627b40,93.8188%,146,2216,2362,2027,80,66,189
0x8fc3fd,98.7281%,146,11333,11479,453,62,84,10880
0x542e40,93.5312%,146,2111,2257,2056,48,98,55
0x8f4997,97.1612%,146,4997,5143,2557,81,65,2440
0x7d09b6,84.1477%,146,775,921,106,108,38,669
0xa44d84,76.0263%,146,463,609,81,95,51,382
0xa4bbeb,76.0263%,146,463,609,76,100,46,387
0x40e722,91.6044%,146,1593,1739,1461,73,73,132
0x7d0cfd,82.1516%,146,672,818,162,101,45,510
0x8c736f,84.5666%,146,800,946,21,105,41,779
0xa43d3f,82.7627%,146,701,847,234,59,87,467
0xb0cc86,98.04%,145,7253,7398,7195,31,114,58
0x5118aa,97.2877%,145,5201,5346,5066,68,77,135
0x4b9de7,88.7597%,145,1145,1290,292,78,67,853
0x5bb61a,89.6576%,145,1257,1402,1254,29,116,3
0x638d1d,87.9568%,145,1059,1204,978,47,98,81
0xa159e3,82.9612%,145,706,851,279,42,103,427
0x6670e6,85.0052%,145,822,967,779,69,76,43
0xa45bee,66.5127%,145,288,433,259,72,73,29
0x804708,70.2259%,145,342,487,190,74,71,152
0x8f57d3,98.405%,144,8884,9028,4037,59,85,4847
0x58f882,94.1982%,144,2338,2482,2175,32,112,163
0x8dee22,92.9584%,144,1901,2045,1090,61,83,811
0x40d5d0,95.1401%,144,2819,2963,1688,103,41,1131
0x90dc15,99.7173%,144,50789,50933,88,88,56,50701
0x48ae7c,97.3427%,144,5275,5419,4487,41,103,788
0x60dd66,79.3696%,144,554,698,84,88,56,470
0x546323,81.8411%,144,649,793,311,39,105,338
0x541810,91.7384%,144,1599,1743,1168,56,88,431
0x403d67,88.8975%,144,1153,1297,56,86,58,1097
0x81b0c6,72.3608%,144,377,521,138,66,78,239
0x4bc0a5,90.3421%,144,1347,1491,104,93,51,1243
0xa31102,64.878%,144,266,410,221,62,82,45
0x547f65,81.3472%,144,628,772,591,39,105,37
0xa280d3,57.0149%,144,191,335,52,74,70,139
0x8e2ab3,97.343%,143,5239,5382,1602,77,66,3637
0x595db4,85.0575%,143,814,957,702,81,62,112
0x80fcc5,95.1294%,143,2793,2936,1691,55,88,1102
0x8e4d71,91.7532%,143,1591,1734,1285,57,86,306
0x5fd70c,92.1558%,143,1680,1823,189,99,44,1491
0xa4d2df,67.9372%,143,303,446,227,56,87,76
0x807726,95.982%,143,3416,3559,3203,15,128,213
0x8e1b15,99.5245%,143,29930,30073,2199,81,62,27731
0xa3080f,86.3462%,142,898,1040,228,68,74,670
0xa63c40,73.7037%,142,398,540,328,75,67,70
0xa027c1,89.0093%,142,1150,1292,1140,43,99,10
0x8c7354,89.5511%,142,1217,1359,318,95,47,899
0x8eedd1,84.0629%,142,749,891,716,44,98,33
0x610c5b,58.6006%,142,201,343,70,75,67,131
0x8f291b,91.3939%,142,1508,1650,581,73,69,927
0x596a38,59.7734%,142,211,353,79,63,79,132
0x9f9717,58.8406%,142,203,345,144,73,69,59
0x5459b2,98.8162%,142,11853,11995,100,101,41,11753
0x510f8d,95.007%,142,2702,2844,298,84,58,2404
0x8eebaa,76.8473%,141,468,609,115,85,56,353
0x8da3a9,85.0318%,141,801,942,368,91,50,433
0x9f0aea,78.5388%,141,516,657,54,90,51,462
0x40d1fe,98.7109%,141,10797,10938,10797,41,100,0
0xa4bbff,67.4365%,141,292,433,191,60,81,101
0x40d42e,94.2683%,141,2319,2460,2195,61,80,124
0x8e0a85,94.6237%,140,2464,2604,714,96,44,1750
0xa3349b,97.0514%,140,4608,4748,2978,67,73,1630
0x558a29,62.766%,140,236,376,50,78,62,186
0xa3a35d,88.4963%,140,1077,1217,793,77,63,284
0x55239b,68.6801%,140,307,447,147,64,76,160
0x809e11,75.0446%,140,421,561,369,41,99,52
0x539b2b,78.6585%,140,516,656,319,76,64,197
0x501948,80%,140,560,700,196,78,62,364
0x5fe634,78.3951%,140,508,648,106,90,50,402
0x835056,85.2321%,140,808,948,201,90,50,607
0x510f65,95.0774%,140,2704,2844,299,83,57,2405
0x5469e0,92.5214%,140,1732,1872,139,95,45,1593
0x5fa1f6,84.3115%,139,747,886,539,71,68,208
0x4ba214,87.9445%,139,1014,1153,624,75,64,390
0x64857a,95.3167%,139,2829,2968,2026,46,93,803
0x48ee0f,58.006%,139,192,331,93,83,56,99
0x50c948,89.9129%,139,1239,1378,776,75,64,463
0xa91b41,61.708%,139,224,363,158,68,71,66
0x814146,99.0081%,139,13875,14014,2385,79,60,11490
0x8fde2c,89.1829%,139,1146,1285,675,69,70,471
0x53f64a,93.5856%,139,2028,2167,1752,52,87,276
0xa465dc,70.4255%,139,331,470,274,54,85,57
0x40d323,92.9771%,138,1827,1965,776,66,72,1051
0x81d305,74.3017%,138,399,537,84,81,57,315
0x5114b7,97.9604%,138,6628,6766,5985,55,83,643
0x5f830b,78.1991%,138,495,633,15,91,47,480
0x8171dd,68.2759%,138,297,435,220,55,83,77
0xa26341,86.7562%,138,904,1042,335,88,50,569
0x4ca479,85.3348%,138,803,941,794,34,104,9
0x813e17,85.3503%,138,804,942,650,40,98,154
0x590052,98.1091%,138,7160,7298,3616,63,75,3544
0x51190e,93.6111%,138,2022,2160,1225,56,82,797
0x8d9cb0,89.6396%,138,1194,1332,109,90,48,1085
0x54f7a6,93.2814%,138,1916,2054,1117,50,88,799
0x808828,75.4011%,138,423,561,270,57,81,153
0x9aaf4e,53.8721%,137,160,297,42,50,87,118
0x4c432c,94.6775%,137,2437,2574,189,97,40,2248
0x40d44a,84.6756%,137,757,894,131,86,51,626
0x9a9a60,83.3333%,137,685,822,197,79,58,488
0x40ebe0,90.5321%,137,1310,1447,913,48,89,397
0x8be8e7,89.8818%,137,1217,1354,1084,58,79,133
0xb313a0,85.8617%,137,832,969,239,82,55,593
0x819d68,89.8519%,137,1213,1350,950,73,64,263
0x9e0162,87.2439%,137,937,1074,854,40,97,83
0x545ae9,97.6211%,137,5622,5759,153,48,89,5469
0xa90ffd,80.5398%,137,567,704,88,107,30,479
0x8a9ebe,78.9799%,136,511,647,91,90,46,420
0x8ead6c,89.9557%,136,1218,1354,24,105,31,1194
0x81b36b,78.481%,136,496,632,262,61,75,234
0x9ed664,81.2414%,136,589,725,31,89,47,558
0x8fe043,97.6918%,136,5756,5892,2844,23,113,2912
0x55052f,98.8112%,136,11304,11440,498,83,53,10806
0x8bad20,97.8911%,136,6313,6449,5941,62,74,372
0xa4506c,68.5912%,136,297,433,190,67,69,107
0x8d25db,96.0953%,136,3347,3483,312,59,77,3035
0x5b9d67,97.1338%,136,4609,4745,4563,61,75,46
0x780218,99.0476%,135,14039,14174,13987,31,104,52
0x547fd2,83.4559%,135,681,816,511,41,94,170
0x512acf,87.9249%,135,983,1118,683,51,84,300
0x4ba3a2,89.9703%,135,1211,1346,431,89,46,780
0x8e96e2,87.5691%,135,951,1086,3,123,12,948
0x4bbcdd,92.219%,135,1600,1735,841,69,66,759
0xa30d2e,90.8845%,135,1346,1481,1283,41,94,63
0x8eb9b4,97.7752%,135,5933,6068,3819,64,71,2114
0x8fc463,95.9215%,135,3175,3310,464,89,46,2711
0xb314fa,67.9335%,135,286,421,147,49,86,139
0x64b11c,95.0735%,134,2586,2720,1641,52,82,945
0xa353e0,85.4664%,134,788,922,567,73,61,221
0x8da514,90.8906%,134,1337,1471,32,90,44,1305
0x547ee2,78.831%,134,499,633,3,103,31,496
0x5f0c3f,78.4219%,134,487,621,227,56,78,260
0x5341be,97.5912%,134,5429,5563,5413,15,119,16
0x8fd445,94.6076%,134,2351,2485,1207,85,49,1144
0x81236e,88.2867%,134,1010,1144,882,58,76,128
0x48b1c0,91.1199%,134,1375,1509,1369,41,93,6
0x40dd31,96.166%,134,3361,3495,2767,73,61,594
0x900536,99.4492%,134,24193,24327,82,90,44,24111
0x81c19c,88.5077%,134,1032,1166,988,48,86,44
0x8ed293,95.2767%,134,2703,2837,1391,92,42,1312
0x8fe4db,93.9339%,134,2075,2209,1310,56,78,765
0xa35948,86.7133%,133,868,1001,761,55,78,107
0x81849b,84.8347%,133,744,877,735,56,77,9
0x53fe87,92.3607%,133,1608,1741,1595,34,99,13
0x58eb87,97.455%,133,5093,5226,303,69,64,4790
0x48eae2,87.942%,133,970,1103,247,91,42,723
0x53fe73,92.3607%,133,1608,1741,53,102,31,1555
0xa45a6e,71.6738%,132,334,466,277,103,29,57
0x627849,94.4115%,132,2230,2362,193,62,70,2037
0x5f7572,79.9697%,132,527,659,486,44,88,41
0x51c13e,96.6901%,132,3856,3988,906,78,54,2950
0x511650,98.3814%,132,8023,8155,754,48,84,7269
0x606fe9,98.4826%,132,8567,8699,8400,45,87,167
0xa555ac,81.5642%,132,584,716,471,64,68,113
0x5fe23f,85.2018%,132,760,892,79,77,55,681
0x5502e0,90.4209%,132,1246,1378,1231,28,104,15
0x4b5925,71.7949%,132,336,468,126,49,83,210
0x53c4cc,81.6921%,132,589,721,50,76,56,539
0x8ed2aa,91.0991%,132,1351,1483,843,58,74,508
0xa395e9,81.768%,132,592,724,42,79,53,550
0x9e3cad,89.9076%,131,1167,1298,932,63,68,235
0x7cc2df,89.5949%,131,1128,1259,52,92,39,1076
0xaaaf75,88.1341%,131,973,1104,190,88,43,783
0x8223f9,94.2189%,131,2135,2266,359,62,69,1776
0xa30b4b,92.2393%,131,1557,1688,1436,45,86,121
0xb0b9e1,97.8094%,131,5849,5980,5849,9,122,0
0x4b58d1,72.0085%,131,337,468,122,76,55,215
0x49e97c,95.4514%,131,2749,2880,2676,43,88,73
0x51029e,64.4022%,131,237,368,181,51,80,56
0x5fe180,91.1367%,131,1347,1478,1335,50,81,12
0x90e24b,82.8309%,131,632,763,542,61,70,90
0x8fc406,98.8052%,131,10833,10964,105,64,67,10728
0x9a70d1,81.9559%,131,595,726,566,56,75,29
0x50d6be,89.3004%,130,1085,1215,567,65,65,518
0x8a76f7,74.8549%,130,387,517,163,67,63,224
0x8a64f5,87.5836%,130,917,1047,883,29,101,34
0x511137,92.2342%,130,1544,1674,906,68,62,638
0x80d87a,71.9828%,130,334,464,301,49,81,33
0x4894ca,94.5171%,130,2241,2371,194,66,64,2047
0x8a5d58,91.7039%,130,1437,1567,140,78,52,1297
0x40f579,92.4506%,130,1592,1722,24,103,27,1568
0x9aa6f6,73.7374%,130,365,495,86,78,52,279
0x5481c3,98.8058%,130,10756,10886,63,96,34,10693
0x8e0d96,99.6983%,130,42954,43084,41181,44,86,1773
0x5c6af3,96.6251%,130,3722,3852,191,73,57,3531
0x5df214,91.6237%,130,1422,1552,1406,35,95,16
0x8059d7,91.8188%,130,1459,1589,147,77,53,1312
0x8fea64,96.0938%,130,3198,3328,2041,82,48,1157
0x9bc70f,66.7519%,130,261,391,36,91,39,225
0x404261,72.8421%,129,346,475,139,59,70,207
0x9f1d23,66.3185%,129,254,383,164,57,72,90
0x8ed29b,90.4727%,129,1225,1354,31,98,31,1194
0x5faccb,88.1325%,129,958,1087,807,71,58,151
0x8fe28c,79.717%,129,507,636,227,73,56,280
0x533bae,90.4374%,129,1220,1349,653,82,47,567
0x5906d9,83.4615%,129,651,780,452,44,85,199
0xa03885,98.8267%,129,10866,10995,3571,64,65,7295
0xa41e11,93.1565%,129,1756,1885,1195,65,64,561
0x40bb23,71.2054%,129,319,448,77,73,56,242
0x4b52b2,65.2291%,129,242,371,54,70,59,188
0x80f0b0,83.6294%,129,659,788,192,68,61,467
0x53c685,89.1779%,129,1063,1192,385,66,63,678
0x9e1899,86.4836%,128,819,947,749,61,67,70
0xad7ee4,93.051%,128,1714,1842,1589,80,48,125
0x548545,95.2593%,128,2572,2700,68,71,57,2504
0xa95de0,77.7003%,128,446,574,390,50,78,56
0x8f2e34,77.1836%,128,433,561,156,68,60,277
0xa3b22c,63.6364%,128,224,352,38,86,42,186
0xa52640,95.6902%,128,2842,2970,2824,24,104,18
0x48ee29,61.3293%,128,203,331,56,89,39,147
0x81178a,79.4498%,127,491,618,335,53,74,156
0x813d9e,86.518%,127,815,942,785,37,90,30
0xa01a30,67.602%,127,265,392,245,50,77,20
0x504666,82.8378%,127,613,740,450,84,43,163
0xa3cbf1,63.9205%,127,225,352,154,68,59,71
0x5913f2,76.4815%,127,413,540,208,66,61,205
0x511f37,63.7143%,127,223,350,138,74,53,85
0x5422c2,76.951%,127,424,551,149,70,57,275
0x8b9a56,73.0932%,127,345,472,99,75,52,246
0x54823a,98.1403%,127,6702,6829,5996,41,86,706
0xa331e3,93.2049%,127,1742,1869,976,53,74,766
0x5904f7,91.2011%,126,1306,1432,7,76,50,1299
0x639bf2,91.9075%,126,1431,1557,839,66,60,592
0xa91e65,74.2857%,126,364,490,264,54,72,100
0x53ecf9,83.7629%,126,650,776,167,64,62,483
0x8fe272,93.1485%,126,1713,1839,546,76,50,1167
0x5fe1ca,86.0465%,126,777,903,52,81,45,725
0x8145d6,96.0674%,126,3078,3204,2611,59,67,467
0x8a5d9c,91.9592%,126,1441,1567,132,86,40,1309
0x40d197,99.7962%,125,61195,61320,57,57,68,61138
0x80739d,93.294%,125,1739,1864,1737,15,110,2
0x58ffd7,98.2872%,125,7173,7298,1,98,27,7172
0x54252c,90.1497%,125,1144,1269,296,69,56,848
0x5fa306,85.8916%,125,761,886,101,70,55,660
0x90150b,96.9836%,125,4019,4144,630,69,56,3389
0x5555b0,89.7373%,125,1093,1218,1084,31,94,9
0x40f7c5,80.8346%,124,523,647,229,59,65,294
0x9f0b22,85.6481%,124,740,864,117,85,39,623
0x80fd0c,99.3487%,124,18916,19040,9899,53,71,9017
0x535195,98.3475%,124,7380,7504,7378,26,98,2
0x556a75,90.1116%,124,1130,1254,946,49,75,184
0xa0189b,69.9029%,124,288,412,70,82,42,218
0x911094,71.5596%,124,312,436,204,65,59,108
0x81ea88,89.658%,124,1075,1199,934,50,74,141
0x5c4f7b,86.4984%,123,788,911,695,50,73,93
0x6104a7,77.3481%,123,420,543,199,64,59,221
0x5c6c57,94.2684%,123,2023,2146,1606,62,61,417
0x509b6e,93.4435%,123,1753,1876,426,62,61,1327
0x8a8946,73.1441%,123,335,458,259,76,47,76
0xb0b19c,64.1399%,123,220,343,84,76,47,136
0x5413ff,99.1752%,123,14790,14913,14731,71,52,59
0xa2cbc3,86.2108%,123,769,892,418,77,46,351
0x81bcd6,76.3916%,123,398,521,131,73,50,267
0x40d312,84.4893%,123,670,793,117,53,70,553
0xb30155,75.9766%,123,389,512,232,56,67,157
0xa5560f,77.0093%,123,412,535,71,57,66,341
0x54f771,71.9818%,123,316,439,35,43,80,281
0x6435f2,98.9475%,122,11469,11591,11293,56,66,176
0x509964,97.1909%,122,4221,4343,2224,66,56,1997
0x5545bd,93.0166%,122,1625,1747,413,116,6,1212
0x8ef0bd,89.9836%,122,1096,1218,258,58,64,838
0x592921,89.8249%,122,1077,1199,111,84,38,966
0x488a3b,92%,122,1403,1525,295,63,59,1108
0x4bbf38,93.5552%,122,1771,1893,1444,48,74,327
0x4051da,98.326%,122,7166,7288,7139,17,105,27
0xaa3388,83.905%,122,636,758,255,80,42,381
0x814aee,72.949%,122,329,451,135,59,63,194
0x64aefe,99.4663%,122,22738,22860,1013,67,55,21725
0x9a7050,82.9847%,122,595,717,580,45,77,15
0x90018b,98.5398%,122,8233,8355,185,83,39,8048
0x5f825c,86.7102%,122,796,918,44,98,24,752
0x511516,97.9801%,122,5918,6040,872,74,48,5046
0x503ceb,75.502%,122,376,498,218,70,52,158
0x8a54be,90.1374%,122,1115,1237,1105,18,104,10
0x9fc7d1,78.8927%,122,456,578,313,59,63,143
0x53baf3,89.3263%,122,1021,1143,97,58,64,924
0x90d2db,83.1259%,122,601,723,547,52,70,54
0x81c27b,77.8182%,122,428,550,419,51,71,9
0x40e01b,97.5134%,121,4745,4866,4459,57,64,286
0x63accc,80.64%,121,504,625,165,76,45,339
0x8a87dd,87.0864%,121,816,937,12,93,28,804
0x5fd99d,97.8901%,121,5614,5735,143,85,36,5471
0x8e43e6,97.1129%,121,4070,4191,2124,90,31,1946
0x8b985c,98.8475%,121,10378,10499,717,83,38,9661
0x502cc8,91.1355%,121,1244,1365,387,65,56,857
0x59172d,97.3894%,121,4514,4635,4453,44,77,61
0x609ef1,98.5264%,121,8090,8211,92,47,74,7998
0x542b44,94.1546%,121,1949,2070,751,79,42,1198
0x8d2443,71.6628%,121,306,427,79,75,46,227
0x6041c5,99.4576%,121,22186,22307,1,60,61,22185
0x81e86c,97.6627%,121,5056,5177,4550,22,99,506
0x538a01,87.6404%,121,858,979,185,71,50,673
0x53e3ba,96.1563%,121,3027,3148,687,67,54,2340
0x80df30,96.5625%,121,3399,3520,1003,97,24,2396
0x78401c,86.3892%,121,768,889,202,66,55,566
0x41015f,98.9449%,121,11347,11468,653,77,44,10694
0x9f03a0,80.1653%,120,485,605,140,82,38,345
0x404e26,99.0241%,120,12176,12296,10834,38,82,1342
0x488ed4,69.0722%,120,268,388,81,75,45,187
0xb301a1,76.5625%,120,392,512,285,49,71,107
0x4886e1,88.7746%,120,949,1069,336,60,60,613
0x50d6eb,79.4168%,120,463,583,250,58,62,213
0xa17ee4,86.9707%,120,801,921,331,44,76,470
0xa45fc0,49.3671%,120,117,237,38,54,66,79
0x5b166a,76.4706%,120,390,510,232,63,57,158
0x53c562,74.026%,120,342,462,10,69,51,332
0x4bbcb8,93.5622%,120,1744,1864,50,79,41,1694
0x91110b,63.6086%,119,208,327,113,47,72,95
0x59137d,78.2051%,119,427,546,262,61,58,165
0x8d2560,81.8874%,119,538,657,169,61,58,369
0x5936d8,90.6447%,119,1153,1272,197,64,55,956
0x811c13,84.5254%,119,650,769,639,25,94,11
0x50138b,92.6179%,119,1493,1612,1145,58,61,348
0xaa0720,94.2149%,119,1938,2057,1924,36,83,14
0x81f3b3,96.4734%,118,3228,3346,1629,43,75,1599
0x512a16,93.0095%,118,1570,1688,1060,58,60,510
0x8a24f6,66.2857%,118,232,350,27,53,65,205
0x90156b,97.1525%,118,4026,4144,2080,44,74,1946
0x5bb3d6,91.5835%,118,1284,1402,29,90,28,1255
0x555d1e,89.0842%,118,963,1081,945,33,85,18
0xa51051,76.494%,118,384,502,49,77,41,335
0x900559,99.4312%,118,20628,20746,129,73,45,20499
0x403d2a,98.0822%,118,6035,6153,4894,70,48,1141
0x81a8a1,77.4379%,118,405,523,383,35,83,22
0x54f7bb,87.5527%,118,830,948,17,44,74,813
0x4b781e,80.1681%,118,477,595,74,74,44,403
0x9f43b3,59.589%,118,174,292,156,35,83,18
0x80ffc7,95.9198%,118,2774,2892,2183,37,81,591
0x90fe07,96.3331%,118,3100,3218,366,69,49,2734
0xa275eb,94.2663%,118,1940,2058,1916,50,68,24
0x9a7c7f,78.8909%,118,441,559,79,71,47,362
0x48bd27,85.0822%,118,673,791,595,53,65,78
0x5fa98a,89.204%,118,975,1093,248,91,27,727
0x537f48,97.5243%,117,4609,4726,4588,46,71,21
0x90bc0b,99.7703%,117,50816,50933,50708,49,68,108
0x816c78,90.5263%,117,1118,1235,545,49,68,573
0x512bce,97.968%,117,5641,5758,784,77,40,4857
0x51158d,97.7032%,117,4977,5094,1866,68,49,3111
0x4ba20f,91.4474%,117,1251,1368,130,85,32,1121
0x627aea,95.0466%,117,2245,2362,1106,75,42,1139
0x9f4741,80.303%,117,477,594,114,63,54,363
0x596e85,93.299%,117,1629,1746,243,78,39,1386
0x80c13b,86.3636%,117,741,858,287,60,57,454
0x9f16e3,86.4583%,117,747,864,731,38,79,16
0x9d6991,68.883%,117,259,376,218,46,71,41
0x608c96,78.8809%,117,437,554,309,45,72,128
0x8eeb7d,80.7882%,117,492,609,77,81,36,415
0x58ebb2,97.7211%,117,5017,5134,3489,82,35,1528
0x40d2ce,87.1711%,117,795,912,692,55,62,103
0xa936dc,68.6327%,117,256,373,49,68,49,207
0x80942f,86.3208%,116,732,848,710,31,85,22
0x4bac5a,86.863%,116,767,883,260,44,72,507
0x8a5dec,68.0441%,116,247,363,127,58,58,120
0x604b67,97.0927%,116,3874,3990,1922,73,43,1952
0x82167c,99.3524%,116,17795,17911,262,70,46,17533
0x5ff5d0,75.9336%,116,366,482,347,60,56,19
0x8e4bfe,93.3903%,116,1639,1755,1097,53,63,542
0x8187f1,94.0299%,116,1827,1943,1816,42,74,11
0x9a60b0,76.0825%,116,369,485,361,48,68,8
0x559153,87.1681%,116,788,904,428,60,56,360
0x405036,99.3242%,116,17048,17164,17048,74,42,0
0x512e4c,97.2706%,116,4134,4250,746,70,46,3388
0x8c83ad,87.7378%,116,830,946,671,66,50,159
0x90d01b,84.7769%,116,646,762,560,39,77,86
0x596baf,94.9935%,116,2201,2317,308,78,38,1893
0x554e57,90.2625%,115,1066,1181,1043,33,82,23
0x8e91c8,88.0208%,115,845,960,825,30,85,20
0x596e02,87.2222%,115,785,900,207,80,35,578
0x5425a7,64.2857%,115,207,322,119,74,41,88
0x8a534e,57.0896%,115,153,268,89,41,74,64
0x4a126c,89.5073%,115,981,1096,722,67,48,259
0xa921c7,78.0952%,115,410,525,194,63,52,216
0x5971cd,79.7178%,115,452,567,257,76,39,195
0x8ff7fb,99.6031%,115,28859,28974,3730,67,48,25129
0x64b460,99.4605%,114,21017,21131,16984,76,38,4033
0x7ce459,58.5455%,114,161,275,27,77,37,134
0xa39987,87.0602%,114,767,881,551,57,57,216
0x63b654,91.2711%,114,1192,1306,240,67,47,952
0xa2d6a0,59.7173%,114,169,283,20,65,49,149
0x8046ca,71.066%,114,280,394,74,56,58,206
0x5fd66c,96.7391%,114,3382,3496,1250,66,48,2132
0x8e3f6e,95.0413%,114,2185,2299,1615,61,53,570
0x49c085,77.0624%,114,383,497,378,24,90,5
0x591212,60.5536%,114,175,289,129,62,52,46
0x80593f,94.1542%,113,1820,1933,645,66,47,1175
0x4bac96,88.2536%,113,849,962,313,60,53,536
0x99d9a7,71.0997%,113,278,391,43,69,44,235
0x4a1364,75.803%,113,354,467,296,53,60,58
0x8be3e5,87.9915%,113,828,941,260,59,54,568
0x908e88,72.3039%,113,295,408,42,59,54,253
0x596bc1,95.123%,113,2204,2317,1187,61,52,1017
0x9ed3c7,80.9122%,113,479,592,352,27,86,127
0x8194c4,69.5418%,113,258,371,215,49,64,43
0x9a70c4,86.3691%,113,716,829,8,95,18,708
0x9e245c,86.2027%,113,706,819,546,56,57,160
0x8c941a,68.5237%,113,246,359,183,57,56,63
0x80a527,79.8574%,113,448,561,398,37,76,50
0x8bc7fc,99.5054%,113,22736,22849,696,68,45,22040
0x48e78f,96.8965%,113,3528,3641,3511,27,86,17
0x8f63d4,66.369%,113,223,336,106,48,65,117
0x80c184,87.0857%,113,762,875,258,73,40,504
0x81e908,86.0149%,113,695,808,221,65,48,474
0xb3aaf9,95.9901%,113,2705,2818,1999,45,68,706
0x81c044,64.2405%,113,203,316,186,45,68,17
0x81315d,93.3806%,112,1580,1692,790,56,56,790
0x8f4952,97.6898%,112,4736,4848,3067,62,50,1669
0x40f5e3,98.9745%,112,10809,10921,6832,39,73,3977
0x8a970b,98.3702%,112,6760,6872,5383,57,55,1377
0x8a7723,79.3738%,112,431,543,93,66,46,338
0x5389a4,93.6472%,112,1651,1763,577,42,70,1074
0xb327da,93.2449%,112,1546,1658,621,51,61,925
0x8ff7ad,98.7892%,112,9138,9250,5437,58,54,3701
0x8e59b2,82.5273%,112,529,641,394,39,73,135
0x53f5ff,94.7639%,112,2027,2139,356,53,59,1671
0x81c300,93.8019%,112,1695,1807,1692,46,66,3
0xb0c519,84.0456%,112,590,702,520,35,77,70
0x8a775a,75.0557%,112,337,449,267,48,64,70
0x502414,80.1066%,112,451,563,173,50,62,278
0x819b80,94.1909%,112,1816,1928,1812,46,66,4
0x9a74c0,84.5188%,111,606,717,598,27,84,8
0x65a1c3,91.9623%,111,1270,1381,1064,63,48,206
0x40f542,99.721%,111,39677,39788,200,72,39,39477
0x81b36f,84.322%,111,597,708,160,46,65,437
0x534210,97.9678%,111,5351,5462,5274,31,80,77
0x5502bf,71.7557%,111,282,393,228,46,65,54
0x4bb9d3,64.7619%,111,204,315,120,84,27,84
0x8feeba,79.7814%,111,438,549,97,65,46,341
0x81f3bb,93.3692%,111,1563,1674,426,62,49,1137
0x8ead7b,92.5152%,111,1372,1483,846,55,56,526
0x8feaaf,91.1765%,111,1147,1258,617,40,71,530
0x81a46a,72.9268%,111,299,410,159,52,59,140
0x41036b,84.7945%,111,619,730,476,45,66,143
0xa02485,79.4063%,111,428,539,131,66,45,297
0x9f2570,94.6865%,111,1978,2089,1976,18,93,2
0x40dbb6,98.8755%,111,9760,9871,1,68,43,9759
0x5fd612,92.8339%,110,1425,1535,402,69,41,1023
0x81877c,87.2242%,110,751,861,746,29,81,5
0x8d3cfc,88.6246%,110,857,967,295,58,52,562
0x8e9233,88.0823%,110,813,923,199,70,40,614
0x5fa061,91.9236%,110,1252,1362,134,81,29,1118
0x59290b,90.8257%,110,1089,1199,448,57,53,641
0x53417f,98.4099%,110,6808,6918,6793,24,86,15
0xa911ec,75.2809%,110,335,445,317,41,69,18
0xa900d0,73.1707%,110,300,410,79,57,53,221
0x900187,98.7054%,110,8387,8497,74,68,42,8313
0x8e0a8e,93.8685%,110,1684,1794,163,81,29,1521
0xa39380,87.8988%,110,799,909,228,45,65,571
0x53abb0,85.1952%,110,633,743,97,18,92,536
0x539b76,90.4927%,110,1047,1157,91,64,46,956
0x9f0b2f,83.5347%,109,553,662,81,68,41,472
0x9e0031,89.851%,109,965,1074,256,61,48,709
0x9e2606,88.5504%,109,843,952,295,53,56,548
0x816bcf,97.6926%,109,4615,4724,3461,28,81,1154
0x8a5dbb,88.3422%,109,826,935,15,90,19,811
0x627c19,95.3853%,109,2253,2362,2249,67,42,4
0xa32fbb,69.8895%,109,253,362,151,73,36,102
0x4bb0f9,79.3561%,109,419,528,132,56,53,287
0x5fe105,69.4678%,109,248,357,51,75,34,197
0x81d312,70.6989%,109,263,372,119,63,46,144
0x8125b3,80.5704%,109,452,561,163,71,38,289
0xa2f7e1,52.193%,109,119,228,32,51,58,87
0x810007,95.0901%,109,2111,2220,1673,43,66,438
0x818d3b,97.8033%,109,4853,4962,129,56,53,4724
0x9ab2cd,92.5291%,109,1350,1459,1075,90,19,275
0x80a957,87.1886%,108,735,843,628,22,86,107
0x90ec45,89.4737%,108,918,1026,787,39,69,131
0xa585d2,68.6957%,108,237,345,51,68,40,186
0x677516,64.3564%,108,195,303,54,61,47,141
0x803ea9,59.0909%,108,156,264,70,56,52,86
0xa41db1,94.2706%,108,1777,1885,151,54,54,1626
0x58f868,98.127%,108,5658,5766,2419,63,45,3239
0x81e32c,86.8773%,108,715,823,564,44,64,151
0x8ddabd,73.7864%,108,304,412,113,51,57,191
0x54270e,98.9442%,108,10121,10229,10019,17,91,102
0x510316,75.7848%,108,338,446,65,57,51,273
0x5bc220,92.111%,108,1261,1369,31,88,20,1230
0x96c111,96.4368%,108,2923,3031,67,51,57,2856
0x5fe1eb,88.0399%,108,795,903,737,40,68,58
0x9f0b5a,78.9474%,108,405,513,356,62,46,49
0x7c1607,95.0842%,108,2089,2197,1855,55,53,234
0xb0b3a7,98.1331%,108,5677,5785,5677,26,82,0
0x81f214,94.3983%,108,1820,1928,121,55,53,1699
0x596a45,69.4051%,108,245,353,76,69,39,169
0x8a936f,96.4935%,108,2972,3080,2063,73,35,909
0x51111f,97.1383%,108,3666,3774,2029,71,37,1637
0x546550,96.6708%,108,3136,3244,2634,52,56,502
0x502ee7,98.5825%,108,7511,7619,40,62,46,7471
0x9c3dec,68.7861%,108,238,346,23,77,31,215
0x819c8c,92.1852%,108,1274,1382,1272,56,52,2
0x9aad3b,84.3705%,108,583,691,82,61,47,501
0x8b9af3,97.278%,107,3824,3931,881,64,43,2943
0x4a6c13,77.7547%,107,374,481,340,99,8,34
0x90c224,94.9385%,107,2007,2114,1868,24,83,139
0x50ff60,90.581%,107,1029,1136,51,69,38,978
0x8a6c4a,88.2288%,107,802,909,257,41,66,545
0xa39e56,92.6359%,107,1346,1453,1343,52,55,3
0xa3b211,78.4274%,107,389,496,86,58,49,303
0xb2e6ee,98.6617%,107,7888,7995,7646,35,72,242
0x81d56b,77.9835%,107,379,486,153,57,50,226
0x4bad5d,88.8773%,107,855,962,333,50,57,522
0x815809,74.5238%,107,313,420,23,65,42,290
0xa90733,71.916%,107,274,381,106,47,60,168
0x5faa11,87.1856%,107,728,835,391,24,83,337
0x409aa4,78.8538%,107,399,506,138,58,49,261
0x9e24b9,79.8479%,106,420,526,77,56,50,343
0x8ed1c3,99.2375%,106,13795,13901,8802,57,49,4993
0x63bba1,91.8649%,106,1197,1303,910,48,58,287
0x8a60d0,80.5505%,106,439,545,170,46,60,269
0xa26209,89.536%,106,907,1013,552,57,49,355
0xa02a51,65.6958%,106,203,309,76,34,72,127
0x81c187,82.0034%,106,483,589,28,68,38,455
0xb28b06,97.4935%,106,4123,4229,1362,49,57,2761
0x8fd533,60.7407%,106,164,270,109,55,51,55
0x403e87,98.0374%,106,5295,5401,2232,49,57,3063
0xb0b428,97.1149%,106,3568,3674,3565,37,69,3
0x558cee,87.6887%,106,755,861,733,31,75,22
0x81a87a,85.3389%,106,617,723,608,25,81,9
0x50b754,90.6443%,106,1027,1133,520,56,50,507
0x9f79a2,58.9147%,106,152,258,49,57,49,103
0x597069,93.1283%,105,1423,1528,1373,47,58,50
0x81e805,99.0085%,105,10485,10590,10357,56,49,128
0x54173f,93.9759%,105,1638,1743,554,58,47,1084
0x8a2512,70%,105,245,350,19,50,55,226
0x8f5626,97.9025%,105,4901,5006,4383,46,59,518
0x8a93a9,94.3396%,105,1750,1855,859,52,53,891
0x8bb1a5,96.9397%,105,3326,3431,3001,37,68,325
0xa39675,92.9577%,105,1386,1491,516,87,18,870
0x81041f,75.1185%,105,317,422,51,65,40,266
0x809f78,81.2834%,105,456,561,39,69,36,417
0x8dad40,85.6164%,105,625,730,597,40,65,28
0x9f4abb,69.914%,105,244,349,78,44,61,166
0x8e2164,95.0957%,105,2036,2141,885,47,58,1151
0x9f27f4,82.3232%,105,489,594,61,59,46,428
0x8a9468,99.865%,105,77671,77776,4299,81,24,73372
0x80c000,90.8933%,105,1048,1153,1019,20,85,29
0x80c194,75.2941%,105,320,425,94,66,39,226
0x9f0af2,79.5322%,105,408,513,14,67,38,394
0x5928fd,91.2427%,105,1094,1199,623,71,34,471
0x405a61,86.59%,105,678,783,269,59,46,409
0x8f570c,98.3699%,104,6276,6380,5579,34,70,697
0xa022fd,96.0426%,104,2524,2628,44,78,26,2480
0x8d9adb,90.8208%,104,1029,1133,724,39,65,305
0x557dea,57.377%,104,140,244,82,45,59,58
0x534ece,98.6586%,104,7649,7753,4717,52,52,2932
0x40d397,95.8681%,104,2413,2517,1280,64,40,1133
0xa2d63f,78.0127%,104,369,473,223,56,48,146
0x40f5ac,96.8788%,104,3228,3332,234,65,39,2994
0x54808b,97.8284%,104,4685,4789,931,54,50,3754
0x48eba3,85.6749%,104,622,726,136,66,38,486
0x805d4e,89.1667%,104,856,960,7,82,22,849
0x80e95d,90.3166%,104,970,1074,811,27,77,159
0x80eb4e,90.3166%,104,970,1074,588,54,50,382
0x557c22,64.8649%,104,192,296,137,42,62,55
0x488bf1,79.4466%,104,402,506,133,63,41,269
0x722d4b,75.179%,104,315,419,35,74,30,280
0x951019,51.1848%,103,108,211,58,48,55,50
0x5bc229,91.76%,103,1147,1250,931,36,67,216
0x81b101,67.3016%,103,212,315,201,32,71,11
0x814345,93.4269%,103,1464,1567,214,84,19,1250
0x8d2436,84.3227%,103,554,657,162,68,35,392
0x819e5b,66.881%,103,208,311,185,35,68,23
0x8ec38b,90.6278%,103,996,1099,117,84,19,879
0x8ddcf8,87.5303%,103,723,826,18,67,36,705
0xa5532f,61.1321%,103,162,265,94,57,46,68
0x40f703,99.9091%,103,113150,113253,37688,63,40,75462
0x81eab4,81.2727%,103,447,550,170,45,58,277
0x90028f,74.6929%,103,304,407,36,51,52,268
0x9f0a45,65.4362%,103,195,298,124,34,69,71
0x8bc76f,95.4505%,103,2161,2264,1083,27,76,1078
0x5592d6,79.604%,103,402,505,18,66,37,384
0x8e12c6,97.5424%,103,4088,4191,1707,80,23,2381
0x4021ab,98.0898%,103,5289,5392,3358,58,45,1931
0x8f4880,94.0081%,103,1616,1719,272,64,39,1344
0x8da180,84.9415%,103,581,684,446,62,41,135
0x4bc373,93.0965%,103,1389,1492,1119,44,59,270
0x7d409f,88.5936%,103,800,903,294,75,28,506
0x53505f,97.8452%,103,4677,4780,4676,40,63,1
0xaab3da,95.5768%,102,2204,2306,682,66,36,1522
0x5389ef,93.0894%,102,1374,1476,103,51,51,1271
0x5fac66,87.7844%,102,733,835,87,75,27,646
0x502555,91.1458%,102,1050,1152,296,63,39,754
0x507020,78.2051%,102,366,468,105,61,41,261
0x8d9d45,93.0659%,102,1369,1471,1341,47,55,28
0xa39d67,92.2551%,102,1215,1317,486,59,43,729
0x639be6,94.0176%,102,1603,1705,76,72,30,1527
0xb2ffbf,90.6508%,102,989,1091,294,56,46,695
0x50c037,90.8929%,102,1018,1120,1018,67,35,0
0x8da6dc,90.4939%,102,971,1073,666,37,65,305
0xb0b171,66.5574%,102,203,305,16,71,31,187
0x8ea1e2,95.8771%,102,2372,2474,2288,42,60,84
0x80fcb8,97.069%,102,3378,3480,474,70,32,2904
0x4becdc,89.0323%,102,828,930,685,42,60,143
0x5411a0,99.2102%,102,12812,12914,946,45,57,11866
0x552180,96.699%,102,2988,3090,1519,29,73,1469
0xa9b81b,66.2252%,102,200,302,34,39,63,166
0x81bb14,80.4223%,102,419,521,143,61,41,276
0x81b28e,67.619%,102,213,315,197,36,66,16
0x9016f3,91.5%,102,1098,1200,950,63,39,148
0x404430,93.0055%,101,1343,1444,18,82,19,1325
0x807f75,79.1322%,101,383,484,9,56,45,374
0x5104cc,97.0631%,101,3338,3439,2151,62,39,1187
0x81b231,80.6142%,101,420,521,156,48,53,264
0x489f8c,97.5263%,101,3982,4083,3960,36,65,22
0x538756,89.5445%,101,865,966,10,81,20,855
0x8a265c,64.0569%,101,180,281,26,50,51,154
0x8b9de5,99.8528%,101,68508,68609,88,32,69,68420
0x9f450d,71.0602%,101,248,349,209,60,41,39
0x8ef207,83.4154%,101,508,609,361,48,53,147
0x58f9e9,78.6017%,101,371,472,104,59,42,267
0x9a8080,88.9858%,101,816,917,813,39,62,3
0xa36100,96.9009%,101,3158,3259,2916,26,75,242
0x816c8e,91.8219%,101,1134,1235,157,66,35,977
0x4859ed,93.9339%,101,1564,1665,1564,59,42,0
0x8f44c5,94.0693%,101,1602,1703,1538,32,69,64
0x610d9d,98.9987%,101,9986,10087,2,63,38,9984
0x4b4912,72.7763%,101,270,371,60,51,50,210
0xa49f98,84.1693%,101,537,638,456,37,64,81
0x8fe995,97.0194%,100,3255,3355,122,48,52,3133
0x5bcee4,89.6266%,100,864,964,597,45,55,267
0x8ddd01,95.6503%,100,2199,2299,1469,52,48,730
0x8d41bf,57.6271%,100,136,236,32,62,38,104
0x8d3b03,73.0458%,100,271,371,58,66,34,213
0x8c7d81,94.8052%,100,1825,1925,370,50,50,1455
0x5346dc,68.254%,100,215,315,174,40,60,41
0x49ffb7,98.0769%,100,5100,5200,4317,27,73,783
0x48d9e6,78.903%,100,374,474,14,83,17,360
0xa01a0f,57.0815%,100,133,233,76,60,40,57
0x80a578,69.419%,100,227,327,45,58,42,182
0x81b894,80.8061%,100,421,521,130,74,26,291
0x81426e,93.6184%,100,1467,1567,1449,37,63,18
0x50252d,92.7167%,100,1273,1373,154,67,33,1119
0x81a5f7,99.2978%,100,14140,14240,2396,59,41,11744
0xb347bf,75.7869%,100,313,413,233,52,48,80
0x63ebf8,96.4514%,100,2718,2818,1812,45,55,906
0x965fe7,68.8474%,100,221,321,33,50,50,188
0x50222a,87.5158%,99,694,793,679,52,47,15
0x40ee59,95.5466%,99,2124,2223,1182,58,41,942
0x805d26,90.884%,99,987,1086,48,78,21,939
0x8a2573,64.7687%,99,182,281,10,66,33,172
0x63ac65,80.8511%,99,418,517,75,64,35,343
0xaae25d,97.3156%,99,3589,3688,1858,49,50,1731
0x4bed20,89.3548%,99,831,930,483,59,40,348
0x403cac,98.391%,99,6054,6153,5978,70,29,76
0xa2dfca,75.8537%,99,311,410,41,52,47,270
0x488641,81.9343%,99,449,548,377,65,34,72
0x909b17,98.8873%,99,8798,8897,3273,56,43,5525
0x8fc565,90.5624%,99,950,1049,210,62,37,740
0xa4d540,65.0177%,99,184,283,68,53,46,116
0x65a1a6,95.038%,98,1877,1975,563,31,67,1314
0xa583a9,57.3913%,98,132,230,36,71,27,96
0xa5536c,63.7037%,98,172,270,68,62,36,104
0x81512f,70.303%,98,232,330,215,36,62,17
0x5b9dcf,97.9347%,98,4647,4745,4644,28,70,3
0x507584,82.2142%,98,453,551,20,60,38,433
0x80bc2c,75.1269%,98,296,394,56,74,24,240
0x781eb5,99.4852%,98,18940,19038,2744,50,48,16196
0xa27676,95.1748%,98,1933,2031,703,57,41,1230
0xb327f0,90.0609%,98,888,986,355,44,54,533
0x64b4cc,99.5496%,98,21660,21758,19369,36,62,2291
0x59bc07,92.4031%,98,1192,1290,137,45,53,1055
0x8191fd,68.4887%,98,213,311,190,30,68,23
0x60456c,72.3164%,98,256,354,130,47,51,126
0x8a968c,96.8182%,98,2982,3080,1548,62,36,1434
0xa39cee,88.2635%,98,737,835,14,69,29,723
0x8a33f4,82.6855%,98,468,566,14,60,38,454
0x4fd96e,88.851%,98,781,879,734,38,60,47
0x8ec3eb,76.8496%,97,322,419,137,66,31,185
0xa25b4b,90.4245%,97,916,1013,76,65,32,840
0x50ca1d,92.2462%,97,1154,1251,381,51,46,773
0x9a8f11,82.7094%,97,464,561,461,39,58,3
0x8103fe,91.6235%,97,1061,1158,622,48,49,439
0xb3ab09,96.5578%,97,2721,2818,469,39,58,2252
0x61178d,86.9096%,97,644,741,630,35,62,14
0x54253b,95.7623%,97,2192,2289,2036,60,37,156
0x8f5d64,87.0321%,97,651,748,50,69,28,601
0x51b067,85.4354%,97,569,666,274,29,68,295
0xa3347c,97.9135%,97,4552,4649,35,64,33,4517
0x8daaab,93.8569%,97,1482,1579,135,65,32,1347
0x814097,89.7028%,97,845,942,133,67,30,712
0x80f64e,98.6163%,97,6913,7010,2454,46,51,4459
0x50986c,97.7665%,97,4246,4343,577,41,56,3669
0x50233a,81.0547%,97,415,512,12,56,41,403
0x409894,80.83%,97,409,506,130,66,31,279
0x402bed,88.7078%,97,762,859,111,47,50,651
0x7d185d,89.5765%,96,825,921,317,66,30,508
0xaa05e0,91.9328%,96,1094,1190,1089,34,62,5
0x8c7db9,93.6213%,96,1409,1505,753,44,52,656
0x547fad,92.2581%,96,1144,1240,364,60,36,780
0x8da4e8,98.0153%,96,4741,4837,3816,23,73,925
0x5af082,93.6213%,96,1409,1505,654,42,54,755
0x5f1139,79.661%,96,376,472,104,59,37,272
0x64bee3,93.7378%,96,1437,1533,507,40,56,930
0x8ef167,84.2365%,96,513,609,186,53,43,327
0xa33849,83.9465%,96,502,598,305,55,41,197
0xa90b71,74.0541%,96,274,370,261,41,55,13
0x8fef17,72.9577%,96,259,355,96,45,51,163
0x9aa664,91.3279%,96,1011,1107,885,31,65,126
0x8bd5b5,97.3311%,96,3501,3597,1799,48,48,1702
0x8d9ad3,96.8306%,96,2933,3029,1852,44,52,1081
0x5342d9,98.2424%,96,5366,5462,5348,13,83,18
0x5928dd,94.2755%,96,1581,1677,641,32,64,940
0xa54d8c,64.7059%,96,176,272,72,58,38,104
0x5f05d6,87.9135%,95,691,786,271,54,41,420
0x8da44f,85.9259%,95,580,675,90,47,48,490
0x53bad6,75.7653%,95,297,392,212,45,50,85
0x40f386,98.5193%,95,6321,6416,3047,63,32,3274
0x805a26,91.2523%,95,991,1086,84,42,53,907
0x9aafce,82.5046%,95,448,543,28,64,31,420
0x910f38,95.7965%,95,2165,2260,1127,41,54,1038
0xa50b0c,60.5809%,95,146,241,132,33,62,14
0xa91b04,73.8292%,95,268,363,15,43,52,253
0x819afb,89.1676%,95,782,877,766,25,70,16
0x8da40a,90.9351%,95,953,1048,326,47,48,627
0x5095b7,81.409%,95,416,511,312,39,56,104
0x404e39,99.2274%,95,12201,12296,433,67,28,11768
0x8adc5f,73.0878%,95,258,353,24,65,30,234
0x9edfe0,68.1208%,95,203,298,73,50,45,130
0x534230,92.7921%,95,1223,1318,1137,24,71,86
0x53db73,77.1084%,95,320,415,37,49,46,283
0x5436f3,65.9498%,95,184,279,75,66,29,109
0x9a9304,91.0714%,95,969,1064,780,50,45,189
0x51b47a,74.3935%,95,276,371,69,42,53,207
0x78099e,91.2924%,95,996,1091,959,34,61,37
0x8fdce2,87.5654%,95,669,764,335,49,46,334
0x501813,97.1394%,95,3226,3321,3214,33,62,12
0x8a6fe3,93.7169%,95,1417,1512,175,49,46,1242
0x99c843,92.9473%,95,1252,1347,452,43,52,800
0xa2f2ac,77.0732%,94,316,410,238,31,63,78
0x8ec397,89.5323%,94,804,898,4,67,27,800
0x49cae4,86.3965%,94,597,691,19,64,30,578
0xa358c6,95.9237%,94,2212,2306,1264,41,53,948
0xaa1441,73.8162%,94,265,359,135,60,34,130
0x9095c0,94.9326%,94,1761,1855,1693,45,49,68
0xa94a6d,54.8077%,94,114,208,81,51,43,33
0x53ef1d,72.1068%,94,243,337,140,43,51,103
0x5f7954,85.736%,94,565,659,264,43,51,301
0xa43cc7,87.9022%,94,683,777,176,47,47,507
0x64b419,99.5739%,94,21967,22061,852,78,16,21115
0x4b4960,63.8462%,94,166,260,50,45,49,116
0x809f85,79.2494%,94,359,453,64,62,32,295
0x5f530c,97.5198%,94,3696,3790,722,64,30,2974
0x80a56b,78.6207%,93,342,435,47,61,32,295
0x48c5c7,86.1401%,93,578,671,482,45,48,96
0x4b497b,91.0834%,93,950,1043,856,49,44,94
0x9c429b,74.1667%,93,267,360,43,57,36,224
0x9a91ff,62.5%,93,155,248,133,50,43,22
0x552a84,93.4043%,93,1317,1410,1211,57,36,106
0x8eebe5,75.4617%,93,286,379,187,52,41,99
0x53ecec,89.8693%,93,825,918,64,78,15,761
0x5faa2f,77.8571%,93,327,420,262,43,50,65
0x8eb8b7,99.6397%,93,25718,25811,25287,37,56,431
0x9b8fc7,71.028%,93,228,321,15,68,25,213
0x545459,87.8272%,93,671,764,172,35,58,499
0x807f87,80.7851%,93,391,484,375,40,53,16
0x815150,58.1081%,93,129,222,107,36,57,22
0x64b0f8,99.781%,93,42375,42468,21381,73,20,20994
0x610c49,72.8863%,93,250,343,145,44,49,105
0x4bb27f,79.8265%,93,368,461,321,26,67,47
0x9a7d03,83.3631%,93,466,559,101,49,44,365
0x5469d7,95.216%,93,1851,1944,3,69,24,1848
0x48d860,95.0027%,93,1768,1861,17,62,31,1751
0x488aa5,94.0877%,93,1480,1573,978,69,24,502
0x40f5a3,97.4202%,93,3512,3605,220,53,40,3292
0x8fe05d,96.9256%,93,2932,3025,2893,46,47,39
0x9ed669,84.6281%,93,512,605,507,39,54,5
0x510455,95.7281%,93,2084,2177,204,38,55,1880
0x489cd1,99.0871%,93,10094,10187,5,68,25,10089
0x81d1c3,84.7039%,93,515,608,117,49,44,398
0x5e599e,93.837%,93,1416,1509,656,45,48,760
0x8eba4b,80.9035%,93,394,487,33,55,38,361
0x5914b7,82.218%,93,430,523,340,43,50,90
0xa30434,81.0204%,93,397,490,212,58,35,185
0x8a5179,86.7898%,93,611,704,349,33,60,262
0x5ffa90,93.9073%,92,1418,1510,1310,26,66,108
0x9112da,91.1111%,92,943,1035,320,50,42,623
0x9ebb02,75.9162%,92,290,382,67,57,35,223
0x95241a,76.5903%,92,301,393,283,36,56,18
0x80471a,58.7444%,92,131,223,61,46,46,70
0x661619,97.544%,92,3654,3746,2439,42,50,1215
0x66806a,95.972%,92,2192,2284,2175,49,43,17
0x5390ab,87.2399%,92,629,721,78,48,44,551
0x97842a,88.2051%,92,688,780,250,53,39,438
0x80a947,89.0866%,92,751,843,714,17,75,37
0x9a6fc0,87.8788%,92,667,759,663,36,56,4
0x807740,97.415%,92,3467,3559,116,53,39,3351
0xa39e20,87.5843%,92,649,741,51,62,30,598
0x48ebbc,71.0692%,92,226,318,122,27,65,104
0x8ff7f7,99.6836%,92,28982,29074,69,31,61,28913
0x488d0b,97.591%,92,3727,3819,3727,35,57,0
0x5075f7,96%,92,2208,2300,1196,48,44,1012
0xa028c2,72.619%,92,244,336,142,44,48,102
0x80e81e,81.8182%,92,414,506,174,44,48,240
0x539d1b,88.2803%,92,693,785,682,49,43,11
0x4fdb91,71.1599%,92,227,319,196,57,35,31
0x53db2f,95.2699%,92,1853,1945,41,53,39,1812
0x805914,96.2888%,92,2387,2479,1532,46,46,855
0x821304,97.7473%,92,3992,4084,85,40,52,3907
0x5119e3,90.6027%,92,887,979,302,23,69,585
0x9aaeb8,69.3603%,91,206,297,124,49,42,82
0x511760,93.8596%,91,1391,1482,98,57,34,1293
0x55707a,63.1579%,91,156,247,87,46,45,69
0x81a549,88.9964%,91,736,827,134,61,30,602
0x8e0a9c,94.129%,91,1459,1550,939,25,66,520
0xa4ff83,71.7391%,91,231,322,24,57,34,207
0xa4ff88,62.2407%,91,150,241,129,36,55,21
0x8e2042,93.8721%,91,1394,1485,1145,50,41,249
0x53d887,94.5411%,91,1576,1667,1562,78,13,14
0x53ba5c,84.7059%,91,504,595,147,56,35,357
0xa5297b,84.8837%,91,511,602,368,42,49,143
0x8fd3a6,97.3164%,91,3300,3391,3214,50,41,86
0x8d3916,75.3388%,91,278,369,260,40,51,18
0x59705d,68.942%,91,202,293,109,42,49,93
0x908277,97.4257%,91,3444,3535,229,61,30,3215
0x8223e7,96.1506%,91,2273,2364,34,64,27,2239
0x59915e,98.1774%,91,4902,4993,465,41,50,4437
0x485b05,75.4717%,91,280,371,103,43,48,177
0x8bd5a1,99.6245%,91,24144,24235,21327,61,30,2817
0x8c92fa,90.1087%,91,829,920,309,35,56,520
0x90dbb3,99.8213%,91,50842,50933,49938,34,57,904
0x503e27,94.5312%,91,1573,1664,1572,40,51,1
0x9fb592,71.246%,90,223,313,37,54,36,186
0x8eefd1,92.6108%,90,1128,1218,1092,42,48,36
0x9f285b,89.0244%,90,730,820,159,54,36,571
0x40e61c,95.3799%,90,1858,1948,15,55,35,1843
0x48bbb4,90.6736%,90,875,965,788,34,56,87
0x8fd489,95.3846%,90,1860,1950,1408,35,55,452
0x49e145,94.0516%,90,1423,1513,106,59,31,1317
0x8f17f5,85.2217%,90,519,609,119,51,39,400
0x8e2d3b,97.5695%,90,3613,3703,3359,33,57,254
0x8a5ddf,82.5581%,90,426,516,96,57,33,330
0x81eda0,63.7097%,90,158,248,123,46,44,35
0x8171d0,83.9572%,90,471,561,86,40,50,385
0x8dae16,90.6348%,90,871,961,3,70,20,868
0x49e0bc,82.4561%,90,423,513,136,35,55,287
0x4bc56b,93.1402%,90,1222,1312,117,70,20,1105
0x81e324,96.0071%,90,2164,2254,1384,47,43,780
0x81184f,89.3238%,90,753,843,239,43,47,514
0x8da1df,85.025%,90,511,601,156,50,40,355
0x50771b,71.0611%,90,221,311,124,33,57,97
0x544872,73.3728%,90,248,338,120,40,50,128
0x5069fd,80.9829%,89,379,468,350,28,61,29
0x556068,91.7669%,89,992,1081,0,60,29,992
0x8f6167,74.4253%,89,259,348,138,39,50,121
0xa9095d,63.6735%,89,156,245,35,61,28,121
0x81e96a,96.7219%,89,2626,2715,2168,25,64,458
0x8eecb8,86.2866%,89,560,649,62,69,20,498
0x9f98a0,94.9546%,89,1675,1764,1669,36,53,6
0x8a556f,99.1915%,89,10919,11008,10919,49,40,0
0xa3045f,85.7143%,89,534,623,21,48,41,513
0x818b4e,96.0619%,89,2171,2260,20,60,29,2151
0x906b41,75.1397%,89,269,358,180,39,50,89
0x54ebfc,95.7558%,89,2008,2097,2,41,48,2006
0x5b9c3c,51.8919%,89,96,185,33,40,49,63
0x807889,93.0901%,89,1199,1288,1060,51,38,139
0x9a7c2d,90.1766%,89,817,906,63,49,40,754
0x80a552,68.4397%,89,193,282,115,41,48,78
0x90a465,96.1835%,89,2243,2332,263,45,44,1980
0x81beba,88.4265%,89,680,769,598,32,57,82
0xa505f0,88.6189%,89,693,782,684,32,57,9
0x8f181d,77.5819%,89,308,397,148,42,47,160
0x5448b7,91.5799%,89,968,1057,848,31,58,120
0x8d245f,67.3993%,89,184,273,45,49,40,139
0x50c0b2,85.5519%,89,527,616,452,44,45,75
0x538586,98.2253%,89,4926,5015,1652,60,29,3274
0xa26570,94.6866%,89,1586,1675,313,36,53,1273
0xa28508,64.8221%,89,164,253,63,30,59,101
0x8a5f12,70.1695%,88,207,295,120,44,44,87
0x5017df,96.8916%,88,2743,2831,2117,59,29,626
0x40d309,93.5953%,88,1286,1374,545,36,52,741
0x49eabb,95.5956%,88,1910,1998,1909,47,41,1
0x4fd93f,94.8417%,88,1618,1706,1614,35,53,4
0xa5f889,72.5%,88,232,320,130,54,34,102
0x643769,54.8718%,88,107,195,99,57,31,8
0x40e625,95.3142%,88,1790,1878,267,21,67,1523
0x40ffb4,98.8564%,88,7607,7695,2026,36,52,5581
0xa35f19,83.3962%,88,442,530,52,58,30,390
0xa91d2a,64.6586%,88,161,249,57,44,44,104
0x596aab,95.9762%,88,2099,2187,34,60,28,2065
0x5b16aa,83.0769%,88,432,520,352,54,34,80
0x5fa3e0,60.181%,88,133,221,56,48,40,77
0x4b5658,69.338%,88,199,287,53,43,45,146
0x80dca8,95.1754%,88,1736,1824,503,67,21,1233
0x40ee03,92.9032%,88,1152,1240,779,24,64,373
0x667857,97.2108%,88,3067,3155,560,59,29,2507
0x510235,94.1767%,87,1407,1494,1200,58,29,207
0xa50cc3,60.6335%,87,134,221,103,28,59,31
0x81a7d1,80.5369%,87,360,447,16,60,27,344
0x900561,99.5765%,87,20457,20544,150,47,40,20307
0x54f8b9,95.7644%,87,1967,2054,1967,44,43,0
0xa32aea,95.6824%,87,1928,2015,24,69,18,1904
0xa9ce0a,58.3732%,87,122,209,97,47,40,25
0x604467,47.2727%,87,78,165,58,62,25,20
0x80f611,98.7715%,87,6995,7082,34,38,49,6961
0x40439a,96.3537%,87,2299,2386,39,53,34,2260
0x9e74c6,93.5841%,87,1269,1356,348,52,35,921
0x9a8ff9,61.1607%,87,137,224,77,35,52,60
0x48db30,98.0506%,87,4376,4463,2559,51,36,1817
0x81a7f9,80.5369%,87,360,447,84,45,42,276
0x406c37,85.2542%,87,503,590,217,51,36,286
0x80bcab,82.874%,87,421,508,314,18,69,107
0x81d15b,88%,87,638,725,638,27,60,0
0x402d06,84.2105%,87,464,551,218,28,59,246
0x81d372,75.6983%,87,271,358,141,41,46,130
0x9731a8,85.7377%,87,523,610,477,55,32,46
0x5574e5,64.6091%,86,157,243,77,52,34,80
0x8ebf93,93.0421%,86,1150,1236,1145,23,63,5
0x409952,67.0498%,86,175,261,45,39,47,130
0x8d2946,99.5507%,86,19054,19140,18899,21,65,155
0x8e460c,96.2592%,86,2213,2299,638,30,56,1575
0xa39e10,93.3693%,86,1211,1297,262,30,56,949
0x98b32d,74.0964%,86,246,332,17,46,40,229
0x810445,92.5734%,86,1072,1158,556,48,38,516
0x404513,91.2867%,86,901,987,98,46,40,803
0xa36124,71.4286%,86,215,301,7,65,21,208
0x99f24e,59.6244%,86,127,213,94,37,49,33
0xa41b35,91.6016%,86,938,1024,215,52,34,723
0xa90944,78.9731%,86,323,409,115,49,37,208
0x510096,91.6342%,86,942,1028,525,75,11,417
0x6436c2,98.9698%,86,8262,8348,8115,56,30,147
0x8ebadb,83.8041%,86,445,531,224,50,36,221
0x91170b,77.8351%,86,302,388,218,46,40,84
0x5fb1dc,60%,86,129,215,104,34,52,25
0x8a5f46,64.3154%,86,155,241,109,47,39,46
0x488a4e,75.9777%,86,272,358,227,48,38,45
0x9ea37a,77.1277%,86,290,376,268,36,50,22
0xa5942b,70.6485%,86,207,293,30,51,35,177
0x48e88b,97.2005%,86,2986,3072,2986,45,41,0
0xa30a34,88.8451%,85,677,762,382,61,24,295
0x511d3a,97.8355%,85,3842,3927,2412,38,47,1430
0x512307,95.9036%,85,1990,2075,1320,46,39,670
0x5111b5,91.2731%,85,889,974,197,43,42,692
0xa023bd,87.8917%,85,617,702,184,48,37,433
0xa027a2,93.8805%,85,1304,1389,41,56,29,1263
0xaa45e0,99.312%,85,12270,12355,12230,26,59,40
0x542d30,95.8937%,85,1985,2070,134,57,28,1851
0x50f8f4,92.1296%,85,995,1080,318,52,33,677
0x6431f1,77.6903%,85,296,381,56,59,26,240
0x4fdaf8,86.9832%,85,568,653,296,42,43,272
0xa029c2,74.7024%,85,251,336,87,50,35,164
0xad7ddd,97.5312%,85,3358,3443,3358,85,0,0
0xa50ebe,64.7303%,85,156,241,132,33,52,24
0x4a6e6f,76.0563%,85,270,355,235,26,59,35
0xa36244,80.4147%,85,349,434,83,54,31,266
0x812521,89.917%,85,758,843,609,37,48,149
0x48d652,98.098%,85,4384,4469,4384,16,69,0
0x81bf7b,76.3231%,85,274,359,269,38,47,5
0x405747,98.7981%,85,6987,7072,2645,35,50,4342
0x60a6eb,95.1977%,85,1685,1770,19,34,51,1666
0x502cbb,96.052%,85,2068,2153,754,34,51,1314
0xb0afbb,87.8917%,85,617,702,11,43,42,606
0xa18097,90.1048%,85,774,859,123,47,38,651
0x40f658,98.5987%,85,5981,6066,5975,33,52,6
0x8a2982,84.9823%,85,481,566,31,26,59,450
0x599186,98.2976%,85,4908,4993,4611,28,57,297
0x5107a3,91.9811%,85,975,1060,268,59,26,707
0x6434f4,95.4859%,85,1798,1883,256,58,27,1542
0xa35c9f,93.0864%,84,1131,1215,141,51,33,990
0xa44a00,86.4734%,84,537,621,49,44,40,488
0x9742df,84.8375%,84,470,554,261,47,37,209
0xa42949,95.7916%,84,1912,1996,845,46,38,1067
0xa0222a,94.5946%,84,1470,1554,29,68,16,1441
0x9f32f5,78.2383%,84,302,386,122,33,51,180
0x8aed78,77.2358%,84,285,369,95,51,33,190
0xa331ec,90%,84,756,840,140,49,35,616
0x402bcd,95.2623%,84,1689,1773,20,53,31,1669
0x5fd9db,97.7866%,84,3711,3795,2036,31,53,1675
0x54eb94,96.0748%,84,2056,2140,2056,41,43,0
0x545768,96.8433%,84,2577,2661,132,36,48,2445
0x8a8e82,95.1557%,84,1650,1734,12,58,26,1638
0x485dc3,81.6594%,84,374,458,237,28,56,137
0x5395ca,75.5814%,84,260,344,196,39,45,64
0x81beed,92.6573%,84,1060,1144,917,23,61,143
0x8efa8c,86.2069%,84,525,609,121,49,35,404
0xa527fb,86.0465%,84,518,602,364,46,38,154
0x541bbf,89.8551%,84,744,828,29,57,27,715
0x5bd909,99.22%,84,10685,10769,9794,17,67,891
0xa50eb6,73.913%,84,238,322,18,63,21,220
0x5f82cc,86.4078%,84,534,618,30,53,31,504
0x817bec,92.1348%,84,984,1068,228,50,34,756
0x81d365,83.9388%,84,439,523,114,51,33,325
0xa42ad1,90.2326%,84,776,860,556,37,47,220
0xa8ab97,67.4419%,84,174,258,35,48,36,139
0xa50b03,73.913%,84,238,322,34,47,37,204
0x8e26e6,94.1958%,83,1347,1430,32,57,26,1315
0xa25ed7,91.8065%,83,930,1013,781,44,39,149
0x90f2b7,97.2389%,83,2923,3006,2183,51,32,740
0xa52200,86.6559%,83,539,622,493,36,47,46
0xb0b3c8,98.5446%,83,5620,5703,1435,63,20,4185
0x543840,87.9884%,83,608,691,604,51,32,4
0x49f92f,95.1032%,83,1612,1695,252,44,39,1360
0x8bcb0e,73.9812%,83,236,319,44,44,39,192
0x5ba9ff,96.4651%,83,2265,2348,1877,40,43,388
0x48f000,68.5606%,83,181,264,94,41,42,87
0x48d7d2,88.7381%,83,654,737,625,5,78,29
0x818510,95.695%,83,1845,1928,1844,14,69,1
0xa43c00,78.553%,83,304,387,60,18,65,244
0x98cfd5,95.5424%,83,1779,1862,1639,15,68,140
0x542ad9,96.8333%,83,2538,2621,336,28,55,2202
0x8a6229,80.4245%,83,341,424,16,62,21,325
0x8a61fc,92.1919%,83,980,1063,105,49,34,875
0x546423,89.5334%,83,710,793,307,43,40,403
0xa451d3,78.1579%,83,297,380,283,33,50,14
0x4a76aa,79.4045%,83,320,403,307,18,65,13
0x8c7f1b,95.6883%,83,1842,1925,935,47,36,907
0x816803,73.9683%,82,233,315,179,32,50,54
0x8de15a,96.5961%,82,2327,2409,1114,52,30,1213
0x8e4d7e,94.6822%,82,1460,1542,988,45,37,472
0x410245,98.6673%,82,6071,6153,206,44,38,5865
0x60a673,92.8322%,82,1062,1144,5,45,37,1057
0x810623,84.9265%,82,462,544,344,36,46,118
0x8feed1,78.8114%,82,305,387,26,44,38,279
0x4101b4,98.8568%,82,7091,7173,7086,24,58,5
0x604c1d,63.8767%,82,145,227,25,57,25,120
0x8bb3bf,97.6086%,82,3347,3429,3009,29,53,338
0x53a30f,96.7068%,82,2408,2490,2391,36,46,17
0x810928,67.5889%,82,171,253,65,44,38,106
0x5bd4ac,98.9585%,82,7791,7873,5899,42,40,1892
0x805cec,97.0557%,82,2703,2785,2080,15,67,623
0xa5662c,84.1085%,82,434,516,413,22,60,21
0x8fd430,97.4173%,82,3093,3175,0,34,48,3093
0x90be26,99.839%,82,50851,50933,49956,16,66,895
0x48a563,98.4874%,82,5339,5421,1697,48,34,3642
0x900811,97.7957%,82,3638,3720,71,40,42,3567
0x817c57,75.8112%,82,257,339,90,51,31,167
0x502251,64.0351%,82,146,228,43,54,28,103
0x40ce4b,99.578%,82,19351,19433,61,14,68,19290
0x547e7a,89.433%,82,694,776,183,48,34,511
0x8d3cc9,82.6638%,82,391,473,296,40,42,95
0x50ce01,74.4548%,82,239,321,160,36,46,79
0x64b597,99.6229%,82,21661,21743,4870,51,31,16791
0x804095,67.5889%,82,171,253,66,43,39,105
0x820997,96.2212%,82,2088,2170,2088,82,0,0
0xa3a4d4,91.0675%,82,836,918,280,40,42,556
0x40d50a,91.1733%,82,847,929,621,56,26,226
0x48dcef,98.8257%,82,6901,6983,21,62,20,6880
0x8da6d4,97.1218%,82,2767,2849,1738,38,44,1029
0x590640,97.4907%,81,3147,3228,389,40,41,2758
0x8f1873,86.6995%,81,528,609,383,34,47,145
0xa3672d,72.449%,81,213,294,175,49,32,38
0x5fd680,97.9891%,81,3947,4028,3947,5,76,0
0x489d18,97.9826%,81,3934,4015,33,54,27,3901
0x58eb95,98.4501%,81,5145,5226,82,10,71,5063
0x833f6d,83.6364%,81,414,495,378,37,44,36
0x53a17b,89.6815%,81,704,785,693,38,43,11
0xa941e4,60.8696%,81,126,207,26,52,29,100
0x40e662,95.4925%,81,1716,1797,1705,34,47,11
0x8c954f,85.9375%,81,495,576,451,27,54,44
0x8a78c6,77.9891%,81,287,368,66,45,36,221
0xa90090,77.9292%,81,286,367,35,50,31,251
0xa510a6,67.9842%,81,172,253,138,49,32,34
0xa5548f,69.434%,81,184,265,87,48,33,97
0x807fa0,52.907%,81,91,172,54,43,38,37
0x80a463,82.1192%,81,372,453,287,40,41,85
0x541dc9,92.4086%,81,986,1067,309,55,26,677
0x7d09c4,88.5431%,81,626,707,6,73,8,620
0x81891c,90.2056%,81,746,827,150,45,36,596
0x805a7b,97.0916%,81,2704,2785,2018,41,40,686
0x5fb6d2,79.1237%,81,307,388,83,37,44,224
0x40ffa0,97.5867%,80,3235,3315,39,39,41,3196
0x8f35a5,90.184%,80,735,815,119,41,39,616
0x48a02b,98.7318%,80,6228,6308,30,38,42,6198
0x60834b,73.3333%,80,220,300,165,44,36,55
0x49fab3,94.2816%,80,1319,1399,94,39,41,1225
0x5069dc,89.1892%,80,660,740,237,35,45,423
0xa3a392,90.099%,80,728,808,42,66,14,686
0x502f79,96.8191%,80,2435,2515,2310,35,45,125
0xa55302,69.8113%,80,185,265,31,36,44,154
0x8e2ac2,97.8396%,80,3623,3703,2297,43,37,1326
0xb301ab,84.375%,80,432,512,30,38,42,402
0x9ea6a3,72.4138%,80,210,290,137,30,50,73
0x805abc,83.9679%,80,419,499,388,27,53,31
0x811df5,97.5617%,80,3201,3281,86,69,11,3115
0x80dcd2,92.9329%,80,1052,1132,300,40,40,752
0x90ec2d,92.2027%,80,946,1026,12,53,27,934
0xb2fe33,74.9216%,80,239,319,14,37,43,225
0xa66127,54.2857%,80,95,175,22,40,40,73
0xb0ccc3,97.4619%,80,3072,3152,1568,35,45,1504
0x555d68,92.5994%,80,1001,1081,4,52,28,997
0x4b58e8,70.3704%,80,190,270,111,45,35,79
0xa6611c,68.9922%,80,178,258,47,36,44,131
0xa30238,58.9744%,80,115,195,39,46,34,76
0x9a7c4c,91.17%,80,826,906,583,29,51,243
0xa57bf1,96.0765%,80,1959,2039,1957,32,48,2
0x91177b,63.3028%,80,138,218,89,31,49,49
0x8fe133,97.3431%,80,2931,3011,2893,46,34,38
0x94422c,79.1667%,80,304,384,137,49,31,167
0xa2630b,92.1027%,80,933,1013,352,42,38,581
0xa3a3a5,88.5714%,80,620,700,304,16,64,316
0x404fff,74.026%,80,228,308,86,24,56,142
0xa030dc,50%,80,80,160,35,57,23,45
0x8f4878,98.3705%,79,4769,4848,3069,60,19,1700
0x81c4f0,80.4455%,79,325,404,325,17,62,0
0x8d2567,81.4988%,79,348,427,139,48,31,209
0x8ef571,73.0375%,79,214,293,119,39,40,95
0x90b29b,66.9456%,79,160,239,105,27,52,55
0x49af29,74.7604%,79,234,313,130,34,45,104
0x591add,97.9618%,79,3797,3876,3685,20,59,112
0x53a2c4,96.8799%,79,2453,2532,2451,23,56,2
0x9f2020,63.7615%,79,139,218,28,39,40,111
0x8a668d,48.0263%,79,73,152,24,30,49,49
0x8e1e09,79.8982%,79,314,393,99,57,22,215
0x94527a,85.0662%,79,450,529,207,32,47,243
0x546a66,89.8977%,79,703,782,702,42,37,1
0x541a8a,91.9634%,79,904,983,109,40,39,795
0xa2a8f5,54.5977%,79,95,174,28,33,46,67
0x5504d4,99.3094%,79,11361,11440,11361,79,0,0
0x9ea4c7,67.0833%,79,161,240,28,44,35,133
0x8e2607,95.8747%,79,1836,1915,873,44,35,963
0x908754,99.2653%,79,10673,10752,2193,40,39,8480
0xa358b8,97.5878%,79,3196,3275,928,41,38,2268
0x558054,93.0762%,79,1062,1141,48,49,30,1014
0x5352ed,96.6946%,79,2311,2390,2311,47,32,0
0x53aafb,89.9235%,79,705,784,696,35,44,9
0xa5603e,81.1456%,79,340,419,313,26,53,27
0x803e9b,79.9492%,79,315,394,87,43,36,228
0x80591c,91.232%,79,822,901,641,36,43,181
0x49e724,96.046%,79,1919,1998,8,34,45,1911
0x8e212d,93.1897%,79,1081,1160,686,49,30,395
0x8d3cf3,93.0458%,79,1057,1136,124,45,34,933
0x511e10,95.4118%,78,1622,1700,1100,40,38,522
0xa51c30,91.8325%,78,877,955,867,32,46,10
0xb0b1c8,88.8889%,78,624,702,247,49,29,377
0x65a29b,97.9122%,78,3658,3736,3536,10,68,122
0x643467,89.4452%,78,661,739,49,41,37,612
0x8e1784,99.3039%,78,11127,11205,10999,34,44,128
0xb0d281,88.2883%,78,588,666,546,35,43,42
0x510e95,98.4043%,78,4810,4888,2805,39,39,2005
0x8f359b,91.9003%,78,885,963,95,53,25,790
0x66810e,85.5556%,78,462,540,259,41,37,203
0x48e9f1,78.5714%,78,286,364,255,20,58,31
0x64adf3,99.6808%,78,24361,24439,21684,32,46,2677
0xaa8076,85.2552%,78,451,529,227,39,39,224
0xa2647a,95.3433%,78,1597,1675,1014,44,34,583
0x8aebd4,77.4566%,78,268,346,112,27,51,156
0x8c784f,95.9481%,78,1847,1925,935,47,31,912
0xa34d88,92.2465%,78,928,1006,703,38,40,225
0x50c994,85.1992%,78,449,527,34,53,25,415
0x9523e9,80.203%,78,316,394,88,42,36,228
0xaa149b,78.273%,78,281,359,125,39,39,156
0x53c714,87.68%,77,548,625,358,46,31,190
0x533d72,63.1579%,77,132,209,106,43,34,26
0x4c4b0a,97.0085%,77,2497,2574,2128,44,33,369
0x403d7a,94.0632%,77,1220,1297,144,48,29,1076
0x8ec3df,85.1351%,77,441,518,54,45,32,387
0x8209ee,97.8273%,77,3467,3544,2922,34,43,545
0xa2cc0e,91.3677%,77,815,892,394,35,42,421
0x6277db,86.5385%,77,495,572,486,40,37,9
0x80765e,86%,77,473,550,465,26,51,8
0x403be0,87.0588%,77,518,595,259,38,39,259
0xb466c7,98.9939%,77,7576,7653,144,23,54,7432
0x643b6a,90.411%,77,726,803,726,49,28,0
0x811ea5,96.8023%,77,2331,2408,1625,54,23,706
0xb2ae27,97.5847%,77,3111,3188,2115,35,42,996
0x595d60,88.1538%,77,573,650,416,48,29,157
0x54ff67,83.0396%,77,377,454,373,24,53,4
0x54ecfb,97.81%,77,3439,3516,3400,47,30,39
0x807813,95.8152%,77,1763,1840,1758,8,69,5
0x65a3c0,96.7052%,77,2260,2337,1590,41,36,670
0x8a3449,84.3496%,77,415,492,397,35,42,18
0x8e26d6,96.1938%,77,1946,2023,557,36,41,1389
0x50454f,89.5946%,77,663,740,570,34,43,93
0x6435a1,99.4288%,77,13404,13481,13404,38,39,0
0x8e487d,96.6507%,77,2222,2299,573,50,27,1649
0x4bc44b,92.2535%,77,917,994,635,40,37,282
0x4bbe4b,91.4254%,77,821,898,673,27,50,148
0x4b4a78,74.5875%,77,226,303,8,44,33,218
0x8ff39b,98.7256%,77,5965,6042,8,32,45,5957
0x4101a4,99.1372%,77,8847,8924,13,41,36,8834
0x48ce16,97.9133%,77,3613,3690,0,55,22,3613
0x8e2b07,96.7674%,77,2305,2382,190,49,28,2115
0x90b167,59.2593%,77,112,189,92,27,50,20
0x903ed2,85.4991%,77,454,531,443,36,41,11
0x534966,98.1336%,76,3996,4072,3996,10,66,0
0xa49491,84.9802%,76,430,506,374,41,35,56
0xa346ac,87.9747%,76,556,632,214,24,52,342
0x64ace1,99.7024%,76,25464,25540,85,37,39,25379
0x901fc1,98.3802%,76,4616,4692,4573,35,41,43
0x8fef1c,82.7664%,76,365,441,320,56,20,45
0x4ba553,79.6247%,76,297,373,172,37,39,125
0x60df84,92.657%,76,959,1035,686,31,45,273
0x511f18,98.1304%,76,3989,4065,3815,38,38,174
0x8a2666,62.9268%,76,129,205,129,76,0,0
0x8dee7f,96.2543%,76,1953,2029,1865,33,43,88
0xa3a4ad,89.1429%,76,624,700,353,27,49,271
0x50ff68,92.5197%,76,940,1016,15,35,41,925
0x8bcce9,96.8399%,76,2329,2405,375,35,41,1954
0x8bca75,91.7749%,76,848,924,725,41,35,123
0x63eb09,92.5926%,76,950,1026,9,56,20,941
0x60a99b,86.8512%,76,502,578,33,45,31,469
0xb0cc48,97.8458%,76,3452,3528,3382,28,48,70
0x511990,97.9679%,76,3664,3740,102,50,26,3562
0x8a517e,76.3975%,76,246,322,170,22,54,76
0x6775eb,74.9175%,76,227,303,8,44,32,219
0x8fee3a,88.0315%,76,559,635,444,36,40,115
0x9f5895,80.7107%,76,318,394,100,59,17,218
0x8167cb,69.2308%,76,171,247,14,53,23,157
0x8196bf,93.6667%,76,1124,1200,72,49,27,1052
0x609f30,99.0553%,76,7969,8045,1335,34,42,6634
0x5016a5,96.8058%,75,2273,2348,3,52,23,2270
0x96928c,57.1429%,75,100,175,52,37,38,48
0x9f0237,64.2857%,75,135,210,79,37,38,56
0xa9048c,79.8387%,75,297,372,186,40,35,111
0x9f9381,71.6981%,75,190,265,154,25,50,36
0x53bb33,93.4383%,75,1068,1143,866,30,45,202
0x545c2c,97.6606%,75,3131,3206,2975,21,54,156
0x5437f4,73.1183%,75,204,279,85,56,19,119
0x54817d,98.4339%,75,4714,4789,3778,26,49,936
0x49c7d9,72.9242%,75,202,277,185,36,39,17
0x8a2aba,78.5714%,75,275,350,272,62,13,3
0x54562f,91.0394%,75,762,837,193,49,26,569
0x40ebd0,95.232%,75,1498,1573,90,36,39,1408
0x5030da,99.0417%,75,7751,7826,148,42,33,7603
0x80df92,96.5785%,75,2117,2192,299,41,34,1818
0x60dcbf,93.1569%,75,1021,1096,889,33,42,132
0x48bff6,88.8227%,75,596,671,495,32,43,101
0xa2713b,97.6385%,75,3101,3176,315,56,19,2786
0xa36a49,86.0853%,75,464,539,460,25,50,4
0x51b97f,98.5769%,75,5195,5270,5146,17,58,49
0x9f9747,66.3677%,75,148,223,107,35,40,41
0x4a2618,84.1102%,75,397,472,114,39,36,283
0x9bb67f,56.3953%,75,97,172,72,38,37,25
0x49ee45,85.9551%,75,459,534,31,47,28,428
0x53b010,96.9237%,75,2363,2438,2348,27,48,15
0xaa57a5,98.8345%,75,6360,6435,73,17,58,6287
0x40292d,94.5652%,75,1305,1380,277,35,40,1028
0xa92d3f,66.8142%,75,151,226,104,44,31,47
0x8a982e,99.4254%,75,12977,13052,6419,29,46,6558
0x8fdfc9,95.8171%,75,1718,1793,527,47,28,1191
0x5cf3eb,96.0547%,75,1826,1901,1545,21,54,281
0x9a80d4,76.9231%,75,250,325,40,50,25,210
0x53d823,95.5778%,75,1621,1696,1614,43,32,7
0x40f5bd,99.3474%,75,11418,11493,10884,37,38,534
0x638d50,92.6829%,75,950,1025,912,33,42,38
0xa028ee,67.2489%,75,154,229,39,57,18,115
0x9a30a0,86.819%,75,494,569,229,42,33,265
0x40df72,99.4959%,75,14803,14878,14783,38,37,20
0x8eca1b,98.2315%,75,4166,4241,328,34,41,3838
0x54f586,97.5714%,74,2973,3047,6,43,31,2967
0x8ae9c4,79.6143%,74,289,363,123,23,51,166
0x8e0208,92.0344%,74,855,929,484,40,34,371
0x9e25f7,94.1036%,74,1181,1255,269,34,40,912
0x5fe85e,78.6744%,74,273,347,249,40,34,24
0xa94466,66.9643%,74,150,224,114,24,50,36
0x548037,98.8822%,74,6546,6620,6412,39,35,134
0x5091ce,88.685%,74,580,654,429,19,55,151
0x9ea6f7,61.0526%,74,116,190,58,35,39,58
0x8108dd,84.188%,74,394,468,37,37,37,357
0x81f1ff,94.1594%,74,1193,1267,1112,17,57,81
0x911714,63.1841%,74,127,201,72,31,43,55
0x9783ec,95.7398%,74,1663,1737,916,41,33,747
0x60dc0d,78.9773%,74,278,352,63,15,59,215
0xa32a38,94.2052%,74,1203,1277,1201,17,57,2
0x4906b8,72.8938%,74,199,273,151,43,31,48
0xaad99e,88.5271%,74,571,645,422,18,56,149
0x8fc430,97.7644%,74,3236,3310,3216,28,46,20
0x53aea2,90.5612%,74,710,784,702,29,45,8
0x82241d,82.4228%,74,347,421,143,43,31,204
0x503792,87.9085%,74,538,612,248,62,12,290
0xb2e849,99.0744%,74,7921,7995,7896,29,45,25
0x81d5a4,89.3678%,74,622,696,404,40,34,218
0xa2d276,89.8352%,74,654,728,346,48,26,308
0x537f18,90.0404%,74,669,743,9,3,71,660
0x49063e,72.8938%,74,199,273,99,39,35,100
0x9e29a7,70.9804%,74,181,255,35,37,37,146
0xaa11dc,70.2811%,74,175,249,161,34,40,14
0xa3a184,89.779%,74,650,724,7,52,22,643
0x50cb8f,82.8704%,74,358,432,348,19,55,10
0x9e4054,83.2569%,73,363,436,259,30,43,104
0x4bf07e,92.1505%,73,857,930,138,33,40,719
0x4bb346,83.0626%,73,358,431,87,55,18,271
0x60dc14,79.2614%,73,279,352,25,53,20,254
0x40cf7e,98.8562%,73,6309,6382,6309,30,43,0
0x503a5b,88.0719%,73,539,612,525,26,47,14
0x722dc6,71.1462%,73,180,253,43,37,36,137
0x8dd05d,89.8892%,73,649,722,59,40,33,590
0x404e57,99.0052%,73,7265,7338,6167,41,32,1098
0x9be5ab,80.8901%,73,309,382,65,59,14,244
0x40d2d9,94.2338%,73,1193,1266,1178,26,47,15
0x9f52d1,79.0831%,73,276,349,188,34,39,88
0xa36089,90.0545%,73,661,734,272,44,29,389
0x5bd574,98.4848%,73,4745,4818,4084,50,23,661
0x8e206d,95.0842%,73,1412,1485,922,34,39,490
0x80f645,97.5971%,73,2965,3038,341,49,24,2624
0x901fdf,93.2595%,73,1010,1083,577,45,28,433
0x8da56c,93.6077%,73,1069,1142,130,41,32,939
0xa90f6b,73.9286%,73,207,280,169,26,47,38
0x609ccb,89.039%,73,593,666,12,41,32,581
0x8fd4fe,73.2601%,73,200,273,154,34,39,46
0x5521ea,96.5188%,73,2024,2097,6,54,19,2018
0x8a8fd9,95.6024%,73,1587,1660,752,26,47,835
0x51028a,95.1138%,73,1421,1494,1086,40,33,335
0x4b5330,80.3235%,73,298,371,76,48,25,222
0x81e89d,90.9765%,73,736,809,29,48,25,707
0x403afb,96.8094%,73,2215,2288,1725,14,59,490
0x8d32ea,69.0678%,73,163,236,149,36,37,14
0x8c806b,96.8696%,73,2259,2332,251,57,16,2008
0x54fe6d,97.5715%,73,2933,3006,2933,73,0,0
0x8ff689,72.4528%,73,192,265,7,20,53,185
0x8ad594,68.8312%,72,159,231,66,27,45,93
0xa5563a,82.3096%,72,335,407,295,35,37,40
0x5104e7,97.4341%,72,2734,2806,1178,48,24,1556
0x4bbd21,92.4528%,72,882,954,864,34,38,18
0xa9075f,67.713%,72,151,223,31,45,27,120
0x60974a,55.5556%,72,90,162,53,26,46,37
0x5103c8,95.158%,72,1415,1487,374,47,25,1041
0xa5d097,83.5616%,72,366,438,233,40,32,133
0x8f48ef,98.5149%,72,4776,4848,4494,24,48,282
0x64387e,94.9896%,72,1365,1437,1364,34,38,1
0xa584f5,76%,72,228,300,74,45,27,154
0xa948dc,83.9286%,72,376,448,173,51,21,203
0x40f56f,99.5011%,72,14360,14432,12670,40,32,1690
0xa5f799,88.5533%,72,557,629,44,49,23,513
0x9e25d0,87.7342%,72,515,587,215,38,34,300
0x8e24d6,98.6351%,72,5203,5275,5143,22,50,60
0x60b2e1,92.0792%,72,837,909,815,32,40,22
0x911d12,88.697%,72,565,637,181,20,52,384
0x9e744a,83.8926%,72,375,447,15,50,22,360
0x6104a2,85.3955%,72,421,493,90,14,58,331
0x8e135c,95.5665%,72,1552,1624,200,41,31,1352
0x8130ad,94.9826%,72,1363,1435,14,42,30,1349
0x639afd,92.9825%,72,954,1026,933,28,44,21
0x8e25de,98.606%,72,5093,5165,3225,25,47,1868
0x48e7c6,98.3437%,72,4275,4347,4271,20,52,4
0x808832,87.1658%,72,489,561,82,44,28,407
0x8ea2a7,94.1224%,72,1153,1225,1153,26,46,0
0x5bbb47,98.1294%,72,3777,3849,3759,15,57,18
0x9c38cb,79.661%,72,282,354,228,40,32,54
0x53b23f,97.0468%,72,2366,2438,2351,24,48,15
0x40bc7a,90.7216%,72,704,776,190,51,21,514
0x541750,93.7224%,71,1060,1131,96,40,31,964
0x890e1e,80.3324%,71,290,361,162,29,42,128
0xa2fe83,74.3682%,71,206,277,77,40,31,129
0x81889c,91.4148%,71,756,827,628,27,44,128
0x51b8c4,98.6528%,71,5199,5270,4963,47,24,236
0x4098da,76.9481%,71,237,308,220,25,46,17
0x557a4e,67.7273%,71,149,220,136,47,24,13
0x808e57,91.5777%,71,772,843,613,33,38,159
0x8ef42f,88.3415%,71,538,609,136,34,37,402
0xa56ecb,81.4136%,71,311,382,78,46,25,233
0x80446c,81.9797%,71,323,394,274,45,26,49
0x64b4af,94.4919%,71,1218,1289,1199,28,43,19
0x4b536d,80.8625%,71,300,371,272,28,43,28
0x48ef58,78.5498%,71,260,331,234,30,41,26
0xa9009b,74.8227%,71,211,282,22,54,17,189
0x49b2d7,92.6349%,71,893,964,0,51,20,893
0x539c2a,93.9368%,71,1100,1171,887,23,48,213
0x501a8e,91.0579%,71,723,794,665,18,53,58
0x8eb81a,96.9941%,71,2291,2362,2061,24,47,230
0x81a80c,84.1163%,71,376,447,74,30,41,302
0x81949f,80.4408%,71,292,363,218,38,33,74
0x404de0,98.1414%,71,3749,3820,3737,41,30,12
0x48adf6,98.6898%,71,5348,5419,4505,23,48,843
0x81faf5,88.9408%,71,571,642,282,37,34,289
0x543720,87.6307%,71,503,574,500,48,23,3
0x8c7e27,83.2151%,71,352,423,88,36,35,264
0x8bc7c1,95.6361%,71,1556,1627,1475,26,45,81
0x548ce6,98.9975%,71,7011,7082,487,50,21,6524
0x8c7304,97.4956%,71,2764,2835,2701,29,42,63
0x64384d,65.1961%,71,133,204,118,41,30,15
0x90fdfa,98.1379%,71,3742,3813,555,40,31,3187
0xa58607,79.4203%,71,274,345,97,38,33,177
0x403e79,98.8461%,71,6082,6153,701,51,20,5381
0x4bb2b4,83.9729%,71,372,443,333,38,33,39
0x548cf9,95.5386%,70,1499,1569,1499,70,0,0
0x8e09e0,97.6093%,70,2858,2928,2592,12,58,266
0x8108ec,82.2335%,70,324,394,90,40,30,234
0x539c05,91.25%,70,730,800,524,28,42,206
0x8e3308,98.3298%,70,4121,4191,3810,35,35,311
0x50d9db,91.2171%,70,727,797,656,34,36,71
0xa307e4,88.746%,70,552,622,313,45,25,239
0x58ba38,70.8333%,70,170,240,62,33,37,108
0x8160b7,63.9175%,70,124,194,50,40,30,74
0x5cf500,96.2406%,70,1792,1862,383,37,33,1409
0x627e06,75.5245%,70,216,286,216,47,23,0
0xb3266f,98.9134%,70,6372,6442,0,0,70,6372
0x8e424a,96.9552%,70,2229,2299,571,52,18,1658
0x834243,74.2647%,70,202,272,87,23,47,115
0x811d33,87.1324%,70,474,544,132,34,36,342
0x503098,96.8708%,70,2167,2237,19,43,27,2148
0x9f79de,76.6667%,70,230,300,124,24,46,106
0xa5133d,83.1325%,70,345,415,217,32,38,128
0x8d2469,60.8939%,70,109,179,73,22,48,36
0x40dcc3,95.9561%,70,1661,1731,1568,37,33,93
0x5906a9,97.3615%,70,2583,2653,3,48,22,2580
0xa3ba98,80.1136%,70,282,352,87,37,33,195
0x60a8b3,95.8333%,70,1610,1680,381,41,29,1229
0x58ffe1,98.929%,70,6466,6536,3493,27,43,2973
0x8c7b8c,92.2222%,70,830,900,676,48,22,154
0x9f24eb,61.326%,70,111,181,47,45,25,64
0x9eef80,58.8235%,70,100,170,62,33,37,38
0x8187de,91.5357%,70,757,827,702,40,30,55
0x534daa,99.543%,70,15246,15316,1002,17,53,14244
0x722da8,79.1045%,70,265,335,43,39,31,222
0x5fa8fd,89.2638%,70,582,652,113,52,18,469
0x8a7460,64.2857%,70,126,196,8,44,26,118
0x593865,94.3594%,70,1171,1241,585,23,47,586
0x807aff,70.2128%,70,165,235,50,41,29,115
0x59298c,89.5988%,70,603,673,591,47,23,12
0xa504e8,72.332%,70,183,253,10,29,41,173
0x67760f,81.0298%,70,299,369,266,34,36,33
0x50da17,92.8423%,69,895,964,344,33,36,551
0xa34acb,74.0602%,69,197,266,57,38,31,140
0x804994,82.4873%,69,325,394,287,32,37,38
0x67753c,63.2979%,69,119,188,54,37,32,65
0x53afc4,97.2166%,69,2410,2479,2408,14,55,2
0xa2fb8f,89.838%,69,610,679,43,52,17,567
0x4b500b,74.5387%,69,202,271,111,29,40,91
0xa2e022,89.5296%,69,590,659,377,33,36,213
0x80c1a8,73.9623%,69,196,265,190,27,42,6
0x8d4192,81.4016%,69,302,371,62,62,7,240
0x811ac7,91.8149%,69,774,843,732,28,41,42
0xb2deb8,91.4179%,69,735,804,735,69,0,0
0x8050a2,79.0909%,69,261,330,17,46,23,244
0x81d4a8,62.0879%,69,113,182,96,26,43,17
0x9a9220,79.8834%,69,274,343,249,29,40,25
0xb0c080,98.6425%,69,5014,5083,1181,53,16,3833
0x640102,96.2843%,69,1788,1857,1178,29,40,610
0x40e5a2,95.8658%,69,1600,1669,235,42,27,1365
0x58b78d,93.0862%,69,929,998,778,27,42,151
0x541b72,91.7266%,69,765,834,344,45,24,421
0x5f85ee,96.7742%,69,2070,2139,396,13,56,1674
0xa2fb64,89.4009%,69,582,651,324,34,35,258
0x404e49,99.4151%,69,11727,11796,4419,39,30,7308
0x5baca5,74.1573%,69,198,267,69,45,24,129
0xa35cf8,93.7782%,69,1040,1109,457,20,49,583
0x5f102c,88.8889%,69,552,621,289,26,43,263
0x511643,99.1569%,69,8115,8184,11,18,51,8104
0x49ee49,84.8684%,69,387,456,269,33,36,118
0xa45299,93.7273%,69,1031,1100,668,34,35,363
0x410ba7,89.0302%,69,560,629,15,39,30,545
0xa39bb0,88.6513%,69,539,608,19,51,18,520
0x558fd4,99.6255%,69,18354,18423,17621,34,35,733
0x638d3c,61.4525%,69,110,179,56,43,26,54
0x8da5b5,92.6882%,68,862,930,27,47,21,835
0x5fe347,69.0909%,68,152,220,93,19,49,59
0x8159e6,87.9218%,68,495,563,415,19,49,80
0x5b152b,86.4271%,68,433,501,320,34,34,113
0x8e267e,98.7109%,68,5207,5275,2643,38,30,2564
0x90c877,96.8978%,68,2124,2192,2078,36,32,46
0xa35ce4,94.4033%,68,1147,1215,64,42,26,1083
0x9e62cc,71.6667%,68,172,240,23,49,19,149
0x81d5cb,84.6847%,68,376,444,199,29,39,177
0x8ec3af,79.0123%,68,256,324,103,36,32,153
0x610487,87.477%,68,475,543,115,39,29,360
0x8bcdae,99.6756%,68,20894,20962,19944,44,24,950
0xa58548,59.0361%,68,98,166,71,36,32,27
0xaa1528,72.6908%,68,181,249,69,32,36,112
0x8dc1e9,97.0422%,68,2231,2299,1485,36,32,746
0x49ff38,98.513%,68,4505,4573,402,36,32,4103
0x489f87,98.3618%,68,4083,4151,15,53,15,4068
0x8d281f,95.371%,68,1401,1469,40,53,15,1361
0x489d55,98.2983%,68,3928,3996,15,53,15,3913
0x597146,85.022%,68,386,454,365,46,22,21
0x4b592d,86.9231%,68,452,520,444,38,30,8
0x591479,86.9981%,68,455,523,145,35,33,310
0x53fe81,97.2346%,68,2391,2459,694,24,44,1697
0x554cff,75.9717%,68,215,283,134,22,46,81
0x813047,95.9811%,68,1624,1692,808,38,30,816
0x80e7e5,87.0722%,68,458,526,18,36,32,440
0x809db2,88.9968%,68,550,618,16,41,27,534
0xa3482e,94.7612%,68,1230,1298,228,17,51,1002
0x4bbc4b,96.3203%,68,1780,1848,1537,27,41,243
0x64341a,86.5878%,68,439,507,362,36,32,77
0x48d640,98.4926%,68,4443,4511,0,42,26,4443
0x48d154,97.7712%,68,2983,3051,2983,27,41,0
0x502249,94.143%,68,1093,1161,1093,63,5,0
0x502e03,98.1416%,68,3591,3659,3591,55,13,0
0xa8a7b5,73.6434%,68,190,258,32,51,17,158
0x80bc1b,85.5011%,68,401,469,42,33,35,359
0xa346a1,93.1633%,67,913,980,450,20,47,463
0x8f35ee,89.141%,67,550,617,196,43,24,354
0x486f4f,91.3325%,67,706,773,706,51,16,0
0x49e0e8,80.0595%,67,269,336,116,55,12,153
0x8fdc2d,94.1021%,67,1069,1136,353,27,40,716
0x6774dc,81.9407%,67,304,371,75,36,31,229
0xa26317,93.5701%,67,975,1042,224,46,21,751
0x48c722,53.4722%,67,77,144,44,42,25,33
0x485acd,81.9407%,67,304,371,241,29,38,63
0x51b41b,97.8581%,67,3061,3128,628,53,14,2433
0x545776,97.3125%,67,2426,2493,1010,42,25,1416
0x543a96,95.0407%,67,1284,1351,1284,22,45,0
0x8f5806,89.8485%,67,593,660,531,34,33,62
0x819b5f,92.0522%,67,776,843,729,44,23,47
0x40e6a7,96.1472%,67,1672,1739,1623,33,34,49
0x818d25,98.8426%,67,5722,5789,790,37,30,4932
0x485a2b,71.3675%,67,167,234,161,31,36,6
0x48a1b3,98.359%,67,4016,4083,4009,6,61,7
0x80f698,54.7297%,67,81,148,47,33,34,34
0x8fef9b,84.8073%,67,374,441,38,50,17,336
0x501ee8,64.9215%,67,124,191,56,33,34,68
0x9e2808,87.5696%,67,472,539,274,33,34,198
0x80bd0f,84.5266%,67,366,433,107,44,23,259
0x4bc0bd,76.4085%,67,217,284,136,27,40,81
0x90854c,99.0666%,67,7111,7178,4983,30,37,2128
0xa42a6c,97.6793%,67,2820,2887,1887,19,48,933
0x9f5977,65.4639%,67,127,194,24,35,32,103
0x8046d3,74.6212%,67,197,264,175,35,32,22
0x80e99a,93.7616%,67,1007,1074,506,42,25,501
0x404477,97.192%,67,2319,2386,342,25,42,1977
0x50238a,81.8428%,67,302,369,2,33,34,300
0x54832f,99.5265%,67,14084,14151,14074,44,23,10
0x54248c,94.7203%,67,1202,1269,1110,25,42,92
0x9a7d36,83.6186%,67,342,409,307,25,42,35
0xb3729b,97.3859%,67,2496,2563,12,31,36,2484
0x809e5a,68.7204%,66,145,211,74,28,38,71
0x9e55b7,60.9467%,66,103,169,51,37,29,52
0x4c4357,52.8571%,66,74,140,47,37,29,27
0x512a7d,94.0966%,66,1052,1118,107,39,27,945
0x8ff258,77.0833%,66,222,288,82,36,30,140
0x80fd88,99.6534%,66,18974,19040,17826,24,42,1148
0x53b1d7,97.3376%,66,2413,2479,2413,9,57,0
0xa34045,78%,66,234,300,77,34,32,157
0x8d0b93,99.5336%,66,14084,14150,10347,32,34,3737
0xa31eb1,75.3731%,66,202,268,154,40,26,48
0x404fa7,99.641%,66,18320,18386,18320,24,42,0
0x8191b4,91.4948%,66,710,776,263,17,49,447
0x976dc7,95.5102%,66,1404,1470,5,33,33,1399
0x540350,97.5815%,66,2663,2729,2655,42,24,8
0xa3080b,81.5642%,66,292,358,125,25,41,167
0x5076c6,97.5094%,66,2584,2650,2584,16,50,0
0x6041ee,52.8571%,66,74,140,32,47,19,42
0x8f138d,89.1626%,66,543,609,121,37,29,422
0x814542,98.6702%,66,4897,4963,1715,44,22,3182
0xa04f97,55.7047%,66,83,149,15,42,24,68
0x81e294,99.4208%,66,11329,11395,11166,14,52,163
0xa41a5e,97.7139%,66,2821,2887,853,38,28,1968
0x543cef,64.7059%,66,121,187,39,36,30,82
0x5971f7,74.8092%,66,196,262,8,43,23,188
0x90c241,96.2457%,66,1692,1758,1506,30,36,186
0x66785c,97.3975%,66,2470,2536,2018,33,33,452
0x8e3f98,90.8587%,66,656,722,206,44,22,450
0x541ba9,92.0863%,66,768,834,64,28,38,704
0xa01e11,72.2689%,66,172,238,162,35,31,10
0xa5607b,75%,66,198,264,148,24,42,50
0x9ed2ff,88.8514%,66,526,592,107,31,35,419
0x48951a,91.2351%,66,687,753,239,31,35,448
0x8e2e5f,96.0691%,66,1613,1679,1416,42,24,197
0x4b7835,85.1685%,66,379,445,8,34,32,371
0xb3ab1c,97.6579%,66,2752,2818,2432,40,26,320
0x5bae82,67%,66,134,200,22,39,27,112
0xa35f22,84.2857%,66,354,420,59,30,36,295
0x81bb9f,79.1798%,66,251,317,73,31,35,178
0x9f0d8b,65.2632%,66,124,190,54,41,25,70
0x911127,87.1094%,66,446,512,407,29,37,39
0x503e58,78.7781%,66,245,311,237,20,46,8
0x7ce465,61.4035%,66,105,171,12,41,25,93
0xa5285e,84.058%,66,348,414,135,40,26,213
0x50d39e,94.6502%,65,1150,1215,694,22,43,456
0x51b09b,78.5479%,65,238,303,3,49,16,235
0x4c1bb0,87.3541%,65,449,514,276,38,27,173
0x4ace74,73.029%,65,176,241,14,46,19,162
0x80546e,94.7411%,65,1171,1236,1120,27,38,51
0x81caaf,64.2857%,65,117,182,100,22,43,17
0x48d7a5,98.5455%,65,4404,4469,2722,35,30,1682
0x53ba4c,90.9847%,65,656,721,79,47,18,577
0xa4ba37,74.8062%,65,193,258,164,30,35,29
0x8bcd07,97.2973%,65,2340,2405,22,38,27,2318
0x8ef40d,89.3268%,65,544,609,120,38,27,424
0x81e856,99.3862%,65,10525,10590,5376,37,28,5149
0x591bfc,60.3659%,65,99,164,90,23,42,9
0x4106d3,82.4324%,65,305,370,135,24,41,170
0x5f796c,81.5341%,65,287,352,16,41,24,271
0x9a455a,95.8172%,65,1489,1554,497,38,27,992
0x40ecaf,94.7581%,65,1175,1240,936,28,37,239
0x9e6bd5,95.9451%,65,1538,1603,1527,23,42,11
0xaaae8e,74.4094%,65,189,254,75,41,24,114
0x8f2fa2,99.1076%,65,7219,7284,6950,15,50,269
0x4bba39,79.4304%,65,251,316,183,21,44,68
0x40ff98,98.1423%,65,3434,3499,157,27,38,3277
0x8efa24,89.3268%,65,544,609,381,36,29,163
0x8c7e1f,91.6773%,65,716,781,312,46,19,404
0xa8a712,62.8571%,65,110,175,75,33,32,35
0x807fca,57.7922%,65,89,154,42,37,28,47
0xa330e3,77.1127%,65,219,284,76,46,19,143
0x5469c8,96.3401%,65,1711,1776,1708,60,5,3
0x5fe847,89.0756%,65,530,595,160,36,29,370
0x51b06f,82.0937%,65,298,363,17,40,25,281
0xa31685,84.0295%,65,342,407,327,42,23,15
0x8bcab8,96.9626%,65,2075,2140,1899,40,25,176
0x4bb200,76.8683%,65,216,281,157,35,30,59
0x8daac8,93.2362%,65,896,961,894,23,42,2
0x404785,89.4137%,65,549,614,169,48,17,380
0x40ec43,93.0108%,65,865,930,420,33,32,445
0x8bc941,99.4796%,65,12425,12490,12393,45,20,32
0x81cf7d,73.1405%,65,177,242,11,49,16,166
0x9dffee,93.9479%,65,1009,1074,310,31,34,699
0x59148a,87.5717%,65,458,523,441,56,9,17
0x541a70,93.75%,65,975,1040,29,28,37,946
0x507591,95.9375%,65,1535,1600,1532,18,47,3
0x5b02ae,87.2549%,65,445,510,333,21,44,112
0x607000,84.0686%,65,343,408,97,18,47,246
0x8bd41f,99.7318%,65,24170,24235,133,52,13,24037
0x77ffae,97.2007%,65,2257,2322,1750,35,30,507
0x40e398,85.2941%,65,377,442,355,33,32,22
0x9e082a,93.2362%,65,896,961,648,25,40,248
0x8df13c,98.0516%,65,3271,3336,3271,58,7,0
0x8bc806,99.7057%,65,22020,22085,22010,41,24,10
0x8e5291,98.0283%,64,3182,3246,1676,47,17,1506
0x9f9371,81.4493%,64,281,345,62,18,46,219
0x53e4d7,99.3426%,64,9671,9735,1,10,54,9670
0x80887d,80.4281%,64,263,327,59,37,27,204
0x8e4487,96.6771%,64,1862,1926,592,23,41,1270
0x4bc68b,68.6275%,64,140,204,125,35,29,15
0x4fd923,96.5027%,64,1766,1830,1766,14,50,0
0x51b845,95.5276%,64,1367,1431,452,19,45,915
0xa94342,53.2847%,64,73,137,58,20,44,15
0x501654,95.3421%,64,1310,1374,338,29,35,972
0x5ffca1,94.9367%,64,1200,1264,1143,29,35,57
0x47f253,94.3363%,64,1066,1130,4,54,10,1062
0xa4957f,87.3518%,64,442,506,67,35,29,375
0x64b5ed,99.6195%,64,16758,16822,740,44,20,16018
0x8da39a,93.8931%,64,984,1048,65,41,23,919
0xa5f91c,86.8041%,64,421,485,8,24,40,413
0x8e489b,97.2162%,64,2235,2299,1116,35,29,1119
0x4043dd,97.3177%,64,2322,2386,332,13,51,1990
0x8a9669,99.8951%,64,60939,61003,59818,34,30,1121
0x8ebab4,93.8462%,64,976,1040,495,36,28,481
0x976dd6,95.6463%,64,1406,1470,1403,33,31,3
0x667044,82.1229%,64,294,358,289,46,18,5
0x40e50b,96.1654%,64,1605,1669,1604,49,15,1
0x40f532,99.8462%,64,41540,41604,44,50,14,41496
0xa91c2c,53.2847%,64,73,137,10,26,38,63
0xaa135c,62.5731%,64,107,171,39,25,39,68
0x489e30,98.9775%,64,6195,6259,6169,22,42,26
0x554871,94.4541%,64,1090,1154,203,44,20,887
0xb0b0fe,63.8418%,64,113,177,87,34,30,26
0x4b5087,65.5914%,64,122,186,104,24,40,18
0xb2dfdc,77.8547%,64,225,289,12,36,28,213
0x66f582,68.932%,64,142,206,43,30,34,99
0x5fdaba,92.9515%,64,844,908,779,23,41,65
0x5f7987,78.3051%,64,231,295,12,51,13,219
0x80e7cc,91.8575%,64,722,786,605,33,31,117
0x6616a0,94.9407%,64,1201,1265,885,22,42,316
0x807f67,88.4892%,64,492,556,479,15,49,13
0xa56f87,62.5%,63,105,168,22,38,25,83
0x8dce2a,88.3978%,63,480,543,197,31,32,283
0xa511d6,62.9412%,63,107,170,72,42,21,35
0x8ba390,99.4097%,63,10610,10673,10610,63,0,0
0x8f4bc3,97.485%,63,2442,2505,2299,30,33,143
0x53c4df,89.4118%,63,532,595,160,43,20,372
0x60de79,75.7692%,63,197,260,43,44,19,154
0x9f0e20,89.4295%,63,533,596,289,19,44,244
0x8da37b,98.6975%,63,4774,4837,995,24,39,3779
0x510c55,81.3609%,63,275,338,46,41,22,229
0x9eef0a,72.6087%,63,167,230,130,11,52,37
0x8f26cd,89.6552%,63,546,609,128,30,33,418
0x4b4fd4,83.5079%,63,319,382,82,29,34,237
0x512a22,88.9474%,63,507,570,386,34,29,121
0x9aba23,72.7273%,63,168,231,71,46,17,97
0x9f3306,72.7273%,63,168,231,27,44,19,141
0x510a0b,89.7727%,63,553,616,259,45,18,294
0x9e2a37,66.4894%,63,125,188,81,25,38,44
0x7ce8f7,95.0896%,63,1220,1283,71,15,48,1149
0x5119f6,90.367%,63,591,654,282,33,30,309
0x8f29c0,89.9841%,63,566,629,304,32,31,262
0x5f8ecd,76.0456%,63,200,263,50,34,29,150
0x6094e4,92.0954%,63,734,797,58,41,22,676
0x50d735,80.9091%,63,267,330,237,35,28,30
0xacfad0,72.6087%,63,167,230,61,34,29,106
0x8e2ad3,95.3778%,63,1300,1363,184,39,24,1116
0x4043a6,97.2537%,63,2231,2294,0,0,63,2231
0x54f0e8,49.1935%,63,61,124,31,50,13,30
0x9f3f17,80.5556%,63,261,324,103,15,48,158
0x59c98d,61.1111%,63,99,162,40,42,21,59
0xa45e40,46.6102%,63,55,118,40,30,33,15
0x5f05e4,86.3341%,63,398,461,63,27,36,335
0xa0306f,60.625%,63,97,160,76,21,42,21
0xb3ab2d,97.7644%,63,2755,2818,2695,34,29,60
0x5122cd,96.7725%,63,1889,1952,1796,28,35,93
0x4ba436,80.7927%,63,265,328,49,36,27,216
0x8119d6,92.5267%,63,780,843,624,22,41,156
0xa3115b,79.0698%,63,238,301,6,46,17,232
0x9778e0,87.247%,63,431,494,371,16,47,60
0x4a6f88,82.2535%,63,292,355,183,43,20,109
0x5430d2,93.262%,63,872,935,548,31,32,324
0x50f917,91.1268%,63,647,710,644,23,40,3
0x48a600,95.6582%,63,1388,1451,1388,18,45,0
0x40e1b9,89.9682%,63,565,628,517,37,26,48
0x8ffbf2,97.9526%,63,3014,3077,2832,31,32,182
0x55025b,85.4167%,63,369,432,364,21,42,5
0xaa28b5,94.1721%,63,1018,1081,401,22,41,617
0x8dfe06,90.4321%,62,586,648,258,28,34,328
0xa39cca,95.5714%,62,1338,1400,341,42,20,997
0x8a7730,83.8542%,62,322,384,55,27,35,267
0x902716,94.7009%,62,1108,1170,64,39,23,1044
0x5fe278,91.5761%,62,674,736,67,49,13,607
0x40ed4f,95%,62,1178,1240,51,36,26,1127
0x5f826c,92.0103%,62,714,776,202,29,33,512
0x8e2645,97.7356%,62,2676,2738,2595,19,43,81
0x8e2fa6,96.8639%,62,1915,1977,1645,21,41,270
0xa33a6e,88.9483%,62,499,561,384,25,37,115
0x8e2697,99.4467%,62,11143,11205,5891,39,23,5252
0x811c5a,86.8644%,62,410,472,10,45,17,400
0xa335d0,97.6866%,62,2618,2680,581,17,45,2037
0xa52d74,82.9201%,62,301,363,254,23,39,47
0x8e4809,97.3032%,62,2237,2299,637,31,31,1600
0x64b56e,99.7149%,62,21681,21743,19425,28,34,2256
0x8091fa,68.8442%,62,137,199,44,32,30,93
0xaa7fdf,88.2798%,62,467,529,296,29,33,171
0x8c7b2f,96.7792%,62,1863,1925,945,37,25,918
0x8a7434,79.6053%,62,242,304,3,44,18,239
0xa35e8d,90.2821%,62,576,638,223,17,45,353
0x5bac38,87.0833%,62,418,480,54,48,14,364
0x977c1c,96.2515%,62,1592,1654,1479,32,30,113
0x805eff,84.6535%,62,342,404,332,25,37,10
0x53d9dc,98.7303%,62,4821,4883,3204,37,25,1617
0x950143,97.1415%,62,2107,2169,33,18,44,2074
0x48a246,98.9955%,62,6110,6172,20,53,9,6090
0x815195,81.2121%,62,268,330,234,33,29,34
0x609cd5,89.8858%,62,551,613,240,20,42,311
0x595ded,91.9376%,62,707,769,526,33,29,181
0x643405,87.9142%,62,451,513,448,59,3,3
0x81682a,70.6161%,62,149,211,19,33,29,130
0x816073,68.0412%,62,132,194,35,27,35,97
0x48eaf6,91.8954%,62,703,765,314,28,34,389
0x54f878,96.9815%,62,1992,2054,1982,29,33,10
0x8d25d7,98.2481%,62,3477,3539,14,42,20,3463
0x512b4b,99.6385%,62,17089,17151,0,28,34,17089
0x780d9a,93.4942%,62,891,953,126,26,36,765
0x80fb95,63.0952%,62,106,168,59,39,23,47
0x494874,71.9457%,62,159,221,64,20,42,95
0x804fc1,81.2121%,62,268,330,234,33,29,34
0x8d487a,83.1978%,62,307,369,265,35,27,42
0xa238d7,63.9535%,62,110,172,17,45,17,93
0x542f27,97.253%,62,2195,2257,155,32,30,2040
0x4fd937,96.5169%,62,1718,1780,40,34,28,1678
0x81b344,93.731%,62,927,989,582,50,12,345
0x4b525a,83.7696%,62,320,382,276,35,27,44
0xa2fb8b,82.6816%,62,296,358,196,24,38,100
0xa45caf,69.6078%,62,142,204,48,28,34,94
0x8a6219,87.0833%,62,418,480,6,50,12,412
0x9a7a2e,78.8396%,62,231,293,178,20,42,53
0x40e3bb,86.1678%,61,380,441,19,24,37,361
0x559184,93.1306%,61,827,888,311,21,40,516
0x508cbe,89.3728%,61,513,574,407,31,30,106
0x8c726f,71.2264%,61,151,212,56,37,24,95
0x81933d,92.1392%,61,715,776,710,32,29,5
0x48eac5,89.4097%,61,515,576,50,33,28,465
0x5f859c,96.7945%,61,1842,1903,1623,37,24,219
0x80a4da,90.1294%,61,557,618,19,38,23,538
0x40e838,80.7571%,61,256,317,91,25,36,165
0x8a9901,98.0195%,61,3019,3080,1570,40,21,1449
0xa8fb04,76.0784%,61,194,255,56,29,32,138
0x40d640,93.3696%,61,859,920,59,41,20,800
0xa2e849,82.5215%,61,288,349,94,15,46,194
0xb2e79a,78.2918%,61,220,281,11,42,19,209
0x8eee29,89.9836%,61,548,609,123,35,26,425
0x9014d5,98.3388%,61,3611,3672,1554,25,36,2057
0xa328a6,50.8065%,61,63,124,31,38,23,32
0xb3152f,67.3797%,61,126,187,76,29,32,50
0x94d9cc,88.9493%,61,491,552,385,26,35,106
0x81d518,66.4835%,61,121,182,104,18,43,17
0x41022b,99.3142%,61,8834,8895,1758,27,34,7076
0x99c59e,82.6211%,61,290,351,110,41,20,180
0xa2e834,86.9936%,61,408,469,82,38,23,326
0x8ee0df,86.1048%,61,378,439,217,34,27,161
0x506fd9,91.7568%,61,679,740,579,25,36,100
0x9a4673,93.7692%,61,918,979,270,21,40,648
0xa3cc2b,78.5211%,61,223,284,115,25,36,108
0x9441ef,93.5789%,61,889,950,59,31,30,830
0x80f46d,75.6%,61,189,250,40,34,27,149
0x410749,68.3938%,61,132,193,124,15,46,8
0x49dff6,68.8776%,61,135,196,112,51,10,23
0x974335,87.4486%,61,425,486,159,41,20,266
0x4a7979,90.7576%,61,599,660,598,25,36,1
0x8a9e65,93.8508%,61,931,992,616,31,30,315
0x8a6ffb,95.8104%,61,1395,1456,126,42,19,1269
0x5fb20c,78.3688%,61,221,282,93,22,39,128
0x40d539,98.3615%,61,3662,3723,3528,23,38,134
0xa027e3,98.6202%,61,4360,4421,0,27,34,4360
0x81f34d,95.5377%,61,1306,1367,19,41,20,1287
0x51047a,94.8696%,61,1128,1189,71,43,18,1057
0xa91010,88.0157%,61,448,509,66,27,34,382
0x4bc46c,93.8632%,61,933,994,916,38,23,17
0x8fdfd1,94.9959%,61,1158,1219,184,24,37,974
0x508a61,88.5553%,61,472,533,407,32,29,65
0xb0b00d,65.5367%,61,116,177,35,37,24,81
0x5970eb,86.7391%,61,399,460,4,44,17,395
0x4101e7,97.8479%,60,2728,2788,896,31,29,1832
0x81f3d5,96.4115%,60,1612,1672,1163,21,39,449
0xad7ef8,96.405%,60,1609,1669,114,29,31,1495
0xa35395,95.029%,60,1147,1207,892,30,30,255
0x8a64b0,76.378%,60,194,254,76,26,34,118
0xa56750,76.6537%,60,197,257,187,28,32,10
0x9e3f7a,80.198%,60,243,303,12,40,20,231
0x63ec0d,93.7565%,60,901,961,187,43,17,714
0xb2eb1e,99.2495%,60,7935,7995,270,44,16,7665
0x9eaa60,96.0291%,60,1451,1511,1449,8,52,2
0x9aa211,95.8391%,60,1382,1442,1381,24,36,1
0x4885a6,98.0922%,60,3085,3145,0,0,60,3085
0x53fe6d,97.56%,60,2399,2459,690,28,32,1709
0x543914,78.4946%,60,219,279,120,21,39,99
0xa50488,76.2846%,60,193,253,4,47,13,189
0xa41f7e,84.0426%,60,316,376,56,31,29,260
0xa3bad3,73.6842%,60,168,228,8,46,14,160
0x959069,92.0635%,60,696,756,45,19,41,651
0xb0b096,66.1017%,60,117,177,110,24,36,7
0x81c325,88.3721%,60,456,516,245,37,23,211
0x8ec3d7,91.2281%,60,624,684,122,44,16,502
0xa5c668,64.7059%,60,110,170,53,15,45,57
0x5427f0,95.5588%,60,1291,1351,727,45,15,564
0xa339fe,94.6856%,60,1069,1129,545,23,37,524
0x51b500,95.283%,60,1212,1272,1212,41,19,0
0x6432c2,95.896%,60,1402,1462,1402,26,34,0
0xa2e24a,78.7986%,60,223,283,20,44,16,203
0x78ab4b,93.5966%,60,877,937,760,44,16,117
0x8d421c,83.7398%,60,309,369,281,19,41,28
0x8e2b2b,97.547%,60,2386,2446,1278,28,32,1108
0x48e77f,98.6556%,60,4403,4463,4401,18,42,2
0x94d9c3,90.3069%,60,559,619,33,34,26,526
0x5fa071,94.769%,60,1087,1147,332,19,41,755
0xaa06d4,69.3878%,60,136,196,71,37,23,65
0x9ea3df,80.2632%,60,244,304,96,27,33,148
0x5116ba,95.9514%,60,1422,1482,351,20,40,1071
0x9a7660,89.0511%,60,488,548,487,12,48,1
0x5b9c88,67.5676%,60,125,185,122,20,40,3
0x54f9ba,97.3094%,60,2170,2230,2140,47,13,30
0xa23717,65.6977%,59,113,172,82,28,31,31
0x5f05ec,84.097%,59,312,371,211,33,26,101
0xa3b263,74.1228%,59,169,228,7,47,12,162
0xb0cee3,98.0418%,59,2954,3013,0,0,59,2954
0x9f09a5,70.5%,59,141,200,125,36,23,16
0x49157a,62.6582%,59,99,158,56,20,39,43
0x4b4a8e,84.0108%,59,310,369,268,32,27,42
0xa9da73,73.5426%,59,164,223,79,24,35,85
0xa25d4f,94.1757%,59,954,1013,899,36,23,55
0x8c7543,96.816%,59,1794,1853,1737,43,16,57
0x959078,91.474%,59,633,692,577,38,21,56
0x40d77c,94.8291%,59,1082,1141,295,26,33,787
0x8fe9c2,98.8885%,59,5249,5308,2,23,36,5247
0x8fe3e7,82.1752%,59,272,331,187,26,33,85
0x977629,96.4329%,59,1595,1654,258,20,39,1337
0x66d3f8,96.8915%,59,1839,1898,52,33,26,1787
0x4a7203,84.8718%,59,331,390,189,37,22,142
0x5bd6a8,96.9462%,59,1873,1932,1586,15,44,287
0x81f748,93.9673%,59,919,978,11,28,31,908
0x5020dd,60.1351%,59,89,148,54,24,35,35
0xa34841,94.397%,59,994,1053,494,32,27,500
0x807f55,89.3885%,59,497,556,7,45,14,490
0x555700,76.2097%,59,189,248,10,35,24,179
0x55926e,92.3177%,59,709,768,3,40,19,706
0xb2fdcf,88.7619%,59,466,525,466,59,0,0
0x811778,98.6542%,59,4325,4384,3734,32,27,591
0x5546f2,95.156%,59,1159,1218,1119,35,24,40
0x9e3ec3,86.4679%,59,377,436,56,40,19,321
0x406cd7,99.914%,59,68575,68634,68575,59,0,0
0x813687,82.1212%,59,271,330,241,28,31,30
0x8149d7,82.1212%,59,271,330,264,3,56,7
0xa4bd5d,76.6798%,59,194,253,194,19,40,0
0x8eec81,94.2774%,59,972,1031,349,29,30,623
0xae4156,83.0946%,59,290,349,211,16,43,79
0x4051c6,99.2815%,59,8153,8212,876,48,11,7277
0x803814,85.0254%,59,335,394,303,16,43,32
0x8d3c75,88.6973%,59,463,522,327,42,17,136
0x9f19eb,84.5953%,59,324,383,7,44,15,317
0x8116a7,90.6149%,58,560,618,32,26,32,528
0x502bd7,98.4205%,58,3614,3672,0,13,45,3614
0x8bd5d2,98.6038%,58,4096,4154,369,27,31,3727
0x9ed9c3,53.9683%,58,68,126,55,30,28,13
0x541bd9,93.0456%,58,776,834,761,19,39,15
0xa9b837,80.7947%,58,244,302,57,16,42,187
0x9ed38d,90.2027%,58,534,592,108,30,28,426
0x8aed9b,70.7071%,58,140,198,119,20,38,21
0x8c755c,96.987%,58,1867,1925,964,18,40,903
0x90a057,94.347%,58,968,1026,59,50,8,909
0x509cf6,96.3863%,58,1547,1605,458,33,25,1089
0xa2e1fc,85.8537%,58,352,410,260,23,35,92
0x81c93d,68.1319%,58,124,182,98,24,34,26
0x4994e4,77.6923%,58,202,260,148,52,6,54
0x8044ea,77.0751%,58,195,253,181,17,41,14
0x8ecfdb,71%,58,142,200,129,17,41,13
0x8f48d8,98.8036%,58,4790,4848,150,40,18,4640
0x810481,89.1386%,58,476,534,153,29,29,323
0x4c51b9,82.8909%,58,281,339,256,28,30,25
0x9a7eff,63.522%,58,101,159,27,32,26,74
0x8ef213,71%,58,142,200,88,25,33,54
0x8ebbbd,96.568%,58,1632,1690,442,23,35,1190
0xb1485e,98.6379%,58,4200,4258,3404,30,28,796
0x8da256,90.3494%,58,543,601,220,23,35,323
0x403f46,97.4573%,58,2223,2281,1608,28,30,615
0x8dd101,89.3186%,58,485,543,208,20,38,277
0x8e5ae1,90.9516%,58,583,641,156,34,24,427
0x55489b,96.68%,58,1689,1747,484,45,13,1205
0x552975,95.8865%,58,1352,1410,1241,27,31,111
0x5373fb,97.9945%,58,2834,2892,2832,56,2,2
0x4b4c2c,84.2818%,58,311,369,273,27,31,38
0x534b9e,68.984%,58,129,187,90,31,27,39
0x503838,71.8447%,58,148,206,45,28,30,103
0x5bbafc,83.7535%,58,299,357,271,17,41,28
0x4b5a55,96.3291%,58,1522,1580,46,36,22,1476
0xa9427f,64.1975%,58,104,162,89,35,23,15
0x8d3ca8,84.7769%,58,323,381,207,37,21,116
0x48da0c,84.6154%,58,319,377,316,15,43,3
0x4873f4,74.6725%,58,171,229,67,24,34,104
0x8fee70,90.8661%,58,577,635,196,35,23,381
0x5fb6fa,75.2137%,58,176,234,160,19,39,16
0x81c6e5,99.5713%,58,13472,13530,30,40,18,13442
0x8f4d29,98.854%,58,5003,5061,2572,25,33,2431
0x9e26e9,80.2721%,58,236,294,49,35,23,187
0x9777c5,93.4407%,57,812,869,805,7,50,7
0xa30a5b,87.1332%,57,386,443,120,29,28,266
0x6045cf,67.7966%,57,120,177,120,57,0,0
0x80f671,61.4865%,57,91,148,80,38,19,11
0x60de6d,88.4146%,57,435,492,66,21,36,369
0x8bc939,98.9602%,57,5425,5482,159,35,22,5266
0x4b68d5,63.2258%,57,98,155,93,13,44,5
0x49f971,95.612%,57,1242,1299,0,15,42,1242
0x5579a1,88.9535%,57,459,516,115,42,15,344
0x8b95c6,99.7211%,57,20383,20440,0,6,51,20383
0xa35dd2,87.2768%,57,391,448,385,33,24,6
0x8ed770,93.949%,57,885,942,866,32,25,19
0x7d1acf,93.8111%,57,864,921,180,34,23,684
0x9e506c,76.0504%,57,181,238,35,34,23,146
0x95296b,88.4146%,57,435,492,9,27,30,426
0x81e4b8,89.0595%,57,464,521,456,19,38,8
0x8c7dc9,91.9492%,57,651,708,466,34,23,185
0xb3015e,74.5536%,57,167,224,8,38,19,159
0x5078cc,92.8121%,57,736,793,149,37,20,587
0x5fb881,75.641%,57,177,234,147,32,25,30
0x543f84,95.8576%,57,1319,1376,1316,15,42,3
0x81cadf,68.6813%,57,125,182,93,29,28,32
0xa529de,86.2319%,57,357,414,132,43,14,225
0xaae4a0,99.644%,57,15952,16009,15952,57,0,0
0xa5f807,88.3197%,57,431,488,319,33,24,112
0xb3151a,74.6667%,57,168,225,1,37,20,167
0x48b14b,68.6813%,57,125,182,116,19,38,9
0x53df37,98.7508%,57,4506,4563,468,42,15,4038
0x8ee1fd,76.3485%,57,184,241,19,39,18,165
0xa35d50,91.311%,57,599,656,197,11,46,402
0x90e312,90.5473%,57,546,603,514,22,35,32
0x404d81,99.3972%,57,9399,9456,87,33,24,9312
0x54ffc4,87.8981%,57,414,471,407,47,10,7
0x952462,78.8889%,57,213,270,194,21,36,19
0x9a12e4,62.5%,57,95,152,27,28,29,68
0xa3338b,94.4981%,57,979,1036,212,32,25,767
0x4a78cf,94.3284%,57,948,1005,946,22,35,2
0x9ed423,78.1609%,57,204,261,91,20,37,113
0x4fdb22,91.5179%,57,615,672,363,26,31,252
0x9a7d66,80.5461%,57,236,293,107,31,26,129
0x5fbd31,52.5%,57,63,120,49,37,20,14
0x485ddc,87.5546%,57,401,458,130,17,40,271
0x533b0a,97.2583%,57,2022,2079,1436,29,28,586
0x627926,97.3769%,57,2116,2173,1116,31,26,1000
0x557c74,76.6393%,57,187,244,104,37,20,83
0x8224b6,92.4802%,57,701,758,201,24,33,500
0x8196bd,95.4436%,57,1194,1251,4,47,10,1190
0x819688,99.4577%,57,10453,10510,300,29,28,10153
0x508919,87.1622%,57,387,444,318,32,25,69
0xa33383,97.5389%,57,2259,2316,1256,24,33,1003
0x9ee317,76.4706%,56,182,238,136,39,17,46
0x8d30a9,84.9057%,56,315,371,88,36,20,227
0x5590c3,89.7436%,56,490,546,409,19,37,81
0x976e30,77.2358%,56,190,246,2,22,34,188
0x8c8267,97.5986%,56,2276,2332,2276,12,44,0
0x8184d4,61.6438%,56,90,146,62,24,32,28
0x8ef673,80.1418%,56,226,282,112,23,33,114
0x6042c4,68.3616%,56,121,177,2,10,46,119
0x40e383,91.5535%,56,607,663,186,35,21,421
0x540423,96.8468%,56,1720,1776,1714,30,26,6
0x8db893,77.7778%,56,196,252,163,23,33,33
0x95194b,76.3713%,56,181,237,52,28,28,129
0x50d971,89.9461%,56,501,557,121,40,16,380
0x8e1157,98.6638%,56,4135,4191,88,30,26,4047
0x541b8f,90.4437%,56,530,586,113,28,28,417
0x5b9d70,53.719%,56,65,121,47,26,30,18
0x5419de,94.7858%,56,1018,1074,994,29,27,24
0xa968b2,75.2212%,56,170,226,16,42,14,154
0x559022,85.6041%,56,333,389,5,39,17,328
0x80dea6,83.2335%,56,278,334,81,33,23,197
0x7d2bef,93.7984%,56,847,903,160,47,9,687
0x512e5f,98.3692%,56,3378,3434,642,23,33,2736
0xa3045b,79.2593%,56,214,270,119,25,31,95
0x552a73,96.0284%,56,1354,1410,104,22,34,1250
0x8e2b01,97.7105%,56,2390,2446,37,27,29,2353
0x59bb9c,97.4026%,56,2100,2156,2100,56,0,0
0x8e9fff,97.7365%,56,2418,2474,2047,28,28,371
0xa921e4,79.1045%,56,212,268,199,19,37,13
0x9f97db,60.5634%,56,86,142,18,39,17,68
0x488924,97.8601%,56,2561,2617,1,25,31,2560
0x8bd3c2,98.4431%,56,3541,3597,708,42,14,2833
0x609563,84.136%,56,297,353,68,33,23,229
0x9a474d,91.8605%,56,632,688,548,37,19,84
0x403db0,99.0899%,56,6097,6153,6085,52,4,12
0x534450,99.0181%,56,5647,5703,4,44,12,5643
0x552acf,96.0284%,56,1354,1410,1354,24,32,0
0x97433b,80.4196%,56,230,286,17,9,47,213
0x9018e1,89.3333%,56,469,525,73,41,15,396
0x5012c0,98.5887%,56,3912,3968,1880,38,18,2032
0x60b546,85.4922%,56,330,386,175,30,26,155
0x501a73,96.5874%,56,1585,1641,776,47,9,809
0x9ead69,69.0608%,56,125,181,43,29,27,82
0x80e82e,80.5556%,56,232,288,149,37,19,83
0x8fe211,99.0355%,56,5750,5806,2909,44,12,2841
0x51b4d7,84.8238%,56,313,369,275,25,31,38
0x555d97,95.2782%,56,1130,1186,1050,31,25,80
0xa2dfd9,82.3344%,56,261,317,222,9,47,39
0xb34635,75.1111%,56,169,225,55,27,29,114
0x8e34ba,98.6638%,56,4135,4191,2185,29,27,1950
0xa94905,87.5%,56,392,448,373,23,33,19
0xa43c3f,85.5297%,56,331,387,87,19,37,244
0x9082b5,97.4395%,55,2093,2148,1416,48,7,677
0x640267,98.8258%,55,4629,4684,2299,43,12,2330
0xa91d12,81.5436%,55,243,298,9,40,15,234
0x499023,83.0769%,55,270,325,195,22,33,75
0x49ec46,65.8385%,55,106,161,22,21,34,84
0x8f5155,99.589%,55,13327,13382,0,8,47,13327
0x9e275b,89.2788%,55,458,513,313,8,47,145
0x5521be,94.7768%,55,998,1053,998,55,0,0
0x8bca93,94.0476%,55,869,924,756,20,35,113
0x965ff4,76.8908%,55,183,238,180,39,16,3
0xa25c9b,94.5706%,55,958,1013,37,41,14,921
0x7ce366,97.1204%,55,1855,1910,313,39,16,1542
0x9f59f0,65.4088%,55,104,159,53,31,24,51
0x835d7a,65.8385%,55,106,161,36,17,38,70
0x8ead7f,94.9168%,55,1027,1082,7,34,21,1020
0xaaa044,79.3233%,55,211,266,199,40,15,12
0x5df28d,96.4562%,55,1497,1552,1479,10,45,18
0x49dfc4,76.6949%,55,181,236,14,26,29,167
0x9ee188,65.8385%,55,106,161,68,31,24,38
0x8f56b4,98.501%,55,3614,3669,3477,28,27,137
0x54eafd,56.6929%,55,72,127,33,25,30,39
0x48ebcb,67.4556%,55,114,169,45,34,21,69
0xa45909,92.0174%,55,634,689,286,13,42,348
0x8f148d,94.1239%,55,881,936,448,37,18,433
0x591192,77.7328%,55,192,247,154,39,16,38
0x5908ab,97.443%,55,2096,2151,2047,14,41,49
0x49a6a1,92.801%,55,709,764,241,24,31,468
0x5fc4c4,54.1667%,55,65,120,53,33,22,12
0x494924,73.6842%,55,154,209,64,22,33,90
0x9eb70b,77.0833%,55,185,240,39,33,22,146
0x40ec07,93.6269%,55,808,863,571,32,23,237
0x5343a1,99.0481%,55,5723,5778,13,25,30,5710
0x8ed995,90.9688%,55,554,609,117,41,14,437
0x64ada6,99.7383%,55,20959,21014,18341,14,41,2618
0x8d3e8e,89.4636%,55,467,522,251,25,30,216
0x9aa674,71.2042%,55,136,191,100,27,28,36
0x8bc8b7,99.6773%,55,16989,17044,16671,39,16,318
0x9f43d7,78%,55,195,250,142,17,38,53
0x5522b7,97.3%,55,1982,2037,18,31,24,1964
0xa2df7f,86.5854%,55,355,410,355,17,38,0
0x8dfd02,94.6705%,55,977,1032,318,20,35,659
0x9ea4db,67.2619%,55,113,168,41,19,36,72
0x9abdcb,84.5506%,55,301,356,63,23,32,238
0xb2df13,97.9772%,55,2664,2719,0,0,55,2664
0x50400b,93.0643%,55,738,793,728,15,40,10
0x4bbb2e,73.0392%,55,149,204,69,32,23,80
0x9a91a9,79.0076%,55,207,262,205,42,13,2
0x9a1da2,76.7932%,55,182,237,92,19,36,90
0x4bc5a7,73.0392%,55,149,204,69,39,16,80
0xb2ff99,97.9993%,55,2694,2749,119,21,34,2575
0x49f991,74.2857%,54,156,210,8,37,17,148
0x5baf2e,81.5068%,54,238,292,70,32,22,168
0x590e29,83.8806%,54,281,335,138,28,26,143
0x810460,90.2527%,54,500,554,439,33,21,61
0x487244,76.4192%,54,175,229,53,38,16,122
0x8a9449,98.2468%,54,3026,3080,56,26,28,2970
0xa2f4c4,79.3103%,54,207,261,98,13,41,109
0x406d7d,99.8142%,54,29011,29065,29011,54,0,0
0x901633,93.7716%,54,813,867,764,31,23,49
0x48eb41,78.1377%,54,193,247,64,34,20,129
0xa3ba0b,80.9859%,54,230,284,101,39,15,129
0xa18022,86.4662%,54,345,399,21,39,15,324
0x8edbb1,91.015%,54,547,601,111,41,13,436
0xa59522,71.123%,54,133,187,22,14,40,111
0x805ed6,91.1475%,54,556,610,379,25,29,177
0x5f86a4,67.6647%,54,113,167,69,22,32,44
0x90b2b7,78.4%,54,196,250,87,32,22,109
0x90147c,98.555%,54,3683,3737,3650,22,32,33
0x80c115,91.5228%,54,583,637,58,35,19,525
0x490374,64.7059%,54,99,153,46,28,26,53
0x541cd9,95.9153%,54,1268,1322,166,9,45,1102
0x9ed24a,79.1506%,54,205,259,2,44,10,203
0x5fd61b,94.9248%,54,1010,1064,974,14,40,36
0x81c2b4,60.5839%,54,83,137,53,27,27,30
0x403b48,96.8948%,54,1685,1739,1122,22,32,563
0x8feefc,82.9653%,54,263,317,171,23,31,92
0x40a235,63.7584%,54,95,149,33,25,29,62
0x819b34,63.0137%,54,92,146,47,39,15,45
0x65a3a7,97.1919%,54,1869,1923,1079,25,29,790
0x8e37c3,93.0591%,54,724,778,554,21,33,170
0x8ef909,91.133%,54,555,609,121,37,17,434
0x9e049d,52.6316%,54,60,114,22,34,20,38
0x50bf2d,86.6005%,54,349,403,266,27,27,83
0x403d8a,95.581%,54,1168,1222,120,22,32,1048
0x53c4a2,89.5954%,54,465,519,362,27,27,103
0x541cbf,96.1263%,54,1340,1394,52,20,34,1288
0x55796a,89.5349%,54,462,516,178,42,12,284
0x9faff9,86.1893%,54,337,391,39,39,15,298
0x545c11,86.8613%,54,357,411,190,20,34,167
0x50d6cb,90.7376%,54,529,583,46,38,16,483
0x8ee2be,70.4918%,54,129,183,20,33,21,109
0x4bf0ab,94.1935%,54,876,930,650,44,10,226
0xa55420,65.3846%,54,102,156,62,43,11,40
0x833933,75.3425%,54,165,219,70,16,38,95
0x49eda9,96.2784%,54,1397,1451,1397,31,23,0
0xaa4881,63.7584%,54,95,149,60,26,28,35
0x5fe2d3,94.9057%,54,1006,1060,8,28,26,998
0xa523f2,59.7015%,54,80,134,54,38,16,26
0xb0ad23,90.2703%,54,501,555,1,34,20,500
0x81c1f2,75.4545%,54,166,220,15,38,16,151
0x49f660,59.7015%,54,80,134,56,28,26,24
0xaaafc8,73.1343%,54,147,201,94,21,33,53
0xb31412,90.146%,54,494,548,322,26,28,172
0x8077e5,97.953%,54,2584,2638,111,35,19,2473
0x40e212,87.7551%,54,387,441,375,19,35,12
0xa54fa0,93.1472%,54,734,788,731,19,35,3
0x60dc1d,80.292%,54,220,274,194,20,34,26
0xa52a19,87.1981%,53,361,414,289,30,23,72
0x4b6d49,64.1892%,53,95,148,17,30,23,78
0x978070,83.0128%,53,259,312,127,12,41,132
0x4c1b14,91.1074%,53,543,596,499,38,15,44
0x8a3402,89.2276%,53,439,492,433,27,26,6
0x8bcee4,95.2889%,53,1072,1125,957,20,33,115
0x80c0c5,96.3921%,53,1416,1469,23,35,18,1393
0x9745e6,80.1498%,53,214,267,93,22,31,121
0xa94a58,76.3393%,53,171,224,7,9,44,164
0x8dc250,97.6946%,53,2246,2299,1501,20,33,745
0x952eef,60.4478%,53,81,134,66,26,27,15
0xa3978e,97.6094%,53,2164,2217,0,0,53,2164
0xb314f1,87.4109%,53,368,421,0,0,53,368
0x81c000,95.1287%,53,1035,1088,1035,21,32,0
0x9ec0cc,80.1498%,53,214,267,213,27,26,1
0x54fa71,78.0992%,53,189,242,189,53,0,0
0x40f643,99.4175%,53,9046,9099,2999,34,19,6047
0x63870e,98.667%,53,3923,3976,2986,29,24,937
0xa35f7e,90.9091%,53,530,583,434,43,10,96
0x9091b3,97.1459%,53,1804,1857,702,29,24,1102
0x805177,83.9394%,53,277,330,34,29,24,243
0x404355,98.0327%,53,2641,2694,2641,53,0,0
0x507724,65.5844%,53,101,154,77,33,20,24
0x4043fc,97.7787%,53,2333,2386,198,31,22,2135
0x590689,96.906%,53,1660,1713,465,38,15,1195
0x8f576d,99.0558%,53,5560,5613,655,26,27,4905
0x53e479,99.217%,53,6716,6769,6712,44,9,4
0xa4578b,86.6834%,53,345,398,65,44,9,280
0x402228,97.0308%,53,1732,1785,35,40,13,1697
0x81a2ad,93.5913%,53,774,827,294,35,18,480
0x817cbb,84.3658%,53,286,339,39,30,23,247
0x8ffb06,85.0282%,53,301,354,60,14,39,241
0x98cc66,92.5035%,53,654,707,578,27,26,76
0x8209b7,98.9932%,53,5211,5264,5211,42,11,0
0x8e461a,96.7505%,53,1578,1631,96,14,39,1482
0xa91020,87.2596%,53,363,416,157,45,8,206
0x504904,92.8378%,53,687,740,545,31,22,142
0x4b5664,72.2513%,53,138,191,52,37,16,86
0x80a443,93.7129%,53,790,843,206,28,25,584
0x40f56a,99.6351%,53,14473,14526,63,31,22,14410
0x8f297b,94.6029%,53,929,982,899,29,24,30
0x806001,89.1616%,53,436,489,13,28,25,423
0x60e10f,65.8065%,53,102,155,52,24,29,50
0x9f64d7,70.3911%,53,126,179,32,29,24,94
0x4022ad,96.6646%,53,1536,1589,24,19,34,1512
0x5f0c54,84.0841%,53,280,333,182,33,20,98
0xa57071,58.5938%,53,75,128,12,16,37,63
0x8193fa,93.4568%,53,757,810,0,34,19,757
0x8b9a37,99.6303%,53,14283,14336,15,24,29,14268
0x8e4128,97.6946%,53,2246,2299,1899,27,26,347
0x64aef9,99.7923%,53,25466,25519,2642,17,36,22824
0x504a83,92.7694%,53,680,733,49,37,16,631
0x590dcb,84.1317%,53,281,334,158,29,24,123
0x5064fa,92.8378%,53,687,740,545,31,22,142
0x5469bb,97.2737%,53,1891,1944,139,29,24,1752
0x409ab4,82.9032%,53,257,310,120,37,16,137
0x8f2954,97.2737%,53,1891,1944,948,34,19,943
0x5fa9d7,92.9708%,53,701,754,39,42,11,662
0x90a7ef,65.3595%,53,100,153,72,24,29,28
0x590649,98.1065%,53,2746,2799,337,28,25,2409
0x5411be,97.4433%,53,2020,2073,2010,40,13,10
0x805ece,88.9813%,53,428,481,363,21,32,65
0x91169d,73.6318%,53,148,201,50,27,26,98
0x8f2a67,94.6029%,53,929,982,916,26,27,13
0x8d41d0,62.6761%,53,89,142,49,39,14,40
0xa50a5b,85.4749%,52,306,358,301,21,31,5
0x534a88,72.1925%,52,135,187,28,22,30,107
0x53c642,94.7315%,52,935,987,229,17,35,706
0x48863c,90.9565%,52,523,575,12,15,37,511
0x4044b4,97.4245%,52,1967,2019,676,23,29,1291
0x403e17,99.1549%,52,6101,6153,6090,51,1,11
0x8dea11,74%,52,148,200,48,22,30,100
0x8f6080,90.1141%,52,474,526,305,27,25,169
0xa5c557,71.8919%,52,133,185,32,42,10,101
0x541cb0,96.3611%,52,1377,1429,34,1,51,1343
0xb38ea7,99.0617%,52,5490,5542,2756,15,37,2734
0xa34032,82.6667%,52,248,300,146,24,28,102
0x9a73b0,87.4396%,52,362,414,362,34,18,0
0x677c9b,82.3129%,52,242,294,119,49,3,123
0x507e07,92.6136%,52,652,704,652,30,22,0
0x5fbe04,72.1925%,52,135,187,52,23,29,83
0x677b56,88.046%,52,383,435,41,37,15,342
0x9a6f88,70.2857%,52,123,175,119,31,21,4
0x80ed56,95.1583%,52,1022,1074,524,24,28,498
0x974603,65.7895%,52,100,152,40,30,22,60
0x910d98,98.6708%,52,3860,3912,3209,38,14,651
0xa33575,98.2204%,52,2870,2922,214,28,24,2656
0xa50e9e,85.4749%,52,306,358,304,18,34,2
0x8ee2da,60%,52,78,130,66,19,33,12
0x81cedd,71.4286%,52,130,182,92,30,22,38
0x81eed2,96.2937%,52,1351,1403,1351,8,44,0
0x8dd2b0,92.7978%,52,670,722,81,18,34,589
0xa97596,65.1007%,52,97,149,84,30,22,13
0x8a9e6a,84.9275%,52,293,345,122,31,21,171
0x80f53f,98.1534%,52,2764,2816,2609,31,21,155
0x537b0c,97.4535%,52,1990,2042,1281,30,22,709
0x4c2020,83.4395%,52,262,314,115,40,12,147
0xa56159,71.7391%,52,132,184,27,31,21,105
0x8c7bb0,70.4545%,52,124,176,95,27,25,29
0x610b7b,84.8397%,52,291,343,32,32,20,259
0x8fe4b1,99.492%,52,10184,10236,10184,35,17,0
0xa45f00,56.6667%,52,68,120,30,30,22,38
0x539390,87.2861%,52,357,409,356,27,25,1
0x81eb14,90.5455%,52,498,550,191,24,28,307
0x9e24ad,91.3621%,52,550,602,40,36,16,510
0x48e4dc,99.2553%,52,6931,6983,6809,24,28,122
0xa60b57,70.4545%,52,124,176,39,21,31,85
0x40451c,93.5644%,52,756,808,46,33,19,710
0x98cc21,92.645%,52,655,707,655,34,18,0
0xa9b480,86.1702%,52,324,376,240,16,36,84
0x901437,99.0114%,52,5208,5260,0,0,52,5208
0xa9ecd7,85.1003%,52,297,349,83,40,12,214
0x4b4b69,85.9838%,52,319,371,79,32,20,240
0xa301bf,82.7243%,52,249,301,90,16,36,159
0x611713,90.0574%,52,471,523,0,10,42,471
0xa039d9,73.3333%,52,143,195,56,20,32,87
0xa23c61,69.7674%,52,120,172,83,27,25,37
0x80bf7b,71.8919%,52,133,185,116,21,31,17
0x81e924,98.0847%,52,2663,2715,2615,24,28,48
0x8a9710,96.4626%,52,1418,1470,1354,24,28,64
0x4a75da,66.6667%,52,104,156,64,20,32,40
0x50166f,94.8361%,52,955,1007,886,15,37,69
0x4a1c70,96.6256%,52,1489,1541,0,25,27,1489
0x8e0bd2,98.7233%,52,4021,4073,2184,30,22,1837
0x511913,94.0842%,52,827,879,654,13,39,173
0x4baa6b,82.3129%,52,242,294,54,20,32,188
0x8d2727,86.802%,52,342,394,94,36,16,248
0x81b18b,77.9661%,52,184,236,175,27,25,9
0x53feb1,98.9516%,52,4908,4960,4908,48,4,0
0x9f9835,69.2308%,52,117,169,43,15,37,74
0x59c529,80.6691%,52,217,269,152,28,24,65
0x9c4030,88.8412%,52,414,466,414,52,0,0
0xa57997,69.0476%,52,116,168,82,21,31,34
0x501930,94.7739%,52,943,995,256,39,13,687
0x8a2743,81.4947%,52,229,281,7,19,33,222
0x48b19f,62.5899%,52,87,139,9,31,21,78
0x8ec2e2,95.3594%,51,1048,1099,1036,18,33,12
0x8e442f,97.7816%,51,2248,2299,1911,15,36,337
0xa55e87,68.5185%,51,111,162,100,10,41,11
0x8bcb12,77.9221%,51,180,231,124,16,35,56
0xa5f762,94%,51,799,850,56,23,28,743
0x8f1847,74.3719%,51,148,199,26,34,17,122
0x610b9d,81.7204%,51,228,279,97,24,27,131
0x4043bf,97.5012%,51,1990,2041,0,0,51,1990
0x9e73ef,87.0229%,51,342,393,147,29,22,195
0x5591ae,94.3584%,51,853,904,652,17,34,201
0x9a608f,51.8868%,51,55,106,12,18,33,43
0x8ef4c3,83.1126%,51,251,302,113,31,20,138
0x8a2aac,81.8505%,51,230,281,225,42,9,5
0x8a274f,80%,51,204,255,204,51,0,0
0x510c4a,88.2759%,51,384,435,75,22,29,309
0xa36a9e,91.598%,51,556,607,263,38,13,293
0xa90441,87.561%,51,359,410,284,12,39,75
0x502e88,99.3519%,51,7818,7869,9,34,17,7809
0xa336a1,97.5504%,51,2031,2082,831,33,18,1200
0x8f1854,63.3094%,51,88,139,27,25,26,61
0x8fdde9,96.5909%,51,1445,1496,184,27,24,1261
0xb31c0c,99.7641%,51,21564,21615,0,0,51,21564
0x48a7ff,98.4726%,51,3288,3339,3279,20,31,9
0x908544,99.3552%,51,7859,7910,371,28,23,7488
0x48eb01,87.9433%,51,372,423,203,24,27,169
0x8ed8fe,91.6256%,51,558,609,398,22,29,160
0xa60aa5,86.4362%,51,325,376,279,25,26,46
0x80f8a4,95.6926%,51,1133,1184,1104,6,45,29
0x60dda9,92.6934%,51,647,698,122,50,1,525
0x50a0b1,75.9434%,51,161,212,112,24,27,49
0x9019f6,84.9112%,51,287,338,228,24,27,59
0xa308e3,95.0962%,51,989,1040,277,27,24,712
0xa2a8e7,78.75%,51,189,240,32,34,17,157
0x48c132,64.5833%,51,93,144,18,28,23,75
0xa4ff15,85.7542%,51,307,358,302,20,31,5
0x40e2c8,88.7665%,51,403,454,204,29,22,199
0x5fd6d0,76.9231%,51,170,221,155,26,25,15
0x8e32ee,98.7831%,51,4140,4191,2187,27,24,1953
0x8e40bd,92.9363%,51,671,722,67,32,19,604
0xb0ba26,99.0742%,51,5458,5509,1389,37,14,4069
0x40437b,98.1069%,51,2643,2694,2354,32,19,289
0x90094d,91.1612%,51,526,577,223,35,16,303
0x8e37ae,96.957%,51,1625,1676,871,27,24,754
0x5f5284,99.4607%,51,9405,9456,5593,25,26,3812
0x5fe63f,88.7168%,51,401,452,321,26,25,80
0xa8fc36,77.2321%,51,173,224,33,21,30,140
0x402215,98.5%,51,3349,3400,1586,29,22,1763
0x54103b,99.6398%,51,14108,14159,14098,32,19,10
0xa437fa,87.9717%,51,373,424,20,40,11,353
0x90c9a7,97.7017%,51,2168,2219,2082,32,19,86
0xa90cd7,62.7737%,51,86,137,24,39,12,62
0x48bbd6,64.3357%,51,92,143,24,34,17,68
0x51012c,97.0588%,51,1683,1734,1285,23,28,398
0x534604,98.8205%,51,4273,4324,0,9,42,4273
0xa54e4f,67.3077%,51,105,156,65,30,21,40
0x4b4a33,95.1103%,51,992,1043,855,23,28,137
0x489525,93.2271%,51,702,753,350,29,22,352
0x508cd9,62.5%,51,85,136,34,44,7,51
0x543d0a,68.125%,51,109,160,81,17,34,28
0xa51668,69.1358%,50,112,162,98,22,28,14
0x54f5d2,93.565%,50,727,777,1,34,16,726
0x4ba425,87.3737%,50,346,396,44,24,26,302
0x485fae,91.6667%,50,550,600,550,42,8,0
0x821c25,82.5784%,50,237,287,63,9,41,174
0x900193,99.3817%,50,8037,8087,222,28,22,7815
0xa02986,80.2372%,50,203,253,12,12,38,191
0x9abdf3,85.9155%,50,305,355,161,17,33,144
0x811bd7,93.498%,50,719,769,262,9,41,457
0x493051,78.903%,50,187,237,46,24,26,141
0x99d9b5,82.0789%,50,229,279,222,20,30,7
0x8e20b8,98.522%,50,3333,3383,3168,24,26,165
0x638715,94.7971%,50,911,961,909,23,27,2
0x40228c,98.5294%,50,3350,3400,1748,37,13,1602
0xa49f8d,94.0476%,50,790,840,156,46,4,634
0x558033,95.6179%,50,1091,1141,291,44,6,800
0xa52180,78.355%,50,181,231,139,14,36,42
0x5ea979,89.2473%,50,415,465,202,31,19,213
0x405acf,88.2904%,50,377,427,286,37,13,91
0x9118e4,95.1691%,50,985,1035,342,28,22,643
0x485e49,88.7133%,50,393,443,342,19,31,51
0x8e376f,97.4709%,50,1927,1977,271,30,20,1656
0xa2d24e,93.1319%,50,678,728,676,19,31,2
0x8e87b0,95.3959%,50,1036,1086,1036,16,34,0
0xa9ea20,77.8761%,50,176,226,25,33,17,151
0xa0257c,96.1977%,50,1265,1315,0,19,31,1265
0x9f0c70,73.6842%,50,140,190,45,35,15,95
0x511da9,96.6262%,50,1432,1482,1272,19,31,160
0x9a96d1,79.8387%,50,198,248,192,37,13,6
0x642e1d,71.4286%,50,125,175,104,36,14,21
0xa5863d,76.1905%,50,160,210,117,41,9,43
0x9a9ade,76.3033%,50,161,211,55,35,15,106
0x8dacd0,74.8744%,50,149,199,118,37,13,31
0x485d3f,83.6601%,50,256,306,75,29,21,181
0xa328ee,62.6866%,50,84,134,30,32,18,54
0x50bf9d,54.5455%,50,60,110,10,34,16,50
0xa948ca,88.8393%,50,398,448,75,33,17,323
0x8d419e,79.7571%,50,197,247,197,20,30,0
0xa36828,88.6621%,50,391,441,24,29,21,367
0x911a9a,97.2929%,50,1797,1847,567,32,18,1230
0x511599,98.4177%,50,3110,3160,695,14,36,2415
0x8076ea,82.9352%,50,243,293,49,38,12,194
0xa565b3,90.4215%,50,472,522,235,26,24,237
0x59c120,76.6355%,50,164,214,100,20,30,64
0x81f3c8,95.7841%,50,1136,1186,779,21,29,357
0x9a7ea0,72.8261%,50,134,184,124,35,15,10
0xa35f69,82.2064%,50,231,281,34,26,24,197
0x9e000f,95.3445%,50,1024,1074,0,0,50,1024
0xa980e4,66.443%,50,99,149,29,38,12,70
0x77ff68,97.8513%,50,2277,2327,682,29,21,1595
0x537c16,93.2157%,50,687,737,687,44,6,0
0x9f5d65,72.3757%,50,131,181,18,30,20,113
0x5013ae,98.5836%,50,3480,3530,3480,50,0,0
0xa57223,73.6842%,50,140,190,3,34,16,137
0x5547f0,95.6672%,50,1104,1154,1029,25,25,75
0x5343f7,99.4411%,50,8896,8946,10,31,19,8886
0x54747f,67.1053%,50,102,152,63,28,22,39
0x944c50,93.0844%,50,673,723,523,21,29,150
0x944cfb,93.0844%,50,673,723,630,35,15,43
0x40e2c3,92.9677%,50,661,711,242,15,35,419
0x5fe33e,86.7021%,50,326,376,133,23,27,193
0xb18269,95.0249%,50,955,1005,784,19,31,171
0x7cf2fd,97.3656%,50,1848,1898,1002,23,27,846
0xa935e8,70.4142%,50,119,169,69,19,31,50
0xaadcb7,84.6154%,50,275,325,264,7,43,11
0x4b9e32,86.631%,50,324,374,127,28,22,197
0x609f01,99.3806%,50,8022,8072,8009,41,9,13
0xaa4739,79.5918%,50,195,245,37,26,24,158
0x8fdf8b,98.1433%,50,2643,2693,9,27,23,2634
0xa5c597,54.1284%,50,59,109,25,16,34,34
0x9c4236,84.9398%,50,282,332,115,24,26,167
0x8bcf30,84.9398%,50,282,332,0,0,50,282
0x55909d,86.8074%,50,329,379,198,37,13,131
0x5971c6,91.9485%,50,571,621,18,36,14,553
0x9f62e0,94.8958%,49,911,960,412,14,35,499
0x533d18,76.555%,49,160,209,150,30,19,10
0x90a17b,95.2242%,49,977,1026,0,0,49,977
0xa33a2f,91.2656%,49,512,561,483,25,24,29
0x9a6fab,70.4819%,49,117,166,87,19,30,30
0xa97530,65.7343%,49,94,143,33,32,17,61
0x80f59c,91.1552%,49,505,554,108,36,13,397
0x509d1e,94.9898%,49,929,978,514,37,12,415
0x4b5167,61.7188%,49,79,128,78,43,6,1
0x835e7f,97.318%,49,1778,1827,1778,11,38,0
0x8dd093,93.2133%,49,673,722,588,33,16,85
0xa41a48,98.7332%,49,3819,3868,944,37,12,2875
0x643697,99.3696%,49,7724,7773,5,12,37,7719
0xa39a26,92.0968%,49,571,620,0,43,6,571
0x8e9223,96.5297%,49,1363,1412,459,30,19,904
0x8bd6c4,97.7283%,49,2108,2157,62,44,5,2046
0x787d04,94.4128%,49,828,877,48,12,37,780
0x50168b,98.5281%,49,3280,3329,958,23,26,2322
0xad7b34,93.7099%,49,730,779,726,30,19,4
0xa41aeb,96.9375%,49,1551,1600,1305,28,21,246
0x8ef45a,88.0196%,49,360,409,235,30,19,125
0x591283,83.045%,49,240,289,207,39,10,33
0xa33856,79.4118%,49,189,238,100,22,27,89
0x94507b,90.7372%,49,480,529,39,19,30,441
0xaa4740,73.0769%,49,133,182,129,37,12,4
0x5fe160,61.1111%,49,77,126,18,15,34,59
0x9eb744,60.8%,49,76,125,54,28,21,22
0x51b4e3,96.1478%,49,1223,1272,748,29,20,475
0x4c51a6,84.5912%,49,269,318,117,10,39,152
0x48ee15,68.3871%,49,106,155,79,22,27,27
0x64dfaf,90.9761%,49,494,543,462,26,23,32
0xa02792,96.559%,49,1375,1424,9,26,23,1366
0x8fe5a1,88.2494%,49,368,417,0,0,49,368
0x5ff94e,80.0813%,49,197,246,45,30,19,152
0x5042f8,93.8209%,49,744,793,29,33,16,715
0x8bcf1e,98.6393%,49,3552,3601,3552,49,0,0
0x60deef,95.2657%,49,986,1035,311,35,14,675
0x49fba0,87.75%,49,351,400,193,29,20,158
0x49c8cb,70.122%,49,115,164,89,24,25,26
0xa555da,72.9282%,49,132,181,118,25,24,14
0x901264,72.7778%,49,131,180,123,17,32,8
0x50ffa1,83.1034%,49,241,290,91,24,25,150
0x53a330,89.1593%,49,403,452,368,21,28,35
0x4bc2fd,96.7158%,49,1443,1492,1432,26,23,11
0x80e50b,94.1874%,49,794,843,737,23,26,57
0x8ed2b0,95.4713%,49,1033,1082,7,34,15,1026
0x49ec03,89.8551%,49,434,483,145,16,33,289
0x51b34f,96.1478%,49,1223,1272,754,23,26,469
0x51c247,96.0324%,49,1186,1235,1176,25,24,10
0x81e6e3,73.6559%,49,137,186,9,38,11,128
0x544412,78.125%,49,175,224,75,17,32,100
0x50ff8a,94.9275%,49,917,966,661,15,34,256
0x8e4831,97.8686%,49,2250,2299,482,27,22,1768
0x8a611e,85.1064%,49,280,329,22,37,12,258
0x8187b3,66.4384%,49,97,146,59,27,22,38
0x9ab2ad,96.6415%,49,1410,1459,92,20,29,1318
0x944d7f,90.7372%,49,480,529,159,23,26,321
0xa348db,97.0989%,49,1640,1689,1114,19,30,526
0x509dfc,95.6014%,49,1065,1114,655,32,17,410
0x506f01,93.3784%,49,691,740,619,24,25,72
0x64deb6,90.9761%,49,494,543,0,0,49,494
0x9a72a0,85.879%,49,298,347,296,27,22,2
0x5faa67,70.6587%,49,118,167,68,36,13,50
0x80c22a,81.5094%,49,216,265,156,21,28,60
0x54f693,99.0394%,49,5052,5101,5052,49,0,0
0x8b9914,99.8188%,49,26992,27041,26992,49,0,0
0x8d30bb,80.1619%,49,198,247,193,24,25,5
0x53b260,89.3805%,48,404,452,362,27,21,42
0xa42b50,92.6718%,48,607,655,509,34,14,98
0xa35f29,85.4985%,48,283,331,251,30,18,32
0x5fa269,90.2834%,48,446,494,137,28,20,309
0x504872,93.5135%,48,692,740,560,28,20,132
0x4885e2,96.4964%,48,1322,1370,0,7,41,1322
0xa95d32,92.3323%,48,578,626,17,35,13,561
0x5059de,72.5714%,48,127,175,48,34,14,79
0x48a700,97.738%,48,2074,2122,0,40,8,2074
0x60b2dc,97.5026%,48,1874,1922,992,21,27,882
0x538d40,88.2641%,48,361,409,356,27,21,5
0x507a5c,93.947%,48,745,793,729,14,34,16
0x559133,91.2088%,48,498,546,381,21,27,117
0x9eef62,71.7647%,48,122,170,6,16,32,116
0x48f043,62.7907%,48,81,129,71,17,31,10
0x48a0a0,98.7988%,48,3948,3996,27,41,7,3921
0x50216d,65.2174%,48,90,138,35,36,12,55
0x410124,99.5814%,48,11420,11468,11420,48,0,0
0xa570ab,74.7368%,48,142,190,130,19,29,12
0x50ce0a,61.6%,48,77,125,8,23,25,69
0x9e3cbe,84.1584%,48,255,303,226,22,26,29
0x5b14a9,90.7692%,48,472,520,340,14,34,132
0xa55ee9,58.2609%,48,67,115,26,25,23,41
0x9a7680,74.7368%,48,142,190,114,27,21,28
0x9e88c4,67.1233%,48,98,146,81,35,13,17
0x591c2a,68.2119%,48,103,151,79,14,34,24
0x511a93,96.7502%,48,1429,1477,634,31,17,795
0x816b4b,97.9678%,48,2314,2362,817,25,23,1497
0x9a7590,88.4058%,48,366,414,366,30,18,0
0x9e7475,88%,48,352,400,209,13,35,143
0x65a138,96.7191%,48,1415,1463,1401,15,33,14
0xa2df62,75.2577%,48,146,194,29,24,24,117
0x502a05,50.5155%,48,49,97,37,26,22,12
0x50ca0b,96.5167%,48,1330,1378,1243,8,40,87
0x8a616a,77.7778%,48,168,216,32,30,18,136
0x509d96,95.092%,48,930,978,467,20,28,463
0xa516f0,64.1791%,48,86,134,58,36,12,28
0xa52238,68.8312%,48,106,154,16,38,10,90
0x4a2634,84.953%,48,271,319,216,30,18,55
0x8040a3,66.6667%,48,96,144,25,31,17,71
0x8f6c3b,78.5714%,48,176,224,80,35,13,96
0xa525bb,78.8546%,48,179,227,73,28,20,106
0xa94207,70.7317%,48,116,164,111,25,23,5
0x51b5d9,99.09%,48,5227,5275,5225,45,3,2
0x900526,99.6019%,48,12010,12058,0,0,48,12010
0xa5491a,88.9145%,48,385,433,375,23,25,10
0x534556,98.9021%,48,4324,4372,23,23,25,4301
0x8f2a01,93.1429%,48,652,700,313,23,25,339
0x8a669e,51.0204%,48,50,98,36,28,20,14
0x49fb8e,88.6525%,48,375,423,359,41,7,16
0x8dfea4,91.8367%,48,540,588,179,39,9,361
0x5127fa,88.4892%,48,369,417,9,11,37,360
0xa54970,89.3805%,48,404,452,92,20,28,312
0x499c94,65.4676%,48,91,139,40,13,35,51
0x593829,95.4067%,48,997,1045,39,18,30,958
0x900231,92.8251%,48,621,669,13,34,14,608
0x908ca3,99.3995%,48,7946,7994,3710,10,38,4236
0x81318c,94.3262%,48,798,846,13,27,21,785
0x5ffe30,76.1194%,48,153,201,47,25,23,106
0x552940,96.5957%,48,1362,1410,3,16,32,1359
0x8fe462,97.6665%,48,2009,2057,2009,42,6,0
0x8fc12f,98.7885%,48,3914,3962,3914,48,0,0
0xb3443d,62.5%,48,80,128,12,30,18,68
0x5fba15,87.5648%,48,338,386,294,19,29,44
0xa560df,74.4565%,47,137,184,18,25,22,119
0x48a726,98.5653%,47,3229,3276,1131,23,24,2098
0xa50ee1,71.5152%,47,118,165,112,36,11,6
0x53b030,89.6018%,47,405,452,371,18,29,34
0xa94af1,79.0179%,47,177,224,167,29,18,10
0x809e44,81.4961%,47,207,254,15,28,19,192
0x5fb6e2,82.4627%,47,221,268,5,29,18,216
0x494f2d,92.5984%,47,588,635,86,24,23,502
0x5456a2,95.5323%,47,1005,1052,17,21,26,988
0x907590,92.0204%,47,542,589,541,25,22,1
0x9a7ab3,61.4754%,47,75,122,15,20,27,60
0x8feed6,85.1735%,47,270,317,162,20,27,108
0x80c2d9,80.1688%,47,190,237,2,31,16,188
0x5350bf,99.3576%,47,7269,7316,7269,47,0,0
0x503cf4,77.619%,47,163,210,129,29,18,34
0x485de3,84.8875%,47,264,311,262,42,5,2
0xa4f958,89.4619%,47,399,446,224,32,15,175
0xb30217,72.1893%,47,122,169,116,29,18,6
0xa30e23,75.5208%,47,145,192,52,28,19,93
0x54ef58,62.0968%,47,77,124,53,28,19,24
0x609bef,81.3492%,47,205,252,49,30,17,156
0xa57508,72.0238%,47,121,168,96,31,16,25
0x8def34,64.1221%,47,84,131,59,34,13,25
0x66812a,80.4167%,47,193,240,151,29,18,42
0x8ef43c,89.2938%,47,392,439,5,25,22,387
0x5c6cbe,97.1823%,47,1621,1668,1061,24,23,560
0x4a71e2,92.3701%,47,569,616,212,14,33,357
0x591468,91.3919%,47,499,546,10,7,40,489
0x60a768,97.2627%,47,1670,1717,409,30,17,1261
0x5c4fbd,71.6867%,47,119,166,10,12,35,109
0x504bb7,77.512%,47,162,209,26,29,18,136
0x539bb4,94.125%,47,753,800,527,18,29,226
0x8e4a1d,97.9556%,47,2252,2299,590,33,14,1662
0xa3a068,92.2697%,47,561,608,560,34,13,1
0x54546d,91.5619%,47,510,557,393,30,17,117
0x910fa0,95.9413%,47,1111,1158,148,30,17,963
0xad7af9,93.9666%,47,732,779,728,28,19,4
0x787d20,94.2472%,47,770,817,528,29,18,242
0x492aa6,71.5152%,47,118,165,103,12,35,15
0x4b6531,69.6774%,47,108,155,76,30,17,32
0x90056d,99.769%,47,20300,20347,330,32,15,19970
0xa019d0,80.1688%,47,190,237,189,36,11,1
0x404517,94.4247%,47,796,843,3,32,15,793
0x53452e,99.3533%,47,7221,7268,2,32,15,7219
0x40ed79,96.2097%,47,1193,1240,1190,24,23,3
0x81b8a8,85.1735%,47,270,317,269,19,28,1
0xa548ac,90.3491%,47,440,487,403,30,17,37
0x9a34e8,67.8082%,47,99,146,12,16,31,87
0x54f1f0,46.5909%,47,41,88,19,32,15,22
0x818e12,93.9433%,47,729,776,0,34,13,729
0x489d76,99.2385%,47,6125,6172,2147,29,18,3978
0xa25ef4,75%,47,141,188,14,33,14,127
0xb31be7,99.7872%,46,21569,21615,0,0,46,21569
0xb30096,99.8938%,46,43263,43309,0,0,46,43263
0x9ee59a,69.7368%,46,106,152,61,24,22,45
0x4bc567,96.733%,46,1362,1408,78,18,28,1284
0x9aba92,81.9608%,46,209,255,12,13,33,197
0x9eb735,72.619%,46,122,168,14,29,17,108
0x8d271c,90.1709%,46,422,468,46,28,18,376
0x812349,91.5441%,46,498,544,257,24,22,241
0x8ed014,48.8889%,46,44,90,31,27,19,13
0x8121fd,82.5095%,46,217,263,111,26,20,106
0xa08ecf,58.1818%,46,64,110,7,38,8,57
0x81b11d,60.3448%,46,70,116,35,15,31,35
0x911797,80.1724%,46,186,232,173,28,18,13
0x805183,82.7715%,46,221,267,215,10,36,6
0xb32426,95.2528%,46,923,969,0,0,46,923
0x5579d8,91.0853%,46,470,516,194,26,20,276
0x9f591d,74.5856%,46,135,181,21,16,30,114
0xa02a3b,85.1133%,46,263,309,255,42,4,8
0x8f5aa8,93.5754%,46,670,716,660,23,23,10
0x556087,80.8333%,46,194,240,178,24,22,16
0xa90dd5,66.4234%,46,91,137,34,25,21,57
0x80c3b0,80.5085%,46,190,236,188,16,30,2
0x8f17fe,89.5216%,46,393,439,14,28,18,379
0x8a543e,88.8889%,46,368,414,1,23,23,367
0x9c398f,64.3411%,46,83,129,18,40,6,65
0x4bbef1,95.1782%,46,908,954,220,18,28,688
0x8a54b9,96.5825%,46,1300,1346,89,20,26,1211
0x5bc217,96.719%,46,1356,1402,4,29,17,1352
0xa9010e,83.2117%,46,228,274,101,22,24,127
0x8f2832,95.1168%,46,896,942,874,24,22,22
0x952bab,89.9123%,46,410,456,0,0,46,410
0x821034,84.0278%,46,242,288,174,28,18,68
0x505ee3,93.7838%,46,694,740,636,11,35,58
0x9fe25a,73.7143%,46,129,175,50,35,11,79
0x638fd0,86.3905%,46,292,338,28,33,13,264
0x782a03,80.8333%,46,194,240,62,22,24,132
0xa02d64,74.5856%,46,135,181,44,28,18,91
0x8196c6,95.7368%,46,1033,1079,98,29,17,935
0xaad9a4,77.561%,46,159,205,85,35,11,74
0x7f0430,72.619%,46,122,168,88,15,31,34
0xa3a0fb,94.9561%,46,866,912,1,27,19,865
0x81c2df,91.0853%,46,470,516,421,26,20,49
0x80f0bd,91.2879%,46,482,528,7,13,33,475
0x4a0234,81.8898%,46,208,254,84,32,14,124
0x510003,95.2381%,46,920,966,591,24,22,329
0x50c096,97.8251%,46,2069,2115,106,30,16,1963
0x6670bf,76.1658%,46,147,193,12,32,14,135
0x49faef,82.963%,46,224,270,88,31,15,136
0x5a9401,86.9688%,46,307,353,282,16,30,25
0x8f2a11,87.6344%,46,326,372,54,11,35,272
0x50280d,79.3722%,46,177,223,103,23,23,74
0x81e4e5,97.8261%,46,2070,2116,2046,24,22,24
0x81985b,94.6574%,46,815,861,0,34,12,815
0x49e1b1,96.1116%,46,1137,1183,1130,11,35,7
0x814e07,83.6299%,46,235,281,198,27,19,37
0x821e75,78.6047%,46,169,215,106,37,9,63
0x8fc582,86.9318%,46,306,352,200,16,30,106
0x4bc65f,80.0866%,46,185,231,103,32,14,82
0x60020a,93.6813%,46,682,728,19,20,26,663
0xa4a9b9,55.7692%,46,58,104,40,22,24,18
0x5cf576,97.5027%,46,1796,1842,146,38,8,1650
0xa50599,59.292%,46,67,113,48,24,22,19
0x9a9d22,88.2507%,45,338,383,173,32,13,165
0x8ff3d0,86.2385%,45,282,327,174,26,19,108
0x8fd402,97.4033%,45,1688,1733,1687,45,0,1
0x607013,84.6416%,45,248,293,123,36,9,125
0xa02263,98.9821%,45,4376,4421,0,27,18,4376
0xa429d8,98.4413%,45,2842,2887,2833,26,19,9
0x90efcf,95.3368%,45,920,965,749,16,29,171
0xa326fe,55.4455%,45,56,101,42,30,15,14
0x8daddf,98.3346%,45,2657,2702,1989,24,21,668
0x904006,77.0408%,45,151,196,139,14,31,12
0xa46cdb,86.1963%,45,281,326,73,23,22,208
0x609dfb,76.8041%,45,149,194,65,14,31,84
0x54fead,98.4205%,45,2804,2849,2804,45,0,0
0x60df96,74.1379%,45,129,174,56,20,25,73
0x8b9ebb,99.7898%,45,21359,21404,21359,45,0,0
0x8bb47a,98.6733%,45,3347,3392,0,0,45,3347
0x8a96e4,99.3452%,45,6827,6872,3229,25,20,3598
0x8184ef,94.6619%,45,798,843,760,13,32,38
0x94dd92,92.3339%,45,542,587,131,28,17,411
0x5104ff,89.4366%,45,381,426,348,14,31,33
0x51152f,99.1166%,45,5049,5094,488,33,12,4561
0x9ab422,92.0213%,45,519,564,243,32,13,276
0x548cd6,99.3649%,45,7040,7085,0,3,42,7040
0xa58fdb,62.1849%,45,74,119,52,26,19,22
0x814b35,82.0717%,45,206,251,15,39,6,191
0x40d1bc,60.5263%,45,69,114,6,18,27,63
0x80582f,95.9496%,45,1066,1111,219,7,38,847
0xb2dfc1,97.076%,45,1494,1539,0,0,45,1494
0x4036b6,94.311%,45,746,791,60,11,34,686
0x9007cf,98.7961%,45,3693,3738,3681,39,6,12
0x5bd9df,98.8485%,45,3863,3908,220,16,29,3643
0xa52428,72.2222%,45,117,162,25,36,9,92
0x53a1b4,55.8824%,45,57,102,39,15,30,18
0x803f57,78.0488%,45,160,205,49,18,27,111
0xad7b50,94.2234%,45,734,779,0,0,45,734
0x8121e0,91.7279%,45,499,544,267,14,31,232
0x808d0c,99.5808%,45,10689,10734,1202,26,19,9487
0x96c170,81.7814%,45,202,247,15,23,22,187
0x5059af,74.2857%,45,130,175,102,29,16,28
0x97397a,65.6489%,45,86,131,80,15,30,6
0x4b6291,70.9677%,45,110,155,91,15,30,19
0x8a216c,84.0989%,45,238,283,8,18,27,230
0x909587,98.7877%,45,3667,3712,1821,36,9,1846
0xa45076,74.4318%,45,131,176,14,21,24,117
0xa50bf8,69.5946%,45,103,148,28,30,15,75
0xa5ee5b,91.4449%,45,481,526,471,27,18,10
0x90e82d,97.1698%,45,1545,1590,1545,15,30,0
0x9a9318,80.7692%,45,189,234,161,16,29,28
0x403d42,96.2153%,45,1144,1189,7,27,18,1137
0x9a7b90,65.6489%,45,86,131,14,22,23,72
0x90e6e0,95.0604%,45,866,911,395,8,37,471
0x8ef16e,87.8378%,45,325,370,142,36,9,183
0xa45795,84.4291%,45,244,289,3,29,16,241
0x5feea7,41.5584%,45,32,77,23,25,20,9
0x5088fd,91.5572%,45,488,533,62,27,18,426
0x8dd333,98.0426%,45,2254,2299,1495,26,19,759
0xaa2c7a,93.8102%,45,682,727,589,20,25,93
0x9bb416,73.8372%,45,127,172,124,29,16,3
0x8e4a6a,98.8296%,45,3800,3845,3634,33,12,166
0x58f878,98.9056%,45,4067,4112,3267,17,28,800
0x9e0fa9,58.7156%,45,64,109,4,25,20,60
0x5068f0,93.9189%,45,695,740,648,6,39,47
0x9784f0,95.2331%,45,899,944,433,26,19,466
0xa30c75,96.9615%,45,1436,1481,1435,27,18,1
0x8dc209,97.241%,45,1586,1631,726,20,25,860
0x8dd2ee,98.0426%,45,2254,2299,648,20,25,1606
0x627ab3,82.3529%,45,210,255,193,31,14,17
0x602d3e,94.8216%,45,824,869,820,12,33,4
0x5356bd,76.1905%,45,144,189,96,32,13,48
0x5d7cea,94.4717%,45,769,814,716,12,33,53
0xa553a4,80.2632%,45,183,228,86,28,17,97
0xa46c4e,80.4348%,45,185,230,114,20,25,71
0x81954d,71.875%,45,115,160,62,18,27,53
0x60de75,88.8889%,45,360,405,111,34,11,249
0x80bce4,84.375%,45,243,288,136,31,14,107
0x508d57,72.7273%,45,120,165,91,19,26,29
0x8fdb91,96.5089%,45,1244,1289,157,12,33,1087
0x409cf0,80.1762%,45,182,227,115,21,24,67
0x8a54ed,96.6568%,45,1301,1346,94,18,27,1207
0x8f4af6,99.1445%,44,5099,5143,2605,33,11,2494
0x58ebac,99.1581%,44,5182,5226,72,20,24,5110
0x49ae82,85.9425%,44,269,313,264,10,34,5
0x65ba7f,99.0385%,44,4532,4576,4482,26,18,50
0x82255e,93.7589%,44,661,705,466,18,26,195
0x5968a6,98.0348%,44,2195,2239,2195,17,27,0
0x403c0a,92.605%,44,551,595,232,20,24,319
0x8aa989,98.7138%,44,3377,3421,3377,44,0,0
0x404109,97.9167%,44,2068,2112,1627,10,34,441
0x808921,92.1569%,44,517,561,304,23,21,213
0xaa6375,91.3215%,44,463,507,291,16,28,172
0x9a99f4,98.4207%,44,2742,2786,2742,44,0,0
0x8bb405,90.3084%,44,410,454,375,16,28,35
0x807c0d,80.2691%,44,179,223,75,26,18,104
0x810908,83.3333%,44,220,264,214,22,22,6
0xa313d7,48.2353%,44,41,85,23,35,9,18
0x4bb471,78.9474%,44,165,209,139,18,26,26
0x4464ca,98.2833%,44,2519,2563,1949,27,17,570
0x80f65f,99.0244%,44,4466,4510,4336,26,18,130
0x98cb72,86.7868%,44,289,333,102,21,23,187
0x9f3b5f,93.5103%,44,634,678,617,23,21,17
0x8da1bc,71.0526%,44,108,152,54,15,29,54
0x5fa955,93.2515%,44,608,652,591,34,10,17
0x541d12,96.1639%,44,1103,1147,64,16,28,1039
0xa56f0b,82.9457%,44,214,258,29,24,20,185
0xa2f2dd,77.3196%,44,150,194,82,19,25,68
0x9a7d17,89.2421%,44,365,409,15,24,20,350
0xb2e694,99.701%,44,14674,14718,14666,6,38,8
0x8a34e5,91.0569%,44,448,492,447,43,1,1
0x81f77c,93.049%,44,589,633,515,24,20,74
0x820b9b,99.1641%,44,5220,5264,5220,33,11,0
0x40dc22,97.9798%,44,2134,2178,1935,23,21,199
0x9a906c,80.3571%,44,180,224,180,30,14,0
0x813144,98.2664%,44,2494,2538,827,19,25,1667
0x8a252f,84.3416%,44,237,281,237,44,0,0
0x81f903,97.9068%,44,2058,2102,12,16,28,2046
0x9e03a6,95.7935%,44,1002,1046,128,24,20,874
0x9f2867,92.7512%,44,563,607,4,31,13,559
0x4b4bbf,83.0769%,44,216,260,55,3,41,161
0x53deb8,91.635%,44,482,526,78,41,3,404
0x5396b0,97.6255%,44,1809,1853,1724,20,24,85
0xa8f8e2,73.1707%,44,120,164,105,33,11,15
0xa9c56d,82.8125%,44,212,256,39,18,26,173
0x507cde,74.4186%,44,128,172,46,17,27,82
0x49fab8,96.5245%,44,1222,1266,1102,27,17,120
0xa3301f,84.507%,44,240,284,16,26,18,224
0x4b64d0,71.6129%,44,111,155,85,21,23,26
0x50ffd4,97.027%,44,1436,1480,0,0,44,1436
0x48cfc3,97.78%,44,1938,1982,1938,32,12,0
0x5351ab,58.4906%,44,62,106,62,12,32,0
0x9f987f,47.619%,44,40,84,21,4,40,19
0x54eb40,36.2319%,44,25,69,9,17,27,16
0x8fe95d,97.8947%,44,2046,2090,2046,44,0,0
0x4fdc32,88.0109%,44,323,367,300,34,10,23
0x811b54,81.5126%,44,194,238,10,24,20,184
0x67c234,98.4156%,44,2733,2777,2727,18,26,6
0x9e83fb,89.4988%,44,375,419,28,13,31,347
0x4bb8c6,78.4314%,44,160,204,137,11,33,23
0x6482fd,95.5102%,44,936,980,15,25,19,921
0x8a8c5c,92.4786%,44,541,585,16,29,15,525
0x8deec4,97.8314%,44,1985,2029,989,20,24,996
0x4bed36,88.6598%,44,344,388,197,27,17,147
0x8a73df,94.6602%,44,780,824,437,25,19,343
0x50d2d1,97.299%,44,1585,1629,1305,26,18,280
0x81a390,94.6796%,44,783,827,478,20,24,305
0x49e307,87.1345%,44,298,342,298,44,0,0
0x50ced1,82.9457%,44,214,258,124,10,34,90
0xa55f57,48.8372%,44,42,86,39,39,5,3
0x8a9463,99.9435%,44,77764,77808,10,22,22,77754
0x8fd078,70.068%,44,103,147,69,7,37,34
0xa33c63,96.7164%,44,1296,1340,781,29,15,515
0x40980b,77.551%,44,152,196,148,26,18,4
0x8ef17f,77.0833%,44,148,192,138,22,22,10
0x984068,72.1519%,44,114,158,20,27,17,94
0xa3a237,79.6296%,44,172,216,162,18,26,10
0xa45ab3,82.8794%,44,213,257,4,28,16,209
0x8fc115,97.023%,44,1434,1478,713,26,18,721
0x7ac758,80.0905%,44,177,221,23,22,22,154
0x906d86,77.551%,44,152,196,25,32,12,127
0x55030c,88.8041%,44,349,393,20,19,25,329
0x8a6fa4,97.1539%,44,1502,1546,1460,30,14,42
0x4a1cac,96.978%,44,1412,1456,106,26,18,1306
0x94b386,92.1986%,44,520,564,127,31,13,393
0x942825,97.3964%,44,1646,1690,1646,44,0,0
0x8f42ea,98.1856%,44,2381,2425,694,28,16,1687
0x9e2615,92.7152%,44,560,604,60,25,19,500
0x8ef0cd,95.122%,44,858,902,438,13,31,420
0x489531,88.2353%,44,330,374,243,22,22,87
0x8188c0,90.6582%,44,427,471,261,25,19,166
0x8aedc1,69.0647%,43,96,139,63,18,25,33
0xa3043c,80.4545%,43,177,220,28,22,21,149
0x9f25b8,56.5657%,43,56,99,38,22,21,18
0xa52f03,90.9283%,43,431,474,262,20,23,169
0x65b98c,99.0685%,43,4573,4616,16,24,19,4557
0x6105a7,84.965%,43,243,286,69,24,19,174
0x8ea26d,98.2619%,43,2431,2474,1209,16,27,1222
0x8e0e90,89.5884%,43,370,413,79,13,30,291
0x8a94ed,97.1987%,43,1492,1535,360,24,19,1132
0x815a07,69.0647%,43,96,139,26,29,14,70
0x942cc8,91.8095%,43,482,525,424,26,17,58
0xa32e1d,96.7275%,43,1271,1314,223,19,24,1048
0x4a1c94,64.1667%,43,77,120,30,30,13,47
0xa50c11,52.2222%,43,47,90,11,25,18,36
0x8ff7e0,99.7041%,43,14491,14534,0,2,41,14491
0xa0379a,98.3236%,43,2522,2565,2522,43,0,0
0x80c137,95.0857%,43,832,875,2,15,28,830
0x810188,95%,43,817,860,29,33,10,788
0x609f1f,99.4658%,43,8007,8050,2,3,40,8005
0x5fa1ce,94.598%,43,753,796,51,30,13,702
0xa469f3,81.3043%,43,187,230,119,15,28,68
0x8e4667,91.0417%,43,437,480,151,24,19,286
0x9a236b,46.9136%,43,38,81,28,33,10,10
0x807b3a,81.7021%,43,192,235,90,22,21,102
0x60a7fd,91.2955%,43,451,494,0,0,43,451
0xa359f8,98.6798%,43,3214,3257,3190,35,8,24
0x5fed51,91.6988%,43,475,518,360,25,18,115
0x8a2801,84.6975%,43,238,281,238,43,0,0
0xaaae28,81.3043%,43,187,230,18,26,17,169
0xaa059f,66.9231%,43,87,130,40,16,27,47
0x5484f1,99.667%,43,12871,12914,0,0,43,12871
0x8ba0ce,99.5554%,43,9629,9672,169,22,21,9460
0x9a69f2,43.4211%,43,33,76,30,41,2,3
0xa46488,77.7202%,43,150,193,3,26,17,147
0x50164b,96.9846%,43,1383,1426,19,33,10,1364
0x94478e,80.6306%,43,179,222,89,15,28,90
0x63ee81,97.6844%,43,1814,1857,1109,17,26,705
0x49a681,94.813%,43,786,829,241,26,17,545
0x9f6271,93.0081%,43,572,615,182,34,9,390
0x409ca3,78.0612%,43,153,196,19,20,23,134
0x40d048,99.4875%,43,8347,8390,8347,43,0,0
0xa5cece,87.3529%,43,297,340,165,34,9,132
0xa327d6,44.8718%,43,35,78,19,30,13,16
0x8157ef,98.2527%,43,2418,2461,104,14,29,2314
0x97bbdc,75.5682%,43,133,176,91,23,20,42
0x64845b,90.3803%,43,404,447,150,20,23,254
0xa2f236,73.7805%,43,121,164,53,32,11,68
0x40e740,97.7926%,43,1905,1948,1905,43,0,0
0x4a6c77,91.0603%,43,438,481,438,43,0,0
0x6000b6,94.0934%,43,685,728,685,16,27,0
0x501137,99.5559%,43,9640,9683,126,14,29,9514
0xa9e145,78.8177%,43,160,203,134,29,14,26
0x8a9f2b,90.7725%,43,423,466,15,26,17,408
0xa4d862,79.5238%,43,167,210,62,27,16,105
0x643555,94.3717%,43,721,764,720,29,14,1
0x835d87,73.2919%,43,118,161,52,18,25,66
0x511d88,97.9367%,43,2041,2084,365,19,24,1676
0x49ae6e,95.0913%,43,833,876,541,22,21,292
0x402d50,75%,43,129,172,104,34,9,25
0x4b9daa,96.8101%,43,1305,1348,32,26,17,1273
0x543960,87.8187%,43,310,353,310,30,13,0
0x8bd7e8,98.0065%,43,2114,2157,2096,41,2,18
0x9a3254,79.9065%,43,171,214,119,20,23,52
0xa39eb9,96.3682%,43,1141,1184,36,19,24,1105
0x66646f,91.7625%,43,479,522,472,20,23,7
0x403e9b,98.6218%,43,3077,3120,620,23,20,2457
0x8bcda8,99.8008%,43,21543,21586,605,19,24,20938
0x9067b2,65.3226%,43,81,124,22,23,20,59
0xa2e73f,80.3653%,43,176,219,59,26,17,117
0x5fa233,95.1302%,43,840,883,613,17,26,227
0x8b94ef,99.7881%,42,19779,19821,19779,42,0,0
0x534829,36.3636%,42,24,66,0,0,42,24
0x8bb434,90.7489%,42,412,454,45,18,24,367
0x8f2f8f,99.4234%,42,7242,7284,0,0,42,7242
0xb313c1,83.8462%,42,218,260,4,31,11,214
0x55719f,82.716%,42,201,243,22,17,25,179
0x81a098,90.5405%,42,402,444,343,27,15,59
0x8ee17d,90.2552%,42,389,431,162,28,14,227
0x8dad1f,72.9032%,42,113,155,40,22,20,73
0x51165c,99.4288%,42,7311,7353,7311,42,0,0
0x8a8fa3,90%,42,378,420,120,20,22,258
0x5580c7,94.3243%,42,698,740,353,17,25,345
0x8f4527,96.5203%,42,1165,1207,595,19,23,570
0x80c2d3,84.5588%,42,230,272,3,32,10,227
0x5aef2b,93.9655%,42,654,696,1,21,21,653
0xa5c2c4,76.7956%,42,139,181,42,30,12,97
0x9ab0e8,94.3396%,42,700,742,7,20,22,693
0x942c13,93%,42,558,600,51,24,18,507
0xa30533,93.2584%,42,581,623,146,23,19,435
0x7cde5c,96.664%,42,1217,1259,377,25,17,840
0x507c82,90.411%,42,396,438,395,21,21,1
0x534fbb,60.3774%,42,64,106,22,20,22,42
0x82276f,91.6667%,42,462,504,53,25,17,409
0x9a7030,59.2233%,42,61,103,3,8,34,58
0x804647,89.8305%,42,371,413,371,40,2,0
0x9f254f,57.5758%,42,57,99,0,4,38,57
0x8e3faf,91.1017%,42,430,472,430,34,8,0
0x512292,97.97%,42,2027,2069,0,0,42,2027
0x64df69,92.2652%,42,501,543,5,14,28,496
0x8da4b8,95.9924%,42,1006,1048,79,25,17,927
0xa261d1,90.9871%,42,424,466,64,12,30,360
0x64f45c,65.5738%,42,80,122,61,37,5,19
0xab3660,99.6773%,42,12973,13015,12971,26,16,2
0x48bf23,95.6477%,42,923,965,921,34,8,2
0x4103a6,88.9474%,42,338,380,338,42,0,0
0x8fcd85,88.2353%,42,315,357,51,17,25,264
0x4bb28c,90.8894%,42,419,461,3,15,27,416
0xa31107,66.9291%,42,85,127,72,17,25,13
0x8e4d06,76.4045%,42,136,178,90,22,20,46
0x978558,90.8497%,42,417,459,155,17,25,262
0x8a258e,85.0534%,42,239,281,5,11,31,234
0x40dbc4,96.8912%,42,1309,1351,1208,11,31,101
0x9e263a,87.931%,42,306,348,35,25,17,271
0xa8f94c,71.2329%,42,104,146,33,28,14,71
0x643ae4,99.7029%,42,14094,14136,14094,42,0,0
0x53aed4,58%,42,58,100,18,35,7,40
0x8e47d9,98.1731%,42,2257,2299,591,32,10,1666
0x54f21c,66.129%,42,82,124,68,13,29,14
0x4936e3,66.4%,42,83,125,65,17,25,18
0x5ff99b,77.1739%,42,142,184,79,13,29,63
0x405a55,94.7302%,42,755,797,10,4,38,745
0x4c52a2,86.7925%,42,276,318,264,30,12,12
0x8f29bc,94.0678%,42,666,708,50,29,13,616
0x5b14c1,91.9231%,42,478,520,478,42,0,0
0x55732b,73.75%,42,118,160,64,22,20,54
0xa2fb6c,85.6655%,42,251,293,46,19,23,205
0x402d27,75.5814%,42,130,172,92,21,21,38
0xa42a21,98.5452%,42,2845,2887,2821,38,4,24
0x556a42,96.6614%,42,1216,1258,82,12,30,1134
0x9a1f20,79.3103%,42,161,203,40,29,13,121
0x8a2922,92.5795%,42,524,566,524,42,0,0
0x9e0188,96.0894%,42,1032,1074,975,12,30,57
0xa33cd9,96.8657%,42,1298,1340,1076,29,13,222
0x8fcc87,88.3978%,42,320,362,2,12,30,318
0x9ef2c5,70.2128%,42,99,141,63,18,24,36
0x5b2f57,80.2817%,42,171,213,162,19,23,9
0x822524,94.0426%,42,663,705,253,30,12,410
0x81bcec,86.7508%,42,275,317,275,13,29,0
0xad7e85,98.7801%,42,3401,3443,561,19,23,2840
0x83515a,99.288%,42,5857,5899,5857,42,0,0
0x40f8ad,99.8732%,42,33088,33130,33088,42,0,0
0x541de2,94.0256%,42,661,703,458,26,16,203
0x501a2d,96.1326%,42,1044,1086,1040,26,16,4
0x504da2,93.8326%,42,639,681,566,22,20,73
0x49e4fb,73.913%,42,119,161,24,19,23,95
0x40498c,82.6446%,42,200,242,95,18,24,105
0x8ff24f,88.102%,42,311,353,39,26,16,272
0x8f6eb0,92.2936%,42,503,545,259,17,25,244
0xa02407,91.0638%,42,428,470,104,24,18,324
0x48de68,99.3985%,42,6941,6983,6850,21,21,91
0x8ba2f6,99.5658%,42,9630,9672,9630,42,0,0
0x835d63,73.913%,42,119,161,24,14,28,95
0x48c578,93.7407%,42,629,671,628,33,9,1
0x48db4d,97.7334%,42,1811,1853,55,28,14,1756
0x541a0e,96.0894%,42,1032,1074,17,17,25,1015
0xa55e14,67.4419%,42,87,129,23,17,25,64
0x8a2a83,88%,42,308,350,308,42,0,0
0x48b1e6,89.6806%,42,365,407,5,38,4,360
0x9f62ec,92.1348%,42,492,534,135,18,24,357
0x810356,97.4729%,42,1620,1662,882,24,18,738
0x409ce0,88.4298%,42,321,363,122,14,28,199
0x8ee6ec,90.2552%,42,389,431,35,7,35,354
0x8a6ff5,97.2222%,42,1470,1512,22,34,8,1448
0x409ef4,67.1875%,42,86,128,23,24,18,63
0xa3497f,97.5133%,42,1647,1689,1137,25,17,510
0xa554ef,83.908%,42,219,261,153,19,23,66
0x902164,86.9565%,42,280,322,102,17,25,178
0x9c3e4c,51.1628%,42,44,86,23,9,33,21
0x50d64c,96.3824%,42,1119,1161,1074,8,34,45
0x7c71fa,77.8947%,42,148,190,33,28,14,115
0x910e23,96.1922%,42,1061,1103,25,19,23,1036
0x533b1b,93.1596%,42,572,614,0,0,42,572
0x8bcd0c,98.209%,42,2303,2345,2303,26,16,0
0x821645,99.5386%,42,9060,9102,0,10,32,9060
0x5bb3de,96.8044%,41,1242,1283,0,33,8,1242
0x8e51a9,95.6614%,41,904,945,461,30,11,443
0xa0294a,84.9817%,41,232,273,0,0,41,232
0x820d52,97.0756%,41,1361,1402,1361,8,33,0
0x5ff286,82.4786%,41,193,234,90,27,14,103
0x5b9d4d,77.8378%,41,144,185,89,23,18,55
0x5386ab,98.8483%,41,3519,3560,2115,31,10,1404
0x5fd6b5,86.1486%,41,255,296,52,23,18,203
0xa42828,81.7778%,41,184,225,31,19,22,153
0xa9c616,78.1915%,41,147,188,119,23,18,28
0x403f58,93.6434%,41,604,645,390,17,24,214
0x8da381,98.9261%,41,3777,3818,3777,12,29,0
0x9f4be1,81.9383%,41,186,227,23,29,12,163
0xa32ff4,83.7302%,41,211,252,129,13,28,82
0x8157fe,94.058%,41,649,690,245,11,30,404
0x81bac4,79.902%,41,163,204,32,26,15,131
0x8171a7,95.1651%,41,807,848,807,36,5,0
0x8e2fd0,97.9262%,41,1936,1977,1717,23,18,219
0x5be23e,98.8043%,41,3388,3429,3335,16,25,53
0x8dd388,97.4862%,41,1590,1631,864,25,16,726
0x811cd7,94.4142%,41,693,734,456,15,26,237
0x9f097d,79.5%,41,159,200,0,0,41,159
0xa022a3,96.5017%,41,1131,1172,5,22,19,1126
0x90e161,59.8039%,41,61,102,53,17,24,8
0xa34317,68.7023%,41,90,131,61,17,24,29
0xa30935,75.8824%,41,129,170,61,24,17,68
0x8a8c06,95.6243%,41,896,937,868,24,17,28
0x8da495,93.9259%,41,634,675,194,23,18,440
0xa511c8,83.7945%,41,212,253,56,27,14,156
0x5ff2fa,68.9394%,41,91,132,73,21,20,18
0x8efb30,90.6606%,41,398,439,386,11,30,12
0x40a8d5,72.4832%,41,108,149,34,24,17,74
0x545b01,99.2623%,41,5517,5558,1,8,33,5516
0x80ffd1,93.8988%,41,631,672,422,10,31,209
0x9c3faa,91.2017%,41,425,466,425,41,0,0
0x8a9f3c,89.6465%,41,355,396,348,10,31,7
0x502993,57.732%,41,56,97,7,27,14,49
0x9e0ba7,84.0467%,41,216,257,2,26,15,214
0x50e495,57.732%,41,56,97,52,9,32,4
0x8bb148,89.9015%,41,365,406,90,32,9,275
0x90272a,96.4957%,41,1129,1170,9,11,30,1120
0x544431,68.9394%,41,91,132,14,26,15,77
0x9f0ded,90.1914%,41,377,418,27,38,3,350
0x8ed444,98.946%,41,3849,3890,3849,35,6,0
0x51afa7,92.9553%,41,541,582,273,18,23,268
0x4036fa,94.8167%,41,750,791,4,8,33,746
0x5cf42e,97.8432%,41,1860,1901,1843,13,28,17
0xa3a511,89.9756%,41,368,409,365,34,7,3
0x50d7cb,85.614%,41,244,285,14,18,23,230
0x8a6ee1,92.7434%,41,524,565,276,20,21,248
0x63881f,96.7589%,41,1224,1265,1224,41,0,0
0x8eecf7,89.1534%,41,337,378,15,23,18,322
0x5f8e83,85.0365%,41,233,274,228,26,15,5
0x4c4a6f,98.7404%,41,3214,3255,3214,41,0,0
0x48cfed,96.3491%,41,1082,1123,1079,32,9,3
0x81f223,97.8734%,41,1887,1928,0,0,41,1887
0x9fb032,78.0749%,41,146,187,108,16,25,38
0x502134,47.4359%,41,37,78,7,25,16,30
0x90ad82,95.7336%,41,920,961,800,12,29,120
0x64308a,88.0814%,41,303,344,0,0,41,303
0xa43c44,85.4093%,41,240,281,150,25,16,90
0x4ca489,95.6429%,41,900,941,876,19,22,24
0x48f07e,68.2171%,41,88,129,74,22,19,14
0x548769,97.1975%,41,1422,1463,1402,24,17,20
0x9e8918,85.6643%,41,245,286,114,26,15,131
0x50499e,64.6552%,41,75,116,17,20,21,58
0x5f083c,86.6013%,41,265,306,260,12,29,5
0xb347b0,90.0726%,41,372,413,0,0,41,372
0x81c572,79.803%,41,162,203,162,7,34,0
0x803f79,84.4697%,41,223,264,6,22,19,217
0x5bbd17,99.0252%,41,4165,4206,4165,35,6,0
0x808843,90.5747%,41,394,435,76,32,9,318
0x49c7af,90.8686%,41,408,449,147,17,24,261
0x4bad71,86.5132%,41,263,304,244,22,19,19
0xa6091f,91.7172%,41,454,495,270,35,6,184
0x8dc323,98.2166%,41,2258,2299,648,20,21,1610
0x5912fe,85.8131%,41,248,289,129,18,23,119
0x4c1b3d,92.3792%,41,497,538,497,36,5,0
0x47f4f8,96.2523%,41,1053,1094,0,0,41,1053
0xa5c2d4,62.3853%,41,68,109,64,13,28,4
0x8b9792,99.7488%,41,16278,16319,4929,13,28,11349
0xa91c6c,83.5341%,41,208,249,208,41,0,0
0x9eb7c6,79.1878%,41,156,197,18,14,27,138
0x77ffa8,98.4493%,41,2603,2644,299,23,18,2304
0xa93dab,72.6667%,41,109,150,54,22,19,55
0x5fa411,64.9573%,41,76,117,9,12,29,67
0x977a8d,87.0253%,41,275,316,270,7,34,5
0xa5953b,79.703%,41,161,202,159,22,19,2
0x9a904e,81.6964%,41,183,224,175,18,23,8
0x8c82b9,92.6523%,41,517,558,506,20,21,11
0x504bf0,94.1595%,41,661,702,37,22,19,624
0x59709b,92.0849%,41,477,518,5,30,11,472
0x5437bb,79.0816%,41,155,196,47,3,38,108
0x900594,99.3252%,41,6035,6076,5909,28,13,126
0x9e7515,93.2119%,41,563,604,282,29,12,281
0x80ea4f,92.5182%,41,507,548,37,15,26,470
0x94537d,92.2495%,41,488,529,52,6,35,436
0x63ccb0,95.0061%,41,780,821,605,16,25,175
0x901f6d,99.1475%,40,4652,4692,4652,40,0,0
0x8138d6,65.2174%,40,75,115,64,29,11,11
0x4b6a1f,74.1935%,40,115,155,11,24,16,104
0x54f3c7,95.992%,40,958,998,958,18,22,0
0x60de10,63.3028%,40,69,109,13,15,25,56
0xa55ef7,55.0562%,40,49,89,18,27,13,31
0x5fb214,76.0479%,40,127,167,7,8,32,120
0x405c1b,96.4664%,40,1092,1132,1,21,19,1091
0x55012a,53.4884%,40,46,86,16,22,18,30
0x8fe347,99.7432%,40,15536,15576,0,15,25,15536
0xa594fd,80.198%,40,162,202,4,17,23,158
0x48ee7e,87.9154%,40,291,331,264,13,27,27
0xa54270,88.7324%,40,315,355,82,20,20,233
0x609ea7,93.4747%,40,573,613,249,11,29,324
0x9f473b,93.266%,40,554,594,0,0,40,554
0xa525ea,80.198%,40,162,202,72,29,11,90
0x58c53b,45.9459%,40,34,74,7,33,7,27
0x50d337,96.7078%,40,1175,1215,688,28,12,487
0x9aa686,95.6332%,40,876,916,529,19,21,347
0x485cc5,87.055%,40,269,309,268,38,2,1
0x488d39,64.9123%,40,74,114,37,20,20,37
0x59114b,73.5099%,40,111,151,39,19,21,72
0xaa44d4,99.5322%,40,8511,8551,8511,40,0,0
0x8e0bc9,99.0456%,40,4151,4191,101,17,23,4050
0x80d519,66.6667%,40,80,120,65,23,17,15
0x49f939,97.1408%,40,1359,1399,43,26,14,1316
0x507016,94.5946%,40,700,740,244,28,12,456
0x9f3e71,74.8428%,40,119,159,0,0,40,119
0x509f94,96.4093%,40,1074,1114,1074,40,0,0
0x64f4fa,63.6364%,40,70,110,0,0,40,70
0x98bc17,90.5882%,40,385,425,0,0,40,385
0xa938e0,76.3314%,40,129,169,118,15,25,11
0x7c72fe,74.026%,40,114,154,69,19,21,45
0x8a75e0,84.4961%,40,218,258,76,35,5,142
0x48d702,97.7839%,40,1765,1805,1763,21,19,2
0x44651a,97.997%,40,1957,1997,2,24,16,1955
0x9ef296,77.0115%,40,134,174,125,16,24,9
0x9e08c8,91.3232%,40,421,461,75,34,6,346
0x5c3367,82.5328%,40,189,229,97,12,28,92
0x511c4c,99.016%,40,4025,4065,4021,30,10,4
0x5335c4,51.2195%,40,42,82,12,26,14,30
0x9e6fe9,56.9892%,40,53,93,21,25,15,32
0x8a90f5,96.1575%,40,1001,1041,988,26,14,13
0x8de165,96.782%,40,1203,1243,16,32,8,1187
0x40218a,99.2582%,40,5352,5392,0,0,40,5352
0x8deaf4,80%,40,160,200,50,22,18,110
0x9f7b2a,77.4011%,40,137,177,58,34,6,79
0xa45485,94.302%,40,662,702,6,7,33,656
0x557e2d,94.8119%,40,731,771,44,36,4,687
0xa95d08,94.7781%,40,726,766,11,21,19,715
0x8ea05d,89.9749%,40,359,399,260,26,14,99
0x8ba357,99.5849%,40,9597,9637,0,0,40,9597
0xa3947c,94.5799%,40,698,738,698,26,14,0
0x812232,92.6471%,40,504,544,145,21,19,359
0x9178b6,80%,40,160,200,26,20,20,134
0x5b2339,83.3333%,40,200,240,190,9,31,10
0x81f234,97.9747%,40,1935,1975,1901,27,13,34
0x8fce6c,81.3953%,40,175,215,12,23,17,163
0x8ff3fb,84.252%,40,214,254,105,22,18,109
0x501639,97.264%,40,1422,1462,7,29,11,1415
0x9ea733,58.7629%,40,57,97,48,25,15,9
0x4101fd,97.7864%,40,1767,1807,864,26,14,903
0xb2faf5,99.523%,40,8345,8385,0,0,40,8345
0x9f0a34,86.5772%,40,258,298,8,16,24,250
0x4ba093,91.2854%,40,419,459,6,25,15,413
0x41089b,77.4011%,40,137,177,88,9,31,49
0x488e03,98.9387%,40,3729,3769,3703,9,31,26
0x409b06,62.6168%,40,67,107,53,25,15,14
0x592f4a,96.7768%,40,1201,1241,0,0,40,1201
0x9014e6,98.1464%,40,2118,2158,116,22,18,2002
0x4bf698,76.3314%,40,129,169,72,14,26,57
0x90bb47,96.5035%,40,1104,1144,1088,34,6,16
0x54652f,95.5947%,40,868,908,331,19,21,537
0x65a392,97.9221%,40,1885,1925,1156,24,16,729
0x5fd733,70.5882%,40,96,136,33,11,29,63
0x604c0b,84.3137%,40,215,255,1,5,35,214
0xa980c8,73.1544%,40,109,149,0,0,40,109
0xa54f1b,45.9459%,40,34,74,14,17,23,20
0xa3301b,71.831%,40,102,142,56,26,14,46
0xa54ed3,86.6221%,40,259,299,256,19,21,3
0x9ab5af,80%,40,160,200,30,31,9,130
0x4057c6,98.4363%,40,2518,2558,1968,27,13,550
0x9a8ef4,64.2857%,40,72,112,30,21,19,42
0x547ea5,92.6606%,40,505,545,503,24,16,2
0x510a33,90.8884%,40,399,439,18,30,10,381
0x409a6b,74.5223%,40,117,157,51,19,21,66
0x4037ef,95.0695%,39,752,791,245,15,24,507
0x40249e,85.7664%,39,235,274,143,21,18,92
0x808122,59.375%,39,57,96,48,28,11,9
0x58f91e,65.7895%,39,75,114,10,10,29,65
0x5fc0c0,67.5%,39,81,120,67,19,20,14
0x6680ad,98.2925%,39,2245,2284,75,31,8,2170
0x9ebede,68.2927%,39,84,123,35,27,12,49
0xa9e139,83.5443%,39,198,237,3,31,8,195
0x545f14,98.6268%,39,2801,2840,7,7,32,2794
0xa393e7,93.8679%,39,597,636,594,28,11,3
0x504991,74.8387%,39,116,155,7,32,7,109
0x60a898,97.6786%,39,1641,1680,1548,19,20,93
0x82141a,96.4088%,39,1047,1086,2,14,25,1045
0x9f0904,96.1538%,39,975,1014,0,10,29,975
0x59006b,99.0548%,39,4087,4126,4087,39,0,0
0x8e4a88,88.7283%,39,307,346,25,19,20,282
0x5102f8,97.8333%,39,1761,1800,672,18,21,1089
0x610c9e,85.7664%,39,235,274,225,19,20,10
0x9e6192,84.4%,39,211,250,178,14,25,33
0x98cbb7,83.4746%,39,197,236,186,11,28,11
0x9bd123,45.8333%,39,33,72,22,16,23,11
0x5cb108,95.3293%,39,796,835,4,26,13,792
0x835df2,68.2927%,39,84,123,15,5,34,69
0x5b1530,73.4694%,39,108,147,81,11,28,27
0x8dee5e,95.5682%,39,841,880,838,29,10,3
0xa9369a,89.5442%,39,334,373,334,39,0,0
0x9fc4c6,87.2549%,39,267,306,261,31,8,6
0x5fe2fe,93.9815%,39,609,648,602,18,21,7
0xa463eb,67.5%,39,81,120,9,15,24,72
0x90a47c,98.3276%,39,2293,2332,2283,5,34,10
0x4a9728,72.5352%,39,103,142,69,13,26,34
0x5ee1a1,98.7078%,39,2979,3018,1999,16,23,980
0x8eb7ee,98.6311%,39,2810,2849,465,22,17,2345
0x8bb8fa,73.1034%,39,106,145,41,32,7,65
0x58f8b7,60.6061%,39,60,99,20,21,18,40
0x591bb8,74.1722%,39,112,151,77,23,16,35
0x8f6ea4,93.0481%,39,522,561,3,13,26,519
0x539b97,96.6292%,39,1118,1157,337,20,19,781
0x8f54d6,98.3918%,39,2386,2425,698,24,15,1688
0x4bbb37,62.1359%,39,64,103,40,20,19,24
0x545aac,98.5921%,39,2731,2770,2,5,34,2729
0x4bcc3b,78.3333%,39,141,180,46,30,9,95
0x7cf31c,95.5326%,39,834,873,137,18,21,697
0x541284,99.6041%,39,9811,9850,8790,27,12,1021
0xa9371a,84.7656%,39,217,256,4,25,14,213
0x8ef1d9,93.5961%,39,570,609,137,21,18,433
0x7ce91e,96.3242%,39,1022,1061,689,21,18,333
0x9abcf3,96.5998%,39,1108,1147,1106,26,13,2
0x639c22,95.125%,39,761,800,125,23,16,636
0x403ade,97.4052%,39,1464,1503,1464,39,0,0
0x81cb25,78.5714%,39,143,182,105,17,22,38
0x8dd9d5,98.3036%,39,2260,2299,661,7,32,1599
0x4be48a,54.6512%,39,47,86,22,12,27,25
0x44653a,98.3558%,39,2333,2372,1762,23,16,571
0xb147eb,99.0841%,39,4219,4258,0,0,39,4219
0x5f8e29,69.5312%,39,89,128,82,17,22,7
0x814b76,90.4878%,39,371,410,365,29,10,6
0x8dd464,98.3036%,39,2260,2299,645,23,16,1615
0x8dcdc5,94.5983%,39,683,722,591,30,9,92
0x409cb9,75.1592%,39,118,157,5,14,25,113
0x4b9f1e,88.6628%,39,305,344,81,27,12,224
0x807c2a,82.5112%,39,184,223,99,26,13,85
0x8ff543,96.1233%,39,967,1006,967,39,0,0
0xaadf1d,98.9661%,39,3733,3772,1969,22,17,1764
0x8e9215,97.238%,39,1373,1412,425,27,12,948
0x9f9864,79.2553%,39,149,188,72,25,14,77
0x4931d5,76.6467%,39,128,167,115,13,26,13
0x5ffb7c,77.5862%,39,135,174,111,17,22,24
0x807eec,77.3256%,39,133,172,54,22,17,79
0x40dfa3,71.1111%,39,96,135,94,35,4,2
0x94878d,97.2954%,39,1403,1442,1383,20,19,20
0x5b02b8,75%,39,117,156,43,23,16,74
0x40d0cb,99.4467%,39,7010,7049,7010,39,0,0
0x8a4640,93.8583%,39,596,635,596,39,0,0
0x559282,94.6207%,39,686,725,225,16,23,461
0xa5f57a,83.0435%,39,191,230,31,25,14,160
0x5d8b86,83.4746%,39,197,236,75,24,15,122
0x8e9f21,98.6091%,39,2765,2804,294,24,15,2471
0x4b598c,98.0636%,39,1975,2014,1972,4,35,3
0x58d154,76.2195%,39,125,164,52,10,29,73
0x47f4f1,96.5909%,39,1105,1144,21,29,10,1084
0x8a900f,98.6022%,39,2751,2790,2751,35,4,0
0x552188,97.4708%,39,1503,1542,0,22,17,1503
0x80d8fb,70.8955%,39,95,134,14,14,25,81
0x8ed488,99.1602%,39,4605,4644,4603,30,9,2
0x556e62,90.7143%,39,381,420,291,24,15,90
0x543642,71.1111%,39,96,135,13,14,25,83
0x404716,93.7299%,39,583,622,579,35,4,4
0x5b9b3a,55.1724%,39,48,87,22,30,9,26
0x507638,98.3043%,39,2261,2300,2261,21,18,0
0x627f4d,96.6977%,39,1142,1181,1139,19,20,3
0x8f140d,95.9402%,38,898,936,455,30,8,443
0xb18106,97.3574%,38,1400,1438,1039,22,16,361
0x58baf7,65.4545%,38,72,110,56,26,12,16
0xa51bb0,68.3333%,38,82,120,53,26,12,29
0xa50139,74.3243%,38,110,148,41,16,22,69
0x534a9c,72.2628%,38,99,137,77,4,34,22
0x8b98ba,99.7069%,38,12926,12964,0,0,38,12926
0x8b9926,99.8595%,38,27003,27041,27002,28,10,1
0x502a51,82.9596%,38,185,223,87,10,28,98
0xa58d81,73.9726%,38,108,146,28,14,24,80
0xa28173,88.6567%,38,297,335,113,13,25,184
0x4046fa,93.8907%,38,584,622,584,38,0,0
0x53f5e6,98.2464%,38,2129,2167,19,9,29,2110
0x8187da,55.814%,38,48,86,15,19,19,33
0xaada0a,86.8056%,38,250,288,7,26,12,243
0x8a348d,92.2764%,38,454,492,451,14,24,3
0xaa63c0,92.5049%,38,469,507,98,18,20,371
0x8dd8fa,98.3471%,38,2261,2299,50,16,22,2211
0x9ee06c,76.3975%,38,123,161,95,19,19,28
0x511f47,72.4638%,38,100,138,100,38,0,0
0xa336cc,95.6019%,38,826,864,534,20,18,292
0xa55e67,76.5432%,38,124,162,24,31,7,100
0xb2ade5,96.3391%,38,1000,1038,1000,38,0,0
0x8a50a3,82.1596%,38,175,213,167,21,17,8
0x9f16fa,60%,38,57,95,57,38,0,0
0x488992,96.3602%,38,1006,1044,1,18,20,1005
0x402938,97.2464%,38,1342,1380,1044,24,14,298
0xa35fa5,93.482%,38,545,583,541,27,11,4
0x807648,93.0909%,38,512,550,48,11,27,464
0x59720f,87.9747%,38,278,316,163,11,27,115
0x9f44d8,75.4839%,38,117,155,8,20,18,109
0x9a12a4,81.2808%,38,165,203,31,20,18,134
0x833a46,82.5688%,38,180,218,60,26,12,120
0x90ab0f,80.5128%,38,157,195,153,15,23,4
0x50c618,65.7658%,38,73,111,53,12,26,20
0x50b84f,92.8166%,38,491,529,101,32,6,390
0x4fdafd,88.0878%,38,281,319,23,13,25,258
0xa52d9d,89.2655%,38,316,354,262,15,23,54
0x78181d,75.3247%,38,116,154,8,33,5,108
0x8fdae4,97.0724%,38,1260,1298,1256,24,14,4
0x8e47bd,95.5451%,38,815,853,463,17,21,352
0x53c69c,94.8718%,38,703,741,703,38,0,0
0x54eac9,70.0787%,38,89,127,89,38,0,0
0x8f4f00,79.7872%,38,150,188,95,21,17,55
0x506a5d,91.8803%,38,430,468,395,20,18,35
0x9a760e,93.2384%,38,524,562,524,20,18,0
0xa58d28,60.4167%,38,58,96,0,0,38,58
0x53532b,59.1398%,38,55,93,40,21,17,15
0xa319cd,82.1596%,38,175,213,13,18,20,162
0x50b879,90.709%,38,371,409,362,7,31,9
0x539bba,85.098%,38,217,255,190,21,17,27
0x8bb400,91.63%,38,416,454,0,0,38,416
0xa51374,92.803%,38,490,528,0,12,26,490
0x66d3fd,97.904%,38,1775,1813,1488,24,14,287
0x5ff814,86.9863%,38,254,292,237,9,29,17
0x404599,93.5702%,38,553,591,343,24,14,210
0x9e613e,87.7419%,38,272,310,213,25,13,59
0x9bc71d,85.6061%,38,226,264,223,19,19,3
0x9812d0,75.4839%,38,117,155,67,13,25,50
0xa560b4,76.25%,38,122,160,53,27,11,69
0x50be55,92.8166%,38,491,529,471,23,15,20
0x558064,96.6696%,38,1103,1141,65,21,17,1038
0x4c4a34,98.5237%,38,2536,2574,67,19,19,2469
0x402d12,87.541%,38,267,305,115,18,20,152
0x5ffd01,62%,38,62,100,30,22,16,32
0x51067e,97.6055%,38,1549,1587,1205,2,36,344
0x8dce3a,87.8594%,38,275,313,233,19,19,42
0x8a2aa3,89.1429%,38,312,350,50,19,19,262
0x506def,94.8649%,38,702,740,702,37,1,0
0x50fd9d,99.7112%,38,13119,13157,453,21,17,12666
0xa030b7,60.8247%,38,59,97,33,17,21,26
0x8f6a23,94.8229%,38,696,734,335,36,2,361
0x8febe2,98.9412%,38,3551,3589,0,0,38,3551
0x8fdfe1,96.2413%,38,973,1011,972,37,1,1
0x58f8ef,52.5%,38,42,80,17,22,16,25
0x508675,93.3798%,38,536,574,132,4,34,404
0x5971b1,93.8808%,38,583,621,28,6,32,555
0x8e2b34,96.6667%,38,1102,1140,1075,13,25,27
0xa59418,88.8563%,38,303,341,14,34,4,289
0xb3479e,90.8873%,38,379,417,379,34,4,0
0x507c1f,91.3242%,38,400,438,280,22,16,120
0x511a7c,99.0323%,38,3889,3927,3889,38,0,0
0xaa57ad,99.4011%,38,6307,6345,3,18,20,6304
0x4bbba3,75.4839%,38,117,155,55,19,19,62
0x49b1e7,96.0581%,38,926,964,37,14,24,889
0x597130,92.1325%,38,445,483,4,25,13,441
0x670418,71.4286%,38,95,133,0,0,38,95
0x8a8b97,65.7658%,38,73,111,42,28,10,31
0x63b49d,98.2134%,38,2089,2127,2,9,29,2087
0x8f35cc,94.0902%,38,605,643,596,21,17,9
0x81f9e7,95.2677%,38,765,803,722,24,14,43
0x48a5a2,98.9663%,38,3638,3676,0,23,15,3638
0x4b9bec,93.92%,38,587,625,44,27,11,543
0xa3b1bb,73.6111%,38,106,144,3,1,37,103
0x942669,92.1325%,38,445,483,0,0,38,445
0x8142fc,98.0691%,38,1930,1968,1629,11,27,301
0xa45bf7,62.7451%,38,64,102,14,21,17,50
0x809236,80.9045%,38,161,199,85,19,19,76
0x81f158,98.0809%,37,1891,1928,1043,24,13,848
0x97b748,64.4231%,37,67,104,53,16,21,14
0x80bfdf,78.1065%,37,132,169,41,14,23,91
0xa92184,93.0057%,37,492,529,492,37,0,0
0x7811ff,98.2506%,37,2078,2115,1168,8,29,910
0x48d97b,99.1689%,37,4415,4452,3536,32,5,879
0x508698,91.5525%,37,401,438,368,6,31,33
0x8ff75a,81.1224%,37,159,196,84,14,23,75
0x9f683f,90.0804%,37,336,373,46,34,3,290
0x4a01fe,75%,37,111,148,30,17,20,81
0x80dcf8,97.0494%,37,1217,1254,609,18,19,608
0x80d8ea,83.1818%,37,183,220,60,26,11,123
0xaa57b9,99.4149%,37,6287,6324,0,2,35,6287
0x9f4bce,87.9479%,37,270,307,71,9,28,199
0x543d3c,76.875%,37,123,160,24,24,13,99
0x8d3c9e,92.9119%,37,485,522,120,21,16,365
0x4b5127,85.0806%,37,211,248,106,14,23,105
0x81f135,98.0809%,37,1891,1928,1891,37,0,0
0x816cb9,97.004%,37,1198,1235,988,7,30,210
0x50c642,72.7941%,37,99,136,69,26,11,30
0x58ebb7,97.7644%,37,1618,1655,104,18,19,1514
0x488a7f,96.4661%,37,1010,1047,13,9,28,997
0x969277,81.407%,37,162,199,5,19,18,157
0x9e19f6,69.1667%,37,83,120,56,18,19,27
0x9a7006,66.9643%,37,75,112,71,23,14,4
0x65a38e,98.5439%,37,2504,2541,608,8,29,1896
0x65a16e,98.4972%,37,2425,2462,575,19,18,1850
0x67fb1b,99.5498%,37,8182,8219,8182,37,0,0
0x9725a0,83.2579%,37,184,221,184,27,10,0
0x82279d,92.6%,37,463,500,433,15,22,30
0x40bb57,87.5%,37,259,296,244,10,27,15
0x8f428f,98.5306%,37,2481,2518,2216,12,25,265
0x8b9a41,99.7412%,37,14260,14297,13823,2,35,437
0xa42170,96.3618%,37,980,1017,628,13,24,352
0x4b5a78,98.8524%,37,3187,3224,1,26,11,3186
0xa1806d,97.4898%,37,1437,1474,5,24,13,1432
0x8e21a6,98.2718%,37,2104,2141,2102,35,2,2
0x984073,66.6667%,37,74,111,4,21,16,70
0x404d75,99.702%,37,12379,12416,2951,9,28,9428
0x9116c1,90.4639%,37,351,388,205,12,25,146
0xa9d1b5,68.1034%,37,79,116,5,29,8,74
0x8ba2c9,98.8761%,37,3255,3292,3244,21,16,11
0x8de807,74.6575%,37,109,146,48,20,17,61
0x49e4b7,77.0186%,37,124,161,18,25,12,106
0x53461b,99.1425%,37,4278,4315,0,0,37,4278
0x50adfd,72.7941%,37,99,136,44,20,17,55
0x8ff699,84.4538%,37,201,238,49,22,15,152
0x627d4d,96.8671%,37,1144,1181,1144,14,23,0
0x8fd573,98.4038%,37,2281,2318,2279,21,16,2
0x80fadb,88.141%,37,275,312,210,16,21,65
0x609da7,89.5184%,37,316,353,135,24,13,181
0x48e0e6,54.878%,37,45,82,32,35,2,13
0x814d52,86.8327%,37,244,281,14,27,10,230
0xad7bab,57.4713%,37,50,87,50,37,0,0
0x9c41c5,88.8554%,37,295,332,295,37,0,0
0xa4d2ef,70.4%,37,88,125,75,14,23,13
0xaa33bc,88.9552%,37,298,335,291,35,2,7
0x59717d,94.2278%,37,604,641,6,14,23,598
0xa45aba,83.5556%,37,188,225,184,22,15,4
0x54ffa4,92.1444%,37,434,471,434,37,0,0
0x7d1610,95.9826%,37,884,921,844,10,27,40
0x4ba0cf,89.1176%,37,303,340,49,30,7,254
0xa2ee8b,79.8913%,37,147,184,126,23,14,21
0x976dfb,86.7857%,37,243,280,13,21,16,230
0x502d29,90.2116%,37,341,378,161,27,10,180
0xa50522,85.3755%,37,216,253,199,16,21,17
0x8d205f,97.5785%,37,1491,1528,22,4,33,1469
0x610be6,81.7734%,37,166,203,15,30,7,151
0x81b34d,89.6359%,37,320,357,257,18,19,63
0xad857c,99.389%,37,6019,6056,0,0,37,6019
0x403697,95.4321%,37,773,810,763,28,9,10
0x81c209,77.8443%,37,130,167,28,27,10,102
0x8ded44,91.5909%,37,403,440,172,18,19,231
0x9a680e,97.5251%,37,1458,1495,1326,22,15,132
0xa02635,97.5201%,37,1455,1492,1455,10,27,0
0x591b91,66.3636%,37,73,110,1,0,37,72
0xa4a762,82.7907%,37,178,215,176,16,21,2
0x54834f,99.7135%,37,12877,12914,12877,33,4,0
0x547f05,93.211%,37,508,545,4,15,22,504
0x908f40,98.0588%,37,1869,1906,26,25,12,1843
0x4be3fb,56.9767%,37,49,86,31,23,14,18
0x9f7a77,66.9643%,37,75,112,6,14,23,69
0xad7efe,97.8222%,37,1662,1699,1662,37,0,0
0x807efa,78.4884%,37,135,172,18,23,14,117
0x8ab0ba,95.6776%,37,819,856,0,0,37,819
0xaae473,99.7689%,37,15972,16009,15968,28,9,4
0x643297,96.7372%,37,1097,1134,1073,27,10,24
0xa9ea94,89.5184%,37,316,353,239,29,8,77
0x504406,95%,37,703,740,429,8,29,274
0x542f03,80.2139%,37,150,187,14,20,17,136
0x8d2837,98.7445%,37,2910,2947,0,17,20,2910
0x40d256,99.6617%,37,10901,10938,10901,37,0,0
0x9d0601,74.8299%,37,110,147,69,16,21,41
0x5a94ab,89.5184%,37,316,353,306,14,23,10
0x7ce546,86.5455%,37,238,275,30,14,23,208
0x55806a,96.4929%,37,1018,1055,68,25,12,950
0x50ee16,72.9927%,37,100,137,30,19,18,70
0x40e2b0,96.5961%,37,1050,1087,1050,19,18,0
0x40f3b4,99.0317%,37,3784,3821,3085,25,12,699
0x819ba5,95.6109%,37,806,843,546,15,22,260
0x48c0f0,75%,36,108,144,36,22,14,72
0x5c5002,73.5294%,36,100,136,9,24,12,91
0x9776e8,97.3837%,36,1340,1376,479,15,21,861
0x8ff883,99.169%,36,4296,4332,0,0,36,4296
0x4942f3,79.4286%,36,139,175,41,29,7,98
0x4b5c80,78.4431%,36,131,167,108,6,30,23
0x4106f4,82.1782%,36,166,202,165,28,8,1
0x90b2ce,72.5191%,36,95,131,95,36,0,0
0xa037b1,99.3647%,36,5631,5667,5631,36,0,0
0x81e51c,95.5446%,36,772,808,705,25,11,67
0x902666,97%,36,1164,1200,0,0,36,1164
0x49fb88,91.4894%,36,387,423,29,24,12,358
0x900709,82.8571%,36,174,210,126,9,27,48
0x8184eb,58.1395%,36,50,86,12,22,14,38
0x4041c5,93.0368%,36,481,517,98,36,0,383
0x4fdbad,85.7708%,36,217,253,178,15,21,39
0xa94498,73.913%,36,102,138,28,24,12,74
0x512ea3,99.1529%,36,4214,4250,4207,35,1,7
0x81d5cf,91.5493%,36,390,426,96,12,24,294
0x4a6ca4,92.5156%,36,445,481,367,15,21,78
0x9e86be,54.4304%,36,43,79,28,19,17,15
0x8d2928,99.8119%,36,19104,19140,19000,8,28,104
0x81ed1b,97.7486%,36,1563,1599,257,17,19,1306
0x7ce8da,97.6714%,36,1510,1546,250,13,23,1260
0x9439d0,75.3425%,36,110,146,20,28,8,90
0x8fe35f,99.7424%,36,13938,13974,13938,36,0,0
0x539dd0,95.1548%,36,707,743,90,25,11,617
0xa576b0,95.2381%,36,720,756,716,20,16,4
0x49f986,82.8571%,36,174,210,6,13,23,168
0x6434df,98.0882%,36,1847,1883,1847,36,0,0
0x49b093,88.75%,36,284,320,24,19,17,260
0x5f5303,99.6173%,36,9372,9408,5593,25,11,3779
0x558da7,88%,36,264,300,201,24,12,63
0x991525,99.473%,36,6795,6831,6795,36,0,0
0x9441fc,95.814%,36,824,860,3,31,5,821
0x596b91,98.4463%,36,2281,2317,0,0,36,2281
0xa25f0d,80.8511%,36,152,188,125,16,20,27
0x5109e7,94.2948%,36,595,631,11,4,32,584
0x670472,72.9323%,36,97,133,41,29,7,56
0x406c73,60%,36,54,90,6,26,10,48
0x811f41,93.3457%,36,505,541,31,11,25,474
0x485b39,90.2965%,36,335,371,0,0,36,335
0x591293,86.8613%,36,238,274,95,19,17,143
0x90875e,99.5774%,36,8483,8519,5615,21,15,2868
0x98cb68,89.1892%,36,297,333,179,12,24,118
0xa904be,78.0488%,36,128,164,86,17,19,42
0x818537,95.7295%,36,807,843,807,20,16,0
0x5ea993,91.8919%,36,408,444,194,18,18,214
0x9c3eaa,58.1395%,36,50,86,50,36,0,0
0x908550,98.3372%,36,2129,2165,2088,17,19,41
0x502076,46.2687%,36,31,67,20,16,20,11
0x60b398,74.2857%,36,104,140,104,36,0,0
0x90202f,99.1491%,36,4195,4231,22,22,14,4173
0x90b336,96.2539%,36,925,961,740,28,8,185
0xa90677,57.6471%,36,49,85,8,16,20,41
0x511ec9,97.8774%,36,1660,1696,1660,36,0,0
0x63ac8e,95.6151%,36,785,821,550,30,6,235
0x504960,95.0345%,36,689,725,150,12,24,539
0xa23912,67.2727%,36,74,110,6,21,15,68
0x512cf3,99.229%,36,4633,4669,4633,36,0,0
0xaa05ab,51.3514%,36,38,74,23,8,28,15
0xb376a5,99.3504%,36,5506,5542,0,0,36,5506
0x4102a4,98.0759%,36,1835,1871,913,14,22,922
0x981330,76.7742%,36,119,155,62,18,18,57
0x81f908,98.2642%,36,2038,2074,30,19,17,2008
0x40219a,99.3323%,36,5356,5392,0,0,36,5356
0x8ff6f7,81.6327%,36,160,196,3,4,32,157
0xb2df34,89.6848%,36,313,349,5,12,24,308
0x9ed26e,93.9189%,36,556,592,103,35,1,453
0x9ea69a,71.875%,36,92,128,11,17,19,81
0x7d0ce5,96.0912%,36,885,921,82,21,15,803
0xad7e12,98.7426%,36,2827,2863,0,0,36,2827
0xa5724e,78.5714%,36,132,168,21,22,14,111
0x81c1e9,83.6364%,36,184,220,34,21,15,150
0x60a80e,92.7126%,36,458,494,50,22,14,408
0x58c524,85%,36,204,240,137,17,19,67
0x837593,77.6398%,36,125,161,6,27,9,119
0x50ee42,59.0909%,36,52,88,16,28,8,36
0xa366f9,76.3158%,36,116,152,22,14,22,94
0xa3116b,85.5422%,36,213,249,7,19,17,206
0x80eb5c,91.6667%,36,396,432,39,25,11,357
0xb31c23,99.8334%,36,21579,21615,0,0,36,21579
0x4bbb9a,82.3529%,36,168,204,20,29,7,148
0x4b6e8e,75.6757%,36,112,148,79,22,14,33
0xaa06fb,66.6667%,36,72,108,29,5,31,43
0xa50b1e,52.6316%,36,40,76,27,30,6,13
0x507867,95.9821%,36,860,896,860,8,28,0
0xa46a81,84.3478%,36,194,230,110,24,12,84
0x974614,56.0976%,36,46,82,12,24,12,34
0x544230,91.198%,36,373,409,367,16,20,6
0x511c0b,99.0833%,36,3891,3927,0,14,22,3891
0xa549dc,92.0354%,36,416,452,402,13,23,14
0xa4e817,77.7778%,36,126,162,2,22,14,124
0x544e1e,83.9286%,36,188,224,164,3,33,24
0x9faf96,90.7928%,36,355,391,355,36,0,0
0x4886bb,94.9721%,36,680,716,299,21,15,381
0x677528,80.8511%,36,152,188,0,0,36,152
0x50d922,93.825%,36,547,583,533,12,24,14
0x535677,80.3279%,36,147,183,21,7,29,126
0x64b6e8,99.6081%,35,8896,8931,8896,35,0,0
0xa2e200,72.4409%,35,92,127,16,22,13,76
0x50aa66,74.2647%,35,101,136,46,23,12,55
0x8fd3e5,94.5312%,35,605,640,19,16,19,586
0x8380d5,80.1136%,35,141,176,114,17,18,27
0x91770c,82.5%,35,165,200,7,30,5,158
0x609f8c,98.8176%,35,2925,2960,0,0,35,2925
0x40988e,93.083%,35,471,506,0,0,35,471
0x80fb8b,86.4341%,35,223,258,73,17,18,150
0x9fb648,88.5621%,35,271,306,45,15,20,226
0x610aec,92.2907%,35,419,454,66,26,9,353
0x60700b,88.0546%,35,258,293,0,0,35,258
0xb0b011,66.6667%,35,70,105,8,4,31,62
0x8ed03f,81.9588%,35,159,194,1,21,14,158
0x8a9f33,91.7647%,35,390,425,0,29,6,390
0xa9e9df,90.085%,35,318,353,110,17,18,208
0x505a36,94.5904%,35,612,647,73,17,18,539
0x8fedde,86.4865%,35,224,259,224,31,4,0
0x8def29,98.2682%,35,1986,2021,1878,12,23,108
0x4a6d24,92.7235%,35,446,481,365,17,18,81
0x8a733f,93.2302%,35,482,517,89,20,15,393
0xb2e6c3,99.7622%,35,14683,14718,14664,8,27,19
0x40bc9c,95.4839%,35,740,775,651,22,13,89
0x9f4ad4,71.3115%,35,87,122,78,6,29,9
0x8b9afc,98.8279%,35,2951,2986,57,16,19,2894
0x8212f4,99.143%,35,4049,4084,4046,30,5,3
0x8f1600,73.8806%,35,99,134,74,22,13,25
0x4c22ed,79.1667%,35,133,168,129,23,12,4
0x600227,97.5661%,35,1403,1438,6,17,18,1397
0xaab66a,97.7361%,35,1511,1546,774,24,11,737
0x498640,65.6863%,35,67,102,63,12,23,4
0x5c44d2,95.302%,35,710,745,710,35,0,0
0x8a2854,87.5445%,35,246,281,145,5,30,101
0x5454aa,73.8806%,35,99,134,60,23,12,39
0x7d2ed0,95.625%,35,765,800,535,7,28,230
0x67adab,98.7305%,35,2722,2757,2722,35,0,0
0x9b8fd9,85.2941%,35,203,238,203,16,19,0
0x9bd154,57.8313%,35,48,83,16,12,23,32
0xa50f59,86.166%,35,218,253,203,12,23,15
0x807fe1,79.6512%,35,137,172,68,28,7,69
0x5341e3,86.166%,35,218,253,116,19,16,102
0x8fcc1a,93.9236%,35,541,576,0,0,35,541
0x8a539a,97.3997%,35,1311,1346,1311,29,6,0
0xb2ffb2,96.7949%,35,1057,1092,0,1,34,1057
0xb46679,99.8459%,35,22671,22706,0,1,34,22671
0x90e0e1,94.4708%,35,598,633,595,8,27,3
0xa4de56,71.0744%,35,86,121,23,17,18,63
0x9e281f,93.5065%,35,504,539,504,35,0,0
0x9f4fb5,84.5815%,35,192,227,44,14,21,148
0x610bf2,86.59%,35,226,261,0,0,35,226
0xad7b6d,95.5071%,35,744,779,14,9,26,730
0x4ac126,79.6512%,35,137,172,137,35,0,0
0x8bccf3,98.2456%,35,1960,1995,0,0,35,1960
0x53a206,95.2894%,35,708,743,704,33,2,4
0x50d2c3,92.3913%,35,425,460,279,19,16,146
0x970ed7,98.037%,35,1748,1783,287,10,25,1461
0x8aa919,98.9769%,35,3386,3421,0,0,35,3386
0xa5706a,79.0419%,35,132,167,28,11,24,104
0x8fe2ea,99.8292%,35,20455,20490,0,15,20,20455
0xa22deb,79.6512%,35,137,172,133,20,15,4
0x8f5402,96.1369%,35,871,906,869,25,10,2
0x8f0c52,82.5%,35,165,200,93,20,15,72
0xa93d8e,75.6944%,35,109,144,5,14,21,104
0xa02874,89.5833%,35,301,336,301,35,0,0
0x5c32d4,84.7162%,35,194,229,168,23,12,26
0x65bd21,90.6915%,35,341,376,170,29,6,171
0xa3931d,94.4969%,35,601,636,2,26,9,599
0x66f58a,73.6842%,35,98,133,91,13,22,7
0xa9b2fe,84.5133%,35,191,226,171,21,14,20
0x50110a,99.6385%,35,9648,9683,9648,35,0,0
0x41024d,99.4071%,35,5868,5903,3,14,21,5865
0x9f8fc6,74.6377%,35,103,138,2,8,27,101
0x5ffa30,88.7821%,35,277,312,239,27,8,38
0x5910be,85.83%,35,212,247,39,23,12,173
0x5c3313,81.6754%,35,156,191,33,31,4,123
0x5ff6b3,65.3465%,35,66,101,6,20,15,60
0x8e311d,99.1649%,35,4156,4191,2190,24,11,1966
0x50d705,92.17%,35,412,447,51,33,2,361
0x54eb0a,49.2754%,35,34,69,34,35,0,0
0x534b68,74.4526%,35,102,137,19,25,10,83
0xb0c671,99.3241%,35,5143,5178,3104,18,17,2039
0x4c518f,89.6755%,35,304,339,13,8,27,291
0xa451ce,91.206%,35,363,398,1,17,18,362
0x4a028d,83.0097%,35,171,206,19,7,28,152
0x9a9e4a,80.3371%,35,143,178,128,9,26,15
0x4ba67a,90.6166%,35,338,373,18,13,22,320
0x8e1f4e,91.0941%,35,358,393,186,28,7,172
0x902972,93.1641%,35,477,512,427,9,26,50
0x9e1960,95.679%,35,775,810,0,0,35,775
0x5971ec,87.8472%,35,253,288,13,13,22,240
0x51b6ec,99.5418%,35,7603,7638,1,10,25,7602
0x8ee7c8,79.4118%,35,135,170,113,18,17,22
0xa589e8,74.6377%,35,103,138,81,17,18,22
0x9113bf,96.6184%,35,1000,1035,136,9,26,864
0x59bc36,96.8412%,35,1073,1108,196,29,6,877
0x4bcb9d,70.8333%,35,85,120,49,29,6,36
0x4102b6,96.0674%,35,855,890,805,10,25,50
0x5391ff,93.083%,35,471,506,463,10,25,8
0xb345f0,84.4444%,35,190,225,190,35,0,0
0xa9d197,78.7879%,35,130,165,3,14,21,127
0x5335ae,57.3171%,35,47,82,21,24,11,26
0x9f1d2f,78.3951%,35,127,162,2,5,30,125
0x542b06,98.4493%,35,2222,2257,167,20,15,2055
0x410b88,95.1389%,35,685,720,123,22,13,562
0x7ce372,97.7535%,35,1523,1558,1144,3,32,379
0xa26374,96.5449%,35,978,1013,581,28,7,397
0xad7f16,97.94%,35,1664,1699,0,0,35,1664
0x901924,90.7162%,35,342,377,1,19,16,341
0x9f6883,90.6166%,35,338,373,17,19,16,321
0x8d24c0,58.5366%,34,48,82,30,10,24,18
0xa51c5f,57.5%,34,46,80,33,9,25,13
0x4043b3,98.575%,34,2352,2386,334,11,23,2018
0x51078c,96.8313%,34,1039,1073,1,12,22,1038
0x809448,95.9906%,34,814,848,797,17,17,17
0x81c57b,90.2299%,34,314,348,155,13,21,159
0x5f14a0,78.481%,34,124,158,123,14,20,1
0x807700,88.3959%,34,259,293,158,18,16,101
0x51b44a,99.2534%,34,4520,4554,0,9,25,4520
0x4b57bf,66.6667%,34,68,102,54,24,10,14
0x9c4189,90.5556%,34,326,360,5,23,11,321
0x991374,68.5185%,34,74,108,9,21,13,65
0x5128ee,91.6667%,34,374,408,38,21,13,336
0x4c1e82,76.5517%,34,111,145,50,26,8,61
0xa4d2e7,79.1411%,34,129,163,13,25,9,116
0xa43852,90.6593%,34,330,364,180,23,11,150
0x819de8,89.6024%,34,293,327,289,22,12,4
0x901b94,86.4%,34,216,250,61,20,14,155
0x403d82,96.9231%,34,1071,1105,51,24,10,1020
0xb32263,99.8812%,34,28594,28628,0,0,34,28594
0x81232a,84.186%,34,181,215,94,22,12,87
0x51103a,99.2399%,34,4439,4473,679,20,14,3760
0xb326d1,99.4722%,34,6408,6442,6408,34,0,0
0xa3a42b,91.687%,34,375,409,5,5,29,370
0x504698,95.4054%,34,706,740,705,17,17,1
0x8a7027,65.6566%,34,65,99,32,24,10,33
0x9f1d84,84.6847%,34,188,222,135,9,25,53
0x47f31a,95.6016%,34,739,773,717,21,13,22
0x54ed48,97.8036%,34,1514,1548,1514,34,0,0
0x541fa7,95.9906%,34,814,848,0,0,34,814
0x5f82a6,94.6288%,34,599,633,0,0,34,599
0x80dcd0,97.2887%,34,1220,1254,102,20,14,1118
0x9aaccd,95.0796%,34,657,691,657,34,0,0
0x48d991,96.1538%,34,850,884,380,30,4,470
0x9f5927,76.3889%,34,110,144,102,17,17,8
0xa02d29,49.2537%,34,33,67,20,15,19,13
0x4c25ba,79.7619%,34,134,168,115,14,20,19
0x81fc06,89.4737%,34,289,323,97,15,19,192
0x50d6f4,87.6364%,34,241,275,134,2,32,107
0x79313f,74.4361%,34,99,133,35,21,13,64
0x544403,87.9004%,34,247,281,36,21,13,211
0x48a27c,99.4491%,34,6138,6172,2076,13,21,4062
0x54571d,96.7681%,34,1018,1052,1,27,7,1017
0x99ab41,88.9968%,34,275,309,39,14,20,236
0xa63c33,93.7269%,34,508,542,0,2,32,508
0xa946bc,80.2326%,34,138,172,98,28,6,40
0x90abcb,96.0511%,34,827,861,0,0,34,827
0x97b7d5,80.6818%,34,142,176,34,7,27,108
0xa5105c,90.9574%,34,342,376,52,31,3,290
0xb2ad10,98.0347%,34,1696,1730,678,14,20,1018
0x550105,39.2857%,34,22,56,1,7,27,21
0x666fe4,71.4286%,34,85,119,73,23,11,12
0xa3493f,97.987%,34,1655,1689,271,17,17,1384
0x90ad16,96.462%,34,927,961,896,21,13,31
0x90e627,94.3615%,34,569,603,80,15,19,489
0x8dcb5a,98.5211%,34,2265,2299,1515,6,28,750
0x63c876,96.462%,34,927,961,568,10,24,359
0x5cba12,78.0645%,34,121,155,0,0,34,121
0xa42958,96.9231%,34,1071,1105,1061,16,18,10
0x53d8a1,83.8095%,34,176,210,166,17,17,10
0x58ec32,97.9456%,34,1621,1655,1603,22,12,18
0x4bc406,96.4361%,34,920,954,920,34,0,0
0x904292,91.7073%,34,376,410,376,14,20,0
0x8f0ce3,94.4171%,34,575,609,403,14,20,172
0x5104f7,97.8481%,34,1546,1580,1149,5,29,397
0xa33d21,96.1143%,34,841,875,517,11,23,324
0xa26093,93.597%,34,497,531,112,29,5,385
0x819b5b,60.4651%,34,52,86,19,15,19,33
0x667152,82.3834%,34,159,193,6,15,19,153
0x8e4633,97.7646%,34,1487,1521,1139,9,25,348
0x81c216,79.6407%,34,133,167,119,5,29,14
0x5a91a5,90.3683%,34,319,353,297,23,11,22
0x8b9b2d,92.093%,34,396,430,363,9,25,33
0xaadf05,99.6199%,34,8910,8944,8910,34,0,0
0x538648,97.5955%,34,1380,1414,1380,34,0,0
0x6094ce,95.734%,34,763,797,348,23,11,415
0x6069de,84.8889%,34,191,225,191,34,0,0
0x819631,92.3767%,34,412,446,409,19,15,3
0x58cdb3,79.3939%,34,131,165,39,4,30,92
0x502746,95.7125%,34,759,793,35,15,19,724
0x9842fa,76.7123%,34,112,146,45,27,7,67
0x808776,41.3793%,34,24,58,9,22,12,15
0x81c58c,81.1111%,34,146,180,113,14,20,33
0x5f10c7,88.8889%,34,272,306,245,25,9,27
0x6113fc,68.2243%,34,73,107,14,20,14,59
0x808bc3,89.697%,34,296,330,51,20,14,245
0x4a8417,63.0435%,34,58,92,54,32,2,4
0x819d11,94.56%,34,591,625,591,14,20,0
0x50e3c4,64.9485%,34,63,97,25,21,13,38
0x508bb0,94.0767%,34,540,574,21,20,14,519
0x8efaa9,92.2551%,34,405,439,250,29,5,155
0x404e6f,96.9912%,34,1096,1130,1033,23,11,63
0x40dbd7,50.7246%,34,35,69,9,30,4,26
0x5912ef,86.1789%,34,212,246,209,22,12,3
0x911aa4,97.2756%,34,1214,1248,74,16,18,1140
0xa2623f,91.5842%,34,370,404,285,11,23,85
0xb0b03a,52.7778%,34,38,72,15,14,20,23
0x9ab92c,85.2814%,34,197,231,129,15,19,68
0x404334,98.7379%,34,2660,2694,2660,34,0,0
0x90979f,98.1671%,34,1821,1855,1727,11,23,94
0x5345dd,99.5217%,34,7074,7108,0,3,31,7074
0x9e750b,96.4435%,34,922,956,326,26,8,596
0x9c395e,73.6434%,34,95,129,48,11,23,47
0x78ef14,76.2238%,34,109,143,42,14,20,67
0x505fdb,63.4409%,34,59,93,40,23,11,19
0x550294,56.4103%,34,44,78,12,27,7,32
0x58d81e,83.7321%,34,175,209,133,6,28,42
0x8a96f3,99.5052%,34,6838,6872,1126,20,14,5712
0xa942fe,67.9245%,34,72,106,65,20,14,7
0x53bb60,94.2857%,34,561,595,561,32,2,0
0xa9e217,85.654%,34,203,237,13,21,13,190
0x49e502,86.9231%,34,226,260,100,18,16,126
0x53c71c,84.6154%,34,187,221,149,14,20,38
0x49ec30,89.441%,34,288,322,141,20,14,147
0x8bcbdf,72.3577%,34,89,123,32,21,13,57
0x60a850,93.1174%,34,460,494,0,0,34,460
0x5571aa,83.3333%,34,170,204,141,19,15,29
0x64cd68,93.6803%,34,504,538,74,25,9,430
0x60a869,91.9431%,34,388,422,0,27,7,388
0x54fa2a,98.8548%,34,2935,2969,2935,34,0,0
0x8195ba,90.6336%,34,329,363,13,21,13,316
0x64af5c,99.4043%,34,5674,5708,2,19,15,5672
0x81eac1,89.8507%,34,301,335,0,0,34,301
0x8062ea,83.8095%,34,176,210,93,16,18,83
0x8ef6d1,87.9433%,34,248,282,127,20,14,121
0x9f5d2d,63.8298%,34,60,94,57,9,25,3
0x81e7b8,95.7973%,34,775,809,183,21,13,592
0x90e144,94.3615%,34,569,603,561,10,24,8
0x505220,95.4054%,34,706,740,700,13,21,6
0xa2dc67,86.8217%,34,224,258,183,11,23,41
0x821422,96.8224%,34,1036,1070,860,17,17,176
0x618905,89.2405%,34,282,316,214,27,7,68
0x48bb95,96.473%,34,930,964,930,24,10,0
0x8d9bc9,97.7027%,34,1446,1480,1085,25,9,361
0x8f618b,80.117%,34,137,171,83,17,17,54
0xa46685,72.2689%,33,86,119,11,12,21,75
0x60961a,60.241%,33,50,83,50,33,0,0
0x9eb7d2,80.3571%,33,135,168,43,17,16,92
0x9d1cc3,53.5211%,33,38,71,10,23,10,28
0xa5303b,82.8125%,33,159,192,155,27,6,4
0xad802a,99.4551%,33,6023,6056,6023,33,0,0
0x4a775f,97.6361%,33,1363,1396,0,33,0,1363
0x608d0e,79.6296%,33,129,162,129,33,0,0
0x8ef134,92.6829%,33,418,451,97,15,18,321
0x9e1a3c,72.5%,33,87,120,81,23,10,6
0x9f4b25,72.9508%,33,89,122,24,18,15,65
0x80f6b1,77.7027%,33,115,148,60,8,25,55
0x8a6735,63.3333%,33,57,90,11,18,15,46
0x811e87,98.6779%,33,2463,2496,62,21,12,2401
0x5bba2a,72.2689%,33,86,119,71,25,8,15
0x48bfda,76.5957%,33,108,141,18,23,10,90
0x406cae,72.7273%,33,88,121,50,13,20,38
0x402b15,99.1499%,33,3849,3882,2943,11,22,906
0x8fe923,78.8462%,33,123,156,112,16,17,11
0x9eb78b,80%,33,132,165,71,15,18,61
0x501830,96.6834%,33,962,995,3,15,18,959
0x50d65f,96.9501%,33,1049,1082,492,12,21,557
0x8a5f1a,74.8092%,33,98,131,22,23,10,76
0x8bd37b,98.1143%,33,1717,1750,0,0,33,1717
0xa54dc4,85.7759%,33,199,232,98,18,15,101
0xa34b0f,82.7225%,33,158,191,25,15,18,133
0x8a64ec,96.8985%,33,1031,1064,1,16,17,1030
0x8ad90a,63.3333%,33,57,90,20,13,20,37
0x40382a,95.8281%,33,758,791,108,30,3,650
0x4b5041,74.8092%,33,98,131,2,7,26,96
0xa4e6c6,56.5789%,33,43,76,25,13,20,18
0x606abd,85.3333%,33,192,225,29,20,13,163
0x5fa896,76.087%,33,105,138,68,1,32,37
0xa32c1c,96.4401%,33,894,927,894,33,0,0
0x5fa19f,95.8543%,33,763,796,753,16,17,10
0x534447,99.425%,33,5706,5739,13,23,10,5693
0x4b6d0d,79.2453%,33,126,159,121,27,6,5
0x60dce0,96.4208%,33,889,922,878,20,13,11
0x8eae24,93.5673%,33,480,513,18,8,25,462
0xaa2f08,94.6774%,33,587,620,504,14,19,83
0x5c44fb,95.5705%,33,712,745,698,10,23,14
0xa54118,95.3324%,33,674,707,671,23,10,3
0x543cae,82.3529%,33,154,187,119,16,17,35
0x4bcca8,81.6667%,33,147,180,57,16,17,90
0x60b373,89.7196%,33,288,321,288,33,0,0
0x9be5b5,87.2093%,33,225,258,219,29,4,6
0x40e115,98.0228%,33,1636,1669,0,0,33,1636
0x902d72,96.2156%,33,839,872,833,17,16,6
0xa2731d,89.6875%,33,287,320,287,33,0,0
0x8bb3e1,92.7313%,33,421,454,399,25,8,22
0xa3416e,85.3333%,33,192,225,113,18,15,79
0x5fe1b4,73.8095%,33,93,126,0,0,33,93
0x8ebabd,93.5167%,33,476,509,4,18,15,472
0x50d01a,82.4468%,33,155,188,50,18,15,105
0x8e91eb,97.6629%,33,1379,1412,441,11,22,938
0x40ddaa,99.6045%,33,8310,8343,8310,33,0,0
0x64b0c4,99.8434%,33,21045,21078,20995,19,14,50
0xa521e4,78.5714%,33,121,154,48,13,20,73
0x8fbf3a,92.0482%,33,382,415,382,33,0,0
0x63d1b5,83.5%,33,167,200,165,12,21,2
0x984031,79.1139%,33,125,158,125,21,12,0
0x80e6a1,93.3735%,33,465,498,235,14,19,230
0xb0ceff,97.6728%,33,1385,1418,772,17,16,613
0x8b94dd,94.6166%,33,580,613,0,0,33,580
0x557bfb,49.2308%,33,32,65,18,10,23,14
0x8f4be2,75.5556%,33,102,135,74,13,20,28
0x53ef54,89.2857%,33,275,308,132,22,11,143
0xa39818,88.8889%,33,264,297,5,19,14,259
0x97846d,93.0818%,33,444,477,3,15,18,441
0x4c4095,83.8235%,33,171,204,96,16,17,75
0x40f514,99.9392%,33,54281,54314,54281,33,0,0
0x5f7b45,80.2395%,33,134,167,7,25,8,127
0x9e879f,58.2278%,33,46,79,19,19,14,27
0x51b8d0,87.3077%,33,227,260,2,0,33,225
0x54f337,96.7488%,33,982,1015,0,0,33,982
0x94e130,94.3782%,33,554,587,150,26,7,404
0x65c22e,99.3246%,33,4853,4886,4762,12,21,91
0x535618,54.7945%,33,40,73,9,3,30,31
0xad7e39,99.0415%,33,3410,3443,3410,33,0,0
0x8bb363,92.7313%,33,421,454,42,21,12,379
0x81c2db,58.75%,33,47,80,13,21,12,34
0xb0b0bb,75.3731%,33,101,134,93,19,14,8
0xb302ec,99.3387%,33,4957,4990,0,0,33,4957
0x8ff1e9,80.5882%,33,137,170,8,8,25,129
0x55297e,76.7606%,33,109,142,9,7,26,100
0x5904d5,97.5537%,33,1316,1349,0,0,33,1316
0xb326a7,99.4877%,33,6409,6442,6409,33,0,0
0x554e90,76.7606%,33,109,142,109,33,0,0
0x591714,99.288%,33,4602,4635,4602,33,0,0
0x808769,67.9612%,33,70,103,23,22,11,47
0x66f62f,44.0678%,33,26,59,12,21,12,14
0x9eedfe,94.5724%,33,575,608,569,13,20,6
0xa465e4,76.7606%,33,109,142,11,19,14,98
0xa5842b,74.4186%,33,96,129,91,28,5,5
0x403ef5,98.2465%,33,1849,1882,616,10,23,1233
0x40f38c,99.0018%,33,3273,3306,32,8,25,3241
0x627af3,97.2058%,33,1148,1181,10,13,20,1138
0x810938,77.0833%,33,111,144,107,13,20,4
0xa5892c,64.5161%,33,60,93,18,21,12,42
0xb2e2e6,31.25%,33,15,48,0,0,33,15
0x667016,90.4899%,33,314,347,307,13,20,7
0x58da71,84.2105%,33,176,209,20,6,27,156
0x504bbd,78.5714%,33,121,154,96,20,13,25
0x5a917d,90.6516%,33,320,353,311,13,20,9
0x50e1c2,65.9794%,33,64,97,35,17,16,29
0x40f395,98.9896%,33,3233,3266,651,20,13,2582
0xa58294,70.7965%,33,80,113,66,24,9,14
0x8a8fb6,88.2143%,33,247,280,127,9,24,120
0x610c22,90.379%,33,310,343,60,28,5,250
0x4bba90,70.5357%,33,79,112,34,22,11,45
0xb2fce6,99.8535%,33,22486,22519,0,0,33,22486
0x58fd9b,99.5517%,33,7328,7361,82,17,16,7246
0x58c028,56.5789%,33,43,76,0,0,33,43
0x817e79,86.3636%,33,209,242,170,17,16,39
0xaab454,95.5882%,33,715,748,715,33,0,0
0xa66166,70.7965%,33,80,113,6,21,12,74
0xab3336,75%,33,99,132,80,10,23,19
0x667157,80.814%,33,139,172,5,10,23,134
0xb2e617,99.8447%,33,21221,21254,0,0,33,21221
0x5f848b,94.3493%,33,551,584,425,13,20,126
0xa42af7,96.1628%,33,827,860,827,33,0,0
0x96bfb9,95.7143%,33,737,770,737,33,0,0
0x6670db,96.6901%,33,964,997,18,12,21,946
0x58fe24,99.2002%,33,4093,4126,0,0,33,4093
0x9a1622,83.7438%,33,170,203,170,12,21,0
0xaa5c3c,86.8852%,32,212,244,73,22,10,139
0x591142,87.0445%,32,215,247,94,2,30,121
0x98ccd3,86.2069%,32,200,232,84,6,26,116
0x54eb1a,53.6232%,32,37,69,37,32,0,0
0x51c136,99.2737%,32,4374,4406,391,27,5,3983
0x59252a,99.3071%,32,4586,4618,0,0,32,4586
0x4a5cb3,83.3333%,32,160,192,79,5,27,81
0x821492,98.3887%,32,1954,1986,0,0,32,1954
0x405b3b,92.5059%,32,395,427,308,29,3,87
0x40dfab,76.2963%,32,103,135,101,25,7,2
0xa39a40,94.4541%,32,545,577,544,14,18,1
0x5080a3,91.8367%,32,360,392,121,15,17,239
0x5c32ec,83.2461%,32,159,191,40,24,8,119
0x8e48ab,97.2125%,32,1116,1148,2,18,14,1114
0x53b287,98.6874%,32,2406,2438,0,0,32,2406
0x494c2f,40.7407%,32,22,54,7,19,13,15
0x40487e,94.7883%,32,582,614,192,25,7,390
0x9e7602,92%,32,368,400,231,10,22,137
0x9846c9,78.0822%,32,114,146,66,17,15,48
0x40293d,89.7436%,32,280,312,0,0,32,280
0x9d2040,68.3168%,32,69,101,11,17,15,58
0xa5010f,80.6061%,32,133,165,7,10,22,126
0x8d3c2b,93.7743%,32,482,514,248,22,10,234
0xaab22e,99.0482%,32,3330,3362,3,9,23,3327
0x8d2530,60.9756%,32,50,82,49,23,9,1
0x5c3324,86.0262%,32,197,229,0,0,32,197
0x4a1378,72.8814%,32,86,118,5,22,10,81
0xa396c4,94.6932%,32,571,603,302,11,21,269
0xb3224a,99.8918%,32,29535,29567,0,0,32,29535
0xa5856a,82.3204%,32,149,181,33,30,2,116
0x5970df,93.3747%,32,451,483,2,21,11,449
0x4bb76a,84.466%,32,174,206,105,15,17,69
0x53bb57,97.2003%,32,1111,1143,876,10,22,235
0x60e354,92.809%,32,413,445,412,19,13,1
0x4942ed,81.7143%,32,143,175,0,0,32,143
0xa39fcc,97.5702%,32,1285,1317,1285,32,0,0
0x8a77ac,55.5556%,32,40,72,10,18,14,30
0x604442,80.9524%,32,136,168,134,22,10,2
0xa55e73,70.0935%,32,75,107,63,14,18,12
0xa90744,85.9649%,32,196,228,1,4,28,195
0x9e0450,96.9407%,32,1014,1046,826,9,23,188
0x5bbc9b,92.6437%,32,403,435,353,15,17,50
0xa503a5,91.1602%,32,330,362,330,28,4,0
0x40d4c6,93.7132%,32,477,509,477,32,0,0
0x99c84c,96.2441%,32,820,852,735,19,13,85
0x9e24ef,89.9687%,32,287,319,232,13,19,55
0x8e2f88,98.3814%,32,1945,1977,1745,23,9,200
0x9a1323,78.9474%,32,120,152,99,23,9,21
0x5b0df1,98.8024%,32,2640,2672,0,0,32,2640
0xa43e1e,34.6939%,32,17,49,17,32,0,0
0x813da3,73.3333%,32,88,120,10,12,20,78
0x405e1a,86.5546%,32,206,238,145,21,11,61
0x604607,81.9209%,32,145,177,145,32,0,0
0xace2fb,86.2661%,32,201,233,145,3,29,56
0x9f5906,83.5052%,32,162,194,2,11,21,160
0x8fd9c8,90.0929%,32,291,323,52,13,19,239
0x9fe2cd,81.7143%,32,143,175,5,26,6,138
0x5488ff,42.8571%,32,24,56,14,26,6,10
0x991acc,83.2461%,32,159,191,0,0,32,159
0x8bc8e9,99.8123%,32,17012,17044,17011,10,22,1
0x7cea4e,98.314%,32,1866,1898,1866,32,0,0
0xa91ab4,83.5897%,32,163,195,9,14,18,154
0x8fcc1e,94.4444%,32,544,576,53,17,15,491
0x49371c,64.8352%,32,59,91,21,20,12,38
0x9f0ee7,45.7627%,32,27,59,10,25,7,17
0x5521a7,97.9328%,32,1516,1548,0,21,11,1516
0x911903,96.9082%,32,1003,1035,90,6,26,913
0x493066,80.8383%,32,135,167,135,32,0,0
0xa91953,45.7627%,32,27,59,9,8,24,18
0xa553cb,71.9298%,32,82,114,59,29,3,23
0x8a96c5,97.8231%,32,1438,1470,16,22,10,1422
0x534e51,98.9276%,32,2952,2984,2952,32,0,0
0x8bb1c2,92.9825%,32,424,456,0,0,32,424
0xa01dfe,52.9412%,32,36,68,10,17,15,26
0x5ffe1d,64.0449%,32,57,89,20,23,9,37
0x559066,90.3904%,32,301,333,174,23,9,127
0x4befd9,96.5591%,32,898,930,0,0,32,898
0x609519,94.7798%,32,581,613,235,25,7,346
0x60ec50,56.7568%,32,42,74,8,28,4,34
0xa4bab3,83.5052%,32,162,194,162,28,4,0
0x64a878,69.8113%,32,74,106,56,18,14,18
0x814d6d,88.6121%,32,249,281,26,15,17,223
0x48c878,95.231%,32,639,671,637,24,8,2
0x6104b8,88.5714%,32,248,280,44,10,22,204
0xa95bec,75.3846%,32,98,130,98,32,0,0
0x9e62da,80.9524%,32,136,168,131,18,14,5
0x50136b,98.0149%,32,1580,1612,0,0,32,1580
0x8dfe1c,90.7514%,32,314,346,167,19,13,147
0x58fe4d,99.2244%,32,4094,4126,3596,23,9,498
0xa52dcb,90.9605%,32,322,354,320,11,21,2
0xb32723,99.5033%,32,6410,6442,0,0,32,6410
0x54f9fd,98.9222%,32,2937,2969,2937,32,0,0
0xa262e9,96.8411%,32,981,1013,386,18,14,595
0x8213e6,89.644%,32,277,309,75,25,7,202
0x60c4d0,98.1662%,32,1713,1745,0,0,32,1713
0x5106d9,99.4793%,32,6113,6145,6113,32,0,0
0x550507,99.7203%,32,11408,11440,11408,32,0,0
0x48c8af,96.7179%,32,943,975,943,22,10,0
0x811c26,95.8388%,32,737,769,23,14,18,714
0xa4d4db,52.2388%,32,35,67,24,15,17,11
0x9ed4f2,87.6448%,32,227,259,164,10,22,63
0xa31348,77.4648%,32,110,142,31,26,6,79
0xa5003e,60.4938%,32,49,81,28,15,17,21
0x539099,75.7576%,32,100,132,97,31,1,3
0xa96905,84.7619%,32,178,210,53,8,24,125
0x8e4653,96.2485%,32,821,853,366,7,25,455
0x48a69d,95.389%,32,662,694,662,14,18,0
0x6662a2,99.1285%,32,3640,3672,0,0,32,3640
0xa9daf9,69.5238%,32,73,105,26,22,10,47
0x8d2337,96.8159%,32,973,1005,0,5,27,973
0x97b7dd,76.2963%,32,103,135,91,23,9,12
0xb0a061,94.2342%,32,523,555,333,12,20,190
0xa54deb,72.4138%,32,84,116,67,23,9,17
0x9fc843,85.4545%,32,188,220,186,28,4,2
0xb1b6f2,96.8159%,32,973,1005,1,18,14,972
0x40ce13,99.8353%,32,19401,19433,19401,32,0,0
0x40490d,93.8931%,32,492,524,250,15,17,242
0x48b396,91.2088%,32,332,364,332,32,0,0
0x50f79e,97.037%,32,1048,1080,1048,32,0,0
0x9099d0,98.2768%,32,1825,1857,717,14,18,1108
0x77ff2b,84.5411%,32,175,207,35,9,23,140
0x9427c1,98.1065%,32,1658,1690,0,0,32,1658
0x5ff80a,90.3323%,32,299,331,27,12,20,272
0x90acf7,84.466%,32,174,206,94,12,20,80
0x81c2bc,43.8596%,32,25,57,15,8,24,10
0x8b9867,99.6701%,32,9667,9699,0,0,32,9667
0x8f0aa3,94.7455%,32,577,609,555,12,20,22
0x54fa49,98.9222%,32,2937,2969,1,10,22,2936
0x8044c9,87.8788%,32,232,264,230,6,26,2
0x4b6b73,73.3333%,32,88,120,26,18,14,62
0x489b23,92.1951%,32,378,410,376,20,12,2
0x8ee167,94.6755%,32,569,601,152,18,14,417
0x639c0b,96%,32,768,800,768,32,0,0
0x507ee7,94.4251%,32,542,574,406,32,0,136
0x8a739a,96.5665%,32,900,932,811,13,19,89
0x5cb0f7,96.3883%,32,854,886,30,18,14,824
0x511aad,98.8709%,32,2802,2834,2802,32,0,0
0x81bd10,65.5914%,32,61,93,52,12,20,9
0xaa144a,80.4878%,32,132,164,98,21,11,34
0xa4f96e,92.8251%,32,414,446,183,7,25,231
0xa9ed0b,73.9837%,32,91,123,21,21,11,70
0x507bd6,95.9647%,32,761,793,36,17,15,725
0xa2aae8,72.5664%,31,82,113,6,25,6,76
0xa94297,82.1839%,31,143,174,1,7,24,142
0x9a7485,73.5043%,31,86,117,84,10,21,2
0x8e0f48,99.2603%,31,4160,4191,2208,6,25,1952
0x508659,96.0908%,31,762,793,36,17,14,726
0x9f091d,96.9124%,31,973,1004,973,31,0,0
0xb3465d,86.2222%,31,194,225,41,7,24,153
0xa90185,83.5979%,31,158,189,112,14,17,46
0xa942f1,76.8657%,31,103,134,16,28,3,87
0x9ed5af,70.7547%,31,75,106,6,23,8,69
0xa2fc73,95.4345%,31,648,679,21,19,12,627
0x409a59,84.1837%,31,165,196,19,20,11,146
0xa4a9a8,70.1923%,31,73,104,0,0,31,73
0x9a1d11,84.878%,31,174,205,129,5,26,45
0x9ee55b,93.2609%,31,429,460,386,17,14,43
0x667088,97.4858%,31,1202,1233,1064,20,11,138
0x5fd73c,66.3043%,31,61,92,0,0,31,61
0x9519b9,89.6667%,31,269,300,126,26,5,143
0x9f8f67,74.1667%,31,89,120,38,11,20,51
0x49b30b,99.2826%,31,4290,4321,904,9,22,3386
0x4a74ad,56.9444%,31,41,72,41,31,0,0
0x8ec3b7,83.2432%,31,154,185,147,12,19,7
0x9a805f,65.5556%,31,59,90,8,17,14,51
0x81b121,53.0303%,31,35,66,18,16,15,17
0xa9004a,81.0976%,31,133,164,16,2,29,117
0x4a6fb4,87.6%,31,219,250,102,27,4,117
0x969282,82.2857%,31,144,175,0,0,31,144
0x821102,96.0154%,31,747,778,2,2,29,745
0x48de88,72.3214%,31,81,112,0,7,24,81
0x8dcb9a,98.6516%,31,2268,2299,646,22,9,1622
0xb313f2,86.2222%,31,194,225,122,17,14,72
0x409adb,79.4702%,31,120,151,25,19,12,95
0x6095e7,62.6506%,31,52,83,19,21,10,33
0x9ea625,75.2%,31,94,125,70,12,19,24
0xa43a6b,91.3889%,31,329,360,17,11,20,312
0xaa4579,99.4731%,31,5853,5884,0,0,31,5853
0x9f4433,81.5476%,31,137,168,62,29,2,75
0x9c3848,91.2429%,31,323,354,323,31,0,0
0x548c43,98.5301%,31,2078,2109,0,0,31,2078
0xa52c04,85.3774%,31,181,212,174,19,12,7
0xa93605,61.7284%,31,50,81,4,18,13,46
0x9f514d,91.0145%,31,314,345,312,26,5,2
0x8dc692,98.6516%,31,2268,2299,1503,18,13,765
0x81e690,94.3942%,31,522,553,522,31,0,0
0x5f103f,89.8693%,31,275,306,265,5,26,10
0x54f999,54.4118%,31,37,68,7,18,13,30
0xaa05b5,44.6429%,31,25,56,14,24,7,11
0xa916e3,84.4221%,31,168,199,0,4,27,168
0xa2739f,96.5517%,31,868,899,587,28,3,281
0x814040,95.8995%,31,725,756,481,23,8,244
0x94e8c5,82.7778%,31,149,180,109,11,20,40
0x9019fc,63.9535%,31,55,86,22,7,24,33
0x4a137e,65.9341%,31,60,91,43,14,17,17
0x59bbc3,98.5622%,31,2125,2156,0,0,31,2125
0x9f3898,91.9897%,31,356,387,3,8,23,353
0xa92557,93.4737%,31,444,475,202,16,15,242
0x901295,82.7778%,31,149,180,138,15,16,11
0xa50193,79.0541%,31,117,148,31,26,5,86
0x40e9e0,90.2208%,31,286,317,286,31,0,0
0x820dc6,94.8505%,31,571,602,221,23,8,350
0x64b3fc,99.8596%,31,22051,22082,2,19,12,22049
0x501fff,65.9341%,31,60,91,50,9,22,10
0x488a24,97.9961%,31,1516,1547,0,22,9,1516
0x507eff,94.1839%,31,502,533,499,29,2,3
0x9f3f11,90.4321%,31,293,324,2,2,29,291
0x8d30ce,87.4494%,31,216,247,1,10,21,215
0x410394,94.5614%,31,539,570,168,22,9,371
0x8102b2,98.0576%,31,1565,1596,790,8,23,775
0xb2e7a5,99.6123%,31,7964,7995,6,13,18,7958
0x50e539,68.0412%,31,66,97,38,17,14,28
0xa5eb7d,90.5199%,31,296,327,1,18,13,295
0x5fa2a7,93.7247%,31,463,494,235,6,25,228
0x99a84e,88.5609%,31,240,271,149,20,11,91
0x5ff6a2,69.3069%,31,70,101,7,4,27,63
0x604c12,87.5502%,31,218,249,4,18,13,214
0x8e2077,94.1399%,31,498,529,304,5,26,194
0x5c566c,86.5801%,31,200,231,0,0,31,200
0x4c6282,29.5455%,31,13,44,7,17,14,6
0x974630,70.7547%,31,75,106,59,7,24,16
0x4103d1,95.7534%,31,699,730,682,24,7,17
0xa02322,99.5872%,31,7478,7509,0,0,31,7478
0x4bb9d8,72.0721%,31,80,111,29,20,11,51
0x8f2b34,69.6078%,31,71,102,52,16,15,19
0x9a8e97,75.3968%,31,95,126,94,18,13,1
0x8dd380,98.6516%,31,2268,2299,661,7,24,1607
0x53c38b,79.8701%,31,123,154,105,27,4,18
0x4b5fea,71.8182%,31,79,110,0,0,31,79
0x8a671a,77.6978%,31,108,139,24,25,6,84
0xa48e2b,82.5843%,31,147,178,7,26,5,140
0xa58397,92.7907%,31,399,430,2,2,29,397
0x4a0183,73.2759%,31,85,116,2,13,18,83
0x5f82ba,95.1027%,31,602,633,2,13,18,600
0x54eb4b,27.907%,31,12,43,12,31,0,0
0x8187bb,48.3333%,31,29,60,9,17,14,20
0xa465b5,93.6475%,31,457,488,453,17,14,4
0x404db0,99.2219%,31,3953,3984,3887,27,4,66
0xa1ad87,75.5906%,31,96,127,41,12,19,55
0x8da425,95.4074%,31,644,675,644,31,0,0
0x58e008,85.1675%,31,178,209,118,17,14,60
0x49cac3,93.5551%,31,450,481,0,6,25,450
0xb30197,93.9453%,31,481,512,0,0,31,481
0xaa069e,81.5476%,31,137,168,12,14,17,125
0x49977e,58.1081%,31,43,74,27,21,10,16
0x40ebe7,96.7742%,31,930,961,851,12,19,79
0x4bac9f,94.7368%,31,558,589,203,19,12,355
0x905c67,95.8333%,31,713,744,425,21,10,288
0x81d1bb,88.8889%,31,248,279,203,16,15,45
0x5ffa70,88.3459%,31,235,266,78,14,17,157
0x9d0e98,96.0052%,31,745,776,744,17,14,1
0x4b70bc,79.0541%,31,117,148,39,22,9,78
0xb301be,93.018%,31,413,444,0,0,31,413
0x59bbb5,98.5622%,31,2125,2156,2125,31,0,0
0x53ab34,69%,31,69,100,42,11,20,27
0xa585a8,73.9496%,31,88,119,0,0,31,88
0x8a25a1,88.3019%,31,234,265,0,0,31,234
0x537390,75.7812%,31,97,128,97,31,0,0
0x81457e,98.2376%,31,1728,1759,1702,12,19,26
0xa52a56,67.3684%,31,64,95,15,15,16,49
0x49e32d,90.9357%,31,311,342,311,31,0,0
0xa34914,98.0128%,31,1529,1560,1087,19,12,442
0x5c334f,86.4629%,31,198,229,31,9,22,167
0x90ab02,96.7742%,31,930,961,756,10,21,174
0xaa057c,70.7547%,31,75,106,63,18,13,12
0x60a67c,97.1664%,31,1063,1094,1063,31,0,0
0xa50f41,87.9377%,31,226,257,0,0,31,226
0x59083c,98.5773%,31,2148,2179,11,17,14,2137
0xa399da,89.011%,30,243,273,0,0,30,243
0x503abe,95.098%,30,582,612,296,14,16,286
0x4106dc,85.782%,30,181,211,7,7,23,174
0x4a6573,79.3103%,30,115,145,38,21,9,77
0x7809ae,69.3878%,30,68,98,13,8,22,55
0x596bf2,98.7052%,30,2287,2317,2287,30,0,0
0x5bcebd,96.888%,30,934,964,902,18,12,32
0x7c638a,81.5951%,30,133,163,11,2,28,122
0x5bceed,90.6832%,30,292,322,36,15,15,256
0xa327ae,61.5385%,30,48,78,12,11,19,36
0xaa1304,52.381%,30,33,63,10,15,15,23
0x973d23,70.8738%,30,73,103,73,30,0,0
0x40d9e1,99.746%,30,11780,11810,11780,30,0,0
0x99a86f,88.9299%,30,241,271,89,13,17,152
0x4102ff,99.4976%,30,5941,5971,168,22,8,5773
0xa50ef9,91.6201%,30,328,358,328,30,0,0
0x944dc4,94.3289%,30,499,529,8,14,16,491
0xa02c78,71.1538%,30,74,104,62,10,20,12
0x4050bb,99.1955%,30,3699,3729,3699,9,21,0
0x9ed3e7,88.417%,30,229,259,132,16,14,97
0x5efc4c,57.1429%,30,40,70,37,30,0,3
0xaadb75,44.4444%,30,24,54,0,0,30,24
0x5ea99f,87.069%,30,202,232,56,12,18,146
0x609579,91.5014%,30,323,353,92,9,21,231
0x58d847,78.4173%,30,109,139,50,19,11,59
0x55482c,85.2941%,30,174,204,98,6,24,76
0x4022df,98.3193%,30,1755,1785,1712,18,12,43
0x404e15,99.756%,30,12266,12296,0,0,30,12266
0x5b15ae,94.1176%,30,480,510,464,18,12,16
0x819cc4,55.2239%,30,37,67,25,9,21,12
0x5422ac,99.4974%,30,5939,5969,5939,30,0,0
0x610b52,91.2536%,30,313,343,42,22,8,271
0x4048c6,95.114%,30,584,614,78,12,18,506
0x8deafb,76.5625%,30,98,128,39,11,19,59
0x4bc2e2,97.9893%,30,1462,1492,1462,30,0,0
0x48d7bc,97%,30,970,1000,248,15,15,722
0x8dc1d4,98.6951%,30,2269,2299,659,9,21,1610
0x9a7dda,30.2326%,30,13,43,0,0,30,13
0x60dbcf,87.2881%,30,206,236,12,26,4,194
0x9ee3cb,72.7273%,30,80,110,76,12,18,4
0xa02a56,91.0714%,30,306,336,302,22,8,4
0xaa347f,96.7914%,30,905,935,901,23,7,4
0x5ff37b,70.5882%,30,72,102,57,11,19,15
0x8a66b1,80.2632%,30,122,152,116,23,7,6
0x5fa402,74.359%,30,87,117,0,0,30,87
0xa34af3,86.4865%,30,192,222,129,11,19,63
0x7b2995,78.7234%,30,111,141,68,20,10,43
0xa51c14,62.5%,30,50,80,7,17,13,43
0x7d2eb4,96.6777%,30,873,903,46,21,9,827
0x40a263,66.2921%,30,59,89,30,25,5,29
0x9e74ea,96.8619%,30,926,956,926,30,0,0
0x9f78d1,95.3125%,30,610,640,610,30,0,0
0x5b9cba,53.125%,30,34,64,16,22,8,18
0xa45c87,96.5358%,30,836,866,836,30,0,0
0x6616d6,92.891%,30,392,422,108,14,16,284
0xa33d0e,97.7612%,30,1310,1340,461,4,26,849
0x50dbc4,97.5309%,30,1185,1215,1185,30,0,0
0xa5eb89,90.2597%,30,278,308,7,11,19,271
0x8a8fe6,96.5986%,30,852,882,851,29,1,1
0x9f9c58,77.6119%,30,104,134,92,18,12,12
0x834258,81.4815%,30,132,162,95,12,18,37
0x5ee155,99.006%,30,2988,3018,2767,9,21,221
0x54f33c,97.0443%,30,985,1015,985,13,17,0
0xaa338f,92.9078%,30,393,423,6,13,17,387
0x8ffac6,95.6585%,30,661,691,661,30,0,0
0x50197f,98.1939%,30,1631,1661,548,21,9,1083
0x5c4c72,98.3165%,30,1752,1782,4,17,13,1748
0x5c56b4,86.5471%,30,193,223,97,3,27,96
0x5464d5,97.6153%,30,1228,1258,899,9,21,329
0xaa6437,66.6667%,30,60,90,60,30,0,0
0xa39e04,97.7047%,30,1277,1307,1,9,21,1276
0xa5ee25,92.5926%,30,375,405,14,23,7,361
0x8e98db,97.2376%,30,1056,1086,1056,28,2,0
0x539220,61.039%,30,47,77,25,19,11,22
0xb2fd58,95.8678%,30,696,726,0,0,30,696
0x4a7279,92.2879%,30,359,389,359,30,0,0
0xaa34d4,96.7532%,30,894,924,894,30,0,0
0xa2f2fc,84.5361%,30,164,194,164,26,4,0
0xa43857,81.3665%,30,131,161,24,17,13,107
0x507870,96.2169%,30,763,793,33,20,10,730
0xa54216,86.3014%,30,189,219,93,14,16,96
0x5969cd,91.5014%,30,323,353,5,11,19,318
0x9a8000,75.2066%,30,91,121,80,10,20,11
0x820db3,95.0166%,30,572,602,572,30,0,0
0x403703,96.2073%,30,761,791,67,4,26,694
0x9a9c75,88.8476%,30,239,269,3,7,23,236
0x58e36a,73.4513%,30,83,113,26,19,11,57
0x48b9cf,98.8901%,30,2673,2703,0,0,30,2673
0x54830c,99.788%,30,14121,14151,14121,30,0,0
0x499462,85%,30,170,200,147,25,5,23
0x96c1d5,79.3103%,30,115,145,4,19,11,111
0x511d8e,98.2353%,30,1670,1700,203,15,15,1467
0xb2e5f5,99.8974%,30,29219,29249,0,0,30,29219
0x8f3fb8,87.5%,30,210,240,164,15,15,46
0xa522f9,69.0722%,30,67,97,58,15,15,9
0x9ea787,71.1538%,30,74,104,66,6,24,8
0x502160,78.8732%,30,112,142,2,2,28,110
0x53c572,92.3469%,30,362,392,362,19,11,0
0x61172e,97.5884%,30,1214,1244,0,0,30,1214
0x50cf8d,87.1245%,30,203,233,113,18,12,90
0x8c7f24,96.8187%,30,913,943,913,28,2,0
0xa45bb0,95.0739%,30,579,609,0,4,26,579
0x509d18,97.307%,30,1084,1114,123,13,17,961
0x5971d2,89.5833%,30,258,288,4,13,17,254
0xa90364,80.1325%,30,121,151,11,9,21,110
0x807f10,77.0992%,30,101,131,45,24,6,56
0x8fd01e,79.5918%,30,117,147,86,17,13,31
0xa06190,51.6129%,30,32,62,24,17,13,8
0x507cee,72.4771%,30,79,109,52,21,9,27
0x8350da,97.7324%,30,1293,1323,1293,30,0,0
0x8a28ef,94.6996%,30,536,566,536,30,0,0
0x4bd68e,26.8293%,30,11,41,11,30,0,0
0x8044fb,45.4545%,30,25,55,3,25,5,22
0x805a89,86.7841%,30,197,227,165,16,14,32
0x7efdf9,82.1429%,30,138,168,14,5,25,124
0xa522ca,79.7297%,30,118,148,84,13,17,34
0x4c1613,84.8485%,30,168,198,162,24,6,6
0x4038d9,92.0213%,30,346,376,6,11,19,340
0x648be6,42.3077%,30,22,52,13,13,17,9
0x5bb149,63.8554%,30,53,83,10,20,10,43
0xa339ec,98.1179%,30,1564,1594,450,15,15,1114
0x9eb69d,55.2239%,30,37,67,27,8,22,10
0x488737,92.4242%,30,366,396,366,30,0,0
0x53ab5b,43.3962%,30,23,53,15,26,4,8
0x53aff4,71.6981%,30,76,106,38,19,11,38
0xa52d51,91.7355%,30,333,363,1,3,27,332
0x591b85,80.2632%,30,122,152,19,23,7,103
0x8dd4d9,98.6951%,30,2269,2299,1511,10,20,758
0x807b05,79.1667%,30,114,144,114,30,0,0
0x8bc813,11.7647%,30,4,34,0,0,30,4
0x9f28ea,94.7552%,30,542,572,433,24,6,109
0x48ea83,95.09%,30,581,611,1,25,5,580
0xa89577,67.033%,30,61,91,4,17,13,57
0x8ed99f,93.3481%,30,421,451,313,5,25,108
0x8dca8d,98.6951%,30,2269,2299,663,5,25,1606
0x78d855,95.509%,30,638,668,9,19,11,629
0x598fa5,99.4894%,30,5845,5875,5845,30,0,0
0x53e92a,80.5195%,30,124,154,124,30,0,0
0x5bb638,74.7899%,30,89,119,89,7,23,0
0x58ded1,80.1325%,30,121,151,112,23,7,9
0x541bc5,95.9569%,30,712,742,0,0,30,712
0x944faa,83.5165%,30,152,182,151,22,8,1
0xb3026f,99.5342%,30,6411,6441,0,0,30,6411
0x40a91d,66.2921%,30,59,89,36,11,19,23
0x4be763,45.4545%,30,25,55,10,23,7,15
0x80c01f,82.2485%,30,139,169,6,17,13,133
0x504258,95.702%,30,668,698,114,22,8,554
0x837eba,76.378%,30,97,127,2,21,9,95
0xa34b4d,84.2932%,30,161,191,114,16,14,47
0x64dff6,94.4751%,30,513,543,513,30,0,0
0x9f990c,77.6119%,30,104,134,82,27,3,22
0x507ef8,94.7735%,30,544,574,27,14,16,517
0x94c7b8,94.6809%,30,534,564,59,26,4,475
0x7d43e2,96.6777%,30,873,903,825,11,19,48
0x9a9a66,94.5055%,30,516,546,0,0,30,516
0x9f62f5,92.3885%,29,352,381,56,24,5,296
0x409c79,90.6452%,29,281,310,0,0,29,281
0x8c7e97,96.7083%,29,852,881,852,27,2,0
0x81ba37,85.7843%,29,175,204,39,19,10,136
0x8eefb3,96.7849%,29,873,902,0,0,29,873
0x8040c6,67.0455%,29,59,88,10,18,11,49
0xa52d11,92.011%,29,334,363,0,0,29,334
0x58bf1d,63.2911%,29,50,79,50,29,0,0
0x8e1203,99.2815%,29,4007,4036,13,3,26,3994
0x504542,96.0811%,29,711,740,0,0,29,711
0x942602,85.2792%,29,168,197,63,13,16,105
0x58ca15,91.1043%,29,297,326,297,29,0,0
0x8b9ecd,92.1622%,29,341,370,84,7,22,257
0xa27544,91.1043%,29,297,326,87,23,6,210
0xa02957,88.5375%,29,224,253,0,0,29,224
0x557f66,97.4584%,29,1112,1141,757,14,15,355
0x4101bc,53.9683%,29,34,63,24,10,19,10
0x81341c,98.2861%,29,1663,1692,1663,29,0,0
0x8b9bb3,99.6913%,29,9364,9393,40,16,13,9324
0x80c392,89.2593%,29,241,270,15,19,10,226
0x543a1f,78.5185%,29,106,135,88,20,9,18
0x54f6bd,99.4315%,29,5072,5101,0,0,29,5072
0x402cee,96.7306%,29,858,887,3,8,21,855
0x9f987b,70.1031%,29,68,97,62,9,20,6
0x8ff7c5,99.4722%,29,5466,5495,5466,29,0,0
0x81e70d,79.1367%,29,110,139,16,9,20,94
0x80f0d9,96.3198%,29,759,788,758,28,1,1
0x9eb76b,77.3438%,29,99,128,3,25,4,96
0xa43ca7,92.5065%,29,358,387,86,20,9,272
0x4a1cd1,78.0303%,29,103,132,22,14,15,81
0x48bd43,79.7203%,29,114,143,27,16,13,87
0x8ff895,99.3306%,29,4303,4332,0,4,25,4303
0x4a1e19,97.5445%,29,1152,1181,1152,6,23,0
0xa96be4,80.5369%,29,120,149,85,22,7,35
0x4ba0b9,93.2243%,29,399,428,69,19,10,330
0xa307ed,89.0152%,29,235,264,80,14,15,155
0x951001,93.2401%,29,400,429,203,14,15,197
0x60a6bb,42%,29,21,50,0,0,29,21
0x50a0c9,61.8421%,29,47,76,7,7,22,40
0x4bb174,84.5745%,29,159,188,58,20,9,101
0x5cf584,98.2509%,29,1629,1658,250,18,11,1379
0xa5f92a,93.5982%,29,424,453,0,14,15,424
0x50cd27,92.033%,29,335,364,11,3,26,324
0x4b6600,81.2903%,29,126,155,95,25,4,31
0x951991,84.5745%,29,159,188,157,15,14,2
0x64b516,98.766%,29,2321,2350,1788,16,13,533
0x8a97b7,99.636%,29,7937,7966,1343,19,10,6594
0x48f060,77.5194%,29,100,129,98,9,20,2
0x5407ca,95.4403%,29,607,636,607,17,12,0
0x404649,87.0536%,29,195,224,108,9,20,87
0x534a2d,94.0329%,29,457,486,423,6,23,34
0x8e9f4c,98.8335%,29,2457,2486,79,14,15,2378
0x5417ab,98.1954%,29,1578,1607,1574,25,4,4
0x64debe,94.6593%,29,514,543,513,26,3,1
0x8dfe02,96.2725%,29,749,778,123,7,22,626
0x9a9241,88.3065%,29,219,248,219,11,18,0
0x5fa270,91.1854%,29,300,329,150,6,23,150
0x5c4c57,98.4144%,29,1800,1829,4,12,17,1796
0xa26048,94.5996%,29,508,537,44,11,18,464
0x542820,99.6733%,29,8849,8878,52,9,20,8797
0x404450,97.7997%,29,1289,1318,1271,7,22,18
0x55594a,81.2903%,29,126,155,76,23,6,50
0x8eae6d,94.0452%,29,458,487,396,25,4,62
0x9ab8f5,87.6596%,29,206,235,0,4,25,206
0x648583,99.0229%,29,2939,2968,2900,12,17,39
0x5fd74b,84.2391%,29,155,184,66,26,3,89
0x807c13,76.2295%,29,93,122,9,22,7,84
0x81eef3,53.2258%,29,33,62,30,10,19,3
0xa1ad9a,60.8108%,29,45,74,21,9,20,24
0x48aee3,95.8213%,29,665,694,0,14,15,665
0x58dfbc,86.1244%,29,180,209,125,20,9,55
0x591471,94.518%,29,500,529,2,4,25,498
0x51b49a,88.8462%,29,231,260,47,12,17,184
0x81bfdf,91.1315%,29,298,327,282,13,16,16
0x4b4b23,59.1549%,29,42,71,5,20,9,37
0xa4585b,88.716%,29,228,257,32,9,20,196
0x534b2c,64.1975%,29,52,81,0,0,29,52
0x53f38d,85.6436%,29,173,202,26,22,7,147
0x8f562a,94.974%,29,548,577,367,19,10,181
0x53ee88,81.1688%,29,125,154,125,24,5,0
0x551d65,83.9779%,29,152,181,152,29,0,0
0x5f649d,62.3377%,29,48,77,45,16,13,3
0xb2fa8a,99.8982%,29,28451,28480,0,0,29,28451
0x5906bb,97.4978%,29,1130,1159,1130,29,0,0
0x5cd2f6,77.8626%,29,102,131,54,13,16,48
0xa589a2,75%,29,87,116,8,4,25,79
0x405703,99.828%,29,16827,16856,0,0,29,16827
0x511d1a,99.2866%,29,4036,4065,134,18,11,3902
0x9aade5,63.2911%,29,50,79,25,17,12,25
0x9ea529,73.1481%,29,79,108,0,0,29,79
0x5910ca,84.3243%,29,156,185,155,29,0,1
0x5021ff,87.2807%,29,199,228,0,0,29,199
0xa2638b,92.8218%,29,375,404,270,26,3,105
0x48bf5f,96.6513%,29,837,866,837,19,10,0
0x5576d5,94.3798%,29,487,516,59,13,16,428
0xa944a6,66.2791%,29,57,86,20,20,9,37
0x677ce9,96.9917%,29,935,964,935,29,0,0
0x50c087,98.6288%,29,2086,2115,0,0,29,2086
0x908d4e,99.6372%,29,7965,7994,3711,9,20,4254
0x8c7527,98.4935%,29,1896,1925,1841,12,17,55
0xa2fcd7,96.8547%,29,893,922,861,18,11,32
0x983a8b,54.6875%,29,35,64,26,9,20,9
0x48aabd,99.4648%,29,5390,5419,874,17,12,4516
0x5520fb,51.6667%,29,31,60,13,8,21,18
0x555cca,97.3173%,29,1052,1081,1052,29,0,0
0x944298,93.9076%,29,447,476,1,23,6,446
0x53c73b,92.8218%,29,375,404,106,10,19,269
0x81728c,68.4783%,29,63,92,59,17,12,4
0xa02511,98.3551%,29,1734,1763,1734,29,0,0
0x8fcc32,94.2688%,29,477,506,186,27,2,291
0x4bb1e2,95.7849%,29,659,688,659,20,9,0
0x8dd481,98.7386%,29,2270,2299,1508,13,16,762
0x858f18,83.9779%,29,152,181,150,25,4,2
0x58fe67,97.14%,29,985,1014,748,12,17,237
0xa3425f,82.9412%,29,141,170,104,21,8,37
0xaa4561,99.6609%,29,8522,8551,0,0,29,8522
0x8da62b,98.6385%,29,2101,2130,0,2,27,2101
0x54f676,97.1429%,29,986,1015,5,12,17,981
0x501f8a,77.8626%,29,102,131,53,23,6,49
0x40aae6,57.971%,29,40,69,18,7,22,22
0xa452ea,92.7136%,29,369,398,30,20,9,339
0x49198c,82.7381%,29,139,168,95,8,21,44
0x807716,99.1852%,29,3530,3559,261,21,8,3269
0x60dccc,83.3333%,29,145,174,7,16,13,138
0x50582b,83.4286%,29,146,175,86,8,21,60
0x80f0a8,96.3198%,29,759,788,0,0,29,759
0x5057f7,96.0811%,29,711,740,626,21,8,85
0x64f4da,76.2295%,29,93,122,90,20,9,3
0x8057e6,97.413%,29,1092,1121,889,18,11,203
0xa25c9f,96.8984%,29,906,935,118,23,6,788
0x60e08d,81.2903%,29,126,155,123,8,21,3
0x4021dd,98.5324%,29,1947,1976,186,5,24,1761
0x49e012,45.283%,29,24,53,13,7,22,11
0x667080,97.7291%,29,1248,1277,36,8,21,1212
0x8ff849,85.7843%,29,175,204,90,14,15,85
0x8eca17,99.3273%,29,4282,4311,56,14,15,4226
0x8f0c37,95.2381%,29,580,609,393,16,13,187
0x4a975b,79.5775%,29,113,142,69,13,16,44
0x509d90,97.3968%,29,1085,1114,122,14,15,963
0x60dd84,94.4867%,29,497,526,497,29,0,0
0x9e8698,63.2911%,29,50,79,50,29,0,0
0x510a28,93.5982%,29,424,453,5,9,20,419
0x833fb5,94.1414%,29,466,495,466,29,0,0
0x5071a3,96.0811%,29,711,740,577,27,2,134
0xa58ddd,75%,29,87,116,0,0,29,87
0x5c338e,75.8333%,29,91,120,55,25,4,36
0xb22b3f,98.4475%,29,1839,1868,0,0,29,1839
0xa274e9,91.6427%,29,318,347,18,3,26,300
0x9e289f,92.4282%,29,354,383,349,29,0,5
0x9015ef,99.3819%,29,4663,4692,4663,29,0,0
0x8e2d48,90.6752%,29,282,311,271,19,10,11
0x9ed57e,72.6415%,29,77,106,35,27,2,42
0x60b15e,99.5979%,29,7184,7213,7184,29,0,0
0x53e337,99.0829%,29,3133,3162,0,14,15,3133
0x4ac146,83.1395%,29,143,172,143,29,0,0
0x81a874,96.1892%,29,732,761,15,23,6,717
0x590854,98.6518%,29,2122,2151,1861,13,16,261
0x4bc5be,90.2685%,29,269,298,262,17,12,7
0x55705d,88.2591%,29,218,247,49,26,3,169
0x8dede3,98.5826%,29,2017,2046,2007,26,3,10
0x49e738,98.5174%,29,1927,1956,1927,29,0,0
0x40450a,97.803%,29,1291,1320,310,23,6,981
0x8aa872,96.0544%,29,706,735,706,29,0,0
0x4098fe,89.0152%,29,235,264,234,27,2,1
0x4c1b9d,94.6097%,29,509,538,13,11,18,496
0x643475,95.5316%,29,620,649,609,15,14,11
0x50d07a,84.5745%,29,159,188,82,22,7,77
0x8be39e,97.8582%,29,1325,1354,0,0,29,1325
0x544d2a,87.0536%,29,195,224,78,14,15,117
0xb30176,94.3359%,29,483,512,0,0,29,483
0x4b4f82,59.1549%,29,42,71,17,8,21,25
0x539249,94.2688%,29,477,506,476,28,1,1
0x4bc77b,85.5%,29,171,200,32,10,19,139
0x9c4069,93.7768%,29,437,466,5,18,11,432
0x7b6f16,79.4326%,29,112,141,112,29,0,0
0xaa2353,95.068%,29,559,588,540,3,26,19
0x4a0453,51.6667%,29,31,60,27,17,12,4
0xaaae63,90.3974%,29,273,302,26,10,19,247
0x8fe9fa,97.9182%,29,1364,1393,1364,16,13,0
0x821c46,89.8601%,29,257,286,197,18,11,60
0xa56ff8,64.6341%,29,53,82,32,20,9,21
0x540a1a,96.0916%,29,713,742,713,15,14,0
0x98170a,54.6875%,29,35,64,21,26,3,14
0x80ffa1,99.0517%,29,3029,3058,2507,13,16,522
0x9ab86f,80.5556%,28,116,144,4,16,12,112
0x64ad61,99.8669%,28,21007,21035,21007,28,0,0
0x943b23,79.8561%,28,111,139,111,28,0,0
0x81b251,91.1672%,28,289,317,0,2,26,289
0xa30a3c,91.2226%,28,291,319,109,15,13,182
0x9e2900,95.0963%,28,543,571,9,16,12,534
0x4bc21f,97.8108%,28,1251,1279,182,21,7,1069
0x5f820a,95.2055%,28,556,584,418,20,8,138
0x8fdea9,99.9246%,28,37091,37119,37091,28,0,0
0x538914,53.3333%,28,32,60,32,28,0,0
0x811e53,81.9355%,28,127,155,54,13,15,73
0x8a989c,99.6485%,28,7938,7966,6599,5,23,1339
0x647375,95.5975%,28,608,636,16,20,8,592
0xa95c24,78.4615%,28,102,130,98,26,2,4
0x4bb672,73.0769%,28,76,104,32,20,8,44
0x810407,94.2623%,28,460,488,49,17,11,411
0x807846,94.1667%,28,452,480,452,10,18,0
0x53c3f0,93.154%,28,381,409,378,5,23,3
0x510eaa,98.8641%,28,2437,2465,2325,9,19,112
0x54105a,99.8022%,28,14131,14159,0,0,28,14131
0x8c7b70,97.0402%,28,918,946,29,17,11,889
0x54187d,98.3936%,28,1715,1743,0,0,28,1715
0x5f8774,68.1818%,28,60,88,15,16,12,45
0x534dee,99.0617%,28,2956,2984,0,0,28,2956
0x4a1ba3,97.4453%,28,1068,1096,0,23,5,1068
0x8c85c7,97.6667%,28,1172,1200,28,12,16,1144
0x819f04,69.2308%,28,63,91,55,19,9,8
0x510bff,91.0256%,28,284,312,284,28,0,0
0x810470,94.9458%,28,526,554,10,10,18,516
0x9f3f43,85.7143%,28,168,196,27,14,14,141
0x5f8df4,78.4615%,28,102,130,25,8,20,77
0x5481eb,99.5924%,28,6841,6869,32,8,20,6809
0x60b367,91.2773%,28,293,321,293,28,0,0
0xa41db8,98.3333%,28,1652,1680,1652,28,0,0
0x5bae93,79.8561%,28,111,139,97,5,23,14
0x677d05,97.0954%,28,936,964,809,10,18,127
0x96a103,61.1111%,28,44,72,44,26,2,0
0x8de1c4,98.8377%,28,2381,2409,2381,28,0,0
0x58bdf9,63.1579%,28,48,76,48,28,0,0
0x9a80e9,88.0851%,28,207,235,0,0,28,207
0x643788,28.2051%,28,11,39,11,28,0,0
0x94e039,93.3492%,28,393,421,0,0,28,393
0x8e2427,99.4866%,28,5426,5454,5263,12,16,163
0x951989,90.6667%,28,272,300,181,7,21,91
0x9f1570,96.8%,28,847,875,846,18,10,1
0x94c59b,95%,28,532,560,438,18,10,94
0x9ab9a2,87.8788%,28,203,231,6,14,14,197
0x8f54e7,98.3558%,28,1675,1703,1675,28,0,0
0x9026de,97.6667%,28,1172,1200,1160,10,18,12
0x8e12d1,98.8353%,28,2376,2404,1585,13,15,791
0x972501,87.3303%,28,193,221,193,28,0,0
0x7814cf,97.0495%,28,921,949,261,11,17,660
0xa9b820,87.7729%,28,201,229,25,16,12,176
0x8def04,97.2332%,28,984,1012,576,14,14,408
0x8c92ba,97.2112%,28,976,1004,63,21,7,913
0xa27603,98.5758%,28,1938,1966,0,0,28,1938
0x8f495a,98.3711%,28,1691,1719,308,28,0,1383
0x9e395c,90.9091%,28,280,308,35,15,13,245
0x4101f1,98.4954%,28,1833,1861,36,18,10,1797
0xa57b6c,72%,28,72,100,22,20,8,50
0x555e32,93.3333%,28,392,420,297,18,10,95
0x821ece,80.5556%,28,116,144,0,0,28,116
0x90a8ca,62.1622%,28,46,74,12,21,7,34
0x58e42b,74.3119%,28,81,109,64,0,28,17
0xa9d1ac,81.0811%,28,120,148,18,14,14,102
0xa510dd,88.9328%,28,225,253,222,17,11,3
0x410005,45.098%,28,23,51,2,0,28,21
0x610ae4,93.8326%,28,426,454,0,0,28,426
0xa5672f,57.5758%,28,38,66,18,6,22,20
0x80d54d,76.6667%,28,92,120,88,12,16,4
0x5b0e4b,98.9521%,28,2644,2672,0,0,28,2644
0x40e66a,51.7241%,28,30,58,5,14,14,25
0x9edf96,77.2358%,28,95,123,0,0,28,95
0x7dfb3d,66.2651%,28,55,83,10,3,25,45
0x81e675,98.6867%,28,2104,2132,2074,11,17,30
0x502713,92.0228%,28,323,351,323,28,0,0
0x489dad,98.7132%,28,2148,2176,2148,28,0,0
0x4b5fd5,74.5455%,28,82,110,64,25,3,18
0x5bd8e5,98.1107%,28,1454,1482,35,19,9,1419
0x837973,84.0909%,28,148,176,59,13,15,89
0x81eb0e,94.9091%,28,522,550,0,0,28,522
0x544a81,93.154%,28,381,409,375,8,20,6
0x48fb47,78.2946%,28,101,129,48,17,11,53
0x9e0817,97.3231%,28,1018,1046,71,14,14,947
0xa07a3f,56.25%,28,36,64,13,20,8,23
0x64b0ae,99.9341%,28,42461,42489,0,2,26,42461
0x49b22b,99.352%,28,4293,4321,904,9,19,3389
0x557fa5,97.546%,28,1113,1141,1113,28,0,0
0x904187,95.9538%,28,664,692,664,28,0,0
0x8bb445,92.8389%,28,363,391,0,0,28,363
0x64b9cc,97.9957%,28,1369,1397,1369,28,0,0
0x488dae,99.7047%,28,9454,9482,0,8,20,9454
0x9e82ff,77.2358%,28,95,123,86,12,16,9
0x533851,90.378%,28,263,291,259,14,14,4
0x66d442,98.4064%,28,1729,1757,287,6,22,1442
0xa5828e,75.2212%,28,85,113,0,0,28,85
0x5088ee,94.7467%,28,505,533,0,18,10,505
0x9f946b,76.6667%,28,92,120,78,25,3,14
0xa49563,94.4664%,28,478,506,478,28,0,0
0x8ef0eb,93.7916%,28,423,451,314,4,24,109
0x7cf349,95.8271%,28,643,671,31,20,8,612
0x40cfd6,99.5613%,28,6354,6382,6354,28,0,0
0xa018db,96.3542%,28,740,768,740,24,4,0
0xa5726a,77.6%,28,97,125,77,5,23,20
0x53fe95,98.8613%,28,2431,2459,699,19,9,1732
0xb4668a,99.6341%,28,7625,7653,7625,28,0,0
0x4b5a00,98.2278%,28,1552,1580,1552,28,0,0
0xa91ea0,85.641%,28,167,195,167,24,4,0
0x99ad4c,89.0196%,28,227,255,192,16,12,35
0x9f5d77,78.9474%,28,105,133,99,12,16,6
0xa3121a,85.567%,28,166,194,87,22,6,79
0x8ad925,68.1818%,28,60,88,52,19,9,8
0x787c55,96.8073%,28,849,877,849,28,0,0
0x510524,97.7564%,28,1220,1248,0,0,28,1220
0x9a92b8,88.8%,28,222,250,2,14,14,220
0x5ff958,83.6257%,28,143,171,107,11,17,36
0x8e48fe,96.5131%,28,775,803,153,10,18,622
0x51a77d,99.1416%,28,3234,3262,3234,28,0,0
0x97a634,79.562%,28,109,137,81,20,8,28
0x96b1ef,96.9129%,28,879,907,859,10,18,20
0x54f0cc,68.1818%,28,60,88,42,9,19,18
0x9eef8a,76.6667%,28,92,120,9,22,6,83
0x505aec,96.2162%,28,712,740,705,24,4,7
0x78d5be,96.7816%,28,842,870,5,13,15,837
0x8227d0,99.736%,28,10580,10608,0,0,28,10580
0x8eda76,77.7778%,28,98,126,98,28,0,0
0x556e4b,93.3333%,28,392,420,90,18,10,302
0x81603b,86.2069%,28,175,203,175,5,23,0
0x4043e6,98.8265%,28,2358,2386,67,25,3,2291
0x50740a,96.4691%,28,765,793,735,8,20,30
0x5fc05f,64.1026%,28,50,78,7,12,16,43
0x7c7081,82.3899%,28,131,159,44,8,20,87
0xa58865,80.8219%,28,118,146,34,8,20,84
0x8ecb50,97.7365%,28,1209,1237,250,19,9,959
0x5b9a5c,61.6438%,28,45,73,42,9,19,3
0x787ba4,95.4619%,28,589,617,586,26,2,3
0x8feeca,92.7649%,28,359,387,0,0,28,359
0x49dfd9,85.7143%,28,168,196,17,23,5,151
0x50800d,95.122%,28,546,574,33,13,15,513
0x53dbaf,92.3706%,28,339,367,339,28,0,0
0x95297f,93.8596%,28,428,456,428,28,0,0
0x4bb3d0,93.5035%,28,403,431,10,10,18,393
0x54566e,97.3384%,28,1024,1052,994,8,20,30
0x8da1b3,92.4933%,28,345,373,207,14,14,138
0xa027a7,97.8328%,28,1264,1292,0,0,28,1264
0x8fd96e,82.2785%,28,130,158,123,20,8,7
0x4bbb73,86.2745%,28,176,204,176,27,1,0
0x53d9b4,99.4266%,28,4855,4883,0,0,28,4855
0x4a9ee5,85.7143%,28,168,196,168,14,14,0
0x917751,92%,28,322,350,148,14,14,174
0xa497c7,90.7285%,28,274,302,42,22,6,232
0x8fe3f3,76.2712%,28,90,118,0,0,28,90
0xb2ffd8,96.2213%,28,713,741,85,28,0,628
0x609cbf,95.7958%,28,638,666,0,0,28,638
0x60a78f,97.8091%,28,1250,1278,1250,28,0,0
0xa03097,55.5556%,28,35,63,10,24,4,25
0x58d9a9,86.6029%,28,181,209,40,24,4,141
0x8dfeda,88.843%,27,215,242,127,19,8,88
0xa50f47,89.4942%,27,230,257,0,4,23,230
0x94db22,95.4003%,27,560,587,0,0,27,560
0x8f2aae,97.5138%,27,1059,1086,26,19,8,1033
0x5356fa,78.9062%,27,101,128,61,6,21,40
0x48ae2c,99.5018%,27,5392,5419,5392,27,0,0
0x54fac0,82.1192%,27,124,151,83,16,11,41
0x5411fd,99.2541%,27,3593,3620,3593,27,0,0
0xa50beb,83.6364%,27,138,165,5,12,15,133
0x8ea020,93.2331%,27,372,399,366,21,6,6
0x539b4b,97.6943%,27,1144,1171,7,7,20,1137
0x403805,94.9153%,27,504,531,419,2,25,85
0x8dd515,92.3729%,27,327,354,311,13,14,16
0x6191ac,96.5823%,27,763,790,0,0,27,763
0x53a2f4,75%,27,81,108,44,14,13,37
0x819b3c,55%,27,33,60,15,11,16,18
0x67a98b,99.0207%,27,2730,2757,2730,27,0,0
0x548266,96.5909%,27,765,792,0,0,27,765
0x51c15e,86.5672%,27,174,201,34,21,6,140
0x5417f6,98.4509%,27,1716,1743,1716,27,0,0
0x48eb0d,86.2245%,27,169,196,3,17,10,166
0x9f52ed,83.0189%,27,132,159,1,3,24,131
0xae40c8,97.6169%,27,1106,1133,0,0,27,1106
0x90ad36,65.3846%,27,51,78,21,23,4,30
0xa41ea8,95.9215%,27,635,662,394,25,2,241
0x822573,87.7828%,27,194,221,164,1,26,30
0x8f4c6c,98.9222%,27,2478,2505,29,12,15,2449
0x670783,92.8571%,27,351,378,351,20,7,0
0xa46954,88.2609%,27,203,230,203,27,0,0
0x49631c,50%,27,27,54,4,4,23,23
0x8fc4a7,97.6106%,27,1103,1130,0,0,27,1103
0x4099c8,84.5714%,27,148,175,12,8,19,136
0x9f6c51,94.3983%,27,455,482,229,22,5,226
0x8dad6d,82.5806%,27,128,155,92,13,14,36
0x972c3b,80.7143%,27,113,140,113,27,0,0
0x90986c,98.546%,27,1830,1857,1830,27,0,0
0x9f1ce4,92.9504%,27,356,383,356,27,0,0
0xa95cca,96.7193%,27,796,823,728,10,17,68
0x510df0,99.6321%,27,7312,7339,0,20,7,7312
0x58cd4d,83.6364%,27,138,165,138,27,0,0
0xa54909,94.4559%,27,460,487,33,21,6,427
0x494f39,94.8571%,27,498,525,498,21,6,0
0x49f69d,75%,27,81,108,22,14,13,59
0x6042d5,83.6364%,27,138,165,138,27,0,0
0xa8ee4b,93.9326%,27,418,445,418,13,14,0
0x8fe9d3,99.195%,27,3327,3354,0,0,27,3327
0x555567,91.0299%,27,274,301,0,4,23,274
0xaaaf8d,90.2878%,27,251,278,184,15,12,67
0x4ba304,97.01%,27,876,903,560,15,12,316
0x604566,92.3729%,27,327,354,0,0,27,327
0xa4d472,79.8507%,27,107,134,63,4,23,44
0x5baa07,93.7355%,27,404,431,370,27,0,34
0x53e4a2,99.6011%,27,6742,6769,6742,27,0,0
0x4bc71a,88.3117%,27,204,231,172,16,11,32
0x55619c,88.9796%,27,218,245,217,24,3,1
0x90b1f1,77.3109%,27,92,119,0,12,15,92
0x8f6008,94.8669%,27,499,526,0,0,27,499
0x8bd277,99.0654%,27,2862,2889,946,18,9,1916
0x548157,99.2902%,27,3777,3804,3777,27,0,0
0x4bcda4,66.6667%,27,54,81,5,4,23,49
0x4950b1,50%,27,27,54,6,20,7,21
0x5453c0,66.25%,27,53,80,36,22,5,17
0x908d7a,99.3683%,27,4247,4274,3717,3,24,530
0x5f6d11,67.8571%,27,57,84,5,21,6,52
0xa9ec0f,68.2353%,27,58,85,58,23,4,0
0x8d278c,98.162%,27,1442,1469,1442,24,3,0
0x545cb1,98.7586%,27,2148,2175,2148,27,0,0
0xa921bc,94.896%,27,502,529,0,4,23,502
0x48c52c,80.9859%,27,115,142,74,14,13,41
0x952ef7,35.7143%,27,15,42,15,27,0,0
0x80570b,74.5283%,27,79,106,77,23,4,2
0x58db25,82.1192%,27,124,151,66,17,10,58
0x53ac0e,76.5217%,27,88,115,88,27,0,0
0xb14838,99.3659%,27,4231,4258,0,0,27,4231
0x666fa5,77.3109%,27,92,119,80,16,11,12
0x507461,78.9062%,27,101,128,89,18,9,12
0x6087cb,86.5%,27,173,200,0,0,27,173
0x60a958,96.5823%,27,763,790,198,14,13,565
0x66710f,97.2919%,27,970,997,827,21,6,143
0x8196a7,99.6202%,27,7082,7109,7079,18,9,3
0x8d3e97,89.0244%,27,219,246,211,20,7,8
0x5c56f9,67.4699%,27,56,83,25,13,14,31
0x4a130d,94.2184%,27,440,467,0,0,27,440
0x40e39f,97.4743%,27,1042,1069,4,2,25,1038
0x5104bb,87.3832%,27,187,214,143,11,16,44
0x78ab55,79.6992%,27,106,133,45,16,11,61
0xb2fb8d,99.8896%,27,24424,24451,0,0,27,24424
0xaa074b,73%,27,73,100,39,13,14,34
0x4c4344,98.6653%,27,1996,2023,1924,13,14,72
0x8e4193,92.7614%,27,346,373,109,18,9,237
0x6492da,74.5283%,27,79,106,12,18,9,67
0x804b97,88.3621%,27,205,232,196,19,8,9
0xa494c2,94.664%,27,479,506,479,24,3,0
0xa5853f,85.0829%,27,154,181,5,10,17,149
0x64b5a4,99.8395%,27,16795,16822,16795,27,0,0
0x90abd0,96.8641%,27,834,861,22,18,9,812
0x8c804a,97.1459%,27,919,946,892,10,17,27
0x550199,80.1471%,27,109,136,109,27,0,0
0xa3409c,88%,27,198,225,185,15,12,13
0x90c1f4,98.3967%,27,1657,1684,830,12,15,827
0x8fe240,99.9114%,27,30438,30465,30438,27,0,0
0xa90429,93.4146%,27,383,410,0,0,27,383
0x9e73ab,93.25%,27,373,400,0,0,27,373
0x821310,99.318%,27,3932,3959,0,0,27,3932
0x9e26cf,96.8605%,27,833,860,198,7,20,635
0x9a2362,75.6757%,27,84,111,18,12,15,66
0x64ce7e,94.9814%,27,511,538,491,3,24,20
0x90a95d,67.4699%,27,56,83,23,19,8,33
0x94d9d5,80.8511%,27,114,141,67,21,6,47
0xa4d385,59.7015%,27,40,67,40,27,0,0
0x9435a1,64%,27,48,75,48,27,0,0
0xace338,88.412%,27,206,233,61,24,3,145
0xb3240e,97.2136%,27,942,969,942,27,0,0
0x5469ee,98.3516%,27,1611,1638,1608,18,9,3
0xa33d76,97.9851%,27,1313,1340,1028,12,15,285
0x611753,96.3064%,27,704,731,704,27,0,0
0x53fd08,91.1475%,27,278,305,0,4,23,278
0x944977,87.8378%,27,195,222,129,23,4,66
0x5350a9,73%,27,73,100,0,0,27,73
0x8e4db1,98.6133%,27,1920,1947,1532,11,16,388
0x8bb1cb,94.0789%,27,429,456,35,12,15,394
0x8a5f93,87.6147%,27,191,218,191,25,2,0
0xa30334,89.4118%,27,228,255,85,0,27,143
0x5349be,94.4444%,27,459,486,420,9,18,39
0x50fda1,99.7871%,27,12656,12683,12656,27,0,0
0xa530fa,85.9375%,27,165,192,151,21,6,14
0xa46ab2,71.875%,27,69,96,28,12,15,41
0x5f8875,80%,27,108,135,85,11,16,23
0xb2fcd9,99.8801%,27,22492,22519,0,0,27,22492
0xa44d25,86.0825%,27,167,194,167,23,4,0
0x9ed315,95.4392%,27,565,592,560,5,22,5
0x534de1,99.1118%,27,3013,3040,52,4,23,2961
0x5505dd,75.8929%,27,85,112,85,27,0,0
0x900a94,93.8356%,27,411,438,280,12,15,131
0x9fb25e,78.2258%,27,97,124,78,5,22,19
0x4bb0e6,95.0549%,27,519,546,519,27,0,0
0x5fd9d2,99.7671%,27,11565,11592,0,0,27,11565
0x48eb5c,67.4699%,27,56,83,8,18,9,48
0x5f832a,95.0459%,27,518,545,517,9,18,1
0x951a91,82.2368%,27,125,152,99,17,10,26
0xa93893,89.4531%,27,229,256,2,17,10,227
0xa5c8d5,63.5135%,27,47,74,39,17,10,8
0x40475a,95.6026%,27,587,614,9,3,24,578
0x4b5147,78.9062%,27,101,128,96,12,15,5
0x8e1160,99.3371%,27,4046,4073,4019,17,10,27
0x5cba1b,82.5806%,27,128,155,18,6,21,110
0x9780b3,84.3931%,27,146,173,146,27,0,0
0x80fd44,99.7029%,27,9061,9088,9061,27,0,0
0x4c052b,68.6047%,27,59,86,25,17,10,34
0x8b98c7,99.7917%,27,12937,12964,0,0,27,12937
0x817519,96.7972%,27,816,843,816,25,2,0
0x54549c,79.8507%,27,107,134,0,0,27,107
0xa2a7d6,89.9628%,27,242,269,242,19,8,0
0x8f0bbc,85.9375%,27,165,192,144,0,27,21
0x509542,95.7075%,27,602,629,0,0,27,602
0x49e968,99.076%,27,2895,2922,17,25,2,2878
0x5c4bd6,98.5238%,27,1802,1829,0,0,27,1802
0x900612,92.1965%,27,319,346,169,7,20,150
0xa528a1,93.1818%,27,369,396,66,11,16,303
0xa4593c,93.3333%,26,364,390,318,21,5,46
0x9ab7d3,98.0755%,26,1325,1351,0,0,26,1325
0x9a4641,97.4485%,26,993,1019,993,26,0,0
0x4bbc5a,90.8451%,26,258,284,150,13,13,108
0xa3a218,96.0902%,26,639,665,0,0,26,639
0x9a9293,90.1515%,26,238,264,1,13,13,237
0xb314c7,93.8534%,26,397,423,0,0,26,397
0x40e11a,98.4422%,26,1643,1669,1643,26,0,0
0xa3ba77,81.9444%,26,118,144,4,10,16,114
0x58be4b,65.7895%,26,50,76,50,26,0,0
0x99f0cd,87.7934%,26,187,213,6,13,13,181
0x5cd3b4,79.6875%,26,102,128,65,10,16,37
0x4a1c33,97.6277%,26,1070,1096,1,22,4,1069
0x508d69,46.9388%,26,23,49,6,22,4,17
0xa055da,59.375%,26,38,64,22,11,15,16
0x58c86c,92.0245%,26,300,326,300,26,0,0
0x406d9b,99.9105%,26,29039,29065,29039,26,0,0
0x5c332d,88.6463%,26,203,229,203,26,0,0
0x942c1c,95.0476%,26,499,525,499,26,0,0
0x8a5e54,91.7197%,26,288,314,113,25,1,175
0xb34603,88.4444%,26,199,225,0,0,26,199
0x48d1a8,53.5714%,26,30,56,30,26,0,0
0x505a04,96.4865%,26,714,740,74,19,7,640
0x49c12c,94.7896%,26,473,499,386,18,8,87
0xa4ffa0,65.7895%,26,50,76,44,13,13,6
0xa31ebe,64.8649%,26,48,74,0,0,26,48
0x9f1a10,93.2115%,26,357,383,357,16,10,0
0x409d25,68.2927%,26,56,82,44,17,9,12
0x48d881,98.541%,26,1756,1782,1754,15,11,2
0xa4688a,63.3803%,26,45,71,28,17,9,17
0x9edbd8,79.3651%,26,100,126,100,26,0,0
0x8107b9,96.496%,26,716,742,476,14,12,240
0x8e1da0,93.3842%,26,367,393,362,8,18,5
0x606a2f,88.4444%,26,199,225,199,26,0,0
0x48b9e4,98.7065%,26,1984,2010,1984,26,0,0
0xa25b0d,97.4334%,26,987,1013,987,26,0,0
0xa2ec9a,59.375%,26,38,64,20,22,4,18
0x502cd3,97.1522%,26,887,913,884,10,16,3
0x7826a2,88.2353%,26,195,221,0,0,26,195
0x8fe51c,99.5292%,26,5496,5522,0,0,26,5496
0x4b5fc3,76.3636%,26,84,110,0,0,26,84
0x48a71e,99.2063%,26,3250,3276,0,0,26,3250
0x9ed23e,89.9614%,26,233,259,0,0,26,233
0xa34b0a,81.4286%,26,114,140,36,8,18,78
0xa50c38,71.1111%,26,64,90,3,21,5,61
0x9018d3,95.0476%,26,499,525,0,0,26,499
0xa909e6,84.1463%,26,138,164,138,22,4,0
0x643a97,96.5834%,26,735,761,0,0,26,735
0xb2e717,99.6748%,26,7969,7995,7969,26,0,0
0x8de111,98.9207%,26,2383,2409,2383,26,0,0
0x501f66,89.0756%,26,212,238,90,17,9,122
0xa33737,91.6129%,26,284,310,267,18,8,17
0xb30265,99.5963%,26,6415,6441,0,0,26,6415
0x40e2e6,94.6939%,26,464,490,454,24,2,10
0x5074a4,79.6875%,26,102,128,99,10,16,3
0x5c6add,86.8687%,26,172,198,172,25,1,0
0x81d5ac,89.6825%,26,226,252,184,8,18,42
0xa0294f,90.4762%,26,247,273,4,16,10,243
0x4a8dd0,87.7934%,26,187,213,187,21,5,0
0x82180b,95.5479%,26,558,584,41,18,8,517
0x67061e,80.4511%,26,107,133,81,11,15,26
0x5f6cef,51.8519%,26,28,54,12,14,12,16
0x5f8552,98.8002%,26,2141,2167,10,18,8,2131
0x901796,89.3878%,26,219,245,199,18,8,20
0x9f2704,93.9815%,26,406,432,0,0,26,406
0x60dd3c,96.2751%,26,672,698,0,0,26,672
0x609ea2,95.7586%,26,587,613,0,0,26,587
0x9e7142,52.7273%,26,29,55,29,26,0,0
0xa15a0d,95.0382%,26,498,524,41,13,13,457
0x4b6288,83.75%,26,134,160,1,4,22,133
0xa45b70,81.5603%,26,115,141,99,10,16,16
0xb17a01,97.5495%,26,1035,1061,333,13,13,702
0x8f3f49,98.8641%,26,2263,2289,2263,26,0,0
0x9f4019,74.2574%,26,75,101,66,2,24,9
0x81e4c4,98.7713%,26,2090,2116,2090,13,13,0
0x9429a0,88.6463%,26,203,229,130,24,2,73
0x9d2671,74%,26,74,100,49,13,13,25
0x815a6e,81.295%,26,113,139,83,15,11,30
0x499bf9,50.9434%,26,27,53,27,26,0,0
0x58bfac,65.7895%,26,50,76,50,26,0,0
0x4995a2,79.5276%,26,101,127,101,26,0,0
0xa57949,79.845%,26,103,129,80,6,20,23
0x58f263,96.8408%,26,797,823,749,22,4,48
0x51b8d7,89.9225%,26,232,258,231,15,11,1
0x9e0887,94.3601%,26,435,461,64,13,13,371
0x40ebf9,88.2353%,26,195,221,92,6,20,103
0x8ffaeb,96.2373%,26,665,691,0,4,22,665
0x8e1ffc,89.3443%,26,218,244,21,9,17,197
0x9a1dbd,79.3651%,26,100,126,93,18,8,7
0x5f7f22,86.9347%,26,173,199,171,21,5,2
0x499c54,75.4717%,26,80,106,30,23,3,50
0x94d954,95.7997%,26,593,619,593,26,0,0
0x9110b8,92.0489%,26,301,327,261,13,13,40
0x501630,98.7952%,26,2132,2158,690,6,20,1442
0x5344b0,99.7087%,26,8900,8926,0,0,26,8900
0x55216c,99.4987%,26,5161,5187,0,0,26,5161
0x63a689,87%,26,174,200,145,18,8,29
0x6041fb,99.8834%,26,22281,22307,0,0,26,22281
0x8bcdba,97.3306%,26,948,974,27,17,9,921
0xa54f54,49.0196%,26,25,51,10,16,10,15
0x97b994,77.193%,26,88,114,12,19,7,76
0x4bfd78,69.7674%,26,60,86,17,18,8,43
0x80df7f,98.9256%,26,2394,2420,2185,7,19,209
0x509167,99.4245%,26,4492,4518,4364,18,8,128
0x817ea2,52.7273%,26,29,55,21,20,6,8
0x50be34,95.5172%,26,554,580,50,1,25,504
0x818a34,99.7669%,26,11127,11153,11127,26,0,0
0x60ded1,97.4879%,26,1009,1035,1009,26,0,0
0x5ff22c,74.5098%,26,76,102,11,7,19,65
0xb0b107,53.5714%,26,30,56,9,12,14,21
0x8122ce,87.907%,26,189,215,113,21,5,76
0x8eec9a,96.0184%,26,627,653,2,2,24,625
0x8a5456,98.3073%,26,1510,1536,1510,20,6,0
0x9dfe16,85.5556%,26,154,180,68,23,3,86
0x502faf,86.1702%,26,162,188,162,26,0,0
0x50cd8e,92.8571%,26,338,364,32,11,15,306
0xa5c3b7,82.5503%,26,123,149,39,11,15,84
0x81fd40,91.8495%,26,293,319,248,23,3,45
0x813fe3,99.372%,26,4114,4140,3437,13,13,677
0x9d01e3,92.5714%,26,324,350,0,4,22,324
0x502116,66.6667%,26,52,78,29,5,21,23
0x8fefb6,92.6346%,26,327,353,0,0,26,327
0x99a8f3,74.5098%,26,76,102,51,10,16,25
0x4bc147,86.802%,26,171,197,1,12,14,170
0xa3679d,95.1763%,26,513,539,0,0,26,513
0x8e4b32,99.291%,26,3641,3667,3472,17,9,169
0x66f62a,55.9322%,26,33,59,0,0,26,33
0x5ff1d7,93.1937%,26,356,382,0,0,26,356
0xa2e857,89.1667%,26,214,240,114,13,13,100
0x8e0a79,99.112%,26,2902,2928,308,16,10,2594
0x9ed73c,55.9322%,26,33,59,13,8,18,20
0x973113,71.1111%,26,64,90,47,18,8,17
0x53e94e,83.1169%,26,128,154,128,26,0,0
0x537fdd,99.4499%,26,4700,4726,0,3,23,4700
0x858e6c,96.2044%,26,659,685,659,18,8,0
0x50c9e2,94.0909%,26,414,440,414,26,0,0
0x4b61a1,76.3636%,26,84,110,72,17,9,12
0x8df4f9,58.7302%,26,37,63,33,21,5,4
0x81477a,97.2399%,26,916,942,416,13,13,500
0x771992,99.8728%,26,20414,20440,0,0,26,20414
0x80baab,78.1513%,26,93,119,58,17,9,35
0x488b36,98.3471%,26,1547,1573,1541,10,16,6
0xa46dfd,89.8833%,26,231,257,0,0,26,231
0x537f03,96.5007%,26,717,743,0,0,26,717
0x9e7543,93.5%,26,374,400,156,22,4,218
0x5a944d,92.6346%,26,327,353,280,6,20,47
0x507c03,96.4865%,26,714,740,160,6,20,554
0xaa460d,73.7374%,26,73,99,0,0,26,73
0x501ae3,96.7254%,26,768,794,0,0,26,768
0x541a97,96.8825%,26,808,834,0,0,26,808
0x4b67d0,81.9444%,26,118,144,75,20,6,43
0x5f52f4,99.3226%,26,3812,3838,34,14,12,3778
0x4bc66b,72.9167%,26,70,96,0,0,26,70
0x8f4869,99.4945%,26,5117,5143,283,12,14,4834
0xa36877,94.0367%,26,410,436,1,16,10,409
0x65a024,98.666%,26,1923,1949,1785,12,14,138
0xa58ad9,81.1594%,26,112,138,17,12,14,95
0xa26226,93.5644%,26,378,404,96,12,14,282
0x54ec9c,62.3188%,26,43,69,43,26,0,0
0x53b31d,89.6414%,26,225,251,31,23,3,194
0x541818,94.9904%,26,493,519,493,26,0,0
0x9ed80f,87.1287%,26,176,202,121,17,9,55
0x8a972f,98.2313%,26,1444,1470,85,23,3,1359
0x5c6c6f,94.5607%,26,452,478,0,0,26,452
0xa3a2ac,96.4088%,26,698,724,698,26,0,0
0x5ea981,94.4086%,26,439,465,6,15,11,433
0x5ff65f,74.2574%,26,75,101,4,7,19,71
0xa5cebe,93.6275%,26,382,408,59,9,17,323
0x9c3789,69.7674%,26,60,86,32,8,18,28
0x90269d,97.8333%,26,1174,1200,1174,26,0,0
0x9eef23,78.3333%,26,94,120,30,15,11,64
0xa5032d,92.7374%,26,332,358,332,26,0,0
0x485b0c,88.4444%,26,199,225,199,24,2,0
0x49f995,84.2424%,26,139,165,80,17,9,59
0x8f1f82,93.765%,26,391,417,261,4,22,130
0x80c036,82.1918%,26,120,146,78,15,11,42
0x8f4c0b,85.2273%,26,150,176,119,17,9,31
0x485ad4,74.2574%,26,75,101,75,26,0,0
0xa2ed1c,59.375%,26,38,64,0,0,26,38
0x65a283,99.536%,26,5578,5604,1863,5,21,3715
0xb2e5e3,99.9111%,26,29223,29249,0,0,26,29223
0xa9ea63,88.4956%,26,200,226,200,26,0,0
0x48dea6,75.2381%,26,79,105,11,19,7,68
0x405ee4,62.1212%,25,41,66,33,21,4,8
0xa45b3f,90.2724%,25,232,257,22,10,15,210
0x4a7aba,95.1456%,25,490,515,0,0,25,490
0x9abe7a,86.1111%,25,155,180,153,19,6,2
0x63adde,90.4215%,25,236,261,0,20,5,236
0x53a1bc,47.9167%,25,23,48,3,3,22,20
0x5fa9be,96.6844%,25,729,754,715,21,4,14
0x5f555d,55.3571%,25,31,56,5,11,14,26
0x5e37c1,96.1598%,25,626,651,0,0,25,626
0x4bc451,92.163%,25,294,319,52,12,13,242
0xa27645,98.7852%,25,2033,2058,69,23,2,1964
0x918eba,87.5%,25,175,200,0,0,25,175
0x8c8633,91.6667%,25,275,300,91,14,11,184
0x8fd41f,98.5566%,25,1707,1732,0,0,25,1707
0xa360c4,95.8472%,25,577,602,289,12,13,288
0x53420a,81.4815%,25,110,135,84,17,8,26
0x8bd969,82.7586%,25,120,145,120,25,0,0
0x78cd75,97.133%,25,847,872,0,2,23,847
0xa284ff,90.7063%,25,244,269,7,9,16,237
0x4bb447,88.0383%,25,184,209,153,7,18,31
0x4b515a,80.4688%,25,103,128,0,0,25,103
0x5097b9,99.5428%,25,5443,5468,0,0,25,5443
0xa91d45,83.1081%,25,123,148,123,25,0,0
0x8df562,53.7037%,25,29,54,3,9,16,26
0x917987,87.5%,25,175,200,175,25,0,0
0xa074d9,45.6522%,25,21,46,6,16,9,15
0x591f15,99.3381%,25,3752,3777,19,2,23,3733
0x5906e2,91.1972%,25,259,284,259,18,7,0
0xa45c63,97.9475%,25,1193,1218,0,8,17,1193
0x504033,67.5325%,25,52,77,35,15,10,17
0x81b400,86.7021%,25,163,188,163,14,11,0
0x8d32fa,50.9804%,25,26,51,7,20,5,19
0x78d880,95.9612%,25,594,619,0,0,25,594
0x5f6d19,56.8966%,25,33,58,12,17,8,21
0x8ef67c,82.9932%,25,122,147,106,10,15,16
0x9be461,79.1667%,25,95,120,65,7,18,30
0x606a60,88.8889%,25,200,225,200,25,0,0
0x60b2c2,98.7412%,25,1961,1986,46,18,7,1915
0xa4fe80,90.1186%,25,228,253,228,21,4,0
0x804faa,92.4242%,25,305,330,305,25,0,0
0xa4c41f,99.6018%,25,6254,6279,6254,25,0,0
0x48f068,80.6202%,25,104,129,23,18,7,81
0x58cbb7,92.3077%,25,300,325,155,9,16,145
0xa265ba,97.5321%,25,988,1013,988,25,0,0
0x5bb133,75.4902%,25,77,102,4,15,10,73
0x81f9fb,96.8867%,25,778,803,765,22,3,13
0xa272b2,95.1456%,25,490,515,368,10,15,122
0x58f92e,73.4043%,25,69,94,2,19,6,67
0x977fa3,90.8088%,25,247,272,117,16,9,130
0x9eb421,60.3175%,25,38,63,13,15,10,25
0x543ccf,65.7534%,25,48,73,12,9,16,36
0x7c160c,91.2892%,25,262,287,79,7,18,183
0xb34473,80.4688%,25,103,128,0,0,25,103
0x9e72d7,91.8033%,25,280,305,276,15,10,4
0xb466ce,99.666%,25,7461,7486,0,0,25,7461
0x66700b,93.0168%,25,333,358,0,11,14,333
0x501ff6,72.5275%,25,66,91,23,12,13,43
0x54641d,96.8474%,25,768,793,47,10,15,721
0x49e02a,87.2449%,25,171,196,171,25,0,0
0x4c9e57,97.3433%,25,916,941,27,19,6,889
0xa56891,80.6202%,25,104,129,103,20,5,1
0x50191f,96.8944%,25,780,805,777,17,8,3
0x8fd9dd,90.3101%,25,233,258,233,20,5,0
0x9f2826,96.9512%,25,795,820,795,25,0,0
0x59692c,86.1878%,25,156,181,0,0,25,156
0x508cad,96.6216%,25,715,740,153,13,12,562
0x5fbd9a,47.9167%,25,23,48,6,8,17,17
0x4c5273,92.1384%,25,293,318,272,19,6,21
0x8f0c82,59.6774%,25,37,62,28,14,11,9
0x53c3de,81.0606%,25,107,132,91,15,10,16
0x8ee6f7,93.5733%,25,364,389,5,13,12,359
0xb17bc0,97.6437%,25,1036,1061,0,0,25,1036
0x65c224,99.4924%,25,4900,4925,38,1,24,4862
0x403876,96.1715%,25,628,653,247,16,9,381
0x4bc7a3,87.5%,25,175,200,85,21,4,90
0x9f27aa,98.232%,25,1389,1414,1389,25,0,0
0x90abbe,97.3985%,25,936,961,76,24,1,860
0x48d7b2,98.5397%,25,1687,1712,697,15,10,990
0x9f9764,21.875%,25,7,32,0,0,25,7
0x403f13,98.0096%,25,1231,1256,156,2,23,1075
0x8f6aef,92.5595%,25,311,336,0,0,25,311
0x8a7403,95%,25,475,500,184,12,13,291
0xa25eff,82.2695%,25,116,141,97,6,19,19
0xb4a1a6,96.547%,25,699,724,0,0,25,699
0xa54fe1,50%,25,25,50,5,7,18,20
0x627699,45.6522%,25,21,46,21,25,0,0
0x53892b,58.3333%,25,35,60,29,23,2,6
0x8bca8b,98.8318%,25,2115,2140,1206,10,15,909
0x9f57ca,68.75%,25,55,80,43,1,24,12
0x48b306,93.1319%,25,339,364,33,10,15,306
0xb14801,99.4129%,25,4233,4258,0,0,25,4233
0xacfada,81.4815%,25,110,135,93,21,4,17
0x5af013,96.2908%,25,649,674,0,0,25,649
0x97a420,51.9231%,25,27,52,21,13,12,6
0x80e694,96.6533%,25,722,747,238,11,14,484
0x557232,84.375%,25,135,160,123,19,6,12
0x544d50,81.0606%,25,107,132,23,17,8,84
0x9ed934,81.8841%,25,113,138,1,11,14,112
0x5fc74d,47.9167%,25,23,48,2,12,13,21
0x555d59,97.6873%,25,1056,1081,0,0,25,1056
0x5fe852,93.7343%,25,374,399,39,13,12,335
0x6070e0,99.6129%,25,6433,6458,6433,25,0,0
0x66f52a,93.3687%,25,352,377,0,0,25,352
0x555ed5,89.6694%,25,217,242,217,22,3,0
0x9fb117,79.8387%,25,99,124,0,0,25,99
0xa911f6,71.2644%,25,62,87,56,9,16,6
0x97265d,90.8425%,25,248,273,0,0,25,248
0x991adc,86.911%,25,166,191,166,25,0,0
0x7e1166,40.4762%,25,17,42,2,0,25,15
0xa9da7c,79.1667%,25,95,120,84,21,4,11
0x908548,99.6672%,25,7486,7511,314,19,6,7172
0x40db64,99.7003%,25,8318,8343,0,0,25,8318
0x50e0fc,74.2268%,25,72,97,34,21,4,38
0x8041e3,58.3333%,25,35,60,23,15,10,12
0xa91123,87.1795%,25,170,195,168,23,2,2
0x677504,90.3846%,25,235,260,1,8,17,234
0x5cfc42,98.0111%,25,1232,1257,1230,15,10,2
0x81be64,89.4068%,25,211,236,19,13,12,192
0x8fed0d,90.7063%,25,244,269,0,4,21,244
0x608bf4,95.4874%,25,529,554,529,25,0,0
0x835e26,34.2105%,25,13,38,9,19,6,4
0x835d90,72.5275%,25,66,91,22,16,9,44
0xa030e0,63.2353%,25,43,68,28,13,12,15
0x40dea7,99.7764%,25,11156,11181,0,0,25,11156
0x8fe944,83.9744%,25,131,156,21,6,19,110
0x5cd170,80.916%,25,106,131,106,25,0,0
0x499cac,70.9302%,25,61,86,61,25,0,0
0xa43c14,91.9094%,25,284,309,284,25,0,0
0x402cfd,97.1815%,25,862,887,327,9,16,535
0x7b7fc0,81.0606%,25,107,132,10,6,19,97
0x509b5c,98.6674%,25,1851,1876,0,0,25,1851
0x973dd5,80.1587%,25,101,126,93,3,22,8
0xb3234e,97.42%,25,944,969,0,0,25,944
0xa51276,90.1186%,25,228,253,228,21,4,0
0x8bb6aa,69.5122%,25,57,82,47,22,3,10
0x81b6fb,87.7451%,25,179,204,178,7,18,1
0x58f82b,96.9807%,25,803,828,745,9,16,58
0x60c4f8,81.3433%,25,109,134,109,25,0,0
0x4bacb3,93.188%,25,342,367,136,13,12,206
0x49fcf3,96.9697%,25,800,825,5,10,15,795
0x5592e8,93.9173%,25,386,411,194,9,16,192
0x5b1513,95.1923%,25,495,520,11,8,17,484
0x487304,96.3557%,25,661,686,661,25,0,0
0xa560db,68.75%,25,55,80,55,13,12,0
0xa4e637,67.1053%,25,51,76,34,8,17,17
0x4a7ad8,95.1456%,25,490,515,337,15,10,153
0x4bc060,98.3244%,25,1467,1492,1459,17,8,8
0x550ee4,48.9796%,25,24,49,5,18,7,19
0xa5bb0b,61.5385%,25,40,65,7,19,6,33
0x9e40eb,88.8393%,25,199,224,58,12,13,141
0x510690,97.9855%,25,1216,1241,631,17,8,585
0x538036,43.1818%,25,19,44,17,21,4,2
0x900252,95.9016%,25,585,610,585,13,12,0
0x95012f,98.8474%,25,2144,2169,0,0,25,2144
0x9f94d2,79.1667%,25,95,120,10,0,25,85
0x9ab483,71.9101%,25,64,89,28,10,15,36
0x81e654,98.8274%,25,2107,2132,2107,12,13,0
0x64c56c,95.4296%,25,522,547,518,4,21,4
0x49db88,34.2105%,25,13,38,13,25,0,0
0x9ab2fc,94.0476%,25,395,420,102,10,15,293
0x4bbf41,93.7656%,25,376,401,327,18,7,49
0x8a51cf,88.4793%,25,192,217,192,12,13,0
0x5b9d30,60.9375%,25,39,64,3,18,7,36
0x97bb1c,83.871%,25,130,155,63,17,8,67
0x552984,80.1587%,25,101,126,0,6,19,101
0x5bee3a,98.2168%,25,1377,1402,1377,23,2,0
0x8f0baf,95.8949%,25,584,609,411,6,19,173
0x8ff40c,90.1575%,25,229,254,123,4,21,106
0xa33e53,77.6786%,25,87,112,30,13,12,57
0x608d7a,87.5%,25,175,200,168,11,14,7
0x409f24,69.1358%,25,56,81,19,11,14,37
0x54fa9e,89.6694%,25,217,242,217,25,0,0
0x4b49ca,80.916%,25,106,131,64,11,14,42
0x9e084f,97.3985%,25,936,961,67,7,18,869
0x910dc0,99.3609%,25,3887,3912,105,18,7,3782
0x9f771b,62.1212%,25,41,66,41,25,0,0
0x51b973,99.5256%,25,5245,5270,0,0,25,5245
0x9e0130,97.6723%,25,1049,1074,0,0,25,1049
0x8dd823,98.9126%,25,2274,2299,647,21,4,1627
0x64b0bd,99.8665%,25,18706,18731,18706,25,0,0
0x64f4ff,77.2727%,25,85,110,71,15,10,14
0x4bb2a8,94.3567%,25,418,443,418,25,0,0
0x404ef3,96.4183%,25,673,698,666,8,17,7
0x781fd7,99.3523%,25,3835,3860,2867,13,12,968
0x4a0293,87.8641%,25,181,206,103,13,12,78
0x8e3859,93.1694%,25,341,366,152,7,18,189
0x816748,72.8261%,25,67,92,7,17,8,60
0x8160e3,75.9615%,25,79,104,50,9,16,29
0x60a7e3,86.4865%,25,160,185,52,20,5,108
0xa360db,91.6944%,25,276,301,166,18,7,110
0x4b49eb,80.916%,25,106,131,101,22,3,5
0x8ab5b3,95.3532%,25,513,538,249,16,9,264
0x593877,96.063%,25,610,635,608,25,0,2
0x64af85,99.902%,25,25494,25519,25494,25,0,0
0xa974aa,35.8974%,25,14,39,12,9,16,2
0xa02926,90.8425%,25,248,273,248,25,0,0
0x943e28,82.0144%,25,114,139,106,23,2,8
0x837983,75.9615%,25,79,104,75,21,4,4
0xa46a67,89.1304%,25,205,230,205,25,0,0
0xa0526e,60.9375%,25,39,64,6,16,9,33
0x5fea67,67.5325%,25,52,77,41,12,13,11
0x9ab470,91.3495%,25,264,289,182,18,7,82
0x537f53,72.8261%,25,67,92,67,25,0,0
0x609c87,96.2462%,25,641,666,641,25,0,0
0x9e3ee9,92.6471%,25,315,340,291,12,13,24
0x50c09f,98.7367%,25,1954,1979,1,19,6,1953
0x9c4097,94.6352%,25,441,466,441,25,0,0
0xa54e88,59.0164%,25,36,61,36,25,0,0
0x8bc7d6,98.4634%,25,1602,1627,1602,25,0,0
0x597101,94.2529%,25,410,435,0,0,25,410
0x9fb74e,91.8301%,25,281,306,0,0,25,281
0x59c2e6,88.3178%,25,189,214,189,18,7,0
0x8bb254,93.8875%,25,384,409,384,25,0,0
0x409b69,67.9487%,25,53,78,41,15,10,12
0x4bba41,77.6786%,25,87,112,48,8,17,39
0x8dcae1,98.9126%,25,2274,2299,1513,8,17,761
0x8a8807,95.01%,25,476,501,473,14,11,3
0x499170,86.7021%,25,163,188,127,11,14,36
0xaa5374,99.0399%,25,2579,2604,0,21,4,2579
0x90029c,92.1875%,25,295,320,293,17,8,2
0x9ee5d4,83.5526%,25,127,152,85,10,15,42
0x677c57,92.9972%,25,332,357,48,15,10,284
0xa42b3d,97.093%,25,835,860,191,14,11,644
0x9f05e5,96.7532%,25,745,770,629,16,9,116
0x53e3d4,98.9562%,25,2370,2395,2370,23,2,0
0x9bd0f5,65.2778%,25,47,72,47,25,0,0
0x54f4f8,99.1795%,25,3022,3047,3022,25,0,0
0x49ee3a,95.3184%,25,509,534,1,17,8,508
0xa05b60,98.4326%,25,1570,1595,1556,10,15,14
0x9ab621,88%,24,176,200,143,10,14,33
0x410813,55.5556%,24,30,54,28,5,19,2
0xb0ba10,99.5851%,24,5761,5785,275,1,23,5486
0x4be2be,71.4286%,24,60,84,3,8,16,57
0x4b4a64,92.0792%,24,279,303,3,16,8,276
0x8c9357,95.7968%,24,547,571,544,16,8,3
0x8210f6,96.9582%,24,765,789,0,11,13,765
0x8ed952,96.0591%,24,585,609,585,24,0,0
0x9eef34,85.8824%,24,146,170,146,24,0,0
0x8de853,89.1892%,24,198,222,70,8,16,128
0x502425,92.9412%,24,316,340,0,0,24,316
0x5463c4,93.1429%,24,326,350,326,24,0,0
0x5cf4d2,38.4615%,24,15,39,0,0,24,15
0x48a004,99.4218%,24,4127,4151,4074,9,15,53
0xb2fcb8,99.8623%,24,17408,17432,0,0,24,17408
0xa661ac,78.7611%,24,89,113,78,8,16,11
0x48a274,99.6111%,24,6148,6172,0,0,24,6148
0x99c963,97.1831%,24,828,852,3,10,14,825
0x539000,94.132%,24,385,409,378,5,19,7
0x9fbb69,92.1569%,24,282,306,0,0,24,282
0xa2dc7f,62.5%,24,40,64,15,13,11,25
0xa586c8,85.5422%,24,142,166,137,21,3,5
0x90d312,80.6452%,24,100,124,100,24,0,0
0x8aed94,88.5167%,24,185,209,9,2,22,176
0x9082a1,98.8827%,24,2124,2148,0,0,24,2124
0x49de63,75.5102%,24,74,98,31,11,13,43
0x983a53,62.5%,24,40,64,10,7,17,30
0xad7bc4,72.4138%,24,63,87,60,16,8,3
0x8e1609,99.7858%,24,11181,11205,11155,18,6,26
0x917898,84%,24,126,150,13,8,16,113
0xa4a104,81.9549%,24,109,133,37,9,15,72
0x813c03,45.4545%,24,20,44,9,13,11,11
0xa2f720,92.0266%,24,277,301,64,9,15,213
0x50adf0,82.3529%,24,112,136,0,0,24,112
0xa91cef,91.9463%,24,274,298,274,24,0,0
0x8ef4d0,84.8101%,24,134,158,108,8,16,26
0x8d98b1,97.9609%,24,1153,1177,1153,16,8,0
0x8ee0d3,94.132%,24,385,409,0,0,24,385
0x638ff2,91.3357%,24,253,277,244,15,9,9
0x8106d6,95.5882%,24,520,544,492,18,6,28
0x5592df,94.2993%,24,397,421,5,5,19,392
0x50b74c,97.8892%,24,1113,1137,0,4,20,1113
0x504e76,75.2577%,24,73,97,39,20,4,34
0x65a3af,97.0696%,24,795,819,65,9,15,730
0xb3024b,99.6274%,24,6417,6441,0,0,24,6417
0x9ab8ed,89.7872%,24,211,235,0,0,24,211
0x81680c,76.9231%,24,80,104,79,4,20,1
0x978415,96.9231%,24,756,780,0,0,24,756
0x8f578a,97.738%,24,1037,1061,855,15,9,182
0xa55437,84.6154%,24,132,156,1,1,23,131
0x77fdd8,96.2025%,24,608,632,147,11,13,461
0x8141d6,99.822%,24,13456,13480,1956,16,8,11500
0x90e665,97.3655%,24,887,911,0,0,24,887
0x53d909,98.5603%,24,1643,1667,1643,24,0,0
0x67e20b,99.6106%,24,6140,6164,6140,24,0,0
0x48db8c,92.7052%,24,305,329,0,0,24,305
0x58ba5d,78.9474%,24,90,114,89,21,3,1
0x8dd126,92.381%,24,291,315,240,12,12,51
0x556f1e,56.3636%,24,31,55,14,13,11,17
0x67f0de,99.4378%,24,4245,4269,4245,24,0,0
0x9f0969,97.6096%,24,980,1004,796,8,16,184
0xa97527,83.8926%,24,125,149,2,4,20,123
0xa2e1a8,90.2439%,24,222,246,34,16,8,188
0x99adb1,88.4615%,24,184,208,19,11,13,165
0x8dd0f3,96.6574%,24,694,718,167,8,16,527
0x9ed396,94.7137%,24,430,454,40,17,7,390
0x8f3f28,98.6517%,24,1756,1780,83,8,16,1673
0x53a52d,90.4382%,24,227,251,34,20,4,193
0x8fe8a0,99.3769%,24,3828,3852,0,0,24,3828
0x4ba778,93.5657%,24,349,373,64,15,9,285
0x9d024e,93.1429%,24,326,350,326,24,0,0
0x9a71d2,95.5882%,24,520,544,520,14,10,0
0x546a01,66.6667%,24,48,72,45,23,1,3
0x54195e,99.1098%,24,2672,2696,0,0,24,2672
0x548920,78.5714%,24,88,112,87,9,15,1
0x61050e,95.5801%,24,519,543,48,15,9,471
0x4bc8c7,89.6104%,24,207,231,205,14,10,2
0x542b13,98.8406%,24,2046,2070,2046,24,0,0
0x8c82a9,97.3333%,24,876,900,339,3,21,537
0x556dee,77.7778%,24,84,108,78,22,2,6
0x9aba29,78.9474%,24,90,114,73,12,12,17
0xa58a51,83.5616%,24,122,146,121,17,7,1
0x9f938a,72.093%,24,62,86,36,16,8,26
0xa57163,60.6557%,24,37,61,17,24,0,20
0x9e18a1,82.4818%,24,113,137,11,6,18,102
0x8ab5a7,97.0407%,24,787,811,264,9,15,523
0x9ef392,60%,24,36,60,25,13,11,11
0x64ad54,99.8859%,24,21011,21035,0,0,24,21011
0xa9f18a,89.3805%,24,202,226,192,15,9,10
0x5912a4,91.2409%,24,250,274,250,24,0,0
0xa56fc6,77.7778%,24,84,108,75,7,17,9
0xa3bb10,89.4737%,24,204,228,195,15,9,9
0xa2d9e5,94.4573%,24,409,433,405,8,16,4
0x80bfb4,70%,24,56,80,26,22,2,30
0x5c70bd,93.3333%,24,336,360,18,10,14,318
0x5f8293,95.5963%,24,521,545,3,15,9,518
0xa494a2,73.6264%,24,67,91,67,24,0,0
0x8f319d,99.0687%,24,2553,2577,2546,18,6,7
0x9f5055,82.6087%,24,114,138,88,24,0,26
0x9d1151,90.1639%,24,220,244,3,17,7,217
0x9f688c,92.8783%,24,313,337,30,14,10,283
0x5904ec,98.324%,24,1408,1432,0,0,24,1408
0x8fddf5,98.1323%,24,1261,1285,1261,24,0,0
0xa33dfd,91.6955%,24,265,289,50,11,13,215
0x60b6a9,90.3226%,24,224,248,2,19,5,222
0xa5c5af,64.7059%,24,44,68,38,12,12,6
0x60ad21,97.973%,24,1160,1184,0,0,24,1160
0x40a11a,64.1791%,24,43,67,37,17,7,6
0x8350ae,99.4833%,24,4621,4645,4621,24,0,0
0x5413dc,99.858%,24,16874,16898,0,0,24,16874
0x8e5119,98.786%,24,1953,1977,1519,4,20,434
0x8dd83f,98.9561%,24,2275,2299,1685,5,19,590
0x98b40f,67.5676%,24,50,74,21,19,5,29
0xb323c0,97.5232%,24,945,969,945,24,0,0
0x504da7,74.1935%,24,69,93,38,17,7,31
0x9e50b3,89.916%,24,214,238,0,0,24,214
0xad7f30,98.5874%,24,1675,1699,163,10,14,1512
0xa52fa8,87.6289%,24,170,194,1,1,23,169
0xa52bb0,88.6792%,24,188,212,153,19,5,35
0x542d05,98.8406%,24,2046,2070,2046,24,0,0
0x9a9416,60%,24,36,60,2,18,6,34
0x501b16,96.9773%,24,770,794,0,0,24,770
0xa4966a,56.3636%,24,31,55,31,11,13,0
0x9a9eaf,86.5169%,24,154,178,22,19,5,132
0x8198ee,97.0979%,24,803,827,295,21,3,508
0x534e2f,99.1957%,24,2960,2984,0,0,24,2960
0xa314f7,53.8462%,24,28,52,13,10,14,15
0x8f1f8d,84.2105%,24,128,152,31,8,16,97
0x960c84,59.322%,24,35,59,32,20,4,3
0x8eda06,83.3333%,24,120,144,3,15,9,117
0xa4b617,92.9204%,24,315,339,315,24,0,0
0x555d18,97.7798%,24,1057,1081,0,0,24,1057
0xa35561,97.3885%,24,895,919,5,11,13,890
0x49e4e9,85.0932%,24,137,161,0,0,24,137
0x5e4524,98.4095%,24,1485,1509,1378,10,14,107
0xa4bb47,90.5138%,24,229,253,227,12,12,2
0xa2d214,96.7033%,24,704,728,704,24,0,0
0x814d99,91.4591%,24,257,281,28,13,11,229
0x541084,99.7347%,24,9023,9047,9023,24,0,0
0x5b0e7a,57.1429%,24,32,56,0,1,23,32
0xae6f7b,65.7143%,24,46,70,2,10,14,44
0x5115e6,99.0208%,24,2427,2451,2427,24,0,0
0x537bf0,99.4922%,24,4702,4726,4702,21,3,0
0x837604,72.093%,24,62,86,19,14,10,43
0x511d66,99.1531%,24,2810,2834,372,12,12,2438
0x4897f3,35.1351%,24,13,37,7,5,19,6
0x4b58ca,94.8718%,24,444,468,0,0,24,444
0x53431e,76.2376%,24,77,101,0,0,24,77
0x5cd461,81.25%,24,104,128,52,9,15,52
0x534495,99.7324%,24,8943,8967,29,12,12,8914
0xaa6385,88%,24,176,200,0,0,24,176
0x977532,90.625%,24,232,256,51,11,13,181
0x4a82ba,73.913%,24,68,92,63,6,18,5
0x492a85,85.4545%,24,141,165,141,4,20,0
0x4c221d,85.7143%,24,144,168,10,7,17,134
0x495dd0,36.8421%,24,14,38,2,17,7,12
0x50d728,94.0741%,24,381,405,244,9,15,137
0x5ff687,76.2376%,24,77,101,77,24,0,0
0xa4536f,93.9698%,24,374,398,45,5,19,329
0x972669,91.2088%,24,249,273,0,0,24,249
0x8fd953,89.1892%,24,198,222,49,15,9,149
0x901304,87.0968%,24,162,186,131,5,19,31
0x5f8682,85.6287%,24,143,167,130,5,19,13
0x944d55,96.391%,24,641,665,125,11,13,516
0x5f8e13,93.4959%,24,345,369,267,9,15,78
0x5d7cdc,98.0723%,24,1221,1245,407,24,0,814
0x5f8cfd,73.0337%,24,65,89,38,15,9,27
0xa553cf,84.6154%,24,132,156,1,12,12,131
0x40e64d,95.1904%,24,475,499,474,8,16,1
0x81c1e0,91.2727%,24,251,275,42,13,11,209
0x792f79,83.2168%,24,119,143,119,24,0,0
0x4bf066,95.3033%,24,487,511,459,12,12,28
0xa35b38,99.2631%,24,3233,3257,3209,16,8,24
0x48a04b,99.764%,24,10144,10168,0,0,24,10144
0x4bf693,87.8788%,24,174,198,20,9,15,154
0x9f5a8e,77.7778%,24,84,108,17,11,13,67
0x81bfb4,65.7143%,24,46,70,23,13,11,23
0x9a7554,40%,24,16,40,13,9,15,3
0x5fe808,77.1429%,24,81,105,72,5,19,9
0x58d8e2,88.5167%,24,185,209,50,8,16,135
0x4bc512,89.2377%,24,199,223,192,16,8,7
0x55232a,98.8218%,24,2013,2037,2013,24,0,0
0xaae24a,99.3492%,24,3664,3688,0,0,24,3664
0x5016f3,91.8644%,24,271,295,0,0,24,271
0x7b7fb8,82.9787%,24,117,141,7,2,22,110
0x53566e,86.8852%,24,159,183,0,0,24,159
0x8f4ec6,99.0419%,24,2481,2505,153,23,1,2328
0x49fbac,94.3262%,24,399,423,399,24,0,0
0x4992e8,42.8571%,24,18,42,18,24,0,0
0x8aa922,99.2985%,24,3397,3421,0,0,24,3397
0x661683,98.1028%,24,1241,1265,0,0,24,1241
0xaa1355,87.6923%,24,171,195,4,20,4,167
0xb245d4,99.7983%,24,11875,11899,0,0,24,11875
0x97836d,81.9549%,24,109,133,20,16,8,89
0x610d7e,99.7621%,24,10063,10087,10063,24,0,0
0xb0b122,80.1653%,24,97,121,90,15,9,7
0x833a80,81.8182%,24,108,132,9,9,15,99
0xa5f320,96.5116%,24,664,688,662,22,2,2
0x40378c,96.9659%,24,767,791,767,24,0,0
0x81ca16,86.0465%,24,148,172,0,2,22,148
0x50a90e,76.2376%,24,77,101,34,16,8,43
0x48a57e,99.3471%,24,3652,3676,0,0,24,3652
0x40a5a8,58.6207%,24,34,58,28,6,18,6
0xa33a8e,95.7219%,24,537,561,238,16,8,299
0x5fba54,69.6203%,24,55,79,6,10,14,49
0x5fa539,55.5556%,24,30,54,8,6,18,22
0x9fb12d,80.6452%,24,100,124,0,0,24,100
0x9ed27a,94.7137%,24,430,454,381,16,8,49
0x9ab78c,91.6955%,24,265,289,263,12,12,2
0x811f5d,95.1515%,24,471,495,0,17,7,471
0x410370,88.5167%,24,185,209,15,7,17,170
0x610bea,91.3978%,24,255,279,12,6,18,243
0x5ee150,99.2048%,24,2994,3018,0,0,24,2994
0x5bc373,79.8319%,24,95,119,80,16,8,15
0x50e2bb,75.2577%,24,73,97,10,12,12,63
0x8f6a9c,79.8319%,24,95,119,94,15,9,1
0x81e8ba,97.5052%,24,938,962,938,20,4,0
0x55031b,93.2203%,24,330,354,330,24,0,0
0x40e6ca,71.0843%,24,59,83,7,8,16,52
0x977f14,98.4221%,24,1497,1521,903,8,16,594
0xaa34ce,97.4332%,24,911,935,11,0,24,900
0x8adc6e,90.9091%,24,240,264,1,21,3,239
0x8f63f6,86.8132%,24,158,182,158,12,12,0
0x4b9e7f,88.7324%,24,189,213,32,14,10,157
0xa45b46,89.3333%,24,201,225,191,15,9,10
0x55223d,98.8218%,24,2013,2037,2013,24,0,0
0x4bd65f,48.9362%,24,23,47,17,24,0,6
0x9ab741,73.0337%,24,65,89,64,17,7,1
0x5bd470,99.1713%,24,2872,2896,1439,9,15,1433
0x40eb4f,92.5234%,24,297,321,0,9,15,297
0x51c212,98.0567%,24,1211,1235,1211,7,17,0
0x4ba3cb,94.7137%,24,430,454,385,11,13,45
0x8b968a,99.8826%,24,20416,20440,5,1,23,20411
0x50b98d,82.2222%,24,111,135,98,6,18,13
0xa936e7,90.625%,24,232,256,232,24,0,0
0xa9b7c7,78.9474%,24,90,114,13,13,11,77
0x9f29f0,86.1272%,24,149,173,64,5,19,85
0x81c5fc,89.1403%,24,197,221,37,16,8,160
0x80c3f9,82.8571%,24,116,140,111,11,13,5
0x8f58d3,99.0812%,24,2588,2612,2588,24,0,0
0x40f3c7,96.4232%,24,647,671,614,5,19,33
0x98b3f4,54.717%,24,29,53,4,15,9,25
0x499712,81.1024%,24,103,127,50,3,21,53
0x540255,99.1206%,24,2705,2729,2704,21,3,1
0x5076d7,52%,24,26,50,14,8,16,12
0x803fa2,90.5138%,24,229,253,223,13,11,6
0x4a7913,96.3964%,24,642,666,642,18,6,0
0x9428de,89.5197%,24,205,229,205,24,0,0
0x64b58e,98.9956%,23,2267,2290,0,0,23,2267
0x542572,90.9449%,23,231,254,176,17,6,55
0x604af7,68.9189%,23,51,74,26,11,12,25
0xa9b7eb,73.8636%,23,65,88,32,16,7,33
0x9f6c04,95.6929%,23,511,534,226,15,8,285
0x81a8f8,90.3361%,23,215,238,134,6,17,81
0x8c952b,97.5%,23,897,920,342,2,21,555
0x58dbb3,84.7682%,23,128,151,123,21,2,5
0x50be27,96.0345%,23,557,580,556,22,1,1
0xa05221,62.9032%,23,39,62,12,5,18,27
0x50cbd5,60.3448%,23,35,58,5,7,16,30
0x40cf15,73.2558%,23,63,86,63,23,0,0
0x9ea4d7,86.3095%,23,145,168,0,0,23,145
0x8145ec,95.6929%,23,511,534,505,8,15,6
0xa4194c,39.4737%,23,15,38,6,18,5,9
0xa521b4,85.0649%,23,131,154,61,16,7,70
0xa561f5,94.5107%,23,396,419,0,0,23,396
0x8e1e98,85.2564%,23,133,156,128,6,17,5
0x679b8f,95.9147%,23,540,563,456,13,10,84
0x901bb5,86.3905%,23,146,169,145,19,4,1
0xb323ed,97.6264%,23,946,969,0,0,23,946
0x639b5e,62.2951%,23,38,61,11,12,11,27
0xa2dc1a,88.1443%,23,171,194,0,0,23,171
0xa4ee69,85.8025%,23,139,162,9,15,8,130
0x65a08b,90.9091%,23,230,253,121,10,13,109
0xaae1aa,99.3906%,23,3751,3774,0,2,21,3751
0x8e24f6,79.0909%,23,87,110,87,23,0,0
0xaa141d,88.2051%,23,172,195,0,0,23,172
0xa5f774,96.562%,23,646,669,27,13,10,619
0xa28553,85.625%,23,137,160,2,6,17,135
0x48d847,98.7641%,23,1838,1861,0,0,23,1838
0x65a2fc,99.1415%,23,2656,2679,2616,15,8,40
0xa28577,84.8684%,23,129,152,11,17,6,118
0x58eb6a,99.5599%,23,5203,5226,5203,23,0,0
0x53a47a,45.2381%,23,19,42,13,16,7,6
0x4b50d7,82.0312%,23,105,128,101,19,4,4
0xb31c47,99.8936%,23,21592,21615,0,0,23,21592
0x9f32ee,94.0415%,23,363,386,0,0,23,363
0x591aea,86.5497%,23,148,171,10,9,14,138
0x58d25e,75%,23,69,92,43,14,9,26
0x552a9c,83.8028%,23,119,142,2,2,21,117
0x9be3d6,52.0833%,23,25,48,4,10,13,21
0x48e08b,80%,23,92,115,10,10,13,82
0x7a3c73,82.7068%,23,110,133,110,23,0,0
0x547cd4,96.1538%,23,575,598,445,3,20,130
0x64b5f5,99.8566%,23,16015,16038,15964,17,6,51
0x58bdf3,84.5638%,23,126,149,60,13,10,66
0x9e8403,93.9153%,23,355,378,271,15,8,84
0xad7f8e,97.5216%,23,905,928,905,23,0,0
0x405a6c,94.9451%,23,432,455,10,13,10,422
0x7ac073,80.3419%,23,94,117,16,5,18,78
0x5438db,84.4595%,23,125,148,3,4,19,122
0x5410b6,97.6791%,23,968,991,968,23,0,0
0xa9362b,86.3905%,23,146,169,146,23,0,0
0x8fce4b,89.3023%,23,192,215,0,0,23,192
0x48df62,43.9024%,23,18,41,0,19,4,18
0x5fecb7,56.6038%,23,30,53,7,7,16,23
0x556a89,91.1197%,23,236,259,235,20,3,1
0xb0a135,93.3333%,23,322,345,0,0,23,322
0x54ef3c,73.8636%,23,65,88,38,13,10,27
0x5cb0cd,97.4041%,23,863,886,58,11,12,805
0x9e0877,97.6067%,23,938,961,577,8,15,361
0x58ba46,84.1379%,23,122,145,15,8,15,107
0x5bba6c,98.3595%,23,1379,1402,0,0,23,1379
0x5c6be3,99.3508%,23,3520,3543,1382,13,10,2138
0x984176,68.9189%,23,51,74,45,20,3,6
0x97317b,96.2295%,23,587,610,0,0,23,587
0x94dc25,96.0818%,23,564,587,564,23,0,0
0x4a5794,86.0606%,23,142,165,47,8,15,95
0xaa7f62,95.6522%,23,506,529,506,20,3,0
0x9a64fe,86.9318%,23,153,176,0,0,23,153
0xaa060f,66.1765%,23,45,68,8,10,13,37
0x441497,96.0481%,23,559,582,519,6,17,40
0x510e30,99.113%,23,2570,2593,0,0,23,2570
0x5411dd,99.8376%,23,14136,14159,1,7,16,14135
0xa526c4,46.5116%,23,20,43,5,6,17,15
0x8e9f85,98.6342%,23,1661,1684,1661,23,0,0
0x949f42,89.6861%,23,200,223,200,23,0,0
0xa5ce01,86.0606%,23,142,165,141,22,1,1
0x4bb2bc,68.0556%,23,49,72,22,3,20,27
0x8daa8b,94.25%,23,377,400,186,14,9,191
0x9eeecc,90%,23,207,230,206,18,5,1
0x9e29ab,87.4317%,23,160,183,3,7,16,157
0x63e8a0,98.2389%,23,1283,1306,1283,23,0,0
0x50ee87,85.2564%,23,133,156,4,8,15,129
0xa396a9,97.4099%,23,865,888,865,23,0,0
0x9fb60e,92.4837%,23,283,306,77,14,9,206
0x7cf94a,88.1443%,23,171,194,155,6,17,16
0x9f61e5,97.6042%,23,937,960,0,0,23,937
0x4a5c9b,88.0208%,23,169,192,35,21,2,134
0x53d84b,68.4932%,23,50,73,34,0,23,16
0x50f117,53.0612%,23,26,49,25,22,1,1
0x48d827,99.4847%,23,4440,4463,0,0,23,4440
0x49c063,95.3908%,23,476,499,0,6,17,476
0x7d2ec0,97.2488%,23,813,836,27,9,14,786
0x9712e0,79.2793%,23,88,111,88,18,5,0
0x511c2a,99.4342%,23,4042,4065,4042,23,0,0
0x983abf,64.0625%,23,41,64,9,8,15,32
0x80f6b8,71.25%,23,57,80,57,17,6,0
0x80ffba,95.7249%,23,515,538,162,4,19,353
0x8a8c3b,96.3492%,23,607,630,28,17,6,579
0x8f5895,99.7752%,23,10208,10231,0,0,23,10208
0x4b583f,91.4815%,23,247,270,247,23,0,0
0x4b9f69,78.8991%,23,86,109,30,16,7,56
0xad7e20,99.332%,23,3420,3443,3420,23,0,0
0x901b0b,90.8%,23,227,250,210,18,5,17
0x8eedea,91.5129%,23,248,271,124,7,16,124
0x5ae442,43.9024%,23,18,41,9,23,0,9
0x944c5a,87.1508%,23,156,179,156,23,0,0
0x609f88,99.223%,23,2937,2960,0,0,23,2937
0x5017eb,99.332%,23,3420,3443,0,0,23,3420
0x5fc218,52.0833%,23,25,48,5,9,14,20
0x78e028,60.3448%,23,35,58,4,5,18,31
0x4b5e65,79.8246%,23,91,114,24,20,3,67
0x9e18e2,80.8333%,23,97,120,38,16,7,59
0xb30af4,66.1765%,23,45,68,45,11,12,0
0x9816cd,69.3333%,23,52,75,20,8,15,32
0x822648,87.6344%,23,163,186,150,13,10,13
0xa2cb33,97.4215%,23,869,892,869,23,0,0
0x80fa89,83.0882%,23,113,136,27,17,6,86
0x494885,83.2117%,23,114,137,0,16,7,114
0x4a25e3,92.5806%,23,287,310,0,4,19,287
0xa52898,94.4444%,23,391,414,9,9,14,382
0x4a7696,94.2928%,23,380,403,0,0,23,380
0xa39682,97.4099%,23,865,888,865,23,0,0
0x503308,67.6056%,23,48,71,18,14,9,30
0x97269f,91.5751%,23,250,273,11,9,14,239
0x40bb97,92.2819%,23,275,298,275,23,0,0
0xa18079,98.4083%,23,1422,1445,436,12,11,986
0x784068,96.2963%,23,598,621,5,16,7,593
0x902243,98.6431%,23,1672,1695,0,10,13,1672
0x9e889f,84.2466%,23,123,146,48,17,6,75
0x9a1e56,79.2793%,23,88,111,15,15,8,73
0x53d97b,87.9581%,23,168,191,155,11,12,13
0x4bcc52,77.8846%,23,81,104,81,23,0,0
0xb14854,99.4598%,23,4235,4258,0,0,23,4235
0x942731,99.7239%,23,8308,8331,8308,23,0,0
0x50cc12,39.4737%,23,15,38,2,17,6,13
0x78d81c,97.0626%,23,760,783,100,6,17,660
0x596b0b,99.0073%,23,2294,2317,2294,23,0,0
0xa54182,96.6859%,23,671,694,671,19,4,0
0x609fd3,99.0472%,23,2391,2414,2391,23,0,0
0x9abab0,97.1357%,23,780,803,780,23,0,0
0x548a60,76.7677%,23,76,99,75,12,11,1
0x9597f8,84.0278%,23,121,144,90,6,17,31
0x50736b,96.8622%,23,710,733,710,12,11,0
0x81d0bd,87.766%,23,165,188,0,6,17,165
0x7efe7d,86.3095%,23,145,168,14,5,18,131
0x50b102,47.7273%,23,21,44,2,2,21,19
0x9e407c,85.0649%,23,131,154,131,19,4,0
0x512812,94.2065%,23,374,397,19,10,13,355
0x50899c,94.2928%,23,380,403,376,23,0,4
0x5f0863,92.2297%,23,273,296,0,0,23,273
0x9f7b6e,76.5306%,23,75,98,74,11,12,1
0xa5951a,87.7005%,23,164,187,0,0,23,164
0x591758,85.625%,23,137,160,20,8,15,117
0x5991a0,93.5028%,23,331,354,0,0,23,331
0x97a3fe,80.1724%,23,93,116,3,10,13,90
0x4a623d,84.1379%,23,122,145,44,15,8,78
0x81e96e,95.5939%,23,499,522,432,14,9,67
0x40f65f,99.6653%,23,6848,6871,0,0,23,6848
0xa90618,59.6491%,23,34,57,1,3,20,33
0x48b3e2,89.7778%,23,202,225,8,4,19,194
0x4aaab1,55.7692%,23,29,52,0,0,23,29
0x58be8c,64.0625%,23,41,64,35,17,6,6
0x972f76,91.7857%,23,257,280,134,6,17,123
0x4fdc2d,93.733%,23,344,367,0,0,23,344
0x488d61,59.6491%,23,34,57,34,23,0,0
0x9fbaa4,92.4837%,23,283,306,72,19,4,211
0x8fed89,99.2177%,23,2917,2940,2917,23,0,0
0x9425ea,90.873%,23,229,252,188,9,14,41
0xa2602e,97.3624%,23,849,872,663,21,2,186
0x9698fe,68.0556%,23,49,72,0,0,23,49
0x5f7eed,82.963%,23,112,135,111,16,7,1
0x4885bc,99.2687%,23,3122,3145,0,0,23,3122
0x48c717,84.0278%,23,121,144,0,0,23,121
0x7ce158,98.7958%,23,1887,1910,0,0,23,1887
0x5908a1,98.9307%,23,2128,2151,0,0,23,2128
0x9fb774,92.4837%,23,283,306,70,21,2,213
0x9c4162,93.6111%,23,337,360,19,15,8,318
0xaa5c52,84.5638%,23,126,149,102,13,10,24
0x8a6433,81.1475%,23,99,122,4,13,10,95
0x80bcec,80.9917%,23,98,121,26,20,3,72
0x90191c,93.8992%,23,354,377,0,0,23,354
0x81c5f0,65.1515%,23,43,66,2,12,11,41
0x49de6c,58.9286%,23,33,56,21,7,16,12
0xa3939e,98.5094%,23,1520,1543,3,11,12,1517
0x9f6dd4,85.625%,23,137,160,0,0,23,137
0xb1481d,99.4598%,23,4235,4258,4235,23,0,0
0x8121bd,93.0723%,23,309,332,150,16,7,159
0x811dca,93.0303%,23,307,330,147,18,5,160
0x9a7a76,82.4427%,23,108,131,78,18,5,30
0x58ccaf,87.6344%,23,163,186,97,14,9,66
0x90d2fa,81.4516%,23,101,124,0,0,23,101
0x50ca26,97.1917%,23,796,819,788,11,12,8
0x8dd4ec,97.0437%,23,755,778,333,21,2,422
0x90e114,61.6667%,23,37,60,28,2,21,9
0x4098e3,63.4921%,23,40,63,27,17,6,13
0x9a9e95,87.0787%,23,155,178,83,14,9,72
0x60ad2a,98.0574%,23,1161,1184,1161,23,0,0
0x99b8c8,87.8947%,23,167,190,156,8,15,11
0x40e75d,98.8193%,23,1925,1948,325,13,10,1600
0x5913e3,95.7875%,23,523,546,0,6,17,523
0x609768,72.2892%,23,60,83,0,0,23,60
0x9742d6,95.9075%,23,539,562,3,5,18,536
0x60b5ec,90.6122%,23,222,245,12,6,17,210
0x9f0e35,92.0139%,23,265,288,247,5,18,18
0x90ef53,98.7614%,23,1834,1857,1834,23,0,0
0x8188ca,87.5676%,23,162,185,156,16,7,6
0x9a7ed4,54%,23,27,50,7,18,5,20
0xa4e8fe,85.625%,23,137,160,0,0,23,137
0x48c75a,60.3448%,23,35,58,13,6,17,22
0x90fd82,91.7857%,23,257,280,10,6,17,247
0xa5c6e2,77.451%,23,79,102,78,18,5,1
0xa6612f,79.646%,23,90,113,0,0,23,90
0x9f5f5d,61.6667%,23,37,60,37,23,0,0
0x40ab32,45.2381%,23,19,42,14,11,12,5
0x943d43,83.4532%,23,116,139,110,19,4,6
0x48cf6f,96.5569%,23,645,668,641,7,16,4
0x643aa0,96.9777%,23,738,761,91,21,2,647
0x4872c3,95.1064%,23,447,470,0,12,11,447
0x485ee5,42.5%,23,17,40,7,16,7,10
0x959032,83.6879%,23,118,141,59,22,1,59
0x9ee2f8,62.9032%,23,39,62,12,4,19,27
0xa2d2e4,94.1026%,23,367,390,2,3,20,365
0x8e3832,93.7158%,23,343,366,194,13,10,149
0x8bb85a,84.1379%,23,122,145,81,2,21,41
0xa905d7,65.1515%,23,43,66,11,14,9,32
0x40419e,96.9415%,23,729,752,0,0,23,729
0xa1808a,97.6931%,23,974,997,129,9,14,845
0x67f5cf,96.3023%,23,599,622,253,3,20,346
0x610dbc,99.4852%,23,4445,4468,0,0,23,4445
0x538f8f,83.9161%,23,120,143,119,13,10,1
0x7c72df,87.8947%,23,167,190,27,9,14,140
0x94b186,88.8889%,23,184,207,87,13,10,97
0x811e0f,99.2642%,23,3103,3126,0,10,13,3103
0x99da49,36.1111%,23,13,36,13,23,0,0
0xa48043,92.7152%,22,280,302,248,21,1,32
0xa46c1a,90.4348%,22,208,230,96,0,22,112
0x53c530,94.3878%,22,370,392,0,0,22,370
0x818ddc,97.3398%,22,805,827,35,16,6,770
0x9a4577,97.841%,22,997,1019,997,22,0,0
0xa566cb,70.2703%,22,52,74,49,15,7,3
0x404172,96.4856%,22,604,626,79,15,7,525
0x552945,98.4184%,22,1369,1391,1369,22,0,0
0x550ed2,55.102%,22,27,49,0,0,22,27
0x4a6d10,95.4262%,22,459,481,459,22,0,0
0xa548c7,94.9192%,22,411,433,0,0,22,411
0xa58ed7,93.6232%,22,323,345,209,17,5,114
0x40e324,95.3975%,22,456,478,223,9,13,233
0xa312a6,57.6923%,22,30,52,14,15,7,16
0x507c15,96.1672%,22,552,574,118,18,4,434
0x40dfeb,83.7037%,22,113,135,0,0,22,113
0xa4a232,60.7143%,22,34,56,26,12,10,8
0x80d8c4,93.4132%,22,312,334,98,16,6,214
0x8dd848,96.3875%,22,587,609,160,10,12,427
0x40503a,47.619%,22,20,42,10,11,11,10
0x40570e,99.8695%,22,16834,16856,0,0,22,16834
0x40f7d4,93.8719%,22,337,359,325,12,10,12
0xa5172e,76.5957%,22,72,94,5,12,10,67
0x50d105,87.2832%,22,151,173,82,9,13,69
0x80bd51,94.9192%,22,411,433,409,15,7,2
0x81afc7,97.4057%,22,826,848,822,21,1,4
0x542fd3,60.7143%,22,34,56,34,14,8,0
0x4c1c68,92.9936%,22,292,314,15,9,13,277
0x8fc48d,97.593%,22,892,914,0,0,22,892
0xa46bba,90.4348%,22,208,230,208,22,0,0
0x7d1bf0,97.3105%,22,796,818,253,8,14,543
0xa45028,96.3875%,22,587,609,0,4,18,587
0x8224d6,95.4825%,22,465,487,465,17,5,0
0x54f55d,99.278%,22,3025,3047,3025,22,0,0
0x50e1d0,51.1111%,22,23,45,23,22,0,0
0xa2ee4d,74.4186%,22,64,86,14,8,14,50
0x550243,43.5897%,22,17,39,17,22,0,0
0x542f34,98.9372%,22,2048,2070,2048,22,0,0
0x53c422,83.3333%,22,110,132,110,22,0,0
0x7d2d7b,96.4344%,22,595,617,253,11,11,342
0x8dd983,50%,22,22,44,6,8,14,16
0x8e0452,98.0702%,22,1118,1140,558,12,10,560
0x49c7bf,92.2807%,22,263,285,2,6,16,261
0xa2b396,73.494%,22,61,83,43,15,7,18
0x503e7a,61.4035%,22,35,57,25,9,13,10
0x976d3e,35.2941%,22,12,34,12,22,0,0
0x5118da,99.3095%,22,3164,3186,3164,22,0,0
0x5f8ffc,70.6667%,22,53,75,13,7,15,40
0x4c8e3e,83.4586%,22,111,133,5,15,7,106
0x90a3f2,92.8571%,22,286,308,121,11,11,165
0x8e2396,99.8307%,22,12972,12994,12972,22,0,0
0x80fa37,85.1351%,22,126,148,2,16,6,124
0x9a654a,87.5%,22,154,176,154,18,4,0
0x4b509e,62.069%,22,36,58,34,22,0,2
0x5efb2d,73.494%,22,61,83,52,18,4,9
0x556b2f,97.7889%,22,973,995,74,16,6,899
0x8ecf1b,93.0818%,22,296,318,286,10,12,10
0xaab79b,77.7778%,22,77,99,77,22,0,0
0x9f5a3e,70.6667%,22,53,75,50,21,1,3
0x403ebe,99.1118%,22,2455,2477,111,2,20,2344
0x8dd902,99.0148%,22,2211,2233,2186,3,19,25
0x9e2701,89.5238%,22,188,210,139,13,9,49
0x8e35cb,98.8872%,22,1955,1977,1511,12,10,444
0x788c9e,55.102%,22,27,49,12,14,8,15
0x539d54,78.4314%,22,80,102,42,12,10,38
0x814273,72.8395%,22,59,81,45,13,9,14
0x4bedb5,86.8263%,22,145,167,89,20,2,56
0xb1497b,99.4833%,22,4236,4258,0,0,22,4236
0x60dc83,91.9708%,22,252,274,252,22,0,0
0xa8f963,74.1176%,22,63,85,63,22,0,0
0x9f76be,66.6667%,22,44,66,44,22,0,0
0x9e76a1,92.6667%,22,278,300,265,8,14,13
0x9e712d,59.2593%,22,32,54,24,14,8,8
0x51b88d,99.6026%,22,5514,5536,5514,22,0,0
0x4b665b,85.8065%,22,133,155,118,8,14,15
0x8b9cac,99.2632%,22,2964,2986,2907,6,16,57
0x81e7e6,99.7923%,22,10568,10590,10568,22,0,0
0x81cb78,87.9121%,22,160,182,6,4,18,154
0x534aca,60.7143%,22,34,56,0,0,22,34
0x64af03,99.899%,22,21758,21780,21699,17,5,59
0xa90469,80.7018%,22,92,114,92,22,0,0
0x8184dc,63.3333%,22,38,60,9,17,5,29
0xa39b97,96.3816%,22,586,608,0,0,22,586
0xa63ba6,82.1138%,22,101,123,0,0,22,101
0xa58d1e,84.9315%,22,124,146,42,8,14,82
0x8f3667,81.0345%,22,94,116,5,10,12,89
0x50bfbb,66.6667%,22,44,66,41,22,0,3
0xa9069d,86.5854%,22,142,164,135,18,4,7
0xad7bde,74.7126%,22,65,87,65,22,0,0
0x60dbc8,91.9708%,22,252,274,25,13,9,227
0x783cd1,85.8974%,22,134,156,134,22,0,0
0x5f79ab,90.5172%,22,210,232,6,10,12,204
0xa39314,96.5409%,22,614,636,0,0,22,614
0x405008,88.8889%,22,176,198,28,16,6,148
0xa39d73,97.1503%,22,750,772,748,14,8,2
0x80582b,95.7447%,22,495,517,298,15,7,197
0x54f26a,48.8372%,22,21,43,3,19,3,18
0x9d0939,78.4314%,22,80,102,44,7,15,36
0x60b5f4,90.3084%,22,205,227,0,0,22,205
0x8fdc8e,97.1204%,22,742,764,0,0,22,742
0xa8fb41,87.0588%,22,148,170,148,22,0,0
0xa55f08,50%,22,22,44,8,19,3,14
0x835c31,42.1053%,22,16,38,16,22,0,0
0x54f30b,48.8372%,22,21,43,9,12,10,12
0x970f3b,99.1773%,22,2652,2674,2652,22,0,0
0x49da6d,97.5309%,22,869,891,869,22,0,0
0x48d64d,99.5077%,22,4447,4469,0,0,22,4447
0x4b5cb4,86.5854%,22,142,164,113,10,12,29
0x8fdeda,99.9343%,22,33478,33500,33478,22,0,0
0x404829,96.4169%,22,592,614,592,22,0,0
0x51b598,98.2704%,22,1250,1272,0,0,22,1250
0x499530,89%,22,178,200,178,21,1,0
0x4a5b22,60%,22,33,55,1,10,12,32
0x534b4e,72.8395%,22,59,81,22,18,4,37
0x48d089,21.4286%,22,6,28,5,21,1,1
0xa3135f,74.1176%,22,63,85,63,22,0,0
0x4b9efa,94.1176%,22,352,374,22,8,14,330
0x9eedde,90.4348%,22,208,230,0,18,4,208
0x504dfd,96.7695%,22,659,681,640,3,19,19
0x81f86d,53.1915%,22,25,47,15,10,12,10
0x64f487,77.7778%,22,77,99,7,3,19,70
0x9c39a9,69.863%,22,51,73,2,7,15,49
0xa550a4,92.6421%,22,277,299,276,11,11,1
0xb2fb53,99.6981%,22,7264,7286,0,0,22,7264
0x5fa510,59.2593%,22,32,54,20,19,3,12
0x9d1ec7,78.2178%,22,79,101,63,10,12,16
0x8a46aa,96.5354%,22,613,635,613,22,0,0
0x9d0378,93.4132%,22,312,334,171,12,10,141
0x813b68,78.4314%,22,80,102,74,11,11,6
0xa505da,42.1053%,22,16,38,13,22,0,3
0x5061f9,97.027%,22,718,740,88,5,17,630
0x8dd889,96.3875%,22,587,609,408,1,21,179
0x4a6f59,95.6947%,22,489,511,0,0,22,489
0x8f318f,99.1463%,22,2555,2577,2547,17,5,8
0x551da2,87.8453%,22,159,181,153,19,3,6
0x5c6b67,99.385%,22,3555,3577,20,14,8,3535
0x48e85c,60%,22,33,55,3,11,11,30
0x8d4168,69.863%,22,51,73,1,1,21,50
0x9c39b0,65.625%,22,42,64,39,17,5,3
0x592b2b,75.5556%,22,68,90,68,22,0,0
0x508db5,80%,22,88,110,57,19,3,31
0x48599f,70.2703%,22,52,74,24,18,4,28
0x58fda1,99.6971%,22,7240,7262,7240,22,0,0
0x534db3,99.8461%,22,14275,14297,0,0,22,14275
0x507744,50%,22,22,44,14,4,18,8
0x8f1919,88.5417%,22,170,192,132,12,10,38
0x8a8e95,98.6779%,22,1642,1664,1642,18,4,0
0x9a69e4,71.0526%,22,54,76,0,0,22,54
0x8eefee,98.06%,22,1112,1134,1112,22,0,0
0x6277ff,70.2703%,22,52,74,34,10,12,18
0x5bd3b5,97.7035%,22,936,958,831,8,14,105
0x9a7cab,96.1471%,22,549,571,549,10,12,0
0x8dce1c,96.9359%,22,696,718,171,4,18,525
0x49c717,95.2484%,22,441,463,1,5,17,440
0x81c5ab,90.0452%,22,199,221,153,16,6,46
0x99bd77,89.1626%,22,181,203,4,19,3,177
0xb32730,99.6585%,22,6420,6442,6420,22,0,0
0x488b0c,95.8175%,22,504,526,504,22,0,0
0x81c808,87.5706%,22,155,177,155,22,0,0
0xaa3508,97.619%,22,902,924,902,22,0,0
0xa4bbf7,94.9192%,22,411,433,0,0,22,411
0x99f0e5,88.6598%,22,172,194,172,10,12,0
0x973c8b,78.6408%,22,81,103,0,0,22,81
0x49c14d,76.8421%,22,73,95,73,22,0,0
0x9c380d,74.4186%,22,64,86,51,15,7,13
0x533c39,54.1667%,22,26,48,18,21,1,8
0xa5428d,80.3571%,22,90,112,87,21,1,3
0x8fcc7a,92.2261%,22,261,283,254,13,9,7
0x4899dd,97.7528%,22,957,979,0,8,14,957
0x539324,84.6154%,22,121,143,114,18,4,7
0x58baa3,80%,22,88,110,88,22,0,0
0xb4676a,86.8263%,22,145,167,1,0,22,144
0x49c729,95.186%,22,435,457,0,8,14,435
0xaa1261,65.0794%,22,41,63,14,12,10,27
0xb2ad2b,97.8805%,22,1016,1038,0,0,22,1016
0x9ebb0e,91.4729%,22,236,258,36,16,6,200
0x40e802,96.9529%,22,700,722,389,16,6,311
0x9ec33f,45%,22,18,40,0,14,8,18
0x481a17,42.1053%,22,16,38,12,7,15,4
0xa57942,86.9048%,22,146,168,26,13,9,120
0x5b15a1,95.7692%,22,498,520,2,8,14,496
0x54d9a7,43.5897%,22,17,39,17,22,0,0
0x7cde7d,97.4329%,22,835,857,59,6,16,776
0xb2ada4,97.8805%,22,1016,1038,1016,22,0,0
0xad7ecb,98.8056%,22,1820,1842,1820,22,0,0
0x5ee226,87.5706%,22,155,177,129,18,4,26
0x4024e0,79.6296%,22,86,108,4,8,14,82
0x9a8b7c,93.3535%,22,309,331,253,16,6,56
0x4fdbbb,63.3333%,22,38,60,0,0,22,38
0x58f9b3,73.1707%,22,60,82,30,11,11,30
0x6662c2,98.5761%,22,1523,1545,1523,22,0,0
0x9a1e86,72.8395%,22,59,81,2,10,12,57
0xb2e667,99.8965%,22,21232,21254,0,0,22,21232
0x9a31c1,91.8519%,22,248,270,37,19,3,211
0xa92f6e,75%,22,66,88,59,22,0,7
0x4a57ad,80%,22,88,110,42,13,9,46
0x9ef230,87.3563%,22,152,174,152,22,0,0
0x551c8d,77.7778%,22,77,99,77,22,0,0
0x402c26,98.5797%,22,1527,1549,1527,22,0,0
0x8f29d9,92.4915%,22,271,293,2,6,16,269
0x48b241,93.956%,22,342,364,38,5,17,304
0x8ff70f,88.2979%,22,166,188,166,22,0,0
0x58c8a3,93.2515%,22,304,326,12,17,5,292
0x807c48,90.1345%,22,201,223,97,17,5,104
0x9ea44f,92.7632%,22,282,304,4,18,4,278
0x643d16,98.4583%,22,1405,1427,1405,22,0,0
0x8ff208,81.6667%,22,98,120,80,8,14,18
0x66794b,31.25%,22,10,32,7,9,13,3
0x9aafb6,95.9854%,22,526,548,0,5,17,526
0xa5c4a1,56%,22,28,50,16,16,6,12
0x9a7496,58.4906%,22,31,53,8,6,16,23
0x94a263,85.8065%,22,133,155,133,22,0,0
0x907542,33.3333%,22,11,33,2,14,8,9
0x648beb,15.3846%,22,4,26,4,9,13,0
0x9a1d41,72.8395%,22,59,81,54,12,10,5
0xa32af5,98.8554%,22,1900,1922,0,0,22,1900
0x4831e0,81.0345%,22,94,116,81,6,16,13
0x545e0d,98.2343%,22,1224,1246,1224,22,0,0
0x9a1215,72.8395%,22,59,81,0,10,12,59
0xa03aa3,81.1966%,22,95,117,33,22,0,62
0x903f15,73.8095%,22,62,84,37,13,9,25
0xa5c6b7,77.551%,22,76,98,0,0,22,76
0x9dfedb,95.5102%,22,468,490,39,19,3,429
0x9ff5d3,45%,22,18,40,0,16,6,18
0x404947,91.5058%,22,237,259,22,1,21,215
0x51c879,99.6973%,22,7245,7267,7245,13,9,0
0x8224c6,95.8724%,22,511,533,28,18,4,483
0xa03b02,81.5126%,22,97,119,0,0,22,97
0x8a51ca,89.8618%,22,195,217,0,0,22,195
0x5be5ac,87.0588%,22,148,170,0,0,22,148
0x9a932c,69.863%,22,51,73,41,12,10,10
0x94d7a5,96.0993%,22,542,564,0,0,22,542
0x81bc70,62.7119%,22,37,59,35,5,17,2
0x5b9bab,60.7143%,22,34,56,12,9,13,22
0x97b7aa,68.1159%,22,47,69,5,2,20,42
0x49ec21,93.1677%,22,300,322,0,0,22,300
0xa34492,82.4%,22,103,125,103,22,0,0
0x9a6056,81.6667%,22,98,120,93,12,10,5
0x973089,48.8372%,22,21,43,3,12,10,18
0x58d8c1,68.1159%,22,47,69,0,0,22,47
0x493565,43.5897%,22,17,39,8,16,6,9
0x59203f,77.0833%,22,74,96,70,22,0,4
0x98ce3a,98.8185%,22,1840,1862,0,0,22,1840
0xa428d7,90.2222%,22,203,225,125,6,16,78
0x54132a,99.72%,22,7836,7858,7829,21,1,7
0xa3404d,88.3598%,22,167,189,66,9,13,101
0x5352f4,31.25%,22,10,32,10,22,0,0
0xa35519,92.8328%,21,272,293,6,8,13,266
0x7c708d,80.3738%,21,86,107,84,7,14,2
0x404f72,96.9914%,21,677,698,672,14,7,5
0xa50a13,94.1989%,21,341,362,0,4,17,341
0x8f2b26,85.7143%,21,126,147,27,18,3,99
0x837dec,77.4194%,21,72,93,72,21,0,0
0x9a740c,96.1397%,21,523,544,523,11,10,0
0x49f51a,99.6125%,21,5398,5419,0,0,21,5398
0x50a95e,81.0811%,21,90,111,59,16,5,31
0x50b903,47.5%,21,19,40,0,0,21,19
0x403d5f,98.3809%,21,1276,1297,0,0,21,1276
0x833dfe,92.9054%,21,275,296,275,13,8,0
0x507f5d,97.1622%,21,719,740,0,0,21,719
0x97432c,95.7916%,21,478,499,0,13,8,478
0xa5d7df,93.8776%,21,322,343,322,21,0,0
0x5fd765,88.587%,21,163,184,80,12,9,83
0x679b4b,99.2383%,21,2736,2757,2736,21,0,0
0x597208,93.6937%,21,312,333,7,10,11,305
0x403fa3,98.7164%,21,1615,1636,1612,14,7,3
0xa45ba7,96.5517%,21,588,609,0,0,21,588
0x4ba3fd,95.3744%,21,433,454,43,15,6,390
0x4a1d21,98.6372%,21,1520,1541,1520,21,0,0
0x53edc7,86.7089%,21,137,158,137,17,4,0
0x5cf516,98.5437%,21,1421,1442,1413,9,12,8
0x491561,86.7089%,21,137,158,135,2,19,2
0x50da21,96.4225%,21,566,587,558,14,7,8
0x554e33,85.2113%,21,121,142,121,21,0,0
0x5547e0,98.1481%,21,1113,1134,1113,21,0,0
0x8dfe13,94.1989%,21,341,362,6,10,11,335
0x50cef3,83.3333%,21,105,126,62,2,19,43
0x4c270d,84.2105%,21,112,133,34,15,6,78
0x50a0c0,72.3684%,21,55,76,9,5,16,46
0x90edcb,98.8691%,21,1836,1857,1187,20,1,649
0xa3a3fd,94.802%,21,383,404,383,21,0,0
0xa2e978,93.9828%,21,328,349,327,18,3,1
0x40522b,70%,21,49,70,30,12,9,19
0x810127,97.2222%,21,735,756,0,0,21,735
0x8fdf52,99.2096%,21,2636,2657,0,0,21,2636
0x60e024,78.5714%,21,77,98,8,11,10,69
0x5109ca,96.6719%,21,610,631,0,0,21,610
0x837693,53.3333%,21,24,45,20,20,1,4
0x50d0e9,87.8613%,21,152,173,152,21,0,0
0x8fea9e,99.1362%,21,2410,2431,2410,21,0,0
0x5bb801,97.8283%,21,946,967,0,0,21,946
0x405ecc,88.2022%,21,157,178,108,4,17,49
0x556fd6,85.2113%,21,121,142,47,10,11,74
0x8fee9b,96.6929%,21,614,635,0,0,21,614
0x9f9405,59.6154%,21,31,52,0,0,21,31
0x4bb102,93.8235%,21,319,340,39,9,12,280
0xa946cb,54.3478%,21,25,46,7,10,11,18
0x6703e4,84.2105%,21,112,133,112,21,0,0
0x48a652,98.7966%,21,1724,1745,0,17,4,1724
0x485c15,92.4731%,21,258,279,255,19,2,3
0x9812fe,73.75%,21,59,80,0,0,21,59
0xa90a5f,88.4615%,21,161,182,161,17,4,0
0x819851,97.561%,21,840,861,0,0,21,840
0x8ff0a8,88.0682%,21,155,176,84,4,17,71
0x8a90c6,98.1216%,21,1097,1118,15,7,14,1082
0x902549,89.5522%,21,180,201,64,15,6,116
0x5049bf,67.1875%,21,43,64,3,20,1,40
0x4c6dff,74.6988%,21,62,83,0,0,21,62
0x821049,75.5814%,21,65,86,21,10,11,44
0xa55ed4,55.3191%,21,26,47,14,8,13,12
0x7233ed,74.0741%,21,60,81,18,15,6,42
0x910eeb,99.0708%,21,2239,2260,2,4,17,2237
0xb32708,99.674%,21,6421,6442,0,0,21,6421
0x81d1b3,97.2973%,21,756,777,484,14,7,272
0x944dca,95.858%,21,486,507,486,13,8,0
0x8a54e6,83.3333%,21,105,126,0,15,6,105
0x9ef0cc,97.8852%,21,972,993,0,6,15,972
0x40f791,99.9366%,21,33109,33130,0,0,21,33109
0x8aabd5,86.3636%,21,133,154,0,0,21,133
0x50cdb0,93.4579%,21,300,321,0,0,21,300
0x53d99b,98.7403%,21,1646,1667,20,5,16,1626
0x805bdc,99.246%,21,2764,2785,0,0,21,2764
0x4ba4f8,79.8077%,21,83,104,39,13,8,44
0x5572a0,91.358%,21,222,243,222,21,0,0
0x99aa41,79.4118%,21,81,102,0,0,21,81
0x4baf97,93.2476%,21,290,311,96,3,18,194
0x901507,99.4932%,21,4123,4144,0,0,21,4123
0x5436cb,87.574%,21,148,169,19,8,13,129
0x820f3b,91.2863%,21,220,241,0,0,21,220
0x8dcb6d,99.0866%,21,2278,2299,1784,6,15,494
0x90baa7,98.1283%,21,1101,1122,1101,21,0,0
0x5080b9,91.7969%,21,235,256,0,0,21,235
0x58fdca,78.7879%,21,78,99,0,0,21,78
0x5991ba,99.5473%,21,4618,4639,1,2,19,4617
0x8e7388,94.8276%,21,385,406,69,14,7,316
0x50b867,97.2549%,21,744,765,355,1,20,389
0x7b2a7b,76.1364%,21,67,88,23,21,0,44
0xb2ff03,58.8235%,21,30,51,4,9,12,26
0x50d2d6,92.953%,21,277,298,0,0,21,277
0x9018ed,94.8905%,21,390,411,27,7,14,363
0xab32c3,89.0625%,21,171,192,12,8,13,159
0x8f6abe,93.75%,21,315,336,0,0,21,315
0x9ff579,66.6667%,21,42,63,11,12,9,31
0x98b31d,93.9655%,21,327,348,1,15,6,326
0x8dbbc4,93.3333%,21,294,315,294,21,0,0
0x48ecf1,74.3902%,21,61,82,16,9,12,45
0xa50e85,94.1989%,21,341,362,0,4,17,341
0x49f6c6,84.3284%,21,113,134,34,21,0,79
0x814b5a,89.6552%,21,182,203,146,16,5,36
0x8379aa,79.8077%,21,83,104,20,12,9,63
0x53dd74,99.8756%,21,16861,16882,0,0,21,16861
0x8ea2d5,98.2857%,21,1204,1225,1204,21,0,0
0x99ac37,91.7647%,21,234,255,0,0,21,234
0x609dc7,89.1753%,21,173,194,0,0,21,173
0x5387cd,99.7038%,21,7069,7090,0,0,21,7069
0x901241,88.4615%,21,161,182,159,6,15,2
0x67f66f,80.1887%,21,85,106,0,0,21,85
0x50c38b,96.5909%,21,595,616,0,0,21,595
0xa2df4a,89.1753%,21,173,194,0,0,21,173
0x980612,80.5556%,21,87,108,35,18,3,52
0x9f78a9,97.4106%,21,790,811,0,0,21,790
0x59299a,96.8796%,21,652,673,20,15,6,632
0x50503e,78.3505%,21,76,97,22,5,16,54
0x53b930,94.8655%,21,388,409,382,1,20,6
0x54fabb,91.3223%,21,221,242,79,12,9,142
0xaa12bb,66.6667%,21,42,63,0,0,21,42
0x8dc213,97.6271%,21,864,885,4,10,11,860
0x4997d3,64.4068%,21,38,59,9,7,14,29
0x90acc2,89.8058%,21,185,206,83,5,16,102
0x8b9a2e,98.1283%,21,1101,1122,168,0,21,933
0xa50467,91.8288%,21,236,257,0,4,17,236
0x8214da,99.4364%,21,3705,3726,3705,21,0,0
0x81bc4b,89.7059%,21,183,204,180,5,16,3
0x5f7a54,89.8551%,21,186,207,172,4,17,14
0x591fb3,78.125%,21,75,96,75,21,0,0
0x59047c,97.375%,21,779,800,0,0,21,779
0xa469bb,90.8696%,21,209,230,0,4,17,209
0x8ec3fe,92.0755%,21,244,265,4,7,14,240
0x4ca662,54.3478%,21,25,46,3,8,13,22
0x9f4aee,44.7368%,21,17,38,17,21,0,0
0xa942b7,86.7089%,21,137,158,137,21,0,0
0x94d7c5,96.2766%,21,543,564,13,17,4,530
0x8e87e8,98.0663%,21,1065,1086,1065,21,0,0
0xa44ddc,95.1501%,21,412,433,412,21,0,0
0x5f0a5b,92.9054%,21,275,296,275,18,3,0
0x80767b,93.0921%,21,283,304,8,10,11,275
0x4bb0f4,96.1538%,21,525,546,8,10,11,517
0xa44d73,96.5742%,21,592,613,0,4,17,592
0x9776ca,98.7304%,21,1633,1654,268,10,11,1365
0x98ccdb,85.2113%,21,121,142,121,21,0,0
0xa9c954,54.3478%,21,25,46,0,2,19,25
0xa3961f,96.5174%,21,582,603,0,0,21,582
0x9be3c4,68.6567%,21,46,67,22,13,8,24
0x9e7216,91.6%,21,229,250,201,16,5,28
0x534ba7,68.1818%,21,45,66,4,5,16,41
0x9edde2,84.7826%,21,117,138,117,21,0,0
0xa9257a,89.8551%,21,186,207,17,1,20,169
0x942942,90.8297%,21,208,229,208,21,0,0
0x8f6de3,80%,21,84,105,74,9,12,10
0x679c49,98.8095%,21,1743,1764,1349,20,1,394
0x40bbbc,86%,21,129,150,99,9,12,30
0xa2dfec,75.5814%,21,65,86,48,20,1,17
0xa3288a,83.0645%,21,103,124,103,21,0,0
0x5cb9f6,86.4516%,21,134,155,134,21,0,0
0xa41b0f,92.1348%,21,246,267,0,0,21,246
0x48a62e,98.7966%,21,1724,1745,0,0,21,1724
0x8ea8f2,90.0943%,21,191,212,191,17,4,0
0x96c151,91.498%,21,226,247,226,21,0,0
0x599367,99.4945%,21,4133,4154,0,0,21,4133
0x8104aa,86.875%,21,139,160,105,7,14,34
0x60e302,96.0076%,21,505,526,505,21,0,0
0x8a718f,98.7085%,21,1605,1626,1605,21,0,0
0x4c3cb4,87.5%,21,147,168,44,5,16,103
0x58fa22,95.5508%,21,451,472,451,19,2,0
0x40ec52,97.8148%,21,940,961,659,15,6,281
0x9c382b,75.5814%,21,65,86,0,0,21,65
0x9e18c5,82.5%,21,99,120,99,21,0,0
0xa58e5f,85.6164%,21,125,146,0,0,21,125
0x54370a,85.1064%,21,120,141,119,15,6,1
0x51b722,98.3491%,21,1251,1272,1247,6,15,4
0x96981e,70.8333%,21,51,72,0,0,21,51
0xa2e1d6,94.878%,21,389,410,389,21,0,0
0xb4a1c1,97.0994%,21,703,724,0,0,21,703
0x48e788,99.5295%,21,4442,4463,815,7,14,3627
0x9a7ba8,92.8328%,21,272,293,4,1,20,268
0x53b214,80.1887%,21,85,106,48,9,12,37
0x9a9a9a,98.3078%,21,1220,1241,1220,21,0,0
0x5f7aaa,89.8058%,21,185,206,32,7,14,153
0xa5f851,93.4375%,21,299,320,299,21,0,0
0xb0ad45,96.2162%,21,534,555,1,11,10,533
0xa448c2,70%,21,49,70,8,10,11,41
0x537b39,99.5556%,21,4705,4726,0,0,21,4705
0x9a337d,85.6164%,21,125,146,24,2,19,101
0x8ffbc0,98.7784%,21,1698,1719,0,4,17,1698
0x40364f,97.4074%,21,789,810,789,21,0,0
0x819555,73.75%,21,59,80,46,10,11,13
0x6279d0,98.5577%,21,1435,1456,0,0,21,1435
0x810492,94.0341%,21,331,352,64,18,3,267
0xa5723c,87.5%,21,147,168,0,0,21,147
0x9f5ac0,73.75%,21,59,80,0,0,21,59
0x8bad47,95.2596%,21,422,443,413,12,9,9
0x4022d6,98.8235%,21,1764,1785,0,0,21,1764
0xa575a3,69.1176%,21,47,68,31,10,11,16
0x51b7d5,99.4945%,21,4133,4154,0,13,8,4133
0xa526fc,95.9302%,21,495,516,495,21,0,0
0x835ca2,44.7368%,21,17,38,12,8,13,5
0x8122f3,84.3284%,21,113,134,87,12,9,26
0x903ff7,87.1951%,21,143,164,0,0,21,143
0x5fb293,90.2326%,21,194,215,194,15,6,0
0x4a720f,87.1951%,21,143,164,143,21,0,0
0xa5fa83,98.6111%,21,1491,1512,0,8,13,1491
0x609878,94.7236%,21,377,398,283,14,7,94
0xa4374a,95.0472%,21,403,424,274,16,5,129
0x60a85c,95.749%,21,473,494,405,17,4,68
0x4898e1,94.5026%,21,361,382,0,8,13,361
0xa4d568,87.037%,21,141,162,141,21,0,0
0xa4eda0,87.037%,21,141,162,0,0,21,141
0xa33e63,77.6596%,21,73,94,40,2,19,33
0x98b3d5,40%,21,14,35,4,7,14,10
0x6964b1,98.1115%,21,1091,1112,1047,9,12,44
0xa31145,44.7368%,21,17,38,2,18,3,15
0xa334fb,99.5385%,21,4529,4550,0,0,21,4529
0x9a7f4c,86.7925%,21,138,159,0,8,13,138
0x8a76b5,91.8288%,21,236,257,103,8,13,133
0x945c56,67.6923%,21,44,65,0,0,21,44
0x8dc25d,97.3008%,21,757,778,414,10,11,343
0xa5864a,88.7701%,21,166,187,164,7,14,2
0xa3fc97,70.8333%,21,51,72,6,10,11,45
0x80fa3e,83.8462%,21,109,130,62,12,9,47
0x54381f,65.5738%,21,40,61,18,7,14,22
0x7816fd,88.6486%,21,164,185,142,10,11,22
0x8338ae,72%,21,54,75,54,19,2,0
0x99bb11,88.9474%,21,169,190,0,0,21,169
0x8f295c,97.817%,21,941,962,7,13,8,934
0x9a8a88,93.6556%,21,310,331,310,21,0,0
0x48e7f8,50%,21,21,42,21,21,0,0
0x9c4194,93.6747%,21,311,332,311,21,0,0
0x49e630,50%,21,21,42,21,21,0,0
0x8b9e2c,98.2143%,21,1155,1176,4,11,10,1151
0x609f08,86.9565%,21,140,161,140,21,0,0
0x5f81a4,96.4041%,21,563,584,563,21,0,0
0x9e03e9,97.651%,21,873,894,46,13,8,827
0x66d3d2,98.9005%,21,1889,1910,0,6,15,1889
0x8dce73,97.0752%,21,697,718,531,12,9,166
0xa159fd,96.0377%,21,509,530,5,1,20,504
0x8e3881,94.2623%,21,345,366,195,12,9,150
0x51b856,97.8125%,21,939,960,0,0,21,939
0x972cd9,85%,21,119,140,119,18,3,0
0xa58922,81.8966%,21,95,116,12,11,10,83
0xa32a59,98.3399%,21,1244,1265,0,0,21,1244
0x41087d,88.1356%,21,156,177,156,21,0,0
0xa01b9e,69.1176%,21,47,68,33,19,2,14
0xa32ffc,80.9091%,21,89,110,20,12,9,69
0xa03010,69.1176%,21,47,68,0,0,21,47
0x49435b,80%,21,84,105,84,21,0,0
0xa50fa5,44.7368%,21,17,38,13,19,2,4
0xa911d7,97.0255%,21,685,706,0,4,17,685
0x538fdf,84.0909%,21,111,132,101,5,16,10
0x7cf3ad,86.4516%,21,134,155,134,21,0,0
0x8a282e,92.5267%,21,260,281,260,21,0,0
0x5fa313,97.3618%,21,775,796,0,0,21,775
0x50d8aa,70%,21,49,70,10,3,18,39
0x5b9b62,62.5%,21,35,56,0,13,8,35
0x8bb20d,94.8655%,21,388,409,313,18,3,75
0x5548b3,98.7979%,21,1726,1747,1726,19,2,0
0x80b947,90.583%,21,202,223,181,18,3,21
0xa18002,94.7368%,21,378,399,0,0,21,378
0x8dd9e6,98.7124%,21,1610,1631,13,19,2,1597
0x4a7cbd,63.7931%,21,37,58,37,21,0,0
0xa46bea,90.8696%,21,209,230,2,11,10,207
0x9a46c0,92.7835%,21,270,291,0,0,21,270
0x8e4a9a,93.0464%,21,281,302,246,12,9,35
0x80fde5,98.2353%,21,1169,1190,586,9,12,583
0x5023fa,90.583%,21,202,223,202,21,0,0
0x8db903,93.3333%,21,294,315,60,15,6,234
0x5c4c66,98.8932%,20,1787,1807,10,15,5,1777
0x50769b,99.1304%,20,2280,2300,0,0,20,2280
0x8dee34,97.7629%,20,874,894,874,6,14,0
0x9f0b3c,96.1014%,20,493,513,493,20,0,0
0x9f445c,79.798%,20,79,99,63,14,6,16
0x784077,96.6667%,20,580,600,576,7,13,4
0x538cbb,86.014%,20,123,143,118,14,6,5
0xa4bb34,92.2179%,20,237,257,0,4,16,237
0x404697,91.0714%,20,204,224,62,4,16,142
0x8e186a,99.9174%,20,24179,24199,0,0,20,24179
0x5fb23e,71.4286%,20,50,70,2,7,13,48
0x4be2d8,71.0145%,20,49,69,45,9,11,4
0x9a74ab,80.5825%,20,83,103,2,9,11,81
0x9e73c9,95%,20,380,400,380,20,0,0
0x5419c7,98.2063%,20,1095,1115,31,10,10,1064
0x8dc267,94.3503%,20,334,354,23,7,13,311
0x5ffcf3,88.8889%,20,160,180,60,20,0,100
0x8ae9e8,90.566%,20,192,212,2,12,8,190
0x9e2650,93.0556%,20,268,288,146,3,17,122
0x40e17e,96.7846%,20,602,622,600,18,2,2
0xa310a5,89.6907%,20,174,194,0,0,20,174
0x971431,76.4706%,20,65,85,65,13,7,0
0x4c4339,99.0371%,20,2057,2077,39,15,5,2018
0x609835,94.9749%,20,378,398,378,20,0,0
0x609754,75.9036%,20,63,83,23,17,3,40
0x4a71b2,91.1504%,20,206,226,0,0,20,206
0x8e43eb,98.9884%,20,1957,1977,290,11,9,1667
0x8fc44d,69.697%,20,46,66,0,0,20,46
0x8e690d,95.8848%,20,466,486,0,0,20,466
0x4c4067,90.1961%,20,184,204,0,0,20,184
0x544451,80%,20,80,100,2,6,14,78
0x9aacfd,97.1056%,20,671,691,671,8,12,0
0x7d40ad,96.2547%,20,514,534,466,15,5,48
0x551d13,79.798%,20,79,99,75,10,10,4
0x9f6473,88.8268%,20,159,179,159,20,0,0
0x53da94,99.5723%,20,4656,4676,4656,20,0,0
0xa95cd7,76.4706%,20,65,85,14,14,6,51
0x809e88,96.4349%,20,541,561,541,18,2,0
0x8a253d,92.8826%,20,261,281,0,0,20,261
0x5f7eb9,85.1852%,20,115,135,115,19,1,0
0x808e37,97.6415%,20,828,848,828,15,5,0
0x6191a0,94.4134%,20,338,358,0,0,20,338
0x8bca87,87.3418%,20,138,158,0,0,20,138
0xb14842,99.5303%,20,4238,4258,0,0,20,4238
0x674fbb,71.831%,20,51,71,28,4,16,23
0x53c547,94.898%,20,372,392,0,9,11,372
0x494dba,87.3418%,20,138,158,117,11,9,21
0xa63b2d,85.8156%,20,121,141,0,16,4,121
0x4bae71,93.5691%,20,291,311,0,0,20,291
0x4ca091,97.8518%,20,911,931,911,18,2,0
0x499a42,86.9281%,20,133,153,114,10,10,19
0x9eb776,80%,20,80,100,3,11,9,77
0x5058b3,88.5714%,20,155,175,62,14,6,93
0x547426,86.8421%,20,132,152,87,4,16,45
0x8eed12,94.1176%,20,320,340,1,1,19,319
0x8e269f,99.6209%,20,5255,5275,3240,12,8,2015
0x5faeaa,39.3939%,20,13,33,0,0,20,13
0xa63bbd,83.7398%,20,103,123,103,20,0,0
0xa59009,83.1933%,20,99,119,59,18,2,40
0x5fa452,73.3333%,20,55,75,55,20,0,0
0xa59650,55.5556%,20,25,45,8,8,12,17
0x5345cb,99.2816%,20,2764,2784,2764,20,0,0
0x8ebadf,95.5257%,20,427,447,1,11,9,426
0xa3fc87,76.7442%,20,66,86,2,12,8,64
0x97823a,84.9624%,20,113,133,107,7,13,6
0x610cc2,33.3333%,20,10,30,0,0,20,10
0x4825aa,47.3684%,20,18,38,11,8,12,7
0x806006,95.5357%,20,428,448,90,10,10,338
0x8ae9be,94.4904%,20,343,363,1,1,19,342
0xaab7e8,79.798%,20,79,99,79,20,0,0
0x8bcac3,90.0498%,20,181,201,180,12,8,1
0x402315,99.6115%,20,5128,5148,0,0,20,5128
0x502d87,89.3617%,20,168,188,168,20,0,0
0x5c56d1,83.7398%,20,103,123,39,1,19,64
0x540c2c,94.2857%,20,330,350,37,20,0,293
0x9a7c06,96.4222%,20,539,559,538,13,7,1
0xa46bfe,90.7834%,20,197,217,197,20,0,0
0x8dfcdf,97.1429%,20,680,700,680,20,0,0
0xb17b03,98.115%,20,1041,1061,1041,20,0,0
0x58dad4,90.4306%,20,189,209,135,16,4,54
0x8142c3,93.9024%,20,308,328,0,0,20,308
0xa3685f,95.4128%,20,416,436,0,0,20,416
0x546430,95.4853%,20,423,443,0,0,20,423
0x8ebdfd,97.9508%,20,956,976,954,4,16,2
0x8374ee,55.5556%,20,25,45,21,12,8,4
0x9ea615,88.0952%,20,148,168,41,2,18,107
0x9e2ffa,92.3954%,20,243,263,15,11,9,228
0x49864f,25.9259%,20,7,27,7,20,0,0
0xa51d66,75%,20,60,80,11,11,9,49
0x9f575a,75%,20,60,80,42,10,10,18
0x48ddcf,89.899%,20,178,198,0,0,20,178
0x6668ac,96.5753%,20,564,584,564,20,0,0
0x5eb8c0,97.6581%,20,834,854,0,0,20,834
0xb0a079,90.4762%,20,190,210,190,20,0,0
0x6484a8,92.1569%,20,235,255,166,4,16,69
0xa501b9,86.4865%,20,128,148,5,12,8,123
0xa505c3,73.6842%,20,56,76,26,12,8,30
0x8ea34d,98.3673%,20,1205,1225,1205,20,0,0
0x4a8573,55.5556%,20,25,45,14,9,11,11
0x8ed328,99.5693%,20,4624,4644,4623,12,8,1
0x961373,98.7662%,20,1601,1621,1601,20,0,0
0x5f062e,83.6066%,20,102,122,14,3,17,88
0x9018b3,96.0474%,20,486,506,0,0,20,486
0x405b9b,95.3162%,20,407,427,84,6,14,323
0x8ff80f,99.9206%,20,25157,25177,25157,20,0,0
0x8bd617,99.0628%,20,2114,2134,2114,20,0,0
0xa04b7b,68.75%,20,44,64,3,19,1,41
0xa505de,73.3333%,20,55,75,1,8,12,54
0x4c0dde,76.7442%,20,66,86,36,8,12,30
0x8d41b3,91.9028%,20,227,247,0,11,9,227
0x9f0623,94.7781%,20,363,383,359,14,6,4
0xa01b18,70.5882%,20,48,68,0,0,20,48
0x82110e,97.416%,20,754,774,0,0,20,754
0x49c67f,95.6236%,20,437,457,437,4,16,0
0x66d438,98.8969%,20,1793,1813,42,14,6,1751
0x98cb34,91.1504%,20,206,226,17,20,0,189
0x49c0d6,78.9474%,20,75,95,75,20,0,0
0x48bd09,97.4684%,20,770,790,770,20,0,0
0x805586,77.5281%,20,69,89,10,9,11,59
0x9c4250,93.9759%,20,312,332,312,20,0,0
0x8c8292,97.8858%,20,926,946,31,15,5,895
0x50fd6f,95.7806%,20,454,474,454,20,0,0
0x50aa02,85.2941%,20,116,136,10,15,5,106
0x8e69a1,93.75%,20,300,320,150,10,10,150
0xa4516d,94.9239%,20,374,394,373,6,14,1
0x404438,98.5119%,20,1324,1344,3,17,3,1321
0x6104d5,92.3954%,20,243,263,0,0,20,243
0x977dab,84.7328%,20,111,131,104,17,3,7
0x8be8ff,90.566%,20,192,212,192,18,2,0
0x541e3d,75%,20,60,80,60,20,0,0
0x9a9d32,88.764%,20,158,178,114,10,10,44
0xa4549e,97.0972%,20,669,689,669,20,0,0
0x50c349,85.2941%,20,116,136,8,17,3,108
0x608c31,96.3899%,20,534,554,534,20,0,0
0x9f267b,95.3704%,20,412,432,412,20,0,0
0x4bba7d,82.1429%,20,92,112,0,0,20,92
0x4ba042,95.7627%,20,452,472,440,8,12,12
0x638838,99.4661%,20,3726,3746,3726,20,0,0
0x403f78,96.8896%,20,623,643,475,11,9,148
0x51229a,99.0333%,20,2049,2069,2049,20,0,0
0xa59452,90.566%,20,192,212,192,20,0,0
0x9a22cb,90.1478%,20,183,203,128,6,14,55
0x7816ed,89.6907%,20,174,194,5,4,16,169
0x6188f9,93.7888%,20,302,322,0,6,14,302
0x81e3da,90.6977%,20,195,215,52,2,18,143
0x4bc83c,78.7234%,20,74,94,57,4,16,17
0x80d47e,81.8182%,20,90,110,0,0,20,90
0x4bc0dd,98.4544%,20,1274,1294,1273,6,14,1
0x4b9deb,97.8261%,20,900,920,6,9,11,894
0x63d22e,47.3684%,20,18,38,16,10,10,2
0x60de84,93.7107%,20,298,318,0,0,20,298
0x405bb3,94.0653%,20,317,337,296,9,11,21
0x8e25d5,99.6209%,20,5255,5275,97,13,7,5158
0x9aaedf,83.871%,20,104,124,64,15,5,40
0x8e23c6,99.8215%,20,11185,11205,0,0,20,11185
0x9e36a9,41.1765%,20,14,34,14,20,0,0
0xa59fe0,75%,20,60,80,58,15,5,2
0x40a0d8,57.4468%,20,27,47,17,14,6,10
0x8e41d9,94.6381%,20,353,373,236,10,10,117
0x490345,62.963%,20,34,54,6,15,5,28
0x4bec93,88.5714%,20,155,175,88,17,3,67
0x4c2031,87.4214%,20,139,159,53,2,18,86
0x48e7b1,97.5669%,20,802,822,3,10,10,799
0xa302e8,81.8182%,20,90,110,1,8,12,89
0x80bd0b,88.024%,20,147,167,64,2,18,83
0x98b325,93.9759%,20,312,332,0,0,20,312
0x99b79b,90.2439%,20,185,205,185,5,15,0
0xa9006b,94.6237%,20,352,372,0,0,20,352
0x4aab29,61.5385%,20,32,52,31,10,10,1
0x5cb92d,66.6667%,20,40,60,19,14,6,21
0x548487,99.8451%,20,12894,12914,0,0,20,12894
0xa2d6a6,89.899%,20,178,198,0,4,16,178
0x81e50f,96.3834%,20,533,553,67,11,9,466
0x51b4c3,94.6092%,20,351,371,0,2,18,351
0xa9f14c,91.1504%,20,206,226,42,16,4,164
0xa360df,95.3811%,20,413,433,103,13,7,310
0xa3493b,98.1917%,20,1086,1106,539,11,9,547
0x5c4bcc,98.9065%,20,1809,1829,0,0,20,1809
0x50d025,83.3333%,20,100,120,8,3,17,92
0x511aed,99.2943%,20,2814,2834,2814,20,0,0
0x8f684a,85.7143%,20,120,140,20,11,9,100
0x4b5e75,71.4286%,20,50,70,6,15,5,44
0x509667,75.6098%,20,62,82,26,15,5,36
0x4baa31,94.6381%,20,353,373,66,13,7,287
0xa59637,81.6514%,20,89,109,27,10,10,62
0x5f8d06,44.4444%,20,16,36,11,14,6,5
0x502c9b,99.0745%,20,2141,2161,0,8,12,2141
0x4bed76,91.7012%,20,221,241,207,8,12,14
0xa55e8c,61.5385%,20,32,52,22,8,12,10
0x48af9e,96.2963%,20,520,540,520,20,0,0
0x9f1dcc,74.359%,20,58,78,58,20,0,0
0xa57473,85.0746%,20,114,134,108,17,3,6
0x943cc9,85.6115%,20,119,139,115,14,6,4
0x5fb247,90.6103%,20,193,213,193,14,6,0
0x5fa240,92.0949%,20,233,253,0,0,20,233
0xa262f3,96.7159%,20,589,609,122,19,1,467
0x5118be,90.566%,20,192,212,0,0,20,192
0xa51091,92.2179%,20,237,257,0,0,20,237
0x8044d9,92.4242%,20,244,264,1,10,10,243
0x63c84d,97.9188%,20,941,961,0,0,20,941
0xa508c4,96.0474%,20,486,506,486,16,4,0
0x8fe01b,99.3195%,20,2919,2939,0,0,20,2919
0xa34be1,73.3333%,20,55,75,1,1,19,54
0x609d02,94.3343%,20,333,353,333,20,0,0
0x60b388,93.7695%,20,301,321,167,14,6,134
0x58f6c4,98.5816%,20,1390,1410,1390,18,2,0
0x9fc80d,90.9091%,20,200,220,1,13,7,199
0x8bc99d,61.5385%,20,32,52,0,0,20,32
0x8f5f4e,83.1933%,20,99,119,31,9,11,68
0x5fec91,62.2642%,20,33,53,5,8,12,28
0x8ef221,77.0115%,20,67,87,33,6,14,34
0x48aa7e,99.8559%,20,13857,13877,0,0,20,13857
0x99f05d,79.1667%,20,76,96,76,6,14,0
0x4802a5,47.3684%,20,18,38,18,20,0,0
0xa5c7dc,70.5882%,20,48,68,46,4,16,2
0x8e74b2,95.0739%,20,386,406,310,13,7,76
0x9f0eb7,66.1017%,20,39,59,12,9,11,27
0x945386,95.7537%,20,451,471,451,20,0,0
0x48eecb,93.9577%,20,311,331,311,12,8,0
0x50ef00,66.6667%,20,40,60,29,12,8,11
0x9fe2a1,76.4706%,20,65,85,65,20,0,0
0x9ed5ca,92.278%,20,239,259,239,14,6,0
0x780620,93.8272%,20,304,324,300,16,4,4
0x64ad07,99.9069%,20,21457,21477,0,0,20,21457
0xa36db7,37.5%,20,12,32,7,15,5,5
0x49ba85,97.037%,20,655,675,654,13,7,1
0x533d9d,66.6667%,20,40,60,40,18,2,0
0x50d3ac,95.992%,20,479,499,332,6,14,147
0x835cc4,47.3684%,20,18,38,4,18,2,14
0x5ff601,58.3333%,20,28,48,5,7,13,23
0x5ffe39,84.4961%,20,109,129,109,20,0,0
0x558cfa,79.3814%,20,77,97,13,9,11,64
0x4bd657,67.7419%,20,42,62,3,12,8,39
0x9f94ec,81.8182%,20,90,110,0,0,20,90
0x944373,73.6842%,20,56,76,0,0,20,56
0x48b253,93.7695%,20,301,321,301,20,0,0
0x984478,69.697%,20,46,66,37,10,10,9
0x80dd4d,98.9035%,20,1804,1824,1702,8,12,102
0x94d8f9,97.351%,20,735,755,686,11,9,49
0x4038cc,94.8718%,20,370,390,2,2,18,368
0x4a7232,91.0714%,20,204,224,0,1,19,204
0xaa33aa,89.6373%,20,173,193,4,8,12,169
0x543fc0,72.6027%,20,53,73,46,19,1,7
0x8a8eb5,85.7143%,20,120,140,120,20,0,0
0x50d62e,98.3539%,20,1195,1215,124,9,11,1071
0x58babf,81.8182%,20,90,110,90,20,0,0
0xa3634c,93.266%,20,277,297,269,16,4,8
0x59e5cf,82.1429%,20,92,112,92,20,0,0
0x54f95b,70.5882%,20,48,68,48,20,0,0
0x489535,81.6514%,20,89,109,89,20,0,0
0x50f25b,47.3684%,20,18,38,1,3,17,17
0x404448,98.5119%,20,1324,1344,13,13,7,1311
0x8f0cf7,89.5833%,20,172,192,134,10,10,38
0x78435e,92.5373%,20,248,268,248,20,0,0
0x9d033c,95.2607%,20,402,422,38,16,4,364
0x64f478,83.6066%,20,102,122,11,12,8,91
0x55095b,72.2222%,20,52,72,1,20,0,51
0xa4808c,92.9577%,20,264,284,49,11,9,215
0xa2c1be,75.9036%,20,63,83,63,18,2,0
0xa50093,75.3086%,20,61,81,5,11,9,56
0x8e1519,98.995%,20,1970,1990,0,0,20,1970
0x81bddc,97.9167%,20,940,960,940,10,10,0
0xa32881,85.0746%,20,114,134,0,10,10,114
0x9bddb3,72.2222%,20,52,72,51,19,1,1
0x4b506b,84.6154%,20,110,130,0,0,20,110
0x9e7237,39.3939%,20,13,33,13,20,0,0
0xa8fbcf,91.0714%,20,204,224,0,0,20,204
0x6387ae,99.4677%,20,3737,3757,3734,12,8,3
0xa45f55,86.5772%,20,129,149,0,18,2,129
0xaa5807,97.992%,20,976,996,0,0,20,976
0x539d7b,62.963%,20,34,54,28,14,6,6
0xa41a6f,99.3072%,20,2867,2887,2849,10,10,18
0x511e81,98.8235%,20,1680,1700,1680,20,0,0
0x405200,84.8485%,20,112,132,0,0,20,112
0x8f573d,97.3924%,20,747,767,747,20,0,0
0x4c6187,54.5455%,20,24,44,18,19,1,6
0x499343,52.381%,20,22,42,9,17,3,13
0xb32693,99.6895%,20,6422,6442,0,0,20,6422
0x65a002,98.9738%,20,1929,1949,71,10,10,1858
0x4ab4aa,86.014%,20,123,143,100,12,8,23
0x60a6f3,98.8352%,20,1697,1717,0,0,20,1697
0x9198c2,97.9188%,20,941,961,941,20,0,0
0x9f123a,98.008%,20,984,1004,984,20,0,0
0x50746a,84.375%,20,108,128,4,4,16,104
0x9ee172,87.5776%,20,141,161,140,15,5,1
0x805ae9,95.992%,20,479,499,408,7,13,71
0x7cf335,97.0282%,20,653,673,0,2,18,653
0xa4683c,93.9024%,20,308,328,226,16,4,82
0x4a7b77,93.9577%,20,311,331,38,13,7,273
0x81c4f8,67.7419%,20,42,62,32,8,12,10
0x945283,93.1034%,20,270,290,53,11,9,217
0x63e96d,98.4686%,20,1286,1306,1286,20,0,0
0x8a9862,99.5703%,20,4634,4654,1,11,9,4633
0x5c4f9c,87.9518%,20,146,166,0,0,20,146
0x40494d,91.5254%,20,216,236,215,4,16,1
0xaad9f8,93.0556%,20,268,288,0,0,20,268
0xaa14c1,62.963%,20,34,54,27,1,19,7
0x7c21ae,85.6115%,20,119,139,0,13,7,119
0x41068f,89.071%,20,163,183,1,5,15,162
0x8196ae,99.0781%,19,2042,2061,1857,12,7,185
0x822167,93.7908%,19,287,306,24,9,10,263
0x82159c,99.4901%,19,3707,3726,3555,14,5,152
0xa31129,50%,19,19,38,19,19,0,0
0x9bd289,71.6418%,19,48,67,48,19,0,0
0x51c2cd,98.9707%,19,1827,1846,1827,19,0,0
0xaadeae,99.7311%,19,7046,7065,0,0,19,7046
0x8f3125,97.8628%,19,870,889,0,0,19,870
0x53aba1,97.4428%,19,724,743,0,0,19,724
0x9a276b,82.8829%,19,92,111,89,7,12,3
0x5547af,98.3536%,19,1135,1154,0,0,19,1135
0x541ad2,97.7218%,19,815,834,815,19,0,0
0xa021eb,29.6296%,19,8,27,0,0,19,8
0x9fb5e8,93.7908%,19,287,306,0,0,19,287
0x9f986c,79.1209%,19,72,91,3,3,16,69
0x5e353e,98.7492%,19,1500,1519,0,0,19,1500
0xa33dbc,94.2073%,19,309,328,30,9,10,279
0x8fe328,99.7334%,19,7109,7128,0,0,19,7109
0x97b94f,83.3333%,19,95,114,0,0,19,95
0x661624,98.498%,19,1246,1265,1246,19,0,0
0x821408,98.2505%,19,1067,1086,0,0,19,1067
0xa90ae6,76.8293%,19,63,82,62,11,8,1
0xa97ee5,83.3333%,19,95,114,92,8,11,3
0x5040af,84.6774%,19,105,124,47,15,4,58
0xb0c663,99.6331%,19,5159,5178,0,0,19,5159
0x539e2e,83.4783%,19,96,115,96,19,0,0
0x81e0c8,92.4%,19,231,250,24,11,8,207
0x9694e1,99.2057%,19,2373,2392,0,4,15,2373
0x974719,87.5%,19,133,152,0,0,19,133
0x4049f8,92.6641%,19,240,259,144,18,1,96
0x5faa8b,88.6905%,19,149,168,149,18,1,0
0x58d414,79.3478%,19,73,92,20,15,4,53
0xa41a24,98.0632%,19,962,981,0,0,19,962
0x5b9dbf,60.4167%,19,29,48,12,11,8,17
0x80e949,98.2309%,19,1055,1074,1055,13,6,0
0xada734,99.7051%,19,6423,6442,0,0,19,6423
0x5c4bfb,98.9612%,19,1810,1829,0,0,19,1810
0xad8583,99.8379%,19,11705,11724,0,0,19,11705
0x8a5e73,89.3258%,19,159,178,23,16,3,136
0x5fc014,67.7966%,19,40,59,34,6,13,6
0x608c29,96.5704%,19,535,554,0,0,19,535
0x53e87f,87.6623%,19,135,154,135,14,5,0
0x5484d6,99.8529%,19,12895,12914,12895,19,0,0
0x5bae9f,80.6122%,19,79,98,79,19,0,0
0x64e01f,96.5009%,19,524,543,178,14,5,346
0x4c3cc1,84.0336%,19,100,119,96,16,3,4
0x7ce552,91.7749%,19,212,231,210,9,10,2
0x4bf08e,97.4967%,19,740,759,563,8,11,177
0x81c4d3,95.3431%,19,389,408,0,0,19,389
0x53e81b,87.9747%,19,139,158,139,15,4,0
0x543060,94.6629%,19,337,356,337,19,0,0
0x545c48,99.2558%,19,2534,2553,2534,19,0,0
0x4b569d,81.3725%,19,83,102,0,0,19,83
0xa260d1,95.9227%,19,447,466,396,15,4,51
0x5fe9e8,55.814%,19,24,43,0,0,19,24
0x90187b,92.5781%,19,237,256,218,16,3,19
0x8bd417,99.9216%,19,24216,24235,0,0,19,24216
0x9c4004,95.9227%,19,447,466,447,19,0,0
0x491b1c,88.4848%,19,146,165,146,17,2,0
0x5f1046,47.2222%,19,17,36,17,19,0,0
0x670642,53.6585%,19,22,41,15,6,13,7
0x50ce31,84.1667%,19,101,120,51,17,2,50
0x9f6d5b,91.2844%,19,199,218,199,14,5,0
0x49fea5,97.8723%,19,874,893,30,7,12,844
0x8f42d5,99.2451%,19,2498,2517,77,15,4,2421
0x9ee008,89.1429%,19,156,175,0,10,9,156
0x8e44ec,98.8663%,19,1657,1676,1656,12,7,1
0x481d7a,50%,19,19,38,13,6,13,6
0x4b5791,81.3725%,19,83,102,4,14,5,79
0x8a24cb,94.5714%,19,331,350,0,0,19,331
0xb22b85,98.9829%,19,1849,1868,1849,19,0,0
0x980fba,71.6418%,19,48,67,47,18,1,1
0x5f7a88,90.8213%,19,188,207,188,18,1,0
0x808c9a,98.4528%,19,1209,1228,0,0,19,1209
0x838f3e,71.2121%,19,47,66,1,7,12,46
0x9812a5,79.1209%,19,72,91,7,4,15,65
0xad7ae0,97.561%,19,760,779,760,19,0,0
0x901713,89.8396%,19,168,187,168,19,0,0
0x4045ed,91.2442%,19,198,217,61,17,2,137
0xa6c656,77.1084%,19,64,83,8,4,15,56
0x787be9,96.9206%,19,598,617,595,11,8,3
0x49c775,97.3829%,19,707,726,707,19,0,0
0xa4379b,95.5189%,19,405,424,0,4,15,405
0x53df4d,99.5836%,19,4544,4563,0,0,19,4544
0x94a25e,77.907%,19,67,86,9,6,13,58
0x780dac,97.628%,19,782,801,782,11,8,0
0x59c56d,92.9368%,19,250,269,161,17,2,89
0x50d71f,77.381%,19,65,84,29,13,6,36
0x94c646,96.6192%,19,543,562,543,19,0,0
0x5f84d5,87.3333%,19,131,150,0,4,15,131
0x404643,91.5179%,19,205,224,0,0,19,205
0x4ba231,91.1628%,19,196,215,16,10,9,180
0xb2e6be,99.9106%,19,21235,21254,6531,5,14,14704
0x5f8573,91.9492%,19,217,236,217,19,0,0
0x9bdcfc,77.1084%,19,64,83,18,10,9,46
0x8a6c09,81.1881%,19,82,101,0,0,19,82
0x489b4e,95.4327%,19,397,416,397,13,6,0
0x7f044c,73.6111%,19,53,72,53,17,2,0
0x50505f,72.8571%,19,51,70,51,19,0,0
0x60e6bf,50%,19,19,38,11,8,11,8
0xa505cc,50%,19,19,38,0,0,19,19
0xa3424c,88.8235%,19,151,170,63,5,14,88
0x40e765,98.8199%,19,1591,1610,1591,19,0,0
0x5cf3b5,99.0005%,19,1882,1901,1882,19,0,0
0x9a69db,77.6471%,19,66,85,3,6,13,63
0x5f83e3,97.5515%,19,757,776,757,15,4,0
0x610bb6,90.6404%,19,184,203,5,4,15,179
0x8be448,97.937%,19,902,921,898,5,14,4
0x64b4b9,69.3548%,19,43,62,43,19,0,0
0xa46644,92.1811%,19,224,243,4,7,12,220
0x48a97a,97.8676%,19,872,891,0,0,19,872
0x4be9c1,90.9524%,19,191,210,55,15,4,136
0xaa03a8,84.2975%,19,102,121,100,15,4,2
0x822265,93.0403%,19,254,273,254,19,0,0
0x4b6614,45.7143%,19,16,35,12,16,3,4
0x48ebd6,78.8889%,19,71,90,51,15,4,20
0x48eb1a,89.2045%,19,157,176,157,13,6,0
0x8a94d7,99.3831%,19,3061,3080,1531,14,5,1530
0x5f129e,70.3125%,19,45,64,13,17,2,32
0x5cba45,87.7419%,19,136,155,14,10,9,122
0x5b2909,59.5745%,19,28,47,26,13,6,2
0x9ed644,98%,19,931,950,0,6,13,931
0x7d1bcf,97.937%,19,902,921,50,17,2,852
0x554cfa,93.4256%,19,270,289,2,4,15,268
0x8dda07,98.8118%,19,1580,1599,1516,5,14,64
0x499ac6,86.4286%,19,121,140,60,10,9,61
0x4b4906,94.8787%,19,352,371,0,0,19,352
0x9f32c3,88.0503%,19,140,159,0,4,15,140
0x7d1bdb,97.7752%,19,835,854,31,5,14,804
0xa1afc5,74.3243%,19,55,74,44,9,10,11
0x481eff,50%,19,19,38,3,16,3,16
0x984104,74.3243%,19,55,74,5,5,14,50
0xa275fb,79.3478%,19,73,92,73,19,0,0
0x4ba580,94.4444%,19,323,342,31,17,2,292
0x48b420,91.5556%,19,206,225,206,19,0,0
0x8ff6c8,73.2394%,19,52,71,52,19,0,0
0x494889,84.2975%,19,102,121,102,19,0,0
0x81c040,94.1896%,19,308,327,0,11,8,308
0x7d2bfd,97.2701%,19,677,696,68,11,8,609
0x509633,76.8293%,19,63,82,63,19,0,0
0x817234,87.8981%,19,138,157,63,2,17,75
0x66f692,60.4167%,19,29,48,18,13,6,11
0x53f5f9,99.1117%,19,2120,2139,0,0,19,2120
0x55228f,99.0673%,19,2018,2037,2018,19,0,0
0x973897,85.4962%,19,112,131,112,19,0,0
0x5fef89,60.4167%,19,29,48,24,10,9,5
0xa304a8,96.9502%,19,604,623,0,0,19,604
0x8f686a,86.4286%,19,121,140,95,11,8,26
0x40488b,95.2141%,19,378,397,139,8,11,239
0x8a9660,79.5699%,19,74,93,72,18,1,2
0x8e48bb,98.3156%,19,1109,1128,53,12,7,1056
0x402ed5,83.4783%,19,96,115,1,5,14,95
0x8b9ca3,99.3478%,19,2894,2913,0,0,19,2894
0x5bc1cb,98.6448%,19,1383,1402,1383,17,2,0
0x8fe5b2,95.4436%,19,398,417,398,19,0,0
0x510a61,95.6322%,19,416,435,416,19,0,0
0x80a4c7,97.7461%,19,824,843,269,13,6,555
0x49f9c0,87.8981%,19,138,157,47,13,6,91
0x8c8650,90.2564%,19,176,195,107,8,11,69
0x405b78,95.5504%,19,408,427,85,5,14,323
0x4a7a44,57.7778%,19,26,45,15,6,13,11
0x58bc86,76.8293%,19,63,82,8,10,9,55
0x9f6c15,93.5154%,19,274,293,10,16,3,264
0xa439e9,89.7849%,19,167,186,167,19,0,0
0x8209f6,96.7687%,19,569,588,5,3,16,564
0x53ed28,97.5515%,19,757,776,757,15,4,0
0x6774d0,94.8787%,19,352,371,0,0,19,352
0x507d43,47.2222%,19,17,36,15,16,3,2
0x98c98d,82.5688%,19,90,109,0,0,19,90
0x4bed5c,96.4945%,19,523,542,518,11,8,5
0xa0299d,20.8333%,19,5,24,0,0,19,5
0x819ceb,44.1176%,19,15,34,1,11,8,14
0x8bca6c,99.1121%,19,2121,2140,1211,5,14,910
0xa16105,98.1991%,19,1036,1055,1036,13,6,0
0x4a800f,79.3478%,19,73,92,55,14,5,18
0x608c62,96.5704%,19,535,554,535,19,0,0
0x53b00b,66.6667%,19,38,57,24,17,2,14
0x544a65,66.6667%,19,38,57,20,11,8,18
0xa8abb2,89.1429%,19,156,175,0,0,19,156
0x94c5f8,96.6312%,19,545,564,0,2,17,545
0x9f5bfa,52.5%,19,21,40,21,7,12,0
0xa39daa,70.7692%,19,46,65,14,10,9,32
0x8a78cc,92.607%,19,238,257,238,16,3,0
0x48ab59,99.7754%,19,8439,8458,8439,19,0,0
0x4021ec,98.9356%,19,1766,1785,1766,19,0,0
0x8ecb63,98.0372%,19,949,968,886,10,9,63
0x670429,85.7143%,19,114,133,0,0,19,114
0x90dc8a,98.0229%,19,942,961,914,17,2,28
0x4c6eea,77.1084%,19,64,83,47,3,16,17
0x99be52,90.6404%,19,184,203,19,11,8,165
0x60a979,96.7128%,19,559,578,559,19,0,0
0x901f97,99.5951%,19,4673,4692,0,0,19,4673
0x48db62,98.9266%,19,1751,1770,1424,17,2,327
0x64a4da,82.0755%,19,87,106,59,15,4,28
0xa3acd5,86.4286%,19,121,140,121,15,4,0
0xaa06dd,78.4091%,19,69,88,11,9,10,58
0x8bae0e,95.7111%,19,424,443,413,12,7,11
0xa5f28f,98.6769%,19,1417,1436,1413,19,0,4
0x90e2c7,88.125%,19,141,160,141,19,0,0
0x4a83e3,79.3478%,19,73,92,73,19,0,0
0xb14a58,99.4467%,19,3415,3434,3415,19,0,0
0x48ef92,65.4545%,19,36,55,5,10,9,31
0x5edca5,98.1188%,19,991,1010,991,12,7,0
0x509e05,95.5504%,19,408,427,408,19,0,0
0xa4dfb5,90.9524%,19,191,210,189,17,2,2
0xa923f3,64.8148%,19,35,54,35,19,0,0
0x8a27a5,93.2384%,19,262,281,262,19,0,0
0x6705d5,85.7143%,19,114,133,0,0,19,114
0x40d080,99.7735%,19,8371,8390,0,0,19,8371
0x5f929a,76.25%,19,61,80,0,0,19,61
0x5501b7,86.0294%,19,117,136,0,0,19,117
0xaadef7,99.7876%,19,8925,8944,0,0,19,8925
0x901b5a,92.5781%,19,237,256,0,0,19,237
0x5387e0,99.5643%,19,4342,4361,0,0,19,4342
0x485b70,90.5%,19,181,200,181,19,0,0
0x80bae7,84.0336%,19,100,119,97,15,4,3
0x40ab07,56.8182%,19,25,44,0,2,17,25
0x40e078,91.1215%,19,195,214,0,0,19,195
0x8e02b6,98.0711%,19,966,985,400,15,4,566
0x64043e,98.0229%,19,942,961,515,13,6,427
0x94e765,68.3333%,19,41,60,0,0,19,41
0x5c4b91,98.9612%,19,1810,1829,0,0,19,1810
0xa34011,96.5704%,19,535,554,235,19,0,300
0xa40eec,96.4015%,19,509,528,509,18,1,0
0x809de7,96.6431%,19,547,566,546,15,4,1
0x9a11fd,76.5432%,19,62,81,0,0,19,62
0x8fd47b,71.2121%,19,47,66,21,13,6,26
0x49d7e3,79.5699%,19,74,93,73,12,7,1
0x833eb2,94.9198%,19,355,374,2,6,13,353
0xa9c5cc,66.6667%,19,38,57,4,11,8,34
0x4b6be3,61.2245%,19,30,49,0,9,10,30
0xa6097f,93.7705%,19,286,305,0,0,19,286
0x8c8722,96.1538%,19,475,494,445,9,10,30
0x5ea98a,95.7207%,19,425,444,0,0,19,425
0x507105,96.6899%,19,555,574,555,19,0,0
0x807c30,80.6122%,19,79,98,2,6,13,77
0x60a6fc,98.8934%,19,1698,1717,0,0,19,1698
0x4bb21d,78.6517%,19,70,89,44,11,8,26
0xa34ec7,83.7607%,19,98,117,0,0,19,98
0xb2e6af,99.9106%,19,21235,21254,21235,19,0,0
0x409bb7,67.2414%,19,39,58,12,5,14,27
0x5bce6e,98.029%,19,945,964,945,19,0,0
0xa311cc,91.4798%,19,204,223,204,19,0,0
0xa487ec,92.1488%,19,223,242,18,4,15,205
0xa3550a,93.8312%,19,289,308,8,7,12,281
0x4bcb98,87.4172%,19,132,151,17,14,5,115
0x8e4685,93.7705%,19,286,305,280,9,10,6
0x4bc6a3,90.6863%,19,185,204,92,16,3,93
0x53b21c,61.2245%,19,30,49,8,0,19,22
0x4a13b0,66.0714%,19,37,56,0,0,19,37
0x6964fb,98.2008%,19,1037,1056,393,4,15,644
0xb0c020,99.4652%,19,3534,3553,0,0,19,3534
0x98cb86,90.9524%,19,191,210,12,9,10,179
0x4a6253,86.8966%,19,126,145,126,16,3,0
0x819cef,98.5926%,19,1331,1350,1325,5,14,6
0x9a9b80,84.2975%,19,102,121,5,10,9,97
0x5bb444,84.0336%,19,100,119,86,10,9,14
0x512316,97.3202%,19,690,709,59,8,11,631
0x54f087,53.6585%,19,22,41,12,1,18,10
0xa90032,88.4146%,19,145,164,0,0,19,145
0x9e3f86,92.4901%,19,234,253,0,0,19,234
0xa31112,50%,19,19,38,0,0,19,19
0x80a3f7,98.3333%,19,1121,1140,1121,17,2,0
0xb314dd,95.5083%,19,404,423,0,2,17,404
0x51af8b,94.8087%,19,347,366,68,7,12,279
0x5c6b1d,99.4705%,19,3569,3588,0,11,8,3569
0x8fc04b,98.7145%,19,1459,1478,0,0,19,1459
0x8ad6e8,78.6517%,19,70,89,70,17,2,0
0x9a897c,94.2598%,19,312,331,258,11,8,54
0x48ed10,66.6667%,19,38,57,27,5,14,11
0xa917f0,40.625%,19,13,32,10,7,12,3
0xa39b02,93.0403%,19,254,273,254,19,0,0
0x64b51b,96.5201%,19,527,546,525,9,10,2
0x9abdfc,89.2655%,19,158,177,0,1,18,158
0x8e5a87,95.612%,19,414,433,414,19,0,0
0x494388,72.8571%,19,51,70,27,12,7,24
0xa41e99,97.1299%,19,643,662,0,0,19,643
0x40bc8e,97.5515%,19,757,776,0,1,18,757
0xa93db9,74.3243%,19,55,74,52,10,9,3
0x5f75bb,85.2713%,19,110,129,92,7,12,18
0x5456b7,98.1939%,19,1033,1052,1033,19,0,0
0xa25bc5,98.1244%,19,994,1013,994,19,0,0
0x5ff970,79.3478%,19,73,92,0,0,19,73
0x50801e,96.4015%,19,509,528,509,19,0,0
0x410309,99.6713%,19,5762,5781,156,5,14,5606
0x4beebc,67.2414%,19,39,58,16,9,10,23
0x8a8c2b,96.9841%,19,611,630,32,13,6,579
0x8b9a61,93.6242%,19,279,298,15,13,6,264
0x7a3d08,85.7143%,19,114,133,48,8,11,66
0x542bd0,94.7802%,19,345,364,0,0,19,345
0x534b76,86.1314%,19,118,137,118,19,0,0
0xa980fa,76.8293%,19,63,82,13,4,15,50
0xa54278,92.4901%,19,234,253,2,8,11,232
0x8ee125,96.8333%,19,581,600,581,19,0,0
0x5373c2,85.1562%,19,109,128,0,0,19,109
0xa456b3,88.2716%,19,143,162,141,9,10,2
0x808b07,98.3333%,19,1121,1140,1121,17,2,0
0x40e6b8,77.1084%,19,64,83,46,15,4,18
0x8aa8c9,97.415%,19,716,735,716,19,0,0
0x81458d,57.7778%,19,26,45,15,17,2,11
0x410034,86.5248%,19,122,141,36,11,8,86
0x8bbafc,48.6486%,19,18,37,18,19,0,0
0xb0d452,77.6471%,19,66,85,23,14,5,43
0x9f3a70,84.5528%,19,104,123,104,14,5,0
0x504bf5,97.0451%,19,624,643,624,19,0,0
0xa529da,89.8936%,19,169,188,169,15,4,0
0x5bca25,90.5%,19,181,200,181,19,0,0
0xa5f823,94.0625%,19,301,320,301,19,0,0
0x58df38,90.9091%,19,190,209,67,3,16,123
0x542cf8,99.1582%,19,2238,2257,179,8,11,2059
0x4a9553,85.7143%,19,114,133,114,18,1,0
0xa5d04e,93.0403%,19,254,273,4,10,9,250
0x94ddc9,95.5607%,19,409,428,52,12,7,357
0x9bc7f7,93.6455%,19,280,299,113,14,5,167
0xa9e16d,52.5%,19,21,40,6,4,15,15
0xa9e223,90.6404%,19,184,203,156,7,12,28
0x5908bf,99.1167%,19,2132,2151,2119,12,7,13
0x537a63,97.422%,19,718,737,0,0,19,718
0x5fa789,97.4801%,19,735,754,0,0,19,735
0x54631d,97.604%,19,774,793,46,11,8,728
0x4041ce,96.9256%,19,599,618,371,12,7,228
0x8379b4,73.6111%,19,53,72,35,9,10,18
0x50864b,97.4324%,19,721,740,0,0,19,721
0x814aa2,69.8413%,19,44,63,0,4,15,44
0x784135,45.7143%,19,16,35,16,19,0,0
0x90ab98,98.0229%,19,942,961,942,19,0,0
0x80fb55,97.4462%,19,725,744,499,1,18,226
0x8ecba7,72.0588%,19,49,68,6,10,9,43
0x608bd8,96.5704%,19,535,554,0,0,19,535
0x58e453,52.5%,19,21,40,21,19,0,0
0x50ee98,86.8056%,19,125,144,45,14,5,80
0x8e1b29,83.0357%,19,93,112,36,9,10,57
0x5ef9c3,77.1084%,19,64,83,52,14,5,12
0x9b8f95,77.1084%,19,64,83,0,0,19,64
0xb1ae61,95.612%,19,414,433,414,19,0,0
0x5418fb,99.2953%,19,2677,2696,2677,16,3,0
0x8a5e08,96.1382%,19,473,492,160,18,1,313
0xa4978c,94.0625%,19,301,320,15,3,16,286
0x8b9e49,98.3635%,19,1142,1161,1142,19,0,0
0x805ee1,90.7767%,19,187,206,156,7,12,31
0xb2e855,72.8571%,19,51,70,3,16,3,48
0x9ef454,68.3333%,19,41,60,0,0,19,41
0x50e346,80.4124%,19,78,97,60,19,0,18
0x9f3f38,90.7767%,19,187,206,186,10,9,1
0x8d28d1,99.4829%,19,3655,3674,3655,19,0,0
0x48e768,99.5743%,19,4444,4463,4444,19,0,0
0x8f44d1,85.7143%,19,114,133,19,14,5,95
0x51064b,98.0473%,19,954,973,19,17,2,935
0xa262fc,95.9402%,19,449,468,426,9,10,23
0x541853,96.6667%,19,551,570,551,19,0,0
0x78183d,83.1858%,19,94,113,94,19,0,0
0x835ccf,50%,19,19,38,17,11,8,2
0x53b0b3,99.7618%,19,7956,7975,0,6,13,7956
0x816cc2,92.0833%,19,221,240,0,0,19,221
0x404273,96%,19,456,475,183,15,4,273
0x90a995,74.3243%,19,55,74,13,15,4,42
0x5a9484,94.6176%,19,334,353,334,19,0,0
0x666785,67.7966%,19,40,59,15,15,4,25
0x489cad,99.8135%,19,10168,10187,0,0,19,10168
0x54eefc,55.814%,19,24,43,4,2,17,20
0x6f54eb,96.3602%,19,503,522,464,18,1,39
0x53a1cb,64.8148%,19,35,54,30,12,7,5
0xa4701f,92.607%,19,238,257,12,3,16,226
0xa50c6d,94.9721%,18,340,358,340,18,0,0
0xa45455,94.7674%,18,326,344,0,18,0,326
0x94479e,84.7458%,18,100,118,0,0,18,100
0x4c2bc8,78.5714%,18,66,84,17,10,8,49
0x98c95a,83.4862%,18,91,109,0,0,18,91
0x5feef8,62.5%,18,30,48,30,18,0,0
0xa56196,85.7143%,18,108,126,108,18,0,0
0x7c7b1f,88.3117%,18,136,154,30,11,7,106
0x547415,88.1579%,18,134,152,134,18,0,0
0x815a60,87.0504%,18,121,139,0,0,18,121
0x60835b,80.2198%,18,73,91,73,18,0,0
0x8a77ec,96.5451%,18,503,521,46,10,8,457
0x8bb268,95.599%,18,391,409,391,15,3,0
0xa25d15,98.9583%,18,1710,1728,0,0,18,1710
0x837d5e,85.8268%,18,109,127,1,13,5,108
0xaa1223,66.6667%,18,36,54,9,7,11,27
0x974797,84.3478%,18,97,115,96,17,1,1
0xa4969e,57.1429%,18,24,42,0,0,18,24
0x815c59,92.6829%,18,228,246,194,11,7,34
0x4098cf,94.1935%,18,292,310,0,2,16,292
0x49f9e2,88.535%,18,139,157,139,18,0,0
0x53516b,99.754%,18,7298,7316,7298,18,0,0
0x98c952,83.4862%,18,91,109,0,0,18,91
0x81a319,97.8235%,18,809,827,0,0,18,809
0x8223fe,99.0244%,18,1827,1845,1827,18,0,0
0xa28097,94.7826%,18,327,345,0,10,8,327
0x504918,89.0244%,18,146,164,135,14,4,11
0xa52326,81.4433%,18,79,97,0,2,16,79
0x63cbb1,98.127%,18,943,961,943,18,0,0
0x508997,95.9459%,18,426,444,28,13,5,398
0x906776,85.4839%,18,106,124,106,18,0,0
0x9742b9,96.7972%,18,544,562,544,18,0,0
0x507edd,97.5676%,18,722,740,154,12,6,568
0x9807df,53.8462%,18,21,39,16,12,6,5
0x670480,71.4286%,18,45,63,39,15,3,6
0x837d69,84.0708%,18,95,113,6,14,4,89
0x65a1d3,92.9134%,18,236,254,236,18,0,0
0xa31507,65.3846%,18,34,52,27,17,1,7
0x4995c2,85.8268%,18,109,127,40,13,5,69
0xa8abb9,89.7143%,18,157,175,157,18,0,0
0x534b15,77.7778%,18,63,81,63,18,0,0
0x9a45b3,96.6355%,18,517,535,0,0,18,517
0x40f84d,76.3158%,18,58,76,58,18,0,0
0x8f2aba,98.2709%,18,1023,1041,907,8,10,116
0x556a4a,98.4536%,18,1146,1164,0,4,14,1146
0x8f2e53,94.6588%,18,319,337,319,18,0,0
0x48e4d3,99.7422%,18,6965,6983,0,0,18,6965
0x58e439,60%,18,27,45,2,3,15,25
0x811ba5,97.6593%,18,751,769,0,0,18,751
0xaaae4c,90.3226%,18,168,186,127,13,5,41
0x60e03f,88.3871%,18,137,155,0,0,18,137
0x5038c1,60.8696%,18,28,46,24,12,6,4
0xa9ed02,85.3659%,18,105,123,0,0,18,105
0x8dcd36,99.2171%,18,2281,2299,1783,7,11,498
0xa9c583,90.9548%,18,181,199,180,8,10,1
0x60e11c,76.3158%,18,58,76,7,3,15,51
0xa46693,81.25%,18,78,96,0,0,18,78
0x537b84,99.8131%,18,9614,9632,0,0,18,9614
0x90fe3d,99.5279%,18,3795,3813,3795,18,0,0
0x48c423,87.5%,18,126,144,125,15,3,1
0xa47e63,53.8462%,18,21,39,4,0,18,17
0xa546a7,82.3529%,18,84,102,0,0,18,84
0x50cb30,95.8333%,18,414,432,414,18,0,0
0x511aa0,97.7833%,18,794,812,411,17,1,383
0xb0b09a,58.1395%,18,25,43,14,10,8,11
0x8f1648,86.5672%,18,116,134,116,18,0,0
0x5049ec,97.5676%,18,722,740,722,11,7,0
0xb2462e,99.8487%,18,11881,11899,0,0,18,11881
0x596851,99.1961%,18,2221,2239,2205,7,11,16
0x499a92,87.1429%,18,122,140,122,18,0,0
0x80fa6c,99.8885%,18,16126,16144,0,0,18,16126
0x63ad81,93.1034%,18,243,261,243,18,0,0
0x4bf240,79.0698%,18,68,86,20,11,7,48
0x50ac85,72.3077%,18,47,65,37,7,11,10
0xa56f5f,75%,18,54,72,2,5,13,52
0x5cf867,99.0196%,18,1818,1836,1818,18,0,0
0x90294d,96.4844%,18,494,512,494,18,0,0
0x60b67b,92.7419%,18,230,248,230,18,0,0
0x63ebac,99.3612%,18,2800,2818,0,0,18,2800
0x9f3e4b,88.6792%,18,141,159,141,18,0,0
0x4b5dd3,89.0244%,18,146,164,36,14,4,110
0x483337,37.931%,18,11,29,11,18,0,0
0x9fb036,71.4286%,18,45,63,45,18,0,0
0x8ed508,99.6124%,18,4626,4644,4626,12,6,0
0x4b7830,95.9732%,18,429,447,0,2,16,429
0x4a74dc,75%,18,54,72,45,2,16,9
0x5f115e,96.1864%,18,454,472,454,16,2,0
0x99dabc,50%,18,18,36,12,3,15,6
0x4b66b0,88.3871%,18,137,155,35,14,4,102
0xa3735c,57.1429%,18,24,42,0,10,8,24
0xa57bcf,70.4918%,18,43,61,2,9,9,41
0x90bcd7,89.7727%,18,158,176,158,18,0,0
0x7b3085,50%,18,18,36,0,0,18,18
0x50958e,96.4775%,18,493,511,489,4,14,4
0x495d95,52.6316%,18,20,38,20,18,0,0
0x40e294,98.3486%,18,1072,1090,1071,16,2,1
0x9ec9f8,88.1579%,18,134,152,0,0,18,134
0xa53df6,89.0244%,18,146,164,0,0,18,146
0x555e16,95.7143%,18,402,420,0,0,18,402
0x49f4b5,74.2857%,18,52,70,52,18,0,0
0x591f0a,99.5234%,18,3759,3777,0,0,18,3759
0xa3feca,35.7143%,18,10,28,6,4,14,4
0x509868,99.5855%,18,4325,4343,0,0,18,4325
0x5fa423,81.25%,18,78,96,13,8,10,65
0x63c77e,97.644%,18,746,764,746,14,4,0
0x980fb2,86.4662%,18,115,133,51,15,3,64
0xa34320,66.0377%,18,35,53,25,10,8,10
0x501f19,92.437%,18,220,238,220,18,0,0
0xa578b6,56.0976%,18,23,41,4,11,7,19
0x48e890,56.0976%,18,23,41,20,7,11,3
0x4c1bed,91%,18,182,200,182,18,0,0
0x5483cf,99.849%,18,11905,11923,11905,18,0,0
0x60b51c,95.3368%,18,368,386,368,18,0,0
0x8dbb4c,94.2857%,18,297,315,297,18,0,0
0x8f6479,95.1482%,18,353,371,349,6,12,4
0xa54def,88.4615%,18,138,156,2,11,7,136
0xa45c5a,98.5222%,18,1200,1218,0,0,18,1200
0xb2fdeb,92.5311%,18,223,241,0,0,18,223
0x96c08d,91.133%,18,185,203,185,18,0,0
0x5fd6a8,98.8274%,18,1517,1535,1517,10,8,0
0x48a308,99.1383%,18,2071,2089,2071,18,0,0
0x81bdf7,98.6813%,18,1347,1365,1347,18,0,0
0x9a14e5,91.133%,18,185,203,185,18,0,0
0x722a3f,81.0526%,18,77,95,2,12,6,75
0x49e1e0,98.4784%,18,1165,1183,0,0,18,1165
0xa9093e,95.599%,18,391,409,0,0,18,391
0x8a5f77,98.6657%,18,1331,1349,1331,18,0,0
0x972c85,87.1429%,18,122,140,105,7,11,17
0x404b70,85%,18,102,120,102,9,9,0
0x65a201,92.9134%,18,236,254,2,4,14,234
0x543b0e,91.7431%,18,200,218,6,3,15,194
0x543ecb,90.3743%,18,169,187,0,0,18,169
0x5b04d1,71.4286%,18,45,63,45,18,0,0
0x8150cb,94.5783%,18,314,332,314,8,10,0
0x502147,87.3239%,18,124,142,0,0,18,124
0x9bc83a,89.5349%,18,154,172,154,18,0,0
0x8bc77f,98.4402%,18,1136,1154,0,0,18,1136
0xa510f6,92.8854%,18,235,253,235,14,4,0
0xaa2838,65.3846%,18,34,52,25,18,0,9
0x9eb2e7,73.5294%,18,50,68,50,16,2,0
0x9eb2cd,73.5294%,18,50,68,50,6,12,0
0x547b2b,98.1781%,18,970,988,970,7,11,0
0x409f2b,77.7778%,18,63,81,63,18,0,0
0x9a9af5,85.124%,18,103,121,0,0,18,103
0x809e5e,88.1579%,18,134,152,96,13,5,38
0x537a82,97.5577%,18,719,737,719,12,6,0
0x80f502,99.3608%,18,2798,2816,2798,18,0,0
0x8e1337,99.0895%,18,1959,1977,0,8,10,1959
0x48327b,37.931%,18,11,29,11,18,0,0
0x9e8680,77.2152%,18,61,79,0,0,18,61
0x9e3eaa,88.3117%,18,136,154,0,7,11,136
0x9bd563,73.1343%,18,49,67,4,8,10,45
0x4886fd,97.3254%,18,655,673,655,18,0,0
0xa588db,87.6712%,18,128,146,35,7,11,93
0x9e3d50,93.7716%,18,271,289,109,6,12,162
0xab28ba,99.7551%,18,7332,7350,7332,18,0,0
0x8ffa96,98.8048%,18,1488,1506,1488,18,0,0
0x81f2e6,69.4915%,18,41,59,14,5,13,27
0x9842db,88.6076%,18,140,158,140,6,12,0
0x550dab,25%,18,6,24,0,0,18,6
0x7d1add,97.454%,18,689,707,64,15,3,625
0x5bb7bb,98.1386%,18,949,967,949,18,0,0
0x499659,85.8268%,18,109,127,109,18,0,0
0x98469f,81.0526%,18,77,95,15,5,13,62
0x977f3a,55%,18,22,40,0,0,18,22
0xaab0f9,78.0488%,18,64,82,52,18,0,12
0x675036,43.75%,18,14,32,10,6,12,4
0xa95b9a,86.1538%,18,112,130,112,18,0,0
0xa587c2,89.1566%,18,148,166,50,0,18,98
0xa63b72,85.6%,18,107,125,107,16,2,0
0x7d207b,89.5349%,18,154,172,151,3,15,3
0x61155c,72.3077%,18,47,65,26,6,12,21
0x5fe81b,76.6234%,18,59,77,9,12,6,50
0x81ed81,92.7419%,18,230,248,0,0,18,230
0x7d25d1,95.3003%,18,365,383,365,2,16,0
0x80e716,89.0244%,18,146,164,8,6,12,138
0x4a75c6,88.4615%,18,138,156,0,2,16,138
0x80db10,91.8182%,18,202,220,0,0,18,202
0x723521,98.7552%,18,1428,1446,0,0,18,1428
0xa92300,66.6667%,18,36,54,35,15,3,1
0xb3ab46,99.3612%,18,2800,2818,2775,8,10,25
0x50e589,66.0377%,18,35,53,2,8,10,33
0xa3692a,95.8333%,18,414,432,0,0,18,414
0x805643,98.5437%,18,1218,1236,1218,16,2,0
0x805866,98.3798%,18,1093,1111,895,2,16,198
0x5be809,58.1395%,18,25,43,12,10,8,13
0x4ca493,60.8696%,18,28,46,23,12,6,5
0x499e02,43.75%,18,14,32,11,5,13,3
0xa449f3,97.12%,18,607,625,0,4,14,607
0x40e3cb,97.1338%,18,610,628,609,13,5,1
0x5912e5,92.6829%,18,228,246,0,0,18,228
0xa159be,95.2%,18,357,375,357,18,0,0
0x5fba77,79.5455%,18,70,88,7,11,7,63
0x81ea51,79.0698%,18,68,86,65,18,0,3
0x8dfeec,73.5294%,18,50,68,40,18,0,10
0x9a8d58,41.9355%,18,13,31,1,16,2,12
0x80b2a9,96.7914%,18,543,561,225,9,9,318
0x99df8f,35.7143%,18,10,28,2,11,7,8
0x481071,52.6316%,18,20,38,13,6,12,7
0xa26025,98.2231%,18,995,1013,135,6,12,860
0x58d8f0,91.3876%,18,191,209,0,0,18,191
0x49f9b5,88.535%,18,139,157,9,6,12,130
0x53919b,96.5184%,18,499,517,499,7,11,0
0xb32711,99.7206%,18,6424,6442,6424,18,0,0
0x5f9d2c,83.1776%,18,89,107,63,17,1,26
0x5017f4,99.4772%,18,3425,3443,0,0,18,3425
0xa5887f,84.4828%,18,98,116,3,9,9,95
0x8fefa4,94.9008%,18,335,353,0,0,18,335
0x901fa1,99.6164%,18,4674,4692,0,0,18,4674
0xa9759f,48.5714%,18,17,35,6,14,4,11
0x5fefc9,66.0377%,18,35,53,1,12,6,34
0x539dc1,97.5774%,18,725,743,0,0,18,725
0x5fbd4b,62.5%,18,30,48,3,4,14,27
0x9d04a5,91.8552%,18,203,221,63,7,11,140
0x592af1,82%,18,82,100,45,14,4,37
0x8ea272,98.86%,18,1561,1579,1561,14,4,0
0x5bda95,99.0635%,18,1904,1922,1904,15,3,0
0x814887,98.5318%,18,1208,1226,1208,16,2,0
0x791152,53.8462%,18,21,39,10,0,18,11
0x54eef7,56.0976%,18,23,41,4,9,9,19
0x809490,97.8774%,18,830,848,512,6,12,318
0x80832e,66.6667%,18,36,54,25,2,16,11
0xa2e261,91.7808%,18,201,219,201,18,0,0
0x9c3eea,43.75%,18,14,32,0,0,18,14
0x9aae52,77.2152%,18,61,79,26,7,11,35
0x406ae4,97.2222%,18,630,648,630,18,0,0
0x491572,88.6076%,18,140,158,0,0,18,140
0x9eefa4,92.1739%,18,212,230,212,12,6,0
0x9eb3aa,75%,18,54,72,38,6,12,16
0x50209d,86.2595%,18,113,131,43,7,11,70
0x55607d,70%,18,42,60,42,17,1,0
0x8da1da,91.8552%,18,203,221,118,10,8,85
0x53b23b,68.4211%,18,39,57,24,17,1,15
0x4ba9ea,93.8776%,18,276,294,230,12,6,46
0x5b9e29,66.0377%,18,35,53,31,14,4,4
0x50cbb1,72.7273%,18,48,66,48,18,0,0
0xa52a2a,81.0526%,18,77,95,0,0,18,77
0x4898dc,95.288%,18,364,382,0,0,18,364
0x534b3d,77.7778%,18,63,81,8,3,15,55
0x9e73f6,91.7051%,18,199,217,75,6,12,124
0x8d3907,95.1482%,18,353,371,0,2,16,353
0x5f00d6,90.1099%,18,164,182,164,18,0,0
0x51b3f3,97.6834%,18,759,777,0,0,18,759
0x9f4b0a,52.6316%,18,20,38,15,5,13,5
0x639b82,72.3077%,18,47,65,0,0,18,47
0x8f2c75,82.3529%,18,84,102,28,6,12,56
0x410155,99.843%,18,11450,11468,0,0,18,11450
0x9e299b,97.4965%,18,701,719,460,4,14,241
0x504060,97.7301%,18,775,793,18,12,6,757
0xa92b82,94.4099%,18,304,322,0,8,10,304
0x40d44f,97.3412%,18,659,677,362,13,5,297
0x67f10b,99.5784%,18,4251,4269,2231,17,1,2020
0x816936,69.4915%,18,41,59,24,14,4,17
0xa669fd,89.7143%,18,157,175,157,18,0,0
0x9a705c,82.5243%,18,85,103,85,18,0,0
0x40d1c8,80%,18,72,90,69,8,10,3
0x58ebbe,99.4959%,18,3553,3571,3553,18,0,0
0x54123c,90.3743%,18,169,187,0,0,18,169
0x9a6193,53.8462%,18,21,39,12,15,3,9
0x8c815b,99.0476%,18,1872,1890,1872,17,1,0
0x82149e,99.0937%,18,1968,1986,0,0,18,1968
0x51153a,99.6064%,18,4555,4573,4555,18,0,0
0x9e2521,88%,18,132,150,6,9,9,126
0x959341,85.9375%,18,110,128,108,16,2,2
0xa3b1ab,87.5%,18,126,144,0,0,18,126
0x5d7af5,98.5542%,18,1227,1245,1227,14,4,0
0x51b00c,93.0769%,18,242,260,3,6,12,239
0x5591c2,99.9023%,18,18405,18423,18405,18,0,0
0x49f95e,98.6466%,18,1312,1330,22,9,9,1290
0x4a5dd2,72.3077%,18,47,65,4,9,9,43
0x511746,98.3099%,18,1047,1065,1047,18,0,0
0x555de3,95.7143%,18,402,420,395,5,13,7
0x90a779,75.6757%,18,56,74,7,10,8,49
0x60475e,95.8042%,18,411,429,0,0,18,411
0x8f0b13,96.8254%,18,549,567,405,12,6,144
0x9edfb9,93.9597%,18,280,298,280,18,0,0
0x8f67ee,86.1538%,18,112,130,0,2,16,112
0xb30d50,99.0385%,18,1854,1872,0,0,18,1854
0x81445d,96.6292%,18,516,534,0,0,18,516
0x5fc0dc,62.5%,18,30,48,2,10,8,28
0x9f9757,77.7778%,18,63,81,37,12,6,26
0x98b3a7,66.0377%,18,35,53,23,6,12,12
0x4888eb,99.3122%,18,2599,2617,0,0,18,2599
0xa9104c,91.0891%,18,184,202,0,0,18,184
0xa439d4,91.0448%,18,183,201,4,11,7,179
0x4ba9d1,95.1743%,18,355,373,64,15,3,291
0x9f1d11,95.3003%,18,365,383,0,0,18,365
0xa8fb9b,91.9643%,18,206,224,206,18,0,0
0x9f0bb1,80%,18,72,90,72,18,0,0
0xa2394a,83.6364%,18,92,110,92,18,0,0
0x835da2,66.0377%,18,35,53,35,18,0,0
0xa41eb8,92.5926%,18,225,243,195,17,1,30
0xa27610,99.0844%,18,1948,1966,0,0,18,1948
0xa5f582,89.6552%,18,156,174,0,0,18,156
0x9fe3a8,86.5672%,18,116,134,28,12,6,88
0x51c2c5,99.0249%,18,1828,1846,0,0,18,1828
0xa5ec63,97.4395%,18,685,703,0,5,13,685
0x60b5e4,92.6531%,18,227,245,0,0,18,227
0x8aa819,10%,18,2,20,0,0,18,2
0x5100b7,98.7952%,18,1476,1494,0,0,18,1476
0xb3aaf4,99.3612%,18,2800,2818,0,1,17,2800
0x9a9e10,66.6667%,18,36,54,21,8,10,15
0x834225,85.9375%,18,110,128,7,11,7,103
0x557f17,97.6654%,18,753,771,753,18,0,0
0x5486b4,99.235%,18,2335,2353,2335,18,0,0
0x488d33,84.2105%,18,96,114,0,0,18,96
0x5fac73,97.3254%,18,655,673,655,17,1,0
0x405e3f,97.1698%,18,618,636,583,9,9,35
0x511f07,99.5416%,18,3909,3927,0,14,4,3909
0x48d0fa,56.0976%,18,23,41,20,15,3,3
0xa06e0c,70%,18,42,60,7,15,3,35
0xa25ae9,98.2231%,18,995,1013,0,0,18,995
0x555d28,82.5243%,18,85,103,62,3,15,23
0x833f4f,97.8339%,18,813,831,0,0,18,813
0x409d92,92%,18,207,225,207,18,0,0
0x508ce3,68.9655%,18,40,58,32,12,6,8
0x80a8d6,97.8824%,18,832,850,0,2,16,832
0xa9d298,64%,18,32,50,4,12,6,28
0x5b9a1d,75.3425%,18,55,73,6,8,10,49
0xa25b00,98.2231%,18,995,1013,0,0,18,995
0x5f0047,90.1099%,18,164,182,0,0,18,164
0x8049ac,76%,18,57,75,57,16,2,0
0x5ff651,55%,18,22,40,1,3,15,21
0x8bd782,96.3489%,18,475,493,475,12,6,0
0xaade78,99.7452%,18,7047,7065,7047,18,0,0
0xa50001,77.7778%,18,63,81,3,11,7,60
0x5128f8,94.8424%,18,331,349,315,9,9,16
0x67f0cf,99.5784%,18,4251,4269,0,0,18,4251
0x555e3e,98.3349%,18,1063,1081,1015,6,12,48
0xab2d18,79.3103%,18,69,87,0,8,10,69
0x5bacd8,88.2353%,18,135,153,12,12,6,123
0x9d0672,78.8235%,18,67,85,45,6,12,22
0x535020,71.875%,18,46,64,0,0,18,46
0x59c0b9,91.5888%,18,196,214,196,18,0,0
0x978476,96.0784%,18,441,459,0,0,18,441
0x5fa5c3,91.8552%,18,203,221,203,12,6,0
0x906a78,94.9721%,18,340,358,340,18,0,0
0x51b85c,98.125%,18,942,960,0,0,18,942
0x972f71,93.5714%,18,262,280,0,0,18,262
0x8db62c,98.4836%,18,1169,1187,36,1,17,1133
0x9f8f52,87.3239%,18,124,142,16,6,12,108
0x494355,82.8571%,18,87,105,0,0,18,87
0x94e1ea,96.9336%,18,569,587,160,16,2,409
0x53a30b,68.9655%,18,40,58,25,17,1,15
0x63906e,94.4615%,18,307,325,1,11,7,306
0x8dc275,94.4444%,18,306,324,0,0,18,306
0xa9494e,25%,18,6,24,6,18,0,0
0x501f70,86.2595%,18,113,131,113,18,0,0
0x8f3e24,93.8983%,18,277,295,0,0,18,277
0x94a0b4,91.9283%,18,205,223,5,11,7,200
0x5de4fc,98.5496%,18,1223,1241,1223,18,0,0
0x6d0503,37.931%,18,11,29,0,0,18,11
0x5be82f,58.1395%,18,25,43,25,18,0,0
0x9aba4a,92.2078%,18,213,231,213,18,0,0
0xa4198c,52.6316%,18,20,38,18,14,4,2
0x5f8357,33.3333%,18,9,27,0,0,18,9
0xa52685,85.7143%,18,108,126,75,8,10,33
0x402bc1,98.9848%,18,1755,1773,0,0,18,1755
0xa96a28,70.4918%,18,43,61,13,8,10,30
0x901327,64%,18,32,50,30,18,0,2
0x81b09a,92.3729%,18,218,236,18,14,4,200
0x7d40fa,60%,18,27,45,19,10,8,8
0x49c5f7,96.1123%,18,445,463,0,6,12,445
0xa561c2,85.7143%,18,108,126,108,18,0,0
0x8eecc1,96.5251%,18,500,518,500,7,11,0
0xa3ff3f,25%,18,6,24,6,18,0,0
0x981490,76.3158%,18,58,76,20,7,11,38
0x9ee55f,68.4211%,18,39,57,39,18,0,0
0x94d80a,96.6292%,18,516,534,516,18,0,0
0xb31bfb,99.9167%,18,21597,21615,21597,18,0,0
0x81e1af,95.814%,18,412,430,197,18,0,215
0x8fdd4b,80.6452%,18,75,93,67,18,0,8
0x90fcec,93.5714%,18,262,280,40,13,5,222
0x5c6c2a,99.162%,18,2130,2148,2130,18,0,0
0x8e2176,98.5062%,18,1187,1205,210,13,5,977
0x49c8f4,73.1343%,18,49,67,44,5,13,5
0x482d06,52.6316%,18,20,38,20,18,0,0
0x8f2fe9,79.7619%,17,67,84,35,9,8,32
0xa571b7,58.5366%,17,24,41,18,9,8,6
0x8f56cb,99.5367%,17,3652,3669,3488,17,0,164
0x482cb8,55.2632%,17,21,38,3,16,1,18
0x5fb203,94.0141%,17,267,284,0,2,15,267
0xa41b76,97.7543%,17,740,757,740,17,0,0
0xa91065,80.2326%,17,69,86,52,16,1,17
0x558e9c,98.6646%,17,1256,1273,1256,17,0,0
0x4b5c63,91.866%,17,192,209,1,9,8,191
0x9c3aea,95.0867%,17,329,346,325,12,5,4
0x8bb64f,82.1053%,17,78,95,56,2,15,22
0x4c59cb,69.0909%,17,38,55,30,1,16,8
0x8fda97,77.6316%,17,59,76,9,4,13,50
0x402256,99.0058%,17,1693,1710,0,0,17,1693
0xa43e0c,85.3448%,17,99,116,66,1,16,33
0x482d17,55.2632%,17,21,38,4,15,2,17
0x555a64,84.5455%,17,93,110,45,10,7,48
0x666453,96.7557%,17,507,524,0,0,17,507
0x81b93e,41.3793%,17,12,29,5,5,12,7
0x8a340b,46.875%,17,15,32,3,11,6,12
0x9ea419,94.4079%,17,287,304,0,0,17,287
0x64c02f,90.0585%,17,154,171,154,17,0,0
0x948695,98.8211%,17,1425,1442,1425,17,0,0
0x808866,94.8012%,17,310,327,310,13,4,0
0x5454b5,66.6667%,17,34,51,1,1,16,33
0x556577,95.7606%,17,384,401,334,12,5,50
0x945c4a,88.7417%,17,134,151,82,4,13,52
0x64b57f,99.2576%,17,2273,2290,0,0,17,2273
0x8ebfae,98.6246%,17,1219,1236,1157,11,6,62
0x7b7180,87.9433%,17,124,141,49,8,9,75
0x5036f0,97.7273%,17,731,748,0,0,17,731
0x9f5306,89.0323%,17,138,155,16,12,5,122
0x8b9849,99.8382%,17,10490,10507,1,7,10,10489
0x8bcc5f,67.9245%,17,36,53,9,13,4,27
0x94e5c2,94.4079%,17,287,304,287,17,0,0
0x8fcd92,94.1176%,17,272,289,272,17,0,0
0xa53d38,89.6341%,17,147,164,147,17,0,0
0x9ebea4,86.1789%,17,106,123,106,17,0,0
0x8b97b0,99.8958%,17,16302,16319,0,0,17,16302
0x9f52f9,89.0323%,17,138,155,0,0,17,138
0x590680,99.0076%,17,1696,1713,0,0,17,1696
0x9a1c32,90.1734%,17,156,173,121,5,12,35
0x40b46e,91.1917%,17,176,193,176,15,2,0
0x5ffc82,86.7188%,17,111,128,28,8,9,83
0xad7b0e,97.7513%,17,739,756,0,0,17,739
0x900ba9,94.9405%,17,319,336,0,0,17,319
0x543b1b,91.866%,17,192,209,0,0,17,192
0x8f2827,98.1953%,17,925,942,0,0,17,925
0x40f4d7,99.6164%,17,4415,4432,0,0,17,4415
0x90ecb9,98.2383%,17,948,965,0,4,13,948
0x959645,86.7188%,17,111,128,4,0,17,107
0x50cba4,77.9221%,17,60,77,1,10,7,59
0xa45e33,86.0656%,17,105,122,0,4,13,105
0x5352c6,46.875%,17,15,32,0,0,17,15
0x4022bf,98.9186%,17,1555,1572,1555,17,0,0
0x403883,95.641%,17,373,390,373,17,0,0
0x9ed43e,88.6667%,17,133,150,126,13,4,7
0xa4583b,93.3852%,17,240,257,240,17,0,0
0x5c4fcc,88.1944%,17,127,144,0,0,17,127
0x8dcbfa,99.2605%,17,2282,2299,1511,10,7,771
0xa63b43,86.4%,17,108,125,0,0,17,108
0x4c15ed,91.4141%,17,181,198,181,17,0,0
0x90ed8c,99.0845%,17,1840,1857,0,0,17,1840
0x81b126,79.2683%,17,65,82,38,12,5,27
0x5a9473,74.6269%,17,50,67,50,17,0,0
0x4b6b94,51.4286%,17,18,35,14,16,1,4
0x48c32c,88.1944%,17,127,144,124,13,4,3
0x5fa332,98.5179%,17,1130,1147,1130,11,6,0
0x5480d6,99.5531%,17,3787,3804,3787,17,0,0
0x552a4c,98.7663%,17,1361,1378,645,17,0,716
0xa3139e,80%,17,68,85,68,17,0,0
0x8fe19c,89.759%,17,149,166,79,7,10,70
0xa34393,65.3061%,17,32,49,0,0,17,32
0xa32cec,82.1053%,17,78,95,55,15,2,23
0x649adb,83.9623%,17,89,106,64,10,7,25
0x5f7ac1,89.8204%,17,150,167,148,12,5,2
0x4a988e,50%,17,17,34,0,0,17,17
0x48c453,82.2917%,17,79,96,79,17,0,0
0x8193a1,75%,17,51,68,51,17,0,0
0x5bd706,94.6032%,17,298,315,163,7,10,135
0xa91ad1,95.3168%,17,346,363,0,0,17,346
0x904562,96.5863%,17,481,498,481,17,0,0
0x4bbc3a,99.088%,17,1847,1864,6,10,7,1841
0x49e134,89.697%,17,148,165,148,17,0,0
0x4bb7b5,91.7476%,17,189,206,179,7,10,10
0x833f2b,95.3552%,17,349,366,18,12,5,331
0xb3273f,99.7361%,17,6425,6442,0,0,17,6425
0x9a1467,91.6256%,17,186,203,57,12,5,129
0x402024,98.0278%,17,845,862,4,7,10,841
0x591139,93.1174%,17,230,247,0,0,17,230
0x9f4696,95.1289%,17,332,349,332,17,0,0
0x5ff41e,64.5833%,17,31,48,30,11,6,1
0x49e326,95.0292%,17,325,342,0,0,17,325
0x5c361e,97.6323%,17,701,718,701,17,0,0
0x904a3f,94.3522%,17,284,301,284,17,0,0
0xa4fcf9,96.6403%,17,489,506,489,13,4,0
0x610508,96.8692%,17,526,543,0,0,17,526
0x9a2337,86.5079%,17,109,126,3,12,5,106
0xb3274c,99.7361%,17,6425,6442,6425,17,0,0
0x533d24,41.3793%,17,12,29,12,17,0,0
0x499515,91.5%,17,183,200,51,9,8,132
0x81e439,98.5822%,17,1182,1199,0,0,17,1182
0x99c579,95.1567%,17,334,351,334,17,0,0
0x49bafe,96.5092%,17,470,487,470,11,6,0
0x81b54e,94.6372%,17,300,317,0,0,17,300
0xa45ea9,73.4375%,17,47,64,47,17,0,0
0x494c0b,60.4651%,17,26,43,3,12,5,23
0x48ce24,99.5323%,17,3618,3635,3618,16,1,0
0x58cd35,89.697%,17,148,165,105,9,8,43
0x82285a,98.8659%,17,1482,1499,1482,17,0,0
0x511280,99.6357%,17,4650,4667,4650,17,0,0
0x90c8d2,78.2051%,17,61,78,0,0,17,61
0x9f945e,85.8333%,17,103,120,0,0,17,103
0x991464,87.1212%,17,115,132,2,10,7,113
0x8dcb8d,99.2605%,17,2282,2299,2282,17,0,0
0x5356db,86.7188%,17,111,128,1,5,12,110
0x610b8c,93.9068%,17,262,279,1,17,0,261
0x4038de,95.2646%,17,342,359,1,5,12,341
0x8f1825,91.7874%,17,190,207,0,6,11,190
0xaaae56,63.0435%,17,29,46,29,17,0,0
0x51106e,99.5495%,17,3757,3774,0,0,17,3757
0x9fc7e5,92.2727%,17,203,220,0,0,17,203
0x9ec255,69.6429%,17,39,56,38,12,5,1
0xa4fe2b,93.2806%,17,236,253,7,13,4,229
0x58ba4f,86.0656%,17,105,122,0,4,13,105
0x8a50fa,92.1659%,17,200,217,200,15,2,0
0x90aa3d,77.027%,17,57,74,0,0,17,57
0x97b937,85.0877%,17,97,114,97,17,0,0
0x49cade,97.5398%,17,674,691,0,0,17,674
0x944579,93.0894%,17,229,246,18,6,11,211
0x5561e0,93.1452%,17,231,248,230,15,2,1
0xa8fafe,93.3333%,17,238,255,0,0,17,238
0x833ee1,95.3552%,17,349,366,2,6,11,347
0x4903b5,78.481%,17,62,79,50,11,6,12
0x815d66,96.9805%,17,546,563,33,8,9,513
0x5095cd,89.375%,17,143,160,143,17,0,0
0x48bbfd,97.8508%,17,774,791,0,0,17,774
0xa94a8b,77.6316%,17,59,76,59,17,0,0
0x404985,93.4363%,17,242,259,7,10,7,235
0x668117,92.9167%,17,223,240,223,17,0,0
0x403d04,84.9558%,17,96,113,54,5,12,42
0x8f61a8,76.0563%,17,54,71,47,10,7,7
0x488a9e,98.9193%,17,1556,1573,0,0,17,1556
0xad7f75,98.1681%,17,911,928,911,17,0,0
0x58bc99,73.4375%,17,47,64,0,0,17,47
0x557c80,83.4951%,17,86,103,20,10,7,66
0x5081de,96.7803%,17,511,528,511,17,0,0
0x8bd3ac,99.0286%,17,1733,1750,0,0,17,1733
0x8ec413,98.1915%,17,923,940,923,17,0,0
0xa361ac,88.0282%,17,125,142,125,12,5,0
0x983ede,87.6812%,17,121,138,105,17,0,16
0x8e2fb3,94.5338%,17,294,311,75,14,3,219
0x9f0c80,84.5455%,17,93,110,93,17,0,0
0x51c823,99.8561%,17,11796,11813,0,0,17,11796
0x5019ff,97.0123%,17,552,569,552,17,0,0
0x90e4a4,97.1808%,17,586,603,0,0,17,586
0x944ffe,95.1009%,17,330,347,330,17,0,0
0x80740d,99.8843%,17,14675,14692,14675,17,0,0
0x911d1f,96.1009%,17,419,436,0,0,17,419
0x48c367,87.5912%,17,120,137,120,17,0,0
0xb0b404,99.5373%,17,3657,3674,3657,17,0,0
0x8f31b1,99.337%,17,2547,2564,2547,17,0,0
0x8eb844,98.381%,17,1033,1050,276,10,7,757
0x548a3f,37.037%,17,10,27,2,13,4,8
0x58db12,88.7417%,17,134,151,134,17,0,0
0x5ff1ec,96.3519%,17,449,466,0,0,17,449
0x811f6a,90.9574%,17,171,188,156,10,7,15
0x980ba8,76.0563%,17,54,71,30,9,8,24
0x8be42f,98.1934%,17,924,941,8,12,5,916
0x9e2a60,77.027%,17,57,74,0,0,17,57
0x8efb3b,59.5238%,17,25,42,24,14,3,1
0xa41afb,93.633%,17,250,267,0,0,17,250
0x591f7c,75.7143%,17,53,70,5,13,4,48
0x5fa35d,92.3077%,17,204,221,200,15,2,4
0x4bc745,90.9574%,17,171,188,84,10,7,87
0x8ea039,95.7393%,17,382,399,0,0,17,382
0x48b28f,94.704%,17,304,321,0,0,17,304
0x80a4e4,97.9834%,17,826,843,826,15,2,0
0x8e4dbf,95.7921%,17,387,404,98,3,14,289
0x49de5a,82.6531%,17,81,98,0,0,17,81
0x5bd9b1,99.5653%,17,3894,3911,3894,14,3,0
0xb2e77b,98.6279%,17,1222,1239,0,0,17,1222
0x80bc40,95.6853%,17,377,394,377,17,0,0
0x8ab0bf,98.014%,17,839,856,839,17,0,0
0x8fdc1a,98.5035%,17,1119,1136,0,0,17,1119
0x4ba31b,94.8171%,17,311,328,0,2,15,311
0xa5f8a3,95.1705%,17,335,352,334,10,7,1
0x8a8f3c,87.8571%,17,123,140,16,12,5,107
0x9a8ed4,39.2857%,17,11,28,10,4,13,1
0x507537,86.7188%,17,111,128,111,17,0,0
0x405aa5,96.0648%,17,415,432,105,17,0,310
0x8bb439,95.6522%,17,374,391,0,0,17,374
0x821c89,76.3889%,17,55,72,0,0,17,55
0x509fc9,96.5377%,17,474,491,474,17,0,0
0x6808ce,98.138%,17,896,913,896,17,0,0
0x540a37,83.9623%,17,89,106,77,11,6,12
0xa587fe,85.3448%,17,99,116,93,3,14,6
0x8ad751,81.7204%,17,76,93,76,15,2,0
0xa9b499,85.8333%,17,103,120,103,17,0,0
0x8c901f,95.9524%,17,403,420,403,14,3,0
0xa595c0,91.5842%,17,185,202,185,17,0,0
0x51c727,98.5845%,17,1184,1201,1184,17,0,0
0x835cb9,55.2632%,17,21,38,4,12,5,17
0x8063c7,67.9245%,17,36,53,1,0,17,35
0x8fd4e9,84.9558%,17,96,113,1,3,14,95
0x9f11f2,96.6862%,17,496,513,496,17,0,0
0xa9cd4a,63.0435%,17,29,46,26,8,9,3
0x9a92aa,93.2%,17,233,250,0,0,17,233
0x5091c6,97.4006%,17,637,654,0,0,17,637
0x547cb3,97.1572%,17,581,598,581,17,0,0
0x67fb35,99.7932%,17,8202,8219,0,0,17,8202
0x9e2c45,52.7778%,17,19,36,2,11,6,17
0x5ffea6,97.9665%,17,819,836,0,0,17,819
0x674ff8,46.875%,17,15,32,15,17,0,0
0x638df0,96.8921%,17,530,547,0,0,17,530
0x7d2ae4,97.909%,17,796,813,421,7,10,375
0x98cceb,88.0282%,17,125,142,125,17,0,0
0x9dfa3b,92.0561%,17,197,214,0,0,17,197
0x8fcd47,97.6323%,17,701,718,0,0,17,701
0x94db4b,97.1039%,17,570,587,570,17,0,0
0x511fd3,99.5818%,17,4048,4065,4048,17,0,0
0x835c6b,55.2632%,17,21,38,2,8,9,19
0x402028,98.0024%,17,834,851,34,3,14,800
0x9c3d4f,62.2222%,17,28,45,24,12,5,4
0x60dcd2,88.7417%,17,134,151,96,5,12,38
0x9484c7,98.8211%,17,1425,1442,1425,17,0,0
0xaa46a4,93.0612%,17,228,245,228,17,0,0
0xa35c7f,99.478%,17,3240,3257,3240,17,0,0
0x5592fa,79.7619%,17,67,84,45,0,17,22
0x9a3183,93.7037%,17,253,270,0,0,17,253
0x80418f,71.6667%,17,43,60,40,15,2,3
0xaa2d69,94.4079%,17,287,304,287,17,0,0
0x94dc44,97.1039%,17,570,587,570,17,0,0
0x493e0e,56.4103%,17,22,39,8,7,10,14
0x80947a,97.9953%,17,831,848,831,17,0,0
0xaab844,84.1121%,17,90,107,90,9,8,0
0x9f0595,97.007%,17,551,568,0,0,17,551
0x8c721b,91.9811%,17,195,212,195,17,0,0
0x51036e,98.8568%,17,1470,1487,1470,17,0,0
0x908735,98.9448%,17,1594,1611,0,0,17,1594
0x8070f8,97.9834%,17,826,843,826,17,0,0
0x9ebbcf,91.7476%,17,189,206,183,15,2,6
0x502d41,91.0526%,17,173,190,0,0,17,173
0x8ded4d,93.2%,17,233,250,47,8,9,186
0x94d941,97.7483%,17,738,755,125,11,6,613
0x64b427,99.9195%,17,21114,21131,21114,17,0,0
0x53b0a9,99.7868%,17,7958,7975,0,0,17,7958
0xa49833,93.9286%,17,263,280,263,17,0,0
0xa25fb2,98.3218%,17,996,1013,129,12,5,867
0x66f60c,87.218%,17,116,133,62,4,13,54
0x5e5ebe,98.8734%,17,1492,1509,495,11,6,997
0x9e08d1,95.1705%,17,335,352,0,0,17,335
0x591206,94.1176%,17,272,289,0,0,17,272
0x944319,97.3354%,17,621,638,0,0,17,621
0x8f1b59,87.9433%,17,124,141,0,0,17,124
0xa33b7f,98.7313%,17,1323,1340,1259,9,8,64
0x5489e1,48.4848%,17,16,33,16,11,6,0
0x64f496,80.8989%,17,72,89,72,17,0,0
0x544997,95.8025%,17,388,405,388,8,9,0
0x81b8fe,41.3793%,17,12,29,3,2,15,9
0xaa2955,87.6812%,17,121,138,121,16,1,0
0x81398d,61.3636%,17,27,44,0,0,17,27
0x403c21,95.0437%,17,326,343,326,17,0,0
0x511549,96.737%,17,504,521,504,17,0,0
0x40a55e,71.6667%,17,43,60,42,16,1,1
0xa3baa0,92.5439%,17,211,228,0,0,17,211
0x9e761b,92.9461%,17,224,241,53,1,16,171
0x781d5d,99.9269%,17,23254,23271,0,0,17,23254
0x7d43f0,74.6269%,17,50,67,49,16,1,1
0xa41c12,97.7543%,17,740,757,740,17,0,0
0xa0744a,65.3061%,17,32,49,22,13,4,10
0x5f764a,86.4%,17,108,125,108,17,0,0
0x40397d,54.0541%,17,20,37,0,0,17,20
0x8f6aca,94.9405%,17,319,336,155,13,4,164
0xa2f9fa,78.2051%,17,61,78,61,13,4,0
0x7d187c,96.3597%,17,450,467,121,12,5,329
0x5fadaa,64.5833%,17,31,48,2,13,4,29
0x8e9407,98.796%,17,1395,1412,1395,15,2,0
0x5bb4fe,98.7874%,17,1385,1402,1385,15,2,0
0x4a7b4a,94.864%,17,314,331,314,17,0,0
0x4997ec,60.4651%,17,26,43,26,17,0,0
0x65c2d6,66%,17,33,50,20,14,3,13
0x7d26dc,97.9218%,17,801,818,482,14,3,319
0x9f0a4d,87.8571%,17,123,140,100,8,9,23
0x8f6c2f,92.4107%,17,207,224,0,0,17,207
0x80dfcf,99.517%,17,3503,3520,3296,4,13,207
0x40479f,97.2313%,17,597,614,10,2,15,587
0x977d04,94.1781%,17,275,292,137,6,11,138
0x99bde1,91.6256%,17,186,203,180,10,7,6
0x5590fb,96.8635%,17,525,542,54,10,7,471
0x8ecc1b,67.3077%,17,35,52,29,10,7,6
0x54f46d,60.4651%,17,26,43,0,0,17,26
0xb2ee4e,67.9245%,17,36,53,1,5,12,35
0x8f4a6c,99.3214%,17,2488,2505,2488,17,0,0
0xa9e10f,92.827%,17,220,237,220,17,0,0
0x50aabe,73.8462%,17,48,65,46,9,8,2
0x9a468c,97.5291%,17,671,688,671,17,0,0
0x558a31,93.1452%,17,231,248,231,17,0,0
0x5349d2,96.5021%,17,469,486,469,8,9,0
0xa2d98e,91.7476%,17,189,206,189,13,4,0
0xaa640c,81.1111%,17,73,90,0,0,17,73
0x5de1cb,98.6301%,17,1224,1241,1220,13,4,4
0x679c33,98.5927%,17,1191,1208,25,11,6,1166
0x7d186b,96.8401%,17,521,538,57,14,3,464
0xa1af88,61.3636%,17,27,44,1,15,2,26
0xacfa9c,92.7966%,17,219,236,219,17,0,0
0x40dfcd,86.8217%,17,112,129,106,14,3,6
0x5ec2b7,68.5185%,17,37,54,21,10,7,16
0x4aaced,57.5%,17,23,40,23,17,0,0
0x5fea20,72.5806%,17,45,62,0,0,17,45
0x499226,0%,17,0,17,0,17,0,0
0xa33e01,92.5439%,17,211,228,195,5,12,16
0xa459a2,66.6667%,17,34,51,7,11,6,27
0x8dc69c,97.8149%,17,761,778,761,17,0,0
0x9ff570,74.2424%,17,49,66,2,1,16,47
0xa561ff,95.9427%,17,402,419,402,17,0,0
0x5c6b41,98.9281%,17,1569,1586,0,0,17,1569
0x98cca8,99.087%,17,1845,1862,0,0,17,1845
0xa4a0e1,84.9558%,17,96,113,50,17,0,46
0xa43cd4,96.9314%,17,537,554,0,0,17,537
0xa487f4,92.2727%,17,203,220,162,16,1,41
0x7c66c5,89.6341%,17,147,164,147,9,8,0
0x901a06,70.1754%,17,40,57,40,17,0,0
0xa583c9,86.1789%,17,106,123,0,0,17,106
0x5bd0c3,98.2365%,17,947,964,911,9,8,36
0xa022c7,98.5153%,17,1128,1145,0,0,17,1128
0x96a667,76.3889%,17,55,72,0,7,10,55
0x404eb2,76.3889%,17,55,72,55,17,0,0
0x80ebb7,95.3804%,17,351,368,351,17,0,0
0x4a6f8d,86.8217%,17,112,129,107,2,15,5
0x67f679,83.9623%,17,89,106,89,17,0,0
0x81390a,61.3636%,17,27,44,4,9,8,23
0xa8f863,57.5%,17,23,40,23,13,4,0
0xa35fe4,94.4444%,17,289,306,0,0,17,289
0xa355e0,94.3709%,17,285,302,285,17,0,0
0x5e4728,98.8734%,17,1492,1509,0,0,17,1492
0xa511ec,69.6429%,17,39,56,37,6,11,2
0x8aa985,99.5031%,17,3404,3421,0,0,17,3404
0x599159,99.6595%,17,4976,4993,0,0,17,4976
0x7c66b3,91.2821%,17,178,195,23,8,9,155
0x511d4f,97.9064%,17,795,812,417,11,6,378
0x4c2418,89.881%,17,151,168,150,9,8,1
0x819bd9,93.9716%,17,265,282,265,17,0,0
0x50ff7f,98.2402%,17,949,966,0,0,17,949
0xa27653,99.174%,17,2041,2058,2041,17,0,0
0x63bbee,98.231%,17,944,961,0,0,17,944
0x4801c3,10.5263%,17,2,19,2,17,0,0
0x40dd43,97.4046%,17,638,655,638,17,0,0
0x911cf9,97.3312%,17,620,637,620,17,0,0
0x4a6feb,92.4779%,17,209,226,159,5,12,50
0x818d4d,97.9444%,17,810,827,644,11,6,166
0x9fe5cf,87.3134%,17,117,134,29,15,2,88
0x8a6971,83.3333%,17,85,102,83,7,10,2
0x4a8ce4,56.4103%,17,22,39,16,3,14,6
0x405755,99.3657%,17,2663,2680,2546,12,5,117
0xa34be7,76.7123%,17,56,73,0,15,2,56
0x9e0076,98.4171%,17,1057,1074,921,5,12,136
0xb30b6f,94.9102%,17,317,334,0,0,17,317
0xa9746e,59.5238%,17,25,42,16,6,11,9
0x9fb2d1,58.5366%,17,24,41,24,17,0,0
0x806eaa,95.6633%,17,375,392,273,9,8,102
0x53b2a0,99.3027%,17,2421,2438,0,0,17,2421
0x4b50b7,86.7188%,17,111,128,3,5,12,108
0x908ef9,99.4972%,17,3364,3381,751,14,3,2613
0x973c9b,83.4951%,17,86,103,10,9,8,76
0x80a4a7,97.9953%,17,831,848,830,13,4,1
0x619a7e,15%,17,3,20,1,4,13,2
0x9098f1,99.0845%,17,1840,1857,1840,17,0,0
0xa03804,99.6809%,17,5311,5328,5311,17,0,0
0x4fdc65,92.6087%,17,213,230,134,14,3,79
0x557700,96.7054%,17,499,516,0,0,17,499
0x5c360c,97.6323%,17,701,718,701,17,0,0
0x78186e,96.6%,17,483,500,483,17,0,0
0x9bdd17,69.0909%,17,38,55,34,5,12,4
0x94e54e,94.5513%,17,295,312,6,2,15,289
0x88ea73,56.4103%,17,22,39,0,0,17,22
0x9f5533,78.75%,17,63,80,63,17,0,0
0x810896,77.3333%,17,58,75,1,1,16,57
0xad8021,99.7193%,17,6039,6056,0,0,17,6039
0x4bac6d,97.0639%,17,562,579,0,0,17,562
0x5fbd56,58.5366%,17,24,41,24,17,0,0
0x9bd583,69.0909%,17,38,55,28,15,2,10
0x8ff96d,82.2917%,17,79,96,79,17,0,0
0xa9056b,70.1754%,17,40,57,40,17,0,0
0xa45324,95.7286%,17,381,398,381,17,0,0
0x488c4c,91.3265%,17,179,196,66,13,4,113
0x499c4f,83.9623%,17,89,106,0,0,17,89
0x7229e8,95.0147%,17,324,341,0,2,15,324
0x9e762a,90.9091%,17,170,187,49,4,13,121
0x506202,97.3725%,17,630,647,0,0,17,630
0xa03868,99.6809%,17,5311,5328,5311,17,0,0
0x821c80,76.3889%,17,55,72,0,0,17,55
0x8f1da6,64.5833%,17,31,48,31,9,8,0
0x816b5e,98.8968%,17,1524,1541,189,11,6,1335
0x40dfbd,87.4074%,17,118,135,5,1,16,113
0x535685,89.0323%,17,138,155,138,17,0,0
0xa45ce1,86.7188%,17,111,128,53,11,6,58
0x4fd949,84.1121%,17,90,107,0,0,17,90
0xa90560,74.2424%,17,49,66,4,5,12,45
0x90aca2,91.7476%,17,189,206,189,17,0,0
0xa6c6e5,60.4651%,17,26,43,14,2,15,12
0x8104fa,66%,17,33,50,11,5,12,22
0xa26231,94.2568%,17,279,296,213,2,15,66
0x4a0252,87.6812%,17,121,138,0,0,17,121
0xa90a2f,90.6593%,17,165,182,162,7,10,3
0x542c99,98.629%,17,1223,1240,0,0,17,1223
0x8ef416,96.2306%,17,434,451,0,0,17,434
0x49fd32,98.5738%,17,1175,1192,0,0,17,1175
0x8a8f66,88.2353%,16,120,136,120,16,0,0
0x5ff45f,61.9048%,16,26,42,22,9,7,4
0x48a0a9,99.5927%,16,3912,3928,0,0,16,3912
0x59da57,68%,16,34,50,34,16,0,0
0x94e790,91.1111%,16,164,180,11,12,4,153
0xa90606,71.9298%,16,41,57,0,0,16,41
0x8ef12f,88.1481%,16,119,135,0,2,14,119
0xa46680,93.0736%,16,215,231,104,8,8,111
0xa4667b,93.4156%,16,227,243,4,8,8,223
0x4a7feb,82.6087%,16,76,92,0,0,16,76
0x901315,68%,16,34,50,0,0,16,34
0x9021db,92.1182%,16,187,203,77,9,7,110
0x649b49,84.9057%,16,90,106,90,14,2,0
0xad7e66,99.5353%,16,3427,3443,0,0,16,3427
0x901fd5,99.659%,16,4676,4692,0,0,16,4676
0x55915c,96.1538%,16,400,416,10,6,10,390
0x4c012f,91.9192%,16,182,198,83,3,13,99
0x50a2ca,88.2353%,16,120,136,0,0,16,120
0x80e4d7,98.1132%,16,832,848,832,11,5,0
0x5d8b3d,93.4959%,16,230,246,227,9,7,3
0x499cc9,81.3953%,16,70,86,70,16,0,0
0x80e9bc,97.0803%,16,532,548,506,14,2,26
0xa91986,61.9048%,16,26,42,0,0,16,26
0x5f1147,94.822%,16,293,309,1,9,7,292
0x5f0c84,86.4407%,16,102,118,73,11,5,29
0x639c39,97.5904%,16,648,664,0,12,4,648
0x543b27,92.3445%,16,193,209,0,0,16,193
0x542445,99.301%,16,2273,2289,0,0,16,2273
0x58cd13,91.3978%,16,170,186,16,5,11,154
0x508665,97.8378%,16,724,740,158,8,8,566
0x81f92e,99.2099%,16,2009,2025,0,0,16,2009
0x8e45e5,99.1907%,16,1961,1977,289,12,4,1672
0x9e03ee,98.2103%,16,878,894,45,14,2,833
0x4a7b96,71.9298%,16,41,57,41,16,0,0
0x5ef876,73.3333%,16,44,60,36,7,9,8
0x488ef4,93.1034%,16,216,232,216,16,0,0
0xa4d895,57.8947%,16,22,38,22,16,0,0
0x5c6acf,99.6048%,16,4033,4049,0,0,16,4033
0xa54f7f,68%,16,34,50,1,11,5,33
0x9f0adb,98.1481%,16,848,864,2,3,13,846
0xa57c76,60.9756%,16,25,41,4,10,6,21
0x9e718b,70.9091%,16,39,55,5,9,7,34
0xa01b61,76.4706%,16,52,68,5,8,8,47
0x555973,85.4545%,16,94,110,43,12,4,51
0x977af9,98.1859%,16,866,882,863,12,4,3
0xa429aa,98.259%,16,903,919,16,12,4,887
0x8050ab,94.0075%,16,251,267,244,8,8,7
0x48d878,99.1021%,16,1766,1782,0,0,16,1766
0x9f4ba7,94.7883%,16,291,307,288,15,1,3
0x810108,97.8836%,16,740,756,0,0,16,740
0xa4d3bd,76.1194%,16,51,67,51,16,0,0
0xaa3af9,71.9298%,16,41,57,25,13,3,16
0x9a4880,92.7273%,16,204,220,202,7,9,2
0x722a7d,80.2469%,16,65,81,1,14,2,64
0x9785ad,90.6977%,16,156,172,104,13,3,52
0x48319e,44.8276%,16,13,29,4,13,3,9
0x9f27ff,96.6245%,16,458,474,458,16,0,0
0x63b548,98.7749%,16,1290,1306,0,0,16,1290
0x81313e,99.3696%,16,2522,2538,0,0,16,2522
0x606962,92.8889%,16,209,225,209,16,0,0
0xa018c7,89.4737%,16,136,152,1,1,15,135
0x40452f,97.8052%,16,713,729,713,16,0,0
0x50f9cb,98.5185%,16,1064,1080,1064,16,0,0
0xa50ed7,90.303%,16,149,165,0,0,16,149
0xa32dcb,93.2489%,16,221,237,4,8,8,217
0xa4819b,93.2773%,16,222,238,186,7,9,36
0x5fb11d,61.9048%,16,26,42,6,3,13,20
0x90d227,97.3289%,16,583,599,0,0,16,583
0x5387af,99.4137%,16,2713,2729,2713,16,0,0
0x643b61,91.7098%,16,177,193,0,7,9,177
0x944aee,92.7928%,16,206,222,206,16,0,0
0x4ba577,95.7105%,16,357,373,20,11,5,337
0x5c6bf2,99.2551%,16,2132,2148,0,0,16,2132
0x97762e,98.8372%,16,1360,1376,1360,16,0,0
0xa9d29d,52.9412%,16,18,34,12,12,4,6
0x54ee07,62.7907%,16,27,43,12,16,0,15
0x816b59,98.0998%,16,826,842,631,4,12,195
0x488659,96.3801%,16,426,442,426,16,0,0
0x67c9db,90.1235%,16,146,162,0,0,16,146
0xa58fab,86.5546%,16,103,119,0,0,16,103
0x8e313f,99.1907%,16,1961,1977,1961,11,5,0
0x53d9fc,99.0105%,16,1601,1617,0,0,16,1601
0x63fa15,99.4322%,16,2802,2818,1847,10,6,955
0x53d964,91.623%,16,175,191,0,0,16,175
0x9e70ba,65.2174%,16,30,46,30,16,0,0
0x9ecefc,51.5152%,16,17,33,0,0,16,17
0xa9d366,61.9048%,16,26,42,24,16,0,2
0xa2f245,85.7143%,16,96,112,67,7,9,29
0x67f158,99.2883%,16,2232,2248,2130,10,6,102
0x5bda11,99.1675%,16,1906,1922,1906,12,4,0
0x8f57b8,95.8115%,16,366,382,184,7,9,182
0x48b173,81.3953%,16,70,86,29,14,2,41
0x90053b,99.9338%,16,24139,24155,0,0,16,24139
0xa22d53,76.1194%,16,51,67,1,1,15,50
0x591bd3,90.2439%,16,148,164,0,0,16,148
0xb376d8,99.7113%,16,5526,5542,5526,16,0,0
0x4bc869,82.9787%,16,78,94,78,16,0,0
0x8a8ba3,60.9756%,16,25,41,8,9,7,17
0x49f67b,66.6667%,16,32,48,12,12,4,20
0x8a9856,99.7991%,16,7950,7966,3298,14,2,4652
0x81ee77,98.2043%,16,875,891,875,14,2,0
0x8ebb3c,96.7146%,16,471,487,471,16,0,0
0x5f6d45,60%,16,24,40,8,3,13,16
0x8e1fdc,92.5234%,16,198,214,0,0,16,198
0xa42738,92.8889%,16,209,225,209,16,0,0
0x5facba,98.5361%,16,1077,1093,0,6,10,1077
0x5c6c64,96.6527%,16,462,478,0,0,16,462
0xa3fe73,42.8571%,16,12,28,3,7,9,9
0x9ea692,90.4192%,16,151,167,37,2,14,114
0x405717,99.9051%,16,16840,16856,0,0,16,16840
0x5412fc,99.7964%,16,7842,7858,7842,16,0,0
0x8216ee,95.3757%,16,330,346,7,7,9,323
0x805566,82.0225%,16,73,89,0,0,16,73
0x4a8561,64.4444%,16,29,45,0,0,16,29
0x49196b,77.7778%,16,56,72,1,6,10,55
0x9fe2dd,88.8889%,16,128,144,126,8,8,2
0x81e641,96.929%,16,505,521,466,9,7,39
0x5ff783,96.6805%,16,466,482,466,8,8,0
0x5f0c4b,95.2663%,16,322,338,2,3,13,320
0x8adc24,82.0225%,16,73,89,0,0,16,73
0x510faa,99.3461%,16,2431,2447,0,0,16,2431
0x944cd1,97.787%,16,707,723,707,16,0,0
0x9d1cab,77.4648%,16,55,71,20,2,14,35
0x50b96e,96.728%,16,473,489,351,3,13,122
0xa4fe9e,96.8379%,16,490,506,490,12,4,0
0x481787,57.8947%,16,22,38,22,16,0,0
0x80c3cd,88.7324%,16,126,142,125,16,0,1
0x807ba9,92.8251%,16,207,223,207,16,0,0
0x50eedf,80.7229%,16,67,83,2,3,13,65
0xa05910,68%,16,34,50,30,6,10,4
0xa52cef,95.5923%,16,347,363,347,16,0,0
0x9ab8dd,93.7255%,16,239,255,19,1,15,220
0xaa126a,56.7568%,16,21,37,21,12,4,0
0xa2e28c,94.3463%,16,267,283,208,11,5,59
0x4b4c1e,95.6873%,16,355,371,0,2,14,355
0x5b9bfa,81.6092%,16,71,87,6,8,8,65
0x499c66,69.8113%,16,37,53,37,16,0,0
0x6f54df,96.9349%,16,506,522,0,0,16,506
0x63c614,98.3351%,16,945,961,945,16,0,0
0xaada54,94.4444%,16,272,288,25,8,8,247
0xaa3347,98.3822%,16,973,989,973,16,0,0
0x58d2c1,82.6087%,16,76,92,23,7,9,53
0x944f94,96.9754%,16,513,529,342,5,11,171
0x547c9b,89.6104%,16,138,154,134,16,0,4
0x49ffe3,79.7468%,16,63,79,29,8,8,34
0x58ccd8,85.5856%,16,95,111,95,16,0,0
0x508ff2,57.8947%,16,22,38,11,7,9,11
0x804267,61.9048%,16,26,42,24,13,3,2
0x8f6e88,97.148%,16,545,561,0,0,16,545
0x90ca2d,99.2431%,16,2098,2114,0,0,16,2098
0xa4887e,91.0112%,16,162,178,0,0,16,162
0xaadbae,95.0769%,16,309,325,0,0,16,309
0xa916f3,91.7949%,16,179,195,150,9,7,29
0x910ed2,98.6831%,16,1199,1215,119,4,12,1080
0xb22be1,99.1435%,16,1852,1868,0,0,16,1852
0x99db21,23.8095%,16,5,21,5,16,0,0
0x8ee0c8,92%,16,184,200,21,9,7,163
0x94e140,96.1071%,16,395,411,395,16,0,0
0x502138,65.2174%,16,30,46,7,11,5,23
0x944729,92.7928%,16,206,222,206,16,0,0
0x8dc1ff,99.304%,16,2283,2299,666,2,14,1617
0x502126,79.4872%,16,62,78,0,0,16,62
0x8c87b3,96.4758%,16,438,454,3,9,7,435
0x7b6210,88.6525%,16,125,141,125,16,0,0
0x49dd74,42.8571%,16,12,28,0,0,16,12
0x40507c,99.5709%,16,3713,3729,0,6,10,3713
0x7c66a7,91.8782%,16,181,197,0,2,14,181
0x40f330,99.639%,16,4416,4432,4416,16,0,0
0xa9b2ef,64.4444%,16,29,45,29,16,0,0
0x4c6d4c,82.4176%,16,75,91,10,5,11,65
0x405e27,77.7778%,16,56,72,29,13,3,27
0xa2df25,58.9744%,16,23,39,12,10,6,11
0xa4586d,92.5926%,16,200,216,200,16,0,0
0x640d62,92%,16,184,200,184,16,0,0
0x805814,97.6912%,16,677,693,508,9,7,169
0x9ef471,68.6275%,16,35,51,19,10,6,16
0x489d35,99.5927%,16,3912,3928,3912,16,0,0
0x65a0a3,98.9637%,16,1528,1544,1452,11,5,76
0x970f31,99.4016%,16,2658,2674,0,0,16,2658
0x8e385f,92.2705%,16,191,207,154,5,11,37
0x9a9b56,86.7769%,16,105,121,105,16,0,0
0xa921d9,94.1176%,16,256,272,0,4,12,256
0x97b912,85.9649%,16,98,114,98,16,0,0
0x5df29c,74.6032%,16,47,63,29,1,15,18
0x5e355e,98.9467%,16,1503,1519,1495,14,2,8
0x480780,57.8947%,16,22,38,12,7,9,10
0x502797,98.6111%,16,1136,1152,1136,14,2,0
0xa5ce56,90.303%,16,149,165,149,16,0,0
0xa575ec,60.9756%,16,25,41,19,8,8,6
0x5ff23a,80.9524%,16,68,84,68,16,0,0
0xa28190,92.3445%,16,193,209,193,16,0,0
0x5ae263,75.7576%,16,50,66,14,11,5,36
0x49de37,83.6735%,16,82,98,21,7,9,61
0x8e9f77,99.0566%,16,1680,1696,0,12,4,1680
0x5c44a3,97.8523%,16,729,745,729,16,0,0
0x4b9195,0%,16,0,16,0,16,0,0
0x4c5231,95.2802%,16,323,339,323,16,0,0
0x58f858,89.1892%,16,132,148,60,14,2,72
0x8fdcf1,95.8005%,16,365,381,320,13,3,45
0x59c445,30.4348%,16,7,23,7,16,0,0
0x5b34ce,64.4444%,16,29,45,29,11,5,0
0x9e60dd,93.2773%,16,222,238,217,14,2,5
0xa50121,89.1892%,16,132,148,0,0,16,132
0x4a124d,98.5637%,16,1098,1114,11,7,9,1087
0x81bc86,92.1569%,16,188,204,188,4,12,0
0x606b04,92.8889%,16,209,225,209,16,0,0
0x50e10c,61.9048%,16,26,42,26,16,0,0
0x5062c8,97.527%,16,631,647,0,0,16,631
0x558d43,94.6667%,16,284,300,271,9,7,13
0xa49805,94.702%,16,286,302,10,12,4,276
0x83423d,94.1176%,16,256,272,0,0,16,256
0x4bae76,94.8553%,16,295,311,295,16,0,0
0x7236b0,98.8935%,16,1430,1446,0,0,16,1430
0xa46998,92.6267%,16,201,217,201,16,0,0
0xa46614,93.4156%,16,227,243,227,16,0,0
0x9e5dc2,54.2857%,16,19,35,7,11,5,12
0x8114a7,98.1132%,16,832,848,830,13,3,2
0x4a748a,77.7778%,16,56,72,56,16,0,0
0x48bc03,97.9772%,16,775,791,775,15,1,0
0x501363,99.0074%,16,1596,1612,0,0,16,1596
0x5570db,93.4156%,16,227,243,0,0,16,227
0x5f7a73,92.2705%,16,191,207,191,15,1,0
0x7c1e5e,91.8782%,16,181,197,10,0,16,171
0x8e4629,98.9481%,16,1505,1521,0,0,16,1505
0x4b498e,88.4058%,16,122,138,0,0,16,122
0x9aaf85,97.0803%,16,532,548,532,16,0,0
0xa942a0,90.3614%,16,150,166,144,14,2,6
0xa52623,87.3016%,16,110,126,2,2,14,108
0x9e2602,98.3193%,16,936,952,0,0,16,936
0x5af345,74.1935%,16,46,62,18,8,8,28
0x541ef0,95.6044%,16,348,364,348,16,0,0
0xa46299,60.9756%,16,25,41,25,16,0,0
0x814f63,72.8814%,16,43,59,39,2,14,4
0x5b1b17,64.4444%,16,29,45,29,16,0,0
0x58d1c5,82.6087%,16,76,92,60,12,4,16
0x4b64f7,89.6774%,16,139,155,27,13,3,112
0x8e2fda,93.2489%,16,221,237,221,12,4,0
0x5f55d6,75%,16,48,64,46,10,6,2
0x9aadae,97.0803%,16,532,548,327,16,0,205
0x4ba66a,95.7105%,16,357,373,0,0,16,357
0x5ebce3,92.9204%,16,210,226,205,6,10,5
0x8fe580,96.1631%,16,401,417,0,0,16,401
0x8f3217,80.9524%,16,68,84,61,11,5,7
0xa941c4,92.2705%,16,191,207,121,10,6,70
0x5f836a,40.7407%,16,11,27,5,1,15,6
0x780615,95.0617%,16,308,324,0,0,16,308
0x811c02,97.9194%,16,753,769,0,0,16,753
0x8bd6fb,99.2582%,16,2141,2157,17,3,13,2124
0x53ff13,96.2441%,16,410,426,0,0,16,410
0x51b358,96.7677%,16,479,495,68,3,13,411
0x809200,86.9919%,16,107,123,104,9,7,3
0x4bea3b,84.7619%,16,89,105,54,16,0,35
0x7f0417,90.4762%,16,152,168,8,5,11,144
0x8e37e1,89.9371%,16,143,159,143,16,0,0
0x9f580e,80%,16,64,80,41,9,7,23
0x9f5996,93.1915%,16,219,235,219,16,0,0
0x4a1b55,30.4348%,16,7,23,0,0,16,7
0xa41f9e,81.6092%,16,71,87,71,16,0,0
0x40e21d,96.3719%,16,425,441,1,3,13,424
0x8da542,98.5989%,16,1126,1142,1126,16,0,0
0xa60aad,77.7778%,16,56,72,56,16,0,0
0x5ffb9e,65.2174%,16,30,46,0,0,16,30
0x4bb903,71.4286%,16,40,56,0,0,16,40
0x53ebef,89.8734%,16,142,158,141,13,3,1
0x8a7384,98.2833%,16,916,932,0,0,16,916
0x6191a5,95.5307%,16,342,358,0,0,16,342
0x8e3368,95.3757%,16,330,346,320,10,6,10
0x627e30,56.7568%,16,21,37,12,10,6,9
0x4a71dc,97.4026%,16,600,616,0,0,16,600
0x8f4e6b,99.3613%,16,2489,2505,2489,16,0,0
0x4b5adb,70.3704%,16,38,54,19,8,8,19
0x8edb88,96.4523%,16,435,451,2,0,16,433
0x8de78f,79.4872%,16,62,78,0,0,16,62
0x9c3ea2,70.3704%,16,38,54,0,0,16,38
0x40e582,99.0413%,16,1653,1669,1653,16,0,0
0x4ba4d3,72.4138%,16,42,58,34,2,14,8
0x8f0b38,61.9048%,16,26,42,19,7,9,7
0x5936c4,98.7421%,16,1256,1272,0,0,16,1256
0x53ed42,89.6104%,16,138,154,0,0,16,138
0xb1c39f,84.3137%,16,86,102,0,0,16,86
0x64cc40,97.1581%,16,547,563,19,6,10,528
0x97ba82,85.9649%,16,98,114,96,6,10,2
0x81c95b,91.2088%,16,166,182,1,9,7,165
0x40ec39,98.4848%,16,1040,1056,116,10,6,924
0x4c446e,80%,16,64,80,49,11,5,15
0x4bacfe,92.6606%,16,202,218,202,8,8,0
0x50cbf4,57.8947%,16,22,38,22,16,0,0
0x50591e,80.4878%,16,66,82,66,16,0,0
0x50e61d,11.1111%,16,2,18,2,16,0,0
0x8e233d,99.7378%,16,6086,6102,0,0,16,6086
0x8dcb46,99.304%,16,2283,2299,663,5,11,1620
0x81fc0f,92.4171%,16,195,211,190,7,9,5
0x9fb17b,87.0968%,16,108,124,12,13,3,96
0x5028f2,92.8251%,16,207,223,113,13,3,94
0x9f6c5e,93.0736%,16,215,231,202,16,0,13
0x9c411d,95.5556%,16,344,360,344,16,0,0
0x9fc06f,94.7712%,16,290,306,75,16,0,215
0x5fc02f,44.8276%,16,13,29,6,4,12,7
0x9fbbce,94.7712%,16,290,306,290,16,0,0
0x98c980,85.3211%,16,93,109,0,0,16,93
0xa9105c,92.0792%,16,186,202,104,12,4,82
0xa39d2a,98.7851%,16,1301,1317,1301,16,0,0
0x8ed03b,72.4138%,16,42,58,2,8,8,40
0x537330,97.7011%,16,680,696,680,16,0,0
0x611564,51.5152%,16,17,33,17,16,0,0
0x991973,99.6644%,16,4751,4767,4751,16,0,0
0x9a1253,92.1951%,16,189,205,188,15,1,1
0x9e2168,86.4407%,16,102,118,96,15,1,6
0xa30f28,91.7949%,16,179,195,0,0,16,179
0x4bc30a,52.9412%,16,18,34,18,16,0,0
0xa903de,96.0976%,16,394,410,394,16,0,0
0x81e3ab,92.5581%,16,199,215,0,0,16,199
0x80d558,85.4545%,16,94,110,94,14,2,0
0xa47c42,58.9744%,16,23,39,0,0,16,23
0x5044dc,97.8378%,16,724,740,724,16,0,0
0x5c501a,84.466%,16,87,103,87,16,0,0
0x98cb43,92.381%,16,194,210,194,16,0,0
0x7dfa59,80.7229%,16,67,83,66,15,1,1
0x4bb796,92.233%,16,190,206,189,9,7,1
0xa399f5,97.4194%,16,604,620,604,16,0,0
0x95b04c,65.2174%,16,30,46,9,14,2,21
0x5bd931,98.3299%,16,942,958,942,16,0,0
0x4a9573,87.8788%,16,116,132,102,10,6,14
0x64beec,98.3773%,16,970,986,162,9,7,808
0x8a50b3,52.9412%,16,18,34,16,3,13,2
0xaa7f5c,96.9754%,16,513,529,0,0,16,513
0xa9c70b,88.7324%,16,126,142,126,16,0,0
0x9e247e,97.3422%,16,586,602,586,16,0,0
0x4ab506,52.9412%,16,18,34,15,13,3,3
0xb2dea9,98.01%,16,788,804,0,0,16,788
0xa3999a,94.1392%,16,257,273,257,16,0,0
0x5a916d,95.4674%,16,337,353,0,0,16,337
0x9e8620,60.9756%,16,25,41,25,16,0,0
0x9e1a27,86.6667%,16,104,120,104,16,0,0
0x4c1cdc,91.5789%,16,174,190,120,9,7,54
0x94ac80,80%,16,64,80,0,0,16,64
0x60843e,82.2222%,16,74,90,7,7,9,67
0x511712,98.9204%,16,1466,1482,1466,16,0,0
0x9e743c,96.4206%,16,431,447,5,8,8,426
0x64adc1,99.9239%,16,20998,21014,0,0,16,20998
0x648bfc,38.4615%,16,10,26,9,4,12,1
0x9ab44f,94.4637%,16,273,289,47,4,12,226
0x65a044,99.1791%,16,1933,1949,74,7,9,1859
0x9ab32c,96.1905%,16,404,420,0,0,16,404
0x49fb7c,96.2175%,16,407,423,0,14,2,407
0x409a9e,96.8379%,16,490,506,0,0,16,490
0x9f4162,51.5152%,16,17,33,0,0,16,17
0xa56775,75.7576%,16,50,66,37,11,5,13
0x8a9408,99.4805%,16,3064,3080,0,0,16,3064
0x48ba4d,81.3953%,16,70,86,68,16,0,2
0x5f88e5,84.6154%,16,88,104,86,6,10,2
0xa26452,99.4048%,16,2672,2688,0,0,16,2672
0x8efc1a,85.8407%,16,97,113,95,13,3,2
0xaada61,93.7255%,16,239,255,239,16,0,0
0x9f404b,51.5152%,16,17,33,7,3,13,10
0x4999b2,87.4016%,16,111,127,52,1,15,59
0x5f12ba,74.1935%,16,46,62,46,15,1,0
0x9eccec,86.6667%,16,104,120,3,7,9,101
0x9484a3,98.8904%,16,1426,1442,0,0,16,1426
0x8dc29e,97.9434%,16,762,778,660,8,8,102
0x9a648e,90.9091%,16,160,176,160,16,0,0
0x5c567e,93.0736%,16,215,231,5,3,13,210
0x5c7256,42.8571%,16,12,28,12,16,0,0
0x973c67,84.466%,16,87,103,87,16,0,0
0xb14870,99.6242%,16,4242,4258,4242,16,0,0
0xa4e5f3,78.9474%,16,60,76,60,16,0,0
0x648433,95.5801%,16,346,362,73,12,4,273
0x9f59e7,89.9371%,16,143,159,0,0,16,143
0x542f5b,99.2271%,16,2054,2070,2054,16,0,0
0x9a9a6f,97.0696%,16,530,546,1,4,12,529
0x8d9c13,99.2488%,16,2114,2130,0,0,16,2114
0x410057,67.3469%,16,33,49,13,5,11,20
0x9d06e8,75.3846%,16,49,65,25,9,7,24
0xa52d17,95.5923%,16,347,363,347,16,0,0
0x8fe423,93.1624%,16,218,234,111,7,9,107
0x503d12,69.2308%,16,36,52,0,0,16,36
0x4bf1d0,98.2796%,16,914,930,42,14,2,872
0x53375b,57.8947%,16,22,38,16,12,4,6
0x5f92ac,80%,16,64,80,14,5,11,50
0x793054,88.8112%,16,127,143,120,13,3,7
0x8c9349,97.2222%,16,560,576,0,5,11,560
0xa5baeb,77.7778%,16,56,72,0,7,9,56
0x548622,99.32%,16,2337,2353,2337,16,0,0
0xa901cd,74.6032%,16,47,63,34,4,12,13
0x534902,75.7576%,16,50,66,50,16,0,0
0x41057c,99.7161%,16,5620,5636,5620,16,0,0
0x8a3463,96.748%,16,476,492,476,12,4,0
0x806427,69.8113%,16,37,53,27,2,14,10
0x82251a,97.7369%,16,691,707,0,2,14,691
0x9a751c,50%,16,16,32,6,4,12,10
0x49ff53,98.9019%,16,1441,1457,850,6,10,591
0xa46c24,88.0597%,16,118,134,118,13,3,0
0x5b39ff,92.4883%,16,197,213,5,7,9,192
0x4c5255,95.2802%,16,323,339,14,7,9,309
0xa9d387,61.9048%,16,26,42,15,1,15,11
0x4bb6b1,89.8089%,16,141,157,0,0,16,141
0xaa7c60,75%,16,48,64,45,9,7,3
0x822866,98.9326%,16,1483,1499,1483,16,0,0
0x970ec6,99.1026%,16,1767,1783,0,0,16,1767
0x6097be,80.7229%,16,67,83,28,12,4,39
0xa9d219,75.7576%,16,50,66,28,14,2,22
0xa525f7,84.1584%,16,85,101,85,16,0,0
0x787d2d,93.8462%,16,244,260,3,3,13,241
0xa51c9a,57.8947%,16,22,38,15,15,1,7
0xa5758d,60.9756%,16,25,41,2,13,3,23
0x901ab3,93.6508%,16,236,252,0,2,14,236
0x50e519,82.4176%,16,75,91,0,0,16,75
0x40998e,90.9605%,16,161,177,161,14,2,0
0x8edad4,87.3016%,16,110,126,110,16,0,0
0xa238df,85.4545%,16,94,110,0,0,16,94
0x9f3b6f,57.8947%,16,22,38,17,4,12,5
0x5f7a06,92.2705%,16,191,207,0,0,16,191
0x9fbb94,94.7712%,16,290,306,77,14,2,213
0x977f2c,97.377%,16,594,610,568,2,14,26
0xa458c3,97.6778%,16,673,689,673,16,0,0
0xa54ccf,94.6488%,16,283,299,283,16,0,0
0x6492ef,78.3784%,16,58,74,53,15,1,5
0xaab0f2,79.4872%,16,62,78,0,0,16,62
0x7e11a2,40.7407%,16,11,27,4,6,10,7
0x50415a,87.0968%,16,108,124,46,16,0,62
0x4b49c4,88.4058%,16,122,138,6,1,15,116
0xa35eec,97.2556%,16,567,583,0,0,16,567
0x4bb26f,96.5293%,16,445,461,0,0,16,445
0x4c6ee0,80.7229%,16,67,83,0,0,16,67
0x808c93,98.6971%,16,1212,1228,0,0,16,1212
0x8a934a,99.4805%,16,3064,3080,0,0,16,3064
0x97313e,60.9756%,16,25,41,25,14,2,0
0x5b28fb,65.9574%,16,31,47,0,0,16,31
0xaa4863,93.9163%,16,247,263,101,13,3,146
0x494ecd,46.6667%,16,14,30,10,3,13,4
0xa4dea7,86.7769%,16,105,121,77,8,8,28
0x54faec,88.8112%,16,127,143,127,11,5,0
0xa34d8d,93.9623%,16,249,265,0,0,16,249
0x983da0,89.1304%,15,123,138,0,0,15,123
0xa46984,93.4783%,15,215,230,0,13,2,215
0x5d7f70,98.7913%,15,1226,1241,1226,15,0,0
0x4bc5c8,21.0526%,15,4,19,1,6,9,3
0xa05251,66.6667%,15,30,45,4,10,5,26
0x53c489,88.6364%,15,117,132,1,1,14,116
0xa466a2,84.375%,15,81,96,4,1,14,77
0xa9ed87,81.4815%,15,66,81,60,7,8,6
0x53a581,94.0239%,15,236,251,236,13,2,0
0x4994a3,92.6829%,15,190,205,190,10,5,0
0xaadabd,76.5625%,15,49,64,0,0,15,49
0x508a6a,84.0426%,15,79,94,77,6,9,2
0x541b95,96.6292%,15,430,445,0,0,15,430
0x4043cd,99.3713%,15,2371,2386,0,0,15,2371
0x498fe9,96.5675%,15,422,437,422,15,0,0
0xa2d67b,92.268%,15,179,194,179,15,0,0
0x4b6b66,75.4098%,15,46,61,29,6,9,17
0x556ca1,93.9271%,15,232,247,232,15,0,0
0xa44178,76.5625%,15,49,64,49,15,0,0
0xa58d94,87.069%,15,101,116,0,0,15,101
0xb32357,98.452%,15,954,969,954,15,0,0
0x8173a1,40%,15,10,25,1,8,7,9
0x5c6c46,99.3017%,15,2133,2148,0,2,13,2133
0x805f59,98.6251%,15,1076,1091,1076,11,4,0
0x9694d6,99.3729%,15,2377,2392,0,0,15,2377
0x48dc47,99.6639%,15,4448,4463,0,0,15,4448
0x507d3a,58.3333%,15,21,36,19,14,1,2
0x60de4d,81.4815%,15,66,81,48,7,8,18
0xa480fa,95.0331%,15,287,302,54,6,9,233
0x49f96b,98.8453%,15,1284,1299,0,0,15,1284
0x50c689,63.4146%,15,26,41,20,11,4,6
0x8e0f90,99.3802%,15,2405,2420,2403,1,14,2
0x5b0566,76.9231%,15,50,65,49,14,1,1
0x900898,73.6842%,15,42,57,29,10,5,13
0xb2edcb,93.7238%,15,224,239,0,4,11,224
0x9024bd,72.2222%,15,39,54,39,15,0,0
0x5f03fd,85.7143%,15,90,105,90,15,0,0
0xa548b2,72.2222%,15,39,54,39,15,0,0
0x4104f6,99.7339%,15,5621,5636,5621,15,0,0
0x816c96,98.5178%,15,997,1012,0,0,15,997
0xa08632,48.2759%,15,14,29,13,8,7,1
0x838076,85.5769%,15,89,104,84,4,11,5
0xa494b6,97.0356%,15,491,506,0,0,15,491
0x60e019,84.6939%,15,83,98,0,0,15,83
0x49636d,48.2759%,15,14,29,14,15,0,0
0xa30103,95.0166%,15,286,301,286,10,5,0
0x48e55b,90%,15,135,150,99,3,12,36
0x9746c7,77.9412%,15,53,68,46,3,12,7
0xa5bad2,79.1667%,15,57,72,0,0,15,57
0x537fab,99.8443%,15,9617,9632,0,0,15,9617
0x942c40,80%,15,60,75,0,0,15,60
0xa4a37c,63.4146%,15,26,41,3,7,8,23
0xa02423,97.2171%,15,524,539,0,0,15,524
0x5b26f9,68.0851%,15,32,47,32,15,0,0
0x98cd02,99.0798%,15,1615,1630,0,0,15,1615
0x50d8ca,78.5714%,15,55,70,51,6,9,4
0x54ec1e,99.2697%,15,2039,2054,0,0,15,2039
0xa50510,94.1634%,15,242,257,0,4,11,242
0x837d36,88.189%,15,112,127,112,15,0,0
0x901977,95.7983%,15,342,357,334,4,11,8
0x5ee239,91.5254%,15,162,177,162,15,0,0
0xa5f780,97.6153%,15,614,629,614,15,0,0
0x494dbf,50%,15,15,30,1,9,6,14
0x480102,60.5263%,15,23,38,16,3,12,7
0xa57ba4,80.7692%,15,63,78,28,11,4,35
0x5ff383,55.8824%,15,19,34,16,1,14,3
0x4bbace,92.6471%,15,189,204,189,14,1,0
0x4be9cd,89.2857%,15,125,140,101,4,11,24
0x4b654d,67.3913%,15,31,46,0,0,15,31
0x49c801,73.2143%,15,41,56,31,7,8,10
0x5feab4,71.6981%,15,38,53,38,15,0,0
0x58d418,73.6842%,15,42,57,40,5,10,2
0x8a8f1f,94.5652%,15,261,276,129,7,8,132
0x4b4a81,95.9569%,15,356,371,1,1,14,355
0x78d88c,97.5767%,15,604,619,0,0,15,604
0x944328,97.6489%,15,623,638,449,3,12,174
0xaa8081,97.1645%,15,514,529,251,15,0,263
0x9013d9,84.375%,15,81,96,35,11,4,46
0x8f5692,99.5925%,15,3666,3681,3661,8,7,5
0x4a7bfa,85.2941%,15,87,102,42,9,6,45
0x9a3243,73.2143%,15,41,56,15,0,15,26
0x9eb1bd,74.1379%,15,43,58,0,0,15,43
0x805eb0,98.6251%,15,1076,1091,0,0,15,1076
0x5fba8f,78.5714%,15,55,70,18,7,8,37
0x5fb6a6,80%,15,60,75,60,15,0,0
0x9778f0,85.9813%,15,92,107,60,11,4,32
0x6439a6,55.8824%,15,19,34,2,12,3,17
0x5407b9,97.6415%,15,621,636,585,15,0,36
0x59c992,81.25%,15,65,80,65,15,0,0
0xa5bb2e,61.5385%,15,24,39,4,3,12,20
0x94bc27,73.2143%,15,41,56,39,1,14,2
0x537c48,65.9091%,15,29,44,28,10,5,1
0x5c6aad,99.6295%,15,4034,4049,0,0,15,4034
0x534621,99.6531%,15,4309,4324,4309,15,0,0
0xa45f4b,89.9329%,15,134,149,0,0,15,134
0x984296,40%,15,10,25,5,8,7,5
0x51c998,98.7854%,15,1220,1235,1208,10,5,12
0x5ae0ae,44.4444%,15,12,27,12,15,0,0
0x5cb916,82.5581%,15,71,86,56,4,11,15
0x48f7a4,72.7273%,15,40,55,0,0,15,40
0xa26038,92.0213%,15,173,188,23,15,0,150
0x8b9e87,98.7245%,15,1161,1176,44,11,4,1117
0x9784a9,96.732%,15,444,459,0,0,15,444
0x4a02f1,65.9091%,15,29,44,29,15,0,0
0x8f3da2,91.3793%,15,159,174,0,0,15,159
0x5f7bdd,88.8889%,15,120,135,120,15,0,0
0x58c1fd,95.283%,15,303,318,303,15,0,0
0xa55d4b,81.9277%,15,68,83,68,11,4,0
0x9e6dcb,95.6647%,15,331,346,0,4,11,331
0x4996cc,88.189%,15,112,127,46,7,8,66
0xa42997,98.3678%,15,904,919,904,15,0,0
0x9805a9,84.5361%,15,82,97,42,5,10,40
0x53936f,88.6364%,15,117,132,93,13,2,24
0xa556aa,81.9277%,15,68,83,0,0,15,68
0x96b1a7,98.3462%,15,892,907,0,0,15,892
0xa585f9,95.6522%,15,330,345,0,0,15,330
0x488ddf,99.5959%,15,3697,3712,0,0,15,3697
0x6780c6,93.9024%,15,231,246,0,0,15,231
0x817201,90.625%,15,145,160,1,2,13,144
0x4047b5,97.557%,15,599,614,0,0,15,599
0x4fdc56,48.2759%,15,14,29,0,0,15,14
0x81049e,94.4444%,15,255,270,98,12,3,157
0x8f0c6a,82.7586%,15,72,87,16,1,14,56
0x7cfce5,99.2097%,15,1883,1898,1883,15,0,0
0x4041dc,93.617%,15,220,235,0,0,15,220
0x5970bc,96.8944%,15,468,483,0,0,15,468
0x7d0d12,97.2973%,15,540,555,167,5,10,373
0x54652b,95.7143%,15,335,350,335,15,0,0
0x53d862,55.8824%,15,19,34,18,11,4,1
0xa2f99f,81.9277%,15,68,83,0,0,15,68
0x556f0c,93.9271%,15,232,247,184,8,7,48
0xa2c1a8,51.6129%,15,16,31,3,3,12,13
0x489cfa,99.6264%,15,4000,4015,4000,15,0,0
0xa39575,97.9282%,15,709,724,709,15,0,0
0x7a11cc,57.1429%,15,20,35,1,5,10,19
0xa555eb,97.1963%,15,520,535,520,15,0,0
0x9f0c49,92.1053%,15,175,190,175,15,0,0
0x8136d4,95.4545%,15,315,330,315,15,0,0
0x81b7ec,92.6471%,15,189,204,189,3,12,0
0x642e59,57.1429%,15,20,35,0,0,15,20
0xa58e9c,90.9639%,15,151,166,141,4,11,10
0x9f55a8,81.25%,15,65,80,3,11,4,62
0x550a4f,55.8824%,15,19,34,9,12,3,10
0xa504c1,94.1634%,15,242,257,0,0,15,242
0x9519c8,90.1316%,15,137,152,5,11,4,132
0x406b12,97.6852%,15,633,648,633,15,0,0
0x889fb7,31.8182%,15,7,22,7,15,0,0
0x9d0b06,85.2941%,15,87,102,46,5,10,41
0x59003d,92.4242%,15,183,198,89,10,5,94
0x4aaa82,71.1538%,15,37,52,0,0,15,37
0x543a39,88.8889%,15,120,135,119,14,1,1
0x49fa41,90.4459%,15,142,157,4,11,4,138
0x943be2,89.2086%,15,124,139,124,15,0,0
0x66d3e2,99.2122%,15,1889,1904,1889,9,6,0
0xa2cc4f,98.3184%,15,877,892,0,0,15,877
0x9f551c,88.189%,15,112,127,38,9,6,74
0x9f3272,95.702%,15,334,349,334,15,0,0
0xa2d648,92.268%,15,179,194,179,15,0,0
0x409c7f,95.1613%,15,295,310,295,15,0,0
0x90e2fd,97.5124%,15,588,603,0,0,15,588
0x8a8c70,97.4359%,15,570,585,32,13,2,538
0x965fd0,81.9277%,15,68,83,0,0,15,68
0x50cd31,95.7143%,15,335,350,223,10,5,112
0x8bbb9d,59.4595%,15,22,37,0,0,15,22
0x8c8bb5,81.25%,15,65,80,2,11,4,63
0xa34214,91.1765%,15,155,170,0,0,15,155
0x5f134e,76.5625%,15,49,64,19,5,10,30
0x943ad1,89.3617%,15,126,141,126,6,9,0
0x538dba,88.3721%,15,114,129,114,15,0,0
0x5010fa,99.7562%,15,6138,6153,0,0,15,6138
0x9f4e4e,95.702%,15,334,349,115,7,8,219
0x65c320,76.9231%,15,50,65,0,2,13,50
0x819c37,77.2727%,15,51,66,25,9,6,26
0x48e90a,46.4286%,15,13,28,9,13,2,4
0xa91754,55.8824%,15,19,34,19,15,0,0
0x9427e1,99.1124%,15,1675,1690,1675,15,0,0
0x5fef2b,68.75%,15,33,48,33,15,0,0
0x5f1111,95.098%,15,291,306,280,7,8,11
0x67aca9,99.4559%,15,2742,2757,2742,15,0,0
0x510d18,95.1923%,15,297,312,297,15,0,0
0xa529b3,96.0106%,15,361,376,182,6,9,179
0x8f35bb,97.7099%,15,640,655,7,5,10,633
0x949639,97.3404%,15,549,564,549,15,0,0
0x8f488d,98.9154%,15,1368,1383,1368,15,0,0
0x5421a7,97.8663%,15,688,703,688,15,0,0
0x4993a2,64.2857%,15,27,42,27,15,0,0
0x9f2739,96.5278%,15,417,432,342,5,10,75
0x9e00e4,98.6034%,15,1059,1074,0,0,15,1059
0x9ef280,91.3793%,15,159,174,159,15,0,0
0x4894ee,98.2838%,15,859,874,859,15,0,0
0x8ddf28,67.3913%,15,31,46,0,0,15,31
0x6277e0,67.3913%,15,31,46,1,15,0,30
0x542ece,90.1961%,15,138,153,0,0,15,138
0x64c282,91.2281%,15,156,171,41,12,3,115
0x50487c,90.1316%,15,137,152,18,8,7,119
0x68374c,81.4815%,15,66,81,23,11,4,43
0xa4a70b,59.4595%,15,22,37,19,8,7,3
0x8fde6b,86.6071%,15,97,112,0,0,15,97
0x534ffa,76.5625%,15,49,64,49,15,0,0
0x81ed70,93.9516%,15,233,248,0,0,15,233
0x6492d4,85.8491%,15,91,106,0,0,15,91
0x50b7eb,97.307%,15,542,557,517,12,3,25
0x509614,81.7073%,15,67,82,0,0,15,67
0x7d2172,97.2973%,15,540,555,0,0,15,540
0x555e4a,75%,15,45,60,45,15,0,0
0x8e0265,98.4709%,15,966,981,966,15,0,0
0xa9c572,92.4623%,15,184,199,0,0,15,184
0x5020d2,89.8649%,15,133,148,0,0,15,133
0x919e01,95.5621%,15,323,338,323,15,0,0
0xa2e199,93.9759%,15,234,249,0,3,12,234
0x8df633,44.4444%,15,12,27,9,9,6,3
0x556e0c,85%,15,85,100,84,8,7,1
0x917bec,92.5%,15,185,200,185,15,0,0
0xa31b60,92.9577%,15,198,213,175,7,8,23
0x556d38,93.9271%,15,232,247,130,12,3,102
0x8fea4a,70%,15,35,50,1,5,10,34
0x4a6fae,94%,15,235,250,0,0,15,235
0x5021d3,88.5496%,15,116,131,0,0,15,116
0x5ea9b1,44.4444%,15,12,27,4,15,0,8
0x8a9648,83.871%,15,78,93,2,10,5,76
0x804f91,97.1042%,15,503,518,503,13,2,0
0x814b0d,94.1634%,15,242,257,0,0,15,242
0x8bd2c9,99.1429%,15,1735,1750,1735,15,0,0
0x5f8ee2,91.6201%,15,164,179,0,0,15,164
0x556b99,94.1176%,15,240,255,240,15,0,0
0x9ecf2d,65.1163%,15,28,43,27,13,2,1
0x9e841c,82.9545%,15,73,88,71,14,1,2
0x80f9fd,79.7297%,15,59,74,44,4,11,15
0x973d47,85.4369%,15,88,103,4,3,12,84
0x9a74a6,61.5385%,15,24,39,17,13,2,7
0x48a300,99.282%,15,2074,2089,0,0,15,2074
0x9f4390,85.1485%,15,86,101,0,0,15,86
0x509d33,97.2777%,15,536,551,132,4,11,404
0x552aa3,89.1304%,15,123,138,123,13,2,0
0x4c802b,78.2609%,15,54,69,0,0,15,54
0x7d2c17,97.5689%,15,602,617,251,15,0,351
0x9bdf73,79.1667%,15,57,72,28,10,5,29
0x490be5,63.4146%,15,26,41,17,9,6,9
0x9bdf96,68.75%,15,33,48,16,0,15,17
0x9a6f96,57.1429%,15,20,35,4,5,10,16
0x591ac4,99.613%,15,3861,3876,3861,15,0,0
0x9fddf4,40%,15,10,25,0,0,15,10
0x835d02,60.5263%,15,23,38,23,15,0,0
0x555fa3,93.9516%,15,233,248,2,1,14,231
0x8f4c27,91.4773%,15,161,176,91,9,6,70
0xa5493f,96.6814%,15,437,452,437,15,0,0
0xa944b5,67.3913%,15,31,46,14,3,12,17
0x9ab091,97.9784%,15,727,742,727,15,0,0
0x5559a0,77.6119%,15,52,67,51,12,3,1
0x4ace89,75.8065%,15,47,62,47,15,0,0
0x5b2b3a,66.6667%,15,30,45,0,0,15,30
0x50d8bd,78.5714%,15,55,70,48,5,10,7
0x53ec3f,90.2597%,15,139,154,139,10,5,0
0xaa9f67,44.4444%,15,12,27,12,15,0,0
0x48bd5b,85%,15,85,100,85,15,0,0
0x9c3eca,82.5581%,15,71,86,0,0,15,71
0xa96a42,59.4595%,15,22,37,0,0,15,22
0x8a93cf,98.9796%,15,1455,1470,0,0,15,1455
0x4be80f,44.4444%,15,12,27,9,6,9,3
0xa42971,98.3678%,15,904,919,904,15,0,0
0x5508fb,28.5714%,15,6,21,6,15,0,0
0x8fdc76,98.0366%,15,749,764,0,0,15,749
0x58c04c,80.2632%,15,61,76,3,3,12,58
0x9f01d4,86.8421%,15,99,114,99,15,0,0
0xa5eb5d,42.3077%,15,11,26,11,15,0,0
0x8ff0c8,91.4773%,15,161,176,161,15,0,0
0x5502bb,61.5385%,15,24,39,23,8,7,1
0x8aea2f,93.0876%,15,202,217,202,15,0,0
0x609653,81.9277%,15,68,83,0,0,15,68
0x9e0960,86.2385%,15,94,109,62,7,8,32
0x5cae61,98.7913%,15,1226,1241,0,0,15,1226
0xaa33d6,97.9893%,15,731,746,731,15,0,0
0xa95d59,97.3868%,15,559,574,548,8,7,11
0x81f002,98.3165%,15,876,891,876,13,2,0
0xa60a68,95.0658%,15,289,304,289,15,0,0
0x9f28f9,86.9565%,15,100,115,100,15,0,0
0xa06706,66.6667%,15,30,45,22,9,6,8
0xaa45ea,84.8485%,15,84,99,0,0,15,84
0x504e7d,60.5263%,15,23,38,0,0,15,23
0x821858,88.4615%,15,115,130,35,6,9,80
0x97bae4,90.3226%,15,140,155,28,13,2,112
0x81f2ef,65.9091%,15,29,44,15,6,9,14
0xa968fa,93.3628%,15,211,226,3,13,2,208
0x4a261e,95.2978%,15,304,319,0,0,15,304
0x542b76,98.7903%,15,1225,1240,1225,15,0,0
0x5462b3,95.7143%,15,335,350,0,0,15,335
0x81606f,54.5455%,15,18,33,9,10,5,9
0x4b87cf,46.4286%,15,13,28,4,13,2,9
0x627877,99.2881%,15,2092,2107,2092,15,0,0
0xa061a3,70%,15,35,50,21,0,15,14
0x8c757d,98.4144%,15,931,946,0,3,12,931
0x557344,79.7297%,15,59,74,59,15,0,0
0x403ce9,86.7257%,15,98,113,3,11,4,95
0x9c3bb4,58.3333%,15,21,36,21,15,0,0
0x80e638,96.5753%,15,423,438,359,6,9,64
0x534ce1,25%,15,5,20,5,15,0,0
0x8c900f,96.9262%,15,473,488,473,13,2,0
0x8ff1cc,91.1765%,15,155,170,74,4,11,81
0x8c82c9,53.125%,15,17,32,0,0,15,17
0x814973,98.7765%,15,1211,1226,1211,13,2,0
0xa30c3c,92.3077%,15,180,195,29,9,6,151
0x8103dd,97.2924%,15,539,554,0,0,15,539
0x9ee113,90.6832%,15,146,161,146,15,0,0
0x63f826,99.5648%,15,3432,3447,0,2,13,3432
0x80b35c,93.7238%,15,224,239,224,9,6,0
0x9f8873,50%,15,15,30,7,4,11,8
0x8ee6e1,96.5197%,15,416,431,0,0,15,416
0x543011,95.8791%,15,349,364,6,2,13,343
0xa95d23,97.678%,15,631,646,9,11,4,622
0x547f22,44.4444%,15,12,27,12,15,0,0
0x9edc70,76.5625%,15,49,64,49,15,0,0
0x9e090e,83.1461%,15,74,89,3,5,10,71
0x81ec86,93.0233%,15,200,215,1,9,6,199
0x8aed85,93.2735%,15,208,223,0,14,1,208
0xa3670e,87.069%,15,101,116,101,5,10,0
0x4c0df3,64.2857%,15,27,42,6,4,11,21
0xa97e39,0%,15,0,15,0,0,15,0
0x98ce77,99.1944%,15,1847,1862,1842,8,7,5
0x51c216,11.7647%,15,2,17,0,0,15,2
0xb18230,98.4787%,15,971,986,971,15,0,0
0x4ba79b,95.9786%,15,358,373,18,13,2,340
0x54663f,42.3077%,15,11,26,11,11,4,0
0x8f5612,99.4318%,15,2625,2640,0,0,15,2625
0x5ee16b,93.8017%,15,227,242,0,0,15,227
0x48a101,99.6326%,15,4068,4083,4068,15,0,0
0x81eb29,95.5224%,15,320,335,320,15,0,0
0x409f6e,50%,15,15,30,10,6,9,5
0x99e9d4,85.7143%,15,90,105,90,0,15,0
0x8e6a5f,98.3678%,15,904,919,84,7,8,820
0x5f05f9,88.189%,15,112,127,3,2,13,109
0x4b67c7,89.5833%,15,129,144,0,0,15,129
0xaa483e,94.2966%,15,248,263,248,15,0,0
0xa280ae,95.5224%,15,320,335,0,3,12,320
0x9e7a1b,91.1243%,15,154,169,12,12,3,142
0x5576db,96.6216%,15,429,444,0,0,15,429
0x40a624,68.75%,15,33,48,7,15,0,26
0x555d09,98.6124%,15,1066,1081,0,0,15,1066
0x49fb68,96.4539%,15,408,423,0,0,15,408
0x9a7364,53.125%,15,17,32,9,9,6,8
0x80e6d6,96.988%,15,483,498,403,12,3,80
0xa8ab82,81.9277%,15,68,83,0,0,15,68
0x8c728a,87.395%,15,104,119,3,9,6,101
0xa27515,95.3988%,15,311,326,0,0,15,311
0x66f54c,92.7184%,15,191,206,0,0,15,191
0x9feab6,62.5%,15,25,40,22,11,4,3
0x6097e7,85.1485%,15,86,101,0,0,15,86
0x9ef250,91.3793%,15,159,174,159,15,0,0
0x9f46bb,95.702%,15,334,349,334,15,0,0
0xa49809,94.6429%,15,265,280,237,1,14,28
0x64a4ad,79.7297%,15,59,74,56,12,3,3
0x8f3029,79.7297%,15,59,74,51,6,9,8
0x80ddd2,86.8421%,15,99,114,55,2,13,44
0x81d0cd,91.7582%,15,167,182,165,11,4,2
0x49baca,92.6471%,15,189,204,189,13,2,0
0x540a57,85.8491%,15,91,106,91,13,2,0
0xa2dfd2,95.2681%,15,302,317,0,0,15,302
0x9f88d4,50%,15,15,30,1,10,5,14
0x81f7b5,84.0426%,15,79,94,43,4,11,36
0x944877,87.2881%,15,103,118,103,15,0,0
0x5ff137,61.5385%,15,24,39,24,15,0,0
0xa941ed,88.3721%,15,114,129,76,13,2,38
0x4ba6d5,51.6129%,15,16,31,16,15,0,0
0x6117a5,80.2632%,15,61,76,28,5,10,33
0x8aaac2,21.0526%,15,4,19,0,0,15,4
0x8a9233,68.75%,15,33,48,13,8,7,20
0x4ba7a4,95.614%,15,327,342,42,6,9,285
0x9a7e19,65.1163%,15,28,43,15,3,12,13
0x8ae9e2,93.0876%,15,202,217,3,2,13,199
0x9a23f6,73.6842%,15,42,57,7,10,5,35
0x4a5b45,65.9091%,15,29,44,0,0,15,29
0x49c608,96.7177%,15,442,457,442,15,0,0
0x402e7c,55.8824%,15,19,34,0,0,15,19
0x4022fa,72.2222%,15,39,54,39,14,1,0
0x4a57c8,72.7273%,15,40,55,0,0,15,40
0xa59054,87.395%,15,104,119,97,13,2,7
0x5412c8,99.4361%,15,2645,2660,2645,15,0,0
0x534e38,99.4973%,15,2969,2984,0,0,15,2969
0x8091b7,93.2735%,15,208,223,208,15,0,0
0xa9c671,67.3913%,15,31,46,9,1,14,22
0xa95cec,73.6842%,15,42,57,0,0,15,42
0x53506a,85.8491%,15,91,106,5,1,14,86
0x63e4c9,98.9466%,15,1409,1424,1091,11,4,318
0x80f47a,91.4773%,15,161,176,0,0,15,161
0xaa4f2e,89.7959%,15,132,147,132,15,0,0
0x64032b,96.5358%,15,418,433,418,15,0,0
0x4c4c6c,70%,15,35,50,22,13,2,13
0x8a51f6,42.3077%,15,11,26,7,6,9,4
0x9c3ed5,82.5581%,15,71,86,0,0,15,71
0x53456e,99.6533%,15,4311,4326,0,0,15,4311
0x8ebe58,98.7864%,15,1221,1236,1221,13,2,0
0x91792d,92.5%,15,185,200,185,15,0,0
0x63d4ed,98.072%,15,763,778,763,15,0,0
0x60a933,97.4048%,15,563,578,563,15,0,0
0x54420f,73.6842%,15,42,57,29,2,13,13
0x49a2a5,87.069%,15,101,116,0,0,15,101
0xaa57c2,99.7627%,15,6307,6322,6307,15,0,0
0x5043bf,97.851%,15,683,698,665,13,2,18
0x8e0af9,99.3956%,15,2467,2482,496,9,6,1971
0x905c40,94.9664%,15,283,298,0,0,15,283
0x508d5d,72.7273%,15,40,55,0,6,9,40
0x8b9fca,62.5%,15,25,40,0,0,15,25
0x63b4b1,98.1481%,15,795,810,0,0,15,795
0x99bb26,92.1053%,15,175,190,0,0,15,175
0xb1493c,99.6477%,15,4243,4258,0,0,15,4243
0xa58f00,87.395%,15,104,119,0,0,15,104
0x9f9602,83.6957%,15,77,92,57,11,4,20
0xa59331,65.1163%,15,28,43,3,5,10,25
0x9d3322,72.7273%,15,40,55,40,15,0,0
0x901f8c,99.6803%,15,4677,4692,0,0,15,4677
0x5ffdc5,87.2881%,15,103,118,58,14,1,45
0x48b453,96.3145%,15,392,407,392,15,0,0
0xad7b17,98.0745%,15,764,779,764,15,0,0
0xb1b05e,96.5358%,15,418,433,0,0,15,418
0x81ea7b,98.749%,15,1184,1199,0,0,15,1184
0x4943e0,78.5714%,15,55,70,46,8,7,9
0xa4e70a,60.5263%,15,23,38,23,15,0,0
0x804509,44.4444%,15,12,27,0,0,15,12
0xa92ba7,93.3628%,15,211,226,211,15,0,0
0x542e07,99.3354%,15,2242,2257,0,0,15,2242
0x546949,94.9495%,15,282,297,281,8,7,1
0x8ffb13,94.6429%,15,265,280,265,15,0,0
0xa9d40d,25%,15,5,20,0,0,15,5
0xa57bcb,61.5385%,15,24,39,20,0,15,4
0x609e72,97.553%,15,598,613,598,15,0,0
0x50bce7,37.5%,15,9,24,5,15,0,4
0x80c17a,55.8824%,15,19,34,14,3,12,5
0x81ee31,97.1319%,15,508,523,508,13,2,0
0xa3a476,95.8904%,15,350,365,0,0,15,350
0xb37288,99.4179%,15,2562,2577,7,7,8,2555
0xa2df8b,60.5263%,15,23,38,0,4,11,23
0xa5717d,25%,15,5,20,5,15,0,0
0x5fa285,91.3295%,15,158,173,158,15,0,0
0xa31ece,79.7297%,15,59,74,18,10,5,41
0x8c80f6,99.2589%,15,2009,2024,2009,15,0,0
0x5baadc,99.2163%,15,1899,1914,1899,15,0,0
0x6084ac,83.3333%,15,75,90,63,13,2,12
0x494392,51.6129%,15,16,31,3,11,4,13
0x4ba745,51.6129%,15,16,31,0,0,15,16
0x51c79b,98.751%,15,1186,1201,1186,15,0,0
0x48a5fb,98.9662%,15,1436,1451,0,0,15,1436
0x48d7cb,97.9647%,15,722,737,0,0,15,722
0xa3117b,93.2735%,15,208,223,75,7,8,133
0x90b342,92.228%,15,178,193,0,0,15,178
0x9a0a80,46.4286%,15,13,28,13,15,0,0
0x9ef469,75%,15,45,60,1,8,7,44
0x78d85f,97.6562%,15,625,640,17,4,11,608
0x5fe9c9,95.3846%,15,310,325,271,2,13,39
0xa91bc0,89.0511%,15,122,137,0,0,15,122
0x8edb13,96.6741%,15,436,451,0,0,15,436
0x9a18bd,92.6108%,15,188,203,170,12,3,18
0x96aea1,67.3913%,15,31,46,31,15,0,0
0x643462,97.9973%,15,734,749,2,8,7,732
0xa3ff89,37.5%,15,9,24,9,15,0,0
0x4bccec,61.5385%,15,24,39,20,6,9,4
0x8bad38,96.6368%,15,431,446,3,0,15,428
0x9f4e8c,93.3921%,15,212,227,47,5,10,165
0x909163,99.1922%,15,1842,1857,1842,15,0,0
0x9f7af5,91.5254%,15,162,177,162,15,0,0
0xa5950e,92.5743%,15,187,202,3,12,3,184
0x8efe1e,58.3333%,15,21,36,19,3,12,2
0x8a7806,96.7742%,15,450,465,434,5,10,16
0x537362,97.8448%,15,681,696,0,0,15,681
0x4bbcc3,88.3721%,15,114,129,114,15,0,0
0x9e85a7,93.1507%,15,204,219,38,14,1,166
0x815805,96.5438%,15,419,434,10,4,11,409
0xa2a8ae,77.9412%,15,53,68,0,0,15,53
0x918dce,92.5%,15,185,200,185,15,0,0
0x8db6cb,97.5806%,15,605,620,91,1,14,514
0x8f56a0,99.5925%,15,3666,3681,3655,14,1,11
0xa02cc4,77.6119%,15,52,67,0,4,11,52
0x981411,79.4521%,15,58,73,6,0,15,52
0x97bad8,91.4773%,15,161,176,12,9,6,149
0x5fab0a,87.6033%,15,106,121,94,11,4,12
0x4b6a27,87.5%,15,105,120,89,5,10,16
0x5bd475,98.9641%,15,1433,1448,671,13,2,762
0x9d1ccc,60.5263%,15,23,38,11,5,10,12
0x9f2a50,92.9245%,15,197,212,100,8,7,97
0xa54110,97.8784%,15,692,707,0,0,15,692
0x8118e7,63.4146%,15,26,41,9,8,7,17
0x8dcdeb,97.9224%,15,707,722,704,14,1,3
0x4047a8,97.557%,15,599,614,12,0,15,587
0x541220,99.855%,15,10329,10344,10329,15,0,0
0xa025be,98.9946%,15,1477,1492,0,0,15,1477
0x8dca99,99.0803%,15,1616,1631,1612,15,0,4
0x4ba7c1,94.898%,15,279,294,279,15,0,0
0x80a596,98.6842%,15,1125,1140,1125,13,2,0
0x900a07,96.8037%,14,424,438,0,0,14,424
0x4b6d4e,86.1386%,14,87,101,28,2,12,59
0x53b8ad,90.2098%,14,129,143,122,10,4,7
0x51b361,96.6981%,14,410,424,0,0,14,410
0xa33832,63.1579%,14,24,38,4,9,5,20
0x53ef7f,92.3497%,14,169,183,0,5,9,169
0x49f9d1,91.0828%,14,143,157,14,1,13,129
0xa2b412,54.8387%,14,17,31,5,12,2,12
0x5c6cd0,97.5986%,14,569,583,0,0,14,569
0x48f070,89.1473%,14,115,129,11,11,3,104
0x9f95cc,87.156%,14,95,109,24,10,4,71
0xa394eb,98.0663%,14,710,724,0,0,14,710
0x40f3f2,99.5498%,14,3096,3110,0,0,14,3096
0x5b9cc7,46.1538%,14,12,26,9,10,4,3
0x9ab848,90.2778%,14,130,144,0,0,14,130
0x40203b,98.2801%,14,800,814,582,10,4,218
0x8a9860,99.6992%,14,4640,4654,0,0,14,4640
0xa54bb7,50%,14,14,28,12,8,6,2
0x40a30a,84.6154%,14,77,91,0,0,14,77
0x9ef42c,76.6667%,14,46,60,0,0,14,46
0x63a79a,93%,14,186,200,186,14,0,0
0x504d0b,76.2712%,14,45,59,37,12,2,8
0x5128e1,30%,14,6,20,0,9,5,6
0x9a702a,46.1538%,14,12,26,5,12,2,7
0x981335,81.3333%,14,61,75,54,8,6,7
0x402a0a,99.9392%,14,22996,23010,0,0,14,22996
0x4ca064,98.5059%,14,923,937,922,7,7,1
0x981c90,46.1538%,14,12,26,12,14,0,0
0xb31544,82.9268%,14,68,82,0,5,9,68
0x820d43,99.0028%,14,1390,1404,0,2,12,1390
0x481c15,63.1579%,14,24,38,17,12,2,7
0x53f225,96.7059%,14,411,425,0,0,14,411
0x7d0d31,96.3446%,14,369,383,369,14,0,0
0x4b4b74,94.6154%,14,246,260,0,0,14,246
0xa50a6c,61.1111%,14,22,36,15,7,7,7
0x9e3c96,98.9272%,14,1291,1305,0,7,7,1291
0x552b61,56.25%,14,18,32,15,13,1,3
0x9e747c,92.1348%,14,164,178,163,13,1,1
0x8dfd83,94.2149%,14,228,242,228,14,0,0
0x405e4f,68.1818%,14,30,44,6,14,0,24
0x945c7d,78.4615%,14,51,65,0,0,14,51
0xa46da3,95.3642%,14,288,302,238,4,10,50
0xa31fb8,61.1111%,14,22,36,22,14,0,0
0x94d65e,97.5177%,14,550,564,547,13,1,3
0x5d86f4,94.4444%,14,238,252,215,7,7,23
0x6680f1,99.387%,14,2270,2284,2270,14,0,0
0x9d071a,72.549%,14,37,51,37,14,0,0
0x4bbf01,98.5325%,14,940,954,0,0,14,940
0x5b2f33,93%,14,186,200,186,14,0,0
0x81ea6b,83.7209%,14,72,86,1,9,5,71
0x9aa0d4,92.1348%,14,164,178,113,11,3,51
0x410009,71.4286%,14,35,49,35,12,2,0
0xa548ba,96.7667%,14,419,433,0,0,14,419
0x543617,89.6296%,14,121,135,0,0,14,121
0x595dcc,98.212%,14,769,783,0,10,4,769
0x77ff3d,91.411%,14,149,163,0,9,5,149
0x81e94c,81.5789%,14,62,76,62,14,0,0
0x502ad3,86.9159%,14,93,107,90,12,2,3
0x8e924b,97.8593%,14,640,654,553,12,2,87
0x51c156,93.75%,14,210,224,9,14,0,201
0x60470f,92.0904%,14,163,177,0,0,14,163
0x5040bd,77.4194%,14,48,62,0,0,14,48
0x4a796c,97.8979%,14,652,666,0,6,8,652
0x782656,99.3311%,14,2079,2093,0,0,14,2079
0x8de8c3,93%,14,186,200,186,14,0,0
0x9f5009,91.716%,14,155,169,17,14,0,138
0xa5611f,92.3913%,14,170,184,0,0,14,170
0x51afaf,95.189%,14,277,291,277,13,1,0
0x504c78,87.037%,14,94,108,27,11,3,67
0x40aa26,74.0741%,14,40,54,14,12,2,26
0xa467ed,95.9538%,14,332,346,16,2,12,316
0x80941e,98.3491%,14,834,848,4,1,13,830
0x5e5e09,99.0722%,14,1495,1509,498,8,6,997
0x9e7fb5,90.0709%,14,127,141,2,9,5,125
0x98141d,79.7101%,14,55,69,6,7,7,49
0x5bb16e,73.5849%,14,39,53,38,8,6,1
0x9e7052,69.5652%,14,32,46,29,10,4,3
0x7dfb5c,80%,14,56,70,3,7,7,53
0xb32785,99.7827%,14,6428,6442,0,9,5,6428
0x8f3f9b,96.3731%,14,372,386,135,11,3,237
0x4a5c00,74.5455%,14,41,55,2,1,13,39
0xa473c2,61.1111%,14,22,36,22,14,0,0
0xaa3394,96.5347%,14,390,404,0,0,14,390
0x9693f7,83.7209%,14,72,86,72,14,0,0
0x9f588f,96.4467%,14,380,394,0,0,14,380
0x53d954,99.1602%,14,1653,1667,1634,8,6,19
0x5b9c44,87.5%,14,98,112,98,14,0,0
0x54230d,95.7831%,14,318,332,318,14,0,0
0x48e080,90%,14,126,140,14,11,3,112
0x5560f2,94.1667%,14,226,240,226,14,0,0
0x48ecfb,75.4386%,14,43,57,0,0,14,43
0x9e0bf6,17.6471%,14,3,17,0,0,14,3
0x535729,77.0492%,14,47,61,47,14,0,0
0xa08650,66.6667%,14,28,42,25,9,5,3
0x405a77,96.7593%,14,418,432,0,0,14,418
0x49971f,81.0811%,14,60,74,0,0,14,60
0x5cb06c,98.4305%,14,878,892,2,4,10,876
0x7a1119,60%,14,21,35,19,10,4,2
0xaa80cd,97.3535%,14,515,529,515,14,0,0
0x838887,82.5%,14,66,80,62,13,1,4
0x9093bc,99.6228%,14,3698,3712,3698,14,0,0
0x810015,97.2222%,14,490,504,430,4,10,60
0x533c1e,70.8333%,14,34,48,34,14,0,0
0x507ffb,97.561%,14,560,574,0,0,14,560
0x8e9fbe,99.4341%,14,2460,2474,0,0,14,2460
0xa45052,96.7667%,14,419,433,419,14,0,0
0x5fe9db,81.0811%,14,60,74,29,2,12,31
0xa271af,95.0704%,14,270,284,270,14,0,0
0xa49590,96.5347%,14,390,404,390,14,0,0
0x88e616,64.1026%,14,25,39,6,8,6,19
0x50c336,98.9576%,14,1329,1343,1329,14,0,0
0x9e4100,90.9091%,14,140,154,140,10,4,0
0x9178bb,90.9091%,14,140,154,9,3,11,131
0x94dd28,97.615%,14,573,587,573,14,0,0
0x5547cc,98.7868%,14,1140,1154,11,9,5,1129
0xa4deb0,61.1111%,14,22,36,12,4,10,10
0x543860,77.0492%,14,47,61,0,0,14,47
0x40e844,93.0348%,14,187,201,186,5,9,1
0x9a0ad5,50%,14,14,28,0,0,14,14
0xa91a90,92.8205%,14,181,195,0,0,14,181
0x4045e7,93.75%,14,210,224,2,5,9,208
0x595e6b,39.1304%,14,9,23,0,0,14,9
0xa95ff1,46.1538%,14,12,26,0,0,14,12
0x5078e8,97.6936%,14,593,607,593,14,0,0
0x40e167,97.7492%,14,608,622,3,1,13,605
0x5b9d79,70.8333%,14,34,48,34,9,5,0
0xa907cf,93.8596%,14,214,228,214,14,0,0
0xa48a86,92.1348%,14,164,178,164,14,0,0
0x90aaa7,98.5432%,14,947,961,947,14,0,0
0x4a8782,73.5849%,14,39,53,0,0,14,39
0x607039,87.8261%,14,101,115,85,10,4,16
0x5bc409,98.5522%,14,953,967,0,3,11,953
0x8d258f,94.1667%,14,226,240,226,14,0,0
0x80e9a0,97.3384%,14,512,526,21,9,5,491
0x58c548,58.8235%,14,20,34,0,0,14,20
0x661645,98.8933%,14,1251,1265,1251,14,0,0
0x51053f,98.8782%,14,1234,1248,0,0,14,1234
0x404b2c,88.3333%,14,106,120,0,0,14,106
0x9a1ed5,93.1034%,14,189,203,0,0,14,189
0x54381b,90.0709%,14,127,141,119,11,3,8
0x63b518,99.3384%,14,2102,2116,807,3,11,1295
0xb48b5e,98.6692%,14,1038,1052,3,1,13,1035
0x81f0f7,99.2739%,14,1914,1928,1914,14,0,0
0x40d2ef,88.5246%,14,108,122,60,8,6,48
0x9ef1b5,91.954%,14,160,174,160,14,0,0
0x9453ad,97.0276%,14,457,471,457,14,0,0
0x548235,99.795%,14,6815,6829,0,0,14,6815
0x8b9c32,99.3994%,14,2317,2331,2317,14,0,0
0x533c55,68.8889%,14,31,45,2,7,7,29
0x80eab5,97.3384%,14,512,526,0,0,14,512
0x5fe868,75.8621%,14,44,58,32,4,10,12
0x5f1151,95.3177%,14,285,299,285,11,3,0
0xa596e2,46.1538%,14,12,26,4,12,2,8
0x9e3692,58.8235%,14,20,34,0,0,14,20
0xa42944,99.5151%,14,2873,2887,889,2,12,1984
0x833d47,87.931%,14,102,116,101,13,1,1
0xaa03c8,87.8261%,14,101,115,76,1,13,25
0xa58fc4,88.2353%,14,105,119,6,6,8,99
0x49433a,79.1045%,14,53,67,49,5,9,4
0x9e73ba,96.5%,14,386,400,0,0,14,386
0x4a5caa,92.7083%,14,178,192,0,0,14,178
0x6437ab,64.1026%,14,25,39,0,0,14,25
0x808a5f,64.1026%,14,25,39,24,6,8,1
0x90023a,97.7492%,14,608,622,0,7,7,608
0x972556,93.6652%,14,207,221,207,14,0,0
0x4a591c,74.5455%,14,41,55,12,4,10,29
0x60a830,97.166%,14,480,494,480,14,0,0
0x481437,26.3158%,14,5,19,5,14,0,0
0x49b09c,94.9458%,14,263,277,0,0,14,263
0x40f35e,99.6841%,14,4418,4432,0,0,14,4418
0x9d02b4,96%,14,336,350,336,14,0,0
0xa32734,82.0513%,14,64,78,64,14,0,0
0xa4e631,81.5789%,14,62,76,0,0,14,62
0xa30b19,99.1706%,14,1674,1688,0,0,14,1674
0x9ed41d,94.636%,14,247,261,0,0,14,247
0xa5c3e3,85.1064%,14,80,94,14,8,6,66
0x5f0699,82.5%,14,66,80,0,12,2,66
0x50e55a,66.6667%,14,28,42,28,14,0,0
0x66f621,79.1045%,14,53,67,0,8,6,53
0xa55746,83.1325%,14,69,83,66,13,1,3
0x944235,92.9293%,14,184,198,184,14,0,0
0x9784ae,96.9499%,14,445,459,445,14,0,0
0x8dee12,99.3154%,14,2031,2045,0,0,14,2031
0x65a077,94.4664%,14,239,253,0,0,14,239
0x5f94c4,44%,14,11,25,0,9,5,11
0x81d383,92.0455%,14,162,176,162,14,0,0
0x54eccc,79.7101%,14,55,69,0,0,14,55
0x5030ba,99.6397%,14,3872,3886,0,0,14,3872
0xa327b6,74.5455%,14,41,55,1,4,10,40
0xa394c1,98.0663%,14,710,724,710,14,0,0
0x64c080,88.9764%,14,113,127,112,6,8,1
0x8080a5,98.3393%,14,829,843,268,14,0,561
0x402e64,91.8605%,14,158,172,51,12,2,107
0x4c8024,84.6154%,14,77,91,14,8,6,63
0x506ab8,73.5849%,14,39,53,8,8,6,31
0x539660,93.578%,14,204,218,107,2,12,97
0x9aa1c4,79.7101%,14,55,69,32,3,11,23
0xa974d8,90.604%,14,135,149,135,14,0,0
0x9e60c0,94.1176%,14,224,238,224,14,0,0
0x4b4eb0,65.8537%,14,27,41,27,12,2,0
0x50e57b,74.5455%,14,41,55,0,2,12,41
0xa46c68,85.4167%,14,82,96,82,14,0,0
0x5449f5,78.7879%,14,52,66,52,5,9,0
0x8aa859,98.0952%,14,721,735,0,0,14,721
0xa2de67,60%,14,21,35,2,3,11,19
0xa9b843,93.8865%,14,215,229,1,14,0,214
0x4ba33f,95.7055%,14,312,326,288,6,8,24
0x499724,81.0811%,14,60,74,60,14,0,0
0x502957,85.567%,14,83,97,29,6,8,54
0xa5aced,33.3333%,14,7,21,7,14,0,0
0x53ba97,96.4286%,14,378,392,250,10,4,128
0x48bfcd,90.1408%,14,128,142,0,1,13,128
0x4a6efc,98.3834%,14,852,866,0,0,14,852
0xa90b58,82.0513%,14,64,78,3,7,7,61
0x506448,84.9462%,14,79,93,79,14,0,0
0x9fb010,95.5272%,14,299,313,0,0,14,299
0x781828,87.6106%,14,99,113,97,10,4,2
0x40f817,95.1389%,14,274,288,69,7,7,205
0xa302de,92.8205%,14,181,195,72,13,1,109
0x9d0efa,94.7955%,14,255,269,0,0,14,255
0x58be69,81.5789%,14,62,76,0,0,14,62
0x4096fa,77.7778%,14,49,63,47,9,5,2
0x9d0142,96%,14,336,350,332,8,6,4
0x4c9e6f,98.4358%,14,881,895,881,10,4,0
0x9f270b,96.7593%,14,418,432,418,14,0,0
0xa437ff,96.1538%,14,350,364,0,0,14,350
0x9e3d92,91.954%,14,160,174,158,5,9,2
0x807760,88.0342%,14,103,117,3,1,13,100
0x5904ac,80.2817%,14,57,71,0,1,13,57
0x7c7069,92.8205%,14,181,195,29,7,7,152
0x402b3c,99.5261%,14,2940,2954,2940,14,0,0
0x90cedc,98.3373%,14,828,842,0,0,14,828
0x5f0f75,58.8235%,14,20,34,0,0,14,20
0x8040e2,76.6667%,14,46,60,0,0,14,46
0x4c076c,83.7209%,14,72,86,0,0,14,72
0x90a3fc,92.0455%,14,162,176,123,9,5,39
0x9a12b9,90.7895%,14,138,152,0,0,14,138
0xa18b38,67.4419%,14,29,43,12,11,3,17
0x78ad23,68.1818%,14,30,44,17,4,10,13
0x65c241,99.7067%,14,4760,4774,4760,14,0,0
0xa4568e,91.358%,14,148,162,147,3,11,1
0x48eb30,94.4664%,14,239,253,1,5,9,238
0x81ea3f,83.7209%,14,72,86,72,10,4,0
0x9d363e,74.5455%,14,41,55,41,14,0,0
0xb37683,99.7474%,14,5528,5542,0,0,14,5528
0xa02bc2,81.5789%,14,62,76,62,12,2,0
0x911732,93.578%,14,204,218,156,6,8,48
0x502f8a,91.7647%,14,156,170,156,14,0,0
0x8ec102,98.8673%,14,1222,1236,1222,14,0,0
0x49d798,81.8182%,14,63,77,60,13,1,3
0x8ff1f2,90.9091%,14,140,154,47,9,5,93
0x58ffa9,98.6193%,14,1000,1014,498,9,5,502
0x556bbe,94.5098%,14,241,255,3,5,9,238
0x5f8c8f,84.2697%,14,75,89,37,7,7,38
0xa27670,99.3197%,14,2044,2058,21,6,8,2023
0x54f0d4,67.4419%,14,29,43,0,0,14,29
0x6097b5,83.1325%,14,69,83,0,0,14,69
0x50a94c,89.7059%,14,122,136,18,7,7,104
0xa33aaa,98.9552%,14,1326,1340,1262,6,8,64
0x552a26,99.0071%,14,1396,1410,694,0,14,702
0x4b6961,90.9677%,14,141,155,0,0,14,141
0x675043,74.5455%,14,41,55,41,11,3,0
0x8fcd78,96.0784%,14,343,357,0,0,14,343
0x409d20,82.9268%,14,68,82,0,0,14,68
0x5439b3,89.6296%,14,121,135,121,14,0,0
0x5f7560,97.8756%,14,645,659,0,0,14,645
0x9ee578,96.5261%,14,389,403,389,14,0,0
0x9484bd,99.0291%,14,1428,1442,0,0,14,1428
0x4be276,66.6667%,14,28,42,9,6,8,19
0x5f85a8,94.2387%,14,229,243,0,0,14,229
0x9f4ec6,88.4298%,14,107,121,107,14,0,0
0x81f331,99.2739%,14,1914,1928,0,0,14,1914
0x5ff636,65%,14,26,40,26,14,0,0
0x8f6ccc,68.8889%,14,31,45,0,0,14,31
0x821f3e,90.2778%,14,130,144,59,13,1,71
0xa358f6,98.6014%,14,987,1001,0,0,14,987
0x9f7919,97.8125%,14,626,640,0,0,14,626
0x558a85,96.206%,14,355,369,355,14,0,0
0x9f78b3,98.2737%,14,797,811,0,0,14,797
0x8c87e3,96.9163%,14,440,454,438,12,2,2
0x95c626,96.1538%,14,350,364,350,14,0,0
0x9eb84e,87.037%,14,94,108,73,9,5,21
0x5509ff,72.549%,14,37,51,16,1,13,21
0x8a7780,83.908%,14,73,87,5,5,9,68
0x9a9648,72.549%,14,37,51,16,4,10,21
0xa9d18e,91.5152%,14,151,165,0,0,14,151
0x9a9d7f,88.7097%,14,110,124,0,0,14,110
0x907558,68.8889%,14,31,45,0,10,4,31
0x4c6ef4,57.5758%,14,19,33,19,14,0,0
0x791e58,68.8889%,14,31,45,29,10,4,2
0x618b67,80%,14,56,70,56,14,0,0
0x4beced,93.1034%,14,189,203,189,14,0,0
0x48bf3e,87.156%,14,95,109,91,8,6,4
0x9aad62,98.956%,14,1327,1341,1,4,10,1326
0x9e0b1d,94.6768%,14,249,263,0,0,14,249
0x81fcbb,85.7143%,14,84,98,76,8,6,8
0x9ec2a9,72%,14,36,50,30,3,11,6
0x80b974,92.9648%,14,185,199,185,12,2,0
0x4c0eec,66.6667%,14,28,42,8,2,12,20
0x534bf3,30%,14,6,20,0,0,14,6
0x972fd4,80.8219%,14,59,73,13,14,0,46
0x50b587,65%,14,26,40,26,14,0,0
0x53ef7b,90.9091%,14,140,154,140,14,0,0
0x9f44b2,91.195%,14,145,159,0,0,14,145
0xa5b544,54.8387%,14,17,31,6,6,8,11
0x817ccd,94.8148%,14,256,270,12,8,6,244
0xa50ca4,93.7778%,14,211,225,0,4,10,211
0x9c3f3f,83.7209%,14,72,86,4,11,3,68
0x5913ff,94.7368%,14,252,266,252,14,0,0
0x9aa105,74.0741%,14,40,54,14,7,7,26
0x9eddb4,89.8551%,14,124,138,124,14,0,0
0x8a3424,56.25%,14,18,32,16,12,2,2
0xaaa06a,48.1481%,14,13,27,13,14,0,0
0x9ed724,76.2712%,14,45,59,0,0,14,45
0x9f2494,82.9268%,14,68,82,0,0,14,68
0x555a2a,77.7778%,14,49,63,5,3,11,44
0xa583d1,88.6179%,14,109,123,0,0,14,109
0xa39c96,98.7132%,14,1074,1088,1074,14,0,0
0xb2fed8,99.6521%,14,4010,4024,4010,14,0,0
0x5bdbab,99.5775%,14,3300,3314,3300,14,0,0
0x99d974,89.1473%,14,115,129,0,2,12,115
0xa58583,88.2353%,14,105,119,0,0,14,105
0x94eec6,53.3333%,14,16,30,16,14,0,0
0x808a8a,64.1026%,14,25,39,23,7,7,2
0x911a82,99.242%,14,1833,1847,0,0,14,1833
0x98d006,99.1536%,14,1640,1654,1632,10,4,8
0x50b71b,68.1818%,14,30,44,0,2,12,30
0x4badb0,95.3947%,14,290,304,290,14,0,0
0x4936eb,67.4419%,14,29,43,27,7,7,2
0xa9d1a3,90.5405%,14,134,148,0,0,14,134
0x8ab061,98.3645%,14,842,856,842,14,0,0
0x4c1c71,95.1724%,14,276,290,276,14,0,0
0x8f4aff,99.4411%,14,2491,2505,2490,9,5,1
0xa495d4,96.5347%,14,390,404,390,14,0,0
0x48d636,99.6896%,14,4497,4511,0,0,14,4497
0x59119e,74.0741%,14,40,54,40,14,0,0
0x60b5ff,93.8326%,14,213,227,0,0,14,213
0x9026c5,98.8333%,14,1186,1200,0,0,14,1186
0x541410,87.3874%,14,97,111,64,7,7,33
0x9e1b12,88.1356%,14,104,118,104,14,0,0
0x90c286,99.3377%,14,2100,2114,0,0,14,2100
0x512849,30%,14,6,20,6,14,0,0
0x96c0c9,93.1034%,14,189,203,179,3,11,10
0x4ba35d,95.7055%,14,312,326,312,14,0,0
0x949520,83.3333%,14,70,84,70,14,0,0
0x541bef,77.7778%,14,49,63,4,5,9,45
0x8ee0e8,92.5532%,14,174,188,0,1,13,174
0x80cae5,99.8181%,14,7681,7695,0,0,14,7681
0x908fe1,99.2461%,14,1843,1857,0,0,14,1843
0x9fb006,95.5272%,14,299,313,0,0,14,299
0x81a2c0,97.1888%,14,484,498,484,14,0,0
0x5faf0b,41.6667%,14,10,24,3,9,5,7
0x556094,64.1026%,14,25,39,0,0,14,25
0x90430e,97.6311%,14,577,591,577,0,14,0
0x5bb8a4,98.5477%,14,950,964,950,14,0,0
0x5ff656,86.1386%,14,87,101,0,0,14,87
0x4b6c04,65%,14,26,40,19,12,2,7
0x8bcc2e,80%,14,56,70,56,14,0,0
0x805f37,93.8053%,14,212,226,0,0,14,212
0x8e4d93,99.0921%,14,1528,1542,1026,7,7,502
0x9ec0d2,48.1481%,14,13,27,12,12,2,1
0x8bccae,53.3333%,14,16,30,2,12,2,14
0x543f53,93.6364%,14,206,220,0,2,12,206
0x8efdac,88.0342%,14,103,117,3,1,13,100
0x8119a7,98.3491%,14,834,848,831,12,2,3
0x7ce160,99.267%,14,1896,1910,1896,14,0,0
0x9f19c1,96.3446%,14,369,383,0,0,14,369
0x80600c,95.977%,14,334,348,121,5,9,213
0x9ec030,92.4731%,14,172,186,172,4,10,0
0x81fc20,95.6656%,14,309,323,302,7,7,7
0x595dd8,98.1889%,14,759,773,0,4,10,759
0x482cdc,26.3158%,14,5,19,5,14,0,0
0x90a14a,98.6355%,14,1012,1026,955,6,8,57
0x8a8b8e,88.0342%,14,103,117,1,5,9,102
0x974720,90.7895%,14,138,152,138,14,0,0
0x8bcca2,73.5849%,14,39,53,20,3,11,19
0x48f877,70.2128%,14,33,47,21,10,4,12
0x9a7efb,44%,14,11,25,11,14,0,0
0x7847c1,60%,14,21,35,10,1,13,11
0xa45dcb,73.0769%,14,38,52,0,0,14,38
0x5d7dc8,98.8755%,14,1231,1245,1231,10,4,0
0x99f042,85.4167%,14,82,96,0,0,14,82
0xa573b6,65.8537%,14,27,41,5,10,4,22
0x7b2fc8,68.1818%,14,30,44,0,2,12,30
0x48398e,51.7241%,14,15,29,0,0,14,15
0xaa5da3,93.4272%,14,199,213,6,1,13,193
0x49af4e,90.604%,14,135,149,135,9,5,0
0xa53d2e,91.4634%,14,150,164,0,0,14,150
0x609bc0,94.4444%,14,238,252,0,0,14,238
0x9e4efd,76.6667%,14,46,60,30,10,4,16
0x5ef97e,83.1325%,14,69,83,59,7,7,10
0x64b552,99.2239%,14,1790,1804,1738,14,0,52
0x592b41,84.4444%,14,76,90,43,6,8,33
0x9a7261,53.3333%,14,16,30,16,5,9,0
0x5fa2d1,94.4664%,14,239,253,82,14,0,157
0x9a7bb4,95.1389%,14,274,288,0,0,14,274
0xa5103e,97.2332%,14,492,506,0,4,10,492
0x5feb46,73.5849%,14,39,53,34,7,7,5
0x9a0b37,50%,14,14,28,14,14,0,0
0x5f7d25,89.6296%,14,121,135,113,6,8,8
0x4b78d6,50%,14,14,28,0,0,14,14
0xa41a7f,99.5151%,14,2873,2887,2845,14,0,28
0x4c167c,92.9293%,14,184,198,179,7,7,5
0x5baa30,99.2685%,14,1900,1914,0,0,14,1900
0x4be3c6,74.0741%,14,40,54,0,2,12,40
0x5ff0b7,73.5849%,14,39,53,3,11,3,36
0x540b51,96.1644%,14,351,365,10,5,9,341
0x4bd71c,64.1026%,14,25,39,0,6,8,25
0x9f447c,84.6154%,14,77,91,65,4,10,12
0x54f1c7,65.8537%,14,27,41,10,3,11,17
0x49a2f0,0%,14,0,14,0,14,0,0
0x4c15d3,92.9293%,14,184,198,184,14,0,0
0x54370e,58.8235%,14,20,34,0,8,6,20
0x4c013e,87.5%,14,98,112,98,14,0,0
0x8dfe93,94.5736%,14,244,258,117,13,1,127
0x8aaa3c,77.7778%,14,49,63,49,14,0,0
0x54efa6,67.4419%,14,29,43,23,5,9,6
0x509ac0,97.3077%,14,506,520,0,0,14,506
0x903df2,73.0769%,14,38,52,0,0,14,38
0x537c24,68.1818%,14,30,44,30,14,0,0
0x9ebf2f,77.0492%,14,47,61,2,8,6,45
0xa54325,26.3158%,14,5,19,0,0,14,5
0x4bfdcd,63.1579%,14,24,38,4,9,5,20
0x67cb9f,83.3333%,14,70,84,70,14,0,0
0x8a688d,89.9281%,14,125,139,125,14,0,0
0x9a9b9e,88.4298%,14,107,121,107,14,0,0
0xb18186,98.607%,14,991,1005,991,14,0,0
0xa8a885,83.1325%,14,69,83,45,6,8,24
0xb1bae6,98.607%,14,991,1005,991,14,0,0
0x4a7b86,95%,14,266,280,264,10,4,2
0xa541da,97.971%,14,676,690,0,0,14,676
0x495051,50%,14,14,28,7,11,3,7
0x4886af,98.0501%,14,704,718,0,2,12,704
0x8e965b,98.8581%,14,1212,1226,1212,12,2,0
0x40a9a3,75.8621%,14,44,58,18,8,6,26
0x9f7b7c,84.7826%,14,78,92,4,9,5,74
0x94edff,53.3333%,14,16,30,16,14,0,0
0x54d7e4,64.1026%,14,25,39,3,13,1,22
0x781692,75%,14,42,56,34,13,1,8
0x900c71,95.8084%,14,320,334,320,14,0,0
0x8224d0,97.1253%,14,473,487,0,0,14,473
0x4c43be,62.1622%,14,23,37,23,14,0,0
0x81bcb0,53.3333%,14,16,30,8,10,4,8
0x55b390,98.6654%,14,1035,1049,0,0,14,1035
0xa51355,98.1555%,14,745,759,745,2,12,0
0x97ba0a,87.7193%,14,100,114,20,11,3,80
0x90400d,67.4419%,14,29,43,24,8,6,5
0x4b6b4c,77.0492%,14,47,61,22,10,4,25
0x908962,98.5432%,14,947,961,947,14,0,0
0x60dc2a,76.6667%,14,46,60,37,1,13,9
0x977d11,90.604%,14,135,149,0,0,14,135
0x5485d1,93.3333%,14,196,210,1,8,6,195
0x98c995,87.156%,14,95,109,0,0,14,95
0x4a7b5c,95.7704%,14,317,331,0,0,14,317
0xa15ee1,93.6364%,14,206,220,205,4,10,1
0x9fb824,95.4248%,14,292,306,0,0,14,292
0x784025,97.7456%,14,607,621,607,11,3,0
0x9c3936,89.1473%,14,115,129,115,14,0,0
0x977d64,90.2098%,14,129,143,3,11,3,126
0x8f19ac,70.8333%,14,34,48,0,0,14,34
0xaa806c,97.3535%,14,515,529,0,0,14,515
0xb22bd2,99.2505%,14,1854,1868,1854,14,0,0
0x505e1d,98.1081%,14,726,740,726,14,0,0
0xb183d6,98.607%,14,991,1005,991,14,0,0
0x8a7588,94.5736%,14,244,258,105,6,8,139
0x90190e,96.2865%,14,363,377,0,0,14,363
0x8ffc33,93.3333%,14,196,210,101,10,4,95
0x5488b0,78.125%,14,50,64,49,7,7,1
0x8f6e1b,78.125%,14,50,64,50,14,0,0
0x7d277f,97.1774%,14,482,496,377,8,6,105
0x95b024,69.5652%,14,32,46,32,14,0,0
0x6432cb,98.7654%,14,1120,1134,1120,14,0,0
0x9ed867,78.125%,14,50,64,50,14,0,0
0x53f092,91.1392%,14,144,158,143,11,3,1
0x8f5f6e,98.0226%,14,694,708,0,0,14,694
0x40ebc0,99.11%,14,1559,1573,0,0,14,1559
0x5e37c9,97.8495%,14,637,651,637,14,0,0
0x81067a,91.4634%,14,150,164,125,5,9,25
0x509684,56.25%,14,18,32,1,2,12,17
0x4b9df3,98.902%,14,1261,1275,360,10,4,901
0xa0248e,97.0213%,14,456,470,0,0,14,456
0x9e3fac,83.908%,14,73,87,0,0,14,73
0x5c4ca6,36.3636%,14,8,22,5,9,5,3
0x48f715,78.4615%,14,51,65,0,10,4,51
0x51c9a5,17.6471%,14,3,17,3,14,0,0
0xa56129,92.3913%,14,170,184,0,0,14,170
0x9e8659,65.8537%,14,27,41,0,0,14,27
0x9a12ac,90.7895%,14,138,152,0,0,14,138
0xa469c4,93.8053%,14,212,226,212,13,1,0
0x507db8,61.1111%,14,22,36,22,14,0,0
0x81696d,84.7826%,14,78,92,78,6,8,0
0x4a03b4,76.6667%,14,46,60,37,7,7,9
0x550171,89.7059%,14,122,136,122,14,0,0
0x8dc36e,99.1416%,14,1617,1631,1614,13,1,3
0x8de7ae,90.411%,14,132,146,132,14,0,0
0x6105b1,92.7461%,14,179,193,175,12,2,4
0x405043,33.3333%,14,7,21,7,14,0,0
0x40473c,97.7199%,14,600,614,600,14,0,0
0x8e4c5c,94.5736%,14,244,258,158,1,13,86
0x8e9b0c,30%,14,6,20,2,13,1,4
0xaa2983,88.7097%,14,110,124,110,14,0,0
0xaa7ef9,97.3535%,14,515,529,0,0,14,515
0x4831c1,51.7241%,14,15,29,0,0,14,15
0x9a5edf,0%,14,0,14,0,14,0,0
0x9f4009,87.7193%,14,100,114,1,12,2,99
0x8f6ce8,68.8889%,14,31,45,17,13,1,14
0xa89581,80%,14,56,70,3,5,9,53
0x512823,96.3918%,14,374,388,358,10,4,16
0xb3258b,98.5552%,14,955,969,955,14,0,0
0x550ef5,46.1538%,14,12,26,12,14,0,0
0x9e2d45,51.7241%,14,15,29,10,3,11,5
0x790fc7,68.8889%,14,31,45,10,0,14,21
0xa9754f,90.604%,14,135,149,135,14,0,0
0xa2f029,83.3333%,14,70,84,0,0,14,70
0x901ae0,94.4%,14,236,250,236,14,0,0
0x5575ed,74.5455%,14,41,55,23,5,9,18
0x40dfb4,89.6296%,14,121,135,5,1,13,116
0xaa2d5c,95.3947%,14,290,304,0,0,14,290
0x5389b4,99.7613%,14,5852,5866,0,0,14,5852
0x80a8ed,98.3393%,14,829,843,2,0,14,827
0x495a5c,79.1045%,14,53,67,13,13,1,40
0x99f1cc,92.7835%,14,180,194,173,1,13,7
0x81e9fa,90.7895%,14,138,152,68,8,6,70
0x5ef9ab,17.6471%,14,3,17,3,14,0,0
0x4b4f8b,69.5652%,14,32,46,25,6,8,7
0x54f1cc,67.4419%,14,29,43,3,3,11,26
0xa4bbdf,97.7162%,14,599,613,0,4,10,599
0x64e032,96.0114%,14,337,351,0,0,14,337
0x8deeee,98.4199%,14,872,886,7,1,13,865
0x7e1183,65%,14,26,40,10,3,11,16
0x49a454,50%,13,13,26,3,7,6,10
0xa948f4,97.0982%,13,435,448,435,13,0,0
0x9f791e,97.9688%,13,627,640,627,13,0,0
0x9b9253,84.3373%,13,70,83,70,11,2,0
0x9be475,72.9167%,13,35,48,9,7,6,26
0x81ca76,92.4419%,13,159,172,0,2,11,159
0xa5390c,7.14286%,13,1,14,0,0,13,1
0x48e6fb,87.2549%,13,89,102,89,13,0,0
0x8f4c80,99.4724%,13,2451,2464,0,0,13,2451
0xa3b239,94.2982%,13,215,228,0,0,13,215
0x534ab3,76.7857%,13,43,56,43,13,0,0
0xa592da,88.0734%,13,96,109,93,11,2,3
0x9429dc,91.0959%,13,133,146,133,13,0,0
0xa90fd2,93.3333%,13,182,195,0,0,13,182
0x666fcd,89.0756%,13,106,119,106,13,0,0
0x8a90d6,98.8139%,13,1083,1096,50,5,8,1033
0x816896,94.2478%,13,213,226,170,9,4,43
0x406c1a,97.7966%,13,577,590,577,13,0,0
0xa28113,93.7799%,13,196,209,195,11,2,1
0xa43c50,87.7358%,13,93,106,45,13,0,48
0x48e588,72.9167%,13,35,48,0,1,12,35
0x4996d9,82.4324%,13,61,74,61,13,0,0
0xa58e1c,88.7931%,13,103,116,0,12,1,103
0x8fe8c9,91.6667%,13,143,156,0,0,13,143
0x9e2503,95.4064%,13,270,283,130,3,10,140
0x66f672,48%,13,12,25,8,10,3,4
0x5f8e07,96.5147%,13,360,373,0,4,9,360
0xa58661,18.75%,13,3,16,3,13,0,0
0x82133e,99.6373%,13,3571,3584,3571,13,0,0
0xa90fa2,53.5714%,13,15,28,15,13,0,0
0x4b4984,90.5797%,13,125,138,0,0,13,125
0x81c4df,96.8137%,13,395,408,0,4,9,395
0xa35f31,74%,13,37,50,13,6,7,24
0xa3a4f1,97.8261%,13,585,598,585,13,0,0
0xa91707,63.8889%,13,23,36,0,0,13,23
0x53dc61,89.7638%,13,114,127,109,8,5,5
0x9a9c47,95.1673%,13,256,269,256,13,0,0
0xa2fdbd,94.2982%,13,215,228,108,9,4,107
0x9f7a80,85.8696%,13,79,92,79,13,0,0
0x80e523,84.3373%,13,70,83,4,6,7,66
0x9a6423,92.6136%,13,163,176,163,13,0,0
0x404409,99.3973%,13,2144,2157,726,5,8,1418
0xa2ec0d,79.6875%,13,51,64,51,13,0,0
0x8194c9,87.8505%,13,94,107,22,5,8,72
0xa55b80,84.3373%,13,70,83,70,13,0,0
0x8e030e,97.7193%,13,557,570,0,0,13,557
0x50f98b,98.169%,13,697,710,21,9,4,676
0x49980d,69.7674%,13,30,43,16,9,4,14
0x5e7864,82.1918%,13,60,73,0,0,13,60
0x8ed08a,93.299%,13,181,194,180,5,8,1
0x48a1bb,80.8824%,13,55,68,55,13,0,0
0x8e5f76,95.1673%,13,256,269,256,13,0,0
0x51b15a,23.5294%,13,4,17,4,13,0,0
0x53581f,77.193%,13,44,57,35,12,1,9
0x48f761,80%,13,52,65,44,11,2,8
0xa58737,92.1687%,13,153,166,48,2,11,105
0x9f95e3,82.6667%,13,62,75,19,3,10,43
0x5f00e5,92.8571%,13,169,182,169,13,0,0
0x547431,78.6885%,13,48,61,48,13,0,0
0x40cec3,84.8837%,13,73,86,73,11,2,0
0x94ef4a,78.3333%,13,47,60,19,11,2,28
0x8eed3a,96.1538%,13,325,338,0,0,13,325
0xa2cad5,98.5426%,13,879,892,0,0,13,879
0x4bc7df,93.0851%,13,175,188,49,12,1,126
0xa28a1b,18.75%,13,3,16,0,0,13,3
0xa5edaf,97.6909%,13,550,563,0,0,13,550
0x6400a1,99.2999%,13,1844,1857,1844,13,0,0
0x99a93f,87.2549%,13,89,102,89,13,0,0
0x410292,92.1212%,13,152,165,106,5,8,46
0x9e286c,96.6057%,13,370,383,370,13,0,0
0x4c2592,92.2619%,13,155,168,155,13,0,0
0x81de0d,99.5324%,13,2767,2780,2767,6,7,0
0x53fe9b,99.2533%,13,1728,1741,1728,13,0,0
0x9ff62e,40.9091%,13,9,22,6,3,10,3
0x4994f6,78.3333%,13,47,60,47,13,0,0
0x80f6e9,82.4324%,13,61,74,0,4,9,61
0x48d67f,81.1594%,13,56,69,0,0,13,56
0x9eedcd,94.3478%,13,217,230,0,0,13,217
0x90f214,96.75%,13,387,400,199,1,12,188
0x67a6db,99.5285%,13,2744,2757,2744,13,0,0
0xad7c10,85.0575%,13,74,87,4,7,6,70
0x90b356,98.3073%,13,755,768,755,13,0,0
0x4bc6d8,94.3723%,13,218,231,218,13,0,0
0x50bfaa,80.303%,13,53,66,51,2,11,2
0x8e89dc,99.6319%,13,3519,3532,3519,13,0,0
0x9f0447,93.5644%,13,189,202,27,12,1,162
0x50eeef,83.3333%,13,65,78,9,9,4,56
0xa58e6a,91.0959%,13,133,146,0,0,13,133
0x9f2a15,87.5%,13,91,104,91,13,0,0
0x50eecc,84.3373%,13,70,83,70,4,9,0
0x9485e8,99.0985%,13,1429,1442,1429,13,0,0
0x537357,98.1322%,13,683,696,683,13,0,0
0x542038,98.1508%,13,690,703,690,13,0,0
0xa9dec9,68.2927%,13,28,41,27,13,0,1
0x8c7e0f,98.3689%,13,784,797,9,7,6,775
0x9f0c0b,86.3158%,13,82,95,0,0,13,82
0xb471dd,99.4798%,13,2486,2499,0,0,13,2486
0x9f9991,68.2927%,13,28,41,11,8,5,17
0x54f08c,69.7674%,13,30,43,2,4,9,28
0x8104c3,72.9167%,13,35,48,6,0,13,29
0xb22b60,99.3041%,13,1855,1868,0,0,13,1855
0x53fd2a,95.6811%,13,288,301,0,0,13,288
0x51b149,23.5294%,13,4,17,0,13,0,4
0x5bba93,99.0728%,13,1389,1402,1389,11,2,0
0x816f37,98.467%,13,835,848,832,11,2,3
0xa942d9,91.7722%,13,145,158,16,8,5,129
0x5f0f9a,61.7647%,13,21,34,21,13,0,0
0x9e08fe,96.3068%,13,339,352,257,6,7,82
0x609ce8,96.3173%,13,340,353,0,0,13,340
0xa335c4,99.5149%,13,2667,2680,0,0,13,2667
0x7d0ef7,96.7901%,13,392,405,359,10,3,33
0x667028,51.8519%,13,14,27,0,0,13,14
0x8fe56b,99.7259%,13,4730,4743,0,0,13,4730
0x9799b2,70.4545%,13,31,44,6,2,11,25
0x8c813c,99.3577%,13,2011,2024,126,8,5,1885
0x53ef5d,91.5584%,13,141,154,0,0,13,141
0x4a75af,81.9444%,13,59,72,0,0,13,59
0x49bfe4,97.4257%,13,492,505,0,6,7,492
0x81d003,92.8571%,13,169,182,0,5,8,169
0x4ba139,88.0734%,13,96,109,25,8,5,71
0xa5cfc7,88.6957%,13,102,115,2,5,8,100
0x9f7c50,0%,13,0,13,0,0,13,0
0x98b2c2,94.0909%,13,207,220,0,0,13,207
0x8136e8,96.0606%,13,317,330,317,13,0,0
0xa5944b,93.8679%,13,199,212,0,0,13,199
0x90b20b,94.5607%,13,226,239,226,13,0,0
0x9bd1b5,76.3636%,13,42,55,0,0,13,42
0x971491,40.9091%,13,9,22,3,4,9,6
0x4b9fab,82.8947%,13,63,76,0,0,13,63
0x808899,94.3723%,13,218,231,218,13,0,0
0x40f4b0,99.7067%,13,4419,4432,4419,13,0,0
0xa55071,95.5326%,13,278,291,0,0,13,278
0x503c9b,95.8065%,13,297,310,254,4,9,43
0xb2fb5e,99.8216%,13,7273,7286,0,0,13,7273
0x640337,99.4549%,13,2372,2385,1855,2,11,517
0x54f3b4,98.6974%,13,985,998,0,0,13,985
0x8f469c,99.481%,13,2492,2505,0,0,13,2492
0x4bd796,51.8519%,13,14,27,0,0,13,14
0x96b6c4,74%,13,37,50,2,9,4,35
0x5f768b,89.6%,13,112,125,90,5,8,22
0x6661dc,72.9167%,13,35,48,35,13,0,0
0x8f6afb,96.131%,13,323,336,162,6,7,161
0x5af0f8,98.373%,13,786,799,0,0,13,786
0x94e9e8,78.3333%,13,47,60,20,10,3,27
0x788055,74%,13,37,50,37,13,0,0
0x53f3f2,93.5644%,13,189,202,189,9,4,0
0xa338a9,88.7931%,13,103,116,1,6,7,102
0x9fc0b2,95.7516%,13,293,306,293,13,0,0
0x49ff83,99.1078%,13,1444,1457,0,0,13,1444
0x9f4e9c,92.5714%,13,162,175,52,2,11,110
0x8a6f4c,96.8825%,13,404,417,404,13,0,0
0x8da758,96.4865%,13,357,370,357,7,6,0
0x8f0c1d,72.9167%,13,35,48,35,13,0,0
0x7d2b02,96.6234%,13,372,385,369,3,10,3
0x550a88,74.5098%,13,38,51,0,0,13,38
0x9f6a17,35%,13,7,20,7,13,0,0
0x8ddad2,94.7581%,13,235,248,129,7,6,106
0x511948,93.8679%,13,199,212,0,0,13,199
0x4bb941,88.3929%,13,99,112,43,13,0,56
0x8eb55e,64.8649%,13,24,37,24,13,0,0
0x640560,93.5%,13,187,200,187,13,0,0
0x8e03e6,98.4795%,13,842,855,842,13,0,0
0x9fe263,85.5556%,13,77,90,77,13,0,0
0x50e169,69.0476%,13,29,42,29,13,0,0
0x53969e,88.0734%,13,96,109,0,0,13,96
0x49ded9,53.5714%,13,15,28,0,0,13,15
0x41011a,99.8866%,13,11455,11468,0,0,13,11455
0x4051f3,90.1515%,13,119,132,0,0,13,119
0x618a01,81.4286%,13,57,70,0,0,13,57
0x503937,71.7391%,13,33,46,33,13,0,0
0x8bcbe3,81.4286%,13,57,70,44,0,13,13
0x81bcfb,86.0215%,13,80,93,1,4,9,79
0xa3532d,99.3176%,13,1892,1905,0,3,10,1892
0x507886,98.2432%,13,727,740,163,3,10,564
0x540a07,98.248%,13,729,742,729,13,0,0
0xa318e1,90.2985%,13,121,134,0,0,13,121
0xa92567,94.9416%,13,244,257,39,11,2,205
0x5572c5,94.6502%,13,230,243,230,13,0,0
0x59e611,84.5238%,13,71,84,51,5,8,20
0x80b5eb,98.8596%,13,1127,1140,1127,11,2,0
0x4036ea,98.3565%,13,778,791,0,0,13,778
0xa34a5c,92.6554%,13,164,177,123,13,0,41
0xada7bd,99.8133%,13,6949,6962,0,0,13,6949
0x810918,95.0758%,13,251,264,2,9,4,249
0x5912dc,94.7154%,13,233,246,0,0,13,233
0x54489c,98.7701%,13,1044,1057,1044,13,0,0
0x8d3b2b,94.7368%,13,234,247,0,1,12,234
0x8aa909,99.62%,13,3408,3421,0,0,13,3408
0x94b456,75.4717%,13,40,53,40,13,0,0
0x403bfa,95.6229%,13,284,297,0,0,13,284
0x643715,66.6667%,13,26,39,26,13,0,0
0xa34afb,84.1463%,13,69,82,1,6,7,68
0x5bd916,98.643%,13,945,958,945,13,0,0
0x50d37f,97.3948%,13,486,499,486,13,0,0
0xaa074f,72.9167%,13,35,48,0,0,13,35
0xa397bf,97.2689%,13,463,476,463,13,0,0
0x402dcf,79.3651%,13,50,63,0,4,9,50
0xaa151b,75.9259%,13,41,54,0,0,13,41
0x900bda,96.1078%,13,321,334,0,0,13,321
0xa43912,93.5323%,13,188,201,13,2,11,175
0xa59cb6,27.7778%,13,5,18,0,0,13,5
0x5580fb,96.4865%,13,357,370,7,1,12,350
0x58c219,95.9119%,13,305,318,305,13,0,0
0xa464a4,55.1724%,13,16,29,11,8,5,5
0x6672b4,58.0645%,13,18,31,18,13,0,0
0x48cda0,76.3636%,13,42,55,42,13,0,0
0x7df893,84.3373%,13,70,83,2,0,13,68
0x8d2739,96.7005%,13,381,394,381,12,1,0
0x81e234,99.8859%,13,11382,11395,11381,13,0,1
0x5f0680,83.75%,13,67,80,0,0,13,67
0x809bd3,82.6667%,13,62,75,62,11,2,0
0x53de2e,97.5285%,13,513,526,0,0,13,513
0xa3676d,81.9444%,13,59,72,9,9,4,50
0x65a049,99.3041%,13,1855,1868,140,12,1,1715
0x8e32b3,99.6898%,13,4178,4191,4178,13,0,0
0xa32de9,94.2222%,13,212,225,12,3,10,200
0xa9d1be,84.1463%,13,69,82,7,9,4,62
0xa34f6f,91.2162%,13,135,148,114,2,11,21
0x8aa8c5,98.2313%,13,722,735,0,0,13,722
0x9e29db,84.1463%,13,69,82,68,9,4,1
0xa07a6b,77.9661%,13,46,59,0,0,13,46
0x5fa527,75.9259%,13,41,54,0,0,13,41
0xa5707a,87%,13,87,100,10,4,9,77
0x944333,93.0108%,13,173,186,69,7,6,104
0x60e7ae,83.5443%,13,66,79,66,13,0,0
0x8ba37f,99.0313%,13,1329,1342,0,0,13,1329
0x40dc4b,94.0909%,13,207,220,207,13,0,0
0x534574,99.7027%,13,4359,4372,4359,13,0,0
0x4c896e,92.5287%,13,161,174,0,0,13,161
0x40a255,85.7143%,13,78,91,1,1,12,77
0x66693f,97.774%,13,571,584,571,13,0,0
0x8efdd0,87.963%,13,95,108,85,9,4,10
0x81b9a3,93.6893%,13,193,206,0,2,11,193
0x5f0580,51.8519%,13,14,27,13,8,5,1
0x49ce01,40.9091%,13,9,22,9,13,0,0
0x81a325,98.4281%,13,814,827,814,13,0,0
0x8ffbdb,99.5778%,13,3066,3079,1,1,12,3065
0x4b4a59,95%,13,247,260,0,9,4,247
0x8dfecd,96.5054%,13,359,372,121,9,4,238
0x4b9f9e,79.3651%,13,50,63,50,13,0,0
0x4039b1,61.7647%,13,21,34,5,11,2,16
0x4b66bb,87.7358%,13,93,106,71,5,8,22
0x506006,86.0215%,13,80,93,80,13,0,0
0x9005cf,96.2644%,13,335,348,0,0,13,335
0x678dff,43.4783%,13,10,23,10,13,0,0
0x9a683f,91.1565%,13,134,147,0,0,13,134
0x4a96eb,80.8824%,13,55,68,46,11,2,9
0x811577,98.467%,13,835,848,831,12,1,4
0x81fb1d,95.9752%,13,310,323,310,13,0,0
0x8fe0cf,83.75%,13,67,80,0,8,5,67
0x49dfd0,93.3673%,13,183,196,0,0,13,183
0xa2dace,7.14286%,13,1,14,0,7,6,1
0xa46a28,86.4583%,13,83,96,80,8,5,3
0x405063,38.0952%,13,8,21,0,0,13,8
0x5fd5da,95.6081%,13,283,296,283,13,0,0
0x4bc548,98.169%,13,697,710,0,0,13,697
0x9f5917,92.8177%,13,168,181,0,0,13,168
0xa5b54e,31.5789%,13,6,19,0,0,13,6
0x40d2ea,90%,13,117,130,0,8,5,117
0x4ac19a,92.4419%,13,159,172,159,13,0,0
0x94d732,97.695%,13,551,564,551,13,0,0
0x5b3090,71.1111%,13,32,45,32,9,4,0
0x48ef4d,96.0725%,13,318,331,0,0,13,318
0x7d27bd,88.2883%,13,98,111,1,11,2,97
0xa2e7d8,84.7059%,13,72,85,27,6,7,45
0x8a6275,93.5961%,13,190,203,57,10,3,133
0xa029b3,70.4545%,13,31,44,17,10,3,14
0x5be66f,92.3529%,13,157,170,80,5,8,77
0x5f7595,89.9225%,13,116,129,0,0,13,116
0xb245be,99.8907%,13,11886,11899,0,0,13,11886
0x9e711f,71.7391%,13,33,46,32,7,6,1
0x9e7d35,45.8333%,13,11,24,0,0,13,11
0x51c37e,98.9176%,13,1188,1201,1188,13,0,0
0x4b9fb6,82.8947%,13,63,76,18,8,5,45
0xa2568a,98.6584%,13,956,969,0,0,13,956
0x8fe984,84.1463%,13,69,82,0,0,13,69
0x501fcf,85.7143%,13,78,91,0,0,13,78
0x49e1e6,99.3404%,13,1958,1971,1958,13,0,0
0xa48dba,92.6966%,13,165,178,165,13,0,0
0xa5176f,83.1169%,13,64,77,64,13,0,0
0x50bfea,80.303%,13,53,66,50,4,9,3
0x9c38f2,71.7391%,13,33,46,31,9,4,2
0x8ea11f,99.4745%,13,2461,2474,2461,13,0,0
0x81086f,82.6667%,13,62,75,62,13,0,0
0xb1c3d6,96.2428%,13,333,346,260,4,9,73
0x9e413f,97.8793%,13,600,613,0,4,9,600
0x5bc551,89.0756%,13,106,119,106,13,0,0
0x5be0a7,83.3333%,13,65,78,0,0,13,65
0x677bc5,83.3333%,13,65,78,44,4,9,21
0x8375b6,89.8438%,13,115,128,115,13,0,0
0x542563,93.2642%,13,180,193,0,0,13,180
0x7d20fa,92.4419%,13,159,172,131,5,8,28
0x7810b2,92.7778%,13,167,180,32,0,13,135
0x8220b7,95.7516%,13,293,306,293,13,0,0
0x94e16d,96.837%,13,398,411,398,13,0,0
0x489c0c,80.8824%,13,55,68,0,0,13,55
0x9aa0e4,75.9259%,13,41,54,0,0,13,41
0x677b9b,83.3333%,13,65,78,0,0,13,65
0x8aa8d3,98.2313%,13,722,735,0,0,13,722
0x50c0e9,35%,13,7,20,0,0,13,7
0x507675,27.7778%,13,5,18,5,13,0,0
0x9ed9f7,68.2927%,13,28,41,26,8,5,2
0x9ea41f,95.7237%,13,291,304,291,13,0,0
0x4c403f,93.6275%,13,191,204,191,13,0,0
0x50bb54,97.3415%,13,476,489,476,13,0,0
0xa5283c,93.0851%,13,175,188,0,0,13,175
0xb17a0f,98.1818%,13,702,715,702,13,0,0
0x4bbe72,93.4343%,13,185,198,4,12,1,181
0x9f02ea,88.7931%,13,103,116,103,11,2,0
0x8e7ea9,96.0725%,13,318,331,306,9,4,12
0x54f14f,69.7674%,13,30,43,0,0,13,30
0x4898d3,96.6495%,13,375,388,0,6,7,375
0xa5c821,88.2883%,13,98,111,98,13,0,0
0x48eadc,98.8214%,13,1090,1103,0,0,13,1090
0x608d6a,93.5%,13,187,200,0,0,13,187
0x53c79b,98.4468%,13,824,837,824,13,0,0
0x7efd39,81.9444%,13,59,72,1,6,7,58
0x978084,92.4855%,13,160,173,160,13,0,0
0x49eac0,69.0476%,13,29,42,17,2,11,12
0x60e557,83.9506%,13,68,81,18,8,5,50
0x9fe591,90.2985%,13,121,134,33,7,6,88
0xa26100,96.837%,13,398,411,398,12,1,0
0x9be4b4,81.9444%,13,59,72,59,11,2,0
0x9fb815,95.7516%,13,293,306,0,0,13,293
0x9eb6de,81.9444%,13,59,72,0,0,13,59
0x643ddc,99.089%,13,1414,1427,0,0,13,1414
0x9eb764,92.2156%,13,154,167,30,9,4,124
0x9eb793,83.5443%,13,66,79,66,8,5,0
0x64f2ae,40.9091%,13,9,22,8,12,1,1
0x952b85,97.1491%,13,443,456,443,13,0,0
0x9a0a6b,53.5714%,13,15,28,0,0,13,15
0x558d29,82.6667%,13,62,75,0,0,13,62
0x4bbd45,76.7857%,13,43,56,43,13,0,0
0x8bd5ee,99.3937%,13,2131,2144,1,9,4,2130
0x90cefb,98.4561%,13,829,842,829,13,0,0
0x9fca56,48%,13,12,25,12,13,0,0
0xa08cf5,35%,13,7,20,4,12,1,3
0x81f849,72.3404%,13,34,47,0,0,13,34
0x55b399,98.7607%,13,1036,1049,0,0,13,1036
0x8dd828,99.2029%,13,1618,1631,1604,7,6,14
0xa9491a,72.9167%,13,35,48,20,4,9,15
0xa51ed4,77.5862%,13,45,58,45,13,0,0
0x7acef2,84.3373%,13,70,83,54,2,11,16
0x60844a,82.8947%,13,63,76,41,7,6,22
0x5f9d4a,51.8519%,13,14,27,14,13,0,0
0xa17f45,97.2632%,13,462,475,462,13,0,0
0x5ff016,67.5%,13,27,40,27,13,0,0
0x50a0da,79.0323%,13,49,62,0,6,7,49
0x48f129,89.9225%,13,116,129,90,9,4,26
0x9fafd5,96.6752%,13,378,391,378,13,0,0
0xa4e5d8,82.8947%,13,63,76,0,0,13,63
0x48bd03,98.3544%,13,777,790,0,0,13,777
0xa52279,91.5584%,13,141,154,141,13,0,0
0x9fb5cc,95.8466%,13,300,313,0,7,6,300
0xa450d7,96.7337%,13,385,398,0,0,13,385
0x9fb749,95.7516%,13,293,306,0,0,13,293
0x5afe86,38.0952%,13,8,21,0,0,13,8
0x9e631b,27.7778%,13,5,18,0,0,13,5
0x6673a0,67.5%,13,27,40,27,13,0,0
0xb31c2c,99.9399%,13,21602,21615,21602,13,0,0
0x7b6366,90.7801%,13,128,141,88,8,5,40
0xa55fc0,96.8974%,13,406,419,406,13,0,0
0x8bb66f,84.1463%,13,69,82,57,2,11,12
0x540b7d,96.2857%,13,337,350,289,4,9,48
0x68106b,97.6147%,13,532,545,532,13,0,0
0x59352b,91.2752%,13,136,149,136,11,2,0
0x905069,90.5109%,13,124,137,124,13,0,0
0x550a54,0%,13,0,13,0,0,13,0
0x99c890,97.3737%,13,482,495,482,13,0,0
0x8f09da,88.4956%,13,100,113,3,2,11,97
0xa90fc5,93.3333%,13,182,195,0,0,13,182
0x4a5917,76.3636%,13,42,55,0,0,13,42
0x9a756b,40.9091%,13,9,22,8,6,7,1
0x502168,90.5797%,13,125,138,0,0,13,125
0x4c51e3,96.1652%,13,326,339,8,13,0,318
0x50a844,87.1287%,13,88,101,1,0,13,87
0x8deed6,98.7255%,13,1007,1020,128,6,7,879
0x50b351,67.5%,13,27,40,27,13,0,0
0x403a0b,60.6061%,13,20,33,7,1,12,13
0x63fd39,99.5387%,13,2805,2818,2805,13,0,0
0x49ca34,65.7895%,13,25,38,18,3,10,7
0x4a6dd1,53.5714%,13,15,28,0,0,13,15
0x6831f5,64.8649%,13,24,37,0,0,13,24
0x512c30,99.8833%,13,11126,11139,0,0,13,11126
0x510a3c,96.6752%,13,378,391,0,4,9,378
0x8e0e73,96.8523%,13,400,413,400,13,0,0
0x4a82a5,85.8696%,13,79,92,0,0,13,79
0x5b9a14,85.0575%,13,74,87,2,12,1,72
0x984126,80%,13,52,65,52,13,0,0
0x501959,98.4487%,13,825,838,0,0,13,825
0x51c292,98.9176%,13,1188,1201,1188,13,0,0
0xa358ee,98.7013%,13,988,1001,0,0,13,988
0xb34781,90.1515%,13,119,132,119,13,0,0
0xa55eb4,18.75%,13,3,16,2,6,7,1
0xa1bb12,13.3333%,13,2,15,0,3,10,2
0x8063e5,75%,13,39,52,2,11,2,37
0x48898d,98.7548%,13,1031,1044,0,0,13,1031
0x48a67f,98.1268%,13,681,694,681,13,0,0
0x54f892,69.7674%,13,30,43,0,0,13,30
0xa8a6e7,84.3373%,13,70,83,16,0,13,54
0x501b4f,98.3627%,13,781,794,0,3,10,781
0x80d76d,79.6875%,13,51,64,50,10,3,1
0x60de43,83.9506%,13,68,81,0,0,13,68
0x8f0a95,97.8654%,13,596,609,0,0,13,596
0x8f5a75,99.627%,13,3472,3485,3472,13,0,0
0x8aebe9,93.7198%,13,194,207,1,8,5,193
0x6387e4,99.653%,13,3733,3746,0,6,7,3733
0x8bb0ce,96.8215%,13,396,409,395,11,2,1
0x8ed72a,98.62%,13,929,942,929,12,1,0
0xa39617,97.8441%,13,590,603,0,0,13,590
0x67f2f3,95%,13,247,260,0,0,13,247
0xb0a149,96.2319%,13,332,345,0,0,13,332
0x90e55b,97.8441%,13,590,603,590,13,0,0
0x90487c,92.973%,13,172,185,0,0,13,172
0x9111bb,82.8947%,13,63,76,0,0,13,63
0x5bd6fc,95.873%,13,302,315,0,0,13,302
0x901fe4,97.18%,13,448,461,0,0,13,448
0x51b39b,99.3111%,13,1874,1887,387,7,6,1487
0x9e3cd7,7.14286%,13,1,14,0,0,13,1
0xa51d6e,77.5862%,13,45,58,42,8,5,3
0x9fc7f6,94.0909%,13,207,220,0,0,13,207
0x4b4b2c,71.7391%,13,33,46,27,4,9,6
0x8e38f8,72.9167%,13,35,48,0,0,13,35
0x8ad58e,94.3723%,13,218,231,0,2,11,218
0x8fd01a,91.1565%,13,134,147,0,0,13,134
0x5f55b1,76.7857%,13,43,56,42,10,3,1
0x9e3e9e,91.5584%,13,141,154,0,0,13,141
0x643a25,45.8333%,13,11,24,10,0,13,1
0x50e595,69.7674%,13,30,43,11,12,1,19
0x9698c3,81.9444%,13,59,72,59,11,2,0
0x63b50a,99.3888%,13,2114,2127,11,0,13,2103
0x4b5c77,93.4673%,13,186,199,20,12,1,166
0x5fd78f,99.1531%,13,1522,1535,1522,5,8,0
0x4038d5,96.6321%,13,373,386,0,10,3,373
0x8ed2f7,98.9388%,13,1212,1225,1212,9,4,0
0x90eba9,93.5%,13,187,200,187,13,0,0
0x901b6d,94.9219%,13,243,256,2,4,9,241
0x63d50b,98.329%,13,765,778,765,13,0,0
0x90b974,99.3236%,13,1909,1922,953,8,5,956
0xa5236c,91.5584%,13,141,154,141,13,0,0
0x5fab1c,88.6957%,13,102,115,101,13,0,1
0x835d35,65.7895%,13,25,38,0,0,13,25
0x9ab5d1,90.6475%,13,126,139,0,0,13,126
0x90d4dd,97.8297%,13,586,599,0,0,13,586
0x503d54,75%,13,39,52,39,9,4,0
0x98c733,63.8889%,13,23,36,0,0,13,23
0x503d5d,75%,13,39,52,38,8,5,1
0x905f47,89.8438%,13,115,128,0,0,13,115
0x917886,91.9753%,13,149,162,7,5,8,142
0x50e607,69.0476%,13,29,42,22,2,11,7
0x50eba7,65.7895%,13,25,38,25,13,0,0
0x5b05cc,80.597%,13,54,67,52,13,0,2
0x970ebd,99.2709%,13,1770,1783,0,0,13,1770
0x808cd3,98.6022%,13,917,930,917,13,0,0
0x557784,97.4806%,13,503,516,503,13,0,0
0x8c87d3,97.1366%,13,441,454,0,0,13,441
0xa32e9a,98.0597%,13,657,670,0,7,6,657
0x6475ec,38.0952%,13,8,21,0,0,13,8
0xa35f62,74%,13,37,50,27,8,5,10
0x8bb667,86.3158%,13,82,95,7,6,7,75
0x5cb100,98.4487%,13,825,838,0,3,10,825
0x8c8331,56.6667%,13,17,30,9,2,11,8
0x5f7948,98.0273%,13,646,659,0,0,13,646
0x64388b,66.6667%,13,26,39,0,0,13,26
0xaa8049,97.5425%,13,516,529,0,0,13,516
0xaa0700,87%,13,87,100,0,3,10,87
0x837967,92.6136%,13,163,176,0,0,13,163
0x8aab34,31.5789%,13,6,19,6,13,0,0
0x5ff5f8,87.1287%,13,88,101,40,13,0,48
0x6515db,82.4324%,13,61,74,0,0,13,61
0xb17ca7,99.096%,13,1425,1438,0,0,13,1425
0x496886,64.8649%,13,24,37,24,13,0,0
0x4948c3,84.5238%,13,71,84,71,11,2,0
0x904a90,95.6811%,13,288,301,0,0,13,288
0x8ecb75,81.9444%,13,59,72,1,3,10,58
0x679b65,99.5285%,13,2744,2757,0,0,13,2744
0x8ff7ba,99.6538%,13,3742,3755,3742,13,0,0
0xa45341,96.7337%,13,385,398,342,6,7,43
0x9a65c1,92.6136%,13,163,176,163,13,0,0
0x9a0c3d,53.5714%,13,15,28,15,13,0,0
0x488e5c,91.6667%,13,143,156,0,0,13,143
0x5fb69c,82.6667%,13,62,75,0,0,13,62
0x5f8d0f,79.6875%,13,51,64,26,7,6,25
0x5121cd,66.6667%,13,26,39,0,2,11,26
0xa33c75,97.5472%,13,517,530,0,0,13,517
0x98cbc1,94.4915%,13,223,236,7,3,10,216
0x593156,56.6667%,13,17,30,16,13,0,1
0x722a06,96.1652%,13,326,339,0,0,13,326
0x5faeeb,69.0476%,13,29,42,21,3,10,8
0x4b66ec,35%,13,7,20,1,8,5,6
0x9aa18c,81.4286%,13,57,70,7,3,10,50
0x80df51,99.4628%,13,2407,2420,0,0,13,2407
0x49e34f,92.3977%,13,158,171,1,5,8,157
0x40e1c6,82.4324%,13,61,74,61,13,0,0
0xa53e18,92.0732%,13,151,164,0,0,13,151
0x51091b,97.9398%,13,618,631,0,0,13,618
0xa15c54,96.5879%,13,368,381,368,7,6,0
0x404650,87.8505%,13,94,107,44,4,9,50
0x5b478e,35%,13,7,20,7,13,0,0
0x5407f7,87.7358%,13,93,106,89,9,4,4
0x907569,62.8571%,13,22,35,17,11,2,5
0x9d6891,88.5965%,13,101,114,101,11,2,0
0xa3fec1,53.5714%,13,15,28,0,0,13,15
0x6083a7,89.6825%,13,113,126,0,0,13,113
0x81d007,92.6554%,13,164,177,0,10,3,164
0x48397c,55.1724%,13,16,29,0,0,13,16
0x94dd85,97.7853%,13,574,587,0,0,13,574
0x9e2aac,82.4324%,13,61,74,61,13,0,0
0x5e37b8,98.0031%,13,638,651,0,0,13,638
0x493dd2,66.6667%,13,26,39,0,0,13,26
0xa039d3,93.3333%,13,182,195,0,0,13,182
0x6514b1,84.1463%,13,69,82,69,13,0,0
0x8bb721,84.1463%,13,69,82,63,9,4,6
0x970f37,99.5138%,13,2661,2674,0,0,13,2661
0x5a9629,48%,13,12,25,6,11,2,6
0x9e0477,93.8389%,13,198,211,96,1,12,102
0x40573d,99.8162%,13,7059,7072,0,0,13,7059
0x81fa25,98.3482%,13,774,787,11,9,4,763
0xaa2ce4,97.8654%,13,596,609,0,0,13,596
0x5c5036,60.6061%,13,20,33,20,13,0,0
0xa328ae,76.3636%,13,42,55,8,3,10,34
0x94b78b,83.5443%,13,66,79,66,13,0,0
0x610b6d,96.2099%,13,330,343,0,0,13,330
0x5fa1ba,51.8519%,13,14,27,0,0,13,14
0x9ea7e9,59.375%,13,19,32,19,13,0,0
0x50240e,97.6909%,13,550,563,0,0,13,550
0x970f21,99.7083%,13,4444,4457,0,0,13,4444
0x5b9bb4,85.0575%,13,74,87,9,5,8,65
0xa58507,92.8177%,13,168,181,168,13,0,0
0x53f31b,96.9697%,13,416,429,0,0,13,416
0xaae695,72.3404%,13,34,47,0,0,13,34
0x8e37d1,93.5961%,13,190,203,34,10,3,156
0x53c680,98.9094%,13,1179,1192,0,0,13,1179
0x9ea4fb,87.963%,13,95,108,95,13,0,0
0x5fa7bc,90.5797%,13,125,138,57,12,1,68
0xa2d7ea,93.6893%,13,193,206,193,9,4,0
0x790fd8,62.8571%,13,22,35,22,13,0,0
0x681f9f,99.4009%,13,2157,2170,2157,13,0,0
0x9e5d92,85.0575%,13,74,87,74,13,0,0
0x53b9c9,90.1515%,13,119,132,117,13,0,2
0xa497df,94.5378%,13,225,238,225,13,0,0
0xaad9c1,89.1667%,13,107,120,107,13,0,0
0x9e8ad2,91.0345%,13,132,145,0,0,13,132
0x5b2f70,93.8967%,13,200,213,1,6,7,199
0x53c4ae,90.1515%,13,119,132,116,12,1,3
0x547f42,51.8519%,13,14,27,6,2,11,8
0x9a1374,56.6667%,13,17,30,17,13,0,0
0x547aab,96.1538%,13,325,338,325,9,4,0
0x8f44a6,99.4639%,13,2412,2425,721,1,12,1691
0x9fb0d7,89.5161%,13,111,124,0,0,13,111
0x9a738b,27.7778%,13,5,18,1,9,4,4
0x8ea198,99.4745%,13,2461,2474,2461,13,0,0
0x609b80,94.8413%,13,239,252,0,7,6,239
0x90b99b,98.6472%,13,948,961,948,13,0,0
0x5c4bae,99.2892%,13,1816,1829,0,0,13,1816
0x5074c8,89.6825%,13,113,126,113,13,0,0
0x48af98,97.5926%,13,527,540,0,0,13,527
0x4a9739,78.3333%,13,47,60,0,0,13,47
0x48b17b,69.7674%,13,30,43,0,0,13,30
0x608cfe,93.5%,13,187,200,28,10,3,159
0x9739ef,67.5%,13,27,40,0,0,13,27
0x8d3edb,65.7143%,12,23,35,17,0,12,6
0xa9cdf3,94.2584%,12,197,209,0,0,12,197
0xb0c67f,99.4163%,12,2044,2056,2044,12,0,0
0x5fda56,98.6784%,12,896,908,810,5,7,86
0x8127ad,76.9231%,12,40,52,34,12,0,6
0x833a95,89.4737%,12,102,114,0,4,8,102
0x546616,53.8462%,12,14,26,13,9,3,1
0x8fe178,86.0465%,12,74,86,0,0,12,74
0x48db7f,96.3526%,12,317,329,0,0,12,317
0xa39565,98.3425%,12,712,724,0,0,12,712
0xb0ba95,99.7575%,12,4936,4948,0,0,12,4936
0x81f727,98.773%,12,966,978,966,12,0,0
0x9e3f1c,67.5676%,12,25,37,5,11,1,20
0x409845,93.8776%,12,184,196,184,12,0,0
0x80a96e,93.7824%,12,181,193,181,9,3,0
0x5c7801,85%,12,68,80,68,12,0,0
0x543b69,94.2584%,12,197,209,21,1,11,176
0x9ee5b1,82.0896%,12,55,67,55,12,0,0
0x8dedcd,99.6429%,12,3348,3360,0,0,12,3348
0x780225,92.3077%,12,144,156,144,12,0,0
0x65bd54,93.2203%,12,165,177,165,12,0,0
0x48d802,88.785%,12,95,107,95,6,6,0
0x4a7b0d,96.3746%,12,319,331,0,0,12,319
0x5bb1cf,36.8421%,12,7,19,4,12,0,3
0xa2ec71,81.25%,12,52,64,52,12,0,0
0xa95dd9,97.9094%,12,562,574,0,0,12,562
0xb28b39,99.5742%,12,2806,2818,0,0,12,2806
0x9fbb6e,96.0784%,12,294,306,0,0,12,294
0xa39f38,70.7317%,12,29,41,3,8,4,26
0x80630a,88.1188%,12,89,101,88,7,5,1
0xa4d554,92.5926%,12,150,162,0,0,12,150
0x410048,87.234%,12,82,94,82,12,0,0
0xa51e03,78.5714%,12,44,56,44,5,7,0
0x804485,84%,12,63,75,63,10,2,0
0xb2add5,98.8439%,12,1026,1038,0,0,12,1026
0x951952,92.3567%,12,145,157,1,4,8,144
0x49ff19,99.8628%,12,8734,8746,0,0,12,8734
0x5425b7,90.6977%,12,117,129,0,0,12,117
0x40d3ad,99.5232%,12,2505,2517,0,0,12,2505
0x9a4a25,50%,12,12,24,4,12,0,8
0x9d08fb,88.2353%,12,90,102,90,12,0,0
0x94266d,97.5155%,12,471,483,471,12,0,0
0x48e82c,78.5714%,12,44,56,39,10,2,5
0x4b6547,75.5102%,12,37,49,2,1,11,35
0x4bb44c,75.5102%,12,37,49,36,7,5,1
0x9d015c,96.5714%,12,338,350,338,12,0,0
0x98b581,93.2584%,12,166,178,160,1,11,6
0xa2d6bf,95.7597%,12,271,283,0,0,12,271
0x4b6977,92.2581%,12,143,155,33,7,5,110
0xa2f0f9,68.4211%,12,26,38,15,10,2,11
0x9f226d,85.1852%,12,69,81,69,10,2,0
0x9d00bb,96.5714%,12,338,350,338,12,0,0
0xb49c96,98.7513%,12,949,961,949,9,3,0
0x50ada6,89.1892%,12,99,111,0,2,10,99
0x40527f,99.8323%,12,7144,7156,1028,6,6,6116
0x9e3e92,92.2078%,12,142,154,0,0,12,142
0x49fe0f,7.69231%,12,1,13,1,12,0,0
0x50183d,98.794%,12,983,995,6,9,3,977
0x815d46,91.3669%,12,127,139,0,10,2,127
0x50bde2,33.3333%,12,6,18,6,12,0,0
0x8baded,97.2912%,12,431,443,0,0,12,431
0x506ac7,67.5676%,12,25,37,24,11,1,1
0x4bf1f8,86.0465%,12,74,86,0,0,12,74
0x40a928,71.4286%,12,30,42,6,1,11,24
0x547366,80.3279%,12,49,61,0,0,12,49
0x59916a,99.7326%,12,4475,4487,4475,12,0,0
0x7ce511,98.9538%,12,1135,1147,862,10,2,273
0x627e0d,47.8261%,12,11,23,0,8,4,11
0x8e16b4,62.5%,12,20,32,0,0,12,20
0x4addfa,40%,12,8,20,8,12,0,0
0x4b6d5f,89.8305%,12,106,118,75,12,0,31
0x9f58d7,93.8144%,12,182,194,182,12,0,0
0xa91ade,96.6942%,12,351,363,0,0,12,351
0x4c8cfb,90.9774%,12,121,133,121,12,0,0
0x402d7f,88.9908%,12,97,109,40,6,6,57
0xa40ea3,99.8859%,12,10509,10521,10509,12,0,0
0x50a756,86.6667%,12,78,90,33,6,6,45
0x50a6e3,91.1765%,12,124,136,40,6,6,84
0x9ebc74,80.9524%,12,51,63,0,0,12,51
0x4b9c09,83.0986%,12,59,71,34,8,4,25
0x5427a4,96.8912%,12,374,386,185,8,4,189
0x68053c,36.8421%,12,7,19,0,0,12,7
0x9fb019,96.1661%,12,301,313,0,0,12,301
0x4be85b,33.3333%,12,6,18,3,12,0,3
0x5095a7,33.3333%,12,6,18,6,12,0,0
0x7cea46,99.3678%,12,1886,1898,0,0,12,1886
0x8dfe39,92.5%,12,148,160,146,12,0,2
0x4aab50,70.7317%,12,29,41,8,3,9,21
0xa2ab26,89.3805%,12,101,113,95,6,6,6
0x58f8d0,79.3103%,12,46,58,3,8,4,43
0x9ee5eb,78.9474%,12,45,57,45,12,0,0
0x5ff9fc,86.9565%,12,80,92,80,12,0,0
0xb313fb,86.0465%,12,74,86,53,6,6,21
0x7c65ea,92.638%,12,151,163,128,11,1,23
0x9bd335,80.9524%,12,51,63,49,2,10,2
0x554f00,91.5493%,12,130,142,0,0,12,130
0x4b9d00,42.8571%,12,9,21,9,12,0,0
0x8f19fb,75%,12,36,48,34,6,6,2
0x8e3757,99.393%,12,1965,1977,0,0,12,1965
0xae4148,96.6942%,12,351,363,8,6,6,343
0x8f3e50,95.9322%,12,283,295,0,0,12,283
0xa583a4,94.7826%,12,218,230,0,0,12,218
0x60dbf7,95.6204%,12,262,274,262,12,0,0
0x402cb4,98.3914%,12,734,746,0,0,12,734
0xa398c4,14.2857%,12,2,14,2,12,0,0
0x8e9cbd,99.733%,12,4482,4494,4482,7,5,0
0x557533,95.1417%,12,235,247,235,12,0,0
0x50da7f,88.785%,12,95,107,94,9,3,1
0xa39715,14.2857%,12,2,14,0,0,12,2
0x4be2cf,83.5616%,12,61,73,4,0,12,57
0x9fb191,87.8788%,12,87,99,60,2,10,27
0x5ffd53,85%,12,68,80,68,12,0,0
0x9a6160,58.6207%,12,17,29,1,1,11,16
0x59be0f,98.2143%,12,660,672,0,0,12,660
0x49faf4,92.053%,12,139,151,1,8,4,138
0x40e8ee,90.4762%,12,114,126,113,3,9,1
0x8a2812,95.7295%,12,269,281,269,12,0,0
0x58d9ea,91.7241%,12,133,145,67,8,4,66
0x402065,98.5203%,12,799,811,578,7,5,221
0x53895c,99.3193%,12,1751,1763,0,0,12,1751
0x50d8e5,67.5676%,12,25,37,4,8,4,21
0x559058,96.5217%,12,333,345,1,11,1,332
0x8e2028,99.1919%,12,1473,1485,0,0,12,1473
0x8f3130,98.6502%,12,877,889,0,0,12,877
0x64b3be,88.6792%,12,94,106,7,4,8,87
0x805fcb,99.1209%,12,1353,1365,1353,12,0,0
0x8da2ab,99.1842%,12,1459,1471,1459,12,0,0
0x4bb2ef,29.4118%,12,5,17,0,2,10,5
0x53c7cb,98.5663%,12,825,837,0,0,12,825
0xa5ce8e,92.7273%,12,153,165,32,7,5,121
0x9093a8,99.6767%,12,3700,3712,0,0,12,3700
0x9aadd5,84.8101%,12,67,79,0,0,12,67
0x555716,95.1613%,12,236,248,0,0,12,236
0x973875,70%,12,28,40,4,0,12,24
0xa518ea,29.4118%,12,5,17,5,12,0,0
0x9fecc4,60%,12,18,30,18,12,0,0
0x9742e5,95.122%,12,234,246,0,0,12,234
0x4c208b,92.4528%,12,147,159,0,0,12,147
0x557aa2,81.5385%,12,53,65,0,0,12,53
0x53415f,88.1188%,12,89,101,0,0,12,89
0x84443c,97.4138%,12,452,464,452,8,4,0
0x8da3c4,88.6792%,12,94,106,0,0,12,94
0x9a6659,93.1818%,12,164,176,164,12,0,0
0x5481dd,99.8253%,12,6857,6869,0,0,12,6857
0x7d3728,98.5%,12,788,800,689,5,7,99
0x4c2ae7,85.7143%,12,72,84,0,0,12,72
0x4c5629,50%,12,12,24,0,0,12,12
0xa05279,71.4286%,12,30,42,4,9,3,26
0x540a44,33.3333%,12,6,18,4,4,8,2
0xa53106,40%,12,8,20,8,10,2,0
0x5c6c52,99.4408%,12,2134,2146,0,0,12,2134
0x4bb2c5,74.4681%,12,35,47,9,8,4,26
0x5357ae,90.625%,12,116,128,63,4,8,53
0x8e39a2,70%,12,28,40,0,8,4,28
0x4bc0cb,90.0826%,12,109,121,109,12,0,0
0x4023c0,77.3585%,12,41,53,0,0,12,41
0x9e74d3,98.7448%,12,944,956,0,0,12,944
0x50e4b3,57.1429%,12,16,28,3,7,5,13
0x81ee47,98.6532%,12,879,891,0,0,12,879
0x48e594,74.4681%,12,35,47,35,12,0,0
0xa43acd,90.8397%,12,119,131,119,12,0,0
0x54393b,91.4894%,12,129,141,126,9,3,3
0x696545,96.9773%,12,385,397,0,0,12,385
0x810bd7,96.9543%,12,382,394,381,12,0,1
0xa507f7,95.3307%,12,245,257,0,4,8,245
0x40f61d,99.4109%,12,2025,2037,266,6,6,1759
0x9e2f69,95.4373%,12,251,263,251,12,0,0
0x90415f,98.2659%,12,680,692,0,0,12,680
0x58d11a,92.6829%,12,152,164,0,0,12,152
0xb316a9,79.661%,12,47,59,0,0,12,47
0x7d09dc,98.0892%,12,616,628,616,12,0,0
0x80ca84,95.7447%,12,270,282,270,12,0,0
0x80c966,95.7447%,12,270,282,270,2,10,0
0xa5936c,57.1429%,12,16,28,16,12,0,0
0x4ba0ec,95.4023%,12,249,261,228,3,9,21
0x9a9b93,88.6792%,12,94,106,0,0,12,94
0x9e72ea,14.2857%,12,2,14,1,12,0,1
0x53efd5,93.4426%,12,171,183,0,0,12,171
0xa50f70,68.4211%,12,26,38,0,0,12,26
0x5f79f6,94.2029%,12,195,207,0,0,12,195
0x558073,98.7526%,12,950,962,0,1,11,950
0xa5130d,0%,12,0,12,0,0,12,0
0x8141f2,99.8957%,12,11496,11508,0,0,12,11496
0x502080,78.1818%,12,43,55,12,12,0,31
0x48f8ec,25%,12,4,16,3,3,9,1
0x610cf1,95.082%,12,232,244,0,0,12,232
0x8e920d,99.1501%,12,1400,1412,0,0,12,1400
0x4ca66e,65.7143%,12,23,35,22,8,4,1
0x49bcdc,65.7143%,12,23,35,0,0,12,23
0x540a94,0%,12,0,12,0,12,0,0
0x90f21d,94%,12,188,200,0,0,12,188
0x40e036,94.3925%,12,202,214,52,5,7,150
0x83761d,77.3585%,12,41,53,32,10,2,9
0x53589f,80.9524%,12,51,63,44,1,11,7
0x60e520,85.1852%,12,69,81,0,0,12,69
0xa90bb2,91.2409%,12,125,137,0,0,12,125
0x9ee34f,89.0909%,12,98,110,0,0,12,98
0x9a6409,93.1818%,12,164,176,164,12,0,0
0x4bdddd,55.5556%,12,15,27,2,11,1,13
0xaab7fd,87.8788%,12,87,99,0,0,12,87
0xa58a6f,91.3043%,12,126,138,0,0,12,126
0x78cd7e,98.6207%,12,858,870,0,0,12,858
0xa5f58b,93.1034%,12,162,174,0,0,12,162
0x9a8bd1,95.539%,12,257,269,0,0,12,257
0x4b88de,25%,12,4,16,4,12,0,0
0x78f5fc,42.8571%,12,9,21,1,5,7,8
0xab57e8,94.6903%,12,214,226,214,12,0,0
0x9a7327,57.1429%,12,16,28,3,7,5,13
0x480329,68.4211%,12,26,38,26,12,0,0
0x5ef805,80%,12,48,60,0,0,12,48
0xa57001,60%,12,18,30,18,12,0,0
0x8b9f67,98.7302%,12,933,945,927,3,9,6
0xa3ba3d,91.6667%,12,132,144,0,0,12,132
0x58dc1d,92.053%,12,139,151,135,10,2,4
0x534bff,40%,12,8,20,8,12,0,0
0x48b310,96.2617%,12,309,321,0,0,12,309
0x9ea6ff,87.6289%,12,85,97,0,0,12,85
0x817415,86.9565%,12,80,92,1,4,8,79
0x9ea60b,92.8571%,12,156,168,0,0,12,156
0x51b2e9,36.8421%,12,7,19,6,7,5,1
0x817d35,95.2%,12,238,250,234,8,4,4
0x402edf,88.9908%,12,97,109,94,9,3,3
0x8aa932,99.6492%,12,3409,3421,3409,12,0,0
0xa272a4,97.6699%,12,503,515,0,0,12,503
0x67300b,36.8421%,12,7,19,7,12,0,0
0x501354,99.4146%,12,2038,2050,2038,12,0,0
0xa2f8af,92.7711%,12,154,166,0,5,7,154
0x8ee80c,97.0732%,12,398,410,398,9,3,0
0x806099,99.1058%,12,1330,1342,1330,8,4,0
0xa33f40,88.9908%,12,97,109,0,0,12,97
0x60e33f,97.7186%,12,514,526,77,4,8,437
0x80a8e8,98.5849%,12,836,848,4,1,11,832
0xaa2e4b,98.0645%,12,608,620,608,12,0,0
0x8e2d53,42.8571%,12,9,21,1,7,5,8
0x501b57,98.4829%,12,779,791,7,6,6,772
0x5facf3,94.4186%,12,203,215,203,6,6,0
0x9f4d27,96.0912%,12,295,307,291,7,5,4
0x5119fe,96.3077%,12,313,325,4,10,2,309
0xa4288f,93.1429%,12,163,175,0,0,12,163
0x8c8a67,98.8048%,12,992,1004,914,6,6,78
0x58c6c2,88.4615%,12,92,104,5,6,6,87
0x58c6b7,89.8305%,12,106,118,6,8,4,100
0x972fef,73.913%,12,34,46,34,12,0,0
0x7f0cb9,84%,12,63,75,45,5,7,18
0x4a7013,94.6903%,12,214,226,162,4,8,52
0x47f2ac,98.4476%,12,761,773,0,0,12,761
0x60a652,98.951%,12,1132,1144,1132,12,0,0
0x96aeda,73.913%,12,34,46,18,9,3,16
0x9f6496,93.2961%,12,167,179,0,0,12,167
0x485e4e,85.3659%,12,70,82,70,12,0,0
0x8dce25,97.7901%,12,531,543,0,0,12,531
0x81bfdb,66.6667%,12,24,36,9,7,5,15
0xa5c38f,83.3333%,12,60,72,60,12,0,0
0xa25bea,98.8154%,12,1001,1013,1001,12,0,0
0x9e6b8a,83.3333%,12,60,72,60,10,2,0
0x9e6285,83.3333%,12,60,72,0,0,12,60
0xa58a74,91.3043%,12,126,138,0,0,12,126
0x9f254b,85.3659%,12,70,82,70,5,7,0
0xa39325,98.0263%,12,596,608,0,0,12,596
0x4ace7f,93.3702%,12,169,181,169,10,2,0
0x49e76d,99.5893%,12,2910,2922,2910,12,0,0
0x9aba78,95.2191%,12,239,251,239,12,0,0
0x8aed72,96.748%,12,357,369,0,2,10,357
0x9a968c,61.2903%,12,19,31,0,0,12,19
0x99efc6,88.2353%,12,90,102,0,0,12,90
0x9f5cd6,36.8421%,12,7,19,0,0,12,7
0x7ad519,53.8462%,12,14,26,0,0,12,14
0x63ac41,97.6789%,12,505,517,505,12,0,0
0xa0301e,82.3529%,12,56,68,2,5,7,54
0x9f3db3,29.4118%,12,5,17,0,0,12,5
0x4a1eb3,75%,12,36,48,36,12,0,0
0x65a10c,99.257%,12,1603,1615,140,12,0,1463
0x88a190,45.4545%,12,10,22,9,7,5,1
0x64dfc5,78.1818%,12,43,55,0,4,8,43
0x54d171,29.4118%,12,5,17,5,12,0,0
0xa262d9,98.8154%,12,1001,1013,0,0,12,1001
0x969917,83.3333%,12,60,72,1,6,6,59
0x5422d2,96.3855%,12,320,332,0,0,12,320
0x5f1380,66.6667%,12,24,36,10,10,2,14
0x5f12e6,80.3279%,12,49,61,41,11,1,8
0x58e394,73.3333%,12,33,45,33,7,5,0
0xa276c0,98.4211%,12,748,760,748,12,0,0
0xa159b3,96.8504%,12,369,381,0,6,6,369
0x9a48cd,62.5%,12,20,32,0,0,12,20
0xa05a5b,79.3103%,12,46,58,26,3,9,20
0xaa7ee0,97.7316%,12,517,529,517,12,0,0
0x49f6cf,84.8101%,12,67,79,24,12,0,43
0x945087,97.4522%,12,459,471,459,12,0,0
0x4c9741,50%,12,12,24,11,3,9,1
0x942967,94.7598%,12,217,229,217,12,0,0
0x542427,99.4758%,12,2277,2289,0,0,12,2277
0x97340c,70%,12,28,40,0,0,12,28
0x97850a,97.5258%,12,473,485,0,0,12,473
0x8c7d57,98.7315%,12,934,946,0,3,9,934
0x9a1fc6,94.0887%,12,191,203,191,12,0,0
0x835dc2,68.4211%,12,26,38,7,11,1,19
0x4a1304,97.4414%,12,457,469,0,2,10,457
0x5e473e,99.2048%,12,1497,1509,1497,12,0,0
0x4816a5,68.4211%,12,26,38,14,5,7,12
0x4816cb,36.8421%,12,7,19,0,0,12,7
0x809182,98.5765%,12,831,843,831,10,2,0
0x5f004d,93.4066%,12,170,182,170,12,0,0
0x4a7224,94.6903%,12,214,226,2,0,12,212
0xa5c615,33.3333%,12,6,18,0,8,4,6
0x9e0e6e,84.8101%,12,67,79,6,7,5,61
0x8193d6,82.3529%,12,56,68,25,9,3,31
0x9bc764,42.8571%,12,9,21,9,12,0,0
0x555fe4,75%,12,36,48,1,2,10,35
0x8e7e7c,96.3746%,12,319,331,231,9,3,88
0x58bde7,91.9463%,12,137,149,0,0,12,137
0x9776df,99.1279%,12,1364,1376,0,0,12,1364
0x5fe134,97.4026%,12,450,462,219,12,0,231
0x952473,78.1818%,12,43,55,43,12,0,0
0x9a8104,94.8936%,12,223,235,223,12,0,0
0x902791,76.4706%,12,39,51,6,6,6,33
0xa16076,50%,12,12,24,6,6,6,6
0x900bbb,96.4286%,12,324,336,324,10,2,0
0x96b1d5,98.677%,12,895,907,0,0,12,895
0xa52fb3,93.75%,12,180,192,0,2,10,180
0x96926e,93.9698%,12,187,199,0,0,12,187
0x677d14,91.7241%,12,133,145,133,12,0,0
0x8eb00d,83.3333%,12,60,72,29,2,10,31
0x8efd72,89.7436%,12,105,117,99,7,5,6
0x809dbc,97.861%,12,549,561,549,10,2,0
0x8f1ac3,91.6667%,12,132,144,0,1,11,132
0x5c3436,98.2609%,12,678,690,678,12,0,0
0x4044fe,99.0909%,12,1308,1320,1,6,6,1307
0xa919cc,98.3003%,12,694,706,0,4,8,694
0xa44304,75.5102%,12,37,49,19,8,4,18
0xa9c5d1,71.4286%,12,30,42,0,0,12,30
0x40f6b1,95.5882%,12,260,272,1,3,9,259
0x80b7ce,66.6667%,12,24,36,0,2,10,24
0x816f5e,98.5765%,12,831,843,831,10,2,0
0xab57a5,95.5224%,12,256,268,256,12,0,0
0xab2d25,84.8101%,12,67,79,62,6,6,5
0x8a518a,97.6562%,12,500,512,500,10,2,0
0xa4a346,68.4211%,12,26,38,14,4,8,12
0x49ff3c,99.7098%,12,4123,4135,1013,6,6,3110
0x55057d,96.5318%,12,334,346,334,12,0,0
0x80707b,96.9388%,12,380,392,380,12,0,0
0xa26061,97.5104%,12,470,482,470,12,0,0
0x9a1d9c,94.9367%,12,225,237,4,11,1,221
0x817c5d,93.9394%,12,186,198,186,12,0,0
0x4a78e8,98.806%,12,993,1005,993,12,0,0
0x9a249f,70%,12,28,40,0,0,12,28
0x9737ab,70%,12,28,40,0,0,12,28
0x5ec5ad,70%,12,28,40,24,8,4,4
0x48277b,36.8421%,12,7,19,2,10,2,5
0x5e0316,91.7241%,12,133,145,133,12,0,0
0x5e0128,95.8621%,12,278,290,140,5,7,138
0x902910,88.3495%,12,91,103,80,12,0,11
0x98407c,86.0465%,12,74,86,6,6,6,68
0xa3666d,95.9184%,12,282,294,0,0,12,282
0x59c51f,95.6522%,12,264,276,1,6,6,263
0x5d344d,90.9774%,12,121,133,121,12,0,0
0x647a1b,73.3333%,12,33,45,27,6,6,6
0x67f519,94.0299%,12,189,201,31,6,6,158
0x5b1c97,74.4681%,12,35,47,32,4,8,3
0x608bad,94%,12,188,200,0,0,12,188
0x481e65,68.4211%,12,26,38,19,10,2,7
0x81bbda,96.2145%,12,305,317,305,12,0,0
0x487794,50%,12,12,24,12,12,0,0
0x94c8d2,81.25%,12,52,64,21,3,9,31
0x973a30,70%,12,28,40,0,0,12,28
0x503e7f,47.8261%,12,11,23,4,5,7,7
0x915c5c,94%,12,188,200,188,10,2,0
0x40ebff,90.2439%,12,111,123,111,12,0,0
0xa08f1e,81.25%,12,52,64,52,7,5,0
0xa59644,83.3333%,12,60,72,22,5,7,38
0x834fb1,99.8995%,12,11924,11936,0,0,12,11924
0x5509a4,76.4706%,12,39,51,39,12,0,0
0x94cc63,84.8101%,12,67,79,0,0,12,67
0x63dd6b,98.7513%,12,949,961,949,12,0,0
0x54391d,91.3043%,12,126,138,1,2,10,125
0x81aed5,98.5765%,12,831,843,831,10,2,0
0xb4a147,98.7474%,12,946,958,946,12,0,0
0x90ed93,99.3538%,12,1845,1857,1845,12,0,0
0x54ef89,72.093%,12,31,43,0,0,12,31
0x504bce,68.4211%,12,26,38,26,12,0,0
0x8c73a3,97.0944%,12,401,413,401,12,0,0
0x50137d,99.2556%,12,1600,1612,0,0,12,1600
0x404e80,83.7838%,12,62,74,34,2,10,28
0x80dafc,94.5455%,12,208,220,0,0,12,208
0x543b55,94.2584%,12,197,209,0,0,12,197
0x6402d8,99.5742%,12,2806,2818,0,0,12,2806
0xa97661,89.4737%,12,102,114,102,12,0,0
0x638f91,96.4497%,12,326,338,326,12,0,0
0x40ea3a,96.2617%,12,309,321,1,3,9,308
0x5f10f9,96.0784%,12,294,306,0,0,12,294
0x9c37ab,81.8182%,12,54,66,39,7,5,15
0x973b36,50%,12,12,24,6,9,3,6
0xa446e2,76.9231%,12,40,52,0,0,12,40
0x67f0b8,99.7189%,12,4257,4269,0,0,12,4257
0xa34464,76.9231%,12,40,52,37,12,0,3
0xa589de,91.7808%,12,134,146,2,6,6,132
0x63902e,95.6679%,12,265,277,246,6,6,19
0x49ee24,99.6447%,12,3365,3377,0,0,12,3365
0xaa2e3e,98.0645%,12,608,620,0,0,12,608
0x50a112,78.5714%,12,44,56,39,8,4,5
0x490f0e,70.7317%,12,29,41,0,0,12,29
0x404992,90.6977%,12,117,129,114,11,1,3
0xa4fece,95.2569%,12,241,253,241,8,4,0
0x69650b,98.1791%,12,647,659,0,0,12,647
0x821055,78.1818%,12,43,55,28,2,10,15
0xa58a9a,91.3043%,12,126,138,39,3,9,87
0x9428f7,94.7598%,12,217,229,217,12,0,0
0x5d4487,33.3333%,12,6,18,6,12,0,0
0x65a1f7,95.2756%,12,242,254,0,0,12,242
0x507227,98.3784%,12,728,740,569,5,7,159
0xa4538e,96.5517%,12,336,348,335,9,3,1
0x9d1c97,83.0986%,12,59,71,15,1,11,44
0x4a9c84,61.2903%,12,19,31,7,8,4,12
0x50310b,93.6842%,12,178,190,0,0,12,178
0x80c046,77.3585%,12,41,53,0,0,12,41
0x681e39,91.6667%,12,132,144,132,12,0,0
0x9f5ce6,36.8421%,12,7,19,0,12,0,7
0xa44160,86.0465%,12,74,86,21,1,11,53
0x8bb40a,80.9524%,12,51,63,43,5,7,8
0x405cbd,86.9565%,12,80,92,0,0,12,80
0x4a1b0d,75.5102%,12,37,49,4,2,10,33
0x90d04b,92.638%,12,151,163,0,0,12,151
0x554ce7,95.8478%,12,277,289,0,0,12,277
0x8bade3,97.2912%,12,431,443,0,0,12,431
0x4bf4b8,82.3529%,12,56,68,36,12,0,20
0x4be260,7.69231%,12,1,13,1,12,0,0
0xa30f91,96.0133%,12,289,301,289,7,5,0
0x512ad8,96.875%,12,372,384,0,0,12,372
0x8aab3e,36.8421%,12,7,19,0,0,12,7
0x8f76ae,92.1569%,12,141,153,105,3,9,36
0x48cfd4,98.9295%,12,1109,1121,1,9,3,1108
0x50e3e4,77.3585%,12,41,53,0,4,8,41
0x8b972f,99.9413%,12,20428,20440,20428,12,0,0
0x97a65a,66.6667%,12,24,36,20,8,4,4
0x80e884,50%,12,12,24,3,9,3,9
0x502569,98.4868%,12,781,793,781,12,0,0
0xa577e0,14.2857%,12,2,14,0,0,12,2
0x50983f,99.4155%,12,2041,2053,0,0,12,2041
0x9abd1f,20%,12,3,15,3,12,0,0
0x50454a,98.3784%,12,728,740,0,0,12,728
0x60a820,97.5709%,12,482,494,0,0,12,482
0xa9ed23,85.1852%,12,69,81,69,12,0,0
0x4ab88e,61.2903%,12,19,31,13,12,0,6
0x40a868,50%,12,12,24,1,1,11,11
0x501642,99.1585%,12,1414,1426,0,0,12,1414
0x813e28,95.2381%,12,240,252,240,12,0,0
0x8f6a17,98.3651%,12,722,734,0,0,12,722
0x97454c,94.958%,12,226,238,226,12,0,0
0xa3412f,95.2756%,12,242,254,19,5,7,223
0x9a2345,89.1892%,12,99,111,99,12,0,0
0x90fd63,95.7143%,12,268,280,268,12,0,0
0xa5eb54,61.2903%,12,19,31,4,1,11,15
0x90a18d,98.8304%,12,1014,1026,1014,12,0,0
0xb2abc5,96.5318%,12,334,346,334,12,0,0
0x9a8b95,80.6452%,12,50,62,50,12,0,0
0x8ec96a,99.1477%,12,1396,1408,1396,8,4,0
0xaa2410,64.7059%,12,22,34,0,0,12,22
0x49fafc,91.5493%,12,130,142,130,7,5,0
0x945c65,81.5385%,12,53,65,0,0,12,53
0x9c3e7e,77.7778%,12,42,54,0,0,12,42
0x81b94f,96.2145%,12,305,317,0,0,12,305
0x95ae90,47.8261%,12,11,23,11,12,0,0
0x9a22e8,89.1892%,12,99,111,87,9,3,12
0x99e8fe,88.5714%,12,93,105,47,3,9,46
0x9499f1,77.3585%,12,41,53,41,12,0,0
0x8e35f9,97.3568%,12,442,454,440,12,0,2
0x5bd041,98.7552%,12,952,964,952,12,0,0
0x5bcab2,98.7552%,12,952,964,50,1,11,902
0x81eefb,45.4545%,12,10,22,7,11,1,3
0x48ee2f,93.5484%,12,174,186,171,7,5,3
0x541792,91.1765%,12,124,136,0,0,12,124
0x5fd590,99.1124%,12,1340,1352,1340,4,8,0
0x98ce1d,99.3555%,12,1850,1862,0,0,12,1850
0x593807,70%,12,28,40,14,7,5,14
0xa516f5,70%,12,28,40,28,12,0,0
0x81bc5b,79.661%,12,47,59,2,2,10,45
0x809d67,97.8799%,12,554,566,554,7,5,0
0xa5ebdc,95.8621%,12,278,290,4,6,6,274
0x4a1270,96.0912%,12,295,307,295,12,0,0
0x908a79,98.7513%,12,949,961,949,12,0,0
0xa39413,57.1429%,12,16,28,4,10,2,12
0xb1b080,97.2286%,12,421,433,421,12,0,0
0x8fe97c,85.8824%,12,73,85,0,3,9,73
0x4a7446,69.2308%,12,27,39,27,12,0,0
0x9a60d5,88.6792%,12,94,106,0,0,12,94
0xb49710,0%,12,0,12,0,0,12,0
0x9a607b,14.2857%,12,2,14,0,0,12,2
0x81e6a5,97.83%,12,541,553,68,10,2,473
0x40f555,99.9682%,12,37739,37751,0,0,12,37739
0x5f544e,0%,12,0,12,0,0,12,0
0x5bb40b,65.7143%,12,23,35,21,12,0,2
0x9bb42d,36.8421%,12,7,19,7,12,0,0
0x648457,97.3154%,12,435,447,0,0,12,435
0x90a61e,72.7273%,12,32,44,32,12,0,0
0x66d44e,99.1803%,12,1452,1464,0,0,12,1452
0x49cdf3,65.7143%,12,23,35,4,9,3,19
0xa35951,93.5135%,12,173,185,8,2,10,165
0x5bb151,77.3585%,12,41,53,0,0,12,41
0xa49fa0,91.7241%,12,133,145,133,12,0,0
0x50cdec,96.2617%,12,309,321,0,0,12,309
0x81c7db,93.4066%,12,170,182,0,5,7,170
0xa2da1c,14.2857%,12,2,14,2,2,10,0
0x499472,57.1429%,12,16,28,16,12,0,0
0x8e3dc5,92.4528%,12,147,159,109,9,3,38
0xa1b15f,77.3585%,12,41,53,39,9,3,2
0x5509cd,76.4706%,12,39,51,35,11,1,4
0x81ca09,93.0233%,12,160,172,0,0,12,160
0xaa45f7,87.8788%,12,87,99,0,0,12,87
0x550e0a,50%,12,12,24,3,4,8,9
0x811e07,99.6161%,12,3114,3126,0,0,12,3114
0x817db1,66.6667%,12,24,36,24,6,6,0
0x7c7b59,88.5714%,12,93,105,4,4,8,89
0xa285d3,60%,12,18,30,10,11,1,8
0xaada17,95.2941%,12,243,255,243,12,0,0
0x984c16,85.5422%,12,71,83,0,12,0,71
0x980563,87.6289%,12,85,97,0,0,12,85
0xa8a800,93.1429%,12,163,175,0,0,12,163
0x8fea50,72.7273%,12,32,44,14,11,1,18
0x94c936,81.25%,12,52,64,0,0,12,52
0x59be34,98.2143%,12,660,672,660,12,0,0
0xa452b5,96.9849%,12,386,398,386,12,0,0
0x96af16,42.8571%,12,9,21,3,4,8,6
0xb1b6ca,98.806%,12,993,1005,993,12,0,0
0x8dfd16,96.7742%,12,360,372,122,8,4,238
0x9f2117,96.8668%,12,371,383,370,3,9,1
0x4bf249,78.1818%,12,43,55,10,3,9,33
0xb1b034,97.2286%,12,421,433,0,0,12,421
0x49faae,91.6667%,12,132,144,0,2,10,132
0x557e4d,98.4436%,12,759,771,759,12,0,0
0x9f332e,92.5%,12,148,160,0,0,12,148
0x502cf9,93.6842%,12,178,190,0,0,12,178
0x815b7a,70.7317%,12,29,41,29,12,0,0
0x904ab0,96.0133%,12,289,301,289,12,0,0
0xa02b82,84.2105%,12,64,76,64,10,2,0
0x8147ba,97.6608%,12,501,513,0,0,12,501
0xaa1104,85%,12,68,80,37,7,5,31
0xa53422,93.75%,12,180,192,17,3,9,163
0xa4286c,94.6667%,12,213,225,43,7,5,170
0x9746be,82.3529%,12,56,68,0,0,12,56
0x8fdab8,78.5714%,12,44,56,44,8,4,0
0x5cb113,98.5981%,12,844,856,843,10,2,1
0x537a94,72.7273%,12,32,44,0,0,12,32
0x550f72,55.5556%,12,15,27,1,5,7,14
0x81a4da,98.549%,12,815,827,0,0,12,815
0x98b357,96.5517%,12,336,348,335,5,7,1
0x506f0e,87.6289%,12,85,97,68,9,3,17
0x9017cb,77.7778%,12,42,54,24,3,9,18
0x8ffb49,89.5652%,12,103,115,103,12,0,0
0x843896,0%,12,0,12,0,8,4,0
0x4a7c10,76.4706%,12,39,51,0,0,12,39
0x40303f,85%,12,68,80,1,10,2,67
0x533aee,70%,12,28,40,24,7,5,4
0x488adb,97.7186%,12,514,526,0,0,12,514
0x50bccf,70%,12,28,40,7,9,3,21
0x4c0b1b,88.4615%,12,92,104,92,12,0,0
0xb30d41,99.359%,12,1860,1872,0,0,12,1860
0x5fb95c,53.8462%,12,14,26,6,6,6,8
0xaa549a,50%,12,12,24,9,2,10,3
0x40e6da,82.3529%,12,56,68,44,1,11,12
0x406c95,79.3103%,12,46,58,0,0,12,46
0x9a91e4,57.1429%,12,16,28,8,6,6,8
0x90ae94,94.958%,12,226,238,110,9,3,116
0xa51e39,78.5714%,12,44,56,11,6,6,33
0x5baeed,88.2353%,12,90,102,0,0,12,90
0x78149f,88.5714%,12,93,105,11,6,6,82
0x969805,83.3333%,12,60,72,0,0,12,60
0x9032d8,77.7778%,12,42,54,30,12,0,12
0x4bf6d2,92.8994%,12,157,169,157,12,0,0
0x51b509,36.8421%,12,7,19,2,11,1,5
0x8d2f58,83.0986%,12,59,71,59,12,0,0
0x94d9eb,86.3636%,12,76,88,46,6,6,30
0x8f314d,98.6502%,12,877,889,877,12,0,0
0x50708b,98.3784%,12,728,740,728,12,0,0
0xa54f7b,53.8462%,12,14,26,1,6,6,13
0x556147,98.6063%,12,849,861,0,0,12,849
0xa52833,96.8085%,12,364,376,180,8,4,184
0x544d98,90.9091%,12,120,132,120,12,0,0
0x547b13,98.7854%,12,976,988,976,12,0,0
0x40d8e9,99.8984%,12,11798,11810,11798,12,0,0
0x833ce9,84%,12,63,75,63,10,2,0
0x51058d,99.3671%,12,1884,1896,0,0,12,1884
0xa0383c,99.7748%,12,5316,5328,0,0,12,5316
0x81a2eb,96.3526%,12,317,329,0,8,4,317
0x556faf,95.1417%,12,235,247,133,9,3,102
0x679c73,99.3023%,12,1708,1720,1708,12,0,0
0x9f5fe0,80%,12,48,60,48,12,0,0
0x54ff23,29.4118%,12,5,17,0,0,12,5
0x8a9117,55.5556%,12,15,27,0,0,12,15
0xa47af5,36.8421%,12,7,19,7,7,5,0
0x53aa45,70.7317%,12,29,41,28,11,1,1
0x602d4e,67.5676%,12,25,37,0,10,2,25
0x554f25,91.5493%,12,130,142,0,0,12,130
0x5c4bbc,99.3439%,12,1817,1829,0,0,12,1817
0x402a41,99.8353%,12,7273,7285,7273,12,0,0
0xa54c19,40%,12,8,20,5,9,3,3
0xa52a91,93.617%,12,176,188,22,2,10,154
0xa3a4eb,97.9933%,12,586,598,0,0,12,586
0xa47e68,65.7143%,12,23,35,0,0,12,23
0x8ee4ea,71.4286%,12,30,42,30,12,0,0
0x8fdc4d,96.8421%,12,368,380,0,0,12,368
0x5fb768,78.1818%,12,43,55,43,12,0,0
0x5436fc,91.3043%,12,126,138,1,2,10,125
0x9e0b49,95.4373%,12,251,263,6,0,12,245
0x539123,90.9091%,12,120,132,0,0,12,120
0xa55c49,85.5422%,12,71,83,0,0,12,71
0xa51796,84.4156%,12,65,77,65,12,0,0
0x8e0a54,99.5902%,12,2916,2928,2916,12,0,0
0x9f26f8,97.2222%,12,420,432,0,0,12,420
0x4a578e,92.7273%,12,153,165,0,0,12,153
0xa44124,86.0465%,12,74,86,0,0,12,74
0x608caf,94%,12,188,200,188,12,0,0
0x9e54ea,92.8994%,12,157,169,0,0,12,157
0x40a34d,81.5385%,12,53,65,52,6,6,1
0x98ce46,99.3555%,12,1850,1862,0,0,12,1850
0x901732,93.5829%,12,175,187,175,12,0,0
0x811da7,96.3855%,12,320,332,0,2,10,320
0xa556b5,85.5422%,12,71,83,71,12,0,0
0x50f263,64.7059%,12,22,34,19,5,7,3
0x8e50fe,99.393%,12,1965,1977,0,0,12,1965
0x64774d,73.3333%,12,33,45,4,5,7,29
0x4b4928,95.3846%,12,248,260,248,12,0,0
0x534703,88.1188%,12,89,101,89,12,0,0
0x5fae59,75%,12,36,48,8,7,5,28
0x4b48f6,83.0986%,12,59,71,0,0,12,59
0xa4ff22,66.6667%,12,24,36,22,0,12,2
0x40517e,99.8551%,12,8270,8282,8270,12,0,0
0x4ba398,98.6711%,12,891,903,54,8,4,837
0xa551ee,95.8763%,12,279,291,279,12,0,0
0x9e269f,97.7737%,12,527,539,527,12,0,0
0x5fba07,96.9072%,12,376,388,0,2,10,376
0x8139a9,72.7273%,12,32,44,5,8,4,27
0x537f26,98.3584%,12,719,731,0,0,12,719
0x4897ed,67.5676%,12,25,37,0,0,12,25
0x7911e6,45.4545%,12,10,22,0,0,12,10
0xa51204,73.913%,12,34,46,28,6,6,6
0x66d45b,99.1803%,12,1452,1464,1452,12,0,0
0x65a09e,99.2925%,12,1684,1696,142,10,2,1542
0x6188f3,96.2733%,12,310,322,0,0,12,310
0x783c5b,92.3077%,12,144,156,0,0,12,144
0x48e8fe,60.7143%,11,17,28,17,9,2,0
0xa30858,98.9423%,11,1029,1040,0,0,11,1029
0xa25e5e,85.8974%,11,67,78,67,11,0,0
0x9730ca,56%,11,14,25,14,11,0,0
0xa398ac,21.4286%,11,3,14,3,11,0,0
0x5e01ae,92.4138%,11,134,145,134,11,0,0
0x8fe185,87.2093%,11,75,86,75,11,0,0
0x6070bb,95.6693%,11,243,254,9,1,10,234
0xacfbca,85.8974%,11,67,78,23,5,6,44
0x40e727,94.6341%,11,194,205,178,7,4,16
0x9f3e78,93.0818%,11,148,159,148,10,1,0
0xa25ea5,98.9141%,11,1002,1013,0,0,11,1002
0x9e7039,76.087%,11,35,46,0,10,1,35
0x508d88,60.7143%,11,17,28,15,8,3,2
0x9eb387,85.1351%,11,63,74,0,2,9,63
0x512ae0,97.1354%,11,373,384,373,11,0,0
0xa51a81,52.1739%,11,12,23,6,10,1,6
0x9f5eb1,97.4178%,11,415,426,415,7,4,0
0x8dff6f,81.0345%,11,47,58,40,4,7,7
0x502003,65.625%,11,21,32,5,11,0,16
0x9ead45,93.9227%,11,170,181,170,11,0,0
0x8137b1,81.9672%,11,50,61,49,10,1,1
0x96993c,83.0769%,11,54,65,0,8,3,54
0x4c979e,35.2941%,11,6,17,5,0,11,1
0x48d7ad,99.3575%,11,1701,1712,0,0,11,1701
0xa4a19b,89.4231%,11,93,104,38,3,8,55
0x8dca35,90%,11,99,110,99,11,0,0
0x8ee5af,73.8095%,11,31,42,0,0,11,31
0x5f5299,99.6396%,11,3041,3052,3041,11,0,0
0x8a24d0,96.8571%,11,339,350,339,11,0,0
0x9a7275,45%,11,9,20,1,4,7,8
0x9a76a0,97.9927%,11,537,548,537,11,0,0
0x402c09,99.8808%,11,9215,9226,0,0,11,9215
0x4bc7ad,88.2979%,11,83,94,46,6,5,37
0x9e1097,62.069%,11,18,29,0,0,11,18
0xa508a9,97.8261%,11,495,506,495,11,0,0
0x9ed3b3,97.2292%,11,386,397,386,11,0,0
0x499ae1,92.1429%,11,129,140,129,11,0,0
0x5011eb,99.7228%,11,3957,3968,0,0,11,3957
0xa33d29,96.83%,11,336,347,336,11,0,0
0xa508e5,96.9613%,11,351,362,0,4,7,351
0x8eb668,84.7222%,11,61,72,0,6,5,61
0x9ab81b,95.2174%,11,219,230,0,0,11,219
0x67a6f5,99.601%,11,2746,2757,0,0,11,2746
0x6386c2,99.7233%,11,3965,3976,3965,11,0,0
0x9eb401,82.5397%,11,52,63,0,0,11,52
0xa3407f,95.1111%,11,214,225,120,11,0,94
0x63fbd8,98.8554%,11,950,961,950,11,0,0
0x8ee224,93.9891%,11,172,183,0,0,11,172
0x990abf,89.2157%,11,91,102,91,11,0,0
0x5356c2,81.9672%,11,50,61,0,0,11,50
0x48a0c4,99.72%,11,3917,3928,3917,11,0,0
0x8d9ba4,99.2568%,11,1469,1480,0,0,11,1469
0x9ab59f,94.5%,11,189,200,0,0,11,189
0xa2e7c1,87.0588%,11,74,85,0,0,11,74
0x9f99f8,73.1707%,11,30,41,30,11,0,0
0x8bd6d0,99.4637%,11,2040,2051,2040,11,0,0
0x900c45,96.7066%,11,323,334,323,11,0,0
0xa50930,96.9274%,11,347,358,0,0,11,347
0x5cb923,57.6923%,11,15,26,15,11,0,0
0x9e73ea,97.25%,11,389,400,2,5,6,387
0x8a990b,99.2517%,11,1459,1470,1459,7,4,0
0x942c7f,85.3333%,11,64,75,0,0,11,64
0x611428,84.9315%,11,62,73,57,7,4,5
0x5062d0,98.2998%,11,636,647,0,0,11,636
0x9f556f,86.25%,11,69,80,69,11,0,0
0x506343,88.172%,11,82,93,82,11,0,0
0x8149d1,99.1028%,11,1215,1226,886,10,1,329
0x49e987,93.1677%,11,150,161,150,11,0,0
0x7efe85,92.6174%,11,138,149,138,11,0,0
0x9a660f,93.75%,11,165,176,165,11,0,0
0x8df03d,31.25%,11,5,16,5,11,0,0
0x403cc4,89.5238%,11,94,105,1,5,6,93
0xaa2376,75.5556%,11,34,45,10,1,10,24
0x47f282,98.577%,11,762,773,0,0,11,762
0x819175,67.6471%,11,23,34,0,0,11,23
0x8c75b5,99.4286%,11,1914,1925,1914,11,0,0
0x9f6d1c,94.9541%,11,207,218,207,11,0,0
0x5bb898,98.8625%,11,956,967,0,3,8,956
0x609f24,99.8633%,11,8034,8045,0,0,11,8034
0x9ab27e,98.4615%,11,704,715,0,0,11,704
0xa5c3d8,88.8889%,11,88,99,83,11,0,5
0x60bb4f,38.8889%,11,7,18,0,0,11,7
0x5d3e42,91.7293%,11,122,133,122,11,0,0
0x9f176d,87.7778%,11,79,90,44,6,5,35
0x8df3d0,31.25%,11,5,16,0,0,11,5
0x9e118e,62.069%,11,18,29,18,11,0,0
0xa5c505,80.3571%,11,45,56,43,10,1,2
0x973065,59.2593%,11,16,27,6,6,5,10
0xa45166,97.2362%,11,387,398,0,4,7,387
0xa5c193,84.7222%,11,61,72,61,9,2,0
0x973d72,88.5417%,11,85,96,0,0,11,85
0x7d2d99,96.8839%,11,342,353,322,11,0,20
0x907570,52.1739%,11,12,23,0,0,11,12
0x508887,0%,11,0,11,0,0,11,0
0x5073c5,0%,11,0,11,0,11,0,0
0x99131a,35.2941%,11,6,17,0,0,11,6
0x8ef4e1,73.8095%,11,31,42,23,10,1,8
0x8f105e,72.5%,11,29,40,29,3,8,0
0xa45fb3,95.4357%,11,230,241,0,4,7,230
0x81b22b,97.8887%,11,510,521,0,0,11,510
0x55572c,95.5645%,11,237,248,0,3,8,237
0xa2e953,79.2453%,11,42,53,5,6,5,37
0xa3baa9,95.1754%,11,217,228,0,0,11,217
0x7d2062,98.018%,11,544,555,379,4,7,165
0x9f0ad2,98.7269%,11,853,864,0,0,11,853
0x9a1c23,94.5813%,11,192,203,26,4,7,166
0x59c9a1,86.25%,11,69,80,63,6,5,6
0xa3abbb,21.4286%,11,3,14,0,0,11,3
0x58c8d9,96.2963%,11,286,297,150,11,0,136
0x8e4dba,97.2772%,11,393,404,0,0,11,393
0x48b094,21.4286%,11,3,14,3,11,0,0
0x48b19a,74.4186%,11,32,43,31,8,3,1
0x5419f8,98.9758%,11,1063,1074,0,0,11,1063
0x8e4c11,95.7364%,11,247,258,247,11,0,0
0x40370b,98.6094%,11,780,791,0,0,11,780
0xa57051,93.4524%,11,157,168,0,0,11,157
0x53565f,94.1799%,11,178,189,1,5,6,177
0x8171c5,98.6951%,11,832,843,274,8,3,558
0xa5728d,78.8462%,11,41,52,1,10,1,40
0x51063c,99.3069%,11,1576,1587,609,5,6,967
0x59c362,64.5161%,11,20,31,14,9,2,6
0xa3e5ec,31.25%,11,5,16,5,11,0,0
0xa9287f,77.551%,11,38,49,36,7,4,2
0x9bb6b3,83.0769%,11,54,65,54,9,2,0
0x9c3cc6,75.5556%,11,34,45,34,11,0,0
0x499371,73.8095%,11,31,42,24,2,9,7
0x90a157,83.0769%,11,54,65,54,11,0,0
0x554f84,81.3559%,11,48,59,0,4,7,48
0x9a621f,62.069%,11,18,29,17,7,4,1
0x60bd9e,64.5161%,11,20,31,14,7,4,6
0x4c59bb,80%,11,44,55,0,0,11,44
0x821802,98.1164%,11,573,584,0,0,11,573
0x53e8d0,92.8571%,11,143,154,143,11,0,0
0xa501da,35.2941%,11,6,17,6,11,0,0
0x643853,75.5556%,11,34,45,34,11,0,0
0x609782,86.747%,11,72,83,72,11,0,0
0x99c861,88.7755%,11,87,98,0,0,11,87
0x40e3aa,97.5281%,11,434,445,0,4,7,434
0x8379ce,85.5263%,11,65,76,24,4,7,41
0x8e278e,99.7956%,11,5371,5382,0,0,11,5371
0x53ecdb,92.8571%,11,143,154,137,9,2,6
0x5f2138,69.4444%,11,25,36,0,0,11,25
0x7b7fc8,90.5172%,11,105,116,79,10,1,26
0x49f54c,38.8889%,11,7,18,7,11,0,0
0x4bca68,31.25%,11,5,16,3,7,4,2
0xaa4607,88.8889%,11,88,99,0,0,11,88
0xa2fca5,95.1754%,11,217,228,3,1,10,214
0xaac977,47.619%,11,10,21,10,11,0,0
0x638ef2,96.7456%,11,327,338,0,0,11,327
0xa335ee,99.2297%,11,1417,1428,1417,11,0,0
0xa32dbe,95.5285%,11,235,246,1,8,3,234
0x58e427,90.2655%,11,102,113,4,0,11,98
0x95929f,91.4062%,11,117,128,0,0,11,117
0xaae1b4,99.7084%,11,3761,3772,3761,11,0,0
0x9f2696,97.4537%,11,421,432,0,0,11,421
0x49e765,99.6235%,11,2911,2922,0,0,11,2911
0x8065fe,59.2593%,11,16,27,7,8,3,9
0x50c10c,45%,11,9,20,0,0,11,9
0x972740,95.9707%,11,262,273,0,0,11,262
0x4c63e1,75%,11,33,44,8,7,4,25
0x50902e,45%,11,9,20,3,11,0,6
0x4b8b1a,31.25%,11,5,16,1,11,0,4
0x4bf831,89.4231%,11,93,104,93,11,0,0
0x99acb5,95.6863%,11,244,255,244,11,0,0
0x50c75a,45%,11,9,20,0,0,11,9
0x54179c,91.9118%,11,125,136,125,11,0,0
0xa4a74f,62.069%,11,18,29,0,6,5,18
0x40f673,99.8399%,11,6860,6871,6860,11,0,0
0x507794,38.8889%,11,7,18,7,9,2,0
0xa27554,94.9074%,11,205,216,205,11,0,0
0xa030fb,83.8235%,11,57,68,57,9,2,0
0x8dd3ac,98.7627%,11,878,889,868,3,8,10
0x4a98af,42.1053%,11,8,19,8,11,0,0
0x5ff85e,76.087%,11,35,46,35,11,0,0
0x5f766a,91.2%,11,114,125,114,11,0,0
0x9f3242,92.9032%,11,144,155,0,0,11,144
0x908ca8,99.7426%,11,4263,4274,3715,5,6,548
0x8e739a,96.5944%,11,312,323,0,0,11,312
0x499c29,79.2453%,11,42,53,42,11,0,0
0x8df018,91.6031%,11,120,131,108,7,4,12
0x659fc1,99.4425%,11,1962,1973,1945,4,7,17
0x8e0aa5,98.1229%,11,575,586,133,8,3,442
0x5d1c69,45%,11,9,20,0,0,11,9
0xb14920,99.7063%,11,3734,3745,0,0,11,3734
0x806f6a,97.1939%,11,381,392,0,0,11,381
0x50d03b,89.9083%,11,98,109,0,0,11,98
0x983f71,86.5854%,11,71,82,55,11,0,16
0x64f2d6,50%,11,11,22,11,11,0,0
0x5d22be,99.1165%,11,1234,1245,277,7,4,957
0xa26565,99.3433%,11,1664,1675,0,0,11,1664
0x8f53b5,94.0541%,11,174,185,174,11,0,0
0xa9687d,95.1327%,11,215,226,0,0,11,215
0x805720,89.6226%,11,95,106,95,9,2,0
0xa5290b,94.1489%,11,177,188,177,11,0,0
0x490621,86.0759%,11,68,79,0,0,11,68
0xa2ef37,94.0217%,11,173,184,98,2,9,75
0x5f76b8,98.1878%,11,596,607,596,9,2,0
0x609600,86.747%,11,72,83,0,0,11,72
0x965fb6,86.747%,11,72,83,0,0,11,72
0xa281d5,94.7368%,11,198,209,198,11,0,0
0x4c4720,82.2581%,11,51,62,48,9,2,3
0x9e1010,86.25%,11,69,80,23,8,3,46
0x94a0c6,94.686%,11,196,207,196,11,0,0
0x504c2d,98.2893%,11,632,643,629,3,8,3
0x9eb0a3,84.7222%,11,61,72,61,9,2,0
0x545d15,99.4943%,11,2164,2175,0,0,11,2164
0x5423a5,94.9772%,11,208,219,0,0,11,208
0xab366a,38.8889%,11,7,18,0,0,11,7
0x4a9d2a,52.1739%,11,12,23,7,9,2,5
0x813a13,75%,11,33,44,16,6,5,17
0xa2edbe,62.069%,11,18,29,0,0,11,18
0x4c13fe,54.1667%,11,13,24,11,6,5,2
0xb32360,98.8648%,11,958,969,0,0,11,958
0x8a2675,96.0854%,11,270,281,0,0,11,270
0x819326,98.5825%,11,765,776,0,0,11,765
0x409dff,42.1053%,11,8,19,2,1,10,6
0x9ea3bd,84.7222%,11,61,72,0,0,11,61
0x78d828,98.3752%,11,666,677,0,0,11,666
0xa8f93e,93.2927%,11,153,164,9,9,2,144
0x90298b,77.0833%,11,37,48,37,11,0,0
0xa60c6a,95.3586%,11,226,237,0,0,11,226
0x9ea2d9,84.7222%,11,61,72,61,11,0,0
0xa39cf7,98.5372%,11,741,752,741,11,0,0
0x80581c,93.75%,11,165,176,164,2,9,1
0xa58f0e,90.7563%,11,108,119,0,0,11,108
0xa9d412,45%,11,9,20,9,11,0,0
0x90fe14,99.6047%,11,2772,2783,2772,11,0,0
0x67e33f,86.25%,11,69,80,0,0,11,69
0x80fcdf,99.0756%,11,1179,1190,0,0,11,1179
0x8f68f6,98.9331%,11,1020,1031,1020,9,2,0
0xa60b63,90.5172%,11,105,116,105,11,0,0
0x9fbbad,94.8837%,11,204,215,204,11,0,0
0x9f5d10,60.7143%,11,17,28,0,0,11,17
0x538906,97.5391%,11,436,447,435,4,7,1
0x50620a,98.2998%,11,636,647,0,0,11,636
0x60ba88,38.8889%,11,7,18,5,8,3,2
0x4a5e0d,83.0769%,11,54,65,36,4,7,18
0x8f3620,97.2772%,11,393,404,4,8,3,389
0x8aede7,92.4658%,11,135,146,129,10,1,6
0xa51ce0,8.33333%,11,1,12,0,0,11,1
0x50be4e,97.9206%,11,518,529,0,0,11,518
0x40e32d,95.5285%,11,235,246,235,11,0,0
0x9a4809,45%,11,9,20,1,7,4,8
0xa15e3a,45%,11,9,20,2,6,5,7
0x5f837d,47.619%,11,10,21,2,2,9,8
0x9f3f52,93.3333%,11,154,165,0,0,11,154
0x5c5181,66.6667%,11,22,33,0,0,11,22
0x5f0663,87.7778%,11,79,90,1,5,6,78
0x901840,95.7031%,11,245,256,245,11,0,0
0x406b9a,54.1667%,11,13,24,13,11,0,0
0xa410ed,68.5714%,11,24,35,3,5,6,21
0xaa8e38,86.5854%,11,71,82,71,11,0,0
0x90a646,75%,11,33,44,27,6,5,6
0x81f713,98.8753%,11,967,978,0,0,11,967
0xa9ed60,86.4198%,11,70,81,70,11,0,0
0x97815e,91.7293%,11,122,133,122,11,0,0
0x911226,85.5263%,11,65,76,65,11,0,0
0x81905d,67.6471%,11,23,34,0,0,11,23
0x504563,98.5135%,11,729,740,0,0,11,729
0x9d0706,64.5161%,11,20,31,20,11,0,0
0x8107be,95.6349%,11,241,252,239,7,4,2
0x9485d9,99.2372%,11,1431,1442,1431,11,0,0
0xa93815,95.7031%,11,245,256,245,11,0,0
0x9ebaea,97.1354%,11,373,384,0,0,11,373
0xa552ab,95.8491%,11,254,265,254,11,0,0
0xa2d9cf,98.1938%,11,598,609,0,4,7,598
0x8edd96,97.561%,11,440,451,0,0,11,440
0x446563,98.1261%,11,576,587,0,1,10,576
0x9a6fa6,57.6923%,11,15,26,4,6,5,11
0x499b18,98.2287%,11,610,621,610,11,0,0
0xa976e5,45%,11,9,20,4,6,5,5
0x8ea142,99.5554%,11,2463,2474,0,0,11,2463
0x554555,96.2963%,11,286,297,0,8,3,286
0x8e4425,99.5215%,11,2288,2299,0,0,11,2288
0x8ff2a6,85.7143%,11,66,77,2,8,3,64
0x507faf,98.5135%,11,729,740,162,4,7,567
0x9aaf40,91.129%,11,113,124,113,11,0,0
0x508bc1,97.9362%,11,522,533,522,11,0,0
0x5bae1f,94.5%,11,189,200,188,10,1,1
0x50b199,75%,11,33,44,32,8,3,1
0xb46759,93.4132%,11,156,167,0,0,11,156
0x8b96fc,99.9441%,11,19681,19692,2,0,11,19679
0xa93e56,8.33333%,11,1,12,1,11,0,0
0x50734b,98.5135%,11,729,740,0,0,11,729
0x65c2c8,99.7696%,11,4763,4774,0,0,11,4763
0xa34f52,92.5676%,11,137,148,137,11,0,0
0x5c33c7,95.1965%,11,218,229,3,5,6,215
0xa058fa,47.619%,11,10,21,0,7,4,10
0x809fdc,96.6361%,11,316,327,316,11,0,0
0x81ffeb,96.5944%,11,312,323,116,10,1,196
0xa96824,57.6923%,11,15,26,15,11,0,0
0x976e15,95.5285%,11,235,246,0,0,11,235
0x494efe,60.7143%,11,17,28,4,7,4,13
0x503a13,98.2026%,11,601,612,5,4,7,596
0x9e291e,72.5%,11,29,40,8,2,9,21
0x60dc21,81.6667%,11,49,60,0,0,11,49
0x9a7f61,92.7152%,11,140,151,116,11,0,24
0x9095d9,99.407%,11,1844,1855,1844,11,0,0
0x9ef181,93.6782%,11,163,174,163,11,0,0
0x48dda0,94.4444%,11,187,198,187,11,0,0
0x809e1a,92.7152%,11,140,151,0,0,11,140
0x80d4b0,90%,11,99,110,87,3,8,12
0x60e060,92.9032%,11,144,155,144,11,0,0
0x8a6f9a,97.3621%,11,406,417,5,6,5,401
0x556f54,80%,11,44,55,0,0,11,44
0x7d3103,97.027%,11,359,370,13,6,5,346
0x8bcc65,64.5161%,11,20,31,0,0,11,20
0x492d5f,84.7222%,11,61,72,0,7,4,61
0x48e0d9,88.7755%,11,87,98,16,0,11,71
0xa58b24,88.5417%,11,85,96,85,11,0,0
0xa58d39,88.5417%,11,85,96,0,0,11,85
0x901b80,95.6%,11,239,250,0,0,11,239
0x8ff636,73.8095%,11,31,42,31,11,0,0
0xa56625,97.8682%,11,505,516,0,0,11,505
0x58c5c4,67.6471%,11,23,34,20,3,8,3
0x8fe1a7,86.25%,11,69,80,69,11,0,0
0x546a3c,92.6667%,11,139,150,0,4,7,139
0x55013d,77.0833%,11,37,48,34,11,0,3
0xa31283,78.8462%,11,41,52,41,11,0,0
0x9115fd,94.5274%,11,190,201,190,11,0,0
0x902133,77.0833%,11,37,48,10,6,5,27
0xa59270,90.7563%,11,108,119,1,9,2,107
0xaa111d,69.4444%,11,25,36,25,11,0,0
0x8fdf00,99.9672%,11,33489,33500,33489,11,0,0
0x48de73,90.1786%,11,101,112,0,0,11,101
0x819d73,96.6361%,11,316,327,0,0,11,316
0x9093e1,99.7037%,11,3701,3712,3701,11,0,0
0x5b9b59,80.3571%,11,45,56,0,0,11,45
0x40ab39,35.2941%,11,6,17,0,11,0,6
0x9e774d,79.2453%,11,42,53,36,10,1,6
0x63ae5e,95.4357%,11,230,241,230,11,0,0
0x81b15c,96.53%,11,306,317,306,11,0,0
0x4999d8,85.1351%,11,63,74,41,7,4,22
0x49c724,97.593%,11,446,457,0,0,11,446
0xa9d3a3,57.6923%,11,15,26,9,9,2,6
0x816b55,99.4945%,11,2165,2176,1333,1,10,832
0x69dd39,8.33333%,11,1,12,0,0,11,1
0x610606,88.172%,11,82,93,3,1,10,79
0x4c1838,94.4444%,11,187,198,170,8,3,17
0x50a057,97.7597%,11,480,491,0,0,11,480
0x901933,96.9188%,11,346,357,0,0,11,346
0x8ef5db,91.8519%,11,124,135,124,11,0,0
0x6616e6,96.3333%,11,289,300,190,10,1,99
0x8a5cee,94.9541%,11,207,218,0,0,11,207
0x53ab3c,76.5957%,11,36,47,0,6,5,36
0x80e75e,92.6667%,11,139,150,0,4,7,139
0x66f6e9,42.1053%,11,8,19,7,11,0,1
0x4050c0,47.619%,11,10,21,8,2,9,2
0xa5ec18,96.2069%,11,279,290,6,4,7,273
0x5962d7,73.8095%,11,31,42,19,4,7,12
0x640348,98.8554%,11,950,961,950,11,0,0
0x72359e,99.2393%,11,1435,1446,0,0,11,1435
0x972841,45%,11,9,20,9,11,0,0
0x8e4279,99.4436%,11,1966,1977,0,0,11,1966
0x404a08,88.6598%,11,86,97,15,7,4,71
0x53d9ef,99.3401%,11,1656,1667,42,8,3,1614
0x53de78,97.9087%,11,515,526,0,0,11,515
0x5485a4,94.5274%,11,190,201,0,0,11,190
0x9eb75c,93.4524%,11,157,168,0,1,10,157
0x81c35b,95.2991%,11,223,234,223,11,0,0
0x9ef0c6,98.8922%,11,982,993,0,0,11,982
0xa8fc74,93.5294%,11,159,170,159,11,0,0
0x8adcdc,47.619%,11,10,21,10,11,0,0
0x80fc27,67.6471%,11,23,34,14,2,9,9
0x4872de,99.0385%,11,1133,1144,0,0,11,1133
0x4a9473,82.5397%,11,52,63,52,11,0,0
0x509824,99.4642%,11,2042,2053,0,0,11,2042
0x5cf3e5,99.4214%,11,1890,1901,0,0,11,1890
0x49f94b,99.1729%,11,1319,1330,0,0,11,1319
0xa92582,94.1799%,11,178,189,178,11,0,0
0x8f1ff3,71.7949%,11,28,39,28,11,0,0
0xa1bb4f,26.6667%,11,4,15,4,11,0,0
0x58b8c1,90%,11,99,110,0,0,11,99
0xa34552,90.2655%,11,102,113,0,0,11,102
0x904251,97.3171%,11,399,410,399,11,0,0
0x63ea39,99.1577%,11,1295,1306,1295,11,0,0
0xa50cdf,87.5%,11,77,88,0,0,11,77
0xa63b52,91.2%,11,114,125,114,11,0,0
0x60a8f0,98.6076%,11,779,790,0,0,11,779
0x81b88e,97.8887%,11,510,521,0,0,11,510
0x8f565b,97.1204%,11,371,382,183,8,3,188
0xa30583,93.5294%,11,159,170,159,7,4,0
0xa59327,74.4186%,11,32,43,0,0,11,32
0xa5ab9d,60.7143%,11,17,28,4,3,8,13
0x54f3a2,35.2941%,11,6,17,6,11,0,0
0x8c7c59,90.9836%,11,111,122,111,11,0,0
0xa44771,78.8462%,11,41,52,41,11,0,0
0x4aabe7,73.1707%,11,30,41,3,8,3,27
0xa15d20,77.551%,11,38,49,33,8,3,5
0x503a8e,81.9672%,11,50,61,50,9,2,0
0xa9c5e4,80.7018%,11,46,57,9,6,5,37
0x4036cf,98.6094%,11,780,791,10,2,9,770
0x48de9d,89.5238%,11,94,105,0,0,11,94
0x502c09,15.3846%,11,2,13,0,0,11,2
0x58d15f,89.2157%,11,91,102,25,5,6,66
0x50aa8a,83.0769%,11,54,65,54,11,0,0
0x50735d,98.5135%,11,729,740,0,7,4,729
0x643a81,98.5545%,11,750,761,0,0,11,750
0x48c166,88.7755%,11,87,98,87,11,0,0
0xa3ba4d,92.3611%,11,133,144,1,3,8,132
0x8c8d01,99.8122%,11,5845,5856,5843,5,6,2
0x95245a,95.9259%,11,259,270,0,0,11,259
0x81aea7,98.7028%,11,837,848,834,9,2,3
0x6f4542,38.8889%,11,7,18,0,0,11,7
0x8f3a8c,93.6782%,11,163,174,163,11,0,0
0xb1ae9d,97.4596%,11,422,433,422,11,0,0
0x9c3ee0,87.2093%,11,75,86,51,3,8,24
0x8b9cc5,84.9315%,11,62,73,0,0,11,62
0x9f7b25,93.7853%,11,166,177,0,0,11,166
0x4fdc37,66.6667%,11,22,33,4,0,11,18
0x8e7e86,87.9121%,11,80,91,6,6,5,74
0x65bd34,93.7853%,11,166,177,0,0,11,166
0x5341ec,90.678%,11,107,118,12,5,6,95
0x8fe40b,95.339%,11,225,236,111,5,6,114
0x4bb713,94.7368%,11,198,209,0,0,11,198
0x81cb46,81.6667%,11,49,60,0,0,11,49
0x4bb967,94.6078%,11,193,204,193,11,0,0
0x904863,94.0541%,11,174,185,174,11,0,0
0xa35906,98.9011%,11,990,1001,0,0,11,990
0xa25b89,98.9141%,11,1002,1013,1002,11,0,0
0x4bb9e3,82.2581%,11,51,62,35,6,5,16
0x97379d,72.5%,11,29,40,0,0,11,29
0xa9171a,69.4444%,11,25,36,25,11,0,0
0x961343,89.1089%,11,90,101,90,11,0,0
0x4bcc07,64.5161%,11,20,31,1,1,10,19
0x4bcc17,89.7196%,11,96,107,0,0,11,96
0x98b426,79.2453%,11,42,53,38,10,1,4
0x50a48c,91.9118%,11,125,136,125,11,0,0
0x80451f,59.2593%,11,16,27,0,10,1,16
0x4a25fe,98.5861%,11,767,778,0,0,11,767
0xb2463b,99.9076%,11,11888,11899,0,0,11,11888
0x81e180,94.8837%,11,204,215,0,0,11,204
0xa43ce5,98.0144%,11,543,554,0,0,11,543
0x488beb,97.8261%,11,495,506,0,0,11,495
0x537af4,99.4613%,11,2031,2042,0,0,11,2031
0x90969d,99.4076%,11,1846,1857,1846,11,0,0
0x8127ce,76.087%,11,35,46,33,4,7,2
0x403a05,70.2703%,11,26,37,4,0,11,22
0x9f2a65,89.4231%,11,93,104,93,6,5,0
0x9e29eb,86.5854%,11,71,82,0,0,11,71
0xa95b91,91.5385%,11,119,130,0,0,11,119
0x9f9786,65.625%,11,21,32,21,1,10,0
0x508072,97.9167%,11,517,528,128,8,3,389
0xa27620,99.4405%,11,1955,1966,1955,11,0,0
0x8ed01d,65.625%,11,21,32,17,9,2,4
0x8a8c48,98.1197%,11,574,585,41,4,7,533
0x8dc1ed,98.5861%,11,767,778,767,11,0,0
0xa4a62a,73.1707%,11,30,41,2,6,5,28
0x5f75e4,98.3308%,11,648,659,648,9,2,0
0x98127e,88.0435%,11,81,92,65,7,4,16
0x8d24d8,86.5854%,11,71,82,71,11,0,0
0x9d01ed,96.8208%,11,335,346,7,7,4,328
0x49c7f7,80.3571%,11,45,56,0,0,11,45
0xa99b8a,26.6667%,11,4,15,4,11,0,0
0xa3a108,98.7557%,11,873,884,1,2,9,872
0xa4bbae,21.4286%,11,3,14,3,11,0,0
0x53aedc,76.5957%,11,36,47,5,1,10,31
0x508ba8,98.5135%,11,729,740,157,9,2,572
0x9f2947,98.0769%,11,561,572,561,11,0,0
0x610af6,96.9613%,11,351,362,0,0,11,351
0x8ba0d7,99.884%,11,9470,9481,9470,11,0,0
0x489a3f,97.2222%,11,385,396,0,0,11,385
0x489a22,97.2222%,11,385,396,385,11,0,0
0x80f918,85.1351%,11,63,74,33,4,7,30
0x81bc33,94.6602%,11,195,206,0,2,9,195
0x983f00,82.8125%,11,53,64,0,0,11,53
0x59117a,88.0435%,11,81,92,81,11,0,0
0x803776,97.2081%,11,383,394,383,11,0,0
0x8a70ae,80.3571%,11,45,56,0,0,11,45
0x4991ca,64.5161%,11,20,31,10,4,7,10
0x50520b,98.5135%,11,729,740,0,0,11,729
0x9e29d3,93.6416%,11,162,173,0,0,11,162
0x40bc36,89.3204%,11,92,103,91,8,3,1
0x9f3233,93.0818%,11,148,159,0,4,7,148
0x49de4b,88.7755%,11,87,98,23,5,6,64
0x943db5,92.0863%,11,128,139,128,11,0,0
0x4a72bc,95.1327%,11,215,226,214,11,0,1
0xb17eaa,98.9632%,11,1050,1061,1050,11,0,0
0xb23001,92.8571%,11,143,154,143,11,0,0
0x833b1c,87.2093%,11,75,86,74,10,1,1
0x40f3be,98.4529%,11,700,711,29,11,0,671
0x8042d9,71.7949%,11,28,39,11,7,4,17
0x4c02c0,78.4314%,11,40,51,12,1,10,28
0x40ac87,57.6923%,11,15,26,10,9,2,5
0x8ea94f,99.102%,11,1214,1225,0,0,11,1214
0x9d0997,78.4314%,11,40,51,37,10,1,3
0x5d1e5b,90%,11,99,110,99,11,0,0
0x9d0c0d,89.2157%,11,91,102,41,10,1,50
0xa285c7,63.3333%,11,19,30,0,0,11,19
0x9d0354,97.0109%,11,357,368,0,5,6,357
0x48a5dc,99.2419%,11,1440,1451,1440,11,0,0
0x8f60af,94.3299%,11,183,194,0,0,11,183
0x90a6d1,75%,11,33,44,33,11,0,0
0x81b0e5,96.53%,11,306,317,0,2,9,306
0x8a94e5,99.2834%,11,1524,1535,0,0,11,1524
0x9739c5,72.5%,11,29,40,0,0,11,29
0x4a7bc3,78.4314%,11,40,51,40,11,0,0
0x4aadfe,72.5%,11,29,40,0,0,11,29
0x50cdf8,96.5732%,11,310,321,0,0,11,310
0x974fdc,63.3333%,11,19,30,13,11,0,6
0x488e69,92.9487%,11,145,156,145,7,4,0
0x49df0a,21.4286%,11,3,14,3,11,0,0
0xa4d309,69.4444%,11,25,36,25,11,0,0
0x5c4653,85.7143%,11,66,77,0,0,11,66
0x550a0a,67.6471%,11,23,34,23,11,0,0
0x8e2636,99.7915%,11,5264,5275,0,0,11,5264
0xb1c919,98.6301%,11,792,803,792,11,0,0
0x80680a,72.5%,11,29,40,4,8,3,25
0xb17a53,98.4615%,11,704,715,0,0,11,704
0x9739a5,72.5%,11,29,40,0,0,11,29
0xa25b1f,98.9141%,11,1002,1013,0,0,11,1002
0xb2e2f1,77.0833%,11,37,48,1,1,10,36
0xa35d80,97.5446%,11,437,448,0,0,11,437
0x9f5f0e,97.3934%,11,411,422,411,7,4,0
0x60a775,99.1393%,11,1267,1278,0,0,11,1267
0xa36816,97.5057%,11,430,441,0,0,11,430
0x50fde2,99.9164%,11,13146,13157,0,0,11,13146
0xa0667a,82.5397%,11,52,63,9,9,2,43
0xa07444,81.6667%,11,49,60,7,4,7,42
0x81f121,98.7224%,11,850,861,0,0,11,850
0x6105cd,88.172%,11,82,93,82,11,0,0
0x4872fe,98.3965%,11,675,686,0,0,11,675
0x40992f,96.4516%,11,299,310,299,11,0,0
0xa59cbc,38.8889%,11,7,18,4,11,0,3
0x4b82fa,0%,11,0,11,0,0,11,0
0x5344f5,71.0526%,11,27,38,27,7,4,0
0x5ec0f3,21.4286%,11,3,14,3,11,0,0
0x58d2e5,88.0435%,11,81,92,81,11,0,0
0xa30c4b,92.9936%,11,146,157,0,0,11,146
0xa27371,64.5161%,11,20,31,17,4,7,3
0x4aade9,72.5%,11,29,40,0,1,10,29
0x4bc378,96.6565%,11,318,329,318,11,0,0
0x51b72a,42.1053%,11,8,19,8,11,0,0
0x9ea285,31.25%,11,5,16,5,9,2,0
0xa2cc44,97.4359%,11,418,429,0,0,11,418
0xa074e0,54.1667%,11,13,24,7,6,5,6
0x97b8df,73.1707%,11,30,41,30,11,0,0
0xa9b632,90.8333%,11,109,120,109,5,6,0
0x780608,96.6258%,11,315,326,0,2,9,315
0x94c697,98.0496%,11,553,564,553,11,0,0
0x81c5bd,83.3333%,11,55,66,55,11,0,0
0x9a4915,31.25%,11,5,16,1,11,0,4
0x906b05,96.9274%,11,347,358,347,11,0,0
0x8a91bd,71.0526%,11,27,38,24,7,4,3
0x94c925,82.8125%,11,53,64,0,0,11,53
0x489d13,99.726%,11,4004,4015,0,0,11,4004
0x556cdf,95.5466%,11,236,247,236,11,0,0
0x7c7212,91.4729%,11,118,129,110,7,4,8
0x8149f6,99.1028%,11,1215,1226,1215,9,2,0
0x811a47,98.6951%,11,832,843,832,11,0,0
0x5cf3ac,99.4214%,11,1890,1901,0,0,11,1890
0x406c78,81.0345%,11,47,58,47,11,0,0
0x4043ee,99.539%,11,2375,2386,0,0,11,2375
0x5f8d28,64.5161%,11,20,31,3,7,4,17
0x4c7050,86.747%,11,72,83,34,9,2,38
0x494330,89.5238%,11,94,105,32,6,5,62
0xa481e9,96.3576%,11,291,302,236,6,5,55
0x4a946c,82.5397%,11,52,63,0,0,11,52
0x9ee373,90%,11,99,110,0,0,11,99
0x8ff57c,52.1739%,11,12,23,12,10,1,0
0x8ee103,94.1176%,11,176,187,175,4,7,1
0x546338,97.5169%,11,432,443,432,11,0,0
0x9dfffc,98.4993%,11,722,733,0,0,11,722
0x81e72f,92.0863%,11,128,139,0,0,11,128
0x54c6a3,87.6404%,11,78,89,78,11,0,0
0x8e7304,96.6767%,11,320,331,237,3,8,83
0xaaae42,94.086%,11,175,186,0,0,11,175
0x819d9e,96.6361%,11,316,327,0,0,11,316
0x8bcc6a,79.2453%,11,42,53,27,11,0,15
0x4859f4,73.8095%,11,31,42,31,11,0,0
0x9bd16d,80%,11,44,55,44,11,0,0
0x5b02eb,87.7778%,11,79,90,0,0,11,79
0x9edaa7,73.1707%,11,30,41,25,9,2,5
0x5b4129,64.5161%,11,20,31,10,1,10,10
0x5c3649,98.468%,11,707,718,707,11,0,0
0x5ea9a8,93.2927%,11,153,164,126,11,0,27
0x787f38,81.6667%,11,49,60,4,6,5,45
0xa33a72,92.7632%,11,141,152,21,7,4,120
0x5f6d6b,72.5%,11,29,40,3,8,3,26
0x78e060,74.4186%,11,32,43,26,9,2,6
0x9f6565,90.678%,11,107,118,107,11,0,0
0x53ff05,97.4178%,11,415,426,412,10,1,3
0x495ed6,73.1707%,11,30,41,2,10,1,28
0xa944ca,62.069%,11,18,29,0,0,11,18
0xa571a6,73.1707%,11,30,41,0,0,11,30
0x5b0ef1,81.3559%,11,48,59,47,11,0,1
0x814f6f,38.8889%,11,7,18,0,0,11,7
0x48e5e7,77.0833%,11,37,48,37,11,0,0
0x67c172,54.1667%,11,13,24,0,0,11,13
0x4a6ec2,96.9014%,11,344,355,0,0,11,344
0x4b7c3b,0%,11,0,11,0,11,0,0
0x5d0e1e,99.1165%,11,1234,1245,1234,11,0,0
0x502c81,99.5593%,11,2485,2496,134,11,0,2351
0xa052d6,62.069%,11,18,29,16,9,2,2
0x510e7c,97.3872%,11,410,421,410,11,0,0
0x4c031d,78.4314%,11,40,51,40,11,0,0
0x816e29,99.7671%,11,4713,4724,3488,1,10,1225
0xa2e29b,82.8125%,11,53,64,0,0,11,53
0x782674,95.4167%,11,229,240,0,0,11,229
0x8b94d1,99.4464%,11,1976,1987,1976,11,0,0
0x8bc8d0,99.9355%,11,17033,17044,0,0,11,17033
0xa94210,60.7143%,11,17,28,2,0,11,15
0x9a4833,31.25%,11,5,16,3,5,6,2
0x5068ab,98.5135%,11,729,740,604,0,11,125
0x9e71c8,95.6%,11,239,250,239,9,2,0
0x9ed82a,82.8125%,11,53,64,53,11,0,0
0x48c28d,88.7755%,11,87,98,87,11,0,0
0x60a6c3,78%,11,39,50,0,0,11,39
0x4c0282,83.8235%,11,57,68,57,11,0,0
0x9ab369,99.0558%,11,1154,1165,0,0,11,1154
0xa36837,97.1649%,11,377,388,0,5,6,377
0xa3022a,94.359%,11,184,195,0,0,11,184
0x7942db,62.069%,11,18,29,2,11,0,16
0x49367e,91.4062%,11,117,128,117,11,0,0
0x511161,98.4286%,11,689,700,689,11,0,0
0x90aa1d,80.7018%,11,46,57,6,5,6,40
0xa4d6b8,71.0526%,11,27,38,0,2,9,27
0x403b0a,97.9964%,11,538,549,0,0,11,538
0x966022,42.1053%,11,8,19,2,7,4,6
0x5f8784,80.7018%,11,46,57,0,0,11,46
0x803f6d,95.8333%,11,253,264,0,0,11,253
0x4ac75b,45%,11,9,20,2,7,4,7
0x78f82c,62.069%,11,18,29,18,11,0,0
0xa9d222,54.1667%,11,13,24,11,9,2,2
0x4bb29c,97.5169%,11,432,443,430,11,0,2
0xa5eb95,96.2069%,11,279,290,0,10,1,279
0x88e2cf,88.7755%,11,87,98,87,11,0,0
0x8bb918,86.5854%,11,71,82,38,7,4,33
0x97bb6d,90.3509%,11,103,114,103,11,0,0
0x98cfdb,94.7115%,11,197,208,115,3,8,82
0x54daa5,71.7949%,11,28,39,0,0,11,28
0x88e491,71.7949%,11,28,39,28,11,0,0
0x7ce90b,99.081%,11,1186,1197,130,6,5,1056
0x81e0ed,94.8837%,11,204,215,204,11,0,0
0x908770,98.8554%,11,950,961,950,11,0,0
0x492ec2,84.7222%,11,61,72,4,4,7,57
0x8b94c5,99.4464%,11,1976,1987,0,0,11,1976
0x94cadb,72.5%,11,29,40,29,11,0,0
0x403d0c,79.6296%,11,43,54,10,4,7,33
0x8e4eaa,95.7364%,11,247,258,0,0,11,247
0x5fa960,59.2593%,11,16,27,0,0,11,16
0x55472d,82.8125%,11,53,64,37,7,4,16
0x78ab67,84.7222%,11,61,72,0,0,11,61
0x78268d,95.0226%,11,210,221,0,0,11,210
0x966564,86.747%,11,72,83,72,9,2,0
0x7c70a1,31.25%,11,5,16,0,3,8,5
0x8fe8d5,92.9487%,11,145,156,145,10,1,0
0x50337f,70.2703%,11,26,37,26,11,0,0
0xa41b63,98.5469%,11,746,757,0,0,11,746
0x9ecedb,74.4186%,11,32,43,0,0,11,32
0xab3234,94.2708%,11,181,192,181,11,0,0
0x81c05a,87.0588%,11,74,85,0,0,11,74
0x4a0311,75%,11,33,44,11,5,6,22
0x8f4a53,99.5609%,11,2494,2505,0,0,11,2494
0x508a77,0%,11,0,11,0,11,0,0
0xa4722a,93.4132%,11,156,167,156,11,0,0
0xa4278e,95.1111%,11,214,225,214,11,0,0
0x814582,85.7143%,11,66,77,23,9,2,43
0x50fe1c,99.4769%,11,2092,2103,0,2,9,2092
0x51196a,99.7294%,11,4054,4065,4054,11,0,0
0xaae6a2,76.5957%,11,36,47,36,11,0,0
0x50ff38,98.8613%,11,955,966,0,0,11,955
0x40bca4,89.3204%,11,92,103,1,3,8,91
0x90d17b,98.1636%,11,588,599,588,11,0,0
0x7d2fb4,83.5821%,11,56,67,1,1,10,55
0x5337cc,56%,11,14,25,13,5,6,1
0x8ed358,99.7631%,11,4633,4644,4633,5,6,0
0xa4ed6a,93.2099%,11,151,162,0,0,11,151
0x5b2b47,75.5556%,11,34,45,0,0,11,34
0x809068,95.0673%,11,212,223,212,9,2,0
0x8b974a,99.9462%,11,20429,20440,0,0,11,20429
0x8f76e4,75.5556%,11,34,45,30,10,1,4
0x4bbc8b,90.9091%,11,110,121,110,11,0,0
0x6096dc,93.2099%,11,151,162,0,0,11,151
0x977784,98.7528%,11,871,882,871,11,0,0
0x5fa74b,94.8837%,11,204,215,0,0,11,204
0x59e5fd,90.1786%,11,101,112,19,9,2,82
0x4b64e0,77.551%,11,38,49,0,0,11,38
0x53800e,98.5195%,11,732,743,732,5,6,0
0x59c4f3,52.1739%,11,12,23,1,11,0,11
0x64739a,98.1667%,11,589,600,0,0,11,589
0xa8fb84,95.0893%,11,213,224,0,0,11,213
0xa97459,92.6174%,11,138,149,39,3,8,99
0x678cb5,99.3868%,11,1783,1794,0,0,11,1783
0x404655,81.3559%,11,48,59,48,9,2,0
0x4b5034,92.1429%,11,129,140,8,1,10,121
0x48f7c0,80%,11,44,55,35,2,9,9
0x4bb5e1,78.8462%,11,41,52,41,11,0,0
0x5f96d8,38.8889%,11,7,18,0,10,1,7
0x51161a,99.3989%,11,1819,1830,1819,11,0,0
0x8131ef,99.3499%,11,1681,1692,0,0,11,1681
0x51c864,99.7807%,11,5004,5015,1,4,7,5003
0x48e050,88.7755%,11,87,98,67,6,5,20
0x5fadb9,66.6667%,11,22,33,0,0,11,22
0x47fa1f,42.1053%,11,8,19,8,11,0,0
0x8188e0,98.6699%,11,816,827,816,11,0,0
0x8ea60b,31.25%,11,5,16,5,7,4,0
0x544933,96.7456%,11,327,338,327,9,2,0
0x5481a4,99.899%,11,10875,10886,0,0,11,10875
0x8ba377,99.1803%,11,1331,1342,0,0,11,1331
0x535138,89%,11,89,100,0,0,11,89
0xb1489a,99.7417%,11,4247,4258,0,0,11,4247
0x5dd99b,91.7293%,11,122,133,122,10,1,0
0x53f2e9,97.4359%,11,418,429,418,11,0,0
0x49494b,91.0569%,11,112,123,112,11,0,0
0x53896e,99.3761%,11,1752,1763,1752,11,0,0
0xaa3ae5,42.1053%,11,8,19,0,0,11,8
0x53f310,97.4359%,11,418,429,418,11,0,0
0x547a79,96.7456%,11,327,338,0,0,11,327
0xa45dd5,78.8462%,11,41,52,0,0,11,41
0xa4d535,96.1131%,11,272,283,0,0,11,272
0xa494f4,97.8261%,11,495,506,495,11,0,0
0x48196b,62.069%,11,18,29,18,11,0,0
0xa45385,96.8391%,11,337,348,0,0,11,337
0xa5285a,94.1489%,11,177,188,177,7,4,0
0x554eda,92.2535%,11,131,142,0,0,11,131
0xa52f4b,94.2708%,11,181,192,170,2,9,11
0xa31b6e,64.5161%,11,20,31,2,4,7,18
0xa35896,99.1079%,11,1222,1233,0,0,11,1222
0x837ecf,89.4231%,11,93,104,93,9,2,0
0xb1799c,98.9632%,11,1050,1061,0,0,11,1050
0x90670c,91.129%,11,113,124,0,0,11,113
0x4a1e93,81.6667%,11,49,60,1,11,0,48
0x60e3d3,83.3333%,11,55,66,55,11,0,0
0xa52bba,72.5%,11,29,40,7,3,8,22
0x4c6fe9,66.6667%,11,22,33,0,0,11,22
0x5ee163,95.4545%,11,231,242,0,0,11,231
0x8fbf34,97.3494%,11,404,415,0,0,11,404
0x5b5d32,45%,11,9,20,0,0,11,9
0x547c79,92.8571%,11,143,154,0,0,11,143
0x49c1bc,89.4737%,10,85,95,0,0,10,85
0x9fcb05,60%,10,15,25,0,0,10,15
0x8063b8,81.4815%,10,44,54,0,1,9,44
0xa2f8b4,93.7888%,10,151,161,76,7,3,75
0x9ee037,93.7888%,10,151,161,0,0,10,151
0xa46ad5,82.1429%,10,46,56,46,10,0,0
0x8c748a,98.9396%,10,933,943,933,10,0,0
0x9ab88c,96.0784%,10,245,255,245,10,0,0
0x96b192,98.8975%,10,897,907,0,0,10,897
0x9112ea,98.4962%,10,655,665,655,10,0,0
0x94d8cd,98.6755%,10,745,755,745,10,0,0
0x8f75fa,93.6306%,10,147,157,147,10,0,0
0x99ab53,96.0938%,10,246,256,246,10,0,0
0x481693,73.6842%,10,28,38,0,0,10,28
0x483cdf,47.3684%,10,9,19,9,9,1,0
0x833a9c,90.9091%,10,100,110,97,2,8,3
0x8e9a79,96.2547%,10,257,267,257,10,0,0
0xa32ba0,98.9213%,10,917,927,0,0,10,917
0x81a0e5,89.011%,10,81,91,78,9,1,3
0x979996,77.2727%,10,34,44,34,10,0,0
0x8d3d08,98.3713%,10,604,614,0,0,10,604
0x90a0c4,90.8257%,10,99,109,64,1,9,35
0x48f91c,78.7234%,10,37,47,33,4,6,4
0x55471d,84.375%,10,54,64,54,10,0,0
0x5d21cd,99.1968%,10,1235,1245,1235,10,0,0
0x488c1b,96.7742%,10,300,310,300,10,0,0
0x911810,95.0249%,10,191,201,0,0,10,191
0x4093c8,92.7007%,10,127,137,127,8,2,0
0x8d429a,9.09091%,10,1,11,1,10,0,0
0x819875,98.7908%,10,817,827,0,0,10,817
0xa32183,94.8454%,10,184,194,184,6,4,0
0x5d2323,99.1968%,10,1235,1245,1235,10,0,0
0x50e81f,76.7442%,10,33,43,23,6,4,10
0xa99c45,33.3333%,10,5,15,1,10,0,4
0x9449a8,85.7143%,10,60,70,60,10,0,0
0x94db3c,98.2964%,10,577,587,0,0,10,577
0x983f8b,92.7536%,10,128,138,68,6,4,60
0x595d77,98.4615%,10,640,650,3,4,6,637
0x5fc069,83.0508%,10,49,59,49,8,2,0
0x8f0d97,75%,10,30,40,30,10,0,0
0x9fec31,66.6667%,10,20,30,0,0,10,20
0x9a82f0,28.5714%,10,4,14,4,10,0,0
0x7cf524,69.697%,10,23,33,7,7,3,16
0xb1494a,99.7651%,10,4248,4258,0,0,10,4248
0x918d44,95%,10,190,200,190,10,0,0
0xa294e3,37.5%,10,6,16,6,10,0,0
0x81d101,94.5055%,10,172,182,0,0,10,172
0xaa537d,99.6129%,10,2573,2583,2573,10,0,0
0x9f66e9,93.4641%,10,143,153,143,10,0,0
0x8f45d5,82.4561%,10,47,57,38,7,3,9
0x50aa22,90.991%,10,101,111,0,0,10,101
0x5f10dc,72.2222%,10,26,36,26,10,0,0
0x98b4cd,94.382%,10,168,178,168,10,0,0
0xa90fde,94.8718%,10,185,195,0,0,10,185
0x550fc2,52.381%,10,11,21,8,6,4,3
0x64381f,93.7107%,10,149,159,0,0,10,149
0x638dda,98.1718%,10,537,547,0,0,10,537
0x8b9bd2,99.8929%,10,9327,9337,9327,10,0,0
0x5ef883,41.1765%,10,7,17,7,10,0,0
0x94d9a1,98.3845%,10,609,619,609,10,0,0
0x811c9c,81.8182%,10,45,55,11,9,1,34
0x8a63fe,92.6471%,10,126,136,7,7,3,119
0x7f0271,47.3684%,10,9,19,1,0,10,8
0x8104dc,88.0952%,10,74,84,29,5,5,45
0x8dd133,84.127%,10,53,63,53,10,0,0
0x4bbbb8,87.6543%,10,71,81,71,10,0,0
0x5c82eb,87.5%,10,70,80,70,10,0,0
0x50d8b1,82.4561%,10,47,57,0,0,10,47
0x9aae6d,78.2609%,10,36,46,0,0,10,36
0x49ee97,64.2857%,10,18,28,4,10,0,14
0x8f5ab0,69.697%,10,23,33,19,5,5,4
0x8d41f3,81.4815%,10,44,54,43,10,0,1
0x9f7608,84.8485%,10,56,66,56,10,0,0
0x8ef069,88.0952%,10,74,84,3,3,7,71
0x4a8031,56.5217%,10,13,23,13,10,0,0
0x81692e,83.0508%,10,49,59,0,0,10,49
0xa294bc,37.5%,10,6,16,6,10,0,0
0x9f4396,90.099%,10,91,101,0,0,10,91
0x4876a0,33.3333%,10,5,15,0,0,10,5
0x723572,99.3084%,10,1436,1446,0,0,10,1436
0xa28a5b,37.5%,10,6,16,6,10,0,0
0x9432fe,86.6667%,10,65,75,0,0,10,65
0x78152b,93.2432%,10,138,148,129,10,0,9
0xa49172,69.697%,10,23,33,0,3,7,23
0x904c41,96.6777%,10,291,301,291,10,0,0
0xa02616,94.3503%,10,167,177,0,0,10,167
0x951908,89.2473%,10,83,93,1,1,9,82
0x4a9894,70.5882%,10,24,34,10,5,5,14
0xa523cd,85.9155%,10,61,71,61,8,2,0
0xaa588b,81.1321%,10,43,53,40,9,1,3
0x5426a7,99.9022%,10,10219,10229,10219,10,0,0
0x58f801,99.6979%,10,3300,3310,0,0,10,3300
0x908e63,98.8802%,10,883,893,624,1,9,259
0x973222,75%,10,30,40,0,0,10,30
0xb2c904,97.1098%,10,336,346,0,0,10,336
0x40407e,99.385%,10,1616,1626,1616,10,0,0
0x534a42,97.9424%,10,476,486,476,1,9,0
0x49e0b5,98.0507%,10,503,513,0,0,10,503
0x67066a,50%,10,10,20,0,0,10,10
0xa49650,81.8182%,10,45,55,45,10,0,0
0x5993f8,88.0952%,10,74,84,74,10,0,0
0x4bd710,74.359%,10,29,39,0,0,10,29
0x538d1f,92.4242%,10,122,132,99,7,3,23
0x40a9af,68.75%,10,22,32,22,10,0,0
0x63f45e,99.2748%,10,1369,1379,0,0,10,1369
0xa97e31,72.973%,10,27,37,13,9,1,14
0x8bc050,16.6667%,10,2,12,1,1,9,1
0x5bd289,98.9627%,10,954,964,954,10,0,0
0x5f86a9,86.8421%,10,66,76,0,0,10,66
0xa5ced6,92.9078%,10,131,141,29,10,0,102
0x496103,16.6667%,10,2,12,0,0,10,2
0x48efd0,96.2121%,10,254,264,0,0,10,254
0x8d25b3,99.4279%,10,1738,1748,0,0,10,1738
0x48dd0a,99.8551%,10,6890,6900,0,0,10,6890
0xa310b2,94.8454%,10,184,194,0,0,10,184
0x441dd8,9.09091%,10,1,11,1,10,0,0
0x78105f,83.3333%,10,50,60,47,6,4,3
0xa372a1,0%,10,0,10,0,10,0,0
0x80f777,86.4865%,10,64,74,64,10,0,0
0xa238a7,84.6154%,10,55,65,0,3,7,55
0xa02537,62.963%,10,17,27,0,0,10,17
0xa4bd78,96.0474%,10,243,253,243,6,4,0
0x4aad47,75%,10,30,40,3,7,3,27
0x80858f,90.2913%,10,93,103,93,10,0,0
0x97847b,97.8214%,10,449,459,449,10,0,0
0x811867,99.1228%,10,1130,1140,1130,8,2,0
0x50ccdf,97.2527%,10,354,364,354,10,0,0
0xa910f0,92.5373%,10,124,134,124,10,0,0
0x7cc2f4,99.1031%,10,1105,1115,1105,10,0,0
0x610ce4,66.6667%,10,20,30,0,0,10,20
0x9d24fa,23.0769%,10,3,13,0,1,9,3
0xa02a77,16.6667%,10,2,12,0,0,10,2
0xa56481,97.6134%,10,409,419,409,10,0,0
0x9f5a85,91.0714%,10,102,112,0,4,6,102
0x5ec590,75%,10,30,40,22,10,0,8
0x555ada,81.8182%,10,45,55,0,0,10,45
0xa02606,99.3298%,10,1482,1492,0,0,10,1482
0x8b993a,9.09091%,10,1,11,1,10,0,0
0x99e153,33.3333%,10,5,15,0,2,8,5
0x9bb3f0,84.6154%,10,55,65,0,0,10,55
0xa35382,98.9154%,10,912,922,0,0,10,912
0x54d82c,37.5%,10,6,16,0,0,10,6
0x9f507b,80.7692%,10,42,52,0,0,10,42
0xa50e8f,97.2067%,10,348,358,0,0,10,348
0x81b40e,9.09091%,10,1,11,0,0,10,1
0x8e15bb,99.9108%,10,11195,11205,11195,10,0,0
0x8ea466,37.5%,10,6,16,5,7,3,1
0x4ab5c1,67.7419%,10,21,31,21,10,0,0
0x64cbb2,98.2238%,10,553,563,553,10,0,0
0xa326a9,50%,10,10,20,8,5,5,2
0x538d70,92.4242%,10,122,132,122,7,3,0
0xb2e5d9,99.9658%,10,29239,29249,0,0,10,29239
0x9ecf0e,69.697%,10,23,33,23,10,0,0
0xa46fdc,96.1089%,10,247,257,58,6,4,189
0x5e3596,99.3373%,10,1499,1509,1499,10,0,0
0x502d31,94.7368%,10,180,190,0,0,10,180
0x8ee312,77.7778%,10,35,45,35,10,0,0
0x4b6e1d,64.2857%,10,18,28,12,8,2,6
0xa50a63,72.2222%,10,26,36,0,0,10,26
0x63ee9d,98.9594%,10,951,961,0,0,10,951
0x80a82d,98.8109%,10,831,841,0,0,10,831
0xb32388,98.968%,10,959,969,0,0,10,959
0x807827,98.8208%,10,838,848,820,10,0,18
0xa393b9,98.8975%,10,897,907,0,0,10,897
0x80a51e,98.2175%,10,551,561,0,0,10,551
0x812675,99.8291%,10,5843,5853,0,0,10,5843
0x49634b,70.5882%,10,24,34,0,0,10,24
0x50ace4,92.6471%,10,126,136,23,2,8,103
0xa98152,81.8182%,10,45,55,45,7,3,0
0x8e7e43,96.9789%,10,321,331,102,5,5,219
0xa7a1b2,94.2857%,10,165,175,165,10,0,0
0x9aae37,87.3418%,10,69,79,0,0,10,69
0xa46818,96.9512%,10,318,328,318,10,0,0
0x59109d,95.9514%,10,237,247,237,10,0,0
0x4935bf,74.359%,10,29,39,18,4,6,11
0xa7222e,62.963%,10,17,27,16,4,6,1
0xa60a1d,96.7105%,10,294,304,0,0,10,294
0x67c24f,99.6399%,10,2767,2777,0,0,10,2767
0x80bbf0,87.8049%,10,72,82,3,4,6,69
0xa53435,94.186%,10,162,172,162,10,0,0
0x6a3a4f,84.375%,10,54,64,0,0,10,54
0x4a01a2,90.099%,10,91,101,91,10,0,0
0xa46df4,96.1089%,10,247,257,0,0,10,247
0x4a74e6,60%,10,15,25,13,10,0,2
0x81bc9b,66.6667%,10,20,30,1,0,10,19
0x96938e,88.3721%,10,76,86,76,10,0,0
0x670a0c,47.3684%,10,9,19,9,10,0,0
0x969318,88.3721%,10,76,86,76,10,0,0
0x502255,92.3664%,10,121,131,3,2,8,118
0xa45e95,84.375%,10,54,64,0,0,10,54
0x8e442a,99.565%,10,2289,2299,0,0,10,2289
0xa5b1c5,16.6667%,10,2,12,2,10,0,0
0xa5b35d,33.3333%,10,5,15,3,1,9,2
0x59254f,91.7355%,10,111,121,3,0,10,108
0xa2d9f8,44.4444%,10,8,18,8,10,0,0
0x590179,33.3333%,10,5,15,5,10,0,0
0x54daf0,74.359%,10,29,39,0,0,10,29
0xa47284,94.012%,10,157,167,0,0,10,157
0x80a44a,98.358%,10,599,609,149,7,3,450
0x4b6667,65.5172%,10,19,29,13,9,1,6
0xb22b4d,99.4647%,10,1858,1868,1858,10,0,0
0x908cad,98.1949%,10,544,554,0,0,10,544
0x502cab,99.5355%,10,2143,2153,0,0,10,2143
0x53c634,98.5075%,10,660,670,0,0,10,660
0xa455c7,16.6667%,10,2,12,2,10,0,0
0x50a3bf,92.6471%,10,126,136,126,10,0,0
0x4b9518,16.6667%,10,2,12,0,10,0,2
0x5fb22f,86.3014%,10,63,73,0,3,7,63
0x63904f,96.3899%,10,267,277,7,6,4,260
0xa5429a,95.9514%,10,237,247,234,9,1,3
0x8ece04,98.995%,10,985,995,0,0,10,985
0xa3baad,95.614%,10,218,228,0,0,10,218
0x8f6603,97.1831%,10,345,355,0,0,10,345
0xa905b7,84.8485%,10,56,66,56,10,0,0
0x8106e7,88.0952%,10,74,84,36,6,4,38
0x492a10,93.9394%,10,155,165,152,6,4,3
0x64af41,99.8248%,10,5698,5708,0,0,10,5698
0x5d801b,99.1942%,10,1231,1241,1231,10,0,0
0x5b40ea,67.7419%,10,21,31,21,10,0,0
0x4899bc,97.561%,10,400,410,400,10,0,0
0x911139,86.8421%,10,66,76,66,10,0,0
0x88e5af,74.359%,10,29,39,0,0,10,29
0x5b40ac,67.7419%,10,21,31,21,10,0,0
0x7cde8c,98.7374%,10,782,792,782,10,0,0
0x8a50c6,33.3333%,10,5,15,4,5,5,1
0xa50cec,88.6364%,10,78,88,77,7,3,1
0x9f62c6,50%,10,10,20,2,10,0,8
0x8aec56,95.1691%,10,197,207,0,0,10,197
0x64b626,98.7245%,10,774,784,0,0,10,774
0x787d60,84.8485%,10,56,66,55,5,5,1
0xa1a056,62.963%,10,17,27,1,1,9,16
0x48de09,94.9495%,10,188,198,44,3,7,144
0x63a7c1,95%,10,190,200,190,10,0,0
0x58c0cc,85.7143%,10,60,70,0,0,10,60
0x554d1c,92.126%,10,117,127,116,7,3,1
0x40a606,54.5455%,10,12,22,12,10,0,0
0x58d22f,89.1304%,10,82,92,25,5,5,57
0x66f6a8,41.1765%,10,7,17,6,1,9,1
0x8a97eb,99.9234%,10,13042,13052,13042,10,0,0
0x40dd78,99.7139%,10,3485,3495,0,0,10,3485
0x63aec7,98.782%,10,811,821,811,10,0,0
0x90e11c,66.6667%,10,20,30,0,0,10,20
0xa5d1c9,69.697%,10,23,33,3,6,4,20
0x8fdaa2,84.127%,10,53,63,3,4,6,50
0x4c4a0a,82.7586%,10,48,58,15,1,9,33
0x4c5156,97.0588%,10,330,340,330,9,1,0
0x5b163c,0%,10,0,10,0,0,10,0
0x63ce47,95%,10,190,200,190,10,0,0
0x541cfe,99.1282%,10,1137,1147,0,1,9,1137
0x4039ab,72.973%,10,27,37,2,1,9,25
0x8089ab,52.381%,10,11,21,6,6,4,5
0xa3ff02,16.6667%,10,2,12,0,0,10,2
0x9734aa,16.6667%,10,2,12,2,3,7,0
0x9a600c,28.5714%,10,4,14,0,0,10,4
0xb4a162,98.9562%,10,948,958,0,0,10,948
0xa91790,68.75%,10,22,32,22,10,0,0
0x8bcf44,99.7235%,10,3606,3616,0,0,10,3606
0xa588c2,93.1507%,10,136,146,0,0,10,136
0x80fe17,98.3193%,10,585,595,0,0,10,585
0x7c7bd2,87.9518%,10,73,83,73,9,1,0
0x58c532,88.3721%,10,76,86,8,4,6,68
0xa4e962,93.75%,10,150,160,21,1,9,129
0x973172,98.3607%,10,600,610,0,0,10,600
0x9ef2d5,83.3333%,10,50,60,50,10,0,0
0x4bf0b9,95.7627%,10,226,236,38,10,0,188
0xa58ee0,91.5966%,10,109,119,0,0,10,109
0x63ab91,98.0658%,10,507,517,507,10,0,0
0x4be36c,9.09091%,10,1,11,1,10,0,0
0x817ec6,97.0501%,10,329,339,0,1,9,329
0x53e8c1,93.5065%,10,144,154,0,0,10,144
0xa4b697,50%,10,10,20,10,10,0,0
0xa5ede5,97.5309%,10,395,405,0,0,10,395
0x9694eb,99.5812%,10,2378,2388,0,0,10,2378
0x90fd56,96.4286%,10,270,280,0,0,10,270
0x49d7ca,89.2473%,10,83,93,83,10,0,0
0x810968,16.6667%,10,2,12,1,3,7,1
0x63ad2d,97.3958%,10,374,384,374,10,0,0
0x8a90b1,99.4469%,10,1798,1808,681,9,1,1117
0x8e1daa,56.5217%,10,13,23,11,6,4,2
0x5960a5,47.3684%,10,9,19,1,5,5,8
0x901b88,96%,10,240,250,0,0,10,240
0x4ab1fb,37.5%,10,6,16,3,8,2,3
0x8a76ff,96.5157%,10,277,287,49,10,0,228
0x65a04e,99.4172%,10,1706,1716,1461,2,8,245
0x9ef332,87.6543%,10,71,81,71,10,0,0
0x81d40c,94.5055%,10,172,182,0,0,10,172
0x8e45dd,68.75%,10,22,32,18,6,4,4
0x64b4dd,99.575%,10,2343,2353,2340,10,0,3
0x80d8d9,95.4545%,10,210,220,0,0,10,210
0x8ae957,93.1507%,10,136,146,133,8,2,3
0x977c69,93.007%,10,133,143,18,5,5,115
0x60e4ab,97.7528%,10,435,445,435,10,0,0
0x9777a8,98.8662%,10,872,882,0,7,3,872
0x80e0c4,97.8448%,10,454,464,454,6,4,0
0xa08e59,84.127%,10,53,63,10,8,2,43
0xa4729c,94.012%,10,157,167,157,10,0,0
0x640340,98.9594%,10,951,961,0,0,10,951
0xa35c96,99.177%,10,1205,1215,0,0,10,1205
0x90fe9c,99.7377%,10,3803,3813,3803,10,0,0
0x81450e,99.6879%,10,3194,3204,3194,10,0,0
0x910ee7,99.5575%,10,2250,2260,0,0,10,2250
0x63f2b5,95%,10,190,200,190,8,2,0
0x60df9f,89.7959%,10,88,98,79,0,10,9
0xa92d7b,95.5752%,10,216,226,216,10,0,0
0x78d83e,98.5229%,10,667,677,8,1,9,659
0x60dfa8,47.3684%,10,9,19,2,7,3,7
0x8fce86,94.4444%,10,170,180,10,3,7,160
0x495867,88.5057%,10,77,87,77,10,0,0
0x48ded5,75.6098%,10,31,41,0,0,10,31
0x99c658,93.3775%,10,141,151,0,0,10,141
0x5b0f40,82.7586%,10,48,58,48,10,0,0
0x9eee0e,61.5385%,10,16,26,0,0,10,16
0x5bc20b,99.2867%,10,1392,1402,0,0,10,1392
0x81e7d2,99.8068%,10,5167,5177,0,0,10,5167
0x90b30a,92.3664%,10,121,131,0,0,10,121
0x8122fd,71.4286%,10,25,35,14,4,6,11
0x49492e,91.8699%,10,113,123,0,0,10,113
0x4a7c83,82.7586%,10,48,58,48,10,0,0
0x5eb8e1,98.829%,10,844,854,0,0,10,844
0x80969c,87.3418%,10,69,79,69,8,2,0
0x94ed0f,88.8889%,10,80,90,26,4,6,54
0x5de315,99.1942%,10,1231,1241,1231,10,0,0
0x8bb95a,72.973%,10,27,37,16,10,0,11
0x4c3bc2,94.0476%,10,158,168,158,10,0,0
0xa2e763,92.5373%,10,124,134,124,10,0,0
0x4b58df,96.2963%,10,260,270,0,0,10,260
0x489b37,97.6415%,10,414,424,0,8,2,414
0x9e2625,98.0732%,10,509,519,0,0,10,509
0x8bd1f1,99.8426%,10,6345,6355,6345,10,0,0
0xa660c3,88.2353%,10,75,85,0,2,8,75
0x9a33c6,33.3333%,10,5,15,5,10,0,0
0xa58934,81.4815%,10,44,54,0,0,10,44
0xa66243,62.963%,10,17,27,0,0,10,17
0x5f5456,16.6667%,10,2,12,1,1,9,1
0x908764,99.6531%,10,2873,2883,1913,9,1,960
0x8ad93a,41.1765%,10,7,17,7,10,0,0
0x5021d9,92.3664%,10,121,131,0,0,10,121
0xa07ab1,80%,10,40,50,6,4,6,34
0x9f03c0,97.389%,10,373,383,0,0,10,373
0x9f040e,98.8571%,10,865,875,0,0,10,865
0x6e4474,37.5%,10,6,16,6,10,0,0
0x903edb,80.7692%,10,42,52,12,6,4,30
0x66715c,93.6306%,10,147,157,147,4,6,0
0x9f05a7,98.2394%,10,558,568,558,10,0,0
0x54da74,74.359%,10,29,39,29,10,0,0
0x5d892b,66.6667%,10,20,30,20,10,0,0
0x5ff2ff,73.6842%,10,28,38,6,3,7,22
0x944ab1,95.4955%,10,212,222,0,0,10,212
0xa8abdf,94.2857%,10,165,175,0,0,10,165
0x555d6d,99.0244%,10,1015,1025,0,0,10,1015
0x677b66,97.1989%,10,347,357,347,10,0,0
0x9840c5,86.4865%,10,64,74,0,0,10,64
0x984109,84.375%,10,54,64,0,9,1,54
0xa18a34,76.7442%,10,33,43,33,10,0,0
0x813b72,77.2727%,10,34,44,12,10,0,22
0x5fb223,91.3043%,10,105,115,39,3,7,66
0xa99a9f,33.3333%,10,5,15,0,0,10,5
0xa9a208,33.3333%,10,5,15,5,10,0,0
0x81e418,95.3488%,10,205,215,0,0,10,205
0x5bb735,56.5217%,10,13,23,13,10,0,0
0x9846c0,93.6709%,10,148,158,7,5,5,141
0x7f0a7f,81.8182%,10,45,55,44,6,4,1
0x550339,97.1751%,10,344,354,0,0,10,344
0x50e56b,81.8182%,10,45,55,10,6,4,35
0x821336,99.721%,10,3574,3584,0,0,10,3574
0xa51ea1,68.75%,10,22,32,2,2,8,20
0x4b9f2a,97.0588%,10,330,340,99,9,1,231
0x48980b,60%,10,15,25,7,6,4,8
0x4c0539,77.2727%,10,34,44,4,9,1,30
0xa02aa3,62.963%,10,17,27,0,0,10,17
0x81bb6c,96.8454%,10,307,317,307,10,0,0
0x9f2993,94.2197%,10,163,173,163,10,0,0
0x49a0e5,68.75%,10,22,32,6,10,0,16
0x4b78aa,64.2857%,10,18,28,0,0,10,18
0x493213,74.359%,10,29,39,0,0,10,29
0x5c4fe4,67.7419%,10,21,31,0,0,10,21
0x8ae8f0,93.4641%,10,143,153,139,7,3,4
0x481084,47.3684%,10,9,19,5,7,3,4
0x838fd8,50%,10,10,20,4,6,4,6
0x976e81,70.5882%,10,24,34,24,10,0,0
0x507d0f,72.2222%,10,26,36,9,9,1,17
0x5fe311,64.2857%,10,18,28,12,0,10,6
0x9027b0,74.359%,10,29,39,20,7,3,9
0x409d13,89.011%,10,81,91,1,8,2,80
0x78d6f7,98.7229%,10,773,783,773,10,0,0
0xb2c8d6,97.1098%,10,336,346,336,10,0,0
0x551007,52.381%,10,11,21,4,2,8,7
0x606e8b,50%,10,10,20,0,10,0,10
0x5580a9,98.4709%,10,644,654,644,10,0,0
0xa541ed,97.6905%,10,423,433,0,0,10,423
0x8ee2aa,94.5355%,10,173,183,0,0,10,173
0x808087,98.8208%,10,838,848,836,7,3,2
0x9e0b63,96.1089%,10,247,257,0,0,10,247
0xa911ff,54.5455%,10,12,22,7,2,8,5
0x9d1c10,41.1765%,10,7,17,1,0,10,6
0x550936,86.1111%,10,62,72,62,10,0,0
0x9f19cb,97.389%,10,373,383,0,0,10,373
0x499013,97.7117%,10,427,437,105,7,3,322
0x9f1729,88.8889%,10,80,90,0,0,10,80
0xa97895,0%,10,0,10,0,10,0,0
0x679667,91.0714%,10,102,112,0,0,10,102
0x686829,93.7107%,10,149,159,0,0,10,149
0x552124,83.3333%,10,50,60,0,0,10,50
0x683206,72.973%,10,27,37,27,10,0,0
0x80469f,86.6667%,10,65,75,0,0,10,65
0xa4a18e,90.3846%,10,94,104,0,0,10,94
0x951859,97.0674%,10,331,341,0,0,10,331
0x60ec62,73.6842%,10,28,38,18,4,6,10
0x49e9d6,99.6578%,10,2912,2922,2912,10,0,0
0xaa801b,98.1096%,10,519,529,519,10,0,0
0x9713e4,28.5714%,10,4,14,3,4,6,1
0x6197de,86.6667%,10,65,75,65,10,0,0
0x97abe0,28.5714%,10,4,14,4,10,0,0
0x8e48e7,98.7547%,10,793,803,0,0,10,793
0x505a23,98.4544%,10,637,647,0,0,10,637
0x8d3c71,98.0843%,10,512,522,0,0,10,512
0x8aab95,98.8263%,10,842,852,0,0,10,842
0x5f09bf,96.6216%,10,286,296,0,0,10,286
0x9a6294,92.7007%,10,127,137,126,7,3,1
0x9f41c8,69.697%,10,23,33,23,10,0,0
0x8b9f7e,98.9373%,10,931,941,931,10,0,0
0x5fb8e2,81.8182%,10,45,55,28,1,9,17
0x9a7284,33.3333%,10,5,15,4,7,3,1
0x49bd58,71.4286%,10,25,35,23,6,4,2
0x8a7751,96.6887%,10,292,302,9,3,7,283
0x54ec61,85.5072%,10,59,69,59,10,0,0
0x83757a,69.697%,10,23,33,0,0,10,23
0x49af85,93.2886%,10,139,149,0,0,10,139
0x966007,47.3684%,10,9,19,9,10,0,0
0x9e6143,86.1111%,10,62,72,50,10,0,12
0x63ea14,99.2343%,10,1296,1306,1296,10,0,0
0x9a82a7,28.5714%,10,4,14,4,10,0,0
0xa994cc,9.09091%,10,1,11,0,0,10,1
0x8f75bb,93.6306%,10,147,157,147,10,0,0
0x9e8aa6,93.1034%,10,135,145,135,10,0,0
0x8a91a3,79.1667%,10,38,48,36,2,8,2
0xa0538a,65.5172%,10,19,29,19,2,8,0
0x9aa0b0,64.2857%,10,18,28,18,10,0,0
0xa46470,94.8187%,10,183,193,0,0,10,183
0x8f46d8,99.6008%,10,2495,2505,2495,10,0,0
0x40f583,89.3617%,10,84,94,84,10,0,0
0xa274f2,96.9325%,10,316,326,316,10,0,0
0x88e712,74.359%,10,29,39,29,10,0,0
0x9aa267,72.973%,10,27,37,27,10,0,0
0x8dae3f,99.2748%,10,1369,1379,1369,10,0,0
0xa50171,93.2432%,10,138,148,0,0,10,138
0x5af1f1,98.5632%,10,686,696,5,1,9,681
0xa02aab,62.963%,10,17,27,4,8,2,13
0x548062,94.0828%,10,159,169,0,0,10,159
0xa2e042,95.9839%,10,239,249,239,5,5,0
0x63eaba,95%,10,190,200,158,5,5,32
0x81f287,77.2727%,10,34,44,3,1,9,31
0xa5d05e,96.139%,10,249,259,76,10,0,173
0x50cec4,96.1538%,10,250,260,0,2,8,250
0x48f8e4,54.5455%,10,12,22,3,3,7,9
0x9ea2b5,86.1111%,10,62,72,62,10,0,0
0x511eb7,99.4118%,10,1690,1700,0,0,10,1690
0x9bdcf5,87.9518%,10,73,83,0,0,10,73
0x9f5caf,64.2857%,10,18,28,7,2,8,11
0xa02c34,86.1111%,10,62,72,61,9,1,1
0x5529c1,92.7536%,10,128,138,128,8,2,0
0x402e70,90.8257%,10,99,109,70,5,5,29
0x5af744,83.871%,10,52,62,46,7,3,6
0x6112ab,86.8421%,10,66,76,0,0,10,66
0x48fe2d,0%,10,0,10,0,10,0,0
0xa33f94,80.7692%,10,42,52,40,9,1,2
0xa02ade,16.6667%,10,2,12,0,0,10,2
0x5bb760,99.2867%,10,1392,1402,1392,8,2,0
0x945ec7,47.3684%,10,9,19,9,10,0,0
0xa3a19a,98.4962%,10,655,665,0,0,10,655
0x8fdb17,44.4444%,10,8,18,3,6,4,5
0x9777cf,82.4561%,10,47,57,47,10,0,0
0x9a0c75,64.2857%,10,18,28,0,0,10,18
0x58ba54,91.5254%,10,108,118,0,4,6,108
0xa02232,99.3137%,10,1447,1457,0,0,10,1447
0xa504c7,96.1089%,10,247,257,0,4,6,247
0x817213,93.6306%,10,147,157,0,0,10,147
0x8bad72,97.7427%,10,433,443,0,0,10,433
0x5505aa,97.1098%,10,336,346,336,10,0,0
0x8fdaf0,44.4444%,10,8,18,0,0,10,8
0x50773c,77.2727%,10,34,44,0,0,10,34
0x88a243,74.359%,10,29,39,22,0,10,7
0xa39f5d,66.6667%,10,20,30,20,10,0,0
0x8f5fb0,75%,10,30,40,0,0,10,30
0x78122d,98.935%,10,929,939,36,8,2,893
0x648468,96.3899%,10,267,277,77,8,2,190
0x812360,99.1259%,10,1134,1144,0,0,10,1134
0x9f388b,97.416%,10,377,387,0,0,10,377
0xa345ef,95.5556%,10,215,225,124,10,0,91
0x976ea0,44.4444%,10,8,18,7,8,2,1
0x58f967,87.8049%,10,72,82,54,7,3,18
0x8da226,98.3361%,10,591,601,0,0,10,591
0x48ef62,85.0746%,10,57,67,4,8,2,53
0x9f891b,66.6667%,10,20,30,14,5,5,6
0x81eac5,97.0149%,10,325,335,325,10,0,0
0x9f9aca,90.8257%,10,99,109,0,0,10,99
0x40f60b,99.7531%,10,4040,4050,4040,10,0,0
0x911244,97.7064%,10,426,436,0,0,10,426
0x4c7204,44.4444%,10,8,18,8,10,0,0
0x5571b4,87.9518%,10,73,83,50,10,0,23
0x7b7284,62.963%,10,17,27,15,10,0,2
0xa02ef5,86.8421%,10,66,76,66,8,2,0
0xa3032e,96.0784%,10,245,255,0,0,10,245
0x53df9e,99.8523%,10,6759,6769,6759,10,0,0
0x9a9eb7,92.7007%,10,127,137,107,4,6,20
0x48ebff,87.1795%,10,68,78,64,10,0,4
0x94b3d5,98.2206%,10,552,562,552,10,0,0
0x48b340,96.8847%,10,311,321,0,0,10,311
0x96b1b8,98.8975%,10,897,907,897,10,0,0
0x949f88,95.5157%,10,213,223,0,0,10,213
0xa58b02,89.5833%,10,86,96,86,10,0,0
0xa264a0,99.0548%,10,1048,1058,1048,8,2,0
0x4a780e,81.1321%,10,43,53,43,10,0,0
0xa3419d,89.3617%,10,84,94,84,10,0,0
0x9ea3db,86.1111%,10,62,72,62,10,0,0
0x5928d1,99.4069%,10,1676,1686,1,8,2,1675
0x8a54e1,92.2481%,10,119,129,3,0,10,116
0xa52fc9,94.7917%,10,182,192,0,0,10,182
0x8e48d5,96.1538%,10,250,260,250,10,0,0
0x813072,98.818%,10,836,846,0,0,10,836
0x8f6ae1,97.0238%,10,326,336,0,0,10,326
0x5bd4c5,99.4824%,10,1922,1932,1922,10,0,0
0x9ed8da,84.375%,10,54,64,0,0,10,54
0x9e7d9c,58.3333%,10,14,24,11,10,0,3
0x63af80,98.782%,10,811,821,811,10,0,0
0x5cbda9,92.3664%,10,121,131,0,0,10,121
0x5cd4d8,85.0746%,10,57,67,57,10,0,0
0xa07aeb,80%,10,40,50,33,9,1,7
0x5efc46,85.7143%,10,60,70,0,2,8,60
0x4bc2b2,94.9239%,10,187,197,187,9,1,0
0x8deda6,99.7347%,10,3759,3769,0,0,10,3759
0x99b7b9,33.3333%,10,5,15,5,10,0,0
0x8222d0,96.337%,10,263,273,232,2,8,31
0xa94511,62.963%,10,17,27,17,10,0,0
0xa90503,82.4561%,10,47,57,13,3,7,34
0x97351a,16.6667%,10,2,12,0,0,10,2
0xa945b0,65.5172%,10,19,29,17,10,0,2
0xa8fc5f,94.1176%,10,160,170,160,10,0,0
0x5c6496,95.5357%,10,214,224,214,10,0,0
0x485bc9,95%,10,190,200,0,2,8,190
0x4c52d1,58.3333%,10,14,24,4,2,8,10
0x780a16,92.5926%,10,125,135,10,4,6,115
0x502029,68.75%,10,22,32,8,0,10,14
0x55773e,98.062%,10,506,516,0,0,10,506
0xa25e2d,87.1795%,10,68,78,68,10,0,0
0x55760d,62.963%,10,17,27,15,10,0,2
0xa94706,65.5172%,10,19,29,0,2,8,19
0x9a755c,44.4444%,10,8,18,3,1,9,5
0x5f79df,95.3704%,10,206,216,5,4,6,201
0x8dab00,77.2727%,10,34,44,34,10,0,0
0xa428ba,94.2857%,10,165,175,165,10,0,0
0x40296b,99.8959%,10,9595,9605,9595,10,0,0
0x983a92,65.5172%,10,19,29,18,9,1,1
0x90b34a,98.9594%,10,951,961,183,10,0,768
0x4b9e74,95.3052%,10,203,213,0,0,10,203
0x64c05f,94.152%,10,161,171,44,0,10,117
0x8226db,97.9167%,10,470,480,0,0,10,470
0x402e46,94.186%,10,162,172,162,10,0,0
0x8fe951,92.2481%,10,119,129,0,0,10,119
0xa31313,80.7692%,10,42,52,42,10,0,0
0xa363fc,92.7007%,10,127,137,125,5,5,2
0x9592a8,92.1875%,10,118,128,118,10,0,0
0x9f6ab1,72.2222%,10,26,36,26,10,0,0
0x5427cb,94.8187%,10,183,193,183,10,0,0
0x90c8e1,87.1795%,10,68,78,68,10,0,0
0x88a0bb,54.5455%,10,12,22,12,10,0,0
0xa429b2,98.8777%,10,881,891,881,10,0,0
0x5faf37,16.6667%,10,2,12,2,10,0,0
0xa5ee34,97.2826%,10,358,368,358,10,0,0
0x648bf7,74.359%,10,29,39,6,7,3,23
0x9eb5aa,84.127%,10,53,63,53,10,0,0
0x8b9b32,82.7586%,10,48,58,48,10,0,0
0x53f2b6,97.669%,10,419,429,419,10,0,0
0x902594,99.4107%,10,1687,1697,1687,10,0,0
0x81bbd4,96.8454%,10,307,317,0,0,10,307
0x4943fe,80.3922%,10,41,51,41,10,0,0
0x9f0e55,72.2222%,10,26,36,0,0,10,26
0xa8fb35,94.1176%,10,160,170,0,0,10,160
0x8da22f,98.3361%,10,591,601,591,10,0,0
0x50314f,94.7368%,10,180,190,0,0,10,180
0x557abe,84.6154%,10,55,65,55,5,5,0
0x837d88,89.2473%,10,83,93,83,10,0,0
0xa5c5a2,85.2941%,10,58,68,0,0,10,58
0x90be59,91.5966%,10,109,119,0,0,10,109
0x8df308,58.3333%,10,14,24,12,4,6,2
0x4c5eae,76.7442%,10,33,43,0,0,10,33
0x8db6bd,98.9305%,10,925,935,310,5,5,615
0x4c5ee3,76.7442%,10,33,43,0,2,8,33
0x9a7bef,98.2111%,10,549,559,0,8,2,549
0xa52ec6,47.3684%,10,9,19,4,3,7,5
0xa90775,93.1973%,10,137,147,0,0,10,137
0x99af52,78.7234%,10,37,47,30,10,0,7
0x821485,99.4965%,10,1976,1986,1976,10,0,0
0xb2df09,99.6322%,10,2709,2719,0,0,10,2709
0x9fb65b,95.935%,10,236,246,0,0,10,236
0x49d794,88.6364%,10,78,88,1,10,0,77
0x9fcc48,60%,10,15,25,14,4,6,1
0x558e52,88.6364%,10,78,88,61,5,5,17
0x9ee268,83.871%,10,52,62,39,5,5,13
0xa44f97,44.4444%,10,8,18,4,0,10,4
0xa2dea7,71.4286%,10,25,35,0,0,10,25
0x9fb8bc,91.9355%,10,114,124,114,10,0,0
0x812256,93.9759%,10,156,166,156,10,0,0
0xa2de5e,71.4286%,10,25,35,0,0,10,25
0x81d418,94.5055%,10,172,182,172,10,0,0
0x4a7c03,80.3922%,10,41,51,0,0,10,41
0x495b56,47.3684%,10,9,19,9,10,0,0
0x402246,99.4152%,10,1700,1710,0,0,10,1700
0x90ecce,98.9594%,10,951,961,0,0,10,951
0xaa88de,91.9355%,10,114,124,0,0,10,114
0xb323b3,98.968%,10,959,969,0,0,10,959
0x8e0feb,98.7593%,10,796,806,0,0,10,796
0xa25b5f,99.0128%,10,1003,1013,0,0,10,1003
0x64b573,99.5633%,10,2280,2290,0,0,10,2280
0x60e00e,89.7959%,10,88,98,0,0,10,88
0xa49924,77.7778%,10,35,45,7,3,7,28
0x58db4e,93.3775%,10,141,151,135,9,1,6
0x5f1e75,69.697%,10,23,33,23,10,0,0
0x508f9e,73.6842%,10,28,38,0,0,10,28
0x8c86f5,97.9757%,10,484,494,484,10,0,0
0x5fedc2,97.4026%,10,375,385,0,0,10,375
0x63ac9c,95.8506%,10,231,241,0,0,10,231
0x9fcad8,60%,10,15,25,15,10,0,0
0x8e534b,68.75%,10,22,32,15,1,9,7
0xa938bb,94.0828%,10,159,169,0,0,10,159
0x9ef359,83.3333%,10,50,60,50,10,0,0
0x596346,68.75%,10,22,32,22,10,0,0
0x511d42,99.323%,10,1467,1477,657,8,2,810
0x59c9b5,93.8272%,10,152,162,150,8,2,2
0xa2f77a,95.614%,10,218,228,0,0,10,218
0x67967a,91.0714%,10,102,112,0,0,10,102
0x9428c5,95.6332%,10,219,229,219,10,0,0
0x60b53e,97.4093%,10,376,386,0,0,10,376
0x787e57,84.8485%,10,56,66,56,10,0,0
0x60966a,87.9518%,10,73,83,0,0,10,73
0x47f190,47.3684%,10,9,19,8,10,0,1
0x555fac,95.9184%,10,235,245,235,7,3,0
0x402509,93.9024%,10,154,164,0,0,10,154
0x4997e7,76.7442%,10,33,43,0,0,10,33
0x8ff1c3,94.3182%,10,166,176,1,5,5,165
0x6472bb,50%,10,10,20,0,0,10,10
0x5560e6,95.8678%,10,232,242,0,2,8,232
0x8e92f1,88.764%,10,79,89,4,3,7,75
0x547cf0,93.1507%,10,136,146,136,10,0,0
0x9a332b,93.1507%,10,136,146,50,5,5,86
0x9a6351,28.5714%,10,4,14,0,0,10,4
0x4834f1,62.963%,10,17,27,17,10,0,0
0x4b8391,9.09091%,10,1,11,0,0,10,1
0x5e4517,99.3373%,10,1499,1509,0,0,10,1499
0x8e6ede,97.5369%,10,396,406,396,10,0,0
0x492ab9,80%,10,40,50,40,10,0,0
0x4a8503,81.1321%,10,43,53,0,0,10,43
0x9d1d39,41.1765%,10,7,17,0,0,10,7
0x543e46,54.5455%,10,12,22,0,6,4,12
0x9f9516,92.5373%,10,124,134,104,5,5,20
0x501ee1,94.898%,10,186,196,0,5,5,186
0x904104,98.9463%,10,939,949,939,10,0,0
0x94eaeb,83.3333%,10,50,60,26,4,6,24
0x9a1fb3,95.0739%,10,193,203,193,10,0,0
0x48ec25,97.2527%,10,354,364,354,3,7,0
0x60880c,95%,10,190,200,190,10,0,0
0xa016e6,75%,10,30,40,30,10,0,0
0x8ab0a5,98.8318%,10,846,856,846,10,0,0
0x64dfdb,81.8182%,10,45,55,44,5,5,1
0x5021c8,85.0746%,10,57,67,57,10,0,0
0x9fafc1,97.4425%,10,381,391,0,0,10,381
0x94d7ca,98.1273%,10,524,534,524,10,0,0
0x48f620,83.0508%,10,49,59,12,3,7,37
0x7c71a1,77.2727%,10,34,44,0,0,10,34
0x58d491,89.1304%,10,82,92,78,4,6,4
0xa95e1f,70.5882%,10,24,34,12,10,0,12
0x8dca24,98.7147%,10,768,778,661,7,3,107
0x542454,99.5631%,10,2279,2289,0,0,10,2279
0x5fe65b,90.4762%,10,95,105,95,10,0,0
0xa35545,50%,10,10,20,5,7,3,5
0x9c3c95,72.2222%,10,26,36,23,4,6,3
0x780204,99.9294%,10,14164,14174,0,0,10,14164
0xa51e54,74.359%,10,29,39,0,0,10,29
0x491a49,93.9394%,10,155,165,0,0,10,155
0x5555a0,99.179%,10,1208,1218,0,0,10,1208
0x41011f,99.9128%,10,11458,11468,0,0,10,11458
0x8fcc99,97.1264%,10,338,348,338,10,0,0
0x5411c7,56.5217%,10,13,23,13,10,0,0
0x804bd7,0%,10,0,10,0,9,1,0
0x8bc8c1,97.006%,10,324,334,0,0,10,324
0x821c33,95.3488%,10,205,215,0,0,10,205
0xa319b7,95.3052%,10,203,213,203,10,0,0
0xa42918,98.9806%,10,971,981,0,0,10,971
0x67a2e8,56.5217%,10,13,23,13,10,0,0
0x48c14b,89.7959%,10,88,98,0,0,10,88
0x9fe114,60%,10,15,25,15,10,0,0
0x9487ab,74.359%,10,29,39,0,0,10,29
0x9a9b1c,91.7355%,10,111,121,0,0,10,111
0xa3463f,96.6667%,10,290,300,219,6,4,71
0x508771,9.09091%,10,1,11,1,10,0,0
0xa56fce,61.5385%,10,16,26,16,10,0,0
0xa2fe7d,96.3899%,10,267,277,0,0,10,267
0x99134d,89.011%,10,81,91,0,0,10,81
0x8e414d,99.4808%,10,1916,1926,1916,10,0,0
0xa43969,95.0249%,10,191,201,191,10,0,0
0x55476d,84.127%,10,53,63,0,0,10,53
0xa57635,73.6842%,10,28,38,6,9,1,22
0x60dbc0,96.3504%,10,264,274,0,0,10,264
0xa5712f,66.6667%,10,20,30,20,10,0,0
0xa22e29,47.3684%,10,9,19,9,1,9,0
0xa46d43,89.5833%,10,86,96,86,10,0,0
0x5fa57a,75%,10,30,40,30,10,0,0
0x4a7467,74.359%,10,29,39,0,0,10,29
0x4b9487,23.0769%,10,3,13,3,10,0,0
0x82209e,96.732%,10,296,306,296,10,0,0
0x5af53a,83.871%,10,52,62,0,0,10,52
0x9452b0,95.5752%,10,216,226,205,8,2,11
0x5f9587,58.3333%,10,14,24,6,10,0,8
0x538594,99.9345%,10,15250,15260,0,0,10,15250
0xa30cfa,47.3684%,10,9,19,0,0,10,9
0x65a2c6,94.7368%,10,180,190,0,0,10,180
0xa36010,96.6777%,10,291,301,0,0,10,291
0x40e6c1,87.9518%,10,73,83,33,5,5,40
0x58b8f6,90.9091%,10,100,110,0,0,10,100
0x49ec74,96.8944%,10,312,322,312,10,0,0
0x9f66a5,93.4641%,10,143,153,143,10,0,0
0x8fe06a,88.3721%,10,76,86,76,10,0,0
0xa2d6c7,96.4664%,10,273,283,77,8,2,196
0x9e5b36,88.6364%,10,78,88,78,3,7,0
0x54f179,76.7442%,10,33,43,10,5,5,23
0x8b93a8,97.0238%,10,326,336,326,10,0,0
0xa9325a,95.5752%,10,216,226,0,1,9,216
0xb2e63a,99.953%,10,21244,21254,0,0,10,21244
0xa5c162,68.75%,10,22,32,11,4,6,11
0x404941,96.139%,10,249,259,0,0,10,249
0x9e76e8,97.5%,10,390,400,390,10,0,0
0x609f52,99.8502%,10,6666,6676,6666,10,0,0
0xa591f6,91.5966%,10,109,119,0,0,10,109
0xa4cf1e,28.5714%,10,4,14,2,4,6,2
0x9e73fe,92.6471%,10,126,136,5,6,4,121
0xa3fce0,82.1429%,10,46,56,0,0,10,46
0x554636,99.179%,10,1208,1218,0,0,10,1208
0x80fdf6,98.3193%,10,585,595,0,0,10,585
0x5108fd,96.9419%,10,317,327,0,0,10,317
0x55598a,81.8182%,10,45,55,45,9,1,0
0x4b53ce,60%,10,15,25,15,8,2,0
0x48dcca,99.8568%,10,6973,6983,0,0,10,6973
0xa9c75b,92.9577%,10,132,142,132,10,0,0
0x977d94,96%,10,240,250,113,6,4,127
0x544b95,82.4561%,10,47,57,0,0,10,47
0x9c3793,78.2609%,10,36,46,0,0,10,36
0xa4d58b,93.8272%,10,152,162,1,1,9,151
0x63b270,98.782%,10,811,821,811,10,0,0
0x544d90,90%,10,90,100,0,8,2,90
0x9fe8ac,75%,10,30,40,30,10,0,0
0xa54342,47.3684%,10,9,19,9,10,0,0
0x9e731d,96.5636%,10,281,291,281,10,0,0
0x61141f,86.3014%,10,63,73,0,0,10,63
0x90e960,98.9594%,10,951,961,951,10,0,0
0x8aaaa9,47.3684%,10,9,19,0,0,10,9
0x9f6522,94.4134%,10,169,179,0,0,10,169
0x8c93ea,98.2639%,10,566,576,0,0,10,566
0x7efd21,86.1111%,10,62,72,0,0,10,62
0x8ddf52,78.2609%,10,36,46,4,10,0,32
0x9f2524,93.9024%,10,154,164,79,3,7,75
0x8217f0,98.2877%,10,574,584,0,0,10,574
0x5905ec,72.2222%,10,26,36,1,5,5,25
0x4051bd,99.8793%,10,8272,8282,64,6,4,8208
0xa328f7,90.099%,10,91,101,91,10,0,0
0x50a6f1,88.8889%,10,80,90,13,7,3,67
0x53496f,84.8485%,10,56,66,48,9,1,8
0xb2159d,98.6014%,10,705,715,705,10,0,0
0x4414ae,82.4561%,10,47,57,0,0,10,47
0x4bb4f1,80.7692%,10,42,52,42,10,0,0
0x8e0297,98.1061%,10,518,528,515,9,1,3
0xaaa091,62.963%,10,17,27,0,0,10,17
0x64bae7,99.2842%,10,1387,1397,0,0,10,1387
0x6084b6,28.5714%,10,4,14,0,0,10,4
0x8a7773,88.5057%,10,77,87,0,0,10,77
0x9f4faa,95.5947%,10,217,227,0,0,10,217
0x539c94,76.1905%,10,32,42,32,8,2,0
0x61058d,89.2473%,10,83,93,0,0,10,83
0x9fdcac,60%,10,15,25,15,3,7,0
0x58c0d1,86.8421%,10,66,76,56,10,0,10
0x8be8c7,75.6098%,10,31,41,9,9,1,22
0x8a21a3,96.1089%,10,247,257,247,10,0,0
0x8bc81d,70.5882%,10,24,34,22,10,0,2
0x9f496a,97.1347%,10,339,349,338,7,3,1
0xa312fb,80.7692%,10,42,52,0,0,10,42
0x5f8895,89.5833%,10,86,96,86,10,0,0
0x4c8e43,91.1504%,10,103,113,82,6,4,21
0xa35300,91.2281%,10,104,114,99,6,4,5
0x5ffe05,88.764%,10,79,89,79,10,0,0
0x78e04b,79.5918%,10,39,49,4,2,8,35
0x558d4c,50%,10,10,20,0,0,10,10
0x4b5ccd,64.2857%,10,18,28,18,10,0,0
0x9e1616,62.963%,10,17,27,17,10,0,0
0x4bfdc4,80.3922%,10,41,51,8,5,5,33
0x784045,98.3897%,10,611,621,0,0,10,611
0x90f004,95%,10,190,200,190,10,0,0
0x819541,93.75%,10,150,160,0,0,10,150
0xa42e7c,82.7586%,10,48,58,0,0,10,48
0xa56f3c,86.4865%,10,64,74,0,2,8,64
0x8df14f,94.7368%,10,180,190,0,0,10,180
0x402052,95.4338%,10,209,219,0,0,10,209
0x7c7b99,89.6907%,10,87,97,0,0,10,87
0x5b03b3,81.8182%,10,45,55,2,0,10,43
0x8f61f9,28.5714%,10,4,14,0,0,10,4
0xa90629,81.1321%,10,43,53,43,10,0,0
0x7ac07b,89.5833%,10,86,96,56,5,5,30
0x981ce5,64.2857%,10,18,28,14,10,0,4
0x4c9df8,95.3271%,10,204,214,0,2,8,204
0x9f414c,69.697%,10,23,33,23,10,0,0
0x670469,92.4812%,10,123,133,0,0,10,123
0x9b900e,47.3684%,10,9,19,7,3,7,2
0x8f49ac,99.6008%,10,2495,2505,2494,5,5,1
0x9f018a,91.3793%,10,106,116,106,10,0,0
0x9eceef,76.7442%,10,33,43,5,5,5,28
0x9e0104,99.0689%,10,1064,1074,0,0,10,1064
0x5af1cf,98.7639%,10,799,809,799,10,0,0
0x593772,98.4252%,10,625,635,0,2,8,625
0x7f031b,47.3684%,10,9,19,0,0,10,9
0xb2edb6,96.2343%,9,230,239,0,0,9,230
0xa3485f,98.2922%,9,518,527,0,0,9,518
0x66621d,81.25%,9,39,48,39,9,0,0
0x491c2b,88.4615%,9,69,78,69,7,2,0
0xa521db,88.3117%,9,68,77,68,8,1,0
0x973759,77.5%,9,31,40,0,0,9,31
0x557638,66.6667%,9,18,27,0,0,9,18
0xa2d332,97.7157%,9,385,394,0,0,9,385
0x808b77,98.9387%,9,839,848,836,7,2,3
0x9a3a47,30.7692%,9,4,13,0,0,9,4
0x482c47,76.3158%,9,29,38,29,9,0,0
0x5f0766,79.5455%,9,35,44,1,9,0,34
0x819dda,97.2477%,9,318,327,0,0,9,318
0x4b66db,67.8571%,9,19,28,0,8,1,19
0xaa5dbe,95.6311%,9,197,206,197,9,0,0
0xa337ef,64%,9,16,25,0,0,9,16
0xa42867,96%,9,216,225,0,0,9,216
0x9a9cfb,97.6501%,9,374,383,374,9,0,0
0x9c388f,97.4576%,9,345,354,345,9,0,0
0x6d04f4,82%,9,41,50,14,7,2,27
0xa32e2a,99.1604%,9,1063,1072,0,0,9,1063
0x9732e9,78.5714%,9,33,42,0,4,5,33
0x609537,97.4504%,9,344,353,344,9,0,0
0x511000,93.662%,9,133,142,133,9,0,0
0x5b9db5,92.562%,9,112,121,68,5,4,44
0xa98132,83.6364%,9,46,55,0,0,9,46
0x952bbd,98.0263%,9,447,456,447,9,0,0
0x9745df,96.6292%,9,258,267,0,2,7,258
0xa466c7,93.8776%,9,138,147,128,3,6,10
0xa969e6,43.75%,9,7,16,3,8,1,4
0x4bc07b,43.75%,9,7,16,6,9,0,1
0x78ad5f,57.1429%,9,12,21,0,0,9,12
0x9a7a57,93.1298%,9,122,131,0,0,9,122
0x482d30,52.6316%,9,10,19,0,2,7,10
0x4889ed,52.6316%,9,10,19,10,9,0,0
0x5d8a2c,96.4286%,9,243,252,243,3,6,0
0xa25e4e,88.4615%,9,69,78,0,0,9,69
0x49195b,87.5%,9,63,72,0,0,9,63
0x9f44cc,94.1935%,9,146,155,0,0,9,146
0x97a414,82.6923%,9,43,52,0,0,9,43
0x99eb49,30.7692%,9,4,13,0,0,9,4
0x53ba19,35.7143%,9,5,14,4,8,1,1
0x48f0b2,93.0233%,9,120,129,120,6,3,0
0x4b66cb,70%,9,21,30,2,0,9,19
0x674fec,71.875%,9,23,32,0,0,9,23
0x99e07c,67.8571%,9,19,28,7,6,3,12
0x8a8b34,96.6038%,9,256,265,256,9,0,0
0x4049d4,96.5251%,9,250,259,250,9,0,0
0x4ab1ca,75.6757%,9,28,37,28,3,6,0
0x4b62b4,81.6327%,9,40,49,0,0,9,40
0x9c37c2,80.4348%,9,37,46,37,9,0,0
0x63a7da,95.5%,9,191,200,191,9,0,0
0x51b90b,99.8292%,9,5261,5270,5261,9,0,0
0x9bd1d5,83.6364%,9,46,55,0,0,9,46
0x8fe483,99.9121%,9,10227,10236,10227,9,0,0
0xa3009f,96.0526%,9,219,228,0,0,9,219
0x5f6c73,67.8571%,9,19,28,14,4,5,5
0x9a6443,94.8864%,9,167,176,161,5,4,6
0x4045b9,95.9821%,9,215,224,0,0,9,215
0x547ee7,98.3486%,9,536,545,0,0,9,536
0x7c71c1,78.5714%,9,33,42,29,8,1,4
0x94dd16,98.4668%,9,578,587,0,0,9,578
0x4a03ae,85%,9,51,60,0,0,9,51
0xa18028,96.5517%,9,252,261,0,0,9,252
0x9f950c,93.2836%,9,125,134,0,0,9,125
0xa5b554,52.6316%,9,10,19,9,7,2,1
0xa308ca,99.1346%,9,1031,1040,0,0,9,1031
0xaa571f,90.3226%,9,84,93,0,0,9,84
0xa5756d,78.0488%,9,32,41,0,0,9,32
0xa5774e,67.8571%,9,19,28,10,4,5,9
0x673d7e,52.6316%,9,10,19,0,0,9,10
0x90a410,79.5455%,9,35,44,0,0,9,35
0xa5751b,78.0488%,9,32,41,0,0,9,32
0xa48541,83.9286%,9,47,56,0,0,9,47
0x9a1e61,88.8889%,9,72,81,0,0,9,72
0xaa3951,30.7692%,9,4,13,1,7,2,3
0x67f13d,99.7892%,9,4260,4269,2016,5,4,2244
0x9d052f,96.9799%,9,289,298,289,9,0,0
0x554e5d,91.4286%,9,96,105,96,9,0,0
0x5500e8,83.9286%,9,47,56,47,9,0,0
0x8d3cc0,98.0973%,9,464,473,0,0,9,464
0x4b9c11,68.9655%,9,20,29,1,1,8,19
0x63d0ce,95.5%,9,191,200,191,9,0,0
0x9780e3,93.2331%,9,124,133,0,0,9,124
0x8ef178,95.3125%,9,183,192,170,8,1,13
0x9fe56b,93.2836%,9,125,134,0,0,9,125
0xa52332,90.5263%,9,86,95,0,0,9,86
0x53aeeb,83.0189%,9,44,53,32,9,0,12
0x488ece,97.6804%,9,379,388,0,0,9,379
0xa3625b,96.9697%,9,288,297,288,9,0,0
0x814cca,85.7143%,9,54,63,54,7,2,0
0x5338f4,76.3158%,9,29,38,26,5,4,3
0xa08c5e,55%,9,11,20,11,5,4,0
0xa03a1c,92.3077%,9,108,117,108,9,0,0
0x4c4b1b,97.7612%,9,393,402,393,9,0,0
0x4802c9,76.3158%,9,29,38,29,9,0,0
0xa02456,98.3302%,9,530,539,530,9,0,0
0x8065bf,62.5%,9,15,24,0,0,9,15
0x8379c1,91.3462%,9,95,104,22,6,3,73
0x482147,52.6316%,9,10,19,0,1,8,10
0xa91080,93.2836%,9,125,134,125,9,0,0
0xa064cc,74.2857%,9,26,35,26,9,0,0
0x9a7b9b,96.9283%,9,284,293,0,0,9,284
0x807028,97.7041%,9,383,392,383,9,0,0
0x4046a8,94.3038%,9,149,158,91,4,5,58
0x8da3af,98.1366%,9,474,483,0,0,9,474
0x9e2727,94.0789%,9,143,152,0,0,9,143
0x542c12,97.486%,9,349,358,344,6,3,5
0x9d0500,96.9799%,9,289,298,288,6,3,1
0x8380f3,80%,9,36,45,32,8,1,4
0x403edf,99.6193%,9,2355,2364,476,6,3,1879
0x609814,97.7387%,9,389,398,0,0,9,389
0xa0852b,73.5294%,9,25,34,21,8,1,4
0x88e23c,90.8163%,9,89,98,89,9,0,0
0x99b0c3,77.5%,9,31,40,14,7,2,17
0x48e029,90.8163%,9,89,98,12,4,5,77
0x82267a,98.125%,9,471,480,471,9,0,0
0x557026,93.662%,9,133,142,133,9,0,0
0xa90bf6,93.4307%,9,128,137,128,9,0,0
0x9fcb2f,64%,9,16,25,0,0,9,16
0x80d530,89.7727%,9,79,88,79,9,0,0
0x94edc6,70%,9,21,30,0,0,9,21
0x8eb016,78.0488%,9,32,41,29,6,3,3
0x4b847c,18.1818%,9,2,11,0,0,9,2
0x58d9db,85.9375%,9,55,64,55,9,0,0
0x53abea,92.1739%,9,106,115,106,9,0,0
0xa08f44,85.9375%,9,55,64,53,4,5,2
0x58c551,73.5294%,9,25,34,16,6,3,9
0x9f93cd,73.5294%,9,25,34,0,2,7,25
0x492d8c,86.1538%,9,56,65,56,7,2,0
0x5f1fb2,75%,9,27,36,24,9,0,3
0x7844ad,68.9655%,9,20,29,20,9,0,0
0x4a6c1a,78.5714%,9,33,42,0,0,9,33
0x8eee3d,98.0044%,9,442,451,0,0,9,442
0xa30aa9,99.4668%,9,1679,1688,0,0,9,1679
0x8ffc24,95.8904%,9,210,219,0,9,0,210
0x8158df,0%,9,0,9,0,9,0,0
0x969506,99.5642%,9,2056,2065,2056,9,0,0
0x4c81b7,59.0909%,9,13,22,0,0,9,13
0x40441b,99.3689%,9,1417,1426,0,2,7,1417
0x8f6e96,98.3957%,9,552,561,0,0,9,552
0x503e4b,97.1061%,9,302,311,0,0,9,302
0x4850b1,80%,9,36,45,0,0,9,36
0xa608fd,98.1818%,9,486,495,486,9,0,0
0x88a0de,59.0909%,9,13,22,13,9,0,0
0xa06e07,85.9375%,9,55,64,0,4,5,55
0xa34821,99.3066%,9,1289,1298,0,0,9,1289
0xaa7ddb,80.8511%,9,38,47,0,0,9,38
0x51050b,85.9375%,9,55,64,55,9,0,0
0x48a777,99.2201%,9,1145,1154,1145,9,0,0
0x9e730d,97.0492%,9,296,305,288,3,6,8
0xa944f9,68.9655%,9,20,29,1,1,8,19
0x90adbb,93.9597%,9,140,149,114,5,4,26
0xa5956a,57.1429%,9,12,21,12,9,0,0
0x99d9d3,75.6757%,9,28,37,0,0,9,28
0x537ab8,79.5455%,9,35,44,35,3,6,0
0x537b19,98.7788%,9,728,737,723,8,1,5
0xa2ab66,25%,9,3,12,3,9,0,0
0xa55068,96.99%,9,290,299,0,8,1,290
0x5a9460,86.5672%,9,58,67,0,0,9,58
0x541ccc,99.3192%,9,1313,1322,0,0,9,1313
0x812728,82.6923%,9,43,52,0,0,9,43
0x96b189,99.0077%,9,898,907,0,0,9,898
0xa2ed7e,68.9655%,9,20,29,0,0,9,20
0xa33766,76.3158%,9,29,38,3,6,3,26
0xa54e5d,85.2459%,9,52,61,0,0,9,52
0x814acf,84.7458%,9,50,59,2,0,9,48
0x8e03be,98.9474%,9,846,855,0,0,9,846
0x681fb9,99.5853%,9,2161,2170,0,0,9,2161
0x58c8aa,96.9697%,9,288,297,0,0,9,288
0x5aeb77,64%,9,16,25,12,9,0,4
0x544d66,91%,9,91,100,0,0,9,91
0xa8ee75,35.7143%,9,5,14,2,4,5,3
0xa5edc3,97.7778%,9,396,405,0,0,9,396
0xa59550,57.1429%,9,12,21,0,0,9,12
0x483d76,52.6316%,9,10,19,10,9,0,0
0xb372e8,79.0698%,9,34,43,0,0,9,34
0x8125c8,97.2477%,9,318,327,0,0,9,318
0xa910cc,93.2836%,9,125,134,0,0,9,125
0x81f7c2,80.8511%,9,38,47,0,0,9,38
0x446574,98.4642%,9,577,586,0,4,5,577
0x8ef3dc,81.25%,9,39,48,0,0,9,39
0x58c063,87.1429%,9,61,70,0,0,9,61
0x67f122,99.5547%,9,2012,2021,0,0,9,2012
0xa9748b,93.9597%,9,140,149,106,4,5,34
0x90aebb,92.437%,9,110,119,110,9,0,0
0x48dec0,88%,9,66,75,29,5,4,37
0x49cdb0,30.7692%,9,4,13,3,5,4,1
0x9e79f3,93.617%,9,132,141,132,9,0,0
0xa58817,55%,9,11,20,11,9,0,0
0x787f15,86.3636%,9,57,66,3,3,6,54
0x94cab9,85.9375%,9,55,64,22,2,7,33
0x9a32f3,93.8356%,9,137,146,0,0,9,137
0x8adcc3,59.0909%,9,13,22,1,0,9,12
0xa52a3e,90.5263%,9,86,95,0,0,9,86
0x5f0673,89.2857%,9,75,84,1,3,6,74
0xa05c47,68.9655%,9,20,29,2,6,3,18
0x5053ea,55%,9,11,20,3,5,4,8
0x83aa17,25%,9,3,12,3,5,4,0
0x4049be,96.5251%,9,250,259,250,9,0,0
0xa4534a,82%,9,41,50,41,1,8,0
0x8dd066,98.5554%,9,614,623,0,0,9,614
0x99c8b0,98.1818%,9,486,495,0,0,9,486
0x804fcb,85.7143%,9,54,63,0,2,7,54
0xa2f4a2,91.8919%,9,102,111,102,9,0,0
0x8a762e,96.4981%,9,248,257,248,8,1,0
0xaa63ac,98.2249%,9,498,507,498,9,0,0
0x405763,92.623%,9,113,122,0,0,9,113
0x490c7f,60.8696%,9,14,23,1,5,4,13
0xacfbe0,80.8511%,9,38,47,5,2,7,33
0x63d8d9,93.617%,9,132,141,132,9,0,0
0x97851c,98.1443%,9,476,485,476,9,0,0
0x555088,83.6364%,9,46,55,46,9,0,0
0x5bb3f8,86.3636%,9,57,66,0,2,7,57
0x58b914,91.8182%,9,101,110,1,9,0,100
0xa01da8,87.1429%,9,61,70,61,3,6,0
0x481b95,52.6316%,9,10,19,1,9,0,9
0x4810c8,52.6316%,9,10,19,10,9,0,0
0xa0187d,98.2558%,9,507,516,99,5,4,408
0x60e678,76.3158%,9,29,38,0,0,9,29
0x4045fb,91.0891%,9,92,101,89,3,6,3
0x5032f3,87.6712%,9,64,73,0,2,7,64
0xa46b14,50%,9,9,18,9,9,0,0
0x984694,90.5263%,9,86,95,0,0,9,86
0x984171,87.8378%,9,65,74,0,0,9,65
0x9f3ff3,92.3729%,9,109,118,1,3,6,108
0x512879,55%,9,11,20,11,9,0,0
0x60e657,76.3158%,9,29,38,29,9,0,0
0x980edd,87.8378%,9,65,74,57,9,0,8
0x8a5439,97.8261%,9,405,414,0,0,9,405
0x677d19,98.9011%,9,810,819,810,9,0,0
0x88a152,59.0909%,9,13,22,13,9,0,0
0xa35343,99.5268%,9,1893,1902,0,0,9,1893
0x5b2fba,10%,9,1,10,1,9,0,0
0x4c0422,89.5349%,9,77,86,0,0,9,77
0x94dd23,98.4668%,9,578,587,0,0,9,578
0x7c71ab,79.5455%,9,35,44,0,2,7,35
0x48dcaf,99.8711%,9,6974,6983,0,0,9,6974
0x95b836,25%,9,3,12,3,5,4,0
0x984913,25%,9,3,12,3,5,4,0
0x496330,80.4348%,9,37,46,31,3,6,6
0x511e17,98.3929%,9,551,560,551,9,0,0
0x7d26e8,97.205%,9,313,322,313,9,0,0
0x554f9e,83.6364%,9,46,55,44,8,1,2
0x9f5d16,67.8571%,9,19,28,0,0,9,19
0xa45c00,86.5672%,9,58,67,58,6,3,0
0x819838,86.7647%,9,59,68,30,4,5,29
0x5b027f,98.2353%,9,501,510,0,0,9,501
0xa4824f,85%,9,51,60,43,5,4,8
0x944ec6,70%,9,21,30,21,9,0,0
0x53b915,93.1818%,9,123,132,100,6,3,23
0x5560d0,95.5665%,9,194,203,194,9,0,0
0x8fcf01,98.2249%,9,498,507,0,0,9,498
0xaa89eb,99.5082%,9,1821,1830,1821,9,0,0
0xa8fb15,94.7059%,9,161,170,0,0,9,161
0x959793,82.6923%,9,43,52,0,4,5,43
0x4c5a03,62.5%,9,15,24,3,0,9,12
0x9f501b,93.4783%,9,129,138,0,0,9,129
0xa32d24,90.5263%,9,86,95,86,7,2,0
0x6964a5,99.1906%,9,1103,1112,0,0,9,1103
0x9f0b71,90.5263%,9,86,95,86,9,0,0
0xa25af6,99.1115%,9,1004,1013,0,0,9,1004
0xa662d8,66.6667%,9,18,27,17,9,0,1
0x8092c1,74.2857%,9,26,35,26,8,1,0
0xa393bf,99.0077%,9,898,907,898,9,0,0
0x534c83,55%,9,11,20,0,0,9,11
0x4b4994,93.4783%,9,129,138,0,0,9,129
0x5af54d,85.4839%,9,53,62,53,9,0,0
0x4419de,18.1818%,9,2,11,0,0,9,2
0x9ff705,59.0909%,9,13,22,0,0,9,13
0x78a5d8,66.6667%,9,18,27,12,4,5,6
0x5f8e97,55%,9,11,20,1,8,1,10
0x9e29c1,94.7977%,9,164,173,0,0,9,164
0x596933,95.0276%,9,172,181,0,0,9,172
0x9f5c54,88.75%,9,71,80,52,0,9,19
0xb18260,99.1045%,9,996,1005,996,9,0,0
0x597219,93.662%,9,133,142,0,0,9,133
0xa48e78,72.7273%,9,24,33,24,9,0,0
0x9a81f2,35.7143%,9,5,14,5,9,0,0
0x5c6b29,99.7484%,9,3568,3577,0,0,9,3568
0x503373,76.9231%,9,30,39,0,2,7,30
0x4045f4,93.5252%,9,130,139,33,5,4,97
0x9814ab,80.8511%,9,38,47,20,9,0,18
0xa3bca1,50%,9,9,18,1,1,8,8
0x96ad9c,57.1429%,9,12,21,12,9,0,0
0x4822b6,0%,9,0,9,0,9,0,0
0xa4a9eb,95.9821%,9,215,224,111,0,9,104
0x8ef1de,98.0044%,9,442,451,0,0,9,442
0x4a6ce0,90.9091%,9,90,99,90,9,0,0
0xa410a9,74.2857%,9,26,35,0,0,9,26
0x98cdac,74.2857%,9,26,35,0,0,9,26
0xa5bb05,86.1538%,9,56,65,0,0,9,56
0x5ae277,78.0488%,9,32,41,32,9,0,0
0x8e02cd,98.4211%,9,561,570,276,9,0,285
0xaa2f5c,98.5484%,9,611,620,509,9,0,102
0x78a67c,43.75%,9,7,16,6,0,9,1
0x64f467,62.5%,9,15,24,0,0,9,15
0x488f23,94.2308%,9,147,156,147,5,4,0
0xa328bb,79.5455%,9,35,44,0,0,9,35
0x9cfc0b,92.1739%,9,106,115,0,4,5,106
0x792174,57.1429%,9,12,21,8,7,2,4
0x50b95d,77.5%,9,31,40,31,9,0,0
0x498631,91.1765%,9,93,102,0,0,9,93
0x58c099,87.1429%,9,61,70,0,0,9,61
0x81a731,99.8491%,9,5956,5965,5956,9,0,0
0x81cefe,85%,9,51,60,51,9,0,0
0xa427c7,96%,9,216,225,0,0,9,216
0x494195,59.0909%,9,13,22,13,9,0,0
0xaa7dab,83.3333%,9,45,54,44,3,6,1
0x90be4b,99.0635%,9,952,961,838,4,5,114
0xa45922,97.6923%,9,381,390,381,9,0,0
0x4ba593,96.9388%,9,285,294,285,5,4,0
0x981358,88.75%,9,71,80,0,0,9,71
0x837807,80%,9,36,45,32,8,1,4
0xa07f50,83.6364%,9,46,55,46,8,1,0
0x983b46,90.2174%,9,83,92,14,2,7,69
0xa43758,97.8774%,9,415,424,0,0,9,415
0x9eb815,91.6667%,9,99,108,0,0,9,99
0x94ac8e,88.75%,9,71,80,19,5,4,52
0x983a47,67.8571%,9,19,28,10,1,8,9
0x9a93f4,55%,9,11,20,0,0,9,11
0x981454,89.4118%,9,76,85,0,8,1,76
0xaa2619,59.0909%,9,13,22,10,1,8,3
0x409cda,97.5207%,9,354,363,0,0,9,354
0x64f3a6,59.0909%,9,13,22,13,9,0,0
0x482c30,52.6316%,9,10,19,0,0,9,10
0xa9045b,92.1053%,9,105,114,0,0,9,105
0x6435b3,76.9231%,9,30,39,0,0,9,30
0xa6c66f,79.0698%,9,34,43,0,0,9,34
0x5ffeb0,98.9234%,9,827,836,827,9,0,0
0x4ac81d,40%,9,6,15,0,0,9,6
0x9a96ab,70.9677%,9,22,31,22,9,0,0
0x4a022e,96.4567%,9,245,254,0,2,7,245
0x8065e1,35.7143%,9,5,14,0,0,9,5
0xa32791,88.4615%,9,69,78,69,9,0,0
0xb17985,99.1517%,9,1052,1061,1052,9,0,0
0xa46930,90.625%,9,87,96,0,4,5,87
0xa30b21,99.4668%,9,1679,1688,0,0,9,1679
0x4c8ac8,93.2331%,9,124,133,124,9,0,0
0x541219,99.913%,9,10335,10344,0,0,9,10335
0x80437d,0%,9,0,9,0,9,0,0
0x99a858,91.1765%,9,93,102,93,9,0,0
0x55116d,57.1429%,9,12,21,1,2,7,11
0x90512d,93.4307%,9,128,137,128,9,0,0
0x8ef9d6,98.0044%,9,442,451,442,9,0,0
0x8f18d0,95.3125%,9,183,192,6,3,6,177
0x9f7d8a,0%,9,0,9,0,0,9,0
0x951be8,75.6757%,9,28,37,21,7,2,7
0xa30d6e,95.3846%,9,186,195,76,4,5,110
0x8a7238,96.7857%,9,271,280,271,9,0,0
0x95ad8c,60.8696%,9,14,23,11,8,1,3
0x647dbd,82.3529%,9,42,51,42,9,0,0
0x976e9b,73.5294%,9,25,34,14,2,7,11
0x8109d4,55%,9,11,20,0,8,1,11
0x493737,89.6552%,9,78,87,78,9,0,0
0xa90f7a,89.4118%,9,76,85,54,3,6,22
0x9a765a,35.7143%,9,5,14,1,9,0,4
0xaa134d,95.3846%,9,186,195,0,0,9,186
0x666915,98.4589%,9,575,584,575,9,0,0
0xa01bb9,43.75%,9,7,16,7,9,0,0
0x9e08b6,98.0477%,9,452,461,0,0,9,452
0x9ab606,95.5%,9,191,200,0,0,9,191
0xaa2e12,98.5484%,9,611,620,611,9,0,0
0x50716f,98.7838%,9,731,740,0,0,9,731
0x64b9ff,99.3558%,9,1388,1397,0,0,9,1388
0x5c4fa9,94.5783%,9,157,166,0,0,9,157
0x5c570d,80%,9,36,45,7,1,8,29
0x8a9ec3,98.0687%,9,457,466,457,9,0,0
0x9ea817,71.875%,9,23,32,0,0,9,23
0x611776,98.7854%,9,732,741,732,9,0,0
0xaa7f03,98.2987%,9,520,529,513,4,5,7
0xa39efb,78.0488%,9,32,41,6,5,4,26
0x9a7633,67.8571%,9,19,28,9,5,4,10
0xa0748a,80.4348%,9,37,46,0,0,9,37
0x5af7c8,83.0189%,9,44,53,4,5,4,40
0x5ef819,85%,9,51,60,51,9,0,0
0x5343ce,99.9387%,9,14677,14686,0,0,9,14677
0xa46317,89.6552%,9,78,87,78,9,0,0
0x99c968,98.9273%,9,830,839,81,4,5,749
0x5fd5ca,97.0395%,9,295,304,0,8,1,295
0x606f91,55%,9,11,20,10,0,9,1
0x54547d,93.2836%,9,125,134,125,9,0,0
0x501856,99.7228%,9,3238,3247,0,0,9,3238
0x813a88,47.0588%,9,8,17,8,9,0,0
0x806732,10%,9,1,10,1,9,0,0
0x9bd31b,85.7143%,9,54,63,0,0,9,54
0x618a08,87.1429%,9,61,70,61,9,0,0
0x969352,89.5349%,9,77,86,76,7,2,1
0xa528f5,97.8261%,9,405,414,405,9,0,0
0xa517fa,77.5%,9,31,40,31,9,0,0
0x9ec2e1,77.5%,9,31,40,0,0,9,31
0xa2a8bb,86.7647%,9,59,68,2,0,9,57
0xa2e1c1,96.3855%,9,240,249,240,9,0,0
0xa15cc8,25%,9,3,12,0,6,3,3
0x5b04f5,86.5672%,9,58,67,56,9,0,2
0x811677,98.5437%,9,609,618,609,9,0,0
0x48ba6b,89.2857%,9,75,84,75,9,0,0
0xa565ca,96.5517%,9,252,261,251,0,9,1
0x9d0b5a,82.3529%,9,42,51,0,0,9,42
0x610589,90.3226%,9,84,93,0,0,9,84
0x48b416,96%,9,216,225,0,0,9,216
0x60a8a8,92.0354%,9,104,113,0,0,9,104
0x6923c2,59.0909%,9,13,22,9,1,8,4
0x9a39ea,57.1429%,9,12,21,7,9,0,5
0x978274,52.6316%,9,10,19,10,3,6,0
0xa447fd,82.6923%,9,43,52,43,7,2,0
0x53c649,98.7854%,9,732,741,0,0,9,732
0x9e00d6,99.162%,9,1065,1074,0,0,9,1065
0x95010b,99.5851%,9,2160,2169,2160,9,0,0
0x5ea9c5,95.9091%,9,211,220,203,9,0,8
0x9f235a,10%,9,1,10,1,7,2,0
0x9abd04,40%,9,6,15,3,2,7,3
0xa025ce,99.3968%,9,1483,1492,0,0,9,1483
0x90e35e,86.5672%,9,58,67,58,9,0,0
0xa039f7,92.437%,9,110,119,0,2,7,110
0x7942a9,74.2857%,9,26,35,5,1,8,21
0x4acb44,40%,9,6,15,3,0,9,3
0xa28845,43.75%,9,7,16,7,9,0,0
0x534926,86.3636%,9,57,66,57,9,0,0
0x80892d,96.1538%,9,225,234,225,7,2,0
0x9e18ad,92.5%,9,111,120,0,0,9,111
0x5cbbca,93.1298%,9,122,131,122,9,0,0
0xa5abbb,57.1429%,9,12,21,5,1,8,7
0x8152aa,43.75%,9,7,16,4,4,5,3
0x9e751e,96.9283%,9,284,293,136,5,4,148
0x9e01a8,89.6552%,9,78,87,57,2,7,21
0x81be58,96.2185%,9,229,238,1,1,8,228
0x4fdd8c,89.0244%,9,73,82,73,9,0,0
0x8aad49,59.0909%,9,13,22,0,0,9,13
0x8f0d3f,77.5%,9,31,40,31,9,0,0
0x7ac79c,25%,9,3,12,0,0,9,3
0x814044,96.4286%,9,243,252,243,9,0,0
0x9ee327,92.6829%,9,114,123,4,9,0,110
0x5bd001,98.5981%,9,633,642,633,9,0,0
0xa35ddb,70%,9,21,30,11,5,4,10
0x9d1038,35.7143%,9,5,14,4,2,7,1
0x944380,88.1579%,9,67,76,0,0,9,67
0x534f9a,71.875%,9,23,32,0,0,9,23
0xa63b37,92.8%,9,116,125,0,0,9,116
0x88e666,76.9231%,9,30,39,30,9,0,0
0x543a6c,95.9091%,9,211,220,0,2,7,211
0x9e2954,40%,9,6,15,5,5,4,1
0x9ea53d,91.6667%,9,99,108,99,9,0,0
0x9f8f9b,93.662%,9,133,142,0,0,9,133
0x50774c,65.3846%,9,17,26,0,0,9,17
0xa055fc,85.4839%,9,53,62,53,8,1,0
0x4a6f5f,98.2387%,9,502,511,502,9,0,0
0xa26c27,10%,9,1,10,0,0,9,1
0x5d35bd,55%,9,11,20,11,9,0,0
0x80541e,18.1818%,9,2,11,0,9,0,2
0xa9c96b,79.5455%,9,35,44,4,4,5,31
0x9e6185,96.4%,9,241,250,0,0,9,241
0x816414,83.3333%,9,45,54,45,7,2,0
0x4b9e8b,94.6108%,9,158,167,7,5,4,151
0x88e4a3,76.9231%,9,30,39,0,3,6,30
0x821fe2,71.875%,9,23,32,23,9,0,0
0xa46cd0,90.625%,9,87,96,0,0,9,87
0x9fb5ab,95.9459%,9,213,222,213,9,0,0
0x4bb8f0,91.9643%,9,103,112,56,0,9,47
0x4931eb,76.9231%,9,30,39,30,9,0,0
0x98420a,64%,9,16,25,16,9,0,0
0x9f7f9e,35.7143%,9,5,14,0,0,9,5
0xa3a1a0,98.6466%,9,656,665,656,9,0,0
0x6108ec,30.7692%,9,4,13,0,0,9,4
0x49a2a0,92.2414%,9,107,116,0,0,9,107
0x647d97,82.3529%,9,42,51,42,9,0,0
0x5c6b39,99.4325%,9,1577,1586,0,0,9,1577
0x8a66f3,30.7692%,9,4,13,4,5,4,0
0x4aafb0,18.1818%,9,2,11,1,9,0,1
0x48e815,94.5122%,9,155,164,155,9,0,0
0x90d46b,97.0199%,9,293,302,0,0,9,293
0x4aac44,78.0488%,9,32,41,32,9,0,0
0x4bf48f,89.2857%,9,75,84,8,8,1,67
0x9d0b9d,82.3529%,9,42,51,0,0,9,42
0x501b5f,98.8432%,9,769,778,0,0,9,769
0xaa580f,99.0964%,9,987,996,0,0,9,987
0x8f4c61,94.8864%,9,167,176,0,0,9,167
0x5f64b4,88.3117%,9,68,77,68,7,2,0
0x53f5da,99.5375%,9,1937,1946,0,0,9,1937
0x9fe5e8,79.5455%,9,35,44,0,0,9,35
0x9aafa4,98.3577%,9,539,548,0,0,9,539
0x8e40cc,99.6085%,9,2290,2299,623,0,9,1667
0x55598e,91%,9,91,100,90,6,3,1
0x49c07c,98.1964%,9,490,499,0,2,7,490
0x60e670,76.3158%,9,29,38,0,0,9,29
0x80639a,62.5%,9,15,24,0,0,9,15
0x948743,99.3759%,9,1433,1442,1433,9,0,0
0x4c8e1e,93.2331%,9,124,133,0,0,9,124
0x905aad,96.9799%,9,289,298,289,9,0,0
0x9fc7ee,95.9091%,9,211,220,0,0,9,211
0x481e40,52.6316%,9,10,19,0,0,9,10
0x619c2b,55%,9,11,20,0,0,9,11
0xa3a47d,97.5342%,9,356,365,356,9,0,0
0xb30224,62.5%,9,15,24,0,2,7,15
0x9e3804,64%,9,16,25,0,0,9,16
0x5ba095,10%,9,1,10,0,0,9,1
0x557d05,93.617%,9,132,141,0,6,3,132
0x9e840b,90.2174%,9,83,92,0,4,5,83
0x9a322d,83.9286%,9,47,56,0,0,9,47
0xa44642,82.6923%,9,43,52,43,9,0,0
0x4ba494,65.3846%,9,17,26,7,6,3,10
0x59379b,99.2748%,9,1232,1241,0,0,9,1232
0x9d1130,96.4143%,9,242,251,0,7,2,242
0xa96e9c,57.1429%,9,12,21,12,5,4,0
0xaa12c8,85.7143%,9,54,63,54,9,0,0
0x942914,96.0699%,9,220,229,147,7,2,73
0x97277a,96.7033%,9,264,273,4,5,4,260
0x50aa0c,91.8919%,9,102,111,0,0,9,102
0x9aa030,65.3846%,9,17,26,17,9,0,0
0x548189,99.0863%,9,976,985,0,0,9,976
0x9771c3,89.1566%,9,74,83,73,8,1,1
0x534c8f,55%,9,11,20,11,9,0,0
0xa50461,96.4981%,9,248,257,0,0,9,248
0x678dc8,60.8696%,9,14,23,0,0,9,14
0x918f46,95.5%,9,191,200,191,9,0,0
0x55663e,82.3529%,9,42,51,42,0,9,0
0x8e96a8,99.3626%,9,1403,1412,0,2,7,1403
0x972786,96.5909%,9,255,264,0,0,9,255
0x8e0c79,92.7419%,9,115,124,9,3,6,106
0x90664f,91.8182%,9,101,110,101,9,0,0
0x8fee14,98.5827%,9,626,635,626,9,0,0
0x8f6cae,80%,9,36,45,0,0,9,36
0x9fc668,35.7143%,9,5,14,5,9,0,0
0x604688,94.9153%,9,168,177,0,0,9,168
0x80a81c,98.9324%,9,834,843,0,2,7,834
0x9fb316,74.2857%,9,26,35,26,6,3,0
0x4c8ac0,93.2331%,9,124,133,0,0,9,124
0x813e0e,99.0446%,9,933,942,0,0,9,933
0x9a4938,43.75%,9,7,16,0,0,9,7
0x833ade,93.1818%,9,123,132,0,0,9,123
0x81b155,97.1609%,9,308,317,0,0,9,308
0x9d0ac8,91.1765%,9,93,102,93,9,0,0
0x5971e0,96.875%,9,279,288,0,0,9,279
0x8ea942,99.2677%,9,1220,1229,0,4,5,1220
0x64cd08,64%,9,16,25,16,9,0,0
0x50d9d2,97.7273%,9,387,396,387,5,4,0
0x7dfc25,43.75%,9,7,16,3,5,4,4
0x8a6459,91.4286%,9,96,105,2,1,8,94
0xa938eb,75%,9,27,36,23,2,7,4
0xa39dbb,78.0488%,9,32,41,0,0,9,32
0x40a66a,65.3846%,9,17,26,13,9,0,4
0x50a775,82.3529%,9,42,51,0,0,9,42
0xa53e73,94.5122%,9,155,164,0,0,9,155
0x81172d,99.761%,9,3757,3766,0,0,9,3757
0xa1b577,64%,9,16,25,10,2,7,6
0x404fd1,78.5714%,9,33,42,0,0,9,33
0x409b14,68.9655%,9,20,29,20,9,0,0
0xa8fa91,89.4118%,9,76,85,76,9,0,0
0xa064f7,74.2857%,9,26,35,0,0,9,26
0xa3fd1c,83.9286%,9,47,56,19,5,4,28
0x5fd958,99.8431%,9,5726,5735,0,0,9,5726
0x8eedf8,93.5714%,9,131,140,0,0,9,131
0x49faa2,93.75%,9,135,144,0,0,9,135
0x535813,84.4828%,9,49,58,0,1,8,49
0x9e88a5,88.8889%,9,72,81,68,8,1,4
0x80b7ef,74.2857%,9,26,35,26,8,1,0
0xa4e855,94.4444%,9,153,162,151,9,0,2
0x4b9c87,87.3239%,9,62,71,37,3,6,25
0x8c726a,95.7547%,9,203,212,0,0,9,203
0x4935d3,47.0588%,9,8,17,0,0,9,8
0xa021c5,66.6667%,9,18,27,0,0,9,18
0x507f55,98.7838%,9,731,740,0,0,9,731
0x50fae8,10%,9,1,10,1,9,0,0
0xa51e49,76.9231%,9,30,39,0,0,9,30
0x4c2738,81.6327%,9,40,49,40,9,0,0
0x8aac36,10%,9,1,10,1,9,0,0
0x51b107,30.7692%,9,4,13,0,0,9,4
0x8fe4b9,47.0588%,9,8,17,8,9,0,0
0x8ff2b6,87.1429%,9,61,70,5,1,8,56
0x9a11a0,88.8889%,9,72,81,0,0,9,72
0xa2751e,97.2393%,9,317,326,317,9,0,0
0x94e7a5,70%,9,21,30,0,0,9,21
0xa31244,89.4118%,9,76,85,76,9,0,0
0xa528b4,88.6076%,9,70,79,68,9,0,2
0x902808,76.3158%,9,29,38,27,8,1,2
0xa18a52,79.0698%,9,34,43,0,0,9,34
0x507e21,59.0909%,9,13,22,0,0,9,13
0x8f122c,77.5%,9,31,40,31,1,8,0
0xa31ee1,80.4348%,9,37,46,3,7,2,34
0x604358,25%,9,3,12,0,0,9,3
0x80b9d1,98.2625%,9,509,518,509,7,2,0
0x5f86de,88.3117%,9,68,77,2,3,6,66
0x7819fb,94.2308%,9,147,156,0,0,9,147
0xa4276e,96%,9,216,225,0,0,9,216
0x904343,98.1928%,9,489,498,489,9,0,0
0x508019,98.2955%,9,519,528,0,0,9,519
0x8fe39d,70%,9,21,30,14,1,8,7
0xa55ea8,82.6923%,9,43,52,29,7,2,14
0x804c90,96.1207%,9,223,232,223,7,2,0
0x8aacdd,59.0909%,9,13,22,0,0,9,13
0x60b9db,89.4118%,9,76,85,17,3,6,59
0x81fad4,98.5981%,9,633,642,633,9,0,0
0xa9c98d,75%,9,27,36,1,1,8,26
0xa54094,59.0909%,9,13,22,13,9,0,0
0x547ec2,98.5782%,9,624,633,624,9,0,0
0x5ffd21,88.75%,9,71,80,71,9,0,0
0x554739,85.9375%,9,55,64,0,0,9,55
0x63b52c,99.3109%,9,1297,1306,0,0,9,1297
0x8df5eb,77.5%,9,31,40,7,6,3,24
0x547f57,98.8402%,9,767,776,0,4,5,767
0xa97f04,35.7143%,9,5,14,1,1,8,4
0x5b1cf5,80.8511%,9,38,47,38,9,0,0
0x95ad83,60.8696%,9,14,23,0,0,9,14
0x5b9bbc,87.6712%,9,64,73,64,9,0,0
0xa50118,93.9189%,9,139,148,0,0,9,139
0x4b7e28,18.1818%,9,2,11,2,9,0,0
0x5579dd,96.9595%,9,287,296,287,9,0,0
0x590023,95.4545%,9,189,198,90,9,0,99
0x555ab0,67.8571%,9,19,28,19,7,2,0
0x81ecba,99.4371%,9,1590,1599,1590,9,0,0
0x8efe8b,65.3846%,9,17,26,7,5,4,10
0x539ff7,80.8511%,9,38,47,0,0,9,38
0x8e24e3,91.8182%,9,101,110,0,0,9,101
0x50eeaa,89.4118%,9,76,85,1,1,8,75
0x499d08,83.0189%,9,44,53,8,5,4,36
0x9e5c00,74.2857%,9,26,35,0,0,9,26
0x4bdbe7,66.6667%,9,18,27,0,7,2,18
0x8bd248,99.8626%,9,6543,6552,0,0,9,6543
0x951a31,94.0789%,9,143,152,0,0,9,143
0x8e9a96,99.2718%,9,1227,1236,1227,7,2,0
0xa9e24b,77.5%,9,31,40,1,9,0,30
0x554749,85.9375%,9,55,64,0,0,9,55
0x8117d3,98.2824%,9,515,524,515,7,2,0
0x8a653d,47.0588%,9,8,17,6,4,5,2
0xa50d22,89.7727%,9,79,88,0,0,9,79
0x50e4a8,75%,9,27,36,6,2,7,21
0x9fe6f7,77.5%,9,31,40,31,9,0,0
0x8fd736,70%,9,21,30,17,3,6,4
0x99e12d,40%,9,6,15,6,9,0,0
0x640519,95.5%,9,191,200,191,9,0,0
0x48864d,91.5094%,9,97,106,97,9,0,0
0xa8ee09,99.4479%,9,1621,1630,0,0,9,1621
0x9e21ae,43.75%,9,7,16,6,8,1,1
0x5fb71b,83.6364%,9,46,55,0,0,9,46
0x5357e5,64%,9,16,25,0,4,5,16
0x952aa9,98.0263%,9,447,456,447,9,0,0
0x7d2c5a,52.6316%,9,10,19,7,8,1,3
0x8f67d9,93.5714%,9,131,140,9,1,8,122
0x647514,55%,9,11,20,7,8,1,4
0xa449ea,98.56%,9,616,625,0,0,9,616
0xa39b8a,98.5197%,9,599,608,0,0,9,599
0x48fda3,55%,9,11,20,7,3,6,4
0x8fcbed,97.0874%,9,300,309,0,0,9,300
0x8076cf,96.9283%,9,284,293,284,9,0,0
0x64b5fe,84.2105%,9,48,57,48,9,0,0
0xa4d5b7,94.375%,9,151,160,151,9,0,0
0x945cf3,52.6316%,9,10,19,10,9,0,0
0x8e3818,97.541%,9,357,366,357,9,0,0
0xa555b0,95.0276%,9,172,181,172,9,0,0
0x4a6c21,78.5714%,9,33,42,0,0,9,33
0x608d97,57.1429%,9,12,21,12,9,0,0
0x40ce73,89.5349%,9,77,86,77,7,2,0
0xa9286d,81.6327%,9,40,49,0,0,9,40
0x4c4d13,67.8571%,9,19,28,8,7,2,11
0x9f2007,95.9459%,9,213,222,1,3,6,212
0x815184,97.2727%,9,321,330,0,0,9,321
0x4bf7f0,89.5349%,9,77,86,0,0,9,77
0x51b64b,10%,9,1,10,0,5,4,1
0x9013a4,82%,9,41,50,0,0,9,41
0x7c7527,43.75%,9,7,16,3,5,4,4
0x639c85,98.5%,9,591,600,591,9,0,0
0x6117d7,87.3239%,9,62,71,29,4,5,33
0x512c0e,99.8401%,9,5619,5628,0,0,9,5619
0xa4217e,97.6064%,9,367,376,0,0,9,367
0xa48cab,94.6108%,9,158,167,0,0,9,158
0x48bfff,93.75%,9,135,144,135,9,0,0
0x5cb07e,98.9842%,9,877,886,0,0,9,877
0x65c0d4,98.0088%,9,443,452,0,0,9,443
0x5fa93a,98.152%,9,478,487,108,3,6,370
0x593151,70%,9,21,30,0,0,9,21
0x943ae8,0%,9,0,9,0,9,0,0
0x8e44ac,97.5871%,9,364,373,3,5,4,361
0x8a284f,96.7972%,9,272,281,0,0,9,272
0x8dfa93,55%,9,11,20,11,9,0,0
0x40a972,90.1099%,9,82,91,82,9,0,0
0x48ae09,98.9899%,9,882,891,0,0,9,882
0x4bcdf6,43.75%,9,7,16,1,0,9,6
0x8a6134,97.2644%,9,320,329,320,9,0,0
0x5cbdb1,93.1298%,9,122,131,122,9,0,0
0xa94764,68.9655%,9,20,29,0,0,9,20
0x504167,85.4839%,9,53,62,0,0,9,53
0x9a7016,74.2857%,9,26,35,3,6,3,23
0xa373c5,71.875%,9,23,32,23,9,0,0
0x8a670c,93.5252%,9,130,139,0,0,9,130
0x7d27d2,90.8163%,9,89,98,89,5,4,0
0x4894b0,98.6025%,9,635,644,635,9,0,0
0x9f941e,82.6923%,9,43,52,40,8,1,3
0xa548cd,97.9215%,9,424,433,424,9,0,0
0x9abe1a,94.9438%,9,169,178,81,3,6,88
0x51b774,99.7833%,9,4145,4154,0,0,9,4145
0x8f5385,95.1351%,9,176,185,176,9,0,0
0xb2e30f,47.0588%,9,8,17,0,0,9,8
0x821264,99.2777%,9,1237,1246,0,0,9,1237
0x9e7fda,92.6829%,9,114,123,114,9,0,0
0x7a0f86,74.2857%,9,26,35,0,0,9,26
0x6964ea,99.1477%,9,1047,1056,0,0,9,1047
0x511ec1,99.4706%,9,1691,1700,0,4,5,1691
0x9e3edc,97.3529%,9,331,340,331,9,0,0
0x791161,68.9655%,9,20,29,15,7,2,5
0x8d3d83,70.9677%,9,22,31,0,0,9,22
0x4a02b6,90%,9,81,90,81,9,0,0
0x82204a,71.875%,9,23,32,0,0,9,23
0x814ab0,84.7458%,9,50,59,1,3,6,49
0x9fb6c0,96.3415%,9,237,246,237,9,0,0
0x50291d,90.7216%,9,88,97,88,9,0,0
0x50296b,90.7216%,9,88,97,88,9,0,0
0x9fb627,95.814%,9,206,215,206,9,0,0
0xa97e48,40%,9,6,15,0,0,9,6
0x4c8184,59.0909%,9,13,22,13,9,0,0
0xa0648e,74.2857%,9,26,35,0,0,9,26
0x820de3,96.3115%,9,235,244,235,9,0,0
0x6705f7,93.2331%,9,124,133,0,0,9,124
0x5f53c6,66.6667%,9,18,27,3,9,0,15
0x67043a,93.2331%,9,124,133,0,0,9,124
0x66f575,95.6311%,9,197,206,0,0,9,197
0x8efab7,94.375%,9,151,160,151,5,4,0
0xa36e0a,59.0909%,9,13,22,0,0,9,13
0x90e874,70%,9,21,30,0,0,9,21
0x679c5d,97.7215%,9,386,395,38,6,3,348
0x55803f,98.8834%,9,797,806,45,5,4,752
0x811ea0,99.627%,9,2404,2413,0,5,4,2404
0xa4ed19,93.4783%,9,129,138,0,0,9,129
0x47fb41,52.6316%,9,10,19,1,0,9,9
0x53df00,97.7887%,9,398,407,398,9,0,0
0xa42bd6,84.4828%,9,49,58,0,0,9,49
0x555ffb,80%,9,36,45,35,7,2,1
0x8ea4a9,43.75%,9,7,16,7,9,0,0
0x49b10e,87.3239%,9,62,71,62,7,2,0
0x9fb891,97.0588%,9,297,306,0,0,9,297
0xa28549,94.375%,9,151,160,0,0,9,151
0x4a6e3e,97.4648%,9,346,355,346,9,0,0
0x8ff2cf,85.9375%,9,55,64,0,4,5,55
0x4ad914,57.1429%,9,12,21,12,7,2,0
0xa49ff2,93.7931%,9,136,145,136,3,6,0
0x820924,18.1818%,9,2,11,0,0,9,2
0xa05245,80%,9,36,45,0,0,9,36
0xa17fda,98.5%,9,591,600,0,0,9,591
0x8115f1,98.9324%,9,834,843,834,7,2,0
0xa2e101,96.3855%,9,240,249,149,7,2,91
0x9d1b52,70%,9,21,30,4,2,7,17
0x4c750e,50%,9,9,18,9,7,2,0
0x5f75c1,70%,9,21,30,0,0,9,21
0x50b664,77.5%,9,31,40,31,9,0,0
0x619bf9,55%,9,11,20,4,2,7,7
0xa464bc,68.9655%,9,20,29,2,8,1,18
0xa15a1b,98.0851%,9,461,470,0,0,9,461
0x9e21a4,92.5%,9,111,120,99,5,4,12
0x507d06,75%,9,27,36,27,5,4,0
0x902d2b,81.25%,9,39,48,25,5,4,14
0x50e706,55%,9,11,20,11,9,0,0
0x902512,95.5224%,9,192,201,0,0,9,192
0x50892a,90.4255%,9,85,94,49,4,5,36
0x9e41e8,94.4785%,9,154,163,154,9,0,0
0x81e52c,88.4615%,9,69,78,67,9,0,2
0x8db797,97.1429%,9,306,315,83,8,1,223
0x4a8cf1,76.9231%,9,30,39,30,9,0,0
0x4bb7be,55%,9,11,20,1,9,0,10
0x4c17bb,95.4545%,9,189,198,189,9,0,0
0x833618,92.1053%,9,105,114,0,4,5,105
0x9cfe08,30.7692%,9,4,13,4,9,0,0
0x9fb686,96.3415%,9,237,246,25,6,3,212
0x80923c,90.5263%,9,86,95,85,4,5,1
0xa9743c,93.9597%,9,140,149,140,9,0,0
0x66f7db,52.6316%,9,10,19,10,9,0,0
0xa522bf,94.1558%,9,145,154,1,5,4,144
0x5ff104,76.9231%,9,30,39,30,9,0,0
0x509734,71.875%,9,23,32,17,5,4,6
0x8dcc03,98.8432%,9,769,778,769,9,0,0
0x63d217,60.8696%,9,14,23,3,8,1,11
0xaa5483,67.8571%,9,19,28,13,2,7,6
0x5a9181,68.9655%,9,20,29,20,9,0,0
0x5c4c3b,99.5079%,9,1820,1829,1820,9,0,0
0x4c005e,95.4545%,9,189,198,188,8,1,1
0x40a934,74.2857%,9,26,35,0,0,9,26
0xa48b75,94.6108%,9,158,167,0,0,9,158
0x48dc9a,99.9214%,9,11437,11446,0,0,9,11437
0x541a9f,98.9209%,9,825,834,825,9,0,0
0x9099b1,99.5153%,9,1848,1857,1848,9,0,0
0xb2dfe6,99.9301%,9,12860,12869,0,0,9,12860
0xa4d87b,92.562%,9,112,121,0,0,9,112
0x5ec32a,70.9677%,9,22,31,22,9,0,0
0x592b1d,90%,9,81,90,0,0,9,81
0x4a8595,59.0909%,9,13,22,0,5,4,13
0xa9220e,83.3333%,9,45,54,42,8,1,3
0x48aa59,99.8339%,9,5410,5419,0,0,9,5410
0x90fc53,99.1228%,9,1017,1026,1017,9,0,0
0x4b6e3b,67.8571%,9,19,28,19,9,0,0
0x40aa5a,65.3846%,9,17,26,0,0,9,17
0xa9262b,95.2381%,9,180,189,0,0,9,180
0x5ffe67,93.0233%,9,120,129,120,9,0,0
0x64831a,99.0426%,9,931,940,931,9,0,0
0xa48160,97.0199%,9,293,302,59,5,4,234
0x4c8b1e,93.2331%,9,124,133,124,9,0,0
0x5c6a99,99.7648%,9,3817,3826,0,0,9,3817
0x819427,98.8402%,9,767,776,767,9,0,0
0x5fa201,96.7391%,9,267,276,0,3,6,267
0x4b6ea3,80.8511%,9,38,47,22,9,0,16
0x49c6aa,71.875%,9,23,32,9,7,2,14
0x404bcc,57.1429%,9,12,21,12,9,0,0
0x4a5cbc,91.6667%,9,99,108,46,6,3,53
0x441aa3,18.1818%,9,2,11,2,9,0,0
0x4ab740,70.9677%,9,22,31,22,9,0,0
0x8dcc3d,99.6085%,9,2290,2299,2290,9,0,0
0x806991,62.5%,9,15,24,7,5,4,8
0x4b61b1,57.1429%,9,12,21,0,0,9,12
0x40bc60,91.2621%,9,94,103,0,0,9,94
0x4057d9,98.4014%,9,554,563,80,1,8,474
0xa4e6ee,76.3158%,9,29,38,29,9,0,0
0x4bec61,93.5714%,9,131,140,0,0,9,131
0x63e48a,99.5153%,9,1848,1857,1420,4,5,428
0x66f6b6,10%,9,1,10,1,9,0,0
0x4a8508,83.0189%,9,44,53,34,9,0,10
0xa9d733,55%,9,11,20,11,9,0,0
0x8ee1a9,95.2632%,9,181,190,181,9,0,0
0x909a00,99.5153%,9,1848,1857,1848,9,0,0
0xa43ab9,93.1298%,9,122,131,0,0,9,122
0x67e4d3,59.0909%,9,13,22,0,0,9,13
0x8bcae0,95.5224%,9,192,201,192,9,0,0
0x906d80,95.4082%,9,187,196,0,0,9,187
0x4bb959,95.5882%,9,195,204,0,0,9,195
0x63854a,97.8469%,9,409,418,409,9,0,0
0x66f63f,65.3846%,9,17,26,14,9,0,3
0x8f77b3,94.2675%,9,148,157,0,0,9,148
0x8b9ac0,99.6215%,9,2369,2378,11,1,8,2358
0xa2cb53,98.991%,9,883,892,0,0,9,883
0x7c7427,43.75%,9,7,16,0,0,9,7
0x821288,18.1818%,9,2,11,1,8,1,1
0x49fc6d,40%,9,6,15,6,9,0,0
0x9ee1ba,85.4839%,9,53,62,53,9,0,0
0xa4202e,97.2136%,9,314,323,0,0,9,314
0x72286d,99.3093%,9,1294,1303,1294,9,0,0
0x943794,77.5%,9,31,40,0,0,9,31
0x908ad0,99.0635%,9,952,961,952,9,0,0
0x63bb19,99.3109%,9,1297,1306,1297,9,0,0
0x540813,91.5094%,9,97,106,97,7,2,0
0x7c7b3c,92.0354%,9,104,113,8,0,9,96
0x9a95ca,55%,9,11,20,11,9,0,0
0x599374,99.7833%,9,4145,4154,4145,9,0,0
0xa4d350,75%,9,27,36,0,8,1,27
0x5f060d,92.623%,9,113,122,0,0,9,113
0x9e54a8,94.6746%,9,160,169,0,0,9,160
0x819822,86.7647%,9,59,68,59,9,0,0
0x7d3d77,85.7143%,9,54,63,6,6,3,48
0x9e097b,77.5%,9,31,40,1,4,5,30
0x5f6188,25%,9,3,12,3,7,2,0
0x943420,88%,9,66,75,66,9,0,0
0x51b58b,99.2925%,9,1263,1272,0,0,9,1263
0xa4ff4c,35.7143%,9,5,14,0,0,9,5
0x5fb219,94.0789%,9,143,152,143,9,0,0
0x7cf530,52.6316%,9,10,19,9,2,7,1
0x80fe29,98.4874%,9,586,595,586,9,0,0
0x808fff,62.5%,9,15,24,15,9,0,0
0xa4df30,55%,9,11,20,11,9,0,0
0x810949,62.5%,9,15,24,1,7,2,14
0xa516d4,93.2836%,9,125,134,125,9,0,0
0x9ef396,59.0909%,9,13,22,7,6,3,6
0x48d729,57.1429%,9,12,21,0,1,8,12
0x98b2ba,95.9091%,9,211,220,0,0,9,211
0xa91778,73.5294%,9,25,34,0,2,7,25
0x8a5df9,98.1707%,9,483,492,0,0,9,483
0x60deb0,99.1304%,9,1026,1035,0,0,9,1026
0x81cd6d,95.0549%,9,173,182,1,4,5,172
0x80f1f8,94.7059%,9,161,170,161,9,0,0
0x60ddb2,98.289%,9,517,526,440,5,4,77
0x507174,98.7838%,9,731,740,596,8,1,135
0x48a24d,99.8524%,9,6090,6099,0,0,9,6090
0x8fccbe,98.081%,9,460,469,460,9,0,0
0x49caf5,95.8333%,9,207,216,207,9,0,0
0x546a48,93.8356%,9,137,146,0,0,9,137
0xaa04c5,76.3158%,9,29,38,29,9,0,0
0x547402,85.2459%,9,52,61,0,0,9,52
0xa486cf,96.281%,9,233,242,0,0,9,233
0xa9d35d,78.5714%,9,33,42,0,0,9,33
0x5fc84f,80.8511%,9,38,47,38,7,2,0
0x540984,35.7143%,9,5,14,4,4,5,1
0x90ba19,98.4293%,9,564,573,0,0,9,564
0x54da15,76.9231%,9,30,39,30,9,0,0
0xa529bc,95.2128%,9,179,188,0,0,9,179
0x505a3b,98.3842%,9,548,557,546,7,2,2
0xa2e866,92.0354%,9,104,113,54,6,3,50
0x858f29,30.7692%,9,4,13,3,4,5,1
0x4a6c34,78.5714%,9,33,42,33,9,0,0
0x4a974b,93.662%,9,133,142,133,9,0,0
0x5040f2,92.7419%,9,115,124,54,8,1,61
0x903e10,82.6923%,9,43,52,43,9,0,0
0x60b69d,96.371%,9,239,248,0,0,9,239
0x63ff94,99.0635%,9,952,961,646,4,5,306
0xa328c4,79.5455%,9,35,44,35,8,1,0
0x6805c5,60.8696%,9,14,23,14,9,0,0
0x9429d3,94.1558%,9,145,154,0,8,1,145
0x9e014e,99.162%,9,1065,1074,0,0,9,1065
0xa925c0,10%,9,1,10,1,9,0,0
0x90a935,89.1566%,9,74,83,0,0,9,74
0x63fd73,99.6806%,9,2809,2818,1849,8,1,960
0x8df2c5,62.5%,9,15,24,14,2,7,1
0x788c6c,84.7458%,9,50,59,0,0,9,50
0x4943ec,87.1429%,9,61,70,12,7,2,49
0x65170d,76.9231%,9,30,39,30,9,0,0
0x49c3d0,43.75%,9,7,16,0,0,9,7
0x8f1fcc,96.6038%,9,256,265,256,9,0,0
0x4a9c49,60.8696%,9,14,23,3,4,5,11
0x9f665b,98.3146%,9,525,534,0,0,9,525
0x901ac7,96.4%,9,241,250,0,0,9,241
0xa2e208,89.8876%,9,80,89,80,5,4,0
0x679689,91.9643%,9,103,112,0,0,9,103
0x546a52,93.8356%,9,137,146,0,0,9,137
0x7ad53a,65.3846%,9,17,26,0,0,9,17
0x48ddd4,95.4545%,9,189,198,189,9,0,0
0x8bb804,87.5%,9,63,72,0,0,9,63
0xa5f9fe,97.931%,9,426,435,426,9,0,0
0x7b30d8,75%,9,27,36,27,9,0,0
0x50219d,86.5672%,9,58,67,58,9,0,0
0xb3241d,99.0712%,9,960,969,0,0,9,960
0x4a73f1,76.9231%,9,30,39,30,9,0,0
0x8fdb04,50%,9,9,18,0,0,9,9
0x8f1b19,93.617%,9,132,141,0,0,9,132
0x47c6d1,35.7143%,9,5,14,5,7,2,0
0x58d318,90.2174%,9,83,92,0,0,9,83
0x9be5ea,10%,9,1,10,0,0,9,1
0x8e300a,99.5448%,9,1968,1977,1968,9,0,0
0xa37042,71.875%,9,23,32,0,0,9,23
0x9a7fa5,81.3953%,8,35,43,7,5,3,28
0x8dc331,99.5095%,8,1623,1631,1621,6,2,2
0x485cbc,97.3856%,8,298,306,0,0,8,298
0x978568,97.2125%,8,279,287,279,8,0,0
0xa92590,55.5556%,8,10,18,8,0,8,2
0x50ee0f,94.1606%,8,129,137,0,0,8,129
0xa5b05a,46.6667%,8,7,15,7,8,0,0
0xa8f8f1,69.2308%,8,18,26,0,0,8,18
0x652028,79.4872%,8,31,39,0,0,8,31
0xa522e7,91.7526%,8,89,97,0,0,8,89
0x8a759e,94.5578%,8,139,147,0,0,8,139
0x5529ba,94.3662%,8,134,142,0,4,4,134
0xa44884,88.5714%,8,62,70,62,8,0,0
0xaadb62,94.0741%,8,127,135,0,0,8,127
0x9f58c6,96.5957%,8,227,235,92,8,0,135
0xa54225,92.8571%,8,104,112,5,3,5,99
0x501fac,91.2088%,8,83,91,0,0,8,83
0xa91e1e,92.0792%,8,93,101,0,0,8,93
0x638efe,97.6331%,8,330,338,330,8,0,0
0x4a13c3,85.7143%,8,48,56,0,0,8,48
0xa2df56,95.8763%,8,186,194,0,0,8,186
0x4b970d,20%,8,2,10,2,8,0,0
0xa3fe06,71.4286%,8,20,28,20,8,0,0
0x53d858,79.4872%,8,31,39,24,5,3,7
0x51231e,98.7539%,8,634,642,634,8,0,0
0xa3d8f8,0%,8,0,8,0,0,8,0
0x4a6f94,60%,8,12,20,0,0,8,12
0x9ea7a3,75%,8,24,32,24,8,0,0
0x4bed95,66.6667%,8,16,24,16,3,5,0
0x4b789a,74.1935%,8,23,31,0,3,5,23
0x5f138c,50%,8,8,16,0,0,8,8
0x48f643,82.9787%,8,39,47,37,7,1,2
0x9bb46f,55.5556%,8,10,18,10,8,0,0
0x4b6d6c,74.1935%,8,23,31,3,0,8,20
0x944d00,86.2069%,8,50,58,0,0,8,50
0x552b4b,69.2308%,8,18,26,18,4,4,0
0xa3ac28,42.8571%,8,6,14,4,6,2,2
0x9ec19c,85.7143%,8,48,56,0,0,8,48
0xa3e2b6,66.6667%,8,16,24,7,1,7,9
0x99ce6f,11.1111%,8,1,9,1,8,0,0
0xa48106,96.6942%,8,234,242,234,8,0,0
0x5f27e2,74.1935%,8,23,31,22,4,4,1
0x7e07ba,60%,8,12,20,2,0,8,10
0x53add7,82.9787%,8,39,47,0,0,8,39
0x5f83ab,70.3704%,8,19,27,2,6,2,17
0x8a91b1,20%,8,2,10,2,8,0,0
0x4a6fc5,93.3884%,8,113,121,0,0,8,113
0x5ad33c,98.5267%,8,535,543,535,8,0,0
0x592bf1,78.9474%,8,30,38,14,5,3,16
0x40bb41,97.3154%,8,290,298,1,1,7,289
0x9aadc8,89.8734%,8,71,79,0,0,8,71
0x59130b,94.3662%,8,134,142,134,8,0,0
0xa2db6f,42.8571%,8,6,14,0,0,8,6
0x4bec58,95.4286%,8,167,175,30,5,3,137
0x53a357,99.6787%,8,2482,2490,0,0,8,2482
0x545771,99.6791%,8,2485,2493,0,0,8,2485
0xaa80c2,98.4877%,8,521,529,0,0,8,521
0xa41bb2,98.9432%,8,749,757,749,8,0,0
0x99c877,98.939%,8,746,754,746,8,0,0
0x99f777,38.4615%,8,5,13,5,8,0,0
0x64af79,99.8593%,8,5679,5687,5679,8,0,0
0x538dde,93.7984%,8,121,129,121,8,0,0
0x8d431f,33.3333%,8,4,12,2,8,0,2
0x8f4142,97.4843%,8,310,318,310,8,0,0
0x5555c7,92.233%,8,95,103,0,0,8,95
0x61142e,11.1111%,8,1,9,0,8,0,1
0x48ef16,97.5831%,8,323,331,0,0,8,323
0x8db6e5,98.3264%,8,470,478,18,6,2,452
0xa4bc40,95.5556%,8,172,180,0,0,8,172
0x80e80e,85.1852%,8,46,54,14,6,2,32
0x54db3b,79.4872%,8,31,39,31,8,0,0
0xb0c524,94.5578%,8,139,147,0,0,8,139
0x9eaa53,99.4712%,8,1505,1513,0,2,6,1505
0x94b157,96.1353%,8,199,207,0,0,8,199
0xa43927,95.6989%,8,178,186,178,8,0,0
0x9a48d3,75%,8,24,32,15,1,7,9
0x50ee29,90.9091%,8,80,88,0,0,8,80
0xa56fdd,90.2439%,8,74,82,0,0,8,74
0x99e6b0,38.4615%,8,5,13,0,0,8,5
0x99e6c7,38.4615%,8,5,13,0,0,8,5
0x81bed8,99.3007%,8,1136,1144,0,0,8,1136
0x608d34,95.0617%,8,154,162,0,0,8,154
0x5020e2,88.5714%,8,62,70,2,4,4,60
0x9e12de,70.3704%,8,19,27,18,4,4,1
0x5f840b,94.6667%,8,142,150,3,1,7,139
0xb30b89,97.6048%,8,326,334,0,0,8,326
0x511155,98.8571%,8,692,700,0,0,8,692
0x822586,85.7143%,8,48,56,8,8,0,40
0xa4ecb8,94.2029%,8,130,138,130,8,0,0
0x50386b,96.1165%,8,198,206,152,8,0,46
0xa08682,72.4138%,8,21,29,21,4,4,0
0x64b633,98.9796%,8,776,784,0,0,8,776
0x9746b6,88.2353%,8,60,68,0,0,8,60
0x533615,80.9524%,8,34,42,32,3,5,2
0x722e69,63.6364%,8,14,22,2,2,6,12
0x9f9bf1,68%,8,17,25,5,1,7,12
0x510fd8,99.6732%,8,2440,2448,0,1,7,2440
0x6672a4,74.1935%,8,23,31,0,0,8,23
0x949a95,84.9057%,8,45,53,45,8,0,0
0x977a93,79.4872%,8,31,39,31,8,0,0
0x40455d,98.9026%,8,721,729,721,8,0,0
0x55604a,96.6942%,8,234,242,0,1,7,234
0x8f3de3,99.7213%,8,2862,2870,0,0,8,2862
0x9bdfa1,75%,8,24,32,0,0,8,24
0x8efc8e,93.1624%,8,109,117,109,8,0,0
0xaae780,82.9787%,8,39,47,0,0,8,39
0x533d02,86.6667%,8,52,60,0,0,8,52
0x7c6369,95.092%,8,155,163,0,0,8,155
0xa3948d,42.8571%,8,6,14,0,0,8,6
0x9f4fe2,95.2663%,8,161,169,161,8,0,0
0x9f43f8,91.2088%,8,83,91,0,0,8,83
0x489801,68%,8,17,25,0,0,8,17
0x5393b7,93.9394%,8,124,132,0,0,8,124
0x64f1f7,63.6364%,8,14,22,4,1,7,10
0x6389df,99.3355%,8,1196,1204,1196,8,0,0
0x9bdf4b,89.1892%,8,66,74,0,2,6,66
0xa911ce,98.8669%,8,698,706,0,0,8,698
0x9bb40a,87.6923%,8,57,65,1,2,6,56
0x9ed974,93.6508%,8,118,126,0,0,8,118
0xa2e889,84.9057%,8,45,53,0,0,8,45
0x8f6cb8,82.2222%,8,37,45,0,0,8,37
0x51b952,99.8482%,8,5262,5270,5262,8,0,0
0x557b9c,87.6923%,8,57,65,51,6,2,6
0x670678,60%,8,12,20,11,6,2,1
0x7f041f,94.8387%,8,147,155,0,0,8,147
0x9d2f32,86.8852%,8,53,61,53,8,0,0
0xa4ff97,89.4737%,8,68,76,0,0,8,68
0x5fd976,99.54%,8,1731,1739,0,0,8,1731
0x5f89d6,0%,8,0,8,0,0,8,0
0x499759,89.1892%,8,66,74,0,0,8,66
0xa5ce23,95.1515%,8,157,165,122,4,4,35
0x58c49c,33.3333%,8,4,12,4,8,0,0
0x80df5f,99.6694%,8,2412,2420,0,0,8,2412
0x5086a6,87.5%,8,56,64,26,0,8,30
0xa06ebe,68%,8,17,25,17,8,0,0
0x9a10d1,46.6667%,8,7,15,0,0,8,7
0x8f1d81,83.3333%,8,40,48,0,0,8,40
0x540d61,97.7143%,8,342,350,0,0,8,342
0x5905ca,50%,8,8,16,1,2,6,7
0x486f21,91.5789%,8,87,95,87,6,2,0
0x5ff3bb,50%,8,8,16,3,7,1,5
0x7f0281,55.5556%,8,10,18,10,8,0,0
0x9734ca,33.3333%,8,4,12,4,8,0,0
0xa92ace,81.3953%,8,35,43,0,0,8,35
0xa26286,98.0198%,8,396,404,0,0,8,396
0x9ec470,91.4894%,8,86,94,86,3,5,0
0xa4794c,11.1111%,8,1,9,0,0,8,1
0xa3559e,99.1323%,8,914,922,2,2,6,912
0x784ab9,97.0149%,8,260,268,260,0,8,0
0x9a6851,94.5578%,8,139,147,0,0,8,139
0x533604,81.8182%,8,36,44,1,1,7,35
0x9ebff3,60%,8,12,20,2,8,0,10
0x65203c,79.4872%,8,31,39,31,8,0,0
0x8ee3c3,82.2222%,8,37,45,37,8,0,0
0xa52ce2,97.7961%,8,355,363,0,0,8,355
0x943786,89.3333%,8,67,75,32,3,5,35
0x90a67f,81.8182%,8,36,44,0,0,8,36
0xa947c3,72.4138%,8,21,29,21,8,0,0
0x8e0f51,99.5953%,8,1969,1977,0,0,8,1969
0xa2738b,92.4528%,8,98,106,78,7,1,20
0x6673e3,80%,8,32,40,32,8,0,0
0x9f527d,27.2727%,8,3,11,3,8,0,0
0x6804ec,99.8251%,8,4567,4575,0,0,8,4567
0x9be59f,97.9167%,8,376,384,0,2,6,376
0x9d04b6,97.3154%,8,290,298,289,4,4,1
0x9a8034,87.0968%,8,54,62,26,5,3,28
0x8119e5,99.051%,8,835,843,835,6,2,0
0x918e67,96%,8,192,200,192,8,0,0
0x8f3140,99.1001%,8,881,889,0,0,8,881
0x9a3f74,71.4286%,8,20,28,20,8,0,0
0x8f09a9,93.1624%,8,109,117,0,0,8,109
0x9f7b2f,90.5882%,8,77,85,1,5,3,76
0x5462a4,97.7143%,8,342,350,0,0,8,342
0x9a14ab,88.4058%,8,61,69,0,0,8,61
0x5feec0,72.4138%,8,21,29,17,7,1,4
0x8a952b,99.9869%,8,60995,61003,60995,5,3,0
0xb2e70b,99.8999%,8,7987,7995,0,0,8,7987
0x99da8c,77.7778%,8,28,36,28,8,0,0
0x8efb7b,93.2203%,8,110,118,0,1,7,110
0x5f1364,78.3784%,8,29,37,29,8,0,0
0x53ba34,93.9394%,8,124,132,123,5,3,1
0x5908fa,63.6364%,8,14,22,0,2,6,14
0x490eda,11.1111%,8,1,9,1,8,0,0
0xb30180,98.4375%,8,504,512,0,0,8,504
0xa918cf,52.9412%,8,9,17,9,8,0,0
0xa02c93,88.0597%,8,59,67,59,8,0,0
0x50c628,82.6087%,8,38,46,0,0,8,38
0x48f977,20%,8,2,10,2,8,0,0
0xa94698,82.6087%,8,38,46,38,8,0,0
0x81596a,98.4674%,8,514,522,0,0,8,514
0xa4f74c,78.9474%,8,30,38,15,5,3,15
0x552955,57.8947%,8,11,19,11,8,0,0
0x670615,93.985%,8,125,133,0,0,8,125
0x95ad65,65.2174%,8,15,23,11,8,0,4
0x4bcaf3,33.3333%,8,4,12,4,8,0,0
0x64b64d,99.0488%,8,833,841,51,6,2,782
0x4b9c2f,88.7324%,8,63,71,63,8,0,0
0x8dd911,81.8182%,8,36,44,0,0,8,36
0x4bedc8,86.2069%,8,50,58,0,0,8,50
0x551060,61.9048%,8,13,21,13,8,0,0
0x9ecdcc,61.9048%,8,13,21,0,0,8,13
0x889eda,63.6364%,8,14,22,1,5,3,13
0x40e354,96.748%,8,238,246,238,8,0,0
0x53b8e4,63.6364%,8,14,22,4,7,1,10
0x9a9277,42.8571%,8,6,14,0,0,8,6
0x9a97a3,73.3333%,8,22,30,4,6,2,18
0x9f474f,98.0815%,8,409,417,407,2,6,2
0x90ca02,92.381%,8,97,105,0,0,8,97
0x95970e,93.75%,8,120,128,120,8,0,0
0x8eb660,78.3784%,8,29,37,0,0,8,29
0x8ef68e,74.1935%,8,23,31,23,8,0,0
0x4a7c7e,86.2069%,8,50,58,0,0,8,50
0x9ec337,80%,8,32,40,0,0,8,32
0xa90084,97.8495%,8,364,372,0,5,3,364
0x8196b3,95.8333%,8,184,192,42,6,2,142
0x9ebccc,85.7143%,8,48,56,48,8,0,0
0x99c97f,98.939%,8,746,754,746,8,0,0
0x78eed4,94.4056%,8,135,143,135,8,0,0
0x53c3da,63.6364%,8,14,22,14,8,0,0
0x9c3b54,0%,8,0,8,0,0,8,0
0x9f3c29,52.9412%,8,9,17,0,0,8,9
0x8e0c8a,92.8571%,8,104,112,104,8,0,0
0x5b5297,55.5556%,8,10,18,8,5,3,2
0xa2d9c9,98.6864%,8,601,609,0,0,8,601
0x98b49f,95.5056%,8,170,178,0,0,8,170
0x40fff0,86.6667%,8,52,60,7,4,4,45
0x8be89f,65.2174%,8,15,23,0,5,3,15
0x5bd0d8,85.4545%,8,47,55,38,6,2,9
0x489d48,99.8704%,8,6164,6172,0,0,8,6164
0xa01b51,88.2353%,8,60,68,0,0,8,60
0x9e4139,98.6949%,8,605,613,0,0,8,605
0xb313dd,96.4444%,8,217,225,0,0,8,217
0x8a958e,77.7778%,8,28,36,19,5,3,9
0x50b348,80%,8,32,40,26,5,3,6
0x8bdc5a,84.9057%,8,45,53,31,7,1,14
0x803e85,52.9412%,8,9,17,0,0,8,9
0x9f0a04,97.3154%,8,290,298,290,8,0,0
0x651709,79.4872%,8,31,39,0,0,8,31
0x5bd37e,99.1701%,8,956,964,0,6,2,956
0xa35553,33.3333%,8,4,12,0,0,8,4
0x901ba7,95.2663%,8,161,169,0,0,8,161
0x4bdf04,38.4615%,8,5,13,5,8,0,0
0xa3637e,33.3333%,8,4,12,0,7,1,4
0xa32805,88.8889%,8,64,72,0,0,8,64
0xa04acd,77.7778%,8,28,36,28,8,0,0
0xa35db2,98.2143%,8,440,448,0,0,8,440
0x5efcc3,88.5714%,8,62,70,62,8,0,0
0x5052be,60%,8,12,20,12,8,0,0
0x510c6c,97.7011%,8,340,348,340,8,0,0
0xa26b70,46.6667%,8,7,15,7,2,6,0
0xa26b62,69.2308%,8,18,26,8,3,5,10
0x7814a5,90.9091%,8,80,88,80,8,0,0
0x8ecf81,97.4843%,8,310,318,310,2,6,0
0x812058,20%,8,2,10,0,0,8,2
0x48db27,99.8207%,8,4455,4463,0,0,8,4455
0x803a43,98.2301%,8,444,452,0,4,4,444
0x834fd5,99.933%,8,11928,11936,11928,8,0,0
0xa34e81,94.5946%,8,140,148,0,0,8,140
0x403032,90%,8,72,80,0,0,8,72
0x4021c1,99.5951%,8,1968,1976,0,0,8,1968
0xaaaa9d,63.6364%,8,14,22,14,5,3,0
0x5d1b25,92.7273%,8,102,110,0,0,8,102
0xa31882,96.2963%,8,208,216,0,0,8,208
0xa36d8c,80.9524%,8,34,42,3,7,1,31
0x9177cf,95.0617%,8,154,162,147,7,1,7
0x8fe419,93.3333%,8,112,120,0,2,6,112
0xa33e1b,71.4286%,8,20,28,0,0,8,20
0x9a736d,42.8571%,8,6,14,1,3,5,5
0x8e3326,97.6879%,8,338,346,337,5,3,1
0x44652c,99.5941%,8,1963,1971,188,3,5,1775
0x809e68,81.3953%,8,35,43,0,1,7,35
0x833f7e,90%,8,72,80,7,3,5,65
0x6108a6,57.8947%,8,11,19,2,4,4,9
0xa2f7ce,96.4912%,8,220,228,0,0,8,220
0xa345cc,93.8931%,8,123,131,0,0,8,123
0x547ce0,94.8052%,8,146,154,4,4,4,142
0x806825,80%,8,32,40,20,8,0,12
0x50f057,87.5%,8,56,64,48,3,5,8
0x9027fb,78.9474%,8,30,38,0,0,8,30
0xa58d5c,94.5205%,8,138,146,0,0,8,138
0x496354,76.4706%,8,26,34,0,0,8,26
0x90a061,99.1276%,8,909,917,0,0,8,909
0x4ba15c,89.4737%,8,68,76,3,0,8,65
0xa336ad,99.3432%,8,1210,1218,1210,8,0,0
0x50cee7,93.5484%,8,116,124,116,8,0,0
0x59310c,73.3333%,8,22,30,21,3,5,1
0xa487ae,96.6942%,8,234,242,61,3,5,173
0x9a1ede,96.0591%,8,195,203,0,0,8,195
0x53ded4,98.0344%,8,399,407,399,8,0,0
0xa66360,11.1111%,8,1,9,1,8,0,0
0x8220ee,97.3856%,8,298,306,298,8,0,0
0x54d834,50%,8,8,16,8,8,0,0
0x9fb213,78.3784%,8,29,37,0,0,8,29
0x978102,93.985%,8,125,133,0,0,8,125
0x4c67d1,71.4286%,8,20,28,9,7,1,11
0x409e52,50%,8,8,16,0,0,8,8
0x618aad,88.5714%,8,62,70,0,0,8,62
0x4b9f59,92.6606%,8,101,109,0,0,8,101
0x9ed4fa,90.5882%,8,77,85,70,7,1,7
0x542c01,97.8022%,8,356,364,2,4,4,354
0x5038b8,82.6087%,8,38,46,37,1,7,1
0xa3d65a,0%,8,0,8,0,8,0,0
0x9fdbbe,68%,8,17,25,6,1,7,11
0x4be7ba,11.1111%,8,1,9,0,0,8,1
0x99c86f,98.939%,8,746,754,0,0,8,746
0x909189,99.5692%,8,1849,1857,1849,8,0,0
0xa51a5f,33.3333%,8,4,12,1,4,4,3
0x81ed38,99.4997%,8,1591,1599,0,0,8,1591
0x9a2373,60%,8,12,20,0,0,8,12
0x8efe90,42.8571%,8,6,14,1,2,6,5
0x9ed2ef,98.6486%,8,584,592,0,0,8,584
0x833ae5,93.9394%,8,124,132,124,8,0,0
0x80622f,96.5217%,8,222,230,222,6,2,0
0x7cdf21,98.9899%,8,784,792,0,0,8,784
0x8f368f,92.0792%,8,93,101,93,8,0,0
0x58d9f8,88.5714%,8,62,70,62,8,0,0
0x973360,80.9524%,8,34,42,0,0,8,34
0x9e892a,94.5205%,8,138,146,0,1,7,138
0x80c1dd,96.9811%,8,257,265,257,8,0,0
0x4c45a8,20%,8,2,10,2,8,0,0
0xa52d55,97.7716%,8,351,359,351,8,0,0
0xae6fa8,88.8889%,8,64,72,63,7,1,1
0xa44264,83.6735%,8,41,49,41,8,0,0
0xb346a2,90.2439%,8,74,82,74,8,0,0
0x80b8fc,96.1538%,8,200,208,200,8,0,0
0x490be9,46.6667%,8,7,15,3,6,2,4
0x4b839f,27.2727%,8,3,11,3,8,0,0
0x9e54bf,95.2663%,8,161,169,161,8,0,0
0x7d2dba,60%,8,12,20,0,6,2,12
0x5b265c,82.2222%,8,37,45,37,7,1,0
0x4bb69a,84.6154%,8,44,52,44,8,0,0
0x5fae4e,83.3333%,8,40,48,0,0,8,40
0x8ff617,80.9524%,8,34,42,34,8,0,0
0x81b46f,27.2727%,8,3,11,1,4,4,2
0x8e2571,99.8483%,8,5267,5275,0,0,8,5267
0x8b9bec,99.6619%,8,2358,2366,31,4,4,2327
0x49b2e3,99.1238%,8,905,913,0,0,8,905
0x817f4d,76.4706%,8,26,34,0,0,8,26
0x904147,98.8439%,8,684,692,684,8,0,0
0x8a97e6,99.9387%,8,13044,13052,0,0,8,13044
0x97385b,80%,8,32,40,0,0,8,32
0x65ae1e,38.4615%,8,5,13,5,8,0,0
0x9e8129,66.6667%,8,16,24,16,6,2,0
0x80b2bb,97.5535%,8,319,327,319,8,0,0
0x973475,80%,8,32,40,29,4,4,3
0x59c140,96.2617%,8,206,214,206,8,0,0
0xa3bd48,50%,8,8,16,8,0,8,0
0xa27573,92.7273%,8,102,110,0,0,8,102
0x4c2313,50%,8,8,16,8,0,8,0
0x98cdd7,33.3333%,8,4,12,0,0,8,4
0x8f424f,99.6823%,8,2510,2518,2510,7,1,0
0x5f7a16,96.1353%,8,199,207,172,3,5,27
0xa4d187,42.8571%,8,6,14,2,8,0,4
0x7bb9fc,0%,8,0,8,0,0,8,0
0x50ef3f,57.8947%,8,11,19,11,0,8,0
0x533764,20%,8,2,10,2,8,0,0
0xa549e3,78.3784%,8,29,37,29,8,0,0
0x9e543c,79.4872%,8,31,39,31,8,0,0
0x54823c,98.9899%,8,784,792,784,8,0,0
0x9ed225,96.9112%,8,251,259,0,0,8,251
0x80bc08,89.3333%,8,67,75,67,8,0,0
0x5af781,84.9057%,8,45,53,44,7,1,1
0x99b8ee,69.2308%,8,18,26,18,8,0,0
0x94d9f4,77.7778%,8,28,36,6,4,4,22
0x4a0193,92.0792%,8,93,101,0,0,8,93
0xa6098b,97.377%,8,297,305,0,6,2,297
0x53fede,98.1395%,8,422,430,1,3,5,421
0x483178,72.4138%,8,21,29,0,0,8,21
0x5911dd,97.2318%,8,281,289,0,0,8,281
0x7dfc79,0%,8,0,8,0,0,8,0
0x7235ea,99.4467%,8,1438,1446,0,0,8,1438
0x5f8739,91.2088%,8,83,91,1,2,6,82
0x541a1e,99.2308%,8,1032,1040,1032,8,0,0
0x495fbe,85.4545%,8,47,55,0,5,3,47
0xa02a90,33.3333%,8,4,12,0,0,8,4
0x8116b0,98.5714%,8,552,560,552,8,0,0
0x5576e9,98.1982%,8,436,444,436,8,0,0
0x5cd300,87.5%,8,56,64,55,6,2,1
0x4936dc,93.6%,8,117,125,0,0,8,117
0xa3966f,99.4634%,8,1483,1491,0,0,8,1483
0x492ecf,87.5%,8,56,64,0,0,8,56
0x811d6e,95.1807%,8,158,166,0,0,8,158
0x64860b,85.7143%,8,48,56,0,0,8,48
0x40478f,97.9849%,8,389,397,0,0,8,389
0xa49878,63.6364%,8,14,22,14,8,0,0
0x5f9dd2,61.9048%,8,13,21,13,8,0,0
0x8bc845,75%,8,24,32,24,8,0,0
0x889f72,63.6364%,8,14,22,3,2,6,11
0x5fe812,71.4286%,8,20,28,20,8,0,0
0x558e34,90.9091%,8,80,88,0,0,8,80
0x9fb2bd,80.4878%,8,33,41,0,0,8,33
0x9f7b3b,89.8734%,8,71,79,69,6,2,2
0x9d036b,97.7961%,8,355,363,25,4,4,330
0x9f4093,75.7576%,8,25,33,22,8,0,3
0x48ebec,33.3333%,8,4,12,4,8,0,0
0x9a1c8a,94.5578%,8,139,147,11,2,6,128
0x4813bd,57.8947%,8,11,19,9,7,1,2
0xb30007,98.9597%,8,761,769,761,3,5,0
0x659e7a,57.8947%,8,11,19,2,8,0,9
0x4c6684,71.4286%,8,20,28,5,7,1,15
0x4c6714,71.4286%,8,20,28,18,8,0,2
0x9ee103,95.0311%,8,153,161,0,0,8,153
0x409d33,61.9048%,8,13,21,2,6,2,11
0x5fd55f,0%,8,0,8,0,0,8,0
0x8ec2fd,99.2721%,8,1091,1099,1091,7,1,0
0x540c77,99.5444%,8,1748,1756,1748,8,0,0
0x48bf77,20%,8,2,10,2,8,0,0
0x4c5ed4,81.3953%,8,35,43,35,6,2,0
0x554847,99.3068%,8,1146,1154,1146,8,0,0
0x99b035,80%,8,32,40,30,0,8,2
0x9fe77e,80%,8,32,40,2,1,7,30
0xa32da1,96.748%,8,238,246,238,8,0,0
0x5570e3,96.7078%,8,235,243,235,8,0,0
0x9b908e,11.1111%,8,1,9,1,0,8,0
0x48e4fe,94.6667%,8,142,150,142,8,0,0
0xa2eeb6,77.1429%,8,27,35,0,0,8,27
0x592c69,57.8947%,8,11,19,11,8,0,0
0xa935f9,95.2663%,8,161,169,80,8,0,81
0x8fd8b2,98.3368%,8,473,481,0,0,8,473
0x591502,57.8947%,8,11,19,11,8,0,0
0x80c331,77.1429%,8,27,35,27,7,1,0
0x546504,98.8571%,8,692,700,342,8,0,350
0x487091,94.2029%,8,130,138,130,8,0,0
0x404c48,61.9048%,8,13,21,13,8,0,0
0xa2e896,84.9057%,8,45,53,0,0,8,45
0x8e7e6b,96.4286%,8,216,224,216,8,0,0
0xa5f934,98.1777%,8,431,439,0,0,8,431
0x5442ed,85.9649%,8,49,57,0,0,8,49
0x959664,93.75%,8,120,128,0,4,4,120
0xa087a5,0%,8,0,8,0,0,8,0
0x944ff4,97.6945%,8,339,347,0,0,8,339
0x4a7baa,85.9649%,8,49,57,3,3,5,46
0x512e57,99.767%,8,3426,3434,0,0,8,3426
0xa9ecef,96.4602%,8,218,226,0,0,8,218
0xa22d6f,87.6923%,8,57,65,0,0,8,57
0x7c7a9b,75%,8,24,32,0,8,0,24
0x9bb3d6,87.6923%,8,57,65,0,0,8,57
0x65ba12,99.8252%,8,4568,4576,4568,8,0,0
0x592ce3,77.7778%,8,28,36,28,8,0,0
0x8ff09a,95.4545%,8,168,176,168,8,0,0
0xa442cf,83.6735%,8,41,49,41,8,0,0
0x678ca3,99.5541%,8,1786,1794,0,0,8,1786
0x8a9813,99.9387%,8,13044,13052,0,0,8,13044
0x48ee87,85.1852%,8,46,54,0,0,8,46
0x65acab,42.8571%,8,6,14,5,8,0,1
0x542c4e,0%,8,0,8,0,8,0,0
0x5de124,99.3554%,8,1233,1241,1233,8,0,0
0x4bb6e1,96.1722%,8,201,209,201,8,0,0
0x9f82cd,27.2727%,8,3,11,3,8,0,0
0x8ee66e,80.9524%,8,34,42,34,4,4,0
0x483bac,57.8947%,8,11,19,8,2,6,3
0x97465c,78.9474%,8,30,38,30,6,2,0
0x5fea14,87.0968%,8,54,62,0,0,8,54
0x9fe420,93.8931%,8,123,131,32,5,3,91
0x50acc1,27.2727%,8,3,11,2,0,8,1
0xa477cb,63.6364%,8,14,22,13,5,3,1
0x5339f1,27.2727%,8,3,11,3,6,2,0
0x7955e6,38.4615%,8,5,13,5,8,0,0
0x5ff26e,96.5812%,8,226,234,0,0,8,226
0x8aa7ba,96.7871%,8,241,249,241,8,0,0
0x9fcbf7,68%,8,17,25,17,8,0,0
0x4c63d7,81.8182%,8,36,44,0,0,8,36
0x53f16f,94.8052%,8,146,154,145,4,4,1
0xa37474,75%,8,24,32,0,0,8,24
0x94d992,98.7076%,8,611,619,0,0,8,611
0x4b52a7,97.8552%,8,365,373,0,2,6,365
0x41069b,95.4802%,8,169,177,0,0,8,169
0xa96f2e,61.9048%,8,13,21,1,1,7,12
0x48069f,72.4138%,8,21,29,0,0,8,21
0x58df33,96.1722%,8,201,209,0,0,8,201
0x9a1a23,60%,8,12,20,12,8,0,0
0xa2f883,96.7871%,8,241,249,76,7,1,165
0x53eff7,95.6284%,8,175,183,175,8,0,0
0x900792,89.4737%,8,68,76,57,2,6,11
0x7ace1c,71.4286%,8,20,28,20,6,2,0
0x4b3848,60%,8,12,20,12,8,0,0
0x5fdac1,92.4528%,8,98,106,98,8,0,0
0x53ee2e,94.9367%,8,150,158,150,4,4,0
0x9f6c24,97.0037%,8,259,267,18,8,0,241
0x543fcb,0%,8,0,8,0,0,8,0
0x97529b,66.6667%,8,16,24,0,5,3,16
0x53f202,98.1176%,8,417,425,0,0,8,417
0x9ff70b,63.6364%,8,14,22,14,6,2,0
0x5b0472,83.6735%,8,41,49,2,0,8,39
0x591f5b,88.5714%,8,62,70,62,8,0,0
0x6113f7,92.5234%,8,99,107,0,0,8,99
0x5bd137,81.8182%,8,36,44,0,0,8,36
0x9a7e58,68%,8,17,25,0,0,8,17
0x4bb2dc,73.3333%,8,22,30,0,0,8,22
0x50d92f,78.9474%,8,30,38,11,1,7,19
0x9d0971,92.1569%,8,94,102,50,1,7,44
0xa46288,80.4878%,8,33,41,0,0,8,33
0x949a90,84.9057%,8,45,53,0,0,8,45
0x9e2550,46.6667%,8,7,15,7,8,0,0
0x80a5c7,99.0566%,8,840,848,837,6,2,3
0x77ffb4,98.5102%,8,529,537,493,7,1,36
0x8fe0ba,90%,8,72,80,72,8,0,0
0x40a939,77.1429%,8,27,35,26,6,2,1
0x9ed754,77.7778%,8,28,36,27,4,4,1
0x647c1a,81.3953%,8,35,43,35,8,0,0
0x818d67,95.3488%,8,164,172,164,8,0,0
0x405ab4,97.4194%,8,302,310,0,5,3,302
0xa271d7,97.1831%,8,276,284,8,1,7,268
0x512dbd,97.3941%,8,299,307,0,0,8,299
0x8a8b7a,99.1462%,8,929,937,817,3,5,112
0x60bdc3,61.9048%,8,13,21,13,8,0,0
0xb2ea50,99.8958%,8,7673,7681,7673,8,0,0
0x8fe314,99.4927%,8,1569,1577,0,0,8,1569
0x7b7bf9,70.3704%,8,19,27,1,1,7,18
0x8337c9,38.4615%,8,5,13,5,6,2,0
0x806072,96.4286%,8,216,224,215,7,1,1
0x9a756f,55.5556%,8,10,18,0,0,8,10
0x7921e3,61.9048%,8,13,21,0,0,8,13
0xa33506,99.8242%,8,4542,4550,4542,8,0,0
0xa300cb,96.4912%,8,220,228,0,0,8,220
0x973736,33.3333%,8,4,12,0,5,3,4
0x4ad228,60%,8,12,20,12,8,0,0
0x809361,98.4556%,8,510,518,510,6,2,0
0x638ed3,98.5375%,8,539,547,0,0,8,539
0x40254f,98.4436%,8,506,514,506,8,0,0
0x49975e,89.1892%,8,66,74,66,8,0,0
0x58f777,99.4326%,8,1402,1410,1402,6,2,0
0x95adb6,46.6667%,8,7,15,6,5,3,1
0x7840c9,78.3784%,8,29,37,27,2,6,2
0x9e5c09,77.1429%,8,27,35,27,8,0,0
0xa338c0,93.1034%,8,108,116,104,5,3,4
0xa42093,99.2134%,8,1009,1017,0,0,8,1009
0x50388d,82.6087%,8,38,46,8,2,6,30
0x5f1efc,77.7778%,8,28,36,0,0,8,28
0x4850a3,82.2222%,8,37,45,0,0,8,37
0x8f2ffb,80%,8,32,40,32,8,0,0
0x8d3d3b,74.1935%,8,23,31,0,0,8,23
0xa54137,38.4615%,8,5,13,3,8,0,2
0x90b2c7,93.8931%,8,123,131,0,0,8,123
0x980ad9,89.1892%,8,66,74,0,0,8,66
0x980acc,89.1892%,8,66,74,0,0,8,66
0xa07a79,86.4407%,8,51,59,2,5,3,49
0x9840d9,89.1892%,8,66,74,66,8,0,0
0x5bb680,65.2174%,8,15,23,0,0,8,15
0x4c4bf2,38.4615%,8,5,13,0,0,8,5
0x9e58ef,73.3333%,8,22,30,0,0,8,22
0x4a01e4,92.0792%,8,93,101,0,0,8,93
0xa458f0,98.8389%,8,681,689,681,8,0,0
0x83765b,84.9057%,8,45,53,45,8,0,0
0x8a91f4,33.3333%,8,4,12,0,3,5,4
0x80382d,89.3333%,8,67,75,67,6,2,0
0xa4f8f6,42.8571%,8,6,14,0,0,8,6
0x50c3e9,98.7013%,8,608,616,0,0,8,608
0x9edda6,94.2029%,8,130,138,0,0,8,130
0x7d1af4,98.7261%,8,620,628,620,8,0,0
0x9009d8,94.5205%,8,138,146,0,0,8,138
0x4c63f8,71.4286%,8,20,28,19,7,1,1
0xa66217,70.3704%,8,19,27,19,8,0,0
0xa28584,93.5484%,8,116,124,116,2,6,0
0xa96f3d,57.8947%,8,11,19,2,4,4,9
0x983ef8,94.2029%,8,130,138,69,5,3,61
0x50a117,11.1111%,8,1,9,0,0,8,1
0x5fc235,93.3333%,8,112,120,112,6,2,0
0x981cb6,71.4286%,8,20,28,0,8,0,20
0x9d0317,98.1043%,8,414,422,414,8,0,0
0x9d030a,98.1043%,8,414,422,0,0,8,414
0x4a9f0b,95.6757%,8,177,185,0,3,5,177
0x40dc27,96.3636%,8,212,220,212,8,0,0
0x8df628,65.2174%,8,15,23,0,0,8,15
0x98490a,33.3333%,8,4,12,0,0,8,4
0x5358bc,73.3333%,8,22,30,21,8,0,1
0x4a1ce2,93.9394%,8,124,132,0,0,8,124
0x677c2d,97.7591%,8,349,357,0,0,8,349
0x49f9c6,94.9045%,8,149,157,149,8,0,0
0x590b6a,27.2727%,8,3,11,3,8,0,0
0x8090ac,97.5758%,8,322,330,322,8,0,0
0x9e3d40,79.4872%,8,31,39,0,0,8,31
0xa47e87,80.9524%,8,34,42,29,1,7,5
0x507e9e,98.1735%,8,430,438,0,0,8,430
0x695f7a,66.6667%,8,16,24,0,0,8,16
0x543a9e,82.2222%,8,37,45,0,0,8,37
0x9aa3d3,78.3784%,8,29,37,19,3,5,10
0x441af4,27.2727%,8,3,11,3,8,0,0
0x8ae971,92.233%,8,95,103,95,3,5,0
0xa515f2,95.0617%,8,154,162,154,8,0,0
0x80c278,77.1429%,8,27,35,0,1,7,27
0x48da1e,82.6087%,8,38,46,38,8,0,0
0xa53751,0%,8,0,8,0,0,8,0
0x4aac74,84.6154%,8,44,52,44,8,0,0
0x409e7a,50%,8,8,16,8,8,0,0
0x4a8764,84.3137%,8,43,51,43,8,0,0
0x5d1c75,60%,8,12,20,12,8,0,0
0xa0a5c4,0%,8,0,8,0,0,8,0
0xa535c2,0%,8,0,8,0,0,8,0
0x58be40,89.4737%,8,68,76,0,0,8,68
0x8e4145,97.8552%,8,365,373,365,8,0,0
0x5fc761,93.3333%,8,112,120,112,6,2,0
0x9a7e26,68%,8,17,25,0,0,8,17
0x4059f6,90.9091%,8,80,88,80,8,0,0
0xa661bf,70.3704%,8,19,27,0,0,8,19
0xa909b3,94.6309%,8,141,149,0,0,8,141
0x803e3b,55.5556%,8,10,18,1,0,8,9
0x973b09,20%,8,2,10,1,0,8,1
0xa47c80,79.4872%,8,31,39,31,8,0,0
0x53ecaf,94.8052%,8,146,154,0,0,8,146
0x81ddb1,98.4991%,8,525,533,525,6,2,0
0x902796,79.4872%,8,31,39,0,0,8,31
0x9e0fd7,90%,8,72,80,0,0,8,72
0x4857d4,70.3704%,8,19,27,11,1,7,8
0x5420ed,98.862%,8,695,703,695,8,0,0
0x814e0d,85.7143%,8,48,56,40,1,7,8
0x557d7f,69.2308%,8,18,26,17,3,5,1
0x4b9f50,96.5517%,8,224,232,224,7,1,0
0x590675,99.533%,8,1705,1713,0,0,8,1705
0xa41054,82.2222%,8,37,45,37,8,0,0
0x8f4537,98.6509%,8,585,593,566,6,2,19
0x4a98a9,57.8947%,8,11,19,0,0,8,11
0x591f2a,99.787%,8,3748,3756,3699,5,3,49
0x9e10fb,72.4138%,8,21,29,0,0,8,21
0x5f8d35,61.9048%,8,13,21,12,4,4,1
0x679fbe,99.5541%,8,1786,1794,0,0,8,1786
0x5bc418,99.1701%,8,956,964,956,8,0,0
0x9799a9,81.8182%,8,36,44,0,0,8,36
0x49c10f,91.5789%,8,87,95,3,1,7,84
0x9d1178,96.4286%,8,216,224,114,6,2,102
0x944999,88.5714%,8,62,70,0,0,8,62
0xa50d2d,90.9091%,8,80,88,0,0,8,80
0x50694b,98.9189%,8,732,740,0,0,8,732
0x49b1fa,99.1238%,8,905,913,0,0,8,905
0xa98110,87.6923%,8,57,65,0,8,0,57
0x9e5262,27.2727%,8,3,11,0,0,8,3
0x5cf476,79.4872%,8,31,39,29,4,4,2
0x8e204c,97.2414%,8,282,290,282,8,0,0
0x5d2919,94.4828%,8,137,145,137,8,0,0
0x9d0446,95.6284%,8,175,183,145,2,6,30
0x99d980,93.7008%,8,119,127,0,0,8,119
0x65a06e,96.8379%,8,245,253,0,0,8,245
0x96c267,69.2308%,8,18,26,8,1,7,10
0x64ba2c,99.4273%,8,1389,1397,1389,1,7,0
0x48d02e,71.4286%,8,20,28,20,8,0,0
0x8df47e,66.6667%,8,16,24,12,4,4,4
0xa973ee,78.3784%,8,29,37,0,0,8,29
0x77ad6f,98.4674%,8,514,522,514,8,0,0
0x94eeb5,73.3333%,8,22,30,22,8,0,0
0x51129e,99.8286%,8,4659,4667,4659,8,0,0
0x4c6d1a,91.2088%,8,83,91,0,0,8,83
0x4821ad,57.8947%,8,11,19,11,8,0,0
0x49f66c,84%,8,42,50,0,0,8,42
0x55809c,98.7842%,8,650,658,0,4,4,650
0x8e241d,99.8533%,8,5446,5454,0,0,8,5446
0xa95f9b,33.3333%,8,4,12,2,2,6,2
0x51afd4,96.9466%,8,254,262,0,2,6,254
0xa29d4f,50%,8,8,16,8,8,0,0
0x5c4c82,99.5457%,8,1753,1761,167,6,2,1586
0x9e5945,73.3333%,8,22,30,20,7,1,2
0x9e0da3,65.2174%,8,15,23,15,8,0,0
0xa025c6,99.4638%,8,1484,1492,0,0,8,1484
0x40520c,93.9394%,8,124,132,0,0,8,124
0x975328,73.3333%,8,22,30,6,6,2,16
0xa2aab5,92.9204%,8,105,113,0,0,8,105
0xb18082,99.4437%,8,1430,1438,0,0,8,1430
0xa5902f,80.9524%,8,34,42,31,0,8,3
0xb18323,99.204%,8,997,1005,997,8,0,0
0x96aec9,78.9474%,8,30,38,30,8,0,0
0x606e9c,60%,8,12,20,2,8,0,10
0xa9a2ae,46.6667%,8,7,15,4,6,2,3
0x4c1275,66.6667%,8,16,24,16,8,0,0
0x819262,91.2088%,8,83,91,83,8,0,0
0x80c9a9,97.1631%,8,274,282,270,2,6,4
0x78a5f4,27.2727%,8,3,11,1,8,0,2
0x49eeb2,88.5714%,8,62,70,10,4,4,52
0x80644a,50%,8,8,16,1,6,2,7
0x9ec171,85.7143%,8,48,56,48,8,0,0
0x53446d,99.9453%,8,14614,14622,0,0,8,14614
0x8c8090,99.6045%,8,2015,2023,2015,8,0,0
0x8e4c64,91.9192%,8,91,99,0,0,8,91
0x8dd0a8,92.0792%,8,93,101,0,0,8,93
0x8221a6,97.0696%,8,265,273,0,0,8,265
0xa8a814,95.4286%,8,167,175,0,4,4,167
0x804106,86.6667%,8,52,60,0,0,8,52
0x8ea453,50%,8,8,16,0,0,8,8
0x8e8dd2,99.3528%,8,1228,1236,1228,6,2,0
0x63872d,72.4138%,8,21,29,2,1,7,19
0x50ce24,93.3333%,8,112,120,0,0,8,112
0xa9cf71,89.6104%,8,69,77,69,6,2,0
0xa282c6,97.5904%,8,324,332,324,8,0,0
0x4b9c51,88.7324%,8,63,71,62,7,1,1
0x65a22f,96.8504%,8,246,254,246,5,3,0
0xa0a551,33.3333%,8,4,12,0,4,4,4
0x482328,11.1111%,8,1,9,1,8,0,0
0x8ea0fa,99.6766%,8,2466,2474,0,0,8,2466
0x482d44,52.9412%,8,9,17,9,8,0,0
0xa8a6fe,95.4286%,8,167,175,0,0,8,167
0xa28817,50%,8,8,16,0,0,8,8
0x8042e8,61.9048%,8,13,21,0,5,3,13
0x806648,60%,8,12,20,12,1,7,0
0xa30d73,93.0435%,8,107,115,107,8,0,0
0x48deb7,89.3333%,8,67,75,0,0,8,67
0x7228a2,99.709%,8,2741,2749,0,0,8,2741
0x60e502,98.4791%,8,518,526,75,6,2,443
0xa500b9,90.1235%,8,73,81,3,3,5,70
0x4ac596,0%,8,0,8,0,0,8,0
0x9111c0,89.4737%,8,68,76,0,0,8,68
0x533787,78.9474%,8,30,38,27,4,4,3
0x4a5904,85.4545%,8,47,55,0,0,8,47
0xa02d9b,92.5234%,8,99,107,99,8,0,0
0x816b51,99.4737%,8,1512,1520,185,1,7,1327
0x8fe0a7,90.6977%,8,78,86,7,7,1,71
0xa91a76,95.8974%,8,187,195,0,0,8,187
0x8d2908,99.7823%,8,3666,3674,3450,4,4,216
0x8fddbd,98.9362%,8,744,752,0,0,8,744
0x5df2a5,75.7576%,8,25,33,0,0,8,25
0x9496bd,89.8734%,8,71,79,71,8,0,0
0x81732c,68%,8,17,25,0,1,7,17
0x5463ff,97.7143%,8,342,350,0,0,8,342
0x51022a,99.4645%,8,1486,1494,0,0,8,1486
0xaa33d1,50%,8,8,16,0,0,8,8
0x8e020d,98.0247%,8,397,405,393,8,0,4
0x822541,98.1043%,8,414,422,1,5,3,413
0x4aaf21,27.2727%,8,3,11,3,7,1,0
0x509b03,98.4615%,8,512,520,0,0,8,512
0x5bb810,99.1727%,8,959,967,959,8,0,0
0x5b1535,85.4545%,8,47,55,42,5,3,5
0x58cd39,84.3137%,8,43,51,0,0,8,43
0xa337c6,72.4138%,8,21,29,2,2,6,19
0xa92b31,97.5155%,8,314,322,314,8,0,0
0x9fb69f,96.2791%,8,207,215,207,8,0,0
0x8f0dcb,80%,8,32,40,30,2,6,2
0x7dff70,0%,8,0,8,0,0,8,0
0x7dff7a,0%,8,0,8,0,0,8,0
0xa9dafe,85.9649%,8,49,57,0,2,6,49
0x5f061a,93.4426%,8,114,122,0,0,8,114
0xa1b54c,68%,8,17,25,2,3,5,15
0x63f847,99.7678%,8,3437,3445,3437,8,0,0
0x9a9439,80%,8,32,40,15,5,3,17
0xa5f715,97.7273%,8,344,352,0,0,8,344
0xa9d3ef,60%,8,12,20,0,0,8,12
0xa57b23,80.4878%,8,33,41,2,0,8,31
0x9a6b5e,20%,8,2,10,2,8,0,0
0x8ffc60,89.1892%,8,66,74,3,3,5,63
0x5556ae,85.4545%,8,47,55,47,8,0,0
0xa2d794,97.1731%,8,275,283,275,4,4,0
0x72363b,99.4467%,8,1438,1446,0,0,8,1438
0x9f6ca0,38.4615%,8,5,13,5,8,0,0
0xa917cc,75%,8,24,32,24,8,0,0
0xa918b7,52.9412%,8,9,17,0,0,8,9
0xa5ce4c,93.6508%,8,118,126,0,0,8,118
0x485dbf,98.2533%,8,450,458,0,0,8,450
0xa4ba48,87.5%,8,56,64,26,2,6,30
0xa59013,80.9524%,8,34,42,0,6,2,34
0x50e2db,89.3333%,8,67,75,0,0,8,67
0x4a9cf3,46.6667%,8,7,15,0,0,8,7
0x5cbbb6,93.8931%,8,123,131,0,0,8,123
0x8be3eb,98.7138%,8,614,622,0,0,8,614
0x502051,66.6667%,8,16,24,16,8,0,0
0x9f113c,77.7778%,8,28,36,27,4,4,1
0x910d94,99.7955%,8,3904,3912,0,0,8,3904
0xa96abb,27.2727%,8,3,11,2,0,8,1
0x63f320,96%,8,192,200,192,6,2,0
0xada6ae,99.9488%,8,15614,15622,0,0,8,15614
0x403a54,78.3784%,8,29,37,9,6,2,20
0xa447c5,84.6154%,8,44,52,44,8,0,0
0x4bc505,96.4444%,8,217,225,1,1,7,216
0x4acbda,46.6667%,8,7,15,4,8,0,3
0x48e16f,91.8367%,8,90,98,67,6,2,23
0x909182,99.5692%,8,1849,1857,0,0,8,1849
0x813671,98.4556%,8,510,518,510,6,2,0
0x5b230b,96.6667%,8,232,240,0,0,8,232
0xa59535,96.0396%,8,194,202,0,0,8,194
0x8e5fb0,97.026%,8,261,269,261,8,0,0
0x4bc8b8,91.4894%,8,86,94,86,8,0,0
0x9e292b,73.3333%,8,22,30,3,7,1,19
0xacfac0,96.6102%,8,228,236,1,5,3,227
0x48e11d,73.3333%,8,22,30,9,6,2,13
0x58c246,97.4843%,8,310,318,94,2,6,216
0x8a5eb8,94.2446%,8,131,139,131,8,0,0
0x78e057,81.3953%,8,35,43,0,0,8,35
0x508bd6,96.1353%,8,199,207,0,4,4,199
0x5f845d,98.6301%,8,576,584,0,0,8,576
0xaa63ce,93.1034%,8,108,116,19,7,1,89
0x815204,50%,8,8,16,4,3,5,4
0xb2f103,99.8999%,8,7987,7995,7987,8,0,0
0x5441af,87.8788%,8,58,66,54,3,5,4
0x55114e,71.4286%,8,20,28,14,8,0,6
0xa9dac0,46.6667%,8,7,15,4,2,6,3
0xa47f9b,33.3333%,8,4,12,4,8,0,0
0x8b9ad1,99.6619%,8,2358,2366,2358,8,0,0
0x8d2885,52.9412%,8,9,17,0,0,8,9
0xa9cefb,89.6104%,8,69,77,58,0,8,11
0xaa0364,93.3884%,8,113,121,0,0,8,113
0x8aed26,94.5205%,8,138,146,134,7,1,4
0xaaaea1,94.2029%,8,130,138,4,4,4,126
0x8050fa,97.5758%,8,322,330,322,8,0,0
0x505413,98.9189%,8,732,740,732,8,0,0
0xaa5d02,66.6667%,8,16,24,15,8,0,1
0xa59344,77.1429%,8,27,35,6,1,7,21
0x4be77f,63.6364%,8,14,22,11,2,6,3
0x9aa1ef,78.3784%,8,29,37,0,0,8,29
0xab32c9,95.3488%,8,164,172,0,0,8,164
0xaa33b4,97.6119%,8,327,335,0,0,8,327
0x9a898e,87.0968%,8,54,62,0,0,8,54
0x8e40d8,99.5227%,8,1668,1676,0,0,8,1668
0xa542a7,92.8571%,8,104,112,101,7,1,3
0xa4580f,96.8872%,8,249,257,249,8,0,0
0xa9cd53,33.3333%,8,4,12,1,3,5,3
0x9e1a19,82.6087%,8,38,46,0,0,8,38
0x8d977c,0%,8,0,8,0,8,0,0
0x9be6b5,83.3333%,8,40,48,20,4,4,20
0x5c571a,78.3784%,8,29,37,6,8,0,23
0x5531f4,98.8406%,8,682,690,0,0,8,682
0x552b22,71.4286%,8,20,28,0,0,8,20
0xa52408,95.0617%,8,154,162,0,0,8,154
0x8dba20,97.4603%,8,307,315,68,7,1,239
0x9511b8,98.1481%,8,424,432,423,2,6,1
0x6cec65,38.4615%,8,5,13,5,8,0,0
0xa55f2a,27.2727%,8,3,11,0,8,0,3
0x66685b,98.374%,8,484,492,484,8,0,0
0x8f0b20,94.6667%,8,142,150,142,8,0,0
0x90a7d4,94.7712%,8,145,153,145,8,0,0
0xa98121,85.9649%,8,49,57,0,2,6,49
0x96bfd8,98.961%,8,762,770,762,8,0,0
0x64b0e6,99.6991%,8,2651,2659,0,0,8,2651
0x6410a8,98.0861%,8,410,418,0,0,8,410
0xb30d57,99.5726%,8,1864,1872,0,0,8,1864
0x90e7b5,98.6733%,8,595,603,0,0,8,595
0x50b65f,81.8182%,8,36,44,0,4,4,36
0x7d2111,77.7778%,8,28,36,24,4,4,4
0x80e846,92.1569%,8,94,102,74,4,4,20
0x50a3b4,94.1176%,8,128,136,0,0,8,128
0x8f18e9,95.8333%,8,184,192,0,0,8,184
0x545579,97.153%,8,273,281,0,2,6,273
0x972795,96.9697%,8,256,264,0,0,8,256
0x4b9e22,97.861%,8,366,374,0,0,8,366
0x991c64,20%,8,2,10,2,8,0,0
0x80f827,99.3243%,8,1176,1184,1176,8,0,0
0x7ce5a2,33.3333%,8,4,12,4,8,0,0
0x67f309,96.9231%,8,252,260,118,8,0,134
0x788c8f,86.4407%,8,51,59,8,2,6,43
0x5ef9d3,52.9412%,8,9,17,8,8,0,1
0x810429,97.3856%,8,298,306,298,5,3,0
0x60bdff,60%,8,12,20,5,5,3,7
0x8e03b0,99.2982%,8,1132,1140,0,0,8,1132
0x8f6469,97.8437%,8,363,371,0,0,8,363
0x9cfcc7,77.7778%,8,28,36,28,8,0,0
0xa074cd,82.6087%,8,38,46,0,0,8,38
0xa02d09,87.3016%,8,55,63,0,0,8,55
0x58d1bc,91.3043%,8,84,92,0,0,8,84
0x983a61,89.3333%,8,67,75,26,2,6,41
0x48aefb,96.2791%,8,207,215,207,8,0,0
0x53a2fc,84%,8,42,50,5,3,5,37
0x64b48e,97.3597%,8,295,303,0,0,8,295
0x8df28b,66.6667%,8,16,24,11,5,3,5
0x590dae,95.2663%,8,161,169,0,0,8,161
0x810537,76.4706%,8,26,34,26,8,0,0
0x8dfe6f,96.9231%,8,252,260,0,0,8,252
0xa368c8,98.1609%,8,427,435,0,3,5,427
0x643a8e,98.9488%,8,753,761,0,0,8,753
0xa93de0,33.3333%,8,4,12,0,0,8,4
0x83e1eb,93.4959%,8,115,123,115,8,0,0
0x51105c,99.788%,8,3766,3774,0,0,8,3766
0x809d8f,98.574%,8,553,561,0,0,8,553
0x5b9df9,84.9057%,8,45,53,0,0,8,45
0x98ce58,99.5704%,8,1854,1862,0,0,8,1854
0xa4a38f,38.4615%,8,5,13,5,0,8,0
0x99e527,38.4615%,8,5,13,0,0,8,5
0xa5bade,88.8889%,8,64,72,0,0,8,64
0xa2ed4e,88.2353%,8,60,68,33,6,2,27
0x50b132,81.8182%,8,36,44,32,8,0,4
0x535625,86.8852%,8,53,61,0,0,8,53
0x973034,70.3704%,8,19,27,0,0,8,19
0x7d2ff7,87.3016%,8,55,63,6,6,2,49
0x8d486d,97.8437%,8,363,371,0,2,6,363
0x9f62aa,0%,8,0,8,0,0,8,0
0x81f975,52.9412%,8,9,17,3,5,3,6
0x80a427,99.0566%,8,840,848,840,3,5,0
0xa94536,72.4138%,8,21,29,0,0,8,21
0x90b97c,99.1675%,8,953,961,0,0,8,953
0x9e125a,70.3704%,8,19,27,0,0,8,19
0x8a5eab,94.2446%,8,131,139,0,0,8,131
0x9112f9,99.2271%,8,1027,1035,1027,8,0,0
0x8ddf08,85.1852%,8,46,54,4,4,4,42
0x58d1a7,91.3043%,8,84,92,0,0,8,84
0xa95cf9,85.9649%,8,49,57,49,8,0,0
0x9510e2,96.1722%,8,201,209,104,1,7,97
0x8ad577,91.5789%,8,87,95,1,1,7,86
0xaab643,98.9305%,8,740,748,0,0,8,740
0xa327f5,88.8889%,8,64,72,0,0,8,64
0x4aaa77,84.6154%,8,44,52,0,0,8,44
0x8a3177,20%,8,2,10,2,6,2,0
0x49e0d1,97.6608%,8,334,342,0,6,2,334
0x53440d,99.9102%,8,8897,8905,0,0,8,8897
0x7810c0,94.5946%,8,140,148,89,8,0,51
0x9ab0f7,98.8811%,8,707,715,707,8,0,0
0x8fddd2,99.4652%,8,1488,1496,0,0,8,1488
0xa5bdea,75%,8,24,32,0,0,8,24
0x540a66,42.8571%,8,6,14,3,5,3,3
0x5de395,99.3554%,8,1233,1241,1233,8,0,0
0xa5c6a9,92.1569%,8,94,102,1,3,5,93
0x4900b8,20%,8,2,10,2,6,2,0
0xa31b90,74.1935%,8,23,31,23,8,0,0
0x4a1d1b,99.4505%,8,1448,1456,0,0,8,1448
0x550972,84.3137%,8,43,51,43,8,0,0
0x58e282,89.3333%,8,67,75,0,0,8,67
0x7d2b98,97.8495%,8,364,372,364,8,0,0
0x8bcb21,91.2088%,8,83,91,0,0,8,83
0x9fe52c,94.0299%,8,126,134,126,8,0,0
0x48e918,71.4286%,8,20,28,20,8,0,0
0x97b9ac,90.3614%,8,75,83,75,8,0,0
0x4c185e,60%,8,12,20,0,4,4,12
0x60b9ef,87.6923%,8,57,65,43,4,4,14
0x5ebd04,46.6667%,8,7,15,3,4,4,4
0x803e20,55.5556%,8,10,18,0,0,8,10
0xa51c0b,80%,8,32,40,32,7,1,0
0x489f99,94.8387%,8,147,155,0,0,8,147
0x4b533c,96.7611%,8,239,247,239,8,0,0
0x55501a,85.4545%,8,47,55,47,8,0,0
0xa05ffe,50%,8,8,16,2,3,5,6
0x8f7634,94.9045%,8,149,157,149,8,0,0
0xa5867d,50%,8,8,16,7,1,7,1
0xa3572e,97.3064%,8,289,297,289,8,0,0
0xa9003e,95.122%,8,156,164,0,0,8,156
0x9e3cc7,85.4545%,8,47,55,38,3,5,9
0xab332a,93.9394%,8,124,132,0,0,8,124
0x6660a0,20%,8,2,10,0,2,6,2
0x8ee560,80.9524%,8,34,42,0,0,8,34
0x5bd97e,99.5838%,8,1914,1922,0,5,3,1914
0x8a5afb,96.3303%,8,210,218,0,0,8,210
0xaa23b8,76.4706%,8,26,34,0,0,8,26
0x98bc27,98.1176%,8,417,425,417,8,0,0
0x9f01b9,93.1034%,8,108,116,1,1,7,107
0x8a5e17,97.4522%,8,306,314,0,0,8,306
0x50c65b,80.4878%,8,33,41,0,0,8,33
0x5c4c03,99.5626%,8,1821,1829,1821,8,0,0
0x97a037,84.3137%,8,43,51,43,8,0,0
0x66684b,98.374%,8,484,492,484,8,0,0
0xa3a2f3,98.895%,8,716,724,716,8,0,0
0xa28560,94.7368%,8,144,152,0,0,8,144
0x9f6a00,60%,8,12,20,0,0,8,12
0x9ab8aa,96.8627%,8,247,255,247,8,0,0
0x4b8330,11.1111%,8,1,9,0,0,8,1
0x54160e,46.6667%,8,7,15,5,5,3,2
0x8ba049,99.85%,8,5327,5335,5327,8,0,0
0x8ecc75,38.4615%,8,5,13,0,0,8,5
0x5ffdd7,91.0112%,8,81,89,81,6,2,0
0x8e7752,90.3614%,8,75,83,75,8,0,0
0xa497a1,97.351%,8,294,302,0,0,8,294
0x9e7a3e,94.3262%,8,133,141,0,0,8,133
0x8e4bed,99.7715%,8,3493,3501,5,7,1,3488
0x511b65,97.9167%,8,376,384,0,0,8,376
0x8d38e2,50%,8,8,16,2,0,8,6
0x539c58,80.9524%,8,34,42,33,7,1,1
0xa42b1b,99.0698%,8,852,860,0,0,8,852
0x9a728a,68%,8,17,25,0,1,7,17
0x8dba57,50%,8,8,16,8,0,8,0
0x5442a6,85.9649%,8,49,57,49,8,0,0
0x5afd04,68%,8,17,25,0,0,8,17
0x59609a,57.8947%,8,11,19,0,0,8,11
0x4a7ac8,98.4466%,8,507,515,0,0,8,507
0x551207,52.9412%,8,9,17,9,8,0,0
0xb2175d,97.6879%,8,338,346,338,8,0,0
0xb17a75,98.8811%,8,707,715,0,0,8,707
0x64c682,93.2773%,8,111,119,111,8,0,0
0xaab122,50%,8,8,16,0,8,0,8
0x6774b9,88.7324%,8,63,71,0,0,8,63
0x403d33,99.3272%,8,1181,1189,0,0,8,1181
0x48b9fc,99.602%,8,2002,2010,0,0,8,2002
0x5bd6f2,97.5831%,8,323,331,13,3,5,310
0xab28b2,99.8912%,8,7342,7350,0,0,8,7342
0x81f795,91.4894%,8,86,94,0,0,8,86
0x9e736a,97.2509%,8,283,291,283,8,0,0
0x49ff45,99.7433%,8,3108,3116,3108,8,0,0
0xa96bf0,80.9524%,8,34,42,33,4,4,1
0x40e6b0,90.3614%,8,75,83,37,8,0,38
0x6706cd,52.9412%,8,9,17,0,4,4,9
0x5fbae9,89.8734%,8,71,79,71,6,2,0
0x8ff29b,90.4762%,8,76,84,7,0,8,69
0x8d3fc6,38.4615%,8,5,13,0,0,8,5
0xa25b84,99.2103%,8,1005,1013,0,0,8,1005
0x8aa849,98.9116%,8,727,735,0,0,8,727
0xa25caa,99.0826%,8,864,872,0,0,8,864
0x9f213f,20%,8,2,10,2,8,0,0
0x538734,99.1718%,8,958,966,0,0,8,958
0x505efa,91.3978%,8,85,93,85,8,0,0
0x9f6bd0,98.5019%,8,526,534,526,8,0,0
0x48f10d,93.7984%,8,121,129,0,0,8,121
0xb2b549,97.6879%,8,338,346,338,8,0,0
0xa92d29,96.9027%,7,219,226,0,0,7,219
0x5d1b32,93.6364%,7,103,110,103,7,0,0
0x5e37b0,98.9297%,7,647,654,0,3,4,647
0x80a8f6,99.1677%,7,834,841,834,7,0,0
0xa441b7,89.0625%,7,57,64,8,4,3,49
0x81ca8c,95.8824%,7,163,170,163,1,6,0
0x504435,61.1111%,7,11,18,11,7,0,0
0x91127d,98.9474%,7,658,665,658,7,0,0
0x665a07,94.6154%,7,123,130,0,0,7,123
0x4a5dae,72%,7,18,25,5,7,0,13
0xa37336,83.3333%,7,35,42,35,7,0,0
0x9e5d5c,91.358%,7,74,81,74,6,1,0
0xa97111,81.0811%,7,30,37,30,7,0,0
0x9e09a1,90.5405%,7,67,74,67,7,0,0
0xa9491f,70.8333%,7,17,24,0,0,7,17
0x5c4d5e,87.2727%,7,48,55,10,0,7,38
0x5c33c2,96.9432%,7,222,229,0,0,7,222
0xa0028c,22.2222%,7,2,9,2,7,0,0
0x48a7ab,99.3934%,7,1147,1154,1147,7,0,0
0x9fb84a,97.7124%,7,299,306,89,2,5,210
0x814b1a,97.2763%,7,250,257,0,6,1,250
0x820c57,86.5385%,7,45,52,44,6,1,1
0x99b003,82.5%,7,33,40,0,0,7,33
0x50b0b2,83.3333%,7,35,42,35,7,0,0
0x609bbc,97.2222%,7,245,252,0,0,7,245
0xa337ca,72%,7,18,25,0,0,7,18
0x7ce37b,98.2968%,7,404,411,404,7,0,0
0xa5f767,99.0921%,7,764,771,174,7,0,590
0x6228ec,30%,7,3,10,3,7,0,0
0xa319b1,96.7593%,7,209,216,2,1,6,207
0x647552,66.6667%,7,14,21,14,7,0,0
0x5d1a4b,93.6364%,7,103,110,45,3,4,58
0x8ee659,83.3333%,7,35,42,0,0,7,35
0x8e9ff2,99.7171%,7,2467,2474,0,0,7,2467
0x5c4558,99.2009%,7,869,876,869,7,0,0
0xa08c92,41.6667%,7,5,12,3,1,6,2
0xa946e0,75.8621%,7,22,29,0,0,7,22
0x4bda83,83.3333%,7,35,42,0,0,7,35
0x595de0,99.0897%,7,762,769,0,0,7,762
0x9ed31a,74.0741%,7,20,27,0,0,7,20
0xa9326d,96.8889%,7,218,225,218,7,0,0
0xa480a1,96.875%,7,217,224,217,7,0,0
0x8e50a1,99.546%,7,1535,1542,0,0,7,1535
0xa94a82,90.7895%,7,69,76,0,0,7,69
0xaab817,93.4579%,7,100,107,100,7,0,0
0x90c889,91.0256%,7,71,78,0,0,7,71
0xa4376c,98.3491%,7,417,424,417,7,0,0
0x64af74,99.8769%,7,5680,5687,0,0,7,5680
0x9e0927,91.1392%,7,72,79,68,5,2,4
0xa4ee82,94.9275%,7,131,138,131,7,0,0
0x8fe93a,75%,7,21,28,0,0,7,21
0xa019f3,65%,7,13,20,11,1,6,2
0x9e7004,84.7826%,7,39,46,39,7,0,0
0xa4decd,65%,7,13,20,13,7,0,0
0xa05a3b,87.931%,7,51,58,0,0,7,51
0xa15f23,41.6667%,7,5,12,0,0,7,5
0xa53f03,96.729%,7,207,214,104,3,4,103
0xa27361,93.3962%,7,99,106,72,3,4,27
0x540d77,98%,7,343,350,0,0,7,343
0x610a5b,46.1538%,7,6,13,0,0,7,6
0x9aaefa,84.4444%,7,38,45,0,0,7,38
0x99dc99,53.3333%,7,8,15,2,0,7,6
0x980794,36.3636%,7,4,11,4,7,0,0
0x908b9b,98.7544%,7,555,562,555,7,0,0
0x77b9bb,75%,7,21,28,21,7,0,0
0xa94911,86.5385%,7,45,52,2,2,5,43
0x8aace6,68.1818%,7,15,22,0,0,7,15
0x81f3fd,99.4561%,7,1280,1287,1278,5,2,2
0x81f161,99.187%,7,854,861,854,7,0,0
0x9117a7,77.4194%,7,24,31,0,0,7,24
0x9d314a,87.931%,7,51,58,51,4,3,0
0x977b68,66.6667%,7,14,21,0,7,0,14
0xa40fad,36.3636%,7,4,11,0,0,7,4
0x959259,94.5312%,7,121,128,0,0,7,121
0x9b8fae,91.5663%,7,76,83,0,0,7,76
0xa39e78,87.931%,7,51,58,0,0,7,51
0x9fe375,94.7761%,7,127,134,0,0,7,127
0xa591cb,94.1176%,7,112,119,112,7,0,0
0x5c5d17,94.3089%,7,116,123,0,0,7,116
0x99127e,61.1111%,7,11,18,5,0,7,6
0x4a6df2,75%,7,21,28,17,7,0,4
0x80e64c,91.5663%,7,76,83,0,0,7,76
0xa3fce7,87.5%,7,49,56,49,7,0,0
0xa1a0e7,74.0741%,7,20,27,11,3,4,9
0xa098bb,46.1538%,7,6,13,3,5,2,3
0x53e400,99.7075%,7,2386,2393,2385,7,0,1
0x9d1ac8,41.6667%,7,5,12,5,7,0,0
0xa96921,95.302%,7,142,149,142,7,0,0
0xa30b67,96.6184%,7,200,207,0,0,7,200
0x5cf70c,99.6187%,7,1829,1836,1829,7,0,0
0x48f93e,30%,7,3,10,0,1,6,3
0x8d420e,98.1132%,7,364,371,0,2,5,364
0x6d1efc,78.7879%,7,26,33,0,0,7,26
0x404117,98.5263%,7,468,475,0,0,7,468
0x5052a8,65%,7,13,20,0,0,7,13
0x9d1250,94.1667%,7,113,120,97,7,0,16
0x808fdb,96.861%,7,216,223,18,4,3,198
0xa2aabe,93.8053%,7,106,113,0,0,7,106
0x82259a,96.5854%,7,198,205,198,7,0,0
0x545dc7,78.7879%,7,26,33,26,7,0,0
0x95adae,69.5652%,7,16,23,1,7,0,15
0xb28b64,99.7516%,7,2811,2818,0,0,7,2811
0xaa034d,94.2149%,7,114,121,0,0,7,114
0x976d56,79.4118%,7,27,34,0,5,2,27
0x969529,79.4118%,7,27,34,27,7,0,0
0x40e518,56.25%,7,9,16,3,2,5,6
0x64cd75,98.4055%,7,432,439,432,7,0,0
0x9a9d4b,87.037%,7,47,54,47,7,0,0
0x58c29a,97.7987%,7,311,318,311,6,1,0
0x9f3dba,58.8235%,7,10,17,5,2,5,5
0x4bf0db,96.2766%,7,181,188,0,0,7,181
0x4be4ac,0%,7,0,7,0,0,7,0
0x805ff7,98.5743%,7,484,491,0,2,5,484
0x8bad4b,61.1111%,7,11,18,11,7,0,0
0xa06faa,22.2222%,7,2,9,0,0,7,2
0x81e826,96.0452%,7,170,177,170,7,0,0
0x4414ce,87.7193%,7,50,57,0,0,7,50
0x60e37b,30%,7,3,10,3,7,0,0
0xa2d61e,98.5325%,7,470,477,0,4,3,470
0x4a7acf,98.6408%,7,508,515,0,0,7,508
0x5cfb4b,70.8333%,7,17,24,17,7,0,0
0x9bc751,68.1818%,7,15,22,1,0,7,14
0xa58da6,93.9655%,7,109,116,0,0,7,109
0xa0881b,12.5%,7,1,8,1,3,4,0
0x64b638,99.1071%,7,777,784,777,7,0,0
0xa97e5e,68.1818%,7,15,22,15,5,2,0
0x7d1648,89.2308%,7,58,65,58,7,0,0
0x9f5c08,41.6667%,7,5,12,5,7,0,0
0x8f3909,99.1283%,7,796,803,796,7,0,0
0x59719b,98.8728%,7,614,621,0,0,7,614
0x5c51a0,88.8889%,7,56,63,8,4,3,48
0x4b93c4,56.25%,7,9,16,0,0,7,9
0x4a5e27,89.2308%,7,58,65,58,7,0,0
0x5ebd6f,53.3333%,7,8,15,8,0,7,0
0x49ec3b,95.6522%,7,154,161,0,0,7,154
0x49622b,41.6667%,7,5,12,3,3,4,2
0x5da90a,94.7368%,7,126,133,126,7,0,0
0x94c9bb,89.0625%,7,57,64,57,7,0,0
0x98b5b7,95.6522%,7,154,161,0,0,7,154
0x90fffa,98.9706%,7,673,680,673,7,0,0
0x60b2f1,88.7097%,7,55,62,0,0,7,55
0x40e2d1,96.8326%,7,214,221,0,0,7,214
0x8ee1a1,96.3158%,7,183,190,0,0,7,183
0xa478c8,68.1818%,7,15,22,15,7,0,0
0x5511d8,66.6667%,7,14,21,11,6,1,3
0x5f85af,97.1193%,7,236,243,236,7,0,0
0x942ccd,90.6667%,7,68,75,68,7,0,0
0xa9c6bb,95.0704%,7,135,142,135,7,0,0
0xa41e16,98.88%,7,618,625,618,7,0,0
0x99e8c0,93.3333%,7,98,105,0,0,7,98
0x4a9d98,69.5652%,7,16,23,3,4,3,13
0x8ea069,93.8053%,7,106,113,106,4,3,0
0x8a9f4c,81.5789%,7,31,38,5,6,1,26
0x58e8b2,0%,7,0,7,0,6,1,0
0x8addba,92.1348%,7,82,89,82,5,2,0
0x6106e1,72%,7,18,25,18,7,0,0
0x90dbc1,99.2716%,7,954,961,0,0,7,954
0x8db66e,97.2222%,7,245,252,245,7,0,0
0xa58a65,94.9275%,7,131,138,0,0,7,131
0xa2e123,97.1888%,7,242,249,0,0,7,242
0x63d762,95.0355%,7,134,141,134,4,3,0
0x8c8aa5,91.6667%,7,77,84,1,3,4,76
0xa4d3e0,89.5522%,7,60,67,26,2,5,34
0x540455,82.9268%,7,34,41,34,7,0,0
0x51b424,99.7139%,7,2440,2447,0,0,7,2440
0x5391d4,68.1818%,7,15,22,11,0,7,4
0xa05fe6,65%,7,13,20,0,4,3,13
0x547983,53.3333%,7,8,15,0,0,7,8
0x99f200,65%,7,13,20,13,7,0,0
0x94edd2,76.6667%,7,23,30,0,0,7,23
0xa4e6d6,81.5789%,7,31,38,0,0,7,31
0x5d1a5f,88.7097%,7,55,62,0,0,7,55
0x9750c8,12.5%,7,1,8,1,7,0,0
0x9ab2e3,99.2358%,7,909,916,0,0,7,909
0xa51752,90.9091%,7,70,77,0,0,7,70
0xa07525,84.0909%,7,37,44,37,1,6,0
0x8efe77,73.0769%,7,19,26,0,0,7,19
0x88e67f,82.0513%,7,32,39,32,7,0,0
0x5f1187,0%,7,0,7,0,7,0,0
0x973043,74.0741%,7,20,27,0,0,7,20
0x508df9,22.2222%,7,2,9,0,0,7,2
0x4b575a,93.1373%,7,95,102,95,7,0,0
0x5e4393,94.2149%,7,114,121,114,7,0,0
0x40bb67,97.2656%,7,249,256,249,4,3,0
0x5b15d7,36.3636%,7,4,11,4,7,0,0
0x973bb9,30%,7,3,10,0,0,7,3
0xa05239,84.4444%,7,38,45,0,0,7,38
0xa04f63,88.8889%,7,56,63,0,1,6,56
0xa448d5,86.5385%,7,45,52,45,7,0,0
0xa25ee9,96.2766%,7,181,188,0,0,7,181
0x8f362c,98.2143%,7,385,392,0,0,7,385
0xa4e652,79.4118%,7,27,34,0,0,7,27
0x9eb67b,88.8889%,7,56,63,56,7,0,0
0xa25fbe,99.1972%,7,865,872,184,4,3,681
0x8fd50e,91.7647%,7,78,85,1,2,5,77
0x58c5d2,36.3636%,7,4,11,4,7,0,0
0x63c02d,99.2716%,7,954,961,954,7,0,0
0x8f58bd,99.8193%,7,3867,3874,3867,7,0,0
0xa94573,75.8621%,7,22,29,0,2,5,22
0x81a4a4,99.1536%,7,820,827,0,0,7,820
0xa513ab,98.6275%,7,503,510,503,7,0,0
0x55465b,99.2708%,7,953,960,953,7,0,0
0x534249,99.8718%,7,5455,5462,5455,7,0,0
0x6117be,78.7879%,7,26,33,0,0,7,26
0xa04ba4,83.3333%,7,35,42,0,4,3,35
0xa46cb5,92.7083%,7,89,96,88,0,7,1
0x540a90,50%,7,7,14,0,2,5,7
0xa06ee3,81.5789%,7,31,38,28,1,6,3
0xa55043,81.5789%,7,31,38,26,4,3,5
0x9f802c,50%,7,7,14,0,0,7,7
0x406bb7,70.8333%,7,17,24,2,4,3,15
0x54445b,94.697%,7,125,132,125,7,0,0
0xa45669,95.679%,7,155,162,155,7,0,0
0x696555,98.2368%,7,390,397,0,0,7,390
0x511dcf,98.1771%,7,377,384,0,0,7,377
0x7c7236,22.2222%,7,2,9,0,0,7,2
0x610316,78.7879%,7,26,33,0,0,7,26
0x900bf0,97.9042%,7,327,334,0,0,7,327
0x818e45,86.2745%,7,44,51,0,3,4,44
0xa8a6df,91.5663%,7,76,83,0,0,7,76
0x499e48,56.25%,7,9,16,9,7,0,0
0x63aaaa,99.1474%,7,814,821,814,7,0,0
0x969301,91.8605%,7,79,86,0,0,7,79
0x63af1c,99.1474%,7,814,821,814,7,0,0
0x9e79db,95.858%,7,162,169,22,6,1,140
0xa45a0a,86.2745%,7,44,51,44,7,0,0
0xa466ee,56.25%,7,9,16,9,7,0,0
0x53affc,85.7143%,7,42,49,5,3,4,37
0x97bc03,89.8551%,7,62,69,62,5,2,0
0x65a374,99.6364%,7,1918,1925,0,0,7,1918
0xa27682,99.4493%,7,1264,1271,0,0,7,1264
0xa47cd1,82.0513%,7,32,39,32,7,0,0
0xa5c4fe,87.5%,7,49,56,0,0,7,49
0x9439dd,92.8571%,7,91,98,87,6,1,4
0x9aad78,99.1173%,7,786,793,0,0,7,786
0x5f9dc0,74.0741%,7,20,27,0,4,3,20
0x944309,98.5294%,7,469,476,17,7,0,452
0x9ff5f5,70.8333%,7,17,24,0,2,5,17
0x9441e3,99.2632%,7,943,950,0,0,7,943
0x9ef2b8,95.0355%,7,134,141,0,0,7,134
0x9e754c,96.8468%,7,215,222,215,7,0,0
0x5555ab,99.4253%,7,1211,1218,0,0,7,1211
0xa2ed0f,89.0625%,7,57,64,0,0,7,57
0xa5d177,70.8333%,7,17,24,0,0,7,17
0x808333,74.0741%,7,20,27,20,3,4,0
0x81a4ab,99.1536%,7,820,827,820,7,0,0
0x9f41a6,78.7879%,7,26,33,0,0,7,26
0x80cadd,99.909%,7,7688,7695,0,0,7,7688
0xa4a13c,84.7826%,7,39,46,0,0,7,39
0x48dd1f,99.8998%,7,6976,6983,0,0,7,6976
0x8f7684,95.5414%,7,150,157,149,4,3,1
0x501626,99.6756%,7,2151,2158,0,0,7,2151
0x8ee70d,98.1132%,7,364,371,0,0,7,364
0xa54923,80%,7,28,35,28,7,0,0
0xa4df0b,65%,7,13,20,13,7,0,0
0x8c9443,94.1176%,7,112,119,112,7,0,0
0xa2ed3f,91.8605%,7,79,86,14,4,3,65
0x9f442e,95.8333%,7,161,168,0,0,7,161
0xa311e9,96.861%,7,216,223,5,2,5,211
0x58d1ca,65%,7,13,20,0,0,7,13
0x4bdbba,74.0741%,7,20,27,0,7,0,20
0xa39e51,99.5182%,7,1446,1453,0,0,7,1446
0x9be949,56.25%,7,9,16,9,7,0,0
0x48f797,89.2308%,7,58,65,6,4,3,52
0x5fa79d,89.8551%,7,62,69,0,0,7,62
0x9c4394,95%,7,133,140,133,7,0,0
0x5905fa,76.6667%,7,23,30,12,6,1,11
0xa584a1,30%,7,3,10,0,0,7,3
0x9f6895,97.6109%,7,286,293,0,0,7,286
0xa2d2db,98.2234%,7,387,394,0,4,3,387
0x6070af,97.2441%,7,247,254,0,0,7,247
0x8ef19f,96.0674%,7,171,178,0,4,3,171
0x9ea3b4,95.1389%,7,137,144,71,1,6,66
0x969837,90.2778%,7,65,72,0,7,0,65
0x8e9275,92.1348%,7,82,89,0,4,3,82
0x67f64e,97.1774%,7,241,248,0,0,7,241
0x98cdec,41.6667%,7,5,12,0,0,7,5
0x8fce93,84.0909%,7,37,44,37,7,0,0
0x610292,81.5789%,7,31,38,2,3,4,29
0x90d35a,94.3548%,7,117,124,117,7,0,0
0x9784ea,99.2585%,7,937,944,0,0,7,937
0x40e049,95.5414%,7,150,157,150,7,0,0
0x5af178,30%,7,3,10,3,7,0,0
0xa5138e,98.6434%,7,509,516,0,6,1,509
0xa08389,0%,7,0,7,0,7,0,0
0x8ebb78,98.5626%,7,480,487,480,7,0,0
0x4c70c5,61.1111%,7,11,18,0,0,7,11
0x4bee93,87.931%,7,51,58,0,0,7,51
0x487673,53.3333%,7,8,15,8,7,0,0
0x81e743,94.964%,7,132,139,132,7,0,0
0x50adc5,93.578%,7,102,109,102,7,0,0
0x48fd9d,65%,7,13,20,0,0,7,13
0x8168dd,69.5652%,7,16,23,16,7,0,0
0xb0c08a,99.8181%,7,3842,3849,3842,7,0,0
0x67f6a6,93.3962%,7,99,106,99,7,0,0
0xa4a63b,78.7879%,7,26,33,26,0,7,0
0x8dc2a8,93.6364%,7,103,110,103,7,0,0
0x64872d,87.5%,7,49,56,49,7,0,0
0xa285ba,76.6667%,7,23,30,0,0,7,23
0xb3768d,99.8737%,7,5535,5542,0,0,7,5535
0x4900e4,30%,7,3,10,0,0,7,3
0x4ab4e3,77.4194%,7,24,31,18,7,0,6
0x99f2f6,94.5736%,7,122,129,0,2,5,122
0x5f5318,99.767%,7,2997,3004,2997,7,0,0
0x9e3965,97.2868%,7,251,258,251,7,0,0
0x811fbd,84.0909%,7,37,44,29,1,6,8
0x9a1f86,96.5517%,7,196,203,196,7,0,0
0x4a1316,98.5011%,7,460,467,460,7,0,0
0x7b862b,22.2222%,7,2,9,0,7,0,2
0x8eedef,95%,7,133,140,126,5,2,7
0xa344b0,95.8824%,7,163,170,163,7,0,0
0x4b831b,36.3636%,7,4,11,0,3,4,4
0xa44917,86.5385%,7,45,52,45,7,0,0
0xa60ccd,97.0833%,7,233,240,233,4,3,0
0xaa9f47,74.0741%,7,20,27,20,7,0,0
0x9f3a1b,12.5%,7,1,8,0,4,3,1
0x60c610,0%,7,0,7,0,4,3,0
0x8dba3a,97.0833%,7,233,240,218,6,1,15
0xa48530,87.5%,7,49,56,0,0,7,49
0x8e03b5,99.386%,7,1133,1140,282,3,4,851
0x64ce9e,84.0909%,7,37,44,0,4,3,37
0x4bf7f9,91.8605%,7,79,86,79,7,0,0
0xa42126,97.8328%,7,316,323,316,7,0,0
0x90fcfa,96.9163%,7,220,227,55,1,6,165
0x9a9a77,98.7061%,7,534,541,0,0,7,534
0x542272,99.8827%,7,5962,5969,0,0,7,5962
0x4bb723,96.6507%,7,202,209,202,2,5,0
0x9fcf11,72%,7,18,25,0,0,7,18
0xa2a92b,93.8053%,7,106,113,106,6,1,0
0xa91964,83.3333%,7,35,42,0,0,7,35
0x9bdfd4,89.5522%,7,60,67,60,7,0,0
0xa60c90,97.0464%,7,230,237,0,0,7,230
0xa271e5,97.4545%,7,268,275,268,7,0,0
0xb230df,95.4545%,7,147,154,147,7,0,0
0xb32440,99.2776%,7,962,969,0,0,7,962
0xa2f4be,97.318%,7,254,261,0,0,7,254
0x99e936,87.2727%,7,48,55,0,0,7,48
0x53ec13,12.5%,7,1,8,0,4,3,1
0x9bd5d2,70.8333%,7,17,24,5,7,0,12
0x643074,97.9651%,7,337,344,0,0,7,337
0xa54bfc,41.6667%,7,5,12,1,5,2,4
0x8c7562,99.26%,7,939,946,939,7,0,0
0x5936ee,46.1538%,7,6,13,0,2,5,6
0x808c28,99.1696%,7,836,843,836,5,2,0
0x4a7294,98.2005%,7,382,389,382,7,0,0
0x8bd2a6,99.6009%,7,1747,1754,0,4,3,1747
0x546295,98%,7,343,350,0,0,7,343
0x40ed8d,12.5%,7,1,8,1,7,0,0
0x49ff89,99.92%,7,8739,8746,8739,7,0,0
0x49e061,95.9064%,7,164,171,0,0,7,164
0x99bb2e,96.3158%,7,183,190,166,3,4,17
0xab367b,61.1111%,7,11,18,0,0,7,11
0x833d27,93.9655%,7,109,116,0,4,3,109
0x4ca717,36.3636%,7,4,11,3,6,1,1
0x606cb2,12.5%,7,1,8,1,7,0,0
0xa314ab,86.5385%,7,45,52,45,7,0,0
0xaad22f,0%,7,0,7,0,7,0,0
0x4bdbc3,65%,7,13,20,13,7,0,0
0x48a986,99.2144%,7,884,891,884,7,0,0
0xa263a4,93.5185%,7,101,108,101,7,0,0
0xa570de,82.9268%,7,34,41,4,6,1,30
0x9e73e1,98.25%,7,393,400,0,0,7,393
0xa94a7c,90.7895%,7,69,76,0,0,7,69
0x49de72,75%,7,21,28,21,7,0,0
0x9fde8a,78.125%,7,25,32,0,7,0,25
0xa263cc,93.5185%,7,101,108,101,7,0,0
0x9a18ca,66.6667%,7,14,21,0,0,7,14
0x9a0f7a,66.6667%,7,14,21,10,5,2,4
0x5c33cc,96.8326%,7,214,221,214,7,0,0
0x65bda9,41.6667%,7,5,12,5,7,0,0
0xa2f9a9,91.5663%,7,76,83,0,5,2,76
0xa3a138,99.0331%,7,717,724,717,7,0,0
0x9e4ecf,88.3333%,7,53,60,53,7,0,0
0x4b3883,65%,7,13,20,13,3,4,0
0x5406d0,97.6431%,7,290,297,290,3,4,0
0x9a3be7,46.1538%,7,6,13,6,2,5,0
0xa33978,98.7365%,7,547,554,0,0,7,547
0x4ac191,95.9302%,7,165,172,0,0,7,165
0x512b72,99.8784%,7,5751,5758,5751,7,0,0
0xb47201,99.7199%,7,2492,2499,0,0,7,2492
0x8dfe4b,94.6154%,7,123,130,0,0,7,123
0x8a6b77,69.5652%,7,16,23,16,3,4,0
0x545f21,99.7523%,7,2819,2826,2819,7,0,0
0x9aa1eb,80%,7,28,35,1,7,0,27
0xa5b4e5,41.6667%,7,5,12,2,1,6,3
0xa33f29,93.578%,7,102,109,0,0,7,102
0x67c99b,99.4466%,7,1258,1265,1258,7,0,0
0x9d1bd4,58.8235%,7,10,17,0,0,7,10
0x8bcc06,73.0769%,7,19,26,0,0,7,19
0x77b90a,75%,7,21,28,21,7,0,0
0xa9182f,58.8235%,7,10,17,3,0,7,7
0xaa5b13,85.1064%,7,40,47,0,0,7,40
0x9a357a,65%,7,13,20,13,7,0,0
0x49e92a,99.8565%,7,4871,4878,0,0,7,4871
0x609739,95.679%,7,155,162,0,0,7,155
0x643a48,79.4118%,7,27,34,27,7,0,0
0x6d1eea,78.7879%,7,26,33,0,0,7,26
0xb179a5,99.3402%,7,1054,1061,0,0,7,1054
0x9d362a,87.2727%,7,48,55,0,0,7,48
0x546a7f,99.1049%,7,775,782,0,4,3,775
0x9e0fc4,91.25%,7,73,80,0,0,7,73
0x8e7836,97.4359%,7,266,273,84,7,0,182
0x983a67,85.1064%,7,40,47,0,0,7,40
0x643b29,80%,7,28,35,28,5,2,0
0x609d37,98.017%,7,346,353,346,7,0,0
0x5bd152,99.2739%,7,957,964,957,7,0,0
0x94a0bd,96.6184%,7,200,207,0,0,7,200
0xaa5365,66.6667%,7,14,21,0,0,7,14
0x8f7c0f,95.5414%,7,150,157,149,6,1,1
0xa9b8da,58.8235%,7,10,17,9,2,5,1
0x5eb8c9,99.1803%,7,847,854,0,0,7,847
0xb182a7,99.3035%,7,998,1005,16,3,4,982
0x94a96f,91.25%,7,73,80,73,7,0,0
0xa22d90,88.7097%,7,55,62,0,0,7,55
0x60a873,98.2278%,7,388,395,0,0,7,388
0x509180,94.8529%,7,129,136,129,7,0,0
0x9e00be,99.3482%,7,1067,1074,0,0,7,1067
0xb148d3,99.8131%,7,3738,3745,3738,7,0,0
0x9c3bfb,80.5556%,7,29,36,29,7,0,0
0xa962a8,12.5%,7,1,8,0,0,7,1
0x8ec44f,99.5539%,7,1562,1569,1562,5,2,0
0x9fb863,96.7442%,7,208,215,208,7,0,0
0x4c5309,97.619%,7,287,294,0,0,7,287
0x64bede,99.5434%,7,1526,1533,0,0,7,1526
0x9c4271,97.8916%,7,325,332,325,7,0,0
0x8efdba,93.8053%,7,106,113,0,5,2,106
0x5bd3bf,94.1176%,7,112,119,112,7,0,0
0x9812d5,90.6667%,7,68,75,57,5,2,11
0x551d3d,96.1326%,7,174,181,174,7,0,0
0x639bf7,98.9264%,7,645,652,645,7,0,0
0x64bfdc,98.7203%,7,540,547,540,7,0,0
0x50829c,98.6742%,7,521,528,521,7,0,0
0xa54fef,81.5789%,7,31,38,0,2,5,31
0x48f733,41.6667%,7,5,12,3,7,0,2
0x546980,90.2778%,7,65,72,64,4,3,1
0x488f47,41.6667%,7,5,12,2,6,1,3
0xa038d8,90.7895%,7,69,76,69,7,0,0
0xa92c38,12.5%,7,1,8,1,7,0,0
0xa3d9f0,12.5%,7,1,8,0,0,7,1
0xa554c0,97.3585%,7,258,265,0,4,3,258
0xa05dbf,88.8889%,7,56,63,56,6,1,0
0x64c599,98.7203%,7,540,547,540,7,0,0
0x8137ff,88.5246%,7,54,61,54,5,2,0
0x80a934,98.6641%,7,517,524,517,5,2,0
0x48e7e4,83.3333%,7,35,42,2,2,5,33
0xa285b1,76.6667%,7,23,30,0,0,7,23
0x550e3a,79.4118%,7,27,34,27,7,0,0
0x5bd262,99.2739%,7,957,964,957,7,0,0
0x9fb81f,97.7124%,7,299,306,0,0,7,299
0xa3cab2,12.5%,7,1,8,0,0,7,1
0xa45955,86.2745%,7,44,51,44,7,0,0
0xa31efd,80.5556%,7,29,36,0,0,7,29
0x8f2099,81.0811%,7,30,37,14,6,1,16
0xa989ad,53.3333%,7,8,15,8,7,0,0
0xa54cab,97.6589%,7,292,299,292,7,0,0
0x9fb23b,94.3548%,7,117,124,117,7,0,0
0x9f08c5,30%,7,3,10,3,7,0,0
0x972750,97.4359%,7,266,273,0,0,7,266
0xa3b27c,95.977%,7,167,174,167,7,0,0
0x591096,97.166%,7,240,247,0,0,7,240
0xa975a8,53.3333%,7,8,15,8,6,1,0
0x9d07f6,88.7097%,7,55,62,55,6,1,0
0xb2b52a,97.9769%,7,339,346,339,7,0,0
0x970fc4,41.6667%,7,5,12,0,5,2,5
0x7817bd,88.8889%,7,56,63,0,0,7,56
0x48dbf1,97.8723%,7,322,329,268,5,2,54
0x550e8c,0%,7,0,7,0,0,7,0
0x9ff624,68.1818%,7,15,22,0,0,7,15
0x908558,88.3333%,7,53,60,53,7,0,0
0x8e787f,97.0833%,7,233,240,233,7,0,0
0x4a5a4b,56.25%,7,9,16,9,7,0,0
0x9a272b,69.5652%,7,16,23,1,2,5,15
0x53e854,12.5%,7,1,8,0,4,3,1
0x9ff5b4,82.5%,7,33,40,0,0,7,33
0xa29219,56.25%,7,9,16,0,0,7,9
0x819f82,90.5405%,7,67,74,0,0,7,67
0xa023c3,98.5106%,7,463,470,0,0,7,463
0x5bd47e,99.0838%,7,757,764,0,0,7,757
0x5bd545,99.5166%,7,1441,1448,0,0,7,1441
0x64b0cc,89.0625%,7,57,64,57,7,0,0
0xa52d79,91.8605%,7,79,86,71,6,1,8
0x67b8b5,95.5696%,7,151,158,0,0,7,151
0x607056,65%,7,13,20,0,0,7,13
0x8ff741,50%,7,7,14,0,0,7,7
0x8b9fe6,82.5%,7,33,40,33,7,0,0
0x8fd392,99.8231%,7,3951,3958,0,3,4,3951
0x591b9d,93.578%,7,102,109,0,0,7,102
0x8144a6,98.6891%,7,527,534,0,0,7,527
0x902172,96.5517%,7,196,203,0,0,7,196
0x81d653,98.3568%,7,419,426,419,7,0,0
0x481ea5,81.5789%,7,31,38,31,7,0,0
0x80a5f0,99.1696%,7,836,843,836,5,2,0
0x9497bb,91.1392%,7,72,79,0,0,7,72
0xa50261,91.358%,7,74,81,73,4,3,1
0x8e6935,95.2703%,7,141,148,141,7,0,0
0x99c96d,99.0716%,7,747,754,747,7,0,0
0xa47ff5,41.6667%,7,5,12,2,7,0,3
0x5af294,98.9943%,7,689,696,689,7,0,0
0x9f9930,72%,7,18,25,0,0,7,18
0xa4112e,80%,7,28,35,4,4,3,24
0x4b6a42,88.5246%,7,54,61,52,0,7,2
0x49a373,50%,7,7,14,7,3,4,0
0x8168d7,88.1356%,7,52,59,29,7,0,23
0x9d37cf,86.2745%,7,44,51,44,7,0,0
0x81f6a3,84.7826%,7,39,46,39,3,4,0
0x8059e3,99.4872%,7,1358,1365,0,0,7,1358
0x48f610,82.5%,7,33,40,29,5,2,4
0x507c77,98.4018%,7,431,438,0,0,7,431
0xa09889,46.1538%,7,6,13,6,7,0,0
0x64bb47,99.4971%,7,1385,1392,0,0,7,1385
0xaaa5d4,58.8235%,7,10,17,4,6,1,6
0x9e84bd,82.9268%,7,34,41,34,7,0,0
0x8e8dc1,97.3783%,7,260,267,0,0,7,260
0x5f94c9,56.25%,7,9,16,9,4,3,0
0x8c7476,99.26%,7,939,946,1,2,5,938
0x50f986,83.7209%,7,36,43,0,0,7,36
0x808516,65%,7,13,20,12,1,6,1
0x96c226,73.0769%,7,19,26,0,0,7,19
0x9ff641,46.1538%,7,6,13,4,4,3,2
0x8c8082,99.6542%,7,2017,2024,0,1,6,2017
0x78f6b4,84.4444%,7,38,45,4,2,5,34
0xa47be6,83.3333%,7,35,42,35,7,0,0
0x4aca6d,53.3333%,7,8,15,8,7,0,0
0xa45127,98.2412%,7,391,398,391,7,0,0
0x610876,63.1579%,7,12,19,2,7,0,10
0x8a3475,98.5772%,7,485,492,485,3,4,0
0x8daa74,98.25%,7,393,400,0,0,7,393
0x4fdb8c,97.8056%,7,312,319,0,0,7,312
0x5c6cda,98.7993%,7,576,583,0,0,7,576
0x9c504b,12.5%,7,1,8,0,4,3,1
0xaa2ea1,98.871%,7,613,620,613,7,0,0
0x9b8ff3,63.1579%,7,12,19,12,7,0,0
0xa92f79,0%,7,0,7,0,7,0,0
0x7f37c7,53.3333%,7,8,15,8,7,0,0
0x5cbb58,94.6565%,7,124,131,124,7,0,0
0x7ce47b,94.0678%,7,111,118,111,7,0,0
0x5bb462,94.1176%,7,112,119,112,7,0,0
0x5f7ac6,0%,7,0,7,0,0,7,0
0x977f79,94.7368%,7,126,133,0,0,7,126
0x5fee6d,86.7925%,7,46,53,0,0,7,46
0xa44298,85.7143%,7,42,49,42,7,0,0
0x4959a9,63.1579%,7,12,19,12,7,0,0
0x49a0de,78.125%,7,25,32,0,0,7,25
0x820d67,78.7879%,7,26,33,0,0,7,26
0x977c55,95.1049%,7,136,143,0,0,7,136
0x808e72,96.4467%,7,190,197,1,0,7,189
0x819ccd,78.7879%,7,26,33,0,1,6,26
0x404241,98.5263%,7,468,475,0,0,7,468
0x64888e,87.5%,7,49,56,49,7,0,0
0x667377,82.5%,7,33,40,0,0,7,33
0x50ea56,61.1111%,7,11,18,0,6,1,11
0x4ad328,65%,7,13,20,13,7,0,0
0x9a977e,30%,7,3,10,0,0,7,3
0xaab0de,91.0256%,7,71,78,71,7,0,0
0x88e620,72%,7,18,25,0,0,7,18
0xb1813e,98.9378%,7,652,659,100,2,5,552
0x9ab3c8,97.4545%,7,268,275,0,0,7,268
0x9e293f,72%,7,18,25,5,5,2,13
0x9d3786,87.2727%,7,48,55,48,3,4,0
0x8101ed,99.1228%,7,791,798,0,0,7,791
0x502ba7,46.1538%,7,6,13,6,7,0,0
0x9ab5de,94.964%,7,132,139,0,0,7,132
0x8db8a5,89.3939%,7,59,66,0,0,7,59
0xa3abd2,50%,7,7,14,7,7,0,0
0x8e7264,97.8852%,7,324,331,324,7,0,0
0xaaa618,0%,7,0,7,0,7,0,0
0x9e8952,95.1724%,7,138,145,0,0,7,138
0x49c74a,99.4043%,7,1168,1175,0,0,7,1168
0x8a734c,98.2843%,7,401,408,401,7,0,0
0xa9194d,88.1356%,7,52,59,0,0,7,52
0x8e1543,99.8699%,7,5375,5382,0,0,7,5375
0x6492df,90.7895%,7,69,76,0,2,5,69
0x8dea85,94.6154%,7,123,130,0,2,5,123
0x9a9c88,97.2973%,7,252,259,252,7,0,0
0x606ce3,12.5%,7,1,8,1,7,0,0
0xa25693,99.2776%,7,962,969,0,0,7,962
0x40e6f9,91.5663%,7,76,83,0,0,7,76
0x81eb25,97.9104%,7,328,335,0,0,7,328
0x5d453a,61.1111%,7,11,18,7,7,0,4
0x40509e,99.8123%,7,3722,3729,0,0,7,3722
0x63c7cf,99.2716%,7,954,961,0,3,4,954
0x9f0b92,92.6316%,7,88,95,0,5,2,88
0xa02ae7,41.6667%,7,5,12,1,2,5,4
0xa30b33,99.5853%,7,1681,1688,0,0,7,1681
0x4c4c4c,86%,7,43,50,0,0,7,43
0xa582a5,69.5652%,7,16,23,0,0,7,16
0x7b823d,50%,7,7,14,7,7,0,0
0x9cfdf1,46.1538%,7,6,13,0,0,7,6
0xa2772c,30%,7,3,10,0,6,1,3
0x8a552a,82.5%,7,33,40,0,0,7,33
0x9e5087,95.858%,7,162,169,162,7,0,0
0xa3bc6b,61.1111%,7,11,18,11,7,0,0
0x5b2b5d,84.4444%,7,38,45,0,0,7,38
0x80d933,93.3962%,7,99,106,0,0,7,99
0x99d3a3,22.2222%,7,2,9,2,7,0,0
0x9d111f,97.2549%,7,248,255,1,3,4,247
0x7c1635,96.4467%,7,190,197,0,0,7,190
0x489e07,99.6783%,7,2169,2176,0,0,7,2169
0x9f0dfd,98.017%,7,346,353,59,6,1,287
0x9e379c,72%,7,18,25,18,7,0,0
0x9ee479,68.1818%,7,15,22,0,7,0,15
0x8ae99d,95.2055%,7,139,146,0,0,7,139
0x50be62,80%,7,28,35,0,0,7,28
0xa55e2d,92.1348%,7,82,89,0,0,7,82
0x9a230f,53.3333%,7,8,15,0,0,7,8
0x4b70e6,36.3636%,7,4,11,4,7,0,0
0x9f93fd,87.037%,7,47,54,0,2,5,47
0x77ccd2,56.25%,7,9,16,1,3,4,8
0x4c5c27,83.7209%,7,36,43,7,4,3,29
0x9a1ead,96.5517%,7,196,203,0,0,7,196
0x677baa,91.0256%,7,71,78,71,7,0,0
0xa46dea,97.2763%,7,250,257,0,0,7,250
0x8df61a,74.0741%,7,20,27,1,3,4,19
0x610d08,97.1311%,7,237,244,0,0,7,237
0x8e0c57,94.3548%,7,117,124,117,7,0,0
0x8ec9f6,99.6717%,7,2125,2132,0,0,7,2125
0x404925,97.2973%,7,252,259,0,0,7,252
0xa30bd9,96.6184%,7,200,207,0,0,7,200
0x905ef2,94.5312%,7,121,128,121,7,0,0
0xa43faa,89.0625%,7,57,64,57,7,0,0
0x7227d7,99.7454%,7,2742,2749,1440,6,1,1302
0x9a1c3a,85.1064%,7,40,47,22,4,3,18
0x5efb92,41.6667%,7,5,12,5,7,0,0
0x81b6e3,96.6019%,7,199,206,0,2,5,199
0x96b12d,92.2222%,7,83,90,83,7,0,0
0x4c3997,46.1538%,7,6,13,6,7,0,0
0x9ebef3,88.5246%,7,54,61,54,7,0,0
0x5d8b5e,30%,7,3,10,3,7,0,0
0x53dd04,12.5%,7,1,8,1,7,0,0
0x837a01,85.4167%,7,41,48,27,1,6,14
0x5e0342,95.1724%,7,138,145,136,5,2,2
0xa96d9c,66.6667%,7,14,21,14,7,0,0
0x4a1bd9,99.5457%,7,1534,1541,0,0,7,1534
0x8c789c,99.6364%,7,1918,1925,1918,7,0,0
0xaa5cd4,79.4118%,7,27,34,10,0,7,17
0x984342,12.5%,7,1,8,1,7,0,0
0x593232,75%,7,21,28,14,0,7,7
0x9ed63b,99.2632%,7,943,950,0,0,7,943
0x9a3267,90.6667%,7,68,75,4,3,4,64
0xa96cf6,66.6667%,7,14,21,14,7,0,0
0x67a22d,69.5652%,7,16,23,0,0,7,16
0x8f35fc,98.1481%,7,371,378,0,0,7,371
0x9a5fdf,50%,7,7,14,1,3,4,6
0xa557ce,91.5663%,7,76,83,76,5,2,0
0x9a24fe,82.5%,7,33,40,33,7,0,0
0x9f5ae8,91.25%,7,73,80,68,0,7,5
0x9f0dca,98.3254%,7,411,418,411,7,0,0
0x81e453,99.1337%,7,801,808,0,0,7,801
0xa9377a,75.8621%,7,22,29,0,0,7,22
0x973333,83.3333%,7,35,42,35,7,0,0
0x53a3ac,90.9091%,7,70,77,28,5,2,42
0x6664b2,76.6667%,7,23,30,0,0,7,23
0x8eda48,94.4444%,7,119,126,119,7,0,0
0x8a9f64,74.0741%,7,20,27,0,4,3,20
0x8e4521,78.125%,7,25,32,25,7,0,0
0x807021,98.2143%,7,385,392,0,0,7,385
0x555632,88.1356%,7,52,59,0,4,3,52
0x66d422,91.7647%,7,78,85,78,7,0,0
0x8045c9,70.8333%,7,17,24,1,6,1,16
0x63ec1c,99.0424%,7,724,731,0,0,7,724
0x81d323,96.3158%,7,183,190,183,7,0,0
0x6672d1,77.4194%,7,24,31,0,0,7,24
0x978676,30%,7,3,10,3,7,0,0
0x814f80,61.1111%,7,11,18,11,7,0,0
0x9fcf21,72%,7,18,25,1,6,1,17
0x80da3e,93.3962%,7,99,106,0,0,7,99
0x402feb,89.8551%,7,62,69,1,3,4,61
0x40e400,98.8818%,7,619,626,619,3,4,0
0xa34de3,99.0553%,7,734,741,734,7,0,0
0x5cfaa1,97.3282%,7,255,262,10,0,7,245
0x697981,87.5%,7,49,56,0,0,7,49
0xa594f4,96.5347%,7,195,202,0,0,7,195
0x809fa1,97.8593%,7,320,327,0,0,7,320
0x9a6a5d,50%,7,7,14,7,7,0,0
0x5561c9,97.1774%,7,241,248,241,7,0,0
0x8d3e44,53.3333%,7,8,15,0,0,7,8
0x9a6aa3,46.1538%,7,6,13,4,5,2,2
0x5bac04,98.5772%,7,485,492,5,7,0,480
0x4a9535,94.7368%,7,126,133,0,0,7,126
0x813f33,98.9855%,7,683,690,683,7,0,0
0x5baba4,99.0777%,7,752,759,0,0,7,752
0x814d4c,99.3525%,7,1074,1081,795,5,2,279
0x8ee26a,96.1749%,7,176,183,176,7,0,0
0x8ad652,92.4731%,7,86,93,86,5,2,0
0x4be81f,41.6667%,7,5,12,4,5,2,1
0x42acc6,97.5694%,7,281,288,281,5,2,0
0x5f5a69,50%,7,7,14,0,2,5,7
0x981438,91.25%,7,73,80,15,3,4,58
0x50eba2,82.5%,7,33,40,0,2,5,33
0x8a96a6,99.5238%,7,1463,1470,0,0,7,1463
0x4a784d,86.7925%,7,46,53,46,7,0,0
0xa4f7b0,61.1111%,7,11,18,1,1,6,10
0x50b2d7,84.0909%,7,37,44,35,5,2,2
0x50d7e1,87.931%,7,51,58,51,7,0,0
0x60986e,98.2412%,7,391,398,0,0,7,391
0x98055a,93.3333%,7,98,105,7,1,6,91
0x80c374,79.4118%,7,27,34,0,0,7,27
0x980bce,78.125%,7,25,32,2,6,1,23
0xad7b39,69.5652%,7,16,23,1,6,1,15
0x50d8d5,87.7193%,7,50,57,16,4,3,34
0x80bd9d,53.3333%,7,8,15,0,0,7,8
0x9117f4,77.4194%,7,24,31,24,7,0,0
0x80bc88,90.6667%,7,68,75,68,7,0,0
0x9f443f,90.9091%,7,70,77,2,6,1,68
0x53c337,68.1818%,7,15,22,7,4,3,8
0x9fcbad,72%,7,18,25,0,7,0,18
0x9005dc,97.9885%,7,341,348,0,0,7,341
0xa6632d,74.0741%,7,20,27,13,5,2,7
0x9443f6,90.7895%,7,69,76,53,5,2,16
0x50410b,88.7097%,7,55,62,55,7,0,0
0x538694,99.8034%,7,3553,3560,0,0,7,3553
0x60e6dc,91.1392%,7,72,79,0,0,7,72
0x815a85,82.9268%,7,34,41,3,7,0,31
0x647952,89.0625%,7,57,64,0,0,7,57
0x94b5b8,91.1392%,7,72,79,0,0,7,72
0x627b7c,97.2549%,7,248,255,248,7,0,0
0x9f694c,12.5%,7,1,8,1,7,0,0
0x5049a3,91.1392%,7,72,79,52,0,7,20
0x50a7a9,86.2745%,7,44,51,44,7,0,0
0x944d20,87.931%,7,51,58,0,0,7,51
0x4bef09,72%,7,18,25,0,0,7,18
0x80fda5,99.4118%,7,1183,1190,564,4,3,619
0x980d78,85.1064%,7,40,47,32,4,3,8
0xa72613,96%,7,168,175,168,7,0,0
0x50a07d,94.8529%,7,129,136,0,0,7,129
0x503b13,97.7419%,7,303,310,303,7,0,0
0x5454d2,85.7143%,7,42,49,42,7,0,0
0x4b6ee1,77.4194%,7,24,31,3,0,7,21
0x50eb30,82.5%,7,33,40,33,7,0,0
0x59c950,95.679%,7,155,162,155,7,0,0
0xa97547,95.302%,7,142,149,0,0,7,142
0x501bb3,99.0968%,7,768,775,0,0,7,768
0x94eda1,76.6667%,7,23,30,0,0,7,23
0x4b49fd,30%,7,3,10,0,2,5,3
0x64f2ed,68.1818%,7,15,22,11,7,0,4
0x4c276c,91.6667%,7,77,84,77,1,6,0
0x4bf72e,75%,7,21,28,1,3,4,20
0x7b0ab4,68.1818%,7,15,22,0,0,7,15
0x9c51fa,56.25%,7,9,16,6,2,5,3
0x8d26f3,90.9091%,7,70,77,0,2,5,70
0x8b9f49,99.8662%,7,5226,5233,0,0,7,5226
0x592d48,61.1111%,7,11,18,11,7,0,0
0x6474e1,66.6667%,7,14,21,14,7,0,0
0x643231,98.1627%,7,374,381,0,0,7,374
0x8a9716,92.3913%,7,85,92,0,0,7,85
0x812581,98.9164%,7,639,646,0,0,7,639
0x80896f,77.4194%,7,24,31,16,4,3,8
0xa509fb,98.0447%,7,351,358,351,7,0,0
0x4c4906,88.3333%,7,53,60,51,7,0,2
0x4c49c3,88.3333%,7,53,60,29,7,0,24
0x9eb1e7,87.5%,7,49,56,49,7,0,0
0xa50a8f,50%,7,7,14,0,0,7,7
0x809767,30%,7,3,10,1,4,3,2
0x97a480,50%,7,7,14,0,0,7,7
0x8aa971,99.7954%,7,3414,3421,3414,7,0,0
0x9447b0,94.0678%,7,111,118,0,0,7,111
0x8172bb,72%,7,18,25,0,0,7,18
0x593100,76.6667%,7,23,30,0,0,7,23
0x59c2ef,0%,7,0,7,0,0,7,0
0x48a2db,99.6649%,7,2082,2089,0,0,7,2082
0x48a2e4,99.6649%,7,2082,2089,2082,7,0,0
0xa37023,78.125%,7,25,32,25,7,0,0
0x949f94,96.861%,7,216,223,0,0,7,216
0x4c173c,96.4646%,7,191,198,175,3,4,16
0x6471fd,66.6667%,7,14,21,14,7,0,0
0xa5306f,12.5%,7,1,8,1,7,0,0
0x904227,65%,7,13,20,0,0,7,13
0x8f458a,92.0455%,7,81,88,24,7,0,57
0x4b8ae2,56.25%,7,9,16,0,0,7,9
0x505239,74.0741%,7,20,27,0,0,7,20
0x9bd14e,91.5663%,7,76,83,0,0,7,76
0x5a91b2,78.7879%,7,26,33,0,0,7,26
0x98cd90,80%,7,28,35,0,0,7,28
0x99e03f,75%,7,21,28,21,7,0,0
0x804e4a,92.7083%,7,89,96,89,5,2,0
0x50974b,30%,7,3,10,3,7,0,0
0x4bf11a,96.2766%,7,181,188,168,5,2,13
0xa4a72f,56.25%,7,9,16,1,7,0,8
0x9e048f,93.8596%,7,107,114,0,0,7,107
0x5ad319,98.7109%,7,536,543,536,7,0,0
0x504773,61.1111%,7,11,18,6,5,2,5
0x505b2c,36.3636%,7,4,11,0,0,7,4
0x4bb228,79.4118%,7,27,34,0,7,0,27
0x53a099,83.3333%,7,35,42,8,5,2,27
0x8ffc7e,89.7059%,7,61,68,61,7,0,0
0x405ac3,98.3607%,7,420,427,0,0,7,420
0xa9662b,12.5%,7,1,8,1,7,0,0
0x8ab01f,79.4118%,7,27,34,0,0,7,27
0x4ad86d,66.6667%,7,14,21,0,3,4,14
0xa46e86,61.1111%,7,11,18,11,7,0,0
0x8131f5,99.5863%,7,1685,1692,1685,7,0,0
0x50bd03,65%,7,13,20,13,5,2,0
0x50bd2c,61.1111%,7,11,18,0,0,7,11
0x58d90c,96.6507%,7,202,209,199,4,3,3
0x94357a,90.6667%,7,68,75,0,0,7,68
0x9f19d3,98.1723%,7,376,383,0,0,7,376
0x8a91f2,58.8235%,7,10,17,1,4,3,9
0x5590cc,94.0678%,7,111,118,1,3,4,110
0xa6c665,90.1408%,7,64,71,22,6,1,42
0xa530db,96.3542%,7,185,192,0,0,7,185
0xa43cf0,98.7365%,7,547,554,0,0,7,547
0x410492,68.1818%,7,15,22,15,7,0,0
0xa1ab15,36.3636%,7,4,11,2,0,7,2
0x8a619e,95.4545%,7,147,154,0,0,7,147
0x809117,99.1745%,7,841,848,838,5,2,3
0x82238c,97.4359%,7,266,273,0,0,7,266
0x505052,90%,7,63,70,0,0,7,63
0x9e08a7,98.4816%,7,454,461,0,0,7,454
0x8c8325,76.6667%,7,23,30,14,5,2,9
0x8ebfc0,89.7059%,7,61,68,61,5,2,0
0x58cb97,93.2039%,7,96,103,0,0,7,96
0x5591dd,99.0885%,7,761,768,0,4,3,761
0x50adb6,93.578%,7,102,109,0,0,7,102
0x9e2f45,97.3384%,7,256,263,0,0,7,256
0x534841,89.3939%,7,59,66,0,0,7,59
0x9bdffc,89.5522%,7,60,67,60,7,0,0
0x96a64f,90.2778%,7,65,72,0,0,7,65
0x50c9a1,98.4091%,7,433,440,0,0,7,433
0x9a1046,53.3333%,7,8,15,8,7,0,0
0x8a643d,93.3333%,7,98,105,0,0,7,98
0xaa5718,92.4731%,7,86,93,0,0,7,86
0x5b9a56,91.954%,7,80,87,13,1,6,67
0x4a7b00,98.0114%,7,345,352,14,7,0,331
0x49949e,96.5854%,7,198,205,0,0,7,198
0x643542,99.698%,7,2311,2318,0,0,7,2311
0x5f13ce,82.5%,7,33,40,0,0,7,33
0x9e3f39,66.6667%,7,14,21,14,7,0,0
0x48dfba,82.9268%,7,34,41,7,7,0,27
0x5f137a,82.5%,7,33,40,3,1,6,30
0xaa2d64,97.6974%,7,297,304,0,0,7,297
0x5bb283,96.5%,7,193,200,193,5,2,0
0x821867,92.1348%,7,82,89,82,7,0,0
0x4bec69,95%,7,133,140,133,7,0,0
0xa52ba0,96.6981%,7,205,212,0,0,7,205
0x7efe75,95.8333%,7,161,168,0,0,7,161
0x4be49d,53.3333%,7,8,15,6,2,5,2
0x8adca2,68.1818%,7,15,22,15,7,0,0
0x8ebee6,12.5%,7,1,8,0,6,1,1
0x60df2f,98.984%,7,682,689,682,7,0,0
0x4b7b36,36.3636%,7,4,11,4,7,0,0
0xa5c2be,96.1326%,7,174,181,0,0,7,174
0x9ec2b2,58.8235%,7,10,17,1,3,4,9
0x647a2a,41.6667%,7,5,12,5,7,0,0
0x8c93b5,98.7847%,7,569,576,569,7,0,0
0x533989,36.3636%,7,4,11,4,7,0,0
0x781868,98.6%,7,493,500,0,0,7,493
0x405ea1,83.3333%,7,35,42,30,0,7,5
0x9ea562,93.5185%,7,101,108,78,4,3,23
0x4c2113,95.5975%,7,152,159,152,7,0,0
0x946f47,63.1579%,7,12,19,0,0,7,12
0x5d265b,94.7368%,7,126,133,126,7,0,0
0x50fff6,99.2754%,7,959,966,0,0,7,959
0xa03b08,94.1176%,7,112,119,112,7,0,0
0x6514a1,91.4634%,7,75,82,75,7,0,0
0xa030bc,90.7895%,7,69,76,0,0,7,69
0xa03053,89.7059%,7,61,68,0,0,7,61
0xa02fca,89.7059%,7,61,68,61,7,0,0
0xa02fb7,89.7059%,7,61,68,0,0,7,61
0x8091d5,96.861%,7,216,223,22,2,5,194
0x4bc1cc,93.75%,7,105,112,54,2,5,51
0x4a74d7,90.2778%,7,65,72,0,0,7,65
0xa56ebf,98.1771%,7,377,384,0,2,5,377
0x66d409,97.6744%,7,294,301,294,7,0,0
0x49ec5a,95.6522%,7,154,161,0,0,7,154
0x5f6138,41.6667%,7,5,12,5,7,0,0
0x9bd12d,79.4118%,7,27,34,1,5,2,26
0x4ba9a6,77.4194%,7,24,31,0,0,7,24
0x9d1cba,90.1408%,7,64,71,0,0,7,64
0x9eb6ad,78.125%,7,25,32,0,1,6,25
0x4b833c,22.2222%,7,2,9,1,3,4,1
0x8aa9c9,88.8889%,7,56,63,0,0,7,56
0x4b7b94,36.3636%,7,4,11,4,7,0,0
0x8108c4,90.6667%,7,68,75,68,7,0,0
0x810854,91.4634%,7,75,82,0,7,0,75
0x9eb7ea,93.5185%,7,101,108,101,7,0,0
0x4aad56,76.6667%,7,23,30,0,0,7,23
0x9eb7ca,95.8333%,7,161,168,0,0,7,161
0x984191,22.2222%,7,2,9,2,7,0,0
0xa36d85,83.3333%,7,35,42,0,0,7,35
0xa507f1,97.2763%,7,250,257,0,0,7,250
0x502729,98.0057%,7,344,351,344,7,0,0
0xa578cc,73.0769%,7,19,26,13,2,5,6
0x50cb23,98.3796%,7,425,432,425,7,0,0
0x94c7c6,98.5386%,7,472,479,472,7,0,0
0xa57664,75%,7,21,28,14,0,7,7
0x506217,98.9181%,7,640,647,632,4,3,8
0x9e0b36,97.3384%,7,256,263,0,6,1,256
0x4bd703,82.0513%,7,32,39,0,0,7,32
0x4b6dde,75%,7,21,28,21,7,0,0
0x8a70d9,87.5%,7,49,56,49,7,0,0
0x50627a,98.9181%,7,640,647,0,0,7,640
0x506fc3,99.0541%,7,733,740,0,0,7,733
0xa55c65,91.5663%,7,76,83,76,1,6,0
0x5026e9,99.3924%,7,1145,1152,354,5,2,791
0x980832,36.3636%,7,4,11,0,0,7,4
0x64752b,66.6667%,7,14,21,0,0,7,14
0x969927,89.2308%,7,58,65,0,0,7,58
0x65168d,87.5%,7,49,56,0,0,7,49
0xa57739,75%,7,21,28,0,0,7,21
0x809156,98.6355%,7,506,513,0,0,7,506
0xb148c5,99.8356%,7,4251,4258,4251,7,0,0
0xa7a1f7,96%,7,168,175,0,0,7,168
0x5b0196,66.6667%,7,14,21,1,2,5,13
0x8bb683,69.5652%,7,16,23,5,5,2,11
0x80558e,90%,7,63,70,63,7,0,0
0x44656f,98.8055%,7,579,586,0,0,7,579
0x50d5b4,99.4239%,7,1208,1215,0,0,7,1208
0x491a02,91.1392%,7,72,79,72,5,2,0
0x944c09,87.931%,7,51,58,2,7,0,49
0x40a0f2,56.25%,7,9,16,7,6,1,2
0x821814,98.6667%,7,518,525,518,7,0,0
0x9e62ed,63.1579%,7,12,19,12,7,0,0
0x402539,98.6381%,7,507,514,0,0,7,507
0x9e629e,90.2778%,7,65,72,0,0,7,65
0x50aac7,30%,7,3,10,0,0,7,3
0x681595,95.1389%,7,137,144,137,7,0,0
0x8d2494,91.6667%,7,77,84,76,6,1,1
0x9f0a78,75%,7,21,28,21,7,0,0
0x539e0a,93.913%,7,108,115,108,7,0,0
0x8ffb3e,93.913%,7,108,115,0,0,7,108
0x8ed6c3,99.3566%,7,1081,1088,0,2,5,1081
0x5033a5,81.0811%,7,30,37,30,7,0,0
0x9c3926,90.411%,7,66,73,0,2,5,66
0x4c8034,89.8551%,7,62,69,0,0,7,62
0x8dee91,94.6565%,7,124,131,123,0,7,1
0x5047bb,0%,7,0,7,0,7,0,0
0x55805a,99.3295%,7,1037,1044,0,0,7,1037
0x5ec2b2,87.037%,7,47,54,0,0,7,47
0x499e54,56.25%,7,9,16,9,7,0,0
0xa56794,61.1111%,7,11,18,0,0,7,11
0x8f2b60,89.7059%,7,61,68,61,7,0,0
0xa261e5,98.6817%,7,524,531,524,7,0,0
0xa568d2,76.6667%,7,23,30,23,1,6,0
0xb316a2,88.1356%,7,52,59,0,0,7,52
0xa41ed5,77.4194%,7,24,31,0,0,7,24
0x4bb47d,86.5385%,7,45,52,0,0,7,45
0x404772,98.8599%,7,607,614,5,7,0,602
0x9e0c0a,58.8235%,7,10,17,7,6,1,3
0x5de2a1,99.4359%,7,1234,1241,428,3,4,806
0x81d3ae,96.1538%,7,175,182,175,7,0,0
0x81d108,96.1538%,7,175,182,175,7,0,0
0x818af6,96.4103%,7,188,195,0,1,6,188
0x50187c,98.75%,7,553,560,1,0,7,552
0x978549,98.4749%,7,452,459,0,0,7,452
0x4099ec,63.1579%,7,12,19,0,1,6,12
0x9a9f16,82.9268%,7,34,41,13,0,7,21
0x8f0c74,90%,7,63,70,5,3,4,58
0x501847,99.2965%,7,988,995,0,0,7,988
0x8f648f,56.25%,7,9,16,9,7,0,0
0x5fb26d,53.3333%,7,8,15,8,7,0,0
0x8f637e,41.6667%,7,5,12,0,0,7,5
0x5fae8a,78.7879%,7,26,33,0,0,7,26
0x820915,36.3636%,7,4,11,4,7,0,0
0x5b2797,85.1064%,7,40,47,38,7,0,2
0x5eb870,84.0909%,7,37,44,37,7,0,0
0x40bbf0,93.3333%,7,98,105,0,1,6,98
0x48d041,75%,7,21,28,20,7,0,1
0x4810e3,63.1579%,7,12,19,0,0,7,12
0x5b349f,84.4444%,7,38,45,38,7,0,0
0x8f0d0a,85.4167%,7,41,48,1,7,0,40
0x58dae5,95.3642%,7,144,151,144,7,0,0
0x402d73,95.9302%,7,165,172,58,5,2,107
0x94ac52,91.25%,7,73,80,0,0,7,73
0x7e20a7,46.1538%,7,6,13,6,7,0,0
0x8e9f69,99.5873%,7,1689,1696,0,0,7,1689
0x5fe827,87.5%,7,49,56,0,0,7,49
0x99bd88,96.1111%,7,173,180,173,7,0,0
0x94d902,87.931%,7,51,58,0,0,7,51
0x5c466e,90.9091%,7,70,77,0,0,7,70
0x8c8344,76.6667%,7,23,30,15,3,4,8
0x81c1cb,92.7083%,7,89,96,0,0,7,89
0x680501,99.847%,7,4568,4575,0,0,7,4568
0x606bc7,93.8053%,7,106,113,101,0,7,5
0x9c538a,56.25%,7,9,16,4,4,3,5
0x495fd1,86%,7,43,50,28,0,7,15
0x48c5cf,95.1389%,7,137,144,137,6,1,0
0x4ad85a,66.6667%,7,14,21,8,5,2,6
0x6406f3,96.5%,7,193,200,0,0,7,193
0x5ae23b,89.3939%,7,59,66,0,0,7,59
0x8041e8,68.1818%,7,15,22,11,7,0,4
0xa4cf29,12.5%,7,1,8,1,7,0,0
0x5fa51a,82.0513%,7,32,39,18,6,1,14
0x9a9410,88.3333%,7,53,60,0,0,7,53
0xa5c896,61.1111%,7,11,18,10,6,1,1
0x4bd7c7,0%,7,0,7,0,7,0,0
0x5feb8f,88.7097%,7,55,62,51,2,5,4
0x790fa5,84.4444%,7,38,45,0,0,7,38
0x491534,95.5696%,7,151,158,0,0,7,151
0x5ff7ba,96.3731%,7,186,193,0,0,7,186
0x959672,94.3548%,7,117,124,117,7,0,0
0x4a5c38,46.1538%,7,6,13,0,7,0,6
0x666964,98.8014%,7,577,584,577,7,0,0
0x5fff7d,99.1627%,7,829,836,829,7,0,0
0x58bbd9,91.4634%,7,75,82,0,0,7,75
0x5bcb2d,99.2739%,7,957,964,957,7,0,0
0x8f6ab2,95.8333%,7,161,168,0,0,7,161
0x5ba9e5,99.7019%,7,2341,2348,2341,7,0,0
0x80400e,97.2332%,7,246,253,243,7,0,3
0x49a280,93.9655%,7,109,116,109,7,0,0
0xa9eada,91.7647%,7,78,85,0,0,7,78
0x58df3f,94.964%,7,132,139,132,7,0,0
0x487f0f,50%,7,7,14,0,1,6,7
0x7d29bf,70.8333%,7,17,24,14,4,3,3
0x481afd,63.1579%,7,12,19,1,0,7,11
0x90024a,98.8618%,7,608,615,0,5,2,608
0x8bdd17,85.4167%,7,41,48,41,7,0,0
0x8a5d78,99.4811%,7,1342,1349,1342,7,0,0
0x94b663,91.1392%,7,72,79,72,7,0,0
0x9e2aba,90.5405%,7,67,74,67,7,0,0
0x8f1a9a,95.1389%,7,137,144,0,0,7,137
0x5b3012,30%,7,3,10,0,0,7,3
0x66f63a,73.0769%,7,19,26,0,0,7,19
0x4c6442,75%,7,21,28,21,7,0,0
0x490cad,65%,7,13,20,1,2,5,12
0x80f6dd,90.5405%,7,67,74,0,0,7,67
0x94dac8,98.8075%,7,580,587,580,7,0,0
0x673d6e,63.1579%,7,12,19,12,7,0,0
0x905051,94.8905%,7,130,137,0,0,7,130
0x8bcef0,95.2703%,7,141,148,0,0,7,141
0x4096cd,89.2308%,7,58,65,1,6,1,57
0x90f011,96.5%,7,193,200,193,7,0,0
0x7d2191,98.7387%,7,548,555,548,3,4,0
0x538fbc,36.3636%,7,4,11,0,0,7,4
0x539103,98.8235%,7,588,595,588,5,2,0
0x490c2c,73.0769%,7,19,26,0,0,7,19
0xa9838e,86.5385%,7,45,52,44,5,2,1
0x9ed988,94.4444%,7,119,126,119,7,0,0
0x7ce449,98.0114%,7,345,352,75,2,5,270
0x5fbdb0,94.1667%,7,113,120,113,5,2,0
0x88e3ed,82.0513%,7,32,39,32,7,0,0
0x4c2406,95.8333%,7,161,168,0,0,7,161
0x533bcb,36.3636%,7,4,11,1,1,6,3
0x6f5535,98.5477%,7,475,482,172,1,6,303
0x8d42e7,41.6667%,7,5,12,0,0,7,5
0x50aae0,30%,7,3,10,0,0,7,3
0x9f6a43,65%,7,13,20,12,0,7,1
0x7a11ef,75.8621%,7,22,29,0,0,7,22
0x8ef23c,85.4167%,7,41,48,40,0,7,1
0x53380d,0%,7,0,7,0,0,7,0
0x8c7bea,94.2623%,7,115,122,101,7,0,14
0xae7059,90%,7,63,70,62,7,0,1
0x58e023,90%,7,63,70,0,0,7,63
0x9a6a15,50%,7,7,14,5,4,3,2
0x5af773,86.7925%,7,46,53,0,0,7,46
0x8f1315,82.5%,7,33,40,32,0,7,1
0x94389c,84.4444%,7,38,45,6,4,3,32
0x8165ad,86.2745%,7,44,51,9,3,4,35
0x49daad,99.2144%,7,884,891,0,0,7,884
0xa99606,36.3636%,7,4,11,4,7,0,0
0x53ff19,98.3568%,7,419,426,1,3,4,418
0x5ffba7,84.7826%,7,39,46,0,0,7,39
0x499435,96.5%,7,193,200,193,7,0,0
0x65bde6,41.6667%,7,5,12,5,7,0,0
0x9e53ea,82.0513%,7,32,39,0,0,7,32
0x8a731c,99.6395%,7,1935,1942,0,0,7,1935
0xb31357,99.2776%,7,962,969,0,0,7,962
0x9f8515,50%,7,7,14,1,4,3,6
0x8e5fe0,97.3978%,7,262,269,262,7,0,0
0x495959,63.1579%,7,12,19,12,7,0,0
0xa52fda,96.3542%,7,185,192,0,0,7,185
0x8379dc,85.4167%,7,41,48,3,1,6,38
0x8e5faa,97.3978%,7,262,269,0,0,7,262
0xa50c4c,89.3939%,7,59,66,0,0,7,59
0x4a6cb5,92.9293%,7,92,99,0,0,7,92
0x780879,61.1111%,7,11,18,0,0,7,11
0x659e32,63.1579%,7,12,19,12,7,0,0
0x9017a0,75%,7,21,28,0,1,6,21
0x543a78,96.789%,7,211,218,0,0,7,211
0x53382f,61.1111%,7,11,18,0,0,7,11
0x8a74da,97.2868%,7,251,258,251,7,0,0
0x53f124,95.5696%,7,151,158,151,3,4,0
0x675014,78.125%,7,25,32,6,1,6,19
0x483ba7,63.1579%,7,12,19,0,0,7,12
0x51b3c3,99.742%,7,2706,2713,0,0,7,2706
0x591c50,95.3947%,7,145,152,145,7,0,0
0x54538d,95.4545%,7,147,154,147,3,4,0
0x4b5cbd,82.9268%,7,34,41,10,3,4,24
0x6f455f,75%,7,21,28,6,4,3,15
0x9ecd23,93.6364%,7,103,110,0,0,7,103
0x8fd6e6,76.6667%,7,23,30,0,0,7,23
0x5f80f2,95.3333%,7,143,150,0,0,7,143
0x908d76,99.8362%,7,4267,4274,0,0,7,4267
0x9a8ad0,97.8852%,7,324,331,324,7,0,0
0x488d5b,87.7193%,7,50,57,0,0,7,50
0x60ec58,81.5789%,7,31,38,0,0,7,31
0x9a6f52,22.2222%,7,2,9,0,0,7,2
0x5f844a,98.8014%,7,577,584,0,0,7,577
0x4ba263,99.2117%,7,881,888,0,0,7,881
0x40372b,99.115%,7,784,791,784,7,0,0
0x8eddd4,98.4479%,7,444,451,0,0,7,444
0x9fe882,82.5%,7,33,40,0,0,7,33
0x8bb6bf,46.1538%,7,6,13,0,0,7,6
0x8f2080,82.0513%,7,32,39,32,7,0,0
0x609589,97.2222%,7,245,252,245,7,0,0
0x9bd323,88.8889%,7,56,63,0,0,7,56
0x69de07,41.6667%,7,5,12,0,0,7,5
0x67f6f3,93.3962%,7,99,106,0,0,7,99
0x63ecee,99.0424%,7,724,731,724,7,0,0
0x9a356a,75%,7,21,28,2,6,1,19
0x482710,63.1579%,7,12,19,12,7,0,0
0x4bb7d3,30%,7,3,10,1,0,7,2
0x804c67,58.8235%,7,10,17,0,0,7,10
0x48d86f,99.6072%,7,1775,1782,0,0,7,1775
0x4c2fc3,46.1538%,7,6,13,4,2,5,2
0x666463,98.6641%,7,517,524,1,1,6,516
0x48ef34,97.8852%,7,324,331,0,0,7,324
0x4bb240,74.0741%,7,20,27,20,7,0,0
0x4c6fb5,86%,7,43,50,43,7,0,0
0xa440a1,89.0625%,7,57,64,56,6,1,1
0x502e0f,46.1538%,7,6,13,4,6,1,2
0x4b4f07,30%,7,3,10,2,6,1,1
0x4039b8,61.1111%,7,11,18,4,2,5,7
0x483c63,63.1579%,7,12,19,12,7,0,0
0x4901fa,89.5522%,7,60,67,9,4,3,51
0x9a0c5f,75%,7,21,28,21,0,7,0
0x4aaee6,36.3636%,7,4,11,0,0,7,4
0x490234,87.037%,7,47,54,47,1,6,0
0x951e33,36.3636%,7,4,11,3,2,5,1
0x49a44e,73.0769%,7,19,26,0,0,7,19
0xb0b583,99.8829%,7,5973,5980,0,0,7,5973
0x5cf3a2,99.6318%,7,1894,1901,0,0,7,1894
0x4a9700,36.3636%,7,4,11,4,7,0,0
0x54430e,87.7193%,7,50,57,50,7,0,0
0x9735e5,22.2222%,7,2,9,2,7,0,0
0x5417b4,12.5%,7,1,8,1,7,0,0
0x4aa9b3,22.2222%,7,2,9,2,7,0,0
0x49a570,50%,7,7,14,0,4,3,7
0x9eb73d,94.4%,7,118,125,0,0,7,118
0xb3243b,99.2776%,7,962,969,0,0,7,962
0x9d32e6,87.2727%,7,48,55,48,7,0,0
0x5f88fb,12.5%,7,1,8,1,7,0,0
0x7aeafd,66.6667%,7,14,21,0,0,7,14
0x4bb707,96.6507%,7,202,209,0,0,7,202
0xa3e2f9,12.5%,7,1,8,0,0,7,1
0x5f8ca6,84.4444%,7,38,45,0,0,7,38
0x40ec20,98.6538%,7,513,520,255,5,2,258
0x5f917c,84.7826%,7,39,46,34,3,4,5
0x495883,91.954%,7,80,87,1,5,2,79
0x4b4b52,90.1408%,7,64,71,0,0,7,64
0x48321f,75.8621%,7,22,29,22,7,0,0
0x40aa88,72%,7,18,25,16,3,4,2
0x7d1ea7,86.2745%,7,44,51,2,1,6,42
0x5357f0,66.6667%,7,14,21,3,2,5,11
0x5f8912,12.5%,7,1,8,1,7,0,0
0x58c657,41.6667%,7,5,12,5,7,0,0
0xa2de47,84.6154%,6,33,39,0,4,2,33
0x58d1d3,70%,6,14,20,14,6,0,0
0x8a5b3e,99.5552%,6,1343,1349,1343,6,0,0
0x9f654d,96.648%,6,173,179,57,4,2,116
0x4a0015,92.4051%,6,73,79,36,6,0,37
0xaaae8a,97.7444%,6,260,266,8,4,2,252
0x807060,98.4694%,6,386,392,0,0,6,386
0x556e6e,94.2857%,6,99,105,99,6,0,0
0xb46774,96.3855%,6,160,166,0,5,1,160
0x481ca2,33.3333%,6,3,9,3,6,0,0
0x8bd221,99.9771%,6,26190,26196,26190,6,0,0
0x8e4dcc,98.0198%,6,297,303,297,6,0,0
0x8bd857,70%,6,14,20,0,1,5,14
0xa36777,88.8889%,6,48,54,0,0,6,48
0x58c6e4,57.1429%,6,8,14,8,6,0,0
0x5b8d28,25%,6,2,8,0,0,6,2
0x942a9f,92%,6,69,75,69,6,0,0
0x50bb93,98.773%,6,483,489,0,0,6,483
0x533ad3,33.3333%,6,3,9,0,0,6,3
0x81bb0e,98.8484%,6,515,521,0,0,6,515
0x8ad913,89.4737%,6,51,57,0,2,4,51
0x78072a,88.8889%,6,48,54,0,0,6,48
0x9f7fc2,57.1429%,6,8,14,8,6,0,0
0x9f4f9b,97.3568%,6,221,227,0,0,6,221
0x490f21,85.3659%,6,35,41,2,1,5,33
0x944eb4,80%,6,24,30,20,2,4,4
0x8ec28d,99.5146%,6,1230,1236,1230,4,2,0
0x96925d,96.9849%,6,193,199,0,0,6,193
0x9a71ea,40%,6,4,10,0,5,1,4
0x7c7bb5,93.8144%,6,91,97,12,2,4,79
0x5103fb,99.7244%,6,2171,2177,2171,6,0,0
0x58e013,91.8919%,6,68,74,0,4,2,68
0x9692cb,93.0233%,6,80,86,80,6,0,0
0x5b22f1,0%,6,0,6,0,6,0,0
0x482807,68.4211%,6,13,19,11,6,0,2
0xb22bf3,99.6788%,6,1862,1868,1862,6,0,0
0xa51978,64.7059%,6,11,17,4,5,1,7
0x6616c3,98.75%,6,474,480,54,4,2,420
0x9fe6d6,85%,6,34,40,34,6,0,0
0x59258e,95%,6,114,120,112,5,1,2
0x9a45ab,98.8785%,6,529,535,0,0,6,529
0x4826cb,68.4211%,6,13,19,13,6,0,0
0x5afec6,71.4286%,6,15,21,0,0,6,15
0x9783f6,99.2308%,6,774,780,774,6,0,0
0x482296,84.2105%,6,32,38,27,2,4,5
0x48200f,68.4211%,6,13,19,13,2,4,0
0x97343c,85%,6,34,40,27,6,0,7
0x48bf37,94.4954%,6,103,109,0,0,6,103
0x88e01d,0%,6,0,6,0,6,0,0
0x64f224,64.7059%,6,11,17,11,6,0,0
0x88dff6,0%,6,0,6,0,2,4,0
0x9a7147,57.1429%,6,8,14,7,2,4,1
0x88dfda,50%,6,6,12,0,6,0,6
0x5addfa,77.7778%,6,21,27,0,0,6,21
0x9429b4,92%,6,69,75,69,6,0,0
0x8ec57c,94.3396%,6,100,106,100,6,0,0
0x977502,97.6562%,6,250,256,0,0,6,250
0x97843c,98.7421%,6,471,477,471,6,0,0
0x88df71,0%,6,0,6,0,0,6,0
0x58c597,50%,6,6,12,1,3,3,5
0x5addd2,77.7778%,6,21,27,21,6,0,0
0xa024f5,99.6597%,6,1757,1763,1757,6,0,0
0x9a7429,40%,6,4,10,1,4,2,3
0x49404b,60%,6,9,15,9,6,0,0
0x9ab3d6,97.8182%,6,269,275,0,0,6,269
0xaa120c,88.8889%,6,48,54,0,0,6,48
0x6000e4,77.7778%,6,21,27,21,6,0,0
0x9d6983,98.4127%,6,372,378,0,2,4,372
0x9a6a31,57.1429%,6,8,14,8,6,0,0
0x483188,79.3103%,6,23,29,0,0,6,23
0xa4e979,95.6522%,6,132,138,0,0,6,132
0x5afe97,71.4286%,6,15,21,0,0,6,15
0xa325e8,97.0874%,6,200,206,200,2,4,0
0x4959de,68.4211%,6,13,19,13,6,0,0
0x7ac00f,95.4887%,6,127,133,127,6,0,0
0xa91876,57.1429%,6,8,14,0,0,6,8
0x48b205,98.3516%,6,358,364,358,6,0,0
0x8bd425,99.9751%,6,24044,24050,24044,6,0,0
0x8d396b,91.7808%,6,67,73,1,1,5,66
0xa31c5c,80.6452%,6,25,31,4,2,4,21
0x639acd,97%,6,194,200,161,2,4,33
0x80c284,82.3529%,6,28,34,28,6,0,0
0xaa86f2,68.4211%,6,13,19,13,6,0,0
0x58bca2,90.625%,6,58,64,0,3,3,58
0x9f6510,96.648%,6,173,179,0,0,6,173
0xb17ac7,99.4345%,6,1055,1061,342,4,2,713
0x9777b8,99.3143%,6,869,875,0,6,0,869
0x8151c5,89.0909%,6,49,55,0,0,6,49
0x58bc8b,90.625%,6,58,64,0,0,6,58
0x9ef36f,90%,6,54,60,0,0,6,54
0x5b2133,66.6667%,6,12,18,12,6,0,0
0x9a69bb,92.9412%,6,79,85,79,6,0,0
0x9a80ce,98.1538%,6,319,325,0,0,6,319
0x5b0187,71.4286%,6,15,21,0,0,6,15
0x9a91fb,57.1429%,6,8,14,8,5,1,0
0xa4de6f,92.5926%,6,75,81,75,6,0,0
0x4b6503,94.7826%,6,109,115,109,6,0,0
0x4a9beb,40%,6,4,10,3,5,1,1
0x8eed56,95.7143%,6,134,140,0,0,6,134
0x973189,99.0164%,6,604,610,0,0,6,604
0xa42876,96.5714%,6,169,175,0,0,6,169
0xa46752,80%,6,24,30,9,3,3,15
0x5f96b5,62.5%,6,10,16,2,6,0,8
0x90dc1e,99.9882%,6,50751,50757,50751,6,0,0
0x5f91b7,33.3333%,6,3,9,2,3,3,1
0xa4cfbb,25%,6,2,8,2,6,0,0
0x533bd9,33.3333%,6,3,9,3,6,0,0
0x5f871e,25%,6,2,8,0,4,2,2
0x9fcd41,14.2857%,6,1,7,1,6,0,0
0x8c9321,98.9583%,6,570,576,0,0,6,570
0x5fa36f,0%,6,0,6,0,6,0,0
0x5fa514,60%,6,9,15,8,1,5,1
0x8065f9,77.7778%,6,21,27,0,0,6,21
0x5fec02,90.3226%,6,56,62,56,6,0,0
0x55589f,89.0909%,6,49,55,0,0,6,49
0x9042fa,57.1429%,6,8,14,0,0,6,8
0x7c7455,0%,6,0,6,0,6,0,0
0x8e2b54,99.4485%,6,1082,1088,0,0,6,1082
0xa4e96f,95.6522%,6,132,138,0,0,6,132
0x7c5d71,57.1429%,6,8,14,0,0,6,8
0x5de6c8,99.5165%,6,1235,1241,431,0,6,804
0x9fe745,85%,6,34,40,34,6,0,0
0x50cc5c,70%,6,14,20,14,6,0,0
0x4b834c,33.3333%,6,3,9,0,0,6,3
0x9f4ac7,97.3568%,6,221,227,221,6,0,0
0x61f3e6,70%,6,14,20,14,6,0,0
0x485f20,64.7059%,6,11,17,11,6,0,0
0x95c509,50%,6,6,12,6,6,0,0
0x5576f5,91.6667%,6,66,72,0,0,6,66
0xa5f7c3,93.5484%,6,87,93,87,2,4,0
0x403a65,72.7273%,6,16,22,6,6,0,10
0x66f51d,98.4169%,6,373,379,0,2,4,373
0xaab837,94.3925%,6,101,107,0,0,6,101
0x9fe651,86.3636%,6,38,44,34,6,0,4
0x901231,96.7568%,6,179,185,0,3,3,179
0xab368f,66.6667%,6,12,18,0,0,6,12
0xaad30f,14.2857%,6,1,7,1,6,0,0
0x504095,90.3226%,6,56,62,0,0,6,56
0x403973,83.7838%,6,31,37,0,0,6,31
0x5cae70,99.5165%,6,1235,1241,1235,6,0,0
0x543980,53.8462%,6,7,13,0,0,6,7
0x9fde0e,76%,6,19,25,0,0,6,19
0x9ab648,87.234%,6,41,47,41,2,4,0
0xa4a14c,86.9565%,6,40,46,0,0,6,40
0x9e37cb,76%,6,19,25,19,6,0,0
0x502d5a,96.8421%,6,184,190,0,0,6,184
0x9f948b,94.1748%,6,97,103,0,0,6,97
0x81cb13,96.7033%,6,176,182,60,0,6,116
0xa9a151,60%,6,9,15,9,6,0,0
0x50ce84,80.6452%,6,25,31,0,0,6,25
0x94eb96,93.3333%,6,84,90,0,0,6,84
0x904a59,98.0066%,6,295,301,295,6,0,0
0x8139df,53.8462%,6,7,13,7,6,0,0
0x64c6a9,85.7143%,6,36,42,36,2,4,0
0x5febcf,90.3226%,6,56,62,56,6,0,0
0xa50f8c,84.2105%,6,32,38,32,6,0,0
0x5f9123,40%,6,4,10,1,0,6,3
0x670a4d,68.4211%,6,13,19,0,0,6,13
0x66fcbd,68.4211%,6,13,19,0,0,6,13
0x673d4b,84.2105%,6,32,38,18,1,5,14
0x5fc206,85%,6,34,40,0,4,2,34
0x66fcd0,68.4211%,6,13,19,0,0,6,13
0x5cd3ac,95.3125%,6,122,128,0,0,6,122
0x4b801b,45.4545%,6,5,11,5,4,2,0
0xa4687b,93.0233%,6,80,86,9,6,0,71
0xa58857,95.8904%,6,140,146,0,0,6,140
0x8a5b47,97.2477%,6,212,218,212,4,2,0
0xa22e0d,68.4211%,6,13,19,13,6,0,0
0xa5182e,85%,6,34,40,34,6,0,0
0xa51cd0,84.2105%,6,32,38,22,4,2,10
0xa51be4,92.5%,6,74,80,39,1,5,35
0x4a6dda,78.5714%,6,22,28,0,0,6,22
0x403a12,76%,6,19,25,13,2,4,6
0x5fb841,89.0909%,6,49,55,0,0,6,49
0x4a7be9,88.2353%,6,45,51,0,0,6,45
0x4b90c2,62.5%,6,10,16,2,5,1,8
0x9f4bec,96.5714%,6,169,175,0,0,6,169
0x4c8aa0,95.4887%,6,127,133,0,0,6,127
0x5fae78,81.8182%,6,27,33,0,0,6,27
0x9e53b8,80%,6,24,30,0,0,6,24
0x9731bd,92.3077%,6,72,78,30,6,0,42
0x80bdbb,40%,6,4,10,3,2,4,1
0xa5007b,92.5926%,6,75,81,0,0,6,75
0x49c19b,93.6842%,6,89,95,0,0,6,89
0x943953,92%,6,69,75,69,6,0,0
0x4b6eac,62.5%,6,10,16,10,6,0,0
0x9773b4,50%,6,6,12,6,6,0,0
0x5ff364,94.1176%,6,96,102,0,0,6,96
0xa554a5,95.3846%,6,124,130,0,0,6,124
0x7911ef,72.7273%,6,16,22,16,6,0,0
0xa554fd,93.2584%,6,83,89,83,6,0,0
0xa5050a,97.6654%,6,251,257,0,0,6,251
0x5ff3ae,75%,6,18,24,2,6,0,16
0x94d85c,98.8764%,6,528,534,0,0,6,528
0x94cbc8,90.625%,6,58,64,0,0,6,58
0xa50937,98.324%,6,352,358,0,0,6,352
0xa5570c,92.7711%,6,77,83,77,6,0,0
0x7c744c,25%,6,2,8,1,1,5,1
0x6071d4,70%,6,14,20,14,6,0,0
0x9ef216,96.5517%,6,168,174,168,6,0,0
0x78ad7d,71.4286%,6,15,21,15,6,0,0
0x9f5953,76%,6,19,25,0,0,6,19
0x805999,99.5687%,6,1385,1391,0,0,6,1385
0x8d253d,40%,6,4,10,4,6,0,0
0x49c6ea,40%,6,4,10,0,4,2,4
0x814cfd,99.2925%,6,842,848,842,4,2,0
0xa4e830,95.6522%,6,132,138,132,6,0,0
0x4c63eb,75%,6,18,24,15,1,5,3
0x4a575d,89.0909%,6,49,55,0,0,6,49
0x502195,91.0448%,6,61,67,0,0,6,61
0x8ecb87,91.1765%,6,62,68,62,6,0,0
0x9a6817,95.9184%,6,141,147,141,6,0,0
0x506286,99.0726%,6,641,647,641,6,0,0
0x50657c,99.1892%,6,734,740,734,6,0,0
0x80fb9e,91.4286%,6,64,70,64,6,0,0
0x508beb,99.1892%,6,734,740,0,0,6,734
0xaaaa4f,92.6829%,6,76,82,0,1,5,76
0x507ec5,99.1892%,6,734,740,0,0,6,734
0x48740e,95.6522%,6,132,138,0,0,6,132
0x4a13c9,89.2857%,6,50,56,0,0,6,50
0x49ffea,85.7143%,6,36,42,36,6,0,0
0x5fab17,64.7059%,6,11,17,3,3,3,8
0x50d67c,98.9565%,6,569,575,569,6,0,0
0x4a1216,99.2565%,6,801,807,801,6,0,0
0x783df1,45.4545%,6,5,11,0,0,6,5
0x5529f6,99.5745%,6,1404,1410,0,0,6,1404
0x781211,99.361%,6,933,939,933,6,0,0
0x535870,80.6452%,6,25,31,2,5,1,23
0x5f09d2,97.973%,6,290,296,290,6,0,0
0x95195f,96.0526%,6,146,152,7,5,1,139
0xaadb7e,88.8889%,6,48,54,0,0,6,48
0x972672,97.8022%,6,267,273,0,0,6,267
0xa5561c,98.5258%,6,401,407,0,0,6,401
0x491a9d,96.3636%,6,159,165,1,6,0,158
0x95190d,93.4066%,6,85,91,85,6,0,0
0x486fff,93.6842%,6,89,95,89,4,2,0
0x9e54f6,96.4497%,6,163,169,163,6,0,0
0xa91cbb,97.9866%,6,292,298,0,0,6,292
0xa72214,77.7778%,6,21,27,0,0,6,21
0x9e6e7b,25%,6,2,8,0,0,6,2
0x65a0b6,99.6285%,6,1609,1615,107,4,2,1502
0x5f6cad,60%,6,9,15,9,6,0,0
0x805acf,92.8571%,6,78,84,0,0,6,78
0x48dfc8,77.7778%,6,21,27,12,2,4,9
0x48ed69,88%,6,44,50,22,3,3,22
0x4a57e0,94.5455%,6,104,110,104,6,0,0
0xa5f8bd,25%,6,2,8,0,0,6,2
0xa5f8cc,25%,6,2,8,0,0,6,2
0x8ecbeb,88.4615%,6,46,52,0,0,6,46
0xa5f8e5,25%,6,2,8,2,6,0,0
0x508de3,82.3529%,6,28,34,19,6,0,9
0xa60c70,97.4684%,6,231,237,231,6,0,0
0xa53730,25%,6,2,8,0,0,6,2
0x50ba68,85%,6,34,40,34,6,0,0
0x8a61e4,96.1039%,6,148,154,148,6,0,0
0x94b179,97.1014%,6,201,207,0,0,6,201
0x9e6f45,89.0909%,6,49,55,47,5,1,2
0x48c102,93.0233%,6,80,86,80,6,0,0
0x504c88,91.4286%,6,64,70,9,2,4,55
0x9e7766,14.2857%,6,1,7,1,6,0,0
0x508ea7,94.5455%,6,104,110,34,0,6,70
0x9a1e24,95.2381%,6,120,126,120,6,0,0
0x4bb4e5,94.2308%,6,98,104,52,0,6,46
0x9f41b2,81.8182%,6,27,33,27,6,0,0
0x80c051,88.6792%,6,47,53,47,6,0,0
0x9e414d,99.0148%,6,603,609,603,6,0,0
0xa3992c,57.1429%,6,8,14,0,0,6,8
0x507486,25%,6,2,8,0,0,6,2
0xa46dde,90%,6,54,60,45,0,6,9
0x507a74,88%,6,44,50,44,6,0,0
0x4039bf,50%,6,6,12,4,6,0,2
0x9e85b4,96.4072%,6,161,167,0,0,6,161
0x81ea1d,92.1053%,6,70,76,0,0,6,70
0x94b074,97.1014%,6,201,207,201,6,0,0
0x505252,77.7778%,6,21,27,9,6,0,12
0x81e6ab,99.2583%,6,803,809,762,0,6,41
0x502828,93.8144%,6,91,97,91,6,0,0
0x50cdb5,98.1308%,6,315,321,315,6,0,0
0x9799c5,83.3333%,6,30,36,30,6,0,0
0x9799d9,83.3333%,6,30,36,23,5,1,7
0x50ce60,88.4615%,6,46,52,26,0,6,20
0x9d0605,90.3226%,6,56,62,0,0,6,56
0x811d3b,98.4127%,6,372,378,372,6,0,0
0x9f0881,40%,6,4,10,2,6,0,2
0xa30559,96.4706%,6,164,170,164,6,0,0
0x50aed9,94.4954%,6,103,109,102,3,3,1
0x5e6146,99.6024%,6,1503,1509,1495,4,2,8
0xa1b560,76%,6,19,25,3,5,1,16
0x8f09bf,94.8718%,6,111,117,0,4,2,111
0x4aca2b,14.2857%,6,1,7,0,5,1,1
0x7c73f1,62.5%,6,10,16,0,0,6,10
0xb31698,89.8305%,6,53,59,0,0,6,53
0x503dd7,88.4615%,6,46,52,46,6,0,0
0xa3960d,99.005%,6,597,603,0,0,6,597
0xa5c2a3,91.8919%,6,68,74,0,2,4,68
0xaae215,99.8409%,6,3766,3772,0,0,6,3766
0x91563a,97%,6,194,200,0,0,6,194
0x53868a,99.5757%,6,1408,1414,0,0,6,1408
0x9e7528,98.5%,6,394,400,394,6,0,0
0x9e7fbe,95.3846%,6,124,130,3,4,2,121
0x6043f4,50%,6,6,12,0,0,6,6
0xa34ff3,81.25%,6,26,32,26,6,0,0
0x67b89b,96.2025%,6,152,158,152,6,0,0
0x9f8fad,95.7746%,6,136,142,0,4,2,136
0x495bd0,68.4211%,6,13,19,13,6,0,0
0x66fc88,68.4211%,6,13,19,0,0,6,13
0x908654,99.6276%,6,1605,1611,0,0,6,1605
0x639c7b,99%,6,594,600,0,0,6,594
0x6f556e,96.5318%,6,167,173,0,0,6,167
0x917b56,97%,6,194,200,0,0,6,194
0x7cf357,99.0323%,6,614,620,0,0,6,614
0x9ed84c,90.625%,6,58,64,0,0,6,58
0x90ffc9,99.1176%,6,674,680,674,6,0,0
0xa35ffa,98.0392%,6,300,306,0,5,1,300
0xa31ef0,83.3333%,6,30,36,0,0,6,30
0x9b9068,33.3333%,6,3,9,3,6,0,0
0x90b1c0,91.4286%,6,64,70,0,0,6,64
0x64abe4,25%,6,2,8,2,4,2,0
0xa37231,25%,6,2,8,1,3,3,1
0x6964c1,89.2857%,6,50,56,0,0,6,50
0x9fb7ae,98.0392%,6,300,306,300,3,3,0
0x58be6e,95.9732%,6,143,149,59,5,1,84
0x639b12,90.7692%,6,59,65,59,2,4,0
0x918d94,97%,6,194,200,0,0,6,194
0x5baf27,97.9452%,6,286,292,0,0,6,286
0x9eed58,0%,6,0,6,0,6,0,0
0xa5405c,72.7273%,6,16,22,16,6,0,0
0x4b897d,45.4545%,6,5,11,5,6,0,0
0x9e21ea,94.2308%,6,98,104,0,0,6,98
0x5e0155,95.8621%,6,139,145,139,6,0,0
0x90a74a,91.8919%,6,68,74,0,0,6,68
0x558e27,93.1818%,6,82,88,0,0,6,82
0x90a984,91.8919%,6,68,74,0,0,6,68
0x9f1750,93.3333%,6,84,90,84,6,0,0
0x9e2fd6,97.7186%,6,257,263,0,0,6,257
0x816e03,99.5142%,6,1229,1235,0,0,6,1229
0x9cfc26,94.5946%,6,105,111,35,1,5,70
0x8de1b6,99.7509%,6,2403,2409,0,0,6,2403
0x5bc538,94.958%,6,113,119,113,6,0,0
0x40ed84,76.9231%,6,20,26,14,4,2,6
0x7826e1,0%,6,0,6,0,0,6,0
0x9c5210,25%,6,2,8,2,6,0,0
0x4a0414,62.5%,6,10,16,10,6,0,0
0x63abc5,98.8395%,6,511,517,511,6,0,0
0x60dd33,99.1404%,6,692,698,0,0,6,692
0x9428ad,97.3799%,6,223,229,223,6,0,0
0x44164e,45.4545%,6,5,11,0,0,6,5
0x8ee78e,96.4706%,6,164,170,164,6,0,0
0x8ff0bf,96.5909%,6,170,176,0,0,6,170
0x49a4b1,57.1429%,6,8,14,5,5,1,3
0x48cf78,70%,6,14,20,14,6,0,0
0x901a30,97.619%,6,246,252,246,6,0,0
0x59c378,73.913%,6,17,23,0,0,6,17
0x90ced4,99.6437%,6,1678,1684,842,0,6,836
0x80f7e9,91.8919%,6,68,74,0,0,6,68
0x9e0937,57.1429%,6,8,14,2,4,2,6
0x9c3c66,83.3333%,6,30,36,0,2,4,30
0x63ae69,97.5104%,6,235,241,235,6,0,0
0x542ff7,98.3516%,6,358,364,357,3,3,1
0x909108,99.6769%,6,1851,1857,0,0,6,1851
0x8dee48,57.1429%,6,8,14,8,6,0,0
0x90910e,99.6769%,6,1851,1857,1851,6,0,0
0x9089cb,99.3757%,6,955,961,955,6,0,0
0x5cf8af,99.6732%,6,1830,1836,0,0,6,1830
0x9c3b31,33.3333%,6,3,9,1,0,6,2
0x545d9b,96.6292%,6,172,178,163,6,0,9
0x488965,99.4253%,6,1038,1044,1038,6,0,0
0x9f8035,57.1429%,6,8,14,8,3,3,0
0x81c13c,93.75%,6,90,96,0,0,6,90
0x5d9fc1,95.4887%,6,127,133,127,6,0,0
0x58b7ba,99.2547%,6,799,805,799,6,0,0
0x53c3b3,86.3636%,6,38,44,18,4,2,20
0x78ad41,73.913%,6,17,23,17,6,0,0
0x806769,40%,6,4,10,1,4,2,3
0x8f0c9a,70%,6,14,20,10,4,2,4
0x49baa3,25%,6,2,8,0,6,0,2
0x808d71,99.9275%,6,8272,8278,8272,6,0,0
0x542be1,98.3516%,6,358,364,358,4,2,0
0x5fa7cd,91.3043%,6,63,69,0,0,6,63
0x9e2937,80%,6,24,30,0,5,1,24
0x99e0ea,60%,6,9,15,9,6,0,0
0xaada0f,97.6471%,6,249,255,0,0,6,249
0x4acbf2,60%,6,9,15,9,6,0,0
0x4b499a,95.6522%,6,132,138,132,6,0,0
0xa33c48,91.6667%,6,66,72,0,0,6,66
0x65a115,99.5899%,6,1457,1463,0,0,6,1457
0xa66203,77.7778%,6,21,27,0,0,6,21
0x9cfbd1,95.122%,6,117,123,117,6,0,0
0x48e5bc,87.5%,6,42,48,0,0,6,42
0x667184,0%,6,0,6,0,6,0,0
0x54135f,25%,6,2,8,2,6,0,0
0x90a9f5,89.4737%,6,51,57,0,0,6,51
0x820d6d,81.8182%,6,27,33,27,6,0,0
0x984113,89.0909%,6,49,55,0,0,6,49
0x8ede77,85.7143%,6,36,42,0,0,6,36
0x7826d3,0%,6,0,6,0,0,6,0
0x5bbcb9,99.7416%,6,2316,2322,2316,6,0,0
0x677b3c,98.6207%,6,429,435,429,6,0,0
0x555ae2,89.0909%,6,49,55,49,2,4,0
0x8efea0,45.4545%,6,5,11,0,2,4,5
0x5f6159,50%,6,6,12,6,4,2,0
0x50250a,97.3094%,6,217,223,217,6,0,0
0x606fa6,40%,6,4,10,4,6,0,0
0x9ebbea,14.2857%,6,1,7,1,6,0,0
0x977058,0%,6,0,6,0,6,0,0
0x554797,90.4762%,6,57,63,57,6,0,0
0x7dfc8b,25%,6,2,8,0,0,6,2
0x9d03df,88.8889%,6,48,54,36,0,6,12
0x8fcde5,86.3636%,6,38,44,38,6,0,0
0x54089f,50%,6,6,12,0,6,0,6
0x90a0f8,86.3636%,6,38,44,38,6,0,0
0x94ed27,90%,6,54,60,27,3,3,27
0xa9c94b,86.9565%,6,40,46,0,0,6,40
0xa5515e,25%,6,2,8,1,5,1,1
0x9a8f75,57.1429%,6,8,14,8,6,0,0
0x5c33a7,92.5%,6,74,80,70,2,4,4
0x6a3ad8,84.2105%,6,32,38,23,3,3,9
0x48f773,62.5%,6,10,16,7,3,3,3
0x5b22e0,0%,6,0,6,0,0,6,0
0xa1ad59,88.6792%,6,47,53,0,0,6,47
0x9ef3f9,90%,6,54,60,54,6,0,0
0x67cf01,57.1429%,6,8,14,8,6,0,0
0x6841e7,25%,6,2,8,2,6,0,0
0x81f7e4,87.234%,6,41,47,0,0,6,41
0x9012c2,96.6667%,6,174,180,174,6,0,0
0x5c568c,97.3094%,6,217,223,0,0,6,217
0x9a8f3c,57.1429%,6,8,14,8,6,0,0
0x4b9a92,53.8462%,6,7,13,6,3,3,1
0x813127,99.2908%,6,840,846,840,6,0,0
0x9f72b4,57.1429%,6,8,14,8,6,0,0
0x5fa4f5,92%,6,69,75,17,4,2,52
0x558d7b,98%,6,294,300,0,0,6,294
0x67e4e0,72.7273%,6,16,22,0,0,6,16
0x8e3991,87.5%,6,42,48,4,4,2,38
0xb14983,99.8591%,6,4252,4258,0,0,6,4252
0xa311f2,97.2222%,6,210,216,210,6,0,0
0x8f19a0,87.5%,6,42,48,0,0,6,42
0x48a6a9,66.6667%,6,12,18,0,0,6,12
0xa93311,93.1818%,6,82,88,82,6,0,0
0x9d0ef1,97.7695%,6,263,269,0,0,6,263
0x9e298e,99.1655%,6,713,719,0,0,6,713
0x6704a6,33.3333%,6,3,9,2,5,1,1
0x9f4ef3,95.0413%,6,115,121,4,5,1,111
0x90ca11,94.2857%,6,99,105,99,6,0,0
0x5f8ea8,45.4545%,6,5,11,5,6,0,0
0xa499c3,40%,6,4,10,0,0,6,4
0x8e483b,99.6648%,6,1784,1790,0,0,6,1784
0x900c31,98.2036%,6,328,334,0,0,6,328
0x8e54c1,62.5%,6,10,16,10,6,0,0
0x789478,33.3333%,6,3,9,1,0,6,2
0xa3e443,62.5%,6,10,16,4,4,2,6
0x6706f4,64.7059%,6,11,17,11,4,2,0
0x8e1dae,0%,6,0,6,0,6,0,0
0x9a69ff,57.1429%,6,8,14,8,6,0,0
0x8dee72,53.8462%,6,7,13,0,2,4,7
0x48bfa9,40%,6,4,10,0,0,6,4
0x58b8d0,94.5455%,6,104,110,0,0,6,104
0x7bac3b,68.4211%,6,13,19,0,5,1,13
0x405b7d,98.2196%,6,331,337,330,5,1,1
0x8060af,99.5529%,6,1336,1342,1336,4,2,0
0x48f7f9,66.6667%,6,12,18,12,6,0,0
0x5c78cb,92.5%,6,74,80,74,6,0,0
0xb28b2b,99.7871%,6,2812,2818,0,0,6,2812
0x535793,90.1639%,6,55,61,0,0,6,55
0xa92632,96.8254%,6,183,189,0,0,6,183
0x64c808,14.2857%,6,1,7,1,6,0,0
0xa9070c,96.0784%,6,147,153,147,6,0,0
0x6127fa,92.6829%,6,76,82,11,1,5,65
0x97381c,84.2105%,6,32,38,32,6,0,0
0x402ec7,94.7826%,6,109,115,0,0,6,109
0x68376d,87.234%,6,41,47,41,6,0,0
0x9e8921,95.8904%,6,140,146,0,0,6,140
0x67a02e,0%,6,0,6,0,0,6,0
0x9a0f48,71.4286%,6,15,21,0,0,6,15
0x4c9f49,96.875%,6,186,192,180,4,2,6
0x53b371,97.6096%,6,245,251,245,4,2,0
0x4c5682,72.7273%,6,16,22,14,0,6,2
0x8a9eca,96.6851%,6,175,181,0,0,6,175
0x8f40c2,98.1538%,6,319,325,319,6,0,0
0x9442b4,98.6726%,6,446,452,446,6,0,0
0x4a634b,40%,6,4,10,4,6,0,0
0x8f4d2d,99.7565%,6,2458,2464,2457,1,5,1
0x48c5a4,40%,6,4,10,0,0,6,4
0xaa1148,83.3333%,6,30,36,0,0,6,30
0x4897c8,50%,6,6,12,6,6,0,0
0x49a48b,62.5%,6,10,16,0,0,6,10
0x7d29a4,93.617%,6,88,94,69,1,5,19
0x976d9b,82.3529%,6,28,34,0,0,6,28
0x538d1b,45.4545%,6,5,11,5,6,0,0
0x96995b,84.6154%,6,33,39,33,6,0,0
0x48de13,96.0265%,6,145,151,145,6,0,0
0x814378,99.8553%,6,4141,4147,0,0,6,4141
0x8e0c85,94.6429%,6,106,112,0,0,6,106
0x51b571,68.4211%,6,13,19,0,0,6,13
0x8dfe89,97.6923%,6,254,260,0,2,4,254
0xaa630d,98.8166%,6,501,507,501,6,0,0
0x8e1cbb,40%,6,4,10,0,6,0,4
0x835d96,88.6792%,6,47,53,0,0,6,47
0x54eddc,86.0465%,6,37,43,0,0,6,37
0x8efb73,98.4887%,6,391,397,278,1,5,113
0x8f6922,94.958%,6,113,119,113,6,0,0
0x9fdb1b,76%,6,19,25,19,6,0,0
0x50ce54,88.4615%,6,46,52,46,6,0,0
0x8ef476,95.8333%,6,138,144,0,0,6,138
0x40a36d,25%,6,2,8,0,6,0,2
0x9a6b0d,53.8462%,6,7,13,3,1,5,4
0x6043dc,50%,6,6,12,0,0,6,6
0x4a5e08,90.7692%,6,59,65,0,0,6,59
0x40ac55,78.5714%,6,22,28,22,6,0,0
0x8ef0d6,98.6696%,6,445,451,0,0,6,445
0x9713b1,57.1429%,6,8,14,3,4,2,5
0x59e5ca,94.6429%,6,106,112,0,0,6,106
0x40a22f,95.9732%,6,143,149,0,0,6,143
0x480989,68.4211%,6,13,19,0,0,6,13
0x409bc2,85.3659%,6,35,41,35,6,0,0
0x5344b9,99.9331%,6,8961,8967,8961,6,0,0
0x94bc5c,62.5%,6,10,16,0,0,6,10
0x49921d,80.6452%,6,25,31,13,1,5,12
0x94eee4,80%,6,24,30,24,6,0,0
0x51014f,98.5915%,6,420,426,420,6,0,0
0x48bd7b,95.8042%,6,137,143,137,5,1,0
0x8f0a72,94.8718%,6,111,117,111,6,0,0
0x5f5231,73.913%,6,17,23,5,6,0,12
0x49a39e,40%,6,4,10,0,0,6,4
0x90a65e,86.3636%,6,38,44,0,0,6,38
0xa96481,75%,6,18,24,18,6,0,0
0x8f1bd5,95.5224%,6,128,134,128,6,0,0
0x81fdf4,87.5%,6,42,48,42,6,0,0
0x48fdbe,40%,6,4,10,4,6,0,0
0x63fbcb,99.3757%,6,955,961,0,0,6,955
0x8df63d,33.3333%,6,3,9,2,3,3,1
0xa02204,77.7778%,6,21,27,21,6,0,0
0x8eadd2,99.5102%,6,1219,1225,0,0,6,1219
0x50779d,66.6667%,6,12,18,12,6,0,0
0x8eb11b,0%,6,0,6,0,6,0,0
0x481b04,66.6667%,6,12,18,12,6,0,0
0xa25d68,92.3077%,6,72,78,72,6,0,0
0x488a72,99.6186%,6,1567,1573,0,0,6,1567
0x4889b3,99.4146%,6,1019,1025,1019,6,0,0
0x8ef273,87.5%,6,42,48,0,0,6,42
0x556da3,94.2857%,6,99,105,0,0,6,99
0x409c43,92.3077%,6,72,78,72,6,0,0
0x8e6e58,98.1873%,6,325,331,325,6,0,0
0x4a7c33,88.2353%,6,45,51,45,6,0,0
0x8f59f8,99.7703%,6,2606,2612,0,0,6,2606
0xa97aee,25%,6,2,8,2,4,2,0
0x9ea7db,81.25%,6,26,32,0,0,6,26
0x81bd2b,98.1073%,6,311,317,311,6,0,0
0x8fdd5a,25%,6,2,8,2,6,0,0
0x9813a9,92%,6,69,75,0,0,6,69
0xaa25b4,72.7273%,6,16,22,0,0,6,16
0x543024,98.3146%,6,350,356,0,0,6,350
0xa42bb6,89.6552%,6,52,58,0,0,6,52
0x8e7938,97.5%,6,234,240,13,3,3,221
0x9cfe96,53.8462%,6,7,13,7,6,0,0
0x48bf96,40%,6,4,10,0,5,1,4
0x67af4b,99.7824%,6,2751,2757,2751,6,0,0
0x7c74d9,62.5%,6,10,16,0,0,6,10
0x5faf14,50%,6,6,12,0,6,0,6
0x81697e,25%,6,2,8,0,1,5,2
0x65a0df,99.6011%,6,1498,1504,1498,6,0,0
0x58cdc3,95.082%,6,116,122,0,0,6,116
0x8ebe16,66.6667%,6,12,18,0,0,6,12
0x5f287a,80.6452%,6,25,31,22,4,2,3
0x402b23,99.3534%,6,922,928,0,0,6,922
0x781673,89.2857%,6,50,56,50,6,0,0
0x81e45f,99.2574%,6,802,808,802,6,0,0
0x6476a4,86.6667%,6,39,45,39,6,0,0
0x7cc161,50%,6,6,12,0,0,6,6
0xa274bf,98.4127%,6,372,378,372,6,0,0
0xa919c3,99.1501%,6,700,706,0,0,6,700
0x49bb08,25%,6,2,8,0,6,0,2
0x4b8771,45.4545%,6,5,11,2,2,4,3
0x5f398d,14.2857%,6,1,7,0,0,6,1
0x901a42,97.619%,6,246,252,0,0,6,246
0x5b2074,68.4211%,6,13,19,0,1,5,13
0x64729e,71.4286%,6,15,21,0,1,5,15
0xa280bb,98.1928%,6,326,332,0,0,6,326
0xa1b580,53.8462%,6,7,13,1,4,2,6
0x6474ed,71.4286%,6,15,21,15,6,0,0
0x8eecdc,95.7143%,6,134,140,134,6,0,0
0x647437,71.4286%,6,15,21,1,0,6,14
0x8bdcf2,45.4545%,6,5,11,3,2,4,2
0x53ec9e,96.1039%,6,148,154,0,0,6,148
0xa30c81,68.4211%,6,13,19,0,0,6,13
0x918b19,98.5%,6,394,400,194,6,0,200
0x98cae5,97.3451%,6,220,226,0,0,6,220
0x917778,96.8085%,6,182,188,0,0,6,182
0x8f1c56,87.5%,6,42,48,37,3,3,5
0x9c3e45,93.0233%,6,80,86,0,0,6,80
0x9bd2f4,91.0448%,6,61,67,0,4,2,61
0x9e7db9,75%,6,18,24,0,0,6,18
0x9bdc73,89.0909%,6,49,55,49,6,0,0
0x9bd375,50%,6,6,12,6,6,0,0
0x63adbf,97.7011%,6,255,261,255,6,0,0
0xa97e01,83.7838%,6,31,37,25,3,3,6
0x805f12,87.234%,6,41,47,0,0,6,41
0xa27a78,40%,6,4,10,1,3,3,3
0x8ff2d5,90%,6,54,60,18,0,6,36
0x49b1a3,62.5%,6,10,16,10,4,2,0
0x4b56ee,93.9394%,6,93,99,92,5,1,1
0xa574bc,93.4066%,6,85,91,0,0,6,85
0x5ef0b0,66.6667%,6,12,18,11,5,1,1
0x49fc9e,60%,6,9,15,0,0,6,9
0xa5748c,93.4066%,6,85,91,85,6,0,0
0x4c269c,53.8462%,6,7,13,0,0,6,7
0x94d91c,89.6552%,6,52,58,52,6,0,0
0x510548,99.5192%,6,1242,1248,1242,6,0,0
0x9a106f,60%,6,9,15,9,6,0,0
0x40f6b6,97.7612%,6,262,268,262,6,0,0
0x6f5326,98.8506%,6,516,522,516,6,0,0
0x4aaeeb,45.4545%,6,5,11,0,0,6,5
0x99e1a2,53.8462%,6,7,13,7,6,0,0
0x9ea4e7,94.4444%,6,102,108,0,0,6,102
0x99e0ca,60%,6,9,15,9,6,0,0
0x610782,53.8462%,6,7,13,0,0,6,7
0xa5768f,75%,6,18,24,0,4,2,18
0xa576d1,75%,6,18,24,0,0,6,18
0x8f2bf9,94.1176%,6,96,102,96,6,0,0
0x49b077,98.1191%,6,313,319,0,0,6,313
0x6709fc,84.2105%,6,32,38,18,1,5,14
0x4041ab,99.2021%,6,746,752,0,0,6,746
0x5f26ed,68.4211%,6,13,19,13,4,2,0
0x9a1452,97.0443%,6,197,203,197,6,0,0
0x49143d,96.2733%,6,155,161,1,2,4,154
0x4914be,96.2733%,6,155,161,0,2,4,155
0x9a1c4f,96.6102%,6,171,177,171,6,0,0
0xa01bb2,62.5%,6,10,16,0,0,6,10
0x58cbec,77.7778%,6,21,27,21,6,0,0
0x99c8c0,98.7879%,6,489,495,489,6,0,0
0x598f08,68.4211%,6,13,19,13,5,1,0
0x9049d9,96.7568%,6,179,185,0,0,6,179
0x5df0fd,99.6134%,6,1546,1552,1546,6,0,0
0x81512b,25%,6,2,8,0,0,6,2
0x5df0ec,99.6134%,6,1546,1552,0,0,6,1546
0x983b71,91.8919%,6,68,74,65,1,5,3
0x59bf85,88.6792%,6,47,53,0,0,6,47
0xa4f4ef,84.2105%,6,32,38,32,6,0,0
0x4bb10c,97.9452%,6,286,292,286,6,0,0
0xa2815f,98.1928%,6,326,332,0,0,6,326
0x815104,53.8462%,6,7,13,2,6,0,5
0x5cfd5b,75%,6,18,24,0,0,6,18
0x58db3f,92.6829%,6,76,82,9,5,1,67
0x4c4c1a,53.8462%,6,7,13,0,0,6,7
0xaab0c7,92.6829%,6,76,82,74,4,2,2
0x5420e5,99.1465%,6,697,703,0,0,6,697
0x95c4b8,66.6667%,6,12,18,12,0,6,0
0x9e5912,80%,6,24,30,24,6,0,0
0x54ff5c,98.6784%,6,448,454,0,0,6,448
0x496364,82.3529%,6,28,34,0,5,1,28
0x54ce83,84.6154%,6,33,39,0,0,6,33
0x54d1bd,60%,6,9,15,9,6,0,0
0x54cda7,68.4211%,6,13,19,13,6,0,0
0x53388a,66.6667%,6,12,18,0,0,6,12
0x7d3763,94.3396%,6,100,106,35,4,2,65
0x49e524,95.7746%,6,136,142,136,6,0,0
0x7c7c22,92.6829%,6,76,82,76,6,0,0
0x9fdbfb,66.6667%,6,12,18,0,0,6,12
0x540dc5,25%,6,2,8,2,6,0,0
0x48c78c,89.6552%,6,52,58,39,0,6,13
0x5dec58,99.5165%,6,1235,1241,1235,6,0,0
0x88ea98,84.6154%,6,33,39,33,6,0,0
0x73d8ef,81.8182%,6,27,33,25,5,1,2
0x5f073c,72.7273%,6,16,22,0,0,6,16
0x4ac7ef,70%,6,14,20,4,3,3,10
0x99b914,76.9231%,6,20,26,0,0,6,20
0x9a9d44,88.8889%,6,48,54,0,0,6,48
0x7858dd,53.8462%,6,7,13,5,1,5,2
0x60b65e,97.5806%,6,242,248,0,0,6,242
0x5f8105,96%,6,144,150,0,0,6,144
0x8f2111,64.7059%,6,11,17,10,6,0,1
0x7c70b1,53.8462%,6,7,13,0,0,6,7
0x7c70bf,53.8462%,6,7,13,7,6,0,0
0x6680b1,99.7245%,6,2172,2178,2172,6,0,0
0x9bdd1d,62.5%,6,10,16,10,6,0,0
0xa47ccc,84.6154%,6,33,39,0,0,6,33
0x7f3e84,60%,6,9,15,0,0,6,9
0x9bb45b,66.6667%,6,12,18,0,0,6,12
0x9ef39f,33.3333%,6,3,9,0,0,6,3
0x533636,14.2857%,6,1,7,0,0,6,1
0x9a1cde,97.0443%,6,197,203,0,0,6,197
0xa22d87,90.7692%,6,59,65,0,3,3,59
0x492d70,90.7692%,6,59,65,0,0,6,59
0x4936d4,95.3125%,6,122,128,0,3,3,122
0x5cd274,95.4198%,6,125,131,125,6,0,0
0x5b272a,87.234%,6,41,47,0,0,6,41
0x8fd6ea,80%,6,24,30,24,6,0,0
0x4958a8,93.1034%,6,81,87,0,0,6,81
0x9e5b2d,93.1818%,6,82,88,0,0,6,82
0x5ae4c3,85.3659%,6,35,41,35,6,0,0
0xa3feee,66.6667%,6,12,18,0,0,6,12
0x59c0ed,97.1963%,6,208,214,208,6,0,0
0x5b2d65,92%,6,69,75,69,6,0,0
0x9e89ac,95.8621%,6,139,145,0,0,6,139
0x8ae867,88.6792%,6,47,53,45,3,3,2
0x58dcb1,95.8042%,6,137,143,74,1,5,63
0x49fd0e,99.7003%,6,1996,2002,0,0,6,1996
0x4817ed,84.2105%,6,32,38,27,2,4,5
0x8e494f,99.0625%,6,634,640,634,6,0,0
0xa346d3,98.4772%,6,388,394,0,0,6,388
0x5af0c2,40%,6,4,10,4,6,0,0
0x557a13,97.2727%,6,214,220,214,6,0,0
0x9846e5,50%,6,6,12,4,4,2,2
0x5bcef6,97.786%,6,265,271,0,0,6,265
0x789961,83.7838%,6,31,37,28,0,6,3
0x9f0e3f,83.3333%,6,30,36,0,0,6,30
0x8f1abb,95.8333%,6,138,144,0,0,6,138
0x97130c,14.2857%,6,1,7,0,0,6,1
0xa7a1ac,96.5714%,6,169,175,0,0,6,169
0x5f5606,90%,6,54,60,0,0,6,54
0x838829,92.5%,6,74,80,74,6,0,0
0xa6c706,77.7778%,6,21,27,0,0,6,21
0x503123,96.8421%,6,184,190,0,0,6,184
0x49b293,62.5%,6,10,16,10,4,2,0
0xa08481,45.4545%,6,5,11,5,6,0,0
0x94d878,98.8764%,6,528,534,528,6,0,0
0x9e859c,97.9021%,6,280,286,66,1,5,214
0x972f42,0%,6,0,6,0,3,3,0
0x8f3197,53.8462%,6,7,13,0,0,6,7
0xa0f283,0%,6,0,6,0,6,0,0
0x4a71f0,98.4615%,6,384,390,0,0,6,384
0x8efca4,94.8718%,6,111,117,0,4,2,111
0x8a9970,25%,6,2,8,1,3,3,1
0x94b859,98.9362%,6,558,564,4,0,6,554
0x80681d,78.5714%,6,22,28,0,0,6,22
0x53feea,98.5915%,6,420,426,0,0,6,420
0x4a5af6,71.4286%,6,15,21,4,6,0,11
0x404eff,75%,6,18,24,0,0,6,18
0x8f6852,94.4954%,6,103,109,0,0,6,103
0x9f5b86,25%,6,2,8,0,0,6,2
0x9e04e8,89.6552%,6,52,58,0,0,6,52
0x8df3c5,62.5%,6,10,16,0,0,6,10
0x984f8e,50%,6,6,12,3,1,5,3
0xb17abb,99.4345%,6,1055,1061,1055,6,0,0
0x8122af,93.9394%,6,93,99,0,0,6,93
0x949a5a,88.6792%,6,47,53,0,0,6,47
0xb17a3d,99.1608%,6,709,715,0,0,6,709
0xa33e38,97.7011%,6,255,261,212,4,2,43
0x7ce7bb,83.3333%,6,30,36,22,2,4,8
0x9e06c8,99.3289%,6,888,894,888,6,0,0
0x9c4feb,25%,6,2,8,0,4,2,2
0x5eb917,99.2974%,6,848,854,0,0,6,848
0x5465c4,25%,6,2,8,2,2,4,0
0x9e5ddc,64.7059%,6,11,17,11,6,0,0
0xa073c0,33.3333%,6,3,9,0,5,1,3
0x50aa85,91.3043%,6,63,69,0,4,2,63
0x981445,92.5%,6,74,80,1,5,1,73
0x8a7661,97.6654%,6,251,257,251,6,0,0
0x9e1020,87.7551%,6,43,49,17,5,1,26
0xb1b654,99.2528%,6,797,803,797,6,0,0
0x9e0548,89.6552%,6,52,58,0,0,6,52
0xa05898,76.9231%,6,20,26,19,2,4,1
0xb180e0,99.5828%,6,1432,1438,0,0,6,1432
0xa0a5d1,25%,6,2,8,0,4,2,2
0x9ed8b2,90.625%,6,58,64,58,6,0,0
0x5f0818,98.0392%,6,300,306,300,6,0,0
0x647642,70%,6,14,20,14,6,0,0
0xb23039,96.1039%,6,148,154,0,0,6,148
0x4fdab0,98.1191%,6,313,319,2,2,4,311
0x9843e9,90.9091%,6,60,66,0,0,6,60
0x88a236,84.6154%,6,33,39,0,0,6,33
0x9814e8,79.3103%,6,23,29,23,6,0,0
0x557c6c,97.541%,6,238,244,0,0,6,238
0x77ff45,96.1039%,6,148,154,144,5,1,4
0x49a5c5,96.9388%,6,190,196,190,6,0,0
0x543cd5,88.4615%,6,46,52,0,0,6,46
0x4a812b,93.4783%,6,86,92,0,0,6,86
0xa01cd1,14.2857%,6,1,7,0,5,1,1
0xa5d1d5,75%,6,18,24,0,0,6,18
0x9495cc,98.9362%,6,558,564,0,0,6,558
0xa40fa3,98.8636%,6,522,528,517,0,6,5
0xa088f3,40%,6,4,10,4,1,5,0
0xa43f80,90.625%,6,58,64,0,0,6,58
0x99debc,60%,6,9,15,9,6,0,0
0x9eb671,91.0448%,6,61,67,1,3,3,60
0x9eb643,91.0448%,6,61,67,61,6,0,0
0x9eb829,94.4444%,6,102,108,102,6,0,0
0x822534,98.5782%,6,416,422,0,6,0,416
0x543f5f,97.2477%,6,212,218,212,6,0,0
0x40f6d9,97.7612%,6,262,268,262,6,0,0
0x9e3894,81.25%,6,26,32,1,6,0,25
0x4bcdfc,60%,6,9,15,6,4,2,3
0xa02e1d,94.4954%,6,103,109,103,6,0,0
0x81440b,98.8764%,6,528,534,0,0,6,528
0xa32942,68.4211%,6,13,19,12,6,0,1
0x9f4aaa,98.2808%,6,343,349,343,6,0,0
0x9ea678,96.4286%,6,162,168,0,0,6,162
0x8151b4,89.8305%,6,53,59,1,3,3,52
0x58f3d2,88.4615%,6,46,52,46,6,0,0
0x99aebc,80%,6,24,30,24,6,0,0
0x9ea704,93.8144%,6,91,97,91,6,0,0
0x9ebfd4,70%,6,14,20,10,0,6,4
0x8ee5ed,85.7143%,6,36,42,0,0,6,36
0x9e3cfa,85.3659%,6,35,41,35,4,2,0
0x9ea8af,62.5%,6,10,16,9,5,1,1
0x9a39a2,71.4286%,6,15,21,0,0,6,15
0xa5c5f5,66.6667%,6,12,18,2,6,0,10
0x483c7d,68.4211%,6,13,19,12,5,1,1
0x8f1496,98.6696%,6,445,451,0,0,6,445
0x558d67,97.8571%,6,274,280,0,0,6,274
0xa9ca31,40%,6,4,10,0,0,6,4
0x55654f,98.5037%,6,395,401,0,0,6,395
0x49c8bd,25%,6,2,8,2,6,0,0
0x64f206,64.7059%,6,11,17,0,0,6,11
0x8a239f,40%,6,4,10,4,4,2,0
0x610d27,99.2574%,6,802,808,0,0,6,802
0xa1a1d8,33.3333%,6,3,9,0,0,6,3
0x9f0ab4,78.5714%,6,22,28,22,2,4,0
0x8e36a3,25%,6,2,8,0,4,2,2
0xa5bdbd,81.25%,6,26,32,26,6,0,0
0x972fe9,86.9565%,6,40,46,0,0,6,40
0x8087f2,97.4026%,6,225,231,5,4,2,220
0xa8fb28,96.4706%,6,164,170,0,0,6,164
0x40bb1d,98.6607%,6,442,448,0,0,6,442
0xa5c2f2,94.4954%,6,103,109,103,6,0,0
0x9a1ca1,97.0443%,6,197,203,0,0,6,197
0x63e175,99.6769%,6,1851,1857,1851,6,0,0
0x546277,98.2857%,6,344,350,0,0,6,344
0x7f036c,68.4211%,6,13,19,13,6,0,0
0x609f41,99.8979%,6,5873,5879,0,0,6,5873
0x492f2e,91.6667%,6,66,72,0,0,6,66
0x65a3b6,99.6883%,6,1919,1925,1919,6,0,0
0x48584c,50%,6,6,12,6,3,3,0
0x5f13c3,85%,6,34,40,0,0,6,34
0x402d8d,90.4762%,6,57,63,0,0,6,57
0x81fdda,87.5%,6,42,48,41,5,1,1
0x551182,75%,6,18,24,0,3,3,18
0x9eb728,96.4286%,6,162,168,0,0,6,162
0x9e727e,97.6%,6,244,250,0,0,6,244
0x94ce40,87.234%,6,41,47,41,6,0,0
0x9a24a9,85%,6,34,40,32,4,2,2
0x9f5b7c,50%,6,6,12,0,4,2,6
0xb2e649,99.9718%,6,21248,21254,21248,6,0,0
0x9f4403,96.4286%,6,162,168,162,6,0,0
0x63fb7f,99.3757%,6,955,961,0,0,6,955
0x959a44,50%,6,6,12,5,3,3,1
0x8434ba,0%,6,0,6,0,0,6,0
0x6730db,68.4211%,6,13,19,0,0,6,13
0x4c4455,92.5%,6,74,80,0,0,6,74
0x8dd0b8,99.169%,6,716,722,715,3,3,1
0x606cdd,25%,6,2,8,0,0,6,2
0x4c61e8,83.7838%,6,31,37,31,6,0,0
0x81462a,99.3631%,6,936,942,508,5,1,428
0x976eaa,62.5%,6,10,16,10,4,2,0
0x63b4ba,99.2593%,6,804,810,804,6,0,0
0xa5d0f4,96.3636%,6,159,165,0,0,6,159
0x4bc52b,86.3636%,6,38,44,38,6,0,0
0x9f778e,96.25%,6,154,160,0,0,6,154
0x58d43b,50%,6,6,12,6,6,0,0
0x59254b,99.8701%,6,4612,4618,4494,3,3,118
0x4bdfb7,45.4545%,6,5,11,5,6,0,0
0x4b8104,45.4545%,6,5,11,5,0,6,0
0x8a67e5,33.3333%,6,3,9,3,6,0,0
0x9f800a,57.1429%,6,8,14,8,6,0,0
0x51c2ae,99.8031%,6,3041,3047,0,0,6,3041
0x9ed94f,95.2381%,6,120,126,120,6,0,0
0x9e3f00,83.7838%,6,31,37,31,6,0,0
0x821ebb,95.8333%,6,138,144,0,0,6,138
0x9edcd5,90.625%,6,58,64,0,0,6,58
0x9523bc,92.2078%,6,71,77,1,1,5,70
0x9f55b7,90.9091%,6,60,66,0,0,6,60
0x4b86e3,45.4545%,6,5,11,5,6,0,0
0x4b87f2,45.4545%,6,5,11,2,1,5,3
0xaaaf11,50%,6,6,12,3,5,1,3
0x4c1749,70%,6,14,20,14,6,0,0
0xa2e7f4,95.5224%,6,128,134,0,0,6,128
0x944987,91.4286%,6,64,70,0,0,6,64
0x4a5d32,89.0909%,6,49,55,19,6,0,30
0x9f3b9c,64.7059%,6,11,17,11,6,0,0
0x4c56a2,89.0909%,6,49,55,0,0,6,49
0x9f09ad,84.6154%,6,33,39,33,6,0,0
0x4bca4e,62.5%,6,10,16,0,0,6,10
0xa9072d,98.4252%,6,375,381,0,0,6,375
0x97b8a2,85.3659%,6,35,41,35,6,0,0
0x918b86,97%,6,194,200,194,6,0,0
0x4b6c83,33.3333%,6,3,9,0,0,6,3
0x97b838,33.3333%,6,3,9,0,0,6,3
0x97ba43,94.7368%,6,108,114,108,6,0,0
0x6402ff,99.7871%,6,2812,2818,2812,6,0,0
0x95b5be,73.913%,6,17,23,12,3,3,5
0xa4a746,25%,6,2,8,0,6,0,2
0x88ea28,84.6154%,6,33,39,33,6,0,0
0xa90313,84.2105%,6,32,38,32,6,0,0
0x9d1ed6,78.5714%,6,22,28,0,0,6,22
0x49ced0,53.8462%,6,7,13,6,2,4,1
0xa944bd,79.3103%,6,23,29,0,0,6,23
0x9097af,94.8718%,6,111,117,111,6,0,0
0x9452a3,97.3451%,6,220,226,0,0,6,220
0xa9458b,77.7778%,6,21,27,21,6,0,0
0x80a546,97.8723%,6,276,282,0,0,6,276
0x8aac89,40%,6,4,10,0,0,6,4
0xa4773d,85.7143%,6,36,42,0,0,6,36
0x53a393,92.2078%,6,71,77,0,0,6,71
0x900ccb,98.2036%,6,328,334,328,6,0,0
0x5c6ac1,99.8518%,6,4043,4049,0,0,6,4043
0x67a03b,0%,6,0,6,0,6,0,0
0x666236,87.5%,6,42,48,42,6,0,0
0x9f5149,98.2808%,6,343,349,0,4,2,343
0x8f66e8,98.3099%,6,349,355,0,0,6,349
0x4c628d,70%,6,14,20,12,0,6,2
0x60bdd8,71.4286%,6,15,21,15,6,0,0
0x9f502f,95.6522%,6,132,138,132,6,0,0
0x4bdfad,53.8462%,6,7,13,0,2,4,7
0x4c1cec,90.1639%,6,55,61,55,6,0,0
0x8e177a,99.9465%,6,11199,11205,0,0,6,11199
0x9f9008,40%,6,4,10,4,6,0,0
0x4c44dd,57.1429%,6,8,14,0,0,6,8
0x943e56,40%,6,4,10,3,5,1,1
0x4ab917,80.6452%,6,25,31,6,6,0,19
0x7cdf2a,99.2424%,6,786,792,786,6,0,0
0x9e2a7d,91.8919%,6,68,74,0,0,6,68
0x4ba068,75%,6,18,24,0,4,2,18
0xa2d698,97.8799%,6,277,283,0,0,6,277
0x820a32,25%,6,2,8,0,0,6,2
0x9f5b9b,25%,6,2,8,0,0,6,2
0x97a425,66.6667%,6,12,18,0,0,6,12
0x8ea00f,98.4962%,6,393,399,0,0,6,393
0x4b3876,70%,6,14,20,0,0,6,14
0x63ebc9,99.7871%,6,2812,2818,2812,6,0,0
0x7b0a9b,72.7273%,6,16,22,0,0,6,16
0x5f4b78,57.1429%,6,8,14,6,1,5,2
0x7b3004,83.3333%,6,30,36,10,4,2,20
0xa06ea6,84.2105%,6,32,38,12,1,5,20
0xa47e9f,50%,6,6,12,0,0,6,6
0x8fd6d5,40%,6,4,10,0,0,6,4
0x54082a,50%,6,6,12,6,6,0,0
0xa5238f,92.2078%,6,71,77,0,6,0,71
0x793e4a,71.4286%,6,15,21,14,1,5,1
0x803fd1,82.3529%,6,28,34,16,1,5,12
0x974683,85%,6,34,40,34,4,2,0
0x9fde38,14.2857%,6,1,7,1,6,0,0
0x90f23b,97%,6,194,200,194,6,0,0
0xa2cb58,99.3274%,6,886,892,886,6,0,0
0xa2fc5a,99.1163%,6,673,679,0,0,6,673
0x5e437c,95.0413%,6,115,121,0,0,6,115
0xa2fa9b,92.3077%,6,72,78,0,0,6,72
0x8aec94,95.6835%,6,133,139,125,5,1,8
0x8a9e31,99.3952%,6,986,992,986,6,0,0
0x8e216c,99.5037%,6,1203,1209,0,4,2,1203
0x49fc52,64.7059%,6,11,17,1,1,5,10
0x820a3f,25%,6,2,8,2,6,0,0
0x7bc18c,25%,6,2,8,2,6,0,0
0x972be9,50%,6,6,12,6,6,0,0
0x8e3d06,97.9866%,6,292,298,292,6,0,0
0x4036c2,99.1667%,6,714,720,0,0,6,714
0xa42a2c,78.5714%,6,22,28,22,6,0,0
0x4bc783,96.2025%,6,152,158,149,0,6,3
0xa347b8,99.5378%,6,1292,1298,0,0,6,1292
0xa93dd4,50%,6,6,12,0,0,6,6
0x4414d7,89.4737%,6,51,57,44,2,4,7
0x8a956f,83.3333%,6,30,36,0,0,6,30
0x4b513b,95.3125%,6,122,128,0,0,6,122
0xa29d25,62.5%,6,10,16,10,6,0,0
0xa25e04,92.3077%,6,72,78,72,6,0,0
0xa3151c,25%,6,2,8,2,6,0,0
0x9e0bd5,97.3799%,6,223,229,0,0,6,223
0x4b5aa8,77.7778%,6,21,27,0,0,6,21
0x4bb49a,88.4615%,6,46,52,0,0,6,46
0xa3b230,97.3684%,6,222,228,0,0,6,222
0x67064d,70%,6,14,20,0,0,6,14
0x8a675d,33.3333%,6,3,9,1,3,3,2
0x60b096,88%,6,44,50,44,6,0,0
0x4c7007,81.8182%,6,27,33,27,6,0,0
0xa3ac01,57.1429%,6,8,14,8,6,0,0
0xa32f47,92.3077%,6,72,78,0,0,6,72
0xa35258,99.685%,6,1899,1905,1897,5,1,2
0x80472c,94.8276%,6,110,116,9,0,6,101
0xa41573,25%,6,2,8,2,6,0,0
0x900c7c,98.2036%,6,328,334,328,6,0,0
0x4b730a,45.4545%,6,5,11,5,4,2,0
0xa44b1f,25%,6,2,8,2,6,0,0
0x8a60e4,98.1763%,6,323,329,323,6,0,0
0x9016cf,99.5%,6,1194,1200,1194,6,0,0
0xa07515,86.6667%,6,39,45,0,1,5,39
0x48a74e,99.4801%,6,1148,1154,1148,6,0,0
0xa3e2e2,62.5%,6,10,16,8,0,6,2
0x673d1e,68.4211%,6,13,19,13,6,0,0
0x54822b,99.9121%,6,6823,6829,0,0,6,6823
0x9a618d,84.6154%,6,33,39,13,2,4,20
0x4bfeb0,82.3529%,6,28,34,1,0,6,27
0x5fa759,97.2093%,6,209,215,0,0,6,209
0x4a7cf4,89.6552%,6,52,58,51,6,0,1
0x95c493,50%,6,6,12,0,0,6,6
0x5c336c,95%,6,114,120,114,6,0,0
0x8d39ac,40%,6,4,10,4,6,0,0
0xb326fc,99.9069%,6,6436,6442,0,0,6,6436
0x9e2e70,53.8462%,6,7,13,0,0,6,7
0x49c107,93.6842%,6,89,95,0,0,6,89
0x480053,68.4211%,6,13,19,0,0,6,13
0x7b63de,86.6667%,6,39,45,5,3,3,34
0xa8fce0,95.8904%,6,140,146,140,6,0,0
0xa3d1b2,25%,6,2,8,0,0,6,2
0xa4a176,86.9565%,6,40,46,0,4,2,40
0xa3d10d,25%,6,2,8,2,6,0,0
0x480e14,33.3333%,6,3,9,0,0,6,3
0x591389,97.3094%,6,217,223,217,6,0,0
0xa5a0a8,53.8462%,6,7,13,3,4,2,4
0x409f5d,80%,6,24,30,0,0,6,24
0x40aa63,76.9231%,6,20,26,20,5,1,0
0x5511bb,71.4286%,6,15,21,15,6,0,0
0x96b20c,81.25%,6,26,32,0,0,6,26
0x90e6b8,99.3414%,6,905,911,0,0,6,905
0x4bce2c,0%,6,0,6,0,6,0,0
0x81fc1c,98.1424%,6,317,323,0,0,6,317
0x977c6e,95%,6,114,120,114,6,0,0
0x60bbce,66.6667%,6,12,18,7,2,4,5
0x4a6f0c,98.8258%,6,505,511,0,0,6,505
0x4a2171,50%,6,6,12,0,0,6,6
0x510251,97.4576%,6,230,236,230,6,0,0
0xb313d3,97.3333%,6,219,225,0,0,6,219
0x5ebb88,99.2974%,6,848,854,0,0,6,848
0x9e5205,66.6667%,6,12,18,2,4,2,10
0x8def97,62.5%,6,10,16,10,6,0,0
0x5ebb8d,99.2974%,6,848,854,848,6,0,0
0x9f6586,96.648%,6,173,179,173,6,0,0
0xa99f19,40%,6,4,10,0,4,2,4
0x8e1f69,97.1963%,6,208,214,0,0,6,208
0x8151e1,89.8305%,6,53,59,49,2,4,4
0x8f3777,98.125%,6,314,320,0,0,6,314
0x959625,95.3125%,6,122,128,1,3,3,121
0xa53333,0%,6,0,6,0,0,6,0
0x80643e,62.5%,6,10,16,0,0,6,10
0x9ec41b,25%,6,2,8,2,3,3,0
0x5c6c75,98.7448%,6,472,478,472,6,0,0
0x5f561a,90%,6,54,60,54,6,0,0
0x5c8cdd,0%,6,0,6,0,6,0,0
0x81520a,33.3333%,6,3,9,3,6,0,0
0x81a92a,99.2745%,6,821,827,0,0,6,821
0xa4109c,86.0465%,6,37,43,6,2,4,31
0xa5362b,25%,6,2,8,0,2,4,2
0x973ee2,50%,6,6,12,0,0,6,6
0x4a96d1,90%,6,54,60,0,3,3,54
0x9aa3b5,83.7838%,6,31,37,1,1,5,30
0x5bcec6,86.3636%,6,38,44,38,6,0,0
0x9a9f2f,78.5714%,6,22,28,22,6,0,0
0xa2d9ef,70%,6,14,20,0,2,4,14
0xaa2848,86.0465%,6,37,43,0,0,6,37
0xa9a3ed,60%,6,9,15,6,4,2,3
0x534aec,89.2857%,6,50,56,0,0,6,50
0x4aaf9b,45.4545%,6,5,11,0,6,0,5
0x538b9e,45.4545%,6,5,11,1,6,0,4
0x40a8f5,93.4066%,6,85,91,0,2,4,85
0x5f1c3a,14.2857%,6,1,7,0,0,6,1
0x9d086c,88.2353%,6,45,51,45,6,0,0
0x810b69,70%,6,14,20,2,2,4,12
0x80f771,91.8919%,6,68,74,0,0,6,68
0x810a38,70%,6,14,20,14,6,0,0
0xa368d9,98.6111%,6,426,432,426,6,0,0
0x7dfb1f,92.7711%,6,77,83,0,0,6,77
0x8efd9c,94.8718%,6,111,117,0,0,6,111
0x606df6,25%,6,2,8,2,6,0,0
0x606d71,25%,6,2,8,2,6,0,0
0x99f742,53.8462%,6,7,13,7,6,0,0
0xa9f290,68.4211%,6,13,19,10,6,0,3
0x80da79,94.3396%,6,100,106,100,6,0,0
0xa9d051,70%,6,14,20,13,5,1,1
0x80dbaf,97.2727%,6,214,220,0,0,6,214
0xaa33c4,62.5%,6,10,16,0,0,6,10
0x5960f2,53.8462%,6,7,13,0,0,6,7
0x9ed734,89.8305%,6,53,59,0,0,6,53
0x973c25,50%,6,6,12,1,1,5,5
0xa5b0be,45.4545%,6,5,11,1,1,5,4
0x8e4818,99.6321%,6,1625,1631,1625,6,0,0
0x487744,83.3333%,6,30,36,9,3,3,21
0xa9ba2f,45.4545%,6,5,11,0,0,6,5
0x9027f5,84.2105%,6,32,38,0,0,6,32
0x970ee4,99.5962%,6,1480,1486,0,0,6,1480
0xa59f5b,40%,6,4,10,3,4,2,1
0x972f26,0%,6,0,6,0,0,6,0
0x9a318b,97.7778%,6,264,270,264,6,0,0
0x6667f9,98.7805%,6,486,492,486,6,0,0
0x9ab58f,97%,6,194,200,0,0,6,194
0x8aad57,72.7273%,6,16,22,0,0,6,16
0xa64c25,0%,6,0,6,0,4,2,0
0x5fe795,94.2857%,6,99,105,0,0,6,99
0x492fc0,82.3529%,6,28,34,28,6,0,0
0x80bfdb,87.5%,6,42,48,13,3,3,29
0x4a7757,99.5708%,6,1392,1398,0,2,4,1392
0xa410a0,82.8571%,6,29,35,0,0,6,29
0xa58e35,95.8904%,6,140,146,0,0,6,140
0x610259,81.8182%,6,27,33,0,0,6,27
0x4a6fc9,95.0413%,6,115,121,115,6,0,0
0x499de6,87.5%,6,42,48,15,1,5,27
0x499387,62.5%,6,10,16,10,6,0,0
0xa50c9e,97.3333%,6,219,225,0,0,6,219
0x8bc959,88.4615%,6,46,52,46,6,0,0
0x4b64b7,96.129%,6,149,155,0,0,6,149
0x48f782,0%,6,0,6,0,0,6,0
0x95b5a8,73.913%,6,17,23,2,2,4,15
0xa90b23,57.1429%,6,8,14,7,1,5,1
0x8ed543,66.6667%,6,12,18,5,1,5,7
0x499ff8,62.5%,6,10,16,0,0,6,10
0xa29eea,62.5%,6,10,16,10,6,0,0
0x611463,85.7143%,6,36,42,26,5,1,10
0x8d382a,40%,6,4,10,4,2,4,0
0xa296f4,62.5%,6,10,16,8,1,5,2
0x499969,40%,6,4,10,4,6,0,0
0xa29520,62.5%,6,10,16,10,6,0,0
0x80a016,98.1651%,6,321,327,321,2,4,0
0x49978b,76.9231%,6,20,26,0,0,6,20
0xa287dd,62.5%,6,10,16,10,6,0,0
0xb376aa,99.8917%,6,5536,5542,0,0,6,5536
0x973ec3,83.3333%,6,30,36,11,1,5,19
0x49a154,81.25%,6,26,32,0,0,6,26
0x50ef69,25%,6,2,8,0,6,0,2
0x48e8a9,57.1429%,6,8,14,2,5,1,6
0x8bcdc2,99.9713%,6,20912,20918,20912,6,0,0
0x50c5e7,99.026%,6,610,616,0,0,6,610
0x4ab94a,80.6452%,6,25,31,25,6,0,0
0x53e344,99.8094%,6,3142,3148,0,0,6,3142
0x4b93fa,53.8462%,6,7,13,1,0,6,6
0x9d2774,90.3226%,6,56,62,56,5,1,0
0x441b45,45.4545%,6,5,11,5,6,0,0
0x4a0318,78.5714%,6,22,28,0,0,6,22
0x83408d,92%,6,69,75,69,4,2,0
0x97a684,25%,6,2,8,0,0,6,2
0x49a0aa,62.5%,6,10,16,0,0,6,10
0x5c4c60,99.6691%,6,1807,1813,0,6,0,1807
0xa00226,33.3333%,6,3,9,3,6,0,0
0x4b96ba,53.8462%,6,7,13,0,0,6,7
0x5511ea,64.7059%,6,11,17,0,0,6,11
0x558a5d,99.0276%,6,611,617,0,3,3,611
0x9f2a58,94.2308%,6,98,104,0,0,6,98
0x9a11c5,92.5926%,6,75,81,0,0,6,75
0x48f89f,66.6667%,6,12,18,4,2,4,8
0x97351e,50%,6,6,12,1,4,2,5
0x942ae1,25%,6,2,8,0,0,6,2
0x9e0bed,73.913%,6,17,23,3,3,3,14
0xa5680c,50%,6,6,12,0,6,0,6
0x81f67a,86.9565%,6,40,46,0,4,2,40
0x9523d2,92%,6,69,75,0,0,6,69
0x696311,99.4604%,6,1106,1112,1106,6,0,0
0x952403,97.7273%,6,258,264,0,0,6,258
0x8bb96f,45.4545%,6,5,11,5,6,0,0
0xa3bc1b,66.6667%,6,12,18,12,6,0,0
0xa32788,92.3077%,6,72,78,0,0,6,72
0x804085,97.6285%,6,247,253,0,0,6,247
0x911adb,99.4819%,6,1152,1158,0,0,6,1152
0x4ad383,70%,6,14,20,14,6,0,0
0xa32862,95.5224%,6,128,134,128,6,0,0
0x804375,33.3333%,6,3,9,0,0,6,3
0x8043f0,33.3333%,6,3,9,1,2,4,2
0xa58ab3,93.75%,6,90,96,90,6,0,0
0x8ea4e5,62.5%,6,10,16,9,3,3,1
0xa00217,62.5%,6,10,16,5,2,4,5
0x4b530c,91.7808%,6,67,73,1,1,5,66
0x4419b3,45.4545%,6,5,11,0,0,6,5
0x8d2f3d,91.7808%,6,67,73,0,2,4,67
0x8bdcbf,14.2857%,6,1,7,0,6,0,1
0x811fc5,57.1429%,6,8,14,8,6,0,0
0xa545e5,25%,6,2,8,2,0,6,0
0xa2853c,96.25%,6,154,160,0,0,6,154
0x441777,45.4545%,6,5,11,0,0,6,5
0x97aceb,25%,6,2,8,2,6,0,0
0x813910,80.6452%,6,25,31,25,6,0,0
0x96afb4,14.2857%,6,1,7,1,6,0,0
0x8d46ae,76%,6,19,25,15,5,1,4
0x80f737,91.6667%,6,66,72,64,6,0,2
0xa9688c,97.3451%,6,220,226,0,0,6,220
0x7c21bd,95.2381%,6,120,126,4,6,0,116
0x8d3f9e,53.8462%,6,7,13,0,0,6,7
0x96aec1,86.9565%,6,40,46,7,1,5,33
0xa41094,86.0465%,6,37,43,0,0,6,37
0x8d4273,45.4545%,6,5,11,5,6,0,0
0x9fb884,98.0392%,6,300,306,0,0,6,300
0x8380c7,96.5909%,6,170,176,0,0,6,170
0x786986,50%,6,6,12,0,6,0,6
0x48c7c3,93.0233%,6,80,86,0,2,4,80
0x4a64a2,40%,6,4,10,0,2,4,4
0x837d1a,94.2308%,6,98,104,0,0,6,98
0x838086,62.5%,6,10,16,10,6,0,0
0x51060f,62.5%,6,10,16,0,0,6,10
0x7d336c,90.4762%,6,57,63,45,6,0,12
0x7899bd,78.5714%,6,22,28,22,0,6,0
0x67ac4a,0%,6,0,6,0,0,6,0
0x9d1b2b,50%,6,6,12,5,1,5,1
0x550f12,76.9231%,6,20,26,16,1,5,4
0xa47263,96.4072%,6,161,167,161,6,0,0
0x4b5ffb,94.5455%,6,104,110,0,0,6,104
0xa4ed26,96.25%,6,154,160,154,6,0,0
0xa46bad,93.75%,6,90,96,0,0,6,90
0x9fdb9a,76%,6,19,25,19,6,0,0
0x9a1e7a,92.5926%,6,75,81,0,0,6,75
0x490c66,76.9231%,6,20,26,0,0,6,20
0x811bae,99.2198%,6,763,769,763,6,0,0
0x4b56de,94.1176%,6,96,102,0,3,3,96
0x49d7c3,93.5484%,6,87,93,0,0,6,87
0x8f5834,93.6842%,6,89,95,0,4,2,89
0xa3507e,94.8718%,6,111,117,111,6,0,0
0xa48210,90%,6,54,60,54,6,0,0
0x40b143,96.8912%,6,187,193,0,2,4,187
0x813762,90.1639%,6,55,61,55,4,2,0
0x5429e3,99.7379%,6,2283,2289,2283,6,0,0
0x94b72c,92.4051%,6,73,79,73,6,0,0
0x4a62c2,40%,6,4,10,0,2,4,4
0x8191c5,98.7903%,6,490,496,183,2,4,307
0x8217fb,98.9726%,6,578,584,0,0,6,578
0xa0705c,14.2857%,6,1,7,1,6,0,0
0x8fd516,92.6829%,6,76,82,76,6,0,0
0x49fc5d,60%,6,9,15,0,0,6,9
0x6a3a74,76.9231%,6,20,26,20,6,0,0
0x53b9d7,57.1429%,6,8,14,8,6,0,0
0x969253,97.0443%,6,197,203,0,4,2,197
0xa40f9d,98.8636%,6,522,528,0,0,6,522
0x4c9348,62.5%,6,10,16,7,5,1,3
0x80c2ec,97.0588%,6,198,204,198,6,0,0
0x63fa5f,99.6769%,6,1851,1857,1851,6,0,0
0xa4836f,97.5207%,6,236,242,236,6,0,0
0xa4ba65,96.9072%,6,188,194,0,0,6,188
0x49491e,97.1292%,6,203,209,0,0,6,203
0x48e68b,87.5%,6,42,48,0,0,6,42
0x4ba0d6,97.7011%,6,255,261,0,0,6,255
0x53c5a7,98.9916%,6,589,595,589,4,2,0
0xa05940,71.4286%,6,15,21,0,0,6,15
0x8a911c,77.7778%,6,21,27,10,5,1,11
0x9017dd,88.8889%,6,48,54,27,0,6,21
0x58f705,0%,6,0,6,0,6,0,0
0x53d8e0,99.6401%,6,1661,1667,1661,6,0,0
0xa4155f,25%,6,2,8,0,0,6,2
0x65a12b,99.5899%,6,1457,1463,0,0,6,1457
0x789cbf,50%,6,6,12,0,6,0,6
0xa7a19e,96.5714%,6,169,175,0,0,6,169
0x619a44,70%,6,14,20,0,0,6,14
0x533c67,33.3333%,6,3,9,1,5,1,2
0xa4523e,98.1013%,6,310,316,0,0,6,310
0x9e6e52,25%,6,2,8,2,6,0,0
0xa464c2,68.4211%,6,13,19,4,1,5,9
0xa37530,40%,6,4,10,4,6,0,0
0xa374af,40%,6,4,10,1,2,4,3
0x4ab896,0%,6,0,6,0,0,6,0
0x8e4d88,98.8212%,6,503,509,0,0,6,503
0xaaae2d,96.7742%,6,180,186,0,0,6,180
0x8a6c5b,99.3399%,6,903,909,903,6,0,0
0x9f3eaa,96.2264%,6,153,159,0,0,6,153
0x9d2688,84.2105%,6,32,38,4,6,0,28
0xa35e6e,57.1429%,6,8,14,0,2,4,8
0x9f1d95,92.3077%,6,72,78,0,0,6,72
0xa3774b,40%,6,4,10,4,6,0,0
0x61dc58,70%,6,14,20,14,6,0,0
0xa359e5,96.5714%,6,169,175,5,3,3,164
0x48313a,79.3103%,6,23,29,23,6,0,0
0xa471e8,96.4072%,6,161,167,161,6,0,0
0x99df3b,78.5714%,6,22,28,22,6,0,0
0xa066a6,86.6667%,6,39,45,39,6,0,0
0xa453af,98.2759%,6,342,348,342,6,0,0
0x81b69d,97.0588%,6,198,204,198,4,2,0
0x4a1ebb,50%,6,6,12,3,5,1,3
0x96b201,84.2105%,6,32,38,4,2,4,28
0xa46507,98.7705%,6,482,488,482,6,0,0
0xa526d0,81.25%,6,26,32,26,6,0,0
0x65af3b,53.8462%,6,7,13,7,6,0,0
0x8bb7e7,70%,6,14,20,6,4,2,8
0x4ba256,96.8254%,6,183,189,0,0,6,183
0x81a870,99.2116%,6,755,761,0,0,6,755
0xa059bc,79.3103%,6,23,29,23,6,0,0
0xa456b7,50%,6,6,12,5,3,3,1
0x4b9e67,97.2603%,6,213,219,213,6,0,0
0x8f4576,94%,6,94,100,9,3,3,85
0x9f9682,91.1765%,6,62,68,62,6,0,0
0x9e7790,88.6792%,6,47,53,46,0,6,1
0xa08e92,86.6667%,6,39,45,0,0,6,39
0x551018,60%,6,9,15,9,6,0,0
0x4885ff,99.2453%,6,789,795,789,6,0,0
0xa15e63,62.5%,6,10,16,6,2,4,4
0x50ef35,68.4211%,6,13,19,0,0,6,13
0xa47aa2,68.4211%,6,13,19,13,6,0,0
0x5441ec,33.3333%,6,3,9,0,0,6,3
0xa4e902,96.25%,6,154,160,0,0,6,154
0x4ca656,86.9565%,6,40,46,0,0,6,40
0x4b531d,91.5493%,6,65,71,0,0,6,65
0xa3276a,92.3077%,6,72,78,72,6,0,0
0x90226b,50%,6,6,12,0,0,6,6
0xa412a2,25%,6,2,8,2,6,0,0
0x9ed3ec,94.5946%,6,105,111,105,6,0,0
0xa43a2d,97.0149%,6,195,201,195,6,0,0
0x555f87,97.5806%,6,242,248,242,6,0,0
0xa1a1df,45.4545%,6,5,11,0,6,0,5
0xa4918c,80%,6,24,30,24,6,0,0
0x8fff78,40%,6,4,10,3,1,5,1
0xa48061,66.6667%,6,12,18,12,6,0,0
0xa4a636,81.8182%,6,27,33,0,0,6,27
0x9772b3,25%,6,2,8,0,2,4,2
0xa41907,33.3333%,6,3,9,0,0,6,3
0x5d1724,75%,6,18,24,18,6,0,0
0xa41a93,99.7922%,6,2881,2887,2881,6,0,0
0x5547fb,94%,6,94,100,0,0,6,94
0x96c1cb,95.8621%,6,139,145,0,0,6,139
0x63d809,95.7447%,6,135,141,135,6,0,0
0x8f3617,98.4127%,6,372,378,0,0,6,372
0x539354,72.7273%,6,16,22,7,4,2,9
0xa41fb1,93.1034%,6,81,87,81,6,0,0
0x81605e,85.7143%,6,36,42,8,1,5,28
0x501a3d,0%,6,0,6,0,6,0,0
0x8b9e8c,99.4648%,6,1115,1121,1115,6,0,0
0x50da2c,60%,6,9,15,0,0,6,9
0x50f0f0,93.1818%,6,82,88,82,6,0,0
0x81857a,82.3529%,6,28,34,28,6,0,0
0x6796b4,94.6429%,6,106,112,0,0,6,106
0x7b1128,64.7059%,6,11,17,10,2,4,1
0x911b6b,98.9983%,6,593,599,0,0,6,593
0x4a5c24,53.8462%,6,7,13,1,2,4,6
0xa46525,98.7705%,6,482,488,482,6,0,0
0xa481fc,90%,6,54,60,0,0,6,54
0x980b5f,91.8919%,6,68,74,68,3,3,0
0xa04aa5,91.8919%,6,68,74,0,0,6,68
0x9ed44a,96%,6,144,150,0,0,6,144
0xa41c51,99.04%,6,619,625,619,6,0,0
0x971268,50%,5,5,10,0,5,0,5
0x5cb0d7,99.388%,5,812,817,812,5,0,0
0x5b2faa,97.6526%,5,208,213,203,0,5,5
0xa15f44,58.3333%,5,7,12,0,0,5,7
0xa473a0,90.7407%,5,49,54,17,1,4,32
0x9f171e,94.7368%,5,90,95,0,5,0,90
0x5bcbfa,99.4813%,5,959,964,959,5,0,0
0x9e025a,82.1429%,5,23,28,5,5,0,18
0x97117d,0%,5,0,5,0,0,5,0
0x512802,98.7406%,5,392,397,0,0,5,392
0xa28730,76.1905%,5,16,21,0,5,0,16
0x8f30b9,99.9282%,5,6960,6965,0,0,5,6960
0x821068,44.4444%,5,4,9,4,5,0,0
0xa8e763,94.1176%,5,80,85,0,2,3,80
0x9005d3,98.5632%,5,343,348,0,0,5,343
0x40a5d4,79.1667%,5,19,24,0,2,3,19
0xa5b1bc,66.6667%,5,10,15,2,1,4,8
0x98423d,80%,5,20,25,20,5,0,0
0x4834d2,82.7586%,5,24,29,24,5,0,0
0x4a7c9a,91.3793%,5,53,58,53,5,0,0
0xa89549,93.9759%,5,78,83,0,0,5,78
0xb17b5c,99.3007%,5,710,715,710,5,0,0
0xa9d1d5,92.4242%,5,61,66,0,0,5,61
0xa0bdd7,0%,5,0,5,0,5,0,0
0x8f5568,99.7064%,5,1698,1703,1698,5,0,0
0x9e2ca1,78.2609%,5,18,23,18,5,0,0
0x8ee441,88.0952%,5,37,42,37,5,0,0
0x8f2a6f,87.5%,5,35,40,0,0,5,35
0xa49fd0,96.5517%,5,140,145,0,0,5,140
0xa9edab,64.2857%,5,9,14,0,2,3,9
0x550fce,28.5714%,5,2,7,0,5,0,2
0x4a5c57,28.5714%,5,2,7,2,1,4,0
0x47fa47,73.6842%,5,14,19,14,5,0,0
0x900c64,98.503%,5,329,334,0,0,5,329
0x5c502a,84.8485%,5,28,33,0,0,5,28
0x94d856,83.3333%,5,25,30,25,5,0,0
0x543dec,77.2727%,5,17,22,17,5,0,0
0xa48d6f,92.1875%,5,59,64,51,1,4,8
0xa05292,82.7586%,5,24,29,0,0,5,24
0x951013,97.6415%,5,207,212,0,1,4,207
0x441b35,54.5455%,5,6,11,6,5,0,0
0x9850e4,58.3333%,5,7,12,3,5,0,4
0x81d3e4,97.2527%,5,177,182,0,0,5,177
0x8a555e,97.7876%,5,221,226,0,0,5,221
0x804ff2,98.4848%,5,325,330,325,5,0,0
0xaa5bc0,78.2609%,5,18,23,16,4,1,2
0x40d3dd,99.1394%,5,576,581,576,5,0,0
0x80a817,99.4104%,5,843,848,3,2,3,840
0x9e5cac,85.7143%,5,30,35,30,5,0,0
0x5cf539,75%,5,15,20,6,0,5,9
0x54cf55,70.5882%,5,12,17,12,5,0,0
0x647380,99.1667%,5,595,600,595,5,0,0
0x556637,90.9091%,5,50,55,1,3,2,49
0x9ff6c4,79.1667%,5,19,24,0,0,5,19
0x97516c,73.6842%,5,14,19,0,0,5,14
0x54facd,96.5035%,5,138,143,0,0,5,138
0x95aeaa,78.2609%,5,18,23,0,0,5,18
0x7bb8f2,37.5%,5,3,8,3,1,4,0
0xa07493,89.1304%,5,41,46,39,1,4,2
0x590c47,88.0952%,5,37,42,17,3,2,20
0x5bc147,99.6434%,5,1397,1402,1397,3,2,0
0xa15a21,98.9496%,5,471,476,471,5,0,0
0x5bd567,99.8962%,5,4813,4818,0,0,5,4813
0x593872,99.2126%,5,630,635,0,0,5,630
0xb14934,99.8665%,5,3740,3745,3740,5,0,0
0x7d412d,68.75%,5,11,16,2,2,3,9
0xb18207,99.5025%,5,1000,1005,0,0,5,1000
0x9a2397,78.2609%,5,18,23,1,5,0,17
0x949a67,90.566%,5,48,53,0,0,5,48
0x8dba32,97.9167%,5,235,240,0,0,5,235
0x48a885,87.5%,5,35,40,35,5,0,0
0xa0bb3e,0%,5,0,5,0,5,0,0
0xaabde6,54.5455%,5,6,11,6,5,0,0
0xb1c41a,98.1061%,5,259,264,259,5,0,0
0xa2d5fb,98.9518%,5,472,477,0,0,5,472
0x441d75,54.5455%,5,6,11,6,5,0,0
0xb2ad4d,99.5183%,5,1033,1038,1033,5,0,0
0xa97473,75%,5,15,20,0,0,5,15
0x835e0c,95.1456%,5,98,103,0,0,5,98
0x9c434d,96.4286%,5,135,140,133,5,0,2
0x808505,81.4815%,5,22,27,3,4,1,19
0xa31039,95.7265%,5,112,117,112,3,2,0
0xa97d5c,50%,5,5,10,4,2,3,1
0x49b29b,68.75%,5,11,16,0,2,3,11
0x591fd3,94.7917%,5,91,96,91,5,0,0
0x8ed32d,44.4444%,5,4,9,4,5,0,0
0x8e74bb,93.9759%,5,78,83,8,4,1,70
0x908fe9,99.7307%,5,1852,1857,0,0,5,1852
0x807f07,96.1832%,5,126,131,0,0,5,126
0x8a9818,99.9617%,5,13047,13052,13047,5,0,0
0xa37715,50%,5,5,10,5,5,0,0
0xa07ab9,87.5%,5,35,40,0,0,5,35
0x809278,97.7578%,5,218,223,218,3,2,0
0x4416ae,54.5455%,5,6,11,0,0,5,6
0x9ee40d,77.2727%,5,17,22,17,5,0,0
0x817e5f,98%,5,245,250,6,2,3,239
0x8a8be2,79.1667%,5,19,24,0,4,1,19
0x77b9e0,82.1429%,5,23,28,3,1,4,20
0x8ece99,99.4975%,5,990,995,990,5,0,0
0x670856,16.6667%,5,1,6,1,5,0,0
0xa2859b,85.2941%,5,29,34,1,3,2,28
0x9fe3eb,96.1832%,5,126,131,0,0,5,126
0x58dca4,96.5517%,5,140,145,0,2,3,140
0x8ab5af,99.0706%,5,533,538,0,0,5,533
0x4aaed3,54.5455%,5,6,11,6,5,0,0
0x90ec52,97.5%,5,195,200,0,0,5,195
0x6514d1,93.9024%,5,77,82,77,5,0,0
0x9d0d58,77.2727%,5,17,22,17,5,0,0
0xa63be8,95.935%,5,118,123,118,5,0,0
0x64bcb5,99.7177%,5,1766,1771,0,0,5,1766
0xa04f9f,94.5652%,5,87,92,87,0,5,0
0x4c27a2,0%,5,0,5,0,0,5,0
0x8e021f,99.053%,5,523,528,523,5,0,0
0xa0f38c,16.6667%,5,1,6,1,5,0,0
0x81e580,37.5%,5,3,8,0,0,5,3
0x9ed547,58.3333%,5,7,12,2,2,3,5
0xa3386d,95.6897%,5,111,116,0,0,5,111
0x40a27e,85.2941%,5,29,34,0,0,5,29
0x65b013,61.5385%,5,8,13,0,0,5,8
0x4bc7bd,88.0952%,5,37,42,0,3,2,37
0x7b0a85,82.1429%,5,23,28,2,4,1,21
0x94ec54,94.4444%,5,85,90,85,5,0,0
0xa94b02,82.1429%,5,23,28,22,2,3,1
0x4bc7ef,96.063%,5,122,127,122,5,0,0
0x7ce601,95.1923%,5,99,104,99,5,0,0
0x679fd7,99.7213%,5,1789,1794,0,0,5,1789
0x9c51ca,68.75%,5,11,16,3,5,0,8
0x5f9279,75%,5,15,20,5,2,3,10
0xaa5cf2,79.1667%,5,19,24,0,0,5,19
0xa9eaee,94.1176%,5,80,85,80,5,0,0
0x5f18d9,28.5714%,5,2,7,0,5,0,2
0x973e9a,79.1667%,5,19,24,11,1,4,8
0x977b77,64.2857%,5,9,14,5,2,3,4
0x5ef156,72.2222%,5,13,18,13,5,0,0
0xa03003,92.6471%,5,63,68,0,0,5,63
0xa974b7,72.2222%,5,13,18,13,2,3,0
0x5343aa,99.9129%,5,5735,5740,0,0,5,5735
0x99dfac,66.6667%,5,10,15,10,5,0,0
0x48fb58,92.1875%,5,59,64,59,1,4,0
0x485874,16.6667%,5,1,6,1,2,3,0
0x48e5b7,89.5833%,5,43,48,0,0,5,43
0x538fb3,77.2727%,5,17,22,6,5,0,11
0x80683f,58.3333%,5,7,12,6,5,0,1
0x5e78b6,93.1507%,5,68,73,0,0,5,68
0xa96115,80.7692%,5,21,26,21,5,0,0
0xa02d84,95.4128%,5,104,109,0,2,3,104
0xa4ed7a,96.9136%,5,157,162,157,3,2,0
0x409f14,93.8272%,5,76,81,0,0,5,76
0x494947,95.935%,5,118,123,0,0,5,118
0xa02e53,93.0556%,5,67,72,67,3,2,0
0x9eb6c2,84.375%,5,27,32,2,2,3,25
0x5f9526,44.4444%,5,4,9,0,3,2,4
0x9eb780,66.6667%,5,10,15,1,2,3,9
0x6109f5,61.5385%,5,8,13,0,0,5,8
0x99dd23,66.6667%,5,10,15,0,0,5,10
0x550e85,85.2941%,5,29,34,15,2,3,14
0x9113e6,96.5517%,5,140,145,140,5,0,0
0xa97fb5,50%,5,5,10,5,5,0,0
0xa5ab96,82.1429%,5,23,28,0,0,5,23
0x50eb14,88.0952%,5,37,42,0,2,3,37
0xa08031,44.4444%,5,4,9,3,4,1,1
0xa55ec0,37.5%,5,3,8,1,4,1,2
0xa97708,50%,5,5,10,1,5,0,4
0x58e517,58.3333%,5,7,12,0,0,5,7
0x9f5aff,58.3333%,5,7,12,7,5,0,0
0x8ecda6,99.4975%,5,990,995,990,5,0,0
0x9ea870,93.0556%,5,67,72,66,4,1,1
0x98b284,97.7273%,5,215,220,0,0,5,215
0x7ac181,16.6667%,5,1,6,1,5,0,0
0xa01c9a,28.5714%,5,2,7,0,4,1,2
0x48f68c,89.3617%,5,42,47,10,0,5,32
0x489f94,96.7742%,5,150,155,0,0,5,150
0x4aaef0,54.5455%,5,6,11,0,0,5,6
0x9ec2bd,61.5385%,5,8,13,2,1,4,6
0x58f3b5,90.3846%,5,47,52,47,5,0,0
0x503d30,90.3846%,5,47,52,0,0,5,47
0x821254,99.5987%,5,1241,1246,1241,5,0,0
0xaa5488,61.5385%,5,8,13,0,0,5,8
0x99e90b,95.2381%,5,100,105,45,5,0,55
0xa5889a,98.2877%,5,287,292,144,2,3,143
0x9a616f,81.4815%,5,22,27,22,5,0,0
0x7d4110,68.75%,5,11,16,0,0,5,11
0x540e57,37.5%,5,3,8,0,0,5,3
0x493609,70.5882%,5,12,17,12,5,0,0
0xa33eac,90.3846%,5,47,52,47,5,0,0
0x99e309,61.5385%,5,8,13,8,5,0,0
0x9c4d29,16.6667%,5,1,6,0,0,5,1
0x64a864,95.283%,5,101,106,0,0,5,101
0x551cb5,94.9495%,5,94,99,94,5,0,0
0x59c983,96.9136%,5,157,162,0,0,5,157
0x9ec25c,16.6667%,5,1,6,1,5,0,0
0x5cb099,99.4357%,5,881,886,0,0,5,881
0xa3015a,0%,5,0,5,0,5,0,0
0x544277,91.2281%,5,52,57,52,5,0,0
0xa56f79,97.0238%,5,163,168,0,0,5,163
0xa544e4,95.5357%,5,107,112,100,2,3,7
0x806719,50%,5,5,10,0,0,5,5
0x9fe613,88.6364%,5,39,44,37,3,2,2
0xaa641a,94.4444%,5,85,90,78,4,1,7
0xa59194,95.7983%,5,114,119,0,0,5,114
0x99a908,91.8033%,5,56,61,56,5,0,0
0x8decc1,16.6667%,5,1,6,1,5,0,0
0x7c7437,68.75%,5,11,16,6,2,3,5
0x8dec0a,16.6667%,5,1,6,1,5,0,0
0x906acd,98.6034%,5,353,358,353,5,0,0
0x8deb71,16.6667%,5,1,6,0,0,5,1
0x9e2cca,61.5385%,5,8,13,0,0,5,8
0xa5316e,37.5%,5,3,8,3,5,0,0
0xa53593,37.5%,5,3,8,0,0,5,3
0x9005fb,98.5632%,5,343,348,1,1,4,342
0x557bdd,37.5%,5,3,8,3,5,0,0
0x94962b,99.1135%,5,559,564,0,0,5,559
0x9ea62d,88.3721%,5,38,43,31,3,2,7
0x80fdba,99.1961%,5,617,622,617,5,0,0
0xb2ffcb,99.3252%,5,736,741,0,0,5,736
0x4997b7,80.7692%,5,21,26,21,5,0,0
0x8f5481,58.3333%,5,7,12,0,0,5,7
0x9ea9cd,70.5882%,5,12,17,12,5,0,0
0x48ef76,90.9091%,5,50,55,0,0,5,50
0xb1c897,99.5025%,5,1000,1005,1000,5,0,0
0x8e4f04,99.0177%,5,504,509,0,0,5,504
0x4bb166,72.2222%,5,13,18,0,0,5,13
0x9aa1cc,85.2941%,5,29,34,0,1,4,29
0xa02a6f,58.3333%,5,7,12,0,0,5,7
0xa53786,37.5%,5,3,8,1,5,0,2
0x4bc278,61.5385%,5,8,13,8,5,0,0
0x8fd463,92.6471%,5,63,68,1,1,4,62
0x48ee54,98.4894%,5,326,331,0,0,5,326
0x805b19,99.8205%,5,2780,2785,0,0,5,2780
0x7cea3e,99.7366%,5,1893,1898,0,0,5,1893
0x816271,88.8889%,5,40,45,40,3,2,0
0x81eaae,99.0909%,5,545,550,0,0,5,545
0xa50cd0,94.4444%,5,85,90,1,1,4,84
0x4822d3,44.4444%,5,4,9,4,5,0,0
0x80bda3,66.6667%,5,10,15,0,5,0,10
0x8e421b,98.6595%,5,368,373,368,5,0,0
0x97430f,98.998%,5,494,499,494,5,0,0
0x80a847,99.409%,5,841,846,838,3,2,3
0x64adfe,99.8164%,5,2718,2723,2718,5,0,0
0x4a59f0,68.75%,5,11,16,11,5,0,0
0x668076,91.6667%,5,55,60,55,5,0,0
0x8bb926,86.4865%,5,32,37,7,3,2,25
0xa3fef8,72.2222%,5,13,18,1,5,0,12
0x9bdd73,90.9091%,5,50,55,50,5,0,0
0x5f27af,83.871%,5,26,31,26,5,0,0
0xa052c7,82.7586%,5,24,29,17,4,1,7
0x54f1f8,88.3721%,5,38,43,0,0,5,38
0x4ad9bb,0%,5,0,5,0,2,3,0
0xa472e5,88.0952%,5,37,42,37,5,0,0
0xa35e5b,64.2857%,5,9,14,0,0,5,9
0x8142e9,99.7459%,5,1963,1968,0,0,5,1963
0x6108b2,61.5385%,5,8,13,0,0,5,8
0xaa05cb,92.6471%,5,63,68,0,1,4,63
0x8222c4,98.1685%,5,268,273,0,0,5,268
0x8e0eec,98.4424%,5,316,321,316,5,0,0
0x8f31c8,99.805%,5,2559,2564,2559,5,0,0
0x8c73fb,98.7893%,5,408,413,408,2,3,0
0xaab489,99.3316%,5,743,748,743,5,0,0
0x54edcd,88.3721%,5,38,43,0,0,5,38
0x4ace36,91.9355%,5,57,62,57,5,0,0
0xa9473f,82.7586%,5,24,29,0,0,5,24
0xa055a5,37.5%,5,3,8,3,4,1,0
0xa3f09f,37.5%,5,3,8,3,5,0,0
0xa900c8,98.7805%,5,405,410,0,0,5,405
0x9f0a56,84.375%,5,27,32,3,5,0,24
0x5be815,76.1905%,5,16,21,16,5,0,0
0x94b84d,99.1135%,5,559,564,0,0,5,559
0x94ae27,99.1135%,5,559,564,0,0,5,559
0x9ab271,99.3007%,5,710,715,0,0,5,710
0x977dd3,95.8678%,5,116,121,116,5,0,0
0x9a0a64,82.1429%,5,23,28,0,0,5,23
0x5f13e8,87.5%,5,35,40,0,0,5,35
0x647bb3,88.3721%,5,38,43,0,0,5,38
0x40e1d3,93.2432%,5,69,74,68,4,1,1
0x81a460,98.7835%,5,406,411,0,0,5,406
0xa97dda,86.4865%,5,32,37,0,0,5,32
0x96a4e6,93.0556%,5,67,72,67,5,0,0
0x8f4bce,97.1591%,5,171,176,39,2,3,132
0x7d37b8,87.5%,5,35,40,0,0,5,35
0x7d3d95,90.1961%,5,46,51,46,2,3,0
0x9e5216,58.3333%,5,7,12,0,0,5,7
0xaaae32,97.3118%,5,181,186,0,0,5,181
0x4c92d9,68.75%,5,11,16,0,0,5,11
0x51b797,99.8796%,5,4149,4154,4149,5,0,0
0x9e5149,72.2222%,5,13,18,13,5,0,0
0x404458,92.4242%,5,61,66,18,2,3,43
0x547377,91.8033%,5,56,61,0,0,5,56
0x4c56b2,90.9091%,5,50,55,31,0,5,19
0x4c187a,68.75%,5,11,16,11,5,0,0
0x551176,79.1667%,5,19,24,0,0,5,19
0x60ddde,93.8272%,5,76,81,76,5,0,0
0x97336f,44.4444%,5,4,9,0,0,5,4
0x7d2b86,61.5385%,5,8,13,8,5,0,0
0x9fc0f4,98.366%,5,301,306,0,0,5,301
0xa25be6,99.5064%,5,1008,1013,0,0,5,1008
0x5c4c6c,99.7194%,5,1777,1782,0,0,5,1777
0x8e16bf,84.375%,5,27,32,27,5,0,0
0x5bd554,99.269%,5,679,684,0,0,5,679
0xa05bef,82.7586%,5,24,29,21,4,1,3
0x4a6e86,94.6809%,5,89,94,89,5,0,0
0xa5555a,97.093%,5,167,172,167,5,0,0
0x9feac5,28.5714%,5,2,7,2,5,0,0
0xa25d29,99.7106%,5,1723,1728,1723,5,0,0
0x48145d,73.6842%,5,14,19,14,5,0,0
0x78ace7,90.566%,5,48,53,0,0,5,48
0x4aad9a,83.3333%,5,25,30,25,5,0,0
0x5f1328,92.1875%,5,59,64,59,5,0,0
0x550f9b,76.1905%,5,16,21,16,5,0,0
0x5f135c,87.5%,5,35,40,1,2,3,34
0x404fb9,88.0952%,5,37,42,37,5,0,0
0x9e3a96,90%,5,45,50,45,5,0,0
0x8dfaaa,83.3333%,5,25,30,25,5,0,0
0x911042,99.3298%,5,741,746,741,5,0,0
0x9f15e9,54.5455%,5,6,11,6,5,0,0
0x7b29a1,90.566%,5,48,53,48,5,0,0
0x8f685e,95.4128%,5,104,109,0,0,5,104
0x4a7b6e,98.4894%,5,326,331,0,0,5,326
0xa95e80,58.3333%,5,7,12,0,0,5,7
0x50d66a,99.1349%,5,573,578,0,3,2,573
0x991307,95.3704%,5,103,108,89,2,3,14
0x48334c,82.7586%,5,24,29,24,5,0,0
0x9e3fd6,94.2529%,5,82,87,64,4,1,18
0x81c0ae,94.7917%,5,91,96,0,0,5,91
0x99f454,61.5385%,5,8,13,0,0,5,8
0xa57101,58.3333%,5,7,12,0,1,4,7
0x555e08,98.75%,5,395,400,0,0,5,395
0x80660e,58.3333%,5,7,12,5,0,5,2
0x5bcac7,99.4524%,5,908,913,1,1,4,907
0x482a3c,44.4444%,5,4,9,4,5,0,0
0x822254,98.1685%,5,268,273,0,0,5,268
0xa5be8d,84.375%,5,27,32,0,0,5,27
0x537adb,99.3216%,5,732,737,1,5,0,731
0x50604b,99.3243%,5,735,740,735,5,0,0
0x481b6c,73.6842%,5,14,19,14,5,0,0
0x94dabd,99.1482%,5,582,587,0,0,5,582
0x9e831b,80%,5,20,25,20,5,0,0
0x50479c,28.5714%,5,2,7,2,5,0,0
0x81f910,99.7531%,5,2020,2025,2020,5,0,0
0x803f96,82.1429%,5,23,28,6,5,0,17
0x94323e,93.3333%,5,70,75,70,5,0,0
0x5f53ea,58.3333%,5,7,12,0,0,5,7
0x8ef141,98.5251%,5,334,339,334,5,0,0
0x8151a6,92.0635%,5,58,63,0,4,1,58
0x8dd33c,99.3573%,5,773,778,0,0,5,773
0x5b0df9,99.8129%,5,2667,2672,2667,5,0,0
0x59edc6,37.5%,5,3,8,1,3,2,2
0x4bb186,95.4545%,5,105,110,0,0,5,105
0x63ae22,97.9253%,5,236,241,236,5,0,0
0x48f407,58.3333%,5,7,12,5,4,1,2
0x544e07,97.7679%,5,219,224,0,0,5,219
0xa22d67,92.3077%,5,60,65,0,0,5,60
0x95c4ef,58.3333%,5,7,12,0,0,5,7
0x8fcec2,88.6364%,5,39,44,0,0,5,39
0x61cd83,66.6667%,5,10,15,10,0,5,0
0x8dcd40,99.0177%,5,504,509,0,0,5,504
0x811a27,99.4104%,5,843,848,842,1,4,1
0x4aaa99,90.3846%,5,47,52,0,0,5,47
0x8edb2d,98.8914%,5,446,451,446,3,2,0
0x7c15ff,99.7724%,5,2192,2197,0,0,5,2192
0x808a49,87.1795%,5,34,39,7,2,3,27
0x8a9378,99.4703%,5,939,944,0,0,5,939
0x49a2dc,64.2857%,5,9,14,5,5,0,4
0x8da813,58.3333%,5,7,12,2,4,1,5
0x543a10,96.2963%,5,130,135,130,5,0,0
0x9017e4,81.4815%,5,22,27,0,0,5,22
0x8f4961,99.6385%,5,1378,1383,1366,1,4,12
0x9f9a34,87.8049%,5,36,41,15,1,4,21
0x90a942,93.9759%,5,78,83,78,5,0,0
0x5488e4,68.75%,5,11,16,3,5,0,8
0x9eb7a9,0%,5,0,5,0,0,5,0
0x40e137,99.7004%,5,1664,1669,0,0,5,1664
0xa1bb36,58.3333%,5,7,12,0,0,5,7
0x8f3ffa,91.8033%,5,56,61,56,5,0,0
0x9746a7,92.6471%,5,63,68,0,0,5,63
0x94b602,93.6709%,5,74,79,74,5,0,0
0x90a9c7,91.2281%,5,52,57,52,5,0,0
0x90aa02,91.2281%,5,52,57,52,5,0,0
0x6d4b8e,68.75%,5,11,16,0,0,5,11
0x811f4e,98.9899%,5,490,495,490,5,0,0
0x9f6237,88.6364%,5,39,44,0,0,5,39
0x9e2540,98.1343%,5,263,268,117,1,4,146
0x8191da,98.3923%,5,306,311,0,0,5,306
0x9f866a,54.5455%,5,6,11,0,0,5,6
0x5cb907,94.186%,5,81,86,81,5,0,0
0xa3bb1c,72.2222%,5,13,18,0,0,5,13
0x90271b,99.5314%,5,1062,1067,0,0,5,1062
0x9a717a,64.2857%,5,9,14,2,2,3,7
0x638f7c,98.5207%,5,333,338,0,0,5,333
0xa3b23d,97.807%,5,223,228,0,0,5,223
0x63f410,97.5%,5,195,200,195,3,2,0
0x8d22ca,97.992%,5,244,249,244,5,0,0
0x90d08e,96.9325%,5,158,163,0,0,5,158
0x6402e6,99.8226%,5,2813,2818,2813,5,0,0
0x8ec336,99.545%,5,1094,1099,1094,5,0,0
0x8b97a7,99.9561%,5,11372,11377,0,0,5,11372
0x81b841,58.3333%,5,7,12,2,4,1,5
0x6616fb,96.8354%,5,153,158,153,5,0,0
0x822675,98.9669%,5,479,484,0,4,1,479
0xa4804c,84.8485%,5,28,33,10,5,0,18
0xa5b41d,61.5385%,5,8,13,8,1,4,0
0xa07750,0%,5,0,5,0,5,0,0
0xaa2f20,95.098%,5,97,102,0,0,5,97
0xa52a9c,96.9512%,5,159,164,0,0,5,159
0x686820,96.8553%,5,154,159,0,0,5,154
0x8ed66c,37.5%,5,3,8,2,4,1,1
0xb2e742,99.9375%,5,7990,7995,0,0,5,7990
0x60c528,50%,5,5,10,5,5,0,0
0x4051ac,99.9301%,5,7147,7152,0,0,5,7147
0x944dd3,83.3333%,5,25,30,25,5,0,0
0x49c3e7,50%,5,5,10,1,1,4,4
0x77ccdb,58.3333%,5,7,12,7,5,0,0
0x6671d7,99.6418%,5,1391,1396,1391,3,2,0
0xaadac5,92.1875%,5,59,64,59,5,0,0
0x49c82b,72.2222%,5,13,18,13,4,1,0
0xb22b29,99.7323%,5,1863,1868,0,0,5,1863
0x8ef10b,96.2963%,5,130,135,130,5,0,0
0x59ed8b,37.5%,5,3,8,0,0,5,3
0x61060b,94.382%,5,84,89,0,0,5,84
0x8ef5a4,96.2963%,5,130,135,0,0,5,130
0x820fd9,93.0556%,5,67,72,0,0,5,67
0x8a69c2,58.3333%,5,7,12,3,4,1,4
0x973bfc,50%,5,5,10,0,0,5,5
0xa088b5,0%,5,0,5,0,0,5,0
0x81e9a7,96.7105%,5,147,152,73,3,2,74
0x9780f3,96.2406%,5,128,133,0,0,5,128
0xa50f87,86.8421%,5,33,38,0,0,5,33
0x90bb59,77.2727%,5,17,22,0,0,5,17
0x5f1c9e,28.5714%,5,2,7,2,5,0,0
0x72358b,99.6542%,5,1441,1446,0,0,5,1441
0x9593b4,95.9677%,5,119,124,119,5,0,0
0xa42041,98.452%,5,318,323,0,0,5,318
0x94da1f,93.6709%,5,74,79,45,2,3,29
0x9f05d9,99.3506%,5,765,770,0,0,5,765
0x67a2da,78.2609%,5,18,23,0,0,5,18
0xa2f90c,93.9759%,5,78,83,78,5,0,0
0x8f09b7,95.7265%,5,112,117,0,0,5,112
0x4acb15,66.6667%,5,10,15,10,5,0,0
0x7afd44,82.1429%,5,23,28,0,0,5,23
0x4a5bb5,90.9091%,5,50,55,0,0,5,50
0x90224c,99.7033%,5,1680,1685,1680,5,0,0
0x8f1baf,96.2687%,5,129,134,129,5,0,0
0xa2e2ac,92.1875%,5,59,64,0,0,5,59
0x4c2048,96.8553%,5,154,159,154,5,0,0
0xa4200a,98.6702%,5,371,376,0,0,5,371
0x7aeacc,76.1905%,5,16,21,0,0,5,16
0x8dfa39,16.6667%,5,1,6,0,5,0,1
0x4a8cb5,89.7959%,5,44,49,4,3,2,40
0x8225e4,97.3118%,5,181,186,181,5,0,0
0x4a7649,93.4211%,5,71,76,71,5,0,0
0x8f12b5,87.5%,5,35,40,35,5,0,0
0x4ac59f,37.5%,5,3,8,0,0,5,3
0x90ab35,81.4815%,5,22,27,22,5,0,0
0x8ef5b3,96.2963%,5,130,135,130,5,0,0
0x6809e1,98.9817%,5,486,491,0,0,5,486
0x65b25d,61.5385%,5,8,13,8,5,0,0
0xa2f279,86.8421%,5,33,38,0,0,5,33
0xa2de18,87.1795%,5,34,39,34,5,0,0
0xa2ee22,82.7586%,5,24,29,0,0,5,24
0x66f4cf,28.5714%,5,2,7,2,4,1,0
0x9f2a8a,0%,5,0,5,0,5,0,0
0x48d1d2,91.0714%,5,51,56,0,0,5,51
0x7d2098,28.5714%,5,2,7,2,5,0,0
0xa34c04,91.6667%,5,55,60,0,0,5,55
0x911ace,99.5682%,5,1153,1158,0,0,5,1153
0x5b9e9b,37.5%,5,3,8,1,2,3,2
0x63c7ef,99.4797%,5,956,961,956,5,0,0
0x8f2773,98.8914%,5,446,451,446,5,0,0
0x667325,83.871%,5,26,31,0,0,5,26
0x9118f4,99.2481%,5,660,665,660,5,0,0
0x65c26c,99.8953%,5,4769,4774,4769,5,0,0
0x819881,99.3954%,5,822,827,822,5,0,0
0xa34c6d,93.3333%,5,70,75,70,5,0,0
0x81b143,84.375%,5,27,32,0,0,5,27
0x8f1811,98.7406%,5,392,397,392,4,1,0
0x50723d,96.988%,5,161,166,132,4,1,29
0x65a207,97.9839%,5,243,248,243,5,0,0
0x974636,87.5%,5,35,40,35,5,0,0
0x63f38c,99.6374%,5,1374,1379,0,0,5,1374
0x63ab35,99.391%,5,816,821,816,5,0,0
0x9e39da,37.5%,5,3,8,3,5,0,0
0xa4a38a,83.871%,5,26,31,14,4,1,12
0xa7bee7,0%,5,0,5,0,0,5,0
0x63b644,99.6172%,5,1301,1306,1301,5,0,0
0x5de5b5,99.5971%,5,1236,1241,1236,5,0,0
0x63bb69,99.6172%,5,1301,1306,1301,2,3,0
0xa50ed0,93.4211%,5,71,76,71,5,0,0
0x9a1644,76.1905%,5,16,21,16,5,0,0
0x59e8d8,37.5%,5,3,8,2,2,3,1
0x8dc22f,99.4259%,5,866,871,866,5,0,0
0x809722,0%,5,0,5,0,0,5,0
0x612816,92.8571%,5,65,70,0,0,5,65
0x51b7ca,99.8796%,5,4149,4154,0,0,5,4149
0x63f46c,99.6374%,5,1374,1379,0,0,5,1374
0x8089c0,44.4444%,5,4,9,4,5,0,0
0x59e6e8,37.5%,5,3,8,1,3,2,2
0x504db8,86.8421%,5,33,38,33,5,0,0
0x8a9eec,98.927%,5,461,466,461,5,0,0
0x409d7d,28.5714%,5,2,7,2,0,5,0
0x4a78e2,86.4865%,5,32,37,0,0,5,32
0x808b81,0%,5,0,5,0,5,0,0
0x53588a,79.1667%,5,19,24,0,5,0,19
0x8ff5ad,78.2609%,5,18,23,10,4,1,8
0x4aae24,87.5%,5,35,40,0,0,5,35
0x808fe6,97.5124%,5,196,201,196,3,2,0
0xb23014,96.7532%,5,149,154,0,0,5,149
0x8ffdfe,16.6667%,5,1,6,0,0,5,1
0x9e2965,0%,5,0,5,0,0,5,0
0x4a5c1a,28.5714%,5,2,7,1,3,2,1
0x8f572d,99.3481%,5,762,767,762,5,0,0
0xa661d3,81.4815%,5,22,27,22,5,0,0
0x81fc6f,94.898%,5,93,98,0,0,5,93
0x8e133d,99.7461%,5,1964,1969,0,0,5,1964
0x61a2d6,0%,5,0,5,0,5,0,0
0x441caf,54.5455%,5,6,11,6,5,0,0
0x4a868d,0%,5,0,5,0,5,0,0
0x5937b0,73.6842%,5,14,19,0,0,5,14
0x8ea4fc,68.75%,5,11,16,7,1,4,4
0x599362,99.8796%,5,4149,4154,0,0,5,4149
0xa374ab,50%,5,5,10,0,0,5,5
0x9ed388,81.4815%,5,22,27,0,0,5,22
0x61a2ba,50%,5,5,10,0,5,0,5
0xaa48b4,94.186%,5,81,86,81,5,0,0
0x4bfd65,94.186%,5,81,86,0,0,5,81
0x5570cd,97.9424%,5,238,243,0,0,5,238
0x9ff5e8,79.1667%,5,19,24,0,0,5,19
0x7cf679,37.5%,5,3,8,0,0,5,3
0x5bb08d,95.098%,5,97,102,97,5,0,0
0x619d9d,50%,5,5,10,0,0,5,5
0x8f0b03,88.0952%,5,37,42,37,5,0,0
0x60b63c,97.9839%,5,243,248,243,5,0,0
0x81fcac,94.898%,5,93,98,0,0,5,93
0x9e110f,82.7586%,5,24,29,22,5,0,2
0xa85403,0%,5,0,5,0,0,5,0
0x4b751a,54.5455%,5,6,11,6,5,0,0
0xa380f6,0%,5,0,5,0,5,0,0
0x9f4e04,44.4444%,5,4,9,4,5,0,0
0x40399e,86.4865%,5,32,37,0,0,5,32
0x9fcc94,28.5714%,5,2,7,2,5,0,0
0x5110bf,99.8675%,5,3769,3774,3769,5,0,0
0x4c188c,75%,5,15,20,15,5,0,0
0x7ce7a2,86.1111%,5,31,36,0,0,5,31
0x813a53,77.2727%,5,17,22,17,0,5,0
0x499d26,90.566%,5,48,53,10,3,2,38
0x65b9d1,99.8907%,5,4571,4576,4571,5,0,0
0x67c5a0,99.677%,5,1543,1548,0,0,5,1543
0x9519d7,96.3235%,5,131,136,131,5,0,0
0x667113,97.4093%,5,188,193,188,5,0,0
0xaadbb3,98.4615%,5,320,325,0,0,5,320
0xa53f25,95.3271%,5,102,107,0,0,5,102
0x63aeff,99.391%,5,816,821,0,0,5,816
0x533a5a,44.4444%,5,4,9,0,0,5,4
0x5bd777,99.6877%,5,1596,1601,1481,1,4,115
0xa26d0b,50%,5,5,10,3,3,2,2
0xaa23ef,85.2941%,5,29,34,0,0,5,29
0x808fb7,97.7578%,5,218,223,218,5,0,0
0x64b9e9,99.6421%,5,1392,1397,0,0,5,1392
0xa5be9d,84.375%,5,27,32,22,2,3,5
0xa3611f,98.3389%,5,296,301,0,0,5,296
0x5f9172,89.1304%,5,41,46,0,0,5,41
0x58c909,98.4663%,5,321,326,321,5,0,0
0x9a0a43,82.1429%,5,23,28,0,0,5,23
0x9c5307,58.3333%,5,7,12,4,4,1,3
0xa4a119,94.2529%,5,82,87,82,5,0,0
0x81369c,91.8033%,5,56,61,0,0,5,56
0x980982,54.5455%,5,6,11,3,0,5,3
0x8e91f2,99.4792%,5,955,960,955,5,0,0
0x9c538e,37.5%,5,3,8,0,0,5,3
0xa30233,97.4359%,5,190,195,0,0,5,190
0x5fa2b1,98.0237%,5,248,253,248,5,0,0
0x8db754,98.4127%,5,310,315,310,5,0,0
0x9a1c80,97.1751%,5,172,177,29,1,4,143
0x4aaf78,54.5455%,5,6,11,6,5,0,0
0x8a9298,99.6599%,5,1465,1470,1465,5,0,0
0x4b7ef9,54.5455%,5,6,11,6,3,2,0
0xa3531d,72.2222%,5,13,18,13,5,0,0
0x4a7c74,58.3333%,5,7,12,3,3,2,4
0xa3d0e3,37.5%,5,3,8,0,0,5,3
0x9810d8,93.2432%,5,69,74,69,5,0,0
0x90fc47,99.5127%,5,1021,1026,0,0,5,1021
0x555a6d,90.9091%,5,50,55,0,0,5,50
0x8e120b,99.8756%,5,4015,4020,0,0,5,4015
0x4a953b,96.2406%,5,128,133,0,0,5,128
0x9f3eb1,96.8553%,5,154,159,154,5,0,0
0x63f86e,99.8549%,5,3440,3445,3440,5,0,0
0x677c09,83.3333%,5,25,30,25,5,0,0
0x9813f2,93.3333%,5,70,75,70,3,2,0
0x6114ad,54.5455%,5,6,11,5,5,0,1
0x983b5b,93.4211%,5,71,76,0,2,3,71
0x49a110,68.75%,5,11,16,11,5,0,0
0x983dad,96.3768%,5,133,138,117,5,0,16
0x950138,99.7695%,5,2164,2169,0,0,5,2164
0x8df5a6,88.0952%,5,37,42,37,5,0,0
0xa326e5,95.1456%,5,98,103,0,2,3,98
0x983f9b,92.1875%,5,59,64,52,4,1,7
0x8a676c,0%,5,0,5,0,0,5,0
0x8a9870,99.8923%,5,4637,4642,4637,5,0,0
0x8ddae3,95.5357%,5,107,112,0,0,5,107
0x49fb63,98.818%,5,418,423,0,0,5,418
0xa37251,16.6667%,5,1,6,0,0,5,1
0xaa56f9,94.6237%,5,88,93,0,0,5,88
0x90a636,88.6364%,5,39,44,39,5,0,0
0x9d0685,85.2941%,5,29,34,0,0,5,29
0x9cfd5b,86.1111%,5,31,36,0,0,5,31
0x48a2be,99.7607%,5,2084,2089,2084,5,0,0
0x686dc8,93.9759%,5,78,83,0,0,5,78
0xa33a34,90.566%,5,48,53,34,5,0,14
0x51b7e5,99.8638%,5,3665,3670,3665,5,0,0
0x489e6f,92.6471%,5,63,68,63,5,0,0
0x4104d4,77.2727%,5,17,22,0,0,5,17
0x5a9700,37.5%,5,3,8,1,4,1,2
0x9f5065,91.2281%,5,52,57,1,4,1,51
0x65bd44,97.1751%,5,172,177,0,0,5,172
0x40cfa4,99.9217%,5,6377,6382,6377,5,0,0
0x818c04,99.3954%,5,822,827,0,0,5,822
0x808bcc,98.0695%,5,254,259,0,0,5,254
0x63b5fb,99.6172%,5,1301,1306,1301,5,0,0
0x99b09e,87.5%,5,35,40,0,0,5,35
0x8dff02,50%,5,5,10,5,5,0,0
0x5910ed,91.9355%,5,57,62,57,5,0,0
0x80ec62,98.6413%,5,363,368,0,0,5,363
0x9737d6,86.8421%,5,33,38,33,5,0,0
0xa9ce5a,96.5278%,5,139,144,0,0,5,139
0x556efd,97.9757%,5,242,247,0,0,5,242
0x6f4507,82.1429%,5,23,28,10,0,5,13
0x5437fd,96.3768%,5,133,138,0,3,2,133
0x901999,85.2941%,5,29,34,29,5,0,0
0x81b750,73.6842%,5,14,19,1,3,2,13
0x90e27f,96.875%,5,155,160,155,5,0,0
0x8161a1,44.4444%,5,4,9,4,3,2,0
0x63903d,80%,5,20,25,3,0,5,17
0x8ee15a,37.5%,5,3,8,2,5,0,1
0xa58b79,82.7586%,5,24,29,24,5,0,0
0x7c716d,90.3846%,5,47,52,4,4,1,43
0x67044b,96.2406%,5,128,133,0,0,5,128
0x977442,72.2222%,5,13,18,6,0,5,7
0x5baa24,99.7392%,5,1912,1917,0,3,2,1912
0xa366e2,96.7105%,5,147,152,0,0,5,147
0x5f1c4a,28.5714%,5,2,7,2,5,0,0
0x5555d5,95.1456%,5,98,103,98,5,0,0
0x789d0e,16.6667%,5,1,6,0,4,1,1
0x48e8db,61.5385%,5,8,13,6,5,0,2
0x558d16,93.3333%,5,70,75,0,0,5,70
0x8de862,96.5278%,5,139,144,139,5,0,0
0x65ba9a,92.6471%,5,63,68,46,4,1,17
0xab36b0,72.2222%,5,13,18,13,5,0,0
0x9e725a,84.8485%,5,28,33,6,1,4,22
0x40380c,95.4545%,5,105,110,0,0,5,105
0x809302,85.2941%,5,29,34,29,5,0,0
0x544a34,72.2222%,5,13,18,9,0,5,4
0x6e4454,68.75%,5,11,16,0,0,5,11
0x65be8b,58.3333%,5,7,12,7,5,0,0
0xa9dec1,87.8049%,5,36,41,0,0,5,36
0xb2e862,92.8571%,5,65,70,65,5,0,0
0x63b3bb,99.7649%,5,2122,2127,2122,5,0,0
0xa8e4bd,16.6667%,5,1,6,1,1,4,0
0x98d08a,28.5714%,5,2,7,0,0,5,2
0x9e0914,93.8272%,5,76,81,0,2,3,76
0x49e0f4,96.9697%,5,160,165,160,5,0,0
0x53bb83,96.2121%,5,127,132,0,0,5,127
0x9f4ee4,95.8678%,5,116,121,0,0,5,116
0xa64bcf,37.5%,5,3,8,0,0,5,3
0x5d7f3d,98.818%,5,418,423,417,2,3,1
0x48a8e3,87.5%,5,35,40,35,5,0,0
0x5f55dc,37.5%,5,3,8,3,1,4,0
0x619cbc,75%,5,15,20,0,0,5,15
0x8140b5,99.3261%,5,737,742,737,5,0,0
0x6ccbbf,99.4781%,5,953,958,953,5,0,0
0xa1b01f,54.5455%,5,6,11,6,0,5,0
0x5f0570,81.4815%,5,22,27,0,0,5,22
0x405cac,94.5652%,5,87,92,0,0,5,87
0x5f0dd5,0%,5,0,5,0,5,0,0
0x80badb,95.7983%,5,114,119,0,0,5,114
0x40e868,0%,5,0,5,0,5,0,0
0x8ed55c,50%,5,5,10,5,1,4,0
0x99a87a,97.0414%,5,164,169,0,0,5,164
0x9f6b88,88.6364%,5,39,44,39,5,0,0
0x8f591b,99.8086%,5,2607,2612,2607,5,0,0
0x559177,98.9754%,5,483,488,0,0,5,483
0x81ed66,98%,5,245,250,0,2,3,245
0x9f5ecf,98.8152%,5,417,422,417,5,0,0
0x5121db,86.4865%,5,32,37,32,4,1,0
0x65b973,99.8917%,5,4613,4618,0,2,3,4613
0x5547b8,99.5667%,5,1149,1154,0,0,5,1149
0x53e39e,99.8412%,5,3143,3148,3143,5,0,0
0xaa4731,97.9592%,5,240,245,0,0,5,240
0xa1d48d,44.4444%,5,4,9,4,0,5,0
0xa1d4c3,0%,5,0,5,0,5,0,0
0x88dfaf,16.6667%,5,1,6,0,0,5,1
0xa5a0c7,28.5714%,5,2,7,2,1,4,0
0x5088ae,99.0619%,5,528,533,528,5,0,0
0x8ea3e8,99.5918%,5,1220,1225,1220,5,0,0
0xa189e0,88.8889%,5,40,45,0,2,3,40
0x9f3f58,96.9697%,5,160,165,160,5,0,0
0x8a651f,64.2857%,5,9,14,1,3,2,8
0x4bedf0,91.3793%,5,53,58,0,0,5,53
0xa2e08c,97.992%,5,244,249,0,0,5,244
0x50d968,99.1023%,5,552,557,0,0,5,552
0x4c72c9,72.2222%,5,13,18,0,0,5,13
0x9495a8,97.8632%,5,229,234,229,5,0,0
0x81efc1,99.044%,5,518,523,518,3,2,0
0x8ad6be,94.382%,5,84,89,79,5,0,5
0x50a086,96.3235%,5,131,136,0,0,5,131
0xa2eaa8,98.5673%,5,344,349,343,2,3,1
0x804136,91.6667%,5,55,60,0,0,5,55
0xa1afe6,54.5455%,5,6,11,6,5,0,0
0x8a6984,58.3333%,5,7,12,6,5,0,1
0x9d1ee4,82.1429%,5,23,28,23,5,0,0
0x4c1451,70.5882%,5,12,17,12,5,0,0
0x8b9e5a,99.5693%,5,1156,1161,1156,5,0,0
0x4c0faa,79.1667%,5,19,24,19,5,0,0
0x50d0a1,94.0476%,5,79,84,0,2,3,79
0x50d0a6,93.9024%,5,77,82,77,5,0,0
0x90bed3,99.4797%,5,956,961,115,4,1,841
0x944b36,97.7477%,5,217,222,217,5,0,0
0xb2464c,99.958%,5,11894,11899,11894,5,0,0
0x5c49b1,93.5065%,5,72,77,72,5,0,0
0x81ba0c,97.549%,5,199,204,199,5,0,0
0xa31266,94.1176%,5,80,85,33,0,5,47
0x58c559,58.3333%,5,7,12,0,0,5,7
0x504173,91.9355%,5,57,62,57,5,0,0
0x8222a2,98.1685%,5,268,273,268,5,0,0
0x4bf2bf,89.5833%,5,43,48,9,4,1,34
0x5c5d04,82.7586%,5,24,29,10,4,1,14
0xa016bb,37.5%,5,3,8,1,5,0,2
0x60aedb,90%,5,45,50,45,5,0,0
0x951c9f,99.2151%,5,632,637,0,0,5,632
0x8efad5,98.861%,5,434,439,0,0,5,434
0xb2e31e,70.5882%,5,12,17,0,0,5,12
0x5020ae,93.8272%,5,76,81,0,0,5,76
0x5f084f,85.2941%,5,29,34,6,4,1,23
0xa0a632,37.5%,5,3,8,1,1,4,2
0xa2aa17,95.5752%,5,108,113,108,2,3,0
0x5af6c7,91.9355%,5,57,62,50,3,2,7
0x8ef48b,96.5278%,5,139,144,0,0,5,139
0x96b118,94.4444%,5,85,90,85,5,0,0
0xa9376c,82.7586%,5,24,29,0,0,5,24
0x9dfdf1,97.2222%,5,175,180,175,5,0,0
0x49a14e,89.5833%,5,43,48,15,1,4,28
0xa43db4,95.6897%,5,111,116,0,0,5,111
0x9e1525,82.7586%,5,24,29,24,3,2,0
0x975241,79.1667%,5,19,24,16,3,2,3
0x55908e,98.6807%,5,374,379,0,0,5,374
0x4c056a,83.871%,5,26,31,26,5,0,0
0xa5928c,50%,5,5,10,0,0,5,5
0x4c988e,64.2857%,5,9,14,7,0,5,2
0x50a3cf,64.2857%,5,9,14,9,5,0,0
0x9e7a52,96.4539%,5,136,141,136,5,0,0
0x9e7a83,96.4539%,5,136,141,0,0,5,136
0xa4e62b,93.4211%,5,71,76,0,0,5,71
0xa4e982,96.3768%,5,133,138,0,0,5,133
0x814203,99.9629%,5,13475,13480,13475,5,0,0
0x504370,91.9355%,5,57,62,0,0,5,57
0x5bcd2a,99.4813%,5,959,964,959,5,0,0
0xa47ec5,58.3333%,5,7,12,7,5,0,0
0x94efbd,98.155%,5,266,271,266,5,0,0
0x90bd77,97.1591%,5,171,176,171,5,0,0
0xa3a22d,99.2481%,5,660,665,0,0,5,660
0x78bf97,44.4444%,5,4,9,0,0,5,4
0x9e7a23,96.5517%,5,140,145,4,0,5,136
0x8be771,72.2222%,5,13,18,13,5,0,0
0x837765,37.5%,5,3,8,2,3,2,1
0x8fd20f,16.6667%,5,1,6,0,0,5,1
0xa352ab,76.1905%,5,16,21,16,2,3,0
0x9e6fa8,94.6237%,5,88,93,88,5,0,0
0x8fbfdf,99.3234%,5,734,739,734,5,0,0
0x783d1d,96.7949%,5,151,156,0,0,5,151
0x98cd69,89.3617%,5,42,47,7,5,0,35
0x504d14,58.3333%,5,7,12,6,4,1,1
0xa1af4b,88.6364%,5,39,44,37,3,2,2
0x9e7dc3,79.1667%,5,19,24,0,0,5,19
0xa479bc,44.4444%,5,4,9,4,5,0,0
0xa5b029,66.6667%,5,10,15,10,3,2,0
0x61031a,84.8485%,5,28,33,0,0,5,28
0xa51671,88.0952%,5,37,42,0,0,5,37
0xa2d764,94.1176%,5,80,85,0,0,5,80
0xa25b64,99.5064%,5,1008,1013,1008,5,0,0
0xa5c4de,72.2222%,5,13,18,2,2,3,11
0x5fedcf,98.7013%,5,380,385,0,0,5,380
0x53493b,92.4242%,5,61,66,0,0,5,61
0x8a64d6,96.7105%,5,147,152,0,0,5,147
0x502908,94.8454%,5,92,97,0,0,5,92
0x49fc04,94.186%,5,81,86,0,0,5,81
0x4c5f03,87.8049%,5,36,41,0,0,5,36
0x8a656d,70.5882%,5,12,17,12,5,0,0
0x4b5e32,90%,5,45,50,45,5,0,0
0x7b71ca,84.375%,5,27,32,27,5,0,0
0x8bb731,50%,5,5,10,0,0,5,5
0x50b0a9,88.0952%,5,37,42,0,0,5,37
0x50b303,87.5%,5,35,40,35,3,2,0
0x96992c,92.3077%,5,60,65,0,0,5,60
0x8114f6,99.4069%,5,838,843,838,5,0,0
0x9e7424,98.8814%,5,442,447,0,0,5,442
0xa45ef3,95.9677%,5,119,124,0,4,1,119
0x50e4b8,72.2222%,5,13,18,11,3,2,2
0x50e4e1,72.2222%,5,13,18,10,2,3,3
0x7aca99,84.375%,5,27,32,0,0,5,27
0x813413,99.7045%,5,1687,1692,0,0,5,1687
0x504162,91.9355%,5,57,62,0,0,5,57
0xa02764,81.4815%,5,22,27,22,5,0,0
0x9e0579,91.3793%,5,53,58,0,0,5,53
0x48029e,86.8421%,5,33,38,0,0,5,33
0x81bdac,97.7876%,5,221,226,0,2,3,221
0xaa115c,86.1111%,5,31,36,31,5,0,0
0x975111,79.1667%,5,19,24,0,5,0,19
0xa28a05,68.75%,5,11,16,11,5,0,0
0x97275f,98.1685%,5,268,273,0,0,5,268
0x9f44c0,96.8553%,5,154,159,0,4,1,154
0x4c658e,82.1429%,5,23,28,11,5,0,12
0xa02575,99.6198%,5,1310,1315,0,0,5,1310
0xa02587,99.6142%,5,1291,1296,1291,5,0,0
0xa60c61,97.8903%,5,232,237,0,0,5,232
0x9c50ba,37.5%,5,3,8,0,0,5,3
0x917b97,97.5%,5,195,200,195,5,0,0
0x5efb53,0%,5,0,5,0,0,5,0
0x7aca5d,84.375%,5,27,32,0,0,5,27
0x7f3e8c,66.6667%,5,10,15,0,0,5,10
0x482091,54.5455%,5,6,11,4,3,2,2
0x482393,44.4444%,5,4,9,4,5,0,0
0x48255c,44.4444%,5,4,9,4,5,0,0
0xa60a37,98.3553%,5,299,304,299,5,0,0
0x9d1e22,80%,5,20,25,0,5,0,20
0x40206b,97.7876%,5,221,226,12,1,4,209
0x9d2ec7,93.75%,5,75,80,11,4,1,64
0x8df9e8,61.5385%,5,8,13,4,2,3,4
0x402527,99.0272%,5,509,514,0,0,5,509
0xaaaae7,76.1905%,5,16,21,16,5,0,0
0x4a1ce8,96.2121%,5,127,132,127,5,0,0
0x81f839,89.3617%,5,42,47,0,0,5,42
0x65afd2,61.5385%,5,8,13,0,0,5,8
0x5356ff,91.8033%,5,56,61,0,0,5,56
0x5b5e48,0%,5,0,5,0,0,5,0
0x9d0696,85.2941%,5,29,34,0,0,5,29
0x648680,91.0714%,5,51,56,50,4,1,1
0x81c796,91.6667%,5,55,60,0,0,5,55
0xa91ada,98.6226%,5,358,363,0,0,5,358
0x5a02ab,0%,5,0,5,0,5,0,0
0x5a963e,37.5%,5,3,8,0,0,5,3
0x5a9668,37.5%,5,3,8,0,5,0,3
0x9c4d50,16.6667%,5,1,6,0,1,4,1
0x80e6f8,99.4069%,5,838,843,838,3,2,0
0x72389d,98.5507%,5,340,345,0,0,5,340
0x81bdb9,97.7679%,5,219,224,0,0,5,219
0x4c8e0d,96.2406%,5,128,133,0,0,5,128
0x9fcc57,28.5714%,5,2,7,0,0,5,2
0x673dc0,0%,5,0,5,0,5,0,0
0x9426d6,99.6479%,5,1415,1420,1401,2,3,14
0x9c3d11,88.8889%,5,40,45,40,5,0,0
0x9f0bec,94.7368%,5,90,95,0,0,5,90
0x5b9fd1,90.566%,5,48,53,0,5,0,48
0x9d1221,95.8333%,5,115,120,0,0,5,115
0x8a72fa,99.6741%,5,1529,1534,0,0,5,1529
0x490ded,16.6667%,5,1,6,0,0,5,1
0x5412f5,99.9364%,5,7853,7858,0,0,5,7853
0xa45e8b,92.1875%,5,59,64,0,0,5,59
0x8ff991,95.6522%,5,110,115,110,5,0,0
0x9a6073,82.1429%,5,23,28,13,1,4,10
0x50ac9e,76.1905%,5,16,21,7,2,3,9
0x9ed8ee,92.1875%,5,59,64,59,5,0,0
0x4be7f3,81.4815%,5,22,27,0,0,5,22
0x8e1f94,97.6636%,5,209,214,209,5,0,0
0x5f0d8b,0%,5,0,5,0,0,5,0
0x8adc72,97.9339%,5,237,242,237,5,0,0
0x8e958c,37.5%,5,3,8,2,4,1,1
0x8bae19,72.2222%,5,13,18,0,0,5,13
0x4b81e3,54.5455%,5,6,11,6,5,0,0
0x60e46d,98.8399%,5,426,431,426,5,0,0
0x805af3,94.0476%,5,79,84,0,0,5,79
0x6707f9,16.6667%,5,1,6,1,5,0,0
0x4b8155,54.5455%,5,6,11,6,3,2,0
0x816765,92.6471%,5,63,68,0,0,5,63
0x8128ba,84.8485%,5,28,33,16,4,1,12
0x8efc10,95.7265%,5,112,117,0,4,1,112
0x4be404,84.375%,5,27,32,27,1,4,0
0x4be300,66.6667%,5,10,15,10,5,0,0
0x5ef997,70.5882%,5,12,17,0,0,5,12
0x4b71e4,54.5455%,5,6,11,6,5,0,0
0x6116be,50%,5,5,10,5,5,0,0
0xa26c33,50%,5,5,10,0,0,5,5
0xa5f953,98.8506%,5,430,435,430,5,0,0
0x99d992,96.063%,5,122,127,0,0,5,122
0x556c67,37.5%,5,3,8,3,5,0,0
0x9178ee,99.2647%,5,675,680,0,0,5,675
0x6083e8,96.0317%,5,121,126,121,5,0,0
0x591f74,92.8571%,5,65,70,0,0,5,65
0x5f08a0,98.3108%,5,291,296,291,5,0,0
0x814644,98.8345%,5,424,429,424,5,0,0
0x505bf9,99.3243%,5,735,740,735,5,0,0
0x494983,94.186%,5,81,86,81,3,2,0
0x58d8ca,97.6077%,5,204,209,0,0,5,204
0x557d71,93.1507%,5,68,73,43,4,1,25
0x807f15,91.9355%,5,57,62,57,5,0,0
0x4bbf60,91.0714%,5,51,56,51,5,0,0
0x4ac8aa,66.6667%,5,10,15,0,0,5,10
0x8ae94a,28.5714%,5,2,7,2,5,0,0
0x94eb34,91.6667%,5,55,60,0,0,5,55
0x5f92dc,86.4865%,5,32,37,32,5,0,0
0x4c067a,88.0952%,5,37,42,37,5,0,0
0x8df2bc,79.1667%,5,19,24,0,0,5,19
0xa413b2,37.5%,5,3,8,3,5,0,0
0x7ce93c,99.5287%,5,1056,1061,1056,5,0,0
0x9ee37f,95.4545%,5,105,110,105,5,0,0
0x7cd990,58.3333%,5,7,12,0,4,1,7
0x4b86d7,54.5455%,5,6,11,0,0,5,6
0x9519f5,96.3235%,5,131,136,131,5,0,0
0x951b1f,44.4444%,5,4,9,4,5,0,0
0x7e0476,58.3333%,5,7,12,1,0,5,6
0x951de0,54.5455%,5,6,11,6,5,0,0
0x8e9612,99.5922%,5,1221,1226,1221,3,2,0
0x4be887,44.4444%,5,4,9,0,0,5,4
0x7e0521,54.5455%,5,6,11,0,2,3,6
0xa31ce1,83.871%,5,26,31,26,5,0,0
0x9edc35,92.1875%,5,59,64,0,0,5,59
0x5fb29f,16.6667%,5,1,6,1,5,0,0
0x8fdd21,89.5833%,5,43,48,0,0,5,43
0x9f4d01,97.7974%,5,222,227,222,5,0,0
0x81e2c2,97.6744%,5,210,215,210,5,0,0
0xa98835,66.6667%,5,10,15,7,0,5,3
0xa48aae,97.191%,5,173,178,6,5,0,167
0x8bb6ea,61.5385%,5,8,13,0,0,5,8
0x9e5634,83.3333%,5,25,30,25,5,0,0
0x510bd5,98.3974%,5,307,312,0,0,5,307
0x977456,58.3333%,5,7,12,6,0,5,1
0x9176f6,97.5%,5,195,200,0,0,5,195
0x7d2084,72.2222%,5,13,18,9,2,3,4
0x9aa6b0,98.9899%,5,490,495,485,5,0,5
0x5fb18e,84.8485%,5,28,33,28,5,0,0
0x8a9811,99.9617%,5,13047,13052,0,0,5,13047
0x8d236a,0%,5,0,5,0,5,0,0
0x9fca4c,80%,5,20,25,0,0,5,20
0xa50084,93.8272%,5,76,81,0,0,5,76
0xa4675a,98.5549%,5,341,346,341,5,0,0
0x9ab826,97.8261%,5,225,230,0,0,5,225
0x5fb744,90.9091%,5,50,55,0,0,5,50
0xa54aa6,37.5%,5,3,8,0,0,5,3
0xa54ab5,37.5%,5,3,8,0,0,5,3
0x541e75,93.75%,5,75,80,75,5,0,0
0xa468eb,68.75%,5,11,16,11,5,0,0
0x8e71ce,98.4894%,5,326,331,326,5,0,0
0x9a772a,64.2857%,5,9,14,9,5,0,0
0xa961ff,79.1667%,5,19,24,0,0,5,19
0xa4f715,86.8421%,5,33,38,0,0,5,33
0xa4de1f,86.8421%,5,33,38,33,5,0,0
0x5fe15b,97.8355%,5,226,231,226,5,0,0
0xa544ae,95.5357%,5,107,112,107,5,0,0
0xa3d19d,37.5%,5,3,8,0,0,5,3
0x55724c,72.2222%,5,13,18,3,3,2,10
0x5fea06,88.0952%,5,37,42,10,2,3,27
0x818c4e,99.3954%,5,822,827,0,0,5,822
0x5fa673,16.6667%,5,1,6,0,0,5,1
0x5ff562,37.5%,5,3,8,0,2,3,3
0x90427f,98.7805%,5,405,410,405,5,0,0
0x4bdc96,50%,5,5,10,4,0,5,1
0x5ff573,37.5%,5,3,8,0,0,5,3
0x5348d6,92.4242%,5,61,66,61,5,0,0
0x78f823,82.7586%,5,24,29,0,0,5,24
0x906b1b,98.6034%,5,353,358,0,0,5,353
0xa4d5d8,96.875%,5,155,160,0,0,5,155
0xa4e7ed,96.9136%,5,157,162,0,0,5,157
0xa5b4ca,58.3333%,5,7,12,0,0,5,7
0x833fa5,92.8571%,5,65,70,0,0,5,65
0x60de18,93.8272%,5,76,81,0,0,5,76
0x534417,99.9441%,5,8941,8946,8941,5,0,0
0x9e04aa,91.3793%,5,53,58,0,0,5,53
0x5fa916,96.9697%,5,160,165,0,0,5,160
0x534119,95.0495%,5,96,101,96,5,0,0
0xa35334,99.7371%,5,1897,1902,0,0,5,1897
0xa53ee7,95.3271%,5,102,107,0,0,5,102
0x4095c7,37.5%,5,3,8,3,4,1,0
0x548acd,37.5%,5,3,8,0,0,5,3
0x66f72f,73.6842%,5,14,19,14,5,0,0
0x67093d,75%,5,15,20,15,5,0,0
0xa510ad,92.4242%,5,61,66,0,0,5,61
0x8bdb96,0%,5,0,5,0,5,0,0
0x4b795d,81.4815%,5,22,27,0,0,5,22
0x9f7445,92.4242%,5,61,66,61,5,0,0
0x81f824,88.8889%,5,40,45,40,5,0,0
0xa41175,37.5%,5,3,8,0,0,5,3
0x53936b,54.5455%,5,6,11,6,5,0,0
0x673d8f,73.6842%,5,14,19,11,1,4,3
0x673d99,28.5714%,5,2,7,2,0,5,0
0x65c229,99.8977%,5,4881,4886,0,0,5,4881
0xa51209,58.3333%,5,7,12,0,0,5,7
0xa51097,98.0545%,5,252,257,0,4,1,252
0x99c5fe,96.6887%,5,146,151,146,5,0,0
0xa48da6,97.191%,5,173,178,0,0,5,173
0x5934ce,96.6443%,5,144,149,0,0,5,144
0x502f13,89.3617%,5,42,47,42,5,0,0
0x544b81,91.2281%,5,52,57,0,0,5,52
0x8fd6c8,50%,5,5,10,0,0,5,5
0xa45235,98.4177%,5,311,316,0,0,5,311
0xa37cbd,0%,5,0,5,0,5,0,0
0x58f6fc,37.5%,5,3,8,1,1,4,2
0x8107d1,16.6667%,5,1,6,1,5,0,0
0x5eef87,72.2222%,5,13,18,0,0,5,13
0x94ee3d,83.3333%,5,25,30,0,0,5,25
0x8377e7,0%,5,0,5,0,0,5,0
0x8341d2,96.0938%,5,123,128,0,4,1,123
0x9110d8,90.566%,5,48,53,0,0,5,48
0x8bdc9a,28.5714%,5,2,7,1,2,3,1
0x7ac06b,96.2406%,5,128,133,16,0,5,112
0x677550,94.8454%,5,92,97,92,5,0,0
0xa853f4,0%,5,0,5,0,0,5,0
0xa50810,98.0237%,5,248,253,248,1,4,0
0x539d5c,89.5833%,5,43,48,3,3,2,40
0xa08472,68.75%,5,11,16,1,4,1,10
0x5fe9b4,77.2727%,5,17,22,0,0,5,17
0x94e8cd,91.6667%,5,55,60,27,3,2,28
0x8da4cf,99.5229%,5,1043,1048,0,0,5,1043
0x535865,85.2941%,5,29,34,1,2,3,28
0x5f6cd7,66.6667%,5,10,15,3,2,3,7
0x5fa2d6,96.8153%,5,152,157,152,5,0,0
0x905cee,96.0938%,5,123,128,0,0,5,123
0x8386e2,0%,5,0,5,0,5,0,0
0x5422b5,97.7169%,5,214,219,0,0,5,214
0xa50b9f,68.75%,5,11,16,0,0,5,11
0x839015,68.75%,5,11,16,0,0,5,11
0xa451a6,98.7437%,5,393,398,393,5,0,0
0x53b8ec,54.5455%,5,6,11,0,0,5,6
0x53b90b,54.5455%,5,6,11,6,5,0,0
0xa41076,88.8889%,5,40,45,0,0,5,40
0xa55f1e,70.5882%,5,12,17,1,5,0,11
0x4bf710,84.8485%,5,28,33,4,1,4,24
0x40ecb4,98.1884%,5,271,276,271,5,0,0
0x4b9aeb,28.5714%,5,2,7,2,5,0,0
0x4bb9f0,76.1905%,5,16,21,16,5,0,0
0x504e0f,94.8454%,5,92,97,92,5,0,0
0x67b30b,99.8186%,5,2752,2757,2752,5,0,0
0x9e1a4b,68.75%,5,11,16,0,2,3,11
0x9091fd,99.7307%,5,1852,1857,1852,5,0,0
0x65c325,92.0635%,5,58,63,0,0,5,58
0x8a5f5b,94.1176%,5,80,85,0,3,2,80
0x506232,28.5714%,5,2,7,0,0,5,2
0x9e2716,91.3793%,5,53,58,53,5,0,0
0x9fb8a4,98.366%,5,301,306,0,0,5,301
0xa08ca2,37.5%,5,3,8,3,1,4,0
0x50626a,54.5455%,5,6,11,0,0,5,6
0x50876c,54.5455%,5,6,11,0,0,5,6
0x508857,54.5455%,5,6,11,0,0,5,6
0xaa81c3,0%,5,0,5,0,0,5,0
0x901652,99.4233%,5,862,867,862,5,0,0
0x9fb0f5,95.9677%,5,119,124,119,5,0,0
0x9e21d7,95.1923%,5,99,104,0,0,5,99
0x4bb863,97.549%,5,199,204,0,0,5,199
0x7cd1ae,58.3333%,5,7,12,3,1,4,4
0x507f1a,0%,5,0,5,0,0,5,0
0x9fb283,87.8049%,5,36,41,36,5,0,0
0x9a9684,91.9355%,5,57,62,26,5,0,31
0xb302a7,99.6554%,5,1446,1451,0,0,5,1446
0x9fe71a,87.5%,5,35,40,0,0,5,35
0xa4486d,92.8571%,5,65,70,0,0,5,65
0x5f394c,28.5714%,5,2,7,0,3,2,2
0x5b2a37,89.3617%,5,42,47,0,0,5,42
0x9ee02e,96.9697%,5,160,165,0,4,1,160
0x8a6758,44.4444%,5,4,9,0,0,5,4
0x50bb07,83.871%,5,26,31,26,5,0,0
0x63f307,97.5%,5,195,200,195,5,0,0
0xaaa5f3,28.5714%,5,2,7,0,0,5,2
0xa37c37,0%,5,0,5,0,0,5,0
0xa596c7,82.7586%,5,24,29,0,3,2,24
0x8a60ca,99.0826%,5,540,545,0,0,5,540
0x9fe12c,80%,5,20,25,20,5,0,0
0x8ef18c,84.375%,5,27,32,27,5,0,0
0x8f53f5,99.4481%,5,901,906,0,0,5,901
0x98cd77,85.7143%,5,30,35,0,0,5,30
0x5074ad,96.0938%,5,123,128,123,3,2,0
0x7e2129,81.4815%,5,22,27,22,3,2,0
0xa446f1,90.3846%,5,47,52,0,0,5,47
0x9447bf,95.7627%,5,113,118,113,5,0,0
0xa5686f,16.6667%,5,1,6,0,0,5,1
0xa46d73,94.7917%,5,91,96,91,5,0,0
0x48e735,99.9279%,5,6930,6935,6930,5,0,0
0x4c5338,98.2993%,5,289,294,0,0,5,289
0x909941,99.7307%,5,1852,1857,1852,5,0,0
0x4aab69,83.3333%,5,25,30,25,5,0,0
0x60a699,90%,5,45,50,45,5,0,0
0x6923cb,58.3333%,5,7,12,7,5,0,0
0x5096a5,54.5455%,5,6,11,6,5,0,0
0x8f35da,99.2224%,5,638,643,616,1,4,22
0x642e46,85.7143%,5,30,35,0,0,5,30
0x67f700,95.283%,5,101,106,0,0,5,101
0x9e0338,77.2727%,5,17,22,17,5,0,0
0x5f7b58,96.2963%,5,130,135,130,5,0,0
0x817f5d,85.2941%,5,29,34,29,5,0,0
0x9bda3d,91.5254%,5,54,59,54,1,4,0
0x4bad8e,98.3553%,5,299,304,0,0,5,299
0x8a6c83,97.6852%,5,211,216,211,3,2,0
0xa39e87,91.3793%,5,53,58,3,4,1,50
0x4bf74b,79.1667%,5,19,24,0,0,5,19
0x4b5509,64.2857%,5,9,14,7,1,4,2
0x4beea5,91.3793%,5,53,58,0,0,5,53
0x63f3a5,97.5%,5,195,200,195,3,2,0
0x51b01a,98.3498%,5,298,303,298,5,0,0
0x782699,97.7376%,5,216,221,0,0,5,216
0x540f43,37.5%,5,3,8,0,0,5,3
0x5f7a29,97.5845%,5,202,207,0,0,5,202
0x40ec1a,99.0385%,5,515,520,0,0,5,515
0x406bce,72.2222%,5,13,18,0,0,5,13
0xa52f5d,75%,5,15,20,14,4,1,1
0x5f7afe,28.5714%,5,2,7,0,0,5,2
0x44148e,99.1409%,5,577,582,0,0,5,577
0x40ec5a,98.2578%,5,282,287,255,5,0,27
0x66688f,98.9837%,5,487,492,0,0,5,487
0x48d9ff,98.6737%,5,372,377,0,0,5,372
0xa2dd68,86.1111%,5,31,36,0,0,5,31
0x5f9e9d,16.6667%,5,1,6,1,5,0,0
0x9edca0,92.1875%,5,59,64,59,5,0,0
0x5f9edf,16.6667%,5,1,6,1,5,0,0
0x5fa20e,98.1685%,5,268,273,0,0,5,268
0x9ed749,86.8421%,5,33,38,0,2,3,33
0x9f330f,96.875%,5,155,160,0,0,5,155
0x6476d3,88.8889%,5,40,45,0,0,5,40
0xa43be1,98.2206%,5,276,281,0,0,5,276
0xa44138,94.186%,5,81,86,81,5,0,0
0x911b9b,94.4444%,5,85,90,0,0,5,85
0x4b9f22,97.8814%,5,231,236,0,4,1,231
0x54393f,61.5385%,5,8,13,0,0,5,8
0x9fcac4,80%,5,20,25,0,0,5,20
0xa56f97,95.3704%,5,103,108,0,0,5,103
0x81a176,94.5055%,5,86,91,0,1,4,86
0x5b41cf,83.871%,5,26,31,0,0,5,26
0x61077b,61.5385%,5,8,13,0,0,5,8
0x504934,66.6667%,5,10,15,0,0,5,10
0x8daa98,97.5%,5,195,200,195,5,0,0
0x482054,54.5455%,5,6,11,6,5,0,0
0x8eb7dc,99.8245%,5,2844,2849,0,0,5,2844
0xa312cc,78.2609%,5,18,23,18,5,0,0
0x90cb1a,95.7983%,5,114,119,114,5,0,0
0x8f2211,70.5882%,5,12,17,1,0,5,11
0x4903ab,93.6709%,5,74,79,0,0,5,74
0x8e0ce0,95.5357%,5,107,112,107,5,0,0
0x9fcf9f,72.2222%,5,13,18,13,5,0,0
0x9fe2ae,94.4444%,5,85,90,85,5,0,0
0xa47332,54.5455%,5,6,11,0,0,5,6
0x4b5823,98.1481%,5,265,270,0,0,5,265
0x499790,80.7692%,5,21,26,21,5,0,0
0x8d4308,58.3333%,5,7,12,0,5,0,7
0x5eb904,99.4145%,5,849,854,0,0,5,849
0x51065c,99.4664%,5,932,937,932,5,0,0
0x80bd86,0%,5,0,5,0,5,0,0
0xa96f1f,76.1905%,5,16,21,0,0,5,16
0x817440,94.2529%,5,82,87,0,2,3,82
0x591a38,89.7959%,5,44,49,0,0,5,44
0x5f88ef,58.3333%,5,7,12,3,1,4,4
0x4ad301,75%,5,15,20,15,5,0,0
0xa0785d,28.5714%,5,2,7,2,4,1,0
0x4045a9,97.7679%,5,219,224,0,0,5,219
0x9ab854,96.5278%,5,139,144,0,0,5,139
0x80be82,54.5455%,5,6,11,3,3,2,3
0xaef6da,37.5%,5,3,8,3,5,0,0
0x441837,54.5455%,5,6,11,0,0,5,6
0x5ef8d0,70.5882%,5,12,17,0,0,5,12
0x80e7b0,96.6667%,5,145,150,0,0,5,145
0x8f5911,99.8086%,5,2607,2612,0,0,5,2607
0x9a317b,98.1481%,5,265,270,0,0,5,265
0x5d0948,72.2222%,5,13,18,13,5,0,0
0x557205,96.875%,5,155,160,155,5,0,0
0x5f887d,87.1795%,5,34,39,30,1,4,4
0x5f1ced,28.5714%,5,2,7,0,0,5,2
0xa96de1,76.1905%,5,16,21,0,0,5,16
0x5eaebd,37.5%,5,3,8,0,4,1,3
0x5edc4e,99.505%,5,1005,1010,1005,5,0,0
0x9a12fd,94.8454%,5,92,97,92,5,0,0
0x9f5a0b,93.3333%,5,70,75,28,0,5,42
0xaa7d8c,90.7407%,5,49,54,0,0,5,49
0x54d9f2,87.1795%,5,34,39,0,3,2,34
0x48c332,28.5714%,5,2,7,2,5,0,0
0x6475e7,76.1905%,5,16,21,0,0,5,16
0x5f82de,99.0654%,5,530,535,0,0,5,530
0x4997cd,91.5254%,5,54,59,0,0,5,54
0xa59668,82.7586%,5,24,29,24,5,0,0
0x405178,99.9396%,5,8277,8282,0,0,5,8277
0x608d44,96.9136%,5,157,162,157,5,0,0
0xa4543b,98.5465%,5,339,344,339,5,0,0
0x81fdf0,89.5833%,5,43,48,0,0,5,43
0x94dfab,98.8318%,5,423,428,0,0,5,423
0xa481d2,88.8889%,5,40,45,0,0,5,40
0x942bf6,93.3333%,5,70,75,0,0,5,70
0x67e225,99.9189%,5,6159,6164,0,0,5,6159
0xa46771,98.5549%,5,341,346,341,5,0,0
0x814001,98.0159%,5,247,252,0,0,5,247
0x7d2feb,92.3077%,5,60,65,0,2,3,60
0x5d8816,83.3333%,5,25,30,25,5,0,0
0x4be7d7,81.4815%,5,22,27,0,0,5,22
0x5fd8f6,99.4797%,5,956,961,0,0,5,956
0x494d84,96.8354%,5,153,158,0,0,5,153
0x99f6c6,61.5385%,5,8,13,8,5,0,0
0x54c697,94.382%,5,84,89,0,0,5,84
0x4419c6,54.5455%,5,6,11,0,0,5,6
0x9a7119,44.4444%,5,4,9,4,5,0,0
0x494d7b,96.8354%,5,153,158,0,0,5,153
0x8bcc01,92.8571%,5,65,70,44,0,5,21
0x4829f8,73.6842%,5,14,19,5,5,0,9
0x4c6791,80.7692%,5,21,26,7,5,0,14
0x9a1bfa,97.5369%,5,198,203,0,0,5,198
0x4ac741,75%,5,15,20,0,0,5,15
0x610216,84.8485%,5,28,33,0,0,5,28
0x4ac63a,66.6667%,5,10,15,2,0,5,8
0x491522,96.8354%,5,153,158,0,0,5,153
0x490f38,87.8049%,5,36,41,0,0,5,36
0x8aa7fe,99.5704%,5,1159,1164,0,0,5,1159
0x5cf6f8,99.7286%,5,1837,1842,3,3,2,1834
0x815e4b,44.4444%,5,4,9,4,5,0,0
0x8eadff,99.5504%,5,1107,1112,1107,5,0,0
0x489958,37.5%,5,3,8,3,5,0,0
0x7f3729,66.6667%,5,10,15,0,0,5,10
0x9f03a7,98.6945%,5,378,383,0,0,5,378
0x49507d,66.6667%,5,10,15,2,3,2,8
0x4859c7,88.0952%,5,37,42,0,0,5,37
0xa4792f,64.2857%,5,9,14,9,4,1,0
0x8b9932,54.5455%,5,6,11,0,0,5,6
0xa479b3,44.4444%,5,4,9,0,0,5,4
0x405bc5,84.375%,5,27,32,0,0,5,27
0x4b9cd9,76.1905%,5,16,21,16,5,0,0
0x788bbd,91.6667%,5,55,60,48,5,0,7
0x5d8e21,50%,5,5,10,5,5,0,0
0x596d7b,99.6825%,5,1570,1575,818,5,0,752
0x62293b,50%,5,5,10,5,5,0,0
0xa9c78d,96.4789%,5,137,142,0,0,5,137
0x5b187a,64.2857%,5,9,14,9,5,0,0
0x5b2634,88.8889%,5,40,45,0,0,5,40
0x9ef2ad,96.4539%,5,136,141,0,0,5,136
0x5f2187,86.1111%,5,31,36,31,5,0,0
0x811a67,99.4069%,5,838,843,838,5,0,0
0x9ec2c2,50%,5,5,10,5,5,0,0
0xa4643b,97.4093%,5,188,193,188,5,0,0
0x9e1ae9,95.8333%,5,115,120,1,1,4,114
0x63c8aa,98.6945%,5,378,383,378,5,0,0
0x8ef2b0,89.5833%,5,43,48,43,5,0,0
0x9f1593,54.5455%,5,6,11,6,5,0,0
0x5d2ed6,72.2222%,5,13,18,13,5,0,0
0x58de2d,93.3333%,5,70,75,70,5,0,0
0x5c6ce9,99.1424%,5,578,583,0,0,5,578
0x5b26bf,89.3617%,5,42,47,42,4,1,0
0xa0975b,16.6667%,5,1,6,1,1,4,0
0x81fbb8,98.452%,5,318,323,0,0,5,318
0x54d6ec,75%,5,15,20,15,5,0,0
0x4a9c58,68.75%,5,11,16,11,5,0,0
0x977b72,64.2857%,5,9,14,0,0,5,9
0x4a97a4,66.6667%,5,10,15,7,4,1,3
0x5f1fa6,86.1111%,5,31,36,31,5,0,0
0x8f0a44,95.7265%,5,112,117,112,5,0,0
0x94a3f8,98.155%,5,266,271,1,0,5,265
0x5fefd6,87.5%,5,35,40,35,1,4,0
0x9d0bdd,90.1961%,5,46,51,0,0,5,46
0x808ebd,99.4069%,5,838,843,838,3,2,0
0x7cc155,58.3333%,5,7,12,0,0,5,7
0x81bf07,84.375%,5,27,32,27,5,0,0
0x8dd98c,83.3333%,5,25,30,9,5,0,16
0x49a3a4,50%,5,5,10,3,1,4,2
0x9e5bea,85.7143%,5,30,35,30,5,0,0
0x8db6d8,99.053%,5,523,528,47,3,2,476
0x5f1e71,86.1111%,5,31,36,3,0,5,28
0x58db9b,96.6887%,5,146,151,0,0,5,146
0x8b9c05,99.7855%,5,2326,2331,0,0,5,2326
0x64f27a,77.2727%,5,17,22,17,1,4,0
0x40e0cc,99.9512%,5,10232,10237,0,0,5,10232
0x6cec54,61.5385%,5,8,13,0,0,5,8
0x7c79e9,79.1667%,5,19,24,0,0,5,19
0x81b955,98.4227%,5,312,317,312,5,0,0
0x4ad31c,75%,5,15,20,0,0,5,15
0x58e633,58.3333%,5,7,12,7,5,0,0
0xa3e44e,37.5%,5,3,8,0,0,5,3
0x8d3de7,83.871%,5,26,31,26,5,0,0
0x4024d6,95.3704%,5,103,108,0,0,5,103
0x80457b,61.5385%,5,8,13,5,0,5,3
0x590b4c,75%,5,15,20,13,1,4,2
0x53de6f,99.0494%,5,521,526,0,0,5,521
0xa92f03,94.3182%,5,83,88,0,0,5,83
0x4acb53,58.3333%,5,7,12,6,5,0,1
0xa9bc3e,28.5714%,5,2,7,2,5,0,0
0x8d4110,54.5455%,5,6,11,0,0,5,6
0x59c66f,72.2222%,5,13,18,13,5,0,0
0x5a94b7,84.8485%,5,28,33,24,4,1,4
0x4c9308,68.75%,5,11,16,8,4,1,3
0x7c7226,58.3333%,5,7,12,0,3,2,7
0x5b073f,92.3077%,5,60,65,60,3,2,0
0x493575,66.6667%,5,10,15,0,0,5,10
0xa9ba5d,54.5455%,5,6,11,3,4,1,3
0x8d3ef3,72.2222%,5,13,18,1,4,1,12
0x5f1d05,28.5714%,5,2,7,2,5,0,0
0x8d3e9f,66.6667%,5,10,15,0,0,5,10
0x54c716,73.6842%,5,14,19,14,5,0,0
0x639b86,92.3077%,5,60,65,60,5,0,0
0x5b2b1e,88.8889%,5,40,45,0,0,5,40
0x54803c,98.8208%,5,419,424,250,5,0,169
0x971002,0%,5,0,5,0,5,0,0
0x5c6b98,99.6416%,5,1390,1395,1390,5,0,0
0x8fdb0d,72.2222%,5,13,18,0,0,5,13
0x99bb74,75%,5,15,20,0,0,5,15
0xa9d2cc,77.2727%,5,17,22,17,5,0,0
0xb3279a,99.9224%,5,6437,6442,0,0,5,6437
0x66746a,88.8889%,5,40,45,40,5,0,0
0x59c588,94.5055%,5,86,91,0,0,5,86
0xaa86d1,73.6842%,5,14,19,14,5,0,0
0xa90206,92.0635%,5,58,63,20,5,0,38
0xa2fdd8,95.4955%,5,106,111,106,5,0,0
0xa9ba3d,54.5455%,5,6,11,0,0,5,6
0x78072f,90.7407%,5,49,54,49,5,0,0
0x9e5404,87.1795%,5,34,39,34,5,0,0
0x58feb3,99.3421%,5,755,760,505,2,3,250
0x8f6d25,98.6877%,5,376,381,0,0,5,376
0x606acd,97.7778%,5,220,225,0,0,5,220
0xa34c32,91.6667%,5,55,60,0,0,5,55
0x889fa5,77.2727%,5,17,22,0,0,5,17
0xa3623e,98.8479%,5,429,434,0,0,5,429
0x5b35ce,16.6667%,5,1,6,1,5,0,0
0x4b727b,37.5%,5,3,8,3,5,0,0
0x8dad1a,88.6364%,5,39,44,39,5,0,0
0x9fe78e,86.4865%,5,32,37,0,0,5,32
0xa853fa,0%,5,0,5,0,0,5,0
0x8bcbf9,80.7692%,5,21,26,0,0,5,21
0xa946aa,89.1304%,5,41,46,0,0,5,41
0x5a9427,90.9091%,5,50,55,50,5,0,0
0x50f09e,58.3333%,5,7,12,7,5,0,0
0x49ce60,0%,5,0,5,0,0,5,0
0x80ae7b,85.7143%,5,30,35,1,1,4,29
0xa94548,82.7586%,5,24,29,0,0,5,24
0x9e0d91,82.1429%,5,23,28,4,1,4,19
0x9eb720,97.0238%,5,163,168,0,0,5,163
0x8e9bd1,97.8632%,5,229,234,0,0,5,229
0xa32842,93.0556%,5,67,72,67,5,0,0
0x54d11f,70.5882%,5,12,17,12,5,0,0
0x53580a,68.75%,5,11,16,0,5,0,11
0x64b47c,98.3498%,5,298,303,0,0,5,298
0xa9036d,96.1832%,5,126,131,126,5,0,0
0x483165,82.7586%,5,24,29,0,0,5,24
0x80c3e1,96.4539%,5,136,141,0,1,4,136
0x794209,0%,5,0,5,0,5,0,0
0x8f1248,87.5%,5,35,40,35,5,0,0
0x542436,99.7816%,5,2284,2289,0,0,5,2284
0xa941ab,97.5845%,5,202,207,202,5,0,0
0x5b4196,83.871%,5,26,31,26,5,0,0
0x47f249,99.5575%,5,1125,1130,0,0,5,1125
0x4832bb,82.7586%,5,24,29,0,0,5,24
0x7cd1cc,37.5%,5,3,8,3,5,0,0
0x7c5d86,64.2857%,5,9,14,9,5,0,0
0xaa4f72,96.5986%,5,142,147,142,5,0,0
0x4c97af,58.3333%,5,7,12,2,3,2,5
0x5b8dd8,37.5%,5,3,8,1,3,2,2
0xa570f2,83.871%,5,26,31,18,1,4,8
0xa9c84f,89.1304%,5,41,46,6,4,1,35
0x977d57,96.5035%,5,138,143,0,0,5,138
0x99e0a4,66.6667%,5,10,15,0,0,5,10
0x8ecb12,99.5958%,5,1232,1237,0,0,5,1232
0x5058e3,93.9024%,5,77,82,77,5,0,0
0x6095bf,98.0159%,5,247,252,247,5,0,0
0xa901e5,80%,5,20,25,20,5,0,0
0x590953,77.2727%,5,17,22,2,0,5,15
0x4c4cc7,82.1429%,5,23,28,23,5,0,0
0x9059e9,98.3221%,5,293,298,293,5,0,0
0x94703c,73.6842%,5,14,19,14,5,0,0
0x48010b,73.6842%,5,14,19,0,0,5,14
0x9191aa,97.5%,5,195,200,195,5,0,0
0x9e0179,97.2222%,5,175,180,0,0,5,175
0xa9d72f,75%,5,15,20,0,0,5,15
0x8df5b5,88.0952%,5,37,42,0,2,3,37
0x6102a4,84.8485%,5,28,33,28,5,0,0
0xa4693e,94.7917%,5,91,96,0,0,5,91
0x59f0f0,37.5%,5,3,8,1,3,2,2
0x9a8fd4,64.2857%,5,9,14,0,0,5,9
0x40a5b0,79.1667%,5,19,24,19,5,0,0
0xa96bfe,0%,5,0,5,0,0,5,0
0x99e52f,61.5385%,5,8,13,8,5,0,0
0x4c1e10,79.1667%,5,19,24,19,5,0,0
0x490261,90.7407%,5,49,54,49,5,0,0
0x7d4149,58.3333%,5,7,12,0,0,5,7
0x80e72f,96.6667%,5,145,150,0,0,5,145
0x4c26ad,61.5385%,5,8,13,0,0,5,8
0x5af8e6,90.566%,5,48,53,48,5,0,0
0x48266d,73.6842%,5,14,19,14,5,0,0
0xa550e3,37.5%,5,3,8,0,0,5,3
0xa8fbe3,97.7679%,5,219,224,219,5,0,0
0x4bd6a7,73.6842%,5,14,19,6,5,0,8
0x9a7aad,95.9016%,5,117,122,0,0,5,117
0x590d2c,77.2727%,5,17,22,0,0,5,17
0x811cf2,98.0989%,5,258,263,0,0,5,258
0x9bd266,92.5373%,5,62,67,0,0,5,62
0x678dcc,78.2609%,5,18,23,0,0,5,18
0xa9c5a8,54.5455%,5,6,11,6,5,0,0
0x9593a2,95.9677%,5,119,124,0,0,5,119
0xa9db7b,89.5833%,5,43,48,43,5,0,0
0x80e000,97.7273%,5,215,220,215,5,0,0
0x592cd5,86.1111%,5,31,36,0,0,5,31
0x80d868,98.9224%,5,459,464,0,0,5,459
0x590d17,88.0952%,5,37,42,15,5,0,22
0x60845a,82.1429%,5,23,28,23,5,0,0
0x9fc972,72.2222%,5,13,18,13,5,0,0
0x809753,66.6667%,5,10,15,3,2,3,7
0x80f20d,97.0588%,5,165,170,163,3,2,2
0x97753b,97.4227%,5,189,194,189,5,0,0
0x65a0c3,99.6676%,5,1499,1504,0,0,5,1499
0x63e0e6,99.4797%,5,956,961,225,5,0,731
0x8f1b84,96.4539%,5,136,141,2,5,0,134
0x4914ce,96.8553%,5,154,159,154,4,1,0
0x9d1e44,75%,5,15,20,0,0,5,15
0x542754,97.4093%,5,188,193,0,0,5,188
0x506f2a,75%,5,15,20,15,5,0,0
0x5f14df,86.8421%,5,33,38,0,0,5,33
0xa05562,82.7586%,5,24,29,5,3,2,19
0x495b8d,73.6842%,5,14,19,0,0,5,14
0x49984c,72.2222%,5,13,18,5,5,0,8
0x402321,99.9029%,5,5143,5148,0,0,5,5143
0x49aee6,87.1795%,5,34,39,34,5,0,0
0x4c68a8,82.1429%,5,23,28,8,0,5,15
0xb31375,99.484%,5,964,969,0,0,5,964
0x60c416,0%,5,0,5,0,5,0,0
0x5fe32b,68.75%,5,11,16,1,3,2,10
0x9ed1db,16.6667%,5,1,6,0,0,5,1
0x5cd3c3,90.566%,5,48,53,48,5,0,0
0x491498,96.8944%,5,156,161,156,5,0,0
0x591492,80.7692%,5,21,26,21,5,0,0
0x9a18ae,97.5369%,5,198,203,0,0,5,198
0xb47682,68.75%,5,11,16,11,5,0,0
0xa34c9c,93.3333%,5,70,75,1,5,0,69
0x403ba2,99.1597%,5,590,595,590,5,0,0
0x608432,94.4444%,5,85,90,0,0,5,85
0x4913ae,96.8944%,5,156,161,0,0,5,156
0x5090da,0%,5,0,5,0,5,0,0
0x5fa7f3,92.7536%,5,64,69,0,0,5,64
0xaa03c0,95.6522%,5,110,115,0,0,5,110
0x53405e,16.6667%,5,1,6,1,3,2,0
0x491a7d,96.9697%,5,160,165,160,5,0,0
0x9e2ce1,61.5385%,5,8,13,0,0,5,8
0x63e527,99.4797%,5,956,961,0,3,2,956
0xa99b7b,66.6667%,5,10,15,0,0,5,10
0x978564,98.2578%,5,282,287,0,0,5,282
0x80e6de,93.9759%,5,78,83,0,0,5,78
0x4813fa,73.6842%,5,14,19,0,1,4,14
0x481592,73.6842%,5,14,19,14,5,0,0
0x81c0cb,94.7917%,5,91,96,0,0,5,91
0xa28753,68.75%,5,11,16,11,5,0,0
0xa1a163,0%,5,0,5,0,5,0,0
0x9f8546,44.4444%,5,4,9,0,0,5,4
0x8dbb2f,98.4127%,5,310,315,0,0,5,310
0x973343,88.0952%,5,37,42,37,5,0,0
0x7d2fc5,92.3077%,5,60,65,0,0,5,60
0x481b23,72.2222%,5,13,18,13,5,0,0
0x8bd8ab,75%,5,15,20,0,2,3,15
0x5fa018,16.6667%,5,1,6,0,0,5,1
0xa575dd,88.0952%,5,37,42,0,1,4,37
0x620fc9,0%,5,0,5,0,5,0,0
0x4c34a0,78.2609%,5,18,23,2,2,3,16
0x97521d,73.6842%,5,14,19,0,0,5,14
0x48066c,86.8421%,5,33,38,24,5,0,9
0x666094,64.2857%,5,9,14,0,4,1,9
0x9be5bf,50%,5,5,10,5,5,0,0
0x8080d3,99.4069%,5,838,843,838,3,2,0
0x481e9c,86.8421%,5,33,38,0,0,5,33
0x99de18,66.6667%,5,10,15,10,5,0,0
0x838af7,16.6667%,5,1,6,0,1,4,1
0x512e86,99.3873%,5,811,816,0,0,5,811
0x611402,93.1507%,5,68,73,68,5,0,0
0x9784d2,98.9107%,5,454,459,454,5,0,0
0xa57027,90.3846%,5,47,52,47,5,0,0
0x58d40f,94.5652%,5,87,92,0,0,5,87
0x6108aa,61.5385%,5,8,13,0,0,5,8
0x4810ed,73.6842%,5,14,19,14,5,0,0
0x5c46ad,73.6842%,5,14,19,0,0,5,14
0x808957,87.8788%,4,29,33,1,1,3,28
0x547485,93.4426%,4,57,61,0,0,4,57
0x63f37e,99.7099%,4,1375,1379,0,0,4,1375
0x7cf71e,71.4286%,4,10,14,0,0,4,10
0x4bb7a9,50%,4,4,8,0,0,4,4
0xaa7f15,66.6667%,4,8,12,0,0,4,8
0x8e9a01,0%,4,0,4,0,2,2,0
0x5de1dd,50%,4,4,8,4,4,0,0
0x814ec5,76.4706%,4,13,17,0,0,4,13
0x63ae14,98.3402%,4,237,241,237,4,0,0
0x8e2d8f,69.2308%,4,9,13,9,4,0,0
0x40366e,99.5062%,4,806,810,806,4,0,0
0x9bd408,66.6667%,4,8,12,0,0,4,8
0x900fda,89.1892%,4,33,37,30,2,2,3
0x5f09b6,98.6486%,4,292,296,0,0,4,292
0x4ac8d8,73.3333%,4,11,15,9,0,4,2
0x48d88c,69.2308%,4,9,13,1,1,3,8
0x9e6292,94.4444%,4,68,72,0,0,4,68
0x819652,99.962%,4,10524,10528,17,1,3,10507
0x815011,99.2278%,4,514,518,514,2,2,0
0x8131b6,99.5037%,4,802,806,0,0,4,802
0x8f5f74,90%,4,36,40,0,0,4,36
0x609b8a,98.3673%,4,241,245,0,0,4,241
0x813ba6,81.8182%,4,18,22,17,4,0,1
0x402b37,99.569%,4,924,928,924,4,0,0
0x58e7b2,33.3333%,4,2,6,2,4,0,0
0xaaaf29,66.6667%,4,8,12,0,4,0,8
0x90ab2e,85.1852%,4,23,27,0,0,4,23
0x9fcc37,84%,4,21,25,0,0,4,21
0x813859,93.4426%,4,57,61,57,2,2,0
0x9498e8,92.4528%,4,49,53,0,0,4,49
0xa44d6a,99.3475%,4,609,613,0,0,4,609
0x69ddca,66.6667%,4,8,12,8,4,0,0
0x9a9135,71.4286%,4,10,14,0,0,4,10
0x8f4c4b,96%,4,96,100,96,4,0,0
0x9eca92,20%,4,1,5,0,0,4,1
0x8e419d,98.374%,4,242,246,242,4,0,0
0x96c22e,84.6154%,4,22,26,22,4,0,0
0x4b5103,60%,4,6,10,1,1,3,5
0x5b16dd,99.2308%,4,516,520,0,0,4,516
0x546774,60%,4,6,10,4,4,0,2
0xb179af,99.623%,4,1057,1061,0,0,4,1057
0x818d46,99.9163%,4,4773,4777,4773,4,0,0
0xa22d5e,93.8462%,4,61,65,0,0,4,61
0xa40fc1,63.6364%,4,7,11,0,0,4,7
0x5bc583,96.6387%,4,115,119,0,0,4,115
0xa32eaf,99.3967%,4,659,663,0,0,4,659
0x9a5de7,60%,4,6,10,6,4,0,0
0x64a92a,96.2264%,4,102,106,102,2,2,0
0x8a885f,66.6667%,4,8,12,7,0,4,1
0x5a95c8,84%,4,21,25,21,4,0,0
0x5baa43,99.791%,4,1910,1914,1910,4,0,0
0x8e2e8c,99.7618%,4,1675,1679,0,0,4,1675
0x65b2ca,71.4286%,4,10,14,0,0,4,10
0x814b27,98.4064%,4,247,251,0,0,4,247
0xa02cea,93.6508%,4,59,63,0,0,4,59
0xa48ab7,97.6048%,4,163,167,0,0,4,163
0x9a7e33,84%,4,21,25,0,0,4,21
0x53aa18,90.2439%,4,37,41,36,3,1,1
0x8f786e,97.4522%,4,153,157,0,0,4,153
0x9cfbb0,96.748%,4,119,123,0,0,4,119
0x8f53a2,97.8378%,4,181,185,181,4,0,0
0xa94755,86.2069%,4,25,29,0,0,4,25
0x7bb90b,0%,4,0,4,0,0,4,0
0x7d2ca8,0%,4,0,4,0,4,0,0
0x99dfca,73.3333%,4,11,15,11,4,0,0
0x54050e,0%,4,0,4,0,2,2,0
0x8dc221,99.5408%,4,867,871,0,0,4,867
0xa55a45,0%,4,0,4,0,2,2,0
0x9810b5,94.5946%,4,70,74,8,3,1,62
0x8c9518,98.8858%,4,355,359,0,0,4,355
0x666925,99.3151%,4,580,584,580,4,0,0
0x555db3,96.1905%,4,101,105,0,0,4,101
0x4057f1,99.8385%,4,2473,2477,2473,4,0,0
0x5969ef,75%,4,12,16,12,4,0,0
0x8a73ea,99.2%,4,496,500,496,4,0,0
0x8f5794,97.9058%,4,187,191,0,0,4,187
0x90ecfc,99.5838%,4,957,961,309,2,2,648
0x815b3d,90.2439%,4,37,41,37,4,0,0
0x545585,98.5663%,4,275,279,0,0,4,275
0xaa2e46,99.3548%,4,616,620,0,0,4,616
0x9a0bf8,85.7143%,4,24,28,0,0,4,24
0x8a710c,92.8571%,4,52,56,52,4,0,0
0x40dc7d,99.7957%,4,1954,1958,1954,4,0,0
0x90e675,99.5609%,4,907,911,0,0,4,907
0x649aeb,87.5%,4,28,32,28,4,0,0
0xa50701,89.1892%,4,33,37,33,4,0,0
0x533a73,55.5556%,4,5,9,5,4,0,0
0xa5836a,50%,4,4,8,0,0,4,4
0x983a5c,94.6667%,4,71,75,0,0,4,71
0xaad22b,42.8571%,4,3,7,0,0,4,3
0xa3720e,60%,4,6,10,6,4,0,0
0x8e5766,91.6667%,4,44,48,13,3,1,31
0xa90a84,0%,4,0,4,0,4,0,0
0xa056e2,20%,4,1,5,0,1,3,1
0x8c873d,90.9091%,4,40,44,0,0,4,40
0xa9c9b5,88.2353%,4,30,34,0,0,4,30
0x5456cc,99.6198%,4,1048,1052,0,0,4,1048
0x90d99b,99.9921%,4,50929,50933,50929,4,0,0
0x7c75cc,66.6667%,4,8,12,8,0,4,0
0x9e0b82,98.4436%,4,253,257,0,0,4,253
0x5561b1,98.3871%,4,244,248,244,4,0,0
0x942beb,94.6667%,4,71,75,0,0,4,71
0xb1b6e4,99.602%,4,1001,1005,0,0,4,1001
0x4c0426,95.3488%,4,82,86,82,4,0,0
0x49c3d6,75%,4,12,16,4,2,2,8
0x548bf5,42.8571%,4,3,7,0,0,4,3
0x48e72a,96.0784%,4,98,102,0,0,4,98
0x8ea6af,0%,4,0,4,0,4,0,0
0x64af68,99.9297%,4,5683,5687,0,0,4,5683
0x978437,99.1614%,4,473,477,0,0,4,473
0x4ab271,63.6364%,4,7,11,6,2,2,1
0x5f325e,20%,4,1,5,0,0,4,1
0x48fc05,0%,4,0,4,0,4,0,0
0x556fe5,95.2941%,4,81,85,0,0,4,81
0x9f47dd,50%,4,4,8,0,0,4,4
0xad4540,20%,4,1,5,1,4,0,0
0x8a77a3,94.8052%,4,73,77,4,1,3,69
0x8051c0,98.7879%,4,326,330,326,4,0,0
0xa6500f,0%,4,0,4,0,0,4,0
0xa471d4,97.6048%,4,163,167,0,0,4,163
0xa3fd6b,33.3333%,4,2,6,2,4,0,0
0x910fbd,99.0826%,4,432,436,432,4,0,0
0x4a852d,50%,4,4,8,2,4,0,2
0x5fb1ec,94.8052%,4,73,77,0,0,4,73
0x8e92ca,0%,4,0,4,0,4,0,0
0x51131a,99.9143%,4,4663,4667,4663,4,0,0
0x48f018,96.8992%,4,125,129,0,0,4,125
0xa42ea1,0%,4,0,4,0,0,4,0
0x64be5e,96.6387%,4,115,119,0,0,4,115
0x48ee66,98.7915%,4,327,331,0,0,4,327
0x490063,60%,4,6,10,6,4,0,0
0x94eb77,95.5556%,4,86,90,0,0,4,86
0x5d88a6,86.6667%,4,26,30,26,4,0,0
0x8f12a9,90%,4,36,40,0,0,4,36
0x951035,96.2264%,4,102,106,102,2,2,0
0x98d0c3,42.8571%,4,3,7,0,0,4,3
0x49c957,77.7778%,4,14,18,14,4,0,0
0x8bd864,78.9474%,4,15,19,14,2,2,1
0x65c67d,0%,4,0,4,0,0,4,0
0x44192e,63.6364%,4,7,11,0,0,4,7
0x5af6f8,55.5556%,4,5,9,5,4,0,0
0x65b254,69.2308%,4,9,13,0,0,4,9
0x8d39d9,60%,4,6,10,6,4,0,0
0x648c2d,69.2308%,4,9,13,9,4,0,0
0x9bd57a,92.7273%,4,51,55,0,0,4,51
0x488bd3,97.9798%,4,194,198,0,2,2,194
0x670407,96.9925%,4,129,133,0,0,4,129
0x7c9b2d,0%,4,0,4,0,0,4,0
0x9a3edf,85.7143%,4,24,28,0,0,4,24
0x53f372,0%,4,0,4,0,0,4,0
0x942cf7,94.6667%,4,71,75,71,4,0,0
0x5faf5b,66.6667%,4,8,12,8,4,0,0
0x507d2b,0%,4,0,4,0,0,4,0
0x9fe548,97.0149%,4,130,134,130,4,0,0
0x48c581,60%,4,6,10,6,4,0,0
0x8e9292,95.2941%,4,81,85,81,1,3,0
0x9799bb,88.8889%,4,32,36,0,0,4,32
0x81bccf,99.2322%,4,517,521,0,0,4,517
0xa03ab0,93.5484%,4,58,62,58,0,4,0
0x590c07,63.6364%,4,7,11,2,3,1,5
0x554d2a,0%,4,0,4,0,0,4,0
0x4c285e,95.2381%,4,80,84,80,3,1,0
0x49c0b9,0%,4,0,4,0,4,0,0
0x9a97d4,80%,4,16,20,16,4,0,0
0x780eea,99.5745%,4,936,940,936,4,0,0
0x96ae3f,80.9524%,4,17,21,0,0,4,17
0x8d20bc,33.3333%,4,2,6,0,2,2,2
0x8128a2,87.8788%,4,29,33,0,0,4,29
0x63e5cb,99.5062%,4,806,810,806,4,0,0
0x591416,33.3333%,4,2,6,2,4,0,0
0xa2f7f3,97.2414%,4,141,145,141,4,0,0
0x555a8b,92.7273%,4,51,55,51,4,0,0
0x402e84,88.2353%,4,30,34,30,4,0,0
0x99bb8e,80%,4,16,20,16,4,0,0
0x4ca4db,60%,4,6,10,0,0,4,6
0x4419cb,63.6364%,4,7,11,0,0,4,7
0x540cfe,99.7722%,4,1752,1756,0,2,2,1752
0x5f59eb,71.4286%,4,10,14,0,2,2,10
0x559209,42.8571%,4,3,7,0,3,1,3
0xa31f3c,88.8889%,4,32,36,0,0,4,32
0x63c5fb,99.5838%,4,957,961,0,0,4,957
0x49e944,99.8631%,4,2918,2922,2918,4,0,0
0x65bae0,99.7748%,4,1772,1776,1772,4,0,0
0x48d719,80.9524%,4,17,21,0,0,4,17
0xa4a674,87.8788%,4,29,33,0,0,4,29
0x4059c9,96.7213%,4,118,122,88,0,4,30
0xa26cbc,60%,4,6,10,1,3,1,5
0x48f3da,66.6667%,4,8,12,0,0,4,8
0xa01e40,94.1176%,4,64,68,64,4,0,0
0xa58719,0%,4,0,4,0,0,4,0
0xa91ef5,0%,4,0,4,0,4,0,0
0x9e15e6,85.1852%,4,23,27,0,0,4,23
0x4ba94c,91.6667%,4,44,48,0,0,4,44
0xa29702,42.8571%,4,3,7,2,1,3,1
0xa9173c,88.8889%,4,32,36,0,2,2,32
0x70c2d8,33.3333%,4,2,6,2,4,0,0
0x8435cc,0%,4,0,4,0,4,0,0
0xa4ed97,97.5309%,4,158,162,0,0,4,158
0x4b8640,63.6364%,4,7,11,0,0,4,7
0x911a26,99.7834%,4,1843,1847,1843,4,0,0
0x648648,92.8571%,4,52,56,52,4,0,0
0x9731f3,90.4762%,4,38,42,1,1,3,37
0x63ee13,99.7846%,4,1853,1857,1853,4,0,0
0x9fb78d,98.1395%,4,211,215,211,4,0,0
0x40952f,50%,4,4,8,4,4,0,0
0x490386,94.9367%,4,75,79,0,0,4,75
0xa97a91,73.3333%,4,11,15,8,2,2,3
0xa55c69,33.3333%,4,2,6,2,4,0,0
0x8a8fbd,97.1429%,4,136,140,136,4,0,0
0x99e7a7,69.2308%,4,9,13,0,0,4,9
0x53dc6b,60%,4,6,10,0,0,4,6
0x5dfb9c,71.4286%,4,10,14,10,4,0,0
0x4038c0,98.9744%,4,386,390,3,0,4,383
0x4c02c5,89.4737%,4,34,38,11,2,2,23
0x55460b,99.6716%,4,1214,1218,1214,4,0,0
0x58bc94,93.75%,4,60,64,0,0,4,60
0x900cbe,98.8024%,4,330,334,0,0,4,330
0x5fb255,73.3333%,4,11,15,11,4,0,0
0x4c63e6,86.2069%,4,25,29,2,3,1,23
0x48f132,86.6667%,4,26,30,26,4,0,0
0x7c73d4,75%,4,12,16,0,0,4,12
0x4c668c,75%,4,12,16,8,4,0,4
0x9f4190,87.8788%,4,29,33,29,4,0,0
0x4b9ab9,50%,4,4,8,0,4,0,4
0x492f5b,88.2353%,4,30,34,30,4,0,0
0x5dfc4f,71.4286%,4,10,14,10,4,0,0
0x51b6d9,20%,4,1,5,0,0,4,1
0x5c481a,50%,4,4,8,2,2,2,2
0x97300c,85.1852%,4,23,27,10,2,2,13
0x495f20,92.7273%,4,51,55,0,0,4,51
0x7f370d,73.3333%,4,11,15,11,0,4,0
0x9e5b98,89.7436%,4,35,39,31,4,0,4
0x40bbfc,96.1538%,4,100,104,0,0,4,100
0x8f1f76,97.9167%,4,188,192,188,4,0,0
0x58e744,33.3333%,4,2,6,0,0,4,2
0x907537,87.8788%,4,29,33,0,0,4,29
0x7817ce,93.6508%,4,59,63,0,0,4,59
0x97768f,99.7582%,4,1650,1654,0,0,4,1650
0x8e9d02,20%,4,1,5,1,0,4,0
0x5c6d65,98.2063%,4,219,223,219,4,0,0
0xa64cb2,33.3333%,4,2,6,2,4,0,0
0x4ab4ec,33.3333%,4,2,6,0,0,4,2
0x9a630a,71.4286%,4,10,14,0,0,4,10
0x8a62c8,97.0588%,4,132,136,0,0,4,132
0x6229aa,60%,4,6,10,6,4,0,0
0x55470e,93.75%,4,60,64,0,0,4,60
0x8f4284,99.8411%,4,2514,2518,0,0,4,2514
0x482038,0%,4,0,4,0,0,4,0
0x980fd9,93.9394%,4,62,66,0,0,4,62
0x94d5f6,99.2908%,4,560,564,0,0,4,560
0x8a65dd,76.4706%,4,13,17,13,4,0,0
0xa4a2ff,77.7778%,4,14,18,0,0,4,14
0x49c652,99.1247%,4,453,457,0,0,4,453
0x8a6668,76.4706%,4,13,17,0,4,0,13
0x5020ff,94.8718%,4,74,78,0,0,4,74
0x5467ef,42.8571%,4,3,7,3,2,2,0
0xa50fde,0%,4,0,4,0,4,0,0
0x48e430,97.351%,4,147,151,0,0,4,147
0x67af65,99.8549%,4,2753,2757,0,0,4,2753
0x9cfbf0,96.748%,4,119,123,5,3,1,114
0x557729,99.2248%,4,512,516,0,0,4,512
0x9f3a43,42.8571%,4,3,7,2,2,2,1
0x4c234a,75%,4,12,16,5,3,1,7
0x5342eb,96.0396%,4,97,101,0,3,1,97
0x4ca68a,20%,4,1,5,0,3,1,1
0x49ec4a,96.6102%,4,114,118,114,4,0,0
0x8d9ee1,95.1807%,4,79,83,79,4,0,0
0x554f4f,98.6532%,4,293,297,293,0,4,0
0xb0a707,98.8406%,4,341,345,0,0,4,341
0x4b7217,63.6364%,4,7,11,7,4,0,0
0x643a3f,88.2353%,4,30,34,0,0,4,30
0x409a2e,77.7778%,4,14,18,4,1,3,10
0x49c09c,0%,4,0,4,0,4,0,0
0x78b6cd,66.6667%,4,8,12,0,0,4,8
0x50a6fb,94.2857%,4,66,70,0,0,4,66
0xa90d13,93.6508%,4,59,63,59,4,0,0
0x94c7b0,99.2908%,4,560,564,0,0,4,560
0xace313,95.2941%,4,81,85,81,4,0,0
0x783cc3,97.4359%,4,152,156,0,0,4,152
0xa4677c,66.6667%,4,8,12,0,0,4,8
0x9f95e8,92.4528%,4,49,53,49,4,0,0
0x9e1af6,96.6102%,4,114,118,0,0,4,114
0x4bcce7,90.4762%,4,38,42,0,3,1,38
0x4b64cb,97.4194%,4,151,155,0,0,4,151
0x97328f,90%,4,36,40,36,4,0,0
0x9e1a44,75%,4,12,16,0,0,4,12
0x81b81b,66.6667%,4,8,12,8,4,0,0
0x4c407b,98.0392%,4,200,204,0,0,4,200
0x4c68ad,80%,4,16,20,11,1,3,5
0x4bc5db,60%,4,6,10,6,4,0,0
0xa90b94,94.8718%,4,74,78,0,0,4,74
0xaa8feb,82.6087%,4,19,23,19,4,0,0
0x7b7f4a,97.1631%,4,137,141,137,4,0,0
0xa49a39,60%,4,6,10,6,0,4,0
0xa441c9,92.3077%,4,48,52,48,4,0,0
0xa47a48,55.5556%,4,5,9,5,4,0,0
0x781a8a,97.4359%,4,152,156,0,0,4,152
0x781a94,97.4359%,4,152,156,152,4,0,0
0x98cee8,66.6667%,4,8,12,0,0,4,8
0xa441ef,66.6667%,4,8,12,8,4,0,0
0xa47b0f,20%,4,1,5,1,4,0,0
0x4c98ac,50%,4,4,8,3,3,1,1
0x5cf330,75%,4,12,16,8,1,3,4
0x5cf33b,42.8571%,4,3,7,2,1,3,1
0x9e0590,93.1034%,4,54,58,54,4,0,0
0x4b6758,63.6364%,4,7,11,0,0,4,7
0xa45e64,0%,4,0,4,0,4,0,0
0x8a6549,42.8571%,4,3,7,3,4,0,0
0xa2d665,97.9381%,4,190,194,0,0,4,190
0x80bb30,20%,4,1,5,1,4,0,0
0xa46858,95.3488%,4,82,86,82,4,0,0
0xa494ad,99.0361%,4,411,415,0,0,4,411
0x53c4f1,98.9796%,4,388,392,388,4,0,0
0x5338a1,77.7778%,4,14,18,0,0,4,14
0x54d686,80%,4,16,20,0,0,4,16
0x61dc4f,80%,4,16,20,0,0,4,16
0x53c592,78.9474%,4,15,19,4,4,0,11
0xa4670a,75%,4,12,16,12,4,0,0
0x4a2177,66.6667%,4,8,12,0,4,0,8
0x99f67e,96.0784%,4,98,102,0,0,4,98
0xa4886b,97.7528%,4,174,178,0,0,4,174
0x50ee4b,90.9091%,4,40,44,0,0,4,40
0x5033fb,89.1892%,4,33,37,31,4,0,2
0x804340,55.5556%,4,5,9,0,2,2,5
0x50ef4f,50%,4,4,8,0,0,4,4
0x9e6be5,92.4528%,4,49,53,49,4,0,0
0xa2db0b,71.4286%,4,10,14,0,0,4,10
0x40e84a,60%,4,6,10,5,0,4,1
0x40e8fc,60%,4,6,10,1,4,0,5
0x7d2dd2,71.4286%,4,10,14,10,4,0,0
0x40e96a,20%,4,1,5,1,4,0,0
0x51af57,94.8052%,4,73,77,1,1,3,72
0x80de70,96.4912%,4,110,114,0,0,4,110
0x8fd820,33.3333%,4,2,6,0,0,4,2
0x901700,97.861%,4,183,187,0,0,4,183
0x4022f2,92.7273%,4,51,55,0,1,3,51
0x4c27f4,33.3333%,4,2,6,2,3,1,0
0x4b9db8,99.6899%,4,1286,1290,1286,4,0,0
0xa47c26,90.4762%,4,38,42,0,3,1,38
0x4b9f08,98.8372%,4,340,344,0,0,4,340
0xa4107f,91.1111%,4,41,45,1,1,3,40
0x9027a2,89.7436%,4,35,39,0,0,4,35
0x60c6f4,42.8571%,4,3,7,3,4,0,0
0x9c50ea,50%,4,4,8,0,0,4,4
0x9c5159,50%,4,4,8,4,0,4,0
0x4c667b,85.7143%,4,24,28,0,0,4,24
0xa5cfaf,96.5217%,4,111,115,0,0,4,111
0x53fd1d,98.6711%,4,297,301,0,0,4,297
0x9f7c39,69.2308%,4,9,13,0,0,4,9
0x4c80b9,81.8182%,4,18,22,4,1,3,14
0x4c81a0,81.8182%,4,18,22,0,0,4,18
0x4c5c78,50%,4,4,8,0,0,4,4
0x4c5e7e,50%,4,4,8,0,0,4,4
0x5e59b3,99.5031%,4,801,805,801,4,0,0
0xa15b16,33.3333%,4,2,6,0,4,0,2
0x96adc9,80.9524%,4,17,21,17,2,2,0
0xa97f09,66.6667%,4,8,12,0,0,4,8
0x8efdfb,88.8889%,4,32,36,32,4,0,0
0x959045,93.3333%,4,56,60,0,0,4,56
0xa904de,95.2941%,4,81,85,25,3,1,56
0x4c4d9a,63.6364%,4,7,11,0,0,4,7
0x806432,83.3333%,4,20,24,5,3,1,15
0x4bd69b,80.9524%,4,17,21,2,0,4,15
0x4c2f9f,69.2308%,4,9,13,0,0,4,9
0xa9454d,86.2069%,4,25,29,0,0,4,25
0x4c39ad,69.2308%,4,9,13,3,3,1,6
0x533a49,55.5556%,4,5,9,0,0,4,5
0xa0758a,42.8571%,4,3,7,1,3,1,2
0x610968,69.2308%,4,9,13,0,0,4,9
0x4b8ea1,0%,4,0,4,0,0,4,0
0xa94977,83.3333%,4,20,24,0,0,4,20
0xa9492c,83.3333%,4,20,24,0,0,4,20
0x8ee546,90.4762%,4,38,42,0,0,4,38
0x4b9675,69.2308%,4,9,13,7,4,0,2
0xa314da,92.3077%,4,48,52,0,0,4,48
0xa2da29,60%,4,6,10,6,4,0,0
0x8dc403,0%,4,0,4,0,0,4,0
0x4bfdf0,84%,4,21,25,21,4,0,0
0x4c0733,95.3488%,4,82,86,0,0,4,82
0xa32c04,99.5685%,4,923,927,923,4,0,0
0x804401,33.3333%,4,2,6,2,4,0,0
0x60bc01,55.5556%,4,5,9,5,4,0,0
0x4b7977,85.1852%,4,23,27,23,4,0,0
0xa3118d,97.1631%,4,137,141,0,0,4,137
0x441dfd,63.6364%,4,7,11,0,0,4,7
0x4bd732,33.3333%,4,2,6,0,0,4,2
0xa31b49,97.8022%,4,178,182,0,0,4,178
0x48e036,95.122%,4,78,82,0,0,4,78
0x60ae22,92%,4,46,50,46,4,0,0
0x5386d8,99.5859%,4,962,966,0,0,4,962
0x83902f,75%,4,12,16,0,0,4,12
0x4be362,63.6364%,4,7,11,0,0,4,7
0xa06e33,0%,4,0,4,0,4,0,0
0x8d4182,94.3662%,4,67,71,0,0,4,67
0x9ed7be,98.0198%,4,198,202,198,4,0,0
0x4b8258,63.6364%,4,7,11,7,4,0,0
0x4be78b,55.5556%,4,5,9,0,4,0,5
0x9745fe,97.3684%,4,148,152,0,0,4,148
0x8fd207,50%,4,4,8,0,2,2,4
0x4bb8d2,92.8571%,4,52,56,0,0,4,52
0xa39d0c,95.1807%,4,79,83,0,0,4,79
0xa39bcf,95.1807%,4,79,83,79,4,0,0
0x4bf4da,94.1176%,4,64,68,26,4,0,38
0xa60a4f,98.6842%,4,300,304,0,0,4,300
0x984044,97.2603%,4,142,146,142,4,0,0
0x810866,94.6667%,4,71,75,0,0,4,71
0xaa461c,95.9596%,4,95,99,0,0,4,95
0x65c342,93.8462%,4,61,65,0,0,4,61
0x8ddc29,96.4286%,4,108,112,0,0,4,108
0x506229,63.6364%,4,7,11,4,0,4,3
0x9fbabd,98.1395%,4,211,215,211,4,0,0
0x9fc48c,98.6928%,4,302,306,88,3,1,214
0x9fe37e,97.0149%,4,130,134,0,0,4,130
0x9fe3c1,95.7447%,4,90,94,90,4,0,0
0x9fe3e2,97.0149%,4,130,134,0,3,1,130
0x5f8189,97.3333%,4,146,150,0,4,0,146
0x50b3eb,50%,4,4,8,0,0,4,4
0x50b3f8,50%,4,4,8,3,1,3,1
0x977b9a,42.8571%,4,3,7,3,4,0,0
0x50b537,0%,4,0,4,0,4,0,0
0x5338b4,77.7778%,4,14,18,14,4,0,0
0x503f31,42.8571%,4,3,7,3,4,0,0
0x4ba956,87.0968%,4,27,31,27,4,0,0
0x4c81d3,81.8182%,4,18,22,1,3,1,17
0x98d091,42.8571%,4,3,7,3,4,0,0
0x543876,93.4426%,4,57,61,0,0,4,57
0x9fc8a5,42.8571%,4,3,7,0,0,4,3
0x410861,92.5926%,4,50,54,0,0,4,50
0x9fcafc,84%,4,21,25,0,0,4,21
0x808ba6,98.7879%,4,326,330,0,0,4,326
0x53f154,50%,4,4,8,4,0,4,0
0x40e430,0%,4,0,4,0,4,0,0
0x5451ea,0%,4,0,4,0,0,4,0
0x48f0e6,96.8992%,4,125,129,0,0,4,125
0x9fceb3,84%,4,21,25,0,0,4,21
0x9fd22e,42.8571%,4,3,7,3,4,0,0
0xa258b4,78.9474%,4,15,19,14,0,4,1
0x9fc59b,71.4286%,4,10,14,0,0,4,10
0x507eee,97.0588%,4,132,136,0,0,4,132
0x503a7b,93.4426%,4,57,61,56,4,0,1
0x50aca3,66.6667%,4,8,12,6,4,0,2
0x50e4ee,33.3333%,4,2,6,0,0,4,2
0x503e88,91.6667%,4,44,48,0,3,1,44
0x9e3950,98.7013%,4,304,308,0,0,4,304
0x96a679,93.8462%,4,61,65,0,0,4,61
0x5ae66c,0%,4,0,4,0,2,2,0
0x810450,99.278%,4,550,554,0,0,4,550
0x9e6e1b,33.3333%,4,2,6,2,4,0,0
0x9e6e36,33.3333%,4,2,6,0,4,0,2
0x9e6ea7,50%,4,4,8,4,4,0,0
0x501fe3,95.6044%,4,87,91,0,0,4,87
0xb468d7,85.1852%,4,23,27,0,1,3,23
0x9e8174,83.3333%,4,20,24,0,0,4,20
0xa4b727,98.3122%,4,233,237,233,4,0,0
0x8050d2,86.6667%,4,26,30,14,1,3,12
0xa4a205,93.3333%,4,56,60,0,4,0,56
0xa33793,86.2069%,4,25,29,3,0,4,22
0xaaa658,42.8571%,4,3,7,0,0,4,3
0xa05fb5,55.5556%,4,5,9,0,0,4,5
0x5eef8b,77.7778%,4,14,18,3,2,2,11
0x509c29,92%,4,46,50,46,1,3,0
0xa39950,99.3421%,4,604,608,0,0,4,604
0x50ce91,87.0968%,4,27,31,27,4,0,0
0x9ebf70,93.4426%,4,57,61,50,1,3,7
0x9e84da,90.2439%,4,37,41,17,3,1,20
0x94a009,98.2063%,4,219,223,219,4,0,0
0x66647f,86.6667%,4,26,30,0,0,4,26
0x50caa8,80%,4,16,20,16,4,0,0
0x50cc50,80%,4,16,20,0,0,4,16
0xa6b470,0%,4,0,4,0,4,0,0
0x8ff573,82.6087%,4,19,23,0,0,4,19
0x904898,97.8378%,4,181,185,181,4,0,0
0x8340bd,33.3333%,4,2,6,0,0,4,2
0xa5564d,94.8052%,4,73,77,0,0,4,73
0x494fd4,33.3333%,4,2,6,0,4,0,2
0xa50b41,78.9474%,4,15,19,0,0,4,15
0xa50b54,78.9474%,4,15,19,1,4,0,14
0x90699a,94.9367%,4,75,79,75,4,0,0
0xa50aca,71.4286%,4,10,14,0,0,4,10
0xa43b13,96.9466%,4,127,131,127,4,0,0
0x675008,87.5%,4,28,32,0,0,4,28
0xa50d5d,0%,4,0,4,0,0,4,0
0x9042ba,55.5556%,4,5,9,5,4,0,0
0x5c83b1,33.3333%,4,2,6,2,4,0,0
0xa15ca6,71.4286%,4,10,14,7,0,4,3
0x820cb3,92%,4,46,50,46,3,1,0
0x5ffc37,91.3043%,4,42,46,42,4,0,0
0xa511f2,69.2308%,4,9,13,9,1,3,0
0xa521bc,94.8052%,4,73,77,0,0,4,73
0xa5245a,96.0396%,4,97,101,0,0,4,97
0x834294,97.5309%,4,158,162,158,4,0,0
0x4a97f9,0%,4,0,4,0,0,4,0
0x8374c9,20%,4,1,5,0,0,4,1
0x538bce,63.6364%,4,7,11,2,2,2,5
0xa4bc10,97.8022%,4,178,182,0,0,4,178
0x5441e4,77.7778%,4,14,18,5,4,0,9
0x590e5c,77.7778%,4,14,18,0,0,4,14
0xa2d3ec,0%,4,0,4,0,0,4,0
0x803807,98.9848%,4,390,394,0,0,4,390
0xa44c39,0%,4,0,4,0,4,0,0
0x9a392e,80.9524%,4,17,21,17,4,0,0
0xb1c3db,95.122%,4,78,82,0,0,4,78
0x5fa838,94.2029%,4,65,69,0,0,4,65
0x5ae5c6,84%,4,21,25,0,0,4,21
0x5f86b5,94.7368%,4,72,76,0,3,1,72
0xa32c4e,99.5685%,4,923,927,0,0,4,923
0xa4cbe4,0%,4,0,4,0,4,0,0
0x5414c4,50%,4,4,8,4,4,0,0
0x90e39a,94.0299%,4,63,67,0,0,4,63
0xb7db24,99.602%,4,1001,1005,1001,4,0,0
0xa52b69,98.1132%,4,208,212,0,0,4,208
0x40f81c,98.1132%,4,208,212,208,4,0,0
0x904297,80%,4,16,20,8,3,1,8
0xa58727,0%,4,0,4,0,0,4,0
0x906d5e,97.9592%,4,192,196,0,0,4,192
0x5fa71f,33.3333%,4,2,6,0,0,4,2
0xa53e00,97.561%,4,160,164,0,0,4,160
0x9736cf,55.5556%,4,5,9,4,1,3,1
0x5ff272,98.2906%,4,230,234,0,0,4,230
0x813696,93.4426%,4,57,61,0,0,4,57
0xa476e5,90.4762%,4,38,42,38,4,0,0
0x8bb621,95.7895%,4,91,95,0,0,4,91
0x4b87b7,63.6364%,4,7,11,0,0,4,7
0x8bb6b6,69.2308%,4,9,13,9,4,0,0
0xa4d4bc,94.0299%,4,63,67,63,4,0,0
0xa57900,84.6154%,4,22,26,1,4,0,21
0x5fadbd,87.8788%,4,29,33,29,4,0,0
0x812849,73.3333%,4,11,15,0,0,4,11
0x5fae9d,87.8788%,4,29,33,0,0,4,29
0x5fb68c,94.8052%,4,73,77,1,1,3,72
0xa586fc,50%,4,4,8,4,0,4,0
0xa54bbc,50%,4,4,8,0,2,2,4
0x5fe7a5,96.1905%,4,101,105,0,0,4,101
0x9f0507,95.7895%,4,91,95,91,4,0,0
0x9f93d4,87.5%,4,28,32,28,4,0,0
0xa722eb,0%,4,0,4,0,4,0,0
0xaab94b,95.7895%,4,91,95,0,0,4,91
0x9f3de5,69.2308%,4,9,13,0,3,1,9
0x9f5155,63.6364%,4,7,11,2,0,4,5
0xa4bc38,97.8022%,4,178,182,1,1,3,177
0x41081b,80.9524%,4,17,21,0,0,4,17
0x8f3e2c,98.6441%,4,291,295,0,0,4,291
0xa6b8ea,0%,4,0,4,0,4,0,0
0x90ec8b,98%,4,196,200,0,0,4,196
0x9eca4a,0%,4,0,4,0,4,0,0
0x403fd9,60%,4,6,10,0,0,4,6
0xa542b4,0%,4,0,4,0,4,0,0
0x5fd91d,33.3333%,4,2,6,0,0,4,2
0x9f9bfa,78.9474%,4,15,19,15,4,0,0
0x9f9620,83.3333%,4,20,24,20,4,0,0
0x4bcdc2,60%,4,6,10,6,4,0,0
0x5f12eb,55.5556%,4,5,9,0,0,4,5
0xa3b1ca,97.1429%,4,136,140,0,0,4,136
0xa07af9,50%,4,4,8,2,2,2,2
0xa3fdab,77.7778%,4,14,18,0,0,4,14
0x491448,97.4684%,4,154,158,0,0,4,154
0x9591b8,75%,4,12,16,12,1,3,0
0x59fca9,0%,4,0,4,0,2,2,0
0xa42e97,0%,4,0,4,0,0,4,0
0x648594,92.8571%,4,52,56,52,4,0,0
0x9746a1,94.1176%,4,64,68,0,0,4,64
0x95a7d1,0%,4,0,4,0,4,0,0
0x7b00e5,50%,4,4,8,0,0,4,4
0xa2e876,92.4528%,4,49,53,0,0,4,49
0x543f8c,91.1111%,4,41,45,0,0,4,41
0xa2ffda,98.2456%,4,224,228,224,4,0,0
0x9736e3,0%,4,0,4,0,4,0,0
0x7acd4b,80.9524%,4,17,21,17,2,2,0
0xa3641d,42.8571%,4,3,7,0,0,4,3
0xaa258e,84.6154%,4,22,26,1,3,1,21
0xaa25ea,81.8182%,4,18,22,0,0,4,18
0x9e18ee,93.9394%,4,62,66,62,4,0,0
0x80985b,20%,4,1,5,0,0,4,1
0x8099e2,42.8571%,4,3,7,3,4,0,0
0x99ce2a,55.5556%,4,5,9,5,4,0,0
0x99cf6d,55.5556%,4,5,9,0,0,4,5
0x49cdec,88.5714%,4,31,35,0,0,4,31
0xa352d3,33.3333%,4,2,6,2,1,3,0
0x49ce46,69.2308%,4,9,13,1,4,0,8
0x906d1a,97.9592%,4,192,196,192,4,0,0
0x97506a,20%,4,1,5,1,4,0,0
0x9752c1,33.3333%,4,2,6,0,3,1,2
0x63e060,99.5838%,4,957,961,957,4,0,0
0x9f2a6b,20%,4,1,5,0,0,4,1
0x97b9e4,96.4912%,4,110,114,0,0,4,110
0x97b7e5,80.9524%,4,17,21,0,2,2,17
0x9e830e,84%,4,21,25,0,0,4,21
0x9f52df,97.4843%,4,155,159,0,0,4,155
0x9f4708,98.8539%,4,345,349,0,2,2,345
0x9e11d6,84.6154%,4,22,26,22,4,0,0
0xa4fd05,0%,4,0,4,0,4,0,0
0x9f555b,95%,4,76,80,0,0,4,76
0x959f78,0%,4,0,4,0,0,4,0
0x9746ee,76.4706%,4,13,17,10,3,1,3
0x95a40d,0%,4,0,4,0,4,0,0
0xaab0ce,0%,4,0,4,0,4,0,0
0x95a77c,0%,4,0,4,0,0,4,0
0x95b12b,0%,4,0,4,0,4,0,0
0xa482c7,66.6667%,4,8,12,3,1,3,5
0xa372ea,50%,4,4,8,4,3,1,0
0x8fd33e,50%,4,4,8,2,2,2,2
0xaa8125,20%,4,1,5,1,4,0,0
0xaa813f,20%,4,1,5,1,4,0,0
0x619c00,71.4286%,4,10,14,10,4,0,0
0x619db7,20%,4,1,5,0,0,4,1
0x5ebef2,71.4286%,4,10,14,0,0,4,10
0x816b68,99.7017%,4,1337,1341,6,0,4,1331
0x60c40c,20%,4,1,5,0,0,4,1
0xa31057,20%,4,1,5,0,3,1,1
0x9027bf,83.3333%,4,20,24,8,4,0,12
0x7b80fe,55.5556%,4,5,9,2,0,4,3
0xa4a385,87.0968%,4,27,31,0,0,4,27
0x9a48ac,75%,4,12,16,0,0,4,12
0x8dc3a3,0%,4,0,4,0,0,4,0
0xa37953,60%,4,6,10,6,4,0,0
0x542382,98.1735%,4,215,219,215,4,0,0
0x818c2a,99.5163%,4,823,827,0,0,4,823
0xa0559e,86.2069%,4,25,29,19,2,2,6
0xa052fd,0%,4,0,4,0,0,4,0
0x5d05e3,80%,4,16,20,16,4,0,0
0x94af9c,75%,4,12,16,0,0,4,12
0x60bb0d,76.4706%,4,13,17,0,0,4,13
0xa39858,0%,4,0,4,0,0,4,0
0x8e02a9,0%,4,0,4,0,0,4,0
0xa084bf,20%,4,1,5,1,4,0,0
0x7c762f,0%,4,0,4,0,4,0,0
0xa08c7c,0%,4,0,4,0,0,4,0
0xa08ba2,55.5556%,4,5,9,0,4,0,5
0x5ecdae,50%,4,4,8,0,0,4,4
0x8109d9,66.6667%,4,8,12,8,4,0,0
0xa2fa04,0%,4,0,4,0,4,0,0
0x59e9f1,50%,4,4,8,2,2,2,2
0x59eb93,50%,4,4,8,4,4,0,0
0x908cb2,99.278%,4,550,554,550,4,0,0
0x5a5e3f,0%,4,0,4,0,0,4,0
0x7aedb3,63.6364%,4,7,11,0,0,4,7
0x7b1244,76.4706%,4,13,17,8,4,0,5
0x7aee47,33.3333%,4,2,6,0,0,4,2
0x7aee68,33.3333%,4,2,6,0,0,4,2
0x7b00c4,50%,4,4,8,0,0,4,4
0x50b791,0%,4,0,4,0,0,4,0
0x90087d,92.9825%,4,53,57,0,0,4,53
0x50901a,33.3333%,4,2,6,2,4,0,0
0x505289,66.6667%,4,8,12,0,0,4,8
0x446556,99.3186%,4,583,587,0,0,4,583
0x504787,42.8571%,4,3,7,0,0,4,3
0x499e82,75%,4,12,16,12,4,0,0
0x943e3b,60%,4,6,10,0,0,4,6
0x9ef41f,93.3333%,4,56,60,0,0,4,56
0x78a6ab,60%,4,6,10,0,0,4,6
0x78d5d7,94.2029%,4,65,69,2,3,1,63
0x4991ad,87.0968%,4,27,31,27,4,0,0
0x78f637,71.4286%,4,10,14,0,0,4,10
0x5ff4b9,60%,4,6,10,3,3,1,3
0xa4301c,0%,4,0,4,0,0,4,0
0x5ff3f1,66.6667%,4,8,12,5,2,2,3
0x5ff3e6,33.3333%,4,2,6,0,2,2,2
0x7869b5,66.6667%,4,8,12,2,4,0,6
0xa363d4,98.6532%,4,293,297,293,4,0,0
0x557ac8,20%,4,1,5,1,1,3,0
0x619a58,80%,4,16,20,16,4,0,0
0x62299a,60%,4,6,10,0,0,4,6
0x80f0cc,99.2126%,4,504,508,504,2,2,0
0x809879,63.6364%,4,7,11,7,4,0,0
0x5e0354,0%,4,0,4,0,0,4,0
0x8dd0e2,0%,4,0,4,0,0,4,0
0xa96aa4,63.6364%,4,7,11,0,2,2,7
0xa994b5,63.6364%,4,7,11,0,0,4,7
0x809b50,94.6667%,4,71,75,71,4,0,0
0xa95fed,84.6154%,4,22,26,0,0,4,22
0xa9c68c,97.1831%,4,138,142,0,0,4,138
0xa96045,84.6154%,4,22,26,0,0,4,22
0x819977,98.7342%,4,312,316,0,0,4,312
0x80bdd0,60%,4,6,10,6,4,0,0
0xa9c780,97.1831%,4,138,142,0,0,4,138
0x8d2868,76.4706%,4,13,17,0,0,4,13
0xa9c79a,97.1831%,4,138,142,0,4,0,138
0xa722a5,0%,4,0,4,0,4,0,0
0x5dfd2f,0%,4,0,4,0,0,4,0
0x98c738,88.8889%,4,32,36,32,4,0,0
0x5f5683,0%,4,0,4,0,0,4,0
0xa9f19e,78.9474%,4,15,19,15,4,0,0
0x8f289f,90.9091%,4,40,44,40,4,0,0
0x61cd94,20%,4,1,5,0,0,4,1
0xa3d0da,50%,4,4,8,0,0,4,4
0x4a264d,99.1525%,4,468,472,0,0,4,468
0x80ded1,98.1818%,4,216,220,0,0,4,216
0x606ead,60%,4,6,10,3,4,0,3
0xa430d9,0%,4,0,4,0,0,4,0
0xa9d3bf,50%,4,4,8,4,4,0,0
0xa583c0,96.748%,4,119,123,0,0,4,119
0xa9190c,76.4706%,4,13,17,13,4,0,0
0xa5884c,97.2603%,4,142,146,0,0,4,142
0x4857f9,73.3333%,4,11,15,0,0,4,11
0x8d4243,63.6364%,4,7,11,7,4,0,0
0x4be453,0%,4,0,4,0,0,4,0
0x5ffd94,97.1014%,4,134,138,134,4,0,0
0x8fd812,33.3333%,4,2,6,0,0,4,2
0x4b63a4,20%,4,1,5,1,4,0,0
0x4b5eb5,60%,4,6,10,3,3,1,3
0x8d37db,80.9524%,4,17,21,2,3,1,15
0x80b44d,98.2833%,4,229,233,229,4,0,0
0x8d397c,94.3662%,4,67,71,0,0,4,67
0x959364,0%,4,0,4,0,0,4,0
0x8e9317,42.8571%,4,3,7,1,3,1,2
0x8d3b51,98.374%,4,242,246,242,2,2,0
0x8f6e6c,98.5965%,4,281,285,0,0,4,281
0xa8ef73,71.4286%,4,10,14,10,4,0,0
0x8d40b5,63.6364%,4,7,11,7,4,0,0
0x8d4123,63.6364%,4,7,11,5,4,0,2
0x48586e,33.3333%,4,2,6,0,0,4,2
0x5cf463,91.1111%,4,41,45,36,3,1,5
0x9d08e1,92.1569%,4,47,51,0,0,4,47
0x9d0947,92.1569%,4,47,51,47,4,0,0
0x9d32cf,92.7273%,4,51,55,0,0,4,51
0x55112e,76.4706%,4,13,17,13,4,0,0
0x804200,0%,4,0,4,0,0,4,0
0xa9411d,78.9474%,4,15,19,10,3,1,5
0x7f376d,73.3333%,4,11,15,0,0,4,11
0xaa63d7,95.5556%,4,86,90,86,4,0,0
0xa9bd26,60%,4,6,10,6,4,0,0
0xb22bb4,99.7859%,4,1864,1868,0,0,4,1864
0x9ff6cd,83.3333%,4,20,24,0,2,2,20
0xa928a1,33.3333%,4,2,6,2,4,0,0
0xa92929,33.3333%,4,2,6,0,0,4,2
0xa97758,60%,4,6,10,6,4,0,0
0x4bfffa,83.3333%,4,20,24,0,0,4,20
0xa545d7,50%,4,4,8,0,0,4,4
0x9f063c,60%,4,6,10,0,0,4,6
0x4c5c01,90.6977%,4,39,43,0,0,4,39
0xa550bc,66.6667%,4,8,12,2,2,2,6
0xa55856,33.3333%,4,2,6,1,1,3,1
0x547af9,99.5951%,4,984,988,984,4,0,0
0xa51e78,89.7436%,4,35,39,5,2,2,30
0x9e28b6,98.9556%,4,379,383,379,4,0,0
0x8ed137,33.3333%,4,2,6,1,1,3,1
0xa5684d,33.3333%,4,2,6,0,0,4,2
0x9f1da5,94.8718%,4,74,78,74,4,0,0
0xa501ff,94.5946%,4,70,74,70,4,0,0
0x9e2cf6,69.2308%,4,9,13,9,4,0,0
0x9e2d8d,75%,4,12,16,12,4,0,0
0x96ae75,78.9474%,4,15,19,0,0,4,15
0xa53199,60%,4,6,10,0,2,2,6
0x5b3a07,98.01%,4,197,201,197,4,0,0
0xa284d2,50%,4,4,8,0,0,4,4
0x8f0a03,55.5556%,4,5,9,4,1,3,1
0x9be6be,83.3333%,4,20,24,11,1,3,9
0x9ff61a,81.8182%,4,18,22,0,0,4,18
0xa63a92,0%,4,0,4,0,0,4,0
0xa63ac1,0%,4,0,4,0,0,4,0
0xa63cbe,0%,4,0,4,0,0,4,0
0x95b43d,63.6364%,4,7,11,7,4,0,0
0xa6501b,0%,4,0,4,0,0,4,0
0xa65027,0%,4,0,4,0,0,4,0
0xa65045,0%,4,0,4,0,0,4,0
0x95adfa,73.3333%,4,11,15,0,0,4,11
0x499ddf,91.6667%,4,44,48,0,0,4,44
0x499fff,75%,4,12,16,12,4,0,0
0x5062db,99.3818%,4,643,647,0,0,4,643
0x99bb67,80.9524%,4,17,21,0,1,3,17
0x5e78ce,94.5205%,4,69,73,69,4,0,0
0xa99c4e,0%,4,0,4,0,0,4,0
0x959ede,0%,4,0,4,0,4,0,0
0xa91bd4,97.0803%,4,133,137,133,4,0,0
0x489f71,94.1176%,4,64,68,0,0,4,64
0xa04b9d,90.4762%,4,38,42,0,0,4,38
0x4ad029,0%,4,0,4,0,0,4,0
0xaa14ca,84.6154%,4,22,26,22,4,0,0
0x9f4eb2,96.6942%,4,117,121,0,0,4,117
0x9e48bd,77.7778%,4,14,18,0,0,4,14
0x5f14ec,89.4737%,4,34,38,0,0,4,34
0xa5b4f3,55.5556%,4,5,9,0,0,4,5
0x5f12b2,93.75%,4,60,64,0,2,2,60
0xa5b460,0%,4,0,4,0,4,0,0
0x5ff58e,50%,4,4,8,4,2,2,0
0xa26050,99.1701%,4,478,482,0,0,4,478
0xa5aa5e,60%,4,6,10,6,4,0,0
0x99ed46,73.3333%,4,11,15,0,2,2,11
0x5bccfe,99.5851%,4,960,964,960,4,0,0
0x97111e,20%,4,1,5,0,0,4,1
0x606e27,50%,4,4,8,4,4,0,0
0xa567a0,77.7778%,4,14,18,12,0,4,2
0x972d7a,33.3333%,4,2,6,0,0,4,2
0x5511dd,0%,4,0,4,0,4,0,0
0xa285e4,55.5556%,4,5,9,2,1,3,3
0xa5381f,71.4286%,4,10,14,4,3,1,6
0xa53152,60%,4,6,10,0,2,2,6
0x9f4d6a,55.5556%,4,5,9,5,4,0,0
0xa53764,50%,4,4,8,0,0,4,4
0x9f0119,60%,4,6,10,5,3,1,1
0x9c53a1,50%,4,4,8,4,4,0,0
0x5bb7a6,99.5863%,4,963,967,0,0,4,963
0x5bbaba,33.3333%,4,2,6,0,0,4,2
0x5bac51,98.9418%,4,374,378,374,4,0,0
0xa99d5d,63.6364%,4,7,11,7,4,0,0
0x90126d,90%,4,36,40,0,0,4,36
0x98135d,95%,4,76,80,14,4,0,62
0x981383,94.6667%,4,71,75,0,0,4,71
0x5bad18,96.8992%,4,125,129,0,0,4,125
0x981cbd,80%,4,16,20,16,2,2,0
0xa4c6ec,0%,4,0,4,0,4,0,0
0x983dc3,75%,4,12,16,12,4,0,0
0xad4523,33.3333%,4,2,6,2,4,0,0
0x9c4f52,0%,4,0,4,0,4,0,0
0x51218c,89.7436%,4,35,39,35,4,0,0
0xa44069,93.75%,4,60,64,60,4,0,0
0xa37259,33.3333%,4,2,6,0,0,4,2
0xb17b7f,99.623%,4,1057,1061,0,0,4,1057
0x9c3da9,98.8439%,4,342,346,342,4,0,0
0xa07ac1,90%,4,36,40,36,3,1,0
0x985125,0%,4,0,4,0,0,4,0
0x9c7522,0%,4,0,4,0,4,0,0
0x5f8cdc,90.9091%,4,40,44,0,0,4,40
0x5f6304,0%,4,0,4,0,0,4,0
0x9735ff,55.5556%,4,5,9,0,0,4,5
0xa355d3,98.6755%,4,298,302,0,0,4,298
0xa02de4,96.2617%,4,103,107,103,4,0,0
0x80f956,89.1892%,4,33,37,33,2,2,0
0x984442,93.9394%,4,62,66,62,4,0,0
0xb24617,99.9664%,4,11895,11899,0,0,4,11895
0x8fe3db,98.7915%,4,327,331,0,0,4,327
0x49b1ab,75%,4,12,16,2,0,4,10
0xa2f8d8,97.5904%,4,162,166,162,4,0,0
0x5f1fce,87.8788%,4,29,33,29,4,0,0
0x8fcea6,90.9091%,4,40,44,0,0,4,40
0x97a476,77.7778%,4,14,18,0,4,0,14
0x97a488,71.4286%,4,10,14,9,3,1,1
0x6068fd,96.5217%,4,111,115,97,4,0,14
0xa3eee7,50%,4,4,8,0,0,4,4
0x9d1c48,33.3333%,4,2,6,1,2,2,1
0x9ee33b,96.3636%,4,106,110,0,0,4,106
0x6f09ef,75%,4,12,16,0,0,4,12
0x507fc2,99.3031%,4,570,574,570,4,0,0
0x6cdb4e,33.3333%,4,2,6,2,4,0,0
0x9aae2a,89.1892%,4,33,37,0,0,4,33
0xa09773,33.3333%,4,2,6,0,3,1,2
0xa098c7,20%,4,1,5,1,4,0,0
0x507d1d,77.7778%,4,14,18,10,4,0,4
0xa6cb39,85.1852%,4,23,27,23,0,4,0
0x6deb4f,0%,4,0,4,0,4,0,0
0x67e4b8,81.8182%,4,18,22,0,0,4,18
0x8f391a,99.5019%,4,799,803,799,4,0,0
0x5f5505,33.3333%,4,2,6,0,0,4,2
0x5f568a,0%,4,0,4,0,4,0,0
0x9f4726,99.3266%,4,590,594,0,0,4,590
0xa7bf3c,20%,4,1,5,1,4,0,0
0x666cf5,33.3333%,4,2,6,2,4,0,0
0x8a97e4,99.9694%,4,13048,13052,0,0,4,13048
0x666d19,33.3333%,4,2,6,1,1,3,1
0xa8e572,20%,4,1,5,1,0,4,0
0xa2f4e7,97.3333%,4,146,150,146,4,0,0
0x9bd40f,66.6667%,4,8,12,8,4,0,0
0xa9db1a,92.7273%,4,51,55,39,2,2,12
0x66d3e8,33.3333%,4,2,6,2,4,0,0
0x78918e,60%,4,6,10,0,0,4,6
0x619dc0,20%,4,1,5,1,4,0,0
0x4a7727,0%,4,0,4,0,2,2,0
0x58ccfa,97.8495%,4,182,186,182,4,0,0
0xa5eb9d,98.5714%,4,276,280,0,0,4,276
0x4c2309,75%,4,12,16,0,0,4,12
0x5509da,20%,4,1,5,1,3,1,0
0x5f27f1,20%,4,1,5,0,0,4,1
0x8a2382,66.6667%,4,8,12,0,2,2,8
0x5ff0c4,89.7436%,4,35,39,33,4,0,2
0x99d98a,96.8504%,4,123,127,0,0,4,123
0x99da0b,89.1892%,4,33,37,0,1,3,33
0x61076a,76.4706%,4,13,17,0,4,0,13
0x7d2b28,69.2308%,4,9,13,0,0,4,9
0x7b836f,85.1852%,4,23,27,21,4,0,2
0xa5bec0,87.5%,4,28,32,28,4,0,0
0x5c37fe,0%,4,0,4,0,4,0,0
0xa5c58a,96.3964%,4,107,111,0,2,2,107
0x556ff2,95.2941%,4,81,85,7,2,2,74
0x99dc2d,73.3333%,4,11,15,0,0,4,11
0x9e5e2f,76.4706%,4,13,17,13,4,0,0
0x7efda7,97.619%,4,164,168,0,0,4,164
0x4ad929,0%,4,0,4,0,4,0,0
0x99dc79,73.3333%,4,11,15,0,0,4,11
0x7efe05,97.3154%,4,145,149,145,4,0,0
0x7f0c05,20%,4,1,5,1,0,4,0
0x7f0c0a,0%,4,0,4,0,4,0,0
0x7f0c20,0%,4,0,4,0,4,0,0
0x7f0042,78.9474%,4,15,19,15,4,0,0
0x80f227,0%,4,0,4,0,4,0,0
0xab289b,99.9545%,4,8789,8793,8789,4,0,0
0x8bbba6,89.1892%,4,33,37,2,0,4,31
0x5bd793,96.6387%,4,115,119,0,0,4,115
0x6ceb8e,69.2308%,4,9,13,9,4,0,0
0x48e0f8,73.3333%,4,11,15,0,0,4,11
0xa8ab6d,95.1807%,4,79,83,0,0,4,79
0xa8abf2,95.1807%,4,79,83,0,0,4,79
0x5aefc7,81.8182%,4,18,22,18,4,0,0
0x5bc4f4,99.5851%,4,960,964,0,0,4,960
0x7ac253,33.3333%,4,2,6,2,4,0,0
0x981286,80%,4,16,20,14,4,0,2
0x5bd4ef,99.7238%,4,1444,1448,1444,4,0,0
0x9cfc3c,50%,4,4,8,4,4,0,0
0x5be197,99.7579%,4,1648,1652,1648,4,0,0
0x507383,63.6364%,4,7,11,0,0,4,7
0x409ba2,81.8182%,4,18,22,0,2,2,18
0x5ece06,50%,4,4,8,0,0,4,4
0x80506a,98.7879%,4,326,330,326,4,0,0
0x90a48a,90.9091%,4,40,44,0,0,4,40
0x5bd814,98.7915%,4,327,331,0,0,4,327
0x5bd71b,97.2414%,4,141,145,141,4,0,0
0xa0bc4b,42.8571%,4,3,7,0,0,4,3
0xa0bdc7,42.8571%,4,3,7,1,1,3,2
0xa0ba42,20%,4,1,5,1,0,4,0
0x48e0c9,84%,4,21,25,0,0,4,21
0x8b9f71,73.3333%,4,11,15,0,4,0,11
0xa95388,33.3333%,4,2,6,0,2,2,2
0xa95416,0%,4,0,4,0,0,4,0
0xa955ae,0%,4,0,4,0,0,4,0
0xa95900,0%,4,0,4,0,0,4,0
0xa959b9,0%,4,0,4,0,0,4,0
0xa2d38c,98.9848%,4,390,394,390,4,0,0
0x5a96cd,20%,4,1,5,0,0,4,1
0x8a67b2,55.5556%,4,5,9,5,4,0,0
0x816ce1,99.6761%,4,1231,1235,1231,3,1,0
0x8dba66,50%,4,4,8,4,4,0,0
0x5d2847,97.2414%,4,141,145,141,4,0,0
0x666d13,33.3333%,4,2,6,0,0,4,2
0x9177b8,97.8723%,4,184,188,184,4,0,0
0x6472ce,80%,4,16,20,2,3,1,14
0x4a78bb,99.7606%,4,1667,1671,0,0,4,1667
0x8ea9dd,99.6735%,4,1221,1225,1221,4,0,0
0x49bf36,33.3333%,4,2,6,2,4,0,0
0x8f1884,97.9167%,4,188,192,0,0,4,188
0x9013ca,95.8333%,4,92,96,92,4,0,0
0x901009,89.1892%,4,33,37,33,4,0,0
0x9f1d40,97.4194%,4,151,155,0,0,4,151
0x9ef50b,93.3333%,4,56,60,56,4,0,0
0x4a9d2e,42.8571%,4,3,7,3,4,0,0
0x9027de,66.6667%,4,8,12,0,0,4,8
0x8f4c1f,90%,4,36,40,0,0,4,36
0x9ff670,20%,4,1,5,0,0,4,1
0x40bc1c,96.1165%,4,99,103,0,0,4,99
0x606d95,50%,4,4,8,0,0,4,4
0x8dedee,69.2308%,4,9,13,0,1,3,9
0x90e6c3,99.5609%,4,907,911,907,4,0,0
0x409d4c,69.2308%,4,9,13,6,0,4,3
0x533bfd,55.5556%,4,5,9,0,0,4,5
0x8886db,81.8182%,4,18,22,0,0,4,18
0x404f07,83.3333%,4,20,24,8,4,0,12
0x678de3,82.6087%,4,19,23,0,0,4,19
0x8e4931,99.375%,4,636,640,0,0,4,636
0x8f26f8,99.1131%,4,447,451,447,4,0,0
0x9ff5ca,90%,4,36,40,0,0,4,36
0x495995,78.9474%,4,15,19,0,0,4,15
0x40ab45,33.3333%,4,2,6,0,0,4,2
0xa60941,97.8947%,4,186,190,186,4,0,0
0x409df1,97.1014%,4,134,138,134,4,0,0
0x65b124,69.2308%,4,9,13,9,4,0,0
0xa52dc4,98.8701%,4,350,354,0,0,4,350
0xaa4871,97.3154%,4,145,149,145,4,0,0
0x991396,96.2963%,4,104,108,104,4,0,0
0x5cb0ad,99.5485%,4,882,886,0,0,4,882
0x9ecbed,0%,4,0,4,0,4,0,0
0x50d658,94.9367%,4,75,79,75,4,0,0
0x8ff841,98.0392%,4,200,204,0,0,4,200
0x7d279d,96.3964%,4,107,111,0,0,4,107
0x9e6de5,95.4545%,4,84,88,83,2,2,1
0xa4a5a6,50%,4,4,8,4,4,0,0
0x7d21c5,0%,4,0,4,0,0,4,0
0x9714e8,42.8571%,4,3,7,1,1,3,2
0x81447f,99.2509%,4,530,534,530,4,0,0
0x5351b9,87.5%,4,28,32,28,4,0,0
0x60959c,98.4127%,4,248,252,0,0,4,248
0x9712bb,20%,4,1,5,1,4,0,0
0x8f0e11,90%,4,36,40,36,4,0,0
0xa5ec20,98.5714%,4,276,280,0,0,4,276
0x975137,78.9474%,4,15,19,0,0,4,15
0x59f196,0%,4,0,4,0,0,4,0
0xa3bc07,77.7778%,4,14,18,0,0,4,14
0x5f8d8a,20%,4,1,5,0,4,0,1
0x8dc5f5,0%,4,0,4,0,4,0,0
0x9c51a3,66.6667%,4,8,12,3,1,3,5
0x78079d,50%,4,4,8,0,0,4,4
0x403049,94.2029%,4,65,69,65,4,0,0
0x9a288c,73.3333%,4,11,15,0,0,4,11
0x9f831b,63.6364%,4,7,11,0,0,4,7
0x8f56d9,97.561%,4,160,164,0,0,4,160
0x64ba24,99.7137%,4,1393,1397,0,0,4,1393
0x918e37,98%,4,196,200,196,4,0,0
0xa2757f,96.3636%,4,106,110,106,4,0,0
0x8f3a71,97.7011%,4,170,174,0,0,4,170
0x9091b9,99.6448%,4,1122,1126,1122,4,0,0
0xa50e71,0%,4,0,4,0,0,4,0
0x4900dc,60%,4,6,10,0,0,4,6
0x6dcb4a,90.4762%,4,38,42,38,4,0,0
0x5ffcc4,96.875%,4,124,128,0,0,4,124
0x99aa39,96.0784%,4,98,102,0,0,4,98
0x404976,55.5556%,4,5,9,0,0,4,5
0x9178a6,96.8992%,4,125,129,0,0,4,125
0x8e3d87,97.4843%,4,155,159,0,0,4,155
0x5bc237,98.5866%,4,279,283,0,0,4,279
0x91002c,99.4118%,4,676,680,0,0,4,676
0x8fd9e5,20%,4,1,5,0,0,4,1
0xa90452,96.4912%,4,110,114,0,0,4,110
0xa595b4,98.0198%,4,198,202,0,0,4,198
0x6a3a5b,93.75%,4,60,64,36,2,2,24
0x838b1a,33.3333%,4,2,6,0,0,4,2
0x9a1486,94.2029%,4,65,69,0,0,4,65
0x90e198,99.3367%,4,599,603,0,0,4,599
0x81b72a,78.9474%,4,15,19,15,4,0,0
0x90a797,97.3856%,4,149,153,149,4,0,0
0x90a7c5,97.3856%,4,149,153,0,0,4,149
0x648c21,84.6154%,4,22,26,11,2,2,11
0x6a3b54,84.6154%,4,22,26,0,0,4,22
0x6f45df,33.3333%,4,2,6,2,4,0,0
0x5f7f52,42.8571%,4,3,7,3,4,0,0
0x6f4611,33.3333%,4,2,6,0,0,4,2
0xa094fb,66.6667%,4,8,12,0,0,4,8
0xa21282,66.6667%,4,8,12,8,0,4,0
0x72353b,99.7234%,4,1442,1446,0,0,4,1442
0x50aeff,33.3333%,4,2,6,1,3,1,1
0xa4ba6e,97.9381%,4,190,194,0,0,4,190
0x48f80b,77.7778%,4,14,18,0,0,4,14
0x5b6e8c,50%,4,4,8,0,0,4,4
0x49b954,50%,4,4,8,4,4,0,0
0x4ab130,63.6364%,4,7,11,5,0,4,2
0x49ad3c,33.3333%,4,2,6,2,1,3,0
0x80453b,76.4706%,4,13,17,2,2,2,11
0x9f4f0f,55.5556%,4,5,9,5,4,0,0
0x5ff42b,42.8571%,4,3,7,2,1,3,1
0x49cb36,33.3333%,4,2,6,2,4,0,0
0x99b00e,90%,4,36,40,36,4,0,0
0x7c8368,0%,4,0,4,0,0,4,0
0x7c86b8,0%,4,0,4,0,0,4,0
0x5bc339,87.8788%,4,29,33,29,4,0,0
0xa27689,99.6853%,4,1267,1271,1267,4,0,0
0x63aaf5,99.5128%,4,817,821,817,4,0,0
0x6d9a9d,50%,4,4,8,4,4,0,0
0x9e78d2,96.7213%,4,118,122,0,0,4,118
0xb48b58,99.6198%,4,1048,1052,0,0,4,1048
0x9461f1,78.9474%,4,15,19,15,4,0,0
0x63de8f,99.5838%,4,957,961,957,4,0,0
0x63dfe1,99.5838%,4,957,961,957,4,0,0
0x639c3e,99.3865%,4,648,652,648,4,0,0
0x5fe504,0%,4,0,4,0,0,4,0
0x9fe5a9,95.7447%,4,90,94,90,4,0,0
0x63e504,99.0762%,4,429,433,23,1,3,406
0x70c279,33.3333%,4,2,6,0,0,4,2
0x6f1742,66.6667%,4,8,12,8,4,0,0
0x63acf1,98.9583%,4,380,384,380,4,0,0
0x943d0b,50%,4,4,8,4,4,0,0
0x8a8f77,97.1429%,4,136,140,0,0,4,136
0x487e3f,71.4286%,4,10,14,0,0,4,10
0xa35cce,99.6708%,4,1211,1215,0,0,4,1211
0xa54f5c,84%,4,21,25,0,1,3,21
0x9a9f6e,96.3964%,4,107,111,0,0,4,107
0x482be7,78.9474%,4,15,19,15,4,0,0
0x482cf4,78.9474%,4,15,19,0,0,4,15
0x9725db,60%,4,6,10,0,0,4,6
0x59c3da,82.6087%,4,19,23,19,4,0,0
0x5ef99f,95.1807%,4,79,83,66,0,4,13
0x48b35b,90.6977%,4,39,43,0,0,4,39
0x49612f,66.6667%,4,8,12,8,1,3,0
0x950152,99.8111%,4,2114,2118,2114,4,0,0
0x95a179,0%,4,0,4,0,4,0,0
0x95b0ee,0%,4,0,4,0,4,0,0
0x88a0b7,81.8182%,4,18,22,0,0,4,18
0x483999,86.2069%,4,25,29,0,0,4,25
0x9a9723,80%,4,16,20,7,3,1,9
0x4935e7,76.4706%,4,13,17,13,4,0,0
0x61a37a,20%,4,1,5,0,0,4,1
0x540f7e,20%,4,1,5,0,0,4,1
0x9452d6,69.2308%,4,9,13,9,4,0,0
0x83a9b3,73.3333%,4,11,15,11,1,3,0
0x5afd23,84%,4,21,25,21,4,0,0
0x5afe36,84%,4,21,25,1,3,1,20
0x4a5ad7,80.9524%,4,17,21,0,0,4,17
0x490d7f,33.3333%,4,2,6,2,4,0,0
0x552b1d,87.5%,4,28,32,1,3,1,27
0x8db7a4,98.2143%,4,220,224,220,4,0,0
0x98c94a,96.3303%,4,105,109,0,0,4,105
0x481c1e,55.5556%,4,5,9,0,0,4,5
0x481e6b,55.5556%,4,5,9,5,4,0,0
0x77d894,33.3333%,4,2,6,0,4,0,2
0xa94c8e,0%,4,0,4,0,0,4,0
0x490c79,84.6154%,4,22,26,1,2,2,21
0x490c88,80%,4,16,20,0,0,4,16
0xa2fcae,98.2143%,4,220,224,0,0,4,220
0x90a652,90.9091%,4,40,44,0,0,4,40
0xa994d8,63.6364%,4,7,11,7,4,0,0
0xaae7b2,90.9091%,4,40,44,40,4,0,0
0x8eca48,94.2857%,4,66,70,0,0,4,66
0x9bc758,80.9524%,4,17,21,0,0,4,17
0x5b208f,77.7778%,4,14,18,14,4,0,0
0xa4724b,97.6048%,4,163,167,0,0,4,163
0x9776a0,99.7582%,4,1650,1654,0,0,4,1650
0x480240,78.9474%,4,15,19,0,0,4,15
0x4805e4,89.4737%,4,34,38,26,3,1,8
0x480614,89.4737%,4,34,38,27,2,2,7
0x9ed5f3,33.3333%,4,2,6,0,0,4,2
0xa51fa1,50%,4,4,8,3,3,1,1
0x4806dc,89.4737%,4,34,38,34,4,0,0
0x9783e3,99.7697%,4,1733,1737,0,0,4,1733
0x480edc,78.9474%,4,15,19,15,4,0,0
0x480f69,89.4737%,4,34,38,34,4,0,0
0xa58c4d,86.2069%,4,25,29,0,0,4,25
0x973193,99.3443%,4,606,610,0,0,4,606
0x9731d4,90.4762%,4,38,42,0,0,4,38
0x59f2dd,0%,4,0,4,0,2,2,0
0x90223a,99.7643%,4,1693,1697,0,2,2,1693
0x4818fc,86.2069%,4,25,29,25,4,0,0
0x4993e8,90.9091%,4,40,44,40,4,0,0
0x4831d4,96.5517%,4,112,116,0,0,4,112
0x483285,86.2069%,4,25,29,25,4,0,0
0x88df7d,33.3333%,4,2,6,0,0,4,2
0x8aad4d,81.8182%,4,18,22,18,4,0,0
0x97a45f,77.7778%,4,14,18,0,0,4,14
0x95a7a2,0%,4,0,4,0,0,4,0
0x551059,80.9524%,4,17,21,0,0,4,17
0x9ef29b,87.8788%,4,29,33,29,4,0,0
0x8fcbc7,99.703%,4,1343,1347,1,1,3,1342
0x405e59,83.3333%,4,20,24,0,0,4,20
0x4a5c87,97.9167%,4,188,192,48,4,0,140
0x8fcc90,98.8506%,4,344,348,0,0,4,344
0x404e98,89.4737%,4,34,38,2,0,4,32
0xa083c1,42.8571%,4,3,7,0,0,4,3
0x5098a5,99.8926%,4,3721,3725,3721,4,0,0
0x50d2a8,99.9119%,4,4537,4541,0,0,4,4537
0x9d1bc5,78.9474%,4,15,19,1,1,3,14
0x61098d,69.2308%,4,9,13,0,0,4,9
0x9e5f65,77.7778%,4,14,18,14,4,0,0
0x9fbf86,98.6928%,4,302,306,0,0,4,302
0x9cfe32,69.2308%,4,9,13,9,4,0,0
0x5feae7,92.4528%,4,49,53,49,4,0,0
0xa18afd,90.6977%,4,39,43,0,0,4,39
0x6663cc,98.7261%,4,310,314,308,4,0,2
0x50d2e4,98.6577%,4,294,298,269,3,1,25
0x9cfbff,96.5217%,4,111,115,2,2,2,109
0x4bf672,97.9798%,4,194,198,194,4,0,0
0xa2d2cd,98.9848%,4,390,394,0,0,4,390
0x51282f,80%,4,16,20,16,4,0,0
0x7aee0b,60%,4,6,10,3,1,3,3
0x9d0655,93.5484%,4,58,62,0,0,4,58
0xa90dfc,0%,4,0,4,0,0,4,0
0x5b15c2,85.7143%,4,24,28,14,3,1,10
0xa1b5c9,0%,4,0,4,0,4,0,0
0x49fc33,95.3488%,4,82,86,0,0,4,82
0x9fc6b4,71.4286%,4,10,14,0,2,2,10
0x5ef8ea,76.4706%,4,13,17,0,0,4,13
0x49eed9,92.8571%,4,52,56,0,0,4,52
0x4a1b49,82.6087%,4,19,23,0,0,4,19
0xa36c03,42.8571%,4,3,7,2,2,2,1
0x4bb7f8,78.9474%,4,15,19,1,1,3,14
0xa340ac,84%,4,21,25,21,4,0,0
0x5ebefa,71.4286%,4,10,14,10,4,0,0
0x951868,98.827%,4,337,341,0,0,4,337
0x5905d5,77.7778%,4,14,18,0,0,4,14
0x8aebf3,97.9798%,4,194,198,0,0,4,194
0x5f0cb6,88.2353%,4,30,34,0,0,4,30
0x5f0cc4,88.2353%,4,30,34,30,4,0,0
0x5f109a,98.6928%,4,302,306,302,4,0,0
0xa42add,99.5349%,4,856,860,0,0,4,856
0x4b85de,63.6364%,4,7,11,5,4,0,2
0x5556d7,98.4064%,4,247,251,0,3,1,247
0xb37344,71.4286%,4,10,14,0,0,4,10
0x5f0591,33.3333%,4,2,6,0,1,3,2
0x5f11a7,42.8571%,4,3,7,3,4,0,0
0xa4a0fe,96.9925%,4,129,133,0,0,4,129
0x60e4ce,99.1011%,4,441,445,441,4,0,0
0x64f417,81.8182%,4,18,22,16,4,0,2
0x60e6ca,95.9184%,4,94,98,18,1,3,76
0x488c7c,96.5812%,4,113,117,0,0,4,113
0x844434,99.1379%,4,460,464,0,0,4,460
0x60e3af,0%,4,0,4,0,4,0,0
0x9d0b4d,92.1569%,4,47,51,0,0,4,47
0xa5f948,99.0888%,4,435,439,0,4,0,435
0x40ea43,98.7382%,4,313,317,313,4,0,0
0x40eb82,98.7539%,4,317,321,0,4,0,317
0x9eee72,84.6154%,4,22,26,22,4,0,0
0x49140f,97.5155%,4,157,161,154,4,0,3
0x4c240f,97.619%,4,164,168,0,0,4,164
0xa5705e,97.619%,4,164,168,0,1,3,164
0x609b9d,98.4127%,4,248,252,248,4,0,0
0x609baf,98.4127%,4,248,252,0,0,4,248
0x609bb3,98.4127%,4,248,252,0,0,4,248
0x9a3ee6,85.7143%,4,24,28,0,0,4,24
0xa573f4,90.2439%,4,37,41,37,1,3,0
0x402fc1,94.2029%,4,65,69,65,4,0,0
0x4024ff,95.9184%,4,94,98,94,4,0,0
0xa5797f,90.6977%,4,39,43,0,0,4,39
0xa25fc7,99.4152%,4,680,684,680,4,0,0
0x977bd0,42.8571%,4,3,7,3,4,0,0
0x5d0908,77.7778%,4,14,18,14,4,0,0
0x49af8c,97.3154%,4,145,149,144,0,4,1
0x49194c,94.5946%,4,70,74,1,1,3,69
0xa56fbf,96.2963%,4,104,108,0,0,4,104
0x554760,93.75%,4,60,64,0,1,3,60
0xa41f79,98.9362%,4,372,376,0,0,4,372
0x4bc9b2,66.6667%,4,8,12,0,0,4,8
0x4950bc,85.7143%,4,24,28,24,3,1,0
0xa5ac7e,73.3333%,4,11,15,8,3,1,3
0x609c0d,97.6879%,4,169,173,169,4,0,0
0xa69ef4,0%,4,0,4,0,4,0,0
0xaa7c6f,60%,4,6,10,6,4,0,0
0xaa7d06,60%,4,6,10,0,0,4,6
0x64762e,80.9524%,4,17,21,0,1,3,17
0x5f1c40,42.8571%,4,3,7,0,0,4,3
0x647ba8,90.6977%,4,39,43,0,0,4,39
0x647c31,90.6977%,4,39,43,0,0,4,39
0x5f3aab,42.8571%,4,3,7,0,0,4,3
0x60c598,20%,4,1,5,0,0,4,1
0xa02f45,94.7368%,4,72,76,72,2,2,0
0x491963,94.4444%,4,68,72,0,0,4,68
0x63dc50,99.5838%,4,957,961,957,4,0,0
0x647d79,91.8367%,4,45,49,39,0,4,6
0xa25e6f,94.8718%,4,74,78,74,4,0,0
0x609db6,97.9381%,4,190,194,0,0,4,190
0x969eb4,89.7436%,4,35,39,35,4,0,0
0x96a63c,94.5946%,4,70,74,0,2,2,70
0x63e02c,99.5838%,4,957,961,957,4,0,0
0x9f23c7,95.0617%,4,77,81,77,2,2,0
0x9f405f,87.8788%,4,29,33,26,4,0,3
0x9ebb1a,98.0583%,4,202,206,202,4,0,0
0x81b066,89.1892%,4,33,37,0,2,2,33
0x5b029b,99.2157%,4,506,510,0,0,4,506
0x9f858b,55.5556%,4,5,9,0,0,4,5
0xa3eeab,50%,4,4,8,0,0,4,4
0x9a18db,80.9524%,4,17,21,0,0,4,17
0x9a0bd7,85.7143%,4,24,28,24,4,0,0
0xa0393a,94.7368%,4,72,76,72,4,0,0
0x806365,33.3333%,4,2,6,0,0,4,2
0x9ebecf,96.748%,4,119,123,0,0,4,119
0xa01c50,42.8571%,4,3,7,1,3,1,2
0x9a3ad2,69.2308%,4,9,13,0,0,4,9
0x9ea570,84.6154%,4,22,26,22,4,0,0
0x99e201,73.3333%,4,11,15,2,0,4,9
0x99e65e,69.2308%,4,9,13,0,0,4,9
0xa7b3dd,20%,4,1,5,1,4,0,0
0x99e99b,92.7273%,4,51,55,0,0,4,51
0xa06033,20%,4,1,5,1,4,0,0
0xa47c2d,89.7436%,4,35,39,0,0,4,35
0xa01736,90%,4,36,40,36,4,0,0
0xad4505,33.3333%,4,2,6,0,0,4,2
0xa2e035,98.3936%,4,245,249,0,0,4,245
0x5cb9ed,97.4194%,4,151,155,0,0,4,151
0xa512a9,75%,4,12,16,0,4,0,12
0xa35d90,99.1071%,4,444,448,0,0,4,444
0x60704b,80%,4,16,20,0,0,4,16
0x495fb6,92.7273%,4,51,55,0,0,4,51
0x41037e,97.8947%,4,186,190,0,0,4,186
0x4b871e,63.6364%,4,7,11,7,4,0,0
0x9e89ba,97.2414%,4,141,145,141,4,0,0
0x9e53c2,86.6667%,4,26,30,0,0,4,26
0x5b2af6,91.1111%,4,41,45,0,0,4,41
0x8fde60,96.4602%,4,109,113,0,1,3,109
0x5e0134,98.6207%,4,286,290,286,4,0,0
0x78abb3,42.8571%,4,3,7,0,0,4,3
0x5d1d2c,97.2414%,4,141,145,141,4,0,0
0xa33b98,94.4444%,4,68,72,68,4,0,0
0x492c8e,0%,4,0,4,0,0,4,0
0x618bac,94.2857%,4,66,70,0,0,4,66
0x59bfda,92.4528%,4,49,53,49,4,0,0
0x5b04c7,94.0299%,4,63,67,0,4,0,63
0x838893,20%,4,1,5,0,0,4,1
0x493589,73.3333%,4,11,15,11,4,0,0
0x54d813,75%,4,12,16,12,4,0,0
0x5d10d2,99.6787%,4,1241,1245,1241,4,0,0
0x4bcba8,90.4762%,4,38,42,35,4,0,3
0x5d23e7,99.6787%,4,1241,1245,1241,4,0,0
0x590616,78.9474%,4,15,19,15,4,0,0
0xa5a0d9,0%,4,0,4,0,4,0,0
0x54db36,94.8718%,4,74,78,38,1,3,36
0xaef6fd,50%,4,4,8,3,1,3,1
0xa7bee1,20%,4,1,5,0,0,4,1
0x5ffab0,98.4962%,4,262,266,262,4,0,0
0x9a23ef,92.9825%,4,53,57,0,0,4,53
0x4ad29c,80%,4,16,20,0,0,4,16
0xa3010c,20%,4,1,5,1,2,2,0
0x58dc00,97.351%,4,147,151,139,4,0,8
0x58cbc7,42.8571%,4,3,7,0,0,4,3
0x5f4042,42.8571%,4,3,7,2,1,3,1
0x5467c6,42.8571%,4,3,7,2,3,1,1
0xa2720f,55.5556%,4,5,9,0,0,4,5
0x495a03,78.9474%,4,15,19,1,0,4,14
0x6a395b,93.75%,4,60,64,60,4,0,0
0x492a30,42.8571%,4,3,7,0,0,4,3
0x492a4c,97.5758%,4,161,165,161,4,0,0
0x9bd116,94.4444%,4,68,72,0,0,4,68
0xb1ae20,99.0762%,4,429,433,0,0,4,429
0x9bd192,92.7273%,4,51,55,0,0,4,51
0x5fbf28,94.6667%,4,71,75,71,2,2,0
0x5b4314,80%,4,16,20,16,4,0,0
0x9f59fe,94.6667%,4,71,75,0,0,4,71
0x9bd5b5,83.3333%,4,20,24,0,0,4,20
0x9ed91e,93.75%,4,60,64,0,0,4,60
0x4ac895,73.3333%,4,11,15,0,0,4,11
0xa277ba,20%,4,1,5,1,4,0,0
0x9bd688,83.3333%,4,20,24,20,4,0,0
0x54798c,73.3333%,4,11,15,3,1,3,8
0x8d3809,0%,4,0,4,0,0,4,0
0x8bb93f,89.1892%,4,33,37,0,0,4,33
0x9bd52e,0%,4,0,4,0,4,0,0
0x94aa8f,99.2908%,4,560,564,560,4,0,0
0x9bdb86,0%,4,0,4,0,4,0,0
0x9bdbc7,0%,4,0,4,0,0,4,0
0x5db5b2,0%,4,0,4,0,4,0,0
0x9eda1d,42.8571%,4,3,7,3,4,0,0
0xaab136,99.8451%,4,2579,2583,0,0,4,2579
0xa2ddfc,88.8889%,4,32,36,19,0,4,13
0x8058b7,98.2143%,4,220,224,220,4,0,0
0x8df8f1,0%,4,0,4,0,0,4,0
0x4ade1f,80%,4,16,20,0,2,2,16
0xb2e723,99.95%,4,7991,7995,0,0,4,7991
0x7e2068,89.4737%,4,34,38,24,1,3,10
0x5960c1,69.2308%,4,9,13,0,0,4,9
0x816580,92.3077%,4,48,52,7,1,3,41
0x811c7a,92.7273%,4,51,55,0,0,4,51
0x8db775,98.7302%,4,311,315,0,0,4,311
0xa96887,98.2301%,4,222,226,0,0,4,222
0xa50bb5,95.0617%,4,77,81,77,4,0,0
0x81227b,95.9596%,4,95,99,95,4,0,0
0x4b8e99,0%,4,0,4,0,0,4,0
0xa2a7f1,50%,4,4,8,3,3,1,1
0x90195a,98.8796%,4,353,357,0,0,4,353
0x7c3bf7,92.1569%,4,47,51,47,4,0,0
0xa500d2,95.0617%,4,77,81,77,4,0,0
0xa027c6,96.3303%,4,105,109,0,0,4,105
0x98cc2e,77.7778%,4,14,18,0,0,4,14
0x8dce32,98.7302%,4,311,315,1,1,3,310
0x670012,96.9925%,4,129,133,129,4,0,0
0x679bfc,97.5309%,4,158,162,97,4,0,61
0x9f2af3,20%,4,1,5,0,0,4,1
0x9ec443,33.3333%,4,2,6,0,3,1,2
0x7894a7,50%,4,4,8,4,0,4,0
0x7c7f2d,0%,4,0,4,0,0,4,0
0x81c934,97.7401%,4,173,177,0,0,4,173
0x99d2e8,55.5556%,4,5,9,0,0,4,5
0x81a0ab,95.6044%,4,87,91,0,0,4,87
0x7a0fa5,88.5714%,4,31,35,31,4,0,0
0xa1595e,60%,4,6,10,0,0,4,6
0x7c79aa,87.5%,4,28,32,0,0,4,28
0x7e2098,69.2308%,4,9,13,0,0,4,9
0x9a34f0,96.6102%,4,114,118,114,4,0,0
0x7effff,78.9474%,4,15,19,15,4,0,0
0xa44015,93.75%,4,60,64,60,4,0,0
0xacfbee,90%,4,36,40,36,4,0,0
0xa1b03a,20%,4,1,5,0,4,0,1
0x8a6b8b,69.2308%,4,9,13,9,4,0,0
0x6f45a2,60%,4,6,10,6,0,4,0
0x9737fd,89.4737%,4,34,38,0,0,4,34
0x4a02b0,95.5556%,4,86,90,0,0,4,86
0x8f0d89,90%,4,36,40,0,0,4,36
0xa93934,63.6364%,4,7,11,7,4,0,0
0x40deed,96.2963%,4,104,108,0,2,2,104
0xa283e9,50%,4,4,8,3,3,1,1
0x4885af,99.8728%,4,3141,3145,0,0,4,3141
0x4a25b8,33.3333%,4,2,6,1,1,3,1
0x677d7f,99.2481%,4,528,532,0,0,4,528
0x402e0d,0%,4,0,4,0,0,4,0
0x977c2a,97.2028%,4,139,143,0,0,4,139
0x58fdd0,95.9596%,4,95,99,0,1,3,95
0x592e2f,92.5926%,4,50,54,0,4,0,50
0x8ed8a0,99.1189%,4,450,454,2,1,3,448
0xa06fc0,55.5556%,4,5,9,0,0,4,5
0x483b3d,78.9474%,4,15,19,15,3,1,0
0x6486ea,92.8571%,4,52,56,0,0,4,52
0x5fe82c,92.8571%,4,52,56,50,3,1,2
0xa37cb0,20%,4,1,5,0,0,4,1
0x819402,99.4845%,4,772,776,0,0,4,772
0x4a7896,33.3333%,4,2,6,0,0,4,2
0x9c4fc0,0%,4,0,4,0,0,4,0
0x80a478,99.5255%,4,839,843,839,2,2,0
0x9e04b7,93.1034%,4,54,58,0,0,4,54
0x5bd0af,99.5851%,4,960,964,960,4,0,0
0x8ff9f0,96.5217%,4,111,115,0,0,4,111
0xa53f1c,96.2617%,4,103,107,0,0,4,103
0x49dd65,85.7143%,4,24,28,0,0,4,24
0x900a0b,99.0868%,4,434,438,434,4,0,0
0xa55b31,33.3333%,4,2,6,1,3,1,1
0x495a78,90.2439%,4,37,41,0,0,4,37
0x9f7c86,69.2308%,4,9,13,4,0,4,5
0x59173a,97.1014%,4,134,138,5,1,3,129
0x8ef183,87.5%,4,28,32,0,0,4,28
0xa95aa6,0%,4,0,4,0,2,2,0
0x8bc7a2,98.7421%,4,314,318,0,0,4,314
0x811f46,99.1984%,4,495,499,0,4,0,495
0xa51d0f,66.6667%,4,8,12,0,4,0,8
0xaa81d3,20%,4,1,5,0,0,4,1
0x9fe785,89.1892%,4,33,37,0,0,4,33
0xa9c730,97.1831%,4,138,142,0,0,4,138
0x6411cf,99.7099%,4,1375,1379,0,0,4,1375
0x8dfc9c,90.4762%,4,38,42,38,2,2,0
0x5407e0,66.6667%,4,8,12,7,3,1,1
0x8a6af2,33.3333%,4,2,6,2,3,1,0
0x808787,85.1852%,4,23,27,23,4,0,0
0x5937bd,78.9474%,4,15,19,0,0,4,15
0x90685e,94.9367%,4,75,79,0,0,4,75
0xa087c7,50%,4,4,8,4,0,4,0
0x81e765,97.1223%,4,135,139,135,4,0,0
0x81a71f,99.9329%,4,5961,5965,0,0,4,5961
0x7817f8,0%,4,0,4,0,4,0,0
0xa5c88f,77.7778%,4,14,18,0,0,4,14
0xa29cef,75%,4,12,16,0,0,4,12
0x985192,50%,4,4,8,0,4,0,4
0x48c390,42.8571%,4,3,7,3,4,0,0
0x47ffb6,78.9474%,4,15,19,0,0,4,15
0x48bf6e,60%,4,6,10,0,0,4,6
0x7d30e0,99.262%,4,538,542,168,4,0,370
0x488060,60%,4,6,10,6,4,0,0
0x9e1239,85.1852%,4,23,27,23,4,0,0
0x808d3b,99.9517%,4,8274,8278,0,0,4,8274
0x8df5fe,85.1852%,4,23,27,0,1,3,23
0x722ea9,77.7778%,4,14,18,0,4,0,14
0x5da0aa,0%,4,0,4,0,4,0,0
0x9a3417,92.8571%,4,52,56,52,4,0,0
0xa9c646,91.3043%,4,42,46,42,4,0,0
0x40438d,98.7013%,4,304,308,304,4,0,0
0x50e34f,77.7778%,4,14,18,0,0,4,14
0x8337ed,66.6667%,4,8,12,8,2,2,0
0x59f8dc,0%,4,0,4,0,4,0,0
0x7ce0d8,99.7906%,4,1906,1910,1906,4,0,0
0x81f4bd,0%,4,0,4,0,0,4,0
0x6705e6,96.9925%,4,129,133,0,0,4,129
0xaa7dca,42.8571%,4,3,7,3,4,0,0
0x4ab1b6,89.1892%,4,33,37,0,0,4,33
0x82254b,99.0521%,4,418,422,0,0,4,418
0xa42c1c,92.5926%,4,50,54,0,0,4,50
0x5931db,71.4286%,4,10,14,0,0,4,10
0x81fa39,80%,4,16,20,4,4,0,12
0x80b3ba,20%,4,1,5,0,0,4,1
0x81d23f,97.8022%,4,178,182,178,4,0,0
0xa58343,50%,4,4,8,0,0,4,4
0x503f97,55.5556%,4,5,9,5,4,0,0
0x811aec,99.5255%,4,839,843,839,2,2,0
0x8173ca,95.6522%,4,88,92,0,0,4,88
0x7d2ed8,98.4496%,4,254,258,254,4,0,0
0x814eb4,80.9524%,4,17,21,3,1,3,14
0x4c6768,0%,4,0,4,0,0,4,0
0x7826c1,33.3333%,4,2,6,0,0,4,2
0x48d7e0,96.2617%,4,103,107,103,4,0,0
0x8220d4,98.6928%,4,302,306,0,0,4,302
0xa29221,75%,4,12,16,0,0,4,12
0x5fe9f2,90.6977%,4,39,43,0,1,3,39
0x80f57b,99.278%,4,550,554,0,0,4,550
0x9c3ca6,55.5556%,4,5,9,0,0,4,5
0x808f06,97.9899%,4,195,199,180,2,2,15
0xa25e24,94.8718%,4,74,78,0,0,4,74
0x667335,87.0968%,4,27,31,27,4,0,0
0x991a49,98.4848%,4,260,264,0,0,4,260
0x4ab86d,87.0968%,4,27,31,0,0,4,27
0x900c01,98.8024%,4,330,334,330,4,0,0
0x591c43,97.3684%,4,148,152,0,0,4,148
0x8ee7b3,97.6471%,4,166,170,0,0,4,166
0x49c920,77.7778%,4,14,18,0,0,4,14
0x4a8133,95.6522%,4,88,92,88,4,0,0
0x5b8db3,50%,4,4,8,4,4,0,0
0x64abb4,50%,4,4,8,4,4,0,0
0x96c206,84.6154%,4,22,26,0,0,4,22
0x8e4916,99.375%,4,636,640,0,0,4,636
0x50118e,96%,4,96,100,96,4,0,0
0x8089fa,55.5556%,4,5,9,0,0,4,5
0x548203,99.9414%,4,6825,6829,6825,4,0,0
0xa45d33,50%,4,4,8,0,4,0,4
0x80e8dd,99.2395%,4,522,526,0,0,4,522
0x8dd9c9,86.6667%,4,26,30,26,4,0,0
0xaadbbb,98.7692%,4,321,325,321,4,0,0
0x9052e7,97.0803%,4,133,137,0,0,4,133
0x9f7b20,97.7401%,4,173,177,0,0,4,173
0x54ef44,90.6977%,4,39,43,0,0,4,39
0x4ac669,73.3333%,4,11,15,11,4,0,0
0x981c8b,85.7143%,4,24,28,1,1,3,23
0x5c4cd6,84%,4,21,25,20,0,4,1
0xa537ab,33.3333%,4,2,6,2,4,0,0
0xa955a1,0%,4,0,4,0,0,4,0
0x8f6cc2,91.1111%,4,41,45,0,0,4,41
0x4a8548,50%,4,4,8,0,0,4,4
0x8eb6ef,99.8596%,4,2845,2849,2845,4,0,0
0x8e03d7,99.5322%,4,851,855,0,0,4,851
0xa1ac59,20%,4,1,5,0,0,4,1
0x5c7898,95%,4,76,80,0,0,4,76
0xa27a6b,0%,4,0,4,0,0,4,0
0x81a464,99.0268%,4,407,411,0,1,3,407
0x9ecb8f,0%,4,0,4,0,4,0,0
0x53e492,76.4706%,4,13,17,2,2,2,11
0x590d92,97.6331%,4,165,169,165,4,0,0
0x5cf5de,99.7122%,4,1386,1390,0,0,4,1386
0x4b5f7b,0%,4,0,4,0,0,4,0
0x8ef50a,55.5556%,4,5,9,0,0,4,5
0x54f13c,90.6977%,4,39,43,0,0,4,39
0xa2ee31,86.2069%,4,25,29,19,2,2,6
0xaaa718,42.8571%,4,3,7,3,4,0,0
0x8ff307,60%,4,6,10,1,2,2,5
0x50b326,90%,4,36,40,35,3,1,1
0x65c29b,99.9162%,4,4770,4774,4770,4,0,0
0x5f0cf7,88.2353%,4,30,34,0,0,4,30
0x4b9e19,99.558%,4,901,905,901,0,4,0
0x80b3a2,20%,4,1,5,0,0,4,1
0x81bfbd,88.2353%,4,30,34,0,2,2,30
0x4096b6,93.8462%,4,61,65,61,4,0,0
0x8f1a34,91.6667%,4,44,48,39,1,3,5
0x9e00c7,99.6276%,4,1070,1074,0,0,4,1070
0x9f26a6,99.0741%,4,428,432,428,4,0,0
0x5eb849,90.9091%,4,40,44,40,4,0,0
0xa5b14e,50%,4,4,8,0,1,3,4
0x5f8b2b,50%,4,4,8,0,0,4,4
0x81c0d7,95.8333%,4,92,96,92,4,0,0
0xa074e8,63.6364%,4,7,11,1,4,0,6
0x4a856e,91.1111%,4,41,45,0,0,4,41
0x811d69,97.5904%,4,162,166,0,0,4,162
0x818d5b,97.6744%,4,168,172,0,0,4,168
0xa98d3b,73.3333%,4,11,15,0,0,4,11
0x6754d0,81.8182%,4,18,22,18,3,1,0
0x80c2ad,88.5714%,4,31,35,0,0,4,31
0x8188d2,98.6622%,4,295,299,295,4,0,0
0x80a67d,98.0952%,4,206,210,0,0,4,206
0x80a68e,98.0952%,4,206,210,206,2,2,0
0xa64fa4,0%,4,0,4,0,4,0,0
0x973805,89.4737%,4,34,38,0,0,4,34
0xa4b717,98.3122%,4,233,237,0,0,4,233
0xa3638a,20%,4,1,5,0,0,4,1
0x9e4018,94.1176%,4,64,68,0,0,4,64
0xa4d52b,98.5866%,4,279,283,0,0,4,279
0x4aaca9,55.5556%,4,5,9,5,4,0,0
0x8ee10f,50%,4,4,8,4,4,0,0
0xa4cf67,75%,4,12,16,7,1,3,5
0x818821,99.5163%,4,823,827,0,0,4,823
0xa360cc,98.6711%,4,297,301,0,0,4,297
0x7c753a,50%,4,4,8,0,0,4,4
0x557d8b,66.6667%,4,8,12,8,4,0,0
0xa5ab2c,42.8571%,4,3,7,3,4,0,0
0x8174ba,95.6522%,4,88,92,88,4,0,0
0x8bdb1c,20%,4,1,5,1,4,0,0
0x5086c2,89.4737%,4,34,38,0,0,4,34
0x9fe29c,95.2941%,4,81,85,0,0,4,81
0x8140d0,99.4609%,4,738,742,738,4,0,0
0x8e4881,99.7613%,4,1672,1676,0,0,4,1672
0x405dcb,50%,4,4,8,0,0,4,4
0x6f09d1,75%,4,12,16,0,0,4,12
0x8a8df5,99.7133%,4,1391,1395,1391,2,2,0
0x804efc,95.8333%,4,92,96,92,2,2,0
0x911b48,99.3322%,4,595,599,0,0,4,595
0x551093,33.3333%,4,2,6,2,4,0,0
0xa0019f,93.9394%,4,62,66,62,2,2,0
0x8374f8,66.6667%,4,8,12,8,0,4,0
0x8aeca5,55.5556%,4,5,9,5,4,0,0
0x8118fc,83.3333%,4,20,24,20,2,2,0
0x492a9f,97.5758%,4,161,165,0,0,4,161
0x906a9c,98.8827%,4,354,358,0,0,4,354
0x5fc11d,90%,4,36,40,36,4,0,0
0x8f0d2e,90%,4,36,40,36,4,0,0
0x821c6b,94.3662%,4,67,71,67,4,0,0
0x808dc4,99.5781%,4,944,948,944,2,2,0
0x557c8c,94.5205%,4,69,73,0,0,4,69
0x8ebd94,50%,4,4,8,2,2,2,2
0x7ce77f,90.9091%,4,40,44,8,0,4,32
0xa95e31,66.6667%,4,8,12,0,0,4,8
0x7cf742,71.4286%,4,10,14,10,4,0,0
0x8f6c78,73.3333%,4,11,15,11,4,0,0
0x40999e,97.7143%,4,171,175,171,4,0,0
0xa39488,71.4286%,4,10,14,0,0,4,10
0xa96f79,73.3333%,4,11,15,0,0,4,11
0x7bdb5c,50%,4,4,8,2,2,2,2
0x402557,99.2218%,4,510,514,0,0,4,510
0x4ca4b3,60%,4,6,10,0,0,4,6
0xa50aa5,71.4286%,4,10,14,0,4,0,10
0x977043,50%,4,4,8,0,2,2,4
0x8d248f,95.2381%,4,80,84,0,0,4,80
0x8e3f1d,0%,4,0,4,0,0,4,0
0x8b9fda,90%,4,36,40,0,0,4,36
0x65db26,98.8827%,4,354,358,0,0,4,354
0xb34676,97.7401%,4,173,177,0,0,4,173
0x7829d3,78.9474%,4,15,19,0,0,4,15
0x53de50,99.2395%,4,522,526,522,4,0,0
0xa6b495,0%,4,0,4,0,4,0,0
0x7bdb3e,50%,4,4,8,0,0,4,4
0x535710,93.4426%,4,57,61,0,0,4,57
0xa5a018,42.8571%,4,3,7,0,0,4,3
0x81b558,98.7382%,4,313,317,313,4,0,0
0x8dc482,0%,4,0,4,0,4,0,0
0x9ec08a,60%,4,6,10,2,3,1,4
0x8f123c,90%,4,36,40,0,0,4,36
0x622ec5,20%,4,1,5,1,4,0,0
0xa9a2ce,20%,4,1,5,1,4,0,0
0x55813e,99.0025%,4,397,401,397,4,0,0
0x81ffad,98.7616%,4,319,323,0,0,4,319
0xa180b3,99.4194%,4,685,689,13,3,1,672
0x8f2e4f,98.8131%,4,333,337,0,0,4,333
0x838f8e,80%,4,16,20,0,2,2,16
0x546605,84.6154%,4,22,26,22,4,0,0
0x4a82d5,82.6087%,4,19,23,19,4,0,0
0x5f54e6,33.3333%,4,2,6,2,4,0,0
0xa06686,91.1111%,4,41,45,0,0,4,41
0x49e2fb,99.7033%,4,1344,1348,1344,4,0,0
0x9a6a9a,71.4286%,4,10,14,0,1,3,10
0x9002ae,60%,4,6,10,0,0,4,6
0x8aaab9,78.9474%,4,15,19,0,0,4,15
0x543660,97.037%,4,131,135,131,4,0,0
0x58eb9f,99.9235%,4,5222,5226,5222,4,0,0
0x78189f,0%,4,0,4,0,4,0,0
0x49bff5,99.1984%,4,495,499,495,4,0,0
0x99d33d,55.5556%,4,5,9,5,4,0,0
0x5488fb,50%,4,4,8,4,4,0,0
0x81f38c,99.7526%,4,1613,1617,0,2,2,1613
0xa25f12,91.4894%,4,43,47,43,4,0,0
0x5dae10,0%,4,0,4,0,4,0,0
0xa5c859,77.7778%,4,14,18,0,4,0,14
0x60e2e8,99.2395%,4,522,526,0,0,4,522
0x53b0e0,99.9225%,4,5155,5159,0,0,4,5155
0x53b05a,99.8359%,4,2434,2438,0,0,4,2434
0x8e27a8,99.9643%,4,11201,11205,11201,4,0,0
0xa26c5d,60%,4,6,10,0,0,4,6
0x4a136d,96.6102%,4,114,118,0,1,3,114
0x8088ba,98.2684%,4,227,231,227,4,0,0
0x65ad44,71.4286%,4,10,14,0,0,4,10
0x809df1,20%,4,1,5,1,4,0,0
0xb0d2b3,95.2941%,4,81,85,81,4,0,0
0x4b5552,33.3333%,4,2,6,2,4,0,0
0x80a533,98.5816%,4,278,282,0,0,4,278
0x9c4cfa,33.3333%,4,2,6,2,4,0,0
0x441a05,63.6364%,4,7,11,7,4,0,0
0xa90b2b,33.3333%,4,2,6,1,1,3,1
0x8e395f,91.6667%,4,44,48,44,4,0,0
0xb1496e,99.9061%,4,4254,4258,0,0,4,4254
0xa54a96,50%,4,4,8,0,0,4,4
0x81287e,89.1892%,4,33,37,0,0,4,33
0x7810d8,92.1569%,4,47,51,47,4,0,0
0x8bdc79,73.3333%,4,11,15,6,2,2,5
0x90a695,90.9091%,4,40,44,35,2,2,5
0x80c41a,77.7778%,4,14,18,0,0,4,14
0x95a9e8,0%,4,0,4,0,0,4,0
0x8f13c2,99.1131%,4,447,451,0,0,4,447
0x9e8a02,97.2414%,4,141,145,141,4,0,0
0x8b9570,99.5305%,4,848,852,848,4,0,0
0x54ed17,94.2029%,4,65,69,65,4,0,0
0xa53061,50%,4,4,8,0,0,4,4
0x81f264,91.4894%,4,43,47,0,3,1,43
0x807ba2,98.2063%,4,219,223,0,0,4,219
0x7f0c8e,94.6667%,4,71,75,0,0,4,71
0x591f2e,92.3077%,4,48,52,0,0,4,48
0xaa241f,88.2353%,4,30,34,0,0,4,30
0x94eea9,86.6667%,4,26,30,0,0,4,26
0x8e5776,87.5%,4,28,32,16,0,4,12
0x4ada0d,20%,4,1,5,1,4,0,0
0x70c1cf,33.3333%,4,2,6,0,0,4,2
0x53c46d,96.9697%,4,128,132,0,0,4,128
0x9fdb83,84%,4,21,25,0,0,4,21
0x80c27d,88.2353%,4,30,34,0,0,4,30
0x557a8a,93.8462%,4,61,65,61,4,0,0
0x5488ec,50%,4,4,8,0,0,4,4
0x4bbcbe,99.7695%,4,1731,1735,1731,4,0,0
0x81e684,99.2767%,4,549,553,0,0,4,549
0x80a890,99.5283%,4,844,848,844,2,2,0
0xa5a094,69.2308%,4,9,13,1,2,2,8
0x4b957a,0%,4,0,4,0,0,4,0
0x81b1e3,98.0583%,4,202,206,0,2,2,202
0x590c35,80%,4,16,20,16,4,0,0
0x5eaf65,0%,4,0,4,0,4,0,0
0x40a80c,81.8182%,4,18,22,18,4,0,0
0x80774b,99.882%,4,3386,3390,3386,4,0,0
0x82213d,98.6928%,4,302,306,0,0,4,302
0xa9c821,91.3043%,4,42,46,42,4,0,0
0x5addb0,85.1852%,4,23,27,23,4,0,0
0x81e3b4,98.1395%,4,211,215,211,4,0,0
0x6515a9,94.5946%,4,70,74,70,4,0,0
0x8e3e85,0%,4,0,4,0,0,4,0
0x805161,99.2278%,4,514,518,514,2,2,0
0x5336cb,66.6667%,3,6,9,0,0,3,6
0x5bbd21,50%,3,3,6,0,2,1,3
0x810760,99.5957%,3,739,742,739,3,0,0
0xaa0873,96.3855%,3,80,83,80,3,0,0
0xa9d12b,96%,3,72,75,72,3,0,0
0x9bdbd7,25%,3,1,4,1,3,0,0
0x90bbc8,99.7326%,3,1119,1122,0,0,3,1119
0xa8f9d8,96.4706%,3,82,85,0,0,3,82
0x53a490,76.9231%,3,10,13,10,2,1,0
0x99f029,96.875%,3,93,96,0,0,3,93
0x8c83cc,98.5849%,3,209,212,209,1,2,0
0x80bd73,57.1429%,3,4,7,0,2,1,4
0xa17f73,99.4505%,3,543,546,543,3,0,0
0x8e47e6,99.821%,3,1673,1676,0,0,3,1673
0x99d300,66.6667%,3,6,9,6,3,0,0
0x8c82da,90.625%,3,29,32,28,2,1,1
0x49c251,25%,3,1,4,1,3,0,0
0xa2388f,95.3846%,3,62,65,0,0,3,62
0x8e94e4,62.5%,3,5,8,1,3,0,4
0x40acb2,57.1429%,3,4,7,2,0,3,2
0x402d3b,94.9153%,3,56,59,0,0,3,56
0x667917,90.625%,3,29,32,29,3,0,0
0xa9bc26,57.1429%,3,4,7,4,3,0,0
0x554594,98.9619%,3,286,289,286,3,0,0
0xa52660,97.619%,3,123,126,0,0,3,123
0x9a6dfb,78.5714%,3,11,14,5,0,3,6
0x5078c2,99.5946%,3,737,740,0,0,3,737
0x9ea831,90.625%,3,29,32,0,0,3,29
0xa97e0f,66.6667%,3,6,9,0,0,3,6
0x835da7,92.1053%,3,35,38,0,0,3,35
0x53ee53,62.5%,3,5,8,1,3,0,4
0x81510c,40%,3,2,5,0,3,0,2
0x5a94c7,40%,3,2,5,0,0,3,2
0x54d191,82.3529%,3,14,17,4,3,0,10
0xa066ec,93.3333%,3,42,45,0,0,3,42
0xa9b902,50%,3,3,6,0,0,3,3
0x837777,40%,3,2,5,0,0,3,2
0x8e0fac,81.25%,3,13,16,13,3,0,0
0xa468b0,88.4615%,3,23,26,23,3,0,0
0xa97888,70%,3,7,10,0,0,3,7
0x5d184e,87.5%,3,21,24,21,3,0,0
0x9f413c,90.9091%,3,30,33,0,0,3,30
0x818de6,99.6134%,3,773,776,0,0,3,773
0x535893,95.3125%,3,61,64,0,1,2,61
0xa9c91e,70%,3,7,10,0,0,3,7
0xa95c3b,50%,3,3,6,3,3,0,0
0x838aa8,50%,3,3,6,2,1,2,1
0x4a9c73,90.625%,3,29,32,0,1,2,29
0xa32923,0%,3,0,3,0,1,2,0
0x837741,62.5%,3,5,8,0,3,0,5
0x8f0b4e,81.25%,3,13,16,0,0,3,13
0x540f09,62.5%,3,5,8,5,3,0,0
0xa95a2d,25%,3,1,4,1,3,0,0
0x837655,94.3396%,3,50,53,0,0,3,50
0x9816d8,93.617%,3,44,47,0,0,3,44
0x97739a,83.3333%,3,15,18,4,2,1,11
0x8df314,62.5%,3,5,8,5,3,0,0
0x83899c,40%,3,2,5,2,3,0,0
0x61153e,95.3846%,3,62,65,0,0,3,62
0x80bfbd,90.625%,3,29,32,16,0,3,13
0x977d73,97.6744%,3,126,129,0,0,3,126
0x7c7b8f,96.9072%,3,94,97,0,0,3,94
0xa96b04,81.25%,3,13,16,0,0,3,13
0xa9942b,0%,3,0,3,0,0,3,0
0x402faf,95.6522%,3,66,69,0,0,3,66
0x606d40,62.5%,3,5,8,5,3,0,0
0x4c92c6,81.25%,3,13,16,0,0,3,13
0xa341fd,98.2353%,3,167,170,0,0,3,167
0x8aa81e,85%,3,17,20,0,0,3,17
0xa48327,98.7603%,3,239,242,239,3,0,0
0x83806a,50%,3,3,6,1,3,0,2
0x7f367d,80%,3,12,15,0,0,3,12
0x98b267,98.6364%,3,217,220,217,3,0,0
0xa9d004,25%,3,1,4,0,2,1,1
0x5df377,90.9091%,3,30,33,30,3,0,0
0x8f179b,97.7612%,3,131,134,0,0,3,131
0xaa014a,0%,3,0,3,0,3,0,0
0xb2ee39,94.3396%,3,50,53,0,0,3,50
0xa54652,62.5%,3,5,8,5,1,2,0
0x90ad42,91.1765%,3,31,34,0,0,3,31
0x977908,91.6667%,3,33,36,33,3,0,0
0x5f0d61,98.9399%,3,280,283,280,3,0,0
0xa58590,97.479%,3,116,119,0,0,3,116
0x67092e,85%,3,17,20,0,0,3,17
0x838ac7,0%,3,0,3,0,1,2,0
0x5de2e4,99.7583%,3,1238,1241,1238,3,0,0
0xa21378,25%,3,1,4,1,3,0,0
0xa54124,76.9231%,3,10,13,10,3,0,0
0x8f2f13,98.6607%,3,221,224,221,1,2,0
0x66f7c6,84.2105%,3,16,19,0,0,3,16
0x97b8c7,92.6829%,3,38,41,0,0,3,38
0x9bdca5,89.2857%,3,25,28,25,3,0,0
0xaa81a5,40%,3,2,5,2,3,0,0
0xa0636b,50%,3,3,6,2,0,3,1
0x9a1db5,97.619%,3,123,126,0,0,3,123
0x8fe0a2,96.5116%,3,83,86,0,0,3,83
0xa0658b,90.3226%,3,28,31,0,0,3,28
0x8108f8,98.8636%,3,261,264,0,0,3,261
0x8f36ce,97.0297%,3,98,101,98,3,0,0
0x8f369f,97.0297%,3,98,101,98,3,0,0
0x80e3c0,25%,3,1,4,1,1,2,0
0xaa49de,0%,3,0,3,0,3,0,0
0xa053ee,85.7143%,3,18,21,0,1,2,18
0x7cd9b1,62.5%,3,5,8,0,0,3,5
0x606f12,85%,3,17,20,7,3,0,10
0x4c65be,89.2857%,3,25,28,25,1,2,0
0x983f0b,95.3125%,3,61,64,53,3,0,8
0x99dade,85.7143%,3,18,21,18,3,0,0
0x48f8d0,81.25%,3,13,16,0,0,3,13
0x9f0646,70%,3,7,10,0,0,3,7
0x5f11d1,57.1429%,3,4,7,3,2,1,1
0x6f43e0,89.2857%,3,25,28,25,3,0,0
0x545505,96.3855%,3,80,83,80,3,0,0
0xacce9e,0%,3,0,3,0,3,0,0
0xa1a2b4,66.6667%,3,6,9,0,0,3,6
0xa36e7c,70%,3,7,10,0,0,3,7
0xa974c7,0%,3,0,3,0,1,2,0
0x8f1660,97.7612%,3,131,134,0,0,3,131
0x973781,92.5%,3,37,40,37,3,0,0
0x7cf961,90.9091%,3,30,33,30,3,0,0
0x44198e,72.7273%,3,8,11,0,0,3,8
0x4ac64b,80%,3,12,15,2,0,3,10
0x48311e,89.6552%,3,26,29,0,0,3,26
0x49fa96,97.9167%,3,141,144,0,0,3,141
0x50a0e8,94.6429%,3,53,56,0,0,3,53
0x94d867,99.4382%,3,531,534,531,3,0,0
0x8dc568,25%,3,1,4,0,0,3,1
0xa0a5b8,62.5%,3,5,8,0,0,3,5
0x64c08d,66.6667%,3,6,9,6,3,0,0
0x80dcba,99.7608%,3,1251,1254,0,0,3,1251
0x812490,99.6441%,3,840,843,0,0,3,840
0x80dbb4,98.6364%,3,217,220,217,3,0,0
0x4a7aee,98.1595%,3,160,163,160,3,0,0
0x670a6a,84.2105%,3,16,19,16,1,2,0
0x70c2b5,50%,3,3,6,0,0,3,3
0xa4e111,98.5714%,3,207,210,207,3,0,0
0x9a80b1,96.6667%,3,87,90,0,0,3,87
0x9ed358,88.8889%,3,24,27,24,3,0,0
0x7f0b75,40%,3,2,5,2,3,0,0
0x5d7b20,25%,3,1,4,1,3,0,0
0xa92864,93.8776%,3,46,49,0,0,3,46
0xa41675,88%,3,22,25,22,3,0,0
0x80852b,57.1429%,3,4,7,4,3,0,0
0x53baff,99.6964%,3,985,988,0,0,3,985
0x5b1c66,93.617%,3,44,47,44,3,0,0
0xa2da0d,83.3333%,3,15,18,3,1,2,12
0x8bd790,50%,3,3,6,2,2,1,1
0x90c8a0,96.1538%,3,75,78,75,3,0,0
0x48c536,94.4444%,3,51,54,51,3,0,0
0x8046e7,94.4444%,3,51,54,0,0,3,51
0x5b1813,96%,3,72,75,0,1,2,72
0x48ec61,96.9072%,3,94,97,81,1,2,13
0xa992c9,0%,3,0,3,0,0,3,0
0x65b020,76.9231%,3,10,13,10,3,0,0
0x48e9d8,99.6381%,3,826,829,0,0,3,826
0xa98d84,40%,3,2,5,0,3,0,2
0xa981c5,80%,3,12,15,12,0,3,0
0x548ae8,25%,3,1,4,1,3,0,0
0x69dbed,75%,3,9,12,9,3,0,0
0x4812ba,84.2105%,3,16,19,16,3,0,0
0x5f3c7f,0%,3,0,3,0,3,0,0
0x5931fb,89.2857%,3,25,28,12,2,1,13
0xaa5d74,98.5915%,3,210,213,210,3,0,0
0x90a427,99.8714%,3,2329,2332,2329,3,0,0
0x4812ac,84.2105%,3,16,19,0,0,3,16
0xa58f22,97.479%,3,116,119,0,0,3,116
0x81c070,96.4706%,3,82,85,0,0,3,82
0xa9988b,40%,3,2,5,2,3,0,0
0x8ecc01,94.2308%,3,49,52,0,0,3,49
0x8f6bc3,97.2477%,3,106,109,106,3,0,0
0x78086d,83.3333%,3,15,18,0,0,3,15
0x551031,80%,3,12,15,0,0,3,12
0x5af3a1,95.1613%,3,59,62,59,3,0,0
0xa9bcb6,70%,3,7,10,7,3,0,0
0x8f4028,95.082%,3,58,61,58,3,0,0
0x819e2e,81.25%,3,13,16,13,3,0,0
0x50b5e5,93.1818%,3,41,44,40,0,3,1
0x65ae7f,76.9231%,3,10,13,0,0,3,10
0x504d50,75%,3,9,12,0,2,1,9
0x4c52f1,83.3333%,3,15,18,15,3,0,0
0xa58add,97.2477%,3,106,109,13,0,3,93
0x64c583,88%,3,22,25,22,3,0,0
0x8e213e,99.2941%,3,422,425,422,3,0,0
0xa96ac6,66.6667%,3,6,9,0,1,2,6
0xa075e9,50%,3,3,6,0,0,3,3
0x9f7b50,25%,3,1,4,0,0,3,1
0x4bde39,57.1429%,3,4,7,4,3,0,0
0x58d9ba,97.931%,3,142,145,142,3,0,0
0x492a78,98.1818%,3,162,165,0,0,3,162
0x7d161e,95.5224%,3,64,67,0,2,1,64
0x63ace3,99.2188%,3,381,384,381,3,0,0
0x8dea8a,97.6562%,3,125,128,0,0,3,125
0x96a5da,95.8333%,3,69,72,69,1,2,0
0x81a7b6,99.3289%,3,444,447,0,0,3,444
0x546434,99.3228%,3,440,443,440,3,0,0
0x58de58,97.931%,3,142,145,72,3,0,70
0x8068d4,87.5%,3,21,24,21,3,0,0
0x8f1041,92.5%,3,37,40,0,0,3,37
0x5f8af7,62.5%,3,5,8,5,3,0,0
0x98b308,62.5%,3,5,8,0,0,3,5
0x674fc3,92.3077%,3,36,39,36,3,0,0
0x5070f8,99.4774%,3,571,574,0,0,3,571
0x5931b4,78.5714%,3,11,14,0,0,3,11
0x97518d,40%,3,2,5,0,0,3,2
0x4901a6,70%,3,7,10,7,3,0,0
0x8378a6,40%,3,2,5,1,2,1,1
0x901054,91.8919%,3,34,37,34,3,0,0
0x837946,93.3333%,3,42,45,0,0,3,42
0x5db021,25%,3,1,4,1,3,0,0
0x8045b2,62.5%,3,5,8,1,0,3,4
0xa96df0,85.7143%,3,18,21,0,0,3,18
0x7f0ab2,88.4615%,3,23,26,22,3,0,1
0x4106ff,66.6667%,3,6,9,4,1,2,2
0x48e17d,88%,3,22,25,0,0,3,22
0x9fc6b9,75%,3,9,12,0,2,1,9
0x4b589f,98.8889%,3,267,270,0,0,3,267
0x5da2bd,25%,3,1,4,1,3,0,0
0x492cf3,95.9459%,3,71,74,0,2,1,71
0x5efa94,0%,3,0,3,0,3,0,0
0xa5ac77,80%,3,12,15,0,0,3,12
0x58d278,91.4286%,3,32,35,0,0,3,32
0xa4bcea,25%,3,1,4,1,3,0,0
0x543b95,98.3957%,3,184,187,0,0,3,184
0x81b010,99.6441%,3,840,843,840,1,2,0
0xa01a4b,25%,3,1,4,1,3,0,0
0x8ee8f0,0%,3,0,3,0,3,0,0
0x5f7630,99.5058%,3,604,607,0,0,3,604
0x8f56ab,75%,3,9,12,9,3,0,0
0x60bc53,83.3333%,3,15,18,3,3,0,12
0x54f4d4,93.0233%,3,40,43,0,0,3,40
0x7f0c83,96%,3,72,75,0,0,3,72
0x68373b,96.2963%,3,78,81,0,0,3,78
0x98403d,75%,3,9,12,0,0,3,9
0x5db515,25%,3,1,4,1,3,0,0
0x781e0d,99.8917%,3,2768,2771,2768,3,0,0
0x55060a,97.3214%,3,109,112,109,3,0,0
0x8fe471,50%,3,3,6,3,3,0,0
0x58c37a,40%,3,2,5,2,2,1,0
0x809a83,0%,3,0,3,0,2,1,0
0x70c1a6,50%,3,3,6,3,3,0,0
0x40e1dc,95.9459%,3,71,74,0,0,3,71
0x97a028,94.1176%,3,48,51,0,0,3,48
0xa5b005,80%,3,12,15,12,0,3,0
0x546621,25%,3,1,4,0,0,3,1
0x5cbb89,98.0645%,3,152,155,0,0,3,152
0xaabb7d,62.5%,3,5,8,0,0,3,5
0x488e41,25%,3,1,4,0,0,3,1
0xa3418b,96.8085%,3,91,94,0,0,3,91
0xa9d283,25%,3,1,4,1,3,0,0
0x48f8f3,50%,3,3,6,0,0,3,3
0x58b745,99.6%,3,747,750,746,0,3,1
0xa97d97,25%,3,1,4,0,0,3,1
0xaa7f1d,75%,3,9,12,9,3,0,0
0xa93782,89.6552%,3,26,29,26,3,0,0
0x54ef7b,93.0233%,3,40,43,0,0,3,40
0x8e4696,81.25%,3,13,16,0,0,3,13
0x8ed171,99.7551%,3,1222,1225,1222,3,0,0
0x688eb6,87.5%,3,21,24,21,3,0,0
0x9f157e,72.7273%,3,8,11,0,0,3,8
0xa2d410,25%,3,1,4,0,2,1,1
0x60df0c,99.5646%,3,686,689,686,3,0,0
0x8ecaad,72.7273%,3,8,11,8,1,2,0
0x64bf9b,98.2456%,3,168,171,168,3,0,0
0x814bff,92.6829%,3,38,41,38,3,0,0
0x48c42c,25%,3,1,4,0,2,1,1
0x8ee47d,92.8571%,3,39,42,0,0,3,39
0xa969a6,81.25%,3,13,16,0,0,3,13
0x814dc3,99.7225%,3,1078,1081,1078,2,1,0
0x60c4e8,97.7612%,3,131,134,0,0,3,131
0xa99e31,80%,3,12,15,0,0,3,12
0x5e3ce2,0%,3,0,3,0,3,0,0
0x8e451c,90.625%,3,29,32,0,0,3,29
0x405bdb,90.625%,3,29,32,28,2,1,1
0x5f3ee2,25%,3,1,4,1,3,0,0
0x5d3b75,25%,3,1,4,0,0,3,1
0x6804d6,99.9344%,3,4572,4575,0,0,3,4572
0x53b96d,97.7273%,3,129,132,0,0,3,129
0xa92a3a,50%,3,3,6,3,3,0,0
0x94c88e,81.25%,3,13,16,13,3,0,0
0xa9290f,50%,3,3,6,0,0,3,3
0x5bd11e,93.1818%,3,41,44,0,0,3,41
0x88e53b,92.3077%,3,36,39,36,3,0,0
0x99f282,96.875%,3,93,96,93,1,2,0
0x8d3e6d,80%,3,12,15,1,2,1,11
0x501cb7,40%,3,2,5,2,3,0,0
0x5fa03f,98.6425%,3,218,221,218,3,0,0
0x7c74bc,81.25%,3,13,16,0,0,3,13
0x9f2183,70%,3,7,10,7,3,0,0
0x90e89a,99.6878%,3,958,961,958,3,0,0
0xa5fa9b,62.5%,3,5,8,5,3,0,0
0x8dd390,99.5957%,3,739,742,739,3,0,0
0x9e8816,0%,3,0,3,0,3,0,0
0x49bf2d,75%,3,9,12,3,3,0,6
0x5548d3,95.2381%,3,60,63,60,3,0,0
0x9bd32c,95.2381%,3,60,63,0,0,3,60
0x8df3bf,87.5%,3,21,24,5,3,0,16
0x9f0295,96.8085%,3,91,94,91,3,0,0
0x90c1fc,99.6437%,3,839,842,0,0,3,839
0x9f0db6,99.2823%,3,415,418,0,0,3,415
0x972cf7,50%,3,3,6,3,3,0,0
0x9e8843,0%,3,0,3,0,3,0,0
0x8a6a11,62.5%,3,5,8,3,2,1,2
0x8a6b81,78.5714%,3,11,14,0,1,2,11
0x8fee56,99.5276%,3,632,635,0,0,3,632
0x483983,89.6552%,3,26,29,0,0,3,26
0xa1aab7,40%,3,2,5,0,0,3,2
0x5f9dc7,86.9565%,3,20,23,1,1,2,19
0x771479,85.7143%,3,18,21,0,0,3,18
0xa5ed4a,40%,3,2,5,0,3,0,2
0x70d740,0%,3,0,3,0,3,0,0
0x64f50e,87.5%,3,21,24,21,3,0,0
0xa45f2d,0%,3,0,3,0,3,0,0
0xaa58b1,93.8776%,3,46,49,46,3,0,0
0xa459b0,90.9091%,3,30,33,30,3,0,0
0x973de2,90%,3,27,30,27,3,0,0
0xa92cb7,62.5%,3,5,8,5,3,0,0
0x4c56e7,87.5%,3,21,24,21,3,0,0
0x49c213,50%,3,3,6,1,1,2,2
0x4b8af8,81.25%,3,13,16,0,0,3,13
0x5efb43,76.9231%,3,10,13,7,1,2,3
0x40ed9e,62.5%,3,5,8,0,0,3,5
0x78f6e5,89.6552%,3,26,29,26,3,0,0
0xa4f816,81.25%,3,13,16,13,1,2,0
0xa520ac,82.3529%,3,14,17,3,3,0,11
0x980af2,95.9459%,3,71,74,71,3,0,0
0xa4f76c,83.3333%,3,15,18,15,3,0,0
0x50c366,97.2973%,3,108,111,0,0,3,108
0x4c806b,86.3636%,3,19,22,0,0,3,19
0x58e73f,50%,3,3,6,0,0,3,3
0xa34ba4,96%,3,72,75,0,0,3,72
0x8df8b4,25%,3,1,4,0,0,3,1
0x5f2831,40%,3,2,5,2,3,0,0
0x97149a,80%,3,12,15,4,3,0,8
0x9a6b27,70%,3,7,10,0,0,3,7
0xa4d4f8,98.9399%,3,280,283,280,3,0,0
0x8e9544,62.5%,3,5,8,4,2,1,1
0x971347,40%,3,2,5,0,0,3,2
0x8e3de8,92.6829%,3,38,41,35,2,1,3
0x97132c,57.1429%,3,4,7,2,3,0,2
0x99a8e1,97.0588%,3,99,102,0,0,3,99
0xa060d2,66.6667%,3,6,9,2,2,1,4
0x97b75b,91.4286%,3,32,35,32,3,0,0
0x9712a4,70%,3,7,10,3,2,1,4
0x5e06a7,25%,3,1,4,0,0,3,1
0xa49a85,25%,3,1,4,1,3,0,0
0xb499cb,0%,3,0,3,0,0,3,0
0xa553ad,97.3684%,3,111,114,0,0,3,111
0x971199,40%,3,2,5,2,3,0,0
0x5ebdb8,57.1429%,3,4,7,4,3,0,0
0xa4a15b,93.4783%,3,43,46,0,0,3,43
0x5f28c2,40%,3,2,5,2,3,0,0
0x9461b5,84.2105%,3,16,19,0,0,3,16
0xa04f7e,95.1613%,3,59,62,0,0,3,59
0xa18ac0,93.0233%,3,40,43,40,3,0,0
0xa55d63,25%,3,1,4,0,0,3,1
0x9ece03,85.7143%,3,18,21,0,0,3,18
0x9f026a,96.8085%,3,91,94,0,0,3,91
0x5f0da3,40%,3,2,5,0,0,3,2
0x64decd,25%,3,1,4,1,3,0,0
0x80671e,70%,3,7,10,0,0,3,7
0x5373b7,97.6562%,3,125,128,125,3,0,0
0xa92c66,98.6726%,3,223,226,223,3,0,0
0x8a612c,98.8889%,3,267,270,0,0,3,267
0x980fe3,95.9459%,3,71,74,65,1,2,6
0x9d26d1,89.2857%,3,25,28,25,0,3,0
0x4ad982,40%,3,2,5,0,2,1,2
0x977050,50%,3,3,6,0,0,3,3
0x6673ce,92.5%,3,37,40,0,0,3,37
0xa55108,62.5%,3,5,8,5,1,2,0
0x495a38,95.5224%,3,64,67,64,3,0,0
0x4adc7d,92.5%,3,37,40,37,3,0,0
0xa956dd,25%,3,1,4,0,0,3,1
0x80b8b4,98.5577%,3,205,208,205,3,0,0
0x90be72,97.479%,3,116,119,116,3,0,0
0x404004,70%,3,7,10,0,0,3,7
0xa51dc9,94.8276%,3,55,58,0,2,1,55
0x816b77,99.7753%,3,1332,1335,1332,2,1,0
0x679ec0,97.0297%,3,98,101,98,3,0,0
0xa9731b,0%,3,0,3,0,0,3,0
0xa52e6d,66.6667%,3,6,9,6,2,1,0
0xa95d6c,83.3333%,3,15,18,15,3,0,0
0x9f09f6,97.8571%,3,137,140,0,0,3,137
0x8138c0,97.3913%,3,112,115,0,0,3,112
0x9d1b74,87.5%,3,21,24,0,0,3,21
0x9a97ce,85%,3,17,20,0,0,3,17
0x643bea,99.7898%,3,1424,1427,1424,3,0,0
0x50a643,78.5714%,3,11,14,0,0,3,11
0xa9a387,40%,3,2,5,2,3,0,0
0x481c64,66.6667%,3,6,9,5,3,0,1
0xa4d41d,97.7612%,3,131,134,66,1,2,65
0x5efc09,75%,3,9,12,9,3,0,0
0x659e02,84.2105%,3,16,19,16,3,0,0
0x8e01d8,99.8012%,3,1506,1509,8,2,1,1498
0xa3b162,25%,3,1,4,1,3,0,0
0x63f362,98.5%,3,197,200,0,0,3,197
0x789b27,89.2857%,3,25,28,0,1,2,25
0xa5686b,50%,3,3,6,3,3,0,0
0x9f283f,99.6341%,3,817,820,817,3,0,0
0xa30f99,40%,3,2,5,0,3,0,2
0x794810,81.25%,3,13,16,10,0,3,3
0x833bb5,25%,3,1,4,1,3,0,0
0x8d99b8,50%,3,3,6,3,3,0,0
0x48fae9,0%,3,0,3,0,3,0,0
0x4ac631,80%,3,12,15,0,0,3,12
0x63d825,97.8723%,3,138,141,138,3,0,0
0xa559ed,25%,3,1,4,0,0,3,1
0x5b2055,84.2105%,3,16,19,16,3,0,0
0xa02ab7,80%,3,12,15,12,3,0,0
0x8ef3e6,93.75%,3,45,48,45,3,0,0
0x49322b,92.3077%,3,36,39,36,3,0,0
0xa02a63,75%,3,9,12,0,0,3,9
0x8f41e3,99.0769%,3,322,325,322,3,0,0
0x97375e,92.5%,3,37,40,37,3,0,0
0x5fb6c6,99.2268%,3,385,388,0,0,3,385
0x9f3ad2,25%,3,1,4,1,3,0,0
0x5f1bf4,57.1429%,3,4,7,0,0,3,4
0x64b557,94.2308%,3,49,52,49,3,0,0
0x9a241f,92.5%,3,37,40,37,3,0,0
0xa536ac,62.5%,3,5,8,1,1,2,4
0x90139b,94%,3,47,50,0,0,3,47
0x9f738c,78.5714%,3,11,14,11,3,0,0
0x5fb70b,94.5455%,3,52,55,0,0,3,52
0x81ef0a,92.5%,3,37,40,0,0,3,37
0x7d1e65,95.3846%,3,62,65,13,1,2,49
0xa022f4,99.8858%,3,2625,2628,0,0,3,2625
0xa4fcd1,25%,3,1,4,0,0,3,1
0x49bf27,75%,3,9,12,0,0,3,9
0x8a60af,98.6111%,3,213,216,0,0,3,213
0xa64c84,62.5%,3,5,8,0,2,1,5
0x84360b,25%,3,1,4,1,3,0,0
0x402f69,50%,3,3,6,0,0,3,3
0x8df88f,25%,3,1,4,1,1,2,0
0x9f8045,0%,3,0,3,0,3,0,0
0x5afd0d,88%,3,22,25,0,0,3,22
0x4c4ffa,82.3529%,3,14,17,14,3,0,0
0x984308,95.9459%,3,71,74,63,3,0,8
0x81c510,86.3636%,3,19,22,19,3,0,0
0xa9f3a7,0%,3,0,3,0,0,3,0
0xa94b10,25%,3,1,4,0,0,3,1
0xa53160,62.5%,3,5,8,0,0,3,5
0x490c40,88.4615%,3,23,26,23,3,0,0
0xa02a48,75%,3,9,12,9,3,0,0
0x58f96c,85.7143%,3,18,21,18,3,0,0
0xa53636,50%,3,3,6,0,0,3,3
0x49ceaa,40%,3,2,5,0,0,3,2
0x50a4b6,78.5714%,3,11,14,0,0,3,11
0x4a1bdf,99.8053%,3,1538,1541,1538,3,0,0
0x51293b,99.0881%,3,326,329,326,3,0,0
0x80598b,99.7843%,3,1388,1391,0,0,3,1388
0x4c3858,76.9231%,3,10,13,0,0,3,10
0x70c19c,50%,3,3,6,0,0,3,3
0x4b38b0,25%,3,1,4,1,3,0,0
0x7d1e3b,95.5224%,3,64,67,1,1,2,63
0xa91b96,97.8102%,3,134,137,134,3,0,0
0x942c59,96%,3,72,75,72,3,0,0
0x679650,97.3214%,3,109,112,0,0,3,109
0xa50b7b,84.2105%,3,16,19,2,1,2,14
0xa50d6a,25%,3,1,4,1,3,0,0
0x5573c0,50%,3,3,6,0,0,3,3
0x905279,97.8102%,3,134,137,134,3,0,0
0x815892,66.6667%,3,6,9,0,0,3,6
0x502750,99.5962%,3,740,743,740,3,0,0
0x9b8fa2,96.3855%,3,80,83,0,0,3,80
0x638e0e,99.4516%,3,544,547,0,0,3,544
0xa50ae4,78.5714%,3,11,14,11,3,0,0
0x4ac934,0%,3,0,3,0,3,0,0
0xa29843,25%,3,1,4,1,3,0,0
0x983b2a,96.7391%,3,89,92,0,0,3,89
0x8bd769,85%,3,17,20,15,3,0,2
0x63af4c,99.6346%,3,818,821,0,0,3,818
0x9be886,75%,3,9,12,9,3,0,0
0x58d3ff,96.7391%,3,89,92,0,0,3,89
0x8daddb,99.889%,3,2699,2702,0,0,3,2699
0x983b33,96.7391%,3,89,92,0,0,3,89
0x807684,98.951%,3,283,286,0,0,3,283
0x4c9e85,25%,3,1,4,0,0,3,1
0x9e7fd2,97.561%,3,120,123,0,0,3,120
0xa99f77,70%,3,7,10,0,0,3,7
0x8a6bf3,97.0588%,3,99,102,0,1,2,99
0x54d808,81.25%,3,13,16,0,0,3,13
0xa05b9e,89.6552%,3,26,29,21,3,0,5
0x627c6b,86.9565%,3,20,23,20,3,0,0
0x8042c7,92.8571%,3,39,42,0,3,0,39
0x9edd66,95.3125%,3,61,64,0,2,1,61
0x666d8b,0%,3,0,3,0,3,0,0
0xa59364,89.2857%,3,25,28,0,0,3,25
0x50f26f,70%,3,7,10,3,1,2,4
0x5905bc,81.25%,3,13,16,0,0,3,13
0x9be8e4,75%,3,9,12,0,0,3,9
0xa58534,98.3425%,3,178,181,0,0,3,178
0xa58873,97.4138%,3,113,116,0,0,3,113
0x8e1ea9,86.3636%,3,19,22,0,0,3,19
0x7b5dde,25%,3,1,4,1,3,0,0
0xa50fb8,50%,3,3,6,0,0,3,3
0x590dc7,99.1045%,3,332,335,0,1,2,332
0x7d3e0b,0%,3,0,3,0,0,3,0
0xa591fc,97.479%,3,116,119,116,3,0,0
0x99ebbb,76.9231%,3,10,13,0,0,3,10
0xa596a3,89.6552%,3,26,29,26,3,0,0
0x670826,50%,3,3,6,3,3,0,0
0x66f65f,0%,3,0,3,0,1,2,0
0x5fc48a,97.4138%,3,113,116,113,1,2,0
0x4858ea,0%,3,0,3,0,3,0,0
0x9846ec,25%,3,1,4,1,3,0,0
0x8a65cb,82.3529%,3,14,17,0,0,3,14
0x48589f,0%,3,0,3,0,3,0,0
0x5c37ee,25%,3,1,4,1,3,0,0
0x506272,99.5363%,3,644,647,0,0,3,644
0x9f7c7f,76.9231%,3,10,13,1,0,3,9
0x6108f4,76.9231%,3,10,13,0,0,3,10
0x8fd807,50%,3,3,6,0,0,3,3
0x9f8096,0%,3,0,3,0,3,0,0
0x4ad9c1,0%,3,0,3,0,3,0,0
0xa55f14,82.3529%,3,14,17,0,0,3,14
0x8a6946,98.0263%,3,149,152,0,0,3,149
0x4bc50d,98.6547%,3,220,223,0,0,3,220
0x4ba077,85%,3,17,20,6,1,2,11
0x4b84ed,0%,3,0,3,0,2,1,0
0x4817f5,66.6667%,3,6,9,6,3,0,0
0x97b871,66.6667%,3,6,9,6,3,0,0
0xa0650b,91.4286%,3,32,35,32,3,0,0
0x9ecaa6,40%,3,2,5,2,3,0,0
0x9f2b05,40%,3,2,5,0,0,3,2
0x65150a,72.7273%,3,8,11,8,3,0,0
0x813de8,99.6815%,3,939,942,0,0,3,939
0xa18a6d,93.0233%,3,40,43,0,0,3,40
0xa277b1,62.5%,3,5,8,0,3,0,5
0x40e460,98.7069%,3,229,232,229,3,0,0
0x7c7716,25%,3,1,4,1,3,0,0
0x8e11b8,91.8919%,3,34,37,34,3,0,0
0x48ef84,94.5455%,3,52,55,0,0,3,52
0x8ab0ce,99.6495%,3,853,856,0,0,3,853
0x81f5d0,25%,3,1,4,1,3,0,0
0xa5a04d,0%,3,0,3,0,0,3,0
0xa59f94,50%,3,3,6,1,2,1,2
0x5d2084,0%,3,0,3,0,3,0,0
0x5fbe15,97.3214%,3,109,112,0,0,3,109
0xa2780b,62.5%,3,5,8,0,0,3,5
0xa06530,91.4286%,3,32,35,2,2,1,30
0x8f4660,75%,3,9,12,8,1,2,1
0x7ac090,91.4286%,3,32,35,28,1,2,4
0x8059c3,98.6607%,3,221,224,0,0,3,221
0x8ff81e,97%,3,97,100,0,0,3,97
0xa01914,25%,3,1,4,1,3,0,0
0xa3e302,62.5%,3,5,8,0,0,3,5
0x819bc3,98.9362%,3,279,282,0,0,3,279
0x8a8baf,87.5%,3,21,24,0,0,3,21
0x4a9734,95%,3,57,60,0,0,3,57
0x9f3ac5,50%,3,3,6,0,2,1,3
0xa9ca5f,70%,3,7,10,0,0,3,7
0x9be6f3,87.5%,3,21,24,21,3,0,0
0x8a677a,40%,3,2,5,1,2,1,1
0x8deb39,75%,3,9,12,5,1,2,4
0x9a7cb0,75%,3,9,12,0,0,3,9
0x60a5ba,57.1429%,3,4,7,0,0,3,4
0x59e972,62.5%,3,5,8,5,3,0,0
0xa43073,25%,3,1,4,1,3,0,0
0x9ecacf,40%,3,2,5,2,3,0,0
0x9e5f5c,83.3333%,3,15,18,0,0,3,15
0x80a1fa,99.0826%,3,324,327,320,3,0,4
0x80c209,98.8679%,3,262,265,0,0,3,262
0x980e44,95.9459%,3,71,74,71,3,0,0
0x63edf5,99.8384%,3,1854,1857,0,0,3,1854
0x984929,25%,3,1,4,0,0,3,1
0xa5aecc,57.1429%,3,4,7,2,3,0,2
0x60dfc0,66.6667%,3,6,9,0,0,3,6
0xa26d19,50%,3,3,6,3,3,0,0
0x4ad87b,85.7143%,3,18,21,8,0,3,10
0x534c51,85%,3,17,20,17,3,0,0
0xa5ace5,85.7143%,3,18,21,0,0,3,18
0x65c1f2,99.3363%,3,449,452,449,3,0,0
0xa96a2d,92.5%,3,37,40,1,2,1,36
0x7dff3e,62.5%,3,5,8,0,0,3,5
0x4876b6,80%,3,12,15,12,0,3,0
0x5f890d,62.5%,3,5,8,0,0,3,5
0x6514f9,96.3415%,3,79,82,0,0,3,79
0x9aa3db,80%,3,12,15,0,0,3,12
0x805dde,25%,3,1,4,0,0,3,1
0x5d0733,50%,3,3,6,0,3,0,3
0x495064,80%,3,12,15,12,1,2,0
0x5d0363,50%,3,3,6,3,3,0,0
0x8c8e3f,62.5%,3,5,8,0,0,3,5
0xa26bd1,50%,3,3,6,2,0,3,1
0xa556d5,96.3855%,3,80,83,80,3,0,0
0x9597e9,97.9167%,3,141,144,0,0,3,141
0xab2d30,72.7273%,3,8,11,4,0,3,4
0x9e5259,75%,3,9,12,1,0,3,8
0x81b07c,91.4286%,3,32,35,0,1,2,32
0x812066,70%,3,7,10,6,2,1,1
0x4b68fa,93.8776%,3,46,49,0,0,3,46
0x8ddb71,97.3214%,3,109,112,0,0,3,109
0x4ba225,98.6047%,3,212,215,0,0,3,212
0x492d2d,95.8333%,3,69,72,0,0,3,69
0x7bb927,25%,3,1,4,1,3,0,0
0x8deb46,50%,3,3,6,3,3,0,0
0xa294f9,81.25%,3,13,16,0,0,3,13
0xa3640f,57.1429%,3,4,7,0,0,3,4
0x98082a,72.7273%,3,8,11,0,0,3,8
0x81e5bd,62.5%,3,5,8,4,0,3,1
0xa51021,99.4071%,3,503,506,0,0,3,503
0x556226,40%,3,2,5,1,2,1,1
0x673d3c,92.1053%,3,35,38,0,0,3,35
0x983a18,25%,3,1,4,1,3,0,0
0x7dfc56,62.5%,3,5,8,0,0,3,5
0x9a28a5,80%,3,12,15,12,3,0,0
0x67eece,70%,3,7,10,7,3,0,0
0xa5c3f2,96.1039%,3,74,77,0,0,3,74
0x40f734,25%,3,1,4,1,3,0,0
0x80a90b,99.6433%,3,838,841,838,3,0,0
0x4b5e85,93.8776%,3,46,49,38,0,3,8
0x59c0e0,98.5981%,3,211,214,0,0,3,211
0x4b8095,72.7273%,3,8,11,2,3,0,6
0x555b6a,98.7603%,3,239,242,0,1,2,239
0xa5eb38,40%,3,2,5,0,0,3,2
0xa04100,50%,3,3,6,0,2,1,3
0xa4671d,90%,3,27,30,0,0,3,27
0x820da0,99.5017%,3,599,602,0,0,3,599
0x4b8593,72.7273%,3,8,11,8,3,0,0
0x5bd4a3,99.9619%,3,7870,7873,0,0,3,7870
0x6116b9,70%,3,7,10,0,0,3,7
0x98447f,84.2105%,3,16,19,16,2,1,0
0x4b835e,66.6667%,3,6,9,6,3,0,0
0x48d160,92.6829%,3,38,41,0,0,3,38
0x90e347,95.5224%,3,64,67,0,0,3,64
0x8ebc9f,25%,3,1,4,1,3,0,0
0xa5ebd4,98.9655%,3,287,290,0,0,3,287
0x94dd6d,99.4889%,3,584,587,0,0,3,584
0x4be83b,83.3333%,3,15,18,15,3,0,0
0xa2de5a,91.4286%,3,32,35,0,0,3,32
0x88df84,50%,3,3,6,3,3,0,0
0xa46b00,83.3333%,3,15,18,0,0,3,15
0x8f3e11,99.2228%,3,383,386,0,0,3,383
0x81a2d1,99.0881%,3,326,329,0,0,3,326
0xa467c7,75%,3,9,12,9,3,0,0
0x944cc5,99.5851%,3,720,723,0,0,3,720
0xa63ad8,25%,3,1,4,0,0,3,1
0x4b7276,72.7273%,3,8,11,0,3,0,8
0x4bcbc5,0%,3,0,3,0,3,0,0
0xa3218c,25%,3,1,4,1,3,0,0
0xa4689c,88.4615%,3,23,26,0,0,3,23
0x8d3351,0%,3,0,3,0,3,0,0
0x8d25f8,94.6429%,3,53,56,0,0,3,53
0xa6bdee,25%,3,1,4,1,3,0,0
0x441a72,72.7273%,3,8,11,8,3,0,0
0x51b33b,99.7642%,3,1269,1272,0,0,3,1269
0x8336a4,97.4138%,3,113,116,112,2,1,1
0x9e21f7,97.1154%,3,101,104,4,2,1,97
0x48ea02,96.6292%,3,86,89,1,3,0,85
0x4c455d,82.3529%,3,14,17,0,0,3,14
0x789eec,70%,3,7,10,2,0,3,5
0xa379d1,70%,3,7,10,6,2,1,1
0xa31230,96.4706%,3,82,85,0,0,3,82
0xa316bf,92.1053%,3,35,38,35,1,2,0
0x945c5b,95.3846%,3,62,65,0,0,3,62
0x81e5b4,75%,3,9,12,2,2,1,7
0xa6c5e0,96.3855%,3,80,83,80,3,0,0
0xa92d0a,62.5%,3,5,8,0,0,3,5
0x5bacf1,97.6744%,3,126,129,126,3,0,0
0x5de389,99.7583%,3,1238,1241,0,0,3,1238
0xa8a771,96.3855%,3,80,83,0,0,3,80
0x50e52e,96.9072%,3,94,97,0,0,3,94
0x402de0,94.9153%,3,56,59,0,0,3,56
0x950fe5,99.3103%,3,432,435,3,3,0,429
0x5b3020,70%,3,7,10,6,2,1,1
0x5f1c84,57.1429%,3,4,7,4,3,0,0
0x542316,98.6301%,3,216,219,0,0,3,216
0x5f8a0f,62.5%,3,5,8,5,3,0,0
0x4b877e,57.1429%,3,4,7,4,3,0,0
0x9cfc50,62.5%,3,5,8,0,0,3,5
0x4b755d,72.7273%,3,8,11,8,3,0,0
0x555b85,92.1053%,3,35,38,0,0,3,35
0x48f64f,0%,3,0,3,0,3,0,0
0xa39f13,90%,3,27,30,27,3,0,0
0x8ff509,94.9153%,3,56,59,56,3,0,0
0x403a17,70%,3,7,10,7,2,1,0
0x50c118,85%,3,17,20,12,1,2,5
0x976faf,96.3855%,3,80,83,80,1,2,0
0x666f03,25%,3,1,4,1,3,0,0
0x67a0a3,50%,3,3,6,3,3,0,0
0xb2ad43,99.711%,3,1035,1038,0,0,3,1035
0x503cff,94.2308%,3,49,52,0,0,3,49
0x647e09,94.1176%,3,48,51,0,2,1,48
0xa05474,85%,3,17,20,17,0,3,0
0x8a61ad,98.0519%,3,151,154,0,0,3,151
0xa6cb84,81.25%,3,13,16,13,3,0,0
0x59169e,0%,3,0,3,0,3,0,0
0xa39dc3,92.6829%,3,38,41,0,0,3,38
0x5d90a8,97.9592%,3,144,147,8,2,1,136
0x54cdcb,84.2105%,3,16,19,16,3,0,0
0x5d8705,90%,3,27,30,0,0,3,27
0x9f7c06,76.9231%,3,10,13,0,0,3,10
0x4c6730,88.4615%,3,23,26,2,2,1,21
0x54d1dd,80%,3,12,15,5,1,2,7
0x48f8a7,75%,3,9,12,2,0,3,7
0x9e0d97,86.9565%,3,20,23,0,0,3,20
0xa3d911,62.5%,3,5,8,0,0,3,5
0x94975f,96.2025%,3,76,79,76,3,0,0
0x918f6d,98.5%,3,197,200,197,1,2,0
0x5fafe6,83.3333%,3,15,18,15,3,0,0
0xa09546,75%,3,9,12,6,2,1,3
0x8de97f,98.5%,3,197,200,197,3,0,0
0x9d3402,94.5455%,3,52,55,0,0,3,52
0x88e06f,50%,3,3,6,3,3,0,0
0xa5084e,25%,3,1,4,1,3,0,0
0x5037ec,97.7941%,3,133,136,0,0,3,133
0x5fa54a,92.5%,3,37,40,0,0,3,37
0x5d8714,90%,3,27,30,0,0,3,27
0x49bf16,50%,3,3,6,0,0,3,3
0x5a969c,40%,3,2,5,0,0,3,2
0x7c7625,25%,3,1,4,0,0,3,1
0x4c3b82,25%,3,1,4,1,3,0,0
0xa4eefd,86.3636%,3,19,22,0,0,3,19
0xa06010,72.7273%,3,8,11,8,3,0,0
0xa9ff84,0%,3,0,3,0,0,3,0
0x5b4153,90.3226%,3,28,31,13,1,2,15
0x5d22cc,99.6878%,3,958,961,958,3,0,0
0xa4825d,75%,3,9,12,0,0,3,9
0x4bbd35,94.6429%,3,53,56,0,0,3,53
0x811495,99.645%,3,842,845,0,2,1,842
0x781531,66.6667%,3,6,9,0,0,3,6
0x4c40b0,96.7391%,3,89,92,89,3,0,0
0xa39302,78.5714%,3,11,14,0,0,3,11
0x8e4b3c,98.3146%,3,175,178,0,0,3,175
0x8df9ca,0%,3,0,3,0,0,3,0
0x495f9d,94.5455%,3,52,55,52,3,0,0
0x5bd507,99.7928%,3,1445,1448,1445,3,0,0
0x9ee48f,97.561%,3,120,123,120,3,0,0
0x488b01,99.4297%,3,523,526,0,0,3,523
0x94ebd9,96.6667%,3,87,90,87,3,0,0
0x9fe05d,88%,3,22,25,6,1,2,16
0xa39db2,92.6829%,3,38,41,0,0,3,38
0x4bed51,62.5%,3,5,8,3,1,2,2
0xa69e67,25%,3,1,4,1,3,0,0
0xa39a59,84.2105%,3,16,19,0,0,3,16
0xaa2dba,99.0132%,3,301,304,301,3,0,0
0xa9f358,0%,3,0,3,0,0,3,0
0x556197,98.7903%,3,245,248,0,3,0,245
0xa55456,98.0519%,3,151,154,0,0,3,151
0x48ba90,57.1429%,3,4,7,4,3,0,0
0x805f08,93.617%,3,44,47,0,0,3,44
0xa344ea,98.2353%,3,167,170,167,3,0,0
0xa8a6d7,96.3855%,3,80,83,0,0,3,80
0xa41011,93.3333%,3,42,45,42,3,0,0
0x8aaad2,84.2105%,3,16,19,16,3,0,0
0x4c561f,94.5455%,3,52,55,28,3,0,24
0x9fe486,0%,3,0,3,0,3,0,0
0xa55751,25%,3,1,4,1,1,2,0
0x9f99eb,92.6829%,3,38,41,0,0,3,38
0xaa7f7c,0%,3,0,3,0,0,3,0
0x80939b,99.0909%,3,327,330,0,0,3,327
0xa8a98d,94.1176%,3,48,51,48,3,0,0
0xa051e3,57.1429%,3,4,7,4,2,1,0
0x5425bf,97.6744%,3,126,129,0,0,3,126
0x4bed3b,98.1707%,3,161,164,155,1,2,6
0x8d27a6,0%,3,0,3,0,0,3,0
0xa4cbdd,25%,3,1,4,0,0,3,1
0x40a2ae,91.1765%,3,31,34,0,3,0,31
0x54db46,92.3077%,3,36,39,0,0,3,36
0x99ce94,66.6667%,3,6,9,6,3,0,0
0x4b5c90,94.3396%,3,50,53,0,3,0,50
0xa721e0,88.8889%,3,24,27,24,3,0,0
0x99cf17,66.6667%,3,6,9,0,0,3,6
0x8df35b,62.5%,3,5,8,0,0,3,5
0x98ced5,75%,3,9,12,0,0,3,9
0x98b314,99.1379%,3,345,348,0,0,3,345
0x48f087,90.9091%,3,30,33,0,0,3,30
0x4c209b,98.1132%,3,156,159,0,0,3,156
0x7bdb20,62.5%,3,5,8,0,0,3,5
0x48c4cc,96.875%,3,93,96,93,3,0,0
0x973716,40%,3,2,5,2,3,0,0
0x4bf498,95.5882%,3,65,68,0,0,3,65
0x502918,96.9072%,3,94,97,0,0,3,94
0x48ee8c,94.4444%,3,51,54,51,3,0,0
0xa2dbc8,25%,3,1,4,0,0,3,1
0x5068be,97.7941%,3,133,136,133,3,0,0
0x59c43c,86.9565%,3,20,23,0,0,3,20
0x50338f,91.8919%,3,34,37,0,0,3,34
0x9f4995,25%,3,1,4,1,3,0,0
0x9e3f63,84.2105%,3,16,19,0,0,3,16
0xaaaedd,62.5%,3,5,8,3,1,2,2
0x7d3417,62.5%,3,5,8,5,3,0,0
0x82103c,96.5116%,3,83,86,0,0,3,83
0x5e1efa,50%,3,3,6,0,0,3,3
0x60be25,70%,3,7,10,0,0,3,7
0x5f8139,98%,3,147,150,0,0,3,147
0x94d601,99.4681%,3,561,564,561,3,0,0
0x4b6702,72.7273%,3,8,11,0,0,3,8
0x509883,99.9195%,3,3722,3725,0,0,3,3722
0x48fa26,70%,3,7,10,7,3,0,0
0x48fd60,70%,3,7,10,7,3,0,0
0x7d28f0,75%,3,9,12,9,3,0,0
0x8fecdc,98.8679%,3,262,265,0,0,3,262
0xa47f06,75%,3,9,12,0,0,3,9
0x80fae4,96.5116%,3,83,86,83,3,0,0
0x5a9693,40%,3,2,5,0,0,3,2
0x9e05c7,94.8276%,3,55,58,0,0,3,55
0x9e05d6,94.8276%,3,55,58,0,0,3,55
0xa27854,62.5%,3,5,8,2,2,1,3
0x5f1d8c,57.1429%,3,4,7,4,3,0,0
0x8f6429,98.3516%,3,179,182,0,0,3,179
0x4c073e,96.5116%,3,83,86,83,3,0,0
0xa4784c,25%,3,1,4,1,3,0,0
0x4a5bc4,94.5455%,3,52,55,0,0,3,52
0x99f1df,85%,3,17,20,0,0,3,17
0x639ad9,91.8919%,3,34,37,0,0,3,34
0x7c724d,66.6667%,3,6,9,0,0,3,6
0x58e83c,57.1429%,3,4,7,1,0,3,3
0x490bbe,92.6829%,3,38,41,0,0,3,38
0x4c9886,78.5714%,3,11,14,0,0,3,11
0xa43d0f,99.6458%,3,844,847,844,3,0,0
0xa08f59,50%,3,3,6,3,3,0,0
0x9c3e27,96.5116%,3,83,86,83,3,0,0
0x5f7665,97.6%,3,122,125,0,0,3,122
0x4905d6,0%,3,0,3,0,3,0,0
0xa45f24,57.1429%,3,4,7,2,2,1,2
0x8d279c,0%,3,0,3,0,0,3,0
0xa45de9,94.2308%,3,49,52,49,3,0,0
0x7b0a6d,90.625%,3,29,32,4,0,3,25
0x81caf6,95%,3,57,60,0,0,3,57
0xa45d54,50%,3,3,6,1,3,0,2
0xa6c712,88.8889%,3,24,27,0,0,3,24
0x9abe1e,98.3333%,3,177,180,0,0,3,177
0x8fd7bc,80%,3,12,15,11,1,2,1
0x8dd9f4,99.8124%,3,1596,1599,0,0,3,1596
0x819169,95.5882%,3,65,68,33,1,2,32
0x81e7a7,97.8417%,3,136,139,136,3,0,0
0x53fc77,25%,3,1,4,0,0,3,1
0xa31b31,98.3516%,3,179,182,0,0,3,179
0x9f25e7,92.3077%,3,36,39,36,3,0,0
0x7c7519,81.25%,3,13,16,0,0,3,13
0x5be567,98.2353%,3,167,170,167,3,0,0
0xa41145,88%,3,22,25,0,0,3,22
0x90fd9f,81.25%,3,13,16,13,3,0,0
0xa28602,50%,3,3,6,3,1,2,0
0xaa4a2e,0%,3,0,3,0,0,3,0
0xa318cf,98.6111%,3,213,216,82,0,3,131
0x4b527f,95.7746%,3,68,71,68,1,2,0
0x99e21e,80%,3,12,15,0,0,3,12
0x54461c,66.6667%,3,6,9,0,0,3,6
0x5bc504,99.6888%,3,961,964,961,3,0,0
0x610ba1,98.1013%,3,155,158,0,0,3,155
0xa9198c,92.8571%,3,39,42,39,3,0,0
0xa2f3be,25%,3,1,4,1,1,2,0
0x4bb67b,94.2308%,3,49,52,0,0,3,49
0x5cfd74,87.5%,3,21,24,21,3,0,0
0x7d1fe3,99.4595%,3,552,555,552,3,0,0
0x972ca3,97.8571%,3,137,140,0,0,3,137
0x9ea7d0,90.625%,3,29,32,0,0,3,29
0x5be463,98.2353%,3,167,170,167,3,0,0
0x8ee602,92.8571%,3,39,42,39,3,0,0
0x60b0ba,94%,3,47,50,47,3,0,0
0xa36146,95.8333%,3,69,72,0,2,1,69
0x63aa9c,99.6346%,3,818,821,818,3,0,0
0x63ec3a,99.5896%,3,728,731,728,3,0,0
0x9e88cc,90%,3,27,30,27,3,0,0
0x446549,99.4889%,3,584,587,0,0,3,584
0x9ea7e3,90.625%,3,29,32,0,0,3,29
0xa42f9f,94.8276%,3,55,58,54,0,3,1
0x980d68,93.617%,3,44,47,0,0,3,44
0x541fd3,99.6462%,3,845,848,0,0,3,845
0x5cb0a2,99.6614%,3,883,886,0,0,3,883
0x4b9fc1,94%,3,47,50,1,2,1,46
0x4c06b0,96.5116%,3,83,86,83,3,0,0
0xa4ed8f,98.1481%,3,159,162,0,0,3,159
0x7b6401,91.8919%,3,34,37,0,0,3,34
0xaaa705,57.1429%,3,4,7,4,3,0,0
0x80d427,97.2727%,3,107,110,107,3,0,0
0xa3ff17,75%,3,9,12,9,3,0,0
0xa478b4,86.3636%,3,19,22,0,0,3,19
0x9d1cd2,86.3636%,3,19,22,19,3,0,0
0x490f2e,92.6829%,3,38,41,0,0,3,38
0xaa8013,99.4329%,3,526,529,0,0,3,526
0x49aea1,92.3077%,3,36,39,36,3,0,0
0x490f4b,92.6829%,3,38,41,0,3,0,38
0xa4989e,86.3636%,3,19,22,0,0,3,19
0x50811f,99.4318%,3,525,528,389,3,0,136
0x88e50a,92.3077%,3,36,39,36,3,0,0
0x819f98,95.9459%,3,71,74,71,3,0,0
0x4bf60d,96.5116%,3,83,86,0,0,3,83
0x651705,92.3077%,3,36,39,0,0,3,36
0x490257,50%,3,3,6,0,0,3,3
0x88e9ec,92.3077%,3,36,39,0,0,3,36
0x4b78c6,89.2857%,3,25,28,0,0,3,25
0x48f0fe,97.6744%,3,126,129,0,0,3,126
0xa654ff,25%,3,1,4,0,0,3,1
0xa470f8,84.2105%,3,16,19,0,0,3,16
0xa66139,97.3451%,3,110,113,0,0,3,110
0xa1d49a,40%,3,2,5,0,0,3,2
0x5f0996,98.9865%,3,293,296,0,0,3,293
0x9850c0,25%,3,1,4,0,0,3,1
0x544302,94.7368%,3,54,57,0,0,3,54
0x908b27,99.6878%,3,958,961,958,3,0,0
0xa2dc9b,91.6667%,3,33,36,33,3,0,0
0x627e5b,86.9565%,3,20,23,0,0,3,20
0x51b469,95.7746%,3,68,71,0,0,3,68
0xa47adc,84.2105%,3,16,19,16,3,0,0
0x8042fc,81.25%,3,13,16,7,3,0,6
0x9aa126,90.9091%,3,30,33,0,0,3,30
0xa48178,98.7395%,3,235,238,235,3,0,0
0x610297,90.9091%,3,30,33,0,0,3,30
0x50cbcc,95.4545%,3,63,66,17,2,1,46
0x8d3f7a,70%,3,7,10,0,0,3,7
0x81ef94,25%,3,1,4,0,0,3,1
0x8fdf66,99.8871%,3,2654,2657,0,0,3,2654
0x8d3f66,76.9231%,3,10,13,2,1,2,8
0x96605a,70%,3,7,10,0,0,3,7
0x8e96f7,99.6875%,3,957,960,957,3,0,0
0x5f94f1,0%,3,0,3,0,0,3,0
0x8d4319,75%,3,9,12,0,0,3,9
0x9fdbd9,83.3333%,3,15,18,15,3,0,0
0xa07b69,40%,3,2,5,1,3,0,1
0x9f88e2,84.2105%,3,16,19,16,3,0,0
0x8e3935,93.75%,3,45,48,0,0,3,45
0x4c9843,80%,3,12,15,4,1,2,8
0x4b61dc,85.7143%,3,18,21,18,3,0,0
0x90eef8,99.6878%,3,958,961,0,0,3,958
0x9988d7,50%,3,3,6,3,0,3,0
0x8a6b6d,87.5%,3,21,24,1,0,3,20
0x94e0ea,57.1429%,3,4,7,0,0,3,4
0x5d0bf2,97.931%,3,142,145,142,3,0,0
0x8bb769,70%,3,7,10,7,3,0,0
0x58e444,92.5%,3,37,40,0,0,3,37
0x499977,81.25%,3,13,16,13,3,0,0
0x4bd144,62.5%,3,5,8,1,0,3,4
0x9f4b30,99.0228%,3,304,307,304,3,0,0
0x8434c1,50%,3,3,6,2,0,3,1
0xa4963c,94.5455%,3,52,55,0,0,3,52
0x99ab90,98.8281%,3,253,256,253,2,1,0
0x40e550,81.25%,3,13,16,0,0,3,13
0x49e096,99.4152%,3,510,513,510,3,0,0
0x80c972,70%,3,7,10,0,0,3,7
0x7d33cb,75%,3,9,12,0,0,3,9
0x65b2e8,98.2143%,3,165,168,165,3,0,0
0xa64bf0,50%,3,3,6,0,0,3,3
0x81197e,92.6829%,3,38,41,37,2,1,1
0x59c58e,96.7033%,3,88,91,88,3,0,0
0x9f12bc,70%,3,7,10,0,0,3,7
0x9f416e,90.9091%,3,30,33,30,3,0,0
0x48d988,99.6606%,3,881,884,0,0,3,881
0xa06058,25%,3,1,4,0,3,0,1
0x4bc06b,81.25%,3,13,16,0,0,3,13
0x47f82a,84.2105%,3,16,19,16,3,0,0
0x8d26ff,96%,3,72,75,72,3,0,0
0xa21044,50%,3,3,6,2,3,0,1
0x8fd844,50%,3,3,6,0,3,0,3
0x66f502,57.1429%,3,4,7,0,0,3,4
0x5f3e20,25%,3,1,4,1,2,1,0
0x80ae55,91.8919%,3,34,37,0,2,1,34
0xa530ed,98.4375%,3,189,192,0,0,3,189
0x4bb311,80%,3,12,15,0,0,3,12
0x901a27,98.8095%,3,249,252,0,0,3,249
0x7d3dab,0%,3,0,3,0,0,3,0
0x65bcb0,99.4059%,3,502,505,502,3,0,0
0x985120,75%,3,9,12,7,1,2,2
0x4b8520,0%,3,0,3,0,1,2,0
0x5b177f,70%,3,7,10,0,0,3,7
0x8f489a,99.7831%,3,1380,1383,1380,3,0,0
0x9e0bb3,98.69%,3,226,229,226,3,0,0
0x8e38e3,93.75%,3,45,48,0,0,3,45
0x99ac32,98.8235%,3,252,255,0,0,3,252
0x47fe0f,84.2105%,3,16,19,16,3,0,0
0xa64c7e,62.5%,3,5,8,0,0,3,5
0xa33817,25%,3,1,4,0,0,3,1
0xa90efc,25%,3,1,4,0,0,3,1
0x5b0190,85.7143%,3,18,21,0,0,3,18
0xa99853,40%,3,2,5,2,3,0,0
0x40aa47,89.2857%,3,25,28,0,2,1,25
0xa324f4,25%,3,1,4,0,2,1,1
0x973369,92.8571%,3,39,42,33,0,3,6
0x8d3310,87.5%,3,21,24,18,3,0,3
0x9ea6c1,98.4211%,3,187,190,187,3,0,0
0x804dd7,25%,3,1,4,0,2,1,1
0x5fbdfe,98.3957%,3,184,187,0,0,3,184
0x481bfc,84.2105%,3,16,19,0,0,3,16
0x838a94,50%,3,3,6,1,0,3,2
0x812886,91.8919%,3,34,37,31,2,1,3
0x5c4585,99.6575%,3,873,876,0,0,3,873
0x4bcd12,92.8571%,3,39,42,0,0,3,39
0x8be84d,86.3636%,3,19,22,16,1,2,3
0x9a100e,80%,3,12,15,12,3,0,0
0x533c3d,66.6667%,3,6,9,0,0,3,6
0xa519fc,84.2105%,3,16,19,11,1,2,5
0x65b1e7,76.9231%,3,10,13,10,3,0,0
0x5be7fd,93.3333%,3,42,45,0,2,1,42
0xa318f5,97.7612%,3,131,134,131,3,0,0
0x65b21b,76.9231%,3,10,13,0,0,3,10
0x48ed7a,88%,3,22,25,22,3,0,0
0x4bd4aa,25%,3,1,4,0,3,0,1
0xa5b23e,75%,3,9,12,9,3,0,0
0x7c76ab,75%,3,9,12,8,0,3,1
0x99e7fc,76.9231%,3,10,13,10,3,0,0
0x48d732,85%,3,17,20,0,0,3,17
0xa01704,92.5%,3,37,40,37,3,0,0
0xa91a5a,25%,3,1,4,0,0,3,1
0xa29495,81.25%,3,13,16,13,3,0,0
0x48e8b3,57.1429%,3,4,7,4,2,1,0
0x9fe83f,0%,3,0,3,0,3,0,0
0x837a2a,85%,3,17,20,2,2,1,15
0x835ddd,85%,3,17,20,0,0,3,17
0xa557e7,50%,3,3,6,1,1,2,2
0x7cf7b8,62.5%,3,5,8,0,0,3,5
0xa0f1c4,75%,3,9,12,5,1,2,4
0x9c3af7,66.6667%,3,6,9,6,3,0,0
0x9d0a29,94.1176%,3,48,51,0,0,3,48
0x5f64a3,81.25%,3,13,16,13,3,0,0
0x4903d4,0%,3,0,3,0,0,3,0
0x9c5100,62.5%,3,5,8,0,0,3,5
0x9710c4,57.1429%,3,4,7,3,2,1,1
0x5f5d46,25%,3,1,4,0,2,1,1
0x58e27d,96%,3,72,75,0,0,3,72
0x838815,40%,3,2,5,0,0,3,2
0x9a7970,78.5714%,3,11,14,11,3,0,0
0x910da8,99.5489%,3,662,665,662,3,0,0
0x5f4085,57.1429%,3,4,7,0,3,0,4
0x538c40,72.7273%,3,8,11,6,1,2,2
0x942aea,62.5%,3,5,8,3,1,2,2
0xa5aab3,0%,3,0,3,0,0,3,0
0xb17a64,99.5804%,3,712,715,712,3,0,0
0xa459d9,83.3333%,3,15,18,15,3,0,0
0x502d92,62.5%,3,5,8,5,3,0,0
0x63ead5,91.8919%,3,34,37,34,3,0,0
0x485cee,0%,3,0,3,0,0,3,0
0x977f3f,92.5%,3,37,40,37,3,0,0
0x8055dc,96.6292%,3,86,89,86,3,0,0
0xa352ea,0%,3,0,3,0,3,0,0
0x58f3f9,94.2308%,3,49,52,0,0,3,49
0xa04bbf,92.1053%,3,35,38,35,3,0,0
0x9776da,99.782%,3,1373,1376,0,0,3,1373
0x50e40c,25%,3,1,4,0,2,1,1
0x4a97b9,25%,3,1,4,0,0,3,1
0x9eb048,97.2477%,3,106,109,106,3,0,0
0xaa4c9e,0%,3,0,3,0,3,0,0
0x8dc1d8,99.8161%,3,1628,1631,1628,3,0,0
0x4a86cd,94.3396%,3,50,53,50,1,2,0
0x40a674,25%,3,1,4,1,3,0,0
0x53387d,83.3333%,3,15,18,0,0,3,15
0x9eb070,97.2477%,3,106,109,106,3,0,0
0x4b5ede,25%,3,1,4,0,0,3,1
0xa98599,25%,3,1,4,0,0,3,1
0xa984e4,25%,3,1,4,1,3,0,0
0xaccde2,0%,3,0,3,0,0,3,0
0x4c567c,87.5%,3,21,24,0,2,1,21
0xa372e3,70%,3,7,10,0,2,1,7
0x48277f,57.1429%,3,4,7,0,0,3,4
0xa9749e,92.3077%,3,36,39,0,0,3,36
0x816a13,76.9231%,3,10,13,10,2,1,0
0x5d02fc,97.7444%,3,130,133,130,3,0,0
0x4098ee,98.8636%,3,261,264,0,0,3,261
0x838b0b,50%,3,3,6,0,2,1,3
0x8ea088,0%,3,0,3,0,0,3,0
0xa09514,75%,3,9,12,3,1,2,6
0x5d0a63,97.7444%,3,130,133,130,3,0,0
0x90241b,93.8776%,3,46,49,0,0,3,46
0x40dee5,97.2222%,3,105,108,0,3,0,105
0x4b6c3b,66.6667%,3,6,9,6,3,0,0
0x441461,99.4845%,3,579,582,0,0,3,579
0x44146e,99.4845%,3,579,582,0,0,3,579
0x8e9d0f,25%,3,1,4,1,3,0,0
0x4c4d20,76.9231%,3,10,13,10,3,0,0
0x9e0974,92.5%,3,37,40,0,0,3,37
0x8f38c5,97.4138%,3,113,116,113,3,0,0
0x7899eb,50%,3,3,6,0,0,3,3
0x9e4e8e,95%,3,57,60,57,3,0,0
0x40238e,99.4889%,3,584,587,584,3,0,0
0x4bf4a5,95.5882%,3,65,68,0,0,3,65
0x7c20ae,78.5714%,3,11,14,2,0,3,9
0xa43891,93.75%,3,45,48,35,1,2,10
0x4c68c0,85%,3,17,20,9,3,0,8
0x5ec5d6,62.5%,3,5,8,5,3,0,0
0x4b9c96,90.3226%,3,28,31,20,1,2,8
0x8d209c,96.875%,3,93,96,0,0,3,93
0x5af805,94.3396%,3,50,53,50,3,0,0
0xa55220,62.5%,3,5,8,0,0,3,5
0x4c776a,62.5%,3,5,8,5,3,0,0
0x4a5925,92.3077%,3,36,39,36,3,0,0
0x94afcc,81.25%,3,13,16,0,0,3,13
0xaadb0b,95.3125%,3,61,64,0,0,3,61
0x590cd9,85%,3,17,20,17,3,0,0
0xa90386,85%,3,17,20,17,3,0,0
0x8bdc8d,57.1429%,3,4,7,0,0,3,4
0xa2975a,25%,3,1,4,0,0,3,1
0x544b16,94.7368%,3,54,57,54,3,0,0
0x5b20da,83.3333%,3,15,18,15,3,0,0
0x90d03a,98.1595%,3,160,163,0,0,3,160
0x6dcc17,92.8571%,3,39,42,38,3,0,1
0x67f171,97.2222%,3,105,108,105,3,0,0
0x4b9109,66.6667%,3,6,9,6,3,0,0
0xa953aa,25%,3,1,4,1,3,0,0
0x5fea81,87.5%,3,21,24,13,2,1,8
0x4b90cb,66.6667%,3,6,9,0,0,3,6
0x4c8092,86.3636%,3,19,22,0,0,3,19
0x4bf137,80%,3,12,15,12,3,0,0
0x4b48ed,95.7746%,3,68,71,0,0,3,68
0x5f1f96,91.6667%,3,33,36,33,3,0,0
0x8df54e,62.5%,3,5,8,5,3,0,0
0x68a9a4,96.0526%,3,73,76,73,2,1,0
0x9abb09,99.7268%,3,1095,1098,0,0,3,1095
0x4b56c8,97.0588%,3,99,102,0,0,3,99
0x9a0c2c,89.2857%,3,25,28,0,0,3,25
0x4c8151,86.3636%,3,19,22,19,3,0,0
0x5bb66c,86.9565%,3,20,23,0,0,3,20
0x6774af,95.7746%,3,68,71,0,0,3,68
0xa1a302,66.6667%,3,6,9,0,0,3,6
0x4bde28,78.5714%,3,11,14,7,0,3,4
0x9f6afc,91.6667%,3,33,36,33,3,0,0
0x8fda2b,25%,3,1,4,0,0,3,1
0x491952,95.8333%,3,69,72,0,0,3,69
0x9c3a0a,98.7805%,3,243,246,0,0,3,243
0x4a0258,97.8261%,3,135,138,135,3,0,0
0x4b54f7,83.3333%,3,15,18,2,2,1,13
0x81f8fd,99.8573%,3,2099,2102,0,0,3,2099
0xa4858b,94.6429%,3,53,56,13,2,1,40
0x9fa1cb,50%,3,3,6,0,0,3,3
0x4828ba,66.6667%,3,6,9,0,0,3,6
0x554ee8,97.8873%,3,139,142,139,3,0,0
0xa46aa2,96.875%,3,93,96,0,0,3,93
0xa160df,50%,3,3,6,0,0,3,3
0xa065a1,90.3226%,3,28,31,0,0,3,28
0xa15cd4,50%,3,3,6,3,2,1,0
0x4bd5ef,62.5%,3,5,8,1,0,3,4
0xaa47b4,98.8593%,3,260,263,260,3,0,0
0x8ed45b,50%,3,3,6,0,0,3,3
0xa43953,98.5075%,3,198,201,0,0,3,198
0x9499bc,94.3396%,3,50,53,50,3,0,0
0x5b0e9a,94.5455%,3,52,55,52,3,0,0
0x5121c3,92.3077%,3,36,39,0,0,3,36
0x981458,96.1039%,3,74,77,73,2,1,1
0xa3942b,78.5714%,3,11,14,0,0,3,11
0x4b96c8,76.9231%,3,10,13,1,2,1,9
0x4b6d7c,89.2857%,3,25,28,0,0,3,25
0xa5f9eb,99.3103%,3,432,435,0,0,3,432
0x495e95,84.2105%,3,16,19,8,2,1,8
0x80474c,97.1963%,3,104,107,104,1,2,0
0x9a6486,98.2955%,3,173,176,0,0,3,173
0x505357,85%,3,17,20,17,3,0,0
0x495df4,84.2105%,3,16,19,0,1,2,16
0x8ad8fb,84.2105%,3,16,19,0,0,3,16
0xb18227,99.7015%,3,1002,1005,16,3,0,986
0x5440ad,72.7273%,3,8,11,1,1,2,7
0x7c218d,98.1595%,3,160,163,21,3,0,139
0xa90a13,25%,3,1,4,0,0,3,1
0x81d044,40%,3,2,5,0,0,3,2
0x972c96,89.2857%,3,25,28,25,3,0,0
0xb313a7,99.537%,3,645,648,0,0,3,645
0x80d499,97.2727%,3,107,110,0,0,3,107
0xa949b1,87.5%,3,21,24,0,0,3,21
0x8c735f,99.6829%,3,943,946,0,0,3,943
0x9e5c70,91.4286%,3,32,35,32,3,0,0
0x50339b,91.8919%,3,34,37,0,0,3,34
0x9e3f73,99.0099%,3,300,303,0,0,3,300
0xa06383,50%,3,3,6,2,1,2,1
0x5ec56f,92.5%,3,37,40,0,0,3,37
0x81f030,25%,3,1,4,0,0,3,1
0x4bda9a,0%,3,0,3,0,3,0,0
0xae706f,95.6522%,3,66,69,66,3,0,0
0x67ad4a,83.3333%,3,15,18,15,3,0,0
0x9f484f,62.5%,3,5,8,2,2,1,3
0x9f49ff,25%,3,1,4,1,2,1,0
0xa90b4a,62.5%,3,5,8,1,2,1,4
0x9e7dad,0%,3,0,3,0,0,3,0
0x4a6564,97.973%,3,145,148,0,3,0,145
0x9028fa,97.0874%,3,100,103,0,0,3,100
0x4021b8,99.8482%,3,1973,1976,0,0,3,1973
0xa59cd0,0%,3,0,3,0,3,0,0
0x9f50b3,94.2308%,3,49,52,23,3,0,26
0xb17b4e,99.5804%,3,712,715,0,0,3,712
0x4a5b52,94.5455%,3,52,55,52,3,0,0
0x838f8a,85%,3,17,20,0,0,3,17
0x78bfb7,66.6667%,3,6,9,0,0,3,6
0x6964db,94.6429%,3,53,56,53,3,0,0
0x5f9246,57.1429%,3,4,7,0,0,3,4
0x4c3892,76.9231%,3,10,13,10,3,0,0
0x808ff3,87.5%,3,21,24,0,0,3,21
0x969986,92.3077%,3,36,39,0,0,3,36
0x8c832d,72.7273%,3,8,11,0,0,3,8
0xaa58a1,93.8776%,3,46,49,0,0,3,46
0x789c44,0%,3,0,3,0,3,0,0
0x7d0cf5,99.6333%,3,815,818,0,0,3,815
0x5f93da,0%,3,0,3,0,0,3,0
0x94c5fd,99.4662%,3,559,562,559,3,0,0
0x4bd17e,50%,3,3,6,0,2,1,3
0x900be5,99.1018%,3,331,334,0,0,3,331
0x6775fd,99.1914%,3,368,371,0,2,1,368
0x49c286,50%,3,3,6,0,0,3,3
0xa438b7,75%,3,9,12,9,3,0,0
0x812304,82.3529%,3,14,17,0,2,1,14
0x5d454f,78.5714%,3,11,14,0,0,3,11
0x502f98,96.9072%,3,94,97,0,0,3,94
0x821248,99.7592%,3,1243,1246,0,0,3,1243
0x7d340d,75%,3,9,12,1,3,0,8
0x4102ae,99.6822%,3,941,944,52,2,1,889
0x5dae26,25%,3,1,4,0,0,3,1
0x4bdc88,70%,3,7,10,0,0,3,7
0x67048d,66.6667%,3,6,9,0,0,3,6
0x59095d,85%,3,17,20,0,0,3,17
0x610629,25%,3,1,4,1,3,0,0
0x7c1696,25%,3,1,4,0,0,3,1
0x984425,95.4545%,3,63,66,63,3,0,0
0x53ec60,40%,3,2,5,0,0,3,2
0x4c168d,75%,3,9,12,6,3,0,3
0x9e11bc,88.4615%,3,23,26,0,0,3,23
0x4be4d0,57.1429%,3,4,7,0,0,3,4
0x9e218d,57.1429%,3,4,7,4,3,0,0
0x540a23,78.5714%,3,11,14,11,1,2,0
0x78d5f0,95.3125%,3,61,64,61,3,0,0
0x610220,90.9091%,3,30,33,30,3,0,0
0x5dae4d,25%,3,1,4,1,3,0,0
0x647299,85.7143%,3,18,21,0,0,3,18
0x9f9531,88%,3,22,25,0,0,3,22
0x9fcc80,57.1429%,3,4,7,0,0,3,4
0x48f453,50%,3,3,6,2,1,2,1
0x808ab2,66.6667%,3,6,9,6,3,0,0
0xa1b492,40%,3,2,5,0,1,2,2
0x8f6173,98.2456%,3,168,171,0,0,3,168
0x9f959d,97.2477%,3,106,109,106,3,0,0
0x6472ab,85%,3,17,20,0,0,3,17
0x8fd21a,50%,3,3,6,2,0,3,1
0xa64c18,50%,3,3,6,0,0,3,3
0x979991,93.1818%,3,41,44,0,0,3,41
0x58de24,96%,3,72,75,0,0,3,72
0x647e6a,94.1176%,3,48,51,48,3,0,0
0x8df916,25%,3,1,4,0,1,2,1
0x638858,99.9199%,3,3743,3746,0,0,3,3743
0x9f939d,91.1765%,3,31,34,31,3,0,0
0x686968,98.9324%,3,278,281,0,0,3,278
0x805572,96.6292%,3,86,89,84,2,1,2
0xa3aba0,25%,3,1,4,0,0,3,1
0xa42724,98.6667%,3,222,225,0,0,3,222
0xab3303,92.8571%,3,39,42,0,0,3,39
0x8ffb99,99.8008%,3,1503,1506,1503,3,0,0
0x9fcbe3,88%,3,22,25,0,0,3,22
0x48aac8,99.9337%,3,4525,4528,4525,3,0,0
0x59c9ab,72.7273%,3,8,11,8,3,0,0
0x9f9630,95.5882%,3,65,68,0,0,3,65
0x96af3e,57.1429%,3,4,7,0,0,3,4
0x496199,75%,3,9,12,0,0,3,9
0x80b37f,50%,3,3,6,2,3,0,1
0x8f6c48,97.2477%,3,106,109,106,3,0,0
0x90435e,99.3976%,3,495,498,0,0,3,495
0xa4541f,99.1379%,3,345,348,1,3,0,344
0x547a5b,25%,3,1,4,0,0,3,1
0x9f8694,72.7273%,3,8,11,0,0,3,8
0x647d69,94.1176%,3,48,51,0,2,1,48
0xa8aa0f,25%,3,1,4,1,3,0,0
0x49c235,25%,3,1,4,0,0,3,1
0x49db41,99.6633%,3,888,891,888,3,0,0
0x9f893d,78.5714%,3,11,14,7,2,1,4
0x4c72f9,83.3333%,3,15,18,15,3,0,0
0x9fcec7,88%,3,22,25,22,3,0,0
0x9a3a5d,76.9231%,3,10,13,10,1,2,0
0x53dcf5,70%,3,7,10,2,0,3,5
0x9f861c,78.5714%,3,11,14,0,3,0,11
0x8deea3,62.5%,3,5,8,0,0,3,5
0x8e39fa,90.625%,3,29,32,29,3,0,0
0x9e2db2,81.25%,3,13,16,13,3,0,0
0x81856a,91.1765%,3,31,34,31,3,0,0
0xa6b78d,25%,3,1,4,0,0,3,1
0xa3fde7,89.2857%,3,25,28,25,3,0,0
0xa9732d,0%,3,0,3,0,0,3,0
0x9ff5be,92.5%,3,37,40,0,0,3,37
0x980887,0%,3,0,3,0,0,3,0
0x647db8,94.1176%,3,48,51,0,0,3,48
0x48725e,97.8261%,3,135,138,0,0,3,135
0x9f3a5e,50%,3,3,6,0,1,2,3
0x5ebd7f,57.1429%,3,4,7,4,3,0,0
0xa37049,90.625%,3,29,32,29,3,0,0
0x48fa88,50%,3,3,6,2,1,2,1
0xa36d66,92.8571%,3,39,42,39,3,0,0
0x73d7ef,50%,3,3,6,1,1,2,2
0x99af9a,57.1429%,3,4,7,0,0,3,4
0x9f80d6,0%,3,0,3,0,2,1,0
0x47fc8b,84.2105%,3,16,19,1,0,3,15
0x9f877a,0%,3,0,3,0,3,0,0
0xb1b9cb,99.7015%,3,1002,1005,1002,3,0,0
0x9f63d6,0%,3,0,3,0,0,3,0
0xa280ec,98.5646%,3,206,209,206,3,0,0
0x6472b1,85%,3,17,20,0,0,3,17
0x8c87c3,99.3213%,3,439,442,439,3,0,0
0x5e1f02,50%,3,3,6,3,3,0,0
0x60c642,57.1429%,3,4,7,0,3,0,4
0x49bd38,50%,3,3,6,1,3,0,2
0x58e5dc,50%,3,3,6,3,0,3,0
0xa3bdf6,62.5%,3,5,8,5,3,0,0
0xa983df,25%,3,1,4,0,2,1,1
0x48fa7c,50%,3,3,6,0,0,3,3
0x911d4d,99.529%,3,634,637,634,3,0,0
0x9be488,90.625%,3,29,32,29,3,0,0
0xa951a7,25%,3,1,4,1,3,0,0
0xa92c86,62.5%,3,5,8,5,3,0,0
0x88a26a,82.3529%,3,14,17,14,3,0,0
0x9e7cfe,87.5%,3,21,24,0,0,3,21
0x59f4d2,25%,3,1,4,0,0,3,1
0xa43b7c,97.7099%,3,128,131,128,3,0,0
0x8f639e,75%,3,9,12,9,3,0,0
0x59f9b6,25%,3,1,4,0,0,3,1
0x4ac74a,85%,3,17,20,0,0,3,17
0xb17e8f,99.7172%,3,1058,1061,1058,3,0,0
0x8ee765,98.2353%,3,167,170,0,0,3,167
0x63d1ba,86.9565%,3,20,23,0,0,3,20
0x6070a6,96.8421%,3,92,95,0,0,3,92
0x6f0a1e,81.25%,3,13,16,13,3,0,0
0xa56704,81.25%,3,13,16,7,1,2,6
0x9d07be,95.1613%,3,59,62,0,0,3,59
0xa15ebc,62.5%,3,5,8,3,1,2,2
0x9bb44e,84.2105%,3,16,19,0,1,2,16
0x544a3c,66.6667%,3,6,9,0,0,3,6
0xaa4616,96.9697%,3,96,99,0,0,3,96
0x99c8bb,99.3939%,3,492,495,0,0,3,492
0x9eefb1,50%,3,3,6,3,3,0,0
0x8e72fb,99.0937%,3,328,331,0,0,3,328
0x49ddb0,89.2857%,3,25,28,0,0,3,25
0x96b6b7,94%,3,47,50,0,0,3,47
0x556d78,97.1429%,3,102,105,0,0,3,102
0x659efc,84.2105%,3,16,19,16,3,0,0
0x834268,94.5455%,3,52,55,0,2,1,52
0x480d8a,66.6667%,3,6,9,6,3,0,0
0x50cf11,98.7124%,3,230,233,0,0,3,230
0xa50f05,25%,3,1,4,1,3,0,0
0x973ac6,70%,3,7,10,7,3,0,0
0x8fef8d,99.3197%,3,438,441,438,3,0,0
0xa96aeb,81.25%,3,13,16,6,3,0,7
0x610cfd,98.7705%,3,241,244,0,0,3,241
0x480c45,66.6667%,3,6,9,0,0,3,6
0xa4c973,25%,3,1,4,0,0,3,1
0x9aaf71,99.4526%,3,545,548,0,0,3,545
0x40b136,98.4615%,3,192,195,0,2,1,192
0x9f481a,62.5%,3,5,8,0,0,3,5
0xa04c44,92.1053%,3,35,38,35,3,0,0
0xa31400,96.4706%,3,82,85,82,3,0,0
0x511c5c,78.5714%,3,11,14,11,3,0,0
0x915704,98.5%,3,197,200,0,0,3,197
0xa95e43,75%,3,9,12,9,3,0,0
0x959270,97.6562%,3,125,128,3,1,2,122
0xa098ec,76.9231%,3,10,13,10,3,0,0
0xa72271,25%,3,1,4,0,0,3,1
0x8bb6d2,76.9231%,3,10,13,0,0,3,10
0x81456c,99.8294%,3,1756,1759,0,0,3,1756
0x9e60ee,57.1429%,3,4,7,4,3,0,0
0xa5b01f,0%,3,0,3,0,0,3,0
0x49e158,99.7774%,3,1345,1348,0,0,3,1345
0x557ba8,62.5%,3,5,8,5,3,0,0
0xa50180,97.973%,3,145,148,0,0,3,145
0x94d185,93.617%,3,44,47,44,3,0,0
0x40ad55,25%,3,1,4,1,3,0,0
0x8d97ac,62.5%,3,5,8,5,3,0,0
0x40ad45,57.1429%,3,4,7,3,0,3,1
0x96a646,95.8333%,3,69,72,0,0,3,69
0x61174d,99.5896%,3,728,731,0,0,3,728
0x40a61e,93.75%,3,45,48,0,0,3,45
0x8dc39a,25%,3,1,4,0,0,3,1
0xaac3b2,25%,3,1,4,0,0,3,1
0x817da9,91.6667%,3,33,36,0,0,3,33
0x60e69d,92.1053%,3,35,38,0,0,3,35
0x4c72d3,83.3333%,3,15,18,15,3,0,0
0xaa136c,98.4615%,3,192,195,0,0,3,192
0x60e630,92.1053%,3,35,38,35,3,0,0
0x60e60f,92.1053%,3,35,38,0,0,3,35
0x5c7f90,96.25%,3,77,80,0,0,3,77
0xa4c68e,25%,3,1,4,0,0,3,1
0x5f3ace,57.1429%,3,4,7,2,1,2,2
0x9f5f07,99.2891%,3,419,422,0,0,3,419
0x803fe6,91.1765%,3,31,34,15,2,1,16
0x9ec45e,40%,3,2,5,0,0,3,2
0x5c78a5,96.25%,3,77,80,77,3,0,0
0x5c787f,96.25%,3,77,80,77,3,0,0
0x5ec2db,90.3226%,3,28,31,28,3,0,0
0x4850b7,93.3333%,3,42,45,0,0,3,42
0x9e05fc,94.8276%,3,55,58,0,0,3,55
0x8d37fc,81.25%,3,13,16,10,2,1,3
0x96af66,57.1429%,3,4,7,4,3,0,0
0x9f40a3,0%,3,0,3,0,0,3,0
0x8f35e5,88.4615%,3,23,26,23,3,0,0
0x48aea2,78.5714%,3,11,14,11,3,0,0
0x8dcb83,99.4106%,3,506,509,0,0,3,506
0x402041,98.6486%,3,219,222,0,3,0,219
0x7d402a,0%,3,0,3,0,0,3,0
0x69656f,99.2443%,3,394,397,394,3,0,0
0x950fc4,99.3056%,3,429,432,429,3,0,0
0x480df5,66.6667%,3,6,9,6,3,0,0
0x9e6099,83.3333%,3,15,18,0,0,3,15
0x592ca4,91.6667%,3,33,36,0,0,3,33
0x8bdcb3,57.1429%,3,4,7,0,0,3,4
0x48fe60,70%,3,7,10,7,3,0,0
0xa8a892,90.625%,3,29,32,27,1,2,2
0x5f86ed,96%,3,72,75,71,0,3,1
0xa4b9a1,25%,3,1,4,1,3,0,0
0x6096ba,96.3855%,3,80,83,0,0,3,80
0x9e11af,89.6552%,3,26,29,0,3,0,26
0x49c7ee,94.6429%,3,53,56,0,0,3,53
0xb30706,40%,3,2,5,0,0,3,2
0x5345a4,96.4286%,3,81,84,0,0,3,81
0xa22e66,66.6667%,3,6,9,0,1,2,6
0x9ea64c,96.7033%,3,88,91,88,3,0,0
0x402d59,91.1765%,3,31,34,0,0,3,31
0x4a702b,95%,3,57,60,0,0,3,57
0x784790,91.4286%,3,32,35,0,0,3,32
0xa22e73,62.5%,3,5,8,0,0,3,5
0x7f0d28,94%,3,47,50,46,2,1,1
0x8084c5,25%,3,1,4,0,0,3,1
0xa4cf0e,78.5714%,3,11,14,0,0,3,11
0x4ada20,40%,3,2,5,2,3,0,0
0x7f0cb0,96%,3,72,75,0,0,3,72
0xa2639b,97.2222%,3,105,108,0,0,3,105
0xaab3ac,25%,3,1,4,1,3,0,0
0x7c7258,66.6667%,3,6,9,6,3,0,0
0xa60a27,99.0132%,3,301,304,0,0,3,301
0x492f76,91.1765%,3,31,34,0,0,3,31
0x405ad6,97.1154%,3,101,104,2,0,3,99
0x40221d,99.8319%,3,1782,1785,0,0,3,1782
0x8edddf,99.3348%,3,448,451,0,0,3,448
0x666254,93.75%,3,45,48,45,3,0,0
0x901b3a,98.8281%,3,253,256,253,3,0,0
0x6661fe,93.75%,3,45,48,45,3,0,0
0x9c5013,25%,3,1,4,0,0,3,1
0x9e7434,99.3289%,3,444,447,0,0,3,444
0x8390a5,81.25%,3,13,16,13,3,0,0
0x482e7e,84.2105%,3,16,19,16,3,0,0
0xab1bd9,25%,3,1,4,0,0,3,1
0x9746d8,84.2105%,3,16,19,0,0,3,16
0xa72264,57.1429%,3,4,7,0,3,0,4
0xa3fd48,87.5%,3,21,24,17,1,2,4
0xaab62f,99.5989%,3,745,748,745,3,0,0
0x539420,99.4059%,3,502,505,0,0,3,502
0x640053,99.5385%,3,647,650,0,0,3,647
0x4ac84f,80%,3,12,15,0,0,3,12
0xa05e12,57.1429%,3,4,7,0,1,2,4
0xa58c09,89.6552%,3,26,29,0,0,3,26
0x67ac2b,50%,3,3,6,0,0,3,3
0x5f1c2d,57.1429%,3,4,7,0,0,3,4
0xaaaec7,75%,3,9,12,5,3,0,4
0x8e41e3,97.6378%,3,124,127,124,3,0,0
0x60c3db,40%,3,2,5,2,3,0,0
0x812915,80%,3,12,15,12,3,0,0
0xa42c40,94.4444%,3,51,54,51,3,0,0
0x9ecb87,25%,3,1,4,0,0,3,1
0x8c8e06,62.5%,3,5,8,5,3,0,0
0x485f45,86.9565%,3,20,23,20,3,0,0
0x9f5d87,86.3636%,3,19,22,19,3,0,0
0xa58ff5,92.6829%,3,38,41,0,0,3,38
0x817d6f,62.5%,3,5,8,0,2,1,5
0x53a0df,89.6552%,3,26,29,26,3,0,0
0x482f92,84.2105%,3,16,19,16,3,0,0
0xa0878c,62.5%,3,5,8,0,0,3,5
0x9fd1eb,57.1429%,3,4,7,0,0,3,4
0x4aaeb8,72.7273%,3,8,11,8,3,0,0
0x618a3c,95.7143%,3,67,70,0,0,3,67
0x4873d3,96.7742%,3,90,93,0,2,1,90
0x9f7a0e,97.3214%,3,109,112,0,0,3,109
0x63baea,99.7703%,3,1303,1306,1303,3,0,0
0xb1ae45,99.3072%,3,430,433,0,0,3,430
0x7847b2,91.4286%,3,32,35,0,0,3,32
0x9f35e7,25%,3,1,4,1,3,0,0
0x7c6f0b,62.5%,3,5,8,1,3,0,4
0x9a6594,25%,3,1,4,0,0,3,1
0x9a6568,25%,3,1,4,0,0,3,1
0x404954,82.3529%,3,14,17,5,3,0,9
0x4103c3,98.4211%,3,187,190,187,0,3,0
0x49ba5f,62.5%,3,5,8,0,0,3,5
0x9fe8f9,91.8919%,3,34,37,0,0,3,34
0xa3444a,93.8776%,3,46,49,0,0,3,46
0x5f31b6,57.1429%,3,4,7,0,0,3,4
0x99e876,97.1429%,3,102,105,102,3,0,0
0x5b2aa4,93.3333%,3,42,45,42,3,0,0
0x9511a7,99.3056%,3,429,432,0,0,3,429
0x50d3df,98.1366%,3,158,161,158,3,0,0
0x9f6ad9,91.6667%,3,33,36,0,0,3,33
0x4b9ae5,57.1429%,3,4,7,0,0,3,4
0x818944,99.5253%,3,629,632,0,0,3,629
0x5f856c,98.7288%,3,233,236,0,0,3,233
0x64c26d,97.4576%,3,115,118,0,0,3,115
0x942c25,96%,3,72,75,0,0,3,72
0x5f79bd,98.6111%,3,213,216,0,3,0,213
0x95aaa5,25%,3,1,4,1,3,0,0
0xaa29b0,97.5806%,3,121,124,121,3,0,0
0x95abee,25%,3,1,4,1,3,0,0
0xab1cdd,25%,3,1,4,0,0,3,1
0x64bb40,99.7845%,3,1389,1392,0,0,3,1389
0xa7240d,25%,3,1,4,0,0,3,1
0x9f3dd8,82.3529%,3,14,17,2,2,1,12
0xaa7f67,0%,3,0,3,0,0,3,0
0x5c6ca6,99.8201%,3,1665,1668,0,0,3,1665
0x5e205e,0%,3,0,3,0,0,3,0
0x5f1ce0,57.1429%,3,4,7,0,0,3,4
0x507036,99.0066%,3,299,302,0,0,3,299
0x5467b5,57.1429%,3,4,7,4,3,0,0
0x590ead,86.9565%,3,20,23,4,1,2,16
0x50a86d,97%,3,97,100,97,3,0,0
0x9cfbbc,97.561%,3,120,123,120,3,0,0
0x5e3888,0%,3,0,3,0,0,3,0
0x60b2fd,95.1613%,3,59,62,59,3,0,0
0x8c8b65,96.25%,3,77,80,77,3,0,0
0x9f5bdd,75%,3,9,12,0,0,3,9
0x9e790e,97.541%,3,119,122,0,0,3,119
0xa08f4d,57.1429%,3,4,7,0,1,2,4
0xa429e3,89.2857%,3,25,28,25,3,0,0
0x63b264,99.6346%,3,818,821,0,0,3,818
0xa1b50f,40%,3,2,5,0,0,3,2
0x9e822b,87.5%,3,21,24,21,1,2,0
0x8f42a2,99.8809%,3,2515,2518,0,1,2,2515
0xa36465,97.6923%,3,127,130,127,3,0,0
0x9a8220,78.5714%,3,11,14,11,3,0,0
0xa363ce,98.9899%,3,294,297,0,0,3,294
0x63ae45,98.7552%,3,238,241,238,3,0,0
0x4b9610,76.9231%,3,10,13,10,3,0,0
0xa571e8,92.6829%,3,38,41,36,3,0,2
0xa1a070,88%,3,22,25,22,3,0,0
0x5ff4c5,25%,3,1,4,0,0,3,1
0x5c4bdf,99.836%,3,1826,1829,0,0,3,1826
0x94f0a5,98.893%,3,268,271,268,2,1,0
0x5ff513,50%,3,3,6,1,0,3,2
0xa42fba,25%,3,1,4,1,3,0,0
0x9a62b0,97.8102%,3,134,137,134,3,0,0
0xa583af,97.561%,3,120,123,0,0,3,120
0x8f12cd,92.5%,3,37,40,37,3,0,0
0x973378,66.6667%,3,6,9,4,3,0,2
0x63ba94,99.7703%,3,1303,1306,1303,3,0,0
0xa36be3,70%,3,7,10,0,3,0,7
0x9fc8ae,57.1429%,3,4,7,4,3,0,0
0xa36aeb,70%,3,7,10,0,0,3,7
0x8dcaf4,99.6144%,3,775,778,775,3,0,0
0xa4cb86,25%,3,1,4,0,0,3,1
0x51b683,76.9231%,3,10,13,3,2,1,7
0x509012,84.2105%,3,16,19,13,0,3,3
0x78f649,78.5714%,3,11,14,11,3,0,0
0x9033f8,95.082%,3,58,61,58,3,0,0
0xa93956,72.7273%,3,8,11,8,3,0,0
0x4bbce6,99.6364%,3,822,825,0,0,3,822
0xb2e7cd,99.9253%,3,4014,4017,0,0,3,4014
0x494f99,50%,3,3,6,3,3,0,0
0x63b55a,99.7703%,3,1303,1306,0,0,3,1303
0xa60c20,40%,3,2,5,0,0,3,2
0x8222f1,92.3077%,3,36,39,36,3,0,0
0x8fd9ea,40%,3,2,5,1,3,0,1
0xa01a0a,75%,3,9,12,2,2,1,7
0x49eee0,95.7143%,3,67,70,67,3,0,0
0xa5b273,0%,3,0,3,0,3,0,0
0xa01831,25%,3,1,4,1,1,2,0
0x8a6996,75%,3,9,12,9,3,0,0
0x80beb7,57.1429%,3,4,7,1,1,2,3
0xa9b90b,50%,3,3,6,3,3,0,0
0xa1ad25,40%,3,2,5,0,0,3,2
0xa586db,62.5%,3,5,8,5,3,0,0
0x5d80f1,99.7583%,3,1238,1241,1238,3,0,0
0x512b03,99.5913%,3,731,734,731,3,0,0
0x9592d5,97.6562%,3,125,128,125,3,0,0
0x94ac61,96.25%,3,77,80,0,0,3,77
0x7c86c1,25%,3,1,4,1,3,0,0
0x90149b,95.3846%,3,62,65,62,3,0,0
0x48f70d,95.3846%,3,62,65,0,0,3,62
0x63a987,98.5%,3,197,200,197,3,0,0
0x8ded80,99.3182%,3,437,440,0,0,3,437
0x5e45fe,99.8012%,3,1506,1509,1506,3,0,0
0x9f5bb3,62.5%,3,5,8,2,2,1,3
0x90a07b,97.9866%,3,146,149,146,3,0,0
0x8fc53c,78.5714%,3,11,14,11,3,0,0
0x9e2f3d,98.8593%,3,260,263,0,0,3,260
0x9a3eda,89.2857%,3,25,28,0,0,3,25
0x78a373,0%,3,0,3,0,0,3,0
0x5d45b0,78.5714%,3,11,14,0,0,3,11
0x678bec,83.3333%,3,15,18,0,0,3,15
0x9a12b5,98.0263%,3,149,152,0,0,3,149
0x49a322,78.5714%,3,11,14,8,1,2,3
0x9e249e,99.5017%,3,599,602,0,0,3,599
0x5a964f,0%,3,0,3,0,3,0,0
0xa019fb,62.5%,3,5,8,1,3,0,4
0xa55ed0,76.9231%,3,10,13,5,0,3,5
0x9d1181,97.1154%,3,101,104,101,3,0,0
0x54cf1f,0%,3,0,3,0,3,0,0
0x544b9e,94.7368%,3,54,57,0,0,3,54
0x60c583,70%,3,7,10,3,2,1,4
0xa03163,95.9459%,3,71,74,70,2,1,1
0xa087d5,62.5%,3,5,8,4,0,3,1
0x5b34dc,40%,3,2,5,0,0,3,2
0x822422,98.7234%,3,232,235,232,3,0,0
0x80775b,98.951%,3,283,286,168,1,2,115
0xa574ef,96.7033%,3,88,91,0,0,3,88
0x90acca,97.4576%,3,115,118,0,0,3,115
0x4b57c3,87.5%,3,21,24,21,2,1,0
0xa4736c,72.7273%,3,8,11,0,0,3,8
0x99f653,97.0588%,3,99,102,0,0,3,99
0x4b67ab,72.7273%,3,8,11,0,0,3,8
0x99bb1e,98.4211%,3,187,190,0,0,3,187
0xaa81e5,40%,3,2,5,0,0,3,2
0xaa818b,40%,3,2,5,0,0,3,2
0x4b86a0,72.7273%,3,8,11,8,3,0,0
0x5916bf,0%,3,0,3,0,0,3,0
0x49fe81,99.6641%,3,890,893,890,3,0,0
0x7c750f,81.25%,3,13,16,0,0,3,13
0x9e8428,0%,3,0,3,0,0,3,0
0x5531f9,99.5652%,3,687,690,0,0,3,687
0x981372,95.1613%,3,59,62,0,0,3,59
0x5f40b8,50%,3,3,6,3,3,0,0
0x68697a,98.9324%,3,278,281,278,3,0,0
0x8ffeeb,70%,3,7,10,1,3,0,6
0xb1c353,97.0588%,3,99,102,99,3,0,0
0x8145fa,85.7143%,3,18,21,0,3,0,18
0xa47093,86.3636%,3,19,22,19,3,0,0
0xa2fea3,98.125%,3,157,160,157,3,0,0
0x622e7e,40%,3,2,5,2,3,0,0
0x8df599,92.8571%,3,39,42,0,0,3,39
0x40def6,97.2222%,3,105,108,105,0,3,0
0x95b5c5,62.5%,3,5,8,5,3,0,0
0x98ce81,75%,3,9,12,0,0,3,9
0x48cf0e,75%,3,9,12,0,0,3,9
0x60c5d7,70%,3,7,10,3,2,1,4
0x80c1d4,98.8679%,3,262,265,0,0,3,262
0x99dde4,80%,3,12,15,12,3,0,0
0x619aa8,80%,3,12,15,7,3,0,5
0xa36c36,0%,3,0,3,0,1,2,0
0x80411e,95%,3,57,60,0,0,3,57
0x557ad4,0%,3,0,3,0,0,3,0
0x49dee2,89.2857%,3,25,28,12,2,1,13
0x5efa1c,0%,3,0,3,0,3,0,0
0x942be2,96%,3,72,75,0,0,3,72
0x50776c,83.3333%,3,15,18,7,1,2,8
0xaad296,70%,3,7,10,0,3,0,7
0x9f3421,25%,3,1,4,1,3,0,0
0x66676b,94.9153%,3,56,59,56,3,0,0
0x50cedb,97.5806%,3,121,124,0,0,3,121
0xa570b6,92.6829%,3,38,41,0,0,3,38
0xa2ecac,86.3636%,3,19,22,0,0,3,19
0x98b5d8,98.1366%,3,158,161,158,3,0,0
0x944952,97.4576%,3,115,118,115,3,0,0
0x4ad822,25%,3,1,4,0,2,1,1
0x722cb5,70%,3,7,10,1,1,2,6
0x508e34,91.1765%,3,31,34,31,3,0,0
0xa93dc4,75%,3,9,12,0,0,3,9
0x9ed206,50%,3,3,6,0,0,3,3
0x8d983a,62.5%,3,5,8,0,0,3,5
0xa37a8e,70%,3,7,10,0,3,0,7
0xa379ca,70%,3,7,10,0,0,3,7
0x8f19ca,93.75%,3,45,48,45,3,0,0
0x5cd32c,0%,3,0,3,0,3,0,0
0xa972d3,0%,3,0,3,0,0,3,0
0xa1ad72,94.3396%,3,50,53,0,0,3,50
0xa378c5,25%,3,1,4,0,0,3,1
0x5e59ab,99.6287%,3,805,808,0,3,0,805
0x501bae,99.6144%,3,775,778,0,3,0,775
0xa378a5,70%,3,7,10,3,3,0,4
0x50764a,83.3333%,3,15,18,15,3,0,0
0x81b670,98.5294%,3,201,204,201,1,2,0
0x81e995,96.0526%,3,73,76,0,0,3,73
0x4aaff2,72.7273%,3,8,11,8,3,0,0
0x48d89b,72.7273%,3,8,11,0,0,3,8
0x4c6597,75%,3,9,12,0,0,3,9
0x4ca42a,98.5849%,3,209,212,209,3,0,0
0x8e26b8,99.8517%,3,2020,2023,0,0,3,2020
0x59ed41,62.5%,3,5,8,5,3,0,0
0x9fe469,0%,3,0,3,0,0,3,0
0x50ae23,95.8333%,3,69,72,69,3,0,0
0x9fe5de,93.1818%,3,41,44,0,0,3,41
0x50b2b6,25%,3,1,4,1,3,0,0
0x59e9c4,62.5%,3,5,8,2,2,1,3
0x9eb442,95.2381%,3,60,63,60,3,0,0
0x59f060,25%,3,1,4,0,0,3,1
0x6f09fc,81.25%,3,13,16,0,0,3,13
0x4a0463,81.25%,3,13,16,13,3,0,0
0xa64bd8,62.5%,3,5,8,2,0,3,3
0x50aa77,95.6522%,3,66,69,0,0,3,66
0x5f146f,98.1013%,3,155,158,0,0,3,155
0x59ec70,25%,3,1,4,0,0,3,1
0x491418,0%,3,0,3,0,3,0,0
0xa63af4,25%,3,1,4,1,3,0,0
0x9fe439,96.8085%,3,91,94,91,3,0,0
0xa41138,88.8889%,3,24,27,1,1,2,23
0x50e4d7,83.3333%,3,15,18,0,0,3,15
0xa1ab57,72.7273%,3,8,11,4,2,1,4
0x5d9729,62.5%,3,5,8,5,3,0,0
0x8c8f77,50%,3,3,6,0,0,3,3
0x543d5a,98.3957%,3,184,187,184,3,0,0
0xa503b5,25%,3,1,4,1,3,0,0
0xa4ffb3,84.2105%,3,16,19,0,0,3,16
0x66f55d,98.5437%,3,203,206,0,0,3,203
0xa46ff4,98.4456%,3,190,193,190,3,0,0
0x50b1b8,25%,3,1,4,0,0,3,1
0x9d07d2,95.1613%,3,59,62,59,3,0,0
0x9a944a,85%,3,17,20,15,3,0,2
0xa32dd5,98.6667%,3,222,225,0,0,3,222
0x591c13,98.0132%,3,148,151,0,0,3,148
0xa96d88,85.7143%,3,18,21,0,0,3,18
0x88a016,86.3636%,3,19,22,4,1,2,15
0x4ac8e5,50%,3,3,6,0,3,0,3
0x8f6a6d,80%,3,12,15,12,3,0,0
0x820cf1,72.7273%,3,8,11,8,3,0,0
0x94cc68,96.2025%,3,76,79,44,3,0,32
0xa46658,98.7069%,3,229,232,229,3,0,0
0x48f44d,50%,3,3,6,0,0,3,3
0x88a129,86.3636%,3,19,22,19,3,0,0
0x506fea,97.7941%,3,133,136,133,3,0,0
0x503f21,66.6667%,3,6,9,6,1,2,0
0x59f1c5,25%,3,1,4,0,2,1,1
0xaad2cf,0%,3,0,3,0,3,0,0
0x596108,76.9231%,3,10,13,0,2,1,10
0x974653,92.5%,3,37,40,0,2,1,37
0x50c966,99.4307%,3,524,527,0,0,3,524
0x9f07b7,57.1429%,3,4,7,1,2,1,3
0x50b47f,25%,3,1,4,1,3,0,0
0xa28222,0%,3,0,3,0,0,3,0
0x5f1478,98.1013%,3,155,158,155,3,0,0
0xa07559,40%,3,2,5,0,0,3,2
0x7b2fe4,92.1053%,3,35,38,1,1,2,34
0x9e15f9,88.8889%,3,24,27,0,0,3,24
0xa48ac8,98.2036%,3,164,167,0,0,3,164
0x5f14aa,85.7143%,3,18,21,18,3,0,0
0x6707c2,57.1429%,3,4,7,1,0,3,3
0x541243,98.3957%,3,184,187,184,3,0,0
0x808e41,40%,3,2,5,2,3,0,0
0x5be1ba,99.6319%,3,812,815,812,3,0,0
0x9ec3dc,92.5%,3,37,40,35,2,1,2
0x492ace,98.1818%,3,162,165,162,1,2,0
0x59c948,98.1481%,3,159,162,0,0,3,159
0x9fe812,0%,3,0,3,0,3,0,0
0xa96c19,40%,3,2,5,2,0,3,0
0x4bd113,70%,3,7,10,7,3,0,0
0xa03a40,97.4359%,3,114,117,114,3,0,0
0x5415d5,62.5%,3,5,8,0,3,0,5
0x506255,72.7273%,3,8,11,8,3,0,0
0xa48cb3,98.2036%,3,164,167,0,0,3,164
0x509048,50%,3,3,6,0,1,2,3
0x918b1d,98.5%,3,197,200,0,0,3,197
0x4b836f,66.6667%,3,6,9,1,0,3,5
0x503884,93.4783%,3,43,46,43,3,0,0
0x50b9e3,25%,3,1,4,1,1,2,0
0x507f27,40%,3,2,5,0,0,3,2
0x9a1cb9,98.5222%,3,200,203,0,0,3,200
0x40ffe8,92.8571%,3,39,42,0,0,3,39
0x67501f,88%,3,22,25,0,0,3,22
0xa981d4,0%,3,0,3,0,3,0,0
0x7b0088,70%,3,7,10,1,1,2,6
0x59f916,25%,3,1,4,0,2,1,1
0xa4a322,83.3333%,3,15,18,15,3,0,0
0x7aee5e,50%,3,3,6,0,0,3,3
0x619b9e,85%,3,17,20,17,3,0,0
0x8216c1,99.0964%,3,329,332,0,0,3,329
0x7858f5,57.1429%,3,4,7,4,3,0,0
0x63fbab,99.8384%,3,1854,1857,1854,3,0,0
0xa343ad,93.8776%,3,46,49,0,0,3,46
0x9e7e61,25%,3,1,4,0,0,3,1
0x4c1e92,95.6522%,3,66,69,66,3,0,0
0x5049f6,57.1429%,3,4,7,0,0,3,4
0x5049f1,57.1429%,3,4,7,0,0,3,4
0x9fcbc7,83.3333%,3,15,18,15,3,0,0
0xaa88ce,97.5806%,3,121,124,0,0,3,121
0xa35a06,90.625%,3,29,32,29,3,0,0
0xa4a1d5,95.2381%,3,60,63,0,3,0,60
0x9be5f5,70%,3,7,10,2,1,2,5
0xa34ceb,96%,3,72,75,72,3,0,0
0xa34ca5,95.6522%,3,66,69,66,3,0,0
0x49aedf,92.3077%,3,36,39,0,0,3,36
0x8f1833,98.5075%,3,198,201,0,2,1,198
0x806689,25%,3,1,4,0,0,3,1
0x78506c,89.2857%,3,25,28,0,0,3,25
0x95ad2f,25%,3,1,4,0,0,3,1
0xa1d72b,25%,3,1,4,1,1,2,0
0x78451e,89.6552%,3,26,29,0,0,3,26
0x9ebcaf,95.2381%,3,60,63,0,0,3,60
0x8a9e7d,98.4375%,3,189,192,189,3,0,0
0x973c2e,70%,3,7,10,0,2,1,7
0x9fe33c,97.7612%,3,131,134,0,0,3,131
0x96af2e,78.5714%,3,11,14,11,3,0,0
0x5f202e,90.9091%,3,30,33,30,3,0,0
0x5e5ce3,0%,3,0,3,0,3,0,0
0x951da4,72.7273%,3,8,11,8,3,0,0
0x8aaa5e,95.2381%,3,60,63,0,0,3,60
0x40e249,95.9459%,3,71,74,0,0,3,71
0xa35928,99.7003%,3,998,1001,0,0,3,998
0x8ecc29,76.9231%,3,10,13,10,2,1,0
0x8bcd23,95%,3,57,60,57,3,0,0
0x60a9b8,99.4%,3,497,500,497,3,0,0
0x6107c8,76.9231%,3,10,13,10,3,0,0
0x9eb686,25%,3,1,4,1,3,0,0
0x98cff4,96.6667%,3,87,90,87,3,0,0
0x90876a,99.6878%,3,958,961,0,0,3,958
0x9ebd44,57.1429%,3,4,7,0,0,3,4
0x491ad0,57.1429%,3,4,7,4,3,0,0
0x70e883,50%,3,3,6,3,3,0,0
0x49139d,98.1366%,3,158,161,1,2,1,157
0x9f8551,66.6667%,3,6,9,6,3,0,0
0x9ebcb7,95.2381%,3,60,63,6,1,2,54
0x8aac97,70%,3,7,10,0,0,3,7
0x4bfecd,0%,3,0,3,0,0,3,0
0x402fde,95.6522%,3,66,69,0,0,3,66
0xa336b9,99.6528%,3,861,864,0,0,3,861
0x8a98bf,99.9026%,3,3077,3080,3077,3,0,0
0x78997d,66.6667%,3,6,9,6,1,2,0
0x7898b2,91.8919%,3,34,37,34,3,0,0
0x6097dc,97.0297%,3,98,101,0,0,3,98
0x781240,93.1818%,3,41,44,41,3,0,0
0x483d12,84.2105%,3,16,19,16,3,0,0
0x789c24,40%,3,2,5,0,2,1,2
0x8a9286,99.7959%,3,1467,1470,0,0,3,1467
0x67ec0d,97.541%,3,119,122,0,0,3,119
0xaa262c,72.7273%,3,8,11,0,0,3,8
0x5ae602,88%,3,22,25,21,0,3,1
0x5ff4f0,25%,3,1,4,0,0,3,1
0x973ed3,87.5%,3,21,24,11,1,2,10
0x9e2e4f,76.9231%,3,10,13,0,0,3,10
0xa59c4a,62.5%,3,5,8,3,2,1,2
0x643986,91.1765%,3,31,34,0,0,3,31
0x8e3da3,98.1132%,3,156,159,0,0,3,156
0x9f407d,0%,3,0,3,0,3,0,0
0x9ef162,98.2759%,3,171,174,171,3,0,0
0x40477d,99.5017%,3,599,602,0,0,3,599
0x5fe355,97.2222%,3,105,108,105,3,0,0
0x4a9767,95%,3,57,60,57,3,0,0
0x503f18,66.6667%,3,6,9,6,2,1,0
0xa487f8,92.8571%,3,39,42,39,3,0,0
0xa7a2db,0%,3,0,3,0,3,0,0
0x8a886b,40%,3,2,5,1,2,1,1
0xa69e53,25%,3,1,4,0,0,3,1
0xa15955,70%,3,7,10,0,0,3,7
0x9e217d,57.1429%,3,4,7,0,0,3,4
0x4826ef,84.2105%,3,16,19,16,3,0,0
0x9e6063,83.3333%,3,15,18,15,3,0,0
0x502f48,99.8807%,3,2512,2515,2370,0,3,142
0xa530e2,98.4375%,3,189,192,0,0,3,189
0x833e2e,81.25%,3,13,16,0,0,3,13
0x95ae0a,86.9565%,3,20,23,20,3,0,0
0x5058c0,96.9697%,3,96,99,0,1,2,96
0x67acc3,99.8912%,3,2754,2757,0,0,3,2754
0xa1afcf,85.7143%,3,18,21,7,3,0,11
0x804562,76.9231%,3,10,13,0,0,3,10
0x805051,99.4208%,3,515,518,515,1,2,0
0x6788fc,99.8948%,3,2848,2851,2848,3,0,0
0x5fa448,96%,3,72,75,0,0,3,72
0xa48b6b,98.2036%,3,164,167,0,0,3,164
0x8e6986,99.0625%,3,317,320,0,0,3,317
0x81682e,98.6726%,3,223,226,0,0,3,223
0x610710,88%,3,22,25,0,0,3,22
0xaabe0a,72.7273%,3,8,11,8,3,0,0
0x5f4064,25%,3,1,4,1,3,0,0
0xa2aa2b,0%,3,0,3,0,0,3,0
0xaa8f97,86.9565%,3,20,23,20,3,0,0
0x811938,87.5%,3,21,24,18,3,0,3
0x8eb7bf,99.7107%,3,1034,1037,1034,3,0,0
0x5c4c22,99.836%,3,1826,1829,1826,3,0,0
0x49487e,97.8102%,3,134,137,0,0,3,134
0x787e38,95.4545%,3,63,66,0,0,3,63
0xaa23e0,91.1765%,3,31,34,28,2,1,3
0xa5bdfa,90.625%,3,29,32,29,3,0,0
0x50b885,92.5%,3,37,40,0,0,3,37
0x4c677e,25%,3,1,4,0,0,3,1
0x5f3c2e,25%,3,1,4,0,2,1,1
0xa0306a,98.125%,3,157,160,0,0,3,157
0x5fe13c,98.7013%,3,228,231,0,0,3,228
0x9a8bc9,98.8848%,3,266,269,0,0,3,266
0x8aeda4,98.6547%,3,220,223,220,3,0,0
0x4ae846,85%,3,17,20,0,0,3,17
0x8e7ec7,99.0937%,3,328,331,328,3,0,0
0x4a63f2,70%,3,7,10,0,2,1,7
0xa95d8d,83.3333%,3,15,18,1,1,2,14
0x8ee56a,92.8571%,3,39,42,39,3,0,0
0x5fa5d3,50%,3,3,6,3,3,0,0
0x50b9a6,90.3226%,3,28,31,0,0,3,28
0x5f3c65,57.1429%,3,4,7,1,3,0,3
0x99e8d2,97.1429%,3,102,105,0,0,3,102
0x61072b,88%,3,22,25,9,3,0,13
0xa97e91,85%,3,17,20,17,3,0,0
0xa6633a,66.6667%,3,6,9,0,0,3,6
0x487d89,78.5714%,3,11,14,11,3,0,0
0x40460b,66.6667%,3,6,9,0,0,3,6
0x5f3c1f,57.1429%,3,4,7,1,2,1,3
0xa03983,96.0526%,3,73,76,73,3,0,0
0x638e45,99.4516%,3,544,547,544,3,0,0
0x8a3147,70%,3,7,10,0,0,3,7
0x666875,99.3902%,3,489,492,489,3,0,0
0x5fa1ec,99.6614%,3,883,886,0,0,3,883
0x666faa,86.9565%,3,20,23,20,3,0,0
0x9012a1,88.8889%,3,24,27,24,0,3,0
0x8edd08,99.3348%,3,448,451,0,0,3,448
0x966039,70%,3,7,10,7,3,0,0
0x51b321,84.2105%,3,16,19,0,0,3,16
0x9e0daf,40%,3,2,5,0,0,3,2
0x501666,99.7021%,3,1004,1007,0,0,3,1004
0xa0b984,50%,3,3,6,1,0,3,2
0x496140,0%,3,0,3,0,0,3,0
0x48d215,50%,3,3,6,3,3,0,0
0xa3722b,70%,3,7,10,1,1,2,6
0x973ae5,70%,3,7,10,0,0,3,7
0x58e840,50%,3,3,6,3,3,0,0
0xa28216,98.5646%,3,206,209,203,3,0,3
0xa312ee,86.9565%,3,20,23,0,0,3,20
0xa9018d,95.2381%,3,60,63,0,0,3,60
0x49cdb5,40%,3,2,5,0,0,3,2
0x99b7d6,80%,3,12,15,0,2,1,12
0x58da36,98.5646%,3,206,209,0,0,3,206
0x9a1a1d,85%,3,17,20,0,0,3,17
0x40bcb0,96.9697%,3,96,99,96,3,0,0
0x4b9acb,25%,3,1,4,0,0,3,1
0x5911e5,98.9619%,3,286,289,286,3,0,0
0x5f0897,98.9865%,3,293,296,0,0,3,293
0x4a04b2,81.25%,3,13,16,13,3,0,0
0x482a97,66.6667%,3,6,9,6,3,0,0
0x5b9e11,94.3396%,3,50,53,50,3,0,0
0x80b8e6,98.5577%,3,205,208,205,3,0,0
0xa06308,50%,3,3,6,0,3,0,3
0x540854,75%,3,9,12,9,3,0,0
0x9f0819,40%,3,2,5,0,0,3,2
0x5f0ac4,0%,3,0,3,0,2,1,0
0x9f63c2,0%,3,0,3,0,0,3,0
0x4bce17,50%,3,3,6,3,3,0,0
0x99e179,76.9231%,3,10,13,10,3,0,0
0x99da14,91.6667%,3,33,36,33,3,0,0
0xb6a0f3,40%,3,2,5,0,0,3,2
0x44178e,72.7273%,3,8,11,0,0,3,8
0xa470ec,86.3636%,3,19,22,0,3,0,19
0xa28569,98.0263%,3,149,152,0,0,3,149
0xa589ab,97.9452%,3,143,146,0,0,3,143
0xa285a5,90%,3,27,30,0,0,3,27
0x80b734,0%,3,0,3,0,2,1,0
0x99aa46,97.0588%,3,99,102,0,0,3,99
0x483c58,84.2105%,3,16,19,16,3,0,0
0x81f81b,93.617%,3,44,47,0,2,1,44
0x5f0a68,0%,3,0,3,0,0,3,0
0x8ef054,96.4286%,3,81,84,0,0,3,81
0x5fa85d,95.6522%,3,66,69,0,0,3,66
0x9ff58f,92.5%,3,37,40,0,0,3,37
0x782723,70%,3,7,10,0,0,3,7
0x639b17,25%,3,1,4,0,0,3,1
0xa99f45,70%,3,7,10,0,0,3,7
0x5fa82d,95.6522%,3,66,69,0,0,3,66
0xb49749,81.25%,3,13,16,0,0,3,13
0x9ff6fc,86.3636%,3,19,22,0,0,3,19
0x4b793f,89.2857%,3,25,28,0,1,2,25
0x4a9ef7,98.3784%,3,182,185,0,0,3,182
0x5914dd,84.2105%,3,16,19,0,0,3,16
0x8dec9a,50%,3,3,6,3,1,2,0
0x8eaee2,95.8333%,3,69,72,0,0,3,69
0x8fcfc0,95.7746%,3,68,71,68,3,0,0
0x65a389,99.8819%,3,2538,2541,0,0,3,2538
0xad456f,40%,3,2,5,2,3,0,0
0xa0a574,75%,3,9,12,9,1,2,0
0x9e2c80,86.9565%,3,20,23,20,3,0,0
0xa23c97,95.3846%,3,62,65,62,1,2,0
0x403995,91.8919%,3,34,37,0,0,3,34
0x8bb84c,97.931%,3,142,145,0,0,3,142
0x98cb14,98.6726%,3,223,226,6,1,2,217
0xa925a7,70%,3,7,10,0,0,3,7
0x9e2cea,76.9231%,3,10,13,0,0,3,10
0x8dfd73,98.7603%,3,239,242,0,0,3,239
0x94959c,98.7179%,3,231,234,0,0,3,231
0x5f4379,57.1429%,3,4,7,4,1,2,0
0xa69e61,25%,3,1,4,0,0,3,1
0x80bba5,57.1429%,3,4,7,4,1,2,0
0x5d1be5,97.2727%,3,107,110,0,0,3,107
0x441577,72.7273%,3,8,11,0,0,3,8
0x8da41c,99.5556%,3,672,675,0,0,3,672
0x5510c9,50%,3,3,6,2,2,1,1
0xa352db,0%,3,0,3,0,0,3,0
0x40ac95,57.1429%,3,4,7,0,0,3,4
0x4415b7,72.7273%,3,8,11,0,0,3,8
0x8f0d19,92.5%,3,37,40,0,0,3,37
0xa2ab42,75%,3,9,12,9,3,0,0
0x8a750d,98.8372%,3,255,258,255,3,0,0
0x9c4e11,57.1429%,3,4,7,2,0,3,2
0xa53069,62.5%,3,5,8,0,0,3,5
0x5406f0,25%,3,1,4,0,2,1,1
0x9c4e0a,57.1429%,3,4,7,0,0,3,4
0x80929c,91.6667%,3,33,36,0,2,1,33
0xaa03ef,92.1053%,3,35,38,0,0,3,35
0x98fac9,98.8327%,3,254,257,254,3,0,0
0x441d22,72.7273%,3,8,11,8,3,0,0
0x990a1d,98.8235%,3,252,255,252,3,0,0
0x820beb,94%,3,47,50,47,3,0,0
0x815efd,66.6667%,3,6,9,6,1,2,0
0x942bd9,96%,3,72,75,0,0,3,72
0x5f30d2,57.1429%,3,4,7,0,1,2,4
0x501895,99.4633%,3,556,559,556,3,0,0
0x4c1ccd,98.5%,3,197,200,7,3,0,190
0x409929,99.0323%,3,307,310,0,0,3,307
0xa4e7e4,98.1481%,3,159,162,0,0,3,159
0x49ec6c,98.1366%,3,158,161,0,0,3,158
0xa64d68,25%,3,1,4,0,0,3,1
0x5f4124,57.1429%,3,4,7,4,3,0,0
0x66f7fb,97.7444%,3,130,133,130,3,0,0
0xa55dd5,62.5%,3,5,8,0,0,3,5
0x4a6439,62.5%,3,5,8,5,3,0,0
0x5f5467,88%,3,22,25,22,3,0,0
0x833e34,81.25%,3,13,16,7,1,2,6
0xa37455,90.625%,3,29,32,29,3,0,0
0x5ae64a,88%,3,22,25,21,0,3,1
0xaa9fec,88.8889%,3,24,27,24,3,0,0
0x481488,84.2105%,3,16,19,2,0,3,14
0x441a42,72.7273%,3,8,11,8,3,0,0
0x9c4e17,40%,3,2,5,1,0,3,1
0x8f1f92,97.3451%,3,110,113,0,0,3,110
0xa980d1,97.9866%,3,146,149,0,0,3,146
0x5f0640,97.1429%,3,102,105,102,3,0,0
0xa99c3c,80%,3,12,15,0,0,3,12
0x90e67c,99.6707%,3,908,911,908,3,0,0
0x4a6222,0%,3,0,3,0,0,3,0
0x9c4e34,57.1429%,3,4,7,3,2,1,1
0x908d7e,99.4585%,3,551,554,0,0,3,551
0x49f677,94%,3,47,50,1,1,2,46
0x59c8f0,57.1429%,3,4,7,3,1,2,1
0x8a71e0,99.7204%,3,1070,1073,0,0,3,1070
0xa2923f,81.25%,3,13,16,13,3,0,0
0x9fcf70,83.3333%,3,15,18,15,3,0,0
0xa294d2,81.25%,3,13,16,0,0,3,13
0x606b22,98.6667%,3,222,225,222,3,0,0
0x5d0ae7,85%,3,17,20,17,3,0,0
0x40bc05,97.1154%,3,101,104,0,1,2,101
0xa0174f,92.5%,3,37,40,37,3,0,0
0xa29751,25%,3,1,4,0,0,3,1
0xa29762,25%,3,1,4,0,0,3,1
0x6416a6,99.8138%,3,1608,1611,1608,3,0,0
0x9711ca,40%,3,2,5,0,0,3,2
0x8164b5,94.4444%,3,51,54,50,2,1,1
0x441a93,72.7273%,3,8,11,8,3,0,0
0x5f9218,66.6667%,3,6,9,1,1,2,5
0x543740,91.1765%,3,31,34,0,0,3,31
0x94ef15,90%,3,27,30,0,0,3,27
0x81bd24,99.0536%,3,314,317,0,0,3,314
0x8deb03,96.1538%,3,75,78,10,2,1,65
0x975104,62.5%,3,5,8,0,2,1,5
0x5f914e,66.6667%,3,6,9,2,1,2,4
0xa4d1a2,25%,3,1,4,0,0,3,1
0x50b893,92.5%,3,37,40,0,0,3,37
0x5f80b4,25%,3,1,4,1,3,0,0
0x5ffa6a,93.4783%,3,43,46,43,3,0,0
0x5f617b,75%,3,9,12,0,0,3,9
0x4c5328,98.9796%,3,291,294,0,0,3,291
0x8df0ee,87.5%,3,21,24,0,0,3,21
0x9f5765,89.2857%,3,25,28,0,0,3,25
0x5daa42,25%,3,1,4,1,3,0,0
0x4828b6,84.2105%,3,16,19,8,2,1,8
0x9f1182,40%,3,2,5,2,3,0,0
0xa6617f,96.5116%,3,83,86,83,3,0,0
0xa06184,96.3855%,3,80,83,19,2,1,61
0x9f2ab6,40%,3,2,5,0,0,3,2
0x9a9d87,97.5806%,3,121,124,0,0,3,121
0x5b9c1b,95.8904%,3,70,73,0,0,3,70
0x9a1665,85.7143%,3,18,21,0,1,2,18
0x60ddc4,96.2963%,3,78,81,0,0,3,78
0x7efdb7,98.2143%,3,165,168,165,3,0,0
0xa35526,80%,3,12,15,2,1,2,10
0x97531b,50%,3,3,6,0,0,3,3
0xa6624c,88.8889%,3,24,27,24,3,0,0
0xa9a0e6,40%,3,2,5,0,0,3,2
0xa1b4b4,25%,3,1,4,0,0,3,1
0x4aca36,80%,3,12,15,6,0,3,6
0x48ebdf,87.5%,3,21,24,10,2,1,11
0x4ad222,85%,3,17,20,0,0,3,17
0x4c7571,83.3333%,3,15,18,2,1,2,13
0x975061,62.5%,3,5,8,1,2,1,4
0x9021c1,98.5222%,3,200,203,200,3,0,0
0xa45f32,25%,3,1,4,0,0,3,1
0x9e297b,80%,3,12,15,0,0,3,12
0x97b823,84.2105%,3,16,19,8,2,1,8
0xa50d9b,50%,2,2,4,0,0,2,2
0x540f7a,60%,2,3,5,0,0,2,3
0xa43f84,96.875%,2,62,64,0,0,2,62
0x8ff58f,0%,2,0,2,0,1,1,0
0xaccb67,33.3333%,2,1,3,1,2,0,0
0x5ee1e3,98.8701%,2,175,177,175,2,0,0
0x8e0e9b,99.3769%,2,319,321,0,0,2,319
0x901276,95%,2,38,40,38,2,0,0
0x90fac5,0%,2,0,2,0,2,0,0
0x5f9691,75%,2,6,8,6,0,2,0
0xa4cc0e,50%,2,2,4,0,0,2,2
0x5a9684,60%,2,3,5,0,0,2,3
0x4a6416,75%,2,6,8,0,0,2,6
0xa39293,85.7143%,2,12,14,12,2,0,0
0x838ae1,0%,2,0,2,0,2,0,0
0x88e64e,94.8718%,2,37,39,37,2,0,0
0x485cf4,33.3333%,2,1,3,0,0,2,1
0xa58750,98.2759%,2,114,116,114,2,0,0
0x48d813,66.6667%,2,4,6,4,2,0,0
0x5f45fa,0%,2,0,2,0,2,0,0
0x5fe83c,33.3333%,2,1,3,0,0,2,1
0xa3bb3f,88.8889%,2,16,18,16,2,0,0
0x4a5cc2,96.4286%,2,54,56,54,2,0,0
0x8d20cb,50%,2,2,4,0,2,0,2
0x99bdf0,84.6154%,2,11,13,0,0,2,11
0x5f5a2e,0%,2,0,2,0,2,0,0
0xa99d3b,81.8182%,2,9,11,0,0,2,9
0xa660e7,97.5904%,2,81,83,0,0,2,81
0xa8a6ce,97.5904%,2,81,83,0,0,2,81
0x5bbd2b,50%,2,2,4,2,2,0,0
0x838a8a,33.3333%,2,1,3,1,1,1,0
0x5336fa,77.7778%,2,7,9,0,2,0,7
0x9eca34,98.6842%,2,150,152,147,1,1,3
0x9fcc6b,71.4286%,2,5,7,0,0,2,5
0x670e79,0%,2,0,2,0,2,0,0
0x4ba8d7,95.8333%,2,46,48,46,2,0,0
0xaccb36,33.3333%,2,1,3,1,2,0,0
0x4ca4a1,81.8182%,2,9,11,0,1,1,9
0x619ae4,60%,2,3,5,3,2,0,0
0x5101ba,99.5305%,2,424,426,0,0,2,424
0xa52767,50%,2,2,4,2,2,0,0
0x9bdaef,50%,2,2,4,2,1,1,0
0xa501e8,88.2353%,2,15,17,0,0,2,15
0x8dacf3,97.7273%,2,86,88,42,2,0,44
0x976ed1,33.3333%,2,1,3,0,0,2,1
0x5f4d5d,0%,2,0,2,0,2,0,0
0x49c1e4,97.8947%,2,93,95,93,2,0,0
0x9841d4,83.3333%,2,10,12,0,0,2,10
0x65af91,84.6154%,2,11,13,0,0,2,11
0x55723f,88.8889%,2,16,18,0,0,2,16
0xb498ec,83.3333%,2,10,12,0,0,2,10
0x64bf93,98.8304%,2,169,171,0,0,2,169
0x8199ba,94.1176%,2,32,34,32,2,0,0
0x8c8acb,97.5%,2,78,80,0,0,2,78
0x7826ca,66.6667%,2,4,6,0,0,2,4
0x50a12a,77.7778%,2,7,9,0,0,2,7
0xa474ce,95.2381%,2,40,42,0,0,2,40
0x8e905b,0%,2,0,2,0,0,2,0
0x8ee41e,95.5556%,2,43,45,1,2,0,42
0x90bba2,90.9091%,2,20,22,0,0,2,20
0x9a7ad9,97.7011%,2,85,87,0,0,2,85
0x90fb0b,0%,2,0,2,0,2,0,0
0xa18a81,95.3488%,2,41,43,41,2,0,0
0x4b6003,98.1818%,2,108,110,108,1,1,0
0x610f8a,0%,2,0,2,0,2,0,0
0x4bb6ca,99.0431%,2,207,209,0,0,2,207
0xa54ad2,75%,2,6,8,6,2,0,0
0x90fae5,0%,2,0,2,0,0,2,0
0x64cc24,99.6448%,2,561,563,561,2,0,0
0x63bc22,99.4203%,2,343,345,343,2,0,0
0x816423,0%,2,0,2,0,2,0,0
0x4c4f59,88.2353%,2,15,17,0,0,2,15
0x5a0161,60%,2,3,5,3,2,0,0
0x5a01bd,60%,2,3,5,3,2,0,0
0x5f8aaa,75%,2,6,8,4,0,2,2
0x5ee173,99.1736%,2,240,242,0,0,2,240
0x6f55a9,98.8439%,2,171,173,171,2,0,0
0x649c7e,0%,2,0,2,0,2,0,0
0x7c685a,0%,2,0,2,0,0,2,0
0x8eecce,81.8182%,2,9,11,2,0,2,7
0x9f8fd5,98.4375%,2,126,128,0,0,2,126
0x80aeca,0%,2,0,2,0,1,1,0
0x6705c4,98.4962%,2,131,133,0,0,2,131
0x506242,71.4286%,2,5,7,0,0,2,5
0x494120,90.9091%,2,20,22,20,2,0,0
0x5fb8ef,92.3077%,2,24,26,24,2,0,0
0xa44717,96.1538%,2,50,52,50,2,0,0
0x5b304d,50%,2,2,4,0,0,2,2
0x610a54,84.6154%,2,11,13,0,0,2,11
0xa1d74c,0%,2,0,2,0,0,2,0
0x5eb9be,0%,2,0,2,0,2,0,0
0x911aad,99.8273%,2,1156,1158,0,0,2,1156
0xa9cd58,75%,2,6,8,0,0,2,6
0x4099f6,88.8889%,2,16,18,16,2,0,0
0x5dfd38,50%,2,2,4,0,0,2,2
0xa3cabe,75%,2,6,8,6,2,0,0
0x911b8e,97.7778%,2,88,90,0,0,2,88
0x540748,0%,2,0,2,0,2,0,0
0x5ae477,77.7778%,2,7,9,7,2,0,0
0x9eb1c6,96.5517%,2,56,58,0,2,0,56
0xa018a4,99.2308%,2,258,260,258,2,0,0
0xa6b808,50%,2,2,4,2,2,0,0
0x918a7e,0%,2,0,2,0,0,2,0
0xa4c949,50%,2,2,4,2,2,0,0
0x5ae45e,77.7778%,2,7,9,0,0,2,7
0x5ef962,97.5904%,2,81,83,81,2,0,0
0x505b13,81.8182%,2,9,11,0,0,2,9
0xa592ea,86.6667%,2,13,15,0,0,2,13
0x99f307,98.4252%,2,125,127,125,2,0,0
0x647b7a,95.3488%,2,41,43,0,0,2,41
0x8c9094,0%,2,0,2,0,0,2,0
0x9a328d,97.0588%,2,66,68,0,0,2,66
0x8f3039,88.2353%,2,15,17,0,0,2,15
0x9fc568,85.7143%,2,12,14,0,0,2,12
0x8c8e60,75%,2,6,8,0,2,0,6
0x90dcaf,93.3333%,2,28,30,28,2,0,0
0x50da39,86.6667%,2,13,15,0,0,2,13
0x9e8aca,98.6207%,2,143,145,0,0,2,143
0x4b4b41,97.1831%,2,69,71,0,0,2,69
0x9fe55e,98.5075%,2,132,134,0,0,2,132
0x54d0a4,33.3333%,2,1,3,0,0,2,1
0x9f38d4,50%,2,2,4,2,2,0,0
0x8f4e15,99.9202%,2,2503,2505,2503,2,0,0
0x50a91e,96.0784%,2,49,51,49,2,0,0
0x490c0e,66.6667%,2,4,6,0,0,2,4
0x4ca416,99.0566%,2,210,212,209,1,1,1
0x8e0ac6,99.5506%,2,443,445,443,2,0,0
0x81882c,99.7582%,2,825,827,0,0,2,825
0x8c7f31,0%,2,0,2,0,2,0,0
0xa39f9a,96.9231%,2,63,65,0,0,2,63
0x4c80c5,88.2353%,2,15,17,15,2,0,0
0x5f61e3,50%,2,2,4,0,2,0,2
0x9175af,99%,2,198,200,198,2,0,0
0x4c9e7b,50%,2,2,4,0,0,2,2
0x9fe45a,98.4733%,2,129,131,129,2,0,0
0xa52aea,91.6667%,2,22,24,22,2,0,0
0x49ff13,99.9771%,2,8744,8746,0,0,2,8744
0x538cf4,90.9091%,2,20,22,9,2,0,11
0x5bb3a5,0%,2,0,2,0,0,2,0
0x9a623b,93.1034%,2,27,29,27,2,0,0
0x648f8b,0%,2,0,2,0,2,0,0
0x9bc5d1,0%,2,0,2,0,0,2,0
0x4aaef6,81.8182%,2,9,11,9,2,0,0
0x50c0dc,90%,2,18,20,0,0,2,18
0x6105c7,97.8495%,2,91,93,0,0,2,91
0x441617,81.8182%,2,9,11,0,0,2,9
0x90dca1,93.3333%,2,28,30,0,0,2,28
0xa4c615,50%,2,2,4,0,0,2,2
0x4c9f6e,98.913%,2,182,184,182,2,0,0
0x53fef7,99.5305%,2,424,426,0,0,2,424
0x95b368,50%,2,2,4,0,0,2,2
0xb17ad4,99.7203%,2,713,715,713,2,0,0
0x4b4737,50%,2,2,4,0,2,0,2
0x9bc5c8,0%,2,0,2,0,0,2,0
0x50d7ad,99.2095%,2,251,253,0,0,2,251
0x59f572,50%,2,2,4,0,2,0,2
0x8d3fe8,84.6154%,2,11,13,0,0,2,11
0xaa6424,75%,2,6,8,0,0,2,6
0x80bbc7,60%,2,3,5,1,2,0,2
0x483577,92.5926%,2,25,27,25,2,0,0
0xa53aa6,0%,2,0,2,0,0,2,0
0xa4a4fb,80%,2,8,10,8,2,0,0
0x63f3f7,99%,2,198,200,198,2,0,0
0x94b568,97.4684%,2,77,79,77,2,0,0
0x4b48dc,97.2603%,2,71,73,0,2,0,71
0xa159dd,99.765%,2,849,851,0,0,2,849
0x8bf18c,0%,2,0,2,0,0,2,0
0x4bfeda,33.3333%,2,1,3,1,2,0,0
0xa89552,97.5904%,2,81,83,0,0,2,81
0x67adc5,99.9275%,2,2755,2757,0,0,2,2755
0xa4c838,50%,2,2,4,2,2,0,0
0xa32d03,92%,2,23,25,23,2,0,0
0x50fe54,0%,2,0,2,0,0,2,0
0xa4b67c,90%,2,18,20,0,0,2,18
0xa4e7f1,98.7654%,2,160,162,0,0,2,160
0xa9012f,98.6755%,2,149,151,0,0,2,149
0x67d6bb,99.7167%,2,704,706,704,2,0,0
0x63ff4b,99.7919%,2,959,961,959,2,0,0
0x9a3989,90.4762%,2,19,21,19,2,0,0
0x94eb01,93.3333%,2,28,30,0,0,2,28
0x80b0b2,0%,2,0,2,0,2,0,0
0xb2303e,98.7013%,2,152,154,152,2,0,0
0xa47489,95.2381%,2,40,42,40,2,0,0
0xad4562,60%,2,3,5,0,0,2,3
0x83779b,75%,2,6,8,2,1,1,4
0xa909b9,99.1837%,2,243,245,243,2,0,0
0x906bed,98.9796%,2,194,196,0,0,2,194
0x4ba47e,97.6471%,2,83,85,0,0,2,83
0x9f40f1,33.3333%,2,1,3,1,2,0,0
0xa474c2,95.2381%,2,40,42,0,0,2,40
0x6410f7,0%,2,0,2,0,2,0,0
0xa91840,85.7143%,2,12,14,0,0,2,12
0x9f4859,50%,2,2,4,0,0,2,2
0x60bacb,88.8889%,2,16,18,16,1,1,0
0xa50871,50%,2,2,4,2,2,0,0
0x9021e4,98.2906%,2,115,117,0,0,2,115
0x481d27,77.7778%,2,7,9,7,0,2,0
0xb2304a,98.7013%,2,152,154,0,0,2,152
0xa18b6e,90%,2,18,20,18,2,0,0
0x789147,84.6154%,2,11,13,2,1,1,9
0xa96ac0,77.7778%,2,7,9,0,0,2,7
0x5f07fc,0%,2,0,2,0,0,2,0
0x5415ef,60%,2,3,5,0,0,2,3
0x499a0c,98.6928%,2,151,153,151,2,0,0
0x82244c,98.9247%,2,184,186,0,0,2,184
0x50af25,66.6667%,2,4,6,4,2,0,0
0x58e058,0%,2,0,2,0,2,0,0
0xa63c87,50%,2,2,4,1,0,2,1
0x7b0179,66.6667%,2,4,6,0,0,2,4
0x64a50f,0%,2,0,2,0,2,0,0
0x8bf162,0%,2,0,2,0,0,2,0
0x5f91ab,77.7778%,2,7,9,0,1,1,7
0xa07539,66.6667%,2,4,6,2,0,2,2
0x9d1d6a,83.3333%,2,10,12,10,2,0,0
0x5339f6,0%,2,0,2,0,2,0,0
0x50ca48,90%,2,18,20,0,0,2,18
0x4903c6,88.8889%,2,16,18,13,2,0,3
0x9d2ed3,96.9231%,2,63,65,61,0,2,2
0xace383,0%,2,0,2,0,0,2,0
0x4a6276,33.3333%,2,1,3,1,2,0,0
0xa64cec,50%,2,2,4,2,2,0,0
0x8a5e86,98.5612%,2,137,139,0,0,2,137
0xa326c1,90%,2,18,20,17,1,1,1
0x8e4bb1,99.9427%,2,3487,3489,0,0,2,3487
0x81094e,87.5%,2,14,16,4,0,2,10
0x40a2ba,93.5484%,2,29,31,29,2,0,0
0x67a755,97.4359%,2,76,78,76,2,0,0
0x9ed28a,96.4912%,2,55,57,0,0,2,55
0x7efd2d,97.2222%,2,70,72,0,0,2,70
0x8f21b3,94.5946%,2,35,37,0,1,1,35
0xaef70c,50%,2,2,4,0,0,2,2
0x670dc6,0%,2,0,2,0,2,0,0
0xa90e2a,50%,2,2,4,2,2,0,0
0x48f5e3,33.3333%,2,1,3,0,0,2,1
0xa8e4d0,33.3333%,2,1,3,1,0,2,0
0x94b449,96.2264%,2,51,53,0,0,2,51
0x90d30b,98.3871%,2,122,124,0,0,2,122
0x5eef91,84.6154%,2,11,13,11,2,0,0
0x4b396d,50%,2,2,4,0,0,2,2
0x5fad7b,86.6667%,2,13,15,13,2,0,0
0x7d2c77,50%,2,2,4,0,0,2,2
0x5ebedd,85.7143%,2,12,14,0,0,2,12
0x59f0d1,50%,2,2,4,2,2,0,0
0x4094d4,0%,2,0,2,0,2,0,0
0xa21b53,0%,2,0,2,0,1,1,0
0x482c16,89.4737%,2,17,19,17,2,0,0
0xaa57d5,0%,2,0,2,0,0,2,0
0x8a243e,0%,2,0,2,0,2,0,0
0xa96421,91.6667%,2,22,24,22,2,0,0
0x9e3e6d,50%,2,2,4,0,0,2,2
0xaa57c8,0%,2,0,2,0,0,2,0
0x54d441,71.4286%,2,5,7,5,2,0,0
0x722c77,80%,2,8,10,0,0,2,8
0x59060c,89.4737%,2,17,19,0,0,2,17
0xa39499,85.7143%,2,12,14,0,0,2,12
0x4a1e7e,83.3333%,2,10,12,0,0,2,10
0x8f38fb,99.7509%,2,801,803,801,2,0,0
0xa375d7,80%,2,8,10,8,2,0,0
0x4ab161,66.6667%,2,4,6,4,2,0,0
0xace175,0%,2,0,2,0,2,0,0
0xa98dbb,0%,2,0,2,0,2,0,0
0x809c75,0%,2,0,2,0,2,0,0
0x40955a,75%,2,6,8,0,0,2,6
0x50bf4e,98.1818%,2,108,110,108,2,0,0
0xacced6,33.3333%,2,1,3,0,0,2,1
0xaccf49,33.3333%,2,1,3,1,1,1,0
0xa9578a,50%,2,2,4,2,2,0,0
0x671b64,0%,2,0,2,0,0,2,0
0x9988cb,66.6667%,2,4,6,1,1,1,3
0x6722ed,0%,2,0,2,0,2,0,0
0x98149e,95.9184%,2,47,49,0,2,0,47
0xa53ab0,0%,2,0,2,0,0,2,0
0x405eaf,98.8764%,2,176,178,0,0,2,176
0x7be071,50%,2,2,4,0,0,2,2
0x5f547a,0%,2,0,2,0,2,0,0
0xaa5be2,90%,2,18,20,0,0,2,18
0x8df648,90.9091%,2,20,22,18,2,0,2
0xa498b5,90.9091%,2,20,22,0,0,2,20
0x8ec8e3,0%,2,0,2,0,0,2,0
0x4bc5cd,83.3333%,2,10,12,0,2,0,10
0x508d6e,90.4762%,2,19,21,19,2,0,0
0x5fad9d,95.8333%,2,46,48,0,0,2,46
0x9d0216,99.3976%,2,330,332,179,2,0,151
0x817163,0%,2,0,2,0,2,0,0
0xa2eab6,50%,2,2,4,2,2,0,0
0x490e9c,77.7778%,2,7,9,7,2,0,0
0x49b053,0%,2,0,2,0,0,2,0
0x8d98b6,75%,2,6,8,6,0,2,0
0x8436d1,50%,2,2,4,0,0,2,2
0xad4580,60%,2,3,5,3,2,0,0
0x5d9056,98.6395%,2,145,147,145,2,0,0
0x5f95ee,75%,2,6,8,0,0,2,6
0x40e859,60%,2,3,5,3,2,0,0
0x6f5515,95%,2,38,40,38,2,0,0
0x40e1f3,97.2222%,2,70,72,70,2,0,0
0x80aa30,33.3333%,2,1,3,0,0,2,1
0xa29d1d,87.5%,2,14,16,0,0,2,14
0x9e8247,0%,2,0,2,0,2,0,0
0x9e706f,71.4286%,2,5,7,1,1,1,4
0x96b1e4,99.7795%,2,905,907,0,0,2,905
0x6724db,0%,2,0,2,0,2,0,0
0xa21c2e,0%,2,0,2,0,0,2,0
0x8fdd09,95.8333%,2,46,48,0,0,2,46
0xaa6364,99.6055%,2,505,507,0,0,2,505
0xa4d3e5,94.8718%,2,37,39,37,2,0,0
0x9e7057,71.4286%,2,5,7,5,2,0,0
0xa9b8e8,66.6667%,2,4,6,0,0,2,4
0x820ba9,81.8182%,2,9,11,8,2,0,1
0x90fed4,99.4521%,2,363,365,363,2,0,0
0x984856,50%,2,2,4,0,0,2,2
0x9f6330,33.3333%,2,1,3,1,2,0,0
0xa5029c,87.5%,2,14,16,14,2,0,0
0x69222b,90.9091%,2,20,22,20,2,0,0
0xaa2adb,33.3333%,2,1,3,1,1,1,0
0x81951a,98.75%,2,158,160,78,2,0,80
0x8bb677,91.3043%,2,21,23,0,0,2,21
0x5454cd,95.9184%,2,47,49,0,0,2,47
0x80a1c9,50%,2,2,4,0,0,2,2
0x804761,0%,2,0,2,0,0,2,0
0x5bb64a,91.3043%,2,21,23,0,0,2,21
0x6109fe,84.6154%,2,11,13,0,0,2,11
0x48da19,95.6522%,2,44,46,0,0,2,44
0x5d8c3f,80%,2,8,10,8,2,0,0
0xa2dfc1,99.5122%,2,408,410,0,0,2,408
0x54dc25,94.8718%,2,37,39,37,2,0,0
0x8ddf11,95.6522%,2,44,46,44,2,0,0
0xa15ec7,83.3333%,2,10,12,0,1,1,10
0x672a85,0%,2,0,2,0,0,2,0
0xa978ab,80%,2,8,10,8,2,0,0
0x49b270,0%,2,0,2,0,0,2,0
0xa5bee6,93.75%,2,30,32,30,2,0,0
0xa50da6,50%,2,2,4,0,0,2,2
0x40ceda,0%,2,0,2,0,2,0,0
0x4096f6,96.9231%,2,63,65,0,2,0,63
0x8e4138,99.4638%,2,371,373,0,0,2,371
0x9f876a,33.3333%,2,1,3,0,0,2,1
0xa4e87a,0%,2,0,2,0,2,0,0
0x502a25,96.8254%,2,61,63,0,0,2,61
0x49fe4f,84.6154%,2,11,13,0,0,2,11
0x90f803,0%,2,0,2,0,2,0,0
0x4099dc,90%,2,18,20,18,1,1,0
0x4c0781,97.6744%,2,84,86,84,2,0,0
0x68b04d,50%,2,2,4,2,2,0,0
0x9064d5,98.1818%,2,108,110,108,2,0,0
0x5f5527,50%,2,2,4,0,0,2,2
0x5d2fa8,50%,2,2,4,2,2,0,0
0x9a7be4,99.6422%,2,557,559,0,0,2,557
0x98485f,50%,2,2,4,0,0,2,2
0xa0788b,66.6667%,2,4,6,0,0,2,4
0xa589d8,98.6301%,2,144,146,0,0,2,144
0x4a9f13,98.9011%,2,180,182,180,2,0,0
0x675139,33.3333%,2,1,3,0,2,0,1
0x50b981,98.5185%,2,133,135,0,0,2,133
0x4a9b4c,33.3333%,2,1,3,0,1,1,1
0x50a667,85.7143%,2,12,14,12,2,0,0
0x684190,75%,2,6,8,6,2,0,0
0xa53055,75%,2,6,8,0,0,2,6
0x60dff9,77.7778%,2,7,9,7,2,0,0
0x49010e,80%,2,8,10,0,0,2,8
0xa47e9b,83.3333%,2,10,12,0,0,2,10
0xa9dd3e,0%,2,0,2,0,2,0,0
0xa48a6e,98.8764%,2,176,178,0,0,2,176
0x5f5664,50%,2,2,4,2,2,0,0
0x4c1098,91.6667%,2,22,24,22,2,0,0
0x5be45a,98.8235%,2,168,170,0,0,2,168
0x4aad8d,93.3333%,2,28,30,0,0,2,28
0x509701,93.75%,2,30,32,0,0,2,30
0x5c4d0c,98.8166%,2,167,169,0,0,2,167
0x9a9b25,98.3471%,2,119,121,0,0,2,119
0x838a70,0%,2,0,2,0,1,1,0
0x8bf19a,0%,2,0,2,0,0,2,0
0x805b0b,99.9282%,2,2783,2785,0,0,2,2783
0x4c4bcc,98.0583%,2,101,103,38,2,0,63
0x6389a6,99.8339%,2,1202,1204,1202,2,0,0
0xa0a502,0%,2,0,2,0,0,2,0
0x7c7579,66.6667%,2,4,6,4,2,0,0
0x5ae250,96.9697%,2,64,66,0,0,2,64
0x409bad,90%,2,18,20,18,2,0,0
0x63f085,0%,2,0,2,0,2,0,0
0x9a7ce3,83.3333%,2,10,12,0,0,2,10
0xa99caf,50%,2,2,4,2,2,0,0
0x4c00cb,0%,2,0,2,0,2,0,0
0x8daa0d,99%,2,198,200,198,2,0,0
0x9c4e40,0%,2,0,2,0,0,2,0
0xa97f44,0%,2,0,2,0,0,2,0
0x48a4b8,95%,2,38,40,38,2,0,0
0xa900b7,99.3243%,2,294,296,0,0,2,294
0x9e27fb,96.5517%,2,56,58,0,0,2,56
0x6752d5,33.3333%,2,1,3,0,0,2,1
0x94b5c0,97.4684%,2,77,79,77,2,0,0
0x99aa2a,98.0392%,2,100,102,0,0,2,100
0x66f569,99.0291%,2,204,206,0,0,2,204
0x51b2f2,66.6667%,2,4,6,4,2,0,0
0x63d776,33.3333%,2,1,3,1,2,0,0
0x8da82a,66.6667%,2,4,6,4,2,0,0
0x40bd38,50%,2,2,4,2,2,0,0
0x5b1941,85.7143%,2,12,14,12,1,1,0
0x671302,0%,2,0,2,0,2,0,0
0x9e1ac8,98.3333%,2,118,120,118,2,0,0
0xa2f082,94.7368%,2,36,38,0,0,2,36
0x670d16,0%,2,0,2,0,2,0,0
0x99aff4,95%,2,38,40,0,0,2,38
0xa48400,99.1736%,2,240,242,240,2,0,0
0x494fe1,0%,2,0,2,0,0,2,0
0x5b068d,0%,2,0,2,0,0,2,0
0xb49918,0%,2,0,2,0,0,2,0
0x723670,99.8617%,2,1444,1446,0,0,2,1444
0xad0196,0%,2,0,2,0,2,0,0
0xa51ce6,83.3333%,2,10,12,0,0,2,10
0x9c539c,75%,2,6,8,0,0,2,6
0x6f557f,98.8439%,2,171,173,0,0,2,171
0xaccf75,33.3333%,2,1,3,1,2,0,0
0x8fd230,50%,2,2,4,2,0,2,0
0xa1b597,60%,2,3,5,0,0,2,3
0x793096,80%,2,8,10,0,2,0,8
0x6737f5,0%,2,0,2,0,2,0,0
0x8a7e32,0%,2,0,2,0,2,0,0
0x40b3f5,0%,2,0,2,0,2,0,0
0x91896f,0%,2,0,2,0,0,2,0
0x63aacd,99.7564%,2,819,821,819,2,0,0
0x54053a,0%,2,0,2,0,0,2,0
0x677be3,93.3333%,2,28,30,28,2,0,0
0x81ff76,95.8333%,2,46,48,0,0,2,46
0x8bd726,90%,2,18,20,18,2,0,0
0x9e2c73,91.3043%,2,21,23,0,0,2,21
0xa5422d,98.0769%,2,102,104,0,0,2,102
0x67184a,0%,2,0,2,0,2,0,0
0x822276,99.2674%,2,271,273,0,0,2,271
0x50e236,95.5556%,2,43,45,43,2,0,0
0xa4710b,89.4737%,2,17,19,0,0,2,17
0x808ca7,99.8371%,2,1226,1228,1226,2,0,0
0x50e5ac,90%,2,18,20,18,2,0,0
0x50b7f0,92.8571%,2,26,28,26,2,0,0
0x969287,98.8571%,2,173,175,0,0,2,173
0x976eaf,60%,2,3,5,0,2,0,3
0x677b5b,99.4398%,2,355,357,0,0,2,355
0x5b4131,90%,2,18,20,18,2,0,0
0x48fa9e,33.3333%,2,1,3,1,2,0,0
0x9a7221,60%,2,3,5,0,0,2,3
0xa338f2,71.4286%,2,5,7,2,0,2,3
0x5b526b,90%,2,18,20,0,2,0,18
0x64df73,99.6183%,2,522,524,522,2,0,0
0x9069de,97.4684%,2,77,79,0,0,2,77
0x97b9d5,98.2456%,2,112,114,0,0,2,112
0x7aca7e,93.75%,2,30,32,0,0,2,30
0xa92c79,75%,2,6,8,0,0,2,6
0x9e1530,0%,2,0,2,0,0,2,0
0x901cc1,99.1453%,2,232,234,232,2,0,0
0xa2b311,0%,2,0,2,0,2,0,0
0xa4ba00,50%,2,2,4,0,0,2,2
0x622911,80%,2,8,10,0,0,2,8
0xa56fe5,97.561%,2,80,82,0,0,2,80
0x48f5d0,33.3333%,2,1,3,1,2,0,0
0x9c3d7e,99.422%,2,344,346,344,2,0,0
0x5b2a76,95.7447%,2,45,47,0,2,0,45
0x649316,66.6667%,2,4,6,4,2,0,0
0x9597b9,95.8333%,2,46,48,0,0,2,46
0x9e1a7b,87.5%,2,14,16,6,0,2,8
0xa4434f,95.9184%,2,47,49,47,2,0,0
0x5414bf,75%,2,6,8,0,0,2,6
0x8da9c7,99.0099%,2,200,202,0,2,0,200
0x5bce17,99.7925%,2,962,964,962,2,0,0
0x5e06c6,50%,2,2,4,0,0,2,2
0xa3789f,80%,2,8,10,0,0,2,8
0xa9e9e9,99.115%,2,224,226,0,0,2,224
0x8dae9b,0%,2,0,2,0,2,0,0
0x5ef025,88.8889%,2,16,18,16,2,0,0
0x5fb360,66.6667%,2,4,6,4,2,0,0
0x670496,77.7778%,2,7,9,0,0,2,7
0x4b8a6a,87.5%,2,14,16,14,2,0,0
0x5f268b,0%,2,0,2,0,0,2,0
0x8df5e1,95%,2,38,40,0,0,2,38
0x9d16d6,98.0769%,2,102,104,0,0,2,102
0x4c0af6,98.0769%,2,102,104,0,0,2,102
0x81fc41,85.7143%,2,12,14,0,0,2,12
0xa4fe0d,50%,2,2,4,0,0,2,2
0xa41513,92%,2,23,25,0,0,2,23
0xa4eeba,98.7654%,2,160,162,139,1,1,21
0x8ef278,95.8333%,2,46,48,0,0,2,46
0x507897,99.6516%,2,572,574,0,0,2,572
0x64377b,94.8718%,2,37,39,0,0,2,37
0x67177f,0%,2,0,2,0,0,2,0
0x48fb23,33.3333%,2,1,3,1,2,0,0
0xa0a580,0%,2,0,2,0,0,2,0
0xa01deb,50%,2,2,4,1,1,1,1
0xa4e035,0%,2,0,2,0,0,2,0
0x680607,91.3043%,2,21,23,21,2,0,0
0x8aad92,60%,2,3,5,0,0,2,3
0x722a5f,97.5309%,2,79,81,0,0,2,79
0x94edf5,93.3333%,2,28,30,0,0,2,28
0xa45a78,97.6744%,2,84,86,84,2,0,0
0x97524a,60%,2,3,5,3,2,0,0
0x4b9476,0%,2,0,2,0,0,2,0
0x83776e,33.3333%,2,1,3,1,2,0,0
0x40aadf,97.1014%,2,67,69,0,0,2,67
0xa495f9,99.505%,2,402,404,402,2,0,0
0x94ce77,95.7447%,2,45,47,0,0,2,45
0x9f0b9b,97.7778%,2,88,90,0,0,2,88
0xa51f2c,50%,2,2,4,2,0,2,0
0x40b451,0%,2,0,2,0,0,2,0
0x7d1886,99.4012%,2,332,334,332,2,0,0
0x4ac65c,86.6667%,2,13,15,11,2,0,2
0x59c649,66.6667%,2,4,6,0,0,2,4
0x833850,0%,2,0,2,0,0,2,0
0x809f98,99.3884%,2,325,327,0,0,2,325
0x63ede9,99.8923%,2,1855,1857,0,0,2,1855
0x837f38,50%,2,2,4,2,2,0,0
0x8149dd,96.8254%,2,61,63,0,0,2,61
0x60bb86,88.8889%,2,16,18,12,1,1,4
0x8125f5,99.6716%,2,607,609,0,0,2,607
0x838b23,66.6667%,2,4,6,2,1,1,2
0x4c8bc9,98.4962%,2,131,133,131,2,0,0
0xa4588c,95.122%,2,39,41,0,0,2,39
0x547ab0,50%,2,2,4,2,2,0,0
0x4b940e,83.3333%,2,10,12,8,2,0,2
0x5357cc,60%,2,3,5,0,0,2,3
0x4c5cde,90.4762%,2,19,21,19,2,0,0
0x49614e,33.3333%,2,1,3,0,0,2,1
0x59e8ef,50%,2,2,4,2,2,0,0
0x78d290,0%,2,0,2,0,2,0,0
0x9fcd20,71.4286%,2,5,7,5,2,0,0
0x7817ed,50%,2,2,4,0,0,2,2
0x7e819d,71.4286%,2,5,7,5,2,0,0
0x786a04,66.6667%,2,4,6,4,0,2,0
0xa2386b,96.9231%,2,63,65,0,0,2,63
0x4808e9,89.4737%,2,17,19,17,2,0,0
0x977d3a,98.6014%,2,141,143,141,2,0,0
0x99f123,83.3333%,2,10,12,0,1,1,10
0x5f3212,71.4286%,2,5,7,5,2,0,0
0x48073e,94.7368%,2,36,38,36,2,0,0
0x9edc0d,98.4127%,2,124,126,124,2,0,0
0x5fe22c,99.8201%,2,1110,1112,1110,2,0,0
0x5d254e,99.8394%,2,1243,1245,1243,2,0,0
0x833b73,66.6667%,2,4,6,1,1,1,3
0xa8e4d6,0%,2,0,2,0,0,2,0
0x8f76bb,95.5556%,2,43,45,43,2,0,0
0x838b32,0%,2,0,2,0,2,0,0
0x648d51,0%,2,0,2,0,2,0,0
0x5f2e3e,0%,2,0,2,0,2,0,0
0x50bd35,88.8889%,2,16,18,16,2,0,0
0xa07fac,60%,2,3,5,3,1,1,0
0x8c91e7,99.7758%,2,890,892,888,2,0,2
0x833911,97.6744%,2,84,86,84,2,0,0
0x4ba5c6,50%,2,2,4,0,2,0,2
0xa9d2a6,80%,2,8,10,8,2,0,0
0x8f61de,83.3333%,2,10,12,10,2,0,0
0x8eb940,99.5893%,2,485,487,485,2,0,0
0x8d38eb,85.7143%,2,12,14,0,0,2,12
0x4904d6,33.3333%,2,1,3,1,2,0,0
0x487119,0%,2,0,2,0,2,0,0
0x5b4a7b,0%,2,0,2,0,2,0,0
0xa0279a,99.856%,2,1387,1389,0,0,2,1387
0x4106f6,77.7778%,2,7,9,0,0,2,7
0x5ae2dc,92%,2,23,25,23,2,0,0
0x973208,95%,2,38,40,0,0,2,38
0x4a21bd,75%,2,6,8,0,0,2,6
0x487702,86.6667%,2,13,15,0,1,1,13
0x555aef,50%,2,2,4,0,1,1,2
0xa9e176,93.3333%,2,28,30,28,2,0,0
0x4946d3,0%,2,0,2,0,2,0,0
0x5f3ca9,33.3333%,2,1,3,1,2,0,0
0x47fe39,89.4737%,2,17,19,17,2,0,0
0x9f3a4c,33.3333%,2,1,3,1,0,2,0
0x58ed88,0%,2,0,2,0,2,0,0
0x50aab1,50%,2,2,4,1,1,1,1
0x817338,91.6667%,2,22,24,22,1,1,0
0x8f67a3,87.5%,2,14,16,0,0,2,14
0xa4971b,95.2381%,2,40,42,40,2,0,0
0x591169,97.8495%,2,91,93,0,1,1,91
0x40ea7e,50%,2,2,4,2,2,0,0
0x99eb2d,84.6154%,2,11,13,11,2,0,0
0xa33f49,98.1651%,2,107,109,107,2,0,0
0x906693,98.1818%,2,108,110,0,0,2,108
0x9ee17f,66.6667%,2,4,6,0,0,2,4
0x9064b1,98.1818%,2,108,110,0,0,2,108
0x54d9c6,94.8718%,2,37,39,0,0,2,37
0x503ee8,77.7778%,2,7,9,0,0,2,7
0x502024,93.75%,2,30,32,0,0,2,30
0x809375,99.3939%,2,328,330,0,0,2,328
0x8c7428,99.7886%,2,944,946,944,2,0,0
0x8dfdba,93.75%,2,30,32,0,0,2,30
0x4b9472,0%,2,0,2,0,0,2,0
0x67da6f,97.1429%,2,68,70,68,2,0,0
0x40d53e,98.8372%,2,170,172,0,0,2,170
0x5408a8,66.6667%,2,4,6,0,0,2,4
0x8df5be,95%,2,38,40,0,0,2,38
0x5f4387,0%,2,0,2,0,2,0,0
0x6dcc06,95.2381%,2,40,42,0,0,2,40
0x544ab5,96.4912%,2,55,57,0,0,2,55
0x8c82d1,93.75%,2,30,32,0,0,2,30
0x53f15c,50%,2,2,4,0,0,2,2
0x8a6ab1,33.3333%,2,1,3,1,2,0,0
0x8efa46,98.9583%,2,190,192,0,0,2,190
0x8a34f8,0%,2,0,2,0,0,2,0
0x63dc0c,98.5816%,2,139,141,139,2,0,0
0xa464d1,85.7143%,2,12,14,12,2,0,0
0x814ea6,90.9091%,2,20,22,0,1,1,20
0x541fbd,99.7642%,2,846,848,0,0,2,846
0x8e1280,99.9303%,2,2868,2870,2868,2,0,0
0x4bea7e,98.8571%,2,173,175,173,2,0,0
0x8e46a2,87.5%,2,14,16,0,0,2,14
0x5afe4c,90.4762%,2,19,21,19,2,0,0
0x40e2a2,33.3333%,2,1,3,0,0,2,1
0x6923e7,80%,2,8,10,8,2,0,0
0x53f28f,99.5338%,2,427,429,427,2,0,0
0x4419f1,81.8182%,2,9,11,0,0,2,9
0x4801b7,89.4737%,2,17,19,0,0,2,17
0x4a6ff7,96.7742%,2,60,62,0,2,0,60
0x671521,0%,2,0,2,0,0,2,0
0x833824,50%,2,2,4,0,2,0,2
0xa50d12,97.7273%,2,86,88,0,0,2,86
0xa538bc,71.4286%,2,5,7,0,0,2,5
0x40497f,99.2278%,2,257,259,0,0,2,257
0x80d4d0,90%,2,18,20,0,0,2,18
0x8337cd,0%,2,0,2,0,0,2,0
0x40e1e4,97.2973%,2,72,74,1,1,1,71
0xa7b48a,50%,2,2,4,2,2,0,0
0x4bb5c4,96.1538%,2,50,52,50,2,0,0
0x8f2164,94.8718%,2,37,39,0,2,0,37
0x53bb0a,99.825%,2,1141,1143,0,0,2,1141
0xa963c9,0%,2,0,2,0,2,0,0
0x952427,0%,2,0,2,0,0,2,0
0x78d212,0%,2,0,2,0,0,2,0
0x5467d2,0%,2,0,2,0,0,2,0
0x40ab78,66.6667%,2,4,6,4,1,1,0
0x5f9e87,66.6667%,2,4,6,0,0,2,4
0x40ee1f,75%,2,6,8,0,0,2,6
0x8e514a,99.7884%,2,943,945,943,2,0,0
0x48ea95,99.1903%,2,245,247,245,2,0,0
0x507eba,99.7297%,2,738,740,0,0,2,738
0x9ed90d,96.875%,2,62,64,0,0,2,62
0xa55781,50%,2,2,4,0,0,2,2
0x58f951,95.122%,2,39,41,0,0,2,39
0x540f4d,75%,2,6,8,0,0,2,6
0xaa5894,50%,2,2,4,2,2,0,0
0x6664a4,93.3333%,2,28,30,0,0,2,28
0x978514,99.5876%,2,483,485,0,0,2,483
0xa56168,98.4127%,2,124,126,0,0,2,124
0x811462,0%,2,0,2,0,0,2,0
0x4b70c4,97.7011%,2,85,87,85,2,0,0
0x79112e,95.5556%,2,43,45,5,1,1,38
0xa9ceff,89.4737%,2,17,19,0,0,2,17
0x63eb2a,99.7919%,2,959,961,959,2,0,0
0x5b33fd,0%,2,0,2,0,2,0,0
0x820c62,0%,2,0,2,0,2,0,0
0x8da491,99.7037%,2,673,675,0,0,2,673
0x494305,98.0952%,2,103,105,103,2,0,0
0x78bfd7,77.7778%,2,7,9,7,0,2,0
0x66f403,0%,2,0,2,0,0,2,0
0x5f27a8,93.5484%,2,29,31,0,0,2,29
0x5fba3b,0%,2,0,2,0,0,2,0
0x5f8140,98.6667%,2,148,150,148,2,0,0
0x946178,89.4737%,2,17,19,0,0,2,17
0xaa7f74,33.3333%,2,1,3,0,0,2,1
0x90f892,0%,2,0,2,0,0,2,0
0xa29cfb,87.5%,2,14,16,14,2,0,0
0xa9815b,33.3333%,2,1,3,0,0,2,1
0x5b9ede,75%,2,6,8,4,2,0,2
0x48288a,89.4737%,2,17,19,17,2,0,0
0x722e8b,88.8889%,2,16,18,0,0,2,16
0xa7a299,33.3333%,2,1,3,1,2,0,0
0x8dfa20,60%,2,3,5,3,2,0,0
0x60bb5d,88.8889%,2,16,18,0,0,2,16
0x8ebf05,0%,2,0,2,0,2,0,0
0x65b9c3,99.5261%,2,420,422,0,0,2,420
0x48329e,93.1034%,2,27,29,27,2,0,0
0xa64d40,50%,2,2,4,2,2,0,0
0x58c6d2,85.7143%,2,12,14,0,0,2,12
0x9fec3a,93.3333%,2,28,30,28,2,0,0
0xa4d216,50%,2,2,4,2,2,0,0
0x59945c,0%,2,0,2,0,2,0,0
0x5b49c7,0%,2,0,2,0,0,2,0
0x8d217e,0%,2,0,2,0,2,0,0
0x482863,0%,2,0,2,0,0,2,0
0x9a61a4,83.3333%,2,10,12,0,0,2,10
0x591662,33.3333%,2,1,3,1,2,0,0
0x5bb291,0%,2,0,2,0,2,0,0
0x981d05,50%,2,2,4,2,2,0,0
0xa543db,89.4737%,2,17,19,0,0,2,17
0xa91ec1,50%,2,2,4,0,0,2,2
0x5ff5ab,75%,2,6,8,0,0,2,6
0xa98655,0%,2,0,2,0,2,0,0
0xa5a08a,71.4286%,2,5,7,4,0,2,1
0x4c63fd,0%,2,0,2,0,2,0,0
0xa017c2,0%,2,0,2,0,0,2,0
0x8e4691,87.5%,2,14,16,0,0,2,14
0x814ede,88.8889%,2,16,18,16,2,0,0
0xa2b40a,93.5484%,2,29,31,0,0,2,29
0x5d8bb3,98.5401%,2,135,137,135,2,0,0
0x67f2c8,99.2308%,2,258,260,0,0,2,258
0x81c99b,98.8372%,2,170,172,170,2,0,0
0x90abea,99.7564%,2,819,821,819,2,0,0
0x5d1818,91.6667%,2,22,24,0,0,2,22
0x9841e2,83.3333%,2,10,12,0,0,2,10
0x908d72,99.9532%,2,4272,4274,0,0,2,4272
0x5afead,90.4762%,2,19,21,0,0,2,19
0xa5322c,0%,2,0,2,0,0,2,0
0x4ab27e,33.3333%,2,1,3,1,2,0,0
0x409ffa,87.5%,2,14,16,14,1,1,0
0x503585,0%,2,0,2,0,2,0,0
0xb22fca,98.7013%,2,152,154,0,0,2,152
0x4bc9f7,83.3333%,2,10,12,10,2,0,0
0x8eb8d1,99.5893%,2,485,487,485,2,0,0
0x70c1e0,66.6667%,2,4,6,4,2,0,0
0x64a4e3,98.1132%,2,104,106,104,0,2,0
0x5cfab6,99.2063%,2,250,252,250,2,0,0
0x504927,86.6667%,2,13,15,0,0,2,13
0x4b902f,50%,2,2,4,2,2,0,0
0x5fc2f5,98.2759%,2,114,116,114,2,0,0
0xa352ee,88.8889%,2,16,18,8,1,1,8
0x592d3a,88.8889%,2,16,18,0,0,2,16
0x8fcff7,97.1831%,2,69,71,0,0,2,69
0x5b33cd,0%,2,0,2,0,0,2,0
0x8e463b,99.4638%,2,371,373,0,0,2,371
0xacdcd7,0%,2,0,2,0,2,0,0
0x5fa3bb,66.6667%,2,4,6,0,0,2,4
0x8e2b43,96.1538%,2,50,52,50,2,0,0
0xa510c8,50%,2,2,4,0,0,2,2
0xa4793f,77.7778%,2,7,9,0,0,2,7
0x9e0328,90.9091%,2,20,22,0,0,2,20
0x666d49,50%,2,2,4,0,0,2,2
0x8deac8,98.4375%,2,126,128,126,2,0,0
0xa5119c,50%,2,2,4,0,0,2,2
0x649921,83.3333%,2,10,12,0,0,2,10
0xa47305,95.2381%,2,40,42,0,0,2,40
0xa55f40,33.3333%,2,1,3,1,2,0,0
0x9eca88,77.7778%,2,7,9,4,0,2,3
0xa3ac9e,50%,2,2,4,0,0,2,2
0x53ec1b,50%,2,2,4,0,0,2,2
0x8093b2,99.3939%,2,328,330,328,2,0,0
0x90d4ba,99.3377%,2,300,302,300,2,0,0
0x809ed1,0%,2,0,2,0,0,2,0
0x837996,98.0769%,2,102,104,0,0,2,102
0x5fc7b3,0%,2,0,2,0,0,2,0
0x8f5f52,99.7175%,2,706,708,0,0,2,706
0x5b8f6b,50%,2,2,4,0,2,0,2
0x8379e6,95.4545%,2,42,44,42,2,0,0
0xa06969,0%,2,0,2,0,0,2,0
0x9fd1e1,71.4286%,2,5,7,0,0,2,5
0x547e87,99.633%,2,543,545,0,0,2,543
0x9fd023,71.4286%,2,5,7,5,2,0,0
0x8ade6a,0%,2,0,2,0,0,2,0
0x8dc33d,50%,2,2,4,0,0,2,2
0x540871,83.3333%,2,10,12,6,0,2,4
0x8f28c7,95.4545%,2,42,44,0,0,2,42
0x54420b,77.7778%,2,7,9,7,2,0,0
0xaa260b,90.9091%,2,20,22,0,0,2,20
0x4c1620,83.3333%,2,10,12,10,2,0,0
0x80c2e5,99.0196%,2,202,204,0,0,2,202
0x5f53ef,83.3333%,2,10,12,0,0,2,10
0x814fa6,90.9091%,2,20,22,20,0,2,0
0x619abc,60%,2,3,5,0,0,2,3
0xa985d8,50%,2,2,4,2,0,2,0
0xa491a6,93.3333%,2,28,30,28,2,0,0
0x8e0306,99.6491%,2,568,570,0,0,2,568
0x9a1c18,99.0148%,2,201,203,0,0,2,201
0x9a1d62,86.6667%,2,13,15,0,0,2,13
0x99ed34,86.6667%,2,13,15,12,1,1,1
0x50b5f5,50%,2,2,4,0,0,2,2
0x5bae68,0%,2,0,2,0,0,2,0
0x610795,84.6154%,2,11,13,11,2,0,0
0x8df508,77.7778%,2,7,9,1,0,2,6
0x53903e,98.4848%,2,130,132,0,0,2,130
0x9e3f5a,90.4762%,2,19,21,0,2,0,19
0x9fe9e7,33.3333%,2,1,3,0,0,2,1
0x506f65,90%,2,18,20,18,0,2,0
0x98435f,75%,2,6,8,0,0,2,6
0x9fe8f1,95%,2,38,40,2,1,1,36
0x49bf9a,66.6667%,2,4,6,0,0,2,4
0xa94cae,50%,2,2,4,0,0,2,2
0x80a6b4,33.3333%,2,1,3,1,1,1,0
0x9197bd,99%,2,198,200,198,2,0,0
0x49a13c,95.8333%,2,46,48,46,2,0,0
0xa4387f,96.6667%,2,58,60,10,2,0,48
0x8f3516,83.3333%,2,10,12,10,2,0,0
0x40461d,77.7778%,2,7,9,7,2,0,0
0x503557,0%,2,0,2,0,0,2,0
0x49be63,50%,2,2,4,1,1,1,1
0xa21b87,0%,2,0,2,0,0,2,0
0x63ce93,99%,2,198,200,198,2,0,0
0x54280c,99.9775%,2,8876,8878,0,0,2,8876
0x4059e3,94.1176%,2,32,34,32,2,0,0
0x90b187,97.1429%,2,68,70,0,0,2,68
0x556f63,96.3636%,2,53,55,53,2,0,0
0x5027a7,99.1031%,2,221,223,221,2,0,0
0x97515c,86.6667%,2,13,15,1,2,0,12
0x5575cc,96.3636%,2,53,55,53,2,0,0
0x5b8e5d,50%,2,2,4,2,2,0,0
0x495bc7,89.4737%,2,17,19,0,0,2,17
0x9e7b71,0%,2,0,2,0,0,2,0
0x50fe37,50%,2,2,4,0,2,0,2
0x63d256,91.3043%,2,21,23,21,2,0,0
0x8ebe94,0%,2,0,2,0,2,0,0
0x9d204a,98.0198%,2,99,101,99,2,0,0
0x77b9f7,91.6667%,2,22,24,22,0,2,0
0x8f25d7,94.5946%,2,35,37,35,2,0,0
0x50fe3e,0%,2,0,2,0,0,2,0
0x81fd16,99.3808%,2,321,323,321,2,0,0
0x9e155a,0%,2,0,2,0,2,0,0
0x50fedf,0%,2,0,2,0,0,2,0
0x402df7,50%,2,2,4,2,2,0,0
0x648ca5,0%,2,0,2,0,2,0,0
0x984372,75%,2,6,8,0,0,2,6
0xa519db,77.7778%,2,7,9,1,1,1,6
0x9d0b15,96.0784%,2,49,51,0,0,2,49
0x50af13,0%,2,0,2,0,0,2,0
0x8f1ad1,98.6014%,2,141,143,141,0,2,0
0xaa07af,98%,2,98,100,98,2,0,0
0x88a189,90.9091%,2,20,22,0,0,2,20
0x649a1b,50%,2,2,4,2,2,0,0
0x8bf154,0%,2,0,2,0,0,2,0
0x8f45e3,83.3333%,2,10,12,0,0,2,10
0x618613,0%,2,0,2,0,2,0,0
0x9fe6be,95%,2,38,40,0,0,2,38
0x8df3d9,91.6667%,2,22,24,22,2,0,0
0x4bfd19,97.6744%,2,84,86,84,2,0,0
0x4ca089,75%,2,6,8,5,1,1,1
0x4c75be,50%,2,2,4,2,2,0,0
0x5fbde5,97.3333%,2,73,75,73,2,0,0
0x5396f7,98.1651%,2,107,109,60,2,0,47
0x814bbe,88.8889%,2,16,18,0,0,2,16
0x8e3f4b,99.8807%,2,1674,1676,0,0,2,1674
0x803db5,0%,2,0,2,0,0,2,0
0x490554,33.3333%,2,1,3,1,2,0,0
0x590008,97.9798%,2,97,99,0,0,2,97
0x670b50,0%,2,0,2,0,0,2,0
0x8a313a,80%,2,8,10,0,0,2,8
0x835fae,0%,2,0,2,0,0,2,0
0x4ca6aa,0%,2,0,2,0,2,0,0
0x58cb8b,98.0583%,2,101,103,0,0,2,101
0x8df538,75%,2,6,8,0,0,2,6
0x48f94c,77.7778%,2,7,9,7,2,0,0
0x974583,0%,2,0,2,0,2,0,0
0x441a66,81.8182%,2,9,11,0,0,2,9
0x90ab79,92.5926%,2,25,27,25,2,0,0
0x649424,0%,2,0,2,0,2,0,0
0x546764,80%,2,8,10,0,0,2,8
0x9e16e0,0%,2,0,2,0,2,0,0
0x9bd665,91.6667%,2,22,24,0,0,2,22
0x40e8b1,80%,2,8,10,8,2,0,0
0xa3db39,75%,2,6,8,6,2,0,0
0x4832e8,93.1034%,2,27,29,27,2,0,0
0x481c92,77.7778%,2,7,9,7,2,0,0
0x8ee732,99.4609%,2,369,371,369,2,0,0
0x5fbc47,0%,2,0,2,0,0,2,0
0x40bd9b,50%,2,2,4,0,0,2,2
0x409e6a,87.5%,2,14,16,0,0,2,14
0x8162ce,95.5556%,2,43,45,0,0,2,43
0xb0d439,98.8235%,2,168,170,84,1,1,84
0x9f20ae,50%,2,2,4,0,0,2,2
0x4ab2b8,81.8182%,2,9,11,9,2,0,0
0x50b488,50%,2,2,4,2,2,0,0
0x49c7c8,99.278%,2,275,277,0,0,2,275
0x96c21b,92.3077%,2,24,26,0,0,2,24
0x9f7a12,98.2143%,2,110,112,0,0,2,110
0x8a9f5c,92.5926%,2,25,27,0,0,2,25
0x8dd18c,99.3651%,2,313,315,0,2,0,313
0xa5065f,94.7368%,2,36,38,35,2,0,1
0x5f45c8,0%,2,0,2,0,0,2,0
0x58ba66,50%,2,2,4,2,2,0,0
0x9f5a19,95.7447%,2,45,47,45,2,0,0
0x544260,96.4912%,2,55,57,0,0,2,55
0xa06a1d,0%,2,0,2,0,0,2,0
0xa5c381,97.2973%,2,72,74,0,2,0,72
0x610a65,84.6154%,2,11,13,0,0,2,11
0x4929d9,98.7879%,2,163,165,0,0,2,163
0x5d0fc8,90%,2,18,20,18,2,0,0
0x4834e6,93.1034%,2,27,29,0,2,0,27
0x8d98dc,75%,2,6,8,6,2,0,0
0x979f34,75%,2,6,8,6,2,0,0
0x9a9f76,98.1982%,2,109,111,0,0,2,109
0x8f5d4c,99.8033%,2,1015,1017,0,0,2,1015
0x4c976a,80%,2,8,10,0,0,2,8
0x53e797,50%,2,2,4,0,0,2,2
0x9fe1a7,92%,2,23,25,0,0,2,23
0x965f8a,0%,2,0,2,0,0,2,0
0x441717,81.8182%,2,9,11,0,0,2,9
0x63d7d6,33.3333%,2,1,3,1,2,0,0
0x9fe182,92%,2,23,25,0,0,2,23
0x843904,50%,2,2,4,2,2,0,0
0xa54506,80%,2,8,10,6,2,0,2
0xa95683,50%,2,2,4,2,2,0,0
0xa05e92,71.4286%,2,5,7,0,1,1,5
0x5f1cf9,71.4286%,2,5,7,0,0,2,5
0x5fe31d,87.5%,2,14,16,0,0,2,14
0x804d62,0%,2,0,2,0,2,0,0
0xa487c6,98.8764%,2,176,178,176,2,0,0
0xa21276,83.3333%,2,10,12,0,0,2,10
0x5cd897,50%,2,2,4,2,2,0,0
0xa3a4ce,99.7821%,2,916,918,0,0,2,916
0xa4a801,0%,2,0,2,0,0,2,0
0x683697,97.5309%,2,79,81,79,2,0,0
0x490cbe,88.2353%,2,15,17,0,0,2,15
0x60c42e,60%,2,3,5,0,0,2,3
0x8a5c3f,0%,2,0,2,0,2,0,0
0x49d0fc,0%,2,0,2,0,0,2,0
0x7cc16a,83.3333%,2,10,12,10,2,0,0
0x8def4f,94.7368%,2,36,38,20,2,0,16
0x65163e,60%,2,3,5,3,2,0,0
0xa3eab7,75%,2,6,8,0,0,2,6
0x5f6338,0%,2,0,2,0,2,0,0
0x7c6944,0%,2,0,2,0,2,0,0
0x53eea0,60%,2,3,5,0,0,2,3
0x906a00,97.4684%,2,77,79,0,0,2,77
0x817e21,83.3333%,2,10,12,10,0,2,0
0x9fccf4,71.4286%,2,5,7,5,2,0,0
0xa4bc65,50%,2,2,4,2,2,0,0
0x8335d9,0%,2,0,2,0,0,2,0
0x53e87b,50%,2,2,4,2,2,0,0
0x50a627,85.7143%,2,12,14,0,0,2,12
0x591645,33.3333%,2,1,3,0,0,2,1
0xa544a9,98.2143%,2,110,112,0,0,2,110
0xa51218,90.9091%,2,20,22,20,2,0,0
0x96a11c,0%,2,0,2,0,0,2,0
0x5ee17c,99.1736%,2,240,242,240,2,0,0
0x5f6ca7,86.6667%,2,13,15,0,0,2,13
0x5011ac,99.8957%,2,1916,1918,0,0,2,1916
0x9f3a5a,50%,2,2,4,1,1,1,1
0x70c02b,66.6667%,2,4,6,4,2,0,0
0x50a2f3,50%,2,2,4,0,0,2,2
0x81a829,99.7372%,2,759,761,0,0,2,759
0x80a074,50%,2,2,4,2,2,0,0
0x4a1b13,95.3488%,2,41,43,41,2,0,0
0x8a23ff,0%,2,0,2,0,0,2,0
0x8ebd4f,0%,2,0,2,0,2,0,0
0x810508,94.1176%,2,32,34,0,0,2,32
0x677c75,99.3197%,2,292,294,292,2,0,0
0x4a2159,50%,2,2,4,2,2,0,0
0xa47039,90.9091%,2,20,22,0,0,2,20
0x9bc89c,0%,2,0,2,0,2,0,0
0x908ff4,99.8923%,2,1855,1857,1855,2,0,0
0x80374b,97.3333%,2,73,75,0,0,2,73
0x65c044,99.5575%,2,450,452,450,2,0,0
0x78d154,0%,2,0,2,0,0,2,0
0xa5400a,90.9091%,2,20,22,20,2,0,0
0x8340c3,66.6667%,2,4,6,0,2,0,4
0xa966b4,75%,2,6,8,6,2,0,0
0xa4b9ba,50%,2,2,4,0,2,0,2
0x80a489,0%,2,0,2,0,0,2,0
0x591157,97.8495%,2,91,93,0,1,1,91
0x837f19,66.6667%,2,4,6,1,1,1,3
0x5042c5,33.3333%,2,1,3,1,2,0,0
0x8341a2,98.4615%,2,128,130,1,1,1,127
0xa06039,50%,2,2,4,0,0,2,2
0x5b15ed,80%,2,8,10,8,2,0,0
0x5b2912,75%,2,6,8,0,2,0,6
0xa5891b,98.2759%,2,114,116,0,0,2,114
0x9786d3,80%,2,8,10,8,2,0,0
0x65a058,99.2095%,2,251,253,0,0,2,251
0xaa4629,97.9798%,2,97,99,97,2,0,0
0x81cb8f,98.8372%,2,170,172,0,0,2,170
0x8df112,91.6667%,2,22,24,22,2,0,0
0x4c222c,98.6755%,2,149,151,149,2,0,0
0x482e8b,89.4737%,2,17,19,17,2,0,0
0x50f232,0%,2,0,2,0,0,2,0
0x60b99b,97.6471%,2,83,85,0,0,2,83
0x50403f,92.5926%,2,25,27,25,2,0,0
0x600127,92.5926%,2,25,27,25,2,0,0
0xa9def1,95.8333%,2,46,48,26,1,1,20
0xa4ba76,98.9691%,2,192,194,0,0,2,192
0x5fe614,87.5%,2,14,16,14,2,0,0
0x60c65d,50%,2,2,4,0,0,2,2
0x9f4a4c,33.3333%,2,1,3,1,2,0,0
0x5034dc,0%,2,0,2,0,0,2,0
0x5925ac,98.3333%,2,118,120,0,2,0,118
0x5e5c9f,33.3333%,2,1,3,1,2,0,0
0x58dd34,0%,2,0,2,0,2,0,0
0xa4e6a1,94.1176%,2,32,34,32,2,0,0
0xa48abc,98.8024%,2,165,167,0,0,2,165
0x8a6057,0%,2,0,2,0,0,2,0
0xaae78e,95.7447%,2,45,47,45,2,0,0
0x9a8fc4,85.7143%,2,12,14,0,0,2,12
0x8a5d42,99.0826%,2,216,218,0,0,2,216
0x503364,95.122%,2,39,41,2,0,2,37
0x48c523,98.5714%,2,138,140,0,0,2,138
0x63ccea,99%,2,198,200,198,2,0,0
0x4c7109,88.8889%,2,16,18,0,0,2,16
0xa50a24,99.4413%,2,356,358,0,0,2,356
0xa1b592,75%,2,6,8,6,2,0,0
0x9e7d12,91.6667%,2,22,24,22,2,0,0
0x5eb2c4,0%,2,0,2,0,0,2,0
0x481d90,89.4737%,2,17,19,17,2,0,0
0x50d93b,92.3077%,2,24,26,0,0,2,24
0x50340b,0%,2,0,2,0,2,0,0
0x5f8dd9,98.4848%,2,130,132,0,2,0,130
0x5b8e14,50%,2,2,4,2,2,0,0
0x502b68,60%,2,3,5,0,0,2,3
0x909053,99.8923%,2,1855,1857,1855,2,0,0
0x40ae63,0%,2,0,2,0,2,0,0
0x40974c,71.4286%,2,5,7,5,2,0,0
0x490dbd,66.6667%,2,4,6,4,2,0,0
0xa96564,50%,2,2,4,0,0,2,2
0x8dcba2,99.8774%,2,1629,1631,1629,2,0,0
0x9edcfb,96.875%,2,62,64,0,0,2,62
0x8dbd9d,98.9247%,2,184,186,184,2,0,0
0x60c618,33.3333%,2,1,3,1,2,0,0
0x5b4a31,0%,2,0,2,0,0,2,0
0x5b1645,80%,2,8,10,8,2,0,0
0x9e1160,0%,2,0,2,0,0,2,0
0x95976e,96.1538%,2,50,52,50,2,0,0
0x534999,77.7778%,2,7,9,0,0,2,7
0xab1bde,50%,2,2,4,2,2,0,0
0x4b5f65,75%,2,6,8,2,2,0,4
0x780884,88.8889%,2,16,18,16,2,0,0
0xa7224e,71.4286%,2,5,7,0,0,2,5
0x60e124,96.9697%,2,64,66,64,2,0,0
0x5f0ab1,33.3333%,2,1,3,0,0,2,1
0x40e673,94.8718%,2,37,39,37,2,0,0
0xa53828,71.4286%,2,5,7,5,2,0,0
0x9e2cab,84.6154%,2,11,13,0,0,2,11
0x8dce5d,0%,2,0,2,0,2,0,0
0x5a0774,0%,2,0,2,0,2,0,0
0x49fb23,60%,2,3,5,0,0,2,3
0x9f40dd,33.3333%,2,1,3,0,0,2,1
0x9178f6,99.7059%,2,678,680,0,0,2,678
0xa26244,98.1481%,2,106,108,106,2,0,0
0x7f0ca7,97.3333%,2,73,75,0,0,2,73
0x533c92,33.3333%,2,1,3,0,0,2,1
0x6487c9,96.4286%,2,54,56,54,2,0,0
0x5f2007,93.9394%,2,31,33,0,0,2,31
0x49eb14,91.3043%,2,21,23,0,0,2,21
0x99dc68,86.6667%,2,13,15,0,0,2,13
0x7879af,0%,2,0,2,0,0,2,0
0x9d6822,0%,2,0,2,0,0,2,0
0xa31b55,99.061%,2,211,213,0,0,2,211
0xa263f9,98.1481%,2,106,108,106,2,0,0
0x9f4b16,88.8889%,2,16,18,0,0,2,16
0x94cff4,95.7447%,2,45,47,45,2,0,0
0x4928c7,0%,2,0,2,0,1,1,0
0xa50d8f,50%,2,2,4,0,0,2,2
0x65c6ae,50%,2,2,4,0,0,2,2
0xa01abf,0%,2,0,2,0,2,0,0
0x494a4f,0%,2,0,2,0,0,2,0
0x8aea29,99.0783%,2,215,217,0,0,2,215
0x90dd33,93.3333%,2,28,30,28,2,0,0
0x7f0025,89.4737%,2,17,19,1,0,2,16
0x951022,98.0952%,2,103,105,0,1,1,103
0x49e552,98.7578%,2,159,161,0,0,2,159
0x821294,0%,2,0,2,0,0,2,0
0x9bcaf2,0%,2,0,2,0,2,0,0
0xa369d0,87.5%,2,14,16,14,2,0,0
0x97a464,88.8889%,2,16,18,0,0,2,16
0x77fde3,99.5781%,2,472,474,472,2,0,0
0x667463,95.5556%,2,43,45,0,0,2,43
0x4a7aa7,99.6117%,2,513,515,0,0,2,513
0x5f26fd,0%,2,0,2,0,2,0,0
0xad4566,60%,2,3,5,0,0,2,3
0x50d0bc,0%,2,0,2,0,0,2,0
0x4be79b,77.7778%,2,7,9,0,0,2,7
0x50c401,99.2337%,2,259,261,259,2,0,0
0x7dfcab,75%,2,6,8,0,0,2,6
0x8f5044,83.3333%,2,10,12,0,0,2,10
0x8a5fa3,0%,2,0,2,0,2,0,0
0x5efac1,33.3333%,2,1,3,1,1,1,0
0x95b50a,50%,2,2,4,0,0,2,2
0x90b369,99.7919%,2,959,961,959,2,0,0
0x49c8e0,96.0784%,2,49,51,1,1,1,48
0x48eed4,75%,2,6,8,0,0,2,6
0x815c85,95.122%,2,39,41,39,2,0,0
0xacfae1,90.4762%,2,19,21,0,0,2,19
0x7eeb87,0%,2,0,2,0,0,2,0
0x9e16c5,0%,2,0,2,0,0,2,0
0x5f0795,0%,2,0,2,0,2,0,0
0x4ad36a,90%,2,18,20,0,0,2,18
0x4ad3d8,90%,2,18,20,18,2,0,0
0x7b88e7,87.5%,2,14,16,13,1,1,1
0x487a00,0%,2,0,2,0,0,2,0
0x4ad3eb,90%,2,18,20,0,0,2,18
0x598fbf,99.3103%,2,288,290,0,0,2,288
0x4879a4,66.6667%,2,4,6,1,1,1,3
0x901c99,99.1453%,2,232,234,0,0,2,232
0x8a993b,75%,2,6,8,6,2,0,0
0x8ec9a8,50%,2,2,4,0,0,2,2
0x51b5ec,60%,2,3,5,0,0,2,3
0x48799d,66.6667%,2,4,6,0,0,2,4
0x81ef63,50%,2,2,4,2,2,0,0
0x6402dd,99.929%,2,2816,2818,0,0,2,2816
0x94b862,99.6429%,2,558,560,558,2,0,0
0x9f46fb,99.4269%,2,347,349,0,0,2,347
0x40e409,50%,2,2,4,2,2,0,0
0x4ae883,90%,2,18,20,0,0,2,18
0x5f0883,99.3243%,2,294,296,0,0,2,294
0x5f3d56,50%,2,2,4,2,2,0,0
0x5f3dc1,50%,2,2,4,1,1,1,1
0x5bce3b,99.7925%,2,962,964,962,2,0,0
0xa4a000,66.6667%,2,4,6,0,0,2,4
0x97bae9,98.2456%,2,112,114,112,2,0,0
0xa51153,50%,2,2,4,2,2,0,0
0x6715f0,0%,2,0,2,0,2,0,0
0x9f6b40,95.4545%,2,42,44,42,2,0,0
0x8f35d4,92.3077%,2,24,26,0,0,2,24
0x554e1f,98.5915%,2,140,142,0,0,2,140
0x50ffa9,98.8571%,2,173,175,173,2,0,0
0x556391,33.3333%,2,1,3,1,2,0,0
0x7efd14,97.2222%,2,70,72,0,0,2,70
0x9735dc,77.7778%,2,7,9,0,0,2,7
0x7efcf1,0%,2,0,2,0,0,2,0
0x50fbaa,80%,2,8,10,0,0,2,8
0xa237ad,0%,2,0,2,0,0,2,0
0x95a12d,50%,2,2,4,2,2,0,0
0x493e17,91.6667%,2,22,24,22,0,2,0
0x5cbee5,88.2353%,2,15,17,15,2,0,0
0x9750bb,75%,2,6,8,0,0,2,6
0x60c5dd,60%,2,3,5,3,2,0,0
0x9a18d3,90.4762%,2,19,21,0,0,2,19
0x4ca6fd,0%,2,0,2,0,2,0,0
0x4871f5,0%,2,0,2,0,0,2,0
0xa97e7a,0%,2,0,2,0,2,0,0
0x8a34fd,0%,2,0,2,0,0,2,0
0x4ba5de,0%,2,0,2,0,2,0,0
0xa01c58,33.3333%,2,1,3,0,0,2,1
0x63f485,99%,2,198,200,198,0,2,0
0x96e4fe,0%,2,0,2,0,2,0,0
0x998887,0%,2,0,2,0,1,1,0
0x9f8352,0%,2,0,2,0,0,2,0
0x4a7d2c,99.2701%,2,272,274,272,1,1,0
0x9f63e7,33.3333%,2,1,3,1,1,1,0
0x48c7ed,0%,2,0,2,0,2,0,0
0xb303c9,60%,2,3,5,3,2,0,0
0x8a5ae4,0%,2,0,2,0,0,2,0
0xa6c1c2,50%,2,2,4,2,2,0,0
0xa6bdd9,50%,2,2,4,0,0,2,2
0x512a2c,98.6667%,2,148,150,148,2,0,0
0xaaaed0,50%,2,2,4,2,2,0,0
0x915bd2,0%,2,0,2,0,0,2,0
0xaa7d2b,80%,2,8,10,8,2,0,0
0xa69f6b,50%,2,2,4,0,0,2,2
0xa69f1e,50%,2,2,4,2,2,0,0
0x8ad70d,0%,2,0,2,0,0,2,0
0xa9ef42,0%,2,0,2,0,2,0,0
0xa4a91b,0%,2,0,2,0,0,2,0
0x9aa3f8,86.6667%,2,13,15,13,2,0,0
0x8ad5ff,0%,2,0,2,0,0,2,0
0x67e49d,96.4286%,2,54,56,54,2,0,0
0x906c06,98.9796%,2,194,196,194,2,0,0
0x49c1c5,97.8947%,2,93,95,0,0,2,93
0x9988e0,33.3333%,2,1,3,0,1,1,1
0x783dfb,81.8182%,2,9,11,0,0,2,9
0x9f3408,50%,2,2,4,0,2,0,2
0x670a19,89.4737%,2,17,19,0,0,2,17
0x812014,50%,2,2,4,2,0,2,0
0x804dff,0%,2,0,2,0,0,2,0
0x8e9949,75%,2,6,8,0,2,0,6
0x78c056,0%,2,0,2,0,2,0,0
0x78e0ac,50%,2,2,4,2,0,2,0
0x482eb7,89.4737%,2,17,19,0,0,2,17
0x969840,96.9231%,2,63,65,63,2,0,0
0x94b74a,93.75%,2,30,32,0,0,2,30
0x94cc74,93.75%,2,30,32,0,0,2,30
0x94529a,99.115%,2,224,226,0,0,2,224
0x59c61a,77.7778%,2,7,9,3,0,2,4
0x4b3869,90%,2,18,20,0,0,2,18
0x8a6cab,0%,2,0,2,0,2,0,0
0x593564,0%,2,0,2,0,0,2,0
0xb18147,99.6409%,2,555,557,0,0,2,555
0x59fd04,0%,2,0,2,0,0,2,0
0x5f1428,95%,2,38,40,0,0,2,38
0xa961d8,0%,2,0,2,0,0,2,0
0x59efe7,75%,2,6,8,2,2,0,4
0x78a39a,33.3333%,2,1,3,0,0,2,1
0x9f9562,92%,2,23,25,16,1,1,7
0x4ca06d,75%,2,6,8,0,0,2,6
0xa543e8,98.1308%,2,105,107,0,0,2,105
0x5be0b4,97.4359%,2,76,78,0,0,2,76
0x977c0a,99.8791%,2,1652,1654,0,0,2,1652
0x9f9953,92%,2,23,25,0,0,2,23
0x9ecd88,80%,2,8,10,8,2,0,0
0x8e251f,98.1818%,2,108,110,0,2,0,108
0x6499db,50%,2,2,4,1,1,1,1
0x900b23,99.4048%,2,334,336,334,2,0,0
0x60dff3,77.7778%,2,7,9,0,0,2,7
0x8c8bca,97.0149%,2,65,67,65,2,0,0
0x492aeb,0%,2,0,2,0,2,0,0
0xa72427,50%,2,2,4,2,2,0,0
0x9810c4,96.8254%,2,61,63,0,0,2,61
0x49ff5a,99.6672%,2,599,601,599,2,0,0
0x51b86c,99.7917%,2,958,960,958,2,0,0
0x9f5b38,83.3333%,2,10,12,10,2,0,0
0xa502ed,87.5%,2,14,16,10,2,0,4
0xa93e0b,83.3333%,2,10,12,10,2,0,0
0x9a345c,92.3077%,2,24,26,24,2,0,0
0x9f71ba,85.7143%,2,12,14,12,2,0,0
0x5f89a5,75%,2,6,8,0,0,2,6
0xa36cbf,50%,2,2,4,2,1,1,0
0xa34b66,97.3333%,2,73,75,73,2,0,0
0x99a094,60%,2,3,5,3,2,0,0
0x9f3c34,88.2353%,2,15,17,0,0,2,15
0x4913e3,0%,2,0,2,0,2,0,0
0x95a93b,50%,2,2,4,0,0,2,2
0x48e455,98.6755%,2,149,151,149,2,0,0
0x5f3a27,71.4286%,2,5,7,5,2,0,0
0x441b14,81.8182%,2,9,11,9,2,0,0
0xa4eeeb,90.9091%,2,20,22,0,0,2,20
0xa4dc3e,94.7368%,2,36,38,36,2,0,0
0xa5f7a1,99.6269%,2,534,536,534,2,0,0
0x49e4c6,98.7578%,2,159,161,159,2,0,0
0x7f03c8,89.4737%,2,17,19,0,0,2,17
0x8bdd06,66.6667%,2,4,6,4,1,1,0
0x6096c5,97.5904%,2,81,83,0,0,2,81
0x4c92e2,87.5%,2,14,16,0,0,2,14
0x5c5727,91.3043%,2,21,23,14,1,1,7
0x6673d3,95%,2,38,40,0,0,2,38
0x533cdc,96.6667%,2,58,60,0,0,2,58
0x9f324a,98.7097%,2,153,155,0,0,2,153
0x6673ca,95%,2,38,40,0,0,2,38
0x5f18a3,71.4286%,2,5,7,0,2,0,5
0xa58ba6,84.6154%,2,11,13,0,0,2,11
0x9f3cb4,71.4286%,2,5,7,5,2,0,0
0x5f18f7,0%,2,0,2,0,2,0,0
0xaaaefa,83.3333%,2,10,12,10,2,0,0
0x9f47e5,75%,2,6,8,3,1,1,3
0xa6b372,50%,2,2,4,2,2,0,0
0x8ad77e,0%,2,0,2,0,0,2,0
0x60a700,99.8835%,2,1715,1717,0,0,2,1715
0xa963a8,0%,2,0,2,0,0,2,0
0x9f4d37,77.7778%,2,7,9,7,2,0,0
0x5c4beb,99.8907%,2,1827,1829,0,0,2,1827
0x49ebdd,98.7578%,2,159,161,0,0,2,159
0x7efc1a,0%,2,0,2,0,2,0,0
0x7efb99,0%,2,0,2,0,0,2,0
0x5eef82,88.8889%,2,16,18,0,0,2,16
0x815ddc,66.6667%,2,4,6,3,2,0,1
0x5af7cc,95.4545%,2,42,44,42,2,0,0
0x482155,89.4737%,2,17,19,17,2,0,0
0x99e69b,84.6154%,2,11,13,0,0,2,11
0x409acd,98.6928%,2,151,153,0,2,0,151
0x7efa35,0%,2,0,2,0,0,2,0
0xa6b270,50%,2,2,4,2,2,0,0
0x5efb8c,83.3333%,2,10,12,0,0,2,10
0x67b59e,99.8885%,2,1792,1794,1792,2,0,0
0x80db3c,99.0909%,2,218,220,0,0,2,218
0x6471e4,90.4762%,2,19,21,0,0,2,19
0xa238e8,98.1818%,2,108,110,0,0,2,108
0xa4cf6d,75%,2,6,8,0,0,2,6
0xa558fc,0%,2,0,2,0,0,2,0
0xa558d8,50%,2,2,4,2,0,2,0
0xa55890,50%,2,2,4,0,0,2,2
0xa55b27,66.6667%,2,4,6,0,0,2,4
0x5eed86,0%,2,0,2,0,2,0,0
0x8ad62f,0%,2,0,2,0,0,2,0
0x8bd485,99.997%,2,67637,67639,67637,2,0,0
0x48aa62,99.9631%,2,5417,5419,0,0,2,5417
0x80b89b,99.0385%,2,206,208,206,2,0,0
0x80b90b,99.0385%,2,206,208,206,0,2,0
0x9a6fd9,77.7778%,2,7,9,0,0,2,7
0xa55151,75%,2,6,8,0,0,2,6
0xa55227,75%,2,6,8,4,0,2,2
0xa4f84b,0%,2,0,2,0,2,0,0
0x64abdf,75%,2,6,8,0,0,2,6
0x780713,96.2963%,2,52,54,52,2,0,0
0x670d05,0%,2,0,2,0,0,2,0
0x8e91a4,0%,2,0,2,0,0,2,0
0x8a60a6,99.0741%,2,214,216,0,0,2,214
0x6410ff,0%,2,0,2,0,0,2,0
0x9439b8,0%,2,0,2,0,0,2,0
0x590c50,90.9091%,2,20,22,0,2,0,20
0x9f0655,80%,2,8,10,0,2,0,8
0xa46e14,88.8889%,2,16,18,0,0,2,16
0xaa0171,33.3333%,2,1,3,0,0,2,1
0x550915,90.4762%,2,19,21,0,0,2,19
0x5b6b03,60%,2,3,5,3,2,0,0
0x96ad7f,71.4286%,2,5,7,0,0,2,5
0x817d99,94.4444%,2,34,36,0,0,2,34
0x80a583,99.3884%,2,325,327,325,2,0,0
0x7cf69d,75%,2,6,8,6,2,0,0
0x9f221c,80%,2,8,10,8,0,2,0
0x81cda0,98.8701%,2,175,177,175,2,0,0
0x5c4d05,98.8439%,2,171,173,2,2,0,169
0xa09747,66.6667%,2,4,6,0,1,1,4
0x8ee151,75%,2,6,8,0,0,2,6
0xa1a15a,60%,2,3,5,0,0,2,3
0x8050dd,86.6667%,2,13,15,13,2,0,0
0x5b2b94,0%,2,0,2,0,2,0,0
0xaa5ced,80%,2,8,10,8,2,0,0
0x4bb737,60%,2,3,5,1,2,0,2
0x81218a,50%,2,2,4,2,0,2,0
0xa4b672,90%,2,18,20,0,0,2,18
0x4a9d16,91.3043%,2,21,23,0,0,2,21
0x9f0da5,99.5215%,2,416,418,0,0,2,416
0xa56844,83.3333%,2,10,12,5,1,1,5
0x610f72,0%,2,0,2,0,0,2,0
0x6471a9,90.4762%,2,19,21,19,2,0,0
0x7e8194,77.7778%,2,7,9,0,2,0,7
0xa55a90,0%,2,0,2,0,2,0,0
0xa55a74,0%,2,0,2,0,2,0,0
0x65c0e5,99.5575%,2,450,452,450,2,0,0
0x4b4acf,0%,2,0,2,0,0,2,0
0x9f07c0,50%,2,2,4,0,2,0,2
0x9f078e,71.4286%,2,5,7,1,1,1,4
0x903f5a,77.7778%,2,7,9,7,2,0,0
0x4a037d,95.4545%,2,42,44,15,1,1,27
0x8d402a,84.6154%,2,11,13,0,0,2,11
0x40b47c,0%,2,0,2,0,2,0,0
0xa54001,90.9091%,2,20,22,0,0,2,20
0x7e053c,77.7778%,2,7,9,0,0,2,7
0x911217,97.3684%,2,74,76,0,0,2,74
0xa4f93d,87.5%,2,14,16,0,0,2,14
0x8ada56,0%,2,0,2,0,2,0,0
0xa4f7da,87.5%,2,14,16,14,2,0,0
0x8f5842,97.8022%,2,89,91,0,0,2,89
0x97825b,89.4737%,2,17,19,0,0,2,17
0x80619e,0%,2,0,2,0,0,2,0
0x80fab9,0%,2,0,2,0,2,0,0
0x5f2b26,0%,2,0,2,0,0,2,0
0x9a67ba,77.7778%,2,7,9,7,0,2,0
0x977bb8,71.4286%,2,5,7,5,2,0,0
0x5f0a8a,33.3333%,2,1,3,0,0,2,1
0x50f149,0%,2,0,2,0,0,2,0
0x94ac9f,96.4286%,2,54,56,0,0,2,54
0x70e950,0%,2,0,2,0,0,2,0
0x5d463a,88.8889%,2,16,18,2,2,0,14
0x9bdc69,96.3636%,2,53,55,0,0,2,53
0x9c3f8d,99.5708%,2,464,466,464,2,0,0
0x80ab18,0%,2,0,2,0,2,0,0
0x4b0d0c,0%,2,0,2,0,2,0,0
0x4aabe2,95.122%,2,39,41,0,0,2,39
0x8dcbd3,99.913%,2,2297,2299,2297,2,0,0
0x809121,60%,2,3,5,3,2,0,0
0xa54534,0%,2,0,2,0,0,2,0
0x8dc3fa,50%,2,2,4,0,0,2,2
0xa5452b,0%,2,0,2,0,0,2,0
0xa533c0,50%,2,2,4,2,2,0,0
0x4a8583,90.9091%,2,20,22,0,0,2,20
0x492815,0%,2,0,2,0,1,1,0
0x649ce8,0%,2,0,2,0,0,2,0
0x80b856,94.1176%,2,32,34,32,2,0,0
0x485823,83.3333%,2,10,12,0,0,2,10
0x951e79,66.6667%,2,4,6,4,2,0,0
0x5f27ff,60%,2,3,5,3,2,0,0
0x4096d8,96.5517%,2,56,58,56,2,0,0
0x404112,99.5789%,2,473,475,0,0,2,473
0xa369fb,33.3333%,2,1,3,0,0,2,1
0x7e0496,81.8182%,2,9,11,9,2,0,0
0xa4d6e9,94.4444%,2,34,36,34,2,0,0
0xa6cc50,91.3043%,2,21,23,21,2,0,0
0x508084,99.4898%,2,390,392,0,0,2,390
0x556218,33.3333%,2,1,3,0,0,2,1
0xaa9f36,92.5926%,2,25,27,0,0,2,25
0xa53736,75%,2,6,8,0,0,2,6
0x9e14b7,93.1034%,2,27,29,27,2,0,0
0xa5364a,75%,2,6,8,0,0,2,6
0x822456,98.9247%,2,184,186,184,2,0,0
0x9bd2c2,97.0149%,2,65,67,65,2,0,0
0x7d3780,97.0149%,2,65,67,26,1,1,39
0x977b7c,71.4286%,2,5,7,0,0,2,5
0xaadd96,0%,2,0,2,0,2,0,0
0xa46dbb,96.6667%,2,58,60,58,2,0,0
0xa21d5c,0%,2,0,2,0,1,1,0
0x803847,0%,2,0,2,0,2,0,0
0x4be5f0,71.4286%,2,5,7,5,2,0,0
0x4ca46d,99.7875%,2,939,941,0,0,2,939
0x943b10,77.7778%,2,7,9,0,2,0,7
0x7be092,50%,2,2,4,0,0,2,2
0x8ed3b7,99.9486%,2,3888,3890,3888,2,0,0
0x8a5dd5,99.3631%,2,312,314,312,2,0,0
0x590a19,0%,2,0,2,0,0,2,0
0x54db4e,94.8718%,2,37,39,0,0,2,37
0x80aec2,94.1176%,2,32,34,30,2,0,2
0x4a59cf,87.5%,2,14,16,10,2,0,4
0x50b77a,99.6409%,2,555,557,0,0,2,555
0x4992ac,88.2353%,2,15,17,0,0,2,15
0x4a64db,80%,2,8,10,0,0,2,8
0x97ab1d,88.8889%,2,16,18,0,0,2,16
0x95aec8,91.3043%,2,21,23,0,0,2,21
0x8aacc9,90.9091%,2,20,22,0,0,2,20
0x64a88a,93.75%,2,30,32,30,2,0,0
0x9e630e,89.4737%,2,17,19,0,1,1,17
0x810b87,87.5%,2,14,16,0,0,2,14
0x58c0d6,80%,2,8,10,0,0,2,8
0x804b72,0%,2,0,2,0,0,2,0
0x5b1bfa,0%,2,0,2,0,0,2,0
0x95ae4f,91.3043%,2,21,23,0,0,2,21
0xa32723,93.1034%,2,27,29,0,0,2,27
0x58db5b,71.4286%,2,5,7,4,0,2,1
0x48f08c,93.9394%,2,31,33,31,2,0,0
0x697973,96.4286%,2,54,56,0,0,2,54
0x49cd89,60%,2,3,5,0,0,2,3
0x8a9ed8,99.5708%,2,464,466,0,0,2,464
0x9e21c5,0%,2,0,2,0,2,0,0
0x99d365,77.7778%,2,7,9,0,0,2,7
0xa45f97,88.8889%,2,16,18,0,0,2,16
0x90198b,89.4737%,2,17,19,17,2,0,0
0x9e02da,91.6667%,2,22,24,0,0,2,22
0x780893,33.3333%,2,1,3,1,0,2,0
0xa494d1,33.3333%,2,1,3,1,2,0,0
0x901a60,93.1034%,2,27,29,27,2,0,0
0xa4ca47,50%,2,2,4,0,0,2,2
0x8a8827,85.7143%,2,12,14,0,2,0,12
0xa042da,0%,2,0,2,0,0,2,0
0x9a1b97,90.4762%,2,19,21,19,2,0,0
0x58dbb8,71.4286%,2,5,7,5,1,1,0
0x48c438,0%,2,0,2,0,2,0,0
0x9d1c2a,33.3333%,2,1,3,1,1,1,0
0xa04223,0%,2,0,2,0,0,2,0
0x9e1a91,80%,2,8,10,1,1,1,7
0x4048a0,99.2%,2,248,250,219,2,0,29
0xa28a30,87.5%,2,14,16,14,2,0,0
0x789f33,75%,2,6,8,0,0,2,6
0x40a44a,0%,2,0,2,0,0,2,0
0x5f3e0f,50%,2,2,4,0,0,2,2
0xa285df,77.7778%,2,7,9,0,0,2,7
0x7c5fd1,85.7143%,2,12,14,12,0,2,0
0x9497ae,97.4684%,2,77,79,0,0,2,77
0x8a77e7,99.6161%,2,519,521,0,0,2,519
0x507415,96%,2,48,50,0,0,2,48
0x9a1e1e,98.4127%,2,124,126,0,0,2,124
0x441917,81.8182%,2,9,11,0,0,2,9
0x4094ed,0%,2,0,2,0,2,0,0
0x44190e,81.8182%,2,9,11,0,0,2,9
0x5bc630,98.3193%,2,117,119,117,2,0,0
0x5f38ff,33.3333%,2,1,3,0,0,2,1
0x9ff228,0%,2,0,2,0,0,2,0
0x9f68c4,99.3174%,2,291,293,291,2,0,0
0x4414b7,96.4912%,2,55,57,0,0,2,55
0x44182e,81.8182%,2,9,11,0,0,2,9
0x8a75fb,99.773%,2,879,881,0,1,1,879
0x4417ce,81.8182%,2,9,11,0,0,2,9
0x441797,81.8182%,2,9,11,0,0,2,9
0x5f390b,33.3333%,2,1,3,1,2,0,0
0x554fc4,33.3333%,2,1,3,1,2,0,0
0x81d3ea,98.9011%,2,180,182,0,0,2,180
0x40424e,99.5789%,2,473,475,0,0,2,473
0x8160c6,98.0769%,2,102,104,0,0,2,102
0x50d0d3,97.561%,2,80,82,0,0,2,80
0x61082c,84.6154%,2,11,13,0,0,2,11
0x821009,93.75%,2,30,32,0,0,2,30
0x80ba81,50%,2,2,4,1,1,1,1
0x8f2e47,99.4065%,2,335,337,0,0,2,335
0x63f442,99%,2,198,200,0,0,2,198
0x48dfde,92.5926%,2,25,27,0,2,0,25
0x7e1cc7,0%,2,0,2,0,2,0,0
0x68b075,50%,2,2,4,2,2,0,0
0x4878e4,0%,2,0,2,0,0,2,0
0x5f4106,71.4286%,2,5,7,5,2,0,0
0x96e398,0%,2,0,2,0,1,1,0
0xa5027f,50%,2,2,4,0,0,2,2
0x95b577,81.8182%,2,9,11,9,2,0,0
0x962ef3,0%,2,0,2,0,2,0,0
0xa63ce2,0%,2,0,2,0,0,2,0
0x5f4234,71.4286%,2,5,7,5,2,0,0
0x5f30e0,66.6667%,2,4,6,4,2,0,0
0x8f1b92,98.5075%,2,132,134,0,0,2,132
0xa238b3,96.7742%,2,60,62,0,0,2,60
0x4ab52a,94.1176%,2,32,34,26,2,0,6
0x80af42,94.2857%,2,33,35,33,2,0,0
0x441cdf,81.8182%,2,9,11,9,2,0,0
0x90867d,99.8759%,2,1609,1611,1609,2,0,0
0x502549,99.8264%,2,1150,1152,0,0,2,1150
0x809537,50%,2,2,4,2,0,2,0
0x8a6eeb,99.2565%,2,267,269,267,2,0,0
0x63aa66,99%,2,198,200,0,0,2,198
0x65a02c,98.6842%,2,150,152,150,2,0,0
0x4ca696,0%,2,0,2,0,0,2,0
0x58c367,60%,2,3,5,0,1,1,3
0x5b52fe,0%,2,0,2,0,2,0,0
0x441c4c,81.8182%,2,9,11,9,2,0,0
0x441b86,81.8182%,2,9,11,9,2,0,0
0x4c83b3,33.3333%,2,1,3,0,0,2,1
0x58d166,97.2222%,2,70,72,70,0,2,0
0x97770d,99.7732%,2,880,882,880,2,0,0
0xa16033,83.3333%,2,10,12,0,0,2,10
0x9f5bbe,50%,2,2,4,0,0,2,2
0x8e2f95,99.0431%,2,207,209,207,2,0,0
0x99d38b,77.7778%,2,7,9,0,0,2,7
0x9eb1f7,0%,2,0,2,0,2,0,0
0x555b0e,33.3333%,2,1,3,1,2,0,0
0xa535ce,75%,2,6,8,6,2,0,0
0x7b821f,87.5%,2,14,16,0,2,0,14
0x9a4860,83.3333%,2,10,12,0,1,1,10
0x809f19,0%,2,0,2,0,2,0,0
0xa15d07,75%,2,6,8,0,0,2,6
0xa180c6,87.5%,2,14,16,7,1,1,7
0x40a12f,84.6154%,2,11,13,0,0,2,11
0x610f00,0%,2,0,2,0,0,2,0
0xa4a8cb,0%,2,0,2,0,2,0,0
0x481db9,89.4737%,2,17,19,17,2,0,0
0xa4a83b,0%,2,0,2,0,0,2,0
0xa4a3a2,80%,2,8,10,0,0,2,8
0xacdceb,0%,2,0,2,0,2,0,0
0x555fc9,33.3333%,2,1,3,0,0,2,1
0x9a18f0,90.4762%,2,19,21,0,1,1,19
0x50321d,0%,2,0,2,0,0,2,0
0x540800,75%,2,6,8,0,0,2,6
0x48770b,85.7143%,2,12,14,2,0,2,10
0xa1d6da,94.1176%,2,32,34,30,2,0,2
0x7d29c8,66.6667%,2,4,6,0,1,1,4
0x490147,80%,2,8,10,8,2,0,0
0x40af58,0%,2,0,2,0,2,0,0
0xa031c8,50%,2,2,4,1,2,0,1
0x6977c2,96.4286%,2,54,56,54,2,0,0
0x918cd3,99%,2,198,200,198,2,0,0
0x4a657d,98.6207%,2,143,145,143,2,0,0
0xa1d71f,66.6667%,2,4,6,0,2,0,4
0x62792b,99.8051%,2,1024,1026,1024,2,0,0
0x4c00e6,0%,2,0,2,0,2,0,0
0x8da8bb,66.6667%,2,4,6,4,2,0,0
0x4a6474,33.3333%,2,1,3,1,0,2,0
0x6804f6,99.9563%,2,4573,4575,0,0,2,4573
0x53b2f5,0%,2,0,2,0,0,2,0
0xa21021,66.6667%,2,4,6,1,1,1,3
0xa15b23,0%,2,0,2,0,2,0,0
0x4c4741,60%,2,3,5,3,0,2,0
0x4a5c4a,66.6667%,2,4,6,0,0,2,4
0x787c36,99.7719%,2,875,877,0,0,2,875
0x4b9c5f,0%,2,0,2,0,2,0,0
0x4051b4,99.972%,2,7150,7152,0,0,2,7150
0x49d118,0%,2,0,2,0,2,0,0
0xa042cf,33.3333%,2,1,3,1,0,2,0
0xa60c07,60%,2,3,5,3,2,0,0
0x983f26,75%,2,6,8,0,0,2,6
0xa03ae4,98.3193%,2,117,119,117,2,0,0
0xa9801b,86.6667%,2,13,15,13,2,0,0
0xa60be4,60%,2,3,5,3,2,0,0
0xa99ab3,86.6667%,2,13,15,13,2,0,0
0x9c37b4,90%,2,18,20,18,2,0,0
0xa5740e,33.3333%,2,1,3,1,2,0,0
0x8ffdf0,75%,2,6,8,0,2,0,6
0x8fd2dd,0%,2,0,2,0,2,0,0
0x4c4dbf,81.8182%,2,9,11,9,2,0,0
0x8fd2d8,75%,2,6,8,4,2,0,2
0x5068b0,98.5294%,2,134,136,0,0,2,134
0x81936d,97.0588%,2,66,68,33,1,1,33
0x8bd80a,90%,2,18,20,12,0,2,6
0x492d99,0%,2,0,2,0,0,2,0
0x50b5ff,50%,2,2,4,0,0,2,2
0x5f4c81,0%,2,0,2,0,0,2,0
0xa6b8e1,50%,2,2,4,0,0,2,2
0x48a9f2,99.7755%,2,889,891,889,2,0,0
0x4b849a,81.8182%,2,9,11,9,0,2,0
0x4b55a3,66.6667%,2,4,6,4,0,2,0
0x609c49,99.6737%,2,611,613,0,0,2,611
0x972ede,66.6667%,2,4,6,4,2,0,0
0xa57522,95.122%,2,39,41,39,2,0,0
0xa4d1a8,50%,2,2,4,2,2,0,0
0x816222,95.5556%,2,43,45,42,1,1,1
0x6228cc,80%,2,8,10,0,0,2,8
0x59f9c9,50%,2,2,4,2,2,0,0
0xa36dbc,80%,2,8,10,8,2,0,0
0x8061c4,0%,2,0,2,0,2,0,0
0x55761e,0%,2,0,2,0,2,0,0
0xa35530,83.3333%,2,10,12,0,0,2,10
0xa31b78,92%,2,23,25,23,2,0,0
0xa36a19,33.3333%,2,1,3,0,0,2,1
0x78d234,0%,2,0,2,0,0,2,0
0x8bcc1c,92.3077%,2,24,26,0,0,2,24
0x608ca3,99%,2,198,200,0,0,2,198
0x40d91c,99.9163%,2,2388,2390,2388,2,0,0
0xa0395e,97.3684%,2,74,76,74,2,0,0
0x5f9dde,0%,2,0,2,0,2,0,0
0xa3290c,0%,2,0,2,0,0,2,0
0xa32692,0%,2,0,2,0,0,2,0
0x8a5e9b,98.5612%,2,137,139,0,0,2,137
0x54d092,33.3333%,2,1,3,0,0,2,1
0x61a39d,60%,2,3,5,0,0,2,3
0x863162,0%,2,0,2,0,2,0,0
0x80c4e2,60%,2,3,5,3,2,0,0
0x8ef3c9,95.8333%,2,46,48,0,0,2,46
0x5a8829,0%,2,0,2,0,0,2,0
0x4bf02a,84.6154%,2,11,13,0,0,2,11
0x60c510,80%,2,8,10,8,2,0,0
0x692449,80%,2,8,10,8,2,0,0
0x5916b2,33.3333%,2,1,3,1,2,0,0
0x5f5013,0%,2,0,2,0,2,0,0
0x9730b8,92.5926%,2,25,27,0,2,0,25
0x5f600d,0%,2,0,2,0,0,2,0
0xa4d367,92.8571%,2,26,28,0,0,2,26
0xa52f47,98.9583%,2,190,192,0,0,2,190
0x5be7d8,0%,2,0,2,0,0,2,0
0x5f6025,0%,2,0,2,0,2,0,0
0xa55a33,0%,2,0,2,0,0,2,0
0x9a0bbd,92.8571%,2,26,28,0,0,2,26
0xaa8165,60%,2,3,5,3,2,0,0
0x9ea6ec,98.9474%,2,188,190,0,0,2,188
0x99af0d,99.0385%,2,206,208,206,2,0,0
0xa077af,0%,2,0,2,0,0,2,0
0x9a8995,96.7742%,2,60,62,60,2,0,0
0xb183b9,99.801%,2,1003,1005,0,0,2,1003
0x5465b4,75%,2,6,8,0,0,2,6
0xa073cc,50%,2,2,4,0,2,0,2
0x4aad84,93.3333%,2,28,30,0,0,2,28
0x612845,97.1429%,2,68,70,0,0,2,68
0xa0799e,71.4286%,2,5,7,5,2,0,0
0x70e909,0%,2,0,2,0,2,0,0
0xa07977,66.6667%,2,4,6,3,2,0,1
0x81a55a,99.6835%,2,630,632,630,2,0,0
0x7bccef,0%,2,0,2,0,2,0,0
0x70e8fc,0%,2,0,2,0,0,2,0
0xa0689c,0%,2,0,2,0,2,0,0
0x58da4e,99.0431%,2,207,209,0,0,2,207
0xa08070,50%,2,2,4,0,0,2,2
0xa0800f,50%,2,2,4,1,1,1,1
0x548a1d,66.6667%,2,4,6,0,0,2,4
0x7bad32,0%,2,0,2,0,2,0,0
0x9eaacd,0%,2,0,2,0,2,0,0
0x5b4a0a,0%,2,0,2,0,0,2,0
0xa53581,75%,2,6,8,0,0,2,6
0x548ad3,75%,2,6,8,3,1,1,3
0x54c660,33.3333%,2,1,3,1,2,0,0
0x9ead83,98.1651%,2,107,109,107,2,0,0
0x7b8649,0%,2,0,2,0,2,0,0
0x540c3c,99.3174%,2,291,293,0,0,2,291
0x99e237,86.6667%,2,13,15,0,2,0,13
0x9a3ab3,0%,2,0,2,0,0,2,0
0x49b1a7,0%,2,0,2,0,0,2,0
0x5f2625,90.4762%,2,19,21,14,1,1,5
0xa5304d,80%,2,8,10,0,2,0,8
0x9c5115,75%,2,6,8,6,2,0,0
0x64862f,96.4286%,2,54,56,54,2,0,0
0x59f9e6,50%,2,2,4,2,0,2,0
0x908e06,99.9532%,2,4272,4274,4272,2,0,0
0x7bccbf,0%,2,0,2,0,0,2,0
0x4c9e95,50%,2,2,4,0,0,2,2
0x8df2a9,75%,2,6,8,0,0,2,6
0x9f7de8,60%,2,3,5,3,2,0,0
0x9ea9c4,89.4737%,2,17,19,0,2,0,17
0x67741f,0%,2,0,2,0,2,0,0
0x99efce,98.0392%,2,100,102,100,2,0,0
0xa2fbe5,99.7054%,2,677,679,0,0,2,677
0x5427ad,98.9637%,2,191,193,0,0,2,191
0xa086df,50%,2,2,4,2,2,0,0
0x9ebeee,96.7213%,2,59,61,0,0,2,59
0x7c76e7,50%,2,2,4,0,0,2,2
0x90227b,83.3333%,2,10,12,10,0,2,0
0x99a9da,98.0392%,2,100,102,100,2,0,0
0xa58c1d,93.1034%,2,27,29,27,2,0,0
0xa06a78,0%,2,0,2,0,2,0,0
0xa06a64,0%,2,0,2,0,0,2,0
0xa06a2f,0%,2,0,2,0,0,2,0
0xa06934,0%,2,0,2,0,2,0,0
0x4c6842,83.3333%,2,10,12,0,0,2,10
0x7ce69b,95.4545%,2,42,44,42,2,0,0
0x9ea2fe,97.2222%,2,70,72,70,2,0,0
0x9ea2a2,0%,2,0,2,0,0,2,0
0xb23063,98.7013%,2,152,154,152,2,0,0
0x9ec147,96.4286%,2,54,56,0,0,2,54
0x49d106,0%,2,0,2,0,1,1,0
0xa92f17,97.7273%,2,86,88,86,2,0,0
0x90b319,98.4733%,2,129,131,129,2,0,0
0x7c7a0c,91.6667%,2,22,24,0,0,2,22
0xa060a9,60%,2,3,5,0,0,2,3
0x8bf128,0%,2,0,2,0,2,0,0
0xa05fdf,90%,2,18,20,0,0,2,18
0x50ad79,98.1982%,2,109,111,0,0,2,109
0x99f64b,98.0392%,2,100,102,0,0,2,100
0xa26bb8,66.6667%,2,4,6,0,2,0,4
0x97384f,95%,2,38,40,0,0,2,38
0x9f6354,33.3333%,2,1,3,1,2,0,0
0x8e0f98,87.5%,2,14,16,0,0,2,14
0x54087b,66.6667%,2,4,6,0,0,2,4
0x4c6639,0%,2,0,2,0,0,2,0
0x8ad5cf,98.5507%,2,136,138,136,2,0,0
0x959138,0%,2,0,2,0,0,2,0
0x49f651,98.5075%,2,132,134,0,0,2,132
0xa44a14,99.6212%,2,526,528,526,2,0,0
0x8ebfc5,0%,2,0,2,0,0,2,0
0x5920c5,50%,2,2,4,0,0,2,2
0x8dae59,0%,2,0,2,0,2,0,0
0x7c6872,0%,2,0,2,0,0,2,0
0xa05d12,0%,2,0,2,0,1,1,0
0xa45415,99.4253%,2,346,348,0,0,2,346
0xa39862,50%,2,2,4,0,0,2,2
0x99e7d7,84.6154%,2,11,13,11,2,0,0
0xa39835,50%,2,2,4,0,0,2,2
0x6472e7,60%,2,3,5,0,0,2,3
0xa2cc40,99.5338%,2,427,429,0,0,2,427
0x5eaf3b,50%,2,2,4,2,2,0,0
0x4b5eea,50%,2,2,4,0,0,2,2
0x9027c4,83.3333%,2,10,12,0,0,2,10
0x60bb59,88.8889%,2,16,18,0,0,2,16
0x65a065,99.2095%,2,251,253,0,0,2,251
0x8c8782,99.5595%,2,452,454,452,2,0,0
0xa07a8a,96.1538%,2,50,52,0,2,0,50
0xa01dfa,66.6667%,2,4,6,0,2,0,4
0x405b52,97.7778%,2,88,90,0,0,2,88
0x973b97,80%,2,8,10,0,0,2,8
0x40a8cf,98.6577%,2,147,149,0,0,2,147
0x9ec11b,96.4286%,2,54,56,54,2,0,0
0xaadc61,99.3846%,2,323,325,323,2,0,0
0xa08e82,95.5556%,2,43,45,0,0,2,43
0xa066cd,95.5556%,2,43,45,0,0,2,43
0x5bda37,75%,2,6,8,2,2,0,4
0x8a6e05,0%,2,0,2,0,2,0,0
0x58d925,66.6667%,2,4,6,4,2,0,0
0xa2fce4,95.3488%,2,41,43,0,0,2,41
0x99e8e4,98.0952%,2,103,105,0,0,2,103
0xa0642a,0%,2,0,2,0,2,0,0
0xa2f9cb,97.4359%,2,76,78,76,2,0,0
0x6815f5,66.6667%,2,4,6,0,0,2,4
0x5a89a9,0%,2,0,2,0,0,2,0
0x9bda33,96.6102%,2,57,59,0,0,2,57
0x5a893d,0%,2,0,2,0,2,0,0
0x5a8881,0%,2,0,2,0,2,0,0
0x9d1c67,33.3333%,2,1,3,0,1,1,1
0x640463,99.7919%,2,959,961,959,2,0,0
0xaae4bf,0%,2,0,2,0,2,0,0
0x96c1c1,98.6207%,2,143,145,0,0,2,143
0x8f5ad1,77.7778%,2,7,9,0,0,2,7
0x49a332,60%,2,3,5,3,2,0,0
0x4add8a,95.6522%,2,44,46,44,2,0,0
0x9a30c0,99.262%,2,269,271,269,1,1,0
0xa2da62,85.7143%,2,12,14,0,0,2,12
0x486e9a,0%,2,0,2,0,0,2,0
0x9c5469,75%,2,6,8,3,1,1,3
0x80eb9f,99.4565%,2,366,368,0,0,2,366
0x486d1e,97.8495%,2,91,93,0,0,2,91
0x494db1,98.7342%,2,156,158,0,0,2,156
0xa34da9,99.2453%,2,263,265,0,0,2,263
0x98cb90,99.115%,2,224,226,224,2,0,0
0x9746e5,89.4737%,2,17,19,0,2,0,17
0x5b9e41,75%,2,6,8,0,2,0,6
0x683147,94.5946%,2,35,37,35,2,0,0
0x5a8743,0%,2,0,2,0,2,0,0
0x487223,97.8495%,2,91,93,0,2,0,91
0x4b5ea5,81.8182%,2,9,11,0,1,1,9
0x9eb7b6,97.4684%,2,77,79,0,0,2,77
0x50595d,97.561%,2,80,82,80,2,0,0
0x8c8cc8,97.0149%,2,65,67,0,0,2,65
0x63f9e3,99.929%,2,2816,2818,0,0,2,2816
0xa58f66,98.3193%,2,117,119,0,0,2,117
0x99aa21,98.0392%,2,100,102,0,0,2,100
0x9a3dc2,92.8571%,2,26,28,26,2,0,0
0x9e7b8d,0%,2,0,2,0,2,0,0
0x59f000,50%,2,2,4,2,0,2,0
0x65a133,99.8633%,2,1461,1463,0,0,2,1461
0x59ec61,75%,2,6,8,2,2,0,4
0x94b3c1,99.6454%,2,562,564,0,2,0,562
0x9be3f0,0%,2,0,2,0,0,2,0
0x59e9fa,50%,2,2,4,2,0,2,0
0x9e408c,50%,2,2,4,0,0,2,2
0x55449f,50%,2,2,4,0,0,2,2
0x81ece1,99.8749%,2,1597,1599,0,0,2,1597
0x5a64b1,0%,2,0,2,0,2,0,0
0x405b27,99.5316%,2,425,427,0,0,2,425
0x8ad525,0%,2,0,2,0,2,0,0
0x5b69e1,50%,2,2,4,2,2,0,0
0x90d052,98.773%,2,161,163,161,2,0,0
0x9aae79,95.6522%,2,44,46,44,1,1,0
0x49002b,80%,2,8,10,0,1,1,8
0xa2f67a,60%,2,3,5,3,2,0,0
0x67b1f7,99.8885%,2,1792,1794,1792,2,0,0
0x486e0d,0%,2,0,2,0,0,2,0
0xa561ec,99.5227%,2,417,419,0,0,2,417
0x4ac860,86.6667%,2,13,15,13,2,0,0
0x8dfa31,75%,2,6,8,0,2,0,6
0x88e118,0%,2,0,2,0,0,2,0
0x8e386e,95.8333%,2,46,48,46,2,0,0
0xa3d81e,75%,2,6,8,0,0,2,6
0x9a31c6,99.0654%,2,212,214,212,2,0,0
0x5904b4,97.1429%,2,68,70,68,0,2,0
0x4b8128,81.8182%,2,9,11,9,2,0,0
0xa3fe98,88.8889%,2,16,18,16,2,0,0
0x9e1131,0%,2,0,2,0,2,0,0
0x5af74b,77.7778%,2,7,9,7,2,0,0
0x8addfe,0%,2,0,2,0,0,2,0
0x53aa73,95.122%,2,39,41,38,1,1,1
0x482a27,77.7778%,2,7,9,0,0,2,7
0x7f37a2,86.6667%,2,13,15,0,0,2,13
0x4a853f,75%,2,6,8,0,0,2,6
0x4a8519,80%,2,8,10,0,2,0,8
0x480e22,77.7778%,2,7,9,7,2,0,0
0x5f960e,75%,2,6,8,6,2,0,0
0x9ec310,95%,2,38,40,0,0,2,38
0x4a2628,99.373%,2,317,319,0,0,2,317
0xa394a2,85.7143%,2,12,14,12,2,0,0
0x9be987,87.5%,2,14,16,0,2,0,14
0x4a9a71,0%,2,0,2,0,0,2,0
0xa50741,50%,2,2,4,2,2,0,0
0x65be40,83.3333%,2,10,12,10,2,0,0
0x8d42dc,83.3333%,2,10,12,0,0,2,10
0x4828c4,77.7778%,2,7,9,7,2,0,0
0x99b03f,80%,2,8,10,0,0,2,8
0x555d81,96.4286%,2,54,56,0,0,2,54
0x96a10f,0%,2,0,2,0,0,2,0
0x490ddf,66.6667%,2,4,6,0,0,2,4
0xa3ef0b,75%,2,6,8,6,2,0,0
0x5a6477,0%,2,0,2,0,0,2,0
0xa2387e,96.9231%,2,63,65,0,0,2,63
0xa237a0,0%,2,0,2,0,0,2,0
0x4b6f03,92.8571%,2,26,28,26,2,0,0
0x67f3dd,0%,2,0,2,0,0,2,0
0x9a0fa4,66.6667%,2,4,6,0,0,2,4
0x9bb3b4,0%,2,0,2,0,0,2,0
0x548279,99.7475%,2,790,792,0,0,2,790
0x59fc94,50%,2,2,4,0,0,2,2
0x59fa41,50%,2,2,4,2,1,1,0
0x9bd6a5,91.6667%,2,22,24,0,0,2,22
0xa96005,92.3077%,2,24,26,24,2,0,0
0x5baf8f,98.9474%,2,188,190,188,2,0,0
0x8eb8c8,99.5893%,2,485,487,0,0,2,485
0x491b68,97.4684%,2,77,79,0,2,0,77
0xacdcba,0%,2,0,2,0,0,2,0
0x80547a,97.7528%,2,87,89,87,2,0,0
0xa994a3,81.8182%,2,9,11,0,0,2,9
0x81a6a2,99.9847%,2,13036,13038,13036,2,0,0
0x8f6377,85.7143%,2,12,14,1,1,1,11
0x58e3b9,95%,2,38,40,0,0,2,38
0x487cc9,85.7143%,2,12,14,12,2,0,0
0xb4764f,87.5%,2,14,16,0,0,2,14
0x6923da,80%,2,8,10,0,0,2,8
0x69767e,92.8571%,2,26,28,0,0,2,26
0x4b6730,81.8182%,2,9,11,0,0,2,9
0x59f20f,50%,2,2,4,0,2,0,2
0x67e486,97.4359%,2,76,78,20,2,0,56
0x81f87c,95.7447%,2,45,47,0,0,2,45
0x5aefeb,90.9091%,2,20,22,20,2,0,0
0x53a3f1,99.9755%,2,8156,8158,0,0,2,8156
0x50352f,0%,2,0,2,0,2,0,0
0x5f50fd,0%,2,0,2,0,2,0,0
0x7d1f04,50%,2,2,4,2,2,0,0
0xa957c4,50%,2,2,4,0,0,2,2
0x69de10,83.3333%,2,10,12,0,0,2,10
0xa30364,98.8235%,2,168,170,168,2,0,0
0x8fd786,86.6667%,2,13,15,0,0,2,13
0x786937,83.3333%,2,10,12,0,0,2,10
0x94c8f7,95%,2,38,40,38,2,0,0
0x53e75b,50%,2,2,4,0,0,2,2
0xa2d347,99.4924%,2,392,394,392,2,0,0
0x9a0b0b,92.8571%,2,26,28,0,0,2,26
0x481d5b,0%,2,0,2,0,2,0,0
0x4945f7,0%,2,0,2,0,0,2,0
0xa53a57,0%,2,0,2,0,0,2,0
0x506ad5,0%,2,0,2,0,0,2,0
0x8e0e9f,99.3769%,2,319,321,319,2,0,0
0x94ca90,96.875%,2,62,64,0,0,2,62
0xa9d2b0,87.5%,2,14,16,4,0,2,10
0x9a1339,93.3333%,2,28,30,0,0,2,28
0x7e2c89,0%,2,0,2,0,2,0,0
0x78f6d6,94.8718%,2,37,39,8,2,0,29
0x9ea063,0%,2,0,2,0,2,0,0
0x9ebbdd,75%,2,6,8,1,0,2,5
0x58c3ab,50%,2,2,4,2,2,0,0
0x5f37cb,60%,2,3,5,0,2,0,3
0x54d524,66.6667%,2,4,6,0,0,2,4
0xa570c8,95.122%,2,39,41,0,0,2,39
0xa3727f,66.6667%,2,4,6,0,0,2,4
0xa36d17,50%,2,2,4,1,1,1,1
0x7d4496,0%,2,0,2,0,2,0,0
0x9f5cce,89.4737%,2,17,19,0,0,2,17
0xa955c1,50%,2,2,4,0,0,2,2
0x40df58,98.1481%,2,106,108,106,0,2,0
0x979fba,80%,2,8,10,8,2,0,0
0x4a8539,75%,2,6,8,0,0,2,6
0x58b9f6,80%,2,8,10,8,0,2,0
0xa1ad66,96.2264%,2,51,53,0,0,2,51
0x6753bd,33.3333%,2,1,3,0,0,2,1
0x60bb2b,88.2353%,2,15,17,15,2,0,0
0xa6b6b7,50%,2,2,4,0,0,2,2
0x943e72,0%,2,0,2,0,2,0,0
0x8ed54f,83.3333%,2,10,12,1,1,1,9
0x99c5ba,98.6755%,2,149,151,149,2,0,0
0x7d400e,33.3333%,2,1,3,0,0,2,1
0xa01af5,0%,2,0,2,0,0,2,0
0x6105bb,66.6667%,2,4,6,0,0,2,4
0x5a6504,0%,2,0,2,0,0,2,0
0x7869d5,66.6667%,2,4,6,0,0,2,4
0x943cf3,80%,2,8,10,0,2,0,8
0xa42ffb,50%,2,2,4,2,2,0,0
0x78e091,50%,2,2,4,0,0,2,2
0x9f40ea,33.3333%,2,1,3,0,0,2,1
0xaae7a5,95.7447%,2,45,47,1,2,0,44
0x90b18e,97.1429%,2,68,70,68,2,0,0
0xa5301c,98.9583%,2,190,192,190,2,0,0
0xa53666,75%,2,6,8,0,2,0,6
0x9ebaf1,99.4792%,2,382,384,0,2,0,382
0x81be79,99.0196%,2,202,204,0,0,2,202
0xa27861,66.6667%,2,4,6,4,2,0,0
0x7b063b,33.3333%,2,1,3,0,0,2,1
0xa1ad06,81.8182%,2,9,11,4,2,0,5
0x5d20ca,33.3333%,2,1,3,1,2,0,0
0x784541,93.1034%,2,27,29,0,1,1,27
0xa2f8fb,97.5904%,2,81,83,0,0,2,81
0xa2f853,97.5904%,2,81,83,0,0,2,81
0x4913c4,98.7578%,2,159,161,1,1,1,158
0x8ea676,50%,2,2,4,0,0,2,2
0xa32e73,71.4286%,2,5,7,5,2,0,0
0x5f2e76,0%,2,0,2,0,2,0,0
0x5ae696,0%,2,0,2,0,2,0,0
0x8ea85e,99.0566%,2,210,212,210,2,0,0
0x9197a5,99.7919%,2,959,961,0,0,2,959
0x7bb9f0,75%,2,6,8,0,0,2,6
0x94c5c6,98.0769%,2,102,104,0,0,2,102
0x555841,50%,2,2,4,2,2,0,0
0x978538,99.5643%,2,457,459,0,0,2,457
0x59ea10,0%,2,0,2,0,2,0,0
0x5f2888,60%,2,3,5,0,2,0,3
0xa33879,98.2759%,2,114,116,114,2,0,0
0x40a566,0%,2,0,2,0,2,0,0
0x59e736,50%,2,2,4,2,2,0,0
0xb3463c,99.1111%,2,223,225,223,2,0,0
0xa4c8eb,50%,2,2,4,0,0,2,2
0x5ef8b5,88.2353%,2,15,17,15,2,0,0
0x7930c4,0%,2,0,2,0,0,2,0
0x8ef253,75%,2,6,8,0,0,2,6
0xa33729,99.3548%,2,308,310,0,0,2,308
0x4040cb,99.9053%,2,2110,2112,2110,2,0,0
0x5fa908,99.5893%,2,485,487,0,0,2,485
0x8e0cdb,98.2143%,2,110,112,0,0,2,110
0xa35dbf,99.5536%,2,446,448,0,0,2,446
0x98d022,83.3333%,2,10,12,0,0,2,10
0x64bd73,98.3193%,2,117,119,0,0,2,117
0xa1d776,0%,2,0,2,0,2,0,0
0x943a2f,0%,2,0,2,0,0,2,0
0xaa4cc8,33.3333%,2,1,3,1,2,0,0
0x8ee625,95.2381%,2,40,42,40,2,0,0
0x8ed304,66.6667%,2,4,6,0,0,2,4
0x5b8e47,50%,2,2,4,0,0,2,2
0x4946c3,50%,2,2,4,2,0,2,0
0x5af358,96.7742%,2,60,62,60,2,0,0
0x9f3909,50%,2,2,4,2,2,0,0
0x7f0b71,60%,2,3,5,0,0,2,3
0x9e01ba,92.8571%,2,26,28,0,0,2,26
0xaa292d,98.3871%,2,122,124,0,0,2,122
0x7b00db,75%,2,6,8,0,0,2,6
0xa4121d,92%,2,23,25,0,0,2,23
0x4c06a7,97.6744%,2,84,86,0,0,2,84
0x5909e8,50%,2,2,4,0,2,0,2
0x4c2f89,84.6154%,2,11,13,11,2,0,0
0x5ebdab,71.4286%,2,5,7,0,0,2,5
0x8f5720,99.7392%,2,765,767,765,2,0,0
0xa3f099,75%,2,6,8,0,0,2,6
0x6663fe,0%,2,0,2,0,0,2,0
0x9495d7,99.6454%,2,562,564,562,2,0,0
0x59e726,75%,2,6,8,4,0,2,2
0x858e70,75%,2,6,8,1,0,2,5
0x5d19bc,98.1818%,2,108,110,108,2,0,0
0x8f1623,98.5075%,2,132,134,0,0,2,132
0x4a7988,94.5946%,2,35,37,35,2,0,0
0x5ec559,75%,2,6,8,0,0,2,6
0x4c2fb7,84.6154%,2,11,13,0,0,2,11
0xa94a36,99.1071%,2,222,224,0,0,2,222
0xa94418,99.1071%,2,222,224,0,0,2,222
0x9f11b3,60%,2,3,5,0,0,2,3
0x4bd19a,50%,2,2,4,0,2,0,2
0x8bcc43,97.1429%,2,68,70,68,2,0,0
0x8fe140,97.2222%,2,70,72,70,2,0,0
0x7e07db,88.8889%,2,16,18,0,0,2,16
0x9f5d5b,98.895%,2,179,181,0,0,2,179
0x7d2c8f,50%,2,2,4,0,0,2,2
0x4bd167,71.4286%,2,5,7,0,0,2,5
0x8ae9fa,85.7143%,2,12,14,12,2,0,0
0x67f43a,0%,2,0,2,0,2,0,0
0x4bd687,90.4762%,2,19,21,0,0,2,19
0x59bf8f,96.2264%,2,51,53,51,2,0,0
0x8e5a42,99.0385%,2,206,208,206,2,0,0
0x9e0985,94.2857%,2,33,35,33,2,0,0
0x7941fd,60%,2,3,5,0,0,2,3
0xa94d57,50%,2,2,4,2,2,0,0
0xa94b37,50%,2,2,4,0,0,2,2
0xa94b33,50%,2,2,4,0,0,2,2
0x7f372e,86.6667%,2,13,15,11,0,2,2
0xa40f1f,99.6212%,2,526,528,526,2,0,0
0x4b9027,50%,2,2,4,0,0,2,2
0xa37917,80%,2,8,10,8,2,0,0
0x8df02b,87.5%,2,14,16,0,0,2,14
0xa90196,96.8254%,2,61,63,0,0,2,61
0x9745b6,0%,2,0,2,0,0,2,0
0xa942ae,75%,2,6,8,6,2,0,0
0xa94257,0%,2,0,2,0,0,2,0
0xa94241,0%,2,0,2,0,0,2,0
0x90ebda,99%,2,198,200,198,2,0,0
0x8e9ee2,99.9287%,2,2802,2804,0,0,2,2802
0x8e9b47,60%,2,3,5,3,2,0,0
0x8049bc,0%,2,0,2,0,2,0,0
0x5f59a2,0%,2,0,2,0,0,2,0
0x48a79d,99.8267%,2,1152,1154,0,0,2,1152
0xa51f8e,0%,2,0,2,0,0,2,0
0x65a2aa,98.9474%,2,188,190,188,2,0,0
0x4c97bf,71.4286%,2,5,7,0,0,2,5
0x546a6e,94.7368%,2,36,38,0,0,2,36
0x58ebe7,98.3607%,2,120,122,108,2,0,12
0xa9478a,93.1034%,2,27,29,0,2,0,27
0x649cef,0%,2,0,2,0,2,0,0
0x973da1,98.4127%,2,124,126,124,2,0,0
0x4be4fd,71.4286%,2,5,7,5,2,0,0
0x4c70b8,92%,2,23,25,6,1,1,17
0x9a972c,80%,2,8,10,8,2,0,0
0x4c4666,94.5946%,2,35,37,0,0,2,35
0x557b76,96.9231%,2,63,65,0,0,2,63
0xa430e1,50%,2,2,4,2,2,0,0
0x5d981d,75%,2,6,8,0,0,2,6
0x6f5524,99.5851%,2,480,482,0,0,2,480
0x99affd,95%,2,38,40,0,0,2,38
0x4bfec1,93.9394%,2,31,33,29,1,1,2
0x5ffa53,97.8261%,2,90,92,44,2,0,46
0x9988b7,66.6667%,2,4,6,0,1,1,4
0xa15cdf,66.6667%,2,4,6,4,2,0,0
0xa984c3,50%,2,2,4,2,2,0,0
0x5d4b44,75%,2,6,8,6,2,0,0
0xaa5bc9,33.3333%,2,1,3,1,2,0,0
0x88e0b0,66.6667%,2,4,6,4,2,0,0
0x5d3d3a,75%,2,6,8,6,2,0,0
0x4c5e84,75%,2,6,8,6,2,0,0
0x64bb80,99.8568%,2,1395,1397,1395,2,0,0
0x9190da,0%,2,0,2,0,2,0,0
0xa0637a,66.6667%,2,4,6,0,0,2,4
0x4c5c5f,75%,2,6,8,0,0,2,6
0x9774b1,0%,2,0,2,0,0,2,0
0x4c5c52,75%,2,6,8,0,0,2,6
0x9e78a9,98.3607%,2,120,122,120,2,0,0
0xa42760,99.1111%,2,223,225,0,0,2,223
0xa0683a,0%,2,0,2,0,0,2,0
0x6975d2,92.8571%,2,26,28,26,2,0,0
0x60b028,96%,2,48,50,48,2,0,0
0x6750c0,33.3333%,2,1,3,0,0,2,1
0x98fa08,99.2218%,2,255,257,0,0,2,255
0x409466,50%,2,2,4,0,2,0,2
0xa9019a,96.8254%,2,61,63,0,0,2,61
0xaa23c4,94.1176%,2,32,34,28,2,0,4
0x8126db,96.1538%,2,50,52,50,2,0,0
0x4b83e4,87.5%,2,14,16,0,0,2,14
0x90240d,95.9184%,2,47,49,0,0,2,47
0x4c4c5c,96%,2,48,50,0,0,2,48
0x77d861,66.6667%,2,4,6,0,0,2,4
0x8f2151,94.8718%,2,37,39,23,2,0,14
0x96a135,0%,2,0,2,0,2,0,0
0x5be24b,97.4359%,2,76,78,0,0,2,76
0xb49c27,60%,2,3,5,0,0,2,3
0x835ee9,0%,2,0,2,0,2,0,0
0x9e6ef8,96.3636%,2,53,55,53,2,0,0
0x489dd3,99.9081%,2,2174,2176,0,0,2,2174
0x9461bf,89.4737%,2,17,19,17,2,0,0
0x5d0743,33.3333%,2,1,3,1,2,0,0
0x9023cf,90.9091%,2,20,22,0,0,2,20
0x814d18,0%,2,0,2,0,1,1,0
0x4b5228,99.2308%,2,258,260,0,0,2,258
0x9ec01a,80%,2,8,10,8,2,0,0
0x50319b,0%,2,0,2,0,2,0,0
0x4c9762,91.6667%,2,22,24,12,2,0,10
0x7be0ce,50%,2,2,4,0,0,2,2
0x4bc9d8,83.3333%,2,10,12,0,0,2,10
0x8e877a,99.8158%,2,1084,1086,1084,2,0,0
0x4bc99f,83.3333%,2,10,12,0,0,2,10
0x40aba1,95.4545%,2,42,44,42,2,0,0
0x5f630b,50%,2,2,4,1,1,1,1
0x991bba,99.0148%,2,201,203,201,2,0,0
0xa9ce55,98.6111%,2,142,144,0,0,2,142
0x5dced7,98.4962%,2,131,133,131,2,0,0
0x8bb163,99.2958%,2,282,284,0,0,2,282
0xa92d9c,97.7273%,2,86,88,86,2,0,0
0xa27a1a,33.3333%,2,1,3,1,2,0,0
0x814ed2,88.8889%,2,16,18,0,0,2,16
0x9f50eb,96.1538%,2,50,52,0,0,2,50
0xa8ee6d,85.7143%,2,12,14,0,0,2,12
0xa21f2e,0%,2,0,2,0,0,2,0
0xa97508,98.6577%,2,147,149,0,0,2,147
0x542be7,0%,2,0,2,0,2,0,0
0x49c23e,50%,2,2,4,2,2,0,0
0xa6b934,50%,2,2,4,0,0,2,2
0x811911,91.6667%,2,22,24,22,2,0,0
0xa9f326,33.3333%,2,1,3,1,2,0,0
0x55921b,50%,2,2,4,2,2,0,0
0x51b0ab,99.2095%,2,251,253,251,2,0,0
0xa4a7ab,0%,2,0,2,0,0,2,0
0x8d3b65,0%,2,0,2,0,0,2,0
0x951aaf,94.4444%,2,34,36,0,0,2,34
0x8ec2a3,0%,2,0,2,0,0,2,0
0x5e04e0,98.6207%,2,143,145,143,2,0,0
0x66648f,93.3333%,2,28,30,0,0,2,28
0x6a3b66,92.3077%,2,24,26,24,2,0,0
0xa5d221,96.7213%,2,59,61,59,2,0,0
0x58d9f0,97.1429%,2,68,70,0,0,2,68
0x9f026f,97.8723%,2,92,94,0,0,2,92
0x590a1d,0%,2,0,2,0,2,0,0
0xa0b9b7,33.3333%,2,1,3,1,0,2,0
0xa9d2f8,90.9091%,2,20,22,15,1,1,5
0x5430a1,99.4382%,2,354,356,0,0,2,354
0x7c6916,0%,2,0,2,0,0,2,0
0xa4c61c,50%,2,2,4,2,2,0,0
0x6d0515,93.1034%,2,27,29,27,2,0,0
0x7c6838,0%,2,0,2,0,0,2,0
0x7c682c,0%,2,0,2,0,0,2,0
0x63fb6f,99.929%,2,2816,2818,1856,1,1,960
0x49dfae,95%,2,38,40,0,0,2,38
0x4a86e0,0%,2,0,2,0,2,0,0
0x49c3f3,0%,2,0,2,0,0,2,0
0xa3bc51,88.8889%,2,16,18,0,0,2,16
0x51b81a,99.9455%,2,3668,3670,0,0,2,3668
0x8d48a2,0%,2,0,2,0,0,2,0
0xa95e2c,83.3333%,2,10,12,0,0,2,10
0x8d3dd3,93.5484%,2,29,31,0,0,2,29
0x8d3dbf,93.5484%,2,29,31,0,0,2,29
0x8d3dab,93.5484%,2,29,31,0,0,2,29
0x6923ad,90.9091%,2,20,22,0,0,2,20
0x8f4086,96.7213%,2,59,61,59,2,0,0
0x59161b,33.3333%,2,1,3,1,2,0,0
0x5dce35,98.4962%,2,131,133,131,2,0,0
0x8bb416,86.6667%,2,13,15,0,0,2,13
0x480b38,89.4737%,2,17,19,16,1,1,1
0xa64f97,75%,2,6,8,3,1,1,3
0x8e9956,50%,2,2,4,2,2,0,0
0x64869e,0%,2,0,2,0,0,2,0
0xa48d21,98.8024%,2,165,167,165,2,0,0
0x5ec50c,95%,2,38,40,30,2,0,8
0x8f2cf1,0%,2,0,2,0,0,2,0
0xa533aa,66.6667%,2,4,6,0,2,0,4
0x610311,93.9394%,2,31,33,0,0,2,31
0x54d91a,87.5%,2,14,16,0,0,2,14
0x4b49d7,96.4286%,2,54,56,0,0,2,54
0xa90a74,50%,2,2,4,0,0,2,2
0x4be42d,50%,2,2,4,0,0,2,2
0xa04216,0%,2,0,2,0,0,2,0
0x8aa7f9,99.8282%,2,1162,1164,0,0,2,1162
0x99e2fb,84.6154%,2,11,13,0,0,2,11
0x5f91c2,50%,2,2,4,2,2,0,0
0x4b7a5f,0%,2,0,2,0,0,2,0
0xa1d47a,77.7778%,2,7,9,0,0,2,7
0x4a9da8,87.5%,2,14,16,14,2,0,0
0x5456ff,99.8099%,2,1050,1052,1050,2,0,0
0xa57324,95.122%,2,39,41,39,2,0,0
0x64cc4d,99.6283%,2,536,538,536,2,0,0
0x83aa6e,50%,2,2,4,1,2,0,1
0x9a653a,98.8636%,2,174,176,0,0,2,174
0x6486ad,0%,2,0,2,0,2,0,0
0x8bc951,96.1538%,2,50,52,0,0,2,50
0x78e079,75%,2,6,8,2,2,0,4
0x4b9adb,84.6154%,2,11,13,4,2,0,7
0x48fbe0,50%,2,2,4,0,0,2,2
0xa25fa6,99.8026%,2,1011,1013,0,0,2,1011
0x95a9a2,50%,2,2,4,0,0,2,2
0x4c9738,92.3077%,2,24,26,0,2,0,24
0x5f53ae,0%,2,0,2,0,0,2,0
0x48f02d,98.4496%,2,127,129,0,0,2,127
0x81c97c,98.8372%,2,170,172,0,0,2,170
0xa9c95d,95.4545%,2,42,44,0,0,2,42
0x8d3343,33.3333%,2,1,3,0,0,2,1
0x670ad0,0%,2,0,2,0,2,0,0
0x8d332f,33.3333%,2,1,3,0,0,2,1
0xa23840,0%,2,0,2,0,0,2,0
0x8d2f03,0%,2,0,2,0,2,0,0
0x99e650,84.6154%,2,11,13,0,0,2,11
0x7a1148,66.6667%,2,4,6,4,2,0,0
0x7a1143,66.6667%,2,4,6,0,0,2,4
0x787d7f,66.6667%,2,4,6,4,2,0,0
0x94ea6b,92.8571%,2,26,28,0,0,2,26
0x5d283d,98.6207%,2,143,145,0,0,2,143
0x533f8d,0%,2,0,2,0,2,0,0
0xa49fe2,98.6207%,2,143,145,0,0,2,143
0x4c4628,88.2353%,2,15,17,0,0,2,15
0x4024ac,98.1818%,2,108,110,0,0,2,108
0x64bd87,98.3193%,2,117,119,0,0,2,117
0x5f8692,98.8024%,2,165,167,0,0,2,165
0x5d17a3,91.6667%,2,22,24,22,2,0,0
0x60e398,80%,2,8,10,5,0,2,3
0x5108e1,99.3884%,2,325,327,0,0,2,325
0x4024b7,98.1818%,2,108,110,108,0,2,0
0x4a1258,99.8205%,2,1112,1114,16,2,0,1096
0x973ca4,97.619%,2,82,84,0,0,2,82
0xaa803d,99.6219%,2,527,529,0,0,2,527
0xa32c52,99.7843%,2,925,927,0,0,2,925
0x9d0016,60%,2,3,5,3,2,0,0
0xa2dcd7,94.4444%,2,34,36,0,0,2,34
0x8d990b,75%,2,6,8,6,2,0,0
0x40f83b,99.0566%,2,210,212,0,0,2,210
0x7b6416,94.5946%,2,35,37,32,0,2,3
0x58d61f,33.3333%,2,1,3,0,0,2,1
0x606d3a,75%,2,6,8,0,0,2,6
0x48f6c1,80%,2,8,10,4,2,0,4
0x404f12,83.3333%,2,10,12,0,0,2,10
0xa2ec5d,96.875%,2,62,64,0,0,2,62
0x80a83c,99.7622%,2,839,841,0,0,2,839
0x5f55e9,50%,2,2,4,2,2,0,0
0x6516a2,96.4286%,2,54,56,54,2,0,0
0x5d6891,33.3333%,2,1,3,1,2,0,0
0x4c05ca,93.5484%,2,29,31,29,2,0,0
0xa2eecb,98.913%,2,182,184,0,0,2,182
0x54861d,99.915%,2,2351,2353,0,0,2,2351
0x671530,0%,2,0,2,0,2,0,0
0x5fbd10,0%,2,0,2,0,0,2,0
0x4bccb1,95.2381%,2,40,42,0,0,2,40
0x9a3304,98.6301%,2,144,146,144,1,1,0
0xa2e1f1,99.5122%,2,408,410,0,0,2,408
0x5ff24e,98.2906%,2,115,117,0,0,2,115
0xa210bb,33.3333%,2,1,3,0,0,2,1
0x5bc128,0%,2,0,2,0,0,2,0
0x809f0c,0%,2,0,2,0,2,0,0
0x638da8,99.6344%,2,545,547,545,2,0,0
0xa35377,99.7831%,2,920,922,0,0,2,920
0x80b9ed,99.3939%,2,328,330,328,2,0,0
0x48ea77,99.6727%,2,609,611,0,0,2,609
0x95cbe4,0%,2,0,2,0,2,0,0
0x8886a6,90.9091%,2,20,22,20,2,0,0
0x5bc176,99.8573%,2,1400,1402,0,0,2,1400
0x48ee0a,99.3958%,2,329,331,0,0,2,329
0xa985fa,0%,2,0,2,0,2,0,0
0x8ec7df,0%,2,0,2,0,1,1,0
0x4c2318,75%,2,6,8,0,0,2,6
0x9ea220,0%,2,0,2,0,2,0,0
0x8d2600,96.4286%,2,54,56,0,0,2,54
0x9fe879,95%,2,38,40,0,0,2,38
0x8e358e,99.8988%,2,1975,1977,0,0,2,1975
0x837ee6,66.6667%,2,4,6,4,2,0,0
0x404ea4,97.2222%,2,70,72,0,0,2,70
0x67f435,0%,2,0,2,0,0,2,0
0x88e5d6,94.8718%,2,37,39,37,2,0,0
0x9ff586,95%,2,38,40,0,0,2,38
0x4b98a3,92.5926%,2,25,27,0,2,0,25
0xa05e6c,66.6667%,2,4,6,4,2,0,0
0x5f0d54,99.2933%,2,281,283,0,0,2,281
0x88e9a0,94.8718%,2,37,39,0,0,2,37
0x5bc87b,0%,2,0,2,0,0,2,0
0xa2e22f,0%,2,0,2,0,2,0,0
0xa2e215,50%,2,2,4,1,1,1,1
0x40b2b5,0%,2,0,2,0,2,0,0
0x88e9b6,94.8718%,2,37,39,37,2,0,0
0x8aac75,80%,2,8,10,8,2,0,0
0x9d3449,96.3636%,2,53,55,53,2,0,0
0x6071a0,90%,2,18,20,18,2,0,0
0x7d1ef1,50%,2,2,4,0,0,2,2
0x49b187,0%,2,0,2,0,0,2,0
0x8377bc,75%,2,6,8,5,0,2,1
0x7b719c,93.75%,2,30,32,0,0,2,30
0xa6cb16,92.5926%,2,25,27,0,0,2,25
0x9aa35f,94.5946%,2,35,37,13,2,0,22
0x58e813,71.4286%,2,5,7,0,0,2,5
0x4aae11,95%,2,38,40,0,1,1,38
0x55de0d,0%,2,0,2,0,0,2,0
0x40aa98,66.6667%,2,4,6,4,2,0,0
0x5a96bc,60%,2,3,5,3,2,0,0
0x4905cf,33.3333%,2,1,3,0,0,2,1
0xa39aac,89.4737%,2,17,19,1,0,2,16
0x8f1e60,75%,2,6,8,0,0,2,6
0x8c8ea3,66.6667%,2,4,6,4,2,0,0
0x7af535,93.75%,2,30,32,30,2,0,0
0xa45d62,50%,2,2,4,0,0,2,2
0xa45d5d,0%,2,0,2,0,2,0,0
0x6071fd,90%,2,18,20,18,2,0,0
0xa016ad,75%,2,6,8,6,0,2,0
0x4a8723,0%,2,0,2,0,2,0,0
0x96ae4a,90.4762%,2,19,21,2,0,2,17
0x510249,99.1525%,2,234,236,0,0,2,234
0x60722e,90%,2,18,20,18,2,0,0
0x94c620,0%,2,0,2,0,0,2,0
0x40deff,98.1481%,2,106,108,105,0,2,1
0x820cd7,81.8182%,2,9,11,9,2,0,0
0x8fdca3,99.7382%,2,762,764,762,2,0,0
0x88e009,66.6667%,2,4,6,0,0,2,4
0x4b7071,93.5484%,2,29,31,29,2,0,0
0x48eebd,96.2963%,2,52,54,0,0,2,52
0xa3e454,87.5%,2,14,16,14,2,0,0
0xa63a17,50%,2,2,4,0,0,2,2
0x81e56b,80%,2,8,10,0,2,0,8
0x9913da,98.1481%,2,106,108,90,1,1,16
0x4b6ec3,93.5484%,2,29,31,0,0,2,29
0x4b68e2,95.9184%,2,47,49,0,0,2,47
0x647e13,95.9184%,2,47,49,47,2,0,0
0x58f90f,98.2456%,2,112,114,0,0,2,112
0x55de1b,0%,2,0,2,0,0,2,0
0x4a62f1,80%,2,8,10,8,2,0,0
0x94a98c,97.5%,2,78,80,78,2,0,0
0x8f56de,98.8636%,2,174,176,174,2,0,0
0x4b9526,0%,2,0,2,0,2,0,0
0x8f5415,83.3333%,2,10,12,10,2,0,0
0x55de08,0%,2,0,2,0,0,2,0
0x5f9379,94.5946%,2,35,37,28,0,2,7
0xa64bf8,66.6667%,2,4,6,0,0,2,4
0xa06198,90.4762%,2,19,21,0,0,2,19
0x7d1ec0,95.8333%,2,46,48,42,2,0,4
0x90a138,99.8051%,2,1024,1026,1024,2,0,0
0x606f66,90%,2,18,20,18,2,0,0
0x599968,0%,2,0,2,0,2,0,0
0xb30adb,97.0588%,2,66,68,0,0,2,66
0x58e5c0,83.3333%,2,10,12,4,2,0,6
0x59f5d6,50%,2,2,4,0,2,0,2
0x8efdde,85.7143%,2,12,14,0,0,2,12
0x7b00a8,75%,2,6,8,0,0,2,6
0x5e5eca,99.8006%,2,1001,1003,0,0,2,1001
0x8e1538,99.9628%,2,5380,5382,0,0,2,5380
0x4a5a32,87.5%,2,14,16,14,2,0,0
0x8ddef7,96.2963%,2,52,54,0,0,2,52
0x8043d5,77.7778%,2,7,9,0,0,2,7
0xb2edf9,50%,2,2,4,1,1,1,1
0x9e2f24,99.2395%,2,261,263,0,0,2,261
0x5edc44,99.802%,2,1008,1010,1008,2,0,0
0x48391c,93.1034%,2,27,29,27,2,0,0
0x6405e9,99%,2,198,200,0,0,2,198
0x81fde3,0%,2,0,2,0,2,0,0
0x5e5f0f,99.8006%,2,1001,1003,1001,2,0,0
0xa91244,50%,2,2,4,2,2,0,0
0x814e27,99.815%,2,1079,1081,1079,1,1,0
0x4c69d5,92.8571%,2,26,28,0,0,2,26
0xb32432,99.7936%,2,967,969,0,0,2,967
0x4bc1fc,98.2143%,2,110,112,56,0,2,54
0x8e4b8d,98.8764%,2,176,178,0,0,2,176
0x4bcad2,80%,2,8,10,0,0,2,8
0x4bc17d,98.2143%,2,110,112,110,2,0,0
0x540661,50%,2,2,4,0,0,2,2
0x40edb6,75%,2,6,8,6,0,2,0
0x5fc4d5,95.8333%,2,46,48,46,2,0,0
0x9d1063,75%,2,6,8,6,2,0,0
0x65bc8c,99.604%,2,503,505,0,0,2,503
0x5590e7,99.5327%,2,426,428,0,0,2,426
0x5af0b8,80%,2,8,10,0,0,2,8
0x5d3bce,75%,2,6,8,0,0,2,6
0xaa08dc,66.6667%,2,4,6,4,2,0,0
0x7b642f,60%,2,3,5,3,1,1,0
0xa06551,93.5484%,2,29,31,0,0,2,29
0x60a882,99.5261%,2,420,422,420,2,0,0
0x64baab,99.8568%,2,1395,1397,1395,2,0,0
0x9a3a89,0%,2,0,2,0,0,2,0
0x4c6f93,96%,2,48,50,0,0,2,48
0x9a608a,85.7143%,2,12,14,12,1,1,0
0x67ac00,66.6667%,2,4,6,0,0,2,4
0x64ba0a,99.8568%,2,1395,1397,0,0,2,1395
0x5d09b3,75%,2,6,8,6,2,0,0
0x545a7a,75%,2,6,8,0,0,2,6
0x4b2992,0%,2,0,2,0,2,0,0
0x4beec1,93.9394%,2,31,33,0,0,2,31
0x67a066,66.6667%,2,4,6,0,0,2,4
0x9771f2,50%,2,2,4,2,0,2,0
0x99e165,84.6154%,2,11,13,0,0,2,11
0x977082,0%,2,0,2,0,2,0,0
0xa64fca,50%,2,2,4,2,2,0,0
0x53382b,71.4286%,2,5,7,5,2,0,0
0xa8a96c,92.8571%,2,26,28,26,2,0,0
0x8d242a,98.3871%,2,122,124,0,0,2,122
0xaaa667,71.4286%,2,5,7,0,0,2,5
0x5f78fd,50%,2,2,4,0,0,2,2
0x4c448f,90%,2,18,20,0,2,0,18
0x5e5e69,99.8675%,2,1507,1509,1507,2,0,0
0x8eb038,66.6667%,2,4,6,0,0,2,4
0x4c6048,87.5%,2,14,16,14,2,0,0
0x4b8061,81.8182%,2,9,11,0,0,2,9
0x4be5ac,81.8182%,2,9,11,9,2,0,0
0x5904a3,97.1831%,2,69,71,0,0,2,69
0x5d3b86,50%,2,2,4,2,2,0,0
0x4b7bbd,81.8182%,2,9,11,9,1,1,0
0x9814b4,88.8889%,2,16,18,0,0,2,16
0xa39d18,97.5904%,2,81,83,81,2,0,0
0xa32532,50%,2,2,4,1,1,1,1
0x803cfb,0%,2,0,2,0,2,0,0
0x558e03,97.7273%,2,86,88,86,2,0,0
0xa06afd,0%,2,0,2,0,2,0,0
0x4b7327,81.8182%,2,9,11,9,2,0,0
0xa5ee6b,92.8571%,2,26,28,0,0,2,26
0xa2d84f,50%,2,2,4,0,0,2,2
0x67382f,0%,2,0,2,0,2,0,0
0x548ae4,50%,2,2,4,0,0,2,2
0x5de73a,99.7531%,2,808,810,808,2,0,0
0xa57443,95.122%,2,39,41,0,0,2,39
0x7ac76b,83.3333%,2,10,12,0,0,2,10
0x4c45a3,88.2353%,2,15,17,5,2,0,10
0x77caa1,66.6667%,2,4,6,4,2,0,0
0x4bf75f,50%,2,2,4,2,2,0,0
0x805e06,50%,2,2,4,0,0,2,2
0x8e2ff3,99.8988%,2,1975,1977,0,0,2,1975
0x9e3dd7,81.8182%,2,9,11,9,2,0,0
0x5f89b3,75%,2,6,8,5,0,2,1
0x8c917b,33.3333%,2,1,3,1,1,1,0
0x48ea4f,99.4505%,2,362,364,0,0,2,362
0x5f78e1,50%,2,2,4,0,0,2,2
0x4c20b9,98.7421%,2,157,159,157,2,0,0
0x88dfbd,66.6667%,2,4,6,0,0,2,4
0x8e257b,99.9621%,2,5273,5275,5273,2,0,0
0x63ef93,0%,2,0,2,0,2,0,0
0x815a0d,97.619%,2,82,84,82,2,0,0
0x8c8b9b,97.5%,2,78,80,0,0,2,78
0x50aaa8,50%,2,2,4,0,0,2,2
0x97ac8d,85.7143%,2,12,14,12,2,0,0
0x9f69e1,75%,2,6,8,0,0,2,6
0xa5b53e,93.5484%,2,29,31,0,2,0,29
0x4b868d,81.8182%,2,9,11,9,2,0,0
0x9f47ae,75%,2,6,8,6,2,0,0
0x97ab38,85.7143%,2,12,14,12,2,0,0
0x844427,99.569%,2,462,464,0,0,2,462
0x976efb,33.3333%,2,1,3,0,0,2,1
0x9edd12,96.875%,2,62,64,62,2,0,0
0x4be8d6,77.7778%,2,7,9,7,1,1,0
0x90267e,99.8333%,2,1198,1200,1198,2,0,0
0x8ebdba,75%,2,6,8,6,0,2,0
0x50bf43,98.1818%,2,108,110,0,0,2,108
0x7d27f9,50%,2,2,4,2,2,0,0
0x4be7b2,77.7778%,2,7,9,0,0,2,7
0x48f7da,88.8889%,2,16,18,0,0,2,16
0x4ac9f0,0%,2,0,2,0,2,0,0
0xa08057,50%,2,2,4,0,0,2,2
0x410436,0%,2,0,2,0,0,2,0
0x94e042,99.5249%,2,419,421,419,2,0,0
0x5eb2d6,0%,2,0,2,0,0,2,0
0x59388d,0%,2,0,2,0,2,0,0
0x592dc1,0%,2,0,2,0,2,0,0
0x61f3b2,90%,2,18,20,0,0,2,18
0x592db3,0%,2,0,2,0,0,2,0
0xa33f19,98.1651%,2,107,109,0,0,2,107
0x5beb5d,0%,2,0,2,0,2,0,0
0x8212bc,0%,2,0,2,0,2,0,0
0x5f05a1,0%,2,0,2,0,2,0,0
0x8dffd0,66.6667%,2,4,6,0,0,2,4
0xa98e6a,0%,2,0,2,0,0,2,0
0x590cab,90%,2,18,20,1,1,1,17
0x590cb8,88.8889%,2,16,18,0,0,2,16
0xa58fbc,98.3193%,2,117,119,0,0,2,117
0x9bea0d,83.3333%,2,10,12,10,2,0,0
0x99ebb2,84.6154%,2,11,13,0,0,2,11
0x965fc4,97.5904%,2,81,83,0,0,2,81
0x8dffec,83.3333%,2,10,12,0,0,2,10
0xa17feb,99.6667%,2,598,600,0,0,2,598
0x5f8249,98.6667%,2,148,150,146,0,2,2
0x649db0,0%,2,0,2,0,2,0,0
0x4903dc,33.3333%,2,1,3,1,2,0,0
0x838f61,92.8571%,2,26,28,26,2,0,0
0x40a943,33.3333%,2,1,3,0,1,1,1
0x5de2a7,99.7531%,2,808,810,808,2,0,0
0x8e0033,88.8889%,2,16,18,5,1,1,11
0xa4d6cd,94.4444%,2,34,36,0,0,2,34
0x5f8424,99.6575%,2,582,584,0,0,2,582
0x9bc87e,98.4252%,2,125,127,125,0,2,0
0x4a9f2a,33.3333%,2,1,3,1,2,0,0
0x90ed76,99.8923%,2,1855,1857,1855,2,0,0
0x48702a,98.5507%,2,136,138,136,2,0,0
0xa074c0,95.6522%,2,44,46,0,0,2,44
0x9be964,87.5%,2,14,16,0,0,2,14
0x808b44,0%,2,0,2,0,0,2,0
0x4c049a,97.6744%,2,84,86,84,2,0,0
0x8ec007,96.9697%,2,64,66,0,0,2,64
0x5f7d33,98.3193%,2,117,119,0,0,2,117
0x5baa0c,94.1176%,2,32,34,32,2,0,0
0xa44815,0%,2,0,2,0,2,0,0
0x53400b,0%,2,0,2,0,2,0,0
0x808f3a,88.2353%,2,15,17,0,0,2,15
0x485899,33.3333%,2,1,3,0,0,2,1
0x99dc1a,86.6667%,2,13,15,0,0,2,13
0x8debe5,66.6667%,2,4,6,4,2,0,0
0x815f1d,0%,2,0,2,0,0,2,0
0x4857aa,33.3333%,2,1,3,0,0,2,1
0x5beb9f,0%,2,0,2,0,2,0,0
0x666eaa,33.3333%,2,1,3,0,0,2,1
0x590719,33.3333%,2,1,3,0,0,2,1
0xa21d4e,0%,2,0,2,0,0,2,0
0x5beb72,0%,2,0,2,0,2,0,0
0xa58552,96.6102%,2,57,59,0,0,2,57
0x666d95,33.3333%,2,1,3,1,2,0,0
0x9e5238,83.3333%,2,10,12,10,2,0,0
0x4919e0,0%,2,0,2,0,0,2,0
0x5f1171,0%,2,0,2,0,0,2,0
0xa01c06,97.0588%,2,66,68,66,0,2,0
0x6797f9,66.6667%,2,4,6,0,0,2,4
0x8dd3d4,88.8889%,2,16,18,16,2,0,0
0x5bc0cc,0%,2,0,2,0,0,2,0
0x811e9b,99.9171%,2,2411,2413,0,0,2,2411
0x4ac717,86.6667%,2,13,15,0,2,0,13
0x80d95f,98.1132%,2,104,106,0,0,2,104
0x4b394c,50%,2,2,4,2,2,0,0
0x5df36e,93.9394%,2,31,33,0,0,2,31
0x4857ce,92.5926%,2,25,27,0,0,2,25
0x80dda7,98.2456%,2,112,114,112,2,0,0
0x81c665,99.8286%,2,1165,1167,0,0,2,1165
0xa9f076,0%,2,0,2,0,2,0,0
0x981480,97.6471%,2,83,85,8,1,1,75
0xa9f056,0%,2,0,2,0,0,2,0
0x9a6aac,50%,2,2,4,2,2,0,0
0x48236e,77.7778%,2,7,9,7,2,0,0
0x8df6a9,0%,2,0,2,0,0,2,0
0x8ec591,98.1132%,2,104,106,104,0,2,0
0xa0181b,50%,2,2,4,0,2,0,2
0x80db1e,99.0909%,2,218,220,0,0,2,218
0x9f6c80,80%,2,8,10,0,0,2,8
0x80dac7,99.0909%,2,218,220,0,0,2,218
0x5cfc58,83.3333%,2,10,12,0,0,2,10
0x812045,83.3333%,2,10,12,2,0,2,8
0xa9d26a,50%,2,2,4,0,0,2,2
0x7c7150,96.1538%,2,50,52,0,0,2,50
0x49985a,93.9394%,2,31,33,0,0,2,31
0x4ac804,86.6667%,2,13,15,13,2,0,0
0xa9eca7,50%,2,2,4,2,2,0,0
0x815389,0%,2,0,2,0,2,0,0
0x9e39bc,75%,2,6,8,0,0,2,6
0x6750c9,33.3333%,2,1,3,0,1,1,1
0x9bdd0a,96.3636%,2,53,55,0,0,2,53
0x98515a,50%,2,2,4,0,0,2,2
0xa918f4,88.2353%,2,15,17,0,0,2,15
0x99ed56,84.6154%,2,11,13,11,2,0,0
0x810971,75%,2,6,8,0,0,2,6
0x7808d9,0%,2,0,2,0,0,2,0
0xa9a2be,60%,2,3,5,0,0,2,3
0x81d546,96.6667%,2,58,60,58,2,0,0
0x973b44,80%,2,8,10,0,0,2,8
0x63f04f,0%,2,0,2,0,2,0,0
0x6674e9,0%,2,0,2,0,0,2,0
0x5046de,88.8889%,2,16,18,16,2,0,0
0x5bee3f,0%,2,0,2,0,2,0,0
0x81b721,89.4737%,2,17,19,0,0,2,17
0x5b746f,0%,2,0,2,0,2,0,0
0x4ac600,93.3333%,2,28,30,15,0,2,13
0xa9d13b,0%,2,0,2,0,2,0,0
0xa9d00d,0%,2,0,2,0,0,2,0
0x81f65d,50%,2,2,4,0,0,2,2
0x7f3772,86.6667%,2,13,15,0,0,2,13
0x816a78,84.6154%,2,11,13,0,0,2,11
0x5f0596,60%,2,3,5,3,0,2,0
0x8047d8,0%,2,0,2,0,2,0,0
0x8e4104,99.913%,2,2297,2299,2297,2,0,0
0xa1a29e,77.7778%,2,7,9,7,2,0,0
0x6710e3,0%,2,0,2,0,2,0,0
0x666c36,0%,2,0,2,0,0,2,0
0x5c4ff8,93.5484%,2,29,31,0,0,2,29
0x99ef20,0%,2,0,2,0,2,0,0
0x8c8702,99.5951%,2,492,494,492,2,0,0
0xa312b8,91.3043%,2,21,23,0,0,2,21
0xa9bce5,80%,2,8,10,8,2,0,0
0x4b1627,0%,2,0,2,0,2,0,0
0x51b78b,99.9519%,2,4152,4154,0,0,2,4152
0x821631,99.5699%,2,463,465,463,2,0,0
0x63f3bb,0%,2,0,2,0,2,0,0
0x4994b5,60%,2,3,5,3,2,0,0
0x5d1806,91.6667%,2,22,24,0,0,2,22
0xa4a246,88.8889%,2,16,18,16,2,0,0
0x970fa2,71.4286%,2,5,7,5,2,0,0
0x9f238f,0%,2,0,2,0,0,2,0
0x63e517,99.7919%,2,959,961,0,0,2,959
0xa95fbd,75%,2,6,8,0,0,2,6
0x4aaf0f,81.8182%,2,9,11,0,0,2,9
0x9bca24,0%,2,0,2,0,2,0,0
0xa389af,33.3333%,2,1,3,1,2,0,0
0x49bf55,66.6667%,2,4,6,0,0,2,4
0xa5a151,75%,2,6,8,0,0,2,6
0x8bd845,90%,2,18,20,0,0,2,18
0xa5a133,80%,2,8,10,0,2,0,8
0x90ad70,95.4545%,2,42,44,42,2,0,0
0x973ebd,94.4444%,2,34,36,0,0,2,34
0x5efc5e,33.3333%,2,1,3,1,1,1,0
0x49bf7e,66.6667%,2,4,6,4,2,0,0
0x9e7a8c,98.5816%,2,139,141,139,2,0,0
0x5ff049,95%,2,38,40,38,2,0,0
0x503268,0%,2,0,2,0,2,0,0
0x80a6a7,33.3333%,2,1,3,0,0,2,1
0x4103c8,33.3333%,2,1,3,1,2,0,0
0x81d4cd,98.9011%,2,180,182,0,0,2,180
0x4a8712,0%,2,0,2,0,0,2,0
0x7e055d,77.7778%,2,7,9,0,0,2,7
0x780da3,99.7503%,2,799,801,0,0,2,799
0x5f2896,60%,2,3,5,3,2,0,0
0x9e7f1e,50%,2,2,4,0,0,2,2
0x482579,77.7778%,2,7,9,7,2,0,0
0x4a854d,75%,2,6,8,0,0,2,6
0x78169c,77.7778%,2,7,9,7,2,0,0
0x550dee,91.6667%,2,22,24,22,2,0,0
0x80568e,0%,2,0,2,0,2,0,0
0xa59f9c,33.3333%,2,1,3,0,0,2,1
0x9e3d15,0%,2,0,2,0,2,0,0
0xa53a67,0%,2,0,2,0,2,0,0
0x9e3d02,0%,2,0,2,0,0,2,0
0x8a6e4d,0%,2,0,2,0,2,0,0
0x5fb4a3,0%,2,0,2,0,0,2,0
0x9be654,91.6667%,2,22,24,22,2,0,0
0x4b950b,84.6154%,2,11,13,0,1,1,11
0x8a743a,99.2218%,2,255,257,0,0,2,255
0x9be6af,95.8333%,2,46,48,0,0,2,46
0x9711d6,60%,2,3,5,0,0,2,3
0x8d24d0,95.2381%,2,40,42,0,0,2,40
0xa329f8,0%,2,0,2,0,0,2,0
0x58daab,92.3077%,2,24,26,24,2,0,0
0x49ff2d,99.9563%,2,4571,4573,0,0,2,4571
0x4ad850,90.4762%,2,19,21,0,0,2,19
0x9bcabd,0%,2,0,2,0,2,0,0
0x77cb31,66.6667%,2,4,6,4,2,0,0
0x7dff1e,77.7778%,2,7,9,0,1,1,7
0xa362b4,99.3266%,2,295,297,0,0,2,295
0x492df1,0%,2,0,2,0,2,0,0
0x9bd6b7,91.6667%,2,22,24,11,1,1,11
0xa080d6,50%,2,2,4,2,2,0,0
0x9f394d,50%,2,2,4,0,0,2,2
0x88ea78,94.8718%,2,37,39,0,0,2,37
0xaa1273,50%,2,2,4,0,0,2,2
0x8df9f0,71.4286%,2,5,7,0,2,0,5
0x5f0db0,60%,2,3,5,0,0,2,3
0xa42e8c,96.5517%,2,56,58,54,0,2,2
0xa5b0c7,77.7778%,2,7,9,6,1,1,1
0xa3bd69,75%,2,6,8,0,0,2,6
0x8a931a,99.8639%,2,1468,1470,0,0,2,1468
0x8daa5b,99%,2,198,200,0,0,2,198
0x49a41b,66.6667%,2,4,6,4,2,0,0
0x5d8c65,80%,2,8,10,8,2,0,0
0x78c004,0%,2,0,2,0,0,2,0
0x5d8c55,80%,2,8,10,0,0,2,8
0x6107f4,84.6154%,2,11,13,11,2,0,0
0x58f835,97.2973%,2,72,74,0,0,2,72
0x81ea56,33.3333%,2,1,3,1,2,0,0
0x81e820,98.8701%,2,175,177,0,0,2,175
0x9177c6,98.7654%,2,160,162,0,0,2,160
0x8a694c,98.6842%,2,150,152,150,2,0,0
0x9e6178,83.3333%,2,10,12,0,0,2,10
0x534a04,77.7778%,2,7,9,0,0,2,7
0x5e1acb,0%,2,0,2,0,0,2,0
0xa5d1a9,93.9394%,2,31,33,0,0,2,31
0x494665,50%,2,2,4,1,1,1,1
0x4aa9ac,77.7778%,2,7,9,0,0,2,7
0xa53567,75%,2,6,8,0,0,2,6
0xa5ed16,60%,2,3,5,3,2,0,0
0xa4b96a,60%,2,3,5,3,0,2,0
0x551104,0%,2,0,2,0,2,0,0
0x550a8f,96.0784%,2,49,51,49,2,0,0
0x9d1de1,66.6667%,2,4,6,0,0,2,4
0x9bd631,94.4444%,2,34,36,12,0,2,22
0x805b2b,99.9282%,2,2783,2785,2783,2,0,0
0xa96322,0%,2,0,2,0,2,0,0
0xa5ecb4,60%,2,3,5,0,0,2,3
0x9e52ca,83.3333%,2,10,12,0,0,2,10
0x592e3d,96.2963%,2,52,54,49,1,1,3
0x805de7,50%,2,2,4,0,0,2,2
0x40b4e7,0%,2,0,2,0,2,0,0
0xa5d15a,92%,2,23,25,0,0,2,23
0x8e2718,99.8509%,2,1339,1341,0,0,2,1339
0x9e5120,88.8889%,2,16,18,16,2,0,0
0x7d41b8,60%,2,3,5,3,1,1,0
0x9bd66e,91.6667%,2,22,24,0,0,2,22
0xa608b3,60%,2,3,5,0,0,2,3
0x5d88d7,93.3333%,2,28,30,28,2,0,0
0x7bb47f,75%,2,6,8,6,2,0,0
0xa2f497,98.2301%,2,111,113,0,2,0,111
0x8eca90,81.8182%,2,9,11,0,0,2,9
0x8fda42,97.4684%,2,77,79,77,2,0,0
0x5b2f05,98.995%,2,197,199,197,2,0,0
0x607061,90%,2,18,20,18,2,0,0
0x80480a,0%,2,0,2,0,2,0,0
0x58d624,33.3333%,2,1,3,0,0,2,1
0x590575,0%,2,0,2,0,0,2,0
0x8226f5,99.7845%,2,926,928,0,0,2,926
0x593214,85.7143%,2,12,14,0,0,2,12
0x5ef98a,88.2353%,2,15,17,0,0,2,15
0xad6e37,0%,2,0,2,0,2,0,0
0x487fb4,0%,2,0,2,0,0,2,0
0xa09504,83.3333%,2,10,12,0,0,2,10
0x8047ae,0%,2,0,2,0,0,2,0
0x98b3db,96.2264%,2,51,53,0,0,2,51
0xa319c5,99.061%,2,211,213,0,0,2,211
0x80e4a3,0%,2,0,2,0,0,2,0
0x494f6d,66.6667%,2,4,6,0,2,0,4
0x6084a1,95.8333%,2,46,48,0,0,2,46
0xa1a2d9,77.7778%,2,7,9,7,2,0,0
0xa05e52,71.4286%,2,5,7,0,1,1,5
0xa2b30c,0%,2,0,2,0,0,2,0
0xa96f81,86.6667%,2,13,15,13,2,0,0
0x8ea20e,98.6111%,2,142,144,0,0,2,142
0xa96f6d,86.6667%,2,13,15,0,0,2,13
0x8f6c23,98.1651%,2,107,109,0,0,2,107
0x65ac9c,85.7143%,2,12,14,0,0,2,12
0x65acbd,85.7143%,2,12,14,12,2,0,0
0x803987,0%,2,0,2,0,2,0,0
0x81c033,99.3884%,2,325,327,0,0,2,325
0xa92891,66.6667%,2,4,6,0,0,2,4
0x4947e0,0%,2,0,2,0,2,0,0
0x8d3b1a,99.1903%,2,245,247,0,0,2,245
0x8e0aeb,99.9195%,2,2481,2483,1,0,2,2480
0x80966e,0%,2,0,2,0,0,2,0
0x4102c5,99.7843%,2,925,927,0,0,2,925
0x5bd116,95.4545%,2,42,44,0,0,2,42
0x67d6ec,0%,2,0,2,0,2,0,0
0x5bd0ea,81.8182%,2,9,11,9,2,0,0
0x441deb,81.8182%,2,9,11,0,0,2,9
0x8039a6,0%,2,0,2,0,2,0,0
0x59f932,0%,2,0,2,0,2,0,0
0x80d830,50%,2,2,4,0,2,0,2
0x8e9952,66.6667%,2,4,6,3,1,1,1
0x8038fe,0%,2,0,2,0,2,0,0
0x803875,0%,2,0,2,0,0,2,0
0x8eb6cf,99.9298%,2,2847,2849,0,0,2,2847
0x9f07f2,0%,2,0,2,0,1,1,0
0xa94623,0%,2,0,2,0,2,0,0
0x4a653a,33.3333%,2,1,3,0,0,2,1
0x804c9a,0%,2,0,2,0,2,0,0
0x8062b1,0%,2,0,2,0,2,0,0
0x981290,0%,2,0,2,0,1,1,0
0xa8f87e,50%,2,2,4,0,1,1,2
0xa94600,0%,2,0,2,0,0,2,0
0x5bc3ca,91.3043%,2,21,23,0,0,2,21
0x835c7a,80%,2,8,10,8,2,0,0
0x919037,0%,2,0,2,0,2,0,0
0xa938c9,98.8166%,2,167,169,0,0,2,167
0x7e0868,94.2857%,2,33,35,31,2,0,2
0xa21143,50%,2,2,4,2,2,0,0
0x803ddf,97.3333%,2,73,75,0,0,2,73
0x9fcf30,88.8889%,2,16,18,0,0,2,16
0x805f41,99.115%,2,224,226,0,0,2,224
0x9173b8,0%,2,0,2,0,0,2,0
0x5f6013,0%,2,0,2,0,0,2,0
0xa464aa,80%,2,8,10,0,0,2,8
0x649cbc,0%,2,0,2,0,2,0,0
0x649d96,0%,2,0,2,0,2,0,0
0x5b272f,95.7447%,2,45,47,0,1,1,45
0x8d9bf5,99.4595%,2,368,370,0,0,2,368
0x809ec2,50%,2,2,4,2,0,2,0
0x59096a,90%,2,18,20,18,0,2,0
0x97ba22,97.5904%,2,81,83,81,2,0,0
0x556315,33.3333%,2,1,3,1,2,0,0
0x5fc9bd,0%,2,0,2,0,2,0,0
0xa998e0,0%,2,0,2,0,1,1,0
0xa4507f,98.5816%,2,139,141,139,2,0,0
0x48eb55,97.5904%,2,81,83,0,0,2,81
0x8dbd7a,98.9247%,2,184,186,0,0,2,184
0xa08415,75%,2,6,8,0,1,1,6
0x5b2afe,95.5556%,2,43,45,0,0,2,43
0xa2ab00,97.561%,2,80,82,80,2,0,0
0x8631e1,0%,2,0,2,0,2,0,0
0x952396,0%,2,0,2,0,0,2,0
0x590a45,0%,2,0,2,0,2,0,0
0xb306c2,60%,2,3,5,3,2,0,0
0xa96f56,86.6667%,2,13,15,0,0,2,13
0x905cd3,98.4375%,2,126,128,126,2,0,0
0x48781b,0%,2,0,2,0,0,2,0
0x806882,97.3333%,2,73,75,0,0,2,73
0x48ed25,92%,2,23,25,23,2,0,0
0x8ec921,0%,2,0,2,0,0,2,0
0xa55b55,0%,2,0,2,0,0,2,0
0x8be847,91.3043%,2,21,23,0,1,1,21
0x5b4aac,0%,2,0,2,0,2,0,0
0x97a403,98.0583%,2,101,103,50,1,1,51
0x80442a,66.6667%,2,4,6,2,2,0,2
0x97a01b,96.0784%,2,49,51,0,0,2,49
0xb0b1d6,99.5074%,2,404,406,404,2,0,0
0x8e9663,0%,2,0,2,0,0,2,0
0xad4744,98.3193%,2,117,119,0,0,2,117
0x48701e,98.5507%,2,136,138,0,0,2,136
0x806321,66.6667%,2,4,6,0,0,2,4
0x7ac0af,66.6667%,2,4,6,4,2,0,0
0x8e4b95,98.8764%,2,176,178,176,2,0,0
0x51b986,98.1308%,2,105,107,105,2,0,0
0x639006,88.8889%,2,16,18,0,0,2,16
0x8ec904,0%,2,0,2,0,0,2,0
0x9aa13f,93.9394%,2,31,33,0,0,2,31
0x7d4435,0%,2,0,2,0,0,2,0
0x5f5ff9,0%,2,0,2,0,2,0,0
0x90e2bb,98.75%,2,158,160,0,0,2,158
0x5b262e,95.7447%,2,45,47,0,2,0,45
0x8e8b87,99.9808%,2,10389,10391,10389,2,0,0
0xaa08d4,97.5904%,2,81,83,76,1,1,5
0x59f99c,50%,2,2,4,0,0,2,2
0x557dc5,83.3333%,2,10,12,3,1,1,7
0x6704bc,0%,2,0,2,0,2,0,0
0x4b5dc5,98.7805%,2,162,164,162,2,0,0
0x4acb93,86.6667%,2,13,15,13,2,0,0
0xa9121b,50%,2,2,4,2,2,0,0
0x58c037,97.3684%,2,74,76,0,0,2,74
0x48c73f,96.5517%,2,56,58,0,0,2,56
0xa39ba3,99.6711%,2,606,608,0,0,2,606
0x97baa2,83.3333%,2,10,12,10,2,0,0
0x80d610,0%,2,0,2,0,2,0,0
0x64750e,90.4762%,2,19,21,0,1,1,19
0x4a1354,99.5717%,2,465,467,0,0,2,465
0x8a233f,0%,2,0,2,0,0,2,0
0xa96387,0%,2,0,2,0,2,0,0
0xa96373,0%,2,0,2,0,0,2,0
0x8f61cd,85.7143%,2,12,14,0,2,0,12
0xa93e79,83.3333%,2,10,12,10,2,0,0
0x8e92b1,33.3333%,2,1,3,0,0,2,1
0xa9c6e0,98.5915%,2,140,142,0,0,2,140
0x8aac8d,80%,2,8,10,8,2,0,0
0xa959ec,50%,2,2,4,2,2,0,0
0x673cfc,89.4737%,2,17,19,17,2,0,0
0xa21242,83.3333%,2,10,12,2,2,0,8
0xa96578,50%,2,2,4,2,2,0,0
0x8e9415,0%,2,0,2,0,2,0,0
0xa6c178,50%,2,2,4,2,2,0,0
0x5af391,96.7742%,2,60,62,0,0,2,60
0x8ec4ed,0%,2,0,2,0,0,2,0
0xa97b29,0%,2,0,2,0,0,2,0
0x6674a0,96.0784%,2,49,51,49,2,0,0
0xaa0038,33.3333%,2,1,3,0,0,2,1
0x7ef9f3,0%,2,0,2,0,2,0,0
0x48c2f9,97.9592%,2,96,98,95,1,1,1
0xa95b1e,0%,2,0,2,0,2,0,0
0x8ef59c,98.6111%,2,142,144,7,2,0,135
0x78d265,0%,2,0,2,0,0,2,0
0x78d24c,0%,2,0,2,0,0,2,0
0x94a028,99.1031%,2,221,223,221,2,0,0
0x4ac9e7,33.3333%,2,1,3,1,0,2,0
0x78d209,0%,2,0,2,0,0,2,0
0x78d16c,0%,2,0,2,0,0,2,0
0x404b81,77.7778%,2,7,9,0,2,0,7
0x78d14a,0%,2,0,2,0,0,2,0
0x9f6c6f,84.6154%,2,11,13,3,0,2,8
0x5f6c9a,86.6667%,2,13,15,1,1,1,12
0xa95abe,0%,2,0,2,0,0,2,0
0x80f81c,99.8311%,2,1182,1184,0,0,2,1182
0x919192,99%,2,198,200,198,2,0,0
0x80f207,98.8235%,2,168,170,0,0,2,168
0x8e94ec,50%,2,2,4,2,2,0,0
0x81063e,98.7805%,2,162,164,0,0,2,162
0x9f6c88,80%,2,8,10,0,2,0,8
0x4be5c1,81.8182%,2,9,11,9,2,0,0
0xb1c956,99.2424%,2,262,264,0,0,2,262
0x5b3038,80%,2,8,10,5,1,1,3
0x9fe19b,92%,2,23,25,0,0,2,23
0x77ff80,99.591%,2,487,489,487,2,0,0
0x811c62,99.5204%,2,415,417,415,2,0,0
0x54469a,0%,2,0,2,0,0,2,0
0xa9f3b0,33.3333%,2,1,3,0,0,2,1
0x9e24d3,99.4911%,2,391,393,148,2,0,243
0x5d4543,50%,2,2,4,2,2,0,0
0x7c6a50,75%,2,6,8,6,2,0,0
0xa0a54a,83.3333%,2,10,12,0,0,2,10
0x5db5da,50%,2,2,4,2,2,0,0
0x4ab224,60%,2,3,5,3,2,0,0
0x5dfd49,50%,2,2,4,0,0,2,2
0x814315,99.8724%,2,1565,1567,0,0,2,1565
0x815d1f,95.122%,2,39,41,39,2,0,0
0x8ae813,81.8182%,2,9,11,4,2,0,5
0x5db4fe,50%,2,2,4,0,0,2,2
0xa954a0,50%,2,2,4,2,2,0,0
0x492f33,97.2222%,2,70,72,34,0,2,36
0xacfbd2,96%,2,48,50,1,2,0,47
0x64c2a6,96.2264%,2,51,53,51,2,0,0
0x809a05,77.7778%,2,7,9,7,0,2,0
0x901254,98.9011%,2,180,182,2,0,2,178
0x9e86d9,93.75%,2,30,32,30,2,0,0
0x981528,93.1034%,2,27,29,0,0,2,27
0x80bb04,71.4286%,2,5,7,0,2,0,5
0x8f3678,98.0198%,2,99,101,0,0,2,99
0x9bddf7,0%,2,0,2,0,0,2,0
0x556f41,96.3636%,2,53,55,0,0,2,53
0x492b36,0%,2,0,2,0,0,2,0
0x541c6d,94.1176%,2,32,34,32,2,0,0
0x5f4202,71.4286%,2,5,7,0,0,2,5
0xa44fab,85.7143%,2,12,14,0,0,2,12
0x9e6f58,66.6667%,1,2,3,0,0,1,2
0x5efdfe,0%,1,0,1,0,1,0,0
0x808363,75%,1,3,4,3,1,0,0
0xa04f76,98.3871%,1,61,62,0,0,1,61
0x48ff19,90%,1,9,10,9,1,0,0
0x9f55c7,98.4848%,1,65,66,65,1,0,0
0x64f2fc,75%,1,3,4,0,0,1,3
0x7d441f,50%,1,1,2,0,0,1,1
0x9ab97b,99.5671%,1,230,231,230,1,0,0
0x9739e4,97.5%,1,39,40,0,0,1,39
0x5b2827,50%,1,1,2,0,0,1,1
0xa02308,99.9619%,1,2627,2628,0,0,1,2627
0xa8ab7a,98.7952%,1,82,83,0,0,1,82
0x5efb73,0%,1,0,1,0,1,0,0
0x956049,0%,1,0,1,0,0,1,0
0x481c6d,0%,1,0,1,0,1,0,0
0x58dd91,50%,1,1,2,0,0,1,1
0x5089d7,75%,1,3,4,0,0,1,3
0xa0280e,96.2963%,1,26,27,26,1,0,0
0x5b2851,50%,1,1,2,0,0,1,1
0x5efcfe,0%,1,0,1,0,1,0,0
0x58ee2f,50%,1,1,2,1,1,0,0
0xaaaa66,0%,1,0,1,0,0,1,0
0x58dd9f,50%,1,1,2,1,1,0,0
0xa486bc,99.5868%,1,241,242,0,0,1,241
0x5b2878,50%,1,1,2,0,0,1,1
0x58ee06,50%,1,1,2,0,0,1,1
0x8d231b,80%,1,4,5,4,1,0,0
0x81ba9d,99.5098%,1,203,204,203,1,0,0
0xa0263e,96.2963%,1,26,27,26,1,0,0
0x8be8d0,95.6522%,1,22,23,22,1,0,0
0x8bcc85,93.3333%,1,14,15,14,1,0,0
0x95607e,0%,1,0,1,0,0,1,0
0x593118,83.3333%,1,5,6,5,1,0,0
0x481c2b,88.8889%,1,8,9,0,0,1,8
0x6497a0,50%,1,1,2,0,0,1,1
0x9f64a2,99.4413%,1,178,179,0,0,1,178
0x58ee97,50%,1,1,2,1,1,0,0
0x64113c,50%,1,1,2,1,1,0,0
0xae6fb5,50%,1,1,2,1,1,0,0
0x5fa7ee,98.5507%,1,68,69,0,0,1,68
0x5efb62,92.3077%,1,12,13,12,0,1,0
0x838142,80%,1,4,5,4,1,0,0
0x809076,50%,1,1,2,0,0,1,1
0x481d2f,50%,1,1,2,1,1,0,0
0x5faacc,0%,1,0,1,0,0,1,0
0x9aaf06,97.7778%,1,44,45,44,1,0,0
0x480672,88.8889%,1,8,9,0,0,1,8
0x95605d,0%,1,0,1,0,1,0,0
0x58ee48,50%,1,1,2,1,1,0,0
0x495aba,0%,1,0,1,0,0,1,0
0x547e67,99.3151%,1,145,146,0,0,1,145
0x482313,88.8889%,1,8,9,8,1,0,0
0x956369,0%,1,0,1,0,0,1,0
0x8e9a33,50%,1,1,2,0,0,1,1
0x5f4858,50%,1,1,2,0,1,0,1
0x9bd627,97.2222%,1,35,36,0,0,1,35
0xa480ce,99.5536%,1,223,224,223,1,0,0
0xa95fb4,87.5%,1,7,8,0,0,1,7
0x4c8044,98.5507%,1,68,69,68,1,0,0
0x7d21d4,75%,1,3,4,3,1,0,0
0x9bd3d5,91.6667%,1,11,12,11,1,0,0
0x9fdc0a,94.4444%,1,17,18,17,1,0,0
0x9bd5ac,91.6667%,1,11,12,0,0,1,11
0xa042a5,0%,1,0,1,0,0,1,0
0x9a254c,97.5%,1,39,40,39,1,0,0
0xa26b55,96.1538%,1,25,26,0,0,1,25
0x5f0474,99.0476%,1,104,105,104,1,0,0
0x48fc57,75%,1,3,4,0,0,1,3
0x9bd5f3,91.6667%,1,11,12,11,1,0,0
0x9bd5da,91.6667%,1,11,12,0,0,1,11
0xa55e95,95.4545%,1,21,22,0,0,1,21
0x9a24b2,75%,1,3,4,3,1,0,0
0x5d87e7,96.6667%,1,29,30,29,1,0,0
0xa26c68,90%,1,9,10,0,0,1,9
0xa278fb,83.3333%,1,5,6,0,0,1,5
0xa27908,83.3333%,1,5,6,5,1,0,0
0xa26ce8,75%,1,3,4,0,0,1,3
0x99eb04,93.3333%,1,14,15,1,1,0,13
0x9bd674,95.8333%,1,23,24,0,0,1,23
0x99eb73,92.3077%,1,12,13,12,1,0,0
0x590c9d,95.4545%,1,21,22,1,1,0,20
0x4c65f5,50%,1,1,2,0,0,1,1
0x63f0a2,50%,1,1,2,0,0,1,1
0x9bd9fa,91.6667%,1,11,12,11,1,0,0
0x9be83c,91.6667%,1,11,12,11,1,0,0
0x9be8ab,91.6667%,1,11,12,11,1,0,0
0x40ae21,75%,1,3,4,1,1,0,2
0x8e74c4,98.5915%,1,70,71,70,1,0,0
0x7d2b6c,92.3077%,1,12,13,0,0,1,12
0x5f408f,75%,1,3,4,0,0,1,3
0x6d11ef,75%,1,3,4,3,1,0,0
0x5d3269,99.3103%,1,144,145,0,0,1,144
0x5f409f,75%,1,3,4,0,1,0,3
0x5f4227,85.7143%,1,6,7,0,0,1,6
0xaa4a4f,66.6667%,1,2,3,0,0,1,2
0x59c8e6,85.7143%,1,6,7,0,0,1,6
0x99be04,92.3077%,1,12,13,12,1,0,0
0x5f37e5,66.6667%,1,2,3,0,0,1,2
0x5f37fd,66.6667%,1,2,3,0,0,1,2
0x675729,0%,1,0,1,0,0,1,0
0x5fabec,0%,1,0,1,0,0,1,0
0xa39432,92.8571%,1,13,14,13,1,0,0
0x661afc,50%,1,1,2,0,0,1,1
0x9be98f,92.8571%,1,13,14,0,0,1,13
0x667133,99.4819%,1,192,193,192,1,0,0
0x59c904,66.6667%,1,2,3,1,0,1,1
0x5f45ee,50%,1,1,2,0,0,1,1
0x5f460d,50%,1,1,2,0,1,0,1
0x5f4629,0%,1,0,1,0,1,0,0
0x5f4659,50%,1,1,2,1,1,0,0
0x647219,95.2381%,1,20,21,20,1,0,0
0x688e9f,95.8333%,1,23,24,0,0,1,23
0x5f4937,50%,1,1,2,1,1,0,0
0x9c386f,99.7175%,1,353,354,353,1,0,0
0x4952e7,0%,1,0,1,0,1,0,0
0x50e2c5,98.6667%,1,74,75,0,0,1,74
0x9a247e,97.5%,1,39,40,39,1,0,0
0x49cf60,0%,1,0,1,0,1,0,0
0xa48e34,99.3103%,1,144,145,144,1,0,0
0xa52602,99.0099%,1,100,101,100,1,0,0
0x5b2f79,99.5146%,1,205,206,205,1,0,0
0x5af48b,98.3871%,1,61,62,61,1,0,0
0x47f260,99.9067%,1,1071,1072,1071,1,0,0
0x50d2f2,96.1538%,1,25,26,25,1,0,0
0x9be535,50%,1,1,2,0,0,1,1
0xa48ddf,99.4382%,1,177,178,0,0,1,177
0x9e8af2,99.3103%,1,144,145,0,0,1,144
0x9e8bad,99.3103%,1,144,145,144,1,0,0
0x5d6a00,66.6667%,1,2,3,2,1,0,0
0x5d0f3c,99.2481%,1,132,133,132,1,0,0
0x9e55f1,96.6667%,1,29,30,29,1,0,0
0xa36b8f,90%,1,9,10,9,1,0,0
0x7f36a6,93.3333%,1,14,15,14,1,0,0
0x58e286,98.6667%,1,74,75,74,1,0,0
0xaa5d68,99.5305%,1,212,213,0,0,1,212
0x5cf8b9,99.9455%,1,1835,1836,1835,1,0,0
0x5fb41a,50%,1,1,2,0,0,1,1
0x5cf908,99.9457%,1,1841,1842,0,0,1,1841
0x977d6e,99.2248%,1,128,129,0,0,1,128
0x606a94,99.5556%,1,224,225,224,1,0,0
0x5d27c3,99.2481%,1,132,133,132,1,0,0
0x88a0ff,95.4545%,1,21,22,0,0,1,21
0x8f768c,75%,1,3,4,3,1,0,0
0x910f68,99.9136%,1,1157,1158,1157,1,0,0
0x5b305e,97.7778%,1,44,45,44,1,0,0
0x5dd939,99.2481%,1,132,133,132,1,0,0
0x5d1186,99.3103%,1,144,145,0,0,1,144
0x80b45d,0%,1,0,1,0,0,1,0
0xa30576,99.4118%,1,169,170,0,0,1,169
0x609e19,99.1304%,1,114,115,114,1,0,0
0x80abee,50%,1,1,2,1,1,0,0
0x9be8cc,91.6667%,1,11,12,11,1,0,0
0x8f392e,99.8755%,1,802,803,802,1,0,0
0x8e4da6,99.8035%,1,508,509,508,1,0,0
0x9bd4f4,75%,1,3,4,0,0,1,3
0x79306b,90%,1,9,10,0,0,1,9
0xa08ca9,75%,1,3,4,3,1,0,0
0x8bf17e,50%,1,1,2,0,0,1,1
0x9bdb0b,75%,1,3,4,0,0,1,3
0x5dab4e,75%,1,3,4,3,1,0,0
0x9bdb41,75%,1,3,4,3,1,0,0
0x9733d8,97.5%,1,39,40,39,1,0,0
0xa90309,97.3684%,1,37,38,0,0,1,37
0x8f2b3d,97.0588%,1,33,34,33,1,0,0
0x90caf3,99.5798%,1,237,238,119,0,1,118
0x9a3299,98.5294%,1,67,68,67,1,0,0
0xa27590,99.0909%,1,109,110,109,1,0,0
0x63ce64,99.5%,1,199,200,199,1,0,0
0x5a94d7,80%,1,4,5,4,1,0,0
0x99f01f,98.9583%,1,95,96,0,0,1,95
0x5a9505,80%,1,4,5,4,1,0,0
0x492ba9,50%,1,1,2,0,0,1,1
0x4a768a,98.7179%,1,77,78,0,0,1,77
0x492ca9,50%,1,1,2,0,0,1,1
0x492d03,98.6111%,1,71,72,71,1,0,0
0x8f53e5,99.8896%,1,905,906,0,0,1,905
0x5cd473,98.5075%,1,66,67,66,1,0,0
0x945290,99.5575%,1,225,226,0,0,1,225
0x50a711,98.5714%,1,69,70,0,0,1,69
0x70e8a9,83.3333%,1,5,6,0,0,1,5
0xa5766c,92.8571%,1,13,14,0,0,1,13
0xa56ed6,99.6124%,1,257,258,257,1,0,0
0x48157b,94.7368%,1,18,19,18,1,0,0
0x4a97e9,75%,1,3,4,0,0,1,3
0xb2eb2a,99.987%,1,7680,7681,0,0,1,7680
0x4a7d67,0%,1,0,1,0,0,1,0
0x9a3f66,96.4286%,1,27,28,0,0,1,27
0x4b5718,50%,1,1,2,1,1,0,0
0xa57377,97.561%,1,40,41,0,0,1,40
0xa57386,97.561%,1,40,41,0,0,1,40
0x4b5529,83.3333%,1,5,6,5,1,0,0
0xa570e6,96.7742%,1,30,31,0,0,1,30
0x8d43b2,0%,1,0,1,0,1,0,0
0x4ca72b,50%,1,1,2,1,1,0,0
0x9e88dd,99.1379%,1,115,116,115,1,0,0
0x485c55,98.6301%,1,72,73,72,1,0,0
0x5bedbd,50%,1,1,2,1,1,0,0
0x8eb54b,97.2973%,1,36,37,0,0,1,36
0x5f4ec8,0%,1,0,1,0,0,1,0
0x8f4e01,91.6667%,1,11,12,6,0,1,5
0xa5770d,96.4286%,1,27,28,27,1,0,0
0x8deca1,50%,1,1,2,1,1,0,0
0x9e2262,50%,1,1,2,0,0,1,1
0x9a134d,96.6667%,1,29,30,29,1,0,0
0x9be610,50%,1,1,2,1,1,0,0
0x49c3fb,90%,1,9,10,9,1,0,0
0x494ff1,50%,1,1,2,1,1,0,0
0x49fd38,99.9161%,1,1191,1192,1191,1,0,0
0x8eed5c,99.2857%,1,139,140,0,0,1,139
0x976fc1,50%,1,1,2,1,1,0,0
0x491478,99.3671%,1,157,158,157,1,0,0
0xa34c98,98.6667%,1,74,75,0,0,1,74
0x99e8a6,99.0476%,1,104,105,0,0,1,104
0x9ea991,50%,1,1,2,0,0,1,1
0x6ebfbc,0%,1,0,1,0,1,0,0
0xa9ea39,99.4048%,1,167,168,167,1,0,0
0x8e3e09,75%,1,3,4,0,0,1,3
0x99e245,92.3077%,1,12,13,12,1,0,0
0x9ea9d4,50%,1,1,2,0,0,1,1
0xa04bf5,97.3684%,1,37,38,37,1,0,0
0x591672,66.6667%,1,2,3,0,0,1,2
0x647976,98.4375%,1,63,64,0,0,1,63
0x99e505,92.3077%,1,12,13,12,1,0,0
0xa63a97,75%,1,3,4,3,1,0,0
0x9ead63,99.4475%,1,180,181,0,0,1,180
0x943945,98.6667%,1,74,75,0,0,1,74
0x99e857,93.3333%,1,14,15,0,0,1,14
0x809c29,50%,1,1,2,0,0,1,1
0x5c7df8,98.75%,1,79,80,79,1,0,0
0x5c36d8,75%,1,3,4,3,1,0,0
0xa42838,99.4286%,1,174,175,174,1,0,0
0x809c60,50%,1,1,2,0,0,1,1
0x9ec1a7,98.2143%,1,55,56,55,1,0,0
0x8ba025,99.0196%,1,101,102,0,0,1,101
0x78a617,93.75%,1,15,16,15,1,0,0
0x597f27,93.3333%,1,14,15,14,1,0,0
0xa07052,88.8889%,1,8,9,1,1,0,7
0x99b802,99.4737%,1,189,190,189,1,0,0
0xa0177e,97.5%,1,39,40,0,0,1,39
0x9ec3b7,97.5%,1,39,40,39,1,0,0
0x9ec4b3,66.6667%,1,2,3,0,0,1,2
0xa2a9f3,99.115%,1,112,113,112,1,0,0
0x540926,91.6667%,1,11,12,11,1,0,0
0x5f209d,96.9697%,1,32,33,32,1,0,0
0xa37ca7,80%,1,4,5,0,0,1,4
0x99bb46,95.2381%,1,20,21,20,1,0,0
0x4ab87d,96.7742%,1,30,31,0,0,1,30
0xa9884c,87.5%,1,7,8,3,1,0,4
0xa2661f,99.9013%,1,1012,1013,1012,1,0,0
0x609684,98.7952%,1,82,83,82,1,0,0
0x8d9d99,98.7952%,1,82,83,82,1,0,0
0x647c48,97.6744%,1,42,43,0,0,1,42
0x5f3a5a,85.7143%,1,6,7,6,1,0,0
0x6096fd,99.3827%,1,161,162,161,1,0,0
0x81223a,99.7354%,1,377,378,377,1,0,0
0x64795d,98.4375%,1,63,64,63,1,0,0
0x5f1f51,97.2222%,1,35,36,35,1,0,0
0x7d23c7,0%,1,0,1,0,1,0,0
0x48e8ce,0%,1,0,1,0,1,0,0
0x608d8a,95.2381%,1,20,21,0,0,1,20
0xa4707f,95.4545%,1,21,22,0,0,1,21
0xa4466a,98.0769%,1,51,52,51,1,0,0
0x5f21a7,97.2222%,1,35,36,0,0,1,35
0x95979f,97.9167%,1,47,48,47,1,0,0
0x4afb84,95%,1,19,20,0,0,1,19
0x9a1944,95%,1,19,20,19,1,0,0
0xa04278,50%,1,1,2,0,1,0,1
0x48ec79,93.3333%,1,14,15,0,0,1,14
0x9a1b82,95.2381%,1,20,21,20,1,0,0
0x4c9ea5,75%,1,3,4,3,1,0,0
0x9bda75,75%,1,3,4,3,1,0,0
0x959173,93.75%,1,15,16,15,1,0,0
0x5b2efa,99.4975%,1,198,199,0,0,1,198
0x60bc37,94.4444%,1,17,18,17,1,0,0
0x4928e2,0%,1,0,1,0,0,1,0
0x63b4fb,99.8765%,1,809,810,809,1,0,0
0x5f1460,99.3711%,1,158,159,0,0,1,158
0x8a5202,99.5392%,1,216,217,0,0,1,216
0x91759c,99.5%,1,199,200,0,0,1,199
0x5cd631,66.6667%,1,2,3,0,0,1,2
0xa965cb,87.5%,1,7,8,7,1,0,0
0x64f661,97.619%,1,41,42,41,1,0,0
0x60a743,99.9218%,1,1277,1278,1277,1,0,0
0x4b55c0,50%,1,1,2,0,0,1,1
0x9bea28,91.6667%,1,11,12,11,1,0,0
0x494dc4,95%,1,19,20,19,1,0,0
0x607022,99.2537%,1,133,134,133,1,0,0
0xa6c5c0,98.7952%,1,82,83,82,1,0,0
0x5f55f3,98.2143%,1,55,56,55,1,0,0
0x8e7817,99.4505%,1,181,182,0,0,1,181
0xa5519a,87.5%,1,7,8,7,1,0,0
0x4928ef,0%,1,0,1,0,1,0,0
0x9a32f9,99.3151%,1,145,146,0,0,1,145
0xa5869a,87.5%,1,7,8,7,1,0,0
0xaa7e97,99.9648%,1,2839,2840,0,0,1,2839
0x4103da,95.8333%,1,23,24,21,1,0,2
0x4052a2,99.8858%,1,875,876,0,0,1,875
0x99b164,97.5%,1,39,40,39,1,0,0
0x647271,95.2381%,1,20,21,20,1,0,0
0x99af7c,85.7143%,1,6,7,0,0,1,6
0x5d90c8,99.3197%,1,146,147,0,0,1,146
0x6472c8,95%,1,19,20,0,0,1,19
0x6475ff,95.2381%,1,20,21,20,1,0,0
0x5f03f7,99.0476%,1,104,105,0,0,1,104
0x781837,83.3333%,1,5,6,0,0,1,5
0x483c99,94.7368%,1,18,19,18,1,0,0
0x4832f7,96.5517%,1,28,29,28,1,0,0
0x48396d,96.5517%,1,28,29,28,1,0,0
0x8ddb19,99.1071%,1,111,112,0,0,1,111
0x5b8f7b,50%,1,1,2,1,1,0,0
0xad0647,50%,1,1,2,0,0,1,1
0xad6c4f,50%,1,1,2,0,0,1,1
0xad6dd9,50%,1,1,2,1,1,0,0
0x47f1b6,94.7368%,1,18,19,18,1,0,0
0x5f391b,66.6667%,1,2,3,0,0,1,2
0x511079,99.9735%,1,3773,3774,3773,1,0,0
0x780862,95.2381%,1,20,21,2,1,0,18
0x9f4eff,99.1071%,1,111,112,111,1,0,0
0x99d6b5,88.8889%,1,8,9,8,1,0,0
0x5914e5,94.7368%,1,18,19,18,1,0,0
0x97bb3f,97.0588%,1,33,34,0,0,1,33
0x666125,0%,1,0,1,0,0,1,0
0x4826ff,94.7368%,1,18,19,0,0,1,18
0x81f508,75%,1,3,4,3,1,0,0
0xae6fee,50%,1,1,2,0,0,1,1
0x5b2b69,97.7778%,1,44,45,0,0,1,44
0xa302cb,99.4872%,1,194,195,0,0,1,194
0xa528b9,50%,1,1,2,1,1,0,0
0x9a9f84,92.3077%,1,12,13,0,0,1,12
0x5fab2c,0%,1,0,1,0,1,0,0
0x78949f,87.5%,1,7,8,0,0,1,7
0x5b9e92,87.5%,1,7,8,0,0,1,7
0x80bb0a,80%,1,4,5,0,0,1,4
0x5a8726,50%,1,1,2,1,1,0,0
0xa396f6,92.8571%,1,13,14,0,0,1,13
0xa99ca6,75%,1,3,4,0,0,1,3
0x67a237,95.6522%,1,22,23,22,1,0,0
0x5b8cfc,90%,1,9,10,7,1,0,2
0x973285,97.5%,1,39,40,0,0,1,39
0x6dcc38,0%,1,0,1,0,1,0,0
0x9732db,97.619%,1,41,42,0,0,1,41
0x90ba30,99.8255%,1,572,573,572,1,0,0
0xaabb9c,75%,1,3,4,3,1,0,0
0x9733fc,97.5%,1,39,40,0,0,1,39
0x97341b,97.5%,1,39,40,0,0,1,39
0x58bc90,98.4375%,1,63,64,0,0,1,63
0x58e41e,97.5%,1,39,40,0,0,1,39
0xa2d710,98.8235%,1,84,85,84,1,0,0
0x58bd04,98.7805%,1,81,82,81,1,0,0
0x481b8c,94.7368%,1,18,19,0,0,1,18
0x481e14,94.7368%,1,18,19,0,0,1,18
0xa97aae,80%,1,4,5,4,1,0,0
0x7c7551,83.3333%,1,5,6,5,1,0,0
0x9c4e92,75%,1,3,4,0,1,0,3
0x8c7d89,99.9336%,1,1504,1505,1504,1,0,0
0x9732f2,97.3684%,1,37,38,37,1,0,0
0x972f00,83.3333%,1,5,6,0,0,1,5
0xa58f3a,99.1597%,1,118,119,118,1,0,0
0x5b8d34,75%,1,3,4,0,0,1,3
0x977c2f,99.3007%,1,142,143,142,1,0,0
0x5dda22,0%,1,0,1,0,0,1,0
0x977d19,99.3289%,1,148,149,148,1,0,0
0x8325e0,0%,1,0,1,0,0,1,0
0x81159b,99.8814%,1,842,843,842,1,0,0
0xaccdfe,0%,1,0,1,0,1,0,0
0xacce59,0%,1,0,1,0,1,0,0
0xacce85,0%,1,0,1,0,1,0,0
0x58dbd5,0%,1,0,1,0,1,0,0
0x805444,83.3333%,1,5,6,3,1,0,2
0x5b3768,50%,1,1,2,1,1,0,0
0x9a9841,90%,1,9,10,9,1,0,0
0x7aedd4,90.9091%,1,10,11,0,0,1,10
0x8d999b,83.3333%,1,5,6,5,1,0,0
0x816c5c,99.919%,1,1234,1235,0,0,1,1234
0x496257,83.3333%,1,5,6,0,0,1,5
0x5deebc,0%,1,0,1,0,1,0,0
0x9a7455,92.8571%,1,13,14,0,0,1,13
0x65b095,92.3077%,1,12,13,0,0,1,12
0x627da4,95.6522%,1,22,23,0,0,1,22
0x5a9646,87.5%,1,7,8,4,1,0,3
0x8ecc37,0%,1,0,1,0,0,1,0
0x5a039a,80%,1,4,5,4,1,0,0
0x54d29d,85.7143%,1,6,7,6,1,0,0
0x54d7f4,95.6522%,1,22,23,22,1,0,0
0x7aee2b,83.3333%,1,5,6,0,0,1,5
0x494017,50%,1,1,2,0,0,1,1
0x9a485a,87.5%,1,7,8,3,1,0,4
0x58deff,93.75%,1,15,16,0,0,1,15
0xa4c5bc,75%,1,3,4,0,0,1,3
0xa51b4a,97.5%,1,39,40,39,1,0,0
0x5ae5ed,96%,1,24,25,24,1,0,0
0x81d4ed,99.4505%,1,181,182,181,1,0,0
0x5afdd9,96%,1,24,25,24,1,0,0
0x81d4e1,99.4505%,1,181,182,0,0,1,181
0x5afe40,95.2381%,1,20,21,0,0,1,20
0xa470b8,95.4545%,1,21,22,0,0,1,21
0x9ab35f,99.9142%,1,1164,1165,0,0,1,1164
0x9782cf,94.7368%,1,18,19,18,1,0,0
0x5afee4,95.2381%,1,20,21,20,1,0,0
0x5b61b3,0%,1,0,1,0,0,1,0
0x495f70,91.6667%,1,11,12,0,0,1,11
0x48ec92,93.3333%,1,14,15,0,0,1,14
0x6411a7,50%,1,1,2,1,1,0,0
0x40a642,96.1538%,1,25,26,0,0,1,25
0x4094e6,50%,1,1,2,0,0,1,1
0x496133,66.6667%,1,2,3,0,0,1,2
0x9edf3d,99.187%,1,122,123,122,1,0,0
0x496165,66.6667%,1,2,3,2,1,0,0
0x5b4ae5,0%,1,0,1,0,1,0,0
0x5b4b37,0%,1,0,1,0,1,0,0
0x5b6093,0%,1,0,1,0,1,0,0
0x7c20f1,91.6667%,1,11,12,11,1,0,0
0x9e5e6b,94.1176%,1,16,17,16,1,0,0
0x5b60cf,0%,1,0,1,0,1,0,0
0x5b1017,88.8889%,1,8,9,8,1,0,0
0x481855,96.5517%,1,28,29,28,1,0,0
0x887743,0%,1,0,1,0,1,0,0
0x4bd23b,50%,1,1,2,0,0,1,1
0x8878c4,0%,1,0,1,0,0,1,0
0x9a913a,92.8571%,1,13,14,13,1,0,0
0x88a22c,97.4359%,1,38,39,0,0,1,38
0x5db52b,75%,1,3,4,3,1,0,0
0x8aadb9,80%,1,4,5,4,1,0,0
0x65af9e,92.3077%,1,12,13,12,1,0,0
0xa5bfa4,96.875%,1,31,32,31,1,0,0
0x809a87,50%,1,1,2,0,1,0,1
0x9a94a7,97.5%,1,39,40,0,0,1,39
0x9a9467,50%,1,1,2,1,1,0,0
0x5b5e2c,80%,1,4,5,4,1,0,0
0x9a96af,95%,1,19,20,0,1,0,19
0xa3491d,99.7797%,1,453,454,453,1,0,0
0x6815c2,83.3333%,1,5,6,0,0,1,5
0x5e46a3,99.9337%,1,1508,1509,1508,1,0,0
0x54d949,93.75%,1,15,16,15,1,0,0
0x4ae5a6,0%,1,0,1,0,1,0,0
0x8f77c1,99.3631%,1,156,157,156,1,0,0
0x8dce06,75%,1,3,4,3,1,0,0
0xa47bad,97.619%,1,41,42,41,1,0,0
0x5d3b08,99.9197%,1,1244,1245,1244,1,0,0
0x5dd565,99.9194%,1,1240,1241,1240,1,0,0
0x5eb8e6,99.8829%,1,853,854,853,1,0,0
0x491bdb,98.7342%,1,78,79,77,1,0,1
0x88e5b4,97.4359%,1,38,39,38,1,0,0
0x88e63a,96%,1,24,25,24,1,0,0
0xa55925,50%,1,1,2,1,1,0,0
0x951cd1,99.843%,1,636,637,0,0,1,636
0x8bd66f,83.3333%,1,5,6,0,0,1,5
0x60be0c,90%,1,9,10,0,0,1,9
0x9912ea,99.0741%,1,107,108,0,0,1,107
0x991322,94.1176%,1,16,17,0,0,1,16
0x9913b2,99.0741%,1,107,108,107,1,0,0
0x5f0f8b,97.0588%,1,33,34,0,0,1,33
0x50ea5b,91.6667%,1,11,12,11,1,0,0
0x9eaaa9,50%,1,1,2,0,0,1,1
0xa3898f,92.3077%,1,12,13,3,0,1,9
0x542da9,99.9468%,1,1878,1879,0,0,1,1878
0x6071f7,95%,1,19,20,0,0,1,19
0xa9ca6b,90%,1,9,10,9,1,0,0
0x54db76,97.4359%,1,38,39,38,1,0,0
0x5f7f32,85.7143%,1,6,7,0,0,1,6
0x5df21c,99.0991%,1,110,111,0,0,1,110
0x5b34fc,97.7778%,1,44,45,44,1,0,0
0x50201c,96.875%,1,31,32,0,0,1,31
0x5b5db9,75%,1,3,4,3,1,0,0
0x5cfdb0,95.8333%,1,23,24,23,1,0,0
0x88871e,95.4545%,1,21,22,21,1,0,0
0x94accc,98.2143%,1,55,56,55,1,0,0
0xae6f32,98.5714%,1,69,70,69,1,0,0
0x4950d2,0%,1,0,1,0,0,1,0
0xa9b8a8,95%,1,19,20,19,1,0,0
0xa3bd5f,87.5%,1,7,8,0,0,1,7
0x7b2aa6,97.7273%,1,43,44,0,0,1,43
0xae709d,98.5507%,1,68,69,0,0,1,68
0x8a6a3f,0%,1,0,1,0,1,0,0
0x5cf487,83.3333%,1,5,6,5,1,0,0
0x9ed407,99.0991%,1,110,111,110,1,0,0
0x904214,95%,1,19,20,0,0,1,19
0x54d472,83.3333%,1,5,6,5,1,0,0
0x5a652b,0%,1,0,1,0,1,0,0
0x8ad409,50%,1,1,2,1,1,0,0
0x819e03,93.75%,1,15,16,0,0,1,15
0x40b029,50%,1,1,2,1,1,0,0
0x444958,92.3077%,1,12,13,12,1,0,0
0x4a7d76,0%,1,0,1,0,1,0,0
0x409f76,92.8571%,1,13,14,13,1,0,0
0x4c712f,94.4444%,1,17,18,17,0,1,0
0x9f4c01,99.4286%,1,174,175,174,1,0,0
0xa414f2,96%,1,24,25,24,1,0,0
0x5e4361,99.9337%,1,1508,1509,0,0,1,1508
0x54d139,93.3333%,1,14,15,14,1,0,0
0x54d157,93.3333%,1,14,15,14,1,0,0
0x54cd9b,94.7368%,1,18,19,0,0,1,18
0x5f1505,97.3684%,1,37,38,37,1,0,0
0x65c2e0,93.75%,1,15,16,15,1,0,0
0x48fa12,90%,1,9,10,0,0,1,9
0x60c647,75%,1,3,4,3,1,0,0
0x47f821,94.7368%,1,18,19,0,0,1,18
0x9bc88b,50%,1,1,2,1,1,0,0
0x47fc95,94.4444%,1,17,18,0,0,1,17
0x47fcba,94.7368%,1,18,19,18,1,0,0
0x47fe2f,94.7368%,1,18,19,0,0,1,18
0xa9ece6,99.5575%,1,225,226,0,0,1,225
0x817072,50%,1,1,2,1,1,0,0
0x47ff7c,94.7368%,1,18,19,0,0,1,18
0x58e2fa,98.6667%,1,74,75,74,1,0,0
0xa9a3c4,80%,1,4,5,4,1,0,0
0x5f8d76,0%,1,0,1,0,0,1,0
0x5f14fd,97.3684%,1,37,38,0,0,1,37
0xa97efb,92.8571%,1,13,14,0,0,1,13
0x480566,97.3684%,1,37,38,37,1,0,0
0x4807a7,94.7368%,1,18,19,0,0,1,18
0x99c8cf,99.798%,1,494,495,494,1,0,0
0x480ed7,94.7368%,1,18,19,0,0,1,18
0xaa2ff1,99.0196%,1,101,102,101,1,0,0
0x5dcf1a,99.2481%,1,132,133,132,1,0,0
0x48deee,97.561%,1,40,41,0,0,1,40
0x5423e6,99.5434%,1,218,219,0,0,1,218
0x480f53,94.7368%,1,18,19,0,0,1,18
0x481677,94.7368%,1,18,19,0,0,1,18
0x9731c7,97.619%,1,41,42,0,0,1,41
0x481728,97.3684%,1,37,38,37,1,0,0
0x491c93,0%,1,0,1,0,1,0,0
0x5af889,98.1132%,1,52,53,52,1,0,0
0x5a656a,50%,1,1,2,1,0,1,0
0x486ef2,50%,1,1,2,0,0,1,1
0x490ce0,88.8889%,1,8,9,0,0,1,8
0x5d904e,99.3197%,1,146,147,0,0,1,146
0xa54eaf,98.3607%,1,60,61,60,1,0,0
0xad4352,66.6667%,1,2,3,0,0,1,2
0x490ec6,88.8889%,1,8,9,0,0,1,8
0x80a6d9,0%,1,0,1,0,1,0,0
0x7c5fef,50%,1,1,2,1,1,0,0
0xa51104,75%,1,3,4,0,0,1,3
0x5b18b8,92.8571%,1,13,14,13,1,0,0
0x5e4542,99.1736%,1,120,121,120,1,0,0
0x54d6c3,95%,1,19,20,19,1,0,0
0x5ee22b,96.6667%,1,29,30,29,1,0,0
0x5ee413,99.435%,1,176,177,176,1,0,0
0x9d1c71,50%,1,1,2,0,0,1,1
0x787c01,83.3333%,1,5,6,5,1,0,0
0x5d8737,96.6667%,1,29,30,29,1,0,0
0x94987d,98.7342%,1,78,79,0,0,1,78
0x5d88a0,96.6667%,1,29,30,0,0,1,29
0x99ef66,50%,1,1,2,0,0,1,1
0x9498aa,98.7342%,1,78,79,78,1,0,0
0x7e81c9,50%,1,1,2,1,1,0,0
0x8ff586,50%,1,1,2,0,0,1,1
0x8dd1a2,99.6805%,1,312,313,312,1,0,0
0x94cf9d,97.8723%,1,46,47,0,0,1,46
0x94cfa8,97.8723%,1,46,47,46,1,0,0
0x94d13c,97.8723%,1,46,47,0,0,1,46
0x991a56,99.6212%,1,263,264,263,1,0,0
0x4850bc,97.7778%,1,44,45,44,1,0,0
0x970eed,99.9327%,1,1485,1486,1485,1,0,0
0x670608,99.2481%,1,132,133,0,0,1,132
0x9e3f6c,94.7368%,1,18,19,0,0,1,18
0xa08796,87.5%,1,7,8,0,0,1,7
0x970f97,85.7143%,1,6,7,0,0,1,6
0x977b61,95.2381%,1,20,21,0,0,1,20
0x977b11,85.7143%,1,6,7,0,0,1,6
0x5f61c5,50%,1,1,2,1,1,0,0
0x97834b,99.2481%,1,132,133,0,0,1,132
0xb17b3f,99.8601%,1,714,715,714,1,0,0
0x5d69ec,66.6667%,1,2,3,0,0,1,2
0x978003,99.2806%,1,138,139,0,0,1,138
0x51b2c8,94.7368%,1,18,19,18,1,0,0
0x606c74,87.5%,1,7,8,7,1,0,0
0xa5a170,90%,1,9,10,9,1,0,0
0xa5a113,50%,1,1,2,0,0,1,1
0x970fd4,85.7143%,1,6,7,4,1,0,2
0x48f169,91.6667%,1,11,12,11,1,0,0
0x9d0793,98.3607%,1,60,61,60,1,0,0
0xaa25c2,95.4545%,1,21,22,0,0,1,21
0xa41e38,99.9206%,1,1259,1260,1259,1,0,0
0xa5b302,66.6667%,1,2,3,2,1,0,0
0x9e5960,66.6667%,1,2,3,2,1,0,0
0xa5b2b9,66.6667%,1,2,3,0,0,1,2
0x9e52de,91.6667%,1,11,12,11,1,0,0
0x485ccd,66.6667%,1,2,3,2,1,0,0
0x7d1c8b,0%,1,0,1,0,1,0,0
0x9e50e2,91.6667%,1,11,12,11,1,0,0
0x8c8b05,98.75%,1,79,80,79,1,0,0
0xa5b500,88.8889%,1,8,9,0,0,1,8
0x9e7e99,75%,1,3,4,0,0,1,3
0x97827e,83.3333%,1,5,6,5,1,0,0
0x9a67c4,50%,1,1,2,1,1,0,0
0xa069b3,50%,1,1,2,0,0,1,1
0xa8f808,75%,1,3,4,0,0,1,3
0x550a31,97.0588%,1,33,34,33,1,0,0
0x9e8450,66.6667%,1,2,3,0,0,1,2
0x9e8447,66.6667%,1,2,3,0,0,1,2
0x9e84fa,95.2381%,1,20,21,0,0,1,20
0x5cf34b,75%,1,3,4,3,1,0,0
0x5cf346,75%,1,3,4,0,0,1,3
0x5031d3,50%,1,1,2,1,1,0,0
0x9e7f27,75%,1,3,4,3,1,0,0
0x8df0c5,95.8333%,1,23,24,23,1,0,0
0x550f46,95.6522%,1,22,23,17,0,1,5
0x9e48c5,94.4444%,1,17,18,0,0,1,17
0x81b482,83.3333%,1,5,6,5,1,0,0
0x9e7e80,75%,1,3,4,3,1,0,0
0x9e7e28,75%,1,3,4,0,0,1,3
0x50fef5,50%,1,1,2,1,1,0,0
0xa97ad6,80%,1,4,5,4,1,0,0
0x5c7550,66.6667%,1,2,3,0,0,1,2
0x96ae0a,50%,1,1,2,1,1,0,0
0xa04c87,97.3684%,1,37,38,0,0,1,37
0x9e7b4a,50%,1,1,2,1,1,0,0
0x9e71f6,50%,1,1,2,1,1,0,0
0x9712ac,80%,1,4,5,0,0,1,4
0xa64cd8,75%,1,3,4,0,0,1,3
0xa3681f,99.7732%,1,440,441,0,0,1,440
0x63bb7f,66.6667%,1,2,3,2,1,0,0
0x5f5a4d,50%,1,1,2,0,0,1,1
0x99abdf,0%,1,0,1,0,1,0,0
0x7d4460,50%,1,1,2,0,0,1,1
0x9a312d,0%,1,0,1,0,1,0,0
0x9a310f,0%,1,0,1,0,1,0,0
0xb347c4,99.2188%,1,127,128,0,0,1,127
0xa46cef,99.5652%,1,229,230,229,1,0,0
0xa589c7,99.3151%,1,145,146,0,0,1,145
0x4aca51,83.3333%,1,5,6,5,1,0,0
0x5f2641,83.3333%,1,5,6,0,0,1,5
0x59073e,66.6667%,1,2,3,0,0,1,2
0x9c4d65,80%,1,4,5,4,1,0,0
0xa592b5,90%,1,9,10,9,1,0,0
0x5c4500,97.2973%,1,36,37,36,1,0,0
0x809f3b,50%,1,1,2,0,0,1,1
0x49bec7,50%,1,1,2,1,1,0,0
0xa59301,93.3333%,1,14,15,0,0,1,14
0x8ed738,0%,1,0,1,0,1,0,0
0x8dfa4c,0%,1,0,1,0,1,0,0
0x4a8750,50%,1,1,2,1,1,0,0
0x8dfff9,91.6667%,1,11,12,11,1,0,0
0xa180a7,99.8549%,1,688,689,0,0,1,688
0xa58f7f,99.1597%,1,118,119,118,1,0,0
0x8dffcb,91.6667%,1,11,12,5,1,0,6
0x8ecacc,50%,1,1,2,1,1,0,0
0xa64af4,50%,1,1,2,1,1,0,0
0xa5d16b,96%,1,24,25,1,0,1,23
0x9f1291,90%,1,9,10,9,1,0,0
0x4ac91f,66.6667%,1,2,3,0,1,0,2
0x58e467,80%,1,4,5,0,0,1,4
0xa53325,83.3333%,1,5,6,0,0,1,5
0xa07937,83.3333%,1,5,6,0,1,0,5
0x48783f,0%,1,0,1,0,0,1,0
0x9a0a3b,96.4286%,1,27,28,0,0,1,27
0x9e5ff1,94.4444%,1,17,18,17,1,0,0
0xacfb3e,95.2381%,1,20,21,20,1,0,0
0x487860,93.3333%,1,14,15,14,1,0,0
0x9e5f0b,94.4444%,1,17,18,17,1,0,0
0x50956e,85.7143%,1,6,7,0,0,1,6
0xa5abdc,93.3333%,1,14,15,14,1,0,0
0xa5ab65,85.7143%,1,6,7,0,0,1,6
0xa5ab04,85.7143%,1,6,7,0,0,1,6
0xa37202,90%,1,9,10,9,1,0,0
0x4ac8f3,66.6667%,1,2,3,2,1,0,0
0x970d80,50%,1,1,2,1,1,0,0
0x99ebfe,50%,1,1,2,1,1,0,0
0x99ebe6,50%,1,1,2,0,0,1,1
0x5d8da1,90%,1,9,10,9,1,0,0
0x99da26,0%,1,0,1,0,1,0,0
0x9a1a78,0%,1,0,1,0,1,0,0
0x9a1a57,0%,1,0,1,0,1,0,0
0x9a1a40,0%,1,0,1,0,0,1,0
0x493fe5,50%,1,1,2,1,1,0,0
0xa2610c,0%,1,0,1,0,1,0,0
0x4ad03e,75%,1,3,4,3,1,0,0
0x9f8486,50%,1,1,2,1,1,0,0
0xa29721,75%,1,3,4,3,1,0,0
0x499d88,93.75%,1,15,16,15,1,0,0
0x9725c1,90%,1,9,10,0,0,1,9
0x9f01ec,50%,1,1,2,1,1,0,0
0xa99963,0%,1,0,1,0,0,1,0
0x81b67c,50%,1,1,2,0,0,1,1
0x44158e,90.9091%,1,10,11,0,0,1,10
0x95b47c,90.9091%,1,10,11,10,1,0,0
0xa64c57,50%,1,1,2,0,0,1,1
0xa63cc4,75%,1,3,4,1,1,0,2
0x48e15d,98.9796%,1,97,98,0,0,1,97
0xa23929,98.7952%,1,82,83,82,1,0,0
0x494a19,50%,1,1,2,1,1,0,0
0x5e6e56,99.9337%,1,1508,1509,1508,1,0,0
0xa29cd2,93.75%,1,15,16,15,1,0,0
0x5ec317,96.7742%,1,30,31,0,0,1,30
0x550e76,97.0588%,1,33,34,33,1,0,0
0xa2950a,93.75%,1,15,16,15,1,0,0
0x441cbf,90.9091%,1,10,11,10,1,0,0
0x441c7c,90.9091%,1,10,11,10,1,0,0
0x441c19,90.9091%,1,10,11,10,1,0,0
0xa2922f,93.75%,1,15,16,0,0,1,15
0xa2879a,93.75%,1,15,16,15,1,0,0
0x4c5203,99.705%,1,338,339,0,0,1,338
0xa2870d,95.2381%,1,20,21,0,0,1,20
0x9ff793,50%,1,1,2,1,1,0,0
0x9ff778,50%,1,1,2,0,0,1,1
0x9ff6ba,80%,1,4,5,0,0,1,4
0xaa8fb4,95.6522%,1,22,23,0,0,1,22
0x49a136,97.9167%,1,47,48,0,0,1,47
0x817523,50%,1,1,2,0,0,1,1
0x99cf0b,88.8889%,1,8,9,0,0,1,8
0x8f36b5,99.0099%,1,100,101,100,1,0,0
0xa042b9,0%,1,0,1,0,0,1,0
0x555d78,98.2143%,1,55,56,0,0,1,55
0xa04282,0%,1,0,1,0,1,0,0
0x8f365d,99.1379%,1,115,116,0,0,1,115
0xa04132,50%,1,1,2,1,1,0,0
0xa040e7,83.3333%,1,5,6,0,1,0,5
0x48ced6,98.1818%,1,54,55,53,1,0,1
0x9e2e78,92.3077%,1,12,13,12,1,0,0
0x649a95,75%,1,3,4,1,1,0,2
0xa9e9fa,99.5575%,1,225,226,0,0,1,225
0x81f5a9,75%,1,3,4,0,0,1,3
0xa4d5eb,99.375%,1,159,160,159,1,0,0
0x781dec,99.9639%,1,2770,2771,0,0,1,2770
0x4c1083,95.8333%,1,23,24,0,0,1,23
0xaa25ff,95.4545%,1,21,22,0,0,1,21
0x78a6bd,90%,1,9,10,9,1,0,0
0x5f5a91,50%,1,1,2,1,1,0,0
0x64cd4d,96%,1,24,25,24,1,0,0
0x8ffc07,99.0741%,1,107,108,0,0,1,107
0x490419,66.6667%,1,2,3,2,1,0,0
0xa06831,50%,1,1,2,0,0,1,1
0xaabe03,90.9091%,1,10,11,0,0,1,10
0x95aed1,95.6522%,1,22,23,22,1,0,0
0x95aeb2,95.6522%,1,22,23,22,1,0,0
0x911679,99.5025%,1,200,201,200,1,0,0
0xa02a89,91.6667%,1,11,12,0,0,1,11
0xa55905,50%,1,1,2,0,0,1,1
0x68695f,99.6441%,1,280,281,0,0,1,280
0xa30da0,98.75%,1,79,80,79,1,0,0
0x9a1fa5,99.5074%,1,202,203,202,1,0,0
0xa557ec,75%,1,3,4,1,1,0,2
0xa551de,87.5%,1,7,8,7,1,0,0
0x915c66,50%,1,1,2,0,0,1,1
0xa4ed87,50%,1,1,2,0,0,1,1
0xa547af,50%,1,1,2,1,1,0,0
0xa545ea,83.3333%,1,5,6,5,1,0,0
0x5459d2,87.5%,1,7,8,7,1,0,0
0xa0a5f7,75%,1,3,4,3,1,0,0
0xa5332d,83.3333%,1,5,6,0,0,1,5
0xa5312c,50%,1,1,2,1,1,0,0
0xa55950,50%,1,1,2,1,1,0,0
0x9a7adf,98.8506%,1,86,87,86,1,0,0
0x9aae05,97.2973%,1,36,37,0,0,1,36
0xa536fd,87.5%,1,7,8,0,0,1,7
0x9a979d,96.6667%,1,29,30,0,0,1,29
0xa53511,50%,1,1,2,0,0,1,1
0xa534ef,50%,1,1,2,1,1,0,0
0x8e51c0,99.9343%,1,1522,1523,1522,1,0,0
0x8f09e8,99.0741%,1,107,108,107,1,0,0
0xa4eedb,95.4545%,1,21,22,0,0,1,21
0xa4ece9,95.4545%,1,21,22,21,1,0,0
0x9aa44c,95.4545%,1,21,22,0,0,1,21
0x9aa43a,95.4545%,1,21,22,0,0,1,21
0x8f12c4,97.5%,1,39,40,39,1,0,0
0x90f7fa,50%,1,1,2,0,0,1,1
0x441897,90.9091%,1,10,11,0,0,1,10
0x441877,90.9091%,1,10,11,0,0,1,10
0xa2862f,0%,1,0,1,0,1,0,0
0xa28610,50%,1,1,2,0,1,0,1
0x441817,90.9091%,1,10,11,0,0,1,10
0x65a318,97.9167%,1,47,48,47,1,0,0
0x53c3bb,95.4545%,1,21,22,0,0,1,21
0xa2811d,66.6667%,1,2,3,2,1,0,0
0x441737,90.9091%,1,10,11,0,0,1,10
0x44172e,90.9091%,1,10,11,0,0,1,10
0x4047c7,99.8371%,1,613,614,613,1,0,0
0x7c8389,75%,1,3,4,0,0,1,3
0xa2aac2,99.115%,1,112,113,0,0,1,112
0x80f945,97.2973%,1,36,37,0,0,1,36
0x8e09d5,99.9658%,1,2927,2928,0,0,1,2927
0x96ae62,94.7368%,1,18,19,0,0,1,18
0x9a738f,94.4444%,1,17,18,0,0,1,17
0x838942,80%,1,4,5,0,1,0,4
0x9698d3,50%,1,1,2,0,0,1,1
0x81fba0,99.6904%,1,322,323,0,0,1,322
0x9b9030,88.8889%,1,8,9,8,1,0,0
0x9b9019,88.8889%,1,8,9,0,0,1,8
0x9f0e28,99.6528%,1,287,288,0,0,1,287
0xa51d76,87.5%,1,7,8,7,1,0,0
0xad438d,66.6667%,1,2,3,2,0,1,0
0x58d9d2,98.4375%,1,63,64,62,0,1,1
0x9e29f6,99.4681%,1,187,188,187,1,0,0
0xa96b11,93.75%,1,15,16,7,0,1,8
0xa99955,50%,1,1,2,0,1,0,1
0x7cf36e,99.8387%,1,619,620,619,1,0,0
0xa9857c,75%,1,3,4,3,1,0,0
0xa984a1,75%,1,3,4,0,0,1,3
0xa98406,50%,1,1,2,1,1,0,0
0x5f674e,50%,1,1,2,1,1,0,0
0x863252,50%,1,1,2,1,1,0,0
0x695f91,95.8333%,1,23,24,23,1,0,0
0xa97ac9,80%,1,4,5,0,0,1,4
0x952433,50%,1,1,2,0,0,1,1
0xa9d314,83.3333%,1,5,6,5,1,0,0
0xa4469c,98.0769%,1,51,52,51,1,0,0
0x5f4c17,0%,1,0,1,0,1,0,0
0x9fcc3f,96%,1,24,25,0,0,1,24
0xa99fb3,50%,1,1,2,1,1,0,0
0x7c6899,50%,1,1,2,0,0,1,1
0x481268,94.7368%,1,18,19,0,1,0,18
0x638f65,99.7041%,1,337,338,337,1,0,0
0x606eb7,66.6667%,1,2,3,2,1,0,0
0x8d3d53,96.7742%,1,30,31,0,0,1,30
0x80c4c8,80%,1,4,5,1,1,0,3
0xa96a1c,98.3607%,1,60,61,0,0,1,60
0xa21d97,50%,1,1,2,0,0,1,1
0xa0bac5,0%,1,0,1,0,0,1,0
0xa92d4d,98.7179%,1,77,78,77,1,0,0
0x8d4389,50%,1,1,2,0,1,0,1
0xa99437,66.6667%,1,2,3,2,1,0,0
0x812149,75%,1,3,4,3,1,0,0
0x53fb4e,75%,1,3,4,1,1,0,2
0x8c8e7b,83.3333%,1,5,6,0,0,1,5
0x6498d6,50%,1,1,2,1,1,0,0
0x5500b4,98.2143%,1,55,56,55,1,0,0
0x80666e,75%,1,3,4,0,0,1,3
0x491509,99.3711%,1,158,159,0,0,1,158
0x80427f,80%,1,4,5,3,1,0,1
0x9f4184,96.9697%,1,32,33,0,0,1,32
0x9d0ba6,98.0392%,1,50,51,0,0,1,50
0x803fae,94.1176%,1,16,17,0,0,1,16
0x9d34b7,98.1818%,1,54,55,54,1,0,0
0x9d3419,98.1818%,1,54,55,54,1,0,0
0x9d3319,98.1818%,1,54,55,0,0,1,54
0x9e02ea,95.8333%,1,23,24,23,1,0,0
0x670519,0%,1,0,1,0,1,0,0
0x62291e,90%,1,9,10,0,0,1,9
0x80417a,98.3333%,1,59,60,0,0,1,59
0x4bdbf3,95%,1,19,20,19,0,1,0
0x80412a,98.3333%,1,59,60,0,0,1,59
0x8040ee,98.3333%,1,59,60,0,0,1,59
0x8040d6,98.3333%,1,59,60,0,0,1,59
0x9f9a41,99.0826%,1,108,109,108,1,0,0
0x6477d4,99.2647%,1,135,136,135,1,0,0
0x606d17,87.5%,1,7,8,7,1,0,0
0x8d20eb,50%,1,1,2,0,0,1,1
0x5be7e6,50%,1,1,2,0,0,1,1
0x5be7ca,50%,1,1,2,0,0,1,1
0x5c9b88,83.3333%,1,5,6,0,0,1,5
0x5c9b7f,83.3333%,1,5,6,0,0,1,5
0x643b3a,50%,1,1,2,1,1,0,0
0x58e434,97.7778%,1,44,45,0,0,1,44
0x4be8b4,0%,1,0,1,0,0,1,0
0x8dba0f,99.6825%,1,314,315,0,0,1,314
0x4bdf7b,75%,1,3,4,0,0,1,3
0x908a22,99.8959%,1,960,961,960,1,0,0
0x4b7a91,50%,1,1,2,0,0,1,1
0xa264d2,50%,1,1,2,0,0,1,1
0x8ee93a,66.6667%,1,2,3,0,0,1,2
0xa4a353,95%,1,19,20,19,1,0,0
0x78e12a,50%,1,1,2,0,0,1,1
0x78e11d,50%,1,1,2,0,0,1,1
0x78e0da,50%,1,1,2,0,0,1,1
0x4bbac1,99.5122%,1,204,205,0,1,0,204
0x65a0ed,99.0991%,1,110,111,0,0,1,110
0x58d62d,66.6667%,1,2,3,2,1,0,0
0xa9496a,95.8333%,1,23,24,23,1,0,0
0xa94995,95.8333%,1,23,24,23,1,0,0
0x4b8f27,75%,1,3,4,1,0,1,2
0x815abb,90%,1,9,10,9,1,0,0
0x4b8ebe,75%,1,3,4,3,1,0,0
0x63f02d,50%,1,1,2,0,0,1,1
0x8f1925,97.9167%,1,47,48,47,1,0,0
0xa947a2,96.2963%,1,26,27,26,1,0,0
0xa946dc,96.5517%,1,28,29,0,0,1,28
0x90fa8d,50%,1,1,2,1,1,0,0
0x8c92cc,99.8913%,1,919,920,919,1,0,0
0x50e501,83.3333%,1,5,6,5,1,0,0
0x80ae3f,50%,1,1,2,0,0,1,1
0x4bc071,93.75%,1,15,16,0,0,1,15
0x8d3fd9,92.3077%,1,12,13,0,0,1,12
0x814603,94.4444%,1,17,18,0,0,1,17
0xa8ee5d,92.8571%,1,13,14,0,0,1,13
0x5b6e99,87.5%,1,7,8,7,1,0,0
0x8d3c09,50%,1,1,2,1,1,0,0
0x81d17c,98.3333%,1,59,60,59,1,0,0
0x8b9d5e,98.6301%,1,72,73,0,0,1,72
0x8ba2dd,96.2963%,1,26,27,0,0,1,26
0x59fdc0,75%,1,3,4,2,0,1,1
0x65b0a2,92.3077%,1,12,13,12,1,0,0
0x8d3932,50%,1,1,2,1,1,0,0
0x81f4ed,75%,1,3,4,0,0,1,3
0xa2d293,99.7006%,1,333,334,333,1,0,0
0x491fa7,0%,1,0,1,0,1,0,0
0xa05c68,80%,1,4,5,4,1,0,0
0x4c280d,0%,1,0,1,0,0,1,0
0x4c2803,0%,1,0,1,0,0,1,0
0xa05c2f,96.5517%,1,28,29,0,0,1,28
0xa90245,97.3684%,1,37,38,0,0,1,37
0x8bdc67,93.3333%,1,14,15,0,0,1,14
0x9e7496,50%,1,1,2,1,1,0,0
0x4c279d,83.3333%,1,5,6,0,1,0,5
0x7b8bc9,0%,1,0,1,0,0,1,0
0x7b8b74,0%,1,0,1,0,0,1,0
0xa0755f,80%,1,4,5,4,0,1,0
0xa55445,99.3506%,1,153,154,0,0,1,153
0x6114f6,96.7742%,1,30,31,30,1,0,0
0x8ec992,75%,1,3,4,0,0,1,3
0xa9f2e9,66.6667%,1,2,3,2,1,0,0
0x8df9d6,66.6667%,1,2,3,2,0,1,0
0xa336d5,99.6774%,1,309,310,0,0,1,309
0x80b3f1,80%,1,4,5,4,1,0,0
0xa8e58c,75%,1,3,4,0,0,1,3
0x94ea42,96.6667%,1,29,30,1,1,0,28
0xa9ecdc,99.5575%,1,225,226,0,0,1,225
0x622ea1,80%,1,4,5,0,1,0,4
0xa9eaad,98.8235%,1,84,85,84,1,0,0
0x80d7a5,75%,1,3,4,0,0,1,3
0xa99987,0%,1,0,1,0,1,0,0
0xa99970,0%,1,0,1,0,0,1,0
0x80d5eb,50%,1,1,2,0,0,1,1
0xa9daa8,93.3333%,1,14,15,0,0,1,14
0xaa4954,66.6667%,1,2,3,2,1,0,0
0x9ec377,97.5%,1,39,40,39,1,0,0
0x492c94,75%,1,3,4,2,0,1,1
0xa9b7d8,98.8636%,1,87,88,0,0,1,87
0xa935fe,98.7654%,1,80,81,0,0,1,80
0xa960dd,96.1538%,1,25,26,25,1,0,0
0xa96078,96.1538%,1,25,26,25,1,0,0
0x806ecb,99.0909%,1,109,110,0,0,1,109
0x817157,50%,1,1,2,0,0,1,1
0x8ade04,50%,1,1,2,1,1,0,0
0x5d16ba,87.5%,1,7,8,7,1,0,0
0x4b5190,85.7143%,1,6,7,5,1,0,1
0xa9fec0,66.6667%,1,2,3,2,1,0,0
0x5336d4,88.8889%,1,8,9,8,1,0,0
0xa9dd39,50%,1,1,2,0,0,1,1
0x5ecdcf,87.5%,1,7,8,0,0,1,7
0xa9160b,75%,1,3,4,3,1,0,0
0x99f58a,92.3077%,1,12,13,12,1,0,0
0x80da46,99.0566%,1,105,106,105,1,0,0
0x7df9ee,50%,1,1,2,1,1,0,0
0x80d9b8,99.0566%,1,105,106,0,0,1,105
0xa0b9ce,0%,1,0,1,0,0,1,0
0xa9d030,50%,1,1,2,0,0,1,1
0x6dce1a,75%,1,3,4,3,1,0,0
0xa9cfcf,75%,1,3,4,1,1,0,2
0x673edd,94.7368%,1,18,19,18,1,0,0
0x80692c,95.8333%,1,23,24,0,0,1,23
0xa9df90,50%,1,1,2,0,0,1,1
0x809b28,98.6667%,1,74,75,0,0,1,74
0xa9dd1c,50%,1,1,2,0,0,1,1
0x5f550c,83.3333%,1,5,6,1,1,0,4
0xa08460,80%,1,4,5,0,0,1,4
0xa9f0a3,50%,1,1,2,1,1,0,0
0x80dd8a,99.1228%,1,113,114,113,1,0,0
0xa5c81a,99.0991%,1,110,111,0,0,1,110
0x8f0a1c,75%,1,3,4,3,1,0,0
0xa9d408,95%,1,19,20,0,0,1,19
0x49cf73,0%,1,0,1,0,1,0,0
0xaa00c3,66.6667%,1,2,3,2,1,0,0
0x4bd60f,85.7143%,1,6,7,6,0,1,0
0xaa003d,66.6667%,1,2,3,0,0,1,2
0xaa4a33,66.6667%,1,2,3,2,1,0,0
0xa9bd1c,90%,1,9,10,0,0,1,9
0x803963,50%,1,1,2,1,1,0,0
0x8036a4,50%,1,1,2,1,1,0,0
0xa3026c,99.0909%,1,109,110,0,0,1,109
0x8efc25,80%,1,4,5,4,1,0,0
0x8eca9c,90.9091%,1,10,11,0,0,1,10
0xa969ba,93.75%,1,15,16,15,1,0,0
0x49040a,66.6667%,1,2,3,0,0,1,2
0x804bc3,94.1176%,1,16,17,6,1,0,10
0xa99d2d,90.9091%,1,10,11,0,0,1,10
0xa5d0a9,99.3939%,1,164,165,164,1,0,0
0x59058c,50%,1,1,2,0,0,1,1
0x803d4a,50%,1,1,2,1,1,0,0
0x9bd527,75%,1,3,4,0,0,1,3
0xa9a0f2,80%,1,4,5,4,1,0,0
0xa9e254,96.6667%,1,29,30,29,1,0,0
0xa9bd08,90%,1,9,10,9,1,0,0
0x8f455d,99%,1,99,100,99,1,0,0
0x5c46a0,94.7368%,1,18,19,0,0,1,18
0x5da977,99.2481%,1,132,133,132,1,0,0
0xa99406,66.6667%,1,2,3,0,0,1,2
0xa993f1,66.6667%,1,2,3,0,0,1,2
0x441ae4,90.9091%,1,10,11,10,1,0,0
0x80466f,50%,1,1,2,0,0,1,1
0x804618,85.7143%,1,6,7,0,0,1,6
0x8045ea,94.1176%,1,16,17,0,0,1,16
0x58e430,97.7778%,1,44,45,0,0,1,44
0xa96f4e,93.3333%,1,14,15,0,0,1,14
0xa3058d,75%,1,3,4,3,1,0,0
0x5cd722,75%,1,3,4,0,0,1,3
0x8e5346,96.875%,1,31,32,0,0,1,31
0x554d47,90%,1,9,10,9,1,0,0
0x809a65,66.6667%,1,2,3,0,0,1,2
0xa96aa9,88.8889%,1,8,9,0,0,1,8
0x808b36,50%,1,1,2,0,0,1,1
0x5f49d7,50%,1,1,2,1,1,0,0
0x8e9de8,75%,1,3,4,3,1,0,0
0x5d45e1,94.4444%,1,17,18,17,1,0,0
0x809a24,50%,1,1,2,1,0,1,0
0x5d45c7,94.4444%,1,17,18,17,1,0,0
0x6798ab,83.3333%,1,5,6,0,0,1,5
0x50b8ca,97.5%,1,39,40,39,1,0,0
0x5dfd27,75%,1,3,4,0,0,1,3
0x97bc10,50%,1,1,2,1,1,0,0
0x9d06ac,98.4615%,1,64,65,64,1,0,0
0x5db29b,75%,1,3,4,3,1,0,0
0x5db285,75%,1,3,4,3,1,0,0
0x5d3043,75%,1,3,4,3,1,0,0
0x8f2423,0%,1,0,1,0,0,1,0
0xa9294c,83.3333%,1,5,6,5,1,0,0
0x5b33e6,50%,1,1,2,0,0,1,1
0x8096aa,50%,1,1,2,0,0,1,1
0xa9816b,66.6667%,1,2,3,0,1,0,2
0xa96c22,66.6667%,1,2,3,2,1,0,0
0x9f836a,50%,1,1,2,0,0,1,1
0x5089e3,75%,1,3,4,3,1,0,0
0x96b218,96.875%,1,31,32,0,0,1,31
0x675350,0%,1,0,1,0,0,1,0
0x62284a,90%,1,9,10,0,0,1,9
0x5571dd,95.6522%,1,22,23,20,0,1,2
0x67075d,0%,1,0,1,0,1,0,0
0x60bdae,90%,1,9,10,9,1,0,0
0x675672,0%,1,0,1,0,0,1,0
0x981533,96.5517%,1,28,29,28,1,0,0
0x6755c9,0%,1,0,1,0,0,1,0
0x67559a,0%,1,0,1,0,1,0,0
0x675572,0%,1,0,1,0,0,1,0
0x675561,50%,1,1,2,1,0,1,0
0x675406,0%,1,0,1,0,0,1,0
0x67540f,66.6667%,1,2,3,2,1,0,0
0x7f045c,50%,1,1,2,1,1,0,0
0x6753b5,75%,1,3,4,0,1,0,3
0x813771,50%,1,1,2,0,0,1,1
0x66f719,0%,1,0,1,0,0,1,0
0xa3618d,99.2958%,1,141,142,0,0,1,141
0x402d30,98.3051%,1,58,59,0,0,1,58
0x789f3b,87.5%,1,7,8,3,1,0,4
0x6823d4,97.0588%,1,33,34,33,1,0,0
0xa43037,75%,1,3,4,3,1,0,0
0x9f50fa,98.0769%,1,51,52,51,1,0,0
0xa42f04,75%,1,3,4,3,1,0,0
0x7ac162,95.2381%,1,20,21,15,0,1,5
0x9510c4,0%,1,0,1,0,0,1,0
0x95109a,50%,1,1,2,0,1,0,1
0x78f62e,93.3333%,1,14,15,0,1,0,14
0xa30e9f,99.1071%,1,111,112,111,1,0,0
0x999f55,0%,1,0,1,0,1,0,0
0x611492,90.9091%,1,10,11,0,0,1,10
0xa36cd6,0%,1,0,1,0,1,0,0
0x61cda2,80%,1,4,5,4,1,0,0
0x60c5c8,80%,1,4,5,0,0,1,4
0x61a31a,80%,1,4,5,4,1,0,0
0x619b14,80%,1,4,5,4,1,0,0
0x48eed9,87.5%,1,7,8,7,1,0,0
0x619b38,80%,1,4,5,4,1,0,0
0x619ac6,80%,1,4,5,0,0,1,4
0x8ffe06,83.3333%,1,5,6,5,1,0,0
0x619e07,80%,1,4,5,0,0,1,4
0x8ea61e,75%,1,3,4,3,1,0,0
0x8e8de2,50%,1,1,2,1,1,0,0
0x619d7c,90%,1,9,10,4,1,0,5
0x78f61f,93.3333%,1,14,15,0,0,1,14
0xaa81fa,80%,1,4,5,4,1,0,0
0x5bc37e,95.6522%,1,22,23,0,0,1,22
0x480ee4,94.7368%,1,18,19,18,1,0,0
0x98b586,94.1176%,1,16,17,16,1,0,0
0xa36e3f,90%,1,9,10,9,1,0,0
0x4952a0,0%,1,0,1,0,1,0,0
0xa37ad9,90%,1,9,10,0,0,1,9
0x4b55b9,50%,1,1,2,0,0,1,1
0xa378f3,75%,1,3,4,0,0,1,3
0x620f6f,80%,1,4,5,4,1,0,0
0x99a075,80%,1,4,5,4,1,0,0
0x476e8c,95%,1,19,20,19,1,0,0
0x81f03c,75%,1,3,4,3,1,0,0
0x7e1c99,50%,1,1,2,0,0,1,1
0xa2cb19,50%,1,1,2,1,1,0,0
0x7930e3,50%,1,1,2,1,1,0,0
0x5f0bc2,50%,1,1,2,0,0,1,1
0x5f0bb9,50%,1,1,2,0,0,1,1
0xa4dfe7,75%,1,3,4,1,1,0,2
0x5f0bac,50%,1,1,2,0,0,1,1
0x5f0b3d,50%,1,1,2,1,1,0,0
0x5f0b33,50%,1,1,2,0,0,1,1
0x5efa12,66.6667%,1,2,3,0,0,1,2
0x5ef9e2,0%,1,0,1,0,0,1,0
0x9e10ab,96.5517%,1,28,29,28,1,0,0
0x49ee1e,99.9704%,1,3376,3377,0,0,1,3376
0xa33990,99.8195%,1,553,554,0,0,1,553
0x81b0bf,99.8081%,1,520,521,0,0,1,520
0xa42779,99.5556%,1,224,225,0,0,1,224
0x7e1c7e,50%,1,1,2,0,0,1,1
0x990ab1,99.0196%,1,101,102,0,0,1,101
0x7aeaee,95.2381%,1,20,21,0,0,1,20
0x5a610a,75%,1,3,4,0,0,1,3
0x5f5a05,91.6667%,1,11,12,11,1,0,0
0x8eb047,83.3333%,1,5,6,0,0,1,5
0x492c19,50%,1,1,2,0,0,1,1
0x59ec84,75%,1,3,4,3,1,0,0
0x5bcf51,75%,1,3,4,1,1,0,2
0x59e702,75%,1,3,4,3,1,0,0
0xa06958,50%,1,1,2,0,0,1,1
0x811581,80%,1,4,5,4,1,0,0
0x59ed9b,87.5%,1,7,8,0,0,1,7
0x94c956,98.4375%,1,63,64,63,1,0,0
0x84351d,0%,1,0,1,0,0,1,0
0x78f0cc,93.75%,1,15,16,5,1,0,10
0x8a6688,99.3421%,1,151,152,0,0,1,151
0x78a69f,90%,1,9,10,0,0,1,9
0x5415ea,80%,1,4,5,0,0,1,4
0x65ad6f,0%,1,0,1,0,0,1,0
0x943d83,87.5%,1,7,8,7,1,0,0
0x943d6b,90%,1,9,10,1,1,0,8
0xa4a946,50%,1,1,2,1,1,0,0
0x94446d,50%,1,1,2,1,1,0,0
0x94445b,50%,1,1,2,0,0,1,1
0x50bd1b,50%,1,1,2,1,1,0,0
0xa3012e,50%,1,1,2,0,0,1,1
0x5bb6ba,95.6522%,1,22,23,22,1,0,0
0x94a1c2,98.75%,1,79,80,79,1,0,0
0xa350ae,99.3243%,1,147,148,147,1,0,0
0x50dad0,75%,1,3,4,0,0,1,3
0x506eb7,0%,1,0,1,0,0,1,0
0x8be81a,95.6522%,1,22,23,0,0,1,22
0x8bb2ee,0%,1,0,1,0,0,1,0
0x80a02c,75%,1,3,4,3,1,0,0
0xa4def2,95%,1,19,20,0,0,1,19
0x9439a5,75%,1,3,4,1,1,0,2
0x4ab908,96.7742%,1,30,31,0,0,1,30
0x5d7bce,75%,1,3,4,3,1,0,0
0x58c62a,0%,1,0,1,0,1,0,0
0x78998a,50%,1,1,2,0,0,1,1
0x99da6d,97.2222%,1,35,36,0,0,1,35
0x7ace35,50%,1,1,2,1,1,0,0
0xa078a1,83.3333%,1,5,6,5,1,0,0
0xa08309,0%,1,0,1,0,0,1,0
0xa082d4,0%,1,0,1,0,1,0,0
0xa0800b,0%,1,0,1,0,1,0,0
0xa08099,75%,1,3,4,3,1,0,0
0xa07e56,0%,1,0,1,0,1,0,0
0x4b9ad4,87.5%,1,7,8,4,0,1,3
0xa07c66,0%,1,0,1,0,0,1,0
0xa07bff,0%,1,0,1,0,1,0,0
0xa07b7e,0%,1,0,1,0,0,1,0
0x8a9073,50%,1,1,2,1,1,0,0
0x64f4eb,91.6667%,1,11,12,11,1,0,0
0xa39848,75%,1,3,4,0,0,1,3
0xa079f3,85.7143%,1,6,7,0,1,0,6
0xa07b08,85.7143%,1,6,7,6,1,0,0
0x8e939e,75%,1,3,4,0,0,1,3
0xa06f56,88.8889%,1,8,9,0,0,1,8
0xa07643,83.3333%,1,5,6,0,1,0,5
0xa075c8,85.7143%,1,6,7,0,1,0,6
0x4c186a,93.75%,1,15,16,0,0,1,15
0x94bcc4,93.75%,1,15,16,0,0,1,15
0x94bc65,93.75%,1,15,16,0,0,1,15
0xa05af7,96.5517%,1,28,29,28,1,0,0
0x4c5fd4,93.75%,1,15,16,0,0,1,15
0x8f4e36,99.9601%,1,2504,2505,2504,1,0,0
0xa0638c,66.6667%,1,2,3,0,1,0,2
0xa05705,75%,1,3,4,0,0,1,3
0x804c46,0%,1,0,1,0,1,0,0
0x409369,50%,1,1,2,0,0,1,1
0x7b0631,66.6667%,1,2,3,0,0,1,2
0x6114c0,0%,1,0,1,0,1,0,0
0x9c4d5c,80%,1,4,5,0,0,1,4
0x9c4d49,83.3333%,1,5,6,0,0,1,5
0x8d293d,99.2424%,1,131,132,0,0,1,131
0x80fa90,98.913%,1,91,92,91,1,0,0
0x49b297,50%,1,1,2,0,0,1,1
0xa08eea,98.4615%,1,64,65,0,0,1,64
0xa08ea1,97.7778%,1,44,45,0,0,1,44
0x81aff5,99.8814%,1,842,843,842,1,0,0
0xa0891a,80%,1,4,5,4,1,0,0
0xa087f2,75%,1,3,4,3,1,0,0
0xa06327,66.6667%,1,2,3,0,1,0,2
0x5508cf,95.2381%,1,20,21,20,1,0,0
0x806944,95.8333%,1,23,24,23,1,0,0
0x49b037,50%,1,1,2,0,0,1,1
0x50fe90,50%,1,1,2,0,0,1,1
0x8063fd,0%,1,0,1,0,1,0,0
0xa08c6b,75%,1,3,4,0,0,1,3
0xa02dbf,99.0654%,1,106,107,106,1,0,0
0x7c7608,75%,1,3,4,0,0,1,3
0x80b5f8,50%,1,1,2,0,1,0,1
0x793e69,83.3333%,1,5,6,5,1,0,0
0x7899f4,83.3333%,1,5,6,5,1,0,0
0xa08380,85.7143%,1,6,7,0,0,1,6
0xa08378,85.7143%,1,6,7,0,0,1,6
0x63ad38,99.7396%,1,383,384,383,1,0,0
0x4a65b6,66.6667%,1,2,3,0,0,1,2
0x9ed29e,98.2456%,1,56,57,56,1,0,0
0x48c614,66.6667%,1,2,3,0,1,0,2
0x78402d,66.6667%,1,2,3,0,0,1,2
0x4a64f2,90%,1,9,10,9,1,0,0
0x4c00c1,50%,1,1,2,0,0,1,1
0x4a62ea,87.5%,1,7,8,0,0,1,7
0x4c0264,98.5294%,1,67,68,67,1,0,0
0x4a62a0,66.6667%,1,2,3,0,1,0,2
0x9785b7,98.1818%,1,54,55,0,0,1,54
0xa06f6a,88.8889%,1,8,9,8,1,0,0
0xa073ec,50%,1,1,2,1,1,0,0
0xa15e76,87.5%,1,7,8,7,1,0,0
0x9a61a8,91.6667%,1,11,12,11,1,0,0
0x9d1dce,83.3333%,1,5,6,0,1,0,5
0x4bd2ef,0%,1,0,1,0,1,0,0
0x99cf24,88.8889%,1,8,9,8,1,0,0
0x809d3c,75%,1,3,4,1,1,0,2
0xa4a790,87.5%,1,7,8,6,0,1,1
0xa4a57d,87.5%,1,7,8,0,0,1,7
0x8efac8,99.375%,1,159,160,0,0,1,159
0xa4a2ee,94.4444%,1,17,18,0,0,1,17
0xa4a2e1,94.4444%,1,17,18,0,0,1,17
0xa329ef,0%,1,0,1,0,1,0,0
0xa329ba,0%,1,0,1,0,0,1,0
0xa32939,95%,1,19,20,0,1,0,19
0xa258ea,80%,1,4,5,4,1,0,0
0xa32710,96.5517%,1,28,29,28,0,1,0
0x4bd231,50%,1,1,2,0,0,1,1
0xa062ea,66.6667%,1,2,3,2,0,1,0
0xa06565,96.7742%,1,30,31,30,1,0,0
0x4c547d,0%,1,0,1,0,0,1,0
0x5c7249,96.4286%,1,27,28,0,0,1,27
0x4c545f,0%,1,0,1,0,0,1,0
0xa0546d,95.2381%,1,20,21,0,1,0,20
0x486f6b,50%,1,1,2,1,1,0,0
0xa0653f,96.7742%,1,30,31,0,0,1,30
0xa050ee,0%,1,0,1,0,0,1,0
0x4b9549,50%,1,1,2,0,0,1,1
0x8f4469,0%,1,0,1,0,0,1,0
0xa05080,0%,1,0,1,0,0,1,0
0xa06080,75%,1,3,4,3,1,0,0
0xa33249,99.9621%,1,2639,2640,0,0,1,2639
0x64c06c,99.2126%,1,126,127,0,0,1,126
0x8fe909,0%,1,0,1,0,0,1,0
0x8fe8ef,0%,1,0,1,0,0,1,0
0x8fe8de,0%,1,0,1,0,0,1,0
0x4c664e,50%,1,1,2,1,1,0,0
0x49f587,94.4444%,1,17,18,17,1,0,0
0xa04fb3,80%,1,4,5,4,1,0,0
0x80a6c0,50%,1,1,2,0,1,0,1
0x9efcdc,75%,1,3,4,2,1,0,1
0x4bbb10,0%,1,0,1,0,1,0,0
0x9d1e51,95%,1,19,20,19,1,0,0
0x4bbad3,0%,1,0,1,0,1,0,0
0x9d1dfe,83.3333%,1,5,6,0,1,0,5
0x95b39f,75%,1,3,4,3,1,0,0
0x95abde,75%,1,3,4,0,0,1,3
0x65c69b,75%,1,3,4,3,1,0,0
0x4be9c7,99.2857%,1,139,140,0,0,1,139
0xaac45a,93.75%,1,15,16,7,1,0,8
0x959369,75%,1,3,4,3,1,0,0
0x81b44f,94.1176%,1,16,17,5,1,0,11
0x959efd,75%,1,3,4,3,1,0,0
0x95b122,87.5%,1,7,8,3,1,0,4
0x5f87c4,0%,1,0,1,0,0,1,0
0x5c78be,98.75%,1,79,80,0,0,1,79
0x5c82dc,98.75%,1,79,80,0,0,1,79
0x95b7aa,75%,1,3,4,3,1,0,0
0x95b796,75%,1,3,4,3,1,0,0
0x95b759,75%,1,3,4,3,1,0,0
0x959cc8,75%,1,3,4,3,1,0,0
0x9f4524,98.75%,1,79,80,79,1,0,0
0x95b613,75%,1,3,4,3,1,0,0
0x8dd890,99.5%,1,199,200,0,0,1,199
0x9f4c38,99.6743%,1,306,307,0,0,1,306
0xa29819,75%,1,3,4,3,1,0,0
0x9f68b0,99.6587%,1,292,293,0,0,1,292
0x9f64ef,99.1525%,1,117,118,117,1,0,0
0x9e1547,50%,1,1,2,0,0,1,1
0x9e111c,50%,1,1,2,1,1,0,0
0x9f8298,0%,1,0,1,0,1,0,0
0x9f81da,0%,1,0,1,0,1,0,0
0x8149aa,50%,1,1,2,0,0,1,1
0x9f811c,0%,1,0,1,0,1,0,0
0xa7233d,75%,1,3,4,0,0,1,3
0x9ecb41,75%,1,3,4,3,1,0,0
0x555e7e,99.7573%,1,411,412,411,1,0,0
0x9f5cfa,85.7143%,1,6,7,0,1,0,6
0x973d79,98.9583%,1,95,96,0,0,1,95
0xa6b34b,75%,1,3,4,3,1,0,0
0x9f5c64,96.4286%,1,27,28,0,0,1,27
0x9f448f,95.4545%,1,21,22,0,0,1,21
0xa6b2e4,75%,1,3,4,3,1,0,0
0xa6b2de,75%,1,3,4,0,0,1,3
0xa6b2a4,75%,1,3,4,0,0,1,3
0x9f3cf4,90%,1,9,10,9,1,0,0
0xa6cb45,75%,1,3,4,0,0,1,3
0x9a8eeb,92.8571%,1,13,14,13,1,0,0
0xa72364,75%,1,3,4,0,0,1,3
0xaef72d,75%,1,3,4,3,1,0,0
0x7ad44b,94.7368%,1,18,19,18,1,0,0
0x8f1fa6,99.115%,1,112,113,112,1,0,0
0x63ef5b,50%,1,1,2,1,1,0,0
0xab1e56,75%,1,3,4,3,1,0,0
0x65aed8,92.3077%,1,12,13,12,1,0,0
0x9a8a50,98.3871%,1,61,62,61,1,0,0
0xa3ad25,75%,1,3,4,3,1,0,0
0x5def47,0%,1,0,1,0,1,0,0
0xa582bf,95.6522%,1,22,23,22,1,0,0
0x808b20,50%,1,1,2,1,1,0,0
0x9e707a,80%,1,4,5,0,0,1,4
0x95a6c2,75%,1,3,4,0,0,1,3
0x838a25,50%,1,1,2,0,0,1,1
0xa90222,97.3684%,1,37,38,37,1,0,0
0x96eba2,50%,1,1,2,1,1,0,0
0xa99769,50%,1,1,2,1,1,0,0
0x96eb9b,50%,1,1,2,0,0,1,1
0x96e36e,50%,1,1,2,1,1,0,0
0x96eb83,66.6667%,1,2,3,1,0,1,1
0x96eb7c,66.6667%,1,2,3,0,0,1,2
0x63f0bd,50%,1,1,2,1,1,0,0
0x96ea84,0%,1,0,1,0,1,0,0
0x487ea3,50%,1,1,2,0,0,1,1
0x96ea3a,0%,1,0,1,0,1,0,0
0x7d3e11,66.6667%,1,2,3,0,0,1,2
0x4879ce,75%,1,3,4,3,1,0,0
0x96e9a9,0%,1,0,1,0,1,0,0
0x49d224,0%,1,0,1,0,1,0,0
0x50439b,99.1935%,1,123,124,61,1,0,62
0x49d091,50%,1,1,2,1,1,0,0
0x9ed33b,96.2963%,1,26,27,0,0,1,26
0x49cfc6,0%,1,0,1,0,1,0,0
0x96e91f,0%,1,0,1,0,0,1,0
0x96e8c8,0%,1,0,1,0,1,0,0
0x54fe1a,0%,1,0,1,0,0,1,0
0x54fcf9,0%,1,0,1,0,0,1,0
0xa723e6,75%,1,3,4,0,0,1,3
0x96e779,0%,1,0,1,0,0,1,0
0x409289,50%,1,1,2,1,1,0,0
0xa9989c,80%,1,4,5,4,1,0,0
0x7b0551,75%,1,3,4,0,1,0,3
0x610cce,96.6667%,1,29,30,0,0,1,29
0x9736f3,80%,1,4,5,0,0,1,4
0xaef71b,75%,1,3,4,0,0,1,3
0xa1adbe,97.7273%,1,43,44,43,1,0,0
0x9d9255,50%,1,1,2,1,1,0,0
0x9d6845,50%,1,1,2,1,1,0,0
0x4bd507,66.6667%,1,2,3,2,1,0,0
0x97bb33,97.0588%,1,33,34,0,0,1,33
0x60b6c2,94.4444%,1,17,18,17,1,0,0
0x9f177f,97.5%,1,39,40,0,0,1,39
0x9f999a,95.4545%,1,21,22,21,1,0,0
0x9f2b1c,80%,1,4,5,4,1,0,0
0x5fb43d,50%,1,1,2,0,0,1,1
0x97b6f7,50%,1,1,2,0,0,1,1
0x9752ca,66.6667%,1,2,3,2,1,0,0
0x9f482c,87.5%,1,7,8,0,0,1,7
0x4a9c6d,96.875%,1,31,32,0,0,1,31
0x600258,95.6522%,1,22,23,0,0,1,22
0x900262,91.6667%,1,11,12,11,1,0,0
0x975023,83.3333%,1,5,6,0,0,1,5
0xa041d6,75%,1,3,4,3,1,0,0
0x8a78da,66.6667%,1,2,3,0,0,1,2
0xa04424,0%,1,0,1,0,1,0,0
0x7ac234,93.75%,1,15,16,10,0,1,5
0x96ec41,0%,1,0,1,0,0,1,0
0xa97341,66.6667%,1,2,3,2,1,0,0
0x96ebc6,0%,1,0,1,0,0,1,0
0xa972f9,66.6667%,1,2,3,2,1,0,0
0x96e49f,0%,1,0,1,0,0,1,0
0x9bd0e1,50%,1,1,2,0,0,1,1
0x97461a,97.8261%,1,45,46,45,1,0,0
0x5b574e,50%,1,1,2,1,1,0,0
0x64f282,75%,1,3,4,3,1,0,0
0x9bc730,95.4545%,1,21,22,21,1,0,0
0x9e36a3,97.0588%,1,33,34,0,0,1,33
0xa6b2ae,75%,1,3,4,0,0,1,3
0x5a6512,50%,1,1,2,1,0,1,0
0x59f2ed,50%,1,1,2,1,1,0,0
0x59f1ca,50%,1,1,2,0,1,0,1
0x58d41d,91.6667%,1,11,12,0,0,1,11
0x59fce1,50%,1,1,2,0,0,1,1
0x59fcbb,50%,1,1,2,0,1,0,1
0x60c629,75%,1,3,4,0,0,1,3
0x9444cb,94.1176%,1,16,17,16,1,0,0
0x8efba1,99.1453%,1,116,117,116,1,0,0
0x441b96,90.9091%,1,10,11,10,1,0,0
0xa3e393,87.5%,1,7,8,7,1,0,0
0xa3e341,87.5%,1,7,8,7,1,0,0
0xa3e2f1,87.5%,1,7,8,0,0,1,7
0xa3e2c8,93.75%,1,15,16,15,1,0,0
0xa3d901,87.5%,1,7,8,0,0,1,7
0xa3bdb0,87.5%,1,7,8,0,0,1,7
0x59f19b,75%,1,3,4,2,0,1,1
0xa06357,83.3333%,1,5,6,0,1,0,5
0x5b26c9,0%,1,0,1,0,1,0,0
0x8dcd4c,99.8035%,1,508,509,508,1,0,0
0xa3fd93,83.3333%,1,5,6,5,1,0,0
0x59f52b,75%,1,3,4,1,1,0,2
0x59fb2c,0%,1,0,1,0,1,0,0
0x6660c1,87.5%,1,7,8,7,1,0,0
0x59e8a9,87.5%,1,7,8,3,1,0,4
0x9737c4,97.5%,1,39,40,1,1,0,38
0xa095f2,80%,1,4,5,0,1,0,4
0x5afefd,75%,1,3,4,3,1,0,0
0x9be502,50%,1,1,2,1,1,0,0
0x7808e8,50%,1,1,2,1,1,0,0
0x667861,99.7938%,1,484,485,484,1,0,0
0x4b8175,90.9091%,1,10,11,10,1,0,0
0x50a656,92.8571%,1,13,14,0,0,1,13
0xa2f156,0%,1,0,1,0,0,1,0
0x80b11c,50%,1,1,2,0,0,1,1
0x59fb84,0%,1,0,1,0,0,1,0
0x81b8c3,96.5517%,1,28,29,0,0,1,28
0x58bf68,0%,1,0,1,0,1,0,0
0x88deb9,50%,1,1,2,1,1,0,0
0x5a899c,50%,1,1,2,1,1,0,0
0x5def8c,0%,1,0,1,0,1,0,0
0x5def70,0%,1,0,1,0,1,0,0
0x5dee9b,0%,1,0,1,0,0,1,0
0x5dd9fd,0%,1,0,1,0,0,1,0
0x5a8808,50%,1,1,2,1,1,0,0
0x5a87db,50%,1,1,2,1,1,0,0
0x9ef4d4,88.8889%,1,8,9,8,1,0,0
0xa50677,0%,1,0,1,0,1,0,0
0x67546b,50%,1,1,2,0,0,1,1
0x974752,75%,1,3,4,3,1,0,0
0x9f7c72,92.3077%,1,12,13,0,0,1,12
0x491e34,0%,1,0,1,0,0,1,0
0x8f5b03,88.8889%,1,8,9,8,1,0,0
0x4914e5,0%,1,0,1,0,0,1,0
0x491b9f,0%,1,0,1,0,0,1,0
0x980879,66.6667%,1,2,3,0,0,1,2
0x9f833b,66.6667%,1,2,3,0,1,0,2
0x9f81bc,66.6667%,1,2,3,2,0,1,0
0x98085f,66.6667%,1,2,3,2,1,0,0
0x9f8174,66.6667%,1,2,3,2,1,0,0
0x980848,66.6667%,1,2,3,2,1,0,0
0x9f86d4,66.6667%,1,2,3,0,0,1,2
0xa05802,80%,1,4,5,0,1,0,4
0xb245e2,99.9916%,1,11898,11899,11898,1,0,0
0x9f887c,94.7368%,1,18,19,18,1,0,0
0x491e41,0%,1,0,1,0,1,0,0
0xa6b750,75%,1,3,4,3,1,0,0
0x50bca9,97.5%,1,39,40,0,0,1,39
0x820a90,87.5%,1,7,8,7,1,0,0
0x8a5f3d,98.8372%,1,85,86,8,1,0,77
0x9aa3f1,93.3333%,1,14,15,0,0,1,14
0x9f36ca,75%,1,3,4,0,0,1,3
0x5fe51c,75%,1,3,4,3,1,0,0
0x9714a5,87.5%,1,7,8,7,1,0,0
0xa6b4eb,75%,1,3,4,3,1,0,0
0xaaaf2d,87.5%,1,7,8,7,1,0,0
0xa58cd3,92.3077%,1,12,13,12,1,0,0
0x9f4a8c,0%,1,0,1,0,1,0,0
0x9f4875,75%,1,3,4,3,1,0,0
0x40e3d1,83.3333%,1,5,6,1,1,0,4
0x5d309e,75%,1,3,4,3,1,0,0
0xa3d059,87.5%,1,7,8,0,0,1,7
0xa3bd76,87.5%,1,7,8,7,1,0,0
0xaab116,93.75%,1,15,16,0,0,1,15
0xa3bcb0,93.75%,1,15,16,0,0,1,15
0x480d84,88.8889%,1,8,9,0,0,1,8
0x480c56,88.8889%,1,8,9,8,1,0,0
0x6f07e0,93.75%,1,15,16,15,1,0,0
0x8101d6,99.8747%,1,797,798,0,0,1,797
0x481bba,88.8889%,1,8,9,8,1,0,0
0x5ae49f,88.8889%,1,8,9,0,0,1,8
0x81e9d6,98.6842%,1,75,76,75,1,0,0
0x5f12f8,88.8889%,1,8,9,0,1,0,8
0x973b7e,90%,1,9,10,0,0,1,9
0x94b757,96.875%,1,31,32,0,0,1,31
0x4a1bbe,99.9617%,1,2613,2614,0,0,1,2613
0x7d448a,50%,1,1,2,0,0,1,1
0x943894,97.7778%,1,44,45,0,0,1,44
0x96c1e6,99.1803%,1,121,122,121,1,0,0
0x9e0feb,98.75%,1,79,80,79,1,0,0
0x976fe8,50%,1,1,2,1,1,0,0
0x495366,0%,1,0,1,0,0,1,0
0x494e95,0%,1,0,1,0,1,0,0
0x494e2c,0%,1,0,1,0,1,0,0
0x4952fa,0%,1,0,1,0,0,1,0
0x495297,0%,1,0,1,0,0,1,0
0x495277,0%,1,0,1,0,1,0,0
0x9fcb75,96%,1,24,25,0,0,1,24
0x9fe7fa,97.2973%,1,36,37,36,1,0,0
0x9fcfc0,94.4444%,1,17,18,17,1,0,0
0x9fcbbb,94.4444%,1,17,18,0,0,1,17
0x9fd24f,85.7143%,1,6,7,6,1,0,0
0x482602,94.7368%,1,18,19,18,1,0,0
0x9772cc,83.3333%,1,5,6,5,1,0,0
0x4416f7,90.9091%,1,10,11,0,0,1,10
0x5040c5,98.3871%,1,61,62,61,1,0,0
0x5dea2e,0%,1,0,1,0,1,0,0
0x49c096,98.9899%,1,98,99,94,1,0,4
0x81fcc7,92.8571%,1,13,14,0,0,1,13
0xa3d47e,87.5%,1,7,8,7,1,0,0
0xaa56c7,97.2222%,1,35,36,35,1,0,0
0x53f16b,75%,1,3,4,3,1,0,0
0x9fe91f,97.2973%,1,36,37,36,1,0,0
0x9f64ac,99.4413%,1,178,179,0,0,1,178
0x404236,99.7895%,1,474,475,0,0,1,474
0x9e0be4,99.5633%,1,228,229,206,0,1,22
0x53f028,99.4536%,1,182,183,182,1,0,0
0x77cc70,93.75%,1,15,16,15,1,0,0
0x9fde2f,96.875%,1,31,32,24,1,0,7
0xa2aa70,66.6667%,1,2,3,2,0,1,0
0x9d126c,93.75%,1,15,16,0,0,1,15
0x5a661f,50%,1,1,2,0,0,1,1
0x9fe1ae,96%,1,24,25,0,0,1,24
0x533656,85.7143%,1,6,7,0,0,1,6
0x8038d0,50%,1,1,2,1,1,0,0
0x9fe0f0,96%,1,24,25,24,1,0,0
0x5d68b7,66.6667%,1,2,3,0,0,1,2
0x5f87fc,0%,1,0,1,0,0,1,0
0x5f87f0,0%,1,0,1,0,0,1,0
0x5f87bb,98.3333%,1,59,60,59,0,1,0
0x96607d,90%,1,9,10,9,1,0,0
0xaa037b,99.1736%,1,120,121,0,0,1,120
0x5f865c,99.4012%,1,166,167,0,0,1,166
0x5f7b1a,99.375%,1,159,160,0,0,1,159
0x9fe62b,75%,1,3,4,3,1,0,0
0x5edd23,85.7143%,1,6,7,6,1,0,0
0x5e3abe,66.6667%,1,2,3,0,0,1,2
0x5f7544,50%,1,1,2,0,0,1,1
0x5e3923,66.6667%,1,2,3,2,1,0,0
0x9f2a73,80%,1,4,5,4,1,0,0
0x4c5d2d,95.2381%,1,20,21,20,1,0,0
0x9fdd3c,96%,1,24,25,24,1,0,0
0x5e3802,66.6667%,1,2,3,2,1,0,0
0x61f3d5,95%,1,19,20,0,0,1,19
0x9fb7ba,66.6667%,1,2,3,2,1,0,0
0xa58906,99.1379%,1,115,116,0,0,1,115
0x9fec8c,96.6667%,1,29,30,29,1,0,0
0x809461,99.8821%,1,847,848,847,1,0,0
0x9fc593,92.8571%,1,13,14,0,0,1,13
0x9fc541,92.8571%,1,13,14,13,1,0,0
0xa963b5,50%,1,1,2,0,0,1,1
0x9fc52d,92.8571%,1,13,14,0,0,1,13
0x5e6153,90%,1,9,10,9,1,0,0
0x8df1a3,99.4737%,1,189,190,0,0,1,189
0x4c4c2a,92.3077%,1,12,13,0,0,1,12
0x9fb89b,99.6732%,1,305,306,0,0,1,305
0x9fb6c9,98.3333%,1,59,60,59,1,0,0
0xaa3401,94.7368%,1,18,19,8,0,1,10
0x5cf4d8,97.4359%,1,38,39,38,1,0,0
0x506ec4,0%,1,0,1,0,0,1,0
0x9fb141,99.1935%,1,123,124,123,1,0,0
0x8fda1f,0%,1,0,1,0,1,0,0
0xa55d02,98.7952%,1,82,83,82,1,0,0
0x9fc088,99.5349%,1,214,215,214,1,0,0
0x508871,90.9091%,1,10,11,10,1,0,0
0x50885d,90.9091%,1,10,11,0,0,1,10
0x97742a,91.6667%,1,11,12,0,0,1,11
0xa28250,66.6667%,1,2,3,2,1,0,0
0xa983c2,75%,1,3,4,3,1,0,0
0x9fbb5f,99.6732%,1,305,306,0,0,1,305
0xa481b3,97.7778%,1,44,45,44,1,0,0
0x804057,66.6667%,1,2,3,0,0,1,2
0x483ce9,0%,1,0,1,0,1,0,0
0x40bd9f,75%,1,3,4,3,1,0,0
0x8c875d,99.7976%,1,493,494,0,0,1,493
0x65c314,98.4615%,1,64,65,0,0,1,64
0xa4ec9f,99.2754%,1,137,138,0,0,1,137
0x7d09d4,99.8408%,1,627,628,0,0,1,627
0x5046a7,94.4444%,1,17,18,17,1,0,0
0x9fb660,99.5935%,1,245,246,0,0,1,245
0x540a6a,83.3333%,1,5,6,5,1,0,0
0x81a6e4,99.9847%,1,6518,6519,0,0,1,6518
0x7b011c,90%,1,9,10,4,0,1,5
0x5bc3be,95.6522%,1,22,23,0,0,1,22
0x490c96,95%,1,19,20,0,0,1,19
0x9fc89f,85.7143%,1,6,7,0,0,1,6
0x503214,50%,1,1,2,0,0,1,1
0xa04193,80%,1,4,5,0,1,0,4
0x502b72,80%,1,4,5,0,0,1,4
0x5b178b,90%,1,9,10,9,1,0,0
0x5e59c9,66.6667%,1,2,3,2,1,0,0
0x5fc2a5,99.1379%,1,115,116,0,0,1,115
0xaad29e,85.7143%,1,6,7,6,1,0,0
0x9f3335,99.5671%,1,230,231,230,1,0,0
0x50b615,75%,1,3,4,0,0,1,3
0xa9453e,96.5517%,1,28,29,0,0,1,28
0xa0675c,50%,1,1,2,0,0,1,1
0x50b4d1,75%,1,3,4,3,1,0,0
0x819e7c,98.9011%,1,90,91,90,1,0,0
0x80401a,66.6667%,1,2,3,2,1,0,0
0x9fe886,97.5%,1,39,40,0,0,1,39
0x50b4c1,75%,1,3,4,3,1,0,0
0x4bd5a2,0%,1,0,1,0,1,0,0
0x5de6e9,99.8765%,1,809,810,809,1,0,0
0x9f8075,66.6667%,1,2,3,0,0,1,2
0x9fe710,97.5%,1,39,40,0,0,1,39
0x9fe6eb,97.5%,1,39,40,0,0,1,39
0x50b419,75%,1,3,4,0,0,1,3
0xaaaf46,99.1935%,1,123,124,0,0,1,123
0x9fe4e7,66.6667%,1,2,3,2,1,0,0
0xa662f1,0%,1,0,1,0,1,0,0
0x50b271,75%,1,3,4,3,1,0,0
0x5467a0,50%,1,1,2,0,0,1,1
0xa4ffc6,94.7368%,1,18,19,0,0,1,18
0x65adf2,92.3077%,1,12,13,12,1,0,0
0x9e81f3,95.8333%,1,23,24,23,1,0,0
0x5fb631,50%,1,1,2,0,0,1,1
0xa4fea9,75%,1,3,4,0,0,1,3
0xa4e02b,50%,1,1,2,0,0,1,1
0xa4e8c0,50%,1,1,2,1,1,0,0
0x8060ef,50%,1,1,2,1,1,0,0
0x5fac03,0%,1,0,1,0,0,1,0
0x81c553,95.4545%,1,21,22,0,0,1,21
0x8e3fc7,87.5%,1,7,8,7,1,0,0
0xa4e866,50%,1,1,2,0,0,1,1
0x5fdc74,0%,1,0,1,0,0,1,0
0xa5413e,50%,1,1,2,1,1,0,0
0x5f31a4,85.7143%,1,6,7,0,1,0,6
0x95c500,91.6667%,1,11,12,0,0,1,11
0x81f48a,75%,1,3,4,0,0,1,3
0xa4d443,98.5075%,1,66,67,66,1,0,0
0x9497c9,98.7342%,1,78,79,0,0,1,78
0xa5a0f3,66.6667%,1,2,3,0,1,0,2
0x813a72,94.1176%,1,16,17,0,0,1,16
0x5bc0a3,50%,1,1,2,0,0,1,1
0x69dd24,91.6667%,1,11,12,0,0,1,11
0x5fabe4,0%,1,0,1,0,0,1,0
0xa4d33b,97.2222%,1,35,36,0,0,1,35
0x5faabd,0%,1,0,1,0,0,1,0
0xa546b6,99.0196%,1,101,102,101,1,0,0
0xb31397,99.8968%,1,968,969,0,0,1,968
0x7942ed,93.75%,1,15,16,15,1,0,0
0xa50892,75%,1,3,4,0,0,1,3
0xa5081c,75%,1,3,4,3,1,0,0
0x643a17,95.8333%,1,23,24,0,0,1,23
0x90ba71,99.8255%,1,572,573,572,1,0,0
0x643990,97.0588%,1,33,34,33,1,0,0
0x494a9d,50%,1,1,2,1,1,0,0
0x5ff0d2,50%,1,1,2,0,0,1,1
0x5fefe4,75%,1,3,4,0,0,1,3
0x7c9d3c,75%,1,3,4,3,1,0,0
0x8dc900,99.8715%,1,777,778,777,1,0,0
0x9f508f,98.0769%,1,51,52,51,1,0,0
0x5f2f10,50%,1,1,2,0,1,0,1
0x5b3565,83.3333%,1,5,6,0,0,1,5
0x5d3f1a,99.2481%,1,132,133,132,1,0,0
0xaa259c,95.4545%,1,21,22,0,0,1,21
0x9813b1,98.6667%,1,74,75,74,1,0,0
0x7942e4,93.75%,1,15,16,0,0,1,15
0x5e032c,99.3103%,1,144,145,144,1,0,0
0x65a0ad,98.7654%,1,80,81,80,1,0,0
0x99f737,92.3077%,1,12,13,0,0,1,12
0x81b508,83.3333%,1,5,6,0,0,1,5
0x5fb9d8,96.1538%,1,25,26,0,0,1,25
0x5fb9c4,96.1538%,1,25,26,0,0,1,25
0x5fb8a2,98.1818%,1,54,55,0,0,1,54
0x60019c,96.2963%,1,26,27,11,1,0,15
0x9595ec,75%,1,3,4,0,0,1,3
0x8f5f9b,97.5%,1,39,40,39,1,0,0
0x81b518,83.3333%,1,5,6,5,1,0,0
0x9f5c6b,96.4286%,1,27,28,27,1,0,0
0x5fda7c,98.9247%,1,92,93,92,1,0,0
0x5fda62,98.9247%,1,92,93,92,1,0,0
0x8c7bc7,98.1481%,1,53,54,53,1,0,0
0x8f48bd,99.9277%,1,1382,1383,1382,1,0,0
0x975155,94.7368%,1,18,19,3,1,0,15
0x8ec644,50%,1,1,2,1,1,0,0
0x502e1b,66.6667%,1,2,3,2,1,0,0
0x5f8070,75%,1,3,4,0,0,1,3
0x491646,0%,1,0,1,0,1,0,0
0x5f870e,87.5%,1,7,8,0,0,1,7
0x80a7eb,50%,1,1,2,0,0,1,1
0x94cece,97.8723%,1,46,47,46,1,0,0
0xa6cb5c,91.6667%,1,11,12,11,1,0,0
0x5f7ad5,85.7143%,1,6,7,6,1,0,0
0x8ec607,50%,1,1,2,0,0,1,1
0xa4ff3b,92.8571%,1,13,14,0,0,1,13
0x5f968a,87.5%,1,7,8,0,0,1,7
0x540fde,87.5%,1,7,8,0,0,1,7
0xa4cded,75%,1,3,4,3,1,0,0
0xa4cde6,75%,1,3,4,0,0,1,3
0x5f8ac4,75%,1,3,4,3,1,0,0
0x9f96dc,97.619%,1,41,42,0,0,1,41
0x4c09e3,99.0385%,1,103,104,103,1,0,0
0xa4ca1d,75%,1,3,4,3,1,0,0
0xa4ca16,75%,1,3,4,0,0,1,3
0x8a6326,99.2647%,1,135,136,135,1,0,0
0x5f92b4,98.3607%,1,60,61,0,0,1,60
0x8a3479,75%,1,3,4,0,0,1,3
0xa345d9,99.2366%,1,130,131,0,0,1,130
0x8deb1e,98.4848%,1,65,66,65,1,0,0
0x9f3ef1,99.3711%,1,158,159,158,1,0,0
0x5410d7,99.9757%,1,4120,4121,4120,1,0,0
0x9ed450,99.3333%,1,149,150,149,1,0,0
0x5faca3,99.8674%,1,753,754,753,1,0,0
0x48bc33,0%,1,0,1,0,1,0,0
0xa4ecd9,99.2754%,1,137,138,137,1,0,0
0xa4e928,99.375%,1,159,160,22,0,1,137
0xa26606,99.9013%,1,1012,1013,0,0,1,1012
0x494f60,90%,1,9,10,3,1,0,6
0x833e62,87.5%,1,7,8,7,1,0,0
0x833e5c,87.5%,1,7,8,0,0,1,7
0xa27818,87.5%,1,7,8,7,1,0,0
0x94d26d,99.5169%,1,206,207,206,1,0,0
0x4bae07,99.6711%,1,303,304,0,0,1,303
0x5ff5d9,98.6667%,1,74,75,0,0,1,74
0x9aa24e,97.2973%,1,36,37,0,0,1,36
0xa4e662,98.5294%,1,67,68,33,1,0,34
0xa474d8,97.619%,1,41,42,0,0,1,41
0x5fd686,98.6842%,1,75,76,0,0,1,75
0xa5418a,75%,1,3,4,3,1,0,0
0x48bb5a,90%,1,9,10,0,0,1,9
0xa06392,50%,1,1,2,1,1,0,0
0x5b074e,50%,1,1,2,1,1,0,0
0x492822,0%,1,0,1,0,1,0,0
0x5fd6f2,99.6622%,1,295,296,295,1,0,0
0xa062f4,83.3333%,1,5,6,0,1,0,5
0x68a8ef,98.6842%,1,75,76,75,1,0,0
0x49a491,93.75%,1,15,16,15,1,0,0
0x540732,50%,1,1,2,0,0,1,1
0x60e716,98.7342%,1,78,79,78,1,0,0
0x99ba3c,99.4737%,1,189,190,189,1,0,0
0x8443e6,75%,1,3,4,1,1,0,2
0x48e197,96%,1,24,25,24,1,0,0
0x48ece4,98.7805%,1,81,82,0,0,1,81
0x4b4eb8,50%,1,1,2,0,0,1,1
0x4bd298,85.7143%,1,6,7,6,0,1,0
0x8f3e65,99.661%,1,294,295,294,1,0,0
0x4ab1db,80%,1,4,5,0,0,1,4
0xa499d7,90%,1,9,10,9,1,0,0
0x5eeec4,50%,1,1,2,0,0,1,1
0x5f6c91,93.3333%,1,14,15,0,0,1,14
0x548bdb,85.7143%,1,6,7,6,1,0,0
0x8adccc,95.2381%,1,20,21,0,0,1,20
0xb4695e,0%,1,0,1,0,1,0,0
0x8adc30,98.8764%,1,88,89,0,0,1,88
0x9bc4ae,50%,1,1,2,1,1,0,0
0xa085e7,80%,1,4,5,4,1,0,0
0x8d27e5,66.6667%,1,2,3,0,1,0,2
0x8ad7bd,50%,1,1,2,1,1,0,0
0x8ad78c,50%,1,1,2,0,0,1,1
0x491977,99.4048%,1,167,168,0,0,1,167
0x7e0553,88.8889%,1,8,9,0,0,1,8
0x65ad58,0%,1,0,1,0,0,1,0
0x951e4f,83.3333%,1,5,6,0,0,1,5
0xa48ad2,99.4012%,1,166,167,0,0,1,166
0x9ef0db,99.8987%,1,986,987,986,1,0,0
0x8f63aa,50%,1,1,2,1,1,0,0
0x504421,99.67%,1,302,303,284,1,0,18
0x487f73,0%,1,0,1,0,0,1,0
0xaa25a8,95.4545%,1,21,22,0,0,1,21
0x4a58cf,98.1818%,1,54,55,54,1,0,0
0x81d017,99.4012%,1,166,167,166,1,0,0
0x5f8dbb,0%,1,0,1,0,0,1,0
0x812099,50%,1,1,2,1,1,0,0
0x4050ce,90.9091%,1,10,11,0,0,1,10
0x8dbd85,99.4624%,1,185,186,185,1,0,0
0x49c925,94.4444%,1,17,18,17,1,0,0
0x405c5c,95.8333%,1,23,24,23,1,0,0
0x96e969,0%,1,0,1,0,0,1,0
0x640443,99.7691%,1,432,433,0,0,1,432
0x4c5452,0%,1,0,1,0,0,1,0
0x8a8e50,75%,1,3,4,0,0,1,3
0x8dd53c,96.6667%,1,29,30,29,1,0,0
0x9ef481,95.4545%,1,21,22,21,1,0,0
0x48180e,96.5517%,1,28,29,0,0,1,28
0x5bbb8d,99.7701%,1,434,435,434,1,0,0
0x58c567,91.6667%,1,11,12,11,1,0,0
0x95a783,75%,1,3,4,3,1,0,0
0x7809f6,87.5%,1,7,8,0,0,1,7
0x8f21a3,97.3684%,1,37,38,0,1,0,37
0xa5c702,83.3333%,1,5,6,5,1,0,0
0x610f7e,50%,1,1,2,0,0,1,1
0xa05d84,0%,1,0,1,0,0,1,0
0x4831f8,96.5517%,1,28,29,0,0,1,28
0x675740,0%,1,0,1,0,1,0,0
0x9fcd8f,85.7143%,1,6,7,0,0,1,6
0x8ad520,50%,1,1,2,0,0,1,1
0x9d081f,0%,1,0,1,0,1,0,0
0x9f1261,90%,1,9,10,9,1,0,0
0x49ce10,95.4545%,1,21,22,21,1,0,0
0x494834,50%,1,1,2,0,0,1,1
0x4947c2,50%,1,1,2,1,1,0,0
0x49465f,75%,1,3,4,0,0,1,3
0x593003,0%,1,0,1,0,0,1,0
0x5f510e,50%,1,1,2,0,1,0,1
0x95b86c,75%,1,3,4,3,1,0,0
0x5f4c92,0%,1,0,1,0,0,1,0
0x592e73,50%,1,1,2,0,0,1,1
0x4a1ddc,99.9313%,1,1455,1456,1455,1,0,0
0x48719c,50%,1,1,2,0,0,1,1
0x4a1da5,99.9313%,1,1455,1456,1455,1,0,0
0x5f4eb8,0%,1,0,1,0,1,0,0
0x627d8d,95.6522%,1,22,23,0,0,1,22
0x627d75,95.6522%,1,22,23,22,1,0,0
0x5f4e99,0%,1,0,1,0,1,0,0
0x5f4e72,0%,1,0,1,0,1,0,0
0xab5b3e,50%,1,1,2,1,1,0,0
0x9fcaa2,96%,1,24,25,24,1,0,0
0x9bdeb4,50%,1,1,2,0,0,1,1
0x494427,50%,1,1,2,1,1,0,0
0x5ef756,0%,1,0,1,0,0,1,0
0x5dade9,75%,1,3,4,3,1,0,0
0x5ef716,0%,1,0,1,0,1,0,0
0x494adf,50%,1,1,2,1,1,0,0
0x951dfa,90.9091%,1,10,11,10,1,0,0
0x81edc3,99.5968%,1,247,248,0,0,1,247
0x7b72b1,50%,1,1,2,1,1,0,0
0x8e9cd9,80%,1,4,5,0,0,1,4
0x951ac5,97.2222%,1,35,36,35,1,0,0
0x8aedd5,98.2759%,1,57,58,57,1,0,0
0x4a040e,93.75%,1,15,16,0,0,1,15
0x69769e,96.4286%,1,27,28,0,0,1,27
0xb30451,80%,1,4,5,4,1,0,0
0x58f9ce,50%,1,1,2,0,0,1,1
0x494af8,50%,1,1,2,1,1,0,0
0xa531bd,50%,1,1,2,0,0,1,1
0x8ae92b,85.7143%,1,6,7,0,0,1,6
0xa3585f,99.8674%,1,753,754,0,0,1,753
0x4949fc,50%,1,1,2,1,1,0,0
0x6674f8,50%,1,1,2,1,1,0,0
0x4949ec,50%,1,1,2,0,0,1,1
0x4949d9,50%,1,1,2,1,1,0,0
0x48c65f,50%,1,1,2,1,1,0,0
0x8ad60d,50%,1,1,2,1,0,1,0
0x8ade70,50%,1,1,2,1,1,0,0
0x951cd6,99.843%,1,636,637,636,1,0,0
0x548a14,91.6667%,1,11,12,5,1,0,6
0x48bd96,0%,1,0,1,0,1,0,0
0x49146d,99.3671%,1,157,158,0,0,1,157
0x487061,99.2754%,1,137,138,137,1,0,0
0x48bccd,0%,1,0,1,0,1,0,0
0x9e78e6,99.1803%,1,121,122,121,1,0,0
0x8e2b0e,99.9533%,1,2142,2143,0,0,1,2142
0x4ada4f,80%,1,4,5,4,1,0,0
0x502a9a,95.8333%,1,23,24,23,1,0,0
0x501fb5,98.9011%,1,90,91,0,0,1,90
0x508fb0,97.3684%,1,37,38,0,0,1,37
0x5ebcd1,99.5575%,1,225,226,0,0,1,225
0x80c457,80%,1,4,5,4,1,0,0
0x9e6ec1,87.5%,1,7,8,7,1,0,0
0x8ea148,99.9596%,1,2473,2474,2473,1,0,0
0x9e3db4,90.9091%,1,10,11,10,1,0,0
0x50bcb3,97.5%,1,39,40,0,0,1,39
0x50bc75,97.5%,1,39,40,39,1,0,0
0x5f3b92,66.6667%,1,2,3,2,1,0,0
0x9e3da0,90.9091%,1,10,11,0,0,1,10
0x9e77c1,85.7143%,1,6,7,6,1,0,0
0xaca81b,96.4286%,1,27,28,27,1,0,0
0x505842,98.7654%,1,80,81,0,0,1,80
0x670693,66.6667%,1,2,3,2,1,0,0
0x9c5530,75%,1,3,4,0,0,1,3
0xa316e9,50%,1,1,2,1,1,0,0
0x90bb70,95.4545%,1,21,22,21,1,0,0
0x50a14e,98.2143%,1,55,56,55,1,0,0
0x9e3854,99.7126%,1,347,348,0,0,1,347
0x9f0825,80%,1,4,5,4,1,0,0
0xa9b8ce,95%,1,19,20,2,1,0,17
0x547c15,99.3506%,1,153,154,153,1,0,0
0x54fcb6,0%,1,0,1,0,0,1,0
0xa63b02,75%,1,3,4,0,0,1,3
0x66755f,50%,1,1,2,1,1,0,0
0x949fe0,99.5516%,1,222,223,222,1,0,0
0x96e759,0%,1,0,1,0,0,1,0
0x494670,50%,1,1,2,1,1,0,0
0x4c5fdf,93.75%,1,15,16,15,1,0,0
0x509023,92.3077%,1,12,13,0,0,1,12
0x5d2f52,75%,1,3,4,3,1,0,0
0x502763,98%,1,49,50,0,0,1,49
0x61083a,92.3077%,1,12,13,0,0,1,12
0x9f2afa,80%,1,4,5,0,0,1,4
0x50427c,96.9697%,1,32,33,2,1,0,30
0x8212b0,50%,1,1,2,0,0,1,1
0x508dd9,97.0588%,1,33,34,0,0,1,33
0xa15f6f,91.6667%,1,11,12,11,1,0,0
0x80ae23,50%,1,1,2,0,0,1,1
0xa96b27,66.6667%,1,2,3,2,1,0,0
0x5d13a6,95%,1,19,20,19,1,0,0
0x491bf4,0%,1,0,1,0,1,0,0
0x99f5d9,99.0196%,1,101,102,101,1,0,0
0xa3d29f,87.5%,1,7,8,7,1,0,0
0x8ea729,75%,1,3,4,3,1,0,0
0x9e7223,96.9697%,1,32,33,0,0,1,32
0x66f347,50%,1,1,2,0,0,1,1
0x9f0852,80%,1,4,5,0,1,0,4
0x9e80e9,95.8333%,1,23,24,23,1,0,0
0x5f2f3b,0%,1,0,1,0,0,1,0
0x58ec3b,96.6667%,1,29,30,0,0,1,29
0x9e7d88,95.8333%,1,23,24,23,1,0,0
0x556fa3,99.5951%,1,246,247,0,0,1,246
0x542e8a,99.3464%,1,152,153,152,1,0,0
0x8efe83,96.1538%,1,25,26,0,0,1,25
0x9d0620,98.3871%,1,61,62,61,1,0,0
0x50a7a4,98.0392%,1,50,51,0,0,1,50
0x816d04,0%,1,0,1,0,1,0,0
0x9e0943,87.5%,1,7,8,7,1,0,0
0x803b4b,50%,1,1,2,0,0,1,1
0x97a646,97.2222%,1,35,36,35,1,0,0
0x50d5a1,99.3789%,1,160,161,0,0,1,160
0x5f553f,75%,1,3,4,0,0,1,3
0x9d200c,99.0099%,1,100,101,100,1,0,0
0x8f432b,99.9311%,1,1451,1452,1451,1,0,0
0x81e9b8,98.6842%,1,75,76,75,1,0,0
0x4a1235,99.8761%,1,806,807,806,1,0,0
0x9d077a,98.3871%,1,61,62,0,1,0,61
0x9d1ea7,99.0099%,1,100,101,0,0,1,100
0x95b8b4,75%,1,3,4,3,1,0,0
0xa35e9b,99.7487%,1,397,398,397,1,0,0
0x9f3c95,0%,1,0,1,0,0,1,0
0x648807,98.2143%,1,55,56,55,1,0,0
0x5c7559,66.6667%,1,2,3,2,1,0,0
0xa584aa,90%,1,9,10,0,0,1,9
0x8f6ad0,99.4048%,1,167,168,0,0,1,167
0xa0a592,50%,1,1,2,0,0,1,1
0xa98817,93.3333%,1,14,15,14,1,0,0
0x9005ae,99.4186%,1,171,172,0,0,1,171
0x8deb7a,83.3333%,1,5,6,5,1,0,0
0x8aac1d,90%,1,9,10,0,0,1,9
0x8f45ec,98.2456%,1,56,57,44,1,0,12
0x821b94,0%,1,0,1,0,1,0,0
0x556aa9,75%,1,3,4,3,1,0,0
0x99eb5f,92.3077%,1,12,13,0,0,1,12
0x50e851,92.8571%,1,13,14,13,1,0,0
0xa07551,83.3333%,1,5,6,0,1,0,5
0x80ba05,50%,1,1,2,0,0,1,1
0x661b1c,99.9235%,1,1307,1308,1307,1,0,0
0x8da940,50%,1,1,2,1,1,0,0
0xa39511,99.8619%,1,723,724,723,1,0,0
0xa52f57,95%,1,19,20,0,0,1,19
0x50b30c,97.5%,1,39,40,39,1,0,0
0x9913e7,94.1176%,1,16,17,0,0,1,16
0x50e54b,97.619%,1,41,42,0,0,1,41
0x557ae3,66.6667%,1,2,3,2,1,0,0
0x9e3e34,75%,1,3,4,0,0,1,3
0x65b224,92.3077%,1,12,13,12,1,0,0
0x81226e,99.3976%,1,165,166,66,1,0,99
0x5406f9,50%,1,1,2,0,0,1,1
0x492e3e,0%,1,0,1,0,1,0,0
0x8e3a31,87.5%,1,7,8,7,1,0,0
0xa1b5a2,80%,1,4,5,0,1,0,4
0x4a0162,99.1379%,1,115,116,115,1,0,0
0x944ad9,99.5495%,1,221,222,221,1,0,0
0x944ac7,99.5495%,1,221,222,0,0,1,221
0xa06402,50%,1,1,2,0,0,1,1
0x6f4571,94.4444%,1,17,18,17,1,0,0
0x838707,80%,1,4,5,4,1,0,0
0x7b30a2,97.2222%,1,35,36,0,0,1,35
0x4bffd4,95.8333%,1,23,24,23,1,0,0
0x59c2cd,99.5327%,1,213,214,213,1,0,0
0x4bf71f,96.4286%,1,27,28,0,0,1,27
0x65afdf,92.3077%,1,12,13,12,1,0,0
0x44180e,90.9091%,1,10,11,0,0,1,10
0x4416ee,90.9091%,1,10,11,0,0,1,10
0x8dc3f2,75%,1,3,4,0,0,1,3
0xa2d73d,98.8235%,1,84,85,84,1,0,0
0x7ce585,91.6667%,1,11,12,0,0,1,11
0x49f630,99.2063%,1,125,126,46,1,0,79
0x943a82,75%,1,3,4,3,1,0,0
0xa06f1d,88.8889%,1,8,9,8,1,0,0
0x8dc356,75%,1,3,4,3,1,0,0
0x5a9716,66.6667%,1,2,3,2,1,0,0
0x60b060,98%,1,49,50,49,1,0,0
0xa45f69,99.2366%,1,130,131,130,1,0,0
0xa050ae,0%,1,0,1,0,0,1,0
0xa45cfc,98.4375%,1,63,64,63,1,0,0
0x81b137,96.875%,1,31,32,0,0,1,31
0xa45bd1,99.7691%,1,432,433,432,1,0,0
0x9e05d1,98.2759%,1,57,58,0,0,1,57
0x809d71,80%,1,4,5,4,1,0,0
0x8ed56c,75%,1,3,4,3,1,0,0
0xa47837,75%,1,3,4,0,0,1,3
0x8e0da8,99.5633%,1,228,229,228,1,0,0
0x813bbe,95.2381%,1,20,21,0,0,1,20
0x487f40,0%,1,0,1,0,1,0,0
0x5cd319,66.6667%,1,2,3,0,0,1,2
0xa21c3c,50%,1,1,2,1,0,1,0
0x4b78f2,96.4286%,1,27,28,0,0,1,27
0x80f85b,99.9155%,1,1183,1184,1183,1,0,0
0xa2f126,50%,1,1,2,0,1,0,1
0x8e96ac,99.9291%,1,1409,1410,1409,1,0,0
0xb0a736,99.8198%,1,554,555,554,1,0,0
0xa2e986,75%,1,3,4,3,1,0,0
0x917ac9,99.5%,1,199,200,0,0,1,199
0xa8eeab,87.5%,1,7,8,7,1,0,0
0x9ff72c,50%,1,1,2,1,1,0,0
0x5f60dd,50%,1,1,2,0,0,1,1
0x4b6d8c,96.4286%,1,27,28,0,0,1,27
0x8d3ff7,92.3077%,1,12,13,12,1,0,0
0xa32c9a,98.9474%,1,94,95,94,1,0,0
0xa4b676,95%,1,19,20,0,0,1,19
0xa47f63,91.6667%,1,11,12,11,1,0,0
0xa2e811,99.2537%,1,133,134,13,1,0,120
0x8e9be2,99.5726%,1,233,234,0,0,1,233
0x679c1f,99.9444%,1,1799,1800,591,1,0,1208
0x49ce67,80%,1,4,5,4,1,0,0
0x696525,99.8483%,1,658,659,658,1,0,0
0x48c4ed,98.9583%,1,95,96,95,1,0,0
0x4c1b21,98.3051%,1,58,59,58,0,1,0
0x482913,88.8889%,1,8,9,8,1,0,0
0x4ab1e7,93.75%,1,15,16,0,0,1,15
0x80a657,99.5238%,1,209,210,0,0,1,209
0x49d0ee,50%,1,1,2,0,0,1,1
0x6ed718,0%,1,0,1,0,1,0,0
0x9ab4b1,98.0392%,1,50,51,50,1,0,0
0x4093cd,50%,1,1,2,0,1,0,1
0x8de913,99.5%,1,199,200,199,1,0,0
0xa34020,99.6667%,1,299,300,0,0,1,299
0xa41206,96%,1,24,25,0,0,1,24
0xa41154,96%,1,24,25,0,0,1,24
0x4bf0ca,99.4681%,1,187,188,0,0,1,187
0x402fff,98.4615%,1,64,65,64,1,0,0
0x4bbe62,99.4949%,1,197,198,0,0,1,197
0x608571,90%,1,9,10,0,0,1,9
0x8f4a13,83.3333%,1,5,6,0,0,1,5
0x6753a5,0%,1,0,1,0,1,0,0
0xa42bf6,98.1481%,1,53,54,53,1,0,0
0xa42bdf,98.2759%,1,57,58,3,1,0,54
0x4bb840,99.5098%,1,203,204,203,1,0,0
0x978541,99.7821%,1,458,459,0,0,1,458
0xa4152a,96%,1,24,25,0,0,1,24
0x9e1a37,99.1667%,1,119,120,0,0,1,119
0x49ad4f,83.3333%,1,5,6,5,1,0,0
0x9e194b,99.1667%,1,119,120,119,1,0,0
0x5efe75,0%,1,0,1,0,1,0,0
0xa065b9,96.7742%,1,30,31,30,1,0,0
0xa46737,96.6667%,1,29,30,29,1,0,0
0x78d21b,50%,1,1,2,0,0,1,1
0xa44855,98.0769%,1,51,52,0,0,1,51
0x487e70,50%,1,1,2,1,1,0,0
0x4b4f7d,98.5915%,1,70,71,0,0,1,70
0xa446bf,98.0769%,1,51,52,51,1,0,0
0xa51690,98.5507%,1,68,69,68,1,0,0
0x4b4c85,50%,1,1,2,0,0,1,1
0x8e389c,97.9167%,1,47,48,0,0,1,47
0x9ee28c,94.4444%,1,17,18,17,1,0,0
0xa47e92,91.6667%,1,11,12,0,0,1,11
0x98d00c,91.6667%,1,11,12,0,0,1,11
0x4b5054,99.1803%,1,121,122,0,0,1,121
0xa42b6f,99.1071%,1,111,112,111,1,0,0
0x4022a1,96.1538%,1,25,26,25,1,0,0
0x486fab,50%,1,1,2,0,0,1,1
0xa43c63,97.9167%,1,47,48,47,1,0,0
0xa47b4e,88.8889%,1,8,9,8,1,0,0
0x5dadc2,75%,1,3,4,3,1,0,0
0xa47a10,88.8889%,1,8,9,8,1,0,0
0xa47972,88.8889%,1,8,9,8,1,0,0
0xa49a0f,90%,1,9,10,9,1,0,0
0xa65002,75%,1,3,4,0,0,1,3
0xa41255,87.5%,1,7,8,7,1,0,0
0xa477fe,75%,1,3,4,0,0,1,3
0xa41163,87.5%,1,7,8,0,0,1,7
0xaa2f18,99.0196%,1,101,102,0,0,1,101
0x7e20c4,96%,1,24,25,24,1,0,0
0x9a0adb,96.4286%,1,27,28,0,0,1,27
0xa49864,95.4545%,1,21,22,0,0,1,21
0xa47911,92.8571%,1,13,14,13,1,0,0
0x80bf57,93.75%,1,15,16,15,1,0,0
0x8e9281,98.8235%,1,84,85,0,0,1,84
0xa4776a,94.7368%,1,18,19,18,1,0,0
0x789af5,96.4286%,1,27,28,0,0,1,27
0x5c474a,87.5%,1,7,8,0,0,1,7
0x977253,50%,1,1,2,1,1,0,0
0x4c8175,95.4545%,1,21,22,0,0,1,21
0x488ea1,75%,1,3,4,0,0,1,3
0x9c3cf5,97.7778%,1,44,45,44,1,0,0
0x4c805d,95.4545%,1,21,22,0,0,1,21
0x9773e9,91.6667%,1,11,12,11,1,0,0
0x8dce90,99.4286%,1,174,175,174,1,0,0
0x8d468a,0%,1,0,1,0,1,0,0
0x9c4205,99.6988%,1,331,332,331,1,0,0
0x9487cc,97.4359%,1,38,39,0,0,1,38
0xa4fea3,75%,1,3,4,0,0,1,3
0x4c6797,92.8571%,1,13,14,0,0,1,13
0x5d7ddd,75%,1,3,4,3,1,0,0
0x972696,99.6337%,1,272,273,0,0,1,272
0x972689,99.6337%,1,272,273,0,0,1,272
0x4c5d9e,87.5%,1,7,8,0,0,1,7
0x9d25e5,50%,1,1,2,0,1,0,1
0x59bfb7,98.1132%,1,52,53,52,1,0,0
0xa9df89,50%,1,1,2,0,0,1,1
0x485f0e,94.1176%,1,16,17,0,0,1,16
0x80b4d3,0%,1,0,1,0,1,0,0
0xa97726,75%,1,3,4,3,1,0,0
0x4c62ab,97.7273%,1,43,44,43,1,0,0
0x550f17,88.8889%,1,8,9,8,1,0,0
0xa9a0c7,80%,1,4,5,4,1,0,0
0xa92897,83.3333%,1,5,6,0,0,1,5
0xa39a7a,94.7368%,1,18,19,18,1,0,0
0x491f9f,0%,1,0,1,0,0,1,0
0x9a6ac0,0%,1,0,1,0,0,1,0
0x905bf9,99.6644%,1,297,298,297,1,0,0
0x9d1e1b,80%,1,4,5,0,0,1,4
0x4bcf8f,83.3333%,1,5,6,5,1,0,0
0x809a0d,50%,1,1,2,0,0,1,1
0x4915e2,0%,1,0,1,0,1,0,0
0x4b50f6,90%,1,9,10,0,0,1,9
0xa8f9ab,98.8235%,1,84,85,84,1,0,0
0x7c5d7d,92.8571%,1,13,14,0,0,1,13
0x4bd673,83.3333%,1,5,6,0,0,1,5
0x820a55,87.5%,1,7,8,7,1,0,0
0x4b8b05,93.75%,1,15,16,0,0,1,15
0x4a85e0,95.6522%,1,22,23,22,1,0,0
0x4c4d6b,92.3077%,1,12,13,1,1,0,11
0xa900da,99.635%,1,273,274,0,0,1,273
0x4c0247,98.5294%,1,67,68,0,0,1,67
0x60c5b7,80%,1,4,5,4,1,0,0
0xa5c61c,90%,1,9,10,9,1,0,0
0x4c1b58,80%,1,4,5,4,1,0,0
0x4c67ea,91.6667%,1,11,12,0,0,1,11
0x4bca89,75%,1,3,4,3,1,0,0
0x4bc8d4,91.6667%,1,11,12,11,1,0,0
0x7bdd31,75%,1,3,4,0,0,1,3
0x63f88c,50%,1,1,2,1,1,0,0
0xa8f74e,75%,1,3,4,0,0,1,3
0x94f0b9,0%,1,0,1,0,1,0,0
0x4c736a,94.4444%,1,17,18,0,0,1,17
0x4c4b54,97.2222%,1,35,36,35,1,0,0
0x818b21,99.9558%,1,2259,2260,2259,1,0,0
0xaa7f9f,66.6667%,1,2,3,0,0,1,2
0x814f1b,98.3051%,1,58,59,58,1,0,0
0x81e5dd,75%,1,3,4,3,1,0,0
0x4b80d8,90.9091%,1,10,11,9,0,1,1
0x8ec62b,50%,1,1,2,0,0,1,1
0x649e13,50%,1,1,2,0,0,1,1
0xa25cbf,99.8853%,1,871,872,871,1,0,0
0x4be367,90.9091%,1,10,11,0,0,1,10
0xa07fe4,50%,1,1,2,0,1,0,1
0x4b7d94,90.9091%,1,10,11,10,1,0,0
0xaa07f1,98.5294%,1,67,68,67,1,0,0
0xa325ff,75%,1,3,4,3,1,0,0
0xa353a1,99.6491%,1,284,285,284,1,0,0
0x4b7185,90.9091%,1,10,11,8,1,0,2
0xa9180c,94.1176%,1,16,17,16,1,0,0
0x5b27bc,50%,1,1,2,1,1,0,0
0x5cf79d,99.9455%,1,1835,1836,1835,1,0,0
0x4bf2dd,97.1429%,1,34,35,5,0,1,29
0x8e1631,96.875%,1,31,32,0,0,1,31
0xa5a0ba,83.3333%,1,5,6,0,0,1,5
0x9f2231,50%,1,1,2,0,0,1,1
0x8e929b,66.6667%,1,2,3,2,1,0,0
0xa31bb0,96.7742%,1,30,31,30,1,0,0
0x9d68a1,50%,1,1,2,1,1,0,0
0xa353db,99.8915%,1,921,922,0,0,1,921
0x9177e5,87.5%,1,7,8,7,1,0,0
0x805023,50%,1,1,2,0,0,1,1
0x90bef6,99.1597%,1,118,119,0,0,1,118
0x4bd721,96.9697%,1,32,33,0,0,1,32
0x5b0622,98.4615%,1,64,65,64,1,0,0
0x40f32b,99.9774%,1,4431,4432,0,0,1,4431
0x90f156,99.5%,1,199,200,0,0,1,199
0x60b4e3,99.4475%,1,180,181,0,0,1,180
0xa39e5d,98.2759%,1,57,58,57,1,0,0
0x72361c,99.9308%,1,1445,1446,0,0,1,1445
0x9a6e0b,88.8889%,1,8,9,8,1,0,0
0xa94227,50%,1,1,2,1,1,0,0
0x951888,99.7067%,1,340,341,340,1,0,0
0x4c05f9,97.619%,1,41,42,0,0,1,41
0xa2f2f7,99.4737%,1,189,190,96,1,0,93
0x5d1b03,99.0909%,1,109,110,109,1,0,0
0x81cbae,99.4186%,1,171,172,171,1,0,0
0x4ba173,99.0566%,1,105,106,92,1,0,13
0x9d0a3e,98.0392%,1,50,51,50,1,0,0
0x7c7c0d,0%,1,0,1,0,1,0,0
0xa5b053,93.3333%,1,14,15,0,0,1,14
0x67ac84,83.3333%,1,5,6,5,1,0,0
0x9edb40,97.561%,1,40,41,40,1,0,0
0x9f068d,50%,1,1,2,1,1,0,0
0xb245f3,99.9916%,1,11898,11899,0,0,1,11898
0x9f0c31,99.4737%,1,189,190,0,0,1,189
0xa54dcd,99.1379%,1,115,116,0,0,1,115
0x4be836,93.3333%,1,14,15,0,0,1,14
0x78582a,75%,1,3,4,1,1,0,2
0x9fc6d9,90%,1,9,10,0,0,1,9
0x9ed89e,98.4375%,1,63,64,0,0,1,63
0x9ede19,99.2754%,1,137,138,137,1,0,0
0x838ba2,50%,1,1,2,0,0,1,1
0x8063ef,97.4359%,1,38,39,38,0,1,0
0xa4bd43,75%,1,3,4,0,0,1,3
0x54463e,88.8889%,1,8,9,8,1,0,0
0xa58a20,97.5%,1,39,40,0,0,1,39
0x781703,96.9697%,1,32,33,32,1,0,0
0x8d48c5,50%,1,1,2,1,1,0,0
0x9009c4,99.3151%,1,145,146,0,0,1,145
0x50331b,97.4359%,1,38,39,38,1,0,0
0xaa5d1e,0%,1,0,1,0,1,0,0
0x9d0bc6,98.0392%,1,50,51,50,1,0,0
0x5f5a75,92.8571%,1,13,14,11,1,0,2
0xa567c7,87.5%,1,7,8,2,0,1,5
0x837715,80%,1,4,5,0,0,1,4
0x83759d,99.2188%,1,127,128,127,1,0,0
0xa4bcaa,75%,1,3,4,3,1,0,0
0x5f4e03,50%,1,1,2,1,1,0,0
0x838ad1,50%,1,1,2,0,0,1,1
0xa51bec,97.5%,1,39,40,0,0,1,39
0x9fea86,97.5%,1,39,40,39,1,0,0
0x836568,0%,1,0,1,0,1,0,0
0x5446a3,50%,1,1,2,0,0,1,1
0x835f7c,50%,1,1,2,1,0,1,0
0xa51aa6,91.6667%,1,11,12,0,0,1,11
0xa51f8a,50%,1,1,2,1,1,0,0
0x5b4b2f,0%,1,0,1,0,0,1,0
0x4ac702,93.3333%,1,14,15,0,0,1,14
0x835ec9,50%,1,1,2,1,1,0,0
0xa054ae,95.2381%,1,20,21,20,1,0,0
0x5fad39,83.3333%,1,5,6,0,0,1,5
0x804142,98.3333%,1,59,60,59,1,0,0
0x8f2f20,50%,1,1,2,1,1,0,0
0x9e620e,97.8723%,1,46,47,46,1,0,0
0x5fa878,98.5507%,1,68,69,68,1,0,0
0xa44daa,99.7691%,1,432,433,432,1,0,0
0x5f4d45,50%,1,1,2,1,1,0,0
0x94acb0,98.2143%,1,55,56,0,0,1,55
0x7840ed,87.5%,1,7,8,7,1,0,0
0xa3443f,97.9592%,1,48,49,0,0,1,48
0x48edf4,99.6979%,1,330,331,330,1,0,0
0x618893,98.7654%,1,80,81,0,0,1,80
0xa31928,99.537%,1,215,216,0,0,1,215
0x5391dd,90.9091%,1,10,11,0,0,1,10
0x5391fb,90.9091%,1,10,11,10,1,0,0
0x835ead,50%,1,1,2,1,1,0,0
0xa44be8,75%,1,3,4,0,0,1,3
0xa2b430,92.8571%,1,13,14,13,1,0,0
0x538fda,90.9091%,1,10,11,10,1,0,0
0xa2b351,50%,1,1,2,0,0,1,1
0x8dcdda,99.0099%,1,100,101,0,0,1,100
0x8f6e0f,95.4545%,1,21,22,21,1,0,0
0x4c4dd1,50%,1,1,2,0,0,1,1
0x54ff60,99.7797%,1,453,454,0,0,1,453
0xa07e4d,50%,1,1,2,0,1,0,1
0x53906e,99.2424%,1,131,132,0,0,1,131
0x544ba9,98.2456%,1,56,57,56,1,0,0
0x544ad3,98.2456%,1,56,57,56,1,0,0
0x5449c4,94.4444%,1,17,18,8,1,0,9
0x83428e,98.1132%,1,52,53,0,0,1,52
0x5fc99a,50%,1,1,2,0,0,1,1
0x5fc925,50%,1,1,2,1,1,0,0
0x5fc76c,50%,1,1,2,1,1,0,0
0x4b7921,96.4286%,1,27,28,0,0,1,27
0x5fc477,99.1379%,1,115,116,0,0,1,115
0x8a94b7,99.996%,1,24937,24938,24937,1,0,0
0xa08f2f,80%,1,4,5,0,0,1,4
0x99b18b,97.5%,1,39,40,39,1,0,0
0x83396a,99.2481%,1,132,133,132,1,0,0
0x833884,50%,1,1,2,0,0,1,1
0x803ebb,99.5122%,1,204,205,204,1,0,0
0x99d3cf,88.8889%,1,8,9,8,1,0,0
0x904c3c,99.6678%,1,300,301,0,0,1,300
0x4b49f4,90%,1,9,10,0,0,1,9
0x82273e,75%,1,3,4,0,0,1,3
0x80fd17,99.989%,1,9087,9088,9087,1,0,0
0x555a8f,87.5%,1,7,8,5,1,0,2
0x5a5ed3,75%,1,3,4,0,0,1,3
0x81b2e7,98.7805%,1,81,82,81,1,0,0
0x906799,99.1935%,1,123,124,0,0,1,123
0x90678c,99.1935%,1,123,124,0,0,1,123
0xa5579f,98.7952%,1,82,83,82,1,0,0
0x618ab6,98.5714%,1,69,70,69,1,0,0
0x8340f4,75%,1,3,4,3,1,0,0
0x834067,50%,1,1,2,0,0,1,1
0x402e16,75%,1,3,4,0,0,1,3
0x618adc,98.5714%,1,69,70,69,1,0,0
0x5ffbe1,97.8261%,1,45,46,0,0,1,45
0x670b43,50%,1,1,2,0,0,1,1
0x835e97,50%,1,1,2,0,0,1,1
0x9782ab,94.7368%,1,18,19,0,0,1,18
0x67246e,50%,1,1,2,1,0,1,0
0x95b63c,87.5%,1,7,8,4,0,1,3
0x673a78,50%,1,1,2,1,1,0,0
0xaa011e,66.6667%,1,2,3,2,1,0,0
0x6711b6,50%,1,1,2,1,1,0,0
0x60e6a3,97.3684%,1,37,38,37,1,0,0
0x6710b0,50%,1,1,2,1,1,0,0
0xa51632,99.3827%,1,161,162,0,0,1,161
0x670db4,50%,1,1,2,0,0,1,1
0x670d8d,50%,1,1,2,0,0,1,1
0x670d24,50%,1,1,2,0,0,1,1
0x837a11,95%,1,19,20,0,0,1,19
0x670aa5,50%,1,1,2,1,1,0,0
0xa04046,50%,1,1,2,0,0,1,1
0xa04117,83.3333%,1,5,6,3,0,1,2
0x60c59e,80%,1,4,5,4,1,0,0
0x9bde45,50%,1,1,2,0,0,1,1
0x682e6b,91.6667%,1,11,12,11,1,0,0
0x8f404c,98.3607%,1,60,61,60,1,0,0
0xb22fdd,99.3506%,1,153,154,0,0,1,153
0x4a650a,90%,1,9,10,9,1,0,0
0x66f69f,94.1176%,1,16,17,0,0,1,16
0x66f61c,98.5075%,1,66,67,0,0,1,66
0x50367b,0%,1,0,1,0,1,0,0
0x78697e,91.6667%,1,11,12,0,0,1,11
0x677463,98.6301%,1,72,73,1,1,0,71
0x51afea,99.6154%,1,259,260,0,0,1,259
0x5018af,0%,1,0,1,0,1,0,0
0x51af08,50%,1,1,2,1,1,0,0
0x4b3973,75%,1,3,4,3,1,0,0
0xa9f366,66.6667%,1,2,3,0,0,1,2
0x90c917,99.9527%,1,2113,2114,2113,1,0,0
0x53969a,99.0826%,1,108,109,108,1,0,0
0xa9edbb,91.6667%,1,11,12,11,1,0,0
0x906aae,99.7207%,1,357,358,0,0,1,357
0x6cfc46,75%,1,3,4,3,1,0,0
0x402349,99.8296%,1,586,587,586,1,0,0
0xa48625,75%,1,3,4,0,0,1,3
0xa48271,91.6667%,1,11,12,11,1,0,0
0xa2e2cf,97.3684%,1,37,38,37,1,0,0
0x88df1d,50%,1,1,2,1,1,0,0
0xa07fee,0%,1,0,1,0,0,1,0
0x5f9250,85.7143%,1,6,7,3,1,0,3
0x5f94bf,96%,1,24,25,0,0,1,24
0x50fee6,50%,1,1,2,0,0,1,1
0xa41ada,99.9375%,1,1599,1600,0,0,1,1599
0x50ff16,75%,1,3,4,1,1,0,2
0xa43838,99.7253%,1,363,364,363,1,0,0
0x7180b8,0%,1,0,1,0,0,1,0
0x5034eb,50%,1,1,2,0,0,1,1
0x503491,50%,1,1,2,1,1,0,0
0x9f86a6,90.9091%,1,10,11,10,1,0,0
0xa05396,87.5%,1,7,8,0,0,1,7
0x404b95,85.7143%,1,6,7,6,1,0,0
0x4ba3f2,99.7797%,1,453,454,0,0,1,453
0xa41106,96.2963%,1,26,27,26,1,0,0
0x811b17,50%,1,1,2,1,1,0,0
0x4ba926,97.9167%,1,47,48,0,0,1,47
0xa34864,99.8102%,1,526,527,0,0,1,526
0xa47734,97.619%,1,41,42,0,0,1,41
0xa4772a,97.619%,1,41,42,0,0,1,41
0x4b4c5a,98.5915%,1,70,71,68,1,0,2
0x58be5e,98.6842%,1,75,76,0,0,1,75
0xa47346,90.9091%,1,10,11,10,1,0,0
0x5f621c,50%,1,1,2,1,1,0,0
0xa49450,96.4286%,1,27,28,27,1,0,0
0x4ba32d,99.6933%,1,325,326,0,0,1,325
0x5466db,75%,1,3,4,0,0,1,3
0x839024,93.75%,1,15,16,0,0,1,15
0x9edacd,85.7143%,1,6,7,6,1,0,0
0x5df7f5,92.8571%,1,13,14,0,0,1,13
0xa46d0a,99.5652%,1,229,230,229,1,0,0
0x901ff4,99.7831%,1,460,461,0,0,1,460
0x4b56d5,99.0196%,1,101,102,0,0,1,101
0xa59fbb,66.6667%,1,2,3,2,1,0,0
0x9530b8,90%,1,9,10,9,1,0,0
0x485ecc,95.6522%,1,22,23,0,0,1,22
0x81b8cc,96.5517%,1,28,29,28,1,0,0
0x4b47bb,50%,1,1,2,1,1,0,0
0x9e147d,96.1538%,1,25,26,25,1,0,0
0x4bee2b,98.2759%,1,57,58,0,0,1,57
0x4b4727,75%,1,3,4,0,0,1,3
0x8377c3,66.6667%,1,2,3,2,1,0,0
0x4a7a35,97.8261%,1,45,46,0,1,0,45
0x481ce4,88.8889%,1,8,9,8,1,0,0
0x40ce8b,50%,1,1,2,1,1,0,0
0x835fbc,50%,1,1,2,1,0,1,0
0x835fb7,50%,1,1,2,0,0,1,1
0x533e6e,75%,1,3,4,2,0,1,1
0xa45643,91.6667%,1,11,12,0,0,1,11
0x533dbd,50%,1,1,2,0,0,1,1
0xa05e2c,83.3333%,1,5,6,5,1,0,0
0x9713ed,85.7143%,1,6,7,0,0,1,6
0x8389c1,0%,1,0,1,0,1,0,0
0x838965,75%,1,3,4,0,0,1,3
0x838b2c,66.6667%,1,2,3,0,1,0,2
0xa45982,98.0392%,1,50,51,50,1,0,0
0x8434e4,83.3333%,1,5,6,5,0,1,0
0x837534,75%,1,3,4,3,1,0,0
0x533804,92.8571%,1,13,14,6,1,0,7
0x4915d9,0%,1,0,1,0,1,0,0
0x63efff,50%,1,1,2,0,0,1,1
0x837412,80%,1,4,5,0,1,0,4
0xa06341,50%,1,1,2,1,1,0,0
0xa4654f,99.7951%,1,487,488,487,1,0,0
0x8f5392,99.4595%,1,184,185,184,1,0,0
0xa45374,99.7126%,1,347,348,0,0,1,347
0x5eb90a,99.8829%,1,853,854,0,0,1,853
0x8381b3,80%,1,4,5,0,0,1,4
0xa9222e,75%,1,3,4,0,0,1,3
0x837a63,93.75%,1,15,16,0,0,1,15
0xa4841b,99.5868%,1,241,242,241,1,0,0
0xa29d47,93.75%,1,15,16,0,0,1,15
0x98cc44,94.4444%,1,17,18,17,1,0,0
0x4c07ca,98.8372%,1,85,86,85,1,0,0
0x78b6d2,91.6667%,1,11,12,0,0,1,11
0xa48b5f,99.4012%,1,166,167,0,0,1,166
0x5032bd,50%,1,1,2,0,0,1,1
0x83be87,80%,1,4,5,4,1,0,0
0x675493,50%,1,1,2,0,1,0,1
0x83be26,0%,1,0,1,0,1,0,0
0x8a63ec,99.2647%,1,135,136,0,0,1,135
0x83a938,66.6667%,1,2,3,2,1,0,0
0x843542,75%,1,3,4,0,1,0,3
0x90a6a7,85.7143%,1,6,7,6,1,0,0
0xaaaadd,0%,1,0,1,0,1,0,0
0x60c439,80%,1,4,5,4,1,0,0
0x6672f0,96.7742%,1,30,31,30,1,0,0
0x9e0204,96.4286%,1,27,28,27,1,0,0
0x4a21c3,87.5%,1,7,8,7,1,0,0
0x4a2043,75%,1,3,4,3,1,0,0
0x4c8e2e,99.2481%,1,132,133,132,1,0,0
0x9842e0,91.6667%,1,11,12,11,1,0,0
0x5f0dc8,80%,1,4,5,0,0,1,4
0xa467f5,99.6951%,1,327,328,0,0,1,327
0x80af6e,50%,1,1,2,1,1,0,0
0x843502,0%,1,0,1,0,0,1,0
0xa49748,97.619%,1,41,42,41,1,0,0
0xa496e3,97.619%,1,41,42,41,1,0,0
0x8c938c,80%,1,4,5,0,0,1,4
0xa0783e,80%,1,4,5,0,0,1,4
0x8e9389,75%,1,3,4,0,0,1,3
0xad456a,80%,1,4,5,0,0,1,4
0x83904b,93.75%,1,15,16,15,1,0,0
0xa06e1d,97.3684%,1,37,38,0,0,1,37
0x9c549e,75%,1,3,4,3,1,0,0
0xa31712,50%,1,1,2,1,1,0,0
0x7c6841,50%,1,1,2,0,0,1,1
0x8e1639,96.875%,1,31,32,0,0,1,31
0xa5861a,99.5238%,1,209,210,209,1,0,0
0xa90286,97.3684%,1,37,38,37,1,0,0
0x49bf87,83.3333%,1,5,6,0,0,1,5
0x718112,0%,1,0,1,0,0,1,0
0x9ab5f6,99.2806%,1,138,139,0,0,1,138
0x5a96db,80%,1,4,5,4,1,0,0
0x811c3e,99.6154%,1,259,260,259,1,0,0
0xa3fdb8,94.4444%,1,17,18,0,0,1,17
0xa5edf7,99.7531%,1,404,405,404,1,0,0
0x812118,50%,1,1,2,1,1,0,0
0x441be9,90.9091%,1,10,11,10,1,0,0
0x94d66f,75%,1,3,4,3,1,0,0
0x59aadb,50%,1,1,2,1,1,0,0
0x8126f4,98.0769%,1,51,52,51,1,0,0
0x8075fd,98.3051%,1,58,59,0,0,1,58
0x49bcf0,95.6522%,1,22,23,0,0,1,22
0x97bb55,99.1228%,1,113,114,0,0,1,113
0x80b951,95.8333%,1,23,24,23,1,0,0
0x5af864,98.1132%,1,52,53,52,1,0,0
0x8f0b6b,93.75%,1,15,16,15,1,0,0
0x9c555c,87.5%,1,7,8,3,1,0,4
0x67a005,83.3333%,1,5,6,5,1,0,0
0x815241,85.7143%,1,6,7,6,0,1,0
0x8bdcb9,85.7143%,1,6,7,0,0,1,6
0x96ec53,0%,1,0,1,0,1,0,0
0x4a25a2,83.3333%,1,5,6,0,0,1,5
0x808c3d,50%,1,1,2,0,0,1,1
0x97115b,90%,1,9,10,0,0,1,9
0x804db1,50%,1,1,2,0,0,1,1
0xa50b37,94.7368%,1,18,19,0,0,1,18
0x808994,95.4545%,1,21,22,0,1,0,21
0x9ef3a6,88.8889%,1,8,9,8,1,0,0
0xa57586,97.561%,1,40,41,0,0,1,40
0x50329c,50%,1,1,2,0,0,1,1
0x80a1ee,87.5%,1,7,8,4,0,1,3
0xa05eac,83.3333%,1,5,6,5,1,0,0
0x9c517c,75%,1,3,4,0,0,1,3
0x8e16a7,96.875%,1,31,32,0,0,1,31
0x9c50ee,87.5%,1,7,8,7,1,0,0
0x64305b,99.7093%,1,343,344,0,0,1,343
0x8e2fe7,75%,1,3,4,3,1,0,0
0x48d331,50%,1,1,2,1,1,0,0
0x7d41da,0%,1,0,1,0,0,1,0
0x805741,50%,1,1,2,0,0,1,1
0x47f8a0,94.7368%,1,18,19,0,1,0,18
0x8a8971,85.7143%,1,6,7,6,1,0,0
0x815b64,97.561%,1,40,41,0,0,1,40
0x679b19,83.3333%,1,5,6,5,1,0,0
0x65a00a,99.9465%,1,1867,1868,1867,1,0,0
0x9c532d,75%,1,3,4,0,0,1,3
0x403a26,0%,1,0,1,0,1,0,0
0x6805a6,94.7368%,1,18,19,18,1,0,0
0x806024,99.5495%,1,221,222,221,1,0,0
0x80b7c2,50%,1,1,2,0,0,1,1
0xa596f9,90%,1,9,10,0,0,1,9
0x81f458,75%,1,3,4,0,0,1,3
0xa3f079,87.5%,1,7,8,0,0,1,7
0xa21dd7,50%,1,1,2,0,0,1,1
0x8d30e5,99.5763%,1,235,236,235,1,0,0
0x49c6da,83.3333%,1,5,6,1,1,0,4
0x9e5ec4,94.1176%,1,16,17,16,1,0,0
0xa55a27,75%,1,3,4,1,1,0,2
0xa21ddc,50%,1,1,2,0,1,0,1
0x9ab963,99.5671%,1,230,231,0,0,1,230
0x815189,99.697%,1,329,330,0,0,1,329
0xad6e47,50%,1,1,2,0,0,1,1
0x8e9341,66.6667%,1,2,3,2,1,0,0
0x5b9ef9,50%,1,1,2,1,1,0,0
0x5b8d3e,75%,1,3,4,3,1,0,0
0x8a6a33,66.6667%,1,2,3,1,1,0,1
0x8e34d1,99.9494%,1,1976,1977,1976,1,0,0
0x6dcdee,75%,1,3,4,3,1,0,0
0x8a5ee0,99.2806%,1,138,139,0,0,1,138
0x4ab0bc,90.9091%,1,10,11,10,1,0,0
0x7f12ec,85.7143%,1,6,7,0,0,1,6
0x59259b,66.6667%,1,2,3,0,0,1,2
0x816515,98.0769%,1,51,52,51,1,0,0
0x6dcc26,0%,1,0,1,0,0,1,0
0x5f120b,50%,1,1,2,1,1,0,0
0xa8955a,98.7952%,1,82,83,0,0,1,82
0x4bf6fc,96.5517%,1,28,29,0,0,1,28
0xad46a1,50%,1,1,2,1,1,0,0
0x48e947,50%,1,1,2,1,1,0,0
0x8d3b83,50%,1,1,2,1,1,0,0
0x4a7c22,98.0392%,1,50,51,50,1,0,0
0x49b01b,50%,1,1,2,0,0,1,1
0x8f21c2,94.1176%,1,16,17,0,0,1,16
0xaa4a6e,66.6667%,1,2,3,2,1,0,0
0x60850e,90%,1,9,10,0,0,1,9
0x9fb35b,66.6667%,1,2,3,2,1,0,0
0xb180b1,99.9305%,1,1437,1438,0,0,1,1437
0x807f6e,98.5507%,1,68,69,0,0,1,68
0x54f15a,97.6744%,1,42,43,0,0,1,42
0x487fbe,50%,1,1,2,1,1,0,0
0x649e4a,50%,1,1,2,1,1,0,0
0xa31c7e,96.7742%,1,30,31,30,1,0,0
0x555bb3,97.3684%,1,37,38,37,1,0,0
0xb1b6ff,99.8986%,1,985,986,985,1,0,0
0x99f772,92.3077%,1,12,13,0,0,1,12
0x4b3941,75%,1,3,4,0,0,1,3
0x67178a,50%,1,1,2,1,1,0,0
0x488ae4,99.8099%,1,525,526,525,1,0,0
0x8ec896,50%,1,1,2,1,1,0,0
0x49ce4a,87.5%,1,7,8,7,1,0,0
0x4ca4e5,90%,1,9,10,0,0,1,9
0x985054,91.6667%,1,11,12,3,1,0,8
0x5e3890,66.6667%,1,2,3,2,1,0,0
0x492e74,0%,1,0,1,0,1,0,0
0xb4a018,0%,1,0,1,0,0,1,0
0x98517e,87.5%,1,7,8,0,0,1,7
0x5d1175,99.3103%,1,144,145,144,1,0,0
0x64f215,94.1176%,1,16,17,0,0,1,16
0x49b1b1,92.8571%,1,13,14,13,1,0,0
0x8a62f3,99.2647%,1,135,136,135,1,0,0
0x499860,96.9697%,1,32,33,32,1,0,0
0x8e53d6,93.75%,1,15,16,15,1,0,0
0x5bbf84,50%,1,1,2,1,1,0,0
0xa59c2c,87.5%,1,7,8,7,1,0,0
0x51b69e,87.5%,1,7,8,0,1,0,7
0x9c7543,0%,1,0,1,0,1,0,0
0x8e0fa2,93.75%,1,15,16,0,0,1,15
0x78f89c,0%,1,0,1,0,0,1,0
0x649d1d,50%,1,1,2,1,1,0,0
0x99dbd8,93.3333%,1,14,15,14,1,0,0
0x4bc587,98.9583%,1,95,96,0,0,1,95
0x8ec378,99.909%,1,1098,1099,1098,1,0,0
0x4bc5d2,90%,1,9,10,0,0,1,9
0x981dae,75%,1,3,4,3,1,0,0
0x8ee721,99.7305%,1,370,371,0,0,1,370
0x9f4e69,99.5595%,1,226,227,226,1,0,0
0x833cf0,50%,1,1,2,0,0,1,1
0xa05684,80%,1,4,5,0,1,0,4
0x5a5edd,75%,1,3,4,0,0,1,3
0x598f0c,0%,1,0,1,0,1,0,0
0xa083c9,85.7143%,1,6,7,6,1,0,0
0x492b0b,50%,1,1,2,1,1,0,0
0x4926d0,0%,1,0,1,0,1,0,0
0x7cf6e4,92.8571%,1,13,14,0,0,1,13
0xaaaf7e,99.8789%,1,825,826,825,1,0,0
0x815256,83.3333%,1,5,6,5,1,0,0
0x4b7a55,90.9091%,1,10,11,9,0,1,1
0x9ff7a8,50%,1,1,2,0,0,1,1
0xaccba8,66.6667%,1,2,3,2,1,0,0
0x590aa6,95%,1,19,20,19,1,0,0
0x8df2b7,95.8333%,1,23,24,0,0,1,23
0x5cfd0e,95.8333%,1,23,24,23,1,0,0
0x9f2aa2,80%,1,4,5,0,0,1,4
0x5fad0b,83.3333%,1,5,6,0,0,1,5
0x5d7f30,99.8447%,1,643,644,220,1,0,423
0x70d726,66.6667%,1,2,3,0,0,1,2
0x67045c,99.2481%,1,132,133,0,0,1,132
0x8ece47,99.8995%,1,994,995,994,1,0,0
0x49f9a0,98.5294%,1,67,68,67,1,0,0
0x8c7c10,92.8571%,1,13,14,13,1,0,0
0x814a0d,50%,1,1,2,0,0,1,1
0x808987,95.6522%,1,22,23,0,1,0,22
0x608cd6,99.5%,1,199,200,199,1,0,0
0x9807f6,90.9091%,1,10,11,10,1,0,0
0x8e33a2,93.75%,1,15,16,15,1,0,0
0xa077f6,50%,1,1,2,0,0,1,1
0x8a6ba8,50%,1,1,2,1,1,0,0
0x8dc420,75%,1,3,4,3,1,0,0
0x51c8b6,99.9167%,1,1200,1201,1200,1,0,0
0x9843a8,87.5%,1,7,8,7,1,0,0
0xa09675,0%,1,0,1,0,0,1,0
0x670507,50%,1,1,2,0,1,0,1
0xa47380,94.4444%,1,17,18,0,0,1,17
0x9eaa66,50%,1,1,2,1,1,0,0
0x984388,87.5%,1,7,8,7,1,0,0
0x486d61,98.9247%,1,92,93,92,1,0,0
0x49bc2b,99.1304%,1,114,115,114,1,0,0
0x675106,66.6667%,1,2,3,0,0,1,2
0x5f61f4,50%,1,1,2,1,1,0,0
0x590ccc,95.4545%,1,21,22,1,1,0,20
0x99cd9b,88.8889%,1,8,9,8,1,0,0
0x9fc518,92.8571%,1,13,14,0,0,1,13
0x491753,0%,1,0,1,0,1,0,0
0x5bce8f,99.8963%,1,963,964,963,1,0,0
0xa4cf18,92.8571%,1,13,14,0,0,1,13
0xa3d14d,87.5%,1,7,8,0,0,1,7
0x555bfa,97.3684%,1,37,38,37,1,0,0
0xa29d71,93.75%,1,15,16,15,1,0,0
0xa20fc8,0%,1,0,1,0,0,1,0
0x8ea41a,75%,1,3,4,0,0,1,3
0x8db726,99.3976%,1,165,166,165,1,0,0
0x5cf5e6,99.9281%,1,1389,1390,1389,1,0,0
0x977dbe,90%,1,9,10,9,1,0,0
0x67514c,0%,1,0,1,0,0,1,0
0xaccb5f,66.6667%,1,2,3,0,0,1,2
0x441da5,90.9091%,1,10,11,10,1,0,0
0x8f4646,91.6667%,1,11,12,11,1,0,0
0x8081a8,96.2963%,1,26,27,26,1,0,0
0x673854,50%,1,1,2,1,1,0,0
0x555f03,50%,1,1,2,0,0,1,1
0xacdd40,50%,1,1,2,1,1,0,0
0xa39d9b,98.4615%,1,64,65,64,1,0,0
0xacdccd,50%,1,1,2,0,0,1,1
0x51061e,0%,1,0,1,0,0,1,0
0x9eb41c,98.4127%,1,62,63,0,0,1,62
0x611546,98.4615%,1,64,65,0,0,1,64
0xaadc39,99.6923%,1,324,325,324,1,0,0
0xa9d02b,50%,1,1,2,1,1,0,0
0xa05ed2,85.7143%,1,6,7,0,1,0,6
0x55de25,50%,1,1,2,1,1,0,0
0xa36b4d,90%,1,9,10,0,0,1,9
0xacd94f,50%,1,1,2,1,1,0,0
0x9c4fbb,75%,1,3,4,0,0,1,3
0x90e3a5,98.5075%,1,66,67,66,1,0,0
0x9c4f77,75%,1,3,4,0,0,1,3
0xacc2f8,50%,1,1,2,0,0,1,1
0x8dea02,99.5%,1,199,200,0,0,1,199
0xacc308,50%,1,1,2,1,1,0,0
0xa4ed05,95.4545%,1,21,22,21,1,0,0
0xacdf93,50%,1,1,2,1,1,0,0
0x640589,99.5%,1,199,200,199,1,0,0
0xace035,50%,1,1,2,1,1,0,0
0x8f6a2c,99.7245%,1,362,363,362,1,0,0
0x8f3061,94.1176%,1,16,17,16,1,0,0
0x5f875e,98.8636%,1,87,88,0,0,1,87
0xace0a4,50%,1,1,2,0,0,1,1
0x9c50be,87.5%,1,7,8,7,1,0,0
0x5bab6b,99.1597%,1,118,119,0,0,1,118
0x80ad3b,50%,1,1,2,1,1,0,0
0x90a8b9,98.6486%,1,73,74,0,0,1,73
0x99cf8f,88.8889%,1,8,9,0,0,1,8
0x49a523,75%,1,3,4,3,1,0,0
0x66f6dc,94.7368%,1,18,19,0,0,1,18
0xad452d,83.3333%,1,5,6,0,1,0,5
0x780378,99.9248%,1,1328,1329,1328,1,0,0
0x8f31a8,92.3077%,1,12,13,12,1,0,0
0x54fdcc,0%,1,0,1,0,1,0,0
0x4807b8,94.7368%,1,18,19,18,1,0,0
0xad4341,66.6667%,1,2,3,0,0,1,2
0x597efe,93.3333%,1,14,15,14,1,0,0
0x8d269e,50%,1,1,2,1,1,0,0
0x983fa8,87.5%,1,7,8,0,0,1,7
0xa5598b,75%,1,3,4,3,1,0,0
0x7c7544,87.5%,1,7,8,1,1,0,6
0x5467f5,50%,1,1,2,0,0,1,1
0x815b01,97.561%,1,40,41,0,0,1,40
0x5cfc7e,91.6667%,1,11,12,11,1,0,0
0x543bf8,99.4652%,1,186,187,186,1,0,0
0x8dd996,93.75%,1,15,16,0,0,1,15
0x4943a7,94.1176%,1,16,17,16,1,0,0
0x666109,66.6667%,1,2,3,2,0,1,0
0x4a9a5b,50%,1,1,2,0,1,0,1
0x4049a3,75%,1,3,4,3,1,0,0
0xa075f7,83.3333%,1,5,6,5,1,0,0
0xa062d0,50%,1,1,2,1,0,1,0
0xa1baf0,75%,1,3,4,0,1,0,3
0x5beaba,50%,1,1,2,1,1,0,0
0x5f3814,66.6667%,1,2,3,2,1,0,0
0x5beada,50%,1,1,2,1,1,0,0
0xa8a7e0,99.4286%,1,174,175,174,1,0,0
0x90a9c2,98.2456%,1,56,57,0,0,1,56
0x9f5171,90.9091%,1,10,11,10,1,0,0
0x787bb3,80%,1,4,5,4,1,0,0
0xa63c51,50%,1,1,2,0,1,0,1
0x6976b0,96.4286%,1,27,28,27,1,0,0
0x83bea3,80%,1,4,5,3,1,0,1
0x4b93ea,93.75%,1,15,16,2,1,0,13
0x5bd7dd,99.9325%,1,1481,1482,1481,1,0,0
0x8f0ca3,83.3333%,1,5,6,5,1,0,0
0x8a8853,91.6667%,1,11,12,0,0,1,11
0x487882,93.3333%,1,14,15,14,1,0,0
0x63c87c,99.7389%,1,382,383,382,1,0,0
0x7d1f44,98.0392%,1,50,51,50,1,0,0
0x4878ec,50%,1,1,2,0,0,1,1
0xb14866,99.8786%,1,823,824,0,0,1,823
0x53fe3a,75%,1,3,4,0,0,1,3
0x5575fc,96.2963%,1,26,27,0,0,1,26
0x97acd8,87.5%,1,7,8,0,0,1,7
0x819072,97.0588%,1,33,34,33,1,0,0
0x5f1433,97.5%,1,39,40,0,0,1,39
0x5af096,90%,1,9,10,0,0,1,9
0x5d2a81,87.5%,1,7,8,7,1,0,0
0xa92d5d,99.3243%,1,147,148,0,0,1,147
0x9c3bdd,97.2222%,1,35,36,35,1,0,0
0x512e8b,99.8775%,1,815,816,0,0,1,815
0x8db8af,98.4848%,1,65,66,65,1,0,0
0x8171ec,99.375%,1,159,160,0,0,1,159
0xa4dfcc,75%,1,3,4,3,1,0,0
0x49ca6a,97.3684%,1,37,38,0,0,1,37
0x499314,97.619%,1,41,42,0,0,1,41
0x98146b,87.5%,1,7,8,7,1,0,0
0x492e1a,50%,1,1,2,1,0,1,0
0x8c8a76,98.8095%,1,83,84,83,1,0,0
0x680de9,98.9474%,1,94,95,0,0,1,94
0x9f5938,96%,1,24,25,23,0,1,1
0xa04120,66.6667%,1,2,3,0,1,0,2
0x9cfc7d,87.5%,1,7,8,0,0,1,7
0x47f287,99.8706%,1,772,773,772,1,0,0
0x8e73a4,99.6904%,1,322,323,322,1,0,0
0x8f2139,97.4359%,1,38,39,0,0,1,38
0x6a3aea,91.6667%,1,11,12,11,1,0,0
0x9e3d6c,99.4253%,1,173,174,173,1,0,0
0x8df66d,50%,1,1,2,0,0,1,1
0x984238,96%,1,24,25,0,0,1,24
0xa54c04,87.5%,1,7,8,1,1,0,6
0x51aeed,50%,1,1,2,0,0,1,1
0x4c1de7,98.3607%,1,60,61,45,0,1,15
0x95240c,99.7462%,1,393,394,0,1,0,393
0x648877,98.2143%,1,55,56,55,1,0,0
0x8f2857,97.7273%,1,43,44,43,1,0,0
0x9e0265,94.4444%,1,17,18,0,0,1,17
0x9a1be5,99.5074%,1,202,203,0,0,1,202
0x8ec45c,50%,1,1,2,1,1,0,0
0x77b905,96.4286%,1,27,28,0,0,1,27
0x64bb57,99.9282%,1,1391,1392,0,0,1,1391
0x592084,75%,1,3,4,0,0,1,3
0x590e8b,95.6522%,1,22,23,0,0,1,22
0x8e39c5,96.875%,1,31,32,31,1,0,0
0x7d3f20,66.6667%,1,2,3,2,1,0,0
0x69de1a,91.6667%,1,11,12,11,1,0,0
0x80ab08,50%,1,1,2,0,0,1,1
0x648c08,96.1538%,1,25,26,25,1,0,0
0x60bb11,94.1176%,1,16,17,0,0,1,16
0x9e82b5,75%,1,3,4,3,1,0,0
0xa3295a,0%,1,0,1,0,1,0,0
0x98099a,87.5%,1,7,8,7,1,0,0
0x80f35b,75%,1,3,4,3,1,0,0
0x61f3f5,95%,1,19,20,19,1,0,0
0x7d3e1b,66.6667%,1,2,3,2,1,0,0
0x4c6820,91.6667%,1,11,12,0,0,1,11
0x9f826f,0%,1,0,1,0,1,0,0
0x7d3474,91.6667%,1,11,12,11,1,0,0
0xa97e50,93.3333%,1,14,15,14,1,0,0
0x5df81d,92.8571%,1,13,14,13,1,0,0
0x5dae37,75%,1,3,4,3,1,0,0
0x5df7fd,92.8571%,1,13,14,0,0,1,13
0x63d73d,99.2908%,1,140,141,140,1,0,0
0x5d455a,92.8571%,1,13,14,13,1,0,0
0x65c1cd,99.7788%,1,451,452,451,1,0,0
0x4927b7,50%,1,1,2,1,1,0,0
0x5d98d6,87.5%,1,7,8,7,1,0,0
0x94cbd2,98.4375%,1,63,64,63,1,0,0
0x77ca50,91.6667%,1,11,12,11,1,0,0
0x48fea1,90%,1,9,10,9,1,0,0
0x5bc8ad,50%,1,1,2,1,1,0,0
0xa37b0b,90%,1,9,10,9,1,0,0
0x80d565,50%,1,1,2,0,0,1,1
0x5d984e,87.5%,1,7,8,7,1,0,0
0x5dfa6f,92.8571%,1,13,14,13,1,0,0
0x5f0ca4,97.0588%,1,33,34,0,0,1,33
0x908718,99.9379%,1,1610,1611,1610,1,0,0
0x537c56,99.8643%,1,736,737,0,0,1,736
0x5dfaab,92.8571%,1,13,14,13,1,0,0
0x8def65,93.75%,1,15,16,15,1,0,0
0x647933,98.4375%,1,63,64,63,1,0,0
0x4a9bd7,90%,1,9,10,0,0,1,9
0x40ed95,87.5%,1,7,8,5,1,0,2
0x8ad8af,50%,1,1,2,1,1,0,0
0x4acb5a,0%,1,0,1,0,0,1,0
0x88ea88,97.4359%,1,38,39,0,0,1,38
0x5fab50,0%,1,0,1,0,1,0,0
0x671c6b,50%,1,1,2,1,1,0,0
0x5089aa,75%,1,3,4,0,0,1,3
0x8f41bf,99.6923%,1,324,325,324,1,0,0
0xa9db4a,92.8571%,1,13,14,13,1,0,0
0x77adad,99.8084%,1,521,522,521,1,0,0
0x8e949b,50%,1,1,2,1,1,0,0
0x40a382,50%,1,1,2,1,1,0,0
0x7be056,75%,1,3,4,0,0,1,3
0x5f2b2f,50%,1,1,2,0,0,1,1
0x80a4b1,80%,1,4,5,4,1,0,0
0x649cb2,50%,1,1,2,0,0,1,1
0x666ec8,66.6667%,1,2,3,0,0,1,2
0x5fbdcc,50%,1,1,2,0,0,1,1
0x8f683a,99.2857%,1,139,140,0,0,1,139
0x4a72c6,0%,1,0,1,0,1,0,0
0x9d1291,93.75%,1,15,16,15,1,0,0
0x5d3be1,87.5%,1,7,8,7,1,0,0
0x598eb5,80%,1,4,5,4,1,0,0
0x490203,98.1481%,1,53,54,53,1,0,0
0x6487b7,98.2143%,1,55,56,55,1,0,0
0x80a5a9,50%,1,1,2,0,0,1,1
0xa9ca3a,90%,1,9,10,0,0,1,9
0x8e9365,75%,1,3,4,3,1,0,0
0x554f78,75%,1,3,4,0,0,1,3
0x8119b1,80%,1,4,5,4,1,0,0
0x8ee82e,66.6667%,1,2,3,0,0,1,2
0x7c68fe,50%,1,1,2,0,0,1,1
0x8a68c0,99.2806%,1,138,139,138,1,0,0
0x8efb4a,75%,1,3,4,0,0,1,3
0x5ec539,87.5%,1,7,8,7,1,0,0
0x77d89a,50%,1,1,2,0,0,1,1
0x5cd6d6,80%,1,4,5,0,0,1,4
0x70c28c,83.3333%,1,5,6,5,1,0,0
0xa46804,99.6951%,1,327,328,0,0,1,327
0x5d0193,87.5%,1,7,8,7,1,0,0
0x8a652d,90%,1,9,10,9,1,0,0
0x981516,96.5517%,1,28,29,0,0,1,28
0x65af2e,92.3077%,1,12,13,0,0,1,12
0xb3ac13,0%,1,0,1,0,1,0,0
0x5f12c5,0%,1,0,1,0,1,0,0
0x8d46b7,80%,1,4,5,4,1,0,0
0x67de7d,97.3684%,1,37,38,37,1,0,0
0x8ee49b,97.619%,1,41,42,41,1,0,0
0x805200,50%,1,1,2,1,1,0,0
0x64860f,98.2143%,1,55,56,55,1,0,0
0x63a857,99.5%,1,199,200,199,1,0,0
0x973ee8,95.8333%,1,23,24,23,1,0,0
0x67912b,98.3607%,1,60,61,60,1,0,0
0x9a9808,90%,1,9,10,9,1,0,0
0x83783f,80%,1,4,5,4,1,0,0
0x980dcd,97.8723%,1,46,47,46,1,0,0
0x8ebeb1,50%,1,1,2,0,0,1,1
0x95c4c5,83.3333%,1,5,6,5,1,0,0
0x5f32c8,50%,1,1,2,0,0,1,1
0x7d27c6,98.9899%,1,98,99,0,1,0,98
0x4951e8,0%,1,0,1,0,0,1,0
0xa97158,97.2973%,1,36,37,36,1,0,0
0xa8f867,75%,1,3,4,1,0,1,2
0xa4c645,75%,1,3,4,3,1,0,0
0x63ede1,99.9461%,1,1856,1857,0,0,1,1856
0x8e96b8,50%,1,1,2,0,0,1,1
0x65bb22,99.9437%,1,1775,1776,1775,1,0,0
0x8c83d9,50%,1,1,2,1,1,0,0
0x7ce7da,91.6667%,1,11,12,0,0,1,11
0x7aca68,96.875%,1,31,32,0,0,1,31
0x8a6076,50%,1,1,2,0,0,1,1
0x49ec27,99.6894%,1,321,322,0,0,1,321
0x491468,99.3671%,1,157,158,0,0,1,157
0x8f445e,0%,1,0,1,0,0,1,0
0x8bba4d,92.3077%,1,12,13,0,0,1,12
0x659fcd,95.8333%,1,23,24,23,1,0,0
0x677621,50%,1,1,2,1,1,0,0
0x8db92e,93.75%,1,15,16,15,1,0,0
0x80b8cd,99.5192%,1,207,208,207,1,0,0
0x61026e,96.9697%,1,32,33,0,0,1,32
0xa8a7db,99.4286%,1,174,175,0,0,1,174
0xa1a01c,92.3077%,1,12,13,0,0,1,12
0x8a5e3c,99.6815%,1,313,314,0,0,1,313
0x4ae783,50%,1,1,2,0,0,1,1
0x679826,83.3333%,1,5,6,5,1,0,0
0x4fda98,99.6865%,1,318,319,0,0,1,318
0x4c13e5,95.8333%,1,23,24,23,1,0,0
0x65bf7c,91.6667%,1,11,12,0,0,1,11
0x9f8221,0%,1,0,1,0,1,0,0
0xace165,50%,1,1,2,1,1,0,0
0x679804,83.3333%,1,5,6,5,1,0,0
0x5b6067,0%,1,0,1,0,0,1,0
0x5be275,98.8235%,1,84,85,84,1,0,0
0x5f1466,99.3711%,1,158,159,0,1,0,158
0x81afd1,80%,1,4,5,4,1,0,0
0x814f0f,98.3051%,1,58,59,0,0,1,58
0x9e1606,96.2963%,1,26,27,0,0,1,26
0x818b14,99.9558%,1,2259,2260,0,0,1,2259
0x81a506,99.8791%,1,826,827,826,1,0,0
0x5ea9bd,99.5455%,1,219,220,0,0,1,219
0x65be82,91.6667%,1,11,12,0,0,1,11
0x8e9f93,91.6667%,1,11,12,11,1,0,0
0x8bdcd2,0%,1,0,1,0,1,0,0
0xa446ec,98.0769%,1,51,52,0,0,1,51
0x5eafc3,75%,1,3,4,3,1,0,0
0x8ff8ab,99.1304%,1,114,115,114,1,0,0
0xaa8032,99.811%,1,528,529,528,1,0,0
0x9698e5,98.6111%,1,71,72,0,0,1,71
0x49b311,99.9707%,1,3407,3408,3407,1,0,0
0x5d0cbe,87.5%,1,7,8,7,1,0,0
0x8db6f9,99.7797%,1,453,454,453,1,0,0
0xa395f5,99.8342%,1,602,603,602,1,0,0
0x5bc84c,50%,1,1,2,1,1,0,0
0x5bca52,99.5%,1,199,200,199,1,0,0
0x9f9655,98.5294%,1,67,68,0,0,1,67
0x811959,66.6667%,1,2,3,0,0,1,2
0xb22ba7,99.9465%,1,1867,1868,0,0,1,1867
0xa058ea,80%,1,4,5,4,1,0,0
0x7d419b,91.6667%,1,11,12,6,1,0,5
0x8eda9a,99.2063%,1,125,126,125,1,0,0
0x8ea0b0,66.6667%,1,2,3,2,1,0,0
0x81f956,98.7342%,1,78,79,78,1,0,0
0x80a7d5,80%,1,4,5,4,0,1,0
0x80b7f5,0%,1,0,1,0,1,0,0
0x5bc170,99.9287%,1,1401,1402,0,0,1,1401
0x63bbb9,66.6667%,1,2,3,0,0,1,2
0x80e56b,98.6301%,1,72,73,72,1,0,0
0x6815d0,83.3333%,1,5,6,5,1,0,0
0xa63cf9,50%,1,1,2,0,0,1,1
0x975116,94.7368%,1,18,19,18,1,0,0
0x5b2a8a,97.7778%,1,44,45,0,0,1,44
0xb182b0,99.8986%,1,985,986,985,1,0,0
0x8ad47c,50%,1,1,2,1,1,0,0
0x8ecfb5,83.3333%,1,5,6,1,1,0,4
0x9e01b1,96.4286%,1,27,28,0,0,1,27
0x8aa014,98.0769%,1,51,52,51,1,0,0
0x9e01ca,96.4286%,1,27,28,27,1,0,0
0x88a0da,95.4545%,1,21,22,0,0,1,21
0x8f63fd,91.6667%,1,11,12,11,1,0,0
0x4bb2ce,96.6667%,1,29,30,0,0,1,29
0xa0a66b,50%,1,1,2,1,1,0,0
0x5e7889,98.6301%,1,72,73,0,0,1,72
0x9a0c8d,96.4286%,1,27,28,0,0,1,27
0x98409f,98.6486%,1,73,74,73,1,0,0
0xa46e29,94.4444%,1,17,18,17,1,0,0
0xa3794b,90%,1,9,10,0,0,1,9
0x506ae0,50%,1,1,2,1,1,0,0
0x590e7d,95.6522%,1,22,23,0,0,1,22
0x8e95f8,50%,1,1,2,0,0,1,1
0x47f32c,96.9697%,1,32,33,32,1,0,0
0x6750b0,66.6667%,1,2,3,0,0,1,2
0x6472f9,80%,1,4,5,4,1,0,0
0x8ddbb7,99.1071%,1,111,112,111,1,0,0
0x8bf1a8,50%,1,1,2,1,1,0,0
0x49b2a1,92.8571%,1,13,14,13,1,0,0
0xa6c6f0,96.2963%,1,26,27,0,0,1,26
0xa6c6ba,97.6744%,1,42,43,42,1,0,0
0x67083f,83.3333%,1,5,6,5,1,0,0
0x80a825,99.8811%,1,840,841,0,0,1,840
0x8be4a4,94.4444%,1,17,18,0,0,1,17
0x9012ad,66.6667%,1,2,3,1,1,0,1
0x9fe963,97.2973%,1,36,37,36,1,0,0
0x4945ec,50%,1,1,2,0,0,1,1
0x55b38b,99.9047%,1,1048,1049,0,0,1,1048
0x8210b9,50%,1,1,2,1,1,0,0
0xa96617,87.5%,1,7,8,0,0,1,7
0x5bb5ef,50%,1,1,2,0,0,1,1
0x8f45a2,98.2456%,1,56,57,56,1,0,0
0x5962f3,94.7368%,1,18,19,0,0,1,18
0x6485e0,98.2143%,1,55,56,55,1,0,0
0x48c59a,90%,1,9,10,0,0,1,9
0x7b811c,85.7143%,1,6,7,6,1,0,0
0x9ed2c7,98.2456%,1,56,57,56,1,0,0
0x7efba6,50%,1,1,2,1,1,0,0
0x973ba3,90%,1,9,10,1,1,0,8
0x8a7033,97.6744%,1,42,43,42,1,0,0
0x67ef1b,90%,1,9,10,9,1,0,0
0x99d358,88.8889%,1,8,9,0,0,1,8
0xaadb96,99.6923%,1,324,325,0,0,1,324
0x6cdce9,83.3333%,1,5,6,5,1,0,0
0x40d626,99.9356%,1,1551,1552,1551,1,0,0
0xa430ab,75%,1,3,4,3,1,0,0
0x9aa453,95.4545%,1,21,22,21,1,0,0
0x8a95ea,91.6667%,1,11,12,11,1,0,0
0x5f4a00,50%,1,1,2,1,1,0,0
0x648ce9,50%,1,1,2,1,1,0,0
0xa1ab2f,88.8889%,1,8,9,8,1,0,0
0x5bedb4,50%,1,1,2,0,0,1,1
0xa6486c,50%,1,1,2,1,1,0,0
0x8e7709,91.6667%,1,11,12,11,1,0,0
0x5ef0a2,94.4444%,1,17,18,17,1,0,0
0x9fc4f1,92.8571%,1,13,14,13,1,0,0
0xa976f2,90%,1,9,10,9,1,0,0
0x976e5c,97.0588%,1,33,34,33,1,0,0
0xa96f11,95.2381%,1,20,21,0,0,1,20
0x50fb3b,90%,1,9,10,9,1,0,0
0x6a78b5,0%,1,0,1,0,0,1,0
0x8d9be3,99.7297%,1,369,370,0,0,1,369
0x49037d,98.7342%,1,78,79,0,0,1,78
0x6f45b4,75%,1,3,4,3,1,0,0
0x402af9,99.2481%,1,132,133,0,0,1,132
0x5fc073,50%,1,1,2,0,0,1,1
0x609591,99.0099%,1,100,101,100,1,0,0
0x8f507f,91.6667%,1,11,12,11,1,0,0
0x722c97,90%,1,9,10,0,0,1,9
0x6497ac,50%,1,1,2,0,0,1,1
0x6a7864,0%,1,0,1,0,1,0,0
0x68054a,94.7368%,1,18,19,18,1,0,0
0x488c61,99.1453%,1,116,117,0,0,1,116
0x488abd,99.8099%,1,525,526,525,1,0,0
0x8a9e9d,99.8454%,1,646,647,0,0,1,646
0x50e83d,92.8571%,1,13,14,0,0,1,13
0xa69f57,75%,1,3,4,3,1,0,0
0xa564fb,99.8062%,1,515,516,515,1,0,0
0x4be89f,88.8889%,1,8,9,8,0,1,0
0x9d1c34,83.3333%,1,5,6,0,1,0,5
0x50d093,98.8095%,1,83,84,0,0,1,83
0x65a308,97.9167%,1,47,48,47,1,0,0
0x9019d6,99.7041%,1,337,338,0,0,1,337
0x8df2df,87.5%,1,7,8,7,1,0,0
0x9c5546,87.5%,1,7,8,7,1,0,0
0xa9da9f,93.3333%,1,14,15,0,0,1,14
0x70e933,50%,1,1,2,1,1,0,0
0xa55827,50%,1,1,2,0,0,1,1
0x5c33dc,87.5%,1,7,8,0,0,1,7
0x40bafd,99.3333%,1,149,150,0,0,1,149
0x951bcb,88.8889%,1,8,9,0,0,1,8
0x8fc0e9,99.9149%,1,1174,1175,0,0,1,1174
0x8df694,50%,1,1,2,1,1,0,0
0xa8aba4,99.4286%,1,174,175,0,0,1,174
0x5d90df,99.3197%,1,146,147,146,1,0,0
0x6b460e,0%,1,0,1,0,0,1,0
0x65ae07,92.3077%,1,12,13,0,0,1,12
0x5f37bd,80%,1,4,5,0,0,1,4
0x8e02ea,99.6491%,1,284,285,0,0,1,284
0x5c4cdc,80%,1,4,5,0,0,1,4
0x9d03e8,94.4444%,1,17,18,0,0,1,17
0xa2d76c,98.8235%,1,84,85,84,1,0,0
0x9c3b39,87.5%,1,7,8,0,0,1,7
0x9f8392,50%,1,1,2,1,1,0,0
0x8bcacb,88.8889%,1,8,9,8,1,0,0
0x4a6215,66.6667%,1,2,3,0,0,1,2
0x71c2aa,0%,1,0,1,0,1,0,0
0x7180eb,0%,1,0,1,0,0,1,0
0x8092c7,0%,1,0,1,0,1,0,0
0x99a01e,75%,1,3,4,3,1,0,0
0x66f448,83.3333%,1,5,6,5,1,0,0
0x65b199,92.3077%,1,12,13,0,0,1,12
0x80a434,80%,1,4,5,4,1,0,0
0x6d9e7b,0%,1,0,1,0,1,0,0
0x9d0469,97.2222%,1,35,36,0,0,1,35
0xa0f118,83.3333%,1,5,6,5,1,0,0
0x7d444e,50%,1,1,2,0,0,1,1
0x80b5d3,0%,1,0,1,0,1,0,0
0xa94ca5,75%,1,3,4,0,0,1,3
0x9d31c9,66.6667%,1,2,3,2,1,0,0
0x6ec04d,0%,1,0,1,0,1,0,0
0x956372,0%,1,0,1,0,1,0,0
0x6797ce,83.3333%,1,5,6,5,1,0,0
0x64a618,50%,1,1,2,1,1,0,0
0xa2a984,0%,1,0,1,0,1,0,0
0x8aec5c,99.5169%,1,206,207,206,1,0,0
0xa96a0b,80%,1,4,5,0,0,1,4
0x5127da,99.7214%,1,358,359,0,1,0,358
0xa8e3df,0%,1,0,1,0,0,1,0
0x67e4f2,95.4545%,1,21,22,0,0,1,21
0x8c836b,94.4444%,1,17,18,17,1,0,0
0x65aecb,92.3077%,1,12,13,0,0,1,12
0x977f9a,99.6324%,1,271,272,0,0,1,271
0x487821,50%,1,1,2,1,0,1,0
0x6d1118,75%,1,3,4,3,1,0,0
0x675127,66.6667%,1,2,3,1,1,0,1
0x4a1d52,95.6522%,1,22,23,0,0,1,22
0x6b4641,0%,1,0,1,0,0,1,0
0xa4a86e,50%,1,1,2,0,0,1,1
0x8eac1b,99.9184%,1,1224,1225,1224,1,0,0
0x5f5980,50%,1,1,2,1,1,0,0
0x9c4137,99.7222%,1,359,360,359,1,0,0
0x99a047,80%,1,4,5,4,1,0,0
0xa43f77,98.4375%,1,63,64,0,0,1,63
0x5eedc0,50%,1,1,2,1,1,0,0
0x9117e5,96.7742%,1,30,31,0,0,1,30
0x541446,97.5%,1,39,40,0,0,1,39
0xaa002c,66.6667%,1,2,3,0,0,1,2
0x951b90,88.8889%,1,8,9,8,1,0,0
0xa04260,50%,1,1,2,0,0,1,1
0x5f2f89,0%,1,0,1,0,0,1,0
0x999f49,80%,1,4,5,4,0,1,0
0x8ed789,97.7273%,1,43,44,43,1,0,0
0xa41be0,99.8679%,1,756,757,756,1,0,0
0x48108f,94.7368%,1,18,19,18,1,0,0
0x649862,50%,1,1,2,1,1,0,0
0xa3d06d,87.5%,1,7,8,7,1,0,0
0x81160a,50%,1,1,2,1,1,0,0
0xa9421e,96.1538%,1,25,26,25,1,0,0
0xa35da7,99.7768%,1,447,448,0,0,1,447
0xa44a8d,75%,1,3,4,0,0,1,3
0x91767a,99.5%,1,199,200,199,1,0,0
0x998953,80%,1,4,5,0,1,0,4
0x509060,80%,1,4,5,0,0,1,4
0x63f00f,50%,1,1,2,1,1,0,0
0x51b5fc,80%,1,4,5,4,1,0,0
0x998971,75%,1,3,4,0,0,1,3
0x8df4a1,95.8333%,1,23,24,0,1,0,23
0x48c507,98.9583%,1,95,96,0,0,1,95
0xa37980,90%,1,9,10,9,1,0,0
0x973b63,90%,1,9,10,0,0,1,9
0x699471,0%,1,0,1,0,0,1,0
0x8f201d,97.4359%,1,38,39,38,1,0,0
0x69947e,0%,1,0,1,0,1,0,0
0x804c21,0%,1,0,1,0,0,1,0
0x692411,90%,1,9,10,9,1,0,0
0x9d1d42,94.1176%,1,16,17,4,1,0,12
0x90077c,0%,1,0,1,0,1,0,0
0x4b3a1e,75%,1,3,4,3,1,0,0
0x7c7bec,0%,1,0,1,0,0,1,0
0x81589e,88.8889%,1,8,9,8,1,0,0
0xa2b343,50%,1,1,2,0,0,1,1
0x8eebb4,99.7555%,1,408,409,408,1,0,0
0x80ae6f,97.1429%,1,34,35,0,0,1,34
0x805e48,75%,1,3,4,3,1,0,0
0x6752fd,66.6667%,1,2,3,0,1,0,2
0x692361,95.4545%,1,21,22,21,1,0,0
0x6117e1,97.3684%,1,37,38,37,1,0,0
0x7c6f21,75%,1,3,4,3,1,0,0
0x409a26,94.7368%,1,18,19,0,1,0,18
0x6753e7,0%,1,0,1,0,0,1,0
0x70e8df,83.3333%,1,5,6,2,0,1,3
0x70e8cf,83.3333%,1,5,6,0,0,1,5
0x81382a,98.3607%,1,60,61,60,1,0,0
0x67f418,50%,1,1,2,1,1,0,0
0x9d1c81,50%,1,1,2,1,1,0,0
0x5bbfae,50%,1,1,2,1,1,0,0
0x94385c,97.5%,1,39,40,0,0,1,39
0x8a9278,99.9444%,1,1797,1798,327,1,0,1470
0x81734a,0%,1,0,1,0,1,0,0
0x4ba345,96.875%,1,31,32,0,0,1,31
0x6cfbef,75%,1,3,4,3,1,0,0
0xa7bebd,80%,1,4,5,4,1,0,0
0xa1af10,97.7273%,1,43,44,0,0,1,43
0x9d2902,80%,1,4,5,0,1,0,4
0x4a9c88,93.75%,1,15,16,15,1,0,0
0x6ed770,0%,1,0,1,0,1,0,0
0x5bb213,93.75%,1,15,16,15,1,0,0
0x6ed76b,0%,1,0,1,0,0,1,0
0x5a93d7,96.9697%,1,32,33,32,1,0,0
0x7b0571,66.6667%,1,2,3,2,1,0,0
0x8f4626,91.6667%,1,11,12,11,1,0,0
0xa21d9c,50%,1,1,2,1,0,1,0
0x7c7480,83.3333%,1,5,6,5,1,0,0
0x9fb1aa,97.2973%,1,36,37,0,0,1,36
0xa21d8e,50%,1,1,2,0,0,1,1
0x90bc37,99.4318%,1,175,176,175,1,0,0
0x9d2929,75%,1,3,4,0,0,1,3
0x6ed6dd,0%,1,0,1,0,1,0,0
0x5f3b58,85.7143%,1,6,7,4,0,1,2
0x5f4c8a,50%,1,1,2,0,1,0,1
0x40d50f,99.6032%,1,251,252,0,0,1,251
0x8139ae,96.7742%,1,30,31,30,1,0,0
0x94617d,94.7368%,1,18,19,18,1,0,0
0x58c37e,0%,1,0,1,0,1,0,0
0xa1ac4e,80%,1,4,5,0,0,1,4
0x813962,97.7273%,1,43,44,0,0,1,43
0x8a5cb0,50%,1,1,2,0,0,1,1
0xa4fb9b,75%,1,3,4,3,1,0,0
0x6dce46,75%,1,3,4,3,1,0,0
0x9fde9a,96%,1,24,25,24,1,0,0
0xa1ac8a,90.9091%,1,10,11,10,1,0,0
0x8a6282,99.2647%,1,135,136,135,1,0,0
0x8f417c,99.6923%,1,324,325,324,1,0,0
0x557c93,98.6301%,1,72,73,72,1,0,0
0xa8e5d4,0%,1,0,1,0,1,0,0
0xa4a811,50%,1,1,2,1,1,0,0
0x9fc584,92.8571%,1,13,14,0,0,1,13
0x58fe6c,99.6063%,1,253,254,253,1,0,0
0x80b925,50%,1,1,2,0,0,1,1
0x50a2fc,75%,1,3,4,0,0,1,3
0xaac41a,75%,1,3,4,0,0,1,3
0x67f35e,50%,1,1,2,1,1,0,0
0x40bd58,75%,1,3,4,3,1,0,0
0x5f5d58,50%,1,1,2,1,1,0,0
0xa1b1c1,80%,1,4,5,4,1,0,0
0x80a5d1,80%,1,4,5,4,1,0,0
0x8c834e,91.6667%,1,11,12,11,1,0,0
0x4a7b17,99.6979%,1,330,331,15,0,1,315
0x548aae,75%,1,3,4,3,1,0,0
0x8f6954,99.4048%,1,167,168,167,1,0,0
0x5d8a3d,83.3333%,1,5,6,5,1,0,0
0x40995c,99.435%,1,176,177,0,0,1,176
0xb0d355,98.8235%,1,84,85,84,1,0,0
0xa1d757,50%,1,1,2,1,1,0,0
0x8f6b9c,93.3333%,1,14,15,14,1,0,0
0x5906c4,99.9307%,1,1442,1443,1442,1,0,0
0xa21cae,50%,1,1,2,1,1,0,0
0xa21d57,50%,1,1,2,0,0,1,1
0x65c0b4,99.7788%,1,451,452,0,0,1,451
0x8ef11b,99.2593%,1,134,135,134,1,0,0
0x8ed4bf,90.9091%,1,10,11,10,1,0,0
0x88a113,95.4545%,1,21,22,0,0,1,21
0x9ff6b3,80%,1,4,5,0,0,1,4
0x8bdc06,80%,1,4,5,4,1,0,0
0x69904a,0%,1,0,1,0,1,0,0
0x8c9052,50%,1,1,2,1,1,0,0
0xa096c0,0%,1,0,1,0,0,1,0
0x9bd34e,91.6667%,1,11,12,11,1,0,0
0xa0977c,66.6667%,1,2,3,0,1,0,2
0xa1b031,80%,1,4,5,0,0,1,4
0x90a907,98.7952%,1,82,83,82,1,0,0
0x40a167,90.9091%,1,10,11,10,1,0,0
0x5f3ae0,75%,1,3,4,3,1,0,0
0x9f63b7,66.6667%,1,2,3,0,0,1,2
0x9a3336,98.9011%,1,90,91,90,1,0,0
0x915c76,50%,1,1,2,1,1,0,0
0xa1b06d,0%,1,0,1,0,1,0,0
0x8136fa,50%,1,1,2,0,0,1,1
0xa1b095,0%,1,0,1,0,1,0,0
0x7bb91d,75%,1,3,4,0,0,1,3
0x5d87dd,96.6667%,1,29,30,0,0,1,29
0x9e792d,99.1803%,1,121,122,121,1,0,0
0x808308,96.2963%,1,26,27,0,0,1,26
0xa26bfc,90%,1,9,10,9,1,0,0
0x54695c,87.5%,1,7,8,0,0,1,7
0x677d64,99.812%,1,531,532,531,1,0,0
0x70d72f,66.6667%,1,2,3,0,0,1,2
0xa2f209,0%,1,0,1,0,0,1,0
0x8c838d,96.6667%,1,29,30,0,0,1,29
0x9778fe,97.2222%,1,35,36,0,0,1,35
0x8fdd3b,98.8235%,1,84,85,0,0,1,84
0x7c7446,87.5%,1,7,8,0,0,1,7
0x900b57,99.7024%,1,335,336,335,1,0,0
0x40df0f,66.6667%,1,2,3,2,0,1,0
0x48782d,0%,1,0,1,0,0,1,0
0x5b4306,95%,1,19,20,0,0,1,19
0x9feaeb,85.7143%,1,6,7,6,1,0,0
0x5bdaca,66.6667%,1,2,3,2,1,0,0
0x6f4630,83.3333%,1,5,6,5,1,0,0
0x639c4e,91.6667%,1,11,12,11,1,0,0
0x8f033e,99.1453%,1,116,117,116,1,0,0
0xb0d3d9,98.8235%,1,84,85,84,1,0,0
0x688e53,95.8333%,1,23,24,23,1,0,0
0x66709e,99.3289%,1,148,149,148,1,0,0
0x63fd9a,99.8959%,1,960,961,960,1,0,0
0x66d453,99.9317%,1,1463,1464,0,0,1,1463
0xa660db,98.7952%,1,82,83,0,0,1,82
0x5f5b23,50%,1,1,2,0,0,1,1
0x9f5ab2,98.75%,1,79,80,0,0,1,79
0x627efd,95.6522%,1,22,23,0,0,1,22
0xb49a06,87.5%,1,7,8,0,0,1,7
0xa4980d,97.619%,1,41,42,0,0,1,41
0x4a7b29,99.6835%,1,315,316,0,0,1,315
0xa660ce,98.7952%,1,82,83,0,0,1,82
0x5e211a,66.6667%,1,2,3,2,1,0,0
0x97308e,96.4286%,1,27,28,27,1,0,0
0xa8e675,80%,1,4,5,4,0,1,0
0x814c9e,97.561%,1,40,41,0,0,1,40
0xa04559,80%,1,4,5,4,1,0,0
0x99ccef,94.4444%,1,17,18,0,0,1,17
0x40ea79,75%,1,3,4,0,0,1,3
0x8f1366,97.5%,1,39,40,39,1,0,0
0x5d24a5,99.9197%,1,1244,1245,1244,1,0,0
0xa66386,96.2963%,1,26,27,26,1,0,0
0x53373b,85.7143%,1,6,7,0,0,1,6
0x7d2c38,99.7151%,1,350,351,331,1,0,19
0x48d93c,50%,1,1,2,1,1,0,0
0x64cbe5,99.8224%,1,562,563,562,1,0,0
0x64a7de,50%,1,1,2,1,1,0,0
0x493708,98.9011%,1,90,91,0,0,1,90
0xa21174,75%,1,3,4,3,1,0,0
0x65a239,66.6667%,1,2,3,0,0,1,2
0x5f3eff,75%,1,3,4,3,1,0,0
0x64c79c,80%,1,4,5,4,1,0,0
0x674fe0,96.875%,1,31,32,0,0,1,31
0x80a915,50%,1,1,2,0,0,1,1
0x6499e7,50%,1,1,2,1,1,0,0
0x8f1295,97.5%,1,39,40,0,0,1,39
0xa4cebf,75%,1,3,4,0,0,1,3
0x666f5e,50%,1,1,2,0,0,1,1
0x94d7b4,99.8227%,1,563,564,0,0,1,563
0x8ecc67,92.3077%,1,12,13,0,0,1,12
0x6754da,0%,1,0,1,0,1,0,0
0x534a6b,98.4848%,1,65,66,0,0,1,65
0x666d59,75%,1,3,4,0,1,0,3
0xa28829,93.75%,1,15,16,15,1,0,0
0xa58ea6,95.2381%,1,20,21,20,1,0,0
0x58e4a5,99.115%,1,112,113,111,1,0,1
0x95192a,98.9011%,1,90,91,0,0,1,90
0x550e57,97.0588%,1,33,34,0,0,1,33
0x49d00f,0%,1,0,1,0,0,1,0
0x80a9bc,66.6667%,1,2,3,2,1,0,0
0x8ebcc1,75%,1,3,4,1,1,0,2
0x804ebb,98.9583%,1,95,96,95,1,0,0
0x8aab1c,94.7368%,1,18,19,18,1,0,0
0xa1b51e,80%,1,4,5,0,0,1,4
0x813c76,99.8938%,1,941,942,941,1,0,0
0x8f4544,95.2381%,1,20,21,20,1,0,0
0x4c281c,0%,1,0,1,0,1,0,0
0xa2ed5e,96.5517%,1,28,29,0,0,1,28
0xa48d00,99.4012%,1,166,167,166,1,0,0
0x667062,99.9217%,1,1276,1277,1276,1,0,0
0x814e01,99.9075%,1,1080,1081,799,1,0,281
0x8e3c3c,87.5%,1,7,8,7,1,0,0
0x7d4043,66.6667%,1,2,3,0,0,1,2
0x64a4fc,50%,1,1,2,1,1,0,0
0x8c8d93,87.5%,1,7,8,0,0,1,7
0xa8e60d,0%,1,0,1,0,1,0,0
0x8a5cfd,99.5413%,1,217,218,0,0,1,217
0x49d076,66.6667%,1,2,3,1,0,1,1
0x980bda,95.8333%,1,23,24,23,1,0,0
0x9a3367,99.3151%,1,145,146,0,0,1,145
0x9f2640,97.4359%,1,38,39,0,0,1,38
0x9c3e5c,98.1481%,1,53,54,53,1,0,0
0x8165d7,97.4359%,1,38,39,38,1,0,0
0x724c87,50%,1,1,2,0,0,1,1
0xa99f55,90%,1,9,10,0,0,1,9
0x8a53d2,83.3333%,1,5,6,0,0,1,5
0x980eee,87.5%,1,7,8,7,1,0,0
0x5fc09f,50%,1,1,2,0,0,1,1
0x8325d9,0%,1,0,1,0,0,1,0
0x4b8a62,93.75%,1,15,16,0,0,1,15
0x4bc964,91.6667%,1,11,12,0,0,1,11
0x4a724a,50%,1,1,2,1,1,0,0
0x984675,98.9474%,1,94,95,0,0,1,94
0xa040b9,0%,1,0,1,0,0,1,0
0xa27a11,75%,1,3,4,0,1,0,3
0x9a3a7a,50%,1,1,2,0,0,1,1
0x980f2a,87.5%,1,7,8,7,1,0,0
0x6752d0,66.6667%,1,2,3,0,0,1,2
0x58e748,83.3333%,1,5,6,5,1,0,0
0x6f4520,94.4444%,1,17,18,17,1,0,0
0xa4b720,99.5781%,1,236,237,0,0,1,236
0x5ef9fe,0%,1,0,1,0,0,1,0
0x8a91fe,88.8889%,1,8,9,8,1,0,0
0x915697,99.5%,1,199,200,199,1,0,0
0x40a310,98.9011%,1,90,91,90,1,0,0
0x5f4c0e,50%,1,1,2,0,1,0,1
0x61284e,98.5714%,1,69,70,69,1,0,0
0x5fc9b4,50%,1,1,2,0,0,1,1
0x675119,66.6667%,1,2,3,0,0,1,2
0x4a61ea,66.6667%,1,2,3,0,0,1,2
0x9d179a,99.1667%,1,119,120,119,1,0,0
0x9c4df7,50%,1,1,2,0,0,1,1
0x4aaac9,98.0769%,1,51,52,0,0,1,51
0x9f825b,0%,1,0,1,0,0,1,0
0x9c4dc5,50%,1,1,2,0,0,1,1
0x9c4db6,50%,1,1,2,0,0,1,1
0xa508d0,75%,1,3,4,0,0,1,3
0x80b609,50%,1,1,2,0,1,0,1
0x8e3f30,75%,1,3,4,3,1,0,0
0x67070d,50%,1,1,2,0,1,0,1
0x7d1dba,0%,1,0,1,0,1,0,0
0xa6634c,88.8889%,1,8,9,0,0,1,8
0xa4862e,75%,1,3,4,3,1,0,0
0x58f26c,98.0769%,1,51,52,51,1,0,0
0xa9db67,97.9167%,1,47,48,0,0,1,47
0x9bd59d,91.6667%,1,11,12,0,0,1,11
0x4bd492,50%,1,1,2,1,1,0,0
0x5b6ad2,80%,1,4,5,4,1,0,0
0x8e69b4,99.3243%,1,147,148,147,1,0,0
0x6104df,99.6198%,1,262,263,262,1,0,0
0x8ed0fa,83.3333%,1,5,6,0,0,1,5
0xa470d2,95.4545%,1,21,22,21,1,0,0
0x4a871c,50%,1,1,2,0,0,1,1
0x9c4e52,50%,1,1,2,0,1,0,1
0x6752e2,66.6667%,1,2,3,0,0,1,2
0x9c4ecf,75%,1,3,4,0,0,1,3
0x9a945c,50%,1,1,2,0,0,1,1
0xa06ac5,50%,1,1,2,1,1,0,0
0x782814,50%,1,1,2,1,1,0,0
0x5fb424,50%,1,1,2,0,0,1,1
0x96e7a8,0%,1,0,1,0,1,0,0
0x81990b,99.8043%,1,510,511,510,1,0,0
0x5f07ba,50%,1,1,2,0,0,1,1
0x4c4dd6,50%,1,1,2,1,1,0,0
0x5bb3fe,98.4375%,1,63,64,31,0,1,32
0x48da88,97.8261%,1,45,46,45,1,0,0
0x8aad9f,80%,1,4,5,0,0,1,4
0x811f81,95.4545%,1,21,22,21,1,0,0
0x4a8cc9,97.619%,1,41,42,2,1,0,39
0x49ebfd,99.793%,1,482,483,0,0,1,482
0x8c85ea,99.7976%,1,493,494,493,1,0,0
0x5f5d19,50%,1,1,2,0,0,1,1
0x8c8af7,98.75%,1,79,80,0,0,1,79
0x4be8fc,0%,1,0,1,0,1,0,0
0x8e16af,96.875%,1,31,32,0,0,1,31
0xa953d3,75%,1,3,4,0,0,1,3
0x8f5d7f,99.841%,1,628,629,628,1,0,0
0xa061d5,95.2381%,1,20,21,20,1,0,0
0x973664,88.8889%,1,8,9,0,0,1,8
0x48da6c,97.8261%,1,45,46,0,0,1,45
0x492ae2,50%,1,1,2,0,0,1,1
0x951bf9,88.8889%,1,8,9,8,1,0,0
0xa2f87d,99.5984%,1,248,249,0,0,1,248
0x63f795,50%,1,1,2,0,0,1,1
0x8aadfc,80%,1,4,5,4,1,0,0
0x9d25fa,0%,1,0,1,0,0,1,0
0x63f6ce,50%,1,1,2,1,1,0,0
0xa9545f,75%,1,3,4,3,1,0,0
0x590705,66.6667%,1,2,3,0,0,1,2
0x99f424,50%,1,1,2,1,1,0,0
0x5a9678,66.6667%,1,2,3,2,1,0,0
0x8dba9d,87.5%,1,7,8,7,1,0,0
0xa5782a,97.619%,1,41,42,27,1,0,14
0x80776f,99.4083%,1,168,169,0,0,1,168
0x944366,98.6842%,1,75,76,0,0,1,75
0xa4bd27,75%,1,3,4,0,0,1,3
0x809f03,75%,1,3,4,1,1,0,2
0x81ba03,99.5098%,1,203,204,0,0,1,203
0x90a5bc,97.7273%,1,43,44,43,1,0,0
0x809162,99.8051%,1,512,513,512,1,0,0
0x8f504e,91.6667%,1,11,12,11,1,0,0
0xa53d25,99.3902%,1,163,164,0,0,1,163
0x59160a,66.6667%,1,2,3,0,0,1,2
0xa8e4c7,83.3333%,1,5,6,3,0,1,2
0x5f549e,50%,1,1,2,1,1,0,0
0x90c28c,99.9527%,1,2113,2114,2113,1,0,0
0xaa23a4,97.0588%,1,33,34,0,0,1,33
0x5f53fb,91.6667%,1,11,12,11,1,0,0
0x809254,99.4975%,1,198,199,198,1,0,0
0xa8e467,0%,1,0,1,0,0,1,0
0x58e697,83.3333%,1,5,6,0,0,1,5
0xa8e3e4,0%,1,0,1,0,1,0,0
0xa4a21e,98.2143%,1,55,56,55,1,0,0
0x96add3,50%,1,1,2,1,1,0,0
0xa4981f,99.6429%,1,279,280,0,0,1,279
0x4bbcf4,99.8952%,1,953,954,953,1,0,0
0x50ccf9,99.7253%,1,363,364,363,1,0,0
0xa1d4ec,80%,1,4,5,0,0,1,4
0x491c79,50%,1,1,2,0,1,0,1
0x4b9424,50%,1,1,2,1,1,0,0
0x83be07,0%,1,0,1,0,0,1,0
0x9e8a39,0%,1,0,1,0,1,0,0
0x8c7290,99.0654%,1,106,107,106,1,0,0
0xa21062,0%,1,0,1,0,0,1,0
0x4bb9b7,99.5098%,1,203,204,203,1,0,0
0x5da0c6,75%,1,3,4,3,1,0,0
0x817d4d,87.5%,1,7,8,0,0,1,7
0x667546,50%,1,1,2,0,0,1,1
0x499dc9,96.875%,1,31,32,31,1,0,0
0x8f4305,99.9311%,1,1451,1452,1451,1,0,0
0x7d3ed5,66.6667%,1,2,3,2,1,0,0
0x649e17,50%,1,1,2,1,1,0,0
0x47f1a6,0%,1,0,1,0,1,0,0
0x5bb1e2,66.6667%,1,2,3,2,1,0,0
0x5bb184,85.7143%,1,6,7,6,1,0,0
0xa7b401,80%,1,4,5,4,0,1,0
0x49c189,98.9474%,1,94,95,0,0,1,94
0x900fe4,80%,1,4,5,4,1,0,0
0xa2128b,75%,1,3,4,3,1,0,0
0x7e8154,50%,1,1,2,0,0,1,1
0x4094c1,50%,1,1,2,0,0,1,1
0x8170b0,50%,1,1,2,1,1,0,0
0x8bd835,95%,1,19,20,19,0,1,0
0x8c82e4,50%,1,1,2,1,1,0,0
0x7c7a2a,95.8333%,1,23,24,23,1,0,0
0x44166e,90.9091%,1,10,11,0,0,1,10
0x5f324e,85.7143%,1,6,7,1,1,0,5
0x8dfdc0,96.875%,1,31,32,31,1,0,0
0x659e94,94.7368%,1,18,19,18,1,0,0
0x40a0e1,93.75%,1,15,16,0,0,1,15
0x8e76f6,91.6667%,1,11,12,11,1,0,0
0xa06803,50%,1,1,2,1,1,0,0
0x40b08e,50%,1,1,2,1,1,0,0
0x48de4d,99.3377%,1,150,151,0,0,1,150
0xa7b424,0%,1,0,1,0,1,0,0
0x8171b2,80%,1,4,5,4,1,0,0
0x80a84f,80%,1,4,5,4,1,0,0
0xa907c9,99.5516%,1,222,223,0,0,1,222
0x9e8578,99.6503%,1,285,286,285,1,0,0
0xa7c781,80%,1,4,5,4,1,0,0
0xa8e54f,80%,1,4,5,4,1,0,0
0x7c7acf,95.8333%,1,23,24,0,0,1,23
0x95b786,75%,1,3,4,0,0,1,3
0x65b165,92.3077%,1,12,13,12,1,0,0
0xa2827b,99.2063%,1,125,126,125,1,0,0
0x542e14,99.9557%,1,2256,2257,2256,1,0,0
0xace075,50%,1,1,2,1,1,0,0
0x5bad98,50%,1,1,2,0,0,1,1
0x8aae23,80%,1,4,5,0,0,1,4
0x9f951b,96%,1,24,25,0,0,1,24
0x8a78f5,66.6667%,1,2,3,2,1,0,0
0x8bf170,50%,1,1,2,0,0,1,1
0x4c9896,85.7143%,1,6,7,6,0,1,0
0xaca83b,96.4286%,1,27,28,27,1,0,0
0x65ad7e,0%,1,0,1,0,1,0,0
0x511ba8,99.7396%,1,383,384,383,1,0,0
0x7bb9cf,87.5%,1,7,8,0,0,1,7
0x8dcd7b,99.9565%,1,2298,2299,2298,1,0,0
0x9d25cf,50%,1,1,2,0,0,1,1
0x8fce25,97.7273%,1,43,44,43,1,0,0
0x5f37a9,85.7143%,1,6,7,1,1,0,5
0x9e72f5,0%,1,0,1,0,1,0,0
0xa98174,50%,1,1,2,0,0,1,1
0xa210a2,75%,1,3,4,0,1,0,3
0xa3d822,87.5%,1,7,8,7,1,0,0
0x5bae3f,50%,1,1,2,1,1,0,0
0x8f4b18,83.3333%,1,5,6,5,1,0,0
0x5c525d,87.5%,1,7,8,7,1,0,0
0x817cee,99.6%,1,249,250,249,1,0,0
0xa91b57,99.2701%,1,136,137,0,0,1,136
0xa36ca0,75%,1,3,4,3,1,0,0
0x9a22f8,93.3333%,1,14,15,0,0,1,14
0xa853e4,80%,1,4,5,4,1,0,0
0x81fda7,97.9167%,1,47,48,0,0,1,47
0x8ff3dc,99.2126%,1,126,127,0,0,1,126
0x5ef0d2,94.4444%,1,17,18,0,0,1,17
0x5556b3,75%,1,3,4,0,1,0,3
0x99dd11,93.3333%,1,14,15,0,0,1,14
0xa276b9,99.8684%,1,759,760,0,0,1,759
0x60b05a,98%,1,49,50,0,0,1,49
0x6a7885,0%,1,0,1,0,0,1,0
0x7f0618,50%,1,1,2,0,0,1,1
0x90f2a5,99.9667%,1,3005,3006,3005,1,0,0
0x60e5a8,0%,1,0,1,0,0,1,0
0x63f9ec,99.9645%,1,2817,2818,2817,1,0,0
0x495121,0%,1,0,1,0,1,0,0
0xace098,50%,1,1,2,0,0,1,1
0xa8e6cc,50%,1,1,2,1,1,0,0
0x81be8b,99.5098%,1,203,204,0,0,1,203
0x91165d,99.5025%,1,200,201,0,0,1,200
0x7f03dc,94.7368%,1,18,19,18,1,0,0
0xaaa608,85.7143%,1,6,7,6,1,0,0
0x69de57,91.6667%,1,11,12,11,1,0,0
0x7c7ad9,95.8333%,1,23,24,0,0,1,23
0xa6b9bc,75%,1,3,4,3,1,0,0
0x681e6d,83.3333%,1,5,6,5,1,0,0
0x619ddd,80%,1,4,5,0,0,1,4
0x6dceb6,75%,1,3,4,0,0,1,3
0x6477ec,99.2647%,1,135,136,135,1,0,0
0xa04bea,97.3684%,1,37,38,0,0,1,37
0x48d786,95.2381%,1,20,21,20,1,0,0
0x8a726b,99.6429%,1,279,280,279,1,0,0
0xa8e657,80%,1,4,5,0,0,1,4
0x8c8178,0%,1,0,1,0,0,1,0
0xa39f49,96.6667%,1,29,30,0,0,1,29
0x8ef294,97.9167%,1,47,48,0,0,1,47
0xa1a1aa,80%,1,4,5,0,0,1,4
0x9f5cf1,85.7143%,1,6,7,0,0,1,6
0xaa8061,99.811%,1,528,529,528,1,0,0
0x80b86f,50%,1,1,2,0,0,1,1
0x9698f2,98.6111%,1,71,72,0,0,1,71
0x9e827d,75%,1,3,4,3,1,0,0
0xa58319,87.5%,1,7,8,7,1,0,0
0xacdb9c,50%,1,1,2,1,1,0,0
0x95a936,75%,1,3,4,0,0,1,3
0x49ad33,83.3333%,1,5,6,0,0,1,5
0x97864c,90%,1,9,10,9,1,0,0
0x67c9b7,99.9209%,1,1264,1265,0,0,1,1264
0x90c9d0,99.0476%,1,104,105,104,1,0,0
0xa3169c,97.3684%,1,37,38,37,1,0,0
0x9fc77a,92.8571%,1,13,14,13,1,0,0
0x48fad8,66.6667%,1,2,3,2,1,0,0
0x7efca4,50%,1,1,2,1,1,0,0
0x53406a,50%,1,1,2,0,0,1,1
0x4ae593,0%,1,0,1,0,0,1,0
0x4ae57d,50%,1,1,2,1,0,1,0
0x5fb4f8,50%,1,1,2,1,1,0,0
0x805e38,87.5%,1,7,8,3,1,0,4
0x7f0d0f,98%,1,49,50,49,1,0,0
0x48f503,66.6667%,1,2,3,2,1,0,0
0x58e5c9,83.3333%,1,5,6,0,0,1,5
0x5e3ae0,66.6667%,1,2,3,2,1,0,0
0x7f0b4f,80%,1,4,5,0,0,1,4
0x60dbe1,99.4949%,1,197,198,0,0,1,197
0x8bd887,94.7368%,1,18,19,18,1,0,0
0x911960,99.9459%,1,1846,1847,1846,1,0,0
0x8fee76,99.7525%,1,403,404,0,0,1,403
0xa91f35,75%,1,3,4,3,1,0,0
0x5db4e0,75%,1,3,4,3,1,0,0
0x7f02c5,94.4444%,1,17,18,17,1,0,0
0x7f0327,94.7368%,1,18,19,18,1,0,0
0xa99c7e,75%,1,3,4,0,0,1,3
0xa15f3e,91.6667%,1,11,12,0,0,1,11
0x96a674,98.4615%,1,64,65,0,0,1,64
0x8f1ae1,66.6667%,1,2,3,0,1,0,2
0x49bdeb,75%,1,3,4,3,1,0,0
0x5561f4,66.6667%,1,2,3,0,0,1,2
0x5a9414,98.1818%,1,54,55,0,0,1,54
0x82275a,75%,1,3,4,2,0,1,1
0xa2628d,99.7525%,1,403,404,403,1,0,0
0x96a67e,98.4615%,1,64,65,64,1,0,0
0x590d21,95.4545%,1,21,22,0,0,1,21
0xa98d4c,80%,1,4,5,4,1,0,0
0x9f8fb9,99.2754%,1,137,138,0,0,1,137
0x5f4210,85.7143%,1,6,7,0,0,1,6
0x9199bc,99.8959%,1,960,961,960,1,0,0
0x4b955d,50%,1,1,2,0,1,0,1
0xaa8fe2,95.6522%,1,22,23,0,0,1,22
0x4ac58c,87.5%,1,7,8,0,0,1,7
0x647bae,97.6744%,1,42,43,0,0,1,42
0x5542c3,50%,1,1,2,0,0,1,1
0x7d37d6,97.5%,1,39,40,39,1,0,0
0x49c3b2,83.3333%,1,5,6,5,1,0,0
0x9c3fea,99.7854%,1,465,466,465,1,0,0
0x8ff74d,92.8571%,1,13,14,7,0,1,6
0x956440,0%,1,0,1,0,1,0,0
0x58ba82,75%,1,3,4,3,1,0,0
0x90ebbd,99.5%,1,199,200,199,1,0,0
0x5f4e4e,0%,1,0,1,0,0,1,0
0x90bb69,95.4545%,1,21,22,0,0,1,21
0x804c08,90%,1,9,10,0,1,0,9
0x90d09a,99.3865%,1,162,163,162,1,0,0
0x90be35,99.8959%,1,960,961,0,0,1,960
0x977005,50%,1,1,2,0,0,1,1
0x5beca2,50%,1,1,2,1,1,0,0
0xa8a6aa,98.7952%,1,82,83,82,1,0,0
0xa25ba7,99.9013%,1,1012,1013,1012,1,0,0
0x8f2e2e,99.8217%,1,560,561,0,0,1,560
0x5f4e40,50%,1,1,2,1,0,1,0
0x5f13f5,97.5%,1,39,40,39,1,0,0
0xa37ed4,95%,1,19,20,0,0,1,19
0x9a7a90,97.1429%,1,34,35,0,0,1,34
0x558e5c,95.4545%,1,21,22,0,0,1,21
0x815eba,88.8889%,1,8,9,8,1,0,0
0xa25d60,98.7179%,1,77,78,0,0,1,77
0xa392d0,92.8571%,1,13,14,13,1,0,0
0x9f2877,99.8252%,1,571,572,571,1,0,0
0xa35b46,96.875%,1,31,32,31,1,0,0
0x94a9a8,98.75%,1,79,80,79,1,0,0
0x63f838,99.971%,1,3444,3445,3444,1,0,0
0xa2f152,0%,1,0,1,0,0,1,0
0x8f419c,99.6923%,1,324,325,324,1,0,0
0x8bd829,95%,1,19,20,0,0,1,19
0x81460f,94.4444%,1,17,18,17,1,0,0
0xa25f50,99.4681%,1,187,188,0,0,1,187
0x8f108e,97.5%,1,39,40,39,1,0,0
0x80a451,99.7792%,1,452,453,0,0,1,452
0x8f4a18,83.3333%,1,5,6,5,1,0,0
0x5f5bd8,50%,1,1,2,1,1,0,0
0x4ab159,83.3333%,1,5,6,0,0,1,5
0x8f7721,80%,1,4,5,4,1,0,0
0xb4a1b2,99.8619%,1,723,724,723,1,0,0
0x8bdb63,80%,1,4,5,4,1,0,0
0x80a98a,66.6667%,1,2,3,0,0,1,2
0x9699b8,97.4359%,1,38,39,38,1,0,0
0x48f78a,83.3333%,1,5,6,5,1,0,0
0x64b49a,99.67%,1,302,303,0,0,1,302
0x590d51,95%,1,19,20,0,0,1,19
0x9a8d28,96.7742%,1,30,31,30,1,0,0
0x488c43,99.4898%,1,195,196,0,0,1,195
0x648e8f,50%,1,1,2,1,1,0,0
0x49ba9e,87.5%,1,7,8,0,0,1,7
0x5ff992,99.4565%,1,183,184,0,0,1,183
0x4097c7,50%,1,1,2,1,1,0,0
0x90bf34,99.5798%,1,237,238,118,1,0,119
0x9f2470,98.7805%,1,81,82,81,1,0,0
0x5b61b8,0%,1,0,1,0,1,0,0
0x40a651,96.1538%,1,25,26,0,0,1,25
0x40aeef,50%,1,1,2,1,1,0,0
0x679798,83.3333%,1,5,6,5,1,0,0
0x8f3e5c,99.661%,1,294,295,0,0,1,294
0x8ecab6,50%,1,1,2,1,1,0,0
0x99d9ea,97.2973%,1,36,37,36,1,0,0
0x8f2a7b,97.5%,1,39,40,39,1,0,0
0x495b0f,0%,1,0,1,0,0,1,0
0xa1a1c4,90.9091%,1,10,11,1,1,0,9
0x64b62e,99.8724%,1,783,784,0,0,1,783
0x8f45fe,91.6667%,1,11,12,0,0,1,11
0x7cf687,87.5%,1,7,8,0,0,1,7
0x405053,95.2381%,1,20,21,0,0,1,20
0x9fe4c3,66.6667%,1,2,3,2,1,0,0
0x9f4a84,0%,1,0,1,0,0,1,0
0x5b5f9d,0%,1,0,1,0,1,0,0
0x8194f5,98.75%,1,79,80,79,1,0,0
0x9e0c12,75%,1,3,4,3,1,0,0
0x9786b0,90%,1,9,10,9,1,0,0
0x9f0e62,95.8333%,1,23,24,0,0,1,23
0x9f0e8f,98.3051%,1,58,59,0,0,1,58
0x5f5b1d,50%,1,1,2,0,0,1,1
0x9f0ac0,75%,1,3,4,3,1,0,0
0x95103f,66.6667%,1,2,3,0,1,0,2
0xa31084,75%,1,3,4,0,0,1,3
0x8f457f,98.8636%,1,87,88,0,0,1,87
0x99d84d,50%,1,1,2,0,0,1,1
0x9a11eb,98.7654%,1,80,81,0,0,1,80
0x9e765b,99.0654%,1,106,107,0,0,1,106
0x480124,94.7368%,1,18,19,18,1,0,0
0x7e8164,50%,1,1,2,1,1,0,0
0x8dffc3,94.4444%,1,17,18,5,1,0,12
0x4b2ccb,50%,1,1,2,1,1,0,0
0x7c7bfb,0%,1,0,1,0,0,1,0
0xa1a149,80%,1,4,5,0,0,1,4
0xa8e6c7,50%,1,1,2,0,0,1,1
0x4a639f,66.6667%,1,2,3,0,1,0,2
0x4b5eca,75%,1,3,4,0,0,1,3
0xa44fd2,92.8571%,1,13,14,13,1,0,0
0x8a629e,99.2647%,1,135,136,0,0,1,135
0x81c148,98.9583%,1,95,96,95,1,0,0
0x8aa8b1,99.8639%,1,734,735,734,1,0,0
0x40af17,50%,1,1,2,1,1,0,0
0x8aad35,95.4545%,1,21,22,21,1,0,0
0x8381bc,80%,1,4,5,4,1,0,0
0x975000,83.3333%,1,5,6,0,0,1,5
0x95b05e,95.6522%,1,22,23,0,0,1,22
0x8ef511,88.8889%,1,8,9,8,1,0,0
0x5f18ae,80%,1,4,5,4,1,0,0
0x641021,50%,1,1,2,1,1,0,0
0xa48cbd,99.4012%,1,166,167,0,0,1,166
0xb3ab75,0%,1,0,1,0,1,0,0
0x65c352,0%,1,0,1,0,1,0,0
0x5cd6a7,80%,1,4,5,4,1,0,0
0x8e0ff5,99.8759%,1,805,806,805,1,0,0
0x99d9c4,97.2973%,1,36,37,0,0,1,36
0x9fe94f,97.2973%,1,36,37,0,0,1,36
0x5e4759,99.9337%,1,1508,1509,1508,1,0,0
0xa0676f,50%,1,1,2,1,1,0,0
0x7f0696,50%,1,1,2,1,1,0,0
0x5916d6,66.6667%,1,2,3,0,0,1,2
0x48733d,50%,1,1,2,1,1,0,0
0x4a7d38,0%,1,0,1,0,1,0,0
0x8aba6a,50%,1,1,2,1,1,0,0
0x4a7da6,0%,1,0,1,0,1,0,0
0x5beb89,50%,1,1,2,0,0,1,1
0xb17b96,99.9057%,1,1060,1061,0,0,1,1060
0x7d3df8,66.6667%,1,2,3,0,0,1,2
0x67ec23,99.1803%,1,121,122,121,1,0,0
0x48d8e1,50%,1,1,2,1,1,0,0
0x9d04cd,99.6644%,1,297,298,0,0,1,297
0x8ec809,50%,1,1,2,0,1,0,1
0x492bb3,50%,1,1,2,1,1,0,0
0xa42ee3,75%,1,3,4,3,1,0,0
0x4a9aa0,50%,1,1,2,1,1,0,0
0x8f4c99,99.9594%,1,2463,2464,2463,1,0,0
0x7d3ea2,66.6667%,1,2,3,0,0,1,2
0xa5c34b,91.6667%,1,11,12,0,0,1,11
0x9a3557,96.4286%,1,27,28,27,1,0,0
0x60c37c,80%,1,4,5,4,1,0,0
0x94f1a1,0%,1,0,1,0,0,1,0
0x5f4866,0%,1,0,1,0,1,0,0
0x99dc3f,93.3333%,1,14,15,0,0,1,14
0x7e1cb0,50%,1,1,2,0,0,1,1
0xa5c2ec,96.875%,1,31,32,0,0,1,31
0x4bd4d1,0%,1,0,1,0,1,0,0
0xa4feda,75%,1,3,4,0,0,1,3
0x4417f7,90.9091%,1,10,11,0,0,1,10
0x5ffb03,97.8261%,1,45,46,45,1,0,0
0x69ddb9,91.6667%,1,11,12,0,0,1,11
0x805f5f,75%,1,3,4,3,1,0,0
0x90d34e,99.1935%,1,123,124,0,0,1,123
0x70c21c,83.3333%,1,5,6,0,0,1,5
0x9fe8e9,97.5%,1,39,40,0,0,1,39
0x8a5125,50%,1,1,2,0,0,1,1
0x6387c6,90.9091%,1,10,11,10,1,0,0
0x908d46,99.9875%,1,7993,7994,7993,1,0,0
0x48bc2b,0%,1,0,1,0,0,1,0
0x8e8c61,50%,1,1,2,0,0,1,1
0x70c22d,83.3333%,1,5,6,5,1,0,0
0x8bdcc8,0%,1,0,1,0,0,1,0
0x51b1f3,50%,1,1,2,0,0,1,1
0xa92ed8,98.8636%,1,87,88,87,1,0,0
0x670dea,50%,1,1,2,0,0,1,1
0x972599,99.5475%,1,220,221,0,0,1,220
0x8def1c,99.763%,1,421,422,0,0,1,421
0x80b72b,66.6667%,1,2,3,0,0,1,2
0x8df376,95.8333%,1,23,24,23,1,0,0
0x60c678,66.6667%,1,2,3,0,0,1,2
0x4464da,99.8296%,1,586,587,586,1,0,0
0x8077ea,99.9599%,1,2491,2492,0,0,1,2491
0xa4bc7b,75%,1,3,4,3,1,0,0
0xa96954,99.3289%,1,148,149,148,1,0,0
0xb347a6,75%,1,3,4,3,1,0,0
0x9c507e,87.5%,1,7,8,7,1,0,0
0xa5bf0c,96.875%,1,31,32,31,1,0,0
0x68375b,97.8723%,1,46,47,0,0,1,46
0x611486,90.9091%,1,10,11,0,0,1,10
0xb2e430,50%,1,1,2,1,1,0,0
0x8f0ab3,97.619%,1,41,42,41,1,0,0
0x8f4315,99.9311%,1,1451,1452,1451,1,0,0
0x4a9b18,66.6667%,1,2,3,0,1,0,2
0x70c187,83.3333%,1,5,6,0,0,1,5
0x81aeda,50%,1,1,2,0,0,1,1
0xa0316f,50%,1,1,2,1,0,1,0
0x956451,0%,1,0,1,0,0,1,0
0x804f15,50%,1,1,2,1,1,0,0
0xa99906,0%,1,0,1,0,1,0,0
0x8226b0,75%,1,3,4,3,1,0,0
0x48f8dc,95.4545%,1,21,22,0,0,1,21
0x5f46fc,50%,1,1,2,0,0,1,1
0xa02c07,50%,1,1,2,0,0,1,1
0x8c8792,99.7797%,1,453,454,453,1,0,0
0x5e0bdd,75%,1,3,4,3,1,0,0
0x7d29f3,80%,1,4,5,4,1,0,0
0x9bc6e3,99.2126%,1,126,127,0,0,1,126
0x96ea7d,0%,1,0,1,0,0,1,0
0x486e6a,50%,1,1,2,1,1,0,0
0xa03ab8,75%,1,3,4,3,1,0,0
0xa6b990,75%,1,3,4,3,1,0,0
0x911752,98.2143%,1,55,56,0,0,1,55
0x540517,50%,1,1,2,0,0,1,1
0x8e928d,98.8235%,1,84,85,0,0,1,84
0xaa2f28,99.0196%,1,101,102,0,0,1,101
0x7d25b2,99.8198%,1,554,555,171,1,0,383
0x9e6d88,99.711%,1,345,346,345,1,0,0
0x63f257,50%,1,1,2,0,0,1,1
0x63f36c,99.5%,1,199,200,0,0,1,199
0x8148de,50%,1,1,2,0,0,1,1
0xaa2f62,99.0196%,1,101,102,101,1,0,0
0x8d9a11,83.3333%,1,5,6,0,0,1,5
0x48ef1f,99.6979%,1,330,331,0,0,1,330
0x48ef2b,99.6979%,1,330,331,0,0,1,330
0x542590,98.3607%,1,60,61,60,1,0,0
0x678d8c,95.6522%,1,22,23,0,0,1,22
0xa557d8,50%,1,1,2,0,0,1,1
0x951ca7,99.843%,1,636,637,636,1,0,0
0x8a6b90,75%,1,3,4,1,0,1,2
0x8e32f3,99.9494%,1,1976,1977,0,0,1,1976
0x5423d0,99.5434%,1,218,219,0,0,1,218
0x492caf,50%,1,1,2,1,1,0,0
0x8fc4dd,0%,1,0,1,0,1,0,0
0x837f0e,83.3333%,1,5,6,0,0,1,5
0x83a91d,75%,1,3,4,0,1,0,3
0x99ce5b,88.8889%,1,8,9,0,0,1,8
0xa6c73d,96.2963%,1,26,27,26,1,0,0
0x67986d,83.3333%,1,5,6,5,1,0,0
0x49a07e,93.75%,1,15,16,0,0,1,15
0x4b84fd,66.6667%,1,2,3,0,0,1,2
0xa6553b,75%,1,3,4,3,1,0,0
0x5bc151,50%,1,1,2,0,0,1,1
0x8325a5,0%,1,0,1,0,1,0,0
0x9f7c26,92.3077%,1,12,13,0,0,1,12
0x8ea7d1,75%,1,3,4,3,1,0,0
0x542f99,87.5%,1,7,8,0,0,1,7
0x554779,98.4127%,1,62,63,0,0,1,62
0x8ec514,50%,1,1,2,0,0,1,1
0xa2df9b,97.0588%,1,33,34,0,0,1,33
0x8e334a,99.711%,1,345,346,345,1,0,0
0x8ddee1,98.1481%,1,53,54,53,1,0,0
0x7c9d1f,75%,1,3,4,0,0,1,3
0xa4d68f,97.3684%,1,37,38,37,1,0,0
0x58f68f,50%,1,1,2,0,0,1,1
0x991286,92.3077%,1,12,13,0,0,1,12
0xa58469,90%,1,9,10,9,1,0,0
0x8e1055,93.75%,1,15,16,12,0,1,3
0x58c257,99.5495%,1,221,222,221,1,0,0
0x4c8396,66.6667%,1,2,3,0,0,1,2
0x9e3e85,99.3506%,1,153,154,0,0,1,153
0x80c507,80%,1,4,5,4,1,0,0
0x8e966d,50%,1,1,2,0,0,1,1
0x9fb306,97.561%,1,40,41,6,0,1,34
0x6196e0,98.6667%,1,74,75,74,1,0,0
0x5bbf9c,50%,1,1,2,1,1,0,0
0x4bf1e9,98.8372%,1,85,86,0,0,1,85
0x8bb2a3,0%,1,0,1,0,1,0,0
0x8dc283,99.6914%,1,323,324,323,1,0,0
0xaadb02,98.4375%,1,63,64,0,0,1,63
0xa369c5,93.75%,1,15,16,0,0,1,15
0xb467ba,0%,1,0,1,0,1,0,0
0x48f120,99.2248%,1,128,129,0,0,1,128
0x59091a,95.4545%,1,21,22,0,0,1,21
0x816321,97.7778%,1,44,45,43,0,1,1
0x5555cc,99.0291%,1,102,103,0,0,1,102
0x99ad9b,99.5192%,1,207,208,0,0,1,207
0x65a123,99.9316%,1,1462,1463,0,0,1,1462
0x80834c,75%,1,3,4,0,0,1,3
0xaaaaa7,66.6667%,1,2,3,2,0,1,0
0x48fcef,75%,1,3,4,3,1,0,0
0xaa7faf,66.6667%,1,2,3,2,1,0,0
0xa8540b,80%,1,4,5,0,0,1,4
0x63f041,50%,1,1,2,1,1,0,0
0x9ec054,90%,1,9,10,0,0,1,9
0x9ebffc,90%,1,9,10,0,0,1,9
0xa96a4a,97.2973%,1,36,37,0,0,1,36
0x4945ba,50%,1,1,2,0,0,1,1
0x820ec9,99.7938%,1,484,485,0,0,1,484
0xaccdf6,66.6667%,1,2,3,1,1,0,1
0x9a3aec,92.3077%,1,12,13,12,1,0,0
0xa42c29,98.1481%,1,53,54,0,0,1,53
0x55118e,95.2381%,1,20,21,0,0,1,20
0xa9d0e5,50%,1,1,2,1,1,0,0
0x81502a,99.697%,1,329,330,329,1,0,0
0x63b574,99.9234%,1,1305,1306,1305,1,0,0
0x96a258,50%,1,1,2,1,1,0,0
0x5f2b1a,50%,1,1,2,0,0,1,1
0xb499f8,87.5%,1,7,8,0,0,1,7
0x54fc3a,0%,1,0,1,0,0,1,0
0x8ad6a0,50%,1,1,2,0,0,1,1
0x9f3c6b,0%,1,0,1,0,0,1,0
0x9ea489,98.6111%,1,71,72,0,0,1,71
0x63f204,50%,1,1,2,1,1,0,0
0x7c9e2a,75%,1,3,4,3,1,0,0
0x9432e5,98.6667%,1,74,75,74,1,0,0
0x9ea1af,50%,1,1,2,1,1,0,0
0x545a8f,87.5%,1,7,8,0,0,1,7
0xa46f03,94.4444%,1,17,18,17,1,0,0
0x541dfd,99.5434%,1,218,219,218,1,0,0
0xa21e44,50%,1,1,2,0,0,1,1
0xaa3073,99.0196%,1,101,102,101,1,0,0
0x590a9d,94.4444%,1,17,18,0,0,1,17
0x8ff6fb,99.4709%,1,188,189,0,1,0,188
0x9be551,50%,1,1,2,1,1,0,0
0xaa4c14,66.6667%,1,2,3,2,1,0,0
0x49022b,98.1481%,1,53,54,0,0,1,53
0x9bc981,50%,1,1,2,1,1,0,0
0xa3d220,87.5%,1,7,8,7,1,0,0
0x9ea686,99.4048%,1,167,168,0,1,0,167
0x627d6f,95.6522%,1,22,23,0,0,1,22
0x5bd8a0,99.4118%,1,169,170,169,1,0,0
0x9a805b,96.7742%,1,30,31,30,1,0,0
0xa2f9ed,98.7179%,1,77,78,0,0,1,77
0x7d4257,0%,1,0,1,0,1,0,0
0x819994,99.6835%,1,315,316,315,1,0,0
0x78b6ab,91.6667%,1,11,12,0,0,1,11
0xa21b8c,50%,1,1,2,1,0,1,0
0x49c819,94.4444%,1,17,18,0,0,1,17
0xa21b7e,50%,1,1,2,0,0,1,1
0x5b8d0c,50%,1,1,2,0,0,1,1
0x63eaf5,99.5%,1,199,200,0,0,1,199
0x7d1ed8,75%,1,3,4,0,0,1,3
0x44154e,90.9091%,1,10,11,0,0,1,10
0xa52125,98.7013%,1,76,77,76,1,0,0
0x81b1ac,97.0588%,1,33,34,33,1,0,0
0x9eb85d,96.1538%,1,25,26,25,1,0,0
0x7d442b,50%,1,1,2,0,0,1,1
0x8f1c60,87.5%,1,7,8,7,1,0,0
0x9032e6,91.6667%,1,11,12,11,1,0,0
0x8e3664,87.5%,1,7,8,5,1,0,2
0x8df87e,75%,1,3,4,3,1,0,0
0xa968ca,99.4048%,1,167,168,167,1,0,0
0xb4a155,99.8956%,1,957,958,957,1,0,0
0x6497ef,50%,1,1,2,1,1,0,0
0x809149,99.697%,1,329,330,329,1,0,0
0x8dcb77,99.8035%,1,508,509,0,0,1,508
0x404897,99.6%,1,249,250,0,0,1,249
0x99b928,96.1538%,1,25,26,25,1,0,0
0x811a31,80%,1,4,5,4,1,0,0
0x641108,50%,1,1,2,1,1,0,0
0xaa2933,99.1935%,1,123,124,123,1,0,0
0x48361e,96.2963%,1,26,27,26,1,0,0
0x4b298e,50%,1,1,2,0,0,1,1
0x4905ef,66.6667%,1,2,3,0,0,1,2
0xaa0389,99.1736%,1,120,121,0,0,1,120
0xaca816,96.4286%,1,27,28,0,0,1,27
0x4877b6,0%,1,0,1,0,1,0,0
0xa07660,80%,1,4,5,4,1,0,0
0x6ec00d,0%,1,0,1,0,0,1,0
0xa01de3,90%,1,9,10,6,0,1,3
0x8118c7,97.561%,1,40,41,40,1,0,0
0x9fe9fb,66.6667%,1,2,3,2,1,0,0
0x9eb3b8,96.875%,1,31,32,0,0,1,31
0xaa2c56,99.9501%,1,2004,2005,0,0,1,2004
0xa01ceb,50%,1,1,2,1,1,0,0
0x80536f,50%,1,1,2,0,0,1,1
0x8221bc,99.6337%,1,272,273,0,0,1,272
0xa017ab,50%,1,1,2,1,1,0,0
0x66f648,66.6667%,1,2,3,0,0,1,2
0x96e77f,0%,1,0,1,0,1,0,0
0x91756a,99.5%,1,199,200,199,1,0,0
0x61099a,92.3077%,1,12,13,12,1,0,0
0x8373f2,0%,1,0,1,0,1,0,0
0x8f1a60,87.5%,1,7,8,7,1,0,0
0x590e57,94.4444%,1,17,18,0,0,1,17
0x555c21,97.3684%,1,37,38,37,1,0,0
0x8dc4fa,75%,1,3,4,3,1,0,0
0xa0193d,75%,1,3,4,0,0,1,3
0x59f1b3,50%,1,1,2,0,0,1,1
0x9730a6,91.6667%,1,11,12,11,1,0,0
0x64a6ae,50%,1,1,2,0,0,1,1
0x809d04,50%,1,1,2,0,0,1,1
0x9eb42d,97.1429%,1,34,35,0,0,1,34
0x6491d7,50%,1,1,2,0,0,1,1
0x5fc801,50%,1,1,2,0,0,1,1
0xa1b470,0%,1,0,1,0,0,1,0
0x647d05,96.2963%,1,26,27,0,0,1,26
0x813491,50%,1,1,2,0,0,1,1
0x63baca,99.9234%,1,1305,1306,1305,1,0,0
0x59611c,92.3077%,1,12,13,0,0,1,12
0x48f815,94.4444%,1,17,18,17,1,0,0
0xa2db82,92.8571%,1,13,14,0,0,1,13
0x8ff6e0,98.9796%,1,97,98,0,0,1,97
0x606a5a,99.5556%,1,224,225,0,0,1,224
0x815df9,80%,1,4,5,4,0,1,0
0x81ee04,75%,1,3,4,0,0,1,3
0x8d9763,87.5%,1,7,8,7,1,0,0
0x5af6d4,88.8889%,1,8,9,0,0,1,8
0x7d0f05,97.2222%,1,35,36,35,1,0,0
0x8ff2f9,98.3333%,1,59,60,59,1,0,0
0xa9819c,50%,1,1,2,1,1,0,0
0xa02f8a,98.5294%,1,67,68,0,0,1,67
0xa32628,75%,1,3,4,2,0,1,1
0xa44c20,75%,1,3,4,0,0,1,3
0x4b8878,87.5%,1,7,8,0,0,1,7
0x8f221b,93.75%,1,15,16,15,1,0,0
0xa02ec2,50%,1,1,2,0,0,1,1
0x5bda8e,87.5%,1,7,8,3,1,0,4
0x4bd1bd,50%,1,1,2,1,1,0,0
0x5d60de,99.2481%,1,132,133,132,1,0,0
0x63f2e9,50%,1,1,2,0,0,1,1
0xa25eae,99.9013%,1,1012,1013,1012,1,0,0
0x490639,99.6337%,1,272,273,0,0,1,272
0x8ee826,66.6667%,1,2,3,0,0,1,2
0x5d3f86,99.2481%,1,132,133,132,1,0,0
0x8d207f,99.8891%,1,901,902,0,0,1,901
0x7c8398,75%,1,3,4,3,1,0,0
0x48f698,97.2973%,1,36,37,36,1,0,0
0x9f4adb,97.3684%,1,37,38,0,0,1,37
0x59fc21,0%,1,0,1,0,1,0,0
0x8ae848,80%,1,4,5,0,0,1,4
0x59fc10,0%,1,0,1,0,0,1,0
0x5f8d49,80%,1,4,5,4,0,1,0
0x49d290,0%,1,0,1,0,0,1,0
0x66f384,50%,1,1,2,1,1,0,0
0x6d9a3a,87.5%,1,7,8,7,1,0,0
0x90f897,50%,1,1,2,0,0,1,1
0x4c985d,90%,1,9,10,9,1,0,0
0xa374b8,85.7143%,1,6,7,6,1,0,0
0xa07384,88.8889%,1,8,9,8,1,0,0
0x9a0acc,96.4286%,1,27,28,0,0,1,27
0xa01a9b,50%,1,1,2,1,1,0,0
0x915a0d,50%,1,1,2,1,1,0,0
0x9f0355,90%,1,9,10,0,0,1,9
0x99f144,90.9091%,1,10,11,10,1,0,0
0x98b294,99.5455%,1,219,220,219,1,0,0
0xa06864,50%,1,1,2,1,1,0,0
0x5df862,92.8571%,1,13,14,13,1,0,0
0x640332,99.9581%,1,2384,2385,0,0,1,2384
0xa01e7c,50%,1,1,2,0,0,1,1
0x7f0ad1,0%,1,0,1,0,1,0,0
0xa041c8,0%,1,0,1,0,1,0,0
0x9a3eb3,96.4286%,1,27,28,0,0,1,27
0xa0405c,50%,1,1,2,0,1,0,1
0xa01b69,98.1818%,1,54,55,0,0,1,54
0x8114b1,80%,1,4,5,4,1,0,0
0x8f3642,99.7449%,1,391,392,391,1,0,0
0x5f5117,0%,1,0,1,0,1,0,0
0x50d0c5,50%,1,1,2,0,0,1,1
0xa978fb,90%,1,9,10,9,1,0,0
0x490535,66.6667%,1,2,3,0,0,1,2
0x81912c,97.0588%,1,33,34,0,0,1,33
0x8ddc41,99.1071%,1,111,112,111,1,0,0
0x98b540,99.4382%,1,177,178,177,1,0,0
0x98b56d,99.4382%,1,177,178,0,0,1,177
0x9f02cf,98.9362%,1,93,94,93,1,0,0
0xa01ca2,66.6667%,1,2,3,0,0,1,2
0x8ebb5a,99.7947%,1,486,487,486,1,0,0
0x666959,99.8288%,1,583,584,0,0,1,583
0x4a7c48,91.6667%,1,11,12,11,1,0,0
0x660f8a,50%,1,1,2,1,1,0,0
0x8f3789,99.6875%,1,319,320,319,1,0,0
0xaca884,96.4286%,1,27,28,27,1,0,0
0x5bc0d1,50%,1,1,2,1,1,0,0
0x670e12,50%,1,1,2,0,0,1,1
0x78ab97,94.7368%,1,18,19,0,0,1,18
0x5ef8dd,94.1176%,1,16,17,0,0,1,16
0x96ebcf,0%,1,0,1,0,1,0,0
0x491519,99.3711%,1,158,159,0,1,0,158
0x81b79d,94.7368%,1,18,19,0,0,1,18
0x547a3c,75%,1,3,4,0,0,1,3
0x5960c9,92.3077%,1,12,13,0,0,1,12
0x503580,50%,1,1,2,0,0,1,1
0xace505,50%,1,1,2,1,1,0,0
0x77ae76,0%,1,0,1,0,1,0,0
0x40a945,50%,1,1,2,1,1,0,0
0x8e8c31,50%,1,1,2,1,1,0,0
0x9f5668,98.75%,1,79,80,79,1,0,0
0x67a075,83.3333%,1,5,6,5,1,0,0
0x494d42,99.375%,1,159,160,1,1,0,158
0x7c761f,75%,1,3,4,0,0,1,3
0x67f530,99.3902%,1,163,164,163,1,0,0
0xa9ffc0,66.6667%,1,2,3,2,1,0,0
0x4aad74,96.6667%,1,29,30,29,1,0,0
0x5960fb,92.3077%,1,12,13,0,0,1,12
0xa63bad,99.187%,1,122,123,122,1,0,0
0x8a6b1c,0%,1,0,1,0,1,0,0
0x8ed09e,88.8889%,1,8,9,8,1,0,0
0x805303,50%,1,1,2,0,0,1,1
0xa9956e,90.9091%,1,10,11,10,1,0,0
0xa95ae4,50%,1,1,2,1,1,0,0
0x9fe7bf,97.2973%,1,36,37,36,1,0,0
0xacabb9,96.4286%,1,27,28,27,1,0,0
0x670551,0%,1,0,1,0,1,0,0
0x8aab30,94.7368%,1,18,19,0,0,1,18
0x8db91d,99.5833%,1,239,240,223,1,0,16
0xa97b3b,50%,1,1,2,0,0,1,1
0x8db915,99.5833%,1,239,240,0,0,1,239
0x80a3ce,87.5%,1,7,8,3,1,0,4
0x8ec87f,50%,1,1,2,1,1,0,0
0x5bc9aa,75%,1,3,4,3,1,0,0
0x815e87,88.8889%,1,8,9,8,1,0,0
0x951a3f,99.3421%,1,151,152,151,1,0,0
0x8d4391,0%,1,0,1,0,1,0,0
0x5f3e65,0%,1,0,1,0,1,0,0
0x816456,50%,1,1,2,1,1,0,0
0x9d0c1d,98.0392%,1,50,51,50,1,0,0
0x49bd32,83.3333%,1,5,6,0,0,1,5
0xa3fdd3,96.4286%,1,27,28,0,0,1,27
0x8dc453,75%,1,3,4,3,1,0,0
0x63a695,97.2973%,1,36,37,36,1,0,0
0xa0822f,75%,1,3,4,3,1,0,0
0x5bec16,50%,1,1,2,1,1,0,0
0x53b2ff,50%,1,1,2,0,0,1,1
0x5badbc,50%,1,1,2,1,1,0,0
0x815f29,50%,1,1,2,1,1,0,0
0x6ccffe,83.3333%,1,5,6,0,0,1,5
0x59205d,75%,1,3,4,3,1,0,0
0x8ef5d3,99.2593%,1,134,135,0,0,1,134
0x8a69f9,80%,1,4,5,0,0,1,4
0x40f720,75%,1,3,4,0,0,1,3
0x538534,0%,1,0,1,0,0,1,0
0x5fa3d7,99.5475%,1,220,221,0,0,1,220
0x494fc4,83.3333%,1,5,6,5,1,0,0
0xa0f27c,83.3333%,1,5,6,0,0,1,5
0x53b3a1,50%,1,1,2,0,0,1,1
0xa7238b,75%,1,3,4,0,0,1,3
0x54dc32,97.4359%,1,38,39,38,1,0,0
0x8dfd26,99.5868%,1,241,242,241,1,0,0
0x4ab178,83.3333%,1,5,6,5,1,0,0
0xa50ada,92.8571%,1,13,14,0,0,1,13
0x90bf5b,99.1597%,1,118,119,118,1,0,0
0xa0bc82,83.3333%,1,5,6,5,1,0,0
0xa39a63,94.7368%,1,18,19,0,1,0,18
0x63aae6,99.8782%,1,820,821,820,1,0,0
0x5beec7,50%,1,1,2,0,0,1,1
0x94e8eb,96.6667%,1,29,30,0,0,1,29
0x88e6d0,97.4359%,1,38,39,38,1,0,0
0xa5066b,0%,1,0,1,0,0,1,0
0x909137,99.9171%,1,1206,1207,1206,1,0,0
0x788bde,98.1132%,1,52,53,52,1,0,0
0x67f6d8,99.0566%,1,105,106,0,0,1,105
0x9e6333,94.4444%,1,17,18,17,1,0,0
0x59a3e7,50%,1,1,2,1,1,0,0
0x8d222b,50%,1,1,2,0,0,1,1
0x809294,50%,1,1,2,0,0,1,1
0x666114,0%,1,0,1,0,1,0,0
0x5bc03b,50%,1,1,2,1,1,0,0
0x682269,97.0588%,1,33,34,33,1,0,0
0x7f0aba,0%,1,0,1,0,0,1,0
0x9a1f25,99.2537%,1,133,134,133,1,0,0
0xa042f2,50%,1,1,2,1,1,0,0
0x8f48aa,99.9277%,1,1382,1383,1382,1,0,0
0x8f7881,99.3631%,1,156,157,156,1,0,0
0x40b417,50%,1,1,2,0,0,1,1
0x5c370d,75%,1,3,4,3,1,0,0
0x404727,87.5%,1,7,8,7,1,0,0
0x5eb99a,50%,1,1,2,0,0,1,1
0x90c21b,99.8812%,1,841,842,841,1,0,0
0x9f042b,99.505%,1,201,202,201,1,0,0
0x8ea504,87.5%,1,7,8,7,1,0,0
0x5bebca,50%,1,1,2,1,1,0,0
0x9c3b4b,87.5%,1,7,8,0,0,1,7
0x8ec82d,50%,1,1,2,1,1,0,0
0x9e2a8d,98.6486%,1,73,74,73,1,0,0
0x5f3e48,0%,1,0,1,0,0,1,0
0x492d9e,50%,1,1,2,1,1,0,0
0x901337,50%,1,1,2,1,1,0,0
0x8fefbf,99.7167%,1,352,353,352,1,0,0
0x5f5e50,50%,1,1,2,1,1,0,0
0x5f4f8c,0%,1,0,1,0,1,0,0
0x8fd032,97.7273%,1,43,44,43,1,0,0
0xa95926,75%,1,3,4,3,1,0,0
0x7f12f8,85.7143%,1,6,7,0,0,1,6
0xa4e941,99.2754%,1,137,138,137,1,0,0
0x8ebe47,94.4444%,1,17,18,0,0,1,17
0x5b6070,0%,1,0,1,0,1,0,0
0x5c7951,98.75%,1,79,80,79,1,0,0
0x6f555f,99.6764%,1,308,309,308,1,0,0
0xb2ee7c,83.3333%,1,5,6,1,1,0,4
0x8fd240,50%,1,1,2,1,1,0,0
0x80af11,50%,1,1,2,1,0,1,0
0x8e26f5,99.9254%,1,1340,1341,1340,1,0,0
0x80c344,0%,1,0,1,0,1,0,0
0x496238,83.3333%,1,5,6,5,1,0,0
0x8ea4c7,93.75%,1,15,16,7,1,0,8
0x680df8,98.9474%,1,94,95,94,1,0,0
0x4ca09a,50%,1,1,2,0,0,1,1
0x4adc9c,97.5%,1,39,40,39,1,0,0
0x97b79e,98.5507%,1,68,69,0,0,1,68
0xa52da4,98.7013%,1,76,77,76,1,0,0
0x593203,92.8571%,1,13,14,13,1,0,0
0x90e13b,96.6667%,1,29,30,29,1,0,0
0x678d9d,95.6522%,1,22,23,22,1,0,0
0x8df513,87.5%,1,7,8,7,1,0,0
0xacda59,50%,1,1,2,0,0,1,1
0x805429,50%,1,1,2,0,0,1,1
0xa3d0b9,87.5%,1,7,8,7,1,0,0
0x8173b9,98.913%,1,91,92,0,0,1,91
0xa4f83b,50%,1,1,2,0,0,1,1
0x9e526b,90.9091%,1,10,11,10,1,0,0
0xa5ebe1,99.6429%,1,279,280,0,0,1,279
0x99e76a,92.3077%,1,12,13,12,1,0,0
0x9fc701,90%,1,9,10,9,1,0,0
0x8f5526,99.9413%,1,1702,1703,1702,1,0,0
0x68a9c5,0%,1,0,1,0,1,0,0
0x649e2a,50%,1,1,2,0,0,1,1
0xa958fb,75%,1,3,4,0,0,1,3
0x7bcce0,50%,1,1,2,0,0,1,1
0x49d13e,50%,1,1,2,1,1,0,0
0x9849d0,75%,1,3,4,3,1,0,0
0x8066d9,94.4444%,1,17,18,0,0,1,17
0xa9d23a,75%,1,3,4,3,1,0,0
0xa5d066,99.422%,1,172,173,172,1,0,0
0xb3abae,0%,1,0,1,0,0,1,0
0x49bc9f,83.3333%,1,5,6,0,0,1,5
0x77b9a1,96.4286%,1,27,28,27,1,0,0
0x7b8bae,0%,1,0,1,0,0,1,0
0xa945c2,50%,1,1,2,0,0,1,1
0x63af52,99.8782%,1,820,821,820,1,0,0
0x5f0a9d,66.6667%,1,2,3,0,0,1,2
0xb3abd8,0%,1,0,1,0,1,0,0
0xaccde8,66.6667%,1,2,3,1,1,0,1
0x403cfc,99.115%,1,112,113,0,0,1,112
0x4915ce,0%,1,0,1,0,0,1,0
0x8dabbf,97.7273%,1,43,44,43,1,0,0
0x692404,90%,1,9,10,0,0,1,9
0x59375b,99.8425%,1,634,635,634,1,0,0
0x9066e8,99.1935%,1,123,124,123,1,0,0
0x8ed90e,99.4709%,1,188,189,188,1,0,0
0x818a8f,99.661%,1,294,295,294,1,0,0
0xa07bb2,0%,1,0,1,0,1,0,0
0xa8fa1c,98.8235%,1,84,85,84,1,0,0
0xa0baab,0%,1,0,1,0,0,1,0
0x9eb2b2,50%,1,1,2,0,0,1,1
0x8eaef4,98.6111%,1,71,72,0,0,1,71
0xa2c1c7,50%,1,1,2,1,1,0,0
0xa4fe37,99.5708%,1,232,233,232,1,0,0
0x8ebe62,50%,1,1,2,1,1,0,0
0x90ba29,99.8255%,1,572,573,0,0,1,572
0x844440,75%,1,3,4,3,1,0,0
0x49c9ea,87.5%,1,7,8,7,1,0,0
0xa9471e,96.2963%,1,26,27,26,1,0,0
0xa43f67,98.4375%,1,63,64,63,1,0,0
0xa95a6c,75%,1,3,4,3,1,0,0
0xa95b31,50%,1,1,2,0,0,1,1
0x90a0a5,99.3289%,1,148,149,148,1,0,0
0x78b6fa,91.6667%,1,11,12,11,1,0,0
0x608502,90%,1,9,10,0,0,1,9
0xa041c3,80%,1,4,5,3,1,0,1
0x77b9fd,50%,1,1,2,0,0,1,1
0x4098a6,99.6774%,1,309,310,309,1,0,0
0x6114f1,96.7742%,1,30,31,0,0,1,30
0x492e5a,0%,1,0,1,0,0,1,0
0x403ce1,99.115%,1,112,113,0,0,1,112
0x4092c5,50%,1,1,2,1,1,0,0
0x8c8e91,83.3333%,1,5,6,0,0,1,5
0x8dc412,75%,1,3,4,3,1,0,0
0x8e4675,99.6721%,1,304,305,0,0,1,304
0xa380e5,80%,1,4,5,0,0,1,4
0x8ff9fb,99.1304%,1,114,115,114,1,0,0
0x6484d3,50%,1,1,2,1,1,0,0
0x8f2668,0%,1,0,1,0,0,1,0
0x4bc696,97.7273%,1,43,44,0,0,1,43
0xa91142,75%,1,3,4,3,1,0,0
0x5f35a6,85.7143%,1,6,7,6,1,0,0
0xa558f7,75%,1,3,4,2,0,1,1
0x5d06af,99.0909%,1,109,110,109,1,0,0
0x8a9ecf,99.4475%,1,180,181,180,1,0,0
0x63ce8a,99.5%,1,199,200,0,0,1,199
0x6d45db,99.3103%,1,144,145,144,1,0,0
0x8a6c18,99.0099%,1,100,101,0,0,1,100
0x550fff,95.2381%,1,20,21,0,0,1,20
0xa0b8a4,0%,1,0,1,0,0,1,0
0x63aea7,99.5851%,1,240,241,240,1,0,0
0x8f4bbe,91.6667%,1,11,12,5,1,0,6
0x4ada90,80%,1,4,5,0,0,1,4
0x63d177,99.5%,1,199,200,199,1,0,0
0x7d2298,0%,1,0,1,0,1,0,0
0xa21f3c,50%,1,1,2,0,1,0,1
0xa4c831,75%,1,3,4,0,0,1,3
0xaa1453,97.7778%,1,44,45,44,1,0,0
0x58c5ec,91.6667%,1,11,12,11,0,1,0
0x8ec75f,50%,1,1,2,0,0,1,1
0x59fdac,50%,1,1,2,0,0,1,1
0x49294b,50%,1,1,2,1,1,0,0
0x9e7d58,95.8333%,1,23,24,23,1,0,0
0x90967f,99.9461%,1,1856,1857,1856,1,0,0
0x55623a,50%,1,1,2,1,1,0,0
0xa08722,75%,1,3,4,0,0,1,3
0xa0b9c9,50%,1,1,2,1,1,0,0
0x48283a,50%,1,1,2,1,1,0,0
0x4b0d8c,50%,1,1,2,1,1,0,0
0x50ac93,95.2381%,1,20,21,0,0,1,20
0x8a6dbd,50%,1,1,2,1,1,0,0
0x80aa7b,50%,1,1,2,1,1,0,0
0x4b55cd,50%,1,1,2,1,1,0,0
0x9f01e7,50%,1,1,2,0,0,1,1
0xa0b9bd,50%,1,1,2,0,0,1,1
0x980c14,97.8723%,1,46,47,46,1,0,0
0x4036a9,94.7368%,1,18,19,18,1,0,0
0xa0b99b,83.3333%,1,5,6,2,1,0,3
0x9e04ff,98.2759%,1,57,58,57,1,0,0
0x5f6463,50%,1,1,2,1,1,0,0
0x90bbb1,95.4545%,1,21,22,21,1,0,0
0xa0b97a,66.6667%,1,2,3,1,1,0,1
0x4bd105,66.6667%,1,2,3,1,0,1,1
0x8f6bf9,93.3333%,1,14,15,14,1,0,0
0x918df3,99.5%,1,199,200,199,1,0,0
0xa0f33c,83.3333%,1,5,6,5,1,0,0
0x7d3001,98.0392%,1,50,51,50,1,0,0
0xa0b945,0%,1,0,1,0,0,1,0
0x978697,90%,1,9,10,9,1,0,0
0xa0298b,99.5633%,1,228,229,228,1,0,0
0x9f07d7,50%,1,1,2,0,0,1,1
0x4b7f9f,90.9091%,1,10,11,10,1,0,0
0x4aafd5,90.9091%,1,10,11,10,1,0,0
0x5bd6dd,99.6979%,1,330,331,330,1,0,0
0x5af26f,83.3333%,1,5,6,0,0,1,5
0x6491eb,50%,1,1,2,1,1,0,0
0x9e864d,97.561%,1,40,41,0,0,1,40
0x53e85c,75%,1,3,4,0,0,1,3
0x9f07c6,50%,1,1,2,0,0,1,1
0x5474f9,50%,1,1,2,1,1,0,0
0x9f07d2,50%,1,1,2,1,1,0,0
0x9a23d4,94.1176%,1,16,17,0,0,1,16
0x63ad5f,99.7396%,1,383,384,383,1,0,0
0x7d40e2,98.1132%,1,52,53,7,1,0,45
0xa64fdc,75%,1,3,4,3,1,0,0
0x4b0d64,50%,1,1,2,1,1,0,0
0x7c948b,75%,1,3,4,3,1,0,0
0x8efeae,88.8889%,1,8,9,8,1,0,0
0x63ccbd,99.5%,1,199,200,199,1,0,0
0x54f270,95.2381%,1,20,21,0,0,1,20
0x6d9f48,0%,1,0,1,0,1,0,0
0x909018,99.9461%,1,1856,1857,1856,1,0,0
0x8f3605,99.8379%,1,616,617,239,0,1,377
0x65a0bb,99.9335%,1,1503,1504,0,0,1,1503
0xa31fae,97.2222%,1,35,36,0,0,1,35
0x9813f7,50%,1,1,2,1,1,0,0
0xa9ff17,66.6667%,1,2,3,2,1,0,0
0x9bc96e,50%,1,1,2,1,1,0,0
0x9f02f7,50%,1,1,2,1,1,0,0
0x4a0329,96.4286%,1,27,28,27,1,0,0
0x90fbdf,99.5%,1,199,200,199,1,0,0
0xa47865,75%,1,3,4,3,0,1,0
0x99afa6,85.7143%,1,6,7,6,1,0,0
0x8a8f49,99.1071%,1,111,112,111,1,0,0
0x9f273e,98.8235%,1,84,85,0,0,1,84
0x5f2b6e,50%,1,1,2,1,1,0,0
0x7d310f,99.7151%,1,350,351,0,0,1,350
0x5bdb01,66.6667%,1,2,3,2,1,0,0
0x40af6c,50%,1,1,2,1,1,0,0
0x5f2b9d,50%,1,1,2,1,1,0,0
0x7d2559,75%,1,3,4,3,1,0,0
0x7d3118,99.7151%,1,350,351,350,1,0,0
0x98133c,92.3077%,1,12,13,12,1,0,0
0x96eab6,0%,1,0,1,0,0,1,0
0x8e423c,99.9565%,1,2298,2299,2298,1,0,0
0x9f02ba,98.9362%,1,93,94,0,0,1,93
0xa8f990,98.8235%,1,84,85,0,0,1,84
0xa478e6,95.4545%,1,21,22,8,0,1,13
0x4bbb51,99.5098%,1,203,204,203,1,0,0
0x8ab512,99.6732%,1,305,306,305,1,0,0
0xa25807,80%,1,4,5,4,1,0,0
0xa9d36b,50%,1,1,2,0,0,1,1
0x8e9ce2,80%,1,4,5,0,0,1,4
0x804d7f,50%,1,1,2,0,0,1,1
0x5f8889,99.0385%,1,103,104,7,1,0,96
0x4b0d42,50%,1,1,2,1,1,0,0
0xa3ac31,75%,1,3,4,3,1,0,0
0x81e935,98.6842%,1,75,76,75,1,0,0
0x8221cd,99.6337%,1,272,273,0,0,1,272
0x970fed,50%,1,1,2,1,1,0,0
0x837f01,83.3333%,1,5,6,0,0,1,5
0x94eb84,98.8889%,1,89,90,0,0,1,89
0x40abdb,80%,1,4,5,4,1,0,0
0x90b866,99.8959%,1,960,961,960,1,0,0
0xa258c1,80%,1,4,5,4,1,0,0
0x8e4b60,99.4382%,1,177,178,0,0,1,177
0x679a99,98.3607%,1,60,61,60,1,0,0
0xa1d7d2,50%,1,1,2,0,0,1,1
0x8ddb7c,99.1071%,1,111,112,111,1,0,0
0xa98423,50%,1,1,2,0,0,1,1
0x5904ba,50%,1,1,2,0,0,1,1
0x816f18,50%,1,1,2,0,0,1,1
0x48059a,97.3684%,1,37,38,0,1,0,37
0x491730,0%,1,0,1,0,1,0,0
0x50900a,95%,1,19,20,0,1,0,19
0x8f1fb2,97.4359%,1,38,39,38,1,0,0
0xa4165c,96%,1,24,25,0,0,1,24
0xa4114f,96%,1,24,25,0,0,1,24
0x787bf9,90.9091%,1,10,11,5,0,1,5
0xa0bc63,85.7143%,1,6,7,1,0,1,5
0x8eb79d,99.9649%,1,2848,2849,0,0,1,2848
0xb148a3,99.9765%,1,4257,4258,0,0,1,4257
0x511dda,99.7396%,1,383,384,383,1,0,0
0xa0b9e2,0%,1,0,1,0,0,1,0
0x606ad3,99.5556%,1,224,225,224,1,0,0
0x5be5bc,99.4118%,1,169,170,0,0,1,169
0x7d208e,85.7143%,1,6,7,0,0,1,6
0x5f099f,99.6622%,1,295,296,0,0,1,295
0xa662a0,96.2963%,1,26,27,26,1,0,0
0x9f5b31,91.6667%,1,11,12,0,0,1,11
0x666f27,75%,1,3,4,3,1,0,0
0x9f6d54,99.5413%,1,217,218,0,0,1,217
0x67549b,0%,1,0,1,0,0,1,0
0x81e660,92.3077%,1,12,13,12,1,0,0
0x96c211,96.1538%,1,25,26,0,0,1,25
0xa338fd,80%,1,4,5,4,1,0,0
0x98c9c6,99.0826%,1,108,109,108,1,0,0
0x404965,88.8889%,1,8,9,0,0,1,8
0x9f203a,75%,1,3,4,3,1,0,0
0xa0ba0d,80%,1,4,5,4,1,0,0
0x9e615d,91.6667%,1,11,12,11,1,0,0
0x59208d,75%,1,3,4,0,0,1,3
0x5f86ce,98.7179%,1,77,78,0,1,0,77
0x4c4034,100%,0,204,204,0,0,0,204
0xa92a31,100%,0,6,6,0,0,0,6
0x80f427,100%,0,4,4,0,0,0,4
0x5e17c7,100%,0,133,133,133,0,0,0
0x9110c8,100%,0,53,53,0,0,0,53
0x816f41,100%,0,5,5,5,0,0,0
0x64b50e,100%,0,2350,2350,0,0,0,2350
0x5542b9,100%,0,2,2,0,0,0,2
0x977708,100%,0,882,882,0,0,0,882
0x7840d5,100%,0,8,8,0,0,0,8
0x80f446,100%,0,8,8,0,0,0,8
0x64ce1b,100%,0,439,439,439,0,0,0
0x901867,100%,0,256,256,0,0,0,256
0x8097a2,100%,0,10,10,10,0,0,0
0x6388aa,100%,0,11,11,11,0,0,0
0xaa0117,100%,0,3,3,0,0,0,3
0xb2e5ed,100%,0,29249,29249,0,0,0,29249
0x4b5f7f,100%,0,4,4,0,0,0,4
0x649333,100%,0,2,2,2,0,0,0
0x5d3144,100%,0,4,4,4,0,0,0
0x8ec321,100%,0,1,1,0,0,0,1
0x7d3ec4,100%,0,3,3,0,0,0,3
0x590b55,100%,0,6,6,0,0,0,6
0xa37a8a,100%,0,10,10,0,0,0,10
0x59371c,100%,0,2,2,2,0,0,0
0x5d2044,100%,0,3,3,3,0,0,0
0xa3619b,100%,0,142,142,0,0,0,142
0x6f45d2,100%,0,6,6,0,0,0,6
0x78d186,100%,0,2,2,0,0,0,2
0x556df8,100%,0,8,8,0,0,0,8
0x5c4b9a,100%,0,1829,1829,0,0,0,1829
0xa4a84e,100%,0,2,2,0,0,0,2
0x8096d2,100%,0,2,2,0,0,0,2
0xa9deb8,100%,0,41,41,0,0,0,41
0xa9e9f4,100%,0,226,226,0,0,0,226
0x80b744,100%,0,1,1,0,0,0,1
0x9ff63b,100%,0,13,13,0,0,0,13
0x7c7410,100%,0,16,16,0,0,0,16
0xa65513,100%,0,4,4,4,0,0,0
0xaa00f2,100%,0,3,3,3,0,0,0
0x804e2b,100%,0,2,2,0,0,0,2
0xa9ff98,100%,0,3,3,3,0,0,0
0x814a59,100%,0,2,2,0,0,0,2
0x63bbd6,100%,0,3,3,0,0,0,3
0xa9f39c,100%,0,3,3,0,0,0,3
0xa5927f,100%,0,10,10,0,0,0,10
0x80ec6a,100%,0,368,368,368,0,0,0
0x8e1ce6,100%,0,2141,2141,0,0,0,2141
0xaa0613,100%,0,50,50,0,0,0,50
0x8ec309,100%,0,1,1,0,0,0,1
0x590710,100%,0,3,3,0,0,0,3
0xa2f8cf,100%,0,78,78,0,0,0,78
0x80f217,100%,0,4,4,4,0,0,0
0x4aabfb,100%,0,30,30,30,0,0,0
0x627782,100%,0,46,46,0,0,0,46
0x600275,100%,0,23,23,0,0,0,23
0xa05316,100%,0,4,4,0,0,0,4
0xa9f34b,100%,0,3,3,0,0,0,3
0x68b129,100%,0,4,4,0,0,0,4
0x5dadd8,100%,0,4,4,0,0,0,4
0xa46a43,100%,0,96,96,0,0,0,96
0x7d338c,100%,0,12,12,0,0,0,12
0x80ecab,100%,0,368,368,368,0,0,0
0xa929fd,100%,0,6,6,0,0,0,6
0x9d384b,100%,0,4,4,0,0,0,4
0xa37381,100%,0,32,32,0,0,0,32
0x8e0b74,100%,0,1977,1977,0,0,0,1977
0x977df7,100%,0,133,133,0,0,0,133
0x5f5224,100%,0,23,23,0,0,0,23
0x4039ce,100%,0,2,2,0,0,0,2
0xa3d156,100%,0,8,8,0,0,0,8
0xaa00bc,100%,0,3,3,0,0,0,3
0x8ece90,100%,0,995,995,0,0,0,995
0x81cd56,100%,0,172,172,0,0,0,172
0x8ec4dc,100%,0,2,2,0,0,0,2
0x80974d,100%,0,15,15,0,0,0,15
0xa5930b,100%,0,15,15,0,0,0,15
0x78d27d,100%,0,2,2,0,0,0,2
0x590a86,100%,0,18,18,18,0,0,0
0x64abd3,100%,0,8,8,0,0,0,8
0x8096ff,100%,0,7,7,2,0,0,5
0x8144b4,100%,0,534,534,0,0,0,534
0xa2107c,100%,0,1,1,0,0,0,1
0x78182e,100%,0,6,6,0,0,0,6
0xa45fd4,100%,0,4,4,4,0,0,0
0x80f356,100%,0,4,4,0,0,0,4
0x7227eb,100%,0,1303,1303,0,0,0,1303
0xb49ca7,100%,0,3,3,0,0,0,3
0x6672e0,100%,0,31,31,0,0,0,31
0x4c54c3,100%,0,1,1,1,0,0,0
0xa9c5f7,100%,0,42,42,0,0,0,42
0x96b243,100%,0,32,32,32,0,0,0
0x7c719b,100%,0,44,44,0,0,0,44
0x9f86ee,100%,0,3,3,0,0,0,3
0x80972f,100%,0,5,5,0,0,0,5
0xa9f30e,100%,0,3,3,0,0,0,3
0x8dc448,100%,0,4,4,0,0,0,4
0x911447,100%,0,689,689,689,0,0,0
0x4b6995,100%,0,115,115,115,0,0,0
0x4039df,100%,0,2,2,2,0,0,0
0xa9291b,100%,0,6,6,0,0,0,6
0x8039cc,100%,0,2,2,0,0,0,2
0x5d2f9b,100%,0,4,4,0,0,0,4
0xa6b458,100%,0,4,4,0,0,0,4
0x80f45f,100%,0,8,8,4,0,0,4
0x99c694,100%,0,151,151,151,0,0,0
0x65bbd4,100%,0,505,505,0,0,0,505
0x4fdcab,100%,0,82,82,0,0,0,82
0x5d2f46,100%,0,4,4,0,0,0,4
0x80e856,100%,0,24,24,0,0,0,24
0x8e2ade,100%,0,1140,1140,0,0,0,1140
0x49beab,100%,0,2,2,0,0,0,2
0x80f322,100%,0,4,4,4,0,0,0
0x8e932f,100%,0,3,3,0,0,0,3
0xa2865a,100%,0,1,1,0,0,0,1
0xa36c68,100%,0,2,2,0,0,0,2
0x4bb2f8,100%,0,15,15,15,0,0,0
0x4c3974,100%,0,13,13,0,0,0,13
0x8ee7d1,100%,0,39,39,0,0,0,39
0x888607,100%,0,2,2,2,0,0,0
0x5d148b,100%,0,4,4,4,0,0,0
0x6663dd,100%,0,2,2,0,0,0,2
0x80e9d1,100%,0,28,28,0,0,0,28
0x48ea14,100%,0,85,85,0,0,0,85
0x40a00f,100%,0,1,1,0,0,0,1
0xa5940e,100%,0,341,341,0,0,0,341
0x80f675,100%,0,30,30,0,0,0,30
0x54fbed,100%,0,1,1,1,0,0,0
0x80d84f,100%,0,4,4,0,0,0,4
0x94352b,100%,0,75,75,0,0,0,75
0x49be87,100%,0,2,2,0,0,0,2
0x80f1e5,100%,0,170,170,170,0,0,0
0x7d3e86,100%,0,3,3,0,0,0,3
0xa1a02f,100%,0,13,13,0,0,0,13
0xa9c5ed,100%,0,42,42,0,0,0,42
0x804d56,100%,0,2,2,0,0,0,2
0x77b9ed,100%,0,24,24,0,0,0,24
0xaa7dbe,100%,0,7,7,0,0,0,7
0x4418ee,100%,0,11,11,0,0,0,11
0xa9626f,100%,0,4,4,0,0,0,4
0x980b6b,100%,0,3,3,3,0,0,0
0x596cf1,100%,0,1342,1342,404,0,0,938
0xa4c6e5,100%,0,4,4,0,0,0,4
0x80d981,100%,0,106,106,0,0,0,106
0x80bab1,100%,0,44,44,0,0,0,44
0x554ca0,100%,0,64,64,0,0,0,64
0x81670f,100%,0,8,8,0,0,0,8
0x490cd6,100%,0,9,9,0,0,0,9
0xa917b4,100%,0,32,32,0,0,0,32
0x8116e7,100%,0,618,618,0,0,0,618
0x8151ed,100%,0,8,8,0,0,0,8
0x5eb9b5,100%,0,2,2,0,0,0,2
0x908f39,100%,0,1789,1789,978,0,0,811
0x64af15,100%,0,64,64,0,0,0,64
0x8062a3,100%,0,2,2,0,0,0,2
0x8aab89,100%,0,852,852,0,0,0,852
0x63f32e,100%,0,2,2,0,0,0,2
0x670b55,100%,0,2,2,2,0,0,0
0x499a5d,100%,0,153,153,153,0,0,0
0xa964d1,100%,0,4,4,4,0,0,0
0x80de0a,100%,0,57,57,57,0,0,0
0x780a36,100%,0,14,14,0,0,0,14
0x48f8ae,100%,0,6,6,0,0,0,6
0x80babd,100%,0,44,44,0,0,0,44
0x80bb16,100%,0,5,5,0,0,0,5
0xa583b8,100%,0,123,123,0,0,0,123
0x9ede99,100%,0,2,2,2,0,0,0
0x4b90a7,100%,0,4,4,4,0,0,0
0x554441,100%,0,4,4,4,0,0,0
0x4a65cc,100%,0,3,3,0,0,0,3
0x81c721,100%,0,70,70,0,0,0,70
0x5b2a94,100%,0,45,45,0,0,0,45
0x8bb0fa,100%,0,406,406,406,0,0,0
0x809ac0,100%,0,2,2,0,0,0,2
0x81492d,100%,0,330,330,0,0,0,330
0xb28b1a,100%,0,2818,2818,0,0,0,2818
0x8e5371,100%,0,16,16,16,0,0,0
0x80d600,100%,0,2,2,0,0,0,2
0xa9c7ee,100%,0,10,10,0,0,0,10
0x591370,100%,0,546,546,0,0,0,546
0xa9cd85,100%,0,4,4,0,0,0,4
0x541f91,100%,0,848,848,0,0,0,848
0xa99d51,100%,0,11,11,0,0,0,11
0xa9948e,100%,0,7,7,0,0,0,7
0xa998d8,100%,0,2,2,0,0,0,2
0x8ea07e,100%,0,3,3,0,0,0,3
0xa44768,100%,0,52,52,0,0,0,52
0x804dcf,100%,0,4,4,0,0,0,4
0x8deeb7,100%,0,8,8,0,0,0,8
0x810a05,100%,0,8,8,8,0,0,0
0x8a874b,100%,0,2,2,0,0,0,2
0x816231,100%,0,2,2,0,0,0,2
0xa9f3cf,100%,0,16,16,16,0,0,0
0x541bf5,100%,0,54,54,0,0,0,54
0x81099c,100%,0,20,20,0,0,0,20
0x58c4ae,100%,0,12,12,12,0,0,0
0x80d971,100%,0,106,106,0,0,0,106
0x65ad65,100%,0,1,1,0,0,0,1
0xb46930,100%,0,26,26,26,0,0,0
0xa9db93,100%,0,2,2,2,0,0,0
0x9ff7a1,100%,0,2,2,0,0,0,2
0xa9ba4a,100%,0,11,11,0,0,0,11
0x8f1dac,100%,0,8,8,0,0,0,8
0xa9d082,100%,0,2,2,2,0,0,0
0x9f0ebf,100%,0,38,38,38,0,0,0
0xa3554d,100%,0,8,8,8,0,0,0
0xa985bb,100%,0,4,4,4,0,0,0
0x48a615,100%,0,45,45,0,0,0,45
0x7d41f7,100%,0,1,1,0,0,0,1
0x8be63f,100%,0,18,18,18,0,0,0
0x402231,100%,0,1710,1710,0,0,0,1710
0x9abaa6,100%,0,803,803,0,0,0,803
0xa99c5c,100%,0,4,4,0,0,0,4
0x49b264,100%,0,2,2,0,0,0,2
0x8e798a,100%,0,240,240,0,0,0,240
0x7c7246,100%,0,9,9,0,0,0,9
0x8a887a,100%,0,2,2,2,0,0,0
0x8eca65,100%,0,70,70,0,0,0,70
0x64b1f1,100%,0,921,921,921,0,0,0
0x64b659,100%,0,784,784,784,0,0,0
0x9f1a25,100%,0,10,10,10,0,0,0
0x4c2421,100%,0,9,9,9,0,0,0
0x5c6c80,100%,0,1668,1668,1668,0,0,0
0xa93fbc,100%,0,12,12,12,0,0,0
0xa36754,100%,0,72,72,0,0,0,72
0xaae484,100%,0,13,13,0,0,0,13
0xa9b644,100%,0,6,6,0,0,0,6
0xa9818b,100%,0,2,2,0,0,0,2
0x80bdca,100%,0,5,5,0,0,0,5
0xa5b436,100%,0,4,4,4,0,0,0
0xa9b65c,100%,0,6,6,6,0,0,0
0x7c6608,100%,0,24,24,24,0,0,0
0x4ba29f,100%,0,505,505,505,0,0,0
0x80be67,100%,0,5,5,0,0,0,5
0xa99e01,100%,0,15,15,15,0,0,0
0x8e39bd,100%,0,32,32,0,0,0,32
0x8e9392,100%,0,4,4,0,0,0,4
0x61a291,100%,0,5,5,5,0,0,0
0x48f897,100%,0,18,18,0,0,0,18
0x65b1a6,100%,0,13,13,13,0,0,0
0x99eac5,100%,0,15,15,15,0,0,0
0x8eb0d9,100%,0,6,6,0,0,0,6
0x81b3c9,100%,0,708,708,0,0,0,708
0x547469,100%,0,61,61,0,0,0,61
0x815e7b,100%,0,9,9,0,0,0,9
0x8efd7d,100%,0,11,11,0,0,0,11
0x808062,100%,0,2,2,0,0,0,2
0x7afc42,100%,0,2,2,2,0,0,0
0x811b02,100%,0,2,2,0,0,0,2
0xa9bb5b,100%,0,4,4,0,0,0,4
0x5eaecb,100%,0,4,4,0,0,0,4
0xa9f104,100%,0,4,4,4,0,0,0
0xa998ea,100%,0,1,1,0,0,0,1
0x402ee8,100%,0,6,6,0,0,0,6
0x8d285a,100%,0,17,17,0,0,0,17
0x806018,100%,0,222,222,0,0,0,222
0x80bc24,100%,0,394,394,0,0,0,394
0x817e19,100%,0,12,12,0,0,0,12
0xa7223f,100%,0,7,7,0,0,0,7
0xa5757a,100%,0,41,41,0,0,0,41
0x9a0c05,100%,0,28,28,0,0,0,28
0x606d9b,100%,0,8,8,8,0,0,0
0x904381,100%,0,498,498,0,0,0,498
0x8eca3a,100%,0,70,70,0,0,0,70
0x815ca4,100%,0,41,41,0,0,0,41
0xa9b7d3,100%,0,88,88,0,0,0,88
0x78070b,100%,0,54,54,0,0,0,54
0xa96209,100%,0,24,24,0,0,0,24
0xa5968b,100%,0,29,29,0,0,0,29
0x8e5ee9,100%,0,32,32,0,0,0,32
0xa46460,100%,0,193,193,0,0,0,193
0x80e97b,100%,0,838,838,838,0,0,0
0x8216ab,100%,0,332,332,0,0,0,332
0x80976d,100%,0,5,5,5,0,0,0
0x9b909e,100%,0,9,9,9,0,0,0
0x8dec3c,100%,0,6,6,6,0,0,0
0x5dfe34,100%,0,4,4,4,0,0,0
0xa9f2d1,100%,0,3,3,0,0,0,3
0x97a12b,100%,0,2,2,2,0,0,0
0x49e9d0,100%,0,2922,2922,0,0,0,2922
0x80dc5d,100%,0,114,114,0,0,0,114
0x80f5c7,100%,0,3450,3450,0,0,0,3450
0xb2e6e2,100%,0,7995,7995,0,0,0,7995
0x7d3ebb,100%,0,3,3,0,0,0,3
0x80dbe7,100%,0,220,220,220,0,0,0
0x40eda6,100%,0,8,8,0,0,0,8
0x441957,100%,0,11,11,0,0,0,11
0x5d2e79,100%,0,18,18,18,0,0,0
0x8e0050,100%,0,12,12,12,0,0,0
0x590ca2,100%,0,20,20,0,0,0,20
0x590cc4,100%,0,22,22,0,0,0,22
0x5b8f34,100%,0,4,4,4,0,0,0
0xa99c8c,100%,0,4,4,0,0,0,4
0xa92a17,100%,0,6,6,0,0,0,6
0x4c3862,100%,0,13,13,0,0,0,13
0x80e7e0,100%,0,526,526,0,0,0,526
0x7c67f4,100%,0,2,2,0,0,0,2
0x9bc833,100%,0,172,172,0,0,0,172
0xa58f18,100%,0,119,119,0,0,0,119
0x809862,100%,0,5,5,0,0,0,5
0x8f2f54,100%,0,2,2,2,0,0,0
0x58d618,100%,0,3,3,0,0,0,3
0x68160e,100%,0,6,6,0,0,0,6
0x837a26,100%,0,20,20,0,0,0,20
0x838aba,100%,0,3,3,0,0,0,3
0x59f783,100%,0,4,4,4,0,0,0
0x4995fa,100%,0,127,127,0,0,0,127
0x64b458,100%,0,21131,21131,0,0,0,21131
0x5f3def,100%,0,4,4,0,0,0,4
0x96e3c9,100%,0,1,1,1,0,0,0
0x5db575,100%,0,4,4,0,0,0,4
0x489ddd,100%,0,2176,2176,2176,0,0,0
0x8107b1,100%,0,742,742,0,0,0,742
0x54d464,100%,0,6,6,0,0,0,6
0x80eb8e,100%,0,368,368,0,0,0,368
0x80ebdf,100%,0,368,368,0,0,0,368
0x9fbf8f,100%,0,306,306,0,0,0,306
0xa9ed4c,100%,0,81,81,0,0,0,81
0x814a8e,100%,0,63,63,0,0,0,63
0x810722,100%,0,742,742,0,0,0,742
0x810205,100%,0,798,798,0,0,0,798
0x807074,100%,0,392,392,0,0,0,392
0x590c7a,100%,0,20,20,0,0,0,20
0x8f4474,100%,0,1,1,1,0,0,0
0x7f0ccb,100%,0,25,25,25,0,0,0
0x49214a,100%,0,1,1,0,0,0,1
0x8bd8ca,100%,0,18,18,0,0,0,18
0x48d9dd,100%,0,474,474,0,0,0,474
0x8e21af,100%,0,4,4,0,0,0,4
0x7c7b78,100%,0,97,97,0,0,0,97
0x9d0b63,100%,0,51,51,0,0,0,51
0x5f7a47,100%,0,207,207,0,0,0,207
0x9d6855,100%,0,2,2,0,0,0,2
0x8dec7f,100%,0,6,6,0,0,0,6
0x5d147f,100%,0,4,4,0,0,0,4
0xa91931,100%,0,17,17,0,0,0,17
0x5c562a,100%,0,5,5,0,0,0,5
0x64ad2d,100%,0,21035,21035,0,0,0,21035
0xa3fedb,100%,0,6,6,0,0,0,6
0x40abc9,100%,0,5,5,5,0,0,0
0x4b75e5,100%,0,11,11,11,0,0,0
0x80d6c6,100%,0,4,4,4,0,0,0
0x809a48,100%,0,3,3,0,0,0,3
0x80d6a0,100%,0,2,2,0,0,0,2
0x80d73f,100%,0,4,4,0,0,0,4
0x909096,100%,0,1857,1857,1857,0,0,0
0x5cba2b,100%,0,131,131,0,0,0,131
0x80e738,100%,0,150,150,150,0,0,0
0x78ab81,100%,0,72,72,0,0,0,72
0x65b158,100%,0,13,13,0,0,0,13
0x5cf4b8,100%,0,33,33,0,0,0,33
0x59e6a2,100%,0,8,8,8,0,0,0
0xae6fe6,100%,0,2,2,0,0,0,2
0x81b648,100%,0,2,2,0,0,0,2
0xa96557,100%,0,4,4,0,0,0,4
0x480975,100%,0,19,19,0,0,0,19
0x80d68a,100%,0,2,2,0,0,0,2
0x9439f2,100%,0,5,5,0,0,0,5
0xa99f67,100%,0,10,10,0,0,0,10
0x81e28b,100%,0,1,1,0,0,0,1
0xa95fa2,100%,0,8,8,0,0,0,8
0x538cfd,100%,0,11,11,0,0,0,11
0x606ea1,100%,0,10,10,0,0,0,10
0x80d912,100%,0,106,106,0,0,0,106
0xa97e21,100%,0,9,9,0,0,0,9
0xa56e34,100%,0,2,2,0,0,0,2
0x7810cd,100%,0,51,51,0,0,0,51
0x5da2cb,100%,0,4,4,4,0,0,0
0x9fc0fd,100%,0,306,306,0,0,0,306
0xa02772,100%,0,27,27,0,0,0,27
0xa58eee,100%,0,119,119,0,0,0,119
0x8098b6,100%,0,11,11,6,0,0,5
0x8f55b0,100%,0,1703,1703,1703,0,0,0
0x81cd84,100%,0,177,177,0,0,0,177
0x7c6704,100%,0,8,8,0,0,0,8
0x51b51d,100%,0,19,19,19,0,0,0
0x811634,100%,0,2,2,0,0,0,2
0x78b694,100%,0,12,12,0,0,0,12
0x814e89,100%,0,22,22,0,0,0,22
0x9e77a9,100%,0,7,7,0,0,0,7
0x5937db,100%,0,19,19,0,0,0,19
0xa9ef22,100%,0,4,4,2,0,0,2
0xa5b4ed,100%,0,9,9,0,0,0,9
0x8f2171,100%,0,37,37,0,0,0,37
0x781928,100%,0,156,156,156,0,0,0
0x8ec9bf,100%,0,4,4,0,0,0,4
0xa07982,100%,0,1,1,1,0,0,0
0x8debaf,100%,0,6,6,6,0,0,0
0x63a6b9,100%,0,200,200,200,0,0,0
0x8dec29,100%,0,6,6,6,0,0,0
0xa99c72,100%,0,4,4,0,0,0,4
0x99f0fc,100%,0,12,12,12,0,0,0
0x554c6c,100%,0,64,64,0,0,0,64
0x8ec976,100%,0,4,4,0,0,0,4
0x5db631,100%,0,4,4,0,0,0,4
0xa4cfa9,100%,0,8,8,0,0,0,8
0xaa7f0d,100%,0,12,12,0,0,0,12
0x5111f0,100%,0,734,734,0,0,0,734
0x7cf542,100%,0,8,8,8,0,0,0
0x9e7ded,100%,0,4,4,0,0,0,4
0x94c5b2,100%,0,104,104,0,0,0,104
0x4c5d8d,100%,0,8,8,0,0,0,8
0xa28015,100%,0,10,10,10,0,0,0
0x5501b2,100%,0,136,136,0,0,0,136
0x807b40,100%,0,123,123,123,0,0,0
0x5a60d7,100%,0,4,4,0,0,0,4
0x94e97c,100%,0,30,30,0,0,0,30
0x78ac0c,100%,0,4,4,0,0,0,4
0x900735,100%,0,135,135,0,0,0,135
0x8e2089,100%,0,220,220,0,0,0,220
0x501d1e,100%,0,5,5,5,0,0,0
0x94ea67,100%,0,28,28,0,0,0,28
0x4a5be7,100%,0,55,55,0,0,0,55
0x9fbade,100%,0,306,306,306,0,0,0
0x900840,100%,0,579,579,0,0,0,579
0x8e5ed7,100%,0,32,32,0,0,0,32
0x4c8078,100%,0,22,22,0,0,0,22
0x8fbf94,100%,0,739,739,739,0,0,0
0x405a93,100%,0,432,432,0,0,0,432
0x4c7f1a,100%,0,4,4,0,0,0,4
0xa69f80,100%,0,4,4,4,0,0,0
0xa37a13,100%,0,10,10,0,0,0,10
0x5e3ac7,100%,0,3,3,3,0,0,0
0x97734a,100%,0,6,6,6,0,0,0
0xa37a97,100%,0,7,7,7,0,0,0
0x4c7f15,100%,0,4,4,0,0,0,4
0x4c76dd,100%,0,4,4,0,0,0,4
0x4c769b,100%,0,4,4,0,0,0,4
0x4c47bf,100%,0,60,60,60,0,0,0
0x649e32,100%,0,2,2,2,0,0,0
0x4c7278,100%,0,18,18,18,0,0,0
0x4c7138,100%,0,1,1,1,0,0,0
0xa960b3,100%,0,26,26,0,0,0,26
0x4c44ed,100%,0,14,14,0,0,0,14
0x90cf63,100%,0,599,599,0,0,0,599
0xa17fa3,100%,0,375,375,0,0,0,375
0xa17f96,100%,0,375,375,0,0,0,375
0xb326b8,100%,0,6442,6442,0,0,0,6442
0x8ebe0a,100%,0,18,18,0,0,0,18
0xa17ede,100%,0,921,921,0,0,0,921
0x9e3f9a,100%,0,253,253,253,0,0,0
0x5b2938,100%,0,2,2,2,0,0,0
0x4c4856,100%,0,60,60,60,0,0,0
0x948909,100%,0,22,22,22,0,0,0
0x4bf1a5,100%,0,15,15,15,0,0,0
0xa438b2,100%,0,12,12,12,0,0,0
0x9eca3e,100%,0,4,4,0,0,0,4
0x972cbd,100%,0,140,140,0,0,0,140
0x4bf177,100%,0,15,15,0,0,0,15
0xa69e14,100%,0,4,4,0,0,0,4
0xa33069,100%,0,284,284,0,0,0,284
0x8b9b97,100%,0,9393,9393,0,0,0,9393
0x591f4d,100%,0,70,70,0,0,0,70
0x5970f8,100%,0,435,435,0,0,0,435
0x8d266a,100%,0,8339,8339,0,0,0,8339
0x5970e4,100%,0,460,460,0,0,0,460
0x8f4bfa,100%,0,176,176,0,0,0,176
0x611539,100%,0,65,65,0,0,0,65
0x8e535d,100%,0,16,16,0,0,0,16
0x59f5b8,100%,0,4,4,4,0,0,0
0x977204,100%,0,2,2,0,0,0,2
0xa1aadc,100%,0,5,5,0,0,0,5
0x63e541,100%,0,958,958,0,0,0,958
0x977012,100%,0,2,2,0,0,0,2
0x4c6566,100%,0,28,28,0,0,0,28
0x67a09a,100%,0,6,6,0,0,0,6
0x4c649f,100%,0,28,28,0,0,0,28
0x48872b,100%,0,396,396,0,0,0,396
0xa94ced,100%,0,4,4,4,0,0,0
0x8efe5a,100%,0,14,14,0,0,0,14
0xa15dd5,100%,0,8,8,8,0,0,0
0x4b6c16,100%,0,9,9,0,0,0,9
0xa0606e,100%,0,1,1,0,0,0,1
0x81f466,100%,0,4,4,0,0,0,4
0x5d90b2,100%,0,137,137,0,0,0,137
0xa4a30c,100%,0,18,18,0,0,0,18
0x54ef68,100%,0,43,43,0,0,0,43
0x4bf186,100%,0,15,15,0,0,0,15
0x908299,100%,0,2148,2148,0,0,0,2148
0xa46a4b,100%,0,96,96,0,0,0,96
0x4c5eba,100%,0,43,43,0,0,0,43
0x9e001d,100%,0,1074,1074,0,0,0,1074
0x4c5c38,100%,0,32,32,0,0,0,32
0x7c9b21,100%,0,4,4,0,0,0,4
0x556045,100%,0,242,242,0,0,0,242
0x901639,100%,0,72,72,0,0,0,72
0xa06aa1,100%,0,2,2,0,0,0,2
0x9488ed,100%,0,22,22,0,0,0,22
0xa04413,100%,0,1,1,0,0,0,1
0x9488dd,100%,0,22,22,0,0,0,22
0x8052cd,100%,0,2,2,0,0,0,2
0x94ee55,100%,0,30,30,0,0,0,30
0x9488bc,100%,0,39,39,0,0,0,39
0xa077e5,100%,0,2,2,0,0,0,2
0x9487b9,100%,0,39,39,0,0,0,39
0x94879d,100%,0,39,39,0,0,0,39
0x4c7631,100%,0,4,4,4,0,0,0
0x969266,100%,0,199,199,0,0,0,199
0xa366ec,100%,0,152,152,0,0,0,152
0x7955dd,100%,0,13,13,0,0,0,13
0x5a61dd,100%,0,4,4,0,0,0,4
0x4c7486,100%,0,18,18,0,0,0,18
0xa47070,100%,0,22,22,0,0,0,22
0x4c68b6,100%,0,8,8,0,0,0,8
0x991302,100%,0,108,108,0,0,0,108
0x4c673a,100%,0,22,22,0,0,0,22
0x492f99,100%,0,34,34,34,0,0,0
0x4b9743,100%,0,10,10,0,0,0,10
0x4857ff,100%,0,15,15,15,0,0,0
0x7808ba,100%,0,2,2,0,0,0,2
0x60dbb5,100%,0,274,274,0,0,0,274
0xa8f9ef,100%,0,85,85,85,0,0,0
0xa2d49c,100%,0,4,4,0,0,0,4
0x5107bd,100%,0,11,11,11,0,0,0
0x97724d,100%,0,2,2,0,0,0,2
0x64af0c,100%,0,64,64,0,0,0,64
0x99dc71,100%,0,15,15,0,0,0,15
0x49c192,100%,0,95,95,0,0,0,95
0xaab7f4,100%,0,99,99,0,0,0,99
0x4bd5fc,100%,0,7,7,0,0,0,7
0x7dfc60,100%,0,8,8,0,0,0,8
0xb47654,100%,0,16,16,0,0,0,16
0x9cfc6f,100%,0,8,8,0,0,0,8
0x88a03e,100%,0,17,17,0,0,0,17
0x555ded,100%,0,20,20,0,0,0,20
0xa45e72,100%,0,4,4,0,0,0,4
0x9f83ef,100%,0,2,2,2,0,0,0
0xa30071,100%,0,228,228,0,0,0,228
0x48790d,100%,0,2,2,0,0,0,2
0x543ef1,100%,0,187,187,0,0,0,187
0x6983a9,100%,0,13,13,0,0,0,13
0x4bc8fe,100%,0,12,12,12,0,0,0
0x4a95a8,100%,0,10,10,0,0,0,10
0x558106,100%,0,362,362,362,0,0,0
0x404934,100%,0,259,259,0,0,0,259
0xb3277c,100%,0,6442,6442,0,0,0,6442
0x9f63db,100%,0,3,3,0,0,0,3
0x5580be,100%,0,93,93,93,0,0,0
0x9f0e4a,100%,0,36,36,0,0,0,36
0x9848e5,100%,0,4,4,0,0,0,4
0x4b8462,100%,0,16,16,16,0,0,0
0xa465f2,100%,0,112,112,0,0,0,112
0x4b6ca2,100%,0,18,18,9,0,0,9
0x6757c5,100%,0,1,1,1,0,0,0
0x8f6ded,100%,0,22,22,0,0,0,22
0x78c02c,100%,0,2,2,0,0,0,2
0x8fdefb,100%,0,33500,33500,0,0,0,33500
0x8e53c8,100%,0,16,16,0,0,0,16
0x94b0f6,100%,0,207,207,207,0,0,0
0x4c3986,100%,0,13,13,0,0,0,13
0x8ad8e6,100%,0,2,2,0,0,0,2
0x94ae3f,100%,0,564,564,564,0,0,0
0x80aede,100%,0,1,1,0,0,0,1
0x4c3881,100%,0,13,13,0,0,0,13
0x94b396,100%,0,406,406,406,0,0,0
0x543754,100%,0,34,34,0,0,0,34
0x4c3833,100%,0,13,13,0,0,0,13
0xa944c6,100%,0,29,29,0,0,0,29
0x99d843,100%,0,2,2,0,0,0,2
0x48da49,100%,0,46,46,0,0,0,46
0x977209,100%,0,2,2,2,0,0,0
0x54872a,100%,0,2353,2353,0,0,0,2353
0x4c3826,100%,0,13,13,0,0,0,13
0x4c26c8,100%,0,13,13,13,0,0,0
0xa92943,100%,0,6,6,0,0,0,6
0x8fd2c0,100%,0,4,4,0,0,0,4
0x8eb04f,100%,0,6,6,0,0,0,6
0x9f454a,100%,0,80,80,0,0,0,80
0x533894,100%,0,18,18,0,0,0,18
0x783e13,100%,0,11,11,11,0,0,0
0x533dce,100%,0,2,2,0,0,0,2
0x50ad46,100%,0,111,111,0,0,0,111
0x4bd18a,100%,0,4,4,0,0,0,4
0xb30541,100%,0,5,5,5,0,0,0
0x9e2236,100%,0,2,2,2,0,0,0
0x9edcbf,100%,0,64,64,0,0,0,64
0x7cd9bd,100%,0,8,8,8,0,0,0
0x8164b9,100%,0,2,2,2,0,0,0
0x9022c1,100%,0,201,201,201,0,0,0
0xa90025,100%,0,164,164,0,0,0,164
0x97a46f,100%,0,18,18,0,0,0,18
0x5be2f4,100%,0,85,85,0,0,0,85
0x403cb5,100%,0,105,105,0,0,0,105
0x555bda,100%,0,38,38,0,0,0,38
0x4bed7f,100%,0,26,26,2,0,0,24
0x404012,100%,0,10,10,0,0,0,10
0xa8f81b,100%,0,4,4,0,0,0,4
0x94d117,100%,0,47,47,0,0,0,47
0x8f54b0,100%,0,12,12,0,0,0,12
0x8bb21a,100%,0,78,78,78,0,0,0
0x4bfe44,100%,0,34,34,34,0,0,0
0x4c491b,100%,0,2,2,2,0,0,0
0x4a84aa,100%,0,92,92,92,0,0,0
0xa4b648,100%,0,6,6,0,0,0,6
0x65b1da,100%,0,13,13,0,0,0,13
0x5a076c,100%,0,2,2,0,0,0,2
0x94f1ae,100%,0,1,1,0,0,0,1
0x512904,100%,0,25,25,25,0,0,0
0xa1809d,100%,0,689,689,0,0,0,689
0x815f91,100%,0,2,2,0,0,0,2
0x4c74a5,100%,0,18,18,0,0,0,18
0x9498fa,100%,0,53,53,0,0,0,53
0x4bf387,100%,0,37,37,0,0,0,37
0x8a8e02,100%,0,2,2,0,0,0,2
0x4b8942,100%,0,11,11,0,0,0,11
0x944668,100%,0,24,24,24,0,0,0
0x677bd4,100%,0,30,30,0,0,0,30
0x8f6ce0,100%,0,45,45,0,0,0,45
0x8bbd49,100%,0,2,2,2,0,0,0
0xa43c8b,100%,0,281,281,0,0,0,281
0x80533e,100%,0,2,2,0,0,0,2
0x672323,100%,0,2,2,0,0,0,2
0x8eb0b4,100%,0,6,6,0,0,0,6
0x4c4c0a,100%,0,13,13,0,0,0,13
0x49b174,100%,0,2,2,0,0,0,2
0x7b2a8c,100%,0,44,44,0,0,0,44
0x83373a,100%,0,2,2,0,0,0,2
0xb3136d,100%,0,969,969,0,0,0,969
0x945fdf,100%,0,19,19,19,0,0,0
0x5d86ea,100%,0,252,252,0,0,0,252
0x8bcc73,100%,0,15,15,15,0,0,0
0x945fd6,100%,0,19,19,0,0,0,19
0x5f0ae0,100%,0,1,1,0,0,0,1
0x8f6c9e,100%,0,15,15,0,0,0,15
0xa3d1ae,100%,0,8,8,0,0,0,8
0x55b3a3,100%,0,1049,1049,0,0,0,1049
0x8f569a,100%,0,12,12,0,0,0,12
0xa98830,100%,0,15,15,0,0,0,15
0x9f9ae8,100%,0,109,109,109,0,0,0
0x596114,100%,0,11,11,0,0,0,11
0xaaaeaa,100%,0,130,130,0,0,0,130
0xa31497,100%,0,52,52,0,0,0,52
0x7ac776,100%,0,12,12,0,0,0,12
0x8109b4,100%,0,20,20,0,0,0,20
0x49145b,100%,0,158,158,0,0,0,158
0xa050b7,100%,0,1,1,0,0,0,1
0xa31ef4,100%,0,36,36,0,0,0,36
0x8e3d56,100%,0,298,298,298,0,0,0
0x4c4561,100%,0,17,17,17,0,0,0
0x8ff71e,100%,0,7,7,0,0,0,7
0x4c454a,100%,0,17,17,0,0,0,17
0x8e2f71,100%,0,1977,1977,0,0,0,1977
0x4c803a,100%,0,69,69,0,0,0,69
0x48ea35,100%,0,364,364,0,0,0,364
0x5a0745,100%,0,2,2,2,0,0,0
0x7235b4,100%,0,1446,1446,0,0,0,1446
0x8e4517,100%,0,32,32,0,0,0,32
0x4c6e0c,100%,0,83,83,83,0,0,0
0x94ed6b,100%,0,30,30,0,0,0,30
0xa31cbd,100%,0,31,31,0,0,0,31
0x66612a,100%,0,1,1,1,0,0,0
0xa5a0de,100%,0,3,3,0,0,0,3
0x4ac768,100%,0,20,20,20,0,0,0
0x95648a,100%,0,1,1,1,0,0,0
0x8ea7a9,100%,0,4,4,0,0,0,4
0xa21e3b,100%,0,2,2,0,0,0,2
0x4ab54a,100%,0,31,31,31,0,0,0
0xa06920,100%,0,2,2,0,0,0,2
0x5b0695,100%,0,2,2,2,0,0,0
0x542376,100%,0,219,219,0,0,0,219
0x8e2184,100%,0,982,982,0,0,0,982
0xa32516,100%,0,4,4,0,0,0,4
0x5576b5,100%,0,4730,4730,0,0,0,4730
0x5fdc1d,100%,0,1,1,0,0,0,1
0x4b7aea,100%,0,11,11,9,0,0,2
0xa44aa9,100%,0,4,4,0,0,0,4
0x991353,100%,0,91,91,91,0,0,0
0xa44a2f,100%,0,528,528,528,0,0,0
0x488eee,100%,0,232,232,0,0,0,232
0xa324d7,100%,0,4,4,0,0,0,4
0x4b7a49,100%,0,11,11,0,0,0,11
0xa37f3d,100%,0,5,5,5,0,0,0
0x8df6b4,100%,0,2,2,0,0,0,2
0x63f3de,100%,0,2,2,0,0,0,2
0x4bb491,100%,0,52,52,0,0,0,52
0xa50c51,100%,0,66,66,0,0,0,66
0xa94b2a,100%,0,4,4,0,0,0,4
0x7cc2eb,100%,0,1115,1115,0,0,0,1115
0x7ba328,100%,0,4,4,4,0,0,0
0x7ba310,100%,0,4,4,0,0,0,4
0x780b86,100%,0,4,4,0,0,0,4
0x7b5dc9,100%,0,4,4,0,0,0,4
0x592585,100%,0,120,120,0,0,0,120
0x7b5db2,100%,0,4,4,0,0,0,4
0x785832,100%,0,2,2,0,0,0,2
0x5fb434,100%,0,2,2,0,0,0,2
0x7ac7a5,100%,0,12,12,12,0,0,0
0x5ee1d6,100%,0,177,177,0,0,0,177
0xa960b7,100%,0,26,26,0,0,0,26
0xa97af7,100%,0,2,2,0,0,0,2
0x58d42c,100%,0,12,12,0,0,0,12
0x95b656,100%,0,4,4,4,0,0,0
0xa310be,100%,0,194,194,0,0,0,194
0x409d2e,100%,0,21,21,0,0,0,21
0x4bd70b,100%,0,39,39,0,0,0,39
0xa2ddd9,100%,0,36,36,0,0,0,36
0x7cc2bd,100%,0,1259,1259,0,0,0,1259
0x48eb9c,100%,0,726,726,0,0,0,726
0x50435f,100%,0,124,124,62,0,0,62
0xa48cc2,100%,0,167,167,0,0,0,167
0x4b78e6,100%,0,28,28,0,0,0,28
0x5f62e6,100%,0,4,4,4,0,0,0
0xa2f256,100%,0,38,38,0,0,0,38
0x959803,100%,0,48,48,48,0,0,0
0x40e527,100%,0,11,11,11,0,0,0
0x539683,100%,0,218,218,109,0,0,109
0x4b78ba,100%,0,28,28,0,0,0,28
0x7ad41a,100%,0,19,19,0,0,0,19
0x501e7c,100%,0,5,5,0,0,0,5
0x8e9e1d,100%,0,4,4,0,0,0,4
0x8d2ef3,100%,0,2,2,0,0,0,2
0xa2e7cd,100%,0,85,85,0,0,0,85
0x60c5cd,100%,0,10,10,0,0,0,10
0xa2e7b4,100%,0,85,85,0,0,0,85
0xa2dde8,100%,0,36,36,0,0,0,36
0x4b6dd2,100%,0,28,28,0,0,0,28
0x4b6dc0,100%,0,28,28,0,0,0,28
0x4c2320,100%,0,16,16,0,0,0,16
0xa31c4d,100%,0,31,31,0,0,0,31
0x670904,100%,0,20,20,20,0,0,0
0x4b61c4,100%,0,21,21,0,0,0,21
0x4b9fda,100%,0,47,47,0,0,0,47
0xa313c1,100%,0,85,85,0,0,0,85
0xa722d6,100%,0,4,4,0,0,0,4
0xa3138a,100%,0,85,85,0,0,0,85
0x4b9ea2,100%,0,155,155,155,0,0,0
0x4b5aad,100%,0,27,27,0,0,0,27
0x8ff08a,100%,0,88,88,0,0,0,88
0x8ee090,100%,0,42,42,0,0,0,42
0x4c2325,100%,0,16,16,16,0,0,0
0x696534,100%,0,397,397,0,0,0,397
0x9ecdd4,100%,0,21,21,0,0,0,21
0x81dd85,100%,0,9,9,0,0,0,9
0xa31b3b,100%,0,182,182,0,0,0,182
0x96c0d5,100%,0,21,21,0,0,0,21
0x7bba05,100%,0,8,8,8,0,0,0
0x962ee9,100%,0,2,2,0,0,0,2
0x8ecdb3,100%,0,995,995,0,0,0,995
0x483c4d,100%,0,19,19,19,0,0,0
0x4b6e2f,100%,0,8,8,0,0,0,8
0x8ee993,100%,0,3,3,0,0,0,3
0x917781,100%,0,188,188,188,0,0,0
0x8ee98b,100%,0,3,3,0,0,0,3
0xa311a1,100%,0,141,141,141,0,0,0
0x550e0f,100%,0,17,17,0,0,0,17
0x4c203e,100%,0,104,104,0,0,0,104
0x49feee,100%,0,13946,13946,0,0,0,13946
0x9813e6,100%,0,75,75,0,0,0,75
0x6185a0,100%,0,2,2,2,0,0,0
0xa0534e,100%,0,29,29,0,0,0,29
0x4c061a,100%,0,42,42,42,0,0,0
0x4c060f,100%,0,42,42,0,0,0,42
0x8e8b71,100%,0,3532,3532,0,0,0,3532
0x50b13c,100%,0,4,4,0,0,0,4
0x4bf256,100%,0,42,42,42,0,0,0
0x8df8e3,100%,0,4,4,0,0,0,4
0xa55aac,100%,0,4,4,0,0,0,4
0x4c20f9,100%,0,159,159,0,0,0,159
0x4c20ea,100%,0,159,159,0,0,0,159
0x404c12,100%,0,21,21,0,0,0,21
0x9ed6b4,100%,0,59,59,59,0,0,0
0xa9b63b,100%,0,6,6,0,0,0,6
0x9ee3e2,100%,0,22,22,0,0,0,22
0xa43d65,100%,0,7,7,7,0,0,0
0x9ee093,100%,0,47,47,47,0,0,0
0xa50d36,100%,0,88,88,0,0,0,88
0x6994a9,100%,0,1,1,0,0,0,1
0xa0f3d2,100%,0,6,6,6,0,0,0
0x4b87ff,100%,0,8,8,8,0,0,0
0xa4430e,100%,0,22,22,22,0,0,0
0x9c3fce,100%,0,466,466,466,0,0,0
0x504a18,100%,0,7,7,7,0,0,0
0x49c859,100%,0,1,1,0,0,0,1
0x64a28c,100%,0,2,2,2,0,0,0
0xa4f7a5,100%,0,18,18,0,0,0,18
0x4bf4e7,100%,0,38,38,0,0,0,38
0x79218f,100%,0,6,6,6,0,0,0
0x58ee3e,100%,0,2,2,0,0,0,2
0xa60c9e,100%,0,237,237,0,0,0,237
0x8bdb02,100%,0,5,5,5,0,0,0
0x4c5a16,100%,0,21,21,21,0,0,0
0xa9c937,100%,0,46,46,0,0,0,46
0x9013ab,100%,0,50,50,0,0,0,50
0x4c563e,100%,0,24,24,0,0,0,24
0x556099,100%,0,39,39,39,0,0,0
0x63f427,100%,0,2,2,0,0,0,2
0x8bbbaf,100%,0,35,35,35,0,0,0
0x9eccf4,100%,0,110,110,0,0,0,110
0x9eca1a,100%,0,152,152,0,0,0,152
0x98064d,100%,0,53,53,0,0,0,53
0x4bb2e6,100%,0,30,30,30,0,0,0
0x9e7075,100%,0,5,5,0,0,0,5
0x9eca09,100%,0,152,152,0,0,0,152
0x649263,100%,0,2,2,2,0,0,0
0x7c76c8,100%,0,4,4,0,0,0,4
0xa9b83c,100%,0,229,229,0,0,0,229
0xa294ab,100%,0,16,16,0,0,0,16
0x4bc175,100%,0,112,112,0,0,0,112
0x51aec3,100%,0,2,2,0,0,0,2
0x8eb0aa,100%,0,6,6,0,0,0,6
0x555c11,100%,0,38,38,0,0,0,38
0x81d3a2,100%,0,182,182,0,0,0,182
0xa94272,100%,0,2,2,2,0,0,0
0x94e200,100%,0,411,411,411,0,0,0
0x5f1fc0,100%,0,3,3,3,0,0,0
0xa3bcc8,100%,0,2,2,2,0,0,0
0x4c7359,100%,0,18,18,0,0,0,18
0x5eb844,100%,0,44,44,0,0,0,44
0x94f191,100%,0,1,1,0,0,0,1
0x9fdb5d,100%,0,25,25,0,0,0,25
0xb18385,100%,0,1005,1005,0,0,0,1005
0x9ed59b,100%,0,44,44,44,0,0,0
0x44196e,100%,0,11,11,0,0,0,11
0x8df8b9,100%,0,4,4,0,0,0,4
0x8eda70,100%,0,126,126,0,0,0,126
0xa41887,100%,0,8,8,0,0,0,8
0x99886f,100%,0,2,2,0,0,0,2
0x555b49,100%,0,3,3,0,0,0,3
0x590868,100%,0,277,277,0,0,0,277
0x99cf4a,100%,0,9,9,0,0,0,9
0x40bae6,100%,0,150,150,0,0,0,150
0x5f8344,100%,0,27,27,0,0,0,27
0x81a41e,100%,0,411,411,0,0,0,411
0x9bd197,100%,0,55,55,55,0,0,0
0x814d21,100%,0,1,1,0,0,0,1
0x99def0,100%,0,15,15,0,0,0,15
0xa55eca,100%,0,3,3,3,0,0,0
0x48aeef,100%,0,680,680,0,0,0,680
0xa97742,100%,0,4,4,0,0,0,4
0x542322,100%,0,219,219,219,0,0,0
0x9ed232,100%,0,259,259,0,0,0,259
0xa63ca9,100%,0,2,2,2,0,0,0
0x48ec69,100%,0,15,15,0,0,0,15
0xa1a283,100%,0,9,9,0,0,0,9
0x49f657,100%,0,134,134,0,0,0,134
0x4b8683,100%,0,11,11,0,0,0,11
0x8e26eb,100%,0,1341,1341,0,0,0,1341
0x4b8637,100%,0,11,11,0,0,0,11
0x558a7f,100%,0,369,369,0,0,0,369
0x4b856a,100%,0,11,11,11,0,0,0
0x96c1b6,100%,0,145,145,0,0,0,145
0x4ba9cc,100%,0,31,31,0,0,0,31
0x558dd6,100%,0,22,22,0,0,0,22
0x8ddaac,100%,0,412,412,0,0,0,412
0x4ba832,100%,0,31,31,31,0,0,0
0x835f31,100%,0,2,2,2,0,0,0
0x8195e9,100%,0,329,329,0,0,0,329
0x8df8c9,100%,0,4,4,0,0,0,4
0x8e2034,100%,0,1485,1485,0,0,0,1485
0xa96a72,100%,0,21,21,0,0,0,21
0x4044c1,100%,0,1320,1320,1320,0,0,0
0x49039d,100%,0,79,79,0,0,0,79
0x918f34,100%,0,200,200,0,0,0,200
0x5cfda7,100%,0,24,24,0,0,0,24
0x9edc4c,100%,0,64,64,64,0,0,0
0x4be7fc,100%,0,27,27,0,0,0,27
0x555fb9,100%,0,3,3,0,0,0,3
0x8e2013,100%,0,1485,1485,0,0,0,1485
0x9ed916,100%,0,64,64,0,0,0,64
0xa05339,100%,0,4,4,0,0,0,4
0x5f32dd,100%,0,2,2,0,0,0,2
0xa33583,100%,0,2680,2680,0,0,0,2680
0x50ba3d,100%,0,40,40,40,0,0,0
0x53dc8d,100%,0,10,10,10,0,0,0
0x5f5e49,100%,0,2,2,0,0,0,2
0x8040fa,100%,0,60,60,0,0,0,60
0x9f7c96,100%,0,9,9,9,0,0,0
0xa31c66,100%,0,25,25,0,0,0,25
0x4bddfd,100%,0,14,14,0,0,0,14
0x550db0,100%,0,24,24,0,0,0,24
0xaa4a69,100%,0,3,3,0,0,0,3
0xa938d6,100%,0,169,169,0,0,0,169
0x78cd87,100%,0,870,870,870,0,0,0
0x94dab0,100%,0,587,587,0,0,0,587
0x4bb745,100%,0,2,2,0,0,0,2
0xaa57ce,100%,0,2,2,0,0,0,2
0x8f2bd2,100%,0,68,68,0,0,0,68
0x8da81b,100%,0,6,6,0,0,0,6
0x81a850,100%,0,761,761,0,0,0,761
0x8f1220,100%,0,40,40,0,0,0,40
0xa27773,100%,0,4,4,0,0,0,4
0xa15dc2,100%,0,8,8,0,0,0,8
0x5dadff,100%,0,4,4,0,0,0,4
0x803d27,100%,0,2,2,2,0,0,0
0x803b5b,100%,0,2,2,0,0,0,2
0x48f4f5,100%,0,3,3,0,0,0,3
0x5c9bb1,100%,0,6,6,0,0,0,6
0x47c0cf,100%,0,2,2,2,0,0,0
0x803758,100%,0,75,75,0,0,0,75
0x9d312c,100%,0,58,58,0,0,0,58
0x8041b3,100%,0,5,5,0,0,0,5
0x6f454f,100%,0,28,28,0,0,0,28
0x9d0baf,100%,0,51,51,0,0,0,51
0x94ed85,100%,0,30,30,0,0,0,30
0x5f5a8c,100%,0,2,2,0,0,0,2
0x80441c,100%,0,6,6,0,0,0,6
0x80431d,100%,0,6,6,0,0,0,6
0x806457,100%,0,30,30,30,0,0,0
0xa56f01,100%,0,258,258,0,0,0,258
0x8063a3,100%,0,24,24,0,0,0,24
0x8ea6a6,100%,0,4,4,0,0,0,4
0x5f5b34,100%,0,2,2,2,0,0,0
0x675684,100%,0,1,1,1,0,0,0
0x9d3140,100%,0,58,58,0,0,0,58
0x803b38,100%,0,2,2,2,0,0,0
0x9d3113,100%,0,58,58,0,0,0,58
0xb3237e,100%,0,969,969,0,0,0,969
0x8043c7,100%,0,9,9,0,0,0,9
0xa5c6f4,100%,0,6,6,0,0,0,6
0x9f47cd,100%,0,8,8,0,0,0,8
0x9d0ab2,100%,0,51,51,0,0,0,51
0x6484c9,100%,0,2,2,0,0,0,2
0x9d09be,100%,0,51,51,51,0,0,0
0x7e2092,100%,0,13,13,0,0,0,13
0xa0409f,100%,0,1,1,0,0,0,1
0x5b9ba3,100%,0,56,56,0,0,0,56
0x8a5d80,100%,0,218,218,218,0,0,0
0xa3d946,100%,0,8,8,8,0,0,0
0x81f40a,100%,0,4,4,0,0,0,4
0x7c692d,100%,0,2,2,0,0,0,2
0x94e7ea,100%,0,60,60,60,0,0,0
0x7c68d3,100%,0,2,2,0,0,0,2
0x7c68bb,100%,0,2,2,0,0,0,2
0x7c68a2,100%,0,2,2,0,0,0,2
0x598ea8,100%,0,5,5,0,0,0,5
0x7c688d,100%,0,2,2,0,0,0,2
0xa9ce28,100%,0,65,65,0,0,0,65
0xa9ce23,100%,0,65,65,0,0,0,65
0xa96678,100%,0,8,8,8,0,0,0
0x5de78b,100%,0,1241,1241,0,0,0,1241
0xa95fac,100%,0,8,8,0,0,0,8
0x9bb3e4,100%,0,65,65,0,0,0,65
0x48e89c,100%,0,14,14,0,0,0,14
0x7c6937,100%,0,2,2,0,0,0,2
0xa962a0,100%,0,8,8,0,0,0,8
0xa96296,100%,0,8,8,0,0,0,8
0xa98825,100%,0,15,15,0,0,0,15
0x58f507,100%,0,52,52,52,0,0,0
0x8deab0,100%,0,128,128,0,0,0,128
0x8d3d97,100%,0,31,31,0,0,0,31
0xa97dea,100%,0,37,37,0,0,0,37
0x606f16,100%,0,10,10,0,0,0,10
0x51c41d,100%,0,1201,1201,1201,0,0,0
0xa97144,100%,0,37,37,0,0,0,37
0xa970fd,100%,0,37,37,0,0,0,37
0x8d3d23,100%,0,31,31,0,0,0,31
0x8d3a33,100%,0,10,10,0,0,0,10
0xa64c38,100%,0,2,2,0,0,0,2
0x670a22,100%,0,19,19,0,0,0,19
0xb300ed,100%,0,8385,8385,8385,0,0,0
0x8ddb34,100%,0,112,112,0,0,0,112
0x5d002f,100%,0,4,4,0,0,0,4
0x649e40,100%,0,2,2,0,0,0,2
0x487e08,100%,0,14,14,0,0,0,14
0xa98638,100%,0,2,2,2,0,0,0
0xb6a117,100%,0,5,5,0,0,0,5
0xa9ec17,100%,0,4,4,4,0,0,0
0x77d86a,100%,0,6,6,0,0,0,6
0x402f5f,100%,0,6,6,0,0,0,6
0x81f4b2,100%,0,4,4,0,0,0,4
0x9a4904,100%,0,16,16,0,0,0,16
0x8ba05a,100%,0,1,1,0,0,0,1
0x7a113b,100%,0,6,6,0,0,0,6
0x86321f,100%,0,2,2,2,0,0,0
0x973a05,100%,0,40,40,40,0,0,0
0x90163f,100%,0,72,72,0,0,0,72
0xa086a3,100%,0,4,4,0,0,0,4
0x8631a3,100%,0,2,2,2,0,0,0
0x843642,100%,0,4,4,4,0,0,0
0x672c89,100%,0,2,2,0,0,0,2
0x9523c8,100%,0,75,75,0,0,0,75
0x48e8e8,100%,0,2,2,0,0,0,2
0xaaaf4b,100%,0,124,124,0,0,0,124
0x590a05,100%,0,2,2,0,0,0,2
0x7aedca,100%,0,11,11,0,0,0,11
0x99adc2,100%,0,47,47,47,0,0,0
0xa47817,100%,0,4,4,4,0,0,0
0x5462b7,100%,0,350,350,350,0,0,0
0x48fc69,100%,0,4,4,0,0,0,4
0x9f11d3,100%,0,5,5,0,0,0,5
0xa99aae,100%,0,15,15,0,0,0,15
0xad3206,100%,0,2,2,0,0,0,2
0x610f08,100%,0,2,2,0,0,0,2
0xb30701,100%,0,5,5,0,0,0,5
0xb6a0fd,100%,0,5,5,0,0,0,5
0x5ae5bc,100%,0,25,25,0,0,0,25
0x8a5a63,100%,0,2,2,0,0,0,2
0x8bc0ac,100%,0,2,2,0,0,0,2
0xa9a124,100%,0,5,5,0,0,0,5
0x490bba,100%,0,41,41,0,0,0,41
0x671000,100%,0,2,2,2,0,0,0
0xa07f32,100%,0,1,1,0,0,0,1
0x590dea,100%,0,1,1,0,0,0,1
0x670799,100%,0,7,7,7,0,0,0
0x9f5168,100%,0,11,11,0,0,0,11
0x40ab16,100%,0,42,42,0,0,0,42
0x675170,100%,0,1,1,0,0,0,1
0x5c46bf,100%,0,19,19,0,0,0,19
0x8bc099,100%,0,2,2,0,0,0,2
0x8bc063,100%,0,2,2,0,0,0,2
0x5c46b7,100%,0,19,19,0,0,0,19
0x8bb27a,100%,0,3,3,2,0,0,1
0x5c46a5,100%,0,19,19,0,0,0,19
0x8bb0e3,100%,0,3,3,3,0,0,0
0x7d2219,100%,0,1,1,1,0,0,0
0x7c20df,100%,0,12,12,0,0,0,12
0xb2e2d8,100%,0,48,48,0,0,0,48
0xa9daf0,100%,0,105,105,0,0,0,105
0x973e2e,100%,0,12,12,0,0,0,12
0xa9e231,100%,0,40,40,0,0,0,40
0x814b5f,100%,0,41,41,0,0,0,41
0x8c714f,100%,0,2,2,0,0,0,2
0x8eb7a7,100%,0,2849,2849,0,0,0,2849
0xa9e153,100%,0,40,40,0,0,0,40
0x8038ac,100%,0,2,2,2,0,0,0
0x7cc1ec,100%,0,12,12,0,0,0,12
0x70c269,100%,0,6,6,0,0,0,6
0x80372b,100%,0,2,2,0,0,0,2
0x814c6e,100%,0,41,41,0,0,0,41
0x44156e,100%,0,11,11,0,0,0,11
0x814fed,100%,0,2,2,0,0,0,2
0x7c7be2,100%,0,1,1,0,0,0,1
0x4b9c9d,100%,0,10,10,0,0,0,10
0xa08f11,100%,0,64,64,0,0,0,64
0xb2ff34,100%,0,13,13,0,0,0,13
0xa9c57a,100%,0,199,199,0,0,0,199
0xa0981a,100%,0,1,1,1,0,0,0
0x8ecaa8,100%,0,11,11,0,0,0,11
0x5f87de,100%,0,1,1,0,0,0,1
0x59121e,100%,0,98,98,98,0,0,0
0xa93760,100%,0,29,29,0,0,0,29
0xb304f8,100%,0,5,5,0,0,0,5
0x5b2664,100%,0,1,1,1,0,0,0
0xa99e27,100%,0,15,15,0,0,0,15
0xa96a6a,100%,0,21,21,0,0,0,21
0x5d3032,100%,0,4,4,4,0,0,0
0x490113,100%,0,10,10,0,0,0,10
0x80689b,100%,0,17,17,0,0,0,17
0x40db94,100%,0,7047,7047,0,0,0,7047
0x7b72a5,100%,0,2,2,0,0,0,2
0xa9b9ce,100%,0,20,20,20,0,0,0
0x504744,100%,0,18,18,0,0,0,18
0x80aa38,100%,0,3,3,1,0,0,2
0x65ae11,100%,0,13,13,0,0,0,13
0x80458c,100%,0,8,8,0,0,0,8
0xb6a105,100%,0,5,5,0,0,0,5
0x4c64bd,100%,0,28,28,0,0,0,28
0x6498b9,100%,0,2,2,0,0,0,2
0x804492,100%,0,2,2,0,0,0,2
0xa4a00a,100%,0,139,139,0,0,0,139
0xa44a52,100%,0,4,4,4,0,0,0
0x4a815d,100%,0,92,92,92,0,0,0
0xa9390c,100%,0,11,11,11,0,0,0
0xa2fd5a,100%,0,43,43,0,0,0,43
0x9d0c74,100%,0,51,51,51,0,0,0
0xb49721,100%,0,14,14,0,0,0,14
0x8ecb06,100%,0,1237,1237,0,0,0,1237
0x67a9a5,100%,0,2757,2757,0,0,0,2757
0x50342b,100%,0,2,2,0,0,0,2
0x804219,100%,0,4,4,4,0,0,0
0x485cb3,100%,0,306,306,0,0,0,306
0x8f5f8b,100%,0,40,40,0,0,0,40
0x942a81,100%,0,75,75,0,0,0,75
0x81288b,100%,0,4,4,4,0,0,0
0x804798,100%,0,2,2,0,0,0,2
0xa9984d,100%,0,5,5,0,0,0,5
0x4a64e6,100%,0,10,10,0,0,0,10
0xa99478,100%,0,3,3,0,0,0,3
0x649413,100%,0,2,2,0,0,0,2
0xa9946f,100%,0,3,3,0,0,0,3
0x49ca19,100%,0,38,38,38,0,0,0
0xa92ad3,100%,0,43,43,0,0,0,43
0x50738f,100%,0,11,11,0,0,0,11
0xa9941b,100%,0,3,3,0,0,0,3
0x405eb7,100%,0,178,178,0,0,0,178
0x5c4754,100%,0,8,8,0,0,0,8
0x8e4d17,100%,0,66,66,0,0,0,66
0x5f61dd,100%,0,4,4,0,0,0,4
0xa993e7,100%,0,3,3,0,0,0,3
0x48c380,100%,0,7,7,0,0,0,7
0xa992df,100%,0,3,3,3,0,0,0
0x816881,100%,0,226,226,0,0,0,226
0x94c57a,100%,0,4,4,0,0,0,4
0x441477,100%,0,582,582,0,0,0,582
0x649169,100%,0,2,2,0,0,0,2
0x8045f5,100%,0,17,17,0,0,0,17
0x5b52a5,100%,0,5,5,5,0,0,0
0x649ad5,100%,0,106,106,0,0,0,106
0xa96f65,100%,0,15,15,0,0,0,15
0x8068b2,100%,0,17,17,17,0,0,0
0x65ad35,100%,0,14,14,0,0,0,14
0x8e2b36,100%,0,52,52,0,0,0,52
0x4be8c1,100%,0,1,1,0,0,0,1
0x482c06,100%,0,19,19,0,0,0,19
0x4be86e,100%,0,3,3,3,0,0,0
0x4be23c,100%,0,4,4,0,0,0,4
0x8e363a,100%,0,4,4,0,0,0,4
0x4be19f,100%,0,2,2,2,0,0,0
0x78e102,100%,0,2,2,0,0,0,2
0x5581ac,100%,0,8,8,8,0,0,0
0x8162da,100%,0,45,45,45,0,0,0
0x5f19b1,100%,0,2,2,2,0,0,0
0x4be411,100%,0,4,4,0,0,0,4
0x8f6a0b,100%,0,363,363,0,0,0,363
0x4b7a69,100%,0,2,2,2,0,0,0
0x481707,100%,0,19,19,0,0,0,19
0x4b84ab,100%,0,2,2,0,0,0,2
0xa34a61,100%,0,41,41,0,0,0,41
0x8dbb1c,100%,0,8,8,0,0,0,8
0x5ffbd0,100%,0,46,46,0,0,0,46
0x78e136,100%,0,2,2,2,0,0,0
0xb17ade,100%,0,346,346,0,0,0,346
0x538a15,100%,0,723,723,0,0,0,723
0x610522,100%,0,63,63,0,0,0,63
0x78e0f2,100%,0,2,2,0,0,0,2
0xa5ee74,100%,0,28,28,28,0,0,0
0x6486a3,100%,0,2,2,0,0,0,2
0x8bc9a7,100%,0,52,52,52,0,0,0
0x8bc9e0,100%,0,52,52,52,0,0,0
0x489e0d,100%,0,2176,2176,2176,0,0,0
0x8212a4,100%,0,2,2,0,0,0,2
0x5108b6,100%,0,327,327,0,0,0,327
0xa5f8f3,100%,0,8,8,0,0,0,8
0x4bc2b9,100%,0,1,1,1,0,0,0
0x4877d9,100%,0,1,1,0,0,0,1
0x7b8bdd,100%,0,1,1,1,0,0,0
0x805453,100%,0,2,2,0,0,0,2
0xa097e9,100%,0,1,1,0,0,0,1
0x7b646e,100%,0,1,1,1,0,0,0
0x494712,100%,0,2,2,2,0,0,0
0x510bf3,100%,0,312,312,0,0,0,312
0x7b6447,100%,0,1,1,0,0,0,1
0xa3d170,100%,0,8,8,0,0,0,8
0x5b0e94,100%,0,55,55,0,0,0,55
0x6754aa,100%,0,1,1,0,0,0,1
0xa05117,100%,0,1,1,0,0,0,1
0x4b85f6,100%,0,2,2,2,0,0,0
0x4b85eb,100%,0,2,2,0,0,0,2
0x8dba4a,100%,0,16,16,0,0,0,16
0xa5f33a,100%,0,4,4,4,0,0,0
0x4b854e,100%,0,2,2,0,0,0,2
0x983fc7,100%,0,8,8,0,0,0,8
0x49afff,100%,0,2,2,0,0,0,2
0x8082d6,100%,0,27,27,0,0,0,27
0x61025e,100%,0,33,33,0,0,0,33
0x4b84cc,100%,0,2,2,0,0,0,2
0xa5775f,100%,0,14,14,0,0,0,14
0x485ed5,100%,0,23,23,0,0,0,23
0x49bc1e,100%,0,115,115,0,0,0,115
0x64a6bd,100%,0,2,2,2,0,0,0
0x7cc133,100%,0,12,12,0,0,0,12
0xa94246,100%,0,2,2,0,0,0,2
0x9bde79,100%,0,2,2,0,0,0,2
0x8da87f,100%,0,6,6,6,0,0,0
0x833dd9,100%,0,8,8,0,0,0,8
0x7941da,100%,0,5,5,0,0,0,5
0x4c39c9,100%,0,7,7,7,0,0,0
0x4c39c1,100%,0,7,7,0,0,0,7
0x4c4fca,100%,0,17,17,17,0,0,0
0xb230ec,100%,0,154,154,0,0,0,154
0x4c4f93,100%,0,17,17,0,0,0,17
0x4c4cbb,100%,0,15,15,0,0,0,15
0xa9096d,100%,0,149,149,0,0,0,149
0x65b9ae,100%,0,422,422,0,0,0,422
0x67531f,100%,0,1,1,0,0,0,1
0x9e3fe6,100%,0,19,19,0,0,0,19
0x8dce49,100%,0,61,61,0,0,0,61
0x47fb99,100%,0,19,19,19,0,0,0
0x942c50,100%,0,75,75,0,0,0,75
0x5a8959,100%,0,2,2,0,0,0,2
0x8c87ed,100%,0,4,4,0,0,0,4
0x666c25,100%,0,2,2,2,0,0,0
0x4be4e1,100%,0,7,7,0,0,0,7
0x556000,100%,0,3,3,0,0,0,3
0x5f1896,100%,0,2,2,0,0,0,2
0x8a9170,100%,0,27,27,0,0,0,27
0xa946d3,100%,0,29,29,0,0,0,29
0x94ae36,100%,0,564,564,0,0,0,564
0x9e728c,100%,0,250,250,0,0,0,250
0x9aa260,100%,0,37,37,0,0,0,37
0x8f287a,100%,0,44,44,0,0,0,44
0x675602,100%,0,1,1,1,0,0,0
0x809190,100%,0,2,2,0,0,0,2
0x78e0c1,100%,0,2,2,0,0,0,2
0x78e0b8,100%,0,2,2,0,0,0,2
0xa99f25,100%,0,6,6,6,0,0,0
0x8ad8da,100%,0,2,2,0,0,0,2
0x6486f0,100%,0,56,56,0,0,0,56
0xad7fa4,100%,0,928,928,0,0,0,928
0xaa1200,100%,0,54,54,0,0,0,54
0x82132f,100%,0,3584,3584,0,0,0,3584
0x4b94c5,100%,0,13,13,13,0,0,0
0x9fe350,100%,0,134,134,134,0,0,0
0x48b330,100%,0,321,321,0,0,0,321
0xaa7f08,100%,0,12,12,0,0,0,12
0x973812,100%,0,38,38,0,0,0,38
0x908329,100%,0,2148,2148,0,0,0,2148
0x590e82,100%,0,23,23,0,0,0,23
0xacdcc4,100%,0,2,2,0,0,0,2
0x8ed108,100%,0,6,6,0,0,0,6
0x901f62,100%,0,4692,4692,0,0,0,4692
0x4b5f39,100%,0,8,8,4,0,0,4
0x64866c,100%,0,56,56,0,0,0,56
0xa345fc,100%,0,91,91,0,0,0,91
0x8167a0,100%,0,68,68,0,0,0,68
0x9082e2,100%,0,684,684,684,0,0,0
0xa92c5b,100%,0,226,226,0,0,0,226
0x679f1d,100%,0,6,6,0,0,0,6
0x8ff6b3,100%,0,71,71,71,0,0,0
0x64c661,100%,0,119,119,119,0,0,0
0x5b3009,100%,0,10,10,0,0,0,10
0x8d3f8a,100%,0,13,13,0,0,0,13
0x8d3f2f,100%,0,13,13,0,0,0,13
0x5ef9f1,100%,0,1,1,0,0,0,1
0x80dec4,100%,0,220,220,0,0,0,220
0xa97461,100%,0,107,107,107,0,0,0
0x8d3f55,100%,0,13,13,0,0,0,13
0xa5922a,100%,0,119,119,119,0,0,0
0xa96977,100%,0,149,149,149,0,0,0
0x8d3f3d,100%,0,13,13,0,0,0,13
0x951d23,100%,0,637,637,0,0,0,637
0x8d4038,100%,0,13,13,13,0,0,0
0x8d3f19,100%,0,13,13,0,0,0,13
0xa02e17,100%,0,107,107,0,0,0,107
0x48f4a0,100%,0,3,3,3,0,0,0
0xa992bb,100%,0,3,3,0,0,0,3
0xaadbed,100%,0,325,325,0,0,0,325
0xa06696,100%,0,45,45,0,0,0,45
0x8d3e4e,100%,0,15,15,0,0,0,15
0x7d4185,100%,0,12,12,0,0,0,12
0xa91054,100%,0,202,202,0,0,0,202
0xa9103b,100%,0,202,202,0,0,0,202
0x4ae587,100%,0,1,1,0,0,0,1
0x970ece,100%,0,1783,1783,0,0,0,1783
0x8e4a72,100%,0,178,178,0,0,0,178
0x4045d1,100%,0,224,224,0,0,0,224
0xb3267f,100%,0,6442,6442,0,0,0,6442
0xa63bd7,100%,0,123,123,0,0,0,123
0xa970af,100%,0,37,37,37,0,0,0
0xa96a38,100%,0,37,37,0,0,0,37
0xa97f3b,100%,0,2,2,0,0,0,2
0xa4a58a,100%,0,8,8,0,0,0,8
0x8ea1ff,100%,0,144,144,0,0,0,144
0x5f6216,100%,0,2,2,0,0,0,2
0x8bb75c,100%,0,20,20,10,0,0,10
0x5f631c,100%,0,2,2,0,0,0,2
0x5baf88,100%,0,190,190,0,0,0,190
0xa92d46,100%,0,78,78,0,0,0,78
0xa9da6a,100%,0,223,223,0,0,0,223
0x822739,100%,0,2,2,0,0,0,2
0x49c865,100%,0,1,1,1,0,0,0
0xa499f7,100%,0,10,10,0,0,0,10
0x80b436,100%,0,1,1,0,0,0,1
0xa92ec2,100%,0,88,88,0,0,0,88
0xa5bac5,100%,0,72,72,0,0,0,72
0x402549,100%,0,514,514,0,0,0,514
0x8044a3,100%,0,2,2,0,0,0,2
0x8c7eb7,100%,0,2,2,2,0,0,0
0xa9c683,100%,0,142,142,0,0,0,142
0x8ecdc4,100%,0,995,995,995,0,0,0
0x54678c,100%,0,2,2,0,0,0,2
0x4886db,100%,0,1069,1069,0,0,0,1069
0x918e2a,100%,0,200,200,0,0,0,200
0x8d409e,100%,0,13,13,2,0,0,11
0x5d20be,100%,0,3,3,0,0,0,3
0x66689a,100%,0,492,492,492,0,0,0
0x58f48e,100%,0,52,52,52,0,0,0
0x95a9b4,100%,0,4,4,0,0,0,4
0x9a9236,100%,0,248,248,0,0,0,248
0xa6b4c4,100%,0,4,4,0,0,0,4
0x9a4570,100%,0,1019,1019,0,0,0,1019
0x9edb90,100%,0,41,41,41,0,0,0
0x4a7b3a,100%,0,331,331,0,0,0,331
0x4bc101,100%,0,15,15,0,0,0,15
0x9a4685,100%,0,688,688,0,0,0,688
0x980bb3,100%,0,32,32,0,0,0,32
0x55029c,100%,0,39,39,0,0,0,39
0x97ace1,100%,0,8,8,0,0,0,8
0x4bc065,100%,0,16,16,0,0,0,16
0x4b5460,100%,0,2,2,2,0,0,0
0x4c4051,100%,0,204,204,204,0,0,0
0x4b5e8f,100%,0,11,11,0,0,0,11
0x804b08,100%,0,2,2,0,0,0,2
0x9a6418,100%,0,176,176,0,0,0,176
0x4c27ae,100%,0,5,5,5,0,0,0
0x4b6013,100%,0,1,1,1,0,0,0
0xa90261,100%,0,38,38,38,0,0,0
0xa2f137,100%,0,1,1,0,0,0,1
0xa3fee1,100%,0,6,6,0,0,0,6
0xa073e6,100%,0,2,2,0,0,0,2
0x8fd7f6,100%,0,3,3,0,0,0,3
0x8fd7ed,100%,0,3,3,0,0,0,3
0x8fd7e4,100%,0,3,3,0,0,0,3
0x7dfc95,100%,0,8,8,0,0,0,8
0x4419ae,100%,0,11,11,0,0,0,11
0xa95d42,100%,0,574,574,0,0,0,574
0x5b4a60,100%,0,2,2,2,0,0,0
0x8b9a4a,100%,0,472,472,0,0,0,472
0x48773e,100%,0,36,36,0,0,0,36
0x54f3d4,100%,0,22,22,22,0,0,0
0xa90f29,100%,0,4,4,0,0,0,4
0x8d3985,100%,0,71,71,0,0,0,71
0x944582,100%,0,222,222,222,0,0,0
0x8e9a55,100%,0,267,267,0,0,0,267
0xace146,100%,0,2,2,0,0,0,2
0xa51de7,100%,0,56,56,0,0,0,56
0x8f34e8,100%,0,12,12,0,0,0,12
0x5b4119,100%,0,31,31,0,0,0,31
0x8d3834,100%,0,4,4,4,0,0,0
0x8d38ca,100%,0,6,6,6,0,0,0
0x4b53b6,100%,0,2,2,0,0,0,2
0x59c5df,100%,0,4,4,4,0,0,0
0x8d2f4e,100%,0,71,71,0,0,0,71
0xa92b97,100%,0,314,314,0,0,0,314
0x649e00,100%,0,2,2,2,0,0,0
0x5f7b32,100%,0,167,167,0,0,0,167
0x9ab63c,100%,0,47,47,0,0,0,47
0x8d2e99,100%,0,2,2,2,0,0,0
0x672477,100%,0,1,1,0,0,0,1
0x66f3b9,100%,0,2,2,0,0,0,2
0x90c9b9,100%,0,105,105,0,0,0,105
0x814912,100%,0,330,330,0,0,0,330
0x7aed77,100%,0,11,11,0,0,0,11
0xa41fc1,100%,0,289,289,0,0,0,289
0xa41fd2,100%,0,289,289,0,0,0,289
0x6667d6,100%,0,2,2,0,0,0,2
0x5908ed,100%,0,22,22,0,0,0,22
0x7aed97,100%,0,11,11,0,0,0,11
0x544121,100%,0,9,9,0,0,0,9
0x609f7f,100%,0,2960,2960,0,0,0,2960
0xa544ec,100%,0,10,10,0,0,0,10
0x63fb92,100%,0,1857,1857,0,0,0,1857
0x8fecc3,100%,0,265,265,0,0,0,265
0x8df0d9,100%,0,24,24,0,0,0,24
0x6476c0,100%,0,45,45,0,0,0,45
0x9e1a52,100%,0,14,14,0,0,0,14
0xa2f938,100%,0,83,83,83,0,0,0
0x817131,100%,0,2,2,0,0,0,2
0x49a532,100%,0,4,4,4,0,0,0
0xa35ef5,100%,0,583,583,0,0,0,583
0x999fb4,100%,0,4,4,4,0,0,0
0x80b131,100%,0,2,2,2,0,0,0
0x78abee,100%,0,3,3,3,0,0,0
0x619de9,100%,0,5,5,5,0,0,0
0xa35935,100%,0,1001,1001,0,0,0,1001
0x492e6f,100%,0,1,1,0,0,0,1
0x606901,100%,0,14,14,14,0,0,0
0x590a6b,100%,0,4,4,2,0,0,2
0xa3591d,100%,0,1001,1001,0,0,0,1001
0x492e2a,100%,0,1,1,0,0,0,1
0x8e02f5,100%,0,285,285,0,0,0,285
0x8e3dbc,100%,0,159,159,0,0,0,159
0x5ae676,100%,0,2,2,0,0,0,2
0x59e62e,100%,0,4,4,0,0,0,4
0xa32b60,100%,0,7,7,0,0,0,7
0x8e16a2,100%,0,32,32,0,0,0,32
0x7f3750,100%,0,15,15,0,0,0,15
0xaabdfb,100%,0,11,11,0,0,0,11
0xa32a97,100%,0,11,11,0,0,0,11
0x8ea428,100%,0,4,4,0,0,0,4
0x809f2b,100%,0,2,2,0,0,0,2
0x970edf,100%,0,1486,1486,0,0,0,1486
0x485cae,100%,0,306,306,0,0,0,306
0x9a1ccc,100%,0,203,203,0,0,0,203
0x8a8f06,100%,0,140,140,0,0,0,140
0xa302d5,100%,0,195,195,0,0,0,195
0x78a600,100%,0,2,2,2,0,0,0
0x4c2fd6,100%,0,7,7,7,0,0,0
0x48bb9d,100%,0,10,10,0,0,0,10
0x9f12fb,100%,0,10,10,0,0,0,10
0x59fa79,100%,0,1,1,0,0,0,1
0x5a61a7,100%,0,4,4,0,0,0,4
0x9bea04,100%,0,12,12,0,0,0,12
0x5f0bcf,100%,0,2,2,0,0,0,2
0x49a109,100%,0,16,16,0,0,0,16
0x98fcf3,100%,0,257,257,257,0,0,0
0x7b061a,100%,0,3,3,0,0,0,3
0x7b05fe,100%,0,3,3,0,0,0,3
0x8a8f27,100%,0,140,140,0,0,0,140
0x81fd8d,100%,0,48,48,0,0,0,48
0xa55918,100%,0,2,2,0,0,0,2
0x7afd26,100%,0,28,28,0,0,0,28
0x686db6,100%,0,83,83,0,0,0,83
0x7afc24,100%,0,28,28,26,0,0,2
0x7ad549,100%,0,26,26,0,0,0,26
0x789893,100%,0,37,37,0,0,0,37
0xad7fdb,100%,0,928,928,0,0,0,928
0xb2e6b9,100%,0,21254,21254,0,0,0,21254
0x53e458,100%,0,6769,6769,6769,0,0,0
0x5ae653,100%,0,4,4,0,0,0,4
0x911742,100%,0,56,56,0,0,0,56
0x5bc3ab,100%,0,23,23,0,0,0,23
0x5affdd,100%,0,4,4,4,0,0,0
0x5b0039,100%,0,4,4,4,0,0,0
0xa2fda4,100%,0,228,228,0,0,0,228
0xa54287,100%,0,102,102,0,0,0,102
0x5af6e9,100%,0,9,9,9,0,0,0
0x50ff98,100%,0,290,290,0,0,0,290
0x620fa7,100%,0,5,5,5,0,0,0
0xa4a1e5,100%,0,60,60,0,0,0,60
0x5473bd,100%,0,61,61,0,0,0,61
0xa05e4a,100%,0,1,1,0,0,0,1
0x402965,100%,0,9605,9605,0,0,0,9605
0x5dda63,100%,0,1,1,1,0,0,0
0x534adb,100%,0,56,56,0,0,0,56
0x94b0b5,100%,0,207,207,207,0,0,0
0x97b7fd,100%,0,19,19,19,0,0,0
0x7808d0,100%,0,2,2,0,0,0,2
0xa2621b,100%,0,404,404,0,0,0,404
0x7808c3,100%,0,2,2,2,0,0,0
0xa4cd43,100%,0,4,4,0,0,0,4
0x9e4ebb,100%,0,60,60,0,0,0,60
0xa2f7d8,100%,0,228,228,0,0,0,228
0xa02d5e,100%,0,181,181,0,0,0,181
0xa2f4df,100%,0,150,150,0,0,0,150
0xa50c44,100%,0,66,66,0,0,0,66
0x64f2bd,100%,0,2,2,0,0,0,2
0x5b0605,100%,0,2,2,2,0,0,0
0x404f24,100%,0,12,12,12,0,0,0
0x47f95a,100%,0,1,1,1,0,0,0
0x5a5e24,100%,0,4,4,0,0,0,4
0xa18a5b,100%,0,43,43,0,0,0,43
0x838f70,100%,0,10,10,0,0,0,10
0x91a179,100%,0,961,961,961,0,0,0
0x81e5a4,100%,0,12,12,0,0,0,12
0x59edd4,100%,0,4,4,0,0,0,4
0xa9c981,100%,0,36,36,0,0,0,36
0x8e3edc,100%,0,4,4,0,0,0,4
0x5a5e0f,100%,0,2,2,0,0,0,2
0x48fb1c,100%,0,3,3,0,0,0,3
0x8f1aaf,100%,0,144,144,0,0,0,144
0x5a5e59,100%,0,4,4,4,0,0,0
0x8e0313,100%,0,570,570,570,0,0,0
0x5a5eb0,100%,0,4,4,0,0,0,4
0x5a608a,100%,0,4,4,0,0,0,4
0x977770,100%,0,882,882,0,0,0,882
0x7c161e,100%,0,201,201,0,0,0,201
0x7b013c,100%,0,6,6,0,0,0,6
0xa32df7,100%,0,210,210,0,0,0,210
0x59f023,100%,0,4,4,0,0,0,4
0x59f015,100%,0,2,2,0,0,0,2
0x7cfa3c,100%,0,10,10,10,0,0,0
0x59f005,100%,0,2,2,0,0,0,2
0xa2fe26,100%,0,117,117,117,0,0,0
0x8deab8,100%,0,128,128,0,0,0,128
0x9530ac,100%,0,10,10,0,0,0,10
0x59edfc,100%,0,8,8,8,0,0,0
0x8c8716,100%,0,494,494,0,0,0,494
0x541f0d,100%,0,484,484,484,0,0,0
0x9ea19f,100%,0,2,2,0,0,0,2
0x67073d,100%,0,1,1,1,0,0,0
0x53de9c,100%,0,526,526,526,0,0,0
0x64a27e,100%,0,2,2,0,0,0,2
0x53dcb5,100%,0,10,10,0,0,0,10
0xa30eda,100%,0,195,195,195,0,0,0
0x8435a6,100%,0,4,4,4,0,0,0
0x943cff,100%,0,8,8,0,0,0,8
0x943d50,100%,0,10,10,0,0,0,10
0x80a3a5,100%,0,4,4,0,0,0,4
0x8119fd,100%,0,2,2,0,0,0,2
0x510fc3,100%,0,1725,1725,0,0,0,1725
0x4ad964,100%,0,5,5,0,0,0,5
0x943cd6,100%,0,10,10,0,0,0,10
0x972f14,100%,0,6,6,0,0,0,6
0xa30341,100%,0,170,170,0,0,0,170
0xa3035e,100%,0,170,170,0,0,0,170
0x64bd95,100%,0,119,119,119,0,0,0
0x681085,100%,0,545,545,0,0,0,545
0xa4b70a,100%,0,237,237,0,0,0,237
0xa30384,100%,0,85,85,0,0,0,85
0xa3038e,100%,0,85,85,0,0,0,85
0x805aa3,100%,0,2059,2059,0,0,0,2059
0x943ade,100%,0,9,9,0,0,0,9
0x512afb,100%,0,734,734,0,0,0,734
0x8e170b,100%,0,32,32,0,0,0,32
0x4bb34f,100%,0,289,289,289,0,0,0
0xa30214,100%,0,195,195,0,0,0,195
0x7860fd,100%,0,2,2,0,0,0,2
0xa3018e,100%,0,5,5,0,0,0,5
0xa27353,100%,0,106,106,0,0,0,106
0x9a3f5a,100%,0,28,28,0,0,0,28
0x83896e,100%,0,5,5,0,0,0,5
0x4b7bc6,100%,0,1,1,1,0,0,0
0xa902df,100%,0,38,38,38,0,0,0
0x5111f8,100%,0,734,734,734,0,0,0
0xa32765,100%,0,78,78,0,0,0,78
0x649409,100%,0,2,2,0,0,0,2
0x8e339a,100%,0,16,16,0,0,0,16
0x63fd7a,100%,0,961,961,0,0,0,961
0x78f640,100%,0,14,14,0,0,0,14
0x9510c0,100%,0,1,1,0,0,0,1
0x410599,100%,0,5636,5636,0,0,0,5636
0x488707,100%,0,673,673,673,0,0,0
0xa35e51,100%,0,14,14,0,0,0,14
0x792205,100%,0,21,21,0,0,0,21
0x83891c,100%,0,1,1,0,0,0,1
0x5ff49a,100%,0,10,10,0,0,0,10
0x7807c0,100%,0,8,8,0,0,0,8
0xa42ea6,100%,0,4,4,0,0,0,4
0x63ee91,100%,0,731,731,0,0,0,731
0x8f54a0,100%,0,12,12,0,0,0,12
0x552209,100%,0,2037,2037,2037,0,0,0
0x4bc085,100%,0,1,1,0,0,0,1
0xa34ede,100%,0,117,117,0,0,0,117
0xa3595f,100%,0,175,175,0,0,0,175
0x9c5480,100%,0,4,4,0,0,0,4
0x96e3e7,100%,0,1,1,1,0,0,0
0x5387e4,100%,0,4361,4361,4361,0,0,0
0x48bbc8,100%,0,143,143,0,0,0,143
0x80b385,100%,0,1,1,0,0,0,1
0x789b18,100%,0,28,28,0,0,0,28
0xb90273,100%,0,5,5,0,0,0,5
0xa96536,100%,0,4,4,4,0,0,0
0x78f0eb,100%,0,10,10,10,0,0,0
0x592535,100%,0,4618,4618,0,0,0,4618
0x54464f,100%,0,2,2,2,0,0,0
0x78a6b4,100%,0,10,10,0,0,0,10
0xa55621,100%,0,407,407,407,0,0,0
0x4c00b8,100%,0,2,2,0,0,0,2
0x61281c,100%,0,70,70,0,0,0,70
0x4bae28,100%,0,304,304,0,0,0,304
0xa60b86,100%,0,116,116,116,0,0,0
0x9776af,100%,0,1654,1654,0,0,0,1654
0x5038d1,100%,0,36,36,36,0,0,0
0x6a78a8,100%,0,1,1,0,0,0,1
0xa8fa85,100%,0,85,85,0,0,0,85
0x98b3e4,100%,0,53,53,0,0,0,53
0x545ba2,100%,0,201,201,0,0,0,201
0x5089b9,100%,0,4,4,0,0,0,4
0xa34c0c,100%,0,60,60,0,0,0,60
0x485d3b,100%,0,306,306,0,0,0,306
0x7c7a7b,100%,0,32,32,0,0,0,32
0x9f455e,100%,0,80,80,80,0,0,0
0x943a61,100%,0,4,4,0,0,0,4
0x619eba,100%,0,5,5,0,0,0,5
0x8f120f,100%,0,40,40,0,0,0,40
0x66731e,100%,0,31,31,0,0,0,31
0x5fb9cc,100%,0,26,26,0,0,0,26
0x50b7ae,100%,0,4,4,0,0,0,4
0x8ebdc5,100%,0,2,2,0,0,0,2
0x505a81,100%,0,4,4,4,0,0,0
0x505a75,100%,0,4,4,0,0,0,4
0x505a58,100%,0,4,4,0,0,0,4
0x505a49,100%,0,4,4,0,0,0,4
0x404f7f,100%,0,12,12,0,0,0,12
0x8d24b3,100%,0,2,2,2,0,0,0
0x8d24a0,100%,0,2,2,0,0,0,2
0x96e7e1,100%,0,1,1,0,0,0,1
0xa34538,100%,0,113,113,0,0,0,113
0xa5b4ab,100%,0,12,12,0,0,0,12
0x58c5fa,100%,0,1,1,1,0,0,0
0x8f3fac,100%,0,240,240,0,0,0,240
0x50dae8,100%,0,4,4,0,0,0,4
0xa589f0,100%,0,40,40,0,0,0,40
0xa4c7da,100%,0,4,4,0,0,0,4
0x7e81a8,100%,0,2,2,2,0,0,0
0x40f5e8,100%,0,4050,4050,4050,0,0,0
0xa442fa,100%,0,49,49,0,0,0,49
0x506ec9,100%,0,1,1,1,0,0,0
0x50da93,100%,0,4,4,0,0,0,4
0xae701a,100%,0,2,2,0,0,0,2
0x5e4348,100%,0,3,3,0,0,0,3
0x504d26,100%,0,2,2,2,0,0,0
0xa34e98,100%,0,148,148,0,0,0,148
0x508cf9,100%,0,14,14,0,0,0,14
0x40f42d,100%,0,4432,4432,4432,0,0,0
0x94a19d,100%,0,80,80,0,0,0,80
0xa41ec5,100%,0,31,31,0,0,0,31
0x4b67a5,100%,0,11,11,0,0,0,11
0x900761,100%,0,1,1,0,0,0,1
0x506e20,100%,0,1,1,0,0,0,1
0x506e15,100%,0,1,1,0,0,0,1
0x510533,100%,0,1248,1248,0,0,0,1248
0x8bb28f,100%,0,1,1,0,0,0,1
0x9e2461,100%,0,217,217,217,0,0,0
0x48f413,100%,0,3,3,0,0,0,3
0xa420bb,100%,0,11,11,11,0,0,0
0xa34a65,100%,0,41,41,0,0,0,41
0x4ace68,100%,0,62,62,0,0,0,62
0x80624a,100%,0,2,2,0,0,0,2
0x50d8d1,100%,0,13,13,13,0,0,0
0x5ffdca,100%,0,46,46,0,0,0,46
0xb499ab,100%,0,11,11,0,0,0,11
0xa05dd7,100%,0,1,1,0,0,0,1
0xa35d78,100%,0,448,448,0,0,0,448
0x5ae466,100%,0,9,9,0,0,0,9
0x8fcf21,100%,0,64,64,64,0,0,0
0x533b93,100%,0,614,614,0,0,0,614
0x94da33,100%,0,32,32,32,0,0,0
0x64af4a,100%,0,5708,5708,0,0,0,5708
0x5ae451,100%,0,9,9,0,0,0,9
0x9be9b6,100%,0,2,2,0,0,0,2
0x90be3d,100%,0,961,961,0,0,0,961
0x70c282,100%,0,6,6,0,0,0,6
0x81ecfb,100%,0,1599,1599,0,0,0,1599
0xb18292,100%,0,202,202,0,0,0,202
0x5efc78,100%,0,1,1,0,0,0,1
0x48279b,100%,0,7,7,0,0,0,7
0xa95d94,100%,0,16,16,0,0,0,16
0x4c81bd,100%,0,22,22,0,0,0,22
0x94caa4,100%,0,64,64,64,0,0,0
0x482a83,100%,0,9,9,0,0,0,9
0x786111,100%,0,2,2,2,0,0,0
0x96aef1,100%,0,19,19,0,0,0,19
0xa9f0d7,100%,0,4,4,4,0,0,0
0x543f9d,100%,0,1376,1376,1376,0,0,0
0xa97df8,100%,0,37,37,0,0,0,37
0xa50b8b,100%,0,16,16,0,0,0,16
0x78061a,100%,0,324,324,0,0,0,324
0x58f3cd,100%,0,52,52,0,0,0,52
0x48f0c0,100%,0,3,3,3,0,0,0
0x8e5258,100%,0,1523,1523,0,0,0,1523
0x48d6d1,100%,0,69,69,0,0,0,69
0x5f3e42,100%,0,1,1,0,0,0,1
0x611473,100%,0,11,11,0,0,0,11
0x5b050b,100%,0,2,2,2,0,0,0
0xa0679e,100%,0,2,2,0,0,0,2
0x9e1221,100%,0,27,27,0,0,0,27
0xb2e628,100%,0,21254,21254,0,0,0,21254
0x67517f,100%,0,3,3,3,0,0,0
0x9e8503,100%,0,21,21,21,0,0,0
0xaa6432,100%,0,90,90,0,0,0,90
0xa3d182,100%,0,8,8,0,0,0,8
0xa3d192,100%,0,8,8,0,0,0,8
0xa06aec,100%,0,2,2,0,0,0,2
0xa3d1a5,100%,0,8,8,0,0,0,8
0x8127b2,100%,0,6,6,0,0,0,6
0xa3d0e7,100%,0,8,8,0,0,0,8
0xa3d476,100%,0,8,8,0,0,0,8
0xa3fca5,100%,0,56,56,56,0,0,0
0x956028,100%,0,1,1,0,0,0,1
0xa3fcda,100%,0,56,56,0,0,0,56
0x5405e5,100%,0,4,4,0,0,0,4
0x639b09,100%,0,65,65,0,0,0,65
0x5dd9b6,100%,0,1,1,0,0,0,1
0x9e103f,100%,0,27,27,0,0,0,27
0x40f860,100%,0,76,76,0,0,0,76
0xa3d0a5,100%,0,8,8,0,0,0,8
0x8ea774,100%,0,4,4,4,0,0,0
0xa3d095,100%,0,8,8,0,0,0,8
0x90a87b,100%,0,74,74,0,0,0,74
0x7d2fd9,100%,0,65,65,0,0,0,65
0x4a5c71,100%,0,4,4,4,0,0,0
0xb31c3b,100%,0,21615,21615,0,0,0,21615
0x95b38f,100%,0,4,4,0,0,0,4
0x40aa6c,100%,0,1,1,1,0,0,0
0x53b16f,100%,0,41,41,0,0,0,41
0x67f320,100%,0,134,134,134,0,0,0
0xa3bcbf,100%,0,16,16,16,0,0,0
0x60857c,100%,0,10,10,10,0,0,0
0xa3bc40,100%,0,18,18,0,0,0,18
0x6750a7,100%,0,3,3,0,0,0,3
0x4a7d1d,100%,0,274,274,0,0,0,274
0x53dcd9,100%,0,10,10,10,0,0,0
0x4a9a33,100%,0,2,2,2,0,0,0
0xa297f6,100%,0,4,4,0,0,0,4
0x9e2f4d,100%,0,263,263,263,0,0,0
0x94caca,100%,0,40,40,0,0,0,40
0x97ab10,100%,0,18,18,0,0,0,18
0x405de2,100%,0,8,8,8,0,0,0
0x9e036b,100%,0,987,987,987,0,0,0
0x64ac4d,100%,0,8,8,8,0,0,0
0x90f2e9,100%,0,200,200,0,0,0,200
0x8165c7,100%,0,39,39,0,0,0,39
0x8101c8,100%,0,798,798,0,0,0,798
0xa7befc,100%,0,5,5,5,0,0,0
0x4915c1,100%,0,1,1,0,0,0,1
0x4951b8,100%,0,1,1,0,0,0,1
0x8dd929,100%,0,44,44,44,0,0,0
0x9f634f,100%,0,3,3,0,0,0,3
0x98066b,100%,0,3,3,3,0,0,0
0x49c5da,100%,0,6,6,0,0,0,6
0x9e2a6f,100%,0,74,74,0,0,0,74
0x9f831f,100%,0,11,11,0,0,0,11
0x4c0409,100%,0,86,86,0,0,0,86
0x78b6b6,100%,0,12,12,0,0,0,12
0xa8a8d1,100%,0,4,4,4,0,0,0
0x5d1b1c,100%,0,110,110,0,0,0,110
0x98f974,100%,0,257,257,0,0,0,257
0x53dd30,100%,0,8,8,8,0,0,0
0x81216d,100%,0,4,4,4,0,0,0
0x51068a,100%,0,258,258,258,0,0,0
0xa6b93c,100%,0,4,4,4,0,0,0
0xa022ae,100%,0,1145,1145,0,0,0,1145
0x8a5c0c,100%,0,2,2,2,0,0,0
0x65bc54,100%,0,505,505,0,0,0,505
0xa02f1c,100%,0,2,2,0,0,0,2
0x9f3ce1,100%,0,10,10,0,0,0,10
0x53e30d,100%,0,3718,3718,0,0,0,3718
0x9f9abd,100%,0,109,109,0,0,0,109
0x489e5f,100%,0,68,68,0,0,0,68
0x53dd93,100%,0,6402,6402,6402,0,0,0
0xa3fe46,100%,0,28,28,28,0,0,0
0x49531e,100%,0,1,1,1,0,0,0
0x492852,100%,0,1,1,0,0,0,1
0x8f54c0,100%,0,12,12,12,0,0,0
0x49287f,100%,0,1,1,0,0,0,1
0x5f3c71,100%,0,3,3,0,0,0,3
0x9e102c,100%,0,27,27,0,0,0,27
0x9e1036,100%,0,27,27,0,0,0,27
0xa067b1,100%,0,2,2,0,0,0,2
0x482a4f,100%,0,9,9,0,0,0,9
0x9f9c4b,100%,0,25,25,0,0,0,25
0x5fa7c4,100%,0,69,69,0,0,0,69
0xa959c6,100%,0,4,4,0,0,0,4
0x9ecc29,100%,0,5,5,5,0,0,0
0x64a4f0,100%,0,2,2,0,0,0,2
0x48fdf3,100%,0,10,10,0,0,0,10
0x908980,100%,0,961,961,961,0,0,0
0x5eef41,100%,0,1,1,1,0,0,0
0x812033,100%,0,4,4,0,0,0,4
0x48d677,100%,0,69,69,0,0,0,69
0x8e3e97,100%,0,4,4,4,0,0,0
0x49522e,100%,0,1,1,1,0,0,0
0xa379a8,100%,0,10,10,0,0,0,10
0xaa4cf9,100%,0,3,3,0,0,0,3
0xa48317,100%,0,242,242,0,0,0,242
0x9fc4a5,100%,0,215,215,215,0,0,0
0x49cd29,100%,0,5,5,0,0,0,5
0x974773,100%,0,4,4,0,0,0,4
0xa0976a,100%,0,6,6,0,0,0,6
0x97477f,100%,0,17,17,0,0,0,17
0x692387,100%,0,22,22,0,0,0,22
0xa06feb,100%,0,9,9,9,0,0,0
0x53e2ab,100%,0,6273,6273,6273,0,0,0
0x5a8775,100%,0,2,2,2,0,0,0
0xa9f2ac,100%,0,3,3,3,0,0,0
0x8e3df8,100%,0,4,4,0,0,0,4
0x5a883d,100%,0,2,2,0,0,0,2
0x48f420,100%,0,3,3,0,0,0,3
0x78270d,100%,0,10,10,0,0,0,10
0x5afe69,100%,0,21,21,0,0,0,21
0x7c639f,100%,0,150,150,150,0,0,0
0x9f2940,100%,0,572,572,0,0,0,572
0x4a73d8,100%,0,60,60,0,0,0,60
0x974662,100%,0,2,2,0,0,0,2
0x40dc62,100%,0,1958,1958,0,0,0,1958
0x8ed399,100%,0,6,6,0,0,0,6
0x8e12ee,100%,0,2404,2404,1598,0,0,806
0x815b0f,100%,0,41,41,0,0,0,41
0x5b5b10,100%,0,2,2,0,0,0,2
0x5b2c83,100%,0,2,2,2,0,0,0
0x81198c,100%,0,2,2,0,0,0,2
0x8a8bd6,100%,0,24,24,0,0,0,24
0x59fdf8,100%,0,2,2,2,0,0,0
0x6750f2,100%,0,3,3,0,0,0,3
0x97462b,100%,0,106,106,0,0,0,106
0x97b95e,100%,0,114,114,0,0,0,114
0x811af9,100%,0,2,2,0,0,0,2
0x5a6497,100%,0,2,2,0,0,0,2
0x59fb55,100%,0,1,1,0,0,0,1
0x9591c6,100%,0,3,3,3,0,0,0
0xa2ed71,100%,0,29,29,0,0,0,29
0x59fa5e,100%,0,1,1,0,0,0,1
0x60bbd8,100%,0,9,9,0,0,0,9
0x40aece,100%,0,2,2,2,0,0,0
0xa30e1d,100%,0,192,192,0,0,0,192
0x978139,100%,0,133,133,0,0,0,133
0xa3bddb,100%,0,8,8,0,0,0,8
0x81caed,100%,0,60,60,0,0,0,60
0x9ee364,100%,0,110,110,0,0,0,110
0x81e251,100%,0,1,1,0,0,0,1
0x404412,100%,0,1426,1426,0,0,0,1426
0xa2f0e6,100%,0,38,38,0,0,0,38
0x4b38a0,100%,0,4,4,0,0,0,4
0xa2f19f,100%,0,1,1,0,0,0,1
0x74b96e,100%,0,1,1,1,0,0,0
0xa238ec,100%,0,110,110,0,0,0,110
0x88dee9,100%,0,2,2,2,0,0,0
0x88de9a,100%,0,2,2,2,0,0,0
0xa2ef4a,100%,0,84,84,0,0,0,84
0x8f4d46,100%,0,6,6,6,0,0,0
0x9a3a91,100%,0,2,2,0,0,0,2
0xa2e944,100%,0,53,53,0,0,0,53
0x5a8989,100%,0,2,2,0,0,0,2
0x49a1c3,100%,0,1,1,1,0,0,0
0xa55809,100%,0,6,6,4,0,0,2
0x673a60,100%,0,2,2,0,0,0,2
0xa1d737,100%,0,2,2,0,0,0,2
0x5a8877,100%,0,2,2,0,0,0,2
0x5def9f,100%,0,1,1,0,0,0,1
0x65ba53,100%,0,4576,4576,4576,0,0,0
0x6107b0,100%,0,13,13,0,0,0,13
0xa3eebf,100%,0,8,8,8,0,0,0
0x8ffdd5,100%,0,8,8,0,0,0,8
0xa3e306,100%,0,8,8,0,0,0,8
0x7afd64,100%,0,28,28,0,0,0,28
0x51194f,100%,0,212,212,0,0,0,212
0x8c8732,100%,0,40,40,0,0,0,40
0xa560bc,100%,0,80,80,0,0,0,80
0x58e5d2,100%,0,6,6,0,0,0,6
0xa3cbd2,100%,0,8,8,0,0,0,8
0x81d643,100%,0,426,426,0,0,0,426
0x58e5ea,100%,0,3,3,3,0,0,0
0x69dd7d,100%,0,12,12,12,0,0,0
0x65bf44,100%,0,12,12,12,0,0,0
0xa3ef38,100%,0,8,8,8,0,0,0
0xa3f072,100%,0,8,8,0,0,0,8
0xa3bcfd,100%,0,2,2,2,0,0,0
0x59f5e0,100%,0,2,2,2,0,0,0
0x90a902,100%,0,83,83,0,0,0,83
0x58e5c5,100%,0,6,6,0,0,0,6
0xa3dca6,100%,0,8,8,8,0,0,0
0xa64f5c,100%,0,4,4,4,0,0,0
0xa37355,100%,0,42,42,0,0,0,42
0xa21027,100%,0,4,4,0,0,0,4
0x40df2d,100%,0,108,108,0,0,0,108
0x6809cf,100%,0,491,491,0,0,0,491
0x4418d7,100%,0,11,11,0,0,0,11
0x8e4c9e,100%,0,44,44,0,0,0,44
0x405b8c,100%,0,427,427,0,0,0,427
0xa63c5a,100%,0,1,1,0,0,0,1
0xa3fd25,100%,0,32,32,32,0,0,0
0xa3fe84,100%,0,18,18,0,0,0,18
0x8ea098,100%,0,3,3,0,0,0,3
0xa3ffb8,100%,0,24,24,24,0,0,0
0x4b539a,100%,0,2,2,0,0,0,2
0x4b510c,100%,0,8,8,8,0,0,0
0x804e5b,100%,0,2,2,0,0,0,2
0x8fcdc3,100%,0,44,44,0,0,0,44
0x80e4f6,100%,0,843,843,0,0,0,843
0x59fd3c,100%,0,2,2,0,0,0,2
0x49981b,100%,0,18,18,18,0,0,0
0x511dba,100%,0,384,384,0,0,0,384
0xa85427,100%,0,5,5,0,0,0,5
0x4b9d2f,100%,0,21,21,0,0,0,21
0x591533,100%,0,7,7,0,0,0,7
0x5a6444,100%,0,2,2,2,0,0,0
0x815cf7,100%,0,41,41,0,0,0,41
0xa0a4f3,100%,0,2,2,0,0,0,2
0xa237bf,100%,0,2,2,0,0,0,2
0x4bcd06,100%,0,13,13,0,0,0,13
0x8aae3f,100%,0,5,5,5,0,0,0
0x507179,100%,0,136,136,136,0,0,0
0x95c4e6,100%,0,12,12,0,0,0,12
0x402e27,100%,0,59,59,0,0,0,59
0x40e0a7,100%,0,11181,11181,11181,0,0,0
0x59fccb,100%,0,1,1,0,0,0,1
0x504d47,100%,0,2,2,0,0,0,2
0x5fa1ac,100%,0,27,27,0,0,0,27
0x814463,100%,0,534,534,0,0,0,534
0x4aaf35,100%,0,1,1,0,0,0,1
0x60c631,100%,0,4,4,4,0,0,0
0x5b177a,100%,0,10,10,0,0,0,10
0xa7b0f4,100%,0,5,5,5,0,0,0
0x5b1772,100%,0,10,10,0,0,0,10
0x5d7f4f,100%,0,4,4,0,0,0,4
0x5d7b07,100%,0,4,4,0,0,0,4
0x59f993,100%,0,4,4,0,0,0,4
0xa0566c,100%,0,5,5,0,0,0,5
0x8a77df,100%,0,521,521,0,0,0,521
0xa0631a,100%,0,3,3,0,0,0,3
0x7b838d,100%,0,2,2,2,0,0,0
0x4b6788,100%,0,11,11,0,0,0,11
0x679104,100%,0,61,61,0,0,0,61
0x813954,100%,0,44,44,0,0,0,44
0x61047e,100%,0,543,543,0,0,0,543
0xa0562c,100%,0,1,1,0,0,0,1
0x54142c,100%,0,40,40,0,0,0,40
0x5d1555,100%,0,3,3,3,0,0,0
0x4bb750,100%,0,2,2,2,0,0,0
0xa057d9,100%,0,1,1,0,0,0,1
0x4bdc10,100%,0,1,1,1,0,0,0
0x81980b,100%,0,34,34,0,0,0,34
0x590139,100%,0,12,12,12,0,0,0
0x70e72a,100%,0,6,6,6,0,0,0
0x8d11d9,100%,0,5740,5740,0,0,0,5740
0x7e2147,100%,0,2,2,2,0,0,0
0xa062b7,100%,0,2,2,0,0,0,2
0x4c5aa8,100%,0,21,21,0,0,0,21
0x4c54af,100%,0,1,1,0,0,0,1
0x58e5cd,100%,0,6,6,0,0,0,6
0xa05321,100%,0,4,4,0,0,0,4
0x4c5494,100%,0,1,1,0,0,0,1
0x817e09,100%,0,12,12,0,0,0,12
0x8a29b3,100%,0,566,566,0,0,0,566
0x991328,100%,0,17,17,17,0,0,0
0xa065dc,100%,0,4,4,4,0,0,0
0x5f3e4f,100%,0,1,1,0,0,0,1
0x98fa12,100%,0,257,257,257,0,0,0
0x786c91,100%,0,2,2,2,0,0,0
0xa05345,100%,0,29,29,0,0,0,29
0x48a85f,100%,0,2082,2082,2082,0,0,0
0xa04b71,100%,0,64,64,0,0,0,64
0x5465dc,100%,0,4,4,0,0,0,4
0xa04bb4,100%,0,38,38,0,0,0,38
0xa04c78,100%,0,38,38,0,0,0,38
0x60b9b5,100%,0,85,85,85,0,0,0
0xa4e004,100%,0,2,2,2,0,0,0
0x8f1134,100%,0,40,40,0,0,0,40
0x4c5373,100%,0,20,20,20,0,0,0
0x81a582,100%,0,632,632,632,0,0,0
0x90b177,100%,0,70,70,0,0,0,70
0x8dc40c,100%,0,4,4,0,0,0,4
0xa075b8,100%,0,8,8,1,0,0,7
0xa95dce,100%,0,16,16,0,0,0,16
0x4c92eb,100%,0,16,16,0,0,0,16
0x8fe5a9,100%,0,417,417,0,0,0,417
0x9e3007,100%,0,237,237,0,0,0,237
0xa5f722,100%,0,352,352,0,0,0,352
0x8c9371,100%,0,11,11,0,0,0,11
0x9439ad,100%,0,2,2,0,0,0,2
0xa9bac0,100%,0,7,7,7,0,0,0
0x94af8b,100%,0,16,16,0,0,0,16
0x9848a3,100%,0,4,4,4,0,0,0
0x40466a,100%,0,2,2,2,0,0,0
0x5ba907,100%,0,2,2,2,0,0,0
0x4c606e,100%,0,16,16,16,0,0,0
0x9a89d1,100%,0,269,269,0,0,0,269
0x8efca8,100%,0,113,113,113,0,0,0
0xa058cb,100%,0,5,5,0,0,0,5
0x4c6022,100%,0,16,16,0,0,0,16
0x9fd216,100%,0,7,7,0,0,0,7
0xa05c24,100%,0,29,29,0,0,0,29
0x4c5ff6,100%,0,16,16,16,0,0,0
0x69e68e,100%,0,1,1,1,0,0,0
0x4c7527,100%,0,2,2,0,0,0,2
0xa04f6d,100%,0,62,62,0,0,0,62
0x7c7ba7,100%,0,97,97,0,0,0,97
0x4c7536,100%,0,2,2,0,0,0,2
0x4c642d,100%,0,2,2,0,0,0,2
0x98f98b,100%,0,257,257,257,0,0,0
0x5b49dc,100%,0,2,2,0,0,0,2
0xa05f4e,100%,0,5,5,0,0,0,5
0x50ef24,100%,0,19,19,0,0,0,19
0x60aea1,100%,0,50,50,50,0,0,0
0x98b3ec,100%,0,53,53,0,0,0,53
0x977a84,100%,0,316,316,0,0,0,316
0x8a464f,100%,0,635,635,0,0,0,635
0x4bea51,100%,0,105,105,35,0,0,70
0x619cc2,100%,0,20,20,0,0,0,20
0x8a24b0,100%,0,350,350,350,0,0,0
0x4bd207,100%,0,2,2,0,0,0,2
0x98fa9a,100%,0,257,257,257,0,0,0
0x58d91b,100%,0,6,6,0,0,0,6
0x9020ee,100%,0,54,54,0,0,0,54
0x64c779,100%,0,7,7,0,0,0,7
0x555620,100%,0,4,4,0,0,0,4
0x7d3eb5,100%,0,3,3,0,0,0,3
0x9f4758,100%,0,8,8,0,0,0,8
0x7d33e7,100%,0,12,12,0,0,0,12
0x619927,100%,0,75,75,75,0,0,0
0xa3bb27,100%,0,18,18,0,0,0,18
0x7d416a,100%,0,12,12,0,0,0,12
0x7c7188,100%,0,44,44,0,0,0,44
0x40576c,100%,0,122,122,122,0,0,0
0x94433d,100%,0,110,110,110,0,0,0
0x4c00ab,100%,0,2,2,0,0,0,2
0x786c77,100%,0,2,2,0,0,0,2
0xa0510e,100%,0,1,1,0,0,0,1
0xa051db,100%,0,7,7,0,0,0,7
0x58f410,100%,0,52,52,0,0,0,52
0x4b96d5,100%,0,10,10,0,0,0,10
0x4b9748,100%,0,10,10,10,0,0,0
0xa0647f,100%,0,35,35,0,0,0,35
0xa543f1,100%,0,107,107,0,0,0,107
0x9a1ee4,100%,0,203,203,0,0,0,203
0x9019c1,100%,0,338,338,0,0,0,338
0x9fc935,100%,0,7,7,0,0,0,7
0xa5d016,100%,0,226,226,226,0,0,0
0x8ebb21,100%,0,487,487,0,0,0,487
0x70e95d,100%,0,2,2,0,0,0,2
0xa098a7,100%,0,13,13,0,0,0,13
0x7d403d,100%,0,3,3,0,0,0,3
0xa9035e,100%,0,151,151,0,0,0,151
0x959245,100%,0,128,128,0,0,0,128
0x8388e4,100%,0,5,5,5,0,0,0
0x58d865,100%,0,69,69,0,0,0,69
0xa050e0,100%,0,1,1,0,0,0,1
0xa0508e,100%,0,1,1,0,0,0,1
0x99f672,100%,0,102,102,0,0,0,102
0x4b6ed4,100%,0,31,31,0,0,0,31
0x9692b4,100%,0,86,86,0,0,0,86
0x4a9f03,100%,0,185,185,0,0,0,185
0x81edb6,100%,0,248,248,248,0,0,0
0x8fd9f8,100%,0,1,1,0,0,0,1
0x9e760c,100%,0,159,159,0,0,0,159
0xa06009,100%,0,11,11,0,0,0,11
0x4b9416,100%,0,2,2,0,0,0,2
0x6667cc,100%,0,2,2,0,0,0,2
0x49f5c0,100%,0,18,18,18,0,0,0
0xa08be1,100%,0,4,4,4,0,0,0
0x806289,100%,0,2,2,0,0,0,2
0xa06a42,100%,0,2,2,0,0,0,2
0x7c75e9,100%,0,4,4,0,0,0,4
0xa0671a,100%,0,1,1,0,0,0,1
0xa95a42,100%,0,4,4,0,0,0,4
0x5c6566,100%,0,117,117,0,0,0,117
0x910038,100%,0,680,680,0,0,0,680
0x90ffc4,100%,0,680,680,0,0,0,680
0xa0699a,100%,0,2,2,0,0,0,2
0x5a89d0,100%,0,2,2,2,0,0,0
0xa086bc,100%,0,4,4,0,0,0,4
0x542ffd,100%,0,4,4,4,0,0,0
0x9ecb29,100%,0,5,5,5,0,0,0
0x5f797b,100%,0,295,295,0,0,0,295
0x5f0ae9,100%,0,1,1,1,0,0,0
0xa08c72,100%,0,4,4,0,0,0,4
0x4ca0e2,100%,0,2,2,0,0,0,2
0xa06991,100%,0,2,2,0,0,0,2
0x902d3d,100%,0,872,872,872,0,0,0
0xa06973,100%,0,2,2,2,0,0,0
0x80b4ba,100%,0,1,1,0,0,0,1
0x53feff,100%,0,426,426,0,0,0,426
0x81a440,100%,0,411,411,0,0,0,411
0xa06826,100%,0,2,2,0,0,0,2
0xa067c5,100%,0,2,2,2,0,0,0
0xb2fb79,100%,0,7286,7286,7286,0,0,0
0xa07791,100%,0,2,2,0,0,0,2
0xa073d8,100%,0,2,2,0,0,0,2
0x8f1434,100%,0,451,451,0,0,0,451
0x991498,100%,0,2,2,2,0,0,0
0x9e0821,100%,0,961,961,0,0,0,961
0xad04e9,100%,0,2,2,2,0,0,0
0x80f742,100%,0,2,2,2,0,0,0
0xa41031,100%,0,45,45,0,0,0,45
0xa08e63,100%,0,45,45,0,0,0,45
0x8fc4c8,100%,0,1,1,0,0,0,1
0x83a997,100%,0,15,15,15,0,0,0
0x622994,100%,0,10,10,0,0,0,10
0xa3d931,100%,0,8,8,0,0,0,8
0xa08ef2,100%,0,65,65,1,0,0,64
0x81ba94,100%,0,204,204,0,0,0,204
0x49af47,100%,0,149,149,0,0,0,149
0xa069e5,100%,0,2,2,2,0,0,0
0xa4fe05,100%,0,4,4,0,0,0,4
0x81cef7,100%,0,60,60,0,0,0,60
0x543a82,100%,0,218,218,0,0,0,218
0x94afd9,100%,0,16,16,0,0,0,16
0x951ad9,100%,0,36,36,36,0,0,0
0x5409b1,100%,0,14,14,14,0,0,0
0x6a3b15,100%,0,26,26,26,0,0,0
0xa08b67,100%,0,5,5,0,0,0,5
0x5f1398,100%,0,16,16,0,0,0,16
0xa088fb,100%,0,5,5,0,0,0,5
0xa085b7,100%,0,5,5,0,0,0,5
0xa0854d,100%,0,5,5,0,0,0,5
0x90a768,100%,0,74,74,0,0,0,74
0x9799f7,100%,0,8,8,0,0,0,8
0xaabd18,100%,0,4,4,0,0,0,4
0x804be1,100%,0,1,1,1,0,0,0
0xa087bc,100%,0,8,8,0,0,0,8
0xa08746,100%,0,4,4,0,0,0,4
0x806914,100%,0,12,12,0,0,0,12
0x50fb37,100%,0,10,10,0,0,0,10
0x8066f9,100%,0,5,5,0,0,0,5
0x590d46,100%,0,20,20,0,0,0,20
0x4b5fa7,100%,0,4,4,4,0,0,0
0x6754af,100%,0,1,1,0,0,0,1
0x4b5f25,100%,0,4,4,0,0,0,4
0x638e21,100%,0,547,547,547,0,0,0
0x4b5f91,100%,0,4,4,0,0,0,4
0x59f048,100%,0,4,4,0,0,0,4
0x7c9b3f,100%,0,4,4,4,0,0,0
0x9f5944,100%,0,2,2,0,0,0,2
0x540c4a,100%,0,293,293,0,0,0,293
0xa06fb6,100%,0,9,9,0,0,0,9
0xa39839,100%,0,4,4,0,0,0,4
0x7b016f,100%,0,6,6,0,0,0,6
0xa39841,100%,0,4,4,0,0,0,4
0x4c296e,100%,0,1,1,0,0,0,1
0x7acd6a,100%,0,2,2,0,0,0,2
0x77d85c,100%,0,6,6,0,0,0,6
0x81bd50,100%,0,2,2,0,0,0,2
0x49a08c,100%,0,16,16,0,0,0,16
0x53d917,100%,0,1667,1667,0,0,0,1667
0x901310,100%,0,50,50,0,0,0,50
0xa06f94,100%,0,9,9,0,0,0,9
0x546334,100%,0,443,443,0,0,0,443
0xa06f09,100%,0,9,9,0,0,0,9
0x40a4b3,100%,0,2,2,0,0,0,2
0x60bbe7,100%,0,9,9,0,0,0,9
0x98c71d,100%,0,36,36,0,0,0,36
0x550f6b,100%,0,27,27,0,0,0,27
0x60b9f3,100%,0,18,18,18,0,0,0
0x4c6e8a,100%,0,83,83,0,0,0,83
0x8efcc8,100%,0,117,117,0,0,0,117
0x90673e,100%,0,124,124,124,0,0,0
0xa0762e,100%,0,6,6,0,0,0,6
0x9ed68c,100%,0,59,59,59,0,0,0
0x5916ee,100%,0,3,3,0,0,0,3
0x49a3d6,100%,0,6,6,6,0,0,0
0x7f37b8,100%,0,15,15,0,0,0,15
0x9d124a,100%,0,120,120,0,0,0,120
0x5c4fdc,100%,0,31,31,0,0,0,31
0x49a415,100%,0,6,6,0,0,0,6
0x9aae12,100%,0,37,37,0,0,0,37
0x73d7f9,100%,0,4,4,4,0,0,0
0x7bae9b,100%,0,2,2,2,0,0,0
0x943837,100%,0,40,40,0,0,0,40
0x7bafb3,100%,0,2,2,2,0,0,0
0xa0bc1c,100%,0,5,5,0,0,0,5
0x53e371,100%,0,3148,3148,0,0,0,3148
0x4bb923,100%,0,56,56,56,0,0,0
0x4036db,100%,0,779,779,0,0,0,779
0x8e9cec,100%,0,5,5,0,0,0,5
0xa2f271,100%,0,38,38,0,0,0,38
0x903320,100%,0,12,12,0,0,0,12
0x7bae7d,100%,0,2,2,0,0,0,2
0xa07ee6,100%,0,1,1,1,0,0,0
0xad7bf6,100%,0,87,87,0,0,0,87
0x548a7f,100%,0,6,6,2,0,0,4
0xa07e22,100%,0,2,2,0,0,0,2
0x548a94,100%,0,4,4,0,0,0,4
0x8a95a4,100%,0,12,12,0,0,0,12
0x4c9351,100%,0,4,4,4,0,0,0
0x54fc7c,100%,0,1,1,0,0,0,1
0xaa3935,100%,0,21,21,16,0,0,5
0x79482f,100%,0,6,6,6,0,0,0
0x80d402,100%,0,2,2,0,0,0,2
0x648756,100%,0,56,56,56,0,0,0
0x60bba5,100%,0,5,5,5,0,0,0
0xa06e56,100%,0,4,4,0,0,0,4
0x40e8c5,100%,0,5,5,5,0,0,0
0x619be7,100%,0,20,20,0,0,0,20
0xa0561e,100%,0,1,1,0,0,0,1
0x9bc7f0,100%,0,299,299,0,0,0,299
0x619d20,100%,0,20,20,0,0,0,20
0x620f68,100%,0,5,5,0,0,0,5
0x40e899,100%,0,5,5,5,0,0,0
0x61f35b,100%,0,10,10,0,0,0,10
0x61f366,100%,0,10,10,10,0,0,0
0x619a9a,100%,0,15,15,0,0,0,15
0x78c018,100%,0,2,2,0,0,0,2
0xaabcd0,100%,0,4,4,4,0,0,0
0x6229cb,100%,0,10,10,0,0,0,10
0x6229d4,100%,0,10,10,10,0,0,0
0x4b55b0,100%,0,2,2,0,0,0,2
0x622a20,100%,0,10,10,10,0,0,0
0x4b7c24,100%,0,11,11,11,0,0,0
0x9f592c,100%,0,25,25,0,0,0,25
0x8f1052,100%,0,40,40,0,0,0,40
0xa53504,100%,0,2,2,0,0,0,2
0x49050f,100%,0,3,3,0,0,0,3
0x90fe90,100%,0,3813,3813,0,0,0,3813
0x8a3116,100%,0,2,2,0,0,0,2
0x7d23a8,100%,0,1,1,0,0,0,1
0x9a3a13,100%,0,13,13,0,0,0,13
0x8195d9,100%,0,329,329,0,0,0,329
0x6228d5,100%,0,10,10,0,0,0,10
0x49e1a8,100%,0,1183,1183,0,0,0,1183
0x81cb3a,100%,0,60,60,0,0,0,60
0x48d24a,100%,0,6,6,0,0,0,6
0x65bbb0,100%,0,505,505,0,0,0,505
0xa36405,100%,0,7,7,0,0,0,7
0xb0a11b,100%,0,210,210,0,0,0,210
0xa31afd,100%,0,3,3,0,0,0,3
0xa37f16,100%,0,5,5,0,0,0,5
0xaab78b,100%,0,99,99,0,0,0,99
0x8dcab2,100%,0,4,4,0,0,0,4
0x8ffdc7,100%,0,8,8,0,0,0,8
0x8ffde7,100%,0,8,8,0,0,0,8
0xa4c862,100%,0,4,4,0,0,0,4
0x7d1efa,100%,0,4,4,0,0,0,4
0x80c6ba,100%,0,5,5,5,0,0,0
0x8f4ea3,100%,0,2505,2505,0,0,0,2505
0x5f8a91,100%,0,8,8,0,0,0,8
0xaa81af,100%,0,5,5,0,0,0,5
0xa1a316,100%,0,9,9,9,0,0,0
0x98ca13,100%,0,109,109,0,0,0,109
0x8ee79e,100%,0,170,170,0,0,0,170
0x619d3d,100%,0,5,5,0,0,0,5
0x9591bc,100%,0,3,3,0,0,0,3
0xa36368,100%,0,12,12,0,0,0,12
0xa2587f,100%,0,5,5,0,0,0,5
0x51104b,100%,0,3774,3774,0,0,0,3774
0xa34884,100%,0,527,527,0,0,0,527
0xa34850,100%,0,527,527,0,0,0,527
0x9fcbb2,100%,0,18,18,0,0,0,18
0x5afeb2,100%,0,21,21,0,0,0,21
0x4a2271,100%,0,4,4,0,0,0,4
0xa4bb15,100%,0,4,4,0,0,0,4
0x8e39a7,100%,0,32,32,0,0,0,32
0x81628f,100%,0,2,2,0,0,0,2
0x5342aa,100%,0,101,101,0,0,0,101
0xa3799d,100%,0,10,10,0,0,0,10
0x8fd236,100%,0,2,2,0,0,0,2
0x5909a9,100%,0,2,2,2,0,0,0
0x9e0fb4,100%,0,80,80,0,0,0,80
0xa07eab,100%,0,1,1,1,0,0,0
0x80b270,100%,0,2,2,0,0,0,2
0x8e4bbf,100%,0,3489,3489,0,0,0,3489
0x8a9790,100%,0,7966,7966,0,0,0,7966
0xa1ad96,100%,0,74,74,0,0,0,74
0x7cf699,100%,0,8,8,0,0,0,8
0x66f6f7,100%,0,1,1,1,0,0,0
0xa3629b,100%,0,297,297,0,0,0,297
0x557f82,100%,0,370,370,0,0,0,370
0x7b0158,100%,0,6,6,0,0,0,6
0xa36459,100%,0,130,130,0,0,0,130
0x550334,100%,0,354,354,0,0,0,354
0x8e3289,100%,0,1977,1977,0,0,0,1977
0x67538e,100%,0,1,1,1,0,0,0
0x9e0119,100%,0,1074,1074,0,0,0,1074
0x8ec617,100%,0,2,2,0,0,0,2
0x54ecc4,100%,0,69,69,0,0,0,69
0xa368c2,100%,0,435,435,0,0,0,435
0x51292f,100%,0,25,25,21,0,0,4
0x7869fc,100%,0,6,6,0,0,0,6
0x9e8787,100%,0,79,79,0,0,0,79
0x4a6d38,100%,0,99,99,99,0,0,0
0x804eaf,100%,0,96,96,0,0,0,96
0x8a2865,100%,0,131,131,131,0,0,0
0x5d8fda,100%,0,10,10,10,0,0,0
0x5ff4e7,100%,0,4,4,0,0,0,4
0xa43094,100%,0,4,4,0,0,0,4
0x5f9205,100%,0,9,9,0,0,0,9
0x808496,100%,0,4,4,0,0,0,4
0x511090,100%,0,3774,3774,3774,0,0,0
0x8a98a8,100%,0,1470,1470,0,0,0,1470
0x5ff454,100%,0,4,4,3,0,0,1
0xa42fe0,100%,0,4,4,0,0,0,4
0x675632,100%,0,1,1,0,0,0,1
0xa50b97,100%,0,16,16,0,0,0,16
0xa36bf5,100%,0,7,7,0,0,0,7
0x6755ee,100%,0,1,1,0,0,0,1
0xa36c40,100%,0,2,2,0,0,0,2
0x60dc25,100%,0,60,60,0,0,0,60
0x821bcd,100%,0,1,1,1,0,0,0
0xa5a0cd,100%,0,4,4,0,0,0,4
0xa6c6a6,100%,0,43,43,0,0,0,43
0x67b57a,100%,0,1794,1794,1794,0,0,0
0xa3da34,100%,0,8,8,0,0,0,8
0xa9f3b8,100%,0,3,3,0,0,0,3
0x490bb1,100%,0,41,41,0,0,0,41
0x4904cc,100%,0,3,3,0,0,0,3
0x66f4db,100%,0,1,1,1,0,0,0
0xae7095,100%,0,69,69,0,0,0,69
0x9d687d,100%,0,114,114,0,0,0,114
0x48ee3d,100%,0,331,331,0,0,0,331
0x5095e6,100%,0,41,41,0,0,0,41
0x9a7de8,100%,0,43,43,0,0,0,43
0x9112d1,100%,0,1035,1035,0,0,0,1035
0x5b2c3a,100%,0,2,2,0,0,0,2
0x818880,100%,0,827,827,0,0,0,827
0xa36e6f,100%,0,10,10,0,0,0,10
0x675581,100%,0,1,1,0,0,0,1
0x9be996,100%,0,14,14,14,0,0,0
0x53854b,100%,0,1,1,0,0,0,1
0x555f66,100%,0,3,3,0,0,0,3
0xa02b58,100%,0,2,2,0,0,0,2
0xa369a5,100%,0,432,432,416,0,0,16
0x6753c5,100%,0,3,3,2,0,0,1
0xa36912,100%,0,432,432,0,0,0,432
0xa2f143,100%,0,1,1,0,0,0,1
0x4c83d8,100%,0,3,3,0,0,0,3
0x70e87e,100%,0,6,6,0,0,0,6
0x48a6fa,100%,0,2122,2122,0,0,0,2122
0x4a8404,100%,0,92,92,0,0,0,92
0x9ecd53,100%,0,10,10,0,0,0,10
0x610f45,100%,0,2,2,0,0,0,2
0x94297f,100%,0,229,229,229,0,0,0
0x804f66,100%,0,2,2,0,0,0,2
0x818871,100%,0,827,827,0,0,0,827
0xa4a876,100%,0,2,2,0,0,0,2
0xa15d71,100%,0,8,8,0,0,0,8
0x6672db,100%,0,31,31,0,0,0,31
0x4bd2e8,100%,0,1,1,0,0,0,1
0x5bad48,100%,0,2,2,0,0,0,2
0x843744,100%,0,8,8,8,0,0,0
0x9a493e,100%,0,16,16,16,0,0,0
0x5f9e23,100%,0,6,6,0,0,0,6
0x8db639,100%,0,1150,1150,0,0,0,1150
0x4c83ab,100%,0,3,3,0,0,0,3
0xa4a3ad,100%,0,10,10,10,0,0,0
0x8bc835,100%,0,2,2,2,0,0,0
0xa4a737,100%,0,8,8,0,0,0,8
0x4b9cb7,100%,0,10,10,0,0,0,10
0x4b9cae,100%,0,10,10,0,0,0,10
0x80a62c,100%,0,2,2,0,0,0,2
0x88e056,100%,0,6,6,0,0,0,6
0x54650d,100%,0,350,350,0,0,0,350
0x9fe3fa,100%,0,131,131,0,0,0,131
0xa4a35d,100%,0,18,18,0,0,0,18
0x511a1d,100%,0,3899,3899,3899,0,0,0
0xa4a316,100%,0,18,18,0,0,0,18
0x90cab5,100%,0,119,119,0,0,0,119
0x817066,100%,0,2,2,0,0,0,2
0x8a6988,100%,0,1,1,0,0,0,1
0xb14941,100%,0,4258,4258,0,0,0,4258
0x819aac,100%,0,34,34,0,0,0,34
0x4c475a,100%,0,2,2,0,0,0,2
0x4c66a0,100%,0,4,4,4,0,0,0
0x4a61e1,100%,0,3,3,0,0,0,3
0x4c6753,100%,0,4,4,0,0,0,4
0xa30f56,100%,0,195,195,0,0,0,195
0x50389b,100%,0,10,10,10,0,0,0
0x4c5d21,100%,0,21,21,0,0,0,21
0x812132,100%,0,4,4,0,0,0,4
0x8e9334,100%,0,3,3,0,0,0,3
0x6809f8,100%,0,491,491,0,0,0,491
0x8dc385,100%,0,4,4,0,0,0,4
0x8e1e13,100%,0,237,237,237,0,0,0
0x4c006e,100%,0,2,2,0,0,0,2
0x4c008a,100%,0,2,2,0,0,0,2
0x50a767,100%,0,51,51,0,0,0,51
0x8fdef3,100%,0,33500,33500,0,0,0,33500
0x9ede75,100%,0,2,2,0,0,0,2
0xa3051a,100%,0,623,623,0,0,0,623
0x4bd629,100%,0,1,1,1,0,0,0
0x944204,100%,0,826,826,0,0,0,826
0x814637,100%,0,429,429,0,0,0,429
0x4bd360,100%,0,1,1,1,0,0,0
0xb49ff6,100%,0,1,1,0,0,0,1
0xa2f113,100%,0,2,2,2,0,0,0
0x67985f,100%,0,6,6,0,0,0,6
0xa160a3,100%,0,12,12,12,0,0,0
0xa1609c,100%,0,12,12,0,0,0,12
0xa1606f,100%,0,24,24,0,0,0,24
0x8103e1,100%,0,554,554,0,0,0,554
0x5aef23,100%,0,696,696,0,0,0,696
0x61a38a,100%,0,5,5,0,0,0,5
0x5f5baa,100%,0,2,2,0,0,0,2
0x60c575,100%,0,10,10,0,0,0,10
0x493e4e,100%,0,2,2,2,0,0,0
0x8ffecd,100%,0,6,6,0,0,0,6
0x5fabf0,100%,0,1,1,0,0,0,1
0x4bb80f,100%,0,18,18,0,0,0,18
0x60c5b1,100%,0,5,5,0,0,0,5
0x785075,100%,0,28,28,28,0,0,0
0xa5f325,100%,0,4,4,0,0,0,4
0x627976,100%,0,1201,1201,0,0,0,1201
0x8ffee7,100%,0,10,10,0,0,0,10
0xa9c9be,100%,0,34,34,34,0,0,0
0x9ebd0a,100%,0,63,63,0,0,0,63
0x9e2a68,100%,0,74,74,0,0,0,74
0x67ac0e,100%,0,6,6,6,0,0,0
0x611479,100%,0,11,11,0,0,0,11
0x64ba9d,100%,0,1397,1397,0,0,0,1397
0xb30426,100%,0,5,5,0,0,0,5
0x9a659e,100%,0,4,4,0,0,0,4
0x4995f5,100%,0,127,127,0,0,0,127
0x619ada,100%,0,5,5,0,0,0,5
0x6431fe,100%,0,266,266,0,0,0,266
0x77ad96,100%,0,522,522,522,0,0,0
0x619e55,100%,0,5,5,0,0,0,5
0xa960aa,100%,0,26,26,0,0,0,26
0x8087b6,100%,0,231,231,0,0,0,231
0x49bda4,100%,0,4,4,0,0,0,4
0x5fe601,100%,0,4,4,4,0,0,0
0x48d24f,100%,0,6,6,6,0,0,0
0x5ebee5,100%,0,14,14,0,0,0,14
0xa96e01,100%,0,21,21,0,0,0,21
0x53a505,100%,0,2,2,0,0,0,2
0x4c7748,100%,0,8,8,0,0,0,8
0x815c63,100%,0,41,41,0,0,0,41
0xa4a22b,100%,0,56,56,0,0,0,56
0x4c16c4,100%,0,3,3,3,0,0,0
0xa58705,100%,0,4,4,0,0,0,4
0xb304e2,100%,0,5,5,5,0,0,0
0x4c169a,100%,0,3,3,0,0,0,3
0xa4a1d0,100%,0,63,63,0,0,0,63
0x4c619f,100%,0,7,7,0,0,0,7
0x8fd58f,100%,0,2300,2300,0,0,0,2300
0x4b9c21,100%,0,27,27,27,0,0,0
0x4c5284,100%,0,27,27,0,0,0,27
0x4c52b4,100%,0,24,24,0,0,0,24
0xb3159a,100%,0,2,2,0,0,0,2
0x9a6ab7,100%,0,1,1,0,0,0,1
0x48b367,100%,0,43,43,0,0,0,43
0x8e9a0e,100%,0,2,2,0,0,0,2
0x544a5b,100%,0,9,9,9,0,0,0
0x8e02c4,100%,0,570,570,0,0,0,570
0x487918,100%,0,2,2,0,0,0,2
0x7e07d1,100%,0,18,18,0,0,0,18
0x4c3cd5,100%,0,7,7,7,0,0,0
0x619b26,100%,0,10,10,10,0,0,0
0x9027ba,100%,0,24,24,0,0,0,24
0x965f37,100%,0,2,2,0,0,0,2
0x9d0b7e,100%,0,51,51,0,0,0,51
0x40ac3f,100%,0,25,25,0,0,0,25
0x682392,100%,0,34,34,0,0,0,34
0x8fea2f,100%,0,50,50,0,0,0,50
0xa32697,100%,0,2,2,0,0,0,2
0xaa5822,100%,0,996,996,996,0,0,0
0xa3266c,100%,0,2,2,0,0,0,2
0x96ec1b,100%,0,1,1,0,0,0,1
0xa54667,100%,0,2,2,2,0,0,0
0x48a088,100%,0,3996,3996,3996,0,0,0
0xa4ed81,100%,0,2,2,0,0,0,2
0x67f566,100%,0,37,37,0,0,0,37
0x40e60d,100%,0,1948,1948,0,0,0,1948
0x5f07c8,100%,0,2,2,0,0,0,2
0xa4f82a,100%,0,2,2,0,0,0,2
0xb2edc4,100%,0,239,239,0,0,0,239
0x4b8b28,100%,0,4,4,4,0,0,0
0xa52e13,100%,0,9,9,0,0,0,9
0xa4647e,100%,0,193,193,0,0,0,193
0x7cf665,100%,0,8,8,0,0,0,8
0xa55115,100%,0,2,2,2,0,0,0
0x50293f,100%,0,97,97,0,0,0,97
0x8dff4c,100%,0,32,32,0,0,0,32
0x80ea8a,100%,0,526,526,0,0,0,526
0x403fab,100%,0,10,10,0,0,0,10
0xa5465b,100%,0,2,2,0,0,0,2
0x9439c5,100%,0,2,2,2,0,0,0
0x4bffc3,100%,0,24,24,0,0,0,24
0xa54604,100%,0,2,2,0,0,0,2
0x64b4e2,100%,0,3,3,3,0,0,0
0x9f08ee,100%,0,10,10,0,0,0,10
0x9595cc,100%,0,4,4,0,0,0,4
0x403acd,100%,0,1503,1503,0,0,0,1503
0xa545dd,100%,0,8,8,0,0,0,8
0xa06e14,100%,0,38,38,0,0,0,38
0x403b1b,100%,0,549,549,549,0,0,0
0x9dfa44,100%,0,214,214,0,0,0,214
0x41045c,100%,0,24,24,2,0,0,22
0x99f81a,100%,0,13,13,13,0,0,0
0x7cc20a,100%,0,12,12,12,0,0,0
0x54d036,100%,0,4,4,0,0,0,4
0xa55ad3,100%,0,4,4,4,0,0,0
0x48a0dc,100%,0,68,68,0,0,0,68
0x40ee7f,100%,0,126,126,126,0,0,0
0xa51e4f,100%,0,39,39,0,0,0,39
0x4038f1,100%,0,353,353,353,0,0,0
0xa51ea9,100%,0,28,28,28,0,0,0
0x8170a4,100%,0,2,2,0,0,0,2
0x9005a8,100%,0,172,172,0,0,0,172
0xa95aaf,100%,0,2,2,0,0,0,2
0x9ea96a,100%,0,2,2,2,0,0,0
0x8f20a5,100%,0,17,17,0,0,0,17
0x5910d6,100%,0,1,1,1,0,0,0
0x9733c8,100%,0,40,40,0,0,0,40
0xa51d38,100%,0,8,8,8,0,0,0
0x822395,100%,0,273,273,0,0,0,273
0x9f115f,100%,0,283,283,0,0,0,283
0x8da3d5,100%,0,106,106,0,0,0,106
0x40391f,100%,0,353,353,353,0,0,0
0x7bdd3a,100%,0,4,4,4,0,0,0
0xa55a67,100%,0,2,2,0,0,0,2
0x8dce87,100%,0,175,175,0,0,0,175
0xa55a52,100%,0,2,2,0,0,0,2
0xa2f92f,100%,0,83,83,0,0,0,83
0xa55a49,100%,0,2,2,0,0,0,2
0xa55969,100%,0,4,4,0,0,0,4
0x8e5992,100%,0,451,451,0,0,0,451
0x70e926,100%,0,2,2,0,0,0,2
0x510565,100%,0,1248,1248,0,0,0,1248
0xa558e4,100%,0,2,2,0,0,0,2
0x4a9bbd,100%,0,2,2,0,0,0,2
0x8ad7ee,100%,0,2,2,2,0,0,0
0x8089a2,100%,0,21,21,0,0,0,21
0xa534db,100%,0,2,2,0,0,0,2
0x9a8cc0,100%,0,62,62,62,0,0,0
0x40b158,100%,0,193,193,193,0,0,0
0x54fcc1,100%,0,1,1,1,0,0,0
0x822041,100%,0,32,32,0,0,0,32
0xa4eef3,100%,0,22,22,0,0,0,22
0xa4ef07,100%,0,22,22,22,0,0,0
0x48710f,100%,0,2,2,0,0,0,2
0x977297,100%,0,2,2,0,0,0,2
0xa9b9e6,100%,0,20,20,20,0,0,0
0x984685,100%,0,95,95,0,0,0,95
0x96e3ad,100%,0,1,1,0,0,0,1
0x402de9,100%,0,59,59,0,0,0,59
0x8be2af,100%,0,2,2,0,0,0,2
0xa5412f,100%,0,694,694,694,0,0,0
0x9a7edc,100%,0,25,25,0,0,0,25
0xaadb17,100%,0,64,64,64,0,0,0
0x5557af,100%,0,4,4,0,0,0,4
0xa956ca,100%,0,4,4,0,0,0,4
0x670e58,100%,0,2,2,0,0,0,2
0xa49794,100%,0,302,302,0,0,0,302
0x6ec01e,100%,0,1,1,1,0,0,0
0x90e60d,100%,0,603,603,0,0,0,603
0x491b85,100%,0,2,2,1,0,0,1
0xa4f8e2,100%,0,14,14,0,0,0,14
0x817181,100%,0,2,2,0,0,0,2
0xa5395f,100%,0,14,14,14,0,0,0
0xa53912,100%,0,14,14,0,0,0,14
0x804f09,100%,0,2,2,0,0,0,2
0xa538f1,100%,0,7,7,0,0,0,7
0x9aa132,100%,0,33,33,0,0,0,33
0x9aa0f1,100%,0,54,54,0,0,0,54
0xa04fa8,100%,0,5,5,0,0,0,5
0xa531ae,100%,0,8,8,8,0,0,0
0x409eee,100%,0,128,128,0,0,0,128
0xa53119,100%,0,2,2,0,0,0,2
0x49178c,100%,0,1,1,1,0,0,0
0x48a698,100%,0,694,694,0,0,0,694
0x9f2416,100%,0,10,10,0,0,0,10
0x9f03b4,100%,0,383,383,0,0,0,383
0x609dbe,100%,0,194,194,0,0,0,194
0x649146,100%,0,2,2,0,0,0,2
0x843728,100%,0,8,8,0,0,0,8
0xa723bf,100%,0,4,4,0,0,0,4
0xa531e6,100%,0,2,2,2,0,0,0
0xa53224,100%,0,2,2,0,0,0,2
0xa53273,100%,0,6,6,6,0,0,0
0x441a52,100%,0,11,11,0,0,0,11
0x9f05c2,100%,0,770,770,770,0,0,0
0x5be37e,100%,0,85,85,0,0,0,85
0xa4b682,100%,0,20,20,0,0,0,20
0xb4989d,100%,0,10,10,0,0,0,10
0xa53110,100%,0,2,2,0,0,0,2
0xa02afa,100%,0,9,9,9,0,0,0
0x50efcc,100%,0,2,2,0,0,0,2
0x8061b8,100%,0,2,2,0,0,0,2
0x81e4fa,100%,0,553,553,553,0,0,0
0x8a7466,100%,0,144,144,0,0,0,144
0x9a3f4b,100%,0,28,28,0,0,0,28
0x675791,100%,0,1,1,1,0,0,0
0x959cec,100%,0,4,4,4,0,0,0
0xaa5d5b,100%,0,1,1,0,0,0,1
0xa97b01,100%,0,2,2,0,0,0,2
0x8fd4e0,100%,0,113,113,0,0,0,113
0x5d98a4,100%,0,8,8,8,0,0,0
0x64b9a3,100%,0,1397,1397,1397,0,0,0
0x80abde,100%,0,2,2,0,0,0,2
0x4417ae,100%,0,11,11,0,0,0,11
0x4417b7,100%,0,11,11,0,0,0,11
0x9eb283,100%,0,2,2,0,0,0,2
0x4bd154,100%,0,7,7,0,0,0,7
0x5e379c,100%,0,1509,1509,0,0,0,1509
0x4037fc,100%,0,531,531,0,0,0,531
0x9ecadb,100%,0,4,4,4,0,0,0
0x4417d7,100%,0,11,11,0,0,0,11
0xa326c6,100%,0,2,2,0,0,0,2
0x8ea7b5,100%,0,4,4,0,0,0,4
0x44186e,100%,0,11,11,0,0,0,11
0xa2866e,100%,0,1,1,1,0,0,0
0xa2869a,100%,0,1,1,1,0,0,0
0x8a9ee4,100%,0,466,466,0,0,0,466
0xa2a808,100%,0,2,2,2,0,0,0
0x49b0e9,100%,0,2,2,0,0,0,2
0xa058c3,100%,0,10,10,5,0,0,5
0xa2852a,100%,0,160,160,0,0,0,160
0x917905,100%,0,680,680,0,0,0,680
0xa1af24,100%,0,44,44,44,0,0,0
0x44176e,100%,0,11,11,0,0,0,11
0x441757,100%,0,11,11,0,0,0,11
0xa2a93f,100%,0,1,1,0,0,0,1
0x944d89,100%,0,347,347,347,0,0,0
0x44174e,100%,0,11,11,0,0,0,11
0x666eb3,100%,0,3,3,3,0,0,0
0xa28118,100%,0,3,3,0,0,0,3
0x9e0b55,100%,0,257,257,0,0,0,257
0x40426e,100%,0,277,277,0,0,0,277
0x4416d7,100%,0,11,11,0,0,0,11
0xa08089,100%,0,4,4,0,0,0,4
0x4416b7,100%,0,11,11,0,0,0,11
0x9ff75a,100%,0,2,2,0,0,0,2
0x9a3a65,100%,0,13,13,11,0,0,2
0x9ff714,100%,0,2,2,0,0,0,2
0x49cff4,100%,0,1,1,0,0,0,1
0x9ff71a,100%,0,2,2,0,0,0,2
0x9ff723,100%,0,2,2,2,0,0,0
0x9ff742,100%,0,2,2,0,0,0,2
0x97b84c,100%,0,9,9,9,0,0,0
0x9ff74d,100%,0,2,2,0,0,0,2
0x9ff663,100%,0,5,5,0,0,0,5
0xa5a03e,100%,0,3,3,0,0,0,3
0xa286dc,100%,0,21,21,21,0,0,0
0x403b55,100%,0,595,595,595,0,0,0
0xa28726,100%,0,21,21,0,0,0,21
0xa2ee75,100%,0,184,184,0,0,0,184
0xa3fe2f,100%,0,28,28,0,0,0,28
0x5a05d0,100%,0,2,2,0,0,0,2
0x8eaed6,100%,0,72,72,0,0,0,72
0x9ff65c,100%,0,5,5,0,0,0,5
0xa06489,100%,0,35,35,0,0,0,35
0x81f993,100%,0,9,9,0,0,0,9
0xa99fab,100%,0,2,2,0,0,0,2
0x803908,100%,0,2,2,2,0,0,0
0xa99d24,100%,0,11,11,0,0,0,11
0x4b9103,100%,0,9,9,0,0,0,9
0x511d7f,100%,0,2084,2084,0,0,0,2084
0x786957,100%,0,12,12,0,0,0,12
0x4418f7,100%,0,11,11,0,0,0,11
0x4418b7,100%,0,11,11,0,0,0,11
0x90ba62,100%,0,573,573,0,0,0,573
0x4418ae,100%,0,11,11,0,0,0,11
0x8f2880,100%,0,44,44,44,0,0,0
0x8ff404,100%,0,127,127,0,0,0,127
0x9f2304,100%,0,10,10,0,0,0,10
0xa413ea,100%,0,8,8,8,0,0,0
0x81281b,100%,0,15,15,0,0,0,15
0x9e0c29,100%,0,13,13,13,0,0,0
0x9e2c60,100%,0,23,23,0,0,0,23
0x9e2c78,100%,0,23,23,0,0,0,23
0x8d9b9a,100%,0,370,370,0,0,0,370
0x8aac09,100%,0,10,10,0,0,0,10
0x783d2b,100%,0,156,156,156,0,0,0
0x9fc743,100%,0,14,14,14,0,0,0
0x6000c7,100%,0,27,27,0,0,0,27
0x97344b,100%,0,7,7,0,0,0,7
0x96ad5c,100%,0,7,7,0,0,0,7
0x40396c,100%,0,37,37,0,0,0,37
0x40395c,100%,0,37,37,0,0,0,37
0x8ea167,100%,0,2474,2474,2474,0,0,0
0xa48c72,100%,0,167,167,0,0,0,167
0x609e58,100%,0,613,613,0,0,0,613
0x5b6e94,100%,0,8,8,0,0,0,8
0xa46ef7,100%,0,18,18,0,0,0,18
0x9f1738,100%,0,90,90,0,0,0,90
0xa46e56,100%,0,18,18,18,0,0,0
0x88e05e,100%,0,6,6,0,0,0,6
0x8aabc9,100%,0,154,154,0,0,0,154
0xa46b3c,100%,0,18,18,18,0,0,0
0x781fb3,100%,0,2291,2291,0,0,0,2291
0xa41ee4,100%,0,31,31,0,0,0,31
0x6706a9,100%,0,17,17,17,0,0,0
0x555d42,100%,0,38,38,38,0,0,0
0xaa5c5c,100%,0,34,34,34,0,0,0
0x9f870f,100%,0,3,3,3,0,0,0
0x69235c,100%,0,22,22,0,0,0,22
0xa4bb63,100%,0,14,14,0,0,0,14
0x4415f7,100%,0,11,11,0,0,0,11
0x8f6cd6,100%,0,45,45,0,0,0,45
0xa2a8c7,100%,0,66,66,0,0,0,66
0x4a134f,100%,0,467,467,0,0,0,467
0xa2a9df,100%,0,113,113,0,0,0,113
0x495ee7,100%,0,55,55,0,0,0,55
0x94ebd1,100%,0,90,90,0,0,0,90
0x4415ee,100%,0,11,11,0,0,0,11
0x4aaec9,100%,0,11,11,0,0,0,11
0x40394d,100%,0,37,37,37,0,0,0
0x8bd81d,100%,0,20,20,0,0,0,20
0x66f58f,100%,0,29,29,29,0,0,0
0xa51a5b,100%,0,7,7,7,0,0,0
0x44162e,100%,0,11,11,0,0,0,11
0x441637,100%,0,11,11,0,0,0,11
0x441657,100%,0,11,11,0,0,0,11
0x818b77,100%,0,80,80,80,0,0,0
0xa477e4,100%,0,4,4,4,0,0,0
0x441557,100%,0,11,11,0,0,0,11
0x502e3c,100%,0,13,13,13,0,0,0
0x44152e,100%,0,11,11,0,0,0,11
0x441517,100%,0,11,11,0,0,0,11
0x4414ee,100%,0,11,11,0,0,0,11
0x805279,100%,0,2,2,2,0,0,0
0xa263f0,100%,0,108,108,0,0,0,108
0xa58fed,100%,0,41,41,0,0,0,41
0x9e2d60,100%,0,16,16,0,0,0,16
0x95b517,100%,0,4,4,4,0,0,0
0x8f687a,100%,0,34,34,0,0,0,34
0x9e2d15,100%,0,13,13,0,0,0,13
0x8f34fe,100%,0,12,12,0,0,0,12
0x906877,100%,0,79,79,79,0,0,0
0x975148,100%,0,19,19,0,0,0,19
0x7ce762,100%,0,44,44,0,0,0,44
0x8434f0,100%,0,1,1,0,0,0,1
0x99f222,100%,0,20,20,20,0,0,0
0x5fdcb7,100%,0,1,1,1,0,0,0
0x811898,100%,0,2,2,0,0,0,2
0x679feb,100%,0,1794,1794,0,0,0,1794
0x9e604f,100%,0,18,18,0,0,0,18
0x7ce7c3,100%,0,12,12,12,0,0,0
0x4877e2,100%,0,1,1,0,0,0,1
0x48778e,100%,0,24,24,0,0,0,24
0x7ce52e,100%,0,275,275,0,0,0,275
0x7c20e8,100%,0,12,12,0,0,0,12
0xa5af16,100%,0,2,2,0,0,0,2
0x4a6cad,100%,0,99,99,0,0,0,99
0xa5af20,100%,0,2,2,0,0,0,2
0x48980f,100%,0,12,12,12,0,0,0
0xa35f4e,100%,0,31,31,0,0,0,31
0x80ba52,100%,0,2,2,0,0,0,2
0x48775c,100%,0,24,24,0,0,0,24
0x5b2323,100%,0,240,240,0,0,0,240
0x5d0386,100%,0,6,6,3,0,0,3
0x7807b1,100%,0,8,8,8,0,0,0
0x49d269,100%,0,1,1,0,0,0,1
0x9e5ee3,100%,0,18,18,18,0,0,0
0xa5b2fd,100%,0,3,3,0,0,0,3
0xa5abca,100%,0,15,15,0,0,0,15
0xa5432f,100%,0,19,19,0,0,0,19
0x9aa5f0,100%,0,22,22,22,0,0,0
0x4acb66,100%,0,1,1,1,0,0,0
0x506eac,100%,0,1,1,0,0,0,1
0x4ac9cd,100%,0,3,3,3,0,0,0
0x7ce7eb,100%,0,12,12,12,0,0,0
0x9cfd6c,100%,0,36,36,0,0,0,36
0x5db599,100%,0,4,4,0,0,0,4
0xa5b369,100%,0,11,11,0,0,0,11
0xa5b558,100%,0,3,3,3,0,0,0
0x485d00,100%,0,3,3,3,0,0,0
0x404765,100%,0,602,602,0,0,0,602
0x7d3e66,100%,0,3,3,0,0,0,3
0xa5b2be,100%,0,3,3,0,0,0,3
0x9e610c,100%,0,7,7,7,0,0,0
0x7ce926,100%,0,351,351,0,0,0,351
0x88e2b1,100%,0,98,98,0,0,0,98
0x7f0c2c,100%,0,1,1,0,0,0,1
0x8dce41,100%,0,61,61,0,0,0,61
0x5d1139,100%,0,3,3,3,0,0,0
0x9a91ec,100%,0,14,14,0,0,0,14
0xa36444,100%,0,7,7,0,0,0,7
0x5d2026,100%,0,3,3,0,0,0,3
0x5fae67,100%,0,33,33,0,0,0,33
0x8e26e1,100%,0,1430,1430,0,0,0,1430
0x81fb71,100%,0,323,323,323,0,0,0
0x4a72b3,100%,0,226,226,0,0,0,226
0x7e11e2,100%,0,1,1,1,0,0,0
0x99aba4,100%,0,1,1,1,0,0,0
0x8d9862,100%,0,8,8,0,0,0,8
0x49f684,100%,0,24,24,0,0,0,24
0xa5b187,100%,0,11,11,0,0,0,11
0xa411e5,100%,0,25,25,25,0,0,0
0x81fa00,100%,0,16,16,16,0,0,0
0x659e42,100%,0,19,19,19,0,0,0
0x813804,100%,0,2,2,0,0,0,2
0x9e48ce,100%,0,18,18,18,0,0,0
0x63f3d2,100%,0,2,2,0,0,0,2
0x58f724,100%,0,2,2,0,0,0,2
0x7e11d6,100%,0,1,1,0,0,0,1
0xaa5cda,100%,0,24,24,0,0,0,24
0x815f0b,100%,0,2,2,0,0,0,2
0x9a30d4,100%,0,1,1,1,0,0,0
0xa0699e,100%,0,2,2,0,0,0,2
0xa5d193,100%,0,24,24,0,0,0,24
0x9a3311,100%,0,1,1,0,0,0,1
0x7d447a,100%,0,2,2,0,0,0,2
0x9e61a4,100%,0,58,58,58,0,0,0
0x943228,100%,0,75,75,0,0,0,75
0xa58dd2,100%,0,116,116,0,0,0,116
0x8e925d,100%,0,89,89,0,0,0,89
0xa91b1d,100%,0,305,305,305,0,0,0
0x58bcb1,100%,0,61,61,61,0,0,0
0x4c7ef4,100%,0,4,4,0,0,0,4
0xaa5d0a,100%,0,1,1,0,0,0,1
0x8084ee,100%,0,8,8,4,0,0,4
0xa91a84,100%,0,195,195,0,0,0,195
0xaa1348,100%,0,195,195,0,0,0,195
0xa58d6d,100%,0,146,146,0,0,0,146
0x96140d,100%,0,21962,21962,21962,0,0,0
0x7dfce6,100%,0,20,20,20,0,0,0
0xa39fb9,100%,0,65,65,0,0,0,65
0x4a7918,100%,0,6,6,0,0,0,6
0x6f1730,100%,0,12,12,0,0,0,12
0x9e8485,100%,0,3,3,3,0,0,0
0x64addb,100%,0,24439,24439,24439,0,0,0
0x4bcb3b,100%,0,12,12,0,0,0,12
0xa588e4,100%,0,104,104,0,0,0,104
0x4ad9e6,100%,0,3,3,3,0,0,0
0x99e68e,100%,0,13,13,0,0,0,13
0x943592,100%,0,75,75,0,0,0,75
0x4099e7,100%,0,19,19,0,0,0,19
0xa588b2,100%,0,146,146,0,0,0,146
0xa96211,100%,0,24,24,0,0,0,24
0x9e0b26,100%,0,263,263,0,0,0,263
0x9a0c6f,100%,0,7,7,0,0,0,7
0x5d8b4e,100%,0,10,10,0,0,0,10
0x942918,100%,0,75,75,75,0,0,0
0x58ccbc,100%,0,75,75,0,0,0,75
0x5d8c2f,100%,0,10,10,0,0,0,10
0x48ab53,100%,0,8458,8458,0,0,0,8458
0x5f50e6,100%,0,2,2,2,0,0,0
0xa2612e,100%,0,1,1,1,0,0,0
0x5d8d91,100%,0,10,10,0,0,0,10
0xad6c4a,100%,0,2,2,0,0,0,2
0x555c9b,100%,0,38,38,38,0,0,0
0x606df0,100%,0,8,8,0,0,0,8
0x58f8c7,100%,0,58,58,0,0,0,58
0x9f8360,100%,0,2,2,0,0,0,2
0x95b89c,100%,0,4,4,0,0,0,4
0x9e1176,100%,0,2,2,0,0,0,2
0x5fe9bd,100%,0,22,22,22,0,0,0
0x8f4ad0,100%,0,2505,2505,0,0,0,2505
0x548c4f,100%,0,2109,2109,2109,0,0,0
0x49a02a,100%,0,16,16,0,0,0,16
0x4acf5e,100%,0,4,4,4,0,0,0
0x610984,100%,0,13,13,0,0,0,13
0x5e5cc5,100%,0,3,3,0,0,0,3
0xa94252,100%,0,2,2,0,0,0,2
0x972cb1,100%,0,140,140,0,0,0,140
0x99124c,100%,0,18,18,18,0,0,0
0x4b399e,100%,0,4,4,4,0,0,0
0x7c7708,100%,0,4,4,0,0,0,4
0x65ae8c,100%,0,13,13,13,0,0,0
0xa91c50,100%,0,101,101,0,0,0,101
0x4ac554,100%,0,8,8,8,0,0,0
0x597115,100%,0,48,48,0,0,0,48
0x9e7e6e,100%,0,4,4,0,0,0,4
0x8055aa,100%,0,19,19,0,0,0,19
0x80561c,100%,0,89,89,0,0,0,89
0x550e9b,100%,0,24,24,0,0,0,24
0x556a99,100%,0,4,4,0,0,0,4
0x8dc4e5,100%,0,4,4,0,0,0,4
0x9f2a01,100%,0,104,104,0,0,0,104
0x6809c2,100%,0,491,491,0,0,0,491
0x9e7e3c,100%,0,4,4,4,0,0,0
0x59711e,100%,0,48,48,0,0,0,48
0x8bb1dc,100%,0,409,409,409,0,0,0
0x5510b9,100%,0,6,6,0,0,0,6
0x4c4f66,100%,0,17,17,0,0,0,17
0x4c2353,100%,0,8,8,8,0,0,0
0x9a11b3,100%,0,81,81,0,0,0,81
0x511148,100%,0,700,700,0,0,0,700
0x9e84e9,100%,0,21,21,0,0,0,21
0x59f1d0,100%,0,1,1,0,0,0,1
0x9a80fe,100%,0,235,235,0,0,0,235
0x9e7e01,100%,0,4,4,4,0,0,0
0x97140b,100%,0,7,7,7,0,0,0
0x9e6264,100%,0,2,2,0,0,0,2
0x9a6311,100%,0,14,14,14,0,0,0
0x5d039b,100%,0,3,3,3,0,0,0
0x4bca0e,100%,0,12,12,0,0,0,12
0x8a6d75,100%,0,2,2,2,0,0,0
0x9e3d30,100%,0,2,2,2,0,0,0
0x5a884a,100%,0,2,2,2,0,0,0
0x97140f,100%,0,7,7,0,0,0,7
0x9f3239,100%,0,155,155,0,0,0,155
0x9e7b7e,100%,0,2,2,2,0,0,0
0x49c5bc,100%,0,6,6,0,0,0,6
0xa4f79b,100%,0,18,18,0,0,0,18
0x8da7f1,100%,0,6,6,0,0,0,6
0x972d89,100%,0,6,6,0,0,0,6
0x5550a5,100%,0,4,4,4,0,0,0
0xa60cdc,100%,0,3,3,0,0,0,3
0x97824b,100%,0,19,19,0,0,0,19
0x8f28d0,100%,0,44,44,44,0,0,0
0x8be98c,100%,0,2,2,2,0,0,0
0x9e046d,100%,0,211,211,0,0,0,211
0x534082,100%,0,2,2,0,0,0,2
0xa4f7c6,100%,0,16,16,0,0,0,16
0x9a9f28,100%,0,28,28,0,0,0,28
0x50ca9b,100%,0,20,20,0,0,0,20
0x8f0aab,100%,0,42,42,0,0,0,42
0x8a69e1,100%,0,5,5,0,0,0,5
0xa5389a,100%,0,7,7,7,0,0,0
0xa538c4,100%,0,7,7,0,0,0,7
0x97133d,100%,0,5,5,0,0,0,5
0x94edc2,100%,0,30,30,0,0,0,30
0x9fb1be,100%,0,37,37,37,0,0,0
0x4a5d29,100%,0,55,55,0,0,0,55
0x972d83,100%,0,6,6,0,0,0,6
0x805316,100%,0,2,2,0,0,0,2
0xa96d44,100%,0,21,21,0,0,0,21
0x49e17e,100%,0,3319,3319,0,0,0,3319
0x8ef92b,100%,0,451,451,0,0,0,451
0x8a63c2,100%,0,136,136,0,0,0,136
0x9eb6ea,100%,0,72,72,0,0,0,72
0x9e880e,100%,0,3,3,0,0,0,3
0x805355,100%,0,2,2,0,0,0,2
0x8fea0b,100%,0,25,25,0,0,0,25
0xaa5d16,100%,0,1,1,0,0,0,1
0xa1ac28,100%,0,5,5,0,0,0,5
0x959611,100%,0,4,4,4,0,0,0
0x81e947,100%,0,76,76,0,0,0,76
0x8bdd5f,100%,0,5,5,0,0,0,5
0x5d69d6,100%,0,3,3,0,0,0,3
0x5d69e4,100%,0,3,3,0,0,0,3
0x59000e,100%,0,99,99,0,0,0,99
0xa5aa9e,100%,0,3,3,0,0,0,3
0xa91edf,100%,0,4,4,0,0,0,4
0xa91f1f,100%,0,4,4,0,0,0,4
0x7a1200,100%,0,29,29,29,0,0,0
0x9a6837,100%,0,147,147,0,0,0,147
0x510812,100%,0,11,11,11,0,0,0
0x984f81,100%,0,12,12,0,0,0,12
0x977fb0,100%,0,139,139,0,0,0,139
0x977fce,100%,0,139,139,0,0,0,139
0x59f221,100%,0,2,2,2,0,0,0
0x5d6c46,100%,0,3,3,0,0,0,3
0x5e2084,100%,0,3,3,3,0,0,0
0x838b99,100%,0,2,2,0,0,0,2
0xa5a15b,100%,0,10,10,0,0,0,10
0x5af23f,100%,0,690,690,0,0,0,690
0x542e76,100%,0,153,153,0,0,0,153
0x80601d,100%,0,222,222,0,0,0,222
0x90adab,100%,0,149,149,0,0,0,149
0xa477a8,100%,0,19,19,19,0,0,0
0x494f76,100%,0,4,4,4,0,0,0
0x5d20aa,100%,0,3,3,0,0,0,3
0x9ab9dc,100%,0,231,231,0,0,0,231
0x4876c2,100%,0,3,3,3,0,0,0
0xa5d1ed,100%,0,24,24,0,0,0,24
0xa02336,100%,0,7509,7509,7509,0,0,0
0x59fbd2,100%,0,1,1,1,0,0,0
0x5d202d,100%,0,3,3,0,0,0,3
0x9e400f,100%,0,19,19,0,0,0,19
0x9a7cc4,100%,0,12,12,12,0,0,0
0x815cfe,100%,0,41,41,0,0,0,41
0x820008,100%,0,323,323,0,0,0,323
0x970fbe,100%,0,12,12,0,0,0,12
0x503357,100%,0,41,41,0,0,0,41
0xa96279,100%,0,4,4,0,0,0,4
0x8df168,100%,0,190,190,190,0,0,0
0xa5919a,100%,0,119,119,119,0,0,0
0x9850ee,100%,0,4,4,4,0,0,0
0x7c7a02,100%,0,24,24,0,0,0,24
0x69de4d,100%,0,12,12,0,0,0,12
0x9711f7,100%,0,5,5,0,0,0,5
0x590739,100%,0,3,3,0,0,0,3
0x5fe7cb,100%,0,105,105,105,0,0,0
0x8e786b,100%,0,273,273,91,0,0,182
0x9e7483,100%,0,2,2,0,0,0,2
0x8ec9e1,100%,0,4,4,0,0,0,4
0x970f7d,100%,0,7,7,0,0,0,7
0x9e5bbc,100%,0,4,4,0,0,0,4
0x9e5bb0,100%,0,4,4,0,0,0,4
0x8ba05f,100%,0,1,1,1,0,0,0
0x9a0af1,100%,0,28,28,0,0,0,28
0x9ed1a4,100%,0,6,6,0,0,0,6
0x9e5ba5,100%,0,4,4,0,0,0,4
0x9e5ba0,100%,0,4,4,0,0,0,4
0xa20fd7,100%,0,1,1,0,0,0,1
0x606ed1,100%,0,3,3,0,0,0,3
0x97812d,100%,0,133,133,0,0,0,133
0x5cfc60,100%,0,12,12,0,0,0,12
0x97811f,100%,0,133,133,0,0,0,133
0x4a859e,100%,0,17,17,0,0,0,17
0x5e20ce,100%,0,3,3,3,0,0,0
0xaac426,100%,0,4,4,4,0,0,0
0x5c7944,100%,0,80,80,0,0,0,80
0x670d2d,100%,0,2,2,2,0,0,0
0x5eed78,100%,0,2,2,0,0,0,2
0xaac3e4,100%,0,4,4,0,0,0,4
0xaac3f3,100%,0,4,4,0,0,0,4
0xaac3f8,100%,0,4,4,4,0,0,0
0x7cf7d5,100%,0,8,8,0,0,0,8
0x9f780a,100%,0,160,160,0,0,0,160
0xa04229,100%,0,2,2,2,0,0,0
0xb4997b,100%,0,1,1,0,0,0,1
0x5b2889,100%,0,2,2,0,0,0,2
0xa27750,100%,0,4,4,0,0,0,4
0x959f67,100%,0,4,4,0,0,0,4
0x48de3c,100%,0,151,151,0,0,0,151
0x65b0d6,100%,0,13,13,0,0,0,13
0x959377,100%,0,4,4,0,0,0,4
0x9595d1,100%,0,4,4,4,0,0,0
0x6f09e1,100%,0,16,16,0,0,0,16
0xaac399,100%,0,4,4,0,0,0,4
0x95b827,100%,0,12,12,0,0,0,12
0x8f38be,100%,0,116,116,0,0,0,116
0xacda63,100%,0,2,2,2,0,0,0
0x95b814,100%,0,4,4,0,0,0,4
0xa31886,100%,0,216,216,0,0,0,216
0x590597,100%,0,2,2,0,0,0,2
0x95b7f2,100%,0,4,4,0,0,0,4
0x40e91a,100%,0,5,5,5,0,0,0
0x679892,100%,0,6,6,0,0,0,6
0x809e95,100%,0,2,2,0,0,0,2
0x65b2c0,100%,0,14,14,0,0,0,14
0x8da539,100%,0,1142,1142,0,0,0,1142
0x405aea,100%,0,102,102,102,0,0,0
0x9f4034,100%,0,33,33,0,0,0,33
0x809ee3,100%,0,2,2,0,0,0,2
0x81305b,100%,0,846,846,0,0,0,846
0x675130,100%,0,1,1,0,0,0,1
0x95a6cf,100%,0,4,4,0,0,0,4
0x95a76a,100%,0,4,4,4,0,0,0
0x9f3e18,100%,0,640,640,640,0,0,0
0x8dcaa5,100%,0,4,4,0,0,0,4
0x4045af,100%,0,224,224,0,0,0,224
0x813067,100%,0,846,846,0,0,0,846
0x9484ae,100%,0,1442,1442,1442,0,0,0
0x538a32,100%,0,723,723,0,0,0,723
0x9f40b6,100%,0,3,3,0,0,0,3
0x95a790,100%,0,4,4,0,0,0,4
0x81caa2,100%,0,172,172,0,0,0,172
0x4a82b6,100%,0,92,92,0,0,0,92
0x80fd4f,100%,0,9952,9952,9952,0,0,0
0x667556,100%,0,2,2,0,0,0,2
0x95a269,100%,0,4,4,0,0,0,4
0x95a25c,100%,0,4,4,0,0,0,4
0x4022e9,100%,0,55,55,0,0,0,55
0x9f6518,100%,0,179,179,0,0,0,179
0x959d45,100%,0,4,4,4,0,0,0
0x6625cb,100%,0,16,16,16,0,0,0
0x7c66e2,100%,0,8,8,0,0,0,8
0x959cc1,100%,0,4,4,0,0,0,4
0x65c6b3,100%,0,4,4,0,0,0,4
0x819ebd,100%,0,91,91,0,0,0,91
0xa077c3,100%,0,2,2,2,0,0,0
0x40207c,100%,0,213,213,7,0,0,206
0x8d4178,100%,0,71,71,0,0,0,71
0x9f622d,100%,0,44,44,0,0,0,44
0x8d3f0b,100%,0,13,13,0,0,0,13
0x9e1115,100%,0,2,2,0,0,0,2
0xb2fae7,100%,0,8385,8385,8385,0,0,0
0x80be6c,100%,0,5,5,0,0,0,5
0x9f8203,100%,0,1,1,0,0,0,1
0x9f824b,100%,0,1,1,0,0,0,1
0xa58ae5,100%,0,96,96,0,0,0,96
0xa575fc,100%,0,14,14,0,0,0,14
0x666cb2,100%,0,2,2,0,0,0,2
0x7b7fdd,100%,0,27,27,2,0,0,25
0x9ed533,100%,0,12,12,12,0,0,0
0x81e277,100%,0,1,1,0,0,0,1
0x48da53,100%,0,46,46,0,0,0,46
0x944fbe,100%,0,9,9,9,0,0,0
0x9e153b,100%,0,2,2,0,0,0,2
0x4c0ef5,100%,0,32,32,32,0,0,0
0x8ad5c7,100%,0,138,138,0,0,0,138
0x58c4aa,100%,0,12,12,0,0,0,12
0x9f64b1,100%,0,179,179,0,0,0,179
0x9f63ee,100%,0,1,1,0,0,0,1
0x4ca0ae,100%,0,2,2,0,0,0,2
0x5b0e8b,100%,0,55,55,0,0,0,55
0x49edea,100%,0,42,42,0,0,0,42
0x9f6998,100%,0,8,8,8,0,0,0
0x9a32ea,100%,0,146,146,0,0,0,146
0x81747a,100%,0,2,2,2,0,0,0
0x9f6984,100%,0,8,8,0,0,0,8
0x642e30,100%,0,35,35,0,0,0,35
0x8e935b,100%,0,3,3,3,0,0,0
0x8dfa57,100%,0,7,7,7,0,0,0
0xaa63ea,100%,0,26,26,0,0,0,26
0x9f691f,100%,0,8,8,8,0,0,0
0xa08c85,100%,0,4,4,0,0,0,4
0x9f6904,100%,0,8,8,8,0,0,0
0x8a5e2c,100%,0,314,314,0,0,0,314
0x95b322,100%,0,4,4,4,0,0,0
0x94439a,100%,0,76,76,76,0,0,0
0x40e44a,100%,0,232,232,0,0,0,232
0x48dd9b,100%,0,198,198,0,0,0,198
0x917543,100%,0,200,200,0,0,0,200
0x95b8d6,100%,0,4,4,4,0,0,0
0x8a6260,100%,0,203,203,0,0,0,203
0xb149d2,100%,0,4258,4258,0,0,0,4258
0xa017cb,100%,0,2,2,0,0,0,2
0x7807c9,100%,0,8,8,0,0,0,8
0x9f6691,100%,0,153,153,0,0,0,153
0xaac302,100%,0,4,4,4,0,0,0
0x95b72c,100%,0,4,4,0,0,0,4
0x9f531b,100%,0,127,127,127,0,0,0
0x53402f,100%,0,2,2,0,0,0,2
0x48ddc6,100%,0,198,198,0,0,0,198
0x5c473d,100%,0,8,8,0,0,0,8
0xa2aa80,100%,0,1,1,1,0,0,0
0xab1bd4,100%,0,4,4,0,0,0,4
0x81b41f,100%,0,11,11,0,0,0,11
0x973024,100%,0,27,27,0,0,0,27
0x5e5cde,100%,0,3,3,0,0,0,3
0x9e2fe3,100%,0,263,263,0,0,0,263
0x8fda7e,100%,0,17,17,0,0,0,17
0xa34475,100%,0,3,3,0,0,0,3
0xa33fc4,100%,0,3,3,3,0,0,0
0x40bc42,100%,0,4,4,0,0,0,4
0x974702,100%,0,2,2,2,0,0,0
0x9be9bb,100%,0,2,2,2,0,0,0
0x40bc29,100%,0,103,103,0,0,0,103
0xa22e45,100%,0,9,9,9,0,0,0
0x9746ad,100%,0,68,68,0,0,0,68
0x8d3c04,100%,0,2,2,0,0,0,2
0xa58e27,100%,0,42,42,0,0,0,42
0xa58bbe,100%,0,13,13,13,0,0,0
0xa1aaf0,100%,0,5,5,0,0,0,5
0xa58cbf,100%,0,13,13,0,0,0,13
0xa58b61,100%,0,29,29,0,0,0,29
0x49fec4,100%,0,856,856,0,0,0,856
0x5a87ff,100%,0,2,2,0,0,0,2
0x9f8864,100%,0,11,11,0,0,0,11
0xa8e3b5,100%,0,1,1,0,0,0,1
0x592baf,100%,0,59,59,0,0,0,59
0xa6b468,100%,0,4,4,0,0,0,4
0x7d2b31,100%,0,13,13,13,0,0,0
0xa6b683,100%,0,4,4,4,0,0,0
0x65a0fd,100%,0,111,111,0,0,0,111
0x670639,100%,0,41,41,0,0,0,41
0x9f32cf,100%,0,155,155,155,0,0,0
0xa8a8ad,100%,0,4,4,0,0,0,4
0x9f4a0c,100%,0,1,1,0,0,0,1
0x9f4a43,100%,0,3,3,0,0,0,3
0x8e3e1e,100%,0,4,4,0,0,0,4
0x9f491a,100%,0,4,4,0,0,0,4
0xa993cd,100%,0,3,3,0,0,0,3
0x9f4848,100%,0,8,8,0,0,0,8
0x409359,100%,0,2,2,0,0,0,2
0x7d2fe2,100%,0,65,65,0,0,0,65
0x9f483b,100%,0,8,8,0,0,0,8
0xa64c01,100%,0,6,6,0,0,0,6
0xa36192,100%,0,142,142,0,0,0,142
0x9e0460,100%,0,211,211,0,0,0,211
0x9f4df4,100%,0,9,9,0,0,0,9
0x9f4d5a,100%,0,9,9,0,0,0,9
0x8118a6,100%,0,2,2,0,0,0,2
0x659fe2,100%,0,1949,1949,1949,0,0,0
0x94ed3d,100%,0,30,30,0,0,0,30
0x9f7ada,100%,0,92,92,0,0,0,92
0xa8a8bf,100%,0,4,4,0,0,0,4
0x8dbdef,100%,0,186,186,0,0,0,186
0xa6b784,100%,0,4,4,0,0,0,4
0x9f7b42,100%,0,4,4,0,0,0,4
0xa6b7d2,100%,0,4,4,0,0,0,4
0x610ca2,100%,0,30,30,30,0,0,0
0x9c3b96,100%,0,9,9,0,0,0,9
0xa6b7d8,100%,0,4,4,4,0,0,0
0x610cd9,100%,0,30,30,0,0,0,30
0x9f7aaa,100%,0,20,20,0,0,0,20
0x9f7c62,100%,0,13,13,0,0,0,13
0xa359c9,100%,0,175,175,0,0,0,175
0x9f7d70,100%,0,9,9,0,0,0,9
0x402dd8,100%,0,59,59,0,0,0,59
0x976f6b,100%,0,2,2,0,0,0,2
0x9f7ac9,100%,0,92,92,0,0,0,92
0xa6a31b,100%,0,4,4,0,0,0,4
0x60dfc8,100%,0,9,9,0,0,0,9
0x556152,100%,0,861,861,0,0,0,861
0x666d77,100%,0,3,3,0,0,0,3
0xa2dbec,100%,0,4,4,0,0,0,4
0x48a6ed,100%,0,3276,3276,0,0,0,3276
0xa69ebc,100%,0,4,4,4,0,0,0
0x97723d,100%,0,2,2,0,0,0,2
0x8ec558,100%,0,2,2,0,0,0,2
0x99d420,100%,0,9,9,9,0,0,0
0x95b382,100%,0,4,4,0,0,0,4
0x9e08dc,100%,0,352,352,0,0,0,352
0x69dd6c,100%,0,12,12,0,0,0,12
0xa69de0,100%,0,4,4,4,0,0,0
0x9f73e5,100%,0,14,14,14,0,0,0
0x95acda,100%,0,4,4,0,0,0,4
0x48d7db,100%,0,107,107,0,0,0,107
0x9f6ae8,100%,0,36,36,0,0,0,36
0x485f14,100%,0,17,17,0,0,0,17
0x95ad2a,100%,0,4,4,0,0,0,4
0x9f6e0f,100%,0,14,14,14,0,0,0
0x402326,100%,0,5148,5148,5148,0,0,0
0xa043b6,100%,0,1,1,0,0,0,1
0x9f6a9d,100%,0,36,36,0,0,0,36
0x8dcaa9,100%,0,4,4,0,0,0,4
0xab1e27,100%,0,4,4,0,0,0,4
0x4bc483,100%,0,40,40,40,0,0,0
0x9f5b6c,100%,0,12,12,0,0,0,12
0x815247,100%,0,1,1,1,0,0,0
0x48d09c,100%,0,28,28,0,0,0,28
0x670ff1,100%,0,2,2,0,0,0,2
0x8bcaa9,100%,0,148,148,0,0,0,148
0x8e036a,100%,0,570,570,0,0,0,570
0x9d1fba,100%,0,101,101,0,0,0,101
0x95aa11,100%,0,4,4,0,0,0,4
0x95a9fa,100%,0,4,4,0,0,0,4
0x95a9c9,100%,0,4,4,0,0,0,4
0x95a995,100%,0,4,4,0,0,0,4
0x9e0ba2,100%,0,257,257,0,0,0,257
0x95a926,100%,0,4,4,0,0,0,4
0x95a8fc,100%,0,4,4,0,0,0,4
0x95ac25,100%,0,4,4,4,0,0,0
0x919099,100%,0,2,2,0,0,0,2
0x95ab88,100%,0,4,4,4,0,0,0
0x8e2fc6,100%,0,1977,1977,0,0,0,1977
0x5c4742,100%,0,8,8,0,0,0,8
0xa15dca,100%,0,8,8,0,0,0,8
0x8f20c2,100%,0,17,17,17,0,0,0
0x9a5e06,100%,0,10,10,0,0,0,10
0x90a042,100%,0,1026,1026,0,0,0,1026
0x651617,100%,0,6,6,6,0,0,0
0x9735a5,100%,0,5,5,0,0,0,5
0xa35de9,100%,0,14,14,0,0,0,14
0x5c6c09,100%,0,2148,2148,2148,0,0,0
0x8c8fb5,100%,0,8,8,6,0,0,2
0x9f5c9f,100%,0,28,28,0,0,0,28
0xa8a89b,100%,0,4,4,0,0,0,4
0x812004,100%,0,4,4,0,0,0,4
0xad7bd8,100%,0,76,76,0,0,0,76
0xaa294b,100%,0,138,138,0,0,0,138
0x9f5ba3,100%,0,8,8,0,0,0,8
0x8eec3c,100%,0,271,271,0,0,0,271
0xa482e8,100%,0,8,8,0,0,0,8
0x9f3dc9,100%,0,10,10,0,0,0,10
0x59fb7a,100%,0,1,1,0,0,0,1
0x48db91,100%,0,329,329,0,0,0,329
0x8fcfb1,100%,0,71,71,0,0,0,71
0x811b87,100%,0,1144,1144,0,0,0,1144
0x60dd40,100%,0,698,698,0,0,0,698
0x8bc091,100%,0,2,2,0,0,0,2
0xa0522c,100%,0,45,45,0,0,0,45
0x9f3b8b,100%,0,17,17,0,0,0,17
0xa72371,100%,0,4,4,0,0,0,4
0x94d180,100%,0,47,47,0,0,0,47
0xa7234a,100%,0,4,4,0,0,0,4
0x99ad51,100%,0,47,47,47,0,0,0
0x8b997a,100%,0,27041,27041,0,0,0,27041
0xa72323,100%,0,4,4,0,0,0,4
0x9f5be3,100%,0,12,12,0,0,0,12
0x9f5fd4,100%,0,60,60,0,0,0,60
0x4a044d,100%,0,60,60,0,0,0,60
0x4a035c,100%,0,28,28,0,0,0,28
0x8a71f4,100%,0,280,280,280,0,0,0
0x9e709c,100%,0,5,5,2,0,0,3
0xa961e2,100%,0,2,2,0,0,0,2
0xaa2402,100%,0,34,34,0,0,0,34
0xa63c8d,100%,0,3,3,3,0,0,0
0x4a03c4,100%,0,16,16,16,0,0,0
0xa5bf8e,100%,0,32,32,32,0,0,0
0xaa2391,100%,0,34,34,0,0,0,34
0xaa25d0,100%,0,22,22,0,0,0,22
0x63f420,100%,0,2,2,0,0,0,2
0x5fe7c3,100%,0,105,105,0,0,0,105
0x5d130d,100%,0,4,4,4,0,0,0
0xa28227,100%,0,3,3,3,0,0,0
0x973e33,100%,0,12,12,0,0,0,12
0x973ea1,100%,0,12,12,12,0,0,0
0x7c79fc,100%,0,24,24,0,0,0,24
0xaa2368,100%,0,45,45,0,0,0,45
0x81a127,100%,0,87,87,0,0,0,87
0x4b3938,100%,0,4,4,0,0,0,4
0x699426,100%,0,1,1,0,0,0,1
0x49a099,100%,0,16,16,0,0,0,16
0x80af06,100%,0,2,2,0,0,0,2
0x8f4dd8,100%,0,6,6,0,0,0,6
0x499c8e,100%,0,139,139,0,0,0,139
0x94ed55,100%,0,30,30,0,0,0,30
0x550e5d,100%,0,34,34,0,0,0,34
0x5f9bcb,100%,0,529,529,529,0,0,0
0x675702,100%,0,1,1,0,0,0,1
0x7d420d,100%,0,1,1,0,0,0,1
0x9ecedf,100%,0,43,43,0,0,0,43
0x7d4415,100%,0,2,2,0,0,0,2
0x7f130f,100%,0,7,7,0,0,0,7
0x9e1aa3,100%,0,8,8,8,0,0,0
0xa042b0,100%,0,1,1,0,0,0,1
0x95922e,100%,0,128,128,0,0,0,128
0x7f1304,100%,0,7,7,0,0,0,7
0x8137cf,100%,0,2,2,0,0,0,2
0x673daf,100%,0,5,5,0,0,0,5
0x8163b1,100%,0,54,54,0,0,0,54
0xa042e2,100%,0,2,2,0,0,0,2
0x901c38,100%,0,1,1,0,0,0,1
0x40d224,100%,0,10938,10938,10938,0,0,0
0x9d699d,100%,0,2,2,2,0,0,0
0x808304,100%,0,27,27,0,0,0,27
0xa34871,100%,0,527,527,0,0,0,527
0x99cf58,100%,0,9,9,0,0,0,9
0xa415a7,100%,0,8,8,0,0,0,8
0x901a4e,100%,0,29,29,0,0,0,29
0xa21bfc,100%,0,2,2,0,0,0,2
0x9732d3,100%,0,42,42,0,0,0,42
0x9e1a98,100%,0,8,8,0,0,0,8
0x8c9082,100%,0,2,2,2,0,0,0
0x784ada,100%,0,8,8,0,0,0,8
0x9e2d78,100%,0,16,16,0,0,0,16
0x4ca41b,100%,0,2,2,2,0,0,0
0x6808c5,100%,0,913,913,0,0,0,913
0xa04126,100%,0,2,2,0,0,0,2
0x5ec185,100%,0,14,14,14,0,0,0
0x5121d2,100%,0,37,37,0,0,0,37
0xa0437c,100%,0,1,1,1,0,0,0
0xa09593,100%,0,1,1,0,0,0,1
0x9e2dc0,100%,0,13,13,0,0,0,13
0x59edb5,100%,0,8,8,0,0,0,8
0x488092,100%,0,10,10,10,0,0,0
0x610f12,100%,0,2,2,0,0,0,2
0x811809,100%,0,2,2,0,0,0,2
0x61a6bc,100%,0,5,5,0,0,0,5
0x99b7e2,100%,0,13,13,0,0,0,13
0xa2e88d,100%,0,53,53,0,0,0,53
0x4bbb07,100%,0,1,1,0,0,0,1
0x441d12,100%,0,11,11,11,0,0,0
0xa29f47,100%,0,16,16,16,0,0,0
0xa5375c,100%,0,8,8,0,0,0,8
0x821c2a,100%,0,215,215,0,0,0,215
0x9b896a,100%,0,2,2,2,0,0,0
0xb300d4,100%,0,1063,1063,0,0,0,1063
0x540e49,100%,0,8,8,0,0,0,8
0x51b6b2,100%,0,7,7,7,0,0,0
0x441d85,100%,0,11,11,11,0,0,0
0x80b9a6,100%,0,2,2,0,0,0,2
0x81c081,100%,0,85,85,0,0,0,85
0x95b3fd,100%,0,11,11,0,0,0,11
0x9f9543,100%,0,25,25,0,0,0,25
0xa2923a,100%,0,16,16,0,0,0,16
0x441bb6,100%,0,11,11,11,0,0,0
0x492b3b,100%,0,2,2,2,0,0,0
0xa29210,100%,0,16,16,0,0,0,16
0xa29046,100%,0,16,16,16,0,0,0
0x9e8131,100%,0,2,2,2,0,0,0
0x488de5,100%,0,5713,5713,5713,0,0,0
0x556bcc,100%,0,247,247,247,0,0,0
0x959f4d,100%,0,4,4,0,0,0,4
0xa28a46,100%,0,16,16,0,0,0,16
0x441b65,100%,0,11,11,11,0,0,0
0x9eedc1,100%,0,230,230,0,0,0,230
0x8f0c45,100%,0,200,200,0,0,0,200
0x96e80b,100%,0,1,1,0,0,0,1
0xa9ff49,100%,0,3,3,0,0,0,3
0x95ad9f,100%,0,23,23,0,0,0,23
0x4a6f13,100%,0,511,511,0,0,0,511
0x816557,100%,0,52,52,0,0,0,52
0x48ab07,100%,0,4528,4528,4528,0,0,0
0x94e0ef,100%,0,7,7,7,0,0,0
0x490f06,100%,0,41,41,0,0,0,41
0xa64ae1,100%,0,2,2,2,0,0,0
0x8122d6,100%,0,81,81,81,0,0,0
0xa9646d,100%,0,24,24,0,0,0,24
0x40a6c2,100%,0,26,26,26,0,0,0
0x5ec30c,100%,0,31,31,0,0,0,31
0x9ea1db,100%,0,2,2,2,0,0,0
0x8a7367,100%,0,470,470,0,0,0,470
0x540f69,100%,0,8,8,3,0,0,5
0x4c2aec,100%,0,84,84,84,0,0,0
0x5fc9a4,100%,0,2,2,0,0,0,2
0x5e36ff,100%,0,10,10,0,0,0,10
0xa64f57,100%,0,4,4,0,0,0,4
0xa349f1,100%,0,177,177,0,0,0,177
0xa64f3c,100%,0,4,4,0,0,0,4
0x50e366,100%,0,18,18,0,0,0,18
0xa64c61,100%,0,2,2,0,0,0,2
0xa3747b,100%,0,32,32,32,0,0,0
0xa64c31,100%,0,2,2,0,0,0,2
0xa64be7,100%,0,6,6,0,0,0,6
0x8a74af,100%,0,258,258,0,0,0,258
0x8eb027,100%,0,6,6,0,0,0,6
0x49cf98,100%,0,1,1,0,0,0,1
0x99e91b,100%,0,55,55,0,0,0,55
0x4bd4bb,100%,0,1,1,0,0,0,1
0x95b406,100%,0,11,11,11,0,0,0
0xaa57ee,100%,0,2,2,0,0,0,2
0x5385cd,100%,0,5010,5010,0,0,0,5010
0x97500c,100%,0,6,6,0,0,0,6
0xaa826d,100%,0,5,5,0,0,0,5
0x5444a7,100%,0,224,224,224,0,0,0
0x4a86db,100%,0,2,2,0,0,0,2
0x81cabf,100%,0,60,60,0,0,0,60
0x9bdb6e,100%,0,4,4,4,0,0,0
0x8ede5e,100%,0,42,42,0,0,0,42
0x9735bc,100%,0,5,5,0,0,0,5
0x4ca4bf,100%,0,10,10,0,0,0,10
0x97362f,100%,0,9,9,0,0,0,9
0xa024de,100%,0,2908,2908,0,0,0,2908
0x50fb17,100%,0,10,10,0,0,0,10
0x9751b8,100%,0,5,5,5,0,0,0
0x64b9c0,100%,0,1397,1397,0,0,0,1397
0x5ff492,100%,0,10,10,0,0,0,10
0xa9050b,100%,0,41,41,0,0,0,41
0xa2f03c,100%,0,84,84,0,0,0,84
0x96c272,100%,0,17,17,0,0,0,17
0x9e10cb,100%,0,29,29,29,0,0,0
0xa041b1,100%,0,4,4,0,0,0,4
0x8e31bb,100%,0,5,5,5,0,0,0
0xa9db2e,100%,0,14,14,0,0,0,14
0xa9cdb4,100%,0,4,4,0,0,0,4
0xa041ea,100%,0,1,1,0,0,0,1
0x542d69,100%,0,1879,1879,1879,0,0,0
0x9d064d,100%,0,62,62,0,0,0,62
0x66643f,100%,0,524,524,0,0,0,524
0x96e3a2,100%,0,1,1,0,0,0,1
0x814320,100%,0,1567,1567,0,0,0,1567
0xa972e5,100%,0,3,3,0,0,0,3
0xa3899c,100%,0,10,10,10,0,0,0
0x5f0c02,100%,0,306,306,0,0,0,306
0x5c77e9,100%,0,80,80,0,0,0,80
0x81ced4,100%,0,177,177,0,0,0,177
0x97b9df,100%,0,114,114,0,0,0,114
0xa2aa79,100%,0,1,1,0,0,0,1
0x404d08,100%,0,42,42,0,0,0,42
0x4bba4e,100%,0,56,56,0,0,0,56
0x9e019f,100%,0,87,87,0,0,0,87
0x551dc8,100%,0,260,260,260,0,0,0
0xa359d2,100%,0,175,175,0,0,0,175
0x97b9cd,100%,0,114,114,0,0,0,114
0xa63b96,100%,0,2,2,2,0,0,0
0x8f4079,100%,0,61,61,0,0,0,61
0x81cfde,100%,0,182,182,0,0,0,182
0x843462,100%,0,1,1,0,0,0,1
0xa64cac,100%,0,6,6,0,0,0,6
0x7d25e5,100%,0,16,16,16,0,0,0
0x818960,100%,0,632,632,0,0,0,632
0xa01c26,100%,0,2,2,0,0,0,2
0x89ecec,100%,0,2,2,2,0,0,0
0xa2a876,100%,0,1,1,1,0,0,0
0x9f179e,100%,0,40,40,40,0,0,0
0x4b968b,100%,0,2,2,0,0,0,2
0x8072b0,100%,0,14692,14692,14692,0,0,0
0x9f2b4d,100%,0,5,5,5,0,0,0
0x9f2b37,100%,0,5,5,0,0,0,5
0x40db82,100%,0,8343,8343,0,0,0,8343
0x499df4,100%,0,32,32,0,0,0,32
0x789196,100%,0,10,10,0,0,0,10
0x96e7d9,100%,0,1,1,0,0,0,1
0x944389,100%,0,76,76,0,0,0,76
0x97b792,100%,0,69,69,0,0,0,69
0x5a8861,100%,0,2,2,0,0,0,2
0x96e4c7,100%,0,2,2,2,0,0,0
0x54fca0,100%,0,1,1,0,0,0,1
0x96e792,100%,0,1,1,0,0,0,1
0xa31a29,100%,0,3,3,3,0,0,0
0x96e840,100%,0,1,1,1,0,0,0
0x4b696f,100%,0,155,155,0,0,0,155
0x96e85c,100%,0,1,1,0,0,0,1
0x96e7b5,100%,0,1,1,0,0,0,1
0x40b06f,100%,0,2,2,0,0,0,2
0x54fbd8,100%,0,1,1,0,0,0,1
0x781898,100%,0,4,4,0,0,0,4
0xa969e1,100%,0,16,16,0,0,0,16
0xa94b22,100%,0,4,4,0,0,0,4
0x54fdc3,100%,0,1,1,0,0,0,1
0x8ea404,100%,0,4,4,4,0,0,0
0x9e0dbb,100%,0,5,5,0,0,0,5
0x54fe41,100%,0,1,1,0,0,0,1
0xa31a46,100%,0,3,3,3,0,0,0
0x49cf8e,100%,0,1,1,0,0,0,1
0x99ebc1,100%,0,13,13,0,0,0,13
0xa31a04,100%,0,3,3,0,0,0,3
0x803a6c,100%,0,448,448,0,0,0,448
0x5adaf5,100%,0,27,27,27,0,0,0
0x8a51f1,100%,0,26,26,0,0,0,26
0x81283b,100%,0,15,15,0,0,0,15
0x4c03f5,100%,0,86,86,0,0,0,86
0x48fe1b,100%,0,10,10,0,0,0,10
0x8fdd42,100%,0,85,85,0,0,0,85
0x554c84,100%,0,64,64,0,0,0,64
0x4a2653,100%,0,472,472,472,0,0,0
0xa0436c,100%,0,1,1,0,0,0,1
0x99cd5e,100%,0,9,9,9,0,0,0
0x9e1a64,100%,0,2,2,2,0,0,0
0x99cfa1,100%,0,9,9,0,0,0,9
0xa586bd,100%,0,8,8,0,0,0,8
0xa96e4a,100%,0,3,3,3,0,0,0
0x96e38b,100%,0,2,2,0,0,0,2
0x9e2fed,100%,0,263,263,0,0,0,263
0x81f41d,100%,0,4,4,0,0,0,4
0x96eb50,100%,0,1,1,0,0,0,1
0xa3188f,100%,0,216,216,0,0,0,216
0xa97f6d,100%,0,20,20,20,0,0,0
0x8fe47b,100%,0,10236,10236,0,0,0,10236
0x96eadd,100%,0,1,1,1,0,0,0
0x96eac3,100%,0,1,1,0,0,0,1
0x821596,100%,0,3726,3726,0,0,0,3726
0x83a980,100%,0,3,3,0,0,0,3
0x7d41e7,100%,0,1,1,0,0,0,1
0x96ea0b,100%,0,1,1,0,0,0,1
0x6704e0,100%,0,2,2,0,0,0,2
0x59074b,100%,0,3,3,3,0,0,0
0x558db1,100%,0,75,75,0,0,0,75
0x7c68e3,100%,0,2,2,0,0,0,2
0x4879c7,100%,0,4,4,0,0,0,4
0x94e9df,100%,0,60,60,0,0,0,60
0x96ae8b,100%,0,46,46,0,0,0,46
0x49d204,100%,0,1,1,0,0,0,1
0x491c47,100%,0,1,1,1,0,0,0
0x49d137,100%,0,2,2,0,0,0,2
0x49d0f7,100%,0,2,2,0,0,0,2
0x49d06f,100%,0,3,3,0,0,0,3
0xa48ad7,100%,0,167,167,0,0,0,167
0x49d040,100%,0,1,1,0,0,0,1
0x49cfeb,100%,0,1,1,0,0,0,1
0x65bc36,100%,0,505,505,0,0,0,505
0x5dd9d4,100%,0,1,1,0,0,0,1
0x48af1a,100%,0,755,755,0,0,0,755
0x9a7d8d,100%,0,288,288,133,0,0,155
0x64b546,100%,0,12,12,0,0,0,12
0x65a0cd,100%,0,1504,1504,0,0,0,1504
0xad068d,100%,0,2,2,0,0,0,2
0xa9da86,100%,0,15,15,0,0,0,15
0x9a9f8c,100%,0,13,13,0,0,0,13
0x80e4e1,100%,0,5,5,5,0,0,0
0xa2f314,100%,0,4,4,4,0,0,0
0x5bab3b,100%,0,119,119,0,0,0,119
0x812775,100%,0,52,52,0,0,0,52
0xa9475f,100%,0,29,29,0,0,0,29
0xa8e634,100%,0,1,1,0,0,0,1
0x9e26b1,100%,0,539,539,0,0,0,539
0x8fe44d,100%,0,1695,1695,0,0,0,1695
0x81fb4a,100%,0,323,323,0,0,0,323
0x59c432,100%,0,23,23,0,0,0,23
0x8d3fae,100%,0,13,13,0,0,0,13
0x482801,100%,0,19,19,0,0,0,19
0x6109fa,100%,0,13,13,0,0,0,13
0x44194e,100%,0,11,11,0,0,0,11
0x489fbd,100%,0,155,155,155,0,0,0
0x8e36ab,100%,0,4,4,2,0,0,2
0x6670f8,100%,0,119,119,0,0,0,119
0xa943c5,100%,0,224,224,0,0,0,224
0xa07ad4,100%,0,1,1,0,0,0,1
0x5af7a4,100%,0,53,53,0,0,0,53
0x8fc455,100%,0,66,66,0,0,0,66
0x9e2acf,100%,0,74,74,74,0,0,0
0x9f6a69,100%,0,36,36,36,0,0,0
0x482d2a,100%,0,19,19,0,0,0,19
0xa36c77,100%,0,2,2,0,0,0,2
0xa6613d,100%,0,113,113,0,0,0,113
0x60c3a9,100%,0,5,5,5,0,0,0
0x65b054,100%,0,13,13,0,0,0,13
0x666f21,100%,0,4,4,0,0,0,4
0xa60ce8,100%,0,237,237,0,0,0,237
0x4960a4,100%,0,12,12,12,0,0,0
0x48b2fd,100%,0,364,364,0,0,0,364
0x99e6b9,100%,0,13,13,0,0,0,13
0x4960ff,100%,0,12,12,0,0,0,12
0x496107,100%,0,12,12,0,0,0,12
0x9f406f,100%,0,3,3,0,0,0,3
0xa7b442,100%,0,4,4,4,0,0,0
0x48b294,100%,0,321,321,0,0,0,321
0xa2f286,100%,0,38,38,0,0,0,38
0xa2f262,100%,0,38,38,0,0,0,38
0x8161af,100%,0,2,2,0,0,0,2
0x944359,100%,0,76,76,0,0,0,76
0x4961b0,100%,0,12,12,12,0,0,0
0x666cd3,100%,0,2,2,0,0,0,2
0x648443,100%,0,277,277,0,0,0,277
0x495f67,100%,0,12,12,0,0,0,12
0x9d3619,100%,0,55,55,0,0,0,55
0x666f4d,100%,0,2,2,0,0,0,2
0x495f5d,100%,0,12,12,0,0,0,12
0x5af78f,100%,0,2,2,0,0,0,2
0x595df9,100%,0,210,210,0,0,0,210
0x595df4,100%,0,210,210,0,0,0,210
0x90f8be,100%,0,2,2,0,0,0,2
0x499634,100%,0,127,127,127,0,0,0
0x5b2c2c,100%,0,2,2,0,0,0,2
0xa8e5cf,100%,0,1,1,0,0,0,1
0xa8e604,100%,0,1,1,0,0,0,1
0x69242e,100%,0,10,10,0,0,0,10
0xa41213,100%,0,25,25,0,0,0,25
0x4bf751,100%,0,24,24,0,0,0,24
0x4836b9,100%,0,27,27,0,0,0,27
0x9e58fe,100%,0,30,30,0,0,0,30
0x5c51e0,100%,0,8,8,0,0,0,8
0xa32c91,100%,0,95,95,0,0,0,95
0x9595e7,100%,0,4,4,0,0,0,4
0x980ff2,100%,0,8,8,0,0,0,8
0x98d0bb,100%,0,7,7,0,0,0,7
0x8eef9d,100%,0,451,451,0,0,0,451
0x64dfd3,100%,0,51,51,0,0,0,51
0x5adc66,100%,0,27,27,27,0,0,0
0x973203,100%,0,40,40,0,0,0,40
0x980f8f,100%,0,8,8,0,0,0,8
0x53b0fd,100%,0,5159,5159,0,0,0,5159
0xad06b0,100%,0,4,4,2,0,0,2
0x980b44,100%,0,74,74,74,0,0,0
0xad6e54,100%,0,2,2,0,0,0,2
0x984310,100%,0,8,8,0,0,0,8
0xa9c7a3,100%,0,138,138,0,0,0,138
0xa98d8e,100%,0,2,2,0,0,0,2
0x5b8e42,100%,0,4,4,0,0,0,4
0x8e4c90,100%,0,44,44,0,0,0,44
0x9843a1,100%,0,8,8,0,0,0,8
0xa37425,100%,0,32,32,32,0,0,0
0x5b8fc9,100%,0,4,4,4,0,0,0
0x5b907f,100%,0,4,4,4,0,0,0
0x5babb0,100%,0,759,759,0,0,0,759
0x9c5032,100%,0,8,8,0,0,0,8
0x817e5a,100%,0,250,250,0,0,0,250
0x677c3c,100%,0,357,357,357,0,0,0
0x9f015b,100%,0,2,2,0,0,0,2
0x67f54b,100%,0,37,37,0,0,0,37
0x9e052e,100%,0,58,58,0,0,0,58
0x981060,100%,0,8,8,8,0,0,0
0x7d28d7,100%,0,12,12,0,0,0,12
0x5bb45a,100%,0,119,119,0,0,0,119
0x5bb540,100%,0,2,2,0,0,0,2
0xa042de,100%,0,2,2,0,0,0,2
0x9c4e70,100%,0,1,1,0,0,0,1
0x9aa68b,100%,0,368,368,0,0,0,368
0x9eb06a,100%,0,109,109,0,0,0,109
0x9c40f7,100%,0,260,260,0,0,0,260
0xa90ed3,100%,0,4,4,0,0,0,4
0x59f59a,100%,0,4,4,0,0,0,4
0x592c77,100%,0,19,19,0,0,0,19
0x5bb315,100%,0,2,2,2,0,0,0
0x9c4df1,100%,0,2,2,0,0,0,2
0x81cfb6,100%,0,182,182,0,0,0,182
0x483d85,100%,0,19,19,19,0,0,0
0x558ff4,100%,0,379,379,379,0,0,0
0x8fd827,100%,0,6,6,0,0,0,6
0xa89543,100%,0,83,83,0,0,0,83
0x9d3154,100%,0,3,3,0,0,0,3
0x5bb550,100%,0,2,2,2,0,0,0
0x780872,100%,0,18,18,0,0,0,18
0x7807a9,100%,0,8,8,0,0,0,8
0x9c4edf,100%,0,4,4,4,0,0,0
0x5bb730,100%,0,23,23,0,0,0,23
0x483b57,100%,0,19,19,19,0,0,0
0x80a057,100%,0,4,4,0,0,0,4
0x5bb776,100%,0,2,2,0,0,0,2
0x48224b,100%,0,19,19,0,0,0,19
0x98411d,100%,0,55,55,0,0,0,55
0x65c6c1,100%,0,4,4,0,0,0,4
0xa378cd,100%,0,4,4,0,0,0,4
0xad04df,100%,0,2,2,0,0,0,2
0x4905c3,100%,0,3,3,0,0,0,3
0x808188,100%,0,27,27,0,0,0,27
0xa064b4,100%,0,35,35,0,0,0,35
0x6664c1,100%,0,30,30,0,0,0,30
0x54d433,100%,0,7,7,0,0,0,7
0xa8e502,100%,0,1,1,0,0,0,1
0x54d500,100%,0,7,7,0,0,0,7
0x8c8183,100%,0,1,1,1,0,0,0
0x591694,100%,0,3,3,0,0,0,3
0x5510e2,100%,0,2,2,2,0,0,0
0x54d024,100%,0,4,4,0,0,0,4
0xa53a9a,100%,0,2,2,0,0,0,2
0x5f524e,100%,0,12,12,12,0,0,0
0x552a50,100%,0,1410,1410,0,0,0,1410
0x493ea4,100%,0,2,2,2,0,0,0
0xa51936,100%,0,17,17,0,0,0,17
0x493f54,100%,0,2,2,0,0,0,2
0x493f70,100%,0,2,2,2,0,0,0
0x4c59d8,100%,0,24,24,0,0,0,24
0x5f5657,100%,0,4,4,4,0,0,0
0x60e338,100%,0,526,526,0,0,0,526
0x4877e7,100%,0,1,1,1,0,0,0
0x5a0349,100%,0,5,5,0,0,0,5
0x5a9632,100%,0,8,8,0,0,0,8
0x9abe6e,100%,0,180,180,0,0,0,180
0x4aad63,100%,0,30,30,0,0,0,30
0x9a763b,100%,0,14,14,0,0,0,14
0x619ad0,100%,0,5,5,0,0,0,5
0x9aad7c,100%,0,793,793,793,0,0,0
0x5f55be,100%,0,4,4,0,0,0,4
0x5a96f4,100%,0,8,8,0,0,0,8
0x9fdcba,100%,0,7,7,0,0,0,7
0xa8e521,100%,0,1,1,0,0,0,1
0x80faca,100%,0,2,2,0,0,0,2
0x5b5eba,100%,0,4,4,4,0,0,0
0x9f7c11,100%,0,13,13,0,0,0,13
0x4b84e1,100%,0,3,3,0,0,0,3
0xa8e476,100%,0,1,1,0,0,0,1
0x5f5395,100%,0,2,2,0,0,0,2
0x816f67,100%,0,2,2,0,0,0,2
0x5d68cd,100%,0,3,3,3,0,0,0
0xa05f6f,100%,0,5,5,0,0,0,5
0x6d11de,100%,0,4,4,0,0,0,4
0xa07359,100%,0,9,9,0,0,0,9
0x5afe6f,100%,0,21,21,0,0,0,21
0x5f5afe,100%,0,2,2,2,0,0,0
0xa3b29d,100%,0,228,228,228,0,0,0
0xa8e3c2,100%,0,1,1,0,0,0,1
0x504206,100%,0,124,124,62,0,0,62
0x5b0161,100%,0,21,21,21,0,0,0
0xa8e3a8,100%,0,1,1,0,0,0,1
0x675713,100%,0,1,1,0,0,0,1
0x5a8705,100%,0,2,2,2,0,0,0
0x6750ed,100%,0,3,3,0,0,0,3
0x5dcebc,100%,0,133,133,0,0,0,133
0x94326f,100%,0,75,75,75,0,0,0
0x984184,100%,0,9,9,0,0,0,9
0x59162f,100%,0,3,3,3,0,0,0
0xa9a142,100%,0,15,15,0,0,0,15
0xa8e4e2,100%,0,2,2,2,0,0,0
0x900ffa,100%,0,37,37,0,0,0,37
0x9fe6c7,100%,0,40,40,0,0,0,40
0x7b7ffb,100%,0,25,25,25,0,0,0
0x59167b,100%,0,3,3,0,0,0,3
0x6f5545,100%,0,309,309,0,0,0,309
0xa8e4ea,100%,0,1,1,0,0,0,1
0x59168b,100%,0,3,3,0,0,0,3
0x9aafc2,100%,0,543,543,0,0,0,543
0x5b1c0d,100%,0,2,2,2,0,0,0
0x889ff1,100%,0,22,22,0,0,0,22
0xa8e2ed,100%,0,357,357,0,0,0,357
0x8878b9,100%,0,1,1,0,0,0,1
0xa85431,100%,0,5,5,0,0,0,5
0x49056c,100%,0,3,3,0,0,0,3
0x8886e9,100%,0,22,22,0,0,0,22
0x695f71,100%,0,24,24,0,0,0,24
0x48737d,100%,0,2,2,0,0,0,2
0x889f80,100%,0,17,17,0,0,0,17
0xa90c24,100%,0,137,137,0,0,0,137
0x889ffb,100%,0,22,22,0,0,0,22
0xb31422,100%,0,200,200,200,0,0,0
0x809d46,100%,0,2,2,0,0,0,2
0x9a9281,100%,0,34,34,0,0,0,34
0x494e4d,100%,0,1,1,0,0,0,1
0x88a109,100%,0,22,22,0,0,0,22
0x88a11d,100%,0,22,22,0,0,0,22
0x7ad43c,100%,0,19,19,0,0,0,19
0x8ebcce,100%,0,2,2,2,0,0,0
0xa7bef3,100%,0,5,5,0,0,0,5
0x9a8edc,100%,0,14,14,0,0,0,14
0x8875e3,100%,0,5,5,1,0,0,4
0x5b6142,100%,0,1,1,1,0,0,0
0x809338,100%,0,2,2,0,0,0,2
0x9a803c,100%,0,31,31,0,0,0,31
0x40b042,100%,0,2,2,0,0,0,2
0x5a5ebd,100%,0,4,4,0,0,0,4
0x5b613c,100%,0,1,1,0,0,0,1
0x4c0dfc,100%,0,32,32,32,0,0,0
0xa7b40f,100%,0,1,1,0,0,0,1
0x5b60ca,100%,0,1,1,0,0,0,1
0x5b60b9,100%,0,1,1,0,0,0,1
0x666cc6,100%,0,2,2,0,0,0,2
0x8aae12,100%,0,5,5,0,0,0,5
0x8aae19,100%,0,5,5,0,0,0,5
0x95b7c5,100%,0,4,4,4,0,0,0
0x63f80f,100%,0,2,2,0,0,0,2
0x6b4668,100%,0,1,1,0,0,0,1
0x55601c,100%,0,3,3,3,0,0,0
0x54d101,100%,0,17,17,17,0,0,0
0x666c41,100%,0,2,2,0,0,0,2
0xa237e9,100%,0,2,2,2,0,0,0
0x6667e1,100%,0,2,2,0,0,0,2
0x8aada9,100%,0,5,5,0,0,0,5
0x5b5daa,100%,0,4,4,0,0,0,4
0xa02cdf,100%,0,63,63,0,0,0,63
0xa96ecf,100%,0,17,17,0,0,0,17
0x5a01b3,100%,0,5,5,0,0,0,5
0x9173c6,100%,0,2,2,2,0,0,0
0x9a46c8,100%,0,291,291,0,0,0,291
0x9843d3,100%,0,8,8,0,0,0,8
0x49439f,100%,0,17,17,0,0,0,17
0x506e36,100%,0,1,1,0,0,0,1
0x9a9702,100%,0,20,20,0,0,0,20
0x63f8f5,100%,0,2,2,2,0,0,0
0x8bf146,100%,0,2,2,0,0,0,2
0xaccf16,100%,0,3,3,3,0,0,0
0xa8e530,100%,0,5,5,0,0,0,5
0xa853d7,100%,0,5,5,0,0,0,5
0x4bbf55,100%,0,56,56,0,0,0,56
0x5badac,100%,0,2,2,0,0,0,2
0x5bae00,100%,0,2,2,0,0,0,2
0x88a17d,100%,0,22,22,0,0,0,22
0x9d003a,100%,0,5,5,5,0,0,0
0x9d0057,100%,0,5,5,5,0,0,0
0x8e02dd,100%,0,285,285,0,0,0,285
0x619e2f,100%,0,5,5,5,0,0,0
0xb1b6bd,100%,0,1005,1005,1005,0,0,0
0x9a94ad,100%,0,40,40,40,0,0,0
0x4b6985,100%,0,115,115,0,0,0,115
0xa96d58,100%,0,21,21,21,0,0,0
0xa46483,100%,0,193,193,0,0,0,193
0x9fb356,100%,0,3,3,0,0,0,3
0x679692,100%,0,112,112,112,0,0,0
0x9850ae,100%,0,4,4,0,0,0,4
0x5b1633,100%,0,10,10,0,0,0,10
0xa4a860,100%,0,2,2,0,0,0,2
0x47f8cd,100%,0,18,18,0,0,0,18
0x47fb5b,100%,0,19,19,19,0,0,0
0x4ade2a,100%,0,18,18,0,0,0,18
0xb17bb2,100%,0,1061,1061,0,0,0,1061
0x5f8742,100%,0,88,88,0,0,0,88
0x9aa321,100%,0,37,37,37,0,0,0
0x495ba1,100%,0,19,19,19,0,0,0
0x80a23b,100%,0,4,4,0,0,0,4
0x9bd3af,100%,0,12,12,0,0,0,12
0x9f12f3,100%,0,10,10,0,0,0,10
0x9c4eaf,100%,0,3,3,0,0,0,3
0x6659f7,100%,0,130,130,0,0,0,130
0x495a10,100%,0,18,18,0,0,0,18
0xa39df7,100%,0,1307,1307,0,0,0,1307
0x9c5583,100%,0,4,4,4,0,0,0
0x8f45b3,100%,0,57,57,57,0,0,0
0x949909,100%,0,53,53,53,0,0,0
0x495d7a,100%,0,38,38,0,0,0,38
0x495ddc,100%,0,19,19,0,0,0,19
0x9850e9,100%,0,4,4,0,0,0,4
0x984f98,100%,0,8,8,8,0,0,0
0xad6c5a,100%,0,2,2,0,0,0,2
0x4ba4e5,100%,0,22,22,0,0,0,22
0x97772f,100%,0,882,882,0,0,0,882
0x4996d4,100%,0,74,74,0,0,0,74
0xaad9b7,100%,0,120,120,0,0,0,120
0x9c5337,100%,0,4,4,4,0,0,0
0x808191,100%,0,27,27,0,0,0,27
0x9fe196,100%,0,25,25,0,0,0,25
0x90f89f,100%,0,2,2,2,0,0,0
0x977727,100%,0,882,882,0,0,0,882
0x4802e6,100%,0,38,38,38,0,0,0
0x9c5352,100%,0,4,4,0,0,0,4
0x9c520c,100%,0,8,8,0,0,0,8
0x97774b,100%,0,882,882,882,0,0,0
0x9c51fe,100%,0,8,8,0,0,0,8
0x491a2d,100%,0,2,2,0,0,0,2
0xad6c65,100%,0,2,2,0,0,0,2
0xa95d50,100%,0,574,574,0,0,0,574
0x8dc38e,100%,0,4,4,0,0,0,4
0x7cfa25,100%,0,33,33,23,0,0,10
0xaabd21,100%,0,4,4,0,0,0,4
0x9027d0,100%,0,12,12,0,0,0,12
0x627a50,100%,0,255,255,255,0,0,0
0x9c535b,100%,0,4,4,0,0,0,4
0xa36856,100%,0,436,436,0,0,0,436
0x4801aa,100%,0,19,19,0,0,0,19
0x4800c5,100%,0,19,19,0,0,0,19
0x480089,100%,0,19,19,19,0,0,0
0x9c438d,100%,0,2,2,0,0,0,2
0x811f3b,100%,0,541,541,0,0,0,541
0x96b1b3,100%,0,907,907,0,0,0,907
0xb17ba4,100%,0,1061,1061,0,0,0,1061
0x8ff2c6,100%,0,64,64,0,0,0,64
0x47fcef,100%,0,19,19,19,0,0,0
0x8a240a,100%,0,2,2,2,0,0,0
0xa8a78a,100%,0,83,83,0,0,0,83
0xa06a4b,100%,0,2,2,0,0,0,2
0x5d7cf9,100%,0,86,86,86,0,0,0
0x5b39f1,100%,0,4,4,0,0,0,4
0x494595,100%,0,2,2,0,0,0,2
0x54d69e,100%,0,20,20,0,0,0,20
0x5ee1cd,100%,0,177,177,0,0,0,177
0x9e5761,100%,0,39,39,39,0,0,0
0x9fc105,100%,0,306,306,0,0,0,306
0x906b37,100%,0,358,358,0,0,0,358
0xb23058,100%,0,154,154,154,0,0,0
0x9f598c,100%,0,235,235,0,0,0,235
0x54d760,100%,0,20,20,20,0,0,0
0x942812,100%,0,1690,1690,1690,0,0,0
0x949754,100%,0,79,79,0,0,0,79
0xacd83f,100%,0,2,2,2,0,0,0
0x5d871e,100%,0,30,30,0,0,0,30
0xace0fb,100%,0,2,2,2,0,0,0
0x555747,100%,0,4,4,4,0,0,0
0x5e4536,100%,0,121,121,0,0,0,121
0x5e786d,100%,0,73,73,73,0,0,0
0x5cba52,100%,0,131,131,0,0,0,131
0x550e15,100%,0,17,17,0,0,0,17
0x9ecd7d,100%,0,10,10,0,0,0,10
0xa2dc92,100%,0,36,36,0,0,0,36
0x61143f,100%,0,65,65,65,0,0,0
0x5086f5,100%,0,11,11,11,0,0,0
0x9e8458,100%,0,3,3,3,0,0,0
0x402f18,100%,0,6,6,0,0,0,6
0x551cd1,100%,0,99,99,99,0,0,0
0x5b0463,100%,0,49,49,0,0,0,49
0x8f3232,100%,0,12,12,0,0,0,12
0x490c5e,100%,0,26,26,0,0,0,26
0xb180f4,100%,0,1438,1438,0,0,0,1438
0xaa4a0e,100%,0,3,3,0,0,0,3
0x9bc692,100%,0,2,2,0,0,0,2
0x94ce82,100%,0,47,47,47,0,0,0
0x9bc6d5,100%,0,127,127,0,0,0,127
0x9091e3,100%,0,1857,1857,1857,0,0,0
0xa21dce,100%,0,2,2,0,0,0,2
0x9eeedc,100%,0,6,6,0,0,0,6
0x64006b,100%,0,650,650,0,0,0,650
0xa72400,100%,0,4,4,0,0,0,4
0x441ac3,100%,0,11,11,11,0,0,0
0x9a274d,100%,0,15,15,0,0,0,15
0x9bc6ef,100%,0,127,127,0,0,0,127
0x918b50,100%,0,200,200,200,0,0,0
0x94d12b,100%,0,47,47,0,0,0,47
0x94d145,100%,0,47,47,47,0,0,0
0x8d22bb,100%,0,249,249,0,0,0,249
0x810684,100%,0,34,34,34,0,0,0
0x9bc5f2,100%,0,2,2,2,0,0,0
0xb17ea5,100%,0,1061,1061,0,0,0,1061
0x48c659,100%,0,2,2,0,0,0,2
0x48f88b,100%,0,16,16,0,0,0,16
0x5c569f,100%,0,223,223,0,0,0,223
0x8d2268,100%,0,2,2,0,0,0,2
0x8e46aa,100%,0,16,16,0,0,0,16
0x99ef6f,100%,0,2,2,0,0,0,2
0x94989e,100%,0,79,79,0,0,0,79
0x8a8e9b,100%,0,4,4,0,0,0,4
0x949890,100%,0,79,79,0,0,0,79
0x5d8919,100%,0,30,30,0,0,0,30
0xace0ea,100%,0,2,2,0,0,0,2
0xa510c0,100%,0,4,4,0,0,0,4
0x9497d8,100%,0,79,79,79,0,0,0
0x48326f,100%,0,29,29,0,0,0,29
0x793081,100%,0,10,10,0,0,0,10
0x4bbac9,100%,0,204,204,0,0,0,204
0x9739b6,100%,0,40,40,0,0,0,40
0xaccb10,100%,0,3,3,3,0,0,0
0xb22ff3,100%,0,154,154,0,0,0,154
0x546645,100%,0,4,4,0,0,0,4
0x6083c8,100%,0,126,126,126,0,0,0
0x9a48f1,100%,0,16,16,0,0,0,16
0x918aee,100%,0,200,200,0,0,0,200
0xa042c1,100%,0,1,1,0,0,0,1
0x8089b4,100%,0,9,9,0,0,0,9
0x4b5f99,100%,0,4,4,0,0,0,4
0xaccb08,100%,0,3,3,0,0,0,3
0x5b355d,100%,0,6,6,0,0,0,6
0x5fe7bb,100%,0,105,105,0,0,0,105
0x5beaa2,100%,0,2,2,0,0,0,2
0x48f5de,100%,0,3,3,0,0,0,3
0xa2d2ef,100%,0,4,4,0,0,0,4
0x9733a8,100%,0,40,40,40,0,0,0
0x81ae88,100%,0,2,2,0,0,0,2
0x8147ed,100%,0,429,429,0,0,0,429
0x481929,100%,0,29,29,0,0,0,29
0x5411f6,100%,0,3620,3620,0,0,0,3620
0x983f2e,100%,0,8,8,0,0,0,8
0x5e5e18,100%,0,1003,1003,1003,0,0,0
0x540b72,100%,0,350,350,0,0,0,350
0x5d1373,100%,0,4,4,4,0,0,0
0x983f17,100%,0,8,8,0,0,0,8
0x80c409,100%,0,18,18,0,0,0,18
0x9f4980,100%,0,4,4,0,0,0,4
0xaccb9a,100%,0,3,3,0,0,0,3
0x481deb,100%,0,19,19,0,0,0,19
0x9f3c77,100%,0,1,1,0,0,0,1
0x814c7c,100%,0,41,41,0,0,0,41
0x5f405d,100%,0,4,4,0,0,0,4
0x4beeea,100%,0,25,25,0,0,0,25
0xa8ee86,100%,0,8,8,0,0,0,8
0x81f963,100%,0,79,79,0,0,0,79
0x96e547,100%,0,2,2,1,0,0,1
0xaccdf0,100%,0,1,1,0,0,0,1
0x8375fe,100%,0,86,86,0,0,0,86
0x5bac79,100%,0,378,378,0,0,0,378
0x83259e,100%,0,1,1,0,0,0,1
0xa99949,100%,0,2,2,0,0,0,2
0x97861c,100%,0,10,10,0,0,0,10
0x499816,100%,0,18,18,0,0,0,18
0x58dbc0,100%,0,1,1,1,0,0,0
0x9d1057,100%,0,8,8,0,0,0,8
0x9e3015,100%,0,237,237,237,0,0,0
0xa96d7a,100%,0,21,21,0,0,0,21
0x5a5db2,100%,0,4,4,4,0,0,0
0x977cfe,100%,0,292,292,0,0,0,292
0x4bf212,100%,0,86,86,86,0,0,0
0xa06049,100%,0,4,4,0,0,0,4
0xa51ceb,100%,0,12,12,0,0,0,12
0x832596,100%,0,1,1,0,0,0,1
0x90e268,100%,0,160,160,0,0,0,160
0x58ebfa,100%,0,12,12,12,0,0,0
0x808af2,100%,0,2,2,0,0,0,2
0x6d45bb,100%,0,145,145,0,0,0,145
0x65b061,100%,0,13,13,13,0,0,0
0x48eff7,100%,0,264,264,0,0,0,264
0x409b74,100%,0,22,22,0,0,0,22
0x5b8de8,100%,0,4,4,4,0,0,0
0x5b8de0,100%,0,4,4,0,0,0,4
0x8e46b6,100%,0,16,16,0,0,0,16
0xaa127b,100%,0,4,4,0,0,0,4
0x494a3d,100%,0,2,2,0,0,0,2
0x51023f,100%,0,236,236,0,0,0,236
0x480967,100%,0,19,19,0,0,0,19
0x48099d,100%,0,19,19,0,0,0,19
0x4809a6,100%,0,19,19,19,0,0,0
0x9c5187,100%,0,4,4,0,0,0,4
0x4a659b,100%,0,3,3,0,0,0,3
0x4bf2eb,100%,0,30,30,30,0,0,0
0x5f922d,100%,0,7,7,0,0,0,7
0x480f1d,100%,0,19,19,0,0,0,19
0x480f2d,100%,0,19,19,19,0,0,0
0xace0b8,100%,0,2,2,0,0,0,2
0x9784a0,100%,0,459,459,0,0,0,459
0x9c501c,100%,0,4,4,0,0,0,4
0x4b4fc8,100%,0,382,382,0,0,0,382
0x9f03ef,100%,0,875,875,875,0,0,0
0x9fe325,100%,0,134,134,0,0,0,134
0x8088aa,100%,0,231,231,0,0,0,231
0x9c51ce,100%,0,8,8,0,0,0,8
0x9edd7d,100%,0,138,138,138,0,0,0
0x9c51dc,100%,0,8,8,0,0,0,8
0x80d992,100%,0,106,106,0,0,0,106
0xb2e7c3,100%,0,4017,4017,0,0,0,4017
0x977f0b,100%,0,1521,1521,0,0,0,1521
0xaa2ad2,100%,0,3,3,0,0,0,3
0x48064e,100%,0,38,38,38,0,0,0
0x5f90f7,100%,0,2,2,0,0,0,2
0xa05022,100%,0,2,2,1,0,0,1
0x96b19a,100%,0,907,907,0,0,0,907
0x9cfcb8,100%,0,36,36,0,0,0,36
0x48064a,100%,0,38,38,0,0,0,38
0x9045bd,100%,0,498,498,0,0,0,498
0x446590,100%,0,4,4,0,0,0,4
0x7d3404,100%,0,12,12,0,0,0,12
0x405118,100%,0,21,21,21,0,0,0
0x4817e5,100%,0,38,38,0,0,0,38
0x973215,100%,0,40,40,0,0,0,40
0x9844a6,100%,0,66,66,0,0,0,66
0x446588,100%,0,4,4,0,0,0,4
0x973230,100%,0,40,40,40,0,0,0
0xaccf95,100%,0,3,3,3,0,0,0
0x9731e0,100%,0,42,42,0,0,0,42
0x402d64,100%,0,34,34,0,0,0,34
0xad43c9,100%,0,3,3,0,0,0,3
0x9732ca,100%,0,42,42,0,0,0,42
0x9f36e6,100%,0,4,4,0,0,0,4
0x5f5569,100%,0,40,40,40,0,0,0
0xaabb85,100%,0,8,8,4,0,0,4
0x983fcf,100%,0,8,8,0,0,0,8
0x490bf1,100%,0,6,6,0,0,0,6
0xa069c1,100%,0,2,2,2,0,0,0
0x4816e7,100%,0,19,19,19,0,0,0
0xa36c52,100%,0,2,2,0,0,0,2
0x8fe36e,100%,0,15,15,0,0,0,15
0xaaae3a,100%,0,186,186,0,0,0,186
0x5c6c00,100%,0,2148,2148,0,0,0,2148
0x54edea,100%,0,43,43,0,0,0,43
0x4813e0,100%,0,19,19,19,0,0,0
0x8edac7,100%,0,126,126,0,0,0,126
0x4ad2ec,100%,0,20,20,0,0,0,20
0xa17f69,100%,0,546,546,0,0,0,546
0x4813d3,100%,0,19,19,0,0,0,19
0x677b76,100%,0,78,78,0,0,0,78
0x48ef0a,100%,0,8,8,0,0,0,8
0xa5f29e,100%,0,4,4,0,0,0,4
0x80392c,100%,0,2,2,0,0,0,2
0x9d2694,100%,0,28,28,0,0,0,28
0xaa5710,100%,0,93,93,0,0,0,93
0x8adbf4,100%,0,2,2,0,0,0,2
0x59c537,100%,0,89,89,0,0,0,89
0x8adc16,100%,0,89,89,0,0,0,89
0x66f64d,100%,0,3,3,0,0,0,3
0x99e826,100%,0,13,13,0,0,0,13
0xa21b4e,100%,0,2,2,0,0,0,2
0x5c7861,100%,0,80,80,80,0,0,0
0xb90265,100%,0,5,5,0,0,0,5
0x9d25dc,100%,0,2,2,0,0,0,2
0x83381e,100%,0,4,4,0,0,0,4
0x8fce1b,100%,0,44,44,0,0,0,44
0x99d32b,100%,0,9,9,0,0,0,9
0x5f0578,100%,0,27,27,0,0,0,27
0x8fce08,100%,0,44,44,0,0,0,44
0x8a246d,100%,0,2,2,0,0,0,2
0x8ad769,100%,0,2,2,0,0,0,2
0x9d318a,100%,0,3,3,0,0,0,3
0x90a66e,100%,0,44,44,0,0,0,44
0x9d269a,100%,0,28,28,0,0,0,28
0x8ad796,100%,0,2,2,0,0,0,2
0x8ad7a0,100%,0,2,2,0,0,0,2
0x8a2422,100%,0,2,2,2,0,0,0
0x8e3382,100%,0,16,16,0,0,0,16
0xaadc31,100%,0,325,325,0,0,0,325
0x90be08,100%,0,176,176,0,0,0,176
0xae705e,100%,0,1,1,0,0,0,1
0x9bc497,100%,0,2,2,0,0,0,2
0x9bc4a6,100%,0,2,2,0,0,0,2
0xb2e803,100%,0,7976,7976,0,0,0,7976
0xa2124e,100%,0,8,8,0,0,0,8
0xa587db,100%,0,116,116,116,0,0,0
0x4c9310,100%,0,4,4,4,0,0,0
0xa97f1b,100%,0,12,12,12,0,0,0
0xa2125b,100%,0,8,8,0,0,0,8
0x90a405,100%,0,44,44,0,0,0,44
0x4ab20b,100%,0,5,5,0,0,0,5
0x4ab211,100%,0,5,5,5,0,0,0
0x4ab21e,100%,0,5,5,0,0,0,5
0x8a257d,100%,0,205,205,205,0,0,0
0x4aaf2b,100%,0,1,1,0,0,0,1
0x8d42cd,100%,0,12,12,0,0,0,12
0xa211b1,100%,0,4,4,4,0,0,0
0xa09534,100%,0,16,16,8,0,0,8
0x48e982,100%,0,2,2,2,0,0,0
0x48df03,100%,0,41,41,0,0,0,41
0x90a3f7,100%,0,176,176,0,0,0,176
0xa0950c,100%,0,12,12,0,0,0,12
0x48dff4,100%,0,25,25,0,0,0,25
0x90a677,100%,0,44,44,0,0,0,44
0x5a5e07,100%,0,4,4,2,0,0,2
0xa2136f,100%,0,12,12,8,0,0,4
0x60e34b,100%,0,445,445,0,0,0,445
0x8e3940,100%,0,48,48,0,0,0,48
0x48d056,100%,0,1,1,0,0,0,1
0xa5670d,100%,0,8,8,0,0,0,8
0x90a49b,100%,0,44,44,44,0,0,0
0x8fcdd1,100%,0,44,44,0,0,0,44
0x8fcddc,100%,0,44,44,0,0,0,44
0x4c660a,100%,0,2,2,2,0,0,0
0x7c76fe,100%,0,4,4,0,0,0,4
0xa5f72e,100%,0,352,352,0,0,0,352
0x65bc1a,100%,0,505,505,0,0,0,505
0xa974a5,100%,0,39,39,0,0,0,39
0xa5f6fd,100%,0,8,8,0,0,0,8
0x5f0719,100%,0,22,22,0,0,0,22
0x67ec55,100%,0,122,122,0,0,0,122
0x9d2782,100%,0,1,1,1,0,0,0
0x68b13b,100%,0,4,4,4,0,0,0
0x8bcac7,100%,0,9,9,0,0,0,9
0x5f0d17,100%,0,283,283,0,0,0,283
0xa96522,100%,0,4,4,0,0,0,4
0x5f0d2f,100%,0,283,283,0,0,0,283
0x5f0d3c,100%,0,283,283,0,0,0,283
0x67d015,100%,0,32,32,32,0,0,0
0x97ab2a,100%,0,18,18,4,0,0,14
0x68b109,100%,0,4,4,0,0,0,4
0x9d03f0,100%,0,18,18,0,0,0,18
0xb14a33,100%,0,3745,3745,3745,0,0,0
0x80b487,100%,0,1,1,0,0,0,1
0x489e3c,100%,0,68,68,0,0,0,68
0x746548,100%,0,5,5,5,0,0,0
0x9712bf,100%,0,5,5,0,0,0,5
0xa5366d,100%,0,6,6,6,0,0,0
0x547ae6,100%,0,11,11,0,0,0,11
0x8c8d46,100%,0,8,8,0,0,0,8
0x5f087a,100%,0,296,296,0,0,0,296
0x9f3904,100%,0,4,4,0,0,0,4
0x817e81,100%,0,55,55,0,0,0,55
0x7e2c0f,100%,0,2,2,2,0,0,0
0x494b82,100%,0,2,2,2,0,0,0
0x8aebaa,100%,0,146,146,7,0,0,139
0x67f390,100%,0,2,2,0,0,0,2
0x6663ed,100%,0,2,2,0,0,0,2
0xa478fd,100%,0,14,14,0,0,0,14
0x5b067f,100%,0,2,2,0,0,0,2
0x8aeb4b,100%,0,7,7,0,0,0,7
0x805dae,100%,0,4,4,4,0,0,0
0xa69ea8,100%,0,4,4,0,0,0,4
0xa052e7,100%,0,4,4,0,0,0,4
0x80aa10,100%,0,3,3,0,0,0,3
0x959129,100%,0,2,2,0,0,0,2
0xa33b54,100%,0,72,72,0,0,0,72
0x486f9c,100%,0,2,2,0,0,0,2
0x554cf4,100%,0,289,289,0,0,0,289
0x4873ee,100%,0,229,229,0,0,0,229
0x90ab6a,100%,0,27,27,0,0,0,27
0x686dbf,100%,0,83,83,0,0,0,83
0x8fc022,100%,0,739,739,0,0,0,739
0xa3bded,100%,0,8,8,0,0,0,8
0x483171,100%,0,29,29,0,0,0,29
0x8ad95e,100%,0,2,2,2,0,0,0
0x9d3198,100%,0,3,3,0,0,0,3
0x8ada98,100%,0,2,2,2,0,0,0
0x9e5301,100%,0,12,12,12,0,0,0
0x48e01d,100%,0,25,25,0,0,0,25
0x97a40f,100%,0,52,52,0,0,0,52
0x6d44a7,100%,0,11,11,0,0,0,11
0x8a905d,100%,0,2,2,0,0,0,2
0x6d44b0,100%,0,11,11,0,0,0,11
0x951bd9,100%,0,9,9,0,0,0,9
0x951b72,100%,0,9,9,9,0,0,0
0x9d125c,100%,0,16,16,0,0,0,16
0x951b61,100%,0,9,9,0,0,0,9
0x8a6083,100%,0,2,2,0,0,0,2
0x9782c1,100%,0,19,19,0,0,0,19
0x5b2868,100%,0,2,2,0,0,0,2
0xa3ef2c,100%,0,8,8,0,0,0,8
0x5f0acd,100%,0,1,1,0,0,0,1
0xa04b8e,100%,0,42,42,0,0,0,42
0x5f0a79,100%,0,3,3,0,0,0,3
0x441697,100%,0,11,11,0,0,0,11
0x7c5d50,100%,0,14,14,0,0,0,14
0x5ff2c9,100%,0,117,117,117,0,0,0
0xa05e8a,100%,0,1,1,0,0,0,1
0x9613fb,100%,0,8,8,8,0,0,0
0x8d23ea,100%,0,56,56,56,0,0,0
0xa05dff,100%,0,1,1,0,0,0,1
0x90a792,100%,0,153,153,0,0,0,153
0x8d2611,100%,0,56,56,0,0,0,56
0x9ef382,100%,0,60,60,0,0,0,60
0x8d2639,100%,0,56,56,0,0,0,56
0xa47948,100%,0,9,9,0,0,0,9
0x649c6c,100%,0,2,2,0,0,0,2
0x591f52,100%,0,70,70,0,0,0,70
0x90e83a,100%,0,30,30,0,0,0,30
0xa061bb,100%,0,29,29,29,0,0,0
0x90e7ef,100%,0,30,30,0,0,0,30
0x8d24ff,100%,0,82,82,82,0,0,0
0x8d23d0,100%,0,448,448,0,0,0,448
0x8d2483,100%,0,84,84,0,0,0,84
0x40ae02,100%,0,4,4,0,0,0,4
0xa21bbe,100%,0,2,2,0,0,0,2
0xa05f0a,100%,0,1,1,1,0,0,0
0x687d7d,100%,0,34,34,34,0,0,0
0x491500,100%,0,159,159,0,0,0,159
0x8d24fa,100%,0,82,82,0,0,0,82
0xa0166b,100%,0,8,8,8,0,0,0
0xa05eec,100%,0,6,6,6,0,0,0
0xa36868,100%,0,436,436,0,0,0,436
0x808091,100%,0,5,5,5,0,0,0
0x8d2587,100%,0,240,240,0,0,0,240
0xa05eca,100%,0,1,1,0,0,0,1
0xaaa3a4,100%,0,70,70,70,0,0,0
0x6d45c4,100%,0,145,145,0,0,0,145
0x80daea,100%,0,220,220,0,0,0,220
0x5b1826,100%,0,74,74,74,0,0,0
0x915724,100%,0,200,200,0,0,0,200
0x4a5d5a,100%,0,30,30,30,0,0,0
0xaa1337,100%,0,195,195,0,0,0,195
0x97519a,100%,0,5,5,0,0,0,5
0x8094f1,100%,0,2,2,0,0,0,2
0xa52e66,100%,0,9,9,0,0,0,9
0x40a904,100%,0,89,89,0,0,0,89
0x8a6a60,100%,0,3,3,3,0,0,0
0x817115,100%,0,2,2,0,0,0,2
0x49c849,100%,0,1,1,0,0,0,1
0x489a45,100%,0,569,569,569,0,0,0
0x4a590e,100%,0,55,55,0,0,0,55
0x50226e,100%,0,126,126,126,0,0,0
0x50242d,100%,0,340,340,340,0,0,0
0xa50a85,100%,0,14,14,0,0,0,14
0x84355c,100%,0,3,3,0,0,0,3
0xa355d7,100%,0,302,302,0,0,0,302
0x405ec3,100%,0,178,178,0,0,0,178
0x5c64ac,100%,0,224,224,0,0,0,224
0x97b785,100%,0,69,69,0,0,0,69
0x90e357,100%,0,67,67,0,0,0,67
0x8e7e5b,100%,0,224,224,0,0,0,224
0x90e3cb,100%,0,67,67,0,0,0,67
0x5b9b08,100%,0,65,65,0,0,0,65
0x8ebed3,100%,0,8,8,0,0,0,8
0x5b0f3a,100%,0,58,58,0,0,0,58
0x48fbd6,100%,0,4,4,0,0,0,4
0x5388a6,100%,0,1201,1201,1201,0,0,0
0xa06176,100%,0,21,21,0,0,0,21
0xb30011,100%,0,5,5,5,0,0,0
0xb49908,100%,0,2,2,0,0,0,2
0x533e99,100%,0,2,2,2,0,0,0
0x60e6fa,100%,0,79,79,79,0,0,0
0x844401,100%,0,4,4,0,0,0,4
0x6f461e,100%,0,6,6,0,0,0,6
0xa21050,100%,0,1,1,0,0,0,1
0xa5f814,100%,0,136,136,0,0,0,136
0x489d6e,100%,0,6172,6172,0,0,0,6172
0x8e961b,100%,0,2,2,0,0,0,2
0xa3254e,100%,0,4,4,4,0,0,0
0x9f274d,100%,0,85,85,85,0,0,0
0x533ef8,100%,0,2,2,0,0,0,2
0x9190a3,100%,0,2,2,0,0,0,2
0x5468d8,100%,0,2,2,2,0,0,0
0xa2100a,100%,0,1,1,0,0,0,1
0x6a3b47,100%,0,26,26,0,0,0,26
0x60e3a3,100%,0,5,5,1,0,0,4
0xa21004,100%,0,1,1,0,0,0,1
0x5408be,100%,0,6,6,6,0,0,0
0xa21110,100%,0,4,4,4,0,0,0
0x90e278,100%,0,160,160,0,0,0,160
0xa2851c,100%,0,160,160,0,0,0,160
0x5f4728,100%,0,2,2,2,0,0,0
0x48ecab,100%,0,15,15,15,0,0,0
0x5423ba,100%,0,219,219,0,0,0,219
0x9116d1,100%,0,171,171,0,0,0,171
0x88dede,100%,0,2,2,0,0,0,2
0x59f920,100%,0,2,2,0,0,0,2
0xa094e1,100%,0,4,4,0,0,0,4
0x90fd08,100%,0,171,171,171,0,0,0
0x5f5945,100%,0,2,2,0,0,0,2
0x556ac9,100%,0,4,4,4,0,0,0
0xa1b04c,100%,0,1,1,0,0,0,1
0x50fe47,100%,0,2,2,0,0,0,2
0x908e0e,100%,0,4274,4274,0,0,0,4274
0x8ebd83,100%,0,2,2,0,0,0,2
0x858e29,100%,0,8,8,0,0,0,8
0xa21bcc,100%,0,2,2,1,0,0,1
0x6a3ac7,100%,0,38,38,0,0,0,38
0xa96a60,100%,0,21,21,0,0,0,21
0x9eed9d,100%,0,6,6,0,0,0,6
0xa97b51,100%,0,2,2,2,0,0,0
0x9eedb4,100%,0,230,230,0,0,0,230
0x858e1d,100%,0,8,8,0,0,0,8
0x60a8e3,100%,0,790,790,0,0,0,790
0xb23bb2,100%,0,346,346,0,0,0,346
0x5dda06,100%,0,1,1,0,0,0,1
0x60a8ec,100%,0,790,790,0,0,0,790
0x4416ce,100%,0,11,11,0,0,0,11
0x818a2b,100%,0,11153,11153,0,0,0,11153
0xa06331,100%,0,2,2,0,0,0,2
0x8e1cc4,100%,0,4,4,4,0,0,0
0x4beb26,100%,0,175,175,0,0,0,175
0x99f677,100%,0,102,102,0,0,0,102
0x679115,100%,0,61,61,0,0,0,61
0xb3138e,100%,0,969,969,0,0,0,969
0xa5f9d6,100%,0,435,435,0,0,0,435
0x80a1c5,100%,0,4,4,0,0,0,4
0x552b45,100%,0,26,26,0,0,0,26
0xaa2593,100%,0,22,22,0,0,0,22
0xa58c74,100%,0,29,29,29,0,0,0
0x6a3b08,100%,0,26,26,0,0,0,26
0x48fbb5,100%,0,4,4,4,0,0,0
0xa5f8af,100%,0,8,8,0,0,0,8
0x5f4b81,100%,0,7,7,7,0,0,0
0x60e578,100%,0,5,5,1,0,0,4
0x5c33d7,100%,0,8,8,0,0,0,8
0x619ec3,100%,0,5,5,0,0,0,5
0xa1d4f4,100%,0,5,5,5,0,0,0
0x6a7858,100%,0,1,1,0,0,0,1
0x4c9f5b,100%,0,8,8,0,0,0,8
0x5925a4,100%,0,120,120,0,0,0,120
0x80a66a,100%,0,210,210,0,0,0,210
0x78a3a2,100%,0,3,3,2,0,0,1
0xa4d873,100%,0,121,121,0,0,0,121
0xa1d4aa,100%,0,5,5,0,0,0,5
0xa1a3a1,100%,0,9,9,9,0,0,0
0xa1a38a,100%,0,9,9,0,0,0,9
0x88a1ab,100%,0,6,6,0,0,0,6
0x543aaf,100%,0,1351,1351,0,0,0,1351
0x73d8f9,100%,0,3,3,3,0,0,0
0x81b13c,100%,0,32,32,0,0,0,32
0x5991c3,100%,0,4636,4636,4636,0,0,0
0x6472f0,100%,0,5,5,0,0,0,5
0x67ef00,100%,0,10,10,0,0,0,10
0x58e044,100%,0,2,2,0,0,0,2
0x9988f2,100%,0,2,2,2,0,0,0
0x50a97c,100%,0,36,36,0,0,0,36
0x60e5d0,100%,0,1,1,0,0,0,1
0x90cafb,100%,0,119,119,0,0,0,119
0x9988e6,100%,0,2,2,0,0,0,2
0xae7000,100%,0,2,2,0,0,0,2
0xa03844,100%,0,5328,5328,0,0,0,5328
0x9ebf41,100%,0,61,61,0,0,0,61
0xa09615,100%,0,4,4,0,0,0,4
0x5a96ab,100%,0,5,5,0,0,0,5
0x80e0cd,100%,0,4,4,4,0,0,0
0x58bddf,100%,0,149,149,0,0,0,149
0x58be83,100%,0,64,64,0,0,0,64
0x58be96,100%,0,12,12,12,0,0,0
0xa095d7,100%,0,5,5,0,0,0,5
0xa096a7,100%,0,1,1,0,0,0,1
0x492eba,100%,0,72,72,0,0,0,72
0xaa336a,100%,0,989,989,0,0,0,989
0x98c9f0,100%,0,109,109,0,0,0,109
0xa097f2,100%,0,1,1,0,0,0,1
0xa54308,100%,0,19,19,0,0,0,19
0xa09782,100%,0,2,2,2,0,0,0
0x4bbc67,100%,0,121,121,121,0,0,0
0x973b54,100%,0,10,10,0,0,0,10
0xa1aac1,100%,0,5,5,5,0,0,0
0x494dfb,100%,0,1,1,1,0,0,0
0x80a692,100%,0,2,2,1,0,0,1
0x48201f,100%,0,4,4,0,0,0,4
0x5fa534,100%,0,54,54,0,0,0,54
0x8fe391,100%,0,30,30,0,0,0,30
0x8f4344,100%,0,1452,1452,1452,0,0,0
0x8080dc,100%,0,2,2,0,0,0,2
0xa8fa73,100%,0,85,85,0,0,0,85
0x511dc3,100%,0,384,384,0,0,0,384
0x48067e,100%,0,9,9,9,0,0,0
0x8dca29,100%,0,110,110,0,0,0,110
0xa1a2c5,100%,0,9,9,0,0,0,9
0x94d805,100%,0,534,534,0,0,0,534
0x917af1,100%,0,200,200,0,0,0,200
0x7dff59,100%,0,8,8,0,0,0,8
0x98c944,100%,0,109,109,0,0,0,109
0xacc2a5,100%,0,2,2,2,0,0,0
0xaa34ee,100%,0,924,924,924,0,0,0
0xa02743,100%,0,27,27,0,0,0,27
0x4bc0e7,100%,0,15,15,15,0,0,0
0x606bd1,100%,0,12,12,12,0,0,0
0xa1a351,100%,0,9,9,9,0,0,0
0x48061c,100%,0,9,9,9,0,0,0
0x6ebdb8,100%,0,1,1,1,0,0,0
0xa48492,100%,0,56,56,56,0,0,0
0x6ebffe,100%,0,1,1,0,0,0,1
0x5905a5,100%,0,13,13,0,0,0,13
0x5b1bf0,100%,0,2,2,0,0,0,2
0x9e817d,100%,0,24,24,24,0,0,0
0x6ebfec,100%,0,1,1,0,0,0,1
0x5b4a1a,100%,0,2,2,0,0,0,2
0x9ab735,100%,0,89,89,0,0,0,89
0x6ec03d,100%,0,1,1,0,0,0,1
0xa997bb,100%,0,2,2,2,0,0,0
0x552ad3,100%,0,32,32,0,0,0,32
0x8e3e5b,100%,0,4,4,0,0,0,4
0x5b5d46,100%,0,2,2,2,0,0,0
0x5b27e1,100%,0,2,2,0,0,0,2
0x959382,100%,0,4,4,0,0,0,4
0x9a82d7,100%,0,14,14,0,0,0,14
0x6b702f,100%,0,1,1,1,0,0,0
0x4bf0d5,100%,0,188,188,0,0,0,188
0x5b1be3,100%,0,2,2,2,0,0,0
0x5b1bd5,100%,0,2,2,0,0,0,2
0x8e3606,100%,0,2,2,0,0,0,2
0x9a3a35,100%,0,13,13,0,0,0,13
0x5f32e9,100%,0,2,2,2,0,0,0
0x7180a4,100%,0,1,1,0,0,0,1
0x490d32,100%,0,6,6,6,0,0,0
0x505a67,100%,0,4,4,0,0,0,4
0x677b81,100%,0,78,78,0,0,0,78
0x5f77df,100%,0,4,4,4,0,0,0
0x490c06,100%,0,6,6,0,0,0,6
0x999f7b,100%,0,4,4,4,0,0,0
0x490bfc,100%,0,6,6,0,0,0,6
0x9ab90d,100%,0,231,231,0,0,0,231
0x90bf3c,100%,0,119,119,0,0,0,119
0x973a94,100%,0,38,38,0,0,0,38
0x58ee43,100%,0,2,2,0,0,0,2
0x8deaeb,100%,0,200,200,0,0,0,200
0xa60cd2,100%,0,3,3,0,0,0,3
0x80b0f0,100%,0,2,2,0,0,0,2
0x4a9b24,100%,0,2,2,0,0,0,2
0x4bd224,100%,0,2,2,0,0,0,2
0x5b292a,100%,0,2,2,0,0,0,2
0x6a78c6,100%,0,1,1,1,0,0,0
0x5969da,100%,0,337,337,0,0,0,337
0xa022bb,100%,0,1145,1145,0,0,0,1145
0x58d17c,100%,0,2,2,0,0,0,2
0x4024c5,100%,0,2,2,2,0,0,0
0x9f3cc6,100%,0,10,10,0,0,0,10
0x6a7896,100%,0,1,1,0,0,0,1
0x9751ab,100%,0,5,5,0,0,0,5
0xa09684,100%,0,1,1,0,0,0,1
0x8063f3,100%,0,1,1,0,0,0,1
0x4c8b10,100%,0,133,133,0,0,0,133
0x6a78e8,100%,0,1,1,1,0,0,0
0x6cfc35,100%,0,4,4,0,0,0,4
0x9988f7,100%,0,1,1,0,0,0,1
0x58edef,100%,0,2,2,0,0,0,2
0x4ad2d3,100%,0,20,20,0,0,0,20
0x6b45e9,100%,0,1,1,0,0,0,1
0xa4967e,100%,0,13,13,13,0,0,0
0x6b45fa,100%,0,1,1,0,0,0,1
0x6b461c,100%,0,1,1,1,0,0,0
0x58ed44,100%,0,2,2,0,0,0,2
0x5970c9,100%,0,483,483,0,0,0,483
0x4bc758,100%,0,94,94,0,0,0,94
0x5b283b,100%,0,2,2,0,0,0,2
0x50eff8,100%,0,2,2,0,0,0,2
0x6dce96,100%,0,4,4,0,0,0,4
0x4948e2,100%,0,2,2,0,0,0,2
0x8fe8e9,100%,0,1,1,0,0,0,1
0x6f0a0c,100%,0,16,16,0,0,0,16
0x4b5210,100%,0,1,1,0,0,0,1
0x606eee,100%,0,3,3,3,0,0,0
0x48ba5b,100%,0,2,2,2,0,0,0
0x486e17,100%,0,2,2,2,0,0,0
0x977d8e,100%,0,250,250,0,0,0,250
0x48bc60,100%,0,1,1,1,0,0,0
0x486d2a,100%,0,93,93,93,0,0,0
0x48bcb7,100%,0,1,1,0,0,0,1
0x486d91,100%,0,93,93,93,0,0,0
0x6ed74e,100%,0,1,1,1,0,0,0
0x4a5dff,100%,0,65,65,0,0,0,65
0x48723e,100%,0,229,229,0,0,0,229
0x5f50d8,100%,0,2,2,2,0,0,0
0x5f4f22,100%,0,1,1,0,0,0,1
0x4c70e1,100%,0,18,18,0,0,0,18
0xa536b3,100%,0,6,6,6,0,0,0
0x69243b,100%,0,10,10,0,0,0,10
0x64c770,100%,0,7,7,0,0,0,7
0x808858,100%,0,327,327,0,0,0,327
0x5a875f,100%,0,2,2,0,0,0,2
0x5f4c98,100%,0,1,1,0,0,0,1
0x59c83f,100%,0,1,1,1,0,0,0
0x9fd1f0,100%,0,7,7,0,0,0,7
0x6ebfdb,100%,0,1,1,0,0,0,1
0x6dcec8,100%,0,4,4,4,0,0,0
0x509564,100%,0,7,7,7,0,0,0
0x4946bd,100%,0,4,4,0,0,0,4
0x6dcea7,100%,0,4,4,0,0,0,4
0x5089c8,100%,0,4,4,0,0,0,4
0x494a5b,100%,0,2,2,2,0,0,0
0x699443,100%,0,1,1,1,0,0,0
0x4858cc,100%,0,3,3,0,0,0,3
0x66750e,100%,0,2,2,0,0,0,2
0x5f06a6,100%,0,68,68,68,0,0,0
0x699436,100%,0,1,1,0,0,0,1
0x8c8d69,100%,0,8,8,0,0,0,8
0x67f40d,100%,0,2,2,0,0,0,2
0xa28fe2,100%,0,16,16,16,0,0,0
0xad7faa,100%,0,928,928,928,0,0,0
0x667587,100%,0,2,2,0,0,0,2
0x485831,100%,0,12,12,0,0,0,12
0x8ae923,100%,0,14,14,7,0,0,7
0x4c03e5,100%,0,86,86,0,0,0,86
0x667590,100%,0,2,2,2,0,0,0
0x610776,100%,0,13,13,0,0,0,13
0x67f3b8,100%,0,2,2,2,0,0,0
0x5f4ed6,100%,0,1,1,1,0,0,0
0x9d28dc,100%,0,1,1,0,0,0,1
0x6994b4,100%,0,1,1,1,0,0,0
0x8ad608,100%,0,2,2,0,0,0,2
0x48c60e,100%,0,3,3,0,0,0,3
0x6994d1,100%,0,1,1,0,0,0,1
0x4914de,100%,0,1,1,0,0,0,1
0x951d5c,100%,0,637,637,637,0,0,0
0x54799c,100%,0,11,11,11,0,0,0
0x9d2939,100%,0,5,5,5,0,0,0
0x6994d6,100%,0,1,1,1,0,0,0
0x67d78e,100%,0,2,2,2,0,0,0
0x81ffcc,100%,0,323,323,0,0,0,323
0x6ed290,100%,0,1,1,1,0,0,0
0x6ed70b,100%,0,1,1,0,0,0,1
0x8ab630,100%,0,2,2,2,0,0,0
0x495a9d,100%,0,1,1,1,0,0,0
0xa1d798,100%,0,2,2,2,0,0,0
0x9d2ee6,100%,0,15,15,0,0,0,15
0x481d41,100%,0,2,2,0,0,0,2
0x5b0efe,100%,0,1,1,0,0,0,1
0x488d7c,100%,0,57,57,0,0,0,57
0xa1d742,100%,0,2,2,2,0,0,0
0x944fb4,100%,0,9,9,0,0,0,9
0x6d1ef3,100%,0,33,33,0,0,0,33
0x5efdf8,100%,0,1,1,0,0,0,1
0x686832,100%,0,159,159,0,0,0,159
0x495ac3,100%,0,1,1,0,0,0,1
0x67553d,100%,0,2,2,0,0,0,2
0x956009,100%,0,1,1,1,0,0,0
0x490608,100%,0,3,3,0,0,0,3
0xa1d705,100%,0,2,2,0,0,0,2
0x95603a,100%,0,1,1,0,0,0,1
0xa1d6fa,100%,0,2,2,0,0,0,2
0xa1d7db,100%,0,2,2,0,0,0,2
0xa33f3c,100%,0,109,109,0,0,0,109
0xa04ac1,100%,0,2,2,2,0,0,0
0xa60cf2,100%,0,237,237,0,0,0,237
0xa496b6,100%,0,42,42,42,0,0,0
0xa1b4be,100%,0,5,5,5,0,0,0
0x6675b9,100%,0,2,2,2,0,0,0
0x5b184b,100%,0,75,75,0,0,0,75
0x5abdf6,100%,0,9,9,9,0,0,0
0x49dd97,100%,0,28,28,0,0,0,28
0xb2e6c7,100%,0,46,46,0,0,0,46
0x6196d3,100%,0,75,75,0,0,0,75
0x5cfca9,100%,0,24,24,0,0,0,24
0xa94b67,100%,0,4,4,4,0,0,0
0x5f648a,100%,0,2,2,0,0,0,2
0x5fdc89,100%,0,1,1,1,0,0,0
0x9e4904,100%,0,18,18,18,0,0,0
0x9564a7,100%,0,1,1,1,0,0,0
0x8d467d,100%,0,10,10,10,0,0,0
0x4092ae,100%,0,2,2,0,0,0,2
0x9e2b00,100%,0,74,74,74,0,0,0
0x70e8ae,100%,0,6,6,6,0,0,0
0x62780b,100%,0,46,46,0,0,0,46
0x7d423a,100%,0,1,1,0,0,0,1
0x673d57,100%,0,19,19,0,0,0,19
0x5f4dcc,100%,0,2,2,0,0,0,2
0x48efbb,100%,0,264,264,0,0,0,264
0x5f4e55,100%,0,1,1,1,0,0,0
0xa1b009,100%,0,11,11,0,0,0,11
0xa28fd1,100%,0,16,16,0,0,0,16
0xa1ada6,100%,0,44,44,0,0,0,44
0x804768,100%,0,2,2,2,0,0,0
0x48a76f,100%,0,1154,1154,0,0,0,1154
0x65bc91,100%,0,505,505,0,0,0,505
0x70e96b,100%,0,2,2,2,0,0,0
0x682cf7,100%,0,12,12,12,0,0,0
0x5ef72c,100%,0,1,1,1,0,0,0
0x627d2d,100%,0,23,23,0,0,0,23
0x682e5a,100%,0,12,12,0,0,0,12
0xaa342d,100%,0,54,54,43,0,0,11
0x67564c,100%,0,1,1,0,0,0,1
0xaaaab7,100%,0,1,1,0,0,0,1
0xa07800,100%,0,2,2,2,0,0,0
0x971161,100%,0,10,10,5,0,0,5
0x81fc8b,100%,0,98,98,0,0,0,98
0x95609f,100%,0,1,1,1,0,0,0
0x4a1c4e,100%,0,2614,2614,0,0,0,2614
0xa5bf82,100%,0,32,32,0,0,0,32
0x4bee19,100%,0,58,58,0,0,0,58
0xa05203,100%,0,1,1,1,0,0,0
0xace0d3,100%,0,2,2,0,0,0,2
0xaa56b7,100%,0,36,36,0,0,0,36
0x540d4b,100%,0,350,350,0,0,0,350
0xa06294,100%,0,2,2,0,0,0,2
0x7f0c99,100%,0,75,75,0,0,0,75
0x4414f7,100%,0,11,11,0,0,0,11
0x8ebc88,100%,0,4,4,0,0,0,4
0x8045da,100%,0,17,17,0,0,0,17
0x533c61,100%,0,36,36,36,0,0,0
0x9a162d,100%,0,21,21,0,0,0,21
0x60e54d,100%,0,81,81,0,0,0,81
0x8aa9e2,100%,0,63,63,0,0,0,63
0x60e528,100%,0,81,81,0,0,0,81
0x4c81fe,100%,0,18,18,18,0,0,0
0x9a1672,100%,0,20,20,0,0,0,20
0x80a7ae,100%,0,1,1,0,0,0,1
0x60e5da,100%,0,1,1,1,0,0,0
0x4aaf09,100%,0,11,11,0,0,0,11
0x60e5a0,100%,0,1,1,0,0,0,1
0x647c38,100%,0,43,43,0,0,0,43
0x7f0427,100%,0,155,155,0,0,0,155
0x99b0db,100%,0,21,21,21,0,0,0
0x647c7b,100%,0,43,43,43,0,0,0
0x7f03cc,100%,0,19,19,0,0,0,19
0x619bb1,100%,0,20,20,20,0,0,0
0x5ef75b,100%,0,1,1,1,0,0,0
0x7f0337,100%,0,19,19,19,0,0,0
0x4b83ea,100%,0,16,16,16,0,0,0
0xaadbf2,100%,0,325,325,0,0,0,325
0x7f0c52,100%,0,5,5,5,0,0,0
0x5bc58f,100%,0,119,119,119,0,0,0
0x4a7922,100%,0,6,6,6,0,0,0
0x58d9c3,100%,0,64,64,0,0,0,64
0x4ad410,100%,0,20,20,0,0,0,20
0xa07acc,100%,0,1,1,0,0,0,1
0xa5c860,100%,0,14,14,14,0,0,0
0xa69f41,100%,0,4,4,0,0,0,4
0xa30e43,100%,0,112,112,112,0,0,0
0xa5c498,100%,0,50,50,0,0,0,50
0xa9033c,100%,0,38,38,38,0,0,0
0x8c8337,100%,0,19,19,0,0,0,19
0x4ad40a,100%,0,20,20,0,0,0,20
0xa5c3f8,100%,0,77,77,77,0,0,0
0x9e6f4f,100%,0,3,3,0,0,0,3
0x9730ea,100%,0,25,25,0,0,0,25
0x820bc5,100%,0,1,1,0,0,0,1
0xa5c3b1,100%,0,149,149,0,0,0,149
0xa05aba,100%,0,29,29,29,0,0,0
0xa5c56d,100%,0,111,111,111,0,0,0
0x790fd3,100%,0,35,35,0,0,0,35
0x5f3cc5,100%,0,4,4,4,0,0,0
0x59f1e8,100%,0,1,1,0,0,0,1
0x9812e0,100%,0,13,13,13,0,0,0
0x4ad3ef,100%,0,20,20,20,0,0,0
0x81fb09,100%,0,323,323,0,0,0,323
0x5c834b,100%,0,6,6,6,0,0,0
0x97748b,100%,0,6,6,6,0,0,0
0x4ba60f,100%,0,2,2,2,0,0,0
0x8a314d,100%,0,10,10,10,0,0,0
0x496233,100%,0,6,6,0,0,0,6
0x5f2176,100%,0,36,36,0,0,0,36
0x7ef9bf,100%,0,2,2,2,0,0,0
0x4ae56d,100%,0,2,2,0,0,0,2
0x8e9f08,100%,0,704,704,0,0,0,704
0x4ae59c,100%,0,1,1,0,0,0,1
0xb4a1a8,100%,0,724,724,0,0,0,724
0x5f2f48,100%,0,1,1,1,0,0,0
0x49cb23,100%,0,392,392,392,0,0,0
0x96a4bb,100%,0,2,2,0,0,0,2
0x8f45c1,100%,0,57,57,57,0,0,0
0x7cf7f2,100%,0,8,8,0,0,0,8
0x99b04f,100%,0,10,10,10,0,0,0
0x99b0ad,100%,0,40,40,0,0,0,40
0x64751d,100%,0,21,21,0,0,0,21
0x80e541,100%,0,73,73,0,0,0,73
0x9697f4,100%,0,2,2,0,0,0,2
0xab330e,100%,0,42,42,0,0,0,42
0x64758a,100%,0,21,21,21,0,0,0
0xa25f57,100%,0,188,188,188,0,0,0
0x99af69,100%,0,7,7,0,0,0,7
0x5f1417,100%,0,40,40,0,0,0,40
0xa92f3f,100%,0,88,88,0,0,0,88
0x96a657,100%,0,72,72,0,0,0,72
0xa2de08,100%,0,17,17,0,0,0,17
0x99aa6d,100%,0,102,102,0,0,0,102
0x9be47f,100%,0,32,32,0,0,0,32
0x974cd8,100%,0,2,2,2,0,0,0
0x833b6d,100%,0,6,6,0,0,0,6
0x821fbd,100%,0,32,32,0,0,0,32
0x9bd168,100%,0,55,55,0,0,0,55
0x5f2e20,100%,0,2,2,2,0,0,0
0x6198a4,100%,0,75,75,75,0,0,0
0x4a9b2a,100%,0,2,2,0,0,0,2
0x5d46f1,100%,0,4,4,4,0,0,0
0x5f2f1c,100%,0,1,1,1,0,0,0
0xa99901,100%,0,1,1,0,0,0,1
0x4c44f8,100%,0,14,14,0,0,0,14
0x9a3358,100%,0,146,146,0,0,0,146
0xb4a007,100%,0,1,1,0,0,0,1
0x5f1cc1,100%,0,7,7,7,0,0,0
0x647637,100%,0,20,20,0,0,0,20
0x43b1a6,100%,0,54,54,54,0,0,0
0xaa7db4,100%,0,7,7,0,0,0,7
0x821270,100%,0,1246,1246,1246,0,0,0
0x485eed,100%,0,17,17,17,0,0,0
0x5f30b1,100%,0,2,2,0,0,0,2
0x8dc4b1,100%,0,4,4,0,0,0,4
0x5d0fb5,100%,0,20,20,0,0,0,20
0x5f13ac,100%,0,40,40,0,0,0,40
0x4ba129,100%,0,30,30,0,0,0,30
0xa2101a,100%,0,6,6,0,0,0,6
0x99291d,100%,0,2,2,0,0,0,2
0x50cd4a,100%,0,117,117,0,0,0,117
0x7efa39,100%,0,2,2,2,0,0,0
0x606ab1,100%,0,225,225,0,0,0,225
0x7f0673,100%,0,2,2,0,0,0,2
0xa5c550,100%,0,185,185,0,0,0,185
0x4a835c,100%,0,23,23,23,0,0,0
0x81c701,100%,0,70,70,0,0,0,70
0x60bdb6,100%,0,21,21,0,0,0,21
0xaa7d1e,100%,0,10,10,0,0,0,10
0xa4a1f5,100%,0,60,60,0,0,0,60
0x671c5b,100%,0,2,2,0,0,0,2
0x666c55,100%,0,2,2,2,0,0,0
0xa278ea,100%,0,6,6,0,0,0,6
0xa980db,100%,0,149,149,0,0,0,149
0x4ab8e1,100%,0,25,25,25,0,0,0
0x485ec7,100%,0,23,23,0,0,0,23
0x99c858,100%,0,98,98,0,0,0,98
0xa56eb9,100%,0,384,384,0,0,0,384
0x54144f,100%,0,40,40,0,0,0,40
0xa17faf,100%,0,375,375,0,0,0,375
0x487264,100%,0,138,138,138,0,0,0
0x6471d1,100%,0,21,21,0,0,0,21
0x4c5161,100%,0,1,1,1,0,0,0
0x5b2816,100%,0,2,2,0,0,0,2
0x8a23e8,100%,0,2,2,2,0,0,0
0x9f58aa,100%,0,235,235,0,0,0,235
0x4c680a,100%,0,12,12,0,0,0,12
0x5f4834,100%,0,2,2,0,0,0,2
0x5f484f,100%,0,2,2,0,0,0,2
0x7e8177,100%,0,2,2,0,0,0,2
0x8a23dd,100%,0,2,2,0,0,0,2
0x98d037,100%,0,12,12,0,0,0,12
0x5f4860,100%,0,1,1,0,0,0,1
0x5f489b,100%,0,2,2,2,0,0,0
0x9f080d,100%,0,1,1,0,0,0,1
0x4929b9,100%,0,2,2,0,0,0,2
0x9a1dc3,100%,0,15,15,0,0,0,15
0x54d925,100%,0,16,16,16,0,0,0
0x98cb07,100%,0,226,226,0,0,0,226
0x99e01d,100%,0,15,15,0,0,0,15
0xaa4897,100%,0,86,86,86,0,0,0
0xa1a1a4,100%,0,5,5,0,0,0,5
0x9a6573,100%,0,4,4,0,0,0,4
0x54098e,100%,0,6,6,0,0,0,6
0x59c8f5,100%,0,3,3,3,0,0,0
0xa04357,100%,0,1,1,1,0,0,0
0x9a2305,100%,0,15,15,0,0,0,15
0x9d1b81,100%,0,24,24,24,0,0,0
0x5f4618,100%,0,1,1,0,0,0,1
0x4bca80,100%,0,6,6,2,0,0,4
0xb1c233,100%,0,639,639,0,0,0,639
0x4beb2a,100%,0,175,175,175,0,0,0
0x5020c2,100%,0,81,81,0,0,0,81
0x7e8180,100%,0,2,2,0,0,0,2
0x4c70f6,100%,0,18,18,0,0,0,18
0x8a235e,100%,0,2,2,0,0,0,2
0xb30444,100%,0,5,5,0,0,0,5
0x5f2c79,100%,0,2,2,2,0,0,0
0x49946c,100%,0,28,28,0,0,0,28
0x972fce,100%,0,73,73,0,0,0,73
0xa9c61b,100%,0,46,46,0,0,0,46
0x5f2bdd,100%,0,2,2,0,0,0,2
0x8fe099,100%,0,86,86,0,0,0,86
0x9bd273,100%,0,67,67,0,0,0,67
0x9f0751,100%,0,2,2,0,0,0,2
0x5f2b40,100%,0,2,2,0,0,0,2
0x402ff7,100%,0,65,65,0,0,0,65
0x9bd347,100%,0,12,12,0,0,0,12
0x441d42,100%,0,11,11,11,0,0,0
0xae3f77,100%,0,2,2,0,0,0,2
0x9bd3a9,100%,0,12,12,0,0,0,12
0xa53741,100%,0,8,8,0,0,0,8
0x81fd5b,100%,0,48,48,0,0,0,48
0x558026,100%,0,1141,1141,1141,0,0,0
0x9bd236,100%,0,67,67,67,0,0,0
0xa04053,100%,0,2,2,0,0,0,2
0xa316d5,100%,0,2,2,0,0,0,2
0x9bd20b,100%,0,55,55,0,0,0,55
0x9bd1e4,100%,0,55,55,0,0,0,55
0x8a237b,100%,0,12,12,0,0,0,12
0x68b11a,100%,0,4,4,0,0,0,4
0x5b0e51,100%,0,2672,2672,2672,0,0,0
0x8a23ab,100%,0,2,2,0,0,0,2
0x9e0273,100%,0,18,18,0,0,0,18
0x4825ed,100%,0,19,19,0,0,0,19
0x8198e0,100%,0,827,827,0,0,0,827
0x492a1e,100%,0,7,7,0,0,0,7
0x5b028d,100%,0,510,510,0,0,0,510
0xaaddd3,100%,0,2,2,0,0,0,2
0xaaddd8,100%,0,2,2,0,0,0,2
0x42acce,100%,0,2,2,0,0,0,2
0x58cbcb,100%,0,7,7,0,0,0,7
0xa5bed6,100%,0,32,32,0,0,0,32
0x9f114d,100%,0,5,5,5,0,0,0
0xa35d2e,100%,0,416,416,0,0,0,416
0x94b198,100%,0,107,107,107,0,0,0
0x9d2b68,100%,0,5,5,5,0,0,0
0xa5bda9,100%,0,32,32,0,0,0,32
0xa5bb3e,100%,0,32,32,0,0,0,32
0xa5baf7,100%,0,65,65,0,0,0,65
0xa5baa6,100%,0,2,2,0,0,0,2
0xa47316,100%,0,42,42,0,0,0,42
0x7c79ca,100%,0,32,32,8,0,0,24
0x7e207f,100%,0,13,13,0,0,0,13
0x90d45a,100%,0,302,302,0,0,0,302
0x9f9adb,100%,0,109,109,0,0,0,109
0xaadd8e,100%,0,2,2,0,0,0,2
0xaadd89,100%,0,2,2,0,0,0,2
0x5f3f4e,100%,0,4,4,4,0,0,0
0x966063,100%,0,10,10,0,0,0,10
0xa5befc,100%,0,32,32,0,0,0,32
0x58dc6e,100%,0,6,6,0,0,0,6
0x58dc46,100%,0,6,6,0,0,0,6
0x58dc31,100%,0,6,6,0,0,0,6
0x9f8523,100%,0,9,9,0,0,0,9
0x58dc18,100%,0,151,151,0,0,0,151
0xa65536,100%,0,4,4,0,0,0,4
0x90b1d4,100%,0,70,70,70,0,0,0
0x97305c,100%,0,27,27,0,0,0,27
0x7dfa92,100%,0,2,2,2,0,0,0
0x8f2fce,100%,0,84,84,0,0,0,84
0xa9ff3a,100%,0,3,3,0,0,0,3
0x99dac7,100%,0,21,21,0,0,0,21
0x9be6ec,100%,0,24,24,0,0,0,24
0x9a1e6e,100%,0,81,81,0,0,0,81
0xb6a103,100%,0,5,5,0,0,0,5
0x9f2630,100%,0,39,39,0,0,0,39
0x9f25c4,100%,0,39,39,39,0,0,0
0x9a1eb4,100%,0,203,203,0,0,0,203
0x98cc26,100%,0,18,18,0,0,0,18
0x50c6ec,100%,0,1021,1021,1021,0,0,0
0xa043bb,100%,0,1,1,0,0,0,1
0xa64c1d,100%,0,6,6,0,0,0,6
0x5f3921,100%,0,3,3,0,0,0,3
0x9eee22,100%,0,26,26,26,0,0,0
0x4a5c61,100%,0,4,4,0,0,0,4
0xb30439,100%,0,5,5,0,0,0,5
0x9be4c4,100%,0,2,2,2,0,0,0
0x5f37d7,100%,0,3,3,0,0,0,3
0x9f252d,100%,0,82,82,0,0,0,82
0x59c636,100%,0,6,6,0,0,0,6
0x9f086d,100%,0,4,4,0,0,0,4
0x5bd729,100%,0,145,145,145,0,0,0
0x5fb1d7,100%,0,215,215,0,0,0,215
0x8e35db,100%,0,454,454,0,0,0,454
0xa4a7c3,100%,0,2,2,2,0,0,0
0x67f3ea,100%,0,2,2,2,0,0,0
0x49d789,100%,0,88,88,0,0,0,88
0x8d2eca,100%,0,2,2,0,0,0,2
0x53dcac,100%,0,10,10,0,0,0,10
0x5f421b,100%,0,7,7,0,0,0,7
0x972548,100%,0,221,221,0,0,0,221
0x8ffc75,100%,0,68,68,0,0,0,68
0x9a3a26,100%,0,13,13,0,0,0,13
0x9ec44c,100%,0,3,3,0,0,0,3
0x9e8980,100%,0,145,145,145,0,0,0
0x9f09e9,100%,0,140,140,0,0,0,140
0x4a7ffa,100%,0,92,92,0,0,0,92
0x5fbc23,100%,0,2,2,2,0,0,0
0xa6b98a,100%,0,4,4,0,0,0,4
0xa6b322,100%,0,4,4,4,0,0,0
0x5a91c8,100%,0,33,33,33,0,0,0
0x94d9e2,100%,0,53,53,53,0,0,0
0x8e3798,100%,0,778,778,0,0,0,778
0x6191b1,100%,0,790,790,790,0,0,0
0x9eb28f,100%,0,2,2,2,0,0,0
0x98d082,100%,0,7,7,0,0,0,7
0xa03a65,100%,0,117,117,117,0,0,0
0x5f404c,100%,0,4,4,0,0,0,4
0x8ed765,100%,0,942,942,0,0,0,942
0xa21bc7,100%,0,2,2,0,0,0,2
0x723555,100%,0,1446,1446,0,0,0,1446
0x9a110d,100%,0,15,15,0,0,0,15
0x50749b,100%,0,8,8,0,0,0,8
0xa5b154,100%,0,7,7,0,0,0,7
0xa02a05,100%,0,12,12,0,0,0,12
0x81b797,100%,0,19,19,0,0,0,19
0xa02c40,100%,0,2,2,0,0,0,2
0x811e73,100%,0,817,817,0,0,0,817
0xa56f46,100%,0,72,72,0,0,0,72
0x508934,100%,0,41,41,0,0,0,41
0x8e5a2d,100%,0,208,208,208,0,0,0
0x606fa0,100%,0,10,10,0,0,0,10
0xa97b17,100%,0,2,2,0,0,0,2
0x9eed7a,100%,0,6,6,0,0,0,6
0x8aebce,100%,0,346,346,0,0,0,346
0xa01767,100%,0,40,40,0,0,0,40
0x64a4d4,100%,0,106,106,0,0,0,106
0xa56ff2,100%,0,82,82,0,0,0,82
0x95962d,100%,0,124,124,124,0,0,0
0xa15af8,100%,0,6,6,0,0,0,6
0x548a3b,100%,0,6,6,6,0,0,0
0x4b7a3f,100%,0,11,11,0,0,0,11
0xa5725a,100%,0,125,125,0,0,0,125
0x95104b,100%,0,2,2,2,0,0,0
0x6095af,100%,0,252,252,0,0,0,252
0x5481af,100%,0,10886,10886,0,0,0,10886
0x8df8ac,100%,0,4,4,0,0,0,4
0x97701c,100%,0,2,2,0,0,0,2
0xa038f7,100%,0,76,76,76,0,0,0
0x489b7d,100%,0,6,6,6,0,0,0
0x5a6071,100%,0,4,4,0,0,0,4
0xacce4e,100%,0,3,3,2,0,0,1
0x50433c,100%,0,62,62,0,0,0,62
0x597f44,100%,0,15,15,15,0,0,0
0x6d4b97,100%,0,16,16,0,0,0,16
0x99e081,100%,0,15,15,0,0,0,15
0x81b086,100%,0,34,34,0,0,0,34
0xa56fa6,100%,0,108,108,0,0,0,108
0xa2e224,100%,0,2,2,0,0,0,2
0x9a3a07,100%,0,13,13,0,0,0,13
0x80e7a2,100%,0,150,150,0,0,0,150
0xa97e6c,100%,0,2,2,0,0,0,2
0x90671e,100%,0,124,124,0,0,0,124
0xa97f30,100%,0,2,2,0,0,0,2
0x7df89f,100%,0,81,81,81,0,0,0
0xa56f57,100%,0,72,72,0,0,0,72
0xa56f4f,100%,0,72,72,0,0,0,72
0x9d1210,100%,0,120,120,0,0,0,120
0xa039b5,100%,0,195,195,195,0,0,0
0x99e695,100%,0,13,13,0,0,0,13
0x99aa30,100%,0,102,102,0,0,0,102
0x4bedda,100%,0,58,58,0,0,0,58
0xb30689,100%,0,5,5,0,0,0,5
0x9eaa7f,100%,0,2,2,0,0,0,2
0xaadab8,100%,0,64,64,0,0,0,64
0x5f5bcb,100%,0,2,2,0,0,0,2
0x97460f,100%,0,82,82,0,0,0,82
0x5a94e7,100%,0,5,5,0,0,0,5
0x9e791b,100%,0,122,122,116,0,0,6
0x9eaa84,100%,0,2,2,2,0,0,0
0x99dcfe,100%,0,15,15,0,0,0,15
0x99e6cf,100%,0,13,13,0,0,0,13
0x547b30,100%,0,11,11,11,0,0,0
0x99e6fc,100%,0,13,13,0,0,0,13
0x9ead24,100%,0,2,2,0,0,0,2
0xa51a34,100%,0,14,14,7,0,0,7
0xa920b7,100%,0,4,4,4,0,0,0
0x59bf6f,100%,0,53,53,53,0,0,0
0x9ec01e,100%,0,10,10,0,0,0,10
0x822338,100%,0,39,39,39,0,0,0
0x667395,100%,0,40,40,0,0,0,40
0xb323dc,100%,0,969,969,969,0,0,0
0x4c4c7b,100%,0,15,15,0,0,0,15
0x9a3adb,100%,0,13,13,0,0,0,13
0xa02b94,100%,0,2,2,0,0,0,2
0x9e2f2f,100%,0,263,263,263,0,0,0
0x9a0f5d,100%,0,21,21,21,0,0,0
0x980f22,100%,0,16,16,8,0,0,8
0x9e2f9f,100%,0,263,263,263,0,0,0
0xa498c9,100%,0,22,22,22,0,0,0
0x9ea886,100%,0,2,2,0,0,0,2
0x4c4d87,100%,0,11,11,0,0,0,11
0xa960a2,100%,0,26,26,0,0,0,26
0xa02c86,100%,0,32,32,0,0,0,32
0x99e928,100%,0,55,55,0,0,0,55
0x54ceeb,100%,0,4,4,4,0,0,0
0x9059d1,100%,0,298,298,0,0,0,298
0x8dea5e,100%,0,130,130,0,0,0,130
0x99e9ec,100%,0,15,15,15,0,0,0
0x99a8d2,100%,0,102,102,0,0,0,102
0xaa4cc3,100%,0,3,3,0,0,0,3
0x5b6058,100%,0,1,1,0,0,0,1
0xaa3065,100%,0,102,102,0,0,0,102
0xaa2fea,100%,0,102,102,0,0,0,102
0x9ec281,100%,0,50,50,50,0,0,0
0x679ef8,100%,0,18,18,18,0,0,0
0x597ef7,100%,0,15,15,0,0,0,15
0x8338ba,100%,0,2,2,0,0,0,2
0x9f3c81,100%,0,1,1,0,0,0,1
0xa574c6,100%,0,91,91,0,0,0,91
0xaadbfa,100%,0,325,325,325,0,0,0
0x991913,100%,0,24,24,24,0,0,0
0x5f5d3f,100%,0,4,4,0,0,0,4
0x99e8af,100%,0,105,105,0,0,0,105
0xaadc2c,100%,0,325,325,0,0,0,325
0x9ea49b,100%,0,72,72,0,0,0,72
0x9ea4a7,100%,0,72,72,0,0,0,72
0x60bc2f,100%,0,18,18,0,0,0,18
0x9737b7,100%,0,40,40,0,0,0,40
0xa63cff,100%,0,2,2,2,0,0,0
0x9eb235,100%,0,56,56,56,0,0,0
0x9eb0b4,100%,0,2,2,0,0,0,2
0x95b87d,100%,0,4,4,0,0,0,4
0x7f374b,100%,0,15,15,0,0,0,15
0x99ac2a,100%,0,255,255,0,0,0,255
0x99df13,100%,0,28,28,0,0,0,28
0x9e72d9,100%,0,14,14,0,0,0,14
0x90a5f8,100%,0,44,44,0,0,0,44
0x4b56b4,100%,0,102,102,0,0,0,102
0x8aa862,100%,0,735,735,0,0,0,735
0x4914f6,100%,0,159,159,0,0,0,159
0x4b5a7d,100%,0,3197,3197,0,0,0,3197
0x9a0a30,100%,0,28,28,0,0,0,28
0x99df25,100%,0,28,28,0,0,0,28
0x8aa9d9,100%,0,63,63,0,0,0,63
0xb2e750,100%,0,7995,7995,0,0,0,7995
0x8d20f7,100%,0,2,2,2,0,0,0
0x99dea8,100%,0,15,15,0,0,0,15
0x9ff67c,100%,0,5,5,0,0,0,5
0x5960ed,100%,0,13,13,0,0,0,13
0x8127ee,100%,0,15,15,0,0,0,15
0x9e2aed,100%,0,74,74,0,0,0,74
0x9eb56c,100%,0,63,63,0,0,0,63
0x4b4f2e,100%,0,2,2,0,0,0,2
0x64ba16,100%,0,1397,1397,0,0,0,1397
0x494fb9,100%,0,6,6,0,0,0,6
0x983f92,100%,0,64,64,0,0,0,64
0xb2e734,100%,0,7995,7995,0,0,0,7995
0x610513,100%,0,480,480,0,0,0,480
0x9ebd01,100%,0,63,63,0,0,0,63
0xa5edcb,100%,0,405,405,0,0,0,405
0x9a1bd8,100%,0,203,203,0,0,0,203
0x81e383,100%,0,1675,1675,0,0,0,1675
0x8aaa54,100%,0,63,63,63,0,0,0
0x9a1499,100%,0,69,69,0,0,0,69
0x503788,100%,0,612,612,0,0,0,612
0x8aaa50,100%,0,63,63,0,0,0,63
0xa3421d,100%,0,170,170,0,0,0,170
0x8aa9f2,100%,0,63,63,63,0,0,0
0x9e9ffc,100%,0,2,2,0,0,0,2
0x804555,100%,0,13,13,0,0,0,13
0x591172,100%,0,92,92,0,0,0,92
0x9eb340,100%,0,2,2,0,0,0,2
0xa22e8d,100%,0,8,8,8,0,0,0
0xa26384,100%,0,404,404,0,0,0,404
0xaa2f81,100%,0,518,518,518,0,0,0
0x491b3a,100%,0,2,2,0,0,0,2
0x811b0b,100%,0,2,2,0,0,0,2
0x95608f,100%,0,1,1,1,0,0,0
0x82201b,100%,0,32,32,32,0,0,0
0x5474e1,100%,0,2,2,0,0,0,2
0x49177e,100%,0,1,1,1,0,0,0
0x9f3ae9,100%,0,4,4,4,0,0,0
0x6188dd,100%,0,81,81,0,0,0,81
0x9aa560,100%,0,15,15,15,0,0,0
0x491beb,100%,0,1,1,0,0,0,1
0x666d39,100%,0,4,4,0,0,0,4
0xa4cd12,100%,0,4,4,0,0,0,4
0x81d0f5,100%,0,6,6,0,0,0,6
0xab370c,100%,0,18,18,18,0,0,0
0x9ebc5c,100%,0,63,63,63,0,0,0
0x494da8,100%,0,158,158,0,0,0,158
0x5e7790,100%,0,4,4,0,0,0,4
0x96e88d,100%,0,1,1,1,0,0,0
0x61095f,100%,0,13,13,0,0,0,13
0x9a1c2b,100%,0,173,173,0,0,0,173
0xa8e4a4,100%,0,6,6,1,0,0,5
0x494d64,100%,0,158,158,0,0,0,158
0xa2ed75,100%,0,29,29,0,0,0,29
0x4bfcb1,100%,0,16,16,16,0,0,0
0x77112d,100%,0,12,12,0,0,0,12
0x9ff6a9,100%,0,5,5,5,0,0,0
0xa578ab,100%,0,41,41,0,0,0,41
0xa5730e,100%,0,41,41,41,0,0,0
0xa57381,100%,0,41,41,0,0,0,41
0xa02f73,100%,0,2,2,0,0,0,2
0xa573d0,100%,0,26,26,26,0,0,0
0x96e816,100%,0,1,1,0,0,0,1
0x50d6db,100%,0,499,499,0,0,0,499
0xa57433,100%,0,3,3,0,0,0,3
0x60a841,100%,0,494,494,0,0,0,494
0xa572ff,100%,0,41,41,0,0,0,41
0x60baa2,100%,0,5,5,5,0,0,0
0xa01cd9,100%,0,2,2,0,0,0,2
0x4c7f8b,100%,0,4,4,4,0,0,0
0x99e93e,100%,0,55,55,0,0,0,55
0x98b4a7,100%,0,178,178,0,0,0,178
0x609dcb,100%,0,194,194,0,0,0,194
0x90e847,100%,0,30,30,30,0,0,0
0xa571aa,100%,0,41,41,0,0,0,41
0xa572bc,100%,0,41,41,0,0,0,41
0x8ee8b8,100%,0,3,3,0,0,0,3
0xa572b7,100%,0,41,41,0,0,0,41
0xa572a5,100%,0,41,41,0,0,0,41
0x78d8ad,100%,0,619,619,619,0,0,0
0x8dfdd2,100%,0,560,560,0,0,0,560
0x49cd3e,100%,0,5,5,5,0,0,0
0x609c6f,100%,0,666,666,0,0,0,666
0x49535c,100%,0,1,1,0,0,0,1
0x441537,100%,0,11,11,0,0,0,11
0xa32d3b,100%,0,2,2,2,0,0,0
0x54fc60,100%,0,1,1,0,0,0,1
0xa02ff6,100%,0,68,68,0,0,0,68
0x9a0c19,100%,0,28,28,0,0,0,28
0xa030a7,100%,0,29,29,29,0,0,0
0x4918f3,100%,0,2,2,0,0,0,2
0x8be45c,100%,0,18,18,0,0,0,18
0x9be599,100%,0,384,384,0,0,0,384
0xa99d1b,100%,0,11,11,0,0,0,11
0x7c680a,100%,0,2,2,0,0,0,2
0x97b959,100%,0,114,114,0,0,0,114
0xa4a111,100%,0,87,87,0,0,0,87
0x8e8d63,100%,0,2,2,0,0,0,2
0x4918e5,100%,0,2,2,0,0,0,2
0x9ea169,100%,0,2,2,2,0,0,0
0x8b9b16,100%,0,2913,2913,0,0,0,2913
0x49ae9a,100%,0,39,39,0,0,0,39
0x4045da,100%,0,224,224,0,0,0,224
0xa53979,100%,0,14,14,14,0,0,0
0x4a9828,100%,0,15,15,15,0,0,0
0xa33fb1,100%,0,3,3,0,0,0,3
0x81ea4b,100%,0,86,86,0,0,0,86
0x9bd3c5,100%,0,12,12,0,0,0,12
0x9a3ebb,100%,0,28,28,0,0,0,28
0x80e866,100%,0,24,24,0,0,0,24
0xa8a77e,100%,0,83,83,0,0,0,83
0x9e21b9,100%,0,2,2,0,0,0,2
0x8f1034,100%,0,40,40,0,0,0,40
0xb2ffe0,100%,0,628,628,628,0,0,0
0x9049fc,100%,0,185,185,0,0,0,185
0x806178,100%,0,2,2,2,0,0,0
0x9a0ae4,100%,0,28,28,0,0,0,28
0x99c5f2,100%,0,151,151,0,0,0,151
0xa01c14,100%,0,2,2,0,0,0,2
0xa92a09,100%,0,6,6,0,0,0,6
0xa57bac,100%,0,39,39,0,0,0,39
0xa57c23,100%,0,61,61,2,0,0,59
0xa571c4,100%,0,14,14,0,0,0,14
0x4935ab,100%,0,15,15,0,0,0,15
0x5ecdc0,100%,0,8,8,0,0,0,8
0x496002,100%,0,87,87,87,0,0,0
0x5df0f4,100%,0,1552,1552,0,0,0,1552
0x5f9599,100%,0,8,8,8,0,0,0
0x8a9ef5,100%,0,181,181,0,0,0,181
0x5ec5c8,100%,0,8,8,0,0,0,8
0x5bd280,100%,0,964,964,0,0,0,964
0x5d980e,100%,0,8,8,0,0,0,8
0x5af975,100%,0,53,53,0,0,0,53
0x98cbd4,100%,0,7,7,0,0,0,7
0x49635c,100%,0,34,34,0,0,0,34
0x7d21aa,100%,0,4,4,0,0,0,4
0xb3041c,100%,0,5,5,0,0,0,5
0x54cf74,100%,0,15,15,15,0,0,0
0x8bb2b0,100%,0,2,2,2,0,0,0
0x5b05e0,100%,0,2,2,2,0,0,0
0x61144a,100%,0,42,42,0,0,0,42
0x606dcc,100%,0,8,8,8,0,0,0
0x5ebd9c,100%,0,7,7,7,0,0,0
0x9e88b2,100%,0,5,5,0,0,0,5
0x5d1a2c,100%,0,110,110,110,0,0,0
0x491b8b,100%,0,1,1,0,0,0,1
0x64c264,100%,0,118,118,0,0,0,118
0x49be7a,100%,0,2,2,0,0,0,2
0x943a16,100%,0,5,5,0,0,0,5
0x5f14f5,100%,0,38,38,0,0,0,38
0x5d1bee,100%,0,110,110,110,0,0,0
0x5d1e4a,100%,0,110,110,0,0,0,110
0xa3d3c1,100%,0,8,8,8,0,0,0
0x402260,100%,0,1710,1710,1710,0,0,0
0x77d889,100%,0,6,6,0,0,0,6
0x99cf99,100%,0,9,9,0,0,0,9
0x5ec518,100%,0,8,8,8,0,0,0
0x5d1044,100%,0,1245,1245,1245,0,0,0
0x8da7aa,100%,0,6,6,6,0,0,0
0x814959,100%,0,330,330,0,0,0,330
0x5e613e,100%,0,1509,1509,0,0,0,1509
0x495ad6,100%,0,1,1,0,0,0,1
0xa535b5,100%,0,8,8,0,0,0,8
0x495adf,100%,0,1,1,1,0,0,0
0x94da41,100%,0,587,587,0,0,0,587
0x94da4c,100%,0,587,587,587,0,0,0
0xaac3d8,100%,0,4,4,0,0,0,4
0x5bd4bb,100%,0,1932,1932,0,0,0,1932
0x97a67c,100%,0,8,8,0,0,0,8
0x8bd8bd,100%,0,18,18,0,0,0,18
0x5b0574,100%,0,2,2,2,0,0,0
0xa5672b,100%,0,8,8,6,0,0,2
0x9d1044,100%,0,8,8,0,0,0,8
0x97abd1,100%,0,14,14,0,0,0,14
0x94b16b,100%,0,207,207,0,0,0,207
0x8def89,100%,0,16,16,0,0,0,16
0xaadde0,100%,0,2,2,2,0,0,0
0x54d9d2,100%,0,39,39,39,0,0,0
0x494b28,100%,0,2,2,2,0,0,0
0x5be18f,100%,0,1652,1652,0,0,0,1652
0x9799ef,100%,0,8,8,0,0,0,8
0xacfc5e,100%,0,85,85,85,0,0,0
0xa2dc8e,100%,0,36,36,0,0,0,36
0x543d4e,100%,0,187,187,0,0,0,187
0x5ee1c1,100%,0,1003,1003,826,0,0,177
0x8c80cd,100%,0,1,1,0,0,0,1
0x5d0c95,100%,0,8,8,8,0,0,0
0x8da95d,100%,0,2,2,2,0,0,0
0x9e5da2,100%,0,4,4,4,0,0,0
0x8f4c30,100%,0,76,76,76,0,0,0
0x58d238,100%,0,62,62,62,0,0,0
0x4415ce,100%,0,11,11,0,0,0,11
0x7e11be,100%,0,1,1,0,0,0,1
0x951e65,100%,0,6,6,6,0,0,0
0x64c691,100%,0,119,119,0,0,0,119
0x59c55d,100%,0,269,269,0,0,0,269
0x917759,100%,0,188,188,0,0,0,188
0xa21f37,100%,0,2,2,0,0,0,2
0xa9ff03,100%,0,3,3,0,0,0,3
0x5dced1,100%,0,133,133,0,0,0,133
0x5e0339,100%,0,145,145,0,0,0,145
0xa04137,100%,0,1,1,0,0,0,1
0x814ac1,100%,0,55,55,0,0,0,55
0x8db786,100%,0,315,315,0,0,0,315
0x4b9a9e,100%,0,4,4,0,0,0,4
0x7e1cba,100%,0,2,2,0,0,0,2
0x99f6b6,100%,0,13,13,13,0,0,0
0x5d11f1,100%,0,145,145,145,0,0,0
0xa0b938,100%,0,1,1,0,0,0,1
0x81fee4,100%,0,48,48,0,0,0,48
0x5b2b84,100%,0,45,45,45,0,0,0
0x4c76f4,100%,0,4,4,4,0,0,0
0x40aa1f,100%,0,54,54,0,0,0,54
0x7942cc,100%,0,29,29,0,0,0,29
0x5d3eae,100%,0,133,133,133,0,0,0
0x78d870,100%,0,619,619,0,0,0,619
0x64c6ca,100%,0,54,54,54,0,0,0
0xa0b9aa,100%,0,3,3,0,0,0,3
0x4913cf,100%,0,159,159,0,0,0,159
0x5b2b0d,100%,0,45,45,0,0,0,45
0x48fbf1,100%,0,4,4,0,0,0,4
0x5b2ade,100%,0,45,45,0,0,0,45
0xa0b9fd,100%,0,1,1,0,0,0,1
0x5ebcfa,100%,0,15,15,0,0,0,15
0x803b99,100%,0,2,2,2,0,0,0
0x7c7afa,100%,0,24,24,0,0,0,24
0xae7041,100%,0,70,70,70,0,0,0
0x64ce6c,100%,0,538,538,0,0,0,538
0x44184e,100%,0,11,11,0,0,0,11
0x5dfa8d,100%,0,14,14,14,0,0,0
0x675333,100%,0,1,1,0,0,0,1
0x9a1bef,100%,0,203,203,0,0,0,203
0x485e0e,100%,0,458,458,0,0,0,458
0x97ac7c,100%,0,14,14,14,0,0,0
0xaa40de,100%,0,14,14,0,0,0,14
0x4c72ea,100%,0,18,18,0,0,0,18
0xaa1316,100%,0,195,195,195,0,0,0
0xaa6407,100%,0,90,90,0,0,0,90
0x5d457f,100%,0,14,14,14,0,0,0
0x5ebd47,100%,0,7,7,7,0,0,0
0x5bd3de,100%,0,839,839,0,0,0,839
0x5dfbc4,100%,0,14,14,0,0,0,14
0x83392d,100%,0,219,219,0,0,0,219
0x5bd77f,100%,0,119,119,0,0,0,119
0xad0537,100%,0,2,2,0,0,0,2
0x8efc02,100%,0,117,117,0,0,0,117
0x5d171f,100%,0,24,24,0,0,0,24
0x5d1711,100%,0,24,24,0,0,0,24
0x9a0c0e,100%,0,28,28,0,0,0,28
0x5dfbd5,100%,0,14,14,0,0,0,14
0xa56fb3,100%,0,108,108,0,0,0,108
0x5bd6cf,100%,0,331,331,0,0,0,331
0x5d4659,100%,0,14,14,14,0,0,0
0x64bb17,100%,0,4,4,0,0,0,4
0x9f4a24,100%,0,1,1,1,0,0,0
0x4b6d9f,100%,0,28,28,0,0,0,28
0xaa4a8c,100%,0,3,3,3,0,0,0
0x54db5e,100%,0,39,39,0,0,0,39
0x48e6ed,100%,0,6833,6833,6833,0,0,0
0x60719a,100%,0,20,20,0,0,0,20
0x590465,100%,0,430,430,0,0,0,430
0x9ea8e8,100%,0,2,2,2,0,0,0
0x550f28,100%,0,17,17,0,0,0,17
0xa5bb56,100%,0,32,32,32,0,0,0
0x81205d,100%,0,10,10,0,0,0,10
0x5bdf69,100%,0,517,517,0,0,0,517
0x977417,100%,0,12,12,0,0,0,12
0x8195c7,100%,0,329,329,0,0,0,329
0x900bf6,100%,0,334,334,0,0,0,334
0x99f1fa,100%,0,20,20,0,0,0,20
0x90831d,100%,0,2148,2148,0,0,0,2148
0x4942d2,100%,0,70,70,0,0,0,70
0x785847,100%,0,2,2,2,0,0,0
0x9e4f1d,100%,0,20,20,0,0,0,20
0x9d0e17,100%,0,22,22,22,0,0,0
0x54db05,100%,0,39,39,0,0,0,39
0x5bbfda,100%,0,2,2,2,0,0,0
0x54db26,100%,0,78,78,0,0,0,78
0x99143e,100%,0,17,17,0,0,0,17
0x60be18,100%,0,10,10,0,0,0,10
0xa39a49,100%,0,19,19,0,0,0,19
0xa39f7e,100%,0,30,30,30,0,0,0
0x54d2b8,100%,0,6,6,6,0,0,0
0x5bbf5a,100%,0,2,2,0,0,0,2
0x8c8645,100%,0,195,195,0,0,0,195
0x402e36,100%,0,172,172,0,0,0,172
0x9e4f2d,100%,0,20,20,0,0,0,20
0xa00257,100%,0,9,9,9,0,0,0
0xa49ffa,100%,0,6,6,0,0,0,6
0x81ef57,100%,0,4,4,0,0,0,4
0xb1ae38,100%,0,433,433,0,0,0,433
0x8a64a5,100%,0,254,254,0,0,0,254
0xb3ab69,100%,0,35,35,0,0,0,35
0x4ca0b3,100%,0,2,2,2,0,0,0
0xa28802,100%,0,16,16,0,0,0,16
0x984866,100%,0,4,4,4,0,0,0
0x5cfd9e,100%,0,24,24,0,0,0,24
0xb1ae52,100%,0,433,433,0,0,0,433
0x5b410c,100%,0,31,31,0,0,0,31
0x81e9d1,100%,0,76,76,0,0,0,76
0xb22bc1,100%,0,1868,1868,0,0,0,1868
0x5be5fb,100%,0,170,170,0,0,0,170
0x8a7388,100%,0,932,932,0,0,0,932
0x53de43,100%,0,526,526,0,0,0,526
0x5f26af,100%,0,2,2,0,0,0,2
0xa94cb2,100%,0,4,4,0,0,0,4
0x8ff0ad,100%,0,88,88,0,0,0,88
0x8a6250,100%,0,203,203,0,0,0,203
0x9814d6,100%,0,29,29,0,0,0,29
0x9814de,100%,0,29,29,0,0,0,29
0x90e7e8,100%,0,30,30,0,0,0,30
0x490e4f,100%,0,9,9,9,0,0,0
0x5fbaf9,100%,0,2,2,2,0,0,0
0xaa4ea4,100%,0,147,147,147,0,0,0
0xa6c683,100%,0,43,43,0,0,0,43
0x5fc7c4,100%,0,2,2,0,0,0,2
0x813166,100%,0,846,846,0,0,0,846
0x490ce8,100%,0,9,9,0,0,0,9
0xa6c68e,100%,0,43,43,0,0,0,43
0xb24657,100%,0,11899,11899,0,0,0,11899
0xa6c6b4,100%,0,43,43,0,0,0,43
0x5e356b,100%,0,10,10,0,0,0,10
0x5f6112,100%,0,2,2,0,0,0,2
0x94e1f8,100%,0,411,411,0,0,0,411
0x48c5ea,100%,0,1,1,1,0,0,0
0x64b53a,100%,0,12,12,0,0,0,12
0xa06285,100%,0,2,2,0,0,0,2
0x507d53,100%,0,31,31,31,0,0,0
0x99ee96,100%,0,13,13,13,0,0,0
0x8fcf4c,100%,0,230,230,0,0,0,230
0x8fcf5e,100%,0,230,230,0,0,0,230
0x8fcf67,100%,0,230,230,230,0,0,0
0xa53fcd,100%,0,107,107,107,0,0,0
0x80f196,100%,0,442,442,0,0,0,442
0x5ebb80,100%,0,854,854,0,0,0,854
0x9ed88a,100%,0,64,64,0,0,0,64
0x944c75,100%,0,723,723,723,0,0,0
0x9e01f4,100%,0,28,28,0,0,0,28
0x5de793,100%,0,1241,1241,1241,0,0,0
0x5bcabb,100%,0,913,913,0,0,0,913
0x5dea63,100%,0,1241,1241,1241,0,0,0
0x5d8007,100%,0,1241,1241,0,0,0,1241
0x53ee5b,100%,0,4,4,0,0,0,4
0x980821,100%,0,11,11,0,0,0,11
0x697992,100%,0,56,56,56,0,0,0
0x9f4043,100%,0,33,33,0,0,0,33
0x94c8e6,100%,0,40,40,0,0,0,40
0x8c8da1,100%,0,8,8,8,0,0,0
0x94de06,100%,0,364,364,7,0,0,357
0x4900ea,100%,0,10,10,0,0,0,10
0x901fab,100%,0,4692,4692,0,0,0,4692
0xa35efd,100%,0,583,583,0,0,0,583
0x5bef25,100%,0,2,2,0,0,0,2
0x9809c4,100%,0,11,11,11,0,0,0
0x5d2589,100%,0,1245,1245,1245,0,0,0
0x81fb3d,100%,0,323,323,0,0,0,323
0x8a465d,100%,0,635,635,0,0,0,635
0x88ea4e,100%,0,39,39,39,0,0,0
0x5d8b9f,100%,0,137,137,0,0,0,137
0x9494f8,100%,0,1403,1403,0,0,0,1403
0xaa8003,100%,0,529,529,0,0,0,529
0xa8ac08,100%,0,83,83,0,0,0,83
0x5473d0,100%,0,61,61,61,0,0,0
0x81e941,100%,0,76,76,0,0,0,76
0x8ee67b,100%,0,4,4,4,0,0,0
0xa8e77e,100%,0,83,83,83,0,0,0
0x482a08,100%,0,9,9,9,0,0,0
0xa7a1e2,100%,0,175,175,0,0,0,175
0xa7a1d9,100%,0,175,175,0,0,0,175
0x541335,100%,0,8,8,8,0,0,0
0x64af23,100%,0,64,64,64,0,0,0
0xa8ab5f,100%,0,83,83,0,0,0,83
0x6b465a,100%,0,1,1,0,0,0,1
0xa58450,100%,0,10,10,0,0,0,10
0xaab851,100%,0,8,8,8,0,0,0
0x88e94f,100%,0,39,39,0,0,0,39
0x5cb91e,100%,0,26,26,0,0,0,26
0x5af0de,100%,0,696,696,0,0,0,696
0x7d404d,100%,0,3,3,3,0,0,0
0x5cb0b5,100%,0,886,886,0,0,0,886
0x5cb090,100%,0,886,886,0,0,0,886
0x98078c,100%,0,11,11,0,0,0,11
0x54da94,100%,0,39,39,0,0,0,39
0x5cb075,100%,0,886,886,0,0,0,886
0x54da8c,100%,0,39,39,0,0,0,39
0x94548b,100%,0,529,529,529,0,0,0
0x49b231,100%,0,3408,3408,3408,0,0,0
0x5dec50,100%,0,1241,1241,0,0,0,1241
0x9e0dcf,100%,0,13,13,13,0,0,0
0x7f3795,100%,0,15,15,0,0,0,15
0xa9baa8,100%,0,4,4,4,0,0,0
0xa04248,100%,0,2,2,0,0,0,2
0xace5b9,100%,0,2,2,0,0,0,2
0x7f3690,100%,0,15,15,0,0,0,15
0x9442aa,100%,0,452,452,0,0,0,452
0x7f36f5,100%,0,15,15,0,0,0,15
0x9bd4b7,100%,0,4,4,0,0,0,4
0x9bd4be,100%,0,4,4,4,0,0,0
0x7f3e7a,100%,0,15,15,0,0,0,15
0x48d83d,100%,0,1861,1861,0,0,0,1861
0x5bc0e0,100%,0,2,2,2,0,0,0
0x4ac609,100%,0,15,15,0,0,0,15
0x814e95,100%,0,22,22,0,0,0,22
0xa98da6,100%,0,2,2,0,0,0,2
0x5bc06a,100%,0,2,2,0,0,0,2
0xb498ad,100%,0,10,10,0,0,0,10
0x5c36a6,100%,0,4,4,4,0,0,0
0xa52f9e,100%,0,194,194,0,0,0,194
0x8e7ea4,100%,0,79,79,0,0,0,79
0x8e7eb6,100%,0,16,16,16,0,0,0
0x6108fe,100%,0,13,13,0,0,0,13
0x4b1604,100%,0,2,2,2,0,0,0
0x5c37e5,100%,0,4,4,0,0,0,4
0xa59287,100%,0,10,10,0,0,0,10
0x8d2247,100%,0,2,2,0,0,0,2
0xb4988c,100%,0,5,5,0,0,0,5
0xa45779,100%,0,4,4,0,0,0,4
0x5e1ae7,100%,0,2,2,2,0,0,0
0x9bd6c2,100%,0,12,12,0,0,0,12
0x5e1add,100%,0,2,2,0,0,0,2
0x7b6462,100%,0,1,1,0,0,0,1
0x9f4591,100%,0,80,80,80,0,0,0
0xace627,100%,0,2,2,2,0,0,0
0x4acb4c,100%,0,12,12,0,0,0,12
0xa4f947,100%,0,38,38,0,0,0,38
0x9a2786,100%,0,15,15,15,0,0,0
0xacfaeb,100%,0,21,21,21,0,0,0
0x959c9e,100%,0,4,4,0,0,0,4
0x4acfb9,100%,0,4,4,4,0,0,0
0x838108,100%,0,5,5,0,0,0,5
0x9bdbae,100%,0,4,4,4,0,0,0
0x64c82d,100%,0,4,4,4,0,0,0
0x9a8d89,100%,0,14,14,0,0,0,14
0x77d380,100%,0,6,6,0,0,0,6
0xb0a048,100%,0,555,555,0,0,0,555
0x494383,100%,0,70,70,0,0,0,70
0xa95b45,100%,0,2,2,2,0,0,0
0xb3aba7,100%,0,1,1,0,0,0,1
0x505cea,100%,0,740,740,740,0,0,0
0x5b16b4,100%,0,114,114,114,0,0,0
0x9be975,100%,0,16,16,0,0,0,16
0x99bdb8,100%,0,203,203,0,0,0,203
0x4acb0c,100%,0,15,15,0,0,0,15
0x88e981,100%,0,39,39,0,0,0,39
0x4c5d27,100%,0,21,21,0,0,0,21
0x9bdacf,100%,0,4,4,4,0,0,0
0x9a1209,100%,0,81,81,0,0,0,81
0x81b78b,100%,0,19,19,19,0,0,0
0x4aca60,100%,0,15,15,6,0,0,9
0xa6c6fb,100%,0,27,27,0,0,0,27
0x837a7d,100%,0,16,16,16,0,0,0
0x444967,100%,0,13,13,0,0,0,13
0xb49c16,100%,0,5,5,0,0,0,5
0xa98d9c,100%,0,2,2,0,0,0,2
0x9bd4fb,100%,0,4,4,4,0,0,0
0xa08cd3,100%,0,8,8,8,0,0,0
0x8055b2,100%,0,19,19,19,0,0,0
0x8e9cca,100%,0,5,5,5,0,0,0
0x951b52,100%,0,9,9,9,0,0,0
0x7d40bb,100%,0,53,53,0,0,0,53
0xa33ac0,100%,0,72,72,72,0,0,0
0x9be6d9,100%,0,12,12,0,0,0,12
0xa2775c,100%,0,4,4,0,0,0,4
0x9f47ef,100%,0,4,4,4,0,0,0
0x5eed94,100%,0,2,2,2,0,0,0
0x8eecad,100%,0,649,649,0,0,0,649
0xa4c942,100%,0,4,4,0,0,0,4
0xa189fe,100%,0,43,43,0,0,0,43
0x490e01,100%,0,6,6,6,0,0,0
0xa41226,100%,0,25,25,0,0,0,25
0x55597c,100%,0,55,55,0,0,0,55
0x8c82f1,100%,0,30,30,0,0,0,30
0x5510ff,100%,0,2,2,0,0,0,2
0xa26ca4,100%,0,10,10,0,0,0,10
0x99ea96,100%,0,15,15,0,0,0,15
0x441677,100%,0,11,11,0,0,0,11
0x792211,100%,0,21,21,21,0,0,0
0xa53f21,100%,0,107,107,0,0,0,107
0x9f01bf,100%,0,114,114,0,0,0,114
0x9be96d,100%,0,16,16,0,0,0,16
0x5ff4f5,100%,0,4,4,4,0,0,0
0x9bd483,100%,0,12,12,12,0,0,0
0xb2dfb7,100%,0,1539,1539,0,0,0,1539
0x9bd47c,100%,0,12,12,0,0,0,12
0x9bd446,100%,0,12,12,12,0,0,0
0xa42927,100%,0,981,981,0,0,0,981
0x95ae85,100%,0,23,23,0,0,0,23
0x9c405d,100%,0,466,466,0,0,0,466
0x9bd3cd,100%,0,12,12,0,0,0,12
0x9d1c5a,100%,0,3,3,0,0,0,3
0x9714f2,100%,0,7,7,0,0,0,7
0x9bd9ee,100%,0,12,12,0,0,0,12
0x5f04ea,100%,0,2,2,0,0,0,2
0x5bef09,100%,0,2,2,0,0,0,2
0x5beee3,100%,0,2,2,0,0,0,2
0xa53ae7,100%,0,2,2,2,0,0,0
0x9f38ff,100%,0,4,4,0,0,0,4
0xa9ca48,100%,0,10,10,0,0,0,10
0x5d0574,100%,0,18,18,18,0,0,0
0x8eee12,100%,0,140,140,0,0,0,140
0x61084b,100%,0,13,13,0,0,0,13
0x61085c,100%,0,13,13,0,0,0,13
0x610860,100%,0,13,13,0,0,0,13
0x8e7e2e,100%,0,331,331,0,0,0,331
0xa9ca28,100%,0,10,10,0,0,0,10
0x499972,100%,0,16,16,0,0,0,16
0xb2e329,100%,0,17,17,0,0,0,17
0x99e7af,100%,0,13,13,0,0,0,13
0xa95432,100%,0,4,4,0,0,0,4
0x8121e9,100%,0,263,263,0,0,0,263
0x651697,100%,0,56,56,0,0,0,56
0x9d09a4,100%,0,4,4,0,0,0,4
0xa9ed97,100%,0,14,14,0,0,0,14
0x99eb15,100%,0,13,13,0,0,0,13
0xa38977,100%,0,30,30,0,0,0,30
0xa9ef3a,100%,0,2,2,0,0,0,2
0x4bfca4,100%,0,16,16,0,0,0,16
0xa92327,100%,0,4,4,0,0,0,4
0x9e5dd3,100%,0,17,17,0,0,0,17
0x5ea9d6,100%,0,8,8,8,0,0,0
0xa5ec87,100%,0,5,5,0,0,0,5
0xa278dd,100%,0,6,6,0,0,0,6
0xa0f366,100%,0,6,6,0,0,0,6
0xa0f3ca,100%,0,6,6,0,0,0,6
0x5fe87c,100%,0,22,22,22,0,0,0
0xa0f386,100%,0,6,6,0,0,0,6
0xa5572e,100%,0,83,83,83,0,0,0
0xa0295c,100%,0,253,253,0,0,0,253
0x65b117,100%,0,13,13,0,0,0,13
0x5f3944,100%,0,7,7,0,0,0,7
0xa5a00f,100%,0,7,7,0,0,0,7
0x7d3dc0,100%,0,3,3,0,0,0,3
0x9e5b50,100%,0,7,7,7,0,0,0
0xa0f336,100%,0,6,6,0,0,0,6
0x5be09e,100%,0,78,78,0,0,0,78
0xa3ba5c,100%,0,140,140,0,0,0,140
0xa0f30c,100%,0,6,6,0,0,0,6
0x63eaca,100%,0,37,37,0,0,0,37
0x8e57ba,100%,0,16,16,16,0,0,0
0x666ff1,100%,0,23,23,0,0,0,23
0x5ae26b,100%,0,41,41,0,0,0,41
0xa3fd57,100%,0,6,6,0,0,0,6
0x5ae3e4,100%,0,41,41,41,0,0,0
0x4c4732,100%,0,5,5,0,0,0,5
0xa4fe86,100%,0,4,4,0,0,0,4
0xa0badd,100%,0,1,1,0,0,0,1
0xaa5db6,100%,0,206,206,0,0,0,206
0x5be254,100%,0,78,78,0,0,0,78
0x6805f8,100%,0,23,23,0,0,0,23
0xa0ba5c,100%,0,4,4,0,0,0,4
0x80c33d,100%,0,1,1,0,0,0,1
0x4ab570,100%,0,31,31,0,0,0,31
0x5af543,100%,0,62,62,0,0,0,62
0xb4973b,100%,0,7,7,0,0,0,7
0xacabd1,100%,0,28,28,28,0,0,0
0x5b1853,100%,0,75,75,0,0,0,75
0x5cf596,100%,0,1390,1390,0,0,0,1390
0x5b2346,100%,0,41,41,0,0,0,41
0x65b0e3,100%,0,13,13,13,0,0,0
0x4a7003,100%,0,60,60,0,0,0,60
0x675622,100%,0,1,1,0,0,0,1
0xb1c951,100%,0,264,264,0,0,0,264
0x98b383,100%,0,5,5,0,0,0,5
0x538e77,100%,0,18,18,0,0,0,18
0x5b2734,100%,0,46,46,46,0,0,0
0x5b2dcf,100%,0,75,75,75,0,0,0
0x8dc44e,100%,0,4,4,0,0,0,4
0x7b637f,100%,0,45,45,45,0,0,0
0x5cf85d,100%,0,1836,1836,0,0,0,1836
0x59c5f2,100%,0,4,4,0,0,0,4
0xa0bb0d,100%,0,5,5,5,0,0,0
0x81edc8,100%,0,248,248,248,0,0,0
0x5b2a3f,100%,0,47,47,47,0,0,0
0x8217b2,100%,0,584,584,584,0,0,0
0x5bc358,100%,0,119,119,0,0,0,119
0x4bf78a,100%,0,34,34,0,0,0,34
0x5bc531,100%,0,119,119,0,0,0,119
0x5cf3a7,100%,0,1901,1901,0,0,0,1901
0xa0f18c,100%,0,6,6,0,0,0,6
0xa0f1db,100%,0,6,6,6,0,0,0
0xa0f1cc,100%,0,6,6,0,0,0,6
0x9e58cc,100%,0,30,30,30,0,0,0
0x9e58b8,100%,0,30,30,0,0,0,30
0x9e588d,100%,0,30,30,30,0,0,0
0xa18b0c,100%,0,43,43,0,0,0,43
0x804293,100%,0,1,1,0,0,0,1
0xb18277,100%,0,202,202,0,0,0,202
0x9e53cb,100%,0,30,30,0,0,0,30
0x8efaae,100%,0,160,160,0,0,0,160
0x9bdddd,100%,0,2,2,0,0,0,2
0x81c093,100%,0,85,85,0,0,0,85
0x99f003,100%,0,2,2,0,0,0,2
0xa95a39,100%,0,4,4,0,0,0,4
0x592580,100%,0,120,120,0,0,0,120
0x8e92bb,100%,0,3,3,0,0,0,3
0xa95960,100%,0,4,4,4,0,0,0
0x5a94f1,100%,0,5,5,0,0,0,5
0x77cc67,100%,0,16,16,0,0,0,16
0xa94474,100%,0,86,86,0,0,0,86
0x681648,100%,0,1,1,1,0,0,0
0x50c129,100%,0,7,7,7,0,0,0
0x9bde11,100%,0,2,2,0,0,0,2
0x9bde2b,100%,0,2,2,0,0,0,2
0x9bde5f,100%,0,2,2,0,0,0,2
0x81e083,100%,0,2,2,0,0,0,2
0x77aeb5,100%,0,1,1,1,0,0,0
0x49bd3e,100%,0,2,2,0,0,0,2
0x61855e,100%,0,2,2,2,0,0,0
0x58dbcf,100%,0,1,1,0,0,0,1
0x8093be,100%,0,2,2,0,0,0,2
0xaa1311,100%,0,195,195,0,0,0,195
0x4ac964,100%,0,3,3,3,0,0,0
0xa543b0,100%,0,19,19,0,0,0,19
0x4a64c6,100%,0,8,8,0,0,0,8
0x9bdc48,100%,0,4,4,0,0,0,4
0x405e61,100%,0,24,24,0,0,0,24
0x58b8df,100%,0,110,110,0,0,0,110
0x99b946,100%,0,26,26,26,0,0,0
0xb4998c,100%,0,8,8,0,0,0,8
0x6cdcd8,100%,0,6,6,0,0,0,6
0xb4999d,100%,0,11,11,0,0,0,11
0x99b8da,100%,0,26,26,0,0,0,26
0x495f24,100%,0,55,55,0,0,0,55
0x4c7627,100%,0,4,4,0,0,0,4
0x81f3e3,100%,0,488,488,0,0,0,488
0x949faa,100%,0,223,223,223,0,0,0
0x49370d,100%,0,91,91,0,0,0,91
0x65c25c,100%,0,4774,4774,0,0,0,4774
0x80b5c7,100%,0,1,1,0,0,0,1
0x495a67,100%,0,41,41,0,0,0,41
0x495a70,100%,0,41,41,0,0,0,41
0x5bd12e,100%,0,44,44,0,0,0,44
0x495f28,100%,0,55,55,0,0,0,55
0x5073b0,100%,0,11,11,0,0,0,11
0xa953a4,100%,0,4,4,0,0,0,4
0x5bd0e5,100%,0,11,11,0,0,0,11
0xa945d6,100%,0,2,2,2,0,0,0
0x5bc38e,100%,0,23,23,0,0,0,23
0x9e60ac,100%,0,238,238,0,0,0,238
0x90dc99,100%,0,30,30,0,0,0,30
0x7d1e85,100%,0,51,51,0,0,0,51
0x4903cf,100%,0,3,3,0,0,0,3
0x49325c,100%,0,128,128,128,0,0,0
0xa2f6af,100%,0,5,5,0,0,0,5
0xa95436,100%,0,4,4,0,0,0,4
0xa9558a,100%,0,4,4,0,0,0,4
0x492d52,100%,0,72,72,0,0,0,72
0x492d1f,100%,0,72,72,0,0,0,72
0x7d162f,100%,0,65,65,0,0,0,65
0xa955b8,100%,0,4,4,0,0,0,4
0xa956d4,100%,0,4,4,0,0,0,4
0x8e3ee8,100%,0,4,4,0,0,0,4
0xb498db,100%,0,12,12,0,0,0,12
0x9e5433,100%,0,39,39,0,0,0,39
0x6d9f37,100%,0,1,1,0,0,0,1
0x7d1d9b,100%,0,1,1,0,0,0,1
0x618999,100%,0,11,11,0,0,0,11
0x8f11e9,100%,0,40,40,0,0,0,40
0x53935c,100%,0,11,11,0,0,0,11
0x5fb39b,100%,0,6,6,6,0,0,0
0x8e7e94,100%,0,79,79,0,0,0,79
0x4c76cb,100%,0,4,4,0,0,0,4
0x5393fd,100%,0,505,505,0,0,0,505
0xa22df6,100%,0,19,19,0,0,0,19
0xa44cf9,100%,0,4,4,0,0,0,4
0xa2feff,100%,0,160,160,160,0,0,0
0x681591,100%,0,144,144,0,0,0,144
0x64f4aa,100%,0,89,89,89,0,0,0
0x7f0b68,100%,0,5,5,0,0,0,5
0xa9ec3b,100%,0,4,4,4,0,0,0
0x5ff49f,100%,0,10,10,0,0,0,10
0x9e614a,100%,0,12,12,0,0,0,12
0xa64c41,100%,0,2,2,2,0,0,0
0x8e5350,100%,0,16,16,0,0,0,16
0x804112,100%,0,60,60,0,0,0,60
0x48d221,100%,0,6,6,0,0,0,6
0x8f2103,100%,0,17,17,0,0,0,17
0x539bad,100%,0,800,800,0,0,0,800
0x8f34ce,100%,0,12,12,0,0,0,12
0x8e7948,100%,0,224,224,224,0,0,0
0x548589,100%,0,201,201,0,0,0,201
0xb2ea65,100%,0,7681,7681,0,0,0,7681
0x95a958,100%,0,4,4,4,0,0,0
0x48f492,100%,0,3,3,0,0,0,3
0xa44c10,100%,0,4,4,0,0,0,4
0xa2f15f,100%,0,1,1,0,0,0,1
0x5d1a7e,100%,0,110,110,110,0,0,0
0x991345,100%,0,91,91,0,0,0,91
0x58be0f,100%,0,76,76,76,0,0,0
0x40458b,100%,0,591,591,591,0,0,0
0x9f3a9c,100%,0,6,6,0,0,0,6
0x95b806,100%,0,4,4,0,0,0,4
0x94acff,100%,0,56,56,56,0,0,0
0x99f136,100%,0,11,11,0,0,0,11
0x83812d,100%,0,5,5,0,0,0,5
0x4c535e,100%,0,3,3,0,0,0,3
0x8387c3,100%,0,5,5,5,0,0,0
0x7d29d9,100%,0,5,5,0,0,0,5
0x8bdca6,100%,0,4,4,0,0,0,4
0xa25b29,100%,0,1013,1013,1013,0,0,0
0xb30b7e,100%,0,334,334,0,0,0,334
0xa31fde,100%,0,36,36,36,0,0,0
0x8dea48,100%,0,130,130,0,0,0,130
0xa9ef6f,100%,0,2,2,2,0,0,0
0x8be63a,100%,0,18,18,0,0,0,18
0x837439,100%,0,4,4,0,0,0,4
0x535668,100%,0,183,183,0,0,0,183
0x4c0451,100%,0,86,86,86,0,0,0
0x8f5634,100%,0,191,191,0,0,0,191
0xa58447,100%,0,10,10,0,0,0,10
0xa05a64,100%,0,29,29,29,0,0,0
0x81396f,100%,0,44,44,0,0,0,44
0x66f378,100%,0,2,2,0,0,0,2
0x9f6b74,100%,0,44,44,0,0,0,44
0x8deaa8,100%,0,128,128,0,0,0,128
0x48ea63,100%,0,364,364,364,0,0,0
0x50b33b,100%,0,2,2,0,0,0,2
0x49ae37,100%,0,2,2,0,0,0,2
0x837954,100%,0,45,45,0,0,0,45
0x8aac26,100%,0,10,10,0,0,0,10
0xb1c3a8,100%,0,102,102,0,0,0,102
0x8c8d17,100%,0,8,8,8,0,0,0
0x533975,100%,0,2,2,0,0,0,2
0x9a7c71,100%,0,559,559,0,0,0,559
0x4a25af,100%,0,6,6,0,0,0,6
0xa5271e,100%,0,12,12,0,0,0,12
0x901045,100%,0,37,37,0,0,0,37
0x53e8a0,100%,0,5,5,0,0,0,5
0x8038a3,100%,0,2,2,0,0,0,2
0x8eb060,100%,0,6,6,0,0,0,6
0x900fd1,100%,0,37,37,0,0,0,37
0x95191c,100%,0,91,91,91,0,0,0
0x555dc0,100%,0,105,105,0,0,0,105
0x47f8c2,100%,0,18,18,0,0,0,18
0x4b8647,100%,0,11,11,11,0,0,0
0xa35cb9,100%,0,836,836,0,0,0,836
0x410011,100%,0,2,2,2,0,0,0
0x538d61,100%,0,132,132,0,0,0,132
0x5453c7,100%,0,22,22,0,0,0,22
0x9f0426,100%,0,202,202,0,0,0,202
0x835f77,100%,0,2,2,0,0,0,2
0x4a772f,100%,0,2,2,0,0,0,2
0x8f1dbe,100%,0,40,40,0,0,0,40
0x838a34,100%,0,2,2,0,0,0,2
0x838a57,100%,0,2,2,0,0,0,2
0x8e3371,100%,0,16,16,0,0,0,16
0x8d9b4c,100%,0,370,370,370,0,0,0
0x4a97b0,100%,0,4,4,0,0,0,4
0x69dd43,100%,0,12,12,12,0,0,0
0x9a2540,100%,0,40,40,0,0,0,40
0x80a4f0,100%,0,2,2,0,0,0,2
0x5e17b8,100%,0,133,133,0,0,0,133
0x6705b3,100%,0,133,133,0,0,0,133
0x7b30bb,100%,0,36,36,0,0,0,36
0x90ac80,100%,0,100,100,0,0,0,100
0x8376a3,100%,0,5,5,0,0,0,5
0x54499b,100%,0,9,9,0,0,0,9
0xa4bde9,100%,0,4,4,0,0,0,4
0x900ba4,100%,0,336,336,0,0,0,336
0x9a5e0f,100%,0,10,10,0,0,0,10
0x90adb3,100%,0,149,149,0,0,0,149
0x9f6853,100%,0,293,293,293,0,0,0
0x9b8f71,100%,0,2,2,0,0,0,2
0x8dec8e,100%,0,6,6,0,0,0,6
0x98506a,100%,0,12,12,4,0,0,8
0x552265,100%,0,2037,2037,2037,0,0,0
0x8f6dfb,100%,0,22,22,0,0,0,22
0x9b8fe0,100%,0,19,19,0,0,0,19
0x5424c2,100%,0,1135,1135,1135,0,0,0
0x809a96,100%,0,1,1,0,0,0,1
0x8ddc0f,100%,0,112,112,0,0,0,112
0xa2b2e0,100%,0,2,2,0,0,0,2
0x9d270c,100%,0,28,28,28,0,0,0
0x590ea4,100%,0,23,23,0,0,0,23
0x96b210,100%,0,32,32,0,0,0,32
0x8ecf44,100%,0,22,22,0,0,0,22
0x53f2c1,100%,0,429,429,0,0,0,429
0x54f535,100%,0,3047,3047,3047,0,0,0
0x816879,100%,0,226,226,0,0,0,226
0xa2871a,100%,0,21,21,0,0,0,21
0x5a5fc6,100%,0,4,4,4,0,0,0
0x8be493,100%,0,18,18,0,0,0,18
0x670a04,100%,0,19,19,19,0,0,0
0xa2e039,100%,0,249,249,0,0,0,249
0xa4bbd9,100%,0,613,613,0,0,0,613
0xa44982,100%,0,4,4,0,0,0,4
0x9fe90b,100%,0,37,37,0,0,0,37
0xb497cd,100%,0,5,5,0,0,0,5
0x544118,100%,0,9,9,0,0,0,9
0xa3baeb,100%,0,174,174,174,0,0,0
0x96e75e,100%,0,1,1,0,0,0,1
0x9e0543,100%,0,58,58,0,0,0,58
0x9ed9b4,100%,0,126,126,0,0,0,126
0xa5eb62,100%,0,5,5,0,0,0,5
0x5b2c20,100%,0,2,2,0,0,0,2
0xa3e1a6,100%,0,8,8,0,0,0,8
0x8a34a3,100%,0,241,241,241,0,0,0
0x83be6e,100%,0,1,1,0,0,0,1
0xa723b2,100%,0,4,4,0,0,0,4
0x7d446a,100%,0,2,2,0,0,0,2
0xa48b26,100%,0,167,167,0,0,0,167
0x4ac576,100%,0,8,8,0,0,0,8
0xa48b3e,100%,0,167,167,167,0,0,0
0x822643,100%,0,186,186,0,0,0,186
0xa48b7e,100%,0,167,167,0,0,0,167
0x78b674,100%,0,12,12,0,0,0,12
0x8436f7,100%,0,12,12,4,0,0,8
0x8c8806,100%,0,4,4,4,0,0,0
0x5d106b,100%,0,1245,1245,1245,0,0,0
0xa06476,100%,0,35,35,0,0,0,35
0x9c42c0,100%,0,62,62,0,0,0,62
0x843680,100%,0,4,4,0,0,0,4
0x8dd4f4,100%,0,424,424,424,0,0,0
0x83aa54,100%,0,4,4,4,0,0,0
0x8436ee,100%,0,12,12,0,0,0,12
0xa48c8a,100%,0,167,167,167,0,0,0
0x6660a7,100%,0,8,8,0,0,0,8
0x4c13d3,100%,0,24,24,0,0,0,24
0x78abd3,100%,0,7,7,4,0,0,3
0x4c60ce,100%,0,16,16,16,0,0,0
0xa4eed3,100%,0,22,22,0,0,0,22
0x7d3746,100%,0,106,106,0,0,0,106
0x8ff986,100%,0,115,115,0,0,0,115
0x50ef87,100%,0,2,2,0,0,0,2
0x619ab2,100%,0,5,5,0,0,0,5
0x4b7f26,100%,0,2,2,2,0,0,0
0x69dd30,100%,0,12,12,0,0,0,12
0x8fd78f,100%,0,15,15,15,0,0,0
0x8fd7ae,100%,0,15,15,0,0,0,15
0x8fdb79,100%,0,9,9,0,0,0,9
0x8fdb24,100%,0,9,9,9,0,0,0
0x99b7a2,100%,0,15,15,0,0,0,15
0x50eebb,100%,0,83,83,0,0,0,83
0x666c4b,100%,0,2,2,2,0,0,0
0x788d9b,100%,0,10,10,1,0,0,9
0x666c62,100%,0,2,2,2,0,0,0
0x50efb0,100%,0,2,2,0,0,0,2
0x50efbd,100%,0,2,2,0,0,0,2
0x50f004,100%,0,2,2,2,0,0,0
0x50f123,100%,0,2,2,0,0,0,2
0x7d1e4c,100%,0,65,65,0,0,0,65
0x8e3e39,100%,0,4,4,0,0,0,4
0x50ee60,100%,0,44,44,0,0,0,44
0x4ad248,100%,0,20,20,0,0,0,20
0x65bbf6,100%,0,505,505,0,0,0,505
0x70e8ed,100%,0,4,4,4,0,0,0
0x50ee39,100%,0,88,88,0,0,0,88
0x50809a,100%,0,392,392,0,0,0,392
0x5033d1,100%,0,37,37,0,0,0,37
0xa41d8c,100%,0,1885,1885,0,0,0,1885
0xa58c60,100%,0,29,29,0,0,0,29
0xa4378f,100%,0,424,424,0,0,0,424
0x8fdd18,100%,0,48,48,0,0,0,48
0x7d4400,100%,0,2,2,0,0,0,2
0xa48ce8,100%,0,167,167,0,0,0,167
0x96eb2a,100%,0,1,1,0,0,0,1
0xa55d56,100%,0,4,4,0,0,0,4
0x8fc440,100%,0,66,66,0,0,0,66
0x7d33fe,100%,0,12,12,0,0,0,12
0x4c768f,100%,0,4,4,0,0,0,4
0x8bcbe7,100%,0,26,26,0,0,0,26
0xa4589f,100%,0,41,41,0,0,0,41
0x7d33b2,100%,0,12,12,0,0,0,12
0x88a042,100%,0,17,17,0,0,0,17
0x590e98,100%,0,23,23,0,0,0,23
0x838f9b,100%,0,18,18,18,0,0,0
0x4b29ca,100%,0,2,2,2,0,0,0
0x8ddf64,100%,0,32,32,0,0,0,32
0x539743,100%,0,4,4,0,0,0,4
0x8e3dac,100%,0,159,159,0,0,0,159
0x558fa8,100%,0,768,768,0,0,0,768
0x6432a3,100%,0,34,34,0,0,0,34
0x99e552,100%,0,13,13,13,0,0,0
0x7c20d0,100%,0,12,12,0,0,0,12
0x7d27ed,100%,0,4,4,0,0,0,4
0x837506,100%,0,4,4,4,0,0,0
0xa04bda,100%,0,38,38,0,0,0,38
0x811de3,100%,0,1215,1215,0,0,0,1215
0x7d2a12,100%,0,4,4,4,0,0,0
0x7d2b49,100%,0,13,13,0,0,0,13
0x7d2b52,100%,0,13,13,13,0,0,0
0x918a9c,100%,0,200,200,0,0,0,200
0x8df2fb,100%,0,24,24,0,0,0,24
0x8bd9ba,100%,0,13,13,13,0,0,0
0x804e12,100%,0,2,2,0,0,0,2
0xa4959c,100%,0,102,102,102,0,0,0
0x6f4517,100%,0,18,18,0,0,0,18
0x5bbf7f,100%,0,2,2,0,0,0,2
0xa3614f,100%,0,70,70,0,0,0,70
0x4a1e62,100%,0,4,4,0,0,0,4
0x8e39af,100%,0,32,32,0,0,0,32
0xa47ac2,100%,0,19,19,0,0,0,19
0x8fe054,100%,0,3025,3025,0,0,0,3025
0x94a1aa,100%,0,80,80,0,0,0,80
0x4b6ef1,100%,0,28,28,0,0,0,28
0xa0735e,100%,0,9,9,0,0,0,9
0xa39abf,100%,0,18,18,18,0,0,0
0x8435f4,100%,0,4,4,0,0,0,4
0x7d40cc,100%,0,53,53,0,0,0,53
0x9ebf46,100%,0,61,61,61,0,0,0
0xa06fc5,100%,0,9,9,0,0,0,9
0x8bd8a1,100%,0,20,20,0,0,0,20
0x7d1eeb,100%,0,4,4,0,0,0,4
0x8e38a6,100%,0,48,48,0,0,0,48
0xa4720e,100%,0,167,167,0,0,0,167
0x7817c8,100%,0,63,63,0,0,0,63
0x9f6de3,100%,0,160,160,0,0,0,160
0x820d5f,100%,0,33,33,0,0,0,33
0xa066dd,100%,0,45,45,0,0,0,45
0xa41fdb,100%,0,289,289,289,0,0,0
0x84349b,100%,0,1,1,0,0,0,1
0x843471,100%,0,1,1,0,0,0,1
0x81e4d0,100%,0,13,13,13,0,0,0
0xa08556,100%,0,5,5,5,0,0,0
0x8dded7,100%,0,54,54,0,0,0,54
0x533e53,100%,0,2,2,0,0,0,2
0x9fcf44,100%,0,18,18,0,0,0,18
0x96999a,100%,0,39,39,39,0,0,0
0x54f31c,100%,0,22,22,0,0,0,22
0x533de7,100%,0,2,2,2,0,0,0
0x7d379b,100%,0,40,40,40,0,0,0
0xa58773,100%,0,116,116,116,0,0,0
0x40d104,100%,0,7049,7049,0,0,0,7049
0x60bc27,100%,0,18,18,0,0,0,18
0xa4787a,100%,0,1,1,1,0,0,0
0x7be088,100%,0,4,4,0,0,0,4
0xa56e09,100%,0,2,2,0,0,0,2
0x7be036,100%,0,4,4,0,0,0,4
0x5c751f,100%,0,3,3,3,0,0,0
0x4418ce,100%,0,11,11,0,0,0,11
0x53dc80,100%,0,10,10,0,0,0,10
0x8df894,100%,0,2,2,0,0,0,2
0xa95428,100%,0,4,4,0,0,0,4
0xa50b15,100%,0,76,76,0,0,0,76
0x9002b6,100%,0,10,10,10,0,0,0
0x905d11,100%,0,128,128,0,0,0,128
0x54687c,100%,0,2,2,0,0,0,2
0x9d0806,100%,0,1,1,0,0,0,1
0x64adb1,100%,0,2659,2659,0,0,0,2659
0x5fe510,100%,0,4,4,0,0,0,4
0x53e37a,100%,0,3148,3148,0,0,0,3148
0x8f49bf,100%,0,6,6,0,0,0,6
0x5f5558,100%,0,56,56,0,0,0,56
0x680631,100%,0,23,23,0,0,0,23
0x8c71ad,100%,0,107,107,107,0,0,0
0x402e1e,100%,0,4,4,4,0,0,0
0x8c9430,100%,0,119,119,0,0,0,119
0x5fbe1d,100%,0,112,112,112,0,0,0
0x973b8b,100%,0,10,10,0,0,0,10
0x9049f3,100%,0,185,185,0,0,0,185
0xa08696,100%,0,4,4,0,0,0,4
0x7be0b9,100%,0,4,4,0,0,0,4
0x8340aa,100%,0,2,2,2,0,0,0
0x60bae5,100%,0,1,1,1,0,0,0
0x8340ee,100%,0,4,4,0,0,0,4
0x8e9b71,100%,0,5,5,0,0,0,5
0x66f6f2,100%,0,1,1,0,0,0,1
0x63f44c,100%,0,200,200,0,0,0,200
0x8f56c2,100%,0,164,164,0,0,0,164
0x5f3d27,100%,0,4,4,4,0,0,0
0x64b528,100%,0,12,12,0,0,0,12
0x48f914,100%,0,47,47,0,0,0,47
0xa0678a,100%,0,2,2,0,0,0,2
0xa50e57,100%,0,4,4,4,0,0,0
0xaada98,100%,0,288,288,0,0,0,288
0xa5d1e5,100%,0,24,24,0,0,0,24
0x833964,100%,0,133,133,0,0,0,133
0x782106,100%,0,373,373,0,0,0,373
0x8dfff1,100%,0,12,12,0,0,0,12
0x833a3f,100%,0,218,218,0,0,0,218
0x833b53,100%,0,2,2,2,0,0,0
0x7814e6,100%,0,677,677,677,0,0,0
0x833baf,100%,0,4,4,0,0,0,4
0x678916,100%,0,2851,2851,0,0,0,2851
0x59c2f7,100%,0,7,7,0,0,0,7
0x8aa993,100%,0,3421,3421,0,0,0,3421
0x833751,100%,0,2,2,0,0,0,2
0x5fa42d,100%,0,75,75,0,0,0,75
0x9fc5ac,100%,0,14,14,0,0,0,14
0x64af53,100%,0,5708,5708,0,0,0,5708
0x9fe792,100%,0,37,37,0,0,0,37
0xa50bf2,100%,0,148,148,0,0,0,148
0x833612,100%,0,116,116,2,0,0,114
0xa9861a,100%,0,2,2,0,0,0,2
0x4b51a5,100%,0,1,1,0,0,0,1
0x9fcb89,100%,0,25,25,25,0,0,0
0x8c82fe,100%,0,30,30,0,0,0,30
0x8f4c13,100%,0,40,40,0,0,0,40
0x403dc7,100%,0,16,16,0,0,0,16
0x5fb8cb,100%,0,55,55,0,0,0,55
0x6000d7,100%,0,27,27,0,0,0,27
0x600100,100%,0,27,27,0,0,0,27
0x600117,100%,0,27,27,0,0,0,27
0xa45692,100%,0,12,12,0,0,0,12
0x5fb892,100%,0,55,55,0,0,0,55
0x80dcfc,100%,0,627,627,0,0,0,627
0xa41b02,100%,0,267,267,0,0,0,267
0x5fb8af,100%,0,55,55,55,0,0,0
0x8ed0e5,100%,0,9,9,0,0,0,9
0x60024a,100%,0,23,23,0,0,0,23
0x5991fa,100%,0,3,3,0,0,0,3
0x647577,100%,0,21,21,0,0,0,21
0x911b5e,100%,0,599,599,0,0,0,599
0x8e4288,100%,0,1977,1977,1977,0,0,0
0x5f9d3a,100%,0,27,27,0,0,0,27
0x9ff68e,100%,0,5,5,0,0,0,5
0x78ad03,100%,0,44,44,0,0,0,44
0xaa81db,100%,0,5,5,5,0,0,0
0xaa819b,100%,0,5,5,0,0,0,5
0x95b415,100%,0,11,11,0,0,0,11
0x81934b,100%,0,34,34,0,0,0,34
0x8f0bc4,100%,0,48,48,48,0,0,0
0x4bb910,100%,0,56,56,0,0,0,56
0x405ba2,100%,0,337,337,0,0,0,337
0xa8a721,100%,0,83,83,83,0,0,0
0x5fb7da,100%,0,55,55,5,0,0,50
0xa4ff19,100%,0,36,36,0,0,0,36
0x5fb75b,100%,0,55,55,0,0,0,55
0x90131f,100%,0,50,50,0,0,0,50
0xa1a290,100%,0,9,9,0,0,0,9
0x5962e7,100%,0,19,19,0,0,0,19
0x5fb728,100%,0,55,55,55,0,0,0
0x816c80,100%,0,641,641,0,0,0,641
0x4949cf,100%,0,2,2,0,0,0,2
0x5936f4,100%,0,11,11,0,0,0,11
0x6708e8,100%,0,20,20,0,0,0,20
0x833cbe,100%,0,2,2,0,0,0,2
0x8f6912,100%,0,665,665,0,0,0,665
0x643a11,100%,0,24,24,0,0,0,24
0x917716,100%,0,163,163,163,0,0,0
0x858ecb,100%,0,181,181,0,0,0,181
0x540d35,100%,0,350,350,0,0,0,350
0x5ff81f,100%,0,46,46,0,0,0,46
0x8f4b8c,100%,0,6,6,0,0,0,6
0x441997,100%,0,11,11,0,0,0,11
0xaa7d0e,100%,0,10,10,0,0,0,10
0x80aeda,100%,0,1,1,0,0,0,1
0x5ffaf2,100%,0,46,46,0,0,0,46
0x5ffb39,100%,0,46,46,0,0,0,46
0x5fbfd6,100%,0,2,2,0,0,0,2
0x78b6dc,100%,0,12,12,0,0,0,12
0x99ec1a,100%,0,2,2,2,0,0,0
0x5bef55,100%,0,2,2,0,0,0,2
0x7e079f,100%,0,20,20,0,0,0,20
0x8c91f7,100%,0,2,2,2,0,0,0
0x8c8835,100%,0,4,4,4,0,0,0
0x4994df,100%,0,260,260,0,0,0,260
0x494b4c,100%,0,2,2,2,0,0,0
0x99cd87,100%,0,9,9,0,0,0,9
0x7dfc3f,100%,0,8,8,0,0,0,8
0x508687,100%,0,438,438,0,0,0,438
0xa085ab,100%,0,5,5,0,0,0,5
0x40b427,100%,0,2,2,0,0,0,2
0x9eef2a,100%,0,75,75,0,0,0,75
0x9737e6,100%,0,38,38,38,0,0,0
0x671b6f,100%,0,2,2,2,0,0,0
0x95b647,100%,0,4,4,4,0,0,0
0x67181a,100%,0,2,2,2,0,0,0
0xa58965,100%,0,54,54,0,0,0,54
0x4a7250,100%,0,1,1,1,0,0,0
0xa02620,100%,0,177,177,0,0,0,177
0x67187b,100%,0,2,2,2,0,0,0
0x95a9e2,100%,0,4,4,0,0,0,4
0x7c742d,100%,0,16,16,0,0,0,16
0x8388a2,100%,0,5,5,5,0,0,0
0x6722dc,100%,0,2,2,0,0,0,2
0x49a068,100%,0,16,16,0,0,0,16
0xa5233d,100%,0,95,95,0,0,0,95
0xa4c9bf,100%,0,4,4,0,0,0,4
0x81cfc4,100%,0,182,182,0,0,0,182
0x5ffbb2,100%,0,46,46,0,0,0,46
0xa52341,100%,0,95,95,0,0,0,95
0x4ab1ad,100%,0,6,6,0,0,0,6
0xa91854,100%,0,14,14,14,0,0,0
0x9d122a,100%,0,120,120,0,0,0,120
0xa565bc,100%,0,261,261,0,0,0,261
0xa5135e,100%,0,12,12,0,0,0,12
0x670e69,100%,0,2,2,0,0,0,2
0x8bb690,100%,0,13,13,13,0,0,0
0x94dd1b,100%,0,587,587,0,0,0,587
0xa4499e,100%,0,4,4,0,0,0,4
0x60851a,100%,0,10,10,10,0,0,0
0xa51737,100%,0,77,77,0,0,0,77
0x81192f,100%,0,24,24,0,0,0,24
0x4a9c2d,100%,0,23,23,23,0,0,0
0x6711d6,100%,0,2,2,2,0,0,0
0x6712f0,100%,0,2,2,0,0,0,2
0xa5223c,100%,0,100,100,100,0,0,0
0x95b375,100%,0,4,4,0,0,0,4
0xa51a3c,100%,0,7,7,0,0,0,7
0xa51f6b,100%,0,2,2,0,0,0,2
0x5c4f8f,100%,0,166,166,0,0,0,166
0x9ea26c,100%,0,2,2,0,0,0,2
0xa520f4,100%,0,11,11,11,0,0,0
0x816306,100%,0,45,45,43,0,0,2
0x4a59d9,100%,0,4,4,0,0,0,4
0xa54549,100%,0,2,2,2,0,0,0
0x495efb,100%,0,55,55,55,0,0,0
0x4a9801,100%,0,4,4,4,0,0,0
0xa517d3,100%,0,40,40,40,0,0,0
0x4ab2f8,100%,0,1,1,0,0,0,1
0x4ab339,100%,0,1,1,1,0,0,0
0x81afa9,100%,0,2,2,0,0,0,2
0x8434a1,100%,0,1,1,0,0,0,1
0x8ea0a1,100%,0,3,3,0,0,0,3
0x835f6e,100%,0,2,2,0,0,0,2
0x65ba89,100%,0,68,68,0,0,0,68
0x9aacf6,100%,0,691,691,0,0,0,691
0x4a97c6,100%,0,4,4,0,0,0,4
0x54fd0b,100%,0,1,1,0,0,0,1
0x8ded3a,100%,0,440,440,0,0,0,440
0x8f3f6f,100%,0,91,91,0,0,0,91
0x8df1e0,100%,0,55,55,55,0,0,0
0x7c7ac9,100%,0,24,24,0,0,0,24
0x8f2185,100%,0,37,37,0,0,0,37
0x66f3f9,100%,0,2,2,0,0,0,2
0x672ca0,100%,0,2,2,0,0,0,2
0xaaaace,100%,0,1,1,0,0,0,1
0x672a8f,100%,0,2,2,2,0,0,0
0x610f4e,100%,0,2,2,0,0,0,2
0x9d3162,100%,0,3,3,0,0,0,3
0x492150,100%,0,1,1,1,0,0,0
0xa50f65,100%,0,38,38,0,0,0,38
0xa55f34,100%,0,3,3,0,0,0,3
0x82214e,100%,0,306,306,306,0,0,0
0x95cbda,100%,0,2,2,0,0,0,2
0xb30533,100%,0,5,5,0,0,0,5
0x5e5cd5,100%,0,3,3,0,0,0,3
0xa05b42,100%,0,29,29,0,0,0,29
0x8f1307,100%,0,40,40,0,0,0,40
0x503676,100%,0,1,1,0,0,0,1
0xa5c679,100%,0,102,102,102,0,0,0
0x6f1721,100%,0,12,12,0,0,0,12
0x8e3acd,100%,0,8,8,8,0,0,0
0x679821,100%,0,6,6,0,0,0,6
0xa51034,100%,0,506,506,0,0,0,506
0x8c7117,100%,0,2,2,2,0,0,0
0xb2eb37,100%,0,7681,7681,7681,0,0,0
0x66f689,100%,0,48,48,0,0,0,48
0xa27548,100%,0,216,216,0,0,0,216
0x5fc8e5,100%,0,2,2,2,0,0,0
0x8d3d6b,100%,0,31,31,0,0,0,31
0x8c87f6,100%,0,4,4,0,0,0,4
0xa2e81e,100%,0,120,120,0,0,0,120
0x8d3a55,100%,0,10,10,10,0,0,0
0x8f38a1,100%,0,116,116,0,0,0,116
0x5fc49d,100%,0,2,2,0,0,0,2
0x814cd7,100%,0,2,2,0,0,0,2
0xa37622,100%,0,10,10,0,0,0,10
0x60c708,100%,0,7,7,0,0,0,7
0x5fc2dc,100%,0,116,116,0,0,0,116
0x5fc287,100%,0,2,2,0,0,0,2
0x7f3708,100%,0,15,15,0,0,0,15
0x814bf3,100%,0,41,41,0,0,0,41
0x5fbfec,100%,0,2,2,0,0,0,2
0x675167,100%,0,1,1,0,0,0,1
0x54c657,100%,0,3,3,0,0,0,3
0x8dc46f,100%,0,4,4,0,0,0,4
0x815a8a,100%,0,31,31,31,0,0,0
0x50894a,100%,0,41,41,0,0,0,41
0x64af1d,100%,0,64,64,0,0,0,64
0x670514,100%,0,1,1,0,0,0,1
0x80f8b8,100%,0,74,74,74,0,0,0
0x670a76,100%,0,2,2,0,0,0,2
0x8e694e,100%,0,98,98,98,0,0,0
0x5c56ab,100%,0,223,223,0,0,0,223
0x670abf,100%,0,2,2,0,0,0,2
0xa63dc7,100%,0,2,2,2,0,0,0
0x837452,100%,0,5,5,0,0,0,5
0x8a75ad,100%,0,147,147,0,0,0,147
0x48efea,100%,0,264,264,0,0,0,264
0x4947d1,100%,0,2,2,2,0,0,0
0x5cf59e,100%,0,1390,1390,1390,0,0,0
0xaac3e9,100%,0,4,4,0,0,0,4
0x81e425,100%,0,215,215,0,0,0,215
0x81b040,100%,0,2,2,0,0,0,2
0x6709dc,100%,0,19,19,19,0,0,0
0x8f106e,100%,0,40,40,0,0,0,40
0x90c9c9,100%,0,105,105,0,0,0,105
0x9be545,100%,0,2,2,0,0,0,2
0xa4d40f,100%,0,67,67,0,0,0,67
0x6841d6,100%,0,8,8,0,0,0,8
0xa04153,100%,0,1,1,0,0,0,1
0x66f7aa,100%,0,19,19,0,0,0,19
0x670682,100%,0,3,3,0,0,0,3
0xa0582e,100%,0,4,4,0,0,0,4
0x7dfc2f,100%,0,8,8,0,0,0,8
0x9850da,100%,0,12,12,0,0,0,12
0xa47e72,100%,0,35,35,35,0,0,0
0x9f1cc4,100%,0,10,10,0,0,0,10
0x48af3a,100%,0,540,540,0,0,0,540
0x8f1a3d,100%,0,8,8,0,0,0,8
0x4b5174,100%,0,7,7,0,0,0,7
0x48d9ac,100%,0,474,474,0,0,0,474
0x4991f1,100%,0,31,31,31,0,0,0
0x4a95a2,100%,0,10,10,0,0,0,10
0xa54540,100%,0,2,2,0,0,0,2
0x8e3d70,100%,0,159,159,0,0,0,159
0x63f24b,100%,0,2,2,0,0,0,2
0x9067a8,100%,0,124,124,0,0,0,124
0x903329,100%,0,12,12,0,0,0,12
0x68056f,100%,0,19,19,0,0,0,19
0xa311c3,100%,0,141,141,0,0,0,141
0x985160,100%,0,4,4,0,0,0,4
0x8f2fb9,100%,0,319,319,0,0,0,319
0x4b7839,100%,0,403,403,0,0,0,403
0x7d2c67,100%,0,4,4,0,0,0,4
0x8b93f2,100%,0,336,336,336,0,0,0
0x4bc738,100%,0,188,188,0,0,0,188
0x48f74a,100%,0,2,2,2,0,0,0
0x95a273,100%,0,4,4,4,0,0,0
0x4b70a3,100%,0,148,148,0,0,0,148
0x5c8443,100%,0,6,6,6,0,0,0
0xb46799,100%,0,1,1,0,0,0,1
0xa95dab,100%,0,16,16,16,0,0,0
0x98ce01,100%,0,12,12,12,0,0,0
0xa2d324,100%,0,394,394,0,0,0,394
0x7e1845,100%,0,2,2,2,0,0,0
0x98cea7,100%,0,12,12,12,0,0,0
0x8e3f3d,100%,0,37,37,0,0,0,37
0xa4fc27,100%,0,4,4,0,0,0,4
0x4b50ca,100%,0,120,120,0,0,0,120
0xa9f0cf,100%,0,4,4,0,0,0,4
0x5a658d,100%,0,2,2,2,0,0,0
0xa9dd34,100%,0,2,2,0,0,0,2
0x4b51a1,100%,0,1,1,0,0,0,1
0xa91189,100%,0,4,4,0,0,0,4
0x9e04b3,100%,0,58,58,0,0,0,58
0x9e0539,100%,0,58,58,0,0,0,58
0x9e05bc,100%,0,58,58,0,0,0,58
0x4bbb48,100%,0,43,43,0,0,0,43
0xa440ba,100%,0,2,2,2,0,0,0
0x80f4db,100%,0,176,176,0,0,0,176
0x5415c6,100%,0,8,8,0,0,0,8
0x902830,100%,0,3,3,0,0,0,3
0x9e0613,100%,0,58,58,58,0,0,0
0xaada59,100%,0,255,255,0,0,0,255
0x4b6748,100%,0,11,11,0,0,0,11
0x538714,100%,0,2696,2696,0,0,0,2696
0x5ffb34,100%,0,46,46,0,0,0,46
0xa49a6d,100%,0,4,4,0,0,0,4
0x8bc7c9,100%,0,126,126,0,0,0,126
0x8e373c,100%,0,1977,1977,1977,0,0,0
0xa4800c,100%,0,3,3,3,0,0,0
0x90add7,100%,0,119,119,0,0,0,119
0x4900f6,100%,0,10,10,0,0,0,10
0xa5102d,100%,0,506,506,0,0,0,506
0x8bd71a,100%,0,20,20,0,0,0,20
0xaa8278,100%,0,5,5,0,0,0,5
0x48fac3,100%,0,3,3,0,0,0,3
0xa47f0f,100%,0,12,12,12,0,0,0
0x8fd411,100%,0,1,1,1,0,0,0
0x5ff28f,100%,0,117,117,117,0,0,0
0xa32c5d,100%,0,927,927,0,0,0,927
0x8ea37d,100%,0,1225,1225,0,0,0,1225
0xa959c2,100%,0,4,4,0,0,0,4
0xa41696,100%,0,25,25,25,0,0,0
0x5969f6,100%,0,337,337,337,0,0,0
0x4bf6a7,100%,0,83,83,0,0,0,83
0xa47102,100%,0,19,19,0,0,0,19
0x48fb0f,100%,0,3,3,0,0,0,3
0x5cfc22,100%,0,1257,1257,0,0,0,1257
0x48fabd,100%,0,3,3,0,0,0,3
0x410684,100%,0,183,183,0,0,0,183
0xa41533,100%,0,25,25,0,0,0,25
0x4fdbe3,100%,0,60,60,60,0,0,0
0x819571,100%,0,24,24,0,0,0,24
0x9f642b,100%,0,3,3,0,0,0,3
0x48f5f1,100%,0,3,3,0,0,0,3
0x9190c8,100%,0,2,2,2,0,0,0
0x9f966e,100%,0,68,68,0,0,0,68
0xa478ef,100%,0,14,14,0,0,0,14
0xa5501c,100%,0,38,38,38,0,0,0
0x48e83c,100%,0,7,7,1,0,0,6
0xa414d9,100%,0,25,25,0,0,0,25
0x806085,100%,0,2,2,0,0,0,2
0x67329e,100%,0,19,19,19,0,0,0
0xa04338,100%,0,1,1,1,0,0,0
0x816870,100%,0,226,226,0,0,0,226
0x44188e,100%,0,11,11,0,0,0,11
0x8e1065,100%,0,4,4,4,0,0,0
0x50165d,100%,0,1007,1007,0,0,0,1007
0x8bc7c5,100%,0,126,126,0,0,0,126
0x8ea04d,100%,0,399,399,399,0,0,0
0x677c66,100%,0,294,294,0,0,0,294
0x5f39b7,100%,0,7,7,7,0,0,0
0xa69eb6,100%,0,4,4,0,0,0,4
0x480118,100%,0,19,19,0,0,0,19
0x68161c,100%,0,6,6,0,0,0,6
0x81f886,100%,0,94,94,0,0,0,94
0x78191a,100%,0,156,156,0,0,0,156
0x5f9262,100%,0,3,3,0,0,0,3
0xa415bb,100%,0,8,8,8,0,0,0
0x48d753,100%,0,21,21,21,0,0,0
0x81f1aa,100%,0,1928,1928,0,0,0,1928
0x7dfcc9,100%,0,20,20,0,0,0,20
0x81f57a,100%,0,4,4,0,0,0,4
0xa41299,100%,0,8,8,0,0,0,8
0x9ecb59,100%,0,5,5,5,0,0,0
0x9c5068,100%,0,4,4,0,0,0,4
0x9116e1,100%,0,171,171,0,0,0,171
0x8e72f3,100%,0,331,331,0,0,0,331
0x781a05,100%,0,156,156,156,0,0,0
0xa9847c,100%,0,4,4,4,0,0,0
0xa721fe,100%,0,27,27,0,0,0,27
0x4b6769,100%,0,11,11,0,0,0,11
0x50903e,100%,0,6,6,0,0,0,6
0x5af002,100%,0,674,674,0,0,0,674
0x7d37c1,100%,0,40,40,0,0,0,40
0x490246,100%,0,6,6,0,0,0,6
0x7b7c27,100%,0,25,25,25,0,0,0
0x918f3d,100%,0,200,200,0,0,0,200
0x81c75e,100%,0,70,70,0,0,0,70
0xa08754,100%,0,4,4,0,0,0,4
0x7b7c1b,100%,0,25,25,0,0,0,25
0xa498a7,100%,0,22,22,0,0,0,22
0xa15963,100%,0,10,10,6,0,0,4
0xa264ab,100%,0,2,2,2,0,0,0
0x4bc092,100%,0,1,1,1,0,0,0
0x48f428,100%,0,3,3,0,0,0,3
0x5f7fe6,100%,0,7,7,7,0,0,0
0x4bfd46,100%,0,86,86,0,0,0,86
0xa06f45,100%,0,9,9,0,0,0,9
0x627797,100%,0,46,46,0,0,0,46
0x4beff0,100%,0,86,86,0,0,0,86
0x490325,100%,0,54,54,0,0,0,54
0xa2e74b,100%,0,134,134,0,0,0,134
0x5c475c,100%,0,8,8,0,0,0,8
0x4bf30a,100%,0,31,31,31,0,0,0
0x9f5cb9,100%,0,19,19,0,0,0,19
0xa21220,100%,0,4,4,0,0,0,4
0x80c157,100%,0,17,17,0,0,0,17
0xa64d75,100%,0,4,4,0,0,0,4
0x8dd2db,100%,0,2299,2299,0,0,0,2299
0xa2ebcf,100%,0,349,349,349,0,0,0
0x4c0368,100%,0,51,51,51,0,0,0
0x639c67,100%,0,600,600,0,0,0,600
0x9e6f7f,100%,0,55,55,0,0,0,55
0xa2df3d,100%,0,194,194,0,0,0,194
0x9f3ffc,100%,0,114,114,0,0,0,114
0x60b988,100%,0,38,38,0,0,0,38
0xa2da20,100%,0,10,10,0,0,0,10
0x943d77,100%,0,8,8,0,0,0,8
0xa72398,100%,0,4,4,0,0,0,4
0x4b788b,100%,0,31,31,0,0,0,31
0x6dce71,100%,0,4,4,4,0,0,0
0xa2dbe7,100%,0,4,4,0,0,0,4
0x4c044c,100%,0,86,86,0,0,0,86
0x48d932,100%,0,2,2,0,0,0,2
0x911012,100%,0,436,436,0,0,0,436
0x8fef22,100%,0,65,65,65,0,0,0
0xa21c37,100%,0,2,2,0,0,0,2
0x50e317,100%,0,97,97,0,0,0,97
0x51c1ef,100%,0,17,17,0,0,0,17
0x4beee5,100%,0,25,25,0,0,0,25
0x77d87c,100%,0,6,6,0,0,0,6
0x9a9ecd,100%,0,26,26,0,0,0,26
0x48f759,100%,0,65,65,0,0,0,65
0x50193a,100%,0,700,700,0,0,0,700
0x7b640d,100%,0,37,37,0,0,0,37
0xa36e73,100%,0,10,10,0,0,0,10
0xa43e44,100%,0,67,67,0,0,0,67
0x48fca1,100%,0,4,4,4,0,0,0
0x8e59c5,100%,0,208,208,208,0,0,0
0x809d86,100%,0,561,561,0,0,0,561
0x511a51,100%,0,14,14,0,0,0,14
0x8f613f,100%,0,194,194,0,0,0,194
0xa9ff5d,100%,0,3,3,3,0,0,0
0x8ebe31,100%,0,18,18,0,0,0,18
0xa92d55,100%,0,148,148,0,0,0,148
0xace0c2,100%,0,2,2,0,0,0,2
0xa993dc,100%,0,3,3,0,0,0,3
0xa9a0ad,100%,0,5,5,0,0,0,5
0x9f6e31,100%,0,14,14,14,0,0,0
0x7b63c8,100%,0,45,45,0,0,0,45
0xa5313c,100%,0,190,190,0,0,0,190
0x81fd00,100%,0,14,14,0,0,0,14
0x8ece0a,100%,0,995,995,995,0,0,0
0x4c07c1,100%,0,86,86,0,0,0,86
0x4c0770,100%,0,86,86,0,0,0,86
0xa5970d,100%,0,10,10,10,0,0,0
0x8ee959,100%,0,3,3,0,0,0,3
0x4858de,100%,0,3,3,0,0,0,3
0x4c055f,100%,0,31,31,0,0,0,31
0x4c0549,100%,0,31,31,0,0,0,31
0x4c0511,100%,0,86,86,86,0,0,0
0x4c0489,100%,0,86,86,0,0,0,86
0x5f13ba,100%,0,40,40,0,0,0,40
0xa0672d,100%,0,2,2,2,0,0,0
0x8fedac,100%,0,2940,2940,2940,0,0,0
0xa2d660,100%,0,194,194,0,0,0,194
0x99f036,100%,0,96,96,0,0,0,96
0x7b301c,100%,0,22,22,22,0,0,0
0x99cdc9,100%,0,9,9,0,0,0,9
0x58d422,100%,0,12,12,0,0,0,12
0xa5460b,100%,0,2,2,2,0,0,0
0xa9460f,100%,0,2,2,0,0,0,2
0x402b2f,100%,0,928,928,0,0,0,928
0x5e206f,100%,0,3,3,0,0,0,3
0x5bd0e0,100%,0,11,11,0,0,0,11
0x8c9256,100%,0,2,2,2,0,0,0
0x67541f,100%,0,1,1,0,0,0,1
0x7d3fee,100%,0,3,3,0,0,0,3
0xa91604,100%,0,4,4,0,0,0,4
0x9a3a71,100%,0,2,2,0,0,0,2
0xa2d734,100%,0,85,85,0,0,0,85
0xa2d4b5,100%,0,4,4,4,0,0,0
0x7b0ad2,100%,0,22,22,22,0,0,0
0x80395a,100%,0,2,2,0,0,0,2
0xa95a46,100%,0,4,4,0,0,0,4
0x48f810,100%,0,18,18,0,0,0,18
0x9f4bf3,100%,0,175,175,0,0,0,175
0x7f0647,100%,0,2,2,2,0,0,0
0x9c3c3f,100%,0,36,36,36,0,0,0
0x4bc11d,100%,0,197,197,197,0,0,0
0x58be2d,100%,0,76,76,76,0,0,0
0x67ac40,100%,0,6,6,0,0,0,6
0xa45cc7,100%,0,128,128,128,0,0,0
0x48f931,100%,0,10,10,0,0,0,10
0x4be9de,100%,0,35,35,35,0,0,0
0x4b6779,100%,0,11,11,0,0,0,11
0x670a52,100%,0,19,19,19,0,0,0
0xb31c50,100%,0,21615,21615,0,0,0,21615
0x971193,100%,0,5,5,0,0,0,5
0x4c3ca7,100%,0,168,168,0,0,0,168
0x4c13b2,100%,0,24,24,24,0,0,0
0x9a6358,100%,0,14,14,0,0,0,14
0x4c13c4,100%,0,24,24,0,0,0,24
0x659dd6,100%,0,19,19,19,0,0,0
0x9f574a,100%,0,80,80,0,0,0,80
0x4c271b,100%,0,84,84,0,0,0,84
0x8f1af6,100%,0,2,2,2,0,0,0
0x48ef8d,100%,0,55,55,0,0,0,55
0x58e1cb,100%,0,75,75,0,0,0,75
0x9e4e59,100%,0,310,310,0,0,0,310
0x54225c,100%,0,219,219,0,0,0,219
0x8f3782,100%,0,320,320,0,0,0,320
0xa920b2,100%,0,4,4,0,0,0,4
0x5a898e,100%,0,2,2,0,0,0,2
0x8e1f44,100%,0,393,393,0,0,0,393
0x4c0015,100%,0,24,24,0,0,0,24
0x48eb78,100%,0,57,57,0,0,0,57
0x4bffea,100%,0,24,24,0,0,0,24
0x4c74aa,100%,0,18,18,0,0,0,18
0xa2d247,100%,0,728,728,0,0,0,728
0x81f55b,100%,0,4,4,0,0,0,4
0x9f993c,100%,0,25,25,0,0,0,25
0x789d06,100%,0,6,6,0,0,0,6
0x4bf6e2,100%,0,29,29,0,0,0,29
0x4a8717,100%,0,2,2,0,0,0,2
0x95a9d6,100%,0,4,4,0,0,0,4
0x80f929,100%,0,37,37,0,0,0,37
0xb306b6,100%,0,5,5,0,0,0,5
0x5c70ad,100%,0,360,360,0,0,0,360
0x8e9323,100%,0,3,3,0,0,0,3
0x5f3e9f,100%,0,4,4,4,0,0,0
0x8dc3be,100%,0,4,4,0,0,0,4
0x9f0760,100%,0,2,2,0,0,0,2
0x4a9a78,100%,0,2,2,0,0,0,2
0xa48556,100%,0,56,56,56,0,0,0
0x9005ea,100%,0,348,348,0,0,0,348
0x8f0b29,100%,0,42,42,0,0,0,42
0x8e72e8,100%,0,331,331,0,0,0,331
0x805ac5,100%,0,84,84,0,0,0,84
0xa48597,100%,0,41,41,0,0,0,41
0x6703d6,100%,0,133,133,0,0,0,133
0xa4668a,100%,0,96,96,0,0,0,96
0x4ca4f4,100%,0,10,10,10,0,0,0
0x9eca28,100%,0,152,152,0,0,0,152
0xa466b7,100%,0,91,91,0,0,0,91
0x502dda,100%,0,19,19,0,0,0,19
0x4a9a07,100%,0,2,2,2,0,0,0
0x944f9d,100%,0,182,182,0,0,0,182
0xad0689,100%,0,2,2,0,0,0,2
0x8e11a9,100%,0,37,37,0,0,0,37
0x4ca0c7,100%,0,2,2,0,0,0,2
0x9ff766,100%,0,2,2,0,0,0,2
0x9f0138,100%,0,2,2,2,0,0,0
0x490059,100%,0,10,10,0,0,0,10
0x8e799a,100%,0,240,240,0,0,0,240
0x81fcea,100%,0,14,14,0,0,0,14
0x9f645c,100%,0,179,179,0,0,0,179
0x53968c,100%,0,109,109,0,0,0,109
0x5f2f8e,100%,0,1,1,0,0,0,1
0x5457c3,100%,0,8196,8196,0,0,0,8196
0x44659d,100%,0,586,586,0,0,0,586
0x4ca6ec,100%,0,2,2,0,0,0,2
0x809dc0,100%,0,2,2,0,0,0,2
0x9a67e4,100%,0,2,2,0,0,0,2
0x40e9a8,100%,0,317,317,317,0,0,0
0xa9a1f9,100%,0,15,15,0,0,0,15
0x552228,100%,0,2037,2037,0,0,0,2037
0x9f830e,100%,0,11,11,0,0,0,11
0x95964d,100%,0,124,124,0,0,0,124
0xa94bb6,100%,0,4,4,4,0,0,0
0x64b46f,100%,0,303,303,0,0,0,303
0x8f1969,100%,0,48,48,0,0,0,48
0x4b4b1e,100%,0,71,71,0,0,0,71
0x8ef4eb,100%,0,9,9,9,0,0,0
0x4ba6bd,100%,0,342,342,0,0,0,342
0x4bac8e,100%,0,962,962,0,0,0,962
0x4ab4d7,100%,0,31,31,31,0,0,0
0x9fc5a4,100%,0,14,14,0,0,0,14
0x4ba78c,100%,0,373,373,0,0,0,373
0x64830b,100%,0,940,940,0,0,0,940
0xa48667,100%,0,4,4,4,0,0,0
0x9f96ba,100%,0,68,68,68,0,0,0
0x4c9f65,100%,0,184,184,0,0,0,184
0x78c039,100%,0,2,2,0,0,0,2
0x973455,100%,0,7,7,0,0,0,7
0xa63cdd,100%,0,2,2,0,0,0,2
0x5abdf0,100%,0,9,9,0,0,0,9
0xa063f9,100%,0,2,2,0,0,0,2
0x51b1e9,100%,0,2,2,0,0,0,2
0x8d3bd9,100%,0,2,2,0,0,0,2
0x5bb70c,100%,0,23,23,0,0,0,23
0x6ed6d0,100%,0,1,1,0,0,0,1
0x6ed6c0,100%,0,1,1,0,0,0,1
0x5b2932,100%,0,2,2,0,0,0,2
0xa4730e,100%,0,42,42,0,0,0,42
0x5e78a0,100%,0,73,73,0,0,0,73
0x50fec8,100%,0,2,2,0,0,0,2
0x9f9583,100%,0,109,109,0,0,0,109
0x75882c,100%,0,1,1,0,0,0,1
0xa08e71,100%,0,45,45,0,0,0,45
0x69238c,100%,0,22,22,22,0,0,0
0x55765a,100%,0,27,27,0,0,0,27
0x723695,100%,0,1446,1446,0,0,0,1446
0xa3d6a6,100%,0,8,8,0,0,0,8
0x50fec0,100%,0,2,2,0,0,0,2
0x81f620,100%,0,4,4,0,0,0,4
0xaa25f3,100%,0,22,22,0,0,0,22
0x441597,100%,0,11,11,0,0,0,11
0x50fef0,100%,0,2,2,0,0,0,2
0x40bc2e,100%,0,103,103,0,0,0,103
0x5f7614,100%,0,2,2,0,0,0,2
0xa41b48,100%,0,757,757,0,0,0,757
0x5f7691,100%,0,30,30,0,0,0,30
0x5f769b,100%,0,30,30,0,0,0,30
0x47f23c,100%,0,1130,1130,0,0,0,1130
0x99a8b4,100%,0,102,102,0,0,0,102
0x556f2f,100%,0,28,28,0,0,0,28
0x53e3e0,100%,0,2,2,1,0,0,1
0x6495ff,100%,0,2,2,2,0,0,0
0x539b81,100%,0,1002,1002,0,0,0,1002
0xa41a9c,100%,0,981,981,0,0,0,981
0x814a78,100%,0,63,63,0,0,0,63
0x5034c9,100%,0,2,2,0,0,0,2
0x5034b2,100%,0,2,2,0,0,0,2
0x541f7c,100%,0,848,848,848,0,0,0
0x50f27b,100%,0,6,6,0,0,0,6
0xa956bd,100%,0,4,4,0,0,0,4
0x503449,100%,0,2,2,0,0,0,2
0xa05661,100%,0,5,5,0,0,0,5
0x5448bf,100%,0,338,338,338,0,0,0
0xa3d1e4,100%,0,8,8,8,0,0,0
0x8115fe,100%,0,2,2,0,0,0,2
0x51aeb9,100%,0,2,2,0,0,0,2
0x5446df,100%,0,2,2,0,0,0,2
0xa28148,100%,0,3,3,3,0,0,0
0x5446eb,100%,0,2,2,0,0,0,2
0x5446f9,100%,0,2,2,2,0,0,0
0x5386e4,100%,0,966,966,0,0,0,966
0xa265f4,100%,0,1013,1013,0,0,0,1013
0xa48294,100%,0,12,12,0,0,0,12
0xa482aa,100%,0,12,12,12,0,0,0
0x66d419,100%,0,85,85,0,0,0,85
0x95b041,100%,0,46,46,0,0,0,46
0xa41f8a,100%,0,289,289,0,0,0,289
0xa2a908,100%,0,113,113,113,0,0,0
0x8dd115,100%,0,315,315,0,0,0,315
0x51010a,100%,0,1734,1734,0,0,0,1734
0x5af0ab,100%,0,10,10,0,0,0,10
0x5f93f7,100%,0,3,3,3,0,0,0
0xa48237,100%,0,60,60,0,0,0,60
0x50154f,100%,0,272,272,272,0,0,0
0x4ab518,100%,0,6,6,0,0,0,6
0x833856,100%,0,2,2,2,0,0,0
0x51b389,100%,0,1887,1887,0,0,0,1887
0x5908dd,100%,0,22,22,0,0,0,22
0xaae6e0,100%,0,47,47,47,0,0,0
0x9f5bc7,100%,0,4,4,0,0,0,4
0xa4b6d8,100%,0,237,237,0,0,0,237
0x48067a,100%,0,9,9,0,0,0,9
0x5f94d5,100%,0,3,3,0,0,0,3
0x8c8852,100%,0,4,4,4,0,0,0
0x5f9225,100%,0,7,7,0,0,0,7
0x67f70a,100%,0,106,106,106,0,0,0
0x8ebf6f,100%,0,2,2,0,0,0,2
0x7f0c38,100%,0,1,1,1,0,0,0
0x808ed3,100%,0,2,2,0,0,0,2
0xa3a3f6,100%,0,404,404,0,0,0,404
0xa6b664,100%,0,4,4,0,0,0,4
0x951d71,100%,0,637,637,637,0,0,0
0x8ef52c,100%,0,9,9,9,0,0,0
0x5d0037,100%,0,4,4,4,0,0,0
0x4b4ca2,100%,0,2,2,0,0,0,2
0x593537,100%,0,2,2,0,0,0,2
0x6673de,100%,0,40,40,0,0,0,40
0xaa7f88,100%,0,3,3,0,0,0,3
0x4b4fb3,100%,0,71,71,0,0,0,71
0xa448cd,100%,0,52,52,0,0,0,52
0xa91c8f,100%,0,298,298,0,0,0,298
0x8f3e31,100%,0,295,295,0,0,0,295
0x53e351,100%,0,3148,3148,3148,0,0,0
0x789cdf,100%,0,6,6,0,0,0,6
0xa41133,100%,0,27,27,0,0,0,27
0xa4992d,100%,0,35,35,35,0,0,0
0x8ef6e5,100%,0,135,135,135,0,0,0
0x4bad07,100%,0,8,8,0,0,0,8
0x4bad11,100%,0,8,8,0,0,0,8
0xa4400c,100%,0,64,64,0,0,0,64
0xa440f8,100%,0,64,64,0,0,0,64
0xa46724,100%,0,30,30,0,0,0,30
0x4ba34b,100%,0,32,32,0,0,0,32
0xa44170,100%,0,64,64,0,0,0,64
0x4baa15,100%,0,52,52,52,0,0,0
0x502d4d,100%,0,190,190,0,0,0,190
0x4b4c8f,100%,0,2,2,0,0,0,2
0x8084c9,100%,0,4,4,0,0,0,4
0x4bfe95,100%,0,34,34,0,0,0,34
0x48f0bb,100%,0,3,3,0,0,0,3
0x81bb63,100%,0,317,317,0,0,0,317
0x4bd48c,100%,0,2,2,0,0,0,2
0x4bb85e,100%,0,204,204,0,0,0,204
0x8d2172,100%,0,2,2,0,0,0,2
0xa04174,100%,0,1,1,0,0,0,1
0xa961ea,100%,0,2,2,0,0,0,2
0x4bb870,100%,0,204,204,204,0,0,0
0x51b1d7,100%,0,2,2,0,0,0,2
0x8f5713,100%,0,767,767,0,0,0,767
0x51b5be,100%,0,5275,5275,0,0,0,5275
0x499d41,100%,0,53,53,53,0,0,0
0x441977,100%,0,11,11,0,0,0,11
0x4bbc41,100%,0,1848,1848,0,0,0,1848
0x9782b7,100%,0,19,19,0,0,0,19
0x533b34,100%,0,614,614,614,0,0,0
0x4a9b53,100%,0,2,2,2,0,0,0
0x90278c,100%,0,51,51,0,0,0,51
0xa160c9,100%,0,8,8,0,0,0,8
0x4bcc37,100%,0,180,180,0,0,0,180
0x9e2e67,100%,0,13,13,0,0,0,13
0x5fac8a,100%,0,1,1,0,0,0,1
0x48f73f,100%,0,2,2,0,0,0,2
0x4bafa3,100%,0,212,212,212,0,0,0
0xaa4749,100%,0,16,16,0,0,0,16
0x81e08f,100%,0,2,2,2,0,0,0
0x7d1c0c,100%,0,1,1,1,0,0,0
0x8f3dfb,100%,0,386,386,0,0,0,386
0x48d226,100%,0,6,6,6,0,0,0
0xa467a5,100%,0,24,24,12,0,0,12
0x4940c0,100%,0,15,15,15,0,0,0
0xb3042e,100%,0,5,5,0,0,0,5
0x4419fd,100%,0,11,11,0,0,0,11
0xa99562,100%,0,11,11,0,0,0,11
0x9f5af8,100%,0,12,12,0,0,0,12
0x53f190,100%,0,5,5,0,0,0,5
0x402c00,100%,0,9226,9226,0,0,0,9226
0x4ba473,100%,0,243,243,243,0,0,0
0x4ba486,100%,0,328,328,0,0,0,328
0x8e2539,100%,0,2,2,0,0,0,2
0x9f5a14,100%,0,47,47,0,0,0,47
0x678e32,100%,0,23,23,0,0,0,23
0x4bacd8,100%,0,218,218,218,0,0,0
0x5ba035,100%,0,22,22,0,0,0,22
0xa472d1,100%,0,42,42,0,0,0,42
0xb3226c,100%,0,28628,28628,28628,0,0,0
0x4b58b9,100%,0,270,270,0,0,0,270
0xa486c6,100%,0,242,242,0,0,0,242
0x8a6699,100%,0,98,98,0,0,0,98
0xa95ab9,100%,0,2,2,0,0,0,2
0x9f95dc,100%,0,75,75,0,0,0,75
0x9fc6c9,100%,0,10,10,0,0,0,10
0x9726b7,100%,0,253,253,253,0,0,0
0xa48300,100%,0,8,8,8,0,0,0
0xa482d9,100%,0,8,8,0,0,0,8
0x4b4be9,100%,0,260,260,260,0,0,0
0xa264cb,100%,0,2,2,0,0,0,2
0x59c540,100%,0,89,89,89,0,0,0
0x98f949,100%,0,257,257,0,0,0,257
0x99e6bf,100%,0,13,13,0,0,0,13
0x534eb3,100%,0,2984,2984,0,0,0,2984
0x8ef44a,100%,0,409,409,0,0,0,409
0x9e1974,100%,0,810,810,810,0,0,0
0x5c70a2,100%,0,360,360,0,0,0,360
0x4ba802,100%,0,294,294,0,0,0,294
0x7d211b,100%,0,8,8,8,0,0,0
0x9017ac,100%,0,27,27,0,0,0,27
0x6717e4,100%,0,2,2,2,0,0,0
0xa47c3e,100%,0,39,39,0,0,0,39
0xa41040,100%,0,45,45,0,0,0,45
0xa18aac,100%,0,43,43,0,0,0,43
0x784550,100%,0,28,28,28,0,0,0
0x54eb72,100%,0,43,43,0,0,0,43
0x50d673,100%,0,575,575,0,0,0,575
0x8a935f,100%,0,363,363,0,0,0,363
0x5cba5a,100%,0,131,131,131,0,0,0
0x9017d5,100%,0,27,27,0,0,0,27
0x90f7f2,100%,0,2,2,2,0,0,0
0x5c33e1,100%,0,8,8,0,0,0,8
0x97136f,100%,0,5,5,0,0,0,5
0x904998,100%,0,185,185,185,0,0,0
0x6d4b85,100%,0,16,16,0,0,0,16
0xa410ad,100%,0,35,35,0,0,0,35
0x8f1809,100%,0,397,397,0,0,0,397
0xad0630,100%,0,2,2,0,0,0,2
0xa47c35,100%,0,39,39,0,0,0,39
0x8ea18f,100%,0,2474,2474,0,0,0,2474
0xa47c0c,100%,0,42,42,42,0,0,0
0xa47bf4,100%,0,42,42,0,0,0,42
0x63f33c,100%,0,2,2,0,0,0,2
0x51c8f1,100%,0,1201,1201,1201,0,0,0
0xaa25e1,100%,0,26,26,4,0,0,22
0x8fcf55,100%,0,230,230,0,0,0,230
0xb2ec04,100%,0,70,70,70,0,0,0
0xa4771e,100%,0,42,42,0,0,0,42
0x791e77,100%,0,6,6,6,0,0,0
0x9e0896,100%,0,384,384,0,0,0,384
0xa474e1,100%,0,42,42,0,0,0,42
0x9e0281,100%,0,18,18,18,0,0,0
0x502a63,100%,0,126,126,126,0,0,0
0x5fedca,100%,0,385,385,0,0,0,385
0x9099d6,100%,0,1126,1126,1126,0,0,0
0x8fcd6b,100%,0,357,357,0,0,0,357
0x811b72,100%,0,204,204,0,0,0,204
0x90c899,100%,0,78,78,0,0,0,78
0x4bde46,100%,0,7,7,7,0,0,0
0x619a8c,100%,0,15,15,0,0,0,15
0xa472bd,100%,0,167,167,167,0,0,0
0x542e80,100%,0,153,153,0,0,0,153
0x501f94,100%,0,55,55,0,0,0,55
0x5af6ce,100%,0,9,9,0,0,0,9
0x592bbd,100%,0,59,59,59,0,0,0
0x63e14c,100%,0,1857,1857,1857,0,0,0
0x5d0813,100%,0,8,8,8,0,0,0
0x63f419,100%,0,2,2,0,0,0,2
0x8bb2e0,100%,0,2,2,0,0,0,2
0x63d539,100%,0,778,778,778,0,0,0
0x550edf,100%,0,49,49,0,0,0,49
0x9fe71f,100%,0,40,40,0,0,0,40
0x40945f,100%,0,4,4,0,0,0,4
0x98408b,100%,0,74,74,0,0,0,74
0xb497bc,100%,0,5,5,0,0,0,5
0x789167,100%,0,10,10,0,0,0,10
0x50ba9b,100%,0,40,40,0,0,0,40
0x63e532,100%,0,958,958,0,0,0,958
0x499cc3,100%,0,86,86,0,0,0,86
0x9eb259,100%,0,2,2,2,0,0,0
0x487845,100%,0,1,1,1,0,0,0
0x959f45,100%,0,4,4,0,0,0,4
0x81aeb1,100%,0,5,5,5,0,0,0
0x9e6e88,100%,0,8,8,0,0,0,8
0x5f60ab,100%,0,2,2,0,0,0,2
0x811c86,100%,0,55,55,55,0,0,0
0x9e389f,100%,0,25,25,25,0,0,0
0x508eac,100%,0,76,76,76,0,0,0
0x5d68bc,100%,0,3,3,0,0,0,3
0x60e0a3,100%,0,131,131,0,0,0,131
0x78f8a5,100%,0,1,1,1,0,0,0
0xb4a16c,100%,0,958,958,958,0,0,0
0x70c2c9,100%,0,6,6,0,0,0,6
0x9e3881,100%,0,32,32,0,0,0,32
0x44168e,100%,0,11,11,0,0,0,11
0x63deac,100%,0,961,961,961,0,0,0
0x4ba4dd,100%,0,22,22,0,0,0,22
0xa1b17b,100%,0,5,5,5,0,0,0
0x508124,100%,0,136,136,136,0,0,0
0xa5beb0,100%,0,8,8,0,0,0,8
0x8e6966,100%,0,160,160,0,0,0,160
0x969812,100%,0,72,72,0,0,0,72
0x915830,100%,0,2,2,2,0,0,0
0x91776c,100%,0,188,188,0,0,0,188
0x9e7dcc,100%,0,24,24,0,0,0,24
0x5bd486,100%,0,764,764,0,0,0,764
0x917608,100%,0,200,200,0,0,0,200
0x487414,100%,0,138,138,138,0,0,0
0x9e7d7b,100%,0,24,24,0,0,0,24
0x8df5d9,100%,0,40,40,0,0,0,40
0x9e7d44,100%,0,24,24,0,0,0,24
0x9a9ed4,100%,0,26,26,26,0,0,0
0x5068f5,100%,0,86,86,86,0,0,0
0x8efa2e,100%,0,192,192,0,0,0,192
0x556d84,100%,0,105,105,0,0,0,105
0x6f558f,100%,0,173,173,0,0,0,173
0x917ab1,100%,0,200,200,200,0,0,0
0x99887c,100%,0,2,2,0,0,0,2
0x504c97,100%,0,59,59,59,0,0,0
0x9e7882,100%,0,293,293,0,0,0,293
0x6f1710,100%,0,12,12,0,0,0,12
0x6f1646,100%,0,12,12,12,0,0,0
0x5040f7,100%,0,62,62,0,0,0,62
0x8e4b6e,100%,0,178,178,0,0,0,178
0x8f18a4,100%,0,192,192,0,0,0,192
0x4c73ab,100%,0,18,18,18,0,0,0
0x5041aa,100%,0,62,62,0,0,0,62
0x7808ab,100%,0,2,2,0,0,0,2
0x4c2f73,100%,0,13,13,0,0,0,13
0x7b8905,100%,0,2,2,2,0,0,0
0x504212,100%,0,62,62,62,0,0,0
0x534fde,100%,0,64,64,64,0,0,0
0x49486e,100%,0,221,221,0,0,0,221
0x9e7a2b,100%,0,141,141,0,0,0,141
0x9e7a75,100%,0,141,141,0,0,0,141
0x94bcb7,100%,0,16,16,0,0,0,16
0x9fbf97,100%,0,306,306,0,0,0,306
0x50e403,100%,0,4,4,0,0,0,4
0xa550eb,100%,0,8,8,8,0,0,0
0x9e3ce7,100%,0,14,14,0,0,0,14
0x8bc85d,100%,0,32,32,32,0,0,0
0x9d0644,100%,0,62,62,0,0,0,62
0x54141e,100%,0,40,40,0,0,0,40
0x51b489,100%,0,260,260,0,0,0,260
0x8f4bff,100%,0,176,176,0,0,0,176
0x9f07a5,100%,0,7,7,2,0,0,5
0x63ad14,100%,0,384,384,384,0,0,0
0x50e835,100%,0,14,14,0,0,0,14
0x50e84c,100%,0,14,14,0,0,0,14
0x4c9300,100%,0,16,16,0,0,0,16
0x50e9e9,100%,0,14,14,0,0,0,14
0xa9366a,100%,0,169,169,0,0,0,169
0x4b5f56,100%,0,8,8,0,0,0,8
0x505800,100%,0,93,93,0,0,0,93
0x4936cb,100%,0,128,128,0,0,0,128
0x908335,100%,0,2148,2148,2148,0,0,0
0x504892,100%,0,126,126,0,0,0,126
0xa4b68b,100%,0,20,20,0,0,0,20
0x4c3441,100%,0,23,23,23,0,0,0
0x9bd441,100%,0,12,12,0,0,0,12
0xa69e1d,100%,0,4,4,0,0,0,4
0x54fcbc,100%,0,1,1,0,0,0,1
0x6f54fb,100%,0,40,40,0,0,0,40
0x9eee5e,100%,0,26,26,0,0,0,26
0x5058cf,100%,0,98,98,5,0,0,93
0x94377a,100%,0,75,75,0,0,0,75
0x8db8f2,100%,0,315,315,0,0,0,315
0xa2d42c,100%,0,4,4,0,0,0,4
0xa94749,100%,0,29,29,0,0,0,29
0x50584c,100%,0,81,81,81,0,0,0
0x9e706a,100%,0,7,7,0,0,0,7
0x49d20c,100%,0,1,1,0,0,0,1
0x50a635,100%,0,14,14,0,0,0,14
0x9e3866,100%,0,348,348,0,0,0,348
0xa8a873,100%,0,83,83,0,0,0,83
0x9093b7,100%,0,3712,3712,0,0,0,3712
0x909916,100%,0,1207,1207,1207,0,0,0
0x97703d,100%,0,8,8,0,0,0,8
0x50a56e,100%,0,14,14,14,0,0,0
0xa21b45,100%,0,2,2,0,0,0,2
0x70c193,100%,0,6,6,0,0,0,6
0x808e18,100%,0,2,2,0,0,0,2
0x50a4c2,100%,0,14,14,14,0,0,0
0x4415ae,100%,0,11,11,0,0,0,11
0x67f731,100%,0,106,106,0,0,0,106
0x441bf9,100%,0,11,11,11,0,0,0
0x9fb651,100%,0,246,246,0,0,0,246
0x944eba,100%,0,8,8,0,0,0,8
0x7235cf,100%,0,1446,1446,0,0,0,1446
0x6d0427,100%,0,50,50,50,0,0,0
0x9f0258,100%,0,94,94,0,0,0,94
0x50cbe5,100%,0,19,19,0,0,0,19
0x9fb5d9,100%,0,306,306,0,0,0,306
0x983bbd,100%,0,2,2,2,0,0,0
0x5a89b1,100%,0,2,2,0,0,0,2
0x4bf4c7,100%,0,20,20,0,0,0,20
0x9f7fa6,100%,0,14,14,14,0,0,0
0x4a9b3c,100%,0,3,3,3,0,0,0
0xa64fd7,100%,0,4,4,0,0,0,4
0x9f4fc5,100%,0,169,169,0,0,0,169
0x44160e,100%,0,11,11,0,0,0,11
0x906a06,100%,0,79,79,0,0,0,79
0x9fb73f,100%,0,306,306,0,0,0,306
0x502f9d,100%,0,97,97,97,0,0,0
0x94b03f,100%,0,207,207,207,0,0,0
0x63af09,100%,0,821,821,0,0,0,821
0x94d289,100%,0,207,207,207,0,0,0
0x817cac,100%,0,339,339,0,0,0,339
0x9e86cf,100%,0,32,32,0,0,0,32
0x9f636c,100%,0,3,3,3,0,0,0
0x648574,100%,0,2968,2968,0,0,0,2968
0x980d70,100%,0,47,47,0,0,0,47
0x7c9e22,100%,0,4,4,0,0,0,4
0x4bb81b,100%,0,18,18,0,0,0,18
0x8198fb,100%,0,511,511,0,0,0,511
0xaa81ef,100%,0,5,5,0,0,0,5
0x8dc4f1,100%,0,4,4,4,0,0,0
0xa4501f,100%,0,609,609,0,0,0,609
0x50ca7a,100%,0,20,20,0,0,0,20
0xaa822e,100%,0,5,5,5,0,0,0
0x82243c,100%,0,186,186,0,0,0,186
0x4ae54b,100%,0,2,2,2,0,0,0
0x441c5c,100%,0,11,11,11,0,0,0
0xa46604,100%,0,112,112,0,0,0,112
0x49cb13,100%,0,392,392,0,0,0,392
0x49c88f,100%,0,1,1,0,0,0,1
0x49ca40,100%,0,17,17,17,0,0,0
0x49c8aa,100%,0,164,164,164,0,0,0
0x806927,100%,0,24,24,0,0,0,24
0x80ba21,100%,0,2,2,0,0,0,2
0x901620,100%,0,867,867,0,0,0,867
0xa34f86,100%,0,32,32,0,0,0,32
0x816863,100%,0,226,226,0,0,0,226
0xa584b0,100%,0,10,10,10,0,0,0
0x807774,100%,0,169,169,0,0,0,169
0x50acca,100%,0,9,9,0,0,0,9
0x5f9520,100%,0,9,9,0,0,0,9
0x94a073,100%,0,223,223,223,0,0,0
0x8e4aae,100%,0,44,44,44,0,0,0
0xa9c99b,100%,0,34,34,0,0,0,34
0xa02212,100%,0,27,27,0,0,0,27
0x7899df,100%,0,6,6,0,0,0,6
0x9edce6,100%,0,64,64,0,0,0,64
0x505b31,100%,0,11,11,11,0,0,0
0x759489,100%,0,5,5,0,0,0,5
0x555ef9,100%,0,2,2,0,0,0,2
0xa4979d,100%,0,302,302,0,0,0,302
0x4946a7,100%,0,2,2,2,0,0,0
0x6712e8,100%,0,2,2,0,0,0,2
0x65c32e,100%,0,63,63,63,0,0,0
0xace31e,100%,0,85,85,85,0,0,0
0xa411cc,100%,0,25,25,0,0,0,25
0x53a50f,100%,0,2,2,0,0,0,2
0x63f25f,100%,0,2,2,2,0,0,0
0x50d9f9,100%,0,107,107,0,0,0,107
0x63f298,100%,0,2,2,0,0,0,2
0x9f40c8,100%,0,3,3,0,0,0,3
0x6d9a86,100%,0,8,8,0,0,0,8
0x8051f4,100%,0,2,2,0,0,0,2
0x8ee2ff,100%,0,45,45,0,0,0,45
0x99d361,100%,0,9,9,0,0,0,9
0x48ea3f,100%,0,364,364,0,0,0,364
0x9bd1c6,100%,0,55,55,0,0,0,55
0xa5779b,100%,0,14,14,0,0,0,14
0x507763,100%,0,18,18,18,0,0,0
0x8e7e4d,100%,0,224,224,0,0,0,224
0x50ce44,100%,0,52,52,0,0,0,52
0x50777a,100%,0,8,8,8,0,0,0
0x5077ad,100%,0,18,18,18,0,0,0
0xa4e89d,100%,0,2,2,0,0,0,2
0x5d90d7,100%,0,147,147,0,0,0,147
0x837d51,100%,0,127,127,0,0,0,127
0xa396da,100%,0,14,14,0,0,0,14
0x49292f,100%,0,1,1,0,0,0,1
0x5b27f5,100%,0,2,2,2,0,0,0
0x6d44b9,100%,0,11,11,0,0,0,11
0x976fbc,100%,0,2,2,0,0,0,2
0x480f03,100%,0,19,19,19,0,0,0
0x63bbfb,100%,0,961,961,0,0,0,961
0x80c3d6,100%,0,1,1,0,0,0,1
0xa0794b,100%,0,5,5,5,0,0,0
0x50bede,100%,0,35,35,0,0,0,35
0x5d139e,100%,0,20,20,0,0,0,20
0x81b7a6,100%,0,19,19,0,0,0,19
0x9fe1eb,100%,0,25,25,0,0,0,25
0x723653,100%,0,1446,1446,0,0,0,1446
0x902288,100%,0,2,2,2,0,0,0
0x50d954,100%,0,26,26,0,0,0,26
0x590e15,100%,0,1,1,0,0,0,1
0x8df5c3,100%,0,40,40,0,0,0,40
0x949f6a,100%,0,223,223,0,0,0,223
0x61145a,100%,0,42,42,0,0,0,42
0x63f0e2,100%,0,2,2,2,0,0,0
0x8bd9f2,100%,0,13,13,13,0,0,0
0x9e85b9,100%,0,167,167,167,0,0,0
0xa53a38,100%,0,2,2,0,0,0,2
0x63b53e,100%,0,1306,1306,0,0,0,1306
0x718104,100%,0,1,1,0,0,0,1
0x8dacfb,100%,0,44,44,0,0,0,44
0x5f8a9a,100%,0,8,8,0,0,0,8
0x7d3de0,100%,0,3,3,0,0,0,3
0x5d6c5c,100%,0,3,3,3,0,0,0
0x8f2418,100%,0,16,16,0,0,0,16
0x9fccb0,100%,0,7,7,0,0,0,7
0x7180c6,100%,0,1,1,1,0,0,0
0x50b81a,100%,0,28,28,28,0,0,0
0x7ce568,100%,0,12,12,0,0,0,12
0x5f1371,100%,0,3,3,0,0,0,3
0x6823c2,100%,0,34,34,0,0,0,34
0x64e041,100%,0,351,351,351,0,0,0
0xa39de6,100%,0,1307,1307,0,0,0,1307
0x63bb8f,100%,0,1303,1303,0,0,0,1303
0x95a24d,100%,0,4,4,0,0,0,4
0x8c825a,100%,0,1890,1890,0,0,0,1890
0x4bc302,100%,0,34,34,0,0,0,34
0x8f4cfc,100%,0,2464,2464,0,0,0,2464
0x50276c,100%,0,50,50,0,0,0,50
0xaa7de5,100%,0,47,47,0,0,0,47
0x6ccbd9,100%,0,958,958,0,0,0,958
0x48ee24,100%,0,331,331,0,0,0,331
0xaaa09a,100%,0,27,27,0,0,0,27
0xa18a0b,100%,0,43,43,0,0,0,43
0x54fc66,100%,0,1,1,0,0,0,1
0x4c4d7b,100%,0,11,11,0,0,0,11
0x908673,100%,0,1611,1611,0,0,0,1611
0x80ca78,100%,0,282,282,0,0,0,282
0xa0734f,100%,0,9,9,0,0,0,9
0xa18aef,100%,0,43,43,0,0,0,43
0x81f347,100%,0,1367,1367,0,0,0,1367
0xa2e2a4,100%,0,64,64,0,0,0,64
0x50d351,100%,0,499,499,0,0,0,499
0x81006c,100%,0,432,432,432,0,0,0
0x68a993,100%,0,76,76,0,0,0,76
0x50d6d4,100%,0,499,499,0,0,0,499
0xaa581c,100%,0,996,996,0,0,0,996
0x4a7273,100%,0,389,389,0,0,0,389
0x49ffdc,100%,0,37,37,0,0,0,37
0x638fc4,100%,0,338,338,0,0,0,338
0x53a0be,100%,0,29,29,0,0,0,29
0x8eeb88,100%,0,451,451,0,0,0,451
0x81c679,100%,0,1167,1167,0,0,0,1167
0x8ebc93,100%,0,4,4,0,0,0,4
0x816752,100%,0,68,68,0,0,0,68
0x9c3a6f,100%,0,246,246,0,0,0,246
0x908678,100%,0,1611,1611,0,0,0,1611
0x8a8bc5,100%,0,24,24,0,0,0,24
0x502784,100%,0,793,793,793,0,0,0
0x50d2cc,100%,0,1629,1629,0,0,0,1629
0x8e9630,100%,0,2,2,0,0,0,2
0x81b812,100%,0,12,12,0,0,0,12
0x4048a7,100%,0,29,29,0,0,0,29
0xa0683e,100%,0,2,2,0,0,0,2
0xa91892,100%,0,17,17,17,0,0,0
0x9d1139,100%,0,244,244,0,0,0,244
0xad439f,100%,0,1,1,1,0,0,0
0xb32392,100%,0,969,969,0,0,0,969
0x4bb784,100%,0,86,86,0,0,0,86
0x9d0f32,100%,0,269,269,0,0,0,269
0x8f1606,100%,0,38,38,38,0,0,0
0x5b52ed,100%,0,2,2,0,0,0,2
0x5043b3,100%,0,136,136,0,0,0,136
0x9fe664,100%,0,40,40,40,0,0,0
0x9d0f1c,100%,0,269,269,0,0,0,269
0x50a08f,100%,0,136,136,136,0,0,0
0x97a639,100%,0,36,36,0,0,0,36
0x50ccbf,100%,0,233,233,0,0,0,233
0x80a258,100%,0,4,4,4,0,0,0
0x8e3868,100%,0,48,48,0,0,0,48
0x50cda3,100%,0,321,321,0,0,0,321
0xace132,100%,0,2,2,0,0,0,2
0xaa2cb4,100%,0,226,226,0,0,0,226
0x9d0f07,100%,0,269,269,0,0,0,269
0x5f4e33,100%,0,2,2,0,0,0,2
0x50d2db,100%,0,298,298,0,0,0,298
0xa3d6ad,100%,0,8,8,8,0,0,0
0xb2eb4a,100%,0,7681,7681,0,0,0,7681
0x48716c,100%,0,2,2,2,0,0,0
0xb2ee47,100%,0,53,53,0,0,0,53
0x40b038,100%,0,2,2,0,0,0,2
0xa5859c,100%,0,119,119,0,0,0,119
0xa34781,100%,0,394,394,394,0,0,0
0x90d4ae,100%,0,302,302,0,0,0,302
0x509d9c,100%,0,491,491,0,0,0,491
0x509d06,100%,0,1114,1114,0,0,0,1114
0x944774,100%,0,222,222,222,0,0,0
0x50d98b,100%,0,396,396,0,0,0,396
0x672338,100%,0,2,2,2,0,0,0
0x50650d,100%,0,164,164,164,0,0,0
0x4a5df5,100%,0,52,52,0,0,0,52
0x40db69,100%,0,8343,8343,8343,0,0,0
0x8dc554,100%,0,4,4,0,0,0,4
0xa41520,100%,0,25,25,0,0,0,25
0x67f33b,100%,0,126,126,0,0,0,126
0xa21e49,100%,0,2,2,1,0,0,1
0x7ce82c,100%,0,32,32,32,0,0,0
0x919f87,100%,0,961,961,0,0,0,961
0x9d1bf7,100%,0,17,17,0,0,0,17
0x506fcb,100%,0,740,740,0,0,0,740
0x67f2d1,100%,0,260,260,260,0,0,0
0xa583db,100%,0,123,123,0,0,0,123
0x4419e3,100%,0,11,11,0,0,0,11
0x718093,100%,0,1,1,0,0,0,1
0x63ee06,100%,0,1857,1857,0,0,0,1857
0x6ed743,100%,0,1,1,0,0,0,1
0xa06ab1,100%,0,2,2,0,0,0,2
0x67978b,100%,0,6,6,0,0,0,6
0x6a3a6b,100%,0,26,26,0,0,0,26
0x6a3a96,100%,0,26,26,0,0,0,26
0x49beb4,100%,0,2,2,2,0,0,0
0x5051fd,100%,0,740,740,0,0,0,740
0x501393,100%,0,409,409,0,0,0,409
0x67cbe5,100%,0,52,52,0,0,0,52
0x8434c7,100%,0,4,4,0,0,0,4
0xa64d11,100%,0,4,4,4,0,0,0
0x6a3aa7,100%,0,26,26,26,0,0,0
0x6f44fb,100%,0,28,28,0,0,0,28
0x4913bd,100%,0,161,161,0,0,0,161
0x6d04e3,100%,0,50,50,0,0,0,50
0xa7b408,100%,0,1,1,0,0,0,1
0xa43058,100%,0,4,4,0,0,0,4
0x903315,100%,0,12,12,0,0,0,12
0xa0a557,100%,0,8,8,0,0,0,8
0xa0a5b0,100%,0,2,2,0,0,0,2
0x908d82,100%,0,554,554,0,0,0,554
0x81befb,100%,0,32,32,0,0,0,32
0x8aacf6,100%,0,22,22,22,0,0,0
0x80512e,100%,0,2,2,0,0,0,2
0x7a11fb,100%,0,29,29,0,0,0,29
0x509170,100%,0,136,136,0,0,0,136
0x63ece3,100%,0,731,731,0,0,0,731
0xa0a5e7,100%,0,4,4,0,0,0,4
0x640288,100%,0,2342,2342,0,0,0,2342
0xa0a5ed,100%,0,4,4,0,0,0,4
0x507c51,100%,0,438,438,0,0,0,438
0x63906a,100%,0,325,325,0,0,0,325
0x8f3044,100%,0,17,17,0,0,0,17
0x5937c6,100%,0,19,19,0,0,0,19
0x901038,100%,0,37,37,0,0,0,37
0x8dec67,100%,0,6,6,0,0,0,6
0xa723d9,100%,0,4,4,0,0,0,4
0xa3da0a,100%,0,8,8,8,0,0,0
0xa0a532,100%,0,2,2,0,0,0,2
0x67062c,100%,0,41,41,0,0,0,41
0x9f4865,100%,0,4,4,0,0,0,4
0xa0a52c,100%,0,2,2,0,0,0,2
0x6083ad,100%,0,126,126,126,0,0,0
0x5037b2,100%,0,302,302,0,0,0,302
0x819984,100%,0,316,316,0,0,0,316
0x9e5fb6,100%,0,18,18,18,0,0,0
0xa520e8,100%,0,11,11,0,0,0,11
0x504300,100%,0,731,731,731,0,0,0
0x508f68,100%,0,740,740,0,0,0,740
0x50e3e9,100%,0,49,49,49,0,0,0
0x78bfef,100%,0,2,2,0,0,0,2
0x911b75,100%,0,90,90,0,0,0,90
0x820dd8,100%,0,244,244,0,0,0,244
0x7cf701,100%,0,14,14,0,0,0,14
0x820e70,100%,0,244,244,0,0,0,244
0x90fcbd,100%,0,280,280,280,0,0,0
0x50e39c,100%,0,97,97,0,0,0,97
0x50e3d7,100%,0,53,53,0,0,0,53
0xaabd28,100%,0,4,4,4,0,0,0
0x9e3fbd,100%,0,87,87,0,0,0,87
0x403e2e,100%,0,12,12,0,0,0,12
0x50e7cd,100%,0,43,43,0,0,0,43
0x40a4c9,100%,0,2,2,2,0,0,0
0x900fb4,100%,0,37,37,0,0,0,37
0x90d472,100%,0,302,302,302,0,0,0
0xa392b9,100%,0,14,14,0,0,0,14
0x908eac,100%,0,307,307,140,0,0,167
0x918c5e,100%,0,200,200,0,0,0,200
0x6ccfdd,100%,0,6,6,0,0,0,6
0x6ccfcb,100%,0,6,6,0,0,0,6
0x6ccfbc,100%,0,6,6,0,0,0,6
0x5b0ee9,100%,0,59,59,0,0,0,59
0x6ccfab,100%,0,6,6,0,0,0,6
0x806677,100%,0,4,4,0,0,0,4
0x6cce8d,100%,0,6,6,6,0,0,0
0x8dec87,100%,0,6,6,0,0,0,6
0x41018e,100%,0,5636,5636,0,0,0,5636
0x6823b3,100%,0,34,34,0,0,0,34
0x682380,100%,0,34,34,0,0,0,34
0x9f38bd,100%,0,4,4,0,0,0,4
0x682371,100%,0,34,34,0,0,0,34
0x682360,100%,0,34,34,0,0,0,34
0x8e0219,100%,0,4,4,0,0,0,4
0x606f1a,100%,0,10,10,0,0,0,10
0x50b36b,100%,0,40,40,40,0,0,0
0x50d6fc,100%,0,139,139,0,0,0,139
0x50d74c,100%,0,58,58,58,0,0,0
0x649e64,100%,0,2,2,2,0,0,0
0x8d4338,100%,0,2,2,2,0,0,0
0x9fb5e3,100%,0,306,306,0,0,0,306
0x50d8c5,100%,0,17,17,0,0,0,17
0x901aa4,100%,0,252,252,0,0,0,252
0x697967,100%,0,56,56,0,0,0,56
0x7ce798,100%,0,36,36,0,0,0,36
0x83a9f9,100%,0,4,4,0,0,0,4
0xa282ff,100%,0,10,10,10,0,0,0
0x50a9c2,100%,0,36,36,0,0,0,36
0x50a9f1,100%,0,36,36,0,0,0,36
0x606ede,100%,0,3,3,0,0,0,3
0x50acd6,100%,0,12,12,0,0,0,12
0x6ccfec,100%,0,6,6,0,0,0,6
0x9f66d5,100%,0,153,153,0,0,0,153
0x50b118,100%,0,40,40,0,0,0,40
0x95a909,100%,0,4,4,0,0,0,4
0x4a65d6,100%,0,3,3,0,0,0,3
0x618555,100%,0,2,2,0,0,0,2
0xa3a166,100%,0,724,724,724,0,0,0
0x672484,100%,0,1,1,1,0,0,0
0x50aef6,100%,0,6,6,0,0,0,6
0xa355c3,100%,0,302,302,0,0,0,302
0x503d6d,100%,0,46,46,46,0,0,0
0xa3940c,100%,0,28,28,0,0,0,28
0x503d27,100%,0,52,52,52,0,0,0
0x90ed05,100%,0,650,650,0,0,0,650
0x4b5f41,100%,0,4,4,0,0,0,4
0x90d386,100%,0,599,599,0,0,0,599
0x81b476,100%,0,6,6,0,0,0,6
0x97826a,100%,0,19,19,0,0,0,19
0x8f4022,100%,0,61,61,0,0,0,61
0x81e9ca,100%,0,76,76,0,0,0,76
0xa325a4,100%,0,4,4,0,0,0,4
0xa18b47,100%,0,20,20,0,0,0,20
0x816a84,100%,0,13,13,13,0,0,0
0x50a77a,100%,0,51,51,51,0,0,0
0x4c2094,100%,0,159,159,0,0,0,159
0x7ac790,100%,0,12,12,0,0,0,12
0x9e7ea1,100%,0,4,4,4,0,0,0
0x80b980,100%,0,2,2,0,0,0,2
0xa4a1c7,100%,0,63,63,0,0,0,63
0x8a5a59,100%,0,2,2,0,0,0,2
0xa90077,100%,0,372,372,0,0,0,372
0x50a81f,100%,0,51,51,0,0,0,51
0x81fb92,100%,0,323,323,0,0,0,323
0x722d69,100%,0,310,310,0,0,0,310
0x50cf09,100%,0,233,233,0,0,0,233
0x4a63db,100%,0,2,2,0,0,0,2
0x99e2d2,100%,0,13,13,13,0,0,0
0x95b88f,100%,0,4,4,0,0,0,4
0x8dc583,100%,0,4,4,4,0,0,0
0xa287d5,100%,0,16,16,0,0,0,16
0x9ee018,100%,0,165,165,0,0,0,165
0x48f4e1,100%,0,3,3,0,0,0,3
0x81e0d8,100%,0,215,215,0,0,0,215
0x808343,100%,0,4,4,0,0,0,4
0x501b84,100%,0,778,778,0,0,0,778
0x55587f,100%,0,4,4,0,0,0,4
0x998913,100%,0,1,1,0,0,0,1
0x5f54ba,100%,0,2,2,0,0,0,2
0x820a75,100%,0,8,8,0,0,0,8
0x6cd01f,100%,0,6,6,6,0,0,0
0x9d0385,100%,0,151,151,151,0,0,0
0x815250,100%,0,6,6,0,0,0,6
0xa06e25,100%,0,38,38,0,0,0,38
0x5071b3,100%,0,136,136,136,0,0,0
0x9d123a,100%,0,120,120,0,0,0,120
0x9f80f4,100%,0,1,1,1,0,0,0
0x819186,100%,0,776,776,0,0,0,776
0x722e4b,100%,0,22,22,0,0,0,22
0x9f12c1,100%,0,10,10,10,0,0,0
0xa0a64d,100%,0,6,6,0,0,0,6
0x94ee6f,100%,0,30,30,30,0,0,0
0x946172,100%,0,19,19,0,0,0,19
0xa1b586,100%,0,8,8,0,0,0,8
0xa96281,100%,0,4,4,0,0,0,4
0x5072f4,100%,0,136,136,136,0,0,0
0x6cd00d,100%,0,6,6,0,0,0,6
0x63fe68,100%,0,961,961,961,0,0,0
0x8378ff,100%,0,5,5,0,0,0,5
0x9d11ba,100%,0,120,120,0,0,0,120
0x944a86,100%,0,70,70,70,0,0,0
0x9e57aa,100%,0,39,39,39,0,0,0
0x9d2f2a,100%,0,61,61,0,0,0,61
0x90ae61,100%,0,119,119,0,0,0,119
0x8bd7f8,100%,0,20,20,0,0,0,20
0x5b15e2,100%,0,10,10,0,0,0,10
0x50ad09,100%,0,111,111,0,0,0,111
0x80a610,100%,0,2,2,0,0,0,2
0xb6a10d,100%,0,5,5,0,0,0,5
0x68a9b3,100%,0,1,1,0,0,0,1
0x90ae9c,100%,0,119,119,0,0,0,119
0x9082c9,100%,0,684,684,0,0,0,684
0x8ecc2d,100%,0,1,1,0,0,0,1
0x4c297c,100%,0,1,1,0,0,0,1
0x4b8f13,100%,0,4,4,0,0,0,4
0x8d2665,100%,0,8339,8339,0,0,0,8339
0x48de0e,100%,0,151,151,0,0,0,151
0x6196cb,100%,0,75,75,0,0,0,75
0x5fff99,100%,0,836,836,0,0,0,836
0x8217e3,100%,0,584,584,0,0,0,584
0xa4e5a2,100%,0,38,38,0,0,0,38
0x506a6e,100%,0,53,53,0,0,0,53
0x901ca5,100%,0,234,234,0,0,0,234
0x8fc4c0,100%,0,1,1,0,0,0,1
0x678c8c,100%,0,1794,1794,0,0,0,1794
0x80a210,100%,0,4,4,0,0,0,4
0x679a88,100%,0,61,61,0,0,0,61
0x670fd8,100%,0,2,2,0,0,0,2
0x8ee646,100%,0,42,42,0,0,0,42
0x9eb6cd,100%,0,72,72,0,0,0,72
0x4103e7,100%,0,2,2,2,0,0,0
0x7c7ab6,100%,0,24,24,0,0,0,24
0x507817,100%,0,18,18,18,0,0,0
0xa9f06e,100%,0,2,2,0,0,0,2
0xa59fbf,100%,0,7,7,0,0,0,7
0xa4d86a,100%,0,121,121,0,0,0,121
0x5f9e19,100%,0,6,6,0,0,0,6
0x5f9e33,100%,0,6,6,0,0,0,6
0x59c8c9,100%,0,59,59,0,0,0,59
0x5baa65,100%,0,397,397,0,0,0,397
0x409d42,100%,0,13,13,0,0,0,13
0x837f9a,100%,0,4,4,4,0,0,0
0x8ee4bd,100%,0,42,42,0,0,0,42
0x6708a7,100%,0,6,6,6,0,0,0
0x80eaac,100%,0,526,526,0,0,0,526
0x5fa31d,100%,0,796,796,0,0,0,796
0x789f0c,100%,0,8,8,0,0,0,8
0x4c4c8f,100%,0,15,15,0,0,0,15
0x998933,100%,0,1,1,0,0,0,1
0x909b38,100%,0,5568,5568,0,0,0,5568
0xa2e8d9,100%,0,53,53,0,0,0,53
0x81691c,100%,0,59,59,0,0,0,59
0x7c74f8,100%,0,16,16,0,0,0,16
0x5fa657,100%,0,6,6,6,0,0,0
0x980eba,100%,0,74,74,0,0,0,74
0x5ff54a,100%,0,8,8,0,0,0,8
0x80a408,100%,0,2,2,0,0,0,2
0x8168b8,100%,0,21,21,0,0,0,21
0x9abb0f,100%,0,1098,1098,0,0,0,1098
0x4a203b,100%,0,4,4,0,0,0,4
0x5dd931,100%,0,133,133,0,0,0,133
0x50f0e9,100%,0,88,88,0,0,0,88
0x9052c0,100%,0,137,137,0,0,0,137
0x4bacc2,100%,0,218,218,0,0,0,218
0x502ce4,100%,0,19,19,0,0,0,19
0x97ba8e,100%,0,12,12,0,0,0,12
0x99e5b7,100%,0,13,13,0,0,0,13
0x81c7f2,100%,0,177,177,0,0,0,177
0x8f3054,100%,0,17,17,0,0,0,17
0xa50da1,100%,0,4,4,0,0,0,4
0xa544db,100%,0,112,112,0,0,0,112
0x943a47,100%,0,4,4,0,0,0,4
0x4824fb,100%,0,9,9,9,0,0,0
0xa5c25e,100%,0,2,2,0,0,0,2
0xa41597,100%,0,8,8,0,0,0,8
0x65a11e,100%,0,1463,1463,0,0,0,1463
0x8ed07c,100%,0,194,194,0,0,0,194
0x5c6b55,100%,0,1586,1586,0,0,0,1586
0xa2f3d6,100%,0,2,2,0,0,0,2
0x5fe294,100%,0,220,220,220,0,0,0
0x9a3a80,100%,0,2,2,0,0,0,2
0x441937,100%,0,11,11,0,0,0,11
0x81f431,100%,0,4,4,0,0,0,4
0x5416f9,100%,0,8,8,0,0,0,8
0x4bc1d9,100%,0,56,56,56,0,0,0
0xa4ce1e,100%,0,4,4,0,0,0,4
0x540f3a,100%,0,8,8,0,0,0,8
0x5f0b92,100%,0,2,2,0,0,0,2
0xa48875,100%,0,178,178,0,0,0,178
0x9a89c9,100%,0,269,269,0,0,0,269
0x538526,100%,0,2,2,1,0,0,1
0x5f9659,100%,0,8,8,0,0,0,8
0x5f9661,100%,0,8,8,8,0,0,0
0x8ee99b,100%,0,3,3,0,0,0,3
0x80a3a9,100%,0,4,4,0,0,0,4
0x5f7f10,100%,0,8,8,8,0,0,0
0xab32db,100%,0,20,20,0,0,0,20
0x90218b,100%,0,203,203,0,0,0,203
0x64ac67,100%,0,8,8,0,0,0,8
0xa4cd8f,100%,0,4,4,0,0,0,4
0x8045d2,100%,0,17,17,0,0,0,17
0xa42ecc,100%,0,4,4,0,0,0,4
0xa4cd19,100%,0,4,4,4,0,0,0
0xb31bd3,100%,0,21615,21615,0,0,0,21615
0x5547c4,100%,0,1154,1154,0,0,0,1154
0xa4ccbb,100%,0,4,4,0,0,0,4
0x8f5024,100%,0,9,9,0,0,0,9
0x81fcda,100%,0,14,14,0,0,0,14
0x9ec491,100%,0,5,5,0,0,0,5
0x554f98,100%,0,55,55,0,0,0,55
0xa57306,100%,0,41,41,0,0,0,41
0xa4704d,100%,0,22,22,22,0,0,0
0x9d098e,100%,0,51,51,0,0,0,51
0x40a155,100%,0,11,11,0,0,0,11
0x81904b,100%,0,34,34,0,0,0,34
0xa4cfb1,100%,0,8,8,0,0,0,8
0xa46916,100%,0,16,16,0,0,0,16
0xb147f8,100%,0,4258,4258,0,0,0,4258
0xa067e7,100%,0,2,2,0,0,0,2
0x593229,100%,0,14,14,0,0,0,14
0x80f963,100%,0,2,2,2,0,0,0
0xaa8059,100%,0,529,529,0,0,0,529
0x58cd42,100%,0,165,165,0,0,0,165
0x5f7a8d,100%,0,1,1,0,0,0,1
0x40a138,100%,0,13,13,2,0,0,11
0x9d1b48,100%,0,6,6,0,0,0,6
0x5f7a97,100%,0,1,1,1,0,0,0
0xa051cd,100%,0,7,7,0,0,0,7
0x49cf1f,100%,0,1,1,0,0,0,1
0xa99975,100%,0,1,1,0,0,0,1
0xa958f1,100%,0,4,4,0,0,0,4
0x8ee1e2,100%,0,241,241,0,0,0,241
0x5f919b,100%,0,9,9,0,0,0,9
0x5cb0c5,100%,0,886,886,0,0,0,886
0x5f7fd5,100%,0,7,7,0,0,0,7
0xa52bfd,100%,0,212,212,0,0,0,212
0xa48694,100%,0,4,4,4,0,0,0
0x502fd4,100%,0,97,97,97,0,0,0
0x5915f9,100%,0,3,3,0,0,0,3
0x4bdfec,100%,0,2,2,2,0,0,0
0x7d4224,100%,0,1,1,0,0,0,1
0x9021ed,100%,0,117,117,0,0,0,117
0x80a647,100%,0,210,210,0,0,0,210
0x8ee708,100%,0,371,371,0,0,0,371
0x8dd0d9,100%,0,4,4,0,0,0,4
0x9e220a,100%,0,98,98,98,0,0,0
0xa53a22,100%,0,2,2,0,0,0,2
0x5fdc78,100%,0,1,1,0,0,0,1
0x5fdcf2,100%,0,1,1,1,0,0,0
0x94e8f1,100%,0,30,30,30,0,0,0
0x5fdd9c,100%,0,1,1,1,0,0,0
0x809e07,100%,0,561,561,0,0,0,561
0x490489,100%,0,3,3,0,0,0,3
0xa4e8ac,100%,0,2,2,0,0,0,2
0x5fac1d,100%,0,1,1,1,0,0,0
0x405215,100%,0,132,132,0,0,0,132
0x814e69,100%,0,2,2,0,0,0,2
0x441857,100%,0,11,11,0,0,0,11
0x59f9f5,100%,0,2,2,0,0,0,2
0x8ebba4,100%,0,487,487,0,0,0,487
0x8fd297,100%,0,2,2,2,0,0,0
0x8e4b4a,100%,0,178,178,0,0,0,178
0xaa57e6,100%,0,2,2,0,0,0,2
0x838bca,100%,0,2,2,2,0,0,0
0x9ea61d,100%,0,125,125,0,0,0,125
0x98cd13,100%,0,1630,1630,0,0,0,1630
0x97112a,100%,0,5,5,0,0,0,5
0x490493,100%,0,3,3,3,0,0,0
0x8bba44,100%,0,13,13,0,0,0,13
0x972c90,100%,0,28,28,0,0,0,28
0x81588a,100%,0,18,18,9,0,0,9
0x981366,100%,0,62,62,0,0,0,62
0x8e5edf,100%,0,32,32,0,0,0,32
0xa2cc24,100%,0,463,463,0,0,0,463
0xa4d4c8,100%,0,67,67,67,0,0,0
0x4c6508,100%,0,28,28,0,0,0,28
0x78e8e0,100%,0,56,56,56,0,0,0
0x5fdc5f,100%,0,1,1,0,0,0,1
0x97514d,100%,0,19,19,0,0,0,19
0x8102be,100%,0,798,798,798,0,0,0
0xa5d0db,100%,0,165,165,165,0,0,0
0x4c7f99,100%,0,7,7,7,0,0,0
0x4aae2a,100%,0,40,40,40,0,0,0
0x8f34f4,100%,0,12,12,0,0,0,12
0x5fb4b9,100%,0,2,2,2,0,0,0
0x8f4969,100%,0,16,16,16,0,0,0
0x7dfa72,100%,0,2,2,0,0,0,2
0xa51f63,100%,0,4,4,2,0,0,2
0x5f4f2d,100%,0,1,1,1,0,0,0
0x48736e,100%,0,2,2,0,0,0,2
0x9a0ae9,100%,0,28,28,0,0,0,28
0x8a467b,100%,0,635,635,635,0,0,0
0xa3eef7,100%,0,8,8,0,0,0,8
0xa5768b,100%,0,14,14,5,0,0,9
0x788dbb,100%,0,9,9,9,0,0,0
0x63b56a,100%,0,1306,1306,0,0,0,1306
0x9012b5,100%,0,1,1,0,0,0,1
0x5fdc2b,100%,0,1,1,1,0,0,0
0x97319f,100%,0,610,610,0,0,0,610
0xa5b4bb,100%,0,12,12,0,0,0,12
0x5fb183,100%,0,33,33,0,0,0,33
0x8df32f,100%,0,8,8,0,0,0,8
0x4a97cc,100%,0,4,4,4,0,0,0
0x9117ac,100%,0,31,31,31,0,0,0
0xb46954,100%,0,1,1,0,0,0,1
0x488c15,100%,0,310,310,0,0,0,310
0xa1d7e9,100%,0,2,2,2,0,0,0
0x9f83db,100%,0,2,2,0,0,0,2
0xa34089,100%,0,94,94,0,0,0,94
0x819d8a,100%,0,327,327,0,0,0,327
0xa37cb4,100%,0,5,5,0,0,0,5
0x409d1b,100%,0,82,82,0,0,0,82
0x6ebfb0,100%,0,1,1,0,0,0,1
0x4c1058,100%,0,24,24,0,0,0,24
0x9a483b,100%,0,8,8,0,0,0,8
0x9ff6f2,100%,0,22,22,0,0,0,22
0x48d1f1,100%,0,6,6,6,0,0,0
0x906b28,100%,0,358,358,0,0,0,358
0xa54976,100%,0,340,340,340,0,0,0
0x815ff2,100%,0,9,9,0,0,0,9
0x815fd2,100%,0,9,9,0,0,0,9
0x5481fa,100%,0,6829,6829,0,0,0,6829
0x781070,100%,0,7,7,7,0,0,0
0x8efa02,100%,0,451,451,0,0,0,451
0x7be0a2,100%,0,4,4,0,0,0,4
0x783c69,100%,0,156,156,156,0,0,0
0x8e392a,100%,0,48,48,0,0,0,48
0x40bc6a,100%,0,103,103,0,0,0,103
0x5ffe94,100%,0,836,836,0,0,0,836
0x78151c,100%,0,677,677,0,0,0,677
0x409d01,100%,0,91,91,0,0,0,91
0x816009,100%,0,9,9,0,0,0,9
0xa4d59f,100%,0,160,160,0,0,0,160
0x9a8b8e,100%,0,62,62,0,0,0,62
0x5e4657,100%,0,1509,1509,0,0,0,1509
0x8161b5,100%,0,2,2,0,0,0,2
0x98f952,100%,0,257,257,257,0,0,0
0xa4f72d,100%,0,38,38,38,0,0,0
0xa01847,100%,0,4,4,0,0,0,4
0x9f5a9b,100%,0,80,80,0,0,0,80
0x822286,100%,0,273,273,0,0,0,273
0x5ff98e,100%,0,184,184,0,0,0,184
0x8fcbb4,100%,0,1347,1347,0,0,0,1347
0xa4f81f,100%,0,2,2,0,0,0,2
0x65a34b,100%,0,2631,2631,0,0,0,2631
0x9f5aa4,100%,0,80,80,0,0,0,80
0x9edd06,100%,0,64,64,0,0,0,64
0x8f5bbe,100%,0,9,9,0,0,0,9
0x409a66,100%,0,157,157,0,0,0,157
0x99e92e,100%,0,55,55,0,0,0,55
0xa5469c,100%,0,102,102,0,0,0,102
0x5ec586,100%,0,40,40,0,0,0,40
0x8ef063,100%,0,84,84,0,0,0,84
0x8eb09b,100%,0,6,6,0,0,0,6
0x9f4768,100%,0,8,8,8,0,0,0
0x48ba39,100%,0,86,86,0,0,0,86
0x80f336,100%,0,4,4,4,0,0,0
0xa3481c,100%,0,1298,1298,0,0,0,1298
0x804757,100%,0,2,2,0,0,0,2
0x5faad7,100%,0,1,1,0,0,0,1
0xa4d345,100%,0,36,36,0,0,0,36
0x811b64,100%,0,204,204,0,0,0,204
0x4b5f0c,100%,0,4,4,0,0,0,4
0x53583c,100%,0,20,20,20,0,0,0
0x63f335,100%,0,2,2,0,0,0,2
0x803d40,100%,0,2,2,0,0,0,2
0xa920ec,100%,0,4,4,0,0,0,4
0x5faa96,100%,0,1,1,1,0,0,0
0x8bd875,100%,0,3,3,0,0,0,3
0xa4eda8,100%,0,162,162,0,0,0,162
0x8e9e83,100%,0,4,4,0,0,0,4
0xa2ecc5,100%,0,22,22,22,0,0,0
0x4a79d6,100%,0,37,37,37,0,0,0
0x5fa92c,100%,0,30,30,0,0,0,30
0x5fa91b,100%,0,165,165,0,0,0,165
0xa53e7b,100%,0,164,164,0,0,0,164
0x9ec45a,100%,0,3,3,3,0,0,0
0x4c5eef,100%,0,41,41,0,0,0,41
0x8eefe1,100%,0,84,84,84,0,0,0
0x5920ba,100%,0,4,4,0,0,0,4
0xa9f37a,100%,0,3,3,3,0,0,0
0x487ed8,100%,0,14,14,0,0,0,14
0x50167f,100%,0,106,106,106,0,0,0
0x4a6f17,100%,0,511,511,511,0,0,0
0x5ff4d1,100%,0,4,4,0,0,0,4
0x505fee,100%,0,30,30,30,0,0,0
0x550954,100%,0,72,72,0,0,0,72
0x504271,100%,0,3,3,0,0,0,3
0x50b496,100%,0,4,4,4,0,0,0
0x504277,100%,0,3,3,0,0,0,3
0x8fe52f,100%,0,5522,5522,0,0,0,5522
0x90ab92,100%,0,27,27,0,0,0,27
0x8ee779,100%,0,170,170,0,0,0,170
0x60c67d,100%,0,3,3,3,0,0,0
0xa482d0,100%,0,8,8,0,0,0,8
0x60c718,100%,0,7,7,0,0,0,7
0xa53cb4,100%,0,2,2,0,0,0,2
0x9fe837,100%,0,3,3,0,0,0,3
0xab3695,100%,0,18,18,0,0,0,18
0xab369d,100%,0,18,18,0,0,0,18
0xab36a3,100%,0,18,18,0,0,0,18
0x6f4591,100%,0,10,10,0,0,0,10
0x40bd16,100%,0,4,4,4,0,0,0
0x8f1ba9,100%,0,134,134,0,0,0,134
0x5cb11d,100%,0,3,3,3,0,0,0
0x60c729,100%,0,7,7,7,0,0,0
0x6823a1,100%,0,34,34,0,0,0,34
0x503edf,100%,0,9,9,9,0,0,0
0xaad2ae,100%,0,3,3,0,0,0,3
0xaad2c4,100%,0,3,3,3,0,0,0
0x48bc13,100%,0,1,1,0,0,0,1
0x8ec547,100%,0,2,2,0,0,0,2
0x9e2d81,100%,0,16,16,0,0,0,16
0x6498c0,100%,0,2,2,2,0,0,0
0x4bb91a,100%,0,56,56,0,0,0,56
0x944a5c,100%,0,70,70,70,0,0,0
0x40ace2,100%,0,5,5,5,0,0,0
0x5b605e,100%,0,1,1,0,0,0,1
0x80aeab,100%,0,33,33,0,0,0,33
0xb2e771,100%,0,1239,1239,0,0,0,1239
0x53ec3a,100%,0,4,4,4,0,0,0
0x8a63b3,100%,0,136,136,0,0,0,136
0x9fcf09,100%,0,25,25,0,0,0,25
0xad7fc2,100%,0,928,928,0,0,0,928
0xa4e040,100%,0,2,2,2,0,0,0
0x4bd1fe,100%,0,2,2,0,0,0,2
0x53f036,100%,0,183,183,0,0,0,183
0x9e71db,100%,0,2,2,2,0,0,0
0x81b7ab,100%,0,19,19,0,0,0,19
0xa95fc5,100%,0,8,8,0,0,0,8
0xa4c71d,100%,0,4,4,0,0,0,4
0x7b8b94,100%,0,1,1,0,0,0,1
0x543996,100%,0,13,13,0,0,0,13
0x808a6e,100%,0,9,9,0,0,0,9
0x9fe177,100%,0,25,25,0,0,0,25
0x9fe10f,100%,0,25,25,0,0,0,25
0x49e74e,100%,0,4878,4878,0,0,0,4878
0x9fc91b,100%,0,7,7,0,0,0,7
0x558de5,100%,0,22,22,0,0,0,22
0xa5c493,100%,0,50,50,0,0,0,50
0x69768f,100%,0,28,28,0,0,0,28
0x9fb6f4,100%,0,7,7,0,0,0,7
0xa2f21c,100%,0,1,1,0,0,0,1
0x5ef750,100%,0,1,1,0,0,0,1
0x98d079,100%,0,7,7,0,0,0,7
0x9fb3ad,100%,0,3,3,3,0,0,0
0x5feb9d,100%,0,9,9,0,0,0,9
0x787f44,100%,0,50,50,50,0,0,0
0x7c6396,100%,0,150,150,0,0,0,150
0x506f1e,100%,0,20,20,0,0,0,20
0x9fe567,100%,0,134,134,0,0,0,134
0x7cf816,100%,0,8,8,8,0,0,0
0xa17fd3,100%,0,600,600,0,0,0,600
0xb499dc,100%,0,3,3,0,0,0,3
0xb306e4,100%,0,5,5,5,0,0,0
0x9f4bb1,100%,0,4,4,0,0,0,4
0x507f35,100%,0,5,5,0,0,0,5
0x50c696,100%,0,10,10,0,0,0,10
0x50b152,100%,0,4,4,0,0,0,4
0x50b20b,100%,0,4,4,0,0,0,4
0x8c90be,100%,0,2,2,0,0,0,2
0xa51c7e,100%,0,38,38,0,0,0,38
0x9fb26f,100%,0,41,41,0,0,0,41
0xa41b18,100%,0,267,267,0,0,0,267
0xa91c47,100%,0,101,101,0,0,0,101
0x63fa31,100%,0,961,961,961,0,0,0
0x4ab170,100%,0,6,6,0,0,0,6
0x50e4ce,100%,0,14,14,4,0,0,10
0x4c711e,100%,0,18,18,0,0,0,18
0x9fe3f5,100%,0,131,131,0,0,0,131
0x554daa,100%,0,289,289,289,0,0,0
0x9fe382,100%,0,134,134,0,0,0,134
0xa91b6b,100%,0,137,137,137,0,0,0
0x96e95c,100%,0,1,1,0,0,0,1
0xa4eec3,100%,0,22,22,0,0,0,22
0x811552,100%,0,2,2,0,0,0,2
0x9485ce,100%,0,1442,1442,0,0,0,1442
0x9fe254,100%,0,175,175,0,0,0,175
0x8e1262,100%,0,16,16,0,0,0,16
0x8e5a24,100%,0,208,208,0,0,0,208
0x5d093e,100%,0,18,18,0,0,0,18
0x803df8,100%,0,18,18,0,0,0,18
0x9fe6cf,100%,0,40,40,0,0,0,40
0x4b7a03,100%,0,11,11,11,0,0,0
0x50b41e,100%,0,4,4,4,0,0,0
0x5c56de,100%,0,83,83,0,0,0,83
0x67b325,100%,0,2757,2757,0,0,0,2757
0x64baf7,100%,0,1392,1392,1392,0,0,0
0x80c414,100%,0,18,18,0,0,0,18
0x50b4b8,100%,0,4,4,4,0,0,0
0xa4e8f5,100%,0,160,160,0,0,0,160
0x4c97c7,100%,0,7,7,7,0,0,0
0xa51fc6,100%,0,2,2,0,0,0,2
0x639ae6,100%,0,200,200,0,0,0,200
0x4bfc92,100%,0,16,16,0,0,0,16
0x591c0a,100%,0,2,2,1,0,0,1
0x9fcb09,100%,0,25,25,0,0,0,25
0x8e8d9f,100%,0,267,267,0,0,0,267
0x8f39e8,100%,0,174,174,0,0,0,174
0x4821a9,100%,0,19,19,0,0,0,19
0x90d0c7,100%,0,599,599,0,0,0,599
0x555d3c,100%,0,38,38,0,0,0,38
0x9fe5ed,100%,0,44,44,0,0,0,44
0x81f6e2,100%,0,1611,1611,1611,0,0,0
0x4aaec4,100%,0,11,11,0,0,0,11
0x4c4e66,100%,0,17,17,17,0,0,0
0x95b342,100%,0,4,4,0,0,0,4
0x50b2dd,100%,0,4,4,0,0,0,4
0x9fe4aa,100%,0,3,3,0,0,0,3
0x49521b,100%,0,1,1,0,0,0,1
0x590df8,100%,0,1,1,0,0,0,1
0x50b252,100%,0,4,4,0,0,0,4
0x5f759a,100%,0,129,129,129,0,0,0
0x5e3904,100%,0,3,3,0,0,0,3
0x99e115,100%,0,15,15,0,0,0,15
0x4ba04e,100%,0,24,24,0,0,0,24
0xa1bb7c,100%,0,15,15,15,0,0,0
0x5e39e4,100%,0,3,3,3,0,0,0
0x5e3ad7,100%,0,3,3,0,0,0,3
0x541c29,100%,0,34,34,0,0,0,34
0x5f757a,100%,0,129,129,129,0,0,0
0x4b3922,100%,0,4,4,4,0,0,0
0xa418d1,100%,0,9,9,0,0,0,9
0x6797c1,100%,0,6,6,0,0,0,6
0x50ca61,100%,0,20,20,0,0,0,20
0x546286,100%,0,350,350,0,0,0,350
0x5f7aa0,100%,0,206,206,0,0,0,206
0x88dfe5,100%,0,6,6,0,0,0,6
0x918f15,100%,0,200,200,0,0,0,200
0x9e063f,100%,0,58,58,58,0,0,0
0x67200a,100%,0,2,2,2,0,0,0
0x8ed906,100%,0,189,189,0,0,0,189
0x6497b6,100%,0,2,2,0,0,0,2
0x40eaa6,100%,0,4,4,4,0,0,0
0x973842,100%,0,40,40,0,0,0,40
0x59c90e,100%,0,2,2,2,0,0,0
0xaa7f6c,100%,0,3,3,0,0,0,3
0x53ee7a,100%,0,4,4,4,0,0,0
0x5ffa5b,100%,0,46,46,0,0,0,46
0x81f503,100%,0,4,4,0,0,0,4
0x80ae9b,100%,0,33,33,0,0,0,33
0xaa7f90,100%,0,3,3,0,0,0,3
0xa53658,100%,0,8,8,0,0,0,8
0x5f8437,100%,0,584,584,0,0,0,584
0x5f30a6,100%,0,2,2,0,0,0,2
0x7b71be,100%,0,32,32,0,0,0,32
0x4417ee,100%,0,11,11,0,0,0,11
0x540ebd,100%,0,8,8,8,0,0,0
0xa4c7aa,100%,0,4,4,4,0,0,0
0x4916fc,100%,0,1,1,1,0,0,0
0x6796c5,100%,0,112,112,112,0,0,0
0x490da9,100%,0,6,6,0,0,0,6
0x7c9e1a,100%,0,4,4,0,0,0,4
0xa52d3f,100%,0,363,363,0,0,0,363
0xa92f4d,100%,0,88,88,0,0,0,88
0xa4c7a3,100%,0,4,4,0,0,0,4
0x5f8d1f,100%,0,31,31,0,0,0,31
0x44150e,100%,0,11,11,0,0,0,11
0x5f75cb,100%,0,30,30,30,0,0,0
0x53584d,100%,0,5,5,0,0,0,5
0x8f5750,100%,0,767,767,767,0,0,0
0x6808f0,100%,0,913,913,0,0,0,913
0x8a672c,100%,0,90,90,0,0,0,90
0x680584,100%,0,19,19,0,0,0,19
0x5cfcb8,100%,0,24,24,24,0,0,0
0x8edb83,100%,0,2,2,0,0,0,2
0x59321d,100%,0,28,28,14,0,0,14
0x5465ee,100%,0,4,4,0,0,0,4
0x7d4160,100%,0,12,12,0,0,0,12
0x81484c,100%,0,2,2,0,0,0,2
0x81e9c4,100%,0,76,76,0,0,0,76
0x803851,100%,0,2,2,2,0,0,0
0x58cd25,100%,0,165,165,0,0,0,165
0x5faa77,100%,0,63,63,0,0,0,63
0x78ac2a,100%,0,4,4,4,0,0,0
0x966575,100%,0,2,2,2,0,0,0
0x5f8dc2,100%,0,33,33,0,0,0,33
0xa9f164,100%,0,168,168,168,0,0,0
0x5f8cf7,100%,0,89,89,0,0,0,89
0x9fccc9,100%,0,7,7,0,0,0,7
0x96e972,100%,0,1,1,0,0,0,1
0x48fe0e,100%,0,10,10,0,0,0,10
0x482b7a,100%,0,19,19,19,0,0,0
0x547a93,100%,0,338,338,0,0,0,338
0xa4116d,100%,0,8,8,0,0,0,8
0x4a04ac,100%,0,16,16,0,0,0,16
0x5451e1,100%,0,4,4,0,0,0,4
0x84370c,100%,0,8,8,0,0,0,8
0x9e37bf,100%,0,25,25,0,0,0,25
0x9a0beb,100%,0,28,28,0,0,0,28
0x54522b,100%,0,4,4,4,0,0,0
0xa9d1ec,100%,0,66,66,0,0,0,66
0x4b850f,100%,0,3,3,3,0,0,0
0x494d9c,100%,0,158,158,0,0,0,158
0x808f22,100%,0,17,17,0,0,0,17
0xb31c55,100%,0,21615,21615,0,0,0,21615
0x4415d7,100%,0,11,11,0,0,0,11
0x8ef6d6,100%,0,135,135,0,0,0,135
0x6e445d,100%,0,16,16,0,0,0,16
0x9e3794,100%,0,25,25,0,0,0,25
0x8f1f1c,100%,0,40,40,0,0,0,40
0xa90435,100%,0,410,410,0,0,0,410
0x67f3ab,100%,0,2,2,0,0,0,2
0x48ef9c,100%,0,40,40,40,0,0,0
0x8fd4f6,100%,0,273,273,0,0,0,273
0x4b5efb,100%,0,4,4,0,0,0,4
0x5cb087,100%,0,886,886,0,0,0,886
0x80a37b,100%,0,4,4,0,0,0,4
0x9d1280,100%,0,16,16,0,0,0,16
0x9fcb47,100%,0,25,25,25,0,0,0
0xa49a4d,100%,0,4,4,4,0,0,0
0x502d65,100%,0,190,190,190,0,0,0
0xa361b8,100%,0,5,5,5,0,0,0
0x66f3c3,100%,0,2,2,0,0,0,2
0x9fb707,100%,0,7,7,7,0,0,0
0x9fc6e9,100%,0,10,10,0,0,0,10
0x977dcd,100%,0,121,121,0,0,0,121
0x80a19b,100%,0,4,4,0,0,0,4
0x6798b9,100%,0,6,6,0,0,0,6
0x9fe941,100%,0,37,37,0,0,0,37
0x5f7763,100%,0,4,4,4,0,0,0
0x7acd8a,100%,0,2,2,2,0,0,0
0x5f77c5,100%,0,4,4,0,0,0,4
0x9fe2f6,100%,0,10,10,10,0,0,0
0x9fc4dd,100%,0,14,14,0,0,0,14
0x5c4c88,100%,0,1588,1588,0,0,0,1588
0x9a168a,100%,0,20,20,20,0,0,0
0x8114c8,100%,0,843,843,0,0,0,843
0x680591,100%,0,19,19,0,0,0,19
0x9f6527,100%,0,179,179,0,0,0,179
0x78089e,100%,0,2,2,2,0,0,0
0x5f774a,100%,0,4,4,0,0,0,4
0x65a0f5,100%,0,111,111,0,0,0,111
0x65a102,100%,0,111,111,111,0,0,0
0x44170e,100%,0,11,11,0,0,0,11
0x678df7,100%,0,23,23,0,0,0,23
0x678e36,100%,0,23,23,23,0,0,0
0x8f6389,100%,0,12,12,0,0,0,12
0x5df24e,100%,0,695,695,0,0,0,695
0x54534b,100%,0,4,4,0,0,0,4
0x9fcf19,100%,0,25,25,0,0,0,25
0x4ab53e,100%,0,25,25,0,0,0,25
0x5b9e33,100%,0,8,8,0,0,0,8
0x80c9b5,100%,0,10,10,0,0,0,10
0x81ca53,100%,0,172,172,0,0,0,172
