Branch PC,Accuracy,Mispredictions,Correct Predictions,Total,dir_t_pred_t,dir_t_pred_nt,dir_nt_pred_t,dir_nt_pred_nt
aggregate,88.2342%,2425671,18190675,20616346,9554142,858665,1567006,8636533
0x40bda5,74.4877%,122097,356484,478581,307428,23899,98198,49056
0x41683b,49.926%,94344,94065,188409,46877,47426,46918,47188
0x40cc3f,74.2965%,91041,263156,354197,230977,22971,68070,32179
0x4164ea,84.2697%,90102,482690,572792,35712,70170,19932,446978
0x40cf70,66.6472%,79300,158461,237761,143725,13057,66243,14736
0x40971d,76.1343%,77896,248497,326393,155371,30937,46959,93126
0x40bbbf,57.7357%,74381,101609,175990,67466,24017,50364,34143
0x40c966,61.7817%,69964,113100,183064,54976,36645,33319,58124
0x40bbb6,79.0531%,54659,206282,260941,48011,36940,17719,158271
0x40f6e4,59.9256%,47178,70548,117726,43743,19718,27460,26805
0x40f70f,61.6109%,45194,72532,117726,63969,8067,37127,8563
0x40cdd3,83.8318%,43310,224562,267872,186245,8555,34755,38317
0x40cfb4,74.4046%,42519,123601,166120,118895,6894,35625,4706
0x416416,64.3997%,42281,76485,118766,54663,17066,25215,21822
0x416298,67.9053%,38582,81631,120213,16962,28328,10254,64669
0x40b796,73.3716%,38138,105085,143223,50876,18805,19333,54209
0x40f73a,67.8941%,37797,79929,117726,75155,5614,32183,4774
0x40bcb7,85.9635%,36627,224315,260942,186851,8855,27772,37464
0x40be17,75.5823%,35956,111298,147254,100605,8030,27926,10693
0x409544,74.4558%,35499,103472,138971,5458,26027,9472,98014
0x416558,71.3748%,34123,85083,119206,61676,11057,23066,23407
0x40b734,76.5638%,33566,109657,143223,105179,8788,24778,4478
0x40f765,71.5246%,33523,84203,117726,80265,3875,29648,3938
0x402e0b,68.8881%,32908,72865,105773,29230,16388,16520,43635
0x40b6d4,78.2067%,31213,112010,143223,110288,2871,28342,1722
0x40b676,78.5787%,30680,112542,143222,109397,3010,27670,3145
0x40ccb5,87.9079%,30490,221659,252149,216062,4488,26002,5597
0x40b5f6,79.2008%,29789,113433,143222,105863,5437,24352,7570
0x40cff1,79.152%,27981,106233,134214,102160,5598,22383,4073
0x40cc72,76.3369%,25966,83766,109732,38413,6791,19175,45353
0x40bc9b,66.9986%,24124,48976,73100,15110,13636,10488,33866
0x41651f,80.6491%,22781,94945,117726,81068,3281,19500,13877
0x40f024,69.1659%,20649,46319,66968,42469,3836,16813,3850
0x40d02e,81.9921%,20379,92788,113167,91393,2097,18282,1395
0x4096b4,68.4737%,20325,44145,64470,6587,12976,7349,37558
0x40f088,69.7423%,20263,46705,66968,40289,6823,13440,6416
0x40eff2,70.353%,19854,47114,66968,38063,6943,12911,9051
0x409489,71.1305%,19797,48777,68574,1868,14530,5267,46909
0x40ef8e,71.5461%,19055,47913,66968,41674,4890,14165,6239
0x402e1a,70.5444%,17719,42436,60155,37114,4894,12825,5322
0x40cded,76.0113%,17529,55543,73072,54160,2896,14633,1383
0x40ccf3,92.229%,17139,203411,220550,162857,3402,13737,40554
0x40f056,75.2613%,16567,50401,66968,46447,3457,13110,3954
0x40ef5c,75.321%,16527,50441,66968,49310,2281,14246,1131
0x40f0ba,75.7227%,16258,50710,66968,45098,4849,11409,5612
0x40efc0,75.9064%,16135,50833,66968,47034,2412,13723,3799
0x40b69d,82.7963%,15542,74799,90341,4196,10188,5354,70603
0x40caeb,66.1342%,15499,30267,45766,26682,3068,12431,3585
0x41136c,85.7342%,14836,89161,103997,49256,5147,9689,39905
0x40bbd7,82.6665%,14648,69859,84507,67378,3084,11564,2481
0x411488,85.3499%,14521,84598,99119,71353,5344,9177,13245
0x40cf60,94.4103%,14195,239753,253948,235666,2095,12100,4087
0x4094d0,79.4339%,14103,54471,68574,1068,12013,2090,53403
0x40b6fd,86.3184%,14037,88561,102598,2462,10610,3427,86099
0x4094ed,68.6631%,14001,30678,44679,29004,3768,10233,1674
0x40cf7a,83.0153%,13754,67225,80979,66260,2917,10837,965
0x40b75d,85.3988%,13488,78888,92376,2100,9729,3759,76788
0x40ceec,95.0846%,13167,254705,267872,197336,3568,9599,57369
0x41de07,79.7037%,13083,51377,64460,31762,6228,6855,19615
0x416018,81.2239%,12574,54394,66968,14082,5706,6868,40312
0x4095f9,66.2772%,11863,23315,35178,4661,8184,3679,18654
0x41ddeb,81.8016%,11784,52969,64753,31595,5561,6223,21374
0x416578,75.6568%,11313,35160,46473,20973,3166,8147,14187
0x41e892,85.163%,11288,64792,76080,26267,3432,7856,38525
0x40bc89,88.13%,10859,80624,91483,10684,7699,3160,69940
0x411385,78.6567%,10585,39009,49594,29114,2460,8125,9895
0x40ce0a,62.0556%,10544,17244,27788,5149,6623,3921,12095
0x40cfa4,94.5128%,9775,168366,178141,164796,1324,8451,3570
0x40c98c,89.4088%,9684,81750,91434,80885,1507,8177,865
0x40cfbe,77.0425%,9259,31072,40331,29847,1289,7970,1225
0x40b63b,85.963%,9063,55502,64565,1455,6989,2074,54047
0x40d021,92.6625%,9048,114263,123311,112174,993,8055,2089
0x4113d4,81.7106%,8966,40057,49023,28079,3559,5407,11978
0x40bc4b,65.0694%,8602,16024,24626,6886,3695,4907,9138
0x40cffb,68.3739%,8367,18089,26456,15377,2601,5766,2712
0x409640,76.8321%,8150,27028,35178,3244,5390,2760,23784
0x40cfe4,94.3454%,8107,135262,143369,132873,1341,6766,2389
0x40d038,61.0865%,7657,12020,19677,4341,3902,3755,7679
0x40cd08,85.9111%,7649,46642,54291,23891,3100,4549,22751
0x40cd39,96.8691%,7640,236376,244016,185956,1665,5975,50420
0x411414,84.8154%,7348,41043,48391,31159,1490,5858,9884
0x40b609,77.6267%,7142,24780,31922,23278,1543,5599,1502
0x40cad7,96.2286%,6904,176160,183064,136012,1286,5618,40148
0x41ee6f,91.2669%,6659,69591,76250,69581,138,6521,10
0x40965d,67.8704%,6068,12818,18886,12057,1337,4731,761
0x40f115,91.0136%,6018,60950,66968,60910,574,5444,40
0x40ceab,66.5647%,5355,10661,16016,9121,930,4425,1540
0x402e47,94.942%,5350,100423,105773,99288,918,4432,1135
0x416598,80.52%,5342,22081,27423,21951,383,4959,130
0x40cf67,67.3071%,5292,10895,16187,7101,2456,2836,3794
0x411450,89.3641%,4936,41473,46409,29184,2107,2829,12289
0x41eec2,90.4084%,4904,46224,51128,46189,469,4435,35
0x40ce32,61.3707%,4622,7343,11965,2442,1945,2677,4901
0x40ce1e,71.2413%,4606,11410,16016,449,3602,1004,10961
0x40be26,96.1007%,4236,104399,108635,104071,918,3318,328
0x409e64,57.2762%,3846,5156,9002,4366,1127,2719,790
0x409e93,58.0982%,3772,5230,9002,4346,1396,2376,884
0x40cfab,72.4565%,3311,8710,12021,7202,1183,2128,1508
0x40ce46,57.1127%,3250,4328,7578,1974,1531,1719,2354
0x4113e4,84.6798%,3108,17179,20287,10420,1130,1978,6759
0x41ee22,89.8916%,3095,27523,30618,27478,454,2641,45
0x40c995,68.7016%,2830,6212,9042,4274,777,2053,1938
0x40bb0e,95.8521%,2805,64819,67624,64786,449,2356,33
0x4113a4,87.2464%,2779,19011,21790,11795,754,2025,7216
0x4a623e,93.9168%,2671,41237,43908,39240,360,2311,1997
0x411424,86.3462%,2636,16670,19306,8808,861,1775,7862
0x416895,98.0298%,2537,126230,128767,125391,691,1846,839
0x40f1d2,57.2061%,2512,3358,5870,2913,782,1730,445
0x40be1b,93.8683%,2368,36251,38619,35910,736,1632,341
0x41142c,77.7213%,2147,7490,9637,2368,1196,951,5122
0x40cfeb,76.734%,2130,7025,9155,6750,325,1805,275
0x411464,89.2098%,2051,16957,19008,8452,1201,850,8505
0x402c7e,97.14%,1988,67522,69510,59761,989,999,7761
0x40ca73,62.6085%,1809,3029,4838,943,950,859,2086
0x40d028,82.2752%,1798,8346,10144,916,1229,569,7430
0x40f1fb,56.7874%,1789,2351,4140,2092,362,1427,259
0x40ca4b,77.9309%,1666,5883,7549,630,934,732,5253
0x40ca16,67.5348%,1658,3449,5107,2661,396,1262,788
0x41646f,98.636%,1626,117580,119206,93,1387,239,117487
0x41146c,82.79%,1610,7745,9355,3379,511,1099,4366
0x4113ac,83.2053%,1552,7689,9241,3041,729,823,4648
0x4113ec,83.0262%,1483,7254,8737,2213,689,794,5041
0x40f224,51.1015%,1354,1415,2769,608,677,677,807
0x40ca5f,78.4628%,1289,4696,5985,123,1024,265,4573
0x40ca87,56.7742%,1273,1672,2945,786,693,580,886
0x40cccc,96.5829%,1191,33663,34854,3759,822,369,29904
0x40ca24,78.2651%,1110,3997,5107,459,657,453,3538
0x409733,99.2269%,1083,139002,140085,23,877,206,138979
0x40249c,97.6384%,1080,44652,45732,44652,154,926,0
0x402ea3,99.3323%,1055,156941,157996,14,921,134,156927
0x401ce1,72.7321%,1022,2726,3748,2451,220,802,275
0x40bd78,64.5833%,1020,1860,2880,1674,262,758,186
0x4c4a96,83.5509%,1008,5120,6128,2570,413,595,2550
0x40bd04,98.4748%,995,64241,65236,64229,63,932,12
0x40b845,60.0251%,955,1434,2389,1137,463,492,297
0x416427,98.0352%,927,46253,47180,78,629,298,46175
0x401d5a,75.6137%,914,2834,3748,2757,54,860,77
0x40b8c1,80.3756%,909,3723,4632,3535,308,601,188
0x416a0f,99.2942%,909,127873,128782,127849,82,827,24
0x40f099,95.4271%,908,18948,19856,6583,445,463,12365
0x4c4e72,95.5612%,870,18730,19600,16450,387,483,2280
0x40efd1,95.206%,840,16682,17522,4686,154,686,11996
0x4a5eba,82.7508%,834,4001,4835,689,423,411,3312
0x41debb,99.8244%,826,469543,470369,469543,826,0,0
0x4a47a5,86.5546%,800,5150,5950,4810,187,613,340
0x40b8df,66.555%,799,1590,2389,1511,196,603,79
0x409749,99.4403%,779,138406,139185,9,561,218,138397
0x415fc1,98.8956%,750,67161,67911,353,590,160,66808
0x4a5e65,93.5147%,746,10757,11503,2388,585,161,8369
0x40f160,87.7541%,729,5224,5953,23,446,283,5201
0x40ccc4,98.0182%,717,35463,36180,843,483,234,34620
0x4a6247,83.844%,696,3612,4308,2703,224,472,909
0x41eea2,99.0951%,690,75560,76250,75560,241,449,0
0x4c4c56,96.5738%,685,19308,19993,17080,336,349,2228
0x4160f6,98.6193%,650,46428,47078,0,0,650,46428
0x41e797,31.0086%,643,289,932,29,419,224,260
0x40cebb,89.4552%,629,5336,5965,3,569,60,5333
0x40cc58,99.7559%,620,253328,253948,109493,239,381,143835
0x41e917,99.1982%,610,75470,76080,0,448,162,75470
0x40b96d,75.0105%,597,1792,2389,1757,96,501,35
0x4c4ab1,82.967%,558,2718,3276,2432,323,235,286
0x41e857,99.3293%,546,80864,81410,0,484,62,80864
0x4024b5,43.7365%,521,405,926,8,269,252,397
0x4a4951,89.5633%,521,4471,4992,1803,363,158,2668
0x40ef9f,97.4466%,521,19883,20404,7530,242,279,12353
0x4a4f6b,42.5885%,519,385,904,0,285,234,385
0x4a612d,88.1481%,512,3808,4320,1755,235,277,2053
0x4a5f94,63.1273%,507,868,1375,337,133,374,531
0x40f003,97.7825%,487,21475,21962,8651,307,180,12824
0x40f1e7,77.7931%,483,1692,2175,1664,66,417,28
0x40f0cb,97.2387%,470,16551,17021,4676,302,168,11875
0x40ba84,40.6536%,454,311,765,93,8,446,218
0x40b94c,65.4434%,452,856,1308,526,100,352,330
0x40ef6d,97.067%,451,14926,15377,3028,409,42,11898
0x4a642e,83.5052%,448,2268,2716,2032,210,238,236
0x416026,99.0801%,434,46746,47180,5,203,231,46741
0x4036f9,64.7059%,432,792,1224,790,137,295,2
0x40f067,97.5094%,425,16639,17064,3737,292,133,12902
0x401d13,84.2756%,420,2251,2671,2101,121,299,150
0x4164fc,99.9252%,410,547607,548017,454726,340,70,92881
0x40f666,75.772%,408,1276,1684,1263,78,330,13
0x40cd1f,98.5201%,404,26896,27300,4797,81,323,22099
0x4a602d,88.1988%,399,2982,3381,439,269,130,2543
0x40f63e,76.4846%,396,1288,1684,1286,22,374,2
0x4164f5,99.9314%,393,572399,572792,24762,13,380,547637
0x4a5ee6,80.6205%,381,1585,1966,1386,70,311,199
0x402ceb,99.4562%,378,69132,69510,0,292,86,69132
0x40f610,77.5534%,378,1306,1684,1301,28,350,5
0x40976b,99.7302%,374,138241,138615,8,239,135,138233
0x40f68e,77.791%,374,1310,1684,1303,15,359,7
0x41169f,39.5462%,373,244,617,126,171,202,118
0x40954c,99.6539%,372,107114,107486,70206,191,181,36908
0x41688c,99.768%,364,156564,156928,91199,222,142,65365
0x41ee8e,94.4725%,361,6170,6531,2279,177,184,3891
0x40f210,78.8256%,357,1329,1686,1303,68,289,26
0x41eee2,99.3311%,342,50786,51128,50786,38,304,0
0x4a482f,64.1133%,342,611,953,394,67,275,217
0x40f035,98.4078%,329,20334,20663,8094,68,261,12240
0x4c4c63,87.2332%,329,2248,2577,1592,132,197,656
0x40bc73,99.6447%,325,91158,91483,0,0,325,91158
0x4c4e7f,88.3098%,323,2440,2763,1408,142,181,1032
0x4a5ecb,91.3779%,321,3402,3723,2754,120,201,648
0x4024bb,50.6934%,320,329,649,239,53,267,90
0x41ddf9,99.5058%,320,64433,64753,0,293,27,64433
0x40b9dc,65.9212%,320,619,939,260,143,177,359
0x409eb5,96.4452%,320,8682,9002,8681,28,292,1
0x4a5f2b,88.9353%,318,2556,2874,954,163,155,1602
0x402e4f,94.5931%,301,5266,5567,5266,8,293,0
0x40286c,88.9145%,289,2318,2607,2318,289,0,0
0x41e61c,76.4658%,289,939,1228,634,108,181,305
0x40f18e,95.1957%,286,5667,5953,7,57,229,5660
0x4bbda7,94.611%,284,4986,5270,4954,260,24,32
0x41686d,99.8724%,281,219907,220188,2,77,204,219905
0x4096bc,99.3765%,280,44627,44907,29224,68,212,15403
0x41edef,70.4813%,276,659,935,412,37,239,247
0x4152e4,77.9412%,270,954,1224,5,126,144,949
0x4169fc,99.8308%,269,158715,158984,93261,191,78,65454
0x4a6004,92.7985%,263,3389,3652,74,197,66,3315
0x40b9fd,89.1168%,260,2129,2389,435,229,31,1694
0x416853,99.729%,255,93851,94106,0,0,255,93851
0x4169dd,99.8857%,254,221980,222234,1,54,200,221979
0x4a5c55,96.6241%,251,7184,7435,5453,122,129,1731
0x4a60f6,91.6246%,249,2724,2973,2391,208,41,333
0x4a5f4d,85.8281%,249,1508,1757,469,114,135,1039
0x4a5d72,91.6811%,240,2645,2885,2535,37,203,110
0x4c4aa2,92.4324%,238,2907,3145,123,170,68,2784
0x41ea77,80.3526%,234,957,1191,304,131,103,653
0x40ccb9,99.2721%,230,31369,31599,0,0,230,31369
0x41e613,81.4332%,228,1000,1228,296,167,61,704
0x4094e3,99.7451%,225,88040,88265,43401,185,40,44639
0x41ee45,99.2782%,221,30397,30618,30397,39,182,0
0x411cde,99.6907%,215,69294,69509,69294,215,0,0
0x402763,77.1612%,214,723,937,161,136,78,562
0x41fbc9,87.4854%,214,1496,1710,367,126,88,1129
0x4a4119,76.6334%,211,692,903,316,97,114,376
0x40b708,99.7973%,208,102390,102598,19837,39,169,82553
0x4169eb,99.9064%,208,221971,222179,63135,60,148,158836
0x40ce7e,98.7637%,198,15818,16016,7726,156,42,8092
0x416abb,97.4209%,198,7479,7677,3259,144,54,4220
0x415fa9,99.7114%,196,67715,67911,0,0,196,67715
0x416844,99.7928%,195,93911,94106,0,0,195,93911
0x40f239,86.9946%,193,1291,1484,1287,31,162,4
0x4a48fa,96.1377%,193,4804,4997,3101,118,75,1703
0x402ad4,67.953%,191,405,596,0,0,191,405
0x40ccd1,99.3757%,189,30084,30273,3251,4,185,26833
0x40b711,99.7739%,187,82535,82722,72460,74,113,10075
0x40b768,99.8041%,181,92195,92376,18152,26,155,74043
0x40ca2e,95.4899%,180,3811,3991,2962,95,85,849
0x40f262,87.0439%,174,1169,1343,17,99,75,1152
0x4024c4,51.5406%,173,184,357,183,7,166,1
0x4a485e,82.3715%,168,785,953,446,15,153,339
0x4c4dc2,94.1795%,166,2686,2852,2633,130,36,53
0x4169b4,99.825%,165,94138,94303,0,0,165,94138
0x4a41cb,94.8916%,165,3065,3230,2855,52,113,210
0x4a64a9,94.3095%,164,2718,2882,2451,102,62,267
0x420372,89.7549%,163,1428,1591,1416,25,138,12
0x41687b,99.9282%,158,219951,220109,63119,62,96,156832
0x401d3b,64.8526%,155,286,441,40,105,50,246
0x4204a2,91.8033%,150,1680,1830,1635,49,101,45
0x409eba,51.1945%,143,150,293,149,1,142,1
0x4163fd,32.2115%,141,67,208,3,140,1,64
0x4bbe67,97.3149%,140,5074,5214,2516,91,49,2558
0x4a5ead,97.3004%,139,5010,5149,188,126,13,4822
0x420425,90.0862%,138,1254,1392,1152,63,75,102
0x402cfc,99.8006%,138,69080,69218,0,0,138,69080
0x4a49b8,97.2756%,136,4856,4992,1128,51,85,3728
0x40f1b7,97.6906%,136,5753,5889,1,18,118,5752
0x4a5cd0,98.1584%,136,7249,7385,2800,85,51,4449
0x40b6a8,99.8506%,135,90206,90341,16420,12,123,73786
0x41fca9,92.2222%,133,1577,1710,1394,31,102,183
0x4a5fd3,88.0931%,133,984,1117,544,66,67,440
0x4c4ba0,95.2087%,132,2623,2755,2521,56,76,102
0x40c979,99.8578%,130,91313,91443,1,8,122,91312
0x4a5e97,98.4994%,128,8402,8530,4398,41,87,4004
0x41606f,99.7308%,127,47048,47175,7,90,37,47041
0x4a5cfe,82.2873%,127,590,717,0,0,127,590
0x4113bb,97.7152%,125,5346,5471,501,70,55,4845
0x40f24d,91.592%,122,1329,1451,6,102,20,1323
0x42032f,95.3039%,119,2415,2534,70,107,12,2345
0x4a5f01,89.204%,118,975,1093,860,45,73,115
0x4a4c05,97.6386%,118,4879,4997,0,0,118,4879
0x4091bf,86.3158%,117,738,855,737,20,97,1
0x416ad4,98.2992%,117,6762,6879,6762,70,47,0
0x4a5cea,97.4444%,115,4385,4500,3721,62,53,664
0x4a6424,96.2077%,111,2816,2927,159,52,59,2657
0x4113fb,98.1148%,110,5725,5835,542,90,20,5183
0x402487,99.7638%,108,45624,45732,0,0,108,45624
0x4162a4,99.8585%,106,74817,74923,73030,105,1,1787
0x41f60e,56.5574%,106,138,244,47,45,61,91
0x40ca05,97.3941%,104,3887,3991,0,0,104,3887
0x4a4983,96.3553%,103,2723,2826,1126,47,56,1597
0x416183,99.7812%,103,46975,47078,0,0,103,46975
0x4a7df0,98.6281%,102,7333,7435,0,0,102,7333
0x416447,99.7805%,102,46371,46473,0,0,102,46371
0x4bbdac,96.2059%,101,2561,2662,2545,100,1,16
0x4a64b6,96.5996%,98,2784,2882,182,75,23,2602
0x4a4088,97.0279%,96,3134,3230,364,49,47,2770
0x41e624,80.4527%,95,391,486,127,55,40,264
0x42033d,96.0119%,94,2263,2357,549,65,29,1714
0x41e314,88.9549%,93,749,842,749,12,81,0
0x409653,99.7696%,92,39846,39938,20990,62,30,18856
0x42045f,96.6325%,92,2640,2732,16,80,12,2624
0x40b771,99.876%,92,74106,74198,63047,73,19,11059
0x4a7d73,98.7895%,90,7345,7435,0,0,90,7345
0x4bbe98,99.3324%,87,12944,13031,2586,20,67,10358
0x402e2a,99.5206%,87,18060,18147,9685,13,74,8375
0x420555,93.8877%,86,1321,1407,1287,24,62,34
0x40b646,99.8683%,85,64480,64565,19864,8,77,44616
0x42046d,96.8892%,82,2554,2636,622,45,37,1932
0x41690e,96.946%,82,2603,2685,0,0,82,2603
0x4c4af8,97.0599%,81,2674,2755,0,0,81,2674
0x41f071,97.3529%,81,2979,3060,2948,16,65,31
0x41fc03,93.2031%,80,1097,1177,1093,14,66,4
0x4a6146,96.635%,78,2240,2318,2140,38,40,100
0x41f609,76.4526%,77,250,327,40,43,34,210
0x4a5e9c,98.1178%,77,4014,4091,3664,38,39,350
0x416339,63.4615%,76,132,208,132,76,0,0
0x411458,99.4973%,76,15042,15118,0,0,76,15042
0x40ca38,98.7636%,74,5911,5985,0,0,74,5911
0x40b6b1,99.8999%,74,73835,73909,59470,55,19,14365
0x4a478d,98.7899%,72,5878,5950,0,0,72,5878
0x41e21f,91.5677%,71,771,842,21,24,47,750
0x4169c0,99.9258%,70,94233,94303,0,0,70,94233
0x4a4140,92.2481%,70,833,903,711,36,34,122
0x41692b,99.2811%,69,9529,9598,3388,3,66,6141
0x416948,99.0525%,66,6900,6966,6900,16,50,0
0x420344,96.3282%,64,1679,1743,103,49,15,1576
0x4a5c75,96.828%,59,1801,1860,1799,11,48,2
0x4a5d64,90.981%,57,575,632,5,7,50,570
0x4a62c0,97.8453%,56,2543,2599,2523,30,26,20
0x415f9c,99.9194%,56,69453,69509,1585,13,43,67868
0x41fbda,95.4807%,55,1162,1217,11,29,26,1151
0x40b655,99.8308%,54,31868,31922,15515,30,24,16353
0x420474,97.2575%,54,1915,1969,95,43,11,1820
0x4a493a,96.8415%,53,1625,1678,35,30,23,1590
0x4a49e9,98.9394%,53,4944,4997,4856,14,39,88
0x41ea9c,92.9894%,53,703,756,690,17,36,13
0x402cbd,99.406%,52,8702,8754,0,15,37,8702
0x4a418e,94.3522%,51,852,903,39,35,16,813
0x41620b,99.8917%,51,47027,47078,0,0,51,47027
0x4a498c,96.9752%,50,1603,1653,873,31,19,730
0x4a49a3,99.0184%,49,4943,4992,0,0,49,4943
0x416278,99.8959%,49,47029,47078,0,0,49,47029
0x41e9d3,93.0334%,48,641,689,632,18,30,9
0x41143b,99.2096%,48,6025,6073,1936,46,2,4089
0x409ed0,67.1329%,47,96,143,95,8,39,1
0x402477,99.8972%,47,45685,45732,0,0,47,45685
0x4205d7,92.868%,47,612,659,471,25,22,141
0x40b776,99.8393%,47,29209,29256,11793,36,11,17416
0x4a60a3,92.623%,45,565,610,440,24,21,125
0x41f5e4,95.5709%,45,971,1016,843,21,24,128
0x40b64f,99.9016%,44,44649,44693,39714,30,14,4935
0x4b0299,50.5618%,44,45,89,30,14,30,15
0x41fe77,74.5455%,42,123,165,105,12,30,18
0x4a5ff7,98.8925%,41,3661,3702,28,22,19,3633
0x4091e7,58.1633%,41,57,98,38,19,22,19
0x4a4bf0,99.1795%,41,4956,4997,4956,41,0,0
0x4a5d53,98.6135%,40,2845,2885,2250,3,37,595
0x4a40ed,95.5703%,40,863,903,791,21,19,72
0x4a4931,97.8065%,39,1739,1778,80,20,19,1659
0x41fc77,64.5455%,39,71,110,30,13,26,41
0x41e7b2,99.9521%,39,81371,81410,0,0,39,81371
0x401cf4,96.4717%,38,1039,1077,1039,27,11,0
0x4113dc,99.7814%,38,17347,17385,0,0,38,17347
0x41e87d,99.9514%,37,76043,76080,0,0,37,76043
0x4a83ea,99.3782%,37,5913,5950,0,0,37,5913
0x41e7cb,99.9546%,37,81373,81410,626,13,24,80747
0x4150c1,98.5318%,36,2416,2452,2416,36,0,0
0x402c83,99.589%,36,8724,8760,0,6,30,8724
0x42032a,98.6381%,35,2535,2570,16,20,15,2519
0x41147b,99.3596%,35,5430,5465,1671,22,13,3759
0x4b02bc,61.7978%,34,55,89,44,9,25,11
0x41fbe0,97.1113%,34,1143,1177,1062,16,18,81
0x41fc4f,67.9245%,34,72,106,9,23,11,63
0x4a5f8b,92.766%,34,436,470,0,0,34,436
0x4115ec,94.6515%,33,584,617,584,33,0,0
0x4a417c,60%,32,48,80,30,9,23,18
0x41fcc7,89.1228%,31,254,285,254,7,24,0
0x4a48e2,99.3796%,31,4966,4997,0,0,31,4966
0x4165c3,99.9542%,31,67593,67624,0,0,31,67593
0x4152f4,97.1638%,31,1062,1093,1061,2,29,1
0x4116de,95.1378%,30,587,617,288,9,21,299
0x4203d3,90.3537%,30,281,311,273,9,21,8
0x4bbdbc,98.9106%,29,2633,2662,2617,20,9,16
0x4a60d4,93.75%,29,435,464,306,10,19,129
0x40922b,48.2143%,29,27,56,25,17,12,2
0x41138d,99.8391%,29,17991,18020,0,0,29,17991
0x41e338,96.6746%,28,814,842,813,8,20,1
0x41eacf,93.5632%,28,407,435,0,14,14,407
0x4a640f,99.0434%,28,2899,2927,0,0,28,2899
0x4a7dac,99.6369%,27,7408,7435,0,0,27,7408
0x4a6438,99.0776%,27,2900,2927,2875,7,20,25
0x4c4b02,99.02%,27,2728,2755,2728,27,0,0
0x41ff27,60.8696%,27,42,69,42,3,24,0
0x4c4ba6,84.8315%,27,151,178,7,13,14,144
0x4b02a9,70.7865%,26,63,89,38,10,16,25
0x41691d,99.7292%,26,9575,9601,0,3,23,9575
0x41dc4e,91.1263%,26,267,293,267,26,0,0
0x409264,31.5789%,26,12,38,11,13,13,1
0x4a4173,83.9744%,25,131,156,61,15,10,70
0x420349,98.4287%,25,1566,1591,1461,12,13,105
0x41edf9,95.0617%,24,462,486,284,20,4,178
0x4a615f,82.8571%,24,116,140,109,9,15,7
0x41fc12,79.0909%,23,87,110,24,12,11,63
0x41f51e,98.5767%,23,1593,1616,480,19,4,1113
0x41eca6,98.867%,23,2007,2030,2007,11,12,0
0x40b6b6,99.9254%,23,30793,30816,14368,16,7,16425
0x4a5f96,97.5691%,22,883,905,751,19,3,132
0x40248c,99.9519%,22,45710,45732,0,0,22,45710
0x4a5e86,99.7538%,21,8509,8530,0,0,21,8509
0x40477b,92.8328%,21,272,293,0,0,21,272
0x49eca6,79.1667%,20,76,96,13,5,15,63
0x41e633,97.3046%,20,722,742,272,9,11,450
0x41693c,99.6778%,20,6187,6207,2632,3,17,3555
0x416aad,99.7397%,20,7663,7683,1,5,15,7662
0x40b716,99.9335%,20,30044,30064,13060,12,8,16984
0x42059f,98.4727%,19,1225,1244,337,7,12,888
0x41e9a7,97.7354%,19,820,839,145,5,14,675
0x41f52f,98.299%,19,1098,1117,1023,4,15,75
0x4b024e,98.6815%,19,1422,1441,1422,8,11,0
0x4f0cfa,59.0909%,18,26,44,3,12,6,23
0x4205ac,98%,18,882,900,235,6,12,647
0x4a634b,47.0588%,18,16,34,15,7,11,1
0x40370f,93.9394%,18,279,297,279,13,5,0
0x402824,99.3096%,18,2589,2607,2589,18,0,0
0x4203db,91.5493%,18,195,213,19,17,1,176
0x4a49f5,85.8268%,18,109,127,2,8,10,107
0x4bbde4,99.3238%,18,2644,2662,42,13,5,2602
0x40ce69,99.8556%,17,11755,11772,11755,17,0,0
0x4a5c2a,99.7714%,17,7418,7435,0,0,17,7418
0x4bbdd3,99.3989%,16,2646,2662,44,7,9,2602
0x411667,97.4068%,16,601,617,0,0,16,601
0x4204c7,86.3248%,16,101,117,96,7,9,5
0x454988,20%,16,4,20,2,9,7,2
0x420397,92.4883%,16,197,213,176,8,8,21
0x4bbdfa,99.3989%,16,2646,2662,31,3,13,2615
0x41fcda,33.3333%,16,8,24,0,7,9,8
0x420479,99.1808%,15,1816,1831,1780,10,5,36
0x41f04b,86.1111%,15,93,108,8,4,11,85
0x4a7d87,99.8117%,14,7421,7435,0,0,14,7421
0x404729,95.2218%,14,279,293,279,14,0,0
0x41ebf5,99.3062%,14,2004,2018,2004,2,12,0
0x4a62f5,58.8235%,14,20,34,15,6,8,5
0x420281,98.3333%,14,826,840,826,4,10,0
0x41ec6f,98.7129%,13,997,1010,997,1,12,0
0x4bbef9,99.5013%,13,2594,2607,0,0,13,2594
0x48ebd6,70.4545%,13,31,44,0,6,7,31
0x42050b,88.8889%,13,104,117,8,13,0,96
0x4165a0,99.7445%,13,5076,5089,5076,13,0,0
0x41f59e,87.2549%,13,89,102,2,10,3,87
0x4945ec,45.4545%,12,10,22,6,5,7,4
0x41eaff,98.9924%,12,1179,1191,1179,5,7,0
0x409e3a,95.9044%,12,281,293,0,0,12,281
0x41e91d,99.9841%,12,75620,75632,0,0,12,75620
0x41fec5,75%,12,36,48,13,11,1,23
0x41f5b2,98.8315%,12,1015,1027,1011,5,7,4
0x49572b,75%,11,33,44,32,1,10,1
0x454a22,45%,11,9,20,5,4,7,4
0x493dc1,92.3077%,11,132,143,126,6,5,6
0x41ea0f,92.6667%,11,139,150,1,5,6,138
0x402b34,98.1544%,11,585,596,585,11,0,0
0x4205f6,98.6905%,11,829,840,829,1,10,0
0x4a840c,99.8319%,10,5940,5950,5940,10,0,0
0x44b4b6,88.6364%,10,78,88,75,2,8,3
0x42045a,99.6368%,10,2743,2753,14,7,3,2729
0x41e300,98.8194%,10,837,847,0,5,5,837
0x4bbf0a,99.6164%,10,2597,2607,0,0,10,2597
0x41e213,98.8304%,10,845,855,5,8,2,840
0x49375b,70.5882%,10,24,34,10,5,5,14
0x48e666,33.3333%,10,5,15,4,5,5,1
0x41141c,99.9428%,9,15733,15742,0,0,9,15733
0x4a4f99,96.8421%,9,276,285,276,9,0,0
0x4a4859,99.0556%,9,944,953,0,0,9,944
0x402d16,99.987%,9,69209,69218,69209,8,1,0
0x404bcd,99.1%,9,991,1000,991,4,5,0
0x4a7de7,99.879%,9,7426,7435,0,0,9,7426
0x4a62ca,80.4348%,9,37,46,11,1,8,26
0x4a6236,99.9773%,9,39591,39600,0,0,9,39591
0x4a491b,99.4938%,9,1769,1778,0,0,9,1769
0x4a4945,99.8199%,9,4988,4997,0,5,4,4988
0x40929d,62.5%,9,15,24,5,8,1,10
0x402949,99.6546%,9,2597,2606,0,0,9,2597
0x41e97a,33.3333%,8,4,12,0,0,8,4
0x4a5d19,98.8842%,8,709,717,709,8,0,0
0x4a6139,99.6567%,8,2322,2330,7,5,3,2315
0x40373a,99.1416%,8,924,932,0,0,8,924
0x4937c2,81.8182%,8,36,44,6,4,4,30
0x4a52a3,99.8399%,8,4989,4997,4989,8,0,0
0x49469e,27.2727%,8,3,11,3,8,0,0
0x41e769,99.1416%,8,924,932,0,0,8,924
0x402997,99.693%,8,2598,2606,0,0,8,2598
0x41e24d,99.0815%,8,863,871,863,3,5,0
0x401d29,98.2183%,8,441,449,0,8,0,441
0x404c6a,99.3266%,8,1180,1188,1180,2,6,0
0x4bbec2,99.9328%,7,10417,10424,10417,7,0,0
0x41fbe5,92.9293%,7,92,99,0,6,1,92
0x41ff5e,85.4167%,7,41,48,19,5,2,22
0x4047a9,97.6109%,7,286,293,0,1,6,286
0x416cbc,99.2529%,7,930,937,0,0,7,930
0x4a4186,99.2248%,7,896,903,0,0,7,896
0x416a82,99.1774%,7,844,851,0,0,7,844
0x4c4e1b,99.7467%,7,2756,2763,0,0,7,2756
0x4a8403,99.8824%,7,5943,5950,0,0,7,5943
0x493cc8,36.3636%,7,4,11,4,7,0,0
0x41fda9,61.1111%,7,11,18,10,2,5,1
0x408c7c,53.3333%,7,8,15,7,2,5,1
0x403763,99.2489%,7,925,932,0,6,1,925
0x402747,99.2529%,7,930,937,0,0,7,930
0x4a6178,68.1818%,7,15,22,15,7,0,0
0x416acc,99.8362%,7,4267,4274,800,4,3,3467
0x4a4058,97.8328%,7,316,323,316,7,0,0
0x42011d,50%,6,6,12,6,4,2,0
0x41fce7,64.7059%,6,11,17,8,3,3,3
0x402b11,98.9933%,6,590,596,0,0,6,590
0x48e5a4,60%,6,9,15,9,6,0,0
0x4a4783,99.8992%,6,5944,5950,0,0,6,5944
0x41e357,99.2916%,6,841,847,841,1,5,0
0x49196d,45.4545%,6,5,11,0,6,0,5
0x493da8,95.8042%,6,137,143,5,6,0,132
0x460b0f,68.4211%,6,13,19,5,3,3,8
0x4bbe2a,99.8849%,6,5208,5214,5208,6,0,0
0x40caa8,99.6164%,6,1558,1564,1558,6,0,0
0x4a48f0,99.8799%,6,4991,4997,0,0,6,4991
0x41e988,50%,6,6,12,5,2,4,1
0x4f3dc5,83.3333%,6,30,36,23,2,4,7
0x49297a,76.9231%,6,20,26,20,6,0,0
0x4c4b4e,99.7896%,6,2846,2852,0,0,6,2846
0x4061dd,99.3939%,6,984,990,984,1,5,0
0x4052f8,45.4545%,6,5,11,0,6,0,5
0x4a4cd7,99.8799%,6,4991,4997,4991,6,0,0
0x4029a3,99.7698%,6,2600,2606,0,0,6,2600
0x41ea3f,99.2849%,6,833,839,833,1,5,0
0x41e1fc,99.3111%,6,865,871,11,5,1,854
0x402481,99.9891%,5,45727,45732,0,0,5,45727
0x49547e,54.5455%,5,6,11,6,5,0,0
0x42a326,54.5455%,5,6,11,0,0,5,6
0x4092b2,61.5385%,5,8,13,8,3,2,0
0x421a93,99.9158%,5,5933,5938,0,0,5,5933
0x4019ff,66.6667%,5,10,15,1,3,2,9
0x41e261,0%,5,0,5,0,0,5,0
0x4a6ef0,99.777%,5,2237,2242,0,0,5,2237
0x403e73,16.6667%,5,1,6,0,3,2,1
0x420186,97.0588%,5,165,170,165,3,2,0
0x4929bd,80.7692%,5,21,26,0,0,5,21
0x41f5b6,54.5455%,5,6,11,2,4,1,4
0x406377,99.5491%,5,1104,1109,1104,0,5,0
0x403dde,54.5455%,5,6,11,5,1,4,1
0x4949f5,54.5455%,5,6,11,6,5,0,0
0x4a4478,87.1795%,5,34,39,0,0,5,34
0x41eb97,58.3333%,5,7,12,0,0,5,7
0x494314,54.5455%,5,6,11,5,3,2,1
0x4a7ddb,99.9328%,5,7430,7435,0,0,5,7430
0x406354,54.5455%,5,6,11,0,5,0,6
0x453d71,87.0968%,4,27,31,0,0,4,27
0x494b81,90.9091%,4,40,44,32,1,3,8
0x420503,76.4706%,4,13,17,0,3,1,13
0x41fd08,77.7778%,4,14,18,3,3,1,11
0x4a7d9b,99.9462%,4,7431,7435,7431,4,0,0
0x49518b,63.6364%,4,7,11,0,0,4,7
0x41ede6,99.5722%,4,931,935,0,0,4,931
0x4c4a98,99.8728%,4,3141,3145,0,0,4,3141
0x40c9af,99.8998%,4,3987,3991,3987,4,0,0
0x494fa9,63.6364%,4,7,11,0,0,4,7
0x40279d,99.5731%,4,933,937,293,4,0,640
0x446a53,81.8182%,4,18,22,7,4,0,11
0x421dac,95.4545%,4,84,88,84,4,0,0
0x41e62b,99.4609%,4,738,742,0,0,4,738
0x48e64f,73.3333%,4,11,15,0,0,4,11
0x4039fd,0%,4,0,4,0,2,2,0
0x41f5d9,63.6364%,4,7,11,4,2,2,3
0x4a6316,88.2353%,4,30,34,0,0,4,30
0x4a4486,89.7436%,4,35,39,0,0,4,35
0x42034e,96.6102%,4,114,118,0,3,1,114
0x409240,90.4762%,4,38,42,0,4,0,38
0x43e3ca,90.9091%,4,40,44,0,0,4,40
0x404757,98.6348%,4,289,293,0,0,4,289
0x494393,63.6364%,4,7,11,1,2,2,6
0x49219a,63.6364%,4,7,11,7,4,0,0
0x4f13b6,88.2353%,4,30,34,0,0,4,30
0x4a7dcc,99.9462%,4,7431,7435,7431,4,0,0
0x49424e,63.6364%,4,7,11,0,0,4,7
0x4a63c4,66.6667%,4,8,12,8,4,0,0
0x454a9a,33.3333%,4,2,6,1,2,2,1
0x420222,97.6608%,4,167,171,167,2,2,0
0x420486,89.7436%,4,35,39,34,4,0,1
0x4a6341,88.2353%,4,30,34,20,1,3,10
0x4b02cd,95.5056%,4,85,89,85,2,2,0
0x494fb4,63.6364%,4,7,11,0,0,4,7
0x4a4779,99.9328%,4,5946,5950,0,0,4,5946
0x41ffd5,60%,4,6,10,6,4,0,0
0x42a541,63.6364%,4,7,11,0,0,4,7
0x43fd66,63.6364%,4,7,11,7,4,0,0
0x409393,76.9231%,3,10,13,0,2,1,10
0x4946c1,72.7273%,3,8,11,8,0,3,0
0x492e6f,72.7273%,3,8,11,0,0,3,8
0x402905,99.8849%,3,2603,2606,0,0,3,2603
0x48ec56,72.7273%,3,8,11,8,3,0,0
0x459960,93.1818%,3,41,44,41,3,0,0
0x455011,75%,3,9,12,9,3,0,0
0x48e47f,80%,3,12,15,0,0,3,12
0x4201e2,98.2456%,3,168,171,168,2,1,0
0x4944d3,72.7273%,3,8,11,8,3,0,0
0x4a5c95,94%,3,47,50,0,0,3,47
0x48e777,93.1818%,3,41,44,0,0,3,41
0x4c4b58,99.8948%,3,2849,2852,2849,3,0,0
0x454c1e,50%,3,3,6,0,0,3,3
0x44b7ff,72.7273%,3,8,11,8,3,0,0
0x4092a8,72.7273%,3,8,11,8,1,2,0
0x4a62ea,91.1765%,3,31,34,0,0,3,31
0x4a61a7,75%,3,9,12,9,3,0,0
0x493034,72.7273%,3,8,11,8,3,0,0
0x416cf4,99.6798%,3,934,937,0,0,3,934
0x494bac,72.7273%,3,8,11,8,2,1,0
0x43fcdd,72.7273%,3,8,11,8,3,0,0
0x494b75,93.1818%,3,41,44,8,3,0,33
0x4093c4,76.9231%,3,10,13,10,1,2,0
0x494aad,72.7273%,3,8,11,8,3,0,0
0x41fd42,70%,3,7,10,7,3,0,0
0x4a63eb,99.8975%,3,2924,2927,0,0,3,2924
0x4c4bfb,99.8836%,3,2574,2577,0,0,3,2574
0x45e5a4,86.3636%,3,19,22,0,0,3,19
0x494544,72.7273%,3,8,11,0,0,3,8
0x43e3bc,93.1818%,3,41,44,41,3,0,0
0x40041c,66.6667%,3,6,9,6,0,3,0
0x493740,93.1818%,3,41,44,41,3,0,0
0x492b43,72.7273%,3,8,11,8,3,0,0
0x420970,99.9596%,3,7420,7423,7420,3,0,0
0x45e60e,86.3636%,3,19,22,0,0,3,19
0x494518,72.7273%,3,8,11,0,0,3,8
0x40c164,72.7273%,3,8,11,8,3,0,0
0x41fb77,87.5%,3,21,24,0,0,3,21
0x455058,72.7273%,3,8,11,0,0,3,8
0x4205b1,99.5448%,3,656,659,656,3,0,0
0x494695,86.3636%,3,19,22,8,3,0,11
0x48ed00,72.7273%,3,8,11,8,3,0,0
0x454992,66.6667%,3,6,9,0,0,3,6
0x40ce5a,99.9509%,2,4071,4073,4071,2,0,0
0x405269,81.8182%,2,9,11,9,2,0,0
0x402a5c,99.6644%,2,594,596,594,2,0,0
0x4c4dc8,97.7528%,2,87,89,0,0,2,87
0x49487a,81.8182%,2,9,11,9,2,0,0
0x44b76e,81.8182%,2,9,11,9,2,0,0
0x48ebc4,95.4545%,2,42,44,0,0,2,42
0x45532b,81.8182%,2,9,11,9,2,0,0
0x4950dd,80%,2,8,10,1,2,0,7
0x402508,99.6485%,2,567,569,0,0,2,567
0x42047e,95.122%,2,39,41,0,2,0,39
0x4052e3,81.8182%,2,9,11,9,2,0,0
0x43fd2c,81.8182%,2,9,11,9,2,0,0
0x48e60f,86.6667%,2,13,15,13,2,0,0
0x4549f0,90%,2,18,20,0,0,2,18
0x495120,81.8182%,2,9,11,9,2,0,0
0x4296f7,90.9091%,2,20,22,20,2,0,0
0x453344,81.8182%,2,9,11,9,2,0,0
0x4a48ab,99.96%,2,4995,4997,0,0,2,4995
0x4a6d0f,90.4762%,2,19,21,0,0,2,19
0x4938e4,81.8182%,2,9,11,9,2,0,0
0x492a9d,81.8182%,2,9,11,9,2,0,0
0x493dc6,81.8182%,2,9,11,9,2,0,0
0x41f534,97.7778%,2,88,90,88,2,0,0
0x49371f,95.4545%,2,42,44,42,2,0,0
0x41f0aa,98.1481%,2,106,108,10,2,0,96
0x492e23,81.8182%,2,9,11,9,2,0,0
0x4945a7,81.8182%,2,9,11,0,0,2,9
0x420243,80%,2,8,10,0,0,2,8
0x493733,95.4545%,2,42,44,0,0,2,42
0x48e46c,86.6667%,2,13,15,0,0,2,13
0x4937b2,95.4545%,2,42,44,0,0,2,42
0x403ed2,66.6667%,2,4,6,4,2,0,0
0x494ba3,81.8182%,2,9,11,0,0,2,9
0x4947ff,81.8182%,2,9,11,9,2,0,0
0x405ef2,66.6667%,2,4,6,4,2,0,0
0x40926f,85.7143%,2,12,14,12,2,0,0
0x41fd7e,0%,2,0,2,0,0,2,0
0x41fd17,83.3333%,2,10,12,1,1,1,9
0x4047b0,99.3151%,2,290,292,290,2,0,0
0x403a58,50%,2,2,4,2,2,0,0
0x41fe16,95.8333%,2,46,48,0,0,2,46
0x46c778,95.4545%,2,42,44,42,2,0,0
0x495463,81.8182%,2,9,11,9,2,0,0
0x405243,81.8182%,2,9,11,9,2,0,0
0x40ca9b,99.8636%,2,1464,1466,1464,2,0,0
0x499896,86.6667%,2,13,15,13,2,0,0
0x420356,98.2609%,2,113,115,113,1,1,0
0x4a4f64,99.7788%,2,902,904,0,0,2,902
0x4a5d2d,99.9507%,2,4052,4054,0,0,2,4052
0x4a7df5,99.9731%,2,7433,7435,0,0,2,7433
0x45a40e,98.4848%,2,130,132,130,2,0,0
0x4a48d4,99.96%,2,4995,4997,0,0,2,4995
0x49471b,81.8182%,2,9,11,0,0,2,9
0x409203,96.4912%,2,55,57,0,1,1,55
0x4a488e,99.96%,2,4995,4997,4995,2,0,0
0x420627,99.505%,2,402,404,402,2,0,0
0x429e1b,81.8182%,2,9,11,9,2,0,0
0x45a3c1,99.2424%,1,131,132,131,1,0,0
0x41fdc0,95.8333%,1,23,24,0,0,1,23
0x4c31a4,97.7273%,1,43,44,0,0,1,43
0x4a6ef7,99.9554%,1,2241,2242,0,0,1,2241
0x494bbc,0%,1,0,1,0,0,1,0
0x404742,99.6587%,1,292,293,292,0,1,0
0x49eccb,98.7179%,1,77,78,0,0,1,77
0x41fbee,98.9247%,1,92,93,92,1,0,0
0x403eb9,66.6667%,1,2,3,2,1,0,0
0x454aab,66.6667%,1,2,3,0,0,1,2
0x43e756,99.3007%,1,142,143,142,1,0,0
0x40c1b8,90.9091%,1,10,11,0,0,1,10
0x4029de,99.9616%,1,2605,2606,0,0,1,2605
0x460cd8,90.9091%,1,10,11,0,0,1,10
0x48e475,93.3333%,1,14,15,0,0,1,14
0x420493,0%,1,0,1,0,1,0,0
0x460d09,90.9091%,1,10,11,0,0,1,10
0x459935,97.7273%,1,43,44,0,0,1,43
0x41ec84,91.6667%,1,11,12,0,0,1,11
0x48ec2f,90.9091%,1,10,11,10,1,0,0
0x403db4,90.9091%,1,10,11,0,0,1,10
0x43f9b3,90.9091%,1,10,11,0,0,1,10
0x4a5e58,99.9793%,1,4834,4835,0,0,1,4834
0x404a4e,83.3333%,1,5,6,0,0,1,5
0x46c6bc,97.7273%,1,43,44,43,1,0,0
0x4f0924,90.9091%,1,10,11,10,1,0,0
0x4a616b,95.4545%,1,21,22,0,0,1,21
0x48e455,93.3333%,1,14,15,14,1,0,0
0x4201b5,99.4152%,1,170,171,0,0,1,170
0x4a6ee1,99.9554%,1,2241,2242,0,0,1,2241
0x43fb69,90.9091%,1,10,11,10,1,0,0
0x4a5ef8,99.9085%,1,1092,1093,0,0,1,1092
0x41e861,99.9988%,1,80925,80926,0,0,1,80925
0x48e97a,83.3333%,1,5,6,5,1,0,0
0x4a5e79,99.9883%,1,8529,8530,0,0,1,8529
0x4204bd,0%,1,0,1,0,1,0,0
0x41eff0,99.0741%,1,107,108,0,0,1,107
0x4bbed8,99.9616%,1,2605,2606,2605,1,0,0
0x41ec3d,91.6667%,1,11,12,0,0,1,11
0x40479f,99.6587%,1,292,293,0,0,1,292
0x4a4cbe,99.98%,1,4996,4997,0,0,1,4996
0x4acdf8,90.9091%,1,10,11,0,0,1,10
0x41ebc0,91.6667%,1,11,12,0,0,1,11
0x493a7f,90.9091%,1,10,11,10,1,0,0
0x459da9,97.7273%,1,43,44,0,0,1,43
0x4947b9,90.9091%,1,10,11,0,0,1,10
0x4a6c94,95.4545%,1,21,22,21,1,0,0
0x459db9,97.7273%,1,43,44,43,1,0,0
0x40478d,99.6587%,1,292,293,0,0,1,292
0x402701,83.3333%,1,5,6,0,1,0,5
0x494bde,0%,1,0,1,0,1,0,0
0x4f0f59,95.4545%,1,21,22,21,1,0,0
0x455041,90.9091%,1,10,11,0,0,1,10
0x4a6078,99.9704%,1,3380,3381,3380,1,0,0
0x41ffc1,91.6667%,1,11,12,11,1,0,0
0x4c31c9,97.7273%,1,43,44,0,0,1,43
0x493b9f,90.9091%,1,10,11,0,0,1,10
0x421ce0,91.6667%,1,11,12,11,1,0,0
0x416d15,99.8933%,1,936,937,936,0,1,0
0x494d6d,90.9091%,1,10,11,10,1,0,0
0x4f0f46,95.4545%,1,21,22,0,0,1,21
0x494624,90.9091%,1,10,11,0,0,1,10
0x454aca,66.6667%,1,2,3,0,0,1,2
0x4a496d,99.9646%,1,2825,2826,0,0,1,2825
0x454ae2,66.6667%,1,2,3,2,1,0,0
0x43fb5c,90.9091%,1,10,11,10,1,0,0
0x4a6d29,95.2381%,1,20,21,0,0,1,20
0x48e5d3,93.3333%,1,14,15,14,1,0,0
0x48e4df,93.3333%,1,14,15,14,1,0,0
0x494306,90.9091%,1,10,11,0,0,1,10
0x4942f6,90.9091%,1,10,11,0,0,1,10
0x4f098f,97.7273%,1,43,44,43,1,0,0
0x46c72b,97.7273%,1,43,44,43,1,0,0
0x493d8d,90.9091%,1,10,11,0,0,1,10
0x43f9c9,90.9091%,1,10,11,10,1,0,0
0x4f0e21,90.9091%,1,10,11,10,1,0,0
0x403e99,83.3333%,1,5,6,5,1,0,0
0x48ec0e,90.9091%,1,10,11,10,1,0,0
0x454fdd,91.6667%,1,11,12,11,1,0,0
0x494528,90.9091%,1,10,11,0,0,1,10
0x49458e,90.9091%,1,10,11,10,1,0,0
0x403e86,83.3333%,1,5,6,5,1,0,0
0x43faf3,90.9091%,1,10,11,10,1,0,0
0x494748,90.9091%,1,10,11,0,0,1,10
0x43fb96,90.9091%,1,10,11,0,0,1,10
0x49476e,85.7143%,1,6,7,6,1,0,0
0x4026c7,83.3333%,1,5,6,0,1,0,5
0x42035e,0%,1,0,1,0,1,0,0
0x41fd1c,90%,1,9,10,9,1,0,0
0x494a49,90.9091%,1,10,11,0,0,1,10
0x494a6b,90.9091%,1,10,11,10,1,0,0
0x494bc6,0%,1,0,1,0,0,1,0
0x41ec34,91.6667%,1,11,12,0,0,1,11
0x48ed39,90.9091%,1,10,11,10,1,0,0
0x416a90,99.8825%,1,850,851,0,0,1,850
0x416902,99.9628%,1,2684,2685,0,0,1,2684
0x49249b,90.9091%,1,10,11,0,1,0,10
0x48e58b,93.3333%,1,14,15,14,1,0,0
0x48ed30,90.9091%,1,10,11,10,1,0,0
0x429dc7,90.9091%,1,10,11,10,1,0,0
0x460ad6,90.9091%,1,10,11,0,0,1,10
0x48ed77,90.9091%,1,10,11,0,0,1,10
0x402dd8,99.6587%,1,292,293,0,0,1,292
0x4f3d14,90.9091%,1,10,11,10,1,0,0
0x49218d,90.9091%,1,10,11,10,1,0,0
0x4925b6,90.9091%,1,10,11,10,1,0,0
0x45e5be,95.4545%,1,21,22,0,0,1,21
0x45f3b0,95.4545%,1,21,22,0,0,1,21
0x493367,90.9091%,1,10,11,10,1,0,0
0x4f13aa,97.0588%,1,33,34,0,0,1,33
0x48ee55,90.9091%,1,10,11,0,0,1,10
0x4a4807,99.8951%,1,952,953,0,0,1,952
0x43fc87,90.9091%,1,10,11,10,1,0,0
0x4a47e9,99.8951%,1,952,953,952,1,0,0
0x43fdb4,90.9091%,1,10,11,10,1,0,0
0x4f0cdb,97.7273%,1,43,44,0,1,0,43
0x401dfa,99.8933%,1,936,937,936,1,0,0
0x493d93,90.9091%,1,10,11,10,1,0,0
0x43fca4,90.9091%,1,10,11,10,1,0,0
0x48ebb0,97.7273%,1,43,44,0,0,1,43
0x4929ce,96.1538%,1,25,26,0,0,1,25
0x453d92,96.7742%,1,30,31,30,1,0,0
0x404411,0%,1,0,1,0,0,1,0
0x4093a8,92.3077%,1,12,13,1,1,0,11
0x4bd1f1,98.3051%,1,58,59,0,0,1,58
0x4550a7,90.9091%,1,10,11,10,1,0,0
0x420569,90%,1,9,10,0,0,1,9
0x4033ea,0%,1,0,1,0,1,0,0
0x460c1e,90.9091%,1,10,11,10,1,0,0
0x41ef0c,99.0741%,1,107,108,107,1,0,0
0x460c90,90.9091%,1,10,11,10,1,0,0
0x42a3b0,90.9091%,1,10,11,10,1,0,0
0x45504d,90.9091%,1,10,11,10,1,0,0
0x404b9a,99.9%,1,999,1000,0,0,1,999
0x4920ef,90.9091%,1,10,11,0,0,1,10
0x420572,90%,1,9,10,0,0,1,9
0x45531c,90.9091%,1,10,11,10,1,0,0
0x45503a,90.9091%,1,10,11,0,0,1,10
0x45f360,95.4545%,1,21,22,0,0,1,21
0x491a6e,80%,1,4,5,4,1,0,0
0x491aea,80%,1,4,5,4,1,0,0
0x493078,90.9091%,1,10,11,0,0,1,10
0x43fa42,90.9091%,1,10,11,10,1,0,0
0x4937e1,90%,1,9,10,0,0,1,9
0x4a4a02,99.2126%,1,126,127,126,1,0,0
0x48e597,93.3333%,1,14,15,0,0,1,14
0x4946cd,66.6667%,1,2,3,2,1,0,0
0x403a3f,50%,1,1,2,1,1,0,0
0x403a2a,75%,1,3,4,3,1,0,0
0x403a2f,75%,1,3,4,3,1,0,0
0x49ecba,98.7179%,1,77,78,0,0,1,77
0x4b01ac,90.9091%,1,10,11,10,1,0,0
0x446a76,90.9091%,1,10,11,10,1,0,0
0x400404,88.8889%,1,8,9,8,1,0,0
0x494c06,0%,1,0,1,0,1,0,0
0x403899,0%,1,0,1,0,0,1,0
0x4033bf,0%,1,0,1,0,1,0,0
0x42a34d,90.9091%,1,10,11,0,0,1,10
0x48e62c,93.3333%,1,14,15,14,1,0,0
0x4a47da,99.8951%,1,952,953,0,0,1,952
0x494753,90.9091%,1,10,11,0,1,0,10
0x4043d5,0%,1,0,1,0,1,0,0
0x4043fb,0%,1,0,1,0,1,0,0
0x48e95f,83.3333%,1,5,6,5,1,0,0
0x491b50,83.3333%,1,5,6,5,1,0,0
0x4a7dc3,99.9866%,1,7434,7435,0,0,1,7434
0x4a5c87,98%,1,49,50,49,1,0,0
0x494a41,90.9091%,1,10,11,0,0,1,10
0x42a340,90.9091%,1,10,11,0,0,1,10
0x420136,50%,1,1,2,0,0,1,1
0x4052d1,90.9091%,1,10,11,10,1,0,0
0x4a4795,99.9832%,1,5949,5950,0,0,1,5949
0x43f9f1,90.9091%,1,10,11,10,1,0,0
0x491931,90.9091%,1,10,11,10,1,0,0
0x4939f7,90.9091%,1,10,11,10,1,0,0
0x416313,99.5192%,1,207,208,0,0,1,207
0x4201c1,100%,0,171,171,171,0,0,0
0x409363,100%,0,13,13,0,0,0,13
0x4a63b7,100%,0,12,12,0,0,0,12
0x403f01,100%,0,3,3,0,0,0,3
0x4a6d1e,100%,0,21,21,0,0,0,21
0x4201bc,100%,0,171,171,0,0,0,171
0x494b1c,100%,0,11,11,0,0,0,11
0x4a6447,100%,0,45,45,0,0,0,45
0x48e690,100%,0,6,6,0,0,0,6
0x454c88,100%,0,6,6,6,0,0,0
0x406113,100%,0,6,6,0,0,0,6
0x4a62fe,100%,0,13,13,0,0,0,13
0x4a4911,100%,0,1778,1778,0,0,0,1778
0x492e78,100%,0,11,11,0,0,0,11
0x48e50d,100%,0,15,15,0,0,0,15
0x4061cc,100%,0,990,990,990,0,0,0
0x4a40ca,100%,0,74,74,74,0,0,0
0x4061bb,100%,0,990,990,0,0,0,990
0x491a50,100%,0,5,5,0,0,0,5
0x41fd51,100%,0,2,2,0,0,0,2
0x4061aa,100%,0,990,990,0,0,0,990
0x4bd1cd,100%,0,59,59,0,0,0,59
0x404760,100%,0,293,293,293,0,0,0
0x40933c,100%,0,13,13,0,0,0,13
0x48e4d1,100%,0,15,15,0,0,0,15
0x40619b,100%,0,5,5,0,0,0,5
0x406118,100%,0,6,6,0,0,0,6
0x4a40b3,100%,0,74,74,0,0,0,74
0x48e523,100%,0,15,15,0,0,0,15
0x403f3d,100%,0,6,6,0,0,0,6
0x404b89,100%,0,5,5,0,0,0,5
0x48e534,100%,0,15,15,15,0,0,0
0x403eeb,100%,0,6,6,6,0,0,0
0x4a6320,100%,0,34,34,0,0,0,34
0x48e545,100%,0,15,15,0,0,0,15
0x403f1f,100%,0,6,6,6,0,0,0
0x4a635e,100%,0,12,12,0,0,0,12
0x4b0294,100%,0,89,89,0,0,0,89
0x48e61e,100%,0,15,15,0,0,0,15
0x40371d,100%,0,5,5,0,0,0,5
0x49197a,100%,0,5,5,0,0,0,5
0x403958,100%,0,5,5,0,0,0,5
0x4038cc,100%,0,1,1,0,0,0,1
0x403871,100%,0,1,1,0,0,0,1
0x4047cb,100%,0,1,1,0,0,0,1
0x404bd9,100%,0,5,5,0,0,0,5
0x404bab,100%,0,1000,1000,0,0,0,1000
0x45d744,100%,0,22,22,0,0,0,22
0x4919aa,100%,0,5,5,0,0,0,5
0x48e975,100%,0,6,6,0,0,0,6
0x491b2e,100%,0,6,6,0,0,0,6
0x4a83f3,100%,0,5950,5950,0,0,0,5950
0x404c0f,100%,0,5,5,5,0,0,0
0x4956f0,100%,0,11,11,0,0,0,11
0x4ace0b,100%,0,11,11,0,0,0,11
0x494948,100%,0,11,11,0,0,0,11
0x494618,100%,0,11,11,0,0,0,11
0x43e343,100%,0,22,22,22,0,0,0
0x45f369,100%,0,22,22,0,0,0,22
0x45d73b,100%,0,22,22,0,0,0,22
0x4947de,100%,0,11,11,0,0,0,11
0x422bc6,100%,0,22,22,0,0,0,22
0x459d40,100%,0,44,44,0,0,0,44
0x42048e,100%,0,1,1,0,0,0,1
0x459da0,100%,0,44,44,0,0,0,44
0x4a6c7b,100%,0,22,22,0,0,0,22
0x4f0d24,100%,0,44,44,44,0,0,0
0x4955b3,100%,0,3,3,0,0,0,3
0x49437b,100%,0,3,3,0,0,0,3
0x494352,100%,0,3,3,0,0,0,3
0x491a36,100%,0,5,5,0,0,0,5
0x4919f8,100%,0,5,5,0,0,0,5
0x4919e5,100%,0,5,5,0,0,0,5
0x4919bc,100%,0,5,5,0,0,0,5
0x41ecb5,100%,0,12,12,0,0,0,12
0x404bfe,100%,0,5,5,0,0,0,5
0x49296a,100%,0,26,26,0,0,0,26
0x4a5f6f,100%,0,905,905,905,0,0,0
0x48eb52,100%,0,44,44,0,0,0,44
0x41eb6f,100%,0,12,12,12,0,0,0
0x4a4fee,100%,0,65,65,0,0,0,65
0x48eea6,100%,0,11,11,11,0,0,0
0x4a4fe7,100%,0,65,65,0,0,0,65
0x48ee89,100%,0,11,11,0,0,0,11
0x4a4fd9,100%,0,65,65,0,0,0,65
0x492b33,100%,0,11,11,0,0,0,11
0x4933e9,100%,0,11,11,11,0,0,0
0x41f0a2,100%,0,108,108,0,0,0,108
0x48ecf7,100%,0,11,11,0,0,0,11
0x4921cf,100%,0,11,11,11,0,0,0
0x4921c2,100%,0,11,11,0,0,0,11
0x41efeb,100%,0,108,108,0,0,0,108
0x4921b4,100%,0,11,11,0,0,0,11
0x4051d8,100%,0,11,11,0,0,0,11
0x4b0225,100%,0,11,11,0,0,0,11
0x4f0d17,100%,0,29,29,0,0,0,29
0x404bbc,100%,0,1000,1000,1000,0,0,0
0x49443e,100%,0,11,11,11,0,0,0
0x494431,100%,0,11,11,0,0,0,11
0x49519a,100%,0,11,11,11,0,0,0
0x4f0f1c,100%,0,22,22,22,0,0,0
0x4f0ef5,100%,0,22,22,22,0,0,0
0x49439c,100%,0,8,8,0,0,0,8
0x495711,100%,0,44,44,0,0,0,44
0x495010,100%,0,8,8,8,0,0,0
0x41f599,100%,0,102,102,0,0,0,102
0x494282,100%,0,11,11,0,0,0,11
0x4f0945,100%,0,11,11,0,0,0,11
0x494823,100%,0,11,11,11,0,0,0
0x4f2042,100%,0,11,11,11,0,0,0
0x4938b3,100%,0,11,11,0,0,0,11
0x492aad,100%,0,11,11,0,0,0,11
0x49510d,100%,0,11,11,0,0,0,11
0x49197e,100%,0,5,5,0,0,0,5
0x491915,100%,0,11,11,0,0,0,11
0x494956,100%,0,11,11,0,0,0,11
0x4a4cea,100%,0,4997,4997,0,0,0,4997
0x41f2b5,100%,0,12,12,12,0,0,0
0x493218,100%,0,11,11,0,0,0,11
0x4a4049,100%,0,323,323,0,0,0,323
0x409279,100%,0,24,24,0,0,0,24
0x41e1c9,100%,0,5,5,0,0,0,5
0x429714,100%,0,22,22,0,0,0,22
0x49990a,100%,0,15,15,0,0,0,15
0x40290a,100%,0,2606,2606,0,0,0,2606
0x4a4882,100%,0,4997,4997,0,0,0,4997
0x4a48c3,100%,0,4997,4997,0,0,0,4997
0x49210e,100%,0,11,11,0,0,0,11
0x4bbe19,100%,0,2628,2628,0,0,0,2628
0x4a628d,100%,0,50,50,50,0,0,0
0x49ed04,100%,0,78,78,0,0,0,78
0x4a4cca,100%,0,4997,4997,0,0,0,4997
0x49308c,100%,0,11,11,0,0,0,11
0x4918f0,100%,0,11,11,0,0,0,11
0x49ecd9,100%,0,78,78,0,0,0,78
0x4a484f,100%,0,953,953,953,0,0,0
0x4a6405,100%,0,2927,2927,0,0,0,2927
0x411662,100%,0,617,617,0,0,0,617
0x460c80,100%,0,11,11,0,0,0,11
0x491908,100%,0,11,11,0,0,0,11
0x493d07,100%,0,11,11,11,0,0,0
0x48ed80,100%,0,11,11,11,0,0,0
0x45994a,100%,0,44,44,44,0,0,0
0x48ecd7,100%,0,11,11,0,0,0,11
0x41eb2e,100%,0,12,12,0,0,0,12
0x46c6dc,100%,0,44,44,0,0,0,44
0x4a4834,100%,0,492,492,492,0,0,0
0x446aa7,100%,0,11,11,0,0,0,11
0x48eb81,100%,0,44,44,0,0,0,44
0x49475d,100%,0,10,10,10,0,0,0
0x4a48b7,100%,0,4997,4997,4997,0,0,0
0x49495e,100%,0,11,11,11,0,0,0
0x494b62,100%,0,33,33,0,0,0,33
0x4a40a9,100%,0,74,74,0,0,0,74
0x494bfe,100%,0,1,1,0,0,0,1
0x494c25,100%,0,1,1,0,0,0,1
0x41e290,100%,0,5,5,0,0,0,5
0x40932c,100%,0,13,13,0,0,0,13
0x491b04,100%,0,6,6,0,0,0,6
0x494648,100%,0,11,11,0,0,0,11
0x460bdb,100%,0,11,11,0,0,0,11
0x4bbe6e,100%,0,2607,2607,0,0,0,2607
0x45d75e,100%,0,22,22,0,0,0,22
0x45f220,100%,0,22,22,0,0,0,22
0x494af3,100%,0,11,11,0,0,0,11
0x4091f2,100%,0,41,41,41,0,0,0
0x4f0def,100%,0,11,11,11,0,0,0
0x403aa7,100%,0,5,5,5,0,0,0
0x4b02e6,100%,0,89,89,89,0,0,0
0x454c4d,100%,0,6,6,0,0,0,6
0x4a6274,100%,0,314,314,0,0,0,314
0x4f13b1,100%,0,34,34,0,0,0,34
0x42a3da,100%,0,11,11,11,0,0,0
0x41e365,100%,0,5,5,0,0,0,5
0x49491a,100%,0,11,11,11,0,0,0
0x4f0e12,100%,0,11,11,0,0,0,11
0x4924d2,100%,0,10,10,0,0,0,10
0x4924ef,100%,0,10,10,0,0,0,10
0x491922,100%,0,11,11,0,0,0,11
0x42018b,100%,0,2,2,0,0,0,2
0x4a4157,100%,0,156,156,0,0,0,156
0x4924fe,100%,0,10,10,0,0,0,10
0x41f5de,100%,0,5,5,0,0,0,5
0x43e3a3,100%,0,22,22,22,0,0,0
0x402c56,100%,0,292,292,0,0,0,292
0x429dae,100%,0,11,11,0,0,0,11
0x4a4863,100%,0,492,492,492,0,0,0
0x4a648c,100%,0,2882,2882,0,0,0,2882
0x41e1f0,100%,0,871,871,0,0,0,871
0x494363,100%,0,3,3,0,0,0,3
0x4a4f56,100%,0,904,904,0,0,0,904
0x4bbf14,100%,0,2607,2607,0,0,0,2607
0x404a3f,100%,0,6,6,0,0,0,6
0x421e2a,100%,0,88,88,0,0,0,88
0x493cbb,100%,0,11,11,0,0,0,11
0x45333a,100%,0,11,11,0,0,0,11
0x4024f8,100%,0,277,277,0,0,0,277
0x403776,100%,0,926,926,926,0,0,0
0x429f4b,100%,0,11,11,0,0,0,11
0x492a84,100%,0,11,11,0,0,0,11
0x409373,100%,0,13,13,0,0,0,13
0x494a59,100%,0,11,11,0,0,0,11
0x4f13af,100%,0,34,34,0,0,0,34
0x43fb7c,100%,0,11,11,11,0,0,0
0x4061e6,100%,0,5,5,0,0,0,5
0x4a47c8,100%,0,953,953,0,0,0,953
0x454c37,100%,0,6,6,0,0,0,6
0x40244f,100%,0,926,926,0,0,0,926
0x402b50,100%,0,596,596,0,0,0,596
0x4201a3,100%,0,171,171,0,0,0,171
0x402ad9,100%,0,596,596,0,0,0,596
0x43fd06,100%,0,11,11,11,0,0,0
0x43fcff,100%,0,11,11,0,0,0,11
0x492124,100%,0,11,11,11,0,0,0
0x403a6e,100%,0,2,2,0,0,0,2
0x404bed,100%,0,5,5,0,0,0,5
0x409302,100%,0,13,13,0,0,0,13
0x404c44,100%,0,6,6,0,0,0,6
0x454c48,100%,0,6,6,0,0,0,6
0x4a4161,100%,0,156,156,0,0,0,156
0x454fd4,100%,0,12,12,0,0,0,12
0x403a85,100%,0,4,4,0,0,0,4
0x44b711,100%,0,11,11,11,0,0,0
0x43fa37,100%,0,11,11,11,0,0,0
0x4a6152,100%,0,140,140,0,0,0,140
0x4552ff,100%,0,11,11,0,0,0,11
0x453d7a,100%,0,31,31,0,0,0,31
0x460c73,100%,0,11,11,0,0,0,11
0x460c68,100%,0,11,11,0,0,0,11
0x41e1bb,100%,0,5,5,0,0,0,5
0x460c5f,100%,0,11,11,0,0,0,11
0x460c13,100%,0,11,11,0,0,0,11
0x42a368,100%,0,11,11,0,0,0,11
0x42a35d,100%,0,11,11,0,0,0,11
0x4a4491,100%,0,39,39,0,0,0,39
0x42a546,100%,0,11,11,0,0,0,11
0x4a47b7,100%,0,953,953,0,0,0,953
0x45f229,100%,0,22,22,0,0,0,22
0x409e27,100%,0,293,293,0,0,0,293
0x45a400,100%,0,132,132,0,0,0,132
0x45e5eb,100%,0,22,22,0,0,0,22
0x494c3c,100%,0,1,1,0,0,0,1
0x41e199,100%,0,5,5,0,0,0,5
0x4552fa,100%,0,11,11,0,0,0,11
0x40056a,100%,0,37,37,37,0,0,0
0x4947bf,100%,0,11,11,11,0,0,0
0x454c72,100%,0,6,6,0,0,0,6
0x49309f,100%,0,11,11,11,0,0,0
0x494915,100%,0,11,11,0,0,0,11
0x4116c2,100%,0,617,617,617,0,0,0
0x4a4963,100%,0,2826,2826,0,0,0,2826
0x409236,100%,0,14,14,14,0,0,0
0x48e674,100%,0,6,6,0,0,0,6
0x4a5cf3,100%,0,717,717,0,0,0,717
0x4163be,100%,0,208,208,0,0,0,208
0x4a6337,100%,0,34,34,0,0,0,34
0x446a69,100%,0,11,11,0,0,0,11
0x41e784,100%,0,932,932,932,0,0,0
0x48edf3,100%,0,11,11,11,0,0,0
0x43fc8f,100%,0,11,11,0,0,0,11
0x403753,100%,0,932,932,0,0,0,932
0x43fc6e,100%,0,11,11,0,0,0,11
0x43fc63,100%,0,11,11,0,0,0,11
0x446a3e,100%,0,22,22,0,0,0,22
0x40c0a4,100%,0,11,11,0,0,0,11
0x40c09c,100%,0,11,11,0,0,0,11
0x45e5f4,100%,0,22,22,0,0,0,22
0x48e682,100%,0,6,6,0,0,0,6
0x422bfc,100%,0,22,22,0,0,0,22
0x4a4da4,100%,0,127,127,127,0,0,0
0x45f3b9,100%,0,22,22,0,0,0,22
0x45e59b,100%,0,22,22,0,0,0,22
0x422be1,100%,0,22,22,0,0,0,22
0x403928,100%,0,5,5,0,0,0,5
0x4998c8,100%,0,15,15,0,0,0,15
0x40c1a2,100%,0,11,11,11,0,0,0
0x4549aa,100%,0,20,20,20,0,0,0
