Branch PC,Accuracy,Mispredictions,Correct Predictions,Total,dir_t_pred_t,dir_t_pred_nt,dir_nt_pred_t,dir_nt_pred_nt
aggregate,90.7641%,2014662,19798738,21813400,9879580,786363,1228299,9919158
0x40bda5,71.0932%,140745,346147,486892,301977,29430,111315,44170
0x40971d,67.0063%,106416,216118,322534,124600,44307,62109,91518
0x41683b,49.7954%,88814,88090,176904,44047,44187,44627,44043
0x40cf70,70.5781%,64772,155377,220149,132090,17241,47531,23287
0x40be17,65.6038%,53481,102004,155485,31954,34150,19331,70050
0x40c966,76.6016%,44924,147072,191996,95918,18784,26140,51154
0x40bbbf,67.1983%,44157,90461,134618,45851,20889,23268,44610
0x4164ea,86.4452%,43619,278178,321797,23829,32267,11352,254349
0x40cc3f,84.932%,43535,245389,288924,237312,5746,37789,8077
0x40bbb6,79.791%,41203,162681,203884,42511,26755,14448,120170
0x41ee6f,66.4853%,38428,76232,114660,64232,9113,29315,12000
0x416298,66.3558%,38313,75564,113877,15459,25125,13188,60105
0x409544,71.8271%,36216,92333,128549,14842,23662,12554,77491
0x40cdd3,84.0143%,35237,185191,220428,154076,9019,26218,31115
0x40ccb5,91.2867%,28420,297747,326167,284515,6770,21650,13232
0x40cc72,77.4612%,27926,95976,123902,27846,13283,14643,68130
0x41ee22,67.7494%,27364,57484,84848,49537,8510,18854,7947
0x40cfb4,82.6078%,26752,127064,153816,121732,5807,20945,5332
0x402e0b,80.9332%,26116,110855,136971,44547,12067,14049,66308
0x40cff1,81.79%,26010,116824,142834,112008,6150,19860,4816
0x416416,63.5805%,25482,44486,69968,24381,12828,12654,20105
0x40f6e4,62.0688%,24694,40408,65102,16837,12682,12012,23571
0x4096b4,77.516%,23693,81684,105377,16907,15908,7785,64777
0x40bcb7,89.1978%,22024,181860,203884,147637,5276,16748,34223
0x409489,69.0936%,21216,47430,68646,7281,14199,7017,40149
0x416558,68.9379%,21030,46673,67703,27518,9402,11628,19155
0x40f70f,68.0087%,20827,44275,65102,33704,5215,15612,10571
0x40cf60,91.746%,20062,222996,243058,216755,3394,16668,6241
0x402e1a,75.5217%,19670,60687,80357,47455,6785,12885,13232
0x41eec2,65.8675%,17697,34151,51848,29999,4672,13025,4152
0x40f73a,72.8334%,17686,47416,65102,40631,5637,12049,6785
0x40cfa4,90.274%,17044,158197,175241,150513,3303,13741,7684
0x40f024,69.9167%,16578,38529,55107,29750,4686,11892,8779
0x4094ed,63.5283%,15894,27685,43579,20954,5953,9941,6731
0x40cf7a,79.2369%,14704,56114,70818,53047,4453,10251,3067
0x40eff2,73.6295%,14532,40575,55107,32063,4609,9923,8512
0x40f765,78.1051%,14254,50848,65102,46695,2655,11599,4153
0x41136c,90.2367%,14046,129820,143866,81509,5045,9001,48311
0x4095f9,75.8738%,13888,43676,57564,11163,9117,4771,32513
0x40b796,84.3673%,13605,73424,87029,18046,8167,5438,55378
0x416895,89.3916%,13602,114617,128219,110656,3291,10311,3961
0x40ccf3,95.3784%,13462,277824,291286,222554,4005,9457,55270
0x40bc9b,73.972%,12678,36031,48709,10078,7514,5164,25953
0x40bbd7,81.6273%,12471,55407,67878,47162,4095,8376,8245
0x40b734,85.8449%,12319,74710,87029,70378,2860,9459,4332
0x40b6d4,86.0001%,12184,74845,87029,69505,2581,9603,5340
0x40b676,86.007%,12178,74851,87029,71975,1783,10395,2876
0x40cded,79.4133%,11803,45530,57333,40399,3925,7878,5131
0x40d021,91.1022%,11678,119568,131246,115220,2487,9191,4348
0x40965d,67.1576%,11394,23299,34693,12323,5726,5668,10976
0x41651f,82.9913%,11073,54029,65102,41977,1929,9144,12052
0x40caeb,77.5287%,10786,37213,47999,33242,1748,9038,3971
0x40f056,80.4943%,10749,44358,55107,40650,2835,7914,3708
0x40c98c,86.7331%,10235,66912,77147,61638,2807,7428,5274
0x402e47,92.5466%,10209,126762,136971,118845,2907,7302,7917
0x40ef8e,81.4833%,10204,44903,55107,39033,2350,7854,5870
0x411488,92.7802%,10121,130062,140183,114372,3491,6630,15690
0x40ceec,95.6312%,9630,210798,220428,161350,3971,5659,49448
0x40cfe4,93.9833%,9276,144894,154170,140770,2064,7212,4124
0x40f088,83.2308%,9241,45866,55107,41783,2704,6537,4083
0x40b5f6,89.762%,8910,78119,87029,73211,1866,7044,4908
0x40ce0a,65.9347%,8905,17236,26141,8490,4642,4263,8746
0x40d02e,92.5595%,8758,108949,117707,106286,1690,7068,2663
0x40ef5c,84.1327%,8744,46363,55107,44782,1926,6818,1581
0x402c7e,85.8873%,8645,52612,61257,8506,4571,4074,44106
0x416018,84.6263%,8472,46635,55107,18831,3463,5009,27804
0x41ddeb,97.736%,8461,365250,373711,338758,4241,4220,26492
0x40cfbe,67.9568%,8420,17857,26277,11249,3523,4897,6608
0x4094d0,88.0197%,8224,60422,68646,504,6602,1622,59918
0x40f0ba,85.9909%,7720,47387,55107,44214,1767,5953,3173
0x40efc0,86.0381%,7694,47413,55107,45688,642,7052,1725
0x40cf67,68.161%,7294,15615,22909,10224,2368,4926,5391
0x40bc4b,75.4918%,7263,22372,29635,9364,3650,3613,13008
0x40b69d,79.2052%,7247,27603,34850,3846,4316,2931,23757
0x40bc89,89.2553%,7171,59569,66740,13306,4725,2446,46263
0x409640,87.6451%,7112,50452,57564,2381,4843,2269,48071
0x416578,78.6635%,6568,24215,30783,13661,1863,4705,10554
0x4113d4,88.5138%,6529,50313,56842,38053,2494,4035,12260
0x411385,88.854%,6388,50924,57312,43159,1844,4544,7765
0x40f115,88.4116%,6386,48721,55107,48662,496,5890,59
0x40be1b,92.956%,6296,83085,89381,82491,1323,4973,594
0x40cad7,96.7275%,6283,185713,191996,141836,2161,4122,43877
0x40b75d,85.0378%,6250,35522,41772,1750,4558,1692,33772
0x41de07,98.3539%,6124,365896,372020,334368,2298,3826,31528
0x41eea2,94.6843%,6095,108565,114660,107062,1449,4646,1503
0x40b6fd,87.5274%,6083,42688,48771,2937,4565,1518,39751
0x40cd39,98.1677%,5879,314975,320854,241446,1948,3931,73529
0x40cd08,91.4394%,5541,59186,64727,37145,1579,3962,22041
0x40cffb,77.6544%,5514,19162,24676,17089,2010,3504,2073
0x40bb0e,90.6219%,5237,50606,55843,50261,710,4527,345
0x416a0f,96.0044%,5084,122156,127240,121898,998,4086,258
0x409e93,60.6892%,4974,7679,12653,5670,2282,2692,2009
0x40cfab,76.8075%,4969,16456,21425,13381,1745,3224,3075
0x41ee45,94.2462%,4882,79966,84848,79523,919,3963,443
0x411414,91.8563%,4556,51389,55945,34125,1185,3371,17264
0x409e64,64.8779%,4444,8209,12653,4211,2252,2192,3998
0x411450,92.3664%,4222,51086,55308,30334,2117,2105,20752
0x40be26,93.8234%,4083,62021,66104,61718,938,3145,303
0x41e7cb,97.0617%,4018,132729,136747,4863,2355,1663,127866
0x402ea3,98.4369%,3929,247427,251356,11322,1881,2048,236105
0x40ceab,69.8593%,3921,9088,13009,5563,1068,2853,3525
0x40c995,72.5083%,3492,9210,12702,4178,1205,2287,5032
0x40249c,98.547%,3434,232899,236333,223067,554,2880,9832
0x402cbd,92.6096%,3378,42330,45708,122,2467,911,42208
0x401ce1,93.9299%,3087,47769,50856,33809,1288,1799,13960
0x40d038,68.5541%,3060,6671,9731,4967,1272,1788,1704
0x416598,83.5076%,2965,15013,17978,14781,478,2487,232
0x41eee2,94.2891%,2961,48887,51848,48588,612,2349,299
0x4a623e,95.404%,2788,57874,60662,50750,743,2045,7124
0x41e892,97.6204%,2730,111997,114727,3862,1528,1202,108135
0x40cfeb,76.385%,2677,8659,11336,6872,639,2038,1787
0x40ce1e,79.568%,2658,10351,13009,608,2007,651,9743
0x40ce32,74.8701%,2612,7782,10394,1134,1701,911,6648
0x41646f,96.2528%,2537,65166,67703,879,1722,815,64287
0x40f1d2,57.8289%,2529,3468,5997,2917,789,1740,551
0x401d13,92.8142%,2522,32575,35097,16095,1210,1312,16480
0x41e857,98.1638%,2511,134236,136747,4958,2099,412,129278
0x40ca16,76.4656%,2473,8035,10508,4968,1189,1284,3067
0x40d028,82.5024%,2369,11170,13539,2341,1511,858,8829
0x40b609,80.405%,2342,9610,11952,7268,625,1717,2342
0x40ca4b,75.6004%,2174,6736,8910,1235,1130,1044,5501
0x40b63b,89.7823%,2154,18927,21081,274,1782,372,18653
0x40bd78,68.965%,2129,4731,6860,4318,472,1657,413
0x40cebb,66.7294%,2122,4256,6378,418,1629,493,3838
0x40ce46,71.9275%,2122,5437,7559,1525,1071,1051,3912
0x4113e4,89.8876%,1997,17751,19748,9653,843,1154,8098
0x40f1fb,53.5261%,1977,2277,4254,1565,546,1431,712
0x40bd04,96.1625%,1956,49015,50971,48670,231,1725,345
0x40976b,98.7053%,1955,149047,151002,62,1465,490,148985
0x40ca24,81.5284%,1941,8567,10508,2277,912,1029,6290
0x409733,98.7639%,1899,151728,153627,160,1317,582,151568
0x41e917,98.3657%,1875,112853,114728,4393,1760,115,108460
0x411424,93.039%,1856,24807,26663,15648,584,1272,9159
0x401d5a,96.437%,1812,49044,50856,37911,231,1581,11133
0x41ee8e,95.6456%,1799,39516,41315,25304,930,869,14212
0x41ddf9,99.5232%,1782,371929,373711,0,1691,91,371929
0x409eb5,86.0033%,1771,10882,12653,10873,89,1682,9
0x4113a4,89.6113%,1617,13948,15565,7898,487,1130,6050
0x4024b5,87.2876%,1616,11096,12712,1400,956,660,9696
0x411464,94.7176%,1591,28528,30119,14969,1089,502,13559
0x40ca73,68.029%,1588,3379,4967,1094,771,817,2285
0x402ceb,97.4468%,1564,59693,61257,20,1422,142,59673
0x4024c4,79.5278%,1500,5827,7327,3516,427,1073,2311
0x402e4f,90.4002%,1461,13758,15219,13308,220,1241,450
0x409749,99.0404%,1460,150690,152150,69,1079,381,150621
0x416427,95.6115%,1440,31373,32813,1107,923,517,30266
0x4024bb,86.095%,1440,8916,10356,2087,942,498,6829
0x41146c,89.9865%,1408,12653,14061,6668,594,814,5985
0x4a6247,84.6875%,1404,7765,9169,4550,749,655,3215
0x4a5e65,92.9281%,1353,17779,19132,4595,797,556,13184
0x40b845,72.2906%,1350,3522,4872,2528,619,731,994
0x41142c,87.1345%,1342,9089,10431,5483,545,797,3606
0x41e613,91.0495%,1333,13560,14893,8671,657,676,4889
0x40ca5f,80.7181%,1262,5283,6545,662,916,346,4621
0x416948,92.1571%,1234,14500,15734,14491,127,1107,9
0x41e61c,91.8552%,1213,13680,14893,7625,214,999,6055
0x416ad4,92.0755%,1192,13850,15042,13845,94,1098,5
0x40b94c,77.1286%,1147,3868,5015,3214,391,756,654
0x40f224,51.7459%,1147,1230,2377,741,479,668,489
0x4036f9,92.349%,1140,13760,14900,12918,226,914,842
0x40ce7e,91.4136%,1117,11892,13009,8799,354,763,3093
0x41debb,99.7392%,1117,427110,428227,427110,1117,0,0
0x4113ac,84.6518%,1102,6078,7180,2639,617,485,3439
0x415f9c,98.2418%,1077,60180,61257,3173,944,133,57007
0x40b8df,77.9557%,1074,3798,4872,3106,356,718,692
0x4169fc,99.2894%,1062,148394,149456,83015,874,188,65379
0x4169dd,99.5079%,1039,210091,211130,20,660,379,210071
0x40ca87,66.989%,1024,2078,3102,385,667,357,1693
0x4152e4,93.2483%,1006,13894,14900,38,807,199,13856
0x41688c,99.3202%,957,139820,140777,73735,663,294,66085
0x41686d,99.5583%,895,201722,202617,19,526,369,201703
0x40cc58,99.6367%,883,242175,243058,123755,147,736,118420
0x4113ec,91.1046%,823,8429,9252,2972,481,342,5457
0x40b8c1,85.4642%,822,4833,5655,3500,430,392,1333
0x409eba,51.4488%,821,870,1691,843,37,784,27
0x40cccc,97.7844%,809,35704,36513,2136,616,193,33568
0x40b96d,83.5591%,801,4071,4872,3241,277,524,830
0x4a612d,91.5049%,779,8391,9170,3844,362,417,4547
0x4a4951,89.0842%,770,6284,7054,2363,417,353,3921
0x40f610,66.8138%,752,1514,2266,1331,225,527,183
0x415fc1,98.6874%,750,56390,57140,1451,582,168,54939
0x40efd1,91.5119%,745,8032,8777,2656,349,396,5376
0x40f666,67.917%,727,1539,2266,1470,246,481,69
0x401cf4,95.4185%,722,15037,15759,10940,320,402,4097
0x40f63e,68.4907%,714,1552,2266,1459,216,498,93
0x41169f,71.0277%,702,1721,2423,1516,228,474,205
0x40f160,89.0082%,696,5636,6332,11,372,324,5625
0x40f68e,72.3301%,627,1639,2266,1623,134,493,16
0x4a48fa,91.1694%,623,6432,7055,5043,138,485,1389
0x40f1e7,72.9812%,619,1672,2291,1571,172,447,101
0x4c4a96,91.9995%,619,7118,7737,3188,312,307,3930
0x40f003,96.6531%,617,17818,18435,8977,523,94,8841
0x4a482f,75.9918%,587,1858,2445,1796,114,473,62
0x40f0cb,93.7322%,572,8554,9126,3038,432,140,5516
0x4a64a9,89.2062%,567,4686,5253,2279,295,272,2407
0x4091bf,53.7643%,565,657,1222,549,218,347,108
0x40ccc4,98.512%,560,37074,37634,716,405,155,36358
0x40f18e,91.235%,555,5777,6332,27,285,270,5750
0x401d29,97.038%,527,17265,17792,5425,260,267,11840
0x403763,96.215%,500,12710,13210,98,399,101,12612
0x401d3b,95.8949%,497,11610,12107,5269,326,171,6341
0x41e21f,57.1933%,485,648,1133,230,131,354,418
0x4a4119,79.1304%,480,1820,2300,1735,94,386,85
0x4a5eba,95.5942%,479,10393,10872,4987,165,314,5406
0x40b9dc,78.1742%,471,1687,2158,570,234,237,1117
0x40f099,96.0075%,424,10196,10620,4650,218,206,5546
0x4a5e9c,93.9752%,398,6208,6606,4660,161,237,1548
0x4a5ecb,93.2692%,385,5335,5720,2581,140,245,2754
0x41e314,68.3142%,359,774,1133,762,52,307,12
0x4019ff,95.2779%,339,6840,7179,2554,126,213,4286
0x409ed0,58.3231%,338,473,811,356,175,163,117
0x4164f5,99.8975%,330,321467,321797,15248,9,321,306219
0x4164fc,99.893%,328,306212,306540,256408,287,41,49804
0x4a4983,92.4427%,323,3951,4274,1933,128,195,2018
0x4a5e97,97.7074%,315,13425,13740,7066,68,247,6359
0x4c4ab1,92.1066%,305,3559,3864,2959,190,115,600
0x40f210,85.8143%,304,1839,2143,1809,68,236,30
0x402d16,99.4968%,301,59514,59815,59514,52,249,0
0x4a64b6,94.3842%,295,4958,5253,1778,148,147,3180
0x40f24d,81.5261%,276,1218,1494,14,213,63,1204
0x40b9fd,94.3966%,273,4599,4872,615,220,53,3984
0x40cd1f,98.9617%,270,25733,26003,3536,147,123,22197
0x40f262,78.7687%,269,998,1267,103,148,121,895
0x4a602d,87.5585%,266,1872,2138,979,140,126,893
0x41687b,99.8723%,258,201814,202072,61237,58,200,140577
0x4a5ff7,94.6692%,257,4564,4821,1597,152,105,2967
0x40370f,85.5353%,254,1502,1756,1495,195,59,7
0x41606f,99.45%,253,45745,45998,2172,190,63,43573
0x4094e3,99.7196%,248,88199,88447,44700,168,80,43499
0x40ef9f,98.295%,234,13490,13724,6014,126,108,7476
0x416d15,98.2303%,225,12489,12714,12316,50,175,173
0x40ca2e,96.9258%,225,7094,7319,6092,65,160,1002
0x4a49b8,96.8245%,224,6830,7054,1325,150,74,5505
0x40ef6d,97.3449%,223,8176,8399,2700,188,35,5476
0x4091e7,51.4286%,221,234,455,192,92,129,42
0x40f239,81.331%,216,941,1157,815,68,148,126
0x4a6004,93.0339%,214,2858,3072,833,101,113,2025
0x4a5c55,98.0185%,212,10487,10699,6935,120,92,3552
0x40b64f,98.5435%,211,14276,14487,13107,81,130,1169
0x4169eb,99.9007%,209,210240,210449,60904,89,120,149336
0x402cfc,99.6539%,207,59608,59815,0,0,207,59608
0x40ba84,78.7256%,207,766,973,56,82,125,710
0x416abb,98.8788%,204,17990,18194,7226,125,79,10764
0x40c979,99.7425%,199,77095,77294,99,48,151,76996
0x4a6424,96.3012%,196,5103,5299,135,95,101,4968
0x40f067,98.3135%,196,11426,11622,5371,153,43,6055
0x4a5c75,94.6487%,195,3449,3644,3446,53,142,3
0x40b646,99.0845%,193,20888,21081,6478,116,77,14410
0x4169b4,99.7835%,191,88043,88234,0,0,191,88043
0x4a4931,90.0213%,187,1687,1874,1105,117,70,582
0x416026,99.4484%,181,32632,32813,2,112,69,32630
0x41dc4e,89.4737%,178,1513,1691,1513,178,0,0
0x4a4088,98.9958%,169,16661,16830,1693,136,33,14968
0x402477,99.9289%,168,236166,236334,0,1,167,236166
0x40ca38,97.5095%,163,6382,6545,0,0,163,6382
0x4096bc,99.7781%,161,72401,72562,47723,90,71,24678
0x41e338,85.9665%,159,974,1133,972,18,141,2
0x4160f6,99.6402%,157,43478,43635,0,0,157,43478
0x4a47a5,98.3474%,157,9343,9500,6979,76,81,2364
0x416844,99.8263%,154,88516,88670,0,0,154,88516
0x402487,99.9365%,150,236183,236333,0,0,150,236183
0x4a5f4d,94.52%,149,2570,2719,739,74,75,1831
0x41edef,98.8866%,147,13056,13203,6114,35,112,6942
0x40954c,99.8367%,147,89898,90045,59825,78,69,30073
0x4c4aa2,96.6486%,142,4095,4237,276,88,54,3819
0x40f035,99.3179%,141,20530,20671,11005,6,135,9525
0x409653,99.7997%,137,68252,68389,33616,80,57,34636
0x4a5ead,98.845%,134,11468,11602,636,94,40,10832
0x41143b,96.9566%,134,4269,4403,540,97,37,3729
0x41e300,88.824%,134,1065,1199,0,66,68,1065
0x4a498c,94.0352%,132,2081,2213,494,71,61,1587
0x416aad,99.281%,131,18088,18219,0,25,106,18088
0x4113bb,96.7125%,129,3795,3924,363,107,22,3432
0x4c4e72,99.1574%,128,15063,15191,11304,38,90,3759
0x416853,99.8647%,120,88550,88670,0,0,120,88550
0x40b655,99.0462%,114,11838,11952,6018,97,17,5820
0x416278,99.7456%,111,43525,43636,0,0,111,43525
0x409264,50%,109,109,218,65,50,59,44
0x40b768,99.7438%,107,41665,41772,7812,55,52,33853
0x416902,99.2643%,105,14167,14272,0,79,26,14167
0x4165c3,99.8227%,99,55744,55843,0,0,99,55744
0x4a6146,98.0254%,98,4865,4963,4757,64,34,108
0x41620b,99.7754%,98,43537,43635,0,0,98,43537
0x41e213,91.9804%,98,1124,1222,11,78,20,1113
0x4a41cb,99.4177%,98,16732,16830,15118,29,69,1614
0x4a5ee6,96.901%,93,2908,3001,2614,10,83,294
0x4a62c0,96.5129%,93,2574,2667,2494,65,28,80
0x41693c,99.5713%,92,21366,21458,13024,53,39,8342
0x40ca05,98.743%,92,7227,7319,0,0,92,7227
0x40b711,99.7721%,92,40279,40371,33807,21,71,6472
0x4a642e,98.185%,92,4977,5069,4696,27,65,281
0x41691d,99.6876%,90,28721,28811,1,24,66,28720
0x40279d,99.2921%,90,12624,12714,1617,75,15,11007
0x411cde,99.8547%,89,61168,61257,61168,89,0,0
0x4169c0,99.9003%,88,88146,88234,0,0,88,88146
0x41690e,99.387%,87,14106,14193,0,0,87,14106
0x402763,99.3157%,87,12627,12714,1691,1,86,10936
0x41e797,99.3793%,82,13128,13210,6104,49,33,7024
0x40373a,99.3793%,82,13128,13210,0,0,82,13128
0x4162a4,99.8908%,80,73213,73293,70164,77,3,3049
0x4c4c56,99.353%,80,12285,12365,9214,18,62,3071
0x415fa9,99.8617%,79,57061,57140,0,0,79,57061
0x402c83,99.8381%,78,48102,48180,2468,4,74,45634
0x40ccd1,99.7719%,77,33684,33761,1630,1,76,32054
0x41e24d,93.9844%,77,1203,1280,1202,12,65,1
0x4bbe98,99.1726%,76,9109,9185,1802,35,41,7307
0x416183,99.8281%,75,43560,43635,0,0,75,43560
0x4a6236,99.8543%,75,51418,51493,0,0,75,51418
0x40ccb9,99.7907%,73,34809,34882,0,0,73,34809
0x40922b,73.6462%,73,204,277,199,27,46,5
0x4a83ea,99.2526%,71,9429,9500,0,0,71,9429
0x416a82,98.3656%,71,4273,4344,0,64,7,4273
0x4a5cea,99.0234%,70,7098,7168,4849,25,45,2249
0x402e2a,99.732%,70,26047,26117,16613,52,18,9434
0x4a49a3,99.0077%,70,6984,7054,0,0,70,6984
0x41e357,94.3286%,68,1131,1199,1131,2,66,0
0x4a5e58,99.3745%,68,10804,10872,0,0,68,10804
0x40929d,35.5769%,67,37,104,30,65,2,7
0x4a840c,99.3263%,64,9436,9500,9436,64,0,0
0x41e633,99.1963%,63,7776,7839,4871,51,12,2905
0x409203,79.2254%,59,225,284,2,45,14,223
0x41e1fc,95.5224%,57,1216,1273,1,50,7,1215
0x40bc73,99.9146%,57,66683,66740,0,0,57,66683
0x416447,99.8213%,55,30728,30783,0,0,55,30728
0x4c4af8,98.2852%,54,3095,3149,0,0,54,3095
0x416acc,99.502%,54,10789,10843,3142,35,19,7647
0x4a7de7,99.5046%,53,10646,10699,0,0,53,10646
0x404729,96.8658%,53,1638,1691,1638,53,0,0
0x416cf4,99.591%,52,12662,12714,0,0,52,12662
0x4a478d,99.4526%,52,9448,9500,0,0,52,9448
0x4163fd,55.2632%,51,63,114,5,49,2,58
0x41e261,22.7273%,51,15,66,15,0,51,0
0x4a6438,99.0376%,51,5248,5299,5243,10,41,5
0x4091f2,70.7602%,50,121,171,121,10,40,0
0x411458,99.7856%,49,22808,22857,0,0,49,22808
0x4115ec,98.019%,48,2375,2423,2375,48,0,0
0x40b708,99.9016%,48,48723,48771,8388,12,36,40335
0x4152f4,99.6656%,47,14008,14055,14007,10,37,1
0x4bbef9,97.6048%,44,1793,1837,0,0,44,1793
0x4a5f94,88.8594%,42,335,377,1,2,40,334
0x4113fb,99.2757%,42,5757,5799,864,33,9,4893
0x401dfa,99.6933%,39,12675,12714,12675,39,0,0
0x40f1b7,99.3522%,39,5981,6020,0,23,16,5981
0x40b776,99.7172%,39,13752,13791,6269,39,0,7483
0x40248c,99.9839%,38,236295,236333,0,0,38,236295
0x4a7d73,99.6542%,37,10662,10699,0,0,37,10662
0x4a4779,99.6211%,36,9464,9500,0,0,36,9464
0x41e7b2,99.9737%,36,136711,136747,0,0,36,136711
0x4c4dc2,99.0705%,36,3837,3873,3820,29,7,17
0x4c4b02,98.9203%,34,3115,3149,3115,34,0,0
0x4a5f01,97.1429%,34,1156,1190,355,19,15,801
0x40b6a8,99.9053%,33,34817,34850,5105,4,29,29712
0x40b771,99.9056%,32,33873,33905,27961,20,12,5912
0x41ede6,99.7652%,31,13172,13203,0,0,31,13172
0x409240,86.2832%,31,195,226,1,25,6,194
0x4a4963,99.2981%,30,4244,4274,0,0,30,4244
0x40ce69,99.7792%,29,13103,13132,13103,29,0,0
0x40479f,98.285%,29,1662,1691,0,13,16,1662
0x41692b,99.8993%,29,28757,28786,7325,3,26,21432
0x402824,98.4213%,29,1808,1837,1808,29,0,0
0x4a5e79,99.7889%,29,13711,13740,0,0,29,13711
0x4a5d72,99.1731%,28,3358,3386,1692,13,15,1666
0x4a5d2d,99.6729%,28,8533,8561,0,0,28,8533
0x4a6139,99.4359%,28,4936,4964,0,1,27,4936
0x4a5cfe,98.823%,27,2267,2294,0,0,27,2267
0x40b6b1,99.9092%,27,29714,29741,21556,23,4,8158
0x41e769,99.8032%,26,13184,13210,0,0,26,13184
0x4113dc,99.8404%,26,16269,16295,0,0,26,16269
0x4a6d0f,71.7391%,26,66,92,0,0,26,66
0x4c4e7f,99.3505%,25,3824,3849,3780,10,15,44
0x409279,78.2609%,25,90,115,1,15,10,89
0x40477b,98.5216%,25,1666,1691,0,0,25,1666
0x4029de,98.6935%,24,1813,1837,0,0,24,1813
0x4a62ca,77.7778%,24,84,108,16,0,24,68
0x4150c1,99.9194%,24,29769,29793,29769,24,0,0
0x420970,99.785%,23,10674,10697,10674,23,0,0
0x4a491b,98.826%,22,1852,1874,0,0,22,1852
0x41e861,99.9838%,21,129669,129690,0,0,21,129669
0x4bbdbc,98.9142%,20,1822,1842,1822,18,2,0
0x4a63eb,99.6226%,20,5279,5299,0,0,20,5279
0x4bbe67,99.4556%,20,3654,3674,1837,0,20,1817
0x402c56,98.8173%,20,1671,1691,0,0,20,1671
0x4a4140,99.1304%,20,2280,2300,2261,10,10,19
0x4a7ddb,99.8131%,20,10679,10699,0,0,20,10679
0x4a418e,99.1739%,19,2281,2300,7,9,10,2274
0x4a485e,99.2229%,19,2426,2445,1910,0,19,516
0x4093c4,79.7753%,18,71,89,71,6,12,0
0x4a5f96,95.1872%,18,356,374,331,15,3,25
0x41e87d,99.9843%,18,114709,114727,0,0,18,114709
0x4a5e86,99.8763%,17,13723,13740,0,0,17,13723
0x4a60f6,99.6847%,17,5375,5392,2653,14,3,2722
0x4116de,99.2984%,17,2406,2423,1743,1,16,663
0x4a7d87,99.8411%,17,10682,10699,0,0,17,10682
0x4c4bfb,99.4574%,17,3116,3133,0,0,17,3116
0x409236,66.6667%,17,34,51,32,1,16,2
0x4029a3,99.129%,16,1821,1837,0,0,16,1821
0x4bbec2,99.7823%,16,7332,7348,7332,16,0,0
0x4a7dac,99.8598%,15,10684,10699,0,0,15,10684
0x4092b2,84.2105%,15,80,95,80,8,7,0
0x403753,99.8864%,15,13195,13210,0,0,15,13195
0x402481,99.9937%,15,236318,236333,0,0,15,236318
0x41f071,75.8065%,15,47,62,45,7,8,2
0x4a6405,99.7169%,15,5284,5299,0,0,15,5284
0x4a5c95,90.3448%,14,131,145,0,0,14,131
0x41edf9,99.8015%,14,7040,7054,2644,4,10,4396
0x4a7df0,99.8691%,14,10685,10699,0,0,14,10685
0x4a493a,97.8528%,14,638,652,1,3,11,637
0x416cbc,99.8978%,13,12701,12714,0,0,13,12701
0x4bbda7,99.6466%,13,3666,3679,3665,9,4,1
0x40caa8,99.4503%,13,2352,2365,2352,13,0,0
0x4a640f,99.7547%,13,5286,5299,0,0,13,5286
0x4a5cd0,99.8863%,12,10542,10554,3380,6,6,7162
0x4c4ba0,99.6189%,12,3137,3149,3125,8,4,12
0x4a4795,99.8737%,12,9488,9500,0,0,12,9488
0x41138d,99.9025%,12,12297,12309,0,0,12,12297
0x402997,99.3468%,12,1825,1837,0,0,12,1825
0x4a4834,97.757%,12,523,535,523,12,0,0
0x41141c,99.9418%,12,20623,20635,0,0,12,20623
0x40b6b6,99.9171%,11,13260,13271,8155,7,4,5105
0x404757,99.3495%,11,1680,1691,0,0,11,1680
0x4c4c63,99.6489%,11,3122,3133,3088,6,5,34
0x40b716,99.9331%,10,14933,14943,7495,7,3,7438
0x4a40ed,99.5652%,10,2290,2300,2283,3,7,7
0x4c4e1b,99.7402%,10,3839,3849,0,0,10,3839
0x4c4b4e,99.7418%,10,3863,3873,0,0,10,3863
0x41e1f0,99.2188%,10,1270,1280,0,7,3,1270
0x4a496d,99.766%,10,4264,4274,0,0,10,4264
0x4a47da,99.591%,10,2435,2445,0,0,10,2435
0x4a7dcc,99.9159%,9,10690,10699,10690,9,0,0
0x41147b,99.8676%,9,6790,6799,1679,0,9,5111
0x41eacf,52.6316%,9,10,19,3,2,7,7
0x4a6d29,90.2174%,9,83,92,0,0,9,83
0x411667,99.6286%,9,2414,2423,0,0,9,2414
0x4a4882,99.8866%,8,7047,7055,0,0,8,7047
0x4a4cca,99.8866%,8,7047,7055,0,0,8,7047
0x4a4173,72.4138%,8,21,29,14,6,2,7
0x4a8403,99.9158%,8,9492,9500,0,0,8,9492
0x4bbde4,99.5657%,8,1834,1842,1,4,4,1833
0x4a615f,94.3662%,8,134,142,130,5,3,4
0x4a48b7,99.8866%,8,7047,7055,7047,8,0,0
0x4a4945,99.8866%,8,7047,7055,0,1,7,7047
0x4165a0,99.7058%,8,2711,2719,2711,8,0,0
0x4a48f0,99.8866%,8,7047,7055,0,0,8,7047
0x4047a9,99.5269%,8,1683,1691,0,0,8,1683
0x4a48e2,99.8866%,8,7047,7055,0,0,8,7047
0x4bbdfa,99.5657%,8,1834,1842,1,2,6,1833
0x4a7df5,99.9346%,7,10692,10699,0,0,7,10692
0x4a49e9,99.9008%,7,7048,7055,7048,5,2,0
0x40c9af,99.9044%,7,7312,7319,7312,7,0,0
0x4a5c2a,99.9346%,7,10692,10699,0,0,7,10692
0x402b50,99.7931%,7,3377,3384,0,0,7,3377
0x40244f,99.9449%,7,12706,12713,0,0,7,12706
0x420425,50%,7,7,14,5,5,2,2
0x409302,92.1348%,7,82,89,0,7,0,82
0x4a648c,99.8858%,6,5247,5253,0,0,6,5247
0x409e27,99.6452%,6,1685,1691,0,0,6,1685
0x41ec6f,71.4286%,6,15,21,15,4,2,0
0x4116c2,99.7524%,6,2417,2423,2417,6,0,0
0x41e9d3,72.7273%,6,16,22,12,4,2,4
0x41e62b,99.9235%,6,7833,7839,0,0,6,7833
0x4a4cd7,99.915%,6,7049,7055,7049,6,0,0
0x420186,71.4286%,6,15,21,15,4,2,0
0x402a5c,99.8227%,6,3378,3384,3378,6,0,0
0x4a4807,99.7546%,6,2439,2445,0,0,6,2439
0x40ce5a,99.8791%,6,4957,4963,4957,6,0,0
0x4a4186,99.7391%,6,2294,2300,0,0,6,2294
0x4c4ba6,68.75%,5,11,16,2,3,2,9
0x4a6178,28.5714%,5,2,7,2,5,0,0
0x4a4cbe,99.9291%,5,7050,7055,0,0,5,7050
0x41e624,99.9291%,5,7049,7054,4402,4,1,2647
0x411662,99.7936%,5,2418,2423,0,0,5,2418
0x403776,99.9607%,5,12708,12713,12708,4,1,0
0x40290a,99.7278%,5,1832,1837,0,0,5,1832
0x4bbdd3,99.7286%,5,1837,1842,2,3,2,1835
0x4a5d53,99.8523%,5,3381,3386,3381,3,2,0
0x4a40ca,68.75%,5,11,16,11,0,5,0
0x40926f,95.1456%,5,98,103,98,0,5,0
0x420503,88.0952%,5,37,42,36,2,3,1
0x4a4863,99.0654%,5,530,535,530,5,0,0
0x4a47b7,99.8364%,4,2441,2445,0,0,4,2441
0x4a4cea,99.9433%,4,7051,7055,0,0,4,7051
0x4a4859,99.8364%,4,2441,2445,0,0,4,2441
0x402dd8,99.7635%,4,1687,1691,0,0,4,1687
0x4a83f3,99.9579%,4,9496,9500,0,0,4,9496
0x41fca9,83.3333%,4,20,24,19,1,3,1
0x42032f,87.5%,4,28,32,0,4,0,28
0x4a4c05,99.9433%,4,7051,7055,0,0,4,7051
0x41f04b,66.6667%,4,8,12,0,2,2,8
0x4a4911,99.7866%,4,1870,1874,0,0,4,1870
0x404742,99.7635%,4,1687,1691,1687,3,1,0
0x4bbdac,99.7828%,4,1838,1842,1837,4,0,1
0x4a628d,97.2414%,4,141,145,141,4,0,0
0x41fda9,60%,4,6,10,5,1,3,1
0x409e3a,99.7635%,4,1687,1691,0,0,4,1687
0x416339,96.4912%,4,110,114,110,3,1,0
0x4bbf14,99.7823%,4,1833,1837,0,0,4,1833
0x416a90,99.9065%,4,4276,4280,0,0,4,4276
0x4a6078,99.8129%,4,2134,2138,2134,4,0,0
0x40933c,95.5056%,4,85,89,0,4,0,85
0x4a6320,95.6522%,4,88,92,0,0,4,88
0x49eca6,42.8571%,4,3,7,0,1,3,3
0x40932c,96.6292%,3,86,89,1,3,0,85
0x4a417c,66.6667%,3,6,9,2,1,2,4
0x420222,85.7143%,3,18,21,18,1,2,0
0x402747,99.9764%,3,12711,12714,0,0,3,12711
0x41fb77,25%,3,1,4,0,0,3,1
0x4b02bc,57.1429%,3,4,7,0,3,0,4
0x41f0aa,75%,3,9,12,0,2,1,9
0x4a7dc3,99.972%,3,10696,10699,0,0,3,10696
0x4b02a9,57.1429%,3,4,7,0,3,0,4
0x41eca6,92.8571%,3,39,42,39,1,2,0
0x49371f,25%,3,1,4,1,3,0,0
0x4a5cf3,99.8692%,3,2291,2294,0,0,3,2291
0x41e91d,99.9972%,3,108572,108575,0,1,2,108572
0x4a6ef7,99.9365%,3,4720,4723,0,0,3,4720
0x4bbe2a,99.9183%,3,3671,3674,3671,3,0,0
0x4a488e,99.9575%,3,7052,7055,7052,3,0,0
0x4a47e9,99.8773%,3,2442,2445,2442,3,0,0
0x4f3dc5,40%,3,2,5,2,2,1,0
0x42033d,89.2857%,3,25,28,11,3,0,14
0x4c4a98,99.9292%,3,4234,4237,0,0,3,4234
0x41f5e4,66.6667%,3,6,9,6,3,0,0
0x4a48ab,99.9575%,3,7052,7055,0,0,3,7052
0x421a93,99.9684%,3,9495,9498,0,0,3,9495
0x41ebf5,92.5%,3,37,40,37,1,2,0
0x4a616b,57.1429%,3,4,7,0,0,3,4
0x4bbe6e,99.8367%,3,1834,1837,0,0,3,1834
0x4092a8,66.6667%,3,6,9,6,2,1,0
0x41e784,99.9773%,3,13207,13210,13207,3,0,0
0x41fbe0,75%,3,9,12,4,2,1,5
0x404b9a,97.2603%,2,71,73,0,0,2,71
0x4201b5,90.4762%,2,19,21,9,1,1,10
0x46c778,50%,2,2,4,2,2,0,0
0x4f0cdb,50%,2,2,4,0,1,1,2
0x41f5b2,77.7778%,2,7,9,7,2,0,0
0x422be1,0%,2,0,2,0,0,2,0
0x4b024e,98.4733%,2,129,131,129,1,1,0
0x43e3ca,50%,2,2,4,0,0,2,2
0x404c6a,97.2222%,2,70,72,70,1,1,0
0x41eaff,90%,2,18,20,18,1,1,0
0x493dc1,84.6154%,2,11,13,11,1,1,0
0x41f51e,94.1176%,2,32,34,14,2,0,18
0x4a62f5,97.8261%,2,90,92,90,2,0,0
0x42045a,50%,2,2,4,2,2,0,0
0x41fec5,50%,2,2,4,2,2,0,0
0x4a4049,99.8812%,2,1681,1683,0,0,2,1681
0x49375b,50%,2,2,4,1,0,2,1
0x402905,99.8911%,2,1835,1837,0,0,2,1835
0x404bbc,97.2603%,2,71,73,71,2,0,0
0x41fd29,33.3333%,2,1,3,1,2,0,0
0x4a63c4,0%,2,0,2,0,2,0,0
0x41fbc9,91.6667%,2,22,24,10,2,0,12
0x41f59e,80%,2,8,10,0,1,1,8
0x41fd1c,66.6667%,2,4,6,1,2,0,3
0x404bcd,97.2603%,2,71,73,71,1,1,0
0x404760,99.8817%,2,1689,1691,1689,2,0,0
0x4a6ee1,99.9577%,2,4721,4723,0,0,2,4721
0x453d92,33.3333%,2,1,3,1,2,0,0
0x4c31c9,50%,2,2,4,0,0,2,2
0x49572b,50%,2,2,4,2,1,1,0
0x494b81,50%,2,2,4,2,1,1,0
0x4a47c8,99.9182%,2,2443,2445,0,0,2,2443
0x406377,97.2222%,2,70,72,70,1,1,0
0x4b0299,71.4286%,2,5,7,0,1,1,5
0x4a4058,99.8812%,2,1681,1683,1681,2,0,0
0x402ad9,99.9409%,2,3382,3384,0,0,2,3382
0x421dac,75%,2,6,8,6,2,0,0
0x421ce0,0%,2,0,2,0,2,0,0
0x4a484f,99.9182%,2,2443,2445,2443,2,0,0
0x4a5f2b,99.9265%,2,2719,2721,0,2,0,2719
0x43e3bc,50%,2,2,4,2,2,0,0
0x420349,85.7143%,2,12,14,5,2,0,7
0x41ea3f,90.9091%,2,20,22,20,1,1,0
0x48ebd6,50%,2,2,4,0,1,1,2
0x4a7d9b,99.9813%,2,10697,10699,10697,2,0,0
0x4163be,98.2456%,2,112,114,0,1,1,112
0x4a4f64,99.646%,2,563,565,0,0,2,563
0x44b4b6,75%,2,6,8,6,1,1,0
0x4bbf0a,99.8911%,2,1835,1837,0,0,2,1835
0x4061dd,97.2222%,2,70,72,70,1,1,0
0x45a40e,83.3333%,2,10,12,10,2,0,0
0x402508,99.9629%,2,5383,5385,0,0,2,5383
0x41fd08,80%,2,8,10,2,2,0,6
0x4a5d19,99.9128%,2,2292,2294,2292,2,0,0
0x4945ec,0%,2,0,2,0,1,1,0
0x493740,50%,2,2,4,2,2,0,0
0x4f098f,50%,2,2,4,2,2,0,0
0x41fbe5,83.3333%,1,5,6,0,0,1,5
0x41fd42,83.3333%,1,5,6,5,1,0,0
0x494518,0%,1,0,1,0,0,1,0
0x48ec2f,0%,1,0,1,0,1,0,0
0x492124,0%,1,0,1,0,1,0,0
0x44b7ff,0%,1,0,1,0,1,0,0
0x4a52a3,99.9858%,1,7054,7055,7054,1,0,0
0x4a4da4,50%,1,1,2,1,1,0,0
0x40c1b8,0%,1,0,1,0,0,1,0
0x404a4e,0%,1,0,1,0,0,1,0
0x4a6ef0,99.9788%,1,4722,4723,0,0,1,4722
0x4949f5,0%,1,0,1,0,1,0,0
0x4093a8,98.8764%,1,88,89,0,1,0,88
0x494bc6,0%,1,0,1,0,0,1,0
0x45504d,0%,1,0,1,0,1,0,0
0x4acdf8,0%,1,0,1,0,0,1,0
0x49eccb,83.3333%,1,5,6,0,0,1,5
0x45e5be,50%,1,1,2,0,0,1,1
0x4201bc,90.9091%,1,10,11,0,0,1,10
0x40371d,98.4848%,1,65,66,0,0,1,65
0x41ec84,50%,1,1,2,0,0,1,1
0x46c6bc,75%,1,3,4,3,1,0,0
0x43fd06,0%,1,0,1,0,1,0,0
0x48e64f,0%,1,0,1,0,0,1,0
0x45a3c1,91.6667%,1,11,12,11,1,0,0
0x459935,75%,1,3,4,0,0,1,3
0x459d40,75%,1,3,4,0,0,1,3
0x48ec56,0%,1,0,1,0,1,0,0
0x45d744,50%,1,1,2,0,0,1,1
0x45f369,50%,1,1,2,0,0,1,1
0x402701,99.7988%,1,496,497,0,0,1,496
0x42034e,85.7143%,1,6,7,0,0,1,6
0x4c4b58,99.9742%,1,3872,3873,3872,1,0,0
0x494bde,0%,1,0,1,0,1,0,0
0x4a6d1e,98.913%,1,91,92,0,0,1,91
0x41ebc0,50%,1,1,2,0,0,1,1
0x41eb97,50%,1,1,2,0,0,1,1
0x402ad4,99.9704%,1,3383,3384,0,0,1,3383
0x4a61a7,0%,1,0,1,0,1,0,0
0x4a4f6b,99.823%,1,564,565,0,0,1,564
0x4a6341,98.913%,1,91,92,91,1,0,0
0x4947b9,0%,1,0,1,0,0,1,0
0x429e1b,0%,1,0,1,0,1,0,0
0x48edf3,0%,1,0,1,0,1,0,0
0x41e988,50%,1,1,2,0,1,0,1
0x41e97a,50%,1,1,2,0,0,1,1
0x4939f7,0%,1,0,1,0,1,0,0
0x4a60d4,50%,1,1,2,0,1,0,1
0x4201e2,90.9091%,1,10,11,10,1,0,0
0x45f3b0,50%,1,1,2,0,0,1,1
0x42050b,75%,1,3,4,3,1,0,0
0x459db9,75%,1,3,4,3,1,0,0
0x409393,98.8764%,1,88,89,0,1,0,88
0x43e756,92.3077%,1,12,13,12,1,0,0
0x48ed80,0%,1,0,1,0,1,0,0
0x494748,0%,1,0,1,0,0,1,0
0x402b11,99.9704%,1,3383,3384,0,0,1,3383
0x43f9f1,0%,1,0,1,0,1,0,0
0x41fdc0,75%,1,3,4,0,0,1,3
0x4bbe19,99.9456%,1,1838,1839,0,0,1,1838
0x40ca9b,99.9512%,1,2049,2050,2049,1,0,0
0x420372,92.8571%,1,13,14,13,1,0,0
0x41f534,88.8889%,1,8,9,8,1,0,0
0x41f52f,94.4444%,1,17,18,8,1,0,9
0x494544,0%,1,0,1,0,0,1,0
0x41fc03,91.6667%,1,11,12,11,1,0,0
0x41fbee,83.3333%,1,5,6,5,1,0,0
0x4f2042,0%,1,0,1,0,1,0,0
0x4296f7,50%,1,1,2,1,1,0,0
0x493da8,92.3077%,1,12,13,0,1,0,12
0x429dc7,0%,1,0,1,0,1,0,0
0x494823,0%,1,0,1,0,1,0,0
0x49424e,0%,1,0,1,0,0,1,0
0x4f0e21,0%,1,0,1,0,1,0,0
0x495120,0%,1,0,1,0,1,0,0
0x43fc87,0%,1,0,1,0,1,0,0
0x43fdb4,0%,1,0,1,0,1,0,0
0x493cc8,0%,1,0,1,0,1,0,0
0x43fca4,0%,1,0,1,0,1,0,0
0x406354,50%,1,1,2,0,1,0,1
0x453d71,66.6667%,1,2,3,0,0,1,2
0x493034,0%,1,0,1,0,1,0,0
0x454988,50%,1,1,2,0,1,0,1
0x43fcdd,0%,1,0,1,0,1,0,0
0x43fd2c,0%,1,0,1,0,1,0,0
0x43fb5c,0%,1,0,1,0,1,0,0
0x492a9d,0%,1,0,1,0,1,0,0
0x4929ce,0%,1,0,1,0,0,1,0
0x43fb7c,0%,1,0,1,0,1,0,0
0x48ebb0,75%,1,3,4,0,0,1,3
0x43faf3,0%,1,0,1,0,1,0,0
0x4a48d4,99.9858%,1,7054,7055,0,0,1,7054
0x455011,50%,1,1,2,1,1,0,0
0x4a48c3,99.9858%,1,7054,7055,0,0,1,7054
0x493d93,0%,1,0,1,0,1,0,0
0x48e5a4,0%,1,0,1,0,1,0,0
0x446a53,50%,1,1,2,0,1,0,1
0x49519a,0%,1,0,1,0,1,0,0
0x405269,0%,1,0,1,0,1,0,0
0x43fb69,0%,1,0,1,0,1,0,0
0x4944d3,0%,1,0,1,0,1,0,0
0x40c1a2,0%,1,0,1,0,1,0,0
0x4f0ef5,50%,1,1,2,1,1,0,0
0x43fb96,0%,1,0,1,0,0,1,0
0x4a4bf0,99.9858%,1,7054,7055,7054,1,0,0
0x495010,0%,1,0,1,0,1,0,0
0x494314,0%,1,0,1,0,1,0,0
0x45e60e,50%,1,1,2,0,0,1,1
0x49471b,0%,1,0,1,0,0,1,0
0x494306,0%,1,0,1,0,0,1,0
0x45f220,50%,1,1,2,0,0,1,1
0x49210e,0%,1,0,1,0,0,1,0
0x405243,0%,1,0,1,0,1,0,0
0x493dc6,0%,1,0,1,0,1,0,0
0x4052e3,0%,1,0,1,0,1,0,0
0x49219a,0%,1,0,1,0,1,0,0
0x493367,0%,1,0,1,0,1,0,0
0x454992,0%,1,0,1,0,0,1,0
0x400404,0%,1,0,1,0,1,0,0
0x49218d,0%,1,0,1,0,1,0,0
0x40041c,0%,1,0,1,0,1,0,0
0x4f3d14,0%,1,0,1,0,1,0,0
0x454c88,0%,1,0,1,0,1,0,0
0x4f0f59,50%,1,1,2,1,1,0,0
0x492e23,0%,1,0,1,0,1,0,0
0x4b01ac,0%,1,0,1,0,1,0,0
0x44b76e,0%,1,0,1,0,1,0,0
0x4052f8,0%,1,0,1,0,1,0,0
0x405ef2,0%,1,0,1,0,1,0,0
0x4a4a02,50%,1,1,2,1,1,0,0
0x48e58b,0%,1,0,1,0,1,0,0
0x41ea77,95%,1,19,20,18,1,0,1
0x403e86,0%,1,0,1,0,1,0,0
0x403ed2,0%,1,0,1,0,1,0,0
0x48e534,0%,1,0,1,0,1,0,0
0x403f1f,0%,1,0,1,0,1,0,0
0x4bd1f1,80%,1,4,5,0,0,1,4
0x4b02cd,85.7143%,1,6,7,6,1,0,0
0x48ed30,0%,1,0,1,0,1,0,0
0x43fd66,0%,1,0,1,0,1,0,0
0x42a541,0%,1,0,1,0,0,1,0
0x42a326,0%,1,0,1,0,0,1,0
0x48ee55,0%,1,0,1,0,0,1,0
0x460c1e,0%,1,0,1,0,1,0,0
0x48ed77,0%,1,0,1,0,0,1,0
0x4933e9,0%,1,0,1,0,1,0,0
0x454a9a,0%,1,0,1,0,1,0,0
0x48ed39,0%,1,0,1,0,1,0,0
0x49249b,0%,1,0,1,0,1,0,0
0x42a3b0,0%,1,0,1,0,1,0,0
0x48e597,0%,1,0,1,0,0,1,0
0x48ed00,0%,1,0,1,0,1,0,0
0x45531c,0%,1,0,1,0,1,0,0
0x45532b,0%,1,0,1,0,1,0,0
0x4550a7,0%,1,0,1,0,1,0,0
0x4921c2,0%,1,0,1,0,0,1,0
0x43fa37,0%,1,0,1,0,1,0,0
0x43fa42,0%,1,0,1,0,1,0,0
0x40c164,0%,1,0,1,0,1,0,0
0x44b711,0%,1,0,1,0,1,0,0
0x4925b6,0%,1,0,1,0,1,0,0
0x454a22,50%,1,1,2,0,1,0,1
0x48e97a,0%,1,0,1,0,1,0,0
0x46c72b,75%,1,3,4,3,1,0,0
0x4052d1,0%,1,0,1,0,1,0,0
0x446a76,0%,1,0,1,0,1,0,0
0x494a6b,0%,1,0,1,0,1,0,0
0x4bbed8,99.9456%,1,1836,1837,1836,1,0,0
0x49547e,0%,1,0,1,0,1,0,0
0x49487a,0%,1,0,1,0,1,0,0
0x404411,0%,1,0,1,0,0,1,0
0x4947ff,0%,1,0,1,0,1,0,0
0x494aad,0%,1,0,1,0,1,0,0
0x494c06,0%,1,0,1,0,1,0,0
0x494bbc,0%,1,0,1,0,0,1,0
0x4a5fd3,50%,1,1,2,1,1,0,0
0x494ba3,0%,1,0,1,0,0,1,0
0x48ec0e,0%,1,0,1,0,1,0,0
0x49495e,0%,1,0,1,0,1,0,0
0x49469e,0%,1,0,1,0,1,0,0
0x494695,50%,1,1,2,0,1,0,1
0x43f9c9,0%,1,0,1,0,1,0,0
0x45f360,50%,1,1,2,0,0,1,1
0x4047b0,99.9409%,1,1690,1691,1690,1,0,0
0x4043fb,0%,1,0,1,0,1,0,0
0x4043d5,0%,1,0,1,0,1,0,0
0x493a7f,0%,1,0,1,0,1,0,0
0x48e62c,0%,1,0,1,0,1,0,0
0x43e3a3,50%,1,1,2,1,1,0,0
0x494fa9,0%,1,0,1,0,0,1,0
0x48e60f,0%,1,0,1,0,1,0,0
0x4a5d64,50%,1,1,2,1,1,0,0
0x48e95f,0%,1,0,1,0,1,0,0
0x493d07,0%,1,0,1,0,1,0,0
0x491b50,0%,1,0,1,0,1,0,0
0x41ef0c,91.6667%,1,11,12,11,1,0,0
0x492e6f,0%,1,0,1,0,0,1,0
0x49196d,0%,1,0,1,0,1,0,0
0x491931,0%,1,0,1,0,1,0,0
0x493078,0%,1,0,1,0,0,1,0
0x48e4df,0%,1,0,1,0,1,0,0
0x494753,0%,1,0,1,0,1,0,0
0x494d6d,0%,1,0,1,0,1,0,0
0x4f13aa,75%,1,3,4,0,0,1,3
0x494528,0%,1,0,1,0,0,1,0
0x4a49f5,50%,1,1,2,1,1,0,0
0x494b75,75%,1,3,4,0,1,0,3
0x4f0cfa,75%,1,3,4,0,1,0,3
0x49297a,0%,1,0,1,0,1,0,0
0x454fdd,50%,1,1,2,1,1,0,0
0x495463,0%,1,0,1,0,1,0,0
0x454c1e,0%,1,0,1,0,0,1,0
0x4920ef,0%,1,0,1,0,0,1,0
0x4937b2,75%,1,3,4,0,0,1,3
0x4a634b,98.913%,1,91,92,0,1,0,91
0x4937c2,75%,1,3,4,0,0,1,3
0x41fd21,100%,0,3,3,0,0,0,3
0x48e61e,100%,0,1,1,0,0,0,1
0x4a4fe7,100%,0,4,4,0,0,0,4
0x4945a7,100%,0,1,1,0,0,0,1
0x4a4fee,100%,0,4,4,0,0,0,4
0x403db4,100%,0,2,2,0,0,0,2
0x492e78,100%,0,1,1,0,0,0,1
0x4a62ea,100%,0,92,92,0,0,0,92
0x45d73b,100%,0,2,2,0,0,0,2
0x4a6316,100%,0,92,92,0,0,0,92
0x493733,100%,0,4,4,0,0,0,4
0x404b89,100%,0,1,1,0,0,0,1
0x48e975,100%,0,1,1,0,0,0,1
0x4947de,100%,0,1,1,0,0,0,1
0x422bc6,100%,0,2,2,0,0,0,2
0x4f0f46,100%,0,2,2,0,0,0,2
0x4f13b6,100%,0,4,4,0,0,0,4
0x493d8d,100%,0,1,1,0,0,0,1
0x422bfc,100%,0,2,2,0,0,0,2
0x491b2e,100%,0,1,1,0,0,0,1
0x41fce7,100%,0,4,4,0,0,0,4
0x4f0f1c,100%,0,2,2,2,0,0,0
0x4c31a4,100%,0,4,4,0,0,0,4
0x459da0,100%,0,4,4,0,0,0,4
0x4921b4,100%,0,1,1,0,0,0,1
0x4b0294,100%,0,7,7,0,0,0,7
0x494618,100%,0,1,1,0,0,0,1
0x4bd1cd,100%,0,5,5,0,0,0,5
0x41fd17,100%,0,6,6,0,0,0,6
0x48e4d1,100%,0,1,1,0,0,0,1
0x48e50d,100%,0,1,1,0,0,0,1
0x48e523,100%,0,1,1,0,0,0,1
0x45e5f4,100%,0,2,2,0,0,0,2
0x404bd9,100%,0,1,1,0,0,0,1
0x404bab,100%,0,73,73,0,0,0,73
0x45e59b,100%,0,2,2,0,0,0,2
0x48e545,100%,0,1,1,0,0,0,1
0x409363,100%,0,89,89,0,0,0,89
0x41fcc7,100%,0,4,4,0,0,0,4
0x494fb4,100%,0,1,1,0,0,0,1
0x421e2a,100%,0,8,8,0,0,0,8
0x48e666,100%,0,1,1,0,0,0,1
0x4203db,100%,0,4,4,0,0,0,4
0x4a6152,100%,0,142,142,0,0,0,142
0x494393,100%,0,1,1,0,0,0,1
0x48e690,100%,0,1,1,0,0,0,1
0x49443e,100%,0,1,1,1,0,0,0
0x4a4fd9,100%,0,4,4,0,0,0,4
0x48e777,100%,0,4,4,0,0,0,4
0x494431,100%,0,1,1,0,0,0,1
0x49458e,100%,0,1,1,1,0,0,0
0x492b33,100%,0,1,1,0,0,0,1
0x48eb52,100%,0,4,4,0,0,0,4
0x4ace0b,100%,0,1,1,0,0,0,1
0x460d09,100%,0,1,1,0,0,0,1
0x4b0225,100%,0,1,1,0,0,0,1
0x495711,100%,0,4,4,0,0,0,4
0x41ecb5,100%,0,2,2,0,0,0,2
0x48e475,100%,0,1,1,0,0,0,1
0x4051d8,100%,0,1,1,0,0,0,1
0x49296a,100%,0,1,1,0,0,0,1
0x41efeb,100%,0,12,12,0,0,0,12
0x4f0d17,100%,0,3,3,0,0,0,3
0x494a49,100%,0,1,1,0,0,0,1
0x43f9b3,100%,0,1,1,0,0,0,1
0x4f0d24,100%,0,4,4,4,0,0,0
0x492b43,100%,0,1,1,1,0,0,0
0x408c7c,100%,0,1,1,0,0,0,1
0x41f0a2,100%,0,12,12,0,0,0,12
0x494948,100%,0,1,1,0,0,0,1
0x492aad,100%,0,1,1,0,0,0,1
0x40c09c,100%,0,1,1,0,0,0,1
0x41eb6f,100%,0,2,2,2,0,0,0
0x4942f6,100%,0,1,1,0,0,0,1
0x4a5f6f,100%,0,374,374,374,0,0,0
0x4938b3,100%,0,1,1,0,0,0,1
0x4938e4,100%,0,1,1,1,0,0,0
0x4956f0,100%,0,1,1,0,0,0,1
0x4f0945,100%,0,1,1,0,0,0,1
0x4921cf,100%,0,1,1,1,0,0,0
0x494282,100%,0,1,1,0,0,0,1
0x4a6c7b,100%,0,1,1,0,0,0,1
0x48ecf7,100%,0,1,1,0,0,0,1
0x41f599,100%,0,10,10,0,0,0,10
0x455041,100%,0,1,1,0,0,0,1
0x43e343,100%,0,2,2,2,0,0,0
0x4163a0,100%,0,1,1,0,0,0,1
0x404c0f,100%,0,1,1,1,0,0,0
0x4a6c94,100%,0,1,1,0,0,0,1
0x49518b,100%,0,1,1,0,0,0,1
0x48e47f,100%,0,1,1,0,0,0,1
0x49439c,100%,0,1,1,0,0,0,1
0x460cd8,100%,0,1,1,0,0,0,1
0x4a60a3,100%,0,2,2,2,0,0,0
0x42032a,100%,0,32,32,0,0,0,32
0x403dde,100%,0,2,2,1,0,0,1
0x404bfe,100%,0,1,1,0,0,0,1
0x48ee89,100%,0,1,1,0,0,0,1
0x420136,100%,0,2,2,0,0,0,2
0x4c4dc8,100%,0,24,24,0,0,0,24
0x48eea6,100%,0,1,1,1,0,0,0
0x42011d,100%,0,2,2,0,0,0,2
0x494b1c,100%,0,1,1,0,0,0,1
0x48eb81,100%,0,4,4,0,0,0,4
0x4f0e12,100%,0,1,1,0,0,0,1
0x494b62,100%,0,3,3,0,0,0,3
0x4549aa,100%,0,2,2,2,0,0,0
0x40478d,100%,0,1691,1691,0,0,0,1691
0x446a69,100%,0,1,1,0,0,0,1
0x429dae,100%,0,1,1,0,0,0,1
0x494c3c,100%,0,1,1,0,0,0,1
0x494624,100%,0,1,1,0,0,0,1
0x446aa7,100%,0,1,1,0,0,0,1
0x45f229,100%,0,2,2,0,0,0,2
0x494c25,100%,0,1,1,0,0,0,1
0x41e290,100%,0,66,66,0,0,0,66
0x460c80,100%,0,1,1,0,0,0,1
0x41fcda,100%,0,4,4,0,0,0,4
0x4a5c87,100%,0,145,145,145,0,0,0
0x42a3da,100%,0,1,1,1,0,0,0
0x41e365,100%,0,66,66,0,0,0,66
0x41fe16,100%,0,4,4,4,0,0,0
0x491b04,100%,0,1,1,0,0,0,1
0x41ec34,100%,0,2,2,0,0,0,2
0x40056a,100%,0,2,2,2,0,0,0
0x460ad6,100%,0,1,1,0,0,0,1
0x49510d,100%,0,1,1,0,0,0,1
0x41e9a7,100%,0,22,22,0,0,0,22
0x41ff5e,100%,0,4,4,0,0,0,4
0x4a4783,100%,0,9500,9500,0,0,0,9500
0x494915,100%,0,1,1,0,0,0,1
0x4947bf,100%,0,1,1,1,0,0,0
0x49309f,100%,0,1,1,1,0,0,0
0x4a6337,100%,0,92,92,0,0,0,92
0x49ed04,100%,0,6,6,0,0,0,6
0x41e199,100%,0,66,66,0,0,0,66
0x420397,100%,0,4,4,4,0,0,0
0x4a4157,100%,0,29,29,0,0,0,29
0x45a400,100%,0,12,12,0,0,0,12
0x429714,100%,0,2,2,0,0,0,2
0x4a4f56,100%,0,565,565,0,0,0,565
0x494af3,100%,0,1,1,0,0,0,1
0x4f0924,100%,0,1,1,1,0,0,0
0x41eb2e,100%,0,2,2,0,0,0,2
0x48e674,100%,0,1,1,0,0,0,1
0x4a5f8b,100%,0,3,3,0,0,0,3
0x420344,100%,0,14,14,0,0,0,14
0x48ecd7,100%,0,1,1,0,0,0,1
0x41ea9c,100%,0,1,1,0,0,0,1
0x42018b,100%,0,2,2,0,0,0,2
0x41ec3d,100%,0,2,2,0,0,0,2
0x455058,100%,0,1,1,0,0,0,1
0x491922,100%,0,1,1,0,0,0,1
0x493cbb,100%,0,1,1,0,0,0,1
0x494bfe,100%,0,1,1,0,0,0,1
0x4a635e,100%,0,91,91,0,0,0,91
0x494648,100%,0,1,1,0,0,0,1
0x49ecba,100%,0,6,6,0,0,0,6
0x460bdb,100%,0,1,1,0,0,0,1
0x45d75e,100%,0,2,2,0,0,0,2
0x48e455,100%,0,1,1,1,0,0,0
0x416313,100%,0,114,114,0,0,0,114
0x41eff0,100%,0,12,12,0,0,0,12
0x41f2b5,100%,0,2,2,2,0,0,0
0x49ecd9,100%,0,6,6,0,0,0,6
0x403e99,100%,0,1,1,1,0,0,0
0x493218,100%,0,1,1,0,0,0,1
0x4026c7,100%,0,497,497,0,0,0,497
0x4f13b1,100%,0,4,4,0,0,0,4
0x4b02e6,100%,0,7,7,7,0,0,0
0x4a6274,100%,0,730,730,0,0,0,730
0x491908,100%,0,1,1,0,0,0,1
0x45994a,100%,0,4,4,4,0,0,0
0x40286c,100%,0,1837,1837,1837,0,0,0
0x4f0def,100%,0,1,1,1,0,0,0
0x4a4478,100%,0,3,3,0,0,0,3
0x46c6dc,100%,0,4,4,0,0,0,4
0x4a40a9,100%,0,16,16,0,0,0,16
0x4918f0,100%,0,1,1,0,0,0,1
0x49491a,100%,0,1,1,1,0,0,0
0x4929bd,100%,0,1,1,0,0,0,1
0x402b34,100%,0,3384,3384,3384,0,0,0
0x454c37,100%,0,1,1,0,0,0,1
0x454c4d,100%,0,1,1,0,0,0,1
0x4a40b3,100%,0,16,16,0,0,0,16
0x4a4491,100%,0,3,3,0,0,0,3
0x41ffc1,100%,0,2,2,2,0,0,0
0x454c72,100%,0,1,1,0,0,0,1
0x4a4486,100%,0,3,3,0,0,0,3
0x48e682,100%,0,1,1,0,0,0,1
0x454c48,100%,0,1,1,0,0,0,1
0x4a4161,100%,0,29,29,0,0,0,29
0x454fd4,100%,0,2,2,0,0,0,2
0x453344,100%,0,1,1,1,0,0,0
0x48ebc4,100%,0,4,4,0,0,0,4
0x41e1c9,100%,0,66,66,0,0,0,66
0x4204c7,100%,0,4,4,0,0,0,4
0x45503a,100%,0,1,1,0,0,0,1
0x404a3f,100%,0,1,1,0,0,0,1
0x4552ff,100%,0,1,1,0,0,0,1
0x4552fa,100%,0,1,1,0,0,0,1
0x460c90,100%,0,1,1,1,0,0,0
0x460c73,100%,0,1,1,0,0,0,1
0x4061cc,100%,0,72,72,72,0,0,0
0x48e46c,100%,0,1,1,0,0,0,1
0x4a6447,100%,0,46,46,0,0,0,46
0x48e5d3,100%,0,1,1,1,0,0,0
0x403f3d,100%,0,1,1,0,0,0,1
0x403eeb,100%,0,1,1,1,0,0,0
0x4946c1,100%,0,1,1,1,0,0,0
0x404c44,100%,0,1,1,0,0,0,1
0x403e73,100%,0,1,1,0,0,0,1
0x45e5a4,100%,0,2,2,0,0,0,2
0x460c68,100%,0,1,1,0,0,0,1
0x4061bb,100%,0,72,72,0,0,0,72
0x4061aa,100%,0,72,72,0,0,0,72
0x40619b,100%,0,1,1,0,0,0,1
0x41e1bb,100%,0,66,66,0,0,0,66
0x406118,100%,0,1,1,0,0,0,1
0x406113,100%,0,1,1,0,0,0,1
0x4201a3,100%,0,21,21,0,0,0,21
0x4a40d4,100%,0,5,5,0,0,0,5
0x45f3b9,100%,0,2,2,0,0,0,2
0x43fc8f,100%,0,1,1,0,0,0,1
0x45333a,100%,0,1,1,0,0,0,1
0x43fcff,100%,0,1,1,0,0,0,1
0x45e5eb,100%,0,2,2,0,0,0,2
0x494bac,100%,0,1,1,0,0,0,1
0x404bed,100%,0,1,1,0,0,0,1
0x409373,100%,0,89,89,0,0,0,89
0x493b9f,100%,0,1,1,0,0,0,1
0x453d7a,100%,0,3,3,0,0,0,3
0x4549f0,100%,0,2,2,0,0,0,2
0x492a84,100%,0,1,1,0,0,0,1
0x43fc6e,100%,0,1,1,0,0,0,1
0x43fc63,100%,0,1,1,0,0,0,1
0x446a3e,100%,0,2,2,0,0,0,2
0x402949,100%,0,1837,1837,0,0,0,1837
0x40c0a4,100%,0,1,1,0,0,0,1
0x4201c1,100%,0,11,11,11,0,0,0
0x494956,100%,0,1,1,0,0,0,1
0x491915,100%,0,1,1,0,0,0,1
0x4a5ef8,100%,0,1190,1190,0,0,0,1190
0x42a340,100%,0,1,1,0,0,0,1
0x460c5f,100%,0,1,1,0,0,0,1
0x49308c,100%,0,1,1,0,0,0,1
0x459da9,100%,0,4,4,0,0,0,4
0x460b0f,100%,0,1,1,0,0,0,1
0x460c13,100%,0,1,1,0,0,0,1
0x42a368,100%,0,1,1,0,0,0,1
0x42a35d,100%,0,1,1,0,0,0,1
0x494a41,100%,0,1,1,0,0,0,1
0x42a34d,100%,0,1,1,0,0,0,1
0x459960,100%,0,4,4,4,0,0,0
0x42a546,100%,0,1,1,0,0,0,1
0x429f4b,100%,0,1,1,0,0,0,1
0x494a59,100%,0,1,1,0,0,0,1
0x4f13af,100%,0,4,4,0,0,0,4
0x420356,100%,0,7,7,7,0,0,0
0x4a63b7,100%,0,2,2,0,0,0,2
0x4024f8,100%,0,2356,2356,0,0,0,2356
0x41fbda,100%,0,12,12,0,0,0,12
0x4061e6,100%,0,1,1,0,0,0,1
