Branch PC,Accuracy,Mispredictions,Correct Predictions,Total,dir_t_pred_t,dir_t_pred_nt,dir_nt_pred_t,dir_nt_pred_nt
aggregate,89.3459%,2282232,19139003,21421235,9724523,857740,1424492,9414480
0x40bda5,75.7087%,93492,291386,384878,263688,16146,77346,27698
0x41683b,50.0098%,89344,89379,178723,47494,42290,47054,41885
0x40971d,72.5874%,75735,200543,276278,146945,25872,49863,53598
0x40c966,70.8067%,70420,170800,241220,105914,31052,39368,64886
0x4164ea,85.1146%,69892,399641,469533,26176,53247,16645,373465
0x40cf70,70.2107%,65666,154769,220435,147219,8978,56688,7550
0x40cc3f,79.1803%,65097,247573,312670,230768,12295,52802,16805
0x40bbbf,59.825%,58858,87646,146504,46771,25772,33086,40875
0x40bbb6,77.6239%,51901,180047,231948,51579,33865,18036,128468
0x41ee6f,66.2476%,46199,90677,136876,84762,6563,39636,5915
0x40cdd3,81.6747%,45707,203713,249420,174946,7911,37796,28767
0x40cfb4,75.8318%,39888,125155,165043,119293,7455,32433,5862
0x40be17,62.1216%,39789,65255,105044,20830,24598,15191,44425
0x40ccb5,88.2901%,39549,298191,337740,287732,8418,31131,10459
0x416298,67.226%,37521,76963,114484,16287,25925,11596,60676
0x409544,75.5888%,35239,109117,144356,10596,24639,10600,98521
0x40f70f,61.7166%,35187,56725,91912,46098,9154,26033,10627
0x40f6e4,62.6697%,34311,57601,91912,19914,18748,15563,37687
0x416416,64.3588%,34191,61740,95931,37566,16700,17491,24174
0x416558,67.4353%,30434,63023,93457,41611,12264,18170,21412
0x40cff1,77.5936%,29690,102817,132507,98369,7098,22592,4448
0x40bcb7,87.63%,28692,203256,231948,166550,7411,21281,36706
0x40f73a,69.1139%,28388,63524,91912,53080,7922,20466,10444
0x402e0b,70.5561%,27737,66466,94203,24409,14037,13700,42057
0x40cc72,77.8402%,24834,87234,112068,11331,14984,9850,75903
0x40b796,73.3855%,24599,67828,92427,14578,15436,9163,53250
0x41ee22,67.5291%,24573,51104,75677,45445,6683,17890,5659
0x40f765,74.1111%,23795,68117,91912,64412,3425,20370,3705
0x409489,68.5458%,21983,47906,69889,5143,15106,6877,42763
0x41651f,77.3555%,20813,71099,91912,52417,5229,15584,18682
0x4096b4,75.5099%,19957,61533,81490,6917,13715,6242,54616
0x41136c,87.2924%,19890,136631,156521,74910,7820,12070,61721
0x40bc9b,66.6907%,19410,38862,58272,8954,12239,7171,29908
0x40ef8e,69.1957%,19208,43147,62355,35210,5790,13418,7937
0x40d02e,83.3859%,19031,95516,114547,89930,3426,15605,5586
0x40cded,71.4932%,18975,47588,66563,42428,5148,13827,5160
0x40b6d4,79.9939%,18491,73936,92427,70464,2704,15787,3472
0x40ccf3,93.7792%,18423,277728,296151,221509,5357,13066,56219
0x40b734,80.3402%,18171,74256,92427,70765,4759,13412,3491
0x40cf60,92.6904%,17767,225296,243063,217099,3336,14431,8197
0x40f088,71.6238%,17694,44661,62355,36550,5898,11796,8111
0x40b5f6,80.9082%,17646,74781,92427,67550,4305,13341,7231
0x41eec2,66.7722%,17316,34797,52113,30498,4870,12446,4299
0x40c98c,83.3955%,17305,86914,104219,80155,4327,12978,6759
0x40b676,81.5617%,17042,75385,92427,72868,1559,15483,2517
0x402e1a,71.252%,16029,39728,55757,32719,5489,10540,7009
0x40caeb,73.9126%,15732,44573,60305,38427,2891,12841,6146
0x40f024,75.107%,15522,46833,62355,43261,2214,13308,3572
0x40cfa4,91.9534%,14614,167004,181618,162619,2424,12190,4385
0x41ddeb,94.3394%,14549,242474,257023,227787,6172,8377,14687
0x411488,90.7927%,13954,137599,151553,117994,4345,9609,19605
0x40bbd7,81.3469%,13796,60165,73961,58378,2586,11210,1787
0x40ce0a,64.5894%,13717,25020,38737,13342,6408,7309,11678
0x40eff2,78.2455%,13565,48790,62355,44570,3285,10280,4220
0x40cf7a,79.0311%,13470,50768,64238,48154,3983,9487,2614
0x40ceec,94.6576%,13325,236095,249420,182709,4356,8969,53386
0x4094ed,70.4766%,13021,31083,44104,29171,3296,9725,1912
0x4095f9,68.9517%,12691,28184,40875,3691,8986,3705,24493
0x41de07,95.1602%,12383,243477,255860,227581,5485,6898,15896
0x4094d0,82.8099%,12014,57875,69889,2255,9929,2085,55620
0x40cfe4,91.864%,11988,135358,147346,129932,2575,9413,5426
0x40ef5c,80.8067%,11968,50387,62355,49327,2224,9744,1060
0x40f056,81.8956%,11289,51066,62355,49402,2211,9078,1664
0x416018,82.0367%,11201,51154,62355,14667,5863,5338,36487
0x402e47,88.3507%,10974,83229,94203,81370,2366,8608,1859
0x40f0ba,83.0759%,10553,51802,62355,45929,2846,7707,5873
0x40cfbe,72.6335%,10480,27815,38295,24959,3048,7432,2856
0x411385,86.0769%,10274,63517,73791,46746,3526,6748,16771
0x4113d4,87.3112%,9308,64048,73356,43746,3992,5316,20302
0x40b69d,82.7031%,9203,44003,53206,2183,5948,3255,41820
0x40d021,92.7767%,9041,116123,125164,112704,1843,7198,3419
0x40cffb,67.6368%,8751,18289,27040,14092,2919,5832,4197
0x40b6fd,87.7523%,8313,59561,67874,804,6559,1754,58757
0x40cd08,88.1908%,8182,61103,69285,31906,3197,4985,29197
0x416578,79.6448%,8057,31525,39582,16558,2440,5617,14967
0x40bc89,89.1016%,7906,64637,72543,8948,5323,2583,55689
0x40cad7,96.7271%,7895,233325,241220,178784,2131,5764,54541
0x416895,90.7079%,7848,76611,84459,74085,2628,5220,2526
0x40efc0,87.6321%,7712,54643,62355,53450,408,7304,1193
0x402c7e,88.2414%,7309,54850,62159,25965,3309,4000,28885
0x40cd39,97.8039%,7235,322214,329449,250053,1934,5301,72161
0x40bc4b,68.44%,7095,15386,22481,6163,3321,3774,9223
0x40965d,72.7748%,7023,18773,25796,15957,1599,5424,2816
0x40be1b,88.2716%,6992,52624,59616,50877,2295,4697,1747
0x416598,74.2124%,6974,20070,27044,19597,987,5987,473
0x40b63b,84.3856%,6737,36409,43146,2446,4780,1957,33963
0x411414,90.7439%,6712,65802,72514,48652,1952,4760,17150
0x409640,83.6966%,6664,34211,40875,1645,4716,1948,32566
0x40d038,69.4351%,6477,14714,21191,7908,2992,3485,6806
0x40f115,89.741%,6397,55958,62355,55909,398,5999,49
0x40cf67,72.5959%,6201,16427,22628,11463,1857,4344,4964
0x40b75d,88.7437%,6108,48155,54263,1360,4686,1422,46795
0x40bb0e,91.2096%,5520,57276,62796,57021,966,4554,255
0x402ea3,97.9661%,5383,259283,264666,3762,3277,2106,255521
0x40cfab,70.4374%,4900,11675,16575,8227,2083,2817,3448
0x40ce32,68.0496%,4713,10038,14751,1452,3107,1606,8586
0x40ce1e,75.636%,4626,14361,18987,914,3322,1304,13447
0x411450,93.7085%,4448,66250,70698,47128,2024,2424,19122
0x40c995,78.3655%,4270,15467,19737,7039,1801,2469,8428
0x41eea2,97.0309%,4064,132812,136876,132360,896,3168,452
0x416a0f,95.5601%,3819,82196,86015,82025,587,3232,171
0x40b609,81.5963%,3786,16786,20572,15846,1016,2770,940
0x40ca4b,74.7735%,3425,10152,13577,1458,2027,1398,8694
0x40ceab,82.0035%,3417,15570,18987,12168,389,3028,3402
0x41e7cb,97.3326%,3406,124283,127689,5720,1856,1550,118563
0x4113a4,87.9178%,3376,24566,27942,15573,1050,2326,8993
0x409e93,60.4864%,3363,5148,8511,3827,1553,1810,1321
0x411424,87.7802%,3352,24079,27431,13885,928,2424,10194
0x40cfeb,77.7209%,3306,11533,14839,8851,817,2489,2682
0x40ce46,67.8179%,3280,6912,10192,4856,1225,2055,2056
0x409e64,63.0831%,3142,5369,8511,4443,1108,2034,926
0x40ca16,78.2838%,3133,11294,14427,8309,1336,1797,2985
0x4113e4,90.278%,3071,28517,31588,18351,1177,1894,10166
0x40f1d2,51.5873%,2989,3185,6174,1437,1508,1481,1748
0x409733,97.2047%,2892,100569,103461,250,1987,905,100319
0x40ca5f,73.0876%,2716,7376,10092,1724,1764,952,5652
0x41e892,98.124%,2565,134164,136729,5114,1308,1257,129050
0x40ca24,82.3664%,2544,11883,14427,2373,1157,1387,9510
0x401ce1,91.1775%,2489,25723,28212,19362,639,1850,6361
0x40d028,76.8861%,2454,8163,10617,1463,1342,1112,6700
0x41e857,98.093%,2435,125254,127689,1474,1942,493,123780
0x4a623e,95.2388%,2266,45327,47593,42864,292,1974,2463
0x411464,91.816%,2260,25355,27615,13164,1444,816,12191
0x41e917,98.4539%,2114,134615,136729,1651,1965,149,132964
0x40249c,97.3309%,2113,77051,79164,71856,292,1821,5195
0x41ee45,97.2356%,2092,73585,75677,73296,361,1731,289
0x41142c,84.6727%,1934,10684,12618,4666,855,1079,6018
0x41646f,97.9327%,1932,91525,93457,205,1340,592,91320
0x40ca87,57.993%,1913,2641,4554,888,1096,817,1753
0x40be26,95.7911%,1912,43516,45428,43350,476,1436,166
0x40b845,60.5531%,1897,2912,4809,1598,1030,867,1314
0x40b8c1,75.1664%,1865,5645,7510,4542,787,1078,1103
0x4113ac,84.2212%,1786,9533,11319,3533,890,896,6000
0x416427,95.8063%,1754,40071,41825,988,1255,499,39083
0x40ca73,75.2877%,1632,4972,6604,1165,885,747,3807
0x41146c,87.722%,1597,11410,13007,5515,554,1043,5895
0x40cebb,75.9409%,1547,4883,6430,86,1388,159,4797
0x4113ec,88.1675%,1427,10633,12060,5378,592,835,5255
0x401d5a,95.0234%,1404,26808,28212,20799,360,1044,6009
0x40bd04,97.5805%,1403,56584,57987,56558,96,1307,26
0x41eee2,97.3097%,1402,50711,52113,50417,297,1105,294
0x40efd1,83.9826%,1361,7136,8497,1456,407,954,5680
0x40f1fb,61.5909%,1352,2168,3520,1995,327,1025,173
0x4024bb,75.1665%,1268,3838,5106,657,728,540,3181
0x41ee8e,97.2317%,1261,44290,45551,26288,493,768,18002
0x402e4f,88.0004%,1256,9211,10467,9169,135,1121,42
0x41ddf9,99.5156%,1245,255778,257023,0,1163,82,255778
0x401d13,93.8353%,1233,18768,20001,15554,214,1019,3214
0x4024b5,82.6824%,1215,5801,7016,1205,705,510,4596
0x40bd78,69.2659%,1210,2727,3937,2468,136,1074,259
0x409eb5,85.8184%,1207,7304,8511,7299,49,1158,5
0x40cccc,97.6132%,1072,43842,44914,3208,771,301,40634
0x40f099,94.7104%,1053,18854,19907,7614,497,556,11240
0x402cbd,96.7805%,1052,31624,32676,64,606,446,31560
0x409749,98.9706%,1042,100182,101224,39,758,284,100143
0x40f224,60.4223%,1031,1574,2605,555,560,471,1019
0x4c4a96,84.9393%,1005,5668,6673,2922,616,389,2746
0x41e613,87.6751%,1003,7135,8138,4342,485,518,2793
0x415fc1,98.5009%,954,62686,63640,488,797,157,62198
0x402ceb,98.5103%,926,61233,62159,21,814,112,61212
0x41606f,98.0048%,911,44748,45659,585,720,191,44163
0x4024c4,76.1086%,889,2832,3721,1861,194,695,971
0x4a4140,91.3356%,879,9266,10145,457,781,98,8809
0x41686d,99.4694%,879,164773,165652,18,446,433,164755
0x41debb,99.8015%,876,440507,441383,440507,876,0,0
0x41688c,99.3341%,833,124259,125092,80658,535,298,43601
0x40f63e,70.9123%,829,2021,2850,1973,175,654,48
0x40b96d,83.0734%,814,3995,4809,3878,153,661,117
0x40976b,99.1954%,808,99619,100427,31,559,249,99588
0x4036f9,90.1857%,798,7333,8131,6791,202,596,542
0x4a6247,83.0516%,752,3685,4437,2960,290,462,725
0x40f68e,73.7193%,749,2101,2850,2066,105,644,35
0x4169dd,99.5812%,722,171674,172396,6,427,295,171668
0x41e61c,91.2018%,716,7422,8138,3736,226,490,3686
0x4a418e,92.9818%,712,9433,10145,490,588,124,8943
0x40f1e7,78.2595%,702,2527,3229,2491,163,539,36
0x416948,92.6543%,701,8842,9543,8833,74,627,9
0x40b9dc,60.4308%,698,1066,1764,652,334,364,414
0x4169fc,99.5156%,637,130856,131493,85848,533,104,45008
0x416ad4,93.3056%,627,8739,9366,8737,58,569,2
0x4152e4,92.3749%,620,7511,8131,33,356,264,7478
0x40f610,78.2807%,619,2231,2850,2205,97,522,26
0x40b8df,87.2115%,615,4194,4809,3743,134,481,451
0x4a5e9c,93.9261%,597,9232,9829,6393,333,264,2839
0x401d3b,85.6556%,594,3547,4141,1112,432,162,2435
0x4169b4,99.3406%,592,89192,89784,0,0,592,89192
0x40f160,90.9518%,578,5810,6388,16,324,254,5794
0x40f0cb,95.9794%,546,13034,13580,2746,401,145,10288
0x40f666,80.9123%,544,2306,2850,2281,153,391,25
0x40ef9f,97.4807%,538,20817,21355,8489,321,217,12328
0x409eba,54.5142%,529,634,1163,629,7,522,5
0x40b9fd,89.0414%,527,4282,4809,1115,460,67,3167
0x41169f,70.3259%,519,1230,1749,979,221,298,251
0x4a612d,88.7964%,498,3947,4445,1331,229,269,2616
0x415f9c,99.2663%,486,65757,66243,2188,415,71,63569
0x4a4951,91.9083%,480,5452,5932,3039,358,122,2413
0x4164f5,99.9018%,461,469072,469533,24509,11,450,444563
0x4094e3,99.5065%,445,89727,90172,45676,392,53,44051
0x4164fc,99.9016%,438,444575,445013,377305,316,122,67270
0x4a6424,86.5538%,437,2813,3250,1827,52,385,986
0x402d3d,89.6915%,421,3663,4084,1962,208,213,1701
0x41edef,94.019%,421,6618,7039,3416,204,217,3202
0x40cd1f,98.7801%,417,33765,34182,4810,158,259,28955
0x40ccc4,99.1003%,410,45159,45569,355,300,110,44804
0x41e21f,71.6491%,404,1021,1425,123,150,254,898
0x4a482f,96.6782%,395,11496,11891,525,206,189,10971
0x40ba84,78.7002%,390,1441,1831,203,53,337,1238
0x40b708,99.4387%,381,67493,67874,13801,28,353,53692
0x4a4173,95.9021%,365,8542,8907,5341,186,179,3201
0x40f067,96.6301%,362,10380,10742,2575,258,104,7805
0x402d16,99.4113%,361,60963,61324,60962,98,263,1
0x40cc58,99.8523%,359,242704,243063,111925,143,216,130779
0x4a5eba,94.5585%,350,6082,6432,4735,111,239,1347
0x4a6004,91.9532%,337,3851,4188,1454,143,194,2397
0x40f210,72.1202%,334,864,1198,809,106,228,55
0x416026,99.211%,330,41495,41825,8,214,116,41487
0x40ce7e,98.3357%,316,18671,18987,10916,275,41,7755
0x40f18e,95.0532%,316,6072,6388,15,187,129,6057
0x4a47a5,98.2446%,313,17518,17831,5820,120,193,11698
0x40bc73,99.5727%,310,72233,72543,0,0,310,72233
0x416844,99.6582%,304,88635,88939,0,0,304,88635
0x4a5c55,97.033%,291,9517,9808,5787,155,136,3730
0x40b94c,80.5518%,289,1197,1486,439,115,174,758
0x4a40ed,97.3583%,268,9877,10145,6277,30,238,3600
0x41e0fa,97.1862%,267,9222,9489,9219,4,263,3
0x4a5e65,98.0132%,265,13073,13338,3059,199,66,10014
0x4091bf,82.116%,262,1203,1465,1186,64,198,17
0x41e0d0,97.3656%,250,9240,9490,9198,26,224,42
0x41e314,82.5263%,249,1176,1425,1151,76,173,25
0x4a602d,90.5056%,246,2345,2591,597,111,135,1748
0x4a40ca,77.2727%,245,833,1078,625,61,184,208
0x40954c,99.7819%,238,108883,109121,74378,89,149,34505
0x40f003,98.3655%,237,14263,14500,6173,160,77,8090
0x416abb,98.0961%,231,11902,12133,4390,123,108,7512
0x4096bc,99.6286%,226,60632,60858,40443,172,54,20189
0x409ed0,57.685%,223,304,527,270,70,153,34
0x40ef6d,97.9452%,222,10582,10804,3036,154,68,7546
0x402c83,99.328%,221,32664,32885,25,184,37,32639
0x402763,96.9517%,215,6838,7053,1131,14,201,5707
0x40f035,98.7382%,213,16667,16880,8086,6,207,8581
0x4a5ead,97.2226%,208,7281,7489,874,183,25,6407
0x40ca38,97.9984%,202,9890,10092,0,0,202,9890
0x411cde,99.6981%,200,66043,66243,66043,200,0,0
0x4162a4,99.7357%,191,72081,72272,69943,187,4,2138
0x402cfc,99.6967%,186,61138,61324,0,0,186,61138
0x40f239,87.8523%,181,1309,1490,1303,30,151,6
0x401cf4,97.8078%,180,8031,8211,6721,40,140,1310
0x40c979,99.8273%,180,104074,104254,14,21,159,104060
0x4a6146,94.1258%,169,2708,2877,1891,75,94,817
0x4a5cea,97.9281%,166,7846,8012,6773,81,85,1073
0x4a5c75,95.9131%,158,3708,3866,2039,83,75,1669
0x416447,99.6109%,154,39428,39582,0,0,154,39428
0x4165c3,99.7595%,151,62645,62796,0,0,151,62645
0x402477,99.8118%,149,79015,79164,0,0,149,79015
0x4a49a3,97.5051%,148,5784,5932,0,0,148,5784
0x40ca2e,98.6602%,146,10751,10897,9624,21,125,1127
0x409653,99.7196%,146,51924,52070,26180,94,52,25744
0x40f24d,88.522%,146,1126,1272,9,122,24,1117
0x40ccd1,99.6482%,144,40791,40935,3313,11,133,37478
0x4a48fa,97.5758%,144,5796,5940,4468,51,93,1328
0x4113bb,97.9263%,143,6753,6896,310,125,18,6443
0x4163fd,35.5856%,143,79,222,19,141,2,60
0x41687b,99.9152%,140,165048,165188,40062,34,106,124986
0x4116de,91.9954%,140,1609,1749,1189,11,129,420
0x40b771,99.6791%,137,42556,42693,37306,54,83,5250
0x4019ff,92.552%,136,1690,1826,280,96,40,1410
0x4c4ab1,96.6029%,135,3839,3974,3067,87,48,772
0x40370f,88.3128%,133,1005,1138,1000,99,34,5
0x4169eb,99.9232%,132,171831,171963,40426,44,88,131405
0x4a4983,94.9507%,128,2407,2535,1335,61,67,1072
0x402487,99.8396%,127,79037,79164,0,0,127,79037
0x40f262,88.9571%,126,1015,1141,12,98,28,1003
0x40b6a8,99.7688%,123,53083,53206,9865,4,119,43218
0x41f071,95.023%,119,2272,2391,2127,24,95,145
0x40ccb9,99.7187%,117,41473,41590,0,0,117,41473
0x40373a,98.4073%,112,6920,7032,0,0,112,6920
0x4169c0,99.8764%,111,89673,89784,0,0,111,89673
0x4a4119,98.9157%,110,10035,10145,163,69,41,9872
0x40b711,99.7983%,109,53936,54045,48558,57,52,5378
0x4a5ecb,93.1904%,108,1478,1586,989,56,52,489
0x4a49b8,98.1962%,107,5825,5932,4212,44,63,1613
0x402d9b,97.429%,105,3979,4084,1,63,42,3978
0x41620b,99.7723%,101,44253,44354,0,0,101,44253
0x4a5ff7,98.4984%,101,6625,6726,2488,50,51,4137
0x416278,99.7745%,100,44254,44354,0,0,100,44254
0x40279d,98.5963%,99,6954,7053,1103,42,57,5851
0x40b646,99.7821%,94,43052,43146,13128,14,80,29924
0x40b768,99.8268%,94,54169,54263,11558,12,82,42611
0x402747,98.6956%,92,6961,7053,0,0,92,6961
0x411458,99.5776%,91,21455,21546,0,0,91,21455
0x402ad4,96.1169%,89,2203,2292,0,0,89,2203
0x4c4e72,98.114%,89,4630,4719,2181,65,24,2449
0x402e2a,99.4985%,88,17461,17549,10073,64,24,7388
0x4bbe67,97.803%,87,3873,3960,1914,66,21,1959
0x415fa9,99.8649%,86,63554,63640,0,0,86,63554
0x401dfa,98.7807%,86,6967,7053,6967,86,0,0
0x4c4e7f,96.5224%,86,2387,2473,258,29,57,2129
0x41690e,98.8961%,85,7615,7700,0,0,85,7615
0x40922b,38.6861%,84,53,137,29,44,40,24
0x42045f,93.4505%,82,1170,1252,14,67,15,1156
0x4a64b6,97.4181%,82,3094,3176,1843,63,19,1251
0x416853,99.9078%,82,88857,88939,0,0,82,88857
0x4c4aa2,97.4163%,81,3054,3135,422,14,67,2632
0x401d29,98.0865%,81,4152,4233,22,70,11,4130
0x41fbe0,89.5833%,80,688,768,597,36,44,91
0x4160f6,99.8196%,80,44275,44355,0,0,80,44275
0x41fca9,91.8699%,80,904,984,797,23,57,107
0x41e300,94.9488%,74,1391,1465,0,40,34,1391
0x4c4b02,97.6538%,74,3080,3154,3080,74,0,0
0x4c4c56,98.7273%,73,5663,5736,2708,39,34,2955
0x4a4088,88%,72,528,600,198,34,38,330
0x4091e7,66.9767%,71,144,215,139,4,67,5
0x4c4ba0,97.7806%,70,3084,3154,2949,40,30,135
0x4a7df0,99.3067%,68,9740,9808,0,0,68,9740
0x4c4dc2,97.5917%,65,2634,2699,2443,30,35,191
0x41e633,98.3594%,65,3897,3962,2314,50,15,1583
0x416a82,98.0899%,65,3338,3403,0,52,13,3338
0x4201e2,88.2243%,63,472,535,450,24,39,22
0x4a5e97,99.375%,63,10017,10080,221,30,33,9796
0x4a5f2b,94.067%,62,983,1045,551,32,30,432
0x41691d,99.6327%,61,16546,16607,0,28,33,16546
0x41692b,99.6381%,60,16519,16579,4494,12,48,12025
0x420186,90.6542%,60,582,642,574,33,27,8
0x41fda9,78.7234%,60,222,282,180,20,40,42
0x4115ec,96.6266%,59,1690,1749,1690,59,0,0
0x402824,96.9207%,59,1857,1916,1857,59,0,0
0x40929d,4.83871%,59,3,62,1,58,1,2
0x41dc4e,95.0257%,58,1108,1166,1108,58,0,0
0x4b0299,85.4637%,58,341,399,52,21,37,289
0x402d7c,96.9377%,58,1836,1894,1,36,22,1835
0x403763,99.1894%,57,6975,7032,1,54,3,6974
0x41e624,98.659%,56,4120,4176,2438,25,31,1682
0x40b6b1,99.8708%,56,43281,43337,35156,50,6,8125
0x41eca6,96.2963%,56,1456,1512,1445,26,30,11
0x4a498c,95.0834%,56,1083,1139,135,16,40,948
0x41f5e4,93.0468%,55,736,791,732,9,46,4
0x4c4c63,98.1599%,55,2934,2989,2215,24,31,719
0x416902,99.29%,55,7691,7746,0,46,9,7691
0x41e9d3,90.5498%,55,527,582,450,18,37,77
0x416183,99.8805%,53,44302,44355,0,0,53,44302
0x41f60e,56.9106%,53,70,123,65,8,45,5
0x4b02bc,86.7168%,53,346,399,323,19,34,23
0x403753,99.2605%,52,6980,7032,0,0,52,6980
0x420372,89.4094%,52,439,491,428,20,32,11
0x4b024e,98.9536%,51,4823,4874,4822,14,37,1
0x41e24d,96.5235%,51,1416,1467,1416,11,40,0
0x4bbe98,99.4949%,50,9850,9900,1961,19,31,7889
0x41fcc7,69.5122%,50,114,164,58,24,26,56
0x40b655,99.7618%,49,20523,20572,10889,47,2,9634
0x420555,85.2853%,49,284,333,234,18,31,50
0x41e338,96.6316%,48,1377,1425,1377,11,37,0
0x409e3a,95.8727%,48,1115,1163,0,0,48,1115
0x4b02a9,87.9699%,48,351,399,302,30,18,49
0x4a4795,99.7364%,47,17784,17831,0,0,47,17784
0x41e797,99.3316%,47,6985,7032,3584,32,15,3401
0x41ebf5,96.8049%,47,1424,1471,1422,8,39,2
0x41e213,96.7918%,47,1418,1465,1,39,8,1417
0x49eca6,89.7155%,47,410,457,57,17,30,353
0x4a64a9,98.5516%,46,3130,3176,14,30,16,3116
0x4152f4,99.4058%,46,7696,7742,7623,24,22,73
0x4bbda7,98.8913%,46,4103,4149,3934,26,20,169
0x41e87d,99.9671%,45,136684,136729,0,0,45,136684
0x4a48f0,99.2593%,44,5896,5940,0,0,44,5896
0x4a6438,98.6462%,44,3206,3250,3170,6,38,36
0x41edf9,98.7131%,44,3375,3419,1362,37,7,2013
0x42032f,93.8484%,43,656,699,44,38,5,612
0x4204a2,95.321%,43,876,919,875,13,30,1
0x4a4931,97.0443%,42,1379,1421,971,26,16,408
0x416aad,99.6542%,42,12104,12146,1,12,30,12103
0x4bbdbc,98.1097%,41,2128,2169,2033,29,12,95
0x41e357,97.2014%,41,1424,1465,1423,2,39,1
0x41ea9c,93.3555%,40,562,602,473,13,27,89
0x4a5cfe,96.5458%,40,1118,1158,0,0,40,1118
0x4203d3,89.011%,40,324,364,272,10,30,52
0x40f1b7,99.3695%,39,6147,6186,0,12,27,6147
0x4092b2,33.8983%,39,20,59,18,21,18,2
0x41ec6f,94.8207%,39,714,753,701,11,28,13
0x41ea0f,80.8081%,38,160,198,10,20,18,150
0x420425,92.8437%,38,493,531,428,21,17,65
0x416acc,99.5013%,38,7582,7620,2765,15,23,4817
0x4a485e,99.6804%,38,11853,11891,712,19,19,11141
0x41e7b2,99.9702%,38,127651,127689,0,0,38,127651
0x4c4e1b,98.5038%,37,2436,2473,0,0,37,2436
0x41fc03,95.1823%,37,731,768,720,10,27,11
0x420222,95.0774%,35,676,711,673,4,31,3
0x4a491b,97.6073%,34,1387,1421,0,0,34,1387
0x40b64f,99.8867%,34,29970,30004,26267,17,17,3703
0x4a840c,99.8093%,34,17797,17831,17797,34,0,0
0x40b776,99.7989%,34,16869,16903,6015,31,3,10854
0x4a7de7,99.6635%,33,9775,9808,0,0,33,9775
0x41e261,20%,32,8,40,2,0,32,6
0x4c4af8,98.9854%,32,3122,3154,0,0,32,3122
0x4a4963,98.7771%,31,2504,2535,0,0,31,2504
0x40ce69,99.843%,31,19719,19750,19719,31,0,0
0x41f51e,97.4401%,31,1180,1211,260,23,8,920
0x4bbde4,98.5708%,31,2138,2169,153,22,9,1985
0x4a7d73,99.6839%,31,9777,9808,0,0,31,9777
0x4113dc,99.8829%,30,25588,25618,0,0,30,25588
0x4c4b58,98.9255%,29,2670,2699,2670,29,0,0
0x4bbdd3,98.7091%,28,2141,2169,168,9,19,1973
0x420349,94.2974%,28,463,491,419,7,21,44
0x41e988,31.7073%,28,13,41,6,14,14,7
0x41ea3f,96.5385%,27,753,780,751,8,19,2
0x4a5cd0,99.6652%,27,8037,8064,29,23,4,8008
0x404729,97.7252%,25,1074,1099,1074,25,0,0
0x4a5f94,53.7037%,25,29,54,11,11,14,18
0x409236,62.5%,24,40,64,40,4,20,0
0x41eaff,96.7213%,24,708,732,708,4,20,0
0x421a93,99.8651%,24,17766,17790,0,0,24,17766
0x40c9af,99.7798%,24,10873,10897,10873,24,0,0
0x4a60f6,99.294%,23,3235,3258,41,11,12,3194
0x41eacf,82.3077%,23,107,130,3,18,5,104
0x41693c,99.8095%,23,12050,12073,7045,19,4,5005
0x40ca05,99.7889%,23,10874,10897,0,0,23,10874
0x4a41cb,96.1667%,23,577,600,535,5,18,42
0x4113fb,99.6223%,23,6067,6090,826,16,7,5241
0x41fbee,81.3008%,23,100,123,98,10,13,2
0x41e861,99.9823%,22,124251,124273,0,0,22,124251
0x4bbdac,98.9857%,22,2147,2169,2076,16,6,71
0x4a5ee6,98.0427%,22,1102,1124,1059,10,12,43
0x40ac87,63.3333%,22,38,60,35,5,17,3
0x40ac82,72.8395%,22,59,81,5,16,6,54
0x420479,97.6061%,22,897,919,849,9,13,48
0x4a6405,99.3231%,22,3228,3250,0,0,22,3228
0x402d42,98.9028%,21,1893,1914,5,15,6,1888
0x41e9a7,97.3077%,21,759,780,189,9,12,570
0x4a6236,99.9513%,21,43135,43156,0,0,21,43135
0x4a83ea,99.8878%,20,17811,17831,0,0,20,17811
0x41138d,99.915%,20,23499,23519,0,0,20,23499
0x41ede6,99.7159%,20,7019,7039,0,0,20,7019
0x41fd42,90.6977%,20,195,215,192,6,14,3
0x4201c1,96.4486%,19,516,535,433,4,15,83
0x4a4859,99.8402%,19,11872,11891,0,0,19,11872
0x41fbc9,98.0691%,19,965,984,206,10,9,759
0x41ea77,97.4044%,19,713,732,120,10,9,593
0x41fc4f,51.2821%,19,20,39,4,9,10,16
0x42046d,98.3775%,19,1152,1171,242,10,9,910
0x49375b,66.6667%,19,38,57,2,9,10,36
0x4a6274,98.2025%,19,1038,1057,0,0,19,1038
0x409264,76.5432%,19,62,81,61,1,18,1
0x4bbef9,99.0909%,18,1962,1980,0,0,18,1962
0x4bbdfa,99.1701%,18,2151,2169,141,4,14,2010
0x4093c4,55%,18,22,40,15,4,14,7
0x41143b,99.7464%,18,7079,7097,1799,17,1,5280
0x4a493a,95.9906%,17,407,424,1,13,4,406
0x4945ec,46.875%,17,15,32,10,6,11,5
0x4f3dc5,81.7204%,17,76,93,43,6,11,33
0x40933c,57.5%,17,23,40,10,10,7,13
0x4201b5,97.609%,17,694,711,157,10,7,537
0x41fd08,94.3262%,16,266,282,58,9,7,208
0x4a5e58,99.7512%,16,6416,6432,0,0,16,6416
0x41f52f,98.2759%,16,912,928,789,4,12,123
0x4a7d87,99.8369%,16,9792,9808,0,0,16,9792
0x40932c,60%,16,24,40,10,10,6,14
0x4bd1f1,95.493%,16,339,355,0,6,10,339
0x41e97a,60.9756%,16,25,41,0,0,16,25
0x4a4186,99.8423%,16,10129,10145,0,0,16,10129
0x41e91d,99.988%,16,133097,133113,0,0,16,133097
0x402dd8,98.6242%,16,1147,1163,0,0,16,1147
0x4029a3,99.1649%,16,1900,1916,0,0,16,1900
0x42033d,97.4068%,16,601,617,112,14,2,489
0x406377,95.6395%,15,329,344,328,8,7,1
0x41fd1c,93.0233%,15,200,215,184,8,7,16
0x41fc77,60.5263%,15,23,38,4,10,5,19
0x402c56,98.7102%,15,1148,1163,64,0,15,1084
0x4a4779,99.9159%,15,17816,17831,0,0,15,17816
0x4a648c,99.5592%,14,3162,3176,0,0,14,3162
0x454988,84.9462%,14,79,93,33,4,10,46
0x403dde,64.1026%,14,25,39,21,9,5,4
0x42032a,98.2074%,14,767,781,69,13,1,698
0x411667,99.1995%,14,1735,1749,0,0,14,1735
0x4a48e2,99.7643%,14,5926,5940,0,0,14,5926
0x48e666,94.2857%,14,231,245,188,6,8,43
0x4a7d9b,99.8573%,14,9794,9808,9794,14,0,0
0x4b02cd,96.4912%,14,385,399,383,4,10,2
0x4f0cfa,79.6875%,13,51,64,2,11,2,49
0x4937c2,79.6875%,13,51,64,1,6,7,50
0x4a5e79,99.871%,13,10067,10080,0,0,13,10067
0x4c4bfb,99.5651%,13,2976,2989,0,0,13,2976
0x41f04b,95.3737%,13,268,281,37,4,9,231
0x41141c,99.9407%,13,21897,21910,0,0,13,21897
0x40b6b6,99.9278%,13,17987,18000,8122,9,4,9865
0x402997,99.3215%,13,1903,1916,0,0,13,1903
0x409240,82.1918%,13,60,73,0,12,1,60
0x4a49e9,99.7811%,13,5927,5940,5918,5,8,9
0x41fbe5,90.3704%,13,122,135,1,11,2,121
0x40248c,99.9836%,13,79151,79164,0,0,13,79151
0x420281,88.2883%,13,98,111,98,7,6,0
0x40caa8,99.627%,13,3472,3485,3472,13,0,0
0x4150c1,99.9201%,13,16256,16269,16256,13,0,0
0x41fd7e,61.2903%,12,19,31,12,2,10,7
0x40b716,99.9377%,12,19247,19259,7354,9,3,11893
0x4a5fd3,97.9417%,12,571,583,12,6,6,559
0x4c4ba6,92.7273%,12,153,165,13,5,7,140
0x49469e,25%,12,4,16,4,12,0,0
0x48ebd6,89.0909%,12,98,110,42,9,3,56
0x4a640f,99.6615%,11,3239,3250,0,0,11,3239
0x42011d,73.1707%,11,30,41,0,6,5,30
0x40ad45,86.25%,11,69,80,3,6,5,66
0x4a8403,99.9383%,11,17820,17831,0,0,11,17820
0x409203,92.3077%,11,132,143,0,9,2,132
0x4bbe19,99.4565%,11,2013,2024,0,0,11,2013
0x4a7dac,99.8878%,11,9797,9808,0,0,11,9797
0x4a63eb,99.6615%,11,3239,3250,0,0,11,3239
0x4a7dc3,99.8878%,11,9797,9808,0,0,11,9797
0x4a615f,98.7925%,11,900,911,847,1,10,53
0x4061dd,97.093%,10,334,344,334,2,8,0
0x416a90,99.7016%,10,3341,3351,0,0,10,3341
0x41e769,99.8578%,10,7022,7032,0,0,10,7022
0x4205f6,90.991%,10,101,111,101,4,6,0
0x41fc12,73.6842%,10,28,38,6,6,4,22
0x4a4945,99.8316%,10,5930,5940,4,4,6,5926
0x4a5d72,80.7692%,10,42,52,8,1,9,34
0x404757,99.0901%,10,1089,1099,0,0,10,1089
0x4a5f4d,97.8355%,10,452,462,8,5,5,444
0x41147b,99.8703%,9,6929,6938,1872,3,6,5057
0x408c7c,96.3265%,9,236,245,231,5,4,5
0x402daa,99.7761%,9,4011,4020,4011,9,0,0
0x4a478d,99.9495%,9,17822,17831,0,0,9,17822
0x409e27,99.2261%,9,1154,1163,0,0,9,1154
0x4b02e6,97.7444%,9,390,399,389,2,7,1
0x492e6f,79.5455%,9,35,44,0,0,9,35
0x41f0aa,96.7972%,9,272,281,34,7,2,238
0x416cbc,99.8724%,9,7044,7053,0,0,9,7044
0x4a6078,99.6526%,9,2582,2591,2582,9,0,0
0x41fbda,98.9583%,8,760,768,0,0,8,760
0x4a6139,99.7227%,8,2877,2885,5,3,5,2872
0x404bcd,98.1132%,8,416,424,412,3,5,4
0x4a6ef0,99.4161%,8,1362,1370,0,0,8,1362
0x404c6a,97.9381%,8,380,388,376,3,5,4
0x4116c2,99.5426%,8,1741,1749,1741,8,0,0
0x41f59e,93.9394%,8,124,132,2,5,3,122
0x493dc1,96.1538%,8,200,208,191,0,8,9
0x416cf4,99.8866%,8,7045,7053,0,0,8,7045
0x4a5e86,99.9206%,8,10072,10080,0,0,8,10072
0x494314,50%,8,8,16,8,7,1,0
0x420397,95.7317%,7,157,164,82,0,7,75
0x402481,99.9912%,7,79157,79164,0,0,7,79157
0x4a5f96,78.125%,7,25,32,1,4,3,24
0x42034e,89.2308%,7,58,65,1,4,3,57
0x402a5c,99.6946%,7,2285,2292,2285,7,0,0
0x4a7ddb,99.9286%,7,9801,9808,0,0,7,9801
0x4205d7,94.3548%,7,117,124,106,5,2,11
0x4a5cf3,99.3955%,7,1151,1158,0,0,7,1151
0x41f5b2,99.1173%,7,786,793,786,5,2,0
0x4a5f01,89.7059%,7,61,68,30,2,5,31
0x4a4c05,99.8822%,7,5933,5940,0,0,7,5933
0x44b4b6,97.6351%,7,289,296,258,1,6,31
0x4052f8,81.0811%,7,30,37,4,4,3,26
0x454c1e,76.6667%,7,23,30,0,0,7,23
0x494b81,89.0625%,7,57,64,45,3,4,12
0x494695,78.125%,7,25,32,9,7,0,16
0x4c4b4e,99.7777%,6,2693,2699,0,0,6,2693
0x40ca9b,99.7665%,6,2564,2570,2564,6,0,0
0x4a5d53,88.4615%,6,46,52,29,6,0,17
0x411662,99.6569%,6,1743,1749,0,0,6,1743
0x40ad02,85%,6,34,40,34,3,3,0
0x4a5c2a,99.9388%,6,9802,9808,0,0,6,9802
0x4f3d14,86.9565%,6,40,46,38,6,0,2
0x41eff0,97.8648%,6,275,281,0,0,6,275
0x4921c2,86.9565%,6,40,46,1,4,2,39
0x494518,62.5%,6,10,16,0,0,6,10
0x48ebb0,94.5455%,6,104,110,0,0,6,104
0x4a60d4,66.6667%,6,12,18,7,2,4,5
0x4bbec2,99.9242%,6,7914,7920,7914,6,0,0
0x4203db,96.3415%,6,158,164,77,5,1,81
0x454992,89.2857%,6,50,56,0,0,6,50
0x416d15,99.9291%,5,7048,7053,7048,5,0,0
0x494fa9,68.75%,5,11,16,0,0,5,11
0x493da8,97.5962%,5,203,208,11,5,0,192
0x40479f,99.545%,5,1094,1099,0,2,3,1094
0x494753,68.75%,5,11,16,7,4,1,4
0x4944d3,68.75%,5,11,16,11,5,0,0
0x41f534,96.2963%,5,130,135,123,2,3,7
0x4201ce,94.7368%,5,90,95,90,2,3,0
0x49249b,87.5%,5,35,40,7,3,2,28
0x4201bc,99.0809%,5,539,544,6,3,2,533
0x4a4161,99.9439%,5,8902,8907,0,0,5,8902
0x4a83f3,99.972%,5,17826,17831,0,0,5,17826
0x454a9a,83.3333%,5,25,30,0,4,1,25
0x4bbe2a,99.8737%,5,3955,3960,3955,5,0,0
0x49572b,92.1875%,5,59,64,47,1,4,12
0x49487a,68.75%,5,11,16,11,5,0,0
0x4a63c4,70.5882%,5,12,17,12,5,0,0
0x41eb97,87.8049%,5,36,41,0,0,5,36
0x403163,93.75%,4,60,64,60,4,0,0
0x49eccb,98.9556%,4,379,383,0,0,4,379
0x48ed30,91.3043%,4,42,46,38,2,2,4
0x4947bf,75%,4,12,16,12,4,0,0
0x48ed00,90.2439%,4,37,41,37,4,0,0
0x48ec56,91.3043%,4,42,46,42,4,0,0
0x49219a,91.3043%,4,42,46,41,3,1,1
0x4bbf0a,99.798%,4,1976,1980,0,0,4,1976
0x402905,99.7912%,4,1912,1916,0,0,4,1912
0x499896,90.4762%,4,38,42,34,2,2,4
0x4b0294,98.9975%,4,395,399,0,2,2,395
0x420486,93.4426%,4,57,61,57,3,1,0
0x4a62c0,92.3077%,4,48,52,48,4,0,0
0x4a7dcc,99.9592%,4,9804,9808,9804,4,0,0
0x4b032f,42.8571%,4,3,7,2,3,1,1
0x403e73,86.6667%,4,26,30,25,1,3,1
0x420503,50%,4,4,8,4,3,1,0
0x4201c6,95.9184%,4,94,98,1,2,2,93
0x4029de,99.7912%,4,1912,1916,0,0,4,1912
0x4a4cd7,99.9327%,4,5936,5940,5936,4,0,0
0x4946c1,75%,4,12,16,12,1,3,0
0x494b75,93.75%,4,60,64,12,4,0,48
0x495120,75%,4,12,16,12,4,0,0
0x4a5d2d,99.9446%,4,7213,7217,0,0,4,7213
0x455011,93.3333%,4,56,60,56,4,0,0
0x4a4882,99.9327%,4,5936,5940,0,0,4,5936
0x4bbe6e,99.798%,4,1976,1980,0,0,4,1976
0x40286c,99.7912%,4,1912,1916,1912,4,0,0
0x494fb4,75%,4,12,16,0,0,4,12
0x41fd21,82.6087%,4,19,23,1,2,2,18
0x4f3d68,87.5%,4,28,32,28,2,2,0
0x4c4a98,99.8724%,4,3131,3135,0,0,4,3131
0x493dc6,76.4706%,4,13,17,13,4,0,0
0x49424e,75%,4,12,16,0,0,4,12
0x48edf3,91.3043%,4,42,46,38,2,2,4
0x493cc8,75%,4,12,16,12,4,0,0
0x48eb81,96.3636%,4,106,110,0,0,4,106
0x48e5a4,98.7755%,3,242,245,242,3,0,0
0x494aad,81.25%,3,13,16,13,3,0,0
0x40477b,99.727%,3,1096,1099,0,0,3,1096
0x40ad53,95.7746%,3,68,71,68,2,1,0
0x41fdc0,96.3415%,3,79,82,0,0,3,79
0x41fb77,96.3415%,3,79,82,0,0,3,79
0x40ad36,96.2963%,3,78,81,78,2,1,0
0x4a5f8b,86.3636%,3,19,22,0,0,3,19
0x494544,81.25%,3,13,16,0,0,3,13
0x4a4cca,99.9495%,3,5937,5940,0,0,3,5937
0x494c06,72.7273%,3,8,11,8,3,0,0
0x404742,99.727%,3,1096,1099,1096,1,2,0
0x4165a0,99.9536%,3,6457,6460,6457,3,0,0
0x49471b,81.25%,3,13,16,0,0,3,13
0x4a52a3,99.9495%,3,5937,5940,5937,3,0,0
0x4091f2,95.8333%,3,69,72,69,0,3,0
0x4a488e,99.9495%,3,5937,5940,5937,3,0,0
0x41e62b,99.9243%,3,3959,3962,0,0,3,3959
0x43fd66,91.8919%,3,34,37,34,3,0,0
0x494bac,81.25%,3,13,16,2,3,0,11
0x459935,97.973%,3,145,148,0,0,3,145
0x494a59,81.25%,3,13,16,0,0,3,13
0x41e1fc,99.7954%,3,1463,1466,0,1,2,1463
0x416313,98.6486%,3,219,222,0,0,3,219
0x494c3c,72.7273%,3,8,11,0,0,3,8
0x48ed77,93.4783%,3,43,46,3,2,1,40
0x493034,81.25%,3,13,16,13,3,0,0
0x4a6178,95.2381%,3,60,63,60,3,0,0
0x4950dd,40%,3,2,5,1,2,1,1
0x420970,99.9693%,3,9764,9767,9764,3,0,0
0x492e23,93.1818%,3,41,44,41,3,0,0
0x492b43,81.25%,3,13,16,13,3,0,0
0x4093a8,92.5%,3,37,40,0,1,2,37
0x4a496d,99.8817%,3,2532,2535,0,0,3,2532
0x494bbc,72.7273%,3,8,11,0,0,3,8
0x495463,81.25%,3,13,16,13,3,0,0
0x4a642e,99.7812%,3,1368,1371,1368,2,1,0
0x4a61a7,62.5%,3,5,8,5,3,0,0
0x4f2042,81.25%,3,13,16,13,3,0,0
0x4a48b7,99.9495%,3,5937,5940,5937,3,0,0
0x494ba3,81.25%,3,13,16,0,0,3,13
0x404bbc,99.2925%,3,421,424,421,3,0,0
0x41e4b8,92.5%,3,37,40,37,2,1,0
0x48e60f,99.1837%,2,243,245,243,2,0,0
0x4a47c8,99.9832%,2,11889,11891,0,0,2,11889
0x43e756,99.5842%,2,479,481,479,2,0,0
0x4043d5,0%,2,0,2,0,1,1,0
0x403e99,93.3333%,2,28,30,28,2,0,0
0x40aa8c,77.7778%,2,7,9,7,1,1,0
0x402b11,99.9127%,2,2290,2292,0,0,2,2290
0x4a4bf0,99.9663%,2,5938,5940,5938,2,0,0
0x493733,96.875%,2,62,64,0,0,2,62
0x409393,95%,2,38,40,0,1,1,38
0x41fd29,90%,2,18,20,18,2,0,0
0x429e1b,94.5946%,2,35,37,35,2,0,0
0x40ad76,97.5309%,2,79,81,71,1,1,8
0x491b50,71.4286%,2,5,7,5,2,0,0
0x41fbf6,86.6667%,2,13,15,2,2,0,11
0x404a4e,77.7778%,2,7,9,0,0,2,7
0x4947ff,87.5%,2,14,16,14,2,0,0
0x45e5a4,97.2973%,2,72,74,0,0,2,72
0x43fdb4,94.5946%,2,35,37,35,2,0,0
0x4a628d,99.8853%,2,1742,1744,1742,2,0,0
0x49547e,87.5%,2,14,16,14,2,0,0
0x49196d,85.7143%,2,12,14,5,2,0,7
0x416339,99.0991%,2,220,222,220,2,0,0
0x446a76,94.5946%,2,35,37,35,2,0,0
0x459960,98.6486%,2,146,148,146,2,0,0
0x41f5b6,0%,2,0,2,0,2,0,0
0x41ffd5,66.6667%,2,4,6,4,2,0,0
0x403e86,93.3333%,2,28,30,28,2,0,0
0x403ed2,93.3333%,2,28,30,28,2,0,0
0x4039fd,66.6667%,2,4,6,0,2,0,4
0x454aca,92.3077%,2,24,26,0,0,2,24
0x40619b,75%,2,6,8,0,0,2,6
0x48e5d3,99.1837%,2,243,245,243,2,0,0
0x405ef2,75%,2,6,8,6,2,0,0
0x4f0cdb,96.875%,2,62,64,0,1,1,62
0x48e58b,99.1837%,2,243,245,243,2,0,0
0x45a40e,99.5495%,2,442,444,442,2,0,0
0x4a40b3,99.8145%,2,1076,1078,0,0,2,1076
0x4204c7,97.561%,2,80,82,80,1,1,0
0x493740,96.875%,2,62,64,62,2,0,0
0x4047b0,99.8179%,2,1096,1098,1096,2,0,0
0x4c1f72,98.6486%,2,146,148,146,2,0,0
0x4929ce,96.5517%,2,56,58,0,0,2,56
0x492a9d,87.5%,2,14,16,14,2,0,0
0x44b76e,94.5946%,2,35,37,35,2,0,0
0x41fbfc,81.8182%,2,9,11,9,2,0,0
0x4938e4,87.5%,2,14,16,14,2,0,0
0x4b03b3,0%,2,0,2,0,2,0,0
0x41f609,98.374%,2,121,123,0,0,2,121
0x41f56a,80%,2,8,10,8,2,0,0
0x42a541,94.5946%,2,35,37,0,0,2,35
0x494282,88.2353%,2,15,17,0,1,1,15
0x41eb2e,95.122%,2,39,41,0,0,2,39
0x4a4834,99.9821%,2,11158,11160,11158,2,0,0
0x41e1f0,99.8637%,2,1465,1467,0,1,1,1465
0x429714,97.2973%,2,72,74,0,0,2,72
0x4a49f5,88.2353%,2,15,17,15,2,0,0
0x4a4807,99.9832%,2,11889,11891,0,0,2,11889
0x4a47b7,99.9832%,2,11889,11891,0,0,2,11889
0x4a7df5,99.9796%,2,9806,9808,0,0,2,9806
0x4a47da,99.9832%,2,11889,11891,0,0,2,11889
0x421dac,99.3243%,2,294,296,294,2,0,0
0x494393,87.5%,2,14,16,0,1,1,14
0x459db9,98.6486%,2,146,148,146,2,0,0
0x403281,96.875%,2,62,64,62,1,1,0
0x402b34,99.9127%,2,2290,2292,2290,2,0,0
0x4296f7,97.2973%,2,72,74,72,2,0,0
0x420627,84.6154%,2,11,13,11,2,0,0
0x4047a9,99.818%,2,1097,1099,0,1,1,1097
0x420356,96.6667%,2,58,60,58,0,2,0
0x46c778,98.6486%,2,146,148,146,2,0,0
0x43f9c9,94.5946%,2,35,37,35,2,0,0
0x48ec0e,95.4545%,2,42,44,42,2,0,0
0x40adec,77.7778%,2,7,9,7,1,1,0
0x4a47e9,99.9832%,2,11889,11891,11889,2,0,0
0x4a484f,99.9832%,2,11889,11891,11889,2,0,0
0x43e3bc,98.6486%,2,146,148,146,2,0,0
0x454a22,97.8495%,2,91,93,54,2,0,37
0x4201a3,99.7191%,2,710,712,0,1,1,710
0x43fd06,94.5946%,2,35,37,35,2,0,0
0x42045a,99.8404%,2,1251,1253,0,1,1,1251
0x4a5c95,99.8853%,2,1742,1744,0,0,2,1742
0x41fec5,97.561%,2,80,82,80,2,0,0
0x40adab,77.7778%,2,7,9,7,1,1,0
0x406354,87.5%,2,14,16,6,2,0,8
0x492ea6,0%,2,0,2,0,0,2,0
0x43f9b3,94.5946%,2,35,37,0,0,2,35
0x493d07,87.5%,2,14,16,14,2,0,0
0x49218d,97.8261%,1,45,46,45,1,0,0
0x4a5ef8,98.5294%,1,67,68,0,0,1,67
0x41e365,97.5%,1,39,40,0,0,1,39
0x41e44a,97.4359%,1,38,39,38,1,0,0
0x493367,97.8261%,1,45,46,45,1,0,0
0x403aa7,85.7143%,1,6,7,6,0,1,0
0x4a6447,98.6486%,1,73,74,0,0,1,73
0x4925b6,97.7273%,1,43,44,43,1,0,0
0x494a6b,93.75%,1,15,16,15,1,0,0
0x402701,98.1818%,1,54,55,0,1,0,54
0x48ecd7,97.8261%,1,45,46,0,0,1,45
0x49495e,93.75%,1,15,16,15,1,0,0
0x4921cf,97.561%,1,40,41,40,1,0,0
0x48ecf7,97.8261%,1,45,46,4,1,0,41
0x403595,0%,1,0,1,0,1,0,0
0x40310e,98.4375%,1,63,64,63,1,0,0
0x41f2b5,97.561%,1,40,41,40,1,0,0
0x460cd8,97.2973%,1,36,37,0,0,1,36
0x44b7ff,97.2973%,1,36,37,36,1,0,0
0x48ed39,97.8261%,1,45,46,45,1,0,0
0x4933e9,97.8261%,1,45,46,45,1,0,0
0x491a6e,85.7143%,1,6,7,6,1,0,0
0x403eeb,96.6667%,1,29,30,29,1,0,0
0x48e95f,98.0392%,1,50,51,50,1,0,0
0x42048e,0%,1,0,1,0,1,0,0
0x42035e,50%,1,1,2,1,1,0,0
0x4201d6,66.6667%,1,2,3,0,1,0,2
0x429dc7,97.2973%,1,36,37,36,1,0,0
0x4939f7,93.75%,1,15,16,15,1,0,0
0x49ecba,99.7389%,1,382,383,0,0,1,382
0x4a4cbe,99.9832%,1,5939,5940,0,0,1,5939
0x404c0f,88.8889%,1,8,9,8,1,0,0
0x48ee1f,83.3333%,1,5,6,0,0,1,5
0x403b8a,0%,1,0,1,0,1,0,0
0x404611,0%,1,0,1,0,1,0,0
0x49475d,80%,1,4,5,4,1,0,0
0x42050b,98.7805%,1,81,82,0,1,0,81
0x493d93,94.1176%,1,16,17,16,1,0,0
0x43fb69,97.2973%,1,36,37,36,1,0,0
0x454ae2,96.1538%,1,25,26,25,1,0,0
0x4bbed8,99.9495%,1,1979,1980,1979,1,0,0
0x491931,92.8571%,1,13,14,13,1,0,0
0x405243,97.2973%,1,36,37,36,1,0,0
0x41ec84,97.561%,1,40,41,0,0,1,40
0x48ed80,97.561%,1,40,41,40,1,0,0
0x4bd1cd,99.7183%,1,354,355,0,0,1,354
0x4a4058,98.3333%,1,59,60,59,1,0,0
0x404411,0%,1,0,1,0,0,1,0
0x49371f,98.4375%,1,63,64,63,1,0,0
0x494431,93.75%,1,15,16,0,0,1,15
0x4a6152,99.8902%,1,910,911,0,0,1,910
0x49297a,98.2759%,1,57,58,57,1,0,0
0x41e4a2,97.4359%,1,38,39,38,1,0,0
0x4f0ef5,96.875%,1,31,32,31,1,0,0
0x403776,99.9857%,1,6976,6977,6976,1,0,0
0x43f9f1,97.2973%,1,36,37,36,1,0,0
0x48e62c,99.5918%,1,244,245,244,1,0,0
0x40ce5a,99.9757%,1,4110,4111,4110,1,0,0
0x4a4863,99.991%,1,11159,11160,11159,1,0,0
0x402949,99.9478%,1,1915,1916,0,0,1,1915
0x4f0d24,98.4375%,1,63,64,63,1,0,0
0x49519a,93.75%,1,15,16,15,1,0,0
0x495010,93.3333%,1,14,15,14,1,0,0
0x4a4911,99.9296%,1,1420,1421,0,0,1,1420
0x45d73b,98.6486%,1,73,74,0,0,1,73
0x40478d,99.909%,1,1098,1099,0,0,1,1098
0x409302,97.5%,1,39,40,0,1,0,39
0x48e975,98.0392%,1,50,51,0,0,1,50
0x49458e,93.75%,1,15,16,15,1,0,0
0x402508,99.9697%,1,3294,3295,0,0,1,3294
0x4a4da4,94.1176%,1,16,17,16,1,0,0
0x453344,97.2973%,1,36,37,36,1,0,0
0x4945a7,93.75%,1,15,16,0,0,1,15
0x4920ef,93.75%,1,15,16,0,0,1,15
0x45d744,98.6486%,1,73,74,0,0,1,73
0x494823,93.75%,1,15,16,15,1,0,0
0x46c6bc,99.3243%,1,147,148,147,1,0,0
0x46c72b,99.3243%,1,147,148,147,1,0,0
0x4a4fee,92.8571%,1,13,14,0,1,0,13
0x4033bf,0%,1,0,1,0,1,0,0
0x41e784,99.9858%,1,7031,7032,7031,1,0,0
0x45a3c1,99.7748%,1,443,444,443,1,0,0
0x41e490,97.4359%,1,38,39,0,0,1,38
0x4c4dc8,99.5575%,1,225,226,0,0,1,225
0x4a501c,0%,1,0,1,0,1,0,0
0x429dae,97.2973%,1,36,37,0,0,1,36
0x4f0e21,93.75%,1,15,16,15,1,0,0
0x48e4df,99.5918%,1,244,245,244,1,0,0
0x41e426,97.5%,1,39,40,0,1,0,39
0x4949f5,93.75%,1,15,16,15,1,0,0
0x494618,93.75%,1,15,16,0,0,1,15
0x4b0309,87.5%,1,7,8,0,0,1,7
0x492124,97.8261%,1,45,46,45,1,0,0
0x4f0924,94.1176%,1,16,17,16,1,0,0
0x421ce0,97.561%,1,40,41,40,1,0,0
0x4043fb,0%,1,0,1,0,1,0,0
0x4052d1,97.2973%,1,36,37,36,1,0,0
0x4a5d19,99.9136%,1,1157,1158,1157,1,0,0
0x4092a8,66.6667%,1,2,3,2,0,1,0
0x454fdd,98.3333%,1,59,60,59,1,0,0
0x402b50,99.9564%,1,2291,2292,0,0,1,2291
0x406e16,0%,1,0,1,0,1,0,0
0x43fa37,97.2973%,1,36,37,36,1,0,0
0x494bde,90.9091%,1,10,11,10,1,0,0
0x43fd2c,97.2973%,1,36,37,36,1,0,0
0x4041b4,0%,1,0,1,0,1,0,0
0x4a4783,99.9944%,1,17830,17831,0,0,1,17830
0x404256,0%,1,0,1,0,0,1,0
0x453d92,99.2308%,1,129,130,129,1,0,0
0x446a53,98.6486%,1,73,74,36,1,0,37
0x41ebc0,97.561%,1,40,41,0,0,1,40
0x43fa42,97.2973%,1,36,37,36,1,0,0
0x40c164,97.2973%,1,36,37,36,1,0,0
0x4a5f6f,96.875%,1,31,32,31,1,0,0
0x4550a7,97.2973%,1,36,37,36,1,0,0
0x4998c8,97.619%,1,41,42,0,0,1,41
0x453d71,99.2308%,1,129,130,0,0,1,129
0x4937e1,85.7143%,1,6,7,0,0,1,6
0x4f0f59,96.875%,1,31,32,31,1,0,0
0x4f13b1,98.2456%,1,56,57,0,0,1,56
0x4201db,50%,1,1,2,1,1,0,0
0x49476e,50%,1,1,2,1,1,0,0
0x40c1a2,97.2973%,1,36,37,36,1,0,0
0x404760,99.909%,1,1098,1099,1098,1,0,0
0x40041c,98.2143%,1,55,56,29,1,0,26
0x49491a,93.75%,1,15,16,15,1,0,0
0x48ec2f,97.7273%,1,43,44,43,1,0,0
0x4c1f44,99.3243%,1,147,148,0,0,1,147
0x49308c,93.75%,1,15,16,0,0,1,15
0x4045d3,0%,1,0,1,0,0,1,0
0x41f55e,90%,1,9,10,0,0,1,9
0x4034b7,0%,1,0,1,0,1,0,0
0x42a326,97.2973%,1,36,37,0,0,1,36
0x403bd3,0%,1,0,1,0,1,0,0
0x41ffc1,97.561%,1,40,41,40,1,0,0
0x4998a1,83.3333%,1,5,6,5,1,0,0
0x4a48ab,99.9832%,1,5939,5940,0,0,1,5939
0x4a48d4,99.9832%,1,5939,5940,0,0,1,5939
0x454aab,96.1538%,1,25,26,0,0,1,25
0x48efba,94.4444%,1,17,18,17,1,0,0
0x400404,98.2143%,1,55,56,55,1,0,0
0x493a7f,93.75%,1,15,16,15,1,0,0
0x4b034e,50%,1,1,2,0,1,0,1
0x494bc6,90.9091%,1,10,11,0,0,1,10
0x40464a,0%,1,0,1,0,1,0,0
0x48efa9,94.4444%,1,17,18,0,0,1,17
0x43faf3,97.2973%,1,36,37,36,1,0,0
0x4946cd,66.6667%,1,2,3,2,1,0,0
0x42a3b0,97.2973%,1,36,37,36,1,0,0
0x45531c,97.2973%,1,36,37,36,1,0,0
0x45532b,97.2973%,1,36,37,36,1,0,0
0x494648,93.75%,1,15,16,0,0,1,15
0x43fb5c,97.2973%,1,36,37,36,1,0,0
0x40ab7e,88.8889%,1,8,9,8,1,0,0
0x4f098f,98.4375%,1,63,64,63,1,0,0
0x404287,0%,1,0,1,0,1,0,0
0x4051d8,97.2973%,1,36,37,0,0,1,36
0x405269,97.2973%,1,36,37,36,1,0,0
0x43fc87,97.2973%,1,36,37,36,1,0,0
0x403a58,83.3333%,1,5,6,5,1,0,0
0x403a2a,83.3333%,1,5,6,5,1,0,0
0x4a4a02,94.1176%,1,16,17,16,1,0,0
0x48e455,99.5918%,1,244,245,244,1,0,0
0x446a3e,98.6486%,1,73,74,0,0,1,73
0x49197e,85.7143%,1,6,7,0,1,0,6
0x403eb9,96.1538%,1,25,26,25,1,0,0
0x403a3f,50%,1,1,2,1,1,0,0
0x41efeb,99.6441%,1,280,281,0,0,1,280
0x4061cc,99.7093%,1,343,344,343,1,0,0
0x41f0a2,99.6441%,1,280,281,0,0,1,280
0x4040ea,0%,1,0,1,0,1,0,0
0x49ed04,99.7389%,1,382,383,0,0,1,382
0x4a417c,99.9704%,1,3379,3380,0,0,1,3379
0x4bd25c,83.3333%,1,5,6,5,1,0,0
0x493b9f,93.75%,1,15,16,0,0,1,15
0x45504d,97.2973%,1,36,37,36,1,0,0
0x4045b1,0%,1,0,1,0,0,1,0
0x454c88,96.6667%,1,29,30,29,1,0,0
0x403db4,97.4359%,1,38,39,0,0,1,38
0x4b01ac,97.3684%,1,37,38,37,1,0,0
0x416ebf,0%,1,0,1,0,1,0,0
0x491aea,85.7143%,1,6,7,6,1,0,0
0x420344,99.7963%,1,490,491,0,0,1,490
0x403a2f,83.3333%,1,5,6,5,1,0,0
0x45e60e,98.6486%,1,73,74,0,0,1,73
0x4045f6,0%,1,0,1,0,0,1,0
0x43fca4,97.2973%,1,36,37,36,1,0,0
0x4026c7,98.1818%,1,54,55,0,1,0,54
0x403bb3,0%,1,0,1,0,1,0,0
0x4205b1,99.1935%,1,123,124,123,1,0,0
0x43fc8f,97.2973%,1,36,37,0,0,1,36
0x48e61e,100%,0,245,245,0,0,0,245
0x4b0225,100%,0,38,38,0,0,0,38
0x41f565,100%,0,10,10,0,0,0,10
0x493078,100%,0,16,16,0,0,0,16
0x45e5be,100%,0,74,74,0,0,0,74
0x4f3d19,100%,0,2,2,2,0,0,0
0x48e475,100%,0,245,245,0,0,0,245
0x48ee4c,100%,0,6,6,0,0,0,6
0x41fce7,100%,0,82,82,0,0,0,82
0x41e1bb,100%,0,40,40,0,0,0,40
0x49437b,100%,0,1,1,0,0,0,1
0x492d03,100%,0,2,2,0,0,0,2
0x45f369,100%,0,74,74,0,0,0,74
0x491b2e,100%,0,7,7,0,0,0,7
0x404b9a,100%,0,424,424,0,0,0,424
0x404260,100%,0,1,1,0,0,0,1
0x421e2a,100%,0,296,296,0,0,0,296
0x422be1,100%,0,74,74,0,0,0,74
0x422bfc,100%,0,74,74,0,0,0,74
0x4b0315,100%,0,2,2,0,0,0,2
0x40408c,100%,0,1,1,0,0,0,1
0x49272f,100%,0,6,6,0,0,0,6
0x45e59b,100%,0,74,74,0,0,0,74
0x404078,100%,0,1,1,0,0,0,1
0x42047e,100%,0,61,61,0,0,0,61
0x403c1f,100%,0,1,1,0,0,0,1
0x403bec,100%,0,1,1,1,0,0,0
0x48ef70,100%,0,18,18,0,0,0,18
0x40aa9f,100%,0,1,1,0,0,0,1
0x41f599,100%,0,132,132,0,0,0,132
0x41ecb5,100%,0,41,41,0,0,0,41
0x41eb6f,100%,0,41,41,41,0,0,0
0x48ef8d,100%,0,18,18,0,0,0,18
0x455041,100%,0,37,37,0,0,0,37
0x460d09,100%,0,37,37,0,0,0,37
0x4a4f6b,100%,0,151,151,0,0,0,151
0x492bd1,100%,0,2,2,0,0,0,2
0x49510d,100%,0,16,16,0,0,0,16
0x4a4049,100%,0,60,60,0,0,0,60
0x41de75,100%,0,1,1,0,0,0,1
0x459da9,100%,0,148,148,0,0,0,148
0x459d40,100%,0,148,148,0,0,0,148
0x4a4cea,100%,0,5940,5940,0,0,0,5940
0x4919aa,100%,0,6,6,0,0,0,6
0x403084,100%,0,1,1,0,0,0,1
0x4919bc,100%,0,6,6,0,0,0,6
0x4919e5,100%,0,6,6,0,0,0,6
0x40371d,100%,0,39,39,0,0,0,39
0x403aed,100%,0,1,1,0,0,0,1
0x454fd4,100%,0,60,60,0,0,0,60
0x4a60a3,100%,0,18,18,18,0,0,0
0x4919f8,100%,0,7,7,0,0,0,7
0x4c1f3f,100%,0,148,148,0,0,0,148
0x491a36,100%,0,7,7,0,0,0,7
0x4947b9,100%,0,16,16,0,0,0,16
0x41e40d,100%,0,1,1,0,0,0,1
0x420136,100%,0,35,35,0,0,0,35
0x494b1c,100%,0,16,16,0,0,0,16
0x45f229,100%,0,74,74,0,0,0,74
0x4acdf8,100%,0,16,16,0,0,0,16
0x409363,100%,0,40,40,0,0,0,40
0x4a6ef7,100%,0,1370,1370,0,0,0,1370
0x422bc6,100%,0,74,74,0,0,0,74
0x404c44,100%,0,9,9,0,0,0,9
0x4b0378,100%,0,1,1,1,0,0,0
0x404bab,100%,0,424,424,0,0,0,424
0x403557,100%,0,1,1,1,0,0,0
0x459da0,100%,0,148,148,0,0,0,148
0x404bd9,100%,0,9,9,0,0,0,9
0x4b0347,100%,0,2,2,0,0,0,2
0x4955b3,100%,0,1,1,0,0,0,1
0x41e47e,100%,0,39,39,0,0,0,39
0x4947de,100%,0,16,16,0,0,0,16
0x4047cb,100%,0,1,1,0,0,0,1
0x43e343,100%,0,74,74,74,0,0,0
0x494352,100%,0,1,1,0,0,0,1
0x48e64f,100%,0,245,245,0,0,0,245
0x406e11,100%,0,1,1,0,0,0,1
0x4033ea,100%,0,1,1,1,0,0,0
0x403871,100%,0,1,1,0,0,0,1
0x4038cc,100%,0,1,1,0,0,0,1
0x403958,100%,0,6,6,0,0,0,6
0x420474,100%,0,919,919,0,0,0,919
0x49197a,100%,0,7,7,0,0,0,7
0x43e3ca,100%,0,148,148,0,0,0,148
0x43fc63,100%,0,37,37,0,0,0,37
0x43fcff,100%,0,37,37,0,0,0,37
0x43fcdd,100%,0,37,37,37,0,0,0
0x403a6e,100%,0,2,2,0,0,0,2
0x404bed,100%,0,9,9,0,0,0,9
0x453d7a,100%,0,130,130,0,0,0,130
0x4549f0,100%,0,93,93,0,0,0,93
0x48ee31,100%,0,6,6,0,0,0,6
0x4202a8,100%,0,1,1,0,0,0,1
0x45f360,100%,0,74,74,0,0,0,74
0x41ec3d,100%,0,41,41,0,0,0,41
0x4924fe,100%,0,30,30,0,0,0,30
0x43fc6e,100%,0,37,37,0,0,0,37
0x45333a,100%,0,37,37,0,0,0,37
0x4163be,100%,0,222,222,0,0,0,222
0x48eefd,100%,0,18,18,0,0,0,18
0x492eab,100%,0,2,2,0,0,0,2
0x40c0a4,100%,0,37,37,0,0,0,37
0x4a48c3,100%,0,5940,5940,0,0,0,5940
0x40c09c,100%,0,37,37,0,0,0,37
0x45e5f4,100%,0,74,74,0,0,0,74
0x404b89,100%,0,9,9,0,0,0,9
0x49210e,100%,0,16,16,0,0,0,16
0x4924d2,100%,0,30,30,0,0,0,30
0x4918f0,100%,0,14,14,0,0,0,14
0x494d6d,100%,0,16,16,16,0,0,0
0x42a34d,100%,0,37,37,0,0,0,37
0x4bbf14,100%,0,1980,1980,0,0,0,1980
0x494363,100%,0,1,1,0,0,0,1
0x460c68,100%,0,37,37,0,0,0,37
0x460c5f,100%,0,37,37,0,0,0,37
0x494bfe,100%,0,11,11,0,0,0,11
0x460b0f,100%,0,37,37,0,0,0,37
0x494748,100%,0,16,16,0,0,0,16
0x460c1e,100%,0,37,37,37,0,0,0
0x460c13,100%,0,37,37,0,0,0,37
0x42a368,100%,0,37,37,0,0,0,37
0x42a35d,100%,0,37,37,0,0,0,37
0x494a41,100%,0,16,16,0,0,0,16
0x40056a,100%,0,74,74,74,0,0,0
0x42a340,100%,0,37,37,0,0,0,37
0x42a546,100%,0,37,37,0,0,0,37
0x404a3f,100%,0,9,9,0,0,0,9
0x429f4b,100%,0,37,37,0,0,0,37
0x404278,100%,0,1,1,0,0,0,1
0x43fb96,100%,0,37,37,0,0,0,37
0x4f13af,100%,0,57,57,0,0,0,57
0x43fb7c,100%,0,37,37,37,0,0,0
0x4061e6,100%,0,8,8,0,0,0,8
0x43e3a3,100%,0,74,74,74,0,0,0
0x420569,100%,0,6,6,0,0,0,6
0x4a4fd9,100%,0,14,14,0,0,0,14
0x4202e6,100%,0,1,1,0,0,0,1
0x494af3,100%,0,16,16,0,0,0,16
0x40290a,100%,0,1916,1916,0,0,0,1916
0x460c80,100%,0,37,37,0,0,0,37
0x41fcda,100%,0,82,82,0,0,0,82
0x494956,100%,0,16,16,0,0,0,16
0x491915,100%,0,14,14,0,0,0,14
0x48e674,100%,0,51,51,0,0,0,51
0x446aa7,100%,0,37,37,0,0,0,37
0x494624,100%,0,16,16,0,0,0,16
0x403c02,100%,0,1,1,0,0,0,1
0x40aa5b,100%,0,1,1,0,0,0,1
0x491922,100%,0,14,14,0,0,0,14
0x494c25,100%,0,11,11,0,0,0,11
0x41fe16,100%,0,82,82,0,0,0,82
0x41f56f,100%,0,10,10,0,0,0,10
0x45f3b9,100%,0,74,74,0,0,0,74
0x493cbb,100%,0,16,16,0,0,0,16
0x446a69,100%,0,37,37,0,0,0,37
0x409279,100%,0,62,62,0,0,0,62
0x4a4f64,100%,0,151,151,0,0,0,151
0x45994a,100%,0,148,148,148,0,0,0
0x491908,100%,0,14,14,0,0,0,14
0x42a3da,100%,0,37,37,37,0,0,0
0x41ec34,100%,0,41,41,0,0,0,41
0x455058,100%,0,37,37,0,0,0,37
0x460ad6,100%,0,37,37,0,0,0,37
0x4f0e12,100%,0,16,16,0,0,0,16
0x41ef0c,100%,0,281,281,281,0,0,0
0x403928,100%,0,6,6,0,0,0,6
0x41ff5e,100%,0,82,82,0,0,0,82
0x494915,100%,0,16,16,0,0,0,16
0x4f0def,100%,0,16,16,16,0,0,0
0x40326a,100%,0,64,64,0,0,0,64
0x454c72,100%,0,30,30,0,0,0,30
0x493218,100%,0,16,16,0,0,0,16
0x49309f,100%,0,16,16,16,0,0,0
0x460c73,100%,0,37,37,0,0,0,37
0x491b04,100%,0,7,7,0,0,0,7
0x48e597,100%,0,245,245,0,0,0,245
0x45f220,100%,0,74,74,0,0,0,74
0x4a5d64,100%,0,17,17,17,0,0,0
0x45a400,100%,0,444,444,0,0,0,444
0x4924ef,100%,0,30,30,0,0,0,30
0x49ecd9,100%,0,383,383,0,0,0,383
0x41fe77,100%,0,82,82,0,0,0,82
0x4a4157,100%,0,8907,8907,0,0,0,8907
0x42018b,100%,0,35,35,0,0,0,35
0x40ab48,100%,0,9,9,9,0,0,0
0x48ee55,100%,0,46,46,0,0,0,46
0x493d8d,100%,0,17,17,0,0,0,17
0x41f559,100%,0,10,10,0,0,0,10
0x4a6ee1,100%,0,1370,1370,0,0,0,1370
0x4938b3,100%,0,16,16,0,0,0,16
0x492aad,100%,0,16,16,0,0,0,16
0x492b33,100%,0,16,16,0,0,0,16
0x4a4f56,100%,0,151,151,0,0,0,151
0x49296a,100%,0,58,58,0,0,0,58
0x48eb52,100%,0,110,110,0,0,0,110
0x48eea6,100%,0,46,46,46,0,0,0
0x48ee89,100%,0,46,46,0,0,0,46
0x404bfe,100%,0,9,9,0,0,0,9
0x402ad9,100%,0,2292,2292,0,0,0,2292
0x4040d9,100%,0,1,1,0,0,0,1
0x40926f,100%,0,19,19,19,0,0,0
0x4549aa,100%,0,93,93,93,0,0,0
0x4552fa,100%,0,37,37,0,0,0,37
0x4921b4,100%,0,46,46,0,0,0,46
0x4a616b,100%,0,63,63,0,0,0,63
0x4f13b6,100%,0,57,57,0,0,0,57
0x492e78,100%,0,44,44,0,0,0,44
0x48e777,100%,0,110,110,0,0,0,110
0x4a5c87,100%,0,1744,1744,1744,0,0,0
0x48e690,100%,0,51,51,0,0,0,51
0x4a4fe7,100%,0,14,14,0,0,0,14
0x4f0d17,100%,0,51,51,0,0,0,51
0x4956f0,100%,0,16,16,0,0,0,16
0x41e199,100%,0,40,40,0,0,0,40
0x4ace0b,100%,0,16,16,0,0,0,16
0x494a49,100%,0,16,16,0,0,0,16
0x4a40a9,100%,0,1078,1078,0,0,0,1078
0x494948,100%,0,16,16,0,0,0,16
0x4f13aa,100%,0,57,57,0,0,0,57
0x4937b2,100%,0,64,64,0,0,0,64
0x492a84,100%,0,16,16,0,0,0,16
0x4a63b7,100%,0,17,17,0,0,0,17
0x4024f8,100%,0,1910,1910,0,0,0,1910
0x45e5eb,100%,0,74,74,0,0,0,74
0x48e545,100%,0,245,245,0,0,0,245
0x494528,100%,0,16,16,0,0,0,16
0x40244f,100%,0,7016,7016,0,0,0,7016
0x49443e,100%,0,16,16,16,0,0,0
0x45f3b0,100%,0,74,74,0,0,0,74
0x4f0f46,100%,0,32,32,0,0,0,32
0x4f0f1c,100%,0,32,32,32,0,0,0
0x49439c,100%,0,15,15,0,0,0,15
0x494306,100%,0,16,16,0,0,0,16
0x41e1c9,100%,0,40,40,0,0,0,40
0x4942f6,100%,0,16,16,0,0,0,16
0x4f0945,100%,0,17,17,0,0,0,17
0x454c48,100%,0,30,30,0,0,0,30
0x4061bb,100%,0,344,344,0,0,0,344
0x4061aa,100%,0,344,344,0,0,0,344
0x406118,100%,0,8,8,0,0,0,8
0x41e290,100%,0,40,40,0,0,0,40
0x409373,100%,0,40,40,0,0,0,40
0x406113,100%,0,8,8,0,0,0,8
0x4052e3,100%,0,37,37,37,0,0,0
0x4032a9,100%,0,1,1,0,0,0,1
0x403899,100%,0,1,1,0,0,0,1
0x41fd17,100%,0,215,215,0,0,0,215
0x48e682,100%,0,51,51,0,0,0,51
0x454c4d,100%,0,30,30,0,0,0,30
0x4a40d4,100%,0,392,392,0,0,0,392
0x403a85,100%,0,6,6,0,0,0,6
0x48e47f,100%,0,245,245,0,0,0,245
0x44b711,100%,0,37,37,37,0,0,0
0x48ef17,100%,0,18,18,18,0,0,0
0x40c1b8,100%,0,37,37,0,0,0,37
0x4929bd,100%,0,58,58,0,0,0,58
0x48ebc4,100%,0,110,110,0,0,0,110
0x454c37,100%,0,30,30,0,0,0,30
0x45503a,100%,0,37,37,0,0,0,37
0x4552ff,100%,0,37,37,0,0,0,37
0x460c90,100%,0,37,37,37,0,0,0
0x494b62,100%,0,48,48,0,0,0,48
0x48e534,100%,0,245,245,245,0,0,0
0x48e523,100%,0,245,245,0,0,0,245
0x48e50d,100%,0,245,245,0,0,0,245
0x48e4d1,100%,0,245,245,0,0,0,245
0x491a50,100%,0,7,7,0,0,0,7
0x403f01,100%,0,26,26,0,0,0,26
0x41e4ac,100%,0,39,39,0,0,0,39
0x403f3d,100%,0,30,30,0,0,0,30
0x403f1f,100%,0,30,30,30,0,0,0
0x46c6dc,100%,0,148,148,0,0,0,148
0x48ef13,100%,0,18,18,0,0,0,18
0x48e97a,100%,0,51,51,51,0,0,0
0x49518b,100%,0,16,16,0,0,0,16
0x45d75e,100%,0,74,74,0,0,0,74
0x460bdb,100%,0,37,37,0,0,0,37
0x48e46c,100%,0,245,245,0,0,0,245
0x41fd51,100%,0,17,17,0,0,0,17
0x420243,100%,0,6,6,0,0,0,6
0x4205ac,100%,0,124,124,0,0,0,124
0x42059f,100%,0,124,124,0,0,0,124
0x40adc2,100%,0,1,1,0,0,0,1
0x420572,100%,0,6,6,0,0,0,6
0x49990a,100%,0,42,42,0,0,0,42
0x495711,100%,0,64,64,0,0,0,64
