Branch PC,Accuracy,Mispredictions,Correct Predictions,Total,dir_t_pred_t,dir_t_pred_nt,dir_nt_pred_t,dir_nt_pred_nt
aggregate,87.8102%,2425917,17475338,19901255,9109313,887100,1538817,8366025
0x4164ea,85.6923%,126710,758898,885608,82711,90171,36539,676187
0x40cc3f,73.4365%,108174,299054,407228,179259,48456,59718,119795
0x41683b,50.1866%,89555,90226,179781,47293,43010,46545,42933
0x40bda5,78.6273%,77382,284678,362060,257677,13141,64241,27001
0x40bbbf,56.2919%,74737,96254,170991,59805,27224,47513,36449
0x40f6e4,61.5191%,71095,113659,184754,73656,26646,44449,40003
0x40cf70,66.7634%,70766,142150,212916,131381,10437,60329,10769
0x40c966,64.0662%,63794,113738,177532,51666,34639,29155,62072
0x40f70f,65.8281%,63134,121620,184754,110789,9460,53674,10831
0x40971d,79.3027%,55153,211321,266474,157276,20216,34937,54045
0x40f73a,70.3151%,54844,129910,184754,121819,7658,47186,8091
0x40bbb6,80.9924%,54554,232458,287012,81604,34417,20137,150854
0x416416,70.7216%,52514,126847,179361,103781,18002,34512,23066
0x40f765,73.1199%,49662,135092,184754,126746,7091,42571,8346
0x40cdd3,85.5132%,42824,252784,295608,210441,7624,35200,42343
0x41651f,77.6168%,41354,143401,184755,127915,5576,35778,15486
0x40cfb4,72.9982%,41155,111261,152416,104730,7387,33768,6531
0x409544,74.3736%,38014,110325,148339,9668,26610,11404,100657
0x416558,80.0812%,37157,149385,186542,118927,9883,27274,30458
0x416298,68.0382%,36681,78084,114765,16492,26867,9814,61592
0x40bcb7,87.8604%,34842,252170,287012,207885,7374,27468,44285
0x40b796,73.7782%,33465,94158,127623,34890,19424,14041,59268
0x40b734,74.4819%,32567,95056,127623,89327,9328,23239,5729
0x40b6d4,77.0739%,29259,98364,127623,94972,3438,25821,3392
0x40b676,77.3426%,28916,98707,127623,93725,3899,25017,4982
0x40b5f6,77.9146%,28186,99437,127623,91821,5346,22840,7616
0x40cff1,76.9755%,27730,92707,120437,88168,5461,22269,4539
0x402e0b,67.8949%,27700,58579,86279,21924,14234,13466,36655
0x40bc9b,62.6548%,27315,45827,73142,19208,13386,13929,26619
0x40ccb5,86.1356%,27282,169495,196777,165480,4399,22883,4015
0x40f088,64.779%,26029,47873,73902,34477,10637,15392,13396
0x40be17,72.311%,25264,65978,91242,58344,6584,18680,7634
0x40f024,66.5828%,24696,49206,73902,39189,6688,18008,10017
0x40ef5c,67.8439%,23764,50138,73902,45156,5449,18315,4982
0x409489,68.6994%,23400,51359,74759,3658,16389,7011,47701
0x40eff2,68.9224%,22967,50935,73902,35456,9653,13314,15479
0x40cc72,76.3331%,21623,69741,91364,35495,5237,16386,34246
0x40ef8e,72.473%,20343,53559,73902,41028,5875,14468,12531
0x40f056,72.4919%,20329,53573,73902,42707,6336,13993,10866
0x40d02e,79.9542%,19954,79588,99542,77989,1855,18099,1599
0x40cded,75.2898%,19161,58382,77543,57170,2431,16730,1212
0x40efc0,74.2443%,19034,54868,73902,45279,4878,14156,9589
0x40f0ba,74.795%,18627,55275,73902,41731,7127,11500,13544
0x40ccf3,90.0853%,16843,153036,169879,121791,4205,12638,31245
0x4094d0,78.012%,16438,58321,74759,3069,13137,3301,55252
0x4096b4,69.4732%,15500,35275,50775,4300,10029,5471,30975
0x416578,73.8014%,15125,42607,57732,21588,5203,9922,21019
0x4094ed,67.9216%,15081,31932,47013,29401,4436,10645,2531
0x40ceec,95.0847%,14530,281078,295608,217059,4647,9883,64019
0x402e1a,71.503%,14283,35838,50121,33174,3020,11263,2664
0x40caeb,67.981%,14211,30172,44383,21768,4673,9538,8404
0x40cf7a,80.4636%,13890,57208,71098,56165,3095,10795,1043
0x41136c,85.9061%,13635,83109,96744,48284,4702,8933,34825
0x41ddeb,74.9162%,13249,39570,52819,26257,6086,7163,13313
0x41de07,75.4545%,12906,39674,52580,26466,5374,7532,13208
0x40cf60,94.3917%,12771,214944,227715,210758,2158,10613,4186
0x40b69d,86.9273%,12410,82521,94931,2817,8228,4182,79704
0x411488,86.8724%,12122,80218,92340,69698,4038,8084,10520
0x40b6fd,89.1461%,11325,93015,104340,1122,8700,2625,91893
0x40bbd7,86.5189%,11319,72643,83962,71655,1940,9379,988
0x416018,84.9287%,11138,62764,73902,8993,6406,4732,53771
0x416598,73.9529%,10678,30317,40995,29558,1383,9295,759
0x40c98c,88.5251%,10465,80734,91199,79968,1495,8970,766
0x40b75d,89.4677%,10160,86305,96465,1431,7587,2573,84874
0x40bc89,88.8554%,9699,77330,87029,7257,6630,3069,70073
0x411385,78.4885%,9413,34345,43758,27736,2118,7295,6609
0x40cfbe,76.7414%,9373,30926,40299,29865,1304,8069,1061
0x4095f9,65.6606%,9318,17817,27135,2252,7105,2213,15565
0x40ce0a,68.5017%,8943,19449,28392,4937,5513,3430,14512
0x40cfa4,94.6325%,8754,154340,163094,151129,1287,7467,3211
0x4113d4,80.536%,8388,34707,43095,26069,3183,5205,8638
0x40b63b,88.465%,7918,60725,68643,644,6403,1515,60081
0x40cad7,95.6639%,7698,169834,177532,131334,1815,5883,38500
0x40cfe4,94.1067%,7591,121217,128808,119205,1232,6359,2012
0x40cd08,82.7701%,7561,36322,43883,17131,3744,3817,19191
0x40cffb,72.7768%,7298,19510,26808,17533,2028,5270,1977
0x41e892,86.7306%,6991,45694,52685,16597,3703,3288,29097
0x40cd39,96.3461%,6914,182307,189221,144607,1538,5376,37700
0x411414,84.1692%,6698,35612,42310,26078,1597,5101,9534
0x40d021,94.005%,6405,100434,106839,98668,874,5531,1766
0x40d038,68.6923%,6167,13531,19698,2732,3398,2769,10799
0x409640,78.3048%,5887,21248,27135,1834,4068,1819,19414
0x40bc4b,67.2661%,5752,11820,17572,4371,2834,2918,7449
0x40ce32,59.3965%,5477,8012,13489,1983,2814,2663,6029
0x40b609,83.1757%,5124,25332,30456,24521,928,4196,811
0x40965d,67.022%,5074,10312,15386,9736,1090,3984,576
0x40ce1e,71.7311%,5072,12870,17942,525,3928,1144,12345
0x40ceab,73.4088%,4771,13171,17942,12600,663,4108,571
0x40cf67,68.4911%,4663,10136,14799,7051,2387,2276,3085
0x40f115,93.8337%,4557,69345,73902,69327,311,4246,18
0x411450,89.2777%,4376,36436,40812,24261,1908,2468,12175
0x402e47,94.971%,4339,81940,86279,81032,706,3633,908
0x40be26,94.2275%,3748,61180,64928,60795,800,2948,385
0x40ce46,61.9305%,3309,5383,8692,2666,1523,1786,2717
0x4113e4,80.7024%,3286,13742,17028,7714,1416,1870,6028
0x41ee6f,94.0287%,3146,49539,52685,49521,109,3037,18
0x4113a4,82.1815%,3014,13901,16915,8459,1061,1953,5442
0x409e64,56.9463%,2972,3931,6903,3176,900,2072,755
0x409e93,57.3519%,2944,3959,6903,2882,1269,1675,1077
0x40bb0e,96.1063%,2893,71407,74300,71378,375,2518,29
0x40cfab,73.7404%,2804,7874,10678,6696,865,1939,1178
0x40c995,71.8365%,2742,6994,9736,5733,675,2067,1261
0x411424,85.953%,2572,15738,18310,8878,854,1718,6860
0x41ee22,93.2599%,2503,34633,37136,34596,403,2100,37
0x40cfeb,71.8672%,2355,6016,8371,5278,685,1670,738
0x40f1d2,52.8298%,2167,2427,4594,1834,947,1220,593
0x40ca73,60.9112%,2162,3369,5531,760,1239,923,2609
0x411464,88.5882%,2121,16465,18586,8656,1238,883,7809
0x40be1b,92.3691%,2008,24306,26314,24051,560,1448,255
0x41142c,76.7661%,1993,6585,8578,2643,1032,961,3942
0x402c7e,97.4512%,1935,73984,75919,67728,1021,914,6256
0x41646f,98.9836%,1896,184645,186541,116,1671,225,184529
0x41eec2,93.3618%,1883,26483,28366,26461,269,1614,22
0x40ca5f,75.3801%,1765,5404,7169,216,1422,343,5188
0x4113ac,76.9439%,1705,5690,7395,2195,816,889,3495
0x416895,97.9108%,1690,79204,80894,78818,412,1278,386
0x40d028,77.018%,1677,5620,7297,898,1009,668,4722
0x41146c,81.6843%,1592,7100,8692,3366,577,1015,3734
0x40ca87,56.7101%,1529,2003,3532,838,935,594,1165
0x4113ec,82.0461%,1418,6480,7898,2567,618,800,3913
0x40f1fb,55.6954%,1373,1726,3099,1366,383,990,360
0x40efd1,94.4873%,1309,22436,23745,3228,206,1103,19208
0x40ca16,68.4642%,1269,2755,4024,2328,239,1030,427
0x40ca4b,84.7933%,1262,7037,8299,382,748,514,6655
0x409733,98.7256%,1134,87848,88982,27,919,215,87821
0x40b845,58.1076%,1067,1480,2547,1163,524,543,317
0x40f224,50.5102%,970,990,1960,367,502,468,623
0x40cccc,96.8253%,954,29096,30050,3372,810,144,25724
0x416427,98.4685%,896,57607,58503,53,719,177,57554
0x40b8c1,78.7533%,893,3310,4203,2970,373,520,340
0x40bd78,53.5285%,889,1024,1913,899,379,510,125
0x40b96d,66.6274%,850,1697,2547,1609,258,592,88
0x4a623e,85.5437%,823,4870,5693,4511,109,714,359
0x409749,99.164%,736,87300,88036,8,576,160,87292
0x40b8df,71.2996%,731,1816,2547,1669,201,530,147
0x415fc1,99.0568%,703,73834,74537,122,513,190,73712
0x41debb,99.8479%,703,461525,462228,461525,703,0,0
0x416026,98.8342%,682,57821,58503,681,366,316,57140
0x4a5e65,83.0208%,679,3320,3999,367,636,43,2953
0x40ca24,83.2008%,676,3348,4024,246,450,226,3102
0x40bd04,99.0732%,665,71088,71753,71077,41,624,11
0x4c4a96,59.6213%,661,976,1637,406,360,301,570
0x40f0cb,97.3926%,653,24391,25044,3176,394,259,21215
0x4164f5,99.9275%,642,884966,885608,35218,21,621,849748
0x40249c,94.6537%,636,11260,11896,11260,179,457,0
0x40976b,99.2888%,622,86830,87452,6,390,232,86824
0x416a0f,99.2603%,597,80113,80710,80110,30,567,3
0x40f160,87.4384%,586,4079,4665,10,391,195,4069
0x40ccc4,98.1532%,574,30506,31080,600,430,144,29906
0x402ea3,99.5186%,569,117618,118187,26,433,136,117592
0x40cebb,87.9461%,564,4115,4679,4,468,96,4111
0x40cc58,99.7536%,561,227154,227715,91206,158,403,135948
0x4160f6,98.8472%,518,44416,44934,0,0,518,44416
0x40f099,98.2979%,490,28298,28788,7337,223,267,20961
0x40ba84,39.3173%,480,311,791,108,12,468,203
0x4169b4,99.4696%,479,89824,90303,0,0,479,89824
0x40b9dc,61.7788%,477,771,1248,349,219,258,422
0x4164fc,99.9439%,477,849892,850369,700490,363,114,149402
0x40b94c,66.5954%,469,935,1404,604,123,346,331
0x4a5e9c,76.6174%,459,1504,1963,1115,286,173,389
0x4a5e97,85.1469%,445,2551,2996,817,216,229,1734
0x40ef9f,98.4333%,423,26576,26999,7372,203,220,19204
0x4036f9,39.8281%,420,278,698,268,189,231,10
0x40f003,98.5517%,417,28376,28793,7705,185,232,20671
0x40f067,98.3628%,407,24452,24859,3213,237,170,21239
0x40b9fd,84.0989%,405,2142,2547,312,359,46,1830
0x4a4951,70.653%,400,963,1363,180,252,148,783
0x41e7cb,99.3985%,394,65108,65502,3687,288,106,61421
0x4a5eba,81.7658%,380,1704,2084,1094,21,359,610
0x41688c,99.7183%,365,129184,129549,87597,216,149,41587
0x41eea2,99.311%,363,52322,52685,52322,158,205,0
0x40b708,99.655%,360,103980,104340,21998,23,337,81982
0x41e61c,48.7106%,358,340,698,335,109,249,5
0x40f1e7,80.8605%,347,1466,1813,1462,33,314,4
0x40954c,99.6903%,347,111714,112061,73423,157,190,38291
0x416abb,90.5518%,339,3249,3588,1315,148,191,1934
0x41edef,26.7974%,336,123,459,62,143,193,61
0x40ef6d,98.5921%,328,22969,23297,3307,272,56,19662
0x40b768,99.6652%,323,96142,96465,20371,90,233,75771
0x4c4ab1,64.2303%,323,580,903,424,201,122,156
0x41e613,53.8682%,322,376,698,293,109,213,83
0x4a642e,59.5361%,314,462,776,458,76,238,4
0x411cde,99.5877%,313,75606,75919,75606,313,0,0
0x41169f,37.8819%,305,186,491,98,144,161,88
0x4169fc,99.7739%,297,131082,131379,89499,234,63,41583
0x4bbda7,68.7364%,287,631,918,629,279,8,2
0x4024b5,37.4179%,286,171,457,8,196,90,163
0x40f035,98.9866%,284,27741,28025,7799,9,275,19942
0x4a47a5,85.357%,281,1638,1919,1331,33,248,307
0x4169dd,99.8375%,277,170166,170443,1,76,201,170165
0x41ee8e,90.9656%,276,2779,3055,1678,138,138,1101
0x401ce1,85.0218%,275,1561,1836,1522,97,178,39
0x41e857,99.5832%,273,65229,65502,0,254,19,65229
0x40cd1f,98.8308%,269,22739,23008,4380,24,245,18359
0x4a6247,75.0233%,268,805,1073,766,56,212,39
0x4a4983,71.2137%,268,663,931,611,136,132,52
0x402ceb,99.647%,268,75651,75919,0,239,29,75651
0x409eb5,96.1756%,264,6639,6903,6639,25,239,0
0x40f18e,94.3623%,263,4402,4665,8,46,217,4394
0x40f210,80.8148%,259,1091,1350,1077,62,197,14
0x402e4f,94.3184%,258,4283,4541,4283,19,239,0
0x41ddf9,99.5191%,254,52565,52819,0,239,15,52565
0x402763,45.7516%,249,210,459,162,78,171,48
0x4116de,49.8982%,246,245,491,172,70,176,73
0x401d13,84.9907%,243,1376,1619,1367,66,177,9
0x401d5a,86.8192%,242,1594,1836,1354,23,219,240
0x4a4119,54.5631%,234,281,515,188,81,153,93
0x420372,78.9084%,228,853,1081,729,82,146,124
0x4163fd,78.2235%,228,819,1047,748,177,51,71
0x4a5ecb,78.0186%,213,756,969,52,182,31,704
0x41e917,99.5957%,213,52472,52685,0,205,8,52472
0x4094e3,99.7695%,213,92177,92390,45209,168,45,46968
0x41686d,99.8755%,210,168498,168708,0,47,163,168498
0x4a482f,63.4234%,203,352,555,292,17,186,60
0x4a612d,81.3023%,201,874,1075,202,150,51,672
0x4a5ee6,73.3062%,197,541,738,476,21,176,65
0x4152e4,72.063%,195,503,698,9,134,61,494
0x41ee45,99.518%,179,36957,37136,36957,35,144,0
0x402cfc,99.7648%,178,75502,75680,0,0,178,75502
0x4a62c0,59.2166%,177,257,434,146,109,68,111
0x4a60f6,82.7517%,173,830,1003,411,23,150,419
0x40b711,99.7935%,170,82149,82319,75061,66,104,7088
0x4a64a9,79.3827%,167,643,810,92,161,6,551
0x416853,99.8134%,167,89311,89478,0,0,167,89311
0x4169eb,99.9026%,166,170200,170366,38949,38,128,131251
0x40ce7e,99.0748%,166,17776,17942,6386,114,52,11390
0x416447,99.7177%,163,57568,57731,0,0,163,57568
0x41687b,99.9057%,159,168502,168661,39065,46,113,129437
0x40f239,85.4262%,159,932,1091,924,26,133,8
0x402ad4,67.0833%,158,322,480,0,0,158,322
0x40ccd1,99.3892%,158,25710,25868,3150,2,156,22560
0x4204a2,77.551%,154,532,686,370,73,81,162
0x4a41cb,93.9271%,150,2320,2470,2161,62,88,159
0x4bbe98,93.3921%,150,2120,2270,331,123,27,1789
0x40c979,99.8378%,148,91079,91227,11,17,131,91068
0x4a485e,75.1351%,138,417,555,307,2,136,110
0x40f666,86.4971%,138,884,1022,879,24,114,5
0x4c4c56,95.5657%,136,2931,3067,2416,45,91,515
0x40b6a8,99.8567%,136,94795,94931,18943,11,125,75852
0x4bbe67,85.2423%,134,774,908,374,80,54,400
0x4c4aa2,84.7302%,133,738,871,124,13,120,614
0x402824,70.9251%,132,322,454,322,132,0,0
0x41e797,71.6776%,130,329,459,120,85,45,209
0x40f68e,87.2798%,130,892,1022,891,10,120,1
0x40b6b1,99.8302%,129,75848,75977,64826,106,23,11022
0x41eee2,99.5452%,129,28237,28366,28237,19,110,0
0x40f610,87.5734%,127,895,1022,895,5,122,0
0x40279d,72.9847%,124,335,459,178,62,62,157
0x4a6146,82.8017%,124,597,721,570,116,8,27
0x415fa9,99.8336%,124,74413,74537,0,0,124,74413
0x40f63e,87.9648%,123,899,1022,899,4,119,0
0x41e624,51.9685%,122,132,254,95,49,73,37
0x409eba,49.3724%,121,118,239,117,1,120,1
0x416844,99.8692%,117,89361,89478,0,0,117,89361
0x41edf9,53.937%,117,137,254,24,86,31,113
0x4a62ca,35.1955%,116,63,179,0,0,116,63
0x4165c3,99.8466%,114,74186,74300,0,0,114,74186
0x4a4c05,91.6422%,114,1250,1364,0,0,114,1250
0x4a602d,86.5089%,114,731,845,149,87,27,582
0x40f262,88.2415%,111,833,944,7,71,40,826
0x40bc73,99.8771%,107,86922,87029,0,0,107,86922
0x411458,99.2829%,105,14538,14643,0,0,105,14538
0x4096bc,99.7174%,103,36343,36446,23582,58,45,12761
0x40ccb9,99.6319%,99,26799,26898,0,0,99,26799
0x41f60e,62.5%,99,165,264,80,31,68,85
0x41f5e4,68.7097%,97,213,310,120,37,60,93
0x4a49a3,93.0301%,95,1268,1363,0,0,95,1268
0x40b771,99.879%,92,75912,76004,67440,57,35,8472
0x4bbdac,80.3879%,91,373,464,369,91,0,4
0x4a5f96,66.6667%,89,178,267,155,89,0,23
0x4a6004,92.3345%,88,1060,1148,250,53,35,810
0x4a7df0,96.3831%,88,2345,2433,0,0,88,2345
0x409653,99.7286%,87,31972,32059,16608,65,22,15364
0x402e2a,99.3753%,87,13840,13927,8802,67,20,5038
0x402487,99.2771%,86,11810,11896,0,0,86,11810
0x41692b,98.2824%,86,4921,5007,1586,1,85,3335
0x40b655,99.7176%,86,30370,30456,11997,57,29,18373
0x416ad4,97.2076%,85,2959,3044,2959,63,22,0
0x416183,99.8131%,84,44850,44934,0,0,84,44850
0x40f1b7,98.2%,83,4528,4611,3,14,69,4525
0x40b646,99.8791%,83,68560,68643,21580,17,66,46980
0x409ed0,33.0579%,81,40,121,27,65,16,13
0x40ca38,98.898%,79,7090,7169,0,0,79,7090
0x4162a4,99.8894%,79,71327,71406,69756,75,4,1571
0x415f9c,99.9012%,75,75844,75919,1350,32,43,74494
0x41fbc9,88.5802%,74,574,648,202,63,11,372
0x41fc03,80.2667%,74,301,375,300,8,66,1
0x4c4e72,98.1166%,73,3803,3876,3111,54,19,692
0x4a498c,60.3261%,73,111,184,4,1,72,107
0x40286c,84.141%,72,382,454,382,72,0,0
0x4a5cfe,85.1464%,71,407,478,0,0,71,407
0x40f24d,92.9703%,71,939,1010,0,66,5,939
0x4a48e2,95.1613%,66,1298,1364,0,0,66,1298
0x41606f,99.8555%,65,44913,44978,1,43,22,44912
0x41ea77,74.7082%,65,192,257,3,55,10,189
0x4c4dc2,91.1444%,65,669,734,652,59,6,17
0x4a48f0,95.3812%,63,1301,1364,0,0,63,1301
0x41e633,85.8108%,63,381,444,235,23,40,146
0x40ca2e,98.137%,62,3266,3328,2557,10,52,709
0x41fca9,90.5864%,61,587,648,524,16,45,63
0x40b64f,99.8725%,60,46986,47046,43166,28,32,3820
0x416acc,97.2235%,59,2066,2125,513,33,26,1553
0x4a5c55,97.6161%,58,2375,2433,1341,23,35,1034
0x402cbd,99.1904%,58,7106,7164,0,17,41,7106
0x41690e,96.5745%,57,1607,1664,0,0,57,1607
0x42032f,96.9106%,57,1788,1845,16,45,12,1772
0x4a5ff7,96.0742%,55,1346,1401,227,26,29,1119
0x420425,86.0051%,55,338,393,304,28,27,34
0x411667,88.7984%,55,436,491,0,0,55,436
0x4a5c75,94.9486%,54,1015,1069,1015,14,40,0
0x41143b,98.919%,53,4850,4903,1447,51,2,3403
0x4a6424,93.674%,52,770,822,31,15,37,739
0x41620b,99.8865%,51,44883,44934,0,0,51,44883
0x401d3b,70.0599%,50,117,167,109,15,35,8
0x4a49b8,96.405%,49,1314,1363,188,19,30,1126
0x41e769,89.7603%,47,412,459,0,0,47,412
0x4a5f94,84.6416%,45,248,293,4,22,23,244
0x4150c1,96.8481%,44,1352,1396,1352,44,0,0
0x4a478d,97.7592%,43,1876,1919,0,0,43,1876
0x420344,96.5069%,43,1188,1231,115,35,8,1073
0x41dc4e,82.0084%,43,196,239,196,43,0,0
0x41e87d,99.9203%,42,52643,52685,0,0,42,52643
0x40ca05,98.768%,41,3287,3328,0,0,41,3287
0x416278,99.9088%,41,44893,44934,0,0,41,44893
0x4029a3,91.1894%,40,414,454,0,0,40,414
0x41fc4f,45.8333%,39,33,72,6,19,20,27
0x4a64b6,95.3086%,38,772,810,574,12,26,198
0x42033d,97.926%,37,1747,1784,528,25,12,1219
0x4c4c63,93.8944%,37,569,606,502,11,26,67
0x40b776,99.8723%,37,28931,28968,8986,32,5,19945
0x4a5d2d,97.733%,36,1552,1588,0,0,36,1552
0x42045f,96.8723%,36,1115,1151,7,24,12,1108
0x404729,85.7741%,34,205,239,205,34,0,0
0x4a48fa,97.5806%,33,1331,1364,1179,17,16,152
0x4a52a3,97.5806%,33,1331,1364,1331,33,0,0
0x41e314,93.5421%,33,478,511,478,10,23,0
0x4a7de7,98.6848%,32,2401,2433,0,0,32,2401
0x41fc77,58.6667%,31,44,75,17,10,21,27
0x4113fb,99.3422%,31,4682,4713,762,23,8,3920
0x420555,90.0641%,31,281,312,270,11,20,11
0x41f609,89.5623%,31,266,297,20,13,18,246
0x4115ec,93.89%,30,461,491,461,30,0,0
0x4a7d73,98.8081%,29,2404,2433,0,0,29,2404
0x41f071,97.7291%,29,1248,1277,1246,5,24,2
0x4bbf0a,93.6123%,29,425,454,0,0,29,425
0x402477,99.7562%,29,11867,11896,0,0,29,11867
0x4113dc,99.7977%,28,13815,13843,0,0,28,13815
0x4a6320,84.3575%,28,151,179,0,0,28,151
0x42046d,97.5893%,27,1093,1120,286,16,11,807
0x402997,94.0529%,27,427,454,0,0,27,427
0x4a4088,98.9474%,26,2444,2470,255,14,12,2189
0x4c4e7f,96.3432%,26,685,711,65,8,18,620
0x416948,99.2566%,25,3338,3363,3338,5,20,0
0x41e21f,95.3033%,24,487,511,8,10,14,479
0x4201e2,90.0415%,24,217,241,116,12,12,101
0x41fc12,69.3333%,23,52,75,12,16,7,40
0x42032a,98.7687%,23,1845,1868,6,17,6,1839
0x4203d3,83.0882%,23,113,136,105,8,15,8
0x416a82,96.1404%,22,548,570,0,2,20,548
0x41138d,99.849%,21,13883,13904,0,0,21,13883
0x41fe77,68.1818%,21,45,66,45,9,12,0
0x4a418e,95.9223%,21,494,515,12,7,14,482
0x4a5cea,98.8912%,21,1873,1894,1406,10,11,467
0x401d29,88.7097%,21,165,186,0,19,2,165
0x40ce69,99.799%,21,10429,10450,10429,21,0,0
0x4a5d72,95.7916%,21,478,499,243,11,10,235
0x4a4931,88.0952%,20,148,168,11,12,8,137
0x42045a,98.2877%,20,1148,1168,3,14,6,1145
0x420503,97.8434%,19,862,881,859,5,14,3
0x4169c0,99.979%,19,90284,90303,0,0,19,90284
0x4a4140,96.3107%,19,496,515,473,10,9,23
0x41e7b2,99.9725%,18,65484,65502,0,0,18,65484
0x4a83ea,99.062%,18,1901,1919,0,0,18,1901
0x41f51e,96.8912%,18,561,579,250,18,0,311
0x40b6b6,99.94%,18,29981,29999,11030,15,3,18951
0x420474,97.7995%,18,800,818,116,16,2,684
0x40c9af,99.4591%,18,3310,3328,3310,18,0,0
0x416aad,99.5265%,17,3573,3590,0,2,15,3573
0x4a5cd0,99.2896%,17,2376,2393,487,12,5,1889
0x4a5f4d,92.6407%,17,214,231,32,5,12,182
0x4a6ef0,96.8165%,17,517,534,0,0,17,517
0x40370f,92.9461%,17,224,241,224,15,2,0
0x4a4779,99.1141%,17,1902,1919,0,0,17,1902
0x4113bb,99.635%,16,4368,4384,663,0,16,3705
0x4a6d0f,91.0615%,16,163,179,0,0,16,163
0x420397,82.1429%,15,69,84,59,2,13,10
0x401cf4,93.0876%,15,202,217,202,11,4,0
0x4c4b02,97.6%,15,610,625,610,15,0,0
0x41ea0f,94.0945%,15,239,254,0,7,8,239
0x4024bb,94.4664%,14,239,253,239,0,14,0
0x41ff27,53.3333%,14,16,30,15,3,11,1
0x4203db,83.3333%,14,70,84,14,9,5,56
0x41691d,99.7204%,14,4993,5007,0,0,14,4993
0x4c4ba0,97.92%,13,612,625,597,9,4,15
0x4a5f01,95.3237%,13,265,278,263,4,9,2
0x4a615f,62.8571%,13,22,35,14,7,6,8
0x4bbde4,97.4138%,12,452,464,4,6,6,448
0x41e9d3,95.3846%,12,248,260,244,4,8,4
0x4a6438,98.5401%,12,810,822,808,2,10,2
0x41fbda,96.8668%,12,371,383,0,8,4,371
0x4a640f,98.5401%,12,810,822,0,0,12,810
0x4a62f5,93.2961%,12,167,179,167,12,0,0
0x4a5d53,97.5952%,12,487,499,487,2,10,0
0x41e861,99.9816%,12,65236,65248,0,0,12,65236
0x4a5e86,99.6328%,11,2985,2996,0,0,11,2985
0x41147b,99.7684%,11,4738,4749,1452,6,5,3286
0x402c83,99.8466%,11,7159,7170,0,6,5,7159
0x4205d7,94.4444%,11,187,198,94,4,7,93
0x4a4859,98.018%,11,544,555,0,0,11,544
0x402a5c,97.7083%,11,469,480,469,11,0,0
0x4165a0,99.8906%,11,10043,10054,10043,11,0,0
0x41e338,98.0431%,10,501,511,501,4,6,0
0x41e9a7,98.0545%,10,504,514,252,2,8,252
0x4c4af8,98.4%,10,615,625,0,0,10,615
0x409e3a,95.8159%,10,229,239,0,0,10,229
0x41eacf,82.7586%,10,48,58,0,2,8,48
0x402b11,97.9167%,10,470,480,0,0,10,470
0x42050b,79.1667%,10,38,48,7,10,0,31
0x4204c7,79.1667%,10,38,48,26,5,5,12
0x4a635e,94.2529%,10,164,174,0,0,10,164
0x403763,98.0392%,9,450,459,0,2,7,450
0x4a40ed,98.2524%,9,506,515,487,7,2,19
0x41fcc7,91.6667%,9,99,108,99,3,6,0
0x41e91d,99.9848%,8,52472,52480,0,0,8,52472
0x420479,98.8338%,8,678,686,677,3,5,1
0x4047a9,96.6527%,8,231,239,0,0,8,231
0x420349,99.2599%,8,1073,1081,1073,3,5,0
0x41fbe0,97.8667%,8,367,375,367,3,5,0
0x41ea9c,95.9799%,8,191,199,187,4,4,4
0x402905,98.2379%,8,446,454,0,0,8,446
0x4091bf,98.6301%,7,504,511,504,1,6,0
0x4a417c,63.1579%,7,12,19,8,1,6,4
0x4a4882,99.4868%,7,1357,1364,0,0,7,1357
0x4a5ead,99.6746%,7,2144,2151,65,2,5,2079
0x4c4ba6,63.1579%,7,12,19,3,2,5,9
0x4bbed8,98.4581%,7,447,454,447,7,0,0
0x4a4cbe,99.4868%,7,1357,1364,0,0,7,1357
0x402d16,99.9908%,7,75673,75680,75673,7,0,0
0x421a93,99.6347%,7,1909,1916,0,0,7,1909
0x41ebf5,99.0885%,7,761,768,761,4,3,0
0x4a6178,50%,7,7,14,7,7,0,0
0x41ff5e,61.1111%,7,11,18,9,3,4,2
0x4a8403,99.6352%,7,1912,1919,0,0,7,1912
0x420186,97.6654%,6,251,257,251,4,2,0
0x40477b,97.4895%,6,233,239,0,0,6,233
0x4a4963,99.3555%,6,925,931,0,0,6,925
0x40248c,99.9496%,6,11890,11896,0,0,6,11890
0x4a7dac,99.7534%,6,2427,2433,0,0,6,2427
0x41fda9,33.3333%,6,3,9,0,3,3,3
0x416cf4,98.6928%,6,453,459,0,0,6,453
0x4bbdbc,98.7069%,6,458,464,457,1,5,1
0x4a7dcc,99.7534%,6,2427,2433,2427,6,0,0
0x4a47da,98.9189%,6,549,555,0,0,6,549
0x4bbdd3,98.7069%,6,458,464,8,2,4,450
0x4091e7,0%,6,0,6,0,3,3,0
0x4a5d64,40%,6,4,10,0,4,2,4
0x41e62b,98.6486%,6,438,444,0,0,6,438
0x4a5e79,99.7997%,6,2990,2996,0,0,6,2990
0x4a493a,96.5517%,5,140,145,1,3,2,139
0x41fd42,16.6667%,5,1,6,0,3,2,1
0x406377,95.283%,5,101,106,101,4,1,0
0x41ec6f,98.7013%,5,380,385,380,2,3,0
0x4b0299,28.5714%,5,2,7,2,1,4,0
0x4c4e1b,99.2968%,5,706,711,0,0,5,706
0x4a634b,97.2067%,5,174,179,4,1,4,170
0x41141c,99.9658%,5,14630,14635,0,0,5,14630
0x4a5f2b,97.8632%,5,229,234,0,3,2,229
0x4a6405,99.3917%,5,817,822,0,0,5,817
0x41fe16,72.2222%,5,13,18,4,2,3,9
0x454988,0%,5,0,5,0,2,3,0
0x49eca6,28.5714%,5,2,7,1,0,5,1
0x41e24d,99.2172%,4,507,511,507,2,2,0
0x41eaff,98.4436%,4,253,257,253,3,1,0
0x4205ac,98.2379%,4,223,227,27,2,2,196
0x4a4173,87.5%,4,28,32,12,1,3,16
0x41fec5,77.7778%,4,14,18,2,4,0,12
0x4a40ca,78.9474%,4,15,19,14,3,1,1
0x41e300,99.2203%,4,509,513,0,2,2,509
0x4a6139,99.4467%,4,719,723,0,2,2,719
0x42047e,33.3333%,4,2,6,1,3,1,1
0x416339,99.618%,4,1043,1047,1043,3,1,0
0x4bbdfa,99.1379%,4,460,464,7,1,3,453
0x4b02a9,42.8571%,4,3,7,0,3,1,3
0x4bbef9,99.1189%,4,450,454,0,0,4,450
0x403753,99.1285%,4,455,459,0,0,4,455
0x40caa8,99.646%,4,1126,1130,1126,4,0,0
0x40b716,99.9863%,4,29209,29213,9822,0,4,19387
0x41f5b2,99.0354%,3,308,311,308,2,1,0
0x4201a3,99.2228%,3,383,386,0,1,2,383
0x41f04b,89.6552%,3,26,29,2,1,2,24
0x404c6a,97.1698%,3,103,106,103,2,1,0
0x41ede6,99.3464%,3,456,459,0,0,3,456
0x41eb97,0%,3,0,3,0,0,3,0
0x41ea3f,99.4163%,3,511,514,511,1,2,0
0x41eca6,99.6109%,3,768,771,768,0,3,0
0x4a4486,66.6667%,3,6,9,0,0,3,6
0x4a4807,99.4595%,3,552,555,0,0,3,552
0x4a62ea,98.324%,3,176,179,0,0,3,176
0x402747,99.3464%,3,456,459,0,0,3,456
0x4a4783,99.8437%,3,1916,1919,0,0,3,1916
0x420627,97.6744%,3,126,129,126,2,1,0
0x41f0aa,89.6552%,3,26,29,1,2,1,25
0x446a53,25%,3,1,4,0,2,1,1
0x4a4945,99.7801%,3,1361,1364,0,1,2,1361
0x4a49e9,99.7801%,3,1361,1364,1361,1,2,0
0x4047b0,98.7448%,3,236,239,236,3,0,0
0x4116c2,99.389%,3,488,491,488,3,0,0
0x43e3bc,62.5%,3,5,8,5,3,0,0
0x44b4b6,81.25%,3,13,16,13,1,2,0
0x4c4b4e,99.5913%,3,731,734,0,0,3,731
0x4a7d87,99.8767%,3,2430,2433,0,0,3,2430
0x4a4186,99.4175%,3,512,515,0,0,3,512
0x41e357,99.4152%,3,510,513,510,1,2,0
0x49572b,50%,2,2,4,2,1,1,0
0x420281,98.4375%,2,126,128,126,1,1,0
0x4c31c9,75%,2,6,8,0,0,2,6
0x404757,99.1632%,2,237,239,0,0,2,237
0x494b81,50%,2,2,4,2,1,1,0
0x454a22,60%,2,3,5,1,2,0,2
0x42059f,99.2188%,2,254,256,29,0,2,225
0x40373a,99.5643%,2,457,459,0,0,2,457
0x420222,99.4805%,2,383,385,383,1,1,0
0x454c72,0%,2,0,2,0,0,2,0
0x416cbc,99.5643%,2,457,459,0,0,2,457
0x4c4a98,99.7704%,2,869,871,0,0,2,869
0x421ce0,33.3333%,2,1,3,1,2,0,0
0x402b50,99.5833%,2,478,480,0,0,2,478
0x4a5d19,99.5816%,2,476,478,476,2,0,0
0x4205b1,98.9899%,2,196,198,196,1,1,0
0x4a63c4,0%,2,0,2,0,2,0,0
0x404bcd,98.1481%,2,106,108,106,1,1,0
0x4937e1,33.3333%,2,1,3,0,0,2,1
0x4a5cf3,99.5816%,2,476,478,0,0,2,476
0x406354,0%,2,0,2,0,1,1,0
0x40041c,33.3333%,2,1,3,1,1,1,0
0x41fd7e,50%,2,2,4,0,1,1,2
0x4b024e,99.2366%,2,260,262,260,0,2,0
0x405269,0%,2,0,2,0,2,0,0
0x4052e3,0%,2,0,2,0,2,0,0
0x411662,99.5927%,2,489,491,0,0,2,489
0x45d73b,50%,2,2,4,0,0,2,2
0x4a48ab,99.8534%,2,1362,1364,0,0,2,1362
0x421dac,87.5%,2,14,16,14,2,0,0
0x4a840c,99.8958%,2,1917,1919,1917,2,0,0
0x4052f8,0%,2,0,2,0,1,1,0
0x48ebd6,50%,2,2,4,0,1,1,2
0x42011d,33.3333%,2,1,3,0,1,1,1
0x4296f7,50%,2,2,4,2,2,0,0
0x41fd08,77.7778%,2,7,9,1,2,0,6
0x402dd8,99.1632%,2,237,239,0,0,2,237
0x493dc1,84.6154%,2,11,13,11,1,1,0
0x4a63b7,50%,2,2,4,0,2,0,2
0x4a7dc3,99.9178%,2,2431,2433,0,0,2,2431
0x43fdb4,0%,2,0,2,0,2,0,0
0x41fb77,66.6667%,2,4,6,0,0,2,4
0x41693c,99.9415%,2,3418,3420,1644,0,2,1774
0x4201c1,99.1701%,2,239,241,237,1,1,2
0x42a3b0,0%,2,0,2,0,2,0,0
0x40c1b8,0%,2,0,2,0,0,2,0
0x4a63eb,99.7567%,2,820,822,0,0,2,820
0x4201bc,99.2218%,2,255,257,15,1,1,240
0x453d92,71.4286%,2,5,7,5,2,0,0
0x41e988,33.3333%,2,1,3,0,1,1,1
0x4f0cfa,50%,2,2,4,0,2,0,2
0x4a7df5,99.9178%,2,2431,2433,0,0,2,2431
0x454a9a,0%,2,0,2,0,1,1,0
0x405243,0%,2,0,2,0,2,0,0
0x45a40e,91.6667%,2,22,24,22,2,0,0
0x42034e,60%,2,3,5,3,1,1,0
0x4937b2,50%,2,2,4,0,0,2,2
0x42a326,0%,2,0,2,0,0,2,0
0x4c4dc8,91.3043%,2,21,23,0,0,2,21
0x4f098f,50%,2,2,4,2,2,0,0
0x403dde,33.3333%,2,1,3,1,1,1,0
0x44b7ff,0%,2,0,2,0,2,0,0
0x420970,99.9177%,2,2428,2430,2428,2,0,0
0x43e343,50%,2,2,4,2,2,0,0
0x4163be,99.809%,2,1045,1047,0,1,1,1045
0x4061dd,98.1132%,2,104,106,104,1,1,0
0x4091f2,33.3333%,2,1,3,1,1,1,0
0x459935,75%,2,6,8,0,0,2,6
0x4a5fd3,33.3333%,2,1,3,0,1,1,1
0x429e1b,0%,2,0,2,0,2,0,0
0x4b02bc,71.4286%,2,5,7,0,2,0,5
0x4a61a7,0%,2,0,2,0,2,0,0
0x403ed2,0%,2,0,2,0,2,0,0
0x4c4bfb,99.67%,2,604,606,0,0,2,604
0x43fd2c,0%,2,0,2,0,2,0,0
0x4024c4,92.8571%,1,13,14,13,1,0,0
0x4a4795,99.9479%,1,1918,1919,0,0,1,1918
0x493740,75%,1,3,4,3,1,0,0
0x400404,66.6667%,1,2,3,2,1,0,0
0x492a9d,0%,1,0,1,0,1,0,0
0x48ed80,0%,1,0,1,0,1,0,0
0x41e97a,66.6667%,1,2,3,0,0,1,2
0x4550a7,50%,1,1,2,1,1,0,0
0x459db9,87.5%,1,7,8,7,1,0,0
0x492b43,0%,1,0,1,0,1,0,0
0x42035e,0%,1,0,1,0,1,0,0
0x45532b,50%,1,1,2,1,1,0,0
0x48ec2f,0%,1,0,1,0,1,0,0
0x4f0d24,75%,1,3,4,3,1,0,0
0x4f2042,0%,1,0,1,0,1,0,0
0x4b02e6,85.7143%,1,6,7,6,1,0,0
0x4c4b58,99.8638%,1,733,734,733,1,0,0
0x454992,66.6667%,1,2,3,0,0,1,2
0x40c164,50%,1,1,2,1,1,0,0
0x4929bd,0%,1,0,1,0,0,1,0
0x494528,0%,1,0,1,0,0,1,0
0x454fd4,75%,1,3,4,0,0,1,3
0x43f9f1,50%,1,1,2,1,1,0,0
0x49458e,0%,1,0,1,0,1,0,0
0x44b76e,50%,1,1,2,1,1,0,0
0x43fa42,50%,1,1,2,1,1,0,0
0x41ffc1,66.6667%,1,2,3,2,1,0,0
0x40244f,99.7812%,1,456,457,0,0,1,456
0x404bbc,99.0741%,1,107,108,107,1,0,0
0x495711,75%,1,3,4,0,0,1,3
0x44b711,50%,1,1,2,1,1,0,0
0x49eccb,83.3333%,1,5,6,0,0,1,5
0x493034,0%,1,0,1,0,1,0,0
0x4a6236,99.9784%,1,4619,4620,0,0,1,4619
0x4152f4,99.8198%,1,554,555,554,0,1,0
0x4921cf,0%,1,0,1,0,1,0,0
0x4f0924,0%,1,0,1,0,1,0,0
0x49219a,0%,1,0,1,0,1,0,0
0x46c6bc,87.5%,1,7,8,7,1,0,0
0x459960,87.5%,1,7,8,7,1,0,0
0x41f5b6,0%,1,0,1,0,1,0,0
0x493367,0%,1,0,1,0,1,0,0
0x403e73,50%,1,1,2,0,1,0,1
0x493da8,92.3077%,1,12,13,0,1,0,12
0x4942f6,0%,1,0,1,0,0,1,0
0x4946c1,0%,1,0,1,0,0,1,0
0x49218d,0%,1,0,1,0,1,0,0
0x402949,99.7797%,1,453,454,0,0,1,453
0x4a491b,99.4048%,1,167,168,0,0,1,167
0x4a60d4,0%,1,0,1,0,1,0,0
0x454ae2,0%,1,0,1,0,1,0,0
0x48e5d3,0%,1,0,1,0,1,0,0
0x4bd1cd,80%,1,4,5,0,0,1,4
0x4f3d14,0%,1,0,1,0,1,0,0
0x48e4d1,0%,1,0,1,0,0,1,0
0x420486,50%,1,1,2,1,1,0,0
0x404760,99.5816%,1,238,239,238,1,0,0
0x455041,50%,1,1,2,0,0,1,1
0x4950dd,0%,1,0,1,0,1,0,0
0x4945ec,50%,1,1,2,1,0,1,0
0x493dc6,0%,1,0,1,0,1,0,0
0x48e58b,0%,1,0,1,0,1,0,0
0x4a6078,99.8817%,1,844,845,844,1,0,0
0x493d8d,0%,1,0,1,0,0,1,0
0x492e23,0%,1,0,1,0,1,0,0
0x48ed39,0%,1,0,1,0,1,0,0
0x454c88,50%,1,1,2,1,1,0,0
0x4a47c8,99.8198%,1,554,555,0,0,1,554
0x4b01ac,50%,1,1,2,1,1,0,0
0x48ee55,0%,1,0,1,0,0,1,0
0x494fb4,0%,1,0,1,0,0,1,0
0x40479f,99.5816%,1,238,239,0,0,1,238
0x49443e,0%,1,0,1,0,1,0,0
0x404a4e,0%,1,0,1,0,0,1,0
0x4949f5,0%,1,0,1,0,1,0,0
0x49475d,0%,1,0,1,0,1,0,0
0x4a4a02,50%,1,1,2,1,1,0,0
0x48ed77,0%,1,0,1,0,0,1,0
0x493cc8,0%,1,0,1,0,1,0,0
0x41ec3d,66.6667%,1,2,3,0,0,1,2
0x4bbec2,99.9449%,1,1815,1816,1815,1,0,0
0x402481,99.9916%,1,11895,11896,0,0,1,11895
0x49249b,0%,1,0,1,0,1,0,0
0x48ed30,0%,1,0,1,0,1,0,0
0x48ed00,0%,1,0,1,0,1,0,0
0x49424e,0%,1,0,1,0,0,1,0
0x493b9f,0%,1,0,1,0,0,1,0
0x4f0f46,50%,1,1,2,0,0,1,1
0x41ffd5,0%,1,0,1,0,1,0,0
0x41eff0,96.5517%,1,28,29,0,0,1,28
0x48ec56,0%,1,0,1,0,1,0,0
0x420572,0%,1,0,1,0,0,1,0
0x492a84,0%,1,0,1,0,0,1,0
0x403eb9,0%,1,0,1,0,1,0,0
0x4921b4,0%,1,0,1,0,0,1,0
0x402508,99.7743%,1,442,443,0,0,1,442
0x4bbe2a,99.8899%,1,907,908,907,1,0,0
0x49471b,0%,1,0,1,0,0,1,0
0x41e1fc,99.8043%,1,510,511,0,0,1,510
0x493078,0%,1,0,1,0,0,1,0
0x43e756,96.1538%,1,25,26,25,1,0,0
0x491931,0%,1,0,1,0,1,0,0
0x49196d,0%,1,0,1,0,1,0,0
0x48e5a4,0%,1,0,1,0,1,0,0
0x4a48b7,99.9267%,1,1363,1364,1363,1,0,0
0x4a83f3,99.9479%,1,1918,1919,0,0,1,1918
0x493d93,0%,1,0,1,0,1,0,0
0x48e4df,0%,1,0,1,0,1,0,0
0x49371f,75%,1,3,4,3,1,0,0
0x494915,0%,1,0,1,0,0,1,0
0x402b34,99.7917%,1,479,480,479,1,0,0
0x494b75,75%,1,3,4,0,1,0,3
0x446a69,50%,1,1,2,0,0,1,1
0x4201d6,50%,1,1,2,0,1,0,1
0x4c31a4,87.5%,1,7,8,0,0,1,7
0x41fce7,83.3333%,1,5,6,0,0,1,5
0x41f2b5,66.6667%,1,2,3,2,1,0,0
0x4944d3,0%,1,0,1,0,1,0,0
0x409203,66.6667%,1,2,3,0,1,0,2
0x41fd1c,83.3333%,1,5,6,5,1,0,0
0x41ec34,66.6667%,1,2,3,0,0,1,2
0x494fa9,0%,1,0,1,0,0,1,0
0x420569,0%,1,0,1,0,0,1,0
0x4043d5,0%,1,0,1,0,1,0,0
0x4acdf8,0%,1,0,1,0,0,1,0
0x460ad6,50%,1,1,2,0,0,1,1
0x494aad,0%,1,0,1,0,1,0,0
0x454c1e,50%,1,1,2,0,0,1,1
0x495463,0%,1,0,1,0,1,0,0
0x416a90,99.8239%,1,567,568,0,0,1,567
0x45a3c1,95.8333%,1,23,24,23,1,0,0
0x48e60f,0%,1,0,1,0,1,0,0
0x41e365,50%,1,1,2,0,0,1,1
0x48e62c,0%,1,0,1,0,1,0,0
0x460cd8,50%,1,1,2,0,0,1,1
0x4a4cca,99.9267%,1,1363,1364,0,0,1,1363
0x4201db,0%,1,0,1,0,1,0,0
0x45504d,50%,1,1,2,1,1,0,0
0x48e975,0%,1,0,1,0,0,1,0
0x4202a8,0%,1,0,1,0,0,1,0
0x408c7c,0%,1,0,1,0,0,1,0
0x41e261,50%,1,1,2,1,0,1,0
0x48e61e,0%,1,0,1,0,0,1,0
0x494648,0%,1,0,1,0,0,1,0
0x45f220,75%,1,3,4,0,0,1,3
0x41ecb5,66.6667%,1,2,3,0,0,1,2
0x48e597,0%,1,0,1,0,0,1,0
0x41ec84,66.6667%,1,2,3,0,0,1,2
0x494a6b,0%,1,0,1,0,1,0,0
0x4201b5,99.7403%,1,384,385,127,1,0,257
0x491b50,0%,1,0,1,0,1,0,0
0x46c778,87.5%,1,7,8,7,1,0,0
0x40922b,66.6667%,1,2,3,0,1,0,2
0x40ca9b,99.9431%,1,1758,1759,1758,1,0,0
0x446a76,50%,1,1,2,1,1,0,0
0x420356,0%,1,0,1,0,0,1,0
0x493218,0%,1,0,1,0,0,1,0
0x4939f7,0%,1,0,1,0,1,0,0
0x409236,50%,1,1,2,1,1,0,0
0x48e64f,0%,1,0,1,0,0,1,0
0x45994a,87.5%,1,7,8,7,1,0,0
0x46c72b,87.5%,1,7,8,7,1,0,0
0x4a7ddb,99.9589%,1,2432,2433,0,0,1,2432
0x429dae,50%,1,1,2,0,0,1,1
0x409264,0%,1,0,1,0,1,0,0
0x429dc7,50%,1,1,2,1,1,0,0
0x4052d1,50%,1,1,2,1,1,0,0
0x494695,50%,1,1,2,0,1,0,1
0x4a4478,88.8889%,1,8,9,0,0,1,8
0x495120,0%,1,0,1,0,1,0,0
0x43fc87,50%,1,1,2,1,1,0,0
0x43fd66,50%,1,1,2,1,1,0,0
0x41ebc0,66.6667%,1,2,3,0,0,1,2
0x43fca4,50%,1,1,2,1,1,0,0
0x4a648c,99.8765%,1,809,810,0,0,1,809
0x40ce5a,99.9778%,1,4502,4503,4502,1,0,0
0x4a49f5,50%,1,1,2,1,1,0,0
0x4b02cd,85.7143%,1,6,7,6,1,0,0
0x453d71,85.7143%,1,6,7,0,0,1,6
0x4946cd,0%,1,0,1,0,1,0,0
0x41eb6f,66.6667%,1,2,3,2,1,0,0
0x494bac,0%,1,0,1,0,1,0,0
0x4a7d9b,99.9589%,1,2432,2433,2432,1,0,0
0x48ec0e,0%,1,0,1,0,1,0,0
0x455058,50%,1,1,2,0,0,1,1
0x43fcdd,50%,1,1,2,1,1,0,0
0x4937c2,75%,1,3,4,2,1,0,1
0x43faf3,50%,1,1,2,1,1,0,0
0x43fb5c,50%,1,1,2,1,1,0,0
0x43f9c9,50%,1,1,2,1,1,0,0
0x4f13aa,0%,1,0,1,0,0,1,0
0x45f369,75%,1,3,4,0,0,1,3
0x494a59,0%,1,0,1,0,0,1,0
0x404b9a,99.0741%,1,107,108,0,0,1,107
0x4f3dc5,75%,1,3,4,3,0,1,0
0x420243,0%,1,0,1,0,0,1,0
0x45f3b0,75%,1,3,4,0,0,1,3
0x49487a,0%,1,0,1,0,1,0,0
0x453344,50%,1,1,2,1,1,0,0
0x494393,0%,1,0,1,0,1,0,0
0x4947ff,0%,1,0,1,0,1,0,0
0x404742,99.5816%,1,238,239,238,0,1,0
0x4029de,99.7797%,1,453,454,0,0,1,453
0x42a541,50%,1,1,2,0,0,1,1
0x42a34d,50%,1,1,2,0,0,1,1
0x45f360,75%,1,3,4,0,0,1,3
0x493a7f,0%,1,0,1,0,1,0,0
0x494518,0%,1,0,1,0,0,1,0
0x45e60e,75%,1,3,4,0,0,1,3
0x4a4bf0,99.9267%,1,1363,1364,1363,1,0,0
0x4201ce,66.6667%,1,2,3,0,1,0,2
0x492e6f,0%,1,0,1,0,0,1,0
0x49547e,0%,1,0,1,0,1,0,0
0x41ef0c,96.5517%,1,28,29,28,1,0,0
0x494544,0%,1,0,1,0,0,1,0
0x403e99,50%,1,1,2,1,1,0,0
0x49469e,0%,1,0,1,0,1,0,0
0x404bd9,100%,0,1,1,0,0,0,1
0x4f0945,100%,0,1,1,0,0,0,1
0x45e59b,100%,0,4,4,0,0,0,4
0x492aad,100%,0,1,1,0,0,0,1
0x460d09,100%,0,2,2,0,0,0,2
0x492b33,100%,0,1,1,0,0,0,1
0x422be1,100%,0,4,4,0,0,0,4
0x421e2a,100%,0,16,16,0,0,0,16
0x4a40d4,100%,0,2,2,0,0,0,2
0x45d744,100%,0,4,4,0,0,0,4
0x4938b3,100%,0,1,1,0,0,0,1
0x4938e4,100%,0,1,1,1,0,0,0
0x41e1bb,100%,0,2,2,0,0,0,2
0x403776,100%,0,457,457,457,0,0,0
0x4947de,100%,0,1,1,0,0,0,1
0x422bc6,100%,0,4,4,0,0,0,4
0x494823,100%,0,1,1,1,0,0,0
0x4a6c7b,100%,0,5,5,0,0,0,5
0x4043fb,100%,0,1,1,1,0,0,0
0x459da0,100%,0,8,8,0,0,0,8
0x4f0e21,100%,0,1,1,1,0,0,0
0x491b2e,100%,0,1,1,0,0,0,1
0x404bab,100%,0,108,108,0,0,0,108
0x459d40,100%,0,8,8,0,0,0,8
0x4a6d1e,100%,0,179,179,0,0,0,179
0x409240,100%,0,1,1,0,0,0,1
0x49519a,100%,0,1,1,1,0,0,0
0x494431,100%,0,1,1,0,0,0,1
0x40929d,100%,0,1,1,0,0,0,1
0x494a49,100%,0,1,1,0,0,0,1
0x4a6ef7,100%,0,534,534,0,0,0,534
0x494948,100%,0,1,1,0,0,0,1
0x4b0225,100%,0,2,2,0,0,0,2
0x4a6316,100%,0,179,179,0,0,0,179
0x41f52f,100%,0,311,311,311,0,0,0
0x404b89,100%,0,1,1,0,0,0,1
0x494618,100%,0,1,1,0,0,0,1
0x4945a7,100%,0,1,1,0,0,0,1
0x4a5f6f,100%,0,267,267,267,0,0,0
0x404c44,100%,0,1,1,0,0,0,1
0x493733,100%,0,4,4,0,0,0,4
0x49375b,100%,0,1,1,0,0,0,1
0x4a6c94,100%,0,5,5,5,0,0,0
0x4a4f6b,100%,0,5,5,0,0,0,5
0x4a4fee,100%,0,4,4,0,0,0,4
0x494b1c,100%,0,1,1,0,0,0,1
0x4a4fe7,100%,0,4,4,0,0,0,4
0x4051d8,100%,0,2,2,0,0,0,2
0x4a4fd9,100%,0,4,4,0,0,0,4
0x4f0d17,100%,0,2,2,0,0,0,2
0x41efeb,100%,0,29,29,0,0,0,29
0x4947b9,100%,0,1,1,0,0,0,1
0x41f0a2,100%,0,29,29,0,0,0,29
0x459da9,100%,0,8,8,0,0,0,8
0x43e3ca,100%,0,8,8,0,0,0,8
0x40371d,100%,0,2,2,0,0,0,2
0x494282,100%,0,1,1,0,0,0,1
0x4202e6,100%,0,1,1,0,0,0,1
0x4f0f59,100%,0,2,2,2,0,0,0
0x4a4911,100%,0,168,168,0,0,0,168
0x48e95f,100%,0,1,1,1,0,0,0
0x4201c6,100%,0,3,3,0,0,0,3
0x420136,100%,0,2,2,0,0,0,2
0x494306,100%,0,1,1,0,0,0,1
0x494352,100%,0,1,1,0,0,0,1
0x49437b,100%,0,1,1,0,0,0,1
0x4955b3,100%,0,1,1,0,0,0,1
0x4f0ef5,100%,0,2,2,2,0,0,0
0x4a6447,100%,0,12,12,0,0,0,12
0x4a40b3,100%,0,19,19,0,0,0,19
0x494314,100%,0,1,1,0,0,0,1
0x4a6152,100%,0,35,35,0,0,0,35
0x403db4,100%,0,3,3,0,0,0,3
0x4f0f1c,100%,0,2,2,2,0,0,0
0x43f9b3,100%,0,2,2,0,0,0,2
0x404c0f,100%,0,1,1,1,0,0,0
0x402701,100%,0,2,2,0,0,0,2
0x49518b,100%,0,1,1,0,0,0,1
0x4956f0,100%,0,1,1,0,0,0,1
0x4024f8,100%,0,204,204,0,0,0,204
0x48e475,100%,0,1,1,0,0,0,1
0x4ace0b,100%,0,1,1,0,0,0,1
0x41fdc0,100%,0,6,6,0,0,0,6
0x409e27,100%,0,239,239,0,0,0,239
0x4a5f8b,100%,0,26,26,0,0,0,26
0x45f3b9,100%,0,4,4,0,0,0,4
0x45e5be,100%,0,4,4,0,0,0,4
0x4a496d,100%,0,931,931,0,0,0,931
0x48eb81,100%,0,4,4,0,0,0,4
0x446aa7,100%,0,2,2,0,0,0,2
0x40c1a2,100%,0,2,2,2,0,0,0
0x494624,100%,0,1,1,0,0,0,1
0x49309f,100%,0,1,1,1,0,0,0
0x494956,100%,0,1,1,0,0,0,1
0x491915,100%,0,1,1,0,0,0,1
0x4f0def,100%,0,1,1,1,0,0,0
0x4a4da4,100%,0,2,2,2,0,0,0
0x45a400,100%,0,24,24,0,0,0,24
0x4a5c95,100%,0,40,40,0,0,0,40
0x4f13b1,100%,0,1,1,0,0,0,1
0x41e199,100%,0,2,2,0,0,0,2
0x49491a,100%,0,1,1,1,0,0,0
0x48e674,100%,0,1,1,0,0,0,1
0x40056a,100%,0,2,2,2,0,0,0
0x49ecba,100%,0,6,6,0,0,0,6
0x4947bf,100%,0,1,1,1,0,0,0
0x4a488e,100%,0,1364,1364,1364,0,0,0
0x4a47e9,100%,0,555,555,555,0,0,0
0x4205f6,100%,0,127,127,127,0,0,0
0x41e1f0,100%,0,511,511,0,0,0,511
0x491b04,100%,0,1,1,0,0,0,1
0x429f4b,100%,0,2,2,0,0,0,2
0x43fb96,100%,0,2,2,0,0,0,2
0x494af3,100%,0,1,1,0,0,0,1
0x4f13af,100%,0,1,1,0,0,0,1
0x43fb7c,100%,0,2,2,2,0,0,0
0x4061e6,100%,0,1,1,0,0,0,1
0x45333a,100%,0,2,2,0,0,0,2
0x43fcff,100%,0,2,2,0,0,0,2
0x404bed,100%,0,1,1,0,0,0,1
0x453d7a,100%,0,7,7,0,0,0,7
0x4549f0,100%,0,5,5,0,0,0,5
0x4a47b7,100%,0,555,555,0,0,0,555
0x43fc8f,100%,0,2,2,0,0,0,2
0x493cbb,100%,0,1,1,0,0,0,1
0x43fc6e,100%,0,2,2,0,0,0,2
0x43fc63,100%,0,2,2,0,0,0,2
0x446a3e,100%,0,4,4,0,0,0,4
0x4bbf14,100%,0,454,454,0,0,0,454
0x494363,100%,0,1,1,0,0,0,1
0x40c0a4,100%,0,2,2,0,0,0,2
0x40c09c,100%,0,2,2,0,0,0,2
0x41eb2e,100%,0,3,3,0,0,0,3
0x45e5f4,100%,0,4,4,0,0,0,4
0x422bfc,100%,0,4,4,0,0,0,4
0x48e455,100%,0,1,1,1,0,0,0
0x4a484f,100%,0,555,555,555,0,0,0
0x4a6274,100%,0,67,67,0,0,0,67
0x401dfa,100%,0,459,459,459,0,0,0
0x493d07,100%,0,1,1,1,0,0,0
0x491908,100%,0,1,1,0,0,0,1
0x4a4f64,100%,0,5,5,0,0,0,5
0x41e1c9,100%,0,2,2,0,0,0,2
0x4a5c2a,100%,0,2433,2433,0,0,0,2433
0x4a6d29,100%,0,179,179,0,0,0,179
0x494753,100%,0,1,1,0,0,0,1
0x43e3a3,100%,0,4,4,4,0,0,0
0x402c56,100%,0,239,239,0,0,0,239
0x4a4491,100%,0,9,9,0,0,0,9
0x4a5c87,100%,0,40,40,40,0,0,0
0x4f0e12,100%,0,1,1,0,0,0,1
0x41fd51,100%,0,3,3,0,0,0,3
0x48e46c,100%,0,1,1,0,0,0,1
0x49495e,100%,0,1,1,1,0,0,0
0x4a48c3,100%,0,1364,1364,0,0,0,1364
0x460c80,100%,0,2,2,0,0,0,2
0x41fcda,100%,0,6,6,0,0,0,6
0x4918f0,100%,0,1,1,0,0,0,1
0x494d6d,100%,0,1,1,1,0,0,0
0x4a4834,100%,0,246,246,246,0,0,0
0x4a40a9,100%,0,19,19,0,0,0,19
0x49ed04,100%,0,6,6,0,0,0,6
0x4a48d4,100%,0,1364,1364,0,0,0,1364
0x4a6341,100%,0,179,179,179,0,0,0
0x429714,100%,0,4,4,0,0,0,4
0x494ba3,100%,0,1,1,0,0,0,1
0x4026c7,100%,0,2,2,0,0,0,2
0x4bbe6e,100%,0,454,454,0,0,0,454
0x45e5eb,100%,0,4,4,0,0,0,4
0x404a3f,100%,0,1,1,0,0,0,1
0x4a60a3,100%,0,1,1,1,0,0,0
0x416902,100%,0,1664,1664,0,0,0,1664
0x42a3da,100%,0,2,2,2,0,0,0
0x416313,100%,0,1047,1047,0,0,0,1047
0x42a546,100%,0,2,2,0,0,0,2
0x45e5a4,100%,0,4,4,0,0,0,4
0x4a628d,100%,0,40,40,40,0,0,0
0x455011,100%,0,4,4,4,0,0,0
0x45d75e,100%,0,4,4,0,0,0,4
0x460bdb,100%,0,2,2,0,0,0,2
0x409279,100%,0,1,1,0,0,0,1
0x491922,100%,0,1,1,0,0,0,1
0x404411,100%,0,1,1,0,0,0,1
0x40478d,100%,0,239,239,0,0,0,239
0x49ecd9,100%,0,6,6,0,0,0,6
0x43fd06,100%,0,2,2,2,0,0,0
0x4920ef,100%,0,1,1,0,0,0,1
0x48e50d,100%,0,1,1,0,0,0,1
0x4a6ee1,100%,0,534,534,0,0,0,534
0x4a6337,100%,0,179,179,0,0,0,179
0x48e777,100%,0,4,4,0,0,0,4
0x48e690,100%,0,1,1,0,0,0,1
0x48e666,100%,0,1,1,0,0,0,1
0x4552fa,100%,0,2,2,0,0,0,2
0x4b0294,100%,0,7,7,0,0,0,7
0x4a616b,100%,0,14,14,0,0,0,14
0x4f0cdb,100%,0,4,4,0,0,0,4
0x48e545,100%,0,1,1,0,0,0,1
0x48e534,100%,0,1,1,1,0,0,0
0x48e523,100%,0,1,1,0,0,0,1
0x492e78,100%,0,1,1,0,0,0,1
0x4bd1f1,100%,0,5,5,0,0,0,5
0x403f01,100%,0,1,1,0,0,0,1
0x43fb69,100%,0,2,2,2,0,0,0
0x454aca,100%,0,1,1,0,0,0,1
0x403f3d,100%,0,2,2,0,0,0,2
0x403eeb,100%,0,2,2,2,0,0,0
0x403f1f,100%,0,2,2,2,0,0,0
0x48e47f,100%,0,1,1,0,0,0,1
0x48ecd7,100%,0,1,1,0,0,0,1
0x403e86,100%,0,2,2,2,0,0,0
0x4a5ef8,100%,0,278,278,0,0,0,278
0x46c6dc,100%,0,8,8,0,0,0,8
0x48ee89,100%,0,1,1,0,0,0,1
0x4a4058,100%,0,247,247,247,0,0,0
0x4929ce,100%,0,1,1,0,0,0,1
0x4a4049,100%,0,247,247,0,0,0,247
0x4163a0,100%,0,1,1,0,0,0,1
0x49296a,100%,0,1,1,0,0,0,1
0x49510d,100%,0,1,1,0,0,0,1
0x402ad9,100%,0,480,480,0,0,0,480
0x48ebb0,100%,0,4,4,0,0,0,4
0x492124,100%,0,1,1,1,0,0,0
0x48eb52,100%,0,4,4,0,0,0,4
0x416d15,100%,0,459,459,459,0,0,0
0x48eea6,100%,0,1,1,1,0,0,0
0x4a5e58,100%,0,2084,2084,0,0,0,2084
0x48edf3,100%,0,1,1,1,0,0,0
0x404bfe,100%,0,1,1,0,0,0,1
0x4933e9,100%,0,1,1,1,0,0,0
0x41e784,100%,0,459,459,459,0,0,0
0x4a4f56,100%,0,5,5,0,0,0,5
0x48ecf7,100%,0,1,1,0,0,0,1
0x4921c2,100%,0,1,1,0,0,0,1
0x41fbe5,100%,0,5,5,5,0,0,0
0x4019ff,100%,0,4,4,0,0,0,4
0x4925b6,100%,0,1,1,1,0,0,0
0x4549aa,100%,0,5,5,5,0,0,0
0x4f13b6,100%,0,1,1,0,0,0,1
0x460c5f,100%,0,2,2,0,0,0,2
0x494748,100%,0,1,1,0,0,0,1
0x4092a8,100%,0,1,1,1,0,0,0
0x48ebc4,100%,0,4,4,0,0,0,4
0x43fa37,100%,0,2,2,2,0,0,0
0x41e290,100%,0,2,2,0,0,0,2
0x45503a,100%,0,2,2,0,0,0,2
0x45531c,100%,0,2,2,2,0,0,0
0x4552ff,100%,0,2,2,0,0,0,2
0x460c90,100%,0,2,2,2,0,0,0
0x460c73,100%,0,2,2,0,0,0,2
0x454c37,100%,0,2,2,0,0,0,2
0x460c68,100%,0,2,2,0,0,0,2
0x4a4161,100%,0,32,32,0,0,0,32
0x460b0f,100%,0,2,2,0,0,0,2
0x460c1e,100%,0,2,2,2,0,0,0
0x4a4157,100%,0,32,32,0,0,0,32
0x460c13,100%,0,2,2,0,0,0,2
0x42018b,100%,0,2,2,0,0,0,2
0x42a368,100%,0,2,2,0,0,0,2
0x42a35d,100%,0,2,2,0,0,0,2
0x41e213,100%,0,511,511,0,0,0,511
0x494a41,100%,0,1,1,0,0,0,1
0x454fdd,100%,0,4,4,4,0,0,0
0x49297a,100%,0,1,1,1,0,0,0
0x42a340,100%,0,2,2,0,0,0,2
0x49308c,100%,0,1,1,0,0,0,1
0x45f229,100%,0,4,4,0,0,0,4
0x420686,100%,0,1,1,0,0,0,1
0x420637,100%,0,1,1,0,0,0,1
0x4205b7,100%,0,1,1,1,0,0,0
0x48e97a,100%,0,1,1,1,0,0,0
0x494b62,100%,0,3,3,0,0,0,3
0x41fd17,100%,0,6,6,0,0,0,6
0x40290a,100%,0,454,454,0,0,0,454
0x49210e,100%,0,1,1,0,0,0,1
0x4bbe19,100%,0,456,456,0,0,0,456
0x4061cc,100%,0,106,106,106,0,0,0
0x4061bb,100%,0,106,106,0,0,0,106
0x4a4cea,100%,0,1364,1364,0,0,0,1364
0x4061aa,100%,0,106,106,0,0,0,106
0x40619b,100%,0,1,1,0,0,0,1
0x406118,100%,0,1,1,0,0,0,1
0x406113,100%,0,1,1,0,0,0,1
0x405ef2,100%,0,1,1,1,0,0,0
0x4a4863,100%,0,246,246,246,0,0,0
0x454aab,100%,0,1,1,0,0,0,1
0x4a4cd7,100%,0,1364,1364,1364,0,0,0
0x454c4d,100%,0,2,2,0,0,0,2
0x48e682,100%,0,1,1,0,0,0,1
0x454c48,100%,0,2,2,0,0,0,2
