Branch PC,Accuracy,Mispredictions,Correct Predictions,Total,dir_t_pred_t,dir_t_pred_nt,dir_nt_pred_t,dir_nt_pred_nt
aggregate,87.5934%,2482472,17526801,20009273,9262127,897418,1585054,8264674
0x4164ea,85.0552%,126464,719744,846208,70384,94320,32144,649360
0x40cc3f,72.5397%,111733,295156,406889,195294,45429,66304,99862
0x41683b,49.9594%,93159,93008,186167,46994,46156,47003,46014
0x40bda5,78.6051%,79675,292726,372401,266558,13048,66627,26168
0x40bbbf,56.2639%,77471,99662,177133,62767,27386,50085,36895
0x40cf70,66.4796%,75696,150125,225821,139282,10380,65316,10843
0x40f6e4,60.8628%,69132,107508,176640,74412,24326,44806,33096
0x40c966,63.4435%,65619,113881,179500,52289,35342,30277,61592
0x40f70f,64.9774%,61864,114776,176640,105380,8793,53071,9396
0x40bbb6,80.1554%,57501,232255,289756,78244,34379,23122,154011
0x40971d,79.4453%,56031,216564,272595,164002,20128,35903,52562
0x416416,69.8028%,52972,122448,175420,99565,17943,35029,22883
0x40f73a,70.2038%,52632,124008,176640,115651,8384,44248,8357
0x40f765,72.4926%,48589,128051,176640,120848,6492,42097,7203
0x40cdd3,85.2005%,44096,253860,297956,211012,7465,36631,42848
0x40cfb4,73.2691%,42754,117188,159942,112277,7108,35646,4911
0x41651f,77.6155%,39540,137100,176640,121390,5776,33764,15710
0x409544,74.8438%,38097,113345,151442,8444,26877,11220,104901
0x416298,67.8051%,37999,80029,118028,16590,28249,9750,63439
0x416558,78.8715%,37688,140687,178375,110353,10479,27209,30334
0x40bcb7,87.3749%,36582,253174,289756,209561,7756,28826,43613
0x40b796,73.589%,35170,97994,133164,37578,20344,14826,60416
0x40b734,74.7665%,33602,99562,133164,93920,9587,24015,5642
0x40cff1,75.5389%,31294,96640,127934,91107,6513,24781,5533
0x40b676,76.9187%,30736,102428,133164,98039,3580,27156,4389
0x40b6d4,77.2874%,30245,102919,133164,100307,3003,27242,2612
0x402e0b,68.1818%,29520,63257,92777,23641,14582,14938,39616
0x40b5f6,77.8634%,29478,103686,133164,95585,5594,23884,8101
0x40ccb5,86.6679%,28567,185705,214272,180959,4503,24064,4746
0x40bc9b,62.6666%,28037,47062,75099,18115,14149,13888,28947
0x40be17,72.1892%,25807,66988,92795,58582,6816,18991,8406
0x40f088,66.2957%,25106,49383,74489,37106,9986,15120,12277
0x40f024,66.9334%,24631,49858,74489,40531,6310,18321,9327
0x409489,68.9018%,23421,51892,75313,3101,16875,6546,48791
0x40eff2,68.6934%,23320,51169,74489,37347,9610,13710,13822
0x40ef5c,68.9901%,23099,51390,74489,46847,5081,18018,4543
0x40cc72,76.4832%,22645,73648,96293,34986,6181,16464,38662
0x40d02e,78.6378%,22479,82749,105228,80382,2759,19720,2367
0x40ef8e,71.671%,21102,53387,74489,41809,6305,14797,11578
0x40f056,72.8121%,20252,54237,74489,45439,5592,14660,8798
0x40cded,75.2564%,19666,59813,79479,58660,2471,17195,1153
0x40f0ba,73.8418%,19485,55004,74489,42837,7387,12098,12167
0x40efc0,73.9559%,19400,55089,74489,46656,4659,14741,8433
0x40ccf3,90.2514%,18080,167382,185462,131677,4514,13566,35705
0x4096b4,69.2889%,16611,37477,54088,5252,10785,5826,32225
0x4094d0,78.6279%,16096,59217,75313,2375,13008,3088,56842
0x402e1a,70.6328%,16021,38533,54554,35753,3290,12731,2780
0x4094ed,67.4998%,15577,32352,47929,29772,4623,10954,2580
0x40ceec,94.9919%,14922,283034,297956,219106,4361,10561,63928
0x40caeb,67.278%,14684,30191,44875,21892,4635,10049,8299
0x41136c,85.8015%,14166,85605,99771,47264,4885,9281,38341
0x40cf7a,81.5019%,14088,62071,76159,61030,2937,11151,1041
0x416578,75.9415%,13844,43699,57543,23283,4178,9666,20416
0x41ddeb,76.2382%,13496,43301,56797,29065,6135,7361,14236
0x41de07,76.1762%,13470,43070,56540,28952,5584,7886,14118
0x40b69d,86.5487%,13419,86341,99760,2708,8861,4558,83633
0x411488,86.1343%,13140,81626,94766,68734,5169,7971,12892
0x40cf60,94.7674%,12596,228127,240723,223744,2077,10519,4383
0x40bbd7,86.0681%,12118,74862,86980,73458,2219,9899,1404
0x40b6fd,88.5923%,12047,93557,105604,1303,9436,2611,92254
0x416018,84.9387%,11219,63270,74489,9893,6244,4975,53377
0x40b75d,89.0442%,10755,87412,98167,1371,8213,2542,86041
0x4095f9,64.3948%,10349,18717,29066,2737,7666,2683,15980
0x411385,78.6296%,10177,37445,47622,29184,2345,7832,8261
0x40bc89,88.8967%,10010,80143,90153,8142,6912,3098,72001
0x40c98c,89.1979%,9921,81922,91843,81152,1274,8647,770
0x40ce0a,66.6518%,9725,19437,29162,4562,6252,3473,14875
0x416598,75.2225%,9717,29500,39217,28993,1089,8628,507
0x40cfbe,76.7956%,9411,31146,40557,30045,1315,8096,1101
0x40cfa4,94.7854%,8934,162394,171328,158856,1086,7848,3538
0x40b63b,87.598%,8697,61429,70126,1215,6737,1960,60214
0x4113d4,81.7497%,8524,38182,46706,27944,3254,5270,10238
0x40cffb,72.0921%,8460,21854,30314,19218,2553,5907,2636
0x40cd08,84.1327%,7818,41453,49271,20216,3187,4631,21237
0x40cd39,96.2458%,7719,197890,205609,157445,1701,6018,40445
0x40cfe4,94.3921%,7668,129067,136735,126685,1249,6419,2382
0x411414,84.1129%,7303,38665,45968,27825,1836,5467,10840
0x40d038,66.9398%,7302,14785,22087,3391,3899,3403,11394
0x40cad7,96.0513%,7088,172412,179500,132972,1653,5435,39440
0x40d021,93.9835%,6798,106192,112990,104489,739,6059,1703
0x40bc4b,66.604%,6755,13472,20227,5789,3135,3620,7683
0x409640,77.1073%,6654,22412,29066,2154,4316,2338,20258
0x40b609,82.1448%,5711,26274,31985,25346,1058,4653,928
0x40965d,66.0192%,5441,10571,16012,9929,1313,4128,642
0x40ce32,60.4237%,5399,8243,13642,1497,3235,2164,6746
0x40ce1e,70.6017%,5394,12954,18348,622,4084,1310,12332
0x40f115,93.007%,5209,69280,74489,69261,361,4848,19
0x40ceab,73.1633%,4924,13424,18348,12305,721,4203,1119
0x402e47,94.7185%,4900,87877,92777,87064,830,4070,813
0x411450,89.101%,4802,39257,44059,26998,2099,2703,12259
0x40cf67,69.9638%,4476,10426,14902,7812,1662,2814,2614
0x41ee6f,93.583%,3991,58203,62194,58181,203,3788,22
0x40ce46,60.4826%,3521,5389,8910,2575,1694,1827,2814
0x40be26,94.9463%,3305,62093,65398,61849,610,2695,244
0x4113a4,83.057%,3301,16182,19483,9997,948,2353,6185
0x4113e4,82.9866%,3222,15716,18938,9218,1209,2013,6498
0x409e93,58.5458%,3187,4501,7688,3407,1331,1856,1094
0x409e64,59.4043%,3121,4567,7688,3702,936,2185,865
0x40bb0e,96.1413%,2891,72030,74921,71983,456,2435,47
0x40c995,70.3621%,2791,6626,9417,5410,658,2133,1216
0x40cfab,75.6894%,2768,8618,11386,7256,897,1871,1362
0x411424,87.1028%,2618,17681,20299,9588,879,1739,8093
0x40f1d2,55.1757%,2347,2889,5236,2241,912,1435,648
0x40be1b,92.0064%,2190,25207,27397,24888,646,1544,319
0x402c7e,97.2382%,2117,74535,76652,67951,1021,1096,6584
0x40efd1,91.0374%,2077,21097,23174,3432,362,1715,17665
0x40ca73,60.8746%,2040,3174,5214,738,1121,919,2436
0x40cfeb,77.2185%,2005,6796,8801,6411,416,1589,385
0x41142c,80.0346%,1963,7869,9832,3008,984,979,4861
0x411464,89.7409%,1924,16830,18754,8676,1192,732,8154
0x41e7cb,94.4628%,1895,32328,34223,32176,251,1644,152
0x41646f,98.9595%,1856,176519,178375,80,1655,201,176439
0x40ca5f,74.6087%,1736,5101,6837,292,1331,405,4809
0x4113ac,79.8782%,1718,6820,8538,2659,731,987,4161
0x416895,97.9074%,1713,80147,81860,79657,407,1306,490
0x41ee22,92.3842%,1707,20707,22414,20669,360,1347,38
0x40d028,79.7346%,1573,6189,7762,916,984,589,5273
0x40f1fb,55.7232%,1555,1957,3512,1611,413,1142,346
0x41146c,82.7369%,1534,7352,8886,3234,558,976,4118
0x40ca87,56.7809%,1450,1905,3355,595,988,462,1310
0x40ca16,68.4567%,1304,2830,4134,2271,309,995,559
0x4113ec,84.8666%,1288,7223,8511,2891,539,749,4332
0x40f224,48.7741%,1170,1114,2284,510,462,708,604
0x40ca4b,85.8599%,1110,6740,7850,393,620,490,6347
0x41debb,99.7857%,1021,475389,476410,475389,1021,0,0
0x40b845,59.9517%,994,1488,2482,1162,500,494,326
0x409733,98.9623%,918,87547,88465,17,740,178,87530
0x40bd78,56.4846%,916,1189,2105,975,448,468,214
0x4164f5,99.8948%,890,845318,846208,34109,19,871,811209
0x4a623e,91.4879%,877,9426,10303,8927,234,643,499
0x40b8c1,76.751%,873,2882,3755,2532,403,470,350
0x41eec2,92.8631%,860,11190,12050,11177,132,728,13
0x416427,98.557%,842,57510,58352,67,742,100,57443
0x40ca24,79.6565%,841,3293,4134,426,359,482,2867
0x40b8df,67.8888%,797,1685,2482,1536,229,568,149
0x40b96d,68.0097%,794,1688,2482,1606,287,507,82
0x416026,98.701%,758,57594,58352,53,475,283,57541
0x40bd04,98.9867%,734,71705,72439,71698,59,675,7
0x409749,99.1711%,727,86981,87708,15,578,149,86966
0x415fc1,99.0382%,723,74448,75171,171,511,212,74277
0x4a5e65,83.9964%,720,3779,4499,553,433,287,3226
0x40ccc4,97.9904%,676,32963,33639,719,452,224,32244
0x40f099,97.5326%,676,26721,27397,7221,279,397,19500
0x40f003,97.7335%,624,26908,27532,7978,346,278,18930
0x4169b4,99.3333%,621,92529,93150,0,0,621,92529
0x40f160,88.4093%,615,4691,5306,14,425,190,4677
0x40cebb,88.8388%,594,4728,5322,5,474,120,4723
0x4160f6,98.7493%,582,45951,46533,0,0,582,45951
0x4a5e9c,77.6558%,570,1981,2551,1663,350,220,318
0x40f0cb,97.6551%,569,23696,24265,3435,312,257,20261
0x40cccc,98.3183%,546,31922,32468,4385,444,102,27537
0x416a0f,99.3339%,543,80973,81516,80973,36,507,0
0x4a5e97,84.657%,539,2974,3513,693,269,270,2281
0x40976b,99.4019%,521,86594,87115,9,320,201,86585
0x41eea2,99.1816%,509,61685,62194,61685,252,257,0
0x40ef9f,98.0701%,509,25866,26375,7212,252,257,18654
0x40ef6d,97.8458%,486,22075,22561,3431,357,129,18644
0x4a4951,54.3128%,482,573,1055,209,246,236,364
0x40249c,96.0747%,477,11675,12152,11675,85,392,0
0x40f666,84.0756%,472,2492,2964,2483,71,401,9
0x4164fc,99.943%,463,811617,812080,669213,355,108,142404
0x40cc58,99.8143%,447,240276,240723,96162,131,316,144114
0x40f610,84.9528%,446,2518,2964,2518,26,420,0
0x4036f9,33.8415%,434,222,656,222,171,263,0
0x411cde,99.4377%,431,76220,76651,76220,431,0,0
0x402ea3,99.5562%,429,96229,96658,63,337,92,96166
0x40f68e,85.6275%,426,2538,2964,2533,21,405,5
0x40f63e,85.7625%,422,2542,2964,2542,19,403,0
0x40b94c,69.3431%,420,950,1370,548,105,315,402
0x4a47a5,74.1401%,406,1164,1570,1005,50,356,159
0x41ee8e,89.3701%,405,3405,3810,2058,230,175,1347
0x4a6247,64.8862%,401,741,1142,708,69,332,33
0x40f067,98.363%,384,23074,23458,3130,225,159,19944
0x41688c,99.7111%,384,132540,132924,91002,219,165,41538
0x40f1e7,81.9491%,376,1707,2083,1702,22,354,5
0x40f035,98.6726%,367,27281,27648,7730,48,319,19551
0x40ba84,52.6455%,358,398,756,81,16,342,317
0x40954c,99.6986%,350,115771,116121,75961,168,182,39810
0x4bbe67,34.6304%,336,178,514,114,143,193,64
0x40cd1f,98.7011%,336,25532,25868,4862,143,193,20670
0x4a64a9,55.6143%,336,421,757,16,296,40,405
0x4116de,39.2989%,329,213,542,165,98,231,48
0x4c7616,75.3634%,322,985,1307,611,124,198,374
0x40ccb9,98.8893%,320,28490,28810,0,0,320,28490
0x40b9fd,87.1475%,319,2163,2482,371,288,31,1792
0x41686d,99.8168%,317,172764,173081,0,51,266,172764
0x41169f,41.6974%,316,226,542,128,135,181,98
0x41e613,52.8158%,310,347,657,93,308,2,254
0x40f210,79.1667%,310,1178,1488,1154,74,236,24
0x4a5d72,41.6507%,304,217,521,167,90,214,50
0x40ce7e,98.3813%,297,18051,18348,7008,254,43,11043
0x402ceb,99.6151%,295,76357,76652,2,255,40,76355
0x41e61c,55.0989%,295,362,657,8,249,46,354
0x4c7645,60.8163%,288,447,735,372,246,42,75
0x41ddf9,99.5017%,283,56514,56797,0,257,26,56514
0x40b9dc,67.215%,279,572,851,134,128,151,438
0x4bbe98,78.4436%,277,1008,1285,15,242,35,993
0x41e917,99.5627%,272,61922,62194,0,257,15,61922
0x409eb5,96.462%,272,7416,7688,7416,15,257,0
0x402ad4,48.6381%,264,250,514,0,0,264,250
0x4a49b8,75.1659%,262,793,1055,16,106,156,777
0x402e4f,94.7164%,258,4625,4883,4625,1,257,0
0x4bbdac,0%,257,0,257,0,257,0,0
0x40b768,99.7392%,256,97911,98167,20617,33,223,77294
0x4169fc,99.8094%,256,134065,134321,92457,187,69,41608
0x4a5eba,87.0123%,253,1695,1948,913,24,229,782
0x4bbda7,50.9728%,252,262,514,262,252,0,0
0x4169dd,99.8599%,244,173915,174159,0,63,181,173915
0x4a5ecb,76.0633%,242,769,1011,1,198,44,768
0x401d5a,84.5663%,242,1326,1568,1119,57,185,207
0x4024bb,38.7755%,240,152,392,1,135,105,151
0x41692b,95.2302%,231,4612,4843,1288,113,118,3324
0x4a612d,79.8599%,230,912,1142,780,112,118,132
0x4094e3,99.7604%,226,94099,94325,46216,180,46,47883
0x41e857,99.3601%,219,34004,34223,0,142,77,34004
0x4a5ee6,76.153%,212,677,889,608,16,196,69
0x4a482f,59.2233%,210,305,515,305,2,208,0
0x4a498c,32.3333%,203,97,300,40,27,176,57
0x4a62c0,62.7639%,194,327,521,274,38,156,53
0x416abb,94.0741%,192,3048,3240,1191,141,51,1857
0x416447,99.675%,187,57356,57543,0,0,187,57356
0x4169eb,99.8937%,185,173912,174097,39730,46,139,134182
0x40286c,28.0156%,185,72,257,72,185,0,0
0x416853,99.8076%,179,92838,93017,0,0,179,92838
0x4a5f6f,4.78723%,179,9,188,9,179,0,0
0x4152e4,72.8659%,178,478,656,0,118,60,478
0x4a60f6,82.1501%,176,810,986,372,149,27,438
0x41687b,99.9%,173,172857,173030,40067,39,134,132790
0x4163fd,67.4242%,172,356,528,324,116,56,32
0x41edef,57%,172,228,400,215,42,130,13
0x403776,56.6327%,170,222,392,222,170,0,0
0x402cfc,99.7814%,167,76228,76395,0,0,167,76228
0x40b711,99.8003%,167,83469,83636,75672,78,89,7797
0x40279d,58.1633%,164,228,392,224,32,132,4
0x40b6a8,99.8396%,160,99600,99760,19961,15,145,79639
0x40b708,99.8494%,159,105445,105604,21957,11,148,83488
0x401d13,89.111%,158,1293,1451,1290,18,140,3
0x40ca38,97.689%,158,6679,6837,0,0,158,6679
0x416844,99.8312%,157,92860,93017,0,0,157,92860
0x4a5ead,92.4235%,156,1903,2059,0,111,45,1903
0x401ce1,90.051%,156,1412,1568,1404,47,109,8
0x40f239,88.5671%,150,1162,1312,1158,26,124,4
0x4a41cb,94.3939%,148,2492,2640,2343,33,115,149
0x4a4119,69.5473%,148,338,486,237,41,107,101
0x4a4983,75.5%,147,453,600,201,99,48,252
0x4c7625,74.3007%,147,425,572,414,10,137,11
0x41e797,64.411%,142,257,399,257,0,142,0
0x402763,64.2857%,140,252,392,252,4,136,0
0x4a4088,94.7348%,139,2501,2640,146,132,7,2355
0x40ccd1,99.5043%,137,27502,27639,3653,5,132,23849
0x41ee45,99.3888%,137,22277,22414,22277,44,93,0
0x409eba,47.4708%,135,122,257,122,0,135,0
0x40c979,99.8552%,133,91736,91869,22,4,129,91714
0x4a4c05,87.9621%,127,928,1055,0,0,127,928
0x40f262,87.5977%,127,897,1024,16,75,52,881
0x41e633,51.3619%,125,132,257,110,44,81,22
0x40bc73,99.8625%,124,90029,90153,0,0,124,90029
0x4a48fa,88.5308%,121,934,1055,932,2,119,2
0x40f18e,97.7761%,118,5188,5306,3,54,64,5185
0x40b646,99.8374%,114,70012,70126,21837,24,90,48175
0x4a62ca,45.4545%,114,95,209,0,0,114,95
0x4a4931,5.78512%,114,7,121,7,114,0,0
0x40ca05,96.6557%,112,3237,3349,0,0,112,3237
0x4096bc,99.7057%,112,37939,38051,24975,47,65,12964
0x415fa9,99.8603%,105,75066,75171,0,0,105,75066
0x41e314,92.9825%,104,1378,1482,1378,30,74,0
0x41e624,75%,100,300,400,219,28,72,81
0x4a64b6,87.0542%,98,659,757,395,44,54,264
0x416acc,94.9161%,97,1811,1908,421,71,26,1390
0x40b771,99.8762%,96,77421,77517,68422,88,8,8999
0x416ad4,96.5467%,95,2656,2751,2656,81,14,0
0x4a491b,21.4876%,95,26,121,0,0,95,26
0x409653,99.7281%,92,33746,33838,17784,42,50,15962
0x4a7df0,97.0896%,89,2969,3058,0,0,89,2969
0x40f1b7,98.3235%,88,5161,5249,1,12,76,5160
0x40b6b1,99.891%,87,79697,79784,68150,65,22,11547
0x4a7d73,97.1886%,86,2973,3059,0,0,86,2973
0x4a49a3,91.8483%,86,969,1055,0,0,86,969
0x40f24d,92.3636%,84,1016,1100,3,73,11,1013
0x41143b,98.5788%,83,5757,5840,1837,72,11,3920
0x41e21f,95.0595%,83,1597,1680,29,34,49,1568
0x4a602d,94.3604%,82,1372,1454,240,47,35,1132
0x4162a4,99.888%,82,73107,73189,71417,78,4,1690
0x415f9c,99.9022%,75,76576,76651,1445,35,40,75131
0x41691d,98.4517%,75,4769,4844,0,1,74,4769
0x4a5f01,71.6981%,75,190,265,188,0,75,2
0x402e2a,99.5229%,74,15437,15511,10078,55,19,5359
0x4a485e,86.0194%,72,443,515,303,4,68,140
0x4169c0,99.9227%,72,93078,93150,0,0,72,93078
0x4c7795,98.3295%,72,4238,4310,3624,68,4,614
0x40b64f,99.8508%,72,48193,48265,43663,59,13,4530
0x411458,99.5255%,71,14891,14962,0,0,71,14891
0x41690e,96.1581%,69,1727,1796,0,0,69,1727
0x416183,99.8517%,69,46464,46533,0,0,69,46464
0x40b655,99.7843%,69,31916,31985,13480,53,16,18436
0x4a6004,96.0807%,68,1667,1735,253,28,40,1414
0x4029a3,73.93%,67,190,257,0,0,67,190
0x402747,83.1633%,66,326,392,0,0,66,326
0x4a5f96,66.4894%,63,125,188,11,62,1,114
0x40ca2e,98.1786%,61,3288,3349,2573,7,54,715
0x41620b,99.8711%,60,46473,46533,0,0,60,46473
0x4a642e,92.2148%,58,687,745,687,5,53,0
0x4165c3,99.9279%,54,74867,74921,0,0,54,74867
0x41edf9,62.9371%,53,90,143,5,45,8,85
0x41eee2,99.5602%,53,11997,12050,11997,3,50,0
0x409ed0,61.4815%,52,83,135,79,13,39,4
0x411667,90.4059%,52,490,542,0,0,52,490
0x416278,99.8904%,51,46482,46533,0,0,51,46482
0x4a48f0,95.4502%,48,1007,1055,0,0,48,1007
0x41606f,99.8969%,48,46521,46569,0,37,11,46521
0x4a5d2d,97.0698%,47,1557,1604,0,0,47,1557
0x404729,82.1012%,46,211,257,211,46,0,0
0x4a6424,94.2085%,45,732,777,16,16,29,716
0x4a48e2,95.8294%,44,1011,1055,0,0,44,1011
0x401d3b,69.2308%,44,99,143,83,19,25,16
0x4a5c75,97.8521%,43,1959,2002,1959,13,30,0
0x4113dc,99.7292%,42,15466,15508,0,0,42,15466
0x40ce69,99.6301%,40,10774,10814,10774,40,0,0
0x4091bf,97.619%,40,1640,1680,1640,5,35,0
0x4a5cea,98.4444%,39,2468,2507,2016,14,25,452
0x4a5c55,98.7574%,38,3020,3058,1032,24,14,1988
0x4c7816,98.7688%,36,2888,2924,2474,26,10,414
0x4a62f5,83.2536%,35,174,209,174,15,20,0
0x4a83f3,97.8344%,34,1536,1570,0,0,34,1536
0x40b776,99.8887%,33,29624,29657,9568,16,17,20056
0x402cbd,99.5828%,32,7639,7671,0,14,18,7639
0x402487,99.7531%,30,12122,12152,0,0,30,12122
0x402c83,99.6094%,30,7650,7680,0,9,21,7650
0x4c7682,95.1456%,30,588,618,588,30,0,0
0x416948,99.0879%,28,3042,3070,3042,6,22,0
0x4150c1,98.0198%,26,1287,1313,1287,26,0,0
0x4a5e86,99.2599%,26,3487,3513,0,0,26,3487
0x4113bb,99.5144%,25,5123,5148,911,5,20,4212
0x402477,99.7943%,25,12127,12152,0,0,25,12127
0x4a6146,90%,25,225,250,221,15,10,4
0x40370f,90.4943%,25,238,263,238,18,7,0
0x4bbf0a,90.6615%,24,233,257,0,0,24,233
0x4a7d9b,99.2481%,23,3036,3059,3036,23,0,0
0x40b716,99.9263%,22,29832,29854,10729,10,12,19103
0x41e338,98.583%,21,1461,1482,1461,8,13,0
0x4a6341,89.9522%,21,188,209,188,1,20,0
0x4a640f,97.2973%,21,756,777,0,0,21,756
0x4165a0,99.7701%,21,9114,9135,9114,21,0,0
0x41dc4e,92.607%,19,238,257,238,19,0,0
0x41e7b2,99.9445%,19,34204,34223,0,0,19,34204
0x4c76f9,95.5189%,19,405,424,405,19,0,0
0x4a478d,98.7898%,19,1551,1570,0,0,19,1551
0x4091e7,48.5714%,18,17,35,5,9,9,12
0x402997,92.9961%,18,239,257,0,0,18,239
0x4bbe2a,96.4981%,18,496,514,496,18,0,0
0x409e3a,93.3852%,17,240,257,0,0,17,240
0x4a6438,97.8121%,17,760,777,755,2,15,5
0x4a7de7,99.4768%,16,3042,3058,0,0,16,3042
0x40b6b6,99.9493%,16,31529,31545,11563,6,10,19966
0x402d16,99.9791%,16,76379,76395,76379,16,0,0
0x41e91d,99.9742%,16,61921,61937,0,0,16,61921
0x416a82,96.8442%,16,491,507,0,1,15,491
0x41138d,99.9006%,16,16077,16093,0,0,16,16077
0x4a7dac,99.5423%,14,3045,3059,0,0,14,3045
0x4a418e,97.3251%,13,473,486,0,7,6,473
0x41141c,99.9203%,13,16294,16307,0,0,13,16294
0x4a4779,99.2357%,12,1558,1570,0,0,12,1558
0x4024b5,96.9388%,12,380,392,0,0,12,380
0x4a5e58,99.384%,12,1936,1948,0,0,12,1936
0x4a6236,99.869%,12,9149,9161,0,0,12,9149
0x401cf4,89.7436%,12,105,117,105,10,2,0
0x4a5cd0,99.6037%,12,3016,3028,509,12,0,2507
0x403763,96.9925%,12,387,399,1,6,6,386
0x4a5f94,94.1489%,11,177,188,0,0,11,177
0x403753,97.2431%,11,388,399,0,0,11,388
0x41147b,99.7841%,11,5083,5094,1439,3,8,3644
0x4a7d87,99.6404%,11,3048,3059,0,0,11,3048
0x41e87d,99.9823%,11,62183,62194,0,0,11,62183
0x4a635e,95.2153%,10,199,209,0,0,10,199
0x4bbe19,96.4981%,9,248,257,0,0,9,248
0x41e24d,99.4643%,9,1671,1680,1671,2,7,0
0x41693c,99.7385%,9,3433,3442,1772,2,7,1661
0x4152f4,98.3271%,9,529,538,529,4,5,0
0x4a6ef0,98.8439%,8,684,692,0,0,8,684
0x402905,96.8872%,8,249,257,0,0,8,249
0x4a6320,96.1722%,8,201,209,0,0,8,201
0x4a47da,98.4466%,8,507,515,0,0,8,507
0x41e861,99.9765%,8,34073,34081,0,0,8,34073
0x409264,50%,7,7,14,7,0,7,0
0x4a7dc3,99.7711%,7,3051,3058,0,0,7,3051
0x41ede6,98.25%,7,393,400,0,0,7,393
0x4a4859,98.6408%,7,508,515,0,0,7,508
0x40373a,98.2456%,7,392,399,0,0,7,392
0x41e261,0%,7,0,7,0,0,7,0
0x416aad,99.7842%,7,3236,3243,1,2,5,3235
0x402a5c,98.8327%,6,508,514,508,6,0,0
0x416cbc,98.4694%,6,386,392,0,0,6,386
0x41e300,99.5968%,6,1482,1488,0,6,0,1482
0x41e357,99.5968%,6,1482,1488,1482,0,6,0
0x4a6d0f,96.8254%,6,183,189,0,0,6,183
0x40c9af,99.8208%,6,3343,3349,3343,6,0,0
0x4047a9,98.0545%,5,252,257,0,0,5,252
0x4a52a3,99.5261%,5,1050,1055,1050,5,0,0
0x4a4834,97.5962%,5,203,208,203,5,0,0
0x4a4783,99.6815%,5,1565,1570,0,0,5,1565
0x4a83ea,99.6815%,5,1565,1570,0,0,5,1565
0x4a5e79,99.8577%,5,3508,3513,0,0,5,3508
0x40248c,99.9589%,5,12147,12152,0,0,5,12147
0x4a840c,99.6815%,5,1565,1570,1565,5,0,0
0x4a7ddb,99.8365%,5,3053,3058,0,0,5,3053
0x4a615f,64.2857%,5,9,14,9,1,4,0
0x4a5cfe,98.9518%,5,472,477,0,0,5,472
0x4a8403,99.7452%,4,1566,1570,0,0,4,1566
0x4a6178,0%,4,0,4,0,4,0,0
0x4a5d53,99.2322%,4,517,521,517,4,0,0
0x402481,99.9671%,4,12148,12152,0,0,4,12148
0x402dd8,98.4436%,4,253,257,0,0,4,253
0x4163be,99.2424%,4,524,528,0,1,3,524
0x4a62ea,98.0861%,4,205,209,0,0,4,205
0x404742,98.4436%,4,253,257,253,4,0,0
0x416339,99.2424%,4,524,528,524,3,1,0
0x4a7dcc,99.8692%,4,3054,3058,3054,4,0,0
0x4116c2,99.4465%,3,539,542,539,3,0,0
0x4a4945,99.7156%,3,1052,1055,0,0,3,1052
0x4a628d,90%,3,27,30,27,3,0,0
0x4bbde4,98.8327%,3,254,257,0,0,3,254
0x4a484f,99.4175%,3,512,515,512,3,0,0
0x41e62b,98.8327%,3,254,257,0,0,3,254
0x4a48c3,99.7156%,3,1052,1055,0,0,3,1052
0x402b11,99.4163%,3,511,514,0,0,3,511
0x41e892,99.9952%,3,62191,62194,0,0,3,62191
0x40244f,99.4898%,2,390,392,0,0,2,390
0x416313,99.6212%,2,526,528,0,0,2,526
0x4a4963,99.6667%,2,598,600,0,0,2,598
0x401d29,98.6014%,2,141,143,0,0,2,141
0x4a4cbe,99.8104%,2,1053,1055,0,0,2,1053
0x404760,99.2218%,2,255,257,255,2,0,0
0x41e1f0,99.881%,2,1678,1680,0,0,2,1678
0x402701,71.4286%,2,5,7,0,1,1,5
0x4026c7,71.4286%,2,5,7,0,1,1,5
0x4a5f2b,98.995%,2,197,199,75,2,0,122
0x4a4807,99.6117%,2,513,515,0,0,2,513
0x40ca9b,99.8871%,2,1770,1772,1770,2,0,0
0x40479f,99.2218%,2,255,257,0,0,2,255
0x421a93,99.8726%,2,1568,1570,0,0,2,1568
0x4bbef9,99.2218%,2,255,257,0,0,2,255
0x4a4863,99.0385%,2,206,208,206,2,0,0
0x4a48ab,99.8104%,2,1053,1055,0,0,2,1053
0x4a49e9,99.8104%,2,1053,1055,1053,2,0,0
0x402c56,99.2188%,2,254,256,0,0,2,254
0x416902,99.8886%,2,1794,1796,0,0,2,1794
0x41e769,99.4987%,2,397,399,0,0,2,397
0x4a5f4d,98.3607%,2,120,122,0,0,2,120
0x40caa8,99.8026%,2,1011,1013,1011,2,0,0
0x4a4f64,97.0149%,2,65,67,0,0,2,65
0x416d15,99.7449%,1,391,392,391,0,1,0
0x4a5c2a,99.9673%,1,3058,3059,0,0,1,3058
0x4a4911,99.1736%,1,120,121,0,0,1,120
0x4a616b,75%,1,3,4,0,0,1,3
0x4a5ef8,99.6226%,1,264,265,0,0,1,264
0x402824,99.6109%,1,256,257,256,1,0,0
0x4a5d19,99.7904%,1,476,477,476,1,0,0
0x4a47b7,99.8058%,1,514,515,0,0,1,514
0x4a4cd7,99.9052%,1,1054,1055,1054,1,0,0
0x4a48d4,99.9052%,1,1054,1055,0,0,1,1054
0x4a6405,99.8713%,1,776,777,0,0,1,776
0x4a4bf0,99.9052%,1,1054,1055,1054,1,0,0
0x4a63eb,99.8713%,1,776,777,0,0,1,776
0x4a6ee1,99.8555%,1,691,692,0,0,1,691
0x4a648c,99.8679%,1,756,757,0,0,1,756
0x4a6ef7,99.8555%,1,691,692,0,0,1,691
0x4c7731,99.8382%,1,617,618,0,0,1,617
0x4bbed8,99.6109%,1,256,257,256,1,0,0
0x4a5ff7,99.9503%,1,2012,2013,277,1,0,1735
0x402ad9,99.8054%,1,513,514,0,0,1,513
0x41e213,99.9405%,1,1679,1680,0,0,1,1679
0x4047b0,99.6109%,1,256,257,256,1,0,0
0x4a4058,99.6212%,1,263,264,263,1,0,0
0x402949,99.6109%,1,256,257,0,0,1,256
0x4a7df5,99.9673%,1,3057,3058,0,0,1,3057
0x416a90,99.8024%,1,505,506,0,0,1,505
0x4029de,99.6109%,1,256,257,0,0,1,256
0x4a6316,99.5215%,1,208,209,0,0,1,208
0x40371d,85.7143%,1,6,7,0,0,1,6
0x4a4882,99.9052%,1,1054,1055,0,0,1,1054
0x4a6139,99.6%,1,249,250,0,0,1,249
0x404757,100%,0,257,257,0,0,0,257
0x4a6447,100%,0,20,20,0,0,0,20
0x4bbf14,100%,0,257,257,0,0,0,257
0x409279,100%,0,7,7,0,0,0,7
0x401dfa,100%,0,392,392,392,0,0,0
0x4a6078,100%,0,1454,1454,1454,0,0,0
0x4bbe6e,100%,0,257,257,0,0,0,257
0x4a6152,100%,0,14,14,0,0,0,14
0x41e199,100%,0,7,7,0,0,0,7
0x40929d,100%,0,7,7,0,0,0,7
0x4a6d29,100%,0,189,189,0,0,0,189
0x41e1bb,100%,0,7,7,0,0,0,7
0x4091f2,100%,0,21,21,21,0,0,0
0x4163a0,100%,0,1,1,0,0,0,1
0x411662,100%,0,542,542,0,0,0,542
0x4bbdfa,100%,0,257,257,0,0,0,257
0x4a496d,100%,0,600,600,0,0,0,600
0x4a4f6b,100%,0,67,67,0,0,0,67
0x402508,100%,0,136,136,0,0,0,136
0x41e365,100%,0,6,6,0,0,0,6
0x41e1fc,100%,0,1680,1680,0,0,0,1680
0x4a6274,100%,0,111,111,0,0,0,111
0x4a4795,100%,0,1570,1570,0,0,0,1570
0x4bbdbc,100%,0,257,257,257,0,0,0
0x4a634b,100%,0,209,209,0,0,0,209
0x4a5c95,100%,0,30,30,0,0,0,30
0x40922b,100%,0,14,14,14,0,0,0
0x402b34,100%,0,514,514,514,0,0,0
0x4a40ca,100%,0,7,7,7,0,0,0
0x4a40b3,100%,0,7,7,0,0,0,7
0x4a48b7,100%,0,1055,1055,1055,0,0,0
0x41e1c9,100%,0,7,7,0,0,0,7
0x4113fb,100%,0,5081,5081,738,0,0,4343
0x409240,100%,0,14,14,0,0,0,14
0x409e27,100%,0,257,257,0,0,0,257
0x4115ec,100%,0,542,542,542,0,0,0
0x420970,100%,0,3058,3058,3058,0,0,0
0x4a4f56,100%,0,67,67,0,0,0,67
0x41e784,100%,0,399,399,399,0,0,0
0x416cf4,100%,0,392,392,0,0,0,392
0x4a5fd3,100%,0,77,77,0,0,0,77
0x4a4049,100%,0,264,264,0,0,0,264
0x40477b,100%,0,257,257,0,0,0,257
0x4024c4,100%,0,256,256,0,0,0,256
0x4019ff,100%,0,2,2,0,0,0,2
0x4a4140,100%,0,486,486,486,0,0,0
0x4a47e9,100%,0,515,515,515,0,0,0
0x4a488e,100%,0,1055,1055,1055,0,0,0
0x4a4cca,100%,0,1055,1055,0,0,0,1055
0x4c7618,100%,0,572,572,0,0,0,572
0x409203,100%,0,14,14,0,0,0,14
0x40ce5a,100%,0,4641,4641,4641,0,0,0
0x4a6d1e,100%,0,189,189,0,0,0,189
0x4a62fe,100%,0,20,20,0,0,0,20
0x4c76cd,100%,0,424,424,0,0,0,424
0x40290a,100%,0,257,257,0,0,0,257
0x4a40a9,100%,0,7,7,0,0,0,7
0x40926f,100%,0,7,7,7,0,0,0
0x402b50,100%,0,514,514,0,0,0,514
0x4a47c8,100%,0,515,515,0,0,0,515
0x4092a8,100%,0,7,7,7,0,0,0
0x4a4cea,100%,0,1055,1055,0,0,0,1055
0x4bbdd3,100%,0,257,257,0,0,0,257
0x4bbec2,100%,0,1028,1028,1028,0,0,0
0x40478d,100%,0,257,257,0,0,0,257
0x4a5cf3,100%,0,477,477,0,0,0,477
0x4a6337,100%,0,209,209,0,0,0,209
0x4a5c87,100%,0,30,30,30,0,0,0
0x4a40ed,100%,0,486,486,486,0,0,0
0x4a4186,100%,0,486,486,0,0,0,486
0x41e290,100%,0,7,7,0,0,0,7
