Branch PC,Accuracy,Mispredictions,Correct Predictions,Total,dir_t_pred_t,dir_t_pred_nt,dir_nt_pred_t,dir_nt_pred_nt
aggregate,99.9553%,4981,11127895,11132876,7662963,1858,3123,3464932
0x162634e,99.1975%,949,117311,118260,29401,521,428,87910
0x1626359,99.5608%,388,87950,88338,43267,197,191,44683
0x1626664,99.7818%,258,118002,118260,47365,115,143,70637
0x8defc2,98.1735%,144,7740,7884,1763,69,75,5977
0x46f721,99.9095%,107,118153,118260,116635,5,102,1518
0x1409b50,96.9164%,93,2923,3016,2899,1,92,24
0x15d8015,92.6091%,83,1040,1123,604,32,51,436
0x16744be,99.9644%,77,216103,216180,155092,37,40,61011
0x93324b,95.8974%,64,1496,1560,1496,4,60,0
0x92faef,96.0494%,64,1556,1620,1556,4,60,0
0x9308f8,96.1728%,62,1558,1620,1558,2,60,0
0x8df004,99.3024%,55,7829,7884,7768,8,47,61
0x8ded3c,99.3404%,52,7832,7884,4265,43,9,3567
0x52a6c5,96.7901%,52,1568,1620,1558,2,50,10
0x8df243,99.2976%,44,6220,6264,5589,23,21,631
0x931570,97.2436%,43,1517,1560,1498,2,41,19
0x8df4d0,99.3614%,40,6224,6264,1631,13,27,4593
0x8ded74,99.5307%,37,7847,7884,7767,9,28,80
0x140823d,98.7732%,37,2979,3016,2896,4,33,83
0x52a9d4,98.0247%,32,1588,1620,419,11,21,1169
0x901cd8,99.9251%,32,42668,42700,41171,4,28,1497
0x8df500,99.5051%,31,6233,6264,6147,9,22,86
0x51c573,97.2946%,27,971,998,956,1,26,15
0x52ad0e,98.4568%,25,1595,1620,1557,3,22,38
0x8e7354,98.5311%,25,1677,1702,1677,0,25,0
0x4f9894,99.6528%,25,7175,7200,6897,3,22,278
0x8e8544,96.3397%,25,658,683,658,0,25,0
0x901cf4,98.4262%,24,1501,1525,1496,4,20,5
0x8e7654,98.5313%,23,1543,1566,1543,0,23,0
0x8e88f4,96.3434%,23,606,629,606,0,23,0
0x930f53,98.6035%,23,1624,1647,1584,2,21,40
0x52aa06,98.7037%,21,1599,1620,1555,5,16,44
0x528f77,98.7205%,19,1466,1485,1429,1,18,37
0x8e082c,99.8244%,17,9665,9682,9511,5,12,154
0x1668901,69.2308%,16,36,52,11,11,5,25
0x8df270,99.7446%,16,6248,6264,6154,2,14,94
0x1669edb,58.3333%,15,21,36,9,9,6,12
0x8e0a09,99.8554%,14,9668,9682,9513,3,11,155
0x1669e15,86.9159%,14,93,107,29,7,7,64
0x1669e6a,79.1045%,14,53,67,9,10,4,44
0x52a773,99.2593%,12,1608,1620,1495,6,6,113
0x1669c80,80.7018%,11,46,57,34,2,9,12
0x52a7a6,99.321%,11,1609,1620,1560,0,11,49
0x14081a2,99.6807%,10,3122,3132,3013,3,7,109
0x529dd7,99.3614%,10,1556,1566,1505,3,7,51
0x8e0381,93.9759%,10,156,166,154,2,8,2
0xf313ca,99.8765%,10,8090,8100,7799,1,9,291
0x51c537,99.9861%,10,71906,71916,70916,2,8,990
0x8e083f,94.5783%,9,157,166,154,2,7,3
0xf3099b,97%,9,291,300,291,4,5,0
0x50832e,99.8889%,9,8091,8100,7798,2,7,293
0x507487,99.8788%,9,7416,7425,7149,1,8,267
0xdea638,50%,9,9,18,6,3,6,3
0xf30baf,99.8851%,9,7821,7830,7538,2,7,283
0x8e036a,95.9091%,9,211,220,49,5,4,162
0x506b43,96.8421%,9,276,285,4,6,3,272
0x8e0643,94.5783%,9,157,166,154,2,7,3
0x8e8539,99.982%,9,49904,49913,49227,3,6,677
0x8e0a1c,94.5783%,9,157,166,154,2,7,3
0xf30e1d,97.3333%,8,292,300,292,3,5,0
0xf30975,99.9012%,8,8092,8100,7798,2,6,294
0x8e64e0,68%,8,17,25,15,2,6,2
0x93669c,99.5062%,8,1612,1620,1557,3,5,55
0x50713f,94.0741%,8,127,135,127,3,5,0
0x508a37,97.3333%,8,292,300,292,3,5,0
0x4f9bf2,97.3333%,8,292,300,292,3,5,0
0x528f3c,99.9935%,7,106913,106920,105435,0,7,1478
0xf30dcc,99.9136%,7,8093,8100,7799,1,6,294
0x930d82,99.9953%,7,148223,148230,139992,3,4,8231
0x507861,99.995%,7,140933,140940,133109,1,6,7824
0x14033f3,99.784%,7,3233,3240,3118,2,5,115
0x507460,99.9987%,7,542018,542025,534599,1,6,7419
0x1408197,99.9969%,7,222365,222372,219239,1,6,3126
0x508308,99.9987%,7,550793,550800,542697,3,4,8096
0x50711d,99.929%,7,9848,9855,9718,2,5,130
0xf30d3f,99.9952%,7,145793,145800,137698,2,5,8095
0x1669c9a,66.6667%,7,14,21,0,4,3,14
0x4f9858,99.9987%,7,525593,525600,518399,1,6,7194
0x8e88e9,99.9848%,7,45964,45971,45339,3,4,625
0xf30c38,97.5862%,7,283,290,283,2,5,0
0x166893c,76.6667%,7,23,30,14,4,3,9
0x5072d4,94.8148%,7,128,135,128,2,5,0
0x140a02f,99.7765%,7,3125,3132,3015,1,6,110
0x141112a,99.784%,7,3233,3240,3119,1,6,114
0x1408225,99.9967%,7,214129,214136,211118,2,5,3011
0x8dfad2,99.8288%,7,4081,4088,4030,2,5,51
0x52a6a4,99.9937%,7,111773,111780,110158,2,5,1615
0x930df7,99.915%,7,8228,8235,6585,3,4,1643
0x8dfd0b,99.7845%,7,3241,3248,3190,2,5,51
0x1402eeb,99.6487%,6,1702,1708,1647,0,6,55
0x5088be,99.9956%,6,137694,137700,129598,2,4,8096
0x1669e4c,25%,6,2,8,0,3,3,2
0x1669e47,91.5493%,6,65,71,62,1,5,3
0x8df285,94.4444%,6,102,108,102,2,4,0
0x936627,99.9794%,6,29154,29160,27537,3,3,1617
0x1409c78,99.8084%,6,3126,3132,3015,1,5,111
0x140365b,99.8148%,6,3234,3240,3119,1,5,115
0x1404032,99.6296%,6,1614,1620,1559,1,5,55
0x14119a1,99.9794%,6,29154,29160,27538,2,4,1616
0x8f7124,99.8153%,6,3242,3248,3191,1,5,51
0x506dbe,95.5556%,6,129,135,129,1,5,0
0x14085ae,99.8084%,6,3126,3132,3015,1,5,111
0x8f7422,99.8153%,6,3242,3248,3191,1,5,51
0x1407bf9,99.8011%,6,3010,3016,2899,1,5,111
0x140689c,99.8084%,6,3126,3132,3015,1,5,111
0x8df019,94.4444%,6,102,108,102,2,4,0
0x1406a6f,99.8011%,6,3010,3016,2899,1,5,111
0x140a6f2,99.8011%,6,3010,3016,2898,2,4,112
0x1406579,99.9887%,6,53238,53244,50110,2,4,3128
0x93322b,99.9947%,6,113874,113880,112319,1,5,1555
0x140958f,99.9887%,6,53238,53244,50110,2,4,3128
0x93312f,99.6296%,6,1614,1620,1559,1,5,55
0x14084ee,99.9887%,6,53238,53244,50110,2,4,3128
0x529d01,99.9787%,6,28182,28188,26621,1,5,1561
0x1412105,99.9794%,6,29154,29160,27538,2,4,1616
0x92e31e,99.6296%,6,1614,1620,1559,1,5,55
0x14032e2,99.9897%,6,58314,58320,55079,1,5,3235
0x140aae0,99.9887%,6,53238,53244,50110,2,4,3128
0x507935,99.9234%,6,7824,7830,7539,1,5,285
0x506dff,40%,6,4,10,2,3,3,2
0x506fce,95.5556%,6,129,135,129,1,5,0
0x140984b,99.8084%,6,3126,3132,3015,1,5,111
0x1409f91,99.9887%,6,53238,53244,50111,1,5,3127
0x8df8a2,99.8532%,6,4082,4088,4031,1,5,51
0x1411e34,99.6429%,6,1674,1680,1619,1,5,55
0xf31830,98%,6,294,300,294,1,5,0
0x93695b,99.6357%,6,1641,1647,1585,1,5,56
0x8e062b,97.2727%,6,214,220,51,3,3,163
0x8dff3c,99.8153%,6,3242,3248,3191,1,5,51
0x8ded8a,95.3704%,5,103,108,102,2,3,1
0x140779a,99.9902%,5,51267,51272,48255,1,4,3012
0x1403817,98.9712%,5,481,486,431,1,4,50
0x1407e99,99.7465%,5,1967,1972,1854,2,3,113
0x52ac52,99.9829%,5,29155,29160,27538,2,3,1617
0x50898b,99.9383%,5,8095,8100,7799,1,4,296
0x51c87b,99.5483%,5,1102,1107,1065,1,4,37
0x1403a18,99.537%,5,1075,1080,959,1,4,116
0x140aced,99.8404%,5,3127,3132,3015,1,4,112
0x9300c1,99.9657%,5,14575,14580,12959,1,4,1616
0x5072ad,99.9493%,5,9850,9855,9719,1,4,131
0x14046e1,98.9712%,5,481,486,456,3,2,25
0x140a642,99.9902%,5,51267,51272,48255,1,4,3012
0x8df515,95.3704%,5,103,108,103,1,4,0
0x1669d14,86.1111%,5,31,36,9,4,1,22
0x8e9cf4,99.1681%,5,596,601,591,0,5,5
0x4f9b7c,99.9383%,5,8095,8100,7799,1,4,296
0x932c66,99.8874%,5,4435,4440,4379,1,4,56
0x166a367,61.5385%,5,8,13,5,3,2,3
0x9368e8,99.9831%,5,29641,29646,27998,1,4,1643
0x93013b,99.6914%,5,1615,1620,1559,1,4,56
0x936bfd,99.7024%,5,1675,1680,1619,1,4,56
0x931427,99.9359%,5,7795,7800,6239,1,4,1556
0x1411a3b,99.6914%,5,1615,1620,1559,1,4,56
0x14116bf,99.6964%,5,1642,1647,1585,1,4,57
0x14069a7,99.9902%,5,51267,51272,48255,1,4,3012
0x93219b,99.537%,5,1075,1080,1018,2,3,57
0x506f22,99.7942%,5,2425,2430,2294,1,4,131
0x140a4b6,99.9393%,5,8231,8236,8120,0,5,111
0x1406cc9,99.8404%,5,3127,3132,3015,1,4,112
0x1412180,99.6914%,5,1615,1620,1559,1,4,56
0x932f8f,99.9829%,5,29155,29160,27539,1,4,1616
0x1409b36,99.9977%,5,214131,214136,211120,0,5,3011
0x8f6d53,99.504%,5,1003,1008,951,1,4,52
0x9313b2,99.9964%,5,140395,140400,132598,2,3,7797
0x8fa5d4,99.6914%,5,1615,1620,1559,1,4,56
0x9314b4,99.9822%,5,28075,28080,26518,2,3,1557
0x506d02,99.7942%,5,2425,2430,2294,1,4,131
0x1403e94,99.9829%,5,29155,29160,27539,1,4,1616
0x92d06d,99.9829%,5,29155,29160,27539,1,4,1616
0xdead4f,72.2222%,5,13,18,9,0,5,4
0x529610,99.7428%,5,1939,1944,1915,2,3,24
0x51c6bd,99.8306%,5,2947,2952,2910,1,4,37
0x1669e96,86.6667%,4,26,30,23,1,3,3
0x8dfae7,92.8571%,4,52,56,52,2,2,0
0x14043e0,99.7531%,4,1616,1620,1560,0,4,56
0x936e7e,93.3333%,4,56,60,56,3,1,0
0x92f9fd,99.9726%,4,14576,14580,12958,2,2,1618
0x1411d33,99.9868%,4,30236,30240,28559,1,3,1677
0x930701,99.9973%,4,145796,145800,137700,0,4,8096
0x8e63fd,84%,4,21,25,21,2,2,0
0x140345e,96.6667%,4,116,120,116,2,2,0
0x50877d,99.9506%,4,8096,8100,7799,1,3,297
0x140a0b0,96.5517%,4,112,116,112,2,2,0
0x4f99a5,99.9817%,4,21896,21900,21600,0,4,296
0x51c7c5,99.9799%,4,19922,19926,18819,0,4,1103
0x50866c,99.9506%,4,8096,8100,7799,1,3,297
0xf30afd,99.997%,4,133106,133110,125279,1,3,7827
0x140620a,99.7972%,4,1968,1972,1856,0,4,112
0x92e24e,99.9863%,4,29156,29160,27539,1,3,1617
0x8fa561,99.9863%,4,29156,29160,27539,1,3,1617
0x1410b12,96.6667%,4,116,120,116,2,2,0
0x1409c0c,99.984%,4,25052,25056,21923,1,3,3129
0x140496d,99.2593%,4,536,540,479,1,3,57
0x14087ad,96.5517%,4,112,116,112,2,2,0
0x507a36,98.6441%,4,291,295,289,1,3,2
0x4f88c6,98.9041%,4,361,365,360,0,4,1
0x93082e,99.9863%,4,29156,29160,27539,1,3,1617
0x1406c1a,99.9925%,4,53240,53244,50112,0,4,3128
0x92f830,99.9863%,4,29156,29160,27539,1,3,1617
0xf310b2,99.9259%,4,5396,5400,5099,1,3,297
0x8f6923,99.6032%,4,1004,1008,952,0,4,52
0xf31305,99.9973%,4,145796,145800,137698,2,2,8098
0x8e032d,99.7323%,4,1490,1494,1327,1,3,163
0x1403686,96.6667%,4,116,120,116,2,2,0
0x14070b9,99.7972%,4,1968,1972,1855,1,3,113
0x8e85a2,84%,4,21,25,0,2,2,21
0x8e648f,84%,4,21,25,0,2,2,21
0x14126cb,99.2593%,4,536,540,479,1,3,57
0x932526,99.6357%,4,1094,1098,1036,1,3,58
0x140ad30,96.5517%,4,112,116,112,2,2,0
0x92d0fa,99.7531%,4,1616,1620,1559,1,3,57
0x930798,99.9506%,4,8096,8100,6479,1,3,1617
0x1409987,99.7972%,4,1968,1972,1855,1,3,113
0x1411621,99.9865%,4,29642,29646,27998,1,3,1644
0x52ab76,99.7531%,4,1616,1620,1558,2,2,58
0x5297c0,99.7942%,4,1940,1944,1917,0,4,23
0x901b67,96.7213%,4,118,122,118,2,2,0
0x14110b7,99.9863%,4,29156,29160,25919,1,3,3237
0x930e8f,99.9865%,4,29642,29646,27998,1,3,1644
0x52a9c9,99.7531%,4,1616,1620,0,0,4,1616
0x8e05ef,99.7992%,3,1491,1494,1328,0,3,163
0x506b3a,98.9831%,3,292,295,8,2,1,284
0x52a8f3,99.8148%,3,1617,1620,1560,0,3,57
0x1669e7b,93.75%,3,45,48,35,1,2,10
0x141115f,97.5%,3,117,120,117,1,2,0
0x8e7514,97.7941%,3,133,136,133,1,2,0
0x508539,99.963%,3,8097,8100,7800,0,3,297
0x8f7454,94.6429%,3,53,56,53,1,2,0
0x8e875a,94.4444%,3,51,54,51,1,2,0
0x9387fe,99.7222%,3,1077,1080,1019,1,2,58
0x8e00e6,25%,3,1,4,1,1,2,0
0x15d65bd,99.384%,3,484,487,0,0,3,484
0x162629c,99.9975%,3,118257,118260,0,0,3,118257
0x90ce21,99.4444%,3,537,540,479,1,2,58
0x936b87,99.9901%,3,30237,30240,28560,0,3,1677
0x506b9f,85%,3,17,20,13,2,1,4
0x8ead84,99.6429%,3,837,840,830,0,3,7
0x167441c,99.9951%,3,61048,61051,61048,3,0,0
0x14097c8,99.9681%,3,9393,9396,6262,2,1,3131
0x8dff51,94.6429%,3,53,56,53,1,2,0
0x1409c58,99.9863%,3,21921,21924,18791,1,2,3130
0x8f6e32,94.6429%,3,53,56,53,1,2,0
0x8f69f0,94.6429%,3,53,56,53,1,2,0
0x140387e,94.4444%,3,51,54,51,1,2,0
0x8df8b6,94.6429%,3,53,56,53,1,2,0
0x5293dd,99.3827%,3,483,486,458,1,2,25
0x52912c,99.3827%,3,483,486,459,0,3,24
0x166a1ee,96.6667%,3,87,90,54,2,1,33
0x1626290,99.9975%,3,118257,118260,0,0,3,118257
0x1403aa7,97.5%,3,117,120,117,1,2,0
0x1410aae,99.9074%,3,3237,3240,3120,0,3,117
0x8e73b0,88%,3,22,25,0,2,1,22
0x166a0dd,92.3077%,3,36,39,33,1,2,3
0x4f9ab6,99.9979%,3,145797,145800,137699,1,2,8098
0x8e9ee4,99.4455%,3,538,541,531,1,2,7
0x1406281,99.1379%,3,345,348,230,2,1,115
0x8e00bd,70%,3,7,10,6,2,1,1
0x150ede2,40%,3,2,5,2,2,1,0
0x8e6475,88%,3,22,25,1,1,2,21
0x50841c,99.963%,3,8097,8100,7799,1,2,298
0xf30b7a,99.9872%,3,23487,23490,15658,2,1,7829
0x8e7343,99.9935%,3,46495,46498,44794,2,1,1701
0x9394a1,99.7175%,3,1059,1062,1002,1,2,57
0x936e23,99.4444%,3,537,540,480,0,3,57
0x8e00da,62.5%,3,5,8,2,2,1,3
0x1409cf5,97.4138%,3,113,116,113,1,2,0
0x8eae95,96.4286%,3,81,84,81,2,1,0
0x1409a62,99.1379%,3,345,348,230,2,1,115
0x8e9274,70%,3,7,10,0,1,2,7
0x901b53,97.541%,3,119,122,0,0,3,119
0x140f650,96.4286%,3,81,84,81,1,2,0
0x8dfd20,94.6429%,3,53,56,53,1,2,0
0x14107cb,99.9074%,3,3237,3240,3237,3,0,0
0x8e9e34,96.6667%,2,58,60,58,1,1,0
0x150eb4f,60%,2,3,5,1,0,2,2
0x150dc16,60%,2,3,5,3,2,0,0
0x508613,99.6667%,2,598,600,299,1,1,299
0x1412729,96.6667%,2,58,60,58,1,1,0
0x8e9d85,80%,2,8,10,0,1,1,8
0x140736e,99.4253%,2,346,348,231,1,1,115
0x166a2f1,75%,2,6,8,6,2,0,0
0x8e003f,80%,2,8,10,8,2,0,0
0x939547,96.6102%,2,57,59,57,1,1,0
0x529eb1,96.6102%,2,57,59,57,1,1,0
0x140e1ea,99.9873%,2,15685,15687,13444,2,0,2241
0x92d38e,0%,2,0,2,0,1,1,0
0x15f3cbd,99.9983%,2,118258,118260,118258,2,0,0
0x15d65dd,99.5893%,2,485,487,0,0,2,485
0x529411,92.5926%,2,25,27,25,2,0,0
0x93076e,99.9877%,2,16198,16200,8099,1,1,8099
0x1669e5d,97.1831%,2,69,71,2,2,0,67
0x8e02e1,98.7952%,2,164,166,0,0,2,164
0x92e36f,96.6667%,2,58,60,58,1,1,0
0x162625a,99.9983%,2,118258,118260,118258,2,0,0
0x506bc8,86.6667%,2,13,15,9,1,1,4
0x16265dd,99.9983%,2,118258,118260,118258,2,0,0
0x50770f,99.322%,2,293,295,289,1,1,4
0x8eaddb,80%,2,8,10,0,1,1,8
0x5074b9,99.322%,2,293,295,0,0,2,293
0x529209,92.5926%,2,25,27,25,1,1,0
0x93262b,96.7213%,2,59,61,59,1,1,0
0x8e05a3,98.7952%,2,164,166,0,0,2,164
0x8df834,96.4286%,2,54,56,0,0,2,54
0x932219,98.3333%,2,118,120,59,1,1,59
0x937c13,88.8889%,2,16,18,16,1,1,0
0x9366de,96.6667%,2,58,60,58,1,1,0
0x936f78,96.6667%,2,58,60,58,1,1,0
0x1411703,96.7213%,2,59,61,59,1,1,0
0x8e925e,80%,2,8,10,0,1,1,8
0x937951,96.6102%,2,57,59,57,1,1,0
0x938878,96.6667%,2,58,60,58,1,1,0
0x1402d60,0%,2,0,2,0,1,1,0
0x140409e,96.6667%,2,58,60,58,1,1,0
0x8f714e,96.4286%,2,54,56,54,0,2,0
0x930943,96.6667%,2,58,60,58,1,1,0
0x8e9c0c,80%,2,8,10,0,0,2,8
0x508453,99.6667%,2,598,600,299,1,1,299
0x15d65b7,99.5893%,2,485,487,0,0,2,485
0x140acc4,99.9787%,2,9394,9396,6263,1,1,3131
0x508954,99.9918%,2,24298,24300,16199,1,1,8099
0x937a4a,88.8889%,2,16,18,16,1,1,0
0x5014b7,60%,2,3,5,3,2,0,0
0x9378d0,99.8117%,2,1060,1062,1003,0,2,57
0x8fa607,96.6667%,2,58,60,58,1,1,0
0x5087cf,99.6667%,2,598,600,299,1,1,299
0x1506d9e,0%,2,0,2,0,2,0,0
0x15086b0,0%,2,0,2,0,1,1,0
0x16262c7,99.9983%,2,118258,118260,0,0,2,118258
0x1411e71,96.6667%,2,58,60,58,1,1,0
0x930fa0,96.7213%,2,59,61,59,1,1,0
0x1626658,99.9983%,2,118258,118260,0,0,2,118258
0x1411a7c,96.6667%,2,58,60,58,1,1,0
0x52adb1,96.6667%,2,58,60,58,1,1,0
0x93667a,99.9383%,2,3238,3240,1619,1,1,1619
0x166a270,94.4444%,2,34,36,28,0,2,6
0x93226d,96.6667%,2,58,60,58,1,1,0
0x8f6656,0%,2,0,2,0,0,2,0
0x508566,99.6667%,2,598,600,300,0,2,298
0x14121d8,96.6667%,2,58,60,58,1,1,0
0x937039,96.6667%,2,58,60,58,1,1,0
0x1406a3e,99.9779%,2,9046,9048,6031,1,1,3015
0x92fb57,96.6667%,2,58,60,58,1,1,0
0x939668,88.8889%,2,16,18,16,1,1,0
0x140a006,99.9787%,2,9394,9396,6263,1,1,3131
0x140d204,96.5517%,2,56,58,56,1,1,0
0x9391d3,96.6667%,2,58,60,58,1,1,0
0x166a224,50%,2,2,4,0,0,2,2
0x51b486,97.2222%,2,70,72,70,1,1,0
0x1407b98,99.9779%,2,9046,9048,6031,1,1,3015
0x150edbc,60%,2,3,5,0,0,2,3
0x14043b6,99.8765%,2,1618,1620,0,0,2,1618
0x1404433,96.6667%,2,58,60,58,1,1,0
0x93681e,96.7213%,2,59,61,0,0,2,59
0x1402e46,96.7213%,2,59,61,0,0,2,59
0xf32c58,60%,2,3,5,3,2,0,0
0x9390f4,96.6667%,2,58,60,58,1,1,0
0x140a6a6,99.9779%,2,9046,9048,6031,1,1,3015
0x52a767,99.8765%,2,1618,1620,0,0,2,1618
0x150d4b2,60%,2,3,5,3,2,0,0
0x508369,99.6667%,1,299,300,0,0,1,299
0x8e03d4,90%,1,9,10,0,0,1,9
0x8e0676,90%,1,9,10,0,0,1,9
0x14f9f7e,0%,1,0,1,0,1,0,0
0x1515ff1,0%,1,0,1,0,1,0,0
0xa96d80,0%,1,0,1,0,1,0,0
0x1503c5b,50%,1,1,2,1,1,0,0
0x506be4,80%,1,4,5,4,1,0,0
0x5083cb,99.8333%,1,599,600,299,1,0,300
0x1508fc8,0%,1,0,1,0,1,0,0
0xf31054,99.6667%,1,299,300,0,0,1,299
0x14fa256,0%,1,0,1,0,1,0,0
0x14045d6,0%,1,0,1,0,0,1,0
0x4f972f,99.6667%,1,299,300,0,0,1,299
0x5237fd,0%,1,0,1,0,1,0,0
0x4f88d5,80%,1,4,5,4,1,0,0
0xf32b6e,80%,1,4,5,3,1,0,1
0x50835a,99.6667%,1,299,300,0,0,1,299
0x8e057b,99.3976%,1,165,166,0,0,1,165
0x14087cd,50%,1,1,2,0,0,1,1
0x939305,0%,1,0,1,0,0,1,0
0x15063e6,50%,1,1,2,1,1,0,0
0x1669fa7,66.6667%,1,2,3,2,1,0,0
0x1404cf3,50%,1,1,2,0,0,1,1
0x1668892,98.2456%,1,56,57,0,0,1,56
0x14fabe1,0%,1,0,1,0,1,0,0
0xb493d3,0%,1,0,1,0,1,0,0
0x529158,96.2963%,1,26,27,26,1,0,0
0x937930,98.3051%,1,58,59,0,0,1,58
0x1506e5b,50%,1,1,2,1,1,0,0
0x1503d66,50%,1,1,2,1,1,0,0
0x14faa75,0%,1,0,1,0,1,0,0
0xa9650e,0%,1,0,1,0,1,0,0
0x5083e9,99.6667%,1,299,300,0,0,1,299
0x5011c3,80%,1,4,5,4,1,0,0
0x1516dbc,0%,1,0,1,0,1,0,0
0x93265a,0%,1,0,1,0,0,1,0
0x14faa45,0%,1,0,1,0,1,0,0
0x1668832,98.2456%,1,56,57,0,0,1,56
0x501217,80%,1,4,5,0,0,1,4
0x93015f,98.3333%,1,59,60,59,0,1,0
0x166a2a5,87.5%,1,7,8,7,1,0,0
0x506baf,80%,1,4,5,4,1,0,0
0xf34aa0,0%,1,0,1,0,1,0,0
0x140e20a,99.9554%,1,2240,2241,2158,0,1,82
0x140783b,99.9668%,1,3015,3016,3015,1,0,0
0x166885b,98.2456%,1,56,57,0,0,1,56
0x92cff9,99.9383%,1,1619,1620,0,0,1,1619
0x1508ed3,0%,1,0,1,0,1,0,0
0x14f9f5e,0%,1,0,1,0,1,0,0
0x14fabb7,0%,1,0,1,0,1,0,0
0x14fa1b1,0%,1,0,1,0,1,0,0
0x14fa2e6,0%,1,0,1,0,1,0,0
0x14fa14a,0%,1,0,1,0,1,0,0
0x939858,94.4444%,1,17,18,17,0,1,0
0x140ab14,99.9681%,1,3131,3132,3131,1,0,0
0x506f85,99.2593%,1,134,135,0,0,1,134
0x92cfc8,99.9383%,1,1619,1620,1619,1,0,0
0x140e192,99.9944%,1,17927,17928,15687,0,1,2240
0x936c42,98.3333%,1,59,60,59,0,1,0
0x15139f1,0%,1,0,1,0,1,0,0
0x14fa3d6,0%,1,0,1,0,1,0,0
0x14083c4,99.1379%,1,115,116,0,0,1,115
0x529f6f,0%,1,0,1,0,0,1,0
0x1403766,50%,1,1,2,0,0,1,1
0x507186,80%,1,4,5,0,0,1,4
0x8fa56c,99.9383%,1,1619,1620,0,0,1,1619
0x150eacb,80%,1,4,5,4,1,0,0
0x5012e6,80%,1,4,5,0,0,1,4
0x140e10b,99.9554%,1,2240,2241,0,0,1,2240
0x5081dd,99.6667%,1,299,300,0,0,1,299
0x150796e,50%,1,1,2,1,1,0,0
0x14fa17c,0%,1,0,1,0,1,0,0
0x140a4c3,99.1379%,1,115,116,0,0,1,115
0xad6e2d,50%,1,1,2,1,1,0,0
0x14fa376,0%,1,0,1,0,1,0,0
0x140477a,96.2963%,1,26,27,26,0,1,0
0x4f81ba,80%,1,4,5,4,1,0,0
0x501234,80%,1,4,5,4,1,0,0
0x140bef4,99.9929%,1,14093,14094,12528,0,1,1565
0x936e2f,98.3333%,1,59,60,59,1,0,0
0x8e650c,96%,1,24,25,24,1,0,0
0x1508f73,0%,1,0,1,0,1,0,0
0x90cc88,0%,1,0,1,0,0,1,0
0x8df644,50%,1,1,2,1,1,0,0
0x50869e,99.8333%,1,599,600,299,1,0,300
0x8f6556,50%,1,1,2,0,0,1,1
0x14f9ffe,0%,1,0,1,0,1,0,0
0x5086b3,99.6667%,1,299,300,0,0,1,299
0x8e02bb,99.3976%,1,165,166,0,0,1,165
0x14fa077,0%,1,0,1,0,1,0,0
0x14fa04d,0%,1,0,1,0,1,0,0
0x14fa0b4,0%,1,0,1,0,1,0,0
0x15044e8,50%,1,1,2,1,1,0,0
0x150eab1,80%,1,4,5,4,1,0,0
0x508468,99.6667%,1,299,300,0,0,1,299
0x9392fc,0%,1,0,1,0,0,1,0
0x14fa0ee,0%,1,0,1,0,1,0,0
0x9390fd,0%,1,0,1,0,0,1,0
0xa5f89f,0%,1,0,1,0,1,0,0
0x1503e86,50%,1,1,2,1,1,0,0
0x9369a6,0%,1,0,1,0,0,1,0
0x15138a7,0%,1,0,1,0,1,0,0
0x14faad9,0%,1,0,1,0,1,0,0
0x150dc70,80%,1,4,5,4,1,0,0
0x1411a17,99.9691%,1,3239,3240,1619,1,0,1620
0x15064d6,50%,1,1,2,1,1,0,0
0x1626307,99.9992%,1,118259,118260,118259,1,0,0
0x15078fa,50%,1,1,2,1,1,0,0
0x52a7b7,98.3333%,1,59,60,0,0,1,59
0x52a937,98.3333%,1,59,60,0,0,1,59
0x140358f,99.9691%,1,3239,3240,3239,1,0,0
0x4f7e0e,80%,1,4,5,4,1,0,0
0x150dec8,80%,1,4,5,4,1,0,0
0x52aa2f,98.3333%,1,59,60,0,0,1,59
0x8eade9,0%,1,0,1,0,0,1,0
0xad61c2,50%,1,1,2,1,1,0,0
0x1504e6e,50%,1,1,2,1,1,0,0
0x1508f03,0%,1,0,1,0,1,0,0
0x1504e91,50%,1,1,2,1,1,0,0
0x8e874f,99.9746%,1,3941,3942,3888,0,1,53
0x1668f06,94.4444%,1,17,18,0,0,1,17
0x52ac04,99.9383%,1,1619,1620,0,0,1,1619
0xf2e8a9,80%,1,4,5,4,1,0,0
0x51a7d7,0%,1,0,1,0,1,0,0
0x1411e8b,0%,1,0,1,0,0,1,0
0x529c76,99.9361%,1,1565,1566,0,0,1,1565
0x528d6b,98.2456%,1,56,57,1,1,0,55
0x1516909,0%,1,0,1,0,1,0,0
0x93333e,98.3333%,1,59,60,59,0,1,0
0x1510260,0%,1,0,1,0,1,0,0
0xa5c2f8,0%,1,0,1,0,1,0,0
0x1403259,99.9691%,1,3239,3240,0,0,1,3239
0x529280,50%,1,1,2,1,0,1,0
0x52929b,0%,1,0,1,0,0,1,0
0x150885f,0%,1,0,1,0,1,0,0
0x529326,96.2963%,1,26,27,0,0,1,26
0x528d5e,98.3051%,1,58,59,2,0,1,56
0x1505968,50%,1,1,2,1,1,0,0
0xad23f5,50%,1,1,2,1,1,0,0
0x5294af,96.2963%,1,26,27,26,0,1,0
0x1410596,50%,1,1,2,0,0,1,1
0x936bd9,99.9405%,1,1679,1680,0,0,1,1679
0x1412695,98.3333%,1,59,60,0,0,1,59
0x1504e27,50%,1,1,2,1,1,0,0
0x14049fe,98.3333%,1,59,60,59,0,1,0
0x1509b81,0%,1,0,1,0,1,0,0
0x51a9d9,0%,1,0,1,0,1,0,0
0x51ac29,0%,1,0,1,0,1,0,0
0x8df043,75%,1,3,4,0,0,1,3
0xf309e8,80%,1,4,5,0,0,1,4
0x529f07,0%,1,0,1,0,0,1,0
0x936d03,0%,1,0,1,0,0,1,0
0x930bcf,98.3607%,1,60,61,0,0,1,60
0x150eae5,80%,1,4,5,4,1,0,0
0x936fa5,0%,1,0,1,0,1,0,0
0x151793b,0%,1,0,1,0,1,0,0
0x1507254,50%,1,1,2,1,1,0,0
0x51b40e,0%,1,0,1,0,0,1,0
0x4f85b4,80%,1,4,5,4,1,0,0
0x930cc7,99.9393%,1,1646,1647,0,0,1,1646
0x14fa6f9,0%,1,0,1,0,0,1,0
0x930d8d,99.9879%,1,8234,8235,0,0,1,8234
0x51c6e1,97.561%,1,40,41,0,0,1,40
0x51c7d5,99.9097%,1,1106,1107,1106,1,0,0
0x151825f,0%,1,0,1,0,1,0,0
0x15186ec,0%,1,0,1,0,1,0,0
0x1504eb6,50%,1,1,2,1,1,0,0
0x1513a57,0%,1,0,1,0,1,0,0
0x46f6f4,99.9383%,1,1619,1620,0,0,1,1619
0x1505312,50%,1,1,2,1,1,0,0
0x1504e54,50%,1,1,2,1,1,0,0
0x937b0c,0%,1,0,1,0,0,1,0
0x166a2c6,87.5%,1,7,8,0,0,1,7
0x8dfd7e,50%,1,1,2,0,0,1,1
0x1404cf8,50%,1,1,2,1,1,0,0
0x8df036,75%,1,3,4,0,0,1,3
0x14fb289,0%,1,0,1,0,1,0,0
0x9378e1,98.3051%,1,58,59,0,0,1,58
0x90cebf,98.3333%,1,59,60,59,0,1,0
0x939337,0%,1,0,1,0,0,1,0
0x528d8f,98.1818%,1,54,55,0,0,1,54
0x15090f0,0%,1,0,1,0,1,0,0
0xf31deb,80%,1,4,5,4,1,0,0
0x1411059,99.9691%,1,3239,3240,0,0,1,3239
0x9312f7,99.9359%,1,1559,1560,0,0,1,1559
0x51a678,0%,1,0,1,0,1,0,0
0x1402f16,98.3607%,1,60,61,60,0,1,0
0x523753,0%,1,0,1,0,0,1,0
0x901cc3,99.9977%,1,42699,42700,0,0,1,42699
0x1403147,99.1667%,1,119,120,0,0,1,119
0x932540,98.3607%,1,60,61,0,0,1,60
0xf30953,99.9877%,1,8099,8100,0,0,1,8099
0x901c7d,99.9344%,1,1524,1525,0,0,1,1524
0xb3fb45,0%,1,0,1,0,1,0,0
0xb762d5,0%,1,0,1,0,1,0,0
0x1668968,98.0769%,1,51,52,22,0,1,29
0xb3e86b,0%,1,0,1,0,1,0,0
0x15091a6,0%,1,0,1,0,1,0,0
0xacef05,0%,1,0,1,0,1,0,0
0x1516fc0,0%,1,0,1,0,1,0,0
0x150c914,0%,1,0,1,0,0,1,0
0x1513902,0%,1,0,1,0,1,0,0
0x140ad69,50%,1,1,2,0,0,1,1
0x528fc2,75%,1,3,4,2,1,0,1
0x150be89,0%,1,0,1,0,1,0,0
0x166acd9,87.5%,1,7,8,0,0,1,7
0x1406aff,99.9681%,1,3131,3132,3131,1,0,0
0x1409eee,99.9681%,1,3131,3132,0,0,1,3131
0x1669e36,98.5915%,1,70,71,0,0,1,70
0x8df68f,50%,1,1,2,1,1,0,0
0x1504f70,50%,1,1,2,1,1,0,0
0x166a2fb,87.5%,1,7,8,7,1,0,0
0x1408505,99.9681%,1,3131,3132,0,0,1,3131
0x14fab7a,0%,1,0,1,0,1,0,0
0x14fadbb,0%,1,0,1,0,1,0,0
0x1503d36,50%,1,1,2,1,1,0,0
0x14fafb4,0%,1,0,1,0,1,0,0
0x1404348,99.9383%,1,1619,1620,0,0,1,1619
0x150722a,50%,1,1,2,1,1,0,0
0x14fbdd4,0%,1,0,1,0,0,1,0
0x14fa406,0%,1,0,1,0,1,0,0
0x92e0ff,98.3333%,1,59,60,0,0,1,59
0xf313d8,99.6667%,1,299,300,299,1,0,0
0x901ae2,50%,1,1,2,0,0,1,1
0x52376d,0%,1,0,1,0,1,0,0
0x1408a63,50%,1,1,2,1,1,0,0
0x1503c2b,50%,1,1,2,1,1,0,0
0x15138c1,0%,1,0,1,0,1,0,0
0x52981f,98.3051%,1,58,59,58,1,0,0
0x1505008,50%,1,1,2,1,1,0,0
0x1509206,0%,1,0,1,0,1,0,0
0x92d126,98.3333%,1,59,60,59,0,1,0
0x51c8e9,97.561%,1,40,41,40,1,0,0
0x1408a55,50%,1,1,2,1,1,0,0
0x1509028,0%,1,0,1,0,1,0,0
0x166a3d4,95.6522%,1,22,23,0,0,1,22
0x1508ffe,0%,1,0,1,0,1,0,0
0x1508f3e,0%,1,0,1,0,1,0,0
0x1508e81,0%,1,0,1,0,1,0,0
0x529257,66.6667%,1,2,3,1,1,0,1
0x529267,0%,1,0,1,0,1,0,0
0x529637,96.2963%,1,26,27,26,0,1,0
0x1504ee3,50%,1,1,2,1,1,0,0
0x51b495,0%,1,0,1,0,1,0,0
0x150a91c,0%,1,0,1,0,1,0,0
0x528fe1,0%,1,0,1,0,0,1,0
0x8e0224,90%,1,9,10,0,0,1,9
0x14faaaf,0%,1,0,1,0,1,0,0
0x16263a0,99.9992%,1,118259,118260,118259,1,0,0
0x523814,0%,1,0,1,0,0,1,0
0x52391b,0%,1,0,1,0,0,1,0
0x150a908,0%,1,0,1,0,0,1,0
0x14fa1cb,0%,1,0,1,0,1,0,0
0x1509e27,0%,1,0,1,0,1,0,0
0x15064ab,50%,1,1,2,1,1,0,0
0x14038db,50%,1,1,2,0,0,1,1
0x1509e13,0%,1,0,1,0,0,1,0
0x1506e85,50%,1,1,2,1,1,0,0
0x5290c8,96.2963%,1,26,27,0,0,1,26
0x140a5da,99.9668%,1,3015,3016,0,0,1,3015
0x1508259,50%,1,1,2,1,1,0,0
0x15092fe,0%,1,0,1,0,1,0,0
0x1515f2e,0%,1,0,1,0,1,0,0
0x1509266,0%,1,0,1,0,1,0,0
0x8f653c,50%,1,1,2,0,0,1,1
0x1505d63,50%,1,1,2,0,0,1,1
0x15174c4,0%,1,0,1,0,1,0,0
0x1406849,99.9894%,1,9395,9396,6264,0,1,3131
0x92e1b4,99.9383%,1,1619,1620,0,0,1,1619
0x14065cf,99.9681%,1,3131,3132,3131,1,0,0
0x14062d3,99.9681%,1,3131,3132,0,0,1,3131
0x1406218,99.1379%,1,115,116,0,0,1,115
0x8e9502,90%,1,9,10,9,1,0,0
0x140360b,99.9691%,1,3239,3240,0,0,1,3239
0x1404d28,50%,1,1,2,1,1,0,0
0xae928d,0%,1,0,1,0,1,0,0
0x933373,0%,1,0,1,0,0,1,0
0x50786c,99.9872%,1,7829,7830,0,0,1,7829
0xad08f5,0%,1,0,1,0,1,0,0
0x150503a,50%,1,1,2,1,1,0,0
0xb75625,0%,1,0,1,0,1,0,0
0x150eb3c,80%,1,4,5,0,0,1,4
0x150eb1a,80%,1,4,5,4,1,0,0
0x1508670,50%,1,1,2,1,1,0,0
0x930891,99.9691%,1,3239,3240,1619,1,0,1620
0x140ad41,50%,1,1,2,0,0,1,1
0x1403a23,99.1667%,1,119,120,0,0,1,119
0x15d8001,99.8428%,1,635,636,0,0,1,635
0x1503f46,50%,1,1,2,1,1,0,0
0x14081e3,99.1379%,1,115,116,0,0,1,115
0x150edf7,0%,1,0,1,0,1,0,0
0x1407c0e,99.1379%,1,115,116,0,0,1,115
0x1515f95,0%,1,0,1,0,1,0,0
0x8f7073,98.2143%,1,55,56,0,0,1,55
0x1515fc7,0%,1,0,1,0,1,0,0
0x1508ebe,0%,1,0,1,0,1,0,0
0x8df3de,75%,1,3,4,3,1,0,0
0x1509176,0%,1,0,1,0,1,0,0
0x151668f,0%,1,0,1,0,1,0,0
0x8df066,75%,1,3,4,0,0,1,3
0x1406c94,99.9894%,1,9395,9396,6264,0,1,3131
0x9321b8,98.3333%,1,59,60,0,0,1,59
0x1503c7e,50%,1,1,2,1,1,0,0
0x1515eda,0%,1,0,1,0,1,0,0
0xae8622,0%,1,0,1,0,1,0,0
0x1409316,99.9681%,1,3131,3132,0,0,1,3131
0x501169,80%,1,4,5,0,0,1,4
0x8eaf45,99.8677%,1,755,756,747,0,1,8
0x16688f5,98.2456%,1,56,57,4,1,0,52
0xf30d96,99.9877%,1,8099,8100,0,0,1,8099
0xf30d53,99.9877%,1,8099,8100,0,0,1,8099
0x14fa466,0%,1,0,1,0,1,0,0
0x1504f18,50%,1,1,2,1,1,0,0
0x936998,98.3607%,1,60,61,60,0,1,0
0x1503e56,50%,1,1,2,1,1,0,0
0x14080ab,99.7126%,1,347,348,232,0,1,115
0x8e9f57,90%,1,9,10,9,1,0,0
0x51c3fa,97.619%,1,41,42,0,0,1,41
0xf30b19,99.9872%,1,7829,7830,0,0,1,7829
0x1410938,99.9983%,1,58319,58320,55080,0,1,3239
0x15063b6,50%,1,1,2,1,1,0,0
0x166a1f7,97.0588%,1,33,34,23,0,1,10
0x15042b2,50%,1,1,2,1,1,0,0
0x1504f3b,50%,1,1,2,1,1,0,0
0x1411d44,99.9405%,1,1679,1680,0,0,1,1679
0x14f941a,0%,1,0,1,0,1,0,0
0x15066f0,50%,1,1,2,1,1,0,0
0x15152a4,0%,1,0,1,0,1,0,0
0x1506476,50%,1,1,2,1,1,0,0
0xf31166,99.6667%,1,299,300,0,0,1,299
0x14f93f8,0%,1,0,1,0,1,0,0
0x1674495,99.9984%,1,61050,61051,0,0,1,61050
0x1410e9a,50%,1,1,2,0,0,1,1
0x1508082,50%,1,1,2,1,1,0,0
0x15d65ca,99.7947%,1,486,487,0,0,1,486
0x1503bde,50%,1,1,2,1,1,0,0
0x14f94de,0%,1,0,1,0,1,0,0
0x14f95e5,0%,1,0,1,0,1,0,0
0x1668f14,94.4444%,1,17,18,0,0,1,17
0x9313bd,99.9872%,1,7799,7800,0,0,1,7799
0x1515f04,0%,1,0,1,0,1,0,0
0x523742,0%,1,0,1,0,0,1,0
0x931f6e,0%,1,0,1,0,0,1,0
0x90cdb8,98.3333%,1,59,60,0,0,1,59
0x15046f5,50%,1,1,2,1,1,0,0
0xb768c2,0%,1,0,1,0,1,0,0
0x15078d0,50%,1,1,2,1,1,0,0
0xb75c12,0%,1,0,1,0,1,0,0
0x92fa4a,99.9383%,1,1619,1620,0,0,1,1619
0x1507927,50%,1,1,2,1,1,0,0
0x1513956,0%,1,0,1,0,1,0,0
0x52a70f,98.3333%,1,59,60,0,0,1,59
0x1506ef7,50%,1,1,2,1,1,0,0
0x8f6ca0,98.2143%,1,55,56,0,0,1,55
0x936b49,99.9405%,1,1679,1680,0,0,1,1679
0x1508692,50%,1,1,2,0,0,1,1
0x8f6a70,50%,1,1,2,0,0,1,1
0xb53821,50%,1,1,2,1,1,0,0
0x15f3cfe,99.9992%,1,118259,118260,118259,1,0,0
0x150de46,80%,1,4,5,4,1,0,0
0x51b3e4,0%,1,0,1,0,0,1,0
0x8e7643,99.9977%,1,42825,42826,41259,1,0,1566
0x1626320,99.9992%,1,118259,118260,118259,1,0,0
0x16262fb,99.9992%,1,118259,118260,0,0,1,118259
0x140ad53,50%,1,1,2,0,0,1,1
0x93070c,99.9877%,1,8099,8100,0,0,1,8099
0x50120d,80%,1,4,5,0,0,1,4
0x1513aad,0%,1,0,1,0,0,1,0
0x8dfe79,50%,1,1,2,0,0,1,1
0x8dfd49,50%,1,1,2,0,0,1,1
0x150c931,0%,1,0,1,0,1,0,0
0xac0f42,0%,1,0,1,0,1,0,0
0x151769a,0%,1,0,1,0,0,1,0
0x1513a35,0%,1,0,1,0,1,0,0
0x1506ec2,50%,1,1,2,1,1,0,0
0x1513a13,0%,1,0,1,0,1,0,0
0x937b29,0%,1,0,1,0,1,0,0
0x1404281,99.9383%,1,1619,1620,1619,1,0,0
0x8df6bb,50%,1,1,2,0,0,1,1
0x151392c,0%,1,0,1,0,1,0,0
0x15138e3,0%,1,0,1,0,1,0,0
0x508203,99.9877%,1,8099,8100,0,0,1,8099
0x8df6a2,50%,1,1,2,1,1,0,0
0x1508f8b,0%,1,0,1,0,1,0,0
0x93888c,0%,1,0,1,0,1,0,0
0x162664d,99.9992%,1,118259,118260,0,0,1,118259
0x1402d7b,0%,1,0,1,0,0,1,0
0x1506536,50%,1,1,2,1,1,0,0
0x1516664,80%,1,4,5,4,0,1,0
0x9302fe,0%,1,0,1,0,0,1,0
0x1517dcd,0%,1,0,1,0,1,0,0
0x162626e,99.9992%,1,118259,118260,0,0,1,118259
0x92f886,99.9383%,1,1619,1620,1619,1,0,0
0x92f71b,99.9383%,1,1619,1620,1619,1,0,0
0x162624d,99.9992%,1,118259,118260,118259,1,0,0
0x92f5ef,98.3333%,1,59,60,0,0,1,59
0x1506315,50%,1,1,2,1,1,0,0
0x150576b,50%,1,1,2,1,1,0,0
0x92e16a,99.9383%,1,1619,1620,1619,1,0,0
0xf30c76,80%,1,4,5,0,0,1,4
0x8f6545,50%,1,1,2,0,0,1,1
0x15062f0,50%,1,1,2,1,1,0,0
0x92d35f,94.4444%,1,17,18,17,0,1,0
0x150911a,0%,1,0,1,0,1,0,0
0x8f67a3,50%,1,1,2,0,0,1,1
0x16262b4,99.9992%,1,118259,118260,0,0,1,118259
0x1403ac1,50%,1,1,2,1,0,1,0
0x166ac2b,87.5%,1,7,8,0,0,1,7
0x8e71d7,96%,1,24,25,0,0,1,24
0x150eda2,75%,1,3,4,3,1,0,0
0x8f7483,50%,1,1,2,0,0,1,1
0x939925,0%,1,0,1,0,0,1,0
0x8df90e,50%,1,1,2,0,0,1,1
0x14039c7,99.1667%,1,119,120,0,0,1,119
0x1505d26,50%,1,1,2,1,1,0,0
0x1626373,99.9992%,1,118259,118260,118259,1,0,0
0x8df9f1,50%,1,1,2,0,0,1,1
0x14fa436,0%,1,0,1,0,1,0,0
0x14120ae,99.9383%,1,1619,1620,0,0,1,1619
0x1403496,50%,1,1,2,0,0,1,1
0xb52130,50%,1,1,2,1,1,0,0
0x151387a,0%,1,0,1,0,1,0,0
0x15d7f83,99.7947%,1,486,487,0,0,1,486
0x15075ad,50%,1,1,2,1,1,0,0
0x930e9a,99.9393%,1,1646,1647,0,0,1,1646
0x150905a,0%,1,0,1,0,1,0,0
0x51c701,99.9097%,1,1106,1107,0,0,1,1106
0x150dbee,80%,1,4,5,4,1,0,0
0x1513ac5,0%,1,0,1,0,1,0,0
0x8e07f3,99.3976%,1,165,166,0,0,1,165
0xf31023,99.6667%,1,299,300,0,0,1,299
0x150ea97,80%,1,4,5,4,1,0,0
0x529f4f,0%,1,0,1,0,0,1,0
0x5297e7,96.2963%,1,26,27,26,0,1,0
0xf2e834,80%,1,4,5,0,0,1,4
0x150923e,0%,1,0,1,0,1,0,0
0x150dbb6,80%,1,4,5,4,1,0,0
0x14038ac,50%,1,1,2,0,0,1,1
0x14126d7,98.3333%,1,59,60,0,0,1,59
0x5237ad,0%,1,0,1,0,1,0,0
0x507724,99.6552%,1,289,290,289,1,0,0
0x931478,99.9359%,1,1559,1560,0,0,1,1559
0x936635,99.9383%,1,1619,1620,0,0,1,1619
0x1404806,0%,1,0,1,0,0,1,0
0x1503d96,50%,1,1,2,1,1,0,0
0x939116,0%,1,0,1,0,1,0,0
0x150dc9e,80%,1,4,5,4,1,0,0
0x150471f,50%,1,1,2,1,1,0,0
0x151398b,0%,1,0,1,0,1,0,0
0x150dedf,80%,1,4,5,4,1,0,0
0xb54f60,0%,1,0,1,0,1,0,0
0x90ce2c,98.3333%,1,59,60,0,0,1,59
0x8e0972,90%,1,9,10,0,0,1,9
0x150908c,0%,1,0,1,0,1,0,0
0x14fab48,0%,1,0,1,0,1,0,0
0x1668933,96.6667%,1,29,30,0,0,1,29
0x1503c0b,50%,1,1,2,1,1,0,0
0x9314bf,99.9359%,1,1559,1560,0,0,1,1559
0x15052f5,50%,1,1,2,0,0,1,1
0x501183,80%,1,4,5,4,1,0,0
0x1506596,50%,1,1,2,1,1,0,0
0x150db30,80%,1,4,5,4,1,0,0
0x4f99d9,99.6667%,1,299,300,0,0,1,299
0x9315c3,98.3333%,1,59,60,59,0,1,0
0xf32b5b,80%,1,4,5,0,0,1,4
0x1668729,98.2456%,1,56,57,0,0,1,56
0x166c39a,98.2456%,1,56,57,0,0,1,56
0x52a593,99.9383%,1,1619,1620,0,0,1,1619
0x1406c4b,99.9681%,1,3131,3132,0,0,1,3131
0xf32b14,80%,1,4,5,0,0,1,4
0xf30856,80%,1,4,5,0,0,1,4
0x140420f,98.3333%,1,59,60,0,0,1,59
0x93879d,98.3333%,1,59,60,0,0,1,59
0x1506e36,50%,1,1,2,1,1,0,0
0x939762,0%,1,0,1,0,1,0,0
0x931506,99.9359%,1,1559,1560,0,0,1,1559
0xf32b24,80%,1,4,5,0,0,1,4
0xf332a9,80%,1,4,5,0,0,1,4
0x140f84b,50%,1,1,2,0,0,1,1
0xb74f62,0%,1,0,1,0,1,0,0
0x4f99eb,99.9877%,1,8099,8100,0,0,1,8099
0x166a466,95.6522%,1,22,23,1,0,1,21
0x4f9a19,99.9877%,1,8099,8100,0,0,1,8099
0xdead83,88.8889%,1,8,9,8,1,0,0
0x529bc7,98.3051%,1,58,59,0,1,0,58
0x1516b6e,0%,1,0,1,0,1,0,0
0xf2e95c,80%,1,4,5,4,1,0,0
0x140856f,99.9894%,1,9395,9396,6264,0,1,3131
0xf32b32,80%,1,4,5,4,1,0,0
0x150db6e,80%,1,4,5,4,1,0,0
0x150dde6,80%,1,4,5,4,1,0,0
0x1403646,99.9691%,1,3239,3240,0,0,1,3239
0x1626284,100%,0,118260,118260,0,0,0,118260
0x5088d2,100%,0,8100,8100,0,0,0,8100
0xf30a35,100%,0,290,290,0,0,0,290
0x8df8ec,100%,0,2,2,0,0,0,2
0x14073a3,100%,0,116,116,0,0,0,116
0x141163e,100%,0,1647,1647,0,0,0,1647
0x1411698,100%,0,1647,1647,0,0,0,1647
0x508874,100%,0,8100,8100,0,0,0,8100
0x14125cf,100%,0,1,1,0,0,0,1
0x50880d,100%,0,300,300,0,0,0,300
0x14faa1b,100%,0,1,1,1,0,0,0
0x8e85b1,100%,0,2,2,0,0,0,2
0x8fa3a8,100%,0,1,1,0,0,0,1
0x9305e2,100%,0,1620,1620,0,0,0,1620
0x932dcf,100%,0,1620,1620,0,0,0,1620
0x1411cac,100%,0,1680,1680,0,0,0,1680
0x938812,100%,0,60,60,60,0,0,0
0x15050c3,100%,0,2,2,2,0,0,0
0x508836,100%,0,8100,8100,0,0,0,8100
0x93337d,100%,0,1,1,0,0,0,1
0x92f92b,100%,0,1620,1620,0,0,0,1620
0x8e9d8a,100%,0,9,9,9,0,0,0
0x1411e09,100%,0,1680,1680,0,0,0,1680
0xdeb102,100%,0,9,9,0,0,0,9
0x90ce7b,100%,0,60,60,0,0,0,60
0xdead5e,100%,0,9,9,0,0,0,9
0x140e1a3,100%,0,2241,2241,0,0,0,2241
0x8df08c,100%,0,4,4,0,0,0,4
0x15170df,100%,0,1,1,0,0,0,1
0x1412084,100%,0,1620,1620,0,0,0,1620
0x939799,100%,0,1,1,0,0,0,1
0x1411732,100%,0,1,1,0,0,0,1
0x162623c,100%,0,118260,118260,0,0,0,118260
0x166891d,100%,0,30,30,0,0,0,30
0x8fa5ba,100%,0,1620,1620,0,0,0,1620
0x1411c7c,100%,0,1680,1680,0,0,0,1680
0x92d331,100%,0,1,1,0,0,0,1
0x16262a8,100%,0,118260,118260,0,0,0,118260
0x140e6fe,100%,0,2241,2241,2241,0,0,0
0x1515456,100%,0,1,1,0,0,0,1
0x1669c05,100%,0,57,57,57,0,0,0
0x936477,100%,0,1,1,0,0,0,1
0x14119be,100%,0,1620,1620,0,0,0,1620
0x1515f60,100%,0,1,1,1,0,0,0
0x8fa48e,100%,0,60,60,0,0,0,60
0x141191c,100%,0,1620,1620,0,0,0,1620
0x933361,100%,0,1,1,0,0,0,1
0x936ea7,100%,0,1,1,0,0,0,1
0x14049ce,100%,0,60,60,0,0,0,60
0x1410ea4,100%,0,2,2,0,0,0,2
0x92fe8e,100%,0,1,1,0,0,0,1
0x936cfa,100%,0,1,1,0,0,0,1
0x140618b,100%,0,116,116,0,0,0,116
0x9309ad,100%,0,1,1,0,0,0,1
0x936dc8,100%,0,60,60,0,0,0,60
0x92dfa6,100%,0,1,1,0,0,0,1
0x4f9748,100%,0,7200,7200,0,0,0,7200
0xdea6de,100%,0,18,18,18,0,0,0
0x506ea6,100%,0,135,135,0,0,0,135
0x93945c,100%,0,59,59,0,0,0,59
0x8df1f3,100%,0,108,108,0,0,0,108
0xb73cc5,100%,0,1,1,1,0,0,0
0x166a3e8,100%,0,23,23,23,0,0,0
0x15174b1,100%,0,1,1,0,0,0,1
0x140cb5d,100%,0,1508,1508,1450,0,0,58
0x15d7fb2,100%,0,487,487,0,0,0,487
0x14046ef,100%,0,27,27,0,0,0,27
0x52ac66,100%,0,1620,1620,1620,0,0,0
0x140468c,100%,0,27,27,0,0,0,27
0x930dde,100%,0,8235,8235,0,0,0,8235
0xb478d0,100%,0,1,1,1,0,0,0
0x936b95,100%,0,1680,1680,0,0,0,1680
0x4f98f2,100%,0,300,300,0,0,0,300
0x1513a78,100%,0,1,1,0,0,0,1
0x939863,100%,0,1,1,0,0,0,1
0x140f66d,100%,0,2,2,2,0,0,0
0x51bebb,100%,0,1,1,0,0,0,1
0x939679,100%,0,1,1,0,0,0,1
0x14047ee,100%,0,1,1,0,0,0,1
0x140492e,100%,0,60,60,0,0,0,60
0x9325d9,100%,0,61,61,0,0,0,61
0x1404978,100%,0,60,60,0,0,0,60
0x15139cf,100%,0,1,1,1,0,0,0
0x14049ba,100%,0,60,60,0,0,0,60
0x5237e0,100%,0,1,1,0,0,0,1
0x8df190,100%,0,4,4,0,0,0,4
0x8e73ff,100%,0,2,2,0,0,0,2
0x15f3cb5,100%,0,118260,118260,0,0,0,118260
0x930839,100%,0,1620,1620,0,0,0,1620
0xf30cb9,100%,0,300,300,0,0,0,300
0x14095b3,100%,0,3132,3132,0,0,0,3132
0x140e330,100%,0,249,249,166,0,0,83
0x937c1e,100%,0,1,1,0,0,0,1
0x162679b,100%,0,118260,118260,0,0,0,118260
0x93931b,100%,0,1,1,0,0,0,1
0x937b5a,100%,0,1,1,0,0,0,1
0x141152d,100%,0,61,61,0,0,0,61
0x4f89a8,100%,0,5,5,0,0,0,5
0x4f7fe5,100%,0,5,5,5,0,0,0
0x92d0f3,100%,0,1620,1620,0,0,0,1620
0x1507a86,100%,0,2,2,2,0,0,0
0x9307d7,100%,0,1620,1620,0,0,0,1620
0x1626633,100%,0,118260,118260,0,0,0,118260
0x1411592,100%,0,1647,1647,0,0,0,1647
0x937965,100%,0,1,1,0,0,0,1
0x8df2b4,100%,0,4,4,0,0,0,4
0x9395a4,100%,0,1,1,0,0,0,1
0x14f9f9e,100%,0,1,1,1,0,0,0
0x9306ac,100%,0,8100,8100,0,0,0,8100
0x93777d,100%,0,1,1,0,0,0,1
0x9377ac,100%,0,1,1,0,0,0,1
0x4f8829,100%,0,5,5,0,0,0,5
0x92fa0b,100%,0,1620,1620,0,0,0,1620
0x140b1f6,100%,0,1,1,1,0,0,0
0x8fa517,100%,0,1620,1620,0,0,0,1620
0x4f83ec,100%,0,5,5,5,0,0,0
0x9379ad,100%,0,1,1,0,0,0,1
0x1505b47,100%,0,2,2,2,0,0,0
0x140cdd9,100%,0,28188,28188,26622,0,0,1566
0x937a55,100%,0,1,1,0,0,0,1
0x937af8,100%,0,1,1,0,0,0,1
0x4f8984,100%,0,5,5,0,0,0,5
0x166acbf,100%,0,8,8,0,0,0,8
0x166a27a,100%,0,8,8,0,0,0,8
0x150e6d7,100%,0,5,5,0,0,0,5
0x166a29a,100%,0,8,8,0,0,0,8
0xb74975,100%,0,1,1,1,0,0,0
0x8e00d6,100%,0,8,8,0,0,0,8
0xf3114a,100%,0,300,300,0,0,0,300
0x9365c9,100%,0,1620,1620,0,0,0,1620
0x166a2d0,100%,0,8,8,0,0,0,8
0xf310bd,100%,0,300,300,0,0,0,300
0xf31270,100%,0,8100,8100,0,0,0,8100
0x150e6f1,100%,0,5,5,0,0,0,5
0x150638e,100%,0,2,2,2,0,0,0
0x1668733,100%,0,57,57,0,0,0,57
0x93214a,100%,0,60,60,0,0,0,60
0x166a374,100%,0,5,5,5,0,0,0
0x166acce,100%,0,8,8,0,0,0,8
0x939437,100%,0,59,59,0,0,0,59
0x9324b5,100%,0,61,61,0,0,0,61
0x51abe5,100%,0,1,1,1,0,0,0
0x1668d54,100%,0,5,5,5,0,0,0
0x8deba8,100%,0,4,4,0,0,0,4
0x150de76,100%,0,5,5,5,0,0,0
0xf319d3,100%,0,5,5,0,0,0,5
0x8deb83,100%,0,4,4,0,0,0,4
0x150dea6,100%,0,5,5,5,0,0,0
0x150eb2e,100%,0,5,5,0,0,0,5
0x150d4d4,100%,0,5,5,0,0,0,5
0x1407c1f,100%,0,116,116,0,0,0,116
0x15086d2,100%,0,1,1,0,0,0,1
0x506b63,100%,0,275,275,275,0,0,0
0x1412716,100%,0,60,60,0,0,0,60
0x8dfb17,100%,0,2,2,0,0,0,2
0x14fab16,100%,0,1,1,1,0,0,0
0x8e6d07,100%,0,25,25,25,0,0,0
0xf31387,100%,0,8100,8100,0,0,0,8100
0xf3131b,100%,0,8100,8100,0,0,0,8100
0xf3129e,100%,0,8100,8100,0,0,0,8100
0x1668884,100%,0,57,57,0,0,0,57
0x9394b8,100%,0,59,59,0,0,0,59
0x140f467,100%,0,2246,2246,0,0,0,2246
0xf30cd1,100%,0,8100,8100,0,0,0,8100
0x5011e8,100%,0,5,5,0,0,0,5
0x501206,100%,0,5,5,5,0,0,0
0x939561,100%,0,1,1,0,0,0,1
0x151642f,100%,0,1,1,0,0,0,1
0x507806,100%,0,7830,7830,0,0,0,7830
0x932490,100%,0,61,61,0,0,0,61
0x507058,100%,0,135,135,0,0,0,135
0x90ce9b,100%,0,60,60,0,0,0,60
0x939744,100%,0,1,1,0,0,0,1
0x506c76,100%,0,135,135,0,0,0,135
0x506d75,100%,0,135,135,0,0,0,135
0x9386b1,100%,0,1,1,0,0,0,1
0x151761b,100%,0,1,1,0,0,0,1
0x14fa120,100%,0,1,1,1,0,0,0
0x529370,100%,0,27,27,0,0,0,27
0x140b089,100%,0,1,1,1,0,0,0
0x4f7e67,100%,0,5,5,0,0,0,5
0xf30e31,100%,0,5,5,0,0,0,5
0x166bd37,100%,0,57,57,0,0,0,57
0x140f4b6,100%,0,6738,6738,4492,0,0,2246
0x1626639,100%,0,118260,118260,0,0,0,118260
0xf2e884,100%,0,5,5,0,0,0,5
0x507360,100%,0,7425,7425,0,0,0,7425
0x140e9dd,100%,0,83,83,0,0,0,83
0x9387bf,100%,0,60,60,0,0,0,60
0x5078f2,100%,0,7830,7830,0,0,0,7830
0x150dd26,100%,0,5,5,5,0,0,0
0x50115f,100%,0,5,5,0,0,0,5
0x931457,100%,0,1560,1560,0,0,0,1560
0xf30cf8,100%,0,8100,8100,0,0,0,8100
0x507a59,100%,0,5,5,0,0,0,5
0x50119f,100%,0,5,5,0,0,0,5
0xf2febf,100%,0,5,5,0,0,0,5
0x5011a9,100%,0,5,5,0,0,0,5
0x150931e,100%,0,1,1,1,0,0,0
0x8df53b,100%,0,4,4,0,0,0,4
0x14098c8,100%,0,116,116,0,0,0,116
0x140c0b8,100%,0,58,58,0,0,0,58
0x92f973,100%,0,1620,1620,0,0,0,1620
0x1511a87,100%,0,1,1,1,0,0,0
0x92f79b,100%,0,1620,1620,0,0,0,1620
0x15090be,100%,0,1,1,1,0,0,0
0x150914f,100%,0,1,1,1,0,0,0
0x8dec6f,100%,0,4,4,0,0,0,4
0x150dc3b,100%,0,5,5,5,0,0,0
0x15d6558,100%,0,487,487,487,0,0,0
0x1506656,100%,0,2,2,2,0,0,0
0x931358,100%,0,7800,7800,0,0,0,7800
0x8df708,100%,0,2,2,0,0,0,2
0x1507954,100%,0,2,2,2,0,0,0
0x8df484,100%,0,108,108,0,0,0,108
0x8dfc48,100%,0,2,2,0,0,0,2
0x9302e1,100%,0,1,1,0,0,0,1
0x1509b6b,100%,0,1,1,0,0,0,1
0x50859e,100%,0,300,300,0,0,0,300
0x8e8551,100%,0,25,25,0,0,0,25
0x1408a99,100%,0,2,2,2,0,0,0
0x150508e,100%,0,2,2,2,0,0,0
0x92f3a5,100%,0,1,1,0,0,0,1
0x1412119,100%,0,1620,1620,0,0,0,1620
0x92f390,100%,0,1,1,0,0,0,1
0x92e25d,100%,0,1620,1620,0,0,0,1620
0x1507996,100%,0,2,2,2,0,0,0
0x5085ad,100%,0,300,300,0,0,0,300
0x507ae2,100%,0,5,5,0,0,0,5
0x1505146,100%,0,2,2,2,0,0,0
0x14f9f3e,100%,0,1,1,1,0,0,0
0x16689b2,100%,0,5,5,5,0,0,0
0x14068af,100%,0,116,116,0,0,0,116
0x141267b,100%,0,60,60,0,0,0,60
0x1508e2f,100%,0,1,1,1,0,0,0
0x1508e5c,100%,0,1,1,1,0,0,0
0x92d367,100%,0,1,1,0,0,0,1
0x8dece4,100%,0,108,108,0,0,0,108
0x14069b6,100%,0,3016,3016,0,0,0,3016
0xf34a5e,100%,0,1,1,0,0,0,1
0x150dd86,100%,0,5,5,5,0,0,0
0x8dedc0,100%,0,4,4,0,0,0,4
0x150b3c8,100%,0,1,1,0,0,0,1
0x150b3dc,100%,0,1,1,1,0,0,0
0x529076,100%,0,27,27,0,0,0,27
0x150ddb6,100%,0,5,5,5,0,0,0
0x150be75,100%,0,1,1,0,0,0,1
0x932c09,100%,0,60,60,0,0,0,60
0x92f9a3,100%,0,1620,1620,0,0,0,1620
0x1403822,100%,0,54,54,0,0,0,54
0x1505176,100%,0,2,2,2,0,0,0
0x16262ef,100%,0,118260,118260,0,0,0,118260
0x1517684,100%,0,1,1,0,0,0,1
0x140f839,100%,0,2,2,0,0,0,2
0x150de16,100%,0,5,5,5,0,0,0
0x8e6482,100%,0,23,23,23,0,0,0
0x932e31,100%,0,1620,1620,0,0,0,1620
0x506e1a,100%,0,5,5,0,0,0,5
0x150dcf6,100%,0,5,5,5,0,0,0
0x140e2cb,100%,0,83,83,0,0,0,83
0x1516fad,100%,0,1,1,0,0,0,1
0x1509e0a,100%,0,1,1,0,0,0,1
0x936ab9,100%,0,60,60,0,0,0,60
0x90cdd7,100%,0,60,60,0,0,0,60
0x150dd56,100%,0,5,5,5,0,0,0
0x8def68,100%,0,108,108,0,0,0,108
0x8df6e2,100%,0,2,2,0,0,0,2
0x93869c,100%,0,1,1,0,0,0,1
0x506f40,100%,0,135,135,0,0,0,135
0x507172,100%,0,5,5,0,0,0,5
0x8dee98,100%,0,4,4,4,0,0,0
0x936b2a,100%,0,1680,1680,0,0,0,1680
0x151767b,100%,0,1,1,0,0,0,1
0x931342,100%,0,1560,1560,0,0,0,1560
0x140b22a,100%,0,1,1,1,0,0,0
0x1505236,100%,0,2,2,2,0,0,0
0x8e06b8,100%,0,10,10,0,0,0,10
0x140628d,100%,0,116,116,0,0,0,116
0x1411947,100%,0,1620,1620,0,0,0,1620
0x14113a2,100%,0,1,1,0,0,0,1
0x8e7362,100%,0,25,25,0,0,0,25
0x8e0692,100%,0,10,10,0,0,0,10
0x14061bb,100%,0,116,116,0,0,0,116
0x1505266,100%,0,2,2,2,0,0,0
0x8f65b2,100%,0,2,2,2,0,0,0
0x8dfb0e,100%,0,2,2,0,0,0,2
0x8e71e5,100%,0,25,25,25,0,0,0
0x14068c3,100%,0,3016,3016,0,0,0,3016
0x140691e,100%,0,3016,3016,0,0,0,3016
0xf31885,100%,0,5,5,0,0,0,5
0x1406bd2,100%,0,3132,3132,0,0,0,3132
0x8f693b,100%,0,56,56,0,0,0,56
0x141215f,100%,0,1620,1620,0,0,0,1620
0x1406d6e,100%,0,116,116,0,0,0,116
0x8dfb5d,100%,0,2,2,0,0,0,2
0x8e087c,100%,0,10,10,0,0,0,10
0x1408436,100%,0,3132,3132,0,0,0,3132
0x140afd7,100%,0,1,1,0,0,0,1
0x1506dc6,100%,0,2,2,2,0,0,0
0x8e0338,100%,0,166,166,0,0,0,166
0x8e8563,100%,0,25,25,25,0,0,0
0x166a1e6,100%,0,56,56,0,0,0,56
0x140f3b8,100%,0,83,83,0,0,0,83
0x1407484,100%,0,3016,3016,0,0,0,3016
0x1508513,100%,0,2,2,2,0,0,0
0x1506d5e,100%,0,2,2,2,0,0,0
0x1503eb6,100%,0,2,2,2,0,0,0
0x92fe7c,100%,0,1,1,0,0,0,1
0x8e0891,100%,0,10,10,0,0,0,10
0x8e0667,100%,0,10,10,0,0,0,10
0xb742b2,100%,0,1,1,1,0,0,0
0xf318a8,100%,0,5,5,0,0,0,5
0x506cb2,100%,0,135,135,0,0,0,135
0x140b1d1,100%,0,1,1,1,0,0,0
0x1506416,100%,0,2,2,2,0,0,0
0x9322a2,100%,0,1,1,1,0,0,0
0x1403a68,100%,0,120,120,0,0,0,120
0x140c955,100%,0,1508,1508,0,0,0,1508
0x1506446,100%,0,2,2,2,0,0,0
0x8f71af,100%,0,2,2,0,0,0,2
0x1506506,100%,0,2,2,2,0,0,0
0x14048cb,100%,0,60,60,0,0,0,60
0x8dedae,100%,0,4,4,0,0,0,4
0x1506566,100%,0,2,2,2,0,0,0
0x14047d0,100%,0,1,1,0,0,0,1
0x8e79f4,100%,0,25,25,25,0,0,0
0x1402e97,100%,0,1708,1708,0,0,0,1708
0x14032fd,100%,0,3240,3240,0,0,0,3240
0x1503dc6,100%,0,2,2,2,0,0,0
0x8e858e,100%,0,25,25,0,0,0,25
0x14037d7,100%,0,54,54,0,0,0,54
0x5077d6,100%,0,7830,7830,0,0,0,7830
0x1407cc7,100%,0,116,116,0,0,0,116
0x15066c2,100%,0,2,2,0,0,0,2
0x1407f0f,100%,0,116,116,0,0,0,116
0x140a466,100%,0,116,116,0,0,0,116
0x8eae9f,100%,0,9,9,0,0,0,9
0x1406a8f,100%,0,116,116,0,0,0,116
0x1408247,100%,0,116,116,116,0,0,0
0x8e6499,100%,0,23,23,23,0,0,0
0x1408487,100%,0,3132,3132,0,0,0,3132
0x1503fd5,100%,0,2,2,0,0,0,2
0x14087bb,100%,0,2,2,0,0,0,2
0x14087f8,100%,0,2,2,0,0,0,2
0x1409382,100%,0,3132,3132,0,0,0,3132
0x930d12,100%,0,1647,1647,0,0,0,1647
0x140cdf9,100%,0,1566,1566,1566,0,0,0
0x1404ddc,100%,0,2,2,0,0,0,2
0x1506346,100%,0,2,2,2,0,0,0
0x140cb77,100%,0,58,58,0,0,0,58
0x8e013f,100%,0,10,10,0,0,0,10
0x506ed6,100%,0,135,135,0,0,0,135
0xdeb112,100%,0,18,18,18,0,0,0
0x15d6552,100%,0,487,487,0,0,0,487
0x166c3bc,100%,0,57,57,57,0,0,0
0x5071e8,100%,0,135,135,0,0,0,135
0x140e9bf,100%,0,83,83,0,0,0,83
0x140d0d9,100%,0,1566,1566,1508,0,0,58
0x140bf5a,100%,0,1566,1566,1508,0,0,58
0x150c91d,100%,0,1,1,0,0,0,1
0x1669ca3,100%,0,17,17,0,0,0,17
0x5012b3,100%,0,5,5,0,0,0,5
0x8e09d3,100%,0,166,166,0,0,0,166
0x166873d,100%,0,57,57,0,0,0,57
0x150dcc6,100%,0,5,5,5,0,0,0
0x8e871b,100%,0,54,54,0,0,0,54
0x1404747,100%,0,27,27,0,0,0,27
0x140cf2c,100%,0,1566,1566,1508,0,0,58
0x8e7215,100%,0,25,25,0,0,0,25
0x166bd5c,100%,0,57,57,0,0,0,57
0x1669e08,100%,0,67,67,0,0,0,67
0x166c3a3,100%,0,57,57,0,0,0,57
0x140b13d,100%,0,1,1,0,0,0,1
0x166883e,100%,0,57,57,57,0,0,0
0x140635b,100%,0,3132,3132,0,0,0,3132
0x15051a6,100%,0,2,2,2,0,0,0
0x166aea7,100%,0,23,23,0,0,0,23
0x52967a,100%,0,1,1,0,0,0,1
0x140e9a6,100%,0,2241,2241,2158,0,0,83
0x1404d8b,100%,0,2,2,0,0,0,2
0x1403866,100%,0,54,54,0,0,0,54
0x1503e26,100%,0,2,2,2,0,0,0
0x15d653a,100%,0,487,487,0,0,0,487
0x1668c6e,100%,0,57,57,0,0,0,57
0xf308df,100%,0,300,300,0,0,0,300
0x140e0ec,100%,0,83,83,0,0,0,83
0x15d65ea,100%,0,487,487,0,0,0,487
0x1503cd6,100%,0,2,2,2,0,0,0
0x1409ad6,100%,0,3016,3016,0,0,0,3016
0x1668755,100%,0,57,57,57,0,0,0
0x1409c1b,100%,0,3132,3132,0,0,0,3132
0x166a2e7,100%,0,8,8,0,0,0,8
0x140c03c,100%,0,58,58,58,0,0,0
0x166ae91,100%,0,23,23,0,0,0,23
0x93655e,100%,0,60,60,0,0,0,60
0x140cab8,100%,0,1508,1508,1508,0,0,0
0x140e6ce,100%,0,38097,38097,35856,0,0,2241
0x166a0a6,100%,0,36,36,36,0,0,0
0x1503fa6,100%,0,2,2,2,0,0,0
0x8e85a7,100%,0,23,23,23,0,0,0
0x1507cdb,100%,0,2,2,0,0,0,2
0x140b16e,100%,0,1,1,0,0,0,1
0x8df655,100%,0,2,2,0,0,0,2
0x140815a,100%,0,116,116,0,0,0,116
0x15050e6,100%,0,2,2,2,0,0,0
0x8e05fa,100%,0,166,166,0,0,0,166
0x8e8354,100%,0,25,25,0,0,0,25
0x1668c7a,100%,0,57,57,0,0,0,57
0x8e011a,100%,0,10,10,0,0,0,10
0xdea681,100%,0,9,9,9,0,0,0
0x1505752,100%,0,2,2,0,0,0,2
0xac46df,100%,0,1,1,1,0,0,0
0x4f91e8,100%,0,5,5,0,0,0,5
0x932c90,100%,0,60,60,0,0,0,60
0x14118be,100%,0,60,60,0,0,0,60
0x1668c9a,100%,0,57,57,0,0,0,57
0x14fa226,100%,0,1,1,1,0,0,0
0x15139ad,100%,0,1,1,1,0,0,0
0x1669cc9,100%,0,17,17,17,0,0,0
0x14f98f0,100%,0,1,1,0,0,0,1
0x1517155,100%,0,1,1,0,0,0,1
0x9378a0,100%,0,59,59,0,0,0,59
0x523855,100%,0,1,1,0,0,0,1
0x930e52,100%,0,1647,1647,0,0,0,1647
0x930ef1,100%,0,1647,1647,0,0,0,1647
0x930fcc,100%,0,1,1,0,0,0,1
0x9311ff,100%,0,60,60,0,0,0,60
0x93140e,100%,0,7800,7800,0,0,0,7800
0x931c9a,100%,0,1,1,0,0,0,1
0x92ff28,100%,0,1,1,0,0,0,1
0x92fffe,100%,0,60,60,0,0,0,60
0x930058,100%,0,1620,1620,0,0,0,1620
0x930e2e,100%,0,1647,1647,0,0,0,1647
0x930077,100%,0,1620,1620,0,0,0,1620
0x9300cc,100%,0,1620,1620,0,0,0,1620
0x93011b,100%,0,1620,1620,0,0,0,1620
0x92ce9a,100%,0,1,1,0,0,0,1
0x92cf8e,100%,0,60,60,0,0,0,60
0x14f9fc6,100%,0,1,1,1,0,0,0
0x14fa023,100%,0,1,1,1,0,0,0
0x14fa200,100%,0,1,1,1,0,0,0
0x8e9d41,100%,0,10,10,0,0,0,10
0x150b3bf,100%,0,1,1,0,0,0,1
0x1669e29,100%,0,71,71,0,0,0,71
0x8e9be0,100%,0,10,10,10,0,0,0
0x140b109,100%,0,1,1,0,0,0,1
0x8e9c4b,100%,0,10,10,0,0,0,10
0x15052c6,100%,0,2,2,2,0,0,0
0x8e9d03,100%,0,10,10,0,0,0,10
0x8e9d11,100%,0,10,10,10,0,0,0
0x14fa286,100%,0,1,1,1,0,0,0
0x1506626,100%,0,2,2,2,0,0,0
0x8ea202,100%,0,10,10,10,0,0,0
0x15134dc,100%,0,1,1,0,0,0,1
0x8ea750,100%,0,10,10,10,0,0,0
0x8eada6,100%,0,10,10,10,0,0,0
0x8eade0,100%,0,9,9,9,0,0,0
0x15083b6,100%,0,2,2,2,0,0,0
0x140efe5,100%,0,2158,2158,2075,0,0,83
0x52abb1,100%,0,60,60,0,0,0,60
0x525775,100%,0,1,1,1,0,0,0
0x529bd4,100%,0,58,58,0,0,0,58
0x529cac,100%,0,1566,1566,0,0,0,1566
0x529d15,100%,0,1566,1566,1566,0,0,0
0x528e26,100%,0,1485,1485,0,0,0,1485
0x52a58a,100%,0,60,60,0,0,0,60
0x52a724,100%,0,60,60,0,0,0,60
0x52a90b,100%,0,60,60,0,0,0,60
0x5238fb,100%,0,1,1,0,0,0,1
0x52abd1,100%,0,1620,1620,0,0,0,1620
0x51a9d1,100%,0,1,1,0,0,0,1
0x51ac5c,100%,0,1,1,1,0,0,0
0x51b01c,100%,0,1,1,1,0,0,0
0x51b3b8,100%,0,1,1,0,0,0,1
0x51c407,100%,0,999,999,0,0,0,999
0x51c5a7,100%,0,41,41,0,0,0,41
0x51c73b,100%,0,1107,1107,0,0,0,1107
0xb67a00,100%,0,1,1,1,0,0,0
0x14fa2b6,100%,0,1,1,1,0,0,0
0x529536,100%,0,27,27,0,0,0,27
0x14fa316,100%,0,1,1,1,0,0,0
0x14fa346,100%,0,1,1,1,0,0,0
0x14fa3a6,100%,0,1,1,1,0,0,0
0x14fa496,100%,0,1,1,1,0,0,0
0x5296e6,100%,0,27,27,0,0,0,27
0x14fa4c5,100%,0,1,1,0,0,0,1
0x93868f,100%,0,1,1,0,0,0,1
0xb6a731,100%,0,1,1,1,0,0,0
0x8e9d92,100%,0,1,1,0,0,0,1
0x14faf8d,100%,0,1,1,1,0,0,0
0x14fb27b,100%,0,1,1,0,0,0,1
0x523782,100%,0,1,1,0,0,0,1
0x5237cf,100%,0,1,1,0,0,0,1
0x523803,100%,0,1,1,0,0,0,1
0x52388c,100%,0,1,1,0,0,0,1
0x1669d03,100%,0,36,36,0,0,0,36
0x523831,100%,0,1,1,1,0,0,0
0x1411038,100%,0,3240,3240,0,0,0,3240
0x8fa4a4,100%,0,60,60,0,0,0,60
0x8f6a52,100%,0,2,2,0,0,0,2
0x140b14f,100%,0,1,1,1,0,0,0
0x140eafe,100%,0,5893,5893,5810,0,0,83
0x8f6cd6,100%,0,56,56,0,0,0,56
0x8f6dff,100%,0,56,56,0,0,0,56
0x8f6fd8,100%,0,2,2,0,0,0,2
0x8f69bf,100%,0,56,56,0,0,0,56
0x8f717a,100%,0,2,2,0,0,0,2
0x140e34b,100%,0,83,83,0,0,0,83
0x8f719a,100%,0,2,2,0,0,0,2
0x150db4e,100%,0,5,5,5,0,0,0
0x150730b,100%,0,2,2,2,0,0,0
0x52a954,100%,0,60,60,0,0,0,60
0x14105b1,100%,0,2,2,0,0,0,2
0x1509296,100%,0,1,1,1,0,0,0
0x8e9bd6,100%,0,10,10,0,0,0,10
0x8e927e,100%,0,9,9,9,0,0,0
0x14038ca,100%,0,2,2,0,0,0,2
0x14039e4,100%,0,120,120,0,0,0,120
0x1403a7c,100%,0,120,120,0,0,0,120
0x150ed88,100%,0,4,4,4,0,0,0
0x1406ce5,100%,0,116,116,0,0,0,116
0x1506e06,100%,0,2,2,2,0,0,0
0x8f6870,100%,0,56,56,0,0,0,56
0x16688aa,100%,0,57,57,57,0,0,0
0x1412066,100%,0,60,60,0,0,0,60
0x1506fd9,100%,0,2,2,2,0,0,0
0x1506ff5,100%,0,2,2,0,0,0,2
0x8f6534,100%,0,2,2,2,0,0,0
0x8f65d6,100%,0,2,2,2,0,0,0
0x8f6630,100%,0,2,2,0,0,0,2
0x8f6e7f,100%,0,2,2,0,0,0,2
0x166bd97,100%,0,57,57,0,0,0,57
0x8e7ea4,100%,0,25,25,25,0,0,0
0x8e64ca,100%,0,25,25,25,0,0,0
0x8eaccc,100%,0,10,10,0,0,0,10
0x936939,100%,0,1647,1647,0,0,0,1647
0x507ab7,100%,0,5,5,0,0,0,5
0x8e731b,100%,0,1702,1702,0,0,0,1702
0x8e7370,100%,0,25,25,25,0,0,0
0x150698a,100%,0,2,2,0,0,0,2
0x8e73a0,100%,0,25,25,0,0,0,25
0x8e64b6,100%,0,25,25,25,0,0,0
0x8e835d,100%,0,25,25,0,0,0,25
0x8e850b,100%,0,683,683,0,0,0,683
0x140c32a,100%,0,28188,28188,26622,0,0,1566
0x8e855a,100%,0,25,25,0,0,0,25
0x8e8765,100%,0,23,23,0,0,0,23
0x8e922a,100%,0,10,10,10,0,0,0
0x8e9268,100%,0,9,9,9,0,0,0
0x8e92b1,100%,0,10,10,10,0,0,0
0x8dfca3,100%,0,56,56,0,0,0,56
0x8e682f,100%,0,25,25,25,0,0,0
0x140369a,100%,0,2,2,0,0,0,2
0x140ef2b,100%,0,36686,36686,34528,0,0,2158
0x8e0861,100%,0,10,10,0,0,0,10
0x8eadd2,100%,0,10,10,0,0,0,10
0x936f7f,100%,0,1,1,0,0,0,1
0x8df7cf,100%,0,2,2,0,0,0,2
0x8df8da,100%,0,2,2,0,0,0,2
0x8e8391,100%,0,25,25,0,0,0,25
0x1507a56,100%,0,2,2,2,0,0,0
0x8e83a6,100%,0,25,25,0,0,0,25
0x1411117,100%,0,3240,3240,0,0,0,3240
0x9330c0,100%,0,1620,1620,0,0,0,1620
0x8e88bb,100%,0,629,629,0,0,0,629
0x140ef5e,100%,0,2158,2158,0,0,0,2158
0x9305fb,100%,0,1620,1620,0,0,0,1620
0x1507a26,100%,0,2,2,2,0,0,0
0x4f9ac5,100%,0,8100,8100,0,0,0,8100
0x523793,100%,0,1,1,0,0,0,1
0x9368f9,100%,0,1647,1647,0,0,0,1647
0x140923e,100%,0,116,116,0,0,0,116
0x1409278,100%,0,116,116,0,0,0,116
0x90cd5e,100%,0,60,60,0,0,0,60
0x1668953,100%,0,52,52,0,0,0,52
0x8f72bb,100%,0,2,2,0,0,0,2
0x1504fce,100%,0,2,2,2,0,0,0
0x15065f6,100%,0,2,2,2,0,0,0
0x1411e9a,100%,0,1,1,0,0,0,1
0x14107af,100%,0,120,120,0,0,0,120
0x166a43c,100%,0,23,23,0,0,0,23
0x932fae,100%,0,1620,1620,0,0,0,1620
0x156b801,100%,0,34,34,0,0,0,34
0x166a3de,100%,0,23,23,23,0,0,0
0x8f6d6c,100%,0,56,56,0,0,0,56
0x166a39b,100%,0,23,23,0,0,0,23
0x166bda0,100%,0,57,57,0,0,0,57
0x8f6a40,100%,0,2,2,0,0,0,2
0x1411c19,100%,0,60,60,0,0,0,60
0x1409bcb,100%,0,3132,3132,0,0,0,3132
0x529666,100%,0,1,1,0,0,0,1
0x141101d,100%,0,120,120,0,0,0,120
0x15051d6,100%,0,2,2,2,0,0,0
0x140cc31,100%,0,1566,1566,0,0,0,1566
0x8ead92,100%,0,10,10,0,0,0,10
0x1409b9e,100%,0,3132,3132,0,0,0,3132
0x8eac8c,100%,0,10,10,0,0,0,10
0x151715e,100%,0,1,1,0,0,0,1
0x8e7503,100%,0,3672,3672,3536,0,0,136
0x1409b7f,100%,0,116,116,0,0,0,116
0x16689a5,100%,0,5,5,0,0,0,5
0x1669ea8,100%,0,6,6,0,0,0,6
0x8eacd5,100%,0,10,10,0,0,0,10
0x8e724d,100%,0,25,25,0,0,0,25
0x51a6d9,100%,0,1,1,0,0,0,1
0x8f6ecf,100%,0,2,2,0,0,0,2
0x8dfb37,100%,0,2,2,0,0,0,2
0x4f9b61,100%,0,8100,8100,0,0,0,8100
0x140c543,100%,0,58,58,0,0,0,58
0x166bd7c,100%,0,57,57,57,0,0,0
0x1403d4f,100%,0,1620,1620,0,0,0,1620
0x1506d3b,100%,0,2,2,2,0,0,0
0x166bd73,100%,0,57,57,0,0,0,57
0x1409a84,100%,0,116,116,0,0,0,116
0x8e754b,100%,0,23,23,0,0,0,23
0x8e8366,100%,0,25,25,25,0,0,0
0x140eb0b,100%,0,83,83,83,0,0,0
0xf31896,100%,0,5,5,0,0,0,5
0x156b80f,100%,0,34,34,34,0,0,0
0x92dfb6,100%,0,1,1,0,0,0,1
0x8e03b7,100%,0,10,10,0,0,0,10
0x140b212,100%,0,1,1,1,0,0,0
0x1668913,100%,0,30,30,0,0,0,30
0x8f6bd3,100%,0,2,2,0,0,0,2
0x1669efd,100%,0,18,18,0,0,0,18
0x8e73b4,100%,0,23,23,23,0,0,0
0x1669f83,100%,0,18,18,0,0,0,18
0x92e304,100%,0,1620,1620,0,0,0,1620
0x166a3bf,100%,0,23,23,0,0,0,23
0xf30a75,100%,0,7830,7830,0,0,0,7830
0x93334f,100%,0,1,1,0,0,0,1
0x140ee0b,100%,0,83,83,0,0,0,83
0x9331c8,100%,0,1560,1560,0,0,0,1560
0x936d11,100%,0,1,1,0,0,0,1
0x140e227,100%,0,83,83,0,0,0,83
0x901bad,100%,0,25,25,0,0,0,25
0x1406ade,100%,0,3132,3132,0,0,0,3132
0x166bda5,100%,0,57,57,0,0,0,57
0x93314d,100%,0,60,60,0,0,0,60
0x166bd8b,100%,0,57,57,0,0,0,57
0x4f899e,100%,0,5,5,0,0,0,5
0x140a703,100%,0,116,116,0,0,0,116
0x93670a,100%,0,1,1,0,0,0,1
0x150369a,100%,0,1,1,0,0,0,1
0x140caa1,100%,0,27144,27144,25636,0,0,1508
0x140c8e8,100%,0,58,58,0,0,0,58
0x936889,100%,0,1647,1647,0,0,0,1647
0x140c64b,100%,0,58,58,58,0,0,0
0x140c63e,100%,0,4176,4176,4118,0,0,58
0x140c523,100%,0,58,58,0,0,0,58
0x140c35c,100%,0,1566,1566,1566,0,0,0
0x140cc8b,100%,0,1566,1566,0,0,0,1566
0x1408168,100%,0,3132,3132,0,0,0,3132
0x140c182,100%,0,1566,1566,0,0,0,1566
0x140c141,100%,0,1566,1566,0,0,0,1566
0x140bf86,100%,0,58,58,0,0,0,58
0x140bf08,100%,0,1566,1566,1566,0,0,0
0x8e74db,100%,0,136,136,0,0,0,136
0x92d07c,100%,0,1620,1620,0,0,0,1620
0x140be55,100%,0,58,58,0,0,0,58
0x1403c34,100%,0,60,60,0,0,0,60
0x140465f,100%,0,27,27,0,0,0,27
0x166a157,100%,0,5,5,5,0,0,0
0x14040e7,100%,0,1,1,0,0,0,1
0x14040c7,100%,0,1,1,0,0,0,1
0x1403fcb,100%,0,1620,1620,0,0,0,1620
0x93211d,100%,0,60,60,0,0,0,60
0x1403eb8,100%,0,1620,1620,0,0,0,1620
0x1403d81,100%,0,1620,1620,0,0,0,1620
0x166a0e9,100%,0,5,5,5,0,0,0
0x1403ae8,100%,0,1,1,0,0,0,1
0x1409f30,100%,0,3132,3132,0,0,0,3132
0x140d220,100%,0,1,1,0,0,0,1
0x140d030,100%,0,28188,28188,26622,0,0,1566
0x140cfe7,100%,0,1566,1566,0,0,0,1566
0x140cfa6,100%,0,1566,1566,0,0,0,1566
0x140cf81,100%,0,58,58,0,0,0,58
0x8f68a2,100%,0,56,56,0,0,0,56
0x140a58e,100%,0,3016,3016,0,0,0,3016
0x8e761b,100%,0,1566,1566,0,0,0,1566
0x140be9c,100%,0,1566,1566,0,0,0,1566
0x1669eb1,100%,0,6,6,0,0,0,6
0x166c3b3,100%,0,57,57,0,0,0,57
0x939512,100%,0,59,59,0,0,0,59
0x9307fb,100%,0,1620,1620,0,0,0,1620
0x140a660,100%,0,3016,3016,0,0,0,3016
0x150400a,100%,0,2,2,2,0,0,0
0x1408ac8,100%,0,2,2,0,0,0,2
0x14110c6,100%,0,3240,3240,0,0,0,3240
0x8dff7e,100%,0,2,2,0,0,0,2
0x15d65d0,100%,0,487,487,0,0,0,487
0x1506f86,100%,0,2,2,2,0,0,0
0x92d30a,100%,0,1,1,0,0,0,1
0x140b11a,100%,0,1,1,1,0,0,0
0x8ead9c,100%,0,10,10,0,0,0,10
0x1409ed2,100%,0,116,116,0,0,0,116
0x1503ee6,100%,0,2,2,2,0,0,0
0x140b294,100%,0,1,1,0,0,0,1
0x140c9a9,100%,0,1508,1508,0,0,0,1508
0x140b255,100%,0,1,1,1,0,0,0
0x140b1af,100%,0,1,1,0,0,0,1
0x140b189,100%,0,1,1,1,0,0,0
0x1409877,100%,0,116,116,0,0,0,116
0x140b178,100%,0,1,1,0,0,0,1
0x150be6c,100%,0,1,1,0,0,0,1
0x166bd4b,100%,0,57,57,57,0,0,0
0x1505296,100%,0,2,2,2,0,0,0
0x930d49,100%,0,8235,8235,0,0,0,8235
0x16688a0,100%,0,57,57,0,0,0,57
0x8df2e9,100%,0,4,4,0,0,0,4
0x1668867,100%,0,57,57,57,0,0,0
0x8e0a3d,100%,0,10,10,0,0,0,10
0xf318c1,100%,0,5,5,0,0,0,5
0x1410822,100%,0,3240,3240,0,0,0,3240
0x1668bb5,100%,0,57,57,0,0,0,57
0x1506f56,100%,0,2,2,2,0,0,0
0x166a3b5,100%,0,23,23,0,0,0,23
0x936de2,100%,0,60,60,0,0,0,60
0x140eea2,100%,0,2158,2158,0,0,0,2158
0x150db8e,100%,0,5,5,5,0,0,0
0x1669cdd,100%,0,57,57,0,0,0,57
0x1504f96,100%,0,2,2,2,0,0,0
0x1403385,100%,0,3240,3240,0,0,0,3240
0x140f864,100%,0,2,2,0,0,0,2
0x140a95c,100%,0,3132,3132,0,0,0,3132
0x1507eab,100%,0,2,2,2,0,0,0
0x15091d6,100%,0,1,1,1,0,0,0
0x15044be,100%,0,2,2,2,0,0,0
0x14073e3,100%,0,3016,3016,0,0,0,3016
0x8f7363,100%,0,56,56,0,0,0,56
0x938687,100%,0,1,1,0,0,0,1
0x140ee31,100%,0,2158,2158,0,0,0,2158
0x8eaca0,100%,0,10,10,10,0,0,0
0x1668999,100%,0,57,57,52,0,0,5
0x1515c57,100%,0,1,1,0,0,0,1
0x14081fe,100%,0,3016,3016,0,0,0,3016
0x1506fb6,100%,0,2,2,2,0,0,0
0x1668ba0,100%,0,57,57,57,0,0,0
0x140f09b,100%,0,2241,2241,0,0,0,2241
0x140a8ee,100%,0,3132,3132,0,0,0,3132
0x140f400,100%,0,2245,2245,0,0,0,2245
0x14115bd,100%,0,1647,1647,0,0,0,1647
0x140e4ab,100%,0,2241,2241,0,0,0,2241
0x52a6f3,100%,0,60,60,0,0,0,60
0x166bd23,100%,0,57,57,0,0,0,57
0x140f451,100%,0,38170,38170,35924,0,0,2246
0x1669bda,100%,0,57,57,0,0,0,57
0x15079f6,100%,0,2,2,2,0,0,0
0x1506696,100%,0,2,2,2,0,0,0
0x1402fae,100%,0,2,2,0,0,0,2
0x140f4f9,100%,0,2246,2246,2162,0,0,84
0x14037ba,100%,0,54,54,0,0,0,54
0x140e35f,100%,0,83,83,0,0,0,83
0x15092c6,100%,0,1,1,1,0,0,0
0x508631,100%,0,300,300,0,0,0,300
0x8e88fb,100%,0,25,25,25,0,0,0
0x1503f76,100%,0,2,2,2,0,0,0
0x166a459,100%,0,23,23,23,0,0,0
0x1503ca6,100%,0,2,2,2,0,0,0
0x1403230,100%,0,3240,3240,0,0,0,3240
0x8e0050,100%,0,10,10,0,0,0,10
0x15079c6,100%,0,2,2,2,0,0,0
0x1504290,100%,0,2,2,0,0,0,2
0x506d25,100%,0,135,135,0,0,0,135
0x1503d06,100%,0,2,2,2,0,0,0
0x14087df,100%,0,2,2,0,0,0,2
0x166ac44,100%,0,8,8,0,0,0,8
0x1668f1b,100%,0,18,18,0,0,0,18
0x15d801a,100%,0,487,487,487,0,0,0
0x1505116,100%,0,2,2,2,0,0,0
0x140f3d0,100%,0,2245,2245,0,0,0,2245
0x931379,100%,0,7800,7800,0,0,0,7800
0x8dede2,100%,0,4,4,0,0,0,4
0x1410950,100%,0,3240,3240,0,0,0,3240
0x1668c87,100%,0,57,57,57,0,0,0
0x5011de,100%,0,5,5,0,0,0,5
0x140354f,100%,0,120,120,0,0,0,120
0x8dfed2,100%,0,56,56,0,0,0,56
0x1507ab5,100%,0,2,2,0,0,0,2
0x8e7667,100%,0,25,25,25,0,0,0
0x140999a,100%,0,116,116,0,0,0,116
0x16262dc,100%,0,118260,118260,0,0,0,118260
0x92d420,100%,0,1,1,0,0,0,1
0x93776c,100%,0,1,1,0,0,0,1
0x92d42d,100%,0,1,1,1,0,0,0
0x930682,100%,0,8100,8100,0,0,0,8100
0x8dfa63,100%,0,56,56,0,0,0,56
0x1505206,100%,0,2,2,2,0,0,0
0x8e9875,100%,0,10,10,10,0,0,0
0x1626279,100%,0,118260,118260,0,0,0,118260
0x93778e,100%,0,1,1,0,0,0,1
0x1407125,100%,0,116,116,0,0,0,116
0x9365e7,100%,0,1620,1620,0,0,0,1620
0x1505064,100%,0,2,2,2,0,0,0
0x8e04e4,100%,0,10,10,0,0,0,10
0x93051c,100%,0,60,60,0,0,0,60
0x140bfd8,100%,0,58,58,0,0,0,58
0x930d28,100%,0,8235,8235,0,0,0,8235
0x140c02e,100%,0,1044,1044,986,0,0,58
0x1503df6,100%,0,2,2,2,0,0,0
0x140e13a,100%,0,2241,2241,0,0,0,2241
0x8e0795,100%,0,10,10,0,0,0,10
0xf30a56,100%,0,7830,7830,0,0,0,7830
0x140e263,100%,0,83,83,0,0,0,83
0x140efaf,100%,0,6474,6474,4316,0,0,2158
0x1517174,100%,0,1,1,0,0,0,1
0x936d27,100%,0,1,1,0,0,0,1
0x1506371,100%,0,2,2,2,0,0,0
0x937cca,100%,0,1,1,0,0,0,1
0x140b1b9,100%,0,1,1,0,0,0,1
0x1504853,100%,0,2,2,0,0,0,2
0x8f6ea9,100%,0,2,2,0,0,0,2
0x8f6e8d,100%,0,2,2,0,0,0,2
0xdea655,100%,0,9,9,9,0,0,0
0x1506d7e,100%,0,2,2,2,0,0,0
0x140e2bd,100%,0,1411,1411,1328,0,0,83
0x937884,100%,0,59,59,0,0,0,59
0x1504733,100%,0,2,2,0,0,0,2
0x1409fb0,100%,0,3132,3132,0,0,0,3132
0x1669d22,100%,0,36,36,36,0,0,0
0x140d03b,100%,0,1566,1566,1566,0,0,0
0x1410a8d,100%,0,3240,3240,0,0,0,3240
0x140e4db,100%,0,2241,2241,0,0,0,2241
0x140afe1,100%,0,1,1,0,0,0,1
0x9368a8,100%,0,1647,1647,0,0,0,1647
0x140f203,100%,0,2241,2241,2241,0,0,0
0x140f1eb,100%,0,38097,38097,35856,0,0,2241
0x1403485,100%,0,2,2,0,0,0,2
0x1669cae,100%,0,17,17,0,0,0,17
0x8e0062,100%,0,10,10,0,0,0,10
0x1668745,100%,0,57,57,0,0,0,57
0x8e03a5,100%,0,10,10,0,0,0,10
0x8eac96,100%,0,10,10,0,0,0,10
0x8e9e3d,100%,0,9,9,0,0,0,9
0x939750,100%,0,1,1,0,0,0,1
0xdeadb0,100%,0,9,9,9,0,0,0
0x150a8ff,100%,0,1,1,0,0,0,1
0x140f0e5,100%,0,2241,2241,0,0,0,2241
0x8eaf54,100%,0,10,10,10,0,0,0
0x140e971,100%,0,6723,6723,4482,0,0,2241
0x140f00a,100%,0,83,83,0,0,0,83
0x140e37c,100%,0,83,83,0,0,0,83
0x8dfd62,100%,0,2,2,0,0,0,2
0x166aea0,100%,0,23,23,0,0,0,23
0x1668873,100%,0,57,57,0,0,0,57
0x140be66,100%,0,1566,1566,0,0,0,1566
0x8e0048,100%,0,10,10,0,0,0,10
0x1669253,100%,0,57,57,57,0,0,0
0x8df2cb,100%,0,4,4,0,0,0,4
0xdeb0f5,100%,0,9,9,9,0,0,0
0x1503f16,100%,0,2,2,2,0,0,0
0x1506f26,100%,0,2,2,2,0,0,0
0xad4262,100%,0,2,2,2,0,0,0
0x140f371,100%,0,2241,2241,2158,0,0,83
0x150d495,100%,0,1,1,0,0,0,1
0x140c50d,100%,0,1566,1566,1508,0,0,58
0xb587a0,100%,0,1,1,1,0,0,0
0x15065c6,100%,0,2,2,2,0,0,0
0x1404451,100%,0,1,1,0,0,0,1
0x140f347,100%,0,6723,6723,4482,0,0,2241
