Branch PC,Accuracy,Mispredictions,Correct Predictions,Total,dir_t_pred_t,dir_t_pred_nt,dir_nt_pred_t,dir_nt_pred_nt
aggregate,99.9117%,8972,10152080,10161052,6934972,4169,4803,3217108
0x91614b,96.1837%,4346,109534,113880,51792,2443,1903,57742
0x162634e,99.2178%,925,117335,118260,29364,501,424,87971
0x1626359,99.552%,396,87999,88395,43274,217,179,44725
0x1626664,99.7759%,265,117995,118260,47345,128,137,70650
0x8defc2,98.2116%,141,7743,7884,1632,60,81,6111
0x916155,99.9034%,110,113770,113880,113656,37,73,114
0x46f721,99.9078%,109,118151,118260,116637,3,106,1514
0x5123f4,96.4485%,70,1901,1971,467,32,38,1434
0x931570,96.0256%,62,1498,1560,1498,2,60,0
0x9160af,99.9456%,62,113818,113880,113804,15,47,14
0x930f53,96.2356%,62,1585,1647,1585,1,61,0
0x51c573,95.7639%,61,1379,1440,1379,1,60,0
0x51889d,96.1707%,61,1532,1593,1532,2,59,0
0x50b113,95.7627%,60,1356,1416,1356,1,59,0
0x8ded3c,99.277%,57,7827,7884,3996,44,13,3831
0x4ebabb,96.0839%,56,1374,1430,1374,1,55,0
0x8df243,99.1539%,53,6211,6264,5738,22,31,473
0x9308f8,96.7284%,53,1567,1620,1558,2,51,9
0x4f6d45,96.7308%,51,1509,1560,1497,3,48,12
0x8df4d0,99.3295%,42,6222,6264,1655,17,25,4567
0x52a9d4,97.5926%,39,1581,1620,425,15,24,1156
0x15d8015,91.9321%,38,433,471,249,17,21,184
0x91636a,97.8205%,34,1526,1560,1498,2,32,28
0x93324b,98.0128%,31,1529,1560,1498,2,29,31
0x512426,98.4779%,30,1941,1971,1939,5,25,2
0x512153,98.5287%,29,1942,1971,1003,22,7,939
0x51208f,98.082%,29,1483,1512,1452,4,25,31
0x8df500,99.553%,28,6236,6264,6147,9,19,89
0x8ded74,99.6575%,27,7857,7884,7770,6,21,87
0x901cf4,98.0155%,23,1136,1159,1136,4,19,0
0x52aa06,98.7654%,20,1600,1620,1558,2,18,42
0x8e7354,98.5317%,19,1275,1294,1275,0,19,0
0x8e8544,96.3391%,19,500,519,500,0,19,0
0x16744be,99.9874%,19,150787,150806,108413,12,7,42374
0x52a6c5,98.9506%,17,1603,1620,1557,3,14,46
0x8e88f4,96.3441%,17,448,465,448,0,17,0
0x8e7654,98.532%,17,1141,1158,1141,0,17,0
0x52a773,99.0741%,15,1605,1620,1517,7,8,88
0x91634b,99.9877%,14,113866,113880,112318,2,12,1548
0x8e8539,99.9631%,14,37927,37941,37419,3,11,508
0x512186,99.3404%,13,1958,1971,1941,3,10,17
0x92faef,99.2593%,12,1608,1620,1557,3,9,51
0x52ad0e,99.2593%,12,1608,1620,1559,1,11,49
0x52a6a4,99.9893%,12,111768,111780,110154,6,6,1614
0x51c537,99.9894%,11,103669,103680,102237,3,8,1432
0x528f77,99.2593%,11,1474,1485,1429,1,10,45
0x52a7a6,99.321%,11,1609,1620,1559,1,10,50
0x901cd8,99.9661%,11,32441,32452,31292,1,10,1149
0x8e88e9,99.9706%,10,33989,33999,33531,3,7,458
0x4deab3,99.3333%,10,1490,1500,1438,2,8,52
0x506b43,96.0526%,9,219,228,2,6,3,217
0x1669e6a,82.3529%,9,42,51,4,7,2,38
0x529dd7,99.4891%,8,1558,1566,1507,1,7,51
0x8df004,99.8985%,8,7876,7884,7775,1,7,101
0x4f6d2d,99.9925%,8,106072,106080,104518,2,6,1554
0x8df270,99.8723%,8,6256,6264,6155,1,7,101
0x166893c,66.6667%,8,16,24,12,3,5,4
0x91bbc9,99.5062%,8,1612,1620,1556,4,4,56
0x518877,99.9935%,7,108317,108324,106729,2,5,1588
0x1668901,81.5789%,7,31,38,6,6,1,25
0x50b0d5,99.9932%,7,103361,103368,101950,2,5,1411
0x8df285,93.5185%,7,101,108,101,3,4,0
0x8df019,93.5185%,7,101,108,101,3,4,0
0x4ed45c,99.553%,7,1559,1566,1507,1,6,52
0x529d01,99.9752%,7,28181,28188,26620,2,5,1561
0x528f3c,99.9935%,7,106913,106920,105434,1,6,1479
0x51c7c5,99.976%,7,29153,29160,27537,3,4,1616
0x4dea73,99.9936%,7,109493,109500,107999,1,6,1494
0x91a5a6,99.6154%,6,1554,1560,1499,1,5,55
0x51231a,99.6956%,6,1965,1971,1942,2,4,23
0x93312f,99.6296%,6,1614,1620,1559,1,5,55
0x51c87b,99.6296%,6,1614,1620,1559,1,5,55
0x9238da,99.5726%,6,1398,1404,1348,2,4,50
0x518bff,99.6234%,6,1587,1593,1531,3,3,56
0x512986,99.6234%,6,1587,1593,1532,2,4,55
0x4ded1c,99.6154%,6,1554,1560,1499,1,5,55
0x91b4e5,99.6296%,6,1614,1620,1558,2,4,56
0x9287d0,99.976%,6,24954,24960,23398,2,4,1556
0x92f830,99.9794%,6,29154,29160,27538,2,4,1616
0x518e6e,99.9778%,6,27075,27081,25486,2,4,1589
0x50b47c,99.6234%,6,1587,1593,1534,0,6,53
0xdea638,25%,6,2,8,1,3,3,1
0x5125ac,99.6956%,6,1965,1971,1942,2,4,23
0x930d82,99.996%,6,148224,148230,139992,3,3,8232
0x4eba95,99.9943%,6,104384,104390,102959,1,5,1425
0x936627,99.9794%,6,29154,29160,27538,2,4,1616
0x5128b0,99.9791%,6,28668,28674,27080,1,5,1588
0x91bb36,99.9794%,6,29154,29160,27538,2,4,1616
0x8e874f,99.8478%,6,3936,3942,3887,1,5,49
0x50713f,94.4444%,6,102,108,102,2,4,0
0xf2fe44,97.5%,6,234,240,234,2,4,0
0x4f7b3c,99.6296%,6,1614,1620,1559,1,5,55
0x52ac52,99.9794%,6,29154,29160,27538,2,4,1616
0x9313b2,99.9957%,6,140394,140400,132599,1,5,7795
0x4f6ecf,99.8529%,6,4074,4080,4018,2,4,56
0x93695b,99.6357%,6,1641,1647,1585,1,5,56
0x91abf9,99.6914%,5,1615,1620,1560,0,5,55
0xf2f345,97.2222%,5,175,180,175,2,3,0
0x9158bb,97.1264%,5,169,174,169,2,3,0
0x1669e15,93.9024%,5,77,82,27,2,3,50
0x8ded8a,95.3704%,5,103,108,102,2,3,1
0x92e24e,99.9829%,5,29155,29160,27539,1,4,1616
0x4ed390,99.9823%,5,28183,28188,26620,2,3,1563
0x1669edb,84.375%,5,27,32,12,4,1,15
0x90b617,99.9762%,5,20969,20974,19807,2,3,1162
0x916eca,99.9822%,5,28075,28080,26518,2,3,1557
0xf2f7ed,97.8448%,5,227,232,227,1,4,0
0x93013b,99.6914%,5,1615,1620,1559,1,4,56
0x91b6e8,99.6795%,5,1555,1560,1499,1,4,56
0x529610,99.7428%,5,1939,1944,1916,1,4,23
0x91a8d3,99.9829%,5,29155,29160,27539,1,4,1616
0x916ff3,99.6795%,5,1555,1560,1500,0,5,55
0x9192f1,99.6861%,5,1588,1593,1533,1,4,55
0x918ac4,99.6741%,5,1529,1534,1474,1,4,55
0x92a632,99.6795%,5,1555,1560,1498,2,3,57
0x52ab76,99.6914%,5,1615,1620,1558,2,3,57
0x91b3c4,99.9829%,5,29155,29160,27539,1,4,1616
0x9185d0,99.8839%,5,4302,4307,4247,1,4,55
0x4debb5,99.8858%,5,4375,4380,4319,1,4,56
0x518f28,99.6861%,5,1588,1593,1533,1,4,55
0x8df515,95.3704%,5,103,108,103,1,4,0
0x92d0fa,99.6914%,5,1615,1620,1559,1,4,56
0x5189a2,99.6861%,5,1588,1593,1532,2,3,56
0x9314b4,99.9822%,5,28075,28080,26518,2,3,1557
0x512060,99.9955%,5,110371,110376,108863,1,4,1508
0x4ec004,99.7366%,5,1893,1898,1871,1,4,22
0x930e8f,99.9831%,5,29641,29646,27997,2,3,1644
0x4dec87,99.9822%,5,28075,28080,26519,1,4,1556
0x92d06d,99.9829%,5,29155,29160,27539,1,4,1616
0x9289d7,99.6795%,5,1555,1560,1499,1,4,56
0x931427,99.9359%,5,7795,7800,6239,1,4,1556
0x930df7,99.9393%,5,8230,8235,6586,2,3,1644
0x93322b,99.9956%,5,113875,113880,112319,1,4,1556
0x932c66,99.8874%,5,4435,4440,4379,1,4,56
0x936bfd,99.7024%,5,1675,1680,1619,1,4,56
0x4f9bf2,97.9167%,5,235,240,235,1,4,0
0x508a37,97.9167%,5,235,240,235,1,4,0
0x90b823,99.5708%,5,1160,1165,1121,1,4,39
0x92e31e,99.6914%,5,1615,1620,1559,1,4,56
0x8e64e0,73.6842%,5,14,19,11,2,3,3
0x93669c,99.6914%,5,1615,1620,1559,1,4,56
0x8e9cf4,98.3402%,4,237,241,237,0,4,0
0x92f9fd,99.9726%,4,14576,14580,12959,1,3,1617
0x929fc2,99.7436%,4,1556,1560,1499,1,3,57
0x1669c80,89.7436%,4,35,39,29,0,4,6
0x5072d4,96.2963%,4,104,108,104,0,4,0
0x8e7503,99.8911%,4,3668,3672,3535,1,3,133
0x91a0f3,99.9074%,4,4316,4320,4260,0,4,56
0x92473b,99.1453%,4,464,468,440,2,2,24
0x518d47,99.7489%,4,1589,1593,1533,1,3,56
0x8e85a2,78.9474%,4,15,19,0,2,2,15
0x4eca62,99.7893%,4,1894,1898,1871,1,3,23
0xf2f5fc,97.7011%,4,170,174,170,1,3,0
0x91602f,99.9965%,4,113876,113880,113876,4,0,0
0x50b388,99.9861%,4,28670,28674,27080,1,3,1590
0x51c6bd,99.9074%,4,4316,4320,4259,1,3,57
0x8e73b0,78.9474%,4,15,19,0,2,2,15
0x4ebd1e,99.1453%,4,464,468,441,1,3,23
0x5297c0,99.7942%,4,1940,1944,1917,0,4,23
0x4ec41b,99.1453%,4,464,468,441,1,3,23
0x4f7818,99.7436%,4,1556,1560,1499,1,3,57
0x8e7514,97.0588%,4,132,136,132,2,2,0
0x4f7617,99.7436%,4,1556,1560,1499,1,3,57
0x4f7a83,99.9855%,4,27536,27540,25919,1,3,1617
0x92359d,99.9842%,4,25268,25272,23868,0,4,1400
0x4f70e4,99.7436%,4,1556,1560,1499,1,3,57
0x9368e8,99.9865%,4,29642,29646,27998,1,3,1644
0x9394a1,99.6234%,4,1058,1062,1002,1,3,56
0x93082e,99.9863%,4,29156,29160,27539,1,3,1617
0x930798,99.9506%,4,8096,8100,6479,1,3,1617
0x923caf,99.5885%,4,968,972,917,1,3,51
0x932f8f,99.9863%,4,29156,29160,27539,1,3,1617
0x91b623,99.9858%,4,28076,28080,26519,1,3,1557
0x50b26d,99.9071%,4,4303,4307,4247,1,3,56
0x932526,99.6357%,4,1094,1098,1036,1,3,58
0x901b67,96.7213%,4,118,122,118,2,2,0
0x918eed,99.9861%,4,28670,28674,27080,1,3,1590
0x93219b,99.6296%,4,1076,1080,1019,1,3,57
0x8e7343,99.9887%,4,35342,35346,34049,3,1,1293
0x4dedbb,99.7222%,3,1077,1080,1020,0,3,57
0x16262fb,99.9975%,3,118257,118260,0,0,3,118257
0x918a0a,99.9891%,3,27609,27612,26077,1,2,1532
0x1669c9a,70%,3,7,10,1,1,2,6
0x5012b3,25%,3,1,4,0,0,3,1
0x5293dd,99.3827%,3,483,486,458,1,2,25
0x8e7643,99.9905%,3,31671,31674,30515,1,2,1156
0x4f7b10,99.9383%,3,4857,4860,3238,2,1,1619
0x8e6475,84.2105%,3,16,19,0,2,1,16
0x9391d3,95%,3,57,60,57,2,1,0
0x4f72f9,99.8077%,3,1557,1560,1499,1,2,58
0x92677e,99.359%,3,465,468,442,0,3,23
0x9257cd,99.359%,3,465,468,441,1,2,24
0x91a4ff,99.9893%,3,28077,28080,26520,0,3,1557
0x1668933,88.4615%,3,23,26,0,2,1,23
0x506dbe,97.2222%,3,105,108,104,0,3,1
0x90ce21,99.4444%,3,537,540,480,0,3,57
0x8ead84,99.1071%,3,333,336,332,0,3,1
0x930701,99.9979%,3,145797,145800,137700,0,3,8097
0x512a66,95%,3,57,60,57,2,1,0
0x927c47,83.3333%,3,15,18,15,2,1,0
0x4ecddd,99.9253%,3,4012,4015,3960,0,3,52
0x9300c1,99.9794%,3,14577,14580,12959,1,2,1618
0x8e875a,94.4444%,3,51,54,51,1,2,0
0x8e9ee4,98.3425%,3,178,181,178,0,3,0
0x8e63fd,84.2105%,3,16,19,15,2,1,1
0x1669e5d,94.3396%,3,50,53,0,2,1,50
0x518ef0,99.9372%,3,4776,4779,3184,2,1,1592
0x52a8f3,99.8148%,3,1617,1620,1560,0,3,57
0x8eae95,96.4286%,3,81,84,81,2,1,0
0x166a367,75%,3,9,12,6,3,0,3
0x52912c,99.3827%,3,483,486,459,0,3,24
0x936b87,99.9901%,3,30237,30240,28559,1,2,1678
0x8e648f,84.2105%,3,16,19,0,2,1,16
0x518ad6,99.8117%,3,1590,1593,1534,0,3,56
0x927648,99.359%,3,465,468,441,1,2,24
0x928d03,99.6875%,3,957,960,899,1,2,58
0x928ecf,98.3333%,3,177,180,118,2,1,59
0x9387fe,99.7222%,3,1077,1080,1019,1,2,58
0x916bec,99.7222%,3,1077,1080,1019,1,2,58
0x1669d14,93.1034%,2,27,29,11,1,1,16
0x51894a,98.3051%,2,116,118,58,1,1,58
0x5125e8,96.6667%,2,58,60,0,0,2,58
0x91705c,96.6667%,2,58,60,58,1,1,0
0x4ebdf2,92.3077%,2,24,26,24,1,1,0
0x91babb,99.8765%,2,1618,1620,0,0,2,1618
0x150ede2,50%,2,2,4,2,1,1,0
0x93667a,99.9383%,2,3238,3240,1619,1,1,1619
0x5125d5,92.5926%,2,25,27,25,1,1,0
0x50b51a,96.6102%,2,57,59,57,1,1,0
0x93015f,96.6667%,2,58,60,58,1,1,0
0x930fa0,96.7213%,2,59,61,59,1,1,0
0x92d126,96.6667%,2,58,60,58,1,1,0
0x930077,99.8765%,2,1618,1620,0,0,2,1618
0x518d7e,98.3051%,2,116,118,58,1,1,58
0x939668,88.8889%,2,16,18,16,1,1,0
0x8e9d85,50%,2,2,4,0,1,1,2
0x16265dd,99.9983%,2,118258,118260,118258,2,0,0
0x4dee8c,96.6667%,2,58,60,58,1,1,0
0x4f7483,98.3333%,2,118,120,59,1,1,59
0x925e96,88.8889%,2,16,18,16,1,1,0
0x529280,0%,2,0,2,0,1,1,0
0x4ec01d,92.3077%,2,24,26,24,1,1,0
0x92a317,96.6667%,2,58,60,58,1,1,0
0x924de6,88.8889%,2,16,18,16,1,1,0
0x939547,96.6102%,2,57,59,57,1,1,0
0x52a767,99.8765%,2,1618,1620,0,0,2,1618
0x52a9c9,99.8765%,2,1618,1620,0,0,2,1618
0x91acd4,96.6667%,2,58,60,58,1,1,0
0x9366de,96.6667%,2,58,60,58,1,1,0
0x518fb3,96.6102%,2,57,59,57,1,1,0
0x4f76b9,98.3333%,2,118,120,59,1,1,59
0x529209,92.5926%,2,25,27,25,1,1,0
0x529bc7,96.6102%,2,57,59,0,1,1,57
0x529eb1,96.6102%,2,57,59,57,1,1,0
0x506fce,98.1481%,2,106,108,104,0,2,2
0x166a270,93.1034%,2,27,29,19,0,2,8
0x916390,96.6667%,2,58,60,58,1,1,0
0x4f88c6,99.3151%,2,290,292,288,0,2,2
0x8eaddb,50%,2,2,4,0,1,1,2
0x901b53,98.3607%,2,120,122,0,0,2,120
0x51b486,97.2222%,2,70,72,70,1,1,0
0x91939e,96.6102%,2,57,59,57,1,1,0
0x93681e,96.7213%,2,59,61,0,0,2,59
0x5121a9,92.5926%,2,25,27,25,1,1,0
0x93262b,96.7213%,2,59,61,59,1,1,0
0x90cebf,96.6667%,2,58,60,58,1,1,0
0x506dff,75%,2,6,8,3,1,1,3
0x51c8e9,96.6667%,2,58,60,58,1,1,0
0x15d65dd,99.0244%,2,203,205,0,0,2,203
0x92fb57,96.6667%,2,58,60,58,1,1,0
0x938878,96.6667%,2,58,60,58,1,1,0
0x511eb6,96.6667%,2,58,60,1,1,1,57
0x1669e96,91.6667%,2,22,24,16,0,2,6
0x4dd5f6,97.2603%,2,71,73,71,1,1,0
0x4ebaff,50%,2,2,4,1,2,0,1
0x93076e,99.9877%,2,16198,16200,8099,1,1,8099
0x5121cd,33.3333%,2,1,3,1,1,1,0
0x924118,96.2963%,2,52,54,52,1,1,0
0x916170,99.9982%,2,113878,113880,113878,2,0,0
0xf2fd89,99.9691%,2,6478,6480,6240,0,2,238
0x51285e,99.8745%,2,1591,1593,0,0,2,1591
0x91b73b,96.6667%,2,58,60,58,1,1,0
0x4ed592,96.6102%,2,57,59,57,1,1,0
0x9278a9,92.3077%,2,24,26,24,1,1,0
0x166a0dd,92.3077%,2,24,26,21,2,0,3
0x9184ba,96.6102%,2,57,59,0,0,2,57
0x93226d,96.6667%,2,58,60,58,1,1,0
0x8e9274,50%,2,2,4,0,1,1,2
0x8e925e,50%,2,2,4,0,1,1,2
0x928f3a,96.6667%,2,58,60,58,1,1,0
0x4ecbff,97.2603%,2,71,73,71,1,1,0
0x4f71a4,98.3333%,2,118,120,59,1,1,59
0x5294af,92.5926%,2,25,27,25,1,1,0
0x52adb1,96.6667%,2,58,60,58,1,1,0
0x1669e47,96.2264%,2,51,53,51,0,2,0
0x15f3cbd,99.9983%,2,118258,118260,118258,2,0,0
0x9249e9,92.3077%,2,24,26,24,1,1,0
0x166a466,87.5%,2,14,16,1,0,2,13
0x92a65d,96.6667%,2,58,60,58,1,1,0
0x92e36f,96.6667%,2,58,60,58,1,1,0
0x1626373,99.9983%,2,118258,118260,118258,2,0,0
0x9269d8,92.3077%,2,24,26,24,1,1,0
0x930bcf,98.3607%,1,60,61,0,0,1,60
0x15138c1,0%,1,0,1,0,1,0,0
0x4ec132,94.4444%,1,17,18,17,0,1,0
0x4ec88f,0%,1,0,1,0,0,1,0
0x4ed3ab,99.9361%,1,1565,1566,0,0,1,1565
0x14fafb4,0%,1,0,1,0,1,0,0
0x166a2c6,90%,1,9,10,0,0,1,9
0x916b2c,98.3333%,1,59,60,0,0,1,59
0x52376d,0%,1,0,1,0,1,0,0
0x14fa120,0%,1,0,1,0,1,0,0
0x14fa077,0%,1,0,1,0,1,0,0
0x930943,98.3333%,1,59,60,59,0,1,0
0x150eda2,75%,1,3,4,3,1,0,0
0x51abe5,0%,1,0,1,0,1,0,0
0x166bd4b,97.4359%,1,38,39,38,1,0,0
0x4de929,98.3333%,1,59,60,0,0,1,59
0x14fa14a,0%,1,0,1,0,1,0,0
0x14fa436,0%,1,0,1,0,1,0,0
0x90b647,99.9142%,1,1164,1165,1164,1,0,0
0x9302fe,0%,1,0,1,0,0,1,0
0x14fa17c,0%,1,0,1,0,1,0,0
0x50a8bb,0%,1,0,1,0,0,1,0
0x4e5da6,0%,1,0,1,0,0,1,0
0x518b03,99.1525%,1,117,118,59,0,1,58
0x916c07,98.3333%,1,59,60,0,0,1,59
0x9188f6,98.3051%,1,58,59,0,0,1,58
0x9300cc,99.9383%,1,1619,1620,0,0,1,1619
0x166a27a,90%,1,9,10,0,0,1,9
0x15d65ca,99.5122%,1,204,205,0,0,1,204
0x14fa04d,0%,1,0,1,0,1,0,0
0x9172d0,0%,1,0,1,0,1,0,0
0x9315c3,98.3333%,1,59,60,59,0,1,0
0x90cdb8,98.3333%,1,59,60,0,0,1,59
0x528d8f,98.1818%,1,54,55,0,0,1,54
0x14fab16,0%,1,0,1,0,1,0,0
0x931478,99.9359%,1,1559,1560,0,0,1,1559
0x14fa376,0%,1,0,1,0,1,0,0
0x162624d,99.9992%,1,118259,118260,118259,1,0,0
0x9313bd,99.9872%,1,7799,7800,0,0,1,7799
0x16263a0,99.9992%,1,118259,118260,118259,1,0,0
0x14fadbb,0%,1,0,1,0,1,0,0
0x1515f04,0%,1,0,1,0,1,0,0
0x51f4cc,0%,1,0,1,0,0,1,0
0x4f6ef3,98.3333%,1,59,60,0,0,1,59
0x4f6071,0%,1,0,1,0,0,1,0
0x8e9e34,98.3333%,1,59,60,59,0,1,0
0x1515f95,0%,1,0,1,0,1,0,0
0x92cff9,99.9383%,1,1619,1620,0,0,1,1619
0x923d05,98.1481%,1,53,54,53,1,0,0
0x5072ad,99.9873%,1,7883,7884,7776,0,1,107
0x919ff5,98.3333%,1,59,60,0,0,1,59
0x8eaf45,99.6032%,1,251,252,249,0,1,2
0x8e9c0c,75%,1,3,4,0,0,1,3
0x1669e7b,97.5%,1,39,40,32,0,1,7
0x939863,0%,1,0,1,0,0,1,0
0x14f95e5,0%,1,0,1,0,1,0,0
0x9238e7,98.1481%,1,53,54,53,1,0,0
0x509493,0%,1,0,1,0,1,0,0
0x506ea6,99.0741%,1,107,108,0,0,1,107
0x151387a,0%,1,0,1,0,1,0,0
0x92fa4a,99.9383%,1,1619,1620,0,0,1,1619
0x4e5d72,0%,1,0,1,0,0,1,0
0x166a3d4,93.75%,1,15,16,0,0,1,15
0x517e57,0%,1,0,1,0,1,0,0
0x15138e3,0%,1,0,1,0,1,0,0
0x90b856,97.6744%,1,42,43,42,1,0,0
0x509d18,0%,1,0,1,0,1,0,0
0x1511a87,0%,1,0,1,0,1,0,0
0x90ce2c,98.3333%,1,59,60,0,0,1,59
0x528d6b,98.2456%,1,56,57,1,1,0,55
0x1516dbc,0%,1,0,1,0,1,0,0
0x936998,98.3607%,1,60,61,60,0,1,0
0x1513a13,0%,1,0,1,0,1,0,0
0x8e79f4,94.7368%,1,18,19,18,1,0,0
0x915fab,99.9359%,1,1559,1560,1559,1,0,0
0x93265a,0%,1,0,1,0,0,1,0
0x15174c4,0%,1,0,1,0,1,0,0
0x932540,98.3607%,1,60,61,0,0,1,60
0x507a36,99.5763%,1,235,236,232,0,1,3
0x9322a2,0%,1,0,1,0,1,0,0
0x932219,99.1667%,1,119,120,60,0,1,59
0x4ec85a,98.6301%,1,72,73,72,0,1,0
0x936c42,98.3333%,1,59,60,59,0,1,0
0x51a7d7,0%,1,0,1,0,1,0,0
0x509467,0%,1,0,1,0,1,0,0
0x162625a,99.9992%,1,118259,118260,118259,1,0,0
0x14f93f8,0%,1,0,1,0,1,0,0
0x9321b8,98.3333%,1,59,60,0,0,1,59
0x9163a3,0%,1,0,1,0,1,0,0
0x1626320,99.9992%,1,118259,118260,118259,1,0,0
0x1669e08,98.0392%,1,50,51,0,0,1,50
0x93888c,0%,1,0,1,0,1,0,0
0x52391b,0%,1,0,1,0,0,1,0
0x14fab48,0%,1,0,1,0,1,0,0
0x929d0b,0%,1,0,1,0,0,1,0
0x1516909,0%,1,0,1,0,1,0,0
0x4dec0b,99.9359%,1,1559,1560,0,0,1,1559
0x512130,96.2963%,1,26,27,0,0,1,26
0x512a9d,0%,1,0,1,0,1,0,0
0x4ec50a,96.1538%,1,25,26,25,0,1,0
0x936bd9,99.9405%,1,1679,1680,0,0,1,1679
0x4ed218,98.3051%,1,58,59,1,0,1,57
0x939305,0%,1,0,1,0,0,1,0
0x4ebe25,66.6667%,1,2,3,1,1,0,1
0x4ed336,99.9361%,1,1565,1566,0,0,1,1565
0x4ec1fd,50%,1,1,2,1,0,1,0
0x1515eda,0%,1,0,1,0,1,0,0
0x4f79fe,99.9383%,1,1619,1620,0,0,1,1619
0x4eca80,96.1538%,1,25,26,25,0,1,0
0x93070c,99.9877%,1,8099,8100,0,0,1,8099
0x4ece10,98.3051%,1,58,59,58,1,0,0
0x4ec622,94.4444%,1,17,18,17,0,1,0
0x9235c1,99.9288%,1,1403,1404,0,0,1,1403
0x4f6d5e,98.3333%,1,59,60,0,0,1,59
0x4f756c,99.1667%,1,119,120,59,1,0,60
0x4f798f,99.1667%,1,119,120,60,0,1,59
0x528d5e,98.3051%,1,58,59,2,0,1,56
0x4f7bee,98.3333%,1,59,60,59,0,1,0
0x4dc4ab,0%,1,0,1,0,1,0,0
0x4dd605,0%,1,0,1,0,1,0,0
0x4de958,99.9333%,1,1499,1500,0,0,1,1499
0xf353f3,0%,1,0,1,0,1,0,0
0x51ac5c,0%,1,0,1,0,1,0,0
0x509896,0%,1,0,1,0,1,0,0
0x509ce6,98.6301%,1,72,73,72,0,1,0
0x509d4c,0%,1,0,1,0,1,0,0
0x9390fd,0%,1,0,1,0,0,1,0
0x511163,0%,1,0,1,0,0,1,0
0x50b39a,99.9372%,1,1592,1593,0,0,1,1592
0x929ce1,0%,1,0,1,0,0,1,0
0x50e829,0%,1,0,1,0,0,1,0
0x50e84d,0%,1,0,1,0,0,1,0
0x92a331,0%,1,0,1,0,0,1,0
0xf359c8,0%,1,0,1,0,1,0,0
0x4e5ce4,0%,1,0,1,0,0,1,0
0x4e5d22,0%,1,0,1,0,0,1,0
0x4e5d4d,0%,1,0,1,0,1,0,0
0x4e5dd8,0%,1,0,1,0,1,0,0
0x4e5e76,0%,1,0,1,0,0,1,0
0x4eb826,98.3051%,1,58,59,2,0,1,56
0x1513a35,0%,1,0,1,0,1,0,0
0x4ebe08,0%,1,0,1,0,1,0,0
0x4eb833,98.2456%,1,56,57,1,1,0,55
0x151398b,0%,1,0,1,0,1,0,0
0x927861,96.1538%,1,25,26,0,0,1,25
0x927f7e,0%,1,0,1,0,0,1,0
0x928993,99.9786%,1,4679,4680,3120,0,1,1559
0x929fed,98.3333%,1,59,60,59,0,1,0
0x92a376,0%,1,0,1,0,0,1,0
0x936635,99.9383%,1,1619,1620,0,0,1,1619
0x92a673,0%,1,0,1,0,0,1,0
0x92a988,98.3333%,1,59,60,59,0,1,0
0x92b5d2,0%,1,0,1,0,1,0,0
0x917297,0%,1,0,1,0,1,0,0
0x927170,0%,1,0,1,0,0,1,0
0x50b289,98.3051%,1,58,59,0,0,1,58
0x919454,0%,1,0,1,0,1,0,0
0x512449,96.2963%,1,26,27,26,0,1,0
0x92d35f,94.4444%,1,17,18,17,0,1,0
0x92ba4d,0%,1,0,1,0,1,0,0
0x91a687,99.9383%,1,1619,1620,0,0,1,1619
0x91a922,99.9383%,1,1619,1620,0,0,1,1619
0x91acec,0%,1,0,1,0,0,1,0
0x90b421,99.9142%,1,1165,1166,1165,1,0,0
0x915a1c,0%,1,0,1,0,1,0,0
0xac0f42,0%,1,0,1,0,1,0,0
0xb75c12,0%,1,0,1,0,1,0,0
0x4dd6cf,0%,1,0,1,0,0,1,0
0x4dd6d9,0%,1,0,1,0,0,1,0
0x91ae9d,0%,1,0,1,0,1,0,0
0x939762,0%,1,0,1,0,1,0,0
0x91b548,99.9359%,1,1559,1560,1559,1,0,0
0x939799,0%,1,0,1,0,0,1,0
0xb762d5,0%,1,0,1,0,1,0,0
0x92794d,0%,1,0,1,0,0,1,0
0x91bd46,0%,1,0,1,0,1,0,0
0x509030,0%,1,0,1,0,1,0,0
0xa5c2f8,0%,1,0,1,0,1,0,0
0x9249a1,96.1538%,1,25,26,0,0,1,25
0x925a89,96.1538%,1,25,26,25,0,1,0
0x90b10d,0%,1,0,1,0,1,0,0
0x925eca,0%,1,0,1,0,0,1,0
0x926281,0%,1,0,1,0,0,1,0
0x51ac29,0%,1,0,1,0,1,0,0
0x91a100,98.3333%,1,59,60,59,1,0,0
0x926990,96.1538%,1,25,26,0,0,1,25
0xa9771e,0%,1,0,1,0,1,0,0
0x1516b6e,0%,1,0,1,0,1,0,0
0x5237fd,0%,1,0,1,0,1,0,0
0x52a724,98.3333%,1,59,60,0,0,1,59
0x528fc2,75%,1,3,4,2,1,0,1
0x529257,66.6667%,1,2,3,1,1,0,1
0x14fa2e6,0%,1,0,1,0,1,0,0
0x1516fc0,0%,1,0,1,0,1,0,0
0x529d15,99.9361%,1,1565,1566,1565,1,0,0
0xaeac0d,0%,1,0,1,0,1,0,0
0x930891,99.9691%,1,3239,3240,1619,1,0,1620
0x151668f,0%,1,0,1,0,1,0,0
0x5297e7,96.2963%,1,26,27,26,0,1,0
0x52929b,0%,1,0,1,0,0,1,0
0x529326,96.2963%,1,26,27,0,0,1,26
0x529411,96.2963%,1,26,27,26,1,0,0
0x52a593,99.9383%,1,1619,1620,0,0,1,1619
0x151793b,0%,1,0,1,0,1,0,0
0x528fe1,0%,1,0,1,0,0,1,0
0x52a954,98.3333%,1,59,60,0,0,1,59
0x50e843,0%,1,0,1,0,0,1,0
0x52ac04,99.9383%,1,1619,1620,0,0,1,1619
0x939858,94.4444%,1,17,18,17,0,1,0
0x1515fc7,0%,1,0,1,0,1,0,0
0x4f7018,99.1667%,1,119,120,59,1,0,60
0x14fa3d6,0%,1,0,1,0,1,0,0
0x14fa466,0%,1,0,1,0,1,0,0
0xa5f89f,0%,1,0,1,0,1,0,0
0x14faa45,0%,1,0,1,0,1,0,0
0x14faa75,0%,1,0,1,0,1,0,0
0x4ebb27,0%,1,0,1,0,0,1,0
0x14faaaf,0%,1,0,1,0,1,0,0
0x14fab7a,0%,1,0,1,0,1,0,0
0x51a9d9,0%,1,0,1,0,1,0,0
0x92cfc8,99.9383%,1,1619,1620,1619,1,0,0
0x14fabe1,0%,1,0,1,0,1,0,0
0x14fb27b,0%,1,0,1,0,0,1,0
0x14fbdd4,0%,1,0,1,0,0,1,0
0x901ae2,50%,1,1,2,0,0,1,1
0x8dee98,75%,1,3,4,3,1,0,0
0xf34a5e,0%,1,0,1,0,1,0,0
0x51a678,0%,1,0,1,0,1,0,0
0x5120b6,75%,1,3,4,2,1,0,1
0x523782,0%,1,0,1,0,0,1,0
0x92962d,0%,1,0,1,0,1,0,0
0x511186,0%,1,0,1,0,0,1,0
0x4ea305,0%,1,0,1,0,1,0,0
0x512766,98.3333%,1,59,60,58,1,0,1
0x512341,96.2963%,1,26,27,26,0,1,0
0x512826,99.9372%,1,1592,1593,0,0,1,1592
0x1669e29,98.1132%,1,52,53,0,0,1,52
0x511ec3,98.2759%,1,57,58,1,1,0,56
0x4dcc2b,0%,1,0,1,0,1,0,0
0x512358,50%,1,1,2,1,0,1,0
0x5123e9,99.9493%,1,1970,1971,0,0,1,1970
0x511117,0%,1,0,1,0,1,0,0
0x939116,0%,1,0,1,0,1,0,0
0x518b3f,98.3051%,1,58,59,0,0,1,58
0x518ba2,99.1525%,1,117,118,58,1,0,59
0x518c4f,99.1525%,1,117,118,58,1,0,59
0x518c64,98.3051%,1,58,59,0,0,1,58
0x518dd5,98.3051%,1,58,59,0,0,1,58
0x4f6f02,98.3333%,1,59,60,0,0,1,59
0x92a9c7,0%,1,0,1,0,1,0,0
0x92afb8,0%,1,0,1,0,1,0,0
0x508def,0%,1,0,1,0,1,0,0
0x51c7d5,99.9383%,1,1619,1620,1619,1,0,0
0x151825f,0%,1,0,1,0,1,0,0
0x51b40e,0%,1,0,1,0,0,1,0
0x529637,96.2963%,1,26,27,26,0,1,0
0x51b495,0%,1,0,1,0,1,0,0
0x51bebb,0%,1,0,1,0,0,1,0
0x51c407,99.9306%,1,1439,1440,0,0,1,1439
0x5094c3,0%,1,0,1,0,1,0,0
0x15186ec,0%,1,0,1,0,1,0,0
0x51c6e1,98.3333%,1,59,60,0,0,1,59
0x51c701,99.9383%,1,1619,1620,0,0,1,1619
0x14fa1cb,0%,1,0,1,0,1,0,0
0x90cc88,0%,1,0,1,0,0,1,0
0x508cf4,0%,1,0,1,0,0,1,0
0x511028,0%,1,0,1,0,0,1,0
0x511046,0%,1,0,1,0,1,0,0
0x92f3a5,0%,1,0,1,0,0,1,0
0x928f5d,0%,1,0,1,0,1,0,0
0x511099,0%,1,0,1,0,1,0,0
0x5110b3,0%,1,0,1,0,0,1,0
0x5110e1,0%,1,0,1,0,1,0,0
0xb742b2,0%,1,0,1,0,1,0,0
0x5237ad,0%,1,0,1,0,1,0,0
0x927153,0%,1,0,1,0,0,1,0
0x1516664,80%,1,4,5,4,0,1,0
0x166a224,50%,1,1,2,0,0,1,1
0x8e7ea4,94.7368%,1,18,19,18,1,0,0
0x1517174,0%,1,0,1,0,1,0,0
0xf359be,0%,1,0,1,0,0,1,0
0xb74975,0%,1,0,1,0,1,0,0
0x1515ff1,0%,1,0,1,0,1,0,0
0x4dbf31,0%,1,0,1,0,1,0,0
0x90b068,0%,1,0,1,0,1,0,0
0x939679,0%,1,0,1,0,0,1,0
0x91bc51,0%,1,0,1,0,1,0,0
0x1515f60,0%,1,0,1,0,1,0,0
0x150ed88,75%,1,3,4,3,1,0,0
0x166a39b,93.75%,1,15,16,0,0,1,15
0xb493d3,0%,1,0,1,0,1,0,0
0x529158,96.2963%,1,26,27,26,1,0,0
0x15152a4,0%,1,0,1,0,1,0,0
0x150eb4f,75%,1,3,4,0,0,1,3
0x509d64,0%,1,0,1,0,1,0,0
0x93333e,98.3333%,1,59,60,59,0,1,0
0x939512,98.3051%,1,58,59,0,0,1,58
0x8e71d7,94.7368%,1,18,19,0,0,1,18
0x166c39a,97.619%,1,41,42,0,0,1,41
0x1668f06,93.3333%,1,14,15,0,0,1,14
0xb74f62,0%,1,0,1,0,1,0,0
0x4f76da,98.3333%,1,59,60,0,0,1,59
0x4ec431,96.1538%,1,25,26,0,0,1,25
0x15f3cfe,99.9992%,1,118259,118260,118259,1,0,0
0xdead4f,87.5%,1,7,8,3,1,0,4
0xae9fa2,0%,1,0,1,0,1,0,0
0x91585d,99.9787%,1,4697,4698,4524,0,1,173
0x5188d8,98.3051%,1,58,59,0,0,1,58
0x92e16a,99.9383%,1,1619,1620,1619,1,0,0
0xf359c3,0%,1,0,1,0,0,1,0
0x92d42d,0%,1,0,1,0,1,0,0
0xac46df,0%,1,0,1,0,1,0,0
0x4ebac9,98.1818%,1,54,55,54,1,0,0
0x92d38e,50%,1,1,2,0,1,0,1
0x150edf7,0%,1,0,1,0,1,0,0
0x151715e,0%,1,0,1,0,0,1,0
0x92f5ef,98.3333%,1,59,60,0,0,1,59
0x1517dcd,0%,1,0,1,0,1,0,0
0x91b76d,0%,1,0,1,0,0,1,0
0x1668f1b,93.3333%,1,14,15,0,0,1,14
0x52981f,98.3051%,1,58,59,58,1,0,0
0x529267,0%,1,0,1,0,1,0,0
0x92f886,99.9383%,1,1619,1620,1619,1,0,0
0x932c09,98.3333%,1,59,60,0,0,1,59
0x166ac44,90%,1,9,10,0,1,0,9
0xb75625,0%,1,0,1,0,1,0,0
0x5087cf,99.7917%,1,479,480,240,0,1,239
0x14fa256,0%,1,0,1,0,1,0,0
0x926d88,94.4444%,1,17,18,17,0,1,0
0x14fb289,0%,1,0,1,0,1,0,0
0x91cfbc,0%,1,0,1,0,0,1,0
0x50b140,98.3051%,1,58,59,0,0,1,58
0x4db9c5,0%,1,0,1,0,1,0,0
0xf2f571,99.9787%,1,4697,4698,4524,0,1,173
0x9390f4,98.3333%,1,59,60,59,0,1,0
0x529c76,99.9361%,1,1565,1566,0,0,1,1565
0x52a70f,98.3333%,1,59,60,0,0,1,59
0x901c7d,99.9137%,1,1158,1159,0,0,1,1158
0x5189ea,99.1525%,1,117,118,58,1,0,59
0x1513a57,0%,1,0,1,0,1,0,0
0x1626307,99.9992%,1,118259,118260,118259,1,0,0
0x14f9fc6,0%,1,0,1,0,1,0,0
0x1669e4c,50%,1,1,2,0,1,0,1
0x1513902,0%,1,0,1,0,1,0,0
0x14fa0ee,0%,1,0,1,0,1,0,0
0x151392c,0%,1,0,1,0,1,0,0
0x8df08c,75%,1,3,4,0,0,1,3
0x8dede2,75%,1,3,4,0,0,1,3
0x14f9f7e,0%,1,0,1,0,1,0,0
0x15139ad,0%,1,0,1,0,1,0,0
0x14fa1b1,0%,1,0,1,0,1,0,0
0x1513956,0%,1,0,1,0,1,0,0
0x50711d,99.9873%,1,7883,7884,7776,0,1,107
0x15139f1,0%,1,0,1,0,1,0,0
0x529f4f,0%,1,0,1,0,0,1,0
0x51875b,99.9372%,1,1592,1593,0,0,1,1592
0xa97f90,0%,1,0,1,0,1,0,0
0x1669eb1,87.5%,1,7,8,0,0,1,7
0x91bc41,98.3333%,1,59,60,59,0,1,0
0x529f07,0%,1,0,1,0,0,1,0
0x8df3de,75%,1,3,4,3,1,0,0
0x517ecd,0%,1,0,1,0,0,1,0
0x1669fa7,0%,1,0,1,0,1,0,0
0x15138a7,0%,1,0,1,0,1,0,0
0x1515f2e,0%,1,0,1,0,1,0,0
0x507935,99.984%,1,6263,6264,6032,0,1,231
0x92f71b,99.9383%,1,1619,1620,1619,1,0,0
0xf2fcb7,99.9991%,1,116639,116640,110160,0,1,6479
0xb768c2,0%,1,0,1,0,1,0,0
0x51c3fa,98.3333%,1,59,60,0,0,1,59
0x523753,0%,1,0,1,0,0,1,0
0x4ebefb,100%,0,26,26,0,0,0,26
0x92d420,100%,0,1,1,0,0,0,1
0x518e1f,100%,0,1593,1593,0,0,0,1593
0x9305fb,100%,0,1620,1620,0,0,0,1620
0x507172,100%,0,4,4,0,0,0,4
0x150db30,100%,0,3,3,3,0,0,0
0x8e9502,100%,0,4,4,4,0,0,0
0x92ff28,100%,0,1,1,0,0,0,1
0x150ddb6,100%,0,3,3,3,0,0,0
0x51107b,100%,0,1,1,0,0,0,1
0x91b352,100%,0,1620,1620,0,0,0,1620
0x5124d3,100%,0,27,27,0,0,0,27
0x151767b,100%,0,1,1,0,0,0,1
0x5081dd,100%,0,240,240,0,0,0,240
0x518b4e,100%,0,59,59,0,0,0,59
0x518df1,100%,0,1593,1593,0,0,0,1593
0x8eaca0,100%,0,4,4,4,0,0,0
0x4ec4a7,100%,0,26,26,0,0,0,26
0x5121e2,100%,0,1,1,0,0,0,1
0x512248,100%,0,27,27,0,0,0,27
0x523814,100%,0,1,1,0,0,0,1
0xf33136,100%,0,3,3,3,0,0,0
0x51f4d6,100%,0,1,1,0,0,0,1
0x8e8354,100%,0,19,19,0,0,0,19
0x507a59,100%,0,4,4,0,0,0,4
0x5128c7,100%,0,1593,1593,0,0,0,1593
0x8dedae,100%,0,4,4,0,0,0,4
0x8e761b,100%,0,1158,1158,0,0,0,1158
0x50b460,100%,0,1593,1593,0,0,0,1593
0x150dde6,100%,0,3,3,3,0,0,0
0x8deb83,100%,0,4,4,0,0,0,4
0x511f50,100%,0,1512,1512,0,0,0,1512
0x523831,100%,0,1,1,1,0,0,0
0x517f79,100%,0,1,1,0,0,0,1
0x14f9ffe,100%,0,1,1,1,0,0,0
0x50898b,100%,0,6480,6480,6240,0,0,240
0x156b80f,100%,0,20,20,20,0,0,0
0x4ed424,100%,0,1566,1566,0,0,0,1566
0x9394b8,100%,0,59,59,0,0,0,59
0x150dcc6,100%,0,3,3,3,0,0,0
0x8ea202,100%,0,4,4,4,0,0,0
0x517f14,100%,0,1,1,0,0,0,1
0x509233,100%,0,1,1,0,0,0,1
0x150dc16,100%,0,3,3,3,0,0,0
0x506d75,100%,0,108,108,0,0,0,108
0x150dd26,100%,0,3,3,3,0,0,0
0x8e73a0,100%,0,19,19,0,0,0,19
0x918f25,100%,0,1593,1593,1593,0,0,0
0x509d14,100%,0,1,1,0,0,0,1
0x5188c9,100%,0,59,59,0,0,0,59
0x518733,100%,0,59,59,0,0,0,59
0xf2f79c,100%,0,6260,6260,6028,0,0,232
0x150dbb6,100%,0,3,3,3,0,0,0
0x93869c,100%,0,1,1,0,0,0,1
0x150def2,100%,0,3,3,0,0,0,3
0x51236d,100%,0,1,1,0,0,0,1
0x50b2a2,100%,0,1593,1593,0,0,0,1593
0x1669e36,100%,0,53,53,0,0,0,53
0x16262a8,100%,0,118260,118260,0,0,0,118260
0x93868f,100%,0,1,1,0,0,0,1
0x150db4e,100%,0,3,3,3,0,0,0
0x518e7a,100%,0,1593,1593,0,0,0,1593
0x93879d,100%,0,60,60,0,0,0,60
0x50afa7,100%,0,1416,1416,0,0,0,1416
0x9387bf,100%,0,60,60,0,0,0,60
0x50af7c,100%,0,59,59,0,0,0,59
0x92e304,100%,0,1620,1620,0,0,0,1620
0x501234,100%,0,4,4,4,0,0,0
0x936ab9,100%,0,60,60,0,0,0,60
0x8e922a,100%,0,4,4,4,0,0,0
0x52a58a,100%,0,60,60,0,0,0,60
0x14fa496,100%,0,1,1,1,0,0,0
0x5296e6,100%,0,27,27,0,0,0,27
0x50b2d7,100%,0,1593,1593,0,0,0,1593
0x8e650c,100%,0,19,19,19,0,0,0
0x150eb1a,100%,0,4,4,4,0,0,0
0x928a6a,100%,0,60,60,0,0,0,60
0x8e6499,100%,0,17,17,17,0,0,0
0x4ec533,100%,0,1,1,0,0,0,1
0x15d653a,100%,0,205,205,0,0,0,205
0x4ebe5d,100%,0,1,1,0,0,0,1
0x91ba75,100%,0,60,60,0,0,0,60
0x918bcd,100%,0,1593,1593,0,0,0,1593
0x1517684,100%,0,1,1,0,0,0,1
0x92bef9,100%,0,1,1,0,0,0,1
0x92337f,100%,0,1404,1404,0,0,0,1404
0x52a6f3,100%,0,60,60,0,0,0,60
0x1669cdd,100%,0,39,39,0,0,0,39
0x52a7b7,100%,0,60,60,0,0,0,60
0x1668c6e,100%,0,42,42,0,0,0,42
0x52a90b,100%,0,60,60,0,0,0,60
0x166bd5c,100%,0,39,39,0,0,0,39
0x939925,100%,0,1,1,0,0,0,1
0x512460,100%,0,1,1,0,0,0,1
0x4eb863,100%,0,55,55,0,0,0,55
0x150d4d4,100%,0,3,3,0,0,0,3
0x506cb2,100%,0,108,108,0,0,0,108
0x930058,100%,0,1620,1620,0,0,0,1620
0x523855,100%,0,1,1,0,0,0,1
0x523803,100%,0,1,1,0,0,0,1
0x93670a,100%,0,1,1,0,0,0,1
0x15139cf,100%,0,1,1,1,0,0,0
0x8ead9c,100%,0,4,4,0,0,0,4
0x150d4b2,100%,0,3,3,3,0,0,0
0x5290c8,100%,0,27,27,0,0,0,27
0x92388f,100%,0,1404,1404,0,0,0,1404
0x914f47,100%,0,174,174,174,0,0,0
0xf2feb1,100%,0,4,4,0,0,0,4
0x52abb1,100%,0,60,60,0,0,0,60
0x166bd37,100%,0,39,39,0,0,0,39
0x529536,100%,0,27,27,0,0,0,27
0x506b63,100%,0,220,220,220,0,0,0
0xf319d3,100%,0,3,3,0,0,0,3
0x150dea6,100%,0,3,3,3,0,0,0
0x901cc3,100%,0,32452,32452,0,0,0,32452
0x9194d1,100%,0,1,1,0,0,0,1
0x509c54,100%,0,1,1,0,0,0,1
0x528e26,100%,0,1485,1485,0,0,0,1485
0x5110f8,100%,0,1,1,0,0,0,1
0x916fa4,100%,0,1560,1560,0,0,0,1560
0x166aea7,100%,0,16,16,0,0,0,16
0x150dbee,100%,0,3,3,3,0,0,0
0x166a2e7,100%,0,10,10,0,0,0,10
0x4e5db7,100%,0,1,1,0,0,0,1
0x51106a,100%,0,1,1,0,0,0,1
0x1668d54,100%,0,4,4,4,0,0,0
0x90b0c2,100%,0,1,1,0,0,0,1
0x8e7215,100%,0,19,19,0,0,0,19
0x1668729,100%,0,42,42,0,0,0,42
0x5110c4,100%,0,1,1,0,0,0,1
0x8e9d92,100%,0,1,1,0,0,0,1
0x162626e,100%,0,118260,118260,0,0,0,118260
0x5110e7,100%,0,1,1,0,0,0,1
0x93314d,100%,0,60,60,0,0,0,60
0x508613,100%,0,480,480,240,0,0,240
0x93214a,100%,0,60,60,0,0,0,60
0x51135d,100%,0,1,1,0,0,0,1
0x51c73b,100%,0,1620,1620,0,0,0,1620
0x915555,100%,0,4698,4698,0,0,0,4698
0x4ec02e,100%,0,1,1,1,0,0,0
0x916ccb,100%,0,60,60,0,0,0,60
0x9185dd,100%,0,59,59,59,0,0,0
0x5120d3,100%,0,1,1,0,0,0,1
0x512148,100%,0,1971,1971,0,0,0,1971
0x938687,100%,0,1,1,0,0,0,1
0x51c5a7,100%,0,60,60,0,0,0,60
0x52abd1,100%,0,1620,1620,0,0,0,1620
0x166a459,100%,0,16,16,16,0,0,0
0x924760,100%,0,26,26,0,0,0,26
0x51b3b8,100%,0,1,1,0,0,0,1
0x1669efd,100%,0,16,16,0,0,0,16
0x901bad,100%,0,19,19,0,0,0,19
0x51b3e4,100%,0,1,1,0,0,0,1
0x166a0a6,100%,0,29,29,29,0,0,0
0x4f972f,100%,0,240,240,0,0,0,240
0x5086b3,100%,0,240,240,0,0,0,240
0x8e6482,100%,0,17,17,17,0,0,0
0x913f61,100%,0,3,3,0,0,0,3
0x4ec57d,100%,0,1,1,0,0,0,1
0x4f79e5,100%,0,60,60,0,0,0,60
0x4eb963,100%,0,1430,1430,0,0,0,1430
0xf2fa62,100%,0,4320,4320,4080,0,0,240
0x166bd23,100%,0,39,39,0,0,0,39
0x9251d1,100%,0,1,1,0,0,0,1
0x933373,100%,0,1,1,0,0,0,1
0x913f3b,100%,0,3,3,0,0,0,3
0x166a3de,100%,0,16,16,16,0,0,0
0x8df043,100%,0,4,4,0,0,0,4
0x51f4b2,100%,0,1,1,0,0,0,1
0x508c96,100%,0,1,1,1,0,0,0
0x151761b,100%,0,1,1,0,0,0,1
0x9251f2,100%,0,1,1,0,0,0,1
0x91897f,100%,0,1534,1534,0,0,0,1534
0x91bba3,100%,0,1620,1620,0,0,0,1620
0x92520f,100%,0,1,1,0,0,0,1
0x92562f,100%,0,26,26,0,0,0,26
0x9257f2,100%,0,26,26,0,0,0,26
0xdea6de,100%,0,8,8,8,0,0,0
0x925b3f,100%,0,1,1,0,0,0,1
0x1626290,100%,0,118260,118260,0,0,0,118260
0x16262c7,100%,0,118260,118260,0,0,0,118260
0x926241,100%,0,1,1,0,0,0,1
0x9311ff,100%,0,60,60,0,0,0,60
0x8eadd2,100%,0,4,4,0,0,0,4
0x4debf9,100%,0,60,60,0,0,0,60
0x9267a3,100%,0,26,26,0,0,0,26
0x1626633,100%,0,118260,118260,0,0,0,118260
0x926a96,100%,0,1,1,0,0,0,1
0x926dc4,100%,0,1,1,0,0,0,1
0x9172fd,100%,0,1,1,1,0,0,0
0x927533,100%,0,26,26,0,0,0,26
0x1626658,100%,0,118260,118260,0,0,0,118260
0x915812,100%,0,14094,14094,9396,0,0,4698
0x8e8563,100%,0,19,19,19,0,0,0
0x151769a,100%,0,1,1,1,0,0,0
0x15f3cb5,100%,0,118260,118260,0,0,0,118260
0x92800c,100%,0,1,1,0,0,0,1
0x9284c0,100%,0,60,60,0,0,0,60
0x9240ef,100%,0,54,54,0,0,0,54
0xdead5e,100%,0,4,4,0,0,0,4
0x91b754,100%,0,1,1,0,0,0,1
0x91ba0b,100%,0,60,60,0,0,0,60
0x91badf,100%,0,1620,1620,0,0,0,1620
0x91bb4c,100%,0,1620,1620,0,0,0,1620
0x166a2a5,100%,0,10,10,10,0,0,0
0x9365c9,100%,0,1620,1620,0,0,0,1620
0xf2fc18,100%,0,6480,6480,0,0,0,6480
0x8e8551,100%,0,19,19,0,0,0,19
0x93337d,100%,0,1,1,0,0,0,1
0x91d03f,100%,0,1,1,0,0,0,1
0xf2f801,100%,0,4,4,0,0,0,4
0x162623c,100%,0,118260,118260,0,0,0,118260
0xdeb112,100%,0,8,8,8,0,0,0
0x166a1e6,100%,0,37,37,0,0,0,37
0x936477,100%,0,1,1,0,0,0,1
0x92413b,100%,0,1,1,0,0,0,1
0x926a0e,100%,0,1,1,0,0,0,1
0x1515456,100%,0,1,1,0,0,0,1
0x923971,100%,0,54,54,0,0,0,54
0x9245fa,100%,0,26,26,0,0,0,26
0x50120d,100%,0,4,4,0,0,0,4
0x15d65bd,100%,0,205,205,0,0,0,205
0x914d11,100%,0,3,3,0,0,0,3
0x506ed6,100%,0,108,108,0,0,0,108
0x924a9f,100%,0,1,1,0,0,0,1
0x9251a6,100%,0,1,1,0,0,0,1
0x4dbf1b,100%,0,1,1,0,0,0,1
0x92fa0b,100%,0,1620,1620,0,0,0,1620
0x92629e,100%,0,1,1,0,0,0,1
0x8e724d,100%,0,19,19,0,0,0,19
0x51a9d1,100%,0,1,1,0,0,0,1
0x91948d,100%,0,1,1,1,0,0,0
0x8e8366,100%,0,19,19,19,0,0,0
0x150dc3b,100%,0,3,3,3,0,0,0
0x50866c,100%,0,6480,6480,6240,0,0,240
0xf362c0,100%,0,1,1,1,0,0,0
0x91a62e,100%,0,1620,1620,0,0,0,1620
0x5123d0,100%,0,27,27,0,0,0,27
0x925185,100%,0,1,1,0,0,0,1
0x90b0cc,100%,0,1,1,1,0,0,0
0x9233c1,100%,0,1404,1404,0,0,0,1404
0x8eaf54,100%,0,4,4,4,0,0,0
0x90b2b7,100%,0,44,44,44,0,0,0
0x8e682f,100%,0,19,19,19,0,0,0
0xf35fad,100%,0,1,1,0,0,0,1
0x150dc70,100%,0,3,3,3,0,0,0
0x9167fa,100%,0,1,1,0,0,0,1
0x925a41,100%,0,26,26,0,0,0,26
0x916dd8,100%,0,1560,1560,0,0,0,1560
0x529666,100%,0,1,1,0,0,0,1
0x14f98f0,100%,0,1,1,0,0,0,1
0x915a69,100%,0,1,1,1,0,0,0
0x1517155,100%,0,1,1,0,0,0,1
0x1513a78,100%,0,1,1,0,0,0,1
0x92a508,100%,0,60,60,0,0,0,60
0x92854e,100%,0,1560,1560,0,0,0,1560
0x8e85b1,100%,0,2,2,0,0,0,2
0x8e9d11,100%,0,4,4,4,0,0,0
0x1674495,100%,0,42381,42381,0,0,0,42381
0x929cc1,100%,0,1,1,0,0,0,1
0x929d03,100%,0,1,1,0,0,0,1
0x929e98,100%,0,60,60,0,0,0,60
0x8e9be0,100%,0,4,4,4,0,0,0
0x92f973,100%,0,1620,1620,0,0,0,1620
0x167441c,100%,0,42381,42381,42381,0,0,0
0x92a00a,100%,0,1,1,0,0,0,1
0x92a37e,100%,0,1,1,0,0,0,1
0x92665b,100%,0,26,26,0,0,0,26
0x91b6d9,100%,0,1560,1560,0,0,0,1560
0x1513aad,100%,0,1,1,0,0,0,1
0x92fe7c,100%,0,1,1,0,0,0,1
0xf2f286,100%,0,180,180,0,0,0,180
0x9395a4,100%,0,1,1,0,0,0,1
0x917de0,100%,0,59,59,59,0,0,0
0xf2fa04,100%,0,240,240,0,0,0,240
0x91890e,100%,0,1534,1534,0,0,0,1534
0x918a90,100%,0,1534,1534,0,0,0,1534
0x918b6e,100%,0,1593,1593,0,0,0,1593
0x926269,100%,0,1,1,0,0,0,1
0x917290,100%,0,1,1,0,0,0,1
0x9369a6,100%,0,1,1,0,0,0,1
0x915f42,100%,0,1,1,0,0,0,1
0x166a0e9,100%,0,3,3,3,0,0,0
0xf2e884,100%,0,3,3,0,0,0,3
0x4f6031,100%,0,1,1,0,0,0,1
0x4ebd3c,100%,0,26,26,0,0,0,26
0x4ebda7,100%,0,26,26,0,0,0,26
0xf2e95c,100%,0,3,3,0,0,0,3
0x52967a,100%,0,1,1,0,0,0,1
0x51b01c,100%,0,1,1,1,0,0,0
0x4ec08a,100%,0,1,1,0,0,0,1
0xf2e965,100%,0,3,3,0,0,0,3
0x4ec13d,100%,0,1,1,0,0,0,1
0x15d7f83,100%,0,205,205,0,0,0,205
0x916aec,100%,0,60,60,0,0,0,60
0x4ebc92,100%,0,26,26,0,0,0,26
0xf2f31a,100%,0,4860,4860,4680,0,0,180
0x919b00,100%,0,60,60,60,0,0,0
0x8e73ff,100%,0,2,2,0,0,0,2
0xf2f3a3,100%,0,3,3,0,0,0,3
0x4ed238,100%,0,58,58,0,0,0,58
0x14fa286,100%,0,1,1,1,0,0,0
0x93140e,100%,0,7800,7800,0,0,0,7800
0x93945c,100%,0,59,59,0,0,0,59
0xf2f3f3,100%,0,174,174,0,0,0,174
0xf2f435,100%,0,4698,4698,0,0,0,4698
0x4ec8b1,100%,0,1,1,0,0,0,1
0x4ec95b,100%,0,26,26,0,0,0,26
0x1626639,100%,0,118260,118260,0,0,0,118260
0x4e5ced,100%,0,1,1,0,0,0,1
0x166ae91,100%,0,16,16,0,0,0,16
0x93655e,100%,0,60,60,0,0,0,60
0x4db87d,100%,0,1,1,0,0,0,1
0x150deff,100%,0,3,3,0,0,0,3
0x924a17,100%,0,1,1,0,0,0,1
0x166a3b5,100%,0,16,16,0,0,0,16
0x4f99eb,100%,0,6480,6480,0,0,0,6480
0x8ea750,100%,0,4,4,4,0,0,0
0xf35398,100%,0,1,1,0,0,0,1
0x150df0c,100%,0,3,3,3,0,0,0
0x150e6d7,100%,0,3,3,0,0,0,3
0x150e6f1,100%,0,3,3,0,0,0,3
0x14f941a,100%,0,1,1,0,0,0,1
0x16688aa,100%,0,42,42,42,0,0,0
0x8deba8,100%,0,4,4,0,0,0,4
0x4e5d06,100%,0,1,1,1,0,0,0
0x1669cae,100%,0,8,8,0,0,0,8
0x4e5d33,100%,0,1,1,0,0,0,1
0x1669cc9,100%,0,8,8,8,0,0,0
0x4e5d83,100%,0,1,1,0,0,0,1
0x4dece6,100%,0,1560,1560,0,0,0,1560
0x932dcf,100%,0,1620,1620,0,0,0,1620
0x166a374,100%,0,3,3,3,0,0,0
0x15d65d0,100%,0,205,205,0,0,0,205
0x8eade9,100%,0,1,1,0,0,0,1
0x4ebc41,100%,0,26,26,0,0,0,26
0x92e25d,100%,0,1620,1620,0,0,0,1620
0x4deae4,100%,0,60,60,0,0,0,60
0x4f99d9,100%,0,240,240,0,0,0,240
0x4dec92,100%,0,1560,1560,0,0,0,1560
0x50835a,100%,0,240,240,0,0,0,240
0xdea655,100%,0,4,4,4,0,0,0
0x4ded3d,100%,0,60,60,0,0,0,60
0x4ded7d,100%,0,60,60,0,0,0,60
0x1668bb5,100%,0,42,42,0,0,0,42
0xdeb102,100%,0,4,4,0,0,0,4
0x4dedc9,100%,0,60,60,0,0,0,60
0x150de46,100%,0,3,3,3,0,0,0
0xdeb0f5,100%,0,4,4,4,0,0,0
0x4dee0a,100%,0,60,60,0,0,0,60
0x166a2f1,100%,0,10,10,10,0,0,0
0x166a3bf,100%,0,16,16,0,0,0,16
0x916ce6,100%,0,60,60,0,0,0,60
0x91b478,100%,0,1620,1620,0,0,0,1620
0x939744,100%,0,1,1,0,0,0,1
0x91af43,100%,0,1,1,0,0,0,1
0x91b233,100%,0,60,60,0,0,0,60
0x91b308,100%,0,1620,1620,0,0,0,1620
0x91b503,100%,0,60,60,0,0,0,60
0x51101f,100%,0,1,1,0,0,0,1
0x91b596,100%,0,1560,1560,0,0,0,1560
0x9368a8,100%,0,1647,1647,0,0,0,1647
0x91a417,100%,0,1560,1560,0,0,0,1560
0x91b632,100%,0,1560,1560,0,0,0,1560
0x166a2fb,100%,0,10,10,10,0,0,0
0x4ecaa7,100%,0,1,1,0,0,0,1
0xf2f4d9,100%,0,4698,4698,0,0,0,4698
0x1669ca3,100%,0,8,8,0,0,0,8
0x4ec638,100%,0,1,1,0,0,0,1
0x4ed5c3,100%,0,1,1,0,0,0,1
0x9312f7,100%,0,1560,1560,0,0,0,1560
0x4f6bcd,100%,0,60,60,0,0,0,60
0x4f6bee,100%,0,1560,1560,0,0,0,1560
0x927107,100%,0,1,1,0,0,0,1
0x4f702d,100%,0,60,60,0,0,0,60
0x4f74b6,100%,0,60,60,0,0,0,60
0x16689a5,100%,0,4,4,0,0,0,4
0x1510260,100%,0,1,1,1,0,0,0
0x92621f,100%,0,1,1,0,0,0,1
0x15134dc,100%,0,1,1,0,0,0,1
0x92d30a,100%,0,1,1,0,0,0,1
0x931358,100%,0,7800,7800,0,0,0,7800
0x92419b,100%,0,1,1,0,0,0,1
0x4f7a2f,100%,0,1620,1620,0,0,0,1620
0x92d331,100%,0,1,1,0,0,0,1
0x9192cb,100%,0,1593,1593,0,0,0,1593
0x52aa2f,100%,0,60,60,0,0,0,60
0x8e71e5,100%,0,19,19,19,0,0,0
0x928598,100%,0,1560,1560,0,0,0,1560
0x4de223,100%,0,1,1,0,0,0,1
0x92dfb6,100%,0,1,1,0,0,0,1
0x91a5d2,100%,0,60,60,0,0,0,60
0x93931b,100%,0,1,1,0,0,0,1
0x507058,100%,0,108,108,0,0,0,108
0x4f89a8,100%,0,4,4,0,0,0,4
0x930fcc,100%,0,1,1,0,0,0,1
0x508874,100%,0,6480,6480,0,0,0,6480
0x5077d6,100%,0,6264,6264,0,0,0,6264
0xdead83,100%,0,4,4,4,0,0,0
0x8e92b1,100%,0,4,4,4,0,0,0
0x507806,100%,0,6264,6264,0,0,0,6264
0x150dcf6,100%,0,3,3,3,0,0,0
0x507ae2,100%,0,4,4,0,0,0,4
0x507861,100%,0,112752,112752,106488,0,0,6264
0x8e8391,100%,0,19,19,0,0,0,19
0x8df190,100%,0,4,4,0,0,0,4
0xf2f6c8,100%,0,6259,6259,0,0,0,6259
0x50786c,100%,0,6264,6264,0,0,0,6264
0x1668999,100%,0,42,42,38,0,0,4
0x9365e7,100%,0,1620,1620,0,0,0,1620
0x150db6e,100%,0,3,3,3,0,0,0
0x4f9b7c,100%,0,6480,6480,6240,0,0,240
0x507487,100%,0,5940,5940,5720,0,0,220
0x922ad3,100%,0,1,1,0,0,0,1
0x15174b1,100%,0,1,1,0,0,0,1
0x8e871b,100%,0,54,54,0,0,0,54
0x8e9bd6,100%,0,4,4,0,0,0,4
0x9330c0,100%,0,1620,1620,0,0,0,1620
0xf32c70,100%,0,3,3,0,0,0,3
0x918a3d,100%,0,1534,1534,0,0,0,1534
0x9307fb,100%,0,1620,1620,0,0,0,1620
0x916ed8,100%,0,1560,1560,0,0,0,1560
0x150dec8,100%,0,3,3,3,0,0,0
0x4f75c0,100%,0,60,60,0,0,0,60
0x4f9b61,100%,0,6480,6480,0,0,0,6480
0x15d65ea,100%,0,205,205,0,0,0,205
0x4ec398,100%,0,26,26,0,0,0,26
0x9392fc,100%,0,1,1,0,0,0,1
0x166acd9,100%,0,10,10,0,0,0,10
0x501183,100%,0,4,4,4,0,0,0
0x1516fad,100%,0,1,1,0,0,0,1
0xf2f6a1,100%,0,6259,6259,0,0,0,6259
0x162664d,100%,0,118260,118260,0,0,0,118260
0x5088be,100%,0,110160,110160,103680,0,0,6480
0x50115f,100%,0,4,4,0,0,0,4
0x507460,100%,0,433620,433620,427680,0,0,5940
0x92459f,100%,0,26,26,0,0,0,26
0x501217,100%,0,4,4,0,0,0,4
0x506c76,100%,0,108,108,0,0,0,108
0x5014b7,100%,0,4,4,4,0,0,0
0x151642f,100%,0,1,1,0,0,0,1
0x506baf,100%,0,4,4,4,0,0,0
0x15d801a,100%,0,205,205,205,0,0,0
0x162679b,100%,0,118260,118260,0,0,0,118260
0x917226,100%,0,1,1,1,0,0,0
0x1668733,100%,0,42,42,0,0,0,42
0x166acce,100%,0,10,10,0,0,0,10
0x14fa0b4,100%,0,1,1,1,0,0,0
0x5085ad,100%,0,240,240,0,0,0,240
0x8e6d07,100%,0,19,19,19,0,0,0
0x9289fb,100%,0,60,60,0,0,0,60
0x506f85,100%,0,108,108,0,0,0,108
0x8e9c4b,100%,0,4,4,0,0,0,4
0x4f98f2,100%,0,240,240,0,0,0,240
0x150de76,100%,0,3,3,3,0,0,0
0x4f9ac5,100%,0,6480,6480,0,0,0,6480
0x508369,100%,0,240,240,0,0,0,240
0x92f79b,100%,0,1620,1620,0,0,0,1620
0x508566,100%,0,480,480,240,0,0,240
0x92f9a3,100%,0,1620,1620,0,0,0,1620
0x50859e,100%,0,240,240,0,0,0,240
0x8e9d8a,100%,0,3,3,3,0,0,0
0x8df53b,100%,0,4,4,0,0,0,4
0x507ab7,100%,0,4,4,0,0,0,4
0x8ead92,100%,0,4,4,0,0,0,4
0x8e9d03,100%,0,4,4,0,0,0,4
0x50869e,100%,0,480,480,240,0,0,240
0x936939,100%,0,1647,1647,0,0,0,1647
0xf2fc45,100%,0,6480,6480,0,0,0,6480
0x50877d,100%,0,6480,6480,6240,0,0,240
0xf2f766,100%,0,6260,6260,0,0,0,6260
0x8e9d41,100%,0,4,4,0,0,0,4
0xf2fd3b,100%,0,6480,6480,0,0,0,6480
0x1668ba0,100%,0,42,42,42,0,0,0
0x508836,100%,0,6480,6480,0,0,0,6480
0x5011e8,100%,0,4,4,0,0,0,4
0x5078f2,100%,0,6264,6264,0,0,0,6264
0x150de16,100%,0,3,3,3,0,0,0
0x4f74c5,100%,0,60,60,0,0,0,60
0xdeadb0,100%,0,4,4,4,0,0,0
0x4dd6b2,100%,0,1,1,0,0,0,1
0x507186,100%,0,4,4,0,0,0,4
0x162629c,100%,0,118260,118260,0,0,0,118260
0xb73cc5,100%,0,1,1,1,0,0,0
0x508203,100%,0,6480,6480,0,0,0,6480
0x928d6f,100%,0,60,60,0,0,0,60
0x529f6f,100%,0,1,1,0,0,0,1
0x90b450,100%,0,1166,1166,0,0,0,1166
0x8e7362,100%,0,19,19,0,0,0,19
0x16262b4,100%,0,118260,118260,0,0,0,118260
0xf32b14,100%,0,3,3,0,0,0,3
0x4f7a9d,100%,0,1620,1620,0,0,0,1620
0x150dd56,100%,0,3,3,3,0,0,0
0x92f390,100%,0,1,1,0,0,0,1
0x924163,100%,0,1,1,0,0,0,1
0x92d07c,100%,0,1620,1620,0,0,0,1620
0x8e74db,100%,0,136,136,0,0,0,136
0x8e731b,100%,0,1294,1294,0,0,0,1294
0x150eb2e,100%,0,4,4,0,0,0,4
0x8e7370,100%,0,19,19,19,0,0,0
0x4f9894,100%,0,5760,5760,5520,0,0,240
0x92f92b,100%,0,1620,1620,0,0,0,1620
0x506f22,100%,0,1944,1944,1836,0,0,108
0x8df484,100%,0,108,108,0,0,0,108
0x16688a0,100%,0,42,42,0,0,0,42
0x92d367,100%,0,1,1,0,0,0,1
0x928831,100%,0,1560,1560,0,0,0,1560
0x15d6558,100%,0,205,205,205,0,0,0
0x8e9f57,100%,0,4,4,4,0,0,0
0x4db830,100%,0,1,1,1,0,0,0
0x508539,100%,0,6480,6480,6240,0,0,240
0x150db8e,100%,0,3,3,3,0,0,0
0x1669d22,100%,0,29,29,29,0,0,0
0x4ed2fe,100%,0,1566,1566,0,0,0,1566
0x8df2b4,100%,0,4,4,0,0,0,4
0xf2fb16,100%,0,240,240,0,0,0,240
0x1668873,100%,0,42,42,0,0,0,42
0x930d49,100%,0,8235,8235,0,0,0,8235
0x8e73b4,100%,0,17,17,17,0,0,0
0x5189f8,100%,0,59,59,0,0,0,59
0x912513,100%,0,3,3,3,0,0,0
0x915522,100%,0,79866,79866,75168,0,0,4698
0x52a937,100%,0,60,60,0,0,0,60
0x506f40,100%,0,108,108,0,0,0,108
0x8def68,100%,0,108,108,0,0,0,108
0x506e1a,100%,0,4,4,0,0,0,4
0x150eb3c,100%,0,4,4,0,0,0,4
0x15d65b7,100%,0,205,205,0,0,0,205
0xf318c1,100%,0,4,4,0,0,0,4
0x501169,100%,0,4,4,0,0,0,4
0x150ea97,100%,0,4,4,4,0,0,0
0x166885b,100%,0,42,42,0,0,0,42
0xf32b5b,100%,0,3,3,0,0,0,3
0x1668c7a,100%,0,42,42,0,0,0,42
0x930d12,100%,0,1647,1647,0,0,0,1647
0x5012e6,100%,0,4,4,0,0,0,4
0x46f6f4,100%,0,1620,1620,0,0,0,1620
0x512943,100%,0,1593,1593,0,0,0,1593
0x1668913,100%,0,26,26,0,0,0,26
0xf2f724,100%,0,6260,6260,0,0,0,6260
0x4f99a5,100%,0,17520,17520,17280,0,0,240
0x15d8001,100%,0,266,266,0,0,0,266
0x509d48,100%,0,1,1,0,0,0,1
0x918ae6,100%,0,59,59,0,0,0,59
0x166bd8b,100%,0,39,39,0,0,0,39
0x4f7e0e,100%,0,4,4,4,0,0,0
0x8e85a7,100%,0,17,17,17,0,0,0
0x506b3a,100%,0,236,236,8,0,0,228
0x8e83a6,100%,0,19,19,0,0,0,19
0xf2fafa,100%,0,240,240,0,0,0,240
0x507724,100%,0,232,232,232,0,0,0
0x1668867,100%,0,42,42,42,0,0,0
0xf2f416,100%,0,4698,4698,0,0,0,4698
0x501206,100%,0,4,4,4,0,0,0
0x1668c87,100%,0,42,42,42,0,0,0
0x1668892,100%,0,42,42,0,0,0,42
0x939437,100%,0,59,59,0,0,0,59
0x8e9268,100%,0,3,3,3,0,0,0
0x150edbc,100%,0,4,4,0,0,0,4
0x8e88bb,100%,0,465,465,0,0,0,465
0x930682,100%,0,8100,8100,0,0,0,8100
0x166bda5,100%,0,39,39,0,0,0,39
0x8e7667,100%,0,19,19,19,0,0,0
0x166ac2b,100%,0,10,10,0,0,0,10
0x166c3b3,100%,0,42,42,0,0,0,42
0x506d02,100%,0,1944,1944,1836,0,0,108
0xf2e8a9,100%,0,3,3,3,0,0,0
0x9278d7,100%,0,1,1,0,0,0,1
0x166a157,100%,0,3,3,3,0,0,0
0x1668968,100%,0,38,38,12,0,0,26
0x1668832,100%,0,42,42,0,0,0,42
0x8eac8c,100%,0,4,4,0,0,0,4
0xf31deb,100%,0,3,3,3,0,0,0
0x166873d,100%,0,42,42,0,0,0,42
0x51278b,100%,0,59,59,59,0,0,0
0xf32e60,100%,0,3,3,3,0,0,0
0x508308,100%,0,440640,440640,434160,0,0,6480
0x92e1b4,100%,0,1620,1620,0,0,0,1620
0x1626284,100%,0,118260,118260,0,0,0,118260
0x4e5da0,100%,0,1,1,1,0,0,0
0x9331c8,100%,0,1560,1560,0,0,0,1560
0x8df2cb,100%,0,4,4,0,0,0,4
0x1669253,100%,0,42,42,42,0,0,0
0x5083cb,100%,0,480,480,240,0,0,240
0x8df2e9,100%,0,4,4,0,0,0,4
0x936889,100%,0,1647,1647,0,0,0,1647
0x166acbf,100%,0,10,10,0,0,0,10
0xf2f4bd,100%,0,79866,79866,75168,0,0,4698
0x92660f,100%,0,26,26,0,0,0,26
0x508453,100%,0,480,480,240,0,0,240
0x5071e8,100%,0,108,108,0,0,0,108
0x166c3bc,100%,0,42,42,42,0,0,0
0x15d6552,100%,0,205,205,0,0,0,205
0x523742,100%,0,1,1,0,0,0,1
0x150eacb,100%,0,4,4,4,0,0,0
0x529bd4,100%,0,58,58,0,0,0,58
0xf2f689,100%,0,231,231,0,0,0,231
0x150eae5,100%,0,4,4,4,0,0,0
0x92568a,100%,0,26,26,0,0,0,26
0x8e855a,100%,0,19,19,0,0,0,19
0xf2e834,100%,0,3,3,0,0,0,3
0x90ce9b,100%,0,60,60,0,0,0,60
0x4f899e,100%,0,4,4,0,0,0,4
0x15d7fb2,100%,0,205,205,0,0,0,205
0x506b9f,100%,0,16,16,12,0,0,4
0x166bd73,100%,0,39,39,0,0,0,39
0x8e754b,100%,0,17,17,0,0,0,17
0x932fae,100%,0,1620,1620,0,0,0,1620
0x166bd7c,100%,0,39,39,39,0,0,0
0x927c73,100%,0,1,1,0,0,0,1
0x156b801,100%,0,20,20,0,0,0,20
0x4ec34b,100%,0,26,26,0,0,0,26
0x166bd97,100%,0,39,39,0,0,0,39
0x166a1ee,100%,0,60,60,37,0,0,23
0x930d8d,100%,0,8235,8235,0,0,0,8235
0x8dedc0,100%,0,4,4,0,0,0,4
0x931c9a,100%,0,1,1,0,0,0,1
0x92fffe,100%,0,60,60,0,0,0,60
0x8dec6f,100%,0,4,4,0,0,0,4
0x150dc9e,100%,0,3,3,3,0,0,0
0x509243,100%,0,1,1,1,0,0,0
0x938812,100%,0,60,60,60,0,0,0
0x93011b,100%,0,1620,1620,0,0,0,1620
0x8e927e,100%,0,3,3,3,0,0,0
0x4ec228,100%,0,1,1,0,0,0,1
0x511edf,100%,0,56,56,0,0,0,56
0x92ce9a,100%,0,1,1,0,0,0,1
0x92cf8e,100%,0,60,60,0,0,0,60
0x4f71b9,100%,0,60,60,0,0,0,60
0x166a29a,100%,0,10,10,0,0,0,10
0x15170df,100%,0,1,1,0,0,0,1
0x9302e1,100%,0,1,1,0,0,0,1
0x8eaccc,100%,0,4,4,0,0,0,4
0x92d0f3,100%,0,1620,1620,0,0,0,1620
0x166a2d0,100%,0,10,10,0,0,0,10
0xf318a8,100%,0,4,4,0,0,0,4
0x166a43c,100%,0,16,16,0,0,0,16
0x16689b2,100%,0,4,4,4,0,0,0
0x14f9f3e,100%,0,1,1,1,0,0,0
0x14f9f5e,100%,0,1,1,1,0,0,0
0x14fa023,100%,0,1,1,1,0,0,0
0x1669bda,100%,0,39,39,0,0,0,39
0x913f86,100%,0,3,3,0,0,0,3
0x9325d9,100%,0,61,61,0,0,0,61
0x930cc7,100%,0,1647,1647,0,0,0,1647
0x930dde,100%,0,8235,8235,0,0,0,8235
0x923040,100%,0,54,54,0,0,0,54
0x930e2e,100%,0,1647,1647,0,0,0,1647
0x930e52,100%,0,1647,1647,0,0,0,1647
0x927132,100%,0,1,1,0,0,0,1
0x8eade0,100%,0,3,3,3,0,0,0
0x924e1a,100%,0,1,1,0,0,0,1
0x930e9a,100%,0,1647,1647,0,0,0,1647
0x8eae9f,100%,0,3,3,0,0,0,3
0x930ef1,100%,0,1647,1647,0,0,0,1647
0x5238fb,100%,0,1,1,0,0,0,1
0x529370,100%,0,27,27,0,0,0,27
0x91a3ce,100%,0,1560,1560,0,0,0,1560
0x1669d03,100%,0,29,29,0,0,0,29
0x931379,100%,0,7800,7800,0,0,0,7800
0x166aea0,100%,0,16,16,0,0,0,16
0x166bda0,100%,0,39,39,0,0,0,39
0x1668f14,100%,0,15,15,0,0,0,15
0x5083e9,100%,0,240,240,0,0,0,240
0x8e850b,100%,0,519,519,0,0,0,519
0x16262ef,100%,0,118260,118260,0,0,0,118260
0x931457,100%,0,1560,1560,0,0,0,1560
0x52388c,100%,0,1,1,0,0,0,1
0x8dece4,100%,0,108,108,0,0,0,108
0x931506,100%,0,1560,1560,0,0,0,1560
0x90cdd7,100%,0,60,60,0,0,0,60
0xf32b32,100%,0,3,3,3,0,0,0
0x14faa1b,100%,0,1,1,1,0,0,0
0x92766d,100%,0,26,26,0,0,0,26
0x8df066,100%,0,4,4,0,0,0,4
0x8e64b6,100%,0,19,19,19,0,0,0
0x16262dc,100%,0,118260,118260,0,0,0,118260
0x915f80,100%,0,60,60,0,0,0,60
0x529076,100%,0,27,27,0,0,0,27
0x939750,100%,0,1,1,0,0,0,1
0x14faad9,100%,0,1,1,1,0,0,0
0xf2fa6d,100%,0,240,240,0,0,0,240
0x50841c,100%,0,6480,6480,6240,0,0,240
0x14fabb7,100%,0,1,1,1,0,0,0
0x4ec1e7,100%,0,1,1,0,0,0,1
0x8e835d,100%,0,19,19,0,0,0,19
0x50832e,100%,0,6480,6480,6240,0,0,240
0x8df1f3,100%,0,108,108,0,0,0,108
0x4dec47,100%,0,1560,1560,0,0,0,1560
0x16688f5,100%,0,42,42,4,0,0,38
0xf2f710,100%,0,112680,112680,106420,0,0,6260
0x1515c57,100%,0,1,1,0,0,0,1
0x91253e,100%,0,3,3,3,0,0,0
0x51a6d9,100%,0,1,1,0,0,0,1
0x5011de,100%,0,4,4,0,0,0,4
0x913134,100%,0,3,3,3,0,0,0
0x523793,100%,0,1,1,0,0,0,1
0x5237e0,100%,0,1,1,0,0,0,1
0x506bc8,100%,0,12,12,8,0,0,4
0x506be4,100%,0,4,4,4,0,0,0
0xf2f9d3,100%,0,240,240,0,0,0,240
0x8e64ca,100%,0,19,19,19,0,0,0
0x8e9e3d,100%,0,3,3,0,0,0,3
0x508631,100%,0,240,240,0,0,0,240
0x14fa200,100%,0,1,1,1,0,0,0
0x8e88fb,100%,0,19,19,19,0,0,0
0x507360,100%,0,5940,5940,0,0,0,5940
0x1668c9a,100%,0,42,42,0,0,0,42
0x14fa226,100%,0,1,1,1,0,0,0
0x90b180,100%,0,1,1,0,0,0,1
0x14fa316,100%,0,1,1,1,0,0,0
0x14fa346,100%,0,1,1,1,0,0,0
0x512475,100%,0,1,1,0,0,0,1
0x52ac66,100%,0,1620,1620,1620,0,0,0
0x14fa3a6,100%,0,1,1,1,0,0,0
0x922aa5,100%,0,1,1,0,0,0,1
0x913202,100%,0,3,3,3,0,0,0
0x92e0ff,100%,0,60,60,0,0,0,60
0x14fa406,100%,0,1,1,1,0,0,0
0x14fa4c5,100%,0,1,1,0,0,0,1
0x8df036,100%,0,4,4,0,0,0,4
0xb67a00,100%,0,1,1,1,0,0,0
0xb6a731,100%,0,1,1,1,0,0,0
0x14fa6f9,100%,0,1,1,0,0,0,1
0x14faf8d,100%,0,1,1,1,0,0,0
0x1668884,100%,0,42,42,0,0,0,42
0x4f9858,100%,0,420480,420480,414720,0,0,5760
0x91a367,100%,0,60,60,0,0,0,60
0x4f7e67,100%,0,4,4,0,0,0,4
0x4f85b4,100%,0,4,4,4,0,0,0
0x4f9a19,100%,0,6480,6480,0,0,0,6480
0x4f9ab6,100%,0,116640,116640,110160,0,0,6480
0x936b49,100%,0,1680,1680,0,0,0,1680
0x525775,100%,0,1,1,1,0,0,0
0x508468,100%,0,240,240,0,0,0,240
0x1668755,100%,0,42,42,42,0,0,0
0x4dd55d,100%,0,1,1,0,0,0,1
0xf32b6e,100%,0,3,3,3,0,0,0
0x5237cf,100%,0,1,1,0,0,0,1
0x92dfa6,100%,0,1,1,0,0,0,1
0x506d25,100%,0,108,108,0,0,0,108
0xf32b24,100%,0,3,3,0,0,0,3
0x92417e,100%,0,1,1,0,0,0,1
0x166c3a3,100%,0,42,42,0,0,0,42
0x4e5e48,100%,0,1,1,0,0,0,1
0x9151e6,100%,0,4698,4698,0,0,0,4698
0x8e8765,100%,0,17,17,0,0,0,17
0x91b3d2,100%,0,1620,1620,0,0,0,1620
0xf32c58,100%,0,3,3,0,0,0,3
0x1669ea8,100%,0,8,8,0,0,0,8
0x92805c,100%,0,1,1,0,0,0,1
0x92fe8e,100%,0,1,1,0,0,0,1
0x914d74,100%,0,3,3,0,0,0,3
0x4f8984,100%,0,4,4,0,0,0,4
0x5088d2,100%,0,6480,6480,0,0,0,6480
0x1626279,100%,0,118260,118260,0,0,0,118260
0x8e9875,100%,0,4,4,4,0,0,0
0x930d28,100%,0,8235,8235,0,0,0,8235
0x1669c05,100%,0,39,39,39,0,0,0
0x14fa2b6,100%,0,1,1,1,0,0,0
0x150dedf,100%,0,3,3,0,0,0,3
0x508954,100%,0,19440,19440,12960,0,0,6480
0x8eac96,100%,0,4,4,0,0,0,4
0xf2f53a,100%,0,14094,14094,9396,0,0,4698
0x529cac,100%,0,1566,1566,0,0,0,1566
0xf332a9,100%,0,3,3,0,0,0,3
0x166a3e8,100%,0,16,16,16,0,0,0
0x9368f9,100%,0,1647,1647,0,0,0,1647
0x4f7fe5,100%,0,4,4,4,0,0,0
0x4f83ec,100%,0,4,4,4,0,0,0
0xf2f2f6,100%,0,4860,4860,0,0,0,4860
0x14f9f9e,100%,0,1,1,1,0,0,0
0xf2f1ee,100%,0,3,3,0,0,0,3
0x4f8829,100%,0,4,4,0,0,0,4
0x518961,100%,0,59,59,0,0,0,59
0x9270d6,100%,0,1,1,0,0,0,1
0x4f88d5,100%,0,4,4,4,0,0,0
0x5011c3,100%,0,4,4,4,0,0,0
0x166a1f7,100%,0,23,23,16,0,0,7
0x4f91e8,100%,0,4,4,0,0,0,4
0x4f9748,100%,0,5760,5760,0,0,0,5760
0x928089,100%,0,1,1,0,0,0,1
0x5011a9,100%,0,4,4,0,0,0,4
0x90ce7b,100%,0,60,60,0,0,0,60
0x8eada6,100%,0,4,4,4,0,0,0
0x93334f,100%,0,1,1,0,0,0,1
0x166891d,100%,0,26,26,0,0,0,26
0x933361,100%,0,1,1,0,0,0,1
0x8e858e,100%,0,19,19,0,0,0,19
0x91a512,100%,0,1560,1560,1560,0,0,0
0x9314bf,100%,0,1560,1560,0,0,0,1560
0x93051c,100%,0,60,60,0,0,0,60
0x9305e2,100%,0,1620,1620,0,0,0,1620
0x9306ac,100%,0,8100,8100,0,0,0,8100
0x9274df,100%,0,26,26,0,0,0,26
0x932e31,100%,0,1620,1620,0,0,0,1620
0x92a350,100%,0,1,1,0,0,0,1
0x150eab1,100%,0,4,4,4,0,0,0
0x150dd86,100%,0,3,3,3,0,0,0
0x931342,100%,0,1560,1560,0,0,0,1560
0x9307d7,100%,0,1620,1620,0,0,0,1620
0x150defb,100%,0,3,3,0,0,0,3
0x518bc0,100%,0,59,59,0,0,0,59
0x930839,100%,0,1620,1620,0,0,0,1620
0x50770f,100%,0,236,236,232,0,0,4
0x9309ad,100%,0,1,1,0,0,0,1
0xf2fcc5,100%,0,6480,6480,0,0,0,6480
0x925ab7,100%,0,1,1,0,0,0,1
0x939337,100%,0,1,1,0,0,0,1
0x4ec6d7,100%,0,1,1,0,0,0,1
0x8eacd5,100%,0,4,4,0,0,0,4
0x916e35,100%,0,1560,1560,0,0,0,1560
0x936b2a,100%,0,1680,1680,0,0,0,1680
0xb478d0,100%,0,1,1,1,0,0,0
0x936b95,100%,0,1680,1680,0,0,0,1680
0xf31896,100%,0,4,4,0,0,0,4
0x9386b1,100%,0,1,1,0,0,0,1
0x4f81ba,100%,0,4,4,4,0,0,0
0x1668953,100%,0,38,38,0,0,0,38
0x90cd5e,100%,0,60,60,0,0,0,60
0x931f6e,100%,0,1,1,0,0,0,1
0x93211d,100%,0,60,60,0,0,0,60
0x50119f,100%,0,4,4,0,0,0,4
0x5074b9,100%,0,236,236,0,0,0,236
0x1669f83,100%,0,16,16,0,0,0,16
0x939561,100%,0,1,1,0,0,0,1
0x932490,100%,0,61,61,0,0,0,61
0x9324b5,100%,0,61,61,0,0,0,61
0x932c90,100%,0,60,60,0,0,0,60
0x1668745,100%,0,42,42,0,0,0,42
0x91522a,100%,0,4698,4698,0,0,0,4698
0x166883e,100%,0,42,42,42,0,0,0
0x50880d,100%,0,240,240,0,0,0,240
0xf2f640,100%,0,3,3,0,0,0,3
0x1513ac5,100%,0,1,1,1,0,0,0
0xdea681,100%,0,4,4,4,0,0,0
