Branch PC,Accuracy,Mispredictions,Correct Predictions,Total,dir_t_pred_t,dir_t_pred_nt,dir_nt_pred_t,dir_nt_pred_nt
aggregate,99.0185%,196638,19837000,20033638,10637733,105422,91216,9199267
0x1147781,84.6777%,19421,107329,126750,71398,11434,7987,35931
0x1147007,93.5343%,14074,203598,217672,101481,6662,7412,102117
0x114836b,93.2459%,11135,153727,164862,58713,6593,4542,95014
0x11479b8,97.8312%,11047,498314,509361,120207,6542,4505,378107
0x162634e,75.786%,7663,23984,31647,4390,6094,1569,19594
0x1148112,95.8444%,6851,158011,164862,130286,3875,2976,27725
0x114821f,96.3018%,6097,158765,164862,127736,3084,3013,31029
0x11477b5,86.978%,5719,38199,43918,9790,3400,2319,28409
0x1626359,74.342%,5430,15733,21163,3214,3999,1431,12519
0x1148356,96.7142%,5417,159445,164862,48886,2994,2423,110559
0x1146216,89.6778%,5103,44334,49437,19724,2786,2317,24610
0x114b11d,91.0724%,4792,48884,53676,19195,2714,2078,29689
0x11477ba,86.3219%,4203,26525,30728,19973,2229,1974,6552
0x1625fec,98.8521%,3862,332570,336432,332482,117,3745,88
0x114ad85,93.5036%,3487,50189,53676,32693,1607,1880,17496
0x1146117,93.1853%,3369,46068,49437,36373,1838,1531,9695
0x114e7fb,94.5605%,3024,52569,55593,10583,1465,1559,41986
0x114e1a5,93.3417%,2802,39281,42083,23134,756,2046,16147
0x114d779,95.4041%,2555,53038,55593,43658,1533,1022,9380
0x1146501,94.44%,2502,42498,45000,16914,1033,1469,25584
0x114b111,95.6591%,2330,51346,53676,16157,1157,1173,35189
0x114f207,95.861%,2301,53292,55593,35821,1222,1079,17471
0x114e100,89.8536%,2142,18969,21111,6341,1179,963,12628
0x114be27,96.5301%,1929,53664,55593,22645,1147,782,31019
0x1146426,95.7267%,1923,43077,45000,33474,1298,625,9603
0x114d7e3,96.8593%,1746,53847,55593,38612,705,1041,15235
0x1148102,98.944%,1741,163121,164862,38021,1055,686,125100
0x114cb3f,95.9425%,1718,40623,42341,33663,906,812,6960
0x114dd53,96.9493%,1696,53897,55593,38899,814,882,14998
0x114e991,96.1739%,1620,40721,42341,40443,233,1387,278
0x114de33,96.2991%,1567,40774,42341,31185,896,671,9589
0x114f25c,97.1957%,1559,54034,55593,0,1533,26,54034
0x114f369,97.2299%,1540,54053,55593,11003,909,631,43050
0x114adc2,97.1402%,1535,52141,53676,43369,673,862,8772
0x114f35d,97.3072%,1497,54096,55593,1176,992,505,52920
0x114dd98,97.363%,1466,54127,55593,45082,663,803,9045
0x114b9cf,89.0884%,1446,11806,13252,6381,814,632,5425
0x114ecd3,96.6014%,1439,40902,42341,279,1351,88,40623
0x114dff7,87.1479%,1419,9622,11041,6215,619,800,3407
0x11479c2,99.6372%,1388,381224,382612,377489,247,1141,3735
0x114d783,87.3101%,1320,9082,10402,1378,870,450,7704
0x114ebb3,96.9439%,1294,41047,42341,13364,698,596,27683
0x114cc82,97.1352%,1213,41128,42341,35530,482,731,5598
0x114f1eb,97.8469%,1197,54396,55593,53587,472,725,809
0x114d872,92.7255%,1184,15092,16276,754,796,388,14338
0x114e977,97.2296%,1173,41168,42341,15150,730,443,26018
0x114eb3a,97.4115%,1096,41245,42341,3274,641,455,37971
0x114e150,92.5833%,1008,12583,13591,4032,605,403,8551
0x114be56,96.868%,996,30805,31801,607,670,326,30198
0x114debe,90.6112%,957,9236,10193,606,633,324,8630
0x114ca7d,92.9746%,931,12321,13252,2627,610,321,9694
0x114cd7a,86.2854%,868,5461,6329,1570,456,412,3891
0x114e082,97.9547%,866,41475,42341,20968,262,604,20507
0x114caea,96.0405%,852,20666,21518,19425,361,491,1241
0x114be71,97.6825%,737,31064,31801,103,632,105,30961
0x114ecfc,98.2972%,721,41620,42341,1,716,5,41619
0x1147bd9,86.6256%,652,4223,4875,1762,316,336,2461
0x1146133,94.29%,641,10585,11226,668,422,219,9917
0x11462bb,98.7418%,622,48815,49437,47462,144,478,1353
0x114e813,98.8848%,620,54973,55593,42122,219,401,12851
0x114a60c,98.8524%,616,53060,53676,12145,412,204,40915
0x114b985,98.9081%,607,54986,55593,12845,407,200,42141
0x114ebbc,98.5711%,605,41736,42341,41732,14,591,4
0x114ca66,98.9351%,592,55001,55593,42145,196,396,12856
0x114d896,96.1632%,565,14161,14726,5526,351,214,8635
0x114e285,95.1423%,531,10400,10931,6938,193,338,3462
0x114bbc8,91.7286%,501,5556,6057,4996,224,277,560
0x114adf5,99.1672%,447,53229,53676,52861,59,388,368
0x114e8c1,96.6797%,440,12812,13252,10618,141,299,2194
0x114f228,97.426%,438,16578,17016,16517,65,373,61
0x114cdf6,99.2409%,422,55171,55593,54756,54,368,415
0x114dfe0,99.2625%,410,55183,55593,44355,197,213,10828
0x11477ef,99.7041%,375,126375,126750,121754,121,254,4621
0x114f37c,99.3488%,362,55231,55593,54750,60,302,481
0x114b13c,99.3647%,341,53335,53676,52890,30,311,445
0x114de15,99.4046%,331,55262,55593,13084,168,163,42178
0x1148a5d,99.4187%,312,53364,53676,1,308,4,53363
0x114e419,95.9102%,297,6965,7262,2969,160,137,3996
0x1146c50,95.2073%,296,5880,6176,1144,158,138,4736
0x114bec5,99.5251%,264,55329,55593,54780,30,234,549
0x114bc78,99.5341%,259,55334,55593,54781,29,230,553
0x1148a84,99.5398%,247,53429,53676,0,241,6,53429
0x114d3c9,99.5557%,247,55346,55593,54810,0,247,536
0x114a932,99.5491%,242,53434,53676,52920,0,242,514
0x114ed85,99.5809%,233,55360,55593,54777,33,200,583
0x1148a96,99.5845%,223,53453,53676,0,219,4,53453
0x11465b1,99.5178%,217,44783,45000,43284,49,168,1499
0x114f294,99.6169%,213,55380,55593,54792,18,195,588
0x1147412,94.5382%,191,3306,3497,1731,100,91,1575
0x114701e,99.915%,185,217487,217672,209269,31,154,8218
0x1148aaa,99.6572%,184,53492,53676,52880,40,144,612
0x1148a70,99.6796%,172,53504,53676,0,161,11,53504
0x114e52f,99.6924%,171,55422,55593,54798,12,159,624
0x114eb43,99.6268%,158,42183,42341,42183,5,153,0
0x114e8d2,98.8681%,150,13102,13252,13102,4,146,0
0x114e49e,82.9152%,143,694,837,109,83,60,585
0x114a658,99.7392%,140,53536,53676,52911,9,131,625
0x114c7b2,93.9291%,125,1934,2059,1479,68,57,455
0x114cade,99.8003%,111,55482,55593,34029,46,65,21453
0x11473f9,98.8294%,98,8274,8372,4857,18,80,3417
0x1147958,99.9756%,91,372769,372860,131575,50,41,241194
0x114707e,99.9615%,87,225957,226044,225936,12,75,21
0x1147d0d,98.6077%,86,6091,6177,6087,3,83,4
0x114c771,96.746%,67,1992,2059,702,29,38,1290
0x114e488,99.502%,66,13186,13252,12404,11,55,782
0x114eaaf,99.502%,66,13186,13252,0,60,6,13186
0x114d6ea,99.8813%,66,55527,55593,55512,23,43,15
0x1148384,99.9606%,65,164797,164862,162531,9,56,2266
0x16744be,99.8057%,60,30818,30878,20687,38,22,10131
0x11483a8,97.9328%,48,2274,2322,2212,24,24,62
0x1674495,99.6557%,46,13315,13361,3175,33,13,10140
0x1147ae1,99.9651%,41,117448,117489,113066,37,4,4382
0x114bf1c,95.2746%,37,746,783,742,12,25,4
0x114bcf0,95.6577%,34,749,783,747,7,27,2
0x114f398,95.9132%,32,751,783,751,3,29,0
0x114eff5,95.9132%,32,751,783,751,3,29,0
0x114a437,95.7672%,32,724,756,724,4,28,0
0x1150646,95.9211%,31,729,760,729,3,28,0
0x114cf4b,96.0409%,31,752,783,752,2,29,0
0x114b159,96.0317%,30,726,756,726,2,28,0
0x114dd08,99.946%,30,55563,55593,0,26,4,55563
0x1148abe,96.0317%,30,726,756,726,2,28,0
0x114d423,96.1686%,30,753,783,753,1,29,0
0x114f166,99.946%,30,55563,55593,0,26,4,55563
0x114c86a,98.543%,30,2029,2059,2022,8,22,7
0x1625ac1,99.996%,30,747120,747150,0,0,30,747120
0x114d6c8,99.946%,30,55563,55593,0,26,4,55563
0x114c1ce,96.2963%,29,754,783,754,0,29,0
0x114ac7e,96.164%,29,727,756,727,1,28,0
0x114b62c,96.2963%,29,754,783,754,0,29,0
0x114b497,96.2963%,29,754,783,754,0,29,0
0x114d93a,96.2963%,29,754,783,754,0,29,0
0x114ce49,96.2963%,29,754,783,754,0,29,0
0x114feb7,96.2963%,28,728,756,728,0,28,0
0x114aeef,96.2963%,28,728,756,728,0,28,0
0x114f2d3,96.5517%,27,756,783,754,0,27,2
0x1668755,99.1621%,26,3077,3103,1620,4,22,1457
0x1147b93,99.9818%,24,131601,131625,126727,23,1,4874
0x1146b47,99.9856%,24,166728,166752,160552,24,0,6176
0x114ae22,96.9577%,23,733,756,721,7,16,12
0x1669c25,98.8372%,22,1870,1892,884,22,0,986
0x1147cc4,99.9833%,22,131603,131625,126728,22,0,4875
0x114a985,97.0899%,22,734,756,728,0,22,6
0x114ec9c,99.9504%,21,42320,42341,0,13,8,42320
0x11470a0,99.9912%,20,226024,226044,217657,15,5,8367
0x15f3be9,99.9944%,19,336414,336433,0,0,19,336414
0x1146b82,99.9892%,18,166734,166752,160558,18,0,6176
0x1146e20,99.9642%,18,50214,50232,41844,16,2,8370
0x1625ebb,99.9946%,18,336415,336433,336415,18,0,0
0x15f3ab6,99.9977%,17,747133,747150,0,0,17,747133
0x1626373,99.9463%,17,31630,31647,31630,17,0,0
0x11479cf,99.9871%,17,131608,131625,122349,16,1,9259
0x1625acd,99.9979%,16,747134,747150,0,0,16,747134
0x15f3abf,99.998%,15,747135,747150,747135,15,0,0
0x1146be7,99.991%,15,166737,166752,160561,15,0,6176
0x114a817,99.9721%,15,53661,53676,0,15,0,53661
0x1625f37,99.9958%,14,336419,336433,336419,13,1,0
0x114de26,99.9748%,14,55579,55593,13251,1,13,42328
0x1146c12,99.9916%,14,166738,166752,160562,14,0,6176
0x114796f,99.9894%,14,131611,131625,131611,14,0,0
0x46f1a6,99.9758%,13,53663,53676,52907,13,0,756
0x15f3ac6,99.9983%,13,747137,747150,747137,13,0,0
0x114f20d,99.9353%,12,18538,18550,1534,0,12,17004
0x16260ca,99.9964%,12,332587,332599,109269,0,12,223318
0x114e47e,99.9784%,12,55581,55593,42331,10,2,13250
0x114f1da,99.9784%,12,55581,55593,5,7,5,55576
0x114e331,99.9395%,11,18182,18193,10926,5,6,7256
0x1146bb2,99.994%,10,166742,166752,160566,10,0,6176
0x16263a0,99.9684%,10,31637,31647,31637,10,0,0
0x114aee0,99.9814%,10,53666,53676,52910,10,0,756
0x114f1fe,99.982%,10,55583,55593,0,0,10,55583
0x114790f,99.9932%,9,131616,131625,131616,9,0,0
0x114d7c7,99.8896%,9,8145,8154,0,0,9,8145
0x1146c4b,99.9946%,9,166743,166752,160567,9,0,6176
0x16262b4,99.9716%,9,31638,31647,0,0,9,31638
0x16262a8,99.9747%,8,31639,31647,0,0,8,31639
0x1146258,99.9838%,8,49429,49437,0,0,8,49429
0x1147906,99.9939%,8,131617,131625,0,0,8,131617
0x11473a5,99.9681%,8,25108,25116,16738,6,2,8370
0x114e298,99.9268%,8,10923,10931,0,0,8,10923
0x1625ef0,99.9976%,8,336425,336433,0,0,8,336425
0x114e503,99.9396%,8,13244,13252,0,0,8,13244
0x114e06f,99.9856%,8,55585,55593,13247,5,3,42338
0x114ec75,99.9811%,8,42333,42341,0,0,8,42333
0x114addd,99.9851%,8,53668,53676,0,0,8,53668
0x1147131,99.9681%,8,25108,25116,16739,5,3,8369
0x1626290,99.9779%,7,31640,31647,0,0,7,31640
0x1626639,99.9779%,7,31640,31647,0,0,7,31640
0x1669e6a,99.6449%,7,1964,1971,1719,0,7,245
0x1626284,99.9779%,7,31640,31647,0,0,7,31640
0x1626633,99.9779%,7,31640,31647,0,0,7,31640
0x114de41,99.9318%,7,10253,10260,67,0,7,10186
0x1626664,99.9779%,7,31640,31647,0,0,7,31640
0x166a1ee,99.847%,7,4567,4574,2855,1,6,1712
0x114ddb3,99.9874%,7,55586,55593,0,0,7,55586
0x114cb26,99.9874%,7,55586,55593,13250,2,5,42336
0x114b967,99.9874%,7,55586,55593,0,0,7,55586
0x114e442,99.9835%,7,42334,42341,21227,3,4,21107
0x114e255,99.9615%,7,18186,18193,7260,2,5,10926
0x1147192,99.9791%,7,33481,33488,25110,6,1,8371
0x16265dd,99.981%,6,31641,31647,31641,6,0,0
0x1146557,99.9867%,6,44994,45000,0,0,6,44994
0x114cc04,99.9228%,6,7766,7772,0,0,6,7766
0x1669c05,99.8026%,6,3034,3040,1142,6,0,1892
0x11480e4,99.9964%,6,164856,164862,0,0,6,164856
0x162679b,99.981%,6,31641,31647,0,0,6,31641
0x1669e4c,99.2949%,6,845,851,585,5,1,260
0x1146f34,99.9881%,6,50226,50232,41857,3,3,8369
0x114b9a4,99.9892%,6,55587,55593,42339,2,4,13248
0x114b0ab,99.2063%,6,750,756,0,0,6,750
0x114e2ac,99.9749%,6,23884,23890,23884,6,0,0
0x114e110,99.9559%,6,13585,13591,0,0,6,13585
0x114e123,99.9632%,5,13586,13591,0,0,5,13586
0x114b466,99.991%,5,55588,55593,54809,1,4,779
0x16262fb,99.9842%,5,31642,31647,0,0,5,31642
0x114ea85,99.9623%,5,13247,13252,0,0,5,13247
0x1147a70,99.9959%,5,122360,122365,4876,0,5,117484
0x162625a,99.9842%,5,31642,31647,31642,5,0,0
0x15f3cb5,99.9842%,5,31642,31647,0,0,5,31642
0x15f3cbd,99.9842%,5,31642,31647,31642,5,0,0
0x114c290,82.7586%,5,24,29,0,0,5,24
0x114c5d6,98.9858%,5,488,493,464,0,5,24
0x114d8c6,99.6774%,5,1545,1550,0,0,5,1545
0x167441c,99.9626%,5,13356,13361,13356,5,0,0
0x1626658,99.9842%,5,31642,31647,0,0,5,31642
0x162624d,99.9842%,5,31642,31647,31642,5,0,0
0x114c0e9,99.9624%,5,13306,13311,12523,5,0,783
0x114e818,99.9623%,5,13247,13252,13247,5,0,0
0x15f3cfe,99.9842%,5,31642,31647,31642,5,0,0
0x114ac60,99.9907%,5,53671,53676,52919,1,4,752
0x1147631,99.9524%,5,10489,10494,6994,2,3,3495
0x1626307,99.9874%,4,31643,31647,31643,4,0,0
0x114be13,99.4891%,4,779,783,0,0,4,779
0x114a881,99.9925%,4,53672,53676,0,0,4,53672
0x114d8a9,99.9728%,4,14722,14726,0,0,4,14722
0x114c413,99.9854%,4,27401,27405,26619,3,1,782
0x11460ff,99.9919%,4,49433,49437,0,0,4,49433
0x1147962,99.9983%,4,241231,241235,241231,4,0,0
0x11471f8,99.9841%,4,25112,25116,16742,2,2,8370
0x114e42c,99.9449%,4,7258,7262,3126,1,3,4132
0x114e843,99.9906%,4,42337,42341,42337,4,0,0
0x114cb57,99.9485%,4,7768,7772,0,0,4,7768
0x168002c,99.9691%,4,12924,12928,12924,4,0,0
0x162629c,99.9874%,4,31643,31647,0,0,4,31643
0x114a8f9,99.9944%,3,53673,53676,15,0,3,53658
0x16262ef,99.9905%,3,31644,31647,0,0,3,31644
0x1668778,99.7972%,3,1476,1479,0,0,3,1476
0x162626e,99.9905%,3,31644,31647,0,0,3,31644
0x114ccf8,99.9526%,3,6326,6329,0,2,1,6326
0x1148ffb,99.8491%,3,1985,1988,1957,3,0,28
0x114e19b,99.9858%,3,21108,21111,258,0,3,20850
0x114e162,99.9601%,3,7517,7520,258,0,3,7259
0x114ddf1,99.9946%,3,55590,55593,0,0,3,55590
0x114ad43,99.6032%,3,753,756,0,0,3,753
0x1147206,99.9642%,3,8369,8372,0,0,3,8369
0x1626279,99.9905%,3,31644,31647,0,0,3,31644
0x1626320,99.9905%,3,31644,31647,31644,3,0,0
0x16800d7,99.9845%,2,12926,12928,0,0,2,12926
0x114713d,99.9761%,2,8370,8372,0,0,2,8370
0x11504da,99.7372%,2,759,761,0,0,2,759
0x1146b5e,99.9676%,2,6174,6176,0,0,2,6174
0x1146ec7,99.9761%,2,8370,8372,0,0,2,8370
0x168001c,99.9845%,2,12926,12928,12926,2,0,0
0x1680043,99.9845%,2,12926,12928,1522,0,2,11404
0x114e2fb,99.989%,2,18191,18193,0,0,2,18191
0x1147197,99.9761%,2,8370,8372,0,0,2,8370
0x1669cdd,99.9342%,2,3038,3040,0,0,2,3038
0x114c4c8,99.7446%,2,781,783,754,0,2,27
0x1680108,99.9943%,2,34966,34968,8371,1,1,26595
0x114763d,99.9428%,2,3496,3498,0,0,2,3496
0x1146de4,99.9761%,2,8370,8372,0,0,2,8370
0x114ea18,99.9849%,2,13250,13252,13250,2,0,0
0x1668745,99.9355%,2,3101,3103,0,0,2,3101
0x1148eee,99.7354%,2,754,756,728,0,2,26
0x162623c,99.9937%,2,31645,31647,0,0,2,31645
0x166c3bc,99.9355%,2,3101,3103,3101,2,0,0
0x114e175,99.9734%,2,7518,7520,258,0,2,7260
0x114e2e8,99.9725%,2,7260,7262,0,0,2,7260
0x114a207,92.8571%,2,26,28,0,0,2,26
0x114e3c3,99.9725%,2,7260,7262,0,0,2,7260
0x16262dc,99.9937%,2,31645,31647,0,0,2,31645
0x114d8e8,99.9964%,2,55591,55593,54809,1,1,782
0x166a3d4,99.9195%,1,1241,1242,1073,1,0,168
0x16800de,99.9923%,1,12927,12928,0,0,1,12927
0x1668059,99.7972%,1,492,493,0,0,1,492
0x16687df,99.9324%,1,1478,1479,87,0,1,1391
0x1669d14,99.8918%,1,923,924,251,1,0,672
0x11470a5,99.9881%,1,8371,8372,0,0,1,8371
0x114a77c,99.9981%,1,53675,53676,0,0,1,53675
0x16687b7,99.9324%,1,1478,1479,0,0,1,1478
0x11476f4,99.9795%,1,4874,4875,0,0,1,4874
0x166c39a,99.9678%,1,3102,3103,0,0,1,3102
0x1669fa7,99.8305%,1,589,590,56,1,0,533
0x1626045,0%,1,0,1,0,1,0,0
0x1146f46,99.9881%,1,8371,8372,8371,1,0,0
0x166a3e8,99.9195%,1,1241,1242,783,1,0,458
0x11472b0,99.9881%,1,8371,8372,0,0,1,8371
0x114b3ec,99.9982%,1,55592,55593,0,0,1,55592
0x1668953,99.8811%,1,840,841,0,0,1,840
0x1147b1b,99.9772%,1,4385,4386,0,0,1,4385
0x1147856,99.9795%,1,4874,4875,0,0,1,4874
0x1669efd,98.8095%,1,83,84,27,1,0,56
0x11471c0,99.9881%,1,8371,8372,0,0,1,8371
0x1668c6e,99.9384%,1,1623,1624,0,0,1,1623
0x1146e35,99.9881%,1,8371,8372,0,0,1,8371
0x1668767,99.9324%,1,1478,1479,0,0,1,1478
0x1680017,99.9923%,1,12927,12928,12927,1,0,0
0x46efe6,99.9835%,1,6047,6048,5292,0,1,755
0x11470d6,99.9881%,1,8371,8372,0,0,1,8371
0x166a23d,99.8986%,1,985,986,985,1,0,0
0x114702e,99.9881%,1,8371,8372,0,0,1,8371
0x1680132,99.9962%,1,26595,26596,22039,1,0,4556
0x1147237,99.996%,1,25115,25116,16743,1,0,8372
0x114808e,99.9569%,1,2321,2322,0,0,1,2321
0x166bda0,99.9671%,1,3039,3040,0,0,1,3039
0x1146c2d,99.9838%,1,6175,6176,0,0,1,6175
0x166bd7c,99.9671%,1,3039,3040,3039,1,0,0
0x1668901,99.8811%,1,840,841,521,1,0,319
0x114c429,99.8723%,1,782,783,0,0,1,782
0x1668999,99.9384%,1,1623,1624,841,0,1,782
0x114e047,99.9762%,1,4206,4207,0,0,1,4206
0x16262c7,99.9968%,1,31646,31647,0,0,1,31646
0x114e767,99.8723%,1,782,783,0,0,1,782
0x1146b12,99.9994%,1,166751,166752,160575,1,0,6176
0x166a1f7,99.9418%,1,1717,1718,1241,1,0,476
0x1147009,99.9991%,1,109528,109529,0,0,1,109528
0x1669e29,99.9493%,1,1970,1971,0,0,1,1970
0x114b4b8,96.5517%,1,28,29,0,0,1,28
0x1668892,99.9384%,1,1623,1624,0,0,1,1623
0x114768e,99.9905%,1,10493,10494,6995,1,0,3498
0x114e4fb,99.9925%,1,13251,13252,0,0,1,13251
0x11476a2,99.9714%,1,3497,3498,0,0,1,3497
0x166bda5,99.9671%,1,3039,3040,0,0,1,3039
0x114c4e8,96.5517%,1,28,29,0,0,1,28
0x11475f4,99.9714%,1,3497,3498,0,0,1,3497
0x1626004,99.9739%,1,3832,3833,3832,1,0,0
0x114c83e,99.9514%,1,2058,2059,731,0,1,1327
0x1147319,99.996%,1,25115,25116,16744,0,1,8371
0x114dc57,99.8723%,1,782,783,0,0,1,782
0x1668c9a,99.9384%,1,1623,1624,0,0,1,1623
0x162664d,99.9968%,1,31646,31647,0,0,1,31646
0x114fe67,100%,0,53676,53676,52920,0,0,756
0x166aea7,100%,0,168,168,0,0,0,168
0x1680089,100%,0,4556,4556,0,0,0,4556
0x114fe01,100%,0,756,756,0,0,0,756
0x166880e,100%,0,1479,1479,87,0,0,1392
0x16800bf,100%,0,6088,6088,4566,0,0,1522
0x115067b,100%,0,28,28,0,0,0,28
0x115056e,100%,0,12936,12936,12176,0,0,760
0x1150657,100%,0,28,28,28,0,0,0
0x166bd73,100%,0,3040,3040,0,0,0,3040
0x11505fa,100%,0,2280,2280,1520,0,0,760
0x114a246,100%,0,28,28,0,0,0,28
0x1669c37,100%,0,986,986,986,0,0,0
0x1147e5c,100%,0,87,87,0,0,0,87
0x114f3cb,100%,0,29,29,0,0,0,29
0x114c65e,100%,0,87,87,58,0,0,29
0x1147d48,100%,0,87,87,0,0,0,87
0x1147d6f,100%,0,87,87,0,0,0,87
0x114f69b,100%,0,29,29,0,0,0,29
0x1668813,100%,0,1392,1392,1392,0,0,0
0x114fc13,100%,0,28,28,28,0,0,0
0x16687e4,100%,0,1392,1392,1392,0,0,0
0x114f689,100%,0,29,29,0,0,0,29
0x1668c87,100%,0,1624,1624,1624,0,0,0
0x1668c7a,100%,0,1624,1624,0,0,0,1624
0x114f677,100%,0,29,29,0,0,0,29
0x1668968,100%,0,841,841,667,0,0,174
0x114c485,100%,0,783,783,0,0,0,783
0x114f665,100%,0,29,29,0,0,0,29
0x114f653,100%,0,29,29,0,0,0,29
0x114aebb,100%,0,756,756,0,0,0,756
0x114f634,100%,0,29,29,0,0,0,29
0x1147f03,100%,0,86,86,0,0,0,86
0x1147db2,100%,0,87,87,0,0,0,87
0x16688f5,100%,0,1624,1624,783,0,0,841
0x114a3e2,100%,0,5292,5292,4536,0,0,756
0x1147df5,100%,0,87,87,0,0,0,87
0x114d95a,100%,0,29,29,0,0,0,29
0x114868c,100%,0,28,28,0,0,0,28
0x166bd37,100%,0,3040,3040,0,0,0,3040
0x1669c45,100%,0,986,986,0,0,0,986
0x114cfd8,100%,0,29,29,0,0,0,29
0x1147e94,100%,0,87,87,0,0,0,87
0x1147e38,100%,0,87,87,0,0,0,87
0x1147e26,100%,0,87,87,0,0,0,87
0x1147e14,100%,0,87,87,0,0,0,87
0x1150388,100%,0,761,761,0,0,0,761
0x1147e02,100%,0,87,87,0,0,0,87
0x1669e36,100%,0,1971,1971,0,0,0,1971
0x1669bda,100%,0,3040,3040,0,0,0,3040
0x1147de3,100%,0,87,87,0,0,0,87
0x166bd8b,100%,0,3040,3040,0,0,0,3040
0x166809d,100%,0,493,493,493,0,0,0
0x1147da0,100%,0,87,87,0,0,0,87
0x11501e9,100%,0,29,29,0,0,0,29
0x1147d8b,100%,0,87,87,0,0,0,87
0x1147d81,100%,0,87,87,0,0,0,87
0x114f6ad,100%,0,29,29,0,0,0,29
0x1148d5d,100%,0,2268,2268,1512,0,0,756
0x114c020,100%,0,783,783,0,0,0,783
0x114c05a,100%,0,783,783,0,0,0,783
0x166873d,100%,0,3103,3103,0,0,0,3103
0x114a1e3,100%,0,28,28,0,0,0,28
0x114c527,100%,0,29,29,0,0,0,29
0x114c7ec,100%,0,512,512,0,0,0,512
0x114a28c,100%,0,28,28,0,0,0,28
0x114c12c,100%,0,783,783,0,0,0,783
0x114a26c,100%,0,84,84,56,0,0,28
0x114a7c5,100%,0,53676,53676,0,0,0,53676
0x114c5e4,100%,0,29,29,0,0,0,29
0x114a23b,100%,0,476,476,448,0,0,28
0x114c18a,100%,0,2349,2349,1566,0,0,783
0x15f47a1,100%,0,28,28,28,0,0,0
0x114bd0c,100%,0,29,29,0,0,0,29
0x114a9a9,100%,0,28,28,0,0,0,28
0x1148fd3,100%,0,1988,1988,0,0,0,1988
0x1669e5d,100%,0,1971,1971,0,0,0,1971
0x1148f0a,100%,0,28,28,0,0,0,28
0x1148e83,100%,0,756,756,0,0,0,756
0x46f184,100%,0,756,756,0,0,0,756
0x1625f3f,100%,0,1,1,0,0,0,1
0x114d745,100%,0,58,58,0,0,0,58
0x114af9a,100%,0,28,28,0,0,0,28
0x114ae38,100%,0,28,28,0,0,0,28
0x114a8c6,100%,0,53676,53676,0,0,0,53676
0x114a669,100%,0,756,756,0,0,0,756
0x114aca2,100%,0,28,28,0,0,0,28
0x114a453,100%,0,28,28,0,0,0,28
0x114ca07,100%,0,783,783,0,0,0,783
0x114f454,100%,0,29,29,0,0,0,29
0x114c89f,100%,0,29,29,0,0,0,29
0x1668733,100%,0,3103,3103,0,0,0,3103
0x15f479d,100%,0,28,28,0,0,0,28
0x114a3b6,100%,0,756,756,0,0,0,756
0x114b40e,100%,0,55593,55593,0,0,0,55593
0x114c66f,100%,0,29,29,0,0,0,29
0x46eff2,100%,0,756,756,0,0,0,756
0x46efaf,100%,0,756,756,0,0,0,756
0x166a3bf,100%,0,1242,1242,0,0,0,1242
0x1669eb1,100%,0,56,56,28,0,0,28
0x1669ea8,100%,0,56,56,0,0,0,56
0x1669e96,100%,0,168,168,140,0,0,28
0x1145f8d,100%,0,1831,1831,0,0,0,1831
0x1669f83,100%,0,168,168,0,0,0,168
0x11467e4,100%,0,86,86,0,0,0,86
0x1669d22,100%,0,924,924,924,0,0,0
0x114f4cd,100%,0,29,29,0,0,0,29
0x166a3f7,100%,0,458,458,0,0,0,458
0x166a270,100%,0,924,924,924,0,0,0
0x166a3b5,100%,0,1242,1242,0,0,0,1242
0x166a0dd,100%,0,2474,2474,1718,0,0,756
0x166a0a6,100%,0,1998,1998,924,0,0,1074
0x1669d03,100%,0,924,924,0,0,0,924
0x114bbd3,100%,0,6057,6057,0,0,0,6057
0x114862a,100%,0,28,28,0,0,0,28
0x1145fad,100%,0,1831,1831,0,0,0,1831
0x1669e47,100%,0,1971,1971,1120,0,0,851
0x1669c80,100%,0,2054,2054,924,0,0,1130
0x1669cc9,100%,0,56,56,56,0,0,0
0x1148ddf,100%,0,28,28,0,0,0,28
0x114b6c0,100%,0,29,29,29,0,0,0
0x1148bab,100%,0,756,756,0,0,0,756
0x166a367,100%,0,252,252,252,0,0,0
0x1146cbe,100%,0,4874,4874,0,0,0,4874
0x1669f46,100%,0,28,28,0,0,0,28
0x1668f06,100%,0,87,87,0,0,0,87
0x1669f44,100%,0,28,28,0,0,0,28
0x1669f1f,100%,0,28,28,28,0,0,0
0x166891d,100%,0,319,319,0,0,0,319
0x1146daf,100%,0,8372,8372,0,0,0,8372
0x1669ca3,100%,0,56,56,0,0,0,56
0x166aea0,100%,0,168,168,0,0,0,168
0x114b54f,100%,0,2059,2059,2030,0,0,29
0x114a39f,100%,0,6048,6048,5292,0,0,756
0x114b28e,100%,0,29,29,0,0,0,29
0x11505a4,100%,0,760,760,0,0,0,760
0x166a1e6,100%,0,2856,2856,0,0,0,2856
0x1669e15,100%,0,3969,3969,1998,0,0,1971
0x166885b,100%,0,1624,1624,0,0,0,1624
0x114cf10,100%,0,783,783,0,0,0,783
0x1147e69,100%,0,87,87,0,0,0,87
0x1668ba0,100%,0,1624,1624,1624,0,0,0
0x166ae91,100%,0,168,168,0,0,0,168
0x166c3b3,100%,0,3103,3103,0,0,0,3103
0x1668f14,100%,0,87,87,0,0,0,87
0x1625f45,100%,0,1,1,1,0,0,0
0x114f4df,100%,0,29,29,0,0,0,29
0x114f3f7,100%,0,29,29,0,0,0,29
0x114d136,100%,0,783,783,0,0,0,783
0x166883e,100%,0,1624,1624,1624,0,0,0
0x166a466,100%,0,784,784,616,0,0,168
0x114a35a,100%,0,756,756,0,0,0,756
0x166bd5c,100%,0,3040,3040,0,0,0,3040
0x46f026,100%,0,5292,5292,4536,0,0,756
0x1146e91,100%,0,16744,16744,8372,0,0,8372
0x166a43c,100%,0,784,784,0,0,0,784
0x1680054,100%,0,12928,12928,0,0,0,12928
0x114f568,100%,0,29,29,0,0,0,29
0x1148d17,100%,0,2268,2268,0,0,0,2268
0x114e327,100%,0,18193,18193,0,0,0,18193
0x114630c,100%,0,1666,1666,0,0,0,1666
0x166a3de,100%,0,168,168,168,0,0,0
0x166a0e9,100%,0,756,756,756,0,0,0
0x114f3e5,100%,0,29,29,0,0,0,29
0x114e581,100%,0,783,783,754,0,0,29
0x1668729,100%,0,3103,3103,0,0,0,3103
0x11489ca,100%,0,28,28,0,0,0,28
0x1668bb5,100%,0,1624,1624,0,0,0,1624
0x166807a,100%,0,493,493,493,0,0,0
0x1147d3e,100%,0,87,87,0,0,0,87
0x114b574,100%,0,29,29,0,0,0,29
0x168009a,100%,0,12928,12928,11406,0,0,1522
0x114b5fb,100%,0,783,783,0,0,0,783
0x114f478,100%,0,29,29,0,0,0,29
0x166a39b,100%,0,1242,1242,0,0,0,1242
0x114f63e,100%,0,29,29,0,0,0,29
0x166bd4b,100%,0,3040,3040,3040,0,0,0
0x114d667,100%,0,783,783,0,0,0,783
0x114d451,100%,0,29,29,0,0,0,29
0x166a459,100%,0,784,784,168,0,0,616
0x114632c,100%,0,1666,1666,0,0,0,1666
0x114f58c,100%,0,29,29,0,0,0,29
0x1146af0,100%,0,6176,6176,0,0,0,6176
0x1146ca2,100%,0,131598,131598,126724,0,0,4874
0x1668832,100%,0,1624,1624,0,0,0,1624
0x1148cb0,100%,0,12852,12852,12096,0,0,756
0x16687ff,100%,0,1479,1479,1479,0,0,0
0x1146b24,100%,0,6176,6176,0,0,0,6176
0x114f59e,100%,0,29,29,0,0,0,29
0x1669e08,100%,0,1971,1971,0,0,0,1971
0x1147dd1,100%,0,87,87,0,0,0,87
0x1148cbb,100%,0,756,756,0,0,0,756
0x1146ef0,100%,0,8372,8372,0,0,0,8372
0x114cf40,100%,0,55593,55593,54810,0,0,783
0x1147ae8,100%,0,4386,4386,0,0,0,4386
0x1148a40,100%,0,756,756,0,0,0,756
0x1668f1b,100%,0,87,87,0,0,0,87
0x1668038,100%,0,290,290,29,0,0,261
0x1147d24,100%,0,87,87,0,0,0,87
0x1668867,100%,0,1624,1624,1624,0,0,0
0x1147dbc,100%,0,87,87,0,0,0,87
0x1668809,100%,0,1479,1479,0,0,0,1479
0x11478a9,100%,0,4875,4875,0,0,0,4875
0x114b621,100%,0,55593,55593,54810,0,0,783
0x166a157,100%,0,756,756,756,0,0,0
0x166bd97,100%,0,3040,3040,0,0,0,3040
0x16680f0,100%,0,493,493,493,0,0,0
0x1148c15,100%,0,756,756,0,0,0,756
0x114f2eb,100%,0,29,29,0,0,0,29
0x114f5b0,100%,0,29,29,0,0,0,29
0x46ef96,100%,0,756,756,0,0,0,756
0x11474fd,100%,0,3498,3498,3498,0,0,0
0x1146bfe,100%,0,6176,6176,0,0,0,6176
0x114b3be,100%,0,783,783,0,0,0,783
0x114f343,100%,0,783,783,0,0,0,783
0x1146fea,100%,0,8372,8372,0,0,0,8372
0x1146b99,100%,0,6176,6176,0,0,0,6176
0x1668008,100%,0,29,29,29,0,0,0
0x114ce7e,100%,0,29,29,0,0,0,29
0x114f544,100%,0,29,29,0,0,0,29
0x114f41e,100%,0,29,29,0,0,0,29
0x114f4bb,100%,0,29,29,0,0,0,29
0x1147be4,100%,0,2797,2797,2797,0,0,0
0x114f4a1,100%,0,29,29,0,0,0,29
0x114f487,100%,0,29,29,0,0,0,29
0x1150960,100%,0,28,28,28,0,0,0
0x114f466,100%,0,29,29,0,0,0,29
0x1669cae,100%,0,56,56,0,0,0,56
0x114f442,100%,0,29,29,0,0,0,29
0x114f430,100%,0,29,29,0,0,0,29
0x1148da5,100%,0,756,756,728,0,0,28
0x1146bc9,100%,0,6176,6176,0,0,0,6176
0x1147266,100%,0,8372,8372,0,0,0,8372
0x1149055,100%,0,28,28,28,0,0,0
0x1669fb4,100%,0,533,533,533,0,0,0
0x114f409,100%,0,29,29,0,0,0,29
0x1148acc,100%,0,28,28,0,0,0,28
0x1668913,100%,0,319,319,0,0,0,319
0x1668d54,100%,0,783,783,783,0,0,0
0x1669c9a,100%,0,1130,1130,1074,0,0,56
0x16689b2,100%,0,783,783,783,0,0,0
0x114f5c2,100%,0,29,29,0,0,0,29
0x166893c,100%,0,174,174,87,0,0,87
0x1147c1b,100%,0,2797,2797,0,0,0,2797
0x114f627,100%,0,29,29,0,0,0,29
0x114b867,100%,0,783,783,0,0,0,783
0x1668799,100%,0,1479,1479,1479,0,0,0
0x1147e7b,100%,0,87,87,0,0,0,87
0x114f615,100%,0,29,29,0,0,0,29
0x114f600,100%,0,29,29,0,0,0,29
0x114f5f6,100%,0,29,29,0,0,0,29
0x1669253,100%,0,1624,1624,1624,0,0,0
0x168006a,100%,0,12928,12928,8372,0,0,4556
0x114f57a,100%,0,29,29,0,0,0,29
0x16688aa,100%,0,1624,1624,1624,0,0,0
0x114f556,100%,0,29,29,0,0,0,29
0x114f532,100%,0,29,29,0,0,0,29
0x114f520,100%,0,29,29,0,0,0,29
0x114f50b,100%,0,29,29,0,0,0,29
0x114f4f4,100%,0,29,29,0,0,0,29
0x114bf34,100%,0,29,29,0,0,0,29
0x1668933,100%,0,319,319,145,0,0,174
0x1680148,100%,0,12928,12928,12928,0,0,0
0x1147e4a,100%,0,87,87,0,0,0,87
0x114ef73,100%,0,55593,55593,0,0,0,55593
0x114edfb,100%,0,29,29,0,0,0,29
0x114edd3,100%,0,783,783,754,0,0,29
0x114f5dc,100%,0,29,29,0,0,0,29
0x114eac8,100%,0,13252,13252,0,0,0,13252
0x1147327,100%,0,8372,8372,0,0,0,8372
0x114e5a1,100%,0,29,29,0,0,0,29
0x114eea0,100%,0,783,783,0,0,0,783
0x16688a0,100%,0,1624,1624,0,0,0,1624
0x11475c3,100%,0,3498,3498,0,0,0,3498
0x114a5fa,100%,0,756,756,0,0,0,756
0x1668873,100%,0,1624,1624,0,0,0,1624
0x114a319,100%,0,756,756,756,0,0,0
0x1669edb,100%,0,252,252,168,0,0,84
0x114f4fe,100%,0,29,29,0,0,0,29
0x166c3a3,100%,0,3103,3103,0,0,0,3103
0x1669e7b,100%,0,252,252,252,0,0,0
0x114c380,100%,0,783,783,0,0,0,783
0x1668884,100%,0,1624,1624,0,0,0,1624
0x166878a,100%,0,1479,1479,0,0,0,1479
0x114efbc,100%,0,55593,55593,54810,0,0,783
0x114aa7f,100%,0,756,756,0,0,0,756
0x114c35f,100%,0,783,783,0,0,0,783
0x16680c9,100%,0,493,493,29,0,0,464
0x1668063,100%,0,493,493,0,0,0,493
0x166813e,100%,0,493,493,493,0,0,0
0x1668136,100%,0,493,493,0,0,0,493
0x166bd23,100%,0,3040,3040,0,0,0,3040
0x1147ca4,100%,0,4875,4875,0,0,0,4875
0x166817b,100%,0,290,290,261,0,0,29
0x114c46e,100%,0,783,783,0,0,0,783
0x1667ff9,100%,0,29,29,0,0,0,29
0x16689a5,100%,0,783,783,29,0,0,754
0x114f3ba,100%,0,29,29,0,0,0,29
0x114f10b,100%,0,783,783,0,0,0,783
0x114f02c,100%,0,29,29,0,0,0,29
0x114efa4,100%,0,55593,55593,0,0,0,55593
0x1147d5d,100%,0,87,87,0,0,0,87
