Branch PC,Accuracy,Mispredictions,Correct Predictions,Total,dir_t_pred_t,dir_t_pred_nt,dir_nt_pred_t,dir_nt_pred_nt
aggregate,98.6913%,339824,25626194,25966018,16024852,129092,210732,9601342
0x411cdb,96.3617%,31176,825705,856881,750350,12836,18340,75355
0x4120ef,96.4801%,28154,771688,799842,724577,8869,19285,47111
0x41ac73,94.5625%,26974,469101,496075,425879,14488,12486,43222
0x411480,94.9279%,26586,497575,524161,416024,8710,17876,81551
0x41ae23,95.5119%,20674,439963,460637,437431,1342,19332,2532
0x41104e,96.0528%,19166,466391,485557,415882,7070,12096,50509
0x410794,93.456%,17148,244893,262041,210605,5016,12132,34288
0x4130f0,97.666%,12230,511764,523994,456062,5494,6736,55702
0x412633,95.5215%,11720,249973,261693,40804,6717,5003,209169
0x412d38,98.5577%,11534,788141,799675,702538,3609,7925,85603
0x412e6e,99.0251%,8352,848363,856715,754033,3163,5189,94330
0x41321e,98.3578%,7971,477419,485390,427716,3711,4260,49703
0x4118ce,97.0509%,7165,235792,242957,140752,2519,4646,95040
0x4123df,89.2358%,7147,59249,66396,19961,4570,2577,39288
0x410341,96.0838%,6287,154251,160538,26411,3249,3038,127840
0x4134a1,97.8142%,5724,256150,261874,229018,3363,2361,27132
0x41acba,98.8508%,5701,490374,496075,387207,1386,4315,103167
0x412fb0,98.025%,4795,237995,242790,141507,2023,2772,96488
0x4135e8,97.8107%,3511,156860,160371,141134,1217,2294,15726
0x410c08,97.443%,3114,118669,121783,66320,1333,1781,52349
0x413360,98.3349%,2025,119591,121616,74765,598,1427,44826
0x401dc4,67.9825%,1314,2790,4104,2675,236,1078,115
0x401d33,70.346%,1217,2887,4104,654,729,488,2233
0x40c953,75.6113%,1167,3618,4785,2974,216,951,644
0x401ce3,71.8811%,1154,2950,4104,640,730,424,2310
0x40c713,77.6385%,1070,3715,4785,3651,182,888,64
0x40c3fc,78.2236%,1042,3743,4785,33,919,123,3710
0x40bdac,79.8328%,965,3820,4785,45,831,134,3775
0x41ad1f,99.5182%,948,195828,196776,174694,218,730,21134
0x40c0b8,81.5047%,885,3900,4785,3851,58,827,49
0x402c4d,76.5152%,837,2727,3564,280,585,252,2447
0x40f2d5,81.594%,836,3706,4542,3639,150,686,67
0x40f66f,89.1927%,755,6231,6986,5666,167,588,565
0x40218b,76.1995%,754,2414,3168,227,548,206,2187
0x402745,77.5253%,712,2456,3168,239,535,177,2217
0x409b7f,72.522%,657,1734,2391,61,533,124,1673
0x406a70,69.2783%,647,1459,2106,98,413,234,1361
0x409b47,85.7339%,624,3750,4374,1781,202,422,1969
0x4097ea,71.415%,602,1504,2106,51,460,142,1453
0x40aa4d,96.4354%,599,16205,16804,4,507,92,16201
0x40bcce,96.4541%,595,16185,16780,6,505,90,16179
0x40b308,96.4676%,594,16222,16816,9,502,92,16213
0x40bfff,88.0251%,573,4212,4785,3023,167,406,1189
0x415138,71.4506%,555,1389,1944,1336,135,420,53
0x401a84,71.965%,545,1399,1944,141,315,230,1258
0x40de8a,92.8947%,541,7073,7614,1523,312,229,5550
0x40a83e,88.2945%,512,3862,4374,3792,96,416,70
0x4157fb,74.177%,502,1442,1944,78,395,107,1364
0x4063e7,69.475%,500,1138,1638,36,365,135,1102
0x401cf1,88.0361%,491,3613,4104,3537,111,380,76
0x4087ef,70.1465%,489,1149,1638,24,377,112,1125
0x401cae,75.3601%,479,1465,1944,1338,150,329,127
0x40840b,70.8791%,477,1161,1638,50,354,123,1111
0x405b15,71.0012%,475,1163,1638,36,368,107,1127
0x40df85,93.7878%,473,7141,7614,6685,83,390,456
0x415803,80.7676%,441,1852,2293,1253,218,223,599
0x40c2fb,90.8046%,440,4345,4785,3059,131,309,1286
0x401d41,89.6442%,425,3679,4104,3575,73,352,104
0x406cc6,72.7566%,422,1127,1549,141,265,157,986
0x40332e,88.5522%,408,3156,3564,3148,20,388,8
0x402577,87.5%,396,2772,3168,2750,22,374,22
0x40f685,65.7415%,395,758,1153,640,120,275,118
0x40c657,91.8077%,392,4393,4785,3087,103,289,1306
0x41115f,99.3754%,391,62214,62605,19579,141,250,42635
0x406c9b,85.1072%,382,2183,2565,858,158,224,1325
0x402a91,88.0051%,380,2788,3168,2746,26,354,42
0x412660,99.3481%,377,57456,57833,53507,133,244,3949
0x404bfc,87.96%,373,2725,3098,2661,42,331,64
0x4114c1,99.644%,354,99073,99427,13238,138,216,85835
0x40f41e,76.6199%,350,1147,1497,1120,66,284,27
0x412629,99.4577%,348,63826,64174,10110,202,146,53716
0x40f702,90.8699%,339,3374,3713,2311,167,172,1063
0x411dc7,99.6638%,315,93380,93695,22275,183,132,71105
0x402e2f,81.2649%,314,1362,1676,794,100,214,568
0x41223d,99.5301%,312,66084,66396,18165,105,207,47919
0x407968,65.9692%,309,599,908,257,164,145,342
0x407353,88.1092%,305,2260,2565,2203,77,228,57
0x409574,81.4408%,304,1334,1638,1329,75,229,5
0x4068d3,81.746%,299,1339,1638,1336,68,231,3
0x4108ba,99.3645%,295,46125,46420,8839,204,91,37286
0x40564b,83.4609%,281,1418,1699,1261,57,224,157
0x411309,99.5564%,277,62161,62438,9196,100,177,52965
0x409d02,74.4164%,274,797,1071,562,83,191,235
0x40f567,92.738%,270,3448,3718,3445,48,222,3
0x4040f5,91.3114%,269,2827,3096,2813,56,213,14
0x41ae1d,99.9389%,268,438505,438773,89209,85,183,349296
0x40738b,87.3694%,266,1840,2106,1840,32,234,0
0x409cc8,70.2273%,262,618,880,75,156,106,543
0x401df5,86.677%,259,1685,1944,1684,44,215,1
0x40a88e,87.7493%,258,1848,2106,1848,24,234,0
0x406209,84.4322%,255,1383,1638,1379,25,230,4
0x409acd,82.5103%,255,1203,1458,831,141,114,372
0x41108f,99.5943%,254,62351,62605,9196,124,130,53155
0x401de2,81.5789%,252,1116,1368,807,105,147,309
0x40f714,79.6761%,251,984,1235,770,54,197,214
0x4114dd,99.7095%,250,85801,86051,85411,124,126,390
0x402e51,68.2864%,248,534,782,26,162,86,508
0x4084d5,84.9817%,246,1392,1638,1389,15,231,3
0x41158a,99.7546%,244,99183,99427,29751,148,96,69432
0x41515a,87.5%,243,1701,1944,1698,30,213,3
0x40acc3,98.3072%,243,14112,14355,12756,4,239,1356
0x401ad6,87.5%,243,1701,1944,1700,28,215,1
0x416203,88.0658%,232,1712,1944,1712,16,216,0
0x410c59,99.5714%,232,53898,54130,9889,92,140,44009
0x40565c,92.5097%,231,2853,3084,217,165,66,2636
0x403608,92.7261%,230,2932,3162,2927,38,192,5
0x41175c,99.7334%,229,85679,85908,85361,103,126,318
0x40d884,59.5745%,228,336,564,21,140,88,315
0x411d18,99.7548%,216,87880,88096,87447,75,141,433
0x4103a8,99.2819%,213,29447,29660,5908,79,134,23539
0x411923,99.7543%,212,86079,86291,85534,69,143,545
0x411196,98.93%,211,19509,19720,4390,115,96,15119
0x40b57b,98.558%,207,14148,14355,12723,37,170,1425
0x410473,99.3122%,204,29456,29660,10904,93,111,18552
0x40d632,88.1944%,204,1524,1728,1512,102,102,12
0x409965,87.4608%,200,1395,1595,1379,54,146,16
0x407765,83.8736%,199,1035,1234,16,128,71,1019
0x4046f4,83.4035%,197,990,1187,936,36,161,54
0x406ced,82.8521%,196,947,1143,801,50,146,146
0x4078de,67.6768%,192,402,594,60,109,83,342
0x403c89,93.9892%,190,2971,3161,2739,27,163,232
0x4089f0,66.725%,190,381,571,51,113,77,330
0x4110ab,99.6453%,189,53096,53285,52866,64,125,230
0x403c3c,84.4351%,186,1009,1195,977,22,164,32
0x40ca9e,91.1681%,186,1920,2106,1848,24,162,72
0x4083d5,68.6869%,186,408,594,390,60,126,18
0x40e266,97.5899%,183,7410,7593,6705,47,136,705
0x409c9f,86.034%,181,1115,1296,322,94,87,793
0x40d3ca,89.6991%,178,1550,1728,1509,27,151,41
0x40babf,91.6429%,176,1930,2106,1856,16,160,74
0x402ef2,89.3976%,176,1484,1660,1459,29,147,25
0x410edd,99.6831%,171,53792,53963,9881,76,95,43911
0x411cfc,99.8186%,170,93525,93695,5520,79,91,88005
0x409bbc,90.6511%,168,1629,1797,1615,26,142,14
0x40b317,98.9758%,167,16138,16305,14694,16,151,1444
0x404d3c,90.4845%,163,1550,1713,1528,36,127,22
0x40473e,94.7795%,161,2923,3084,2678,22,139,245
0x411c44,99.8392%,160,99359,99519,29737,68,92,69622
0x402de7,73.1544%,160,436,596,368,40,120,68
0x405c10,65.9483%,158,306,464,41,90,68,265
0x406c35,81.5205%,158,697,855,494,76,82,203
0x410fb4,99.7072%,158,53805,53963,16140,93,65,37665
0x410d56,99.0399%,157,16195,16352,4378,49,108,11817
0x411325,99.7102%,154,52988,53142,52801,58,96,187
0x40ca76,74.6269%,153,450,603,277,61,92,173
0x402e78,74.4108%,152,442,594,327,51,101,115
0x40aa5c,99.0732%,151,16142,16293,14692,6,145,1450
0x410d1a,99.7229%,150,53980,54130,16303,49,101,37677
0x411f5e,99.8396%,150,93378,93528,5495,80,70,87883
0x412645,99.9309%,148,214024,214172,6281,60,88,207743
0x4107ed,99.6833%,147,46273,46420,3900,36,111,42373
0x4113c4,99.7662%,146,62292,62438,19525,76,70,42767
0x411b94,99.8375%,140,86008,86148,85478,54,86,530
0x40950d,75.6567%,139,432,571,414,35,104,18
0x40d37d,63.13%,139,238,377,228,37,102,10
0x412276,99.2447%,138,18132,18270,5310,79,59,12822
0x408879,89.0057%,136,1101,1237,1085,30,106,16
0x406482,64.9351%,135,250,385,28,75,60,222
0x41212f,99.7809%,134,61020,61154,60396,40,94,624
0x40d145,64.7215%,133,244,377,0,91,42,244
0x40ced6,92.3611%,132,1596,1728,1596,20,112,0
0x40c9fb,65.0794%,132,246,378,75,48,84,171
0x410c75,99.701%,132,44017,44149,43932,43,89,85
0x411907,99.8686%,131,99555,99686,13341,54,77,86214
0x401f62,98.2926%,130,7484,7614,6738,30,100,746
0x409d27,88.3212%,128,968,1096,543,102,26,425
0x40f72e,69.3431%,126,285,411,249,27,99,36
0x40a862,91.4266%,125,1333,1458,1260,36,89,73
0x407449,96.4927%,125,3439,3564,3156,12,113,283
0x40daca,78.0142%,124,440,564,413,37,87,27
0x40d89e,69.4789%,123,280,403,11,87,36,269
0x40ea11,85.461%,123,723,846,723,29,94,0
0x40b22f,94.302%,120,1986,2106,1844,28,92,142
0x40ea00,98.424%,120,7494,7614,6741,27,93,753
0x401f73,85.8156%,120,726,846,726,26,94,0
0x412853,99.3449%,119,18045,18164,120,48,71,17925
0x4057b5,69.9495%,119,277,396,234,30,89,43
0x4103c4,99.4973%,119,23554,23673,23505,25,94,49
0x40db1a,93.1134%,119,1609,1728,1525,11,108,84
0x411f7a,99.8647%,119,87834,87953,87416,35,84,418
0x41295a,99.5116%,119,24245,24364,13735,36,83,10510
0x412024,99.8738%,118,93410,93528,22270,68,50,71140
0x40f39a,92.1333%,118,1382,1500,1378,35,83,4
0x40cbf3,96.7172%,117,3447,3564,3143,25,92,304
0x4119ca,99.8826%,117,99569,99686,29849,75,42,69720
0x4106ec,99.6067%,116,29377,29493,10814,64,52,18563
0x4108f6,98.7172%,116,8927,9043,4642,40,76,4285
0x412884,99.528%,115,24249,24364,1949,61,54,22300
0x409dc4,91.1265%,115,1181,1296,1148,4,111,33
0x412b00,99.8264%,115,66114,66229,5156,62,53,60958
0x411740,99.8852%,114,99146,99260,13298,54,60,85848
0x40e2ad,86.5248%,114,732,846,732,20,94,0
0x41ad47,99.9488%,112,218528,218640,196684,92,20,21844
0x410809,99.7364%,112,42372,42484,42240,58,54,132
0x4061a4,76.0776%,111,353,464,352,19,92,1
0x411b78,99.8885%,111,99408,99519,13314,57,54,86094
0x40e146,86.9976%,110,736,846,735,17,93,1
0x409c5b,74.7685%,109,323,432,238,50,59,85
0x40f692,72.2646%,109,284,393,276,32,77,8
0x412bcc,99.8369%,108,66121,66229,18117,33,75,48004
0x411a06,99.6391%,108,29816,29924,4395,61,47,25421
0x405b65,91.329%,107,1127,1234,1124,17,90,3
0x40e107,98.5867%,107,7464,7571,6710,22,85,754
0x40ca24,93.1101%,107,1446,1553,1445,41,66,1
0x40d15f,63.2867%,105,181,286,13,56,49,168
0x406b90,93.4169%,105,1490,1595,1483,17,88,7
0x40f6f2,98.5391%,102,6880,6982,3433,60,42,3447
0x4027b2,95.8229%,100,2294,2394,2293,33,67,1
0x40de09,88.1797%,100,746,846,743,9,91,3
0x411814,99.9013%,98,99162,99260,29740,40,58,69422
0x40cada,58.547%,97,137,234,137,19,78,0
0x410629,99.6711%,97,29396,29493,5905,58,39,23491
0x40a977,97.3345%,95,3469,3564,3158,10,85,311
0x40f2eb,87.5166%,94,659,753,650,22,72,9
0x409840,99.3452%,94,14261,14355,12737,23,71,1524
0x40645c,92.4818%,93,1144,1237,1140,25,68,4
0x412d46,99.5837%,93,22245,22338,4452,61,32,17793
0x402ca5,96.6284%,91,2608,2699,2607,24,67,1
0x40689c,76.6234%,90,295,385,291,22,68,4
0x40b885,94.3574%,90,1505,1595,1505,24,66,0
0x40e67f,68.4397%,89,193,282,178,10,79,15
0x412113,99.8675%,88,66308,66396,5206,36,52,61102
0x40224b,53.2258%,87,99,186,16,35,52,83
0x40eadd,95.6276%,85,1859,1944,1718,10,75,141
0x40e729,89.9527%,85,761,846,737,15,70,24
0x4124bf,99.6535%,85,24446,24531,13879,12,73,10567
0x4019b9,95.7305%,83,1861,1944,1705,23,60,156
0x4026a5,97.6992%,82,3482,3564,3138,30,52,344
0x40736f,90.5263%,81,774,855,752,8,73,22
0x40ca95,86.733%,80,523,603,515,21,59,8
0x4052c1,46.3087%,80,69,149,33,35,45,36
0x4058a9,97.7834%,79,3485,3564,3164,4,75,321
0x412b1c,99.8722%,78,60933,61011,60335,30,48,598
0x4021d2,96.7823%,77,2316,2393,2316,9,68,0
0x410a85,99.8335%,77,46176,46253,3880,32,45,42296
0x401dd6,98.1238%,77,4027,4104,2722,14,63,1305
0x4128a0,99.66%,76,22278,22354,22041,25,51,237
0x4033f9,97.8676%,76,3488,3564,3165,3,73,323
0x40df9f,91.0165%,76,770,846,740,12,64,30
0x404170,99.2957%,76,10715,10791,9589,3,73,1126
0x40f593,65.2778%,75,141,216,130,22,53,11
0x40defd,99.8558%,75,51936,52011,46184,48,27,5752
0x412403,99.7024%,73,24458,24531,1987,47,26,22471
0x41241f,99.6755%,73,22424,22497,22104,33,40,320
0x4079b2,82.8979%,72,349,421,9,40,32,340
0x413d30,66.6667%,72,144,216,144,48,24,0
0x408a57,82.5553%,71,336,407,317,26,45,19
0x40cbe7,99.7787%,71,32005,32076,28453,59,12,3552
0x40d861,98.6407%,69,5007,5076,4499,13,56,508
0x40c9a2,95.674%,69,1526,1595,1523,30,39,3
0x402c9d,99.7242%,67,24224,24291,21582,10,57,2642
0x40417c,94.412%,67,1132,1199,1129,11,56,3
0x4158e4,96.5535%,67,1877,1944,1874,15,52,3
0x4027e0,66.1616%,67,131,198,10,40,27,121
0x40d8e0,78.3607%,66,239,305,238,28,38,1
0x412fbe,99.7817%,65,29715,29780,4433,25,40,25282
0x41a64a,85.1852%,64,368,432,368,16,48,0
0x403284,55.5556%,64,80,144,72,24,40,8
0x40c9ff,74.902%,64,191,255,45,48,16,146
0x40e8b4,96.7078%,64,1880,1944,1715,13,51,165
0x4022cc,65.5738%,63,120,183,107,11,52,13
0x41ac53,99.968%,63,196713,196776,111133,25,38,85580
0x402595,84.0909%,63,333,396,333,19,44,0
0x409c15,78.0488%,63,224,287,2,46,17,222
0x408a76,74.3802%,62,180,242,16,34,28,164
0x410aa1,99.8536%,62,42279,42341,42203,24,38,76
0x40ca7a,76.6038%,62,203,265,136,18,44,67
0x417734,83.0556%,61,299,360,299,21,40,0
0x410ef9,99.8614%,61,43945,44006,43884,20,41,61
0x40f432,80.3859%,61,250,311,248,15,46,2
0x4030a2,57.6389%,61,83,144,83,29,32,0
0x403015,58.3333%,60,84,144,59,37,23,25
0x409bf9,62.1795%,59,97,156,77,14,45,20
0x40d561,96.5856%,59,1669,1728,1527,9,50,142
0x4058b5,85.101%,59,337,396,337,15,44,0
0x403e6c,85.101%,59,337,396,337,15,44,0
0x40b570,99.9543%,59,129136,129195,114811,29,30,14325
0x409d5f,91.0078%,58,587,645,558,25,33,29
0x410b54,99.8768%,57,46196,46253,8891,33,24,37305
0x40cbff,85.6061%,57,339,396,339,13,44,0
0x4030b3,60.4167%,57,87,144,81,15,42,6
0x403545,98.4287%,56,3508,3564,3165,3,53,343
0x40f745,58.5185%,56,79,135,72,20,36,7
0x406b35,99.6099%,56,14299,14355,9547,23,33,4752
0x407aa0,76.1905%,55,176,231,64,36,19,112
0x413418,99.5725%,55,12812,12867,0,0,55,12812
0x403690,99.489%,55,10709,10764,9534,34,21,1175
0x407a57,61.7021%,54,87,141,13,25,29,74
0x4048c9,86.3636%,54,342,396,342,10,44,0
0x407aff,61.7021%,54,87,141,78,14,40,9
0x40afcd,96.6144%,54,1541,1595,1541,12,42,0
0x4040f0,99.8062%,54,27810,27864,24758,10,44,3052
0x40d122,98.438%,53,3340,3393,3012,4,49,328
0x406335,97.4834%,53,2053,2106,1868,4,49,185
0x4179e3,76.4444%,53,172,225,152,0,53,20
0x46fda7,97.0991%,53,1774,1827,86,13,40,1688
0x4134b7,99.522%,52,10826,10878,5106,11,41,5720
0x40227d,95.7202%,52,1163,1215,1080,0,52,83
0x403600,99.8173%,52,28406,28458,25267,29,23,3139
0x40285c,71.7391%,52,132,184,122,8,44,10
0x411680,99.9317%,52,76130,76182,0,0,52,76130
0x40e662,93.8534%,52,794,846,533,31,21,261
0x40340f,86.8687%,52,344,396,344,8,44,0
0x40e8a8,99.7085%,51,17445,17496,15546,6,45,1899
0x40d1a3,76.4977%,51,166,217,162,17,34,4
0x40369c,95.7358%,51,1145,1196,1145,11,40,0
0x40e92a,97.3765%,51,1893,1944,1726,2,49,167
0x4089ff,98.635%,50,3613,3663,3243,13,37,370
0x4117ee,99.9806%,50,257230,257280,171354,18,32,85876
0x41155e,99.981%,49,257588,257637,171557,29,20,86031
0x40e62a,99.3539%,49,7535,7584,6742,1,48,793
0x410cee,99.963%,49,132224,132273,88108,16,33,44116
0x411ffe,99.9818%,48,263309,263357,175375,29,19,87934
0x414625,88.8889%,48,384,432,381,3,45,3
0x41043e,99.9323%,48,70828,70876,47166,37,11,23662
0x401aef,77.7778%,48,168,216,168,24,24,0
0x46fe2a,51.5152%,48,51,99,47,28,20,4
0x402f0f,91.7241%,48,532,580,521,7,41,11
0x402ae5,87.8788%,48,348,396,348,4,44,0
0x40ea3f,50%,47,47,94,12,12,35,35
0x41199e,99.9818%,47,258138,258185,171861,33,14,86277
0x40a983,88.1313%,47,349,396,349,3,44,0
0x40ca7f,89.5323%,47,402,449,402,47,0,0
0x401f94,50%,47,47,94,45,5,42,2
0x40ce12,97.338%,46,1682,1728,1532,4,42,150
0x40ca1a,87.8307%,46,332,378,332,4,42,0
0x45c367,99.7951%,45,21915,21960,0,0,45,21915
0x407455,88.6364%,45,351,396,351,1,44,0
0x412e1d,99.9579%,45,106905,106950,53436,39,6,53469
0x408b5a,81.1159%,44,189,233,40,31,13,149
0x40334d,88.8889%,44,352,396,352,0,44,0
0x407a87,75.419%,44,135,179,84,19,25,51
0x40e061,99.9355%,44,68158,68202,60612,12,32,7546
0x401503,71.2418%,44,109,153,84,18,26,25
0x46fdac,97.5596%,44,1759,1803,1759,44,0,0
0x4086ee,97.9582%,43,2063,2106,1867,5,38,196
0x4104b6,99.609%,43,10954,10997,5150,14,29,5804
0x41adab,99.9754%,43,174869,174912,174869,43,0,0
0x40f6a1,50.5882%,42,43,85,32,17,25,11
0x4019ad,99.7599%,42,17454,17496,15526,26,16,1928
0x402d90,93.1373%,42,570,612,402,6,36,168
0x4115c6,99.8595%,42,29857,29899,4488,17,25,25369
0x412bae,99.977%,42,182345,182387,121359,17,25,60986
0x408b7c,93.5837%,41,598,639,568,0,41,30
0x410b2e,99.9677%,41,126868,126909,84565,3,38,42303
0x409c20,82.8452%,41,198,239,0,17,24,198
0x4021cd,99.8096%,41,21496,21537,19115,29,12,2381
0x4057c6,69.697%,40,92,132,88,0,40,4
0x404045,98.8777%,40,3524,3564,3158,10,30,366
0x406d2d,86.3014%,40,252,292,251,5,35,1
0x408b14,60.396%,40,61,101,16,14,26,45
0x4033ed,99.8753%,40,32036,32076,28511,1,39,3525
0x40b9fe,77.9661%,39,138,177,118,0,39,20
0x407a6d,95.7929%,39,888,927,821,3,36,67
0x407ac2,95.6667%,39,861,900,797,3,36,64
0x40c8fb,99.8898%,38,34459,34497,30644,20,18,3815
0x411e06,99.8308%,38,22420,22458,4549,12,26,17871
0x4177a3,89.4444%,38,322,360,318,2,36,4
0x41308d,99.9756%,37,151895,151932,75948,18,19,75947
0x4020fd,98.9618%,37,3527,3564,3149,19,18,378
0x40f2f5,54.321%,37,44,81,11,19,18,33
0x46fed8,62.6263%,37,62,99,62,13,24,0
0x40465d,84.188%,37,197,234,187,21,16,10
0x41789f,69.7479%,36,83,119,75,5,31,8
0x40e71d,99.5272%,36,7578,7614,6751,17,19,827
0x41249e,99.9464%,36,67095,67131,44611,23,13,22484
0x410645,99.8513%,35,23495,23530,23433,26,9,62
0x409cdb,99.4008%,35,5806,5841,5179,13,22,627
0x40280d,97.3724%,35,1297,1332,1179,5,30,118
0x412df6,99.9345%,35,53440,53475,0,0,35,53440
0x406d49,65%,35,65,100,4,31,4,61
0x410e3d,99.9511%,35,71515,71550,35761,14,21,35754
0x40f2a3,99.2294%,35,4507,4542,3027,6,29,1480
0x403273,75.6944%,35,109,144,107,5,30,2
0x41ac10,99.92%,35,43693,43728,21844,20,15,21849
0x40bcdd,99.7849%,35,16234,16269,10992,15,20,5242
0x406b46,99.2894%,34,4751,4785,3182,8,26,1569
0x408bb9,66.3366%,34,67,101,44,7,27,23
0x41b59e,88.5906%,34,264,298,0,0,34,264
0x401eb4,63.8298%,34,60,94,0,0,34,60
0x405360,77.1812%,34,115,149,113,5,29,2
0x4013c2,77.7778%,34,119,153,119,15,19,0
0x40f325,99.2483%,34,4489,4523,3021,2,32,1468
0x41197a,99.9606%,34,86257,86291,0,0,34,86257
0x4106ce,99.9518%,34,70485,70519,46976,13,21,23509
0x41298f,99.7531%,34,13737,13771,3953,22,12,9784
0x40bfcb,99.1302%,34,3875,3909,0,0,34,3875
0x40b8ec,48.4848%,34,32,66,15,10,24,17
0x406d21,98.7443%,33,2595,2628,2313,23,10,282
0x4116ad,99.9783%,33,152331,152364,76162,20,13,76169
0x410f8e,99.975%,33,131883,131916,87903,7,26,43980
0x411d8e,99.9875%,33,263681,263714,175597,21,12,88084
0x412f5e,99.9567%,33,76155,76188,50788,4,29,25367
0x41292e,99.9506%,33,66741,66774,44407,13,20,22334
0x409b92,99.796%,33,16140,16173,14362,14,19,1778
0x40f578,85.7778%,32,193,225,191,6,26,2
0x40eb1b,85.1852%,32,184,216,184,8,24,0
0x40b95b,73.9837%,32,91,123,77,5,27,14
0x41621d,85.1852%,32,184,216,184,8,24,0
0x41088e,99.9749%,32,127234,127266,84777,5,27,42457
0x40469d,86.3248%,32,202,234,190,18,14,12
0x40743d,99.9034%,31,32045,32076,28502,10,21,3543
0x41b3c3,98.8441%,31,2651,2682,2379,5,26,272
0x40e73a,67.0213%,31,63,94,4,6,25,59
0x40bae1,86.7521%,31,203,234,203,5,26,0
0x46fec2,93.7374%,31,464,495,376,20,11,88
0x409df7,92.8241%,31,401,432,383,1,30,18
0x41ae54,99.9291%,31,43697,43728,21862,2,29,21835
0x411c1e,99.988%,31,257797,257828,171666,14,17,86131
0x408837,99.7305%,30,11103,11133,9889,7,23,1214
0x417904,90.8257%,30,297,327,292,2,28,5
0x401b23,98.4568%,30,1914,1944,1715,13,17,199
0x4126d1,87.6543%,30,213,243,213,3,27,0
0x407460,34.0909%,29,15,44,12,6,23,3
0x41a638,99.2541%,29,3859,3888,3447,9,20,412
0x40450c,50.8475%,29,30,59,18,15,14,12
0x409582,87.6068%,29,205,234,205,3,26,0
0x40c2cf,99.2581%,29,3880,3909,0,0,29,3880
0x413caa,39.5833%,29,19,48,1,23,6,18
0x41552b,99.5027%,29,5803,5832,0,0,29,5803
0x40b394,99.8049%,28,14327,14355,12759,1,27,1568
0x402942,77.7778%,28,98,126,96,2,26,2
0x41260c,99.8859%,28,24503,24531,13970,27,1,10533
0x40ead4,99.84%,28,17468,17496,15532,20,8,1936
0x41069d,99.881%,28,23502,23530,0,0,28,23502
0x41b5a8,90.604%,28,270,298,0,0,28,270
0x417931,89.6679%,28,243,271,242,1,27,1
0x402a03,77.7778%,28,98,126,97,1,27,1
0x40b034,35.7143%,27,15,42,2,1,26,13
0x41322c,99.8337%,27,16206,16233,4369,11,16,11837
0x41482e,81.25%,27,117,144,94,2,25,23
0x40b0d9,76.9231%,27,90,117,78,0,27,12
0x401b2c,87.5%,27,189,216,189,3,24,0
0x414270,87.5%,27,189,216,187,5,22,2
0x40ba30,59.0909%,27,39,66,13,21,6,26
0x4015c1,98.6111%,27,1917,1944,1725,3,24,192
0x409bb7,99.8331%,27,16146,16173,14362,14,13,1784
0x4084e1,88.4615%,27,207,234,207,1,26,0
0x4055be,90%,27,243,270,240,0,27,3
0x408b27,95.7746%,27,612,639,566,2,25,46
0x4140b8,62.5%,27,45,72,45,3,24,0
0x414202,43.75%,27,21,48,21,3,24,0
0x414e6e,87.5%,27,189,216,189,3,24,0
0x45c9ca,99.877%,27,21933,21960,0,0,27,21933
0x414025,87.963%,26,190,216,190,2,24,0
0x40f59e,59.375%,26,38,64,34,4,22,4
0x40b24f,88.8889%,26,208,234,208,0,26,0
0x406932,88.8889%,26,208,234,208,0,26,0
0x40afde,38.0952%,26,16,42,0,0,26,16
0x40621c,88.8889%,26,208,234,208,0,26,0
0x40ced1,99.8328%,26,15526,15552,13809,15,11,1717
0x40b1fb,73.7374%,26,73,99,65,1,25,8
0x40e7ee,72.3404%,26,68,94,57,13,13,11
0x40f1da,89.3004%,26,217,243,216,0,26,1
0x4073aa,88.8889%,26,208,234,208,0,26,0
0x4155e6,99.8514%,26,17470,17496,11662,2,24,5808
0x45a255,99.8816%,26,21934,21960,0,0,26,21934
0x4058c6,40.9091%,26,18,44,16,2,24,2
0x40a8ad,88.8889%,26,208,234,208,0,26,0
0x411aed,99.983%,26,152782,152808,76401,3,23,76381
0x40ddfd,99.6585%,26,7588,7614,6752,16,10,836
0x4121ae,99.9863%,25,182719,182744,121569,21,4,61150
0x40cc13,43.1818%,25,19,44,18,2,23,1
0x414ffe,88.4259%,25,191,216,191,1,24,0
0x40acb8,99.9806%,25,129170,129195,114833,7,18,14337
0x40eb6a,88.4259%,25,191,216,191,1,24,0
0x41218a,99.9591%,25,61129,61154,0,0,25,61129
0x41153a,99.9709%,25,86026,86051,0,0,25,86026
0x4157b6,99.8571%,25,17471,17496,11659,5,20,5812
0x4124f6,99.82%,25,13866,13891,4022,1,24,9844
0x403290,47.9167%,25,23,48,16,16,9,7
0x40f124,89.7119%,25,218,243,215,1,24,3
0x408b40,77.0642%,25,84,109,59,12,13,25
0x414055,88.4259%,25,191,216,191,1,24,0
0x415166,88.8889%,24,192,216,192,0,24,0
0x40d414,87.5%,24,168,192,168,0,24,0
0x414d9b,50%,24,24,48,24,0,24,0
0x40a96b,99.9252%,24,32052,32076,28505,7,17,3547
0x415107,88.8889%,24,192,216,192,0,24,0
0x40a992,45.4545%,24,20,44,1,17,7,19
0x413ff5,88.8889%,24,192,216,192,0,24,0
0x40e8c0,88.8889%,24,192,216,192,0,24,0
0x415da7,85.4545%,24,141,165,109,1,23,32
0x40e936,88.8889%,24,192,216,192,0,24,0
0x413f9b,0%,24,0,24,0,24,0,0
0x46fe4f,75%,24,72,96,71,1,23,1
0x4141b4,66.6667%,24,48,72,48,0,24,0
0x4179f0,67.1233%,24,49,73,49,0,24,0
0x40d1db,36.8421%,24,14,38,2,18,6,12
0x4015d6,88.8889%,24,192,216,192,0,24,0
0x414135,66.6667%,24,48,72,48,0,24,0
0x413619,50%,24,24,48,0,24,0,24
0x401e2c,88.8889%,24,192,216,192,0,24,0
0x40e1e0,99.9649%,24,68358,68382,60773,11,13,7585
0x412c00,99.8678%,24,18126,18150,5324,17,7,12802
0x4019c5,88.8889%,24,192,216,192,0,24,0
0x40db5c,87.5%,24,168,192,168,0,24,0
0x40eaeb,88.8889%,24,192,216,192,0,24,0
0x405b1e,98.0551%,24,1210,1234,0,0,24,1210
0x40844d,99.7929%,23,11083,11106,9859,13,10,1224
0x40d920,41.0256%,23,16,39,3,16,7,13
0x402d9c,88.7255%,23,181,204,133,3,20,48
0x40279d,99.8933%,23,21523,21546,19141,11,12,2382
0x413c8f,84.0278%,23,121,144,73,23,0,48
0x40b0a6,80.3419%,23,94,117,76,2,21,18
0x4116c2,99.9698%,23,76159,76182,50771,17,6,25388
0x401f4f,99.9664%,23,68503,68526,60901,11,12,7602
0x41b015,92.2819%,23,275,298,0,0,23,275
0x40cb1f,71.7949%,22,56,78,50,2,20,6
0x404385,62.7119%,22,37,59,2,4,18,35
0x40b9a6,62.7119%,22,37,59,0,0,22,37
0x415670,98.8683%,22,1922,1944,0,0,22,1922
0x40763c,98.9554%,22,2084,2106,1859,13,9,225
0x411edd,99.9795%,22,107360,107382,53682,9,13,53678
0x410f62,99.9523%,21,43985,44006,0,0,21,43985
0x412a4e,99.9643%,21,58755,58776,29373,15,6,29382
0x40b986,82.9268%,21,102,123,82,0,21,20
0x405638,30%,21,9,30,7,7,14,2
0x402ea9,90.2778%,21,195,216,195,2,19,0
0x45c3c7,99.9044%,21,21939,21960,0,0,21,21939
0x40e792,97.4074%,21,789,810,716,4,17,73
0x409924,99.8537%,21,14334,14355,9565,5,16,4769
0x4130fe,99.8929%,21,19580,19601,4449,9,12,15131
0x45c9e3,99.9044%,21,21939,21960,0,0,21,21939
0x401412,86.9281%,20,133,153,132,4,16,1
0x4117bf,99.9767%,20,85888,85908,0,0,20,85888
0x40bcf4,99.6199%,20,5242,5262,3657,10,10,1585
0x410e52,99.9441%,20,35755,35775,23844,6,14,11911
0x40588e,99.4388%,20,3544,3564,0,0,20,3544
0x41afe7,93.2886%,20,278,298,278,20,0,0
0x408a52,99.454%,20,3643,3663,3247,9,11,396
0x402102,94.9495%,20,376,396,0,0,20,376
0x411631,99.9737%,20,76162,76182,76162,20,0,0
0x41aaec,99.9085%,20,21844,21864,0,0,20,21844
0x4064d8,68.75%,20,44,64,2,14,6,42
0x40f2b3,99.3406%,20,3013,3033,1517,2,18,1496
0x411fdd,99.9773%,20,87933,87953,0,0,20,87933
0x411ac0,99.9738%,20,76384,76404,0,0,20,76384
0x40cf0a,98.0159%,20,988,1008,885,11,9,103
0x409d70,96.4158%,20,538,558,494,2,18,44
0x411b29,99.9809%,19,99667,99686,99667,19,0,0
0x410a16,99.9591%,19,46401,46420,46401,19,0,0
0x40bf9f,99.946%,19,35162,35181,31256,16,3,3906
0x410cca,99.957%,19,44130,44149,0,0,19,44130
0x4146ca,95.6019%,19,413,432,286,2,17,127
0x410e10,99.9469%,19,35756,35775,0,0,19,35756
0x408874,99.8293%,19,11114,11133,9885,11,8,1229
0x417892,94.6779%,19,338,357,237,1,18,101
0x411bef,99.9779%,19,86129,86148,0,0,19,86129
0x40b186,47.2222%,19,17,36,16,8,11,1
0x40ea92,86.4286%,19,121,140,54,16,3,67
0x40af3a,99.8676%,19,14336,14355,12750,10,9,1586
0x40f6b1,47.2222%,19,17,36,5,10,9,12
0x402da1,72.0588%,19,49,68,0,0,19,49
0x40da4a,10%,18,2,20,1,18,0,1
0x415d96,96.3636%,18,477,495,330,0,18,147
0x40791d,99.5294%,18,3807,3825,3399,1,17,408
0x41a530,62.5%,18,30,48,0,0,18,30
0x415435,99.0741%,18,1926,1944,0,0,18,1926
0x41267d,99.9266%,18,24513,24531,24496,8,10,17
0x41aafc,99.9177%,18,21846,21864,0,0,18,21846
0x41336e,99.7983%,18,8906,8924,4630,5,13,4276
0x4177e0,95%,18,342,360,319,1,17,23
0x40b045,53.8462%,18,21,39,0,0,18,21
0x41041a,99.9282%,17,23656,23673,0,0,17,23656
0x4014f2,88.8889%,17,136,153,136,15,2,0
0x412832,99.9306%,17,24487,24504,6341,0,17,18146
0x40c5ef,99.9507%,17,34480,34497,30660,4,13,3820
0x4013d0,88.8889%,17,136,153,136,0,17,0
0x41ac79,99.9695%,17,55691,55708,55691,17,0,0
0x40135c,88.8889%,17,136,153,135,1,16,1
0x40d62d,99.8907%,17,15535,15552,13822,2,15,1713
0x41112e,99.9893%,17,159483,159500,106209,6,11,53274
0x406b8b,99.8816%,17,14338,14355,12756,4,13,1582
0x40f315,55.2632%,17,21,38,13,6,11,8
0x45c9d3,99.9226%,17,21943,21960,0,0,17,21943
0x405c98,63.0435%,17,29,46,3,10,7,26
0x40f39f,80.4598%,17,70,87,67,0,17,3
0x4131ac,99.9626%,17,45412,45429,0,0,17,45412
0x412b7d,99.9721%,17,60994,61011,0,0,17,60994
0x41b4df,98.2103%,16,878,894,282,16,0,596
0x403111,88.8889%,16,128,144,128,0,16,0
0x4046ad,38.4615%,16,10,26,9,3,13,1
0x402ece,89.3333%,16,134,150,134,0,16,0
0x40e9f4,99.9767%,16,68510,68526,60906,6,10,7604
0x4030bf,66.6667%,16,32,48,32,0,16,0
0x411b02,99.9791%,16,76388,76404,50921,15,1,25467
0x40479d,85.1852%,16,92,108,92,4,12,0
0x405b5d,99.8559%,16,11090,11106,9868,4,12,1222
0x4031f5,66.6667%,16,32,48,31,1,15,1
0x40e91b,92.5926%,16,200,216,0,0,16,200
0x40150f,68.6275%,16,35,51,33,1,15,2
0x4157c7,99.7257%,16,5816,5832,3887,1,15,1929
0x402f3f,88.8889%,16,128,144,128,0,16,0
0x40bd0d,99.6656%,16,4769,4785,0,0,16,4769
0x40589d,99.9501%,16,32060,32076,28500,12,4,3560
0x402819,89.1892%,16,132,148,131,2,14,1
0x4056ff,87.3016%,16,110,126,110,2,14,0
0x4031d6,89.5833%,15,129,144,96,0,15,33
0x412da1,99.9719%,15,53460,53475,53460,15,0,0
0x40f3b3,80.2632%,15,61,76,57,2,13,4
0x415de5,90.9091%,15,150,165,45,10,5,105
0x40641f,99.8653%,15,11118,11133,9886,10,5,1232
0x41139e,99.9906%,15,159128,159143,105996,5,10,53132
0x41b449,99.4407%,15,2667,2682,1788,0,15,879
0x405a0a,93.5897%,15,219,234,0,0,15,219
0x40d914,95.7265%,15,336,351,312,0,15,24
0x41306c,99.9803%,15,75951,75966,0,0,15,75951
0x417924,94.5652%,15,261,276,0,5,10,261
0x41ab81,99.9314%,15,21849,21864,0,0,15,21849
0x40d1cf,95.614%,15,327,342,304,0,15,23
0x45c3bb,99.9317%,15,21945,21960,0,0,15,21945
0x40288f,88.0952%,15,111,126,106,6,9,5
0x4029c1,88.8889%,14,112,126,112,0,14,0
0x4038a6,65%,14,26,40,23,4,10,3
0x40302b,70.8333%,14,34,48,32,0,14,2
0x402a11,88.8889%,14,112,126,112,0,14,0
0x408a81,92.7083%,14,178,192,176,2,12,2
0x4131cd,99.9846%,14,90844,90858,45419,10,4,45425
0x4155bf,99.7599%,14,5818,5832,0,0,14,5818
0x405c4d,99.5329%,14,2983,2997,2657,7,7,326
0x402900,88.8889%,14,112,126,112,0,14,0
0x402950,88.8889%,14,112,126,111,1,13,1
0x40f5dd,30%,14,6,20,0,12,2,6
0x417634,70.2128%,14,33,47,1,6,8,32
0x402842,88.8889%,14,112,126,112,0,14,0
0x412ccd,99.9818%,14,76840,76854,38419,8,6,38421
0x40573c,88.8889%,14,112,126,112,0,14,0
0x402971,88.8889%,14,112,126,112,0,14,0
0x40f6c6,30%,14,6,20,2,7,7,4
0x401420,90.8497%,14,139,153,136,0,14,3
0x40e0c5,61.1111%,14,22,36,0,10,4,22
0x412ac8,99.9789%,14,66215,66229,0,0,14,66215
0x41126d,99.9847%,14,91276,91290,45637,8,6,45639
0x41a512,70.8333%,14,34,48,0,0,14,34
0x40e0d5,46.1538%,14,12,26,2,5,9,10
0x411eee,99.9739%,14,53677,53691,35785,9,5,17892
0x458d6d,99.9408%,13,21947,21960,0,0,13,21947
0x411eba,99.9758%,13,53678,53691,0,0,13,53678
0x4155fc,99.7771%,13,5819,5832,3888,0,13,1931
0x405c52,96.0961%,13,320,333,314,5,8,6
0x417a8b,72.3404%,13,34,47,34,7,6,0
0x40775d,99.8829%,13,11093,11106,9870,2,11,1223
0x40eb0d,93.9815%,13,203,216,0,0,13,203
0x4064c2,95.3901%,13,269,282,262,4,9,7
0x409d75,79.0323%,13,49,62,49,5,8,0
0x45c3d5,99.9408%,13,21947,21960,0,0,13,21947
0x4175a4,75.9259%,13,41,54,41,7,6,0
0x40bcc9,99.7748%,13,5760,5773,0,0,13,5760
0x417aab,51.8519%,13,14,27,13,11,2,1
0x40633a,94.4444%,13,221,234,0,0,13,221
0x413a10,72.9167%,13,35,48,0,0,13,35
0x40f3d1,40.9091%,13,9,22,0,13,0,9
0x4056cd,89.6825%,13,113,126,112,0,13,1
0x41b25d,97.9866%,12,584,596,286,12,0,298
0x40b0eb,71.4286%,12,30,42,30,0,12,0
0x40561d,95.5556%,12,258,270,238,2,10,20
0x4132fd,99.9831%,12,71106,71118,35558,1,11,35548
0x4047fc,88.8889%,12,96,108,96,0,12,0
0x40b15b,66.6667%,12,24,36,24,0,12,0
0x4129d1,99.9592%,12,29376,29388,29376,12,0,0
0x405429,61.2903%,12,19,31,1,0,12,18
0x4028b4,14.2857%,12,2,14,0,0,12,2
0x41127e,99.9737%,12,45633,45645,30426,4,8,15207
0x4047cd,88.8889%,12,96,108,96,0,12,0
0x40d19e,99.3856%,12,1941,1953,1733,3,9,208
0x402e9d,99.3827%,12,1932,1944,1726,2,10,206
0x41124a,99.9737%,12,45633,45645,0,0,12,45633
0x45a20a,99.9454%,12,21948,21960,0,0,12,21948
0x407aab,90.8397%,12,119,131,0,3,9,119
0x410b02,99.9717%,12,42329,42341,0,0,12,42329
0x45c353,99.9454%,12,21948,21960,0,0,12,21948
0x409960,99.9234%,11,14344,14355,12758,2,9,1586
0x45c3d0,99.9499%,11,21949,21960,0,0,11,21949
0x40f446,77.0833%,11,37,48,0,0,11,37
0x409938,99.7701%,11,4774,4785,3188,2,9,1586
0x40eb12,99.4342%,11,1933,1944,1727,1,10,206
0x40b226,88.8889%,11,88,99,66,0,11,22
0x40b995,83.3333%,11,55,66,1,6,5,54
0x40571c,91.2698%,11,115,126,111,1,10,4
0x40bab6,88.5417%,11,85,96,63,1,10,22
0x40e066,99.8548%,11,7567,7578,7567,4,7,0
0x4023f0,59.2593%,11,16,27,16,8,3,0
0x458da8,99.9499%,11,21949,21960,0,0,11,21949
0x40f5a8,57.6923%,11,15,26,0,0,11,15
0x411e51,99.9795%,11,53680,53691,53680,11,0,0
0x40a94c,97.2222%,11,385,396,0,0,11,385
0x40f309,77.551%,11,38,49,3,8,3,35
0x40e79e,87.7778%,11,79,90,79,1,10,0
0x40d8db,99.5993%,11,2734,2745,2437,3,8,297
0x4156eb,99.8114%,11,5821,5832,0,0,11,5821
0x4178f3,96.6967%,11,322,333,0,6,5,322
0x412f4d,99.9928%,11,152365,152376,76182,6,5,76183
0x40aada,99.9234%,11,14344,14355,12756,4,7,1588
0x40742e,99.7194%,10,3554,3564,0,0,10,3554
0x403a3a,75%,10,30,40,26,10,0,4
0x458e39,99.9545%,10,21950,21960,0,0,10,21950
0x406dfc,58.3333%,10,14,24,3,5,5,11
0x40d66e,99.0253%,10,1016,1026,909,3,7,107
0x41058d,99.9714%,10,34988,34998,17495,4,6,17493
0x41abe6,99.9771%,10,43718,43728,21862,2,8,21856
0x45a275,99.9545%,10,21950,21960,0,0,10,21950
0x4023e2,62.963%,10,17,27,17,4,6,0
0x412e7c,99.9664%,10,29795,29805,4401,8,2,25394
0x41137f,99.9812%,10,53132,53142,0,0,10,53132
0x41056d,99.9429%,10,17489,17499,0,0,10,17489
0x412ed1,99.9869%,10,76178,76188,76178,10,0,0
0x40f57e,64.2857%,10,18,28,17,2,8,1
0x41359e,99.9421%,10,17273,17283,11513,9,1,5760
0x41afa6,96.6443%,10,288,298,0,0,10,288
0x40e44b,99.8682%,10,7579,7589,0,0,10,7579
0x458dc9,99.959%,9,21951,21960,21951,9,0,0
0x40f2ff,82.3529%,9,42,51,1,1,8,41
0x411d6a,99.9898%,9,88087,88096,0,0,9,88087
0x458e0f,99.959%,9,21951,21960,21951,9,0,0
0x41235d,99.9884%,9,77277,77286,38641,2,7,38636
0x45c37b,99.959%,9,21951,21960,21951,9,0,0
0x40e243,55%,9,11,20,0,5,4,11
0x41795b,67.8571%,9,19,28,0,0,9,19
0x40f5bb,74.2857%,9,26,35,7,2,7,19
0x40481c,91.6667%,9,99,108,96,0,9,3
0x40cdff,95.3125%,9,183,192,0,0,9,183
0x41578e,99.8457%,9,5823,5832,0,0,9,5823
0x403266,81.25%,9,39,48,0,0,9,39
0x40c889,99.7652%,9,3824,3833,0,0,9,3824
0x412561,99.9696%,9,29595,29604,29595,9,0,0
0x412176,98.7465%,9,709,718,0,0,9,709
0x407606,96.5812%,8,226,234,0,0,8,226
0x40dfee,99.8944%,8,7570,7578,0,0,8,7570
0x40c2a3,99.9773%,8,35173,35181,31267,5,3,3906
0x412cde,99.9792%,8,38419,38427,25610,8,0,12809
0x40f7d4,85.1852%,8,46,54,46,2,6,0
0x4064b6,99.6848%,8,2530,2538,2251,5,3,279
0x40f3a4,60%,8,12,20,3,6,2,9
0x408b81,88.7324%,8,63,71,60,4,4,3
0x41110a,99.985%,8,53277,53285,0,0,8,53277
0x409da6,88.8889%,8,64,72,64,0,8,0
0x40b7f2,99.9443%,8,14347,14355,12759,1,7,1588
0x410504,99.9543%,8,17491,17499,17491,8,0,0
0x46fe6e,92.9293%,7,92,99,0,0,7,92
0x4024c3,74.0741%,7,20,27,20,1,6,0
0x40e5c8,58.8235%,7,10,17,0,5,2,10
0x411a71,99.9908%,7,76397,76404,76397,7,0,0
0x4116e9,99.993%,7,99420,99427,99420,7,0,0
0x40acef,99.5611%,7,1588,1595,0,0,7,1588
0x412ca6,99.9818%,7,38420,38427,0,0,7,38420
0x40b215,92.9293%,7,92,99,92,5,2,0
0x4179d3,96.9432%,7,222,229,0,4,3,222
0x415548,99.88%,7,5825,5832,0,0,7,5825
0x407ae8,87.037%,7,47,54,47,1,6,0
0x407ac7,93%,7,93,100,91,3,4,2
0x41309e,99.9908%,7,75959,75966,50641,3,4,25318
0x4125b0,99.9764%,7,29597,29604,0,0,7,29597
0x40e5d4,58.8235%,7,10,17,10,2,5,0
0x41abd9,99.968%,7,21857,21864,0,0,7,21857
0x40ff91,99.9615%,7,18180,18187,0,0,7,18180
0x413770,85.4167%,7,41,48,0,0,7,41
0x40ba21,96.0452%,7,170,177,118,0,7,52
0x412b69,98.9164%,7,639,646,0,0,7,639
0x41344e,99.9456%,7,12860,12867,8574,4,3,4286
0x458d59,99.9681%,7,21953,21960,0,0,7,21953
0x409912,99.8537%,7,4778,4785,0,0,7,4778
0x4024d1,77.7778%,6,21,27,21,3,3,0
0x4063f0,99.515%,6,1231,1237,0,0,6,1231
0x4131de,99.9868%,6,45423,45429,30280,6,0,15143
0x40e568,99.9209%,6,7583,7589,7582,2,4,1
0x458e3e,99.9727%,6,21954,21960,21954,6,0,0
0x40fd0d,0%,6,0,6,0,6,0,0
0x4173dd,0%,6,0,6,0,6,0,0
0x412330,99.9845%,6,38637,38643,0,0,6,38637
0x4125f2,99.9797%,6,29598,29604,19735,1,5,9863
0x410406,95.8042%,6,137,143,0,0,6,137
0x40e25c,60%,6,9,15,9,6,0,0
0x41330e,99.9831%,6,35553,35559,23703,3,3,11850
0x4097f3,99.6238%,6,1589,1595,0,0,6,1589
0x458dba,99.9727%,6,21954,21960,0,0,6,21954
0x405672,57.1429%,6,8,14,8,6,0,0
0x412f2c,99.9921%,6,76182,76188,0,0,6,76182
0x4079ad,99.8416%,6,3783,3789,3364,4,2,419
0x40faa7,88.8889%,6,48,54,46,2,4,2
0x40e5c3,72.7273%,6,16,22,3,2,4,13
0x4174dd,0%,6,0,6,0,6,0,0
0x405513,80%,6,24,30,24,6,0,0
0x4174d4,88.8889%,6,48,54,48,0,6,0
0x40ea44,91.4286%,6,64,70,0,0,6,64
0x40f766,86.0465%,6,37,43,36,1,5,1
0x40de9b,99.8962%,6,5773,5779,0,0,6,5773
0x40eb5e,99.6914%,6,1938,1944,1728,0,6,210
0x458de7,99.9727%,6,21954,21960,0,0,6,21954
0x40dd9d,93.617%,6,88,94,0,0,6,88
0x4173d4,77.7778%,6,21,27,21,0,6,0
0x4132d8,99.9831%,6,35553,35559,0,0,6,35553
0x402eb9,96.0784%,6,147,153,0,3,3,147
0x406e1f,68.75%,5,11,16,11,1,4,0
0x45c3ac,99.9772%,5,21955,21960,21955,5,0,0
0x45c3a3,99.9772%,5,21955,21960,0,0,5,21955
0x41358d,99.9855%,5,34561,34566,17280,3,2,17281
0x40af66,99.6865%,5,1590,1595,0,0,5,1590
0x412372,99.9871%,5,38638,38643,25760,2,3,12878
0x417872,95.8333%,5,115,120,0,0,5,115
0x458e2f,99.9772%,5,21955,21960,21955,5,0,0
0x402422,81.4815%,5,22,27,22,2,3,0
0x412a20,99.983%,5,29383,29388,0,0,5,29383
0x413511,99.9711%,5,17278,17283,17278,5,0,0
0x40e74b,50%,5,5,10,0,0,5,5
0x41343d,99.9806%,5,25729,25734,12866,1,4,12863
0x40e1e5,99.9342%,5,7593,7598,7593,0,5,0
0x413566,99.9711%,5,17278,17283,0,0,5,17278
0x40df02,99.9135%,5,5774,5779,5774,5,0,0
0x412e2e,99.9906%,5,53470,53475,35645,5,0,17825
0x45a235,99.9772%,5,21955,21960,0,0,5,21955
0x413151,99.989%,5,45424,45429,45424,5,0,0
0x40b198,88.0952%,5,37,42,5,4,1,32
0x41b4e4,99.7903%,5,2379,2384,2379,5,0,0
0x409d0d,98.8263%,5,421,426,0,4,1,421
0x406b23,99.8955%,5,4780,4785,0,0,5,4780
0x40f3b8,70.5882%,5,12,17,0,5,0,12
0x4109b0,99.9618%,5,13078,13083,0,0,5,13078
0x458d97,99.9772%,5,21955,21960,0,0,5,21955
0x40e248,66.6667%,5,10,15,0,5,0,10
0x40f5ce,80.7692%,5,21,26,1,5,0,20
0x40219c,99.7911%,5,2388,2393,0,0,5,2388
0x412a5f,99.983%,5,29383,29388,19591,1,4,9792
0x413281,99.9859%,5,35554,35559,35554,5,0,0
0x41470a,97.2222%,4,140,144,0,0,4,140
0x458d85,99.9818%,4,21956,21960,0,0,4,21956
0x4154b6,99.7942%,4,1940,1944,0,0,4,1940
0x41ab0a,99.9817%,4,21860,21864,0,0,4,21860
0x412903,99.9821%,4,22350,22354,0,0,4,22350
0x402688,98.9899%,4,392,396,0,0,4,392
0x407973,99.1786%,4,483,487,483,0,4,0
0x403bcd,88.8889%,4,32,36,31,1,3,1
0x406e51,0%,4,0,4,0,2,2,0
0x406d96,55.5556%,4,5,9,3,3,1,2
0x41247a,99.9822%,4,22493,22497,0,0,4,22493
0x45c38c,99.9818%,4,21956,21960,0,0,4,21956
0x40f3dc,55.5556%,4,5,9,1,3,1,4
0x401325,76.4706%,4,13,17,0,0,4,13
0x40eb00,83.3333%,4,20,24,0,0,4,20
0x40f6e7,50%,4,4,8,4,0,4,0
0x458d75,99.9818%,4,21956,21960,0,0,4,21956
0x40497f,98.9899%,4,392,396,0,0,4,392
0x4125dd,99.9932%,4,59204,59208,29604,0,4,29600
0x4122e1,99.9896%,4,38639,38643,38639,4,0,0
0x40f5ec,50%,4,4,8,1,3,1,3
0x40c623,99.8956%,4,3829,3833,0,0,4,3829
0x458d63,99.9818%,4,21956,21960,0,0,4,21956
0x40e783,95.5556%,4,86,90,0,0,4,86
0x415813,99.5134%,4,818,822,0,0,4,818
0x4023a2,85.1852%,4,23,27,23,1,3,0
0x40b1a9,87.8788%,4,29,33,0,0,4,29
0x40f6d0,63.6364%,4,7,11,0,1,3,7
0x405a3e,99.8101%,4,2102,2106,1871,1,3,231
0x402481,85.1852%,4,23,27,23,1,3,0
0x4111e1,99.9912%,4,45641,45645,45641,4,0,0
0x4109dd,99.9847%,4,26162,26166,13082,1,3,13080
0x40ba93,95.8333%,4,92,96,64,0,4,28
0x40b975,96.748%,4,119,123,119,2,2,0
0x413011,99.9947%,4,75962,75966,75962,4,0,0
0x408ba2,93.6508%,4,59,63,56,0,4,3
0x41ab24,99.9817%,4,21860,21864,21860,4,0,0
0x40883c,99.6766%,4,1233,1237,0,0,4,1233
0x40bc57,99.8101%,4,2102,2106,0,0,4,2102
0x41b1d8,98.6577%,4,294,298,0,0,4,294
0x40d308,83.3333%,3,15,18,14,3,0,1
0x403d0d,66.6667%,3,6,9,6,2,1,0
0x410e76,99.9945%,3,54127,54130,54127,3,0,0
0x40b0c8,97.4359%,3,114,117,114,1,2,0
0x4033d1,99.9158%,3,3561,3564,0,0,3,3561
0x40f6da,70%,3,7,10,0,2,1,7
0x40f3bd,75%,3,9,12,0,0,3,9
0x40232f,88.8889%,3,24,27,24,0,3,0
0x411d56,99.4774%,3,571,574,0,0,3,571
0x45a30d,99.9863%,3,21957,21960,0,0,3,21957
0x41059e,99.9829%,3,17496,17499,11666,0,3,5830
0x40ce88,99.8264%,3,1725,1728,0,0,3,1725
0x403b7d,91.6667%,3,33,36,31,1,2,2
0x401f1b,99.6454%,3,843,846,0,0,3,843
0x405d1b,50%,3,3,6,0,2,1,3
0x40e460,99.9605%,3,7586,7589,0,0,3,7586
0x4022b1,88.8889%,3,24,27,24,0,3,0
0x40b73d,99.8119%,3,1592,1595,0,0,3,1592
0x40bf2a,99.9233%,3,3906,3909,0,0,3,3906
0x46fe98,99.3939%,3,492,495,0,0,3,492
0x401d72,99.3421%,3,453,456,0,0,3,453
0x410dc1,99.9916%,3,35772,35775,35772,3,0,0
0x411f12,99.9968%,3,93692,93695,93692,3,0,0
0x40c35d,99.9373%,3,4782,4785,0,0,3,4782
0x402828,97.6378%,3,124,127,0,1,2,124
0x41b22e,98.9933%,3,295,298,295,3,0,0
0x402289,97.7778%,3,132,135,132,0,3,0
0x46fde4,99.8336%,3,1800,1803,73,2,1,1727
0x4133c1,99.9767%,3,12864,12867,12864,3,0,0
0x403bdd,25%,3,1,4,0,1,2,1
0x406e7a,88.8889%,3,24,27,24,0,3,0
0x4105c3,99.9899%,3,29657,29660,29657,3,0,0
0x40b175,94.4444%,2,34,36,34,2,0,0
0x40aa14,99.905%,2,2104,2106,0,0,2,2104
0x417882,99.4413%,2,356,358,0,1,1,356
0x41af9a,99.3289%,2,296,298,0,0,2,296
0x40f3c7,91.3043%,2,21,23,0,1,1,21
0x413795,95.8333%,2,46,48,0,0,2,46
0x403d7c,77.7778%,2,7,9,7,1,1,0
0x414c85,95.8333%,2,46,48,0,0,2,46
0x406ddb,92.5926%,2,25,27,1,2,0,24
0x402c5c,99.9259%,2,2697,2699,0,0,2,2697
0x41086a,99.9953%,2,42482,42484,0,0,2,42482
0x40b5a7,99.8746%,2,1593,1595,0,0,2,1593
0x40c57a,99.9478%,2,3831,3833,0,0,2,3831
0x403b0a,50%,2,2,4,0,0,2,2
0x415db0,96.3636%,2,53,55,53,2,0,0
0x40d001,98.2143%,2,110,112,0,0,2,110
0x4026aa,99.4949%,2,394,396,0,0,2,394
0x412c51,99.9948%,2,38425,38427,38425,2,0,0
0x40c22e,99.9488%,2,3907,3909,0,0,2,3907
0x40994d,99.8746%,2,1593,1595,0,0,2,1593
0x4098af,99.8746%,2,1593,1595,0,0,2,1593
0x40e898,99.8971%,2,1942,1944,0,0,2,1942
0x4112a5,99.9968%,2,62603,62605,62603,2,0,0
0x406e45,94.4444%,2,34,36,32,0,2,2
0x403d3d,77.7778%,2,7,9,7,1,1,0
0x405d67,0%,2,0,2,0,1,1,0
0x405d59,50%,2,2,4,2,1,1,0
0x40541f,93.5484%,2,29,31,0,1,1,29
0x417a22,91.6667%,2,22,24,0,0,2,22
0x405d4d,94.4444%,2,34,36,32,0,2,2
0x4087f8,99.8383%,2,1235,1237,0,0,2,1235
0x4148bc,95.8333%,2,46,48,0,0,2,46
0x40f3eb,60%,2,3,5,0,2,0,3
0x406abd,99.8746%,2,1593,1595,0,0,2,1593
0x40193f,91.6667%,2,22,24,0,0,2,22
0x403bf5,33.3333%,2,1,3,0,0,2,1
0x403c9f,0%,1,0,1,0,1,0,0
0x411966,99.8547%,1,687,688,0,0,1,687
0x40da73,88.8889%,1,8,9,8,0,1,0
0x403dac,88.8889%,1,8,9,8,0,1,0
0x405d78,0%,1,0,1,0,1,0,0
0x406b4e,99.9373%,1,1594,1595,0,0,1,1594
0x41b4b7,99.6644%,1,297,298,297,1,0,0
0x40d331,88.8889%,1,8,9,8,0,1,0
0x41b250,99.8322%,1,595,596,0,0,1,595
0x405ca7,96.9697%,1,32,33,32,0,1,0
0x406d65,98.4615%,1,64,65,64,0,1,0
0x415c10,98.1818%,1,54,55,0,0,1,54
0x41b2b6,99.6644%,1,297,298,297,1,0,0
0x40e9d8,99.8818%,1,845,846,0,0,1,845
0x40631e,99.5726%,1,233,234,0,0,1,233
0x4157d5,99.9486%,1,1943,1944,0,0,1,1943
0x415b4a,98.1818%,1,54,55,54,1,0,0
0x40496a,99.7475%,1,395,396,0,0,1,395
0x40f60f,75%,1,3,4,0,1,0,3
0x40f583,88.8889%,1,8,9,8,1,0,0
0x406e6a,50%,1,1,2,1,1,0,0
0x40e17e,99.9868%,1,7597,7598,0,0,1,7597
0x40e59e,80%,1,4,5,0,0,1,4
0x4086b8,99.5726%,1,233,234,0,0,1,233
0x41a594,97.9167%,1,47,48,0,0,1,47
0x40aa69,99.9373%,1,1594,1595,0,0,1,1594
0x405d91,83.3333%,1,5,6,5,0,1,0
0x4109f2,99.9924%,1,13082,13083,8721,1,0,4361
0x408410,99.919%,1,1233,1234,0,0,1,1233
0x40cbd8,99.9719%,1,3563,3564,0,0,1,3563
0x40cbc8,99.7475%,1,395,396,0,0,1,395
0x40b324,99.9373%,1,1594,1595,0,0,1,1594
0x40b8fd,97.561%,1,40,41,0,0,1,40
0x40b522,99.9373%,1,1594,1595,0,0,1,1594
0x403b1f,75%,1,3,4,3,1,0,0
0x409845,99.9373%,1,1594,1595,0,0,1,1594
0x40da78,0%,1,0,1,0,1,0,0
0x408b65,99.3827%,1,161,162,0,0,1,161
0x40e0f5,96.5517%,1,28,29,28,1,0,0
0x407a7e,99.0291%,1,102,103,0,0,1,102
0x405caf,0%,1,0,1,0,0,1,0
0x417792,99.7222%,1,359,360,0,0,1,359
0x46fdbc,99.9445%,1,1802,1803,1802,1,0,0
0x407641,99.5726%,1,233,234,0,0,1,233
0x45a267,99.9954%,1,21959,21960,21959,1,0,0
0x406e97,88.8889%,1,8,9,8,0,1,0
0x407413,99.7475%,1,395,396,0,0,1,395
0x411bdb,99.8377%,1,615,616,0,0,1,615
0x413cc5,95.8333%,1,23,24,0,0,1,23
0x410856,99.4624%,1,185,186,0,0,1,185
0x406e5a,75%,1,3,4,1,1,0,2
0x45a86d,99.9954%,1,21959,21960,21959,1,0,0
0x41b26f,99.6644%,1,297,298,297,1,0,0
0x407922,99.7647%,1,424,425,0,0,1,424
0x40f6bb,95.2381%,1,20,21,0,1,0,20
0x40af91,99.9373%,1,1594,1595,0,0,1,1594
0x401d08,99.7807%,1,455,456,0,0,1,455
0x40e9e3,99.9869%,1,7613,7614,0,0,1,7613
0x4064e7,100%,0,48,48,48,0,0,0
0x41768b,100%,0,40,40,40,0,0,0
0x408a04,100%,0,407,407,407,0,0,0
0x4086f3,100%,0,234,234,0,0,0,234
0x417424,100%,0,6,6,0,0,0,6
0x407a92,100%,0,76,76,0,0,0,76
0x40baa5,100%,0,96,96,96,0,0,0
0x401b08,100%,0,24,24,0,0,0,24
0x40eb20,100%,0,24,24,0,0,0,24
0x41b506,100%,0,298,298,298,0,0,0
0x415bf8,100%,0,55,55,55,0,0,0
0x408b4b,100%,0,38,38,0,0,0,38
0x40cb72,100%,0,44,44,0,0,0,44
0x410689,100%,0,71,71,0,0,0,71
0x46fe67,100%,0,99,99,0,0,0,99
0x417a0c,100%,0,24,24,0,0,0,24
0x4073bd,100%,0,44,44,0,0,0,44
0x4046b5,100%,0,14,14,0,0,0,14
0x40b2cf,100%,0,2106,2106,0,0,0,2106
0x41b3d7,100%,0,298,298,298,0,0,0
0x402435,100%,0,3,3,0,0,0,3
0x408ba7,100%,0,7,7,0,0,0,7
0x40a8f6,100%,0,44,44,0,0,0,44
0x409dab,100%,0,8,8,0,0,0,8
0x407aed,100%,0,6,6,0,0,0,6
0x41b46f,100%,0,894,894,0,0,0,894
0x409ba4,100%,0,1797,1797,0,0,0,1797
0x4179c4,100%,0,77,77,0,0,0,77
0x40f5ff,100%,0,4,4,0,0,0,4
0x416240,100%,0,24,24,0,0,0,24
0x4149e1,100%,0,48,48,0,0,0,48
0x40199e,100%,0,1944,1944,0,0,0,1944
0x4117ab,100%,0,444,444,0,0,0,444
0x409d32,100%,0,451,451,0,0,0,451
0x412712,100%,0,27,27,0,0,0,27
0x41b00c,100%,0,298,298,0,0,0,298
0x40534a,100%,0,149,149,0,0,0,149
0x4110f6,100%,0,355,355,0,0,0,355
0x4014d7,100%,0,51,51,0,0,0,51
0x402349,100%,0,3,3,0,0,0,3
0x40dde9,100%,0,846,846,0,0,0,846
0x401cbf,100%,0,456,456,0,0,0,456
0x408b38,100%,0,71,71,0,0,0,71
0x40e5ba,100%,0,10,10,0,0,0,10
0x413629,100%,0,24,24,0,0,0,24
0x40eb72,100%,0,24,24,24,0,0,0
0x413640,100%,0,48,48,0,0,0,48
0x410aeb,100%,0,114,114,0,0,0,114
0x40eb54,100%,0,216,216,0,0,0,216
0x40e8d2,100%,0,24,24,0,0,0,24
0x40da5c,100%,0,1,1,0,0,0,1
0x402297,100%,0,27,27,0,0,0,27
0x410cb6,100%,0,174,174,0,0,0,174
0x4079c7,100%,0,49,49,0,0,0,49
0x40563c,100%,0,16,16,0,0,0,16
0x40f258,100%,0,333,333,0,0,0,333
0x411526,100%,0,516,516,0,0,0,516
0x404f46,100%,0,149,149,0,0,0,149
0x4177d3,100%,0,360,360,0,0,0,360
0x46fdfa,100%,0,1803,1803,1803,0,0,0
0x408452,100%,0,1234,1234,1234,0,0,0
0x402d0d,100%,0,68,68,0,0,0,68
0x412466,100%,0,360,360,0,0,0,360
0x40c927,100%,0,3833,3833,0,0,0,3833
0x417aca,100%,0,3,3,3,0,0,0
0x401394,100%,0,17,17,0,0,0,17
0x4152f8,100%,0,1944,1944,0,0,0,1944
0x40d31a,100%,0,1,1,0,0,0,1
0x415707,100%,0,5832,5832,0,0,0,5832
0x40eaa1,100%,0,70,70,70,0,0,0
0x41ac15,100%,0,21864,21864,0,0,0,21864
0x401dbd,100%,0,1368,1368,0,0,0,1368
0x40a95c,100%,0,3564,3564,0,0,0,3564
0x45c9ec,100%,0,21960,21960,21960,0,0,0
0x40d2da,100%,0,18,18,0,0,0,18
0x401456,100%,0,17,17,0,0,0,17
0x40e81e,100%,0,24,24,0,0,0,24
0x40f3f5,100%,0,3,3,0,0,0,3
0x40f402,100%,0,3,3,3,0,0,0
0x408a96,100%,0,50,50,0,0,0,50
0x41a558,100%,0,48,48,0,0,0,48
0x40eab8,100%,0,24,24,0,0,0,24
0x40297e,100%,0,14,14,0,0,0,14
0x406b57,100%,0,1595,1595,0,0,0,1595
0x411fc9,100%,0,502,502,0,0,0,502
0x415016,100%,0,24,24,24,0,0,0
0x40d5df,100%,0,1728,1728,0,0,0,1728
0x46fdd3,100%,0,1803,1803,0,0,0,1803
0x41136b,100%,0,283,283,0,0,0,283
0x40474c,100%,0,12,12,12,0,0,0
0x410f4b,100%,0,102,102,0,0,0,102
0x41774a,100%,0,40,40,40,0,0,0
0x40eacf,100%,0,1944,1944,0,0,0,1944
0x4128ef,100%,0,288,288,0,0,0,288
0x41b178,100%,0,298,298,0,0,0,298
0x414726,100%,0,144,144,0,0,0,144
0x413b86,100%,0,144,144,0,0,0,144
0x401b16,100%,0,216,216,0,0,0,216
0x403376,100%,0,44,44,0,0,0,44
0x4033bb,100%,0,396,396,0,0,0,396
0x40ba10,100%,0,177,177,177,0,0,0
0x41a5b1,100%,0,48,48,0,0,0,48
0x40ce17,100%,0,192,192,0,0,0,192
0x415cdf,100%,0,165,165,0,0,0,165
0x40d546,100%,0,192,192,0,0,0,192
0x40f3a9,100%,0,11,11,11,0,0,0
0x403423,100%,0,44,44,0,0,0,44
0x40351d,100%,0,396,396,0,0,0,396
0x41a53e,100%,0,48,48,0,0,0,48
0x4035c3,100%,0,3162,3162,0,0,0,3162
0x401f30,100%,0,7614,7614,0,0,0,7614
0x410961,100%,0,13083,13083,13083,0,0,0
0x40e88d,100%,0,216,216,0,0,0,216
0x415d63,100%,0,165,165,0,0,0,165
0x40c9a6,100%,0,42,42,0,0,0,42
0x405a46,100%,0,234,234,0,0,0,234
0x40ca20,100%,0,1553,1553,0,0,0,1553
0x4020bb,100%,0,396,396,0,0,0,396
0x4159e0,100%,0,55,55,0,0,0,55
0x4045cf,100%,0,26,26,0,0,0,26
0x41a522,100%,0,48,48,0,0,0,48
0x4045e0,100%,0,26,26,0,0,0,26
0x41b348,100%,0,298,298,0,0,0,298
0x40e984,100%,0,94,94,0,0,0,94
0x41a4c0,100%,0,48,48,48,0,0,0
0x41a4bb,100%,0,48,48,0,0,0,48
0x415dd8,100%,0,165,165,0,0,0,165
0x409ced,100%,0,649,649,0,0,0,649
0x40e705,100%,0,846,846,0,0,0,846
0x41b281,100%,0,298,298,298,0,0,0
0x41a475,100%,0,48,48,0,0,0,48
0x4141ca,100%,0,24,24,24,0,0,0
0x40d866,100%,0,564,564,0,0,0,564
0x40d761,100%,0,114,114,0,0,0,114
0x403af3,100%,0,4,4,0,0,0,4
0x40d566,100%,0,192,192,0,0,0,192
0x413fa9,100%,0,24,24,0,0,0,24
0x40d127,100%,0,377,377,0,0,0,377
0x41b596,100%,0,298,298,0,0,0,298
0x41b01e,100%,0,298,298,298,0,0,0
0x40e6b0,100%,0,94,94,94,0,0,0
0x41b0d7,100%,0,298,298,0,0,0,298
0x404aa0,100%,0,396,396,0,0,0,396
0x405879,100%,0,396,396,0,0,0,396
0x41a667,100%,0,48,48,48,0,0,0
0x41b15e,100%,0,298,298,0,0,0,298
0x40eac7,100%,0,216,216,0,0,0,216
0x40b398,100%,0,1595,1595,0,0,0,1595
0x41afda,100%,0,298,298,298,0,0,0
0x40354a,100%,0,396,396,0,0,0,396
0x40ac6a,100%,0,1595,1595,0,0,0,1595
0x417806,100%,0,40,40,0,0,0,40
0x40ea8d,100%,0,70,70,0,0,0,70
0x40b0fc,100%,0,12,12,0,0,0,12
0x41b0e0,100%,0,298,298,0,0,0,298
0x41b124,100%,0,298,298,298,0,0,0
0x40ae85,100%,0,1595,1595,0,0,0,1595
0x41b16f,100%,0,298,298,0,0,0,298
0x41b181,100%,0,298,298,298,0,0,0
0x41b116,100%,0,298,298,298,0,0,0
0x41b2ab,100%,0,298,298,0,0,0,298
0x40aade,100%,0,1595,1595,0,0,0,1595
0x405823,100%,0,44,44,0,0,0,44
0x412821,100%,0,27,27,0,0,0,27
0x41739b,100%,0,27,27,27,0,0,0
0x40401c,100%,0,396,396,0,0,0,396
0x40198b,100%,0,216,216,0,0,0,216
0x4045fd,100%,0,26,26,26,0,0,0
0x40c33a,100%,0,1595,1595,0,0,0,1595
0x40da23,100%,0,20,20,0,0,0,20
0x41a615,100%,0,432,432,0,0,0,432
0x402f6e,100%,0,16,16,0,0,0,16
0x40e5fc,100%,0,5,5,5,0,0,0
0x402754,100%,0,2394,2394,0,0,0,2394
0x40e752,100%,0,10,10,0,0,0,10
0x40ba41,100%,0,32,32,0,0,0,32
0x40b849,100%,0,1595,1595,0,0,0,1595
0x41a5a2,100%,0,48,48,48,0,0,0
0x4040ae,100%,0,3096,3096,0,0,0,3096
0x40d336,100%,0,1,1,1,0,0,0
0x40311e,100%,0,16,16,0,0,0,16
0x4031b9,100%,0,48,48,0,0,0,48
0x40b896,100%,0,66,66,0,0,0,66
0x40ca04,100%,0,285,285,285,0,0,0
0x40404a,100%,0,396,396,0,0,0,396
0x40b81e,100%,0,1595,1595,0,0,0,1595
0x414a06,100%,0,48,48,0,0,0,48
0x4013dd,100%,0,17,17,0,0,0,17
0x415cbb,100%,0,165,165,0,0,0,165
