Branch PC,Accuracy,Mispredictions,Correct Predictions,Total,dir_t_pred_t,dir_t_pred_nt,dir_nt_pred_t,dir_nt_pred_nt
aggregate,99.2053%,204610,25543468,25748078,15207873,82567,122043,10335595
0x411cdb,97.3952%,27720,1036484,1064204,932127,9454,18266,104357
0x4120ef,97.6074%,26210,1069230,1095440,1005919,8291,17919,63311
0x411480,95.1953%,21956,435016,456972,340278,8092,13864,94738
0x4118ce,96.0929%,17505,430527,448032,323103,6596,10909,107424
0x412633,96.6098%,15538,442785,458323,64654,8919,6619,378131
0x41104e,96.2894%,13590,352654,366244,305021,5827,7763,47633
0x412fb0,97.4615%,11373,436643,448016,335050,4380,6993,101593
0x4130f0,97.9199%,9505,447451,456956,397760,3816,5689,49691
0x412e6e,99.2311%,8183,1056005,1064188,942654,3217,4966,113351
0x412d38,99.2581%,8127,1087297,1095424,969323,3494,4633,117974
0x410794,94.4248%,8045,136256,144301,102374,3683,4362,33882
0x4123df,94.438%,4518,76712,81230,42519,2659,1859,34193
0x410341,98.3795%,3790,230088,233878,14232,2462,1328,215856
0x41321e,98.9971%,3673,362555,366228,323452,2088,1585,39103
0x41ac73,93.7756%,2367,35661,38028,32829,1015,1352,2832
0x4134a1,98.5612%,2076,142209,144285,126661,946,1130,15548
0x410c08,98.5896%,1861,130087,131948,90410,834,1027,39677
0x41ae23,95.236%,1708,34144,35852,34091,79,1629,53
0x4135e8,99.5976%,941,232921,233862,206079,474,467,26842
0x413360,99.3436%,866,131066,131932,93242,462,404,37824
0x41acba,98.5432%,554,37474,38028,29741,91,463,7733
0x4114dd,99.7732%,246,108218,108464,106240,79,167,1978
0x411dc7,99.8149%,227,122396,122623,39454,152,75,82942
0x412629,99.8029%,206,104320,104526,12994,106,100,91326
0x412660,99.7819%,189,86484,86673,83965,53,136,2519
0x41115f,99.6642%,186,55210,55396,26035,105,81,29175
0x411923,99.8536%,173,118018,118191,116596,49,124,1422
0x4110ab,99.6909%,171,55149,55320,53493,46,125,1656
0x41158a,99.8545%,158,108444,108602,41537,78,80,66907
0x410473,99.0715%,155,16539,16694,6447,76,79,10092
0x411d18,99.8857%,140,122388,122528,120642,47,93,1746
0x40c953,62.9032%,138,234,372,214,34,104,20
0x412645,99.9649%,135,384615,384750,17817,36,99,366798
0x4119ca,99.8859%,135,118198,118333,51148,83,52,67050
0x411f7a,99.8931%,131,122383,122514,120623,58,73,1760
0x401ce3,62.8655%,127,215,342,34,69,58,181
0x40de8a,80.4012%,127,521,648,46,106,21,475
0x410c75,99.6945%,124,40459,40583,39698,34,90,761
0x401dc4,63.7427%,124,218,342,207,28,96,11
0x411b94,99.8959%,123,118054,118177,116608,29,94,1446
0x41ad1f,99.2073%,120,15018,15138,13445,11,109,1573
0x41175c,99.8903%,119,108331,108450,106261,50,69,2070
0x411c44,99.9011%,117,118200,118317,51163,57,60,67037
0x4103c4,99.3488%,108,16476,16584,15754,35,73,722
0x411814,99.9024%,106,108480,108586,41544,60,46,66936
0x415803,58.7549%,106,151,257,77,47,59,74
0x41212f,99.8756%,101,81078,81179,78557,24,77,2521
0x409b47,79.085%,96,363,459,145,40,56,218
0x410ef9,99.7683%,94,40475,40569,39705,19,75,770
0x40c713,74.7312%,94,278,372,272,23,71,6
0x411325,99.8337%,92,55214,55306,53510,21,71,1704
0x402c4d,71.6049%,92,232,324,14,62,30,218
0x410fb4,99.7739%,92,40596,40688,14100,36,56,26496
0x401d33,73.0994%,92,250,342,41,64,28,209
0x40c3fc,75.2688%,92,280,372,5,72,20,275
0x4113c4,99.8483%,84,55296,55380,26080,49,35,29216
0x41295a,99.814%,84,45078,45162,24004,40,44,21074
0x40bdac,77.6882%,83,289,372,2,72,11,287
0x410809,99.7826%,83,38099,38182,37264,25,58,835
0x40c0b8,78.7634%,79,293,372,293,5,74,0
0x40df85,87.963%,78,570,648,562,14,64,8
0x40218b,73.2639%,77,211,288,17,51,26,194
0x402745,73.6111%,76,212,288,12,56,20,200
0x411a06,99.8595%,72,51159,51231,556,32,40,50603
0x409b7f,73.7226%,72,202,274,1,60,12,201
0x4114c1,99.9346%,71,108531,108602,97,41,30,108434
0x4108ba,99.817%,70,38174,38244,11677,24,46,26497
0x412276,99.7189%,68,24124,24192,1640,13,55,22484
0x410aa1,99.8245%,67,38101,38168,37257,24,43,844
0x41223d,99.9175%,67,81163,81230,24161,31,36,57002
0x411e06,99.8334%,66,39540,39606,863,15,51,38677
0x41ae1d,99.8068%,66,34104,34170,6895,47,19,27209
0x40f2d5,78.9644%,65,244,309,242,16,49,2
0x406c9b,82.0513%,63,288,351,114,21,42,174
0x406cc6,70.8333%,63,153,216,6,43,20,147
0x401a84,61.1111%,63,99,162,5,33,30,94
0x40f66f,86.6525%,63,409,472,369,23,40,40
0x406a70,61.7284%,62,100,162,3,35,27,97
0x40c657,83.6022%,61,311,372,238,10,51,73
0x40a83e,86.9281%,60,399,459,398,10,50,1
0x412d46,99.8485%,60,39535,39595,850,24,36,38685
0x40bfff,84.4086%,58,314,372,234,14,44,80
0x411196,99.7819%,57,26083,26140,5155,36,21,20928
0x410c59,99.8649%,55,40649,40704,102,19,36,40547
0x409d02,54.6218%,54,65,119,46,20,34,19
0x4116c2,99.9506%,54,109218,109272,72816,32,22,36402
0x4128a0,99.8804%,54,45091,45145,42996,16,38,2095
0x40b308,95.9168%,53,1245,1298,0,38,15,1245
0x412b1c,99.9372%,51,81114,81165,78553,20,31,2561
0x40b57b,95.4301%,51,1065,1116,992,0,51,73
0x4106ec,99.6942%,51,16627,16678,6487,25,26,10140
0x40aa4d,96.0709%,51,1247,1298,0,38,13,1247
0x41108f,99.9097%,50,55346,55396,45,31,19,55301
0x41241f,99.8893%,50,45109,45159,43001,19,31,2108
0x4097ea,69.7531%,49,113,162,1,37,12,112
0x411907,99.9586%,49,118284,118333,124,18,31,118160
0x407968,59.6639%,48,71,119,39,25,23,32
0x40bcce,96.302%,48,1250,1298,1,37,11,1249
0x407353,86.6097%,47,304,351,303,9,38,1
0x405b15,62.6984%,47,79,126,2,28,19,77
0x411b78,99.9603%,47,118270,118317,112,28,19,118158
0x411cfc,99.9625%,46,122577,122623,67,28,18,122510
0x4157fb,72.2222%,45,117,162,2,36,9,115
0x4063e7,64.2857%,45,81,126,4,26,19,77
0x415138,72.2222%,45,117,162,114,10,35,3
0x40c2fb,87.9032%,45,327,372,239,9,36,88
0x40f702,81.4815%,45,198,243,141,21,24,57
0x41298f,99.8128%,45,23999,24044,1523,20,25,22476
0x4107ed,99.8823%,45,38199,38244,46,16,29,38153
0x412bcc,99.9458%,44,81170,81214,24166,15,29,57004
0x40ea00,93.2099%,44,604,648,573,3,41,31
0x410edd,99.8919%,44,40644,40688,95,24,20,40549
0x411aed,99.9855%,44,303814,303858,151899,30,14,151915
0x411309,99.9205%,44,55336,55380,57,17,27,55279
0x401cf1,87.1345%,44,298,342,295,9,35,3
0x401cae,73.4568%,43,119,162,112,12,31,7
0x412372,99.9364%,43,67574,67617,45077,1,42,22497
0x40840b,66.6667%,42,84,126,1,29,13,83
0x410d1a,99.8968%,42,40662,40704,14141,6,36,26521
0x40f685,47.5%,42,38,80,35,19,23,3
0x401d41,87.7193%,42,300,342,296,8,34,4
0x402a91,85.7639%,41,247,288,245,7,34,2
0x402577,85.7639%,41,247,288,244,8,33,3
0x4117ee,99.9873%,41,323170,323211,214755,6,35,108415
0x411740,99.9632%,40,108546,108586,124,12,28,108422
0x4087ef,69.0476%,39,87,126,5,25,14,82
0x410629,99.7662%,39,16639,16678,82,26,13,16557
0x4103a8,99.7724%,38,16656,16694,86,24,14,16570
0x401de2,67.5439%,37,77,114,65,11,26,12
0x412a4e,99.9726%,37,134969,135006,67486,17,20,67483
0x40332e,88.8889%,36,288,324,288,0,36,0
0x411b02,99.9763%,36,151893,151929,101264,22,14,50629
0x40d632,75%,36,108,144,107,21,15,1
0x410d56,99.7526%,35,14112,14147,4558,24,11,9554
0x412024,99.9715%,35,122572,122607,39584,11,24,82988
0x409d27,78.125%,35,125,160,40,26,9,85
0x403690,97.2222%,35,1225,1260,1112,8,27,113
0x40bcf4,91.4216%,35,373,408,252,32,3,121
0x411d8e,99.9907%,34,365711,365745,243211,6,28,122500
0x406c35,70.9402%,34,83,117,59,19,15,24
0x404bfc,87.9433%,34,248,282,248,8,26,0
0x40b317,97.3016%,34,1226,1260,1117,19,15,109
0x412cde,99.9497%,34,67562,67596,45030,34,0,22532
0x41322c,99.7595%,34,14102,14136,4554,23,11,9548
0x4040f5,88.1944%,34,254,288,249,7,27,5
0x409acd,78.4314%,33,120,153,88,14,19,32
0x410f8e,99.9727%,33,120829,120862,80278,15,18,40551
0x4125f2,99.9511%,33,67491,67524,44988,28,5,22503
0x412c00,99.8635%,33,24148,24181,1635,14,19,22513
0x41199e,99.9909%,32,352995,353027,234826,10,22,118169
0x409c9f,80.2469%,32,130,162,62,16,16,68
0x406ced,80.8383%,32,135,167,119,7,25,16
0x401ad6,80.8642%,31,131,162,131,13,18,0
0x412e7c,99.9395%,31,51189,51220,571,13,18,50618
0x4046f4,80.1282%,31,125,156,117,7,24,8
0x403c89,89.5833%,30,258,288,249,3,27,9
0x40aa5c,97.619%,30,1230,1260,1134,2,28,96
0x4134b7,99.5393%,30,6482,6512,4911,12,18,1571
0x410645,99.825%,29,16541,16570,15773,8,21,768
0x40acc3,97.4014%,29,1087,1116,988,4,25,99
0x409574,76.9841%,29,97,126,96,12,17,1
0x40473e,90.2778%,28,260,288,245,7,21,15
0x403608,90.2778%,28,260,288,257,3,25,3
0x411ffe,99.9923%,28,365681,365709,243181,14,14,122500
0x40d884,60.5634%,28,43,71,3,13,15,40
0x406209,78.5714%,27,99,126,99,9,18,0
0x416203,83.3333%,27,135,162,135,9,18,0
0x412bae,99.9888%,27,240876,240903,159728,10,17,81148
0x4084d5,78.5714%,27,99,126,99,9,18,0
0x40f6f2,94.2797%,27,445,472,225,11,16,220
0x402e2f,57.8125%,27,37,64,25,9,18,12
0x412884,99.9402%,27,45135,45162,11,6,21,45124
0x40cbf3,91.6667%,27,297,324,282,6,21,15
0x409cc8,67.8571%,27,57,84,0,18,9,57
0x40f714,67.9012%,26,55,81,53,1,25,2
0x4068d3,79.3651%,26,100,126,100,8,18,0
0x401df5,83.9506%,26,136,162,136,8,18,0
0x40565c,90.7143%,26,254,280,15,19,7,239
0x40d8e0,43.4783%,26,20,46,19,14,12,1
0x412b00,99.9692%,25,81189,81214,40,9,16,81149
0x4124bf,99.9447%,25,45153,45178,24038,17,8,21115
0x40564b,72.8261%,25,67,92,65,3,22,2
0x4109f2,99.8338%,25,15020,15045,10016,14,11,5004
0x407765,75%,24,72,96,0,17,7,72
0x40950d,64.1791%,24,43,67,41,11,13,2
0x4121ae,99.99%,24,240915,240939,159747,13,11,81168
0x4078de,70%,24,56,80,1,15,9,55
0x411f5e,99.9804%,24,122583,122607,83,10,14,122500
0x40e107,96.2963%,24,624,648,572,4,20,52
0x409bbc,88.7324%,24,189,213,187,2,22,2
0x412113,99.9717%,23,81207,81230,41,10,13,81166
0x411bef,99.9805%,23,118154,118177,0,0,23,118154
0x40f41e,77.451%,23,79,102,79,3,20,0
0x409965,82.2581%,22,102,124,98,9,13,4
0x4106ce,99.955%,22,48899,48921,32332,19,3,16567
0x410a85,99.9425%,22,38206,38228,50,10,12,38156
0x411edd,99.9905%,22,232346,232368,116173,11,11,116173
0x409bb7,98.9045%,21,1896,1917,1698,6,15,198
0x40a88e,87.037%,21,141,162,141,3,18,0
0x41124a,99.9666%,21,62826,62847,0,0,21,62826
0x40bcdd,98.3333%,21,1239,1260,849,3,18,390
0x4083d5,73.75%,21,59,80,58,5,16,1
0x40daca,70.4225%,21,50,71,50,5,16,0
0x408837,97.5694%,21,843,864,762,6,15,81
0x40f39a,80.3922%,20,82,102,81,11,9,1
0x408b5a,78.2609%,20,72,92,8,14,6,64
0x40ca9e,87.6543%,20,142,162,142,2,18,0
0x405c10,64.2857%,20,36,56,1,11,9,35
0x40babf,87.6543%,20,142,162,142,2,18,0
0x411c1e,99.9943%,20,352971,352991,234797,17,3,118174
0x412ccd,99.9852%,20,135172,135192,67577,19,1,67595
0x40743d,99.3141%,20,2896,2916,2588,4,16,308
0x410b54,99.9477%,20,38208,38228,11680,10,10,26528
0x41515a,87.6543%,20,142,162,142,2,18,0
0x401f4f,99.6571%,20,5812,5832,5177,7,13,635
0x40738b,87.6543%,20,142,162,142,2,18,0
0x41ae54,99.4352%,19,3345,3364,1680,2,17,1665
0x40d1a3,48.6486%,19,18,37,16,8,11,2
0x412e1d,99.9918%,19,232307,232326,116155,8,11,116152
0x40db1a,86.8056%,19,125,144,125,3,16,0
0x406482,64.1509%,19,34,53,0,12,7,34
0x409dc4,88.2716%,19,143,162,143,1,18,0
0x40d3ca,86.8056%,19,125,144,124,4,15,1
0x4021cd,99.0404%,19,1961,1980,1756,4,15,205
0x41155e,99.9941%,19,323228,323247,214771,12,7,108457
0x4116ad,99.9913%,19,218525,218544,109261,11,8,109264
0x40df9f,75%,18,54,72,54,10,8,0
0x40d37d,66.6667%,18,36,54,36,5,13,0
0x409c5b,66.6667%,18,36,54,29,7,11,7
0x401f62,97.2222%,18,630,648,573,3,15,57
0x4116e9,99.9834%,18,108584,108602,108584,18,0,0
0x40e266,97.2222%,18,630,648,572,4,14,58
0x4089f0,73.1343%,18,49,67,5,9,9,44
0x408879,81.25%,18,78,96,75,6,12,3
0x403c3c,87.1429%,18,122,140,110,2,16,12
0x4125dd,99.9874%,17,135031,135048,67520,4,13,67511
0x41056d,99.6447%,17,4768,4785,0,0,17,4768
0x4033f9,94.7531%,17,307,324,286,2,15,21
0x41218a,99.9791%,17,81162,81179,0,0,17,81162
0x40e62a,97.3765%,17,631,648,572,4,13,59
0x40b22f,89.5062%,17,145,162,141,3,14,4
0x4104b6,99.7394%,17,6506,6523,4917,11,6,1589
0x402e78,29.1667%,17,7,24,4,10,7,3
0x41043e,99.9653%,17,48940,48957,32369,4,13,16571
0x40b570,99.8307%,17,10027,10044,8921,7,10,1106
0x41ac53,99.8877%,17,15121,15138,8623,1,16,6498
0x40e8b4,89.5062%,17,145,162,144,0,17,1
0x41110a,99.9711%,16,55304,55320,0,0,16,55304
0x411a71,99.9895%,16,151913,151929,151913,16,0,0
0x401dd6,95.3216%,16,326,342,223,5,11,103
0x40645c,83.3333%,16,80,96,79,6,10,1
0x40c8fb,99.3974%,16,2639,2655,2349,11,5,290
0x405b65,83.3333%,16,80,96,79,4,12,1
0x4058a9,95.0617%,16,308,324,286,2,14,22
0x411eba,99.9862%,16,116168,116184,0,0,16,116168
0x40e662,77.7778%,16,56,72,40,8,8,16
0x406b8b,98.5663%,16,1100,1116,992,0,16,108
0x40a862,89.5425%,16,137,153,135,1,15,2
0x412e2e,99.9862%,16,116147,116163,77437,5,11,38710
0x41ad47,99.9108%,15,16805,16820,15127,11,4,1678
0x402e51,50%,15,15,30,0,6,9,15
0x41235d,99.9889%,15,135219,135234,67613,4,11,67606
0x4131de,99.9761%,15,62814,62829,41880,6,9,20934
0x41126d,99.9881%,15,125679,125694,62845,2,13,62834
0x41309e,99.9863%,15,109239,109254,72830,6,9,36409
0x4130fe,99.9426%,15,26114,26129,5182,4,11,20932
0x407ac2,88.0952%,15,111,126,107,5,10,4
0x40d145,72.2222%,15,39,54,6,6,9,33
0x409b92,99.2175%,15,1902,1917,1695,9,6,207
0x4125b0,99.9793%,14,67510,67524,0,0,14,67510
0x40689c,73.5849%,14,39,53,38,4,10,1
0x412fbe,99.9663%,14,41590,41604,5178,8,6,36412
0x40ea11,80.5556%,14,58,72,58,6,8,0
0x412df6,99.9879%,14,116149,116163,0,0,14,116149
0x41308d,99.9936%,14,218494,218508,109246,8,6,109248
0x40defd,99.6864%,14,4450,4464,3960,8,6,490
0x40ced6,90.2778%,14,130,144,130,1,13,0
0x40280d,88.8889%,14,112,126,106,6,8,6
0x408b40,78.7879%,14,52,66,13,9,5,39
0x411eee,99.988%,14,116170,116184,77449,7,7,38721
0x4057b5,61.1111%,14,22,36,21,3,11,1
0x409960,98.7455%,14,1102,1116,989,3,11,113
0x4061a4,75%,14,42,56,40,3,11,2
0x4019b9,91.358%,14,148,162,137,7,7,11
0x40e061,99.7771%,13,5819,5832,5181,3,10,638
0x406b90,89.5161%,13,111,124,111,0,13,0
0x41343d,99.9567%,13,30041,30054,15024,3,10,15017
0x409bf9,45.8333%,13,11,24,9,7,6,2
0x41127e,99.9793%,13,62834,62847,41897,1,12,20937
0x40d122,97.3251%,13,473,486,431,1,12,42
0x41137f,99.9765%,13,55293,55306,0,0,13,55293
0x411fdd,99.9894%,13,122501,122514,0,0,13,122501
0x40f325,95.7655%,13,294,307,204,1,12,90
0x40a977,96.2963%,12,312,324,286,2,10,26
0x4079ad,97.9167%,12,564,576,511,1,11,53
0x408b7c,93.9394%,12,186,198,176,0,12,10
0x46fda7,92.1053%,12,140,152,2,6,6,138
0x412403,99.9734%,12,45166,45178,14,5,7,45152
0x4108f6,99.8974%,12,11689,11701,6682,4,8,5007
0x40736f,89.7436%,12,105,117,104,0,12,1
0x40e146,83.3333%,12,60,72,60,4,8,0
0x41088e,99.9894%,12,113641,113653,75471,0,12,38170
0x405c4d,96.9697%,12,384,396,348,4,8,36
0x407449,96.2963%,12,312,324,287,1,11,25
0x4027e0,33.3333%,12,6,18,0,4,8,6
0x411680,99.989%,12,109260,109272,0,0,12,109260
0x404170,99.1453%,12,1392,1404,1248,0,12,144
0x40acb8,99.8805%,12,10032,10044,8926,2,10,1106
0x40e71d,98.3025%,11,637,648,573,3,8,64
0x4040f0,99.5756%,11,2581,2592,2304,0,11,277
0x41139e,99.9933%,11,164132,164143,108831,6,5,55301
0x40f2b3,94.686%,11,196,207,102,2,9,94
0x40ea92,8.33333%,11,1,12,0,6,5,1
0x40d89e,80%,11,44,55,0,9,2,44
0x40ced1,99.1512%,11,1285,1296,1148,4,7,137
0x405b5d,98.7269%,11,853,864,767,1,10,86
0x40a96b,99.6228%,11,2905,2916,2590,2,9,315
0x40de09,84.7222%,11,61,72,61,3,8,0
0x408b27,94.4444%,11,187,198,173,3,8,14
0x4064b6,97.019%,11,358,369,322,6,5,36
0x403545,96.6049%,11,313,324,283,5,6,30
0x409840,99.0143%,11,1105,1116,987,5,6,118
0x40ff91,99.9597%,11,27314,27325,0,0,11,27314
0x413281,99.9616%,11,28666,28677,28666,11,0,0
0x40e729,84.7222%,11,61,72,60,4,7,1
0x408b14,63.3333%,11,19,30,2,6,5,17
0x4115c6,99.976%,10,41605,41615,5190,1,9,36415
0x41306c,99.9908%,10,109244,109254,0,0,10,109244
0x403015,44.4444%,10,8,18,7,5,5,1
0x41292e,99.9925%,10,133292,133302,88150,7,3,45142
0x410b02,99.9738%,10,38158,38168,0,0,10,38158
0x412f5e,99.9934%,10,151898,151908,101266,6,4,50632
0x40f2a3,96.7638%,10,299,309,207,0,10,92
0x40d861,98.4351%,10,629,639,567,1,9,62
0x4131ac,99.9841%,10,62819,62829,0,0,10,62819
0x4124f6,99.9584%,10,24045,24055,1541,6,4,22504
0x40227d,94.9495%,10,188,198,175,1,9,13
0x407aa0,68.75%,10,22,32,10,4,6,12
0x408a57,81.1321%,10,43,53,41,4,6,2
0x410e76,99.9754%,10,40694,40704,40694,10,0,0
0x4019ad,99.3141%,10,1448,1458,1295,1,9,153
0x40f567,95.8848%,10,233,243,233,3,7,0
0x4089ff,97.9036%,10,467,477,423,1,9,44
0x40ead4,99.3141%,10,1448,1458,1293,3,7,155
0x410cee,99.9917%,10,120888,120898,80310,5,5,40578
0x40d62d,99.2284%,10,1286,1296,1151,1,9,135
0x40224b,64.2857%,10,18,28,2,4,6,16
0x40cbff,72.2222%,10,26,36,25,7,3,1
0x4079b2,85.9375%,9,55,64,0,5,4,55
0x40eadd,94.4444%,9,153,162,142,2,7,11
0x40763c,94.4444%,9,153,162,143,1,8,10
0x40ddfd,98.6111%,9,639,648,574,2,7,65
0x40d15f,78.5714%,9,33,42,0,5,4,33
0x406335,94.4444%,9,153,162,142,2,7,11
0x412b7d,99.9889%,9,81156,81165,0,0,9,81156
0x406d21,97.561%,9,360,369,326,2,7,34
0x4033ed,99.6914%,9,2907,2916,2590,2,7,317
0x409d5f,86.3636%,9,57,66,56,0,9,1
0x41b449,87.5%,9,63,72,48,0,9,15
0x40f72e,66.6667%,9,18,27,16,2,7,2
0x40e8a8,99.3827%,9,1449,1458,1294,2,7,155
0x4131cd,99.9928%,9,125649,125658,62822,7,2,62827
0x40e1e0,99.8457%,9,5823,5832,5183,1,8,640
0x4157c7,98.1481%,9,477,486,324,0,9,153
0x4015c1,94.4444%,9,153,162,140,4,5,13
0x412f4d,99.997%,9,303807,303816,151908,0,9,151899
0x40e9f4,99.8457%,9,5823,5832,5181,3,6,642
0x40e67f,62.5%,9,15,24,15,1,8,0
0x40b394,99.1935%,9,1107,1116,990,2,7,117
0x406b35,99.1935%,9,1107,1116,741,3,6,366
0x412832,99.9801%,9,45167,45176,17851,2,7,27316
0x4026a5,97.2222%,9,315,324,286,2,7,29
0x40d561,93.75%,9,135,144,125,3,6,10
0x409c15,73.5294%,9,25,34,0,6,3,25
0x403600,99.6528%,9,2583,2592,2302,2,7,281
0x407a87,55%,9,11,20,11,3,6,0
0x402ef2,87.0968%,8,54,62,54,2,6,0
0x4155fc,98.3539%,8,478,486,322,2,6,156
0x40e2ad,88.8889%,8,64,72,64,0,8,0
0x410f62,99.9803%,8,40561,40569,0,0,8,40561
0x41249e,99.994%,8,133330,133338,88178,1,7,45152
0x40279d,99.596%,8,1972,1980,1758,2,6,214
0x407a6d,93.6508%,8,118,126,110,2,6,8
0x402d90,77.7778%,8,28,36,24,0,8,4
0x41069d,99.9517%,8,16562,16570,0,0,8,16562
0x40cada,55.5556%,8,10,18,10,2,6,0
0x402595,77.7778%,8,28,36,28,4,4,0
0x411966,99.4825%,8,1538,1546,0,0,8,1538
0x408a76,70.3704%,8,19,27,1,7,1,18
0x40ce12,94.4444%,8,136,144,126,2,6,10
0x40e92a,95.0617%,8,154,162,144,0,8,10
0x41153a,99.9926%,8,108456,108464,0,0,8,108456
0x401f73,88.8889%,8,64,72,64,0,8,0
0x40417c,94.8718%,8,148,156,148,6,2,0
0x40cbe7,99.7257%,8,2908,2916,2588,4,4,320
0x40d1db,38.4615%,8,5,13,3,5,3,2
0x408bb9,73.3333%,8,22,30,18,4,4,4
0x40f2eb,84.3137%,8,43,51,43,1,7,0
0x402de7,60%,8,12,20,9,3,5,3
0x403e6c,77.7778%,8,28,36,28,4,4,0
0x4027b2,96.8182%,7,213,220,213,3,4,0
0x402ca5,97.1774%,7,241,248,241,3,4,0
0x4117bf,99.9935%,7,108443,108450,0,0,7,108443
0x4048c9,80.5556%,7,29,36,29,3,4,0
0x409d70,92.2222%,7,83,90,77,3,4,6
0x40d66e,95.1389%,7,137,144,124,4,3,13
0x41a638,97.8395%,7,317,324,285,3,4,32
0x41abe6,99.7919%,7,3357,3364,1679,3,4,1678
0x409cdb,98.8215%,7,587,594,526,2,5,61
0x402ae5,80.5556%,7,29,36,29,3,4,0
0x4022cc,75%,7,21,28,20,4,3,1
0x41112e,99.9957%,7,164172,164179,108855,4,3,55317
0x410e52,99.9756%,7,28688,28695,19125,5,2,9563
0x4030b3,61.1111%,7,11,18,11,1,6,0
0x41247a,99.9845%,7,45152,45159,0,0,7,45152
0x410e3d,99.9878%,7,57383,57390,28693,2,5,28690
0x40eb5e,95.679%,7,155,162,142,2,5,13
0x4086ee,95.679%,7,155,162,144,0,7,11
0x41260c,99.9845%,7,45171,45178,24669,1,6,20502
0x401b23,95.679%,7,155,162,144,0,7,11
0x40589d,99.7599%,7,2909,2916,2588,4,3,321
0x4021d2,96.8182%,7,213,220,213,3,4,0
0x413418,99.9534%,7,15020,15027,0,0,7,15020
0x40eb6a,61.1111%,7,11,18,11,5,2,0
0x40acef,94.3548%,7,117,124,0,0,7,117
0x41b25d,56.25%,7,9,16,4,4,3,5
0x410cca,99.9828%,7,40576,40583,0,0,7,40576
0x4058b5,83.3333%,6,30,36,30,2,4,0
0x40aada,99.4624%,6,1110,1116,990,2,4,120
0x403284,66.6667%,6,12,18,12,0,6,0
0x41b3c3,91.6667%,6,66,72,63,1,5,3
0x40791d,98.9583%,6,570,576,511,1,5,59
0x45c9d3,99.645%,6,1684,1690,0,0,6,1684
0x407455,83.3333%,6,30,36,30,2,4,0
0x40199e,96.2963%,6,156,162,0,0,6,156
0x410e10,99.9791%,6,28689,28695,0,0,6,28689
0x409924,99.4624%,6,1110,1116,743,1,5,367
0x40641f,99.3056%,6,858,864,767,1,5,91
0x4109dd,99.9801%,6,30084,30090,15043,2,4,15041
0x40d920,53.8462%,6,7,13,6,2,4,1
0x405c98,25%,6,2,8,0,3,3,2
0x406b46,98.3871%,6,366,372,245,3,3,121
0x40d1cf,94.8718%,6,111,117,102,2,4,9
0x403290,0%,6,0,6,0,4,2,0
0x411631,99.9945%,6,109266,109272,109266,6,0,0
0x413d30,66.6667%,6,12,18,12,4,2,0
0x41482e,50%,6,6,12,6,2,4,0
0x4157b6,99.5885%,6,1452,1458,968,4,2,484
0x4109b0,99.9601%,6,15039,15045,0,0,6,15039
0x40af3a,99.4624%,6,1110,1116,988,4,2,122
0x40f39f,40%,6,4,10,4,3,3,0
0x4133c1,99.9601%,6,15021,15027,15021,6,0,0
0x40cf0a,94.8718%,6,111,117,101,3,3,10
0x417931,77.7778%,6,21,27,21,3,3,0
0x409938,98.3871%,6,366,372,244,4,2,122
0x45c3c7,99.645%,6,1684,1690,0,0,6,1684
0x4179e3,73.913%,6,17,23,15,1,5,2
0x412853,99.978%,6,27315,27321,12,2,4,27303
0x4158e4,96.2963%,6,156,162,156,2,4,0
0x40775d,99.3056%,6,858,864,766,2,4,92
0x41197a,99.9949%,6,118185,118191,0,0,6,118185
0x405c52,86.3636%,6,38,44,38,3,3,0
0x41552b,98.9712%,5,481,486,0,0,5,481
0x40bf9f,99.8136%,5,2677,2682,2381,3,2,296
0x415d96,86.1111%,5,31,36,23,1,4,8
0x407aff,70.5882%,5,12,17,12,0,5,0
0x402102,86.1111%,5,31,36,0,0,5,31
0x412ac8,99.9938%,5,81209,81214,0,0,5,81209
0x41aaec,99.7027%,5,1677,1682,0,0,5,1677
0x4177e0,81.4815%,5,22,27,22,2,3,0
0x46fde4,96.6667%,5,145,150,4,2,3,141
0x41041a,99.9699%,5,16579,16584,0,0,5,16579
0x41b59e,37.5%,5,3,8,0,0,5,3
0x404d3c,94.6809%,5,89,94,89,1,4,0
0x41267d,99.9889%,5,45173,45178,45173,3,2,0
0x41adab,99.9628%,5,13451,13456,13451,5,0,0
0x40eb1b,72.2222%,5,13,18,13,3,2,0
0x40c2a3,99.8136%,5,2677,2682,2383,1,4,294
0x4155e6,99.6571%,5,1453,1458,972,0,5,481
0x40f432,75%,5,15,20,15,2,3,0
0x417892,81.4815%,5,22,27,18,0,5,4
0x412903,99.9889%,5,45140,45145,0,0,5,45140
0x407a57,70.5882%,5,12,17,0,3,2,12
0x409c20,82.1429%,5,23,28,0,2,3,23
0x40d914,95.7265%,5,112,117,102,2,3,10
0x403273,72.2222%,5,13,18,13,1,4,0
0x40334d,86.1111%,5,31,36,31,1,4,0
0x408874,99.4213%,5,859,864,767,1,4,92
0x414625,86.1111%,5,31,36,31,1,4,0
0x41b4df,79.1667%,5,19,24,4,4,1,15
0x408a52,98.9518%,5,472,477,423,1,4,49
0x41a64a,86.1111%,5,31,36,31,1,4,0
0x401aef,72.2222%,5,13,18,13,3,2,0
0x40eb12,96.9136%,5,157,162,144,0,5,13
0x40ca76,44.4444%,5,4,9,4,2,3,0
0x40561d,86.1111%,5,31,36,30,2,3,1
0x45c367,99.7633%,4,1686,1690,0,0,4,1686
0x4084e1,77.7778%,4,14,18,14,2,2,0
0x40351d,88.8889%,4,32,36,0,0,4,32
0x41a530,0%,4,0,4,0,0,4,0
0x40da4a,20%,4,1,5,1,4,0,0
0x405638,0%,4,0,4,0,2,2,0
0x40c5ef,99.8493%,4,2651,2655,2360,0,4,291
0x4122e1,99.9941%,4,67613,67617,67613,4,0,0
0x40b2cf,97.5309%,4,158,162,0,0,4,158
0x411f12,99.9967%,4,122619,122623,122619,4,0,0
0x41086a,99.9895%,4,38178,38182,0,0,4,38178
0x405429,0%,4,0,4,0,0,4,0
0x417734,85.1852%,4,23,27,23,1,3,0
0x458e2f,99.7633%,4,1686,1690,1686,4,0,0
0x414726,66.6667%,4,8,12,0,0,4,8
0x458e3e,99.7633%,4,1686,1690,1686,4,0,0
0x417634,20%,4,1,5,0,2,2,1
0x40b7f2,99.6416%,4,1112,1116,991,1,3,121
0x4064c2,90.2439%,4,37,41,37,2,2,0
0x40285c,77.7778%,4,14,18,14,0,4,0
0x40a983,88.8889%,4,32,36,32,0,4,0
0x412f2c,99.9974%,4,151904,151908,0,0,4,151904
0x4052c1,0%,4,0,4,0,0,4,0
0x413c8f,66.6667%,4,8,12,5,3,1,3
0x41b5a8,50%,4,4,8,0,0,4,4
0x404045,98.7654%,4,320,324,287,1,3,33
0x402d9c,66.6667%,4,8,12,7,1,3,1
0x4031d6,77.7778%,4,14,18,12,0,4,2
0x46fe2a,50%,4,4,8,4,2,2,0
0x411b29,99.9966%,4,118329,118333,118329,4,0,0
0x4030a2,77.7778%,4,14,18,14,0,4,0
0x41b15e,50%,4,4,8,0,0,4,4
0x415da7,66.6667%,4,8,12,8,0,4,0
0x40340f,88.8889%,4,32,36,32,0,4,0
0x40ca95,55.5556%,4,5,9,5,3,1,0
0x4020fd,98.7654%,4,320,324,288,0,4,32
0x412b69,99.8457%,4,2588,2592,0,0,4,2588
0x401f94,50%,4,4,8,4,0,4,0
0x45a255,99.7633%,4,1686,1690,0,0,4,1686
0x41ac10,99.8811%,4,3360,3364,1679,3,1,1681
0x402e9d,95.5556%,4,86,90,78,2,2,8
0x4140b8,33.3333%,4,2,6,2,2,2,0
0x40633a,77.7778%,4,14,18,0,0,4,14
0x40ca24,96.7742%,4,120,124,120,3,1,0
0x40cb1f,33.3333%,4,2,6,2,2,2,0
0x40573c,77.7778%,4,14,18,14,2,2,0
0x40621c,77.7778%,4,14,18,14,2,2,0
0x40f593,42.8571%,4,3,7,2,3,1,1
0x41336e,99.9658%,4,11686,11690,6681,0,4,5005
0x40369c,97.8571%,3,137,140,137,3,0,0
0x46fed8,62.5%,3,5,8,5,1,2,0
0x40e7ee,62.5%,3,5,8,4,2,1,1
0x45c3d0,99.8225%,3,1687,1690,0,0,3,1687
0x41789f,66.6667%,3,6,9,6,0,3,0
0x40f578,57.1429%,3,4,7,2,3,0,2
0x402ece,83.3333%,3,15,18,15,1,2,0
0x40ba93,0%,3,0,3,0,2,1,0
0x40f2ff,50%,3,3,6,2,0,3,1
0x40d308,40%,3,2,5,2,3,0,0
0x415de5,75%,3,9,12,3,1,2,6
0x4019c5,83.3333%,3,15,18,15,1,2,0
0x40d8db,99.2754%,3,411,414,368,0,3,43
0x40e9e3,99.537%,3,645,648,0,0,3,645
0x401e2c,83.3333%,3,15,18,15,1,2,0
0x402ea9,70%,3,7,10,7,1,2,0
0x40d414,81.25%,3,13,16,13,1,2,0
0x45a235,99.8225%,3,1687,1690,0,0,3,1687
0x40e460,99.537%,3,645,648,0,0,3,645
0x412c51,99.9956%,3,67593,67596,67593,3,0,0
0x40f315,0%,3,0,3,0,2,1,0
0x4086b8,83.3333%,3,15,18,0,0,3,15
0x412a20,99.9956%,3,67500,67503,0,0,3,67500
0x413619,25%,3,1,4,0,2,1,1
0x46fe98,92.5%,3,37,40,0,0,3,37
0x408a04,94.3396%,3,50,53,50,3,0,0
0x412a5f,99.9956%,3,67500,67503,44999,3,0,22501
0x4141b4,50%,3,3,6,3,1,2,0
0x414025,83.3333%,3,15,18,15,1,2,0
0x401eb4,62.5%,3,5,8,0,0,3,5
0x46fe4f,62.5%,3,5,8,5,1,2,0
0x401b2c,83.3333%,3,15,18,15,1,2,0
0x413caa,25%,3,1,4,0,2,1,1
0x40ea3f,62.5%,3,5,8,0,2,1,5
0x46fdac,98%,3,147,150,147,3,0,0
0x409582,83.3333%,3,15,18,15,1,2,0
0x40cc13,25%,3,1,4,1,1,2,0
0x405a0a,83.3333%,3,15,18,0,0,3,15
0x45c3d5,99.8225%,3,1687,1690,0,0,3,1687
0x413ff5,83.3333%,3,15,18,15,1,2,0
0x40bae1,83.3333%,3,15,18,15,1,2,0
0x411e51,99.9974%,3,116181,116184,116181,3,0,0
0x4055be,91.6667%,3,33,36,32,0,3,1
0x415166,83.3333%,3,15,18,15,1,2,0
0x40e8c0,83.3333%,3,15,18,15,1,2,0
0x409ced,95.4545%,3,63,66,0,0,3,63
0x402da1,25%,3,1,4,0,0,3,1
0x40d19e,99.0991%,3,330,333,296,0,3,34
0x40844d,99.6528%,3,861,864,766,2,1,95
0x4056ff,83.3333%,3,15,18,15,1,2,0
0x40e44b,99.537%,3,645,648,0,0,3,645
0x4056cd,83.3333%,3,15,18,15,1,2,0
0x414202,25%,3,1,4,1,1,2,0
0x4105c3,99.982%,3,16691,16694,16691,3,0,0
0x4064d8,50%,3,3,6,0,2,1,3
0x4058c6,25%,3,1,4,1,1,2,0
0x402f3f,83.3333%,3,15,18,15,1,2,0
0x41abd9,99.8216%,3,1679,1682,0,0,3,1679
0x4179d3,87.5%,3,21,24,0,1,2,21
0x40571c,83.3333%,3,15,18,15,1,2,0
0x46fec2,92.5%,3,37,40,32,0,3,5
0x40b24f,83.3333%,3,15,18,15,1,2,0
0x402c9d,99.8656%,3,2229,2232,1983,1,2,246
0x41b015,62.5%,3,5,8,0,0,3,5
0x4015d6,83.3333%,3,15,18,15,1,2,0
0x4057c6,75%,3,9,12,7,1,2,2
0x409df7,94.4444%,3,51,54,48,0,3,3
0x4179f0,57.1429%,3,4,7,4,1,2,0
0x413151,99.9952%,3,62826,62829,62826,3,0,0
0x40b885,97.5806%,3,121,124,121,2,1,0
0x4177a3,88.8889%,3,24,27,24,0,3,0
0x407413,91.6667%,3,33,36,0,0,3,33
0x417904,88.8889%,3,24,27,24,0,3,0
0x4031f5,50%,3,3,6,3,1,2,0
0x4129d1,99.9956%,3,67500,67503,67500,3,0,0
0x414055,83.3333%,3,15,18,15,1,2,0
0x4146ca,91.6667%,3,33,36,23,1,2,10
0x41b4e4,96.875%,2,62,64,62,2,0,0
0x41774a,33.3333%,2,1,3,1,2,0,0
0x40db5c,87.5%,2,14,16,14,0,2,0
0x40f1da,88.8889%,2,16,18,16,0,2,0
0x4132fd,99.9965%,2,57352,57354,28675,2,0,28677
0x45c353,99.8817%,2,1688,1690,0,0,2,1688
0x4132d8,99.993%,2,28675,28677,0,0,2,28675
0x40f3a4,33.3333%,2,1,3,1,2,0,0
0x405513,50%,2,2,4,2,2,0,0
0x405a3e,98.7654%,2,160,162,143,1,1,17
0x458d97,99.8817%,2,1688,1690,0,0,2,1688
0x4173d4,33.3333%,2,1,3,1,1,1,0
0x40f309,50%,2,2,4,0,1,1,2
0x40f124,88.8889%,2,16,18,16,0,2,0
0x41a667,50%,2,2,4,2,2,0,0
0x41578e,99.5885%,2,484,486,0,0,2,484
0x4110f6,99.8877%,2,1779,1781,0,0,2,1779
0x40eaeb,88.8889%,2,16,18,16,0,2,0
0x4175a4,77.7778%,2,7,9,7,1,1,0
0x40b73d,98.3871%,2,122,124,0,0,2,122
0x4126d1,88.8889%,2,16,18,16,0,2,0
0x40302b,66.6667%,2,4,6,4,0,2,0
0x41b22e,75%,2,6,8,6,2,0,0
0x40f692,92.3077%,2,24,26,24,0,2,0
0x414ffe,88.8889%,2,16,18,16,0,2,0
0x41a4c0,50%,2,2,4,2,2,0,0
0x411d56,99.8912%,2,1837,1839,0,0,2,1837
0x414d9b,50%,2,2,4,2,0,2,0
0x45a20a,99.8817%,2,1688,1690,0,0,2,1688
0x458d75,99.8817%,2,1688,1690,0,0,2,1688
0x41621d,88.8889%,2,16,18,16,0,2,0
0x41b26f,75%,2,6,8,6,2,0,0
0x40354a,94.4444%,2,34,36,0,0,2,34
0x413770,50%,2,2,4,0,0,2,2
0x410b2e,99.9982%,2,113615,113617,75449,0,2,38166
0x414135,66.6667%,2,4,6,4,0,2,0
0x403111,88.8889%,2,16,18,16,0,2,0
0x4030bf,66.6667%,2,4,6,4,0,2,0
0x407aab,88.8889%,2,16,18,0,0,2,16
0x4117ab,99.9065%,2,2137,2139,0,0,2,2137
0x417792,92.5926%,2,25,27,0,0,2,25
0x41739b,33.3333%,2,1,3,1,2,0,0
0x414270,88.8889%,2,16,18,16,0,2,0
0x40a8ad,88.8889%,2,16,18,16,0,2,0
0x41330e,99.993%,2,28675,28677,19116,2,0,9559
0x40a992,50%,2,2,4,0,2,0,2
0x406932,88.8889%,2,16,18,16,0,2,0
0x40c2cf,99.3289%,2,296,298,0,0,2,296
0x40dfee,99.6914%,2,646,648,0,0,2,646
0x412da1,99.9983%,2,116161,116163,116161,2,0,0
0x402f0f,88.8889%,2,16,18,16,0,2,0
0x409d75,80%,2,8,10,8,2,0,0
0x40bc57,98.7654%,2,160,162,0,0,2,160
0x417924,92.5926%,2,25,27,0,0,2,25
0x408b81,90.9091%,2,20,22,18,2,0,2
0x40e568,99.6914%,2,646,648,646,2,0,0
0x40e936,88.8889%,2,16,18,16,0,2,0
0x40ba21,33.3333%,2,1,3,1,1,1,0
0x40f2f5,71.4286%,2,5,7,0,1,1,5
0x410dc1,99.993%,2,28693,28695,28693,2,0,0
0x417a8b,60%,2,3,5,2,2,0,1
0x45c9ca,99.8817%,2,1688,1690,0,0,2,1688
0x45c9e3,99.8817%,2,1688,1690,0,0,2,1688
0x412ed1,99.9987%,2,151906,151908,151906,2,0,0
0x406d2d,95.122%,2,39,41,39,0,2,0
0x401f1b,97.2222%,2,70,72,0,0,2,70
0x4073aa,88.8889%,2,16,18,16,0,2,0
0x40dd9d,75%,2,6,8,0,0,2,6
0x406d49,50%,2,2,4,0,2,0,2
0x4148bc,50%,2,2,4,0,0,2,2
0x458e39,99.8817%,2,1688,1690,0,0,2,1688
0x41b3d7,75%,2,6,8,6,2,0,0
0x4174d4,77.7778%,2,7,9,7,1,1,0
0x407460,50%,2,2,4,2,0,2,0
0x415db0,50%,2,2,4,2,2,0,0
0x414e6e,88.8889%,2,16,18,16,0,2,0
0x415bf8,50%,2,2,4,2,2,0,0
0x40ca7f,71.4286%,2,5,7,5,2,0,0
0x411ac0,99.9987%,2,151927,151929,0,0,2,151927
0x415107,88.8889%,2,16,18,16,0,2,0
0x413566,99.958%,2,4765,4767,0,0,2,4765
0x408ba2,88.8889%,2,16,18,16,0,2,0
0x40f6b1,0%,1,0,1,0,1,0,0
0x406abd,99.1935%,1,123,124,0,0,1,123
0x41a5a2,75%,1,3,4,3,1,0,0
0x406b4e,99.1935%,1,123,124,0,0,1,123
0x406b57,99.1935%,1,123,124,0,0,1,123
0x41b116,87.5%,1,7,8,7,1,0,0
0x408b4b,97.7273%,1,43,44,0,0,1,43
0x40f5ec,0%,1,0,1,0,1,0,0
0x40a95c,99.6914%,1,323,324,0,0,1,323
0x4031b9,83.3333%,1,5,6,0,0,1,5
0x40e8d2,50%,1,1,2,0,0,1,1
0x41768b,66.6667%,1,2,3,2,1,0,0
0x40588e,99.6914%,1,323,324,0,0,1,323
0x403376,75%,1,3,4,0,0,1,3
0x40ba10,66.6667%,1,2,3,2,1,0,0
0x4035c3,99.6528%,1,287,288,0,0,1,287
0x41b46f,95.8333%,1,23,24,0,0,1,23
0x402688,97.2222%,1,35,36,0,0,1,35
0x41b181,87.5%,1,7,8,7,1,0,0
0x41b16f,87.5%,1,7,8,0,0,1,7
0x41b0e0,87.5%,1,7,8,0,0,1,7
0x4040ae,99.6528%,1,287,288,0,0,1,287
0x41afda,87.5%,1,7,8,7,1,0,0
0x40496a,97.2222%,1,35,36,0,0,1,35
0x41afa6,87.5%,1,7,8,0,0,1,7
0x405879,97.2222%,1,35,36,0,0,1,35
0x45c3bb,99.9408%,1,1689,1690,0,0,1,1689
0x41af9a,87.5%,1,7,8,0,0,1,7
0x40e6b0,87.5%,1,7,8,7,1,0,0
0x412330,99.9985%,1,67616,67617,0,0,1,67616
0x404385,50%,1,1,2,0,0,1,1
0x405672,50%,1,1,2,1,1,0,0
0x40af91,99.1935%,1,123,124,0,0,1,123
0x4045e0,50%,1,1,2,1,1,0,0
0x402f6e,50%,1,1,2,0,0,1,1
0x403266,83.3333%,1,5,6,0,0,1,5
0x402eb9,94.4444%,1,17,18,0,0,1,17
0x402d0d,75%,1,3,4,0,0,1,3
0x402819,92.8571%,1,13,14,13,1,0,0
0x40c623,99.661%,1,294,295,0,0,1,294
0x40e73a,87.5%,1,7,8,0,0,1,7
0x41b4b7,87.5%,1,7,8,7,1,0,0
0x417424,0%,1,0,1,0,0,1,0
0x417a22,50%,1,1,2,0,0,1,1
0x4045cf,50%,1,1,2,0,0,1,1
0x40e91b,94.4444%,1,17,18,0,0,1,17
0x402289,95.4545%,1,21,22,21,1,0,0
0x46fdfa,99.3333%,1,149,150,149,1,0,0
0x46fdbc,99.3333%,1,149,150,149,1,0,0
0x40e984,87.5%,1,7,8,0,0,1,7
0x40bcc9,99.7758%,1,445,446,0,0,1,445
0x408a81,94.7368%,1,18,19,18,1,0,0
0x415cdf,91.6667%,1,11,12,0,0,1,11
0x41344e,99.9933%,1,15026,15027,10017,1,0,5009
0x415670,99.3827%,1,161,162,0,0,1,161
0x40b324,99.1935%,1,123,124,0,0,1,123
0x40ea44,83.3333%,1,5,6,0,0,1,5
0x408b65,98.5714%,1,69,70,0,0,1,69
0x408ba7,50%,1,1,2,0,0,1,1
0x4097f3,99.1935%,1,123,124,0,0,1,123
0x458dc9,99.9408%,1,1689,1690,1689,1,0,0
0x4111e1,99.9984%,1,62846,62847,62846,1,0,0
0x4033d1,99.6914%,1,323,324,0,0,1,323
0x4098af,99.1935%,1,123,124,0,0,1,123
0x40f59e,50%,1,1,2,1,0,1,0
0x40c35d,99.7312%,1,371,372,0,0,1,371
0x41058d,99.9896%,1,9569,9570,4785,0,1,4784
0x406b23,99.7312%,1,371,372,0,0,1,371
0x413011,99.9991%,1,109253,109254,109253,1,0,0
0x4073bd,75%,1,3,4,0,0,1,3
0x41b178,87.5%,1,7,8,0,0,1,7
0x410a16,99.9974%,1,38243,38244,38243,1,0,0
0x40ba41,0%,1,0,1,0,0,1,0
0x41ac79,99.9761%,1,4183,4184,4183,1,0,0
0x4173dd,0%,1,0,1,0,1,0,0
0x41795b,66.6667%,1,2,3,0,0,1,2
0x40afcd,99.1935%,1,123,124,123,1,0,0
0x40b8ec,0%,1,0,1,0,1,0,0
0x41b596,87.5%,1,7,8,0,0,1,7
0x40ca7a,66.6667%,1,2,3,2,0,1,0
0x40b81e,99.1935%,1,123,124,0,0,1,123
0x411fc9,99.9454%,1,1832,1833,0,0,1,1832
0x413629,50%,1,1,2,0,0,1,1
0x40f745,88.8889%,1,8,9,6,0,1,2
0x4154b6,99.3827%,1,161,162,0,0,1,161
0x417872,88.8889%,1,8,9,0,0,1,8
0x40e066,99.8457%,1,647,648,647,1,0,0
0x45a30d,99.9408%,1,1689,1690,0,0,1,1689
0x40e81e,50%,1,1,2,0,0,1,1
0x45c3a3,99.9408%,1,1689,1690,0,0,1,1689
0x413a10,75%,1,3,4,0,0,1,3
0x45c9ec,99.9408%,1,1689,1690,1689,1,0,0
0x458d63,99.9408%,1,1689,1690,0,0,1,1689
0x458d6d,99.9408%,1,1689,1690,0,0,1,1689
0x458dba,99.9408%,1,1689,1690,0,0,1,1689
0x458e0f,99.9408%,1,1689,1690,1689,1,0,0
0x4179c4,87.5%,1,7,8,0,0,1,7
0x40aade,99.1935%,1,123,124,0,0,1,123
0x40404a,97.2222%,1,35,36,0,0,1,35
0x408b38,95.4545%,1,21,22,0,0,1,21
0x412ca6,99.9985%,1,67595,67596,0,0,1,67595
0x413f9b,50%,1,1,2,1,1,0,0
0x409912,99.7312%,1,371,372,0,0,1,371
0x408452,98.9583%,1,95,96,95,1,0,0
0x408a96,87.5%,1,7,8,0,0,1,7
0x40219c,99.5455%,1,219,220,0,0,1,219
0x407973,98.1818%,1,54,55,54,1,0,0
0x407a7e,92.8571%,1,13,14,0,0,1,13
0x4063f0,98.9583%,1,95,96,0,0,1,95
0x41b01e,87.5%,1,7,8,7,1,0,0
0x4112a5,99.9982%,1,55395,55396,55395,1,0,0
0x40497f,97.2222%,1,35,36,0,0,1,35
0x401b16,94.4444%,1,17,18,0,0,1,17
0x415813,99.2481%,1,132,133,0,0,1,132
0x41b506,87.5%,1,7,8,7,1,0,0
0x410961,99.9934%,1,15044,15045,15044,1,0,0
0x415707,99.7942%,1,485,486,0,0,1,485
0x4155bf,99.7942%,1,485,486,0,0,1,485
0x415435,99.3827%,1,161,162,0,0,1,161
0x41aafc,99.9405%,1,1681,1682,0,0,1,1681
0x40d127,98.1481%,1,53,54,0,0,1,53
0x4141ca,50%,1,1,2,1,1,0,0
0x40f5a8,0%,1,0,1,0,0,1,0
0x408410,98.9583%,1,95,96,0,0,1,95
0x40f6a1,50%,1,1,2,1,0,1,0
0x4152f8,99.3827%,1,161,162,0,0,1,161
0x415016,50%,1,1,2,1,1,0,0
0x411d6a,99.9992%,1,122527,122528,0,0,1,122527
0x40d546,93.75%,1,15,16,0,0,1,15
0x40eb00,50%,1,1,2,0,0,1,1
0x40b9fe,66.6667%,1,2,3,2,0,1,0
0x41b2ab,87.5%,1,7,8,0,0,1,7
0x410504,99.9791%,1,4784,4785,4784,1,0,0
0x417882,96.2963%,1,26,27,0,0,1,26
0x4177d3,96.2963%,1,26,27,0,0,1,26
0x40563c,50%,1,1,2,0,0,1,1
0x4156eb,99.7942%,1,485,486,0,0,1,485
0x40bab6,66.6667%,1,2,3,2,0,1,0
0x40bd0d,99.7312%,1,371,372,0,0,1,371
0x412712,50%,1,1,2,0,0,1,1
0x40bf2a,99.6644%,1,297,298,0,0,1,297
0x40bfcb,99.6644%,1,297,298,0,0,1,297
0x415b4a,75%,1,3,4,3,1,0,0
0x45c3ac,99.9408%,1,1689,1690,1689,1,0,0
0x4026aa,97.2222%,1,35,36,0,0,1,35
0x40c9a2,99.1935%,1,123,124,123,1,0,0
0x40eb72,100%,0,2,2,2,0,0,0
0x407a92,100%,0,6,6,0,0,0,6
0x40eb20,100%,0,2,2,0,0,0,2
0x40631e,100%,0,18,18,0,0,0,18
0x41b2b6,100%,0,8,8,8,0,0,0
0x407606,100%,0,18,18,0,0,0,18
0x40f5dd,100%,0,1,1,0,0,0,1
0x406d65,100%,0,2,2,2,0,0,0
0x40b9a6,100%,0,1,1,0,0,0,1
0x40f766,100%,0,3,3,3,0,0,0
0x415c10,100%,0,4,4,0,0,0,4
0x40ea8d,100%,0,6,6,0,0,0,6
0x40eacf,100%,0,162,162,0,0,0,162
0x45a86d,100%,0,1690,1690,1690,0,0,0
0x45c38c,100%,0,1690,1690,0,0,0,1690
0x41b0d7,100%,0,8,8,0,0,0,8
0x415dd8,100%,0,12,12,0,0,0,12
0x4157d5,100%,0,162,162,0,0,0,162
0x40541f,100%,0,4,4,0,0,0,4
0x45a267,100%,0,1690,1690,1690,0,0,0
0x415d63,100%,0,12,12,0,0,0,12
0x40534a,100%,0,4,4,0,0,0,4
0x415548,100%,0,486,486,0,0,0,486
0x41b124,100%,0,8,8,8,0,0,0
0x41b1d8,100%,0,8,8,0,0,0,8
0x458da8,100%,0,1690,1690,0,0,0,1690
0x45c37b,100%,0,1690,1690,1690,0,0,0
0x40c33a,100%,0,124,124,0,0,0,124
0x409845,100%,0,124,124,0,0,0,124
0x40311e,100%,0,2,2,0,0,0,2
0x40994d,100%,0,124,124,0,0,0,124
0x409ba4,100%,0,213,213,0,0,0,213
0x40ca20,100%,0,124,124,0,0,0,124
0x40aa14,100%,0,162,162,0,0,0,162
0x40ce88,100%,0,144,144,0,0,0,144
0x40c22e,100%,0,298,298,0,0,0,298
0x40401c,100%,0,36,36,0,0,0,36
0x40c57a,100%,0,295,295,0,0,0,295
0x40cdff,100%,0,16,16,0,0,0,16
0x41ab24,100%,0,1682,1682,1682,0,0,0
0x40da23,100%,0,5,5,0,0,0,5
0x41ab81,100%,0,1682,1682,0,0,0,1682
0x40ae85,100%,0,124,124,0,0,0,124
0x40b398,100%,0,124,124,0,0,0,124
0x40b522,100%,0,124,124,0,0,0,124
0x40b5a7,100%,0,124,124,0,0,0,124
0x40ba30,100%,0,1,1,0,0,0,1
0x40f5ce,100%,0,1,1,0,0,0,1
0x4087f8,100%,0,96,96,0,0,0,96
0x40eb0d,100%,0,18,18,0,0,0,18
0x4079c7,100%,0,5,5,0,0,0,5
0x4064e7,100%,0,4,4,4,0,0,0
0x40742e,100%,0,324,324,0,0,0,324
0x40baa5,100%,0,3,3,3,0,0,0
0x407ac7,100%,0,14,14,14,0,0,0
0x40a8f6,100%,0,4,4,0,0,0,4
0x4086f3,100%,0,18,18,0,0,0,18
0x40eac7,100%,0,18,18,0,0,0,18
0x407922,100%,0,64,64,0,0,0,64
0x40d866,100%,0,71,71,0,0,0,71
0x40883c,100%,0,96,96,0,0,0,96
0x417a0c,100%,0,2,2,0,0,0,2
0x40d761,100%,0,16,16,0,0,0,16
0x40d566,100%,0,16,16,0,0,0,16
0x40d2da,100%,0,5,5,0,0,0,5
0x40cb72,100%,0,4,4,0,0,0,4
0x40ce17,100%,0,16,16,0,0,0,16
0x40b896,100%,0,1,1,0,0,0,1
0x405a46,100%,0,18,18,0,0,0,18
0x458d59,100%,0,1690,1690,0,0,0,1690
0x401dbd,100%,0,114,114,0,0,0,114
0x41a53e,100%,0,4,4,0,0,0,4
0x405b1e,100%,0,96,96,0,0,0,96
0x412466,100%,0,2139,2139,0,0,0,2139
0x40d001,100%,0,13,13,0,0,0,13
0x45a275,100%,0,1690,1690,0,0,0,1690
0x40f3b3,100%,0,10,10,10,0,0,0
0x46fe6e,100%,0,8,8,0,0,0,8
0x40a94c,100%,0,36,36,0,0,0,36
0x4128ef,100%,0,2133,2133,0,0,0,2133
0x40df02,100%,0,496,496,496,0,0,0
0x41afe7,100%,0,8,8,8,0,0,0
0x414c85,100%,0,4,4,0,0,0,4
0x402c5c,100%,0,248,248,0,0,0,248
0x412176,100%,0,2598,2598,0,0,0,2598
0x40e17e,100%,0,648,648,0,0,0,648
0x409d32,100%,0,94,94,0,0,0,94
0x41b00c,100%,0,8,8,0,0,0,8
0x458d85,100%,0,1690,1690,0,0,0,1690
0x41b281,100%,0,8,8,8,0,0,0
0x402754,100%,0,220,220,0,0,0,220
0x41059e,100%,0,4785,4785,3190,0,0,1595
0x40c889,100%,0,295,295,0,0,0,295
0x40b995,100%,0,1,1,0,0,0,1
0x458de7,100%,0,1690,1690,0,0,0,1690
0x40e898,100%,0,162,162,0,0,0,162
0x413fa9,100%,0,2,2,0,0,0,2
0x41a594,100%,0,4,4,0,0,0,4
0x40aa69,100%,0,124,124,0,0,0,124
0x4159e0,100%,0,4,4,0,0,0,4
0x41a5b1,100%,0,4,4,0,0,0,4
0x41a522,100%,0,4,4,0,0,0,4
0x401f30,100%,0,648,648,0,0,0,648
0x41a615,100%,0,36,36,0,0,0,36
0x41a512,100%,0,4,4,0,0,0,4
0x41a4bb,100%,0,4,4,0,0,0,4
0x41a475,100%,0,4,4,0,0,0,4
0x40ac6a,100%,0,124,124,0,0,0,124
0x4149e1,100%,0,4,4,0,0,0,4
0x41470a,100%,0,12,12,0,0,0,12
0x410406,100%,0,795,795,0,0,0,795
0x40193f,100%,0,2,2,0,0,0,2
0x417806,100%,0,3,3,0,0,0,3
0x40eaa1,100%,0,6,6,6,0,0,0
0x4174dd,100%,0,1,1,0,0,0,1
0x40f5bb,100%,0,1,1,0,0,0,1
0x40b849,100%,0,124,124,0,0,0,124
0x409d0d,100%,0,53,53,0,0,0,53
0x417aab,100%,0,3,3,3,0,0,0
0x401cbf,100%,0,38,38,0,0,0,38
0x41359e,100%,0,4767,4767,3178,0,0,1589
0x401d08,100%,0,38,38,0,0,0,38
0x416240,100%,0,2,2,0,0,0,2
0x410689,100%,0,789,789,0,0,0,789
0x411526,100%,0,2145,2145,0,0,0,2145
0x4174e7,100%,0,1,1,0,0,0,1
0x411bdb,100%,0,1540,1540,0,0,0,1540
0x40d5df,100%,0,144,144,0,0,0,144
0x405360,100%,0,4,4,0,0,0,4
0x46fdd3,100%,0,150,150,0,0,0,150
0x41136b,100%,0,1775,1775,0,0,0,1775
0x405ca7,100%,0,5,5,5,0,0,0
0x410f4b,100%,0,845,845,0,0,0,845
0x40cbc8,100%,0,36,36,0,0,0,36
0x40de9b,100%,0,496,496,0,0,0,496
0x413cc5,100%,0,2,2,0,0,0,2
0x410aeb,100%,0,887,887,0,0,0,887
0x40eb54,100%,0,18,18,0,0,0,18
0x40198b,100%,0,18,18,0,0,0,18
0x410856,100%,0,893,893,0,0,0,893
0x414a06,100%,0,4,4,0,0,0,4
0x415cbb,100%,0,12,12,0,0,0,12
0x410cb6,100%,0,851,851,0,0,0,851
0x404aa0,100%,0,36,36,0,0,0,36
0x40af66,100%,0,124,124,0,0,0,124
0x404f46,100%,0,4,4,0,0,0,4
0x413640,100%,0,4,4,0,0,0,4
0x413795,100%,0,4,4,0,0,0,4
0x40dde9,100%,0,72,72,0,0,0,72
0x40f258,100%,0,22,22,0,0,0,22
0x401d72,100%,0,38,38,0,0,0,38
0x40c927,100%,0,295,295,0,0,0,295
0x41358d,100%,0,9534,9534,4767,0,0,4767
0x41b348,100%,0,8,8,0,0,0,8
0x40e9d8,100%,0,72,72,0,0,0,72
0x40f446,100%,0,3,3,0,0,0,3
0x40e705,100%,0,72,72,0,0,0,72
0x4020bb,100%,0,36,36,0,0,0,36
0x41b250,100%,0,16,16,0,0,0,16
0x413511,100%,0,4767,4767,4767,0,0,0
0x46fe67,100%,0,8,8,0,0,0,8
0x40e88d,100%,0,18,18,0,0,0,18
0x40e1e5,100%,0,648,648,648,0,0,0
0x405823,100%,0,4,4,0,0,0,4
0x413b86,100%,0,12,12,0,0,0,12
0x4033bb,100%,0,36,36,0,0,0,36
0x412821,100%,0,2,2,0,0,0,2
0x40f57e,100%,0,2,2,2,0,0,0
0x4178f3,100%,0,27,27,0,0,0,27
0x403423,100%,0,4,4,0,0,0,4
0x407641,100%,0,18,18,0,0,0,18
0x40cbd8,100%,0,324,324,0,0,0,324
0x41ab0a,100%,0,1682,1682,0,0,0,1682
0x401b08,100%,0,2,2,0,0,0,2
0x40450c,100%,0,2,2,0,0,0,2
0x412561,100%,0,67524,67524,67524,0,0,0
0x41a558,100%,0,4,4,0,0,0,4
0x40eab8,100%,0,2,2,0,0,0,2
0x41ac15,100%,0,1682,1682,0,0,0,1682
