Branch PC,Accuracy,Mispredictions,Correct Predictions,Total,dir_t_pred_t,dir_t_pred_nt,dir_nt_pred_t,dir_nt_pred_nt
aggregate,98.9412%,271356,25357479,25628835,15542986,103740,167616,9814493
0x411cdb,95.4044%,37699,782626,820325,727094,12582,25117,55532
0x4120ef,95.9005%,25862,604993,630855,559285,7817,18045,45708
0x41104e,97.0384%,22531,738251,760782,674194,6511,16020,64057
0x41321e,98.0256%,15020,745705,760725,669114,7108,7912,76591
0x411480,96.2504%,14009,359609,373618,261817,5567,8442,97792
0x410794,95.9682%,12129,288705,300834,228593,5309,6820,60112
0x412e6e,98.7236%,10470,809798,820268,721365,4339,6131,88433
0x412633,95.1751%,9944,196155,206099,37926,5302,4642,158229
0x41ac73,94.0741%,9896,157099,166995,143386,5121,4775,13713
0x4130f0,97.3737%,9811,363750,373561,290353,3188,6623,73397
0x412d38,98.5682%,9032,621766,630798,546922,3284,5748,74844
0x4123df,86.8132%,8407,55346,63753,23942,5434,2973,31404
0x4134a1,97.5151%,7474,293304,300778,260303,2696,4778,33001
0x410c08,96.4205%,7367,198446,205813,118082,3172,4195,80364
0x41ae23,95.1215%,7272,141789,149061,141525,306,6966,264
0x410341,96.0705%,7068,172803,179871,34183,3652,3416,138620
0x4118ce,98.5914%,5572,389988,395560,299005,1934,3638,90983
0x412fb0,98.8958%,4367,391136,395503,286890,2436,1931,104246
0x4135e8,98.2159%,3208,176607,179815,158005,1480,1728,18602
0x41acba,98.6167%,2310,164685,166995,130403,424,1886,34282
0x413360,99.2579%,1527,204230,205757,138286,595,932,65944
0x40de8a,74.1166%,608,1741,2349,183,443,165,1558
0x401ce3,62.898%,571,968,1539,192,346,225,776
0x409d02,68.3824%,516,1116,1632,473,259,257,643
0x401d33,66.7316%,512,1027,1539,149,347,165,878
0x401dc4,69.0708%,476,1063,1539,1049,73,403,14
0x40c953,71.284%,454,1127,1581,971,83,371,156
0x409b47,81.1653%,417,1797,2214,693,146,271,1104
0x409b7f,69.7455%,416,959,1375,44,350,66,915
0x40bdac,74.8261%,398,1183,1581,25,308,90,1158
0x406cc6,68.2432%,376,808,1184,99,231,145,709
0x40c0b8,76.4706%,372,1209,1581,1201,47,325,8
0x406c9b,82.5617%,339,1605,1944,628,132,207,977
0x40c713,79.3169%,327,1254,1581,1247,68,259,7
0x409cc8,70.2495%,310,732,1042,131,171,139,601
0x41ad1f,99.5359%,302,64768,65070,57802,38,264,6966
0x40f2d5,79.1117%,301,1140,1441,1119,81,220,21
0x415803,66.93%,293,593,886,348,168,125,245
0x40df85,87.5692%,292,2057,2349,2037,51,241,20
0x40c3fc,81.7204%,289,1292,1581,4,262,27,1288
0x406a70,61.454%,281,448,729,47,155,126,401
0x402c4d,62.963%,270,459,729,17,185,85,442
0x411cfc,99.6689%,267,80382,80649,12572,126,141,67810
0x40218b,58.9506%,266,382,648,9,172,94,373
0x40bcce,95.4909%,259,5485,5744,1,201,58,5484
0x40f66f,89.3591%,259,2175,2434,1973,62,197,202
0x41ae1d,99.8209%,254,141577,141831,28739,163,91,112838
0x40bfff,83.9975%,253,1328,1581,976,78,175,352
0x40a83e,88.6179%,252,1962,2214,1925,43,209,37
0x40aa4d,95.634%,250,5476,5726,0,202,48,5476
0x4097ea,65.7064%,250,479,729,12,190,60,467
0x415138,65.9808%,248,481,729,460,67,181,21
0x409c9f,83.5979%,248,1264,1512,340,130,118,924
0x4107ed,99.6399%,241,66691,66932,11724,100,141,54967
0x402745,62.8086%,241,407,648,21,162,79,386
0x411dc7,99.7024%,240,80409,80649,34448,73,167,45961
0x41115f,99.7015%,239,79838,80077,31964,140,99,47874
0x40b308,95.8479%,238,5494,5732,0,202,36,5494
0x41223d,99.6314%,235,63518,63753,24900,96,139,38618
0x41212f,99.5453%,234,51234,51468,50708,34,200,526
0x401a84,68.0384%,233,496,729,50,121,112,446
0x405b15,59.2593%,231,336,567,10,153,78,326
0x411d18,99.663%,229,67722,67951,67340,72,157,382
0x4063e7,59.612%,229,338,567,23,138,91,315
0x407968,54.1582%,226,267,493,103,129,97,164
0x40840b,60.4938%,224,343,567,14,149,75,329
0x41108f,99.7228%,222,79855,80077,16795,68,154,63060
0x4157fb,69.8034%,215,497,712,29,167,48,468
0x401cae,70.7819%,213,516,729,485,73,140,31
0x4114c1,99.8014%,211,106023,106234,22211,81,130,83812
0x407353,89.5062%,204,1740,1944,1681,47,157,59
0x40c657,87.413%,199,1382,1581,1022,32,167,360
0x4087ef,65.2557%,197,370,567,12,149,48,358
0x401cf1,87.5244%,192,1347,1539,1341,27,165,6
0x401d41,87.5893%,191,1348,1539,1342,26,165,6
0x409d27,84.1841%,189,1006,1195,635,97,92,371
0x410fb4,99.7799%,186,84317,84503,26884,100,86,57433
0x4110ab,99.7184%,178,63036,63214,62695,51,127,341
0x412660,99.6776%,176,54414,54590,51606,59,117,2808
0x410edd,99.7917%,176,84327,84503,25955,60,116,58372
0x410473,99.5507%,170,37665,37835,9158,101,69,28507
0x411b94,99.7695%,169,73149,73318,72899,40,129,250
0x406ced,80.445%,167,687,854,579,42,125,108
0x4089f0,53.2394%,166,189,355,36,91,75,153
0x41175c,99.8164%,154,83739,83893,83117,61,93,622
0x40aa5c,97.2122%,154,5370,5524,4991,6,148,379
0x40f702,88.3901%,150,1142,1292,793,71,79,349
0x409bbc,84.7095%,150,831,981,814,29,121,17
0x4078de,56.6474%,150,196,346,22,92,58,174
0x411b78,99.8424%,149,94415,94564,21183,63,86,73232
0x409dc4,90.2778%,147,1365,1512,1335,9,138,30
0x406482,51.8152%,146,157,303,15,86,60,142
0x40c2fb,91.0183%,142,1439,1581,1029,25,117,410
0x405c10,55.2381%,141,174,315,14,87,54,160
0x411814,99.87%,138,106039,106177,55694,53,85,50345
0x40b57b,97.106%,137,4597,4734,4192,16,121,405
0x411c44,99.8562%,136,94428,94564,45296,68,68,49132
0x40f685,66.416%,134,265,399,231,40,94,34
0x411f7a,99.8056%,132,67770,67902,67339,48,84,431
0x411740,99.8757%,132,106045,106177,22203,81,51,83842
0x412629,99.7955%,130,63450,63580,11304,58,72,52146
0x410a85,99.8086%,128,66748,66876,11786,30,98,54962
0x40f41e,73.6402%,126,352,478,345,29,97,7
0x409c5b,75.3968%,124,380,504,282,54,70,98
0x40acc3,97.4018%,123,4611,4734,4205,3,120,406
0x412d46,99.6462%,122,34359,34481,2880,71,51,31479
0x4114dd,99.857%,120,83822,83942,83155,48,72,667
0x401f62,94.934%,119,2230,2349,2078,10,109,152
0x401df5,83.9506%,117,612,729,612,36,81,0
0x40b317,97.8843%,117,5413,5530,4997,6,111,416
0x401de2,77.3879%,116,397,513,295,47,69,102
0x409acd,84.2818%,116,622,738,423,69,47,199
0x4103a8,99.696%,115,37720,37835,8336,41,74,29384
0x4103c4,99.6096%,115,29343,29458,29177,39,76,166
0x406c35,82.8704%,111,537,648,370,62,49,167
0x412113,99.8306%,108,63645,63753,12230,55,53,51415
0x4083d5,69.0751%,107,239,346,231,36,71,8
0x410809,99.8058%,107,55001,55108,54774,47,60,227
0x409965,80.0759%,105,422,527,413,32,73,9
0x411309,99.8688%,105,79915,80020,16829,26,79,63086
0x40ca76,63.0824%,103,176,279,53,48,55,123
0x40a88e,85.8711%,103,626,729,626,22,81,0
0x4068d3,82.1869%,101,466,567,466,20,81,0
0x412024,99.8747%,101,80491,80592,34431,50,51,46060
0x412884,99.6555%,101,29219,29320,4771,40,61,24448
0x402e51,47.644%,100,91,191,18,46,54,73
0x416203,85.9551%,100,612,712,611,22,78,1
0x406209,82.3633%,100,467,567,465,21,79,2
0x401ad6,86.2826%,100,629,729,629,19,81,0
0x412276,99.6079%,98,24898,24996,3945,66,32,20953
0x40565c,85.0309%,97,551,648,16,65,32,535
0x40ea00,95.9132%,96,2253,2349,2062,26,70,191
0x41515a,86.9684%,95,634,729,633,15,80,1
0x409d5f,87.0219%,95,637,732,597,19,76,40
0x407765,76.4851%,95,309,404,27,52,43,282
0x4084d5,83.4215%,94,473,567,473,13,81,0
0x41158a,99.9115%,94,106140,106234,55738,49,45,50402
0x40f567,92.8241%,93,1203,1296,1203,14,79,0
0x410d1a,99.89%,93,84466,84559,26997,27,66,57469
0x40645c,77.3399%,92,314,406,298,46,46,16
0x403c89,85.8025%,92,556,648,555,12,80,1
0x40332e,87.38%,92,637,729,637,11,81,0
0x40564b,74.7253%,92,272,364,265,18,74,7
0x40473e,85.9568%,91,557,648,547,20,71,10
0x410c59,99.8924%,91,84468,84559,25981,42,49,58487
0x4119ca,99.9038%,91,94530,94621,45349,55,36,49181
0x40738b,87.5171%,91,638,729,638,10,81,0
0x40c9fb,67.7419%,90,189,279,91,40,50,98
0x410c75,99.8462%,90,58446,58536,58262,28,62,184
0x409574,84.127%,90,477,567,477,9,81,0
0x40d145,58.216%,89,124,213,8,55,34,116
0x404bfc,86.2654%,89,559,648,557,10,79,2
0x40babf,87.9287%,88,641,729,633,15,73,8
0x40689c,71.2871%,87,216,303,207,34,53,9
0x40e62a,96.1299%,87,2161,2248,1981,19,68,180
0x402577,86.5741%,87,561,648,561,6,81,0
0x40f714,80.1402%,85,343,428,284,4,81,59
0x40db1a,87.037%,84,564,648,558,18,66,6
0x40ca9e,88.4774%,84,645,729,630,18,66,15
0x411923,99.8855%,84,73283,73367,72920,44,40,363
0x402a91,87.037%,84,564,648,564,3,81,0
0x40d632,87.037%,84,564,648,553,55,29,11
0x408879,79.5567%,83,323,406,306,29,54,17
0x412645,99.949%,83,162788,162871,8962,28,55,153826
0x40d3ca,87.3457%,82,566,648,559,17,65,7
0x4061a4,73.9683%,82,233,315,225,21,61,8
0x40950d,77.1831%,81,274,355,264,20,61,10
0x408b40,56.5934%,79,103,182,31,44,35,72
0x40d884,52.6946%,79,88,167,18,37,42,70
0x408b14,38.7597%,79,50,129,21,32,47,29
0x406b90,85.389%,77,450,527,447,8,69,3
0x40e266,96.7396%,76,2255,2331,2058,16,60,197
0x405b65,81.1881%,76,328,404,324,11,65,4
0x41ad47,99.8963%,75,72225,72300,65023,47,28,7202
0x411325,99.8813%,75,63090,63165,62686,35,40,404
0x403608,88.4259%,75,573,648,573,20,55,0
0x40d15f,50%,75,75,150,12,40,35,63
0x4113c4,99.9063%,75,79945,80020,32036,28,47,47909
0x4108ba,99.8924%,72,66860,66932,12586,54,18,54274
0x407aa0,67.1296%,71,145,216,49,36,35,96
0x40e107,96.933%,71,2244,2315,2060,8,63,184
0x410b54,99.8953%,70,66806,66876,12578,22,48,54228
0x41295a,99.7613%,70,29250,29320,17228,24,46,12022
0x40cbf3,90.8093%,67,662,729,636,12,55,26
0x40a977,91.0837%,65,664,729,646,2,63,18
0x409c15,75.9398%,64,202,266,2,54,10,200
0x410ef9,99.8923%,63,58425,58488,58254,12,51,171
0x407a57,53.6765%,63,73,136,22,29,34,51
0x401503,77.4194%,63,216,279,155,31,32,61
0x403c3c,73.9496%,62,176,238,174,9,53,2
0x4124bf,99.7889%,62,29314,29376,17261,31,31,12053
0x40cbe7,99.055%,62,6499,6561,5803,29,33,696
0x402e2f,77.037%,62,208,270,53,26,36,155
0x409bf9,55.0725%,62,76,138,53,27,35,23
0x41112e,99.9683%,60,189114,189174,125922,38,22,63192
0x4033f9,91.7695%,60,669,729,636,12,48,33
0x412b1c,99.8853%,59,51361,51420,50681,37,22,680
0x40736f,91.0494%,58,590,648,567,9,49,23
0x411f5e,99.928%,58,80534,80592,12658,32,26,67876
0x411e06,99.832%,58,34463,34521,2952,15,43,31511
0x40e662,77.7778%,58,203,261,164,10,48,39
0x40c9a2,89.1841%,57,470,527,464,32,25,6
0x401412,79.5699%,57,222,279,186,29,28,36
0x40ca24,88.5081%,57,439,496,439,26,31,0
0x40f6f2,97.6955%,56,2374,2430,1175,42,14,1199
0x4079b2,75.8621%,56,176,232,17,19,37,159
0x411196,99.8256%,56,32048,32104,3436,20,36,28612
0x4106ec,99.8518%,56,37723,37779,9199,20,36,28524
0x40e8b4,92.3182%,56,673,729,646,2,54,27
0x410cee,99.9681%,56,175306,175362,116789,37,19,58517
0x404d3c,84.8901%,55,309,364,306,19,36,3
0x40eadd,92.4554%,55,674,729,635,13,42,39
0x41ac53,99.917%,54,65016,65070,36122,10,44,28894
0x406d49,75.3425%,54,165,219,5,37,17,160
0x40ced6,91.6667%,54,594,648,594,4,50,0
0x4117ee,99.9785%,54,250910,250964,167054,17,37,83856
0x46fda7,91.6409%,54,592,646,11,23,31,581
0x401dd6,96.5562%,53,1486,1539,1018,8,45,468
0x40f39a,88.9121%,53,425,478,422,22,31,3
0x408b5a,62.3188%,52,86,138,47,27,25,39
0x40d37d,75.5869%,52,161,213,157,6,46,4
0x4058a9,92.8669%,52,677,729,639,9,43,38
0x408bb9,60.4651%,51,78,129,69,26,25,9
0x40b570,99.8803%,51,42555,42606,37857,15,36,4698
0x4019b9,93.0041%,51,678,729,634,14,37,44
0x407449,93.0041%,51,678,729,643,5,46,35
0x41322c,99.8147%,50,26934,26984,3314,13,37,23620
0x4040f5,92.284%,50,598,648,592,13,37,6
0x40d861,96.7399%,49,1454,1503,1331,5,44,123
0x412b00,99.9231%,49,63648,63697,12252,25,24,51396
0x40daca,70.6587%,49,118,167,110,17,32,8
0x410629,99.8729%,48,37731,37779,8348,21,27,29383
0x412403,99.8366%,48,29328,29376,4804,15,33,24524
0x4046f4,77.0732%,47,158,205,158,4,43,0
0x417634,83.0882%,46,226,272,10,25,21,216
0x412853,99.7743%,46,20332,20378,38,18,28,20294
0x404170,97.5068%,46,1799,1845,1632,8,38,167
0x40b885,91.2548%,46,480,526,480,15,31,0
0x40b22f,93.69%,46,683,729,635,13,33,48
0x40ca95,83.871%,45,234,279,230,18,27,4
0x406d2d,80.6867%,45,188,233,183,6,39,5
0x40d89e,60.7143%,44,68,112,4,19,25,64
0x40ead4,99.3294%,44,6517,6561,5817,15,29,700
0x41241f,99.8208%,44,24513,24557,23940,23,21,573
0x40ced1,99.2627%,43,5789,5832,5178,6,37,611
0x408b7c,93.5435%,43,623,666,588,4,39,35
0x403545,94.1015%,43,686,729,636,12,31,50
0x4089ff,97.9045%,43,2009,2052,1818,6,37,191
0x4134b7,99.5336%,43,9176,9219,5176,2,41,4000
0x40e1e0,99.7954%,43,20972,21015,18673,7,36,2299
0x40a96b,99.3599%,42,6519,6561,5829,3,39,690
0x40d122,97.8091%,42,1875,1917,1695,9,33,180
0x41298f,99.7565%,42,17210,17252,3021,19,23,14189
0x41199e,99.9809%,42,219656,219698,146310,21,21,73346
0x410d56,99.8446%,42,26982,27024,3335,8,34,23647
0x40bcf4,97.6966%,41,1739,1780,1244,9,32,495
0x40e146,84.2912%,41,220,261,220,12,29,0
0x40a862,94.4444%,41,697,738,653,3,38,44
0x41127e,99.9523%,41,85903,85944,57277,19,22,28626
0x40bcdd,99.2602%,41,5501,5542,3750,12,29,1751
0x40acb8,99.9061%,40,42566,42606,37866,6,34,4700
0x4013c2,85.6631%,40,239,279,235,11,29,4
0x408a57,82.4561%,40,188,228,183,10,30,5
0x40afcd,92.3954%,40,486,526,486,9,31,0
0x40f2eb,83.4025%,40,201,241,199,8,32,2
0x4040f0,99.3141%,40,5792,5832,5176,8,32,616
0x40f2b3,95.842%,40,922,962,476,5,35,446
0x40e2ad,84.6743%,40,221,261,221,11,29,0
0x40e729,84.6743%,40,221,261,221,11,29,0
0x4057b5,51.8519%,39,42,81,41,13,26,1
0x405c52,81.7757%,39,175,214,172,10,29,3
0x4116ad,99.9876%,39,313947,313986,156976,17,22,156971
0x406b35,99.1988%,38,4705,4743,3155,7,31,1550
0x4173d4,72.8571%,38,102,140,102,7,31,0
0x412bcc,99.9403%,38,63658,63696,24945,11,27,38713
0x403600,99.3484%,38,5794,5832,5177,7,31,617
0x4157c7,98.2235%,38,2101,2139,1424,2,36,677
0x40df9f,85.8238%,37,224,261,223,9,28,1
0x408a76,51.3158%,37,39,76,13,21,16,26
0x40c9ff,75%,37,111,148,42,25,12,69
0x4155fc,98.2702%,37,2102,2139,1419,7,30,683
0x41b3c3,94.7293%,37,665,702,618,6,31,47
0x40f325,97.427%,37,1401,1438,959,1,36,442
0x40e8a8,99.4361%,37,6524,6561,5819,13,24,705
0x401f73,85.8238%,37,224,261,224,8,29,0
0x40d62d,99.3656%,37,5795,5832,5180,4,33,615
0x4064b6,97.9648%,37,1781,1818,1598,18,19,183
0x408b27,94.5906%,37,647,684,607,1,36,40
0x40defd,99.7614%,37,15470,15507,13772,12,25,1698
0x40ca7a,79.2135%,37,141,178,60,12,25,81
0x411ac0,99.9718%,36,127680,127716,0,0,36,127680
0x411907,99.962%,36,94585,94621,21228,26,10,73357
0x410645,99.8776%,36,29374,29410,29171,21,15,203
0x412df6,99.9619%,36,94554,94590,0,0,36,94554
0x407ac2,95.2941%,36,729,765,679,1,35,50
0x40ce12,94.5988%,35,613,648,565,11,24,48
0x406335,95.1989%,35,694,729,643,5,30,51
0x40ea11,86.59%,35,226,261,226,6,29,0
0x411ffe,99.9828%,35,203156,203191,135273,16,19,67883
0x40f692,72.6562%,35,93,128,92,9,26,1
0x40e0d5,42.623%,35,26,61,2,12,23,24
0x41308d,99.9888%,35,313807,313842,156904,17,18,156903
0x40775d,99.0374%,35,3601,3636,3216,16,19,385
0x402de7,61.1111%,35,55,90,47,13,22,8
0x402ef2,87.4074%,34,236,270,236,4,30,0
0x405c98,62.6374%,34,57,91,16,16,18,41
0x40280d,88.8889%,34,272,306,257,15,19,15
0x412c00,99.8638%,34,24922,24956,3992,3,31,20930
0x417a8b,87.5%,34,238,272,238,4,30,0
0x40f72e,76.4286%,33,107,140,87,9,24,20
0x411fdd,99.9514%,33,67869,67902,0,0,33,67869
0x4019ad,99.497%,33,6528,6561,5825,7,26,703
0x40de09,87.3563%,33,228,261,228,4,29,0
0x41139e,99.9825%,33,189018,189051,125882,4,29,63136
0x409df7,93.4524%,33,471,504,440,8,25,31
0x41126d,99.9808%,33,171855,171888,85928,16,17,85927
0x41197a,99.9564%,32,73335,73367,0,0,32,73335
0x4064c2,84.1584%,32,170,202,169,10,22,1
0x412fbe,99.9426%,32,55715,55747,3431,9,23,52284
0x411a06,99.9295%,32,45372,45404,2813,19,13,42559
0x40e67f,63.2184%,32,55,87,55,3,29,0
0x40e71d,98.6803%,31,2318,2349,2084,4,27,234
0x41088e,99.9812%,31,165006,165037,109925,4,27,55081
0x409d75,73.2759%,31,85,116,81,16,15,4
0x40150f,66.6667%,31,62,93,50,12,19,12
0x404045,95.7476%,31,698,729,645,3,28,53
0x41110a,99.9525%,30,63184,63214,0,0,30,63184
0x40e061,99.8569%,30,20931,20961,18627,5,25,2304
0x405b5d,99.1749%,30,3606,3636,3228,4,26,378
0x4108f6,99.7627%,30,12610,12640,3976,4,26,8634
0x41a64a,81.4815%,30,132,162,132,12,18,0
0x409d70,97.1264%,30,1014,1044,925,3,27,89
0x401aef,62.963%,30,51,81,51,21,9,0
0x4128a0,99.8776%,30,24479,24509,23928,11,19,551
0x4115c6,99.9462%,30,55757,55787,3442,14,16,52315
0x40cada,62.963%,30,51,81,51,3,27,0
0x409bb7,99.6602%,30,8799,8829,7837,11,19,962
0x4106ce,99.9659%,30,87982,88012,58594,8,22,29388
0x4109dd,99.9442%,29,51931,51960,25961,19,10,25970
0x4027e0,53.2258%,29,33,62,21,7,22,12
0x4033ed,99.558%,29,6532,6561,5827,5,24,705
0x406d21,98.6171%,29,2068,2097,1860,4,25,208
0x41abe6,99.7994%,29,14431,14460,7227,3,26,7204
0x405a3e,96.0219%,29,700,729,645,3,26,55
0x4064d8,45.283%,29,24,53,4,18,11,20
0x41336e,99.7698%,29,12571,12600,3961,3,26,8610
0x410cca,99.9505%,29,58507,58536,0,0,29,58507
0x401420,89.9642%,28,251,279,247,1,27,4
0x40d561,95.679%,28,620,648,567,9,19,53
0x40ca1a,89.9642%,28,251,279,246,2,26,5
0x41086a,99.9492%,28,55080,55108,0,0,28,55080
0x40ee1b,87.037%,28,188,216,70,11,17,118
0x4026a5,96.1591%,28,701,729,636,12,16,65
0x411eba,99.9704%,28,94634,94662,0,0,28,94634
0x407aff,79.4118%,28,108,136,96,4,24,12
0x411c1e,99.9872%,28,219547,219575,146248,9,19,73299
0x412b7d,99.9475%,27,51393,51420,0,0,27,51393
0x4013d0,90.3226%,27,252,279,248,0,27,4
0x412a4e,99.9683%,27,85245,85272,42625,11,16,42620
0x41ae54,99.8133%,27,14433,14460,7227,3,24,7206
0x413d30,62.5%,27,45,72,45,19,8,0
0x411d8e,99.9867%,27,203287,203314,135353,10,17,67934
0x411aed,99.9894%,27,255405,255432,127710,6,21,127695
0x46fe2a,20.5882%,27,7,34,7,18,9,0
0x410e76,99.9681%,27,84532,84559,84532,27,0,0
0x4104b6,99.7084%,27,9232,9259,5181,13,14,4051
0x40844d,99.2574%,27,3609,3636,3218,14,13,391
0x40135c,90.681%,26,253,279,239,9,17,14
0x40ee5c,83.9506%,26,136,162,132,3,23,4
0x40743d,99.6037%,26,6535,6561,5831,1,25,704
0x4086ee,96.4335%,26,703,729,644,4,22,59
0x40e9f4,99.877%,26,21115,21141,18787,5,21,2328
0x41218a,99.9495%,26,51442,51468,0,0,26,51442
0x403690,98.8329%,25,2117,2142,1901,3,22,216
0x411bef,99.9659%,25,73293,73318,0,0,25,73293
0x40eb6a,69.1358%,25,56,81,56,16,9,0
0x4157b6,99.6104%,25,6392,6417,4266,12,13,2126
0x41292e,99.9657%,25,72932,72957,48445,3,22,24487
0x40e792,97.1942%,25,866,891,789,3,22,77
0x41a638,98.2853%,25,1433,1458,1295,1,24,138
0x407a87,78.6325%,25,92,117,75,10,15,17
0x408837,99.3158%,25,3629,3654,3239,9,16,390
0x406b46,98.4187%,25,1556,1581,1049,5,20,507
0x41153a,99.9702%,25,83917,83942,0,0,25,83917
0x41482e,53.7037%,25,29,54,28,8,17,1
0x412a5f,99.9414%,25,42611,42636,28411,13,12,14200
0x41b449,96.4387%,25,677,702,467,1,24,210
0x40d8db,97.0037%,24,777,801,710,2,22,67
0x410b2e,99.9854%,24,164893,164917,109854,3,21,55039
0x40af3a,99.493%,24,4710,4734,4200,8,16,510
0x41155e,99.9904%,24,251063,251087,167138,7,17,83925
0x410aa1,99.9564%,24,55036,55060,54782,15,9,254
0x40e73a,17.2414%,24,5,29,4,7,17,1
0x41124a,99.9721%,24,85920,85944,0,0,24,85920
0x412e7c,99.9493%,23,45341,45364,2811,5,18,42530
0x40eb1b,71.6049%,23,58,81,58,14,9,0
0x40199e,96.845%,23,706,729,0,0,23,706
0x406b8b,99.5151%,23,4720,4743,4214,2,21,506
0x40bf9f,99.7952%,23,11209,11232,9971,13,10,1238
0x402d90,74.4444%,23,67,90,58,2,21,9
0x40d8e0,74.1573%,23,66,89,65,13,10,1
0x409cdb,99.6547%,23,6637,6660,5904,16,7,733
0x411680,99.9853%,23,156970,156993,0,0,23,156970
0x41249e,99.9685%,23,73054,73077,48505,15,8,24549
0x4179e3,75%,22,66,88,60,0,22,6
0x40b995,29.0323%,22,9,31,9,9,13,0
0x412ac8,99.9655%,22,63675,63697,0,0,22,63675
0x40ba21,43.5897%,22,17,39,12,14,8,5
0x41306c,99.986%,22,156899,156921,0,0,22,156899
0x40b394,99.5362%,22,4721,4743,4212,4,18,509
0x412bae,99.9857%,22,153536,153558,102131,7,15,51405
0x40e568,99.0712%,21,2240,2261,2240,8,13,0
0x40aada,99.5572%,21,4722,4743,4213,3,18,509
0x4021cd,99.5004%,21,4182,4203,3730,6,15,452
0x40369c,91.1765%,21,217,238,217,9,12,0
0x40f593,70.8333%,21,51,72,49,5,16,2
0x40e5c8,63.1579%,21,36,57,1,12,9,35
0x409924,99.5572%,21,4722,4743,3158,4,17,1564
0x40c8fb,99.8226%,21,11814,11835,10515,5,16,1299
0x40791d,98.9943%,21,2067,2088,1850,6,15,217
0x417892,86.1111%,20,124,144,98,1,19,26
0x40ca7f,90.3382%,20,187,207,187,20,0,0
0x412e2e,99.9789%,20,94570,94590,63047,13,7,31523
0x417aab,85.7143%,20,120,140,120,5,15,0
0x412ccd,99.9841%,20,125746,125766,62867,16,4,62879
0x401b23,97.2565%,20,709,729,645,3,17,64
0x412ca6,99.9682%,20,62863,62883,0,0,20,62863
0x409938,98.735%,20,1561,1581,1051,3,17,510
0x40ef3e,91.7355%,20,222,242,216,0,20,6
0x414625,87.6543%,20,142,162,142,2,18,0
0x40f578,74.6835%,20,59,79,58,9,11,1
0x417734,99.0624%,20,2113,2133,1892,4,16,221
0x40eb12,97.2565%,20,709,729,645,3,17,64
0x411edd,99.9894%,20,189304,189324,94651,11,9,94653
0x41552b,99.065%,20,2119,2139,0,0,20,2119
0x41343d,99.9614%,20,51796,51816,25906,2,18,25890
0x412e1d,99.9894%,20,189160,189180,94573,17,3,94587
0x4015c1,97.3937%,19,710,729,647,1,18,63
0x40e0c5,74.6667%,19,56,75,1,13,6,55
0x40224b,53.6585%,19,22,41,2,11,8,20
0x4022cc,53.6585%,19,22,41,22,9,10,0
0x413418,99.9267%,19,25889,25908,0,0,19,25889
0x4020fd,97.3937%,19,710,729,638,10,9,72
0x40589d,99.7104%,19,6542,6561,5827,5,14,715
0x405a0a,77.7778%,18,63,81,0,0,18,63
0x407a6d,97.6471%,18,747,765,678,2,16,69
0x40e066,99.2271%,18,2311,2329,2311,4,14,0
0x410a16,99.9731%,18,66914,66932,66914,18,0,0
0x412f5e,99.9859%,18,127626,127644,85085,11,7,42541
0x4057c6,33.3333%,18,9,27,9,9,9,0
0x408a52,99.1228%,18,2034,2052,1816,8,10,218
0x40d19e,97.9592%,18,864,882,781,3,15,83
0x4130fe,99.9439%,18,32046,32064,3427,13,5,28619
0x40f2a3,98.7509%,18,1423,1441,956,6,12,467
0x40bfcb,98.5577%,18,1230,1248,0,0,18,1230
0x41235d,99.9857%,18,125892,125910,62949,6,12,62943
0x4124f6,99.8959%,18,17274,17292,3053,3,15,14221
0x46fdac,97.1743%,18,619,637,619,18,0,0
0x401eb4,37.931%,18,11,29,0,0,18,11
0x4155e6,99.7351%,17,6400,6417,4278,0,17,2122
0x40ee0e,93.0041%,17,226,243,18,9,8,208
0x40eb0d,79.0123%,17,64,81,0,0,17,64
0x41247a,99.9308%,17,24540,24557,0,0,17,24540
0x40279d,99.5938%,17,4168,4185,3710,10,7,458
0x411d6a,99.975%,17,67934,67951,0,0,17,67934
0x40f432,83.6538%,17,87,104,82,6,11,5
0x40b0eb,45.1613%,17,14,31,14,3,14,0
0x411b29,99.982%,17,94604,94621,94604,17,0,0
0x412f4d,99.9933%,17,255271,255288,127630,14,3,127641
0x402ca5,96.7742%,17,510,527,509,8,9,1
0x4116c2,99.9892%,17,156976,156993,104653,9,8,52323
0x409840,99.6416%,17,4726,4743,4213,3,14,513
0x4021d2,96.3597%,17,450,467,450,7,10,0
0x412903,99.9306%,17,24492,24509,0,0,17,24492
0x45c367,99.7797%,16,7248,7264,0,0,16,7248
0x409da6,90.6433%,16,155,171,149,3,13,6
0x4121ae,99.9896%,16,153662,153678,102201,9,7,51461
0x411eee,99.9831%,16,94646,94662,63101,7,9,31545
0x40c2cf,98.7179%,16,1232,1248,0,0,16,1232
0x40eb5e,97.8052%,16,713,729,646,2,14,67
0x40e7ee,44.8276%,16,13,29,11,9,7,2
0x40b0d9,82.7957%,16,77,93,61,1,15,16
0x41330e,99.9775%,16,70955,70971,47311,3,13,23644
0x40afde,48.3871%,16,15,31,0,0,16,15
0x4027b2,96.5591%,16,449,465,449,6,10,0
0x4146ca,90.1235%,16,146,162,107,1,15,39
0x410f8e,99.9909%,16,175226,175242,116749,5,11,58477
0x41aafc,99.7787%,16,7214,7230,0,0,16,7214
0x4177a3,98.9828%,16,1557,1573,1415,1,15,142
0x4058b5,80.2469%,16,65,81,65,7,9,0
0x412ed1,99.9882%,15,127629,127644,127629,15,0,0
0x4132d8,99.9789%,15,70956,70971,0,0,15,70956
0x410dc1,99.9789%,15,71028,71043,71028,15,0,0
0x40cf0a,96.6667%,15,435,450,396,4,11,39
0x401f4f,99.929%,15,21126,21141,18787,5,10,2339
0x4129d1,99.9648%,15,42621,42636,42621,15,0,0
0x402102,81.4815%,15,66,81,0,0,15,66
0x413011,99.9904%,15,156906,156921,156906,15,0,0
0x40e92a,97.9424%,15,714,729,648,0,15,66
0x4177e0,97.9893%,15,731,746,721,1,14,10
0x41043e,99.983%,15,88117,88132,58668,6,9,29449
0x409d0d,98.3333%,15,885,900,1,7,8,884
0x410f62,99.9744%,15,58473,58488,0,0,15,58473
0x4084e1,81.4815%,15,66,81,66,6,9,0
0x40ef76,61.5385%,15,24,39,21,5,10,3
0x40ddfd,99.3614%,15,2334,2349,2084,4,11,250
0x40bab6,76.6667%,14,46,60,39,1,13,7
0x40eed0,71.4286%,14,35,49,16,2,12,19
0x40641f,99.6169%,14,3640,3654,3242,6,8,398
0x40c2a3,99.8754%,14,11218,11232,9981,3,11,1237
0x405c4d,99.2731%,14,1912,1926,1704,8,6,208
0x4131de,99.9837%,14,85858,85872,57242,6,8,28616
0x41b59e,82.0513%,14,64,78,0,0,14,64
0x40b226,72.549%,14,37,51,32,2,12,5
0x407ac7,83.5294%,14,71,85,71,4,10,0
0x411b02,99.989%,14,127702,127716,85131,13,1,42571
0x40763c,98.0796%,14,715,729,643,5,9,72
0x40417c,93.1707%,14,191,205,191,4,10,0
0x40633a,82.716%,14,67,81,0,0,14,67
0x407ae8,84.4444%,14,76,90,75,5,9,1
0x46fed8,58.8235%,14,20,34,20,5,9,0
0x4177d3,98.4073%,14,865,879,129,4,10,736
0x415d96,82.716%,14,67,81,51,3,11,16
0x412a20,99.9672%,14,42622,42636,0,0,14,42622
0x409960,99.7259%,13,4730,4743,4214,2,11,516
0x40d66e,96.3889%,13,347,360,317,3,10,30
0x40f745,70.4545%,13,31,44,28,4,9,3
0x413c8f,72.9167%,13,35,48,28,4,9,7
0x402d9c,56.6667%,13,17,30,16,4,9,1
0x40f2ff,50%,13,13,26,5,5,8,8
0x402c9d,99.7259%,13,4730,4743,4213,3,10,517
0x410e3d,99.9909%,13,142073,142086,71041,2,11,71032
0x41789f,71.1111%,13,32,45,29,1,12,3
0x40b1fb,74.5098%,13,38,51,33,1,12,5
0x40edbd,67.5%,13,27,40,2,11,2,25
0x40e5d4,72.9167%,13,35,48,35,1,12,0
0x40d1a3,86.7347%,13,85,98,84,4,9,1
0x41b25d,91.6667%,13,143,156,68,10,3,75
0x417931,86.8687%,13,86,99,86,2,11,0
0x408874,99.6442%,13,3641,3654,3245,3,10,396
0x40b986,85.0575%,13,74,87,58,0,13,16
0x40285c,79.0323%,13,49,62,49,3,10,0
0x41adab,99.9775%,13,57827,57840,57827,13,0,0
0x4125dd,99.9848%,13,85403,85416,42701,7,6,42702
0x402e9d,92.3977%,13,158,171,143,9,4,15
0x40ba30,58.0645%,13,18,31,2,9,4,16
0x40b95b,85.0575%,13,74,87,57,1,12,17
0x40f39f,64.7059%,12,22,34,20,4,8,2
0x40e79e,87.8788%,12,87,99,87,1,11,0
0x402595,85.1852%,12,69,81,69,3,9,0
0x402f0f,86.6667%,12,78,90,77,3,9,1
0x4131ac,99.986%,12,85860,85872,0,0,12,85860
0x40f2f5,64.7059%,12,22,34,3,5,7,19
0x41267d,99.9592%,12,29364,29376,29364,4,8,0
0x415166,85.1852%,12,69,81,69,3,9,0
0x411a71,99.9906%,12,127704,127716,127704,12,0,0
0x401b2c,85.1852%,12,69,81,69,3,9,0
0x46fde4,98.1162%,12,625,637,19,6,6,606
0x40bd0d,99.241%,12,1569,1581,0,0,12,1569
0x417904,90.5512%,12,115,127,115,0,12,0
0x41ac10,99.917%,12,14448,14460,7221,9,3,7227
0x4014f2,95.6989%,12,267,279,267,9,3,0
0x40b15b,71.4286%,12,30,42,28,0,12,2
0x414025,85.1852%,12,69,81,68,4,8,1
0x4158e4,98.3146%,12,700,712,700,3,9,0
0x40ea3f,58.6207%,12,17,29,1,8,4,16
0x413caa,31.25%,11,5,16,0,8,3,5
0x4179f0,60.7143%,11,17,28,17,2,9,0
0x412f2c,99.9914%,11,127633,127644,0,0,11,127633
0x45a20a,99.8486%,11,7253,7264,0,0,11,7253
0x415de5,59.2593%,11,16,27,1,8,3,15
0x4117bf,99.9869%,11,83882,83893,0,0,11,83882
0x46fe4f,69.4444%,11,25,36,25,2,9,0
0x41b22e,85.8974%,11,67,78,67,11,0,0
0x41b5a8,85.8974%,11,67,78,0,0,11,67
0x40b034,64.5161%,11,20,31,0,0,11,20
0x40b24f,86.4198%,11,70,81,70,2,9,0
0x413619,35.2941%,11,6,17,0,9,2,6
0x4073aa,86.4198%,11,70,81,70,2,9,0
0x407455,86.4198%,11,70,81,70,2,9,0
0x403e6c,86.4198%,11,70,81,70,2,9,0
0x40b186,73.8095%,11,31,42,27,1,10,4
0x401e2c,86.4198%,11,70,81,70,2,9,0
0x411631,99.993%,11,156982,156993,156982,11,0,0
0x40ba93,81.6667%,11,49,60,39,1,10,10
0x45c3d5,99.8486%,11,7253,7264,0,0,11,7253
0x40b9fe,71.7949%,11,28,39,26,0,11,2
0x40de9b,99.3616%,11,1712,1723,0,0,11,1712
0x409582,86.4198%,11,70,81,70,2,9,0
0x4109f2,99.9577%,11,25969,25980,17319,1,10,8650
0x41a512,44.4444%,10,8,18,0,0,10,8
0x40cb1f,62.963%,10,17,27,16,2,8,1
0x40a983,87.6543%,10,71,81,71,1,9,0
0x4019c5,87.6543%,10,71,81,71,1,9,0
0x40e8c0,87.6543%,10,71,81,71,1,9,0
0x40db5c,86.1111%,10,62,72,62,1,9,0
0x410e10,99.9859%,10,71033,71043,0,0,10,71033
0x40d1cf,88.8889%,10,80,90,77,3,7,3
0x413281,99.9859%,10,70961,70971,70961,10,0,0
0x4131cd,99.9942%,10,171734,171744,85865,7,3,85869
0x40b8ec,67.7419%,10,21,31,0,2,8,21
0x4015d6,87.6543%,10,71,81,71,1,9,0
0x4141b4,62.963%,10,17,27,17,1,9,0
0x406932,87.6543%,10,71,81,71,1,9,0
0x414055,87.6543%,10,71,81,71,1,9,0
0x45a235,99.8623%,10,7254,7264,0,0,10,7254
0x402ae5,87.6543%,10,71,81,71,1,9,0
0x412372,99.9841%,10,62945,62955,41969,1,9,20976
0x41621d,87.3418%,10,69,79,69,2,8,0
0x40621c,87.6543%,10,71,81,71,1,9,0
0x412832,99.9659%,10,29358,29368,8988,2,8,20370
0x413ff5,87.6543%,10,71,81,71,1,9,0
0x40d914,89.899%,10,89,99,86,2,8,3
0x41260c,99.966%,10,29366,29376,17454,7,3,11912
0x409b92,99.8867%,10,8819,8829,7845,3,7,974
0x4048c9,87.6543%,10,71,81,71,1,9,0
0x4079ad,99.5211%,10,2078,2088,1854,2,8,224
0x412cde,99.9841%,10,62873,62883,41920,2,8,20953
0x40e5c3,83.6066%,10,51,61,0,4,6,51
0x40eaeb,87.6543%,10,71,81,71,1,9,0
0x415cbb,62.963%,10,17,27,0,0,10,17
0x40450c,10%,9,1,10,0,9,0,1
0x40f124,87.5%,9,63,72,63,1,8,0
0x414ffe,88.8889%,9,72,81,72,0,9,0
0x4140b8,66.6667%,9,18,27,14,4,5,4
0x4105c3,99.9762%,9,37826,37835,37826,9,0,0
0x40f1da,87.5%,9,63,72,63,1,8,0
0x40c5ef,99.924%,9,11826,11835,10517,3,6,1309
0x414202,50%,9,9,18,9,0,9,0
0x415da7,66.6667%,9,18,27,18,0,9,0
0x414135,66.6667%,9,18,27,18,0,9,0
0x414e6e,88.8889%,9,72,81,72,0,9,0
0x401f94,68.9655%,9,20,29,20,0,9,0
0x40334d,88.8889%,9,72,81,72,0,9,0
0x40e936,88.8889%,9,72,81,72,0,9,0
0x40a8ad,88.8889%,9,72,81,72,0,9,0
0x402da1,10%,9,1,10,0,0,9,1
0x410e52,99.9873%,9,71034,71043,47359,3,6,23675
0x40d414,87.5%,9,63,72,63,0,9,0
0x41b4df,96.1538%,9,225,234,71,7,2,154
0x46fe98,94.7059%,9,161,170,0,0,9,161
0x414d9b,50%,9,9,18,9,0,9,0
0x4125b0,99.9789%,9,42699,42708,0,0,9,42699
0x415107,88.8889%,9,72,81,72,0,9,0
0x4020bb,88.8889%,9,72,81,0,0,9,72
0x40ee7c,66.6667%,9,18,27,18,3,6,0
0x458e39,99.8761%,9,7255,7264,0,0,9,7255
0x40bae1,88.8889%,9,72,81,72,0,9,0
0x40cbff,88.8889%,9,72,81,72,0,9,0
0x414270,88.8889%,9,72,81,71,1,8,1
0x40340f,88.8889%,9,72,81,72,0,9,0
0x40b045,70.9677%,9,22,31,0,0,9,22
0x40f6a1,66.6667%,9,18,27,9,6,3,9
0x402e78,92.9134%,9,118,127,108,0,9,10
0x40ea92,77.5%,9,31,40,11,9,0,20
0x4175a4,97.037%,8,262,270,239,1,7,23
0x45c9ca,99.8899%,8,7256,7264,0,0,8,7256
0x46fdbc,98.7441%,8,629,637,629,8,0,0
0x409c20,96.1905%,8,202,210,0,2,6,202
0x406e7a,85.1852%,8,46,54,46,2,6,0
0x4126d1,88.8889%,8,64,72,64,0,8,0
0x41309e,99.9949%,8,156913,156921,104612,2,6,52301
0x412330,99.9873%,8,62947,62955,0,0,8,62947
0x4052c1,79.4872%,8,31,39,31,0,8,0
0x41344e,99.9691%,8,25900,25908,17266,6,2,8634
0x406d96,55.5556%,8,10,18,8,4,4,2
0x4116e9,99.9925%,8,106226,106234,106226,8,0,0
0x417792,99.516%,8,1645,1653,78,2,6,1567
0x40f59e,55.5556%,8,10,18,10,1,7,0
0x40b0a6,91.3978%,8,85,93,62,0,8,23
0x41795b,36.3636%,7,4,11,0,0,7,4
0x45a255,99.9036%,7,7257,7264,0,0,7,7257
0x46fec2,95.8824%,7,163,170,134,2,5,29
0x40588e,99.0398%,7,722,729,0,0,7,722
0x4174dd,76.6667%,7,23,30,23,2,5,0
0x4178f3,94.6154%,7,123,130,0,3,4,123
0x40e74b,36.3636%,7,4,11,0,0,7,4
0x40aade,98.6717%,7,520,527,0,1,6,520
0x458e3e,99.9036%,7,7257,7264,7257,7,0,0
0x40eee3,77.4194%,7,24,31,24,1,6,0
0x408452,98.2673%,7,397,404,397,7,0,0
0x413a10,56.25%,7,9,16,0,0,7,9
0x40d1db,30%,7,3,10,3,3,4,0
0x411e51,99.9926%,7,94655,94662,94655,7,0,0
0x40f57e,41.6667%,7,5,12,2,3,4,3
0x40e243,56.25%,7,9,16,0,4,3,9
0x40c889,99.4677%,7,1308,1315,0,0,7,1308
0x45c9d3,99.9174%,6,7258,7264,0,0,6,7258
0x406ddb,88.8889%,6,48,54,48,1,5,0
0x408b81,91.8919%,6,68,74,66,4,2,2
0x40f3dc,0%,6,0,6,0,5,1,0
0x40e44b,99.7346%,6,2255,2261,0,0,6,2255
0x406e45,83.3333%,6,30,36,30,2,4,0
0x458da8,99.9174%,6,7258,7264,0,0,6,7258
0x40e984,79.3103%,6,23,29,0,0,6,23
0x40f309,62.5%,6,10,16,7,1,5,3
0x4174d4,97.7778%,6,264,270,238,2,4,26
0x40b7f2,99.8733%,6,4728,4734,4208,0,6,520
0x415db0,33.3333%,6,3,9,3,6,0,0
0x40e460,99.7346%,6,2255,2261,0,0,6,2255
0x458dc9,99.9174%,6,7258,7264,7258,6,0,0
0x40f5dd,25%,6,2,8,0,2,4,2
0x40f5ec,0%,6,0,6,0,5,1,0
0x458e2f,99.9174%,6,7258,7264,7258,6,0,0
0x41ac15,99.917%,6,7224,7230,0,0,6,7224
0x40eec7,87.7551%,6,43,49,0,0,6,43
0x41056d,99.9508%,6,12189,12195,0,0,6,12189
0x40ef31,87.5%,6,42,48,42,1,5,0
0x40bcc9,99.6973%,6,1976,1982,0,0,6,1976
0x40df02,99.6518%,6,1717,1723,1717,6,0,0
0x410b02,99.9891%,6,55054,55060,0,0,6,55054
0x40f6c6,25%,6,2,8,0,3,3,2
0x40f5bb,57.1429%,6,8,14,1,3,3,7
0x40d920,54.5455%,5,6,11,6,1,4,0
0x45c9ec,99.9312%,5,7259,7264,7259,5,0,0
0x40f5a8,28.5714%,5,2,7,0,0,5,2
0x4173dd,83.871%,5,26,31,26,3,2,0
0x41359e,99.9588%,5,12118,12123,8078,4,1,4040
0x45c3c7,99.9312%,5,7259,7264,0,0,5,7259
0x40227d,98.0159%,5,247,252,224,0,5,23
0x41137f,99.9921%,5,63160,63165,0,0,5,63160
0x4122e1,99.9921%,5,62950,62955,62950,5,0,0
0x45a275,99.9312%,5,7259,7264,0,0,5,7259
0x41aaec,99.9308%,5,7225,7230,0,0,5,7225
0x411f12,99.9938%,5,80644,80649,80644,5,0,0
0x45c353,99.9312%,5,7259,7264,0,0,5,7259
0x41059e,99.959%,5,12190,12195,8127,3,2,4063
0x46fe6e,85.2941%,5,29,34,0,0,5,29
0x40c623,99.6198%,5,1310,1315,0,0,5,1310
0x417882,96.732%,5,148,153,7,2,3,141
0x401325,83.871%,5,26,31,0,0,5,26
0x41578e,99.7662%,5,2134,2139,0,0,5,2134
0x40b324,99.0512%,5,522,527,0,0,5,522
0x41058d,99.9795%,5,24385,24390,12192,3,2,12193
0x41041a,99.983%,5,29453,29458,0,0,5,29453
0x40f3c7,50%,4,4,8,1,1,3,3
0x40dfee,99.8283%,4,2325,2329,0,0,4,2325
0x406e51,0%,4,0,4,0,4,0,0
0x458dba,99.9449%,4,7260,7264,0,0,4,7260
0x40f3a4,60%,4,6,10,2,2,2,4
0x458d6d,99.9449%,4,7260,7264,0,0,4,7260
0x417924,96%,4,96,100,0,1,3,96
0x40b198,87.0968%,4,27,31,12,2,2,15
0x458d63,99.9449%,4,7260,7264,0,0,4,7260
0x4112a5,99.995%,4,80073,80077,80073,4,0,0
0x40f766,66.6667%,4,8,12,8,1,3,0
0x40e1e5,99.8287%,4,2331,2335,2331,0,4,0
0x4040ae,99.3827%,4,644,648,0,0,4,644
0x40da23,0%,4,0,4,0,0,4,0
0x40f6b1,66.6667%,4,8,12,1,1,3,7
0x41069d,99.9864%,4,29406,29410,0,0,4,29406
0x40b398,99.241%,4,523,527,0,1,3,523
0x408410,99.0099%,4,400,404,0,0,4,400
0x4132fd,99.9972%,4,141938,141942,70970,1,3,70968
0x40ff91,99.9804%,4,20382,20386,0,0,4,20382
0x402688,95.0617%,4,77,81,0,0,4,77
0x410504,99.9672%,4,12191,12195,12191,4,0,0
0x4086b8,95.0617%,4,77,81,0,0,4,77
0x40f446,75%,4,12,16,0,0,4,12
0x4155bf,99.813%,4,2135,2139,0,0,4,2135
0x40f7d4,85.1852%,4,23,27,23,1,3,0
0x4125f2,99.9906%,4,42704,42708,28470,2,2,14234
0x410856,98.6063%,4,283,287,0,0,4,283
0x4156eb,99.813%,4,2135,2139,0,0,4,2135
0x458d75,99.9449%,4,7260,7264,0,0,4,7260
0x407aab,96.9466%,4,127,131,0,0,4,127
0x41ac79,99.9784%,4,18484,18488,18484,4,0,0
0x40e248,75%,3,9,12,1,3,0,8
0x40f315,62.5%,3,5,8,0,3,0,5
0x415670,99.5792%,3,710,713,0,0,3,710
0x41b2b6,96.1538%,3,75,78,75,3,0,0
0x406d65,98.3051%,3,174,177,174,1,2,0
0x40ce88,99.537%,3,645,648,0,0,3,645
0x40faa7,88.8889%,3,24,27,24,0,3,0
0x415813,99.1892%,3,367,370,0,0,3,367
0x40af91,99.4297%,3,523,526,0,0,3,523
0x405360,92.3077%,3,36,39,36,2,1,0
0x45c3d0,99.9587%,3,7261,7264,0,0,3,7261
0x458d59,99.9587%,3,7261,7264,0,0,3,7261
0x408a81,92.8571%,3,39,42,39,2,1,0
0x410689,98.6239%,3,215,218,0,0,3,215
0x4179d3,96.6667%,3,87,90,0,2,1,87
0x40b73d,99.4297%,3,523,526,0,0,3,523
0x40c57a,99.7719%,3,1312,1315,0,0,3,1312
0x40efa7,76.9231%,3,10,13,7,2,1,3
0x40497f,96.2963%,3,78,81,0,0,3,78
0x4133c1,99.9884%,3,25905,25908,25905,3,0,0
0x45c3bb,99.9587%,3,7261,7264,0,0,3,7261
0x40e783,96.9697%,3,96,99,0,0,3,96
0x406e97,83.3333%,3,15,18,15,1,2,0
0x401f1b,98.8506%,3,258,261,0,0,3,258
0x4038a6,75%,3,9,12,4,2,1,5
0x40f3b3,89.2857%,3,25,28,25,0,3,0
0x4154b6,99.5792%,3,710,713,0,0,3,710
0x40d308,25%,3,1,4,0,3,0,1
0x4149e1,83.3333%,3,15,18,0,0,3,15
0x4063f0,99.2611%,3,403,406,0,0,3,403
0x41ab24,99.9585%,3,7227,7230,7227,3,0,0
0x402754,99.3548%,3,462,465,0,0,3,462
0x412da1,99.9968%,3,94587,94590,94587,3,0,0
0x40cc13,66.6667%,3,6,9,0,0,3,6
0x408ba2,91.6667%,3,33,36,31,1,2,2
0x40da4a,25%,3,1,4,0,3,0,1
0x40acef,99.4297%,3,523,526,0,0,3,523
0x406dfc,40%,3,2,5,0,1,2,2
0x40f6bb,70%,3,7,10,0,2,1,7
0x46fdd3,99.529%,3,634,637,0,0,3,634
0x40b81e,99.4297%,3,523,526,0,0,3,523
0x412c51,99.9952%,3,62880,62883,62880,3,0,0
0x40e25c,83.3333%,2,10,12,10,2,0,0
0x4173e2,0%,2,0,2,0,1,1,0
0x406abd,99.6205%,2,525,527,0,0,2,525
0x4148bc,88.8889%,2,16,18,0,0,2,16
0x40fd0d,33.3333%,2,1,3,1,1,1,0
0x41b116,97.4359%,2,76,78,76,2,0,0
0x41af9a,97.4359%,2,76,78,0,0,2,76
0x404385,80%,2,8,10,8,1,1,0
0x405879,97.5309%,2,79,81,0,0,2,79
0x40dd9d,93.1034%,2,27,29,0,0,2,27
0x40ba10,94.8718%,2,37,39,37,2,0,0
0x401456,93.5484%,2,29,31,0,0,2,29
0x40e59e,84.6154%,2,11,13,0,0,2,11
0x417a22,77.7778%,2,7,9,0,0,2,7
0x4152f8,99.7195%,2,711,713,0,0,2,711
0x40efc1,50%,2,2,4,2,1,1,0
0x45c3ac,99.9725%,2,7262,7264,7262,2,0,0
0x40eee8,66.6667%,2,4,6,4,1,1,0
0x4097f3,99.6205%,2,525,527,0,0,2,525
0x40d331,77.7778%,2,7,9,7,1,1,0
0x415c10,77.7778%,2,7,9,0,0,2,7
0x4111e1,99.9977%,2,85942,85944,85942,2,0,0
0x412561,99.9953%,2,42706,42708,42706,2,0,0
0x40cbd8,99.7257%,2,727,729,0,0,2,727
0x412b69,99.7151%,2,700,702,0,0,2,700
0x40f5ce,80%,2,8,10,0,2,0,8
0x40baa5,96.6667%,2,58,60,58,2,0,0
0x40654e,77.7778%,2,7,9,7,1,1,0
0x408b4b,98.1308%,2,105,107,0,1,1,105
0x41ab81,99.9723%,2,7228,7230,0,0,2,7228
0x40f3a9,66.6667%,2,4,6,4,2,0,0
0x45a86d,99.9725%,2,7262,7264,7262,2,0,0
0x458d85,99.9725%,2,7262,7264,0,0,2,7262
0x40b975,97.7011%,2,85,87,85,2,0,0
0x40bf2a,99.8397%,2,1246,1248,0,0,2,1246
0x417aca,86.6667%,2,13,15,13,0,2,0
0x4109b0,99.9923%,2,25978,25980,0,0,2,25978
0x41470a,96.2963%,2,52,54,0,0,2,52
0x407a7e,97.6471%,2,83,85,0,0,2,83
0x407922,99.1379%,2,230,232,0,0,2,230
0x409ced,99.7297%,2,738,740,0,0,2,738
0x4014d7,97.8495%,2,91,93,0,0,2,91
0x458e0f,99.9725%,2,7262,7264,7262,2,0,0
0x415435,99.7195%,2,711,713,0,0,2,711
0x40f3b8,33.3333%,2,1,3,0,1,1,1
0x40404a,97.5309%,2,79,81,0,0,2,79
0x4110f6,99.5726%,2,466,468,0,0,2,466
0x4064e7,93.5484%,2,29,31,29,1,1,0
0x40b215,96.0784%,2,49,51,49,2,0,0
0x41136b,99.7748%,1,443,444,0,0,1,443
0x40ba41,95%,1,19,20,0,0,1,19
0x46fe67,97.0588%,1,33,34,0,0,1,33
0x413f9b,87.5%,1,7,8,7,1,0,0
0x411d56,99.8145%,1,538,539,0,0,1,538
0x410aeb,99.6198%,1,262,263,0,0,1,262
0x40bc57,99.8628%,1,728,729,0,0,1,728
0x41b15e,98.7179%,1,77,78,0,0,1,77
0x41b506,98.7179%,1,77,78,77,1,0,0
0x41b0d7,98.7179%,1,77,78,0,0,1,77
0x40c35d,99.9367%,1,1580,1581,0,0,1,1580
0x411526,99.8647%,1,738,739,0,0,1,738
0x402c5c,99.8102%,1,526,527,0,0,1,526
0x41afa6,98.7179%,1,77,78,0,0,1,77
0x40e17e,99.9572%,1,2334,2335,0,0,1,2334
0x404aa0,98.7654%,1,80,81,0,0,1,80
0x4172fb,50%,1,1,2,0,0,1,1
0x40ca20,99.7984%,1,495,496,0,0,1,495
0x4179c4,96.6667%,1,29,30,0,0,1,29
0x413770,93.75%,1,15,16,0,0,1,15
0x411fc9,99.8058%,1,514,515,0,0,1,514
0x40e0f5,98.3607%,1,60,61,60,1,0,0
0x41b015,98.7179%,1,77,78,0,0,1,77
0x40da5c,0%,1,0,1,0,0,1,0
0x414726,98.1481%,1,53,54,0,0,1,53
0x41b4e4,99.8397%,1,623,624,623,1,0,0
0x409845,99.8102%,1,526,527,0,0,1,526
0x41b3d7,98.7179%,1,77,78,77,1,0,0
0x40f5ff,0%,1,0,1,0,1,0,0
0x408b65,98.4375%,1,63,64,0,1,0,63
0x415bf8,88.8889%,1,8,9,8,1,0,0
0x417424,96.6667%,1,29,30,0,0,1,29
0x40b0c8,98.9247%,1,92,93,92,1,0,0
0x408a04,99.5614%,1,227,228,227,1,0,0
0x40e81e,88.8889%,1,8,9,0,0,1,8
0x40994d,99.8102%,1,526,527,0,0,1,526
0x45c3a3,99.9862%,1,7263,7264,0,0,1,7263
0x40883c,99.7537%,1,405,406,0,0,1,405
0x4087f8,99.7537%,1,405,406,0,0,1,405
0x402819,97.0588%,1,33,34,33,1,0,0
0x407413,98.7654%,1,80,81,0,0,1,80
0x4086f3,98.7654%,1,80,81,0,0,1,80
0x407606,98.7654%,1,80,81,0,0,1,80
0x407973,99.6169%,1,260,261,260,1,0,0
0x401d72,99.4152%,1,170,171,0,0,1,170
0x40e6b0,96.5517%,1,28,29,28,1,0,0
0x40af66,99.8099%,1,525,526,0,0,1,525
0x404f46,97.4359%,1,38,39,0,0,1,38
0x40b522,99.8099%,1,525,526,0,0,1,525
0x40401c,98.7654%,1,80,81,0,0,1,80
0x401394,96.7742%,1,30,31,0,0,1,30
0x41abd9,99.9862%,1,7229,7230,0,0,1,7229
0x40e91b,98.7654%,1,80,81,0,0,1,80
0x40b896,96.7742%,1,30,31,0,0,1,30
0x40aa14,99.8628%,1,728,729,0,0,1,728
0x40e9d8,99.6169%,1,260,261,0,0,1,260
0x413629,87.5%,1,7,8,0,0,1,7
0x40a8f6,88.8889%,1,8,9,0,0,1,8
0x40198b,98.7654%,1,80,81,0,0,1,80
0x40b5a7,99.8099%,1,525,526,0,0,1,525
0x409ba4,99.8981%,1,980,981,0,0,1,980
0x46fdfa,99.843%,1,636,637,636,1,0,0
0x40b8fd,96.5517%,1,28,29,0,0,1,28
0x40cb72,88.8889%,1,8,9,0,0,1,8
0x405a46,98.7654%,1,80,81,0,0,1,80
0x40f6d0,80%,1,4,5,0,0,1,4
0x413566,99.9918%,1,12122,12123,0,0,1,12122
0x40da73,88.8889%,1,8,9,8,0,1,0
0x401f30,99.9574%,1,2348,2349,0,0,1,2348
0x40f002,0%,1,0,1,0,1,0,0
0x40eb00,88.8889%,1,8,9,0,0,1,8
0x40b1a9,94.1176%,1,16,17,0,0,1,16
0x415707,99.9532%,1,2138,2139,0,0,1,2138
0x4174e7,80%,1,4,5,0,0,1,4
0x41358d,99.9959%,1,24245,24246,12123,0,1,12122
0x415b4a,88.8889%,1,8,9,8,1,0,0
0x40f6da,80%,1,4,5,1,0,1,3
0x4026aa,98.7654%,1,80,81,0,0,1,80
0x458de7,99.9862%,1,7263,7264,0,0,1,7263
0x41b596,98.7179%,1,77,78,0,0,1,77
0x4058c6,88.8889%,1,8,9,0,0,1,8
0x40193f,88.8889%,1,8,9,0,0,1,8
0x40f3f5,0%,1,0,1,0,1,0,0
0x415548,99.9532%,1,2138,2139,0,0,1,2138
0x41a4c0,94.4444%,1,17,18,17,1,0,0
0x412712,87.5%,1,7,8,0,0,1,7
0x41b124,98.7179%,1,77,78,77,1,0,0
0x41768b,99.5781%,1,236,237,236,1,0,0
0x4045e0,0%,1,0,1,0,1,0,0
0x41739b,99.2857%,1,139,140,139,1,0,0
0x415cdf,96.2963%,1,26,27,0,0,1,26
0x40d546,98.6111%,1,71,72,0,0,1,71
0x41a594,94.4444%,1,17,18,0,0,1,17
0x416255,0%,1,0,1,0,1,0,0
0x458d97,99.9862%,1,7263,7264,0,0,1,7263
0x4128ef,99.8246%,1,569,570,0,0,1,569
0x416240,88.8889%,1,8,9,0,1,0,8
0x41b181,98.7179%,1,77,78,77,1,0,0
0x40ea44,95%,1,19,20,0,0,1,19
0x41a530,94.4444%,1,17,18,0,0,1,17
0x40e9e3,99.9574%,1,2348,2349,0,0,1,2348
0x40655a,0%,1,0,1,0,1,0,0
0x40541f,0%,1,0,1,0,0,1,0
0x414c85,94.4444%,1,17,18,0,0,1,17
0x40e5ba,96%,1,24,25,0,0,1,24
0x4157d5,99.8597%,1,712,713,0,1,0,712
0x401b16,98.7654%,1,80,81,0,0,1,80
0x41b178,98.7179%,1,77,78,0,0,1,77
0x40b2cf,99.8628%,1,728,729,0,0,1,728
0x40f3bd,50%,1,1,2,0,0,1,1
0x40d761,97.5%,1,39,40,0,0,1,39
0x401cbf,99.4152%,1,170,171,0,0,1,170
0x40ef09,100%,0,1,1,0,0,0,1
0x40ae85,100%,0,526,526,0,0,0,526
0x40631e,100%,0,81,81,0,0,0,81
0x40eef6,100%,0,1,1,0,0,0,1
0x40ecae,100%,0,2,2,0,0,0,2
0x4035c3,100%,0,648,648,0,0,0,648
0x40351d,100%,0,81,81,0,0,0,81
0x403423,100%,0,9,9,0,0,0,9
0x40ef18,100%,0,1,1,1,0,0,0
0x411966,100%,0,403,403,0,0,0,403
0x406507,100%,0,1,1,0,0,0,1
0x406528,100%,0,1,1,0,0,0,1
0x406585,100%,0,1,1,0,0,0,1
0x405429,100%,0,1,1,1,0,0,0
0x4033bb,100%,0,81,81,0,0,0,81
0x403376,100%,0,9,9,0,0,0,9
0x407a92,100%,0,32,32,0,0,0,32
0x41b1d8,100%,0,78,78,0,0,0,78
0x40d866,100%,0,167,167,0,0,0,167
0x40c33a,100%,0,527,527,0,0,0,527
0x40c9a6,100%,0,31,31,0,0,0,31
0x41b46f,100%,0,234,234,0,0,0,234
0x40d566,100%,0,72,72,0,0,0,72
0x40cdff,100%,0,72,72,0,0,0,72
0x41afda,100%,0,78,78,78,0,0,0
0x40d31a,100%,0,1,1,0,0,0,1
0x40da78,100%,0,1,1,1,0,0,0
0x40d2da,100%,0,4,4,0,0,0,4
0x408ba7,100%,0,4,4,0,0,0,4
0x40ce17,100%,0,72,72,0,0,0,72
0x40ea8d,100%,0,20,20,0,0,0,20
0x41b16f,100%,0,78,78,0,0,0,78
0x41b0e0,100%,0,78,78,0,0,0,78
0x406b4e,100%,0,527,527,0,0,0,527
0x40d127,100%,0,213,213,0,0,0,213
0x415016,100%,0,9,9,9,0,0,0
0x415dd8,100%,0,27,27,0,0,0,27
0x40a95c,100%,0,729,729,0,0,0,729
0x40a992,100%,0,9,9,0,0,0,9
0x417a0c,100%,0,9,9,0,0,0,9
0x40c22e,100%,0,1248,1248,0,0,0,1248
0x415d63,100%,0,27,27,0,0,0,27
0x405ca7,100%,0,59,59,59,0,0,0
0x40b0fc,100%,0,14,14,0,0,0,14
0x409dab,100%,0,19,19,0,0,0,19
0x40ca04,100%,0,212,212,212,0,0,0
0x40eb72,100%,0,9,9,9,0,0,0
0x40dde9,100%,0,261,261,0,0,0,261
0x40ef10,100%,0,1,1,0,0,0,1
0x414a06,100%,0,18,18,0,0,0,18
0x40eb20,100%,0,9,9,0,0,0,9
0x40496a,100%,0,81,81,0,0,0,81
0x40eac7,100%,0,81,81,0,0,0,81
0x40eefc,100%,0,1,1,0,0,0,1
0x40ac6a,100%,0,526,526,0,0,0,526
0x41a667,100%,0,18,18,18,0,0,0
0x40b175,100%,0,42,42,42,0,0,0
0x413151,100%,0,85872,85872,85872,0,0,0
0x40e752,100%,0,11,11,0,0,0,11
0x407aed,100%,0,10,10,0,0,0,10
0x401b08,100%,0,9,9,0,0,0,9
0x40534a,100%,0,39,39,0,0,0,39
0x4013dd,100%,0,31,31,0,0,0,31
0x408b38,100%,0,76,76,0,0,0,76
0x40f583,100%,0,7,7,7,0,0,0
0x40d001,100%,0,50,50,0,0,0,50
0x40e5fc,100%,0,12,12,12,0,0,0
0x401d08,100%,0,171,171,0,0,0,171
0x41afe7,100%,0,78,78,78,0,0,0
0x41a53e,100%,0,18,18,0,0,0,18
0x401dbd,100%,0,513,513,0,0,0,513
0x410961,100%,0,25980,25980,25980,0,0,0
0x405b1e,100%,0,404,404,0,0,0,404
0x412466,100%,0,594,594,0,0,0,594
0x40e88d,100%,0,81,81,0,0,0,81
0x41ab0a,100%,0,7230,7230,0,0,0,7230
0x413511,100%,0,12123,12123,12123,0,0,0
0x40219c,100%,0,467,467,0,0,0,467
0x408a96,100%,0,34,34,0,0,0,34
0x45c9e3,100%,0,7264,7264,0,0,0,7264
0x41b2ab,100%,0,78,78,0,0,0,78
0x417806,100%,0,24,24,0,0,0,24
0x40eaa1,100%,0,20,20,20,0,0,0
0x41774a,100%,0,237,237,237,0,0,0
0x413b86,100%,0,48,48,0,0,0,48
0x413fa9,100%,0,9,9,0,0,0,9
0x41b00c,100%,0,78,78,0,0,0,78
0x403a3a,100%,0,12,12,12,0,0,0
0x407641,100%,0,81,81,0,0,0,81
0x41b01e,100%,0,78,78,78,0,0,0
0x4141ca,100%,0,9,9,9,0,0,0
0x40a94c,100%,0,81,81,0,0,0,81
0x41a558,100%,0,18,18,0,0,0,18
0x41a475,100%,0,18,18,0,0,0,18
0x41a4bb,100%,0,18,18,0,0,0,18
0x4033d1,100%,0,729,729,0,0,0,729
0x41a522,100%,0,18,18,0,0,0,18
0x40aa69,100%,0,527,527,0,0,0,527
0x406b23,100%,0,1581,1581,0,0,0,1581
0x41a5a2,100%,0,18,18,18,0,0,0
0x4159e0,100%,0,9,9,0,0,0,9
0x40354a,100%,0,81,81,0,0,0,81
0x41a5b1,100%,0,18,18,0,0,0,18
0x405823,100%,0,9,9,0,0,0,9
0x41a615,100%,0,162,162,0,0,0,162
0x417872,100%,0,54,54,0,0,0,54
0x41b348,100%,0,78,78,0,0,0,78
0x412821,100%,0,8,8,0,0,0,8
0x41b26f,100%,0,78,78,78,0,0,0
0x40e705,100%,0,261,261,0,0,0,261
0x40c927,100%,0,1315,1315,0,0,0,1315
0x41b250,100%,0,156,156,0,0,0,156
0x40ef03,100%,0,1,1,0,0,0,1
0x413795,100%,0,16,16,0,0,0,16
0x402289,100%,0,28,28,28,0,0,0
0x40f258,100%,0,107,107,0,0,0,107
0x4098af,100%,0,527,527,0,0,0,527
0x40f3d1,100%,0,6,6,0,0,0,6
0x4045cf,100%,0,1,1,0,0,0,1
0x45c37b,100%,0,7264,7264,7264,0,0,0
0x45c38c,100%,0,7264,7264,0,0,0,7264
0x40eacf,100%,0,729,729,0,0,0,729
0x45a30d,100%,0,7264,7264,0,0,0,7264
0x45a267,100%,0,7264,7264,7264,0,0,0
0x40b9a6,100%,0,13,13,0,0,0,13
0x4073bd,100%,0,9,9,0,0,0,9
0x407460,100%,0,9,9,0,0,0,9
0x40cbc8,100%,0,81,81,0,0,0,81
0x40d336,100%,0,1,1,1,0,0,0
0x4079c7,100%,0,36,36,0,0,0,36
0x402ea9,100%,0,19,19,19,0,0,0
0x413cc5,100%,0,8,8,0,0,0,8
0x409912,100%,0,1581,1581,0,0,0,1581
0x40eab8,100%,0,9,9,0,0,0,9
0x40b849,100%,0,526,526,0,0,0,526
0x4117ab,100%,0,715,715,0,0,0,715
0x409d32,100%,0,463,463,0,0,0,463
0x417adb,100%,0,2,2,0,0,0,2
0x410406,100%,0,242,242,0,0,0,242
0x412176,100%,0,726,726,0,0,0,726
0x402d0d,100%,0,10,10,0,0,0,10
0x411bdb,100%,0,379,379,0,0,0,379
0x40d5df,100%,0,648,648,0,0,0,648
0x40eb54,100%,0,81,81,0,0,0,81
0x40f3eb,100%,0,1,1,0,0,0,1
0x40f6e7,100%,0,4,4,4,0,0,0
0x41b281,100%,0,78,78,78,0,0,0
0x410f4b,100%,0,222,222,0,0,0,222
0x40ece2,100%,0,5,5,0,0,0,5
0x406b57,100%,0,527,527,0,0,0,527
0x410cb6,100%,0,246,246,0,0,0,246
0x406e1f,100%,0,4,4,0,0,0,4
0x41b4b7,100%,0,78,78,78,0,0,0
0x413640,100%,0,16,16,0,0,0,16
0x40e898,100%,0,729,729,0,0,0,729
0x40742e,100%,0,729,729,0,0,0,729
0x40e8d2,100%,0,9,9,0,0,0,9
