Branch PC,Accuracy,Mispredictions,Correct Predictions,Total,dir_t_pred_t,dir_t_pred_nt,dir_nt_pred_t,dir_nt_pred_nt
aggregate,99.1312%,220944,25208695,25429639,15458328,85387,135557,9750367
0x411cdb,97.1184%,33521,1129773,1163294,1045136,10556,22965,84637
0x4120ef,97.7393%,21601,933893,955494,897078,5674,15927,36815
0x411480,97.0061%,19963,646825,666788,536281,6921,13042,110544
0x41104e,96.7901%,18351,553353,571704,485923,8017,10334,67430
0x4118ce,96.346%,14147,373018,387165,250965,5459,8688,122053
0x412633,96.308%,12290,320590,332880,41846,6743,5547,278744
0x410794,95.9862%,12036,287827,299863,239545,5348,6688,48282
0x4130f0,98.4365%,10425,656350,666775,585250,3774,6651,71100
0x412d38,98.9817%,9730,945751,955481,844277,3615,6115,101474
0x412fb0,97.5777%,9378,377773,387151,259690,3888,5490,118083
0x412e6e,99.2353%,8896,1154385,1163281,1029407,3146,5750,124978
0x410341,94.2129%,6758,110019,116777,30406,3599,3159,79613
0x41321e,98.9437%,6039,565652,571691,504791,3380,2659,60861
0x410c08,95.4477%,5512,115570,121082,55890,1659,3853,59680
0x4123df,90.9256%,4786,47956,52742,27640,2661,2125,20316
0x4134a1,98.6026%,4190,295660,299850,263672,2186,2004,31988
0x413360,97.1264%,3479,117590,121069,64881,1231,2248,52709
0x41ac73,93.9871%,2316,36201,38517,33057,1148,1168,3144
0x4135e8,98.3745%,1898,114866,116764,97409,773,1125,17457
0x41ae23,95.1808%,1715,33872,35587,33809,88,1627,63
0x41acba,98.4942%,580,37937,38517,30096,109,471,7841
0x412629,99.486%,362,70061,70423,9955,173,189,60106
0x412660,99.5776%,248,58469,58717,56951,72,176,1518
0x411dc7,99.7779%,239,107363,107602,35103,81,158,72260
0x411d18,99.7758%,238,105894,106132,105131,51,187,763
0x4114c1,99.809%,236,123351,123587,4747,137,99,118604
0x410fb4,99.6285%,236,63284,63520,15870,98,138,47414
0x41108f,99.7068%,228,77536,77764,3845,132,96,73691
0x410edd,99.6662%,212,63308,63520,5595,97,115,57713
0x4114dd,99.8265%,206,118497,118703,117709,61,145,788
0x410c59,99.6884%,198,63335,63533,5592,102,96,57743
0x4108ba,99.7017%,164,54806,54970,7666,118,46,47140
0x411923,99.87%,164,125947,126111,125516,38,126,431
0x410473,99.5265%,161,33844,34005,6390,92,69,27454
0x41115f,99.7955%,159,77605,77764,22404,85,74,55201
0x41212f,99.7024%,153,51260,51413,50181,66,87,1079
0x4110ab,99.8198%,133,73654,73787,72984,44,89,670
0x4103a8,99.6206%,129,33876,34005,2495,65,64,31381
0x411a06,99.7058%,129,43712,43841,1530,71,58,42182
0x401ce3,62.2807%,129,213,342,32,70,59,181
0x411814,99.8964%,128,123445,123573,36322,42,86,87123
0x401dc4,64.6199%,121,221,342,209,30,91,12
0x4103c4,99.6184%,120,31325,31445,31096,32,88,229
0x401d33,65.4971%,118,224,342,24,84,34,200
0x410d1a,99.8158%,117,63416,63533,15950,28,89,47466
0x40de8a,76.5432%,114,372,486,16,98,16,356
0x411907,99.9143%,112,130629,130741,4559,71,41,126070
0x410809,99.792%,109,52301,52410,52004,44,65,297
0x411309,99.8637%,106,77645,77751,3943,32,74,73702
0x410c75,99.8271%,100,57739,57839,57453,22,78,286
0x40c953,73.3871%,99,273,372,234,14,85,39
0x415803,61.7188%,98,158,256,74,50,48,84
0x410d56,99.4242%,92,15886,15978,3447,68,24,12439
0x40c3fc,75.5376%,91,281,372,4,72,19,277
0x412645,99.968%,91,284200,284291,11678,28,63,272522
0x40c713,75.5376%,91,281,372,279,17,74,2
0x41175c,99.9267%,87,118604,118691,117722,42,45,882
0x40bdac,77.4194%,84,288,372,1,70,14,287
0x4119ca,99.9373%,82,130659,130741,43796,45,37,86863
0x4113c4,99.8945%,82,77669,77751,22450,29,53,55219
0x40c0b8,78.4946%,80,292,372,290,11,69,2
0x41ae1d,99.7669%,79,33818,33897,6834,64,15,26984
0x4106ec,99.7705%,78,33914,33992,6419,53,25,27495
0x411740,99.9385%,76,123497,123573,4850,32,44,118647
0x41ad1f,99.5003%,76,15134,15210,13507,13,63,1627
0x41158a,99.9401%,74,123513,123587,36344,30,44,87169
0x4107ed,99.8727%,70,54900,54970,2532,28,42,52368
0x412884,99.7722%,69,30219,30288,492,34,35,29727
0x411c44,99.948%,68,130660,130728,43801,31,37,86859
0x4128a0,99.7816%,65,29697,29762,28784,25,40,913
0x410a85,99.8817%,65,54892,54957,2518,40,25,52374
0x41336e,99.1639%,65,7709,7774,3503,8,57,4206
0x412d46,99.8237%,62,35113,35175,1857,39,23,33256
0x410aa1,99.8817%,62,52337,52399,52031,12,50,306
0x412fbe,99.8295%,62,36302,36364,4086,43,19,32216
0x40df85,87.6543%,60,426,486,425,7,53,1
0x411325,99.9187%,60,73716,73776,73016,7,53,700
0x411f7a,99.9453%,58,106063,106121,105154,23,35,909
0x41223d,99.8919%,57,52685,52742,17329,16,41,35356
0x411b94,99.9548%,57,126043,126100,125531,18,39,512
0x410ef9,99.9014%,57,57771,57828,57433,37,20,338
0x41322c,99.6493%,56,15912,15968,3475,36,20,12437
0x406a70,66.0494%,55,107,162,4,34,21,103
0x410b54,99.9017%,54,54903,54957,7750,24,30,47153
0x411aed,99.9787%,54,253386,253440,126706,14,40,126680
0x40bcce,95.9168%,53,1245,1298,1,37,16,1244
0x40aa4d,95.9168%,53,1245,1298,0,38,15,1245
0x402c4d,67.9012%,52,110,162,4,34,18,106
0x40b308,96.0709%,51,1247,1298,0,38,13,1247
0x40bfff,86.2903%,51,321,372,228,20,31,93
0x412b00,99.9033%,51,52678,52729,1299,28,23,51379
0x415138,69.7531%,49,113,162,113,11,38,0
0x401cae,69.7531%,49,113,162,108,16,33,5
0x4097ea,69.7531%,49,113,162,1,37,12,112
0x4063e7,63.4921%,46,80,126,1,29,17,79
0x411cfc,99.9572%,46,107556,107602,1446,24,22,106110
0x401a84,71.6049%,46,116,162,6,32,14,110
0x401de2,60.5263%,45,69,114,58,18,27,11
0x405b15,65.0794%,44,82,126,1,29,15,81
0x41295a,99.8547%,44,30244,30288,16654,20,24,13590
0x401cf1,87.1345%,44,298,342,293,11,33,5
0x40218b,69.4444%,44,100,144,0,34,10,100
0x40b57b,96.147%,43,1073,1116,989,3,40,84
0x412113,99.9185%,43,52699,52742,1298,31,12,51401
0x411f5e,99.961%,42,107547,107589,1438,30,12,106109
0x402745,70.8333%,42,102,144,2,32,10,100
0x4087ef,68.254%,40,86,126,1,29,11,85
0x401f62,91.7695%,40,446,486,429,3,37,17
0x40840b,68.254%,40,86,126,0,30,10,86
0x412024,99.9638%,39,107550,107589,35171,4,35,72379
0x40c657,89.5161%,39,333,372,236,12,27,97
0x411eba,99.9619%,38,99814,99852,0,0,38,99814
0x40c2fb,89.7849%,38,334,372,243,5,33,91
0x401d41,89.1813%,37,305,342,298,6,31,7
0x40f2d5,72.7941%,37,99,136,95,16,21,4
0x412cde,99.919%,37,45635,45672,30413,35,2,15222
0x411b78,99.9717%,37,130691,130728,4601,27,10,126090
0x4157fb,77.1605%,37,125,162,7,31,6,118
0x41308d,99.9814%,36,193374,193410,96689,16,20,96685
0x40b317,97.2222%,35,1225,1260,1134,2,33,91
0x41241f,99.8858%,34,29739,29773,28799,15,19,940
0x411d8e,99.9896%,33,317413,317446,211299,15,18,106114
0x41155e,99.9907%,33,355143,355176,236467,6,27,118676
0x412a5f,99.9267%,32,43654,43686,29093,31,1,14561
0x412a4e,99.9634%,32,87340,87372,43659,27,5,43681
0x416203,80.2469%,32,130,162,129,15,17,1
0x412b1c,99.9377%,32,51370,51402,50219,23,9,1151
0x411e06,99.909%,32,35152,35184,1893,7,25,33259
0x406cc6,70.3704%,32,76,108,4,21,11,72
0x4108f6,99.5889%,32,7752,7784,3504,11,21,4248
0x406c9b,80.2469%,32,130,162,44,10,22,86
0x411edd,99.9845%,31,199673,199704,99835,17,14,99838
0x411ffe,99.9902%,31,317388,317419,211283,15,16,106105
0x401ad6,80.8642%,31,131,162,129,15,16,2
0x407968,50%,30,30,60,5,15,15,25
0x409b47,82.0988%,29,133,162,46,8,21,87
0x407353,82.716%,28,134,162,133,11,17,1
0x4116ad,99.9855%,28,193418,193446,96708,15,13,96710
0x40aa5c,97.8571%,27,1233,1260,1136,0,27,97
0x409574,78.5714%,27,99,126,99,9,18,0
0x401df5,83.3333%,27,135,162,133,11,16,2
0x40e62a,94.4444%,27,459,486,432,0,27,27
0x4084d5,78.5714%,27,99,126,98,10,17,1
0x4134b7,99.5983%,26,6446,6472,3663,7,19,2783
0x409b7f,75.9259%,26,82,108,0,25,1,82
0x4116c2,99.9731%,26,96697,96723,64463,19,7,32234
0x411eee,99.974%,26,99826,99852,66558,10,16,33268
0x41127e,99.9528%,26,55042,55068,36704,8,18,18338
0x40a83e,83.9506%,26,136,162,135,9,17,1
0x411bef,99.9794%,26,126074,126100,0,0,26,126074
0x412403,99.9175%,25,30276,30301,515,13,12,29761
0x40c8fb,99.0616%,25,2639,2664,2362,6,19,277
0x40ea00,94.856%,25,461,486,430,2,23,31
0x409bb7,96.6533%,25,722,747,659,5,20,63
0x406ced,69.8795%,25,58,83,49,7,18,9
0x40565c,83.3333%,24,120,144,0,18,6,120
0x4068d3,80.9524%,24,102,126,102,6,18,0
0x402a91,83.3333%,24,120,144,120,6,18,0
0x40d632,83.3333%,24,120,144,119,11,13,1
0x4109dd,99.9102%,23,25591,25614,12800,7,16,12791
0x41ad47,99.8639%,23,16877,16900,15196,14,9,1681
0x40473e,84.0278%,23,121,144,117,9,14,4
0x40cbf3,85.8025%,23,139,162,139,5,18,0
0x412df6,99.977%,23,99814,99837,0,0,23,99814
0x411fdd,99.9783%,23,106098,106121,0,0,23,106098
0x406209,81.746%,23,103,126,103,5,18,0
0x40e266,95.2675%,23,463,486,423,9,14,40
0x411b02,99.9826%,22,126698,126720,84465,15,7,42233
0x40a88e,86.4198%,22,140,162,140,4,18,0
0x402577,85.4167%,21,123,144,123,3,18,0
0x40d8e0,47.5%,21,19,40,18,10,11,1
0x41298f,99.8741%,21,16653,16674,2108,4,17,14545
0x41043e,99.9777%,21,93997,94018,62557,16,5,31440
0x412f4d,99.9917%,21,253389,253410,126696,9,12,126693
0x41515a,87.6543%,20,142,162,142,2,18,0
0x410e3d,99.9733%,20,74758,74778,37381,8,12,37377
0x41153a,99.9832%,20,118683,118703,0,0,20,118683
0x404bfc,86.1111%,20,124,144,124,4,16,0
0x40babf,87.6543%,20,142,162,142,2,18,0
0x40738b,87.6543%,20,142,162,142,2,18,0
0x40564b,72.2222%,20,52,72,52,4,16,0
0x40d884,66.6667%,20,40,60,5,9,11,35
0x410f8e,99.989%,19,173107,173126,115294,4,15,57813
0x40332e,88.2716%,19,143,162,143,1,18,0
0x410645,99.9396%,19,31415,31434,31121,2,17,294
0x41124a,99.9655%,19,55049,55068,0,0,19,55049
0x46fda7,87.5%,19,133,152,2,6,13,131
0x40d861,96.4815%,19,521,540,473,7,12,48
0x403608,87.5%,18,126,144,126,5,13,0
0x40ca9e,88.8889%,18,144,162,144,0,18,0
0x41199e,99.9952%,18,377758,377776,251663,2,16,126095
0x40acc3,98.3871%,18,1098,1116,992,0,18,106
0x40db1a,87.5%,18,126,144,126,2,16,0
0x406c35,66.6667%,18,36,54,28,8,10,8
0x41197a,99.9857%,18,126093,126111,0,0,18,126093
0x40d62d,98.6111%,18,1278,1296,1148,4,14,130
0x4131ac,99.9691%,17,55033,55050,0,0,17,55033
0x40d145,67.3077%,17,35,52,2,9,8,33
0x41306c,99.9824%,17,96688,96705,0,0,17,96688
0x40d3ca,88.1944%,17,127,144,127,1,16,0
0x4046f4,75%,17,51,68,49,5,12,2
0x40eadd,89.5062%,17,145,162,142,2,15,3
0x412276,99.902%,17,17328,17345,2114,2,15,15214
0x401dd6,95.0292%,17,325,342,227,1,16,98
0x40e662,70.3704%,16,38,54,32,4,12,6
0x40e8b4,90.1235%,16,146,162,144,0,16,2
0x403c89,88.8889%,16,128,144,126,0,16,2
0x4033ed,98.9026%,16,1442,1458,1287,9,7,155
0x41126d,99.9855%,16,110120,110136,55063,5,11,55057
0x40e107,96.7078%,16,470,486,426,6,10,44
0x4058a9,90.1235%,16,146,162,141,3,13,5
0x4040f5,88.8889%,16,128,144,127,3,13,1
0x401f4f,99.6342%,16,4358,4374,3884,4,12,474
0x40ead4,98.9026%,16,1442,1458,1291,5,11,151
0x40d37d,71.1538%,15,37,52,36,3,12,1
0x406d21,93.8272%,15,228,243,208,8,7,20
0x412bcc,99.9716%,15,52714,52729,17330,6,9,35384
0x40279d,98.4848%,15,975,990,879,1,14,96
0x41110a,99.9797%,15,73772,73787,0,0,15,73772
0x411c1e,99.996%,15,377734,377749,251649,0,15,126085
0x40daca,75%,15,45,60,44,2,13,1
0x410cee,99.9913%,15,173138,173153,115310,4,11,57828
0x40cbe7,98.9712%,15,1443,1458,1288,8,7,155
0x4132fd,99.9813%,14,74728,74742,37362,9,5,37366
0x40ced6,90.2778%,14,130,144,130,1,13,0
0x413418,99.8905%,14,12775,12789,0,0,14,12775
0x412e7c,99.9681%,14,43818,43832,1594,3,11,42224
0x40d1a3,60%,14,21,35,19,4,10,2
0x40ca76,48.1481%,14,13,27,10,5,9,3
0x411196,99.9377%,14,22475,22489,4125,8,6,18350
0x40b22f,91.358%,14,148,162,138,6,8,10
0x409acd,74.0741%,14,40,54,29,7,7,11
0x4117ee,99.9961%,14,355132,355146,236449,6,8,118683
0x41343d,99.9453%,14,25564,25578,12789,0,14,12775
0x40f325,90.2985%,13,121,134,89,1,12,32
0x406b8b,98.8351%,13,1103,1116,991,1,12,112
0x40e71d,97.3251%,13,473,486,429,3,10,44
0x40ddfd,97.3251%,13,473,486,430,2,11,43
0x4155fc,97.3251%,13,473,486,322,2,11,151
0x403c3c,81.1594%,13,56,69,56,0,13,0
0x4115c6,99.9643%,13,36361,36374,4129,4,9,32232
0x403600,99.0741%,12,1284,1296,1150,2,10,134
0x40aada,98.9247%,12,1104,1116,987,5,7,117
0x4019b9,92.5926%,12,150,162,141,3,9,9
0x40950d,57.1429%,12,16,28,14,8,4,2
0x4121ae,99.9922%,12,153061,153073,101658,2,10,51403
0x407765,87.5%,12,84,96,0,6,6,84
0x40f41e,72.7273%,12,32,44,32,4,8,0
0x4033f9,92.5926%,12,150,162,144,0,12,6
0x410a16,99.9782%,12,54958,54970,54958,12,0,0
0x412ac8,99.9772%,12,52717,52729,0,0,12,52717
0x4040f0,99.1512%,11,1285,1296,1150,2,9,135
0x412e2e,99.989%,11,99826,99837,66552,6,5,33274
0x41abe6,99.6746%,11,3369,3380,1686,4,7,1683
0x412372,99.9759%,11,45676,45687,30454,4,7,15222
0x405b65,88.5417%,11,85,96,85,5,6,0
0x410e52,99.9706%,11,37378,37389,24915,11,0,12463
0x40bcdd,99.127%,11,1249,1260,850,2,9,399
0x406335,93.2099%,11,151,162,144,0,11,7
0x409965,91.129%,11,113,124,113,5,6,0
0x4064b6,94.686%,11,196,207,179,5,6,17
0x407449,93.2099%,11,151,162,142,2,9,9
0x40df9f,79.6296%,11,43,54,43,5,6,0
0x40645c,88.5417%,11,85,96,85,5,6,0
0x4106ce,99.9883%,11,93980,93991,62555,2,9,31425
0x412853,99.9408%,11,18583,18594,10,4,7,18573
0x411ac0,99.9913%,11,126709,126720,0,0,11,126709
0x40acb8,99.8905%,11,10033,10044,8925,3,8,1108
0x40641f,98.8426%,10,854,864,761,7,3,93
0x409b92,98.6613%,10,737,747,664,0,10,73
0x404170,98.366%,10,602,612,543,1,9,59
0x412b7d,99.9805%,10,51392,51402,0,0,10,51392
0x40743d,99.3141%,10,1448,1458,1292,4,6,156
0x4083d5,58.3333%,10,14,24,13,5,5,1
0x412bae,99.9935%,10,153036,153046,101638,6,4,51398
0x40b570,99.9004%,10,10034,10044,8925,3,7,1109
0x40e8a8,99.3141%,10,1448,1458,1292,4,6,156
0x40e729,81.4815%,10,44,54,44,4,6,0
0x41059e,99.8813%,10,8414,8424,5613,3,7,2801
0x412da1,99.99%,10,99827,99837,99827,10,0,0
0x40d122,97.8632%,10,458,468,416,0,10,42
0x4089ff,95.1691%,10,197,207,183,1,9,14
0x40d15f,75.6098%,10,31,41,0,6,4,31
0x410cca,99.9827%,10,57829,57839,0,0,10,57829
0x409938,97.3118%,10,362,372,242,6,4,120
0x40a977,93.8272%,10,152,162,141,3,7,11
0x412a20,99.9771%,10,43676,43686,0,0,10,43676
0x411d6a,99.9915%,9,106123,106132,0,0,9,106123
0x4086ee,94.4444%,9,153,162,143,1,8,10
0x411631,99.9907%,9,96714,96723,96714,9,0,0
0x408a52,95.6522%,9,198,207,178,6,3,20
0x40f2b3,90.1099%,9,82,91,46,0,9,36
0x41137f,99.9878%,9,73767,73776,0,0,9,73767
0x41358d,99.9465%,9,16803,16812,8398,8,1,8405
0x41482e,25%,9,3,12,2,6,3,1
0x41218a,99.9825%,9,51404,51413,0,0,9,51404
0x411680,99.9907%,9,96714,96723,0,0,9,96714
0x40e146,83.3333%,9,45,54,45,3,6,0
0x40e061,99.7942%,9,4365,4374,3887,1,8,478
0x40e1e0,99.7942%,9,4365,4374,3887,1,8,478
0x412903,99.9698%,9,29753,29762,0,0,9,29753
0x4157c7,98.1481%,9,477,486,322,2,7,155
0x40d89e,80.4348%,9,37,46,0,6,3,37
0x412832,99.9703%,9,30290,30299,11705,1,8,18585
0x40ce12,93.75%,9,135,144,123,5,4,12
0x41112e,99.9959%,9,220593,220602,146814,1,8,73779
0x408837,98.9583%,9,855,864,766,2,7,89
0x4061a4,62.5%,9,15,24,15,3,6,0
0x412f5e,99.9929%,9,126696,126705,84469,1,8,42227
0x414625,75%,9,27,36,27,5,4,0
0x40e9f4,99.7942%,9,4365,4374,3885,3,6,480
0x40bfcb,97.3422%,8,293,301,0,0,8,293
0x41309e,99.9917%,8,96697,96705,64462,8,0,32235
0x410629,99.9765%,8,33984,33992,2555,3,5,31429
0x40defd,99.7611%,8,3340,3348,2970,6,2,370
0x412330,99.9825%,8,45679,45687,0,0,8,45679
0x401f73,85.1852%,8,46,54,46,2,6,0
0x40de09,85.1852%,8,46,54,46,2,6,0
0x411f12,99.9926%,8,107594,107602,107594,8,0,0
0x40a96b,99.4513%,8,1450,1458,1296,0,8,154
0x41330e,99.9786%,8,37363,37371,24908,6,2,12455
0x40f2a3,94.1176%,8,128,136,91,0,8,37
0x40d1db,33.3333%,8,4,12,2,6,2,2
0x411a71,99.9937%,8,126712,126720,126712,8,0,0
0x41ae54,99.7633%,8,3372,3380,1682,8,0,1690
0x412e1d,99.996%,8,199666,199674,99832,5,3,99834
0x41359e,99.9048%,8,8398,8406,5604,0,8,2794
0x40cada,55.5556%,8,10,18,10,2,6,0
0x409840,99.2832%,8,1108,1116,987,5,3,121
0x40d561,94.4444%,8,136,144,127,1,7,9
0x411b29,99.9939%,8,130733,130741,130733,8,0,0
0x4020fd,95.0617%,8,154,162,142,2,6,12
0x40689c,71.4286%,8,20,28,19,3,5,1
0x41247a,99.9731%,8,29765,29773,0,0,8,29765
0x40acef,93.5484%,8,116,124,0,0,8,116
0x413281,99.9786%,8,37363,37371,37363,8,0,0
0x41056d,99.905%,8,8416,8424,0,0,8,8416
0x41a64a,80.5556%,7,29,36,29,3,4,0
0x412f2c,99.9945%,7,126698,126705,0,0,7,126698
0x4130fe,99.9689%,7,22472,22479,4129,0,7,18343
0x410e76,99.989%,7,63526,63533,63526,7,0,0
0x4124bf,99.9769%,7,30294,30301,16679,4,3,13615
0x408879,92.7083%,7,89,96,89,1,6,0
0x406b90,94.3548%,7,117,124,117,1,6,0
0x40bf9f,99.7416%,7,2702,2709,2403,5,2,299
0x4125f2,99.984%,7,43694,43701,29132,2,5,14562
0x40d66e,94.4444%,7,119,126,108,4,3,11
0x410dc1,99.9813%,7,37382,37389,37382,7,0,0
0x405c4d,96.1111%,7,173,180,159,1,6,14
0x4132d8,99.9813%,7,37364,37371,0,0,7,37364
0x410b02,99.9866%,7,52392,52399,0,0,7,52392
0x40791d,96.1111%,7,173,180,157,3,4,16
0x406482,75%,7,21,28,1,4,3,20
0x4117bf,99.9941%,7,118684,118691,0,0,7,118684
0x40d8db,98.0556%,7,353,360,320,0,7,33
0x40e2ad,87.037%,7,47,54,47,1,6,0
0x40763c,95.679%,7,155,162,144,0,7,11
0x45a20a,99.5878%,7,1691,1698,0,0,7,1691
0x4057b5,61.1111%,7,11,18,11,1,6,0
0x41086a,99.9866%,7,52403,52410,0,0,7,52403
0x4021cd,99.2929%,7,983,990,879,1,6,104
0x4125dd,99.992%,7,87395,87402,43701,0,7,43694
0x40ff91,99.9624%,7,18588,18595,0,0,7,18588
0x40eb6a,61.1111%,7,11,18,11,5,2,0
0x41ac53,99.954%,7,15203,15210,8584,4,3,6619
0x411e51,99.993%,7,99845,99852,99845,7,0,0
0x403545,95.679%,7,155,162,141,3,4,14
0x41260c,99.9802%,6,30295,30301,16896,5,1,13399
0x4155e6,99.5885%,6,1452,1458,972,0,6,480
0x40f2eb,76%,6,19,25,19,1,5,0
0x410504,99.9288%,6,8418,8424,8418,6,0,0
0x413d30,66.6667%,6,12,18,12,4,2,0
0x409960,99.4624%,6,1110,1116,991,1,5,119
0x417734,83.3333%,6,30,36,29,3,3,1
0x41249e,99.9932%,6,88354,88360,58583,4,2,29771
0x4131de,99.9891%,6,55044,55050,36696,4,2,18348
0x412c00,99.9654%,6,17330,17336,2112,0,6,15218
0x40e67f,66.6667%,6,12,18,12,0,6,0
0x409924,99.4624%,6,1110,1116,744,0,6,366
0x40ced1,99.537%,6,1290,1296,1152,0,6,138
0x406b46,98.3871%,6,366,372,246,2,4,120
0x40d19e,98.0952%,6,309,315,279,1,5,30
0x4079ad,96.6667%,6,174,180,160,0,6,14
0x4131cd,99.9946%,6,110094,110100,55047,3,3,55047
0x4116e9,99.9951%,6,123581,123587,123581,6,0,0
0x40bcf4,98.5294%,6,402,408,281,3,3,121
0x40a862,88.8889%,6,48,54,48,0,6,0
0x41069d,99.9809%,6,31428,31434,0,0,6,31428
0x40ea11,88.8889%,6,48,54,48,0,6,0
0x405c10,75%,6,18,24,0,4,2,18
0x413011,99.9938%,6,96699,96705,96699,6,0,0
0x40eb12,96.2963%,6,156,162,144,0,6,12
0x41267d,99.9835%,5,30296,30301,30296,3,2,0
0x4146ca,86.1111%,5,31,36,24,0,5,7
0x40b885,95.9677%,5,119,124,119,2,3,0
0x4112a5,99.9936%,5,77759,77764,77759,5,0,0
0x4157b6,99.6571%,5,1453,1458,972,0,5,481
0x458dc9,99.7055%,5,1693,1698,1693,5,0,0
0x41a638,98.4568%,5,319,324,287,1,4,32
0x4019ad,99.6571%,5,1453,1458,1293,3,2,160
0x4109f2,99.961%,5,12802,12807,8537,1,4,4265
0x41552b,98.9712%,5,481,486,0,0,5,481
0x410e10,99.9866%,5,37384,37389,0,0,5,37384
0x41789f,58.3333%,5,7,12,7,1,4,0
0x40e92a,96.9136%,5,157,162,144,0,5,13
0x401aef,72.2222%,5,13,18,13,3,2,0
0x401eb4,16.6667%,5,1,6,0,0,5,1
0x4089f0,82.1429%,5,23,28,2,3,2,21
0x4078de,79.1667%,5,19,24,0,4,1,19
0x412ed1,99.9961%,5,126700,126705,126700,5,0,0
0x406b35,99.552%,5,1111,1116,744,0,5,367
0x40d1cf,95.3704%,5,103,108,95,1,4,8
0x4104b6,99.9229%,5,6477,6482,3671,3,2,2806
0x46fe2a,37.5%,5,3,8,3,3,2,0
0x458da8,99.7055%,5,1693,1698,0,0,5,1693
0x4179e3,72.2222%,5,13,18,12,0,5,1
0x40ca24,95.935%,5,118,123,118,2,3,0
0x40199e,96.9136%,5,157,162,0,0,5,157
0x40219c,95.4545%,5,105,110,0,0,5,105
0x410f62,99.9914%,5,57823,57828,0,0,5,57823
0x405b5d,99.4213%,5,859,864,767,1,4,92
0x417892,86.1111%,5,31,36,24,0,5,7
0x401e2c,72.2222%,5,13,18,13,3,2,0
0x4177e0,86.1111%,5,31,36,31,1,4,0
0x405a3e,96.9136%,5,157,162,144,0,5,13
0x41621d,77.7778%,4,14,18,14,2,2,0
0x46fec2,90%,4,36,40,31,1,3,5
0x46fdbc,97.3333%,4,146,150,146,4,0,0
0x40ea92,50%,4,4,8,0,4,0,4
0x40f39a,90.9091%,4,40,44,40,1,3,0
0x40417c,94.1176%,4,64,68,64,2,2,0
0x403690,99.3559%,4,617,621,550,2,2,67
0x4140b8,33.3333%,4,2,6,2,2,2,0
0x401b23,97.5309%,4,158,162,144,0,4,14
0x404045,97.5309%,4,158,162,144,0,4,14
0x45a235,99.7644%,4,1694,1698,0,0,4,1694
0x40b394,99.6416%,4,1112,1116,992,0,4,120
0x410b2e,99.9974%,4,156837,156841,104441,1,3,52396
0x40d920,66.6667%,4,8,12,6,2,2,2
0x402102,77.7778%,4,14,18,0,0,4,14
0x40eb1b,77.7778%,4,14,18,14,2,2,0
0x4015c1,97.5309%,4,158,162,144,0,4,14
0x40736f,92.5926%,4,50,54,47,1,3,3
0x40eb5e,97.5309%,4,158,162,144,0,4,14
0x4125b0,99.9908%,4,43697,43701,0,0,4,43697
0x41041a,99.9873%,4,31441,31445,0,0,4,31441
0x411d56,99.5789%,4,946,950,0,0,4,946
0x4178f3,83.3333%,4,20,24,0,2,2,20
0x41088e,99.9975%,4,156864,156868,104458,0,4,52406
0x46fdac,97.3333%,4,146,150,146,4,0,0
0x4177a3,88.8889%,4,32,36,32,0,4,0
0x40c2a3,99.8523%,4,2705,2709,2407,1,3,298
0x4109b0,99.9688%,4,12803,12807,0,0,4,12803
0x40844d,99.6528%,3,861,864,767,1,2,94
0x41b449,83.3333%,3,15,18,12,0,3,3
0x417931,83.3333%,3,15,18,15,1,2,0
0x40d308,25%,3,1,4,1,3,0,0
0x40da4a,25%,3,1,4,1,3,0,0
0x458e39,99.8233%,3,1695,1698,0,0,3,1695
0x414270,83.3333%,3,15,18,15,1,2,0
0x413a10,25%,3,1,4,0,0,3,1
0x458de7,99.8233%,3,1695,1698,0,0,3,1695
0x409bbc,96.3855%,3,80,83,80,0,3,0
0x408874,99.6528%,3,861,864,768,0,3,93
0x40ca7a,75%,3,9,12,8,1,2,1
0x40cf0a,97.4359%,3,114,117,104,0,3,10
0x46fed8,62.5%,3,5,8,5,1,2,0
0x40b986,66.6667%,3,6,9,6,0,3,0
0x45c9ec,99.8233%,3,1695,1698,1695,3,0,0
0x41ac10,99.9112%,3,3377,3380,1688,2,1,1689
0x410aeb,99.1573%,3,353,356,0,0,3,353
0x40589d,99.7942%,3,1455,1458,1296,0,3,159
0x40b95b,66.6667%,3,6,9,5,1,2,1
0x45c3d5,99.8233%,3,1695,1698,0,0,3,1695
0x41139e,99.9986%,3,220572,220575,146798,1,2,73774
0x45c3a3,99.8233%,3,1695,1698,0,0,3,1695
0x4073aa,83.3333%,3,15,18,15,1,2,0
0x4122e1,99.9934%,3,45684,45687,45684,3,0,0
0x40b7f2,99.7312%,3,1113,1116,992,0,3,121
0x40c5ef,99.8874%,3,2661,2664,2368,0,3,293
0x40621c,83.3333%,3,15,18,15,1,2,0
0x40af3a,99.7312%,3,1113,1116,992,0,3,121
0x40c9fb,66.6667%,3,6,9,3,0,3,3
0x417a8b,25%,3,1,4,1,3,0,0
0x405a0a,83.3333%,3,15,18,0,0,3,15
0x46fde4,98%,3,147,150,4,2,1,143
0x40ca7f,83.3333%,3,15,18,15,3,0,0
0x40d914,97.2222%,3,105,108,96,0,3,9
0x413c8f,75%,3,9,12,8,0,3,1
0x40ca95,88.8889%,3,24,27,24,0,3,0
0x458e0f,99.8233%,3,1695,1698,1695,3,0,0
0x40369c,97.1014%,2,67,69,67,1,1,0
0x413511,99.9762%,2,8404,8406,8404,2,0,0
0x40f2f5,60%,2,3,5,0,2,0,3
0x401b2c,88.8889%,2,16,18,16,0,2,0
0x414202,50%,2,2,4,2,0,2,0
0x414025,88.8889%,2,16,18,16,0,2,0
0x40a8ad,88.8889%,2,16,18,16,0,2,0
0x40eaeb,88.8889%,2,16,18,16,0,2,0
0x45c9e3,99.8822%,2,1696,1698,0,0,2,1696
0x45a255,99.8822%,2,1696,1698,0,0,2,1696
0x41136b,99.7344%,2,751,753,0,0,2,751
0x41292e,99.9977%,2,88331,88333,58569,2,0,29762
0x41a512,50%,2,2,4,0,0,2,2
0x406932,88.8889%,2,16,18,16,0,2,0
0x45a275,99.8822%,2,1696,1698,0,0,2,1696
0x4058b5,88.8889%,2,16,18,16,0,2,0
0x4179f0,66.6667%,2,4,6,4,0,2,0
0x4110f6,99.7365%,2,757,759,0,0,2,757
0x40c9a2,98.3871%,2,122,124,122,1,1,0
0x415107,88.8889%,2,16,18,16,0,2,0
0x402ae5,88.8889%,2,16,18,16,0,2,0
0x46fe4f,75%,2,6,8,6,0,2,0
0x40775d,99.7685%,2,862,864,768,0,2,94
0x40e8c0,88.8889%,2,16,18,16,0,2,0
0x414ffe,88.8889%,2,16,18,16,0,2,0
0x4141b4,66.6667%,2,4,6,4,0,2,0
0x40334d,88.8889%,2,16,18,16,0,2,0
0x4124f6,99.988%,2,16681,16683,2116,0,2,14565
0x417904,90.9091%,2,20,22,20,0,2,0
0x40bae1,88.8889%,2,16,18,16,0,2,0
0x41b59e,0%,2,0,2,0,0,2,0
0x41235d,99.9978%,2,91372,91374,45687,0,2,45685
0x4084e1,88.8889%,2,16,18,16,0,2,0
0x414135,66.6667%,2,4,6,4,0,2,0
0x40c2cf,99.3355%,2,299,301,0,0,2,299
0x40cbff,88.8889%,2,16,18,16,0,2,0
0x40450c,0%,2,0,2,0,2,0,0
0x40da23,50%,2,2,4,0,0,2,2
0x412466,99.7914%,2,957,959,0,0,2,957
0x413619,50%,2,2,4,0,2,0,2
0x402c9d,99.8208%,2,1114,1116,992,0,2,122
0x414e6e,88.8889%,2,16,18,16,0,2,0
0x41344e,99.9844%,2,12787,12789,8524,2,0,4263
0x417792,94.4444%,2,34,36,0,0,2,34
0x458d6d,99.8822%,2,1696,1698,0,0,2,1696
0x40a983,88.8889%,2,16,18,16,0,2,0
0x40e7ee,66.6667%,2,4,6,3,1,1,1
0x40e936,88.8889%,2,16,18,16,0,2,0
0x4126d1,88.8889%,2,16,18,16,0,2,0
0x415166,88.8889%,2,16,18,16,0,2,0
0x4117ab,99.7843%,2,925,927,0,0,2,925
0x402595,88.8889%,2,16,18,16,0,2,0
0x40340f,88.8889%,2,16,18,16,0,2,0
0x4019c5,88.8889%,2,16,18,16,0,2,0
0x4015d6,88.8889%,2,16,18,16,0,2,0
0x458e3e,99.8822%,2,1696,1698,1696,2,0,0
0x40ea3f,66.6667%,2,4,6,0,2,0,4
0x40cc13,0%,2,0,2,0,0,2,0
0x40d414,87.5%,2,14,16,14,0,2,0
0x403e6c,88.8889%,2,16,18,16,0,2,0
0x4026a5,98.7654%,2,160,162,144,0,2,16
0x40ce88,98.6111%,2,142,144,0,0,2,142
0x413caa,50%,2,2,4,0,2,0,2
0x414d9b,50%,2,2,4,2,0,2,0
0x4057c6,66.6667%,2,4,6,4,0,2,0
0x407455,88.8889%,2,16,18,16,0,2,0
0x40db5c,87.5%,2,14,16,14,0,2,0
0x41b3c3,88.8889%,2,16,18,16,0,2,0
0x45c367,99.8822%,2,1696,1698,0,0,2,1696
0x41795b,0%,2,0,2,0,0,2,0
0x40ba93,77.7778%,2,7,9,6,0,2,1
0x409582,88.8889%,2,16,18,16,0,2,0
0x40cb1f,66.6667%,2,4,6,4,0,2,0
0x4133c1,99.9844%,2,12787,12789,12787,2,0,0
0x4048c9,88.8889%,2,16,18,16,0,2,0
0x413ff5,88.8889%,2,16,18,16,0,2,0
0x41b4df,66.6667%,2,4,6,1,1,1,3
0x40f124,88.8889%,2,16,18,16,0,2,0
0x401f94,66.6667%,2,4,6,4,0,2,0
0x40bab6,77.7778%,2,7,9,6,0,2,1
0x40f1da,88.8889%,2,16,18,16,0,2,0
0x414055,88.8889%,2,16,18,16,0,2,0
0x41ab81,99.9408%,1,1689,1690,0,0,1,1689
0x406b57,99.1935%,1,123,124,0,0,1,123
0x40e898,99.3827%,1,161,162,0,0,1,161
0x405360,0%,1,0,1,0,0,1,0
0x46fe6e,87.5%,1,7,8,0,0,1,7
0x40c9ff,83.3333%,1,5,6,3,0,1,2
0x41768b,75%,1,3,4,3,1,0,0
0x4086b8,94.4444%,1,17,18,0,0,1,17
0x40c22e,99.6678%,1,300,301,0,0,1,300
0x401d08,97.3684%,1,37,38,0,0,1,37
0x41b1d8,50%,1,1,2,0,0,1,1
0x40b15b,66.6667%,1,2,3,2,0,1,0
0x409912,99.7312%,1,371,372,0,0,1,371
0x40b0eb,0%,1,0,1,0,0,1,0
0x40e17e,99.7942%,1,485,486,0,0,1,485
0x41a530,75%,1,3,4,0,0,1,3
0x40af91,99.1935%,1,123,124,0,0,1,123
0x41a4c0,75%,1,3,4,3,1,0,0
0x458d63,99.9411%,1,1697,1698,0,0,1,1697
0x41aafc,99.9408%,1,1689,1690,0,0,1,1689
0x4027b2,99.0909%,1,109,110,109,1,0,0
0x40541f,0%,1,0,1,0,1,0,0
0x4052c1,0%,1,0,1,0,0,1,0
0x413151,99.9982%,1,55049,55050,55049,1,0,0
0x40b034,0%,1,0,1,0,0,1,0
0x40b045,0%,1,0,1,0,0,1,0
0x40b0a6,66.6667%,1,2,3,2,0,1,0
0x40b0d9,66.6667%,1,2,3,2,0,1,0
0x40b186,66.6667%,1,2,3,2,0,1,0
0x40b198,0%,1,0,1,0,1,0,0
0x412561,99.9977%,1,43700,43701,43700,1,0,0
0x41b5a8,50%,1,1,2,0,0,1,1
0x40b8ec,66.6667%,1,2,3,0,0,1,2
0x40afde,0%,1,0,1,0,0,1,0
0x405b1e,98.9583%,1,95,96,0,0,1,95
0x40b81e,99.1935%,1,123,124,0,0,1,123
0x40b975,88.8889%,1,8,9,8,1,0,0
0x40f432,87.5%,1,7,8,7,1,0,0
0x40bd0d,99.7312%,1,371,372,0,0,1,371
0x40ca1a,88.8889%,1,8,9,8,0,1,0
0x412ca6,99.9978%,1,45671,45672,0,0,1,45671
0x4026aa,94.4444%,1,17,18,0,0,1,17
0x45c9d3,99.9411%,1,1697,1698,0,0,1,1697
0x458d75,99.9411%,1,1697,1698,0,0,1,1697
0x404d3c,98.6111%,1,71,72,71,0,1,0
0x45c353,99.9411%,1,1697,1698,0,0,1,1697
0x46fdd3,99.3333%,1,149,150,0,0,1,149
0x412176,99.9142%,1,1165,1166,0,0,1,1165
0x41b26f,50%,1,1,2,1,1,0,0
0x4111e1,99.9982%,1,55067,55068,55067,1,0,0
0x41b3d7,50%,1,1,2,1,1,0,0
0x458d85,99.9411%,1,1697,1698,0,0,1,1697
0x45a267,99.9411%,1,1697,1698,1697,1,0,0
0x40f309,66.6667%,1,2,3,0,1,0,2
0x40f315,50%,1,1,2,1,1,0,0
0x41b22e,50%,1,1,2,1,1,0,0
0x41adab,99.9926%,1,13519,13520,13519,1,0,0
0x40c889,99.6622%,1,295,296,0,0,1,295
0x40d001,92.3077%,1,12,13,0,0,1,12
0x40afcd,99.1935%,1,123,124,123,0,1,0
0x401b16,94.4444%,1,17,18,0,0,1,17
0x4105c3,99.9971%,1,34004,34005,34004,1,0,0
0x40dfee,99.7942%,1,485,486,0,0,1,485
0x408410,98.9583%,1,95,96,0,0,1,95
0x4157d5,99.3827%,1,161,162,0,0,1,161
0x41b25d,75%,1,3,4,1,1,0,2
0x40eacf,100%,0,162,162,0,0,0,162
0x45a30d,100%,0,1698,1698,0,0,0,1698
0x40aade,100%,0,124,124,0,0,0,124
0x41b4b7,100%,0,2,2,2,0,0,0
0x45a86d,100%,0,1698,1698,1698,0,0,0
0x40b0c8,100%,0,3,3,3,0,0,0
0x45c3c7,100%,0,1698,1698,0,0,0,1698
0x45c38c,100%,0,1698,1698,0,0,0,1698
0x45c37b,100%,0,1698,1698,1698,0,0,0
0x4149e1,100%,0,4,4,0,0,0,4
0x417872,100%,0,12,12,0,0,0,12
0x41b46f,100%,0,6,6,0,0,0,6
0x40ac6a,100%,0,124,124,0,0,0,124
0x40534a,100%,0,1,1,0,0,0,1
0x40e81e,100%,0,2,2,0,0,0,2
0x405429,100%,0,1,1,1,0,0,0
0x40dde9,100%,0,54,54,0,0,0,54
0x458dba,100%,0,1698,1698,0,0,0,1698
0x40588e,100%,0,162,162,0,0,0,162
0x413f9b,100%,0,2,2,2,0,0,0
0x417634,100%,0,4,4,0,0,0,4
0x4058c6,100%,0,2,2,0,0,0,2
0x41abd9,100%,0,1690,1690,0,0,0,1690
0x40aa14,100%,0,162,162,0,0,0,162
0x41ac79,100%,0,4312,4312,4312,0,0,0
0x40a8f6,100%,0,2,2,0,0,0,2
0x409bf9,100%,0,3,3,3,0,0,0
0x405c52,100%,0,20,20,20,0,0,0
0x41ab0a,100%,0,1690,1690,0,0,0,1690
0x410cb6,100%,0,364,364,0,0,0,364
0x415813,100%,0,132,132,0,0,0,132
0x40af66,100%,0,124,124,0,0,0,124
0x40f3b3,100%,0,3,3,3,0,0,0
0x404f46,100%,0,1,1,0,0,0,1
0x414a06,100%,0,4,4,0,0,0,4
0x40496a,100%,0,18,18,0,0,0,18
0x413640,100%,0,4,4,0,0,0,4
0x404aa0,100%,0,18,18,0,0,0,18
0x405879,100%,0,18,18,0,0,0,18
0x46fdfa,100%,0,150,150,150,0,0,0
0x45c3bb,100%,0,1698,1698,0,0,0,1698
0x41ab24,100%,0,1690,1690,1690,0,0,0
0x41af9a,100%,0,2,2,0,0,0,2
0x41afa6,100%,0,2,2,0,0,0,2
0x40c927,100%,0,296,296,0,0,0,296
0x41b015,100%,0,2,2,0,0,0,2
0x413795,100%,0,4,4,0,0,0,4
0x401d72,100%,0,38,38,0,0,0,38
0x40ea8d,100%,0,4,4,0,0,0,4
0x41b0d7,100%,0,2,2,0,0,0,2
0x41b0e0,100%,0,2,2,0,0,0,2
0x41b124,100%,0,2,2,2,0,0,0
0x41b16f,100%,0,2,2,0,0,0,2
0x41b181,100%,0,2,2,2,0,0,0
0x41b116,100%,0,2,2,2,0,0,0
0x40eaa1,100%,0,4,4,4,0,0,0
0x41b2b6,100%,0,2,2,2,0,0,0
0x412821,100%,0,2,2,0,0,0,2
0x40f39f,100%,0,3,3,3,0,0,0
0x417a0c,100%,0,2,2,0,0,0,2
0x40ca20,100%,0,123,123,0,0,0,123
0x40ba30,100%,0,3,3,0,0,0,3
0x40e8d2,100%,0,2,2,0,0,0,2
0x40742e,100%,0,162,162,0,0,0,162
0x40ba41,100%,0,3,3,0,0,0,3
0x407460,100%,0,2,2,0,0,0,2
0x40d866,100%,0,60,60,0,0,0,60
0x407606,100%,0,18,18,0,0,0,18
0x40baa5,100%,0,9,9,9,0,0,0
0x40bc57,100%,0,162,162,0,0,0,162
0x40d761,100%,0,14,14,0,0,0,14
0x408452,100%,0,96,96,96,0,0,0
0x40bf2a,100%,0,301,301,0,0,0,301
0x40c33a,100%,0,124,124,0,0,0,124
0x40c57a,100%,0,296,296,0,0,0,296
0x4079b2,100%,0,20,20,0,0,0,20
0x408a04,100%,0,23,23,23,0,0,0
0x40c9a6,100%,0,1,1,0,0,0,1
0x407973,100%,0,40,40,40,0,0,0
0x41afda,100%,0,2,2,2,0,0,0
0x40d566,100%,0,16,16,0,0,0,16
0x40cbc8,100%,0,18,18,0,0,0,18
0x41b15e,100%,0,2,2,0,0,0,2
0x40cbd8,100%,0,162,162,0,0,0,162
0x40cdff,100%,0,16,16,0,0,0,16
0x415435,100%,0,162,162,0,0,0,162
0x4087f8,100%,0,96,96,0,0,0,96
0x40d2da,100%,0,4,4,0,0,0,4
0x40ce17,100%,0,16,16,0,0,0,16
0x40883c,100%,0,96,96,0,0,0,96
0x41a558,100%,0,4,4,0,0,0,4
0x40d127,100%,0,52,52,0,0,0,52
0x4063f0,100%,0,96,96,0,0,0,96
0x41578e,100%,0,486,486,0,0,0,486
0x40ae85,100%,0,124,124,0,0,0,124
0x415707,100%,0,486,486,0,0,0,486
0x40631e,100%,0,18,18,0,0,0,18
0x40633a,100%,0,18,18,0,0,0,18
0x409ba4,100%,0,83,83,0,0,0,83
0x40c623,100%,0,296,296,0,0,0,296
0x40b24f,100%,0,18,18,16,0,0,2
0x40a95c,100%,0,162,162,0,0,0,162
0x4155bf,100%,0,486,486,0,0,0,486
0x415548,100%,0,486,486,0,0,0,486
0x4154b6,100%,0,162,162,0,0,0,162
0x411966,100%,0,557,557,0,0,0,557
0x4152f8,100%,0,162,162,0,0,0,162
0x40b0fc,100%,0,1,1,0,0,0,1
0x40eab8,100%,0,2,2,0,0,0,2
0x415016,100%,0,2,2,2,0,0,0
0x40eb72,100%,0,2,2,2,0,0,0
0x40eb20,100%,0,2,2,0,0,0,2
0x4097f3,100%,0,124,124,0,0,0,124
0x406abd,100%,0,124,124,0,0,0,124
0x40eb0d,100%,0,18,18,0,0,0,18
0x408a57,100%,0,23,23,23,0,0,0
0x406b4e,100%,0,124,124,0,0,0,124
0x40b398,100%,0,124,124,0,0,0,124
0x40eb00,100%,0,2,2,0,0,0,2
0x40b522,100%,0,124,124,0,0,0,124
0x40b5a7,100%,0,124,124,0,0,0,124
0x40eac7,100%,0,18,18,0,0,0,18
0x40ca04,100%,0,6,6,6,0,0,0
0x40b896,100%,0,3,3,0,0,0,3
0x405823,100%,0,2,2,0,0,0,2
0x412ccd,100%,0,91344,91344,45672,0,0,45672
0x401cbf,100%,0,38,38,0,0,0,38
0x41a667,100%,0,4,4,4,0,0,0
0x4098af,100%,0,124,124,0,0,0,124
0x46fe67,100%,0,8,8,0,0,0,8
0x40404a,100%,0,18,18,0,0,0,18
0x40bcc9,100%,0,446,446,0,0,0,446
0x406b23,100%,0,372,372,0,0,0,372
0x404385,100%,0,2,2,2,0,0,0
0x41aaec,100%,0,1690,1690,0,0,0,1690
0x458d59,100%,0,1698,1698,0,0,0,1698
0x416240,100%,0,2,2,0,0,0,2
0x4179c4,100%,0,6,6,0,0,0,6
0x4156eb,100%,0,486,486,0,0,0,486
0x4021d2,100%,0,110,110,110,0,0,0
0x409845,100%,0,124,124,0,0,0,124
0x412712,100%,0,2,2,0,0,0,2
0x401dbd,100%,0,114,114,0,0,0,114
0x401f1b,100%,0,54,54,0,0,0,54
0x40cb72,100%,0,2,2,0,0,0,2
0x41afe7,100%,0,2,2,2,0,0,0
0x4158e4,100%,0,162,162,162,0,0,0
0x40354a,100%,0,18,18,0,0,0,18
0x40e9e3,100%,0,486,486,0,0,0,486
0x40a992,100%,0,2,2,0,0,0,2
0x407922,100%,0,20,20,0,0,0,20
0x40193f,100%,0,2,2,0,0,0,2
0x41b506,100%,0,2,2,2,0,0,0
0x414c85,100%,0,4,4,0,0,0,4
0x410689,100%,0,311,311,0,0,0,311
0x458d97,100%,0,1698,1698,0,0,0,1698
0x410961,100%,0,12807,12807,12807,0,0,0
0x41a53e,100%,0,4,4,0,0,0,4
0x40b73d,100%,0,124,124,0,0,0,124
0x40b175,100%,0,3,3,3,0,0,0
0x4141ca,100%,0,2,2,2,0,0,0
0x405a46,100%,0,18,18,0,0,0,18
0x40e44b,100%,0,486,486,0,0,0,486
0x41a4bb,100%,0,4,4,0,0,0,4
0x41a475,100%,0,4,4,0,0,0,4
0x41b178,100%,0,2,2,0,0,0,2
0x41b01e,100%,0,2,2,2,0,0,0
0x407641,100%,0,18,18,0,0,0,18
0x4064c2,100%,0,23,23,23,0,0,0
0x40b2cf,100%,0,162,162,0,0,0,162
0x40b995,100%,0,3,3,3,0,0,0
0x40b849,100%,0,124,124,0,0,0,124
0x4179d3,100%,0,18,18,0,0,0,18
0x41470a,100%,0,12,12,0,0,0,12
0x40b8fd,100%,0,3,3,0,0,0,3
0x402754,100%,0,110,110,0,0,0,110
0x406d2d,100%,0,27,27,27,0,0,0
0x413fa9,100%,0,2,2,0,0,0,2
0x41a5a2,100%,0,4,4,4,0,0,0
0x40497f,100%,0,18,18,0,0,0,18
0x4033d1,100%,0,162,162,0,0,0,162
0x4148bc,100%,0,4,4,0,0,0,4
0x412c51,100%,0,45672,45672,45672,0,0,0
0x41a615,100%,0,36,36,0,0,0,36
0x401f30,100%,0,486,486,0,0,0,486
0x40a94c,100%,0,18,18,0,0,0,18
0x41a5b1,100%,0,4,4,0,0,0,4
0x40d546,100%,0,16,16,0,0,0,16
0x45c3ac,100%,0,1698,1698,1698,0,0,0
0x4086f3,100%,0,18,18,0,0,0,18
0x41a594,100%,0,4,4,0,0,0,4
0x413566,100%,0,8406,8406,0,0,0,8406
0x403a3a,100%,0,1,1,1,0,0,0
0x40aa69,100%,0,124,124,0,0,0,124
0x41a522,100%,0,4,4,0,0,0,4
0x41b00c,100%,0,2,2,0,0,0,2
0x45c3d0,100%,0,1698,1698,0,0,0,1698
0x41b4e4,100%,0,16,16,16,0,0,0
0x411fc9,100%,0,944,944,0,0,0,944
0x4033bb,100%,0,18,18,0,0,0,18
0x403376,100%,0,2,2,0,0,0,2
0x407413,100%,0,18,18,0,0,0,18
0x402ca5,100%,0,124,124,124,0,0,0
0x412b69,100%,0,1160,1160,0,0,0,1160
0x413629,100%,0,2,2,0,0,0,2
0x411bdb,100%,0,551,551,0,0,0,551
0x413770,100%,0,4,4,0,0,0,4
0x40e1e5,100%,0,486,486,486,0,0,0
0x402688,100%,0,18,18,0,0,0,18
0x40c35d,100%,0,372,372,0,0,0,372
0x410406,100%,0,317,317,0,0,0,317
0x41b250,100%,0,4,4,0,0,0,4
0x4020bb,100%,0,18,18,0,0,0,18
0x40e705,100%,0,54,54,0,0,0,54
0x413cc5,100%,0,2,2,0,0,0,2
0x4040ae,100%,0,144,144,0,0,0,144
0x40401c,100%,0,18,18,0,0,0,18
0x410856,100%,0,362,362,0,0,0,362
0x4038a6,100%,0,1,1,0,0,0,1
0x458e2f,100%,0,1698,1698,1698,0,0,0
0x411526,100%,0,933,933,0,0,0,933
0x40f258,100%,0,10,10,0,0,0,10
0x40eb54,100%,0,18,18,0,0,0,18
0x413b86,100%,0,12,12,0,0,0,12
0x40198b,100%,0,18,18,0,0,0,18
0x40de9b,100%,0,372,372,0,0,0,372
0x41774a,100%,0,4,4,4,0,0,0
0x410f4b,100%,0,358,358,0,0,0,358
0x4035c3,100%,0,144,144,0,0,0,144
0x40d5df,100%,0,144,144,0,0,0,144
0x40351d,100%,0,18,18,0,0,0,18
0x403423,100%,0,2,2,0,0,0,2
0x46fe98,100%,0,40,40,0,0,0,40
0x41b281,100%,0,2,2,2,0,0,0
0x40e568,100%,0,486,486,486,0,0,0
0x40e460,100%,0,486,486,0,0,0,486
0x40f2ff,100%,0,3,3,0,0,0,3
0x401b08,100%,0,2,2,0,0,0,2
0x41b596,100%,0,2,2,0,0,0,2
0x417924,100%,0,18,18,0,0,0,18
0x4177d3,100%,0,36,36,0,0,0,36
0x4073bd,100%,0,2,2,0,0,0,2
0x402c5c,100%,0,124,124,0,0,0,124
0x4129d1,100%,0,43686,43686,43686,0,0,0
0x417a22,100%,0,2,2,0,0,0,2
0x40994d,100%,0,124,124,0,0,0,124
0x40df02,100%,0,372,372,372,0,0,0
0x40e88d,100%,0,18,18,0,0,0,18
0x4128ef,100%,0,953,953,0,0,0,953
0x40dd9d,100%,0,6,6,0,0,0,6
0x40ea44,100%,0,4,4,0,0,0,4
0x41058d,100%,0,16848,16848,8424,0,0,8424
0x414726,100%,0,12,12,0,0,0,12
0x40e9d8,100%,0,54,54,0,0,0,54
0x40e984,100%,0,6,6,0,0,0,6
0x41b348,100%,0,2,2,0,0,0,2
0x415670,100%,0,162,162,0,0,0,162
0x40e91b,100%,0,18,18,0,0,0,18
0x40b324,100%,0,124,124,0,0,0,124
0x40e066,100%,0,486,486,486,0,0,0
0x41ac15,100%,0,1690,1690,0,0,0,1690
0x40e73a,100%,0,6,6,0,0,0,6
0x417882,100%,0,36,36,0,0,0,36
0x41b2ab,100%,0,2,2,0,0,0,2
0x40e6b0,100%,0,6,6,6,0,0,0
0x417806,100%,0,4,4,0,0,0,4
0x45c9ca,100%,0,1698,1698,0,0,0,1698
