Branch PC,Accuracy,Mispredictions,Correct Predictions,Total,dir_t_pred_t,dir_t_pred_nt,dir_nt_pred_t,dir_nt_pred_nt
aggregate,98.8043%,311999,25780412,26092411,16057933,118640,193359,9722479
0x411cdb,96.5272%,30697,853237,883934,782221,11887,18810,71016
0x411480,95.5055%,27615,586796,614411,504342,9412,18203,82454
0x41104e,95.6221%,23014,502671,525685,447242,7602,15412,55429
0x4120ef,97.5199%,19802,778649,798451,747610,5982,13820,31039
0x41ac73,95.8799%,15567,362264,377831,340315,6264,9303,21949
0x41321e,97.2308%,14555,511039,525594,461033,6146,8409,50006
0x41ae23,94.1708%,12779,206446,219225,204801,946,11833,1645
0x4118ce,97.2053%,10436,362989,373425,269444,3708,6728,93545
0x412fb0,97.4864%,9384,363950,373334,269350,3418,5966,94600
0x412633,96.5706%,9215,259493,268708,33211,4985,4230,226282
0x412d38,98.8484%,9194,789165,798359,704140,4485,4709,85025
0x4130f0,98.518%,9104,605216,614320,539974,3596,5508,65242
0x410341,94.0424%,8083,127592,135675,29649,4361,3722,97943
0x4134a1,97.5157%,7440,292042,299482,260727,4836,2604,31315
0x410794,97.7144%,6847,292726,299573,246798,2493,4354,45928
0x412e6e,99.3211%,6000,877843,883843,780967,2694,3306,96876
0x4123df,88.2409%,5275,39584,44859,25504,2807,2468,14080
0x410c08,95.2932%,4828,97748,102576,42446,1624,3204,55302
0x41acba,99.0956%,3417,374414,377831,295022,891,2526,79392
0x413360,98.1022%,1945,100540,102485,51590,704,1241,48950
0x409b7f,69.5603%,1087,2484,3571,805,628,459,1679
0x40de8a,81.9987%,1079,4915,5994,1251,723,356,3664
0x406cc6,61.8212%,935,1514,2449,383,551,384,1131
0x409d02,70.5206%,923,2208,3131,523,496,427,1685
0x409b47,88.8628%,854,6814,7668,3937,160,694,2877
0x40c953,72.3697%,843,2208,3051,1853,181,662,355
0x40bdac,74.3363%,783,2268,3051,117,620,163,2151
0x41ad1f,99.3677%,767,120535,121302,107647,177,590,12888
0x40bcce,93.9507%,727,11291,12018,21,582,145,11270
0x401dc4,67.6563%,719,1504,2223,1461,104,615,43
0x40aa4d,94.0753%,716,11369,12085,19,584,132,11350
0x40f2d5,80.9177%,707,2998,3705,2974,107,600,24
0x402c4d,65.1852%,705,1320,2025,271,434,271,1049
0x4135e8,99.4874%,695,134888,135583,119466,306,389,15422
0x401ce3,68.8709%,692,1531,2223,334,388,304,1197
0x40b308,94.2871%,690,11388,12078,2,601,89,11386
0x40c0b8,77.6467%,682,2369,3051,2260,54,628,109
0x40ee5c,83.3538%,679,3400,4079,3332,67,612,68
0x40c3fc,77.8761%,675,2376,3051,161,499,176,2215
0x406a70,58.7037%,669,951,1620,235,368,301,716
0x409d27,76.2129%,657,2105,2762,672,332,325,1433
0x4097ea,59.5062%,656,964,1620,186,417,239,778
0x40c713,78.5316%,655,2396,3051,2254,137,518,142
0x401d33,70.5803%,654,1569,2223,279,424,230,1290
0x406c9b,87.963%,637,4655,5292,2674,169,468,1981
0x409cc8,64.5485%,636,1158,1794,438,326,310,720
0x40bfff,79.1872%,635,2416,3051,1868,166,469,548
0x40f66f,89.8638%,625,5541,6166,5034,107,518,507
0x402745,65.3587%,618,1166,1784,237,374,244,929
0x40218b,66.9843%,589,1195,1784,247,368,221,948
0x407968,71.9701%,562,1443,2005,275,360,202,1168
0x40a83e,92.8404%,549,7119,7668,6683,133,416,436
0x409bbc,74.3686%,548,1590,2138,1237,179,369,353
0x4063e7,57.8073%,508,696,1204,144,291,217,552
0x40840b,58.7662%,508,724,1232,163,278,230,561
0x4087ef,58.3056%,502,702,1204,117,318,184,585
0x4078de,54.7834%,501,607,1108,216,248,253,391
0x40ee0e,91.9104%,495,5624,6119,1769,205,290,3855
0x412629,99.1306%,495,56440,56935,6077,257,238,50363
0x407353,90.7974%,487,4805,5292,4623,81,406,182
0x405b15,60.6331%,485,747,1232,154,287,198,593
0x402e51,55.7904%,481,607,1088,196,269,212,411
0x409c9f,90.1014%,449,4087,4536,2602,140,309,1485
0x40df85,92.5759%,445,5549,5994,5213,115,330,336
0x415138,59.6391%,425,628,1053,529,145,280,99
0x41115f,99.4128%,416,70425,70841,21860,208,208,48565
0x40c2fb,86.3651%,416,2635,3051,1962,72,344,673
0x4114c1,99.5937%,409,100248,100657,2872,240,169,97376
0x4157fb,62.868%,391,662,1053,151,228,163,511
0x41108f,99.5059%,350,70491,70841,2554,163,187,67937
0x40f685,66.1463%,347,678,1025,590,107,240,88
0x409dc4,93.0335%,316,4220,4536,4002,30,286,218
0x4114dd,99.676%,316,97229,97545,96532,83,233,697
0x4089f0,60%,314,471,785,165,161,153,306
0x411d18,99.6485%,311,88178,88489,87532,93,218,646
0x401a84,70.6553%,309,744,1053,73,174,135,671
0x40f41e,74.878%,309,921,1230,910,55,254,11
0x411b94,99.6858%,305,96755,97060,96336,55,250,419
0x409965,70.6231%,297,714,1011,605,122,175,109
0x40c657,90.2983%,296,2755,3051,1961,73,223,794
0x4110ab,99.5655%,296,67828,68124,67307,84,212,521
0x410fb4,99.4967%,294,58121,58415,13740,152,142,44381
0x405c10,57.4964%,292,395,687,147,130,162,248
0x40d145,52.623%,289,321,610,63,175,114,258
0x402e2f,87.0445%,288,1935,2223,1055,80,208,880
0x411309,99.5958%,286,70464,70750,2562,142,144,67902
0x406ced,81.2541%,284,1231,1515,910,60,224,321
0x407765,64.7282%,279,512,791,78,152,127,434
0x406c35,84.2971%,277,1487,1764,1057,119,158,430
0x401cf1,87.6293%,275,1948,2223,1925,51,224,23
0x410edd,99.5327%,273,58142,58415,3593,135,138,54549
0x401cae,74.264%,271,782,1053,717,89,182,65
0x410c59,99.5385%,270,58236,58506,3594,147,123,54642
0x4083d5,75.8123%,268,840,1108,796,82,186,44
0x40f567,91.9988%,265,3047,3312,3041,43,222,6
0x409acd,89.6322%,265,2291,2556,1567,137,128,724
0x411dc7,99.7094%,261,89565,89826,38461,82,179,51104
0x41175c,99.7353%,258,97209,97467,96450,126,132,759
0x40332e,87.7037%,249,1776,2025,1775,25,224,1
0x410473,99.2679%,249,33761,34010,4944,122,127,28817
0x403608,86.0426%,249,1535,1784,1525,48,201,10
0x412660,99.4521%,244,44286,44530,42664,85,159,1622
0x40224b,52.2593%,243,266,509,137,97,146,129
0x40edbd,76.1765%,243,777,1020,194,146,97,583
0x40d884,55.5963%,242,303,545,110,119,123,193
0x401d41,89.4737%,234,1989,2223,1949,27,207,40
0x406b90,76.8546%,234,777,1011,769,46,188,8
0x41212f,99.4673%,233,43507,43740,42525,65,168,982
0x402a91,87.1637%,229,1555,1784,1553,8,221,2
0x404bfc,87.0328%,229,1537,1766,1508,42,187,29
0x402577,87.3318%,226,1558,1784,1553,8,218,5
0x41ae1d,99.8916%,223,205524,205747,39280,104,119,166244
0x406482,61.2281%,221,349,570,85,132,89,264
0x411196,99.0031%,220,21848,22068,2196,123,97,19652
0x411923,99.7766%,217,96921,97138,96375,55,162,546
0x4108ba,99.5724%,215,50067,50282,6024,134,81,44043
0x411a06,99.3994%,214,35416,35630,1205,132,82,34211
0x402ef2,90.3968%,213,2005,2218,1936,40,173,69
0x408879,72.3017%,213,556,769,510,65,148,46
0x409d5f,79.0837%,210,794,1004,709,59,151,85
0x411f7a,99.7636%,209,88201,88410,87526,59,150,675
0x40a88e,87.0988%,209,1411,1620,1410,30,179,1
0x4040f5,88.232%,209,1567,1776,1556,32,177,11
0x40564b,69.9281%,209,486,695,426,58,151,60
0x41158a,99.7963%,205,100452,100657,35890,99,106,64562
0x411814,99.7981%,203,100363,100566,35823,101,102,64540
0x4068d3,83.1395%,203,1001,1204,1000,32,171,1
0x41223d,99.5497%,202,44657,44859,14373,81,121,30284
0x409c15,70.1183%,202,474,676,25,143,59,449
0x411cfc,99.7785%,199,89627,89826,1247,90,109,88380
0x403c3c,71.4697%,198,496,694,453,30,168,43
0x407a87,71.3459%,198,493,691,100,111,87,393
0x40ca9e,87.8395%,197,1423,1620,1419,21,176,4
0x4113c4,99.7216%,197,70553,70750,21920,83,114,48633
0x408a57,57.2985%,196,263,459,228,70,126,35
0x408a76,59.2902%,195,284,479,71,82,113,213
0x406209,84.2532%,194,1038,1232,1030,26,168,8
0x407a57,56.7265%,193,253,446,165,66,127,88
0x40738b,88.0864%,193,1427,1620,1425,15,178,2
0x409c5b,87.4339%,190,1322,1512,916,92,98,406
0x411b78,99.8113%,189,99993,100182,3032,90,99,96961
0x40f714,82.8494%,189,913,1102,702,34,155,211
0x409574,84.3854%,188,1016,1204,1015,17,171,1
0x407aa0,72.3626%,186,487,673,101,107,79,386
0x4084d5,84.9838%,185,1047,1232,1037,19,166,10
0x40f702,94.4696%,183,3126,3309,2126,81,102,1000
0x408b40,69.6095%,179,410,589,77,114,65,333
0x40b22f,89.0123%,178,1442,1620,1415,25,153,27
0x40950d,77.4522%,177,608,785,543,48,129,65
0x40babf,89.0741%,177,1443,1620,1427,13,164,16
0x4046f4,70.5882%,175,420,595,388,19,156,32
0x405b65,78.7611%,168,623,791,606,33,135,17
0x401df5,84.1406%,167,886,1053,886,50,117,0
0x408b5a,71.7014%,163,413,576,100,88,75,313
0x411c44,99.8393%,161,100021,100182,35471,94,67,64550
0x40689c,71.9298%,160,410,570,381,52,108,29
0x40ef3e,97.4007%,159,5958,6117,5422,17,142,536
0x412645,99.931%,159,230353,230512,12317,88,71,218036
0x40d632,82.9558%,158,769,927,758,51,107,11
0x412024,99.825%,157,89577,89734,38420,57,100,51157
0x40645c,79.7139%,156,613,769,594,38,118,19
0x4079b2,75.4331%,156,479,635,62,78,78,417
0x410d1a,99.7351%,155,58351,58506,13906,51,104,44445
0x40d37d,74.5902%,155,455,610,438,40,115,17
0x40ced6,83.6538%,153,783,936,782,22,131,1
0x40736f,91.3832%,152,1612,1764,1545,23,129,67
0x409bf9,78.9474%,152,570,722,500,38,114,70
0x415803,82.2695%,150,696,846,607,67,83,89
0x4061a4,78.1659%,150,537,687,511,24,126,26
0x40ee7c,77.9412%,150,530,680,521,43,107,9
0x416203,85.755%,150,903,1053,901,35,115,2
0x40d15f,59.9462%,149,223,372,63,70,79,160
0x40d89e,53.1646%,148,168,316,34,82,66,134
0x4103a8,99.5648%,148,33862,34010,1462,81,67,32400
0x412276,98.983%,147,14307,14454,1945,60,87,12362
0x408b14,66.0508%,147,286,433,190,51,96,96
0x412d46,99.618%,147,38330,38477,1517,80,67,36813
0x411325,99.784%,147,67899,68046,67300,52,95,599
0x4013c2,87.7104%,146,1042,1188,1041,31,115,1
0x41295a,99.4862%,145,28074,28219,13762,39,106,14312
0x40a862,94.3662%,144,2412,2556,2242,30,114,170
0x4119ca,99.8574%,143,100130,100273,35550,80,63,64580
0x401de2,80.7018%,143,598,741,440,54,89,158
0x410ef9,99.7422%,141,54546,54687,54292,35,106,254
0x408bb9,67.4365%,141,292,433,211,69,72,81
0x401412,88.1313%,141,1047,1188,1012,38,103,35
0x410d56,99.0041%,139,13818,13957,2005,64,75,11813
0x41515a,86.8946%,138,915,1053,914,22,116,1
0x407aff,69.2825%,137,309,446,255,51,86,54
0x40f2eb,78.0449%,137,487,624,483,36,101,4
0x4103c4,99.5842%,135,32332,32467,32031,69,66,301
0x40c9fb,79.8799%,134,532,666,315,50,84,217
0x4027e0,59.2705%,134,195,329,140,50,84,55
0x401ad6,87.4644%,132,921,1053,921,15,117,0
0x4022cc,74.2633%,131,378,509,377,47,84,1
0x411f5e,99.854%,131,89603,89734,1248,76,55,88355
0x40eee3,81.3411%,128,558,686,553,17,111,5
0x40ca76,82.9987%,127,620,747,285,35,92,335
0x40daca,76.9653%,126,421,547,403,26,100,18
0x40db1a,86.5156%,125,802,927,796,28,97,6
0x40ef76,87.721%,125,893,1018,661,19,106,232
0x402de7,82.8017%,124,597,721,428,46,78,169
0x40473e,93.018%,124,1652,1776,1510,44,80,142
0x411907,99.8773%,123,100150,100273,3065,70,53,97085
0x410c75,99.7791%,121,54644,54765,54319,47,74,325
0x40565c,93.1289%,121,1640,1761,118,99,22,1522
0x40d3ca,87.0726%,121,815,936,802,30,91,13
0x40f39a,90.3252%,119,1111,1230,1107,37,82,4
0x403c89,93.3857%,118,1666,1784,1549,12,106,117
0x40eec7,88.6187%,117,911,1028,226,58,59,685
0x410809,99.7626%,116,48751,48867,48387,49,67,364
0x402e78,81.5409%,115,508,623,443,21,94,65
0x40e266,98.0439%,115,5764,5879,5245,14,101,519
0x410a85,99.7769%,112,50079,50191,1342,60,52,48737
0x412b00,99.752%,111,44656,44767,1038,68,43,43618
0x40e146,83.4835%,110,556,666,556,36,74,0
0x412fbe,99.6994%,108,35816,35924,2248,45,63,33568
0x410aa1,99.7807%,107,48682,48789,48361,36,71,321
0x4107ed,99.7932%,104,50178,50282,1381,34,70,48797
0x4021d2,91.1891%,103,1066,1169,1065,19,84,1
0x402ca5,92.197%,103,1217,1320,1207,23,80,10
0x40ea00,98.2816%,103,5891,5994,5294,34,69,597
0x4106ec,99.6963%,103,33816,33919,4928,73,30,28888
0x40f72e,71.8579%,103,263,366,217,29,74,46
0x412113,99.7749%,101,44758,44859,1069,50,51,43689
0x40ee1b,97.5875%,100,4045,4145,1991,49,51,2054
0x409df7,93.4524%,99,1413,1512,1326,18,81,87
0x4027b2,91.6454%,98,1075,1173,1071,26,72,4
0x4108f6,98.4248%,97,6061,6158,2387,36,61,3674
0x41322c,99.3018%,97,13795,13892,1980,63,34,11815
0x404d3c,86.2857%,96,604,700,602,25,71,2
0x40369c,86.1671%,96,598,694,591,24,72,7
0x40aa5c,99.1726%,95,11387,11482,10455,10,85,932
0x40e2ad,85.7357%,95,571,666,571,21,74,0
0x410629,99.7229%,94,33825,33919,1479,51,43,32346
0x412403,99.6715%,93,28218,28311,392,50,43,27826
0x40e107,98.4257%,92,5752,5844,5225,5,87,527
0x411740,99.9095%,91,100475,100566,3045,54,37,97430
0x40e243,60.3604%,88,134,222,14,43,45,120
0x40e5c3,57.1429%,87,116,203,13,49,38,103
0x40b317,99.2418%,87,11388,11475,10455,3,84,933
0x40ea11,87.0871%,86,580,666,580,12,74,0
0x410e52,99.7617%,85,35579,35664,23706,70,15,11873
0x4116c2,99.9158%,85,100925,101010,67280,60,25,33645
0x40ef31,91.8129%,84,942,1026,906,6,78,36
0x40afcd,91.7404%,84,933,1017,918,26,58,15
0x401f73,87.5375%,83,583,666,583,9,74,0
0x4064d8,65.1064%,82,153,235,17,50,32,136
0x4033f9,95.9506%,82,1943,2025,1794,6,76,149
0x4057b5,64%,81,144,225,141,9,72,3
0x406d2d,85.1376%,81,464,545,459,14,67,5
0x40f6f2,98.7021%,80,6084,6164,3043,39,41,3041
0x40d1a3,66.9456%,79,160,239,158,23,56,2
0x40c9a2,92.3304%,78,939,1017,918,24,54,21
0x4064c2,77.9037%,78,275,353,271,10,68,4
0x41241f,99.7237%,77,27792,27869,26694,42,35,1098
0x40eed0,89.7849%,76,668,744,305,37,39,363
0x40e0c5,68.595%,76,166,242,6,39,37,160
0x40b885,92.5197%,76,940,1016,914,21,55,26
0x401420,93.6027%,76,1112,1188,1049,7,69,63
0x411e06,99.8054%,75,38468,38543,1609,14,61,36859
0x4128a0,99.7373%,73,27717,27790,26673,23,50,1044
0x407449,96.3951%,73,1952,2025,1792,8,65,160
0x40b57b,99.2024%,73,9080,9153,8125,11,62,955
0x41ad47,99.9458%,73,134707,134780,121255,47,26,13452
0x4014f2,93.9394%,72,1116,1188,1116,27,45,0
0x4158e4,93.2574%,71,982,1053,971,19,52,11
0x40ca1a,89.3393%,71,595,666,581,11,60,14
0x40e0d5,64.467%,70,127,197,5,47,23,122
0x40cada,61.6667%,69,111,180,111,9,60,0
0x40417c,88.4034%,69,526,595,525,15,54,1
0x4013d0,94.2761%,68,1120,1188,1052,4,64,68
0x411aed,99.967%,68,205690,205758,102869,10,58,102821
0x40ca95,90.8969%,68,679,747,644,20,48,35
0x405c52,83.4146%,68,342,410,331,19,49,11
0x406d49,73.1225%,68,185,253,18,46,22,167
0x40d8e0,66%,68,132,200,109,30,38,23
0x40ca24,92.8875%,67,875,942,848,11,56,27
0x401f62,98.8822%,67,5927,5994,5309,19,48,618
0x401503,94.3603%,67,1121,1188,760,32,35,361
0x41199e,99.9773%,66,290640,290706,193524,44,22,97116
0x40f578,71.4912%,65,163,228,156,20,45,7
0x412884,99.7732%,64,28155,28219,391,38,26,27764
0x41336e,98.9496%,64,6029,6093,2370,27,37,3659
0x40e8b4,94.0171%,63,990,1053,929,7,56,61
0x40cbf3,96.9383%,62,1963,2025,1793,7,55,170
0x412b1c,99.8603%,61,43600,43661,42516,34,27,1084
0x40285c,81.6514%,60,267,327,231,22,38,36
0x405c98,71.6346%,59,149,208,16,37,22,133
0x40bcf4,98.3629%,59,3545,3604,2583,4,55,962
0x4058a9,97.1358%,58,1967,2025,1796,4,54,171
0x40e066,99.0163%,58,5838,5896,5838,6,52,0
0x41ac53,99.953%,57,121245,121302,52827,35,22,68418
0x412cde,99.8469%,57,37170,37227,24801,17,40,12369
0x40f692,82.9268%,56,272,328,269,11,45,3
0x40f2a3,98.4885%,56,3649,3705,2459,16,40,1190
0x40f432,78.8679%,56,209,265,208,16,40,1
0x412bcc,99.8749%,56,44711,44767,14363,25,31,30348
0x40f745,54.1667%,55,65,120,60,22,33,5
0x410b54,99.8924%,54,50137,50191,6078,15,39,44059
0x402f0f,92.4581%,54,662,716,626,11,43,36
0x408b81,71.2766%,54,134,188,128,6,48,6
0x40f325,98.5394%,54,3643,3697,2460,7,47,1183
0x407ac7,74.5192%,53,155,208,144,18,35,11
0x4134b7,98.9402%,53,4948,5001,3069,4,49,1879
0x40150f,86.6162%,53,343,396,256,8,45,87
0x412e7c,99.8538%,52,35513,35565,1300,11,41,34213
0x4019b9,95.0617%,52,1001,1053,918,18,34,83
0x40e248,68.4848%,52,113,165,8,38,14,105
0x409bb7,99.735%,51,19191,19242,17079,25,26,2112
0x40cbe7,99.7257%,50,18175,18225,16174,26,24,2001
0x40199e,95.2517%,50,1003,1053,0,0,50,1003
0x40c9ff,83.7209%,49,252,301,146,29,20,106
0x40acc3,99.4647%,49,9104,9153,8135,1,48,969
0x40e662,92.6426%,49,617,666,430,14,35,187
0x40d861,99.025%,48,4875,4923,4366,10,38,509
0x4104b6,99.0722%,47,5019,5066,3064,35,12,1955
0x40e1e5,99.2068%,47,5878,5925,5878,1,46,0
0x40e5d4,72.9885%,47,127,174,116,7,40,11
0x40efc1,58.9286%,46,66,112,65,10,36,1
0x41155e,99.9842%,46,291659,291705,194131,29,17,97528
0x40f593,78.4038%,46,167,213,155,18,28,12
0x403690,99.2795%,45,6201,6246,5537,15,30,664
0x4109f2,99.5984%,45,11160,11205,7445,25,20,3715
0x410645,99.8611%,45,32344,32389,32042,19,26,302
0x40ced1,99.4658%,45,8379,8424,7473,15,30,906
0x411edd,99.9801%,44,221476,221520,110735,25,19,110741
0x40e67f,80.1802%,44,178,222,143,5,39,35
0x40b226,72.8395%,44,118,162,79,29,15,39
0x40b0eb,39.726%,44,29,73,21,18,26,8
0x40ead4,99.5357%,44,9433,9477,8400,24,20,1033
0x40e729,93.3934%,44,622,666,583,9,35,39
0x40ca7a,89.9297%,43,384,427,195,23,20,189
0x406b35,99.5302%,43,9110,9153,6091,11,32,3019
0x41043e,99.9557%,43,96991,97034,64543,24,19,32448
0x409d75,82.2034%,42,194,236,188,7,35,6
0x40defd,99.8839%,42,36138,36180,32141,19,23,3997
0x412e1d,99.981%,42,221238,221280,110619,21,21,110619
0x41ae54,99.8442%,42,26914,26956,13459,19,23,13455
0x412853,99.7357%,42,15847,15889,68,23,19,15779
0x40d561,95.6197%,41,895,936,815,17,24,80
0x40e9f4,99.924%,41,53905,53946,47937,15,26,5968
0x412c00,99.722%,40,14348,14388,1962,17,23,12386
0x40a977,98.0247%,40,1985,2025,1798,2,38,187
0x40e061,99.9246%,40,53024,53064,47148,20,20,5876
0x41249e,99.9527%,39,82435,82474,54571,34,5,27864
0x41139e,99.9808%,39,203405,203444,135393,5,34,68012
0x411680,99.9614%,39,100971,101010,0,0,39,100971
0x40e5c8,73.0496%,38,103,141,5,24,14,98
0x411d8e,99.986%,37,264566,264603,176096,18,19,88470
0x40de09,94.4444%,37,629,666,590,2,35,39
0x404170,99.3091%,37,5318,5355,4755,5,32,563
0x41a64a,84.188%,37,197,234,197,11,26,0
0x401dd6,98.3356%,37,2186,2223,1476,6,31,710
0x41197a,99.9619%,37,97101,97138,0,0,37,97101
0x40e73a,50%,37,37,74,22,14,23,15
0x40280d,97.0424%,37,1214,1251,1106,6,31,108
0x40b570,99.9551%,37,82340,82377,73204,20,17,9136
0x404045,98.1728%,37,1988,2025,1789,11,26,199
0x4086ee,97.716%,37,1583,1620,1436,4,33,147
0x40acb8,99.9563%,36,82341,82377,73208,16,20,9133
0x40f2f5,65.7143%,36,69,105,6,22,14,63
0x40d920,40.9836%,36,25,61,18,17,19,7
0x408b27,97.9167%,36,1692,1728,1530,6,30,162
0x411eee,99.9675%,36,110724,110760,73818,22,14,36906
0x41124a,99.9392%,36,59211,59247,0,0,36,59211
0x4020fd,98.2222%,36,1989,2025,1778,22,14,211
0x40ddfd,99.4161%,35,5959,5994,5301,27,8,658
0x4089ff,99.1527%,35,4096,4131,3667,5,30,429
0x40e568,99.4118%,35,5915,5950,5911,10,25,4
0x4052c1,52.0548%,35,38,73,21,8,27,17
0x417931,76.7123%,34,112,146,111,20,14,1
0x4124bf,99.8799%,34,28277,28311,13858,9,25,14419
0x402c9d,99.7138%,34,11846,11880,10542,18,16,1304
0x40ce12,96.3675%,34,902,936,826,6,28,76
0x40b8ec,59.2593%,33,48,81,9,19,14,39
0x40d1db,43.1034%,33,25,58,11,18,15,14
0x46fda7,96.67%,33,958,991,45,10,23,913
0x406ddb,84.7222%,33,183,216,139,13,20,44
0x41086a,99.9325%,33,48834,48867,0,0,33,48834
0x45c353,99.7561%,33,13497,13530,0,0,33,13497
0x41adab,99.9694%,33,107791,107824,107791,33,0,0
0x406335,97.963%,33,1587,1620,1435,5,28,152
0x4058b5,85.3333%,33,192,225,192,8,25,0
0x411c1e,99.989%,32,290479,290511,193445,6,26,97034
0x4048c9,85.7778%,32,193,225,193,7,25,0
0x4019ad,99.6623%,32,9445,9477,8408,16,16,1037
0x408b7c,98.1087%,32,1660,1692,1498,6,26,162
0x40eadd,96.9611%,32,1021,1053,928,8,24,93
0x406dfc,50%,32,32,64,16,13,19,16
0x402595,85.7778%,32,193,225,193,7,25,0
0x4117ee,99.989%,32,291478,291510,194035,8,24,97443
0x4079ad,99.4576%,31,5684,5715,5074,6,25,610
0x40589d,99.8354%,30,18195,18225,16195,5,25,2000
0x40e1e0,99.9437%,30,53295,53325,47387,13,17,5908
0x40df9f,95.4955%,30,636,666,580,12,18,56
0x4021cd,99.7149%,30,10491,10521,9341,11,19,1150
0x412df6,99.9729%,30,110610,110640,0,0,30,110610
0x4026a5,98.5185%,30,1995,2025,1797,3,27,198
0x402da1,66.6667%,30,60,90,6,0,30,54
0x40f309,50%,30,30,60,28,9,21,2
0x40f2ff,62.3377%,29,48,77,3,14,15,45
0x412832,99.8975%,29,28266,28295,12394,11,18,15872
0x41126d,99.9755%,29,118465,118494,59238,9,20,59227
0x4106ce,99.9701%,29,96810,96839,64432,18,11,32378
0x401f94,60.8108%,29,45,74,44,5,24,1
0x403e6c,87.1111%,29,196,225,196,4,25,0
0x40e8a8,99.694%,29,9448,9477,8413,11,18,1035
0x40d122,99.4718%,29,5461,5490,4875,5,24,586
0x40633a,83.8889%,29,151,180,0,8,21,151
0x40a983,87.5556%,28,197,225,197,3,25,0
0x410b2e,99.9808%,28,145947,145975,97184,2,26,48763
0x411bef,99.9712%,28,97032,97060,0,0,28,97032
0x407455,87.5556%,28,197,225,197,3,25,0
0x40cbff,87.5556%,28,197,225,197,3,25,0
0x40340f,87.5556%,28,197,225,197,3,25,0
0x40ba21,87.2146%,28,191,219,121,25,3,70
0x40a96b,99.8464%,28,18197,18225,16197,3,25,2000
0x411ffe,99.9898%,27,264378,264405,175971,24,3,88407
0x41aafc,99.7997%,27,13451,13478,0,0,27,13451
0x401b23,97.4359%,27,1026,1053,930,6,21,96
0x40ba93,75%,27,81,108,62,10,17,19
0x4157c7,99.1453%,27,3132,3159,2102,4,23,1030
0x40baa5,75%,27,81,108,76,13,14,5
0x41088e,99.9815%,27,146143,146170,97297,6,21,48846
0x4040f0,99.8311%,27,15957,15984,14200,8,19,1757
0x41308d,99.9866%,27,201759,201786,100878,15,12,100881
0x406d21,99.4495%,27,4878,4905,4352,8,19,526
0x409840,99.705%,27,9126,9153,8120,16,11,1006
0x403600,99.8318%,27,16029,16056,14260,12,15,1769
0x41069d,99.9166%,27,32362,32389,0,0,27,32362
0x406b46,99.115%,27,3024,3051,2031,3,24,993
0x402ea9,83.6478%,26,133,159,130,9,17,3
0x4057c6,65.3333%,26,49,75,49,1,25,0
0x403015,42.2222%,26,19,45,16,14,12,3
0x40450c,52.7273%,26,29,55,18,16,10,11
0x414625,88.8889%,26,208,234,203,5,21,5
0x40e7ee,64.8649%,26,48,74,48,13,13,0
0x40334d,88.4444%,26,199,225,199,1,25,0
0x401f4f,99.9518%,26,53920,53946,47939,13,13,5981
0x41abe6,99.9035%,26,26930,26956,13473,5,21,13457
0x40b15b,74.5098%,26,76,102,64,4,22,12
0x41552b,99.177%,26,3133,3159,0,0,26,3133
0x406d96,63.8889%,26,46,72,38,10,16,8
0x40eb0d,78.6325%,25,92,117,0,0,25,92
0x411eba,99.9774%,25,110735,110760,0,0,25,110735
0x4015c1,97.6258%,25,1028,1053,928,8,17,100
0x45c367,99.8152%,25,13505,13530,0,0,25,13505
0x409582,86.1111%,25,155,180,155,5,20,0
0x402ae5,88.8889%,25,200,225,200,0,25,0
0x41267d,99.9117%,25,28286,28311,28285,10,15,1
0x4116ad,99.9876%,25,201995,202020,100990,20,5,101005
0x4157b6,99.7362%,25,9452,9477,6313,5,20,3139
0x411fdd,99.9717%,25,88385,88410,0,0,25,88385
0x40e79e,92.284%,25,299,324,283,5,20,16
0x4086f3,86.1111%,25,155,180,1,7,18,154
0x405b5d,99.6488%,25,7094,7119,6316,12,13,778
0x40bcdd,99.7898%,24,11391,11415,7805,6,18,3586
0x412bae,99.9815%,24,129848,129872,86205,6,18,43643
0x4130fe,99.8909%,24,21979,22003,2292,1,23,19687
0x40e62a,99.5947%,24,5897,5921,5280,4,20,617
0x40f5bb,36.8421%,24,14,38,1,12,12,13
0x40743d,99.8683%,24,18201,18225,16194,6,18,2007
0x405a3e,98.5185%,24,1596,1620,1425,15,9,171
0x4179f0,42.8571%,24,18,42,18,11,13,0
0x413d30,79.4872%,24,93,117,93,11,13,0
0x408a52,99.419%,24,4107,4131,3661,11,13,446
0x401aef,79.4872%,24,93,117,93,11,13,0
0x40b034,67.1233%,24,49,73,4,11,13,45
0x409cdb,99.7411%,24,9246,9270,8232,8,16,1014
0x402d90,97.037%,24,786,810,535,5,19,251
0x412b7d,99.9473%,23,43638,43661,0,0,23,43638
0x40b24f,87.2222%,23,157,180,157,3,20,0
0x41306c,99.9772%,23,100870,100893,0,0,23,100870
0x4125f2,99.9387%,22,35855,35877,23917,1,21,11938
0x403a3a,72.1519%,22,57,79,54,10,12,3
0x414e6e,81.1966%,22,95,117,95,9,13,0
0x40eb6a,81.1966%,22,95,117,95,9,13,0
0x40b186,78.4314%,22,80,102,63,5,17,17
0x40b198,69.863%,22,51,73,13,6,16,38
0x413418,99.8016%,22,11066,11088,0,0,22,11066
0x40f2b3,99.1111%,22,2453,2475,1235,3,19,1218
0x4084e1,87.7778%,22,158,180,158,2,20,0
0x4179e3,82.8125%,22,106,128,84,2,20,22
0x411b29,99.9781%,22,100251,100273,100251,22,0,0
0x40f6a1,56.25%,21,27,48,21,8,13,6
0x4038a6,73.4177%,21,58,79,6,11,10,52
0x40efa7,93.787%,21,317,338,210,16,5,107
0x40bae1,88.3333%,21,159,180,143,17,4,16
0x41b449,98.4018%,21,1293,1314,876,0,21,417
0x46fe2a,61.8182%,21,34,55,34,8,13,0
0x406e7a,90.2778%,21,195,216,189,3,18,6
0x40621c,88.3333%,21,159,180,159,1,20,0
0x40d62d,99.7603%,20,8323,8343,7410,6,14,913
0x409c20,96.063%,20,488,508,6,10,10,482
0x406932,88.8889%,20,160,180,160,0,20,0
0x407ac2,98.9316%,20,1852,1872,1660,4,16,192
0x4064b6,99.3705%,20,3157,3177,2811,13,7,346
0x410cee,99.9878%,20,163876,163896,109124,7,13,54752
0x40cb1f,66.6667%,20,40,60,40,0,20,0
0x401eb4,72.973%,20,54,74,0,0,20,54
0x4073aa,88.8889%,20,160,180,158,2,18,2
0x45c3d5,99.8596%,19,13511,13530,0,0,19,13511
0x401b2c,83.7607%,19,98,117,98,6,13,0
0x402eb9,79.7872%,19,75,94,3,12,7,72
0x40df02,99.5274%,19,4001,4020,4001,14,5,0
0x46fed8,65.4545%,19,36,55,36,6,13,0
0x40eee8,83.6207%,19,97,116,96,7,12,1
0x412a4e,99.9734%,19,71495,71514,35745,12,7,35750
0x409b92,99.9013%,19,19223,19242,17093,11,8,2130
0x406b8b,99.7912%,19,9080,9099,8085,3,16,995
0x417892,90.8213%,19,188,207,138,0,19,50
0x408837,99.7255%,19,6902,6921,6147,5,14,755
0x41a638,99.0978%,19,2087,2106,1866,6,13,221
0x40e792,99.3827%,18,2898,2916,2587,5,13,311
0x410e3d,99.9748%,18,71310,71328,35661,3,15,35649
0x40f59e,55%,18,22,40,17,0,18,5
0x40d914,96.7213%,18,531,549,487,1,17,44
0x40f57e,65.3846%,18,34,52,32,5,13,2
0x40f39f,79.0698%,18,68,86,55,6,12,13
0x40bab6,83.3333%,18,90,108,70,2,16,20
0x4155fc,99.4302%,18,3141,3159,2101,5,13,1040
0x41127e,99.9696%,18,59229,59247,39495,3,15,19734
0x41621d,84.6154%,18,99,117,99,5,13,0
0x40e92a,98.2906%,18,1035,1053,936,0,18,99
0x41482e,78.2051%,17,61,78,43,9,8,18
0x41309e,99.9832%,17,100876,100893,67257,5,12,33619
0x40b1fb,89.5062%,17,145,162,108,0,17,37
0x41aaec,99.8739%,17,13461,13478,0,0,17,13461
0x40279d,99.839%,17,10540,10557,9377,7,10,1163
0x409d32,99.033%,17,1741,1758,0,15,2,1741
0x40b95b,89.3082%,17,142,159,92,14,3,50
0x402828,78.2051%,17,61,78,4,13,4,57
0x40b394,99.8143%,17,9136,9153,8135,1,16,1001
0x408ba2,96.5021%,17,469,486,431,1,16,38
0x4126d1,88.1944%,17,127,144,127,1,16,0
0x40b0d9,90.2299%,17,157,174,112,4,13,45
0x411a71,99.9835%,17,102862,102879,102862,17,0,0
0x4124f6,99.8774%,17,13850,13867,1907,1,16,11943
0x409924,99.8252%,16,9137,9153,6096,6,10,3041
0x458e2f,99.8817%,16,13514,13530,13514,16,0,0
0x413caa,38.4615%,16,10,26,0,13,3,10
0x417904,91.6667%,16,176,192,173,0,16,3
0x40b215,90.1235%,16,146,162,146,5,11,0
0x402819,88.4892%,16,123,139,117,3,13,6
0x40b995,80.2469%,16,65,81,2,6,10,63
0x40b175,84.3137%,16,86,102,86,6,10,0
0x45c9d3,99.8817%,16,13514,13530,0,0,16,13514
0x414055,86.3248%,16,101,117,101,3,13,0
0x41137f,99.9765%,16,68030,68046,0,0,16,68030
0x40f124,88.8889%,16,128,144,127,1,15,1
0x40844d,99.7752%,16,7103,7119,6318,10,6,785
0x407a6d,99.1731%,16,1919,1935,1717,3,13,202
0x41330e,99.955%,16,35531,35547,23686,12,4,11845
0x411d6a,99.9819%,16,88473,88489,0,0,16,88473
0x40f1da,88.8889%,16,128,144,125,3,13,3
0x45a20a,99.8891%,15,13515,13530,0,0,15,13515
0x40763c,99.0741%,15,1605,1620,1433,7,8,172
0x40f3b3,78.2609%,15,54,69,53,3,12,1
0x40afde,79.4521%,15,58,73,0,0,15,58
0x40ea3f,79.7297%,15,59,74,0,13,2,59
0x40aada,99.8361%,15,9138,9153,8130,6,9,1008
0x40a8ad,91.6667%,15,165,180,160,0,15,5
0x40ba10,93.1507%,15,204,219,204,10,5,0
0x412f2c,99.9854%,15,102747,102762,0,0,15,102747
0x405b1e,98.1037%,15,776,791,0,0,15,776
0x4140b8,61.5385%,15,24,39,24,2,13,0
0x4015d6,87.1795%,15,102,117,102,2,13,0
0x45a235,99.8891%,15,13515,13530,0,0,15,13515
0x4030b3,66.6667%,15,30,45,30,0,15,0
0x402e9d,98.9518%,15,1416,1431,1263,9,6,153
0x414202,42.3077%,15,11,26,10,3,12,1
0x413ff5,87.1795%,15,102,117,102,2,13,0
0x412903,99.9496%,14,27776,27790,0,0,14,27776
0x41b3c3,98.9346%,14,1300,1314,1165,3,11,135
0x4033ed,99.9232%,14,18211,18225,16197,3,11,2014
0x41110a,99.9794%,14,68110,68124,0,0,14,68110
0x411631,99.9861%,14,100996,101010,100996,14,0,0
0x40e8c0,88.0342%,14,103,117,103,1,13,0
0x41a512,46.1538%,14,12,26,0,0,14,12
0x40db5c,86.5385%,14,90,104,90,1,13,0
0x40eb1b,88.0342%,14,103,117,103,1,13,0
0x417634,60%,14,21,35,5,7,7,16
0x412f4d,99.9932%,14,205510,205524,102759,3,11,102751
0x41112e,99.9931%,14,203625,203639,135506,9,5,68119
0x413c8f,82.0513%,14,64,78,49,3,11,15
0x458d59,99.8965%,14,13516,13530,0,0,14,13516
0x415da7,92.5926%,14,175,189,123,3,11,52
0x413619,46.1538%,14,12,26,0,13,1,12
0x40f766,63.1579%,14,24,38,24,3,11,0
0x40e71d,99.7664%,14,5980,5994,5326,2,12,654
0x403290,6.66667%,14,1,15,1,9,5,0
0x403284,68.8889%,14,31,45,30,0,14,1
0x412f5e,99.9864%,14,102748,102762,68502,6,8,34246
0x414025,88.0342%,14,103,117,103,1,13,0
0x46fdac,98.5685%,14,964,978,964,14,0,0
0x40d66e,98.6817%,14,1048,1062,942,2,12,106
0x413011,99.9861%,14,100879,100893,100879,14,0,0
0x40b0c8,91.954%,14,160,174,160,6,8,0
0x40cc13,44%,14,11,25,11,1,13,0
0x415d96,97.5309%,14,553,567,372,6,8,181
0x415166,88.0342%,14,103,117,103,1,13,0
0x40c5ef,99.9349%,14,21505,21519,19123,5,9,2382
0x412da1,99.9873%,14,110626,110640,110626,14,0,0
0x414d9b,46.1538%,14,12,26,12,1,13,0
0x4146ca,94.0171%,14,220,234,152,4,10,68
0x40654e,90.3704%,13,122,135,119,1,12,3
0x407413,94.2222%,13,212,225,0,0,13,212
0x46fe4f,75%,13,39,52,38,1,12,1
0x415107,88.8889%,13,104,117,104,0,13,0
0x40d414,87.5%,13,91,104,91,0,13,0
0x40eaeb,88.8889%,13,104,117,104,0,13,0
0x406b4e,98.7217%,13,1004,1017,1,5,8,1003
0x415016,0%,13,0,13,0,13,0,0
0x411ac0,99.9874%,13,102866,102879,0,0,13,102866
0x405c4d,99.6477%,13,3677,3690,3275,5,8,402
0x4121ae,99.99%,13,130057,130070,86325,5,8,43732
0x40af3a,99.858%,13,9140,9153,8131,5,8,1009
0x414135,66.6667%,13,26,39,26,0,13,0
0x401e2c,88.8889%,13,104,117,104,0,13,0
0x410f8e,99.9921%,13,163688,163701,109012,2,11,54676
0x403545,99.358%,13,2012,2025,1796,4,9,216
0x40e936,88.8889%,13,104,117,104,0,13,0
0x40da23,50%,13,13,26,0,0,13,13
0x4141b4,66.6667%,13,26,39,26,0,13,0
0x411b02,99.9874%,13,102866,102879,68577,9,4,34289
0x4155e6,99.8628%,13,9464,9477,6316,2,11,3148
0x4019c5,88.8889%,13,104,117,104,0,13,0
0x4117bf,99.9867%,13,97454,97467,0,0,13,97454
0x4131ac,99.978%,13,59117,59130,0,0,13,59117
0x4030a2,73.3333%,12,33,45,33,2,10,0
0x417a8b,65.7143%,12,23,35,23,8,4,0
0x4058c6,52%,12,13,25,1,4,8,12
0x40d1cf,97.7011%,12,510,522,461,3,9,49
0x40791d,99.793%,12,5784,5796,5148,4,8,636
0x4132fd,99.9831%,12,71082,71094,35543,4,8,35539
0x414270,89.7436%,12,105,117,104,0,12,1
0x40351d,94.6667%,12,213,225,0,0,12,213
0x40d308,58.6207%,12,17,29,2,11,1,15
0x417924,92%,12,138,150,0,4,8,138
0x4177e0,94.2029%,12,195,207,182,2,10,13
0x412ccd,99.9839%,12,74442,74454,37217,10,2,37225
0x410b02,99.9754%,12,48777,48789,0,0,12,48777
0x406528,59.2593%,11,16,27,8,4,7,8
0x40f6b1,42.1053%,11,8,19,2,8,3,6
0x4111e1,99.9814%,11,59236,59247,59236,11,0,0
0x40135c,99.0741%,11,1177,1188,1055,1,10,122
0x412ac8,99.9754%,11,44756,44767,0,0,11,44756
0x40641f,99.8411%,11,6910,6921,6146,6,5,764
0x40eb12,98.9554%,11,1042,1053,934,2,9,108
0x46fde4,98.8753%,11,967,978,37,5,6,930
0x41578e,99.6518%,11,3148,3159,0,0,11,3148
0x40ca7f,97.9206%,11,518,529,518,9,2,0
0x409da6,97.019%,11,358,369,324,4,7,34
0x412a20,99.9692%,11,35746,35757,0,0,11,35746
0x40f5dd,42.1053%,11,8,19,1,9,2,7
0x4131de,99.9814%,11,59119,59130,39419,1,10,19700
0x40ba30,86.4198%,11,70,81,40,5,6,30
0x410e76,99.9812%,11,58495,58506,58495,11,0,0
0x407ae8,97.343%,11,403,414,365,3,8,38
0x4125dd,99.9847%,11,71743,71754,35875,2,9,35868
0x458d6d,99.9187%,11,13519,13530,0,0,11,13519
0x40c2cf,99.5246%,11,2303,2314,0,0,11,2303
0x41041a,99.9661%,11,32456,32467,0,0,11,32456
0x402102,95.5556%,10,215,225,0,2,8,215
0x4116e9,99.9901%,10,100647,100657,100647,10,0,0
0x407973,99.2701%,10,1360,1370,1360,1,9,0
0x409d0d,99.5265%,10,2102,2112,5,6,4,2097
0x408410,98.7358%,10,781,791,0,0,10,781
0x40bf9f,99.952%,10,20816,20826,18509,3,7,2307
0x45a255,99.9261%,10,13520,13530,0,0,10,13520
0x4031d6,77.7778%,10,35,45,30,0,10,5
0x403273,77.7778%,10,35,45,35,0,10,0
0x40b0a6,94.2529%,10,164,174,114,2,8,50
0x412176,99.1304%,10,1140,1150,0,0,10,1140
0x402289,96.3636%,10,265,275,265,1,9,0
0x41260c,99.9647%,10,28301,28311,14121,4,6,14180
0x415de5,94.709%,10,179,189,57,6,4,122
0x413281,99.9719%,10,35537,35547,35537,10,0,0
0x40775d,99.8595%,10,7109,7119,6325,3,7,784
0x41b015,93.1507%,10,136,146,0,0,10,136
0x4115c6,99.9722%,10,35979,35989,2315,4,6,33664
0x40d8db,99.4444%,10,1790,1800,1598,2,8,192
0x405429,9.09091%,10,1,11,1,0,10,0
0x4055be,88.8889%,10,80,90,79,1,9,1
0x41292e,99.9878%,10,82266,82276,54481,5,5,27785
0x41b5a8,93.1507%,10,136,146,0,0,10,136
0x46fec2,96.3636%,10,265,275,219,1,9,46
0x409938,99.6722%,10,3041,3051,2031,3,7,1010
0x45c9ca,99.9261%,10,13520,13530,0,0,10,13520
0x41ac10,99.9629%,10,26946,26956,13471,7,3,13475
0x40f5ce,60%,10,15,25,1,5,5,14
0x417734,95.1691%,10,197,207,181,3,7,16
0x410e10,99.972%,10,35654,35664,0,0,10,35654
0x402297,61.5385%,10,16,26,0,9,1,16
0x40b7f2,99.8907%,10,9143,9153,8134,2,8,1009
0x40faa7,89.899%,10,89,99,86,2,8,3
0x40ea92,92.9688%,9,119,128,55,6,3,64
0x46fdbc,99.0798%,9,969,978,969,9,0,0
0x408874,99.87%,9,6912,6921,6150,2,7,762
0x401dbd,98.7854%,9,732,741,0,0,9,732
0x40b324,99.115%,9,1008,1017,0,0,9,1008
0x41153a,99.9908%,9,97536,97545,0,0,9,97536
0x407aab,98.0645%,9,456,465,0,3,6,456
0x40fd0d,18.1818%,9,2,11,2,4,5,0
0x46fdd3,99.0798%,9,969,978,0,0,9,969
0x40c8fb,99.9582%,9,21510,21519,19125,3,6,2385
0x40f3dc,30.7692%,9,4,13,1,8,1,3
0x41ac79,99.9712%,9,31243,31252,31243,9,0,0
0x41ab81,99.9332%,9,13469,13478,0,0,9,13469
0x41235d,99.988%,9,74685,74694,37346,1,8,37339
0x40f3c7,66.6667%,9,18,27,8,4,5,10
0x40d331,93.75%,9,135,144,124,4,5,11
0x40da73,93.75%,9,135,144,128,0,9,7
0x406e97,87.5%,9,63,72,63,1,8,0
0x414ffe,92.3077%,9,108,117,102,2,7,6
0x40561d,90%,9,81,90,77,3,6,4
0x40b045,86.2069%,8,50,58,0,0,8,50
0x40bfcb,99.6543%,8,2306,2314,0,0,8,2306
0x41058d,99.9322%,8,11794,11802,5901,0,8,5893
0x45c3c7,99.9409%,8,13522,13530,0,0,8,13522
0x417aab,38.4615%,8,5,13,3,8,0,2
0x40ff91,99.9497%,8,15895,15903,0,0,8,15895
0x458e0f,99.9409%,8,13522,13530,13522,8,0,0
0x407460,68%,8,17,25,2,3,5,15
0x40994d,99.2134%,8,1009,1017,1,5,3,1008
0x406e1f,77.1429%,8,27,35,24,4,4,3
0x41218a,99.9817%,8,43732,43740,0,0,8,43732
0x402d9c,97.037%,8,262,270,179,1,7,83
0x408b65,97.9381%,8,380,388,0,3,5,380
0x408a81,97.546%,8,318,326,318,0,8,0
0x40eb5e,99.2403%,8,1045,1053,933,3,5,112
0x40b2cf,99.5062%,8,1612,1620,0,0,8,1612
0x406d65,95.7672%,8,181,189,180,1,7,1
0x4125b0,99.9777%,8,35869,35877,0,0,8,35869
0x405360,89.0411%,8,65,73,60,2,6,5
0x41247a,99.9713%,8,27861,27869,0,0,8,27861
0x410f62,99.9854%,8,54679,54687,0,0,8,54679
0x4178f3,95.9184%,8,188,196,0,4,4,188
0x4155bf,99.7468%,8,3151,3159,0,0,8,3151
0x40cf0a,99.3266%,8,1180,1188,1053,3,5,127
0x404385,85.4545%,8,47,55,3,3,5,44
0x4177a3,96.1353%,8,199,207,183,1,7,16
0x405d4d,87.3016%,8,55,63,55,1,7,0
0x41b2b6,95.2055%,7,139,146,139,7,0,0
0x40d19e,99.6746%,7,2144,2151,1910,2,5,234
0x41b22e,95.2055%,7,139,146,139,7,0,0
0x410a16,99.9861%,7,50275,50282,50275,7,0,0
0x40404a,96.8889%,7,218,225,0,3,4,218
0x402ece,91.1392%,7,72,79,72,2,5,0
0x4097f3,99.3117%,7,1010,1017,0,0,7,1010
0x4026aa,96.8889%,7,218,225,0,2,5,218
0x41ac15,99.9481%,7,13471,13478,0,0,7,13471
0x40227d,99.7172%,7,2468,2475,2198,2,5,270
0x40b8fd,86.7925%,7,46,53,0,0,7,46
0x41298f,99.9493%,7,13794,13801,1880,2,5,11914
0x458dba,99.9483%,7,13523,13530,0,0,7,13523
0x411e51,99.9937%,7,110753,110760,110753,7,0,0
0x40de9b,99.8259%,7,4013,4020,0,0,7,4013
0x40bcc9,99.8336%,7,4200,4207,0,0,7,4200
0x407641,96.1111%,7,173,180,1,3,4,172
0x402c5c,99.4697%,7,1313,1320,0,0,7,1313
0x45c9e3,99.9483%,7,13523,13530,0,0,7,13523
0x4132d8,99.9803%,7,35540,35547,0,0,7,35540
0x41b59e,95.2055%,7,139,146,0,0,7,139
0x40e9e3,99.8832%,7,5987,5994,0,0,7,5987
0x409960,99.9231%,7,9092,9099,8087,1,6,1005
0x405d91,69.5652%,7,16,23,16,0,7,0
0x40655a,53.3333%,7,8,15,8,4,3,0
0x405ca7,95.4839%,7,148,155,148,0,7,0
0x41b25d,97.6027%,7,285,292,139,7,0,146
0x40da4a,73.0769%,7,19,26,3,7,0,16
0x405a46,96.1111%,7,173,180,1,3,4,172
0x412ca6,99.9839%,6,37221,37227,0,0,6,37221
0x41789f,91.3043%,6,63,69,45,1,5,18
0x4030bf,60%,6,9,15,9,1,5,0
0x4031f5,60%,6,9,15,9,1,5,0
0x402942,66.6667%,6,12,18,12,2,4,0
0x458da8,99.9557%,6,13524,13530,0,0,6,13524
0x4056ff,86.6667%,6,39,45,39,1,5,0
0x4056cd,86.6667%,6,39,45,39,1,5,0
0x45a267,99.9557%,6,13524,13530,13524,6,0,0
0x401325,95.4545%,6,126,132,0,0,6,126
0x40e74b,83.3333%,6,30,36,0,0,6,30
0x40588e,99.7037%,6,2019,2025,0,0,6,2019
0x415670,99.4302%,6,1047,1053,0,0,6,1047
0x405a0a,96.6667%,6,174,180,0,0,6,174
0x4175a4,83.3333%,6,30,36,30,2,4,0
0x41b4df,98.6301%,6,432,438,141,5,1,291
0x41470a,92.3077%,6,72,78,0,0,6,72
0x4064e7,96.4286%,6,162,168,162,1,5,0
0x405638,40%,6,4,10,4,1,5,0
0x406585,77.7778%,6,21,27,21,1,5,0
0x402f3f,86.6667%,6,39,45,39,1,5,0
0x45c37b,99.9557%,6,13524,13530,13524,6,0,0
0x40a992,76%,6,19,25,0,5,1,19
0x407a92,98.75%,6,474,480,0,4,2,474
0x40f002,83.7838%,6,31,37,20,5,1,11
0x40f3a4,76%,6,19,25,5,3,3,14
0x40f5a8,73.913%,6,17,23,0,0,6,17
0x4154b6,99.4302%,6,1047,1053,0,0,6,1047
0x4122e1,99.9839%,6,37341,37347,37341,6,0,0
0x412561,99.9833%,6,35871,35877,35871,6,0,0
0x405d1b,73.913%,6,17,23,14,2,4,3
0x45c3bb,99.9557%,6,13524,13530,0,0,6,13524
0x410dc1,99.986%,5,35659,35664,35659,5,0,0
0x40f01d,58.3333%,5,7,12,7,2,3,0
0x40f315,78.2609%,5,18,23,6,2,3,12
0x40b522,99.5084%,5,1012,1017,0,0,5,1012
0x402842,91.8033%,5,56,61,56,3,2,0
0x4131cd,99.9958%,5,118255,118260,59126,4,1,59129
0x41343d,99.9775%,5,22171,22176,11085,3,2,11086
0x412ed1,99.9951%,5,102757,102762,102757,5,0,0
0x407606,97.2222%,5,175,180,0,0,5,175
0x406e51,28.5714%,5,2,7,1,4,1,1
0x405513,50%,5,5,10,5,5,0,0
0x40c2a3,99.976%,5,20821,20826,18510,2,3,2311
0x40ca04,98.9817%,5,486,491,486,2,3,0
0x40b975,96.8553%,5,154,159,154,3,2,0
0x40e25c,97.1591%,5,171,176,171,5,0,0
0x411f12,99.9944%,5,89821,89826,89821,5,0,0
0x40f6c6,16.6667%,5,1,6,0,3,2,1
0x4173d4,61.5385%,5,8,13,8,1,4,0
0x40f5ff,16.6667%,5,1,6,1,2,3,0
0x41344e,99.9549%,5,11083,11088,7388,4,1,3695
0x40219c,99.5723%,5,1164,1169,0,0,5,1164
0x4014d7,98.7374%,5,391,396,0,0,5,391
0x403111,88.8889%,5,40,45,40,0,5,0
0x4174d4,86.1111%,5,31,36,31,1,4,0
0x409d70,99.7646%,5,2119,2124,1886,2,3,233
0x40b986,96.8553%,5,154,159,106,0,5,48
0x410cca,99.9909%,5,54760,54765,0,0,5,54760
0x40f7d4,94.9495%,5,94,99,87,1,4,7
0x40573c,88.8889%,5,40,45,39,1,4,1
0x46fe6e,92.7273%,4,51,55,0,0,4,51
0x405672,20%,4,1,5,1,4,0,0
0x406e45,93.6508%,4,59,63,56,0,4,3
0x413151,99.9932%,4,59126,59130,59126,4,0,0
0x412330,99.9893%,4,37343,37347,0,0,4,37343
0x40b9fe,98.1735%,4,215,219,144,2,2,71
0x40f6bb,55.5556%,4,5,9,1,2,2,4
0x40dfee,99.9322%,4,5892,5896,0,0,4,5892
0x40497f,98.2222%,4,221,225,0,0,4,221
0x45a275,99.9704%,4,13526,13530,0,0,4,13526
0x45c3a3,99.9704%,4,13526,13530,0,0,4,13526
0x46fdfa,99.591%,4,974,978,974,4,0,0
0x40f5ec,55.5556%,4,5,9,0,3,1,5
0x40883c,99.4798%,4,765,769,0,0,4,765
0x40e44b,99.9328%,4,5946,5950,0,0,4,5946
0x4179d3,96.9231%,4,126,130,0,2,2,126
0x4112a5,99.9944%,4,70837,70841,70837,4,0,0
0x46fe98,98.5455%,4,271,275,0,0,4,271
0x4063f0,99.4798%,4,765,769,0,0,4,765
0x40f3a9,76.4706%,4,13,17,13,4,0,0
0x406564,50%,4,4,8,0,3,1,4
0x40c57a,99.8327%,4,2387,2391,0,0,4,2387
0x412e2e,99.9964%,4,110636,110640,73758,2,2,36878
0x402a03,77.7778%,4,14,18,14,0,4,0
0x402950,77.7778%,4,14,18,14,2,2,0
0x412372,99.9893%,4,37343,37347,24895,3,1,12448
0x40bd0d,99.8689%,4,3047,3051,0,0,4,3047
0x4174dd,0%,4,0,4,0,4,0,0
0x4105c3,99.9882%,4,34006,34010,34006,4,0,0
0x4156eb,99.8734%,4,3155,3159,0,0,4,3155
0x4109dd,99.9822%,4,22406,22410,11205,0,4,11201
0x4173dd,0%,4,0,4,0,4,0,0
0x45c3d0,99.9704%,4,13526,13530,0,0,4,13526
0x40496a,98.2222%,4,221,225,0,0,4,221
0x40354a,98.2222%,4,221,225,0,2,2,221
0x458d63,99.9704%,4,13526,13530,0,0,4,13526
0x4029c1,77.7778%,4,14,18,14,2,2,0
0x412c51,99.9919%,3,37224,37227,37224,3,0,0
0x40571c,93.3333%,3,42,45,39,1,2,3
0x4035c3,99.8318%,3,1781,1784,0,0,3,1781
0x415c10,95.2381%,3,60,63,0,0,3,60
0x406b23,99.9017%,3,3048,3051,0,0,3,3048
0x40f3b8,76.9231%,3,10,13,0,3,0,10
0x41059e,99.9492%,3,5898,5901,3934,0,3,1964
0x406abd,99.705%,3,1014,1017,0,0,3,1014
0x40465d,83.3333%,3,15,18,15,1,2,0
0x411d56,99.6528%,3,861,864,0,0,3,861
0x41afa6,97.9452%,3,143,146,0,0,3,143
0x41b15e,97.9452%,3,143,146,0,0,3,143
0x40eef6,76.9231%,3,10,13,0,1,2,10
0x405d67,62.5%,3,5,8,0,3,0,5
0x412466,99.7352%,3,1130,1133,0,0,3,1130
0x40e783,99.0741%,3,321,324,0,0,3,321
0x40da78,81.25%,3,13,16,13,3,0,0
0x40d866,99.4516%,3,544,547,0,2,1,544
0x40eacf,99.7151%,3,1050,1053,0,0,3,1050
0x40eb00,76.9231%,3,10,13,0,0,3,10
0x404aa0,98.6667%,3,222,225,1,2,1,221
0x458d97,99.9778%,3,13527,13530,0,0,3,13527
0x402f6e,40%,3,2,5,0,0,3,2
0x40dd9d,95.9459%,3,71,74,0,0,3,71
0x410504,99.9492%,3,5898,5901,5898,3,0,0
0x402688,98.6667%,3,222,225,0,0,3,222
0x40ef03,72.7273%,3,8,11,0,2,1,8
0x45c9ec,99.9778%,3,13527,13530,13527,3,0,0
0x45a30d,99.9778%,3,13527,13530,0,0,3,13527
0x407922,99.5342%,3,641,644,0,0,3,641
0x41358d,99.9741%,3,11565,11568,5781,3,0,5784
0x45c3ac,99.9778%,3,13527,13530,13527,3,0,0
0x458dc9,99.9778%,3,13527,13530,13527,3,0,0
0x415bf8,95.2381%,3,60,63,60,3,0,0
0x40bc57,99.8148%,3,1617,1620,0,0,3,1617
0x411966,99.5763%,3,705,708,0,0,3,705
0x41056d,99.9492%,3,5898,5901,0,0,3,5898
0x406e5a,57.1429%,3,4,7,0,2,1,4
0x41b26f,97.9452%,3,143,146,143,3,0,0
0x402a11,88.8889%,2,16,18,16,0,2,0
0x45c38c,99.9852%,2,13528,13530,0,0,2,13528
0x409ba4,99.9065%,2,2136,2138,0,0,2,2136
0x40e898,99.8101%,2,1051,1053,0,0,2,1051
0x40ef18,71.4286%,2,5,7,0,2,0,5
0x40f3d1,86.6667%,2,13,15,0,2,0,13
0x4045e0,90.4762%,2,19,21,17,2,0,2
0x412b69,99.82%,2,1109,1111,0,0,2,1109
0x40af91,99.8033%,2,1015,1017,0,0,2,1015
0x40f3eb,50%,2,2,4,0,1,1,2
0x401cbf,99.1903%,2,245,247,0,0,2,245
0x4045cf,90.4762%,2,19,21,0,1,1,19
0x40e984,97.2973%,2,72,74,0,0,2,72
0x41af9a,98.6301%,2,144,146,0,0,2,144
0x415b4a,96.8254%,2,61,63,61,2,0,0
0x40288f,88.8889%,2,16,18,15,1,1,1
0x40b1a9,96.2963%,2,52,54,0,0,2,52
0x40aade,99.8033%,2,1015,1017,0,0,2,1015
0x41ab24,99.9852%,2,13476,13478,13476,2,0,0
0x40e460,99.9664%,2,5948,5950,0,0,2,5948
0x402900,88.8889%,2,16,18,16,0,2,0
0x405d78,60%,2,3,5,3,2,0,0
0x41b4e4,99.8288%,2,1166,1168,1166,2,0,0
0x401456,98.4848%,2,130,132,0,0,2,130
0x458e3e,99.9852%,2,13528,13530,13528,2,0,0
0x40302b,86.6667%,2,13,15,10,0,2,3
0x415435,99.8101%,2,1051,1053,0,0,2,1051
0x40631e,98.8889%,2,178,180,0,0,2,178
0x40198b,98.2906%,2,115,117,0,0,2,115
0x4033bb,99.1111%,2,223,225,0,0,2,223
0x409845,99.8033%,2,1015,1017,0,0,2,1015
0x403266,86.6667%,2,13,15,0,0,2,13
0x40d566,98.0769%,2,102,104,0,1,1,102
0x40ce88,99.7863%,2,934,936,0,0,2,934
0x4045fd,0%,2,0,2,0,2,0,0
0x408a04,99.5643%,2,457,459,457,2,0,0
0x4040ae,99.8874%,2,1774,1776,0,0,2,1774
0x415707,99.9367%,2,3157,3159,0,0,2,3157
0x40b81e,99.8033%,2,1015,1017,0,0,2,1015
0x402971,88.8889%,2,16,18,16,0,2,0
0x412a5f,99.9944%,2,35755,35757,23836,2,0,11919
0x413629,84.6154%,2,11,13,0,0,2,11
0x401f30,99.9666%,2,5992,5994,0,0,2,5992
0x412821,87.5%,2,14,16,3,0,2,11
0x4129d1,99.9944%,2,35755,35757,35755,2,0,0
0x4109b0,99.9822%,2,11203,11205,0,0,2,11203
0x458e39,99.9852%,2,13528,13530,0,0,2,13528
0x45a86d,99.9852%,2,13528,13530,13528,2,0,0
0x40af66,99.8033%,2,1015,1017,0,0,2,1015
0x41a667,92.3077%,2,24,26,24,2,0,0
0x40cbd8,99.9012%,2,2023,2025,0,0,2,2023
0x458de7,99.9852%,2,13528,13530,0,0,2,13528
0x41b00c,98.6301%,2,144,146,0,0,2,144
0x411fc9,99.7576%,2,823,825,0,0,2,823
0x413a10,92.3077%,2,24,26,0,0,2,24
0x40ef09,77.7778%,2,7,9,1,1,1,6
0x409ced,99.8058%,2,1028,1030,0,0,2,1028
0x403af3,86.6667%,2,13,15,0,2,0,13
0x40469d,88.8889%,2,16,18,15,1,1,1
0x417792,99.0338%,2,205,207,0,0,2,205
0x4152f8,99.8101%,2,1051,1053,0,0,2,1051
0x40a8f6,92%,2,23,25,0,0,2,23
0x40193f,84.6154%,2,11,13,0,0,2,11
0x40b5a7,99.8033%,2,1015,1017,0,0,2,1015
0x40e752,94.4444%,2,34,36,0,0,2,34
0x40c9a6,98.6667%,1,74,75,0,1,0,74
0x40bf2a,99.9568%,1,2313,2314,0,0,1,2313
0x417aca,50%,1,1,2,1,1,0,0
0x414726,98.7179%,1,77,78,0,0,1,77
0x41b01e,99.3151%,1,145,146,145,1,0,0
0x412712,93.75%,1,15,16,0,0,1,15
0x40ba41,97.2222%,1,35,36,0,0,1,35
0x4033d1,99.9506%,1,2024,2025,0,0,1,2024
0x40ca20,99.894%,1,942,943,0,1,0,942
0x403376,96%,1,24,25,0,0,1,24
0x40cdff,99.0385%,1,103,104,0,0,1,103
0x40b73d,99.9017%,1,1016,1017,0,0,1,1016
0x4046ad,50%,1,1,2,0,0,1,1
0x4173a4,92.3077%,1,12,13,0,0,1,12
0x40d761,99.1525%,1,117,118,0,0,1,117
0x4020bb,99.5556%,1,224,225,0,0,1,224
0x40b849,99.9017%,1,1016,1017,0,1,0,1016
0x401b16,99.1453%,1,116,117,0,0,1,116
0x413770,96.1538%,1,25,26,0,0,1,25
0x40cb72,96%,1,24,25,0,0,1,24
0x40e91b,99.1453%,1,116,117,0,0,1,116
0x40aa14,99.9383%,1,1619,1620,0,0,1,1619
0x403b0a,93.3333%,1,14,15,14,1,0,0
0x4022b1,94.1176%,1,16,17,16,1,0,0
0x408b4b,99.7487%,1,397,398,0,1,0,397
0x40c35d,99.9672%,1,3050,3051,0,0,1,3050
0x402754,99.9147%,1,1172,1173,0,0,1,1172
0x4133c1,99.991%,1,11087,11088,11087,1,0,0
0x40b398,99.9017%,1,1016,1017,0,0,1,1016
0x40e5fc,98.0392%,1,50,51,50,1,0,0
0x405823,96%,1,24,25,0,0,1,24
0x40f258,99.6337%,1,272,273,0,0,1,272
0x40c889,99.9582%,1,2390,2391,0,0,1,2390
0x40d31a,93.75%,1,15,16,0,0,1,15
0x406e6a,80%,1,4,5,4,1,0,0
0x40ea44,98.3607%,1,60,61,0,0,1,60
0x40e59e,96.5517%,1,28,29,0,0,1,28
0x40541f,90.9091%,1,10,11,0,0,1,10
0x417a22,92.3077%,1,12,13,0,0,1,12
0x4028b4,50%,1,1,2,0,0,1,1
0x41b596,99.3151%,1,145,146,0,0,1,145
0x41b46f,99.7717%,1,437,438,0,0,1,437
0x413566,99.9827%,1,5783,5784,0,0,1,5783
0x40e8d2,92.3077%,1,12,13,0,0,1,12
0x40742e,99.9506%,1,2024,2025,0,0,1,2024
0x40f3bd,90%,1,9,10,0,0,1,9
0x40a95c,99.9506%,1,2024,2025,0,0,1,2024
0x415cdf,99.4709%,1,188,189,0,0,1,188
0x410961,99.9911%,1,11204,11205,11204,1,0,0
0x4046b5,50%,1,1,2,0,0,1,1
0x40d336,93.75%,1,15,16,15,1,0,0
0x40f6d0,66.6667%,1,2,3,0,0,1,2
0x408a96,99.3464%,1,152,153,0,0,1,152
0x405879,99.5556%,1,224,225,0,0,1,224
0x416240,92.3077%,1,12,13,0,0,1,12
0x40dde9,99.8498%,1,665,666,0,0,1,665
0x401394,99.2424%,1,131,132,0,0,1,131
0x41b178,99.3151%,1,145,146,0,0,1,145
0x4013dd,99.2424%,1,131,132,0,0,1,131
0x41b506,99.3151%,1,145,146,145,1,0,0
0x41b0d7,99.3151%,1,145,146,0,0,1,145
0x41b0e0,99.3151%,1,145,146,0,0,1,145
0x41b16f,99.3151%,1,145,146,0,0,1,145
0x4173bc,92.3077%,1,12,13,0,0,1,12
0x413511,99.9827%,1,5783,5784,5783,1,0,0
0x405d59,85.7143%,1,6,7,3,1,0,3
0x408452,99.8736%,1,790,791,790,1,0,0
0x40f6e7,66.6667%,1,2,3,2,0,1,0
0x411526,99.8925%,1,929,930,0,0,1,929
0x40d546,99.0385%,1,103,104,0,0,1,103
0x40ef10,85.7143%,1,6,7,0,0,1,6
0x413fa9,92.3077%,1,12,13,0,0,1,12
0x4087f8,99.87%,1,768,769,0,0,1,768
0x411bdb,99.8505%,1,668,669,0,0,1,668
0x41a5b1,96.1538%,1,25,26,0,0,1,25
0x4031b9,93.3333%,1,14,15,0,0,1,14
0x41a5a2,96.1538%,1,25,26,25,1,0,0
0x402d0d,98.8889%,1,89,90,0,0,1,89
0x417872,98.5507%,1,68,69,0,0,1,68
0x40e81e,92.3077%,1,12,13,0,0,1,12
0x41a594,96.1538%,1,25,26,0,0,1,25
0x401f1b,99.8498%,1,665,666,0,0,1,665
0x401d72,99.5951%,1,246,247,0,0,1,246
0x41a530,96.1538%,1,25,26,0,0,1,25
0x40da5c,93.75%,1,15,16,0,0,1,15
0x406575,80%,1,4,5,4,1,0,0
0x41a4bb,96.1538%,1,25,26,0,0,1,25
0x40acef,99.9017%,1,1016,1017,0,0,1,1016
0x41a4c0,96.1538%,1,25,26,25,1,0,0
0x41b3d7,99.3151%,1,145,146,145,1,0,0
0x40563c,80%,1,4,5,0,0,1,4
0x40ecae,97.4359%,1,38,39,0,0,1,38
0x40e6b0,98.6486%,1,73,74,73,1,0,0
0x40f402,0%,1,0,1,0,0,1,0
0x4141ca,92.3077%,1,12,13,12,1,0,0
0x41774a,95.6522%,1,22,23,22,1,0,0
0x4148bc,96.1538%,1,25,26,0,0,1,25
0x40f3f5,66.6667%,1,2,3,1,1,0,1
0x40c623,99.9582%,1,2390,2391,0,0,1,2390
0x4098af,99.9017%,1,1016,1017,0,0,1,1016
0x40df34,97.7778%,1,44,45,39,1,0,5
0x40eefc,91.6667%,1,11,12,0,1,0,11
0x413f9b,92.3077%,1,12,13,12,1,0,0
0x405caf,85.7143%,1,6,7,0,0,1,6
0x410856,99.768%,1,430,431,0,0,1,430
0x4110f6,99.8636%,1,732,733,0,0,1,732
0x417882,99.5169%,1,206,207,0,0,1,206
0x40e0f5,100%,0,190,190,190,0,0,0
0x458d75,100%,0,13530,13530,0,0,0,13530
0x406b57,100%,0,1011,1011,0,0,0,1011
0x41a475,100%,0,26,26,0,0,0,26
0x404f46,100%,0,73,73,0,0,0,73
0x41ab0a,100%,0,13478,13478,0,0,0,13478
0x40311e,100%,0,5,5,0,0,0,5
0x41b1d8,100%,0,146,146,0,0,0,146
0x40f60f,100%,0,3,3,1,0,0,2
0x41b116,100%,0,146,146,146,0,0,0
0x41b181,100%,0,146,146,146,0,0,0
0x413640,100%,0,26,26,0,0,0,26
0x46fe67,100%,0,55,55,0,0,0,55
0x40ea8d,100%,0,61,61,0,0,0,61
0x415db0,100%,0,63,63,63,0,0,0
0x40b896,100%,0,81,81,0,0,0,81
0x41b124,100%,0,146,146,146,0,0,0
0x4128ef,100%,0,1094,1094,0,0,0,1094
0x413795,100%,0,26,26,0,0,0,26
0x401b08,100%,0,13,13,0,0,0,13
0x40f6da,100%,0,3,3,0,0,0,3
0x4149e1,100%,0,26,26,0,0,0,26
0x40ac6a,100%,0,1017,1017,0,0,0,1017
0x401d08,100%,0,247,247,0,0,0,247
0x417424,100%,0,4,4,0,0,0,4
0x410689,100%,0,328,328,0,0,0,328
0x409dab,100%,0,41,41,0,0,0,41
0x41afe7,100%,0,146,146,146,0,0,0
0x414c85,100%,0,26,26,0,0,0,26
0x41a615,100%,0,234,234,0,0,0,234
0x41a522,100%,0,26,26,0,0,0,26
0x41a53e,100%,0,26,26,0,0,0,26
0x406507,100%,0,5,5,0,0,0,5
0x40e88d,100%,0,117,117,0,0,0,117
0x4159e0,100%,0,63,63,0,0,0,63
0x40297e,100%,0,2,2,0,0,0,2
0x41768b,100%,0,23,23,23,0,0,0
0x41795b,100%,0,15,15,0,0,0,15
0x40df0d,100%,0,5,5,0,0,0,5
0x40aa69,100%,0,1017,1017,0,0,0,1017
0x40e5ba,100%,0,80,80,0,0,0,80
0x40534a,100%,0,73,73,0,0,0,73
0x4086b8,100%,0,180,180,0,0,0,180
0x40b0fc,100%,0,34,34,0,0,0,34
0x417806,100%,0,23,23,0,0,0,23
0x407aed,100%,0,46,46,0,0,0,46
0x40c927,100%,0,2391,2391,0,0,0,2391
0x41b2ab,100%,0,146,146,0,0,0,146
0x410406,100%,0,367,367,0,0,0,367
0x4117ab,100%,0,891,891,0,0,0,891
0x40a94c,100%,0,225,225,0,0,0,225
0x41b281,100%,0,146,146,146,0,0,0
0x403423,100%,0,25,25,0,0,0,25
0x40c33a,100%,0,1017,1017,0,0,0,1017
0x407a7e,100%,0,215,215,0,0,0,215
0x40e17e,100%,0,5925,5925,0,0,0,5925
0x4079c7,100%,0,140,140,0,0,0,140
0x40d5df,100%,0,927,927,0,0,0,927
0x40f446,100%,0,41,41,0,0,0,41
0x41136b,100%,0,694,694,0,0,0,694
0x40ece2,100%,0,114,114,0,0,0,114
0x40ae85,100%,0,1017,1017,0,0,0,1017
0x40d001,100%,0,132,132,0,0,0,132
0x41abd9,100%,0,13478,13478,0,0,0,13478
0x458d85,100%,0,13530,13530,0,0,0,13530
0x408ba7,100%,0,54,54,0,0,0,54
0x41b250,100%,0,292,292,0,0,0,292
0x40e705,100%,0,666,666,0,0,0,666
0x40eaa1,100%,0,67,67,67,0,0,0
0x40c22e,100%,0,2314,2314,0,0,0,2314
0x40e9d8,100%,0,666,666,0,0,0,666
0x415dd8,100%,0,189,189,0,0,0,189
0x41b348,100%,0,146,146,0,0,0,146
0x4179c4,100%,0,44,44,0,0,0,44
0x413b86,100%,0,78,78,0,0,0,78
0x40eb20,100%,0,13,13,0,0,0,13
0x410cb6,100%,0,399,399,0,0,0,399
0x4073bd,100%,0,25,25,0,0,0,25
0x415813,100%,0,172,172,0,0,0,172
0x41359e,100%,0,5784,5784,3856,0,0,1928
0x41b4b7,100%,0,146,146,146,0,0,0
0x4157d5,100%,0,1053,1053,0,0,0,1053
0x415d63,100%,0,189,189,0,0,0,189
0x415cbb,100%,0,189,189,0,0,0,189
0x41a558,100%,0,26,26,0,0,0,26
0x414a06,100%,0,26,26,0,0,0,26
0x417a0c,100%,0,13,13,0,0,0,13
0x409912,100%,0,3051,3051,0,0,0,3051
0x415548,100%,0,3159,3159,0,0,0,3159
0x40eb54,100%,0,117,117,0,0,0,117
0x40eb72,100%,0,13,13,13,0,0,0
0x41afda,100%,0,146,146,146,0,0,0
0x40cbc8,100%,0,225,225,0,0,0,225
0x41739b,100%,0,13,13,0,0,0,13
0x410aeb,100%,0,392,392,0,0,0,392
0x40eac7,100%,0,117,117,0,0,0,117
0x40eab8,100%,0,13,13,0,0,0,13
0x40401c,100%,0,225,225,0,0,0,225
0x413cc5,100%,0,13,13,0,0,0,13
0x40b9a6,100%,0,73,73,0,0,0,73
0x40d2da,100%,0,29,29,0,0,0,29
0x40d127,100%,0,610,610,0,0,0,610
0x4177d3,100%,0,207,207,0,0,0,207
0x410f4b,100%,0,360,360,0,0,0,360
0x40ce17,100%,0,104,104,0,0,0,104
0x408b38,100%,0,192,192,0,0,0,192
0x40f583,100%,0,15,15,15,0,0,0
