Branch PC,Accuracy,Mispredictions,Correct Predictions,Total,dir_t_pred_t,dir_t_pred_nt,dir_nt_pred_t,dir_nt_pred_nt
aggregate,98.2928%,495640,28536335,29031975,18718571,178200,317440,9817764
0x41ac73,95.5728%,86251,1861977,1948228,1710894,39286,46965,151083
0x41ae23,95.6605%,68317,1505993,1574310,1487880,6284,62033,18113
0x41acba,99.2641%,14337,1933891,1948228,1521211,3536,10801,412680
0x411cdb,95.2797%,12204,246340,258544,228983,3529,8675,17357
0x411480,96.2221%,8613,219368,227981,193994,2995,5618,25374
0x41104e,95.5056%,7109,151067,158176,129092,1937,5172,21975
0x4120ef,96.8233%,7008,213595,220603,203153,2032,4976,10442
0x409d02,74.1575%,5506,15800,21306,4120,3299,2207,11680
0x4130f0,97.7016%,5230,222317,227547,198516,2318,2912,23801
0x410794,95.0742%,4529,87416,91945,75701,1667,2862,11715
0x40c953,75.7365%,4283,13369,17652,10881,887,3396,2488
0x412e6e,98.4139%,4094,254016,258110,227079,1129,2965,26937
0x409d27,77.1257%,4038,13615,17653,5032,2262,1776,8583
0x40bdac,77.4115%,3988,13667,17655,545,3215,773,13122
0x41ad1f,99.4704%,3820,717493,721313,640257,911,2909,77236
0x4118ce,96.2824%,3800,98417,102217,70620,1261,2539,27797
0x412633,94.3639%,3761,62969,66730,8375,2232,1529,54594
0x40f2d5,82.4655%,3758,17674,21432,17307,508,3250,367
0x40c0b8,80.9165%,3369,14285,17654,13652,242,3127,633
0x407968,60.6515%,3358,5176,8534,1757,1826,1532,3419
0x40c3fc,81.2033%,3318,14334,17652,486,2825,493,13848
0x40c713,82.0983%,3160,14492,17652,13760,581,2579,732
0x409b47,89.4611%,3039,25797,28836,12783,565,2474,13014
0x401dc4,72.2588%,3036,7908,10944,7188,663,2373,720
0x409b7f,80.5139%,3018,12470,15488,2420,2078,940,10050
0x412d38,98.6329%,3010,217159,220169,193467,1104,1906,23692
0x41321e,98.1039%,2991,154751,157742,139129,1216,1775,15622
0x406cc6,79.1109%,2965,11229,14194,2280,1857,1108,8949
0x410341,93.885%,2950,45292,48242,9138,1688,1262,36154
0x410c08,92.4613%,2945,36120,39065,20086,1148,1797,16034
0x40aa4d,95.4526%,2933,61565,64498,31,2300,633,61534
0x40f66f,91.6093%,2865,31280,34145,27899,506,2359,3381
0x401ce3,74.2325%,2820,8124,10944,1826,1745,1075,6298
0x40b308,95.7357%,2736,61425,64161,33,2303,433,61392
0x401d33,75.3381%,2699,8245,10944,1874,1554,1145,6371
0x406c9b,89.8768%,2695,23927,26622,11495,933,1762,12432
0x412fb0,97.366%,2681,99102,101783,70065,1160,1521,29037
0x40bcce,95.8683%,2671,61976,64647,106,2216,455,61870
0x409cc8,75.101%,2649,7990,10639,1373,1740,909,6617
0x406a70,69.0625%,2531,5650,8181,590,1723,808,5060
0x40bfff,86.2928%,2420,15235,17655,11199,571,1849,4036
0x4123df,84.81%,2342,13076,15418,7646,1304,1038,5430
0x402745,74.5778%,2288,6712,9000,820,1735,553,5892
0x402c4d,77.5506%,2273,7852,10125,1388,1434,839,6464
0x40ee5c,85.1104%,2191,12524,14715,11900,361,1830,624
0x40840b,65.598%,2189,4174,6363,279,1518,671,3895
0x4097ea,73.524%,2166,6015,8181,687,1626,540,5328
0x405b15,67.2953%,2081,4282,6363,314,1483,598,3968
0x40a83e,93.0469%,2005,26831,28836,25126,506,1499,1705
0x40218b,77.9222%,1987,7013,9000,1144,1315,672,5869
0x4063e7,68.8512%,1982,4381,6363,487,1402,580,3894
0x4087ef,69.3541%,1950,4413,6363,413,1476,474,4000
0x409c9f,90.1925%,1941,17850,19791,8544,608,1333,9306
0x40de8a,91.8811%,1940,21955,23895,5324,1085,855,16631
0x409bbc,82.7753%,1893,9097,10990,7636,453,1440,1461
0x415803,67.0155%,1828,3714,5542,3021,703,1125,693
0x409dc4,91.0464%,1772,18019,19791,17278,314,1458,741
0x407353,93.3551%,1769,24853,26622,23237,427,1342,1616
0x40f685,69.6516%,1742,3998,5740,3423,423,1319,575
0x4078de,66.6404%,1696,3388,5084,308,1187,509,3080
0x40f41e,76.2481%,1689,5422,7111,5245,322,1367,177
0x40c657,90.5563%,1667,15985,17652,11409,359,1308,4576
0x4157fb,68.4578%,1626,3529,5155,229,1202,424,3300
0x4134a1,98.2778%,1576,89935,91511,80563,556,1020,9372
0x405c10,66.6238%,1557,3108,4665,429,931,626,2679
0x415138,69.9846%,1556,3628,5184,3276,471,1085,352
0x40c2fb,91.2083%,1552,16101,17653,11341,428,1124,4760
0x40ee0e,93.5653%,1420,20648,22068,6631,618,802,14017
0x408b40,74.451%,1338,3899,5237,695,833,505,3204
0x408b5a,73.8124%,1290,3636,4926,751,713,577,2885
0x401a84,75.2894%,1281,3903,5184,469,747,534,3434
0x409965,78.8855%,1239,4629,5868,4454,346,893,175
0x4135e8,97.4837%,1203,46605,47808,41754,465,738,4851
0x40f567,93.4891%,1184,17001,18185,16984,93,1091,17
0x406b90,81.4417%,1089,4779,5868,4678,204,885,101
0x401cae,79.0123%,1088,4096,5184,3609,359,729,487
0x407765,76.1936%,1087,3479,4566,171,818,269,3308
0x406ced,89.4004%,1066,8991,10057,6685,421,645,2306
0x40a88e,86.982%,1065,7116,8181,7105,167,898,11
0x401cf1,90.3326%,1058,9886,10944,9413,315,743,473
0x40738b,87.0798%,1057,7124,8181,7097,175,882,27
0x404bfc,88.2458%,1054,7913,8967,7751,176,878,162
0x402a91,88.7333%,1014,7986,9000,7821,54,960,165
0x40df85,95.815%,1000,22895,23895,21065,175,825,1830
0x408879,77.7157%,997,3477,4474,3303,254,743,174
0x40332e,90.2321%,989,9136,10125,8885,115,874,251
0x405b65,78.4494%,984,3582,4566,3430,224,760,152
0x4089f0,74.642%,974,2867,3841,716,551,423,2151
0x409d5f,86.7288%,968,6326,7294,6003,292,676,323
0x40645c,78.4086%,966,3508,4474,3355,277,689,153
0x409574,84.8342%,965,5398,6363,5273,181,784,125
0x402577,89.3333%,960,8040,9000,7795,80,880,245
0x4084d5,84.9285%,959,5404,6363,5387,67,892,17
0x40689c,73.0177%,946,2560,3506,2404,260,686,156
0x4061a4,79.8285%,941,3724,4665,3499,254,687,225
0x40950d,76.2562%,912,2929,3841,2649,275,637,280
0x4083d5,82.5138%,889,4195,5084,3871,224,665,324
0x406482,74.672%,888,2618,3506,675,493,395,1943
0x401d41,91.9408%,882,10062,10944,9607,121,761,455
0x406209,86.3272%,870,5493,6363,5361,93,777,132
0x407a87,64.7755%,863,1587,2450,529,461,402,1058
0x409c15,73.0159%,850,2300,3150,212,521,329,2088
0x406c35,90.5116%,842,8032,8874,5505,411,431,2527
0x408a57,68.2984%,816,1758,2574,1599,281,535,159
0x408a76,56.325%,801,1033,1834,310,371,430,723
0x4068d3,87.443%,799,5564,6363,5325,129,670,239
0x40f714,86.8143%,798,5254,6052,3829,210,588,1425
0x407aa0,64.3404%,792,1429,2221,589,395,397,840
0x40f702,95.7012%,781,17387,18168,11752,364,417,5635
0x40f39a,89.4293%,752,6362,7114,6329,165,587,33
0x409acd,92.2181%,748,8864,9612,5960,448,300,2904
0x401de2,79.523%,747,2901,3648,2114,318,429,787
0x40564b,78.9306%,729,2731,3460,2247,196,533,484
0x407a57,54.8947%,728,886,1614,264,354,374,622
0x416203,86.5373%,694,4461,5155,4461,122,572,0
0x41515a,86.6319%,693,4491,5184,4489,119,574,2
0x401df5,86.8248%,683,4501,5184,4500,108,575,1
0x408bb9,68.901%,682,1511,2193,1345,167,515,166
0x403608,92.5%,675,8325,9000,8312,109,566,13
0x4064c2,71.3858%,669,1669,2338,1543,214,455,126
0x40f2eb,81.6975%,662,2955,3617,2906,108,554,49
0x406d2d,78.0075%,649,2302,2951,2167,114,535,135
0x409bf9,77.8008%,644,2257,2901,1783,216,428,474
0x409c5b,90.3896%,634,5963,6597,4017,381,253,1946
0x406d49,75.8436%,630,1978,2608,149,381,249,1829
0x4064d8,61.2422%,624,986,1610,209,360,264,777
0x401ad6,88.0594%,619,4565,5184,4565,43,576,0
0x413360,98.4054%,616,38015,38631,24253,235,381,13762
0x404d3c,83.4912%,575,2908,3483,2822,161,414,86
0x4040f5,93.6388%,572,8420,8992,8415,36,536,5
0x4046f4,63.8162%,567,1000,1567,865,163,404,135
0x40edbd,84.7283%,562,3118,3680,894,332,230,2224
0x403c89,93.8778%,551,8449,9000,7778,97,454,671
0x41115f,97.9961%,544,26603,27147,8006,298,246,18597
0x41ae1d,99.9658%,511,1493653,1494164,297634,199,312,1196019
0x403c3c,69.2982%,490,1106,1596,949,68,422,157
0x40736f,94.5571%,483,8391,8874,7835,53,430,556
0x41108f,98.2245%,482,26665,27147,3307,234,248,23358
0x40565c,94.6109%,482,8462,8944,755,347,135,7707
0x40f692,75.132%,471,1423,1894,1393,102,369,30
0x406dfc,77.6084%,470,1629,2099,475,225,245,1154
0x40f72e,76.7014%,469,1544,2013,1190,155,314,354
0x40ca76,87.9328%,467,3403,3870,1522,118,349,1881
0x40ea00,98.1042%,453,23442,23895,21070,170,283,2372
0x40d145,67.6428%,442,924,1366,80,291,151,844
0x408b14,79.845%,442,1751,2193,492,173,269,1259
0x411dc7,98.3213%,437,25595,26032,7610,198,239,17985
0x40a862,95.5368%,429,9183,9612,8479,65,364,704
0x40d884,60.2968%,428,650,1078,64,250,178,586
0x406e7a,88.6285%,427,3328,3755,3271,67,360,57
0x40aa5c,99.3196%,423,61744,62167,56233,17,406,5511
0x40d632,90.915%,421,4213,4634,4206,156,265,7
0x40b22f,94.9448%,417,7832,8249,7291,41,376,541
0x40b885,92.9765%,416,5507,5923,5385,106,310,122
0x4079b2,88.4175%,415,3168,3583,27,317,98,3141
0x4057b5,63.7333%,408,717,1125,592,158,250,125
0x41158a,98.6997%,403,30589,30992,11499,251,152,19090
0x40d3ca,91.3889%,403,4277,4680,4081,79,324,196
0x40c9fb,87.0531%,402,2703,3105,1311,81,321,1392
0x40ca24,92.7785%,400,5139,5539,5022,87,313,117
0x402e2f,81.286%,390,1694,2084,774,166,224,920
0x40babf,95.3159%,387,7875,8262,7277,67,320,598
0x40ced6,91.7735%,385,4295,4680,4292,52,333,3
0x406ddb,89.8829%,380,3376,3756,1498,159,221,1878
0x40eec7,85.8212%,379,2294,2673,655,178,201,1639
0x402e51,66.958%,378,766,1144,97,240,138,669
0x4114dd,98.6074%,378,26766,27144,26188,164,214,578
0x40ef3e,98.3231%,370,21694,22064,19534,80,290,2160
0x4114c1,98.8061%,370,30622,30992,3623,225,145,26999
0x401f73,86.064%,370,2285,2655,2285,75,295,0
0x41223d,97.6326%,365,15053,15418,5991,190,175,9062
0x410c59,97.953%,365,17466,17831,3554,189,176,13912
0x40b317,99.4112%,364,61461,61825,55839,60,304,5622
0x40cada,60.0439%,364,547,911,542,66,298,5
0x40e146,86.3653%,362,2293,2655,2292,68,294,1
0x401412,82.032%,359,1639,1998,1415,105,254,224
0x409840,99.3354%,351,52461,52812,46909,35,316,5552
0x412024,98.6288%,351,25247,25598,7336,162,189,17911
0x40ea11,86.855%,349,2306,2655,2306,54,295,0
0x410edd,97.9997%,348,17049,17397,3560,121,227,13489
0x40c9a2,94.1196%,346,5538,5884,5465,74,272,73
0x40e2ad,87.0056%,345,2310,2655,2310,50,295,0
0x40b57b,99.3566%,343,52964,53307,47347,37,306,5617
0x40ee7c,86.0636%,342,2112,2454,2110,46,296,2
0x40473e,96.2069%,341,8649,8990,7812,55,286,837
0x40d15f,65.9296%,339,656,995,20,228,111,636
0x405c52,89.8033%,337,2968,3305,2946,76,261,22
0x410fb4,98.0744%,335,17062,17397,5645,153,182,11417
0x40e0d5,52.6316%,333,370,703,19,127,206,351
0x407aff,79.368%,333,1281,1614,1182,88,245,99
0x40d37d,75.9151%,329,1037,1366,955,75,254,82
0x410473,96.9703%,328,10498,10826,2708,159,169,7790
0x40eee3,81.7621%,325,1457,1782,1438,46,279,19
0x40f6f2,99.0537%,323,33809,34132,16878,190,133,16931
0x40ca95,91.6796%,322,3548,3870,3362,78,244,186
0x412629,97.9806%,321,15575,15896,2220,160,161,13355
0x40afcd,94.59%,320,5595,5915,5477,90,230,118
0x41212f,97.6881%,315,13310,13625,12713,97,218,597
0x40ca9e,96.1735%,314,7892,8206,7246,49,265,646
0x411309,98.8395%,310,26403,26713,3329,150,160,23074
0x411d18,98.7074%,310,23673,23983,23227,96,214,446
0x408b81,79.7814%,296,1168,1464,1137,54,242,31
0x411cfc,98.8706%,294,25738,26032,1874,175,119,23864
0x4108ba,97.99%,293,14284,14577,2949,174,119,11335
0x40daca,72.7948%,293,784,1077,736,70,223,48
0x405c98,57.3551%,287,386,673,134,143,144,252
0x412113,98.1515%,285,15133,15418,1628,165,120,13505
0x411b78,99.0703%,278,29624,29902,3854,154,124,25770
0x40f432,82.0596%,277,1267,1544,1252,58,219,15
0x40d89e,64.3979%,272,492,764,50,191,81,442
0x411923,98.9682%,271,25995,26266,25701,76,195,294
0x4033f9,97.363%,267,9858,10125,8986,14,253,872
0x40ee1b,98.2253%,263,14556,14819,7203,150,113,7353
0x40a977,97.4519%,258,9867,10125,8980,20,238,887
0x411c44,99.1405%,257,29645,29902,10620,125,132,19025
0x411196,96.9653%,252,8052,8304,1149,107,145,6903
0x411a06,97.7205%,252,10803,11055,677,134,118,10126
0x411f5e,99.0234%,250,25348,25598,1859,128,122,23489
0x40f2ff,50.3043%,245,248,493,71,95,150,177
0x40224b,53.3074%,240,274,514,50,115,125,224
0x402ef2,88.3642%,239,1815,2054,1787,47,192,28
0x40f745,64.521%,237,431,668,407,44,193,24
0x40db1a,94.9061%,236,4397,4633,4077,42,194,320
0x40f578,79.4224%,228,880,1108,806,50,178,74
0x41241f,97.3724%,226,8375,8601,7761,87,139,614
0x40ca1a,92.818%,223,2882,3105,2694,66,157,188
0x40defd,99.8615%,218,157156,157374,139678,210,8,17478
0x41295a,97.4753%,215,8301,8516,4505,97,118,3796
0x4110ab,99.0892%,215,23391,23606,22814,74,141,577
0x406d96,82.9073%,214,1038,1252,694,140,74,344
0x40de09,91.9397%,214,2441,2655,2349,11,203,92
0x4113c4,99.2026%,213,26500,26713,7891,103,110,18609
0x401420,89.3894%,212,1786,1998,1732,44,168,54
0x41ac53,99.971%,209,721105,721314,377899,80,129,343206
0x412276,96.6348%,208,5973,6181,1252,70,138,4721
0x40ce12,95.5769%,207,4473,4680,4025,135,72,448
0x410d56,96.611%,207,5901,6108,961,69,138,4940
0x413d30,63.2616%,205,353,558,351,145,60,2
0x4052c1,59.4%,203,297,500,41,93,110,256
0x40f593,78.7975%,201,747,948,724,58,143,23
0x40ef76,94.5593%,200,3476,3676,2389,63,137,1087
0x40e0c5,75.8202%,199,624,823,4,116,83,620
0x412853,96.6784%,198,5763,5961,341,93,105,5422
0x40ef31,92.5815%,198,2471,2669,2327,48,150,144
0x4103c4,98.0348%,193,9628,9821,9419,43,150,209
0x407449,98.1136%,191,9934,10125,8961,39,152,973
0x406e1f,86.3474%,191,1208,1399,1197,44,147,11
0x405360,62.4%,188,312,500,284,72,116,28
0x40f325,99.1351%,185,21204,21389,14248,27,158,6956
0x40eed0,89.9457%,185,1655,1840,813,78,107,842
0x4019b9,96.4313%,185,4999,5184,4582,26,159,417
0x41ad47,99.977%,184,801274,801458,721164,149,35,80110
0x411325,99.2167%,182,23052,23234,22630,72,110,422
0x412660,98.5986%,182,12805,12987,12102,39,143,703
0x46fda7,96.2547%,180,4626,4806,204,66,114,4422
0x409df7,97.3018%,178,6419,6597,5844,20,158,575
0x40d1a3,76.7068%,174,573,747,557,54,120,16
0x41adab,99.9733%,171,640997,641168,640997,171,0,0
0x410c75,98.7933%,170,13918,14088,13596,51,119,322
0x412d46,97.7461%,169,7329,7498,788,74,95,6541
0x40e066,99.2809%,169,23334,23503,23334,23,146,0
0x402de7,71.6216%,168,424,592,270,72,96,154
0x4027e0,61.6628%,166,267,433,20,96,70,247
0x41175c,99.3912%,163,26609,26772,26099,67,96,510
0x412b00,98.9122%,163,14821,14984,1639,92,71,13182
0x40b995,62.7315%,161,271,432,106,65,96,165
0x40f309,50.7645%,161,166,327,127,65,96,39
0x410d1a,99.0971%,161,17670,17831,6070,38,123,11600
0x41a64a,86.1111%,160,992,1152,992,32,128,0
0x4013c2,91.992%,160,1838,1998,1836,46,114,2
0x40e8a8,99.6614%,158,46498,46656,41371,101,57,5127
0x4108f6,94.9408%,158,2965,3123,1144,50,108,1821
0x4103a8,98.5406%,158,10668,10826,930,75,83,9738
0x4058a9,98.4395%,158,9967,10125,8995,5,153,972
0x409d75,84.2843%,157,842,999,745,46,111,97
0x4107ed,98.923%,157,14420,14577,1428,73,84,12992
0x40eadd,96.9907%,156,5028,5184,4567,41,115,461
0x40ca7a,93.0493%,155,2075,2230,1092,73,82,983
0x412bcc,98.9923%,151,14833,14984,5762,109,42,9071
0x412fbe,98.6888%,150,11290,11440,1034,98,52,10256
0x4119ca,99.5055%,150,30186,30336,10982,73,77,19204
0x40cbf3,98.5185%,150,9975,10125,8989,11,139,986
0x40efc1,63.8821%,147,260,407,254,18,129,6
0x412884,98.2738%,147,8369,8516,177,110,37,8192
0x402595,87.1111%,145,980,1125,980,20,125,0
0x411740,99.5255%,145,30413,30558,3715,71,74,26698
0x40e5c3,62.7249%,145,244,389,72,78,67,172
0x403e6c,87.2%,144,981,1125,981,19,125,0
0x401f62,99.3974%,144,23751,23895,21218,22,122,2533
0x411814,99.532%,143,30415,30558,11391,49,94,19024
0x411907,99.5319%,142,30194,30336,3996,74,68,26198
0x40e73a,52.5424%,140,155,295,14,92,48,141
0x40cbff,87.5556%,140,985,1125,985,15,125,0
0x4048c9,87.5556%,140,985,1125,985,15,125,0
0x402ae5,87.6444%,139,986,1125,986,14,125,0
0x40b8ec,68.287%,137,295,432,6,93,44,289
0x40340f,87.8222%,137,988,1125,988,12,125,0
0x40f2f5,77.2803%,137,466,603,27,83,54,439
0x4058b5,87.9111%,136,989,1125,989,11,125,0
0x409d0d,99.0351%,134,13753,13887,8,99,35,13745
0x40334d,88.0889%,134,991,1125,991,9,125,0
0x40c9ff,92.1775%,134,1579,1713,782,75,59,797
0x414625,88.4549%,133,1019,1152,1013,11,122,6
0x40a983,88.1778%,133,992,1125,992,8,125,0
0x4022cc,74.5136%,131,383,514,381,49,82,2
0x401f94,55.9322%,130,165,295,156,14,116,9
0x40d8e0,75.3346%,129,394,523,334,50,79,60
0x411b94,99.5018%,129,25765,25894,25561,30,99,204
0x412645,99.7701%,129,55994,56123,2826,83,46,53168
0x40369c,91.9173%,129,1467,1596,1451,37,92,16
0x40f2a3,99.4121%,126,21306,21432,14271,26,100,7035
0x407455,88.8%,126,999,1125,999,1,125,0
0x410b54,99.1162%,125,14018,14143,2745,68,57,11273
0x410a85,99.1232%,124,14019,14143,1413,26,98,12606
0x4106ec,98.8164%,123,10269,10392,2501,56,67,7768
0x411f7a,99.4833%,122,23489,23611,23106,31,91,383
0x408837,99.697%,122,40144,40266,35765,27,95,4379
0x411e06,98.4503%,121,7687,7808,928,58,63,6759
0x410809,99.0899%,119,12957,13076,12561,74,45,396
0x40b0eb,65.8046%,119,229,348,223,11,108,6
0x401dd6,98.9218%,118,10826,10944,7270,26,92,3556
0x40d861,98.7838%,118,9584,9702,8588,36,82,996
0x4057c6,68.5333%,118,257,375,238,12,106,19
0x401aef,79.5139%,118,458,576,458,54,64,0
0x40cbe7,99.8716%,117,91008,91125,80888,112,5,10120
0x40844d,99.7153%,117,40977,41094,36427,101,16,4550
0x40417c,92.543%,117,1452,1569,1451,26,91,1
0x402e78,85.6258%,116,691,807,647,20,96,44
0x40e79e,88.1551%,113,841,954,841,7,106,0
0x406335,98.631%,112,8069,8181,7266,6,106,803
0x40d62d,99.7315%,112,41594,41706,37061,11,101,4533
0x406e97,91.0472%,112,1139,1251,1088,24,88,51
0x40e8b4,97.8395%,112,5072,5184,4579,29,83,493
0x417931,83.5799%,111,565,676,562,42,69,3
0x40199e,97.8781%,110,5074,5184,0,0,110,5074
0x40f57e,56.3492%,110,142,252,54,38,72,88
0x409582,87.8988%,110,799,909,799,9,101,0
0x404170,99.2423%,107,14014,14121,12538,14,93,1476
0x403284,60.3704%,107,163,270,158,22,85,5
0x40e92a,97.936%,107,5077,5184,4588,20,87,489
0x410ef9,99.2272%,106,13610,13716,13427,34,72,183
0x40b24f,88.4406%,106,811,917,811,4,102,0
0x40cb1f,65.0165%,106,197,303,197,5,101,0
0x402d90,86.3049%,106,668,774,485,31,75,183
0x4027b2,98.3708%,105,6340,6445,6340,23,82,0
0x412403,98.8268%,105,8845,8950,268,81,24,8577
0x40a8ad,88.4488%,105,804,909,804,4,101,0
0x409c20,95.6558%,105,2312,2417,119,50,55,2193
0x406932,88.5589%,104,805,909,805,3,101,0
0x40bae1,88.78%,103,815,918,815,1,102,0
0x40621c,88.6689%,103,806,909,806,2,101,0
0x4084e1,88.6689%,103,806,909,806,2,101,0
0x413418,98.0302%,103,5126,5229,0,0,103,5126
0x40f5bb,58.1967%,102,142,244,32,37,65,110
0x4073aa,88.7789%,102,807,909,807,1,101,0
0x40f6a1,74.6867%,101,298,399,293,18,83,5
0x403015,62.963%,100,170,270,113,67,33,57
0x410645,98.9417%,100,9349,9449,9206,70,30,143
0x46fe2a,63.3333%,99,171,270,157,49,50,14
0x402ca5,98.6444%,99,7204,7303,7204,13,86,0
0x412c00,98.3137%,99,5772,5871,1147,51,48,4625
0x411680,99.6887%,98,31384,31482,0,0,98,31384
0x40ea3f,66.7797%,98,197,295,5,59,39,192
0x4013d0,95.1952%,96,1902,1998,1775,1,95,127
0x4021d2,98.5629%,94,6447,6541,6447,10,84,0
0x40acc3,99.8272%,92,53134,53226,47289,23,69,5845
0x406b35,99.8258%,92,52720,52812,35171,37,55,17549
0x4021cd,99.8437%,92,58777,58869,52252,76,16,6525
0x40b215,88.1596%,92,685,777,684,26,66,1
0x46fed8,65.9259%,92,178,270,178,28,64,0
0x4030b3,66.2963%,91,179,270,176,4,87,3
0x40acb8,99.9812%,90,478944,479034,425751,57,33,53193
0x40f3b3,83.9286%,90,470,560,450,18,72,20
0x40280d,96.8454%,90,2763,2853,2510,26,64,253
0x40285c,79.0698%,90,340,430,339,12,78,1
0x405c4d,99.7008%,89,29656,29745,26363,77,12,3293
0x45c353,99.8893%,89,80308,80397,0,0,89,80308
0x40150f,86.7868%,88,578,666,432,12,76,146
0x40e266,99.6305%,88,23730,23818,21173,12,76,2557
0x40bcdd,99.8588%,88,62237,62325,42261,24,64,19976
0x41298f,98.0878%,88,4514,4602,946,55,33,3568
0x40f59e,47.5904%,87,79,166,56,26,61,23
0x40d1db,37.5%,85,51,136,26,40,45,25
0x401b23,98.3603%,85,5099,5184,4595,13,72,504
0x403690,99.4082%,85,14279,14364,12718,50,35,1561
0x40ddfd,99.6443%,85,23810,23895,21158,82,3,2652
0x41199e,99.894%,83,78226,78309,51976,67,16,26250
0x41322c,98.5685%,83,5715,5798,865,41,42,4850
0x409d32,99.2181%,81,10278,10359,50,75,6,10228
0x41621d,86.014%,80,492,572,492,18,62,0
0x4124bf,99.1061%,80,8870,8950,4907,5,75,3963
0x4134b7,96.8713%,80,2477,2557,1479,8,72,998
0x40e5d4,76.4179%,79,256,335,244,9,70,12
0x40d920,43.8849%,78,61,139,38,30,48,23
0x4014f2,96.1461%,77,1921,1998,1921,35,42,0
0x407ac7,92.1748%,77,907,984,905,18,59,2
0x40eb0d,86.8056%,76,500,576,0,0,76,500
0x4015c1,98.534%,76,5108,5184,4602,6,70,506
0x4089ff,99.6762%,75,23091,23166,20555,37,38,2536
0x4106ce,99.7338%,75,28099,28174,18703,22,53,9396
0x40eb6a,86.9792%,75,501,576,499,13,62,2
0x4158e4,98.5451%,75,5080,5155,5070,27,48,10
0x401eb4,74.5763%,75,220,295,0,0,75,220
0x414e6e,86.9792%,75,501,576,501,11,64,0
0x413caa,40.3226%,74,50,124,0,62,12,50
0x417734,96.6758%,73,2123,2196,1885,67,6,238
0x41aaec,99.9089%,73,80072,80145,0,0,73,80072
0x40b570,99.9848%,73,479690,479763,426397,59,14,53293
0x4030a2,72.963%,73,197,270,194,16,57,3
0x40791d,99.7771%,72,32229,32301,28664,48,24,3565
0x413619,42.8571%,72,54,126,53,11,61,1
0x40e9f4,99.9665%,72,214983,215055,191090,70,2,23893
0x406d21,99.7327%,71,26488,26559,23571,37,34,2917
0x41336e,97.476%,71,2742,2813,1037,33,38,1705
0x40eb1b,87.6736%,71,505,576,505,7,64,0
0x406e51,55.0633%,71,87,158,86,61,10,1
0x401b2c,87.8472%,70,506,576,506,6,64,0
0x40f5ce,60.5714%,69,106,175,6,42,27,100
0x40f124,90.4167%,69,651,720,628,12,57,23
0x40ca7f,97.4492%,69,2636,2705,2636,66,3,0
0x45a235,99.9142%,69,80328,80397,0,0,69,80328
0x413ff5,88.1944%,68,508,576,508,4,64,0
0x409bb7,99.9313%,68,98842,98910,87884,36,32,10958
0x40f315,49.6296%,68,67,135,22,21,47,45
0x414202,47.6562%,67,61,128,56,8,59,5
0x403273,75.1852%,67,203,270,201,9,58,2
0x414ffe,88.3681%,67,509,576,508,4,63,1
0x40eee8,77.5168%,67,231,298,227,22,45,4
0x412e7c,99.3765%,67,10678,10745,663,24,43,10015
0x40cc13,46.4%,67,58,125,58,2,65,0
0x409924,99.8731%,67,52745,52812,35167,41,26,17578
0x402f0f,88.2562%,66,496,562,496,10,56,0
0x411ffe,99.9062%,66,70293,70359,46735,13,53,23558
0x40e568,99.7221%,66,23682,23748,23682,12,54,0
0x45c9e3,99.9179%,66,80331,80397,0,0,66,80331
0x414025,88.5417%,66,510,576,510,2,64,0
0x414270,88.7153%,65,511,576,511,1,64,0
0x40d414,87.5%,65,455,520,455,0,65,0
0x40135c,96.7467%,65,1933,1998,1721,55,10,212
0x40c2cf,99.5321%,65,13828,13893,0,0,65,13828
0x4179f0,67.5%,65,135,200,135,1,64,0
0x40f5dd,48.8189%,65,62,127,8,34,31,54
0x414d9b,49.2188%,65,63,128,63,1,64,0
0x40e936,88.8889%,64,512,576,512,0,64,0
0x41139e,99.9075%,64,69106,69170,45925,11,53,23181
0x40db5c,87.5486%,64,450,514,450,0,64,0
0x40e8c0,88.8889%,64,512,576,512,0,64,0
0x408b7c,99.5143%,64,13112,13176,11684,28,36,1428
0x4015d6,88.8889%,64,512,576,512,0,64,0
0x415107,88.8889%,64,512,576,512,0,64,0
0x401e2c,88.8889%,64,512,576,512,0,64,0
0x40eaeb,88.8889%,64,512,576,512,0,64,0
0x415166,88.8889%,64,512,576,512,0,64,0
0x4019c5,88.8889%,64,512,576,512,0,64,0
0x405a0a,93.0693%,63,846,909,0,0,63,846
0x40e7ee,78.9831%,62,233,295,194,37,25,39
0x408b65,98.2091%,62,3400,3462,5,59,3,3395
0x46fe4f,76.1719%,61,195,256,192,0,61,3
0x40e662,97.7024%,61,2594,2655,1761,9,52,833
0x4086ee,99.2544%,61,8120,8181,7261,11,50,859
0x411c1e,99.9212%,61,77318,77379,51474,11,50,25844
0x407ac2,99.3112%,61,8795,8856,7846,26,35,949
0x412b1c,99.5397%,61,13192,13253,12605,19,42,587
0x4079ad,99.8139%,60,32187,32247,28616,48,12,3571
0x46fe6e,77.7778%,60,210,270,0,0,60,210
0x4140b8,68.75%,60,132,192,109,19,41,23
0x40af3a,99.8892%,59,53167,53226,47261,51,8,5906
0x40450c,35.8696%,59,33,92,27,58,1,6
0x40d561,98.7271%,59,4576,4635,4108,12,47,468
0x45c367,99.9279%,58,80339,80397,0,0,58,80339
0x40e5c8,75.7322%,58,181,239,0,54,4,181
0x40b0c8,94.0144%,58,911,969,911,25,33,0
0x41267d,99.3631%,57,8893,8950,8869,1,56,24
0x40e74b,47.1698%,56,50,106,0,0,56,50
0x4020fd,99.4469%,56,10069,10125,8951,49,7,1118
0x4124f6,98.8599%,56,4856,4912,1116,9,47,3740
0x40f766,74.1935%,56,161,217,161,5,51,0
0x40e729,97.8908%,56,2599,2655,2356,4,52,243
0x40b1fb,92.7928%,56,721,777,518,0,56,203
0x40227d,98.2171%,56,3085,3141,2788,4,52,297
0x4128a0,99.3195%,56,8173,8229,7647,15,41,526
0x408b27,99.6001%,55,13697,13752,12197,27,28,1500
0x4115c6,99.5319%,55,11695,11750,1233,23,32,10462
0x40b186,84.2105%,54,288,342,200,28,26,88
0x409cdb,99.9203%,54,67680,67734,60177,31,23,7503
0x4104b6,98.1165%,54,2813,2867,1568,43,11,1245
0x401503,97.2973%,54,1944,1998,1305,27,27,639
0x4141b4,72.3958%,53,139,192,128,0,53,11
0x40f1da,92.6389%,53,667,720,640,0,53,27
0x41552b,99.6573%,53,15412,15465,0,0,53,15412
0x410cee,99.8733%,53,41770,41823,27725,10,43,14045
0x414135,72.3958%,53,139,192,128,0,53,11
0x410629,99.4996%,52,10340,10392,902,41,11,9438
0x4058c6,58.4%,52,73,125,19,5,47,54
0x40b034,85.0575%,52,296,348,3,22,30,293
0x417634,80%,52,208,260,3,13,39,205
0x41249e,99.7964%,51,24999,25050,16401,48,3,8598
0x40f3a4,59.2%,51,74,125,42,23,28,32
0x45c3bb,99.9378%,50,80347,80397,0,0,50,80347
0x40ead4,99.8928%,50,46606,46656,41438,34,16,5168
0x40acef,99.1545%,50,5864,5914,0,0,50,5864
0x410504,98.673%,50,3718,3768,3718,50,0,0
0x414055,91.3194%,50,526,576,512,0,50,14
0x41359e,98.4735%,49,3161,3210,2118,22,27,1043
0x402c9d,99.9254%,49,65678,65727,58382,42,7,7296
0x40d122,99.6096%,48,12246,12294,10916,12,36,1330
0x40dd9d,83.7288%,48,247,295,0,0,48,247
0x40fd0d,5.88235%,48,3,51,2,32,16,1
0x409b92,99.9525%,47,98863,98910,87880,40,7,10983
0x40b226,93.9511%,47,730,777,518,0,47,212
0x41ae54,99.9707%,47,160245,160292,80126,20,27,80119
0x46fdac,99.0089%,47,4695,4742,4695,47,0,0
0x417a8b,82.3077%,46,214,260,213,18,28,1
0x40df9f,98.2674%,46,2609,2655,2348,12,34,261
0x40bf9f,99.9632%,46,125009,125055,111118,42,4,13891
0x411d8e,99.9355%,46,71243,71289,47298,8,38,23945
0x4117ee,99.9423%,46,79664,79710,52934,4,42,26730
0x415da7,73.5632%,46,128,174,111,5,41,17
0x4031d6,82.963%,46,224,270,177,3,43,47
0x40b0d9,95.356%,45,924,969,646,0,45,278
0x41abe6,99.9719%,45,160247,160292,80137,9,36,80110
0x40641f,99.8882%,45,40221,40266,35758,34,11,4463
0x40b15b,86.8421%,45,297,342,225,3,42,72
0x40f7d4,90.1961%,45,414,459,391,17,28,23
0x4026a5,99.5556%,45,10080,10125,8980,20,25,1100
0x407a6d,99.5091%,44,8920,8964,7956,12,32,964
0x4064b6,99.7909%,44,20998,21042,18665,39,5,2333
0x404385,52.1739%,44,48,92,37,14,30,11
0x412a4e,99.7964%,44,21562,21606,10762,41,3,10800
0x40e243,59.633%,44,65,109,8,22,22,57
0x402da1,50%,43,43,86,0,0,43,43
0x40ced1,99.8979%,43,42077,42120,37415,25,18,4662
0x4055be,91.1523%,43,443,486,430,2,41,13
0x41482e,88.8021%,43,341,384,243,13,30,98
0x41ac10,99.9732%,43,160249,160292,80114,32,11,80135
0x40faa7,90.6318%,43,416,459,402,6,37,14
0x408a81,96.2706%,43,1110,1153,1110,30,13,0
0x41ac79,99.9788%,42,198006,198048,198006,42,0,0
0x4019ad,99.91%,42,46614,46656,41447,25,17,5167
0x40743d,99.9539%,42,91083,91125,80976,24,18,10107
0x407460,66.4%,42,83,125,1,23,19,82
0x402ece,84.4444%,42,228,270,228,12,30,0
0x40f5ec,51.7647%,41,44,85,6,28,13,38
0x417aab,68.7023%,41,90,131,89,27,14,1
0x40c8fb,99.9682%,41,129028,129069,114709,19,22,14319
0x410aa1,99.6773%,41,12663,12704,12435,14,27,228
0x4130fe,99.4871%,41,7953,7994,1126,6,35,6827
0x40efa7,96.6503%,41,1183,1224,816,1,40,367
0x45c3c7,99.949%,41,80356,80397,0,0,41,80356
0x407ae8,92.5319%,41,508,549,485,3,38,23
0x4126d1,94.4444%,40,680,720,640,0,40,40
0x40f3c7,66.1017%,40,78,118,69,7,33,9
0x40cf0a,98.6772%,40,2984,3024,2671,17,23,313
0x402d9c,84.4961%,40,218,258,168,4,36,50
0x40f6b1,55.6818%,39,49,88,6,27,12,43
0x4157c7,99.7478%,39,15426,15465,10304,6,33,5122
0x402102,96.5333%,39,1086,1125,0,0,39,1086
0x41b015,96.1%,39,961,1000,0,0,39,961
0x40afde,88.7931%,39,309,348,0,0,39,309
0x40e792,99.5458%,39,8547,8586,7628,4,35,919
0x45a20a,99.9515%,39,80358,80397,0,0,39,80358
0x45c3d0,99.9515%,39,80358,80397,0,0,39,80358
0x410f8e,99.9046%,39,40854,40893,27164,13,26,13690
0x403290,57.7778%,38,52,90,31,29,9,21
0x401f4f,99.9823%,38,215017,215055,191136,24,14,23881
0x41358d,99.4081%,38,6382,6420,3172,38,0,3210
0x403600,99.9531%,38,80962,81000,71976,24,14,8986
0x4157b6,99.9181%,38,46357,46395,30904,26,12,15453
0x41308d,99.9402%,37,61811,61848,30911,13,24,30900
0x41292e,99.8466%,37,24083,24120,15879,12,25,8204
0x45c9d3,99.954%,37,80360,80397,0,0,37,80360
0x40f2b3,99.7412%,37,14260,14297,7146,11,26,7114
0x40f39f,94.1935%,36,584,620,491,4,32,93
0x40497f,96.8%,36,1089,1125,0,0,36,1089
0x405638,33.3333%,36,18,54,13,10,26,5
0x4121ae,99.9101%,36,40024,40060,26422,13,23,13602
0x40ba93,95.5556%,36,774,810,540,0,36,234
0x4173d4,72.5191%,36,95,131,91,10,26,4
0x412a5f,99.6668%,36,10767,10803,7191,11,25,3576
0x458d97,99.9552%,36,80361,80397,0,0,36,80361
0x415d96,93.1034%,36,486,522,348,0,36,138
0x406b46,99.7955%,36,17568,17604,11729,7,29,5839
0x410b2e,99.9075%,35,37822,37857,25152,1,34,12670
0x45c3a3,99.9565%,35,80362,80397,0,0,35,80362
0x4179d3,94.3089%,35,580,615,0,8,27,580
0x409da6,98.1303%,35,1837,1872,1662,2,33,175
0x406d65,98.3157%,35,2043,2078,1938,0,35,105
0x458e3e,99.9565%,35,80362,80397,80362,35,0,0
0x40b81e,99.426%,34,5889,5923,0,0,34,5889
0x405429,76.3889%,34,110,144,84,6,28,26
0x402ea9,75.7143%,34,106,140,106,4,30,0
0x4040f0,99.958%,34,80894,80928,71915,21,13,8979
0x402e9d,97.3016%,34,1226,1260,1118,2,32,108
0x40b198,90.2299%,34,314,348,77,12,22,237
0x41ab24,99.9576%,34,80111,80145,80111,34,0,0
0x417892,97.9336%,33,1564,1597,1159,1,32,405
0x458d85,99.959%,33,80364,80397,0,0,33,80364
0x40f446,85.8974%,33,201,234,0,0,33,201
0x40aada,99.938%,33,53220,53253,47318,18,15,5902
0x40775d,99.9197%,33,41061,41094,36504,24,9,4557
0x412da1,99.8342%,33,19875,19908,19875,33,0,0
0x40a992,73.6%,33,92,125,0,24,9,92
0x412ccd,99.8823%,33,28005,28038,14002,17,16,14003
0x458d59,99.959%,33,80364,80397,0,0,33,80364
0x402f3f,88.1481%,32,238,270,238,2,30,0
0x40ba30,92.5926%,32,400,432,139,23,9,261
0x4116ad,99.9492%,32,62932,62964,31463,19,13,31469
0x45c9ca,99.9614%,31,80366,80397,0,0,31,80366
0x41789f,92.9062%,31,406,437,335,4,27,71
0x41155e,99.9616%,31,80609,80640,53484,12,19,27125
0x40b9fe,96.0409%,31,752,783,522,0,31,230
0x41b59e,96.9%,31,969,1000,0,0,31,969
0x40561d,93.6214%,31,455,486,431,1,30,24
0x46fdd3,99.3463%,31,4711,4742,0,0,31,4711
0x412cde,99.7789%,31,13988,14019,9318,28,3,4670
0x40da73,94.9346%,31,581,612,544,0,31,37
0x40b73d,99.4935%,30,5893,5923,0,0,30,5893
0x40bcf4,99.8503%,30,20010,20040,14128,27,3,5882
0x40e67f,96.6102%,30,855,885,587,3,27,268
0x403111,88.8889%,30,240,270,240,0,30,0
0x40f5ff,41.1765%,30,21,51,6,15,15,15
0x40302b,66.6667%,30,60,90,60,0,30,0
0x40b045,90.7121%,30,293,323,0,0,30,293
0x40bcc9,99.8658%,30,22332,22362,0,0,30,22332
0x40b986,96.997%,30,969,999,666,0,30,303
0x417904,96.1588%,30,751,781,697,3,27,54
0x41088e,99.9227%,30,38757,38787,25707,4,26,13050
0x40df02,99.8342%,29,17457,17486,17457,29,0,0
0x40e62a,99.8776%,29,23665,23694,21090,3,26,2575
0x4031f5,67.7778%,29,61,90,58,2,27,3
0x415de5,83.908%,28,146,174,32,26,2,114
0x4030bf,68.8889%,28,62,90,59,1,27,3
0x4116c2,99.9111%,28,31454,31482,20960,28,0,10494
0x412bae,99.9284%,28,39102,39130,25872,5,23,13230
0x405b5d,99.9319%,28,41066,41094,36512,16,12,4554
0x45a30d,99.9652%,28,80369,80397,0,0,28,80369
0x40e061,99.9868%,28,211499,211527,188006,18,10,23493
0x458d75,99.9664%,27,80370,80397,0,0,27,80370
0x4178f3,96.6165%,27,771,798,1,16,11,770
0x405513,50%,27,27,54,27,27,0,0
0x4056ff,86.9565%,27,180,207,180,4,23,0
0x40f5a8,67.8571%,27,57,84,0,0,27,57
0x40573c,86.9565%,27,180,207,180,4,23,0
0x41a530,79.6875%,26,102,128,0,0,26,102
0x4033ed,99.9715%,26,91099,91125,80991,9,17,10108
0x4155bf,99.8319%,26,15439,15465,0,0,26,15439
0x4175a4,90.0383%,26,235,261,222,10,16,13
0x40a96b,99.9715%,26,91099,91125,80992,8,18,10107
0x4056cd,87.9227%,25,182,207,182,2,23,0
0x40d331,95.8541%,25,578,603,526,10,15,52
0x40654e,91.5825%,25,272,297,262,2,23,10
0x410e3d,99.9179%,25,30443,30468,15233,1,24,15210
0x408ba2,98.9825%,25,2432,2457,2183,1,24,249
0x407aab,98.0598%,24,1213,1237,0,6,18,1213
0x40e1e5,99.8993%,24,23816,23840,23816,2,22,0
0x40eb5e,99.537%,24,5160,5184,4591,17,7,569
0x458dc9,99.9701%,24,80373,80397,80373,24,0,0
0x45a86d,99.9714%,23,80374,80397,80374,23,0,0
0x41112e,99.9672%,23,70077,70100,46488,6,17,23589
0x412832,99.7407%,23,8847,8870,2894,15,8,5953
0x45c37b,99.9714%,23,80374,80397,80374,23,0,0
0x40cbc8,97.9556%,23,1102,1125,0,0,23,1102
0x40b324,99.6119%,23,5903,5926,0,0,23,5903
0x408a52,99.905%,22,23144,23166,20583,9,13,2561
0x41b449,99.7556%,22,8978,9000,5996,4,18,2982
0x417924,96.7883%,22,663,685,0,9,13,663
0x40e248,72.1519%,22,57,79,1,21,1,56
0x40e91b,96.1806%,22,554,576,0,0,22,554
0x405a3e,99.7311%,22,8159,8181,7268,4,18,891
0x406b8b,99.9583%,22,52790,52812,46939,5,17,5851
0x40279d,99.9621%,22,57983,58005,51544,16,6,6439
0x40c5ef,99.9837%,21,129048,129069,114709,19,2,14339
0x40589d,99.977%,21,91104,91125,80984,16,5,10120
0x4155e6,99.9547%,21,46374,46395,30922,8,13,15452
0x40eef6,57.1429%,21,28,49,1,7,14,27
0x40e107,99.9101%,21,23336,23357,20843,5,16,2493
0x403545,99.7926%,21,10104,10125,8987,13,8,1117
0x4177a3,99.0411%,21,2169,2190,1944,3,18,225
0x40b394,99.9625%,20,53314,53334,47394,14,6,5920
0x40763c,99.7555%,20,8161,8181,7264,8,12,897
0x40d914,98.4013%,20,1231,1251,1111,1,19,120
0x40d1cf,98.366%,20,1204,1224,1088,0,20,116
0x41795b,72.2222%,20,52,72,0,0,20,52
0x408874,99.9503%,20,40246,40266,35777,15,5,4469
0x45c3ac,99.9751%,20,80377,80397,80377,20,0,0
0x41a638,99.8071%,20,10348,10368,9215,1,19,1133
0x411b29,99.9374%,19,30317,30336,30317,19,0,0
0x40e1e0,99.9911%,19,214541,214560,190708,12,7,23833
0x409d70,99.7887%,19,8972,8991,7980,12,7,992
0x417a22,70.3125%,19,45,64,0,0,19,45
0x41ac15,99.9763%,19,80127,80146,0,0,19,80127
0x4174d4,92.7203%,19,242,261,231,1,18,11
0x45c3d5,99.9776%,18,80379,80397,0,0,18,80379
0x411aed,99.9707%,18,61446,61464,30718,14,4,30728
0x415db0,68.9655%,18,40,58,40,18,0,0
0x41b25d,99.1%,18,1982,2000,982,18,0,1000
0x417882,98.9655%,18,1722,1740,140,3,15,1582
0x4132fd,99.9387%,18,29334,29352,14670,6,12,14664
0x40f583,88.75%,18,142,160,142,18,0,0
0x41ab81,99.9788%,17,80128,80145,0,0,17,80128
0x4179e3,97.1993%,17,590,607,407,0,17,183
0x411eba,99.9169%,17,20449,20466,0,0,17,20449
0x41197a,99.9353%,17,26249,26266,0,0,17,26249
0x4131de,99.9174%,17,20569,20586,13711,13,4,6858
0x4177e0,99.2162%,17,2152,2169,1926,2,15,226
0x412821,78.75%,17,63,80,2,11,6,61
0x411fdd,99.928%,17,23594,23611,0,0,17,23594
0x40f3b8,82.6087%,16,76,92,19,15,1,57
0x40bf2a,99.8849%,16,13879,13895,0,0,16,13879
0x41afa6,98.4%,16,984,1000,0,0,16,984
0x412f4d,99.9735%,16,60332,60348,30164,10,6,30168
0x401dbd,99.5614%,16,3632,3648,0,0,16,3632
0x404045,99.842%,16,10109,10125,8997,3,13,1112
0x40bd0d,99.9094%,16,17639,17655,0,0,16,17639
0x412e2e,99.9196%,16,19892,19908,13258,14,2,6634
0x412e1d,99.9598%,16,39800,39816,19908,0,16,19892
0x41126d,99.9622%,16,42272,42288,21131,13,3,21141
0x40c2a3,99.9872%,16,125030,125046,111137,15,1,13893
0x40b0a6,98.452%,15,954,969,646,0,15,308
0x40655a,54.5455%,15,18,33,10,12,3,8
0x40dfee,99.9362%,15,23488,23503,0,0,15,23488
0x458da8,99.9813%,15,80382,80397,0,0,15,80382
0x40f6bb,72.7273%,15,40,55,5,10,5,35
0x45a255,99.9813%,15,80382,80397,0,0,15,80382
0x410f62,99.8906%,15,13701,13716,0,0,15,13701
0x405d1b,37.5%,15,9,24,8,6,9,1
0x406e45,98.9451%,15,1407,1422,1262,2,13,145
0x458d63,99.9813%,15,80382,80397,0,0,15,80382
0x410e10,99.9015%,15,15219,15234,0,0,15,15219
0x41abd9,99.9813%,15,80131,80146,0,0,15,80131
0x41260c,99.8324%,15,8935,8950,5180,15,0,3755
0x412176,98.2822%,14,801,815,0,0,14,801
0x407a92,99.0411%,14,1446,1460,0,6,8,1446
0x40e44b,99.941%,14,23734,23748,0,0,14,23734
0x4122e1,99.904%,14,14563,14577,14563,14,0,0
0x40588e,99.8617%,14,10111,10125,0,0,14,10111
0x41b5a8,98.6%,14,986,1000,0,0,14,986
0x41b3c3,99.8444%,14,8986,9000,7998,2,12,988
0x40571c,93.2367%,14,193,207,183,1,13,10
0x4146ca,98.7847%,14,1138,1152,763,5,9,375
0x402688,98.7556%,14,1111,1125,0,0,14,1111
0x40f3dc,61.1111%,14,22,36,3,11,3,19
0x40d19e,99.7918%,14,6709,6723,5970,6,8,739
0x412b7d,99.8944%,14,13239,13253,0,0,14,13239
0x41153a,99.9484%,14,27130,27144,0,0,14,27130
0x45c9ec,99.9826%,14,80383,80397,80383,14,0,0
0x40ba21,98.212%,14,769,783,522,0,14,247
0x412372,99.904%,14,14563,14577,9704,14,0,4859
0x458e39,99.9826%,14,80383,80397,0,0,14,80383
0x411b02,99.9544%,14,30718,30732,20479,9,5,10239
0x407413,98.7556%,14,1111,1125,0,0,14,1111
0x45a275,99.9826%,14,80383,80397,0,0,14,80383
0x411ac0,99.9544%,14,30718,30732,0,0,14,30718
0x41470a,96.3542%,14,370,384,0,0,14,370
0x41330e,99.9114%,13,14663,14676,9773,11,2,4890
0x40541f,90.9722%,13,131,144,37,9,4,94
0x40b95b,98.6987%,13,986,999,665,1,12,321
0x40eefc,68.2927%,13,28,41,0,12,1,28
0x40f01d,69.7674%,13,30,43,30,0,13,0
0x4173dd,56.6667%,13,17,30,17,11,2,0
0x40de9b,99.9257%,13,17473,17486,0,0,13,17473
0x409960,99.9754%,13,52799,52812,46938,6,7,5861
0x415548,99.9159%,13,15452,15465,0,0,13,15452
0x406585,69.7674%,13,30,43,30,1,12,0
0x40f6e7,50%,13,13,26,13,0,13,0
0x46fec2,99.037%,13,1337,1350,1070,10,3,267
0x40eb12,99.7492%,13,5171,5184,4600,8,5,571
0x406528,69.7674%,13,30,43,1,9,4,29
0x4098af,99.7785%,13,5855,5868,0,0,13,5855
0x411edd,99.9682%,13,40919,40932,20457,9,4,20462
0x4155fc,99.9159%,13,15452,15465,10308,2,11,5144
0x458dba,99.9851%,12,80385,80397,0,0,12,80385
0x41309e,99.9612%,12,30912,30924,20608,8,4,10304
0x4014d7,98.1982%,12,654,666,0,0,12,654
0x406b57,99.7955%,12,5856,5868,0,0,12,5856
0x405d4d,86.6667%,12,78,90,78,2,10,0
0x40bfcb,99.9136%,12,13883,13895,0,0,12,13883
0x409938,99.9318%,12,17592,17604,11733,3,9,5859
0x411eee,99.9414%,12,20454,20466,13640,4,8,6814
0x45a267,99.9851%,12,80385,80397,80385,12,0,0
0x412330,99.9177%,12,14565,14577,0,0,12,14565
0x40d8db,99.7451%,12,4695,4707,4181,3,9,514
0x4064e7,98.8473%,12,1029,1041,1029,0,12,0
0x40e9e3,99.954%,11,23884,23895,0,0,11,23884
0x4063f0,99.7541%,11,4463,4474,0,0,11,4463
0x40633a,98.7899%,11,898,909,0,0,11,898
0x412903,99.8663%,11,8218,8229,0,0,11,8218
0x40ba10,98.5951%,11,772,783,772,2,9,0
0x41069d,99.8836%,11,9438,9449,0,0,11,9438
0x410b02,99.9134%,11,12693,12704,0,0,11,12693
0x406564,56%,11,14,25,5,6,5,9
0x40e460,99.9537%,11,23737,23748,0,0,11,23737
0x412561,99.9032%,11,11350,11361,11350,11,0,0
0x412ed1,99.9635%,11,30163,30174,30163,11,0,0
0x458de7,99.9863%,11,80386,80397,0,0,11,80386
0x4174dd,62.069%,11,18,29,16,9,2,2
0x40eb00,82.8125%,11,53,64,0,0,11,53
0x410e76,99.9439%,10,17821,17831,17821,10,0,0
0x40bab6,98.7654%,10,800,810,540,0,10,260
0x406e5a,72.2222%,10,26,36,2,8,2,24
0x401d72,99.1776%,10,1206,1216,0,0,10,1206
0x40d66e,99.5915%,10,2438,2448,2175,1,9,263
0x4125dd,99.956%,10,22712,22722,11354,7,3,11358
0x408a04,99.6115%,10,2564,2574,2564,10,0,0
0x40ef18,47.3684%,10,9,19,0,4,6,9
0x40219c,99.8471%,10,6531,6541,0,0,10,6531
0x402c5c,99.8631%,10,7293,7303,0,0,10,7293
0x458d6d,99.9876%,10,80387,80397,0,0,10,80387
0x458e2f,99.9876%,10,80387,80397,80387,10,0,0
0x4129d1,99.9167%,9,10794,10803,10794,9,0,0
0x4156eb,99.9418%,9,15456,15465,0,0,9,15456
0x405b1e,99.8029%,9,4557,4566,0,0,9,4557
0x40742e,99.9111%,9,10116,10125,0,0,9,10116
0x40c33a,99.847%,9,5875,5884,0,0,9,5875
0x411a71,99.9707%,9,30723,30732,30723,9,0,0
0x413c8f,97.5806%,9,363,372,246,2,7,117
0x415670,99.8254%,9,5146,5155,0,0,9,5146
0x41086a,99.9312%,9,13067,13076,0,0,9,13067
0x40f3d1,78.5714%,9,33,42,0,6,3,33
0x41578e,99.9418%,9,15456,15465,0,0,9,15456
0x4109b0,99.8445%,9,5778,5787,0,0,9,5778
0x40c623,99.9372%,9,14332,14341,0,0,9,14332
0x41aafc,99.9888%,9,80136,80145,0,0,9,80136
0x4173a4,93.1298%,9,122,131,0,0,9,122
0x40465d,80%,9,36,45,36,4,5,0
0x4013dd,95.9459%,9,213,222,0,0,9,213
0x40534a,98.2%,9,491,500,0,0,9,491
0x40f3eb,63.6364%,8,14,22,2,5,3,12
0x40e71d,99.9665%,8,23887,23895,21234,6,2,2653
0x4109dd,99.9309%,8,11566,11574,5785,2,6,5781
0x40b5a7,99.8649%,8,5915,5923,0,0,8,5915
0x41b116,99.2%,8,992,1000,992,8,0,0
0x40b7f2,99.985%,8,53299,53307,47381,3,5,5918
0x4111e1,99.9622%,8,21136,21144,21136,8,0,0
0x40aade,99.8648%,8,5909,5917,0,3,5,5909
0x411631,99.9746%,8,31474,31482,31474,8,0,0
0x413a10,93.5484%,8,116,124,0,0,8,116
0x40f3bd,86.2069%,8,50,58,0,0,8,50
0x40b2cf,99.9032%,8,8254,8262,0,0,8,8254
0x41306c,99.9741%,8,30916,30924,0,0,8,30916
0x406abd,99.8637%,8,5860,5868,0,0,8,5860
0x41137f,99.9656%,8,23226,23234,0,0,8,23226
0x405672,65.2174%,8,15,23,15,8,0,0
0x40f6d0,77.1429%,8,27,35,2,5,3,25
0x40f258,99.4969%,8,1582,1590,0,0,8,1582
0x40cbd8,99.921%,8,10117,10125,0,0,8,10117
0x40b975,99.1992%,8,991,999,990,3,5,1
0x40dd40,11.1111%,8,1,9,0,5,3,1
0x40351d,99.2889%,8,1117,1125,0,0,8,1117
0x45c38c,99.9913%,7,80390,80397,0,0,7,80390
0x408b38,99.5419%,7,1521,1528,0,0,7,1521
0x402842,75%,7,21,28,21,4,3,0
0x417792,99.6805%,7,2184,2191,0,1,6,2184
0x41ab0a,99.9913%,7,80138,80145,0,0,7,80138
0x413770,94.3548%,7,117,124,0,0,7,117
0x411bef,99.973%,7,25887,25894,0,0,7,25887
0x4131ac,99.966%,7,20579,20586,0,0,7,20579
0x411f12,99.9731%,7,26025,26032,26025,7,0,0
0x40ef09,74.0741%,7,20,27,3,3,4,17
0x411966,98.5685%,7,482,489,0,0,7,482
0x40ea44,96.9697%,7,224,231,0,0,7,224
0x406b23,99.9602%,7,17597,17604,0,0,7,17597
0x4116e9,99.9774%,7,30985,30992,30985,7,0,0
0x402a03,77.7778%,6,21,27,21,0,6,0
0x409ced,99.9203%,6,7520,7526,0,0,6,7520
0x406fe2,33.3333%,6,3,9,3,3,3,0
0x402942,77.7778%,6,21,27,20,1,5,1
0x407269,33.3333%,6,3,9,3,3,3,0
0x4154b6,99.8836%,6,5149,5155,0,0,6,5149
0x4086b8,99.3399%,6,903,909,0,0,6,903
0x407973,99.8788%,6,4945,4951,4945,0,6,0
0x401325,97.2973%,6,216,222,0,0,6,216
0x40469d,86.6667%,6,39,45,37,3,3,2
0x40c35d,99.966%,6,17646,17652,0,0,6,17646
0x41124a,99.9716%,6,21138,21144,0,0,6,21138
0x402950,77.7778%,6,21,27,21,3,3,0
0x405d91,75%,6,18,24,18,0,6,0
0x405ca7,98.4848%,6,390,396,390,0,6,0
0x4132d8,99.9591%,6,14670,14676,0,0,6,14670
0x40e25c,93.1034%,6,81,87,81,6,0,0
0x40bc57,99.9269%,6,8201,8207,0,0,6,8201
0x410cca,99.9574%,6,14082,14088,0,0,6,14082
0x4070b6,33.3333%,6,3,9,3,3,3,0
0x40d308,91.4286%,6,64,70,0,3,3,64
0x40496a,99.4667%,6,1119,1125,0,0,6,1119
0x410dc1,99.9672%,5,15229,15234,15229,5,0,0
0x4177d3,99.7697%,5,2166,2171,0,2,3,2166
0x409912,99.9716%,5,17599,17604,0,0,5,17599
0x41235d,99.9828%,5,29149,29154,14575,2,3,14574
0x403a3a,95.3704%,5,103,108,103,1,4,0
0x41059e,99.8673%,5,3763,3768,2508,4,1,1255
0x4112a5,99.9816%,5,27142,27147,27142,5,0,0
0x40288f,81.4815%,5,22,27,22,2,3,0
0x410cb6,98.8662%,5,436,441,0,0,5,436
0x40dceb,44.4444%,5,4,9,4,2,3,0
0x41110a,99.9788%,5,23601,23606,0,0,5,23601
0x4152f8,99.903%,5,5152,5157,0,0,5,5152
0x4125f2,99.956%,5,11356,11361,7574,0,5,3782
0x414c85,96.0938%,5,123,128,0,0,5,123
0x40c57a,99.9651%,5,14336,14341,0,0,5,14336
0x402971,81.4815%,5,22,27,22,2,3,0
0x40ef03,82.7586%,5,24,29,1,1,4,23
0x40f002,96.2963%,5,130,135,90,2,3,40
0x41b00c,99.5%,5,995,1000,0,0,5,995
0x46fde4,99.8946%,5,4737,4742,204,2,3,4533
0x46fe98,99.6296%,5,1345,1350,0,0,5,1345
0x4131cd,99.9879%,5,41167,41172,20582,4,1,20585
0x412c51,99.9643%,5,14014,14019,14014,5,0,0
0x401f30,99.9791%,5,23890,23895,0,0,5,23890
0x409dab,97.5962%,5,203,208,0,0,5,203
0x4038a6,95.3704%,5,103,108,8,3,2,95
0x4117bf,99.9813%,5,26767,26772,0,0,5,26767
0x4026aa,99.6444%,4,1121,1125,0,0,4,1121
0x40a8f6,96.8%,4,121,125,0,0,4,121
0x402819,98.7382%,4,313,317,313,0,4,0
0x40f6c6,90%,4,36,40,1,4,0,35
0x4109f2,99.9309%,4,5783,5787,3857,1,3,1926
0x408452,99.9124%,4,4562,4566,4562,4,0,0
0x406575,71.4286%,4,10,14,10,4,0,0
0x4148bc,96.875%,4,124,128,0,0,4,124
0x41043e,99.9863%,4,29100,29104,19280,3,1,9820
0x4157d5,99.9224%,4,5151,5155,0,0,4,5151
0x41a53e,96.875%,4,124,128,0,0,4,124
0x4033d1,99.9605%,4,10121,10125,0,0,4,10121
0x4046ad,20%,4,1,5,1,1,3,0
0x40f402,73.3333%,4,11,15,2,1,3,9
0x40ecae,97.1223%,4,135,139,0,0,4,135
0x40f60f,86.6667%,4,26,30,0,4,0,26
0x4029c1,85.1852%,4,23,27,23,1,3,0
0x41127e,99.9811%,4,21140,21144,14095,1,3,7045
0x40702c,55.5556%,4,5,9,5,3,1,0
0x41a558,96.875%,4,124,128,0,0,4,124
0x40e17e,99.9832%,4,23836,23840,0,0,4,23836
0x40e705,99.8493%,4,2651,2655,0,0,4,2651
0x412f5e,99.9867%,4,30170,30174,20112,4,0,10058
0x412ca6,99.9715%,4,14015,14019,0,0,4,14015
0x405d67,0%,4,0,4,0,2,2,0
0x40da4a,94.3662%,4,67,71,0,3,1,67
0x411d6a,99.9833%,4,23979,23983,0,0,4,23979
0x412df6,99.9799%,4,19904,19908,0,0,4,19904
0x40713b,55.5556%,4,5,9,5,1,3,0
0x402754,99.9379%,4,6441,6445,0,0,4,6441
0x41b2b6,99.6%,4,996,1000,996,4,0,0
0x40e984,98.9831%,3,292,295,0,0,3,292
0x406fd1,66.6667%,3,6,9,3,3,0,3
0x40ca04,99.8665%,3,2245,2248,2245,1,2,0
0x417872,99.4828%,3,577,580,0,0,3,577
0x40712a,66.6667%,3,6,9,4,2,1,2
0x41a615,99.7396%,3,1149,1152,0,0,3,1149
0x407606,99.67%,3,906,909,0,0,3,906
0x416240,95.3125%,3,61,64,0,2,1,61
0x40b849,99.9493%,3,5920,5923,0,0,3,5920
0x41b4e4,99.9625%,3,7997,8000,7997,3,0,0
0x41041a,99.9695%,3,9818,9821,0,0,3,9818
0x408b4b,99.9191%,3,3706,3709,0,0,3,3706
0x41b15e,99.7%,3,997,1000,0,0,3,997
0x409ba4,99.9727%,3,10987,10990,0,0,3,10987
0x41b281,99.7%,3,997,1000,997,3,0,0
0x40479d,83.3333%,3,15,18,15,1,2,0
0x40da5c,95.5882%,3,65,68,0,0,3,65
0x407147,0%,3,0,3,0,2,1,0
0x4125b0,99.9736%,3,11358,11361,0,0,3,11358
0x40b398,99.9494%,3,5923,5926,0,3,0,5923
0x4047fc,83.3333%,3,15,18,15,1,2,0
0x40dde9,99.887%,3,2652,2655,0,0,3,2652
0x4071ea,66.6667%,3,6,9,6,0,3,0
0x406f72,0%,3,0,3,0,2,1,0
0x4097f3,99.9489%,3,5865,5868,0,0,3,5865
0x41344e,99.9426%,3,5226,5229,3486,0,3,1740
0x417aca,80%,3,12,15,12,1,2,0
0x402900,88.8889%,3,24,27,24,0,3,0
0x40ece2,99.2701%,3,408,411,0,0,3,408
0x41247a,99.9651%,3,8598,8601,0,0,3,8598
0x41b22e,99.7%,3,997,1000,997,3,0,0
0x4028b4,0%,3,0,3,0,0,3,0
0x410a16,99.9794%,3,14574,14577,14574,3,0,0
0x40ce88,99.9359%,3,4677,4680,0,0,3,4677
0x4045cf,57.1429%,3,4,7,0,3,0,4
0x40481c,83.3333%,3,15,18,15,1,2,0
0x4047cd,83.3333%,3,15,18,15,1,2,0
0x41058d,99.9602%,3,7533,7536,3767,1,2,3766
0x411e51,99.9853%,3,20463,20466,20463,3,0,0
0x406f5e,66.6667%,3,6,9,6,0,3,0
0x40b522,99.9493%,3,5920,5923,0,0,3,5920
0x40da98,66.6667%,3,6,9,6,2,1,0
0x402a11,88.8889%,3,24,27,24,0,3,0
0x41056d,99.9204%,3,3765,3768,0,0,3,3765
0x408a96,99.5595%,3,678,681,0,0,3,678
0x4070c7,33.3333%,2,1,3,1,1,1,0
0x458e0f,99.9975%,2,80395,80397,80395,2,0,0
0x4117ab,99.67%,2,604,606,0,0,2,604
0x41b178,99.8%,2,998,1000,0,0,2,998
0x409845,99.9659%,2,5866,5868,0,0,2,5866
0x41218a,99.9853%,2,13623,13625,0,0,2,13623
0x40dd4e,77.7778%,2,7,9,7,1,1,0
0x4173e2,0%,2,0,2,0,1,1,0
0x415435,99.9612%,2,5155,5157,0,2,0,5155
0x40dd1f,77.7778%,2,7,9,7,1,1,0
0x412712,97.5%,2,78,80,0,0,2,78
0x405d59,80%,2,8,10,8,0,2,0
0x4133c1,99.9618%,2,5227,5229,5227,2,0,0
0x413011,99.9935%,2,30922,30924,30922,2,0,0
0x40d866,99.8145%,2,1076,1078,0,0,2,1076
0x407275,33.3333%,2,1,3,1,1,1,0
0x41a522,98.4375%,2,126,128,0,0,2,126
0x407258,77.7778%,2,7,9,4,2,0,3
0x40dcbd,77.7778%,2,7,9,7,1,1,0
0x40da78,97.0588%,2,66,68,66,1,1,0
0x402eb9,99.2593%,2,268,270,0,0,2,268
0x416255,0%,2,0,2,0,2,0,0
0x40ef10,90.4762%,2,19,21,0,2,0,19
0x40f6da,92.8571%,2,26,28,0,2,0,26
0x410e52,99.9869%,2,15232,15234,10155,1,1,5077
0x412b69,99.682%,2,627,629,0,0,2,627
0x413629,96.7742%,2,60,62,0,0,2,60
0x40d5df,99.9568%,2,4632,4634,0,0,2,4632
0x41b596,99.8%,2,998,1000,0,0,2,998
0x403266,97.7778%,2,88,90,0,0,2,88
0x406ebe,77.7778%,2,7,9,7,1,1,0
0x40ea92,99.5671%,2,460,462,231,0,2,229
0x40aa14,99.9758%,2,8246,8248,0,0,2,8246
0x406fee,33.3333%,2,1,3,1,1,1,0
0x405d78,0%,2,0,2,0,2,0,0
0x4086f3,99.78%,2,907,909,0,0,2,907
0x406b4e,99.9659%,2,5866,5868,0,0,2,5866
0x40883c,99.9553%,2,4472,4474,0,0,2,4472
0x4087f8,99.9553%,2,4472,4474,0,0,2,4472
0x405caf,66.6667%,2,4,6,0,0,2,4
0x40717c,77.7778%,2,7,9,7,1,1,0
0x408410,99.9562%,2,4564,4566,0,0,2,4564
0x415707,99.9871%,2,15463,15465,0,0,2,15463
0x413cc5,98.3871%,1,61,62,0,0,1,61
0x40a95c,99.9901%,1,10124,10125,0,0,1,10124
0x41b4df,99.9667%,1,2999,3000,999,1,0,2000
0x40ce17,99.8077%,1,519,520,0,0,1,519
0x40f3f5,93.3333%,1,14,15,0,0,1,14
0x41b46f,99.9667%,1,2999,3000,0,0,1,2999
0x4031b9,98.8889%,1,89,90,0,0,1,89
0x46fdbc,99.9789%,1,4741,4742,4741,1,0,0
0x406ef8,0%,1,0,1,0,0,1,0
0x402f6e,96.6667%,1,29,30,0,0,1,29
0x40297e,66.6667%,1,2,3,0,0,1,2
0x4045fd,80%,1,4,5,4,1,0,0
0x407189,0%,1,0,1,0,0,1,0
0x413151,99.9951%,1,20585,20586,20585,1,0,0
0x40e59e,98.1481%,1,53,54,0,0,1,53
0x406fcd,66.6667%,1,2,3,0,0,1,2
0x40e5fc,98.7805%,1,81,82,81,1,0,0
0x40e783,99.8952%,1,953,954,0,0,1,953
0x4172fb,50%,1,1,2,0,0,1,1
0x40dcf9,88.8889%,1,8,9,8,0,1,0
0x410856,99.7732%,1,440,441,0,0,1,440
0x406e6a,96.1538%,1,25,26,25,0,1,0
0x40474c,50%,1,1,2,1,1,0,0
0x40da9d,0%,1,0,1,0,1,0,0
0x4071fb,66.6667%,1,2,3,2,0,1,0
0x40193f,98.4375%,1,63,64,0,0,1,63
0x401cbf,99.9178%,1,1215,1216,0,0,1,1215
0x410689,99.422%,1,172,173,0,0,1,172
0x402828,96.5517%,1,28,29,0,1,0,28
0x4045e0,85.7143%,1,6,7,1,1,0,5
0x411526,99.8737%,1,791,792,0,0,1,791
0x41343d,99.9904%,1,10457,10458,5228,1,0,5229
0x407125,66.6667%,1,2,3,0,0,1,2
0x413566,99.9688%,1,3209,3210,0,0,1,3209
0x46fdfa,99.9789%,1,4741,4742,4741,1,0,0
0x40c22e,99.9928%,1,13893,13894,0,0,1,13893
0x40198b,99.8264%,1,575,576,0,0,1,575
0x412ac8,99.9933%,1,14983,14984,0,0,1,14983
0x40ff91,99.9834%,1,6022,6023,0,0,1,6022
0x403b0a,75%,1,3,4,3,1,0,0
0x41b16f,99.9%,1,999,1000,0,0,1,999
0x41b0d7,99.9%,1,999,1000,0,0,1,999
0x40e8d2,98.4375%,1,63,64,0,0,1,63
0x407a7e,99.8996%,1,995,996,0,0,1,995
0x40e898,99.9807%,1,5183,5184,0,0,1,5183
0x41b4b7,99.9%,1,999,1000,999,1,0,0
0x40cdff,99.8077%,1,519,520,0,0,1,519
0x404f46,99.8%,1,499,500,0,0,1,499
0x40ae85,99.9831%,1,5913,5914,0,0,1,5913
0x40af66,99.9831%,1,5914,5915,0,0,1,5914
0x41b124,99.9%,1,999,1000,999,1,0,0
0x41afe7,99.9%,1,999,1000,999,1,0,0
0x4040ae,99.9889%,1,8991,8992,0,0,1,8991
0x41739b,99.2366%,1,130,131,0,0,1,130
0x410961,99.9827%,1,5786,5787,5786,1,0,0
0x4035c3,99.9889%,1,8999,9000,0,0,1,8999
0x40631e,99.89%,1,908,909,0,0,1,908
0x40d001,99.7024%,1,335,336,0,0,1,335
0x402d0d,100%,0,86,86,0,0,0,86
0x4128ef,100%,0,567,567,0,0,0,567
0x40eb54,100%,0,576,576,0,0,0,576
0x40eacf,100%,0,5184,5184,0,0,0,5184
0x411fc9,100%,0,474,474,0,0,0,474
0x4073bd,100%,0,125,125,0,0,0,125
0x411bdb,100%,0,303,303,0,0,0,303
0x40994d,100%,0,5868,5868,0,0,0,5868
0x407641,100%,0,909,909,0,0,0,909
0x40da23,100%,0,71,71,0,0,0,71
0x4173bc,100%,0,131,131,0,0,0,131
0x401f1b,100%,0,2655,2655,0,0,0,2655
0x401b08,100%,0,64,64,0,0,0,64
0x407056,100%,0,1,1,0,0,0,1
0x40e5ba,100%,0,136,136,0,0,0,136
0x407253,100%,0,3,3,0,0,0,3
0x4079c7,100%,0,344,344,0,0,0,344
0x40d31a,100%,0,67,67,0,0,0,67
0x40e88d,100%,0,576,576,0,0,0,576
0x40e81e,100%,0,64,64,0,0,0,64
0x41b348,100%,0,1000,1000,0,0,0,1000
0x41a475,100%,0,128,128,0,0,0,128
0x402289,100%,0,349,349,349,0,0,0
0x4046b5,100%,0,3,3,0,0,0,3
0x40e752,100%,0,106,106,0,0,0,106
0x40e0f5,100%,0,677,677,677,0,0,0
0x40af91,100%,0,5915,5915,0,0,0,5915
0x401456,100%,0,222,222,0,0,0,222
0x4174e7,100%,0,4,4,0,0,0,4
0x411d56,100%,0,660,660,0,0,0,660
0x401b16,100%,0,576,576,0,0,0,576
0x41a5a2,100%,0,128,128,128,0,0,0
0x41b506,100%,0,1000,1000,1000,0,0,0
0x41a594,100%,0,128,128,0,0,0,128
0x40c889,100%,0,14341,14341,0,0,0,14341
0x40ca20,100%,0,5539,5539,0,0,0,5539
0x40b0fc,100%,0,114,114,0,0,0,114
0x40cb72,100%,0,125,125,0,0,0,125
0x405823,100%,0,125,125,0,0,0,125
0x40eac7,100%,0,576,576,0,0,0,576
0x405a46,100%,0,909,909,0,0,0,909
0x41b01e,100%,0,1000,1000,1000,0,0,0
0x417a0c,100%,0,64,64,0,0,0,64
0x410aeb,100%,0,255,255,0,0,0,255
0x41768b,100%,0,244,244,244,0,0,0
0x412466,100%,0,753,753,0,0,0,753
0x40ea8d,100%,0,231,231,0,0,0,231
0x4110f6,100%,0,718,718,0,0,0,718
0x40b9a6,100%,0,261,261,0,0,0,261
0x40c9a6,100%,0,345,345,0,0,0,345
0x40baa5,100%,0,810,810,810,0,0,0
0x415b4a,100%,0,58,58,58,0,0,0
0x415c10,100%,0,58,58,0,0,0,58
0x406507,100%,0,12,12,0,0,0,12
0x410406,100%,0,359,359,0,0,0,359
0x401394,100%,0,222,222,0,0,0,222
0x40311e,100%,0,30,30,0,0,0,30
0x41b26f,100%,0,1000,1000,1000,0,0,0
0x40c927,100%,0,14341,14341,0,0,0,14341
0x41a667,100%,0,128,128,128,0,0,0
0x40b175,100%,0,342,342,342,0,0,0
0x413fa9,100%,0,64,64,0,0,0,64
0x40709e,100%,0,3,3,0,0,0,3
0x41b3d7,100%,0,1000,1000,1000,0,0,0
0x4020bb,100%,0,1125,1125,0,0,0,1125
0x40d127,100%,0,1366,1366,0,0,0,1366
0x404aa0,100%,0,1125,1125,0,0,0,1125
0x417424,100%,0,29,29,0,0,0,29
0x412a20,100%,0,10803,10803,0,0,0,10803
0x40eaa1,100%,0,231,231,231,0,0,0
0x4105c3,100%,0,10826,10826,10826,0,0,0
0x408ba7,100%,0,273,273,0,0,0,273
0x40e9d8,100%,0,2655,2655,0,0,0,2655
0x40d2da,100%,0,70,70,0,0,0,70
0x41136b,100%,0,532,532,0,0,0,532
0x40d336,100%,0,67,67,67,0,0,0
0x40d566,100%,0,515,515,0,0,0,515
0x40aa69,100%,0,5917,5917,0,0,0,5917
0x40d761,100%,0,272,272,0,0,0,272
0x40354a,100%,0,1125,1125,0,0,0,1125
0x417806,100%,0,241,241,0,0,0,241
0x41a4c0,100%,0,128,128,128,0,0,0
0x46fe67,100%,0,270,270,0,0,0,270
0x413511,100%,0,3210,3210,3210,0,0,0
0x415dd8,100%,0,174,174,0,0,0,174
0x40d546,100%,0,515,515,0,0,0,515
0x414a06,100%,0,128,128,0,0,0,128
0x40b896,100%,0,432,432,0,0,0,432
0x40a94c,100%,0,1125,1125,0,0,0,1125
0x413b86,100%,0,372,372,0,0,0,372
0x41b1d8,100%,0,1000,1000,0,0,0,1000
0x407922,100%,0,3589,3589,0,0,0,3589
0x41b250,100%,0,2000,2000,0,0,0,2000
0x40404a,100%,0,1125,1125,0,0,0,1125
0x41b2ab,100%,0,1000,1000,0,0,0,1000
0x40401c,100%,0,1125,1125,0,0,0,1125
0x40b1a9,100%,0,259,259,0,0,0,259
0x412f2c,100%,0,30174,30174,0,0,0,30174
0x405879,100%,0,1125,1125,0,0,0,1125
0x403423,100%,0,125,125,0,0,0,125
0x40eb72,100%,0,64,64,64,0,0,0
0x4033bb,100%,0,1125,1125,0,0,0,1125
0x415cbb,100%,0,174,174,0,0,0,174
0x41a4bb,100%,0,128,128,0,0,0,128
0x413640,100%,0,124,124,0,0,0,124
0x413795,100%,0,124,124,0,0,0,124
0x40ac6a,100%,0,5914,5914,0,0,0,5914
0x41b0e0,100%,0,1000,1000,0,0,0,1000
0x413f9b,100%,0,62,62,62,0,0,0
0x41774a,100%,0,244,244,244,0,0,0
0x40b8fd,100%,0,333,333,0,0,0,333
0x415d63,100%,0,174,174,0,0,0,174
0x4141ca,100%,0,64,64,64,0,0,0
0x401d08,100%,0,1216,1216,0,0,0,1216
0x415813,100%,0,1818,1818,0,0,0,1818
0x41a512,100%,0,128,128,0,0,0,128
0x403376,100%,0,125,125,0,0,0,125
0x413281,100%,0,14676,14676,14676,0,0,0
0x40e6b0,100%,0,295,295,295,0,0,0
0x414726,100%,0,384,384,0,0,0,384
0x407aed,100%,0,61,61,0,0,0,61
0x41afda,100%,0,1000,1000,1000,0,0,0
0x40eb20,100%,0,64,64,0,0,0,64
0x415cdf,100%,0,174,174,0,0,0,174
0x40ba41,100%,0,270,270,0,0,0,270
0x40eab8,100%,0,64,64,0,0,0,64
0x4179c4,100%,0,208,208,0,0,0,208
0x41af9a,100%,0,1000,1000,0,0,0,1000
0x40f3a9,100%,0,60,60,60,0,0,0
0x40563c,100%,0,31,31,0,0,0,31
0x417adb,100%,0,2,2,0,0,0,2
0x403af3,100%,0,4,4,0,0,0,4
0x41b181,100%,0,1000,1000,1000,0,0,0
0x406f49,100%,0,3,3,0,0,0,3
0x4071d4,100%,0,3,3,0,0,0,3
0x41a5b1,100%,0,128,128,0,0,0,128
0x4159e0,100%,0,58,58,0,0,0,58
0x410f4b,100%,0,255,255,0,0,0,255
0x415bf8,100%,0,58,58,58,0,0,0
0x415016,100%,0,64,64,64,0,0,0
0x4149e1,100%,0,128,128,0,0,0,128
