Branch PC,Accuracy,Mispredictions,Correct Predictions,Total,dir_t_pred_t,dir_t_pred_nt,dir_nt_pred_t,dir_nt_pred_nt
aggregate,98.7667%,312077,24992551,25304628,14762940,122575,189502,10229611
0x4120ef,95.6363%,40639,890652,931291,823818,12169,28470,66834
0x412633,95.6733%,39669,877180,916849,121040,22293,17376,756140
0x411cdb,95.8838%,36579,852076,888655,769425,11873,24706,82651
0x411480,95.3405%,24678,504950,529628,414705,7296,17382,90245
0x41104e,95.2555%,24084,483538,507622,428613,9254,14830,54925
0x412d38,98.1763%,16984,914285,931269,817748,6186,10798,96537
0x41321e,97.2143%,14140,493461,507601,445402,5805,8335,48059
0x412e6e,98.4778%,13527,875107,888634,777912,4851,8676,97195
0x4123df,87.5%,11913,83391,95304,47204,6296,5617,36187
0x4130f0,97.9617%,10795,518812,529607,456955,2918,7877,61857
0x410341,96.5258%,9805,272421,282226,44187,5742,4063,228234
0x4118ce,96.9514%,9095,289236,298331,188790,3649,5446,100446
0x410794,97.9708%,8827,426172,434999,381687,3676,5151,44485
0x410c08,96.6841%,6441,187807,194248,135100,2733,3708,52707
0x412fb0,97.9779%,6032,292278,298310,188212,2492,3540,104066
0x4134a1,99.0268%,4233,430744,434977,383315,1755,2478,47429
0x413360,98.0888%,3712,190515,194227,143077,1535,2177,47438
0x41ac73,93.9719%,3434,53533,56967,48816,1647,1787,4717
0x4135e8,98.9979%,2828,279376,282204,248959,1485,1343,30417
0x41ae23,95.2521%,2559,51338,53897,51206,151,2408,132
0x41acba,98.5395%,832,56135,56967,44462,175,657,11673
0x412629,99.7037%,588,197849,198437,33048,338,250,164801
0x41115f,99.4352%,394,69361,69755,23870,255,139,45491
0x412660,99.7799%,389,176330,176719,164067,140,249,12263
0x412645,99.9509%,380,773136,773516,21664,54,326,751472
0x411dc7,99.6591%,366,106991,107357,25521,174,192,81470
0x411d18,99.6711%,339,102743,103082,102060,123,216,683
0x41108f,99.5886%,287,69468,69755,8268,116,171,61200
0x4114c1,99.7742%,243,107384,107627,12370,125,118,95014
0x411b78,99.7894%,223,105648,105871,11261,99,124,94387
0x410edd,99.6188%,215,56179,56394,10975,74,141,45204
0x410c59,99.6313%,208,56207,56415,10953,99,109,45254
0x4114dd,99.7887%,201,94931,95132,94400,53,148,531
0x401ce3,63.1579%,189,324,513,53,120,69,271
0x41ad1f,99.1732%,189,22671,22860,20298,22,167,2373
0x4107ed,99.6273%,185,49451,49636,4255,79,106,45196
0x41175c,99.8065%,184,94930,95114,94394,50,134,536
0x410fb4,99.6808%,180,56214,56394,22440,114,66,33774
0x401d33,65.1072%,179,334,513,59,114,65,275
0x41223d,99.8132%,178,95126,95304,21181,54,124,73945
0x401dc4,65.692%,176,337,513,320,50,126,17
0x4108ba,99.6595%,169,49467,49636,16555,117,52,32912
0x4108f6,98.9923%,168,16504,16672,12690,36,132,3814
0x410c75,99.6385%,164,45199,45363,44981,37,127,218
0x410473,99.6836%,158,49771,49929,29567,66,92,20204
0x40de8a,83.9506%,156,816,972,110,124,32,706
0x411b94,99.836%,155,94356,94511,93497,52,103,859
0x411a06,99.5442%,153,33414,33567,7526,61,92,25888
0x411923,99.8381%,153,94376,94529,93516,42,111,860
0x411cfc,99.8649%,145,107212,107357,4202,73,72,103010
0x41158a,99.8681%,142,107485,107627,34362,98,44,73123
0x40c953,75.5435%,135,417,552,336,32,103,81
0x411196,99.4446%,134,23991,24125,12188,75,59,11803
0x4103c4,99.6384%,133,36650,36783,36347,31,102,303
0x40f2d5,79.375%,132,508,640,503,29,103,5
0x40218b,69.6759%,131,301,432,13,93,38,288
0x4103a8,99.7376%,131,49798,49929,13071,75,56,36727
0x415803,60.7362%,128,198,326,131,53,75,67
0x411c44,99.88%,127,105744,105871,33476,76,51,72268
0x409d27,75.9082%,126,397,523,58,101,25,339
0x41295a,99.7681%,124,53354,53478,19024,37,87,34330
0x410aa1,99.7284%,123,45161,45284,44839,18,105,322
0x40c3fc,78.0797%,121,431,552,0,105,16,431
0x40c713,78.442%,119,433,552,430,17,102,3
0x41336e,99.2916%,118,16539,16657,12701,19,99,3838
0x410d56,99.486%,116,22453,22569,10833,44,72,11620
0x40c0b8,79.1667%,115,437,552,435,20,95,2
0x40bdac,79.1667%,115,437,552,5,92,23,432
0x412024,99.8938%,114,107222,107336,25631,49,65,81591
0x40f66f,88.017%,113,830,943,760,28,85,70
0x411f5e,99.8966%,111,107224,107335,4212,60,51,103012
0x402c4d,77.1605%,111,375,486,37,81,30,338
0x409d02,71.0106%,109,267,376,122,46,63,145
0x411740,99.9006%,107,107499,107606,12422,70,37,95077
0x402745,75.2315%,107,325,432,24,82,25,301
0x4110ab,99.8273%,106,61265,61371,60821,58,48,444
0x411309,99.8494%,105,69629,69734,8318,63,42,61311
0x411814,99.9071%,100,107506,107606,34400,45,55,73106
0x409b7f,76.4286%,99,321,420,3,91,8,318
0x412113,99.8972%,98,95206,95304,3847,50,48,91359
0x410a85,99.8025%,98,49517,49615,4295,36,62,45222
0x411907,99.9084%,97,105795,105892,11314,49,48,94481
0x406a70,60.9053%,95,148,243,11,48,47,137
0x4106ec,99.8137%,93,49814,49907,29587,31,62,20227
0x40bfff,83.6957%,90,462,552,343,25,65,119
0x409b47,85.0088%,85,482,567,107,40,45,375
0x40df85,91.358%,84,888,972,854,10,74,34
0x40bcce,95.6723%,84,1857,1941,0,59,25,1857
0x406cc6,67.5781%,83,173,256,7,51,32,166
0x4119ca,99.9216%,83,105809,105892,33527,40,43,72282
0x411325,99.868%,81,61272,61353,60858,12,69,414
0x40aa4d,95.9897%,78,1867,1945,0,59,19,1867
0x4063e7,58.7302%,78,111,189,3,44,34,108
0x410809,99.83%,77,45225,45302,44832,34,43,393
0x401a84,68.3128%,77,166,243,8,49,28,158
0x40b308,96.1757%,74,1861,1935,0,59,15,1861
0x412fbe,99.7852%,74,34371,34445,12209,48,26,22162
0x40f702,85.77%,73,440,513,315,27,46,125
0x40c657,86.7754%,73,479,552,349,19,54,130
0x401cf1,86.1598%,71,442,513,441,15,56,1
0x406c9b,80.057%,70,281,351,60,35,35,221
0x41ae1d,99.8637%,70,51287,51357,10500,30,40,40787
0x40c2fb,87.3188%,70,482,552,352,16,54,130
0x401cae,72.428%,67,176,243,168,18,49,8
0x412276,99.6892%,66,21169,21235,7795,27,39,13374
0x415138,72.8395%,66,177,243,172,12,54,5
0x4097ea,73.6626%,64,179,243,0,59,5,179
0x40a83e,88.8889%,63,504,567,493,11,52,11
0x4113c4,99.9097%,63,69671,69734,24077,33,30,45594
0x410ef9,99.8633%,62,45283,45345,44992,17,45,291
0x401d41,87.9142%,62,451,513,449,7,55,2
0x4157fb,74.8971%,61,182,243,11,48,13,171
0x40840b,67.7249%,61,128,189,3,42,19,125
0x412bcc,99.936%,61,95221,95282,21192,27,34,74029
0x4087ef,68.254%,60,129,189,0,47,13,129
0x402577,86.1111%,60,372,432,371,7,53,1
0x40332e,87.8601%,59,427,486,426,6,53,1
0x405b15,68.7831%,59,130,189,1,44,15,129
0x402a91,86.5741%,58,374,432,373,5,53,1
0x409c9f,82.0988%,58,266,324,68,30,28,198
0x412b00,99.9402%,57,95225,95282,3865,29,28,91360
0x40f685,63.871%,56,99,155,89,15,41,10
0x409cc8,75.6637%,55,171,226,14,36,19,157
0x407968,61.8056%,55,89,144,35,30,25,54
0x40f41e,74.1784%,55,158,213,156,10,45,2
0x401de2,68.4211%,54,117,171,91,23,31,26
0x40f567,89.7087%,53,462,515,461,11,42,1
0x4116c2,99.9234%,51,66540,66591,44354,40,11,22186
0x4124bf,99.9047%,51,53449,53500,19048,29,22,34401
0x41212f,99.9453%,50,91357,91407,90434,23,27,923
0x410629,99.9018%,49,49858,49907,13113,30,19,36745
0x410d1a,99.9131%,49,56366,56415,22547,22,27,33819
0x41322c,99.7916%,47,22507,22554,10841,30,17,11666
0x407353,86.6097%,47,304,351,303,9,38,1
0x41298f,99.7534%,47,19014,19061,7759,27,20,11255
0x40f714,72.5146%,47,124,171,109,6,41,15
0x404bfc,88.7531%,46,363,409,362,5,41,1
0x40b57b,97.2826%,45,1611,1656,1465,7,38,146
0x411f7a,99.9563%,45,103018,103063,102141,32,13,877
0x40473e,89.8148%,44,388,432,369,9,35,19
0x4068d3,77.2487%,43,146,189,146,16,27,0
0x406ced,78.2828%,43,155,198,147,7,36,8
0x40e266,95.5394%,43,921,964,846,12,31,75
0x40a977,91.1523%,43,443,486,429,3,40,14
0x412403,99.9215%,42,53458,53500,1399,18,24,52059
0x410b54,99.9153%,42,49573,49615,16644,13,29,32929
0x401df5,83.1276%,41,202,243,202,14,27,0
0x40564b,78.866%,41,153,194,147,9,32,6
0x409acd,78.836%,40,149,189,103,23,17,46
0x408837,96.8701%,40,1238,1278,1133,3,37,105
0x403608,90.7407%,40,392,432,387,11,29,5
0x402e2f,68.0328%,39,83,122,23,18,21,60
0x4040f5,90.9722%,39,393,432,391,7,32,2
0x41ad47,99.8465%,39,25361,25400,22840,20,19,2521
0x412d46,99.8481%,39,25641,25680,7716,11,28,17925
0x40aa5c,97.9321%,39,1847,1886,1702,0,39,145
0x41043e,99.9645%,39,109905,109944,73143,18,21,36762
0x4084d5,79.3651%,39,150,189,149,13,26,1
0x412a4e,99.9438%,38,67612,67650,33810,15,23,33802
0x412a5f,99.8877%,38,33787,33825,22518,32,6,11269
0x406c35,68.3761%,37,80,117,62,16,21,18
0x409574,80.4233%,37,152,189,150,12,25,2
0x412b1c,99.9595%,37,91351,91388,90421,26,11,930
0x4104b6,99.8751%,37,29596,29633,17403,29,8,12193
0x403c89,91.4352%,37,395,432,375,3,34,20
0x40f6f2,96.0722%,37,905,942,466,5,32,439
0x40a88e,85.1852%,36,207,243,207,9,27,0
0x409bbc,88.9571%,36,290,326,289,5,31,1
0x411e06,99.8599%,36,25659,25695,7720,13,23,17939
0x40b317,98.1343%,35,1841,1876,1687,5,30,154
0x416203,85.5967%,35,208,243,208,8,27,0
0x40d632,84.2593%,34,182,216,181,20,14,1
0x4106ce,99.9691%,34,109862,109896,73112,20,14,36750
0x41515a,86.4198%,33,210,243,210,6,27,0
0x407aa0,69.7248%,33,76,109,10,20,13,66
0x40d884,54.1667%,33,39,72,4,16,17,35
0x409dc4,89.8148%,33,291,324,285,3,30,6
0x411edd,99.9694%,33,107739,107772,53868,18,15,53871
0x40565c,91.8519%,33,372,405,26,24,9,346
0x40bcdd,98.2465%,33,1849,1882,1271,3,30,578
0x411aed,99.9795%,32,155848,155880,77930,10,22,77918
0x401ad6,86.8313%,32,211,243,211,5,27,0
0x40e107,96.8107%,31,941,972,854,10,21,87
0x40cbe7,99.2913%,31,4343,4374,3875,13,18,468
0x4046f4,83.3333%,31,155,186,147,5,26,8
0x403c3c,84.0206%,31,163,194,156,4,27,7
0x40ea00,96.8107%,31,941,972,852,12,19,89
0x4083d5,63.0952%,31,53,84,50,13,18,3
0x401dd6,94.152%,30,483,513,320,22,8,163
0x406209,84.127%,30,159,189,159,3,27,0
0x4128a0,99.9424%,30,52034,52064,51388,19,11,646
0x410645,99.9184%,30,36734,36764,36351,17,13,383
0x40babf,88.0658%,29,214,243,211,5,24,3
0x402e51,64.1975%,29,52,81,5,13,16,47
0x40738b,88.0658%,29,214,243,214,2,27,0
0x40f39a,86.8545%,28,185,213,185,8,20,0
0x4117ee,99.9902%,28,284644,284672,189540,18,10,95104
0x40d37d,60.5634%,28,43,71,40,14,14,3
0x40cbf3,94.2387%,28,458,486,432,0,28,26
0x41241f,99.9462%,28,52055,52083,51401,16,12,654
0x411d8e,99.9912%,27,308320,308347,205258,7,20,103062
0x41199e,99.9904%,27,282589,282616,188067,20,7,94522
0x40c9fb,62.5%,27,45,72,14,11,16,31
0x409965,85.3261%,27,157,184,154,9,18,3
0x40d861,95.8333%,27,621,648,564,12,15,57
0x4058a9,94.4444%,27,459,486,430,2,25,29
0x4089f0,76.3636%,26,84,110,6,16,10,78
0x412832,99.9514%,26,53471,53497,21712,6,20,31759
0x404d3c,86.8687%,26,172,198,172,5,21,0
0x401f62,97.3251%,26,946,972,851,13,13,95
0x40d3ca,87.963%,26,190,216,190,2,24,0
0x4078de,69.0476%,26,58,84,5,14,12,53
0x41218a,99.9726%,25,91382,91407,0,0,25,91382
0x41249e,99.9839%,25,155558,155583,103487,13,12,52071
0x408879,82.3944%,25,117,142,114,7,18,3
0x41155e,99.9912%,25,284692,284717,189570,15,10,95122
0x412b7d,99.9726%,25,91363,91388,0,0,25,91363
0x409c5b,76.8519%,25,83,108,60,12,13,23
0x4033f9,94.856%,25,461,486,431,1,24,30
0x4125dd,99.9631%,25,67685,67710,33837,18,7,33848
0x41197a,99.9736%,25,94504,94529,0,0,25,94504
0x411bef,99.9746%,24,94487,94511,0,0,24,94487
0x41124a,99.9326%,24,35562,35586,0,0,24,35562
0x40ca9e,90.1235%,24,219,243,215,1,23,4
0x412ccd,99.9702%,24,80394,80418,40202,7,17,40192
0x41088e,99.983%,23,135447,135470,90167,1,22,45280
0x412884,99.957%,23,53455,53478,1410,4,19,52045
0x407765,84.0278%,23,121,144,5,16,7,116
0x40db1a,89.3519%,23,193,216,189,3,20,4
0x4134b7,99.9223%,23,29595,29618,17423,3,20,12172
0x412372,99.9428%,23,40216,40239,26816,10,13,13400
0x40950d,79.0909%,23,87,110,81,8,15,6
0x40e061,99.7371%,23,8725,8748,7775,1,22,950
0x411680,99.9655%,23,66568,66591,0,0,23,66568
0x40b22f,90.535%,23,220,243,212,4,19,8
0x41247a,99.9558%,23,52060,52083,0,0,23,52060
0x40d15f,60.7143%,22,34,56,0,12,10,34
0x40d145,69.0141%,22,49,71,1,14,8,48
0x410f8e,99.9838%,22,135677,135699,90345,9,13,45332
0x4021cd,99.2502%,22,2912,2934,2599,9,13,313
0x40ead4,99.0398%,21,2166,2187,1938,6,15,228
0x4057b5,61.1111%,21,33,54,32,4,17,1
0x41126d,99.9705%,21,71151,71172,35582,4,17,35569
0x407449,95.679%,21,465,486,426,6,15,39
0x40defd,99.6838%,21,6621,6642,5893,11,10,728
0x411c1e,99.9929%,20,282551,282571,188053,7,13,94498
0x40ca76,55.5556%,20,25,45,8,9,11,17
0x412330,99.9503%,20,40219,40239,0,0,20,40219
0x4116ad,99.985%,20,133162,133182,66582,9,11,66580
0x407a6d,92.5926%,20,250,270,238,2,18,12
0x412f2c,99.9756%,19,77894,77913,0,0,19,77894
0x41235d,99.9764%,19,80459,80478,40235,4,15,40224
0x402de7,61.2245%,19,30,49,28,5,14,2
0x40f325,97.0266%,19,620,639,426,0,19,194
0x409bf9,40.625%,19,13,32,5,9,10,8
0x40775d,98.534%,19,1277,1296,1152,0,19,125
0x40645c,86.6197%,19,123,142,122,7,12,1
0x40daca,73.6111%,19,53,72,52,5,14,1
0x411b29,99.9821%,19,105873,105892,105873,19,0,0
0x40e729,82.4074%,19,89,108,89,7,12,0
0x405c10,62.7451%,19,32,51,2,10,9,30
0x406ddb,64.8148%,19,35,54,6,12,7,29
0x409840,98.913%,18,1638,1656,1462,10,8,176
0x40f2a3,97.1875%,18,622,640,424,3,15,198
0x46fda7,92.1053%,18,210,228,3,9,9,207
0x405b65,87.5%,18,126,144,126,5,13,0
0x40224b,56.0976%,18,23,41,0,11,7,23
0x40f593,51.3514%,18,19,37,17,10,8,2
0x4019b9,92.5926%,18,225,243,210,6,12,15
0x412853,99.9434%,18,31760,31778,15,6,12,31745
0x410e3d,99.9743%,18,70134,70152,35069,7,11,35065
0x40d8e0,57.1429%,18,24,42,23,10,8,1
0x41ae54,99.6654%,17,5063,5080,2523,17,0,2540
0x40eadd,93.0041%,17,226,243,210,6,11,16
0x4027e0,66.6667%,17,34,51,2,9,8,32
0x406b90,90.7609%,17,167,184,167,4,13,0
0x411eee,99.9685%,17,53869,53886,35918,6,11,17951
0x406482,74.6269%,17,50,67,5,10,7,45
0x403284,52.7778%,17,19,36,19,5,12,0
0x409cdb,98.9268%,17,1567,1584,1408,0,17,159
0x40ced6,92.1296%,17,199,216,199,0,17,0
0x40e62a,98.251%,17,955,972,861,3,14,94
0x411ffe,99.9945%,17,308284,308301,205227,10,7,103057
0x40c9ff,63.8298%,17,30,47,10,11,6,20
0x40689c,76.1194%,16,51,67,50,4,12,1
0x402e78,74.6032%,16,47,63,44,5,11,3
0x408b5a,70.9091%,16,39,55,6,13,3,33
0x40d62d,99.177%,16,1928,1944,1726,2,14,202
0x409d5f,89.9371%,16,143,159,140,4,12,3
0x4079b2,75.3846%,16,49,65,4,9,7,45
0x40f692,68.6275%,16,35,51,35,2,14,0
0x412c00,99.9246%,16,21203,21219,7806,10,6,13397
0x40a862,92.0635%,15,174,189,167,1,14,7
0x40e2ad,86.1111%,15,93,108,93,3,12,0
0x40e146,86.1111%,15,93,108,93,3,12,0
0x4109dd,99.9366%,15,23661,23676,11830,8,7,11831
0x40280d,95.8333%,15,345,360,312,8,7,33
0x40e8b4,93.8272%,15,228,243,216,0,15,12
0x409c15,78.5714%,15,55,70,1,11,4,54
0x40f432,68.0851%,15,32,47,31,9,6,1
0x407a57,66.6667%,15,30,45,9,6,9,21
0x401f4f,99.8285%,15,8733,8748,7768,8,7,965
0x40e662,86.1111%,15,93,108,72,0,15,21
0x40f578,67.4419%,14,29,43,26,5,9,3
0x41139e,99.9924%,14,183562,183576,122214,9,5,61348
0x4124f6,99.9266%,14,19063,19077,7790,2,12,11273
0x402ef2,88.1356%,14,104,118,103,3,11,1
0x41267d,99.9738%,14,53486,53500,53486,11,3,0
0x410cee,99.9897%,14,135730,135744,90374,7,7,45356
0x412f5e,99.982%,14,77899,77913,51935,7,7,25964
0x4030b3,61.1111%,14,22,36,22,2,12,0
0x41330e,99.9601%,14,35035,35049,23361,5,9,11674
0x40de09,87.037%,14,94,108,94,2,12,0
0x40736f,88.0342%,14,103,117,100,4,10,3
0x411eba,99.974%,14,53872,53886,0,0,14,53872
0x40b570,99.9061%,14,14890,14904,13242,6,8,1648
0x40d1a3,68.1818%,14,30,44,29,7,7,1
0x401f73,87.037%,14,94,108,94,2,12,0
0x40acb8,99.9061%,14,14890,14904,13245,3,11,1645
0x40743d,99.6799%,14,4360,4374,3887,1,13,473
0x40ea11,87.037%,14,94,108,94,2,12,0
0x4061a4,72.549%,14,37,51,36,2,12,1
0x407a87,68.2927%,13,28,41,22,8,5,6
0x40ce12,93.9815%,13,203,216,186,6,7,17
0x4030a2,63.8889%,13,23,36,23,5,8,0
0x406b35,99.215%,13,1643,1656,1103,1,12,540
0x41137f,99.9788%,13,61340,61353,0,0,13,61340
0x40d89e,75%,13,39,52,0,10,3,39
0x41306c,99.9805%,13,66551,66564,0,0,13,66551
0x403690,99.2554%,13,1733,1746,1547,5,8,186
0x412903,99.975%,13,52051,52064,0,0,13,52051
0x412bae,99.9952%,13,273210,273223,181833,2,11,91377
0x40f72e,76.7857%,13,43,56,35,3,10,8
0x4027b2,96.0123%,13,313,326,313,5,8,0
0x412df6,99.9759%,13,53846,53859,0,0,13,53846
0x407ac2,95.1852%,13,257,270,239,1,12,18
0x4021d2,96.319%,12,314,326,314,4,8,0
0x402d90,83.3333%,12,60,72,46,2,10,14
0x40acc3,99.2754%,12,1644,1656,1471,1,11,173
0x410cca,99.9735%,12,45351,45363,0,0,12,45351
0x409d32,96.7033%,12,352,364,0,9,3,352
0x411b02,99.9846%,12,77928,77940,51957,3,9,25971
0x411fdd,99.9884%,12,103051,103063,0,0,12,103051
0x408b40,67.5676%,12,25,37,10,9,3,15
0x412f4d,99.9923%,12,155814,155826,77906,7,5,77908
0x402ca5,96.7391%,12,356,368,356,4,8,0
0x405360,42.8571%,12,9,21,7,6,6,2
0x40e67f,66.6667%,12,24,36,24,0,12,0
0x40e8a8,99.4513%,12,2175,2187,1944,0,12,231
0x4022cc,70.7317%,12,29,41,29,4,8,0
0x40d561,94.4444%,12,204,216,187,5,7,17
0x4026a5,97.5309%,12,474,486,428,4,8,46
0x40199e,95.0617%,12,231,243,0,0,12,231
0x40afcd,93.4783%,12,172,184,172,4,8,0
0x40f2eb,88.8889%,12,96,108,96,3,9,0
0x40cada,55.5556%,12,15,27,15,3,9,0
0x402595,77.7778%,12,42,54,42,6,6,0
0x40ca7a,60.7143%,11,17,28,10,3,8,7
0x413011,99.9835%,11,66553,66564,66553,11,0,0
0x40ced1,99.4342%,11,1933,1944,1728,0,11,205
0x41041a,99.9701%,11,36772,36783,0,0,11,36772
0x41110a,99.9821%,11,61360,61371,0,0,11,61360
0x409c20,81.0345%,11,47,58,0,6,5,47
0x4079ad,98.1197%,11,574,585,519,1,10,55
0x4131cd,99.9845%,11,71107,71118,35550,9,2,35557
0x402c9d,99.6679%,11,3301,3312,2937,7,4,364
0x407aff,75.5556%,11,34,45,30,2,9,4
0x409924,99.3357%,11,1645,1656,1104,0,11,541
0x404045,97.7366%,11,475,486,430,2,9,45
0x406d21,97.2222%,11,385,396,347,5,6,38
0x4089ff,98.6111%,11,781,792,703,1,10,78
0x408a76,64.5161%,11,20,31,0,6,5,20
0x40285c,78.4314%,11,40,51,39,4,7,1
0x40d122,98.2786%,11,628,639,568,0,11,60
0x4048c9,79.6296%,11,43,54,43,5,6,0
0x412da1,99.9796%,11,53848,53859,53848,11,0,0
0x406dfc,69.4444%,11,25,36,0,8,3,25
0x405b5d,99.1512%,11,1285,1296,1152,0,11,133
0x406335,95.8848%,10,233,243,216,0,10,17
0x41056d,99.9727%,10,36593,36603,0,0,10,36593
0x4132d8,99.9715%,10,35039,35049,0,0,10,35039
0x40c9a2,94.5652%,10,174,184,172,4,6,2
0x403015,72.2222%,10,26,36,19,5,5,7
0x413281,99.9715%,10,35039,35049,35039,10,0,0
0x403273,72.2222%,10,26,36,26,2,8,0
0x40cf0a,93.4641%,10,143,153,131,5,5,12
0x409bb7,99.6592%,10,2924,2934,2601,7,3,323
0x41a638,97.9424%,10,476,486,431,1,9,45
0x401503,44.4444%,10,8,18,8,4,6,0
0x405a3e,95.8848%,10,233,243,214,2,8,19
0x41127e,99.9719%,10,35576,35586,23722,2,8,11854
0x410dc1,99.9715%,10,35066,35076,35066,10,0,0
0x401aef,62.963%,10,17,27,17,7,3,0
0x4158e4,95.8848%,10,233,243,232,3,7,1
0x41ac53,99.9563%,10,22850,22860,13064,6,4,9786
0x40c8fb,99.7514%,10,4013,4023,3570,6,4,443
0x40df9f,90.7407%,10,98,108,96,0,10,2
0x412ac8,99.9895%,10,95272,95282,0,0,10,95272
0x41308d,99.9925%,10,133118,133128,66556,8,2,66562
0x409d70,92.5926%,10,125,135,117,3,7,8
0x4019ad,99.5428%,10,2177,2187,1944,0,10,233
0x409d0d,95.1923%,10,198,208,0,8,2,198
0x408b27,94.7368%,9,162,171,151,1,8,11
0x40aada,99.4565%,9,1647,1656,1467,5,4,180
0x40ba21,40%,9,6,15,3,7,2,3
0x40f2b3,97.8923%,9,418,427,214,0,9,204
0x4117bf,99.9905%,9,95105,95114,0,0,9,95105
0x4058b5,83.3333%,9,45,54,45,3,6,0
0x408b14,64%,9,16,25,2,4,5,14
0x41309e,99.9865%,9,66555,66564,44372,4,5,22183
0x403600,99.7685%,9,3879,3888,3452,4,5,427
0x40e92a,96.2963%,9,234,243,216,0,9,18
0x410e10,99.9743%,9,35067,35076,0,0,9,35067
0x406e7a,83.3333%,9,45,54,45,3,6,0
0x40b885,95.1087%,9,175,184,175,4,5,0
0x46fe2a,25%,9,3,12,3,6,3,0
0x41482e,50%,9,9,18,8,4,5,1
0x406b46,98.3696%,9,543,552,364,4,5,179
0x412e1d,99.9916%,9,107709,107718,53854,5,4,53855
0x41112e,99.9951%,9,183612,183621,122244,6,3,61368
0x413418,99.9238%,9,11802,11811,0,0,9,11802
0x408a57,89.7727%,9,79,88,79,1,8,0
0x40e71d,99.177%,8,964,972,864,0,8,100
0x406d96,55.5556%,8,10,18,8,4,4,2
0x413d30,70.3704%,8,19,27,19,5,3,0
0x41552b,98.9026%,8,721,729,0,0,8,721
0x40a983,85.1852%,8,46,54,46,2,6,0
0x40e1e0,99.908%,8,8686,8694,7726,2,6,960
0x40a96b,99.8171%,8,4366,4374,3887,1,7,479
0x40d1db,0%,8,0,8,0,5,3,0
0x412e7c,99.9762%,8,33544,33552,7579,2,6,25965
0x40ea92,55.5556%,8,10,18,2,7,1,8
0x40bcf4,98.6842%,8,600,608,421,3,5,179
0x410b02,99.9823%,8,45276,45284,0,0,8,45276
0x40ff91,99.9748%,8,31774,31782,0,0,8,31774
0x4121ae,99.9971%,8,273263,273271,181860,4,4,91403
0x4157c7,98.9026%,8,721,729,486,0,8,235
0x40589d,99.8171%,8,4366,4374,3887,1,7,479
0x411d6a,99.9922%,8,103074,103082,0,0,8,103074
0x407455,85.1852%,8,46,54,46,2,6,0
0x41153a,99.9916%,8,95124,95132,0,0,8,95124
0x417892,70.3704%,8,19,27,16,2,6,3
0x40417c,95.6989%,8,178,186,178,2,6,0
0x41a64a,85.1852%,8,46,54,46,2,6,0
0x412ca6,99.9801%,8,40201,40209,0,0,8,40201
0x41260c,99.985%,8,53492,53500,19270,0,8,34222
0x4155fc,98.9026%,8,721,729,481,5,3,240
0x40eb12,96.7078%,8,235,243,216,0,8,19
0x41359e,99.9781%,8,36568,36576,24381,3,5,12187
0x46fec2,86.6667%,8,52,60,47,1,7,5
0x4130fe,99.9668%,8,24102,24110,12257,0,8,11845
0x41292e,99.9949%,8,155527,155535,103468,3,5,52059
0x40bfcb,98.2418%,8,447,455,0,0,8,447
0x40227d,97.037%,8,262,270,240,0,8,22
0x40ca24,95.4545%,8,168,176,168,3,5,0
0x41aaec,99.685%,8,2532,2540,0,0,8,2532
0x412e2e,99.987%,7,53852,53859,35905,1,6,17947
0x458e3e,99.7257%,7,2545,2552,2545,7,0,0
0x40d8db,98.1481%,7,371,378,334,2,5,37
0x4013c2,61.1111%,7,11,18,10,4,3,1
0x4179e3,74.0741%,7,20,27,18,0,7,2
0x410e52,99.98%,7,35069,35076,23377,7,0,11692
0x415da7,70.8333%,7,17,24,16,0,7,1
0x40369c,96.3918%,7,187,194,187,3,4,0
0x40f57e,41.6667%,7,5,12,4,2,5,1
0x411a71,99.991%,7,77933,77940,77933,7,0,0
0x402ae5,87.037%,7,47,54,47,1,6,0
0x410a16,99.9859%,7,49629,49636,49629,7,0,0
0x409df7,93.5185%,7,101,108,92,4,3,9
0x4015c1,97.1193%,7,236,243,215,1,6,21
0x4033ed,99.84%,7,4367,4374,3888,0,7,479
0x46fde4,96.8889%,7,218,225,5,4,3,213
0x40eb1b,74.0741%,7,20,27,20,4,3,0
0x412cde,99.9826%,7,40202,40209,26799,7,0,13403
0x40f745,61.1111%,7,11,18,10,3,4,1
0x40e9f4,99.92%,7,8741,8748,7773,3,4,968
0x40340f,87.037%,7,47,54,47,1,6,0
0x403e6c,87.037%,7,47,54,47,1,6,0
0x41ac10,99.8622%,7,5073,5080,2534,6,1,2539
0x45a255,99.7257%,7,2545,2552,0,0,7,2545
0x414625,87.037%,7,47,54,47,1,6,0
0x404170,99.5818%,7,1667,1674,1487,1,6,180
0x40e792,95.679%,7,155,162,142,2,5,13
0x4115c6,99.9826%,6,34454,34460,12259,4,2,22195
0x40e7ee,50%,6,6,12,4,5,1,2
0x40bf9f,99.8535%,6,4089,4095,3638,2,4,451
0x402102,88.8889%,6,48,54,0,0,6,48
0x4052c1,71.4286%,6,15,21,0,2,4,15
0x40f2ff,14.2857%,6,1,7,0,2,4,1
0x411f12,99.9944%,6,107351,107357,107351,6,0,0
0x4157b6,99.7257%,6,2181,2187,1458,0,6,723
0x408b7c,96.4912%,6,165,171,151,1,5,14
0x4020fd,98.7654%,6,480,486,431,1,5,49
0x40eb6a,77.7778%,6,21,27,21,3,3,0
0x40d1cf,91.6667%,6,66,72,64,0,6,2
0x410504,99.9836%,6,36597,36603,36597,6,0,0
0x401f94,50%,6,6,12,6,0,6,0
0x40b95b,60%,6,9,15,8,2,4,1
0x45c367,99.7649%,6,2546,2552,0,0,6,2546
0x45c9e3,99.7649%,6,2546,2552,0,0,6,2546
0x4040f0,99.8457%,6,3882,3888,3454,2,4,428
0x4057c6,66.6667%,6,12,18,10,2,4,2
0x41343d,99.9746%,6,23616,23622,11811,0,6,11805
0x40ca95,86.6667%,6,39,45,36,4,2,3
0x401b23,97.5309%,6,237,243,215,1,5,22
0x403290,50%,6,6,12,6,2,4,0
0x40c5ef,99.8509%,6,4017,4023,3574,2,4,443
0x4132fd,99.9914%,6,70092,70098,35048,1,5,35044
0x40b81e,96.7391%,6,178,184,0,0,6,178
0x403545,98.7654%,6,480,486,431,1,5,49
0x40334d,88.8889%,6,48,54,48,0,6,0
0x4086ee,97.5309%,6,237,243,216,0,6,21
0x40ca1a,91.6667%,6,66,72,64,0,6,2
0x4125b0,99.9823%,6,33849,33855,0,0,6,33849
0x4129d1,99.9823%,6,33819,33825,33819,6,0,0
0x406b8b,99.6377%,6,1650,1656,1472,0,6,178
0x45a20a,99.7649%,6,2546,2552,0,0,6,2546
0x40ddfd,99.3827%,6,966,972,858,6,0,108
0x41abe6,99.8819%,6,5074,5080,2539,1,5,2535
0x40cbff,88.8889%,6,48,54,48,0,6,0
0x40e73a,58.3333%,5,7,12,2,0,5,5
0x402f0f,88.8889%,5,40,45,40,1,4,0
0x405c4d,98.5755%,5,346,351,311,1,4,35
0x40b034,37.5%,5,3,8,1,1,4,2
0x41adab,99.9754%,5,20315,20320,20315,5,0,0
0x4116e9,99.9954%,5,107622,107627,107622,5,0,0
0x4030bf,58.3333%,5,7,12,7,1,4,0
0x45c3d5,99.8041%,5,2547,2552,0,0,5,2547
0x40acef,97.2826%,5,179,184,0,0,5,179
0x4064c2,90.3846%,5,47,52,47,2,3,0
0x40d920,44.4444%,5,4,9,1,4,1,3
0x413a10,16.6667%,5,1,6,0,0,5,1
0x40d914,93.8272%,5,76,81,72,0,5,4
0x402ece,86.1111%,5,31,36,31,1,4,0
0x4126d1,81.4815%,5,22,27,22,2,3,0
0x41621d,81.4815%,5,22,27,22,2,3,0
0x40763c,97.9424%,5,238,243,215,1,4,23
0x41b3c3,98.6772%,5,373,378,334,2,3,39
0x415166,81.4815%,5,22,27,22,2,3,0
0x402d9c,79.1667%,5,19,24,15,1,4,4
0x40279d,99.8296%,5,2929,2934,2606,2,3,323
0x41b59e,88.0952%,5,37,42,0,0,5,37
0x40b986,66.6667%,5,10,15,9,1,4,1
0x40f3b3,73.6842%,5,14,19,14,1,4,0
0x41b4df,96.0317%,5,121,126,38,4,1,83
0x41069d,99.9864%,5,36759,36764,0,0,5,36759
0x46fed8,58.3333%,5,7,12,7,2,3,0
0x417931,81.4815%,5,22,27,22,2,3,0
0x40c2a3,99.8779%,5,4090,4095,3640,0,5,450
0x40b1fb,79.1667%,5,19,24,16,0,5,3
0x4031d6,86.1111%,5,31,36,24,0,5,7
0x40b0a6,72.2222%,5,13,18,9,3,2,4
0x414e6e,81.4815%,5,22,27,22,2,3,0
0x458e2f,99.8041%,5,2547,2552,2547,5,0,0
0x40654e,93.0556%,5,67,72,63,1,4,4
0x412561,99.9852%,5,33850,33855,33850,5,0,0
0x41b449,98.6772%,5,373,378,252,0,5,121
0x405a0a,81.4815%,5,22,27,0,0,5,22
0x40bae1,81.4815%,5,22,27,22,2,3,0
0x401eb4,58.3333%,5,7,12,0,0,5,7
0x41b5a8,88.0952%,5,37,42,0,0,5,37
0x417904,85.1852%,4,23,27,23,1,3,0
0x40eb5e,98.3539%,4,239,243,216,0,4,23
0x417734,85.1852%,4,23,27,23,1,3,0
0x410b2e,99.997%,4,135421,135425,90141,0,4,45280
0x41b015,90.4762%,4,38,42,0,0,4,38
0x405c52,89.7436%,4,35,39,35,1,3,0
0x414135,55.5556%,4,5,9,5,1,3,0
0x4055be,94.4444%,4,68,72,64,0,4,4
0x41086a,99.9912%,4,45298,45302,0,0,4,45298
0x4175a4,55.5556%,4,5,9,5,3,1,0
0x40b226,83.3333%,4,20,24,16,0,4,4
0x411ac0,99.9949%,4,77936,77940,0,0,4,77936
0x40e17e,99.5859%,4,962,966,0,0,4,962
0x407aab,94.9367%,4,75,79,0,0,4,75
0x4146ca,92.5926%,4,50,54,36,0,4,14
0x4155e6,99.8171%,4,2183,2187,1458,0,4,725
0x401b2c,85.1852%,4,23,27,23,1,3,0
0x40573c,88.8889%,4,32,36,32,0,4,0
0x40e460,99.5885%,4,968,972,0,0,4,968
0x40302b,66.6667%,4,8,12,8,0,4,0
0x407460,33.3333%,4,2,6,2,1,3,0
0x402ea9,71.4286%,4,10,14,10,0,4,0
0x413566,99.9891%,4,36572,36576,0,0,4,36572
0x4058c6,33.3333%,4,2,6,2,1,3,0
0x405638,50%,4,4,8,3,1,3,1
0x409938,99.2754%,4,548,552,366,2,2,182
0x40f124,85.1852%,4,23,27,23,1,3,0
0x40f59e,60%,4,6,10,6,0,4,0
0x4056ff,88.8889%,4,32,36,32,0,4,0
0x40b975,73.3333%,4,11,15,11,4,0,0
0x402f3f,88.8889%,4,32,36,31,1,3,1
0x403111,88.8889%,4,32,36,32,0,4,0
0x4122e1,99.9901%,4,40235,40239,40235,4,0,0
0x412a20,99.9882%,4,33821,33825,0,0,4,33821
0x410e76,99.9929%,4,56411,56415,56411,4,0,0
0x40f6a1,71.4286%,4,10,14,10,1,3,0
0x407ac7,86.6667%,4,26,30,26,1,3,0
0x40450c,33.3333%,4,2,6,2,4,0,0
0x414025,85.1852%,4,23,27,23,1,3,0
0x40eb0d,85.1852%,4,23,27,0,0,4,23
0x4031f5,66.6667%,4,8,12,8,0,4,0
0x410f62,99.9912%,4,45341,45345,0,0,4,45341
0x41358d,99.9945%,4,73148,73152,36573,3,1,36575
0x46fdac,98.2222%,4,221,225,221,4,0,0
0x4064b6,99.1453%,4,464,468,412,4,0,52
0x413caa,33.3333%,4,2,6,1,2,2,1
0x415d96,94.4444%,4,68,72,48,0,4,20
0x406528,66.6667%,4,8,12,2,2,2,6
0x40c2cf,99.1209%,4,451,455,0,0,4,451
0x40ba30,20%,4,1,5,1,4,0,0
0x40b9fe,73.3333%,4,11,15,10,0,4,1
0x40b7f2,99.7585%,4,1652,1656,1471,1,3,181
0x40791d,99.3162%,4,581,585,520,0,4,61
0x40b0d9,77.7778%,4,14,18,12,0,4,2
0x40afde,50%,4,4,8,0,0,4,4
0x40633a,85.1852%,4,23,27,0,0,4,23
0x40219c,98.773%,4,322,326,0,0,4,322
0x415bf8,50%,4,4,8,4,4,0,0
0x402da1,62.5%,3,5,8,0,0,3,5
0x401e2c,88.8889%,3,24,27,24,0,3,0
0x415107,88.8889%,3,24,27,24,0,3,0
0x40d19e,99.2424%,3,393,396,352,0,3,41
0x4125f2,99.9911%,3,33852,33855,22569,1,2,11283
0x40d414,87.5%,3,21,24,21,0,3,0
0x40d66e,97.7778%,3,132,135,120,0,3,12
0x4056cd,91.6667%,3,33,36,32,0,3,1
0x40cb1f,66.6667%,3,6,9,6,0,3,0
0x46fe6e,75%,3,9,12,0,0,3,9
0x40f1da,88.8889%,3,24,27,24,0,3,0
0x4177e0,88.8889%,3,24,27,24,0,3,0
0x45c353,99.8824%,3,2549,2552,0,0,3,2549
0x414d9b,50%,3,3,6,3,0,3,0
0x4177a3,88.8889%,3,24,27,24,0,3,0
0x405429,62.5%,3,5,8,0,0,3,5
0x4073aa,88.8889%,3,24,27,24,0,3,0
0x40d308,0%,3,0,3,0,3,0,0
0x40588e,99.3827%,3,483,486,0,0,3,483
0x40db5c,87.5%,3,21,24,21,0,3,0
0x40e936,88.8889%,3,24,27,24,0,3,0
0x40a8ad,88.8889%,3,24,27,24,0,3,0
0x458d59,99.8824%,3,2549,2552,0,0,3,2549
0x40621c,88.8889%,3,24,27,24,0,3,0
0x4131de,99.9916%,3,35556,35559,23704,2,1,11852
0x40eaeb,88.8889%,3,24,27,24,0,3,0
0x411631,99.9955%,3,66588,66591,66588,3,0,0
0x46fe4f,75%,3,9,12,9,0,3,0
0x40f446,57.1429%,3,4,7,0,0,3,4
0x4140b8,66.6667%,3,6,9,5,1,2,1
0x408a52,99.6212%,3,789,792,703,1,2,86
0x413ff5,88.8889%,3,24,27,24,0,3,0
0x413c8f,83.3333%,3,15,18,12,0,3,3
0x458e0f,99.8824%,3,2549,2552,2549,3,0,0
0x40b045,50%,3,3,6,0,0,3,3
0x4019c5,88.8889%,3,24,27,24,0,3,0
0x408bb9,88%,3,22,25,18,1,2,4
0x40b15b,50%,3,3,6,3,1,2,0
0x40b24f,88.8889%,3,24,27,24,0,3,0
0x40b8ec,40%,3,2,5,0,0,3,2
0x40b394,99.8188%,3,1653,1656,1472,0,3,181
0x40af3a,99.8188%,3,1653,1656,1472,0,3,181
0x415de5,87.5%,3,21,24,5,3,0,16
0x4038a6,25%,3,1,4,0,2,1,1
0x405513,62.5%,3,5,8,5,3,0,0
0x40cc13,50%,3,3,6,3,0,3,0
0x406932,88.8889%,3,24,27,24,0,3,0
0x414202,50%,3,3,6,3,0,3,0
0x41aafc,99.8819%,3,2537,2540,0,0,3,2537
0x40f309,40%,3,2,5,0,2,1,2
0x4141b4,66.6667%,3,6,9,6,0,3,0
0x40f5a8,25%,3,1,4,0,0,3,1
0x414055,88.8889%,3,24,27,24,0,3,0
0x4015d6,88.8889%,3,24,27,24,0,3,0
0x40f3a4,0%,3,0,3,0,2,1,0
0x4084e1,88.8889%,3,24,27,24,0,3,0
0x40f39f,85%,3,17,20,17,0,3,0
0x41789f,66.6667%,3,6,9,6,0,3,0
0x40e8c0,88.8889%,3,24,27,24,0,3,0
0x40a992,50%,3,3,6,0,3,0,3
0x40561d,95.8333%,3,69,72,64,0,3,5
0x41058d,99.9959%,3,73203,73206,36603,0,3,36600
0x40da4a,25%,3,1,4,1,3,0,0
0x4179f0,66.6667%,3,6,9,6,0,3,0
0x408a81,88%,3,22,25,22,1,2,0
0x4109b0,99.9747%,3,11835,11838,0,0,3,11835
0x407ae8,88.8889%,3,24,27,24,0,3,0
0x414ffe,88.8889%,3,24,27,24,0,3,0
0x405672,25%,3,1,4,1,3,0,0
0x40f2f5,66.6667%,3,6,9,0,2,1,6
0x413151,99.9916%,3,35556,35559,35556,3,0,0
0x413619,50%,3,3,6,0,3,0,3
0x41059e,99.9918%,3,36600,36603,24402,0,3,12198
0x413511,99.9918%,3,36573,36576,36573,3,0,0
0x40f6b1,0%,3,0,3,0,1,2,0
0x409582,88.8889%,3,24,27,24,0,3,0
0x409960,99.8188%,3,1653,1656,1472,0,3,181
0x408452,97.9167%,3,141,144,141,3,0,0
0x40ea3f,75%,3,9,12,0,3,0,9
0x417792,92.5926%,2,25,27,0,0,2,25
0x402f6e,50%,2,2,4,0,0,2,2
0x40ca7f,93.75%,2,30,32,30,2,0,0
0x408b81,89.4737%,2,17,19,17,1,1,0
0x40df02,99.729%,2,736,738,736,2,0,0
0x40571c,94.4444%,2,34,36,32,0,2,2
0x4064e7,90.4762%,2,19,21,19,0,2,0
0x40ca20,98.8636%,2,174,176,0,0,2,174
0x40135c,88.8889%,2,16,18,16,0,2,0
0x40f5ec,60%,2,3,5,0,1,1,3
0x406e97,88.8889%,2,16,18,16,0,2,0
0x40150f,66.6667%,2,4,6,4,0,2,0
0x4173d4,50%,2,2,4,2,1,1,0
0x4013d0,88.8889%,2,16,18,16,0,2,0
0x408874,99.8435%,2,1276,1278,1136,0,2,140
0x406b23,99.6377%,2,550,552,0,0,2,550
0x40641f,99.8435%,2,1276,1278,1136,0,2,140
0x40e74b,0%,2,0,2,0,0,2,0
0x40e79e,88.8889%,2,16,18,16,0,2,0
0x45c9ec,99.9216%,2,2550,2552,2550,2,0,0
0x45c3a3,99.9216%,2,2550,2552,0,0,2,2550
0x414270,92.5926%,2,25,27,24,0,2,1
0x417aab,50%,2,2,4,2,2,0,0
0x45a30d,99.9216%,2,2550,2552,0,0,2,2550
0x40e243,66.6667%,2,4,6,0,2,0,4
0x40b186,66.6667%,2,4,6,4,0,2,0
0x45c38c,99.9216%,2,2550,2552,0,0,2,2550
0x45c37b,99.9216%,2,2550,2552,2550,2,0,0
0x415db0,75%,2,6,8,6,2,0,0
0x45c3bb,99.9216%,2,2550,2552,0,0,2,2550
0x402e9d,98.4127%,2,124,126,112,0,2,12
0x40f766,60%,2,3,5,3,1,1,0
0x4040ae,99.537%,2,430,432,0,0,2,430
0x40351d,96.2963%,2,52,54,0,0,2,52
0x40f5ff,50%,2,2,4,0,2,0,2
0x41b4b7,95.2381%,2,40,42,40,2,0,0
0x40b5a7,98.913%,2,182,184,0,0,2,182
0x41a4c0,66.6667%,2,4,6,4,2,0,0
0x40f5ce,75%,2,6,8,1,1,1,5
0x4014f2,88.8889%,2,16,18,16,2,0,0
0x40b0eb,75%,2,6,8,6,0,2,0
0x40844d,99.8457%,2,1294,1296,1152,0,2,142
0x40f3b8,50%,2,2,4,1,2,0,1
0x40b324,98.913%,2,182,184,0,0,2,182
0x408ba2,77.7778%,2,7,9,7,1,1,0
0x406d2d,95.4545%,2,42,44,42,0,2,0
0x40c889,99.5526%,2,445,447,0,0,2,445
0x40e248,50%,2,2,4,0,2,0,2
0x406d65,88.8889%,2,16,18,16,0,2,0
0x4112a5,99.9971%,2,69753,69755,69753,2,0,0
0x40f3dc,0%,2,0,2,0,2,0,0
0x40b73d,98.913%,2,182,184,0,0,2,182
0x40e8d2,33.3333%,2,1,3,0,0,2,1
0x40b175,66.6667%,2,4,6,4,2,0,0
0x40655a,75%,2,6,8,6,2,0,0
0x41b22e,95.2381%,2,40,42,40,2,0,0
0x401420,88.8889%,2,16,18,16,0,2,0
0x4156eb,99.7257%,2,727,729,0,0,2,727
0x4174d4,77.7778%,2,7,9,7,1,1,0
0x412ed1,99.9974%,2,77911,77913,77911,2,0,0
0x406585,83.3333%,2,10,12,10,0,2,0
0x40faa7,77.7778%,2,7,9,7,1,1,0
0x40f5bb,80%,2,8,10,0,2,0,8
0x4131ac,99.9944%,2,35557,35559,0,0,2,35557
0x411e51,99.9963%,2,53884,53886,53884,2,0,0
0x402688,96.2963%,2,52,54,0,0,2,52
0x415548,99.7257%,2,727,729,0,0,2,727
0x40e1e5,99.793%,2,964,966,964,0,2,0
0x40bf2a,99.7802%,1,454,455,0,0,1,454
0x458da8,99.9608%,1,2551,2552,0,0,1,2551
0x40f7d4,88.8889%,1,8,9,8,0,1,0
0x4111e1,99.9972%,1,35585,35586,35585,1,0,0
0x4064d8,95.4545%,1,21,22,0,1,0,21
0x4148bc,83.3333%,1,5,6,0,0,1,5
0x41abd9,99.9606%,1,2539,2540,0,0,1,2539
0x458d85,99.9608%,1,2551,2552,0,0,1,2551
0x40aa14,99.5885%,1,242,243,0,0,1,242
0x405b1e,99.3056%,1,143,144,0,0,1,143
0x45a235,99.9608%,1,2551,2552,0,0,1,2551
0x40b198,87.5%,1,7,8,0,0,1,7
0x4133c1,99.9915%,1,11810,11811,11810,1,0,0
0x41ac79,99.9846%,1,6503,6504,6503,1,0,0
0x40bd0d,99.8188%,1,551,552,0,0,1,551
0x412c51,99.9975%,1,40208,40209,40208,1,0,0
0x410961,99.9916%,1,11837,11838,11837,1,0,0
0x40742e,99.7942%,1,485,486,0,0,1,485
0x46fdbc,99.5556%,1,224,225,224,1,0,0
0x46fe98,98.3333%,1,59,60,0,0,1,59
0x4173dd,0%,1,0,1,0,1,0,0
0x40f3a9,0%,1,0,1,0,1,0,0
0x41739b,75%,1,3,4,3,1,0,0
0x40a8f6,83.3333%,1,5,6,0,0,1,5
0x45c9d3,99.9608%,1,2551,2552,0,0,1,2551
0x410406,99.7531%,1,404,405,0,0,1,404
0x45c3d0,99.9608%,1,2551,2552,0,0,1,2551
0x413795,83.3333%,1,5,6,0,0,1,5
0x410856,99.7706%,1,435,436,0,0,1,435
0x413770,83.3333%,1,5,6,0,0,1,5
0x417634,66.6667%,1,2,3,0,0,1,2
0x417a8b,66.6667%,1,2,3,2,0,1,0
0x458dba,99.9608%,1,2551,2552,0,0,1,2551
0x401f1b,99.0741%,1,107,108,0,0,1,107
0x41578e,99.8628%,1,728,729,0,0,1,728
0x40dd9d,91.6667%,1,11,12,0,0,1,11
0x40e783,94.4444%,1,17,18,0,0,1,17
0x41795b,66.6667%,1,2,3,0,0,1,2
0x41ac15,99.9606%,1,2539,2540,0,0,1,2539
0x403266,91.6667%,1,11,12,0,0,1,11
0x411bdb,99.896%,1,961,962,0,0,1,961
0x40fd0d,0%,1,0,1,0,1,0,0
0x402c5c,99.7283%,1,367,368,0,0,1,367
0x45c3c7,99.9608%,1,2551,2552,0,0,1,2551
0x45c9ca,99.9608%,1,2551,2552,0,0,1,2551
0x40af91,99.4565%,1,183,184,0,0,1,183
0x40f5dd,83.3333%,1,5,6,0,1,0,5
0x40dfee,99.8971%,1,971,972,0,0,1,971
0x40f315,66.6667%,1,2,3,0,1,0,2
0x4105c3,99.998%,1,49928,49929,49928,1,0,0
0x40e9e3,99.8971%,1,971,972,0,0,1,971
0x40f6e7,50%,1,1,2,1,0,1,0
0x40c927,99.7763%,1,446,447,0,0,1,446
0x41b26f,97.619%,1,41,42,41,1,0,0
0x41768b,66.6667%,1,2,3,2,1,0,0
0x406abd,99.4565%,1,183,184,0,0,1,183
0x40f60f,50%,1,1,2,0,1,0,1
0x40994d,99.4565%,1,183,184,0,0,1,183
0x4174dd,0%,1,0,1,0,1,0,0
0x4020bb,100%,0,54,54,0,0,0,54
0x40e91b,100%,0,27,27,0,0,0,27
0x41b348,100%,0,42,42,0,0,0,42
0x40e984,100%,0,12,12,0,0,0,12
0x408b65,100%,0,36,36,0,0,0,36
0x40e9d8,100%,0,108,108,0,0,0,108
0x40c22e,100%,0,455,455,0,0,0,455
0x4097f3,100%,0,184,184,0,0,0,184
0x4033bb,100%,0,54,54,0,0,0,54
0x403376,100%,0,6,6,0,0,0,6
0x409845,100%,0,184,184,0,0,0,184
0x40ba10,100%,0,15,15,15,0,0,0
0x40ea8d,100%,0,9,9,0,0,0,9
0x40aade,100%,0,184,184,0,0,0,184
0x41ab24,100%,0,2540,2540,2540,0,0,0
0x41ab81,100%,0,2540,2540,0,0,0,2540
0x409b92,100%,0,2934,2934,2608,0,0,326
0x41b4e4,100%,0,336,336,336,0,0,0
0x41b250,100%,0,84,84,0,0,0,84
0x403423,100%,0,6,6,0,0,0,6
0x40e705,100%,0,108,108,0,0,0,108
0x4031b9,100%,0,12,12,0,0,0,12
0x4035c3,100%,0,432,432,0,0,0,432
0x40ae85,100%,0,184,184,0,0,0,184
0x409ba4,100%,0,326,326,0,0,0,326
0x40f3d1,100%,0,2,2,0,0,0,2
0x40eb00,100%,0,3,3,0,0,0,3
0x415707,100%,0,729,729,0,0,0,729
0x4155bf,100%,0,729,729,0,0,0,729
0x415016,100%,0,3,3,3,0,0,0
0x417424,100%,0,1,1,0,0,0,1
0x40eb72,100%,0,3,3,3,0,0,0
0x417a22,100%,0,3,3,0,0,0,3
0x402289,100%,0,30,30,30,0,0,0
0x46fdfa,100%,0,225,225,225,0,0,0
0x40eb20,100%,0,3,3,0,0,0,3
0x402819,100%,0,40,40,40,0,0,0
0x40cb72,100%,0,6,6,0,0,0,6
0x408b4b,100%,0,18,18,0,0,0,18
0x40a95c,100%,0,486,486,0,0,0,486
0x40eac7,100%,0,27,27,0,0,0,27
0x40d866,100%,0,72,72,0,0,0,72
0x40d761,100%,0,15,15,0,0,0,15
0x40d566,100%,0,24,24,0,0,0,24
0x40dde9,100%,0,108,108,0,0,0,108
0x40f6c6,100%,0,2,2,0,0,0,2
0x45c3ac,100%,0,2552,2552,2552,0,0,0
0x407a92,100%,0,11,11,0,0,0,11
0x405c98,100%,0,3,3,3,0,0,0
0x417a0c,100%,0,3,3,0,0,0,3
0x40f6da,100%,0,2,2,0,0,0,2
0x40b896,100%,0,5,5,0,0,0,5
0x40311e,100%,0,4,4,0,0,0,4
0x40f6d0,100%,0,2,2,0,0,0,2
0x40ce88,100%,0,216,216,0,0,0,216
0x40d2da,100%,0,3,3,0,0,0,3
0x412b69,100%,0,941,941,0,0,0,941
0x402eb9,100%,0,36,36,0,0,0,36
0x415c10,100%,0,8,8,0,0,0,8
0x415b4a,100%,0,8,8,8,0,0,0
0x415813,100%,0,142,142,0,0,0,142
0x415dd8,100%,0,24,24,0,0,0,24
0x4157d5,100%,0,243,243,0,0,0,243
0x415d63,100%,0,24,24,0,0,0,24
0x40496a,100%,0,54,54,0,0,0,54
0x41afda,100%,0,42,42,42,0,0,0
0x41afa6,100%,0,42,42,0,0,0,42
0x41af9a,100%,0,42,42,0,0,0,42
0x40c57a,100%,0,447,447,0,0,0,447
0x40c33a,100%,0,184,184,0,0,0,184
0x405879,100%,0,54,54,0,0,0,54
0x404aa0,100%,0,54,54,0,0,0,54
0x40da23,100%,0,4,4,0,0,0,4
0x415cbb,100%,0,24,24,0,0,0,24
0x40c9a6,100%,0,8,8,0,0,0,8
0x414a06,100%,0,6,6,0,0,0,6
0x40bc57,100%,0,243,243,0,0,0,243
0x40cbc8,100%,0,54,54,0,0,0,54
0x40ca04,100%,0,51,51,51,0,0,0
0x40401c,100%,0,54,54,0,0,0,54
0x40b522,100%,0,184,184,0,0,0,184
0x40b398,100%,0,184,184,0,0,0,184
0x40198b,100%,0,27,27,0,0,0,27
0x41b2b6,100%,0,42,42,42,0,0,0
0x408ba7,100%,0,1,1,0,0,0,1
0x40541f,100%,0,8,8,0,0,0,8
0x40534a,100%,0,21,21,0,0,0,21
0x40d127,100%,0,71,71,0,0,0,71
0x40ce17,100%,0,24,24,0,0,0,24
0x415435,100%,0,243,243,0,0,0,243
0x41b46f,100%,0,126,126,0,0,0,126
0x40cdff,100%,0,24,24,0,0,0,24
0x40b0fc,100%,0,2,2,0,0,0,2
0x41b1d8,100%,0,42,42,0,0,0,42
0x41b116,100%,0,42,42,42,0,0,0
0x41b181,100%,0,42,42,42,0,0,0
0x41b16f,100%,0,42,42,0,0,0,42
0x41b124,100%,0,42,42,42,0,0,0
0x41b0e0,100%,0,42,42,0,0,0,42
0x41b0d7,100%,0,42,42,0,0,0,42
0x40631e,100%,0,27,27,0,0,0,27
0x4014d7,100%,0,6,6,0,0,0,6
0x40b849,100%,0,184,184,0,0,0,184
0x41afe7,100%,0,42,42,42,0,0,0
0x40f583,100%,0,6,6,6,0,0,0
0x408b38,100%,0,19,19,0,0,0,19
0x4013dd,100%,0,2,2,0,0,0,2
0x41a667,100%,0,6,6,6,0,0,0
0x41344e,100%,0,11811,11811,7874,0,0,3937
0x401b16,100%,0,27,27,0,0,0,27
0x408410,100%,0,144,144,0,0,0,144
0x458e39,100%,0,2552,2552,0,0,0,2552
0x407413,100%,0,54,54,0,0,0,54
0x41b15e,100%,0,42,42,0,0,0,42
0x401b08,100%,0,3,3,0,0,0,3
0x40563c,100%,0,4,4,0,0,0,4
0x4026aa,100%,0,54,54,0,0,0,54
0x40cbd8,100%,0,486,486,0,0,0,486
0x41a53e,100%,0,6,6,0,0,0,6
0x40b215,100%,0,24,24,24,0,0,0
0x4033d1,100%,0,486,486,0,0,0,486
0x407aed,100%,0,3,3,0,0,0,3
0x40d001,100%,0,17,17,0,0,0,17
0x413cc5,100%,0,3,3,0,0,0,3
0x40af66,100%,0,184,184,0,0,0,184
0x410cb6,100%,0,345,345,0,0,0,345
0x40e066,100%,0,972,972,972,0,0,0
0x458d75,100%,0,2552,2552,0,0,0,2552
0x40b8fd,100%,0,5,5,0,0,0,5
0x406b57,100%,0,184,184,0,0,0,184
0x411966,100%,0,971,971,0,0,0,971
0x40e752,100%,0,2,2,0,0,0,2
0x40eb54,100%,0,27,27,0,0,0,27
0x410aeb,100%,0,427,427,0,0,0,427
0x41b506,100%,0,42,42,42,0,0,0
0x40de9b,100%,0,738,738,0,0,0,738
0x410f4b,100%,0,336,336,0,0,0,336
0x41136b,100%,0,483,483,0,0,0,483
0x46fdd3,100%,0,225,225,0,0,0,225
0x40d5df,100%,0,216,216,0,0,0,216
0x40404a,100%,0,54,54,0,0,0,54
0x4109f2,100%,0,11838,11838,7892,0,0,3946
0x412176,100%,0,950,950,0,0,0,950
0x411d56,100%,0,899,899,0,0,0,899
0x411fc9,100%,0,890,890,0,0,0,890
0x41b00c,100%,0,42,42,0,0,0,42
0x40e88d,100%,0,27,27,0,0,0,27
0x405a46,100%,0,27,27,0,0,0,27
0x41b25d,100%,0,84,84,42,0,0,42
0x41b178,100%,0,42,42,0,0,0,42
0x458de7,100%,0,2552,2552,0,0,0,2552
0x40b995,100%,0,5,5,0,0,0,5
0x4178f3,100%,0,27,27,0,0,0,27
0x458d97,100%,0,2552,2552,0,0,0,2552
0x40b2cf,100%,0,243,243,0,0,0,243
0x40eab8,100%,0,3,3,0,0,0,3
0x4179c4,100%,0,9,9,0,0,0,9
0x4110f6,100%,0,492,492,0,0,0,492
0x409912,100%,0,552,552,0,0,0,552
0x41a558,100%,0,6,6,0,0,0,6
0x408a96,100%,0,6,6,0,0,0,6
0x403a3a,100%,0,4,4,4,0,0,0
0x458dc9,100%,0,2552,2552,2552,0,0,0
0x40c35d,100%,0,552,552,0,0,0,552
0x40497f,100%,0,54,54,0,0,0,54
0x405823,100%,0,6,6,0,0,0,6
0x40a94c,100%,0,54,54,0,0,0,54
0x41b596,100%,0,42,42,0,0,0,42
0x41ab0a,100%,0,2540,2540,0,0,0,2540
0x46fe67,100%,0,12,12,0,0,0,12
0x415670,100%,0,243,243,0,0,0,243
0x40ea44,100%,0,9,9,0,0,0,9
0x412712,100%,0,3,3,0,0,0,3
0x40b1a9,100%,0,8,8,0,0,0,8
0x416240,100%,0,3,3,0,0,0,3
0x41b01e,100%,0,42,42,42,0,0,0
0x4117ab,100%,0,670,670,0,0,0,670
0x41b3d7,100%,0,42,42,42,0,0,0
0x411526,100%,0,679,679,0,0,0,679
0x40354a,100%,0,54,54,0,0,0,54
0x4073bd,100%,0,6,6,0,0,0,6
0x409d75,100%,0,15,15,15,0,0,0
0x413b86,100%,0,18,18,0,0,0,18
0x414726,100%,0,18,18,0,0,0,18
0x402754,100%,0,326,326,0,0,0,326
0x415cdf,100%,0,24,24,0,0,0,24
0x4128ef,100%,0,657,657,0,0,0,657
0x413f9b,100%,0,3,3,3,0,0,0
0x410689,100%,0,396,396,0,0,0,396
0x406d49,100%,0,18,18,0,0,0,18
0x40b9a6,100%,0,5,5,0,0,0,5
0x40f3bd,100%,0,1,1,0,0,0,1
0x406b4e,100%,0,184,184,0,0,0,184
0x40bcc9,100%,0,667,667,0,0,0,667
0x45a275,100%,0,2552,2552,0,0,0,2552
0x412466,100%,0,666,666,0,0,0,666
0x406507,100%,0,2,2,0,0,0,2
0x401dbd,100%,0,171,171,0,0,0,171
0x414c85,100%,0,6,6,0,0,0,6
0x40f3c7,100%,0,2,2,0,0,0,2
0x401d08,100%,0,57,57,0,0,0,57
0x404385,100%,0,6,6,6,0,0,0
0x407641,100%,0,27,27,0,0,0,27
0x401cbf,100%,0,57,57,0,0,0,57
0x4063f0,100%,0,142,142,0,0,0,142
0x40c623,100%,0,447,447,0,0,0,447
0x458d6d,100%,0,2552,2552,0,0,0,2552
0x458d63,100%,0,2552,2552,0,0,0,2552
0x45a267,100%,0,2552,2552,2552,0,0,0
0x40193f,100%,0,3,3,0,0,0,3
0x407a7e,100%,0,30,30,0,0,0,30
0x406e1f,100%,0,28,28,28,0,0,0
0x408a04,100%,0,88,88,88,0,0,0
0x40883c,100%,0,142,142,0,0,0,142
0x4087f8,100%,0,142,142,0,0,0,142
0x40e6b0,100%,0,12,12,12,0,0,0
0x4086f3,100%,0,27,27,0,0,0,27
0x4086b8,100%,0,27,27,0,0,0,27
0x407973,100%,0,79,79,79,0,0,0
0x41b281,100%,0,42,42,42,0,0,0
0x40e568,100%,0,972,972,972,0,0,0
0x40e81e,100%,0,3,3,0,0,0,3
0x401456,100%,0,2,2,0,0,0,2
0x402d0d,100%,0,8,8,0,0,0,8
0x4079c7,100%,0,13,13,0,0,0,13
0x401412,100%,0,18,18,18,0,0,0
0x4177d3,100%,0,27,27,0,0,0,27
0x407922,100%,0,65,65,0,0,0,65
0x407606,100%,0,27,27,0,0,0,27
0x401325,100%,0,2,2,0,0,0,2
0x40e25c,100%,0,4,4,4,0,0,0
0x417882,100%,0,27,27,0,0,0,27
0x4152f8,100%,0,243,243,0,0,0,243
0x4141ca,100%,0,3,3,3,0,0,0
0x41470a,100%,0,18,18,0,0,0,18
0x413fa9,100%,0,3,3,0,0,0,3
0x413629,100%,0,3,3,0,0,0,3
0x412821,100%,0,3,3,0,0,0,3
0x4179d3,100%,0,27,27,0,0,0,27
0x417924,100%,0,27,27,0,0,0,27
0x40d546,100%,0,24,24,0,0,0,24
0x41b2ab,100%,0,42,42,0,0,0,42
0x41a475,100%,0,6,6,0,0,0,6
0x417806,100%,0,3,3,0,0,0,3
0x401d72,100%,0,57,57,0,0,0,57
0x40f258,100%,0,48,48,0,0,0,48
0x40eaa1,100%,0,9,9,9,0,0,0
0x41774a,100%,0,3,3,3,0,0,0
0x409ced,100%,0,176,176,0,0,0,176
0x45a86d,100%,0,2552,2552,2552,0,0,0
0x401394,100%,0,2,2,0,0,0,2
0x413640,100%,0,6,6,0,0,0,6
0x404f46,100%,0,21,21,0,0,0,21
0x41a5a2,100%,0,6,6,6,0,0,0
0x4149e1,100%,0,6,6,0,0,0,6
0x40ac6a,100%,0,184,184,0,0,0,184
0x40b0c8,100%,0,18,18,18,0,0,0
0x40eacf,100%,0,243,243,0,0,0,243
0x41a615,100%,0,54,54,0,0,0,54
0x401f30,100%,0,972,972,0,0,0,972
0x41a5b1,100%,0,6,6,0,0,0,6
0x4159e0,100%,0,8,8,0,0,0,8
0x40f6bb,100%,0,2,2,0,0,0,2
0x417872,100%,0,9,9,0,0,0,9
0x40e898,100%,0,243,243,0,0,0,243
0x4154b6,100%,0,243,243,0,0,0,243
0x41a594,100%,0,6,6,0,0,0,6
0x4098af,100%,0,184,184,0,0,0,184
0x41a530,100%,0,6,6,0,0,0,6
0x40aa69,100%,0,184,184,0,0,0,184
0x41a522,100%,0,6,6,0,0,0,6
0x41a512,100%,0,6,6,0,0,0,6
0x40e44b,100%,0,972,972,0,0,0,972
0x41a4bb,100%,0,6,6,0,0,0,6
