Branch PC,Accuracy,Mispredictions,Correct Predictions,Total,dir_t_pred_t,dir_t_pred_nt,dir_nt_pred_t,dir_nt_pred_nt
aggregate,99.022%,249241,25235602,25484843,15644477,97809,151432,9591125
0x411cdb,96.2044%,40117,1016831,1056948,957026,12172,27945,59805
0x411480,95.6772%,31765,703065,734830,612482,12846,18919,90583
0x41104e,96.2046%,25793,653784,679577,583529,9129,16664,70255
0x4120ef,97.6021%,18360,747305,765665,726397,4572,13788,20908
0x41321e,97.3773%,17823,661745,679568,596807,7256,10567,64938
0x4118ce,96.5147%,14220,393785,408005,281276,5440,8780,112509
0x412633,95.8129%,13767,315028,328795,47059,7927,5840,267969
0x410794,95.5466%,13180,282774,295954,228633,5775,7405,54141
0x412e6e,98.9065%,11558,1045380,1056938,930755,4903,6655,114625
0x412d38,98.5338%,11226,754429,765655,672592,5323,5903,81837
0x4130f0,98.5176%,10893,723928,734821,642634,5277,5616,81294
0x412fb0,97.9752%,8261,399735,407996,295045,3458,4803,104690
0x4134a1,97.6874%,6844,289101,295945,257883,3017,3827,31218
0x410341,97.85%,4673,212679,217352,32549,2505,2168,180130
0x410c08,97.7726%,3914,171810,175724,98571,1639,2275,73239
0x4135e8,99.3545%,1403,215940,217343,191916,768,635,24024
0x413360,99.2198%,1371,174344,175715,113741,437,934,60603
0x41ac73,94.3853%,1108,18626,19734,17023,543,565,1603
0x41ae23,95.0868%,855,16547,17402,16530,24,831,17
0x4123df,97.7346%,786,33910,34696,32872,233,553,1038
0x4114c1,99.6758%,355,109147,109502,6028,216,139,103119
0x412629,99.5572%,351,78909,79260,15631,206,145,63278
0x41acba,98.571%,282,19452,19734,15403,45,237,4049
0x410edd,99.6835%,239,75266,75505,16461,109,130,58805
0x41115f,99.7595%,209,86710,86919,26408,119,90,60302
0x41223d,99.4092%,205,34491,34696,20479,74,131,14012
0x41212f,99.3827%,196,31557,31753,30945,34,162,612
0x41175c,99.8169%,189,103061,103250,102995,61,128,66
0x410fb4,99.7629%,179,75326,75505,23788,81,98,51538
0x411a06,99.6823%,174,54593,54767,4339,105,69,50254
0x411dc7,99.812%,165,87585,87750,39625,51,114,47960
0x411cfc,99.8291%,150,87600,87750,2858,86,64,84742
0x41108f,99.8274%,150,86769,86919,4611,90,60,82158
0x4113c4,99.8332%,145,86765,86910,26442,79,66,60323
0x412645,99.9485%,141,273668,273809,8397,40,101,265271
0x411923,99.8858%,132,115415,115547,115319,28,104,96
0x411b78,99.8928%,130,121150,121280,5665,76,54,115485
0x4114dd,99.8838%,120,103138,103258,103025,36,84,113
0x411196,99.5627%,116,26411,26527,5856,72,44,20555
0x41158a,99.8959%,114,109388,109502,42448,29,85,66940
0x411d18,99.875%,106,84700,84806,84351,27,79,349
0x410c59,99.8596%,106,75408,75514,16534,37,69,58874
0x411814,99.9041%,105,109388,109493,42458,13,92,66930
0x4119ca,99.9184%,99,121190,121289,54727,40,59,66463
0x411309,99.8861%,99,86811,86910,4643,57,42,82168
0x412fbe,99.7693%,98,42373,42471,5866,59,39,36507
0x410473,99.7233%,97,34957,35054,10298,40,57,24659
0x4103c4,99.6743%,96,29382,29478,29319,20,76,63
0x410c75,99.8439%,92,58851,58943,58774,28,64,77
0x4110ab,99.8905%,90,82128,82218,82013,41,49,115
0x4108ba,99.857%,88,61458,61546,11911,52,36,49547
0x41295a,99.7462%,84,33012,33096,18931,25,59,14081
0x4107ed,99.8668%,82,61464,61546,7955,34,48,53509
0x40de8a,76.8519%,75,249,324,14,62,13,235
0x411325,99.9124%,72,82138,82210,82025,24,48,113
0x410d56,99.7026%,71,23804,23875,4486,24,47,19318
0x411f7a,99.9198%,68,84729,84797,84343,29,39,386
0x40c953,65.0538%,65,121,186,113,11,54,8
0x412660,99.911%,63,70760,70823,65158,25,38,5602
0x410a85,99.9041%,59,61478,61537,7971,17,42,53507
0x412d46,99.8538%,58,39611,39669,4639,36,22,34972
0x401ce3,66.6667%,57,114,171,14,39,18,100
0x401dc4,67.2515%,56,115,171,111,12,44,4
0x410809,99.8973%,55,53502,53557,53377,32,23,125
0x411c44,99.9555%,54,121226,121280,54732,29,25,66494
0x410d1a,99.9298%,53,75461,75514,23860,15,38,51601
0x4106ec,99.8488%,53,34992,35045,10313,19,34,24679
0x401d33,69.0058%,53,118,171,14,41,12,104
0x411b94,99.9559%,51,115488,115539,115320,22,29,168
0x410ef9,99.9152%,50,58885,58935,58772,25,25,113
0x411aed,99.9841%,48,301890,301938,150962,7,41,150928
0x402c4d,71.6049%,46,116,162,6,32,14,110
0x409b47,83.3333%,45,225,270,96,18,27,129
0x40218b,68.75%,45,99,144,2,32,13,97
0x411ffe,99.9827%,44,253922,253966,169141,28,16,84781
0x4116c2,99.9608%,43,109604,109647,73075,23,20,36529
0x41322c,99.8199%,43,23826,23869,4468,39,4,19358
0x40c713,77.957%,41,145,186,141,9,32,4
0x40bdac,78.4946%,40,146,186,0,36,4,146
0x40c3fc,78.4946%,40,146,186,0,36,4,146
0x4108f6,99.6656%,40,11923,11963,4530,14,26,7393
0x409b7f,75.641%,38,118,156,0,36,2,118
0x412403,99.8852%,38,33067,33105,2292,21,17,30775
0x410aa1,99.929%,38,53511,53549,53391,13,25,120
0x402745,74.3056%,37,107,144,6,28,9,101
0x40c0b8,80.6452%,36,150,186,148,2,34,2
0x412b00,99.8991%,35,34651,34686,2922,20,15,31729
0x411e06,99.9143%,34,39642,39676,4664,14,20,34978
0x41199e,99.9902%,34,346407,346441,230886,8,26,115521
0x40df85,89.8148%,33,291,324,279,9,24,12
0x412884,99.9003%,33,33063,33096,2296,16,17,30767
0x412b1c,99.896%,33,31711,31744,30953,20,13,758
0x41298f,99.8259%,33,18923,18956,5177,18,15,13746
0x41ad1f,99.5676%,33,7599,7632,6779,5,28,820
0x4109f2,99.8517%,33,22224,22257,14815,23,10,7409
0x406c9b,85.1852%,32,184,216,93,12,20,91
0x411fdd,99.9634%,31,84766,84797,0,0,31,84766
0x407353,85.6481%,31,185,216,185,7,24,0
0x4115c6,99.9294%,30,42447,42477,5921,7,23,36526
0x410b54,99.9512%,30,61507,61537,11948,9,21,49559
0x412024,99.9658%,30,87710,87740,39654,15,15,48056
0x411bef,99.974%,30,115509,115539,0,0,30,115509
0x4128a0,99.9025%,30,30754,30784,30124,12,18,630
0x411907,99.9761%,29,121260,121289,5733,9,20,115527
0x40f2d5,69.7917%,29,67,96,67,13,16,0
0x406a70,64.1975%,29,52,81,7,12,17,45
0x415138,65.4321%,28,53,81,52,10,18,1
0x41124a,99.9547%,28,61769,61797,0,0,28,61769
0x415803,71.134%,28,69,97,47,15,13,22
0x412df6,99.9733%,28,104954,104982,0,0,28,104954
0x40bfff,85.4839%,27,159,186,114,10,17,45
0x40b317,95.7143%,27,603,630,568,0,27,35
0x41241f,99.9123%,27,30765,30792,30127,14,13,638
0x411d8e,99.9894%,27,253963,253990,169180,4,23,84783
0x412f5e,99.9821%,27,150933,150960,100614,26,1,50319
0x412276,99.8686%,27,20526,20553,6145,13,14,14381
0x405b15,58.7302%,26,37,63,1,14,12,36
0x40bcce,95.9938%,26,623,649,0,19,7,623
0x40f66f,83.3333%,26,130,156,121,10,16,9
0x41197a,99.9775%,26,115521,115547,0,0,26,115521
0x412e1d,99.9881%,25,209939,209964,104965,17,8,104974
0x4103a8,99.9287%,25,35029,35054,5569,7,18,29460
0x4097ea,69.1358%,25,56,81,1,18,7,55
0x401a84,69.1358%,25,56,81,5,14,11,51
0x40f702,69.1358%,25,56,81,44,10,15,12
0x407968,68.3544%,25,54,79,15,15,10,39
0x409d02,67.1053%,25,51,76,43,12,13,8
0x40aa4d,96.302%,24,625,649,0,19,5,625
0x409c9f,77.7778%,24,84,108,25,9,15,59
0x412c00,99.8832%,24,20522,20546,6137,18,6,14385
0x40c2fb,87.0968%,24,162,186,122,2,22,40
0x40b308,96.4561%,23,626,649,0,19,4,626
0x409acd,74.4444%,23,67,90,53,7,16,14
0x41153a,99.9777%,23,103235,103258,0,0,23,103235
0x411b29,99.981%,23,121266,121289,121266,23,0,0
0x40564b,66.6667%,23,46,69,45,7,16,1
0x41249e,99.976%,22,91703,91725,60924,9,13,30779
0x401d41,87.1345%,22,149,171,147,5,17,2
0x401cae,72.8395%,22,59,81,57,5,17,2
0x401cf1,87.1345%,22,149,171,149,3,19,0
0x40f6f2,86.5385%,21,135,156,63,15,6,72
0x40cbf3,87.037%,21,141,162,141,3,18,0
0x406c35,70.8333%,21,51,72,39,9,12,12
0x409cc8,71.6216%,21,53,74,4,14,7,49
0x406cc6,81.0811%,21,90,111,9,17,4,81
0x407aa0,72.3684%,21,55,76,9,11,10,46
0x402a91,85.4167%,21,123,144,123,3,18,0
0x410e52,99.9656%,20,58075,58095,38727,3,17,19348
0x41308d,99.9909%,20,219256,219276,109629,9,11,109627
0x40c657,89.2473%,20,166,186,123,1,19,43
0x4132fd,99.9828%,20,116152,116172,58071,15,5,58081
0x4157fb,75.3086%,20,61,81,0,19,1,61
0x410e3d,99.9828%,20,116170,116190,58092,3,17,58078
0x41ae1d,99.8792%,20,16534,16554,3335,11,9,13199
0x411b02,99.9874%,19,150950,150969,100632,14,5,50318
0x4106ce,99.9785%,19,88255,88274,58796,8,11,29459
0x402577,86.8056%,19,125,144,125,1,18,0
0x413281,99.9673%,19,58067,58086,58067,19,0,0
0x4063e7,69.8413%,19,44,63,2,13,6,42
0x410f8e,99.9892%,19,176648,176667,117726,6,13,58922
0x40a83e,92.963%,19,251,270,238,2,17,13
0x40565c,86.5248%,19,122,141,6,11,8,116
0x410645,99.9355%,19,29451,29470,29322,12,7,129
0x4087ef,69.8413%,19,44,63,0,15,4,44
0x411edd,99.991%,19,209969,209988,104981,13,6,104988
0x40aa5c,96.9841%,19,611,630,568,0,19,43
0x40473e,87.5%,18,126,144,122,4,14,4
0x401de2,68.4211%,18,39,57,31,7,11,8
0x40f685,28%,18,7,25,4,12,6,3
0x40840b,71.4286%,18,45,63,0,15,3,45
0x406ced,78.8235%,18,67,85,48,8,10,19
0x4124bf,99.9456%,18,33087,33105,18952,10,8,14135
0x4033f9,88.8889%,18,144,162,144,0,18,0
0x412e7c,99.9671%,18,54743,54761,4436,5,13,50307
0x40defd,99.1935%,18,2214,2232,1982,2,16,232
0x411f5e,99.9795%,18,87722,87740,2938,5,13,84784
0x40332e,88.8889%,18,144,162,144,0,18,0
0x4117ee,99.9942%,18,309538,309556,206294,12,6,103244
0x404bfc,87.3239%,18,124,142,123,1,17,1
0x412b7d,99.9464%,17,31727,31744,0,0,17,31727
0x410cee,99.9909%,16,176672,176688,117739,6,10,58933
0x412113,99.9539%,16,34680,34696,2941,2,14,31739
0x40ff91,99.9351%,16,24652,24668,0,0,16,24652
0x409965,74.1935%,16,46,62,45,7,9,1
0x4040f5,88.8889%,16,128,144,127,3,13,1
0x41309e,99.9854%,16,109622,109638,73091,1,15,36531
0x412f4d,99.9947%,16,301904,301920,150952,8,8,150952
0x41139e,99.9935%,16,246453,246469,164251,8,8,82202
0x41155e,99.9948%,16,309561,309577,206311,8,8,103250
0x409bbc,86.6667%,16,104,120,104,2,14,0
0x401df5,80.2469%,16,65,81,65,7,9,0
0x41336e,99.8746%,15,11942,11957,4537,4,11,7405
0x41043e,99.983%,15,88280,88295,58811,6,9,29469
0x403608,89.5833%,15,129,144,128,2,13,1
0x4130fe,99.9434%,15,26506,26521,5923,2,13,20583
0x411740,99.9863%,15,109478,109493,6235,8,7,103243
0x411eba,99.9857%,15,104979,104994,0,0,15,104979
0x4084d5,77.7778%,14,49,63,49,5,9,0
0x41343d,99.9685%,14,44482,44496,22244,4,10,22238
0x41126d,99.9887%,14,123580,123594,61797,0,14,61783
0x409574,77.7778%,14,49,63,49,5,9,0
0x4116ad,99.9936%,14,219280,219294,109634,13,1,109646
0x412a5f,99.9661%,14,41269,41283,27509,13,1,13760
0x41247a,99.9578%,13,30779,30792,0,0,13,30779
0x410b2e,99.9919%,13,160489,160502,106952,1,12,53537
0x410e76,99.9828%,13,75501,75514,75501,13,0,0
0x409dc4,87.963%,13,95,108,95,1,12,0
0x403c3c,80.303%,13,53,66,51,1,12,2
0x41088e,99.9919%,13,160510,160523,106965,1,12,53545
0x4046f4,82.8947%,13,63,76,60,2,11,3
0x41515a,83.9506%,13,68,81,68,4,9,0
0x403c89,90.9722%,13,131,144,126,0,13,5
0x406209,79.3651%,13,50,63,50,4,9,0
0x412832,99.9607%,13,33091,33104,8436,1,12,24655
0x407a87,80%,13,52,65,11,9,4,41
0x40e62a,95.9877%,13,311,324,285,3,10,26
0x411eee,99.9876%,13,104981,104994,69988,8,5,34993
0x4068d3,79.3651%,13,50,63,49,5,8,1
0x41218a,99.9591%,13,31740,31753,0,0,13,31740
0x412a4e,99.9855%,12,82554,82566,41273,10,2,41281
0x409c5b,66.6667%,12,24,36,21,3,9,3
0x4132d8,99.9793%,12,58074,58086,0,0,12,58074
0x4089f0,70%,12,28,40,0,9,3,28
0x40e266,96.2963%,12,312,324,285,3,9,27
0x416203,85.1852%,12,69,81,69,3,9,0
0x410cca,99.9796%,12,58931,58943,0,0,12,58931
0x412e2e,99.9886%,12,104970,104982,69988,0,12,34982
0x412bcc,99.9654%,12,34674,34686,20541,5,7,14133
0x401ad6,85.1852%,12,69,81,69,3,9,0
0x41110a,99.9854%,12,82206,82218,0,0,12,82206
0x409bb7,98.8889%,12,1068,1080,960,0,12,108
0x404170,98.2456%,12,672,684,605,3,9,67
0x40d884,62.069%,11,18,29,0,7,4,18
0x41059e,99.9046%,11,11521,11532,7688,0,11,3833
0x40d15f,42.1053%,11,8,19,2,4,7,6
0x40e107,96.6049%,11,313,324,284,4,7,29
0x412853,99.9554%,11,24654,24665,5,2,9,24649
0x40d3ca,84.7222%,11,61,72,60,4,7,1
0x4083d5,71.7949%,11,28,39,27,4,7,1
0x411a71,99.9927%,11,150958,150969,150958,11,0,0
0x40a88e,86.4198%,11,70,81,70,2,9,0
0x403690,98.1481%,11,583,594,525,3,8,58
0x40b22f,86.4198%,11,70,81,70,2,9,0
0x412f2c,99.9927%,11,150949,150960,0,0,11,150949
0x4131de,99.9838%,10,61778,61788,41186,6,4,20592
0x406b90,83.871%,10,52,62,52,2,8,0
0x40d861,96.1686%,10,251,261,225,7,3,26
0x40950d,75%,10,30,40,29,2,8,1
0x4078de,74.359%,10,29,39,1,8,2,28
0x406482,64.2857%,10,18,28,1,6,4,17
0x410b02,99.9813%,10,53539,53549,0,0,10,53539
0x409d5f,81.4815%,10,44,54,39,2,8,5
0x411e51,99.9905%,10,104984,104994,104984,10,0,0
0x40b57b,98.2079%,10,548,558,493,3,7,55
0x40eadd,87.6543%,10,71,81,69,3,7,2
0x40d632,86.1111%,10,62,72,60,7,3,2
0x411d6a,99.9882%,10,84796,84806,0,0,10,84796
0x410e10,99.9828%,10,58085,58095,0,0,10,58085
0x40ced1,98.4568%,10,638,648,572,4,6,66
0x407449,94.4444%,9,153,162,143,1,8,10
0x405c10,71.875%,9,23,32,3,5,4,20
0x411c1e,99.9974%,9,346411,346420,230878,3,6,115533
0x40e8b4,88.8889%,9,72,81,69,3,6,3
0x41069d,99.9695%,9,29461,29470,0,0,9,29461
0x41330e,99.9845%,9,58077,58086,38724,0,9,19353
0x40ca9e,88.8889%,9,72,81,72,0,9,0
0x40babf,88.8889%,9,72,81,72,0,9,0
0x40738b,88.8889%,9,72,81,72,0,9,0
0x408879,81.25%,9,39,48,35,4,5,4
0x40d145,65.3846%,9,17,26,3,4,5,14
0x40bcdd,98.5714%,9,621,630,426,0,9,195
0x4079b2,70%,9,21,30,3,4,5,18
0x41137f,99.9903%,8,82202,82210,0,0,8,82202
0x412ccd,99.9907%,8,86338,86346,43171,2,6,43167
0x40d122,96.5812%,8,226,234,204,4,4,22
0x40d8e0,52.9412%,8,9,17,9,4,4,0
0x408837,98.1481%,8,424,432,381,3,5,43
0x41086a,99.9851%,8,53549,53557,0,0,8,53549
0x41235d,99.9907%,8,86362,86370,43182,3,5,43180
0x40d89e,63.6364%,8,14,22,1,4,4,13
0x4040f0,99.3827%,8,1288,1296,1148,4,4,140
0x412903,99.974%,8,30776,30784,0,0,8,30776
0x407a57,72.4138%,8,21,29,6,3,5,15
0x41058d,99.9653%,8,23056,23064,11527,5,3,11529
0x40689c,71.4286%,8,20,28,20,1,7,0
0x40a862,91.1111%,8,82,90,80,0,8,2
0x41ad47,99.9057%,8,8472,8480,7628,4,4,844
0x40ea00,97.5309%,8,316,324,287,1,7,29
0x4124f6,99.9578%,8,18954,18962,5195,2,6,13759
0x401f62,97.5309%,8,316,324,287,1,7,29
0x40a977,95.679%,7,155,162,143,1,6,12
0x40db1a,90.2778%,7,65,72,63,1,6,2
0x41ae54,99.5873%,7,1689,1696,847,1,6,842
0x4117bf,99.9932%,7,103243,103250,0,0,7,103243
0x40acb8,99.8606%,7,5015,5022,4462,2,5,553
0x40c9fb,61.1111%,7,11,18,11,2,5,0
0x4058a9,95.679%,7,155,162,144,0,7,11
0x40f567,91.358%,7,74,81,74,4,3,0
0x412ac8,99.9798%,7,34679,34686,0,0,7,34679
0x40f41e,77.4194%,7,24,31,24,1,6,0
0x402e51,68.1818%,7,15,22,2,3,4,13
0x40645c,85.4167%,7,41,48,39,2,5,2
0x4061a4,78.125%,7,25,32,25,1,6,0
0x407765,85.4167%,7,41,48,4,4,3,37
0x413418,99.973%,6,22242,22248,0,0,6,22242
0x40ead4,99.177%,6,723,729,646,2,4,77
0x41127e,99.9903%,6,61791,61797,41195,3,3,20596
0x409d27,92.2078%,6,71,77,49,5,1,22
0x41482e,0%,6,0,6,0,4,2,0
0x4133c1,99.973%,6,22242,22248,22242,6,0,0
0x41041a,99.9796%,6,29472,29478,0,0,6,29472
0x40280d,93.9394%,6,93,99,87,1,5,6
0x4157c7,97.5309%,6,237,243,161,1,5,76
0x403284,33.3333%,6,3,9,3,3,3,0
0x4131cd,99.9951%,6,123570,123576,61788,0,6,61782
0x40e1e0,99.7942%,6,2910,2916,2589,3,3,321
0x40736f,91.6667%,6,66,72,63,1,5,3
0x4125dd,99.9927%,6,82584,82590,41295,0,6,41289
0x40ced6,91.6667%,6,66,72,66,1,5,0
0x41a638,96.2963%,6,156,162,141,3,3,15
0x4019ad,99.177%,6,723,729,647,1,5,76
0x412da1,99.9943%,6,104976,104982,104976,6,0,0
0x4057b5,66.6667%,6,12,18,12,0,6,0
0x4122e1,99.9861%,6,43179,43185,43179,6,0,0
0x412ca6,99.9861%,6,43167,43173,0,0,6,43167
0x40d1a3,53.8462%,6,7,13,7,2,4,0
0x4109b0,99.973%,6,22251,22257,0,0,6,22251
0x40cbe7,99.5885%,6,1452,1458,1294,2,4,158
0x40f325,93.6842%,6,89,95,64,0,6,25
0x41112e,99.9976%,6,246484,246490,164267,5,1,82217
0x41292e,99.9935%,6,91698,91704,60918,2,4,30780
0x4121ae,99.9947%,5,94480,94485,62731,1,4,31749
0x40e662,86.1111%,5,31,36,24,0,5,7
0x41306c,99.9954%,5,109633,109638,0,0,5,109633
0x40417c,93.4211%,5,71,76,70,2,3,1
0x409c15,75%,5,15,20,0,4,1,15
0x4027e0,64.2857%,5,9,14,2,1,4,7
0x407aff,82.7586%,5,24,29,21,1,4,3
0x409bf9,64.2857%,5,9,14,8,1,4,1
0x40e92a,93.8272%,5,76,81,71,1,4,5
0x40daca,82.7586%,5,24,29,23,1,4,1
0x411631,99.9954%,5,109642,109647,109642,5,0,0
0x40e71d,98.4568%,5,319,324,287,1,4,32
0x401f73,86.1111%,5,31,36,31,1,4,0
0x410a16,99.9919%,5,61541,61546,61541,5,0,0
0x402de7,61.5385%,5,8,13,7,2,3,1
0x4030a2,44.4444%,5,4,9,3,4,1,1
0x411680,99.9954%,5,109642,109647,0,0,5,109642
0x40ca76,72.2222%,5,13,18,13,0,5,0
0x40f714,81.4815%,5,22,27,17,1,4,5
0x410f62,99.9915%,5,58930,58935,0,0,5,58930
0x40844d,98.8426%,5,427,432,381,3,2,46
0x402ef2,82.7586%,5,24,29,24,2,3,0
0x40ce12,93.0556%,5,67,72,64,0,5,3
0x40b885,91.9355%,5,57,62,57,3,2,0
0x40f2b3,92.1875%,5,59,64,32,0,5,27
0x40a96b,99.6571%,5,1453,1458,1295,1,4,158
0x40ea11,86.1111%,5,31,36,31,1,4,0
0x402e2f,83.3333%,5,25,30,6,2,3,19
0x406335,93.8272%,5,76,81,72,0,5,4
0x405c4d,97.6852%,5,211,216,190,2,3,21
0x41abe6,99.7052%,5,1691,1696,847,1,4,844
0x405b65,89.5833%,5,43,48,41,1,4,2
0x40224b,55.5556%,4,5,9,0,2,2,5
0x40b570,99.9204%,4,5018,5022,4464,0,4,554
0x41344e,99.982%,4,22244,22248,14830,2,2,7414
0x41b449,94.4444%,4,68,72,48,0,4,20
0x40369c,93.9394%,4,62,66,62,0,4,0
0x40cbff,77.7778%,4,14,18,13,3,1,1
0x403545,97.5309%,4,158,162,144,0,4,14
0x40cada,55.5556%,4,5,9,5,1,3,0
0x40ba93,33.3333%,4,2,6,2,2,2,0
0x412bae,99.9958%,4,94457,94461,62713,4,0,31744
0x410961,99.982%,4,22253,22257,22253,4,0,0
0x405c52,83.3333%,4,20,24,19,1,3,1
0x40450c,0%,4,0,4,0,2,2,0
0x41267d,99.9879%,4,33101,33105,33101,3,1,0
0x4026a5,97.5309%,4,158,162,143,1,3,15
0x409840,99.2832%,4,554,558,494,2,2,60
0x409924,99.2832%,4,554,558,372,0,4,182
0x40de09,88.8889%,4,32,36,32,0,4,0
0x40e2ad,88.8889%,4,32,36,32,0,4,0
0x40e9f4,99.8628%,4,2912,2916,2589,3,1,323
0x4104b6,99.9613%,4,10334,10338,6492,2,2,3842
0x403e6c,77.7778%,4,14,18,14,2,2,0
0x4155e6,99.4513%,4,725,729,486,0,4,239
0x409c20,75%,4,12,16,0,1,3,12
0x40d62d,99.3827%,4,644,648,575,1,3,69
0x407ae8,88.8889%,4,32,36,31,1,3,1
0x405b5d,99.0741%,4,428,432,382,2,2,46
0x40e729,88.8889%,4,32,36,32,0,4,0
0x46fda7,94.7368%,4,72,76,2,2,2,70
0x40b394,99.2832%,4,554,558,496,0,4,58
0x40589d,99.7257%,4,1454,1458,1295,1,3,159
0x4079ad,98.5185%,4,266,270,240,0,4,26
0x41b3c3,94.4444%,4,68,72,63,1,3,5
0x40e146,88.8889%,4,32,36,32,0,4,0
0x406b35,99.2832%,4,554,558,371,1,3,183
0x401dd6,97.6608%,4,167,171,114,0,4,53
0x405a3e,95.0617%,4,77,81,72,0,4,5
0x404d3c,94.2857%,4,66,70,66,0,4,0
0x41260c,99.9879%,4,33101,33105,19024,4,0,14077
0x40e67f,66.6667%,4,8,12,8,0,4,0
0x411fc9,99.0588%,4,421,425,0,0,4,421
0x40df9f,88.8889%,4,32,36,31,1,3,1
0x412330,99.9907%,4,43181,43185,0,0,4,43181
0x40e061,99.8628%,4,2912,2916,2592,0,4,320
0x407ac2,97.7778%,4,176,180,159,1,3,17
0x410856,97.2973%,4,144,148,0,0,4,144
0x4019b9,95.0617%,4,77,81,71,1,3,6
0x408a57,87.0968%,4,27,31,27,2,2,0
0x4021cd,99.596%,4,986,990,879,1,3,107
0x46fe2a,0%,4,0,4,0,3,1,0
0x408b27,88.8889%,3,24,27,24,0,3,0
0x4022cc,66.6667%,3,6,9,5,2,1,1
0x403600,99.7685%,3,1293,1296,1152,0,3,141
0x408bb9,25%,3,1,4,1,1,2,0
0x40acc3,99.4624%,3,555,558,496,0,3,59
0x401f4f,99.8971%,3,2913,2916,2592,0,3,321
0x404045,98.1481%,3,159,162,144,0,3,15
0x40b226,0%,3,0,3,0,2,1,0
0x41552b,98.7654%,3,240,243,0,0,3,240
0x401aef,66.6667%,3,6,9,6,2,1,0
0x40f745,0%,3,0,3,0,2,1,0
0x412ed1,99.998%,3,150957,150960,150957,3,0,0
0x40763c,96.2963%,3,78,81,72,0,3,6
0x4064d8,0%,3,0,3,0,2,1,0
0x407ac7,85%,3,17,20,15,1,2,2
0x41ac53,99.9607%,3,7629,7632,4193,1,2,3436
0x412cde,99.9931%,3,43170,43173,28779,3,0,14391
0x403273,66.6667%,3,6,9,6,1,2,0
0x402d90,83.3333%,3,15,18,12,0,3,3
0x41ac10,99.8231%,3,1693,1696,846,2,1,847
0x4112a5,99.9965%,3,86916,86919,86916,3,0,0
0x417931,66.6667%,3,6,9,6,2,1,0
0x407a6d,98.3333%,3,177,180,160,0,3,17
0x403015,66.6667%,3,6,9,6,0,3,0
0x41adab,99.9558%,3,6781,6784,6781,3,0,0
0x40aada,99.4624%,3,555,558,495,1,2,60
0x40d37d,88.4615%,3,23,26,21,0,3,2
0x409df7,91.6667%,3,33,36,31,1,2,2
0x40227d,95.2381%,3,60,63,56,0,3,4
0x409938,98.3871%,3,183,186,122,2,1,61
0x40af3a,99.4624%,3,555,558,494,2,1,61
0x40afcd,95.1613%,3,59,62,59,1,2,0
0x402e78,82.3529%,3,14,17,14,0,3,0
0x4089ff,98.9247%,3,276,279,248,0,3,28
0x402595,83.3333%,3,15,18,15,1,2,0
0x403290,0%,3,0,3,0,2,1,0
0x4134b7,99.971%,3,10329,10332,6491,0,3,3838
0x4064b6,98.4127%,3,186,189,168,0,3,18
0x413151,99.9951%,3,61785,61788,61785,3,0,0
0x40775d,99.3056%,3,429,432,384,0,3,45
0x412a20,99.9927%,3,41280,41283,0,0,3,41280
0x40d561,95.8333%,3,69,72,64,0,3,5
0x4109dd,99.9933%,3,44511,44514,22255,2,1,22256
0x4021d2,97.2727%,3,107,110,107,1,2,0
0x406b8b,99.4624%,3,555,558,496,0,3,59
0x40bf9f,99.7778%,3,1347,1350,1198,2,1,149
0x406d49,40%,3,2,5,0,2,1,2
0x406d2d,89.6552%,3,26,29,26,1,2,0
0x40e8a8,99.5885%,3,726,729,648,0,3,78
0x4125f2,99.9927%,3,41292,41295,27529,1,2,13763
0x40c9a2,95.1613%,3,59,62,59,1,2,0
0x411f12,99.9966%,3,87747,87750,87747,3,0,0
0x417892,66.6667%,3,6,9,6,0,3,0
0x41a64a,83.3333%,3,15,18,15,1,2,0
0x4048c9,83.3333%,3,15,18,15,1,2,0
0x413d30,66.6667%,3,6,9,6,2,1,0
0x46fec2,85%,3,17,20,16,0,3,1
0x40c5ef,99.7778%,3,1347,1350,1199,1,2,148
0x413c8f,50%,3,3,6,2,2,1,1
0x4027b2,97.2727%,3,107,110,107,1,2,0
0x40a983,83.3333%,3,15,18,15,1,2,0
0x40f2eb,81.25%,3,13,16,13,0,3,0
0x40bcf4,98.5294%,3,201,204,141,1,2,60
0x40f72e,66.6667%,3,6,9,6,0,3,0
0x4179e3,66.6667%,3,6,9,6,0,3,0
0x402ae5,83.3333%,3,15,18,15,1,2,0
0x402ca5,97.5806%,3,121,124,121,1,2,0
0x40eb5e,96.2963%,3,78,81,71,1,2,7
0x405c98,72.7273%,3,8,11,1,3,0,7
0x407455,83.3333%,3,15,18,15,1,2,0
0x40b198,0%,2,0,2,0,1,1,0
0x4086ee,97.5309%,2,79,81,72,0,2,7
0x40b15b,66.6667%,2,4,6,4,0,2,0
0x40b186,66.6667%,2,4,6,4,0,2,0
0x40eb6a,77.7778%,2,7,9,7,1,1,0
0x4064c2,90.4762%,2,19,21,18,1,1,1
0x410aeb,98.6207%,2,143,145,0,0,2,143
0x4055be,88.8889%,2,16,18,16,0,2,0
0x40b8ec,0%,2,0,2,0,0,2,0
0x412b69,99.7406%,2,769,771,0,0,2,769
0x4155fc,99.177%,2,241,243,161,1,1,80
0x4015c1,97.5309%,2,79,81,71,1,1,8
0x40b95b,66.6667%,2,4,6,3,1,1,1
0x40ca1a,88.8889%,2,16,18,16,0,2,0
0x40199e,97.5309%,2,79,81,0,0,2,79
0x41b59e,75%,2,6,8,0,0,2,6
0x4030b3,77.7778%,2,7,9,6,0,2,1
0x40cf0a,95.5556%,2,43,45,40,0,2,3
0x408b7c,92.5926%,2,25,27,24,0,2,1
0x40bab6,66.6667%,2,4,6,4,0,2,0
0x401b23,97.5309%,2,79,81,72,0,2,7
0x40b81e,96.7742%,2,60,62,0,0,2,60
0x405429,0%,2,0,2,0,0,2,0
0x4155bf,99.177%,2,241,243,0,0,2,241
0x40b7f2,99.6416%,2,556,558,496,0,2,60
0x413566,99.9826%,2,11521,11523,0,0,2,11521
0x40b0a6,33.3333%,2,1,3,1,1,1,0
0x4125b0,99.9952%,2,41293,41295,0,0,2,41293
0x409cdb,99.6032%,2,502,504,447,1,1,55
0x40ca95,88.8889%,2,16,18,16,0,2,0
0x40b034,0%,2,0,2,0,1,1,0
0x413caa,0%,2,0,2,0,1,1,0
0x414055,77.7778%,2,7,9,7,1,1,0
0x414135,33.3333%,2,1,3,1,1,1,0
0x406b46,98.9247%,2,184,186,124,0,2,60
0x40743d,99.8628%,2,1456,1458,1296,0,2,160
0x40334d,88.8889%,2,16,18,16,0,2,0
0x4126d1,77.7778%,2,7,9,7,1,1,0
0x40561d,88.8889%,2,16,18,16,0,2,0
0x40da4a,0%,2,0,2,0,2,0,0
0x40340f,88.8889%,2,16,18,16,0,2,0
0x41b5a8,75%,2,6,8,0,0,2,6
0x45a235,99.7653%,2,850,852,0,0,2,850
0x40633a,77.7778%,2,7,9,0,0,2,7
0x4140b8,33.3333%,2,1,3,1,1,1,0
0x4116e9,99.9982%,2,109500,109502,109500,2,0,0
0x45c9d3,99.7653%,2,850,852,0,0,2,850
0x402c9d,99.8208%,2,1114,1116,992,0,2,122
0x41a4c0,0%,2,0,2,0,2,0,0
0x410dc1,99.9966%,2,58093,58095,58093,2,0,0
0x458d63,99.7653%,2,850,852,0,0,2,850
0x40dfee,99.3827%,2,322,324,0,0,2,322
0x40f2a3,97.9167%,2,94,96,64,0,2,30
0x40c8fb,99.8519%,2,1348,1350,1200,0,2,148
0x40d920,50%,2,2,4,2,0,2,0
0x40d8db,98.6928%,2,151,153,136,0,2,15
0x41789f,33.3333%,2,1,3,1,1,1,0
0x41359e,99.9826%,2,11521,11523,7680,2,0,3841
0x45c9ca,99.7653%,2,850,852,0,0,2,850
0x40b986,66.6667%,2,4,6,4,0,2,0
0x46fed8,50%,2,2,4,2,1,1,0
0x4157b6,99.7257%,2,727,729,486,0,2,241
0x413a10,0%,2,0,2,0,0,2,0
0x408b5a,77.7778%,2,7,9,1,2,0,6
0x414025,77.7778%,2,7,9,7,1,1,0
0x45c3d5,99.7653%,2,850,852,0,0,2,850
0x4045cf,0%,2,0,2,0,0,2,0
0x40d308,0%,2,0,2,0,2,0,0
0x4033ed,99.8628%,2,1456,1458,1296,0,2,160
0x412176,99.7416%,2,772,774,0,0,2,772
0x415d96,88.8889%,2,16,18,12,0,2,4
0x412372,99.9954%,2,43183,43185,28788,2,0,14395
0x40ea92,66.6667%,2,4,6,1,2,0,3
0x40d1cf,94.4444%,2,34,36,31,1,1,3
0x40e7ee,50%,2,2,4,1,2,0,1
0x401f94,50%,2,2,4,2,0,2,0
0x41b25d,87.5%,2,14,16,6,2,0,8
0x40eb12,97.5309%,2,79,81,72,0,2,7
0x405360,50%,2,2,4,1,1,1,1
0x415da7,66.6667%,2,4,6,4,0,2,0
0x40285c,85.7143%,2,12,14,12,0,2,0
0x402e9d,92.5926%,2,25,27,24,0,2,1
0x410504,99.9827%,2,11530,11532,11530,2,0,0
0x40ea3f,50%,2,2,4,0,1,1,2
0x408b14,50%,2,2,4,0,1,1,2
0x4131ac,99.9968%,2,61786,61788,0,0,2,61786
0x41a512,0%,2,0,2,0,0,2,0
0x40ca24,96.6667%,2,58,60,58,0,2,0
0x409960,99.6416%,2,556,558,496,0,2,60
0x4058b5,88.8889%,2,16,18,16,0,2,0
0x40eb1b,77.7778%,2,7,9,7,1,1,0
0x4031d6,77.7778%,2,7,9,6,0,2,1
0x40d914,94.4444%,2,34,36,32,0,2,2
0x46fdac,97.3333%,2,73,75,73,2,0,0
0x40f2f5,33.3333%,2,1,3,1,1,1,0
0x45a275,99.8826%,1,851,852,0,0,1,851
0x41795b,0%,1,0,1,0,0,1,0
0x401dbd,98.2456%,1,56,57,0,0,1,56
0x40e9e3,99.6914%,1,323,324,0,0,1,323
0x4064e7,0%,1,0,1,0,1,0,0
0x40bae1,88.8889%,1,8,9,8,0,1,0
0x401e2c,88.8889%,1,8,9,8,0,1,0
0x40cb1f,66.6667%,1,2,3,2,0,1,0
0x40e936,88.8889%,1,8,9,8,0,1,0
0x46fe6e,75%,1,3,4,0,0,1,3
0x40eaeb,88.8889%,1,8,9,8,0,1,0
0x40d414,87.5%,1,7,8,7,0,1,0
0x45c3ac,99.8826%,1,851,852,851,1,0,0
0x40e9d8,97.2222%,1,35,36,0,0,1,35
0x402f3f,88.8889%,1,8,9,8,0,1,0
0x40e44b,99.6914%,1,323,324,0,0,1,323
0x45c9e3,99.8826%,1,851,852,0,0,1,851
0x414202,50%,1,1,2,1,0,1,0
0x41aafc,99.8821%,1,847,848,0,0,1,847
0x40d1db,75%,1,3,4,2,0,1,1
0x4177e0,88.8889%,1,8,9,8,0,1,0
0x4141b4,66.6667%,1,2,3,2,0,1,0
0x406932,88.8889%,1,8,9,8,0,1,0
0x4015d6,88.8889%,1,8,9,8,0,1,0
0x417904,88.8889%,1,8,9,8,0,1,0
0x4084e1,88.8889%,1,8,9,8,0,1,0
0x40db5c,87.5%,1,7,8,7,0,1,0
0x413770,50%,1,1,2,0,0,1,1
0x40ca7f,92.3077%,1,12,13,12,1,0,0
0x405672,0%,1,0,1,0,1,0,0
0x40621c,88.8889%,1,8,9,8,0,1,0
0x4019c5,88.8889%,1,8,9,8,0,1,0
0x40571c,88.8889%,1,8,9,8,0,1,0
0x402d9c,83.3333%,1,5,6,4,0,1,1
0x409d75,92.3077%,1,12,13,12,1,0,0
0x414270,88.8889%,1,8,9,8,0,1,0
0x409d0d,95.2381%,1,20,21,0,1,0,20
0x415de5,83.3333%,1,5,6,1,1,0,4
0x414ffe,88.8889%,1,8,9,8,0,1,0
0x414e6e,88.8889%,1,8,9,8,0,1,0
0x40d19e,99.1453%,1,116,117,104,0,1,12
0x4179f0,66.6667%,1,2,3,2,0,1,0
0x411966,99.5%,1,199,200,0,0,1,199
0x40f124,88.8889%,1,8,9,8,0,1,0
0x4045e0,50%,1,1,2,1,1,0,0
0x45a20a,99.8826%,1,851,852,0,0,1,851
0x401b2c,88.8889%,1,8,9,8,0,1,0
0x414d9b,50%,1,1,2,1,0,1,0
0x4058c6,50%,1,1,2,1,0,1,0
0x45a86d,99.8826%,1,851,852,851,1,0,0
0x45c3a3,99.8826%,1,851,852,0,0,1,851
0x41b26f,87.5%,1,7,8,7,1,0,0
0x40f315,0%,1,0,1,0,1,0,0
0x41b22e,87.5%,1,7,8,7,1,0,0
0x407460,50%,1,1,2,1,0,1,0
0x40f446,0%,1,0,1,0,0,1,0
0x45c3bb,99.8826%,1,851,852,0,0,1,851
0x415166,88.8889%,1,8,9,8,0,1,0
0x458dba,99.8826%,1,851,852,0,0,1,851
0x409d32,95.6522%,1,22,23,0,1,0,22
0x413ff5,88.8889%,1,8,9,8,0,1,0
0x417a8b,0%,1,0,1,0,1,0,0
0x417734,88.8889%,1,8,9,8,0,1,0
0x406d21,99.6169%,1,260,261,231,1,0,29
0x4073aa,88.8889%,1,8,9,8,0,1,0
0x46fe4f,75%,1,3,4,3,0,1,0
0x411ac0,99.9993%,1,150968,150969,0,0,1,150968
0x413619,50%,1,1,2,0,1,0,1
0x40e88d,88.8889%,1,8,9,0,0,1,8
0x408874,99.7685%,1,431,432,384,0,1,47
0x408a52,99.6416%,1,278,279,247,1,0,31
0x408a76,66.6667%,1,2,3,2,0,1,0
0x408a81,0%,1,0,1,0,1,0,0
0x4105c3,99.9971%,1,35053,35054,35053,1,0,0
0x4177a3,88.8889%,1,8,9,8,0,1,0
0x4052c1,75%,1,3,4,0,0,1,3
0x40cc13,50%,1,1,2,1,0,1,0
0x40f1da,88.8889%,1,8,9,8,0,1,0
0x46fde4,98.6667%,1,74,75,3,0,1,71
0x40af66,98.3871%,1,61,62,0,0,1,61
0x40acef,98.3871%,1,61,62,0,0,1,61
0x41b4df,95.8333%,1,23,24,7,1,0,16
0x40e8c0,88.8889%,1,8,9,8,0,1,0
0x40f692,88.8889%,1,8,9,8,0,1,0
0x40d66e,97.7778%,1,44,45,40,0,1,4
0x40de9b,99.5968%,1,247,248,0,0,1,247
0x4056cd,88.8889%,1,8,9,8,0,1,0
0x40b1fb,66.6667%,1,2,3,2,0,1,0
0x40a992,50%,1,1,2,0,1,0,1
0x46fdd3,98.6667%,1,74,75,0,0,1,74
0x41621d,88.8889%,1,8,9,8,0,1,0
0x411d56,99.7664%,1,427,428,0,0,1,427
0x4020fd,99.3827%,1,161,162,144,0,1,17
0x40f766,0%,1,0,1,0,1,0,0
0x41056d,99.9913%,1,11531,11532,0,0,1,11531
0x405638,50%,1,1,2,1,0,1,0
0x40791d,99.6296%,1,269,270,240,0,1,29
0x4031f5,66.6667%,1,2,3,2,0,1,0
0x415107,88.8889%,1,8,9,8,0,1,0
0x458dc9,99.8826%,1,851,852,851,1,0,0
0x41b116,87.5%,1,7,8,7,1,0,0
0x4057c6,83.3333%,1,5,6,3,1,0,2
0x4056ff,88.8889%,1,8,9,8,0,1,0
0x40c2a3,99.9259%,1,1349,1350,1200,0,1,149
0x414625,94.4444%,1,17,18,16,0,1,1
0x40aa14,98.7654%,1,80,81,0,0,1,80
0x40c22e,99.3333%,1,149,150,0,0,1,149
0x415670,98.7654%,1,80,81,0,0,1,80
0x458de7,99.8826%,1,851,852,0,0,1,851
0x40aade,98.3871%,1,61,62,0,0,1,61
0x40b995,50%,1,1,2,1,1,0,0
0x40b24f,88.8889%,1,8,9,8,0,1,0
0x40573c,88.8889%,1,8,9,8,0,1,0
0x40a8ad,88.8889%,1,8,9,8,0,1,0
0x4030bf,66.6667%,1,2,3,2,0,1,0
0x402ea9,66.6667%,1,2,3,2,0,1,0
0x46fe98,95%,1,19,20,0,0,1,19
0x4158e4,98.7654%,1,80,81,79,0,1,1
0x41ac79,99.9539%,1,2167,2168,2167,1,0,0
0x4063f0,97.9167%,1,47,48,0,0,1,47
0x403111,88.8889%,1,8,9,8,0,1,0
0x402754,99.0909%,1,109,110,0,0,1,109
0x410629,99.9971%,1,35044,35045,5574,1,0,29470
0x409582,88.8889%,1,8,9,8,0,1,0
0x408410,97.9167%,1,47,48,0,0,1,47
0x40c2cf,99.3333%,1,149,150,0,0,1,149
0x40b0d9,66.6667%,1,2,3,2,0,1,0
0x40302b,66.6667%,1,2,3,2,0,1,0
0x407aab,98.2143%,1,55,56,0,0,1,55
0x402f0f,91.6667%,1,11,12,11,0,1,0
0x40da23,50%,1,1,2,0,0,1,1
0x40b045,0%,1,0,1,0,0,1,0
0x402ece,88.8889%,1,8,9,8,0,1,0
0x40bfcb,99.3333%,1,149,150,0,0,1,149
0x405b1e,97.9167%,1,47,48,0,0,1,47
0x40f6c6,0%,1,0,1,0,1,0,0
0x408b40,75%,1,3,4,3,0,1,0
0x40afde,50%,1,1,2,0,0,1,1
0x40541f,100%,0,2,2,0,0,0,2
0x40ce88,100%,0,72,72,0,0,0,72
0x41b0e0,100%,0,8,8,0,0,0,8
0x40588e,100%,0,162,162,0,0,0,162
0x41b0d7,100%,0,8,8,0,0,0,8
0x402c5c,100%,0,124,124,0,0,0,124
0x41b124,100%,0,8,8,8,0,0,0
0x40e1e5,100%,0,324,324,324,0,0,0
0x41b16f,100%,0,8,8,0,0,0,8
0x41b181,100%,0,8,8,8,0,0,0
0x417a0c,100%,0,1,1,0,0,0,1
0x40e17e,100%,0,324,324,0,0,0,324
0x406abd,100%,0,62,62,0,0,0,62
0x406b57,100%,0,62,62,0,0,0,62
0x401f1b,100%,0,36,36,0,0,0,36
0x406b4e,100%,0,62,62,0,0,0,62
0x41b4b7,100%,0,8,8,8,0,0,0
0x40dd9d,100%,0,4,4,0,0,0,4
0x40e898,100%,0,81,81,0,0,0,81
0x402f6e,100%,0,1,1,0,0,0,1
0x40ddfd,100%,0,324,324,288,0,0,36
0x402da1,100%,0,2,2,0,0,0,2
0x403376,100%,0,2,2,0,0,0,2
0x4033bb,100%,0,18,18,0,0,0,18
0x40dde9,100%,0,36,36,0,0,0,36
0x41b46f,100%,0,24,24,0,0,0,24
0x41b4e4,100%,0,64,64,64,0,0,0
0x40b896,100%,0,2,2,0,0,0,2
0x403266,100%,0,3,3,0,0,0,3
0x403423,100%,0,2,2,0,0,0,2
0x40311e,100%,0,1,1,0,0,0,1
0x41b2b6,100%,0,8,8,8,0,0,0
0x40351d,100%,0,18,18,0,0,0,18
0x40df02,100%,0,248,248,248,0,0,0
0x41b1d8,100%,0,8,8,0,0,0,8
0x4035c3,100%,0,144,144,0,0,0,144
0x41b348,100%,0,8,8,0,0,0,8
0x408b4b,100%,0,1,1,0,0,0,1
0x40e73a,100%,0,4,4,0,0,0,4
0x40cb72,100%,0,2,2,0,0,0,2
0x40cbc8,100%,0,18,18,0,0,0,18
0x402688,100%,0,18,18,0,0,0,18
0x46fdbc,100%,0,75,75,75,0,0,0
0x40e91b,100%,0,9,9,0,0,0,9
0x46fdfa,100%,0,75,75,75,0,0,0
0x4040ae,100%,0,144,144,0,0,0,144
0x402289,100%,0,7,7,7,0,0,0
0x40401c,100%,0,18,18,0,0,0,18
0x417a22,100%,0,1,1,0,0,0,1
0x40641f,100%,0,432,432,384,0,0,48
0x402d0d,100%,0,2,2,0,0,0,2
0x458e3e,100%,0,852,852,852,0,0,0
0x40e984,100%,0,4,4,0,0,0,4
0x4038a6,100%,0,4,4,0,0,0,4
0x409d70,100%,0,117,117,104,0,0,13
0x408b81,100%,0,3,3,3,0,0,0
0x40631e,100%,0,9,9,0,0,0,9
0x405ca7,100%,0,7,7,7,0,0,0
0x402819,100%,0,11,11,11,0,0,0
0x40e705,100%,0,36,36,0,0,0,36
0x4020bb,100%,0,18,18,0,0,0,18
0x41b250,100%,0,16,16,0,0,0,16
0x40c623,100%,0,150,150,0,0,0,150
0x40e460,100%,0,324,324,0,0,0,324
0x40b0eb,100%,0,2,2,0,0,0,2
0x40e568,100%,0,324,324,324,0,0,0
0x41768b,100%,0,1,1,1,0,0,0
0x4031b9,100%,0,3,3,0,0,0,3
0x41b281,100%,0,8,8,8,0,0,0
0x40e8d2,100%,0,1,1,0,0,0,1
0x40742e,100%,0,162,162,0,0,0,162
0x41b015,100%,0,8,8,0,0,0,8
0x41afda,100%,0,8,8,8,0,0,0
0x41afa6,100%,0,8,8,0,0,0,8
0x41af9a,100%,0,8,8,0,0,0,8
0x40ea8d,100%,0,3,3,0,0,0,3
0x401eb4,100%,0,4,4,0,0,0,4
0x402eb9,100%,0,9,9,0,0,0,9
0x40a8f6,100%,0,2,2,0,0,0,2
0x405879,100%,0,18,18,0,0,0,18
0x404aa0,100%,0,18,18,0,0,0,18
0x415cbb,100%,0,6,6,0,0,0,6
0x40496a,100%,0,18,18,0,0,0,18
0x414a06,100%,0,2,2,0,0,0,2
0x40a95c,100%,0,162,162,0,0,0,162
0x40e6b0,100%,0,4,4,4,0,0,0
0x41b01e,100%,0,8,8,8,0,0,0
0x40198b,100%,0,9,9,0,0,0,9
0x45c9ec,100%,0,852,852,852,0,0,0
0x413629,100%,0,1,1,0,0,0,1
0x4154b6,100%,0,81,81,0,0,0,81
0x417872,100%,0,3,3,0,0,0,3
0x458da8,100%,0,852,852,0,0,0,852
0x45c37b,100%,0,852,852,852,0,0,0
0x45c38c,100%,0,852,852,0,0,0,852
0x40eacf,100%,0,81,81,0,0,0,81
0x45a255,100%,0,852,852,0,0,0,852
0x40b0c8,100%,0,3,3,3,0,0,0
0x45a30d,100%,0,852,852,0,0,0,852
0x40e81e,100%,0,1,1,0,0,0,1
0x45a267,100%,0,852,852,852,0,0,0
0x40c927,100%,0,150,150,0,0,0,150
0x45c3c7,100%,0,852,852,0,0,0,852
0x412821,100%,0,1,1,0,0,0,1
0x458d6d,100%,0,852,852,0,0,0,852
0x458e0f,100%,0,852,852,852,0,0,0
0x413f9b,100%,0,1,1,1,0,0,0
0x409ced,100%,0,56,56,0,0,0,56
0x417634,100%,0,1,1,0,0,0,1
0x406d65,100%,0,3,3,3,0,0,0
0x407606,100%,0,9,9,0,0,0,9
0x408452,100%,0,48,48,48,0,0,0
0x407922,100%,0,30,30,0,0,0,30
0x407973,100%,0,49,49,49,0,0,0
0x4079c7,100%,0,7,7,0,0,0,7
0x407a7e,100%,0,20,20,0,0,0,20
0x40baa5,100%,0,6,6,6,0,0,0
0x413cc5,100%,0,1,1,0,0,0,1
0x41b3d7,100%,0,8,8,8,0,0,0
0x4117ab,100%,0,194,194,0,0,0,194
0x410406,100%,0,139,139,0,0,0,139
0x417792,100%,0,9,9,0,0,0,9
0x40f593,100%,0,3,3,3,0,0,0
0x45c3d0,100%,0,852,852,0,0,0,852
0x4111e1,100%,0,61797,61797,61797,0,0,0
0x40f39a,100%,0,31,31,31,0,0,0
0x407413,100%,0,18,18,0,0,0,18
0x411bdb,100%,0,197,197,0,0,0,197
0x40d5df,100%,0,72,72,0,0,0,72
0x41136b,100%,0,161,161,0,0,0,161
0x410f4b,100%,0,138,138,0,0,0,138
0x41774a,100%,0,1,1,1,0,0,0
0x407a92,100%,0,45,45,0,0,0,45
0x40eb54,100%,0,9,9,0,0,0,9
0x458d75,100%,0,852,852,0,0,0,852
0x40f258,100%,0,7,7,0,0,0,7
0x411526,100%,0,197,197,0,0,0,197
0x40e066,100%,0,324,324,324,0,0,0
0x410cb6,100%,0,141,141,0,0,0,141
0x458e2f,100%,0,852,852,852,0,0,0
0x404f46,100%,0,4,4,0,0,0,4
0x413640,100%,0,2,2,0,0,0,2
0x45c353,100%,0,852,852,0,0,0,852
0x413795,100%,0,2,2,0,0,0,2
0x401d72,100%,0,19,19,0,0,0,19
0x40f578,100%,0,3,3,3,0,0,0
0x40eb0d,100%,0,9,9,0,0,0,9
0x40c33a,100%,0,62,62,0,0,0,62
0x40c57a,100%,0,150,150,0,0,0,150
0x40ca20,100%,0,60,60,0,0,0,60
0x40c9a6,100%,0,2,2,0,0,0,2
0x40cdff,100%,0,8,8,0,0,0,8
0x415435,100%,0,81,81,0,0,0,81
0x40ce17,100%,0,8,8,0,0,0,8
0x40d127,100%,0,26,26,0,0,0,26
0x40d2da,100%,0,2,2,0,0,0,2
0x40d566,100%,0,8,8,0,0,0,8
0x40d761,100%,0,5,5,0,0,0,5
0x40d866,100%,0,29,29,0,0,0,29
0x40eac7,100%,0,9,9,0,0,0,9
0x40eb00,100%,0,1,1,0,0,0,1
0x40bf2a,100%,0,150,150,0,0,0,150
0x40eb20,100%,0,1,1,0,0,0,1
0x40eb72,100%,0,1,1,1,0,0,0
0x415016,100%,0,1,1,1,0,0,0
0x4152f8,100%,0,81,81,0,0,0,81
0x415548,100%,0,243,243,0,0,0,243
0x415707,100%,0,243,243,0,0,0,243
0x41578e,100%,0,243,243,0,0,0,243
0x415d63,100%,0,6,6,0,0,0,6
0x4157d5,100%,0,81,81,0,0,0,81
0x415dd8,100%,0,6,6,0,0,0,6
0x415813,100%,0,35,35,0,0,0,35
0x415b4a,100%,0,2,2,2,0,0,0
0x415c10,100%,0,2,2,0,0,0,2
0x41aaec,100%,0,848,848,0,0,0,848
0x4086b8,100%,0,9,9,0,0,0,9
0x4086f3,100%,0,9,9,0,0,0,9
0x4087f8,100%,0,48,48,0,0,0,48
0x40883c,100%,0,48,48,0,0,0,48
0x408a04,100%,0,31,31,31,0,0,0
0x415bf8,100%,0,2,2,2,0,0,0
0x408b65,100%,0,6,6,0,0,0,6
0x40c9ff,100%,0,5,5,5,0,0,0
0x4097f3,100%,0,62,62,0,0,0,62
0x409845,100%,0,62,62,0,0,0,62
0x4098af,100%,0,62,62,0,0,0,62
0x40994d,100%,0,62,62,0,0,0,62
0x409b92,100%,0,1080,1080,960,0,0,120
0x409ba4,100%,0,120,120,0,0,0,120
0x40f6a1,100%,0,1,1,0,0,0,1
0x41ab24,100%,0,848,848,848,0,0,0
0x41ab81,100%,0,848,848,0,0,0,848
0x41abd9,100%,0,848,848,0,0,0,848
0x40ae85,100%,0,62,62,0,0,0,62
0x40b0fc,100%,0,2,2,0,0,0,2
0x40b398,100%,0,62,62,0,0,0,62
0x40b522,100%,0,62,62,0,0,0,62
0x40b5a7,100%,0,62,62,0,0,0,62
0x40ca04,100%,0,13,13,13,0,0,0
0x40b975,100%,0,6,6,6,0,0,0
0x40ba30,100%,0,2,2,0,0,0,2
0x40bc57,100%,0,81,81,0,0,0,81
0x40bd0d,100%,0,186,186,0,0,0,186
0x406b23,100%,0,186,186,0,0,0,186
0x417882,100%,0,9,9,0,0,0,9
0x417806,100%,0,1,1,0,0,0,1
0x405513,100%,0,2,2,2,0,0,0
0x40eaa1,100%,0,3,3,3,0,0,0
0x458d59,100%,0,852,852,0,0,0,852
0x4156eb,100%,0,243,243,0,0,0,243
0x40ca7a,100%,0,5,5,5,0,0,0
0x40b1a9,100%,0,1,1,0,0,0,1
0x40a94c,100%,0,18,18,0,0,0,18
0x40534a,100%,0,4,4,0,0,0,4
0x40f6b1,100%,0,1,1,0,0,0,1
0x41a667,100%,0,2,2,2,0,0,0
0x40b175,100%,0,6,6,6,0,0,0
0x458d97,100%,0,852,852,0,0,0,852
0x41b2ab,100%,0,8,8,0,0,0,8
0x40bcc9,100%,0,223,223,0,0,0,223
0x41b00c,100%,0,8,8,0,0,0,8
0x4110f6,100%,0,164,164,0,0,0,164
0x40c35d,100%,0,186,186,0,0,0,186
0x40ba41,100%,0,2,2,0,0,0,2
0x40b8fd,100%,0,2,2,0,0,0,2
0x4177d3,100%,0,9,9,0,0,0,9
0x40279d,100%,0,990,990,880,0,0,110
0x4129d1,100%,0,41283,41283,41283,0,0,0
0x40c889,100%,0,150,150,0,0,0,150
0x40563c,100%,0,1,1,0,0,0,1
0x41a53e,100%,0,2,2,0,0,0,2
0x40b215,100%,0,3,3,3,0,0,0
0x4159e0,100%,0,2,2,0,0,0,2
0x40af91,100%,0,62,62,0,0,0,62
0x414c85,100%,0,2,2,0,0,0,2
0x410689,100%,0,136,136,0,0,0,136
0x401d08,100%,0,19,19,0,0,0,19
0x404385,100%,0,4,4,0,0,0,4
0x401cbf,100%,0,19,19,0,0,0,19
0x40193f,100%,0,1,1,0,0,0,1
0x4149e1,100%,0,2,2,0,0,0,2
0x40ac6a,100%,0,62,62,0,0,0,62
0x4148bc,100%,0,2,2,0,0,0,2
0x41a615,100%,0,18,18,0,0,0,18
0x401f30,100%,0,324,324,0,0,0,324
0x41a5b1,100%,0,2,2,0,0,0,2
0x40f6bb,100%,0,1,1,0,0,0,1
0x4146ca,100%,0,18,18,12,0,0,6
0x41a5a2,100%,0,2,2,2,0,0,0
0x41a594,100%,0,2,2,0,0,0,2
0x41a530,100%,0,2,2,0,0,0,2
0x40aa69,100%,0,62,62,0,0,0,62
0x41a522,100%,0,2,2,0,0,0,2
0x41a4bb,100%,0,2,2,0,0,0,2
0x41a475,100%,0,2,2,0,0,0,2
0x4141ca,100%,0,1,1,1,0,0,0
0x41470a,100%,0,6,6,0,0,0,6
0x413fa9,100%,0,1,1,0,0,0,1
0x4179d3,100%,0,9,9,0,0,0,9
0x417924,100%,0,9,9,0,0,0,9
0x40d546,100%,0,8,8,0,0,0,8
0x412561,100%,0,41295,41295,41295,0,0,0
0x413b86,100%,0,6,6,0,0,0,6
0x4128ef,100%,0,648,648,0,0,0,648
0x415cdf,100%,0,6,6,0,0,0,6
0x40cbd8,100%,0,162,162,0,0,0,162
0x458e39,100%,0,852,852,0,0,0,852
0x41ab0a,100%,0,848,848,0,0,0,848
0x413511,100%,0,11523,11523,11523,0,0,0
0x46fe67,100%,0,4,4,0,0,0,4
0x41b506,100%,0,8,8,8,0,0,0
0x41b15e,100%,0,8,8,0,0,0,8
0x4026aa,100%,0,18,18,0,0,0,18
0x412c51,100%,0,43173,43173,43173,0,0,0
0x4179c4,100%,0,3,3,0,0,0,3
0x416240,100%,0,1,1,0,0,0,1
0x414726,100%,0,6,6,0,0,0,6
0x40219c,100%,0,110,110,0,0,0,110
0x408a96,100%,0,2,2,0,0,0,2
0x41a558,100%,0,2,2,0,0,0,2
0x409912,100%,0,186,186,0,0,0,186
0x40eab8,100%,0,1,1,0,0,0,1
0x41ac15,100%,0,848,848,0,0,0,848
0x4033d1,100%,0,162,162,0,0,0,162
0x40b73d,100%,0,62,62,0,0,0,62
0x40f432,100%,0,6,6,5,0,0,1
0x408b38,100%,0,3,3,0,0,0,3
0x4073bd,100%,0,2,2,0,0,0,2
0x402102,100%,0,18,18,0,0,0,18
0x40b2cf,100%,0,81,81,0,0,0,81
0x41b178,100%,0,8,8,0,0,0,8
0x405a46,100%,0,9,9,0,0,0,9
0x41358d,100%,0,23046,23046,11523,0,0,11523
0x407aed,100%,0,4,4,0,0,0,4
0x40ea44,100%,0,3,3,0,0,0,3
0x40b324,100%,0,62,62,0,0,0,62
0x41b596,100%,0,8,8,0,0,0,8
0x40354a,100%,0,18,18,0,0,0,18
0x413011,100%,0,109638,109638,109638,0,0,0
0x458d85,100%,0,852,852,0,0,0,852
0x412712,100%,0,1,1,0,0,0,1
0x40404a,100%,0,18,18,0,0,0,18
0x405a0a,100%,0,9,9,0,0,0,9
0x45c367,100%,0,852,852,0,0,0,852
0x412466,100%,0,651,651,0,0,0,651
0x40f2ff,100%,0,1,1,0,0,0,1
0x40d001,100%,0,5,5,0,0,0,5
0x405823,100%,0,2,2,0,0,0,2
0x407641,100%,0,9,9,0,0,0,9
0x415db0,100%,0,2,2,2,0,0,0
0x403a3a,100%,0,4,4,4,0,0,0
0x40f309,100%,0,1,1,0,0,0,1
0x41afe7,100%,0,8,8,8,0,0,0
0x401b16,100%,0,9,9,0,0,0,9
0x401b08,100%,0,1,1,0,0,0,1
0x4178f3,100%,0,9,9,0,0,0,9
0x40497f,100%,0,18,18,0,0,0,18
0x40b849,100%,0,62,62,0,0,0,62
